date,totalCapital,unrializedPnL,rializedPnL,stocksOwned,stocksPriceToday,stocksPriceBoughtAt,putOwned,putOwnedSoldAt,putPriceToday,putOwnedContract,putOwnedStrike,callOwned,callOwnedSoldAt,callPriceToday,callOwnedContract,callOwnedStrike,trackType
2018-11-01,0.0,-6.0,0.0,0,273.51,0.0,1,2.28,2.34,SPY181203P00263000,263.0,0,0.0,0.0,,0.0,normalDay
2018-11-02,0.0,-25.0,0.0,0,271.89,0.0,1,2.28,2.53,SPY181203P00263000,263.0,0,0.0,0.0,,0.0,normalDay
2018-11-05,0.0,23.0,0.0,0,273.39,0.0,1,2.28,2.05,SPY181203P00263000,263.0,0,0.0,0.0,,0.0,normalDay
2018-11-06,0.0,53.0,0.0,0,275.12,0.0,1,2.28,1.75,SPY181203P00263000,263.0,0,0.0,0.0,,0.0,normalDay
2018-11-07,0.0,161.0,0.0,0,281.01,0.0,1,2.28,0.67,SPY181203P00263000,263.0,0,0.0,0.0,,0.0,normalDay
2018-11-08,0.0,158.0,0.0,0,280.5,0.0,1,2.28,0.7,SPY181203P00263000,263.0,0,0.0,0.0,,0.0,normalDay
2018-11-09,0.0,133.0,0.0,0,277.76,0.0,1,2.28,0.95,SPY181203P00263000,263.0,0,0.0,0.0,,0.0,normalDay
2018-11-12,0.0,43.0,0.0,0,272.57,0.0,1,2.28,1.85,SPY181203P00263000,263.0,0,0.0,0.0,,0.0,normalDay
2018-11-13,0.0,44.0,0.0,0,272.06,0.0,1,2.28,1.84,SPY181203P00263000,263.0,0,0.0,0.0,,0.0,normalDay
2018-11-14,0.0,-11.0,0.0,0,270.2,0.0,1,2.28,2.39,SPY181203P00263000,263.0,0,0.0,0.0,,0.0,normalDay
2018-11-15,0.0,84.0,0.0,0,273.02,0.0,1,2.28,1.44,SPY181203P00263000,263.0,0,0.0,0.0,,0.0,normalDay
2018-11-16,0.0,129.0,0.0,0,273.73,0.0,1,2.28,0.99,SPY181203P00263000,263.0,0,0.0,0.0,,0.0,normalDay
2018-11-19,0.0,49.0,0.0,0,269.1,0.0,1,2.28,1.79,SPY181203P00263000,263.0,0,0.0,0.0,,0.0,normalDay
2018-11-20,0.0,-136.0,0.0,0,264.12,0.0,1,2.28,3.64,SPY181203P00263000,263.0,0,0.0,0.0,,0.0,normalDay
2018-11-21,0.0,-32.0,0.0,0,265.02,0.0,1,2.28,2.6,SPY181203P00263000,263.0,0,0.0,0.0,,0.0,normalDay
2018-11-23,0.0,-102.0,0.0,0,263.25,0.0,1,2.28,3.3,SPY181203P00263000,263.0,0,0.0,0.0,,0.0,normalDay
2018-11-26,0.0,123.0,0.0,0,267.5,0.0,1,2.28,1.05,SPY181203P00263000,263.0,0,0.0,0.0,,0.0,normalDay
2018-11-27,0.0,135.0,0.0,0,268.4,0.0,1,2.28,0.93,SPY181203P00263000,263.0,0,0.0,0.0,,0.0,normalDay
2018-11-28,0.0,204.0,0.0,0,274.58,0.0,1,2.28,0.24,SPY181203P00263000,263.0,0,0.0,0.0,,0.0,normalDay
2018-11-29,0.0,204.0,0.0,0,273.98,0.0,1,2.28,0.24,SPY181203P00263000,263.0,0,0.0,0.0,,0.0,normalDay
2018-11-30,0.0,216.0,0.0,0,275.65,0.0,1,2.28,0.12,SPY181203P00263000,263.0,0,0.0,0.0,,0.0,normalDay
2018-12-03,228.0,0.0,228.0,0,279.3,0.0,1,2.28,0.0,SPY181203P00263000,263.0,0,0.0,0.0,,0.0,expirationDay
2018-12-04,228.0,-10.0,0.0,0,270.25,0.0,1,3.67,3.77,SPY190104P00264000,264.0,0,0.0,0.0,,0.0,normalDay
2018-12-06,228.0,-15.0,0.0,0,269.84,0.0,1,3.67,3.82,SPY190104P00264000,264.0,0,0.0,0.0,,0.0,normalDay
2018-12-07,228.0,-303.0,0.0,0,263.57,0.0,1,3.67,6.7,SPY190104P00264000,264.0,0,0.0,0.0,,0.0,normalDay
2018-12-10,228.0,-204.0,0.0,0,264.07,0.0,1,3.67,5.71,SPY190104P00264000,264.0,0,0.0,0.0,,0.0,normalDay
2018-12-11,228.0,-180.0,0.0,0,264.13,0.0,1,3.67,5.47,SPY190104P00264000,264.0,0,0.0,0.0,,0.0,normalDay
2018-12-12,228.0,-122.0,0.0,0,265.46,0.0,1,3.67,4.89,SPY190104P00264000,264.0,0,0.0,0.0,,0.0,normalDay
2018-12-13,228.0,-87.0,0.0,0,265.37,0.0,1,3.67,4.54,SPY190104P00264000,264.0,0,0.0,0.0,,0.0,normalDay
2018-12-14,228.0,-341.0,0.0,0,260.47,0.0,1,3.67,7.08,SPY190104P00264000,264.0,0,0.0,0.0,,0.0,normalDay
2018-12-17,228.0,-728.0,0.0,0,255.36,0.0,1,3.67,10.95,SPY190104P00264000,264.0,0,0.0,0.0,,0.0,normalDay
2018-12-18,228.0,-815.0,0.0,0,255.08,0.0,1,3.67,11.82,SPY190104P00264000,264.0,0,0.0,0.0,,0.0,normalDay
2018-12-19,228.0,-1078.0,0.0,0,251.26,0.0,1,3.67,14.45,SPY190104P00264000,264.0,0,0.0,0.0,,0.0,normalDay
2018-12-20,228.0,-1408.0,0.0,0,247.17,0.0,1,3.67,17.75,SPY190104P00264000,264.0,0,0.0,0.0,,0.0,normalDay
2018-12-21,228.0,-2038.0,0.0,0,240.7,0.0,1,3.67,24.05,SPY190104P00264000,264.0,0,0.0,0.0,,0.0,normalDay
2018-12-24,228.0,-2823.0,0.0,0,234.34,0.0,1,3.67,31.9,SPY190104P00264000,264.0,0,0.0,0.0,,0.0,normalDay
2018-12-26,228.0,-1420.0,0.0,0,246.18,0.0,1,3.67,17.87,SPY190104P00264000,264.0,0,0.0,0.0,,0.0,normalDay
2018-12-27,228.0,-1202.0,0.0,0,248.07,0.0,1,3.67,15.69,SPY190104P00264000,264.0,0,0.0,0.0,,0.0,normalDay
2018-12-28,228.0,-1276.0,0.0,0,247.75,0.0,1,3.67,16.43,SPY190104P00264000,264.0,0,0.0,0.0,,0.0,normalDay
2018-12-31,228.0,-1074.0,0.0,0,249.92,0.0,1,3.67,14.41,SPY190104P00264000,264.0,0,0.0,0.0,,0.0,normalDay
2019-01-02,228.0,-1023.0,0.0,0,250.18,0.0,1,3.67,13.9,SPY190104P00264000,264.0,0,0.0,0.0,,0.0,normalDay
2019-01-03,228.0,-1641.0,0.0,0,244.21,0.0,1,3.67,20.08,SPY190104P00264000,264.0,0,0.0,0.0,,0.0,normalDay
2019-01-04,595.0,-1161.0,367.0,100,252.39,264.0,1,3.67,0.0,SPY190104P00264000,264.0,0,0.0,0.0,,0.0,expirationDay
2019-01-07,595.0,-972.0,0.0,100,254.38,264.0,0,0.0,0.0,,0.0,1,5.92,6.02,SPY190628C00271000,271.0,normalDay
2019-01-08,595.0,-802.0,0.0,100,256.77,264.0,0,0.0,0.0,,0.0,1,5.92,6.71,SPY190628C00271000,271.0,normalDay
2019-01-09,595.0,-704.0,0.0,100,257.97,264.0,0,0.0,0.0,,0.0,1,5.92,6.93,SPY190628C00271000,271.0,normalDay
2019-01-10,595.0,-644.0,0.0,100,258.88,264.0,0,0.0,0.0,,0.0,1,5.92,7.24,SPY190628C00271000,271.0,normalDay
2019-01-11,595.0,-589.0,0.0,100,258.98,264.0,0,0.0,0.0,,0.0,1,5.92,6.79,SPY190628C00271000,271.0,normalDay
2019-01-14,595.0,-658.0,0.0,100,257.4,264.0,0,0.0,0.0,,0.0,1,5.92,5.9,SPY190628C00271000,271.0,normalDay
2019-01-15,595.0,-433.0,0.0,100,260.35,264.0,0,0.0,0.0,,0.0,1,5.92,6.6,SPY190628C00271000,271.0,normalDay
2019-01-16,595.0,-393.0,0.0,100,260.98,264.0,0,0.0,0.0,,0.0,1,5.92,6.83,SPY190628C00271000,271.0,normalDay
2019-01-17,595.0,-292.0,0.0,100,262.96,264.0,0,0.0,0.0,,0.0,1,5.92,7.8,SPY190628C00271000,271.0,normalDay
2019-01-18,595.0,-104.0,0.0,100,266.46,264.0,0,0.0,0.0,,0.0,1,5.92,9.42,SPY190628C00271000,271.0,normalDay
2019-01-22,595.0,-336.0,0.0,100,262.86,264.0,0,0.0,0.0,,0.0,1,5.92,8.14,SPY190628C00271000,271.0,normalDay
2019-01-23,595.0,-276.0,0.0,100,263.41,264.0,0,0.0,0.0,,0.0,1,5.92,8.09,SPY190628C00271000,271.0,normalDay
2019-01-24,595.0,-210.0,0.0,100,263.55,264.0,0,0.0,0.0,,0.0,1,5.92,7.57,SPY190628C00271000,271.0,normalDay
2019-01-25,595.0,-120.0,0.0,100,265.78,264.0,0,0.0,0.0,,0.0,1,5.92,8.9,SPY190628C00271000,271.0,normalDay
2019-01-28,595.0,-223.0,0.0,100,263.76,264.0,0,0.0,0.0,,0.0,1,5.92,7.91,SPY190628C00271000,271.0,normalDay
2019-01-29,595.0,-231.0,0.0,100,263.41,264.0,0,0.0,0.0,,0.0,1,5.92,7.64,SPY190628C00271000,271.0,normalDay
2019-01-30,595.0,-0.0,0.0,100,267.58,264.0,0,0.0,0.0,,0.0,1,5.92,9.5,SPY190628C00271000,271.0,normalDay
2019-01-31,595.0,107.0,0.0,100,269.93,264.0,0,0.0,0.0,,0.0,1,5.92,10.78,SPY190628C00271000,271.0,normalDay
2019-02-01,595.0,149.0,0.0,100,270.06,264.0,0,0.0,0.0,,0.0,1,5.92,10.49,SPY190628C00271000,271.0,normalDay
2019-02-04,595.0,261.0,0.0,100,271.96,264.0,0,0.0,0.0,,0.0,1,5.92,11.27,SPY190628C00271000,271.0,normalDay
2019-02-05,595.0,326.0,0.0,100,273.1,264.0,0,0.0,0.0,,0.0,1,5.92,11.76,SPY190628C00271000,271.0,normalDay
2019-02-06,595.0,314.0,0.0,100,272.74,264.0,0,0.0,0.0,,0.0,1,5.92,11.52,SPY190628C00271000,271.0,normalDay
2019-02-07,595.0,190.0,0.0,100,270.14,264.0,0,0.0,0.0,,0.0,1,5.92,10.16,SPY190628C00271000,271.0,normalDay
2019-02-08,595.0,226.0,0.0,100,270.47,264.0,0,0.0,0.0,,0.0,1,5.92,10.13,SPY190628C00271000,271.0,normalDay
2019-02-11,595.0,243.0,0.0,100,270.62,264.0,0,0.0,0.0,,0.0,1,5.92,10.11,SPY190628C00271000,271.0,normalDay
2019-02-12,595.0,377.0,0.0,100,274.1,264.0,0,0.0,0.0,,0.0,1,5.92,12.25,SPY190628C00271000,271.0,normalDay
2019-02-13,595.0,421.0,0.0,100,274.99,264.0,0,0.0,0.0,,0.0,1,5.92,12.7,SPY190628C00271000,271.0,normalDay
2019-02-14,595.0,392.0,0.0,100,274.38,264.0,0,0.0,0.0,,0.0,1,5.92,12.38,SPY190628C00271000,271.0,normalDay
2019-02-15,595.0,507.0,0.0,100,277.37,264.0,0,0.0,0.0,,0.0,1,5.92,14.22,SPY190628C00271000,271.0,normalDay
2019-02-19,595.0,569.0,0.0,100,277.85,264.0,0,0.0,0.0,,0.0,1,5.92,14.08,SPY190628C00271000,271.0,normalDay
2019-02-20,595.0,595.0,0.0,100,278.41,264.0,0,0.0,0.0,,0.0,1,5.92,14.38,SPY190628C00271000,271.0,normalDay
2019-02-21,595.0,563.0,0.0,100,277.42,264.0,0,0.0,0.0,,0.0,1,5.92,13.71,SPY190628C00271000,271.0,normalDay
2019-02-22,595.0,643.0,0.0,100,279.14,264.0,0,0.0,0.0,,0.0,1,5.92,14.63,SPY190628C00271000,271.0,normalDay
2019-02-25,595.0,636.0,0.0,100,279.52,264.0,0,0.0,0.0,,0.0,1,5.92,15.08,SPY190628C00271000,271.0,normalDay
2019-02-26,595.0,637.0,0.0,100,279.32,264.0,0,0.0,0.0,,0.0,1,5.92,14.87,SPY190628C00271000,271.0,normalDay
2019-02-27,595.0,630.0,0.0,100,279.2,264.0,0,0.0,0.0,,0.0,1,5.92,14.82,SPY190628C00271000,271.0,normalDay
2019-02-28,595.0,631.0,0.0,100,278.68,264.0,0,0.0,0.0,,0.0,1,5.92,14.29,SPY190628C00271000,271.0,normalDay
2019-03-01,595.0,700.0,0.0,100,280.42,264.0,0,0.0,0.0,,0.0,1,5.92,15.34,SPY190628C00271000,271.0,normalDay
2019-03-04,595.0,679.0,0.0,100,279.4,264.0,0,0.0,0.0,,0.0,1,5.92,14.53,SPY190628C00271000,271.0,normalDay
2019-03-05,595.0,667.0,0.0,100,279.02,264.0,0,0.0,0.0,,0.0,1,5.92,14.27,SPY190628C00271000,271.0,normalDay
2019-03-06,595.0,602.0,0.0,100,277.33,264.0,0,0.0,0.0,,0.0,1,5.92,13.23,SPY190628C00271000,271.0,normalDay
2019-03-07,595.0,500.0,0.0,100,275.01,264.0,0,0.0,0.0,,0.0,1,5.92,11.93,SPY190628C00271000,271.0,normalDay
2019-03-08,595.0,485.0,0.0,100,274.46,264.0,0,0.0,0.0,,0.0,1,5.92,11.53,SPY190628C00271000,271.0,normalDay
2019-03-11,595.0,685.0,0.0,100,278.44,264.0,0,0.0,0.0,,0.0,1,5.92,13.51,SPY190628C00271000,271.0,normalDay
2019-03-12,595.0,746.0,0.0,100,279.49,264.0,0,0.0,0.0,,0.0,1,5.92,13.95,SPY190628C00271000,271.0,normalDay
2019-03-13,595.0,783.0,0.0,100,281.34,264.0,0,0.0,0.0,,0.0,1,5.92,15.43,SPY190628C00271000,271.0,normalDay
2019-03-14,595.0,809.0,0.0,100,281.16,264.0,0,0.0,0.0,,0.0,1,5.92,14.99,SPY190628C00271000,271.0,normalDay
2019-03-15,595.0,727.0,0.0,100,281.31,264.0,0,0.0,0.0,,0.0,1,5.92,15.96,SPY190628C00271000,271.0,normalDay
2019-03-18,595.0,731.0,0.0,100,282.33,264.0,0,0.0,0.0,,0.0,1,5.92,16.94,SPY190628C00271000,271.0,normalDay
2019-03-19,595.0,755.0,0.0,100,282.4,264.0,0,0.0,0.0,,0.0,1,5.92,16.77,SPY190628C00271000,271.0,normalDay
2019-03-20,595.0,732.0,0.0,100,281.55,264.0,0,0.0,0.0,,0.0,1,5.92,16.15,SPY190628C00271000,271.0,normalDay
2019-03-21,595.0,797.0,0.0,100,284.73,264.0,0,0.0,0.0,,0.0,1,5.92,18.68,SPY190628C00271000,271.0,normalDay
2019-03-22,595.0,553.0,0.0,100,279.25,264.0,0,0.0,0.0,,0.0,1,5.92,15.64,SPY190628C00271000,271.0,normalDay
2019-03-25,595.0,597.0,0.0,100,279.04,264.0,0,0.0,0.0,,0.0,1,5.92,14.99,SPY190628C00271000,271.0,normalDay
2019-03-26,595.0,707.0,0.0,100,281.12,264.0,0,0.0,0.0,,0.0,1,5.92,15.97,SPY190628C00271000,271.0,normalDay
2019-03-27,595.0,646.0,0.0,100,279.65,264.0,0,0.0,0.0,,0.0,1,5.92,15.11,SPY190628C00271000,271.0,normalDay
2019-03-28,595.0,696.0,0.0,100,280.71,264.0,0,0.0,0.0,,0.0,1,5.92,15.67,SPY190628C00271000,271.0,normalDay
2019-03-29,595.0,747.0,0.0,100,282.48,264.0,0,0.0,0.0,,0.0,1,5.92,16.93,SPY190628C00271000,271.0,normalDay
2019-04-01,595.0,862.0,0.0,100,285.83,264.0,0,0.0,0.0,,0.0,1,5.92,19.13,SPY190628C00271000,271.0,normalDay
2019-04-02,595.0,881.0,0.0,100,285.97,264.0,0,0.0,0.0,,0.0,1,5.92,19.08,SPY190628C00271000,271.0,normalDay
2019-04-03,595.0,850.0,0.0,100,286.42,264.0,0,0.0,0.0,,0.0,1,5.92,19.84,SPY190628C00271000,271.0,normalDay
2019-04-04,595.0,886.0,0.0,100,287.18,264.0,0,0.0,0.0,,0.0,1,5.92,20.24,SPY190628C00271000,271.0,normalDay
2019-04-05,595.0,921.0,0.0,100,288.57,264.0,0,0.0,0.0,,0.0,1,5.92,21.28,SPY190628C00271000,271.0,normalDay
2019-04-08,595.0,931.0,0.0,100,288.79,264.0,0,0.0,0.0,,0.0,1,5.92,21.4,SPY190628C00271000,271.0,normalDay
2019-04-09,595.0,913.0,0.0,100,287.31,264.0,0,0.0,0.0,,0.0,1,5.92,20.1,SPY190628C00271000,271.0,normalDay
2019-04-10,595.0,923.0,0.0,100,288.29,264.0,0,0.0,0.0,,0.0,1,5.92,20.98,SPY190628C00271000,271.0,normalDay
2019-04-11,595.0,952.0,0.0,100,288.21,264.0,0,0.0,0.0,,0.0,1,5.92,20.61,SPY190628C00271000,271.0,normalDay
2019-04-12,595.0,985.0,0.0,100,290.16,264.0,0,0.0,0.0,,0.0,1,5.92,22.23,SPY190628C00271000,271.0,normalDay
2019-04-15,595.0,992.0,0.0,100,289.97,264.0,0,0.0,0.0,,0.0,1,5.92,21.97,SPY190628C00271000,271.0,normalDay
2019-04-16,595.0,1009.0,0.0,100,290.16,264.0,0,0.0,0.0,,0.0,1,5.92,21.99,SPY190628C00271000,271.0,normalDay
2019-04-17,595.0,1015.0,0.0,100,289.45,264.0,0,0.0,0.0,,0.0,1,5.92,21.22,SPY190628C00271000,271.0,normalDay
2019-04-18,595.0,1005.0,0.0,100,290.02,264.0,0,0.0,0.0,,0.0,1,5.92,21.89,SPY190628C00271000,271.0,normalDay
2019-04-22,595.0,1008.0,0.0,100,290.27,264.0,0,0.0,0.0,,0.0,1,5.92,22.11,SPY190628C00271000,271.0,normalDay
2019-04-23,595.0,1041.0,0.0,100,292.88,264.0,0,0.0,0.0,,0.0,1,5.92,24.39,SPY190628C00271000,271.0,normalDay
2019-04-24,595.0,1029.0,0.0,100,292.23,264.0,0,0.0,0.0,,0.0,1,5.92,23.86,SPY190628C00271000,271.0,normalDay
2019-04-25,595.0,1044.0,0.0,100,292.05,264.0,0,0.0,0.0,,0.0,1,5.92,23.53,SPY190628C00271000,271.0,normalDay
2019-04-26,595.0,1061.0,0.0,100,293.41,264.0,0,0.0,0.0,,0.0,1,5.92,24.72,SPY190628C00271000,271.0,normalDay
2019-04-29,595.0,1079.0,0.0,100,293.87,264.0,0,0.0,0.0,,0.0,1,5.92,25.0,SPY190628C00271000,271.0,normalDay
2019-04-30,595.0,1057.0,0.0,100,294.02,264.0,0,0.0,0.0,,0.0,1,5.92,25.37,SPY190628C00271000,271.0,normalDay
2019-05-01,595.0,1048.0,0.0,100,291.81,264.0,0,0.0,0.0,,0.0,1,5.92,23.25,SPY190628C00271000,271.0,normalDay
2019-05-02,595.0,1057.0,0.0,100,291.18,264.0,0,0.0,0.0,,0.0,1,5.92,22.53,SPY190628C00271000,271.0,normalDay
2019-05-03,595.0,1091.0,0.0,100,294.03,264.0,0,0.0,0.0,,0.0,1,5.92,25.04,SPY190628C00271000,271.0,normalDay
2019-05-06,595.0,1069.0,0.0,100,292.82,264.0,0,0.0,0.0,,0.0,1,5.92,24.05,SPY190628C00271000,271.0,normalDay
2019-05-07,595.0,904.0,0.0,100,287.93,264.0,0,0.0,0.0,,0.0,1,5.92,20.81,SPY190628C00271000,271.0,normalDay
2019-05-08,595.0,906.0,0.0,100,287.53,264.0,0,0.0,0.0,,0.0,1,5.92,20.39,SPY190628C00271000,271.0,normalDay
2019-05-09,595.0,919.0,0.0,100,286.66,264.0,0,0.0,0.0,,0.0,1,5.92,19.39,SPY190628C00271000,271.0,normalDay
2019-05-10,595.0,1039.0,0.0,100,288.1,264.0,0,0.0,0.0,,0.0,1,5.92,19.63,SPY190628C00271000,271.0,normalDay
2019-05-13,595.0,861.0,0.0,100,280.86,264.0,0,0.0,0.0,,0.0,1,5.92,14.17,SPY190628C00271000,271.0,normalDay
2019-05-14,595.0,951.0,0.0,100,283.4,264.0,0,0.0,0.0,,0.0,1,5.92,15.81,SPY190628C00271000,271.0,normalDay
2019-05-15,595.0,1002.0,0.0,100,285.06,264.0,0,0.0,0.0,,0.0,1,5.92,16.96,SPY190628C00271000,271.0,normalDay
2019-05-16,595.0,1081.0,0.0,100,287.7,264.0,0,0.0,0.0,,0.0,1,5.92,18.81,SPY190628C00271000,271.0,normalDay
2019-05-17,595.0,1038.0,0.0,100,285.84,264.0,0,0.0,0.0,,0.0,1,5.92,17.38,SPY190628C00271000,271.0,normalDay
2019-05-20,595.0,1021.0,0.0,100,283.95,264.0,0,0.0,0.0,,0.0,1,5.92,15.66,SPY190628C00271000,271.0,normalDay
2019-05-21,595.0,1100.0,0.0,100,286.51,264.0,0,0.0,0.0,,0.0,1,5.92,17.43,SPY190628C00271000,271.0,normalDay
2019-05-22,595.0,1098.0,0.0,100,285.63,264.0,0,0.0,0.0,,0.0,1,5.92,16.57,SPY190628C00271000,271.0,normalDay
2019-05-23,595.0,1045.0,0.0,100,282.14,264.0,0,0.0,0.0,,0.0,1,5.92,13.61,SPY190628C00271000,271.0,normalDay
2019-05-24,595.0,1054.0,0.0,100,282.78,264.0,0,0.0,0.0,,0.0,1,5.92,14.16,SPY190628C00271000,271.0,normalDay
2019-05-28,595.0,1003.0,0.0,100,280.15,264.0,0,0.0,0.0,,0.0,1,5.92,12.04,SPY190628C00271000,271.0,normalDay
2019-05-29,595.0,994.0,0.0,100,278.27,264.0,0,0.0,0.0,,0.0,1,5.92,10.25,SPY190628C00271000,271.0,normalDay
2019-05-30,595.0,1040.0,0.0,100,279.03,264.0,0,0.0,0.0,,0.0,1,5.92,10.55,SPY190628C00271000,271.0,normalDay
2019-05-31,595.0,927.0,0.0,100,275.27,264.0,0,0.0,0.0,,0.0,1,5.92,7.92,SPY190628C00271000,271.0,normalDay
2019-06-03,595.0,914.0,0.0,100,274.57,264.0,0,0.0,0.0,,0.0,1,5.92,7.35,SPY190628C00271000,271.0,normalDay
2019-06-04,595.0,1118.0,0.0,100,280.53,264.0,0,0.0,0.0,,0.0,1,5.92,11.27,SPY190628C00271000,271.0,normalDay
2019-06-05,595.0,1177.0,0.0,100,282.96,264.0,0,0.0,0.0,,0.0,1,5.92,13.11,SPY190628C00271000,271.0,normalDay
2019-06-06,595.0,1213.0,0.0,100,284.8,264.0,0,0.0,0.0,,0.0,1,5.92,14.59,SPY190628C00271000,271.0,normalDay
2019-06-07,595.0,1226.0,0.0,100,287.65,264.0,0,0.0,0.0,,0.0,1,5.92,17.31,SPY190628C00271000,271.0,normalDay
2019-06-10,595.0,1237.0,0.0,100,288.97,264.0,0,0.0,0.0,,0.0,1,5.92,18.52,SPY190628C00271000,271.0,normalDay
2019-06-11,595.0,1252.0,0.0,100,288.9,264.0,0,0.0,0.0,,0.0,1,5.92,18.3,SPY190628C00271000,271.0,normalDay
2019-06-12,595.0,1245.0,0.0,100,288.39,264.0,0,0.0,0.0,,0.0,1,5.92,17.86,SPY190628C00271000,271.0,normalDay
2019-06-13,595.0,1250.0,0.0,100,289.58,264.0,0,0.0,0.0,,0.0,1,5.92,19.0,SPY190628C00271000,271.0,normalDay
2019-06-14,595.0,1241.0,0.0,100,289.26,264.0,0,0.0,0.0,,0.0,1,5.92,18.77,SPY190628C00271000,271.0,normalDay
2019-06-17,595.0,1257.0,0.0,100,289.37,264.0,0,0.0,0.0,,0.0,1,5.92,18.72,SPY190628C00271000,271.0,normalDay
2019-06-18,595.0,1270.0,0.0,100,292.4,264.0,0,0.0,0.0,,0.0,1,5.92,21.62,SPY190628C00271000,271.0,normalDay
2019-06-19,595.0,1259.0,0.0,100,293.06,264.0,0,0.0,0.0,,0.0,1,5.92,22.39,SPY190628C00271000,271.0,normalDay
2019-06-20,595.0,1270.0,0.0,100,295.86,264.0,0,0.0,0.0,,0.0,1,5.92,25.08,SPY190628C00271000,271.0,normalDay
2019-06-21,595.0,1251.0,0.0,100,294.0,264.0,0,0.0,0.0,,0.0,1,5.92,23.41,SPY190628C00271000,271.0,normalDay
2019-06-24,595.0,1260.0,0.0,100,293.64,264.0,0,0.0,0.0,,0.0,1,5.92,22.96,SPY190628C00271000,271.0,normalDay
2019-06-25,595.0,1263.0,0.0,100,290.76,264.0,0,0.0,0.0,,0.0,1,5.92,20.05,SPY190628C00271000,271.0,normalDay
2019-06-26,595.0,1290.0,0.0,100,290.47,264.0,0,0.0,0.0,,0.0,1,5.92,19.49,SPY190628C00271000,271.0,normalDay
2019-06-27,595.0,1248.0,0.0,100,291.5,264.0,0,0.0,0.0,,0.0,1,5.92,20.94,SPY190628C00271000,271.0,normalDay
2019-06-28,1887.0,1248.0,1292.0,0,293.0,0.0,0,0.0,0.0,,0.0,1,5.92,0.0,SPY190628C00271000,271.0,expirationDay
2019-07-01,1887.0,-4.0,0.0,0,295.66,0.0,1,1.26,1.3,SPY190802P00283000,283.0,0,0.0,0.0,,0.0,normalDay
2019-07-02,1887.0,27.0,0.0,0,296.43,0.0,1,1.26,0.99,SPY190802P00283000,283.0,0,0.0,0.0,,0.0,normalDay
2019-07-03,1887.0,55.0,0.0,0,298.8,0.0,1,1.26,0.71,SPY190802P00283000,283.0,0,0.0,0.0,,0.0,normalDay
2019-07-05,1887.0,50.0,0.0,0,298.46,0.0,1,1.26,0.76,SPY190802P00283000,283.0,0,0.0,0.0,,0.0,normalDay
2019-07-08,1887.0,39.0,0.0,0,296.82,0.0,1,1.26,0.87,SPY190802P00283000,283.0,0,0.0,0.0,,0.0,normalDay
2019-07-09,1887.0,39.0,0.0,0,297.19,0.0,1,1.26,0.87,SPY190802P00283000,283.0,0,0.0,0.0,,0.0,normalDay
2019-07-10,1887.0,69.0,0.0,0,298.61,0.0,1,1.26,0.57,SPY190802P00283000,283.0,0,0.0,0.0,,0.0,normalDay
2019-07-11,1887.0,74.0,0.0,0,299.31,0.0,1,1.26,0.52,SPY190802P00283000,283.0,0,0.0,0.0,,0.0,normalDay
2019-07-12,1887.0,87.0,0.0,0,300.65,0.0,1,1.26,0.39,SPY190802P00283000,283.0,0,0.0,0.0,,0.0,normalDay
2019-07-15,1887.0,88.0,0.0,0,300.75,0.0,1,1.26,0.38,SPY190802P00283000,283.0,0,0.0,0.0,,0.0,normalDay
2019-07-16,1887.0,84.0,0.0,0,299.78,0.0,1,1.26,0.42,SPY190802P00283000,283.0,0,0.0,0.0,,0.0,normalDay
2019-07-17,1887.0,71.0,0.0,0,297.74,0.0,1,1.26,0.55,SPY190802P00283000,283.0,0,0.0,0.0,,0.0,normalDay
2019-07-18,1887.0,84.0,0.0,0,298.83,0.0,1,1.26,0.42,SPY190802P00283000,283.0,0,0.0,0.0,,0.0,normalDay
2019-07-19,1887.0,78.0,0.0,0,297.17,0.0,1,1.26,0.48,SPY190802P00283000,283.0,0,0.0,0.0,,0.0,normalDay
2019-07-22,1887.0,99.0,0.0,0,297.9,0.0,1,1.26,0.27,SPY190802P00283000,283.0,0,0.0,0.0,,0.0,normalDay
2019-07-23,1887.0,111.0,0.0,0,300.03,0.0,1,1.26,0.15,SPY190802P00283000,283.0,0,0.0,0.0,,0.0,normalDay
2019-07-24,1887.0,117.0,0.0,0,301.44,0.0,1,1.26,0.09,SPY190802P00283000,283.0,0,0.0,0.0,,0.0,normalDay
2019-07-25,1887.0,118.0,0.0,0,300.0,0.0,1,1.26,0.08,SPY190802P00283000,283.0,0,0.0,0.0,,0.0,normalDay
2019-07-26,1887.0,122.0,0.0,0,302.01,0.0,1,1.26,0.04,SPY190802P00283000,283.0,0,0.0,0.0,,0.0,normalDay
2019-07-29,1887.0,123.0,0.0,0,301.46,0.0,1,1.26,0.03,SPY190802P00283000,283.0,0,0.0,0.0,,0.0,normalDay
2019-07-30,1887.0,122.0,0.0,0,300.72,0.0,1,1.26,0.04,SPY190802P00283000,283.0,0,0.0,0.0,,0.0,normalDay
2019-07-31,1887.0,112.0,0.0,0,297.43,0.0,1,1.26,0.14,SPY190802P00283000,283.0,0,0.0,0.0,,0.0,normalDay
2019-08-01,1887.0,121.0,0.0,0,294.84,0.0,1,1.26,0.05,SPY190802P00283000,283.0,0,0.0,0.0,,0.0,normalDay
2019-08-02,2013.0,0.0,126.0,0,292.62,0.0,1,1.26,0.0,SPY190802P00283000,283.0,0,0.0,0.0,,0.0,expirationDay
2019-08-05,2013.0,-24.0,0.0,0,283.82,0.0,1,10.49,10.73,SPY190906P00291000,291.0,0,0.0,0.0,,0.0,normalDay
2019-08-06,2013.0,337.0,0.0,0,287.8,0.0,1,10.49,7.12,SPY190906P00291000,291.0,0,0.0,0.0,,0.0,normalDay
2019-08-07,2013.0,367.0,0.0,0,287.97,0.0,1,10.49,6.82,SPY190906P00291000,291.0,0,0.0,0.0,,0.0,normalDay
2019-08-08,2013.0,669.0,0.0,0,293.62,0.0,1,10.49,3.8,SPY190906P00291000,291.0,0,0.0,0.0,,0.0,normalDay
2019-08-09,2013.0,587.0,0.0,0,291.62,0.0,1,10.49,4.62,SPY190906P00291000,291.0,0,0.0,0.0,,0.0,normalDay
2019-08-12,2013.0,363.0,0.0,0,288.07,0.0,1,10.49,6.86,SPY190906P00291000,291.0,0,0.0,0.0,,0.0,normalDay
2019-08-13,2013.0,648.0,0.0,0,292.55,0.0,1,10.49,4.01,SPY190906P00291000,291.0,0,0.0,0.0,,0.0,normalDay
2019-08-14,2013.0,131.0,0.0,0,283.9,0.0,1,10.49,9.18,SPY190906P00291000,291.0,0,0.0,0.0,,0.0,normalDay
2019-08-15,2013.0,209.0,0.0,0,284.65,0.0,1,10.49,8.4,SPY190906P00291000,291.0,0,0.0,0.0,,0.0,normalDay
2019-08-16,2013.0,503.0,0.0,0,288.85,0.0,1,10.49,5.46,SPY190906P00291000,291.0,0,0.0,0.0,,0.0,normalDay
2019-08-19,2013.0,718.0,0.0,0,292.33,0.0,1,10.49,3.31,SPY190906P00291000,291.0,0,0.0,0.0,,0.0,normalDay
2019-08-20,2013.0,611.0,0.0,0,290.09,0.0,1,10.49,4.38,SPY190906P00291000,291.0,0,0.0,0.0,,0.0,normalDay
2019-08-21,2013.0,774.0,0.0,0,292.45,0.0,1,10.49,2.75,SPY190906P00291000,291.0,0,0.0,0.0,,0.0,normalDay
2019-08-22,2013.0,752.0,0.0,0,292.36,0.0,1,10.49,2.97,SPY190906P00291000,291.0,0,0.0,0.0,,0.0,normalDay
2019-08-23,2013.0,344.0,0.0,0,284.85,0.0,1,10.49,7.05,SPY190906P00291000,291.0,0,0.0,0.0,,0.0,normalDay
2019-08-26,2013.0,562.0,0.0,0,288.0,0.0,1,10.49,4.87,SPY190906P00291000,291.0,0,0.0,0.0,,0.0,normalDay
2019-08-27,2013.0,475.0,0.0,0,286.87,0.0,1,10.49,5.74,SPY190906P00291000,291.0,0,0.0,0.0,,0.0,normalDay
2019-08-28,2013.0,648.0,0.0,0,288.89,0.0,1,10.49,4.01,SPY190906P00291000,291.0,0,0.0,0.0,,0.0,normalDay
2019-08-29,2013.0,844.0,0.0,0,292.58,0.0,1,10.49,2.05,SPY190906P00291000,291.0,0,0.0,0.0,,0.0,normalDay
2019-08-30,2013.0,831.0,0.0,0,292.45,0.0,1,10.49,2.18,SPY190906P00291000,291.0,0,0.0,0.0,,0.0,normalDay
2019-09-03,2013.0,825.0,0.0,0,290.74,0.0,1,10.49,2.24,SPY190906P00291000,291.0,0,0.0,0.0,,0.0,normalDay
2019-09-04,2013.0,998.0,0.0,0,294.04,0.0,1,10.49,0.51,SPY190906P00291000,291.0,0,0.0,0.0,,0.0,normalDay
2019-09-05,2013.0,1043.0,0.0,0,297.82,0.0,1,10.49,0.06,SPY190906P00291000,291.0,0,0.0,0.0,,0.0,normalDay
2019-09-06,3062.0,0.0,1049.0,0,298.05,0.0,1,10.49,0.0,SPY190906P00291000,291.0,0,0.0,0.0,,0.0,expirationDay
2019-09-09,3062.0,-4.0,0.0,0,298.2,0.0,1,1.66,1.7,SPY191011P00284000,284.0,0,0.0,0.0,,0.0,normalDay
2019-09-10,3062.0,2.0,0.0,0,298.13,0.0,1,1.66,1.64,SPY191011P00284000,284.0,0,0.0,0.0,,0.0,normalDay
2019-09-11,3062.0,44.0,0.0,0,300.25,0.0,1,1.66,1.22,SPY191011P00284000,284.0,0,0.0,0.0,,0.0,normalDay
2019-09-12,3062.0,67.0,0.0,0,301.29,0.0,1,1.66,0.99,SPY191011P00284000,284.0,0,0.0,0.0,,0.0,normalDay
2019-09-13,3062.0,77.0,0.0,0,301.09,0.0,1,1.66,0.89,SPY191011P00284000,284.0,0,0.0,0.0,,0.0,normalDay
2019-09-16,3062.0,71.0,0.0,0,300.16,0.0,1,1.66,0.95,SPY191011P00284000,284.0,0,0.0,0.0,,0.0,normalDay
2019-09-17,3062.0,83.0,0.0,0,300.92,0.0,1,1.66,0.83,SPY191011P00284000,284.0,0,0.0,0.0,,0.0,normalDay
2019-09-18,3062.0,96.0,0.0,0,301.1,0.0,1,1.66,0.7,SPY191011P00284000,284.0,0,0.0,0.0,,0.0,normalDay
2019-09-19,3062.0,97.0,0.0,0,301.08,0.0,1,1.66,0.69,SPY191011P00284000,284.0,0,0.0,0.0,,0.0,normalDay
2019-09-20,3062.0,74.0,0.0,0,298.28,0.0,1,1.66,0.92,SPY191011P00284000,284.0,0,0.0,0.0,,0.0,normalDay
2019-09-23,3062.0,96.0,0.0,0,298.21,0.0,1,1.66,0.7,SPY191011P00284000,284.0,0,0.0,0.0,,0.0,normalDay
2019-09-24,3062.0,52.0,0.0,0,295.87,0.0,1,1.66,1.14,SPY191011P00284000,284.0,0,0.0,0.0,,0.0,normalDay
2019-09-25,3062.0,88.0,0.0,0,297.62,0.0,1,1.66,0.78,SPY191011P00284000,284.0,0,0.0,0.0,,0.0,normalDay
2019-09-26,3062.0,95.0,0.0,0,297.0,0.0,1,1.66,0.71,SPY191011P00284000,284.0,0,0.0,0.0,,0.0,normalDay
2019-09-27,3062.0,72.0,0.0,0,295.4,0.0,1,1.66,0.94,SPY191011P00284000,284.0,0,0.0,0.0,,0.0,normalDay
2019-09-30,3062.0,115.0,0.0,0,296.77,0.0,1,1.66,0.51,SPY191011P00284000,284.0,0,0.0,0.0,,0.0,normalDay
2019-10-01,3062.0,59.0,0.0,0,293.24,0.0,1,1.66,1.07,SPY191011P00284000,284.0,0,0.0,0.0,,0.0,normalDay
2019-10-02,3062.0,-79.0,0.0,0,288.06,0.0,1,1.66,2.45,SPY191011P00284000,284.0,0,0.0,0.0,,0.0,normalDay
2019-10-03,3062.0,31.0,0.0,0,290.42,0.0,1,1.66,1.35,SPY191011P00284000,284.0,0,0.0,0.0,,0.0,normalDay
2019-10-04,3062.0,127.0,0.0,0,294.35,0.0,1,1.66,0.39,SPY191011P00284000,284.0,0,0.0,0.0,,0.0,normalDay
2019-10-07,3062.0,134.0,0.0,0,293.08,0.0,1,1.66,0.32,SPY191011P00284000,284.0,0,0.0,0.0,,0.0,normalDay
2019-10-08,3062.0,73.0,0.0,0,288.53,0.0,1,1.66,0.93,SPY191011P00284000,284.0,0,0.0,0.0,,0.0,normalDay
2019-10-09,3062.0,141.0,0.0,0,291.27,0.0,1,1.66,0.25,SPY191011P00284000,284.0,0,0.0,0.0,,0.0,normalDay
2019-10-10,3062.0,160.0,0.0,0,293.24,0.0,1,1.66,0.06,SPY191011P00284000,284.0,0,0.0,0.0,,0.0,normalDay
2019-10-11,3228.0,0.0,166.0,0,296.28,0.0,1,1.66,0.0,SPY191011P00284000,284.0,0,0.0,0.0,,0.0,expirationDay
2019-10-14,3228.0,-3.0,0.0,0,295.95,0.0,1,2.55,2.58,SPY191115P00289000,289.0,0,0.0,0.0,,0.0,normalDay
2019-10-15,3228.0,90.0,0.0,0,298.88,0.0,1,2.55,1.65,SPY191115P00289000,289.0,0,0.0,0.0,,0.0,normalDay
2019-10-16,3228.0,89.0,0.0,0,298.4,0.0,1,2.55,1.66,SPY191115P00289000,289.0,0,0.0,0.0,,0.0,normalDay
2019-10-17,3228.0,103.0,0.0,0,299.28,0.0,1,2.55,1.52,SPY191115P00289000,289.0,0,0.0,0.0,,0.0,normalDay
2019-10-18,3228.0,86.0,0.0,0,297.97,0.0,1,2.55,1.69,SPY191115P00289000,289.0,0,0.0,0.0,,0.0,normalDay
2019-10-21,3228.0,140.0,0.0,0,299.99,0.0,1,2.55,1.15,SPY191115P00289000,289.0,0,0.0,0.0,,0.0,normalDay
2019-10-22,3228.0,125.0,0.0,0,299.01,0.0,1,2.55,1.3,SPY191115P00289000,289.0,0,0.0,0.0,,0.0,normalDay
2019-10-23,3228.0,152.0,0.0,0,299.88,0.0,1,2.55,1.03,SPY191115P00289000,289.0,0,0.0,0.0,,0.0,normalDay
2019-10-24,3228.0,167.0,0.0,0,300.37,0.0,1,2.55,0.88,SPY191115P00289000,289.0,0,0.0,0.0,,0.0,normalDay
2019-10-25,3228.0,195.0,0.0,0,301.6,0.0,1,2.55,0.6,SPY191115P00289000,289.0,0,0.0,0.0,,0.0,normalDay
2019-10-28,3228.0,211.0,0.0,0,303.3,0.0,1,2.55,0.44,SPY191115P00289000,289.0,0,0.0,0.0,,0.0,normalDay
2019-10-29,3228.0,213.0,0.0,0,303.21,0.0,1,2.55,0.42,SPY191115P00289000,289.0,0,0.0,0.0,,0.0,normalDay
2019-10-30,3228.0,227.0,0.0,0,304.14,0.0,1,2.55,0.28,SPY191115P00289000,289.0,0,0.0,0.0,,0.0,normalDay
2019-10-31,3228.0,217.0,0.0,0,303.33,0.0,1,2.55,0.38,SPY191115P00289000,289.0,0,0.0,0.0,,0.0,normalDay
2019-11-01,3228.0,239.0,0.0,0,306.14,0.0,1,2.55,0.16,SPY191115P00289000,289.0,0,0.0,0.0,,0.0,normalDay
2019-11-04,3228.0,242.0,0.0,0,307.37,0.0,1,2.55,0.13,SPY191115P00289000,289.0,0,0.0,0.0,,0.0,normalDay
2019-11-05,3228.0,244.0,0.0,0,307.03,0.0,1,2.55,0.11,SPY191115P00289000,289.0,0,0.0,0.0,,0.0,normalDay
2019-11-06,3228.0,249.0,0.0,0,307.1,0.0,1,2.55,0.06,SPY191115P00289000,289.0,0,0.0,0.0,,0.0,normalDay
2019-11-07,3228.0,251.0,0.0,0,308.18,0.0,1,2.55,0.04,SPY191115P00289000,289.0,0,0.0,0.0,,0.0,normalDay
2019-11-08,3228.0,252.0,0.0,0,308.94,0.0,1,2.55,0.03,SPY191115P00289000,289.0,0,0.0,0.0,,0.0,normalDay
2019-11-11,3228.0,253.0,0.0,0,308.35,0.0,1,2.55,0.02,SPY191115P00289000,289.0,0,0.0,0.0,,0.0,normalDay
2019-11-12,3228.0,253.0,0.0,0,309.0,0.0,1,2.55,0.02,SPY191115P00289000,289.0,0,0.0,0.0,,0.0,normalDay
2019-11-13,3228.0,253.0,0.0,0,309.1,0.0,1,2.55,0.02,SPY191115P00289000,289.0,0,0.0,0.0,,0.0,normalDay
2019-11-14,3228.0,254.0,0.0,0,309.55,0.0,1,2.55,0.01,SPY191115P00289000,289.0,0,0.0,0.0,,0.0,normalDay
2019-11-15,3483.0,0.0,255.0,0,311.79,0.0,1,2.55,0.0,SPY191115P00289000,289.0,0,0.0,0.0,,0.0,expirationDay
2019-11-18,3483.0,-3.0,0.0,0,312.02,0.0,1,1.35,1.38,SPY191220P00299000,299.0,0,0.0,0.0,,0.0,normalDay
2019-11-19,3483.0,-10.0,0.0,0,311.93,0.0,1,1.35,1.45,SPY191220P00299000,299.0,0,0.0,0.0,,0.0,normalDay
2019-11-20,3483.0,-23.0,0.0,0,310.77,0.0,1,1.35,1.58,SPY191220P00299000,299.0,0,0.0,0.0,,0.0,normalDay
2019-11-21,3483.0,-28.0,0.0,0,310.27,0.0,1,1.35,1.63,SPY191220P00299000,299.0,0,0.0,0.0,,0.0,normalDay
2019-11-22,3483.0,0.0,0.0,0,310.96,0.0,1,1.35,1.35,SPY191220P00299000,299.0,0,0.0,0.0,,0.0,normalDay
2019-11-25,3483.0,47.0,0.0,0,313.37,0.0,1,1.35,0.88,SPY191220P00299000,299.0,0,0.0,0.0,,0.0,normalDay
2019-11-26,3483.0,63.0,0.0,0,314.08,0.0,1,1.35,0.72,SPY191220P00299000,299.0,0,0.0,0.0,,0.0,normalDay
2019-11-27,3483.0,75.0,0.0,0,315.48,0.0,1,1.35,0.6,SPY191220P00299000,299.0,0,0.0,0.0,,0.0,normalDay
2019-11-29,3483.0,58.0,0.0,0,314.31,0.0,1,1.35,0.77,SPY191220P00299000,299.0,0,0.0,0.0,,0.0,normalDay
2019-12-02,3483.0,12.0,0.0,0,311.64,0.0,1,1.35,1.23,SPY191220P00299000,299.0,0,0.0,0.0,,0.0,normalDay
2019-12-03,3483.0,-32.0,0.0,0,309.55,0.0,1,1.35,1.67,SPY191220P00299000,299.0,0,0.0,0.0,,0.0,normalDay
2019-12-04,3483.0,18.0,0.0,0,311.46,0.0,1,1.35,1.17,SPY191220P00299000,299.0,0,0.0,0.0,,0.0,normalDay
2019-12-05,3483.0,45.0,0.0,0,312.02,0.0,1,1.35,0.9,SPY191220P00299000,299.0,0,0.0,0.0,,0.0,normalDay
2019-12-06,3483.0,84.0,0.0,0,314.87,0.0,1,1.35,0.51,SPY191220P00299000,299.0,0,0.0,0.0,,0.0,normalDay
2019-12-09,3483.0,64.0,0.0,0,313.88,0.0,1,1.35,0.71,SPY191220P00299000,299.0,0,0.0,0.0,,0.0,normalDay
2019-12-10,3483.0,78.0,0.0,0,313.53,0.0,1,1.35,0.57,SPY191220P00299000,299.0,0,0.0,0.0,,0.0,normalDay
2019-12-11,3483.0,94.0,0.0,0,314.42,0.0,1,1.35,0.41,SPY191220P00299000,299.0,0,0.0,0.0,,0.0,normalDay
2019-12-12,3483.0,110.0,0.0,0,317.13,0.0,1,1.35,0.25,SPY191220P00299000,299.0,0,0.0,0.0,,0.0,normalDay
2019-12-13,3483.0,117.0,0.0,0,317.32,0.0,1,1.35,0.18,SPY191220P00299000,299.0,0,0.0,0.0,,0.0,normalDay
2019-12-16,3483.0,126.0,0.0,0,319.5,0.0,1,1.35,0.09,SPY191220P00299000,299.0,0,0.0,0.0,,0.0,normalDay
2019-12-17,3483.0,130.0,0.0,0,319.57,0.0,1,1.35,0.05,SPY191220P00299000,299.0,0,0.0,0.0,,0.0,normalDay
2019-12-18,3483.0,132.0,0.0,0,319.59,0.0,1,1.35,0.03,SPY191220P00299000,299.0,0,0.0,0.0,,0.0,normalDay
2019-12-19,3483.0,133.0,0.0,0,320.9,0.0,1,1.35,0.02,SPY191220P00299000,299.0,0,0.0,0.0,,0.0,normalDay
2019-12-20,3618.0,0.0,135.0,0,320.73,0.0,1,1.35,0.0,SPY191220P00299000,299.0,0,0.0,0.0,,0.0,expirationDay
2019-12-23,3618.0,-4.0,0.0,0,321.22,0.0,1,1.3,1.34,SPY200124P00309500,309.5,0,0.0,0.0,,0.0,normalDay
2019-12-24,3618.0,0.0,0.0,0,321.23,0.0,1,1.3,1.3,SPY200124P00309500,309.5,0,0.0,0.0,,0.0,normalDay
2019-12-26,3618.0,25.0,0.0,0,322.94,0.0,1,1.3,1.05,SPY200124P00309500,309.5,0,0.0,0.0,,0.0,normalDay
2019-12-27,3618.0,13.0,0.0,0,322.86,0.0,1,1.3,1.17,SPY200124P00309500,309.5,0,0.0,0.0,,0.0,normalDay
2019-12-30,3618.0,-12.0,0.0,0,321.08,0.0,1,1.3,1.42,SPY200124P00309500,309.5,0,0.0,0.0,,0.0,normalDay
2019-12-31,3618.0,21.0,0.0,0,321.86,0.0,1,1.3,1.09,SPY200124P00309500,309.5,0,0.0,0.0,,0.0,normalDay
2020-01-02,3618.0,71.0,0.0,0,324.87,0.0,1,1.3,0.59,SPY200124P00309500,309.5,0,0.0,0.0,,0.0,normalDay
2020-01-03,3618.0,34.0,0.0,0,322.41,0.0,1,1.3,0.96,SPY200124P00309500,309.5,0,0.0,0.0,,0.0,normalDay
2020-01-06,3618.0,69.0,0.0,0,323.64,0.0,1,1.3,0.61,SPY200124P00309500,309.5,0,0.0,0.0,,0.0,normalDay
2020-01-07,3618.0,64.0,0.0,0,322.73,0.0,1,1.3,0.66,SPY200124P00309500,309.5,0,0.0,0.0,,0.0,normalDay
2020-01-08,3618.0,82.0,0.0,0,324.45,0.0,1,1.3,0.48,SPY200124P00309500,309.5,0,0.0,0.0,,0.0,normalDay
2020-01-09,3618.0,101.0,0.0,0,326.65,0.0,1,1.3,0.29,SPY200124P00309500,309.5,0,0.0,0.0,,0.0,normalDay
2020-01-10,3618.0,105.0,0.0,0,325.71,0.0,1,1.3,0.25,SPY200124P00309500,309.5,0,0.0,0.0,,0.0,normalDay
2020-01-13,3618.0,120.0,0.0,0,327.95,0.0,1,1.3,0.1,SPY200124P00309500,309.5,0,0.0,0.0,,0.0,normalDay
2020-01-14,3618.0,120.0,0.0,0,327.45,0.0,1,1.3,0.1,SPY200124P00309500,309.5,0,0.0,0.0,,0.0,normalDay
2020-01-15,3618.0,123.0,0.0,0,328.19,0.0,1,1.3,0.07,SPY200124P00309500,309.5,0,0.0,0.0,,0.0,normalDay
2020-01-16,3618.0,125.0,0.0,0,330.92,0.0,1,1.3,0.05,SPY200124P00309500,309.5,0,0.0,0.0,,0.0,normalDay
2020-01-17,3618.0,128.0,0.0,0,331.95,0.0,1,1.3,0.02,SPY200124P00309500,309.5,0,0.0,0.0,,0.0,normalDay
2020-01-21,3618.0,128.0,0.0,0,331.3,0.0,1,1.3,0.02,SPY200124P00309500,309.5,0,0.0,0.0,,0.0,normalDay
2020-01-22,3618.0,129.0,0.0,0,331.34,0.0,1,1.3,0.01,SPY200124P00309500,309.5,0,0.0,0.0,,0.0,normalDay
2020-01-23,3618.0,129.0,0.0,0,331.72,0.0,1,1.3,0.01,SPY200124P00309500,309.5,0,0.0,0.0,,0.0,normalDay
2020-01-24,3748.0,0.0,130.0,0,328.77,0.0,1,1.3,0.0,SPY200124P00309500,309.5,0,0.0,0.0,,0.0,expirationDay
2020-01-27,3748.0,-5.0,0.0,0,323.5,0.0,1,4.87,4.92,SPY200228P00320000,320.0,0,0.0,0.0,,0.0,normalDay
2020-01-28,3748.0,161.0,0.0,0,326.89,0.0,1,4.87,3.26,SPY200228P00320000,320.0,0,0.0,0.0,,0.0,normalDay
2020-01-29,3748.0,157.0,0.0,0,326.62,0.0,1,4.87,3.3,SPY200228P00320000,320.0,0,0.0,0.0,,0.0,normalDay
2020-01-30,3748.0,233.0,0.0,0,327.68,0.0,1,4.87,2.54,SPY200228P00320000,320.0,0,0.0,0.0,,0.0,normalDay
2020-01-31,3748.0,-10.0,0.0,0,321.73,0.0,1,4.87,4.97,SPY200228P00320000,320.0,0,0.0,0.0,,0.0,normalDay
2020-02-03,3748.0,91.0,0.0,0,324.12,0.0,1,4.87,3.96,SPY200228P00320000,320.0,0,0.0,0.0,,0.0,normalDay
2020-02-04,3748.0,288.0,0.0,0,329.06,0.0,1,4.87,1.99,SPY200228P00320000,320.0,0,0.0,0.0,,0.0,normalDay
2020-02-05,3748.0,370.0,0.0,0,332.86,0.0,1,4.87,1.17,SPY200228P00320000,320.0,0,0.0,0.0,,0.0,normalDay
2020-02-06,3748.0,383.0,0.0,0,333.98,0.0,1,4.87,1.04,SPY200228P00320000,320.0,0,0.0,0.0,,0.0,normalDay
2020-02-07,3748.0,362.0,0.0,0,332.2,0.0,1,4.87,1.25,SPY200228P00320000,320.0,0,0.0,0.0,,0.0,normalDay
2020-02-10,3748.0,410.0,0.0,0,334.68,0.0,1,4.87,0.77,SPY200228P00320000,320.0,0,0.0,0.0,,0.0,normalDay
2020-02-11,3748.0,417.0,0.0,0,335.26,0.0,1,4.87,0.7,SPY200228P00320000,320.0,0,0.0,0.0,,0.0,normalDay
2020-02-12,3748.0,447.0,0.0,0,337.42,0.0,1,4.87,0.4,SPY200228P00320000,320.0,0,0.0,0.0,,0.0,normalDay
2020-02-13,3748.0,446.0,0.0,0,337.06,0.0,1,4.87,0.41,SPY200228P00320000,320.0,0,0.0,0.0,,0.0,normalDay
2020-02-14,3748.0,458.0,0.0,0,337.6,0.0,1,4.87,0.29,SPY200228P00320000,320.0,0,0.0,0.0,,0.0,normalDay
2020-02-18,3748.0,463.0,0.0,0,336.73,0.0,1,4.87,0.24,SPY200228P00320000,320.0,0,0.0,0.0,,0.0,normalDay
2020-02-19,3748.0,473.0,0.0,0,338.34,0.0,1,4.87,0.14,SPY200228P00320000,320.0,0,0.0,0.0,,0.0,normalDay
2020-02-20,3748.0,472.0,0.0,0,336.95,0.0,1,4.87,0.15,SPY200228P00320000,320.0,0,0.0,0.0,,0.0,normalDay
2020-02-21,3748.0,465.0,0.0,0,333.48,0.0,1,4.87,0.22,SPY200228P00320000,320.0,0,0.0,0.0,,0.0,normalDay
2020-02-24,3748.0,139.0,0.0,0,322.42,0.0,1,4.87,3.48,SPY200228P00320000,320.0,0,0.0,0.0,,0.0,normalDay
2020-02-25,3748.0,-325.0,0.0,0,312.65,0.0,1,4.87,8.12,SPY200228P00320000,320.0,0,0.0,0.0,,0.0,normalDay
2020-02-26,3748.0,-451.0,0.0,0,311.5,0.0,1,4.87,9.38,SPY200228P00320000,320.0,0,0.0,0.0,,0.0,normalDay
2020-02-27,3748.0,-1794.0,0.0,0,297.51,0.0,1,4.87,22.81,SPY200228P00320000,320.0,0,0.0,0.0,,0.0,normalDay
2020-02-28,4235.0,-2374.0,487.0,100,296.26,320.0,1,4.87,0.0,SPY200228P00320000,320.0,0,0.0,0.0,,0.0,expirationDay
2020-03-02,4235.0,-1184.0,0.0,100,309.09,320.0,0,0.0,0.0,,0.0,1,0.88,1.81,SPY201016C00355000,355.0,normalDay
2020-03-03,4235.0,-2038.0,0.0,100,300.24,320.0,0,0.0,0.0,,0.0,1,0.88,1.5,SPY201016C00355000,355.0,normalDay
2020-03-04,4235.0,-826.0,0.0,100,312.86,320.0,0,0.0,0.0,,0.0,1,0.88,2.0,SPY201016C00355000,355.0,normalDay
2020-03-05,4235.0,-1822.0,0.0,100,302.46,320.0,0,0.0,0.0,,0.0,1,0.88,1.56,SPY201016C00355000,355.0,normalDay
2020-03-06,4235.0,-2348.0,0.0,100,297.46,320.0,0,0.0,0.0,,0.0,1,0.88,1.82,SPY201016C00355000,355.0,normalDay
2020-03-09,4235.0,-4612.0,0.0,100,274.23,320.0,0,0.0,0.0,,0.0,1,0.88,1.23,SPY201016C00355000,355.0,normalDay
2020-03-10,4235.0,-3224.0,0.0,100,288.42,320.0,0,0.0,0.0,,0.0,1,0.88,1.54,SPY201016C00355000,355.0,normalDay
2020-03-11,4235.0,-4584.0,0.0,100,274.36,320.0,0,0.0,0.0,,0.0,1,0.88,1.08,SPY201016C00355000,355.0,normalDay
2020-03-12,4235.0,-7236.0,0.0,100,248.11,320.0,0,0.0,0.0,,0.0,1,0.88,1.35,SPY201016C00355000,355.0,normalDay
2020-03-13,4235.0,-5190.0,0.0,100,269.32,320.0,0,0.0,0.0,,0.0,1,0.88,2.1,SPY201016C00355000,355.0,normalDay
2020-03-16,4235.0,-8000.0,0.0,100,239.85,320.0,0,0.0,0.0,,0.0,1,0.88,0.73,SPY201016C00355000,355.0,normalDay
2020-03-17,4235.0,-6704.0,0.0,100,252.8,320.0,0,0.0,0.0,,0.0,1,0.88,0.72,SPY201016C00355000,355.0,normalDay
2020-03-18,4235.0,-7987.0,0.0,100,240.0,320.0,0,0.0,0.0,,0.0,1,0.88,0.75,SPY201016C00355000,355.0,normalDay
2020-03-19,4235.0,-7924.0,0.0,100,240.51,320.0,0,0.0,0.0,,0.0,1,0.88,0.63,SPY201016C00355000,355.0,normalDay
2020-03-20,4235.0,-9063.0,0.0,100,228.8,320.0,0,0.0,0.0,,0.0,1,0.88,0.31,SPY201016C00355000,355.0,normalDay
2020-03-23,4235.0,-9657.0,0.0,100,222.95,320.0,0,0.0,0.0,,0.0,1,0.88,0.4,SPY201016C00355000,355.0,normalDay
2020-03-24,4235.0,-7669.0,0.0,100,243.15,320.0,0,0.0,0.0,,0.0,1,0.88,0.72,SPY201016C00355000,355.0,normalDay
2020-03-25,4235.0,-7332.0,0.0,100,246.79,320.0,0,0.0,0.0,,0.0,1,0.88,0.99,SPY201016C00355000,355.0,normalDay
2020-03-26,4235.0,-5888.0,0.0,100,261.2,320.0,0,0.0,0.0,,0.0,1,0.88,0.96,SPY201016C00355000,355.0,normalDay
2020-03-27,4235.0,-6623.0,0.0,100,253.42,320.0,0,0.0,0.0,,0.0,1,0.88,0.53,SPY201016C00355000,355.0,normalDay
2020-03-30,4235.0,-5802.0,0.0,100,261.65,320.0,0,0.0,0.0,,0.0,1,0.88,0.55,SPY201016C00355000,355.0,normalDay
2020-03-31,4235.0,-6173.0,0.0,100,257.75,320.0,0,0.0,0.0,,0.0,1,0.88,0.36,SPY201016C00355000,355.0,normalDay
2020-04-01,4235.0,-7325.0,0.0,100,246.15,320.0,0,0.0,0.0,,0.0,1,0.88,0.28,SPY201016C00355000,355.0,normalDay
2020-04-02,4235.0,-6772.0,0.0,100,251.83,320.0,0,0.0,0.0,,0.0,1,0.88,0.43,SPY201016C00355000,355.0,normalDay
2020-04-03,4235.0,-7129.0,0.0,100,248.19,320.0,0,0.0,0.0,,0.0,1,0.88,0.36,SPY201016C00355000,355.0,normalDay
2020-04-06,4235.0,-5491.0,0.0,100,264.86,320.0,0,0.0,0.0,,0.0,1,0.88,0.65,SPY201016C00355000,355.0,normalDay
2020-04-07,4235.0,-5453.0,0.0,100,265.13,320.0,0,0.0,0.0,,0.0,1,0.88,0.54,SPY201016C00355000,355.0,normalDay
2020-04-08,4235.0,-4591.0,0.0,100,274.03,320.0,0,0.0,0.0,,0.0,1,0.88,0.82,SPY201016C00355000,355.0,normalDay
2020-04-09,4235.0,-4184.0,0.0,100,278.2,320.0,0,0.0,0.0,,0.0,1,0.88,0.92,SPY201016C00355000,355.0,normalDay
2020-04-13,4235.0,-4423.0,0.0,100,275.66,320.0,0,0.0,0.0,,0.0,1,0.88,0.77,SPY201016C00355000,355.0,normalDay
2020-04-14,4235.0,-3631.0,0.0,100,283.79,320.0,0,0.0,0.0,,0.0,1,0.88,0.98,SPY201016C00355000,355.0,normalDay
2020-04-15,4235.0,-4207.0,0.0,100,277.76,320.0,0,0.0,0.0,,0.0,1,0.88,0.71,SPY201016C00355000,355.0,normalDay
2020-04-16,4235.0,-4085.0,0.0,100,279.1,320.0,0,0.0,0.0,,0.0,1,0.88,0.83,SPY201016C00355000,355.0,normalDay
2020-04-17,4235.0,-3363.0,0.0,100,286.64,320.0,0,0.0,0.0,,0.0,1,0.88,1.15,SPY201016C00355000,355.0,normalDay
2020-04-20,4235.0,-3851.0,0.0,100,281.59,320.0,0,0.0,0.0,,0.0,1,0.88,0.98,SPY201016C00355000,355.0,normalDay
2020-04-21,4235.0,-4678.0,0.0,100,273.04,320.0,0,0.0,0.0,,0.0,1,0.88,0.7,SPY201016C00355000,355.0,normalDay
2020-04-22,4235.0,-4082.0,0.0,100,279.1,320.0,0,0.0,0.0,,0.0,1,0.88,0.8,SPY201016C00355000,355.0,normalDay
2020-04-23,4235.0,-4087.0,0.0,100,279.08,320.0,0,0.0,0.0,,0.0,1,0.88,0.83,SPY201016C00355000,355.0,normalDay
2020-04-24,4235.0,-3704.0,0.0,100,282.97,320.0,0,0.0,0.0,,0.0,1,0.88,0.89,SPY201016C00355000,355.0,normalDay
2020-04-27,4235.0,-3295.0,0.0,100,287.05,320.0,0,0.0,0.0,,0.0,1,0.88,0.88,SPY201016C00355000,355.0,normalDay
2020-04-28,4235.0,-3414.0,0.0,100,285.73,320.0,0,0.0,0.0,,0.0,1,0.88,0.75,SPY201016C00355000,355.0,normalDay
2020-04-29,4235.0,-2691.0,0.0,100,293.21,320.0,0,0.0,0.0,,0.0,1,0.88,1.0,SPY201016C00355000,355.0,normalDay
2020-04-30,4235.0,-2952.0,0.0,100,290.48,320.0,0,0.0,0.0,,0.0,1,0.88,0.88,SPY201016C00355000,355.0,normalDay
2020-05-01,4235.0,-3697.0,0.0,100,282.79,320.0,0,0.0,0.0,,0.0,1,0.88,0.64,SPY201016C00355000,355.0,normalDay
2020-05-04,4235.0,-3617.0,0.0,100,283.57,320.0,0,0.0,0.0,,0.0,1,0.88,0.62,SPY201016C00355000,355.0,normalDay
2020-05-05,4235.0,-3356.0,0.0,100,286.19,320.0,0,0.0,0.0,,0.0,1,0.88,0.63,SPY201016C00355000,355.0,normalDay
2020-05-06,4235.0,-3540.0,0.0,100,284.25,320.0,0,0.0,0.0,,0.0,1,0.88,0.53,SPY201016C00355000,355.0,normalDay
2020-05-07,4235.0,-3206.0,0.0,100,287.68,320.0,0,0.0,0.0,,0.0,1,0.88,0.62,SPY201016C00355000,355.0,normalDay
2020-05-08,4235.0,-2734.0,0.0,100,292.44,320.0,0,0.0,0.0,,0.0,1,0.88,0.66,SPY201016C00355000,355.0,normalDay
2020-05-11,4235.0,-2713.0,0.0,100,292.5,320.0,0,0.0,0.0,,0.0,1,0.88,0.51,SPY201016C00355000,355.0,normalDay
2020-05-12,4235.0,-3290.0,0.0,100,286.67,320.0,0,0.0,0.0,,0.0,1,0.88,0.45,SPY201016C00355000,355.0,normalDay
2020-05-13,4235.0,-3785.0,0.0,100,281.6,320.0,0,0.0,0.0,,0.0,1,0.88,0.33,SPY201016C00355000,355.0,normalDay
2020-05-14,4235.0,-3453.0,0.0,100,284.97,320.0,0,0.0,0.0,,0.0,1,0.88,0.38,SPY201016C00355000,355.0,normalDay
2020-05-15,4235.0,-3321.0,0.0,100,286.28,320.0,0,0.0,0.0,,0.0,1,0.88,0.37,SPY201016C00355000,355.0,normalDay
2020-05-18,4235.0,-2472.0,0.0,100,295.0,320.0,0,0.0,0.0,,0.0,1,0.88,0.6,SPY201016C00355000,355.0,normalDay
2020-05-19,4235.0,-2759.0,0.0,100,291.97,320.0,0,0.0,0.0,,0.0,1,0.88,0.44,SPY201016C00355000,355.0,normalDay
2020-05-20,4235.0,-2283.0,0.0,100,296.93,320.0,0,0.0,0.0,,0.0,1,0.88,0.64,SPY201016C00355000,355.0,normalDay
2020-05-21,4235.0,-2485.0,0.0,100,294.88,320.0,0,0.0,0.0,,0.0,1,0.88,0.61,SPY201016C00355000,355.0,normalDay
2020-05-22,4235.0,-2429.0,0.0,100,295.44,320.0,0,0.0,0.0,,0.0,1,0.88,0.61,SPY201016C00355000,355.0,normalDay
2020-05-26,4235.0,-2068.0,0.0,100,299.08,320.0,0,0.0,0.0,,0.0,1,0.88,0.64,SPY201016C00355000,355.0,normalDay
2020-05-27,4235.0,-1637.0,0.0,100,303.53,320.0,0,0.0,0.0,,0.0,1,0.88,0.78,SPY201016C00355000,355.0,normalDay
2020-05-28,4235.0,-1697.0,0.0,100,302.97,320.0,0,0.0,0.0,,0.0,1,0.88,0.82,SPY201016C00355000,355.0,normalDay
2020-05-29,4235.0,-1578.0,0.0,100,304.32,320.0,0,0.0,0.0,,0.0,1,0.88,0.98,SPY201016C00355000,355.0,normalDay
2020-06-01,4235.0,-1453.0,0.0,100,305.55,320.0,0,0.0,0.0,,0.0,1,0.88,0.96,SPY201016C00355000,355.0,normalDay
2020-06-02,4235.0,-1213.0,0.0,100,308.08,320.0,0,0.0,0.0,,0.0,1,0.88,1.09,SPY201016C00355000,355.0,normalDay
2020-06-03,4235.0,-840.0,0.0,100,312.18,320.0,0,0.0,0.0,,0.0,1,0.88,1.46,SPY201016C00355000,355.0,normalDay
2020-06-04,4235.0,-903.0,0.0,100,311.36,320.0,0,0.0,0.0,,0.0,1,0.88,1.27,SPY201016C00355000,355.0,normalDay
2020-06-05,4235.0,-175.0,0.0,100,319.34,320.0,0,0.0,0.0,,0.0,1,0.88,1.97,SPY201016C00355000,355.0,normalDay
2020-06-08,4235.0,133.0,0.0,100,323.2,320.0,0,0.0,0.0,,0.0,1,0.88,2.75,SPY201016C00355000,355.0,normalDay
2020-06-09,4235.0,-110.0,0.0,100,320.79,320.0,0,0.0,0.0,,0.0,1,0.88,2.77,SPY201016C00355000,355.0,normalDay
2020-06-10,4235.0,-239.0,0.0,100,319.0,320.0,0,0.0,0.0,,0.0,1,0.88,2.27,SPY201016C00355000,355.0,normalDay
2020-06-11,4235.0,-2006.0,0.0,100,300.61,320.0,0,0.0,0.0,,0.0,1,0.88,1.55,SPY201016C00355000,355.0,normalDay
2020-06-12,4235.0,-1634.0,0.0,100,304.21,320.0,0,0.0,0.0,,0.0,1,0.88,1.43,SPY201016C00355000,355.0,normalDay
2020-06-15,4235.0,-1379.0,0.0,100,307.05,320.0,0,0.0,0.0,,0.0,1,0.88,1.72,SPY201016C00355000,355.0,normalDay
2020-06-16,4235.0,-863.0,0.0,100,312.96,320.0,0,0.0,0.0,,0.0,1,0.88,2.47,SPY201016C00355000,355.0,normalDay
2020-06-17,4235.0,-976.0,0.0,100,311.66,320.0,0,0.0,0.0,,0.0,1,0.88,2.3,SPY201016C00355000,355.0,normalDay
2020-06-18,4235.0,-959.0,0.0,100,311.78,320.0,0,0.0,0.0,,0.0,1,0.88,2.25,SPY201016C00355000,355.0,normalDay
2020-06-19,4235.0,-1235.0,0.0,100,308.64,320.0,0,0.0,0.0,,0.0,1,0.88,1.87,SPY201016C00355000,355.0,normalDay
2020-06-22,4235.0,-1037.0,0.0,100,310.62,320.0,0,0.0,0.0,,0.0,1,0.88,1.87,SPY201016C00355000,355.0,normalDay
2020-06-23,4235.0,-892.0,0.0,100,312.05,320.0,0,0.0,0.0,,0.0,1,0.88,1.85,SPY201016C00355000,355.0,normalDay
2020-06-24,4235.0,-1634.0,0.0,100,304.09,320.0,0,0.0,0.0,,0.0,1,0.88,1.31,SPY201016C00355000,355.0,normalDay
2020-06-25,4235.0,-1322.0,0.0,100,307.35,320.0,0,0.0,0.0,,0.0,1,0.88,1.45,SPY201016C00355000,355.0,normalDay
2020-06-26,4235.0,-2012.0,0.0,100,300.05,320.0,0,0.0,0.0,,0.0,1,0.88,1.05,SPY201016C00355000,355.0,normalDay
2020-06-29,4235.0,-1569.0,0.0,100,304.46,320.0,0,0.0,0.0,,0.0,1,0.88,1.03,SPY201016C00355000,355.0,normalDay
2020-06-30,4235.0,-1190.0,0.0,100,308.36,320.0,0,0.0,0.0,,0.0,1,0.88,1.14,SPY201016C00355000,355.0,normalDay
2020-07-01,4235.0,-986.0,0.0,100,310.52,320.0,0,0.0,0.0,,0.0,1,0.88,1.26,SPY201016C00355000,355.0,normalDay
2020-07-02,4235.0,-824.0,0.0,100,312.23,320.0,0,0.0,0.0,,0.0,1,0.88,1.35,SPY201016C00355000,355.0,normalDay
2020-07-06,4235.0,-388.0,0.0,100,317.05,320.0,0,0.0,0.0,,0.0,1,0.88,1.81,SPY201016C00355000,355.0,normalDay
2020-07-07,4235.0,-680.0,0.0,100,313.78,320.0,0,0.0,0.0,,0.0,1,0.88,1.46,SPY201016C00355000,355.0,normalDay
2020-07-08,4235.0,-450.0,0.0,100,316.18,320.0,0,0.0,0.0,,0.0,1,0.88,1.56,SPY201016C00355000,355.0,normalDay
2020-07-09,4235.0,-612.0,0.0,100,314.38,320.0,0,0.0,0.0,,0.0,1,0.88,1.38,SPY201016C00355000,355.0,normalDay
2020-07-10,4235.0,-318.0,0.0,100,317.59,320.0,0,0.0,0.0,,0.0,1,0.88,1.65,SPY201016C00355000,355.0,normalDay
2020-07-13,4235.0,-589.0,0.0,100,314.84,320.0,0,0.0,0.0,,0.0,1,0.88,1.61,SPY201016C00355000,355.0,normalDay
2020-07-14,4235.0,-207.0,0.0,100,318.92,320.0,0,0.0,0.0,,0.0,1,0.88,1.87,SPY201016C00355000,355.0,normalDay
2020-07-15,4235.0,42.0,0.0,100,321.85,320.0,0,0.0,0.0,,0.0,1,0.88,2.31,SPY201016C00355000,355.0,normalDay
2020-07-16,4235.0,-24.0,0.0,100,320.79,320.0,0,0.0,0.0,,0.0,1,0.88,1.91,SPY201016C00355000,355.0,normalDay
2020-07-17,4235.0,61.0,0.0,100,321.72,320.0,0,0.0,0.0,,0.0,1,0.88,1.99,SPY201016C00355000,355.0,normalDay
2020-07-20,4235.0,314.0,0.0,100,324.32,320.0,0,0.0,0.0,,0.0,1,0.88,2.06,SPY201016C00355000,355.0,normalDay
2020-07-21,4235.0,380.0,0.0,100,325.01,320.0,0,0.0,0.0,,0.0,1,0.88,2.09,SPY201016C00355000,355.0,normalDay
2020-07-22,4235.0,558.0,0.0,100,326.86,320.0,0,0.0,0.0,,0.0,1,0.88,2.16,SPY201016C00355000,355.0,normalDay
2020-07-23,4235.0,227.0,0.0,100,322.96,320.0,0,0.0,0.0,,0.0,1,0.88,1.57,SPY201016C00355000,355.0,normalDay
2020-07-24,4235.0,33.0,0.0,100,320.88,320.0,0,0.0,0.0,,0.0,1,0.88,1.43,SPY201016C00355000,355.0,normalDay
2020-07-27,4235.0,258.0,0.0,100,323.22,320.0,0,0.0,0.0,,0.0,1,0.88,1.52,SPY201016C00355000,355.0,normalDay
2020-07-28,4235.0,79.0,0.0,100,321.17,320.0,0,0.0,0.0,,0.0,1,0.88,1.26,SPY201016C00355000,355.0,normalDay
2020-07-29,4235.0,436.0,0.0,100,325.12,320.0,0,0.0,0.0,,0.0,1,0.88,1.64,SPY201016C00355000,355.0,normalDay
2020-07-30,4235.0,321.0,0.0,100,323.96,320.0,0,0.0,0.0,,0.0,1,0.88,1.63,SPY201016C00355000,355.0,normalDay
2020-07-31,4235.0,559.0,0.0,100,326.52,320.0,0,0.0,0.0,,0.0,1,0.88,1.81,SPY201016C00355000,355.0,normalDay
2020-08-03,4235.0,766.0,0.0,100,328.79,320.0,0,0.0,0.0,,0.0,1,0.88,2.01,SPY201016C00355000,355.0,normalDay
2020-08-04,4235.0,888.0,0.0,100,330.06,320.0,0,0.0,0.0,,0.0,1,0.88,2.06,SPY201016C00355000,355.0,normalDay
2020-08-05,4235.0,1071.0,0.0,100,332.11,320.0,0,0.0,0.0,,0.0,1,0.88,2.28,SPY201016C00355000,355.0,normalDay
2020-08-06,4235.0,1256.0,0.0,100,334.33,320.0,0,0.0,0.0,,0.0,1,0.88,2.65,SPY201016C00355000,355.0,normalDay
2020-08-07,4235.0,1288.0,0.0,100,334.57,320.0,0,0.0,0.0,,0.0,1,0.88,2.57,SPY201016C00355000,355.0,normalDay
2020-08-10,4235.0,1392.0,0.0,100,335.57,320.0,0,0.0,0.0,,0.0,1,0.88,2.53,SPY201016C00355000,355.0,normalDay
2020-08-11,4235.0,1146.0,0.0,100,332.8,320.0,0,0.0,0.0,,0.0,1,0.88,2.22,SPY201016C00355000,355.0,normalDay
2020-08-12,4235.0,1545.0,0.0,100,337.44,320.0,0,0.0,0.0,,0.0,1,0.88,2.87,SPY201016C00355000,355.0,normalDay
2020-08-13,4235.0,1504.0,0.0,100,336.83,320.0,0,0.0,0.0,,0.0,1,0.88,2.67,SPY201016C00355000,355.0,normalDay
2020-08-14,4235.0,1525.0,0.0,100,336.84,320.0,0,0.0,0.0,,0.0,1,0.88,2.47,SPY201016C00355000,355.0,normalDay
2020-08-17,4235.0,1635.0,0.0,100,337.91,320.0,0,0.0,0.0,,0.0,1,0.88,2.44,SPY201016C00355000,355.0,normalDay
2020-08-18,4235.0,1699.0,0.0,100,338.64,320.0,0,0.0,0.0,,0.0,1,0.88,2.53,SPY201016C00355000,355.0,normalDay
2020-08-19,4235.0,1588.0,0.0,100,337.23,320.0,0,0.0,0.0,,0.0,1,0.88,2.23,SPY201016C00355000,355.0,normalDay
2020-08-20,4235.0,1690.0,0.0,100,338.28,320.0,0,0.0,0.0,,0.0,1,0.88,2.26,SPY201016C00355000,355.0,normalDay
2020-08-21,4235.0,1789.0,0.0,100,339.48,320.0,0,0.0,0.0,,0.0,1,0.88,2.47,SPY201016C00355000,355.0,normalDay
2020-08-24,4235.0,2065.0,0.0,100,342.92,320.0,0,0.0,0.0,,0.0,1,0.88,3.15,SPY201016C00355000,355.0,normalDay
2020-08-25,4235.0,2149.0,0.0,100,344.12,320.0,0,0.0,0.0,,0.0,1,0.88,3.51,SPY201016C00355000,355.0,normalDay
2020-08-26,4235.0,2323.0,0.0,100,347.57,320.0,0,0.0,0.0,,0.0,1,0.88,5.22,SPY201016C00355000,355.0,normalDay
2020-08-27,4235.0,2334.0,0.0,100,348.33,320.0,0,0.0,0.0,,0.0,1,0.88,5.87,SPY201016C00355000,355.0,normalDay
2020-08-28,4235.0,2513.0,0.0,100,350.58,320.0,0,0.0,0.0,,0.0,1,0.88,6.33,SPY201016C00355000,355.0,normalDay
2020-08-31,4235.0,2360.0,0.0,100,349.31,320.0,0,0.0,0.0,,0.0,1,0.88,6.59,SPY201016C00355000,355.0,normalDay
2020-09-01,4235.0,2555.0,0.0,100,352.6,320.0,0,0.0,0.0,,0.0,1,0.88,7.93,SPY201016C00355000,355.0,normalDay
2020-09-02,4235.0,2729.0,0.0,100,357.7,320.0,0,0.0,0.0,,0.0,1,0.88,11.29,SPY201016C00355000,355.0,normalDay
2020-09-03,4235.0,1959.0,0.0,100,345.39,320.0,0,0.0,0.0,,0.0,1,0.88,6.68,SPY201016C00355000,355.0,normalDay
2020-09-04,4235.0,1919.0,0.0,100,342.57,320.0,0,0.0,0.0,,0.0,1,0.88,4.26,SPY201016C00355000,355.0,normalDay
2020-09-08,4235.0,1217.0,0.0,100,333.21,320.0,0,0.0,0.0,,0.0,1,0.88,1.92,SPY201016C00355000,355.0,normalDay
2020-09-09,4235.0,1769.0,0.0,100,339.79,320.0,0,0.0,0.0,,0.0,1,0.88,2.98,SPY201016C00355000,355.0,normalDay
2020-09-10,4235.0,1293.0,0.0,100,333.89,320.0,0,0.0,0.0,,0.0,1,0.88,1.84,SPY201016C00355000,355.0,normalDay
2020-09-11,4235.0,1365.0,0.0,100,334.06,320.0,0,0.0,0.0,,0.0,1,0.88,1.29,SPY201016C00355000,355.0,normalDay
2020-09-14,4235.0,1753.0,0.0,100,338.46,320.0,0,0.0,0.0,,0.0,1,0.88,1.81,SPY201016C00355000,355.0,normalDay
2020-09-15,4235.0,1901.0,0.0,100,340.17,320.0,0,0.0,0.0,,0.0,1,0.88,2.04,SPY201016C00355000,355.0,normalDay
2020-09-16,4235.0,1818.0,0.0,100,338.82,320.0,0,0.0,0.0,,0.0,1,0.88,1.52,SPY201016C00355000,355.0,normalDay
2020-09-17,4235.0,1564.0,0.0,100,335.84,320.0,0,0.0,0.0,,0.0,1,0.88,1.08,SPY201016C00355000,355.0,normalDay
2020-09-18,4235.0,1089.0,0.0,100,330.65,320.0,0,0.0,0.0,,0.0,1,0.88,0.64,SPY201016C00355000,355.0,normalDay
2020-09-21,4235.0,745.0,0.0,100,326.97,320.0,0,0.0,0.0,,0.0,1,0.88,0.4,SPY201016C00355000,355.0,normalDay
2020-09-22,4235.0,1074.0,0.0,100,330.3,320.0,0,0.0,0.0,,0.0,1,0.88,0.44,SPY201016C00355000,355.0,normalDay
2020-09-23,4235.0,332.0,0.0,100,322.64,320.0,0,0.0,0.0,,0.0,1,0.88,0.2,SPY201016C00355000,355.0,normalDay
2020-09-24,4235.0,416.0,0.0,100,323.5,320.0,0,0.0,0.0,,0.0,1,0.88,0.22,SPY201016C00355000,355.0,normalDay
2020-09-25,4235.0,937.0,0.0,100,328.73,320.0,0,0.0,0.0,,0.0,1,0.88,0.24,SPY201016C00355000,355.0,normalDay
2020-09-28,4235.0,1457.0,0.0,100,334.19,320.0,0,0.0,0.0,,0.0,1,0.88,0.5,SPY201016C00355000,355.0,normalDay
2020-09-29,4235.0,1280.0,0.0,100,332.37,320.0,0,0.0,0.0,,0.0,1,0.88,0.45,SPY201016C00355000,355.0,normalDay
2020-09-30,4235.0,1528.0,0.0,100,334.89,320.0,0,0.0,0.0,,0.0,1,0.88,0.49,SPY201016C00355000,355.0,normalDay
2020-10-01,4235.0,1715.0,0.0,100,337.04,320.0,0,0.0,0.0,,0.0,1,0.88,0.77,SPY201016C00355000,355.0,normalDay
2020-10-02,4235.0,1438.0,0.0,100,333.84,320.0,0,0.0,0.0,,0.0,1,0.88,0.34,SPY201016C00355000,355.0,normalDay
2020-10-05,4235.0,2014.0,0.0,100,339.76,320.0,0,0.0,0.0,,0.0,1,0.88,0.5,SPY201016C00355000,355.0,normalDay
2020-10-06,4235.0,1563.0,0.0,100,334.93,320.0,0,0.0,0.0,,0.0,1,0.88,0.18,SPY201016C00355000,355.0,normalDay
2020-10-07,4235.0,2129.0,0.0,100,340.76,320.0,0,0.0,0.0,,0.0,1,0.88,0.35,SPY201016C00355000,355.0,normalDay
2020-10-08,4235.0,2429.0,0.0,100,343.78,320.0,0,0.0,0.0,,0.0,1,0.88,0.37,SPY201016C00355000,355.0,normalDay
2020-10-09,4235.0,2718.0,0.0,100,346.85,320.0,0,0.0,0.0,,0.0,1,0.88,0.55,SPY201016C00355000,355.0,normalDay
2020-10-12,4235.0,3165.0,0.0,100,352.43,320.0,0,0.0,0.0,,0.0,1,0.88,1.66,SPY201016C00355000,355.0,normalDay
2020-10-13,4235.0,3027.0,0.0,100,350.13,320.0,0,0.0,0.0,,0.0,1,0.88,0.74,SPY201016C00355000,355.0,normalDay
2020-10-14,4235.0,2863.0,0.0,100,347.93,320.0,0,0.0,0.0,,0.0,1,0.88,0.18,SPY201016C00355000,355.0,normalDay
2020-10-15,4235.0,2834.0,0.0,100,347.5,320.0,0,0.0,0.0,,0.0,1,0.88,0.04,SPY201016C00355000,355.0,normalDay
2020-10-16,4323.0,2729.0,88.0,100,347.29,320.0,0,0.0,0.0,,0.0,1,0.88,0.0,SPY201016C00355000,355.0,expirationDay
2020-10-19,4323.0,2163.0,0.0,100,342.01,320.0,0,0.0,0.0,,0.0,1,15.73,16.11,SPY210521C00357000,357.0,normalDay
2020-10-20,4323.0,2284.0,0.0,100,343.38,320.0,0,0.0,0.0,,0.0,1,15.73,16.27,SPY210521C00357000,357.0,normalDay
2020-10-21,4323.0,2251.0,0.0,100,342.73,320.0,0,0.0,0.0,,0.0,1,15.73,15.95,SPY210521C00357000,357.0,normalDay
2020-10-22,4323.0,2404.0,0.0,100,344.61,320.0,0,0.0,0.0,,0.0,1,15.73,16.3,SPY210521C00357000,357.0,normalDay
2020-10-23,4323.0,2508.0,0.0,100,345.78,320.0,0,0.0,0.0,,0.0,1,15.73,16.43,SPY210521C00357000,357.0,normalDay
2020-10-26,4323.0,2054.0,0.0,100,339.39,320.0,0,0.0,0.0,,0.0,1,15.73,14.58,SPY210521C00357000,357.0,normalDay
2020-10-27,4323.0,2002.0,0.0,100,338.22,320.0,0,0.0,0.0,,0.0,1,15.73,13.93,SPY210521C00357000,357.0,normalDay
2020-10-28,4323.0,1171.0,0.0,100,326.66,320.0,0,0.0,0.0,,0.0,1,15.73,10.68,SPY210521C00357000,357.0,normalDay
2020-10-29,4323.0,1426.0,0.0,100,329.98,320.0,0,0.0,0.0,,0.0,1,15.73,11.45,SPY210521C00357000,357.0,normalDay
2020-10-30,4323.0,1216.0,0.0,100,326.54,320.0,0,0.0,0.0,,0.0,1,15.73,10.11,SPY210521C00357000,357.0,normalDay
2020-11-02,4323.0,1542.0,0.0,100,330.2,320.0,0,0.0,0.0,,0.0,1,15.73,10.51,SPY210521C00357000,357.0,normalDay
2020-11-03,4323.0,1980.0,0.0,100,336.03,320.0,0,0.0,0.0,,0.0,1,15.73,11.96,SPY210521C00357000,357.0,normalDay
2020-11-04,4323.0,2464.0,0.0,100,343.54,320.0,0,0.0,0.0,,0.0,1,15.73,14.63,SPY210521C00357000,357.0,normalDay
2020-11-05,4323.0,2753.0,0.0,100,350.24,320.0,0,0.0,0.0,,0.0,1,15.73,18.44,SPY210521C00357000,357.0,normalDay
2020-11-06,4323.0,2821.0,0.0,100,350.16,320.0,0,0.0,0.0,,0.0,1,15.73,17.68,SPY210521C00357000,357.0,normalDay
2020-11-09,4323.0,3015.0,0.0,100,354.56,320.0,0,0.0,0.0,,0.0,1,15.73,20.14,SPY210521C00357000,357.0,normalDay
2020-11-10,4323.0,3057.0,0.0,100,354.04,320.0,0,0.0,0.0,,0.0,1,15.73,19.2,SPY210521C00357000,357.0,normalDay
2020-11-11,4323.0,3198.0,0.0,100,356.67,320.0,0,0.0,0.0,,0.0,1,15.73,20.42,SPY210521C00357000,357.0,normalDay
2020-11-12,4323.0,3008.0,0.0,100,353.21,320.0,0,0.0,0.0,,0.0,1,15.73,18.86,SPY210521C00357000,357.0,normalDay
2020-11-13,4323.0,3277.0,0.0,100,358.1,320.0,0,0.0,0.0,,0.0,1,15.73,21.06,SPY210521C00357000,357.0,normalDay
2020-11-16,4323.0,3454.0,0.0,100,362.57,320.0,0,0.0,0.0,,0.0,1,15.73,23.76,SPY210521C00357000,357.0,normalDay
2020-11-17,4323.0,3373.0,0.0,100,360.62,320.0,0,0.0,0.0,,0.0,1,15.73,22.62,SPY210521C00357000,357.0,normalDay
2020-11-18,4323.0,3181.0,0.0,100,356.28,320.0,0,0.0,0.0,,0.0,1,15.73,20.2,SPY210521C00357000,357.0,normalDay
2020-11-19,4323.0,3285.0,0.0,100,357.78,320.0,0,0.0,0.0,,0.0,1,15.73,20.66,SPY210521C00357000,357.0,normalDay
2020-11-20,4323.0,3196.0,0.0,100,355.33,320.0,0,0.0,0.0,,0.0,1,15.73,19.1,SPY210521C00357000,357.0,normalDay
2020-11-23,4323.0,3319.0,0.0,100,357.46,320.0,0,0.0,0.0,,0.0,1,15.73,20.0,SPY210521C00357000,357.0,normalDay
2020-11-24,4323.0,3546.0,0.0,100,363.22,320.0,0,0.0,0.0,,0.0,1,15.73,23.49,SPY210521C00357000,357.0,normalDay
2020-11-25,4323.0,3568.0,0.0,100,362.66,320.0,0,0.0,0.0,,0.0,1,15.73,22.71,SPY210521C00357000,357.0,normalDay
2020-11-27,4323.0,3524.0,0.0,100,363.67,320.0,0,0.0,0.0,,0.0,1,15.73,24.16,SPY210521C00357000,357.0,normalDay
2020-11-30,4323.0,3506.0,0.0,100,362.06,320.0,0,0.0,0.0,,0.0,1,15.73,22.73,SPY210521C00357000,357.0,normalDay
2020-12-01,4323.0,3684.0,0.0,100,366.02,320.0,0,0.0,0.0,,0.0,1,15.73,24.91,SPY210521C00357000,357.0,normalDay
2020-12-02,4323.0,3698.0,0.0,100,366.79,320.0,0,0.0,0.0,,0.0,1,15.73,25.54,SPY210521C00357000,357.0,normalDay
2020-12-03,4323.0,3724.0,0.0,100,366.69,320.0,0,0.0,0.0,,0.0,1,15.73,25.18,SPY210521C00357000,357.0,normalDay
2020-12-04,4323.0,3861.0,0.0,100,369.85,320.0,0,0.0,0.0,,0.0,1,15.73,26.97,SPY210521C00357000,357.0,normalDay
2020-12-07,4323.0,3818.0,0.0,100,369.09,320.0,0,0.0,0.0,,0.0,1,15.73,26.64,SPY210521C00357000,357.0,normalDay
2020-12-08,4323.0,3870.0,0.0,100,370.17,320.0,0,0.0,0.0,,0.0,1,15.73,27.2,SPY210521C00357000,357.0,normalDay
2020-12-09,4323.0,3745.0,0.0,100,366.85,320.0,0,0.0,0.0,,0.0,1,15.73,25.13,SPY210521C00357000,357.0,normalDay
2020-12-10,4323.0,3740.0,0.0,100,366.73,320.0,0,0.0,0.0,,0.0,1,15.73,25.06,SPY210521C00357000,357.0,normalDay
2020-12-11,4323.0,3686.0,0.0,100,366.3,320.0,0,0.0,0.0,,0.0,1,15.73,25.17,SPY210521C00357000,357.0,normalDay
2020-12-14,4323.0,3575.0,0.0,100,364.66,320.0,0,0.0,0.0,,0.0,1,15.73,24.64,SPY210521C00357000,357.0,normalDay
2020-12-15,4323.0,3836.0,0.0,100,369.59,320.0,0,0.0,0.0,,0.0,1,15.73,26.96,SPY210521C00357000,357.0,normalDay
2020-12-16,4323.0,3875.0,0.0,100,370.17,320.0,0,0.0,0.0,,0.0,1,15.73,27.15,SPY210521C00357000,357.0,normalDay
2020-12-17,4323.0,3941.0,0.0,100,372.24,320.0,0,0.0,0.0,,0.0,1,15.73,28.56,SPY210521C00357000,357.0,normalDay
2020-12-18,4323.0,3688.0,0.0,100,369.18,320.0,0,0.0,0.0,,0.0,1,15.73,28.03,SPY210521C00357000,357.0,normalDay
2020-12-21,4323.0,3647.0,0.0,100,367.86,320.0,0,0.0,0.0,,0.0,1,15.73,27.12,SPY210521C00357000,357.0,normalDay
2020-12-22,4323.0,3662.0,0.0,100,367.24,320.0,0,0.0,0.0,,0.0,1,15.73,26.35,SPY210521C00357000,357.0,normalDay
2020-12-23,4323.0,3741.0,0.0,100,367.57,320.0,0,0.0,0.0,,0.0,1,15.73,25.89,SPY210521C00357000,357.0,normalDay
2020-12-24,4323.0,3823.0,0.0,100,369.0,320.0,0,0.0,0.0,,0.0,1,15.73,26.5,SPY210521C00357000,357.0,normalDay
2020-12-28,4323.0,3913.0,0.0,100,372.17,320.0,0,0.0,0.0,,0.0,1,15.73,28.77,SPY210521C00357000,357.0,normalDay
2020-12-29,4323.0,3837.0,0.0,100,371.46,320.0,0,0.0,0.0,,0.0,1,15.73,28.82,SPY210521C00357000,357.0,normalDay
2020-12-30,4323.0,3909.0,0.0,100,371.99,320.0,0,0.0,0.0,,0.0,1,15.73,28.63,SPY210521C00357000,357.0,normalDay
2020-12-31,4323.0,3926.0,0.0,100,373.88,320.0,0,0.0,0.0,,0.0,1,15.73,30.35,SPY210521C00357000,357.0,normalDay
2021-01-04,4323.0,3706.0,0.0,100,368.79,320.0,0,0.0,0.0,,0.0,1,15.73,27.46,SPY210521C00357000,357.0,normalDay
2021-01-05,4323.0,3849.0,0.0,100,371.33,320.0,0,0.0,0.0,,0.0,1,15.73,28.57,SPY210521C00357000,357.0,normalDay
2021-01-06,4323.0,3901.0,0.0,100,373.55,320.0,0,0.0,0.0,,0.0,1,15.73,30.27,SPY210521C00357000,357.0,normalDay
2021-01-07,4323.0,4150.0,0.0,100,379.1,320.0,0,0.0,0.0,,0.0,1,15.73,33.33,SPY210521C00357000,357.0,normalDay
2021-01-08,4323.0,4176.0,0.0,100,381.26,320.0,0,0.0,0.0,,0.0,1,15.73,35.23,SPY210521C00357000,357.0,normalDay
2021-01-11,4323.0,4046.0,0.0,100,378.69,320.0,0,0.0,0.0,,0.0,1,15.73,33.96,SPY210521C00357000,357.0,normalDay
2021-01-12,4323.0,4121.0,0.0,100,378.77,320.0,0,0.0,0.0,,0.0,1,15.73,33.29,SPY210521C00357000,357.0,normalDay
2021-01-13,4323.0,4141.0,0.0,100,379.79,320.0,0,0.0,0.0,,0.0,1,15.73,34.11,SPY210521C00357000,357.0,normalDay
2021-01-14,4323.0,4088.0,0.0,100,378.46,320.0,0,0.0,0.0,,0.0,1,15.73,33.31,SPY210521C00357000,357.0,normalDay
2021-01-15,4323.0,4059.0,0.0,100,375.7,320.0,0,0.0,0.0,,0.0,1,15.73,30.84,SPY210521C00357000,357.0,normalDay
2021-01-19,4323.0,4124.0,0.0,100,378.65,320.0,0,0.0,0.0,,0.0,1,15.73,33.14,SPY210521C00357000,357.0,normalDay
2021-01-20,4323.0,4285.0,0.0,100,383.89,320.0,0,0.0,0.0,,0.0,1,15.73,36.77,SPY210521C00357000,357.0,normalDay
2021-01-21,4323.0,4302.0,0.0,100,384.24,320.0,0,0.0,0.0,,0.0,1,15.73,36.95,SPY210521C00357000,357.0,normalDay
2021-01-22,4323.0,4262.0,0.0,100,382.88,320.0,0,0.0,0.0,,0.0,1,15.73,35.99,SPY210521C00357000,357.0,normalDay
2021-01-25,4323.0,4265.0,0.0,100,384.39,320.0,0,0.0,0.0,,0.0,1,15.73,37.47,SPY210521C00357000,357.0,normalDay
2021-01-26,4323.0,4186.0,0.0,100,383.79,320.0,0,0.0,0.0,,0.0,1,15.73,37.66,SPY210521C00357000,357.0,normalDay
2021-01-27,4323.0,3763.0,0.0,100,374.41,320.0,0,0.0,0.0,,0.0,1,15.73,32.51,SPY210521C00357000,357.0,normalDay
2021-01-28,4323.0,3901.0,0.0,100,377.63,320.0,0,0.0,0.0,,0.0,1,15.73,34.35,SPY210521C00357000,357.0,normalDay
2021-01-29,4323.0,3636.0,0.0,100,370.07,320.0,0,0.0,0.0,,0.0,1,15.73,29.44,SPY210521C00357000,357.0,normalDay
2021-02-01,4323.0,3942.0,0.0,100,376.23,320.0,0,0.0,0.0,,0.0,1,15.73,32.54,SPY210521C00357000,357.0,normalDay
2021-02-02,4323.0,4122.0,0.0,100,381.55,320.0,0,0.0,0.0,,0.0,1,15.73,36.06,SPY210521C00357000,357.0,normalDay
2021-02-03,4323.0,4204.0,0.0,100,381.85,320.0,0,0.0,0.0,,0.0,1,15.73,35.54,SPY210521C00357000,357.0,normalDay
2021-02-04,4323.0,4407.0,0.0,100,386.19,320.0,0,0.0,0.0,,0.0,1,15.73,37.85,SPY210521C00357000,357.0,normalDay
2021-02-05,4323.0,4437.0,0.0,100,387.71,320.0,0,0.0,0.0,,0.0,1,15.73,39.07,SPY210521C00357000,357.0,normalDay
2021-02-08,4323.0,4522.0,0.0,100,390.51,320.0,0,0.0,0.0,,0.0,1,15.73,41.02,SPY210521C00357000,357.0,normalDay
2021-02-09,4323.0,4472.0,0.0,100,390.25,320.0,0,0.0,0.0,,0.0,1,15.73,41.26,SPY210521C00357000,357.0,normalDay
2021-02-10,4323.0,4469.0,0.0,100,390.08,320.0,0,0.0,0.0,,0.0,1,15.73,41.12,SPY210521C00357000,357.0,normalDay
2021-02-11,4323.0,4538.0,0.0,100,390.71,320.0,0,0.0,0.0,,0.0,1,15.73,41.06,SPY210521C00357000,357.0,normalDay
2021-02-12,4323.0,4575.0,0.0,100,392.64,320.0,0,0.0,0.0,,0.0,1,15.73,42.62,SPY210521C00357000,357.0,normalDay
2021-02-16,4323.0,4598.0,0.0,100,392.3,320.0,0,0.0,0.0,,0.0,1,15.73,42.05,SPY210521C00357000,357.0,normalDay
2021-02-17,4323.0,4626.0,0.0,100,392.39,320.0,0,0.0,0.0,,0.0,1,15.73,41.86,SPY210521C00357000,357.0,normalDay
2021-02-18,4323.0,4570.0,0.0,100,390.72,320.0,0,0.0,0.0,,0.0,1,15.73,40.75,SPY210521C00357000,357.0,normalDay
2021-02-19,4323.0,4607.0,0.0,100,390.03,320.0,0,0.0,0.0,,0.0,1,15.73,39.69,SPY210521C00357000,357.0,normalDay
2021-02-22,4323.0,4517.0,0.0,100,387.03,320.0,0,0.0,0.0,,0.0,1,15.73,37.59,SPY210521C00357000,357.0,normalDay
2021-02-23,4323.0,4577.0,0.0,100,387.5,320.0,0,0.0,0.0,,0.0,1,15.73,37.46,SPY210521C00357000,357.0,normalDay
2021-02-24,4323.0,4683.0,0.0,100,391.77,320.0,0,0.0,0.0,,0.0,1,15.73,40.67,SPY210521C00357000,357.0,normalDay
2021-02-25,4323.0,4260.0,0.0,100,382.33,320.0,0,0.0,0.0,,0.0,1,15.73,35.46,SPY210521C00357000,357.0,normalDay
2021-02-26,4323.0,4341.0,0.0,100,380.36,320.0,0,0.0,0.0,,0.0,1,15.73,32.68,SPY210521C00357000,357.0,normalDay
2021-03-01,4323.0,4697.0,0.0,100,389.58,320.0,0,0.0,0.0,,0.0,1,15.73,38.34,SPY210521C00357000,357.0,normalDay
2021-03-02,4323.0,4627.0,0.0,100,386.54,320.0,0,0.0,0.0,,0.0,1,15.73,36.0,SPY210521C00357000,357.0,normalDay
2021-03-03,4323.0,4483.0,0.0,100,381.42,320.0,0,0.0,0.0,,0.0,1,15.73,32.32,SPY210521C00357000,357.0,normalDay
2021-03-04,4323.0,4316.0,0.0,100,376.7,320.0,0,0.0,0.0,,0.0,1,15.73,29.27,SPY210521C00357000,357.0,normalDay
2021-03-05,4323.0,4592.0,0.0,100,383.63,320.0,0,0.0,0.0,,0.0,1,15.73,33.44,SPY210521C00357000,357.0,normalDay
2021-03-08,4323.0,4526.0,0.0,100,381.72,320.0,0,0.0,0.0,,0.0,1,15.73,32.19,SPY210521C00357000,357.0,normalDay
2021-03-09,4323.0,4698.0,0.0,100,387.17,320.0,0,0.0,0.0,,0.0,1,15.73,35.92,SPY210521C00357000,357.0,normalDay
2021-03-10,4323.0,4734.0,0.0,100,389.58,320.0,0,0.0,0.0,,0.0,1,15.73,37.97,SPY210521C00357000,357.0,normalDay
2021-03-11,4323.0,4880.0,0.0,100,393.53,320.0,0,0.0,0.0,,0.0,1,15.73,40.46,SPY210521C00357000,357.0,normalDay
2021-03-12,4323.0,4880.0,0.0,100,394.06,320.0,0,0.0,0.0,,0.0,1,15.73,40.99,SPY210521C00357000,357.0,normalDay
2021-03-15,4323.0,4954.0,0.0,100,396.41,320.0,0,0.0,0.0,,0.0,1,15.73,42.6,SPY210521C00357000,357.0,normalDay
2021-03-16,4323.0,4962.0,0.0,100,395.91,320.0,0,0.0,0.0,,0.0,1,15.73,42.02,SPY210521C00357000,357.0,normalDay
2021-03-17,4323.0,5039.0,0.0,100,397.26,320.0,0,0.0,0.0,,0.0,1,15.73,42.6,SPY210521C00357000,357.0,normalDay
2021-03-18,4323.0,4861.0,0.0,100,391.48,320.0,0,0.0,0.0,,0.0,1,15.73,38.6,SPY210521C00357000,357.0,normalDay
2021-03-19,4323.0,4817.0,0.0,100,389.48,320.0,0,0.0,0.0,,0.0,1,15.73,37.04,SPY210521C00357000,357.0,normalDay
2021-03-22,4323.0,4915.0,0.0,100,392.59,320.0,0,0.0,0.0,,0.0,1,15.73,39.17,SPY210521C00357000,357.0,normalDay
2021-03-23,4323.0,4845.0,0.0,100,389.5,320.0,0,0.0,0.0,,0.0,1,15.73,36.78,SPY210521C00357000,357.0,normalDay
2021-03-24,4323.0,4827.0,0.0,100,387.52,320.0,0,0.0,0.0,,0.0,1,15.73,34.98,SPY210521C00357000,357.0,normalDay
2021-03-25,4323.0,4897.0,0.0,100,389.7,320.0,0,0.0,0.0,,0.0,1,15.73,36.46,SPY210521C00357000,357.0,normalDay
2021-03-26,4323.0,5008.0,0.0,100,395.98,320.0,0,0.0,0.0,,0.0,1,15.73,41.63,SPY210521C00357000,357.0,normalDay
2021-03-29,4323.0,4991.0,0.0,100,395.78,320.0,0,0.0,0.0,,0.0,1,15.73,41.6,SPY210521C00357000,357.0,normalDay
2021-03-30,4323.0,5035.0,0.0,100,394.73,320.0,0,0.0,0.0,,0.0,1,15.73,40.11,SPY210521C00357000,357.0,normalDay
2021-03-31,4323.0,5045.0,0.0,100,396.33,320.0,0,0.0,0.0,,0.0,1,15.73,41.61,SPY210521C00357000,357.0,normalDay
2021-04-01,4323.0,5074.0,0.0,100,400.61,320.0,0,0.0,0.0,,0.0,1,15.73,45.6,SPY210521C00357000,357.0,normalDay
2021-04-05,4323.0,5127.0,0.0,100,406.36,320.0,0,0.0,0.0,,0.0,1,15.73,50.82,SPY210521C00357000,357.0,normalDay
2021-04-06,4323.0,5139.0,0.0,100,406.12,320.0,0,0.0,0.0,,0.0,1,15.73,50.46,SPY210521C00357000,357.0,normalDay
2021-04-07,4323.0,5112.0,0.0,100,406.59,320.0,0,0.0,0.0,,0.0,1,15.73,51.2,SPY210521C00357000,357.0,normalDay
2021-04-08,4323.0,5126.0,0.0,100,408.52,320.0,0,0.0,0.0,,0.0,1,15.73,52.99,SPY210521C00357000,357.0,normalDay
2021-04-09,4323.0,5217.0,0.0,100,411.49,320.0,0,0.0,0.0,,0.0,1,15.73,55.05,SPY210521C00357000,357.0,normalDay
2021-04-12,4323.0,5197.0,0.0,100,411.64,320.0,0,0.0,0.0,,0.0,1,15.73,55.4,SPY210521C00357000,357.0,normalDay
2021-04-13,4323.0,5204.0,0.0,100,412.86,320.0,0,0.0,0.0,,0.0,1,15.73,56.55,SPY210521C00357000,357.0,normalDay
2021-04-14,4323.0,5149.0,0.0,100,411.45,320.0,0,0.0,0.0,,0.0,1,15.73,55.69,SPY210521C00357000,357.0,normalDay
2021-04-15,4323.0,5196.0,0.0,100,415.87,320.0,0,0.0,0.0,,0.0,1,15.73,59.64,SPY210521C00357000,357.0,normalDay
2021-04-16,4323.0,5223.0,0.0,100,417.26,320.0,0,0.0,0.0,,0.0,1,15.73,60.76,SPY210521C00357000,357.0,normalDay
2021-04-19,4323.0,5211.0,0.0,100,415.21,320.0,0,0.0,0.0,,0.0,1,15.73,58.83,SPY210521C00357000,357.0,normalDay
2021-04-20,4323.0,5228.0,0.0,100,412.17,320.0,0,0.0,0.0,,0.0,1,15.73,55.62,SPY210521C00357000,357.0,normalDay
2021-04-21,4323.0,5260.0,0.0,100,416.07,320.0,0,0.0,0.0,,0.0,1,15.73,59.2,SPY210521C00357000,357.0,normalDay
2021-04-22,4323.0,5217.0,0.0,100,412.27,320.0,0,0.0,0.0,,0.0,1,15.73,55.83,SPY210521C00357000,357.0,normalDay
2021-04-23,4323.0,5236.0,0.0,100,416.74,320.0,0,0.0,0.0,,0.0,1,15.73,60.11,SPY210521C00357000,357.0,normalDay
2021-04-26,4323.0,5220.0,0.0,100,417.61,320.0,0,0.0,0.0,,0.0,1,15.73,61.14,SPY210521C00357000,357.0,normalDay
2021-04-27,4323.0,5226.0,0.0,100,417.52,320.0,0,0.0,0.0,,0.0,1,15.73,60.99,SPY210521C00357000,357.0,normalDay
2021-04-28,4323.0,5196.0,0.0,100,417.4,320.0,0,0.0,0.0,,0.0,1,15.73,61.17,SPY210521C00357000,357.0,normalDay
2021-04-29,4323.0,5244.0,0.0,100,420.06,320.0,0,0.0,0.0,,0.0,1,15.73,63.35,SPY210521C00357000,357.0,normalDay
2021-04-30,4323.0,5203.0,0.0,100,417.3,320.0,0,0.0,0.0,,0.0,1,15.73,61.0,SPY210521C00357000,357.0,normalDay
2021-05-03,4323.0,5234.0,0.0,100,418.2,320.0,0,0.0,0.0,,0.0,1,15.73,61.59,SPY210521C00357000,357.0,normalDay
2021-05-04,4323.0,5244.0,0.0,100,415.62,320.0,0,0.0,0.0,,0.0,1,15.73,58.91,SPY210521C00357000,357.0,normalDay
2021-05-05,4323.0,5250.0,0.0,100,415.75,320.0,0,0.0,0.0,,0.0,1,15.73,58.98,SPY210521C00357000,357.0,normalDay
2021-05-06,4323.0,5239.0,0.0,100,419.07,320.0,0,0.0,0.0,,0.0,1,15.73,62.41,SPY210521C00357000,357.0,normalDay
2021-05-07,4323.0,5240.0,0.0,100,422.12,320.0,0,0.0,0.0,,0.0,1,15.73,65.45,SPY210521C00357000,357.0,normalDay
2021-05-10,4323.0,5276.0,0.0,100,417.94,320.0,0,0.0,0.0,,0.0,1,15.73,60.91,SPY210521C00357000,357.0,normalDay
2021-05-11,4323.0,5255.0,0.0,100,414.21,320.0,0,0.0,0.0,,0.0,1,15.73,57.39,SPY210521C00357000,357.0,normalDay
2021-05-12,4323.0,5202.0,0.0,100,405.41,320.0,0,0.0,0.0,,0.0,1,15.73,49.12,SPY210521C00357000,357.0,normalDay
2021-05-13,4323.0,5273.0,0.0,100,410.28,320.0,0,0.0,0.0,,0.0,1,15.73,53.28,SPY210521C00357000,357.0,normalDay
2021-05-14,4323.0,5208.0,0.0,100,416.58,320.0,0,0.0,0.0,,0.0,1,15.73,60.23,SPY210521C00357000,357.0,normalDay
2021-05-17,4323.0,5235.0,0.0,100,415.52,320.0,0,0.0,0.0,,0.0,1,15.73,58.9,SPY210521C00357000,357.0,normalDay
2021-05-18,4323.0,5260.0,0.0,100,411.94,320.0,0,0.0,0.0,,0.0,1,15.73,55.07,SPY210521C00357000,357.0,normalDay
2021-05-19,4323.0,5260.0,0.0,100,410.86,320.0,0,0.0,0.0,,0.0,1,15.73,53.99,SPY210521C00357000,357.0,normalDay
2021-05-20,4323.0,5290.0,0.0,100,415.28,320.0,0,0.0,0.0,,0.0,1,15.73,58.11,SPY210521C00357000,357.0,normalDay
2021-05-21,9596.0,5290.0,5273.0,0,414.94,0.0,0,0.0,0.0,,0.0,1,15.73,0.0,SPY210521C00357000,357.0,expirationDay
2021-05-24,9596.0,-5.0,0.0,0,419.17,0.0,1,4.49,4.54,SPY210625P00409000,409.0,0,0.0,0.0,,0.0,normalDay
2021-05-25,9596.0,-31.0,0.0,0,418.24,0.0,1,4.49,4.8,SPY210625P00409000,409.0,0,0.0,0.0,,0.0,normalDay
2021-05-26,9596.0,48.0,0.0,0,419.07,0.0,1,4.49,4.01,SPY210625P00409000,409.0,0,0.0,0.0,,0.0,normalDay
2021-05-27,9596.0,105.0,0.0,0,419.29,0.0,1,4.49,3.44,SPY210625P00409000,409.0,0,0.0,0.0,,0.0,normalDay
2021-05-28,9596.0,129.0,0.0,0,420.04,0.0,1,4.49,3.2,SPY210625P00409000,409.0,0,0.0,0.0,,0.0,normalDay
2021-06-01,9596.0,120.0,0.0,0,419.67,0.0,1,4.49,3.29,SPY210625P00409000,409.0,0,0.0,0.0,,0.0,normalDay
2021-06-02,9596.0,165.0,0.0,0,420.33,0.0,1,4.49,2.84,SPY210625P00409000,409.0,0,0.0,0.0,,0.0,normalDay
2021-06-03,9596.0,123.0,0.0,0,418.77,0.0,1,4.49,3.26,SPY210625P00409000,409.0,0,0.0,0.0,,0.0,normalDay
2021-06-04,9596.0,241.0,0.0,0,422.6,0.0,1,4.49,2.08,SPY210625P00409000,409.0,0,0.0,0.0,,0.0,normalDay
2021-06-07,9596.0,276.0,0.0,0,422.19,0.0,1,4.49,1.73,SPY210625P00409000,409.0,0,0.0,0.0,,0.0,normalDay
2021-06-08,9596.0,266.0,0.0,0,422.28,0.0,1,4.49,1.83,SPY210625P00409000,409.0,0,0.0,0.0,,0.0,normalDay
2021-06-09,9596.0,244.0,0.0,0,421.65,0.0,1,4.49,2.05,SPY210625P00409000,409.0,0,0.0,0.0,,0.0,normalDay
2021-06-10,9596.0,326.0,0.0,0,423.61,0.0,1,4.49,1.23,SPY210625P00409000,409.0,0,0.0,0.0,,0.0,normalDay
2021-06-11,9596.0,351.0,0.0,0,424.31,0.0,1,4.49,0.98,SPY210625P00409000,409.0,0,0.0,0.0,,0.0,normalDay
2021-06-14,9596.0,369.0,0.0,0,425.26,0.0,1,4.49,0.8,SPY210625P00409000,409.0,0,0.0,0.0,,0.0,normalDay
2021-06-15,9596.0,358.0,0.0,0,424.48,0.0,1,4.49,0.91,SPY210625P00409000,409.0,0,0.0,0.0,,0.0,normalDay
2021-06-16,9596.0,324.0,0.0,0,422.11,0.0,1,4.49,1.25,SPY210625P00409000,409.0,0,0.0,0.0,,0.0,normalDay
2021-06-17,9596.0,360.0,0.0,0,421.97,0.0,1,4.49,0.89,SPY210625P00409000,409.0,0,0.0,0.0,,0.0,normalDay
2021-06-18,9596.0,236.0,0.0,0,414.92,0.0,1,4.49,2.13,SPY210625P00409000,409.0,0,0.0,0.0,,0.0,normalDay
2021-06-21,9596.0,409.0,0.0,0,420.86,0.0,1,4.49,0.4,SPY210625P00409000,409.0,0,0.0,0.0,,0.0,normalDay
2021-06-22,9596.0,435.0,0.0,0,423.11,0.0,1,4.49,0.14,SPY210625P00409000,409.0,0,0.0,0.0,,0.0,normalDay
2021-06-23,9596.0,443.0,0.0,0,422.6,0.0,1,4.49,0.06,SPY210625P00409000,409.0,0,0.0,0.0,,0.0,normalDay
2021-06-24,9596.0,446.0,0.0,0,425.1,0.0,1,4.49,0.03,SPY210625P00409000,409.0,0,0.0,0.0,,0.0,normalDay
2021-06-25,10045.0,0.0,449.0,0,426.61,0.0,1,4.49,0.0,SPY210625P00409000,409.0,0,0.0,0.0,,0.0,expirationDay
2021-06-28,10045.0,-4.0,0.0,0,427.47,0.0,1,3.31,3.35,SPY210730P00417500,417.5,0,0.0,0.0,,0.0,normalDay
2021-06-29,10045.0,10.0,0.0,0,427.7,0.0,1,3.31,3.21,SPY210730P00417500,417.5,0,0.0,0.0,,0.0,normalDay
2021-06-30,10045.0,37.0,0.0,0,428.06,0.0,1,3.31,2.94,SPY210730P00417500,417.5,0,0.0,0.0,,0.0,normalDay
2021-07-01,10045.0,75.0,0.0,0,430.43,0.0,1,3.31,2.56,SPY210730P00417500,417.5,0,0.0,0.0,,0.0,normalDay
2021-07-02,10045.0,133.0,0.0,0,433.72,0.0,1,3.31,1.98,SPY210730P00417500,417.5,0,0.0,0.0,,0.0,normalDay
2021-07-06,10045.0,120.0,0.0,0,432.93,0.0,1,3.31,2.11,SPY210730P00417500,417.5,0,0.0,0.0,,0.0,normalDay
2021-07-07,10045.0,151.0,0.0,0,434.46,0.0,1,3.31,1.8,SPY210730P00417500,417.5,0,0.0,0.0,,0.0,normalDay
2021-07-08,10045.0,39.0,0.0,0,430.92,0.0,1,3.31,2.92,SPY210730P00417500,417.5,0,0.0,0.0,,0.0,normalDay
2021-07-09,10045.0,177.0,0.0,0,435.52,0.0,1,3.31,1.54,SPY210730P00417500,417.5,0,0.0,0.0,,0.0,normalDay
2021-07-12,10045.0,213.0,0.0,0,437.08,0.0,1,3.31,1.18,SPY210730P00417500,417.5,0,0.0,0.0,,0.0,normalDay
2021-07-13,10045.0,186.0,0.0,0,435.59,0.0,1,3.31,1.45,SPY210730P00417500,417.5,0,0.0,0.0,,0.0,normalDay
2021-07-14,10045.0,227.0,0.0,0,436.24,0.0,1,3.31,1.04,SPY210730P00417500,417.5,0,0.0,0.0,,0.0,normalDay
2021-07-15,10045.0,207.0,0.0,0,434.75,0.0,1,3.31,1.24,SPY210730P00417500,417.5,0,0.0,0.0,,0.0,normalDay
2021-07-16,10045.0,156.0,0.0,0,431.34,0.0,1,3.31,1.75,SPY210730P00417500,417.5,0,0.0,0.0,,0.0,normalDay
2021-07-19,10045.0,-2.0,0.0,0,424.97,0.0,1,3.31,3.33,SPY210730P00417500,417.5,0,0.0,0.0,,0.0,normalDay
2021-07-20,10045.0,181.0,0.0,0,431.06,0.0,1,3.31,1.5,SPY210730P00417500,417.5,0,0.0,0.0,,0.0,normalDay
2021-07-21,10045.0,273.0,0.0,0,434.55,0.0,1,3.31,0.58,SPY210730P00417500,417.5,0,0.0,0.0,,0.0,normalDay
2021-07-22,10045.0,291.0,0.0,0,435.46,0.0,1,3.31,0.4,SPY210730P00417500,417.5,0,0.0,0.0,,0.0,normalDay
2021-07-23,10045.0,318.0,0.0,0,439.94,0.0,1,3.31,0.13,SPY210730P00417500,417.5,0,0.0,0.0,,0.0,normalDay
2021-07-26,10045.0,325.0,0.0,0,441.02,0.0,1,3.31,0.06,SPY210730P00417500,417.5,0,0.0,0.0,,0.0,normalDay
2021-07-27,10045.0,319.0,0.0,0,439.01,0.0,1,3.31,0.12,SPY210730P00417500,417.5,0,0.0,0.0,,0.0,normalDay
2021-07-28,10045.0,327.0,0.0,0,438.83,0.0,1,3.31,0.04,SPY210730P00417500,417.5,0,0.0,0.0,,0.0,normalDay
2021-07-29,10045.0,329.0,0.0,0,440.65,0.0,1,3.31,0.02,SPY210730P00417500,417.5,0,0.0,0.0,,0.0,normalDay
2021-07-30,10376.0,0.0,331.0,0,438.51,0.0,1,3.31,0.0,SPY210730P00417500,417.5,0,0.0,0.0,,0.0,expirationDay
2021-08-02,10376.0,-5.0,0.0,0,437.59,0.0,1,5.24,5.29,SPY210903P00429000,429.0,0,0.0,0.0,,0.0,normalDay
2021-08-03,10376.0,126.0,0.0,0,441.15,0.0,1,5.24,3.98,SPY210903P00429000,429.0,0,0.0,0.0,,0.0,normalDay
2021-08-04,10376.0,101.0,0.0,0,438.98,0.0,1,5.24,4.23,SPY210903P00429000,429.0,0,0.0,0.0,,0.0,normalDay
2021-08-05,10376.0,180.0,0.0,0,441.76,0.0,1,5.24,3.44,SPY210903P00429000,429.0,0,0.0,0.0,,0.0,normalDay
2021-08-06,10376.0,238.0,0.0,0,442.49,0.0,1,5.24,2.86,SPY210903P00429000,429.0,0,0.0,0.0,,0.0,normalDay
2021-08-09,10376.0,251.0,0.0,0,442.13,0.0,1,5.24,2.73,SPY210903P00429000,429.0,0,0.0,0.0,,0.0,normalDay
2021-08-10,10376.0,256.0,0.0,0,442.68,0.0,1,5.24,2.68,SPY210903P00429000,429.0,0,0.0,0.0,,0.0,normalDay
2021-08-11,10376.0,303.0,0.0,0,443.78,0.0,1,5.24,2.21,SPY210903P00429000,429.0,0,0.0,0.0,,0.0,normalDay
2021-08-12,10376.0,343.0,0.0,0,445.11,0.0,1,5.24,1.81,SPY210903P00429000,429.0,0,0.0,0.0,,0.0,normalDay
2021-08-13,10376.0,372.0,0.0,0,445.92,0.0,1,5.24,1.52,SPY210903P00429000,429.0,0,0.0,0.0,,0.0,normalDay
2021-08-16,10376.0,392.0,0.0,0,446.97,0.0,1,5.24,1.32,SPY210903P00429000,429.0,0,0.0,0.0,,0.0,normalDay
2021-08-17,10376.0,319.0,0.0,0,444.04,0.0,1,5.24,2.05,SPY210903P00429000,429.0,0,0.0,0.0,,0.0,normalDay
2021-08-18,10376.0,164.0,0.0,0,439.18,0.0,1,5.24,3.6,SPY210903P00429000,429.0,0,0.0,0.0,,0.0,normalDay
2021-08-19,10376.0,201.0,0.0,0,439.86,0.0,1,5.24,3.23,SPY210903P00429000,429.0,0,0.0,0.0,,0.0,normalDay
2021-08-20,10376.0,359.0,0.0,0,443.36,0.0,1,5.24,1.65,SPY210903P00429000,429.0,0,0.0,0.0,,0.0,normalDay
2021-08-23,10376.0,455.0,0.0,0,447.26,0.0,1,5.24,0.69,SPY210903P00429000,429.0,0,0.0,0.0,,0.0,normalDay
2021-08-24,10376.0,465.0,0.0,0,447.97,0.0,1,5.24,0.59,SPY210903P00429000,429.0,0,0.0,0.0,,0.0,normalDay
2021-08-25,10376.0,483.0,0.0,0,448.91,0.0,1,5.24,0.41,SPY210903P00429000,429.0,0,0.0,0.0,,0.0,normalDay
2021-08-26,10376.0,445.0,0.0,0,446.26,0.0,1,5.24,0.79,SPY210903P00429000,429.0,0,0.0,0.0,,0.0,normalDay
2021-08-27,10376.0,502.0,0.0,0,450.25,0.0,1,5.24,0.22,SPY210903P00429000,429.0,0,0.0,0.0,,0.0,normalDay
2021-08-30,10376.0,517.0,0.0,0,452.23,0.0,1,5.24,0.07,SPY210903P00429000,429.0,0,0.0,0.0,,0.0,normalDay
2021-08-31,10376.0,517.0,0.0,0,451.56,0.0,1,5.24,0.07,SPY210903P00429000,429.0,0,0.0,0.0,,0.0,normalDay
2021-09-01,10376.0,520.0,0.0,0,451.8,0.0,1,5.24,0.04,SPY210903P00429000,429.0,0,0.0,0.0,,0.0,normalDay
2021-09-02,10376.0,522.0,0.0,0,453.19,0.0,1,5.24,0.02,SPY210903P00429000,429.0,0,0.0,0.0,,0.0,normalDay
2021-09-03,10900.0,0.0,524.0,0,453.08,0.0,1,5.24,0.0,SPY210903P00429000,429.0,0,0.0,0.0,,0.0,expirationDay
2021-09-07,10900.0,-4.0,0.0,0,451.46,0.0,1,4.18,4.22,SPY211008P00440000,440.0,0,0.0,0.0,,0.0,normalDay
2021-09-08,10900.0,-4.0,0.0,0,450.91,0.0,1,4.18,4.22,SPY211008P00440000,440.0,0,0.0,0.0,,0.0,normalDay
2021-09-09,10900.0,-81.0,0.0,0,448.98,0.0,1,4.18,4.99,SPY211008P00440000,440.0,0,0.0,0.0,,0.0,normalDay
2021-09-10,10900.0,-201.0,0.0,0,445.44,0.0,1,4.18,6.19,SPY211008P00440000,440.0,0,0.0,0.0,,0.0,normalDay
2021-09-13,10900.0,-88.0,0.0,0,446.58,0.0,1,4.18,5.06,SPY211008P00440000,440.0,0,0.0,0.0,,0.0,normalDay
2021-09-14,10900.0,-163.0,0.0,0,444.17,0.0,1,4.18,5.81,SPY211008P00440000,440.0,0,0.0,0.0,,0.0,normalDay
2021-09-15,10900.0,11.0,0.0,0,447.88,0.0,1,4.18,4.07,SPY211008P00440000,440.0,0,0.0,0.0,,0.0,normalDay
2021-09-16,10900.0,-13.0,0.0,0,447.17,0.0,1,4.18,4.31,SPY211008P00440000,440.0,0,0.0,0.0,,0.0,normalDay
2021-09-17,10900.0,-194.0,0.0,0,441.4,0.0,1,4.18,6.12,SPY211008P00440000,440.0,0,0.0,0.0,,0.0,normalDay
2021-09-20,10900.0,-634.0,0.0,0,434.04,0.0,1,4.18,10.52,SPY211008P00440000,440.0,0,0.0,0.0,,0.0,normalDay
2021-09-21,10900.0,-616.0,0.0,0,433.63,0.0,1,4.18,10.34,SPY211008P00440000,440.0,0,0.0,0.0,,0.0,normalDay
2021-09-22,10900.0,-262.0,0.0,0,437.86,0.0,1,4.18,6.8,SPY211008P00440000,440.0,0,0.0,0.0,,0.0,normalDay
2021-09-23,10900.0,27.0,0.0,0,443.18,0.0,1,4.18,3.91,SPY211008P00440000,440.0,0,0.0,0.0,,0.0,normalDay
2021-09-24,10900.0,102.0,0.0,0,443.91,0.0,1,4.18,3.16,SPY211008P00440000,440.0,0,0.0,0.0,,0.0,normalDay
2021-09-27,10900.0,88.0,0.0,0,442.64,0.0,1,4.18,3.3,SPY211008P00440000,440.0,0,0.0,0.0,,0.0,normalDay
2021-09-28,10900.0,-427.0,0.0,0,433.72,0.0,1,4.18,8.45,SPY211008P00440000,440.0,0,0.0,0.0,,0.0,normalDay
2021-09-29,10900.0,-342.0,0.0,0,434.45,0.0,1,4.18,7.6,SPY211008P00440000,440.0,0,0.0,0.0,,0.0,normalDay
2021-09-30,10900.0,-724.0,0.0,0,429.14,0.0,1,4.18,11.42,SPY211008P00440000,440.0,0,0.0,0.0,,0.0,normalDay
2021-10-01,10900.0,-282.0,0.0,0,434.24,0.0,1,4.18,7.0,SPY211008P00440000,440.0,0,0.0,0.0,,0.0,normalDay
2021-10-04,10900.0,-736.0,0.0,0,428.64,0.0,1,4.18,11.54,SPY211008P00440000,440.0,0,0.0,0.0,,0.0,normalDay
2021-10-05,10900.0,-315.0,0.0,0,433.1,0.0,1,4.18,7.33,SPY211008P00440000,440.0,0,0.0,0.0,,0.0,normalDay
2021-10-06,10900.0,-172.0,0.0,0,434.9,0.0,1,4.18,5.9,SPY211008P00440000,440.0,0,0.0,0.0,,0.0,normalDay
2021-10-07,10900.0,192.0,0.0,0,438.66,0.0,1,4.18,2.26,SPY211008P00440000,440.0,0,0.0,0.0,,0.0,normalDay
2021-10-08,11318.0,-214.0,418.0,100,437.86,440.0,1,4.18,0.0,SPY211008P00440000,440.0,0,0.0,0.0,,0.0,expirationDay
2021-10-11,11318.0,-560.0,0.0,100,434.69,440.0,0,0.0,0.0,,0.0,1,12.61,12.9,SPY220331C00450000,450.0,normalDay
2021-10-12,11318.0,-553.0,0.0,100,433.62,440.0,0,0.0,0.0,,0.0,1,12.61,11.76,SPY220331C00450000,450.0,normalDay
2021-10-13,11318.0,-455.0,0.0,100,435.18,440.0,0,0.0,0.0,,0.0,1,12.61,12.34,SPY220331C00450000,450.0,normalDay
2021-10-14,11318.0,-49.0,0.0,100,442.5,440.0,0,0.0,0.0,,0.0,1,12.61,15.6,SPY220331C00450000,450.0,normalDay
2021-10-15,11318.0,109.0,0.0,100,445.87,440.0,0,0.0,0.0,,0.0,1,12.61,17.39,SPY220331C00450000,450.0,normalDay
2021-10-18,11318.0,172.0,0.0,100,447.19,440.0,0,0.0,0.0,,0.0,1,12.61,18.08,SPY220331C00450000,450.0,normalDay
2021-10-19,11318.0,320.0,0.0,100,450.64,440.0,0,0.0,0.0,,0.0,1,12.61,20.05,SPY220331C00450000,450.0,normalDay
2021-10-20,11318.0,447.0,0.0,100,452.41,440.0,0,0.0,0.0,,0.0,1,12.61,20.55,SPY220331C00450000,450.0,normalDay
2021-10-21,11318.0,500.0,0.0,100,453.59,440.0,0,0.0,0.0,,0.0,1,12.61,21.2,SPY220331C00450000,450.0,normalDay
2021-10-22,11318.0,470.0,0.0,100,453.12,440.0,0,0.0,0.0,,0.0,1,12.61,21.03,SPY220331C00450000,450.0,normalDay
2021-10-25,11318.0,617.0,0.0,100,455.55,440.0,0,0.0,0.0,,0.0,1,12.61,21.99,SPY220331C00450000,450.0,normalDay
2021-10-26,11318.0,564.0,0.0,100,455.96,440.0,0,0.0,0.0,,0.0,1,12.61,22.93,SPY220331C00450000,450.0,normalDay
2021-10-27,11318.0,443.0,0.0,100,453.94,440.0,0,0.0,0.0,,0.0,1,12.61,22.12,SPY220331C00450000,450.0,normalDay
2021-10-28,11318.0,652.0,0.0,100,458.32,440.0,0,0.0,0.0,,0.0,1,12.61,24.41,SPY220331C00450000,450.0,normalDay
2021-10-29,11318.0,654.0,0.0,100,459.25,440.0,0,0.0,0.0,,0.0,1,12.61,25.32,SPY220331C00450000,450.0,normalDay
2021-11-01,11318.0,706.0,0.0,100,460.04,440.0,0,0.0,0.0,,0.0,1,12.61,25.59,SPY220331C00450000,450.0,normalDay
2021-11-02,11318.0,803.0,0.0,100,461.9,440.0,0,0.0,0.0,,0.0,1,12.61,26.48,SPY220331C00450000,450.0,normalDay
2021-11-03,11318.0,894.0,0.0,100,464.72,440.0,0,0.0,0.0,,0.0,1,12.61,28.39,SPY220331C00450000,450.0,normalDay
2021-11-04,11318.0,960.0,0.0,100,466.91,440.0,0,0.0,0.0,,0.0,1,12.61,29.92,SPY220331C00450000,450.0,normalDay
2021-11-05,11318.0,952.0,0.0,100,468.53,440.0,0,0.0,0.0,,0.0,1,12.61,31.62,SPY220331C00450000,450.0,normalDay
2021-11-08,11318.0,967.0,0.0,100,468.93,440.0,0,0.0,0.0,,0.0,1,12.61,31.87,SPY220331C00450000,450.0,normalDay
2021-11-09,11318.0,909.0,0.0,100,467.38,440.0,0,0.0,0.0,,0.0,1,12.61,30.9,SPY220331C00450000,450.0,normalDay
2021-11-10,11318.0,775.0,0.0,100,463.62,440.0,0,0.0,0.0,,0.0,1,12.61,28.48,SPY220331C00450000,450.0,normalDay
2021-11-11,11318.0,812.0,0.0,100,463.77,440.0,0,0.0,0.0,,0.0,1,12.61,28.26,SPY220331C00450000,450.0,normalDay
2021-11-12,11318.0,964.0,0.0,100,467.27,440.0,0,0.0,0.0,,0.0,1,12.61,30.24,SPY220331C00450000,450.0,normalDay
2021-11-15,11318.0,987.0,0.0,100,467.43,440.0,0,0.0,0.0,,0.0,1,12.61,30.17,SPY220331C00450000,450.0,normalDay
2021-11-16,11318.0,1024.0,0.0,100,469.28,440.0,0,0.0,0.0,,0.0,1,12.61,31.65,SPY220331C00450000,450.0,normalDay
2021-11-17,11318.0,981.0,0.0,100,468.14,440.0,0,0.0,0.0,,0.0,1,12.61,30.94,SPY220331C00450000,450.0,normalDay
2021-11-18,11318.0,995.0,0.0,100,469.73,440.0,0,0.0,0.0,,0.0,1,12.61,32.39,SPY220331C00450000,450.0,normalDay
2021-11-19,11318.0,966.0,0.0,100,468.89,440.0,0,0.0,0.0,,0.0,1,12.61,31.84,SPY220331C00450000,450.0,normalDay
2021-11-22,11318.0,916.0,0.0,100,467.57,440.0,0,0.0,0.0,,0.0,1,12.61,31.02,SPY220331C00450000,450.0,normalDay
2021-11-23,11318.0,974.0,0.0,100,468.19,440.0,0,0.0,0.0,,0.0,1,12.61,31.06,SPY220331C00450000,450.0,normalDay
2021-11-24,11318.0,1005.0,0.0,100,469.44,440.0,0,0.0,0.0,,0.0,1,12.61,32.0,SPY220331C00450000,450.0,normalDay
2021-11-26,11318.0,339.0,0.0,100,458.97,440.0,0,0.0,0.0,,0.0,1,12.61,28.19,SPY220331C00450000,450.0,normalDay
2021-11-29,11318.0,781.0,0.0,100,464.6,440.0,0,0.0,0.0,,0.0,1,12.61,29.4,SPY220331C00450000,450.0,normalDay
2021-11-30,11318.0,186.0,0.0,100,455.56,440.0,0,0.0,0.0,,0.0,1,12.61,26.31,SPY220331C00450000,450.0,normalDay
2021-12-01,11318.0,-9.0,0.0,100,450.5,440.0,0,0.0,0.0,,0.0,1,12.61,23.2,SPY220331C00450000,450.0,normalDay
2021-12-02,11318.0,400.0,0.0,100,457.4,440.0,0,0.0,0.0,,0.0,1,12.61,26.01,SPY220331C00450000,450.0,normalDay
2021-12-03,11318.0,123.0,0.0,100,453.42,440.0,0,0.0,0.0,,0.0,1,12.61,24.8,SPY220331C00450000,450.0,normalDay
2021-12-06,11318.0,477.0,0.0,100,458.79,440.0,0,0.0,0.0,,0.0,1,12.61,26.63,SPY220331C00450000,450.0,normalDay
2021-12-07,11318.0,932.0,0.0,100,468.28,440.0,0,0.0,0.0,,0.0,1,12.61,31.57,SPY220331C00450000,450.0,normalDay
2021-12-08,11318.0,1064.0,0.0,100,469.52,440.0,0,0.0,0.0,,0.0,1,12.61,31.49,SPY220331C00450000,450.0,normalDay
2021-12-09,11318.0,960.0,0.0,100,466.35,440.0,0,0.0,0.0,,0.0,1,12.61,29.36,SPY220331C00450000,450.0,normalDay
2021-12-10,11318.0,1135.0,0.0,100,470.74,440.0,0,0.0,0.0,,0.0,1,12.61,32.0,SPY220331C00450000,450.0,normalDay
2021-12-13,11318.0,1001.0,0.0,100,466.57,440.0,0,0.0,0.0,,0.0,1,12.61,29.17,SPY220331C00450000,450.0,normalDay
2021-12-14,11318.0,859.0,0.0,100,463.36,440.0,0,0.0,0.0,,0.0,1,12.61,27.38,SPY220331C00450000,450.0,normalDay
2021-12-15,11318.0,1146.0,0.0,100,470.6,440.0,0,0.0,0.0,,0.0,1,12.61,31.75,SPY220331C00450000,450.0,normalDay
2021-12-16,11318.0,964.0,0.0,100,466.45,440.0,0,0.0,0.0,,0.0,1,12.61,29.42,SPY220331C00450000,450.0,normalDay
2021-12-17,11318.0,601.0,0.0,100,459.87,440.0,0,0.0,0.0,,0.0,1,12.61,26.47,SPY220331C00450000,450.0,normalDay
2021-12-20,11318.0,479.0,0.0,100,454.98,440.0,0,0.0,0.0,,0.0,1,12.61,22.8,SPY220331C00450000,450.0,normalDay
2021-12-21,11318.0,836.0,0.0,100,463.06,440.0,0,0.0,0.0,,0.0,1,12.61,27.31,SPY220331C00450000,450.0,normalDay
2021-12-22,11318.0,1041.0,0.0,100,467.69,440.0,0,0.0,0.0,,0.0,1,12.61,29.89,SPY220331C00450000,450.0,normalDay
2021-12-23,11318.0,1105.0,0.0,100,470.6,440.0,0,0.0,0.0,,0.0,1,12.61,32.16,SPY220331C00450000,450.0,normalDay
2021-12-27,11318.0,1332.0,0.0,100,477.26,440.0,0,0.0,0.0,,0.0,1,12.61,36.55,SPY220331C00450000,450.0,normalDay
2021-12-28,11318.0,1304.0,0.0,100,476.87,440.0,0,0.0,0.0,,0.0,1,12.61,36.44,SPY220331C00450000,450.0,normalDay
2021-12-29,11318.0,1384.0,0.0,100,477.48,440.0,0,0.0,0.0,,0.0,1,12.61,36.25,SPY220331C00450000,450.0,normalDay
2021-12-30,11318.0,1379.0,0.0,100,476.16,440.0,0,0.0,0.0,,0.0,1,12.61,34.98,SPY220331C00450000,450.0,normalDay
2021-12-31,11318.0,1357.0,0.0,100,474.96,440.0,0,0.0,0.0,,0.0,1,12.61,34.0,SPY220331C00450000,450.0,normalDay
2022-01-03,11318.0,1507.0,0.0,100,477.71,440.0,0,0.0,0.0,,0.0,1,12.61,35.25,SPY220331C00450000,450.0,normalDay
2022-01-04,11318.0,1513.0,0.0,100,477.55,440.0,0,0.0,0.0,,0.0,1,12.61,35.03,SPY220331C00450000,450.0,normalDay
2022-01-05,11318.0,1186.0,0.0,100,468.38,440.0,0,0.0,0.0,,0.0,1,12.61,29.13,SPY220331C00450000,450.0,normalDay
2022-01-06,11318.0,1208.0,0.0,100,467.94,440.0,0,0.0,0.0,,0.0,1,12.61,28.47,SPY220331C00450000,450.0,normalDay
2022-01-07,11318.0,1198.0,0.0,100,466.09,440.0,0,0.0,0.0,,0.0,1,12.61,26.72,SPY220331C00450000,450.0,normalDay
2022-01-10,11318.0,1239.0,0.0,100,465.51,440.0,0,0.0,0.0,,0.0,1,12.61,25.73,SPY220331C00450000,450.0,normalDay
2022-01-11,11318.0,1407.0,0.0,100,469.75,440.0,0,0.0,0.0,,0.0,1,12.61,28.29,SPY220331C00450000,450.0,normalDay
2022-01-12,11318.0,1415.0,0.0,100,471.02,440.0,0,0.0,0.0,,0.0,1,12.61,29.48,SPY220331C00450000,450.0,normalDay
2022-01-13,11318.0,1202.0,0.0,100,464.53,440.0,0,0.0,0.0,,0.0,1,12.61,25.12,SPY220331C00450000,450.0,normalDay
2022-01-14,11318.0,1252.0,0.0,100,464.72,440.0,0,0.0,0.0,,0.0,1,12.61,24.81,SPY220331C00450000,450.0,normalDay
2022-01-18,11318.0,951.0,0.0,100,456.49,440.0,0,0.0,0.0,,0.0,1,12.61,19.59,SPY220331C00450000,450.0,normalDay
2022-01-19,11318.0,744.0,0.0,100,451.75,440.0,0,0.0,0.0,,0.0,1,12.61,16.92,SPY220331C00450000,450.0,normalDay
2022-01-20,11318.0,527.0,0.0,100,446.75,440.0,0,0.0,0.0,,0.0,1,12.61,14.09,SPY220331C00450000,450.0,normalDay
2022-01-21,11318.0,-31.0,0.0,100,437.98,440.0,0,0.0,0.0,,0.0,1,12.61,10.9,SPY220331C00450000,450.0,normalDay
2022-01-24,11318.0,131.0,0.0,100,439.84,440.0,0,0.0,0.0,,0.0,1,12.61,11.14,SPY220331C00450000,450.0,normalDay
2022-01-25,11318.0,-151.0,0.0,100,434.47,440.0,0,0.0,0.0,,0.0,1,12.61,8.59,SPY220331C00450000,450.0,normalDay
2022-01-26,11318.0,-239.0,0.0,100,433.38,440.0,0,0.0,0.0,,0.0,1,12.61,8.38,SPY220331C00450000,450.0,normalDay
2022-01-27,11318.0,-379.0,0.0,100,431.24,440.0,0,0.0,0.0,,0.0,1,12.61,7.64,SPY220331C00450000,450.0,normalDay
2022-01-28,11318.0,360.0,0.0,100,441.95,440.0,0,0.0,0.0,,0.0,1,12.61,10.96,SPY220331C00450000,450.0,normalDay
2022-01-31,11318.0,869.0,0.0,100,449.91,440.0,0,0.0,0.0,,0.0,1,12.61,13.83,SPY220331C00450000,450.0,normalDay
2022-02-01,11318.0,1046.0,0.0,100,452.95,440.0,0,0.0,0.0,,0.0,1,12.61,15.1,SPY220331C00450000,450.0,normalDay
2022-02-02,11318.0,1364.0,0.0,100,457.35,440.0,0,0.0,0.0,,0.0,1,12.61,16.32,SPY220331C00450000,450.0,normalDay
2022-02-03,11318.0,529.0,0.0,100,446.6,440.0,0,0.0,0.0,,0.0,1,12.61,13.92,SPY220331C00450000,450.0,normalDay
2022-02-04,11318.0,878.0,0.0,100,448.7,440.0,0,0.0,0.0,,0.0,1,12.61,12.53,SPY220331C00450000,450.0,normalDay
2022-02-07,11318.0,810.0,0.0,100,447.26,440.0,0,0.0,0.0,,0.0,1,12.61,11.77,SPY220331C00450000,450.0,normalDay
2022-02-08,11318.0,1051.0,0.0,100,450.94,440.0,0,0.0,0.0,,0.0,1,12.61,13.04,SPY220331C00450000,450.0,normalDay
2022-02-09,11318.0,1371.0,0.0,100,457.54,440.0,0,0.0,0.0,,0.0,1,12.61,16.44,SPY220331C00450000,450.0,normalDay
2022-02-10,11318.0,946.0,0.0,100,449.32,440.0,0,0.0,0.0,,0.0,1,12.61,12.47,SPY220331C00450000,450.0,normalDay
2022-02-11,11318.0,394.0,0.0,100,440.46,440.0,0,0.0,0.0,,0.0,1,12.61,9.13,SPY220331C00450000,450.0,normalDay
2022-02-14,11318.0,357.0,0.0,100,439.02,440.0,0,0.0,0.0,,0.0,1,12.61,8.06,SPY220331C00450000,450.0,normalDay
2022-02-15,11318.0,896.0,0.0,100,446.1,440.0,0,0.0,0.0,,0.0,1,12.61,9.75,SPY220331C00450000,450.0,normalDay
2022-02-16,11318.0,963.0,0.0,100,446.6,440.0,0,0.0,0.0,,0.0,1,12.61,9.58,SPY220331C00450000,450.0,normalDay
2022-02-17,11318.0,328.0,0.0,100,437.06,440.0,0,0.0,0.0,,0.0,1,12.61,6.39,SPY220331C00450000,450.0,normalDay
2022-02-18,11318.0,140.0,0.0,100,434.23,440.0,0,0.0,0.0,,0.0,1,12.61,5.44,SPY220331C00450000,450.0,normalDay
2022-02-22,11318.0,-186.0,0.0,100,429.57,440.0,0,0.0,0.0,,0.0,1,12.61,4.04,SPY220331C00450000,450.0,normalDay
2022-02-23,11318.0,-775.0,0.0,100,421.95,440.0,0,0.0,0.0,,0.0,1,12.61,2.31,SPY220331C00450000,450.0,normalDay
2022-02-24,11318.0,-204.0,0.0,100,428.3,440.0,0,0.0,0.0,,0.0,1,12.61,2.95,SPY220331C00450000,450.0,normalDay
2022-02-25,11318.0,488.0,0.0,100,437.75,440.0,0,0.0,0.0,,0.0,1,12.61,5.48,SPY220331C00450000,450.0,normalDay
2022-02-28,11318.0,392.0,0.0,100,436.63,440.0,0,0.0,0.0,,0.0,1,12.61,5.32,SPY220331C00450000,450.0,normalDay
2022-03-01,11318.0,-166.0,0.0,100,429.98,440.0,0,0.0,0.0,,0.0,1,12.61,4.25,SPY220331C00450000,450.0,normalDay
2022-03-02,11318.0,492.0,0.0,100,437.89,440.0,0,0.0,0.0,,0.0,1,12.61,5.58,SPY220331C00450000,450.0,normalDay
2022-03-03,11318.0,354.0,0.0,100,435.71,440.0,0,0.0,0.0,,0.0,1,12.61,4.78,SPY220331C00450000,450.0,normalDay
2022-03-04,11318.0,125.0,0.0,100,432.17,440.0,0,0.0,0.0,,0.0,1,12.61,3.53,SPY220331C00450000,450.0,normalDay
2022-03-07,11318.0,-930.0,0.0,100,419.43,440.0,0,0.0,0.0,,0.0,1,12.61,1.34,SPY220331C00450000,450.0,normalDay
2022-03-08,11318.0,-1201.0,0.0,100,416.25,440.0,0,0.0,0.0,,0.0,1,12.61,0.87,SPY220331C00450000,450.0,normalDay
2022-03-09,11318.0,-199.0,0.0,100,427.41,440.0,0,0.0,0.0,,0.0,1,12.61,2.01,SPY220331C00450000,450.0,normalDay
2022-03-10,11318.0,-320.0,0.0,100,425.48,440.0,0,0.0,0.0,,0.0,1,12.61,1.29,SPY220331C00450000,450.0,normalDay
2022-03-11,11318.0,-814.0,0.0,100,420.07,440.0,0,0.0,0.0,,0.0,1,12.61,0.82,SPY220331C00450000,450.0,normalDay
2022-03-14,11318.0,-1094.0,0.0,100,417.0,440.0,0,0.0,0.0,,0.0,1,12.61,0.55,SPY220331C00450000,450.0,normalDay
2022-03-15,11318.0,-222.0,0.0,100,426.17,440.0,0,0.0,0.0,,0.0,1,12.61,1.0,SPY220331C00450000,450.0,normalDay
2022-03-16,11318.0,646.0,0.0,100,435.62,440.0,0,0.0,0.0,,0.0,1,12.61,1.77,SPY220331C00450000,450.0,normalDay
2022-03-17,11318.0,1114.0,0.0,100,441.07,440.0,0,0.0,0.0,,0.0,1,12.61,2.54,SPY220331C00450000,450.0,normalDay
2022-03-18,11318.0,1306.0,0.0,100,444.52,440.0,0,0.0,0.0,,0.0,1,12.61,4.07,SPY220331C00450000,450.0,normalDay
2022-03-21,11318.0,1362.0,0.0,100,444.39,440.0,0,0.0,0.0,,0.0,1,12.61,3.38,SPY220331C00450000,450.0,normalDay
2022-03-22,11318.0,1696.0,0.0,100,449.59,440.0,0,0.0,0.0,,0.0,1,12.61,5.24,SPY220331C00450000,450.0,normalDay
2022-03-23,11318.0,1390.0,0.0,100,443.8,440.0,0,0.0,0.0,,0.0,1,12.61,2.51,SPY220331C00450000,450.0,normalDay
2022-03-24,11318.0,1840.0,0.0,100,450.49,440.0,0,0.0,0.0,,0.0,1,12.61,4.7,SPY220331C00450000,450.0,normalDay
2022-03-25,11318.0,2000.0,0.0,100,452.69,440.0,0,0.0,0.0,,0.0,1,12.61,5.3,SPY220331C00450000,450.0,normalDay
2022-03-28,11318.0,2139.0,0.0,100,455.91,440.0,0,0.0,0.0,,0.0,1,12.61,7.13,SPY220331C00450000,450.0,normalDay
2022-03-29,11318.0,2263.0,0.0,100,461.55,440.0,0,0.0,0.0,,0.0,1,12.61,11.53,SPY220331C00450000,450.0,normalDay
2022-03-30,11318.0,2201.0,0.0,100,458.7,440.0,0,0.0,0.0,,0.0,1,12.61,9.3,SPY220331C00450000,450.0,normalDay
2022-03-31,13579.0,2201.0,2261.0,0,451.64,0.0,0,0.0,0.0,,0.0,1,12.61,0.0,SPY220331C00450000,450.0,expirationDay
2022-04-01,13579.0,-5.0,0.0,0,452.92,0.0,1,1.37,1.42,SPY220502P00414000,414.0,0,0.0,0.0,,0.0,normalDay
2022-04-04,13579.0,50.0,0.0,0,456.8,0.0,1,1.37,0.87,SPY220502P00414000,414.0,0,0.0,0.0,,0.0,normalDay
2022-04-05,13579.0,-9.0,0.0,0,451.03,0.0,1,1.37,1.46,SPY220502P00414000,414.0,0,0.0,0.0,,0.0,normalDay
2022-04-06,13579.0,-45.0,0.0,0,446.52,0.0,1,1.37,1.82,SPY220502P00414000,414.0,0,0.0,0.0,,0.0,normalDay
2022-04-07,13579.0,-15.0,0.0,0,448.77,0.0,1,1.37,1.52,SPY220502P00414000,414.0,0,0.0,0.0,,0.0,normalDay
2022-04-08,13579.0,-6.0,0.0,0,447.57,0.0,1,1.37,1.43,SPY220502P00414000,414.0,0,0.0,0.0,,0.0,normalDay
2022-04-11,13579.0,-105.0,0.0,0,439.92,0.0,1,1.37,2.42,SPY220502P00414000,414.0,0,0.0,0.0,,0.0,normalDay
2022-04-12,13579.0,-112.0,0.0,0,438.29,0.0,1,1.37,2.49,SPY220502P00414000,414.0,0,0.0,0.0,,0.0,normalDay
2022-04-13,13579.0,8.0,0.0,0,443.31,0.0,1,1.37,1.29,SPY220502P00414000,414.0,0,0.0,0.0,,0.0,normalDay
2022-04-14,13579.0,-26.0,0.0,0,437.79,0.0,1,1.37,1.63,SPY220502P00414000,414.0,0,0.0,0.0,,0.0,normalDay
2022-04-18,13579.0,41.0,0.0,0,437.97,0.0,1,1.37,0.96,SPY220502P00414000,414.0,0,0.0,0.0,,0.0,normalDay
2022-04-19,13579.0,71.0,0.0,0,445.04,0.0,1,1.37,0.66,SPY220502P00414000,414.0,0,0.0,0.0,,0.0,normalDay
2022-04-20,13579.0,96.0,0.0,0,444.71,0.0,1,1.37,0.41,SPY220502P00414000,414.0,0,0.0,0.0,,0.0,normalDay
2022-04-21,13579.0,51.0,0.0,0,438.06,0.0,1,1.37,0.86,SPY220502P00414000,414.0,0,0.0,0.0,,0.0,normalDay
2022-04-22,13579.0,-183.0,0.0,0,426.04,0.0,1,1.37,3.2,SPY220502P00414000,414.0,0,0.0,0.0,,0.0,normalDay
2022-04-25,13579.0,-27.0,0.0,0,428.51,0.0,1,1.37,1.64,SPY220502P00414000,414.0,0,0.0,0.0,,0.0,normalDay
2022-04-26,13579.0,-475.0,0.0,0,416.1,0.0,1,1.37,6.12,SPY220502P00414000,414.0,0,0.0,0.0,,0.0,normalDay
2022-04-27,13579.0,-238.0,0.0,0,417.27,0.0,1,1.37,3.75,SPY220502P00414000,414.0,0,0.0,0.0,,0.0,normalDay
2022-04-28,13579.0,26.0,0.0,0,427.81,0.0,1,1.37,1.11,SPY220502P00414000,414.0,0,0.0,0.0,,0.0,normalDay
2022-04-29,13579.0,-293.0,0.0,0,412.0,0.0,1,1.37,4.3,SPY220502P00414000,414.0,0,0.0,0.0,,0.0,normalDay
2022-05-02,13716.0,0.0,137.0,0,414.48,0.0,1,1.37,0.0,SPY220502P00414000,414.0,0,0.0,0.0,,0.0,expirationDay
2022-05-03,13716.0,-7.0,0.0,0,416.38,0.0,1,10.18,10.25,SPY220603P00412000,412.0,0,0.0,0.0,,0.0,normalDay
2022-05-04,13716.0,448.0,0.0,0,429.06,0.0,1,10.18,5.7,SPY220603P00412000,412.0,0,0.0,0.0,,0.0,normalDay
2022-05-05,13716.0,-182.0,0.0,0,413.81,0.0,1,10.18,12.0,SPY220603P00412000,412.0,0,0.0,0.0,,0.0,normalDay
2022-05-06,13716.0,-266.0,0.0,0,411.34,0.0,1,10.18,12.84,SPY220603P00412000,412.0,0,0.0,0.0,,0.0,normalDay
2022-05-09,13716.0,-939.0,0.0,0,398.17,0.0,1,10.18,19.57,SPY220603P00412000,412.0,0,0.0,0.0,,0.0,normalDay
2022-05-10,13716.0,-865.0,0.0,0,399.09,0.0,1,10.18,18.83,SPY220603P00412000,412.0,0,0.0,0.0,,0.0,normalDay
2022-05-11,13716.0,-1250.0,0.0,0,392.75,0.0,1,10.18,22.68,SPY220603P00412000,412.0,0,0.0,0.0,,0.0,normalDay
2022-05-12,13716.0,-1297.0,0.0,0,392.34,0.0,1,10.18,23.15,SPY220603P00412000,412.0,0,0.0,0.0,,0.0,normalDay
2022-05-13,13716.0,-601.0,0.0,0,401.72,0.0,1,10.18,16.19,SPY220603P00412000,412.0,0,0.0,0.0,,0.0,normalDay
2022-05-16,13716.0,-593.0,0.0,0,400.09,0.0,1,10.18,16.11,SPY220603P00412000,412.0,0,0.0,0.0,,0.0,normalDay
2022-05-17,13716.0,-8.0,0.0,0,408.32,0.0,1,10.18,10.26,SPY220603P00412000,412.0,0,0.0,0.0,,0.0,normalDay
2022-05-18,13716.0,-1267.0,0.0,0,391.86,0.0,1,10.18,22.85,SPY220603P00412000,412.0,0,0.0,0.0,,0.0,normalDay
2022-05-19,13716.0,-1404.0,0.0,0,389.46,0.0,1,10.18,24.22,SPY220603P00412000,412.0,0,0.0,0.0,,0.0,normalDay
2022-05-20,13716.0,-1369.0,0.0,0,389.63,0.0,1,10.18,23.87,SPY220603P00412000,412.0,0,0.0,0.0,,0.0,normalDay
2022-05-23,13716.0,-643.0,0.0,0,396.92,0.0,1,10.18,16.61,SPY220603P00412000,412.0,0,0.0,0.0,,0.0,normalDay
2022-05-24,13716.0,-877.0,0.0,0,393.89,0.0,1,10.18,18.95,SPY220603P00412000,412.0,0,0.0,0.0,,0.0,normalDay
2022-05-25,13716.0,-602.0,0.0,0,397.37,0.0,1,10.18,16.2,SPY220603P00412000,412.0,0,0.0,0.0,,0.0,normalDay
2022-05-26,13716.0,14.0,0.0,0,405.31,0.0,1,10.18,10.04,SPY220603P00412000,412.0,0,0.0,0.0,,0.0,normalDay
2022-05-27,13716.0,664.0,0.0,0,415.26,0.0,1,10.18,3.54,SPY220603P00412000,412.0,0,0.0,0.0,,0.0,normalDay
2022-05-31,13716.0,621.0,0.0,0,412.93,0.0,1,10.18,3.97,SPY220603P00412000,412.0,0,0.0,0.0,,0.0,normalDay
2022-06-01,13716.0,533.0,0.0,0,409.59,0.0,1,10.18,4.85,SPY220603P00412000,412.0,0,0.0,0.0,,0.0,normalDay
2022-06-02,13716.0,945.0,0.0,0,417.39,0.0,1,10.18,0.73,SPY220603P00412000,412.0,0,0.0,0.0,,0.0,normalDay
2022-06-03,14734.0,-146.0,1018.0,100,410.54,412.0,1,10.18,0.0,SPY220603P00412000,412.0,0,0.0,0.0,,0.0,expirationDay
2022-06-06,14734.0,-133.0,0.0,100,411.79,412.0,0,0.0,0.0,,0.0,1,25.14,26.26,SPY230120C00420000,420.0,normalDay
2022-06-07,14734.0,86.0,0.0,100,415.74,412.0,0,0.0,0.0,,0.0,1,25.14,28.02,SPY230120C00420000,420.0,normalDay
2022-06-08,14734.0,-98.0,0.0,100,411.22,412.0,0,0.0,0.0,,0.0,1,25.14,25.34,SPY230120C00420000,420.0,normalDay
2022-06-09,14734.0,-639.0,0.0,100,401.44,412.0,0,0.0,0.0,,0.0,1,25.14,20.97,SPY230120C00420000,420.0,normalDay
2022-06-10,14734.0,-1327.0,0.0,100,389.8,412.0,0,0.0,0.0,,0.0,1,25.14,16.21,SPY230120C00420000,420.0,normalDay
2022-06-13,14734.0,-2335.0,0.0,100,375.0,412.0,0,0.0,0.0,,0.0,1,25.14,11.49,SPY230120C00420000,420.0,normalDay
2022-06-14,14734.0,-2316.0,0.0,100,373.87,412.0,0,0.0,0.0,,0.0,1,25.14,10.17,SPY230120C00420000,420.0,normalDay
2022-06-15,14734.0,-1904.0,0.0,100,379.2,412.0,0,0.0,0.0,,0.0,1,25.14,11.38,SPY230120C00420000,420.0,normalDay
2022-06-16,14734.0,-2857.0,0.0,100,366.65,412.0,0,0.0,0.0,,0.0,1,25.14,8.36,SPY230120C00420000,420.0,normalDay
2022-06-17,14734.0,-2923.0,0.0,100,365.86,412.0,0,0.0,0.0,,0.0,1,25.14,8.23,SPY230120C00420000,420.0,normalDay
2022-06-21,14734.0,-2194.0,0.0,100,375.07,412.0,0,0.0,0.0,,0.0,1,25.14,10.15,SPY230120C00420000,420.0,normalDay
2022-06-22,14734.0,-2225.0,0.0,100,374.39,412.0,0,0.0,0.0,,0.0,1,25.14,9.78,SPY230120C00420000,420.0,normalDay
2022-06-23,14734.0,-1927.0,0.0,100,378.06,412.0,0,0.0,0.0,,0.0,1,25.14,10.47,SPY230120C00420000,420.0,normalDay
2022-06-24,14734.0,-1138.0,0.0,100,390.08,412.0,0,0.0,0.0,,0.0,1,25.14,14.6,SPY230120C00420000,420.0,normalDay
2022-06-27,14734.0,-1259.0,0.0,100,388.59,412.0,0,0.0,0.0,,0.0,1,25.14,14.32,SPY230120C00420000,420.0,normalDay
2022-06-28,14734.0,-1721.0,0.0,100,380.65,412.0,0,0.0,0.0,,0.0,1,25.14,11.0,SPY230120C00420000,420.0,normalDay
2022-06-29,14734.0,-1748.0,0.0,100,380.34,412.0,0,0.0,0.0,,0.0,1,25.14,10.96,SPY230120C00420000,420.0,normalDay
2022-06-30,14734.0,-1922.0,0.0,100,377.25,412.0,0,0.0,0.0,,0.0,1,25.14,9.61,SPY230120C00420000,420.0,normalDay
2022-07-01,14734.0,-1630.0,0.0,100,381.24,412.0,0,0.0,0.0,,0.0,1,25.14,10.68,SPY230120C00420000,420.0,normalDay
2022-07-05,14734.0,-1548.0,0.0,100,381.96,412.0,0,0.0,0.0,,0.0,1,25.14,10.58,SPY230120C00420000,420.0,normalDay
2022-07-06,14734.0,-1489.0,0.0,100,383.25,412.0,0,0.0,0.0,,0.0,1,25.14,11.28,SPY230120C00420000,420.0,normalDay
2022-07-07,14734.0,-1095.0,0.0,100,388.99,412.0,0,0.0,0.0,,0.0,1,25.14,13.08,SPY230120C00420000,420.0,normalDay
2022-07-08,14734.0,-1114.0,0.0,100,388.67,412.0,0,0.0,0.0,,0.0,1,25.14,12.95,SPY230120C00420000,420.0,normalDay
2022-07-11,14734.0,-1396.0,0.0,100,384.23,412.0,0,0.0,0.0,,0.0,1,25.14,11.33,SPY230120C00420000,420.0,normalDay
2022-07-12,14734.0,-1591.0,0.0,100,380.83,412.0,0,0.0,0.0,,0.0,1,25.14,9.88,SPY230120C00420000,420.0,normalDay
2022-07-13,14734.0,-1723.0,0.0,100,378.83,412.0,0,0.0,0.0,,0.0,1,25.14,9.2,SPY230120C00420000,420.0,normalDay
2022-07-14,14734.0,-1797.0,0.0,100,377.91,412.0,0,0.0,0.0,,0.0,1,25.14,9.02,SPY230120C00420000,420.0,normalDay
2022-07-15,14734.0,-1249.0,0.0,100,385.13,412.0,0,0.0,0.0,,0.0,1,25.14,10.76,SPY230120C00420000,420.0,normalDay
2022-07-18,14734.0,-1474.0,0.0,100,381.95,412.0,0,0.0,0.0,,0.0,1,25.14,9.83,SPY230120C00420000,420.0,normalDay
2022-07-19,14734.0,-847.0,0.0,100,392.27,412.0,0,0.0,0.0,,0.0,1,25.14,13.88,SPY230120C00420000,420.0,normalDay
2022-07-20,14734.0,-686.0,0.0,100,394.77,412.0,0,0.0,0.0,,0.0,1,25.14,14.77,SPY230120C00420000,420.0,normalDay
2022-07-21,14734.0,-408.0,0.0,100,398.79,412.0,0,0.0,0.0,,0.0,1,25.14,16.01,SPY230120C00420000,420.0,normalDay
2022-07-22,14734.0,-591.0,0.0,100,395.09,412.0,0,0.0,0.0,,0.0,1,25.14,14.14,SPY230120C00420000,420.0,normalDay
2022-07-25,14734.0,-575.0,0.0,100,395.57,412.0,0,0.0,0.0,,0.0,1,25.14,14.46,SPY230120C00420000,420.0,normalDay
2022-07-26,14734.0,-880.0,0.0,100,390.89,412.0,0,0.0,0.0,,0.0,1,25.14,12.83,SPY230120C00420000,420.0,normalDay
2022-07-27,14734.0,-182.0,0.0,100,401.04,412.0,0,0.0,0.0,,0.0,1,25.14,16.0,SPY230120C00420000,420.0,normalDay
2022-07-28,14734.0,26.0,0.0,100,406.07,412.0,0,0.0,0.0,,0.0,1,25.14,18.95,SPY230120C00420000,420.0,normalDay
2022-07-29,14734.0,388.0,0.0,100,411.99,412.0,0,0.0,0.0,,0.0,1,25.14,21.25,SPY230120C00420000,420.0,normalDay
2022-08-01,14734.0,285.0,0.0,100,410.77,412.0,0,0.0,0.0,,0.0,1,25.14,21.06,SPY230120C00420000,420.0,normalDay
2022-08-02,14734.0,127.0,0.0,100,408.06,412.0,0,0.0,0.0,,0.0,1,25.14,19.93,SPY230120C00420000,420.0,normalDay
2022-08-03,14734.0,508.0,0.0,100,414.45,412.0,0,0.0,0.0,,0.0,1,25.14,22.51,SPY230120C00420000,420.0,normalDay
2022-08-04,14734.0,467.0,0.0,100,414.17,412.0,0,0.0,0.0,,0.0,1,25.14,22.64,SPY230120C00420000,420.0,normalDay
2022-08-05,14734.0,478.0,0.0,100,413.47,412.0,0,0.0,0.0,,0.0,1,25.14,21.83,SPY230120C00420000,420.0,normalDay
2022-08-08,14734.0,427.0,0.0,100,412.99,412.0,0,0.0,0.0,,0.0,1,25.14,21.86,SPY230120C00420000,420.0,normalDay
2022-08-09,14734.0,350.0,0.0,100,411.35,412.0,0,0.0,0.0,,0.0,1,25.14,20.99,SPY230120C00420000,420.0,normalDay
2022-08-10,14734.0,829.0,0.0,100,419.99,412.0,0,0.0,0.0,,0.0,1,25.14,24.84,SPY230120C00420000,420.0,normalDay
2022-08-11,14734.0,765.0,0.0,100,419.99,412.0,0,0.0,0.0,,0.0,1,25.14,25.48,SPY230120C00420000,420.0,normalDay
2022-08-12,14734.0,1114.0,0.0,100,427.1,412.0,0,0.0,0.0,,0.0,1,25.14,29.1,SPY230120C00420000,420.0,normalDay
2022-08-15,14734.0,1193.0,0.0,100,428.86,412.0,0,0.0,0.0,,0.0,1,25.14,30.07,SPY230120C00420000,420.0,normalDay
2022-08-16,14734.0,1235.0,0.0,100,429.7,412.0,0,0.0,0.0,,0.0,1,25.14,30.49,SPY230120C00420000,420.0,normalDay
2022-08-17,14734.0,1058.0,0.0,100,426.65,412.0,0,0.0,0.0,,0.0,1,25.14,29.21,SPY230120C00420000,420.0,normalDay
2022-08-18,14734.0,1166.0,0.0,100,427.89,412.0,0,0.0,0.0,,0.0,1,25.14,29.37,SPY230120C00420000,420.0,normalDay
2022-08-19,14734.0,929.0,0.0,100,422.14,412.0,0,0.0,0.0,,0.0,1,25.14,25.99,SPY230120C00420000,420.0,normalDay
2022-08-22,14734.0,495.0,0.0,100,413.35,412.0,0,0.0,0.0,,0.0,1,25.14,21.54,SPY230120C00420000,420.0,normalDay
2022-08-23,14734.0,504.0,0.0,100,412.35,412.0,0,0.0,0.0,,0.0,1,25.14,20.45,SPY230120C00420000,420.0,normalDay
2022-08-24,14734.0,599.0,0.0,100,413.67,412.0,0,0.0,0.0,,0.0,1,25.14,20.82,SPY230120C00420000,420.0,normalDay
2022-08-25,14734.0,918.0,0.0,100,419.51,412.0,0,0.0,0.0,,0.0,1,25.14,23.47,SPY230120C00420000,420.0,normalDay
2022-08-26,14734.0,181.0,0.0,100,405.31,412.0,0,0.0,0.0,,0.0,1,25.14,16.64,SPY230120C00420000,420.0,normalDay
2022-08-29,14734.0,48.0,0.0,100,402.63,412.0,0,0.0,0.0,,0.0,1,25.14,15.29,SPY230120C00420000,420.0,normalDay
2022-08-30,14734.0,-189.0,0.0,100,398.21,412.0,0,0.0,0.0,,0.0,1,25.14,13.24,SPY230120C00420000,420.0,normalDay
2022-08-31,14734.0,-342.0,0.0,100,395.18,412.0,0,0.0,0.0,,0.0,1,25.14,11.74,SPY230120C00420000,420.0,normalDay
2022-09-01,14734.0,-233.0,0.0,100,396.42,412.0,0,0.0,0.0,,0.0,1,25.14,11.89,SPY230120C00420000,420.0,normalDay
2022-09-02,14734.0,-502.0,0.0,100,392.24,412.0,0,0.0,0.0,,0.0,1,25.14,10.4,SPY230120C00420000,420.0,normalDay
2022-09-06,14734.0,-571.0,0.0,100,390.76,412.0,0,0.0,0.0,,0.0,1,25.14,9.61,SPY230120C00420000,420.0,normalDay
2022-09-07,14734.0,-87.0,0.0,100,397.78,412.0,0,0.0,0.0,,0.0,1,25.14,11.79,SPY230120C00420000,420.0,normalDay
2022-09-08,14734.0,73.0,0.0,100,400.38,412.0,0,0.0,0.0,,0.0,1,25.14,12.79,SPY230120C00420000,420.0,normalDay
2022-09-09,14734.0,460.0,0.0,100,406.6,412.0,0,0.0,0.0,,0.0,1,25.14,15.14,SPY230120C00420000,420.0,normalDay
2022-09-12,14734.0,651.0,0.0,100,410.97,412.0,0,0.0,0.0,,0.0,1,25.14,17.6,SPY230120C00420000,420.0,normalDay
2022-09-13,14734.0,-440.0,0.0,100,393.1,412.0,0,0.0,0.0,,0.0,1,25.14,10.64,SPY230120C00420000,420.0,normalDay
2022-09-14,14734.0,-291.0,0.0,100,394.6,412.0,0,0.0,0.0,,0.0,1,25.14,10.65,SPY230120C00420000,420.0,normalDay
2022-09-15,14734.0,-595.0,0.0,100,390.12,412.0,0,0.0,0.0,,0.0,1,25.14,9.21,SPY230120C00420000,420.0,normalDay
2022-09-16,14734.0,-938.0,0.0,100,385.56,412.0,0,0.0,0.0,,0.0,1,25.14,8.08,SPY230120C00420000,420.0,normalDay
2022-09-19,14734.0,-696.0,0.0,100,388.55,412.0,0,0.0,0.0,,0.0,1,25.14,8.65,SPY230120C00420000,420.0,normalDay
2022-09-20,14734.0,-1028.0,0.0,100,384.09,412.0,0,0.0,0.0,,0.0,1,25.14,7.51,SPY230120C00420000,420.0,normalDay
2022-09-21,14734.0,-1511.0,0.0,100,377.39,412.0,0,0.0,0.0,,0.0,1,25.14,5.64,SPY230120C00420000,420.0,normalDay
2022-09-22,14734.0,-1743.0,0.0,100,374.22,412.0,0,0.0,0.0,,0.0,1,25.14,4.79,SPY230120C00420000,420.0,normalDay
2022-09-23,14734.0,-2272.0,0.0,100,367.95,412.0,0,0.0,0.0,,0.0,1,25.14,3.81,SPY230120C00420000,420.0,normalDay
2022-09-26,14734.0,-2584.0,0.0,100,364.31,412.0,0,0.0,0.0,,0.0,1,25.14,3.29,SPY230120C00420000,420.0,normalDay
2022-09-27,14734.0,-2652.0,0.0,100,363.38,412.0,0,0.0,0.0,,0.0,1,25.14,3.04,SPY230120C00420000,420.0,normalDay
2022-09-28,14734.0,-2029.0,0.0,100,370.53,412.0,0,0.0,0.0,,0.0,1,25.14,3.96,SPY230120C00420000,420.0,normalDay
2022-09-29,14734.0,-2681.0,0.0,100,362.79,412.0,0,0.0,0.0,,0.0,1,25.14,2.74,SPY230120C00420000,420.0,normalDay
2022-09-30,14734.0,-3168.0,0.0,100,357.18,412.0,0,0.0,0.0,,0.0,1,25.14,2.0,SPY230120C00420000,420.0,normalDay
2022-10-03,14734.0,-2324.0,0.0,100,366.61,412.0,0,0.0,0.0,,0.0,1,25.14,2.99,SPY230120C00420000,420.0,normalDay
2022-10-04,14734.0,-1384.0,0.0,100,377.97,412.0,0,0.0,0.0,,0.0,1,25.14,4.95,SPY230120C00420000,420.0,normalDay
2022-10-05,14734.0,-1450.0,0.0,100,377.09,412.0,0,0.0,0.0,,0.0,1,25.14,4.73,SPY230120C00420000,420.0,normalDay
2022-10-06,14734.0,-1774.0,0.0,100,373.2,412.0,0,0.0,0.0,,0.0,1,25.14,4.08,SPY230120C00420000,420.0,normalDay
2022-10-07,14734.0,-2647.0,0.0,100,362.79,412.0,0,0.0,0.0,,0.0,1,25.14,2.4,SPY230120C00420000,420.0,normalDay
2022-10-10,14734.0,-2919.0,0.0,100,360.02,412.0,0,0.0,0.0,,0.0,1,25.14,2.35,SPY230120C00420000,420.0,normalDay
2022-10-11,14734.0,-3133.0,0.0,100,357.74,412.0,0,0.0,0.0,,0.0,1,25.14,2.21,SPY230120C00420000,420.0,normalDay
2022-10-12,14734.0,-3242.0,0.0,100,356.56,412.0,0,0.0,0.0,,0.0,1,25.14,2.12,SPY230120C00420000,420.0,normalDay
2022-10-13,14734.0,-2416.0,0.0,100,365.97,412.0,0,0.0,0.0,,0.0,1,25.14,3.27,SPY230120C00420000,420.0,normalDay
2022-10-14,14734.0,-3137.0,0.0,100,357.63,412.0,0,0.0,0.0,,0.0,1,25.14,2.14,SPY230120C00420000,420.0,normalDay
2022-10-17,14734.0,-2334.0,0.0,100,366.82,412.0,0,0.0,0.0,,0.0,1,25.14,3.3,SPY230120C00420000,420.0,normalDay
2022-10-18,14734.0,-1966.0,0.0,100,371.13,412.0,0,0.0,0.0,,0.0,1,25.14,3.93,SPY230120C00420000,420.0,normalDay
2022-10-19,14734.0,-2157.0,0.0,100,368.5,412.0,0,0.0,0.0,,0.0,1,25.14,3.21,SPY230120C00420000,420.0,normalDay
2022-10-20,14734.0,-2407.0,0.0,100,365.41,412.0,0,0.0,0.0,,0.0,1,25.14,2.62,SPY230120C00420000,420.0,normalDay
2022-10-21,14734.0,-1677.0,0.0,100,374.29,412.0,0,0.0,0.0,,0.0,1,25.14,4.2,SPY230120C00420000,420.0,normalDay
2022-10-24,14734.0,-1306.0,0.0,100,378.87,412.0,0,0.0,0.0,,0.0,1,25.14,5.07,SPY230120C00420000,420.0,normalDay
2022-10-25,14734.0,-761.0,0.0,100,384.92,412.0,0,0.0,0.0,,0.0,1,25.14,5.67,SPY230120C00420000,420.0,normalDay
2022-10-26,14734.0,-991.0,0.0,100,382.02,412.0,0,0.0,0.0,,0.0,1,25.14,5.07,SPY230120C00420000,420.0,normalDay
2022-10-27,14734.0,-1036.0,0.0,100,379.98,412.0,0,0.0,0.0,,0.0,1,25.14,3.48,SPY230120C00420000,420.0,normalDay
2022-10-28,14734.0,-401.0,0.0,100,389.02,412.0,0,0.0,0.0,,0.0,1,25.14,6.17,SPY230120C00420000,420.0,normalDay
2022-10-31,14734.0,-568.0,0.0,100,386.21,412.0,0,0.0,0.0,,0.0,1,25.14,5.03,SPY230120C00420000,420.0,normalDay
2022-11-01,14734.0,-678.0,0.0,100,384.52,412.0,0,0.0,0.0,,0.0,1,25.14,4.44,SPY230120C00420000,420.0,normalDay
2022-11-02,14734.0,-1462.0,0.0,100,374.87,412.0,0,0.0,0.0,,0.0,1,25.14,2.63,SPY230120C00420000,420.0,normalDay
2022-11-03,14734.0,-1784.0,0.0,100,371.01,412.0,0,0.0,0.0,,0.0,1,25.14,1.99,SPY230120C00420000,420.0,normalDay
2022-11-04,14734.0,-1311.0,0.0,100,376.35,412.0,0,0.0,0.0,,0.0,1,25.14,2.6,SPY230120C00420000,420.0,normalDay
2022-11-07,14734.0,-987.0,0.0,100,379.95,412.0,0,0.0,0.0,,0.0,1,25.14,2.96,SPY230120C00420000,420.0,normalDay
2022-11-08,14734.0,-820.0,0.0,100,382.0,412.0,0,0.0,0.0,,0.0,1,25.14,3.34,SPY230120C00420000,420.0,normalDay
2022-11-09,14734.0,-1491.0,0.0,100,374.13,412.0,0,0.0,0.0,,0.0,1,25.14,2.18,SPY230120C00420000,420.0,normalDay
2022-11-10,14734.0,161.0,0.0,100,394.69,412.0,0,0.0,0.0,,0.0,1,25.14,6.22,SPY230120C00420000,420.0,normalDay
2022-11-11,14734.0,522.0,0.0,100,398.51,412.0,0,0.0,0.0,,0.0,1,25.14,6.43,SPY230120C00420000,420.0,normalDay
2022-11-14,14734.0,291.0,0.0,100,395.12,412.0,0,0.0,0.0,,0.0,1,25.14,5.35,SPY230120C00420000,420.0,normalDay
2022-11-15,14734.0,546.0,0.0,100,398.49,412.0,0,0.0,0.0,,0.0,1,25.14,6.17,SPY230120C00420000,420.0,normalDay
2022-11-16,14734.0,356.0,0.0,100,395.45,412.0,0,0.0,0.0,,0.0,1,25.14,5.03,SPY230120C00420000,420.0,normalDay
2022-11-17,14734.0,283.0,0.0,100,394.24,412.0,0,0.0,0.0,,0.0,1,25.14,4.55,SPY230120C00420000,420.0,normalDay
2022-11-18,14734.0,460.0,0.0,100,396.03,412.0,0,0.0,0.0,,0.0,1,25.14,4.57,SPY230120C00420000,420.0,normalDay
2022-11-21,14734.0,399.0,0.0,100,394.59,412.0,0,0.0,0.0,,0.0,1,25.14,3.74,SPY230120C00420000,420.0,normalDay
2022-11-22,14734.0,836.0,0.0,100,399.9,412.0,0,0.0,0.0,,0.0,1,25.14,4.68,SPY230120C00420000,420.0,normalDay
2022-11-23,14734.0,1056.0,0.0,100,402.42,412.0,0,0.0,0.0,,0.0,1,25.14,5.0,SPY230120C00420000,420.0,normalDay
2022-11-25,14734.0,1072.0,0.0,100,402.33,412.0,0,0.0,0.0,,0.0,1,25.14,4.75,SPY230120C00420000,420.0,normalDay
2022-11-28,14734.0,581.0,0.0,100,395.91,412.0,0,0.0,0.0,,0.0,1,25.14,3.24,SPY230120C00420000,420.0,normalDay
2022-11-29,14734.0,549.0,0.0,100,395.23,412.0,0,0.0,0.0,,0.0,1,25.14,2.88,SPY230120C00420000,420.0,normalDay
2022-11-30,14734.0,1440.0,0.0,100,407.68,412.0,0,0.0,0.0,,0.0,1,25.14,6.42,SPY230120C00420000,420.0,normalDay
2022-12-01,14734.0,1471.0,0.0,100,407.38,412.0,0,0.0,0.0,,0.0,1,25.14,5.81,SPY230120C00420000,420.0,normalDay
2022-12-02,14734.0,1490.0,0.0,100,406.91,412.0,0,0.0,0.0,,0.0,1,25.14,5.15,SPY230120C00420000,420.0,normalDay
2022-12-05,14734.0,962.0,0.0,100,399.59,412.0,0,0.0,0.0,,0.0,1,25.14,3.11,SPY230120C00420000,420.0,normalDay
2022-12-06,14734.0,482.0,0.0,100,393.83,412.0,0,0.0,0.0,,0.0,1,25.14,2.15,SPY230120C00420000,420.0,normalDay
2022-12-07,14734.0,425.0,0.0,100,393.16,412.0,0,0.0,0.0,,0.0,1,25.14,2.05,SPY230120C00420000,420.0,normalDay
2022-12-08,14734.0,697.0,0.0,100,396.24,412.0,0,0.0,0.0,,0.0,1,25.14,2.41,SPY230120C00420000,420.0,normalDay
2022-12-09,14734.0,448.0,0.0,100,393.28,412.0,0,0.0,0.0,,0.0,1,25.14,1.94,SPY230120C00420000,420.0,normalDay
2022-12-12,14734.0,882.0,0.0,100,398.95,412.0,0,0.0,0.0,,0.0,1,25.14,3.27,SPY230120C00420000,420.0,normalDay
2022-12-13,14734.0,1175.0,0.0,100,401.97,412.0,0,0.0,0.0,,0.0,1,25.14,3.36,SPY230120C00420000,420.0,normalDay
2022-12-14,14734.0,1030.0,0.0,100,399.4,412.0,0,0.0,0.0,,0.0,1,25.14,2.24,SPY230120C00420000,420.0,normalDay
2022-12-15,14734.0,194.0,0.0,100,389.63,412.0,0,0.0,0.0,,0.0,1,25.14,0.83,SPY230120C00420000,420.0,normalDay
2022-12-16,14734.0,-406.0,0.0,100,383.27,412.0,0,0.0,0.0,,0.0,1,25.14,0.47,SPY230120C00420000,420.0,normalDay
2022-12-19,14734.0,-715.0,0.0,100,380.02,412.0,0,0.0,0.0,,0.0,1,25.14,0.31,SPY230120C00420000,420.0,normalDay
2022-12-20,14734.0,-661.0,0.0,100,380.54,412.0,0,0.0,0.0,,0.0,1,25.14,0.29,SPY230120C00420000,420.0,normalDay
2022-12-21,14734.0,-103.0,0.0,100,386.23,412.0,0,0.0,0.0,,0.0,1,25.14,0.4,SPY230120C00420000,420.0,normalDay
2022-12-22,14734.0,-641.0,0.0,100,380.72,412.0,0,0.0,0.0,,0.0,1,25.14,0.27,SPY230120C00420000,420.0,normalDay
2022-12-23,14734.0,-417.0,0.0,100,382.91,412.0,0,0.0,0.0,,0.0,1,25.14,0.22,SPY230120C00420000,420.0,normalDay
2022-12-27,14734.0,-565.0,0.0,100,381.4,412.0,0,0.0,0.0,,0.0,1,25.14,0.19,SPY230120C00420000,420.0,normalDay
2022-12-28,14734.0,-1031.0,0.0,100,376.66,412.0,0,0.0,0.0,,0.0,1,25.14,0.11,SPY230120C00420000,420.0,normalDay
2022-12-29,14734.0,-359.0,0.0,100,383.44,412.0,0,0.0,0.0,,0.0,1,25.14,0.17,SPY230120C00420000,420.0,normalDay
2022-12-30,14734.0,-455.0,0.0,100,382.43,412.0,0,0.0,0.0,,0.0,1,25.14,0.12,SPY230120C00420000,420.0,normalDay
2023-01-03,14734.0,-612.0,0.0,100,380.82,412.0,0,0.0,0.0,,0.0,1,25.14,0.08,SPY230120C00420000,420.0,normalDay
2023-01-04,14734.0,-318.0,0.0,100,383.76,412.0,0,0.0,0.0,,0.0,1,25.14,0.08,SPY230120C00420000,420.0,normalDay
2023-01-05,14734.0,-753.0,0.0,100,379.38,412.0,0,0.0,0.0,,0.0,1,25.14,0.05,SPY230120C00420000,420.0,normalDay
2023-01-06,14734.0,114.0,0.0,100,388.08,412.0,0,0.0,0.0,,0.0,1,25.14,0.08,SPY230120C00420000,420.0,normalDay
2023-01-09,14734.0,92.0,0.0,100,387.86,412.0,0,0.0,0.0,,0.0,1,25.14,0.08,SPY230120C00420000,420.0,normalDay
2023-01-10,14734.0,365.0,0.0,100,390.58,412.0,0,0.0,0.0,,0.0,1,25.14,0.07,SPY230120C00420000,420.0,normalDay
2023-01-11,14734.0,849.0,0.0,100,395.52,412.0,0,0.0,0.0,,0.0,1,25.14,0.17,SPY230120C00420000,420.0,normalDay
2023-01-12,14734.0,1006.0,0.0,100,396.96,412.0,0,0.0,0.0,,0.0,1,25.14,0.04,SPY230120C00420000,420.0,normalDay
2023-01-13,14734.0,1162.0,0.0,100,398.5,412.0,0,0.0,0.0,,0.0,1,25.14,0.02,SPY230120C00420000,420.0,normalDay
2023-01-17,14734.0,1089.0,0.0,100,397.77,412.0,0,0.0,0.0,,0.0,1,25.14,0.02,SPY230120C00420000,420.0,normalDay
2023-01-18,14734.0,462.0,0.0,100,391.49,412.0,0,0.0,0.0,,0.0,1,25.14,0.01,SPY230120C00420000,420.0,normalDay
2023-01-19,14734.0,177.0,0.0,100,388.64,412.0,0,0.0,0.0,,0.0,1,25.14,0.01,SPY230120C00420000,420.0,normalDay
2023-01-20,17248.0,-1612.0,2514.0,100,395.88,412.0,0,0.0,0.0,,0.0,1,25.14,0.0,SPY230120C00420000,420.0,expirationDay
2023-01-23,17248.0,-1245.0,0.0,100,400.63,412.0,0,0.0,0.0,,0.0,1,21.37,22.45,SPY230721C00405000,405.0,normalDay
2023-01-24,17248.0,-1304.0,0.0,100,400.2,412.0,0,0.0,0.0,,0.0,1,21.37,22.61,SPY230721C00405000,405.0,normalDay
2023-01-25,17248.0,-1172.0,0.0,100,400.35,412.0,0,0.0,0.0,,0.0,1,21.37,21.44,SPY230721C00405000,405.0,normalDay
2023-01-26,17248.0,-963.0,0.0,100,404.75,412.0,0,0.0,0.0,,0.0,1,21.37,23.75,SPY230721C00405000,405.0,normalDay
2023-01-27,17248.0,-933.0,0.0,100,405.68,412.0,0,0.0,0.0,,0.0,1,21.37,24.38,SPY230721C00405000,405.0,normalDay
2023-01-30,17248.0,-1159.0,0.0,100,400.59,412.0,0,0.0,0.0,,0.0,1,21.37,21.55,SPY230721C00405000,405.0,normalDay
2023-01-31,17248.0,-869.0,0.0,100,406.48,412.0,0,0.0,0.0,,0.0,1,21.37,24.54,SPY230721C00405000,405.0,normalDay
2023-02-01,17248.0,-789.0,0.0,100,410.8,412.0,0,0.0,0.0,,0.0,1,21.37,28.06,SPY230721C00405000,405.0,normalDay
2023-02-02,17248.0,-486.0,0.0,100,416.78,412.0,0,0.0,0.0,,0.0,1,21.37,31.01,SPY230721C00405000,405.0,normalDay
2023-02-03,17248.0,-682.0,0.0,100,412.35,412.0,0,0.0,0.0,,0.0,1,21.37,28.54,SPY230721C00405000,405.0,normalDay
2023-02-06,17248.0,-774.0,0.0,100,409.83,412.0,0,0.0,0.0,,0.0,1,21.37,26.94,SPY230721C00405000,405.0,normalDay
2023-02-07,17248.0,-531.0,0.0,100,415.19,412.0,0,0.0,0.0,,0.0,1,21.37,29.87,SPY230721C00405000,405.0,normalDay
2023-02-08,17248.0,-736.0,0.0,100,410.65,412.0,0,0.0,0.0,,0.0,1,21.37,27.38,SPY230721C00405000,405.0,normalDay
2023-02-09,17248.0,-902.0,0.0,100,407.09,412.0,0,0.0,0.0,,0.0,1,21.37,25.48,SPY230721C00405000,405.0,normalDay
2023-02-10,17248.0,-851.0,0.0,100,408.04,412.0,0,0.0,0.0,,0.0,1,21.37,25.92,SPY230721C00405000,405.0,normalDay
2023-02-13,17248.0,-651.0,0.0,100,412.83,412.0,0,0.0,0.0,,0.0,1,21.37,28.71,SPY230721C00405000,405.0,normalDay
2023-02-14,17248.0,-570.0,0.0,100,412.64,412.0,0,0.0,0.0,,0.0,1,21.37,27.71,SPY230721C00405000,405.0,normalDay
2023-02-15,17248.0,-535.0,0.0,100,413.98,412.0,0,0.0,0.0,,0.0,1,21.37,28.7,SPY230721C00405000,405.0,normalDay
2023-02-16,17248.0,-736.0,0.0,100,408.28,412.0,0,0.0,0.0,,0.0,1,21.37,25.01,SPY230721C00405000,405.0,normalDay
2023-02-17,17248.0,-756.0,0.0,100,407.26,412.0,0,0.0,0.0,,0.0,1,21.37,24.19,SPY230721C00405000,405.0,normalDay
2023-02-21,17248.0,-1130.0,0.0,100,399.09,412.0,0,0.0,0.0,,0.0,1,21.37,19.76,SPY230721C00405000,405.0,normalDay
2023-02-22,17248.0,-1116.0,0.0,100,398.54,412.0,0,0.0,0.0,,0.0,1,21.37,19.07,SPY230721C00405000,405.0,normalDay
2023-02-23,17248.0,-937.0,0.0,100,400.66,412.0,0,0.0,0.0,,0.0,1,21.37,19.4,SPY230721C00405000,405.0,normalDay
2023-02-24,17248.0,-1140.0,0.0,100,396.38,412.0,0,0.0,0.0,,0.0,1,21.37,17.15,SPY230721C00405000,405.0,normalDay
2023-02-27,17248.0,-1056.0,0.0,100,397.73,412.0,0,0.0,0.0,,0.0,1,21.37,17.66,SPY230721C00405000,405.0,normalDay
2023-02-28,17248.0,-1040.0,0.0,100,396.26,412.0,0,0.0,0.0,,0.0,1,21.37,16.03,SPY230721C00405000,405.0,normalDay
2023-03-01,17248.0,-1141.0,0.0,100,394.74,412.0,0,0.0,0.0,,0.0,1,21.37,15.52,SPY230721C00405000,405.0,normalDay
2023-03-02,17248.0,-953.0,0.0,100,397.81,412.0,0,0.0,0.0,,0.0,1,21.37,16.71,SPY230721C00405000,405.0,normalDay
2023-03-03,17248.0,-659.0,0.0,100,404.19,412.0,0,0.0,0.0,,0.0,1,21.37,20.15,SPY230721C00405000,405.0,normalDay
2023-03-06,17248.0,-611.0,0.0,100,404.47,412.0,0,0.0,0.0,,0.0,1,21.37,19.95,SPY230721C00405000,405.0,normalDay
2023-03-07,17248.0,-892.0,0.0,100,398.27,412.0,0,0.0,0.0,,0.0,1,21.37,16.56,SPY230721C00405000,405.0,normalDay
2023-03-08,17248.0,-820.0,0.0,100,398.92,412.0,0,0.0,0.0,,0.0,1,21.37,16.49,SPY230721C00405000,405.0,normalDay
2023-03-09,17248.0,-1248.0,0.0,100,391.56,412.0,0,0.0,0.0,,0.0,1,21.37,13.41,SPY230721C00405000,405.0,normalDay
2023-03-10,17248.0,-1597.0,0.0,100,385.91,412.0,0,0.0,0.0,,0.0,1,21.37,11.25,SPY230721C00405000,405.0,normalDay
2023-03-13,17248.0,-1667.0,0.0,100,385.36,412.0,0,0.0,0.0,,0.0,1,21.37,11.4,SPY230721C00405000,405.0,normalDay
2023-03-14,17248.0,-1215.0,0.0,100,391.73,412.0,0,0.0,0.0,,0.0,1,21.37,13.25,SPY230721C00405000,405.0,normalDay
2023-03-15,17248.0,-1418.0,0.0,100,389.28,412.0,0,0.0,0.0,,0.0,1,21.37,12.83,SPY230721C00405000,405.0,normalDay
2023-03-16,17248.0,-984.0,0.0,100,396.11,412.0,0,0.0,0.0,,0.0,1,21.37,15.32,SPY230721C00405000,405.0,normalDay
2023-03-17,17248.0,-1493.0,0.0,100,389.99,412.0,0,0.0,0.0,,0.0,1,21.37,14.29,SPY230721C00405000,405.0,normalDay
2023-03-20,17248.0,-1206.0,0.0,100,393.74,412.0,0,0.0,0.0,,0.0,1,21.37,15.17,SPY230721C00405000,405.0,normalDay
2023-03-21,17248.0,-881.0,0.0,100,398.91,412.0,0,0.0,0.0,,0.0,1,21.37,17.09,SPY230721C00405000,405.0,normalDay
2023-03-22,17248.0,-1206.0,0.0,100,392.11,412.0,0,0.0,0.0,,0.0,1,21.37,13.54,SPY230721C00405000,405.0,normalDay
2023-03-23,17248.0,-1165.0,0.0,100,393.17,412.0,0,0.0,0.0,,0.0,1,21.37,14.19,SPY230721C00405000,405.0,normalDay
2023-03-24,17248.0,-1007.0,0.0,100,395.75,412.0,0,0.0,0.0,,0.0,1,21.37,15.19,SPY230721C00405000,405.0,normalDay
2023-03-27,17248.0,-901.0,0.0,100,396.49,412.0,0,0.0,0.0,,0.0,1,21.37,14.87,SPY230721C00405000,405.0,normalDay
2023-03-28,17248.0,-929.0,0.0,100,395.6,412.0,0,0.0,0.0,,0.0,1,21.37,14.26,SPY230721C00405000,405.0,normalDay
2023-03-29,17248.0,-612.0,0.0,100,401.35,412.0,0,0.0,0.0,,0.0,1,21.37,16.84,SPY230721C00405000,405.0,normalDay
2023-03-30,17248.0,-509.0,0.0,100,403.7,412.0,0,0.0,0.0,,0.0,1,21.37,18.16,SPY230721C00405000,405.0,normalDay
2023-03-31,17248.0,-303.0,0.0,100,409.39,412.0,0,0.0,0.0,,0.0,1,21.37,21.79,SPY230721C00405000,405.0,normalDay
2023-04-03,17248.0,-206.0,0.0,100,410.95,412.0,0,0.0,0.0,,0.0,1,21.37,22.38,SPY230721C00405000,405.0,normalDay
2023-04-04,17248.0,-286.0,0.0,100,408.67,412.0,0,0.0,0.0,,0.0,1,21.37,20.9,SPY230721C00405000,405.0,normalDay
2023-04-05,17248.0,-304.0,0.0,100,407.6,412.0,0,0.0,0.0,,0.0,1,21.37,20.01,SPY230721C00405000,405.0,normalDay
2023-04-06,17248.0,-220.0,0.0,100,409.19,412.0,0,0.0,0.0,,0.0,1,21.37,20.76,SPY230721C00405000,405.0,normalDay
2023-04-10,17248.0,-209.0,0.0,100,409.61,412.0,0,0.0,0.0,,0.0,1,21.37,21.07,SPY230721C00405000,405.0,normalDay
2023-04-11,17248.0,-178.0,0.0,100,409.72,412.0,0,0.0,0.0,,0.0,1,21.37,20.87,SPY230721C00405000,405.0,normalDay
2023-04-12,17248.0,-179.0,0.0,100,408.05,412.0,0,0.0,0.0,,0.0,1,21.37,19.21,SPY230721C00405000,405.0,normalDay
2023-04-13,17248.0,33.0,0.0,100,413.47,412.0,0,0.0,0.0,,0.0,1,21.37,22.51,SPY230721C00405000,405.0,normalDay
2023-04-14,17248.0,20.0,0.0,100,412.46,412.0,0,0.0,0.0,,0.0,1,21.37,21.63,SPY230721C00405000,405.0,normalDay
2023-04-17,17248.0,121.0,0.0,100,413.94,412.0,0,0.0,0.0,,0.0,1,21.37,22.1,SPY230721C00405000,405.0,normalDay
2023-04-18,17248.0,171.0,0.0,100,414.21,412.0,0,0.0,0.0,,0.0,1,21.37,21.87,SPY230721C00405000,405.0,normalDay
2023-04-19,17248.0,171.0,0.0,100,414.14,412.0,0,0.0,0.0,,0.0,1,21.37,21.8,SPY230721C00405000,405.0,normalDay
2023-04-20,17248.0,72.0,0.0,100,411.88,412.0,0,0.0,0.0,,0.0,1,21.37,20.53,SPY230721C00405000,405.0,normalDay
2023-04-21,17248.0,130.0,0.0,100,412.2,412.0,0,0.0,0.0,,0.0,1,21.37,20.27,SPY230721C00405000,405.0,normalDay
2023-04-24,17248.0,159.0,0.0,100,412.63,412.0,0,0.0,0.0,,0.0,1,21.37,20.41,SPY230721C00405000,405.0,normalDay
2023-04-25,17248.0,-178.0,0.0,100,406.08,412.0,0,0.0,0.0,,0.0,1,21.37,17.23,SPY230721C00405000,405.0,normalDay
2023-04-26,17248.0,-156.0,0.0,100,404.36,412.0,0,0.0,0.0,,0.0,1,21.37,15.29,SPY230721C00405000,405.0,normalDay
2023-04-27,17248.0,140.0,0.0,100,412.41,412.0,0,0.0,0.0,,0.0,1,21.37,20.38,SPY230721C00405000,405.0,normalDay
2023-04-28,17248.0,336.0,0.0,100,415.93,412.0,0,0.0,0.0,,0.0,1,21.37,21.94,SPY230721C00405000,405.0,normalDay
2023-05-01,17248.0,344.0,0.0,100,415.51,412.0,0,0.0,0.0,,0.0,1,21.37,21.44,SPY230721C00405000,405.0,normalDay
2023-05-02,17248.0,177.0,0.0,100,410.84,412.0,0,0.0,0.0,,0.0,1,21.37,18.44,SPY230721C00405000,405.0,normalDay
2023-05-03,17248.0,27.0,0.0,100,408.02,412.0,0,0.0,0.0,,0.0,1,21.37,17.12,SPY230721C00405000,405.0,normalDay
2023-05-04,17248.0,-50.0,0.0,100,405.13,412.0,0,0.0,0.0,,0.0,1,21.37,15.0,SPY230721C00405000,405.0,normalDay
2023-05-05,17248.0,301.0,0.0,100,412.63,412.0,0,0.0,0.0,,0.0,1,21.37,18.99,SPY230721C00405000,405.0,normalDay
2023-05-08,17248.0,329.0,0.0,100,412.74,412.0,0,0.0,0.0,,0.0,1,21.37,18.82,SPY230721C00405000,405.0,normalDay
2023-05-09,17248.0,232.0,0.0,100,410.93,412.0,0,0.0,0.0,,0.0,1,21.37,17.98,SPY230721C00405000,405.0,normalDay
2023-05-10,17248.0,340.0,0.0,100,412.85,412.0,0,0.0,0.0,,0.0,1,21.37,18.82,SPY230721C00405000,405.0,normalDay
2023-05-11,17248.0,374.0,0.0,100,412.13,412.0,0,0.0,0.0,,0.0,1,21.37,17.76,SPY230721C00405000,405.0,normalDay
2023-05-12,17248.0,396.0,0.0,100,411.59,412.0,0,0.0,0.0,,0.0,1,21.37,17.0,SPY230721C00405000,405.0,normalDay
2023-05-15,17248.0,477.0,0.0,100,413.01,412.0,0,0.0,0.0,,0.0,1,21.37,17.61,SPY230721C00405000,405.0,normalDay
2023-05-16,17248.0,357.0,0.0,100,410.25,412.0,0,0.0,0.0,,0.0,1,21.37,16.05,SPY230721C00405000,405.0,normalDay
2023-05-17,17248.0,572.0,0.0,100,415.23,412.0,0,0.0,0.0,,0.0,1,21.37,18.88,SPY230721C00405000,405.0,normalDay
2023-05-18,17248.0,703.0,0.0,100,419.23,412.0,0,0.0,0.0,,0.0,1,21.37,21.57,SPY230721C00405000,405.0,normalDay
2023-05-19,17248.0,670.0,0.0,100,418.62,412.0,0,0.0,0.0,,0.0,1,21.37,21.29,SPY230721C00405000,405.0,normalDay
2023-05-22,17248.0,684.0,0.0,100,418.79,412.0,0,0.0,0.0,,0.0,1,21.37,21.32,SPY230721C00405000,405.0,normalDay
2023-05-23,17248.0,546.0,0.0,100,414.09,412.0,0,0.0,0.0,,0.0,1,21.37,18.0,SPY230721C00405000,405.0,normalDay
2023-05-24,17248.0,423.0,0.0,100,411.09,412.0,0,0.0,0.0,,0.0,1,21.37,16.23,SPY230721C00405000,405.0,normalDay
2023-05-25,17248.0,586.0,0.0,100,414.65,412.0,0,0.0,0.0,,0.0,1,21.37,18.16,SPY230721C00405000,405.0,normalDay
2023-05-26,17248.0,734.0,0.0,100,420.02,412.0,0,0.0,0.0,,0.0,1,21.37,22.05,SPY230721C00405000,405.0,normalDay
2023-05-30,17248.0,794.0,0.0,100,420.18,412.0,0,0.0,0.0,,0.0,1,21.37,21.61,SPY230721C00405000,405.0,normalDay
2023-05-31,17248.0,789.0,0.0,100,417.85,412.0,0,0.0,0.0,,0.0,1,21.37,19.33,SPY230721C00405000,405.0,normalDay
2023-06-01,17248.0,909.0,0.0,100,421.82,412.0,0,0.0,0.0,,0.0,1,21.37,22.1,SPY230721C00405000,405.0,normalDay
2023-06-02,17248.0,1035.0,0.0,100,427.92,412.0,0,0.0,0.0,,0.0,1,21.37,26.94,SPY230721C00405000,405.0,normalDay
2023-06-05,17248.0,1053.0,0.0,100,427.1,412.0,0,0.0,0.0,,0.0,1,21.37,25.94,SPY230721C00405000,405.0,normalDay
2023-06-06,17248.0,1072.0,0.0,100,428.03,412.0,0,0.0,0.0,,0.0,1,21.37,26.68,SPY230721C00405000,405.0,normalDay
2023-06-07,17248.0,1090.0,0.0,100,426.55,412.0,0,0.0,0.0,,0.0,1,21.37,25.02,SPY230721C00405000,405.0,normalDay
2023-06-08,17248.0,1176.0,0.0,100,429.13,412.0,0,0.0,0.0,,0.0,1,21.37,26.74,SPY230721C00405000,405.0,normalDay
2023-06-09,17248.0,1130.0,0.0,100,429.9,412.0,0,0.0,0.0,,0.0,1,21.37,27.97,SPY230721C00405000,405.0,normalDay
2023-06-12,17248.0,1215.0,0.0,100,433.8,412.0,0,0.0,0.0,,0.0,1,21.37,31.02,SPY230721C00405000,405.0,normalDay
2023-06-13,17248.0,1229.0,0.0,100,436.66,412.0,0,0.0,0.0,,0.0,1,21.37,33.74,SPY230721C00405000,405.0,normalDay
2023-06-14,17248.0,1223.0,0.0,100,437.18,412.0,0,0.0,0.0,,0.0,1,21.37,34.32,SPY230721C00405000,405.0,normalDay
2023-06-15,17248.0,1337.0,0.0,100,442.6,412.0,0,0.0,0.0,,0.0,1,21.37,38.6,SPY230721C00405000,405.0,normalDay
2023-06-16,17248.0,1101.0,0.0,100,439.46,412.0,0,0.0,0.0,,0.0,1,21.37,37.82,SPY230721C00405000,405.0,normalDay
2023-06-20,17248.0,1184.0,0.0,100,437.18,412.0,0,0.0,0.0,,0.0,1,21.37,34.71,SPY230721C00405000,405.0,normalDay
2023-06-21,17248.0,1137.0,0.0,100,434.94,412.0,0,0.0,0.0,,0.0,1,21.37,32.94,SPY230721C00405000,405.0,normalDay
2023-06-22,17248.0,1207.0,0.0,100,436.51,412.0,0,0.0,0.0,,0.0,1,21.37,33.81,SPY230721C00405000,405.0,normalDay
2023-06-23,17248.0,1170.0,0.0,100,433.21,412.0,0,0.0,0.0,,0.0,1,21.37,30.88,SPY230721C00405000,405.0,normalDay
2023-06-26,17248.0,1156.0,0.0,100,431.44,412.0,0,0.0,0.0,,0.0,1,21.37,29.25,SPY230721C00405000,405.0,normalDay
2023-06-27,17248.0,1240.0,0.0,100,436.17,412.0,0,0.0,0.0,,0.0,1,21.37,33.14,SPY230721C00405000,405.0,normalDay
2023-06-28,17248.0,1194.0,0.0,100,436.39,412.0,0,0.0,0.0,,0.0,1,21.37,33.82,SPY230721C00405000,405.0,normalDay
2023-06-29,17248.0,1254.0,0.0,100,438.11,412.0,0,0.0,0.0,,0.0,1,21.37,34.94,SPY230721C00405000,405.0,normalDay
2023-06-30,17248.0,1256.0,0.0,100,443.28,412.0,0,0.0,0.0,,0.0,1,21.37,40.09,SPY230721C00405000,405.0,normalDay
2023-07-03,17248.0,1266.0,0.0,100,443.79,412.0,0,0.0,0.0,,0.0,1,21.37,40.5,SPY230721C00405000,405.0,normalDay
2023-07-05,17248.0,1309.0,0.0,100,443.13,412.0,0,0.0,0.0,,0.0,1,21.37,39.41,SPY230721C00405000,405.0,normalDay
2023-07-06,17248.0,1305.0,0.0,100,439.66,412.0,0,0.0,0.0,,0.0,1,21.37,35.98,SPY230721C00405000,405.0,normalDay
2023-07-07,17248.0,1290.0,0.0,100,438.55,412.0,0,0.0,0.0,,0.0,1,21.37,35.02,SPY230721C00405000,405.0,normalDay
2023-07-10,17248.0,1316.0,0.0,100,439.66,412.0,0,0.0,0.0,,0.0,1,21.37,35.87,SPY230721C00405000,405.0,normalDay
2023-07-11,17248.0,1361.0,0.0,100,442.46,412.0,0,0.0,0.0,,0.0,1,21.37,38.22,SPY230721C00405000,405.0,normalDay
2023-07-12,17248.0,1327.0,0.0,100,446.02,412.0,0,0.0,0.0,,0.0,1,21.37,42.12,SPY230721C00405000,405.0,normalDay
2023-07-13,17248.0,1389.0,0.0,100,449.56,412.0,0,0.0,0.0,,0.0,1,21.37,45.04,SPY230721C00405000,405.0,normalDay
2023-07-14,17248.0,1416.0,0.0,100,449.28,412.0,0,0.0,0.0,,0.0,1,21.37,44.49,SPY230721C00405000,405.0,normalDay
2023-07-17,17248.0,1433.0,0.0,100,450.84,412.0,0,0.0,0.0,,0.0,1,21.37,45.88,SPY230721C00405000,405.0,normalDay
2023-07-18,17248.0,1415.0,0.0,100,454.19,412.0,0,0.0,0.0,,0.0,1,21.37,49.41,SPY230721C00405000,405.0,normalDay
2023-07-19,17248.0,1419.0,0.0,100,455.2,412.0,0,0.0,0.0,,0.0,1,21.37,50.38,SPY230721C00405000,405.0,normalDay
2023-07-20,17248.0,1391.0,0.0,100,452.18,412.0,0,0.0,0.0,,0.0,1,21.37,47.64,SPY230721C00405000,405.0,normalDay
2023-07-21,18685.0,1391.0,1437.0,0,452.18,0.0,0,0.0,0.0,,0.0,1,21.37,0.0,SPY230721C00405000,405.0,expirationDay
2023-07-24,18685.0,-3.0,0.0,0,454.2,0.0,1,1.32,1.35,SPY230825P00433000,433.0,0,0.0,0.0,,0.0,normalDay
2023-07-25,18685.0,8.0,0.0,0,455.44,0.0,1,1.32,1.24,SPY230825P00433000,433.0,0,0.0,0.0,,0.0,normalDay
2023-07-26,18685.0,30.0,0.0,0,455.51,0.0,1,1.32,1.02,SPY230825P00433000,433.0,0,0.0,0.0,,0.0,normalDay
2023-07-27,18685.0,-15.0,0.0,0,452.49,0.0,1,1.32,1.47,SPY230825P00433000,433.0,0,0.0,0.0,,0.0,normalDay
2023-07-28,18685.0,44.0,0.0,0,456.92,0.0,1,1.32,0.88,SPY230825P00433000,433.0,0,0.0,0.0,,0.0,normalDay
2023-07-31,18685.0,58.0,0.0,0,457.79,0.0,1,1.32,0.74,SPY230825P00433000,433.0,0,0.0,0.0,,0.0,normalDay
2023-08-01,18685.0,53.0,0.0,0,456.48,0.0,1,1.32,0.79,SPY230825P00433000,433.0,0,0.0,0.0,,0.0,normalDay
2023-08-02,18685.0,-32.0,0.0,0,450.13,0.0,1,1.32,1.64,SPY230825P00433000,433.0,0,0.0,0.0,,0.0,normalDay
2023-08-03,18685.0,-24.0,0.0,0,448.84,0.0,1,1.32,1.56,SPY230825P00433000,433.0,0,0.0,0.0,,0.0,normalDay
2023-08-04,18685.0,-80.0,0.0,0,446.81,0.0,1,1.32,2.12,SPY230825P00433000,433.0,0,0.0,0.0,,0.0,normalDay
2023-08-07,18685.0,14.0,0.0,0,450.71,0.0,1,1.32,1.18,SPY230825P00433000,433.0,0,0.0,0.0,,0.0,normalDay
2023-08-08,18685.0,-2.0,0.0,0,448.75,0.0,1,1.32,1.34,SPY230825P00433000,433.0,0,0.0,0.0,,0.0,normalDay
2023-08-09,18685.0,-26.0,0.0,0,445.75,0.0,1,1.32,1.58,SPY230825P00433000,433.0,0,0.0,0.0,,0.0,normalDay
2023-08-10,18685.0,-19.0,0.0,0,445.91,0.0,1,1.32,1.51,SPY230825P00433000,433.0,0,0.0,0.0,,0.0,normalDay
2023-08-11,18685.0,17.0,0.0,0,445.65,0.0,1,1.32,1.15,SPY230825P00433000,433.0,0,0.0,0.0,,0.0,normalDay
2023-08-14,18685.0,65.0,0.0,0,448.11,0.0,1,1.32,0.67,SPY230825P00433000,433.0,0,0.0,0.0,,0.0,normalDay
2023-08-15,18685.0,-6.0,0.0,0,442.89,0.0,1,1.32,1.38,SPY230825P00433000,433.0,0,0.0,0.0,,0.0,normalDay
2023-08-16,18685.0,-43.0,0.0,0,439.64,0.0,1,1.32,1.75,SPY230825P00433000,433.0,0,0.0,0.0,,0.0,normalDay
2023-08-17,18685.0,-141.0,0.0,0,436.29,0.0,1,1.32,2.73,SPY230825P00433000,433.0,0,0.0,0.0,,0.0,normalDay
2023-08-18,18685.0,-89.0,0.0,0,436.5,0.0,1,1.32,2.21,SPY230825P00433000,433.0,0,0.0,0.0,,0.0,normalDay
2023-08-21,18685.0,22.0,0.0,0,439.34,0.0,1,1.32,1.1,SPY230825P00433000,433.0,0,0.0,0.0,,0.0,normalDay
2023-08-22,18685.0,33.0,0.0,0,438.15,0.0,1,1.32,0.99,SPY230825P00433000,433.0,0,0.0,0.0,,0.0,normalDay
2023-08-23,18685.0,110.0,0.0,0,443.03,0.0,1,1.32,0.22,SPY230825P00433000,433.0,0,0.0,0.0,,0.0,normalDay
2023-08-24,18685.0,81.0,0.0,0,436.89,0.0,1,1.32,0.51,SPY230825P00433000,433.0,0,0.0,0.0,,0.0,normalDay
2023-08-25,18817.0,0.0,132.0,0,439.97,0.0,1,1.32,0.0,SPY230825P00433000,433.0,0,0.0,0.0,,0.0,expirationDay
2023-08-28,18817.0,-3.0,0.0,0,442.76,0.0,1,4.13,4.16,SPY230929P00435000,435.0,0,0.0,0.0,,0.0,normalDay
2023-08-29,18817.0,162.0,0.0,0,449.16,0.0,1,4.13,2.51,SPY230929P00435000,435.0,0,0.0,0.0,,0.0,normalDay
2023-08-30,18817.0,217.0,0.0,0,451.01,0.0,1,4.13,1.96,SPY230929P00435000,435.0,0,0.0,0.0,,0.0,normalDay
2023-08-31,18817.0,231.0,0.0,0,450.35,0.0,1,4.13,1.82,SPY230929P00435000,435.0,0,0.0,0.0,,0.0,normalDay
2023-09-01,18817.0,250.0,0.0,0,451.19,0.0,1,4.13,1.63,SPY230929P00435000,435.0,0,0.0,0.0,,0.0,normalDay
2023-09-05,18817.0,230.0,0.0,0,449.24,0.0,1,4.13,1.83,SPY230929P00435000,435.0,0,0.0,0.0,,0.0,normalDay
2023-09-06,18817.0,175.0,0.0,0,446.22,0.0,1,4.13,2.38,SPY230929P00435000,435.0,0,0.0,0.0,,0.0,normalDay
2023-09-07,18817.0,157.0,0.0,0,444.85,0.0,1,4.13,2.56,SPY230929P00435000,435.0,0,0.0,0.0,,0.0,normalDay
2023-09-08,18817.0,212.0,0.0,0,445.52,0.0,1,4.13,2.01,SPY230929P00435000,435.0,0,0.0,0.0,,0.0,normalDay
2023-09-11,18817.0,276.0,0.0,0,448.45,0.0,1,4.13,1.37,SPY230929P00435000,435.0,0,0.0,0.0,,0.0,normalDay
2023-09-12,18817.0,241.0,0.0,0,445.99,0.0,1,4.13,1.72,SPY230929P00435000,435.0,0,0.0,0.0,,0.0,normalDay
2023-09-13,18817.0,287.0,0.0,0,446.51,0.0,1,4.13,1.26,SPY230929P00435000,435.0,0,0.0,0.0,,0.0,normalDay
2023-09-14,18817.0,347.0,0.0,0,450.36,0.0,1,4.13,0.66,SPY230929P00435000,435.0,0,0.0,0.0,,0.0,normalDay
2023-09-15,18817.0,281.0,0.0,0,443.37,0.0,1,4.13,1.32,SPY230929P00435000,435.0,0,0.0,0.0,,0.0,normalDay
2023-09-18,18817.0,299.0,0.0,0,443.63,0.0,1,4.13,1.14,SPY230929P00435000,435.0,0,0.0,0.0,,0.0,normalDay
2023-09-19,18817.0,288.0,0.0,0,442.71,0.0,1,4.13,1.25,SPY230929P00435000,435.0,0,0.0,0.0,,0.0,normalDay
2023-09-20,18817.0,189.0,0.0,0,438.64,0.0,1,4.13,2.24,SPY230929P00435000,435.0,0,0.0,0.0,,0.0,normalDay
2023-09-21,18817.0,-157.0,0.0,0,431.39,0.0,1,4.13,5.7,SPY230929P00435000,435.0,0,0.0,0.0,,0.0,normalDay
2023-09-22,18817.0,-171.0,0.0,0,430.42,0.0,1,4.13,5.84,SPY230929P00435000,435.0,0,0.0,0.0,,0.0,normalDay
2023-09-25,18817.0,-16.0,0.0,0,432.23,0.0,1,4.13,4.29,SPY230929P00435000,435.0,0,0.0,0.0,,0.0,normalDay
2023-09-26,18817.0,-489.0,0.0,0,425.88,0.0,1,4.13,9.02,SPY230929P00435000,435.0,0,0.0,0.0,,0.0,normalDay
2023-09-27,18817.0,-470.0,0.0,0,426.05,0.0,1,4.13,8.83,SPY230929P00435000,435.0,0,0.0,0.0,,0.0,normalDay
2023-09-28,18817.0,-269.0,0.0,0,428.52,0.0,1,4.13,6.82,SPY230929P00435000,435.0,0,0.0,0.0,,0.0,normalDay
2023-09-29,19230.0,-752.0,413.0,100,427.48,435.0,1,4.13,0.0,SPY230929P00435000,435.0,0,0.0,0.0,,0.0,expirationDay
2023-10-02,19230.0,-803.0,0.0,100,427.31,435.0,0,0.0,0.0,,0.0,1,9.47,9.81,SPY240328C00455000,455.0,normalDay
2023-10-03,19230.0,-1239.0,0.0,100,421.59,435.0,0,0.0,0.0,,0.0,1,9.47,8.45,SPY240328C00455000,455.0,normalDay
2023-10-04,19230.0,-991.0,0.0,100,424.66,435.0,0,0.0,0.0,,0.0,1,9.47,9.04,SPY240328C00455000,455.0,normalDay
2023-10-05,19230.0,-974.0,0.0,100,424.5,435.0,0,0.0,0.0,,0.0,1,9.47,8.71,SPY240328C00455000,455.0,normalDay
2023-10-06,19230.0,-658.0,0.0,100,429.54,435.0,0,0.0,0.0,,0.0,1,9.47,10.59,SPY240328C00455000,455.0,normalDay
2023-10-09,19230.0,-489.0,0.0,100,432.29,435.0,0,0.0,0.0,,0.0,1,9.47,11.65,SPY240328C00455000,455.0,normalDay
2023-10-10,19230.0,-326.0,0.0,100,434.54,435.0,0,0.0,0.0,,0.0,1,9.47,12.27,SPY240328C00455000,455.0,normalDay
2023-10-11,19230.0,-201.0,0.0,100,436.32,435.0,0,0.0,0.0,,0.0,1,9.47,12.8,SPY240328C00455000,455.0,normalDay
2023-10-12,19230.0,-316.0,0.0,100,433.66,435.0,0,0.0,0.0,,0.0,1,9.47,11.29,SPY240328C00455000,455.0,normalDay
2023-10-13,19230.0,-485.0,0.0,100,431.5,435.0,0,0.0,0.0,,0.0,1,9.47,10.82,SPY240328C00455000,455.0,normalDay
2023-10-16,19230.0,-171.0,0.0,100,436.04,435.0,0,0.0,0.0,,0.0,1,9.47,12.22,SPY240328C00455000,455.0,normalDay
2023-10-17,19230.0,-164.0,0.0,100,436.02,435.0,0,0.0,0.0,,0.0,1,9.47,12.13,SPY240328C00455000,455.0,normalDay
2023-10-18,19230.0,-555.0,0.0,100,430.21,435.0,0,0.0,0.0,,0.0,1,9.47,10.23,SPY240328C00455000,455.0,normalDay
2023-10-19,19230.0,-777.0,0.0,100,426.43,435.0,0,0.0,0.0,,0.0,1,9.47,8.67,SPY240328C00455000,455.0,normalDay
2023-10-20,19230.0,-1145.0,0.0,100,421.19,435.0,0,0.0,0.0,,0.0,1,9.47,7.11,SPY240328C00455000,455.0,normalDay
2023-10-23,19230.0,-1174.0,0.0,100,420.46,435.0,0,0.0,0.0,,0.0,1,9.47,6.67,SPY240328C00455000,455.0,normalDay
2023-10-24,19230.0,-947.0,0.0,100,423.63,435.0,0,0.0,0.0,,0.0,1,9.47,7.57,SPY240328C00455000,455.0,normalDay
2023-10-25,19230.0,-1354.0,0.0,100,417.55,435.0,0,0.0,0.0,,0.0,1,9.47,5.56,SPY240328C00455000,455.0,normalDay
2023-10-26,19230.0,-1725.0,0.0,100,412.55,435.0,0,0.0,0.0,,0.0,1,9.47,4.27,SPY240328C00455000,455.0,normalDay
2023-10-27,19230.0,-1879.0,0.0,100,410.68,435.0,0,0.0,0.0,,0.0,1,9.47,3.94,SPY240328C00455000,455.0,normalDay
2023-10-30,19230.0,-1452.0,0.0,100,415.59,435.0,0,0.0,0.0,,0.0,1,9.47,4.58,SPY240328C00455000,455.0,normalDay
2023-10-31,19230.0,-1187.0,0.0,100,418.2,435.0,0,0.0,0.0,,0.0,1,9.47,4.54,SPY240328C00455000,455.0,normalDay
2023-11-01,19230.0,-841.0,0.0,100,422.66,435.0,0,0.0,0.0,,0.0,1,9.47,5.54,SPY240328C00455000,455.0,normalDay
2023-11-02,19230.0,-239.0,0.0,100,430.76,435.0,0,0.0,0.0,,0.0,1,9.47,7.62,SPY240328C00455000,455.0,normalDay
2023-11-03,19230.0,28.0,0.0,100,434.69,435.0,0,0.0,0.0,,0.0,1,9.47,8.88,SPY240328C00455000,455.0,normalDay
2023-11-06,19230.0,139.0,0.0,100,435.69,435.0,0,0.0,0.0,,0.0,1,9.47,8.77,SPY240328C00455000,455.0,normalDay
2023-11-07,19230.0,208.0,0.0,100,436.93,435.0,0,0.0,0.0,,0.0,1,9.47,9.32,SPY240328C00455000,455.0,normalDay
2023-11-08,19230.0,259.0,0.0,100,437.25,435.0,0,0.0,0.0,,0.0,1,9.47,9.13,SPY240328C00455000,455.0,normalDay
2023-11-09,19230.0,34.0,0.0,100,433.84,435.0,0,0.0,0.0,,0.0,1,9.47,7.97,SPY240328C00455000,455.0,normalDay
2023-11-10,19230.0,455.0,0.0,100,440.61,435.0,0,0.0,0.0,,0.0,1,9.47,10.53,SPY240328C00455000,455.0,normalDay
2023-11-13,19230.0,443.0,0.0,100,440.19,435.0,0,0.0,0.0,,0.0,1,9.47,10.23,SPY240328C00455000,455.0,normalDay
2023-11-14,19230.0,851.0,0.0,100,448.73,435.0,0,0.0,0.0,,0.0,1,9.47,14.69,SPY240328C00455000,455.0,normalDay
2023-11-15,19230.0,944.0,0.0,100,449.68,435.0,0,0.0,0.0,,0.0,1,9.47,14.71,SPY240328C00455000,455.0,normalDay
2023-11-16,19230.0,970.0,0.0,100,450.23,435.0,0,0.0,0.0,,0.0,1,9.47,15.0,SPY240328C00455000,455.0,normalDay
2023-11-17,19230.0,1029.0,0.0,100,450.79,435.0,0,0.0,0.0,,0.0,1,9.47,14.97,SPY240328C00455000,455.0,normalDay
2023-11-20,19230.0,1178.0,0.0,100,454.26,435.0,0,0.0,0.0,,0.0,1,9.47,16.95,SPY240328C00455000,455.0,normalDay
2023-11-21,19230.0,1184.0,0.0,100,453.27,435.0,0,0.0,0.0,,0.0,1,9.47,15.9,SPY240328C00455000,455.0,normalDay
2023-11-22,19230.0,1233.0,0.0,100,455.02,435.0,0,0.0,0.0,,0.0,1,9.47,17.16,SPY240328C00455000,455.0,normalDay
2023-11-24,19230.0,1237.0,0.0,100,455.3,435.0,0,0.0,0.0,,0.0,1,9.47,17.4,SPY240328C00455000,455.0,normalDay
2023-11-27,19230.0,1215.0,0.0,100,454.48,435.0,0,0.0,0.0,,0.0,1,9.47,16.8,SPY240328C00455000,455.0,normalDay
2023-11-28,19230.0,1287.0,0.0,100,454.93,435.0,0,0.0,0.0,,0.0,1,9.47,16.53,SPY240328C00455000,455.0,normalDay
2023-11-29,19230.0,1235.0,0.0,100,454.61,435.0,0,0.0,0.0,,0.0,1,9.47,16.73,SPY240328C00455000,455.0,normalDay
2023-11-30,19230.0,1355.0,0.0,100,456.4,435.0,0,0.0,0.0,,0.0,1,9.47,17.32,SPY240328C00455000,455.0,normalDay
