date,totalCapital,unrializedPnL,rializedPnL,stocksOwned,stocksPriceToday,stocksPriceBoughtAt,putOwned,putOwnedSoldAt,putPriceToday,putOwnedContract,putOwnedStrike,callOwned,callOwnedSoldAt,callPriceToday,callOwnedContract,callOwnedStrike,trackType
2018-11-01,0.0,-11.0,0.0,0,273.51,0.0,1,8.46,8.57,SPY190329P00264000,264.0,0,0.0,0.0,,0.0,normalDay
2018-11-02,0.0,-60.0,0.0,0,271.89,0.0,1,8.46,9.06,SPY190329P00264000,264.0,0,0.0,0.0,,0.0,normalDay
2018-11-05,0.0,12.0,0.0,0,273.39,0.0,1,8.46,8.34,SPY190329P00264000,264.0,0,0.0,0.0,,0.0,normalDay
2018-11-06,0.0,80.0,0.0,0,275.12,0.0,1,8.46,7.66,SPY190329P00264000,264.0,0,0.0,0.0,,0.0,normalDay
2018-11-07,0.0,283.0,0.0,0,281.01,0.0,1,8.46,5.63,SPY190329P00264000,264.0,0,0.0,0.0,,0.0,normalDay
2018-11-08,0.0,288.0,0.0,0,280.5,0.0,1,8.46,5.58,SPY190329P00264000,264.0,0,0.0,0.0,,0.0,normalDay
2018-11-09,0.0,194.0,0.0,0,277.76,0.0,1,8.46,6.52,SPY190329P00264000,264.0,0,0.0,0.0,,0.0,normalDay
2018-11-12,0.0,15.0,0.0,0,272.57,0.0,1,8.46,8.31,SPY190329P00264000,264.0,0,0.0,0.0,,0.0,normalDay
2018-11-13,0.0,-19.0,0.0,0,272.06,0.0,1,8.46,8.65,SPY190329P00264000,264.0,0,0.0,0.0,,0.0,normalDay
2018-11-14,0.0,-118.0,0.0,0,270.2,0.0,1,8.46,9.64,SPY190329P00264000,264.0,0,0.0,0.0,,0.0,normalDay
2018-11-15,0.0,3.0,0.0,0,273.02,0.0,1,8.46,8.43,SPY190329P00264000,264.0,0,0.0,0.0,,0.0,normalDay
2018-11-16,0.0,70.0,0.0,0,273.73,0.0,1,8.46,7.76,SPY190329P00264000,264.0,0,0.0,0.0,,0.0,normalDay
2018-11-19,0.0,-111.0,0.0,0,269.1,0.0,1,8.46,9.57,SPY190329P00264000,264.0,0,0.0,0.0,,0.0,normalDay
2018-11-20,0.0,-365.0,0.0,0,264.12,0.0,1,8.46,12.11,SPY190329P00264000,264.0,0,0.0,0.0,,0.0,normalDay
2018-11-21,0.0,-281.0,0.0,0,265.02,0.0,1,8.46,11.27,SPY190329P00264000,264.0,0,0.0,0.0,,0.0,normalDay
2018-11-23,0.0,-367.0,0.0,0,263.25,0.0,1,8.46,12.13,SPY190329P00264000,264.0,0,0.0,0.0,,0.0,normalDay
2018-11-26,0.0,-102.0,0.0,0,267.5,0.0,1,8.46,9.48,SPY190329P00264000,264.0,0,0.0,0.0,,0.0,normalDay
2018-11-27,0.0,-78.0,0.0,0,268.4,0.0,1,8.46,9.24,SPY190329P00264000,264.0,0,0.0,0.0,,0.0,normalDay
2018-11-28,0.0,127.0,0.0,0,274.58,0.0,1,8.46,7.19,SPY190329P00264000,264.0,0,0.0,0.0,,0.0,normalDay
2018-11-29,0.0,111.0,0.0,0,273.98,0.0,1,8.46,7.35,SPY190329P00264000,264.0,0,0.0,0.0,,0.0,normalDay
2018-11-30,0.0,181.0,0.0,0,275.65,0.0,1,8.46,6.65,SPY190329P00264000,264.0,0,0.0,0.0,,0.0,normalDay
2018-12-03,0.0,310.0,0.0,0,279.3,0.0,1,8.46,5.36,SPY190329P00264000,264.0,0,0.0,0.0,,0.0,normalDay
2018-12-04,0.0,-26.0,0.0,0,270.25,0.0,1,8.46,8.72,SPY190329P00264000,264.0,0,0.0,0.0,,0.0,normalDay
2018-12-06,0.0,-45.0,0.0,0,269.84,0.0,1,8.46,8.91,SPY190329P00264000,264.0,0,0.0,0.0,,0.0,normalDay
2018-12-07,0.0,-343.0,0.0,0,263.57,0.0,1,8.46,11.89,SPY190329P00264000,264.0,0,0.0,0.0,,0.0,normalDay
2018-12-10,0.0,-273.0,0.0,0,264.07,0.0,1,8.46,11.19,SPY190329P00264000,264.0,0,0.0,0.0,,0.0,normalDay
2018-12-11,0.0,-264.0,0.0,0,264.13,0.0,1,8.46,11.1,SPY190329P00264000,264.0,0,0.0,0.0,,0.0,normalDay
2018-12-12,0.0,-221.0,0.0,0,265.46,0.0,1,8.46,10.67,SPY190329P00264000,264.0,0,0.0,0.0,,0.0,normalDay
2018-12-13,0.0,-207.0,0.0,0,265.37,0.0,1,8.46,10.53,SPY190329P00264000,264.0,0,0.0,0.0,,0.0,normalDay
2018-12-14,0.0,-438.0,0.0,0,260.47,0.0,1,8.46,12.84,SPY190329P00264000,264.0,0,0.0,0.0,,0.0,normalDay
2018-12-17,0.0,-741.0,0.0,0,255.36,0.0,1,8.46,15.87,SPY190329P00264000,264.0,0,0.0,0.0,,0.0,normalDay
2018-12-18,0.0,-803.0,0.0,0,255.08,0.0,1,8.46,16.49,SPY190329P00264000,264.0,0,0.0,0.0,,0.0,normalDay
2018-12-19,0.0,-988.0,0.0,0,251.26,0.0,1,8.46,18.34,SPY190329P00264000,264.0,0,0.0,0.0,,0.0,normalDay
2018-12-20,0.0,-1265.0,0.0,0,247.17,0.0,1,8.46,21.11,SPY190329P00264000,264.0,0,0.0,0.0,,0.0,normalDay
2018-12-21,0.0,-1757.0,0.0,0,240.7,0.0,1,8.46,26.03,SPY190329P00264000,264.0,0,0.0,0.0,,0.0,normalDay
2018-12-24,0.0,-2454.0,0.0,0,234.34,0.0,1,8.46,33.0,SPY190329P00264000,264.0,0,0.0,0.0,,0.0,normalDay
2018-12-26,0.0,-1265.0,0.0,0,246.18,0.0,1,8.46,21.11,SPY190329P00264000,264.0,0,0.0,0.0,,0.0,normalDay
2018-12-27,0.0,-1138.0,0.0,0,248.07,0.0,1,8.46,19.84,SPY190329P00264000,264.0,0,0.0,0.0,,0.0,normalDay
2018-12-28,0.0,-1171.0,0.0,0,247.75,0.0,1,8.46,20.17,SPY190329P00264000,264.0,0,0.0,0.0,,0.0,normalDay
2018-12-31,0.0,-964.0,0.0,0,249.92,0.0,1,8.46,18.1,SPY190329P00264000,264.0,0,0.0,0.0,,0.0,normalDay
2019-01-02,0.0,-884.0,0.0,0,250.18,0.0,1,8.46,17.3,SPY190329P00264000,264.0,0,0.0,0.0,,0.0,normalDay
2019-01-03,0.0,-1382.0,0.0,0,244.21,0.0,1,8.46,22.28,SPY190329P00264000,264.0,0,0.0,0.0,,0.0,normalDay
2019-01-04,0.0,-722.0,0.0,0,252.39,0.0,1,8.46,15.68,SPY190329P00264000,264.0,0,0.0,0.0,,0.0,normalDay
2019-01-07,0.0,-580.0,0.0,0,254.38,0.0,1,8.46,14.26,SPY190329P00264000,264.0,0,0.0,0.0,,0.0,normalDay
2019-01-08,0.0,-420.0,0.0,0,256.77,0.0,1,8.46,12.66,SPY190329P00264000,264.0,0,0.0,0.0,,0.0,normalDay
2019-01-09,0.0,-326.0,0.0,0,257.97,0.0,1,8.46,11.72,SPY190329P00264000,264.0,0,0.0,0.0,,0.0,normalDay
2019-01-10,0.0,-253.0,0.0,0,258.88,0.0,1,8.46,10.99,SPY190329P00264000,264.0,0,0.0,0.0,,0.0,normalDay
2019-01-11,0.0,-210.0,0.0,0,258.98,0.0,1,8.46,10.56,SPY190329P00264000,264.0,0,0.0,0.0,,0.0,normalDay
2019-01-14,0.0,-270.0,0.0,0,257.4,0.0,1,8.46,11.16,SPY190329P00264000,264.0,0,0.0,0.0,,0.0,normalDay
2019-01-15,0.0,-81.0,0.0,0,260.35,0.0,1,8.46,9.27,SPY190329P00264000,264.0,0,0.0,0.0,,0.0,normalDay
2019-01-16,0.0,-42.0,0.0,0,260.98,0.0,1,8.46,8.88,SPY190329P00264000,264.0,0,0.0,0.0,,0.0,normalDay
2019-01-17,0.0,60.0,0.0,0,262.96,0.0,1,8.46,7.86,SPY190329P00264000,264.0,0,0.0,0.0,,0.0,normalDay
2019-01-18,0.0,201.0,0.0,0,266.46,0.0,1,8.46,6.45,SPY190329P00264000,264.0,0,0.0,0.0,,0.0,normalDay
2019-01-22,0.0,21.0,0.0,0,262.86,0.0,1,8.46,8.25,SPY190329P00264000,264.0,0,0.0,0.0,,0.0,normalDay
2019-01-23,0.0,42.0,0.0,0,263.41,0.0,1,8.46,8.04,SPY190329P00264000,264.0,0,0.0,0.0,,0.0,normalDay
2019-01-24,0.0,69.0,0.0,0,263.55,0.0,1,8.46,7.77,SPY190329P00264000,264.0,0,0.0,0.0,,0.0,normalDay
2019-01-25,0.0,209.0,0.0,0,265.78,0.0,1,8.46,6.37,SPY190329P00264000,264.0,0,0.0,0.0,,0.0,normalDay
2019-01-28,0.0,112.0,0.0,0,263.76,0.0,1,8.46,7.34,SPY190329P00264000,264.0,0,0.0,0.0,,0.0,normalDay
2019-01-29,0.0,95.0,0.0,0,263.41,0.0,1,8.46,7.51,SPY190329P00264000,264.0,0,0.0,0.0,,0.0,normalDay
2019-01-30,0.0,299.0,0.0,0,267.58,0.0,1,8.46,5.47,SPY190329P00264000,264.0,0,0.0,0.0,,0.0,normalDay
2019-01-31,0.0,428.0,0.0,0,269.93,0.0,1,8.46,4.18,SPY190329P00264000,264.0,0,0.0,0.0,,0.0,normalDay
2019-02-01,0.0,443.0,0.0,0,270.06,0.0,1,8.46,4.03,SPY190329P00264000,264.0,0,0.0,0.0,,0.0,normalDay
2019-02-04,0.0,518.0,0.0,0,271.96,0.0,1,8.46,3.28,SPY190329P00264000,264.0,0,0.0,0.0,,0.0,normalDay
2019-02-05,0.0,543.0,0.0,0,273.1,0.0,1,8.46,3.03,SPY190329P00264000,264.0,0,0.0,0.0,,0.0,normalDay
2019-02-06,0.0,548.0,0.0,0,272.74,0.0,1,8.46,2.98,SPY190329P00264000,264.0,0,0.0,0.0,,0.0,normalDay
2019-02-07,0.0,468.0,0.0,0,270.14,0.0,1,8.46,3.78,SPY190329P00264000,264.0,0,0.0,0.0,,0.0,normalDay
2019-02-08,0.0,487.0,0.0,0,270.47,0.0,1,8.46,3.59,SPY190329P00264000,264.0,0,0.0,0.0,,0.0,normalDay
2019-02-11,0.0,506.0,0.0,0,270.62,0.0,1,8.46,3.4,SPY190329P00264000,264.0,0,0.0,0.0,,0.0,normalDay
2019-02-12,0.0,608.0,0.0,0,274.1,0.0,1,8.46,2.38,SPY190329P00264000,264.0,0,0.0,0.0,,0.0,normalDay
2019-02-13,0.0,618.0,0.0,0,274.99,0.0,1,8.46,2.28,SPY190329P00264000,264.0,0,0.0,0.0,,0.0,normalDay
2019-02-14,0.0,600.0,0.0,0,274.38,0.0,1,8.46,2.46,SPY190329P00264000,264.0,0,0.0,0.0,,0.0,normalDay
2019-02-15,0.0,677.0,0.0,0,277.37,0.0,1,8.46,1.69,SPY190329P00264000,264.0,0,0.0,0.0,,0.0,normalDay
2019-02-19,0.0,697.0,0.0,0,277.85,0.0,1,8.46,1.49,SPY190329P00264000,264.0,0,0.0,0.0,,0.0,normalDay
2019-02-20,0.0,724.0,0.0,0,278.41,0.0,1,8.46,1.22,SPY190329P00264000,264.0,0,0.0,0.0,,0.0,normalDay
2019-02-21,0.0,711.0,0.0,0,277.42,0.0,1,8.46,1.35,SPY190329P00264000,264.0,0,0.0,0.0,,0.0,normalDay
2019-02-22,0.0,745.0,0.0,0,279.14,0.0,1,8.46,1.01,SPY190329P00264000,264.0,0,0.0,0.0,,0.0,normalDay
2019-02-25,0.0,744.0,0.0,0,279.52,0.0,1,8.46,1.02,SPY190329P00264000,264.0,0,0.0,0.0,,0.0,normalDay
2019-02-26,0.0,741.0,0.0,0,279.32,0.0,1,8.46,1.05,SPY190329P00264000,264.0,0,0.0,0.0,,0.0,normalDay
2019-02-27,0.0,746.0,0.0,0,279.2,0.0,1,8.46,1.0,SPY190329P00264000,264.0,0,0.0,0.0,,0.0,normalDay
2019-02-28,0.0,743.0,0.0,0,278.68,0.0,1,8.46,1.03,SPY190329P00264000,264.0,0,0.0,0.0,,0.0,normalDay
2019-03-01,0.0,776.0,0.0,0,280.42,0.0,1,8.46,0.7,SPY190329P00264000,264.0,0,0.0,0.0,,0.0,normalDay
2019-03-04,0.0,762.0,0.0,0,279.4,0.0,1,8.46,0.84,SPY190329P00264000,264.0,0,0.0,0.0,,0.0,normalDay
2019-03-05,0.0,761.0,0.0,0,279.02,0.0,1,8.46,0.85,SPY190329P00264000,264.0,0,0.0,0.0,,0.0,normalDay
2019-03-06,0.0,740.0,0.0,0,277.33,0.0,1,8.46,1.06,SPY190329P00264000,264.0,0,0.0,0.0,,0.0,normalDay
2019-03-07,0.0,708.0,0.0,0,275.01,0.0,1,8.46,1.38,SPY190329P00264000,264.0,0,0.0,0.0,,0.0,normalDay
2019-03-08,0.0,720.0,0.0,0,274.46,0.0,1,8.46,1.26,SPY190329P00264000,264.0,0,0.0,0.0,,0.0,normalDay
2019-03-11,0.0,791.0,0.0,0,278.44,0.0,1,8.46,0.55,SPY190329P00264000,264.0,0,0.0,0.0,,0.0,normalDay
2019-03-12,0.0,806.0,0.0,0,279.49,0.0,1,8.46,0.4,SPY190329P00264000,264.0,0,0.0,0.0,,0.0,normalDay
2019-03-13,0.0,820.0,0.0,0,281.34,0.0,1,8.46,0.26,SPY190329P00264000,264.0,0,0.0,0.0,,0.0,normalDay
2019-03-14,0.0,822.0,0.0,0,281.16,0.0,1,8.46,0.24,SPY190329P00264000,264.0,0,0.0,0.0,,0.0,normalDay
2019-03-15,0.0,831.0,0.0,0,281.31,0.0,1,8.46,0.15,SPY190329P00264000,264.0,0,0.0,0.0,,0.0,normalDay
2019-03-18,0.0,835.0,0.0,0,282.33,0.0,1,8.46,0.11,SPY190329P00264000,264.0,0,0.0,0.0,,0.0,normalDay
2019-03-19,0.0,835.0,0.0,0,282.4,0.0,1,8.46,0.11,SPY190329P00264000,264.0,0,0.0,0.0,,0.0,normalDay
2019-03-20,0.0,836.0,0.0,0,281.55,0.0,1,8.46,0.1,SPY190329P00264000,264.0,0,0.0,0.0,,0.0,normalDay
2019-03-21,0.0,841.0,0.0,0,284.73,0.0,1,8.46,0.05,SPY190329P00264000,264.0,0,0.0,0.0,,0.0,normalDay
2019-03-22,0.0,833.0,0.0,0,279.25,0.0,1,8.46,0.13,SPY190329P00264000,264.0,0,0.0,0.0,,0.0,normalDay
2019-03-25,0.0,841.0,0.0,0,279.04,0.0,1,8.46,0.05,SPY190329P00264000,264.0,0,0.0,0.0,,0.0,normalDay
2019-03-26,0.0,844.0,0.0,0,281.12,0.0,1,8.46,0.02,SPY190329P00264000,264.0,0,0.0,0.0,,0.0,normalDay
2019-03-27,0.0,844.0,0.0,0,279.65,0.0,1,8.46,0.02,SPY190329P00264000,264.0,0,0.0,0.0,,0.0,normalDay
2019-03-28,0.0,845.0,0.0,0,280.71,0.0,1,8.46,0.01,SPY190329P00264000,264.0,0,0.0,0.0,,0.0,normalDay
2019-03-29,846.0,0.0,846.0,0,282.48,0.0,1,8.46,0.0,SPY190329P00264000,264.0,0,0.0,0.0,,0.0,expirationDay
2019-04-01,846.0,-5.0,0.0,0,285.83,0.0,1,6.1,6.15,SPY190816P00276000,276.0,0,0.0,0.0,,0.0,normalDay
2019-04-02,846.0,2.0,0.0,0,285.97,0.0,1,6.1,6.08,SPY190816P00276000,276.0,0,0.0,0.0,,0.0,normalDay
2019-04-03,846.0,24.0,0.0,0,286.42,0.0,1,6.1,5.86,SPY190816P00276000,276.0,0,0.0,0.0,,0.0,normalDay
2019-04-04,846.0,46.0,0.0,0,287.18,0.0,1,6.1,5.64,SPY190816P00276000,276.0,0,0.0,0.0,,0.0,normalDay
2019-04-05,846.0,97.0,0.0,0,288.57,0.0,1,6.1,5.13,SPY190816P00276000,276.0,0,0.0,0.0,,0.0,normalDay
2019-04-08,846.0,106.0,0.0,0,288.79,0.0,1,6.1,5.04,SPY190816P00276000,276.0,0,0.0,0.0,,0.0,normalDay
2019-04-09,846.0,42.0,0.0,0,287.31,0.0,1,6.1,5.68,SPY190816P00276000,276.0,0,0.0,0.0,,0.0,normalDay
2019-04-10,846.0,97.0,0.0,0,288.29,0.0,1,6.1,5.13,SPY190816P00276000,276.0,0,0.0,0.0,,0.0,normalDay
2019-04-11,846.0,98.0,0.0,0,288.21,0.0,1,6.1,5.12,SPY190816P00276000,276.0,0,0.0,0.0,,0.0,normalDay
2019-04-12,846.0,170.0,0.0,0,290.16,0.0,1,6.1,4.4,SPY190816P00276000,276.0,0,0.0,0.0,,0.0,normalDay
2019-04-15,846.0,177.0,0.0,0,289.97,0.0,1,6.1,4.33,SPY190816P00276000,276.0,0,0.0,0.0,,0.0,normalDay
2019-04-16,846.0,182.0,0.0,0,290.16,0.0,1,6.1,4.28,SPY190816P00276000,276.0,0,0.0,0.0,,0.0,normalDay
2019-04-17,846.0,161.0,0.0,0,289.45,0.0,1,6.1,4.49,SPY190816P00276000,276.0,0,0.0,0.0,,0.0,normalDay
2019-04-18,846.0,181.0,0.0,0,290.02,0.0,1,6.1,4.29,SPY190816P00276000,276.0,0,0.0,0.0,,0.0,normalDay
2019-04-22,846.0,201.0,0.0,0,290.27,0.0,1,6.1,4.09,SPY190816P00276000,276.0,0,0.0,0.0,,0.0,normalDay
2019-04-23,846.0,253.0,0.0,0,292.88,0.0,1,6.1,3.57,SPY190816P00276000,276.0,0,0.0,0.0,,0.0,normalDay
2019-04-24,846.0,232.0,0.0,0,292.23,0.0,1,6.1,3.78,SPY190816P00276000,276.0,0,0.0,0.0,,0.0,normalDay
2019-04-25,846.0,222.0,0.0,0,292.05,0.0,1,6.1,3.88,SPY190816P00276000,276.0,0,0.0,0.0,,0.0,normalDay
2019-04-26,846.0,256.0,0.0,0,293.41,0.0,1,6.1,3.54,SPY190816P00276000,276.0,0,0.0,0.0,,0.0,normalDay
2019-04-29,846.0,264.0,0.0,0,293.87,0.0,1,6.1,3.46,SPY190816P00276000,276.0,0,0.0,0.0,,0.0,normalDay
2019-04-30,846.0,271.0,0.0,0,294.02,0.0,1,6.1,3.39,SPY190816P00276000,276.0,0,0.0,0.0,,0.0,normalDay
2019-05-01,846.0,205.0,0.0,0,291.81,0.0,1,6.1,4.05,SPY190816P00276000,276.0,0,0.0,0.0,,0.0,normalDay
2019-05-02,846.0,195.0,0.0,0,291.18,0.0,1,6.1,4.15,SPY190816P00276000,276.0,0,0.0,0.0,,0.0,normalDay
2019-05-03,846.0,276.0,0.0,0,294.03,0.0,1,6.1,3.34,SPY190816P00276000,276.0,0,0.0,0.0,,0.0,normalDay
2019-05-06,846.0,222.0,0.0,0,292.82,0.0,1,6.1,3.88,SPY190816P00276000,276.0,0,0.0,0.0,,0.0,normalDay
2019-05-07,846.0,29.0,0.0,0,287.93,0.0,1,6.1,5.81,SPY190816P00276000,276.0,0,0.0,0.0,,0.0,normalDay
2019-05-08,846.0,40.0,0.0,0,287.53,0.0,1,6.1,5.7,SPY190816P00276000,276.0,0,0.0,0.0,,0.0,normalDay
2019-05-09,846.0,32.0,0.0,0,286.66,0.0,1,6.1,5.78,SPY190816P00276000,276.0,0,0.0,0.0,,0.0,normalDay
2019-05-10,846.0,116.0,0.0,0,288.1,0.0,1,6.1,4.94,SPY190816P00276000,276.0,0,0.0,0.0,,0.0,normalDay
2019-05-13,846.0,-177.0,0.0,0,280.86,0.0,1,6.1,7.87,SPY190816P00276000,276.0,0,0.0,0.0,,0.0,normalDay
2019-05-14,846.0,-40.0,0.0,0,283.4,0.0,1,6.1,6.5,SPY190816P00276000,276.0,0,0.0,0.0,,0.0,normalDay
2019-05-15,846.0,51.0,0.0,0,285.06,0.0,1,6.1,5.59,SPY190816P00276000,276.0,0,0.0,0.0,,0.0,normalDay
2019-05-16,846.0,148.0,0.0,0,287.7,0.0,1,6.1,4.62,SPY190816P00276000,276.0,0,0.0,0.0,,0.0,normalDay
2019-05-17,846.0,93.0,0.0,0,285.84,0.0,1,6.1,5.17,SPY190816P00276000,276.0,0,0.0,0.0,,0.0,normalDay
2019-05-20,846.0,51.0,0.0,0,283.95,0.0,1,6.1,5.59,SPY190816P00276000,276.0,0,0.0,0.0,,0.0,normalDay
2019-05-21,846.0,150.0,0.0,0,286.51,0.0,1,6.1,4.6,SPY190816P00276000,276.0,0,0.0,0.0,,0.0,normalDay
2019-05-22,846.0,134.0,0.0,0,285.63,0.0,1,6.1,4.76,SPY190816P00276000,276.0,0,0.0,0.0,,0.0,normalDay
2019-05-23,846.0,-18.0,0.0,0,282.14,0.0,1,6.1,6.28,SPY190816P00276000,276.0,0,0.0,0.0,,0.0,normalDay
2019-05-24,846.0,32.0,0.0,0,282.78,0.0,1,6.1,5.78,SPY190816P00276000,276.0,0,0.0,0.0,,0.0,normalDay
2019-05-28,846.0,-56.0,0.0,0,280.15,0.0,1,6.1,6.66,SPY190816P00276000,276.0,0,0.0,0.0,,0.0,normalDay
2019-05-29,846.0,-136.0,0.0,0,278.27,0.0,1,6.1,7.46,SPY190816P00276000,276.0,0,0.0,0.0,,0.0,normalDay
2019-05-30,846.0,-99.0,0.0,0,279.03,0.0,1,6.1,7.09,SPY190816P00276000,276.0,0,0.0,0.0,,0.0,normalDay
2019-05-31,846.0,-280.0,0.0,0,275.27,0.0,1,6.1,8.9,SPY190816P00276000,276.0,0,0.0,0.0,,0.0,normalDay
2019-06-03,846.0,-278.0,0.0,0,274.57,0.0,1,6.1,8.88,SPY190816P00276000,276.0,0,0.0,0.0,,0.0,normalDay
2019-06-04,846.0,-9.0,0.0,0,280.53,0.0,1,6.1,6.19,SPY190816P00276000,276.0,0,0.0,0.0,,0.0,normalDay
2019-06-05,846.0,93.0,0.0,0,282.96,0.0,1,6.1,5.17,SPY190816P00276000,276.0,0,0.0,0.0,,0.0,normalDay
2019-06-06,846.0,156.0,0.0,0,284.8,0.0,1,6.1,4.54,SPY190816P00276000,276.0,0,0.0,0.0,,0.0,normalDay
2019-06-07,846.0,214.0,0.0,0,287.65,0.0,1,6.1,3.96,SPY190816P00276000,276.0,0,0.0,0.0,,0.0,normalDay
2019-06-10,846.0,263.0,0.0,0,288.97,0.0,1,6.1,3.47,SPY190816P00276000,276.0,0,0.0,0.0,,0.0,normalDay
2019-06-11,846.0,256.0,0.0,0,288.9,0.0,1,6.1,3.54,SPY190816P00276000,276.0,0,0.0,0.0,,0.0,normalDay
2019-06-12,846.0,253.0,0.0,0,288.39,0.0,1,6.1,3.57,SPY190816P00276000,276.0,0,0.0,0.0,,0.0,normalDay
2019-06-13,846.0,284.0,0.0,0,289.58,0.0,1,6.1,3.26,SPY190816P00276000,276.0,0,0.0,0.0,,0.0,normalDay
2019-06-14,846.0,296.0,0.0,0,289.26,0.0,1,6.1,3.14,SPY190816P00276000,276.0,0,0.0,0.0,,0.0,normalDay
2019-06-17,846.0,312.0,0.0,0,289.37,0.0,1,6.1,2.98,SPY190816P00276000,276.0,0,0.0,0.0,,0.0,normalDay
2019-06-18,846.0,363.0,0.0,0,292.4,0.0,1,6.1,2.47,SPY190816P00276000,276.0,0,0.0,0.0,,0.0,normalDay
2019-06-19,846.0,396.0,0.0,0,293.06,0.0,1,6.1,2.14,SPY190816P00276000,276.0,0,0.0,0.0,,0.0,normalDay
2019-06-20,846.0,429.0,0.0,0,295.86,0.0,1,6.1,1.81,SPY190816P00276000,276.0,0,0.0,0.0,,0.0,normalDay
2019-06-21,846.0,417.0,0.0,0,294.0,0.0,1,6.1,1.93,SPY190816P00276000,276.0,0,0.0,0.0,,0.0,normalDay
2019-06-24,846.0,426.0,0.0,0,293.64,0.0,1,6.1,1.84,SPY190816P00276000,276.0,0,0.0,0.0,,0.0,normalDay
2019-06-25,846.0,375.0,0.0,0,290.76,0.0,1,6.1,2.35,SPY190816P00276000,276.0,0,0.0,0.0,,0.0,normalDay
2019-06-26,846.0,374.0,0.0,0,290.47,0.0,1,6.1,2.36,SPY190816P00276000,276.0,0,0.0,0.0,,0.0,normalDay
2019-06-27,846.0,408.0,0.0,0,291.5,0.0,1,6.1,2.02,SPY190816P00276000,276.0,0,0.0,0.0,,0.0,normalDay
2019-06-28,846.0,445.0,0.0,0,293.0,0.0,1,6.1,1.65,SPY190816P00276000,276.0,0,0.0,0.0,,0.0,normalDay
2019-07-01,846.0,494.0,0.0,0,295.66,0.0,1,6.1,1.16,SPY190816P00276000,276.0,0,0.0,0.0,,0.0,normalDay
2019-07-02,846.0,517.0,0.0,0,296.43,0.0,1,6.1,0.93,SPY190816P00276000,276.0,0,0.0,0.0,,0.0,normalDay
2019-07-03,846.0,538.0,0.0,0,298.8,0.0,1,6.1,0.72,SPY190816P00276000,276.0,0,0.0,0.0,,0.0,normalDay
2019-07-05,846.0,533.0,0.0,0,298.46,0.0,1,6.1,0.77,SPY190816P00276000,276.0,0,0.0,0.0,,0.0,normalDay
2019-07-08,846.0,525.0,0.0,0,296.82,0.0,1,6.1,0.85,SPY190816P00276000,276.0,0,0.0,0.0,,0.0,normalDay
2019-07-09,846.0,525.0,0.0,0,297.19,0.0,1,6.1,0.85,SPY190816P00276000,276.0,0,0.0,0.0,,0.0,normalDay
2019-07-10,846.0,546.0,0.0,0,298.61,0.0,1,6.1,0.64,SPY190816P00276000,276.0,0,0.0,0.0,,0.0,normalDay
2019-07-11,846.0,552.0,0.0,0,299.31,0.0,1,6.1,0.58,SPY190816P00276000,276.0,0,0.0,0.0,,0.0,normalDay
2019-07-12,846.0,563.0,0.0,0,300.65,0.0,1,6.1,0.47,SPY190816P00276000,276.0,0,0.0,0.0,,0.0,normalDay
2019-07-15,846.0,564.0,0.0,0,300.75,0.0,1,6.1,0.46,SPY190816P00276000,276.0,0,0.0,0.0,,0.0,normalDay
2019-07-16,846.0,561.0,0.0,0,299.78,0.0,1,6.1,0.49,SPY190816P00276000,276.0,0,0.0,0.0,,0.0,normalDay
2019-07-17,846.0,548.0,0.0,0,297.74,0.0,1,6.1,0.62,SPY190816P00276000,276.0,0,0.0,0.0,,0.0,normalDay
2019-07-18,846.0,559.0,0.0,0,298.83,0.0,1,6.1,0.51,SPY190816P00276000,276.0,0,0.0,0.0,,0.0,normalDay
2019-07-19,846.0,550.0,0.0,0,297.17,0.0,1,6.1,0.6,SPY190816P00276000,276.0,0,0.0,0.0,,0.0,normalDay
2019-07-22,846.0,568.0,0.0,0,297.9,0.0,1,6.1,0.42,SPY190816P00276000,276.0,0,0.0,0.0,,0.0,normalDay
2019-07-23,846.0,582.0,0.0,0,300.03,0.0,1,6.1,0.28,SPY190816P00276000,276.0,0,0.0,0.0,,0.0,normalDay
2019-07-24,846.0,589.0,0.0,0,301.44,0.0,1,6.1,0.21,SPY190816P00276000,276.0,0,0.0,0.0,,0.0,normalDay
2019-07-25,846.0,586.0,0.0,0,300.0,0.0,1,6.1,0.24,SPY190816P00276000,276.0,0,0.0,0.0,,0.0,normalDay
2019-07-26,846.0,593.0,0.0,0,302.01,0.0,1,6.1,0.17,SPY190816P00276000,276.0,0,0.0,0.0,,0.0,normalDay
2019-07-29,846.0,593.0,0.0,0,301.46,0.0,1,6.1,0.17,SPY190816P00276000,276.0,0,0.0,0.0,,0.0,normalDay
2019-07-30,846.0,589.0,0.0,0,300.72,0.0,1,6.1,0.21,SPY190816P00276000,276.0,0,0.0,0.0,,0.0,normalDay
2019-07-31,846.0,572.0,0.0,0,297.43,0.0,1,6.1,0.38,SPY190816P00276000,276.0,0,0.0,0.0,,0.0,normalDay
2019-08-01,846.0,554.0,0.0,0,294.84,0.0,1,6.1,0.56,SPY190816P00276000,276.0,0,0.0,0.0,,0.0,normalDay
2019-08-02,846.0,547.0,0.0,0,292.62,0.0,1,6.1,0.63,SPY190816P00276000,276.0,0,0.0,0.0,,0.0,normalDay
2019-08-05,846.0,337.0,0.0,0,283.82,0.0,1,6.1,2.73,SPY190816P00276000,276.0,0,0.0,0.0,,0.0,normalDay
2019-08-06,846.0,503.0,0.0,0,287.8,0.0,1,6.1,1.07,SPY190816P00276000,276.0,0,0.0,0.0,,0.0,normalDay
2019-08-07,846.0,524.0,0.0,0,287.97,0.0,1,6.1,0.86,SPY190816P00276000,276.0,0,0.0,0.0,,0.0,normalDay
2019-08-08,846.0,588.0,0.0,0,293.62,0.0,1,6.1,0.22,SPY190816P00276000,276.0,0,0.0,0.0,,0.0,normalDay
2019-08-09,846.0,586.0,0.0,0,291.62,0.0,1,6.1,0.24,SPY190816P00276000,276.0,0,0.0,0.0,,0.0,normalDay
2019-08-12,846.0,571.0,0.0,0,288.07,0.0,1,6.1,0.39,SPY190816P00276000,276.0,0,0.0,0.0,,0.0,normalDay
2019-08-13,846.0,603.0,0.0,0,292.55,0.0,1,6.1,0.07,SPY190816P00276000,276.0,0,0.0,0.0,,0.0,normalDay
2019-08-14,846.0,557.0,0.0,0,283.9,0.0,1,6.1,0.53,SPY190816P00276000,276.0,0,0.0,0.0,,0.0,normalDay
2019-08-15,846.0,603.0,0.0,0,284.65,0.0,1,6.1,0.07,SPY190816P00276000,276.0,0,0.0,0.0,,0.0,normalDay
2019-08-16,1456.0,0.0,610.0,0,288.85,0.0,1,6.1,0.0,SPY190816P00276000,276.0,0,0.0,0.0,,0.0,expirationDay
2019-08-19,1456.0,-9.0,0.0,0,292.33,0.0,1,9.5,9.59,SPY200117P00284000,284.0,0,0.0,0.0,,0.0,normalDay
2019-08-20,1456.0,-108.0,0.0,0,290.09,0.0,1,9.5,10.58,SPY200117P00284000,284.0,0,0.0,0.0,,0.0,normalDay
2019-08-21,1456.0,39.0,0.0,0,292.45,0.0,1,9.5,9.11,SPY200117P00284000,284.0,0,0.0,0.0,,0.0,normalDay
2019-08-22,1456.0,10.0,0.0,0,292.36,0.0,1,9.5,9.4,SPY200117P00284000,284.0,0,0.0,0.0,,0.0,normalDay
2019-08-23,1456.0,-316.0,0.0,0,284.85,0.0,1,9.5,12.66,SPY200117P00284000,284.0,0,0.0,0.0,,0.0,normalDay
2019-08-26,1456.0,-185.0,0.0,0,288.0,0.0,1,9.5,11.35,SPY200117P00284000,284.0,0,0.0,0.0,,0.0,normalDay
2019-08-27,1456.0,-261.0,0.0,0,286.87,0.0,1,9.5,12.11,SPY200117P00284000,284.0,0,0.0,0.0,,0.0,normalDay
2019-08-28,1456.0,-158.0,0.0,0,288.89,0.0,1,9.5,11.08,SPY200117P00284000,284.0,0,0.0,0.0,,0.0,normalDay
2019-08-29,1456.0,3.0,0.0,0,292.58,0.0,1,9.5,9.47,SPY200117P00284000,284.0,0,0.0,0.0,,0.0,normalDay
2019-08-30,1456.0,-15.0,0.0,0,292.45,0.0,1,9.5,9.65,SPY200117P00284000,284.0,0,0.0,0.0,,0.0,normalDay
2019-09-03,1456.0,-92.0,0.0,0,290.74,0.0,1,9.5,10.42,SPY200117P00284000,284.0,0,0.0,0.0,,0.0,normalDay
2019-09-04,1456.0,72.0,0.0,0,294.04,0.0,1,9.5,8.78,SPY200117P00284000,284.0,0,0.0,0.0,,0.0,normalDay
2019-09-05,1456.0,202.0,0.0,0,297.82,0.0,1,9.5,7.48,SPY200117P00284000,284.0,0,0.0,0.0,,0.0,normalDay
2019-09-06,1456.0,251.0,0.0,0,298.05,0.0,1,9.5,6.99,SPY200117P00284000,284.0,0,0.0,0.0,,0.0,normalDay
2019-09-09,1456.0,259.0,0.0,0,298.2,0.0,1,9.5,6.91,SPY200117P00284000,284.0,0,0.0,0.0,,0.0,normalDay
2019-09-10,1456.0,263.0,0.0,0,298.13,0.0,1,9.5,6.87,SPY200117P00284000,284.0,0,0.0,0.0,,0.0,normalDay
2019-09-11,1456.0,336.0,0.0,0,300.25,0.0,1,9.5,6.14,SPY200117P00284000,284.0,0,0.0,0.0,,0.0,normalDay
2019-09-12,1456.0,379.0,0.0,0,301.29,0.0,1,9.5,5.71,SPY200117P00284000,284.0,0,0.0,0.0,,0.0,normalDay
2019-09-13,1456.0,380.0,0.0,0,301.09,0.0,1,9.5,5.7,SPY200117P00284000,284.0,0,0.0,0.0,,0.0,normalDay
2019-09-16,1456.0,350.0,0.0,0,300.16,0.0,1,9.5,6.0,SPY200117P00284000,284.0,0,0.0,0.0,,0.0,normalDay
2019-09-17,1456.0,358.0,0.0,0,300.92,0.0,1,9.5,5.92,SPY200117P00284000,284.0,0,0.0,0.0,,0.0,normalDay
2019-09-18,1456.0,389.0,0.0,0,301.1,0.0,1,9.5,5.61,SPY200117P00284000,284.0,0,0.0,0.0,,0.0,normalDay
2019-09-19,1456.0,386.0,0.0,0,301.08,0.0,1,9.5,5.64,SPY200117P00284000,284.0,0,0.0,0.0,,0.0,normalDay
2019-09-20,1456.0,319.0,0.0,0,298.28,0.0,1,9.5,6.31,SPY200117P00284000,284.0,0,0.0,0.0,,0.0,normalDay
2019-09-23,1456.0,343.0,0.0,0,298.21,0.0,1,9.5,6.07,SPY200117P00284000,284.0,0,0.0,0.0,,0.0,normalDay
2019-09-24,1456.0,249.0,0.0,0,295.87,0.0,1,9.5,7.01,SPY200117P00284000,284.0,0,0.0,0.0,,0.0,normalDay
2019-09-25,1456.0,305.0,0.0,0,297.62,0.0,1,9.5,6.45,SPY200117P00284000,284.0,0,0.0,0.0,,0.0,normalDay
2019-09-26,1456.0,302.0,0.0,0,297.0,0.0,1,9.5,6.48,SPY200117P00284000,284.0,0,0.0,0.0,,0.0,normalDay
2019-09-27,1456.0,235.0,0.0,0,295.4,0.0,1,9.5,7.15,SPY200117P00284000,284.0,0,0.0,0.0,,0.0,normalDay
2019-09-30,1456.0,311.0,0.0,0,296.77,0.0,1,9.5,6.39,SPY200117P00284000,284.0,0,0.0,0.0,,0.0,normalDay
2019-10-01,1456.0,165.0,0.0,0,293.24,0.0,1,9.5,7.85,SPY200117P00284000,284.0,0,0.0,0.0,,0.0,normalDay
2019-10-02,1456.0,-81.0,0.0,0,288.06,0.0,1,9.5,10.31,SPY200117P00284000,284.0,0,0.0,0.0,,0.0,normalDay
2019-10-03,1456.0,58.0,0.0,0,290.42,0.0,1,9.5,8.92,SPY200117P00284000,284.0,0,0.0,0.0,,0.0,normalDay
2019-10-04,1456.0,240.0,0.0,0,294.35,0.0,1,9.5,7.1,SPY200117P00284000,284.0,0,0.0,0.0,,0.0,normalDay
2019-10-07,1456.0,206.0,0.0,0,293.08,0.0,1,9.5,7.44,SPY200117P00284000,284.0,0,0.0,0.0,,0.0,normalDay
2019-10-08,1456.0,6.0,0.0,0,288.53,0.0,1,9.5,9.44,SPY200117P00284000,284.0,0,0.0,0.0,,0.0,normalDay
2019-10-09,1456.0,132.0,0.0,0,291.27,0.0,1,9.5,8.18,SPY200117P00284000,284.0,0,0.0,0.0,,0.0,normalDay
2019-10-10,1456.0,233.0,0.0,0,293.24,0.0,1,9.5,7.17,SPY200117P00284000,284.0,0,0.0,0.0,,0.0,normalDay
2019-10-11,1456.0,369.0,0.0,0,296.28,0.0,1,9.5,5.81,SPY200117P00284000,284.0,0,0.0,0.0,,0.0,normalDay
2019-10-14,1456.0,396.0,0.0,0,295.95,0.0,1,9.5,5.54,SPY200117P00284000,284.0,0,0.0,0.0,,0.0,normalDay
2019-10-15,1456.0,494.0,0.0,0,298.88,0.0,1,9.5,4.56,SPY200117P00284000,284.0,0,0.0,0.0,,0.0,normalDay
2019-10-16,1456.0,495.0,0.0,0,298.4,0.0,1,9.5,4.55,SPY200117P00284000,284.0,0,0.0,0.0,,0.0,normalDay
2019-10-17,1456.0,511.0,0.0,0,299.28,0.0,1,9.5,4.39,SPY200117P00284000,284.0,0,0.0,0.0,,0.0,normalDay
2019-10-18,1456.0,486.0,0.0,0,297.97,0.0,1,9.5,4.64,SPY200117P00284000,284.0,0,0.0,0.0,,0.0,normalDay
2019-10-21,1456.0,559.0,0.0,0,299.99,0.0,1,9.5,3.91,SPY200117P00284000,284.0,0,0.0,0.0,,0.0,normalDay
2019-10-22,1456.0,531.0,0.0,0,299.01,0.0,1,9.5,4.19,SPY200117P00284000,284.0,0,0.0,0.0,,0.0,normalDay
2019-10-23,1456.0,566.0,0.0,0,299.88,0.0,1,9.5,3.84,SPY200117P00284000,284.0,0,0.0,0.0,,0.0,normalDay
2019-10-24,1456.0,582.0,0.0,0,300.37,0.0,1,9.5,3.68,SPY200117P00284000,284.0,0,0.0,0.0,,0.0,normalDay
2019-10-25,1456.0,625.0,0.0,0,301.6,0.0,1,9.5,3.25,SPY200117P00284000,284.0,0,0.0,0.0,,0.0,normalDay
2019-10-28,1456.0,654.0,0.0,0,303.3,0.0,1,9.5,2.96,SPY200117P00284000,284.0,0,0.0,0.0,,0.0,normalDay
2019-10-29,1456.0,650.0,0.0,0,303.21,0.0,1,9.5,3.0,SPY200117P00284000,284.0,0,0.0,0.0,,0.0,normalDay
2019-10-30,1456.0,683.0,0.0,0,304.14,0.0,1,9.5,2.67,SPY200117P00284000,284.0,0,0.0,0.0,,0.0,normalDay
2019-10-31,1456.0,662.0,0.0,0,303.33,0.0,1,9.5,2.88,SPY200117P00284000,284.0,0,0.0,0.0,,0.0,normalDay
2019-11-01,1456.0,720.0,0.0,0,306.14,0.0,1,9.5,2.3,SPY200117P00284000,284.0,0,0.0,0.0,,0.0,normalDay
2019-11-04,1456.0,737.0,0.0,0,307.37,0.0,1,9.5,2.13,SPY200117P00284000,284.0,0,0.0,0.0,,0.0,normalDay
2019-11-05,1456.0,728.0,0.0,0,307.03,0.0,1,9.5,2.22,SPY200117P00284000,284.0,0,0.0,0.0,,0.0,normalDay
2019-11-06,1456.0,736.0,0.0,0,307.1,0.0,1,9.5,2.14,SPY200117P00284000,284.0,0,0.0,0.0,,0.0,normalDay
2019-11-07,1456.0,747.0,0.0,0,308.18,0.0,1,9.5,2.03,SPY200117P00284000,284.0,0,0.0,0.0,,0.0,normalDay
2019-11-08,1456.0,771.0,0.0,0,308.94,0.0,1,9.5,1.79,SPY200117P00284000,284.0,0,0.0,0.0,,0.0,normalDay
2019-11-11,1456.0,771.0,0.0,0,308.35,0.0,1,9.5,1.79,SPY200117P00284000,284.0,0,0.0,0.0,,0.0,normalDay
2019-11-12,1456.0,778.0,0.0,0,309.0,0.0,1,9.5,1.72,SPY200117P00284000,284.0,0,0.0,0.0,,0.0,normalDay
2019-11-13,1456.0,778.0,0.0,0,309.1,0.0,1,9.5,1.72,SPY200117P00284000,284.0,0,0.0,0.0,,0.0,normalDay
2019-11-14,1456.0,787.0,0.0,0,309.55,0.0,1,9.5,1.63,SPY200117P00284000,284.0,0,0.0,0.0,,0.0,normalDay
2019-11-15,1456.0,821.0,0.0,0,311.79,0.0,1,9.5,1.29,SPY200117P00284000,284.0,0,0.0,0.0,,0.0,normalDay
2019-11-18,1456.0,827.0,0.0,0,312.02,0.0,1,9.5,1.23,SPY200117P00284000,284.0,0,0.0,0.0,,0.0,normalDay
2019-11-19,1456.0,820.0,0.0,0,311.93,0.0,1,9.5,1.3,SPY200117P00284000,284.0,0,0.0,0.0,,0.0,normalDay
2019-11-20,1456.0,810.0,0.0,0,310.77,0.0,1,9.5,1.4,SPY200117P00284000,284.0,0,0.0,0.0,,0.0,normalDay
2019-11-21,1456.0,809.0,0.0,0,310.27,0.0,1,9.5,1.41,SPY200117P00284000,284.0,0,0.0,0.0,,0.0,normalDay
2019-11-22,1456.0,828.0,0.0,0,310.96,0.0,1,9.5,1.22,SPY200117P00284000,284.0,0,0.0,0.0,,0.0,normalDay
2019-11-25,1456.0,860.0,0.0,0,313.37,0.0,1,9.5,0.9,SPY200117P00284000,284.0,0,0.0,0.0,,0.0,normalDay
2019-11-26,1456.0,869.0,0.0,0,314.08,0.0,1,9.5,0.81,SPY200117P00284000,284.0,0,0.0,0.0,,0.0,normalDay
2019-11-27,1456.0,877.0,0.0,0,315.48,0.0,1,9.5,0.73,SPY200117P00284000,284.0,0,0.0,0.0,,0.0,normalDay
2019-11-29,1456.0,865.0,0.0,0,314.31,0.0,1,9.5,0.85,SPY200117P00284000,284.0,0,0.0,0.0,,0.0,normalDay
2019-12-02,1456.0,832.0,0.0,0,311.64,0.0,1,9.5,1.18,SPY200117P00284000,284.0,0,0.0,0.0,,0.0,normalDay
2019-12-03,1456.0,803.0,0.0,0,309.55,0.0,1,9.5,1.47,SPY200117P00284000,284.0,0,0.0,0.0,,0.0,normalDay
2019-12-04,1456.0,832.0,0.0,0,311.46,0.0,1,9.5,1.18,SPY200117P00284000,284.0,0,0.0,0.0,,0.0,normalDay
2019-12-05,1456.0,850.0,0.0,0,312.02,0.0,1,9.5,1.0,SPY200117P00284000,284.0,0,0.0,0.0,,0.0,normalDay
2019-12-06,1456.0,874.0,0.0,0,314.87,0.0,1,9.5,0.76,SPY200117P00284000,284.0,0,0.0,0.0,,0.0,normalDay
2019-12-09,1456.0,854.0,0.0,0,313.88,0.0,1,9.5,0.96,SPY200117P00284000,284.0,0,0.0,0.0,,0.0,normalDay
2019-12-10,1456.0,862.0,0.0,0,313.53,0.0,1,9.5,0.88,SPY200117P00284000,284.0,0,0.0,0.0,,0.0,normalDay
2019-12-11,1456.0,877.0,0.0,0,314.42,0.0,1,9.5,0.73,SPY200117P00284000,284.0,0,0.0,0.0,,0.0,normalDay
2019-12-12,1456.0,899.0,0.0,0,317.13,0.0,1,9.5,0.51,SPY200117P00284000,284.0,0,0.0,0.0,,0.0,normalDay
2019-12-13,1456.0,911.0,0.0,0,317.32,0.0,1,9.5,0.39,SPY200117P00284000,284.0,0,0.0,0.0,,0.0,normalDay
2019-12-16,1456.0,921.0,0.0,0,319.5,0.0,1,9.5,0.29,SPY200117P00284000,284.0,0,0.0,0.0,,0.0,normalDay
2019-12-17,1456.0,921.0,0.0,0,319.57,0.0,1,9.5,0.29,SPY200117P00284000,284.0,0,0.0,0.0,,0.0,normalDay
2019-12-18,1456.0,921.0,0.0,0,319.59,0.0,1,9.5,0.29,SPY200117P00284000,284.0,0,0.0,0.0,,0.0,normalDay
2019-12-19,1456.0,925.0,0.0,0,320.9,0.0,1,9.5,0.25,SPY200117P00284000,284.0,0,0.0,0.0,,0.0,normalDay
2019-12-20,1456.0,925.0,0.0,0,320.73,0.0,1,9.5,0.25,SPY200117P00284000,284.0,0,0.0,0.0,,0.0,normalDay
2019-12-23,1456.0,928.0,0.0,0,321.22,0.0,1,9.5,0.22,SPY200117P00284000,284.0,0,0.0,0.0,,0.0,normalDay
2019-12-24,1456.0,930.0,0.0,0,321.23,0.0,1,9.5,0.2,SPY200117P00284000,284.0,0,0.0,0.0,,0.0,normalDay
2019-12-26,1456.0,936.0,0.0,0,322.94,0.0,1,9.5,0.14,SPY200117P00284000,284.0,0,0.0,0.0,,0.0,normalDay
2019-12-27,1456.0,936.0,0.0,0,322.86,0.0,1,9.5,0.14,SPY200117P00284000,284.0,0,0.0,0.0,,0.0,normalDay
2019-12-30,1456.0,935.0,0.0,0,321.08,0.0,1,9.5,0.15,SPY200117P00284000,284.0,0,0.0,0.0,,0.0,normalDay
2019-12-31,1456.0,936.0,0.0,0,321.86,0.0,1,9.5,0.14,SPY200117P00284000,284.0,0,0.0,0.0,,0.0,normalDay
2020-01-02,1456.0,944.0,0.0,0,324.87,0.0,1,9.5,0.06,SPY200117P00284000,284.0,0,0.0,0.0,,0.0,normalDay
2020-01-03,1456.0,942.0,0.0,0,322.41,0.0,1,9.5,0.08,SPY200117P00284000,284.0,0,0.0,0.0,,0.0,normalDay
2020-01-06,1456.0,946.0,0.0,0,323.64,0.0,1,9.5,0.04,SPY200117P00284000,284.0,0,0.0,0.0,,0.0,normalDay
2020-01-07,1456.0,947.0,0.0,0,322.73,0.0,1,9.5,0.03,SPY200117P00284000,284.0,0,0.0,0.0,,0.0,normalDay
2020-01-08,1456.0,946.0,0.0,0,324.45,0.0,1,9.5,0.04,SPY200117P00284000,284.0,0,0.0,0.0,,0.0,normalDay
2020-01-09,1456.0,947.0,0.0,0,326.65,0.0,1,9.5,0.03,SPY200117P00284000,284.0,0,0.0,0.0,,0.0,normalDay
2020-01-10,1456.0,948.0,0.0,0,325.71,0.0,1,9.5,0.02,SPY200117P00284000,284.0,0,0.0,0.0,,0.0,normalDay
2020-01-13,1456.0,949.0,0.0,0,327.95,0.0,1,9.5,0.01,SPY200117P00284000,284.0,0,0.0,0.0,,0.0,normalDay
2020-01-14,1456.0,949.0,0.0,0,327.45,0.0,1,9.5,0.01,SPY200117P00284000,284.0,0,0.0,0.0,,0.0,normalDay
2020-01-15,1456.0,949.0,0.0,0,328.19,0.0,1,9.5,0.01,SPY200117P00284000,284.0,0,0.0,0.0,,0.0,normalDay
2020-01-16,1456.0,949.0,0.0,0,330.92,0.0,1,9.5,0.01,SPY200117P00284000,284.0,0,0.0,0.0,,0.0,normalDay
2020-01-17,2406.0,0.0,950.0,0,331.95,0.0,1,9.5,0.0,SPY200117P00284000,284.0,0,0.0,0.0,,0.0,expirationDay
2020-01-21,2406.0,-6.0,0.0,0,331.3,0.0,1,7.91,7.97,SPY200630P00320000,320.0,0,0.0,0.0,,0.0,normalDay
2020-01-22,2406.0,-15.0,0.0,0,331.34,0.0,1,7.91,8.06,SPY200630P00320000,320.0,0,0.0,0.0,,0.0,normalDay
2020-01-23,2406.0,-2.0,0.0,0,331.72,0.0,1,7.91,7.93,SPY200630P00320000,320.0,0,0.0,0.0,,0.0,normalDay
2020-01-24,2406.0,-120.0,0.0,0,328.77,0.0,1,7.91,9.11,SPY200630P00320000,320.0,0,0.0,0.0,,0.0,normalDay
2020-01-27,2406.0,-385.0,0.0,0,323.5,0.0,1,7.91,11.76,SPY200630P00320000,320.0,0,0.0,0.0,,0.0,normalDay
2020-01-28,2406.0,-201.0,0.0,0,326.89,0.0,1,7.91,9.92,SPY200630P00320000,320.0,0,0.0,0.0,,0.0,normalDay
2020-01-29,2406.0,-203.0,0.0,0,326.62,0.0,1,7.91,9.94,SPY200630P00320000,320.0,0,0.0,0.0,,0.0,normalDay
2020-01-30,2406.0,-119.0,0.0,0,327.68,0.0,1,7.91,9.1,SPY200630P00320000,320.0,0,0.0,0.0,,0.0,normalDay
2020-01-31,2406.0,-410.0,0.0,0,321.73,0.0,1,7.91,12.01,SPY200630P00320000,320.0,0,0.0,0.0,,0.0,normalDay
2020-02-03,2406.0,-317.0,0.0,0,324.12,0.0,1,7.91,11.08,SPY200630P00320000,320.0,0,0.0,0.0,,0.0,normalDay
2020-02-04,2406.0,-79.0,0.0,0,329.06,0.0,1,7.91,8.7,SPY200630P00320000,320.0,0,0.0,0.0,,0.0,normalDay
2020-02-05,2406.0,53.0,0.0,0,332.86,0.0,1,7.91,7.38,SPY200630P00320000,320.0,0,0.0,0.0,,0.0,normalDay
2020-02-06,2406.0,77.0,0.0,0,333.98,0.0,1,7.91,7.14,SPY200630P00320000,320.0,0,0.0,0.0,,0.0,normalDay
2020-02-07,2406.0,13.0,0.0,0,332.2,0.0,1,7.91,7.78,SPY200630P00320000,320.0,0,0.0,0.0,,0.0,normalDay
2020-02-10,2406.0,96.0,0.0,0,334.68,0.0,1,7.91,6.95,SPY200630P00320000,320.0,0,0.0,0.0,,0.0,normalDay
2020-02-11,2406.0,108.0,0.0,0,335.26,0.0,1,7.91,6.83,SPY200630P00320000,320.0,0,0.0,0.0,,0.0,normalDay
2020-02-12,2406.0,180.0,0.0,0,337.42,0.0,1,7.91,6.11,SPY200630P00320000,320.0,0,0.0,0.0,,0.0,normalDay
2020-02-13,2406.0,166.0,0.0,0,337.06,0.0,1,7.91,6.25,SPY200630P00320000,320.0,0,0.0,0.0,,0.0,normalDay
2020-02-14,2406.0,190.0,0.0,0,337.6,0.0,1,7.91,6.01,SPY200630P00320000,320.0,0,0.0,0.0,,0.0,normalDay
2020-02-18,2406.0,161.0,0.0,0,336.73,0.0,1,7.91,6.3,SPY200630P00320000,320.0,0,0.0,0.0,,0.0,normalDay
2020-02-19,2406.0,210.0,0.0,0,338.34,0.0,1,7.91,5.81,SPY200630P00320000,320.0,0,0.0,0.0,,0.0,normalDay
2020-02-20,2406.0,155.0,0.0,0,336.95,0.0,1,7.91,6.36,SPY200630P00320000,320.0,0,0.0,0.0,,0.0,normalDay
2020-02-21,2406.0,21.0,0.0,0,333.48,0.0,1,7.91,7.7,SPY200630P00320000,320.0,0,0.0,0.0,,0.0,normalDay
2020-02-24,2406.0,-509.0,0.0,0,322.42,0.0,1,7.91,13.0,SPY200630P00320000,320.0,0,0.0,0.0,,0.0,normalDay
2020-02-25,2406.0,-1001.0,0.0,0,312.65,0.0,1,7.91,17.92,SPY200630P00320000,320.0,0,0.0,0.0,,0.0,normalDay
2020-02-26,2406.0,-1078.0,0.0,0,311.5,0.0,1,7.91,18.69,SPY200630P00320000,320.0,0,0.0,0.0,,0.0,normalDay
2020-02-27,2406.0,-2195.0,0.0,0,297.51,0.0,1,7.91,29.86,SPY200630P00320000,320.0,0,0.0,0.0,,0.0,normalDay
2020-02-28,2406.0,-2260.0,0.0,0,296.26,0.0,1,7.91,30.51,SPY200630P00320000,320.0,0,0.0,0.0,,0.0,normalDay
2020-03-02,2406.0,-1350.0,0.0,0,309.09,0.0,1,7.91,21.41,SPY200630P00320000,320.0,0,0.0,0.0,,0.0,normalDay
2020-03-03,2406.0,-1879.0,0.0,0,300.24,0.0,1,7.91,26.7,SPY200630P00320000,320.0,0,0.0,0.0,,0.0,normalDay
2020-03-04,2406.0,-1240.0,0.0,0,312.86,0.0,1,7.91,20.31,SPY200630P00320000,320.0,0,0.0,0.0,,0.0,normalDay
2020-03-05,2406.0,-2050.0,0.0,0,302.46,0.0,1,7.91,28.41,SPY200630P00320000,320.0,0,0.0,0.0,,0.0,normalDay
2020-03-06,2406.0,-2509.0,0.0,0,297.46,0.0,1,7.91,33.0,SPY200630P00320000,320.0,0,0.0,0.0,,0.0,normalDay
2020-03-09,2406.0,-4464.0,0.0,0,274.23,0.0,1,7.91,52.55,SPY200630P00320000,320.0,0,0.0,0.0,,0.0,normalDay
2020-03-10,2406.0,-3205.0,0.0,0,288.42,0.0,1,7.91,39.96,SPY200630P00320000,320.0,0,0.0,0.0,,0.0,normalDay
2020-03-11,2406.0,-4435.0,0.0,0,274.36,0.0,1,7.91,52.26,SPY200630P00320000,320.0,0,0.0,0.0,,0.0,normalDay
2020-03-12,2406.0,-6951.0,0.0,0,248.11,0.0,1,7.91,77.42,SPY200630P00320000,320.0,0,0.0,0.0,,0.0,normalDay
2020-03-13,2406.0,-4705.0,0.0,0,269.32,0.0,1,7.91,54.96,SPY200630P00320000,320.0,0,0.0,0.0,,0.0,normalDay
2020-03-16,2406.0,-7449.0,0.0,0,239.85,0.0,1,7.91,82.4,SPY200630P00320000,320.0,0,0.0,0.0,,0.0,normalDay
2020-03-17,2406.0,-6560.0,0.0,0,252.8,0.0,1,7.91,73.51,SPY200630P00320000,320.0,0,0.0,0.0,,0.0,normalDay
2020-03-18,2406.0,-7631.0,0.0,0,240.0,0.0,1,7.91,84.22,SPY200630P00320000,320.0,0,0.0,0.0,,0.0,normalDay
2020-03-19,2406.0,-7656.0,0.0,0,240.51,0.0,1,7.91,84.47,SPY200630P00320000,320.0,0,0.0,0.0,,0.0,normalDay
2020-03-20,2406.0,-8511.0,0.0,0,228.8,0.0,1,7.91,93.02,SPY200630P00320000,320.0,0,0.0,0.0,,0.0,normalDay
2020-03-23,2406.0,-9243.0,0.0,0,222.95,0.0,1,7.91,100.34,SPY200630P00320000,320.0,0,0.0,0.0,,0.0,normalDay
2020-03-24,2406.0,-7176.0,0.0,0,243.15,0.0,1,7.91,79.67,SPY200630P00320000,320.0,0,0.0,0.0,,0.0,normalDay
2020-03-25,2406.0,-6766.0,0.0,0,246.79,0.0,1,7.91,75.57,SPY200630P00320000,320.0,0,0.0,0.0,,0.0,normalDay
2020-03-26,2406.0,-5440.0,0.0,0,261.2,0.0,1,7.91,62.31,SPY200630P00320000,320.0,0,0.0,0.0,,0.0,normalDay
2020-03-27,2406.0,-6164.0,0.0,0,253.42,0.0,1,7.91,69.55,SPY200630P00320000,320.0,0,0.0,0.0,,0.0,normalDay
2020-03-30,2406.0,-5411.0,0.0,0,261.65,0.0,1,7.91,62.02,SPY200630P00320000,320.0,0,0.0,0.0,,0.0,normalDay
2020-03-31,2406.0,-5762.0,0.0,0,257.75,0.0,1,7.91,65.53,SPY200630P00320000,320.0,0,0.0,0.0,,0.0,normalDay
2020-04-01,2406.0,-6845.0,0.0,0,246.15,0.0,1,7.91,76.36,SPY200630P00320000,320.0,0,0.0,0.0,,0.0,normalDay
2020-04-02,2406.0,-6161.0,0.0,0,251.83,0.0,1,7.91,69.52,SPY200630P00320000,320.0,0,0.0,0.0,,0.0,normalDay
2020-04-03,2406.0,-6592.0,0.0,0,248.19,0.0,1,7.91,73.83,SPY200630P00320000,320.0,0,0.0,0.0,,0.0,normalDay
2020-04-06,2406.0,-4956.0,0.0,0,264.86,0.0,1,7.91,57.47,SPY200630P00320000,320.0,0,0.0,0.0,,0.0,normalDay
2020-04-07,2406.0,-5006.0,0.0,0,265.13,0.0,1,7.91,57.97,SPY200630P00320000,320.0,0,0.0,0.0,,0.0,normalDay
2020-04-08,2406.0,-4102.0,0.0,0,274.03,0.0,1,7.91,48.93,SPY200630P00320000,320.0,0,0.0,0.0,,0.0,normalDay
2020-04-09,2406.0,-3726.0,0.0,0,278.2,0.0,1,7.91,45.17,SPY200630P00320000,320.0,0,0.0,0.0,,0.0,normalDay
2020-04-13,2406.0,-3923.0,0.0,0,275.66,0.0,1,7.91,47.14,SPY200630P00320000,320.0,0,0.0,0.0,,0.0,normalDay
2020-04-14,2406.0,-3134.0,0.0,0,283.79,0.0,1,7.91,39.25,SPY200630P00320000,320.0,0,0.0,0.0,,0.0,normalDay
2020-04-15,2406.0,-3711.0,0.0,0,277.76,0.0,1,7.91,45.02,SPY200630P00320000,320.0,0,0.0,0.0,,0.0,normalDay
2020-04-16,2406.0,-3584.0,0.0,0,279.1,0.0,1,7.91,43.75,SPY200630P00320000,320.0,0,0.0,0.0,,0.0,normalDay
2020-04-17,2406.0,-2895.0,0.0,0,286.64,0.0,1,7.91,36.86,SPY200630P00320000,320.0,0,0.0,0.0,,0.0,normalDay
2020-04-20,2406.0,-3378.0,0.0,0,281.59,0.0,1,7.91,41.69,SPY200630P00320000,320.0,0,0.0,0.0,,0.0,normalDay
2020-04-21,2406.0,-4127.0,0.0,0,273.04,0.0,1,7.91,49.18,SPY200630P00320000,320.0,0,0.0,0.0,,0.0,normalDay
2020-04-22,2406.0,-3614.0,0.0,0,279.1,0.0,1,7.91,44.05,SPY200630P00320000,320.0,0,0.0,0.0,,0.0,normalDay
2020-04-23,2406.0,-3591.0,0.0,0,279.08,0.0,1,7.91,43.82,SPY200630P00320000,320.0,0,0.0,0.0,,0.0,normalDay
2020-04-24,2406.0,-3218.0,0.0,0,282.97,0.0,1,7.91,40.09,SPY200630P00320000,320.0,0,0.0,0.0,,0.0,normalDay
2020-04-27,2406.0,-2773.0,0.0,0,287.05,0.0,1,7.91,35.64,SPY200630P00320000,320.0,0,0.0,0.0,,0.0,normalDay
2020-04-28,2406.0,-2849.0,0.0,0,285.73,0.0,1,7.91,36.4,SPY200630P00320000,320.0,0,0.0,0.0,,0.0,normalDay
2020-04-29,2406.0,-2206.0,0.0,0,293.21,0.0,1,7.91,29.97,SPY200630P00320000,320.0,0,0.0,0.0,,0.0,normalDay
2020-04-30,2406.0,-2555.0,0.0,0,290.48,0.0,1,7.91,33.46,SPY200630P00320000,320.0,0,0.0,0.0,,0.0,normalDay
2020-05-01,2406.0,-3185.0,0.0,0,282.79,0.0,1,7.91,39.76,SPY200630P00320000,320.0,0,0.0,0.0,,0.0,normalDay
2020-05-04,2406.0,-3136.0,0.0,0,283.57,0.0,1,7.91,39.27,SPY200630P00320000,320.0,0,0.0,0.0,,0.0,normalDay
2020-05-05,2406.0,-2844.0,0.0,0,286.19,0.0,1,7.91,36.35,SPY200630P00320000,320.0,0,0.0,0.0,,0.0,normalDay
2020-05-06,2406.0,-3044.0,0.0,0,284.25,0.0,1,7.91,38.35,SPY200630P00320000,320.0,0,0.0,0.0,,0.0,normalDay
2020-05-07,2406.0,-2644.0,0.0,0,287.68,0.0,1,7.91,34.35,SPY200630P00320000,320.0,0,0.0,0.0,,0.0,normalDay
2020-05-08,2406.0,-2170.0,0.0,0,292.44,0.0,1,7.91,29.61,SPY200630P00320000,320.0,0,0.0,0.0,,0.0,normalDay
2020-05-11,2406.0,-2231.0,0.0,0,292.5,0.0,1,7.91,30.22,SPY200630P00320000,320.0,0,0.0,0.0,,0.0,normalDay
2020-05-12,2406.0,-2854.0,0.0,0,286.67,0.0,1,7.91,36.45,SPY200630P00320000,320.0,0,0.0,0.0,,0.0,normalDay
2020-05-13,2406.0,-3187.0,0.0,0,281.6,0.0,1,7.91,39.78,SPY200630P00320000,320.0,0,0.0,0.0,,0.0,normalDay
2020-05-14,2406.0,-2877.0,0.0,0,284.97,0.0,1,7.91,36.68,SPY200630P00320000,320.0,0,0.0,0.0,,0.0,normalDay
2020-05-15,2406.0,-2849.0,0.0,0,286.28,0.0,1,7.91,36.4,SPY200630P00320000,320.0,0,0.0,0.0,,0.0,normalDay
2020-05-18,2406.0,-1971.0,0.0,0,295.0,0.0,1,7.91,27.62,SPY200630P00320000,320.0,0,0.0,0.0,,0.0,normalDay
2020-05-19,2406.0,-2230.0,0.0,0,291.97,0.0,1,7.91,30.21,SPY200630P00320000,320.0,0,0.0,0.0,,0.0,normalDay
2020-05-20,2406.0,-1717.0,0.0,0,296.93,0.0,1,7.91,25.08,SPY200630P00320000,320.0,0,0.0,0.0,,0.0,normalDay
2020-05-21,2406.0,-1974.0,0.0,0,294.88,0.0,1,7.91,27.65,SPY200630P00320000,320.0,0,0.0,0.0,,0.0,normalDay
2020-05-22,2406.0,-1866.0,0.0,0,295.44,0.0,1,7.91,26.57,SPY200630P00320000,320.0,0,0.0,0.0,,0.0,normalDay
2020-05-26,2406.0,-1515.0,0.0,0,299.08,0.0,1,7.91,23.06,SPY200630P00320000,320.0,0,0.0,0.0,,0.0,normalDay
2020-05-27,2406.0,-1130.0,0.0,0,303.53,0.0,1,7.91,19.21,SPY200630P00320000,320.0,0,0.0,0.0,,0.0,normalDay
2020-05-28,2406.0,-1112.0,0.0,0,302.97,0.0,1,7.91,19.03,SPY200630P00320000,320.0,0,0.0,0.0,,0.0,normalDay
2020-05-29,2406.0,-1002.0,0.0,0,304.32,0.0,1,7.91,17.93,SPY200630P00320000,320.0,0,0.0,0.0,,0.0,normalDay
2020-06-01,2406.0,-962.0,0.0,0,305.55,0.0,1,7.91,17.53,SPY200630P00320000,320.0,0,0.0,0.0,,0.0,normalDay
2020-06-02,2406.0,-736.0,0.0,0,308.08,0.0,1,7.91,15.27,SPY200630P00320000,320.0,0,0.0,0.0,,0.0,normalDay
2020-06-03,2406.0,-418.0,0.0,0,312.18,0.0,1,7.91,12.09,SPY200630P00320000,320.0,0,0.0,0.0,,0.0,normalDay
2020-06-04,2406.0,-456.0,0.0,0,311.36,0.0,1,7.91,12.47,SPY200630P00320000,320.0,0,0.0,0.0,,0.0,normalDay
2020-06-05,2406.0,27.0,0.0,0,319.34,0.0,1,7.91,7.64,SPY200630P00320000,320.0,0,0.0,0.0,,0.0,normalDay
2020-06-08,2406.0,169.0,0.0,0,323.2,0.0,1,7.91,6.22,SPY200630P00320000,320.0,0,0.0,0.0,,0.0,normalDay
2020-06-09,2406.0,84.0,0.0,0,320.79,0.0,1,7.91,7.07,SPY200630P00320000,320.0,0,0.0,0.0,,0.0,normalDay
2020-06-10,2406.0,-40.0,0.0,0,319.0,0.0,1,7.91,8.31,SPY200630P00320000,320.0,0,0.0,0.0,,0.0,normalDay
2020-06-11,2406.0,-1402.0,0.0,0,300.61,0.0,1,7.91,21.93,SPY200630P00320000,320.0,0,0.0,0.0,,0.0,normalDay
2020-06-12,2406.0,-1120.0,0.0,0,304.21,0.0,1,7.91,19.11,SPY200630P00320000,320.0,0,0.0,0.0,,0.0,normalDay
2020-06-15,2406.0,-814.0,0.0,0,307.05,0.0,1,7.91,16.05,SPY200630P00320000,320.0,0,0.0,0.0,,0.0,normalDay
2020-06-16,2406.0,-423.0,0.0,0,312.96,0.0,1,7.91,12.14,SPY200630P00320000,320.0,0,0.0,0.0,,0.0,normalDay
2020-06-17,2406.0,-408.0,0.0,0,311.66,0.0,1,7.91,11.99,SPY200630P00320000,320.0,0,0.0,0.0,,0.0,normalDay
2020-06-18,2406.0,-370.0,0.0,0,311.78,0.0,1,7.91,11.61,SPY200630P00320000,320.0,0,0.0,0.0,,0.0,normalDay
2020-06-19,2406.0,-600.0,0.0,0,308.64,0.0,1,7.91,13.91,SPY200630P00320000,320.0,0,0.0,0.0,,0.0,normalDay
2020-06-22,2406.0,-246.0,0.0,0,310.62,0.0,1,7.91,10.37,SPY200630P00320000,320.0,0,0.0,0.0,,0.0,normalDay
2020-06-23,2406.0,-140.0,0.0,0,312.05,0.0,1,7.91,9.31,SPY200630P00320000,320.0,0,0.0,0.0,,0.0,normalDay
2020-06-24,2406.0,-778.0,0.0,0,304.09,0.0,1,7.91,15.69,SPY200630P00320000,320.0,0,0.0,0.0,,0.0,normalDay
2020-06-25,2406.0,-463.0,0.0,0,307.35,0.0,1,7.91,12.54,SPY200630P00320000,320.0,0,0.0,0.0,,0.0,normalDay
2020-06-26,2406.0,-1107.0,0.0,0,300.05,0.0,1,7.91,18.98,SPY200630P00320000,320.0,0,0.0,0.0,,0.0,normalDay
2020-06-29,2406.0,-764.0,0.0,0,304.46,0.0,1,7.91,15.55,SPY200630P00320000,320.0,0,0.0,0.0,,0.0,normalDay
2020-06-30,3197.0,-1164.0,791.0,100,308.36,320.0,1,7.91,0.0,SPY200630P00320000,320.0,0,0.0,0.0,,0.0,expirationDay
2020-07-01,3197.0,-955.0,0.0,100,310.52,320.0,0,0.0,0.0,,0.0,1,7.42,7.49,SPY200821C00317000,317.0,normalDay
2020-07-02,3197.0,-857.0,0.0,100,312.23,320.0,0,0.0,0.0,,0.0,1,7.42,8.22,SPY200821C00317000,317.0,normalDay
2020-07-06,3197.0,-596.0,0.0,100,317.05,320.0,0,0.0,0.0,,0.0,1,7.42,10.43,SPY200821C00317000,317.0,normalDay
2020-07-07,3197.0,-771.0,0.0,100,313.78,320.0,0,0.0,0.0,,0.0,1,7.42,8.91,SPY200821C00317000,317.0,normalDay
2020-07-08,3197.0,-627.0,0.0,100,316.18,320.0,0,0.0,0.0,,0.0,1,7.42,9.87,SPY200821C00317000,317.0,normalDay
2020-07-09,3197.0,-719.0,0.0,100,314.38,320.0,0,0.0,0.0,,0.0,1,7.42,8.99,SPY200821C00317000,317.0,normalDay
2020-07-10,3197.0,-542.0,0.0,100,317.59,320.0,0,0.0,0.0,,0.0,1,7.42,10.43,SPY200821C00317000,317.0,normalDay
2020-07-13,3197.0,-722.0,0.0,100,314.84,320.0,0,0.0,0.0,,0.0,1,7.42,9.48,SPY200821C00317000,317.0,normalDay
2020-07-14,3197.0,-462.0,0.0,100,318.92,320.0,0,0.0,0.0,,0.0,1,7.42,10.96,SPY200821C00317000,317.0,normalDay
2020-07-15,3197.0,-329.0,0.0,100,321.85,320.0,0,0.0,0.0,,0.0,1,7.42,12.56,SPY200821C00317000,317.0,normalDay
2020-07-16,3197.0,-276.0,0.0,100,320.79,320.0,0,0.0,0.0,,0.0,1,7.42,10.97,SPY200821C00317000,317.0,normalDay
2020-07-17,3197.0,-253.0,0.0,100,321.72,320.0,0,0.0,0.0,,0.0,1,7.42,11.67,SPY200821C00317000,317.0,normalDay
2020-07-20,3197.0,-106.0,0.0,100,324.32,320.0,0,0.0,0.0,,0.0,1,7.42,12.8,SPY200821C00317000,317.0,normalDay
2020-07-21,3197.0,-95.0,0.0,100,325.01,320.0,0,0.0,0.0,,0.0,1,7.42,13.38,SPY200821C00317000,317.0,normalDay
2020-07-22,3197.0,15.0,0.0,100,326.86,320.0,0,0.0,0.0,,0.0,1,7.42,14.13,SPY200821C00317000,317.0,normalDay
2020-07-23,3197.0,-96.0,0.0,100,322.96,320.0,0,0.0,0.0,,0.0,1,7.42,11.34,SPY200821C00317000,317.0,normalDay
2020-07-24,3197.0,-176.0,0.0,100,320.88,320.0,0,0.0,0.0,,0.0,1,7.42,10.06,SPY200821C00317000,317.0,normalDay
2020-07-27,3197.0,-34.0,0.0,100,323.22,320.0,0,0.0,0.0,,0.0,1,7.42,10.98,SPY200821C00317000,317.0,normalDay
2020-07-28,3197.0,-99.0,0.0,100,321.17,320.0,0,0.0,0.0,,0.0,1,7.42,9.58,SPY200821C00317000,317.0,normalDay
2020-07-29,3197.0,74.0,0.0,100,325.12,320.0,0,0.0,0.0,,0.0,1,7.42,11.8,SPY200821C00317000,317.0,normalDay
2020-07-30,3197.0,4.0,0.0,100,323.96,320.0,0,0.0,0.0,,0.0,1,7.42,11.34,SPY200821C00317000,317.0,normalDay
2020-07-31,3197.0,104.0,0.0,100,326.52,320.0,0,0.0,0.0,,0.0,1,7.42,12.9,SPY200821C00317000,317.0,normalDay
2020-08-03,3197.0,205.0,0.0,100,328.79,320.0,0,0.0,0.0,,0.0,1,7.42,14.16,SPY200821C00317000,317.0,normalDay
2020-08-04,3197.0,255.0,0.0,100,330.06,320.0,0,0.0,0.0,,0.0,1,7.42,14.93,SPY200821C00317000,317.0,normalDay
2020-08-05,3197.0,307.0,0.0,100,332.11,320.0,0,0.0,0.0,,0.0,1,7.42,16.46,SPY200821C00317000,317.0,normalDay
2020-08-06,3197.0,318.0,0.0,100,334.33,320.0,0,0.0,0.0,,0.0,1,7.42,18.57,SPY200821C00317000,317.0,normalDay
2020-08-07,3197.0,350.0,0.0,100,334.57,320.0,0,0.0,0.0,,0.0,1,7.42,18.49,SPY200821C00317000,317.0,normalDay
2020-08-10,3197.0,398.0,0.0,100,335.57,320.0,0,0.0,0.0,,0.0,1,7.42,19.01,SPY200821C00317000,317.0,normalDay
2020-08-11,3197.0,344.0,0.0,100,332.8,320.0,0,0.0,0.0,,0.0,1,7.42,16.78,SPY200821C00317000,317.0,normalDay
2020-08-12,3197.0,419.0,0.0,100,337.44,320.0,0,0.0,0.0,,0.0,1,7.42,20.67,SPY200821C00317000,317.0,normalDay
2020-08-13,3197.0,431.0,0.0,100,336.83,320.0,0,0.0,0.0,,0.0,1,7.42,19.94,SPY200821C00317000,317.0,normalDay
2020-08-14,3197.0,442.0,0.0,100,336.84,320.0,0,0.0,0.0,,0.0,1,7.42,19.84,SPY200821C00317000,317.0,normalDay
2020-08-17,3197.0,436.0,0.0,100,337.91,320.0,0,0.0,0.0,,0.0,1,7.42,20.97,SPY200821C00317000,317.0,normalDay
2020-08-18,3197.0,431.0,0.0,100,338.64,320.0,0,0.0,0.0,,0.0,1,7.42,21.75,SPY200821C00317000,317.0,normalDay
2020-08-19,3197.0,430.0,0.0,100,337.23,320.0,0,0.0,0.0,,0.0,1,7.42,20.35,SPY200821C00317000,317.0,normalDay
2020-08-20,3197.0,454.0,0.0,100,338.28,320.0,0,0.0,0.0,,0.0,1,7.42,21.16,SPY200821C00317000,317.0,normalDay
2020-08-21,3639.0,454.0,442.0,0,339.48,0.0,0,0.0,0.0,,0.0,1,7.42,0.0,SPY200821C00317000,317.0,expirationDay
2020-08-24,3639.0,-9.0,0.0,0,342.92,0.0,1,14.3,14.39,SPY210115P00325000,325.0,0,0.0,0.0,,0.0,normalDay
2020-08-25,3639.0,40.0,0.0,0,344.12,0.0,1,14.3,13.9,SPY210115P00325000,325.0,0,0.0,0.0,,0.0,normalDay
2020-08-26,3639.0,77.0,0.0,0,347.57,0.0,1,14.3,13.53,SPY210115P00325000,325.0,0,0.0,0.0,,0.0,normalDay
2020-08-27,3639.0,67.0,0.0,0,348.33,0.0,1,14.3,13.63,SPY210115P00325000,325.0,0,0.0,0.0,,0.0,normalDay
2020-08-28,3639.0,135.0,0.0,0,350.58,0.0,1,14.3,12.95,SPY210115P00325000,325.0,0,0.0,0.0,,0.0,normalDay
2020-08-31,3639.0,17.0,0.0,0,349.31,0.0,1,14.3,14.13,SPY210115P00325000,325.0,0,0.0,0.0,,0.0,normalDay
2020-09-01,3639.0,64.0,0.0,0,352.6,0.0,1,14.3,13.66,SPY210115P00325000,325.0,0,0.0,0.0,,0.0,normalDay
2020-09-02,3639.0,113.0,0.0,0,357.7,0.0,1,14.3,13.17,SPY210115P00325000,325.0,0,0.0,0.0,,0.0,normalDay
2020-09-03,3639.0,-288.0,0.0,0,345.39,0.0,1,14.3,17.18,SPY210115P00325000,325.0,0,0.0,0.0,,0.0,normalDay
2020-09-04,3639.0,-305.0,0.0,0,342.57,0.0,1,14.3,17.35,SPY210115P00325000,325.0,0,0.0,0.0,,0.0,normalDay
2020-09-08,3639.0,-502.0,0.0,0,333.21,0.0,1,14.3,19.32,SPY210115P00325000,325.0,0,0.0,0.0,,0.0,normalDay
2020-09-09,3639.0,-212.0,0.0,0,339.79,0.0,1,14.3,16.42,SPY210115P00325000,325.0,0,0.0,0.0,,0.0,normalDay
2020-09-10,3639.0,-409.0,0.0,0,333.89,0.0,1,14.3,18.39,SPY210115P00325000,325.0,0,0.0,0.0,,0.0,normalDay
2020-09-11,3639.0,-348.0,0.0,0,334.06,0.0,1,14.3,17.78,SPY210115P00325000,325.0,0,0.0,0.0,,0.0,normalDay
2020-09-14,3639.0,-115.0,0.0,0,338.46,0.0,1,14.3,15.45,SPY210115P00325000,325.0,0,0.0,0.0,,0.0,normalDay
2020-09-15,3639.0,-54.0,0.0,0,340.17,0.0,1,14.3,14.84,SPY210115P00325000,325.0,0,0.0,0.0,,0.0,normalDay
2020-09-16,3639.0,-111.0,0.0,0,338.82,0.0,1,14.3,15.41,SPY210115P00325000,325.0,0,0.0,0.0,,0.0,normalDay
2020-09-17,3639.0,-203.0,0.0,0,335.84,0.0,1,14.3,16.33,SPY210115P00325000,325.0,0,0.0,0.0,,0.0,normalDay
2020-09-18,3639.0,-322.0,0.0,0,330.65,0.0,1,14.3,17.52,SPY210115P00325000,325.0,0,0.0,0.0,,0.0,normalDay
2020-09-21,3639.0,-475.0,0.0,0,326.97,0.0,1,14.3,19.05,SPY210115P00325000,325.0,0,0.0,0.0,,0.0,normalDay
2020-09-22,3639.0,-396.0,0.0,0,330.3,0.0,1,14.3,18.26,SPY210115P00325000,325.0,0,0.0,0.0,,0.0,normalDay
2020-09-23,3639.0,-739.0,0.0,0,322.64,0.0,1,14.3,21.69,SPY210115P00325000,325.0,0,0.0,0.0,,0.0,normalDay
2020-09-24,3639.0,-664.0,0.0,0,323.5,0.0,1,14.3,20.94,SPY210115P00325000,325.0,0,0.0,0.0,,0.0,normalDay
2020-09-25,3639.0,-430.0,0.0,0,328.73,0.0,1,14.3,18.6,SPY210115P00325000,325.0,0,0.0,0.0,,0.0,normalDay
2020-09-28,3639.0,-212.0,0.0,0,334.19,0.0,1,14.3,16.42,SPY210115P00325000,325.0,0,0.0,0.0,,0.0,normalDay
2020-09-29,3639.0,-231.0,0.0,0,332.37,0.0,1,14.3,16.61,SPY210115P00325000,325.0,0,0.0,0.0,,0.0,normalDay
2020-09-30,3639.0,-214.0,0.0,0,334.89,0.0,1,14.3,16.44,SPY210115P00325000,325.0,0,0.0,0.0,,0.0,normalDay
2020-10-01,3639.0,-124.0,0.0,0,337.04,0.0,1,14.3,15.54,SPY210115P00325000,325.0,0,0.0,0.0,,0.0,normalDay
2020-10-02,3639.0,-249.0,0.0,0,333.84,0.0,1,14.3,16.79,SPY210115P00325000,325.0,0,0.0,0.0,,0.0,normalDay
2020-10-05,3639.0,-3.0,0.0,0,339.76,0.0,1,14.3,14.33,SPY210115P00325000,325.0,0,0.0,0.0,,0.0,normalDay
2020-10-06,3639.0,-145.0,0.0,0,334.93,0.0,1,14.3,15.75,SPY210115P00325000,325.0,0,0.0,0.0,,0.0,normalDay
2020-10-07,3639.0,99.0,0.0,0,340.76,0.0,1,14.3,13.31,SPY210115P00325000,325.0,0,0.0,0.0,,0.0,normalDay
2020-10-08,3639.0,250.0,0.0,0,343.78,0.0,1,14.3,11.8,SPY210115P00325000,325.0,0,0.0,0.0,,0.0,normalDay
2020-10-09,3639.0,421.0,0.0,0,346.85,0.0,1,14.3,10.09,SPY210115P00325000,325.0,0,0.0,0.0,,0.0,normalDay
2020-10-12,3639.0,567.0,0.0,0,352.43,0.0,1,14.3,8.63,SPY210115P00325000,325.0,0,0.0,0.0,,0.0,normalDay
2020-10-13,3639.0,504.0,0.0,0,350.13,0.0,1,14.3,9.26,SPY210115P00325000,325.0,0,0.0,0.0,,0.0,normalDay
2020-10-14,3639.0,469.0,0.0,0,347.93,0.0,1,14.3,9.61,SPY210115P00325000,325.0,0,0.0,0.0,,0.0,normalDay
2020-10-15,3639.0,454.0,0.0,0,347.5,0.0,1,14.3,9.76,SPY210115P00325000,325.0,0,0.0,0.0,,0.0,normalDay
2020-10-16,3639.0,415.0,0.0,0,347.29,0.0,1,14.3,10.15,SPY210115P00325000,325.0,0,0.0,0.0,,0.0,normalDay
2020-10-19,3639.0,271.0,0.0,0,342.01,0.0,1,14.3,11.59,SPY210115P00325000,325.0,0,0.0,0.0,,0.0,normalDay
2020-10-20,3639.0,293.0,0.0,0,343.38,0.0,1,14.3,11.37,SPY210115P00325000,325.0,0,0.0,0.0,,0.0,normalDay
2020-10-21,3639.0,342.0,0.0,0,342.73,0.0,1,14.3,10.88,SPY210115P00325000,325.0,0,0.0,0.0,,0.0,normalDay
2020-10-22,3639.0,394.0,0.0,0,344.61,0.0,1,14.3,10.36,SPY210115P00325000,325.0,0,0.0,0.0,,0.0,normalDay
2020-10-23,3639.0,433.0,0.0,0,345.78,0.0,1,14.3,9.97,SPY210115P00325000,325.0,0,0.0,0.0,,0.0,normalDay
2020-10-26,3639.0,176.0,0.0,0,339.39,0.0,1,14.3,12.54,SPY210115P00325000,325.0,0,0.0,0.0,,0.0,normalDay
2020-10-27,3639.0,141.0,0.0,0,338.22,0.0,1,14.3,12.89,SPY210115P00325000,325.0,0,0.0,0.0,,0.0,normalDay
2020-10-28,3639.0,-500.0,0.0,0,326.66,0.0,1,14.3,19.3,SPY210115P00325000,325.0,0,0.0,0.0,,0.0,normalDay
2020-10-29,3639.0,-202.0,0.0,0,329.98,0.0,1,14.3,16.32,SPY210115P00325000,325.0,0,0.0,0.0,,0.0,normalDay
2020-10-30,3639.0,-358.0,0.0,0,326.54,0.0,1,14.3,17.88,SPY210115P00325000,325.0,0,0.0,0.0,,0.0,normalDay
2020-11-02,3639.0,-131.0,0.0,0,330.2,0.0,1,14.3,15.61,SPY210115P00325000,325.0,0,0.0,0.0,,0.0,normalDay
2020-11-03,3639.0,106.0,0.0,0,336.03,0.0,1,14.3,13.24,SPY210115P00325000,325.0,0,0.0,0.0,,0.0,normalDay
2020-11-04,3639.0,494.0,0.0,0,343.54,0.0,1,14.3,9.36,SPY210115P00325000,325.0,0,0.0,0.0,,0.0,normalDay
2020-11-05,3639.0,657.0,0.0,0,350.24,0.0,1,14.3,7.73,SPY210115P00325000,325.0,0,0.0,0.0,,0.0,normalDay
2020-11-06,3639.0,729.0,0.0,0,350.16,0.0,1,14.3,7.01,SPY210115P00325000,325.0,0,0.0,0.0,,0.0,normalDay
2020-11-09,3639.0,865.0,0.0,0,354.56,0.0,1,14.3,5.65,SPY210115P00325000,325.0,0,0.0,0.0,,0.0,normalDay
2020-11-10,3639.0,878.0,0.0,0,354.04,0.0,1,14.3,5.52,SPY210115P00325000,325.0,0,0.0,0.0,,0.0,normalDay
2020-11-11,3639.0,951.0,0.0,0,356.67,0.0,1,14.3,4.79,SPY210115P00325000,325.0,0,0.0,0.0,,0.0,normalDay
2020-11-12,3639.0,848.0,0.0,0,353.21,0.0,1,14.3,5.82,SPY210115P00325000,325.0,0,0.0,0.0,,0.0,normalDay
2020-11-13,3639.0,975.0,0.0,0,358.1,0.0,1,14.3,4.55,SPY210115P00325000,325.0,0,0.0,0.0,,0.0,normalDay
2020-11-16,3639.0,1057.0,0.0,0,362.57,0.0,1,14.3,3.73,SPY210115P00325000,325.0,0,0.0,0.0,,0.0,normalDay
2020-11-17,3639.0,1046.0,0.0,0,360.62,0.0,1,14.3,3.84,SPY210115P00325000,325.0,0,0.0,0.0,,0.0,normalDay
2020-11-18,3639.0,986.0,0.0,0,356.28,0.0,1,14.3,4.44,SPY210115P00325000,325.0,0,0.0,0.0,,0.0,normalDay
2020-11-19,3639.0,1035.0,0.0,0,357.78,0.0,1,14.3,3.95,SPY210115P00325000,325.0,0,0.0,0.0,,0.0,normalDay
2020-11-20,3639.0,994.0,0.0,0,355.33,0.0,1,14.3,4.36,SPY210115P00325000,325.0,0,0.0,0.0,,0.0,normalDay
2020-11-23,3639.0,1061.0,0.0,0,357.46,0.0,1,14.3,3.69,SPY210115P00325000,325.0,0,0.0,0.0,,0.0,normalDay
2020-11-24,3639.0,1150.0,0.0,0,363.22,0.0,1,14.3,2.8,SPY210115P00325000,325.0,0,0.0,0.0,,0.0,normalDay
2020-11-25,3639.0,1165.0,0.0,0,362.66,0.0,1,14.3,2.65,SPY210115P00325000,325.0,0,0.0,0.0,,0.0,normalDay
2020-11-27,3639.0,1191.0,0.0,0,363.67,0.0,1,14.3,2.39,SPY210115P00325000,325.0,0,0.0,0.0,,0.0,normalDay
2020-11-30,3639.0,1207.0,0.0,0,362.06,0.0,1,14.3,2.23,SPY210115P00325000,325.0,0,0.0,0.0,,0.0,normalDay
2020-12-01,3639.0,1228.0,0.0,0,366.02,0.0,1,14.3,2.02,SPY210115P00325000,325.0,0,0.0,0.0,,0.0,normalDay
2020-12-02,3639.0,1237.0,0.0,0,366.79,0.0,1,14.3,1.93,SPY210115P00325000,325.0,0,0.0,0.0,,0.0,normalDay
2020-12-03,3639.0,1235.0,0.0,0,366.69,0.0,1,14.3,1.95,SPY210115P00325000,325.0,0,0.0,0.0,,0.0,normalDay
2020-12-04,3639.0,1277.0,0.0,0,369.85,0.0,1,14.3,1.53,SPY210115P00325000,325.0,0,0.0,0.0,,0.0,normalDay
2020-12-07,3639.0,1282.0,0.0,0,369.09,0.0,1,14.3,1.48,SPY210115P00325000,325.0,0,0.0,0.0,,0.0,normalDay
2020-12-08,3639.0,1311.0,0.0,0,370.17,0.0,1,14.3,1.19,SPY210115P00325000,325.0,0,0.0,0.0,,0.0,normalDay
2020-12-09,3639.0,1281.0,0.0,0,366.85,0.0,1,14.3,1.49,SPY210115P00325000,325.0,0,0.0,0.0,,0.0,normalDay
2020-12-10,3639.0,1285.0,0.0,0,366.73,0.0,1,14.3,1.45,SPY210115P00325000,325.0,0,0.0,0.0,,0.0,normalDay
2020-12-11,3639.0,1273.0,0.0,0,366.3,0.0,1,14.3,1.57,SPY210115P00325000,325.0,0,0.0,0.0,,0.0,normalDay
2020-12-14,3639.0,1259.0,0.0,0,364.66,0.0,1,14.3,1.71,SPY210115P00325000,325.0,0,0.0,0.0,,0.0,normalDay
2020-12-15,3639.0,1306.0,0.0,0,369.59,0.0,1,14.3,1.24,SPY210115P00325000,325.0,0,0.0,0.0,,0.0,normalDay
2020-12-16,3639.0,1323.0,0.0,0,370.17,0.0,1,14.3,1.07,SPY210115P00325000,325.0,0,0.0,0.0,,0.0,normalDay
2020-12-17,3639.0,1343.0,0.0,0,372.24,0.0,1,14.3,0.87,SPY210115P00325000,325.0,0,0.0,0.0,,0.0,normalDay
2020-12-18,3639.0,1349.0,0.0,0,369.18,0.0,1,14.3,0.81,SPY210115P00325000,325.0,0,0.0,0.0,,0.0,normalDay
2020-12-21,3639.0,1316.0,0.0,0,367.86,0.0,1,14.3,1.14,SPY210115P00325000,325.0,0,0.0,0.0,,0.0,normalDay
2020-12-22,3639.0,1330.0,0.0,0,367.24,0.0,1,14.3,1.0,SPY210115P00325000,325.0,0,0.0,0.0,,0.0,normalDay
2020-12-23,3639.0,1345.0,0.0,0,367.57,0.0,1,14.3,0.85,SPY210115P00325000,325.0,0,0.0,0.0,,0.0,normalDay
2020-12-24,3639.0,1368.0,0.0,0,369.0,0.0,1,14.3,0.62,SPY210115P00325000,325.0,0,0.0,0.0,,0.0,normalDay
2020-12-28,3639.0,1388.0,0.0,0,372.17,0.0,1,14.3,0.42,SPY210115P00325000,325.0,0,0.0,0.0,,0.0,normalDay
2020-12-29,3639.0,1383.0,0.0,0,371.46,0.0,1,14.3,0.47,SPY210115P00325000,325.0,0,0.0,0.0,,0.0,normalDay
2020-12-30,3639.0,1389.0,0.0,0,371.99,0.0,1,14.3,0.41,SPY210115P00325000,325.0,0,0.0,0.0,,0.0,normalDay
2020-12-31,3639.0,1395.0,0.0,0,373.88,0.0,1,14.3,0.35,SPY210115P00325000,325.0,0,0.0,0.0,,0.0,normalDay
2021-01-04,3639.0,1387.0,0.0,0,368.79,0.0,1,14.3,0.43,SPY210115P00325000,325.0,0,0.0,0.0,,0.0,normalDay
2021-01-05,3639.0,1401.0,0.0,0,371.33,0.0,1,14.3,0.29,SPY210115P00325000,325.0,0,0.0,0.0,,0.0,normalDay
2021-01-06,3639.0,1399.0,0.0,0,373.55,0.0,1,14.3,0.31,SPY210115P00325000,325.0,0,0.0,0.0,,0.0,normalDay
2021-01-07,3639.0,1417.0,0.0,0,379.1,0.0,1,14.3,0.13,SPY210115P00325000,325.0,0,0.0,0.0,,0.0,normalDay
2021-01-08,3639.0,1424.0,0.0,0,381.26,0.0,1,14.3,0.06,SPY210115P00325000,325.0,0,0.0,0.0,,0.0,normalDay
2021-01-11,3639.0,1424.0,0.0,0,378.69,0.0,1,14.3,0.06,SPY210115P00325000,325.0,0,0.0,0.0,,0.0,normalDay
2021-01-12,3639.0,1426.0,0.0,0,378.77,0.0,1,14.3,0.04,SPY210115P00325000,325.0,0,0.0,0.0,,0.0,normalDay
2021-01-13,3639.0,1428.0,0.0,0,379.79,0.0,1,14.3,0.02,SPY210115P00325000,325.0,0,0.0,0.0,,0.0,normalDay
2021-01-14,3639.0,1429.0,0.0,0,378.46,0.0,1,14.3,0.01,SPY210115P00325000,325.0,0,0.0,0.0,,0.0,normalDay
2021-01-15,5069.0,0.0,1430.0,0,375.7,0.0,1,14.3,0.0,SPY210115P00325000,325.0,0,0.0,0.0,,0.0,expirationDay
2021-01-19,5069.0,-7.0,0.0,0,378.65,0.0,1,17.13,17.2,SPY210618P00367000,367.0,0,0.0,0.0,,0.0,normalDay
2021-01-20,5069.0,192.0,0.0,0,383.89,0.0,1,17.13,15.21,SPY210618P00367000,367.0,0,0.0,0.0,,0.0,normalDay
2021-01-21,5069.0,200.0,0.0,0,384.24,0.0,1,17.13,15.13,SPY210618P00367000,367.0,0,0.0,0.0,,0.0,normalDay
2021-01-22,5069.0,149.0,0.0,0,382.88,0.0,1,17.13,15.64,SPY210618P00367000,367.0,0,0.0,0.0,,0.0,normalDay
2021-01-25,5069.0,161.0,0.0,0,384.39,0.0,1,17.13,15.52,SPY210618P00367000,367.0,0,0.0,0.0,,0.0,normalDay
2021-01-26,5069.0,150.0,0.0,0,383.79,0.0,1,17.13,15.63,SPY210618P00367000,367.0,0,0.0,0.0,,0.0,normalDay
2021-01-27,5069.0,-512.0,0.0,0,374.41,0.0,1,17.13,22.25,SPY210618P00367000,367.0,0,0.0,0.0,,0.0,normalDay
2021-01-28,5069.0,-266.0,0.0,0,377.63,0.0,1,17.13,19.79,SPY210618P00367000,367.0,0,0.0,0.0,,0.0,normalDay
2021-01-29,5069.0,-677.0,0.0,0,370.07,0.0,1,17.13,23.9,SPY210618P00367000,367.0,0,0.0,0.0,,0.0,normalDay
2021-02-01,5069.0,-316.0,0.0,0,376.23,0.0,1,17.13,20.29,SPY210618P00367000,367.0,0,0.0,0.0,,0.0,normalDay
2021-02-02,5069.0,45.0,0.0,0,381.55,0.0,1,17.13,16.68,SPY210618P00367000,367.0,0,0.0,0.0,,0.0,normalDay
2021-02-03,5069.0,134.0,0.0,0,381.85,0.0,1,17.13,15.79,SPY210618P00367000,367.0,0,0.0,0.0,,0.0,normalDay
2021-02-04,5069.0,288.0,0.0,0,386.19,0.0,1,17.13,14.25,SPY210618P00367000,367.0,0,0.0,0.0,,0.0,normalDay
2021-02-05,5069.0,336.0,0.0,0,387.71,0.0,1,17.13,13.77,SPY210618P00367000,367.0,0,0.0,0.0,,0.0,normalDay
2021-02-08,5069.0,423.0,0.0,0,390.51,0.0,1,17.13,12.9,SPY210618P00367000,367.0,0,0.0,0.0,,0.0,normalDay
2021-02-09,5069.0,419.0,0.0,0,390.25,0.0,1,17.13,12.94,SPY210618P00367000,367.0,0,0.0,0.0,,0.0,normalDay
2021-02-10,5069.0,386.0,0.0,0,390.08,0.0,1,17.13,13.27,SPY210618P00367000,367.0,0,0.0,0.0,,0.0,normalDay
2021-02-11,5069.0,419.0,0.0,0,390.71,0.0,1,17.13,12.94,SPY210618P00367000,367.0,0,0.0,0.0,,0.0,normalDay
2021-02-12,5069.0,520.0,0.0,0,392.64,0.0,1,17.13,11.93,SPY210618P00367000,367.0,0,0.0,0.0,,0.0,normalDay
2021-02-16,5069.0,499.0,0.0,0,392.3,0.0,1,17.13,12.14,SPY210618P00367000,367.0,0,0.0,0.0,,0.0,normalDay
2021-02-17,5069.0,520.0,0.0,0,392.39,0.0,1,17.13,11.93,SPY210618P00367000,367.0,0,0.0,0.0,,0.0,normalDay
2021-02-18,5069.0,469.0,0.0,0,390.72,0.0,1,17.13,12.44,SPY210618P00367000,367.0,0,0.0,0.0,,0.0,normalDay
2021-02-19,5069.0,485.0,0.0,0,390.03,0.0,1,17.13,12.28,SPY210618P00367000,367.0,0,0.0,0.0,,0.0,normalDay
2021-02-22,5069.0,402.0,0.0,0,387.03,0.0,1,17.13,13.11,SPY210618P00367000,367.0,0,0.0,0.0,,0.0,normalDay
2021-02-23,5069.0,456.0,0.0,0,387.5,0.0,1,17.13,12.57,SPY210618P00367000,367.0,0,0.0,0.0,,0.0,normalDay
2021-02-24,5069.0,624.0,0.0,0,391.77,0.0,1,17.13,10.89,SPY210618P00367000,367.0,0,0.0,0.0,,0.0,normalDay
2021-02-25,5069.0,210.0,0.0,0,382.33,0.0,1,17.13,15.03,SPY210618P00367000,367.0,0,0.0,0.0,,0.0,normalDay
2021-02-26,5069.0,217.0,0.0,0,380.36,0.0,1,17.13,14.96,SPY210618P00367000,367.0,0,0.0,0.0,,0.0,normalDay
2021-03-01,5069.0,595.0,0.0,0,389.58,0.0,1,17.13,11.18,SPY210618P00367000,367.0,0,0.0,0.0,,0.0,normalDay
2021-03-02,5069.0,497.0,0.0,0,386.54,0.0,1,17.13,12.16,SPY210618P00367000,367.0,0,0.0,0.0,,0.0,normalDay
2021-03-03,5069.0,315.0,0.0,0,381.42,0.0,1,17.13,13.98,SPY210618P00367000,367.0,0,0.0,0.0,,0.0,normalDay
2021-03-04,5069.0,133.0,0.0,0,376.7,0.0,1,17.13,15.8,SPY210618P00367000,367.0,0,0.0,0.0,,0.0,normalDay
2021-03-05,5069.0,455.0,0.0,0,383.63,0.0,1,17.13,12.58,SPY210618P00367000,367.0,0,0.0,0.0,,0.0,normalDay
2021-03-08,5069.0,415.0,0.0,0,381.72,0.0,1,17.13,12.98,SPY210618P00367000,367.0,0,0.0,0.0,,0.0,normalDay
2021-03-09,5069.0,590.0,0.0,0,387.17,0.0,1,17.13,11.23,SPY210618P00367000,367.0,0,0.0,0.0,,0.0,normalDay
2021-03-10,5069.0,687.0,0.0,0,389.58,0.0,1,17.13,10.26,SPY210618P00367000,367.0,0,0.0,0.0,,0.0,normalDay
2021-03-11,5069.0,789.0,0.0,0,393.53,0.0,1,17.13,9.24,SPY210618P00367000,367.0,0,0.0,0.0,,0.0,normalDay
2021-03-12,5069.0,842.0,0.0,0,394.06,0.0,1,17.13,8.71,SPY210618P00367000,367.0,0,0.0,0.0,,0.0,normalDay
2021-03-15,5069.0,941.0,0.0,0,396.41,0.0,1,17.13,7.72,SPY210618P00367000,367.0,0,0.0,0.0,,0.0,normalDay
2021-03-16,5069.0,932.0,0.0,0,395.91,0.0,1,17.13,7.81,SPY210618P00367000,367.0,0,0.0,0.0,,0.0,normalDay
2021-03-17,5069.0,999.0,0.0,0,397.26,0.0,1,17.13,7.14,SPY210618P00367000,367.0,0,0.0,0.0,,0.0,normalDay
2021-03-18,5069.0,856.0,0.0,0,391.48,0.0,1,17.13,8.57,SPY210618P00367000,367.0,0,0.0,0.0,,0.0,normalDay
2021-03-19,5069.0,852.0,0.0,0,389.48,0.0,1,17.13,8.61,SPY210618P00367000,367.0,0,0.0,0.0,,0.0,normalDay
2021-03-22,5069.0,1032.0,0.0,0,392.59,0.0,1,17.13,6.81,SPY210618P00367000,367.0,0,0.0,0.0,,0.0,normalDay
2021-03-23,5069.0,943.0,0.0,0,389.5,0.0,1,17.13,7.7,SPY210618P00367000,367.0,0,0.0,0.0,,0.0,normalDay
2021-03-24,5069.0,887.0,0.0,0,387.52,0.0,1,17.13,8.26,SPY210618P00367000,367.0,0,0.0,0.0,,0.0,normalDay
2021-03-25,5069.0,988.0,0.0,0,389.7,0.0,1,17.13,7.25,SPY210618P00367000,367.0,0,0.0,0.0,,0.0,normalDay
2021-03-26,5069.0,1130.0,0.0,0,395.98,0.0,1,17.13,5.83,SPY210618P00367000,367.0,0,0.0,0.0,,0.0,normalDay
2021-03-29,5069.0,1105.0,0.0,0,395.78,0.0,1,17.13,6.08,SPY210618P00367000,367.0,0,0.0,0.0,,0.0,normalDay
2021-03-30,5069.0,1127.0,0.0,0,394.73,0.0,1,17.13,5.86,SPY210618P00367000,367.0,0,0.0,0.0,,0.0,normalDay
2021-03-31,5069.0,1172.0,0.0,0,396.33,0.0,1,17.13,5.41,SPY210618P00367000,367.0,0,0.0,0.0,,0.0,normalDay
2021-04-01,5069.0,1283.0,0.0,0,400.61,0.0,1,17.13,4.3,SPY210618P00367000,367.0,0,0.0,0.0,,0.0,normalDay
2021-04-05,5069.0,1365.0,0.0,0,406.36,0.0,1,17.13,3.48,SPY210618P00367000,367.0,0,0.0,0.0,,0.0,normalDay
2021-04-06,5069.0,1359.0,0.0,0,406.12,0.0,1,17.13,3.54,SPY210618P00367000,367.0,0,0.0,0.0,,0.0,normalDay
2021-04-07,5069.0,1387.0,0.0,0,406.59,0.0,1,17.13,3.26,SPY210618P00367000,367.0,0,0.0,0.0,,0.0,normalDay
2021-04-08,5069.0,1408.0,0.0,0,408.52,0.0,1,17.13,3.05,SPY210618P00367000,367.0,0,0.0,0.0,,0.0,normalDay
2021-04-09,5069.0,1427.0,0.0,0,411.49,0.0,1,17.13,2.86,SPY210618P00367000,367.0,0,0.0,0.0,,0.0,normalDay
2021-04-12,5069.0,1443.0,0.0,0,411.64,0.0,1,17.13,2.7,SPY210618P00367000,367.0,0,0.0,0.0,,0.0,normalDay
2021-04-13,5069.0,1466.0,0.0,0,412.86,0.0,1,17.13,2.47,SPY210618P00367000,367.0,0,0.0,0.0,,0.0,normalDay
2021-04-14,5069.0,1453.0,0.0,0,411.45,0.0,1,17.13,2.6,SPY210618P00367000,367.0,0,0.0,0.0,,0.0,normalDay
2021-04-15,5069.0,1491.0,0.0,0,415.87,0.0,1,17.13,2.22,SPY210618P00367000,367.0,0,0.0,0.0,,0.0,normalDay
2021-04-16,5069.0,1505.0,0.0,0,417.26,0.0,1,17.13,2.08,SPY210618P00367000,367.0,0,0.0,0.0,,0.0,normalDay
2021-04-19,5069.0,1485.0,0.0,0,415.21,0.0,1,17.13,2.28,SPY210618P00367000,367.0,0,0.0,0.0,,0.0,normalDay
2021-04-20,5069.0,1440.0,0.0,0,412.17,0.0,1,17.13,2.73,SPY210618P00367000,367.0,0,0.0,0.0,,0.0,normalDay
2021-04-21,5069.0,1500.0,0.0,0,416.07,0.0,1,17.13,2.13,SPY210618P00367000,367.0,0,0.0,0.0,,0.0,normalDay
2021-04-22,5069.0,1450.0,0.0,0,412.27,0.0,1,17.13,2.63,SPY210618P00367000,367.0,0,0.0,0.0,,0.0,normalDay
2021-04-23,5069.0,1518.0,0.0,0,416.74,0.0,1,17.13,1.95,SPY210618P00367000,367.0,0,0.0,0.0,,0.0,normalDay
2021-04-26,5069.0,1536.0,0.0,0,417.61,0.0,1,17.13,1.77,SPY210618P00367000,367.0,0,0.0,0.0,,0.0,normalDay
2021-04-27,5069.0,1544.0,0.0,0,417.52,0.0,1,17.13,1.69,SPY210618P00367000,367.0,0,0.0,0.0,,0.0,normalDay
2021-04-28,5069.0,1558.0,0.0,0,417.4,0.0,1,17.13,1.55,SPY210618P00367000,367.0,0,0.0,0.0,,0.0,normalDay
2021-04-29,5069.0,1565.0,0.0,0,420.06,0.0,1,17.13,1.48,SPY210618P00367000,367.0,0,0.0,0.0,,0.0,normalDay
2021-04-30,5069.0,1542.0,0.0,0,417.3,0.0,1,17.13,1.71,SPY210618P00367000,367.0,0,0.0,0.0,,0.0,normalDay
2021-05-03,5069.0,1562.0,0.0,0,418.2,0.0,1,17.13,1.51,SPY210618P00367000,367.0,0,0.0,0.0,,0.0,normalDay
2021-05-04,5069.0,1537.0,0.0,0,415.62,0.0,1,17.13,1.76,SPY210618P00367000,367.0,0,0.0,0.0,,0.0,normalDay
2021-05-05,5069.0,1548.0,0.0,0,415.75,0.0,1,17.13,1.65,SPY210618P00367000,367.0,0,0.0,0.0,,0.0,normalDay
2021-05-06,5069.0,1578.0,0.0,0,419.07,0.0,1,17.13,1.35,SPY210618P00367000,367.0,0,0.0,0.0,,0.0,normalDay
2021-05-07,5069.0,1611.0,0.0,0,422.12,0.0,1,17.13,1.02,SPY210618P00367000,367.0,0,0.0,0.0,,0.0,normalDay
2021-05-10,5069.0,1578.0,0.0,0,417.94,0.0,1,17.13,1.35,SPY210618P00367000,367.0,0,0.0,0.0,,0.0,normalDay
2021-05-11,5069.0,1540.0,0.0,0,414.21,0.0,1,17.13,1.73,SPY210618P00367000,367.0,0,0.0,0.0,,0.0,normalDay
2021-05-12,5069.0,1366.0,0.0,0,405.41,0.0,1,17.13,3.47,SPY210618P00367000,367.0,0,0.0,0.0,,0.0,normalDay
2021-05-13,5069.0,1497.0,0.0,0,410.28,0.0,1,17.13,2.16,SPY210618P00367000,367.0,0,0.0,0.0,,0.0,normalDay
2021-05-14,5069.0,1604.0,0.0,0,416.58,0.0,1,17.13,1.09,SPY210618P00367000,367.0,0,0.0,0.0,,0.0,normalDay
2021-05-17,5069.0,1602.0,0.0,0,415.52,0.0,1,17.13,1.11,SPY210618P00367000,367.0,0,0.0,0.0,,0.0,normalDay
2021-05-18,5069.0,1571.0,0.0,0,411.94,0.0,1,17.13,1.42,SPY210618P00367000,367.0,0,0.0,0.0,,0.0,normalDay
2021-05-19,5069.0,1564.0,0.0,0,410.86,0.0,1,17.13,1.49,SPY210618P00367000,367.0,0,0.0,0.0,,0.0,normalDay
2021-05-20,5069.0,1603.0,0.0,0,415.28,0.0,1,17.13,1.1,SPY210618P00367000,367.0,0,0.0,0.0,,0.0,normalDay
2021-05-21,5069.0,1613.0,0.0,0,414.94,0.0,1,17.13,1.0,SPY210618P00367000,367.0,0,0.0,0.0,,0.0,normalDay
2021-05-24,5069.0,1653.0,0.0,0,419.17,0.0,1,17.13,0.6,SPY210618P00367000,367.0,0,0.0,0.0,,0.0,normalDay
2021-05-25,5069.0,1653.0,0.0,0,418.24,0.0,1,17.13,0.6,SPY210618P00367000,367.0,0,0.0,0.0,,0.0,normalDay
2021-05-26,5069.0,1669.0,0.0,0,419.07,0.0,1,17.13,0.44,SPY210618P00367000,367.0,0,0.0,0.0,,0.0,normalDay
2021-05-27,5069.0,1675.0,0.0,0,419.29,0.0,1,17.13,0.38,SPY210618P00367000,367.0,0,0.0,0.0,,0.0,normalDay
2021-05-28,5069.0,1676.0,0.0,0,420.04,0.0,1,17.13,0.37,SPY210618P00367000,367.0,0,0.0,0.0,,0.0,normalDay
2021-06-01,5069.0,1683.0,0.0,0,419.67,0.0,1,17.13,0.3,SPY210618P00367000,367.0,0,0.0,0.0,,0.0,normalDay
2021-06-02,5069.0,1690.0,0.0,0,420.33,0.0,1,17.13,0.23,SPY210618P00367000,367.0,0,0.0,0.0,,0.0,normalDay
2021-06-03,5069.0,1690.0,0.0,0,418.77,0.0,1,17.13,0.23,SPY210618P00367000,367.0,0,0.0,0.0,,0.0,normalDay
2021-06-04,5069.0,1698.0,0.0,0,422.6,0.0,1,17.13,0.15,SPY210618P00367000,367.0,0,0.0,0.0,,0.0,normalDay
2021-06-07,5069.0,1702.0,0.0,0,422.19,0.0,1,17.13,0.11,SPY210618P00367000,367.0,0,0.0,0.0,,0.0,normalDay
2021-06-08,5069.0,1700.0,0.0,0,422.28,0.0,1,17.13,0.13,SPY210618P00367000,367.0,0,0.0,0.0,,0.0,normalDay
2021-06-09,5069.0,1699.0,0.0,0,421.65,0.0,1,17.13,0.14,SPY210618P00367000,367.0,0,0.0,0.0,,0.0,normalDay
2021-06-10,5069.0,1705.0,0.0,0,423.61,0.0,1,17.13,0.08,SPY210618P00367000,367.0,0,0.0,0.0,,0.0,normalDay
2021-06-11,5069.0,1706.0,0.0,0,424.31,0.0,1,17.13,0.07,SPY210618P00367000,367.0,0,0.0,0.0,,0.0,normalDay
2021-06-14,5069.0,1708.0,0.0,0,425.26,0.0,1,17.13,0.05,SPY210618P00367000,367.0,0,0.0,0.0,,0.0,normalDay
2021-06-15,5069.0,1709.0,0.0,0,424.48,0.0,1,17.13,0.04,SPY210618P00367000,367.0,0,0.0,0.0,,0.0,normalDay
2021-06-16,5069.0,1709.0,0.0,0,422.11,0.0,1,17.13,0.04,SPY210618P00367000,367.0,0,0.0,0.0,,0.0,normalDay
2021-06-17,5069.0,1711.0,0.0,0,421.97,0.0,1,17.13,0.02,SPY210618P00367000,367.0,0,0.0,0.0,,0.0,normalDay
2021-06-18,6782.0,0.0,1713.0,0,414.92,0.0,1,17.13,0.0,SPY210618P00367000,367.0,0,0.0,0.0,,0.0,expirationDay
2021-06-21,6782.0,-12.0,0.0,0,420.86,0.0,1,16.52,16.64,SPY211119P00417000,417.0,0,0.0,0.0,,0.0,normalDay
2021-06-22,6782.0,107.0,0.0,0,423.11,0.0,1,16.52,15.45,SPY211119P00417000,417.0,0,0.0,0.0,,0.0,normalDay
2021-06-23,6782.0,141.0,0.0,0,422.6,0.0,1,16.52,15.11,SPY211119P00417000,417.0,0,0.0,0.0,,0.0,normalDay
2021-06-24,6782.0,239.0,0.0,0,425.1,0.0,1,16.52,14.13,SPY211119P00417000,417.0,0,0.0,0.0,,0.0,normalDay
2021-06-25,6782.0,302.0,0.0,0,426.61,0.0,1,16.52,13.5,SPY211119P00417000,417.0,0,0.0,0.0,,0.0,normalDay
2021-06-28,6782.0,331.0,0.0,0,427.47,0.0,1,16.52,13.21,SPY211119P00417000,417.0,0,0.0,0.0,,0.0,normalDay
2021-06-29,6782.0,334.0,0.0,0,427.7,0.0,1,16.52,13.18,SPY211119P00417000,417.0,0,0.0,0.0,,0.0,normalDay
2021-06-30,6782.0,352.0,0.0,0,428.06,0.0,1,16.52,13.0,SPY211119P00417000,417.0,0,0.0,0.0,,0.0,normalDay
2021-07-01,6782.0,403.0,0.0,0,430.43,0.0,1,16.52,12.49,SPY211119P00417000,417.0,0,0.0,0.0,,0.0,normalDay
2021-07-02,6782.0,495.0,0.0,0,433.72,0.0,1,16.52,11.57,SPY211119P00417000,417.0,0,0.0,0.0,,0.0,normalDay
2021-07-06,6782.0,454.0,0.0,0,432.93,0.0,1,16.52,11.98,SPY211119P00417000,417.0,0,0.0,0.0,,0.0,normalDay
2021-07-07,6782.0,474.0,0.0,0,434.46,0.0,1,16.52,11.78,SPY211119P00417000,417.0,0,0.0,0.0,,0.0,normalDay
2021-07-08,6782.0,318.0,0.0,0,430.92,0.0,1,16.52,13.34,SPY211119P00417000,417.0,0,0.0,0.0,,0.0,normalDay
2021-07-09,6782.0,527.0,0.0,0,435.52,0.0,1,16.52,11.25,SPY211119P00417000,417.0,0,0.0,0.0,,0.0,normalDay
2021-07-12,6782.0,560.0,0.0,0,437.08,0.0,1,16.52,10.92,SPY211119P00417000,417.0,0,0.0,0.0,,0.0,normalDay
2021-07-13,6782.0,484.0,0.0,0,435.59,0.0,1,16.52,11.68,SPY211119P00417000,417.0,0,0.0,0.0,,0.0,normalDay
2021-07-14,6782.0,524.0,0.0,0,436.24,0.0,1,16.52,11.28,SPY211119P00417000,417.0,0,0.0,0.0,,0.0,normalDay
2021-07-15,6782.0,460.0,0.0,0,434.75,0.0,1,16.52,11.92,SPY211119P00417000,417.0,0,0.0,0.0,,0.0,normalDay
2021-07-16,6782.0,339.0,0.0,0,431.34,0.0,1,16.52,13.13,SPY211119P00417000,417.0,0,0.0,0.0,,0.0,normalDay
2021-07-19,6782.0,54.0,0.0,0,424.97,0.0,1,16.52,15.98,SPY211119P00417000,417.0,0,0.0,0.0,,0.0,normalDay
2021-07-20,6782.0,326.0,0.0,0,431.06,0.0,1,16.52,13.26,SPY211119P00417000,417.0,0,0.0,0.0,,0.0,normalDay
2021-07-21,6782.0,493.0,0.0,0,434.55,0.0,1,16.52,11.59,SPY211119P00417000,417.0,0,0.0,0.0,,0.0,normalDay
2021-07-22,6782.0,520.0,0.0,0,435.46,0.0,1,16.52,11.32,SPY211119P00417000,417.0,0,0.0,0.0,,0.0,normalDay
2021-07-23,6782.0,622.0,0.0,0,439.94,0.0,1,16.52,10.3,SPY211119P00417000,417.0,0,0.0,0.0,,0.0,normalDay
2021-07-26,6782.0,658.0,0.0,0,441.02,0.0,1,16.52,9.94,SPY211119P00417000,417.0,0,0.0,0.0,,0.0,normalDay
2021-07-27,6782.0,559.0,0.0,0,439.01,0.0,1,16.52,10.93,SPY211119P00417000,417.0,0,0.0,0.0,,0.0,normalDay
2021-07-28,6782.0,595.0,0.0,0,438.83,0.0,1,16.52,10.57,SPY211119P00417000,417.0,0,0.0,0.0,,0.0,normalDay
2021-07-29,6782.0,669.0,0.0,0,440.65,0.0,1,16.52,9.83,SPY211119P00417000,417.0,0,0.0,0.0,,0.0,normalDay
2021-07-30,6782.0,630.0,0.0,0,438.51,0.0,1,16.52,10.22,SPY211119P00417000,417.0,0,0.0,0.0,,0.0,normalDay
2021-08-02,6782.0,574.0,0.0,0,437.59,0.0,1,16.52,10.78,SPY211119P00417000,417.0,0,0.0,0.0,,0.0,normalDay
2021-08-03,6782.0,699.0,0.0,0,441.15,0.0,1,16.52,9.53,SPY211119P00417000,417.0,0,0.0,0.0,,0.0,normalDay
2021-08-04,6782.0,667.0,0.0,0,438.98,0.0,1,16.52,9.85,SPY211119P00417000,417.0,0,0.0,0.0,,0.0,normalDay
2021-08-05,6782.0,745.0,0.0,0,441.76,0.0,1,16.52,9.07,SPY211119P00417000,417.0,0,0.0,0.0,,0.0,normalDay
2021-08-06,6782.0,811.0,0.0,0,442.49,0.0,1,16.52,8.41,SPY211119P00417000,417.0,0,0.0,0.0,,0.0,normalDay
2021-08-09,6782.0,802.0,0.0,0,442.13,0.0,1,16.52,8.5,SPY211119P00417000,417.0,0,0.0,0.0,,0.0,normalDay
2021-08-10,6782.0,809.0,0.0,0,442.68,0.0,1,16.52,8.43,SPY211119P00417000,417.0,0,0.0,0.0,,0.0,normalDay
2021-08-11,6782.0,863.0,0.0,0,443.78,0.0,1,16.52,7.89,SPY211119P00417000,417.0,0,0.0,0.0,,0.0,normalDay
2021-08-12,6782.0,916.0,0.0,0,445.11,0.0,1,16.52,7.36,SPY211119P00417000,417.0,0,0.0,0.0,,0.0,normalDay
2021-08-13,6782.0,942.0,0.0,0,445.92,0.0,1,16.52,7.1,SPY211119P00417000,417.0,0,0.0,0.0,,0.0,normalDay
2021-08-16,6782.0,964.0,0.0,0,446.97,0.0,1,16.52,6.88,SPY211119P00417000,417.0,0,0.0,0.0,,0.0,normalDay
2021-08-17,6782.0,853.0,0.0,0,444.04,0.0,1,16.52,7.99,SPY211119P00417000,417.0,0,0.0,0.0,,0.0,normalDay
2021-08-18,6782.0,669.0,0.0,0,439.18,0.0,1,16.52,9.83,SPY211119P00417000,417.0,0,0.0,0.0,,0.0,normalDay
2021-08-19,6782.0,673.0,0.0,0,439.86,0.0,1,16.52,9.79,SPY211119P00417000,417.0,0,0.0,0.0,,0.0,normalDay
2021-08-20,6782.0,837.0,0.0,0,443.36,0.0,1,16.52,8.15,SPY211119P00417000,417.0,0,0.0,0.0,,0.0,normalDay
2021-08-23,6782.0,987.0,0.0,0,447.26,0.0,1,16.52,6.65,SPY211119P00417000,417.0,0,0.0,0.0,,0.0,normalDay
2021-08-24,6782.0,997.0,0.0,0,447.97,0.0,1,16.52,6.55,SPY211119P00417000,417.0,0,0.0,0.0,,0.0,normalDay
2021-08-25,6782.0,1040.0,0.0,0,448.91,0.0,1,16.52,6.12,SPY211119P00417000,417.0,0,0.0,0.0,,0.0,normalDay
2021-08-26,6782.0,953.0,0.0,0,446.26,0.0,1,16.52,6.99,SPY211119P00417000,417.0,0,0.0,0.0,,0.0,normalDay
2021-08-27,6782.0,1080.0,0.0,0,450.25,0.0,1,16.52,5.72,SPY211119P00417000,417.0,0,0.0,0.0,,0.0,normalDay
2021-08-30,6782.0,1123.0,0.0,0,452.23,0.0,1,16.52,5.29,SPY211119P00417000,417.0,0,0.0,0.0,,0.0,normalDay
2021-08-31,6782.0,1122.0,0.0,0,451.56,0.0,1,16.52,5.3,SPY211119P00417000,417.0,0,0.0,0.0,,0.0,normalDay
2021-09-01,6782.0,1150.0,0.0,0,451.8,0.0,1,16.52,5.02,SPY211119P00417000,417.0,0,0.0,0.0,,0.0,normalDay
2021-09-02,6782.0,1175.0,0.0,0,453.19,0.0,1,16.52,4.77,SPY211119P00417000,417.0,0,0.0,0.0,,0.0,normalDay
2021-09-03,6782.0,1169.0,0.0,0,453.08,0.0,1,16.52,4.83,SPY211119P00417000,417.0,0,0.0,0.0,,0.0,normalDay
2021-09-07,6782.0,1131.0,0.0,0,451.46,0.0,1,16.52,5.21,SPY211119P00417000,417.0,0,0.0,0.0,,0.0,normalDay
2021-09-08,6782.0,1129.0,0.0,0,450.91,0.0,1,16.52,5.23,SPY211119P00417000,417.0,0,0.0,0.0,,0.0,normalDay
2021-09-09,6782.0,1082.0,0.0,0,448.98,0.0,1,16.52,5.7,SPY211119P00417000,417.0,0,0.0,0.0,,0.0,normalDay
2021-09-10,6782.0,1004.0,0.0,0,445.44,0.0,1,16.52,6.48,SPY211119P00417000,417.0,0,0.0,0.0,,0.0,normalDay
2021-09-13,6782.0,1080.0,0.0,0,446.58,0.0,1,16.52,5.72,SPY211119P00417000,417.0,0,0.0,0.0,,0.0,normalDay
2021-09-14,6782.0,1042.0,0.0,0,444.17,0.0,1,16.52,6.1,SPY211119P00417000,417.0,0,0.0,0.0,,0.0,normalDay
2021-09-15,6782.0,1148.0,0.0,0,447.88,0.0,1,16.52,5.04,SPY211119P00417000,417.0,0,0.0,0.0,,0.0,normalDay
2021-09-16,6782.0,1130.0,0.0,0,447.17,0.0,1,16.52,5.22,SPY211119P00417000,417.0,0,0.0,0.0,,0.0,normalDay
2021-09-17,6782.0,1001.0,0.0,0,441.4,0.0,1,16.52,6.51,SPY211119P00417000,417.0,0,0.0,0.0,,0.0,normalDay
2021-09-20,6782.0,723.0,0.0,0,434.04,0.0,1,16.52,9.29,SPY211119P00417000,417.0,0,0.0,0.0,,0.0,normalDay
2021-09-21,6782.0,765.0,0.0,0,433.63,0.0,1,16.52,8.87,SPY211119P00417000,417.0,0,0.0,0.0,,0.0,normalDay
2021-09-22,6782.0,984.0,0.0,0,437.86,0.0,1,16.52,6.68,SPY211119P00417000,417.0,0,0.0,0.0,,0.0,normalDay
2021-09-23,6782.0,1159.0,0.0,0,443.18,0.0,1,16.52,4.93,SPY211119P00417000,417.0,0,0.0,0.0,,0.0,normalDay
2021-09-24,6782.0,1205.0,0.0,0,443.91,0.0,1,16.52,4.47,SPY211119P00417000,417.0,0,0.0,0.0,,0.0,normalDay
2021-09-27,6782.0,1177.0,0.0,0,442.64,0.0,1,16.52,4.75,SPY211119P00417000,417.0,0,0.0,0.0,,0.0,normalDay
2021-09-28,6782.0,904.0,0.0,0,433.72,0.0,1,16.52,7.48,SPY211119P00417000,417.0,0,0.0,0.0,,0.0,normalDay
2021-09-29,6782.0,932.0,0.0,0,434.45,0.0,1,16.52,7.2,SPY211119P00417000,417.0,0,0.0,0.0,,0.0,normalDay
2021-09-30,6782.0,803.0,0.0,0,429.14,0.0,1,16.52,8.49,SPY211119P00417000,417.0,0,0.0,0.0,,0.0,normalDay
2021-10-01,6782.0,994.0,0.0,0,434.24,0.0,1,16.52,6.58,SPY211119P00417000,417.0,0,0.0,0.0,,0.0,normalDay
2021-10-04,6782.0,837.0,0.0,0,428.64,0.0,1,16.52,8.15,SPY211119P00417000,417.0,0,0.0,0.0,,0.0,normalDay
2021-10-05,6782.0,1005.0,0.0,0,433.1,0.0,1,16.52,6.47,SPY211119P00417000,417.0,0,0.0,0.0,,0.0,normalDay
2021-10-06,6782.0,1060.0,0.0,0,434.9,0.0,1,16.52,5.92,SPY211119P00417000,417.0,0,0.0,0.0,,0.0,normalDay
2021-10-07,6782.0,1200.0,0.0,0,438.66,0.0,1,16.52,4.52,SPY211119P00417000,417.0,0,0.0,0.0,,0.0,normalDay
2021-10-08,6782.0,1199.0,0.0,0,437.86,0.0,1,16.52,4.53,SPY211119P00417000,417.0,0,0.0,0.0,,0.0,normalDay
2021-10-11,6782.0,1149.0,0.0,0,434.69,0.0,1,16.52,5.03,SPY211119P00417000,417.0,0,0.0,0.0,,0.0,normalDay
2021-10-12,6782.0,1142.0,0.0,0,433.62,0.0,1,16.52,5.1,SPY211119P00417000,417.0,0,0.0,0.0,,0.0,normalDay
2021-10-13,6782.0,1246.0,0.0,0,435.18,0.0,1,16.52,4.06,SPY211119P00417000,417.0,0,0.0,0.0,,0.0,normalDay
2021-10-14,6782.0,1403.0,0.0,0,442.5,0.0,1,16.52,2.49,SPY211119P00417000,417.0,0,0.0,0.0,,0.0,normalDay
2021-10-15,6782.0,1446.0,0.0,0,445.87,0.0,1,16.52,2.06,SPY211119P00417000,417.0,0,0.0,0.0,,0.0,normalDay
2021-10-18,6782.0,1478.0,0.0,0,447.19,0.0,1,16.52,1.74,SPY211119P00417000,417.0,0,0.0,0.0,,0.0,normalDay
2021-10-19,6782.0,1518.0,0.0,0,450.64,0.0,1,16.52,1.34,SPY211119P00417000,417.0,0,0.0,0.0,,0.0,normalDay
2021-10-20,6782.0,1531.0,0.0,0,452.41,0.0,1,16.52,1.21,SPY211119P00417000,417.0,0,0.0,0.0,,0.0,normalDay
2021-10-21,6782.0,1550.0,0.0,0,453.59,0.0,1,16.52,1.02,SPY211119P00417000,417.0,0,0.0,0.0,,0.0,normalDay
2021-10-22,6782.0,1545.0,0.0,0,453.12,0.0,1,16.52,1.07,SPY211119P00417000,417.0,0,0.0,0.0,,0.0,normalDay
2021-10-25,6782.0,1573.0,0.0,0,455.55,0.0,1,16.52,0.79,SPY211119P00417000,417.0,0,0.0,0.0,,0.0,normalDay
2021-10-26,6782.0,1568.0,0.0,0,455.96,0.0,1,16.52,0.84,SPY211119P00417000,417.0,0,0.0,0.0,,0.0,normalDay
2021-10-27,6782.0,1553.0,0.0,0,453.94,0.0,1,16.52,0.99,SPY211119P00417000,417.0,0,0.0,0.0,,0.0,normalDay
2021-10-28,6782.0,1580.0,0.0,0,458.32,0.0,1,16.52,0.72,SPY211119P00417000,417.0,0,0.0,0.0,,0.0,normalDay
2021-10-29,6782.0,1590.0,0.0,0,459.25,0.0,1,16.52,0.62,SPY211119P00417000,417.0,0,0.0,0.0,,0.0,normalDay
2021-11-01,6782.0,1605.0,0.0,0,460.04,0.0,1,16.52,0.47,SPY211119P00417000,417.0,0,0.0,0.0,,0.0,normalDay
2021-11-02,6782.0,1612.0,0.0,0,461.9,0.0,1,16.52,0.4,SPY211119P00417000,417.0,0,0.0,0.0,,0.0,normalDay
2021-11-03,6782.0,1625.0,0.0,0,464.72,0.0,1,16.52,0.27,SPY211119P00417000,417.0,0,0.0,0.0,,0.0,normalDay
2021-11-04,6782.0,1625.0,0.0,0,466.91,0.0,1,16.52,0.27,SPY211119P00417000,417.0,0,0.0,0.0,,0.0,normalDay
2021-11-05,6782.0,1628.0,0.0,0,468.53,0.0,1,16.52,0.24,SPY211119P00417000,417.0,0,0.0,0.0,,0.0,normalDay
2021-11-08,6782.0,1632.0,0.0,0,468.93,0.0,1,16.52,0.2,SPY211119P00417000,417.0,0,0.0,0.0,,0.0,normalDay
2021-11-09,6782.0,1635.0,0.0,0,467.38,0.0,1,16.52,0.17,SPY211119P00417000,417.0,0,0.0,0.0,,0.0,normalDay
2021-11-10,6782.0,1635.0,0.0,0,463.62,0.0,1,16.52,0.17,SPY211119P00417000,417.0,0,0.0,0.0,,0.0,normalDay
2021-11-11,6782.0,1641.0,0.0,0,463.77,0.0,1,16.52,0.11,SPY211119P00417000,417.0,0,0.0,0.0,,0.0,normalDay
2021-11-12,6782.0,1647.0,0.0,0,467.27,0.0,1,16.52,0.05,SPY211119P00417000,417.0,0,0.0,0.0,,0.0,normalDay
2021-11-15,6782.0,1649.0,0.0,0,467.43,0.0,1,16.52,0.03,SPY211119P00417000,417.0,0,0.0,0.0,,0.0,normalDay
2021-11-16,6782.0,1650.0,0.0,0,469.28,0.0,1,16.52,0.02,SPY211119P00417000,417.0,0,0.0,0.0,,0.0,normalDay
2021-11-17,6782.0,1651.0,0.0,0,468.14,0.0,1,16.52,0.01,SPY211119P00417000,417.0,0,0.0,0.0,,0.0,normalDay
2021-11-18,6782.0,1651.0,0.0,0,469.73,0.0,1,16.52,0.01,SPY211119P00417000,417.0,0,0.0,0.0,,0.0,normalDay
2021-11-19,8434.0,0.0,1652.0,0,468.89,0.0,1,16.52,0.0,SPY211119P00417000,417.0,0,0.0,0.0,,0.0,expirationDay
2021-11-22,8434.0,-59.0,0.0,0,467.57,0.0,1,17.62,18.21,SPY220414P00457000,457.0,0,0.0,0.0,,0.0,normalDay
2021-11-23,8434.0,-22.0,0.0,0,468.19,0.0,1,17.62,17.84,SPY220414P00457000,457.0,0,0.0,0.0,,0.0,normalDay
2021-11-24,8434.0,62.0,0.0,0,469.44,0.0,1,17.62,17.0,SPY220414P00457000,457.0,0,0.0,0.0,,0.0,normalDay
2021-11-26,8434.0,-890.0,0.0,0,458.97,0.0,1,17.62,26.52,SPY220414P00457000,457.0,0,0.0,0.0,,0.0,normalDay
2021-11-29,8434.0,-193.0,0.0,0,464.6,0.0,1,17.62,19.55,SPY220414P00457000,457.0,0,0.0,0.0,,0.0,normalDay
2021-11-30,8434.0,-638.0,0.0,0,455.56,0.0,1,17.62,24.0,SPY220414P00457000,457.0,0,0.0,0.0,,0.0,normalDay
2021-12-01,8434.0,-1110.0,0.0,0,450.5,0.0,1,17.62,28.72,SPY220414P00457000,457.0,0,0.0,0.0,,0.0,normalDay
2021-12-02,8434.0,-671.0,0.0,0,457.4,0.0,1,17.62,24.33,SPY220414P00457000,457.0,0,0.0,0.0,,0.0,normalDay
2021-12-03,8434.0,-965.0,0.0,0,453.42,0.0,1,17.62,27.27,SPY220414P00457000,457.0,0,0.0,0.0,,0.0,normalDay
2021-12-06,8434.0,-573.0,0.0,0,458.79,0.0,1,17.62,23.35,SPY220414P00457000,457.0,0,0.0,0.0,,0.0,normalDay
2021-12-07,8434.0,-39.0,0.0,0,468.28,0.0,1,17.62,18.01,SPY220414P00457000,457.0,0,0.0,0.0,,0.0,normalDay
2021-12-08,8434.0,73.0,0.0,0,469.52,0.0,1,17.62,16.89,SPY220414P00457000,457.0,0,0.0,0.0,,0.0,normalDay
2021-12-09,8434.0,-67.0,0.0,0,466.35,0.0,1,17.62,18.29,SPY220414P00457000,457.0,0,0.0,0.0,,0.0,normalDay
2021-12-10,8434.0,180.0,0.0,0,470.74,0.0,1,17.62,15.82,SPY220414P00457000,457.0,0,0.0,0.0,,0.0,normalDay
2021-12-13,8434.0,-32.0,0.0,0,466.57,0.0,1,17.62,17.94,SPY220414P00457000,457.0,0,0.0,0.0,,0.0,normalDay
2021-12-14,8434.0,-183.0,0.0,0,463.36,0.0,1,17.62,19.45,SPY220414P00457000,457.0,0,0.0,0.0,,0.0,normalDay
2021-12-15,8434.0,201.0,0.0,0,470.6,0.0,1,17.62,15.61,SPY220414P00457000,457.0,0,0.0,0.0,,0.0,normalDay
2021-12-16,8434.0,-14.0,0.0,0,466.45,0.0,1,17.62,17.76,SPY220414P00457000,457.0,0,0.0,0.0,,0.0,normalDay
2021-12-17,8434.0,-215.0,0.0,0,459.87,0.0,1,17.62,19.77,SPY220414P00457000,457.0,0,0.0,0.0,,0.0,normalDay
2021-12-20,8434.0,-411.0,0.0,0,454.98,0.0,1,17.62,21.73,SPY220414P00457000,457.0,0,0.0,0.0,,0.0,normalDay
2021-12-21,8434.0,-41.0,0.0,0,463.06,0.0,1,17.62,18.03,SPY220414P00457000,457.0,0,0.0,0.0,,0.0,normalDay
2021-12-22,8434.0,199.0,0.0,0,467.69,0.0,1,17.62,15.63,SPY220414P00457000,457.0,0,0.0,0.0,,0.0,normalDay
2021-12-23,8434.0,330.0,0.0,0,470.6,0.0,1,17.62,14.32,SPY220414P00457000,457.0,0,0.0,0.0,,0.0,normalDay
2021-12-27,8434.0,557.0,0.0,0,477.26,0.0,1,17.62,12.05,SPY220414P00457000,457.0,0,0.0,0.0,,0.0,normalDay
2021-12-28,8434.0,594.0,0.0,0,476.87,0.0,1,17.62,11.68,SPY220414P00457000,457.0,0,0.0,0.0,,0.0,normalDay
2021-12-29,8434.0,642.0,0.0,0,477.48,0.0,1,17.62,11.2,SPY220414P00457000,457.0,0,0.0,0.0,,0.0,normalDay
2021-12-30,8434.0,597.0,0.0,0,476.16,0.0,1,17.62,11.65,SPY220414P00457000,457.0,0,0.0,0.0,,0.0,normalDay
2021-12-31,8434.0,612.0,0.0,0,474.96,0.0,1,17.62,11.5,SPY220414P00457000,457.0,0,0.0,0.0,,0.0,normalDay
2022-01-03,8434.0,710.0,0.0,0,477.71,0.0,1,17.62,10.52,SPY220414P00457000,457.0,0,0.0,0.0,,0.0,normalDay
2022-01-04,8434.0,694.0,0.0,0,477.55,0.0,1,17.62,10.68,SPY220414P00457000,457.0,0,0.0,0.0,,0.0,normalDay
2022-01-05,8434.0,366.0,0.0,0,468.38,0.0,1,17.62,13.96,SPY220414P00457000,457.0,0,0.0,0.0,,0.0,normalDay
2022-01-06,8434.0,366.0,0.0,0,467.94,0.0,1,17.62,13.96,SPY220414P00457000,457.0,0,0.0,0.0,,0.0,normalDay
2022-01-07,8434.0,380.0,0.0,0,466.09,0.0,1,17.62,13.82,SPY220414P00457000,457.0,0,0.0,0.0,,0.0,normalDay
2022-01-10,8434.0,377.0,0.0,0,465.51,0.0,1,17.62,13.85,SPY220414P00457000,457.0,0,0.0,0.0,,0.0,normalDay
2022-01-11,8434.0,552.0,0.0,0,469.75,0.0,1,17.62,12.1,SPY220414P00457000,457.0,0,0.0,0.0,,0.0,normalDay
2022-01-12,8434.0,630.0,0.0,0,471.02,0.0,1,17.62,11.32,SPY220414P00457000,457.0,0,0.0,0.0,,0.0,normalDay
2022-01-13,8434.0,318.0,0.0,0,464.53,0.0,1,17.62,14.44,SPY220414P00457000,457.0,0,0.0,0.0,,0.0,normalDay
2022-01-14,8434.0,391.0,0.0,0,464.72,0.0,1,17.62,13.71,SPY220414P00457000,457.0,0,0.0,0.0,,0.0,normalDay
2022-01-18,8434.0,-38.0,0.0,0,456.49,0.0,1,17.62,18.0,SPY220414P00457000,457.0,0,0.0,0.0,,0.0,normalDay
2022-01-19,8434.0,-224.0,0.0,0,451.75,0.0,1,17.62,19.86,SPY220414P00457000,457.0,0,0.0,0.0,,0.0,normalDay
2022-01-20,8434.0,-563.0,0.0,0,446.75,0.0,1,17.62,23.25,SPY220414P00457000,457.0,0,0.0,0.0,,0.0,normalDay
2022-01-21,8434.0,-1167.0,0.0,0,437.98,0.0,1,17.62,29.29,SPY220414P00457000,457.0,0,0.0,0.0,,0.0,normalDay
2022-01-24,8434.0,-1132.0,0.0,0,439.84,0.0,1,17.62,28.94,SPY220414P00457000,457.0,0,0.0,0.0,,0.0,normalDay
2022-01-25,8434.0,-1514.0,0.0,0,434.47,0.0,1,17.62,32.76,SPY220414P00457000,457.0,0,0.0,0.0,,0.0,normalDay
2022-01-26,8434.0,-1517.0,0.0,0,433.38,0.0,1,17.62,32.79,SPY220414P00457000,457.0,0,0.0,0.0,,0.0,normalDay
2022-01-27,8434.0,-1531.0,0.0,0,431.24,0.0,1,17.62,32.93,SPY220414P00457000,457.0,0,0.0,0.0,,0.0,normalDay
2022-01-28,8434.0,-792.0,0.0,0,441.95,0.0,1,17.62,25.54,SPY220414P00457000,457.0,0,0.0,0.0,,0.0,normalDay
2022-01-31,8434.0,-300.0,0.0,0,449.91,0.0,1,17.62,20.62,SPY220414P00457000,457.0,0,0.0,0.0,,0.0,normalDay
2022-02-01,8434.0,65.0,0.0,0,452.95,0.0,1,17.62,16.97,SPY220414P00457000,457.0,0,0.0,0.0,,0.0,normalDay
2022-02-02,8434.0,151.0,0.0,0,457.35,0.0,1,17.62,16.11,SPY220414P00457000,457.0,0,0.0,0.0,,0.0,normalDay
2022-02-03,8434.0,-235.0,0.0,0,446.6,0.0,1,17.62,19.97,SPY220414P00457000,457.0,0,0.0,0.0,,0.0,normalDay
2022-02-04,8434.0,-306.0,0.0,0,448.7,0.0,1,17.62,20.68,SPY220414P00457000,457.0,0,0.0,0.0,,0.0,normalDay
2022-02-07,8434.0,-262.0,0.0,0,447.26,0.0,1,17.62,20.24,SPY220414P00457000,457.0,0,0.0,0.0,,0.0,normalDay
2022-02-08,8434.0,42.0,0.0,0,450.94,0.0,1,17.62,17.2,SPY220414P00457000,457.0,0,0.0,0.0,,0.0,normalDay
2022-02-09,8434.0,367.0,0.0,0,457.54,0.0,1,17.62,13.95,SPY220414P00457000,457.0,0,0.0,0.0,,0.0,normalDay
2022-02-10,8434.0,-145.0,0.0,0,449.32,0.0,1,17.62,19.07,SPY220414P00457000,457.0,0,0.0,0.0,,0.0,normalDay
2022-02-11,8434.0,-841.0,0.0,0,440.46,0.0,1,17.62,26.03,SPY220414P00457000,457.0,0,0.0,0.0,,0.0,normalDay
2022-02-14,8434.0,-816.0,0.0,0,439.02,0.0,1,17.62,25.78,SPY220414P00457000,457.0,0,0.0,0.0,,0.0,normalDay
2022-02-15,8434.0,-363.0,0.0,0,446.1,0.0,1,17.62,21.25,SPY220414P00457000,457.0,0,0.0,0.0,,0.0,normalDay
2022-02-16,8434.0,-222.0,0.0,0,446.6,0.0,1,17.62,19.84,SPY220414P00457000,457.0,0,0.0,0.0,,0.0,normalDay
2022-02-17,8434.0,-917.0,0.0,0,437.06,0.0,1,17.62,26.79,SPY220414P00457000,457.0,0,0.0,0.0,,0.0,normalDay
2022-02-18,8434.0,-1073.0,0.0,0,434.23,0.0,1,17.62,28.35,SPY220414P00457000,457.0,0,0.0,0.0,,0.0,normalDay
2022-02-22,8434.0,-1350.0,0.0,0,429.57,0.0,1,17.62,31.12,SPY220414P00457000,457.0,0,0.0,0.0,,0.0,normalDay
2022-02-23,8434.0,-2087.0,0.0,0,421.95,0.0,1,17.62,38.49,SPY220414P00457000,457.0,0,0.0,0.0,,0.0,normalDay
2022-02-24,8434.0,-1646.0,0.0,0,428.3,0.0,1,17.62,34.08,SPY220414P00457000,457.0,0,0.0,0.0,,0.0,normalDay
2022-02-25,8434.0,-778.0,0.0,0,437.75,0.0,1,17.62,25.4,SPY220414P00457000,457.0,0,0.0,0.0,,0.0,normalDay
2022-02-28,8434.0,-890.0,0.0,0,436.63,0.0,1,17.62,26.52,SPY220414P00457000,457.0,0,0.0,0.0,,0.0,normalDay
2022-03-01,8434.0,-1433.0,0.0,0,429.98,0.0,1,17.62,31.95,SPY220414P00457000,457.0,0,0.0,0.0,,0.0,normalDay
2022-03-02,8434.0,-828.0,0.0,0,437.89,0.0,1,17.62,25.9,SPY220414P00457000,457.0,0,0.0,0.0,,0.0,normalDay
2022-03-03,8434.0,-931.0,0.0,0,435.71,0.0,1,17.62,26.93,SPY220414P00457000,457.0,0,0.0,0.0,,0.0,normalDay
2022-03-04,8434.0,-1261.0,0.0,0,432.17,0.0,1,17.62,30.23,SPY220414P00457000,457.0,0,0.0,0.0,,0.0,normalDay
2022-03-07,8434.0,-2379.0,0.0,0,419.43,0.0,1,17.62,41.41,SPY220414P00457000,457.0,0,0.0,0.0,,0.0,normalDay
2022-03-08,8434.0,-2684.0,0.0,0,416.25,0.0,1,17.62,44.46,SPY220414P00457000,457.0,0,0.0,0.0,,0.0,normalDay
2022-03-09,8434.0,-1563.0,0.0,0,427.41,0.0,1,17.62,33.25,SPY220414P00457000,457.0,0,0.0,0.0,,0.0,normalDay
2022-03-10,8434.0,-1711.0,0.0,0,425.48,0.0,1,17.62,34.73,SPY220414P00457000,457.0,0,0.0,0.0,,0.0,normalDay
2022-03-11,8434.0,-2197.0,0.0,0,420.07,0.0,1,17.62,39.59,SPY220414P00457000,457.0,0,0.0,0.0,,0.0,normalDay
2022-03-14,8434.0,-2439.0,0.0,0,417.0,0.0,1,17.62,42.01,SPY220414P00457000,457.0,0,0.0,0.0,,0.0,normalDay
2022-03-15,8434.0,-1672.0,0.0,0,426.17,0.0,1,17.62,34.34,SPY220414P00457000,457.0,0,0.0,0.0,,0.0,normalDay
2022-03-16,8434.0,-776.0,0.0,0,435.62,0.0,1,17.62,25.38,SPY220414P00457000,457.0,0,0.0,0.0,,0.0,normalDay
2022-03-17,8434.0,-341.0,0.0,0,441.07,0.0,1,17.62,21.03,SPY220414P00457000,457.0,0,0.0,0.0,,0.0,normalDay
2022-03-18,8434.0,161.0,0.0,0,444.52,0.0,1,17.62,16.01,SPY220414P00457000,457.0,0,0.0,0.0,,0.0,normalDay
2022-03-21,8434.0,206.0,0.0,0,444.39,0.0,1,17.62,15.56,SPY220414P00457000,457.0,0,0.0,0.0,,0.0,normalDay
2022-03-22,8434.0,558.0,0.0,0,449.59,0.0,1,17.62,12.04,SPY220414P00457000,457.0,0,0.0,0.0,,0.0,normalDay
2022-03-23,8434.0,158.0,0.0,0,443.8,0.0,1,17.62,16.04,SPY220414P00457000,457.0,0,0.0,0.0,,0.0,normalDay
2022-03-24,8434.0,667.0,0.0,0,450.49,0.0,1,17.62,10.95,SPY220414P00457000,457.0,0,0.0,0.0,,0.0,normalDay
2022-03-25,8434.0,826.0,0.0,0,452.69,0.0,1,17.62,9.36,SPY220414P00457000,457.0,0,0.0,0.0,,0.0,normalDay
2022-03-28,8434.0,1099.0,0.0,0,455.91,0.0,1,17.62,6.63,SPY220414P00457000,457.0,0,0.0,0.0,,0.0,normalDay
2022-03-29,8434.0,1323.0,0.0,0,461.55,0.0,1,17.62,4.39,SPY220414P00457000,457.0,0,0.0,0.0,,0.0,normalDay
2022-03-30,8434.0,1257.0,0.0,0,458.7,0.0,1,17.62,5.05,SPY220414P00457000,457.0,0,0.0,0.0,,0.0,normalDay
2022-03-31,8434.0,899.0,0.0,0,451.64,0.0,1,17.62,8.63,SPY220414P00457000,457.0,0,0.0,0.0,,0.0,normalDay
2022-04-01,8434.0,1018.0,0.0,0,452.92,0.0,1,17.62,7.44,SPY220414P00457000,457.0,0,0.0,0.0,,0.0,normalDay
2022-04-04,8434.0,1333.0,0.0,0,456.8,0.0,1,17.62,4.29,SPY220414P00457000,457.0,0,0.0,0.0,,0.0,normalDay
2022-04-05,8434.0,983.0,0.0,0,451.03,0.0,1,17.62,7.79,SPY220414P00457000,457.0,0,0.0,0.0,,0.0,normalDay
2022-04-06,8434.0,632.0,0.0,0,446.52,0.0,1,17.62,11.3,SPY220414P00457000,457.0,0,0.0,0.0,,0.0,normalDay
2022-04-07,8434.0,828.0,0.0,0,448.77,0.0,1,17.62,9.34,SPY220414P00457000,457.0,0,0.0,0.0,,0.0,normalDay
2022-04-08,8434.0,771.0,0.0,0,447.57,0.0,1,17.62,9.91,SPY220414P00457000,457.0,0,0.0,0.0,,0.0,normalDay
2022-04-11,8434.0,18.0,0.0,0,439.92,0.0,1,17.62,17.44,SPY220414P00457000,457.0,0,0.0,0.0,,0.0,normalDay
2022-04-12,8434.0,-128.0,0.0,0,438.29,0.0,1,17.62,18.9,SPY220414P00457000,457.0,0,0.0,0.0,,0.0,normalDay
2022-04-13,8434.0,349.0,0.0,0,443.31,0.0,1,17.62,14.13,SPY220414P00457000,457.0,0,0.0,0.0,,0.0,normalDay
2022-04-14,10196.0,-1921.0,1762.0,100,437.79,457.0,1,17.62,0.0,SPY220414P00457000,457.0,0,0.0,0.0,,0.0,expirationDay
2022-04-18,10196.0,-1908.0,0.0,100,437.97,457.0,0,0.0,0.0,,0.0,1,5.29,5.34,SPY220617C00456000,456.0,normalDay
2022-04-19,10196.0,-1338.0,0.0,100,445.04,457.0,0,0.0,0.0,,0.0,1,5.29,6.71,SPY220617C00456000,456.0,normalDay
2022-04-20,10196.0,-1437.0,0.0,100,444.71,457.0,0,0.0,0.0,,0.0,1,5.29,7.37,SPY220617C00456000,456.0,normalDay
2022-04-21,10196.0,-1847.0,0.0,100,438.06,457.0,0,0.0,0.0,,0.0,1,5.29,4.82,SPY220617C00456000,456.0,normalDay
2022-04-22,10196.0,-2811.0,0.0,100,426.04,457.0,0,0.0,0.0,,0.0,1,5.29,2.44,SPY220617C00456000,456.0,normalDay
2022-04-25,10196.0,-2591.0,0.0,100,428.51,457.0,0,0.0,0.0,,0.0,1,5.29,2.71,SPY220617C00456000,456.0,normalDay
2022-04-26,10196.0,-3694.0,0.0,100,416.1,457.0,0,0.0,0.0,,0.0,1,5.29,1.33,SPY220617C00456000,456.0,normalDay
2022-04-27,10196.0,-3592.0,0.0,100,417.27,457.0,0,0.0,0.0,,0.0,1,5.29,1.48,SPY220617C00456000,456.0,normalDay
2022-04-28,10196.0,-2644.0,0.0,100,427.81,457.0,0,0.0,0.0,,0.0,1,5.29,2.54,SPY220617C00456000,456.0,normalDay
2022-04-29,10196.0,-4086.0,0.0,100,412.0,457.0,0,0.0,0.0,,0.0,1,5.29,1.15,SPY220617C00456000,456.0,normalDay
2022-05-02,10196.0,-3851.0,0.0,100,414.48,457.0,0,0.0,0.0,,0.0,1,5.29,1.28,SPY220617C00456000,456.0,normalDay
2022-05-03,10196.0,-3644.0,0.0,100,416.38,457.0,0,0.0,0.0,,0.0,1,5.29,1.11,SPY220617C00456000,456.0,normalDay
2022-05-04,10196.0,-2485.0,0.0,100,429.06,457.0,0,0.0,0.0,,0.0,1,5.29,2.2,SPY220617C00456000,456.0,normalDay
2022-05-05,10196.0,-3893.0,0.0,100,413.81,457.0,0,0.0,0.0,,0.0,1,5.29,1.03,SPY220617C00456000,456.0,normalDay
2022-05-06,10196.0,-4108.0,0.0,100,411.34,457.0,0,0.0,0.0,,0.0,1,5.29,0.71,SPY220617C00456000,456.0,normalDay
2022-05-09,10196.0,-5398.0,0.0,100,398.17,457.0,0,0.0,0.0,,0.0,1,5.29,0.44,SPY220617C00456000,456.0,normalDay
2022-05-10,10196.0,-5291.0,0.0,100,399.09,457.0,0,0.0,0.0,,0.0,1,5.29,0.29,SPY220617C00456000,456.0,normalDay
2022-05-11,10196.0,-5919.0,0.0,100,392.75,457.0,0,0.0,0.0,,0.0,1,5.29,0.23,SPY220617C00456000,456.0,normalDay
2022-05-12,10196.0,-5957.0,0.0,100,392.34,457.0,0,0.0,0.0,,0.0,1,5.29,0.2,SPY220617C00456000,456.0,normalDay
2022-05-13,10196.0,-5016.0,0.0,100,401.72,457.0,0,0.0,0.0,,0.0,1,5.29,0.17,SPY220617C00456000,456.0,normalDay
2022-05-16,10196.0,-5172.0,0.0,100,400.09,457.0,0,0.0,0.0,,0.0,1,5.29,0.1,SPY220617C00456000,456.0,normalDay
2022-05-17,10196.0,-4354.0,0.0,100,408.32,457.0,0,0.0,0.0,,0.0,1,5.29,0.15,SPY220617C00456000,456.0,normalDay
2022-05-18,10196.0,-5992.0,0.0,100,391.86,457.0,0,0.0,0.0,,0.0,1,5.29,0.07,SPY220617C00456000,456.0,normalDay
2022-05-19,10196.0,-6231.0,0.0,100,389.46,457.0,0,0.0,0.0,,0.0,1,5.29,0.06,SPY220617C00456000,456.0,normalDay
2022-05-20,10196.0,-6214.0,0.0,100,389.63,457.0,0,0.0,0.0,,0.0,1,5.29,0.06,SPY220617C00456000,456.0,normalDay
2022-05-23,10196.0,-5487.0,0.0,100,396.92,457.0,0,0.0,0.0,,0.0,1,5.29,0.08,SPY220617C00456000,456.0,normalDay
2022-05-24,10196.0,-5790.0,0.0,100,393.89,457.0,0,0.0,0.0,,0.0,1,5.29,0.08,SPY220617C00456000,456.0,normalDay
2022-05-25,10196.0,-5442.0,0.0,100,397.37,457.0,0,0.0,0.0,,0.0,1,5.29,0.08,SPY220617C00456000,456.0,normalDay
2022-05-26,10196.0,-4650.0,0.0,100,405.31,457.0,0,0.0,0.0,,0.0,1,5.29,0.1,SPY220617C00456000,456.0,normalDay
2022-05-27,10196.0,-3664.0,0.0,100,415.26,457.0,0,0.0,0.0,,0.0,1,5.29,0.19,SPY220617C00456000,456.0,normalDay
2022-05-31,10196.0,-3887.0,0.0,100,412.93,457.0,0,0.0,0.0,,0.0,1,5.29,0.09,SPY220617C00456000,456.0,normalDay
2022-06-01,10196.0,-4217.0,0.0,100,409.59,457.0,0,0.0,0.0,,0.0,1,5.29,0.05,SPY220617C00456000,456.0,normalDay
2022-06-02,10196.0,-3439.0,0.0,100,417.39,457.0,0,0.0,0.0,,0.0,1,5.29,0.07,SPY220617C00456000,456.0,normalDay
2022-06-03,10196.0,-4121.0,0.0,100,410.54,457.0,0,0.0,0.0,,0.0,1,5.29,0.04,SPY220617C00456000,456.0,normalDay
2022-06-06,10196.0,-3995.0,0.0,100,411.79,457.0,0,0.0,0.0,,0.0,1,5.29,0.03,SPY220617C00456000,456.0,normalDay
2022-06-07,10196.0,-3600.0,0.0,100,415.74,457.0,0,0.0,0.0,,0.0,1,5.29,0.03,SPY220617C00456000,456.0,normalDay
2022-06-08,10196.0,-4051.0,0.0,100,411.22,457.0,0,0.0,0.0,,0.0,1,5.29,0.02,SPY220617C00456000,456.0,normalDay
2022-06-09,10196.0,-5029.0,0.0,100,401.44,457.0,0,0.0,0.0,,0.0,1,5.29,0.02,SPY220617C00456000,456.0,normalDay
2022-06-10,10196.0,-6192.0,0.0,100,389.8,457.0,0,0.0,0.0,,0.0,1,5.29,0.01,SPY220617C00456000,456.0,normalDay
2022-06-13,10196.0,-7672.0,0.0,100,375.0,457.0,0,0.0,0.0,,0.0,1,5.29,0.01,SPY220617C00456000,456.0,normalDay
2022-06-14,10196.0,-7785.0,0.0,100,373.87,457.0,0,0.0,0.0,,0.0,1,5.29,0.01,SPY220617C00456000,456.0,normalDay
2022-06-15,10196.0,-7252.0,0.0,100,379.2,457.0,0,0.0,0.0,,0.0,1,5.29,0.01,SPY220617C00456000,456.0,normalDay
2022-06-16,10196.0,-8507.0,0.0,100,366.65,457.0,0,0.0,0.0,,0.0,1,5.29,0.01,SPY220617C00456000,456.0,normalDay
2022-06-17,10725.0,-9114.0,529.0,100,365.86,457.0,0,0.0,0.0,,0.0,1,5.29,0.0,SPY220617C00456000,456.0,expirationDay
2022-06-21,10725.0,-8198.0,0.0,100,375.07,457.0,0,0.0,0.0,,0.0,1,2.3,2.35,SPY220819C00416000,416.0,normalDay
2022-06-22,10725.0,-8242.0,0.0,100,374.39,457.0,0,0.0,0.0,,0.0,1,2.3,2.11,SPY220819C00416000,416.0,normalDay
2022-06-23,10725.0,-7894.0,0.0,100,378.06,457.0,0,0.0,0.0,,0.0,1,2.3,2.3,SPY220819C00416000,416.0,normalDay
2022-06-24,10725.0,-6893.0,0.0,100,390.08,457.0,0,0.0,0.0,,0.0,1,2.3,4.31,SPY220819C00416000,416.0,normalDay
2022-06-27,10725.0,-6991.0,0.0,100,388.59,457.0,0,0.0,0.0,,0.0,1,2.3,3.8,SPY220819C00416000,416.0,normalDay
2022-06-28,10725.0,-7622.0,0.0,100,380.65,457.0,0,0.0,0.0,,0.0,1,2.3,2.17,SPY220819C00416000,416.0,normalDay
2022-06-29,10725.0,-7646.0,0.0,100,380.34,457.0,0,0.0,0.0,,0.0,1,2.3,2.1,SPY220819C00416000,416.0,normalDay
2022-06-30,10725.0,-7898.0,0.0,100,377.25,457.0,0,0.0,0.0,,0.0,1,2.3,1.53,SPY220819C00416000,416.0,normalDay
2022-07-01,10725.0,-7522.0,0.0,100,381.24,457.0,0,0.0,0.0,,0.0,1,2.3,1.76,SPY220819C00416000,416.0,normalDay
2022-07-05,10725.0,-7435.0,0.0,100,381.96,457.0,0,0.0,0.0,,0.0,1,2.3,1.61,SPY220819C00416000,416.0,normalDay
2022-07-06,10725.0,-7322.0,0.0,100,383.25,457.0,0,0.0,0.0,,0.0,1,2.3,1.77,SPY220819C00416000,416.0,normalDay
2022-07-07,10725.0,-6815.0,0.0,100,388.99,457.0,0,0.0,0.0,,0.0,1,2.3,2.44,SPY220819C00416000,416.0,normalDay
2022-07-08,10725.0,-6818.0,0.0,100,388.67,457.0,0,0.0,0.0,,0.0,1,2.3,2.15,SPY220819C00416000,416.0,normalDay
2022-07-11,10725.0,-7191.0,0.0,100,384.23,457.0,0,0.0,0.0,,0.0,1,2.3,1.44,SPY220819C00416000,416.0,normalDay
2022-07-12,10725.0,-7481.0,0.0,100,380.83,457.0,0,0.0,0.0,,0.0,1,2.3,0.94,SPY220819C00416000,416.0,normalDay
2022-07-13,10725.0,-7660.0,0.0,100,378.83,457.0,0,0.0,0.0,,0.0,1,2.3,0.73,SPY220819C00416000,416.0,normalDay
2022-07-14,10725.0,-7741.0,0.0,100,377.91,457.0,0,0.0,0.0,,0.0,1,2.3,0.62,SPY220819C00416000,416.0,normalDay
2022-07-15,10725.0,-7048.0,0.0,100,385.13,457.0,0,0.0,0.0,,0.0,1,2.3,0.91,SPY220819C00416000,416.0,normalDay
2022-07-18,10725.0,-7338.0,0.0,100,381.95,457.0,0,0.0,0.0,,0.0,1,2.3,0.63,SPY220819C00416000,416.0,normalDay
2022-07-19,10725.0,-6426.0,0.0,100,392.27,457.0,0,0.0,0.0,,0.0,1,2.3,1.83,SPY220819C00416000,416.0,normalDay
2022-07-20,10725.0,-6213.0,0.0,100,394.77,457.0,0,0.0,0.0,,0.0,1,2.3,2.2,SPY220819C00416000,416.0,normalDay
2022-07-21,10725.0,-5849.0,0.0,100,398.79,457.0,0,0.0,0.0,,0.0,1,2.3,2.58,SPY220819C00416000,416.0,normalDay
2022-07-22,10725.0,-6127.0,0.0,100,395.09,457.0,0,0.0,0.0,,0.0,1,2.3,1.66,SPY220819C00416000,416.0,normalDay
2022-07-25,10725.0,-6068.0,0.0,100,395.57,457.0,0,0.0,0.0,,0.0,1,2.3,1.55,SPY220819C00416000,416.0,normalDay
2022-07-26,10725.0,-6483.0,0.0,100,390.89,457.0,0,0.0,0.0,,0.0,1,2.3,1.02,SPY220819C00416000,416.0,normalDay
2022-07-27,10725.0,-5581.0,0.0,100,401.04,457.0,0,0.0,0.0,,0.0,1,2.3,2.15,SPY220819C00416000,416.0,normalDay
2022-07-28,10725.0,-5251.0,0.0,100,406.07,457.0,0,0.0,0.0,,0.0,1,2.3,3.88,SPY220819C00416000,416.0,normalDay
2022-07-29,10725.0,-4815.0,0.0,100,411.99,457.0,0,0.0,0.0,,0.0,1,2.3,5.44,SPY220819C00416000,416.0,normalDay
2022-08-01,10725.0,-4880.0,0.0,100,410.77,457.0,0,0.0,0.0,,0.0,1,2.3,4.87,SPY220819C00416000,416.0,normalDay
2022-08-02,10725.0,-5037.0,0.0,100,408.06,457.0,0,0.0,0.0,,0.0,1,2.3,3.73,SPY220819C00416000,416.0,normalDay
2022-08-03,10725.0,-4601.0,0.0,100,414.45,457.0,0,0.0,0.0,,0.0,1,2.3,5.76,SPY220819C00416000,416.0,normalDay
2022-08-04,10725.0,-4601.0,0.0,100,414.17,457.0,0,0.0,0.0,,0.0,1,2.3,5.48,SPY220819C00416000,416.0,normalDay
2022-08-05,10725.0,-4563.0,0.0,100,413.47,457.0,0,0.0,0.0,,0.0,1,2.3,4.4,SPY220819C00416000,416.0,normalDay
2022-08-08,10725.0,-4569.0,0.0,100,412.99,457.0,0,0.0,0.0,,0.0,1,2.3,3.98,SPY220819C00416000,416.0,normalDay
2022-08-09,10725.0,-4667.0,0.0,100,411.35,457.0,0,0.0,0.0,,0.0,1,2.3,3.32,SPY220819C00416000,416.0,normalDay
2022-08-10,10725.0,-4145.0,0.0,100,419.99,457.0,0,0.0,0.0,,0.0,1,2.3,6.74,SPY220819C00416000,416.0,normalDay
2022-08-11,10725.0,-4176.0,0.0,100,419.99,457.0,0,0.0,0.0,,0.0,1,2.3,7.05,SPY220819C00416000,416.0,normalDay
2022-08-12,10725.0,-3934.0,0.0,100,427.1,457.0,0,0.0,0.0,,0.0,1,2.3,11.74,SPY220819C00416000,416.0,normalDay
2022-08-15,10725.0,-3903.0,0.0,100,428.86,457.0,0,0.0,0.0,,0.0,1,2.3,13.19,SPY220819C00416000,416.0,normalDay
2022-08-16,10725.0,-3880.0,0.0,100,429.7,457.0,0,0.0,0.0,,0.0,1,2.3,13.8,SPY220819C00416000,416.0,normalDay
2022-08-17,10725.0,-3925.0,0.0,100,426.65,457.0,0,0.0,0.0,,0.0,1,2.3,11.2,SPY220819C00416000,416.0,normalDay
2022-08-18,10725.0,-3873.0,0.0,100,427.89,457.0,0,0.0,0.0,,0.0,1,2.3,11.92,SPY220819C00416000,416.0,normalDay
2022-08-19,6855.0,-3873.0,-3870.0,0,422.14,0.0,0,0.0,0.0,,0.0,1,2.3,0.0,SPY220819C00416000,416.0,expirationDay
2022-08-22,6855.0,-10.0,0.0,0,413.35,0.0,1,18.28,18.38,SPY230120P00400000,400.0,0,0.0,0.0,,0.0,normalDay
2022-08-23,6855.0,-39.0,0.0,0,412.35,0.0,1,18.28,18.67,SPY230120P00400000,400.0,0,0.0,0.0,,0.0,normalDay
2022-08-24,6855.0,69.0,0.0,0,413.67,0.0,1,18.28,17.59,SPY230120P00400000,400.0,0,0.0,0.0,,0.0,normalDay
2022-08-25,6855.0,272.0,0.0,0,419.51,0.0,1,18.28,15.56,SPY230120P00400000,400.0,0,0.0,0.0,,0.0,normalDay
2022-08-26,6855.0,-289.0,0.0,0,405.31,0.0,1,18.28,21.17,SPY230120P00400000,400.0,0,0.0,0.0,,0.0,normalDay
2022-08-29,6855.0,-363.0,0.0,0,402.63,0.0,1,18.28,21.91,SPY230120P00400000,400.0,0,0.0,0.0,,0.0,normalDay
2022-08-30,6855.0,-545.0,0.0,0,398.21,0.0,1,18.28,23.73,SPY230120P00400000,400.0,0,0.0,0.0,,0.0,normalDay
2022-08-31,6855.0,-640.0,0.0,0,395.18,0.0,1,18.28,24.68,SPY230120P00400000,400.0,0,0.0,0.0,,0.0,normalDay
2022-09-01,6855.0,-561.0,0.0,0,396.42,0.0,1,18.28,23.89,SPY230120P00400000,400.0,0,0.0,0.0,,0.0,normalDay
2022-09-02,6855.0,-735.0,0.0,0,392.24,0.0,1,18.28,25.63,SPY230120P00400000,400.0,0,0.0,0.0,,0.0,normalDay
2022-09-06,6855.0,-859.0,0.0,0,390.76,0.0,1,18.28,26.87,SPY230120P00400000,400.0,0,0.0,0.0,,0.0,normalDay
2022-09-07,6855.0,-467.0,0.0,0,397.78,0.0,1,18.28,22.95,SPY230120P00400000,400.0,0,0.0,0.0,,0.0,normalDay
2022-09-08,6855.0,-266.0,0.0,0,400.38,0.0,1,18.28,20.94,SPY230120P00400000,400.0,0,0.0,0.0,,0.0,normalDay
2022-09-09,6855.0,-41.0,0.0,0,406.6,0.0,1,18.28,18.69,SPY230120P00400000,400.0,0,0.0,0.0,,0.0,normalDay
2022-09-12,6855.0,144.0,0.0,0,410.97,0.0,1,18.28,16.84,SPY230120P00400000,400.0,0,0.0,0.0,,0.0,normalDay
2022-09-13,6855.0,-621.0,0.0,0,393.1,0.0,1,18.28,24.49,SPY230120P00400000,400.0,0,0.0,0.0,,0.0,normalDay
2022-09-14,6855.0,-562.0,0.0,0,394.6,0.0,1,18.28,23.9,SPY230120P00400000,400.0,0,0.0,0.0,,0.0,normalDay
2022-09-15,6855.0,-741.0,0.0,0,390.12,0.0,1,18.28,25.69,SPY230120P00400000,400.0,0,0.0,0.0,,0.0,normalDay
2022-09-16,6855.0,-896.0,0.0,0,385.56,0.0,1,18.28,27.24,SPY230120P00400000,400.0,0,0.0,0.0,,0.0,normalDay
2022-09-19,6855.0,-737.0,0.0,0,388.55,0.0,1,18.28,25.65,SPY230120P00400000,400.0,0,0.0,0.0,,0.0,normalDay
2022-09-20,6855.0,-964.0,0.0,0,384.09,0.0,1,18.28,27.92,SPY230120P00400000,400.0,0,0.0,0.0,,0.0,normalDay
2022-09-21,6855.0,-1406.0,0.0,0,377.39,0.0,1,18.28,32.34,SPY230120P00400000,400.0,0,0.0,0.0,,0.0,normalDay
2022-09-22,6855.0,-1539.0,0.0,0,374.22,0.0,1,18.28,33.67,SPY230120P00400000,400.0,0,0.0,0.0,,0.0,normalDay
2022-09-23,6855.0,-2051.0,0.0,0,367.95,0.0,1,18.28,38.79,SPY230120P00400000,400.0,0,0.0,0.0,,0.0,normalDay
2022-09-26,6855.0,-2356.0,0.0,0,364.31,0.0,1,18.28,41.84,SPY230120P00400000,400.0,0,0.0,0.0,,0.0,normalDay
2022-09-27,6855.0,-2371.0,0.0,0,363.38,0.0,1,18.28,41.99,SPY230120P00400000,400.0,0,0.0,0.0,,0.0,normalDay
2022-09-28,6855.0,-1820.0,0.0,0,370.53,0.0,1,18.28,36.48,SPY230120P00400000,400.0,0,0.0,0.0,,0.0,normalDay
2022-09-29,6855.0,-2386.0,0.0,0,362.79,0.0,1,18.28,42.14,SPY230120P00400000,400.0,0,0.0,0.0,,0.0,normalDay
2022-09-30,6855.0,-2712.0,0.0,0,357.18,0.0,1,18.28,45.4,SPY230120P00400000,400.0,0,0.0,0.0,,0.0,normalDay
2022-10-03,6855.0,-1996.0,0.0,0,366.61,0.0,1,18.28,38.24,SPY230120P00400000,400.0,0,0.0,0.0,,0.0,normalDay
2022-10-04,6855.0,-1261.0,0.0,0,377.97,0.0,1,18.28,30.89,SPY230120P00400000,400.0,0,0.0,0.0,,0.0,normalDay
2022-10-05,6855.0,-1273.0,0.0,0,377.09,0.0,1,18.28,31.01,SPY230120P00400000,400.0,0,0.0,0.0,,0.0,normalDay
2022-10-06,6855.0,-1582.0,0.0,0,373.2,0.0,1,18.28,34.1,SPY230120P00400000,400.0,0,0.0,0.0,,0.0,normalDay
2022-10-07,6855.0,-2372.0,0.0,0,362.79,0.0,1,18.28,42.0,SPY230120P00400000,400.0,0,0.0,0.0,,0.0,normalDay
2022-10-10,6855.0,-2564.0,0.0,0,360.02,0.0,1,18.28,43.92,SPY230120P00400000,400.0,0,0.0,0.0,,0.0,normalDay
2022-10-11,6855.0,-2768.0,0.0,0,357.74,0.0,1,18.28,45.96,SPY230120P00400000,400.0,0,0.0,0.0,,0.0,normalDay
2022-10-12,6855.0,-2873.0,0.0,0,356.56,0.0,1,18.28,47.01,SPY230120P00400000,400.0,0,0.0,0.0,,0.0,normalDay
2022-10-13,6855.0,-2139.0,0.0,0,365.97,0.0,1,18.28,39.67,SPY230120P00400000,400.0,0,0.0,0.0,,0.0,normalDay
2022-10-14,6855.0,-2778.0,0.0,0,357.63,0.0,1,18.28,46.06,SPY230120P00400000,400.0,0,0.0,0.0,,0.0,normalDay
2022-10-17,6855.0,-2035.0,0.0,0,366.82,0.0,1,18.28,38.63,SPY230120P00400000,400.0,0,0.0,0.0,,0.0,normalDay
2022-10-18,6855.0,-1670.0,0.0,0,371.13,0.0,1,18.28,34.98,SPY230120P00400000,400.0,0,0.0,0.0,,0.0,normalDay
2022-10-19,6855.0,-1945.0,0.0,0,368.5,0.0,1,18.28,37.73,SPY230120P00400000,400.0,0,0.0,0.0,,0.0,normalDay
2022-10-20,6855.0,-2100.0,0.0,0,365.41,0.0,1,18.28,39.28,SPY230120P00400000,400.0,0,0.0,0.0,,0.0,normalDay
2022-10-21,6855.0,-1518.0,0.0,0,374.29,0.0,1,18.28,33.46,SPY230120P00400000,400.0,0,0.0,0.0,,0.0,normalDay
2022-10-24,6855.0,-1232.0,0.0,0,378.87,0.0,1,18.28,30.6,SPY230120P00400000,400.0,0,0.0,0.0,,0.0,normalDay
2022-10-25,6855.0,-900.0,0.0,0,384.92,0.0,1,18.28,27.28,SPY230120P00400000,400.0,0,0.0,0.0,,0.0,normalDay
2022-10-26,6855.0,-877.0,0.0,0,382.02,0.0,1,18.28,27.05,SPY230120P00400000,400.0,0,0.0,0.0,,0.0,normalDay
2022-10-27,6855.0,-1272.0,0.0,0,379.98,0.0,1,18.28,31.0,SPY230120P00400000,400.0,0,0.0,0.0,,0.0,normalDay
2022-10-28,6855.0,-443.0,0.0,0,389.02,0.0,1,18.28,22.71,SPY230120P00400000,400.0,0,0.0,0.0,,0.0,normalDay
2022-10-31,6855.0,-558.0,0.0,0,386.21,0.0,1,18.28,23.86,SPY230120P00400000,400.0,0,0.0,0.0,,0.0,normalDay
2022-11-01,6855.0,-669.0,0.0,0,384.52,0.0,1,18.28,24.97,SPY230120P00400000,400.0,0,0.0,0.0,,0.0,normalDay
2022-11-02,6855.0,-1297.0,0.0,0,374.87,0.0,1,18.28,31.25,SPY230120P00400000,400.0,0,0.0,0.0,,0.0,normalDay
2022-11-03,6855.0,-1554.0,0.0,0,371.01,0.0,1,18.28,33.82,SPY230120P00400000,400.0,0,0.0,0.0,,0.0,normalDay
2022-11-04,6855.0,-1158.0,0.0,0,376.35,0.0,1,18.28,29.86,SPY230120P00400000,400.0,0,0.0,0.0,,0.0,normalDay
2022-11-07,6855.0,-870.0,0.0,0,379.95,0.0,1,18.28,26.98,SPY230120P00400000,400.0,0,0.0,0.0,,0.0,normalDay
2022-11-08,6855.0,-808.0,0.0,0,382.0,0.0,1,18.28,26.36,SPY230120P00400000,400.0,0,0.0,0.0,,0.0,normalDay
2022-11-09,6855.0,-1285.0,0.0,0,374.13,0.0,1,18.28,31.13,SPY230120P00400000,400.0,0,0.0,0.0,,0.0,normalDay
2022-11-10,6855.0,34.0,0.0,0,394.69,0.0,1,18.28,17.94,SPY230120P00400000,400.0,0,0.0,0.0,,0.0,normalDay
2022-11-11,6855.0,260.0,0.0,0,398.51,0.0,1,18.28,15.68,SPY230120P00400000,400.0,0,0.0,0.0,,0.0,normalDay
2022-11-14,6855.0,169.0,0.0,0,395.12,0.0,1,18.28,16.59,SPY230120P00400000,400.0,0,0.0,0.0,,0.0,normalDay
2022-11-15,6855.0,312.0,0.0,0,398.49,0.0,1,18.28,15.16,SPY230120P00400000,400.0,0,0.0,0.0,,0.0,normalDay
2022-11-16,6855.0,194.0,0.0,0,395.45,0.0,1,18.28,16.34,SPY230120P00400000,400.0,0,0.0,0.0,,0.0,normalDay
2022-11-17,6855.0,135.0,0.0,0,394.24,0.0,1,18.28,16.93,SPY230120P00400000,400.0,0,0.0,0.0,,0.0,normalDay
2022-11-18,6855.0,237.0,0.0,0,396.03,0.0,1,18.28,15.91,SPY230120P00400000,400.0,0,0.0,0.0,,0.0,normalDay
2022-11-21,6855.0,254.0,0.0,0,394.59,0.0,1,18.28,15.74,SPY230120P00400000,400.0,0,0.0,0.0,,0.0,normalDay
2022-11-22,6855.0,549.0,0.0,0,399.9,0.0,1,18.28,12.79,SPY230120P00400000,400.0,0,0.0,0.0,,0.0,normalDay
2022-11-23,6855.0,700.0,0.0,0,402.42,0.0,1,18.28,11.28,SPY230120P00400000,400.0,0,0.0,0.0,,0.0,normalDay
2022-11-25,6855.0,716.0,0.0,0,402.33,0.0,1,18.28,11.12,SPY230120P00400000,400.0,0,0.0,0.0,,0.0,normalDay
2022-11-28,6855.0,398.0,0.0,0,395.91,0.0,1,18.28,14.3,SPY230120P00400000,400.0,0,0.0,0.0,,0.0,normalDay
2022-11-29,6855.0,374.0,0.0,0,395.23,0.0,1,18.28,14.54,SPY230120P00400000,400.0,0,0.0,0.0,,0.0,normalDay
2022-11-30,6855.0,942.0,0.0,0,407.68,0.0,1,18.28,8.86,SPY230120P00400000,400.0,0,0.0,0.0,,0.0,normalDay
2022-12-01,6855.0,952.0,0.0,0,407.38,0.0,1,18.28,8.76,SPY230120P00400000,400.0,0,0.0,0.0,,0.0,normalDay
2022-12-02,6855.0,972.0,0.0,0,406.91,0.0,1,18.28,8.56,SPY230120P00400000,400.0,0,0.0,0.0,,0.0,normalDay
2022-12-05,6855.0,686.0,0.0,0,399.59,0.0,1,18.28,11.42,SPY230120P00400000,400.0,0,0.0,0.0,,0.0,normalDay
2022-12-06,6855.0,359.0,0.0,0,393.83,0.0,1,18.28,14.69,SPY230120P00400000,400.0,0,0.0,0.0,,0.0,normalDay
2022-12-07,6855.0,298.0,0.0,0,393.16,0.0,1,18.28,15.3,SPY230120P00400000,400.0,0,0.0,0.0,,0.0,normalDay
2022-12-08,6855.0,498.0,0.0,0,396.24,0.0,1,18.28,13.3,SPY230120P00400000,400.0,0,0.0,0.0,,0.0,normalDay
2022-12-09,6855.0,345.0,0.0,0,393.28,0.0,1,18.28,14.83,SPY230120P00400000,400.0,0,0.0,0.0,,0.0,normalDay
2022-12-12,6855.0,584.0,0.0,0,398.95,0.0,1,18.28,12.44,SPY230120P00400000,400.0,0,0.0,0.0,,0.0,normalDay
2022-12-13,6855.0,863.0,0.0,0,401.97,0.0,1,18.28,9.65,SPY230120P00400000,400.0,0,0.0,0.0,,0.0,normalDay
2022-12-14,6855.0,855.0,0.0,0,399.4,0.0,1,18.28,9.73,SPY230120P00400000,400.0,0,0.0,0.0,,0.0,normalDay
2022-12-15,6855.0,255.0,0.0,0,389.63,0.0,1,18.28,15.73,SPY230120P00400000,400.0,0,0.0,0.0,,0.0,normalDay
2022-12-16,6855.0,-65.0,0.0,0,383.27,0.0,1,18.28,18.93,SPY230120P00400000,400.0,0,0.0,0.0,,0.0,normalDay
2022-12-19,6855.0,-311.0,0.0,0,380.02,0.0,1,18.28,21.39,SPY230120P00400000,400.0,0,0.0,0.0,,0.0,normalDay
2022-12-20,6855.0,-213.0,0.0,0,380.54,0.0,1,18.28,20.41,SPY230120P00400000,400.0,0,0.0,0.0,,0.0,normalDay
2022-12-21,6855.0,247.0,0.0,0,386.23,0.0,1,18.28,15.81,SPY230120P00400000,400.0,0,0.0,0.0,,0.0,normalDay
2022-12-22,6855.0,-217.0,0.0,0,380.72,0.0,1,18.28,20.45,SPY230120P00400000,400.0,0,0.0,0.0,,0.0,normalDay
2022-12-23,6855.0,-21.0,0.0,0,382.91,0.0,1,18.28,18.49,SPY230120P00400000,400.0,0,0.0,0.0,,0.0,normalDay
2022-12-27,6855.0,-123.0,0.0,0,381.4,0.0,1,18.28,19.51,SPY230120P00400000,400.0,0,0.0,0.0,,0.0,normalDay
2022-12-28,6855.0,-537.0,0.0,0,376.66,0.0,1,18.28,23.65,SPY230120P00400000,400.0,0,0.0,0.0,,0.0,normalDay
2022-12-29,6855.0,38.0,0.0,0,383.44,0.0,1,18.28,17.9,SPY230120P00400000,400.0,0,0.0,0.0,,0.0,normalDay
2022-12-30,6855.0,0.0,0.0,0,382.43,0.0,1,18.28,18.28,SPY230120P00400000,400.0,0,0.0,0.0,,0.0,normalDay
2023-01-03,6855.0,-187.0,0.0,0,380.82,0.0,1,18.28,20.15,SPY230120P00400000,400.0,0,0.0,0.0,,0.0,normalDay
2023-01-04,6855.0,133.0,0.0,0,383.76,0.0,1,18.28,16.95,SPY230120P00400000,400.0,0,0.0,0.0,,0.0,normalDay
2023-01-05,6855.0,-266.0,0.0,0,379.38,0.0,1,18.28,20.94,SPY230120P00400000,400.0,0,0.0,0.0,,0.0,normalDay
2023-01-06,6855.0,495.0,0.0,0,388.08,0.0,1,18.28,13.33,SPY230120P00400000,400.0,0,0.0,0.0,,0.0,normalDay
2023-01-09,6855.0,474.0,0.0,0,387.86,0.0,1,18.28,13.54,SPY230120P00400000,400.0,0,0.0,0.0,,0.0,normalDay
2023-01-10,6855.0,725.0,0.0,0,390.58,0.0,1,18.28,11.03,SPY230120P00400000,400.0,0,0.0,0.0,,0.0,normalDay
2023-01-11,6855.0,1049.0,0.0,0,395.52,0.0,1,18.28,7.79,SPY230120P00400000,400.0,0,0.0,0.0,,0.0,normalDay
2023-01-12,6855.0,1313.0,0.0,0,396.96,0.0,1,18.28,5.15,SPY230120P00400000,400.0,0,0.0,0.0,,0.0,normalDay
2023-01-13,6855.0,1455.0,0.0,0,398.5,0.0,1,18.28,3.73,SPY230120P00400000,400.0,0,0.0,0.0,,0.0,normalDay
2023-01-17,6855.0,1468.0,0.0,0,397.77,0.0,1,18.28,3.6,SPY230120P00400000,400.0,0,0.0,0.0,,0.0,normalDay
2023-01-18,6855.0,957.0,0.0,0,391.49,0.0,1,18.28,8.71,SPY230120P00400000,400.0,0,0.0,0.0,,0.0,normalDay
2023-01-19,6855.0,702.0,0.0,0,388.64,0.0,1,18.28,11.26,SPY230120P00400000,400.0,0,0.0,0.0,,0.0,normalDay
2023-01-20,8683.0,-412.0,1828.0,100,395.88,400.0,1,18.28,0.0,SPY230120P00400000,400.0,0,0.0,0.0,,0.0,expirationDay
2023-01-23,8683.0,41.0,0.0,100,400.63,400.0,0,0.0,0.0,,0.0,1,16.32,16.54,SPY230331C00396000,396.0,normalDay
2023-01-24,8683.0,-20.0,0.0,100,400.2,400.0,0,0.0,0.0,,0.0,1,16.32,16.72,SPY230331C00396000,396.0,normalDay
2023-01-25,8683.0,46.0,0.0,100,400.35,400.0,0,0.0,0.0,,0.0,1,16.32,16.21,SPY230331C00396000,396.0,normalDay
2023-01-26,8683.0,227.0,0.0,100,404.75,400.0,0,0.0,0.0,,0.0,1,16.32,18.8,SPY230331C00396000,396.0,normalDay
2023-01-27,8683.0,288.0,0.0,100,405.68,400.0,0,0.0,0.0,,0.0,1,16.32,19.12,SPY230331C00396000,396.0,normalDay
2023-01-30,8683.0,63.0,0.0,100,400.59,400.0,0,0.0,0.0,,0.0,1,16.32,16.28,SPY230331C00396000,396.0,normalDay
2023-01-31,8683.0,327.0,0.0,100,406.48,400.0,0,0.0,0.0,,0.0,1,16.32,19.53,SPY230331C00396000,396.0,normalDay
2023-02-01,8683.0,394.0,0.0,100,410.8,400.0,0,0.0,0.0,,0.0,1,16.32,23.18,SPY230331C00396000,396.0,normalDay
2023-02-02,8683.0,676.0,0.0,100,416.78,400.0,0,0.0,0.0,,0.0,1,16.32,26.34,SPY230331C00396000,396.0,normalDay
2023-02-03,8683.0,508.0,0.0,100,412.35,400.0,0,0.0,0.0,,0.0,1,16.32,23.59,SPY230331C00396000,396.0,normalDay
2023-02-06,8683.0,439.0,0.0,100,409.83,400.0,0,0.0,0.0,,0.0,1,16.32,21.76,SPY230331C00396000,396.0,normalDay
2023-02-07,8683.0,649.0,0.0,100,415.19,400.0,0,0.0,0.0,,0.0,1,16.32,25.02,SPY230331C00396000,396.0,normalDay
2023-02-08,8683.0,455.0,0.0,100,410.65,400.0,0,0.0,0.0,,0.0,1,16.32,22.42,SPY230331C00396000,396.0,normalDay
2023-02-09,8683.0,340.0,0.0,100,407.09,400.0,0,0.0,0.0,,0.0,1,16.32,20.01,SPY230331C00396000,396.0,normalDay
2023-02-10,8683.0,416.0,0.0,100,408.04,400.0,0,0.0,0.0,,0.0,1,16.32,20.2,SPY230331C00396000,396.0,normalDay
2023-02-13,8683.0,562.0,0.0,100,412.83,400.0,0,0.0,0.0,,0.0,1,16.32,23.53,SPY230331C00396000,396.0,normalDay
2023-02-14,8683.0,676.0,0.0,100,412.64,400.0,0,0.0,0.0,,0.0,1,16.32,22.2,SPY230331C00396000,396.0,normalDay
2023-02-15,8683.0,680.0,0.0,100,413.98,400.0,0,0.0,0.0,,0.0,1,16.32,23.5,SPY230331C00396000,396.0,normalDay
2023-02-16,8683.0,547.0,0.0,100,408.28,400.0,0,0.0,0.0,,0.0,1,16.32,19.13,SPY230331C00396000,396.0,normalDay
2023-02-17,8683.0,550.0,0.0,100,407.26,400.0,0,0.0,0.0,,0.0,1,16.32,18.08,SPY230331C00396000,396.0,normalDay
2023-02-21,8683.0,253.0,0.0,100,399.09,400.0,0,0.0,0.0,,0.0,1,16.32,12.88,SPY230331C00396000,396.0,normalDay
2023-02-22,8683.0,283.0,0.0,100,398.54,400.0,0,0.0,0.0,,0.0,1,16.32,12.03,SPY230331C00396000,396.0,normalDay
2023-02-23,8683.0,437.0,0.0,100,400.66,400.0,0,0.0,0.0,,0.0,1,16.32,12.61,SPY230331C00396000,396.0,normalDay
2023-02-24,8683.0,279.0,0.0,100,396.38,400.0,0,0.0,0.0,,0.0,1,16.32,9.91,SPY230331C00396000,396.0,normalDay
2023-02-27,8683.0,375.0,0.0,100,397.73,400.0,0,0.0,0.0,,0.0,1,16.32,10.3,SPY230331C00396000,396.0,normalDay
2023-02-28,8683.0,370.0,0.0,100,396.26,400.0,0,0.0,0.0,,0.0,1,16.32,8.88,SPY230331C00396000,396.0,normalDay
2023-03-01,8683.0,293.0,0.0,100,394.74,400.0,0,0.0,0.0,,0.0,1,16.32,8.13,SPY230331C00396000,396.0,normalDay
2023-03-02,8683.0,478.0,0.0,100,397.81,400.0,0,0.0,0.0,,0.0,1,16.32,9.35,SPY230331C00396000,396.0,normalDay
2023-03-03,8683.0,717.0,0.0,100,404.19,400.0,0,0.0,0.0,,0.0,1,16.32,13.34,SPY230331C00396000,396.0,normalDay
2023-03-06,8683.0,784.0,0.0,100,404.47,400.0,0,0.0,0.0,,0.0,1,16.32,12.95,SPY230331C00396000,396.0,normalDay
2023-03-07,8683.0,560.0,0.0,100,398.27,400.0,0,0.0,0.0,,0.0,1,16.32,8.99,SPY230331C00396000,396.0,normalDay
2023-03-08,8683.0,628.0,0.0,100,398.92,400.0,0,0.0,0.0,,0.0,1,16.32,8.96,SPY230331C00396000,396.0,normalDay
2023-03-09,8683.0,215.0,0.0,100,391.56,400.0,0,0.0,0.0,,0.0,1,16.32,5.73,SPY230331C00396000,396.0,normalDay
2023-03-10,8683.0,-139.0,0.0,100,385.91,400.0,0,0.0,0.0,,0.0,1,16.32,3.62,SPY230331C00396000,396.0,normalDay
2023-03-13,8683.0,-218.0,0.0,100,385.36,400.0,0,0.0,0.0,,0.0,1,16.32,3.86,SPY230331C00396000,396.0,normalDay
2023-03-14,8683.0,326.0,0.0,100,391.73,400.0,0,0.0,0.0,,0.0,1,16.32,4.79,SPY230331C00396000,396.0,normalDay
2023-03-15,8683.0,149.0,0.0,100,389.28,400.0,0,0.0,0.0,,0.0,1,16.32,4.11,SPY230331C00396000,396.0,normalDay
2023-03-16,8683.0,617.0,0.0,100,396.11,400.0,0,0.0,0.0,,0.0,1,16.32,6.26,SPY230331C00396000,396.0,normalDay
2023-03-17,8683.0,154.0,0.0,100,389.99,400.0,0,0.0,0.0,,0.0,1,16.32,4.77,SPY230331C00396000,396.0,normalDay
2023-03-20,8683.0,463.0,0.0,100,393.74,400.0,0,0.0,0.0,,0.0,1,16.32,5.43,SPY230331C00396000,396.0,normalDay
2023-03-21,8683.0,752.0,0.0,100,398.91,400.0,0,0.0,0.0,,0.0,1,16.32,7.71,SPY230331C00396000,396.0,normalDay
2023-03-22,8683.0,475.0,0.0,100,392.11,400.0,0,0.0,0.0,,0.0,1,16.32,3.68,SPY230331C00396000,396.0,normalDay
2023-03-23,8683.0,571.0,0.0,100,393.17,400.0,0,0.0,0.0,,0.0,1,16.32,3.78,SPY230331C00396000,396.0,normalDay
2023-03-24,8683.0,763.0,0.0,100,395.75,400.0,0,0.0,0.0,,0.0,1,16.32,4.44,SPY230331C00396000,396.0,normalDay
2023-03-27,8683.0,887.0,0.0,100,396.49,400.0,0,0.0,0.0,,0.0,1,16.32,3.94,SPY230331C00396000,396.0,normalDay
2023-03-28,8683.0,894.0,0.0,100,395.6,400.0,0,0.0,0.0,,0.0,1,16.32,2.98,SPY230331C00396000,396.0,normalDay
2023-03-29,8683.0,1151.0,0.0,100,401.35,400.0,0,0.0,0.0,,0.0,1,16.32,6.16,SPY230331C00396000,396.0,normalDay
2023-03-30,8683.0,1201.0,0.0,100,403.7,400.0,0,0.0,0.0,,0.0,1,16.32,8.01,SPY230331C00396000,396.0,normalDay
2023-03-31,9915.0,1201.0,1232.0,0,409.39,0.0,0,0.0,0.0,,0.0,1,16.32,0.0,SPY230331C00396000,396.0,expirationDay
2023-04-03,9915.0,-5.0,0.0,0,410.95,0.0,1,9.13,9.18,SPY230818P00386000,386.0,0,0.0,0.0,,0.0,normalDay
2023-04-04,9915.0,-77.0,0.0,0,408.67,0.0,1,9.13,9.9,SPY230818P00386000,386.0,0,0.0,0.0,,0.0,normalDay
2023-04-05,9915.0,-113.0,0.0,0,407.6,0.0,1,9.13,10.26,SPY230818P00386000,386.0,0,0.0,0.0,,0.0,normalDay
2023-04-06,9915.0,-53.0,0.0,0,409.19,0.0,1,9.13,9.66,SPY230818P00386000,386.0,0,0.0,0.0,,0.0,normalDay
2023-04-10,9915.0,-8.0,0.0,0,409.61,0.0,1,9.13,9.21,SPY230818P00386000,386.0,0,0.0,0.0,,0.0,normalDay
2023-04-11,9915.0,8.0,0.0,0,409.72,0.0,1,9.13,9.05,SPY230818P00386000,386.0,0,0.0,0.0,,0.0,normalDay
2023-04-12,9915.0,-29.0,0.0,0,408.05,0.0,1,9.13,9.42,SPY230818P00386000,386.0,0,0.0,0.0,,0.0,normalDay
2023-04-13,9915.0,122.0,0.0,0,413.47,0.0,1,9.13,7.91,SPY230818P00386000,386.0,0,0.0,0.0,,0.0,normalDay
2023-04-14,9915.0,130.0,0.0,0,412.46,0.0,1,9.13,7.83,SPY230818P00386000,386.0,0,0.0,0.0,,0.0,normalDay
2023-04-17,9915.0,205.0,0.0,0,413.94,0.0,1,9.13,7.08,SPY230818P00386000,386.0,0,0.0,0.0,,0.0,normalDay
2023-04-18,9915.0,205.0,0.0,0,414.21,0.0,1,9.13,7.08,SPY230818P00386000,386.0,0,0.0,0.0,,0.0,normalDay
2023-04-19,9915.0,199.0,0.0,0,414.14,0.0,1,9.13,7.14,SPY230818P00386000,386.0,0,0.0,0.0,,0.0,normalDay
2023-04-20,9915.0,143.0,0.0,0,411.88,0.0,1,9.13,7.7,SPY230818P00386000,386.0,0,0.0,0.0,,0.0,normalDay
2023-04-21,9915.0,152.0,0.0,0,412.2,0.0,1,9.13,7.61,SPY230818P00386000,386.0,0,0.0,0.0,,0.0,normalDay
2023-04-24,9915.0,173.0,0.0,0,412.63,0.0,1,9.13,7.4,SPY230818P00386000,386.0,0,0.0,0.0,,0.0,normalDay
2023-04-25,9915.0,1.0,0.0,0,406.08,0.0,1,9.13,9.12,SPY230818P00386000,386.0,0,0.0,0.0,,0.0,normalDay
2023-04-26,9915.0,-55.0,0.0,0,404.36,0.0,1,9.13,9.68,SPY230818P00386000,386.0,0,0.0,0.0,,0.0,normalDay
2023-04-27,9915.0,199.0,0.0,0,412.41,0.0,1,9.13,7.14,SPY230818P00386000,386.0,0,0.0,0.0,,0.0,normalDay
2023-04-28,9915.0,282.0,0.0,0,415.93,0.0,1,9.13,6.31,SPY230818P00386000,386.0,0,0.0,0.0,,0.0,normalDay
2023-05-01,9915.0,292.0,0.0,0,415.51,0.0,1,9.13,6.21,SPY230818P00386000,386.0,0,0.0,0.0,,0.0,normalDay
2023-05-02,9915.0,164.0,0.0,0,410.84,0.0,1,9.13,7.49,SPY230818P00386000,386.0,0,0.0,0.0,,0.0,normalDay
2023-05-03,9915.0,98.0,0.0,0,408.02,0.0,1,9.13,8.15,SPY230818P00386000,386.0,0,0.0,0.0,,0.0,normalDay
2023-05-04,9915.0,-45.0,0.0,0,405.13,0.0,1,9.13,9.58,SPY230818P00386000,386.0,0,0.0,0.0,,0.0,normalDay
2023-05-05,9915.0,202.0,0.0,0,412.63,0.0,1,9.13,7.11,SPY230818P00386000,386.0,0,0.0,0.0,,0.0,normalDay
2023-05-08,9915.0,238.0,0.0,0,412.74,0.0,1,9.13,6.75,SPY230818P00386000,386.0,0,0.0,0.0,,0.0,normalDay
2023-05-09,9915.0,199.0,0.0,0,410.93,0.0,1,9.13,7.14,SPY230818P00386000,386.0,0,0.0,0.0,,0.0,normalDay
2023-05-10,9915.0,265.0,0.0,0,412.85,0.0,1,9.13,6.48,SPY230818P00386000,386.0,0,0.0,0.0,,0.0,normalDay
2023-05-11,9915.0,266.0,0.0,0,412.13,0.0,1,9.13,6.47,SPY230818P00386000,386.0,0,0.0,0.0,,0.0,normalDay
2023-05-12,9915.0,257.0,0.0,0,411.59,0.0,1,9.13,6.56,SPY230818P00386000,386.0,0,0.0,0.0,,0.0,normalDay
2023-05-15,9915.0,327.0,0.0,0,413.01,0.0,1,9.13,5.86,SPY230818P00386000,386.0,0,0.0,0.0,,0.0,normalDay
2023-05-16,9915.0,265.0,0.0,0,410.25,0.0,1,9.13,6.48,SPY230818P00386000,386.0,0,0.0,0.0,,0.0,normalDay
2023-05-17,9915.0,384.0,0.0,0,415.23,0.0,1,9.13,5.29,SPY230818P00386000,386.0,0,0.0,0.0,,0.0,normalDay
2023-05-18,9915.0,478.0,0.0,0,419.23,0.0,1,9.13,4.35,SPY230818P00386000,386.0,0,0.0,0.0,,0.0,normalDay
2023-05-19,9915.0,447.0,0.0,0,418.62,0.0,1,9.13,4.66,SPY230818P00386000,386.0,0,0.0,0.0,,0.0,normalDay
2023-05-22,9915.0,455.0,0.0,0,418.79,0.0,1,9.13,4.58,SPY230818P00386000,386.0,0,0.0,0.0,,0.0,normalDay
2023-05-23,9915.0,363.0,0.0,0,414.09,0.0,1,9.13,5.5,SPY230818P00386000,386.0,0,0.0,0.0,,0.0,normalDay
2023-05-24,9915.0,288.0,0.0,0,411.09,0.0,1,9.13,6.25,SPY230818P00386000,386.0,0,0.0,0.0,,0.0,normalDay
2023-05-25,9915.0,374.0,0.0,0,414.65,0.0,1,9.13,5.39,SPY230818P00386000,386.0,0,0.0,0.0,,0.0,normalDay
2023-05-26,9915.0,485.0,0.0,0,420.02,0.0,1,9.13,4.28,SPY230818P00386000,386.0,0,0.0,0.0,,0.0,normalDay
2023-05-30,9915.0,519.0,0.0,0,420.18,0.0,1,9.13,3.94,SPY230818P00386000,386.0,0,0.0,0.0,,0.0,normalDay
2023-05-31,9915.0,501.0,0.0,0,417.85,0.0,1,9.13,4.12,SPY230818P00386000,386.0,0,0.0,0.0,,0.0,normalDay
2023-06-01,9915.0,598.0,0.0,0,421.82,0.0,1,9.13,3.15,SPY230818P00386000,386.0,0,0.0,0.0,,0.0,normalDay
2023-06-02,9915.0,673.0,0.0,0,427.92,0.0,1,9.13,2.4,SPY230818P00386000,386.0,0,0.0,0.0,,0.0,normalDay
2023-06-05,9915.0,681.0,0.0,0,427.1,0.0,1,9.13,2.32,SPY230818P00386000,386.0,0,0.0,0.0,,0.0,normalDay
2023-06-06,9915.0,715.0,0.0,0,428.03,0.0,1,9.13,1.98,SPY230818P00386000,386.0,0,0.0,0.0,,0.0,normalDay
2023-06-07,9915.0,709.0,0.0,0,426.55,0.0,1,9.13,2.04,SPY230818P00386000,386.0,0,0.0,0.0,,0.0,normalDay
2023-06-08,9915.0,735.0,0.0,0,429.13,0.0,1,9.13,1.78,SPY230818P00386000,386.0,0,0.0,0.0,,0.0,normalDay
2023-06-09,9915.0,737.0,0.0,0,429.9,0.0,1,9.13,1.76,SPY230818P00386000,386.0,0,0.0,0.0,,0.0,normalDay
2023-06-12,9915.0,752.0,0.0,0,433.8,0.0,1,9.13,1.61,SPY230818P00386000,386.0,0,0.0,0.0,,0.0,normalDay
2023-06-13,9915.0,770.0,0.0,0,436.66,0.0,1,9.13,1.43,SPY230818P00386000,386.0,0,0.0,0.0,,0.0,normalDay
2023-06-14,9915.0,789.0,0.0,0,437.18,0.0,1,9.13,1.24,SPY230818P00386000,386.0,0,0.0,0.0,,0.0,normalDay
2023-06-15,9915.0,795.0,0.0,0,442.6,0.0,1,9.13,1.18,SPY230818P00386000,386.0,0,0.0,0.0,,0.0,normalDay
2023-06-16,9915.0,809.0,0.0,0,439.46,0.0,1,9.13,1.04,SPY230818P00386000,386.0,0,0.0,0.0,,0.0,normalDay
2023-06-20,9915.0,801.0,0.0,0,437.18,0.0,1,9.13,1.12,SPY230818P00386000,386.0,0,0.0,0.0,,0.0,normalDay
2023-06-21,9915.0,807.0,0.0,0,434.94,0.0,1,9.13,1.06,SPY230818P00386000,386.0,0,0.0,0.0,,0.0,normalDay
2023-06-22,9915.0,822.0,0.0,0,436.51,0.0,1,9.13,0.91,SPY230818P00386000,386.0,0,0.0,0.0,,0.0,normalDay
2023-06-23,9915.0,806.0,0.0,0,433.21,0.0,1,9.13,1.07,SPY230818P00386000,386.0,0,0.0,0.0,,0.0,normalDay
2023-06-26,9915.0,802.0,0.0,0,431.44,0.0,1,9.13,1.11,SPY230818P00386000,386.0,0,0.0,0.0,,0.0,normalDay
2023-06-27,9915.0,829.0,0.0,0,436.17,0.0,1,9.13,0.84,SPY230818P00386000,386.0,0,0.0,0.0,,0.0,normalDay
2023-06-28,9915.0,842.0,0.0,0,436.39,0.0,1,9.13,0.71,SPY230818P00386000,386.0,0,0.0,0.0,,0.0,normalDay
2023-06-29,9915.0,844.0,0.0,0,438.11,0.0,1,9.13,0.69,SPY230818P00386000,386.0,0,0.0,0.0,,0.0,normalDay
2023-06-30,9915.0,857.0,0.0,0,443.28,0.0,1,9.13,0.56,SPY230818P00386000,386.0,0,0.0,0.0,,0.0,normalDay
2023-07-03,9915.0,861.0,0.0,0,443.79,0.0,1,9.13,0.52,SPY230818P00386000,386.0,0,0.0,0.0,,0.0,normalDay
2023-07-05,9915.0,859.0,0.0,0,443.13,0.0,1,9.13,0.54,SPY230818P00386000,386.0,0,0.0,0.0,,0.0,normalDay
2023-07-06,9915.0,844.0,0.0,0,439.66,0.0,1,9.13,0.69,SPY230818P00386000,386.0,0,0.0,0.0,,0.0,normalDay
2023-07-07,9915.0,849.0,0.0,0,438.55,0.0,1,9.13,0.64,SPY230818P00386000,386.0,0,0.0,0.0,,0.0,normalDay
2023-07-10,9915.0,857.0,0.0,0,439.66,0.0,1,9.13,0.56,SPY230818P00386000,386.0,0,0.0,0.0,,0.0,normalDay
2023-07-11,9915.0,864.0,0.0,0,442.46,0.0,1,9.13,0.49,SPY230818P00386000,386.0,0,0.0,0.0,,0.0,normalDay
2023-07-12,9915.0,878.0,0.0,0,446.02,0.0,1,9.13,0.35,SPY230818P00386000,386.0,0,0.0,0.0,,0.0,normalDay
2023-07-13,9915.0,880.0,0.0,0,449.56,0.0,1,9.13,0.33,SPY230818P00386000,386.0,0,0.0,0.0,,0.0,normalDay
2023-07-14,9915.0,884.0,0.0,0,449.28,0.0,1,9.13,0.29,SPY230818P00386000,386.0,0,0.0,0.0,,0.0,normalDay
2023-07-17,9915.0,888.0,0.0,0,450.84,0.0,1,9.13,0.25,SPY230818P00386000,386.0,0,0.0,0.0,,0.0,normalDay
2023-07-18,9915.0,891.0,0.0,0,454.19,0.0,1,9.13,0.22,SPY230818P00386000,386.0,0,0.0,0.0,,0.0,normalDay
2023-07-19,9915.0,890.0,0.0,0,455.2,0.0,1,9.13,0.23,SPY230818P00386000,386.0,0,0.0,0.0,,0.0,normalDay
2023-07-20,9915.0,888.0,0.0,0,452.18,0.0,1,9.13,0.25,SPY230818P00386000,386.0,0,0.0,0.0,,0.0,normalDay
2023-07-21,9915.0,891.0,0.0,0,452.18,0.0,1,9.13,0.22,SPY230818P00386000,386.0,0,0.0,0.0,,0.0,normalDay
2023-07-24,9915.0,895.0,0.0,0,454.2,0.0,1,9.13,0.18,SPY230818P00386000,386.0,0,0.0,0.0,,0.0,normalDay
2023-07-25,9915.0,897.0,0.0,0,455.44,0.0,1,9.13,0.16,SPY230818P00386000,386.0,0,0.0,0.0,,0.0,normalDay
2023-07-26,9915.0,900.0,0.0,0,455.51,0.0,1,9.13,0.13,SPY230818P00386000,386.0,0,0.0,0.0,,0.0,normalDay
2023-07-27,9915.0,894.0,0.0,0,452.49,0.0,1,9.13,0.19,SPY230818P00386000,386.0,0,0.0,0.0,,0.0,normalDay
2023-07-28,9915.0,902.0,0.0,0,456.92,0.0,1,9.13,0.11,SPY230818P00386000,386.0,0,0.0,0.0,,0.0,normalDay
2023-07-31,9915.0,903.0,0.0,0,457.79,0.0,1,9.13,0.1,SPY230818P00386000,386.0,0,0.0,0.0,,0.0,normalDay
2023-08-01,9915.0,903.0,0.0,0,456.48,0.0,1,9.13,0.1,SPY230818P00386000,386.0,0,0.0,0.0,,0.0,normalDay
2023-08-02,9915.0,896.0,0.0,0,450.13,0.0,1,9.13,0.17,SPY230818P00386000,386.0,0,0.0,0.0,,0.0,normalDay
2023-08-03,9915.0,897.0,0.0,0,448.84,0.0,1,9.13,0.16,SPY230818P00386000,386.0,0,0.0,0.0,,0.0,normalDay
2023-08-04,9915.0,892.0,0.0,0,446.81,0.0,1,9.13,0.21,SPY230818P00386000,386.0,0,0.0,0.0,,0.0,normalDay
2023-08-07,9915.0,902.0,0.0,0,450.71,0.0,1,9.13,0.11,SPY230818P00386000,386.0,0,0.0,0.0,,0.0,normalDay
2023-08-08,9915.0,905.0,0.0,0,448.75,0.0,1,9.13,0.08,SPY230818P00386000,386.0,0,0.0,0.0,,0.0,normalDay
2023-08-09,9915.0,905.0,0.0,0,445.75,0.0,1,9.13,0.08,SPY230818P00386000,386.0,0,0.0,0.0,,0.0,normalDay
2023-08-10,9915.0,906.0,0.0,0,445.91,0.0,1,9.13,0.07,SPY230818P00386000,386.0,0,0.0,0.0,,0.0,normalDay
2023-08-11,9915.0,909.0,0.0,0,445.65,0.0,1,9.13,0.04,SPY230818P00386000,386.0,0,0.0,0.0,,0.0,normalDay
2023-08-14,9915.0,910.0,0.0,0,448.11,0.0,1,9.13,0.03,SPY230818P00386000,386.0,0,0.0,0.0,,0.0,normalDay
2023-08-15,9915.0,910.0,0.0,0,442.89,0.0,1,9.13,0.03,SPY230818P00386000,386.0,0,0.0,0.0,,0.0,normalDay
2023-08-16,9915.0,911.0,0.0,0,439.64,0.0,1,9.13,0.02,SPY230818P00386000,386.0,0,0.0,0.0,,0.0,normalDay
2023-08-17,9915.0,911.0,0.0,0,436.29,0.0,1,9.13,0.02,SPY230818P00386000,386.0,0,0.0,0.0,,0.0,normalDay
2023-08-18,10828.0,0.0,913.0,0,436.5,0.0,1,9.13,0.0,SPY230818P00386000,386.0,0,0.0,0.0,,0.0,expirationDay
2023-08-21,10828.0,-7.0,0.0,0,439.34,0.0,1,15.53,15.6,SPY240119P00440000,440.0,0,0.0,0.0,,0.0,normalDay
2023-08-22,10828.0,-30.0,0.0,0,438.15,0.0,1,15.53,15.83,SPY240119P00440000,440.0,0,0.0,0.0,,0.0,normalDay
2023-08-23,10828.0,186.0,0.0,0,443.03,0.0,1,15.53,13.67,SPY240119P00440000,440.0,0,0.0,0.0,,0.0,normalDay
2023-08-24,10828.0,-82.0,0.0,0,436.89,0.0,1,15.53,16.35,SPY240119P00440000,440.0,0,0.0,0.0,,0.0,normalDay
2023-08-25,10828.0,105.0,0.0,0,439.97,0.0,1,15.53,14.48,SPY240119P00440000,440.0,0,0.0,0.0,,0.0,normalDay
2023-08-28,10828.0,253.0,0.0,0,442.76,0.0,1,15.53,13.0,SPY240119P00440000,440.0,0,0.0,0.0,,0.0,normalDay
2023-08-29,10828.0,486.0,0.0,0,449.16,0.0,1,15.53,10.67,SPY240119P00440000,440.0,0,0.0,0.0,,0.0,normalDay
2023-08-30,10828.0,565.0,0.0,0,451.01,0.0,1,15.53,9.88,SPY240119P00440000,440.0,0,0.0,0.0,,0.0,normalDay
2023-08-31,10828.0,578.0,0.0,0,450.35,0.0,1,15.53,9.75,SPY240119P00440000,440.0,0,0.0,0.0,,0.0,normalDay
2023-09-01,10828.0,602.0,0.0,0,451.19,0.0,1,15.53,9.51,SPY240119P00440000,440.0,0,0.0,0.0,,0.0,normalDay
2023-09-05,10828.0,556.0,0.0,0,449.24,0.0,1,15.53,9.97,SPY240119P00440000,440.0,0,0.0,0.0,,0.0,normalDay
2023-09-06,10828.0,437.0,0.0,0,446.22,0.0,1,15.53,11.16,SPY240119P00440000,440.0,0,0.0,0.0,,0.0,normalDay
2023-09-07,10828.0,400.0,0.0,0,444.85,0.0,1,15.53,11.53,SPY240119P00440000,440.0,0,0.0,0.0,,0.0,normalDay
2023-09-08,10828.0,471.0,0.0,0,445.52,0.0,1,15.53,10.82,SPY240119P00440000,440.0,0,0.0,0.0,,0.0,normalDay
2023-09-11,10828.0,581.0,0.0,0,448.45,0.0,1,15.53,9.72,SPY240119P00440000,440.0,0,0.0,0.0,,0.0,normalDay
2023-09-12,10828.0,508.0,0.0,0,445.99,0.0,1,15.53,10.45,SPY240119P00440000,440.0,0,0.0,0.0,,0.0,normalDay
2023-09-13,10828.0,554.0,0.0,0,446.51,0.0,1,15.53,9.99,SPY240119P00440000,440.0,0,0.0,0.0,,0.0,normalDay
2023-09-14,10828.0,698.0,0.0,0,450.36,0.0,1,15.53,8.55,SPY240119P00440000,440.0,0,0.0,0.0,,0.0,normalDay
2023-09-15,10828.0,499.0,0.0,0,443.37,0.0,1,15.53,10.54,SPY240119P00440000,440.0,0,0.0,0.0,,0.0,normalDay
2023-09-18,10828.0,522.0,0.0,0,443.63,0.0,1,15.53,10.31,SPY240119P00440000,440.0,0,0.0,0.0,,0.0,normalDay
2023-09-19,10828.0,501.0,0.0,0,442.71,0.0,1,15.53,10.52,SPY240119P00440000,440.0,0,0.0,0.0,,0.0,normalDay
2023-09-20,10828.0,303.0,0.0,0,438.64,0.0,1,15.53,12.5,SPY240119P00440000,440.0,0,0.0,0.0,,0.0,normalDay
2023-09-21,10828.0,-77.0,0.0,0,431.39,0.0,1,15.53,16.3,SPY240119P00440000,440.0,0,0.0,0.0,,0.0,normalDay
2023-09-22,10828.0,-120.0,0.0,0,430.42,0.0,1,15.53,16.73,SPY240119P00440000,440.0,0,0.0,0.0,,0.0,normalDay
2023-09-25,10828.0,-20.0,0.0,0,432.23,0.0,1,15.53,15.73,SPY240119P00440000,440.0,0,0.0,0.0,,0.0,normalDay
2023-09-26,10828.0,-415.0,0.0,0,425.88,0.0,1,15.53,19.68,SPY240119P00440000,440.0,0,0.0,0.0,,0.0,normalDay
2023-09-27,10828.0,-370.0,0.0,0,426.05,0.0,1,15.53,19.23,SPY240119P00440000,440.0,0,0.0,0.0,,0.0,normalDay
2023-09-28,10828.0,-225.0,0.0,0,428.52,0.0,1,15.53,17.78,SPY240119P00440000,440.0,0,0.0,0.0,,0.0,normalDay
2023-09-29,10828.0,-262.0,0.0,0,427.48,0.0,1,15.53,18.15,SPY240119P00440000,440.0,0,0.0,0.0,,0.0,normalDay
2023-10-02,10828.0,-260.0,0.0,0,427.31,0.0,1,15.53,18.13,SPY240119P00440000,440.0,0,0.0,0.0,,0.0,normalDay
2023-10-03,10828.0,-675.0,0.0,0,421.59,0.0,1,15.53,22.28,SPY240119P00440000,440.0,0,0.0,0.0,,0.0,normalDay
2023-10-04,10828.0,-480.0,0.0,0,424.66,0.0,1,15.53,20.33,SPY240119P00440000,440.0,0,0.0,0.0,,0.0,normalDay
2023-10-05,10828.0,-499.0,0.0,0,424.5,0.0,1,15.53,20.52,SPY240119P00440000,440.0,0,0.0,0.0,,0.0,normalDay
2023-10-06,10828.0,-142.0,0.0,0,429.54,0.0,1,15.53,16.95,SPY240119P00440000,440.0,0,0.0,0.0,,0.0,normalDay
2023-10-09,10828.0,-3.0,0.0,0,432.29,0.0,1,15.53,15.56,SPY240119P00440000,440.0,0,0.0,0.0,,0.0,normalDay
2023-10-10,10828.0,130.0,0.0,0,434.54,0.0,1,15.53,14.23,SPY240119P00440000,440.0,0,0.0,0.0,,0.0,normalDay
2023-10-11,10828.0,276.0,0.0,0,436.32,0.0,1,15.53,12.77,SPY240119P00440000,440.0,0,0.0,0.0,,0.0,normalDay
2023-10-12,10828.0,130.0,0.0,0,433.66,0.0,1,15.53,14.23,SPY240119P00440000,440.0,0,0.0,0.0,,0.0,normalDay
2023-10-13,10828.0,-102.0,0.0,0,431.5,0.0,1,15.53,16.55,SPY240119P00440000,440.0,0,0.0,0.0,,0.0,normalDay
2023-10-16,10828.0,234.0,0.0,0,436.04,0.0,1,15.53,13.19,SPY240119P00440000,440.0,0,0.0,0.0,,0.0,normalDay
2023-10-17,10828.0,196.0,0.0,0,436.02,0.0,1,15.53,13.57,SPY240119P00440000,440.0,0,0.0,0.0,,0.0,normalDay
2023-10-18,10828.0,-101.0,0.0,0,430.21,0.0,1,15.53,16.54,SPY240119P00440000,440.0,0,0.0,0.0,,0.0,normalDay
2023-10-19,10828.0,-444.0,0.0,0,426.43,0.0,1,15.53,19.97,SPY240119P00440000,440.0,0,0.0,0.0,,0.0,normalDay
2023-10-20,10828.0,-718.0,0.0,0,421.19,0.0,1,15.53,22.71,SPY240119P00440000,440.0,0,0.0,0.0,,0.0,normalDay
2023-10-23,10828.0,-709.0,0.0,0,420.46,0.0,1,15.53,22.62,SPY240119P00440000,440.0,0,0.0,0.0,,0.0,normalDay
2023-10-24,10828.0,-568.0,0.0,0,423.63,0.0,1,15.53,21.21,SPY240119P00440000,440.0,0,0.0,0.0,,0.0,normalDay
2023-10-25,10828.0,-971.0,0.0,0,417.55,0.0,1,15.53,25.24,SPY240119P00440000,440.0,0,0.0,0.0,,0.0,normalDay
2023-10-26,10828.0,-1424.0,0.0,0,412.55,0.0,1,15.53,29.77,SPY240119P00440000,440.0,0,0.0,0.0,,0.0,normalDay
2023-10-27,10828.0,-1547.0,0.0,0,410.68,0.0,1,15.53,31.0,SPY240119P00440000,440.0,0,0.0,0.0,,0.0,normalDay
2023-10-30,10828.0,-1110.0,0.0,0,415.59,0.0,1,15.53,26.63,SPY240119P00440000,440.0,0,0.0,0.0,,0.0,normalDay
2023-10-31,10828.0,-868.0,0.0,0,418.2,0.0,1,15.53,24.21,SPY240119P00440000,440.0,0,0.0,0.0,,0.0,normalDay
2023-11-01,10828.0,-484.0,0.0,0,422.66,0.0,1,15.53,20.37,SPY240119P00440000,440.0,0,0.0,0.0,,0.0,normalDay
2023-11-02,10828.0,81.0,0.0,0,430.76,0.0,1,15.53,14.72,SPY240119P00440000,440.0,0,0.0,0.0,,0.0,normalDay
2023-11-03,10828.0,357.0,0.0,0,434.69,0.0,1,15.53,11.96,SPY240119P00440000,440.0,0,0.0,0.0,,0.0,normalDay
2023-11-06,10828.0,410.0,0.0,0,435.69,0.0,1,15.53,11.43,SPY240119P00440000,440.0,0,0.0,0.0,,0.0,normalDay
2023-11-07,10828.0,485.0,0.0,0,436.93,0.0,1,15.53,10.68,SPY240119P00440000,440.0,0,0.0,0.0,,0.0,normalDay
2023-11-08,10828.0,515.0,0.0,0,437.25,0.0,1,15.53,10.38,SPY240119P00440000,440.0,0,0.0,0.0,,0.0,normalDay
2023-11-09,10828.0,334.0,0.0,0,433.84,0.0,1,15.53,12.19,SPY240119P00440000,440.0,0,0.0,0.0,,0.0,normalDay
2023-11-10,10828.0,700.0,0.0,0,440.61,0.0,1,15.53,8.53,SPY240119P00440000,440.0,0,0.0,0.0,,0.0,normalDay
2023-11-13,10828.0,681.0,0.0,0,440.19,0.0,1,15.53,8.72,SPY240119P00440000,440.0,0,0.0,0.0,,0.0,normalDay
2023-11-14,10828.0,997.0,0.0,0,448.73,0.0,1,15.53,5.56,SPY240119P00440000,440.0,0,0.0,0.0,,0.0,normalDay
2023-11-15,10828.0,1010.0,0.0,0,449.68,0.0,1,15.53,5.43,SPY240119P00440000,440.0,0,0.0,0.0,,0.0,normalDay
2023-11-16,10828.0,1052.0,0.0,0,450.23,0.0,1,15.53,5.01,SPY240119P00440000,440.0,0,0.0,0.0,,0.0,normalDay
2023-11-17,10828.0,1080.0,0.0,0,450.79,0.0,1,15.53,4.73,SPY240119P00440000,440.0,0,0.0,0.0,,0.0,normalDay
2023-11-20,10828.0,1174.0,0.0,0,454.26,0.0,1,15.53,3.79,SPY240119P00440000,440.0,0,0.0,0.0,,0.0,normalDay
2023-11-21,10828.0,1160.0,0.0,0,453.27,0.0,1,15.53,3.93,SPY240119P00440000,440.0,0,0.0,0.0,,0.0,normalDay
2023-11-22,10828.0,1210.0,0.0,0,455.02,0.0,1,15.53,3.43,SPY240119P00440000,440.0,0,0.0,0.0,,0.0,normalDay
2023-11-24,10828.0,1241.0,0.0,0,455.3,0.0,1,15.53,3.12,SPY240119P00440000,440.0,0,0.0,0.0,,0.0,normalDay
2023-11-27,10828.0,1238.0,0.0,0,454.48,0.0,1,15.53,3.15,SPY240119P00440000,440.0,0,0.0,0.0,,0.0,normalDay
2023-11-28,10828.0,1251.0,0.0,0,454.93,0.0,1,15.53,3.02,SPY240119P00440000,440.0,0,0.0,0.0,,0.0,normalDay
2023-11-29,10828.0,1243.0,0.0,0,454.61,0.0,1,15.53,3.1,SPY240119P00440000,440.0,0,0.0,0.0,,0.0,normalDay
2023-11-30,10828.0,1263.0,0.0,0,456.4,0.0,1,15.53,2.9,SPY240119P00440000,440.0,0,0.0,0.0,,0.0,normalDay
