date,totalCapital,unrializedPnL,rializedPnL,stocksOwned,stocksPriceToday,stocksPriceBoughtAt,putOwned,putOwnedSoldAt,putPriceToday,putOwnedContract,putOwnedStrike,callOwned,callOwnedSoldAt,callPriceToday,callOwnedContract,callOwnedStrike,trackType
2018-11-01,0.0,-6.0,0.0,0,273.51,0.0,1,0.8,0.86,SPY181119P00257000,257.0,0,0.0,0.0,,0.0,normalDay
2018-11-02,0.0,-10.0,0.0,0,271.89,0.0,1,0.8,0.9,SPY181119P00257000,257.0,0,0.0,0.0,,0.0,normalDay
2018-11-05,0.0,17.0,0.0,0,273.39,0.0,1,0.8,0.63,SPY181119P00257000,257.0,0,0.0,0.0,,0.0,normalDay
2018-11-06,0.0,29.0,0.0,0,275.12,0.0,1,0.8,0.51,SPY181119P00257000,257.0,0,0.0,0.0,,0.0,normalDay
2018-11-07,0.0,68.0,0.0,0,281.01,0.0,1,0.8,0.12,SPY181119P00257000,257.0,0,0.0,0.0,,0.0,normalDay
2018-11-08,0.0,67.0,0.0,0,280.5,0.0,1,0.8,0.13,SPY181119P00257000,257.0,0,0.0,0.0,,0.0,normalDay
2018-11-09,0.0,68.0,0.0,0,277.76,0.0,1,0.8,0.12,SPY181119P00257000,257.0,0,0.0,0.0,,0.0,normalDay
2018-11-12,0.0,50.0,0.0,0,272.57,0.0,1,0.8,0.3,SPY181119P00257000,257.0,0,0.0,0.0,,0.0,normalDay
2018-11-13,0.0,59.0,0.0,0,272.06,0.0,1,0.8,0.21,SPY181119P00257000,257.0,0,0.0,0.0,,0.0,normalDay
2018-11-14,0.0,58.0,0.0,0,270.2,0.0,1,0.8,0.22,SPY181119P00257000,257.0,0,0.0,0.0,,0.0,normalDay
2018-11-15,0.0,72.0,0.0,0,273.02,0.0,1,0.8,0.08,SPY181119P00257000,257.0,0,0.0,0.0,,0.0,normalDay
2018-11-16,0.0,78.0,0.0,0,273.73,0.0,1,0.8,0.02,SPY181119P00257000,257.0,0,0.0,0.0,,0.0,normalDay
2018-11-19,80.0,0.0,80.0,0,269.1,0.0,1,0.8,0.0,SPY181119P00257000,257.0,0,0.0,0.0,,0.0,expirationDay
2018-11-20,80.0,-7.0,0.0,0,264.12,0.0,1,3.0,3.07,SPY181207P00259000,259.0,0,0.0,0.0,,0.0,normalDay
2018-11-21,80.0,76.0,0.0,0,265.02,0.0,1,3.0,2.24,SPY181207P00259000,259.0,0,0.0,0.0,,0.0,normalDay
2018-11-23,80.0,32.0,0.0,0,263.25,0.0,1,3.0,2.68,SPY181207P00259000,259.0,0,0.0,0.0,,0.0,normalDay
2018-11-26,80.0,204.0,0.0,0,267.5,0.0,1,3.0,0.96,SPY181207P00259000,259.0,0,0.0,0.0,,0.0,normalDay
2018-11-27,80.0,206.0,0.0,0,268.4,0.0,1,3.0,0.94,SPY181207P00259000,259.0,0,0.0,0.0,,0.0,normalDay
2018-11-28,80.0,264.0,0.0,0,274.58,0.0,1,3.0,0.36,SPY181207P00259000,259.0,0,0.0,0.0,,0.0,normalDay
2018-11-29,80.0,261.0,0.0,0,273.98,0.0,1,3.0,0.39,SPY181207P00259000,259.0,0,0.0,0.0,,0.0,normalDay
2018-11-30,80.0,279.0,0.0,0,275.65,0.0,1,3.0,0.21,SPY181207P00259000,259.0,0,0.0,0.0,,0.0,normalDay
2018-12-03,80.0,297.0,0.0,0,279.3,0.0,1,3.0,0.03,SPY181207P00259000,259.0,0,0.0,0.0,,0.0,normalDay
2018-12-04,80.0,272.0,0.0,0,270.25,0.0,1,3.0,0.28,SPY181207P00259000,259.0,0,0.0,0.0,,0.0,normalDay
2018-12-06,80.0,296.0,0.0,0,269.84,0.0,1,3.0,0.04,SPY181207P00259000,259.0,0,0.0,0.0,,0.0,normalDay
2018-12-07,380.0,0.0,300.0,0,263.57,0.0,1,3.0,0.0,SPY181207P00259000,259.0,0,0.0,0.0,,0.0,expirationDay
2018-12-10,380.0,-8.0,0.0,0,264.07,0.0,1,2.86,2.94,SPY181228P00258000,258.0,0,0.0,0.0,,0.0,normalDay
2018-12-11,380.0,17.0,0.0,0,264.13,0.0,1,2.86,2.69,SPY181228P00258000,258.0,0,0.0,0.0,,0.0,normalDay
2018-12-12,380.0,62.0,0.0,0,265.46,0.0,1,2.86,2.24,SPY181228P00258000,258.0,0,0.0,0.0,,0.0,normalDay
2018-12-13,380.0,100.0,0.0,0,265.37,0.0,1,2.86,1.86,SPY181228P00258000,258.0,0,0.0,0.0,,0.0,normalDay
2018-12-14,380.0,-47.0,0.0,0,260.47,0.0,1,2.86,3.33,SPY181228P00258000,258.0,0,0.0,0.0,,0.0,normalDay
2018-12-17,380.0,-341.0,0.0,0,255.36,0.0,1,2.86,6.27,SPY181228P00258000,258.0,0,0.0,0.0,,0.0,normalDay
2018-12-18,380.0,-406.0,0.0,0,255.08,0.0,1,2.86,6.92,SPY181228P00258000,258.0,0,0.0,0.0,,0.0,normalDay
2018-12-19,380.0,-599.0,0.0,0,251.26,0.0,1,2.86,8.85,SPY181228P00258000,258.0,0,0.0,0.0,,0.0,normalDay
2018-12-20,380.0,-904.0,0.0,0,247.17,0.0,1,2.86,11.9,SPY181228P00258000,258.0,0,0.0,0.0,,0.0,normalDay
2018-12-21,380.0,-1515.0,0.0,0,240.7,0.0,1,2.86,18.01,SPY181228P00258000,258.0,0,0.0,0.0,,0.0,normalDay
2018-12-24,380.0,-2314.0,0.0,0,234.34,0.0,1,2.86,26.0,SPY181228P00258000,258.0,0,0.0,0.0,,0.0,normalDay
2018-12-26,380.0,-897.0,0.0,0,246.18,0.0,1,2.86,11.83,SPY181228P00258000,258.0,0,0.0,0.0,,0.0,normalDay
2018-12-27,380.0,-674.0,0.0,0,248.07,0.0,1,2.86,9.6,SPY181228P00258000,258.0,0,0.0,0.0,,0.0,normalDay
2018-12-28,666.0,-1025.0,286.0,100,247.75,258.0,1,2.86,0.0,SPY181228P00258000,258.0,0,0.0,0.0,,0.0,expirationDay
2018-12-31,666.0,-808.0,0.0,100,249.92,258.0,0,0.0,0.0,,0.0,0,0.0,0.0,,0.0,bidTooLow
2019-01-02,666.0,-782.0,0.0,100,250.18,258.0,0,0.0,0.0,,0.0,0,0.0,0.0,,0.0,bidTooLow
2019-01-03,666.0,-1379.0,0.0,100,244.21,258.0,0,0.0,0.0,,0.0,0,0.0,0.0,,0.0,bidTooLow
2019-01-04,666.0,-561.0,0.0,100,252.39,258.0,0,0.0,0.0,,0.0,0,0.0,0.0,,0.0,bidTooLow
2019-01-07,666.0,-362.0,0.0,100,254.38,258.0,0,0.0,0.0,,0.0,0,0.0,0.0,,0.0,bidTooLow
2019-01-08,666.0,-126.0,0.0,100,256.77,258.0,0,0.0,0.0,,0.0,1,0.01,0.04,SPY190111C00267000,267.0,normalDay
2019-01-09,666.0,-5.0,0.0,100,257.97,258.0,0,0.0,0.0,,0.0,1,0.01,0.03,SPY190111C00267000,267.0,normalDay
2019-01-10,666.0,88.0,0.0,100,258.88,258.0,0,0.0,0.0,,0.0,1,0.01,0.01,SPY190111C00267000,267.0,normalDay
2019-01-11,667.0,98.0,1.0,100,258.98,258.0,0,0.0,0.0,,0.0,1,0.01,0.0,SPY190111C00267000,267.0,expirationDay
2019-01-14,667.0,-63.0,0.0,100,257.4,258.0,0,0.0,0.0,,0.0,1,0.04,0.07,SPY190116C00263000,263.0,normalDay
2019-01-15,667.0,226.0,0.0,100,260.35,258.0,0,0.0,0.0,,0.0,1,0.04,0.13,SPY190116C00263000,263.0,normalDay
2019-01-16,671.0,298.0,4.0,100,260.98,258.0,0,0.0,0.0,,0.0,1,0.04,0.0,SPY190116C00263000,263.0,expirationDay
2019-01-17,671.0,493.0,0.0,100,262.96,258.0,0,0.0,0.0,,0.0,1,0.37,0.4,SPY190118C00264500,264.5,normalDay
2019-01-18,1358.0,493.0,687.0,0,266.46,0.0,0,0.0,0.0,,0.0,1,0.37,0.0,SPY190118C00264500,264.5,expirationDay
2019-01-22,1358.0,-3.0,0.0,0,262.86,0.0,1,0.28,0.31,SPY190208P00233000,233.0,0,0.0,0.0,,0.0,normalDay
2019-01-23,1358.0,9.0,0.0,0,263.41,0.0,1,0.28,0.19,SPY190208P00233000,233.0,0,0.0,0.0,,0.0,normalDay
2019-01-24,1358.0,11.0,0.0,0,263.55,0.0,1,0.28,0.17,SPY190208P00233000,233.0,0,0.0,0.0,,0.0,normalDay
2019-01-25,1358.0,21.0,0.0,0,265.78,0.0,1,0.28,0.07,SPY190208P00233000,233.0,0,0.0,0.0,,0.0,normalDay
2019-01-28,1358.0,19.0,0.0,0,263.76,0.0,1,0.28,0.09,SPY190208P00233000,233.0,0,0.0,0.0,,0.0,normalDay
2019-01-29,1358.0,20.0,0.0,0,263.41,0.0,1,0.28,0.08,SPY190208P00233000,233.0,0,0.0,0.0,,0.0,normalDay
2019-01-30,1358.0,24.0,0.0,0,267.58,0.0,1,0.28,0.04,SPY190208P00233000,233.0,0,0.0,0.0,,0.0,normalDay
2019-01-31,1358.0,26.0,0.0,0,269.93,0.0,1,0.28,0.02,SPY190208P00233000,233.0,0,0.0,0.0,,0.0,normalDay
2019-02-01,1358.0,26.0,0.0,0,270.06,0.0,1,0.28,0.02,SPY190208P00233000,233.0,0,0.0,0.0,,0.0,normalDay
2019-02-04,1358.0,27.0,0.0,0,271.96,0.0,1,0.28,0.01,SPY190208P00233000,233.0,0,0.0,0.0,,0.0,normalDay
2019-02-05,1358.0,27.0,0.0,0,273.1,0.0,1,0.28,0.01,SPY190208P00233000,233.0,0,0.0,0.0,,0.0,normalDay
2019-02-06,1358.0,27.0,0.0,0,272.74,0.0,1,0.28,0.01,SPY190208P00233000,233.0,0,0.0,0.0,,0.0,normalDay
2019-02-07,1358.0,27.0,0.0,0,270.14,0.0,1,0.28,0.01,SPY190208P00233000,233.0,0,0.0,0.0,,0.0,normalDay
2019-02-08,1386.0,0.0,28.0,0,270.47,0.0,1,0.28,0.0,SPY190208P00233000,233.0,0,0.0,0.0,,0.0,expirationDay
2019-02-11,1386.0,-3.0,0.0,0,270.62,0.0,1,0.43,0.46,SPY190301P00255000,255.0,0,0.0,0.0,,0.0,normalDay
2019-02-12,1386.0,15.0,0.0,0,274.1,0.0,1,0.43,0.28,SPY190301P00255000,255.0,0,0.0,0.0,,0.0,normalDay
2019-02-13,1386.0,20.0,0.0,0,274.99,0.0,1,0.43,0.23,SPY190301P00255000,255.0,0,0.0,0.0,,0.0,normalDay
2019-02-14,1386.0,17.0,0.0,0,274.38,0.0,1,0.43,0.26,SPY190301P00255000,255.0,0,0.0,0.0,,0.0,normalDay
2019-02-15,1386.0,29.0,0.0,0,277.37,0.0,1,0.43,0.14,SPY190301P00255000,255.0,0,0.0,0.0,,0.0,normalDay
2019-02-19,1386.0,36.0,0.0,0,277.85,0.0,1,0.43,0.07,SPY190301P00255000,255.0,0,0.0,0.0,,0.0,normalDay
2019-02-20,1386.0,39.0,0.0,0,278.41,0.0,1,0.43,0.04,SPY190301P00255000,255.0,0,0.0,0.0,,0.0,normalDay
2019-02-21,1386.0,39.0,0.0,0,277.42,0.0,1,0.43,0.04,SPY190301P00255000,255.0,0,0.0,0.0,,0.0,normalDay
2019-02-22,1386.0,41.0,0.0,0,279.14,0.0,1,0.43,0.02,SPY190301P00255000,255.0,0,0.0,0.0,,0.0,normalDay
2019-02-25,1386.0,41.0,0.0,0,279.52,0.0,1,0.43,0.02,SPY190301P00255000,255.0,0,0.0,0.0,,0.0,normalDay
2019-02-26,1386.0,41.0,0.0,0,279.32,0.0,1,0.43,0.02,SPY190301P00255000,255.0,0,0.0,0.0,,0.0,normalDay
2019-02-27,1386.0,42.0,0.0,0,279.2,0.0,1,0.43,0.01,SPY190301P00255000,255.0,0,0.0,0.0,,0.0,normalDay
2019-02-28,1386.0,42.0,0.0,0,278.68,0.0,1,0.43,0.01,SPY190301P00255000,255.0,0,0.0,0.0,,0.0,normalDay
2019-03-01,1429.0,0.0,43.0,0,280.42,0.0,1,0.43,0.0,SPY190301P00255000,255.0,0,0.0,0.0,,0.0,expirationDay
2019-03-04,1429.0,-4.0,0.0,0,279.4,0.0,1,0.71,0.75,SPY190322P00267000,267.0,0,0.0,0.0,,0.0,normalDay
2019-03-05,1429.0,-3.0,0.0,0,279.02,0.0,1,0.71,0.74,SPY190322P00267000,267.0,0,0.0,0.0,,0.0,normalDay
2019-03-06,1429.0,-26.0,0.0,0,277.33,0.0,1,0.71,0.97,SPY190322P00267000,267.0,0,0.0,0.0,,0.0,normalDay
2019-03-07,1429.0,-64.0,0.0,0,275.01,0.0,1,0.71,1.35,SPY190322P00267000,267.0,0,0.0,0.0,,0.0,normalDay
2019-03-08,1429.0,-47.0,0.0,0,274.46,0.0,1,0.71,1.18,SPY190322P00267000,267.0,0,0.0,0.0,,0.0,normalDay
2019-03-11,1429.0,30.0,0.0,0,278.44,0.0,1,0.71,0.41,SPY190322P00267000,267.0,0,0.0,0.0,,0.0,normalDay
2019-03-12,1429.0,45.0,0.0,0,279.49,0.0,1,0.71,0.26,SPY190322P00267000,267.0,0,0.0,0.0,,0.0,normalDay
2019-03-13,1429.0,57.0,0.0,0,281.34,0.0,1,0.71,0.14,SPY190322P00267000,267.0,0,0.0,0.0,,0.0,normalDay
2019-03-14,1429.0,60.0,0.0,0,281.16,0.0,1,0.71,0.11,SPY190322P00267000,267.0,0,0.0,0.0,,0.0,normalDay
2019-03-15,1429.0,67.0,0.0,0,281.31,0.0,1,0.71,0.04,SPY190322P00267000,267.0,0,0.0,0.0,,0.0,normalDay
2019-03-18,1429.0,69.0,0.0,0,282.33,0.0,1,0.71,0.02,SPY190322P00267000,267.0,0,0.0,0.0,,0.0,normalDay
2019-03-19,1429.0,69.0,0.0,0,282.4,0.0,1,0.71,0.02,SPY190322P00267000,267.0,0,0.0,0.0,,0.0,normalDay
2019-03-20,1429.0,69.0,0.0,0,281.55,0.0,1,0.71,0.02,SPY190322P00267000,267.0,0,0.0,0.0,,0.0,normalDay
2019-03-21,1429.0,70.0,0.0,0,284.73,0.0,1,0.71,0.01,SPY190322P00267000,267.0,0,0.0,0.0,,0.0,normalDay
2019-03-22,1500.0,0.0,71.0,0,279.25,0.0,1,0.71,0.0,SPY190322P00267000,267.0,0,0.0,0.0,,0.0,expirationDay
2019-03-25,1500.0,-4.0,0.0,0,279.04,0.0,1,1.94,1.98,SPY190412P00274000,274.0,0,0.0,0.0,,0.0,normalDay
2019-03-26,1500.0,73.0,0.0,0,281.12,0.0,1,1.94,1.21,SPY190412P00274000,274.0,0,0.0,0.0,,0.0,normalDay
2019-03-27,1500.0,49.0,0.0,0,279.65,0.0,1,1.94,1.45,SPY190412P00274000,274.0,0,0.0,0.0,,0.0,normalDay
2019-03-28,1500.0,93.0,0.0,0,280.71,0.0,1,1.94,1.01,SPY190412P00274000,274.0,0,0.0,0.0,,0.0,normalDay
2019-03-29,1500.0,137.0,0.0,0,282.48,0.0,1,1.94,0.57,SPY190412P00274000,274.0,0,0.0,0.0,,0.0,normalDay
2019-04-01,1500.0,170.0,0.0,0,285.83,0.0,1,1.94,0.24,SPY190412P00274000,274.0,0,0.0,0.0,,0.0,normalDay
2019-04-02,1500.0,174.0,0.0,0,285.97,0.0,1,1.94,0.2,SPY190412P00274000,274.0,0,0.0,0.0,,0.0,normalDay
2019-04-03,1500.0,178.0,0.0,0,286.42,0.0,1,1.94,0.16,SPY190412P00274000,274.0,0,0.0,0.0,,0.0,normalDay
2019-04-04,1500.0,184.0,0.0,0,287.18,0.0,1,1.94,0.1,SPY190412P00274000,274.0,0,0.0,0.0,,0.0,normalDay
2019-04-05,1500.0,190.0,0.0,0,288.57,0.0,1,1.94,0.04,SPY190412P00274000,274.0,0,0.0,0.0,,0.0,normalDay
2019-04-08,1500.0,192.0,0.0,0,288.79,0.0,1,1.94,0.02,SPY190412P00274000,274.0,0,0.0,0.0,,0.0,normalDay
2019-04-09,1500.0,192.0,0.0,0,287.31,0.0,1,1.94,0.02,SPY190412P00274000,274.0,0,0.0,0.0,,0.0,normalDay
2019-04-10,1500.0,193.0,0.0,0,288.29,0.0,1,1.94,0.01,SPY190412P00274000,274.0,0,0.0,0.0,,0.0,normalDay
2019-04-11,1500.0,193.0,0.0,0,288.21,0.0,1,1.94,0.01,SPY190412P00274000,274.0,0,0.0,0.0,,0.0,normalDay
2019-04-12,1694.0,0.0,194.0,0,290.16,0.0,1,1.94,0.0,SPY190412P00274000,274.0,0,0.0,0.0,,0.0,expirationDay
2019-04-15,1694.0,-3.0,0.0,0,289.97,0.0,1,0.32,0.35,SPY190503P00275000,275.0,0,0.0,0.0,,0.0,normalDay
2019-04-16,1694.0,0.0,0.0,0,290.16,0.0,1,0.32,0.32,SPY190503P00275000,275.0,0,0.0,0.0,,0.0,normalDay
2019-04-17,1694.0,-2.0,0.0,0,289.45,0.0,1,0.32,0.34,SPY190503P00275000,275.0,0,0.0,0.0,,0.0,normalDay
2019-04-18,1694.0,8.0,0.0,0,290.02,0.0,1,0.32,0.24,SPY190503P00275000,275.0,0,0.0,0.0,,0.0,normalDay
2019-04-22,1694.0,15.0,0.0,0,290.27,0.0,1,0.32,0.17,SPY190503P00275000,275.0,0,0.0,0.0,,0.0,normalDay
2019-04-23,1694.0,20.0,0.0,0,292.88,0.0,1,0.32,0.12,SPY190503P00275000,275.0,0,0.0,0.0,,0.0,normalDay
2019-04-24,1694.0,20.0,0.0,0,292.23,0.0,1,0.32,0.12,SPY190503P00275000,275.0,0,0.0,0.0,,0.0,normalDay
2019-04-25,1694.0,22.0,0.0,0,292.05,0.0,1,0.32,0.1,SPY190503P00275000,275.0,0,0.0,0.0,,0.0,normalDay
2019-04-26,1694.0,25.0,0.0,0,293.41,0.0,1,0.32,0.07,SPY190503P00275000,275.0,0,0.0,0.0,,0.0,normalDay
2019-04-29,1694.0,28.0,0.0,0,293.87,0.0,1,0.32,0.04,SPY190503P00275000,275.0,0,0.0,0.0,,0.0,normalDay
2019-04-30,1694.0,29.0,0.0,0,294.02,0.0,1,0.32,0.03,SPY190503P00275000,275.0,0,0.0,0.0,,0.0,normalDay
2019-05-01,1694.0,27.0,0.0,0,291.81,0.0,1,0.32,0.05,SPY190503P00275000,275.0,0,0.0,0.0,,0.0,normalDay
2019-05-02,1694.0,30.0,0.0,0,291.18,0.0,1,0.32,0.02,SPY190503P00275000,275.0,0,0.0,0.0,,0.0,normalDay
2019-05-03,1726.0,0.0,32.0,0,294.03,0.0,1,0.32,0.0,SPY190503P00275000,275.0,0,0.0,0.0,,0.0,expirationDay
2019-05-06,1726.0,-4.0,0.0,0,292.82,0.0,1,1.51,1.55,SPY190524P00286000,286.0,0,0.0,0.0,,0.0,normalDay
2019-05-07,1726.0,-219.0,0.0,0,287.93,0.0,1,1.51,3.7,SPY190524P00286000,286.0,0,0.0,0.0,,0.0,normalDay
2019-05-08,1726.0,-216.0,0.0,0,287.53,0.0,1,1.51,3.67,SPY190524P00286000,286.0,0,0.0,0.0,,0.0,normalDay
2019-05-09,1726.0,-241.0,0.0,0,286.66,0.0,1,1.51,3.92,SPY190524P00286000,286.0,0,0.0,0.0,,0.0,normalDay
2019-05-10,1726.0,-117.0,0.0,0,288.1,0.0,1,1.51,2.68,SPY190524P00286000,286.0,0,0.0,0.0,,0.0,normalDay
2019-05-13,1726.0,-518.0,0.0,0,280.86,0.0,1,1.51,6.69,SPY190524P00286000,286.0,0,0.0,0.0,,0.0,normalDay
2019-05-14,1726.0,-295.0,0.0,0,283.4,0.0,1,1.51,4.46,SPY190524P00286000,286.0,0,0.0,0.0,,0.0,normalDay
2019-05-15,1726.0,-149.0,0.0,0,285.06,0.0,1,1.51,3.0,SPY190524P00286000,286.0,0,0.0,0.0,,0.0,normalDay
2019-05-16,1726.0,-23.0,0.0,0,287.7,0.0,1,1.51,1.74,SPY190524P00286000,286.0,0,0.0,0.0,,0.0,normalDay
2019-05-17,1726.0,-94.0,0.0,0,285.84,0.0,1,1.51,2.45,SPY190524P00286000,286.0,0,0.0,0.0,,0.0,normalDay
2019-05-20,1726.0,-146.0,0.0,0,283.95,0.0,1,1.51,2.97,SPY190524P00286000,286.0,0,0.0,0.0,,0.0,normalDay
2019-05-21,1726.0,19.0,0.0,0,286.51,0.0,1,1.51,1.32,SPY190524P00286000,286.0,0,0.0,0.0,,0.0,normalDay
2019-05-22,1726.0,15.0,0.0,0,285.63,0.0,1,1.51,1.36,SPY190524P00286000,286.0,0,0.0,0.0,,0.0,normalDay
2019-05-23,1726.0,-265.0,0.0,0,282.14,0.0,1,1.51,4.16,SPY190524P00286000,286.0,0,0.0,0.0,,0.0,normalDay
2019-05-24,1877.0,-322.0,151.0,100,282.78,286.0,1,1.51,0.0,SPY190524P00286000,286.0,0,0.0,0.0,,0.0,expirationDay
2019-05-28,1877.0,-585.0,0.0,100,280.15,286.0,0,0.0,0.0,,0.0,0,0.0,0.0,,0.0,bidTooLow
2019-05-29,1877.0,-773.0,0.0,100,278.27,286.0,0,0.0,0.0,,0.0,0,0.0,0.0,,0.0,bidTooLow
2019-05-30,1877.0,-697.0,0.0,100,279.03,286.0,0,0.0,0.0,,0.0,0,0.0,0.0,,0.0,bidTooLow
2019-05-31,1877.0,-1073.0,0.0,100,275.27,286.0,0,0.0,0.0,,0.0,0,0.0,0.0,,0.0,bidTooLow
2019-06-03,1877.0,-1143.0,0.0,100,274.57,286.0,0,0.0,0.0,,0.0,0,0.0,0.0,,0.0,bidTooLow
2019-06-04,1877.0,-547.0,0.0,100,280.53,286.0,0,0.0,0.0,,0.0,0,0.0,0.0,,0.0,bidTooLow
2019-06-05,1877.0,-304.0,0.0,100,282.96,286.0,0,0.0,0.0,,0.0,0,0.0,0.0,,0.0,bidTooLow
2019-06-06,1877.0,-120.0,0.0,100,284.8,286.0,0,0.0,0.0,,0.0,0,0.0,0.0,,0.0,bidTooLow
2019-06-07,1877.0,161.0,0.0,100,287.65,286.0,0,0.0,0.0,,0.0,1,0.43,0.47,SPY190610C00289000,289.0,normalDay
2019-06-10,1920.0,297.0,43.0,100,288.97,286.0,0,0.0,0.0,,0.0,1,0.43,0.0,SPY190610C00289000,289.0,expirationDay
2019-06-11,1920.0,287.0,0.0,100,288.9,286.0,0,0.0,0.0,,0.0,1,0.76,0.79,SPY190614C00290500,290.5,normalDay
2019-06-12,1920.0,279.0,0.0,100,288.39,286.0,0,0.0,0.0,,0.0,1,0.76,0.36,SPY190614C00290500,290.5,normalDay
2019-06-13,1920.0,387.0,0.0,100,289.58,286.0,0,0.0,0.0,,0.0,1,0.76,0.47,SPY190614C00290500,290.5,normalDay
2019-06-14,1996.0,326.0,76.0,100,289.26,286.0,0,0.0,0.0,,0.0,1,0.76,0.0,SPY190614C00290500,290.5,expirationDay
2019-06-17,1996.0,334.0,0.0,100,289.37,286.0,0,0.0,0.0,,0.0,1,0.31,0.34,SPY190619C00292000,292.0,normalDay
2019-06-18,1996.0,523.0,0.0,100,292.4,286.0,0,0.0,0.0,,0.0,1,0.31,1.48,SPY190619C00292000,292.0,normalDay
2019-06-19,2627.0,523.0,631.0,0,293.06,0.0,0,0.0,0.0,,0.0,1,0.31,0.0,SPY190619C00292000,292.0,expirationDay
2019-06-20,2627.0,-3.0,0.0,0,295.86,0.0,1,0.19,0.22,SPY190708P00270000,270.0,0,0.0,0.0,,0.0,normalDay
2019-06-21,2627.0,-3.0,0.0,0,294.0,0.0,1,0.19,0.22,SPY190708P00270000,270.0,0,0.0,0.0,,0.0,normalDay
2019-06-24,2627.0,3.0,0.0,0,293.64,0.0,1,0.19,0.16,SPY190708P00270000,270.0,0,0.0,0.0,,0.0,normalDay
2019-06-25,2627.0,-2.0,0.0,0,290.76,0.0,1,0.19,0.21,SPY190708P00270000,270.0,0,0.0,0.0,,0.0,normalDay
2019-06-26,2627.0,2.0,0.0,0,290.47,0.0,1,0.19,0.17,SPY190708P00270000,270.0,0,0.0,0.0,,0.0,normalDay
2019-06-27,2627.0,6.0,0.0,0,291.5,0.0,1,0.19,0.13,SPY190708P00270000,270.0,0,0.0,0.0,,0.0,normalDay
2019-06-28,2627.0,10.0,0.0,0,293.0,0.0,1,0.19,0.09,SPY190708P00270000,270.0,0,0.0,0.0,,0.0,normalDay
2019-07-01,2627.0,16.0,0.0,0,295.66,0.0,1,0.19,0.03,SPY190708P00270000,270.0,0,0.0,0.0,,0.0,normalDay
2019-07-02,2627.0,17.0,0.0,0,296.43,0.0,1,0.19,0.02,SPY190708P00270000,270.0,0,0.0,0.0,,0.0,normalDay
2019-07-03,2627.0,18.0,0.0,0,298.8,0.0,1,0.19,0.01,SPY190708P00270000,270.0,0,0.0,0.0,,0.0,normalDay
2019-07-05,2627.0,18.0,0.0,0,298.46,0.0,1,0.19,0.01,SPY190708P00270000,270.0,0,0.0,0.0,,0.0,normalDay
2019-07-08,2646.0,0.0,19.0,0,296.82,0.0,1,0.19,0.0,SPY190708P00270000,270.0,0,0.0,0.0,,0.0,expirationDay
2019-07-09,2646.0,-3.0,0.0,0,297.19,0.0,1,0.47,0.5,SPY190726P00285000,285.0,0,0.0,0.0,,0.0,normalDay
2019-07-10,2646.0,17.0,0.0,0,298.61,0.0,1,0.47,0.3,SPY190726P00285000,285.0,0,0.0,0.0,,0.0,normalDay
2019-07-11,2646.0,20.0,0.0,0,299.31,0.0,1,0.47,0.27,SPY190726P00285000,285.0,0,0.0,0.0,,0.0,normalDay
2019-07-12,2646.0,29.0,0.0,0,300.65,0.0,1,0.47,0.18,SPY190726P00285000,285.0,0,0.0,0.0,,0.0,normalDay
2019-07-15,2646.0,29.0,0.0,0,300.75,0.0,1,0.47,0.18,SPY190726P00285000,285.0,0,0.0,0.0,,0.0,normalDay
2019-07-16,2646.0,27.0,0.0,0,299.78,0.0,1,0.47,0.2,SPY190726P00285000,285.0,0,0.0,0.0,,0.0,normalDay
2019-07-17,2646.0,20.0,0.0,0,297.74,0.0,1,0.47,0.27,SPY190726P00285000,285.0,0,0.0,0.0,,0.0,normalDay
2019-07-18,2646.0,31.0,0.0,0,298.83,0.0,1,0.47,0.16,SPY190726P00285000,285.0,0,0.0,0.0,,0.0,normalDay
2019-07-19,2646.0,34.0,0.0,0,297.17,0.0,1,0.47,0.13,SPY190726P00285000,285.0,0,0.0,0.0,,0.0,normalDay
2019-07-22,2646.0,42.0,0.0,0,297.9,0.0,1,0.47,0.05,SPY190726P00285000,285.0,0,0.0,0.0,,0.0,normalDay
2019-07-23,2646.0,45.0,0.0,0,300.03,0.0,1,0.47,0.02,SPY190726P00285000,285.0,0,0.0,0.0,,0.0,normalDay
2019-07-24,2646.0,45.0,0.0,0,301.44,0.0,1,0.47,0.02,SPY190726P00285000,285.0,0,0.0,0.0,,0.0,normalDay
2019-07-25,2646.0,46.0,0.0,0,300.0,0.0,1,0.47,0.01,SPY190726P00285000,285.0,0,0.0,0.0,,0.0,normalDay
2019-07-26,2693.0,0.0,47.0,0,302.01,0.0,1,0.47,0.0,SPY190726P00285000,285.0,0,0.0,0.0,,0.0,expirationDay
2019-07-29,2693.0,-3.0,0.0,0,301.46,0.0,1,0.91,0.94,SPY190816P00294000,294.0,0,0.0,0.0,,0.0,normalDay
2019-07-30,2693.0,-33.0,0.0,0,300.72,0.0,1,0.91,1.24,SPY190816P00294000,294.0,0,0.0,0.0,,0.0,normalDay
2019-07-31,2693.0,-136.0,0.0,0,297.43,0.0,1,0.91,2.27,SPY190816P00294000,294.0,0,0.0,0.0,,0.0,normalDay
2019-08-01,2693.0,-244.0,0.0,0,294.84,0.0,1,0.91,3.35,SPY190816P00294000,294.0,0,0.0,0.0,,0.0,normalDay
2019-08-02,2693.0,-317.0,0.0,0,292.62,0.0,1,0.91,4.08,SPY190816P00294000,294.0,0,0.0,0.0,,0.0,normalDay
2019-08-05,2693.0,-1037.0,0.0,0,283.82,0.0,1,0.91,11.28,SPY190816P00294000,294.0,0,0.0,0.0,,0.0,normalDay
2019-08-06,2693.0,-611.0,0.0,0,287.8,0.0,1,0.91,7.02,SPY190816P00294000,294.0,0,0.0,0.0,,0.0,normalDay
2019-08-07,2693.0,-585.0,0.0,0,287.97,0.0,1,0.91,6.76,SPY190816P00294000,294.0,0,0.0,0.0,,0.0,normalDay
2019-08-08,2693.0,-177.0,0.0,0,293.62,0.0,1,0.91,2.68,SPY190816P00294000,294.0,0,0.0,0.0,,0.0,normalDay
2019-08-09,2693.0,-269.0,0.0,0,291.62,0.0,1,0.91,3.6,SPY190816P00294000,294.0,0,0.0,0.0,,0.0,normalDay
2019-08-12,2693.0,-556.0,0.0,0,288.07,0.0,1,0.91,6.47,SPY190816P00294000,294.0,0,0.0,0.0,,0.0,normalDay
2019-08-13,2693.0,-169.0,0.0,0,292.55,0.0,1,0.91,2.6,SPY190816P00294000,294.0,0,0.0,0.0,,0.0,normalDay
2019-08-14,2693.0,-912.0,0.0,0,283.9,0.0,1,0.91,10.03,SPY190816P00294000,294.0,0,0.0,0.0,,0.0,normalDay
2019-08-15,2693.0,-833.0,0.0,0,284.65,0.0,1,0.91,9.24,SPY190816P00294000,294.0,0,0.0,0.0,,0.0,normalDay
2019-08-16,2784.0,-515.0,91.0,100,288.85,294.0,1,0.91,0.0,SPY190816P00294000,294.0,0,0.0,0.0,,0.0,expirationDay
2019-08-19,2784.0,-167.0,0.0,100,292.33,294.0,0,0.0,0.0,,0.0,0,0.0,0.0,,0.0,bidTooLow
2019-08-20,2784.0,-391.0,0.0,100,290.09,294.0,0,0.0,0.0,,0.0,0,0.0,0.0,,0.0,bidTooLow
2019-08-21,2784.0,-155.0,0.0,100,292.45,294.0,0,0.0,0.0,,0.0,0,0.0,0.0,,0.0,bidTooLow
2019-08-22,2784.0,-164.0,0.0,100,292.36,294.0,0,0.0,0.0,,0.0,0,0.0,0.0,,0.0,bidTooLow
2019-08-23,2784.0,-915.0,0.0,100,284.85,294.0,0,0.0,0.0,,0.0,0,0.0,0.0,,0.0,bidTooLow
2019-08-26,2784.0,-600.0,0.0,100,288.0,294.0,0,0.0,0.0,,0.0,0,0.0,0.0,,0.0,bidTooLow
2019-08-27,2784.0,-716.0,0.0,100,286.87,294.0,0,0.0,0.0,,0.0,1,0.01,0.04,SPY190830C00296500,296.5,normalDay
2019-08-28,2784.0,-512.0,0.0,100,288.89,294.0,0,0.0,0.0,,0.0,1,0.01,0.02,SPY190830C00296500,296.5,normalDay
2019-08-29,2784.0,-145.0,0.0,100,292.58,294.0,0,0.0,0.0,,0.0,1,0.01,0.04,SPY190830C00296500,296.5,normalDay
2019-08-30,2785.0,-155.0,1.0,100,292.45,294.0,0,0.0,0.0,,0.0,1,0.01,0.0,SPY190830C00296500,296.5,expirationDay
2019-09-03,2785.0,-329.0,0.0,100,290.74,294.0,0,0.0,0.0,,0.0,1,0.33,0.36,SPY190906C00295000,295.0,normalDay
2019-09-04,2785.0,-50.0,0.0,100,294.04,294.0,0,0.0,0.0,,0.0,1,0.33,0.87,SPY190906C00295000,295.0,normalDay
2019-09-05,2785.0,141.0,0.0,100,297.82,294.0,0,0.0,0.0,,0.0,1,0.33,2.74,SPY190906C00295000,295.0,normalDay
2019-09-06,2918.0,141.0,133.0,0,298.05,0.0,0,0.0,0.0,,0.0,1,0.33,0.0,SPY190906C00295000,295.0,expirationDay
2019-09-09,2918.0,-4.0,0.0,0,298.2,0.0,1,0.53,0.57,SPY190927P00280000,280.0,0,0.0,0.0,,0.0,normalDay
2019-09-10,2918.0,2.0,0.0,0,298.13,0.0,1,0.53,0.51,SPY190927P00280000,280.0,0,0.0,0.0,,0.0,normalDay
2019-09-11,2918.0,19.0,0.0,0,300.25,0.0,1,0.53,0.34,SPY190927P00280000,280.0,0,0.0,0.0,,0.0,normalDay
2019-09-12,2918.0,26.0,0.0,0,301.29,0.0,1,0.53,0.27,SPY190927P00280000,280.0,0,0.0,0.0,,0.0,normalDay
2019-09-13,2918.0,30.0,0.0,0,301.09,0.0,1,0.53,0.23,SPY190927P00280000,280.0,0,0.0,0.0,,0.0,normalDay
2019-09-16,2918.0,31.0,0.0,0,300.16,0.0,1,0.53,0.22,SPY190927P00280000,280.0,0,0.0,0.0,,0.0,normalDay
2019-09-17,2918.0,33.0,0.0,0,300.92,0.0,1,0.53,0.2,SPY190927P00280000,280.0,0,0.0,0.0,,0.0,normalDay
2019-09-18,2918.0,37.0,0.0,0,301.1,0.0,1,0.53,0.16,SPY190927P00280000,280.0,0,0.0,0.0,,0.0,normalDay
2019-09-19,2918.0,40.0,0.0,0,301.08,0.0,1,0.53,0.13,SPY190927P00280000,280.0,0,0.0,0.0,,0.0,normalDay
2019-09-20,2918.0,41.0,0.0,0,298.28,0.0,1,0.53,0.12,SPY190927P00280000,280.0,0,0.0,0.0,,0.0,normalDay
2019-09-23,2918.0,49.0,0.0,0,298.21,0.0,1,0.53,0.04,SPY190927P00280000,280.0,0,0.0,0.0,,0.0,normalDay
2019-09-24,2918.0,45.0,0.0,0,295.87,0.0,1,0.53,0.08,SPY190927P00280000,280.0,0,0.0,0.0,,0.0,normalDay
2019-09-25,2918.0,50.0,0.0,0,297.62,0.0,1,0.53,0.03,SPY190927P00280000,280.0,0,0.0,0.0,,0.0,normalDay
2019-09-26,2918.0,52.0,0.0,0,297.0,0.0,1,0.53,0.01,SPY190927P00280000,280.0,0,0.0,0.0,,0.0,normalDay
2019-09-27,2971.0,0.0,53.0,0,295.4,0.0,1,0.53,0.0,SPY190927P00280000,280.0,0,0.0,0.0,,0.0,expirationDay
2019-09-30,2971.0,-3.0,0.0,0,296.77,0.0,1,1.97,2.0,SPY191018P00291000,291.0,0,0.0,0.0,,0.0,normalDay
2019-10-01,2971.0,-146.0,0.0,0,293.24,0.0,1,1.97,3.43,SPY191018P00291000,291.0,0,0.0,0.0,,0.0,normalDay
2019-10-02,2971.0,-430.0,0.0,0,288.06,0.0,1,1.97,6.27,SPY191018P00291000,291.0,0,0.0,0.0,,0.0,normalDay
2019-10-03,2971.0,-247.0,0.0,0,290.42,0.0,1,1.97,4.44,SPY191018P00291000,291.0,0,0.0,0.0,,0.0,normalDay
2019-10-04,2971.0,-46.0,0.0,0,294.35,0.0,1,1.97,2.43,SPY191018P00291000,291.0,0,0.0,0.0,,0.0,normalDay
2019-10-07,2971.0,-72.0,0.0,0,293.08,0.0,1,1.97,2.69,SPY191018P00291000,291.0,0,0.0,0.0,,0.0,normalDay
2019-10-08,2971.0,-292.0,0.0,0,288.53,0.0,1,1.97,4.89,SPY191018P00291000,291.0,0,0.0,0.0,,0.0,normalDay
2019-10-09,2971.0,-127.0,0.0,0,291.27,0.0,1,1.97,3.24,SPY191018P00291000,291.0,0,0.0,0.0,,0.0,normalDay
2019-10-10,2971.0,-17.0,0.0,0,293.24,0.0,1,1.97,2.14,SPY191018P00291000,291.0,0,0.0,0.0,,0.0,normalDay
2019-10-11,2971.0,107.0,0.0,0,296.28,0.0,1,1.97,0.9,SPY191018P00291000,291.0,0,0.0,0.0,,0.0,normalDay
2019-10-14,2971.0,145.0,0.0,0,295.95,0.0,1,1.97,0.52,SPY191018P00291000,291.0,0,0.0,0.0,,0.0,normalDay
2019-10-15,2971.0,182.0,0.0,0,298.88,0.0,1,1.97,0.15,SPY191018P00291000,291.0,0,0.0,0.0,,0.0,normalDay
2019-10-16,2971.0,189.0,0.0,0,298.4,0.0,1,1.97,0.08,SPY191018P00291000,291.0,0,0.0,0.0,,0.0,normalDay
2019-10-17,2971.0,194.0,0.0,0,299.28,0.0,1,1.97,0.03,SPY191018P00291000,291.0,0,0.0,0.0,,0.0,normalDay
2019-10-18,3168.0,0.0,197.0,0,297.97,0.0,1,1.97,0.0,SPY191018P00291000,291.0,0,0.0,0.0,,0.0,expirationDay
2019-10-21,3168.0,-3.0,0.0,0,299.99,0.0,1,0.51,0.54,SPY191108P00286000,286.0,0,0.0,0.0,,0.0,normalDay
2019-10-22,3168.0,-11.0,0.0,0,299.01,0.0,1,0.51,0.62,SPY191108P00286000,286.0,0,0.0,0.0,,0.0,normalDay
2019-10-23,3168.0,8.0,0.0,0,299.88,0.0,1,0.51,0.43,SPY191108P00286000,286.0,0,0.0,0.0,,0.0,normalDay
2019-10-24,3168.0,18.0,0.0,0,300.37,0.0,1,0.51,0.33,SPY191108P00286000,286.0,0,0.0,0.0,,0.0,normalDay
2019-10-25,3168.0,32.0,0.0,0,301.6,0.0,1,0.51,0.19,SPY191108P00286000,286.0,0,0.0,0.0,,0.0,normalDay
2019-10-28,3168.0,38.0,0.0,0,303.3,0.0,1,0.51,0.13,SPY191108P00286000,286.0,0,0.0,0.0,,0.0,normalDay
2019-10-29,3168.0,40.0,0.0,0,303.21,0.0,1,0.51,0.11,SPY191108P00286000,286.0,0,0.0,0.0,,0.0,normalDay
2019-10-30,3168.0,44.0,0.0,0,304.14,0.0,1,0.51,0.07,SPY191108P00286000,286.0,0,0.0,0.0,,0.0,normalDay
2019-10-31,3168.0,43.0,0.0,0,303.33,0.0,1,0.51,0.08,SPY191108P00286000,286.0,0,0.0,0.0,,0.0,normalDay
2019-11-01,3168.0,48.0,0.0,0,306.14,0.0,1,0.51,0.03,SPY191108P00286000,286.0,0,0.0,0.0,,0.0,normalDay
2019-11-04,3168.0,49.0,0.0,0,307.37,0.0,1,0.51,0.02,SPY191108P00286000,286.0,0,0.0,0.0,,0.0,normalDay
2019-11-05,3168.0,50.0,0.0,0,307.03,0.0,1,0.51,0.01,SPY191108P00286000,286.0,0,0.0,0.0,,0.0,normalDay
2019-11-06,3168.0,50.0,0.0,0,307.1,0.0,1,0.51,0.01,SPY191108P00286000,286.0,0,0.0,0.0,,0.0,normalDay
2019-11-07,3168.0,50.0,0.0,0,308.18,0.0,1,0.51,0.01,SPY191108P00286000,286.0,0,0.0,0.0,,0.0,normalDay
2019-11-08,3219.0,0.0,51.0,0,308.94,0.0,1,0.51,0.0,SPY191108P00286000,286.0,0,0.0,0.0,,0.0,expirationDay
2019-11-11,3219.0,-4.0,0.0,0,308.35,0.0,1,0.29,0.33,SPY191129P00294000,294.0,0,0.0,0.0,,0.0,normalDay
2019-11-12,3219.0,-1.0,0.0,0,309.0,0.0,1,0.29,0.3,SPY191129P00294000,294.0,0,0.0,0.0,,0.0,normalDay
2019-11-13,3219.0,1.0,0.0,0,309.1,0.0,1,0.29,0.28,SPY191129P00294000,294.0,0,0.0,0.0,,0.0,normalDay
2019-11-14,3219.0,3.0,0.0,0,309.55,0.0,1,0.29,0.26,SPY191129P00294000,294.0,0,0.0,0.0,,0.0,normalDay
2019-11-15,3219.0,15.0,0.0,0,311.79,0.0,1,0.29,0.14,SPY191129P00294000,294.0,0,0.0,0.0,,0.0,normalDay
2019-11-18,3219.0,18.0,0.0,0,312.02,0.0,1,0.29,0.11,SPY191129P00294000,294.0,0,0.0,0.0,,0.0,normalDay
2019-11-19,3219.0,19.0,0.0,0,311.93,0.0,1,0.29,0.1,SPY191129P00294000,294.0,0,0.0,0.0,,0.0,normalDay
2019-11-20,3219.0,17.0,0.0,0,310.77,0.0,1,0.29,0.12,SPY191129P00294000,294.0,0,0.0,0.0,,0.0,normalDay
2019-11-21,3219.0,20.0,0.0,0,310.27,0.0,1,0.29,0.09,SPY191129P00294000,294.0,0,0.0,0.0,,0.0,normalDay
2019-11-22,3219.0,25.0,0.0,0,310.96,0.0,1,0.29,0.04,SPY191129P00294000,294.0,0,0.0,0.0,,0.0,normalDay
2019-11-25,3219.0,27.0,0.0,0,313.37,0.0,1,0.29,0.02,SPY191129P00294000,294.0,0,0.0,0.0,,0.0,normalDay
2019-11-26,3219.0,27.0,0.0,0,314.08,0.0,1,0.29,0.02,SPY191129P00294000,294.0,0,0.0,0.0,,0.0,normalDay
2019-11-27,3219.0,28.0,0.0,0,315.48,0.0,1,0.29,0.01,SPY191129P00294000,294.0,0,0.0,0.0,,0.0,normalDay
2019-11-29,3248.0,0.0,29.0,0,314.31,0.0,1,0.29,0.0,SPY191129P00294000,294.0,0,0.0,0.0,,0.0,expirationDay
2019-12-02,3248.0,-3.0,0.0,0,311.64,0.0,1,1.92,1.95,SPY191220P00304000,304.0,0,0.0,0.0,,0.0,normalDay
2019-12-03,3248.0,-74.0,0.0,0,309.55,0.0,1,1.92,2.66,SPY191220P00304000,304.0,0,0.0,0.0,,0.0,normalDay
2019-12-04,3248.0,-4.0,0.0,0,311.46,0.0,1,1.92,1.96,SPY191220P00304000,304.0,0,0.0,0.0,,0.0,normalDay
2019-12-05,3248.0,35.0,0.0,0,312.02,0.0,1,1.92,1.57,SPY191220P00304000,304.0,0,0.0,0.0,,0.0,normalDay
2019-12-06,3248.0,102.0,0.0,0,314.87,0.0,1,1.92,0.9,SPY191220P00304000,304.0,0,0.0,0.0,,0.0,normalDay
2019-12-09,3248.0,75.0,0.0,0,313.88,0.0,1,1.92,1.17,SPY191220P00304000,304.0,0,0.0,0.0,,0.0,normalDay
2019-12-10,3248.0,93.0,0.0,0,313.53,0.0,1,1.92,0.99,SPY191220P00304000,304.0,0,0.0,0.0,,0.0,normalDay
2019-12-11,3248.0,119.0,0.0,0,314.42,0.0,1,1.92,0.73,SPY191220P00304000,304.0,0,0.0,0.0,,0.0,normalDay
2019-12-12,3248.0,149.0,0.0,0,317.13,0.0,1,1.92,0.43,SPY191220P00304000,304.0,0,0.0,0.0,,0.0,normalDay
2019-12-13,3248.0,165.0,0.0,0,317.32,0.0,1,1.92,0.27,SPY191220P00304000,304.0,0,0.0,0.0,,0.0,normalDay
2019-12-16,3248.0,181.0,0.0,0,319.5,0.0,1,1.92,0.11,SPY191220P00304000,304.0,0,0.0,0.0,,0.0,normalDay
2019-12-17,3248.0,186.0,0.0,0,319.57,0.0,1,1.92,0.06,SPY191220P00304000,304.0,0,0.0,0.0,,0.0,normalDay
2019-12-18,3248.0,188.0,0.0,0,319.59,0.0,1,1.92,0.04,SPY191220P00304000,304.0,0,0.0,0.0,,0.0,normalDay
2019-12-19,3248.0,189.0,0.0,0,320.9,0.0,1,1.92,0.03,SPY191220P00304000,304.0,0,0.0,0.0,,0.0,normalDay
2019-12-20,3440.0,0.0,192.0,0,320.73,0.0,1,1.92,0.0,SPY191220P00304000,304.0,0,0.0,0.0,,0.0,expirationDay
2019-12-23,3440.0,-3.0,0.0,0,321.22,0.0,1,0.51,0.54,SPY200110P00307000,307.0,0,0.0,0.0,,0.0,normalDay
2019-12-24,3440.0,2.0,0.0,0,321.23,0.0,1,0.51,0.49,SPY200110P00307000,307.0,0,0.0,0.0,,0.0,normalDay
2019-12-26,3440.0,18.0,0.0,0,322.94,0.0,1,0.51,0.33,SPY200110P00307000,307.0,0,0.0,0.0,,0.0,normalDay
2019-12-27,3440.0,17.0,0.0,0,322.86,0.0,1,0.51,0.34,SPY200110P00307000,307.0,0,0.0,0.0,,0.0,normalDay
2019-12-30,3440.0,11.0,0.0,0,321.08,0.0,1,0.51,0.4,SPY200110P00307000,307.0,0,0.0,0.0,,0.0,normalDay
2019-12-31,3440.0,21.0,0.0,0,321.86,0.0,1,0.51,0.3,SPY200110P00307000,307.0,0,0.0,0.0,,0.0,normalDay
2020-01-02,3440.0,43.0,0.0,0,324.87,0.0,1,0.51,0.08,SPY200110P00307000,307.0,0,0.0,0.0,,0.0,normalDay
2020-01-03,3440.0,39.0,0.0,0,322.41,0.0,1,0.51,0.12,SPY200110P00307000,307.0,0,0.0,0.0,,0.0,normalDay
2020-01-06,3440.0,48.0,0.0,0,323.64,0.0,1,0.51,0.03,SPY200110P00307000,307.0,0,0.0,0.0,,0.0,normalDay
2020-01-07,3440.0,48.0,0.0,0,322.73,0.0,1,0.51,0.03,SPY200110P00307000,307.0,0,0.0,0.0,,0.0,normalDay
2020-01-08,3440.0,47.0,0.0,0,324.45,0.0,1,0.51,0.04,SPY200110P00307000,307.0,0,0.0,0.0,,0.0,normalDay
2020-01-09,3440.0,50.0,0.0,0,326.65,0.0,1,0.51,0.01,SPY200110P00307000,307.0,0,0.0,0.0,,0.0,normalDay
2020-01-10,3491.0,0.0,51.0,0,325.71,0.0,1,0.51,0.0,SPY200110P00307000,307.0,0,0.0,0.0,,0.0,expirationDay
2020-01-13,3491.0,-3.0,0.0,0,327.95,0.0,1,0.57,0.6,SPY200131P00316000,316.0,0,0.0,0.0,,0.0,normalDay
2020-01-14,3491.0,0.0,0.0,0,327.45,0.0,1,0.57,0.57,SPY200131P00316000,316.0,0,0.0,0.0,,0.0,normalDay
2020-01-15,3491.0,11.0,0.0,0,328.19,0.0,1,0.57,0.46,SPY200131P00316000,316.0,0,0.0,0.0,,0.0,normalDay
2020-01-16,3491.0,26.0,0.0,0,330.92,0.0,1,0.57,0.31,SPY200131P00316000,316.0,0,0.0,0.0,,0.0,normalDay
2020-01-17,3491.0,35.0,0.0,0,331.95,0.0,1,0.57,0.22,SPY200131P00316000,316.0,0,0.0,0.0,,0.0,normalDay
2020-01-21,3491.0,37.0,0.0,0,331.3,0.0,1,0.57,0.2,SPY200131P00316000,316.0,0,0.0,0.0,,0.0,normalDay
2020-01-22,3491.0,44.0,0.0,0,331.34,0.0,1,0.57,0.13,SPY200131P00316000,316.0,0,0.0,0.0,,0.0,normalDay
2020-01-23,3491.0,45.0,0.0,0,331.72,0.0,1,0.57,0.12,SPY200131P00316000,316.0,0,0.0,0.0,,0.0,normalDay
2020-01-24,3491.0,30.0,0.0,0,328.77,0.0,1,0.57,0.27,SPY200131P00316000,316.0,0,0.0,0.0,,0.0,normalDay
2020-01-27,3491.0,-36.0,0.0,0,323.5,0.0,1,0.57,0.93,SPY200131P00316000,316.0,0,0.0,0.0,,0.0,normalDay
2020-01-28,3491.0,36.0,0.0,0,326.89,0.0,1,0.57,0.21,SPY200131P00316000,316.0,0,0.0,0.0,,0.0,normalDay
2020-01-29,3491.0,48.0,0.0,0,326.62,0.0,1,0.57,0.09,SPY200131P00316000,316.0,0,0.0,0.0,,0.0,normalDay
2020-01-30,3491.0,54.0,0.0,0,327.68,0.0,1,0.57,0.03,SPY200131P00316000,316.0,0,0.0,0.0,,0.0,normalDay
2020-01-31,3548.0,0.0,57.0,0,321.73,0.0,1,0.57,0.0,SPY200131P00316000,316.0,0,0.0,0.0,,0.0,expirationDay
2020-02-03,3548.0,-4.0,0.0,0,324.12,0.0,1,2.96,3.0,SPY200221P00319000,319.0,0,0.0,0.0,,0.0,normalDay
2020-02-04,3548.0,168.0,0.0,0,329.06,0.0,1,2.96,1.28,SPY200221P00319000,319.0,0,0.0,0.0,,0.0,normalDay
2020-02-05,3548.0,232.0,0.0,0,332.86,0.0,1,2.96,0.64,SPY200221P00319000,319.0,0,0.0,0.0,,0.0,normalDay
2020-02-06,3548.0,241.0,0.0,0,333.98,0.0,1,2.96,0.55,SPY200221P00319000,319.0,0,0.0,0.0,,0.0,normalDay
2020-02-07,3548.0,230.0,0.0,0,332.2,0.0,1,2.96,0.66,SPY200221P00319000,319.0,0,0.0,0.0,,0.0,normalDay
2020-02-10,3548.0,263.0,0.0,0,334.68,0.0,1,2.96,0.33,SPY200221P00319000,319.0,0,0.0,0.0,,0.0,normalDay
2020-02-11,3548.0,269.0,0.0,0,335.26,0.0,1,2.96,0.27,SPY200221P00319000,319.0,0,0.0,0.0,,0.0,normalDay
2020-02-12,3548.0,284.0,0.0,0,337.42,0.0,1,2.96,0.12,SPY200221P00319000,319.0,0,0.0,0.0,,0.0,normalDay
2020-02-13,3548.0,283.0,0.0,0,337.06,0.0,1,2.96,0.13,SPY200221P00319000,319.0,0,0.0,0.0,,0.0,normalDay
2020-02-14,3548.0,290.0,0.0,0,337.6,0.0,1,2.96,0.06,SPY200221P00319000,319.0,0,0.0,0.0,,0.0,normalDay
2020-02-18,3548.0,292.0,0.0,0,336.73,0.0,1,2.96,0.04,SPY200221P00319000,319.0,0,0.0,0.0,,0.0,normalDay
2020-02-19,3548.0,293.0,0.0,0,338.34,0.0,1,2.96,0.03,SPY200221P00319000,319.0,0,0.0,0.0,,0.0,normalDay
2020-02-20,3548.0,294.0,0.0,0,336.95,0.0,1,2.96,0.02,SPY200221P00319000,319.0,0,0.0,0.0,,0.0,normalDay
2020-02-21,3844.0,0.0,296.0,0,333.48,0.0,1,2.96,0.0,SPY200221P00319000,319.0,0,0.0,0.0,,0.0,expirationDay
2020-02-24,3844.0,-7.0,0.0,0,322.42,0.0,1,5.18,5.25,SPY200313P00317500,317.5,0,0.0,0.0,,0.0,normalDay
2020-02-25,3844.0,-408.0,0.0,0,312.65,0.0,1,5.18,9.26,SPY200313P00317500,317.5,0,0.0,0.0,,0.0,normalDay
2020-02-26,3844.0,-500.0,0.0,0,311.5,0.0,1,5.18,10.18,SPY200313P00317500,317.5,0,0.0,0.0,,0.0,normalDay
2020-02-27,3844.0,-1719.0,0.0,0,297.51,0.0,1,5.18,22.37,SPY200313P00317500,317.5,0,0.0,0.0,,0.0,normalDay
2020-02-28,3844.0,-1643.0,0.0,0,296.26,0.0,1,5.18,21.61,SPY200313P00317500,317.5,0,0.0,0.0,,0.0,normalDay
2020-03-02,3844.0,-577.0,0.0,0,309.09,0.0,1,5.18,10.95,SPY200313P00317500,317.5,0,0.0,0.0,,0.0,normalDay
2020-03-03,3844.0,-1205.0,0.0,0,300.24,0.0,1,5.18,17.23,SPY200313P00317500,317.5,0,0.0,0.0,,0.0,normalDay
2020-03-04,3844.0,-351.0,0.0,0,312.86,0.0,1,5.18,8.69,SPY200313P00317500,317.5,0,0.0,0.0,,0.0,normalDay
2020-03-05,3844.0,-1152.0,0.0,0,302.46,0.0,1,5.18,16.7,SPY200313P00317500,317.5,0,0.0,0.0,,0.0,normalDay
2020-03-06,3844.0,-1607.0,0.0,0,297.46,0.0,1,5.18,21.25,SPY200313P00317500,317.5,0,0.0,0.0,,0.0,normalDay
2020-03-09,3844.0,-3892.0,0.0,0,274.23,0.0,1,5.18,44.1,SPY200313P00317500,317.5,0,0.0,0.0,,0.0,normalDay
2020-03-10,3844.0,-2467.0,0.0,0,288.42,0.0,1,5.18,29.85,SPY200313P00317500,317.5,0,0.0,0.0,,0.0,normalDay
2020-03-11,3844.0,-3874.0,0.0,0,274.36,0.0,1,5.18,43.92,SPY200313P00317500,317.5,0,0.0,0.0,,0.0,normalDay
2020-03-12,3844.0,-6417.0,0.0,0,248.11,0.0,1,5.18,69.35,SPY200313P00317500,317.5,0,0.0,0.0,,0.0,normalDay
2020-03-13,4362.0,-4818.0,518.0,100,269.32,317.5,1,5.18,0.0,SPY200313P00317500,317.5,0,0.0,0.0,,0.0,expirationDay
2020-03-16,4362.0,-7765.0,0.0,100,239.85,317.5,0,0.0,0.0,,0.0,0,0.0,0.0,,0.0,bidTooLow
2020-03-17,4362.0,-6470.0,0.0,100,252.8,317.5,0,0.0,0.0,,0.0,0,0.0,0.0,,0.0,bidTooLow
2020-03-18,4362.0,-7750.0,0.0,100,240.0,317.5,0,0.0,0.0,,0.0,0,0.0,0.0,,0.0,bidTooLow
2020-03-19,4362.0,-7699.0,0.0,100,240.51,317.5,0,0.0,0.0,,0.0,0,0.0,0.0,,0.0,bidTooLow
2020-03-20,4362.0,-8870.0,0.0,100,228.8,317.5,0,0.0,0.0,,0.0,0,0.0,0.0,,0.0,bidTooLow
2020-03-23,4362.0,-9455.0,0.0,100,222.95,317.5,0,0.0,0.0,,0.0,0,0.0,0.0,,0.0,bidTooLow
2020-03-24,4362.0,-7435.0,0.0,100,243.15,317.5,0,0.0,0.0,,0.0,0,0.0,0.0,,0.0,bidTooLow
2020-03-25,4362.0,-7071.0,0.0,100,246.79,317.5,0,0.0,0.0,,0.0,0,0.0,0.0,,0.0,bidTooLow
2020-03-26,4362.0,-5630.0,0.0,100,261.2,317.5,0,0.0,0.0,,0.0,0,0.0,0.0,,0.0,bidTooLow
2020-03-27,4362.0,-6408.0,0.0,100,253.42,317.5,0,0.0,0.0,,0.0,0,0.0,0.0,,0.0,bidTooLow
2020-03-30,4362.0,-5585.0,0.0,100,261.65,317.5,0,0.0,0.0,,0.0,0,0.0,0.0,,0.0,bidTooLow
2020-03-31,4362.0,-5975.0,0.0,100,257.75,317.5,0,0.0,0.0,,0.0,0,0.0,0.0,,0.0,bidTooLow
2020-04-01,4362.0,-7135.0,0.0,100,246.15,317.5,0,0.0,0.0,,0.0,0,0.0,0.0,,0.0,bidTooLow
2020-04-02,4362.0,-6567.0,0.0,100,251.83,317.5,0,0.0,0.0,,0.0,0,0.0,0.0,,0.0,bidTooLow
2020-04-03,4362.0,-6931.0,0.0,100,248.19,317.5,0,0.0,0.0,,0.0,0,0.0,0.0,,0.0,bidTooLow
2020-04-06,4362.0,-5268.0,0.0,100,264.86,317.5,0,0.0,0.0,,0.0,1,0.5,0.54,SPY200409C00278000,278.0,normalDay
2020-04-07,4362.0,-5228.0,0.0,100,265.13,317.5,0,0.0,0.0,,0.0,1,0.5,0.41,SPY200409C00278000,278.0,normalDay
2020-04-08,4362.0,-4420.0,0.0,100,274.03,317.5,0,0.0,0.0,,0.0,1,0.5,1.23,SPY200409C00278000,278.0,normalDay
2020-04-09,462.0,-4420.0,-3900.0,0,278.2,0.0,0,0.0,0.0,,0.0,1,0.5,0.0,SPY200409C00278000,278.0,expirationDay
2020-04-13,462.0,-4.0,0.0,0,275.66,0.0,1,0.39,0.43,SPY200501P00215000,215.0,0,0.0,0.0,,0.0,normalDay
2020-04-14,462.0,14.0,0.0,0,283.79,0.0,1,0.39,0.25,SPY200501P00215000,215.0,0,0.0,0.0,,0.0,normalDay
2020-04-15,462.0,7.0,0.0,0,277.76,0.0,1,0.39,0.32,SPY200501P00215000,215.0,0,0.0,0.0,,0.0,normalDay
2020-04-16,462.0,13.0,0.0,0,279.1,0.0,1,0.39,0.26,SPY200501P00215000,215.0,0,0.0,0.0,,0.0,normalDay
2020-04-17,462.0,25.0,0.0,0,286.64,0.0,1,0.39,0.14,SPY200501P00215000,215.0,0,0.0,0.0,,0.0,normalDay
2020-04-20,462.0,22.0,0.0,0,281.59,0.0,1,0.39,0.17,SPY200501P00215000,215.0,0,0.0,0.0,,0.0,normalDay
2020-04-21,462.0,22.0,0.0,0,273.04,0.0,1,0.39,0.17,SPY200501P00215000,215.0,0,0.0,0.0,,0.0,normalDay
2020-04-22,462.0,31.0,0.0,0,279.1,0.0,1,0.39,0.08,SPY200501P00215000,215.0,0,0.0,0.0,,0.0,normalDay
2020-04-23,462.0,33.0,0.0,0,279.08,0.0,1,0.39,0.06,SPY200501P00215000,215.0,0,0.0,0.0,,0.0,normalDay
2020-04-24,462.0,36.0,0.0,0,282.97,0.0,1,0.39,0.03,SPY200501P00215000,215.0,0,0.0,0.0,,0.0,normalDay
2020-04-27,462.0,38.0,0.0,0,287.05,0.0,1,0.39,0.01,SPY200501P00215000,215.0,0,0.0,0.0,,0.0,normalDay
2020-04-28,462.0,38.0,0.0,0,285.73,0.0,1,0.39,0.01,SPY200501P00215000,215.0,0,0.0,0.0,,0.0,normalDay
2020-04-29,462.0,38.0,0.0,0,293.21,0.0,1,0.39,0.01,SPY200501P00215000,215.0,0,0.0,0.0,,0.0,normalDay
2020-04-30,462.0,38.0,0.0,0,290.48,0.0,1,0.39,0.01,SPY200501P00215000,215.0,0,0.0,0.0,,0.0,normalDay
2020-05-01,501.0,0.0,39.0,0,282.79,0.0,1,0.39,0.0,SPY200501P00215000,215.0,0,0.0,0.0,,0.0,expirationDay
2020-05-04,501.0,-5.0,0.0,0,283.57,0.0,1,2.76,2.81,SPY200522P00262000,262.0,0,0.0,0.0,,0.0,normalDay
2020-05-05,501.0,78.0,0.0,0,286.19,0.0,1,2.76,1.98,SPY200522P00262000,262.0,0,0.0,0.0,,0.0,normalDay
2020-05-06,501.0,68.0,0.0,0,284.25,0.0,1,2.76,2.08,SPY200522P00262000,262.0,0,0.0,0.0,,0.0,normalDay
2020-05-07,501.0,155.0,0.0,0,287.68,0.0,1,2.76,1.21,SPY200522P00262000,262.0,0,0.0,0.0,,0.0,normalDay
2020-05-08,501.0,221.0,0.0,0,292.44,0.0,1,2.76,0.55,SPY200522P00262000,262.0,0,0.0,0.0,,0.0,normalDay
2020-05-11,501.0,235.0,0.0,0,292.5,0.0,1,2.76,0.41,SPY200522P00262000,262.0,0,0.0,0.0,,0.0,normalDay
2020-05-12,501.0,180.0,0.0,0,286.67,0.0,1,2.76,0.96,SPY200522P00262000,262.0,0,0.0,0.0,,0.0,normalDay
2020-05-13,501.0,168.0,0.0,0,281.6,0.0,1,2.76,1.08,SPY200522P00262000,262.0,0,0.0,0.0,,0.0,normalDay
2020-05-14,501.0,217.0,0.0,0,284.97,0.0,1,2.76,0.59,SPY200522P00262000,262.0,0,0.0,0.0,,0.0,normalDay
2020-05-15,501.0,245.0,0.0,0,286.28,0.0,1,2.76,0.31,SPY200522P00262000,262.0,0,0.0,0.0,,0.0,normalDay
2020-05-18,501.0,272.0,0.0,0,295.0,0.0,1,2.76,0.04,SPY200522P00262000,262.0,0,0.0,0.0,,0.0,normalDay
2020-05-19,501.0,273.0,0.0,0,291.97,0.0,1,2.76,0.03,SPY200522P00262000,262.0,0,0.0,0.0,,0.0,normalDay
2020-05-20,501.0,275.0,0.0,0,296.93,0.0,1,2.76,0.01,SPY200522P00262000,262.0,0,0.0,0.0,,0.0,normalDay
2020-05-21,501.0,275.0,0.0,0,294.88,0.0,1,2.76,0.01,SPY200522P00262000,262.0,0,0.0,0.0,,0.0,normalDay
2020-05-22,777.0,0.0,276.0,0,295.44,0.0,1,2.76,0.0,SPY200522P00262000,262.0,0,0.0,0.0,,0.0,expirationDay
2020-05-26,777.0,-4.0,0.0,0,299.08,0.0,1,1.4,1.44,SPY200612P00277000,277.0,0,0.0,0.0,,0.0,normalDay
2020-05-27,777.0,35.0,0.0,0,303.53,0.0,1,1.4,1.05,SPY200612P00277000,277.0,0,0.0,0.0,,0.0,normalDay
2020-05-28,777.0,37.0,0.0,0,302.97,0.0,1,1.4,1.03,SPY200612P00277000,277.0,0,0.0,0.0,,0.0,normalDay
2020-05-29,777.0,71.0,0.0,0,304.32,0.0,1,1.4,0.69,SPY200612P00277000,277.0,0,0.0,0.0,,0.0,normalDay
2020-06-01,777.0,87.0,0.0,0,305.55,0.0,1,1.4,0.53,SPY200612P00277000,277.0,0,0.0,0.0,,0.0,normalDay
2020-06-02,777.0,108.0,0.0,0,308.08,0.0,1,1.4,0.32,SPY200612P00277000,277.0,0,0.0,0.0,,0.0,normalDay
2020-06-03,777.0,123.0,0.0,0,312.18,0.0,1,1.4,0.17,SPY200612P00277000,277.0,0,0.0,0.0,,0.0,normalDay
2020-06-04,777.0,126.0,0.0,0,311.36,0.0,1,1.4,0.14,SPY200612P00277000,277.0,0,0.0,0.0,,0.0,normalDay
2020-06-05,777.0,134.0,0.0,0,319.34,0.0,1,1.4,0.06,SPY200612P00277000,277.0,0,0.0,0.0,,0.0,normalDay
2020-06-08,777.0,136.0,0.0,0,323.2,0.0,1,1.4,0.04,SPY200612P00277000,277.0,0,0.0,0.0,,0.0,normalDay
2020-06-09,777.0,136.0,0.0,0,320.79,0.0,1,1.4,0.04,SPY200612P00277000,277.0,0,0.0,0.0,,0.0,normalDay
2020-06-10,777.0,138.0,0.0,0,319.0,0.0,1,1.4,0.02,SPY200612P00277000,277.0,0,0.0,0.0,,0.0,normalDay
2020-06-11,777.0,128.0,0.0,0,300.61,0.0,1,1.4,0.12,SPY200612P00277000,277.0,0,0.0,0.0,,0.0,normalDay
2020-06-12,917.0,0.0,140.0,0,304.21,0.0,1,1.4,0.0,SPY200612P00277000,277.0,0,0.0,0.0,,0.0,expirationDay
2020-06-15,917.0,-5.0,0.0,0,307.05,0.0,1,2.36,2.41,SPY200702P00282000,282.0,0,0.0,0.0,,0.0,normalDay
2020-06-16,917.0,61.0,0.0,0,312.96,0.0,1,2.36,1.75,SPY200702P00282000,282.0,0,0.0,0.0,,0.0,normalDay
2020-06-17,917.0,80.0,0.0,0,311.66,0.0,1,2.36,1.56,SPY200702P00282000,282.0,0,0.0,0.0,,0.0,normalDay
2020-06-18,917.0,111.0,0.0,0,311.78,0.0,1,2.36,1.25,SPY200702P00282000,282.0,0,0.0,0.0,,0.0,normalDay
2020-06-19,917.0,87.0,0.0,0,308.64,0.0,1,2.36,1.49,SPY200702P00282000,282.0,0,0.0,0.0,,0.0,normalDay
2020-06-22,917.0,169.0,0.0,0,310.62,0.0,1,2.36,0.67,SPY200702P00282000,282.0,0,0.0,0.0,,0.0,normalDay
2020-06-23,917.0,189.0,0.0,0,312.05,0.0,1,2.36,0.47,SPY200702P00282000,282.0,0,0.0,0.0,,0.0,normalDay
2020-06-24,917.0,153.0,0.0,0,304.09,0.0,1,2.36,0.83,SPY200702P00282000,282.0,0,0.0,0.0,,0.0,normalDay
2020-06-25,917.0,199.0,0.0,0,307.35,0.0,1,2.36,0.37,SPY200702P00282000,282.0,0,0.0,0.0,,0.0,normalDay
2020-06-26,917.0,171.0,0.0,0,300.05,0.0,1,2.36,0.65,SPY200702P00282000,282.0,0,0.0,0.0,,0.0,normalDay
2020-06-29,917.0,222.0,0.0,0,304.46,0.0,1,2.36,0.14,SPY200702P00282000,282.0,0,0.0,0.0,,0.0,normalDay
2020-06-30,917.0,229.0,0.0,0,308.36,0.0,1,2.36,0.07,SPY200702P00282000,282.0,0,0.0,0.0,,0.0,normalDay
2020-07-01,917.0,234.0,0.0,0,310.52,0.0,1,2.36,0.02,SPY200702P00282000,282.0,0,0.0,0.0,,0.0,normalDay
2020-07-02,1153.0,0.0,236.0,0,312.23,0.0,1,2.36,0.0,SPY200702P00282000,282.0,0,0.0,0.0,,0.0,expirationDay
2020-07-06,1153.0,-4.0,0.0,0,317.05,0.0,1,1.61,1.65,SPY200724P00295000,295.0,0,0.0,0.0,,0.0,normalDay
2020-07-07,1153.0,-50.0,0.0,0,313.78,0.0,1,1.61,2.11,SPY200724P00295000,295.0,0,0.0,0.0,,0.0,normalDay
2020-07-08,1153.0,19.0,0.0,0,316.18,0.0,1,1.61,1.42,SPY200724P00295000,295.0,0,0.0,0.0,,0.0,normalDay
2020-07-09,1153.0,-4.0,0.0,0,314.38,0.0,1,1.61,1.65,SPY200724P00295000,295.0,0,0.0,0.0,,0.0,normalDay
2020-07-10,1153.0,71.0,0.0,0,317.59,0.0,1,1.61,0.9,SPY200724P00295000,295.0,0,0.0,0.0,,0.0,normalDay
2020-07-13,1153.0,10.0,0.0,0,314.84,0.0,1,1.61,1.51,SPY200724P00295000,295.0,0,0.0,0.0,,0.0,normalDay
2020-07-14,1153.0,82.0,0.0,0,318.92,0.0,1,1.61,0.79,SPY200724P00295000,295.0,0,0.0,0.0,,0.0,normalDay
2020-07-15,1153.0,122.0,0.0,0,321.85,0.0,1,1.61,0.39,SPY200724P00295000,295.0,0,0.0,0.0,,0.0,normalDay
2020-07-16,1153.0,121.0,0.0,0,320.79,0.0,1,1.61,0.4,SPY200724P00295000,295.0,0,0.0,0.0,,0.0,normalDay
2020-07-17,1153.0,148.0,0.0,0,321.72,0.0,1,1.61,0.13,SPY200724P00295000,295.0,0,0.0,0.0,,0.0,normalDay
2020-07-20,1153.0,158.0,0.0,0,324.32,0.0,1,1.61,0.03,SPY200724P00295000,295.0,0,0.0,0.0,,0.0,normalDay
2020-07-21,1153.0,159.0,0.0,0,325.01,0.0,1,1.61,0.02,SPY200724P00295000,295.0,0,0.0,0.0,,0.0,normalDay
2020-07-22,1153.0,159.0,0.0,0,326.86,0.0,1,1.61,0.02,SPY200724P00295000,295.0,0,0.0,0.0,,0.0,normalDay
2020-07-23,1153.0,160.0,0.0,0,322.96,0.0,1,1.61,0.01,SPY200724P00295000,295.0,0,0.0,0.0,,0.0,normalDay
2020-07-24,1314.0,0.0,161.0,0,320.88,0.0,1,1.61,0.0,SPY200724P00295000,295.0,0,0.0,0.0,,0.0,expirationDay
2020-07-27,1314.0,-4.0,0.0,0,323.22,0.0,1,1.42,1.46,SPY200814P00303000,303.0,0,0.0,0.0,,0.0,normalDay
2020-07-28,1314.0,-28.0,0.0,0,321.17,0.0,1,1.42,1.7,SPY200814P00303000,303.0,0,0.0,0.0,,0.0,normalDay
2020-07-29,1314.0,39.0,0.0,0,325.12,0.0,1,1.42,1.03,SPY200814P00303000,303.0,0,0.0,0.0,,0.0,normalDay
2020-07-30,1314.0,30.0,0.0,0,323.96,0.0,1,1.42,1.12,SPY200814P00303000,303.0,0,0.0,0.0,,0.0,normalDay
2020-07-31,1314.0,79.0,0.0,0,326.52,0.0,1,1.42,0.63,SPY200814P00303000,303.0,0,0.0,0.0,,0.0,normalDay
2020-08-03,1314.0,103.0,0.0,0,328.79,0.0,1,1.42,0.39,SPY200814P00303000,303.0,0,0.0,0.0,,0.0,normalDay
2020-08-04,1314.0,113.0,0.0,0,330.06,0.0,1,1.42,0.29,SPY200814P00303000,303.0,0,0.0,0.0,,0.0,normalDay
2020-08-05,1314.0,123.0,0.0,0,332.11,0.0,1,1.42,0.19,SPY200814P00303000,303.0,0,0.0,0.0,,0.0,normalDay
2020-08-06,1314.0,125.0,0.0,0,334.33,0.0,1,1.42,0.17,SPY200814P00303000,303.0,0,0.0,0.0,,0.0,normalDay
2020-08-07,1314.0,134.0,0.0,0,334.57,0.0,1,1.42,0.08,SPY200814P00303000,303.0,0,0.0,0.0,,0.0,normalDay
2020-08-10,1314.0,138.0,0.0,0,335.57,0.0,1,1.42,0.04,SPY200814P00303000,303.0,0,0.0,0.0,,0.0,normalDay
2020-08-11,1314.0,136.0,0.0,0,332.8,0.0,1,1.42,0.06,SPY200814P00303000,303.0,0,0.0,0.0,,0.0,normalDay
2020-08-12,1314.0,140.0,0.0,0,337.44,0.0,1,1.42,0.02,SPY200814P00303000,303.0,0,0.0,0.0,,0.0,normalDay
2020-08-13,1314.0,141.0,0.0,0,336.83,0.0,1,1.42,0.01,SPY200814P00303000,303.0,0,0.0,0.0,,0.0,normalDay
2020-08-14,1456.0,0.0,142.0,0,336.84,0.0,1,1.42,0.0,SPY200814P00303000,303.0,0,0.0,0.0,,0.0,expirationDay
2020-08-17,1456.0,-3.0,0.0,0,337.91,0.0,1,0.95,0.98,SPY200904P00315000,315.0,0,0.0,0.0,,0.0,normalDay
2020-08-18,1456.0,8.0,0.0,0,338.64,0.0,1,0.95,0.87,SPY200904P00315000,315.0,0,0.0,0.0,,0.0,normalDay
2020-08-19,1456.0,-6.0,0.0,0,337.23,0.0,1,0.95,1.01,SPY200904P00315000,315.0,0,0.0,0.0,,0.0,normalDay
2020-08-20,1456.0,9.0,0.0,0,338.28,0.0,1,0.95,0.86,SPY200904P00315000,315.0,0,0.0,0.0,,0.0,normalDay
2020-08-21,1456.0,29.0,0.0,0,339.48,0.0,1,0.95,0.66,SPY200904P00315000,315.0,0,0.0,0.0,,0.0,normalDay
2020-08-24,1456.0,58.0,0.0,0,342.92,0.0,1,0.95,0.37,SPY200904P00315000,315.0,0,0.0,0.0,,0.0,normalDay
2020-08-25,1456.0,68.0,0.0,0,344.12,0.0,1,0.95,0.27,SPY200904P00315000,315.0,0,0.0,0.0,,0.0,normalDay
2020-08-26,1456.0,74.0,0.0,0,347.57,0.0,1,0.95,0.21,SPY200904P00315000,315.0,0,0.0,0.0,,0.0,normalDay
2020-08-27,1456.0,79.0,0.0,0,348.33,0.0,1,0.95,0.16,SPY200904P00315000,315.0,0,0.0,0.0,,0.0,normalDay
2020-08-28,1456.0,89.0,0.0,0,350.58,0.0,1,0.95,0.06,SPY200904P00315000,315.0,0,0.0,0.0,,0.0,normalDay
2020-08-31,1456.0,88.0,0.0,0,349.31,0.0,1,0.95,0.07,SPY200904P00315000,315.0,0,0.0,0.0,,0.0,normalDay
2020-09-01,1456.0,92.0,0.0,0,352.6,0.0,1,0.95,0.03,SPY200904P00315000,315.0,0,0.0,0.0,,0.0,normalDay
2020-09-02,1456.0,92.0,0.0,0,357.7,0.0,1,0.95,0.03,SPY200904P00315000,315.0,0,0.0,0.0,,0.0,normalDay
2020-09-03,1456.0,89.0,0.0,0,345.39,0.0,1,0.95,0.06,SPY200904P00315000,315.0,0,0.0,0.0,,0.0,normalDay
2020-09-04,1551.0,0.0,95.0,0,342.57,0.0,1,0.95,0.0,SPY200904P00315000,315.0,0,0.0,0.0,,0.0,expirationDay
2020-09-08,1551.0,-10.0,0.0,0,333.21,0.0,1,5.51,5.61,SPY200925P00326000,326.0,0,0.0,0.0,,0.0,normalDay
2020-09-09,1551.0,214.0,0.0,0,339.79,0.0,1,5.51,3.37,SPY200925P00326000,326.0,0,0.0,0.0,,0.0,normalDay
2020-09-10,1551.0,88.0,0.0,0,333.89,0.0,1,5.51,4.63,SPY200925P00326000,326.0,0,0.0,0.0,,0.0,normalDay
2020-09-11,1551.0,148.0,0.0,0,334.06,0.0,1,5.51,4.03,SPY200925P00326000,326.0,0,0.0,0.0,,0.0,normalDay
2020-09-14,1551.0,355.0,0.0,0,338.46,0.0,1,5.51,1.96,SPY200925P00326000,326.0,0,0.0,0.0,,0.0,normalDay
2020-09-15,1551.0,405.0,0.0,0,340.17,0.0,1,5.51,1.46,SPY200925P00326000,326.0,0,0.0,0.0,,0.0,normalDay
2020-09-16,1551.0,403.0,0.0,0,338.82,0.0,1,5.51,1.48,SPY200925P00326000,326.0,0,0.0,0.0,,0.0,normalDay
2020-09-17,1551.0,375.0,0.0,0,335.84,0.0,1,5.51,1.76,SPY200925P00326000,326.0,0,0.0,0.0,,0.0,normalDay
2020-09-18,1551.0,319.0,0.0,0,330.65,0.0,1,5.51,2.32,SPY200925P00326000,326.0,0,0.0,0.0,,0.0,normalDay
2020-09-21,1551.0,238.0,0.0,0,326.97,0.0,1,5.51,3.13,SPY200925P00326000,326.0,0,0.0,0.0,,0.0,normalDay
2020-09-22,1551.0,400.0,0.0,0,330.3,0.0,1,5.51,1.51,SPY200925P00326000,326.0,0,0.0,0.0,,0.0,normalDay
2020-09-23,1551.0,98.0,0.0,0,322.64,0.0,1,5.51,4.53,SPY200925P00326000,326.0,0,0.0,0.0,,0.0,normalDay
2020-09-24,1551.0,242.0,0.0,0,323.5,0.0,1,5.51,3.09,SPY200925P00326000,326.0,0,0.0,0.0,,0.0,normalDay
2020-09-25,2102.0,0.0,551.0,0,328.73,0.0,1,5.51,0.0,SPY200925P00326000,326.0,0,0.0,0.0,,0.0,expirationDay
2020-09-28,2102.0,-3.0,0.0,0,334.19,0.0,1,1.72,1.75,SPY201016P00314000,314.0,0,0.0,0.0,,0.0,normalDay
2020-09-29,2102.0,-19.0,0.0,0,332.37,0.0,1,1.72,1.91,SPY201016P00314000,314.0,0,0.0,0.0,,0.0,normalDay
2020-09-30,2102.0,2.0,0.0,0,334.89,0.0,1,1.72,1.7,SPY201016P00314000,314.0,0,0.0,0.0,,0.0,normalDay
2020-10-01,2102.0,51.0,0.0,0,337.04,0.0,1,1.72,1.21,SPY201016P00314000,314.0,0,0.0,0.0,,0.0,normalDay
2020-10-02,2102.0,37.0,0.0,0,333.84,0.0,1,1.72,1.35,SPY201016P00314000,314.0,0,0.0,0.0,,0.0,normalDay
2020-10-05,2102.0,122.0,0.0,0,339.76,0.0,1,1.72,0.5,SPY201016P00314000,314.0,0,0.0,0.0,,0.0,normalDay
2020-10-06,2102.0,88.0,0.0,0,334.93,0.0,1,1.72,0.84,SPY201016P00314000,314.0,0,0.0,0.0,,0.0,normalDay
2020-10-07,2102.0,144.0,0.0,0,340.76,0.0,1,1.72,0.28,SPY201016P00314000,314.0,0,0.0,0.0,,0.0,normalDay
2020-10-08,2102.0,157.0,0.0,0,343.78,0.0,1,1.72,0.15,SPY201016P00314000,314.0,0,0.0,0.0,,0.0,normalDay
2020-10-09,2102.0,164.0,0.0,0,346.85,0.0,1,1.72,0.08,SPY201016P00314000,314.0,0,0.0,0.0,,0.0,normalDay
2020-10-12,2102.0,167.0,0.0,0,352.43,0.0,1,1.72,0.05,SPY201016P00314000,314.0,0,0.0,0.0,,0.0,normalDay
2020-10-13,2102.0,169.0,0.0,0,350.13,0.0,1,1.72,0.03,SPY201016P00314000,314.0,0,0.0,0.0,,0.0,normalDay
2020-10-14,2102.0,169.0,0.0,0,347.93,0.0,1,1.72,0.03,SPY201016P00314000,314.0,0,0.0,0.0,,0.0,normalDay
2020-10-15,2102.0,170.0,0.0,0,347.5,0.0,1,1.72,0.02,SPY201016P00314000,314.0,0,0.0,0.0,,0.0,normalDay
2020-10-16,2274.0,0.0,172.0,0,347.29,0.0,1,1.72,0.0,SPY201016P00314000,314.0,0,0.0,0.0,,0.0,expirationDay
2020-10-19,2274.0,-7.0,0.0,0,342.01,0.0,1,2.15,2.22,SPY201106P00317000,317.0,0,0.0,0.0,,0.0,normalDay
2020-10-20,2274.0,4.0,0.0,0,343.38,0.0,1,2.15,2.11,SPY201106P00317000,317.0,0,0.0,0.0,,0.0,normalDay
2020-10-21,2274.0,43.0,0.0,0,342.73,0.0,1,2.15,1.72,SPY201106P00317000,317.0,0,0.0,0.0,,0.0,normalDay
2020-10-22,2274.0,77.0,0.0,0,344.61,0.0,1,2.15,1.38,SPY201106P00317000,317.0,0,0.0,0.0,,0.0,normalDay
2020-10-23,2274.0,100.0,0.0,0,345.78,0.0,1,2.15,1.15,SPY201106P00317000,317.0,0,0.0,0.0,,0.0,normalDay
2020-10-26,2274.0,-1.0,0.0,0,339.39,0.0,1,2.15,2.16,SPY201106P00317000,317.0,0,0.0,0.0,,0.0,normalDay
2020-10-27,2274.0,-2.0,0.0,0,338.22,0.0,1,2.15,2.17,SPY201106P00317000,317.0,0,0.0,0.0,,0.0,normalDay
2020-10-28,2274.0,-353.0,0.0,0,326.66,0.0,1,2.15,5.68,SPY201106P00317000,317.0,0,0.0,0.0,,0.0,normalDay
2020-10-29,2274.0,-149.0,0.0,0,329.98,0.0,1,2.15,3.64,SPY201106P00317000,317.0,0,0.0,0.0,,0.0,normalDay
2020-10-30,2274.0,-206.0,0.0,0,326.54,0.0,1,2.15,4.21,SPY201106P00317000,317.0,0,0.0,0.0,,0.0,normalDay
2020-11-02,2274.0,-28.0,0.0,0,330.2,0.0,1,2.15,2.43,SPY201106P00317000,317.0,0,0.0,0.0,,0.0,normalDay
2020-11-03,2274.0,65.0,0.0,0,336.03,0.0,1,2.15,1.5,SPY201106P00317000,317.0,0,0.0,0.0,,0.0,normalDay
2020-11-04,2274.0,199.0,0.0,0,343.54,0.0,1,2.15,0.16,SPY201106P00317000,317.0,0,0.0,0.0,,0.0,normalDay
2020-11-05,2274.0,213.0,0.0,0,350.24,0.0,1,2.15,0.02,SPY201106P00317000,317.0,0,0.0,0.0,,0.0,normalDay
2020-11-06,2489.0,0.0,215.0,0,350.16,0.0,1,2.15,0.0,SPY201106P00317000,317.0,0,0.0,0.0,,0.0,expirationDay
2020-11-09,2489.0,-4.0,0.0,0,354.56,0.0,1,0.85,0.89,SPY201127P00321000,321.0,0,0.0,0.0,,0.0,normalDay
2020-11-10,2489.0,10.0,0.0,0,354.04,0.0,1,0.85,0.75,SPY201127P00321000,321.0,0,0.0,0.0,,0.0,normalDay
2020-11-11,2489.0,35.0,0.0,0,356.67,0.0,1,0.85,0.5,SPY201127P00321000,321.0,0,0.0,0.0,,0.0,normalDay
2020-11-12,2489.0,14.0,0.0,0,353.21,0.0,1,0.85,0.71,SPY201127P00321000,321.0,0,0.0,0.0,,0.0,normalDay
2020-11-13,2489.0,48.0,0.0,0,358.1,0.0,1,0.85,0.37,SPY201127P00321000,321.0,0,0.0,0.0,,0.0,normalDay
2020-11-16,2489.0,68.0,0.0,0,362.57,0.0,1,0.85,0.17,SPY201127P00321000,321.0,0,0.0,0.0,,0.0,normalDay
2020-11-17,2489.0,73.0,0.0,0,360.62,0.0,1,0.85,0.12,SPY201127P00321000,321.0,0,0.0,0.0,,0.0,normalDay
2020-11-18,2489.0,71.0,0.0,0,356.28,0.0,1,0.85,0.14,SPY201127P00321000,321.0,0,0.0,0.0,,0.0,normalDay
2020-11-19,2489.0,73.0,0.0,0,357.78,0.0,1,0.85,0.12,SPY201127P00321000,321.0,0,0.0,0.0,,0.0,normalDay
2020-11-20,2489.0,78.0,0.0,0,355.33,0.0,1,0.85,0.07,SPY201127P00321000,321.0,0,0.0,0.0,,0.0,normalDay
2020-11-23,2489.0,82.0,0.0,0,357.46,0.0,1,0.85,0.03,SPY201127P00321000,321.0,0,0.0,0.0,,0.0,normalDay
2020-11-24,2489.0,83.0,0.0,0,363.22,0.0,1,0.85,0.02,SPY201127P00321000,321.0,0,0.0,0.0,,0.0,normalDay
2020-11-25,2489.0,84.0,0.0,0,362.66,0.0,1,0.85,0.01,SPY201127P00321000,321.0,0,0.0,0.0,,0.0,normalDay
2020-11-27,2574.0,0.0,85.0,0,363.67,0.0,1,0.85,0.0,SPY201127P00321000,321.0,0,0.0,0.0,,0.0,expirationDay
2020-11-30,2574.0,-3.0,0.0,0,362.06,0.0,1,0.85,0.88,SPY201218P00332000,332.0,0,0.0,0.0,,0.0,normalDay
2020-12-01,2574.0,14.0,0.0,0,366.02,0.0,1,0.85,0.71,SPY201218P00332000,332.0,0,0.0,0.0,,0.0,normalDay
2020-12-02,2574.0,20.0,0.0,0,366.79,0.0,1,0.85,0.65,SPY201218P00332000,332.0,0,0.0,0.0,,0.0,normalDay
2020-12-03,2574.0,23.0,0.0,0,366.69,0.0,1,0.85,0.62,SPY201218P00332000,332.0,0,0.0,0.0,,0.0,normalDay
2020-12-04,2574.0,46.0,0.0,0,369.85,0.0,1,0.85,0.39,SPY201218P00332000,332.0,0,0.0,0.0,,0.0,normalDay
2020-12-07,2574.0,56.0,0.0,0,369.09,0.0,1,0.85,0.29,SPY201218P00332000,332.0,0,0.0,0.0,,0.0,normalDay
2020-12-08,2574.0,63.0,0.0,0,370.17,0.0,1,0.85,0.22,SPY201218P00332000,332.0,0,0.0,0.0,,0.0,normalDay
2020-12-09,2574.0,56.0,0.0,0,366.85,0.0,1,0.85,0.29,SPY201218P00332000,332.0,0,0.0,0.0,,0.0,normalDay
2020-12-10,2574.0,61.0,0.0,0,366.73,0.0,1,0.85,0.24,SPY201218P00332000,332.0,0,0.0,0.0,,0.0,normalDay
2020-12-11,2574.0,61.0,0.0,0,366.3,0.0,1,0.85,0.24,SPY201218P00332000,332.0,0,0.0,0.0,,0.0,normalDay
2020-12-14,2574.0,60.0,0.0,0,364.66,0.0,1,0.85,0.25,SPY201218P00332000,332.0,0,0.0,0.0,,0.0,normalDay
2020-12-15,2574.0,72.0,0.0,0,369.59,0.0,1,0.85,0.13,SPY201218P00332000,332.0,0,0.0,0.0,,0.0,normalDay
2020-12-16,2574.0,79.0,0.0,0,370.17,0.0,1,0.85,0.06,SPY201218P00332000,332.0,0,0.0,0.0,,0.0,normalDay
2020-12-17,2574.0,82.0,0.0,0,372.24,0.0,1,0.85,0.03,SPY201218P00332000,332.0,0,0.0,0.0,,0.0,normalDay
2020-12-18,2659.0,0.0,85.0,0,369.18,0.0,1,0.85,0.0,SPY201218P00332000,332.0,0,0.0,0.0,,0.0,expirationDay
2020-12-21,2659.0,-6.0,0.0,0,367.86,0.0,1,3.73,3.79,SPY210108P00358000,358.0,0,0.0,0.0,,0.0,normalDay
2020-12-22,2659.0,19.0,0.0,0,367.24,0.0,1,3.73,3.54,SPY210108P00358000,358.0,0,0.0,0.0,,0.0,normalDay
2020-12-23,2659.0,72.0,0.0,0,367.57,0.0,1,3.73,3.01,SPY210108P00358000,358.0,0,0.0,0.0,,0.0,normalDay
2020-12-24,2659.0,152.0,0.0,0,369.0,0.0,1,3.73,2.21,SPY210108P00358000,358.0,0,0.0,0.0,,0.0,normalDay
2020-12-28,2659.0,246.0,0.0,0,372.17,0.0,1,3.73,1.27,SPY210108P00358000,358.0,0,0.0,0.0,,0.0,normalDay
2020-12-29,2659.0,232.0,0.0,0,371.46,0.0,1,3.73,1.41,SPY210108P00358000,358.0,0,0.0,0.0,,0.0,normalDay
2020-12-30,2659.0,256.0,0.0,0,371.99,0.0,1,3.73,1.17,SPY210108P00358000,358.0,0,0.0,0.0,,0.0,normalDay
2020-12-31,2659.0,300.0,0.0,0,373.88,0.0,1,3.73,0.73,SPY210108P00358000,358.0,0,0.0,0.0,,0.0,normalDay
2021-01-04,2659.0,237.0,0.0,0,368.79,0.0,1,3.73,1.36,SPY210108P00358000,358.0,0,0.0,0.0,,0.0,normalDay
2021-01-05,2659.0,308.0,0.0,0,371.33,0.0,1,3.73,0.65,SPY210108P00358000,358.0,0,0.0,0.0,,0.0,normalDay
2021-01-06,2659.0,340.0,0.0,0,373.55,0.0,1,3.73,0.33,SPY210108P00358000,358.0,0,0.0,0.0,,0.0,normalDay
2021-01-07,2659.0,370.0,0.0,0,379.1,0.0,1,3.73,0.03,SPY210108P00358000,358.0,0,0.0,0.0,,0.0,normalDay
2021-01-08,3032.0,0.0,373.0,0,381.26,0.0,1,3.73,0.0,SPY210108P00358000,358.0,0,0.0,0.0,,0.0,expirationDay
2021-01-11,3032.0,-4.0,0.0,0,378.69,0.0,1,2.19,2.23,SPY210129P00360000,360.0,0,0.0,0.0,,0.0,normalDay
2021-01-12,3032.0,20.0,0.0,0,378.77,0.0,1,2.19,1.99,SPY210129P00360000,360.0,0,0.0,0.0,,0.0,normalDay
2021-01-13,3032.0,68.0,0.0,0,379.79,0.0,1,2.19,1.51,SPY210129P00360000,360.0,0,0.0,0.0,,0.0,normalDay
2021-01-14,3032.0,44.0,0.0,0,378.46,0.0,1,2.19,1.75,SPY210129P00360000,360.0,0,0.0,0.0,,0.0,normalDay
2021-01-15,3032.0,11.0,0.0,0,375.7,0.0,1,2.19,2.08,SPY210129P00360000,360.0,0,0.0,0.0,,0.0,normalDay
2021-01-19,3032.0,113.0,0.0,0,378.65,0.0,1,2.19,1.06,SPY210129P00360000,360.0,0,0.0,0.0,,0.0,normalDay
2021-01-20,3032.0,173.0,0.0,0,383.89,0.0,1,2.19,0.46,SPY210129P00360000,360.0,0,0.0,0.0,,0.0,normalDay
2021-01-21,3032.0,187.0,0.0,0,384.24,0.0,1,2.19,0.32,SPY210129P00360000,360.0,0,0.0,0.0,,0.0,normalDay
2021-01-22,3032.0,194.0,0.0,0,382.88,0.0,1,2.19,0.25,SPY210129P00360000,360.0,0,0.0,0.0,,0.0,normalDay
2021-01-25,3032.0,205.0,0.0,0,384.39,0.0,1,2.19,0.14,SPY210129P00360000,360.0,0,0.0,0.0,,0.0,normalDay
2021-01-26,3032.0,210.0,0.0,0,383.79,0.0,1,2.19,0.09,SPY210129P00360000,360.0,0,0.0,0.0,,0.0,normalDay
2021-01-27,3032.0,132.0,0.0,0,374.41,0.0,1,2.19,0.87,SPY210129P00360000,360.0,0,0.0,0.0,,0.0,normalDay
2021-01-28,3032.0,211.0,0.0,0,377.63,0.0,1,2.19,0.08,SPY210129P00360000,360.0,0,0.0,0.0,,0.0,normalDay
2021-01-29,3251.0,0.0,219.0,0,370.07,0.0,1,2.19,0.0,SPY210129P00360000,360.0,0,0.0,0.0,,0.0,expirationDay
2021-02-01,3251.0,-5.0,0.0,0,376.23,0.0,1,4.97,5.02,SPY210219P00366000,366.0,0,0.0,0.0,,0.0,normalDay
2021-02-02,3251.0,248.0,0.0,0,381.55,0.0,1,4.97,2.49,SPY210219P00366000,366.0,0,0.0,0.0,,0.0,normalDay
2021-02-03,3251.0,312.0,0.0,0,381.85,0.0,1,4.97,1.85,SPY210219P00366000,366.0,0,0.0,0.0,,0.0,normalDay
2021-02-04,3251.0,384.0,0.0,0,386.19,0.0,1,4.97,1.13,SPY210219P00366000,366.0,0,0.0,0.0,,0.0,normalDay
2021-02-05,3251.0,425.0,0.0,0,387.71,0.0,1,4.97,0.72,SPY210219P00366000,366.0,0,0.0,0.0,,0.0,normalDay
2021-02-08,3251.0,454.0,0.0,0,390.51,0.0,1,4.97,0.43,SPY210219P00366000,366.0,0,0.0,0.0,,0.0,normalDay
2021-02-09,3251.0,456.0,0.0,0,390.25,0.0,1,4.97,0.41,SPY210219P00366000,366.0,0,0.0,0.0,,0.0,normalDay
2021-02-10,3251.0,455.0,0.0,0,390.08,0.0,1,4.97,0.42,SPY210219P00366000,366.0,0,0.0,0.0,,0.0,normalDay
2021-02-11,3251.0,467.0,0.0,0,390.71,0.0,1,4.97,0.3,SPY210219P00366000,366.0,0,0.0,0.0,,0.0,normalDay
2021-02-12,3251.0,485.0,0.0,0,392.64,0.0,1,4.97,0.12,SPY210219P00366000,366.0,0,0.0,0.0,,0.0,normalDay
2021-02-16,3251.0,486.0,0.0,0,392.3,0.0,1,4.97,0.11,SPY210219P00366000,366.0,0,0.0,0.0,,0.0,normalDay
2021-02-17,3251.0,491.0,0.0,0,392.39,0.0,1,4.97,0.06,SPY210219P00366000,366.0,0,0.0,0.0,,0.0,normalDay
2021-02-18,3251.0,494.0,0.0,0,390.72,0.0,1,4.97,0.03,SPY210219P00366000,366.0,0,0.0,0.0,,0.0,normalDay
2021-02-19,3748.0,0.0,497.0,0,390.03,0.0,1,4.97,0.0,SPY210219P00366000,366.0,0,0.0,0.0,,0.0,expirationDay
2021-02-22,3748.0,-5.0,0.0,0,387.03,0.0,1,2.24,2.29,SPY210312P00369000,369.0,0,0.0,0.0,,0.0,normalDay
2021-02-23,3748.0,16.0,0.0,0,387.5,0.0,1,2.24,2.08,SPY210312P00369000,369.0,0,0.0,0.0,,0.0,normalDay
2021-02-24,3748.0,102.0,0.0,0,391.77,0.0,1,2.24,1.22,SPY210312P00369000,369.0,0,0.0,0.0,,0.0,normalDay
2021-02-25,3748.0,-157.0,0.0,0,382.33,0.0,1,2.24,3.81,SPY210312P00369000,369.0,0,0.0,0.0,,0.0,normalDay
2021-02-26,3748.0,-158.0,0.0,0,380.36,0.0,1,2.24,3.82,SPY210312P00369000,369.0,0,0.0,0.0,,0.0,normalDay
2021-03-01,3748.0,100.0,0.0,0,389.58,0.0,1,2.24,1.24,SPY210312P00369000,369.0,0,0.0,0.0,,0.0,normalDay
2021-03-02,3748.0,76.0,0.0,0,386.54,0.0,1,2.24,1.48,SPY210312P00369000,369.0,0,0.0,0.0,,0.0,normalDay
2021-03-03,3748.0,-5.0,0.0,0,381.42,0.0,1,2.24,2.29,SPY210312P00369000,369.0,0,0.0,0.0,,0.0,normalDay
2021-03-04,3748.0,-119.0,0.0,0,376.7,0.0,1,2.24,3.43,SPY210312P00369000,369.0,0,0.0,0.0,,0.0,normalDay
2021-03-05,3748.0,103.0,0.0,0,383.63,0.0,1,2.24,1.21,SPY210312P00369000,369.0,0,0.0,0.0,,0.0,normalDay
2021-03-08,3748.0,119.0,0.0,0,381.72,0.0,1,2.24,1.05,SPY210312P00369000,369.0,0,0.0,0.0,,0.0,normalDay
2021-03-09,3748.0,197.0,0.0,0,387.17,0.0,1,2.24,0.27,SPY210312P00369000,369.0,0,0.0,0.0,,0.0,normalDay
2021-03-10,3748.0,220.0,0.0,0,389.58,0.0,1,2.24,0.04,SPY210312P00369000,369.0,0,0.0,0.0,,0.0,normalDay
2021-03-11,3748.0,222.0,0.0,0,393.53,0.0,1,2.24,0.02,SPY210312P00369000,369.0,0,0.0,0.0,,0.0,normalDay
2021-03-12,3972.0,0.0,224.0,0,394.06,0.0,1,2.24,0.0,SPY210312P00369000,369.0,0,0.0,0.0,,0.0,expirationDay
2021-03-15,3972.0,-4.0,0.0,0,396.41,0.0,1,1.28,1.32,SPY210401P00375000,375.0,0,0.0,0.0,,0.0,normalDay
2021-03-16,3972.0,-4.0,0.0,0,395.91,0.0,1,1.28,1.32,SPY210401P00375000,375.0,0,0.0,0.0,,0.0,normalDay
2021-03-17,3972.0,30.0,0.0,0,397.26,0.0,1,1.28,0.98,SPY210401P00375000,375.0,0,0.0,0.0,,0.0,normalDay
2021-03-18,3972.0,-29.0,0.0,0,391.48,0.0,1,1.28,1.57,SPY210401P00375000,375.0,0,0.0,0.0,,0.0,normalDay
2021-03-19,3972.0,-23.0,0.0,0,389.48,0.0,1,1.28,1.51,SPY210401P00375000,375.0,0,0.0,0.0,,0.0,normalDay
2021-03-22,3972.0,64.0,0.0,0,392.59,0.0,1,1.28,0.64,SPY210401P00375000,375.0,0,0.0,0.0,,0.0,normalDay
2021-03-23,3972.0,32.0,0.0,0,389.5,0.0,1,1.28,0.96,SPY210401P00375000,375.0,0,0.0,0.0,,0.0,normalDay
2021-03-24,3972.0,21.0,0.0,0,387.52,0.0,1,1.28,1.07,SPY210401P00375000,375.0,0,0.0,0.0,,0.0,normalDay
2021-03-25,3972.0,73.0,0.0,0,389.7,0.0,1,1.28,0.55,SPY210401P00375000,375.0,0,0.0,0.0,,0.0,normalDay
2021-03-26,3972.0,106.0,0.0,0,395.98,0.0,1,1.28,0.22,SPY210401P00375000,375.0,0,0.0,0.0,,0.0,normalDay
2021-03-29,3972.0,116.0,0.0,0,395.78,0.0,1,1.28,0.12,SPY210401P00375000,375.0,0,0.0,0.0,,0.0,normalDay
2021-03-30,3972.0,124.0,0.0,0,394.73,0.0,1,1.28,0.04,SPY210401P00375000,375.0,0,0.0,0.0,,0.0,normalDay
2021-03-31,3972.0,126.0,0.0,0,396.33,0.0,1,1.28,0.02,SPY210401P00375000,375.0,0,0.0,0.0,,0.0,normalDay
2021-04-01,4100.0,0.0,128.0,0,400.61,0.0,1,1.28,0.0,SPY210401P00375000,375.0,0,0.0,0.0,,0.0,expirationDay
2021-04-05,4100.0,-4.0,0.0,0,406.36,0.0,1,0.74,0.78,SPY210423P00380000,380.0,0,0.0,0.0,,0.0,normalDay
2021-04-06,4100.0,0.0,0.0,0,406.12,0.0,1,0.74,0.74,SPY210423P00380000,380.0,0,0.0,0.0,,0.0,normalDay
2021-04-07,4100.0,19.0,0.0,0,406.59,0.0,1,0.74,0.55,SPY210423P00380000,380.0,0,0.0,0.0,,0.0,normalDay
2021-04-08,4100.0,33.0,0.0,0,408.52,0.0,1,0.74,0.41,SPY210423P00380000,380.0,0,0.0,0.0,,0.0,normalDay
2021-04-09,4100.0,48.0,0.0,0,411.49,0.0,1,0.74,0.26,SPY210423P00380000,380.0,0,0.0,0.0,,0.0,normalDay
2021-04-12,4100.0,58.0,0.0,0,411.64,0.0,1,0.74,0.16,SPY210423P00380000,380.0,0,0.0,0.0,,0.0,normalDay
2021-04-13,4100.0,62.0,0.0,0,412.86,0.0,1,0.74,0.12,SPY210423P00380000,380.0,0,0.0,0.0,,0.0,normalDay
2021-04-14,4100.0,62.0,0.0,0,411.45,0.0,1,0.74,0.12,SPY210423P00380000,380.0,0,0.0,0.0,,0.0,normalDay
2021-04-15,4100.0,65.0,0.0,0,415.87,0.0,1,0.74,0.09,SPY210423P00380000,380.0,0,0.0,0.0,,0.0,normalDay
2021-04-16,4100.0,70.0,0.0,0,417.26,0.0,1,0.74,0.04,SPY210423P00380000,380.0,0,0.0,0.0,,0.0,normalDay
2021-04-19,4100.0,72.0,0.0,0,415.21,0.0,1,0.74,0.02,SPY210423P00380000,380.0,0,0.0,0.0,,0.0,normalDay
2021-04-20,4100.0,71.0,0.0,0,412.17,0.0,1,0.74,0.03,SPY210423P00380000,380.0,0,0.0,0.0,,0.0,normalDay
2021-04-21,4100.0,73.0,0.0,0,416.07,0.0,1,0.74,0.01,SPY210423P00380000,380.0,0,0.0,0.0,,0.0,normalDay
2021-04-22,4100.0,73.0,0.0,0,412.27,0.0,1,0.74,0.01,SPY210423P00380000,380.0,0,0.0,0.0,,0.0,normalDay
2021-04-23,4174.0,0.0,74.0,0,416.74,0.0,1,0.74,0.0,SPY210423P00380000,380.0,0,0.0,0.0,,0.0,expirationDay
2021-04-26,4174.0,-4.0,0.0,0,417.61,0.0,1,0.73,0.77,SPY210514P00391000,391.0,0,0.0,0.0,,0.0,normalDay
2021-04-27,4174.0,2.0,0.0,0,417.52,0.0,1,0.73,0.71,SPY210514P00391000,391.0,0,0.0,0.0,,0.0,normalDay
2021-04-28,4174.0,18.0,0.0,0,417.4,0.0,1,0.73,0.55,SPY210514P00391000,391.0,0,0.0,0.0,,0.0,normalDay
2021-04-29,4174.0,27.0,0.0,0,420.06,0.0,1,0.73,0.46,SPY210514P00391000,391.0,0,0.0,0.0,,0.0,normalDay
2021-04-30,4174.0,16.0,0.0,0,417.3,0.0,1,0.73,0.57,SPY210514P00391000,391.0,0,0.0,0.0,,0.0,normalDay
2021-05-03,4174.0,34.0,0.0,0,418.2,0.0,1,0.73,0.39,SPY210514P00391000,391.0,0,0.0,0.0,,0.0,normalDay
2021-05-04,4174.0,25.0,0.0,0,415.62,0.0,1,0.73,0.48,SPY210514P00391000,391.0,0,0.0,0.0,,0.0,normalDay
2021-05-05,4174.0,31.0,0.0,0,415.75,0.0,1,0.73,0.42,SPY210514P00391000,391.0,0,0.0,0.0,,0.0,normalDay
2021-05-06,4174.0,50.0,0.0,0,419.07,0.0,1,0.73,0.23,SPY210514P00391000,391.0,0,0.0,0.0,,0.0,normalDay
2021-05-07,4174.0,58.0,0.0,0,422.12,0.0,1,0.73,0.15,SPY210514P00391000,391.0,0,0.0,0.0,,0.0,normalDay
2021-05-10,4174.0,54.0,0.0,0,417.94,0.0,1,0.73,0.19,SPY210514P00391000,391.0,0,0.0,0.0,,0.0,normalDay
2021-05-11,4174.0,55.0,0.0,0,414.21,0.0,1,0.73,0.18,SPY210514P00391000,391.0,0,0.0,0.0,,0.0,normalDay
2021-05-12,4174.0,15.0,0.0,0,405.41,0.0,1,0.73,0.58,SPY210514P00391000,391.0,0,0.0,0.0,,0.0,normalDay
2021-05-13,4174.0,70.0,0.0,0,410.28,0.0,1,0.73,0.03,SPY210514P00391000,391.0,0,0.0,0.0,,0.0,normalDay
2021-05-14,4247.0,0.0,73.0,0,416.58,0.0,1,0.73,0.0,SPY210514P00391000,391.0,0,0.0,0.0,,0.0,expirationDay
2021-05-17,4247.0,-4.0,0.0,0,415.52,0.0,1,3.19,3.23,SPY210604P00407000,407.0,0,0.0,0.0,,0.0,normalDay
2021-05-18,4247.0,-124.0,0.0,0,411.94,0.0,1,3.19,4.43,SPY210604P00407000,407.0,0,0.0,0.0,,0.0,normalDay
2021-05-19,4247.0,-149.0,0.0,0,410.86,0.0,1,3.19,4.68,SPY210604P00407000,407.0,0,0.0,0.0,,0.0,normalDay
2021-05-20,4247.0,27.0,0.0,0,415.28,0.0,1,3.19,2.92,SPY210604P00407000,407.0,0,0.0,0.0,,0.0,normalDay
2021-05-21,4247.0,62.0,0.0,0,414.94,0.0,1,3.19,2.57,SPY210604P00407000,407.0,0,0.0,0.0,,0.0,normalDay
2021-05-24,4247.0,214.0,0.0,0,419.17,0.0,1,3.19,1.05,SPY210604P00407000,407.0,0,0.0,0.0,,0.0,normalDay
2021-05-25,4247.0,203.0,0.0,0,418.24,0.0,1,3.19,1.16,SPY210604P00407000,407.0,0,0.0,0.0,,0.0,normalDay
2021-05-26,4247.0,246.0,0.0,0,419.07,0.0,1,3.19,0.73,SPY210604P00407000,407.0,0,0.0,0.0,,0.0,normalDay
2021-05-27,4247.0,274.0,0.0,0,419.29,0.0,1,3.19,0.45,SPY210604P00407000,407.0,0,0.0,0.0,,0.0,normalDay
2021-05-28,4247.0,290.0,0.0,0,420.04,0.0,1,3.19,0.29,SPY210604P00407000,407.0,0,0.0,0.0,,0.0,normalDay
2021-06-01,4247.0,306.0,0.0,0,419.67,0.0,1,3.19,0.13,SPY210604P00407000,407.0,0,0.0,0.0,,0.0,normalDay
2021-06-02,4247.0,314.0,0.0,0,420.33,0.0,1,3.19,0.05,SPY210604P00407000,407.0,0,0.0,0.0,,0.0,normalDay
2021-06-03,4247.0,314.0,0.0,0,418.77,0.0,1,3.19,0.05,SPY210604P00407000,407.0,0,0.0,0.0,,0.0,normalDay
2021-06-04,4566.0,0.0,319.0,0,422.6,0.0,1,3.19,0.0,SPY210604P00407000,407.0,0,0.0,0.0,,0.0,expirationDay
2021-06-07,4566.0,-4.0,0.0,0,422.19,0.0,1,1.4,1.44,SPY210625P00406000,406.0,0,0.0,0.0,,0.0,normalDay
2021-06-08,4566.0,-13.0,0.0,0,422.28,0.0,1,1.4,1.53,SPY210625P00406000,406.0,0,0.0,0.0,,0.0,normalDay
2021-06-09,4566.0,-32.0,0.0,0,421.65,0.0,1,1.4,1.72,SPY210625P00406000,406.0,0,0.0,0.0,,0.0,normalDay
2021-06-10,4566.0,37.0,0.0,0,423.61,0.0,1,1.4,1.03,SPY210625P00406000,406.0,0,0.0,0.0,,0.0,normalDay
2021-06-11,4566.0,58.0,0.0,0,424.31,0.0,1,1.4,0.82,SPY210625P00406000,406.0,0,0.0,0.0,,0.0,normalDay
2021-06-14,4566.0,74.0,0.0,0,425.26,0.0,1,1.4,0.66,SPY210625P00406000,406.0,0,0.0,0.0,,0.0,normalDay
2021-06-15,4566.0,66.0,0.0,0,424.48,0.0,1,1.4,0.74,SPY210625P00406000,406.0,0,0.0,0.0,,0.0,normalDay
2021-06-16,4566.0,39.0,0.0,0,422.11,0.0,1,1.4,1.01,SPY210625P00406000,406.0,0,0.0,0.0,,0.0,normalDay
2021-06-17,4566.0,69.0,0.0,0,421.97,0.0,1,1.4,0.71,SPY210625P00406000,406.0,0,0.0,0.0,,0.0,normalDay
2021-06-18,4566.0,-20.0,0.0,0,414.92,0.0,1,1.4,1.6,SPY210625P00406000,406.0,0,0.0,0.0,,0.0,normalDay
2021-06-21,4566.0,110.0,0.0,0,420.86,0.0,1,1.4,0.3,SPY210625P00406000,406.0,0,0.0,0.0,,0.0,normalDay
2021-06-22,4566.0,129.0,0.0,0,423.11,0.0,1,1.4,0.11,SPY210625P00406000,406.0,0,0.0,0.0,,0.0,normalDay
2021-06-23,4566.0,135.0,0.0,0,422.6,0.0,1,1.4,0.05,SPY210625P00406000,406.0,0,0.0,0.0,,0.0,normalDay
2021-06-24,4566.0,138.0,0.0,0,425.1,0.0,1,1.4,0.02,SPY210625P00406000,406.0,0,0.0,0.0,,0.0,normalDay
2021-06-25,4706.0,0.0,140.0,0,426.61,0.0,1,1.4,0.0,SPY210625P00406000,406.0,0,0.0,0.0,,0.0,expirationDay
2021-06-28,4706.0,-3.0,0.0,0,427.47,0.0,1,1.38,1.41,SPY210716P00415000,415.0,0,0.0,0.0,,0.0,normalDay
2021-06-29,4706.0,4.0,0.0,0,427.7,0.0,1,1.38,1.34,SPY210716P00415000,415.0,0,0.0,0.0,,0.0,normalDay
2021-06-30,4706.0,25.0,0.0,0,428.06,0.0,1,1.38,1.13,SPY210716P00415000,415.0,0,0.0,0.0,,0.0,normalDay
2021-07-01,4706.0,43.0,0.0,0,430.43,0.0,1,1.38,0.95,SPY210716P00415000,415.0,0,0.0,0.0,,0.0,normalDay
2021-07-02,4706.0,79.0,0.0,0,433.72,0.0,1,1.38,0.59,SPY210716P00415000,415.0,0,0.0,0.0,,0.0,normalDay
2021-07-06,4706.0,79.0,0.0,0,432.93,0.0,1,1.38,0.59,SPY210716P00415000,415.0,0,0.0,0.0,,0.0,normalDay
2021-07-07,4706.0,98.0,0.0,0,434.46,0.0,1,1.38,0.4,SPY210716P00415000,415.0,0,0.0,0.0,,0.0,normalDay
2021-07-08,4706.0,48.0,0.0,0,430.92,0.0,1,1.38,0.9,SPY210716P00415000,415.0,0,0.0,0.0,,0.0,normalDay
2021-07-09,4706.0,113.0,0.0,0,435.52,0.0,1,1.38,0.25,SPY210716P00415000,415.0,0,0.0,0.0,,0.0,normalDay
2021-07-12,4706.0,128.0,0.0,0,437.08,0.0,1,1.38,0.1,SPY210716P00415000,415.0,0,0.0,0.0,,0.0,normalDay
2021-07-13,4706.0,126.0,0.0,0,435.59,0.0,1,1.38,0.12,SPY210716P00415000,415.0,0,0.0,0.0,,0.0,normalDay
2021-07-14,4706.0,133.0,0.0,0,436.24,0.0,1,1.38,0.05,SPY210716P00415000,415.0,0,0.0,0.0,,0.0,normalDay
2021-07-15,4706.0,135.0,0.0,0,434.75,0.0,1,1.38,0.03,SPY210716P00415000,415.0,0,0.0,0.0,,0.0,normalDay
2021-07-16,4844.0,0.0,138.0,0,431.34,0.0,1,1.38,0.0,SPY210716P00415000,415.0,0,0.0,0.0,,0.0,expirationDay
2021-07-19,4844.0,-5.0,0.0,0,424.97,0.0,1,4.57,4.62,SPY210806P00417500,417.5,0,0.0,0.0,,0.0,normalDay
2021-07-20,4844.0,199.0,0.0,0,431.06,0.0,1,4.57,2.58,SPY210806P00417500,417.5,0,0.0,0.0,,0.0,normalDay
2021-07-21,4844.0,312.0,0.0,0,434.55,0.0,1,4.57,1.45,SPY210806P00417500,417.5,0,0.0,0.0,,0.0,normalDay
2021-07-22,4844.0,338.0,0.0,0,435.46,0.0,1,4.57,1.19,SPY210806P00417500,417.5,0,0.0,0.0,,0.0,normalDay
2021-07-23,4844.0,388.0,0.0,0,439.94,0.0,1,4.57,0.69,SPY210806P00417500,417.5,0,0.0,0.0,,0.0,normalDay
2021-07-26,4844.0,416.0,0.0,0,441.02,0.0,1,4.57,0.41,SPY210806P00417500,417.5,0,0.0,0.0,,0.0,normalDay
2021-07-27,4844.0,383.0,0.0,0,439.01,0.0,1,4.57,0.74,SPY210806P00417500,417.5,0,0.0,0.0,,0.0,normalDay
2021-07-28,4844.0,413.0,0.0,0,438.83,0.0,1,4.57,0.44,SPY210806P00417500,417.5,0,0.0,0.0,,0.0,normalDay
2021-07-29,4844.0,435.0,0.0,0,440.65,0.0,1,4.57,0.22,SPY210806P00417500,417.5,0,0.0,0.0,,0.0,normalDay
2021-07-30,4844.0,435.0,0.0,0,438.51,0.0,1,4.57,0.22,SPY210806P00417500,417.5,0,0.0,0.0,,0.0,normalDay
2021-08-02,4844.0,445.0,0.0,0,437.59,0.0,1,4.57,0.12,SPY210806P00417500,417.5,0,0.0,0.0,,0.0,normalDay
2021-08-03,4844.0,453.0,0.0,0,441.15,0.0,1,4.57,0.04,SPY210806P00417500,417.5,0,0.0,0.0,,0.0,normalDay
2021-08-04,4844.0,454.0,0.0,0,438.98,0.0,1,4.57,0.03,SPY210806P00417500,417.5,0,0.0,0.0,,0.0,normalDay
2021-08-05,4844.0,456.0,0.0,0,441.76,0.0,1,4.57,0.01,SPY210806P00417500,417.5,0,0.0,0.0,,0.0,normalDay
2021-08-06,5301.0,0.0,457.0,0,442.49,0.0,1,4.57,0.0,SPY210806P00417500,417.5,0,0.0,0.0,,0.0,expirationDay
2021-08-09,5301.0,-3.0,0.0,0,442.13,0.0,1,1.48,1.51,SPY210827P00426000,426.0,0,0.0,0.0,,0.0,normalDay
2021-08-10,5301.0,1.0,0.0,0,442.68,0.0,1,1.48,1.47,SPY210827P00426000,426.0,0,0.0,0.0,,0.0,normalDay
2021-08-11,5301.0,40.0,0.0,0,443.78,0.0,1,1.48,1.08,SPY210827P00426000,426.0,0,0.0,0.0,,0.0,normalDay
2021-08-12,5301.0,67.0,0.0,0,445.11,0.0,1,1.48,0.81,SPY210827P00426000,426.0,0,0.0,0.0,,0.0,normalDay
2021-08-13,5301.0,86.0,0.0,0,445.92,0.0,1,1.48,0.62,SPY210827P00426000,426.0,0,0.0,0.0,,0.0,normalDay
2021-08-16,5301.0,99.0,0.0,0,446.97,0.0,1,1.48,0.49,SPY210827P00426000,426.0,0,0.0,0.0,,0.0,normalDay
2021-08-17,5301.0,58.0,0.0,0,444.04,0.0,1,1.48,0.9,SPY210827P00426000,426.0,0,0.0,0.0,,0.0,normalDay
2021-08-18,5301.0,-43.0,0.0,0,439.18,0.0,1,1.48,1.91,SPY210827P00426000,426.0,0,0.0,0.0,,0.0,normalDay
2021-08-19,5301.0,-5.0,0.0,0,439.86,0.0,1,1.48,1.53,SPY210827P00426000,426.0,0,0.0,0.0,,0.0,normalDay
2021-08-20,5301.0,110.0,0.0,0,443.36,0.0,1,1.48,0.38,SPY210827P00426000,426.0,0,0.0,0.0,,0.0,normalDay
2021-08-23,5301.0,138.0,0.0,0,447.26,0.0,1,1.48,0.1,SPY210827P00426000,426.0,0,0.0,0.0,,0.0,normalDay
2021-08-24,5301.0,141.0,0.0,0,447.97,0.0,1,1.48,0.07,SPY210827P00426000,426.0,0,0.0,0.0,,0.0,normalDay
2021-08-25,5301.0,144.0,0.0,0,448.91,0.0,1,1.48,0.04,SPY210827P00426000,426.0,0,0.0,0.0,,0.0,normalDay
2021-08-26,5301.0,143.0,0.0,0,446.26,0.0,1,1.48,0.05,SPY210827P00426000,426.0,0,0.0,0.0,,0.0,normalDay
2021-08-27,5449.0,0.0,148.0,0,450.25,0.0,1,1.48,0.0,SPY210827P00426000,426.0,0,0.0,0.0,,0.0,expirationDay
2021-08-30,5449.0,-3.0,0.0,0,452.23,0.0,1,1.3,1.33,SPY210917P00435000,435.0,0,0.0,0.0,,0.0,normalDay
2021-08-31,5449.0,-8.0,0.0,0,451.56,0.0,1,1.3,1.38,SPY210917P00435000,435.0,0,0.0,0.0,,0.0,normalDay
2021-09-01,5449.0,12.0,0.0,0,451.8,0.0,1,1.3,1.18,SPY210917P00435000,435.0,0,0.0,0.0,,0.0,normalDay
2021-09-02,5449.0,19.0,0.0,0,453.19,0.0,1,1.3,1.11,SPY210917P00435000,435.0,0,0.0,0.0,,0.0,normalDay
2021-09-03,5449.0,39.0,0.0,0,453.08,0.0,1,1.3,0.91,SPY210917P00435000,435.0,0,0.0,0.0,,0.0,normalDay
2021-09-07,5449.0,35.0,0.0,0,451.46,0.0,1,1.3,0.95,SPY210917P00435000,435.0,0,0.0,0.0,,0.0,normalDay
2021-09-08,5449.0,46.0,0.0,0,450.91,0.0,1,1.3,0.84,SPY210917P00435000,435.0,0,0.0,0.0,,0.0,normalDay
2021-09-09,5449.0,22.0,0.0,0,448.98,0.0,1,1.3,1.08,SPY210917P00435000,435.0,0,0.0,0.0,,0.0,normalDay
2021-09-10,5449.0,-55.0,0.0,0,445.44,0.0,1,1.3,1.85,SPY210917P00435000,435.0,0,0.0,0.0,,0.0,normalDay
2021-09-13,5449.0,39.0,0.0,0,446.58,0.0,1,1.3,0.91,SPY210917P00435000,435.0,0,0.0,0.0,,0.0,normalDay
2021-09-14,5449.0,44.0,0.0,0,444.17,0.0,1,1.3,0.86,SPY210917P00435000,435.0,0,0.0,0.0,,0.0,normalDay
2021-09-15,5449.0,110.0,0.0,0,447.88,0.0,1,1.3,0.2,SPY210917P00435000,435.0,0,0.0,0.0,,0.0,normalDay
2021-09-16,5449.0,118.0,0.0,0,447.17,0.0,1,1.3,0.12,SPY210917P00435000,435.0,0,0.0,0.0,,0.0,normalDay
2021-09-17,5579.0,0.0,130.0,0,441.4,0.0,1,1.3,0.0,SPY210917P00435000,435.0,0,0.0,0.0,,0.0,expirationDay
2021-09-20,5579.0,-6.0,0.0,0,434.04,0.0,1,9.03,9.09,SPY211008P00437000,437.0,0,0.0,0.0,,0.0,normalDay
2021-09-21,5579.0,9.0,0.0,0,433.63,0.0,1,9.03,8.94,SPY211008P00437000,437.0,0,0.0,0.0,,0.0,normalDay
2021-09-22,5579.0,334.0,0.0,0,437.86,0.0,1,9.03,5.69,SPY211008P00437000,437.0,0,0.0,0.0,,0.0,normalDay
2021-09-23,5579.0,584.0,0.0,0,443.18,0.0,1,9.03,3.19,SPY211008P00437000,437.0,0,0.0,0.0,,0.0,normalDay
2021-09-24,5579.0,649.0,0.0,0,443.91,0.0,1,9.03,2.54,SPY211008P00437000,437.0,0,0.0,0.0,,0.0,normalDay
2021-09-27,5579.0,645.0,0.0,0,442.64,0.0,1,9.03,2.58,SPY211008P00437000,437.0,0,0.0,0.0,,0.0,normalDay
2021-09-28,5579.0,206.0,0.0,0,433.72,0.0,1,9.03,6.97,SPY211008P00437000,437.0,0,0.0,0.0,,0.0,normalDay
2021-09-29,5579.0,298.0,0.0,0,434.45,0.0,1,9.03,6.05,SPY211008P00437000,437.0,0,0.0,0.0,,0.0,normalDay
2021-09-30,5579.0,6.0,0.0,0,429.14,0.0,1,9.03,8.97,SPY211008P00437000,437.0,0,0.0,0.0,,0.0,normalDay
2021-10-01,5579.0,381.0,0.0,0,434.24,0.0,1,9.03,5.22,SPY211008P00437000,437.0,0,0.0,0.0,,0.0,normalDay
2021-10-04,5579.0,5.0,0.0,0,428.64,0.0,1,9.03,8.98,SPY211008P00437000,437.0,0,0.0,0.0,,0.0,normalDay
2021-10-05,5579.0,396.0,0.0,0,433.1,0.0,1,9.03,5.07,SPY211008P00437000,437.0,0,0.0,0.0,,0.0,normalDay
2021-10-06,5579.0,517.0,0.0,0,434.9,0.0,1,9.03,3.86,SPY211008P00437000,437.0,0,0.0,0.0,,0.0,normalDay
2021-10-07,5579.0,803.0,0.0,0,438.66,0.0,1,9.03,1.0,SPY211008P00437000,437.0,0,0.0,0.0,,0.0,normalDay
2021-10-08,6482.0,0.0,903.0,0,437.86,0.0,1,9.03,0.0,SPY211008P00437000,437.0,0,0.0,0.0,,0.0,expirationDay
2021-10-11,6482.0,-4.0,0.0,0,434.69,0.0,1,3.63,3.67,SPY211029P00424000,424.0,0,0.0,0.0,,0.0,normalDay
2021-10-12,6482.0,-13.0,0.0,0,433.62,0.0,1,3.63,3.76,SPY211029P00424000,424.0,0,0.0,0.0,,0.0,normalDay
2021-10-13,6482.0,104.0,0.0,0,435.18,0.0,1,3.63,2.59,SPY211029P00424000,424.0,0,0.0,0.0,,0.0,normalDay
2021-10-14,6482.0,252.0,0.0,0,442.5,0.0,1,3.63,1.11,SPY211029P00424000,424.0,0,0.0,0.0,,0.0,normalDay
2021-10-15,6482.0,293.0,0.0,0,445.87,0.0,1,3.63,0.7,SPY211029P00424000,424.0,0,0.0,0.0,,0.0,normalDay
2021-10-18,6482.0,318.0,0.0,0,447.19,0.0,1,3.63,0.45,SPY211029P00424000,424.0,0,0.0,0.0,,0.0,normalDay
2021-10-19,6482.0,335.0,0.0,0,450.64,0.0,1,3.63,0.28,SPY211029P00424000,424.0,0,0.0,0.0,,0.0,normalDay
2021-10-20,6482.0,343.0,0.0,0,452.41,0.0,1,3.63,0.2,SPY211029P00424000,424.0,0,0.0,0.0,,0.0,normalDay
2021-10-21,6482.0,351.0,0.0,0,453.59,0.0,1,3.63,0.12,SPY211029P00424000,424.0,0,0.0,0.0,,0.0,normalDay
2021-10-22,6482.0,354.0,0.0,0,453.12,0.0,1,3.63,0.09,SPY211029P00424000,424.0,0,0.0,0.0,,0.0,normalDay
2021-10-25,6482.0,359.0,0.0,0,455.55,0.0,1,3.63,0.04,SPY211029P00424000,424.0,0,0.0,0.0,,0.0,normalDay
2021-10-26,6482.0,359.0,0.0,0,455.96,0.0,1,3.63,0.04,SPY211029P00424000,424.0,0,0.0,0.0,,0.0,normalDay
2021-10-27,6482.0,360.0,0.0,0,453.94,0.0,1,3.63,0.03,SPY211029P00424000,424.0,0,0.0,0.0,,0.0,normalDay
2021-10-28,6482.0,362.0,0.0,0,458.32,0.0,1,3.63,0.01,SPY211029P00424000,424.0,0,0.0,0.0,,0.0,normalDay
2021-10-29,6845.0,0.0,363.0,0,459.25,0.0,1,3.63,0.0,SPY211029P00424000,424.0,0,0.0,0.0,,0.0,expirationDay
2021-11-01,6845.0,-3.0,0.0,0,460.04,0.0,1,0.57,0.6,SPY211119P00423000,423.0,0,0.0,0.0,,0.0,normalDay
2021-11-02,6845.0,7.0,0.0,0,461.9,0.0,1,0.57,0.5,SPY211119P00423000,423.0,0,0.0,0.0,,0.0,normalDay
2021-11-03,6845.0,24.0,0.0,0,464.72,0.0,1,0.57,0.33,SPY211119P00423000,423.0,0,0.0,0.0,,0.0,normalDay
2021-11-04,6845.0,25.0,0.0,0,466.91,0.0,1,0.57,0.32,SPY211119P00423000,423.0,0,0.0,0.0,,0.0,normalDay
2021-11-05,6845.0,28.0,0.0,0,468.53,0.0,1,0.57,0.29,SPY211119P00423000,423.0,0,0.0,0.0,,0.0,normalDay
2021-11-08,6845.0,34.0,0.0,0,468.93,0.0,1,0.57,0.23,SPY211119P00423000,423.0,0,0.0,0.0,,0.0,normalDay
2021-11-09,6845.0,36.0,0.0,0,467.38,0.0,1,0.57,0.21,SPY211119P00423000,423.0,0,0.0,0.0,,0.0,normalDay
2021-11-10,6845.0,36.0,0.0,0,463.62,0.0,1,0.57,0.21,SPY211119P00423000,423.0,0,0.0,0.0,,0.0,normalDay
2021-11-11,6845.0,44.0,0.0,0,463.77,0.0,1,0.57,0.13,SPY211119P00423000,423.0,0,0.0,0.0,,0.0,normalDay
2021-11-12,6845.0,50.0,0.0,0,467.27,0.0,1,0.57,0.07,SPY211119P00423000,423.0,0,0.0,0.0,,0.0,normalDay
2021-11-15,6845.0,54.0,0.0,0,467.43,0.0,1,0.57,0.03,SPY211119P00423000,423.0,0,0.0,0.0,,0.0,normalDay
2021-11-16,6845.0,54.0,0.0,0,469.28,0.0,1,0.57,0.03,SPY211119P00423000,423.0,0,0.0,0.0,,0.0,normalDay
2021-11-17,6845.0,55.0,0.0,0,468.14,0.0,1,0.57,0.02,SPY211119P00423000,423.0,0,0.0,0.0,,0.0,normalDay
2021-11-18,6845.0,56.0,0.0,0,469.73,0.0,1,0.57,0.01,SPY211119P00423000,423.0,0,0.0,0.0,,0.0,normalDay
2021-11-19,6902.0,0.0,57.0,0,468.89,0.0,1,0.57,0.0,SPY211119P00423000,423.0,0,0.0,0.0,,0.0,expirationDay
2021-11-22,6902.0,-5.0,0.0,0,467.57,0.0,1,2.4,2.45,SPY211210P00453000,453.0,0,0.0,0.0,,0.0,normalDay
2021-11-23,6902.0,16.0,0.0,0,468.19,0.0,1,2.4,2.24,SPY211210P00453000,453.0,0,0.0,0.0,,0.0,normalDay
2021-11-24,6902.0,64.0,0.0,0,469.44,0.0,1,2.4,1.76,SPY211210P00453000,453.0,0,0.0,0.0,,0.0,normalDay
2021-11-26,6902.0,-511.0,0.0,0,458.97,0.0,1,2.4,7.51,SPY211210P00453000,453.0,0,0.0,0.0,,0.0,normalDay
2021-11-29,6902.0,-29.0,0.0,0,464.6,0.0,1,2.4,2.69,SPY211210P00453000,453.0,0,0.0,0.0,,0.0,normalDay
2021-11-30,6902.0,-291.0,0.0,0,455.56,0.0,1,2.4,5.31,SPY211210P00453000,453.0,0,0.0,0.0,,0.0,normalDay
2021-12-01,6902.0,-657.0,0.0,0,450.5,0.0,1,2.4,8.97,SPY211210P00453000,453.0,0,0.0,0.0,,0.0,normalDay
2021-12-02,6902.0,-248.0,0.0,0,457.4,0.0,1,2.4,4.88,SPY211210P00453000,453.0,0,0.0,0.0,,0.0,normalDay
2021-12-03,6902.0,-392.0,0.0,0,453.42,0.0,1,2.4,6.32,SPY211210P00453000,453.0,0,0.0,0.0,,0.0,normalDay
2021-12-06,6902.0,-32.0,0.0,0,458.79,0.0,1,2.4,2.72,SPY211210P00453000,453.0,0,0.0,0.0,,0.0,normalDay
2021-12-07,6902.0,203.0,0.0,0,468.28,0.0,1,2.4,0.37,SPY211210P00453000,453.0,0,0.0,0.0,,0.0,normalDay
2021-12-08,6902.0,233.0,0.0,0,469.52,0.0,1,2.4,0.07,SPY211210P00453000,453.0,0,0.0,0.0,,0.0,normalDay
2021-12-09,6902.0,232.0,0.0,0,466.35,0.0,1,2.4,0.08,SPY211210P00453000,453.0,0,0.0,0.0,,0.0,normalDay
2021-12-10,7142.0,0.0,240.0,0,470.74,0.0,1,2.4,0.0,SPY211210P00453000,453.0,0,0.0,0.0,,0.0,expirationDay
2021-12-13,7142.0,-4.0,0.0,0,466.57,0.0,1,2.58,2.62,SPY211231P00449000,449.0,0,0.0,0.0,,0.0,normalDay
2021-12-14,7142.0,-85.0,0.0,0,463.36,0.0,1,2.58,3.43,SPY211231P00449000,449.0,0,0.0,0.0,,0.0,normalDay
2021-12-15,7142.0,104.0,0.0,0,470.6,0.0,1,2.58,1.54,SPY211231P00449000,449.0,0,0.0,0.0,,0.0,normalDay
2021-12-16,7142.0,45.0,0.0,0,466.45,0.0,1,2.58,2.13,SPY211231P00449000,449.0,0,0.0,0.0,,0.0,normalDay
2021-12-17,7142.0,-50.0,0.0,0,459.87,0.0,1,2.58,3.08,SPY211231P00449000,449.0,0,0.0,0.0,,0.0,normalDay
2021-12-20,7142.0,-156.0,0.0,0,454.98,0.0,1,2.58,4.14,SPY211231P00449000,449.0,0,0.0,0.0,,0.0,normalDay
2021-12-21,7142.0,94.0,0.0,0,463.06,0.0,1,2.58,1.64,SPY211231P00449000,449.0,0,0.0,0.0,,0.0,normalDay
2021-12-22,7142.0,209.0,0.0,0,467.69,0.0,1,2.58,0.49,SPY211231P00449000,449.0,0,0.0,0.0,,0.0,normalDay
2021-12-23,7142.0,237.0,0.0,0,470.6,0.0,1,2.58,0.21,SPY211231P00449000,449.0,0,0.0,0.0,,0.0,normalDay
2021-12-27,7142.0,252.0,0.0,0,477.26,0.0,1,2.58,0.06,SPY211231P00449000,449.0,0,0.0,0.0,,0.0,normalDay
2021-12-28,7142.0,253.0,0.0,0,476.87,0.0,1,2.58,0.05,SPY211231P00449000,449.0,0,0.0,0.0,,0.0,normalDay
2021-12-29,7142.0,256.0,0.0,0,477.48,0.0,1,2.58,0.02,SPY211231P00449000,449.0,0,0.0,0.0,,0.0,normalDay
2021-12-30,7142.0,256.0,0.0,0,476.16,0.0,1,2.58,0.02,SPY211231P00449000,449.0,0,0.0,0.0,,0.0,normalDay
2021-12-31,7400.0,0.0,258.0,0,474.96,0.0,1,2.58,0.0,SPY211231P00449000,449.0,0,0.0,0.0,,0.0,expirationDay
2022-01-03,7400.0,-3.0,0.0,0,477.71,0.0,1,0.85,0.88,SPY220121P00452000,452.0,0,0.0,0.0,,0.0,normalDay
2022-01-04,7400.0,-2.0,0.0,0,477.55,0.0,1,0.85,0.87,SPY220121P00452000,452.0,0,0.0,0.0,,0.0,normalDay
2022-01-05,7400.0,-143.0,0.0,0,468.38,0.0,1,0.85,2.28,SPY220121P00452000,452.0,0,0.0,0.0,,0.0,normalDay
2022-01-06,7400.0,-122.0,0.0,0,467.94,0.0,1,0.85,2.07,SPY220121P00452000,452.0,0,0.0,0.0,,0.0,normalDay
2022-01-07,7400.0,-88.0,0.0,0,466.09,0.0,1,0.85,1.73,SPY220121P00452000,452.0,0,0.0,0.0,,0.0,normalDay
2022-01-10,7400.0,-93.0,0.0,0,465.51,0.0,1,0.85,1.78,SPY220121P00452000,452.0,0,0.0,0.0,,0.0,normalDay
2022-01-11,7400.0,-18.0,0.0,0,469.75,0.0,1,0.85,1.03,SPY220121P00452000,452.0,0,0.0,0.0,,0.0,normalDay
2022-01-12,7400.0,29.0,0.0,0,471.02,0.0,1,0.85,0.56,SPY220121P00452000,452.0,0,0.0,0.0,,0.0,normalDay
2022-01-13,7400.0,-71.0,0.0,0,464.53,0.0,1,0.85,1.56,SPY220121P00452000,452.0,0,0.0,0.0,,0.0,normalDay
2022-01-14,7400.0,-11.0,0.0,0,464.72,0.0,1,0.85,0.96,SPY220121P00452000,452.0,0,0.0,0.0,,0.0,normalDay
2022-01-18,7400.0,-162.0,0.0,0,456.49,0.0,1,0.85,2.47,SPY220121P00452000,452.0,0,0.0,0.0,,0.0,normalDay
2022-01-19,7400.0,-235.0,0.0,0,451.75,0.0,1,0.85,3.2,SPY220121P00452000,452.0,0,0.0,0.0,,0.0,normalDay
2022-01-20,7400.0,-534.0,0.0,0,446.75,0.0,1,0.85,6.19,SPY220121P00452000,452.0,0,0.0,0.0,,0.0,normalDay
2022-01-21,7485.0,-1402.0,85.0,100,437.98,452.0,1,0.85,0.0,SPY220121P00452000,452.0,0,0.0,0.0,,0.0,expirationDay
2022-01-24,7485.0,-1216.0,0.0,100,439.84,452.0,0,0.0,0.0,,0.0,0,0.0,0.0,,0.0,bidTooLow
2022-01-25,7485.0,-1753.0,0.0,100,434.47,452.0,0,0.0,0.0,,0.0,0,0.0,0.0,,0.0,bidTooLow
2022-01-26,7485.0,-1862.0,0.0,100,433.38,452.0,0,0.0,0.0,,0.0,0,0.0,0.0,,0.0,bidTooLow
2022-01-27,7485.0,-2076.0,0.0,100,431.24,452.0,0,0.0,0.0,,0.0,0,0.0,0.0,,0.0,bidTooLow
2022-01-28,7485.0,-1005.0,0.0,100,441.95,452.0,0,0.0,0.0,,0.0,0,0.0,0.0,,0.0,bidTooLow
2022-01-31,7485.0,-209.0,0.0,100,449.91,452.0,0,0.0,0.0,,0.0,0,0.0,0.0,,0.0,bidTooLow
2022-02-01,7485.0,95.0,0.0,100,452.95,452.0,0,0.0,0.0,,0.0,0,0.0,0.0,,0.0,bidTooLow
2022-02-02,7485.0,535.0,0.0,100,457.35,452.0,0,0.0,0.0,,0.0,0,0.0,0.0,,0.0,bidTooLow
2022-02-03,7485.0,-540.0,0.0,100,446.6,452.0,0,0.0,0.0,,0.0,0,0.0,0.0,,0.0,bidTooLow
2022-02-04,7485.0,-330.0,0.0,100,448.7,452.0,0,0.0,0.0,,0.0,0,0.0,0.0,,0.0,bidTooLow
2022-02-07,7485.0,-474.0,0.0,100,447.26,452.0,0,0.0,0.0,,0.0,0,0.0,0.0,,0.0,bidTooLow
2022-02-08,7485.0,-106.0,0.0,100,450.94,452.0,0,0.0,0.0,,0.0,0,0.0,0.0,,0.0,bidTooLow
2022-02-09,7485.0,551.0,0.0,100,457.54,452.0,0,0.0,0.0,,0.0,1,0.15,0.18,SPY220211C00468000,468.0,normalDay
2022-02-10,7485.0,-254.0,0.0,100,449.32,452.0,0,0.0,0.0,,0.0,1,0.15,0.01,SPY220211C00468000,468.0,normalDay
2022-02-11,7500.0,-1154.0,15.0,100,440.46,452.0,0,0.0,0.0,,0.0,1,0.15,0.0,SPY220211C00468000,468.0,expirationDay
2022-02-14,7500.0,-1301.0,0.0,100,439.02,452.0,0,0.0,0.0,,0.0,1,0.01,0.04,SPY220216C00459000,459.0,normalDay
2022-02-15,7500.0,-591.0,0.0,100,446.1,452.0,0,0.0,0.0,,0.0,1,0.01,0.02,SPY220216C00459000,459.0,normalDay
2022-02-16,7501.0,-540.0,1.0,100,446.6,452.0,0,0.0,0.0,,0.0,1,0.01,0.0,SPY220216C00459000,459.0,expirationDay
2022-02-17,7501.0,-1494.0,0.0,100,437.06,452.0,0,0.0,0.0,,0.0,0,0.0,0.0,,0.0,bidTooLow
2022-02-18,7501.0,-1777.0,0.0,100,434.23,452.0,0,0.0,0.0,,0.0,0,0.0,0.0,,0.0,bidTooLow
2022-02-22,7501.0,-2243.0,0.0,100,429.57,452.0,0,0.0,0.0,,0.0,0,0.0,0.0,,0.0,bidTooLow
2022-02-23,7501.0,-3005.0,0.0,100,421.95,452.0,0,0.0,0.0,,0.0,0,0.0,0.0,,0.0,bidTooLow
2022-02-24,7501.0,-2370.0,0.0,100,428.3,452.0,0,0.0,0.0,,0.0,0,0.0,0.0,,0.0,bidTooLow
2022-02-25,7501.0,-1425.0,0.0,100,437.75,452.0,0,0.0,0.0,,0.0,0,0.0,0.0,,0.0,bidTooLow
2022-02-28,7501.0,-1537.0,0.0,100,436.63,452.0,0,0.0,0.0,,0.0,0,0.0,0.0,,0.0,bidTooLow
2022-03-01,7501.0,-2205.0,0.0,100,429.98,452.0,0,0.0,0.0,,0.0,1,0.01,0.04,SPY220304C00459000,459.0,normalDay
2022-03-02,7501.0,-1412.0,0.0,100,437.89,452.0,0,0.0,0.0,,0.0,1,0.01,0.02,SPY220304C00459000,459.0,normalDay
2022-03-03,7501.0,-1629.0,0.0,100,435.71,452.0,0,0.0,0.0,,0.0,1,0.01,0.01,SPY220304C00459000,459.0,normalDay
2022-03-04,7502.0,-1983.0,1.0,100,432.17,452.0,0,0.0,0.0,,0.0,1,0.01,0.0,SPY220304C00459000,459.0,expirationDay
2022-03-07,7502.0,-3257.0,0.0,100,419.43,452.0,0,0.0,0.0,,0.0,0,0.0,0.0,,0.0,bidTooLow
2022-03-08,7502.0,-3575.0,0.0,100,416.25,452.0,0,0.0,0.0,,0.0,0,0.0,0.0,,0.0,bidTooLow
2022-03-09,7502.0,-2459.0,0.0,100,427.41,452.0,0,0.0,0.0,,0.0,0,0.0,0.0,,0.0,bidTooLow
2022-03-10,7502.0,-2652.0,0.0,100,425.48,452.0,0,0.0,0.0,,0.0,0,0.0,0.0,,0.0,bidTooLow
2022-03-11,7502.0,-3193.0,0.0,100,420.07,452.0,0,0.0,0.0,,0.0,0,0.0,0.0,,0.0,bidTooLow
2022-03-14,7502.0,-3500.0,0.0,100,417.0,452.0,0,0.0,0.0,,0.0,0,0.0,0.0,,0.0,bidTooLow
2022-03-15,7502.0,-2586.0,0.0,100,426.17,452.0,0,0.0,0.0,,0.0,1,0.11,0.14,SPY220318C00445000,445.0,normalDay
2022-03-16,7502.0,-1658.0,0.0,100,435.62,452.0,0,0.0,0.0,,0.0,1,0.11,0.31,SPY220318C00445000,445.0,normalDay
2022-03-17,7502.0,-1114.0,0.0,100,441.07,452.0,0,0.0,0.0,,0.0,1,0.11,0.32,SPY220318C00445000,445.0,normalDay
2022-03-18,7513.0,-748.0,11.0,100,444.52,452.0,0,0.0,0.0,,0.0,1,0.11,0.0,SPY220318C00445000,445.0,expirationDay
2022-03-21,7513.0,-764.0,0.0,100,444.39,452.0,0,0.0,0.0,,0.0,1,2.52,2.55,SPY220323C00445000,445.0,normalDay
2022-03-22,7513.0,-516.0,0.0,100,449.59,452.0,0,0.0,0.0,,0.0,1,2.52,5.27,SPY220323C00445000,445.0,normalDay
2022-03-23,7765.0,-820.0,252.0,100,443.8,452.0,0,0.0,0.0,,0.0,1,2.52,0.0,SPY220323C00445000,445.0,expirationDay
2022-03-24,7765.0,-155.0,0.0,100,450.49,452.0,0,0.0,0.0,,0.0,1,0.96,1.0,SPY220325C00452000,452.0,normalDay
2022-03-25,7861.0,-155.0,96.0,0,452.69,0.0,0,0.0,0.0,,0.0,1,0.96,0.0,SPY220325C00452000,452.0,expirationDay
2022-03-28,7861.0,-3.0,0.0,0,455.91,0.0,1,0.38,0.41,SPY220414P00404000,404.0,0,0.0,0.0,,0.0,normalDay
2022-03-29,7861.0,9.0,0.0,0,461.55,0.0,1,0.38,0.29,SPY220414P00404000,404.0,0,0.0,0.0,,0.0,normalDay
2022-03-30,7861.0,11.0,0.0,0,458.7,0.0,1,0.38,0.27,SPY220414P00404000,404.0,0,0.0,0.0,,0.0,normalDay
2022-03-31,7861.0,2.0,0.0,0,451.64,0.0,1,0.38,0.36,SPY220414P00404000,404.0,0,0.0,0.0,,0.0,normalDay
2022-04-01,7861.0,14.0,0.0,0,452.92,0.0,1,0.38,0.24,SPY220414P00404000,404.0,0,0.0,0.0,,0.0,normalDay
2022-04-04,7861.0,25.0,0.0,0,456.8,0.0,1,0.38,0.13,SPY220414P00404000,404.0,0,0.0,0.0,,0.0,normalDay
2022-04-05,7861.0,20.0,0.0,0,451.03,0.0,1,0.38,0.18,SPY220414P00404000,404.0,0,0.0,0.0,,0.0,normalDay
2022-04-06,7861.0,17.0,0.0,0,446.52,0.0,1,0.38,0.21,SPY220414P00404000,404.0,0,0.0,0.0,,0.0,normalDay
2022-04-07,7861.0,24.0,0.0,0,448.77,0.0,1,0.38,0.14,SPY220414P00404000,404.0,0,0.0,0.0,,0.0,normalDay
2022-04-08,7861.0,31.0,0.0,0,447.57,0.0,1,0.38,0.07,SPY220414P00404000,404.0,0,0.0,0.0,,0.0,normalDay
2022-04-11,7861.0,27.0,0.0,0,439.92,0.0,1,0.38,0.11,SPY220414P00404000,404.0,0,0.0,0.0,,0.0,normalDay
2022-04-12,7861.0,32.0,0.0,0,438.29,0.0,1,0.38,0.06,SPY220414P00404000,404.0,0,0.0,0.0,,0.0,normalDay
2022-04-13,7861.0,35.0,0.0,0,443.31,0.0,1,0.38,0.03,SPY220414P00404000,404.0,0,0.0,0.0,,0.0,normalDay
2022-04-14,7899.0,0.0,38.0,0,437.79,0.0,1,0.38,0.0,SPY220414P00404000,404.0,0,0.0,0.0,,0.0,expirationDay
2022-04-18,7899.0,-5.0,0.0,0,437.97,0.0,1,4.91,4.96,SPY220506P00431000,431.0,0,0.0,0.0,,0.0,normalDay
2022-04-19,7899.0,126.0,0.0,0,445.04,0.0,1,4.91,3.65,SPY220506P00431000,431.0,0,0.0,0.0,,0.0,normalDay
2022-04-20,7899.0,215.0,0.0,0,444.71,0.0,1,4.91,2.76,SPY220506P00431000,431.0,0,0.0,0.0,,0.0,normalDay
2022-04-21,7899.0,-20.0,0.0,0,438.06,0.0,1,4.91,5.11,SPY220506P00431000,431.0,0,0.0,0.0,,0.0,normalDay
2022-04-22,7899.0,-682.0,0.0,0,426.04,0.0,1,4.91,11.73,SPY220506P00431000,431.0,0,0.0,0.0,,0.0,normalDay
2022-04-25,7899.0,-400.0,0.0,0,428.51,0.0,1,4.91,8.91,SPY220506P00431000,431.0,0,0.0,0.0,,0.0,normalDay
2022-04-26,7899.0,-1364.0,0.0,0,416.1,0.0,1,4.91,18.55,SPY220506P00431000,431.0,0,0.0,0.0,,0.0,normalDay
2022-04-27,7899.0,-1045.0,0.0,0,417.27,0.0,1,4.91,15.36,SPY220506P00431000,431.0,0,0.0,0.0,,0.0,normalDay
2022-04-28,7899.0,-483.0,0.0,0,427.81,0.0,1,4.91,9.74,SPY220506P00431000,431.0,0,0.0,0.0,,0.0,normalDay
2022-04-29,7899.0,-1436.0,0.0,0,412.0,0.0,1,4.91,19.27,SPY220506P00431000,431.0,0,0.0,0.0,,0.0,normalDay
2022-05-02,7899.0,-1237.0,0.0,0,414.48,0.0,1,4.91,17.28,SPY220506P00431000,431.0,0,0.0,0.0,,0.0,normalDay
2022-05-03,7899.0,-972.0,0.0,0,416.38,0.0,1,4.91,14.63,SPY220506P00431000,431.0,0,0.0,0.0,,0.0,normalDay
2022-05-04,7899.0,11.0,0.0,0,429.06,0.0,1,4.91,4.8,SPY220506P00431000,431.0,0,0.0,0.0,,0.0,normalDay
2022-05-05,7899.0,-1250.0,0.0,0,413.81,0.0,1,4.91,17.41,SPY220506P00431000,431.0,0,0.0,0.0,,0.0,normalDay
2022-05-06,8390.0,-1966.0,491.0,100,411.34,431.0,1,4.91,0.0,SPY220506P00431000,431.0,0,0.0,0.0,,0.0,expirationDay
2022-05-09,8390.0,-3283.0,0.0,100,398.17,431.0,0,0.0,0.0,,0.0,0,0.0,0.0,,0.0,bidTooLow
2022-05-10,8390.0,-3191.0,0.0,100,399.09,431.0,0,0.0,0.0,,0.0,0,0.0,0.0,,0.0,bidTooLow
2022-05-11,8390.0,-3825.0,0.0,100,392.75,431.0,0,0.0,0.0,,0.0,0,0.0,0.0,,0.0,bidTooLow
2022-05-12,8390.0,-3866.0,0.0,100,392.34,431.0,0,0.0,0.0,,0.0,0,0.0,0.0,,0.0,bidTooLow
2022-05-13,8390.0,-2928.0,0.0,100,401.72,431.0,0,0.0,0.0,,0.0,0,0.0,0.0,,0.0,bidTooLow
2022-05-16,8390.0,-3091.0,0.0,100,400.09,431.0,0,0.0,0.0,,0.0,0,0.0,0.0,,0.0,bidTooLow
2022-05-17,8390.0,-2268.0,0.0,100,408.32,431.0,0,0.0,0.0,,0.0,0,0.0,0.0,,0.0,bidTooLow
2022-05-18,8390.0,-3914.0,0.0,100,391.86,431.0,0,0.0,0.0,,0.0,0,0.0,0.0,,0.0,bidTooLow
2022-05-19,8390.0,-4154.0,0.0,100,389.46,431.0,0,0.0,0.0,,0.0,0,0.0,0.0,,0.0,bidTooLow
2022-05-20,8390.0,-4137.0,0.0,100,389.63,431.0,0,0.0,0.0,,0.0,0,0.0,0.0,,0.0,bidTooLow
2022-05-23,8390.0,-3408.0,0.0,100,396.92,431.0,0,0.0,0.0,,0.0,0,0.0,0.0,,0.0,bidTooLow
2022-05-24,8390.0,-3711.0,0.0,100,393.89,431.0,0,0.0,0.0,,0.0,0,0.0,0.0,,0.0,bidTooLow
2022-05-25,8390.0,-3363.0,0.0,100,397.37,431.0,0,0.0,0.0,,0.0,0,0.0,0.0,,0.0,bidTooLow
2022-05-26,8390.0,-2569.0,0.0,100,405.31,431.0,0,0.0,0.0,,0.0,0,0.0,0.0,,0.0,bidTooLow
2022-05-27,8390.0,-1574.0,0.0,100,415.26,431.0,0,0.0,0.0,,0.0,0,0.0,0.0,,0.0,bidTooLow
2022-05-31,8390.0,-1810.0,0.0,100,412.93,431.0,0,0.0,0.0,,0.0,1,0.99,1.02,SPY220603C00421000,421.0,normalDay
2022-06-01,8390.0,-2067.0,0.0,100,409.59,431.0,0,0.0,0.0,,0.0,1,0.99,0.25,SPY220603C00421000,421.0,normalDay
2022-06-02,8390.0,-1341.0,0.0,100,417.39,431.0,0,0.0,0.0,,0.0,1,0.99,0.79,SPY220603C00421000,421.0,normalDay
2022-06-03,8489.0,-2046.0,99.0,100,410.54,431.0,0,0.0,0.0,,0.0,1,0.99,0.0,SPY220603C00421000,421.0,expirationDay
2022-06-06,8489.0,-1924.0,0.0,100,411.79,431.0,0,0.0,0.0,,0.0,1,0.88,0.91,SPY220608C00417000,417.0,normalDay
2022-06-07,8489.0,-1557.0,0.0,100,415.74,431.0,0,0.0,0.0,,0.0,1,0.88,1.19,SPY220608C00417000,417.0,normalDay
2022-06-08,8577.0,-1978.0,88.0,100,411.22,431.0,0,0.0,0.0,,0.0,1,0.88,0.0,SPY220608C00417000,417.0,expirationDay
2022-06-09,8577.0,-2959.0,0.0,100,401.44,431.0,0,0.0,0.0,,0.0,1,0.04,0.07,SPY220610C00419000,419.0,normalDay
2022-06-10,8581.0,-4120.0,4.0,100,389.8,431.0,0,0.0,0.0,,0.0,1,0.04,0.0,SPY220610C00419000,419.0,expirationDay
2022-06-13,8581.0,-5600.0,0.0,100,375.0,431.0,0,0.0,0.0,,0.0,0,0.0,0.0,,0.0,bidTooLow
2022-06-14,8581.0,-5713.0,0.0,100,373.87,431.0,0,0.0,0.0,,0.0,0,0.0,0.0,,0.0,bidTooLow
2022-06-15,8581.0,-5180.0,0.0,100,379.2,431.0,0,0.0,0.0,,0.0,0,0.0,0.0,,0.0,bidTooLow
2022-06-16,8581.0,-6435.0,0.0,100,366.65,431.0,0,0.0,0.0,,0.0,0,0.0,0.0,,0.0,bidTooLow
2022-06-17,8581.0,-6514.0,0.0,100,365.86,431.0,0,0.0,0.0,,0.0,0,0.0,0.0,,0.0,bidTooLow
2022-06-21,8581.0,-5593.0,0.0,100,375.07,431.0,0,0.0,0.0,,0.0,0,0.0,0.0,,0.0,bidTooLow
2022-06-22,8581.0,-5661.0,0.0,100,374.39,431.0,0,0.0,0.0,,0.0,0,0.0,0.0,,0.0,bidTooLow
2022-06-23,8581.0,-5294.0,0.0,100,378.06,431.0,0,0.0,0.0,,0.0,0,0.0,0.0,,0.0,bidTooLow
2022-06-24,8581.0,-4092.0,0.0,100,390.08,431.0,0,0.0,0.0,,0.0,0,0.0,0.0,,0.0,bidTooLow
2022-06-27,8581.0,-4241.0,0.0,100,388.59,431.0,0,0.0,0.0,,0.0,0,0.0,0.0,,0.0,bidTooLow
2022-06-28,8581.0,-5035.0,0.0,100,380.65,431.0,0,0.0,0.0,,0.0,0,0.0,0.0,,0.0,bidTooLow
2022-06-29,8581.0,-5066.0,0.0,100,380.34,431.0,0,0.0,0.0,,0.0,0,0.0,0.0,,0.0,bidTooLow
2022-06-30,8581.0,-5375.0,0.0,100,377.25,431.0,0,0.0,0.0,,0.0,0,0.0,0.0,,0.0,bidTooLow
2022-07-01,8581.0,-4976.0,0.0,100,381.24,431.0,0,0.0,0.0,,0.0,0,0.0,0.0,,0.0,bidTooLow
2022-07-05,8581.0,-4904.0,0.0,100,381.96,431.0,0,0.0,0.0,,0.0,0,0.0,0.0,,0.0,bidTooLow
2022-07-06,8581.0,-4775.0,0.0,100,383.25,431.0,0,0.0,0.0,,0.0,0,0.0,0.0,,0.0,bidTooLow
2022-07-07,8581.0,-4201.0,0.0,100,388.99,431.0,0,0.0,0.0,,0.0,0,0.0,0.0,,0.0,bidTooLow
2022-07-08,8581.0,-4236.0,0.0,100,388.67,431.0,0,0.0,0.0,,0.0,1,0.1,0.13,SPY220711C00396000,396.0,normalDay
2022-07-11,8591.0,-4677.0,10.0,100,384.23,431.0,0,0.0,0.0,,0.0,1,0.1,0.0,SPY220711C00396000,396.0,expirationDay
2022-07-12,8591.0,-5020.0,0.0,100,380.83,431.0,0,0.0,0.0,,0.0,1,0.78,0.81,SPY220715C00391000,391.0,normalDay
2022-07-13,8591.0,-5154.0,0.0,100,378.83,431.0,0,0.0,0.0,,0.0,1,0.78,0.15,SPY220715C00391000,391.0,normalDay
2022-07-14,8591.0,-5235.0,0.0,100,377.91,431.0,0,0.0,0.0,,0.0,1,0.78,0.04,SPY220715C00391000,391.0,normalDay
2022-07-15,8669.0,-4587.0,78.0,100,385.13,431.0,0,0.0,0.0,,0.0,1,0.78,0.0,SPY220715C00391000,391.0,expirationDay
2022-07-18,8669.0,-4908.0,0.0,100,381.95,431.0,0,0.0,0.0,,0.0,1,0.2,0.23,SPY220720C00391000,391.0,normalDay
2022-07-19,8669.0,-4162.0,0.0,100,392.27,431.0,0,0.0,0.0,,0.0,1,0.2,3.09,SPY220720C00391000,391.0,normalDay
2022-07-20,4689.0,-4162.0,-3980.0,0,394.77,0.0,0,0.0,0.0,,0.0,1,0.2,0.0,SPY220720C00391000,391.0,expirationDay
2022-07-21,4689.0,-4.0,0.0,0,398.79,0.0,1,0.97,1.01,SPY220808P00370000,370.0,0,0.0,0.0,,0.0,normalDay
2022-07-22,4689.0,-9.0,0.0,0,395.09,0.0,1,0.97,1.06,SPY220808P00370000,370.0,0,0.0,0.0,,0.0,normalDay
2022-07-25,4689.0,27.0,0.0,0,395.57,0.0,1,0.97,0.7,SPY220808P00370000,370.0,0,0.0,0.0,,0.0,normalDay
2022-07-26,4689.0,-17.0,0.0,0,390.89,0.0,1,0.97,1.14,SPY220808P00370000,370.0,0,0.0,0.0,,0.0,normalDay
2022-07-27,4689.0,60.0,0.0,0,401.04,0.0,1,0.97,0.37,SPY220808P00370000,370.0,0,0.0,0.0,,0.0,normalDay
2022-07-28,4689.0,79.0,0.0,0,406.07,0.0,1,0.97,0.18,SPY220808P00370000,370.0,0,0.0,0.0,,0.0,normalDay
2022-07-29,4689.0,91.0,0.0,0,411.99,0.0,1,0.97,0.06,SPY220808P00370000,370.0,0,0.0,0.0,,0.0,normalDay
2022-08-01,4689.0,92.0,0.0,0,410.77,0.0,1,0.97,0.05,SPY220808P00370000,370.0,0,0.0,0.0,,0.0,normalDay
2022-08-02,4689.0,92.0,0.0,0,408.06,0.0,1,0.97,0.05,SPY220808P00370000,370.0,0,0.0,0.0,,0.0,normalDay
2022-08-03,4689.0,95.0,0.0,0,414.45,0.0,1,0.97,0.02,SPY220808P00370000,370.0,0,0.0,0.0,,0.0,normalDay
2022-08-04,4689.0,96.0,0.0,0,414.17,0.0,1,0.97,0.01,SPY220808P00370000,370.0,0,0.0,0.0,,0.0,normalDay
2022-08-05,4689.0,96.0,0.0,0,413.47,0.0,1,0.97,0.01,SPY220808P00370000,370.0,0,0.0,0.0,,0.0,normalDay
2022-08-08,4786.0,0.0,97.0,0,412.99,0.0,1,0.97,0.0,SPY220808P00370000,370.0,0,0.0,0.0,,0.0,expirationDay
2022-08-09,4786.0,-3.0,0.0,0,411.35,0.0,1,0.4,0.43,SPY220826P00369000,369.0,0,0.0,0.0,,0.0,normalDay
2022-08-10,4786.0,21.0,0.0,0,419.99,0.0,1,0.4,0.19,SPY220826P00369000,369.0,0,0.0,0.0,,0.0,normalDay
2022-08-11,4786.0,22.0,0.0,0,419.99,0.0,1,0.4,0.18,SPY220826P00369000,369.0,0,0.0,0.0,,0.0,normalDay
2022-08-12,4786.0,28.0,0.0,0,427.1,0.0,1,0.4,0.12,SPY220826P00369000,369.0,0,0.0,0.0,,0.0,normalDay
2022-08-15,4786.0,33.0,0.0,0,428.86,0.0,1,0.4,0.07,SPY220826P00369000,369.0,0,0.0,0.0,,0.0,normalDay
2022-08-16,4786.0,34.0,0.0,0,429.7,0.0,1,0.4,0.06,SPY220826P00369000,369.0,0,0.0,0.0,,0.0,normalDay
2022-08-17,4786.0,35.0,0.0,0,426.65,0.0,1,0.4,0.05,SPY220826P00369000,369.0,0,0.0,0.0,,0.0,normalDay
2022-08-18,4786.0,37.0,0.0,0,427.89,0.0,1,0.4,0.03,SPY220826P00369000,369.0,0,0.0,0.0,,0.0,normalDay
2022-08-19,4786.0,37.0,0.0,0,422.14,0.0,1,0.4,0.03,SPY220826P00369000,369.0,0,0.0,0.0,,0.0,normalDay
2022-08-22,4786.0,36.0,0.0,0,413.35,0.0,1,0.4,0.04,SPY220826P00369000,369.0,0,0.0,0.0,,0.0,normalDay
2022-08-23,4786.0,37.0,0.0,0,412.35,0.0,1,0.4,0.03,SPY220826P00369000,369.0,0,0.0,0.0,,0.0,normalDay
2022-08-24,4786.0,38.0,0.0,0,413.67,0.0,1,0.4,0.02,SPY220826P00369000,369.0,0,0.0,0.0,,0.0,normalDay
2022-08-25,4786.0,39.0,0.0,0,419.51,0.0,1,0.4,0.01,SPY220826P00369000,369.0,0,0.0,0.0,,0.0,normalDay
2022-08-26,4826.0,0.0,40.0,0,405.31,0.0,1,0.4,0.0,SPY220826P00369000,369.0,0,0.0,0.0,,0.0,expirationDay
2022-08-29,4826.0,-4.0,0.0,0,402.63,0.0,1,6.61,6.65,SPY220916P00397000,397.0,0,0.0,0.0,,0.0,normalDay
2022-08-30,4826.0,-159.0,0.0,0,398.21,0.0,1,6.61,8.2,SPY220916P00397000,397.0,0,0.0,0.0,,0.0,normalDay
2022-08-31,4826.0,-256.0,0.0,0,395.18,0.0,1,6.61,9.17,SPY220916P00397000,397.0,0,0.0,0.0,,0.0,normalDay
2022-09-01,4826.0,-157.0,0.0,0,396.42,0.0,1,6.61,8.18,SPY220916P00397000,397.0,0,0.0,0.0,,0.0,normalDay
2022-09-02,4826.0,-339.0,0.0,0,392.24,0.0,1,6.61,10.0,SPY220916P00397000,397.0,0,0.0,0.0,,0.0,normalDay
2022-09-06,4826.0,-453.0,0.0,0,390.76,0.0,1,6.61,11.14,SPY220916P00397000,397.0,0,0.0,0.0,,0.0,normalDay
2022-09-07,4826.0,36.0,0.0,0,397.78,0.0,1,6.61,6.25,SPY220916P00397000,397.0,0,0.0,0.0,,0.0,normalDay
2022-09-08,4826.0,246.0,0.0,0,400.38,0.0,1,6.61,4.15,SPY220916P00397000,397.0,0,0.0,0.0,,0.0,normalDay
2022-09-09,4826.0,462.0,0.0,0,406.6,0.0,1,6.61,1.99,SPY220916P00397000,397.0,0,0.0,0.0,,0.0,normalDay
2022-09-12,4826.0,564.0,0.0,0,410.97,0.0,1,6.61,0.97,SPY220916P00397000,397.0,0,0.0,0.0,,0.0,normalDay
2022-09-13,4826.0,-25.0,0.0,0,393.1,0.0,1,6.61,6.86,SPY220916P00397000,397.0,0,0.0,0.0,,0.0,normalDay
2022-09-14,4826.0,111.0,0.0,0,394.6,0.0,1,6.61,5.5,SPY220916P00397000,397.0,0,0.0,0.0,,0.0,normalDay
2022-09-15,4826.0,-121.0,0.0,0,390.12,0.0,1,6.61,7.82,SPY220916P00397000,397.0,0,0.0,0.0,,0.0,normalDay
2022-09-16,5487.0,-1144.0,661.0,100,385.56,397.0,1,6.61,0.0,SPY220916P00397000,397.0,0,0.0,0.0,,0.0,expirationDay
2022-09-19,5487.0,-845.0,0.0,100,388.55,397.0,0,0.0,0.0,,0.0,0,0.0,0.0,,0.0,bidTooLow
2022-09-20,5487.0,-1291.0,0.0,100,384.09,397.0,0,0.0,0.0,,0.0,0,0.0,0.0,,0.0,bidTooLow
2022-09-21,5487.0,-1961.0,0.0,100,377.39,397.0,0,0.0,0.0,,0.0,0,0.0,0.0,,0.0,bidTooLow
2022-09-22,5487.0,-2278.0,0.0,100,374.22,397.0,0,0.0,0.0,,0.0,0,0.0,0.0,,0.0,bidTooLow
2022-09-23,5487.0,-2905.0,0.0,100,367.95,397.0,0,0.0,0.0,,0.0,0,0.0,0.0,,0.0,bidTooLow
2022-09-26,5487.0,-3269.0,0.0,100,364.31,397.0,0,0.0,0.0,,0.0,0,0.0,0.0,,0.0,bidTooLow
2022-09-27,5487.0,-3362.0,0.0,100,363.38,397.0,0,0.0,0.0,,0.0,0,0.0,0.0,,0.0,bidTooLow
2022-09-28,5487.0,-2647.0,0.0,100,370.53,397.0,0,0.0,0.0,,0.0,0,0.0,0.0,,0.0,bidTooLow
2022-09-29,5487.0,-3421.0,0.0,100,362.79,397.0,0,0.0,0.0,,0.0,0,0.0,0.0,,0.0,bidTooLow
2022-09-30,5487.0,-3982.0,0.0,100,357.18,397.0,0,0.0,0.0,,0.0,0,0.0,0.0,,0.0,bidTooLow
2022-10-03,5487.0,-3039.0,0.0,100,366.61,397.0,0,0.0,0.0,,0.0,0,0.0,0.0,,0.0,bidTooLow
2022-10-04,5487.0,-1903.0,0.0,100,377.97,397.0,0,0.0,0.0,,0.0,0,0.0,0.0,,0.0,bidTooLow
2022-10-05,5487.0,-1991.0,0.0,100,377.09,397.0,0,0.0,0.0,,0.0,0,0.0,0.0,,0.0,bidTooLow
2022-10-06,5487.0,-2380.0,0.0,100,373.2,397.0,0,0.0,0.0,,0.0,0,0.0,0.0,,0.0,bidTooLow
2022-10-07,5487.0,-3421.0,0.0,100,362.79,397.0,0,0.0,0.0,,0.0,0,0.0,0.0,,0.0,bidTooLow
2022-10-10,5487.0,-3698.0,0.0,100,360.02,397.0,0,0.0,0.0,,0.0,0,0.0,0.0,,0.0,bidTooLow
2022-10-11,5487.0,-3926.0,0.0,100,357.74,397.0,0,0.0,0.0,,0.0,0,0.0,0.0,,0.0,bidTooLow
2022-10-12,5487.0,-4044.0,0.0,100,356.56,397.0,0,0.0,0.0,,0.0,0,0.0,0.0,,0.0,bidTooLow
2022-10-13,5487.0,-3103.0,0.0,100,365.97,397.0,0,0.0,0.0,,0.0,0,0.0,0.0,,0.0,bidTooLow
2022-10-14,5487.0,-3937.0,0.0,100,357.63,397.0,0,0.0,0.0,,0.0,0,0.0,0.0,,0.0,bidTooLow
2022-10-17,5487.0,-3021.0,0.0,100,366.82,397.0,0,0.0,0.0,,0.0,1,0.14,0.17,SPY221019C00381000,381.0,normalDay
2022-10-18,5487.0,-2592.0,0.0,100,371.13,397.0,0,0.0,0.0,,0.0,1,0.14,0.19,SPY221019C00381000,381.0,normalDay
2022-10-19,5501.0,-2850.0,14.0,100,368.5,397.0,0,0.0,0.0,,0.0,1,0.14,0.0,SPY221019C00381000,381.0,expirationDay
2022-10-20,5501.0,-3162.0,0.0,100,365.41,397.0,0,0.0,0.0,,0.0,1,0.08,0.11,SPY221021C00376000,376.0,normalDay
2022-10-21,5509.0,-2271.0,8.0,100,374.29,397.0,0,0.0,0.0,,0.0,1,0.08,0.0,SPY221021C00376000,376.0,expirationDay
2022-10-24,5509.0,-1816.0,0.0,100,378.87,397.0,0,0.0,0.0,,0.0,1,3.3,3.33,SPY221026C00379000,379.0,normalDay
2022-10-25,5509.0,-1400.0,0.0,100,384.92,397.0,0,0.0,0.0,,0.0,1,3.3,5.22,SPY221026C00379000,379.0,normalDay
2022-10-26,4039.0,-1400.0,-1470.0,0,382.02,0.0,0,0.0,0.0,,0.0,1,3.3,0.0,SPY221026C00379000,379.0,expirationDay
2022-10-27,4039.0,-4.0,0.0,0,379.98,0.0,1,1.21,1.25,SPY221114P00346000,346.0,0,0.0,0.0,,0.0,normalDay
2022-10-28,4039.0,79.0,0.0,0,389.02,0.0,1,1.21,0.42,SPY221114P00346000,346.0,0,0.0,0.0,,0.0,normalDay
2022-10-31,4039.0,88.0,0.0,0,386.21,0.0,1,1.21,0.33,SPY221114P00346000,346.0,0,0.0,0.0,,0.0,normalDay
2022-11-01,4039.0,87.0,0.0,0,384.52,0.0,1,1.21,0.34,SPY221114P00346000,346.0,0,0.0,0.0,,0.0,normalDay
2022-11-02,4039.0,69.0,0.0,0,374.87,0.0,1,1.21,0.52,SPY221114P00346000,346.0,0,0.0,0.0,,0.0,normalDay
2022-11-03,4039.0,72.0,0.0,0,371.01,0.0,1,1.21,0.49,SPY221114P00346000,346.0,0,0.0,0.0,,0.0,normalDay
2022-11-04,4039.0,99.0,0.0,0,376.35,0.0,1,1.21,0.22,SPY221114P00346000,346.0,0,0.0,0.0,,0.0,normalDay
2022-11-07,4039.0,112.0,0.0,0,379.95,0.0,1,1.21,0.09,SPY221114P00346000,346.0,0,0.0,0.0,,0.0,normalDay
2022-11-08,4039.0,111.0,0.0,0,382.0,0.0,1,1.21,0.1,SPY221114P00346000,346.0,0,0.0,0.0,,0.0,normalDay
2022-11-09,4039.0,110.0,0.0,0,374.13,0.0,1,1.21,0.11,SPY221114P00346000,346.0,0,0.0,0.0,,0.0,normalDay
2022-11-10,4039.0,119.0,0.0,0,394.69,0.0,1,1.21,0.02,SPY221114P00346000,346.0,0,0.0,0.0,,0.0,normalDay
2022-11-11,4039.0,120.0,0.0,0,398.51,0.0,1,1.21,0.01,SPY221114P00346000,346.0,0,0.0,0.0,,0.0,normalDay
2022-11-14,4160.0,0.0,121.0,0,395.12,0.0,1,1.21,0.0,SPY221114P00346000,346.0,0,0.0,0.0,,0.0,expirationDay
2022-11-15,4160.0,-4.0,0.0,0,398.49,0.0,1,0.36,0.4,SPY221202P00358000,358.0,0,0.0,0.0,,0.0,normalDay
2022-11-16,4160.0,-1.0,0.0,0,395.45,0.0,1,0.36,0.37,SPY221202P00358000,358.0,0,0.0,0.0,,0.0,normalDay
2022-11-17,4160.0,3.0,0.0,0,394.24,0.0,1,0.36,0.33,SPY221202P00358000,358.0,0,0.0,0.0,,0.0,normalDay
2022-11-18,4160.0,12.0,0.0,0,396.03,0.0,1,0.36,0.24,SPY221202P00358000,358.0,0,0.0,0.0,,0.0,normalDay
2022-11-21,4160.0,21.0,0.0,0,394.59,0.0,1,0.36,0.15,SPY221202P00358000,358.0,0,0.0,0.0,,0.0,normalDay
2022-11-22,4160.0,24.0,0.0,0,399.9,0.0,1,0.36,0.12,SPY221202P00358000,358.0,0,0.0,0.0,,0.0,normalDay
2022-11-23,4160.0,29.0,0.0,0,402.42,0.0,1,0.36,0.07,SPY221202P00358000,358.0,0,0.0,0.0,,0.0,normalDay
2022-11-25,4160.0,31.0,0.0,0,402.33,0.0,1,0.36,0.05,SPY221202P00358000,358.0,0,0.0,0.0,,0.0,normalDay
2022-11-28,4160.0,33.0,0.0,0,395.91,0.0,1,0.36,0.03,SPY221202P00358000,358.0,0,0.0,0.0,,0.0,normalDay
2022-11-29,4160.0,33.0,0.0,0,395.23,0.0,1,0.36,0.03,SPY221202P00358000,358.0,0,0.0,0.0,,0.0,normalDay
2022-11-30,4160.0,34.0,0.0,0,407.68,0.0,1,0.36,0.02,SPY221202P00358000,358.0,0,0.0,0.0,,0.0,normalDay
2022-12-01,4160.0,35.0,0.0,0,407.38,0.0,1,0.36,0.01,SPY221202P00358000,358.0,0,0.0,0.0,,0.0,normalDay
2022-12-02,4196.0,0.0,36.0,0,406.91,0.0,1,0.36,0.0,SPY221202P00358000,358.0,0,0.0,0.0,,0.0,expirationDay
2022-12-05,4196.0,-3.0,0.0,0,399.59,0.0,1,1.16,1.19,SPY221223P00374000,374.0,0,0.0,0.0,,0.0,normalDay
2022-12-06,4196.0,-90.0,0.0,0,393.83,0.0,1,1.16,2.06,SPY221223P00374000,374.0,0,0.0,0.0,,0.0,normalDay
2022-12-07,4196.0,-98.0,0.0,0,393.16,0.0,1,1.16,2.14,SPY221223P00374000,374.0,0,0.0,0.0,,0.0,normalDay
2022-12-08,4196.0,-32.0,0.0,0,396.24,0.0,1,1.16,1.48,SPY221223P00374000,374.0,0,0.0,0.0,,0.0,normalDay
2022-12-09,4196.0,-52.0,0.0,0,393.28,0.0,1,1.16,1.68,SPY221223P00374000,374.0,0,0.0,0.0,,0.0,normalDay
2022-12-12,4196.0,2.0,0.0,0,398.95,0.0,1,1.16,1.14,SPY221223P00374000,374.0,0,0.0,0.0,,0.0,normalDay
2022-12-13,4196.0,78.0,0.0,0,401.97,0.0,1,1.16,0.38,SPY221223P00374000,374.0,0,0.0,0.0,,0.0,normalDay
2022-12-14,4196.0,88.0,0.0,0,399.4,0.0,1,1.16,0.28,SPY221223P00374000,374.0,0,0.0,0.0,,0.0,normalDay
2022-12-15,4196.0,35.0,0.0,0,389.63,0.0,1,1.16,0.81,SPY221223P00374000,374.0,0,0.0,0.0,,0.0,normalDay
2022-12-16,4196.0,0.0,0.0,0,383.27,0.0,1,1.16,1.16,SPY221223P00374000,374.0,0,0.0,0.0,,0.0,normalDay
2022-12-19,4196.0,-14.0,0.0,0,380.02,0.0,1,1.16,1.3,SPY221223P00374000,374.0,0,0.0,0.0,,0.0,normalDay
2022-12-20,4196.0,35.0,0.0,0,380.54,0.0,1,1.16,0.81,SPY221223P00374000,374.0,0,0.0,0.0,,0.0,normalDay
2022-12-21,4196.0,106.0,0.0,0,386.23,0.0,1,1.16,0.1,SPY221223P00374000,374.0,0,0.0,0.0,,0.0,normalDay
2022-12-22,4196.0,89.0,0.0,0,380.72,0.0,1,1.16,0.27,SPY221223P00374000,374.0,0,0.0,0.0,,0.0,normalDay
2022-12-23,4312.0,0.0,116.0,0,382.91,0.0,1,1.16,0.0,SPY221223P00374000,374.0,0,0.0,0.0,,0.0,expirationDay
2022-12-27,4312.0,-4.0,0.0,0,381.4,0.0,1,2.7,2.74,SPY230113P00369000,369.0,0,0.0,0.0,,0.0,normalDay
2022-12-28,4312.0,-125.0,0.0,0,376.66,0.0,1,2.7,3.95,SPY230113P00369000,369.0,0,0.0,0.0,,0.0,normalDay
2022-12-29,4312.0,67.0,0.0,0,383.44,0.0,1,2.7,2.03,SPY230113P00369000,369.0,0,0.0,0.0,,0.0,normalDay
2022-12-30,4312.0,69.0,0.0,0,382.43,0.0,1,2.7,2.01,SPY230113P00369000,369.0,0,0.0,0.0,,0.0,normalDay
2023-01-03,4312.0,56.0,0.0,0,380.82,0.0,1,2.7,2.14,SPY230113P00369000,369.0,0,0.0,0.0,,0.0,normalDay
2023-01-04,4312.0,156.0,0.0,0,383.76,0.0,1,2.7,1.14,SPY230113P00369000,369.0,0,0.0,0.0,,0.0,normalDay
2023-01-05,4312.0,82.0,0.0,0,379.38,0.0,1,2.7,1.88,SPY230113P00369000,369.0,0,0.0,0.0,,0.0,normalDay
2023-01-06,4312.0,236.0,0.0,0,388.08,0.0,1,2.7,0.34,SPY230113P00369000,369.0,0,0.0,0.0,,0.0,normalDay
2023-01-09,4312.0,245.0,0.0,0,387.86,0.0,1,2.7,0.25,SPY230113P00369000,369.0,0,0.0,0.0,,0.0,normalDay
2023-01-10,4312.0,261.0,0.0,0,390.58,0.0,1,2.7,0.09,SPY230113P00369000,369.0,0,0.0,0.0,,0.0,normalDay
2023-01-11,4312.0,265.0,0.0,0,395.52,0.0,1,2.7,0.05,SPY230113P00369000,369.0,0,0.0,0.0,,0.0,normalDay
2023-01-12,4312.0,268.0,0.0,0,396.96,0.0,1,2.7,0.02,SPY230113P00369000,369.0,0,0.0,0.0,,0.0,normalDay
2023-01-13,4582.0,0.0,270.0,0,398.5,0.0,1,2.7,0.0,SPY230113P00369000,369.0,0,0.0,0.0,,0.0,expirationDay
2023-01-17,4582.0,-3.0,0.0,0,397.77,0.0,1,0.5,0.53,SPY230203P00369000,369.0,0,0.0,0.0,,0.0,normalDay
2023-01-18,4582.0,-37.0,0.0,0,391.49,0.0,1,0.5,0.87,SPY230203P00369000,369.0,0,0.0,0.0,,0.0,normalDay
2023-01-19,4582.0,-55.0,0.0,0,388.64,0.0,1,0.5,1.05,SPY230203P00369000,369.0,0,0.0,0.0,,0.0,normalDay
2023-01-20,4582.0,1.0,0.0,0,395.88,0.0,1,0.5,0.49,SPY230203P00369000,369.0,0,0.0,0.0,,0.0,normalDay
2023-01-23,4582.0,21.0,0.0,0,400.63,0.0,1,0.5,0.29,SPY230203P00369000,369.0,0,0.0,0.0,,0.0,normalDay
2023-01-24,4582.0,26.0,0.0,0,400.2,0.0,1,0.5,0.24,SPY230203P00369000,369.0,0,0.0,0.0,,0.0,normalDay
2023-01-25,4582.0,32.0,0.0,0,400.35,0.0,1,0.5,0.18,SPY230203P00369000,369.0,0,0.0,0.0,,0.0,normalDay
2023-01-26,4582.0,41.0,0.0,0,404.75,0.0,1,0.5,0.09,SPY230203P00369000,369.0,0,0.0,0.0,,0.0,normalDay
2023-01-27,4582.0,44.0,0.0,0,405.68,0.0,1,0.5,0.06,SPY230203P00369000,369.0,0,0.0,0.0,,0.0,normalDay
2023-01-30,4582.0,45.0,0.0,0,400.59,0.0,1,0.5,0.05,SPY230203P00369000,369.0,0,0.0,0.0,,0.0,normalDay
2023-01-31,4582.0,46.0,0.0,0,406.48,0.0,1,0.5,0.04,SPY230203P00369000,369.0,0,0.0,0.0,,0.0,normalDay
2023-02-01,4582.0,47.0,0.0,0,410.8,0.0,1,0.5,0.03,SPY230203P00369000,369.0,0,0.0,0.0,,0.0,normalDay
2023-02-02,4582.0,49.0,0.0,0,416.78,0.0,1,0.5,0.01,SPY230203P00369000,369.0,0,0.0,0.0,,0.0,normalDay
2023-02-03,4632.0,0.0,50.0,0,412.35,0.0,1,0.5,0.0,SPY230203P00369000,369.0,0,0.0,0.0,,0.0,expirationDay
2023-02-06,4632.0,-3.0,0.0,0,409.83,0.0,1,0.61,0.64,SPY230224P00380000,380.0,0,0.0,0.0,,0.0,normalDay
2023-02-07,4632.0,24.0,0.0,0,415.19,0.0,1,0.61,0.37,SPY230224P00380000,380.0,0,0.0,0.0,,0.0,normalDay
2023-02-08,4632.0,12.0,0.0,0,410.65,0.0,1,0.61,0.49,SPY230224P00380000,380.0,0,0.0,0.0,,0.0,normalDay
2023-02-09,4632.0,-9.0,0.0,0,407.09,0.0,1,0.61,0.7,SPY230224P00380000,380.0,0,0.0,0.0,,0.0,normalDay
2023-02-10,4632.0,11.0,0.0,0,408.04,0.0,1,0.61,0.5,SPY230224P00380000,380.0,0,0.0,0.0,,0.0,normalDay
2023-02-13,4632.0,36.0,0.0,0,412.83,0.0,1,0.61,0.25,SPY230224P00380000,380.0,0,0.0,0.0,,0.0,normalDay
2023-02-14,4632.0,45.0,0.0,0,412.64,0.0,1,0.61,0.16,SPY230224P00380000,380.0,0,0.0,0.0,,0.0,normalDay
2023-02-15,4632.0,52.0,0.0,0,413.98,0.0,1,0.61,0.09,SPY230224P00380000,380.0,0,0.0,0.0,,0.0,normalDay
2023-02-16,4632.0,36.0,0.0,0,408.28,0.0,1,0.61,0.25,SPY230224P00380000,380.0,0,0.0,0.0,,0.0,normalDay
2023-02-17,4632.0,55.0,0.0,0,407.26,0.0,1,0.61,0.06,SPY230224P00380000,380.0,0,0.0,0.0,,0.0,normalDay
2023-02-21,4632.0,51.0,0.0,0,399.09,0.0,1,0.61,0.1,SPY230224P00380000,380.0,0,0.0,0.0,,0.0,normalDay
2023-02-22,4632.0,57.0,0.0,0,398.54,0.0,1,0.61,0.04,SPY230224P00380000,380.0,0,0.0,0.0,,0.0,normalDay
2023-02-23,4632.0,59.0,0.0,0,400.66,0.0,1,0.61,0.02,SPY230224P00380000,380.0,0,0.0,0.0,,0.0,normalDay
2023-02-24,4693.0,0.0,61.0,0,396.38,0.0,1,0.61,0.0,SPY230224P00380000,380.0,0,0.0,0.0,,0.0,expirationDay
2023-02-27,4693.0,-4.0,0.0,0,397.73,0.0,1,4.4,4.44,SPY230317P00391000,391.0,0,0.0,0.0,,0.0,normalDay
2023-02-28,4693.0,-45.0,0.0,0,396.26,0.0,1,4.4,4.85,SPY230317P00391000,391.0,0,0.0,0.0,,0.0,normalDay
2023-03-01,4693.0,-84.0,0.0,0,394.74,0.0,1,4.4,5.24,SPY230317P00391000,391.0,0,0.0,0.0,,0.0,normalDay
2023-03-02,4693.0,61.0,0.0,0,397.81,0.0,1,4.4,3.79,SPY230317P00391000,391.0,0,0.0,0.0,,0.0,normalDay
2023-03-03,4693.0,262.0,0.0,0,404.19,0.0,1,4.4,1.78,SPY230317P00391000,391.0,0,0.0,0.0,,0.0,normalDay
2023-03-06,4693.0,285.0,0.0,0,404.47,0.0,1,4.4,1.55,SPY230317P00391000,391.0,0,0.0,0.0,,0.0,normalDay
2023-03-07,4693.0,144.0,0.0,0,398.27,0.0,1,4.4,2.96,SPY230317P00391000,391.0,0,0.0,0.0,,0.0,normalDay
2023-03-08,4693.0,183.0,0.0,0,398.92,0.0,1,4.4,2.57,SPY230317P00391000,391.0,0,0.0,0.0,,0.0,normalDay
2023-03-09,4693.0,-174.0,0.0,0,391.56,0.0,1,4.4,6.14,SPY230317P00391000,391.0,0,0.0,0.0,,0.0,normalDay
2023-03-10,4693.0,-456.0,0.0,0,385.91,0.0,1,4.4,8.96,SPY230317P00391000,391.0,0,0.0,0.0,,0.0,normalDay
2023-03-13,4693.0,-463.0,0.0,0,385.36,0.0,1,4.4,9.03,SPY230317P00391000,391.0,0,0.0,0.0,,0.0,normalDay
2023-03-14,4693.0,39.0,0.0,0,391.73,0.0,1,4.4,4.01,SPY230317P00391000,391.0,0,0.0,0.0,,0.0,normalDay
2023-03-15,4693.0,-64.0,0.0,0,389.28,0.0,1,4.4,5.04,SPY230317P00391000,391.0,0,0.0,0.0,,0.0,normalDay
2023-03-16,4693.0,359.0,0.0,0,396.11,0.0,1,4.4,0.81,SPY230317P00391000,391.0,0,0.0,0.0,,0.0,normalDay
2023-03-17,5133.0,-101.0,440.0,100,389.99,391.0,1,4.4,0.0,SPY230317P00391000,391.0,0,0.0,0.0,,0.0,expirationDay
2023-03-20,5133.0,271.0,0.0,100,393.74,391.0,0,0.0,0.0,,0.0,1,0.43,0.46,SPY230323C00405000,405.0,normalDay
2023-03-21,5133.0,725.0,0.0,100,398.91,391.0,0,0.0,0.0,,0.0,1,0.43,1.09,SPY230323C00405000,405.0,normalDay
2023-03-22,5133.0,151.0,0.0,100,392.11,391.0,0,0.0,0.0,,0.0,1,0.43,0.03,SPY230323C00405000,405.0,normalDay
2023-03-23,5176.0,217.0,43.0,100,393.17,391.0,0,0.0,0.0,,0.0,1,0.43,0.0,SPY230323C00405000,405.0,expirationDay
2023-03-24,5176.0,472.0,0.0,100,395.75,391.0,0,0.0,0.0,,0.0,1,0.02,0.05,SPY230327C00404000,404.0,normalDay
2023-03-27,5178.0,549.0,2.0,100,396.49,391.0,0,0.0,0.0,,0.0,1,0.02,0.0,SPY230327C00404000,404.0,expirationDay
2023-03-28,5178.0,457.0,0.0,100,395.6,391.0,0,0.0,0.0,,0.0,1,0.39,0.42,SPY230331C00403000,403.0,normalDay
2023-03-29,5178.0,945.0,0.0,100,401.35,391.0,0,0.0,0.0,,0.0,1,0.39,1.29,SPY230331C00403000,403.0,normalDay
2023-03-30,5178.0,1125.0,0.0,100,403.7,391.0,0,0.0,0.0,,0.0,1,0.39,1.84,SPY230331C00403000,403.0,normalDay
2023-03-31,6417.0,1125.0,1239.0,0,409.39,0.0,0,0.0,0.0,,0.0,1,0.39,0.0,SPY230331C00403000,403.0,expirationDay
2023-04-03,6417.0,-3.0,0.0,0,410.95,0.0,1,0.44,0.47,SPY230421P00379000,379.0,0,0.0,0.0,,0.0,normalDay
2023-04-04,6417.0,-5.0,0.0,0,408.67,0.0,1,0.44,0.49,SPY230421P00379000,379.0,0,0.0,0.0,,0.0,normalDay
2023-04-05,6417.0,0.0,0.0,0,407.6,0.0,1,0.44,0.44,SPY230421P00379000,379.0,0,0.0,0.0,,0.0,normalDay
2023-04-06,6417.0,15.0,0.0,0,409.19,0.0,1,0.44,0.29,SPY230421P00379000,379.0,0,0.0,0.0,,0.0,normalDay
2023-04-10,6417.0,24.0,0.0,0,409.61,0.0,1,0.44,0.2,SPY230421P00379000,379.0,0,0.0,0.0,,0.0,normalDay
2023-04-11,6417.0,25.0,0.0,0,409.72,0.0,1,0.44,0.19,SPY230421P00379000,379.0,0,0.0,0.0,,0.0,normalDay
2023-04-12,6417.0,27.0,0.0,0,408.05,0.0,1,0.44,0.17,SPY230421P00379000,379.0,0,0.0,0.0,,0.0,normalDay
2023-04-13,6417.0,35.0,0.0,0,413.47,0.0,1,0.44,0.09,SPY230421P00379000,379.0,0,0.0,0.0,,0.0,normalDay
2023-04-14,6417.0,38.0,0.0,0,412.46,0.0,1,0.44,0.06,SPY230421P00379000,379.0,0,0.0,0.0,,0.0,normalDay
2023-04-17,6417.0,40.0,0.0,0,413.94,0.0,1,0.44,0.04,SPY230421P00379000,379.0,0,0.0,0.0,,0.0,normalDay
2023-04-18,6417.0,40.0,0.0,0,414.21,0.0,1,0.44,0.04,SPY230421P00379000,379.0,0,0.0,0.0,,0.0,normalDay
2023-04-19,6417.0,41.0,0.0,0,414.14,0.0,1,0.44,0.03,SPY230421P00379000,379.0,0,0.0,0.0,,0.0,normalDay
2023-04-20,6417.0,43.0,0.0,0,411.88,0.0,1,0.44,0.01,SPY230421P00379000,379.0,0,0.0,0.0,,0.0,normalDay
2023-04-21,6461.0,0.0,44.0,0,412.2,0.0,1,0.44,0.0,SPY230421P00379000,379.0,0,0.0,0.0,,0.0,expirationDay
2023-04-24,6461.0,-4.0,0.0,0,412.63,0.0,1,1.29,1.33,SPY230512P00395000,395.0,0,0.0,0.0,,0.0,normalDay
2023-04-25,6461.0,-113.0,0.0,0,406.08,0.0,1,1.29,2.42,SPY230512P00395000,395.0,0,0.0,0.0,,0.0,normalDay
2023-04-26,6461.0,-155.0,0.0,0,404.36,0.0,1,1.29,2.84,SPY230512P00395000,395.0,0,0.0,0.0,,0.0,normalDay
2023-04-27,6461.0,33.0,0.0,0,412.41,0.0,1,1.29,0.96,SPY230512P00395000,395.0,0,0.0,0.0,,0.0,normalDay
2023-04-28,6461.0,75.0,0.0,0,415.93,0.0,1,1.29,0.54,SPY230512P00395000,395.0,0,0.0,0.0,,0.0,normalDay
2023-05-01,6461.0,85.0,0.0,0,415.51,0.0,1,1.29,0.44,SPY230512P00395000,395.0,0,0.0,0.0,,0.0,normalDay
2023-05-02,6461.0,41.0,0.0,0,410.84,0.0,1,1.29,0.88,SPY230512P00395000,395.0,0,0.0,0.0,,0.0,normalDay
2023-05-03,6461.0,27.0,0.0,0,408.02,0.0,1,1.29,1.02,SPY230512P00395000,395.0,0,0.0,0.0,,0.0,normalDay
2023-05-04,6461.0,-31.0,0.0,0,405.13,0.0,1,1.29,1.6,SPY230512P00395000,395.0,0,0.0,0.0,,0.0,normalDay
2023-05-05,6461.0,104.0,0.0,0,412.63,0.0,1,1.29,0.25,SPY230512P00395000,395.0,0,0.0,0.0,,0.0,normalDay
2023-05-08,6461.0,119.0,0.0,0,412.74,0.0,1,1.29,0.1,SPY230512P00395000,395.0,0,0.0,0.0,,0.0,normalDay
2023-05-09,6461.0,120.0,0.0,0,410.93,0.0,1,1.29,0.09,SPY230512P00395000,395.0,0,0.0,0.0,,0.0,normalDay
2023-05-10,6461.0,124.0,0.0,0,412.85,0.0,1,1.29,0.05,SPY230512P00395000,395.0,0,0.0,0.0,,0.0,normalDay
2023-05-11,6461.0,127.0,0.0,0,412.13,0.0,1,1.29,0.02,SPY230512P00395000,395.0,0,0.0,0.0,,0.0,normalDay
2023-05-12,6590.0,0.0,129.0,0,411.59,0.0,1,1.29,0.0,SPY230512P00395000,395.0,0,0.0,0.0,,0.0,expirationDay
2023-05-15,6590.0,-3.0,0.0,0,413.01,0.0,1,1.99,2.02,SPY230602P00403000,403.0,0,0.0,0.0,,0.0,normalDay
2023-05-16,6590.0,-71.0,0.0,0,410.25,0.0,1,1.99,2.7,SPY230602P00403000,403.0,0,0.0,0.0,,0.0,normalDay
2023-05-17,6590.0,49.0,0.0,0,415.23,0.0,1,1.99,1.5,SPY230602P00403000,403.0,0,0.0,0.0,,0.0,normalDay
2023-05-18,6590.0,115.0,0.0,0,419.23,0.0,1,1.99,0.84,SPY230602P00403000,403.0,0,0.0,0.0,,0.0,normalDay
2023-05-19,6590.0,112.0,0.0,0,418.62,0.0,1,1.99,0.87,SPY230602P00403000,403.0,0,0.0,0.0,,0.0,normalDay
2023-05-22,6590.0,125.0,0.0,0,418.79,0.0,1,1.99,0.74,SPY230602P00403000,403.0,0,0.0,0.0,,0.0,normalDay
2023-05-23,6590.0,68.0,0.0,0,414.09,0.0,1,1.99,1.31,SPY230602P00403000,403.0,0,0.0,0.0,,0.0,normalDay
2023-05-24,6590.0,14.0,0.0,0,411.09,0.0,1,1.99,1.85,SPY230602P00403000,403.0,0,0.0,0.0,,0.0,normalDay
2023-05-25,6590.0,100.0,0.0,0,414.65,0.0,1,1.99,0.99,SPY230602P00403000,403.0,0,0.0,0.0,,0.0,normalDay
2023-05-26,6590.0,153.0,0.0,0,420.02,0.0,1,1.99,0.46,SPY230602P00403000,403.0,0,0.0,0.0,,0.0,normalDay
2023-05-30,6590.0,188.0,0.0,0,420.18,0.0,1,1.99,0.11,SPY230602P00403000,403.0,0,0.0,0.0,,0.0,normalDay
2023-05-31,6590.0,190.0,0.0,0,417.85,0.0,1,1.99,0.09,SPY230602P00403000,403.0,0,0.0,0.0,,0.0,normalDay
2023-06-01,6590.0,196.0,0.0,0,421.82,0.0,1,1.99,0.03,SPY230602P00403000,403.0,0,0.0,0.0,,0.0,normalDay
2023-06-02,6789.0,0.0,199.0,0,427.92,0.0,1,1.99,0.0,SPY230602P00403000,403.0,0,0.0,0.0,,0.0,expirationDay
2023-06-05,6789.0,-3.0,0.0,0,427.1,0.0,1,0.58,0.61,SPY230623P00404000,404.0,0,0.0,0.0,,0.0,normalDay
2023-06-06,6789.0,10.0,0.0,0,428.03,0.0,1,0.58,0.48,SPY230623P00404000,404.0,0,0.0,0.0,,0.0,normalDay
2023-06-07,6789.0,8.0,0.0,0,426.55,0.0,1,0.58,0.5,SPY230623P00404000,404.0,0,0.0,0.0,,0.0,normalDay
2023-06-08,6789.0,22.0,0.0,0,429.13,0.0,1,0.58,0.36,SPY230623P00404000,404.0,0,0.0,0.0,,0.0,normalDay
2023-06-09,6789.0,28.0,0.0,0,429.9,0.0,1,0.58,0.3,SPY230623P00404000,404.0,0,0.0,0.0,,0.0,normalDay
2023-06-12,6789.0,36.0,0.0,0,433.8,0.0,1,0.58,0.22,SPY230623P00404000,404.0,0,0.0,0.0,,0.0,normalDay
2023-06-13,6789.0,40.0,0.0,0,436.66,0.0,1,0.58,0.18,SPY230623P00404000,404.0,0,0.0,0.0,,0.0,normalDay
2023-06-14,6789.0,47.0,0.0,0,437.18,0.0,1,0.58,0.11,SPY230623P00404000,404.0,0,0.0,0.0,,0.0,normalDay
2023-06-15,6789.0,48.0,0.0,0,442.6,0.0,1,0.58,0.1,SPY230623P00404000,404.0,0,0.0,0.0,,0.0,normalDay
2023-06-16,6789.0,54.0,0.0,0,439.46,0.0,1,0.58,0.04,SPY230623P00404000,404.0,0,0.0,0.0,,0.0,normalDay
2023-06-20,6789.0,55.0,0.0,0,437.18,0.0,1,0.58,0.03,SPY230623P00404000,404.0,0,0.0,0.0,,0.0,normalDay
2023-06-21,6789.0,56.0,0.0,0,434.94,0.0,1,0.58,0.02,SPY230623P00404000,404.0,0,0.0,0.0,,0.0,normalDay
2023-06-22,6789.0,57.0,0.0,0,436.51,0.0,1,0.58,0.01,SPY230623P00404000,404.0,0,0.0,0.0,,0.0,normalDay
2023-06-23,6847.0,0.0,58.0,0,433.21,0.0,1,0.58,0.0,SPY230623P00404000,404.0,0,0.0,0.0,,0.0,expirationDay
2023-06-26,6847.0,-3.0,0.0,0,431.44,0.0,1,0.68,0.71,SPY230714P00413000,413.0,0,0.0,0.0,,0.0,normalDay
2023-06-27,6847.0,27.0,0.0,0,436.17,0.0,1,0.68,0.41,SPY230714P00413000,413.0,0,0.0,0.0,,0.0,normalDay
2023-06-28,6847.0,37.0,0.0,0,436.39,0.0,1,0.68,0.31,SPY230714P00413000,413.0,0,0.0,0.0,,0.0,normalDay
2023-06-29,6847.0,43.0,0.0,0,438.11,0.0,1,0.68,0.25,SPY230714P00413000,413.0,0,0.0,0.0,,0.0,normalDay
2023-06-30,6847.0,50.0,0.0,0,443.28,0.0,1,0.68,0.18,SPY230714P00413000,413.0,0,0.0,0.0,,0.0,normalDay
2023-07-03,6847.0,54.0,0.0,0,443.79,0.0,1,0.68,0.14,SPY230714P00413000,413.0,0,0.0,0.0,,0.0,normalDay
2023-07-05,6847.0,56.0,0.0,0,443.13,0.0,1,0.68,0.12,SPY230714P00413000,413.0,0,0.0,0.0,,0.0,normalDay
2023-07-06,6847.0,54.0,0.0,0,439.66,0.0,1,0.68,0.14,SPY230714P00413000,413.0,0,0.0,0.0,,0.0,normalDay
2023-07-07,6847.0,60.0,0.0,0,438.55,0.0,1,0.68,0.08,SPY230714P00413000,413.0,0,0.0,0.0,,0.0,normalDay
2023-07-10,6847.0,64.0,0.0,0,439.66,0.0,1,0.68,0.04,SPY230714P00413000,413.0,0,0.0,0.0,,0.0,normalDay
2023-07-11,6847.0,64.0,0.0,0,442.46,0.0,1,0.68,0.04,SPY230714P00413000,413.0,0,0.0,0.0,,0.0,normalDay
2023-07-12,6847.0,65.0,0.0,0,446.02,0.0,1,0.68,0.03,SPY230714P00413000,413.0,0,0.0,0.0,,0.0,normalDay
2023-07-13,6847.0,66.0,0.0,0,449.56,0.0,1,0.68,0.02,SPY230714P00413000,413.0,0,0.0,0.0,,0.0,normalDay
2023-07-14,6915.0,0.0,68.0,0,449.28,0.0,1,0.68,0.0,SPY230714P00413000,413.0,0,0.0,0.0,,0.0,expirationDay
2023-07-17,6915.0,-3.0,0.0,0,450.84,0.0,1,0.42,0.45,SPY230804P00427000,427.0,0,0.0,0.0,,0.0,normalDay
2023-07-18,6915.0,10.0,0.0,0,454.19,0.0,1,0.42,0.32,SPY230804P00427000,427.0,0,0.0,0.0,,0.0,normalDay
2023-07-19,6915.0,11.0,0.0,0,455.2,0.0,1,0.42,0.31,SPY230804P00427000,427.0,0,0.0,0.0,,0.0,normalDay
2023-07-20,6915.0,6.0,0.0,0,452.18,0.0,1,0.42,0.36,SPY230804P00427000,427.0,0,0.0,0.0,,0.0,normalDay
2023-07-21,6915.0,15.0,0.0,0,452.18,0.0,1,0.42,0.27,SPY230804P00427000,427.0,0,0.0,0.0,,0.0,normalDay
2023-07-24,6915.0,23.0,0.0,0,454.2,0.0,1,0.42,0.19,SPY230804P00427000,427.0,0,0.0,0.0,,0.0,normalDay
2023-07-25,6915.0,26.0,0.0,0,455.44,0.0,1,0.42,0.16,SPY230804P00427000,427.0,0,0.0,0.0,,0.0,normalDay
2023-07-26,6915.0,32.0,0.0,0,455.51,0.0,1,0.42,0.1,SPY230804P00427000,427.0,0,0.0,0.0,,0.0,normalDay
2023-07-27,6915.0,26.0,0.0,0,452.49,0.0,1,0.42,0.16,SPY230804P00427000,427.0,0,0.0,0.0,,0.0,normalDay
2023-07-28,6915.0,37.0,0.0,0,456.92,0.0,1,0.42,0.05,SPY230804P00427000,427.0,0,0.0,0.0,,0.0,normalDay
2023-07-31,6915.0,38.0,0.0,0,457.79,0.0,1,0.42,0.04,SPY230804P00427000,427.0,0,0.0,0.0,,0.0,normalDay
2023-08-01,6915.0,39.0,0.0,0,456.48,0.0,1,0.42,0.03,SPY230804P00427000,427.0,0,0.0,0.0,,0.0,normalDay
2023-08-02,6915.0,36.0,0.0,0,450.13,0.0,1,0.42,0.06,SPY230804P00427000,427.0,0,0.0,0.0,,0.0,normalDay
2023-08-03,6915.0,40.0,0.0,0,448.84,0.0,1,0.42,0.02,SPY230804P00427000,427.0,0,0.0,0.0,,0.0,normalDay
2023-08-04,6957.0,0.0,42.0,0,446.81,0.0,1,0.42,0.0,SPY230804P00427000,427.0,0,0.0,0.0,,0.0,expirationDay
2023-08-07,6957.0,-3.0,0.0,0,450.71,0.0,1,2.24,2.27,SPY230825P00442000,442.0,0,0.0,0.0,,0.0,normalDay
2023-08-08,6957.0,-47.0,0.0,0,448.75,0.0,1,2.24,2.71,SPY230825P00442000,442.0,0,0.0,0.0,,0.0,normalDay
2023-08-09,6957.0,-114.0,0.0,0,445.75,0.0,1,2.24,3.38,SPY230825P00442000,442.0,0,0.0,0.0,,0.0,normalDay
2023-08-10,6957.0,-111.0,0.0,0,445.91,0.0,1,2.24,3.35,SPY230825P00442000,442.0,0,0.0,0.0,,0.0,normalDay
2023-08-11,6957.0,-62.0,0.0,0,445.65,0.0,1,2.24,2.86,SPY230825P00442000,442.0,0,0.0,0.0,,0.0,normalDay
2023-08-14,6957.0,38.0,0.0,0,448.11,0.0,1,2.24,1.86,SPY230825P00442000,442.0,0,0.0,0.0,,0.0,normalDay
2023-08-15,6957.0,-151.0,0.0,0,442.89,0.0,1,2.24,3.75,SPY230825P00442000,442.0,0,0.0,0.0,,0.0,normalDay
2023-08-16,6957.0,-270.0,0.0,0,439.64,0.0,1,2.24,4.94,SPY230825P00442000,442.0,0,0.0,0.0,,0.0,normalDay
2023-08-17,6957.0,-497.0,0.0,0,436.29,0.0,1,2.24,7.21,SPY230825P00442000,442.0,0,0.0,0.0,,0.0,normalDay
2023-08-18,6957.0,-438.0,0.0,0,436.5,0.0,1,2.24,6.62,SPY230825P00442000,442.0,0,0.0,0.0,,0.0,normalDay
2023-08-21,6957.0,-230.0,0.0,0,439.34,0.0,1,2.24,4.54,SPY230825P00442000,442.0,0,0.0,0.0,,0.0,normalDay
2023-08-22,6957.0,-265.0,0.0,0,438.15,0.0,1,2.24,4.89,SPY230825P00442000,442.0,0,0.0,0.0,,0.0,normalDay
2023-08-23,6957.0,33.0,0.0,0,443.03,0.0,1,2.24,1.91,SPY230825P00442000,442.0,0,0.0,0.0,,0.0,normalDay
2023-08-24,6957.0,-321.0,0.0,0,436.89,0.0,1,2.24,5.45,SPY230825P00442000,442.0,0,0.0,0.0,,0.0,normalDay
2023-08-25,7181.0,-203.0,224.0,100,439.97,442.0,1,2.24,0.0,SPY230825P00442000,442.0,0,0.0,0.0,,0.0,expirationDay
2023-08-28,7181.0,73.0,0.0,100,442.76,442.0,0,0.0,0.0,,0.0,1,0.01,0.04,SPY230831C00454000,454.0,normalDay
2023-08-29,7181.0,683.0,0.0,100,449.16,442.0,0,0.0,0.0,,0.0,1,0.01,0.34,SPY230831C00454000,454.0,normalDay
2023-08-30,7181.0,872.0,0.0,100,451.01,442.0,0,0.0,0.0,,0.0,1,0.01,0.3,SPY230831C00454000,454.0,normalDay
2023-08-31,7182.0,835.0,1.0,100,450.35,442.0,0,0.0,0.0,,0.0,1,0.01,0.0,SPY230831C00454000,454.0,expirationDay
2023-09-01,7182.0,919.0,0.0,100,451.19,442.0,0,0.0,0.0,,0.0,0,0.0,0.0,,0.0,bidTooLow
2023-09-05,7182.0,721.0,0.0,100,449.24,442.0,0,0.0,0.0,,0.0,1,0.55,0.58,SPY230908C00453000,453.0,normalDay
2023-09-06,7182.0,471.0,0.0,100,446.22,442.0,0,0.0,0.0,,0.0,1,0.55,0.06,SPY230908C00453000,453.0,normalDay
2023-09-07,7182.0,338.0,0.0,100,444.85,442.0,0,0.0,0.0,,0.0,1,0.55,0.02,SPY230908C00453000,453.0,normalDay
2023-09-08,7237.0,352.0,55.0,100,445.52,442.0,0,0.0,0.0,,0.0,1,0.55,0.0,SPY230908C00453000,453.0,expirationDay
2023-09-11,7237.0,642.0,0.0,100,448.45,442.0,0,0.0,0.0,,0.0,1,0.43,0.46,SPY230914C00453000,453.0,normalDay
2023-09-12,7237.0,429.0,0.0,100,445.99,442.0,0,0.0,0.0,,0.0,1,0.43,0.13,SPY230914C00453000,453.0,normalDay
2023-09-13,7237.0,492.0,0.0,100,446.51,442.0,0,0.0,0.0,,0.0,1,0.43,0.02,SPY230914C00453000,453.0,normalDay
2023-09-14,7280.0,836.0,43.0,100,450.36,442.0,0,0.0,0.0,,0.0,1,0.43,0.0,SPY230914C00453000,453.0,expirationDay
2023-09-15,7280.0,137.0,0.0,100,443.37,442.0,0,0.0,0.0,,0.0,0,0.0,0.0,,0.0,bidTooLow
2023-09-18,7280.0,160.0,0.0,100,443.63,442.0,0,0.0,0.0,,0.0,1,0.03,0.06,SPY230921C00453000,453.0,normalDay
2023-09-19,7280.0,71.0,0.0,100,442.71,442.0,0,0.0,0.0,,0.0,1,0.03,0.03,SPY230921C00453000,453.0,normalDay
2023-09-20,7280.0,-334.0,0.0,100,438.64,442.0,0,0.0,0.0,,0.0,1,0.03,0.01,SPY230921C00453000,453.0,normalDay
2023-09-21,7283.0,-1061.0,3.0,100,431.39,442.0,0,0.0,0.0,,0.0,1,0.03,0.0,SPY230921C00453000,453.0,expirationDay
2023-09-22,7283.0,-1158.0,0.0,100,430.42,442.0,0,0.0,0.0,,0.0,0,0.0,0.0,,0.0,bidTooLow
2023-09-25,7283.0,-977.0,0.0,100,432.23,442.0,0,0.0,0.0,,0.0,0,0.0,0.0,,0.0,bidTooLow
2023-09-26,7283.0,-1612.0,0.0,100,425.88,442.0,0,0.0,0.0,,0.0,0,0.0,0.0,,0.0,bidTooLow
2023-09-27,7283.0,-1595.0,0.0,100,426.05,442.0,0,0.0,0.0,,0.0,0,0.0,0.0,,0.0,bidTooLow
2023-09-28,7283.0,-1348.0,0.0,100,428.52,442.0,0,0.0,0.0,,0.0,0,0.0,0.0,,0.0,bidTooLow
2023-09-29,7283.0,-1452.0,0.0,100,427.48,442.0,0,0.0,0.0,,0.0,0,0.0,0.0,,0.0,bidTooLow
2023-10-02,7283.0,-1469.0,0.0,100,427.31,442.0,0,0.0,0.0,,0.0,0,0.0,0.0,,0.0,bidTooLow
2023-10-03,7283.0,-2041.0,0.0,100,421.59,442.0,0,0.0,0.0,,0.0,0,0.0,0.0,,0.0,bidTooLow
2023-10-04,7283.0,-1734.0,0.0,100,424.66,442.0,0,0.0,0.0,,0.0,0,0.0,0.0,,0.0,bidTooLow
2023-10-05,7283.0,-1750.0,0.0,100,424.5,442.0,0,0.0,0.0,,0.0,0,0.0,0.0,,0.0,bidTooLow
2023-10-06,7283.0,-1246.0,0.0,100,429.54,442.0,0,0.0,0.0,,0.0,0,0.0,0.0,,0.0,bidTooLow
2023-10-09,7283.0,-971.0,0.0,100,432.29,442.0,0,0.0,0.0,,0.0,0,0.0,0.0,,0.0,bidTooLow
2023-10-10,7283.0,-749.0,0.0,100,434.54,442.0,0,0.0,0.0,,0.0,1,0.03,0.06,SPY231013C00447000,447.0,normalDay
2023-10-11,7283.0,-568.0,0.0,100,436.32,442.0,0,0.0,0.0,,0.0,1,0.03,0.03,SPY231013C00447000,447.0,normalDay
2023-10-12,7283.0,-832.0,0.0,100,433.66,442.0,0,0.0,0.0,,0.0,1,0.03,0.01,SPY231013C00447000,447.0,normalDay
2023-10-13,7286.0,-1050.0,3.0,100,431.5,442.0,0,0.0,0.0,,0.0,1,0.03,0.0,SPY231013C00447000,447.0,expirationDay
2023-10-16,7286.0,-599.0,0.0,100,436.04,442.0,0,0.0,0.0,,0.0,1,0.97,1.0,SPY231019C00440000,440.0,normalDay
2023-10-17,7286.0,-569.0,0.0,100,436.02,442.0,0,0.0,0.0,,0.0,1,0.97,0.68,SPY231019C00440000,440.0,normalDay
2023-10-18,7286.0,-1086.0,0.0,100,430.21,442.0,0,0.0,0.0,,0.0,1,0.97,0.04,SPY231019C00440000,440.0,normalDay
2023-10-19,7383.0,-1557.0,97.0,100,426.43,442.0,0,0.0,0.0,,0.0,1,0.97,0.0,SPY231019C00440000,440.0,expirationDay
2023-10-20,7383.0,-2081.0,0.0,100,421.19,442.0,0,0.0,0.0,,0.0,0,0.0,0.0,,0.0,bidTooLow
2023-10-23,7383.0,-2154.0,0.0,100,420.46,442.0,0,0.0,0.0,,0.0,0,0.0,0.0,,0.0,bidTooLow
2023-10-24,7383.0,-1840.0,0.0,100,423.63,442.0,0,0.0,0.0,,0.0,1,0.01,0.04,SPY231027C00437500,437.5,normalDay
2023-10-25,7383.0,-2446.0,0.0,100,417.55,442.0,0,0.0,0.0,,0.0,1,0.01,0.02,SPY231027C00437500,437.5,normalDay
2023-10-26,7383.0,-2945.0,0.0,100,412.55,442.0,0,0.0,0.0,,0.0,1,0.01,0.01,SPY231027C00437500,437.5,normalDay
2023-10-27,7384.0,-3132.0,1.0,100,410.68,442.0,0,0.0,0.0,,0.0,1,0.01,0.0,SPY231027C00437500,437.5,expirationDay
2023-10-30,7384.0,-2641.0,0.0,100,415.59,442.0,0,0.0,0.0,,0.0,0,0.0,0.0,,0.0,bidTooLow
2023-10-31,7384.0,-2380.0,0.0,100,418.2,442.0,0,0.0,0.0,,0.0,0,0.0,0.0,,0.0,bidTooLow
2023-11-01,7384.0,-1934.0,0.0,100,422.66,442.0,0,0.0,0.0,,0.0,0,0.0,0.0,,0.0,bidTooLow
2023-11-02,7384.0,-1124.0,0.0,100,430.76,442.0,0,0.0,0.0,,0.0,0,0.0,0.0,,0.0,bidTooLow
2023-11-03,7384.0,-734.0,0.0,100,434.69,442.0,0,0.0,0.0,,0.0,1,0.02,0.05,SPY231106C00441000,441.0,normalDay
2023-11-06,7386.0,-631.0,2.0,100,435.69,442.0,0,0.0,0.0,,0.0,1,0.02,0.0,SPY231106C00441000,441.0,expirationDay
2023-11-07,7386.0,-510.0,0.0,100,436.93,442.0,0,0.0,0.0,,0.0,1,0.54,0.57,SPY231110C00441000,441.0,normalDay
2023-11-08,7386.0,-453.0,0.0,100,437.25,442.0,0,0.0,0.0,,0.0,1,0.54,0.32,SPY231110C00441000,441.0,normalDay
2023-11-09,7386.0,-764.0,0.0,100,433.84,442.0,0,0.0,0.0,,0.0,1,0.54,0.02,SPY231110C00441000,441.0,normalDay
2023-11-10,7440.0,-139.0,54.0,100,440.61,442.0,0,0.0,0.0,,0.0,1,0.54,0.0,SPY231110C00441000,441.0,expirationDay
2023-11-13,7440.0,-184.0,0.0,100,440.19,442.0,0,0.0,0.0,,0.0,1,1.39,1.42,SPY231116C00443000,443.0,normalDay
2023-11-14,7440.0,144.0,0.0,100,448.73,442.0,0,0.0,0.0,,0.0,1,1.39,6.68,SPY231116C00443000,443.0,normalDay
2023-11-15,7440.0,246.0,0.0,100,449.68,442.0,0,0.0,0.0,,0.0,1,1.39,6.61,SPY231116C00443000,443.0,normalDay
2023-11-16,7679.0,246.0,239.0,0,450.23,0.0,0,0.0,0.0,,0.0,1,1.39,0.0,SPY231116C00443000,443.0,expirationDay
2023-11-17,7679.0,-3.0,0.0,0,450.79,0.0,1,0.07,0.1,SPY231201P00398000,398.0,0,0.0,0.0,,0.0,normalDay
2023-11-20,7679.0,1.0,0.0,0,454.26,0.0,1,0.07,0.06,SPY231201P00398000,398.0,0,0.0,0.0,,0.0,normalDay
2023-11-21,7679.0,2.0,0.0,0,453.27,0.0,1,0.07,0.05,SPY231201P00398000,398.0,0,0.0,0.0,,0.0,normalDay
2023-11-22,7679.0,3.0,0.0,0,455.02,0.0,1,0.07,0.04,SPY231201P00398000,398.0,0,0.0,0.0,,0.0,normalDay
2023-11-24,7679.0,4.0,0.0,0,455.3,0.0,1,0.07,0.03,SPY231201P00398000,398.0,0,0.0,0.0,,0.0,normalDay
2023-11-27,7679.0,5.0,0.0,0,454.48,0.0,1,0.07,0.02,SPY231201P00398000,398.0,0,0.0,0.0,,0.0,normalDay
2023-11-28,7679.0,5.0,0.0,0,454.93,0.0,1,0.07,0.02,SPY231201P00398000,398.0,0,0.0,0.0,,0.0,normalDay
2023-11-29,7679.0,6.0,0.0,0,454.61,0.0,1,0.07,0.01,SPY231201P00398000,398.0,0,0.0,0.0,,0.0,normalDay
2023-11-30,7679.0,6.0,0.0,0,456.4,0.0,1,0.07,0.01,SPY231201P00398000,398.0,0,0.0,0.0,,0.0,normalDay
