date,totalCapital,unrializedPnL,rializedPnL,stocksOwned,stocksPriceToday,stocksPriceBoughtAt,putOwned,putOwnedSoldAt,putPriceToday,putOwnedContract,putOwnedStrike,callOwned,callOwnedSoldAt,callPriceToday,callOwnedContract,callOwnedStrike,trackType
2018-11-01,0.0,-7.0,0.0,0,273.51,0.0,1,3.58,3.65,SPY181119P00272000,272.0,0,0.0,0.0,,0.0,normalDay
2018-11-02,0.0,-52.0,0.0,0,271.89,0.0,1,3.58,4.1,SPY181119P00272000,272.0,0,0.0,0.0,,0.0,normalDay
2018-11-05,0.0,45.0,0.0,0,273.39,0.0,1,3.58,3.13,SPY181119P00272000,272.0,0,0.0,0.0,,0.0,normalDay
2018-11-06,0.0,115.0,0.0,0,275.12,0.0,1,3.58,2.43,SPY181119P00272000,272.0,0,0.0,0.0,,0.0,normalDay
2018-11-07,0.0,295.0,0.0,0,281.01,0.0,1,3.58,0.63,SPY181119P00272000,272.0,0,0.0,0.0,,0.0,normalDay
2018-11-08,0.0,297.0,0.0,0,280.5,0.0,1,3.58,0.61,SPY181119P00272000,272.0,0,0.0,0.0,,0.0,normalDay
2018-11-09,0.0,264.0,0.0,0,277.76,0.0,1,3.58,0.94,SPY181119P00272000,272.0,0,0.0,0.0,,0.0,normalDay
2018-11-12,0.0,110.0,0.0,0,272.57,0.0,1,3.58,2.48,SPY181119P00272000,272.0,0,0.0,0.0,,0.0,normalDay
2018-11-13,0.0,107.0,0.0,0,272.06,0.0,1,3.58,2.51,SPY181119P00272000,272.0,0,0.0,0.0,,0.0,normalDay
2018-11-14,0.0,-15.0,0.0,0,270.2,0.0,1,3.58,3.73,SPY181119P00272000,272.0,0,0.0,0.0,,0.0,normalDay
2018-11-15,0.0,214.0,0.0,0,273.02,0.0,1,3.58,1.44,SPY181119P00272000,272.0,0,0.0,0.0,,0.0,normalDay
2018-11-16,0.0,302.0,0.0,0,273.73,0.0,1,3.58,0.56,SPY181119P00272000,272.0,0,0.0,0.0,,0.0,normalDay
2018-11-19,358.0,-290.0,358.0,100,269.1,272.0,1,3.58,0.0,SPY181119P00272000,272.0,0,0.0,0.0,,0.0,expirationDay
2018-11-20,358.0,-794.0,0.0,100,264.12,272.0,0,0.0,0.0,,0.0,1,2.44,2.5,SPY190215C00281000,281.0,normalDay
2018-11-21,358.0,-696.0,0.0,100,265.02,272.0,0,0.0,0.0,,0.0,1,2.44,2.42,SPY190215C00281000,281.0,normalDay
2018-11-23,358.0,-834.0,0.0,100,263.25,272.0,0,0.0,0.0,,0.0,1,2.44,2.03,SPY190215C00281000,281.0,normalDay
2018-11-26,358.0,-470.0,0.0,100,267.5,272.0,0,0.0,0.0,,0.0,1,2.44,2.64,SPY190215C00281000,281.0,normalDay
2018-11-27,358.0,-396.0,0.0,100,268.4,272.0,0,0.0,0.0,,0.0,1,2.44,2.8,SPY190215C00281000,281.0,normalDay
2018-11-28,358.0,9.0,0.0,100,274.58,272.0,0,0.0,0.0,,0.0,1,2.44,4.93,SPY190215C00281000,281.0,normalDay
2018-11-29,358.0,-51.0,0.0,100,273.98,272.0,0,0.0,0.0,,0.0,1,2.44,4.93,SPY190215C00281000,281.0,normalDay
2018-11-30,358.0,47.0,0.0,100,275.65,272.0,0,0.0,0.0,,0.0,1,2.44,5.62,SPY190215C00281000,281.0,normalDay
2018-12-03,358.0,324.0,0.0,100,279.3,272.0,0,0.0,0.0,,0.0,1,2.44,6.5,SPY190215C00281000,281.0,normalDay
2018-12-04,358.0,-268.0,0.0,100,270.25,272.0,0,0.0,0.0,,0.0,1,2.44,3.37,SPY190215C00281000,281.0,normalDay
2018-12-06,358.0,-300.0,0.0,100,269.84,272.0,0,0.0,0.0,,0.0,1,2.44,3.28,SPY190215C00281000,281.0,normalDay
2018-12-07,358.0,-795.0,0.0,100,263.57,272.0,0,0.0,0.0,,0.0,1,2.44,1.96,SPY190215C00281000,281.0,normalDay
2018-12-10,358.0,-743.0,0.0,100,264.07,272.0,0,0.0,0.0,,0.0,1,2.44,1.94,SPY190215C00281000,281.0,normalDay
2018-12-11,358.0,-725.0,0.0,100,264.13,272.0,0,0.0,0.0,,0.0,1,2.44,1.82,SPY190215C00281000,281.0,normalDay
2018-12-12,358.0,-606.0,0.0,100,265.46,272.0,0,0.0,0.0,,0.0,1,2.44,1.96,SPY190215C00281000,281.0,normalDay
2018-12-13,358.0,-604.0,0.0,100,265.37,272.0,0,0.0,0.0,,0.0,1,2.44,1.85,SPY190215C00281000,281.0,normalDay
2018-12-14,358.0,-1026.0,0.0,100,260.47,272.0,0,0.0,0.0,,0.0,1,2.44,1.17,SPY190215C00281000,281.0,normalDay
2018-12-17,358.0,-1487.0,0.0,100,255.36,272.0,0,0.0,0.0,,0.0,1,2.44,0.67,SPY190215C00281000,281.0,normalDay
2018-12-18,358.0,-1514.0,0.0,100,255.08,272.0,0,0.0,0.0,,0.0,1,2.44,0.66,SPY190215C00281000,281.0,normalDay
2018-12-19,358.0,-1866.0,0.0,100,251.26,272.0,0,0.0,0.0,,0.0,1,2.44,0.36,SPY190215C00281000,281.0,normalDay
2018-12-20,358.0,-2270.0,0.0,100,247.17,272.0,0,0.0,0.0,,0.0,1,2.44,0.31,SPY190215C00281000,281.0,normalDay
2018-12-21,358.0,-2901.0,0.0,100,240.7,272.0,0,0.0,0.0,,0.0,1,2.44,0.15,SPY190215C00281000,281.0,normalDay
2018-12-24,358.0,-3533.0,0.0,100,234.34,272.0,0,0.0,0.0,,0.0,1,2.44,0.11,SPY190215C00281000,281.0,normalDay
2018-12-26,358.0,-2365.0,0.0,100,246.18,272.0,0,0.0,0.0,,0.0,1,2.44,0.27,SPY190215C00281000,281.0,normalDay
2018-12-27,358.0,-2186.0,0.0,100,248.07,272.0,0,0.0,0.0,,0.0,1,2.44,0.37,SPY190215C00281000,281.0,normalDay
2018-12-28,358.0,-2210.0,0.0,100,247.75,272.0,0,0.0,0.0,,0.0,1,2.44,0.29,SPY190215C00281000,281.0,normalDay
2018-12-31,358.0,-1986.0,0.0,100,249.92,272.0,0,0.0,0.0,,0.0,1,2.44,0.22,SPY190215C00281000,281.0,normalDay
2019-01-02,358.0,-1952.0,0.0,100,250.18,272.0,0,0.0,0.0,,0.0,1,2.44,0.14,SPY190215C00281000,281.0,normalDay
2019-01-03,358.0,-2541.0,0.0,100,244.21,272.0,0,0.0,0.0,,0.0,1,2.44,0.06,SPY190215C00281000,281.0,normalDay
2019-01-04,358.0,-1728.0,0.0,100,252.39,272.0,0,0.0,0.0,,0.0,1,2.44,0.11,SPY190215C00281000,281.0,normalDay
2019-01-07,358.0,-1530.0,0.0,100,254.38,272.0,0,0.0,0.0,,0.0,1,2.44,0.12,SPY190215C00281000,281.0,normalDay
2019-01-08,358.0,-1294.0,0.0,100,256.77,272.0,0,0.0,0.0,,0.0,1,2.44,0.15,SPY190215C00281000,281.0,normalDay
2019-01-09,358.0,-1173.0,0.0,100,257.97,272.0,0,0.0,0.0,,0.0,1,2.44,0.14,SPY190215C00281000,281.0,normalDay
2019-01-10,358.0,-1084.0,0.0,100,258.88,272.0,0,0.0,0.0,,0.0,1,2.44,0.16,SPY190215C00281000,281.0,normalDay
2019-01-11,358.0,-1068.0,0.0,100,258.98,272.0,0,0.0,0.0,,0.0,1,2.44,0.1,SPY190215C00281000,281.0,normalDay
2019-01-14,358.0,-1224.0,0.0,100,257.4,272.0,0,0.0,0.0,,0.0,1,2.44,0.08,SPY190215C00281000,281.0,normalDay
2019-01-15,358.0,-932.0,0.0,100,260.35,272.0,0,0.0,0.0,,0.0,1,2.44,0.11,SPY190215C00281000,281.0,normalDay
2019-01-16,358.0,-871.0,0.0,100,260.98,272.0,0,0.0,0.0,,0.0,1,2.44,0.13,SPY190215C00281000,281.0,normalDay
2019-01-17,358.0,-675.0,0.0,100,262.96,272.0,0,0.0,0.0,,0.0,1,2.44,0.15,SPY190215C00281000,281.0,normalDay
2019-01-18,358.0,-341.0,0.0,100,266.46,272.0,0,0.0,0.0,,0.0,1,2.44,0.31,SPY190215C00281000,281.0,normalDay
2019-01-22,358.0,-685.0,0.0,100,262.86,272.0,0,0.0,0.0,,0.0,1,2.44,0.15,SPY190215C00281000,281.0,normalDay
2019-01-23,358.0,-627.0,0.0,100,263.41,272.0,0,0.0,0.0,,0.0,1,2.44,0.12,SPY190215C00281000,281.0,normalDay
2019-01-24,358.0,-611.0,0.0,100,263.55,272.0,0,0.0,0.0,,0.0,1,2.44,0.1,SPY190215C00281000,281.0,normalDay
2019-01-25,358.0,-392.0,0.0,100,265.78,272.0,0,0.0,0.0,,0.0,1,2.44,0.14,SPY190215C00281000,281.0,normalDay
2019-01-28,358.0,-587.0,0.0,100,263.76,272.0,0,0.0,0.0,,0.0,1,2.44,0.07,SPY190215C00281000,281.0,normalDay
2019-01-29,358.0,-622.0,0.0,100,263.41,272.0,0,0.0,0.0,,0.0,1,2.44,0.07,SPY190215C00281000,281.0,normalDay
2019-01-30,358.0,-212.0,0.0,100,267.58,272.0,0,0.0,0.0,,0.0,1,2.44,0.14,SPY190215C00281000,281.0,normalDay
2019-01-31,358.0,14.0,0.0,100,269.93,272.0,0,0.0,0.0,,0.0,1,2.44,0.23,SPY190215C00281000,281.0,normalDay
2019-02-01,358.0,35.0,0.0,100,270.06,272.0,0,0.0,0.0,,0.0,1,2.44,0.15,SPY190215C00281000,281.0,normalDay
2019-02-04,358.0,225.0,0.0,100,271.96,272.0,0,0.0,0.0,,0.0,1,2.44,0.15,SPY190215C00281000,281.0,normalDay
2019-02-05,358.0,337.0,0.0,100,273.1,272.0,0,0.0,0.0,,0.0,1,2.44,0.17,SPY190215C00281000,281.0,normalDay
2019-02-06,358.0,308.0,0.0,100,272.74,272.0,0,0.0,0.0,,0.0,1,2.44,0.1,SPY190215C00281000,281.0,normalDay
2019-02-07,358.0,56.0,0.0,100,270.14,272.0,0,0.0,0.0,,0.0,1,2.44,0.02,SPY190215C00281000,281.0,normalDay
2019-02-08,358.0,89.0,0.0,100,270.47,272.0,0,0.0,0.0,,0.0,1,2.44,0.02,SPY190215C00281000,281.0,normalDay
2019-02-11,358.0,104.0,0.0,100,270.62,272.0,0,0.0,0.0,,0.0,1,2.44,0.02,SPY190215C00281000,281.0,normalDay
2019-02-12,358.0,451.0,0.0,100,274.1,272.0,0,0.0,0.0,,0.0,1,2.44,0.03,SPY190215C00281000,281.0,normalDay
2019-02-13,358.0,540.0,0.0,100,274.99,272.0,0,0.0,0.0,,0.0,1,2.44,0.03,SPY190215C00281000,281.0,normalDay
2019-02-14,358.0,481.0,0.0,100,274.38,272.0,0,0.0,0.0,,0.0,1,2.44,0.01,SPY190215C00281000,281.0,normalDay
2019-02-15,602.0,537.0,244.0,100,277.37,272.0,0,0.0,0.0,,0.0,1,2.44,0.0,SPY190215C00281000,281.0,expirationDay
2019-02-19,602.0,578.0,0.0,100,277.85,272.0,0,0.0,0.0,,0.0,1,6.65,6.72,SPY190517C00279000,279.0,normalDay
2019-02-20,602.0,618.0,0.0,100,278.41,272.0,0,0.0,0.0,,0.0,1,6.65,6.88,SPY190517C00279000,279.0,normalDay
2019-02-21,602.0,576.0,0.0,100,277.42,272.0,0,0.0,0.0,,0.0,1,6.65,6.31,SPY190517C00279000,279.0,normalDay
2019-02-22,602.0,683.0,0.0,100,279.14,272.0,0,0.0,0.0,,0.0,1,6.65,6.96,SPY190517C00279000,279.0,normalDay
2019-02-25,602.0,688.0,0.0,100,279.52,272.0,0,0.0,0.0,,0.0,1,6.65,7.29,SPY190517C00279000,279.0,normalDay
2019-02-26,602.0,685.0,0.0,100,279.32,272.0,0,0.0,0.0,,0.0,1,6.65,7.12,SPY190517C00279000,279.0,normalDay
2019-02-27,602.0,678.0,0.0,100,279.2,272.0,0,0.0,0.0,,0.0,1,6.65,7.07,SPY190517C00279000,279.0,normalDay
2019-02-28,602.0,677.0,0.0,100,278.68,272.0,0,0.0,0.0,,0.0,1,6.65,6.56,SPY190517C00279000,279.0,normalDay
2019-03-01,602.0,781.0,0.0,100,280.42,272.0,0,0.0,0.0,,0.0,1,6.65,7.26,SPY190517C00279000,279.0,normalDay
2019-03-04,602.0,745.0,0.0,100,279.4,272.0,0,0.0,0.0,,0.0,1,6.65,6.6,SPY190517C00279000,279.0,normalDay
2019-03-05,602.0,726.0,0.0,100,279.02,272.0,0,0.0,0.0,,0.0,1,6.65,6.41,SPY190517C00279000,279.0,normalDay
2019-03-06,602.0,636.0,0.0,100,277.33,272.0,0,0.0,0.0,,0.0,1,6.65,5.62,SPY190517C00279000,279.0,normalDay
2019-03-07,602.0,500.0,0.0,100,275.01,272.0,0,0.0,0.0,,0.0,1,6.65,4.66,SPY190517C00279000,279.0,normalDay
2019-03-08,602.0,480.0,0.0,100,274.46,272.0,0,0.0,0.0,,0.0,1,6.65,4.31,SPY190517C00279000,279.0,normalDay
2019-03-11,602.0,738.0,0.0,100,278.44,272.0,0,0.0,0.0,,0.0,1,6.65,5.71,SPY190517C00279000,279.0,normalDay
2019-03-12,602.0,819.0,0.0,100,279.49,272.0,0,0.0,0.0,,0.0,1,6.65,5.95,SPY190517C00279000,279.0,normalDay
2019-03-13,602.0,884.0,0.0,100,281.34,272.0,0,0.0,0.0,,0.0,1,6.65,7.15,SPY190517C00279000,279.0,normalDay
2019-03-14,602.0,900.0,0.0,100,281.16,272.0,0,0.0,0.0,,0.0,1,6.65,6.81,SPY190517C00279000,279.0,normalDay
2019-03-15,602.0,838.0,0.0,100,281.31,272.0,0,0.0,0.0,,0.0,1,6.65,7.58,SPY190517C00279000,279.0,normalDay
2019-03-18,602.0,850.0,0.0,100,282.33,272.0,0,0.0,0.0,,0.0,1,6.65,8.48,SPY190517C00279000,279.0,normalDay
2019-03-19,602.0,871.0,0.0,100,282.4,272.0,0,0.0,0.0,,0.0,1,6.65,8.34,SPY190517C00279000,279.0,normalDay
2019-03-20,602.0,843.0,0.0,100,281.55,272.0,0,0.0,0.0,,0.0,1,6.65,7.77,SPY190517C00279000,279.0,normalDay
2019-03-21,602.0,936.0,0.0,100,284.73,272.0,0,0.0,0.0,,0.0,1,6.65,10.02,SPY190517C00279000,279.0,normalDay
2019-03-22,602.0,638.0,0.0,100,279.25,272.0,0,0.0,0.0,,0.0,1,6.65,7.52,SPY190517C00279000,279.0,normalDay
2019-03-25,602.0,672.0,0.0,100,279.04,272.0,0,0.0,0.0,,0.0,1,6.65,6.97,SPY190517C00279000,279.0,normalDay
2019-03-26,602.0,817.0,0.0,100,281.12,272.0,0,0.0,0.0,,0.0,1,6.65,7.6,SPY190517C00279000,279.0,normalDay
2019-03-27,602.0,740.0,0.0,100,279.65,272.0,0,0.0,0.0,,0.0,1,6.65,6.9,SPY190517C00279000,279.0,normalDay
2019-03-28,602.0,806.0,0.0,100,280.71,272.0,0,0.0,0.0,,0.0,1,6.65,7.3,SPY190517C00279000,279.0,normalDay
2019-03-29,602.0,884.0,0.0,100,282.48,272.0,0,0.0,0.0,,0.0,1,6.65,8.29,SPY190517C00279000,279.0,normalDay
2019-04-01,602.0,1031.0,0.0,100,285.83,272.0,0,0.0,0.0,,0.0,1,6.65,10.17,SPY190517C00279000,279.0,normalDay
2019-04-02,602.0,1054.0,0.0,100,285.97,272.0,0,0.0,0.0,,0.0,1,6.65,10.08,SPY190517C00279000,279.0,normalDay
2019-04-03,602.0,1025.0,0.0,100,286.42,272.0,0,0.0,0.0,,0.0,1,6.65,10.82,SPY190517C00279000,279.0,normalDay
2019-04-04,602.0,1067.0,0.0,100,287.18,272.0,0,0.0,0.0,,0.0,1,6.65,11.16,SPY190517C00279000,279.0,normalDay
2019-04-05,602.0,1115.0,0.0,100,288.57,272.0,0,0.0,0.0,,0.0,1,6.65,12.07,SPY190517C00279000,279.0,normalDay
2019-04-08,602.0,1125.0,0.0,100,288.79,272.0,0,0.0,0.0,,0.0,1,6.65,12.19,SPY190517C00279000,279.0,normalDay
2019-04-09,602.0,1098.0,0.0,100,287.31,272.0,0,0.0,0.0,,0.0,1,6.65,10.98,SPY190517C00279000,279.0,normalDay
2019-04-10,602.0,1116.0,0.0,100,288.29,272.0,0,0.0,0.0,,0.0,1,6.65,11.78,SPY190517C00279000,279.0,normalDay
2019-04-11,602.0,1145.0,0.0,100,288.21,272.0,0,0.0,0.0,,0.0,1,6.65,11.41,SPY190517C00279000,279.0,normalDay
2019-04-12,602.0,1183.0,0.0,100,290.16,272.0,0,0.0,0.0,,0.0,1,6.65,12.98,SPY190517C00279000,279.0,normalDay
2019-04-15,602.0,1185.0,0.0,100,289.97,272.0,0,0.0,0.0,,0.0,1,6.65,12.77,SPY190517C00279000,279.0,normalDay
2019-04-16,602.0,1207.0,0.0,100,290.16,272.0,0,0.0,0.0,,0.0,1,6.65,12.74,SPY190517C00279000,279.0,normalDay
2019-04-17,602.0,1212.0,0.0,100,289.45,272.0,0,0.0,0.0,,0.0,1,6.65,11.98,SPY190517C00279000,279.0,normalDay
2019-04-18,602.0,1209.0,0.0,100,290.02,272.0,0,0.0,0.0,,0.0,1,6.65,12.58,SPY190517C00279000,279.0,normalDay
2019-04-22,602.0,1213.0,0.0,100,290.27,272.0,0,0.0,0.0,,0.0,1,6.65,12.79,SPY190517C00279000,279.0,normalDay
2019-04-23,602.0,1243.0,0.0,100,292.88,272.0,0,0.0,0.0,,0.0,1,6.65,15.1,SPY190517C00279000,279.0,normalDay
2019-04-24,602.0,1220.0,0.0,100,292.23,272.0,0,0.0,0.0,,0.0,1,6.65,14.68,SPY190517C00279000,279.0,normalDay
2019-04-25,602.0,1248.0,0.0,100,292.05,272.0,0,0.0,0.0,,0.0,1,6.65,14.22,SPY190517C00279000,279.0,normalDay
2019-04-26,602.0,1264.0,0.0,100,293.41,272.0,0,0.0,0.0,,0.0,1,6.65,15.42,SPY190517C00279000,279.0,normalDay
2019-04-29,602.0,1280.0,0.0,100,293.87,272.0,0,0.0,0.0,,0.0,1,6.65,15.72,SPY190517C00279000,279.0,normalDay
2019-04-30,602.0,1257.0,0.0,100,294.02,272.0,0,0.0,0.0,,0.0,1,6.65,16.1,SPY190517C00279000,279.0,normalDay
2019-05-01,602.0,1267.0,0.0,100,291.81,272.0,0,0.0,0.0,,0.0,1,6.65,13.79,SPY190517C00279000,279.0,normalDay
2019-05-02,602.0,1280.0,0.0,100,291.18,272.0,0,0.0,0.0,,0.0,1,6.65,13.03,SPY190517C00279000,279.0,normalDay
2019-05-03,602.0,1304.0,0.0,100,294.03,272.0,0,0.0,0.0,,0.0,1,6.65,15.64,SPY190517C00279000,279.0,normalDay
2019-05-06,602.0,1291.0,0.0,100,292.82,272.0,0,0.0,0.0,,0.0,1,6.65,14.56,SPY190517C00279000,279.0,normalDay
2019-05-07,602.0,1160.0,0.0,100,287.93,272.0,0,0.0,0.0,,0.0,1,6.65,10.98,SPY190517C00279000,279.0,normalDay
2019-05-08,602.0,1156.0,0.0,100,287.53,272.0,0,0.0,0.0,,0.0,1,6.65,10.62,SPY190517C00279000,279.0,normalDay
2019-05-09,602.0,1163.0,0.0,100,286.66,272.0,0,0.0,0.0,,0.0,1,6.65,9.68,SPY190517C00279000,279.0,normalDay
2019-05-10,602.0,1295.0,0.0,100,288.1,272.0,0,0.0,0.0,,0.0,1,6.65,9.8,SPY190517C00279000,279.0,normalDay
2019-05-13,602.0,1143.0,0.0,100,280.86,272.0,0,0.0,0.0,,0.0,1,6.65,4.08,SPY190517C00279000,279.0,normalDay
2019-05-14,602.0,1280.0,0.0,100,283.4,272.0,0,0.0,0.0,,0.0,1,6.65,5.25,SPY190517C00279000,279.0,normalDay
2019-05-15,602.0,1314.0,0.0,100,285.06,272.0,0,0.0,0.0,,0.0,1,6.65,6.57,SPY190517C00279000,279.0,normalDay
2019-05-16,602.0,1357.0,0.0,100,287.7,272.0,0,0.0,0.0,,0.0,1,6.65,8.78,SPY190517C00279000,279.0,normalDay
2019-05-17,1967.0,1357.0,1365.0,0,285.84,0.0,0,0.0,0.0,,0.0,1,6.65,0.0,SPY190517C00279000,279.0,expirationDay
2019-05-20,1967.0,-5.0,0.0,0,283.95,0.0,1,4.9,4.95,SPY190607P00287000,287.0,0,0.0,0.0,,0.0,normalDay
2019-05-21,1967.0,156.0,0.0,0,286.51,0.0,1,4.9,3.34,SPY190607P00287000,287.0,0,0.0,0.0,,0.0,normalDay
2019-05-22,1967.0,133.0,0.0,0,285.63,0.0,1,4.9,3.57,SPY190607P00287000,287.0,0,0.0,0.0,,0.0,normalDay
2019-05-23,1967.0,-125.0,0.0,0,282.14,0.0,1,4.9,6.15,SPY190607P00287000,287.0,0,0.0,0.0,,0.0,normalDay
2019-05-24,1967.0,-30.0,0.0,0,282.78,0.0,1,4.9,5.2,SPY190607P00287000,287.0,0,0.0,0.0,,0.0,normalDay
2019-05-28,1967.0,-208.0,0.0,0,280.15,0.0,1,4.9,6.98,SPY190607P00287000,287.0,0,0.0,0.0,,0.0,normalDay
2019-05-29,1967.0,-393.0,0.0,0,278.27,0.0,1,4.9,8.83,SPY190607P00287000,287.0,0,0.0,0.0,,0.0,normalDay
2019-05-30,1967.0,-322.0,0.0,0,279.03,0.0,1,4.9,8.12,SPY190607P00287000,287.0,0,0.0,0.0,,0.0,normalDay
2019-05-31,1967.0,-692.0,0.0,0,275.27,0.0,1,4.9,11.82,SPY190607P00287000,287.0,0,0.0,0.0,,0.0,normalDay
2019-06-03,1967.0,-736.0,0.0,0,274.57,0.0,1,4.9,12.26,SPY190607P00287000,287.0,0,0.0,0.0,,0.0,normalDay
2019-06-04,1967.0,-164.0,0.0,0,280.53,0.0,1,4.9,6.54,SPY190607P00287000,287.0,0,0.0,0.0,,0.0,normalDay
2019-06-05,1967.0,68.0,0.0,0,282.96,0.0,1,4.9,4.22,SPY190607P00287000,287.0,0,0.0,0.0,,0.0,normalDay
2019-06-06,1967.0,247.0,0.0,0,284.8,0.0,1,4.9,2.43,SPY190607P00287000,287.0,0,0.0,0.0,,0.0,normalDay
2019-06-07,2457.0,0.0,490.0,0,287.65,0.0,1,4.9,0.0,SPY190607P00287000,287.0,0,0.0,0.0,,0.0,expirationDay
2019-06-10,2457.0,-4.0,0.0,0,288.97,0.0,1,1.58,1.62,SPY190628P00281000,281.0,0,0.0,0.0,,0.0,normalDay
2019-06-11,2457.0,-2.0,0.0,0,288.9,0.0,1,1.58,1.6,SPY190628P00281000,281.0,0,0.0,0.0,,0.0,normalDay
2019-06-12,2457.0,1.0,0.0,0,288.39,0.0,1,1.58,1.57,SPY190628P00281000,281.0,0,0.0,0.0,,0.0,normalDay
2019-06-13,2457.0,32.0,0.0,0,289.58,0.0,1,1.58,1.26,SPY190628P00281000,281.0,0,0.0,0.0,,0.0,normalDay
2019-06-14,2457.0,52.0,0.0,0,289.26,0.0,1,1.58,1.06,SPY190628P00281000,281.0,0,0.0,0.0,,0.0,normalDay
2019-06-17,2457.0,67.0,0.0,0,289.37,0.0,1,1.58,0.91,SPY190628P00281000,281.0,0,0.0,0.0,,0.0,normalDay
2019-06-18,2457.0,108.0,0.0,0,292.4,0.0,1,1.58,0.5,SPY190628P00281000,281.0,0,0.0,0.0,,0.0,normalDay
2019-06-19,2457.0,130.0,0.0,0,293.06,0.0,1,1.58,0.28,SPY190628P00281000,281.0,0,0.0,0.0,,0.0,normalDay
2019-06-20,2457.0,140.0,0.0,0,295.86,0.0,1,1.58,0.18,SPY190628P00281000,281.0,0,0.0,0.0,,0.0,normalDay
2019-06-21,2457.0,143.0,0.0,0,294.0,0.0,1,1.58,0.15,SPY190628P00281000,281.0,0,0.0,0.0,,0.0,normalDay
2019-06-24,2457.0,151.0,0.0,0,293.64,0.0,1,1.58,0.07,SPY190628P00281000,281.0,0,0.0,0.0,,0.0,normalDay
2019-06-25,2457.0,149.0,0.0,0,290.76,0.0,1,1.58,0.09,SPY190628P00281000,281.0,0,0.0,0.0,,0.0,normalDay
2019-06-26,2457.0,154.0,0.0,0,290.47,0.0,1,1.58,0.04,SPY190628P00281000,281.0,0,0.0,0.0,,0.0,normalDay
2019-06-27,2457.0,156.0,0.0,0,291.5,0.0,1,1.58,0.02,SPY190628P00281000,281.0,0,0.0,0.0,,0.0,normalDay
2019-06-28,2615.0,0.0,158.0,0,293.0,0.0,1,1.58,0.0,SPY190628P00281000,281.0,0,0.0,0.0,,0.0,expirationDay
2019-07-01,2615.0,-3.0,0.0,0,295.66,0.0,1,0.93,0.96,SPY190719P00288000,288.0,0,0.0,0.0,,0.0,normalDay
2019-07-02,2615.0,33.0,0.0,0,296.43,0.0,1,0.93,0.6,SPY190719P00288000,288.0,0,0.0,0.0,,0.0,normalDay
2019-07-03,2615.0,57.0,0.0,0,298.8,0.0,1,0.93,0.36,SPY190719P00288000,288.0,0,0.0,0.0,,0.0,normalDay
2019-07-05,2615.0,58.0,0.0,0,298.46,0.0,1,0.93,0.35,SPY190719P00288000,288.0,0,0.0,0.0,,0.0,normalDay
2019-07-08,2615.0,58.0,0.0,0,296.82,0.0,1,0.93,0.35,SPY190719P00288000,288.0,0,0.0,0.0,,0.0,normalDay
2019-07-09,2615.0,62.0,0.0,0,297.19,0.0,1,0.93,0.31,SPY190719P00288000,288.0,0,0.0,0.0,,0.0,normalDay
2019-07-10,2615.0,77.0,0.0,0,298.61,0.0,1,0.93,0.16,SPY190719P00288000,288.0,0,0.0,0.0,,0.0,normalDay
2019-07-11,2615.0,80.0,0.0,0,299.31,0.0,1,0.93,0.13,SPY190719P00288000,288.0,0,0.0,0.0,,0.0,normalDay
2019-07-12,2615.0,85.0,0.0,0,300.65,0.0,1,0.93,0.08,SPY190719P00288000,288.0,0,0.0,0.0,,0.0,normalDay
2019-07-15,2615.0,86.0,0.0,0,300.75,0.0,1,0.93,0.07,SPY190719P00288000,288.0,0,0.0,0.0,,0.0,normalDay
2019-07-16,2615.0,88.0,0.0,0,299.78,0.0,1,0.93,0.05,SPY190719P00288000,288.0,0,0.0,0.0,,0.0,normalDay
2019-07-17,2615.0,89.0,0.0,0,297.74,0.0,1,0.93,0.04,SPY190719P00288000,288.0,0,0.0,0.0,,0.0,normalDay
2019-07-18,2615.0,91.0,0.0,0,298.83,0.0,1,0.93,0.02,SPY190719P00288000,288.0,0,0.0,0.0,,0.0,normalDay
2019-07-19,2708.0,0.0,93.0,0,297.17,0.0,1,0.93,0.0,SPY190719P00288000,288.0,0,0.0,0.0,,0.0,expirationDay
2019-07-22,2708.0,-4.0,0.0,0,297.9,0.0,1,1.98,2.02,SPY190809P00295000,295.0,0,0.0,0.0,,0.0,normalDay
2019-07-23,2708.0,68.0,0.0,0,300.03,0.0,1,1.98,1.3,SPY190809P00295000,295.0,0,0.0,0.0,,0.0,normalDay
2019-07-24,2708.0,105.0,0.0,0,301.44,0.0,1,1.98,0.93,SPY190809P00295000,295.0,0,0.0,0.0,,0.0,normalDay
2019-07-25,2708.0,81.0,0.0,0,300.0,0.0,1,1.98,1.17,SPY190809P00295000,295.0,0,0.0,0.0,,0.0,normalDay
2019-07-26,2708.0,127.0,0.0,0,302.01,0.0,1,1.98,0.71,SPY190809P00295000,295.0,0,0.0,0.0,,0.0,normalDay
2019-07-29,2708.0,132.0,0.0,0,301.46,0.0,1,1.98,0.66,SPY190809P00295000,295.0,0,0.0,0.0,,0.0,normalDay
2019-07-30,2708.0,104.0,0.0,0,300.72,0.0,1,1.98,0.94,SPY190809P00295000,295.0,0,0.0,0.0,,0.0,normalDay
2019-07-31,2708.0,-2.0,0.0,0,297.43,0.0,1,1.98,2.0,SPY190809P00295000,295.0,0,0.0,0.0,,0.0,normalDay
2019-08-01,2708.0,-94.0,0.0,0,294.84,0.0,1,1.98,2.92,SPY190809P00295000,295.0,0,0.0,0.0,,0.0,normalDay
2019-08-02,2708.0,-175.0,0.0,0,292.62,0.0,1,1.98,3.73,SPY190809P00295000,295.0,0,0.0,0.0,,0.0,normalDay
2019-08-05,2708.0,-987.0,0.0,0,283.82,0.0,1,1.98,11.85,SPY190809P00295000,295.0,0,0.0,0.0,,0.0,normalDay
2019-08-06,2708.0,-538.0,0.0,0,287.8,0.0,1,1.98,7.36,SPY190809P00295000,295.0,0,0.0,0.0,,0.0,normalDay
2019-08-07,2708.0,-515.0,0.0,0,287.97,0.0,1,1.98,7.13,SPY190809P00295000,295.0,0,0.0,0.0,,0.0,normalDay
2019-08-08,2708.0,17.0,0.0,0,293.62,0.0,1,1.98,1.81,SPY190809P00295000,295.0,0,0.0,0.0,,0.0,normalDay
2019-08-09,2906.0,-338.0,198.0,100,291.62,295.0,1,1.98,0.0,SPY190809P00295000,295.0,0,0.0,0.0,,0.0,expirationDay
2019-08-12,2906.0,-698.0,0.0,100,288.07,295.0,0,0.0,0.0,,0.0,1,1.08,1.13,SPY191018C00306000,306.0,normalDay
2019-08-13,2906.0,-293.0,0.0,100,292.55,295.0,0,0.0,0.0,,0.0,1,1.08,1.56,SPY191018C00306000,306.0,normalDay
2019-08-14,2906.0,-1081.0,0.0,100,283.9,295.0,0,0.0,0.0,,0.0,1,1.08,0.79,SPY191018C00306000,306.0,normalDay
2019-08-15,2906.0,-1005.0,0.0,100,284.65,295.0,0,0.0,0.0,,0.0,1,1.08,0.78,SPY191018C00306000,306.0,normalDay
2019-08-16,2906.0,-605.0,0.0,100,288.85,295.0,0,0.0,0.0,,0.0,1,1.08,0.98,SPY191018C00306000,306.0,normalDay
2019-08-19,2906.0,-275.0,0.0,100,292.33,295.0,0,0.0,0.0,,0.0,1,1.08,1.16,SPY191018C00306000,306.0,normalDay
2019-08-20,2906.0,-465.0,0.0,100,290.09,295.0,0,0.0,0.0,,0.0,1,1.08,0.82,SPY191018C00306000,306.0,normalDay
2019-08-21,2906.0,-253.0,0.0,100,292.45,295.0,0,0.0,0.0,,0.0,1,1.08,1.06,SPY191018C00306000,306.0,normalDay
2019-08-22,2906.0,-255.0,0.0,100,292.36,295.0,0,0.0,0.0,,0.0,1,1.08,0.99,SPY191018C00306000,306.0,normalDay
2019-08-23,2906.0,-952.0,0.0,100,284.85,295.0,0,0.0,0.0,,0.0,1,1.08,0.45,SPY191018C00306000,306.0,normalDay
2019-08-26,2906.0,-655.0,0.0,100,288.0,295.0,0,0.0,0.0,,0.0,1,1.08,0.63,SPY191018C00306000,306.0,normalDay
2019-08-27,2906.0,-759.0,0.0,100,286.87,295.0,0,0.0,0.0,,0.0,1,1.08,0.54,SPY191018C00306000,306.0,normalDay
2019-08-28,2906.0,-571.0,0.0,100,288.89,295.0,0,0.0,0.0,,0.0,1,1.08,0.68,SPY191018C00306000,306.0,normalDay
2019-08-29,2906.0,-231.0,0.0,100,292.58,295.0,0,0.0,0.0,,0.0,1,1.08,0.97,SPY191018C00306000,306.0,normalDay
2019-08-30,2906.0,-240.0,0.0,100,292.45,295.0,0,0.0,0.0,,0.0,1,1.08,0.93,SPY191018C00306000,306.0,normalDay
2019-09-03,2906.0,-379.0,0.0,100,290.74,295.0,0,0.0,0.0,,0.0,1,1.08,0.61,SPY191018C00306000,306.0,normalDay
2019-09-04,2906.0,-67.0,0.0,100,294.04,295.0,0,0.0,0.0,,0.0,1,1.08,0.79,SPY191018C00306000,306.0,normalDay
2019-09-05,2906.0,253.0,0.0,100,297.82,295.0,0,0.0,0.0,,0.0,1,1.08,1.37,SPY191018C00306000,306.0,normalDay
2019-09-06,2906.0,282.0,0.0,100,298.05,295.0,0,0.0,0.0,,0.0,1,1.08,1.31,SPY191018C00306000,306.0,normalDay
2019-09-09,2906.0,315.0,0.0,100,298.2,295.0,0,0.0,0.0,,0.0,1,1.08,1.13,SPY191018C00306000,306.0,normalDay
2019-09-10,2906.0,317.0,0.0,100,298.13,295.0,0,0.0,0.0,,0.0,1,1.08,1.04,SPY191018C00306000,306.0,normalDay
2019-09-11,2906.0,477.0,0.0,100,300.25,295.0,0,0.0,0.0,,0.0,1,1.08,1.56,SPY191018C00306000,306.0,normalDay
2019-09-12,2906.0,554.0,0.0,100,301.29,295.0,0,0.0,0.0,,0.0,1,1.08,1.83,SPY191018C00306000,306.0,normalDay
2019-09-13,2906.0,561.0,0.0,100,301.09,295.0,0,0.0,0.0,,0.0,1,1.08,1.56,SPY191018C00306000,306.0,normalDay
2019-09-16,2906.0,492.0,0.0,100,300.16,295.0,0,0.0,0.0,,0.0,1,1.08,1.32,SPY191018C00306000,306.0,normalDay
2019-09-17,2906.0,555.0,0.0,100,300.92,295.0,0,0.0,0.0,,0.0,1,1.08,1.45,SPY191018C00306000,306.0,normalDay
2019-09-18,2906.0,583.0,0.0,100,301.1,295.0,0,0.0,0.0,,0.0,1,1.08,1.35,SPY191018C00306000,306.0,normalDay
2019-09-19,2906.0,590.0,0.0,100,301.08,295.0,0,0.0,0.0,,0.0,1,1.08,1.26,SPY191018C00306000,306.0,normalDay
2019-09-20,2906.0,341.0,0.0,100,298.28,295.0,0,0.0,0.0,,0.0,1,1.08,0.95,SPY191018C00306000,306.0,normalDay
2019-09-23,2906.0,354.0,0.0,100,298.21,295.0,0,0.0,0.0,,0.0,1,1.08,0.75,SPY191018C00306000,306.0,normalDay
2019-09-24,2906.0,142.0,0.0,100,295.87,295.0,0,0.0,0.0,,0.0,1,1.08,0.53,SPY191018C00306000,306.0,normalDay
2019-09-25,2906.0,313.0,0.0,100,297.62,295.0,0,0.0,0.0,,0.0,1,1.08,0.57,SPY191018C00306000,306.0,normalDay
2019-09-26,2906.0,262.0,0.0,100,297.0,295.0,0,0.0,0.0,,0.0,1,1.08,0.46,SPY191018C00306000,306.0,normalDay
2019-09-27,2906.0,118.0,0.0,100,295.4,295.0,0,0.0,0.0,,0.0,1,1.08,0.3,SPY191018C00306000,306.0,normalDay
2019-09-30,2906.0,256.0,0.0,100,296.77,295.0,0,0.0,0.0,,0.0,1,1.08,0.29,SPY191018C00306000,306.0,normalDay
2019-10-01,2906.0,-79.0,0.0,100,293.24,295.0,0,0.0,0.0,,0.0,1,1.08,0.11,SPY191018C00306000,306.0,normalDay
2019-10-02,2906.0,-593.0,0.0,100,288.06,295.0,0,0.0,0.0,,0.0,1,1.08,0.07,SPY191018C00306000,306.0,normalDay
2019-10-03,2906.0,-355.0,0.0,100,290.42,295.0,0,0.0,0.0,,0.0,1,1.08,0.05,SPY191018C00306000,306.0,normalDay
2019-10-04,2906.0,36.0,0.0,100,294.35,295.0,0,0.0,0.0,,0.0,1,1.08,0.07,SPY191018C00306000,306.0,normalDay
2019-10-07,2906.0,-89.0,0.0,100,293.08,295.0,0,0.0,0.0,,0.0,1,1.08,0.05,SPY191018C00306000,306.0,normalDay
2019-10-08,2906.0,-542.0,0.0,100,288.53,295.0,0,0.0,0.0,,0.0,1,1.08,0.03,SPY191018C00306000,306.0,normalDay
2019-10-09,2906.0,-267.0,0.0,100,291.27,295.0,0,0.0,0.0,,0.0,1,1.08,0.02,SPY191018C00306000,306.0,normalDay
2019-10-10,2906.0,-73.0,0.0,100,293.24,295.0,0,0.0,0.0,,0.0,1,1.08,0.05,SPY191018C00306000,306.0,normalDay
2019-10-11,2906.0,229.0,0.0,100,296.28,295.0,0,0.0,0.0,,0.0,1,1.08,0.07,SPY191018C00306000,306.0,normalDay
2019-10-14,2906.0,201.0,0.0,100,295.95,295.0,0,0.0,0.0,,0.0,1,1.08,0.02,SPY191018C00306000,306.0,normalDay
2019-10-15,2906.0,492.0,0.0,100,298.88,295.0,0,0.0,0.0,,0.0,1,1.08,0.04,SPY191018C00306000,306.0,normalDay
2019-10-16,2906.0,447.0,0.0,100,298.4,295.0,0,0.0,0.0,,0.0,1,1.08,0.01,SPY191018C00306000,306.0,normalDay
2019-10-17,2906.0,535.0,0.0,100,299.28,295.0,0,0.0,0.0,,0.0,1,1.08,0.01,SPY191018C00306000,306.0,normalDay
2019-10-18,3014.0,297.0,108.0,100,297.97,295.0,0,0.0,0.0,,0.0,1,1.08,0.0,SPY191018C00306000,306.0,expirationDay
2019-10-21,3014.0,491.0,0.0,100,299.99,295.0,0,0.0,0.0,,0.0,1,5.79,5.87,SPY191231C00302000,302.0,normalDay
2019-10-22,3014.0,453.0,0.0,100,299.01,295.0,0,0.0,0.0,,0.0,1,5.79,5.27,SPY191231C00302000,302.0,normalDay
2019-10-23,3014.0,497.0,0.0,100,299.88,295.0,0,0.0,0.0,,0.0,1,5.79,5.7,SPY191231C00302000,302.0,normalDay
2019-10-24,3014.0,551.0,0.0,100,300.37,295.0,0,0.0,0.0,,0.0,1,5.79,5.65,SPY191231C00302000,302.0,normalDay
2019-10-25,3014.0,628.0,0.0,100,301.6,295.0,0,0.0,0.0,,0.0,1,5.79,6.11,SPY191231C00302000,302.0,normalDay
2019-10-28,3014.0,700.0,0.0,100,303.3,295.0,0,0.0,0.0,,0.0,1,5.79,7.09,SPY191231C00302000,302.0,normalDay
2019-10-29,3014.0,700.0,0.0,100,303.21,295.0,0,0.0,0.0,,0.0,1,5.79,7.0,SPY191231C00302000,302.0,normalDay
2019-10-30,3014.0,734.0,0.0,100,304.14,295.0,0,0.0,0.0,,0.0,1,5.79,7.59,SPY191231C00302000,302.0,normalDay
2019-10-31,3014.0,724.0,0.0,100,303.33,295.0,0,0.0,0.0,,0.0,1,5.79,6.88,SPY191231C00302000,302.0,normalDay
2019-11-01,3014.0,839.0,0.0,100,306.14,295.0,0,0.0,0.0,,0.0,1,5.79,8.54,SPY191231C00302000,302.0,normalDay
2019-11-04,3014.0,881.0,0.0,100,307.37,295.0,0,0.0,0.0,,0.0,1,5.79,9.35,SPY191231C00302000,302.0,normalDay
2019-11-05,3014.0,867.0,0.0,100,307.03,295.0,0,0.0,0.0,,0.0,1,5.79,9.15,SPY191231C00302000,302.0,normalDay
2019-11-06,3014.0,865.0,0.0,100,307.1,295.0,0,0.0,0.0,,0.0,1,5.79,9.24,SPY191231C00302000,302.0,normalDay
2019-11-07,3014.0,905.0,0.0,100,308.18,295.0,0,0.0,0.0,,0.0,1,5.79,9.92,SPY191231C00302000,302.0,normalDay
2019-11-08,3014.0,937.0,0.0,100,308.94,295.0,0,0.0,0.0,,0.0,1,5.79,10.36,SPY191231C00302000,302.0,normalDay
2019-11-11,3014.0,926.0,0.0,100,308.35,295.0,0,0.0,0.0,,0.0,1,5.79,9.88,SPY191231C00302000,302.0,normalDay
2019-11-12,3014.0,974.0,0.0,100,309.0,295.0,0,0.0,0.0,,0.0,1,5.79,10.05,SPY191231C00302000,302.0,normalDay
2019-11-13,3014.0,961.0,0.0,100,309.1,295.0,0,0.0,0.0,,0.0,1,5.79,10.28,SPY191231C00302000,302.0,normalDay
2019-11-14,3014.0,981.0,0.0,100,309.55,295.0,0,0.0,0.0,,0.0,1,5.79,10.53,SPY191231C00302000,302.0,normalDay
2019-11-15,3014.0,1061.0,0.0,100,311.79,295.0,0,0.0,0.0,,0.0,1,5.79,11.97,SPY191231C00302000,302.0,normalDay
2019-11-18,3014.0,1062.0,0.0,100,312.02,295.0,0,0.0,0.0,,0.0,1,5.79,12.19,SPY191231C00302000,302.0,normalDay
2019-11-19,3014.0,1076.0,0.0,100,311.93,295.0,0,0.0,0.0,,0.0,1,5.79,11.96,SPY191231C00302000,302.0,normalDay
2019-11-20,3014.0,1055.0,0.0,100,310.77,295.0,0,0.0,0.0,,0.0,1,5.79,11.01,SPY191231C00302000,302.0,normalDay
2019-11-21,3014.0,1034.0,0.0,100,310.27,295.0,0,0.0,0.0,,0.0,1,5.79,10.72,SPY191231C00302000,302.0,normalDay
2019-11-22,3014.0,1060.0,0.0,100,310.96,295.0,0,0.0,0.0,,0.0,1,5.79,11.15,SPY191231C00302000,302.0,normalDay
2019-11-25,3014.0,1152.0,0.0,100,313.37,295.0,0,0.0,0.0,,0.0,1,5.79,12.64,SPY191231C00302000,302.0,normalDay
2019-11-26,3014.0,1142.0,0.0,100,314.08,295.0,0,0.0,0.0,,0.0,1,5.79,13.45,SPY191231C00302000,302.0,normalDay
2019-11-27,3014.0,1166.0,0.0,100,315.48,295.0,0,0.0,0.0,,0.0,1,5.79,14.61,SPY191231C00302000,302.0,normalDay
2019-11-29,3014.0,1115.0,0.0,100,314.31,295.0,0,0.0,0.0,,0.0,1,5.79,13.95,SPY191231C00302000,302.0,normalDay
2019-12-02,3014.0,1099.0,0.0,100,311.64,295.0,0,0.0,0.0,,0.0,1,5.79,11.44,SPY191231C00302000,302.0,normalDay
2019-12-03,3014.0,1053.0,0.0,100,309.55,295.0,0,0.0,0.0,,0.0,1,5.79,9.81,SPY191231C00302000,302.0,normalDay
2019-12-04,3014.0,1133.0,0.0,100,311.46,295.0,0,0.0,0.0,,0.0,1,5.79,10.92,SPY191231C00302000,302.0,normalDay
2019-12-05,3014.0,1128.0,0.0,100,312.02,295.0,0,0.0,0.0,,0.0,1,5.79,11.53,SPY191231C00302000,302.0,normalDay
2019-12-06,3014.0,1191.0,0.0,100,314.87,295.0,0,0.0,0.0,,0.0,1,5.79,13.75,SPY191231C00302000,302.0,normalDay
2019-12-09,3014.0,1181.0,0.0,100,313.88,295.0,0,0.0,0.0,,0.0,1,5.79,12.86,SPY191231C00302000,302.0,normalDay
2019-12-10,3014.0,1151.0,0.0,100,313.53,295.0,0,0.0,0.0,,0.0,1,5.79,12.81,SPY191231C00302000,302.0,normalDay
2019-12-11,3014.0,1181.0,0.0,100,314.42,295.0,0,0.0,0.0,,0.0,1,5.79,13.4,SPY191231C00302000,302.0,normalDay
2019-12-12,3014.0,1241.0,0.0,100,317.13,295.0,0,0.0,0.0,,0.0,1,5.79,15.51,SPY191231C00302000,302.0,normalDay
2019-12-13,3014.0,1239.0,0.0,100,317.32,295.0,0,0.0,0.0,,0.0,1,5.79,15.72,SPY191231C00302000,302.0,normalDay
2019-12-16,3014.0,1233.0,0.0,100,319.5,295.0,0,0.0,0.0,,0.0,1,5.79,17.96,SPY191231C00302000,302.0,normalDay
2019-12-17,3014.0,1266.0,0.0,100,319.57,295.0,0,0.0,0.0,,0.0,1,5.79,17.7,SPY191231C00302000,302.0,normalDay
2019-12-18,3014.0,1259.0,0.0,100,319.59,295.0,0,0.0,0.0,,0.0,1,5.79,17.79,SPY191231C00302000,302.0,normalDay
2019-12-19,3014.0,1241.0,0.0,100,320.9,295.0,0,0.0,0.0,,0.0,1,5.79,19.28,SPY191231C00302000,302.0,normalDay
2019-12-20,3014.0,1186.0,0.0,100,320.73,295.0,0,0.0,0.0,,0.0,1,5.79,19.66,SPY191231C00302000,302.0,normalDay
2019-12-23,3014.0,1240.0,0.0,100,321.22,295.0,0,0.0,0.0,,0.0,1,5.79,19.61,SPY191231C00302000,302.0,normalDay
2019-12-24,3014.0,1237.0,0.0,100,321.23,295.0,0,0.0,0.0,,0.0,1,5.79,19.65,SPY191231C00302000,302.0,normalDay
2019-12-26,3014.0,1250.0,0.0,100,322.94,295.0,0,0.0,0.0,,0.0,1,5.79,21.23,SPY191231C00302000,302.0,normalDay
2019-12-27,3014.0,1278.0,0.0,100,322.86,295.0,0,0.0,0.0,,0.0,1,5.79,20.87,SPY191231C00302000,302.0,normalDay
2019-12-30,3014.0,1250.0,0.0,100,321.08,295.0,0,0.0,0.0,,0.0,1,5.79,19.37,SPY191231C00302000,302.0,normalDay
2019-12-31,4293.0,1250.0,1279.0,0,321.86,0.0,0,0.0,0.0,,0.0,1,5.79,0.0,SPY191231C00302000,302.0,expirationDay
2020-01-02,4293.0,-4.0,0.0,0,324.87,0.0,1,0.86,0.9,SPY200121P00317000,317.0,0,0.0,0.0,,0.0,normalDay
2020-01-03,4293.0,-68.0,0.0,0,322.41,0.0,1,0.86,1.54,SPY200121P00317000,317.0,0,0.0,0.0,,0.0,normalDay
2020-01-06,4293.0,-13.0,0.0,0,323.64,0.0,1,0.86,0.99,SPY200121P00317000,317.0,0,0.0,0.0,,0.0,normalDay
2020-01-07,4293.0,-25.0,0.0,0,322.73,0.0,1,0.86,1.11,SPY200121P00317000,317.0,0,0.0,0.0,,0.0,normalDay
2020-01-08,4293.0,14.0,0.0,0,324.45,0.0,1,0.86,0.72,SPY200121P00317000,317.0,0,0.0,0.0,,0.0,normalDay
2020-01-09,4293.0,47.0,0.0,0,326.65,0.0,1,0.86,0.39,SPY200121P00317000,317.0,0,0.0,0.0,,0.0,normalDay
2020-01-10,4293.0,50.0,0.0,0,325.71,0.0,1,0.86,0.36,SPY200121P00317000,317.0,0,0.0,0.0,,0.0,normalDay
2020-01-13,4293.0,75.0,0.0,0,327.95,0.0,1,0.86,0.11,SPY200121P00317000,317.0,0,0.0,0.0,,0.0,normalDay
2020-01-14,4293.0,76.0,0.0,0,327.45,0.0,1,0.86,0.1,SPY200121P00317000,317.0,0,0.0,0.0,,0.0,normalDay
2020-01-15,4293.0,80.0,0.0,0,328.19,0.0,1,0.86,0.06,SPY200121P00317000,317.0,0,0.0,0.0,,0.0,normalDay
2020-01-16,4293.0,82.0,0.0,0,330.92,0.0,1,0.86,0.04,SPY200121P00317000,317.0,0,0.0,0.0,,0.0,normalDay
2020-01-17,4293.0,84.0,0.0,0,331.95,0.0,1,0.86,0.02,SPY200121P00317000,317.0,0,0.0,0.0,,0.0,normalDay
2020-01-21,4379.0,0.0,86.0,0,331.3,0.0,1,0.86,0.0,SPY200121P00317000,317.0,0,0.0,0.0,,0.0,expirationDay
2020-01-22,4379.0,-4.0,0.0,0,331.34,0.0,1,1.28,1.32,SPY200210P00324000,324.0,0,0.0,0.0,,0.0,normalDay
2020-01-23,4379.0,8.0,0.0,0,331.72,0.0,1,1.28,1.2,SPY200210P00324000,324.0,0,0.0,0.0,,0.0,normalDay
2020-01-24,4379.0,-77.0,0.0,0,328.77,0.0,1,1.28,2.05,SPY200210P00324000,324.0,0,0.0,0.0,,0.0,normalDay
2020-01-27,4379.0,-328.0,0.0,0,323.5,0.0,1,1.28,4.56,SPY200210P00324000,324.0,0,0.0,0.0,,0.0,normalDay
2020-01-28,4379.0,-137.0,0.0,0,326.89,0.0,1,1.28,2.65,SPY200210P00324000,324.0,0,0.0,0.0,,0.0,normalDay
2020-01-29,4379.0,-133.0,0.0,0,326.62,0.0,1,1.28,2.61,SPY200210P00324000,324.0,0,0.0,0.0,,0.0,normalDay
2020-01-30,4379.0,-43.0,0.0,0,327.68,0.0,1,1.28,1.71,SPY200210P00324000,324.0,0,0.0,0.0,,0.0,normalDay
2020-01-31,4379.0,-339.0,0.0,0,321.73,0.0,1,1.28,4.67,SPY200210P00324000,324.0,0,0.0,0.0,,0.0,normalDay
2020-02-03,4379.0,-183.0,0.0,0,324.12,0.0,1,1.28,3.11,SPY200210P00324000,324.0,0,0.0,0.0,,0.0,normalDay
2020-02-04,4379.0,46.0,0.0,0,329.06,0.0,1,1.28,0.82,SPY200210P00324000,324.0,0,0.0,0.0,,0.0,normalDay
2020-02-05,4379.0,111.0,0.0,0,332.86,0.0,1,1.28,0.17,SPY200210P00324000,324.0,0,0.0,0.0,,0.0,normalDay
2020-02-06,4379.0,121.0,0.0,0,333.98,0.0,1,1.28,0.07,SPY200210P00324000,324.0,0,0.0,0.0,,0.0,normalDay
2020-02-07,4379.0,122.0,0.0,0,332.2,0.0,1,1.28,0.06,SPY200210P00324000,324.0,0,0.0,0.0,,0.0,normalDay
2020-02-10,4507.0,0.0,128.0,0,334.68,0.0,1,1.28,0.0,SPY200210P00324000,324.0,0,0.0,0.0,,0.0,expirationDay
2020-02-11,4507.0,-3.0,0.0,0,335.26,0.0,1,1.39,1.42,SPY200228P00327500,327.5,0,0.0,0.0,,0.0,normalDay
2020-02-12,4507.0,56.0,0.0,0,337.42,0.0,1,1.39,0.83,SPY200228P00327500,327.5,0,0.0,0.0,,0.0,normalDay
2020-02-13,4507.0,52.0,0.0,0,337.06,0.0,1,1.39,0.87,SPY200228P00327500,327.5,0,0.0,0.0,,0.0,normalDay
2020-02-14,4507.0,75.0,0.0,0,337.6,0.0,1,1.39,0.64,SPY200228P00327500,327.5,0,0.0,0.0,,0.0,normalDay
2020-02-18,4507.0,77.0,0.0,0,336.73,0.0,1,1.39,0.62,SPY200228P00327500,327.5,0,0.0,0.0,,0.0,normalDay
2020-02-19,4507.0,108.0,0.0,0,338.34,0.0,1,1.39,0.31,SPY200228P00327500,327.5,0,0.0,0.0,,0.0,normalDay
2020-02-20,4507.0,95.0,0.0,0,336.95,0.0,1,1.39,0.44,SPY200228P00327500,327.5,0,0.0,0.0,,0.0,normalDay
2020-02-21,4507.0,46.0,0.0,0,333.48,0.0,1,1.39,0.93,SPY200228P00327500,327.5,0,0.0,0.0,,0.0,normalDay
2020-02-24,4507.0,-557.0,0.0,0,322.42,0.0,1,1.39,6.96,SPY200228P00327500,327.5,0,0.0,0.0,,0.0,normalDay
2020-02-25,4507.0,-1320.0,0.0,0,312.65,0.0,1,1.39,14.59,SPY200228P00327500,327.5,0,0.0,0.0,,0.0,normalDay
2020-02-26,4507.0,-1516.0,0.0,0,311.5,0.0,1,1.39,16.55,SPY200228P00327500,327.5,0,0.0,0.0,,0.0,normalDay
2020-02-27,4507.0,-2893.0,0.0,0,297.51,0.0,1,1.39,30.32,SPY200228P00327500,327.5,0,0.0,0.0,,0.0,normalDay
2020-02-28,4646.0,-3124.0,139.0,100,296.26,327.5,1,1.39,0.0,SPY200228P00327500,327.5,0,0.0,0.0,,0.0,expirationDay
2020-03-02,4646.0,-1846.0,0.0,100,309.09,327.5,0,0.0,0.0,,0.0,1,0.27,0.32,SPY200515C00352000,352.0,normalDay
2020-03-03,4646.0,-2730.0,0.0,100,300.24,327.5,0,0.0,0.0,,0.0,1,0.27,0.31,SPY200515C00352000,352.0,normalDay
2020-03-04,4646.0,-1495.0,0.0,100,312.86,327.5,0,0.0,0.0,,0.0,1,0.27,0.58,SPY200515C00352000,352.0,normalDay
2020-03-05,4646.0,-2512.0,0.0,100,302.46,327.5,0,0.0,0.0,,0.0,1,0.27,0.35,SPY200515C00352000,352.0,normalDay
2020-03-06,4646.0,-3010.0,0.0,100,297.46,327.5,0,0.0,0.0,,0.0,1,0.27,0.33,SPY200515C00352000,352.0,normalDay
2020-03-09,4646.0,-5329.0,0.0,100,274.23,327.5,0,0.0,0.0,,0.0,1,0.27,0.29,SPY200515C00352000,352.0,normalDay
2020-03-10,4646.0,-3909.0,0.0,100,288.42,327.5,0,0.0,0.0,,0.0,1,0.27,0.28,SPY200515C00352000,352.0,normalDay
2020-03-11,4646.0,-5306.0,0.0,100,274.36,327.5,0,0.0,0.0,,0.0,1,0.27,0.19,SPY200515C00352000,352.0,normalDay
2020-03-12,4646.0,-7929.0,0.0,100,248.11,327.5,0,0.0,0.0,,0.0,1,0.27,0.17,SPY200515C00352000,352.0,normalDay
2020-03-13,4646.0,-5812.0,0.0,100,269.32,327.5,0,0.0,0.0,,0.0,1,0.27,0.21,SPY200515C00352000,352.0,normalDay
2020-03-16,4646.0,-8753.0,0.0,100,239.85,327.5,0,0.0,0.0,,0.0,1,0.27,0.15,SPY200515C00352000,352.0,normalDay
2020-03-17,4646.0,-7464.0,0.0,100,252.8,327.5,0,0.0,0.0,,0.0,1,0.27,0.21,SPY200515C00352000,352.0,normalDay
2020-03-18,4646.0,-8738.0,0.0,100,240.0,327.5,0,0.0,0.0,,0.0,1,0.27,0.15,SPY200515C00352000,352.0,normalDay
2020-03-19,4646.0,-8680.0,0.0,100,240.51,327.5,0,0.0,0.0,,0.0,1,0.27,0.08,SPY200515C00352000,352.0,normalDay
2020-03-20,4646.0,-9849.0,0.0,100,228.8,327.5,0,0.0,0.0,,0.0,1,0.27,0.06,SPY200515C00352000,352.0,normalDay
2020-03-23,4646.0,-10437.0,0.0,100,222.95,327.5,0,0.0,0.0,,0.0,1,0.27,0.09,SPY200515C00352000,352.0,normalDay
2020-03-24,4646.0,-8422.0,0.0,100,243.15,327.5,0,0.0,0.0,,0.0,1,0.27,0.14,SPY200515C00352000,352.0,normalDay
2020-03-25,4646.0,-8055.0,0.0,100,246.79,327.5,0,0.0,0.0,,0.0,1,0.27,0.11,SPY200515C00352000,352.0,normalDay
2020-03-26,4646.0,-6617.0,0.0,100,261.2,327.5,0,0.0,0.0,,0.0,1,0.27,0.14,SPY200515C00352000,352.0,normalDay
2020-03-27,4646.0,-7391.0,0.0,100,253.42,327.5,0,0.0,0.0,,0.0,1,0.27,0.1,SPY200515C00352000,352.0,normalDay
2020-03-30,4646.0,-6568.0,0.0,100,261.65,327.5,0,0.0,0.0,,0.0,1,0.27,0.1,SPY200515C00352000,352.0,normalDay
2020-03-31,4646.0,-6953.0,0.0,100,257.75,327.5,0,0.0,0.0,,0.0,1,0.27,0.05,SPY200515C00352000,352.0,normalDay
2020-04-01,4646.0,-8112.0,0.0,100,246.15,327.5,0,0.0,0.0,,0.0,1,0.27,0.04,SPY200515C00352000,352.0,normalDay
2020-04-02,4646.0,-7544.0,0.0,100,251.83,327.5,0,0.0,0.0,,0.0,1,0.27,0.04,SPY200515C00352000,352.0,normalDay
2020-04-03,4646.0,-7907.0,0.0,100,248.19,327.5,0,0.0,0.0,,0.0,1,0.27,0.03,SPY200515C00352000,352.0,normalDay
2020-04-06,4646.0,-6241.0,0.0,100,264.86,327.5,0,0.0,0.0,,0.0,1,0.27,0.04,SPY200515C00352000,352.0,normalDay
2020-04-07,4646.0,-6214.0,0.0,100,265.13,327.5,0,0.0,0.0,,0.0,1,0.27,0.04,SPY200515C00352000,352.0,normalDay
2020-04-08,4646.0,-5325.0,0.0,100,274.03,327.5,0,0.0,0.0,,0.0,1,0.27,0.05,SPY200515C00352000,352.0,normalDay
2020-04-09,4646.0,-4909.0,0.0,100,278.2,327.5,0,0.0,0.0,,0.0,1,0.27,0.06,SPY200515C00352000,352.0,normalDay
2020-04-13,4646.0,-5161.0,0.0,100,275.66,327.5,0,0.0,0.0,,0.0,1,0.27,0.04,SPY200515C00352000,352.0,normalDay
2020-04-14,4646.0,-4348.0,0.0,100,283.79,327.5,0,0.0,0.0,,0.0,1,0.27,0.04,SPY200515C00352000,352.0,normalDay
2020-04-15,4646.0,-4951.0,0.0,100,277.76,327.5,0,0.0,0.0,,0.0,1,0.27,0.04,SPY200515C00352000,352.0,normalDay
2020-04-16,4646.0,-4816.0,0.0,100,279.1,327.5,0,0.0,0.0,,0.0,1,0.27,0.03,SPY200515C00352000,352.0,normalDay
2020-04-17,4646.0,-4062.0,0.0,100,286.64,327.5,0,0.0,0.0,,0.0,1,0.27,0.03,SPY200515C00352000,352.0,normalDay
2020-04-20,4646.0,-4567.0,0.0,100,281.59,327.5,0,0.0,0.0,,0.0,1,0.27,0.03,SPY200515C00352000,352.0,normalDay
2020-04-21,4646.0,-5421.0,0.0,100,273.04,327.5,0,0.0,0.0,,0.0,1,0.27,0.02,SPY200515C00352000,352.0,normalDay
2020-04-22,4646.0,-4815.0,0.0,100,279.1,327.5,0,0.0,0.0,,0.0,1,0.27,0.02,SPY200515C00352000,352.0,normalDay
2020-04-23,4646.0,-4817.0,0.0,100,279.08,327.5,0,0.0,0.0,,0.0,1,0.27,0.02,SPY200515C00352000,352.0,normalDay
2020-04-24,4646.0,-4427.0,0.0,100,282.97,327.5,0,0.0,0.0,,0.0,1,0.27,0.01,SPY200515C00352000,352.0,normalDay
2020-04-27,4646.0,-4019.0,0.0,100,287.05,327.5,0,0.0,0.0,,0.0,1,0.27,0.01,SPY200515C00352000,352.0,normalDay
2020-04-28,4646.0,-4151.0,0.0,100,285.73,327.5,0,0.0,0.0,,0.0,1,0.27,0.01,SPY200515C00352000,352.0,normalDay
2020-04-29,4646.0,-3405.0,0.0,100,293.21,327.5,0,0.0,0.0,,0.0,1,0.27,0.03,SPY200515C00352000,352.0,normalDay
2020-04-30,4646.0,-3677.0,0.0,100,290.48,327.5,0,0.0,0.0,,0.0,1,0.27,0.02,SPY200515C00352000,352.0,normalDay
2020-05-01,4646.0,-4445.0,0.0,100,282.79,327.5,0,0.0,0.0,,0.0,1,0.27,0.01,SPY200515C00352000,352.0,normalDay
2020-05-04,4646.0,-4367.0,0.0,100,283.57,327.5,0,0.0,0.0,,0.0,1,0.27,0.01,SPY200515C00352000,352.0,normalDay
2020-05-05,4646.0,-4105.0,0.0,100,286.19,327.5,0,0.0,0.0,,0.0,1,0.27,0.01,SPY200515C00352000,352.0,normalDay
2020-05-06,4646.0,-4299.0,0.0,100,284.25,327.5,0,0.0,0.0,,0.0,1,0.27,0.01,SPY200515C00352000,352.0,normalDay
2020-05-07,4646.0,-3956.0,0.0,100,287.68,327.5,0,0.0,0.0,,0.0,1,0.27,0.01,SPY200515C00352000,352.0,normalDay
2020-05-08,4646.0,-3480.0,0.0,100,292.44,327.5,0,0.0,0.0,,0.0,1,0.27,0.01,SPY200515C00352000,352.0,normalDay
2020-05-11,4646.0,-3474.0,0.0,100,292.5,327.5,0,0.0,0.0,,0.0,1,0.27,0.01,SPY200515C00352000,352.0,normalDay
2020-05-12,4646.0,-4057.0,0.0,100,286.67,327.5,0,0.0,0.0,,0.0,1,0.27,0.01,SPY200515C00352000,352.0,normalDay
2020-05-13,4646.0,-4564.0,0.0,100,281.6,327.5,0,0.0,0.0,,0.0,1,0.27,0.01,SPY200515C00352000,352.0,normalDay
2020-05-14,4646.0,-4227.0,0.0,100,284.97,327.5,0,0.0,0.0,,0.0,1,0.27,0.01,SPY200515C00352000,352.0,normalDay
2020-05-15,4673.0,-4122.0,27.0,100,286.28,327.5,0,0.0,0.0,,0.0,1,0.27,0.0,SPY200515C00352000,352.0,expirationDay
2020-05-18,4673.0,-3257.0,0.0,100,295.0,327.5,0,0.0,0.0,,0.0,1,10.52,10.59,SPY200717C00296000,296.0,normalDay
2020-05-19,4673.0,-3438.0,0.0,100,291.97,327.5,0,0.0,0.0,,0.0,1,10.52,9.37,SPY200717C00296000,296.0,normalDay
2020-05-20,4673.0,-3168.0,0.0,100,296.93,327.5,0,0.0,0.0,,0.0,1,10.52,11.63,SPY200717C00296000,296.0,normalDay
2020-05-21,4673.0,-3256.0,0.0,100,294.88,327.5,0,0.0,0.0,,0.0,1,10.52,10.46,SPY200717C00296000,296.0,normalDay
2020-05-22,4673.0,-3224.0,0.0,100,295.44,327.5,0,0.0,0.0,,0.0,1,10.52,10.7,SPY200717C00296000,296.0,normalDay
2020-05-26,4673.0,-3016.0,0.0,100,299.08,327.5,0,0.0,0.0,,0.0,1,10.52,12.26,SPY200717C00296000,296.0,normalDay
2020-05-27,4673.0,-2829.0,0.0,100,303.53,327.5,0,0.0,0.0,,0.0,1,10.52,14.84,SPY200717C00296000,296.0,normalDay
2020-05-28,4673.0,-2920.0,0.0,100,302.97,327.5,0,0.0,0.0,,0.0,1,10.52,15.19,SPY200717C00296000,296.0,normalDay
2020-05-29,4673.0,-2839.0,0.0,100,304.32,327.5,0,0.0,0.0,,0.0,1,10.52,15.73,SPY200717C00296000,296.0,normalDay
2020-06-01,4673.0,-2730.0,0.0,100,305.55,327.5,0,0.0,0.0,,0.0,1,10.52,15.87,SPY200717C00296000,296.0,normalDay
2020-06-02,4673.0,-2608.0,0.0,100,308.08,327.5,0,0.0,0.0,,0.0,1,10.52,17.18,SPY200717C00296000,296.0,normalDay
2020-06-03,4673.0,-2494.0,0.0,100,312.18,327.5,0,0.0,0.0,,0.0,1,10.52,20.14,SPY200717C00296000,296.0,normalDay
2020-06-04,4673.0,-2507.0,0.0,100,311.36,327.5,0,0.0,0.0,,0.0,1,10.52,19.45,SPY200717C00296000,296.0,normalDay
2020-06-05,4673.0,-2339.0,0.0,100,319.34,327.5,0,0.0,0.0,,0.0,1,10.52,25.75,SPY200717C00296000,296.0,normalDay
2020-06-08,4673.0,-2255.0,0.0,100,323.2,327.5,0,0.0,0.0,,0.0,1,10.52,28.77,SPY200717C00296000,296.0,normalDay
2020-06-09,4673.0,-2414.0,0.0,100,320.79,327.5,0,0.0,0.0,,0.0,1,10.52,27.95,SPY200717C00296000,296.0,normalDay
2020-06-10,4673.0,-2336.0,0.0,100,319.0,327.5,0,0.0,0.0,,0.0,1,10.52,25.38,SPY200717C00296000,296.0,normalDay
2020-06-11,4673.0,-3161.0,0.0,100,300.61,327.5,0,0.0,0.0,,0.0,1,10.52,15.24,SPY200717C00296000,296.0,normalDay
2020-06-12,4673.0,-2838.0,0.0,100,304.21,327.5,0,0.0,0.0,,0.0,1,10.52,15.61,SPY200717C00296000,296.0,normalDay
2020-06-15,4673.0,-2723.0,0.0,100,307.05,327.5,0,0.0,0.0,,0.0,1,10.52,17.3,SPY200717C00296000,296.0,normalDay
2020-06-16,4673.0,-2517.0,0.0,100,312.96,327.5,0,0.0,0.0,,0.0,1,10.52,21.15,SPY200717C00296000,296.0,normalDay
2020-06-17,4673.0,-2574.0,0.0,100,311.66,327.5,0,0.0,0.0,,0.0,1,10.52,20.42,SPY200717C00296000,296.0,normalDay
2020-06-18,4673.0,-2500.0,0.0,100,311.78,327.5,0,0.0,0.0,,0.0,1,10.52,19.8,SPY200717C00296000,296.0,normalDay
2020-06-19,4673.0,-2595.0,0.0,100,308.64,327.5,0,0.0,0.0,,0.0,1,10.52,17.61,SPY200717C00296000,296.0,normalDay
2020-06-22,4673.0,-2565.0,0.0,100,310.62,327.5,0,0.0,0.0,,0.0,1,10.52,19.29,SPY200717C00296000,296.0,normalDay
2020-06-23,4673.0,-2489.0,0.0,100,312.05,327.5,0,0.0,0.0,,0.0,1,10.52,19.96,SPY200717C00296000,296.0,normalDay
2020-06-24,4673.0,-2762.0,0.0,100,304.09,327.5,0,0.0,0.0,,0.0,1,10.52,14.73,SPY200717C00296000,296.0,normalDay
2020-06-25,4673.0,-2600.0,0.0,100,307.35,327.5,0,0.0,0.0,,0.0,1,10.52,16.37,SPY200717C00296000,296.0,normalDay
2020-06-26,4673.0,-2885.0,0.0,100,300.05,327.5,0,0.0,0.0,,0.0,1,10.52,11.92,SPY200717C00296000,296.0,normalDay
2020-06-29,4673.0,-2574.0,0.0,100,304.46,327.5,0,0.0,0.0,,0.0,1,10.52,13.22,SPY200717C00296000,296.0,normalDay
2020-06-30,4673.0,-2416.0,0.0,100,308.36,327.5,0,0.0,0.0,,0.0,1,10.52,15.54,SPY200717C00296000,296.0,normalDay
2020-07-01,4673.0,-2328.0,0.0,100,310.52,327.5,0,0.0,0.0,,0.0,1,10.52,16.82,SPY200717C00296000,296.0,normalDay
2020-07-02,4673.0,-2313.0,0.0,100,312.23,327.5,0,0.0,0.0,,0.0,1,10.52,18.38,SPY200717C00296000,296.0,normalDay
2020-07-06,4673.0,-2185.0,0.0,100,317.05,327.5,0,0.0,0.0,,0.0,1,10.52,21.92,SPY200717C00296000,296.0,normalDay
2020-07-07,4673.0,-2211.0,0.0,100,313.78,327.5,0,0.0,0.0,,0.0,1,10.52,18.91,SPY200717C00296000,296.0,normalDay
2020-07-08,4673.0,-2174.0,0.0,100,316.18,327.5,0,0.0,0.0,,0.0,1,10.52,20.94,SPY200717C00296000,296.0,normalDay
2020-07-09,4673.0,-2178.0,0.0,100,314.38,327.5,0,0.0,0.0,,0.0,1,10.52,19.18,SPY200717C00296000,296.0,normalDay
2020-07-10,4673.0,-2146.0,0.0,100,317.59,327.5,0,0.0,0.0,,0.0,1,10.52,22.07,SPY200717C00296000,296.0,normalDay
2020-07-13,4673.0,-2117.0,0.0,100,314.84,327.5,0,0.0,0.0,,0.0,1,10.52,19.03,SPY200717C00296000,296.0,normalDay
2020-07-14,4673.0,-2081.0,0.0,100,318.92,327.5,0,0.0,0.0,,0.0,1,10.52,22.75,SPY200717C00296000,296.0,normalDay
2020-07-15,4673.0,-2099.0,0.0,100,321.85,327.5,0,0.0,0.0,,0.0,1,10.52,25.86,SPY200717C00296000,296.0,normalDay
2020-07-16,4673.0,-1996.0,0.0,100,320.79,327.5,0,0.0,0.0,,0.0,1,10.52,23.77,SPY200717C00296000,296.0,normalDay
2020-07-17,2575.0,-1996.0,-2098.0,0,321.72,0.0,0,0.0,0.0,,0.0,1,10.52,0.0,SPY200717C00296000,296.0,expirationDay
2020-07-20,2575.0,-5.0,0.0,0,324.32,0.0,1,2.15,2.2,SPY200807P00310000,310.0,0,0.0,0.0,,0.0,normalDay
2020-07-21,2575.0,4.0,0.0,0,325.01,0.0,1,2.15,2.11,SPY200807P00310000,310.0,0,0.0,0.0,,0.0,normalDay
2020-07-22,2575.0,49.0,0.0,0,326.86,0.0,1,2.15,1.66,SPY200807P00310000,310.0,0,0.0,0.0,,0.0,normalDay
2020-07-23,2575.0,-30.0,0.0,0,322.96,0.0,1,2.15,2.45,SPY200807P00310000,310.0,0,0.0,0.0,,0.0,normalDay
2020-07-24,2575.0,-8.0,0.0,0,320.88,0.0,1,2.15,2.23,SPY200807P00310000,310.0,0,0.0,0.0,,0.0,normalDay
2020-07-27,2575.0,82.0,0.0,0,323.22,0.0,1,2.15,1.33,SPY200807P00310000,310.0,0,0.0,0.0,,0.0,normalDay
2020-07-28,2575.0,51.0,0.0,0,321.17,0.0,1,2.15,1.64,SPY200807P00310000,310.0,0,0.0,0.0,,0.0,normalDay
2020-07-29,2575.0,131.0,0.0,0,325.12,0.0,1,2.15,0.84,SPY200807P00310000,310.0,0,0.0,0.0,,0.0,normalDay
2020-07-30,2575.0,127.0,0.0,0,323.96,0.0,1,2.15,0.88,SPY200807P00310000,310.0,0,0.0,0.0,,0.0,normalDay
2020-07-31,2575.0,183.0,0.0,0,326.52,0.0,1,2.15,0.32,SPY200807P00310000,310.0,0,0.0,0.0,,0.0,normalDay
2020-08-03,2575.0,203.0,0.0,0,328.79,0.0,1,2.15,0.12,SPY200807P00310000,310.0,0,0.0,0.0,,0.0,normalDay
2020-08-04,2575.0,208.0,0.0,0,330.06,0.0,1,2.15,0.07,SPY200807P00310000,310.0,0,0.0,0.0,,0.0,normalDay
2020-08-05,2575.0,212.0,0.0,0,332.11,0.0,1,2.15,0.03,SPY200807P00310000,310.0,0,0.0,0.0,,0.0,normalDay
2020-08-06,2575.0,213.0,0.0,0,334.33,0.0,1,2.15,0.02,SPY200807P00310000,310.0,0,0.0,0.0,,0.0,normalDay
2020-08-07,2790.0,0.0,215.0,0,334.57,0.0,1,2.15,0.0,SPY200807P00310000,310.0,0,0.0,0.0,,0.0,expirationDay
2020-08-10,2790.0,-4.0,0.0,0,335.57,0.0,1,2.0,2.04,SPY200828P00323000,323.0,0,0.0,0.0,,0.0,normalDay
2020-08-11,2790.0,-89.0,0.0,0,332.8,0.0,1,2.0,2.89,SPY200828P00323000,323.0,0,0.0,0.0,,0.0,normalDay
2020-08-12,2790.0,42.0,0.0,0,337.44,0.0,1,2.0,1.58,SPY200828P00323000,323.0,0,0.0,0.0,,0.0,normalDay
2020-08-13,2790.0,43.0,0.0,0,336.83,0.0,1,2.0,1.57,SPY200828P00323000,323.0,0,0.0,0.0,,0.0,normalDay
2020-08-14,2790.0,72.0,0.0,0,336.84,0.0,1,2.0,1.28,SPY200828P00323000,323.0,0,0.0,0.0,,0.0,normalDay
2020-08-17,2790.0,123.0,0.0,0,337.91,0.0,1,2.0,0.77,SPY200828P00323000,323.0,0,0.0,0.0,,0.0,normalDay
2020-08-18,2790.0,135.0,0.0,0,338.64,0.0,1,2.0,0.65,SPY200828P00323000,323.0,0,0.0,0.0,,0.0,normalDay
2020-08-19,2790.0,124.0,0.0,0,337.23,0.0,1,2.0,0.76,SPY200828P00323000,323.0,0,0.0,0.0,,0.0,normalDay
2020-08-20,2790.0,147.0,0.0,0,338.28,0.0,1,2.0,0.53,SPY200828P00323000,323.0,0,0.0,0.0,,0.0,normalDay
2020-08-21,2790.0,172.0,0.0,0,339.48,0.0,1,2.0,0.28,SPY200828P00323000,323.0,0,0.0,0.0,,0.0,normalDay
2020-08-24,2790.0,190.0,0.0,0,342.92,0.0,1,2.0,0.1,SPY200828P00323000,323.0,0,0.0,0.0,,0.0,normalDay
2020-08-25,2790.0,195.0,0.0,0,344.12,0.0,1,2.0,0.05,SPY200828P00323000,323.0,0,0.0,0.0,,0.0,normalDay
2020-08-26,2790.0,194.0,0.0,0,347.57,0.0,1,2.0,0.06,SPY200828P00323000,323.0,0,0.0,0.0,,0.0,normalDay
2020-08-27,2790.0,198.0,0.0,0,348.33,0.0,1,2.0,0.02,SPY200828P00323000,323.0,0,0.0,0.0,,0.0,normalDay
2020-08-28,2990.0,0.0,200.0,0,350.58,0.0,1,2.0,0.0,SPY200828P00323000,323.0,0,0.0,0.0,,0.0,expirationDay
2020-08-31,2990.0,-4.0,0.0,0,349.31,0.0,1,2.68,2.72,SPY200918P00336000,336.0,0,0.0,0.0,,0.0,normalDay
2020-09-01,2990.0,60.0,0.0,0,352.6,0.0,1,2.68,2.08,SPY200918P00336000,336.0,0,0.0,0.0,,0.0,normalDay
2020-09-02,2990.0,118.0,0.0,0,357.7,0.0,1,2.68,1.5,SPY200918P00336000,336.0,0,0.0,0.0,,0.0,normalDay
2020-09-03,2990.0,-164.0,0.0,0,345.39,0.0,1,2.68,4.32,SPY200918P00336000,336.0,0,0.0,0.0,,0.0,normalDay
2020-09-04,2990.0,-239.0,0.0,0,342.57,0.0,1,2.68,5.07,SPY200918P00336000,336.0,0,0.0,0.0,,0.0,normalDay
2020-09-08,2990.0,-571.0,0.0,0,333.21,0.0,1,2.68,8.39,SPY200918P00336000,336.0,0,0.0,0.0,,0.0,normalDay
2020-09-09,2990.0,-210.0,0.0,0,339.79,0.0,1,2.68,4.78,SPY200918P00336000,336.0,0,0.0,0.0,,0.0,normalDay
2020-09-10,2990.0,-437.0,0.0,0,333.89,0.0,1,2.68,7.05,SPY200918P00336000,336.0,0,0.0,0.0,,0.0,normalDay
2020-09-11,2990.0,-408.0,0.0,0,334.06,0.0,1,2.68,6.76,SPY200918P00336000,336.0,0,0.0,0.0,,0.0,normalDay
2020-09-14,2990.0,-31.0,0.0,0,338.46,0.0,1,2.68,2.99,SPY200918P00336000,336.0,0,0.0,0.0,,0.0,normalDay
2020-09-15,2990.0,86.0,0.0,0,340.17,0.0,1,2.68,1.82,SPY200918P00336000,336.0,0,0.0,0.0,,0.0,normalDay
2020-09-16,2990.0,84.0,0.0,0,338.82,0.0,1,2.68,1.84,SPY200918P00336000,336.0,0,0.0,0.0,,0.0,normalDay
2020-09-17,2990.0,10.0,0.0,0,335.84,0.0,1,2.68,2.58,SPY200918P00336000,336.0,0,0.0,0.0,,0.0,normalDay
2020-09-18,3258.0,-535.0,268.0,100,330.65,336.0,1,2.68,0.0,SPY200918P00336000,336.0,0,0.0,0.0,,0.0,expirationDay
2020-09-21,3258.0,-909.0,0.0,100,326.97,336.0,0,0.0,0.0,,0.0,1,2.32,2.38,SPY201120C00357000,357.0,normalDay
2020-09-22,3258.0,-621.0,0.0,100,330.3,336.0,0,0.0,0.0,,0.0,1,2.32,2.83,SPY201120C00357000,357.0,normalDay
2020-09-23,3258.0,-1277.0,0.0,100,322.64,336.0,0,0.0,0.0,,0.0,1,2.32,1.73,SPY201120C00357000,357.0,normalDay
2020-09-24,3258.0,-1194.0,0.0,100,323.5,336.0,0,0.0,0.0,,0.0,1,2.32,1.76,SPY201120C00357000,357.0,normalDay
2020-09-25,3258.0,-729.0,0.0,100,328.73,336.0,0,0.0,0.0,,0.0,1,2.32,2.34,SPY201120C00357000,357.0,normalDay
2020-09-28,3258.0,-307.0,0.0,100,334.19,336.0,0,0.0,0.0,,0.0,1,2.32,3.58,SPY201120C00357000,357.0,normalDay
2020-09-29,3258.0,-441.0,0.0,100,332.37,336.0,0,0.0,0.0,,0.0,1,2.32,3.1,SPY201120C00357000,357.0,normalDay
2020-09-30,3258.0,-200.0,0.0,100,334.89,336.0,0,0.0,0.0,,0.0,1,2.32,3.21,SPY201120C00357000,357.0,normalDay
2020-10-01,3258.0,-78.0,0.0,100,337.04,336.0,0,0.0,0.0,,0.0,1,2.32,4.14,SPY201120C00357000,357.0,normalDay
2020-10-02,3258.0,-311.0,0.0,100,333.84,336.0,0,0.0,0.0,,0.0,1,2.32,3.27,SPY201120C00357000,357.0,normalDay
2020-10-05,3258.0,170.0,0.0,100,339.76,336.0,0,0.0,0.0,,0.0,1,2.32,4.38,SPY201120C00357000,357.0,normalDay
2020-10-06,3258.0,-176.0,0.0,100,334.93,336.0,0,0.0,0.0,,0.0,1,2.32,3.01,SPY201120C00357000,357.0,normalDay
2020-10-07,3258.0,291.0,0.0,100,340.76,336.0,0,0.0,0.0,,0.0,1,2.32,4.17,SPY201120C00357000,357.0,normalDay
2020-10-08,3258.0,558.0,0.0,100,343.78,336.0,0,0.0,0.0,,0.0,1,2.32,4.52,SPY201120C00357000,357.0,normalDay
2020-10-09,3258.0,813.0,0.0,100,346.85,336.0,0,0.0,0.0,,0.0,1,2.32,5.04,SPY201120C00357000,357.0,normalDay
2020-10-12,3258.0,1142.0,0.0,100,352.43,336.0,0,0.0,0.0,,0.0,1,2.32,7.33,SPY201120C00357000,357.0,normalDay
2020-10-13,3258.0,1001.0,0.0,100,350.13,336.0,0,0.0,0.0,,0.0,1,2.32,6.44,SPY201120C00357000,357.0,normalDay
2020-10-14,3258.0,891.0,0.0,100,347.93,336.0,0,0.0,0.0,,0.0,1,2.32,5.34,SPY201120C00357000,357.0,normalDay
2020-10-15,3258.0,860.0,0.0,100,347.5,336.0,0,0.0,0.0,,0.0,1,2.32,5.22,SPY201120C00357000,357.0,normalDay
2020-10-16,3258.0,873.0,0.0,100,347.29,336.0,0,0.0,0.0,,0.0,1,2.32,4.88,SPY201120C00357000,357.0,normalDay
2020-10-19,3258.0,494.0,0.0,100,342.01,336.0,0,0.0,0.0,,0.0,1,2.32,3.39,SPY201120C00357000,357.0,normalDay
2020-10-20,3258.0,605.0,0.0,100,343.38,336.0,0,0.0,0.0,,0.0,1,2.32,3.65,SPY201120C00357000,357.0,normalDay
2020-10-21,3258.0,566.0,0.0,100,342.73,336.0,0,0.0,0.0,,0.0,1,2.32,3.39,SPY201120C00357000,357.0,normalDay
2020-10-22,3258.0,743.0,0.0,100,344.61,336.0,0,0.0,0.0,,0.0,1,2.32,3.5,SPY201120C00357000,357.0,normalDay
2020-10-23,3258.0,857.0,0.0,100,345.78,336.0,0,0.0,0.0,,0.0,1,2.32,3.53,SPY201120C00357000,357.0,normalDay
2020-10-26,3258.0,304.0,0.0,100,339.39,336.0,0,0.0,0.0,,0.0,1,2.32,2.67,SPY201120C00357000,357.0,normalDay
2020-10-27,3258.0,227.0,0.0,100,338.22,336.0,0,0.0,0.0,,0.0,1,2.32,2.27,SPY201120C00357000,357.0,normalDay
2020-10-28,3258.0,-806.0,0.0,100,326.66,336.0,0,0.0,0.0,,0.0,1,2.32,1.04,SPY201120C00357000,357.0,normalDay
2020-10-29,3258.0,-472.0,0.0,100,329.98,336.0,0,0.0,0.0,,0.0,1,2.32,1.02,SPY201120C00357000,357.0,normalDay
2020-10-30,3258.0,-783.0,0.0,100,326.54,336.0,0,0.0,0.0,,0.0,1,2.32,0.69,SPY201120C00357000,357.0,normalDay
2020-11-02,3258.0,-428.0,0.0,100,330.2,336.0,0,0.0,0.0,,0.0,1,2.32,0.8,SPY201120C00357000,357.0,normalDay
2020-11-03,3258.0,98.0,0.0,100,336.03,336.0,0,0.0,0.0,,0.0,1,2.32,1.37,SPY201120C00357000,357.0,normalDay
2020-11-04,3258.0,801.0,0.0,100,343.54,336.0,0,0.0,0.0,,0.0,1,2.32,1.85,SPY201120C00357000,357.0,normalDay
2020-11-05,3258.0,1298.0,0.0,100,350.24,336.0,0,0.0,0.0,,0.0,1,2.32,3.58,SPY201120C00357000,357.0,normalDay
2020-11-06,3258.0,1376.0,0.0,100,350.16,336.0,0,0.0,0.0,,0.0,1,2.32,2.72,SPY201120C00357000,357.0,normalDay
2020-11-09,3258.0,1601.0,0.0,100,354.56,336.0,0,0.0,0.0,,0.0,1,2.32,4.87,SPY201120C00357000,357.0,normalDay
2020-11-10,3258.0,1662.0,0.0,100,354.04,336.0,0,0.0,0.0,,0.0,1,2.32,3.74,SPY201120C00357000,357.0,normalDay
2020-11-11,3258.0,1862.0,0.0,100,356.67,336.0,0,0.0,0.0,,0.0,1,2.32,4.37,SPY201120C00357000,357.0,normalDay
2020-11-12,3258.0,1689.0,0.0,100,353.21,336.0,0,0.0,0.0,,0.0,1,2.32,2.64,SPY201120C00357000,357.0,normalDay
2020-11-13,3258.0,1998.0,0.0,100,358.1,336.0,0,0.0,0.0,,0.0,1,2.32,4.44,SPY201120C00357000,357.0,normalDay
2020-11-16,3258.0,2227.0,0.0,100,362.57,336.0,0,0.0,0.0,,0.0,1,2.32,6.62,SPY201120C00357000,357.0,normalDay
2020-11-17,3258.0,2195.0,0.0,100,360.62,336.0,0,0.0,0.0,,0.0,1,2.32,4.99,SPY201120C00357000,357.0,normalDay
2020-11-18,3258.0,2073.0,0.0,100,356.28,336.0,0,0.0,0.0,,0.0,1,2.32,1.87,SPY201120C00357000,357.0,normalDay
2020-11-19,3258.0,2214.0,0.0,100,357.78,336.0,0,0.0,0.0,,0.0,1,2.32,1.96,SPY201120C00357000,357.0,normalDay
2020-11-20,3490.0,1933.0,232.0,100,355.33,336.0,0,0.0,0.0,,0.0,1,2.32,0.0,SPY201120C00357000,357.0,expirationDay
2020-11-23,3490.0,2140.0,0.0,100,357.46,336.0,0,0.0,0.0,,0.0,1,3.65,3.71,SPY210115C00371000,371.0,normalDay
2020-11-24,3490.0,2524.0,0.0,100,363.22,336.0,0,0.0,0.0,,0.0,1,3.65,5.63,SPY210115C00371000,371.0,normalDay
2020-11-25,3490.0,2529.0,0.0,100,362.66,336.0,0,0.0,0.0,,0.0,1,3.65,5.02,SPY210115C00371000,371.0,normalDay
2020-11-27,3490.0,2594.0,0.0,100,363.67,336.0,0,0.0,0.0,,0.0,1,3.65,5.38,SPY210115C00371000,371.0,normalDay
2020-11-30,3490.0,2501.0,0.0,100,362.06,336.0,0,0.0,0.0,,0.0,1,3.65,4.7,SPY210115C00371000,371.0,normalDay
2020-12-01,3490.0,2738.0,0.0,100,366.02,336.0,0,0.0,0.0,,0.0,1,3.65,6.29,SPY210115C00371000,371.0,normalDay
2020-12-02,3490.0,2784.0,0.0,100,366.79,336.0,0,0.0,0.0,,0.0,1,3.65,6.6,SPY210115C00371000,371.0,normalDay
2020-12-03,3490.0,2805.0,0.0,100,366.69,336.0,0,0.0,0.0,,0.0,1,3.65,6.29,SPY210115C00371000,371.0,normalDay
2020-12-04,3490.0,3007.0,0.0,100,369.85,336.0,0,0.0,0.0,,0.0,1,3.65,7.43,SPY210115C00371000,371.0,normalDay
2020-12-07,3490.0,2996.0,0.0,100,369.09,336.0,0,0.0,0.0,,0.0,1,3.65,6.78,SPY210115C00371000,371.0,normalDay
2020-12-08,3490.0,3074.0,0.0,100,370.17,336.0,0,0.0,0.0,,0.0,1,3.65,7.08,SPY210115C00371000,371.0,normalDay
2020-12-09,3490.0,2885.0,0.0,100,366.85,336.0,0,0.0,0.0,,0.0,1,3.65,5.65,SPY210115C00371000,371.0,normalDay
2020-12-10,3490.0,2893.0,0.0,100,366.73,336.0,0,0.0,0.0,,0.0,1,3.65,5.45,SPY210115C00371000,371.0,normalDay
2020-12-11,3490.0,2859.0,0.0,100,366.3,336.0,0,0.0,0.0,,0.0,1,3.65,5.36,SPY210115C00371000,371.0,normalDay
2020-12-14,3490.0,2757.0,0.0,100,364.66,336.0,0,0.0,0.0,,0.0,1,3.65,4.74,SPY210115C00371000,371.0,normalDay
2020-12-15,3490.0,3107.0,0.0,100,369.59,336.0,0,0.0,0.0,,0.0,1,3.65,6.17,SPY210115C00371000,371.0,normalDay
2020-12-16,3490.0,3160.0,0.0,100,370.17,336.0,0,0.0,0.0,,0.0,1,3.65,6.22,SPY210115C00371000,371.0,normalDay
2020-12-17,3490.0,3269.0,0.0,100,372.24,336.0,0,0.0,0.0,,0.0,1,3.65,7.2,SPY210115C00371000,371.0,normalDay
2020-12-18,3490.0,3017.0,0.0,100,369.18,336.0,0,0.0,0.0,,0.0,1,3.65,6.66,SPY210115C00371000,371.0,normalDay
2020-12-21,3490.0,2970.0,0.0,100,367.86,336.0,0,0.0,0.0,,0.0,1,3.65,5.81,SPY210115C00371000,371.0,normalDay
2020-12-22,3490.0,2986.0,0.0,100,367.24,336.0,0,0.0,0.0,,0.0,1,3.65,5.03,SPY210115C00371000,371.0,normalDay
2020-12-23,3490.0,3060.0,0.0,100,367.57,336.0,0,0.0,0.0,,0.0,1,3.65,4.62,SPY210115C00371000,371.0,normalDay
2020-12-24,3490.0,3183.0,0.0,100,369.0,336.0,0,0.0,0.0,,0.0,1,3.65,4.82,SPY210115C00371000,371.0,normalDay
2020-12-28,3490.0,3349.0,0.0,100,372.17,336.0,0,0.0,0.0,,0.0,1,3.65,6.33,SPY210115C00371000,371.0,normalDay
2020-12-29,3490.0,3313.0,0.0,100,371.46,336.0,0,0.0,0.0,,0.0,1,3.65,5.98,SPY210115C00371000,371.0,normalDay
2020-12-30,3490.0,3372.0,0.0,100,371.99,336.0,0,0.0,0.0,,0.0,1,3.65,5.92,SPY210115C00371000,371.0,normalDay
2020-12-31,3490.0,3422.0,0.0,100,373.88,336.0,0,0.0,0.0,,0.0,1,3.65,7.31,SPY210115C00371000,371.0,normalDay
2021-01-04,3490.0,3206.0,0.0,100,368.79,336.0,0,0.0,0.0,,0.0,1,3.65,4.38,SPY210115C00371000,371.0,normalDay
2021-01-05,3490.0,3385.0,0.0,100,371.33,336.0,0,0.0,0.0,,0.0,1,3.65,5.13,SPY210115C00371000,371.0,normalDay
2021-01-06,3490.0,3468.0,0.0,100,373.55,336.0,0,0.0,0.0,,0.0,1,3.65,6.52,SPY210115C00371000,371.0,normalDay
2021-01-07,3490.0,3737.0,0.0,100,379.1,336.0,0,0.0,0.0,,0.0,1,3.65,9.38,SPY210115C00371000,371.0,normalDay
2021-01-08,3490.0,3744.0,0.0,100,381.26,336.0,0,0.0,0.0,,0.0,1,3.65,11.47,SPY210115C00371000,371.0,normalDay
2021-01-11,3490.0,3721.0,0.0,100,378.69,336.0,0,0.0,0.0,,0.0,1,3.65,9.13,SPY210115C00371000,371.0,normalDay
2021-01-12,3490.0,3800.0,0.0,100,378.77,336.0,0,0.0,0.0,,0.0,1,3.65,8.42,SPY210115C00371000,371.0,normalDay
2021-01-13,3490.0,3813.0,0.0,100,379.79,336.0,0,0.0,0.0,,0.0,1,3.65,9.31,SPY210115C00371000,371.0,normalDay
2021-01-14,3490.0,3819.0,0.0,100,378.46,336.0,0,0.0,0.0,,0.0,1,3.65,7.92,SPY210115C00371000,371.0,normalDay
2021-01-15,7355.0,3819.0,3865.0,0,375.7,0.0,0,0.0,0.0,,0.0,1,3.65,0.0,SPY210115C00371000,371.0,expirationDay
2021-01-19,7355.0,-5.0,0.0,0,378.65,0.0,1,3.72,3.77,SPY210205P00371000,371.0,0,0.0,0.0,,0.0,normalDay
2021-01-20,7355.0,153.0,0.0,0,383.89,0.0,1,3.72,2.19,SPY210205P00371000,371.0,0,0.0,0.0,,0.0,normalDay
2021-01-21,7355.0,181.0,0.0,0,384.24,0.0,1,3.72,1.91,SPY210205P00371000,371.0,0,0.0,0.0,,0.0,normalDay
2021-01-22,7355.0,180.0,0.0,0,382.88,0.0,1,3.72,1.92,SPY210205P00371000,371.0,0,0.0,0.0,,0.0,normalDay
2021-01-25,7355.0,215.0,0.0,0,384.39,0.0,1,3.72,1.57,SPY210205P00371000,371.0,0,0.0,0.0,,0.0,normalDay
2021-01-26,7355.0,232.0,0.0,0,383.79,0.0,1,3.72,1.4,SPY210205P00371000,371.0,0,0.0,0.0,,0.0,normalDay
2021-01-27,7355.0,-226.0,0.0,0,374.41,0.0,1,3.72,5.98,SPY210205P00371000,371.0,0,0.0,0.0,,0.0,normalDay
2021-01-28,7355.0,35.0,0.0,0,377.63,0.0,1,3.72,3.37,SPY210205P00371000,371.0,0,0.0,0.0,,0.0,normalDay
2021-01-29,7355.0,-316.0,0.0,0,370.07,0.0,1,3.72,6.88,SPY210205P00371000,371.0,0,0.0,0.0,,0.0,normalDay
2021-02-01,7355.0,112.0,0.0,0,376.23,0.0,1,3.72,2.6,SPY210205P00371000,371.0,0,0.0,0.0,,0.0,normalDay
2021-02-02,7355.0,319.0,0.0,0,381.55,0.0,1,3.72,0.53,SPY210205P00371000,371.0,0,0.0,0.0,,0.0,normalDay
2021-02-03,7355.0,353.0,0.0,0,381.85,0.0,1,3.72,0.19,SPY210205P00371000,371.0,0,0.0,0.0,,0.0,normalDay
2021-02-04,7355.0,369.0,0.0,0,386.19,0.0,1,3.72,0.03,SPY210205P00371000,371.0,0,0.0,0.0,,0.0,normalDay
2021-02-05,7727.0,0.0,372.0,0,387.71,0.0,1,3.72,0.0,SPY210205P00371000,371.0,0,0.0,0.0,,0.0,expirationDay
2021-02-08,7727.0,-5.0,0.0,0,390.51,0.0,1,2.24,2.29,SPY210226P00378000,378.0,0,0.0,0.0,,0.0,normalDay
2021-02-09,7727.0,5.0,0.0,0,390.25,0.0,1,2.24,2.19,SPY210226P00378000,378.0,0,0.0,0.0,,0.0,normalDay
2021-02-10,7727.0,-3.0,0.0,0,390.08,0.0,1,2.24,2.27,SPY210226P00378000,378.0,0,0.0,0.0,,0.0,normalDay
2021-02-11,7727.0,31.0,0.0,0,390.71,0.0,1,2.24,1.93,SPY210226P00378000,378.0,0,0.0,0.0,,0.0,normalDay
2021-02-12,7727.0,103.0,0.0,0,392.64,0.0,1,2.24,1.21,SPY210226P00378000,378.0,0,0.0,0.0,,0.0,normalDay
2021-02-16,7727.0,107.0,0.0,0,392.3,0.0,1,2.24,1.17,SPY210226P00378000,378.0,0,0.0,0.0,,0.0,normalDay
2021-02-17,7727.0,133.0,0.0,0,392.39,0.0,1,2.24,0.91,SPY210226P00378000,378.0,0,0.0,0.0,,0.0,normalDay
2021-02-18,7727.0,121.0,0.0,0,390.72,0.0,1,2.24,1.03,SPY210226P00378000,378.0,0,0.0,0.0,,0.0,normalDay
2021-02-19,7727.0,152.0,0.0,0,390.03,0.0,1,2.24,0.72,SPY210226P00378000,378.0,0,0.0,0.0,,0.0,normalDay
2021-02-22,7727.0,141.0,0.0,0,387.03,0.0,1,2.24,0.83,SPY210226P00378000,378.0,0,0.0,0.0,,0.0,normalDay
2021-02-23,7727.0,162.0,0.0,0,387.5,0.0,1,2.24,0.62,SPY210226P00378000,378.0,0,0.0,0.0,,0.0,normalDay
2021-02-24,7727.0,213.0,0.0,0,391.77,0.0,1,2.24,0.11,SPY210226P00378000,378.0,0,0.0,0.0,,0.0,normalDay
2021-02-25,7727.0,128.0,0.0,0,382.33,0.0,1,2.24,0.96,SPY210226P00378000,378.0,0,0.0,0.0,,0.0,normalDay
2021-02-26,7951.0,0.0,224.0,0,380.36,0.0,1,2.24,0.0,SPY210226P00378000,378.0,0,0.0,0.0,,0.0,expirationDay
2021-03-01,7951.0,-5.0,0.0,0,389.58,0.0,1,5.09,5.14,SPY210319P00385000,385.0,0,0.0,0.0,,0.0,normalDay
2021-03-02,7951.0,-141.0,0.0,0,386.54,0.0,1,5.09,6.5,SPY210319P00385000,385.0,0,0.0,0.0,,0.0,normalDay
2021-03-03,7951.0,-403.0,0.0,0,381.42,0.0,1,5.09,9.12,SPY210319P00385000,385.0,0,0.0,0.0,,0.0,normalDay
2021-03-04,7951.0,-696.0,0.0,0,376.7,0.0,1,5.09,12.05,SPY210319P00385000,385.0,0,0.0,0.0,,0.0,normalDay
2021-03-05,7951.0,-219.0,0.0,0,383.63,0.0,1,5.09,7.28,SPY210319P00385000,385.0,0,0.0,0.0,,0.0,normalDay
2021-03-08,7951.0,-292.0,0.0,0,381.72,0.0,1,5.09,8.01,SPY210319P00385000,385.0,0,0.0,0.0,,0.0,normalDay
2021-03-09,7951.0,5.0,0.0,0,387.17,0.0,1,5.09,5.04,SPY210319P00385000,385.0,0,0.0,0.0,,0.0,normalDay
2021-03-10,7951.0,192.0,0.0,0,389.58,0.0,1,5.09,3.17,SPY210319P00385000,385.0,0,0.0,0.0,,0.0,normalDay
2021-03-11,7951.0,316.0,0.0,0,393.53,0.0,1,5.09,1.93,SPY210319P00385000,385.0,0,0.0,0.0,,0.0,normalDay
2021-03-12,7951.0,394.0,0.0,0,394.06,0.0,1,5.09,1.15,SPY210319P00385000,385.0,0,0.0,0.0,,0.0,normalDay
2021-03-15,7951.0,455.0,0.0,0,396.41,0.0,1,5.09,0.54,SPY210319P00385000,385.0,0,0.0,0.0,,0.0,normalDay
2021-03-16,7951.0,459.0,0.0,0,395.91,0.0,1,5.09,0.5,SPY210319P00385000,385.0,0,0.0,0.0,,0.0,normalDay
2021-03-17,7951.0,494.0,0.0,0,397.26,0.0,1,5.09,0.15,SPY210319P00385000,385.0,0,0.0,0.0,,0.0,normalDay
2021-03-18,7951.0,466.0,0.0,0,391.48,0.0,1,5.09,0.43,SPY210319P00385000,385.0,0,0.0,0.0,,0.0,normalDay
2021-03-19,8460.0,0.0,509.0,0,389.48,0.0,1,5.09,0.0,SPY210319P00385000,385.0,0,0.0,0.0,,0.0,expirationDay
2021-03-22,8460.0,-6.0,0.0,0,392.59,0.0,1,2.75,2.81,SPY210409P00386000,386.0,0,0.0,0.0,,0.0,normalDay
2021-03-23,8460.0,-118.0,0.0,0,389.5,0.0,1,2.75,3.93,SPY210409P00386000,386.0,0,0.0,0.0,,0.0,normalDay
2021-03-24,8460.0,-184.0,0.0,0,387.52,0.0,1,2.75,4.59,SPY210409P00386000,386.0,0,0.0,0.0,,0.0,normalDay
2021-03-25,8460.0,-59.0,0.0,0,389.7,0.0,1,2.75,3.34,SPY210409P00386000,386.0,0,0.0,0.0,,0.0,normalDay
2021-03-26,8460.0,98.0,0.0,0,395.98,0.0,1,2.75,1.77,SPY210409P00386000,386.0,0,0.0,0.0,,0.0,normalDay
2021-03-29,8460.0,96.0,0.0,0,395.78,0.0,1,2.75,1.79,SPY210409P00386000,386.0,0,0.0,0.0,,0.0,normalDay
2021-03-30,8460.0,111.0,0.0,0,394.73,0.0,1,2.75,1.64,SPY210409P00386000,386.0,0,0.0,0.0,,0.0,normalDay
2021-03-31,8460.0,176.0,0.0,0,396.33,0.0,1,2.75,0.99,SPY210409P00386000,386.0,0,0.0,0.0,,0.0,normalDay
2021-04-01,8460.0,247.0,0.0,0,400.61,0.0,1,2.75,0.28,SPY210409P00386000,386.0,0,0.0,0.0,,0.0,normalDay
2021-04-05,8460.0,265.0,0.0,0,406.36,0.0,1,2.75,0.1,SPY210409P00386000,386.0,0,0.0,0.0,,0.0,normalDay
2021-04-06,8460.0,268.0,0.0,0,406.12,0.0,1,2.75,0.07,SPY210409P00386000,386.0,0,0.0,0.0,,0.0,normalDay
2021-04-07,8460.0,273.0,0.0,0,406.59,0.0,1,2.75,0.02,SPY210409P00386000,386.0,0,0.0,0.0,,0.0,normalDay
2021-04-08,8460.0,274.0,0.0,0,408.52,0.0,1,2.75,0.01,SPY210409P00386000,386.0,0,0.0,0.0,,0.0,normalDay
2021-04-09,8735.0,0.0,275.0,0,411.49,0.0,1,2.75,0.0,SPY210409P00386000,386.0,0,0.0,0.0,,0.0,expirationDay
2021-04-12,8735.0,-3.0,0.0,0,411.64,0.0,1,1.22,1.25,SPY210430P00394000,394.0,0,0.0,0.0,,0.0,normalDay
2021-04-13,8735.0,23.0,0.0,0,412.86,0.0,1,1.22,0.99,SPY210430P00394000,394.0,0,0.0,0.0,,0.0,normalDay
2021-04-14,8735.0,14.0,0.0,0,411.45,0.0,1,1.22,1.08,SPY210430P00394000,394.0,0,0.0,0.0,,0.0,normalDay
2021-04-15,8735.0,52.0,0.0,0,415.87,0.0,1,1.22,0.7,SPY210430P00394000,394.0,0,0.0,0.0,,0.0,normalDay
2021-04-16,8735.0,70.0,0.0,0,417.26,0.0,1,1.22,0.52,SPY210430P00394000,394.0,0,0.0,0.0,,0.0,normalDay
2021-04-19,8735.0,70.0,0.0,0,415.21,0.0,1,1.22,0.52,SPY210430P00394000,394.0,0,0.0,0.0,,0.0,normalDay
2021-04-20,8735.0,45.0,0.0,0,412.17,0.0,1,1.22,0.77,SPY210430P00394000,394.0,0,0.0,0.0,,0.0,normalDay
2021-04-21,8735.0,95.0,0.0,0,416.07,0.0,1,1.22,0.27,SPY210430P00394000,394.0,0,0.0,0.0,,0.0,normalDay
2021-04-22,8735.0,75.0,0.0,0,412.27,0.0,1,1.22,0.47,SPY210430P00394000,394.0,0,0.0,0.0,,0.0,normalDay
2021-04-23,8735.0,109.0,0.0,0,416.74,0.0,1,1.22,0.13,SPY210430P00394000,394.0,0,0.0,0.0,,0.0,normalDay
2021-04-26,8735.0,117.0,0.0,0,417.61,0.0,1,1.22,0.05,SPY210430P00394000,394.0,0,0.0,0.0,,0.0,normalDay
2021-04-27,8735.0,118.0,0.0,0,417.52,0.0,1,1.22,0.04,SPY210430P00394000,394.0,0,0.0,0.0,,0.0,normalDay
2021-04-28,8735.0,119.0,0.0,0,417.4,0.0,1,1.22,0.03,SPY210430P00394000,394.0,0,0.0,0.0,,0.0,normalDay
2021-04-29,8735.0,120.0,0.0,0,420.06,0.0,1,1.22,0.02,SPY210430P00394000,394.0,0,0.0,0.0,,0.0,normalDay
2021-04-30,8857.0,0.0,122.0,0,417.3,0.0,1,1.22,0.0,SPY210430P00394000,394.0,0,0.0,0.0,,0.0,expirationDay
2021-05-03,8857.0,-3.0,0.0,0,418.2,0.0,1,3.24,3.27,SPY210521P00412000,412.0,0,0.0,0.0,,0.0,normalDay
2021-05-04,8857.0,-100.0,0.0,0,415.62,0.0,1,3.24,4.24,SPY210521P00412000,412.0,0,0.0,0.0,,0.0,normalDay
2021-05-05,8857.0,-79.0,0.0,0,415.75,0.0,1,3.24,4.03,SPY210521P00412000,412.0,0,0.0,0.0,,0.0,normalDay
2021-05-06,8857.0,65.0,0.0,0,419.07,0.0,1,3.24,2.59,SPY210521P00412000,412.0,0,0.0,0.0,,0.0,normalDay
2021-05-07,8857.0,163.0,0.0,0,422.12,0.0,1,3.24,1.61,SPY210521P00412000,412.0,0,0.0,0.0,,0.0,normalDay
2021-05-10,8857.0,39.0,0.0,0,417.94,0.0,1,3.24,2.85,SPY210521P00412000,412.0,0,0.0,0.0,,0.0,normalDay
2021-05-11,8857.0,-94.0,0.0,0,414.21,0.0,1,3.24,4.18,SPY210521P00412000,412.0,0,0.0,0.0,,0.0,normalDay
2021-05-12,8857.0,-620.0,0.0,0,405.41,0.0,1,3.24,9.44,SPY210521P00412000,412.0,0,0.0,0.0,,0.0,normalDay
2021-05-13,8857.0,-244.0,0.0,0,410.28,0.0,1,3.24,5.68,SPY210521P00412000,412.0,0,0.0,0.0,,0.0,normalDay
2021-05-14,8857.0,139.0,0.0,0,416.58,0.0,1,3.24,1.85,SPY210521P00412000,412.0,0,0.0,0.0,,0.0,normalDay
2021-05-17,8857.0,152.0,0.0,0,415.52,0.0,1,3.24,1.72,SPY210521P00412000,412.0,0,0.0,0.0,,0.0,normalDay
2021-05-18,8857.0,39.0,0.0,0,411.94,0.0,1,3.24,2.85,SPY210521P00412000,412.0,0,0.0,0.0,,0.0,normalDay
2021-05-19,8857.0,29.0,0.0,0,410.86,0.0,1,3.24,2.95,SPY210521P00412000,412.0,0,0.0,0.0,,0.0,normalDay
2021-05-20,8857.0,276.0,0.0,0,415.28,0.0,1,3.24,0.48,SPY210521P00412000,412.0,0,0.0,0.0,,0.0,normalDay
2021-05-21,9181.0,0.0,324.0,0,414.94,0.0,1,3.24,0.0,SPY210521P00412000,412.0,0,0.0,0.0,,0.0,expirationDay
2021-05-24,9181.0,-4.0,0.0,0,419.17,0.0,1,3.14,3.18,SPY210611P00414000,414.0,0,0.0,0.0,,0.0,normalDay
2021-05-25,9181.0,-32.0,0.0,0,418.24,0.0,1,3.14,3.46,SPY210611P00414000,414.0,0,0.0,0.0,,0.0,normalDay
2021-05-26,9181.0,43.0,0.0,0,419.07,0.0,1,3.14,2.71,SPY210611P00414000,414.0,0,0.0,0.0,,0.0,normalDay
2021-05-27,9181.0,102.0,0.0,0,419.29,0.0,1,3.14,2.12,SPY210611P00414000,414.0,0,0.0,0.0,,0.0,normalDay
2021-05-28,9181.0,134.0,0.0,0,420.04,0.0,1,3.14,1.8,SPY210611P00414000,414.0,0,0.0,0.0,,0.0,normalDay
2021-06-01,9181.0,137.0,0.0,0,419.67,0.0,1,3.14,1.77,SPY210611P00414000,414.0,0,0.0,0.0,,0.0,normalDay
2021-06-02,9181.0,187.0,0.0,0,420.33,0.0,1,3.14,1.27,SPY210611P00414000,414.0,0,0.0,0.0,,0.0,normalDay
2021-06-03,9181.0,151.0,0.0,0,418.77,0.0,1,3.14,1.63,SPY210611P00414000,414.0,0,0.0,0.0,,0.0,normalDay
2021-06-04,9181.0,258.0,0.0,0,422.6,0.0,1,3.14,0.56,SPY210611P00414000,414.0,0,0.0,0.0,,0.0,normalDay
2021-06-07,9181.0,284.0,0.0,0,422.19,0.0,1,3.14,0.3,SPY210611P00414000,414.0,0,0.0,0.0,,0.0,normalDay
2021-06-08,9181.0,285.0,0.0,0,422.28,0.0,1,3.14,0.29,SPY210611P00414000,414.0,0,0.0,0.0,,0.0,normalDay
2021-06-09,9181.0,280.0,0.0,0,421.65,0.0,1,3.14,0.34,SPY210611P00414000,414.0,0,0.0,0.0,,0.0,normalDay
2021-06-10,9181.0,310.0,0.0,0,423.61,0.0,1,3.14,0.04,SPY210611P00414000,414.0,0,0.0,0.0,,0.0,normalDay
2021-06-11,9495.0,0.0,314.0,0,424.31,0.0,1,3.14,0.0,SPY210611P00414000,414.0,0,0.0,0.0,,0.0,expirationDay
2021-06-14,9495.0,-4.0,0.0,0,425.26,0.0,1,2.52,2.56,SPY210702P00417500,417.5,0,0.0,0.0,,0.0,normalDay
2021-06-15,9495.0,-30.0,0.0,0,424.48,0.0,1,2.52,2.82,SPY210702P00417500,417.5,0,0.0,0.0,,0.0,normalDay
2021-06-16,9495.0,-102.0,0.0,0,422.11,0.0,1,2.52,3.54,SPY210702P00417500,417.5,0,0.0,0.0,,0.0,normalDay
2021-06-17,9495.0,-62.0,0.0,0,421.97,0.0,1,2.52,3.14,SPY210702P00417500,417.5,0,0.0,0.0,,0.0,normalDay
2021-06-18,9495.0,-380.0,0.0,0,414.92,0.0,1,2.52,6.32,SPY210702P00417500,417.5,0,0.0,0.0,,0.0,normalDay
2021-06-21,9495.0,0.0,0.0,0,420.86,0.0,1,2.52,2.52,SPY210702P00417500,417.5,0,0.0,0.0,,0.0,normalDay
2021-06-22,9495.0,90.0,0.0,0,423.11,0.0,1,2.52,1.62,SPY210702P00417500,417.5,0,0.0,0.0,,0.0,normalDay
2021-06-23,9495.0,113.0,0.0,0,422.6,0.0,1,2.52,1.39,SPY210702P00417500,417.5,0,0.0,0.0,,0.0,normalDay
2021-06-24,9495.0,172.0,0.0,0,425.1,0.0,1,2.52,0.8,SPY210702P00417500,417.5,0,0.0,0.0,,0.0,normalDay
2021-06-25,9495.0,205.0,0.0,0,426.61,0.0,1,2.52,0.47,SPY210702P00417500,417.5,0,0.0,0.0,,0.0,normalDay
2021-06-28,9495.0,231.0,0.0,0,427.47,0.0,1,2.52,0.21,SPY210702P00417500,417.5,0,0.0,0.0,,0.0,normalDay
2021-06-29,9495.0,239.0,0.0,0,427.7,0.0,1,2.52,0.13,SPY210702P00417500,417.5,0,0.0,0.0,,0.0,normalDay
2021-06-30,9495.0,245.0,0.0,0,428.06,0.0,1,2.52,0.07,SPY210702P00417500,417.5,0,0.0,0.0,,0.0,normalDay
2021-07-01,9495.0,248.0,0.0,0,430.43,0.0,1,2.52,0.04,SPY210702P00417500,417.5,0,0.0,0.0,,0.0,normalDay
2021-07-02,9747.0,0.0,252.0,0,433.72,0.0,1,2.52,0.0,SPY210702P00417500,417.5,0,0.0,0.0,,0.0,expirationDay
2021-07-06,9747.0,-3.0,0.0,0,432.93,0.0,1,1.83,1.86,SPY210723P00423000,423.0,0,0.0,0.0,,0.0,normalDay
2021-07-07,9747.0,33.0,0.0,0,434.46,0.0,1,1.83,1.5,SPY210723P00423000,423.0,0,0.0,0.0,,0.0,normalDay
2021-07-08,9747.0,-90.0,0.0,0,430.92,0.0,1,1.83,2.73,SPY210723P00423000,423.0,0,0.0,0.0,,0.0,normalDay
2021-07-09,9747.0,65.0,0.0,0,435.52,0.0,1,1.83,1.18,SPY210723P00423000,423.0,0,0.0,0.0,,0.0,normalDay
2021-07-12,9747.0,104.0,0.0,0,437.08,0.0,1,1.83,0.79,SPY210723P00423000,423.0,0,0.0,0.0,,0.0,normalDay
2021-07-13,9747.0,81.0,0.0,0,435.59,0.0,1,1.83,1.02,SPY210723P00423000,423.0,0,0.0,0.0,,0.0,normalDay
2021-07-14,9747.0,122.0,0.0,0,436.24,0.0,1,1.83,0.61,SPY210723P00423000,423.0,0,0.0,0.0,,0.0,normalDay
2021-07-15,9747.0,106.0,0.0,0,434.75,0.0,1,1.83,0.77,SPY210723P00423000,423.0,0,0.0,0.0,,0.0,normalDay
2021-07-16,9747.0,69.0,0.0,0,431.34,0.0,1,1.83,1.14,SPY210723P00423000,423.0,0,0.0,0.0,,0.0,normalDay
2021-07-19,9747.0,-104.0,0.0,0,424.97,0.0,1,1.83,2.87,SPY210723P00423000,423.0,0,0.0,0.0,,0.0,normalDay
2021-07-20,9747.0,118.0,0.0,0,431.06,0.0,1,1.83,0.65,SPY210723P00423000,423.0,0,0.0,0.0,,0.0,normalDay
2021-07-21,9747.0,176.0,0.0,0,434.55,0.0,1,1.83,0.07,SPY210723P00423000,423.0,0,0.0,0.0,,0.0,normalDay
2021-07-22,9747.0,180.0,0.0,0,435.46,0.0,1,1.83,0.03,SPY210723P00423000,423.0,0,0.0,0.0,,0.0,normalDay
2021-07-23,9930.0,0.0,183.0,0,439.94,0.0,1,1.83,0.0,SPY210723P00423000,423.0,0,0.0,0.0,,0.0,expirationDay
2021-07-26,9930.0,-4.0,0.0,0,441.02,0.0,1,2.21,2.25,SPY210813P00431000,431.0,0,0.0,0.0,,0.0,normalDay
2021-07-27,9930.0,-93.0,0.0,0,439.01,0.0,1,2.21,3.14,SPY210813P00431000,431.0,0,0.0,0.0,,0.0,normalDay
2021-07-28,9930.0,-44.0,0.0,0,438.83,0.0,1,2.21,2.65,SPY210813P00431000,431.0,0,0.0,0.0,,0.0,normalDay
2021-07-29,9930.0,35.0,0.0,0,440.65,0.0,1,2.21,1.86,SPY210813P00431000,431.0,0,0.0,0.0,,0.0,normalDay
2021-07-30,9930.0,11.0,0.0,0,438.51,0.0,1,2.21,2.1,SPY210813P00431000,431.0,0,0.0,0.0,,0.0,normalDay
2021-08-02,9930.0,-3.0,0.0,0,437.59,0.0,1,2.21,2.24,SPY210813P00431000,431.0,0,0.0,0.0,,0.0,normalDay
2021-08-03,9930.0,111.0,0.0,0,441.15,0.0,1,2.21,1.1,SPY210813P00431000,431.0,0,0.0,0.0,,0.0,normalDay
2021-08-04,9930.0,101.0,0.0,0,438.98,0.0,1,2.21,1.2,SPY210813P00431000,431.0,0,0.0,0.0,,0.0,normalDay
2021-08-05,9930.0,150.0,0.0,0,441.76,0.0,1,2.21,0.71,SPY210813P00431000,431.0,0,0.0,0.0,,0.0,normalDay
2021-08-06,9930.0,194.0,0.0,0,442.49,0.0,1,2.21,0.27,SPY210813P00431000,431.0,0,0.0,0.0,,0.0,normalDay
2021-08-09,9930.0,202.0,0.0,0,442.13,0.0,1,2.21,0.19,SPY210813P00431000,431.0,0,0.0,0.0,,0.0,normalDay
2021-08-10,9930.0,205.0,0.0,0,442.68,0.0,1,2.21,0.16,SPY210813P00431000,431.0,0,0.0,0.0,,0.0,normalDay
2021-08-11,9930.0,214.0,0.0,0,443.78,0.0,1,2.21,0.07,SPY210813P00431000,431.0,0,0.0,0.0,,0.0,normalDay
2021-08-12,9930.0,216.0,0.0,0,445.11,0.0,1,2.21,0.05,SPY210813P00431000,431.0,0,0.0,0.0,,0.0,normalDay
2021-08-13,10151.0,0.0,221.0,0,445.92,0.0,1,2.21,0.0,SPY210813P00431000,431.0,0,0.0,0.0,,0.0,expirationDay
2021-08-16,10151.0,-4.0,0.0,0,446.97,0.0,1,2.13,2.17,SPY210903P00438000,438.0,0,0.0,0.0,,0.0,normalDay
2021-08-17,10151.0,-122.0,0.0,0,444.04,0.0,1,2.13,3.35,SPY210903P00438000,438.0,0,0.0,0.0,,0.0,normalDay
2021-08-18,10151.0,-353.0,0.0,0,439.18,0.0,1,2.13,5.66,SPY210903P00438000,438.0,0,0.0,0.0,,0.0,normalDay
2021-08-19,10151.0,-297.0,0.0,0,439.86,0.0,1,2.13,5.1,SPY210903P00438000,438.0,0,0.0,0.0,,0.0,normalDay
2021-08-20,10151.0,-77.0,0.0,0,443.36,0.0,1,2.13,2.9,SPY210903P00438000,438.0,0,0.0,0.0,,0.0,normalDay
2021-08-23,10151.0,85.0,0.0,0,447.26,0.0,1,2.13,1.28,SPY210903P00438000,438.0,0,0.0,0.0,,0.0,normalDay
2021-08-24,10151.0,101.0,0.0,0,447.97,0.0,1,2.13,1.12,SPY210903P00438000,438.0,0,0.0,0.0,,0.0,normalDay
2021-08-25,10151.0,135.0,0.0,0,448.91,0.0,1,2.13,0.78,SPY210903P00438000,438.0,0,0.0,0.0,,0.0,normalDay
2021-08-26,10151.0,63.0,0.0,0,446.26,0.0,1,2.13,1.5,SPY210903P00438000,438.0,0,0.0,0.0,,0.0,normalDay
2021-08-27,10151.0,172.0,0.0,0,450.25,0.0,1,2.13,0.41,SPY210903P00438000,438.0,0,0.0,0.0,,0.0,normalDay
2021-08-30,10151.0,200.0,0.0,0,452.23,0.0,1,2.13,0.13,SPY210903P00438000,438.0,0,0.0,0.0,,0.0,normalDay
2021-08-31,10151.0,200.0,0.0,0,451.56,0.0,1,2.13,0.13,SPY210903P00438000,438.0,0,0.0,0.0,,0.0,normalDay
2021-09-01,10151.0,207.0,0.0,0,451.8,0.0,1,2.13,0.06,SPY210903P00438000,438.0,0,0.0,0.0,,0.0,normalDay
2021-09-02,10151.0,210.0,0.0,0,453.19,0.0,1,2.13,0.03,SPY210903P00438000,438.0,0,0.0,0.0,,0.0,normalDay
2021-09-03,10364.0,0.0,213.0,0,453.08,0.0,1,2.13,0.0,SPY210903P00438000,438.0,0,0.0,0.0,,0.0,expirationDay
2021-09-07,10364.0,-4.0,0.0,0,451.46,0.0,1,3.2,3.24,SPY210924P00445000,445.0,0,0.0,0.0,,0.0,normalDay
2021-09-08,10364.0,-2.0,0.0,0,450.91,0.0,1,3.2,3.22,SPY210924P00445000,445.0,0,0.0,0.0,,0.0,normalDay
2021-09-09,10364.0,-92.0,0.0,0,448.98,0.0,1,3.2,4.12,SPY210924P00445000,445.0,0,0.0,0.0,,0.0,normalDay
2021-09-10,10364.0,-248.0,0.0,0,445.44,0.0,1,3.2,5.68,SPY210924P00445000,445.0,0,0.0,0.0,,0.0,normalDay
2021-09-13,10364.0,-111.0,0.0,0,446.58,0.0,1,3.2,4.31,SPY210924P00445000,445.0,0,0.0,0.0,,0.0,normalDay
2021-09-14,10364.0,-209.0,0.0,0,444.17,0.0,1,3.2,5.29,SPY210924P00445000,445.0,0,0.0,0.0,,0.0,normalDay
2021-09-15,10364.0,26.0,0.0,0,447.88,0.0,1,3.2,2.94,SPY210924P00445000,445.0,0,0.0,0.0,,0.0,normalDay
2021-09-16,10364.0,0.0,0.0,0,447.17,0.0,1,3.2,3.2,SPY210924P00445000,445.0,0,0.0,0.0,,0.0,normalDay
2021-09-17,10364.0,-244.0,0.0,0,441.4,0.0,1,3.2,5.64,SPY210924P00445000,445.0,0,0.0,0.0,,0.0,normalDay
2021-09-20,10364.0,-837.0,0.0,0,434.04,0.0,1,3.2,11.57,SPY210924P00445000,445.0,0,0.0,0.0,,0.0,normalDay
2021-09-21,10364.0,-862.0,0.0,0,433.63,0.0,1,3.2,11.82,SPY210924P00445000,445.0,0,0.0,0.0,,0.0,normalDay
2021-09-22,10364.0,-410.0,0.0,0,437.86,0.0,1,3.2,7.3,SPY210924P00445000,445.0,0,0.0,0.0,,0.0,normalDay
2021-09-23,10364.0,79.0,0.0,0,443.18,0.0,1,3.2,2.41,SPY210924P00445000,445.0,0,0.0,0.0,,0.0,normalDay
2021-09-24,10684.0,-109.0,320.0,100,443.91,445.0,1,3.2,0.0,SPY210924P00445000,445.0,0,0.0,0.0,,0.0,expirationDay
2021-09-27,10684.0,-240.0,0.0,100,442.64,445.0,0,0.0,0.0,,0.0,1,5.18,5.22,SPY211217C00457000,457.0,normalDay
2021-09-28,10684.0,-978.0,0.0,100,433.72,445.0,0,0.0,0.0,,0.0,1,5.18,3.68,SPY211217C00457000,457.0,normalDay
2021-09-29,10684.0,-905.0,0.0,100,434.45,445.0,0,0.0,0.0,,0.0,1,5.18,3.68,SPY211217C00457000,457.0,normalDay
2021-09-30,10684.0,-1314.0,0.0,100,429.14,445.0,0,0.0,0.0,,0.0,1,5.18,2.46,SPY211217C00457000,457.0,normalDay
2021-10-01,10684.0,-900.0,0.0,100,434.24,445.0,0,0.0,0.0,,0.0,1,5.18,3.42,SPY211217C00457000,457.0,normalDay
2021-10-04,10684.0,-1362.0,0.0,100,428.64,445.0,0,0.0,0.0,,0.0,1,5.18,2.44,SPY211217C00457000,457.0,normalDay
2021-10-05,10684.0,-966.0,0.0,100,433.1,445.0,0,0.0,0.0,,0.0,1,5.18,2.94,SPY211217C00457000,457.0,normalDay
2021-10-06,10684.0,-820.0,0.0,100,434.9,445.0,0,0.0,0.0,,0.0,1,5.18,3.28,SPY211217C00457000,457.0,normalDay
2021-10-07,10684.0,-520.0,0.0,100,438.66,445.0,0,0.0,0.0,,0.0,1,5.18,4.04,SPY211217C00457000,457.0,normalDay
2021-10-08,10684.0,-536.0,0.0,100,437.86,445.0,0,0.0,0.0,,0.0,1,5.18,3.4,SPY211217C00457000,457.0,normalDay
2021-10-11,10684.0,-772.0,0.0,100,434.69,445.0,0,0.0,0.0,,0.0,1,5.18,2.59,SPY211217C00457000,457.0,normalDay
2021-10-12,10684.0,-828.0,0.0,100,433.62,445.0,0,0.0,0.0,,0.0,1,5.18,2.08,SPY211217C00457000,457.0,normalDay
2021-10-13,10684.0,-697.0,0.0,100,435.18,445.0,0,0.0,0.0,,0.0,1,5.18,2.33,SPY211217C00457000,457.0,normalDay
2021-10-14,10684.0,-106.0,0.0,100,442.5,445.0,0,0.0,0.0,,0.0,1,5.18,3.74,SPY211217C00457000,457.0,normalDay
2021-10-15,10684.0,135.0,0.0,100,445.87,445.0,0,0.0,0.0,,0.0,1,5.18,4.7,SPY211217C00457000,457.0,normalDay
2021-10-18,10684.0,231.0,0.0,100,447.19,445.0,0,0.0,0.0,,0.0,1,5.18,5.06,SPY211217C00457000,457.0,normalDay
2021-10-19,10684.0,435.0,0.0,100,450.64,445.0,0,0.0,0.0,,0.0,1,5.18,6.47,SPY211217C00457000,457.0,normalDay
2021-10-20,10684.0,573.0,0.0,100,452.41,445.0,0,0.0,0.0,,0.0,1,5.18,6.86,SPY211217C00457000,457.0,normalDay
2021-10-21,10684.0,642.0,0.0,100,453.59,445.0,0,0.0,0.0,,0.0,1,5.18,7.35,SPY211217C00457000,457.0,normalDay
2021-10-22,10684.0,620.0,0.0,100,453.12,445.0,0,0.0,0.0,,0.0,1,5.18,7.1,SPY211217C00457000,457.0,normalDay
2021-10-25,10684.0,782.0,0.0,100,455.55,445.0,0,0.0,0.0,,0.0,1,5.18,7.91,SPY211217C00457000,457.0,normalDay
2021-10-26,10684.0,743.0,0.0,100,455.96,445.0,0,0.0,0.0,,0.0,1,5.18,8.71,SPY211217C00457000,457.0,normalDay
2021-10-27,10684.0,622.0,0.0,100,453.94,445.0,0,0.0,0.0,,0.0,1,5.18,7.9,SPY211217C00457000,457.0,normalDay
2021-10-28,10684.0,872.0,0.0,100,458.32,445.0,0,0.0,0.0,,0.0,1,5.18,9.78,SPY211217C00457000,457.0,normalDay
2021-10-29,10684.0,888.0,0.0,100,459.25,445.0,0,0.0,0.0,,0.0,1,5.18,10.55,SPY211217C00457000,457.0,normalDay
2021-11-01,10684.0,951.0,0.0,100,460.04,445.0,0,0.0,0.0,,0.0,1,5.18,10.71,SPY211217C00457000,457.0,normalDay
2021-11-02,10684.0,1053.0,0.0,100,461.9,445.0,0,0.0,0.0,,0.0,1,5.18,11.55,SPY211217C00457000,457.0,normalDay
2021-11-03,10684.0,1157.0,0.0,100,464.72,445.0,0,0.0,0.0,,0.0,1,5.18,13.33,SPY211217C00457000,457.0,normalDay
2021-11-04,10684.0,1228.0,0.0,100,466.91,445.0,0,0.0,0.0,,0.0,1,5.18,14.81,SPY211217C00457000,457.0,normalDay
2021-11-05,10684.0,1225.0,0.0,100,468.53,445.0,0,0.0,0.0,,0.0,1,5.18,16.46,SPY211217C00457000,457.0,normalDay
2021-11-08,10684.0,1244.0,0.0,100,468.93,445.0,0,0.0,0.0,,0.0,1,5.18,16.67,SPY211217C00457000,457.0,normalDay
2021-11-09,10684.0,1198.0,0.0,100,467.38,445.0,0,0.0,0.0,,0.0,1,5.18,15.58,SPY211217C00457000,457.0,normalDay
2021-11-10,10684.0,1068.0,0.0,100,463.62,445.0,0,0.0,0.0,,0.0,1,5.18,13.12,SPY211217C00457000,457.0,normalDay
2021-11-11,10684.0,1093.0,0.0,100,463.77,445.0,0,0.0,0.0,,0.0,1,5.18,13.02,SPY211217C00457000,457.0,normalDay
2021-11-12,10684.0,1232.0,0.0,100,467.27,445.0,0,0.0,0.0,,0.0,1,5.18,15.13,SPY211217C00457000,457.0,normalDay
2021-11-15,10684.0,1288.0,0.0,100,467.43,445.0,0,0.0,0.0,,0.0,1,5.18,14.73,SPY211217C00457000,457.0,normalDay
2021-11-16,10684.0,1332.0,0.0,100,469.28,445.0,0,0.0,0.0,,0.0,1,5.18,16.14,SPY211217C00457000,457.0,normalDay
2021-11-17,10684.0,1331.0,0.0,100,468.14,445.0,0,0.0,0.0,,0.0,1,5.18,15.01,SPY211217C00457000,457.0,normalDay
2021-11-18,10684.0,1343.0,0.0,100,469.73,445.0,0,0.0,0.0,,0.0,1,5.18,16.48,SPY211217C00457000,457.0,normalDay
2021-11-19,10684.0,1329.0,0.0,100,468.89,445.0,0,0.0,0.0,,0.0,1,5.18,15.78,SPY211217C00457000,457.0,normalDay
2021-11-22,10684.0,1312.0,0.0,100,467.57,445.0,0,0.0,0.0,,0.0,1,5.18,14.63,SPY211217C00457000,457.0,normalDay
2021-11-23,10684.0,1359.0,0.0,100,468.19,445.0,0,0.0,0.0,,0.0,1,5.18,14.78,SPY211217C00457000,457.0,normalDay
2021-11-24,10684.0,1378.0,0.0,100,469.44,445.0,0,0.0,0.0,,0.0,1,5.18,15.84,SPY211217C00457000,457.0,normalDay
2021-11-26,10684.0,817.0,0.0,100,458.97,445.0,0,0.0,0.0,,0.0,1,5.18,10.98,SPY211217C00457000,457.0,normalDay
2021-11-29,10684.0,1218.0,0.0,100,464.6,445.0,0,0.0,0.0,,0.0,1,5.18,12.6,SPY211217C00457000,457.0,normalDay
2021-11-30,10684.0,693.0,0.0,100,455.56,445.0,0,0.0,0.0,,0.0,1,5.18,8.81,SPY211217C00457000,457.0,normalDay
2021-12-01,10684.0,467.0,0.0,100,450.5,445.0,0,0.0,0.0,,0.0,1,5.18,6.01,SPY211217C00457000,457.0,normalDay
2021-12-02,10684.0,939.0,0.0,100,457.4,445.0,0,0.0,0.0,,0.0,1,5.18,8.19,SPY211217C00457000,457.0,normalDay
2021-12-03,10684.0,737.0,0.0,100,453.42,445.0,0,0.0,0.0,,0.0,1,5.18,6.23,SPY211217C00457000,457.0,normalDay
2021-12-06,10684.0,1123.0,0.0,100,458.79,445.0,0,0.0,0.0,,0.0,1,5.18,7.74,SPY211217C00457000,457.0,normalDay
2021-12-07,10684.0,1478.0,0.0,100,468.28,445.0,0,0.0,0.0,,0.0,1,5.18,13.68,SPY211217C00457000,457.0,normalDay
2021-12-08,10684.0,1606.0,0.0,100,469.52,445.0,0,0.0,0.0,,0.0,1,5.18,13.64,SPY211217C00457000,457.0,normalDay
2021-12-09,10684.0,1532.0,0.0,100,466.35,445.0,0,0.0,0.0,,0.0,1,5.18,11.21,SPY211217C00457000,457.0,normalDay
2021-12-10,10684.0,1656.0,0.0,100,470.74,445.0,0,0.0,0.0,,0.0,1,5.18,14.36,SPY211217C00457000,457.0,normalDay
2021-12-13,10684.0,1641.0,0.0,100,466.57,445.0,0,0.0,0.0,,0.0,1,5.18,10.34,SPY211217C00457000,457.0,normalDay
2021-12-14,10684.0,1592.0,0.0,100,463.36,445.0,0,0.0,0.0,,0.0,1,5.18,7.62,SPY211217C00457000,457.0,normalDay
2021-12-15,10684.0,1654.0,0.0,100,470.6,445.0,0,0.0,0.0,,0.0,1,5.18,14.24,SPY211217C00457000,457.0,normalDay
2021-12-16,10684.0,1599.0,0.0,100,466.45,445.0,0,0.0,0.0,,0.0,1,5.18,10.64,SPY211217C00457000,457.0,normalDay
2021-12-17,12402.0,1599.0,1718.0,0,459.87,0.0,0,0.0,0.0,,0.0,1,5.18,0.0,SPY211217C00457000,457.0,expirationDay
2021-12-20,12402.0,-19.0,0.0,0,454.98,0.0,1,9.86,10.05,SPY220107P00460000,460.0,0,0.0,0.0,,0.0,normalDay
2021-12-21,12402.0,414.0,0.0,0,463.06,0.0,1,9.86,5.72,SPY220107P00460000,460.0,0,0.0,0.0,,0.0,normalDay
2021-12-22,12402.0,661.0,0.0,0,467.69,0.0,1,9.86,3.25,SPY220107P00460000,460.0,0,0.0,0.0,,0.0,normalDay
2021-12-23,12402.0,777.0,0.0,0,470.6,0.0,1,9.86,2.09,SPY220107P00460000,460.0,0,0.0,0.0,,0.0,normalDay
2021-12-27,12402.0,905.0,0.0,0,477.26,0.0,1,9.86,0.81,SPY220107P00460000,460.0,0,0.0,0.0,,0.0,normalDay
2021-12-28,12402.0,917.0,0.0,0,476.87,0.0,1,9.86,0.69,SPY220107P00460000,460.0,0,0.0,0.0,,0.0,normalDay
2021-12-29,12402.0,950.0,0.0,0,477.48,0.0,1,9.86,0.36,SPY220107P00460000,460.0,0,0.0,0.0,,0.0,normalDay
2021-12-30,12402.0,944.0,0.0,0,476.16,0.0,1,9.86,0.42,SPY220107P00460000,460.0,0,0.0,0.0,,0.0,normalDay
2021-12-31,12402.0,959.0,0.0,0,474.96,0.0,1,9.86,0.27,SPY220107P00460000,460.0,0,0.0,0.0,,0.0,normalDay
2022-01-03,12402.0,979.0,0.0,0,477.71,0.0,1,9.86,0.07,SPY220107P00460000,460.0,0,0.0,0.0,,0.0,normalDay
2022-01-04,12402.0,980.0,0.0,0,477.55,0.0,1,9.86,0.06,SPY220107P00460000,460.0,0,0.0,0.0,,0.0,normalDay
2022-01-05,12402.0,938.0,0.0,0,468.38,0.0,1,9.86,0.48,SPY220107P00460000,460.0,0,0.0,0.0,,0.0,normalDay
2022-01-06,12402.0,973.0,0.0,0,467.94,0.0,1,9.86,0.13,SPY220107P00460000,460.0,0,0.0,0.0,,0.0,normalDay
2022-01-07,13388.0,0.0,986.0,0,466.09,0.0,1,9.86,0.0,SPY220107P00460000,460.0,0,0.0,0.0,,0.0,expirationDay
2022-01-10,13388.0,-5.0,0.0,0,465.51,0.0,1,6.61,6.66,SPY220128P00466000,466.0,0,0.0,0.0,,0.0,normalDay
2022-01-11,13388.0,184.0,0.0,0,469.75,0.0,1,6.61,4.77,SPY220128P00466000,466.0,0,0.0,0.0,,0.0,normalDay
2022-01-12,13388.0,270.0,0.0,0,471.02,0.0,1,6.61,3.91,SPY220128P00466000,466.0,0,0.0,0.0,,0.0,normalDay
2022-01-13,13388.0,-55.0,0.0,0,464.53,0.0,1,6.61,7.16,SPY220128P00466000,466.0,0,0.0,0.0,,0.0,normalDay
2022-01-14,13388.0,27.0,0.0,0,464.72,0.0,1,6.61,6.34,SPY220128P00466000,466.0,0,0.0,0.0,,0.0,normalDay
2022-01-18,13388.0,-534.0,0.0,0,456.49,0.0,1,6.61,11.95,SPY220128P00466000,466.0,0,0.0,0.0,,0.0,normalDay
2022-01-19,13388.0,-829.0,0.0,0,451.75,0.0,1,6.61,14.9,SPY220128P00466000,466.0,0,0.0,0.0,,0.0,normalDay
2022-01-20,13388.0,-1354.0,0.0,0,446.75,0.0,1,6.61,20.15,SPY220128P00466000,466.0,0,0.0,0.0,,0.0,normalDay
2022-01-21,13388.0,-2139.0,0.0,0,437.98,0.0,1,6.61,28.0,SPY220128P00466000,466.0,0,0.0,0.0,,0.0,normalDay
2022-01-24,13388.0,-2097.0,0.0,0,439.84,0.0,1,6.61,27.58,SPY220128P00466000,466.0,0,0.0,0.0,,0.0,normalDay
2022-01-25,13388.0,-2679.0,0.0,0,434.47,0.0,1,6.61,33.4,SPY220128P00466000,466.0,0,0.0,0.0,,0.0,normalDay
2022-01-26,13388.0,-2679.0,0.0,0,433.38,0.0,1,6.61,33.4,SPY220128P00466000,466.0,0,0.0,0.0,,0.0,normalDay
2022-01-27,13388.0,-2772.0,0.0,0,431.24,0.0,1,6.61,34.33,SPY220128P00466000,466.0,0,0.0,0.0,,0.0,normalDay
2022-01-28,14049.0,-2405.0,661.0,100,441.95,466.0,1,6.61,0.0,SPY220128P00466000,466.0,0,0.0,0.0,,0.0,expirationDay
2022-01-31,14049.0,-1614.0,0.0,100,449.91,466.0,0,0.0,0.0,,0.0,1,2.04,2.09,SPY220414C00485000,485.0,normalDay
2022-02-01,14049.0,-1309.0,0.0,100,452.95,466.0,0,0.0,0.0,,0.0,1,2.04,2.08,SPY220414C00485000,485.0,normalDay
2022-02-02,14049.0,-896.0,0.0,100,457.35,466.0,0,0.0,0.0,,0.0,1,2.04,2.35,SPY220414C00485000,485.0,normalDay
2022-02-03,14049.0,-1924.0,0.0,100,446.6,466.0,0,0.0,0.0,,0.0,1,2.04,1.88,SPY220414C00485000,485.0,normalDay
2022-02-04,14049.0,-1679.0,0.0,100,448.7,466.0,0,0.0,0.0,,0.0,1,2.04,1.53,SPY220414C00485000,485.0,normalDay
2022-02-07,14049.0,-1806.0,0.0,100,447.26,466.0,0,0.0,0.0,,0.0,1,2.04,1.36,SPY220414C00485000,485.0,normalDay
2022-02-08,14049.0,-1451.0,0.0,100,450.94,466.0,0,0.0,0.0,,0.0,1,2.04,1.49,SPY220414C00485000,485.0,normalDay
2022-02-09,14049.0,-851.0,0.0,100,457.54,466.0,0,0.0,0.0,,0.0,1,2.04,2.09,SPY220414C00485000,485.0,normalDay
2022-02-10,14049.0,-1601.0,0.0,100,449.32,466.0,0,0.0,0.0,,0.0,1,2.04,1.37,SPY220414C00485000,485.0,normalDay
2022-02-11,14049.0,-2446.0,0.0,100,440.46,466.0,0,0.0,0.0,,0.0,1,2.04,0.96,SPY220414C00485000,485.0,normalDay
2022-02-14,14049.0,-2578.0,0.0,100,439.02,466.0,0,0.0,0.0,,0.0,1,2.04,0.84,SPY220414C00485000,485.0,normalDay
2022-02-15,14049.0,-1880.0,0.0,100,446.1,466.0,0,0.0,0.0,,0.0,1,2.04,0.94,SPY220414C00485000,485.0,normalDay
2022-02-16,14049.0,-1821.0,0.0,100,446.6,466.0,0,0.0,0.0,,0.0,1,2.04,0.85,SPY220414C00485000,485.0,normalDay
2022-02-17,14049.0,-2742.0,0.0,100,437.06,466.0,0,0.0,0.0,,0.0,1,2.04,0.52,SPY220414C00485000,485.0,normalDay
2022-02-18,14049.0,-3017.0,0.0,100,434.23,466.0,0,0.0,0.0,,0.0,1,2.04,0.44,SPY220414C00485000,485.0,normalDay
2022-02-22,14049.0,-3472.0,0.0,100,429.57,466.0,0,0.0,0.0,,0.0,1,2.04,0.33,SPY220414C00485000,485.0,normalDay
2022-02-23,14049.0,-4222.0,0.0,100,421.95,466.0,0,0.0,0.0,,0.0,1,2.04,0.21,SPY220414C00485000,485.0,normalDay
2022-02-24,14049.0,-3594.0,0.0,100,428.3,466.0,0,0.0,0.0,,0.0,1,2.04,0.28,SPY220414C00485000,485.0,normalDay
2022-02-25,14049.0,-2662.0,0.0,100,437.75,466.0,0,0.0,0.0,,0.0,1,2.04,0.41,SPY220414C00485000,485.0,normalDay
2022-02-28,14049.0,-2775.0,0.0,100,436.63,466.0,0,0.0,0.0,,0.0,1,2.04,0.42,SPY220414C00485000,485.0,normalDay
2022-03-01,14049.0,-3432.0,0.0,100,429.98,466.0,0,0.0,0.0,,0.0,1,2.04,0.34,SPY220414C00485000,485.0,normalDay
2022-03-02,14049.0,-2648.0,0.0,100,437.89,466.0,0,0.0,0.0,,0.0,1,2.04,0.41,SPY220414C00485000,485.0,normalDay
2022-03-03,14049.0,-2854.0,0.0,100,435.71,466.0,0,0.0,0.0,,0.0,1,2.04,0.29,SPY220414C00485000,485.0,normalDay
2022-03-04,14049.0,-3199.0,0.0,100,432.17,466.0,0,0.0,0.0,,0.0,1,2.04,0.2,SPY220414C00485000,485.0,normalDay
2022-03-07,14049.0,-4463.0,0.0,100,419.43,466.0,0,0.0,0.0,,0.0,1,2.04,0.1,SPY220414C00485000,485.0,normalDay
2022-03-08,14049.0,-4782.0,0.0,100,416.25,466.0,0,0.0,0.0,,0.0,1,2.04,0.11,SPY220414C00485000,485.0,normalDay
2022-03-09,14049.0,-3671.0,0.0,100,427.41,466.0,0,0.0,0.0,,0.0,1,2.04,0.16,SPY220414C00485000,485.0,normalDay
2022-03-10,14049.0,-3859.0,0.0,100,425.48,466.0,0,0.0,0.0,,0.0,1,2.04,0.11,SPY220414C00485000,485.0,normalDay
2022-03-11,14049.0,-4398.0,0.0,100,420.07,466.0,0,0.0,0.0,,0.0,1,2.04,0.09,SPY220414C00485000,485.0,normalDay
2022-03-14,14049.0,-4702.0,0.0,100,417.0,466.0,0,0.0,0.0,,0.0,1,2.04,0.06,SPY220414C00485000,485.0,normalDay
2022-03-15,14049.0,-3788.0,0.0,100,426.17,466.0,0,0.0,0.0,,0.0,1,2.04,0.09,SPY220414C00485000,485.0,normalDay
2022-03-16,14049.0,-2846.0,0.0,100,435.62,466.0,0,0.0,0.0,,0.0,1,2.04,0.12,SPY220414C00485000,485.0,normalDay
2022-03-17,14049.0,-2304.0,0.0,100,441.07,466.0,0,0.0,0.0,,0.0,1,2.04,0.15,SPY220414C00485000,485.0,normalDay
2022-03-18,14049.0,-1960.0,0.0,100,444.52,466.0,0,0.0,0.0,,0.0,1,2.04,0.16,SPY220414C00485000,485.0,normalDay
2022-03-21,14049.0,-1967.0,0.0,100,444.39,466.0,0,0.0,0.0,,0.0,1,2.04,0.1,SPY220414C00485000,485.0,normalDay
2022-03-22,14049.0,-1451.0,0.0,100,449.59,466.0,0,0.0,0.0,,0.0,1,2.04,0.14,SPY220414C00485000,485.0,normalDay
2022-03-23,14049.0,-2023.0,0.0,100,443.8,466.0,0,0.0,0.0,,0.0,1,2.04,0.07,SPY220414C00485000,485.0,normalDay
2022-03-24,14049.0,-1356.0,0.0,100,450.49,466.0,0,0.0,0.0,,0.0,1,2.04,0.09,SPY220414C00485000,485.0,normalDay
2022-03-25,14049.0,-1134.0,0.0,100,452.69,466.0,0,0.0,0.0,,0.0,1,2.04,0.07,SPY220414C00485000,485.0,normalDay
2022-03-28,14049.0,-812.0,0.0,100,455.91,466.0,0,0.0,0.0,,0.0,1,2.04,0.07,SPY220414C00485000,485.0,normalDay
2022-03-29,14049.0,-260.0,0.0,100,461.55,466.0,0,0.0,0.0,,0.0,1,2.04,0.19,SPY220414C00485000,485.0,normalDay
2022-03-30,14049.0,-537.0,0.0,100,458.7,466.0,0,0.0,0.0,,0.0,1,2.04,0.11,SPY220414C00485000,485.0,normalDay
2022-03-31,14049.0,-1235.0,0.0,100,451.64,466.0,0,0.0,0.0,,0.0,1,2.04,0.03,SPY220414C00485000,485.0,normalDay
2022-04-01,14049.0,-1106.0,0.0,100,452.92,466.0,0,0.0,0.0,,0.0,1,2.04,0.02,SPY220414C00485000,485.0,normalDay
2022-04-04,14049.0,-718.0,0.0,100,456.8,466.0,0,0.0,0.0,,0.0,1,2.04,0.02,SPY220414C00485000,485.0,normalDay
2022-04-05,14049.0,-1295.0,0.0,100,451.03,466.0,0,0.0,0.0,,0.0,1,2.04,0.02,SPY220414C00485000,485.0,normalDay
2022-04-06,14049.0,-1745.0,0.0,100,446.52,466.0,0,0.0,0.0,,0.0,1,2.04,0.01,SPY220414C00485000,485.0,normalDay
2022-04-07,14049.0,-1520.0,0.0,100,448.77,466.0,0,0.0,0.0,,0.0,1,2.04,0.01,SPY220414C00485000,485.0,normalDay
2022-04-08,14049.0,-1640.0,0.0,100,447.57,466.0,0,0.0,0.0,,0.0,1,2.04,0.01,SPY220414C00485000,485.0,normalDay
2022-04-11,14049.0,-2405.0,0.0,100,439.92,466.0,0,0.0,0.0,,0.0,1,2.04,0.01,SPY220414C00485000,485.0,normalDay
2022-04-12,14049.0,-2568.0,0.0,100,438.29,466.0,0,0.0,0.0,,0.0,1,2.04,0.01,SPY220414C00485000,485.0,normalDay
2022-04-13,14049.0,-2066.0,0.0,100,443.31,466.0,0,0.0,0.0,,0.0,1,2.04,0.01,SPY220414C00485000,485.0,normalDay
2022-04-14,14253.0,-2821.0,204.0,100,437.79,466.0,0,0.0,0.0,,0.0,1,2.04,0.0,SPY220414C00485000,485.0,expirationDay
2022-04-18,14253.0,-2809.0,0.0,100,437.97,466.0,0,0.0,0.0,,0.0,1,4.18,4.24,SPY220630C00462000,462.0,normalDay
2022-04-19,14253.0,-2214.0,0.0,100,445.04,466.0,0,0.0,0.0,,0.0,1,4.18,5.36,SPY220630C00462000,462.0,normalDay
2022-04-20,14253.0,-2298.0,0.0,100,444.71,466.0,0,0.0,0.0,,0.0,1,4.18,5.87,SPY220630C00462000,462.0,normalDay
2022-04-21,14253.0,-2760.0,0.0,100,438.06,466.0,0,0.0,0.0,,0.0,1,4.18,3.84,SPY220630C00462000,462.0,normalDay
2022-04-22,14253.0,-3780.0,0.0,100,426.04,466.0,0,0.0,0.0,,0.0,1,4.18,2.02,SPY220630C00462000,462.0,normalDay
2022-04-25,14253.0,-3553.0,0.0,100,428.51,466.0,0,0.0,0.0,,0.0,1,4.18,2.22,SPY220630C00462000,462.0,normalDay
2022-04-26,14253.0,-4689.0,0.0,100,416.1,466.0,0,0.0,0.0,,0.0,1,4.18,1.17,SPY220630C00462000,462.0,normalDay
2022-04-27,14253.0,-4586.0,0.0,100,417.27,466.0,0,0.0,0.0,,0.0,1,4.18,1.31,SPY220630C00462000,462.0,normalDay
2022-04-28,14253.0,-3617.0,0.0,100,427.81,466.0,0,0.0,0.0,,0.0,1,4.18,2.16,SPY220630C00462000,462.0,normalDay
2022-04-29,14253.0,-5088.0,0.0,100,412.0,466.0,0,0.0,0.0,,0.0,1,4.18,1.06,SPY220630C00462000,462.0,normalDay
2022-05-02,14253.0,-4853.0,0.0,100,414.48,466.0,0,0.0,0.0,,0.0,1,4.18,1.19,SPY220630C00462000,462.0,normalDay
2022-05-03,14253.0,-4646.0,0.0,100,416.38,466.0,0,0.0,0.0,,0.0,1,4.18,1.02,SPY220630C00462000,462.0,normalDay
2022-05-04,14253.0,-3466.0,0.0,100,429.06,466.0,0,0.0,0.0,,0.0,1,4.18,1.9,SPY220630C00462000,462.0,normalDay
2022-05-05,14253.0,-4897.0,0.0,100,413.81,466.0,0,0.0,0.0,,0.0,1,4.18,0.96,SPY220630C00462000,462.0,normalDay
2022-05-06,14253.0,-5119.0,0.0,100,411.34,466.0,0,0.0,0.0,,0.0,1,4.18,0.71,SPY220630C00462000,462.0,normalDay
2022-05-09,14253.0,-6412.0,0.0,100,398.17,466.0,0,0.0,0.0,,0.0,1,4.18,0.47,SPY220630C00462000,462.0,normalDay
2022-05-10,14253.0,-6307.0,0.0,100,399.09,466.0,0,0.0,0.0,,0.0,1,4.18,0.34,SPY220630C00462000,462.0,normalDay
2022-05-11,14253.0,-6935.0,0.0,100,392.75,466.0,0,0.0,0.0,,0.0,1,4.18,0.28,SPY220630C00462000,462.0,normalDay
2022-05-12,14253.0,-6972.0,0.0,100,392.34,466.0,0,0.0,0.0,,0.0,1,4.18,0.24,SPY220630C00462000,462.0,normalDay
2022-05-13,14253.0,-6032.0,0.0,100,401.72,466.0,0,0.0,0.0,,0.0,1,4.18,0.22,SPY220630C00462000,462.0,normalDay
2022-05-16,14253.0,-6187.0,0.0,100,400.09,466.0,0,0.0,0.0,,0.0,1,4.18,0.14,SPY220630C00462000,462.0,normalDay
2022-05-17,14253.0,-5370.0,0.0,100,408.32,466.0,0,0.0,0.0,,0.0,1,4.18,0.2,SPY220630C00462000,462.0,normalDay
2022-05-18,14253.0,-7005.0,0.0,100,391.86,466.0,0,0.0,0.0,,0.0,1,4.18,0.09,SPY220630C00462000,462.0,normalDay
2022-05-19,14253.0,-7244.0,0.0,100,389.46,466.0,0,0.0,0.0,,0.0,1,4.18,0.08,SPY220630C00462000,462.0,normalDay
2022-05-20,14253.0,-7228.0,0.0,100,389.63,466.0,0,0.0,0.0,,0.0,1,4.18,0.09,SPY220630C00462000,462.0,normalDay
2022-05-23,14253.0,-6502.0,0.0,100,396.92,466.0,0,0.0,0.0,,0.0,1,4.18,0.12,SPY220630C00462000,462.0,normalDay
2022-05-24,14253.0,-6805.0,0.0,100,393.89,466.0,0,0.0,0.0,,0.0,1,4.18,0.12,SPY220630C00462000,462.0,normalDay
2022-05-25,14253.0,-6457.0,0.0,100,397.37,466.0,0,0.0,0.0,,0.0,1,4.18,0.12,SPY220630C00462000,462.0,normalDay
2022-05-26,14253.0,-5668.0,0.0,100,405.31,466.0,0,0.0,0.0,,0.0,1,4.18,0.17,SPY220630C00462000,462.0,normalDay
2022-05-27,14253.0,-4684.0,0.0,100,415.26,466.0,0,0.0,0.0,,0.0,1,4.18,0.28,SPY220630C00462000,462.0,normalDay
2022-05-31,14253.0,-4903.0,0.0,100,412.93,466.0,0,0.0,0.0,,0.0,1,4.18,0.14,SPY220630C00462000,462.0,normalDay
2022-06-01,14253.0,-5232.0,0.0,100,409.59,466.0,0,0.0,0.0,,0.0,1,4.18,0.09,SPY220630C00462000,462.0,normalDay
2022-06-02,14253.0,-4456.0,0.0,100,417.39,466.0,0,0.0,0.0,,0.0,1,4.18,0.13,SPY220630C00462000,462.0,normalDay
2022-06-03,14253.0,-5136.0,0.0,100,410.54,466.0,0,0.0,0.0,,0.0,1,4.18,0.08,SPY220630C00462000,462.0,normalDay
2022-06-06,14253.0,-5010.0,0.0,100,411.79,466.0,0,0.0,0.0,,0.0,1,4.18,0.07,SPY220630C00462000,462.0,normalDay
2022-06-07,14253.0,-4615.0,0.0,100,415.74,466.0,0,0.0,0.0,,0.0,1,4.18,0.07,SPY220630C00462000,462.0,normalDay
2022-06-08,14253.0,-5065.0,0.0,100,411.22,466.0,0,0.0,0.0,,0.0,1,4.18,0.05,SPY220630C00462000,462.0,normalDay
2022-06-09,14253.0,-6042.0,0.0,100,401.44,466.0,0,0.0,0.0,,0.0,1,4.18,0.04,SPY220630C00462000,462.0,normalDay
2022-06-10,14253.0,-7205.0,0.0,100,389.8,466.0,0,0.0,0.0,,0.0,1,4.18,0.03,SPY220630C00462000,462.0,normalDay
2022-06-13,14253.0,-8685.0,0.0,100,375.0,466.0,0,0.0,0.0,,0.0,1,4.18,0.03,SPY220630C00462000,462.0,normalDay
2022-06-14,14253.0,-8798.0,0.0,100,373.87,466.0,0,0.0,0.0,,0.0,1,4.18,0.03,SPY220630C00462000,462.0,normalDay
2022-06-15,14253.0,-8264.0,0.0,100,379.2,466.0,0,0.0,0.0,,0.0,1,4.18,0.02,SPY220630C00462000,462.0,normalDay
2022-06-16,14253.0,-9519.0,0.0,100,366.65,466.0,0,0.0,0.0,,0.0,1,4.18,0.02,SPY220630C00462000,462.0,normalDay
2022-06-17,14253.0,-9598.0,0.0,100,365.86,466.0,0,0.0,0.0,,0.0,1,4.18,0.02,SPY220630C00462000,462.0,normalDay
2022-06-21,14253.0,-8676.0,0.0,100,375.07,466.0,0,0.0,0.0,,0.0,1,4.18,0.01,SPY220630C00462000,462.0,normalDay
2022-06-22,14253.0,-8744.0,0.0,100,374.39,466.0,0,0.0,0.0,,0.0,1,4.18,0.01,SPY220630C00462000,462.0,normalDay
2022-06-23,14253.0,-8377.0,0.0,100,378.06,466.0,0,0.0,0.0,,0.0,1,4.18,0.01,SPY220630C00462000,462.0,normalDay
2022-06-24,14253.0,-7175.0,0.0,100,390.08,466.0,0,0.0,0.0,,0.0,1,4.18,0.01,SPY220630C00462000,462.0,normalDay
2022-06-27,14253.0,-7324.0,0.0,100,388.59,466.0,0,0.0,0.0,,0.0,1,4.18,0.01,SPY220630C00462000,462.0,normalDay
2022-06-28,14253.0,-8118.0,0.0,100,380.65,466.0,0,0.0,0.0,,0.0,1,4.18,0.01,SPY220630C00462000,462.0,normalDay
2022-06-29,14253.0,-8149.0,0.0,100,380.34,466.0,0,0.0,0.0,,0.0,1,4.18,0.01,SPY220630C00462000,462.0,normalDay
2022-06-30,14671.0,-8875.0,418.0,100,377.25,466.0,0,0.0,0.0,,0.0,1,4.18,0.0,SPY220630C00462000,462.0,expirationDay
2022-07-01,14671.0,-8481.0,0.0,100,381.24,466.0,0,0.0,0.0,,0.0,1,3.52,3.57,SPY220916C00416000,416.0,normalDay
2022-07-05,14671.0,-8391.0,0.0,100,381.96,466.0,0,0.0,0.0,,0.0,1,3.52,3.39,SPY220916C00416000,416.0,normalDay
2022-07-06,14671.0,-8294.0,0.0,100,383.25,466.0,0,0.0,0.0,,0.0,1,3.52,3.71,SPY220916C00416000,416.0,normalDay
2022-07-07,14671.0,-7824.0,0.0,100,388.99,466.0,0,0.0,0.0,,0.0,1,3.52,4.75,SPY220916C00416000,416.0,normalDay
2022-07-08,14671.0,-7827.0,0.0,100,388.67,466.0,0,0.0,0.0,,0.0,1,3.52,4.46,SPY220916C00416000,416.0,normalDay
2022-07-11,14671.0,-8166.0,0.0,100,384.23,466.0,0,0.0,0.0,,0.0,1,3.52,3.41,SPY220916C00416000,416.0,normalDay
2022-07-12,14671.0,-8418.0,0.0,100,380.83,466.0,0,0.0,0.0,,0.0,1,3.52,2.53,SPY220916C00416000,416.0,normalDay
2022-07-13,14671.0,-8582.0,0.0,100,378.83,466.0,0,0.0,0.0,,0.0,1,3.52,2.17,SPY220916C00416000,416.0,normalDay
2022-07-14,14671.0,-8660.0,0.0,100,377.91,466.0,0,0.0,0.0,,0.0,1,3.52,2.03,SPY220916C00416000,416.0,normalDay
2022-07-15,14671.0,-8010.0,0.0,100,385.13,466.0,0,0.0,0.0,,0.0,1,3.52,2.75,SPY220916C00416000,416.0,normalDay
2022-07-18,14671.0,-8278.0,0.0,100,381.95,466.0,0,0.0,0.0,,0.0,1,3.52,2.25,SPY220916C00416000,416.0,normalDay
2022-07-19,14671.0,-7481.0,0.0,100,392.27,466.0,0,0.0,0.0,,0.0,1,3.52,4.6,SPY220916C00416000,416.0,normalDay
2022-07-20,14671.0,-7288.0,0.0,100,394.77,466.0,0,0.0,0.0,,0.0,1,3.52,5.17,SPY220916C00416000,416.0,normalDay
2022-07-21,14671.0,-6958.0,0.0,100,398.79,466.0,0,0.0,0.0,,0.0,1,3.52,5.89,SPY220916C00416000,416.0,normalDay
2022-07-22,14671.0,-7187.0,0.0,100,395.09,466.0,0,0.0,0.0,,0.0,1,3.52,4.48,SPY220916C00416000,416.0,normalDay
2022-07-25,14671.0,-7141.0,0.0,100,395.57,466.0,0,0.0,0.0,,0.0,1,3.52,4.5,SPY220916C00416000,416.0,normalDay
2022-07-26,14671.0,-7508.0,0.0,100,390.89,466.0,0,0.0,0.0,,0.0,1,3.52,3.49,SPY220916C00416000,416.0,normalDay
2022-07-27,14671.0,-6706.0,0.0,100,401.04,466.0,0,0.0,0.0,,0.0,1,3.52,5.62,SPY220916C00416000,416.0,normalDay
2022-07-28,14671.0,-6431.0,0.0,100,406.07,466.0,0,0.0,0.0,,0.0,1,3.52,7.9,SPY220916C00416000,416.0,normalDay
2022-07-29,14671.0,-6039.0,0.0,100,411.99,466.0,0,0.0,0.0,,0.0,1,3.52,9.9,SPY220916C00416000,416.0,normalDay
2022-08-01,14671.0,-6120.0,0.0,100,410.77,466.0,0,0.0,0.0,,0.0,1,3.52,9.49,SPY220916C00416000,416.0,normalDay
2022-08-02,14671.0,-6273.0,0.0,100,408.06,466.0,0,0.0,0.0,,0.0,1,3.52,8.31,SPY220916C00416000,416.0,normalDay
2022-08-03,14671.0,-5869.0,0.0,100,414.45,466.0,0,0.0,0.0,,0.0,1,3.52,10.66,SPY220916C00416000,416.0,normalDay
2022-08-04,14671.0,-5880.0,0.0,100,414.17,466.0,0,0.0,0.0,,0.0,1,3.52,10.49,SPY220916C00416000,416.0,normalDay
2022-08-05,14671.0,-5839.0,0.0,100,413.47,466.0,0,0.0,0.0,,0.0,1,3.52,9.38,SPY220916C00416000,416.0,normalDay
2022-08-08,14671.0,-5864.0,0.0,100,412.99,466.0,0,0.0,0.0,,0.0,1,3.52,9.15,SPY220916C00416000,416.0,normalDay
2022-08-09,14671.0,-5951.0,0.0,100,411.35,466.0,0,0.0,0.0,,0.0,1,3.52,8.38,SPY220916C00416000,416.0,normalDay
2022-08-10,14671.0,-5465.0,0.0,100,419.99,466.0,0,0.0,0.0,,0.0,1,3.52,12.16,SPY220916C00416000,416.0,normalDay
2022-08-11,14671.0,-5514.0,0.0,100,419.99,466.0,0,0.0,0.0,,0.0,1,3.52,12.65,SPY220916C00416000,416.0,normalDay
2022-08-12,14671.0,-5217.0,0.0,100,427.1,466.0,0,0.0,0.0,,0.0,1,3.52,16.79,SPY220916C00416000,416.0,normalDay
2022-08-15,14671.0,-5153.0,0.0,100,428.86,466.0,0,0.0,0.0,,0.0,1,3.52,17.91,SPY220916C00416000,416.0,normalDay
2022-08-16,14671.0,-5108.0,0.0,100,429.7,466.0,0,0.0,0.0,,0.0,1,3.52,18.3,SPY220916C00416000,416.0,normalDay
2022-08-17,14671.0,-5220.0,0.0,100,426.65,466.0,0,0.0,0.0,,0.0,1,3.52,16.37,SPY220916C00416000,416.0,normalDay
2022-08-18,14671.0,-5114.0,0.0,100,427.89,466.0,0,0.0,0.0,,0.0,1,3.52,16.55,SPY220916C00416000,416.0,normalDay
2022-08-19,14671.0,-5293.0,0.0,100,422.14,466.0,0,0.0,0.0,,0.0,1,3.52,12.59,SPY220916C00416000,416.0,normalDay
2022-08-22,14671.0,-5693.0,0.0,100,413.35,466.0,0,0.0,0.0,,0.0,1,3.52,7.8,SPY220916C00416000,416.0,normalDay
2022-08-23,14671.0,-5696.0,0.0,100,412.35,466.0,0,0.0,0.0,,0.0,1,3.52,6.83,SPY220916C00416000,416.0,normalDay
2022-08-24,14671.0,-5589.0,0.0,100,413.67,466.0,0,0.0,0.0,,0.0,1,3.52,7.08,SPY220916C00416000,416.0,normalDay
2022-08-25,14671.0,-5261.0,0.0,100,419.51,466.0,0,0.0,0.0,,0.0,1,3.52,9.64,SPY220916C00416000,416.0,normalDay
2022-08-26,14671.0,-6082.0,0.0,100,405.31,466.0,0,0.0,0.0,,0.0,1,3.52,3.65,SPY220916C00416000,416.0,normalDay
2022-08-29,14671.0,-6247.0,0.0,100,402.63,466.0,0,0.0,0.0,,0.0,1,3.52,2.62,SPY220916C00416000,416.0,normalDay
2022-08-30,14671.0,-6577.0,0.0,100,398.21,466.0,0,0.0,0.0,,0.0,1,3.52,1.5,SPY220916C00416000,416.0,normalDay
2022-08-31,14671.0,-6823.0,0.0,100,395.18,466.0,0,0.0,0.0,,0.0,1,3.52,0.93,SPY220916C00416000,416.0,normalDay
2022-09-01,14671.0,-6690.0,0.0,100,396.42,466.0,0,0.0,0.0,,0.0,1,3.52,0.84,SPY220916C00416000,416.0,normalDay
2022-09-02,14671.0,-7067.0,0.0,100,392.24,466.0,0,0.0,0.0,,0.0,1,3.52,0.43,SPY220916C00416000,416.0,normalDay
2022-09-06,14671.0,-7199.0,0.0,100,390.76,466.0,0,0.0,0.0,,0.0,1,3.52,0.27,SPY220916C00416000,416.0,normalDay
2022-09-07,14671.0,-6520.0,0.0,100,397.78,466.0,0,0.0,0.0,,0.0,1,3.52,0.5,SPY220916C00416000,416.0,normalDay
2022-09-08,14671.0,-6265.0,0.0,100,400.38,466.0,0,0.0,0.0,,0.0,1,3.52,0.55,SPY220916C00416000,416.0,normalDay
2022-09-09,14671.0,-5688.0,0.0,100,406.6,466.0,0,0.0,0.0,,0.0,1,3.52,1.0,SPY220916C00416000,416.0,normalDay
2022-09-12,14671.0,-5380.0,0.0,100,410.97,466.0,0,0.0,0.0,,0.0,1,3.52,2.29,SPY220916C00416000,416.0,normalDay
2022-09-13,14671.0,-6945.0,0.0,100,393.1,466.0,0,0.0,0.0,,0.0,1,3.52,0.07,SPY220916C00416000,416.0,normalDay
2022-09-14,14671.0,-6791.0,0.0,100,394.6,466.0,0,0.0,0.0,,0.0,1,3.52,0.03,SPY220916C00416000,416.0,normalDay
2022-09-15,14671.0,-7237.0,0.0,100,390.12,466.0,0,0.0,0.0,,0.0,1,3.52,0.01,SPY220916C00416000,416.0,normalDay
2022-09-16,15023.0,-8044.0,352.0,100,385.56,466.0,0,0.0,0.0,,0.0,1,3.52,0.0,SPY220916C00416000,416.0,expirationDay
2022-09-19,15023.0,-7750.0,0.0,100,388.55,466.0,0,0.0,0.0,,0.0,1,4.04,4.09,SPY221118C00418000,418.0,normalDay
2022-09-20,15023.0,-8120.0,0.0,100,384.09,466.0,0,0.0,0.0,,0.0,1,4.04,3.33,SPY221118C00418000,418.0,normalDay
2022-09-21,15023.0,-8676.0,0.0,100,377.39,466.0,0,0.0,0.0,,0.0,1,4.04,2.19,SPY221118C00418000,418.0,normalDay
2022-09-22,15023.0,-8946.0,0.0,100,374.22,466.0,0,0.0,0.0,,0.0,1,4.04,1.72,SPY221118C00418000,418.0,normalDay
2022-09-23,15023.0,-9519.0,0.0,100,367.95,466.0,0,0.0,0.0,,0.0,1,4.04,1.18,SPY221118C00418000,418.0,normalDay
2022-09-26,15023.0,-9861.0,0.0,100,364.31,466.0,0,0.0,0.0,,0.0,1,4.04,0.96,SPY221118C00418000,418.0,normalDay
2022-09-27,15023.0,-9941.0,0.0,100,363.38,466.0,0,0.0,0.0,,0.0,1,4.04,0.83,SPY221118C00418000,418.0,normalDay
2022-09-28,15023.0,-9264.0,0.0,100,370.53,466.0,0,0.0,0.0,,0.0,1,4.04,1.21,SPY221118C00418000,418.0,normalDay
2022-09-29,15023.0,-9983.0,0.0,100,362.79,466.0,0,0.0,0.0,,0.0,1,4.04,0.66,SPY221118C00418000,418.0,normalDay
2022-09-30,15023.0,-10520.0,0.0,100,357.18,466.0,0,0.0,0.0,,0.0,1,4.04,0.42,SPY221118C00418000,418.0,normalDay
2022-10-03,15023.0,-9607.0,0.0,100,366.61,466.0,0,0.0,0.0,,0.0,1,4.04,0.72,SPY221118C00418000,418.0,normalDay
2022-10-04,15023.0,-8552.0,0.0,100,377.97,466.0,0,0.0,0.0,,0.0,1,4.04,1.53,SPY221118C00418000,418.0,normalDay
2022-10-05,15023.0,-8620.0,0.0,100,377.09,466.0,0,0.0,0.0,,0.0,1,4.04,1.33,SPY221118C00418000,418.0,normalDay
2022-10-06,15023.0,-8981.0,0.0,100,373.2,466.0,0,0.0,0.0,,0.0,1,4.04,1.05,SPY221118C00418000,418.0,normalDay
2022-10-07,15023.0,-9963.0,0.0,100,362.79,466.0,0,0.0,0.0,,0.0,1,4.04,0.46,SPY221118C00418000,418.0,normalDay
2022-10-10,15023.0,-10239.0,0.0,100,360.02,466.0,0,0.0,0.0,,0.0,1,4.04,0.45,SPY221118C00418000,418.0,normalDay
2022-10-11,15023.0,-10463.0,0.0,100,357.74,466.0,0,0.0,0.0,,0.0,1,4.04,0.41,SPY221118C00418000,418.0,normalDay
2022-10-12,15023.0,-10577.0,0.0,100,356.56,466.0,0,0.0,0.0,,0.0,1,4.04,0.37,SPY221118C00418000,418.0,normalDay
2022-10-13,15023.0,-9670.0,0.0,100,365.97,466.0,0,0.0,0.0,,0.0,1,4.04,0.71,SPY221118C00418000,418.0,normalDay
2022-10-14,15023.0,-10467.0,0.0,100,357.63,466.0,0,0.0,0.0,,0.0,1,4.04,0.34,SPY221118C00418000,418.0,normalDay
2022-10-17,15023.0,-9571.0,0.0,100,366.82,466.0,0,0.0,0.0,,0.0,1,4.04,0.57,SPY221118C00418000,418.0,normalDay
2022-10-18,15023.0,-9159.0,0.0,100,371.13,466.0,0,0.0,0.0,,0.0,1,4.04,0.76,SPY221118C00418000,418.0,normalDay
2022-10-19,15023.0,-9401.0,0.0,100,368.5,466.0,0,0.0,0.0,,0.0,1,4.04,0.55,SPY221118C00418000,418.0,normalDay
2022-10-20,15023.0,-9690.0,0.0,100,365.41,466.0,0,0.0,0.0,,0.0,1,4.04,0.35,SPY221118C00418000,418.0,normalDay
2022-10-21,15023.0,-8846.0,0.0,100,374.29,466.0,0,0.0,0.0,,0.0,1,4.04,0.79,SPY221118C00418000,418.0,normalDay
2022-10-24,15023.0,-8415.0,0.0,100,378.87,466.0,0,0.0,0.0,,0.0,1,4.04,1.06,SPY221118C00418000,418.0,normalDay
2022-10-25,15023.0,-7824.0,0.0,100,384.92,466.0,0,0.0,0.0,,0.0,1,4.04,1.2,SPY221118C00418000,418.0,normalDay
2022-10-26,15023.0,-8084.0,0.0,100,382.02,466.0,0,0.0,0.0,,0.0,1,4.04,0.9,SPY221118C00418000,418.0,normalDay
2022-10-27,15023.0,-8242.0,0.0,100,379.98,466.0,0,0.0,0.0,,0.0,1,4.04,0.44,SPY221118C00418000,418.0,normalDay
2022-10-28,15023.0,-7415.0,0.0,100,389.02,466.0,0,0.0,0.0,,0.0,1,4.04,1.21,SPY221118C00418000,418.0,normalDay
2022-10-31,15023.0,-7647.0,0.0,100,386.21,466.0,0,0.0,0.0,,0.0,1,4.04,0.72,SPY221118C00418000,418.0,normalDay
2022-11-01,15023.0,-7797.0,0.0,100,384.52,466.0,0,0.0,0.0,,0.0,1,4.04,0.53,SPY221118C00418000,418.0,normalDay
2022-11-02,15023.0,-8724.0,0.0,100,374.87,466.0,0,0.0,0.0,,0.0,1,4.04,0.15,SPY221118C00418000,418.0,normalDay
2022-11-03,15023.0,-9105.0,0.0,100,371.01,466.0,0,0.0,0.0,,0.0,1,4.04,0.1,SPY221118C00418000,418.0,normalDay
2022-11-04,15023.0,-8570.0,0.0,100,376.35,466.0,0,0.0,0.0,,0.0,1,4.04,0.09,SPY221118C00418000,418.0,normalDay
2022-11-07,15023.0,-8210.0,0.0,100,379.95,466.0,0,0.0,0.0,,0.0,1,4.04,0.09,SPY221118C00418000,418.0,normalDay
2022-11-08,15023.0,-8005.0,0.0,100,382.0,466.0,0,0.0,0.0,,0.0,1,4.04,0.09,SPY221118C00418000,418.0,normalDay
2022-11-09,15023.0,-8787.0,0.0,100,374.13,466.0,0,0.0,0.0,,0.0,1,4.04,0.04,SPY221118C00418000,418.0,normalDay
2022-11-10,15023.0,-6757.0,0.0,100,394.69,466.0,0,0.0,0.0,,0.0,1,4.04,0.3,SPY221118C00418000,418.0,normalDay
2022-11-11,15023.0,-6366.0,0.0,100,398.51,466.0,0,0.0,0.0,,0.0,1,4.04,0.21,SPY221118C00418000,418.0,normalDay
2022-11-14,15023.0,-6690.0,0.0,100,395.12,466.0,0,0.0,0.0,,0.0,1,4.04,0.06,SPY221118C00418000,418.0,normalDay
2022-11-15,15023.0,-6355.0,0.0,100,398.49,466.0,0,0.0,0.0,,0.0,1,4.04,0.08,SPY221118C00418000,418.0,normalDay
2022-11-16,15023.0,-6653.0,0.0,100,395.45,466.0,0,0.0,0.0,,0.0,1,4.04,0.02,SPY221118C00418000,418.0,normalDay
2022-11-17,15023.0,-6773.0,0.0,100,394.24,466.0,0,0.0,0.0,,0.0,1,4.04,0.01,SPY221118C00418000,418.0,normalDay
2022-11-18,15427.0,-6997.0,404.0,100,396.03,466.0,0,0.0,0.0,,0.0,1,4.04,0.0,SPY221118C00418000,418.0,expirationDay
2022-11-21,15427.0,-7157.0,0.0,100,394.59,466.0,0,0.0,0.0,,0.0,1,9.69,9.85,SPY230120C00403000,403.0,normalDay
2022-11-22,15427.0,-6819.0,0.0,100,399.9,466.0,0,0.0,0.0,,0.0,1,9.69,11.78,SPY230120C00403000,403.0,normalDay
2022-11-23,15427.0,-6660.0,0.0,100,402.42,466.0,0,0.0,0.0,,0.0,1,9.69,12.71,SPY230120C00403000,403.0,normalDay
2022-11-25,15427.0,-6640.0,0.0,100,402.33,466.0,0,0.0,0.0,,0.0,1,9.69,12.42,SPY230120C00403000,403.0,normalDay
2022-11-28,15427.0,-6987.0,0.0,100,395.91,466.0,0,0.0,0.0,,0.0,1,9.69,9.47,SPY230120C00403000,403.0,normalDay
2022-11-29,15427.0,-6986.0,0.0,100,395.23,466.0,0,0.0,0.0,,0.0,1,9.69,8.78,SPY230120C00403000,403.0,normalDay
2022-11-30,15427.0,-6399.0,0.0,100,407.68,466.0,0,0.0,0.0,,0.0,1,9.69,15.36,SPY230120C00403000,403.0,normalDay
2022-12-01,15427.0,-6335.0,0.0,100,407.38,466.0,0,0.0,0.0,,0.0,1,9.69,14.42,SPY230120C00403000,403.0,normalDay
2022-12-02,15427.0,-6296.0,0.0,100,406.91,466.0,0,0.0,0.0,,0.0,1,9.69,13.56,SPY230120C00403000,403.0,normalDay
2022-12-05,15427.0,-6643.0,0.0,100,399.59,466.0,0,0.0,0.0,,0.0,1,9.69,9.71,SPY230120C00403000,403.0,normalDay
2022-12-06,15427.0,-6989.0,0.0,100,393.83,466.0,0,0.0,0.0,,0.0,1,9.69,7.41,SPY230120C00403000,403.0,normalDay
2022-12-07,15427.0,-7031.0,0.0,100,393.16,466.0,0,0.0,0.0,,0.0,1,9.69,7.16,SPY230120C00403000,403.0,normalDay
2022-12-08,15427.0,-6818.0,0.0,100,396.24,466.0,0,0.0,0.0,,0.0,1,9.69,8.11,SPY230120C00403000,403.0,normalDay
2022-12-09,15427.0,-6990.0,0.0,100,393.28,466.0,0,0.0,0.0,,0.0,1,9.69,6.87,SPY230120C00403000,403.0,normalDay
2022-12-12,15427.0,-6684.0,0.0,100,398.95,466.0,0,0.0,0.0,,0.0,1,9.69,9.48,SPY230120C00403000,403.0,normalDay
2022-12-13,15427.0,-6451.0,0.0,100,401.97,466.0,0,0.0,0.0,,0.0,1,9.69,10.17,SPY230120C00403000,403.0,normalDay
2022-12-14,15427.0,-6520.0,0.0,100,399.4,466.0,0,0.0,0.0,,0.0,1,9.69,8.29,SPY230120C00403000,403.0,normalDay
2022-12-15,15427.0,-7077.0,0.0,100,389.63,466.0,0,0.0,0.0,,0.0,1,9.69,4.09,SPY230120C00403000,403.0,normalDay
2022-12-16,15427.0,-7562.0,0.0,100,383.27,466.0,0,0.0,0.0,,0.0,1,9.69,2.58,SPY230120C00403000,403.0,normalDay
2022-12-19,15427.0,-7802.0,0.0,100,380.02,466.0,0,0.0,0.0,,0.0,1,9.69,1.73,SPY230120C00403000,403.0,normalDay
2022-12-20,15427.0,-7741.0,0.0,100,380.54,466.0,0,0.0,0.0,,0.0,1,9.69,1.64,SPY230120C00403000,403.0,normalDay
2022-12-21,15427.0,-7254.0,0.0,100,386.23,466.0,0,0.0,0.0,,0.0,1,9.69,2.46,SPY230120C00403000,403.0,normalDay
2022-12-22,15427.0,-7717.0,0.0,100,380.72,466.0,0,0.0,0.0,,0.0,1,9.69,1.58,SPY230120C00403000,403.0,normalDay
2022-12-23,15427.0,-7501.0,0.0,100,382.91,466.0,0,0.0,0.0,,0.0,1,9.69,1.61,SPY230120C00403000,403.0,normalDay
2022-12-27,15427.0,-7624.0,0.0,100,381.4,466.0,0,0.0,0.0,,0.0,1,9.69,1.33,SPY230120C00403000,403.0,normalDay
2022-12-28,15427.0,-8043.0,0.0,100,376.66,466.0,0,0.0,0.0,,0.0,1,9.69,0.78,SPY230120C00403000,403.0,normalDay
2022-12-29,15427.0,-7420.0,0.0,100,383.44,466.0,0,0.0,0.0,,0.0,1,9.69,1.33,SPY230120C00403000,403.0,normalDay
2022-12-30,15427.0,-7498.0,0.0,100,382.43,466.0,0,0.0,0.0,,0.0,1,9.69,1.1,SPY230120C00403000,403.0,normalDay
2023-01-03,15427.0,-7617.0,0.0,100,380.82,466.0,0,0.0,0.0,,0.0,1,9.69,0.68,SPY230120C00403000,403.0,normalDay
2023-01-04,15427.0,-7343.0,0.0,100,383.76,466.0,0,0.0,0.0,,0.0,1,9.69,0.88,SPY230120C00403000,403.0,normalDay
2023-01-05,15427.0,-7739.0,0.0,100,379.38,466.0,0,0.0,0.0,,0.0,1,9.69,0.46,SPY230120C00403000,403.0,normalDay
2023-01-06,15427.0,-6930.0,0.0,100,388.08,466.0,0,0.0,0.0,,0.0,1,9.69,1.07,SPY230120C00403000,403.0,normalDay
2023-01-09,15427.0,-6946.0,0.0,100,387.86,466.0,0,0.0,0.0,,0.0,1,9.69,1.01,SPY230120C00403000,403.0,normalDay
2023-01-10,15427.0,-6693.0,0.0,100,390.58,466.0,0,0.0,0.0,,0.0,1,9.69,1.2,SPY230120C00403000,403.0,normalDay
2023-01-11,15427.0,-6329.0,0.0,100,395.52,466.0,0,0.0,0.0,,0.0,1,9.69,2.5,SPY230120C00403000,403.0,normalDay
2023-01-12,15427.0,-6076.0,0.0,100,396.96,466.0,0,0.0,0.0,,0.0,1,9.69,1.41,SPY230120C00403000,403.0,normalDay
2023-01-13,15427.0,-5890.0,0.0,100,398.5,466.0,0,0.0,0.0,,0.0,1,9.69,1.09,SPY230120C00403000,403.0,normalDay
2023-01-17,15427.0,-5920.0,0.0,100,397.77,466.0,0,0.0,0.0,,0.0,1,9.69,0.66,SPY230120C00403000,403.0,normalDay
2023-01-18,15427.0,-6488.0,0.0,100,391.49,466.0,0,0.0,0.0,,0.0,1,9.69,0.06,SPY230120C00403000,403.0,normalDay
2023-01-19,15427.0,-6769.0,0.0,100,388.64,466.0,0,0.0,0.0,,0.0,1,9.69,0.02,SPY230120C00403000,403.0,normalDay
2023-01-20,16396.0,-7012.0,969.0,100,395.88,466.0,0,0.0,0.0,,0.0,1,9.69,0.0,SPY230120C00403000,403.0,expirationDay
2023-01-23,16396.0,-6545.0,0.0,100,400.63,466.0,0,0.0,0.0,,0.0,1,12.63,12.71,SPY230331C00402000,402.0,normalDay
2023-01-24,16396.0,-6596.0,0.0,100,400.2,466.0,0,0.0,0.0,,0.0,1,12.63,12.79,SPY230331C00402000,402.0,normalDay
2023-01-25,16396.0,-6541.0,0.0,100,400.35,466.0,0,0.0,0.0,,0.0,1,12.63,12.39,SPY230331C00402000,402.0,normalDay
2023-01-26,16396.0,-6299.0,0.0,100,404.75,466.0,0,0.0,0.0,,0.0,1,12.63,14.37,SPY230331C00402000,402.0,normalDay
2023-01-27,16396.0,-6261.0,0.0,100,405.68,466.0,0,0.0,0.0,,0.0,1,12.63,14.92,SPY230331C00402000,402.0,normalDay
2023-01-30,16396.0,-6515.0,0.0,100,400.59,466.0,0,0.0,0.0,,0.0,1,12.63,12.37,SPY230331C00402000,402.0,normalDay
2023-01-31,16396.0,-6203.0,0.0,100,406.48,466.0,0,0.0,0.0,,0.0,1,12.63,15.14,SPY230331C00402000,402.0,normalDay
2023-02-01,16396.0,-6116.0,0.0,100,410.8,466.0,0,0.0,0.0,,0.0,1,12.63,18.59,SPY230331C00402000,402.0,normalDay
2023-02-02,16396.0,-5813.0,0.0,100,416.78,466.0,0,0.0,0.0,,0.0,1,12.63,21.54,SPY230331C00402000,402.0,normalDay
2023-02-03,16396.0,-5998.0,0.0,100,412.35,466.0,0,0.0,0.0,,0.0,1,12.63,18.96,SPY230331C00402000,402.0,normalDay
2023-02-06,16396.0,-6085.0,0.0,100,409.83,466.0,0,0.0,0.0,,0.0,1,12.63,17.31,SPY230331C00402000,402.0,normalDay
2023-02-07,16396.0,-5847.0,0.0,100,415.19,466.0,0,0.0,0.0,,0.0,1,12.63,20.29,SPY230331C00402000,402.0,normalDay
2023-02-08,16396.0,-6063.0,0.0,100,410.65,466.0,0,0.0,0.0,,0.0,1,12.63,17.91,SPY230331C00402000,402.0,normalDay
2023-02-09,16396.0,-6204.0,0.0,100,407.09,466.0,0,0.0,0.0,,0.0,1,12.63,15.76,SPY230331C00402000,402.0,normalDay
2023-02-10,16396.0,-6127.0,0.0,100,408.04,466.0,0,0.0,0.0,,0.0,1,12.63,15.94,SPY230331C00402000,402.0,normalDay
2023-02-13,16396.0,-5946.0,0.0,100,412.83,466.0,0,0.0,0.0,,0.0,1,12.63,18.92,SPY230331C00402000,402.0,normalDay
2023-02-14,16396.0,-5831.0,0.0,100,412.64,466.0,0,0.0,0.0,,0.0,1,12.63,17.58,SPY230331C00402000,402.0,normalDay
2023-02-15,16396.0,-5811.0,0.0,100,413.98,466.0,0,0.0,0.0,,0.0,1,12.63,18.72,SPY230331C00402000,402.0,normalDay
2023-02-16,16396.0,-5986.0,0.0,100,408.28,466.0,0,0.0,0.0,,0.0,1,12.63,14.77,SPY230331C00402000,402.0,normalDay
2023-02-17,16396.0,-5988.0,0.0,100,407.26,466.0,0,0.0,0.0,,0.0,1,12.63,13.77,SPY230331C00402000,402.0,normalDay
2023-02-21,16396.0,-6354.0,0.0,100,399.09,466.0,0,0.0,0.0,,0.0,1,12.63,9.26,SPY230331C00402000,402.0,normalDay
2023-02-22,16396.0,-6332.0,0.0,100,398.54,466.0,0,0.0,0.0,,0.0,1,12.63,8.49,SPY230331C00402000,402.0,normalDay
2023-02-23,16396.0,-6153.0,0.0,100,400.66,466.0,0,0.0,0.0,,0.0,1,12.63,8.82,SPY230331C00402000,402.0,normalDay
2023-02-24,16396.0,-6369.0,0.0,100,396.38,466.0,0,0.0,0.0,,0.0,1,12.63,6.7,SPY230331C00402000,402.0,normalDay
2023-02-27,16396.0,-6257.0,0.0,100,397.73,466.0,0,0.0,0.0,,0.0,1,12.63,6.93,SPY230331C00402000,402.0,normalDay
2023-02-28,16396.0,-6287.0,0.0,100,396.26,466.0,0,0.0,0.0,,0.0,1,12.63,5.76,SPY230331C00402000,402.0,normalDay
2023-03-01,16396.0,-6382.0,0.0,100,394.74,466.0,0,0.0,0.0,,0.0,1,12.63,5.19,SPY230331C00402000,402.0,normalDay
2023-03-02,16396.0,-6166.0,0.0,100,397.81,466.0,0,0.0,0.0,,0.0,1,12.63,6.1,SPY230331C00402000,402.0,normalDay
2023-03-03,16396.0,-5823.0,0.0,100,404.19,466.0,0,0.0,0.0,,0.0,1,12.63,9.05,SPY230331C00402000,402.0,normalDay
2023-03-06,16396.0,-5779.0,0.0,100,404.47,466.0,0,0.0,0.0,,0.0,1,12.63,8.89,SPY230331C00402000,402.0,normalDay
2023-03-07,16396.0,-6084.0,0.0,100,398.27,466.0,0,0.0,0.0,,0.0,1,12.63,5.74,SPY230331C00402000,402.0,normalDay
2023-03-08,16396.0,-6008.0,0.0,100,398.92,466.0,0,0.0,0.0,,0.0,1,12.63,5.63,SPY230331C00402000,402.0,normalDay
2023-03-09,16396.0,-6512.0,0.0,100,391.56,466.0,0,0.0,0.0,,0.0,1,12.63,3.31,SPY230331C00402000,402.0,normalDay
2023-03-10,16396.0,-6927.0,0.0,100,385.91,466.0,0,0.0,0.0,,0.0,1,12.63,1.81,SPY230331C00402000,402.0,normalDay
2023-03-13,16396.0,-7001.0,0.0,100,385.36,466.0,0,0.0,0.0,,0.0,1,12.63,2.0,SPY230331C00402000,402.0,normalDay
2023-03-14,16396.0,-6408.0,0.0,100,391.73,466.0,0,0.0,0.0,,0.0,1,12.63,2.44,SPY230331C00402000,402.0,normalDay
2023-03-15,16396.0,-6605.0,0.0,100,389.28,466.0,0,0.0,0.0,,0.0,1,12.63,1.96,SPY230331C00402000,402.0,normalDay
2023-03-16,16396.0,-6057.0,0.0,100,396.11,466.0,0,0.0,0.0,,0.0,1,12.63,3.31,SPY230331C00402000,402.0,normalDay
2023-03-17,16396.0,-6572.0,0.0,100,389.99,466.0,0,0.0,0.0,,0.0,1,12.63,2.34,SPY230331C00402000,402.0,normalDay
2023-03-20,16396.0,-6226.0,0.0,100,393.74,466.0,0,0.0,0.0,,0.0,1,12.63,2.63,SPY230331C00402000,402.0,normalDay
2023-03-21,16396.0,-5860.0,0.0,100,398.91,466.0,0,0.0,0.0,,0.0,1,12.63,4.14,SPY230331C00402000,402.0,normalDay
2023-03-22,16396.0,-6270.0,0.0,100,392.11,466.0,0,0.0,0.0,,0.0,1,12.63,1.44,SPY230331C00402000,402.0,normalDay
2023-03-23,16396.0,-6153.0,0.0,100,393.17,466.0,0,0.0,0.0,,0.0,1,12.63,1.33,SPY230331C00402000,402.0,normalDay
2023-03-24,16396.0,-5917.0,0.0,100,395.75,466.0,0,0.0,0.0,,0.0,1,12.63,1.55,SPY230331C00402000,402.0,normalDay
2023-03-27,16396.0,-5801.0,0.0,100,396.49,466.0,0,0.0,0.0,,0.0,1,12.63,1.13,SPY230331C00402000,402.0,normalDay
2023-03-28,16396.0,-5837.0,0.0,100,395.6,466.0,0,0.0,0.0,,0.0,1,12.63,0.6,SPY230331C00402000,402.0,normalDay
2023-03-29,16396.0,-5380.0,0.0,100,401.35,466.0,0,0.0,0.0,,0.0,1,12.63,1.78,SPY230331C00402000,402.0,normalDay
2023-03-30,16396.0,-5221.0,0.0,100,403.7,466.0,0,0.0,0.0,,0.0,1,12.63,2.54,SPY230331C00402000,402.0,normalDay
2023-03-31,11259.0,-5221.0,-5137.0,0,409.39,0.0,0,0.0,0.0,,0.0,1,12.63,0.0,SPY230331C00402000,402.0,expirationDay
2023-04-03,11259.0,-3.0,0.0,0,410.95,0.0,1,1.23,1.26,SPY230421P00393000,393.0,0,0.0,0.0,,0.0,normalDay
2023-04-04,11259.0,-17.0,0.0,0,408.67,0.0,1,1.23,1.4,SPY230421P00393000,393.0,0,0.0,0.0,,0.0,normalDay
2023-04-05,11259.0,-16.0,0.0,0,407.6,0.0,1,1.23,1.39,SPY230421P00393000,393.0,0,0.0,0.0,,0.0,normalDay
2023-04-06,11259.0,25.0,0.0,0,409.19,0.0,1,1.23,0.98,SPY230421P00393000,393.0,0,0.0,0.0,,0.0,normalDay
2023-04-10,11259.0,56.0,0.0,0,409.61,0.0,1,1.23,0.67,SPY230421P00393000,393.0,0,0.0,0.0,,0.0,normalDay
2023-04-11,11259.0,65.0,0.0,0,409.72,0.0,1,1.23,0.58,SPY230421P00393000,393.0,0,0.0,0.0,,0.0,normalDay
2023-04-12,11259.0,65.0,0.0,0,408.05,0.0,1,1.23,0.58,SPY230421P00393000,393.0,0,0.0,0.0,,0.0,normalDay
2023-04-13,11259.0,102.0,0.0,0,413.47,0.0,1,1.23,0.21,SPY230421P00393000,393.0,0,0.0,0.0,,0.0,normalDay
2023-04-14,11259.0,111.0,0.0,0,412.46,0.0,1,1.23,0.12,SPY230421P00393000,393.0,0,0.0,0.0,,0.0,normalDay
2023-04-17,11259.0,116.0,0.0,0,413.94,0.0,1,1.23,0.07,SPY230421P00393000,393.0,0,0.0,0.0,,0.0,normalDay
2023-04-18,11259.0,116.0,0.0,0,414.21,0.0,1,1.23,0.07,SPY230421P00393000,393.0,0,0.0,0.0,,0.0,normalDay
2023-04-19,11259.0,118.0,0.0,0,414.14,0.0,1,1.23,0.05,SPY230421P00393000,393.0,0,0.0,0.0,,0.0,normalDay
2023-04-20,11259.0,121.0,0.0,0,411.88,0.0,1,1.23,0.02,SPY230421P00393000,393.0,0,0.0,0.0,,0.0,normalDay
2023-04-21,11382.0,0.0,123.0,0,412.2,0.0,1,1.23,0.0,SPY230421P00393000,393.0,0,0.0,0.0,,0.0,expirationDay
2023-04-24,11382.0,-4.0,0.0,0,412.63,0.0,1,3.04,3.08,SPY230512P00406000,406.0,0,0.0,0.0,,0.0,normalDay
2023-04-25,11382.0,-219.0,0.0,0,406.08,0.0,1,3.04,5.23,SPY230512P00406000,406.0,0,0.0,0.0,,0.0,normalDay
2023-04-26,11382.0,-322.0,0.0,0,404.36,0.0,1,3.04,6.26,SPY230512P00406000,406.0,0,0.0,0.0,,0.0,normalDay
2023-04-27,11382.0,50.0,0.0,0,412.41,0.0,1,3.04,2.54,SPY230512P00406000,406.0,0,0.0,0.0,,0.0,normalDay
2023-04-28,11382.0,151.0,0.0,0,415.93,0.0,1,3.04,1.53,SPY230512P00406000,406.0,0,0.0,0.0,,0.0,normalDay
2023-05-01,11382.0,171.0,0.0,0,415.51,0.0,1,3.04,1.33,SPY230512P00406000,406.0,0,0.0,0.0,,0.0,normalDay
2023-05-02,11382.0,37.0,0.0,0,410.84,0.0,1,3.04,2.67,SPY230512P00406000,406.0,0,0.0,0.0,,0.0,normalDay
2023-05-03,11382.0,-13.0,0.0,0,408.02,0.0,1,3.04,3.17,SPY230512P00406000,406.0,0,0.0,0.0,,0.0,normalDay
2023-05-04,11382.0,-180.0,0.0,0,405.13,0.0,1,3.04,4.84,SPY230512P00406000,406.0,0,0.0,0.0,,0.0,normalDay
2023-05-05,11382.0,180.0,0.0,0,412.63,0.0,1,3.04,1.24,SPY230512P00406000,406.0,0,0.0,0.0,,0.0,normalDay
2023-05-08,11382.0,229.0,0.0,0,412.74,0.0,1,3.04,0.75,SPY230512P00406000,406.0,0,0.0,0.0,,0.0,normalDay
2023-05-09,11382.0,208.0,0.0,0,410.93,0.0,1,3.04,0.96,SPY230512P00406000,406.0,0,0.0,0.0,,0.0,normalDay
2023-05-10,11382.0,279.0,0.0,0,412.85,0.0,1,3.04,0.25,SPY230512P00406000,406.0,0,0.0,0.0,,0.0,normalDay
2023-05-11,11382.0,293.0,0.0,0,412.13,0.0,1,3.04,0.11,SPY230512P00406000,406.0,0,0.0,0.0,,0.0,normalDay
2023-05-12,11686.0,0.0,304.0,0,411.59,0.0,1,3.04,0.0,SPY230512P00406000,406.0,0,0.0,0.0,,0.0,expirationDay
2023-05-15,11686.0,-3.0,0.0,0,413.01,0.0,1,3.41,3.44,SPY230602P00410000,410.0,0,0.0,0.0,,0.0,normalDay
2023-05-16,11686.0,-117.0,0.0,0,410.25,0.0,1,3.41,4.58,SPY230602P00410000,410.0,0,0.0,0.0,,0.0,normalDay
2023-05-17,11686.0,71.0,0.0,0,415.23,0.0,1,3.41,2.7,SPY230602P00410000,410.0,0,0.0,0.0,,0.0,normalDay
2023-05-18,11686.0,184.0,0.0,0,419.23,0.0,1,3.41,1.57,SPY230602P00410000,410.0,0,0.0,0.0,,0.0,normalDay
2023-05-19,11686.0,174.0,0.0,0,418.62,0.0,1,3.41,1.67,SPY230602P00410000,410.0,0,0.0,0.0,,0.0,normalDay
2023-05-22,11686.0,198.0,0.0,0,418.79,0.0,1,3.41,1.43,SPY230602P00410000,410.0,0,0.0,0.0,,0.0,normalDay
2023-05-23,11686.0,82.0,0.0,0,414.09,0.0,1,3.41,2.59,SPY230602P00410000,410.0,0,0.0,0.0,,0.0,normalDay
2023-05-24,11686.0,-21.0,0.0,0,411.09,0.0,1,3.41,3.62,SPY230602P00410000,410.0,0,0.0,0.0,,0.0,normalDay
2023-05-25,11686.0,124.0,0.0,0,414.65,0.0,1,3.41,2.17,SPY230602P00410000,410.0,0,0.0,0.0,,0.0,normalDay
2023-05-26,11686.0,251.0,0.0,0,420.02,0.0,1,3.41,0.9,SPY230602P00410000,410.0,0,0.0,0.0,,0.0,normalDay
2023-05-30,11686.0,314.0,0.0,0,420.18,0.0,1,3.41,0.27,SPY230602P00410000,410.0,0,0.0,0.0,,0.0,normalDay
2023-05-31,11686.0,314.0,0.0,0,417.85,0.0,1,3.41,0.27,SPY230602P00410000,410.0,0,0.0,0.0,,0.0,normalDay
2023-06-01,11686.0,336.0,0.0,0,421.82,0.0,1,3.41,0.05,SPY230602P00410000,410.0,0,0.0,0.0,,0.0,normalDay
2023-06-02,12027.0,0.0,341.0,0,427.92,0.0,1,3.41,0.0,SPY230602P00410000,410.0,0,0.0,0.0,,0.0,expirationDay
2023-06-05,12027.0,-3.0,0.0,0,427.1,0.0,1,1.3,1.33,SPY230623P00414000,414.0,0,0.0,0.0,,0.0,normalDay
2023-06-06,12027.0,26.0,0.0,0,428.03,0.0,1,1.3,1.04,SPY230623P00414000,414.0,0,0.0,0.0,,0.0,normalDay
2023-06-07,12027.0,18.0,0.0,0,426.55,0.0,1,1.3,1.12,SPY230623P00414000,414.0,0,0.0,0.0,,0.0,normalDay
2023-06-08,12027.0,52.0,0.0,0,429.13,0.0,1,1.3,0.78,SPY230623P00414000,414.0,0,0.0,0.0,,0.0,normalDay
2023-06-09,12027.0,66.0,0.0,0,429.9,0.0,1,1.3,0.64,SPY230623P00414000,414.0,0,0.0,0.0,,0.0,normalDay
2023-06-12,12027.0,86.0,0.0,0,433.8,0.0,1,1.3,0.44,SPY230623P00414000,414.0,0,0.0,0.0,,0.0,normalDay
2023-06-13,12027.0,102.0,0.0,0,436.66,0.0,1,1.3,0.28,SPY230623P00414000,414.0,0,0.0,0.0,,0.0,normalDay
2023-06-14,12027.0,114.0,0.0,0,437.18,0.0,1,1.3,0.16,SPY230623P00414000,414.0,0,0.0,0.0,,0.0,normalDay
2023-06-15,12027.0,116.0,0.0,0,442.6,0.0,1,1.3,0.14,SPY230623P00414000,414.0,0,0.0,0.0,,0.0,normalDay
2023-06-16,12027.0,125.0,0.0,0,439.46,0.0,1,1.3,0.05,SPY230623P00414000,414.0,0,0.0,0.0,,0.0,normalDay
2023-06-20,12027.0,127.0,0.0,0,437.18,0.0,1,1.3,0.03,SPY230623P00414000,414.0,0,0.0,0.0,,0.0,normalDay
2023-06-21,12027.0,128.0,0.0,0,434.94,0.0,1,1.3,0.02,SPY230623P00414000,414.0,0,0.0,0.0,,0.0,normalDay
2023-06-22,12027.0,128.0,0.0,0,436.51,0.0,1,1.3,0.02,SPY230623P00414000,414.0,0,0.0,0.0,,0.0,normalDay
2023-06-23,12157.0,0.0,130.0,0,433.21,0.0,1,1.3,0.0,SPY230623P00414000,414.0,0,0.0,0.0,,0.0,expirationDay
2023-06-26,12157.0,-3.0,0.0,0,431.44,0.0,1,2.34,2.37,SPY230714P00427000,427.0,0,0.0,0.0,,0.0,normalDay
2023-06-27,12157.0,99.0,0.0,0,436.17,0.0,1,2.34,1.35,SPY230714P00427000,427.0,0,0.0,0.0,,0.0,normalDay
2023-06-28,12157.0,124.0,0.0,0,436.39,0.0,1,2.34,1.1,SPY230714P00427000,427.0,0,0.0,0.0,,0.0,normalDay
2023-06-29,12157.0,149.0,0.0,0,438.11,0.0,1,2.34,0.85,SPY230714P00427000,427.0,0,0.0,0.0,,0.0,normalDay
2023-06-30,12157.0,194.0,0.0,0,443.28,0.0,1,2.34,0.4,SPY230714P00427000,427.0,0,0.0,0.0,,0.0,normalDay
2023-07-03,12157.0,204.0,0.0,0,443.79,0.0,1,2.34,0.3,SPY230714P00427000,427.0,0,0.0,0.0,,0.0,normalDay
2023-07-05,12157.0,207.0,0.0,0,443.13,0.0,1,2.34,0.27,SPY230714P00427000,427.0,0,0.0,0.0,,0.0,normalDay
2023-07-06,12157.0,190.0,0.0,0,439.66,0.0,1,2.34,0.44,SPY230714P00427000,427.0,0,0.0,0.0,,0.0,normalDay
2023-07-07,12157.0,208.0,0.0,0,438.55,0.0,1,2.34,0.26,SPY230714P00427000,427.0,0,0.0,0.0,,0.0,normalDay
2023-07-10,12157.0,221.0,0.0,0,439.66,0.0,1,2.34,0.13,SPY230714P00427000,427.0,0,0.0,0.0,,0.0,normalDay
2023-07-11,12157.0,224.0,0.0,0,442.46,0.0,1,2.34,0.1,SPY230714P00427000,427.0,0,0.0,0.0,,0.0,normalDay
2023-07-12,12157.0,230.0,0.0,0,446.02,0.0,1,2.34,0.04,SPY230714P00427000,427.0,0,0.0,0.0,,0.0,normalDay
2023-07-13,12157.0,231.0,0.0,0,449.56,0.0,1,2.34,0.03,SPY230714P00427000,427.0,0,0.0,0.0,,0.0,normalDay
2023-07-14,12391.0,0.0,234.0,0,449.28,0.0,1,2.34,0.0,SPY230714P00427000,427.0,0,0.0,0.0,,0.0,expirationDay
2023-07-17,12391.0,-3.0,0.0,0,450.84,0.0,1,1.04,1.07,SPY230804P00438000,438.0,0,0.0,0.0,,0.0,normalDay
2023-07-18,12391.0,33.0,0.0,0,454.19,0.0,1,1.04,0.71,SPY230804P00438000,438.0,0,0.0,0.0,,0.0,normalDay
2023-07-19,12391.0,38.0,0.0,0,455.2,0.0,1,1.04,0.66,SPY230804P00438000,438.0,0,0.0,0.0,,0.0,normalDay
2023-07-20,12391.0,22.0,0.0,0,452.18,0.0,1,1.04,0.82,SPY230804P00438000,438.0,0,0.0,0.0,,0.0,normalDay
2023-07-21,12391.0,38.0,0.0,0,452.18,0.0,1,1.04,0.66,SPY230804P00438000,438.0,0,0.0,0.0,,0.0,normalDay
2023-07-24,12391.0,61.0,0.0,0,454.2,0.0,1,1.04,0.43,SPY230804P00438000,438.0,0,0.0,0.0,,0.0,normalDay
2023-07-25,12391.0,69.0,0.0,0,455.44,0.0,1,1.04,0.35,SPY230804P00438000,438.0,0,0.0,0.0,,0.0,normalDay
2023-07-26,12391.0,84.0,0.0,0,455.51,0.0,1,1.04,0.2,SPY230804P00438000,438.0,0,0.0,0.0,,0.0,normalDay
2023-07-27,12391.0,67.0,0.0,0,452.49,0.0,1,1.04,0.37,SPY230804P00438000,438.0,0,0.0,0.0,,0.0,normalDay
2023-07-28,12391.0,96.0,0.0,0,456.92,0.0,1,1.04,0.08,SPY230804P00438000,438.0,0,0.0,0.0,,0.0,normalDay
2023-07-31,12391.0,97.0,0.0,0,457.79,0.0,1,1.04,0.07,SPY230804P00438000,438.0,0,0.0,0.0,,0.0,normalDay
2023-08-01,12391.0,98.0,0.0,0,456.48,0.0,1,1.04,0.06,SPY230804P00438000,438.0,0,0.0,0.0,,0.0,normalDay
2023-08-02,12391.0,91.0,0.0,0,450.13,0.0,1,1.04,0.13,SPY230804P00438000,438.0,0,0.0,0.0,,0.0,normalDay
2023-08-03,12391.0,100.0,0.0,0,448.84,0.0,1,1.04,0.04,SPY230804P00438000,438.0,0,0.0,0.0,,0.0,normalDay
2023-08-04,12495.0,0.0,104.0,0,446.81,0.0,1,1.04,0.0,SPY230804P00438000,438.0,0,0.0,0.0,,0.0,expirationDay
2023-08-07,12495.0,-3.0,0.0,0,450.71,0.0,1,4.29,4.32,SPY230825P00450000,450.0,0,0.0,0.0,,0.0,normalDay
2023-08-08,12495.0,-96.0,0.0,0,448.75,0.0,1,4.29,5.25,SPY230825P00450000,450.0,0,0.0,0.0,,0.0,normalDay
2023-08-09,12495.0,-228.0,0.0,0,445.75,0.0,1,4.29,6.57,SPY230825P00450000,450.0,0,0.0,0.0,,0.0,normalDay
2023-08-10,12495.0,-239.0,0.0,0,445.91,0.0,1,4.29,6.68,SPY230825P00450000,450.0,0,0.0,0.0,,0.0,normalDay
2023-08-11,12495.0,-196.0,0.0,0,445.65,0.0,1,4.29,6.25,SPY230825P00450000,450.0,0,0.0,0.0,,0.0,normalDay
2023-08-14,12495.0,-29.0,0.0,0,448.11,0.0,1,4.29,4.58,SPY230825P00450000,450.0,0,0.0,0.0,,0.0,normalDay
2023-08-15,12495.0,-384.0,0.0,0,442.89,0.0,1,4.29,8.13,SPY230825P00450000,450.0,0,0.0,0.0,,0.0,normalDay
2023-08-16,12495.0,-618.0,0.0,0,439.64,0.0,1,4.29,10.47,SPY230825P00450000,450.0,0,0.0,0.0,,0.0,normalDay
2023-08-17,12495.0,-960.0,0.0,0,436.29,0.0,1,4.29,13.89,SPY230825P00450000,450.0,0,0.0,0.0,,0.0,normalDay
2023-08-18,12495.0,-922.0,0.0,0,436.5,0.0,1,4.29,13.51,SPY230825P00450000,450.0,0,0.0,0.0,,0.0,normalDay
2023-08-21,12495.0,-680.0,0.0,0,439.34,0.0,1,4.29,11.09,SPY230825P00450000,450.0,0,0.0,0.0,,0.0,normalDay
2023-08-22,12495.0,-769.0,0.0,0,438.15,0.0,1,4.29,11.98,SPY230825P00450000,450.0,0,0.0,0.0,,0.0,normalDay
2023-08-23,12495.0,-285.0,0.0,0,443.03,0.0,1,4.29,7.14,SPY230825P00450000,450.0,0,0.0,0.0,,0.0,normalDay
2023-08-24,12495.0,-898.0,0.0,0,436.89,0.0,1,4.29,13.27,SPY230825P00450000,450.0,0,0.0,0.0,,0.0,normalDay
2023-08-25,12924.0,-1003.0,429.0,100,439.97,450.0,1,4.29,0.0,SPY230825P00450000,450.0,0,0.0,0.0,,0.0,expirationDay
2023-08-28,12924.0,-729.0,0.0,100,442.76,450.0,0,0.0,0.0,,0.0,1,7.06,7.11,SPY231117C00455000,455.0,normalDay
2023-08-29,12924.0,-375.0,0.0,100,449.16,450.0,0,0.0,0.0,,0.0,1,7.06,9.97,SPY231117C00455000,455.0,normalDay
2023-08-30,12924.0,-252.0,0.0,100,451.01,450.0,0,0.0,0.0,,0.0,1,7.06,10.59,SPY231117C00455000,455.0,normalDay
2023-08-31,12924.0,-265.0,0.0,100,450.35,450.0,0,0.0,0.0,,0.0,1,7.06,10.06,SPY231117C00455000,455.0,normalDay
2023-09-01,12924.0,-169.0,0.0,100,451.19,450.0,0,0.0,0.0,,0.0,1,7.06,9.94,SPY231117C00455000,455.0,normalDay
2023-09-05,12924.0,-251.0,0.0,100,449.24,450.0,0,0.0,0.0,,0.0,1,7.06,8.81,SPY231117C00455000,455.0,normalDay
2023-09-06,12924.0,-404.0,0.0,100,446.22,450.0,0,0.0,0.0,,0.0,1,7.06,7.32,SPY231117C00455000,455.0,normalDay
2023-09-07,12924.0,-466.0,0.0,100,444.85,450.0,0,0.0,0.0,,0.0,1,7.06,6.57,SPY231117C00455000,455.0,normalDay
2023-09-08,12924.0,-409.0,0.0,100,445.52,450.0,0,0.0,0.0,,0.0,1,7.06,6.67,SPY231117C00455000,455.0,normalDay
2023-09-11,12924.0,-203.0,0.0,100,448.45,450.0,0,0.0,0.0,,0.0,1,7.06,7.54,SPY231117C00455000,455.0,normalDay
2023-09-12,12924.0,-336.0,0.0,100,445.99,450.0,0,0.0,0.0,,0.0,1,7.06,6.41,SPY231117C00455000,455.0,normalDay
2023-09-13,12924.0,-275.0,0.0,100,446.51,450.0,0,0.0,0.0,,0.0,1,7.06,6.32,SPY231117C00455000,455.0,normalDay
2023-09-14,12924.0,-30.0,0.0,100,450.36,450.0,0,0.0,0.0,,0.0,1,7.06,7.72,SPY231117C00455000,455.0,normalDay
2023-09-15,12924.0,-485.0,0.0,100,443.37,450.0,0,0.0,0.0,,0.0,1,7.06,5.28,SPY231117C00455000,455.0,normalDay
2023-09-18,12924.0,-459.0,0.0,100,443.63,450.0,0,0.0,0.0,,0.0,1,7.06,5.28,SPY231117C00455000,455.0,normalDay
2023-09-19,12924.0,-511.0,0.0,100,442.71,450.0,0,0.0,0.0,,0.0,1,7.06,4.88,SPY231117C00455000,455.0,normalDay
2023-09-20,12924.0,-780.0,0.0,100,438.64,450.0,0,0.0,0.0,,0.0,1,7.06,3.5,SPY231117C00455000,455.0,normalDay
2023-09-21,12924.0,-1363.0,0.0,100,431.39,450.0,0,0.0,0.0,,0.0,1,7.06,2.08,SPY231117C00455000,455.0,normalDay
2023-09-22,12924.0,-1434.0,0.0,100,430.42,450.0,0,0.0,0.0,,0.0,1,7.06,1.82,SPY231117C00455000,455.0,normalDay
2023-09-25,12924.0,-1270.0,0.0,100,432.23,450.0,0,0.0,0.0,,0.0,1,7.06,1.99,SPY231117C00455000,455.0,normalDay
2023-09-26,12924.0,-1837.0,0.0,100,425.88,450.0,0,0.0,0.0,,0.0,1,7.06,1.31,SPY231117C00455000,455.0,normalDay
2023-09-27,12924.0,-1805.0,0.0,100,426.05,450.0,0,0.0,0.0,,0.0,1,7.06,1.16,SPY231117C00455000,455.0,normalDay
2023-09-28,12924.0,-1569.0,0.0,100,428.52,450.0,0,0.0,0.0,,0.0,1,7.06,1.27,SPY231117C00455000,455.0,normalDay
2023-09-29,12924.0,-1664.0,0.0,100,427.48,450.0,0,0.0,0.0,,0.0,1,7.06,1.18,SPY231117C00455000,455.0,normalDay
2023-10-02,12924.0,-1666.0,0.0,100,427.31,450.0,0,0.0,0.0,,0.0,1,7.06,1.03,SPY231117C00455000,455.0,normalDay
2023-10-03,12924.0,-2205.0,0.0,100,421.59,450.0,0,0.0,0.0,,0.0,1,7.06,0.7,SPY231117C00455000,455.0,normalDay
2023-10-04,12924.0,-1909.0,0.0,100,424.66,450.0,0,0.0,0.0,,0.0,1,7.06,0.81,SPY231117C00455000,455.0,normalDay
2023-10-05,12924.0,-1914.0,0.0,100,424.5,450.0,0,0.0,0.0,,0.0,1,7.06,0.7,SPY231117C00455000,455.0,normalDay
2023-10-06,12924.0,-1462.0,0.0,100,429.54,450.0,0,0.0,0.0,,0.0,1,7.06,1.22,SPY231117C00455000,455.0,normalDay
2023-10-09,12924.0,-1210.0,0.0,100,432.29,450.0,0,0.0,0.0,,0.0,1,7.06,1.45,SPY231117C00455000,455.0,normalDay
2023-10-10,12924.0,-1001.0,0.0,100,434.54,450.0,0,0.0,0.0,,0.0,1,7.06,1.61,SPY231117C00455000,455.0,normalDay
2023-10-11,12924.0,-835.0,0.0,100,436.32,450.0,0,0.0,0.0,,0.0,1,7.06,1.73,SPY231117C00455000,455.0,normalDay
2023-10-12,12924.0,-1033.0,0.0,100,433.66,450.0,0,0.0,0.0,,0.0,1,7.06,1.05,SPY231117C00455000,455.0,normalDay
2023-10-13,12924.0,-1230.0,0.0,100,431.5,450.0,0,0.0,0.0,,0.0,1,7.06,0.86,SPY231117C00455000,455.0,normalDay
2023-10-16,12924.0,-810.0,0.0,100,436.04,450.0,0,0.0,0.0,,0.0,1,7.06,1.2,SPY231117C00455000,455.0,normalDay
2023-10-17,12924.0,-806.0,0.0,100,436.02,450.0,0,0.0,0.0,,0.0,1,7.06,1.14,SPY231117C00455000,455.0,normalDay
2023-10-18,12924.0,-1337.0,0.0,100,430.21,450.0,0,0.0,0.0,,0.0,1,7.06,0.64,SPY231117C00455000,455.0,normalDay
2023-10-19,12924.0,-1687.0,0.0,100,426.43,450.0,0,0.0,0.0,,0.0,1,7.06,0.36,SPY231117C00455000,455.0,normalDay
2023-10-20,12924.0,-2195.0,0.0,100,421.19,450.0,0,0.0,0.0,,0.0,1,7.06,0.2,SPY231117C00455000,455.0,normalDay
2023-10-23,12924.0,-2262.0,0.0,100,420.46,450.0,0,0.0,0.0,,0.0,1,7.06,0.14,SPY231117C00455000,455.0,normalDay
2023-10-24,12924.0,-1946.0,0.0,100,423.63,450.0,0,0.0,0.0,,0.0,1,7.06,0.15,SPY231117C00455000,455.0,normalDay
2023-10-25,12924.0,-2547.0,0.0,100,417.55,450.0,0,0.0,0.0,,0.0,1,7.06,0.08,SPY231117C00455000,455.0,normalDay
2023-10-26,12924.0,-3044.0,0.0,100,412.55,450.0,0,0.0,0.0,,0.0,1,7.06,0.05,SPY231117C00455000,455.0,normalDay
2023-10-27,12924.0,-3230.0,0.0,100,410.68,450.0,0,0.0,0.0,,0.0,1,7.06,0.04,SPY231117C00455000,455.0,normalDay
2023-10-30,12924.0,-2739.0,0.0,100,415.59,450.0,0,0.0,0.0,,0.0,1,7.06,0.04,SPY231117C00455000,455.0,normalDay
2023-10-31,12924.0,-2478.0,0.0,100,418.2,450.0,0,0.0,0.0,,0.0,1,7.06,0.04,SPY231117C00455000,455.0,normalDay
2023-11-01,12924.0,-2032.0,0.0,100,422.66,450.0,0,0.0,0.0,,0.0,1,7.06,0.04,SPY231117C00455000,455.0,normalDay
2023-11-02,12924.0,-1226.0,0.0,100,430.76,450.0,0,0.0,0.0,,0.0,1,7.06,0.08,SPY231117C00455000,455.0,normalDay
2023-11-03,12924.0,-838.0,0.0,100,434.69,450.0,0,0.0,0.0,,0.0,1,7.06,0.13,SPY231117C00455000,455.0,normalDay
2023-11-06,12924.0,-731.0,0.0,100,435.69,450.0,0,0.0,0.0,,0.0,1,7.06,0.06,SPY231117C00455000,455.0,normalDay
2023-11-07,12924.0,-609.0,0.0,100,436.93,450.0,0,0.0,0.0,,0.0,1,7.06,0.08,SPY231117C00455000,455.0,normalDay
2023-11-08,12924.0,-574.0,0.0,100,437.25,450.0,0,0.0,0.0,,0.0,1,7.06,0.05,SPY231117C00455000,455.0,normalDay
2023-11-09,12924.0,-913.0,0.0,100,433.84,450.0,0,0.0,0.0,,0.0,1,7.06,0.03,SPY231117C00455000,455.0,normalDay
2023-11-10,12924.0,-239.0,0.0,100,440.61,450.0,0,0.0,0.0,,0.0,1,7.06,0.06,SPY231117C00455000,455.0,normalDay
2023-11-13,12924.0,-279.0,0.0,100,440.19,450.0,0,0.0,0.0,,0.0,1,7.06,0.04,SPY231117C00455000,455.0,normalDay
2023-11-14,12924.0,536.0,0.0,100,448.73,450.0,0,0.0,0.0,,0.0,1,7.06,0.43,SPY231117C00455000,455.0,normalDay
2023-11-15,12924.0,652.0,0.0,100,449.68,450.0,0,0.0,0.0,,0.0,1,7.06,0.22,SPY231117C00455000,455.0,normalDay
2023-11-16,12924.0,722.0,0.0,100,450.23,450.0,0,0.0,0.0,,0.0,1,7.06,0.07,SPY231117C00455000,455.0,normalDay
2023-11-17,13630.0,79.0,706.0,100,450.79,450.0,0,0.0,0.0,,0.0,1,7.06,0.0,SPY231117C00455000,455.0,expirationDay
2023-11-20,13630.0,420.0,0.0,100,454.26,450.0,0,0.0,0.0,,0.0,1,8.44,8.5,SPY240131C00459000,459.0,normalDay
2023-11-21,13630.0,411.0,0.0,100,453.27,450.0,0,0.0,0.0,,0.0,1,8.44,7.6,SPY240131C00459000,459.0,normalDay
2023-11-22,13630.0,494.0,0.0,100,455.02,450.0,0,0.0,0.0,,0.0,1,8.44,8.52,SPY240131C00459000,459.0,normalDay
2023-11-24,13630.0,548.0,0.0,100,455.3,450.0,0,0.0,0.0,,0.0,1,8.44,8.26,SPY240131C00459000,459.0,normalDay
2023-11-27,13630.0,515.0,0.0,100,454.48,450.0,0,0.0,0.0,,0.0,1,8.44,7.77,SPY240131C00459000,459.0,normalDay
2023-11-28,13630.0,554.0,0.0,100,454.93,450.0,0,0.0,0.0,,0.0,1,8.44,7.83,SPY240131C00459000,459.0,normalDay
2023-11-29,13630.0,507.0,0.0,100,454.61,450.0,0,0.0,0.0,,0.0,1,8.44,7.98,SPY240131C00459000,459.0,normalDay
2023-11-30,13630.0,644.0,0.0,100,456.4,450.0,0,0.0,0.0,,0.0,1,8.44,8.4,SPY240131C00459000,459.0,normalDay
