date,totalCapital,unrializedPnL,rializedPnL,stocksOwned,stocksPriceToday,stocksPriceBoughtAt,putOwned,putOwnedSoldAt,putPriceToday,putOwnedContract,putOwnedStrike,callOwned,callOwnedSoldAt,callPriceToday,callOwnedContract,callOwnedStrike,trackType
2018-11-01,0.0,-7.0,0.0,0,273.51,0.0,1,3.35,3.42,SPY181203P00268000,268.0,0,0.0,0.0,,0.0,normalDay
2018-11-02,0.0,-40.0,0.0,0,271.89,0.0,1,3.35,3.75,SPY181203P00268000,268.0,0,0.0,0.0,,0.0,normalDay
2018-11-05,0.0,28.0,0.0,0,273.39,0.0,1,3.35,3.07,SPY181203P00268000,268.0,0,0.0,0.0,,0.0,normalDay
2018-11-06,0.0,75.0,0.0,0,275.12,0.0,1,3.35,2.6,SPY181203P00268000,268.0,0,0.0,0.0,,0.0,normalDay
2018-11-07,0.0,232.0,0.0,0,281.01,0.0,1,3.35,1.03,SPY181203P00268000,268.0,0,0.0,0.0,,0.0,normalDay
2018-11-08,0.0,228.0,0.0,0,280.5,0.0,1,3.35,1.07,SPY181203P00268000,268.0,0,0.0,0.0,,0.0,normalDay
2018-11-09,0.0,185.0,0.0,0,277.76,0.0,1,3.35,1.5,SPY181203P00268000,268.0,0,0.0,0.0,,0.0,normalDay
2018-11-12,0.0,49.0,0.0,0,272.57,0.0,1,3.35,2.86,SPY181203P00268000,268.0,0,0.0,0.0,,0.0,normalDay
2018-11-13,0.0,42.0,0.0,0,272.06,0.0,1,3.35,2.93,SPY181203P00268000,268.0,0,0.0,0.0,,0.0,normalDay
2018-11-14,0.0,-47.0,0.0,0,270.2,0.0,1,3.35,3.82,SPY181203P00268000,268.0,0,0.0,0.0,,0.0,normalDay
2018-11-15,0.0,92.0,0.0,0,273.02,0.0,1,3.35,2.43,SPY181203P00268000,268.0,0,0.0,0.0,,0.0,normalDay
2018-11-16,0.0,157.0,0.0,0,273.73,0.0,1,3.35,1.78,SPY181203P00268000,268.0,0,0.0,0.0,,0.0,normalDay
2018-11-19,0.0,13.0,0.0,0,269.1,0.0,1,3.35,3.22,SPY181203P00268000,268.0,0,0.0,0.0,,0.0,normalDay
2018-11-20,0.0,-279.0,0.0,0,264.12,0.0,1,3.35,6.14,SPY181203P00268000,268.0,0,0.0,0.0,,0.0,normalDay
2018-11-21,0.0,-165.0,0.0,0,265.02,0.0,1,3.35,5.0,SPY181203P00268000,268.0,0,0.0,0.0,,0.0,normalDay
2018-11-23,0.0,-303.0,0.0,0,263.25,0.0,1,3.35,6.38,SPY181203P00268000,268.0,0,0.0,0.0,,0.0,normalDay
2018-11-26,0.0,66.0,0.0,0,267.5,0.0,1,3.35,2.69,SPY181203P00268000,268.0,0,0.0,0.0,,0.0,normalDay
2018-11-27,0.0,94.0,0.0,0,268.4,0.0,1,3.35,2.41,SPY181203P00268000,268.0,0,0.0,0.0,,0.0,normalDay
2018-11-28,0.0,265.0,0.0,0,274.58,0.0,1,3.35,0.7,SPY181203P00268000,268.0,0,0.0,0.0,,0.0,normalDay
2018-11-29,0.0,266.0,0.0,0,273.98,0.0,1,3.35,0.69,SPY181203P00268000,268.0,0,0.0,0.0,,0.0,normalDay
2018-11-30,0.0,295.0,0.0,0,275.65,0.0,1,3.35,0.4,SPY181203P00268000,268.0,0,0.0,0.0,,0.0,normalDay
2018-12-03,335.0,0.0,335.0,0,279.3,0.0,1,3.35,0.0,SPY181203P00268000,268.0,0,0.0,0.0,,0.0,expirationDay
2018-12-04,335.0,-11.0,0.0,0,270.25,0.0,1,4.64,4.75,SPY190104P00267000,267.0,0,0.0,0.0,,0.0,normalDay
2018-12-06,335.0,-17.0,0.0,0,269.84,0.0,1,4.64,4.81,SPY190104P00267000,267.0,0,0.0,0.0,,0.0,normalDay
2018-12-07,335.0,-373.0,0.0,0,263.57,0.0,1,4.64,8.37,SPY190104P00267000,267.0,0,0.0,0.0,,0.0,normalDay
2018-12-10,335.0,-254.0,0.0,0,264.07,0.0,1,4.64,7.18,SPY190104P00267000,267.0,0,0.0,0.0,,0.0,normalDay
2018-12-11,335.0,-238.0,0.0,0,264.13,0.0,1,4.64,7.02,SPY190104P00267000,267.0,0,0.0,0.0,,0.0,normalDay
2018-12-12,335.0,-169.0,0.0,0,265.46,0.0,1,4.64,6.33,SPY190104P00267000,267.0,0,0.0,0.0,,0.0,normalDay
2018-12-13,335.0,-140.0,0.0,0,265.37,0.0,1,4.64,6.04,SPY190104P00267000,267.0,0,0.0,0.0,,0.0,normalDay
2018-12-14,335.0,-448.0,0.0,0,260.47,0.0,1,4.64,9.12,SPY190104P00267000,267.0,0,0.0,0.0,,0.0,normalDay
2018-12-17,335.0,-883.0,0.0,0,255.36,0.0,1,4.64,13.47,SPY190104P00267000,267.0,0,0.0,0.0,,0.0,normalDay
2018-12-18,335.0,-972.0,0.0,0,255.08,0.0,1,4.64,14.36,SPY190104P00267000,267.0,0,0.0,0.0,,0.0,normalDay
2018-12-19,335.0,-1264.0,0.0,0,251.26,0.0,1,4.64,17.28,SPY190104P00267000,267.0,0,0.0,0.0,,0.0,normalDay
2018-12-20,335.0,-1604.0,0.0,0,247.17,0.0,1,4.64,20.68,SPY190104P00267000,267.0,0,0.0,0.0,,0.0,normalDay
2018-12-21,335.0,-2241.0,0.0,0,240.7,0.0,1,4.64,27.05,SPY190104P00267000,267.0,0,0.0,0.0,,0.0,normalDay
2018-12-24,335.0,-3026.0,0.0,0,234.34,0.0,1,4.64,34.9,SPY190104P00267000,267.0,0,0.0,0.0,,0.0,normalDay
2018-12-26,335.0,-1607.0,0.0,0,246.18,0.0,1,4.64,20.71,SPY190104P00267000,267.0,0,0.0,0.0,,0.0,normalDay
2018-12-27,335.0,-1393.0,0.0,0,248.07,0.0,1,4.64,18.57,SPY190104P00267000,267.0,0,0.0,0.0,,0.0,normalDay
2018-12-28,335.0,-1476.0,0.0,0,247.75,0.0,1,4.64,19.4,SPY190104P00267000,267.0,0,0.0,0.0,,0.0,normalDay
2018-12-31,335.0,-1277.0,0.0,0,249.92,0.0,1,4.64,17.41,SPY190104P00267000,267.0,0,0.0,0.0,,0.0,normalDay
2019-01-02,335.0,-1226.0,0.0,0,250.18,0.0,1,4.64,16.9,SPY190104P00267000,267.0,0,0.0,0.0,,0.0,normalDay
2019-01-03,335.0,-1843.0,0.0,0,244.21,0.0,1,4.64,23.07,SPY190104P00267000,267.0,0,0.0,0.0,,0.0,normalDay
2019-01-04,799.0,-1461.0,464.0,100,252.39,267.0,1,4.64,0.0,SPY190104P00267000,267.0,0,0.0,0.0,,0.0,expirationDay
2019-01-07,799.0,-1274.0,0.0,100,254.38,267.0,0,0.0,0.0,,0.0,1,14.24,14.36,SPY190628C00254000,254.0,normalDay
2019-01-08,799.0,-1158.0,0.0,100,256.77,267.0,0,0.0,0.0,,0.0,1,14.24,15.59,SPY190628C00254000,254.0,normalDay
2019-01-09,799.0,-1095.0,0.0,100,257.97,267.0,0,0.0,0.0,,0.0,1,14.24,16.16,SPY190628C00254000,254.0,normalDay
2019-01-10,799.0,-1065.0,0.0,100,258.88,267.0,0,0.0,0.0,,0.0,1,14.24,16.77,SPY190628C00254000,254.0,normalDay
2019-01-11,799.0,-1014.0,0.0,100,258.98,267.0,0,0.0,0.0,,0.0,1,14.24,16.36,SPY190628C00254000,254.0,normalDay
2019-01-14,799.0,-1049.0,0.0,100,257.4,267.0,0,0.0,0.0,,0.0,1,14.24,15.13,SPY190628C00254000,254.0,normalDay
2019-01-15,799.0,-899.0,0.0,100,260.35,267.0,0,0.0,0.0,,0.0,1,14.24,16.58,SPY190628C00254000,254.0,normalDay
2019-01-16,799.0,-879.0,0.0,100,260.98,267.0,0,0.0,0.0,,0.0,1,14.24,17.01,SPY190628C00254000,254.0,normalDay
2019-01-17,799.0,-825.0,0.0,100,262.96,267.0,0,0.0,0.0,,0.0,1,14.24,18.45,SPY190628C00254000,254.0,normalDay
2019-01-18,799.0,-707.0,0.0,100,266.46,267.0,0,0.0,0.0,,0.0,1,14.24,20.77,SPY190628C00254000,254.0,normalDay
2019-01-22,799.0,-866.0,0.0,100,262.86,267.0,0,0.0,0.0,,0.0,1,14.24,18.76,SPY190628C00254000,254.0,normalDay
2019-01-23,799.0,-809.0,0.0,100,263.41,267.0,0,0.0,0.0,,0.0,1,14.24,18.74,SPY190628C00254000,254.0,normalDay
2019-01-24,799.0,-739.0,0.0,100,263.55,267.0,0,0.0,0.0,,0.0,1,14.24,18.18,SPY190628C00254000,254.0,normalDay
2019-01-25,799.0,-706.0,0.0,100,265.78,267.0,0,0.0,0.0,,0.0,1,14.24,20.08,SPY190628C00254000,254.0,normalDay
2019-01-28,799.0,-765.0,0.0,100,263.76,267.0,0,0.0,0.0,,0.0,1,14.24,18.65,SPY190628C00254000,254.0,normalDay
2019-01-29,799.0,-762.0,0.0,100,263.41,267.0,0,0.0,0.0,,0.0,1,14.24,18.27,SPY190628C00254000,254.0,normalDay
2019-01-30,799.0,-621.0,0.0,100,267.58,267.0,0,0.0,0.0,,0.0,1,14.24,21.03,SPY190628C00254000,254.0,normalDay
2019-01-31,799.0,-574.0,0.0,100,269.93,267.0,0,0.0,0.0,,0.0,1,14.24,22.91,SPY190628C00254000,254.0,normalDay
2019-02-01,799.0,-532.0,0.0,100,270.06,267.0,0,0.0,0.0,,0.0,1,14.24,22.62,SPY190628C00254000,254.0,normalDay
2019-02-04,799.0,-459.0,0.0,100,271.96,267.0,0,0.0,0.0,,0.0,1,14.24,23.79,SPY190628C00254000,254.0,normalDay
2019-02-05,799.0,-417.0,0.0,100,273.1,267.0,0,0.0,0.0,,0.0,1,14.24,24.51,SPY190628C00254000,254.0,normalDay
2019-02-06,799.0,-426.0,0.0,100,272.74,267.0,0,0.0,0.0,,0.0,1,14.24,24.24,SPY190628C00254000,254.0,normalDay
2019-02-07,799.0,-498.0,0.0,100,270.14,267.0,0,0.0,0.0,,0.0,1,14.24,22.36,SPY190628C00254000,254.0,normalDay
2019-02-08,799.0,-464.0,0.0,100,270.47,267.0,0,0.0,0.0,,0.0,1,14.24,22.35,SPY190628C00254000,254.0,normalDay
2019-02-11,799.0,-449.0,0.0,100,270.62,267.0,0,0.0,0.0,,0.0,1,14.24,22.35,SPY190628C00254000,254.0,normalDay
2019-02-12,799.0,-387.0,0.0,100,274.1,267.0,0,0.0,0.0,,0.0,1,14.24,25.21,SPY190628C00254000,254.0,normalDay
2019-02-13,799.0,-357.0,0.0,100,274.99,267.0,0,0.0,0.0,,0.0,1,14.24,25.8,SPY190628C00254000,254.0,normalDay
2019-02-14,799.0,-372.0,0.0,100,274.38,267.0,0,0.0,0.0,,0.0,1,14.24,25.34,SPY190628C00254000,254.0,normalDay
2019-02-15,799.0,-320.0,0.0,100,277.37,267.0,0,0.0,0.0,,0.0,1,14.24,27.81,SPY190628C00254000,254.0,normalDay
2019-02-19,799.0,-268.0,0.0,100,277.85,267.0,0,0.0,0.0,,0.0,1,14.24,27.77,SPY190628C00254000,254.0,normalDay
2019-02-20,799.0,-261.0,0.0,100,278.41,267.0,0,0.0,0.0,,0.0,1,14.24,28.26,SPY190628C00254000,254.0,normalDay
2019-02-21,799.0,-281.0,0.0,100,277.42,267.0,0,0.0,0.0,,0.0,1,14.24,27.47,SPY190628C00254000,254.0,normalDay
2019-02-22,799.0,-237.0,0.0,100,279.14,267.0,0,0.0,0.0,,0.0,1,14.24,28.75,SPY190628C00254000,254.0,normalDay
2019-02-25,799.0,-247.0,0.0,100,279.52,267.0,0,0.0,0.0,,0.0,1,14.24,29.23,SPY190628C00254000,254.0,normalDay
2019-02-26,799.0,-242.0,0.0,100,279.32,267.0,0,0.0,0.0,,0.0,1,14.24,28.98,SPY190628C00254000,254.0,normalDay
2019-02-27,799.0,-252.0,0.0,100,279.2,267.0,0,0.0,0.0,,0.0,1,14.24,28.96,SPY190628C00254000,254.0,normalDay
2019-02-28,799.0,-245.0,0.0,100,278.68,267.0,0,0.0,0.0,,0.0,1,14.24,28.37,SPY190628C00254000,254.0,normalDay
2019-03-01,799.0,-210.0,0.0,100,280.42,267.0,0,0.0,0.0,,0.0,1,14.24,29.76,SPY190628C00254000,254.0,normalDay
2019-03-04,799.0,-208.0,0.0,100,279.4,267.0,0,0.0,0.0,,0.0,1,14.24,28.72,SPY190628C00254000,254.0,normalDay
2019-03-05,799.0,-217.0,0.0,100,279.02,267.0,0,0.0,0.0,,0.0,1,14.24,28.43,SPY190628C00254000,254.0,normalDay
2019-03-06,799.0,-250.0,0.0,100,277.33,267.0,0,0.0,0.0,,0.0,1,14.24,27.07,SPY190628C00254000,254.0,normalDay
2019-03-07,799.0,-308.0,0.0,100,275.01,267.0,0,0.0,0.0,,0.0,1,14.24,25.33,SPY190628C00254000,254.0,normalDay
2019-03-08,799.0,-309.0,0.0,100,274.46,267.0,0,0.0,0.0,,0.0,1,14.24,24.79,SPY190628C00254000,254.0,normalDay
2019-03-11,799.0,-191.0,0.0,100,278.44,267.0,0,0.0,0.0,,0.0,1,14.24,27.59,SPY190628C00254000,254.0,normalDay
2019-03-12,799.0,-148.0,0.0,100,279.49,267.0,0,0.0,0.0,,0.0,1,14.24,28.21,SPY190628C00254000,254.0,normalDay
2019-03-13,799.0,-147.0,0.0,100,281.34,267.0,0,0.0,0.0,,0.0,1,14.24,30.05,SPY190628C00254000,254.0,normalDay
2019-03-14,799.0,-116.0,0.0,100,281.16,267.0,0,0.0,0.0,,0.0,1,14.24,29.56,SPY190628C00254000,254.0,normalDay
2019-03-15,799.0,-221.0,0.0,100,281.31,267.0,0,0.0,0.0,,0.0,1,14.24,30.76,SPY190628C00254000,254.0,normalDay
2019-03-18,799.0,-231.0,0.0,100,282.33,267.0,0,0.0,0.0,,0.0,1,14.24,31.88,SPY190628C00254000,254.0,normalDay
2019-03-19,799.0,-201.0,0.0,100,282.4,267.0,0,0.0,0.0,,0.0,1,14.24,31.65,SPY190628C00254000,254.0,normalDay
2019-03-20,799.0,-212.0,0.0,100,281.55,267.0,0,0.0,0.0,,0.0,1,14.24,30.91,SPY190628C00254000,254.0,normalDay
2019-03-21,799.0,-182.0,0.0,100,284.73,267.0,0,0.0,0.0,,0.0,1,14.24,33.79,SPY190628C00254000,254.0,normalDay
2019-03-22,799.0,-346.0,0.0,100,279.25,267.0,0,0.0,0.0,,0.0,1,14.24,29.95,SPY190628C00254000,254.0,normalDay
2019-03-25,799.0,-290.0,0.0,100,279.04,267.0,0,0.0,0.0,,0.0,1,14.24,29.18,SPY190628C00254000,254.0,normalDay
2019-03-26,799.0,-210.0,0.0,100,281.12,267.0,0,0.0,0.0,,0.0,1,14.24,30.46,SPY190628C00254000,254.0,normalDay
2019-03-27,799.0,-260.0,0.0,100,279.65,267.0,0,0.0,0.0,,0.0,1,14.24,29.49,SPY190628C00254000,254.0,normalDay
2019-03-28,799.0,-231.0,0.0,100,280.71,267.0,0,0.0,0.0,,0.0,1,14.24,30.26,SPY190628C00254000,254.0,normalDay
2019-03-29,799.0,-224.0,0.0,100,282.48,267.0,0,0.0,0.0,,0.0,1,14.24,31.96,SPY190628C00254000,254.0,normalDay
2019-04-01,799.0,-133.0,0.0,100,285.83,267.0,0,0.0,0.0,,0.0,1,14.24,34.4,SPY190628C00254000,254.0,normalDay
2019-04-02,799.0,-121.0,0.0,100,285.97,267.0,0,0.0,0.0,,0.0,1,14.24,34.42,SPY190628C00254000,254.0,normalDay
2019-04-03,799.0,-157.0,0.0,100,286.42,267.0,0,0.0,0.0,,0.0,1,14.24,35.23,SPY190628C00254000,254.0,normalDay
2019-04-04,799.0,-132.0,0.0,100,287.18,267.0,0,0.0,0.0,,0.0,1,14.24,35.74,SPY190628C00254000,254.0,normalDay
2019-04-05,799.0,-112.0,0.0,100,288.57,267.0,0,0.0,0.0,,0.0,1,14.24,36.93,SPY190628C00254000,254.0,normalDay
2019-04-08,799.0,-112.0,0.0,100,288.79,267.0,0,0.0,0.0,,0.0,1,14.24,37.15,SPY190628C00254000,254.0,normalDay
2019-04-09,799.0,-108.0,0.0,100,287.31,267.0,0,0.0,0.0,,0.0,1,14.24,35.63,SPY190628C00254000,254.0,normalDay
2019-04-10,799.0,-119.0,0.0,100,288.29,267.0,0,0.0,0.0,,0.0,1,14.24,36.72,SPY190628C00254000,254.0,normalDay
2019-04-11,799.0,-90.0,0.0,100,288.21,267.0,0,0.0,0.0,,0.0,1,14.24,36.35,SPY190628C00254000,254.0,normalDay
2019-04-12,799.0,-82.0,0.0,100,290.16,267.0,0,0.0,0.0,,0.0,1,14.24,38.22,SPY190628C00254000,254.0,normalDay
2019-04-15,799.0,-79.0,0.0,100,289.97,267.0,0,0.0,0.0,,0.0,1,14.24,38.0,SPY190628C00254000,254.0,normalDay
2019-04-16,799.0,-66.0,0.0,100,290.16,267.0,0,0.0,0.0,,0.0,1,14.24,38.06,SPY190628C00254000,254.0,normalDay
2019-04-17,799.0,-52.0,0.0,100,289.45,267.0,0,0.0,0.0,,0.0,1,14.24,37.21,SPY190628C00254000,254.0,normalDay
2019-04-18,799.0,-70.0,0.0,100,290.02,267.0,0,0.0,0.0,,0.0,1,14.24,37.96,SPY190628C00254000,254.0,normalDay
2019-04-22,799.0,-75.0,0.0,100,290.27,267.0,0,0.0,0.0,,0.0,1,14.24,38.26,SPY190628C00254000,254.0,normalDay
2019-04-23,799.0,-55.0,0.0,100,292.88,267.0,0,0.0,0.0,,0.0,1,14.24,40.67,SPY190628C00254000,254.0,normalDay
2019-04-24,799.0,-64.0,0.0,100,292.23,267.0,0,0.0,0.0,,0.0,1,14.24,40.11,SPY190628C00254000,254.0,normalDay
2019-04-25,799.0,-44.0,0.0,100,292.05,267.0,0,0.0,0.0,,0.0,1,14.24,39.73,SPY190628C00254000,254.0,normalDay
2019-04-26,799.0,-37.0,0.0,100,293.41,267.0,0,0.0,0.0,,0.0,1,14.24,41.02,SPY190628C00254000,254.0,normalDay
2019-04-29,799.0,-26.0,0.0,100,293.87,267.0,0,0.0,0.0,,0.0,1,14.24,41.37,SPY190628C00254000,254.0,normalDay
2019-04-30,799.0,-48.0,0.0,100,294.02,267.0,0,0.0,0.0,,0.0,1,14.24,41.74,SPY190628C00254000,254.0,normalDay
2019-05-01,799.0,-39.0,0.0,100,291.81,267.0,0,0.0,0.0,,0.0,1,14.24,39.44,SPY190628C00254000,254.0,normalDay
2019-05-02,799.0,-29.0,0.0,100,291.18,267.0,0,0.0,0.0,,0.0,1,14.24,38.71,SPY190628C00254000,254.0,normalDay
2019-05-03,799.0,-17.0,0.0,100,294.03,267.0,0,0.0,0.0,,0.0,1,14.24,41.44,SPY190628C00254000,254.0,normalDay
2019-05-06,799.0,-33.0,0.0,100,292.82,267.0,0,0.0,0.0,,0.0,1,14.24,40.39,SPY190628C00254000,254.0,normalDay
2019-05-07,799.0,-121.0,0.0,100,287.93,267.0,0,0.0,0.0,,0.0,1,14.24,36.38,SPY190628C00254000,254.0,normalDay
2019-05-08,799.0,-120.0,0.0,100,287.53,267.0,0,0.0,0.0,,0.0,1,14.24,35.97,SPY190628C00254000,254.0,normalDay
2019-05-09,799.0,-96.0,0.0,100,286.66,267.0,0,0.0,0.0,,0.0,1,14.24,34.86,SPY190628C00254000,254.0,normalDay
2019-05-10,799.0,-14.0,0.0,100,288.1,267.0,0,0.0,0.0,,0.0,1,14.24,35.48,SPY190628C00254000,254.0,normalDay
2019-05-13,799.0,-79.0,0.0,100,280.86,267.0,0,0.0,0.0,,0.0,1,14.24,28.89,SPY190628C00254000,254.0,normalDay
2019-05-14,799.0,-43.0,0.0,100,283.4,267.0,0,0.0,0.0,,0.0,1,14.24,31.07,SPY190628C00254000,254.0,normalDay
2019-05-15,799.0,-32.0,0.0,100,285.06,267.0,0,0.0,0.0,,0.0,1,14.24,32.62,SPY190628C00254000,254.0,normalDay
2019-05-16,799.0,9.0,0.0,100,287.7,267.0,0,0.0,0.0,,0.0,1,14.24,34.85,SPY190628C00254000,254.0,normalDay
2019-05-17,799.0,-15.0,0.0,100,285.84,267.0,0,0.0,0.0,,0.0,1,14.24,33.23,SPY190628C00254000,254.0,normalDay
2019-05-20,799.0,-20.0,0.0,100,283.95,267.0,0,0.0,0.0,,0.0,1,14.24,31.39,SPY190628C00254000,254.0,normalDay
2019-05-21,799.0,24.0,0.0,100,286.51,267.0,0,0.0,0.0,,0.0,1,14.24,33.51,SPY190628C00254000,254.0,normalDay
2019-05-22,799.0,24.0,0.0,100,285.63,267.0,0,0.0,0.0,,0.0,1,14.24,32.63,SPY190628C00254000,254.0,normalDay
2019-05-23,799.0,27.0,0.0,100,282.14,267.0,0,0.0,0.0,,0.0,1,14.24,29.11,SPY190628C00254000,254.0,normalDay
2019-05-24,799.0,9.0,0.0,100,282.78,267.0,0,0.0,0.0,,0.0,1,14.24,29.93,SPY190628C00254000,254.0,normalDay
2019-05-28,799.0,-6.0,0.0,100,280.15,267.0,0,0.0,0.0,,0.0,1,14.24,27.45,SPY190628C00254000,254.0,normalDay
2019-05-29,799.0,24.0,0.0,100,278.27,267.0,0,0.0,0.0,,0.0,1,14.24,25.27,SPY190628C00254000,254.0,normalDay
2019-05-30,799.0,36.0,0.0,100,279.03,267.0,0,0.0,0.0,,0.0,1,14.24,25.91,SPY190628C00254000,254.0,normalDay
2019-05-31,799.0,19.0,0.0,100,275.27,267.0,0,0.0,0.0,,0.0,1,14.24,22.32,SPY190628C00254000,254.0,normalDay
2019-06-03,799.0,-6.0,0.0,100,274.57,267.0,0,0.0,0.0,,0.0,1,14.24,21.87,SPY190628C00254000,254.0,normalDay
2019-06-04,799.0,62.0,0.0,100,280.53,267.0,0,0.0,0.0,,0.0,1,14.24,27.15,SPY190628C00254000,254.0,normalDay
2019-06-05,799.0,75.0,0.0,100,282.96,267.0,0,0.0,0.0,,0.0,1,14.24,29.45,SPY190628C00254000,254.0,normalDay
2019-06-06,799.0,84.0,0.0,100,284.8,267.0,0,0.0,0.0,,0.0,1,14.24,31.2,SPY190628C00254000,254.0,normalDay
2019-06-07,799.0,93.0,0.0,100,287.65,267.0,0,0.0,0.0,,0.0,1,14.24,33.96,SPY190628C00254000,254.0,normalDay
2019-06-10,799.0,90.0,0.0,100,288.97,267.0,0,0.0,0.0,,0.0,1,14.24,35.31,SPY190628C00254000,254.0,normalDay
2019-06-11,799.0,102.0,0.0,100,288.9,267.0,0,0.0,0.0,,0.0,1,14.24,35.12,SPY190628C00254000,254.0,normalDay
2019-06-12,799.0,93.0,0.0,100,288.39,267.0,0,0.0,0.0,,0.0,1,14.24,34.7,SPY190628C00254000,254.0,normalDay
2019-06-13,799.0,93.0,0.0,100,289.58,267.0,0,0.0,0.0,,0.0,1,14.24,35.89,SPY190628C00254000,254.0,normalDay
2019-06-14,799.0,79.0,0.0,100,289.26,267.0,0,0.0,0.0,,0.0,1,14.24,35.71,SPY190628C00254000,254.0,normalDay
2019-06-17,799.0,89.0,0.0,100,289.37,267.0,0,0.0,0.0,,0.0,1,14.24,35.72,SPY190628C00254000,254.0,normalDay
2019-06-18,799.0,102.0,0.0,100,292.4,267.0,0,0.0,0.0,,0.0,1,14.24,38.62,SPY190628C00254000,254.0,normalDay
2019-06-19,799.0,91.0,0.0,100,293.06,267.0,0,0.0,0.0,,0.0,1,14.24,39.39,SPY190628C00254000,254.0,normalDay
2019-06-20,799.0,102.0,0.0,100,295.86,267.0,0,0.0,0.0,,0.0,1,14.24,42.08,SPY190628C00254000,254.0,normalDay
2019-06-21,799.0,88.0,0.0,100,294.0,267.0,0,0.0,0.0,,0.0,1,14.24,40.36,SPY190628C00254000,254.0,normalDay
2019-06-24,799.0,94.0,0.0,100,293.64,267.0,0,0.0,0.0,,0.0,1,14.24,39.94,SPY190628C00254000,254.0,normalDay
2019-06-25,799.0,94.0,0.0,100,290.76,267.0,0,0.0,0.0,,0.0,1,14.24,37.06,SPY190628C00254000,254.0,normalDay
2019-06-26,799.0,119.0,0.0,100,290.47,267.0,0,0.0,0.0,,0.0,1,14.24,36.52,SPY190628C00254000,254.0,normalDay
2019-06-27,799.0,79.0,0.0,100,291.5,267.0,0,0.0,0.0,,0.0,1,14.24,37.95,SPY190628C00254000,254.0,normalDay
2019-06-28,923.0,79.0,124.0,0,293.0,0.0,0,0.0,0.0,,0.0,1,14.24,0.0,SPY190628C00254000,254.0,expirationDay
2019-07-01,923.0,-4.0,0.0,0,295.66,0.0,1,1.63,1.67,SPY190802P00286000,286.0,0,0.0,0.0,,0.0,normalDay
2019-07-02,923.0,35.0,0.0,0,296.43,0.0,1,1.63,1.28,SPY190802P00286000,286.0,0,0.0,0.0,,0.0,normalDay
2019-07-03,923.0,71.0,0.0,0,298.8,0.0,1,1.63,0.92,SPY190802P00286000,286.0,0,0.0,0.0,,0.0,normalDay
2019-07-05,923.0,64.0,0.0,0,298.46,0.0,1,1.63,0.99,SPY190802P00286000,286.0,0,0.0,0.0,,0.0,normalDay
2019-07-08,923.0,50.0,0.0,0,296.82,0.0,1,1.63,1.13,SPY190802P00286000,286.0,0,0.0,0.0,,0.0,normalDay
2019-07-09,923.0,49.0,0.0,0,297.19,0.0,1,1.63,1.14,SPY190802P00286000,286.0,0,0.0,0.0,,0.0,normalDay
2019-07-10,923.0,88.0,0.0,0,298.61,0.0,1,1.63,0.75,SPY190802P00286000,286.0,0,0.0,0.0,,0.0,normalDay
2019-07-11,923.0,95.0,0.0,0,299.31,0.0,1,1.63,0.68,SPY190802P00286000,286.0,0,0.0,0.0,,0.0,normalDay
2019-07-12,923.0,111.0,0.0,0,300.65,0.0,1,1.63,0.52,SPY190802P00286000,286.0,0,0.0,0.0,,0.0,normalDay
2019-07-15,923.0,114.0,0.0,0,300.75,0.0,1,1.63,0.49,SPY190802P00286000,286.0,0,0.0,0.0,,0.0,normalDay
2019-07-16,923.0,109.0,0.0,0,299.78,0.0,1,1.63,0.54,SPY190802P00286000,286.0,0,0.0,0.0,,0.0,normalDay
2019-07-17,923.0,89.0,0.0,0,297.74,0.0,1,1.63,0.74,SPY190802P00286000,286.0,0,0.0,0.0,,0.0,normalDay
2019-07-18,923.0,106.0,0.0,0,298.83,0.0,1,1.63,0.57,SPY190802P00286000,286.0,0,0.0,0.0,,0.0,normalDay
2019-07-19,923.0,95.0,0.0,0,297.17,0.0,1,1.63,0.68,SPY190802P00286000,286.0,0,0.0,0.0,,0.0,normalDay
2019-07-22,923.0,123.0,0.0,0,297.9,0.0,1,1.63,0.4,SPY190802P00286000,286.0,0,0.0,0.0,,0.0,normalDay
2019-07-23,923.0,141.0,0.0,0,300.03,0.0,1,1.63,0.22,SPY190802P00286000,286.0,0,0.0,0.0,,0.0,normalDay
2019-07-24,923.0,150.0,0.0,0,301.44,0.0,1,1.63,0.13,SPY190802P00286000,286.0,0,0.0,0.0,,0.0,normalDay
2019-07-25,923.0,151.0,0.0,0,300.0,0.0,1,1.63,0.12,SPY190802P00286000,286.0,0,0.0,0.0,,0.0,normalDay
2019-07-26,923.0,158.0,0.0,0,302.01,0.0,1,1.63,0.05,SPY190802P00286000,286.0,0,0.0,0.0,,0.0,normalDay
2019-07-29,923.0,158.0,0.0,0,301.46,0.0,1,1.63,0.05,SPY190802P00286000,286.0,0,0.0,0.0,,0.0,normalDay
2019-07-30,923.0,157.0,0.0,0,300.72,0.0,1,1.63,0.06,SPY190802P00286000,286.0,0,0.0,0.0,,0.0,normalDay
2019-07-31,923.0,143.0,0.0,0,297.43,0.0,1,1.63,0.2,SPY190802P00286000,286.0,0,0.0,0.0,,0.0,normalDay
2019-08-01,923.0,156.0,0.0,0,294.84,0.0,1,1.63,0.07,SPY190802P00286000,286.0,0,0.0,0.0,,0.0,normalDay
2019-08-02,1086.0,0.0,163.0,0,292.62,0.0,1,1.63,0.0,SPY190802P00286000,286.0,0,0.0,0.0,,0.0,expirationDay
2019-08-05,1086.0,-27.0,0.0,0,283.82,0.0,1,12.26,12.53,SPY190906P00294000,294.0,0,0.0,0.0,,0.0,normalDay
2019-08-06,1086.0,370.0,0.0,0,287.8,0.0,1,12.26,8.56,SPY190906P00294000,294.0,0,0.0,0.0,,0.0,normalDay
2019-08-07,1086.0,395.0,0.0,0,287.97,0.0,1,12.26,8.31,SPY190906P00294000,294.0,0,0.0,0.0,,0.0,normalDay
2019-08-08,1086.0,751.0,0.0,0,293.62,0.0,1,12.26,4.75,SPY190906P00294000,294.0,0,0.0,0.0,,0.0,normalDay
2019-08-09,1086.0,652.0,0.0,0,291.62,0.0,1,12.26,5.74,SPY190906P00294000,294.0,0,0.0,0.0,,0.0,normalDay
2019-08-12,1086.0,386.0,0.0,0,288.07,0.0,1,12.26,8.4,SPY190906P00294000,294.0,0,0.0,0.0,,0.0,normalDay
2019-08-13,1086.0,719.0,0.0,0,292.55,0.0,1,12.26,5.07,SPY190906P00294000,294.0,0,0.0,0.0,,0.0,normalDay
2019-08-14,1086.0,120.0,0.0,0,283.9,0.0,1,12.26,11.06,SPY190906P00294000,294.0,0,0.0,0.0,,0.0,normalDay
2019-08-15,1086.0,198.0,0.0,0,284.65,0.0,1,12.26,10.28,SPY190906P00294000,294.0,0,0.0,0.0,,0.0,normalDay
2019-08-16,1086.0,526.0,0.0,0,288.85,0.0,1,12.26,7.0,SPY190906P00294000,294.0,0,0.0,0.0,,0.0,normalDay
2019-08-19,1086.0,782.0,0.0,0,292.33,0.0,1,12.26,4.44,SPY190906P00294000,294.0,0,0.0,0.0,,0.0,normalDay
2019-08-20,1086.0,643.0,0.0,0,290.09,0.0,1,12.26,5.83,SPY190906P00294000,294.0,0,0.0,0.0,,0.0,normalDay
2019-08-21,1086.0,840.0,0.0,0,292.45,0.0,1,12.26,3.86,SPY190906P00294000,294.0,0,0.0,0.0,,0.0,normalDay
2019-08-22,1086.0,813.0,0.0,0,292.36,0.0,1,12.26,4.13,SPY190906P00294000,294.0,0,0.0,0.0,,0.0,normalDay
2019-08-23,1086.0,312.0,0.0,0,284.85,0.0,1,12.26,9.14,SPY190906P00294000,294.0,0,0.0,0.0,,0.0,normalDay
2019-08-26,1086.0,558.0,0.0,0,288.0,0.0,1,12.26,6.68,SPY190906P00294000,294.0,0,0.0,0.0,,0.0,normalDay
2019-08-27,1086.0,452.0,0.0,0,286.87,0.0,1,12.26,7.74,SPY190906P00294000,294.0,0,0.0,0.0,,0.0,normalDay
2019-08-28,1086.0,644.0,0.0,0,288.89,0.0,1,12.26,5.82,SPY190906P00294000,294.0,0,0.0,0.0,,0.0,normalDay
2019-08-29,1086.0,905.0,0.0,0,292.58,0.0,1,12.26,3.21,SPY190906P00294000,294.0,0,0.0,0.0,,0.0,normalDay
2019-08-30,1086.0,886.0,0.0,0,292.45,0.0,1,12.26,3.4,SPY190906P00294000,294.0,0,0.0,0.0,,0.0,normalDay
2019-09-03,1086.0,834.0,0.0,0,290.74,0.0,1,12.26,3.92,SPY190906P00294000,294.0,0,0.0,0.0,,0.0,normalDay
2019-09-04,1086.0,1090.0,0.0,0,294.04,0.0,1,12.26,1.36,SPY190906P00294000,294.0,0,0.0,0.0,,0.0,normalDay
2019-09-05,1086.0,1206.0,0.0,0,297.82,0.0,1,12.26,0.2,SPY190906P00294000,294.0,0,0.0,0.0,,0.0,normalDay
2019-09-06,2312.0,0.0,1226.0,0,298.05,0.0,1,12.26,0.0,SPY190906P00294000,294.0,0,0.0,0.0,,0.0,expirationDay
2019-09-09,2312.0,-4.0,0.0,0,298.2,0.0,1,2.06,2.1,SPY191011P00287000,287.0,0,0.0,0.0,,0.0,normalDay
2019-09-10,2312.0,2.0,0.0,0,298.13,0.0,1,2.06,2.04,SPY191011P00287000,287.0,0,0.0,0.0,,0.0,normalDay
2019-09-11,2312.0,54.0,0.0,0,300.25,0.0,1,2.06,1.52,SPY191011P00287000,287.0,0,0.0,0.0,,0.0,normalDay
2019-09-12,2312.0,81.0,0.0,0,301.29,0.0,1,2.06,1.25,SPY191011P00287000,287.0,0,0.0,0.0,,0.0,normalDay
2019-09-13,2312.0,93.0,0.0,0,301.09,0.0,1,2.06,1.13,SPY191011P00287000,287.0,0,0.0,0.0,,0.0,normalDay
2019-09-16,2312.0,83.0,0.0,0,300.16,0.0,1,2.06,1.23,SPY191011P00287000,287.0,0,0.0,0.0,,0.0,normalDay
2019-09-17,2312.0,98.0,0.0,0,300.92,0.0,1,2.06,1.08,SPY191011P00287000,287.0,0,0.0,0.0,,0.0,normalDay
2019-09-18,2312.0,114.0,0.0,0,301.1,0.0,1,2.06,0.92,SPY191011P00287000,287.0,0,0.0,0.0,,0.0,normalDay
2019-09-19,2312.0,116.0,0.0,0,301.08,0.0,1,2.06,0.9,SPY191011P00287000,287.0,0,0.0,0.0,,0.0,normalDay
2019-09-20,2312.0,84.0,0.0,0,298.28,0.0,1,2.06,1.22,SPY191011P00287000,287.0,0,0.0,0.0,,0.0,normalDay
2019-09-23,2312.0,111.0,0.0,0,298.21,0.0,1,2.06,0.95,SPY191011P00287000,287.0,0,0.0,0.0,,0.0,normalDay
2019-09-24,2312.0,53.0,0.0,0,295.87,0.0,1,2.06,1.53,SPY191011P00287000,287.0,0,0.0,0.0,,0.0,normalDay
2019-09-25,2312.0,100.0,0.0,0,297.62,0.0,1,2.06,1.06,SPY191011P00287000,287.0,0,0.0,0.0,,0.0,normalDay
2019-09-26,2312.0,108.0,0.0,0,297.0,0.0,1,2.06,0.98,SPY191011P00287000,287.0,0,0.0,0.0,,0.0,normalDay
2019-09-27,2312.0,73.0,0.0,0,295.4,0.0,1,2.06,1.33,SPY191011P00287000,287.0,0,0.0,0.0,,0.0,normalDay
2019-09-30,2312.0,131.0,0.0,0,296.77,0.0,1,2.06,0.75,SPY191011P00287000,287.0,0,0.0,0.0,,0.0,normalDay
2019-10-01,2312.0,50.0,0.0,0,293.24,0.0,1,2.06,1.56,SPY191011P00287000,287.0,0,0.0,0.0,,0.0,normalDay
2019-10-02,2312.0,-141.0,0.0,0,288.06,0.0,1,2.06,3.47,SPY191011P00287000,287.0,0,0.0,0.0,,0.0,normalDay
2019-10-03,2312.0,1.0,0.0,0,290.42,0.0,1,2.06,2.05,SPY191011P00287000,287.0,0,0.0,0.0,,0.0,normalDay
2019-10-04,2312.0,135.0,0.0,0,294.35,0.0,1,2.06,0.71,SPY191011P00287000,287.0,0,0.0,0.0,,0.0,normalDay
2019-10-07,2312.0,138.0,0.0,0,293.08,0.0,1,2.06,0.68,SPY191011P00287000,287.0,0,0.0,0.0,,0.0,normalDay
2019-10-08,2312.0,27.0,0.0,0,288.53,0.0,1,2.06,1.79,SPY191011P00287000,287.0,0,0.0,0.0,,0.0,normalDay
2019-10-09,2312.0,141.0,0.0,0,291.27,0.0,1,2.06,0.65,SPY191011P00287000,287.0,0,0.0,0.0,,0.0,normalDay
2019-10-10,2312.0,187.0,0.0,0,293.24,0.0,1,2.06,0.19,SPY191011P00287000,287.0,0,0.0,0.0,,0.0,normalDay
2019-10-11,2518.0,0.0,206.0,0,296.28,0.0,1,2.06,0.0,SPY191011P00287000,287.0,0,0.0,0.0,,0.0,expirationDay
2019-10-14,2518.0,-3.0,0.0,0,295.95,0.0,1,3.0,3.03,SPY191115P00291000,291.0,0,0.0,0.0,,0.0,normalDay
2019-10-15,2518.0,103.0,0.0,0,298.88,0.0,1,3.0,1.97,SPY191115P00291000,291.0,0,0.0,0.0,,0.0,normalDay
2019-10-16,2518.0,100.0,0.0,0,298.4,0.0,1,3.0,2.0,SPY191115P00291000,291.0,0,0.0,0.0,,0.0,normalDay
2019-10-17,2518.0,118.0,0.0,0,299.28,0.0,1,3.0,1.82,SPY191115P00291000,291.0,0,0.0,0.0,,0.0,normalDay
2019-10-18,2518.0,96.0,0.0,0,297.97,0.0,1,3.0,2.04,SPY191115P00291000,291.0,0,0.0,0.0,,0.0,normalDay
2019-10-21,2518.0,160.0,0.0,0,299.99,0.0,1,3.0,1.4,SPY191115P00291000,291.0,0,0.0,0.0,,0.0,normalDay
2019-10-22,2518.0,141.0,0.0,0,299.01,0.0,1,3.0,1.59,SPY191115P00291000,291.0,0,0.0,0.0,,0.0,normalDay
2019-10-23,2518.0,174.0,0.0,0,299.88,0.0,1,3.0,1.26,SPY191115P00291000,291.0,0,0.0,0.0,,0.0,normalDay
2019-10-24,2518.0,190.0,0.0,0,300.37,0.0,1,3.0,1.1,SPY191115P00291000,291.0,0,0.0,0.0,,0.0,normalDay
2019-10-25,2518.0,225.0,0.0,0,301.6,0.0,1,3.0,0.75,SPY191115P00291000,291.0,0,0.0,0.0,,0.0,normalDay
2019-10-28,2518.0,245.0,0.0,0,303.3,0.0,1,3.0,0.55,SPY191115P00291000,291.0,0,0.0,0.0,,0.0,normalDay
2019-10-29,2518.0,247.0,0.0,0,303.21,0.0,1,3.0,0.53,SPY191115P00291000,291.0,0,0.0,0.0,,0.0,normalDay
2019-10-30,2518.0,264.0,0.0,0,304.14,0.0,1,3.0,0.36,SPY191115P00291000,291.0,0,0.0,0.0,,0.0,normalDay
2019-10-31,2518.0,252.0,0.0,0,303.33,0.0,1,3.0,0.48,SPY191115P00291000,291.0,0,0.0,0.0,,0.0,normalDay
2019-11-01,2518.0,279.0,0.0,0,306.14,0.0,1,3.0,0.21,SPY191115P00291000,291.0,0,0.0,0.0,,0.0,normalDay
2019-11-04,2518.0,285.0,0.0,0,307.37,0.0,1,3.0,0.15,SPY191115P00291000,291.0,0,0.0,0.0,,0.0,normalDay
2019-11-05,2518.0,287.0,0.0,0,307.03,0.0,1,3.0,0.13,SPY191115P00291000,291.0,0,0.0,0.0,,0.0,normalDay
2019-11-06,2518.0,293.0,0.0,0,307.1,0.0,1,3.0,0.07,SPY191115P00291000,291.0,0,0.0,0.0,,0.0,normalDay
2019-11-07,2518.0,295.0,0.0,0,308.18,0.0,1,3.0,0.05,SPY191115P00291000,291.0,0,0.0,0.0,,0.0,normalDay
2019-11-08,2518.0,297.0,0.0,0,308.94,0.0,1,3.0,0.03,SPY191115P00291000,291.0,0,0.0,0.0,,0.0,normalDay
2019-11-11,2518.0,298.0,0.0,0,308.35,0.0,1,3.0,0.02,SPY191115P00291000,291.0,0,0.0,0.0,,0.0,normalDay
2019-11-12,2518.0,298.0,0.0,0,309.0,0.0,1,3.0,0.02,SPY191115P00291000,291.0,0,0.0,0.0,,0.0,normalDay
2019-11-13,2518.0,298.0,0.0,0,309.1,0.0,1,3.0,0.02,SPY191115P00291000,291.0,0,0.0,0.0,,0.0,normalDay
2019-11-14,2518.0,299.0,0.0,0,309.55,0.0,1,3.0,0.01,SPY191115P00291000,291.0,0,0.0,0.0,,0.0,normalDay
2019-11-15,2818.0,0.0,300.0,0,311.79,0.0,1,3.0,0.0,SPY191115P00291000,291.0,0,0.0,0.0,,0.0,expirationDay
2019-11-18,2818.0,-3.0,0.0,0,312.02,0.0,1,1.73,1.76,SPY191220P00302000,302.0,0,0.0,0.0,,0.0,normalDay
2019-11-19,2818.0,-11.0,0.0,0,311.93,0.0,1,1.73,1.84,SPY191220P00302000,302.0,0,0.0,0.0,,0.0,normalDay
2019-11-20,2818.0,-29.0,0.0,0,310.77,0.0,1,1.73,2.02,SPY191220P00302000,302.0,0,0.0,0.0,,0.0,normalDay
2019-11-21,2818.0,-38.0,0.0,0,310.27,0.0,1,1.73,2.11,SPY191220P00302000,302.0,0,0.0,0.0,,0.0,normalDay
2019-11-22,2818.0,-3.0,0.0,0,310.96,0.0,1,1.73,1.76,SPY191220P00302000,302.0,0,0.0,0.0,,0.0,normalDay
2019-11-25,2818.0,56.0,0.0,0,313.37,0.0,1,1.73,1.17,SPY191220P00302000,302.0,0,0.0,0.0,,0.0,normalDay
2019-11-26,2818.0,77.0,0.0,0,314.08,0.0,1,1.73,0.96,SPY191220P00302000,302.0,0,0.0,0.0,,0.0,normalDay
2019-11-27,2818.0,93.0,0.0,0,315.48,0.0,1,1.73,0.8,SPY191220P00302000,302.0,0,0.0,0.0,,0.0,normalDay
2019-11-29,2818.0,73.0,0.0,0,314.31,0.0,1,1.73,1.0,SPY191220P00302000,302.0,0,0.0,0.0,,0.0,normalDay
2019-12-02,2818.0,11.0,0.0,0,311.64,0.0,1,1.73,1.62,SPY191220P00302000,302.0,0,0.0,0.0,,0.0,normalDay
2019-12-03,2818.0,-48.0,0.0,0,309.55,0.0,1,1.73,2.21,SPY191220P00302000,302.0,0,0.0,0.0,,0.0,normalDay
2019-12-04,2818.0,14.0,0.0,0,311.46,0.0,1,1.73,1.59,SPY191220P00302000,302.0,0,0.0,0.0,,0.0,normalDay
2019-12-05,2818.0,47.0,0.0,0,312.02,0.0,1,1.73,1.26,SPY191220P00302000,302.0,0,0.0,0.0,,0.0,normalDay
2019-12-06,2818.0,102.0,0.0,0,314.87,0.0,1,1.73,0.71,SPY191220P00302000,302.0,0,0.0,0.0,,0.0,normalDay
2019-12-09,2818.0,78.0,0.0,0,313.88,0.0,1,1.73,0.95,SPY191220P00302000,302.0,0,0.0,0.0,,0.0,normalDay
2019-12-10,2818.0,94.0,0.0,0,313.53,0.0,1,1.73,0.79,SPY191220P00302000,302.0,0,0.0,0.0,,0.0,normalDay
2019-12-11,2818.0,116.0,0.0,0,314.42,0.0,1,1.73,0.57,SPY191220P00302000,302.0,0,0.0,0.0,,0.0,normalDay
2019-12-12,2818.0,138.0,0.0,0,317.13,0.0,1,1.73,0.35,SPY191220P00302000,302.0,0,0.0,0.0,,0.0,normalDay
2019-12-13,2818.0,150.0,0.0,0,317.32,0.0,1,1.73,0.23,SPY191220P00302000,302.0,0,0.0,0.0,,0.0,normalDay
2019-12-16,2818.0,163.0,0.0,0,319.5,0.0,1,1.73,0.1,SPY191220P00302000,302.0,0,0.0,0.0,,0.0,normalDay
2019-12-17,2818.0,167.0,0.0,0,319.57,0.0,1,1.73,0.06,SPY191220P00302000,302.0,0,0.0,0.0,,0.0,normalDay
2019-12-18,2818.0,169.0,0.0,0,319.59,0.0,1,1.73,0.04,SPY191220P00302000,302.0,0,0.0,0.0,,0.0,normalDay
2019-12-19,2818.0,170.0,0.0,0,320.9,0.0,1,1.73,0.03,SPY191220P00302000,302.0,0,0.0,0.0,,0.0,normalDay
2019-12-20,2991.0,0.0,173.0,0,320.73,0.0,1,1.73,0.0,SPY191220P00302000,302.0,0,0.0,0.0,,0.0,expirationDay
2019-12-23,2991.0,-5.0,0.0,0,321.22,0.0,1,1.55,1.6,SPY200124P00312000,312.0,0,0.0,0.0,,0.0,normalDay
2019-12-24,2991.0,-1.0,0.0,0,321.23,0.0,1,1.55,1.56,SPY200124P00312000,312.0,0,0.0,0.0,,0.0,normalDay
2019-12-26,2991.0,29.0,0.0,0,322.94,0.0,1,1.55,1.26,SPY200124P00312000,312.0,0,0.0,0.0,,0.0,normalDay
2019-12-27,2991.0,14.0,0.0,0,322.86,0.0,1,1.55,1.41,SPY200124P00312000,312.0,0,0.0,0.0,,0.0,normalDay
2019-12-30,2991.0,-19.0,0.0,0,321.08,0.0,1,1.55,1.74,SPY200124P00312000,312.0,0,0.0,0.0,,0.0,normalDay
2019-12-31,2991.0,22.0,0.0,0,321.86,0.0,1,1.55,1.33,SPY200124P00312000,312.0,0,0.0,0.0,,0.0,normalDay
2020-01-02,2991.0,81.0,0.0,0,324.87,0.0,1,1.55,0.74,SPY200124P00312000,312.0,0,0.0,0.0,,0.0,normalDay
2020-01-03,2991.0,34.0,0.0,0,322.41,0.0,1,1.55,1.21,SPY200124P00312000,312.0,0,0.0,0.0,,0.0,normalDay
2020-01-06,2991.0,76.0,0.0,0,323.64,0.0,1,1.55,0.79,SPY200124P00312000,312.0,0,0.0,0.0,,0.0,normalDay
2020-01-07,2991.0,68.0,0.0,0,322.73,0.0,1,1.55,0.87,SPY200124P00312000,312.0,0,0.0,0.0,,0.0,normalDay
2020-01-08,2991.0,93.0,0.0,0,324.45,0.0,1,1.55,0.62,SPY200124P00312000,312.0,0,0.0,0.0,,0.0,normalDay
2020-01-09,2991.0,118.0,0.0,0,326.65,0.0,1,1.55,0.37,SPY200124P00312000,312.0,0,0.0,0.0,,0.0,normalDay
2020-01-10,2991.0,121.0,0.0,0,325.71,0.0,1,1.55,0.34,SPY200124P00312000,312.0,0,0.0,0.0,,0.0,normalDay
2020-01-13,2991.0,141.0,0.0,0,327.95,0.0,1,1.55,0.14,SPY200124P00312000,312.0,0,0.0,0.0,,0.0,normalDay
2020-01-14,2991.0,142.0,0.0,0,327.45,0.0,1,1.55,0.13,SPY200124P00312000,312.0,0,0.0,0.0,,0.0,normalDay
2020-01-15,2991.0,146.0,0.0,0,328.19,0.0,1,1.55,0.09,SPY200124P00312000,312.0,0,0.0,0.0,,0.0,normalDay
2020-01-16,2991.0,148.0,0.0,0,330.92,0.0,1,1.55,0.07,SPY200124P00312000,312.0,0,0.0,0.0,,0.0,normalDay
2020-01-17,2991.0,152.0,0.0,0,331.95,0.0,1,1.55,0.03,SPY200124P00312000,312.0,0,0.0,0.0,,0.0,normalDay
2020-01-21,2991.0,153.0,0.0,0,331.3,0.0,1,1.55,0.02,SPY200124P00312000,312.0,0,0.0,0.0,,0.0,normalDay
2020-01-22,2991.0,154.0,0.0,0,331.34,0.0,1,1.55,0.01,SPY200124P00312000,312.0,0,0.0,0.0,,0.0,normalDay
2020-01-23,2991.0,154.0,0.0,0,331.72,0.0,1,1.55,0.01,SPY200124P00312000,312.0,0,0.0,0.0,,0.0,normalDay
2020-01-24,3146.0,0.0,155.0,0,328.77,0.0,1,1.55,0.0,SPY200124P00312000,312.0,0,0.0,0.0,,0.0,expirationDay
2020-01-27,3146.0,-5.0,0.0,0,323.5,0.0,1,5.83,5.88,SPY200228P00323000,323.0,0,0.0,0.0,,0.0,normalDay
2020-01-28,3146.0,185.0,0.0,0,326.89,0.0,1,5.83,3.98,SPY200228P00323000,323.0,0,0.0,0.0,,0.0,normalDay
2020-01-29,3146.0,177.0,0.0,0,326.62,0.0,1,5.83,4.06,SPY200228P00323000,323.0,0,0.0,0.0,,0.0,normalDay
2020-01-30,3146.0,266.0,0.0,0,327.68,0.0,1,5.83,3.17,SPY200228P00323000,323.0,0,0.0,0.0,,0.0,normalDay
2020-01-31,3146.0,-21.0,0.0,0,321.73,0.0,1,5.83,6.04,SPY200228P00323000,323.0,0,0.0,0.0,,0.0,normalDay
2020-02-03,3146.0,93.0,0.0,0,324.12,0.0,1,5.83,4.9,SPY200228P00323000,323.0,0,0.0,0.0,,0.0,normalDay
2020-02-04,3146.0,327.0,0.0,0,329.06,0.0,1,5.83,2.56,SPY200228P00323000,323.0,0,0.0,0.0,,0.0,normalDay
2020-02-05,3146.0,431.0,0.0,0,332.86,0.0,1,5.83,1.52,SPY200228P00323000,323.0,0,0.0,0.0,,0.0,normalDay
2020-02-06,3146.0,449.0,0.0,0,333.98,0.0,1,5.83,1.34,SPY200228P00323000,323.0,0,0.0,0.0,,0.0,normalDay
2020-02-07,3146.0,421.0,0.0,0,332.2,0.0,1,5.83,1.62,SPY200228P00323000,323.0,0,0.0,0.0,,0.0,normalDay
2020-02-10,3146.0,482.0,0.0,0,334.68,0.0,1,5.83,1.01,SPY200228P00323000,323.0,0,0.0,0.0,,0.0,normalDay
2020-02-11,3146.0,491.0,0.0,0,335.26,0.0,1,5.83,0.92,SPY200228P00323000,323.0,0,0.0,0.0,,0.0,normalDay
2020-02-12,3146.0,530.0,0.0,0,337.42,0.0,1,5.83,0.53,SPY200228P00323000,323.0,0,0.0,0.0,,0.0,normalDay
2020-02-13,3146.0,528.0,0.0,0,337.06,0.0,1,5.83,0.55,SPY200228P00323000,323.0,0,0.0,0.0,,0.0,normalDay
2020-02-14,3146.0,544.0,0.0,0,337.6,0.0,1,5.83,0.39,SPY200228P00323000,323.0,0,0.0,0.0,,0.0,normalDay
2020-02-18,3146.0,548.0,0.0,0,336.73,0.0,1,5.83,0.35,SPY200228P00323000,323.0,0,0.0,0.0,,0.0,normalDay
2020-02-19,3146.0,565.0,0.0,0,338.34,0.0,1,5.83,0.18,SPY200228P00323000,323.0,0,0.0,0.0,,0.0,normalDay
2020-02-20,3146.0,561.0,0.0,0,336.95,0.0,1,5.83,0.22,SPY200228P00323000,323.0,0,0.0,0.0,,0.0,normalDay
2020-02-21,3146.0,543.0,0.0,0,333.48,0.0,1,5.83,0.4,SPY200228P00323000,323.0,0,0.0,0.0,,0.0,normalDay
2020-02-24,3146.0,124.0,0.0,0,322.42,0.0,1,5.83,4.59,SPY200228P00323000,323.0,0,0.0,0.0,,0.0,normalDay
2020-02-25,3146.0,-472.0,0.0,0,312.65,0.0,1,5.83,10.55,SPY200228P00323000,323.0,0,0.0,0.0,,0.0,normalDay
2020-02-26,3146.0,-618.0,0.0,0,311.5,0.0,1,5.83,12.01,SPY200228P00323000,323.0,0,0.0,0.0,,0.0,normalDay
2020-02-27,3146.0,-1998.0,0.0,0,297.51,0.0,1,5.83,25.81,SPY200228P00323000,323.0,0,0.0,0.0,,0.0,normalDay
2020-02-28,3729.0,-2674.0,583.0,100,296.26,323.0,1,5.83,0.0,SPY200228P00323000,323.0,0,0.0,0.0,,0.0,expirationDay
2020-03-02,3729.0,-1427.0,0.0,100,309.09,323.0,0,0.0,0.0,,0.0,1,8.51,8.87,SPY201016C00328000,328.0,normalDay
2020-03-03,3729.0,-2083.0,0.0,100,300.24,323.0,0,0.0,0.0,,0.0,1,8.51,6.58,SPY201016C00328000,328.0,normalDay
2020-03-04,3729.0,-1195.0,0.0,100,312.86,323.0,0,0.0,0.0,,0.0,1,8.51,10.32,SPY201016C00328000,328.0,normalDay
2020-03-05,3729.0,-2008.0,0.0,100,302.46,323.0,0,0.0,0.0,,0.0,1,8.51,8.05,SPY201016C00328000,328.0,normalDay
2020-03-06,3729.0,-2490.0,0.0,100,297.46,323.0,0,0.0,0.0,,0.0,1,8.51,7.87,SPY201016C00328000,328.0,normalDay
2020-03-09,3729.0,-4393.0,0.0,100,274.23,323.0,0,0.0,0.0,,0.0,1,8.51,3.67,SPY201016C00328000,328.0,normalDay
2020-03-10,3729.0,-3175.0,0.0,100,288.42,323.0,0,0.0,0.0,,0.0,1,8.51,5.68,SPY201016C00328000,328.0,normalDay
2020-03-11,3729.0,-4361.0,0.0,100,274.36,323.0,0,0.0,0.0,,0.0,1,8.51,3.48,SPY201016C00328000,328.0,normalDay
2020-03-12,3729.0,-6915.0,0.0,100,248.11,323.0,0,0.0,0.0,,0.0,1,8.51,2.77,SPY201016C00328000,328.0,normalDay
2020-03-13,3729.0,-4895.0,0.0,100,269.32,323.0,0,0.0,0.0,,0.0,1,8.51,3.78,SPY201016C00328000,328.0,normalDay
2020-03-16,3729.0,-7716.0,0.0,100,239.85,323.0,0,0.0,0.0,,0.0,1,8.51,2.52,SPY201016C00328000,328.0,normalDay
2020-03-17,3729.0,-6380.0,0.0,100,252.8,323.0,0,0.0,0.0,,0.0,1,8.51,2.11,SPY201016C00328000,328.0,normalDay
2020-03-18,3729.0,-7630.0,0.0,100,240.0,323.0,0,0.0,0.0,,0.0,1,8.51,1.81,SPY201016C00328000,328.0,normalDay
2020-03-19,3729.0,-7528.0,0.0,100,240.51,323.0,0,0.0,0.0,,0.0,1,8.51,1.3,SPY201016C00328000,328.0,normalDay
2020-03-20,3729.0,-8630.0,0.0,100,228.8,323.0,0,0.0,0.0,,0.0,1,8.51,0.61,SPY201016C00328000,328.0,normalDay
2020-03-23,3729.0,-9227.0,0.0,100,222.95,323.0,0,0.0,0.0,,0.0,1,8.51,0.73,SPY201016C00328000,328.0,normalDay
2020-03-24,3729.0,-7262.0,0.0,100,243.15,323.0,0,0.0,0.0,,0.0,1,8.51,1.28,SPY201016C00328000,328.0,normalDay
2020-03-25,3729.0,-6986.0,0.0,100,246.79,323.0,0,0.0,0.0,,0.0,1,8.51,2.16,SPY201016C00328000,328.0,normalDay
2020-03-26,3729.0,-5607.0,0.0,100,261.2,323.0,0,0.0,0.0,,0.0,1,8.51,2.78,SPY201016C00328000,328.0,normalDay
2020-03-27,3729.0,-6276.0,0.0,100,253.42,323.0,0,0.0,0.0,,0.0,1,8.51,1.69,SPY201016C00328000,328.0,normalDay
2020-03-30,3729.0,-5483.0,0.0,100,261.65,323.0,0,0.0,0.0,,0.0,1,8.51,1.99,SPY201016C00328000,328.0,normalDay
2020-03-31,3729.0,-5806.0,0.0,100,257.75,323.0,0,0.0,0.0,,0.0,1,8.51,1.32,SPY201016C00328000,328.0,normalDay
2020-04-01,3729.0,-6922.0,0.0,100,246.15,323.0,0,0.0,0.0,,0.0,1,8.51,0.88,SPY201016C00328000,328.0,normalDay
2020-04-02,3729.0,-6390.0,0.0,100,251.83,323.0,0,0.0,0.0,,0.0,1,8.51,1.24,SPY201016C00328000,328.0,normalDay
2020-04-03,3729.0,-6728.0,0.0,100,248.19,323.0,0,0.0,0.0,,0.0,1,8.51,0.98,SPY201016C00328000,328.0,normalDay
2020-04-06,3729.0,-5185.0,0.0,100,264.86,323.0,0,0.0,0.0,,0.0,1,8.51,2.22,SPY201016C00328000,328.0,normalDay
2020-04-07,3729.0,-5126.0,0.0,100,265.13,323.0,0,0.0,0.0,,0.0,1,8.51,1.9,SPY201016C00328000,328.0,normalDay
2020-04-08,3729.0,-4369.0,0.0,100,274.03,323.0,0,0.0,0.0,,0.0,1,8.51,3.23,SPY201016C00328000,328.0,normalDay
2020-04-09,3729.0,-4039.0,0.0,100,278.2,323.0,0,0.0,0.0,,0.0,1,8.51,4.1,SPY201016C00328000,328.0,normalDay
2020-04-13,3729.0,-4211.0,0.0,100,275.66,323.0,0,0.0,0.0,,0.0,1,8.51,3.28,SPY201016C00328000,328.0,normalDay
2020-04-14,3729.0,-3512.0,0.0,100,283.79,323.0,0,0.0,0.0,,0.0,1,8.51,4.42,SPY201016C00328000,328.0,normalDay
2020-04-15,3729.0,-4018.0,0.0,100,277.76,323.0,0,0.0,0.0,,0.0,1,8.51,3.45,SPY201016C00328000,328.0,normalDay
2020-04-16,3729.0,-3922.0,0.0,100,279.1,323.0,0,0.0,0.0,,0.0,1,8.51,3.83,SPY201016C00328000,328.0,normalDay
2020-04-17,3729.0,-3324.0,0.0,100,286.64,323.0,0,0.0,0.0,,0.0,1,8.51,5.39,SPY201016C00328000,328.0,normalDay
2020-04-20,3729.0,-3761.0,0.0,100,281.59,323.0,0,0.0,0.0,,0.0,1,8.51,4.71,SPY201016C00328000,328.0,normalDay
2020-04-21,3729.0,-4486.0,0.0,100,273.04,323.0,0,0.0,0.0,,0.0,1,8.51,3.41,SPY201016C00328000,328.0,normalDay
2020-04-22,3729.0,-3950.0,0.0,100,279.1,323.0,0,0.0,0.0,,0.0,1,8.51,4.11,SPY201016C00328000,328.0,normalDay
2020-04-23,3729.0,-3944.0,0.0,100,279.08,323.0,0,0.0,0.0,,0.0,1,8.51,4.03,SPY201016C00328000,328.0,normalDay
2020-04-24,3729.0,-3575.0,0.0,100,282.97,323.0,0,0.0,0.0,,0.0,1,8.51,4.23,SPY201016C00328000,328.0,normalDay
2020-04-27,3729.0,-3187.0,0.0,100,287.05,323.0,0,0.0,0.0,,0.0,1,8.51,4.43,SPY201016C00328000,328.0,normalDay
2020-04-28,3729.0,-3274.0,0.0,100,285.73,323.0,0,0.0,0.0,,0.0,1,8.51,3.98,SPY201016C00328000,328.0,normalDay
2020-04-29,3729.0,-2659.0,0.0,100,293.21,323.0,0,0.0,0.0,,0.0,1,8.51,5.31,SPY201016C00328000,328.0,normalDay
2020-04-30,3729.0,-2858.0,0.0,100,290.48,323.0,0,0.0,0.0,,0.0,1,8.51,4.57,SPY201016C00328000,328.0,normalDay
2020-05-01,3729.0,-3508.0,0.0,100,282.79,323.0,0,0.0,0.0,,0.0,1,8.51,3.38,SPY201016C00328000,328.0,normalDay
2020-05-04,3729.0,-3415.0,0.0,100,283.57,323.0,0,0.0,0.0,,0.0,1,8.51,3.23,SPY201016C00328000,328.0,normalDay
2020-05-05,3729.0,-3191.0,0.0,100,286.19,323.0,0,0.0,0.0,,0.0,1,8.51,3.61,SPY201016C00328000,328.0,normalDay
2020-05-06,3729.0,-3342.0,0.0,100,284.25,323.0,0,0.0,0.0,,0.0,1,8.51,3.18,SPY201016C00328000,328.0,normalDay
2020-05-07,3729.0,-3046.0,0.0,100,287.68,323.0,0,0.0,0.0,,0.0,1,8.51,3.65,SPY201016C00328000,328.0,normalDay
2020-05-08,3729.0,-2615.0,0.0,100,292.44,323.0,0,0.0,0.0,,0.0,1,8.51,4.1,SPY201016C00328000,328.0,normalDay
2020-05-11,3729.0,-2550.0,0.0,100,292.5,323.0,0,0.0,0.0,,0.0,1,8.51,3.51,SPY201016C00328000,328.0,normalDay
2020-05-12,3729.0,-3044.0,0.0,100,286.67,323.0,0,0.0,0.0,,0.0,1,8.51,2.62,SPY201016C00328000,328.0,normalDay
2020-05-13,3729.0,-3510.0,0.0,100,281.6,323.0,0,0.0,0.0,,0.0,1,8.51,2.21,SPY201016C00328000,328.0,normalDay
2020-05-14,3729.0,-3192.0,0.0,100,284.97,323.0,0,0.0,0.0,,0.0,1,8.51,2.4,SPY201016C00328000,328.0,normalDay
2020-05-15,3729.0,-3047.0,0.0,100,286.28,323.0,0,0.0,0.0,,0.0,1,8.51,2.26,SPY201016C00328000,328.0,normalDay
2020-05-18,3729.0,-2322.0,0.0,100,295.0,323.0,0,0.0,0.0,,0.0,1,8.51,3.73,SPY201016C00328000,328.0,normalDay
2020-05-19,3729.0,-2574.0,0.0,100,291.97,323.0,0,0.0,0.0,,0.0,1,8.51,3.22,SPY201016C00328000,328.0,normalDay
2020-05-20,3729.0,-2160.0,0.0,100,296.93,323.0,0,0.0,0.0,,0.0,1,8.51,4.04,SPY201016C00328000,328.0,normalDay
2020-05-21,3729.0,-2333.0,0.0,100,294.88,323.0,0,0.0,0.0,,0.0,1,8.51,3.72,SPY201016C00328000,328.0,normalDay
2020-05-22,3729.0,-2288.0,0.0,100,295.44,323.0,0,0.0,0.0,,0.0,1,8.51,3.83,SPY201016C00328000,328.0,normalDay
2020-05-26,3729.0,-1977.0,0.0,100,299.08,323.0,0,0.0,0.0,,0.0,1,8.51,4.36,SPY201016C00328000,328.0,normalDay
2020-05-27,3729.0,-1624.0,0.0,100,303.53,323.0,0,0.0,0.0,,0.0,1,8.51,5.28,SPY201016C00328000,328.0,normalDay
2020-05-28,3729.0,-1712.0,0.0,100,302.97,323.0,0,0.0,0.0,,0.0,1,8.51,5.6,SPY201016C00328000,328.0,normalDay
2020-05-29,3729.0,-1610.0,0.0,100,304.32,323.0,0,0.0,0.0,,0.0,1,8.51,5.93,SPY201016C00328000,328.0,normalDay
2020-06-01,3729.0,-1496.0,0.0,100,305.55,323.0,0,0.0,0.0,,0.0,1,8.51,6.02,SPY201016C00328000,328.0,normalDay
2020-06-02,3729.0,-1297.0,0.0,100,308.08,323.0,0,0.0,0.0,,0.0,1,8.51,6.56,SPY201016C00328000,328.0,normalDay
2020-06-03,3729.0,-1047.0,0.0,100,312.18,323.0,0,0.0,0.0,,0.0,1,8.51,8.16,SPY201016C00328000,328.0,normalDay
2020-06-04,3729.0,-1078.0,0.0,100,311.36,323.0,0,0.0,0.0,,0.0,1,8.51,7.65,SPY201016C00328000,328.0,normalDay
2020-06-05,3729.0,-570.0,0.0,100,319.34,323.0,0,0.0,0.0,,0.0,1,8.51,10.55,SPY201016C00328000,328.0,normalDay
2020-06-08,3729.0,-396.0,0.0,100,323.2,323.0,0,0.0,0.0,,0.0,1,8.51,12.67,SPY201016C00328000,328.0,normalDay
2020-06-09,3729.0,-641.0,0.0,100,320.79,323.0,0,0.0,0.0,,0.0,1,8.51,12.71,SPY201016C00328000,328.0,normalDay
2020-06-10,3729.0,-674.0,0.0,100,319.0,323.0,0,0.0,0.0,,0.0,1,8.51,11.25,SPY201016C00328000,328.0,normalDay
2020-06-11,3729.0,-2145.0,0.0,100,300.61,323.0,0,0.0,0.0,,0.0,1,8.51,7.57,SPY201016C00328000,328.0,normalDay
2020-06-12,3729.0,-1766.0,0.0,100,304.21,323.0,0,0.0,0.0,,0.0,1,8.51,7.38,SPY201016C00328000,328.0,normalDay
2020-06-15,3729.0,-1560.0,0.0,100,307.05,323.0,0,0.0,0.0,,0.0,1,8.51,8.16,SPY201016C00328000,328.0,normalDay
2020-06-16,3729.0,-1197.0,0.0,100,312.96,323.0,0,0.0,0.0,,0.0,1,8.51,10.44,SPY201016C00328000,328.0,normalDay
2020-06-17,3729.0,-1286.0,0.0,100,311.66,323.0,0,0.0,0.0,,0.0,1,8.51,10.03,SPY201016C00328000,328.0,normalDay
2020-06-18,3729.0,-1255.0,0.0,100,311.78,323.0,0,0.0,0.0,,0.0,1,8.51,9.84,SPY201016C00328000,328.0,normalDay
2020-06-19,3729.0,-1456.0,0.0,100,308.64,323.0,0,0.0,0.0,,0.0,1,8.51,8.71,SPY201016C00328000,328.0,normalDay
2020-06-22,3729.0,-1294.0,0.0,100,310.62,323.0,0,0.0,0.0,,0.0,1,8.51,9.07,SPY201016C00328000,328.0,normalDay
2020-06-23,3729.0,-1173.0,0.0,100,312.05,323.0,0,0.0,0.0,,0.0,1,8.51,9.29,SPY201016C00328000,328.0,normalDay
2020-06-24,3729.0,-1732.0,0.0,100,304.09,323.0,0,0.0,0.0,,0.0,1,8.51,6.92,SPY201016C00328000,328.0,normalDay
2020-06-25,3729.0,-1458.0,0.0,100,307.35,323.0,0,0.0,0.0,,0.0,1,8.51,7.44,SPY201016C00328000,328.0,normalDay
2020-06-26,3729.0,-2001.0,0.0,100,300.05,323.0,0,0.0,0.0,,0.0,1,8.51,5.57,SPY201016C00328000,328.0,normalDay
2020-06-29,3729.0,-1589.0,0.0,100,304.46,323.0,0,0.0,0.0,,0.0,1,8.51,5.86,SPY201016C00328000,328.0,normalDay
2020-06-30,3729.0,-1265.0,0.0,100,308.36,323.0,0,0.0,0.0,,0.0,1,8.51,6.52,SPY201016C00328000,328.0,normalDay
2020-07-01,3729.0,-1105.0,0.0,100,310.52,323.0,0,0.0,0.0,,0.0,1,8.51,7.08,SPY201016C00328000,328.0,normalDay
2020-07-02,3729.0,-995.0,0.0,100,312.23,323.0,0,0.0,0.0,,0.0,1,8.51,7.69,SPY201016C00328000,328.0,normalDay
2020-07-06,3729.0,-698.0,0.0,100,317.05,323.0,0,0.0,0.0,,0.0,1,8.51,9.54,SPY201016C00328000,328.0,normalDay
2020-07-07,3729.0,-905.0,0.0,100,313.78,323.0,0,0.0,0.0,,0.0,1,8.51,8.34,SPY201016C00328000,328.0,normalDay
2020-07-08,3729.0,-737.0,0.0,100,316.18,323.0,0,0.0,0.0,,0.0,1,8.51,9.06,SPY201016C00328000,328.0,normalDay
2020-07-09,3729.0,-857.0,0.0,100,314.38,323.0,0,0.0,0.0,,0.0,1,8.51,8.46,SPY201016C00328000,328.0,normalDay
2020-07-10,3729.0,-654.0,0.0,100,317.59,323.0,0,0.0,0.0,,0.0,1,8.51,9.64,SPY201016C00328000,328.0,normalDay
2020-07-13,3729.0,-896.0,0.0,100,314.84,323.0,0,0.0,0.0,,0.0,1,8.51,9.31,SPY201016C00328000,328.0,normalDay
2020-07-14,3729.0,-585.0,0.0,100,318.92,323.0,0,0.0,0.0,,0.0,1,8.51,10.28,SPY201016C00328000,328.0,normalDay
2020-07-15,3729.0,-435.0,0.0,100,321.85,323.0,0,0.0,0.0,,0.0,1,8.51,11.71,SPY201016C00328000,328.0,normalDay
2020-07-16,3729.0,-412.0,0.0,100,320.79,323.0,0,0.0,0.0,,0.0,1,8.51,10.42,SPY201016C00328000,328.0,normalDay
2020-07-17,3729.0,-362.0,0.0,100,321.72,323.0,0,0.0,0.0,,0.0,1,8.51,10.85,SPY201016C00328000,328.0,normalDay
2020-07-20,3729.0,-158.0,0.0,100,324.32,323.0,0,0.0,0.0,,0.0,1,8.51,11.41,SPY201016C00328000,328.0,normalDay
2020-07-21,3729.0,-131.0,0.0,100,325.01,323.0,0,0.0,0.0,,0.0,1,8.51,11.83,SPY201016C00328000,328.0,normalDay
2020-07-22,3729.0,-2.0,0.0,100,326.86,323.0,0,0.0,0.0,,0.0,1,8.51,12.39,SPY201016C00328000,328.0,normalDay
2020-07-23,3729.0,-187.0,0.0,100,322.96,323.0,0,0.0,0.0,,0.0,1,8.51,10.34,SPY201016C00328000,328.0,normalDay
2020-07-24,3729.0,-315.0,0.0,100,320.88,323.0,0,0.0,0.0,,0.0,1,8.51,9.54,SPY201016C00328000,328.0,normalDay
2020-07-27,3729.0,-144.0,0.0,100,323.22,323.0,0,0.0,0.0,,0.0,1,8.51,10.17,SPY201016C00328000,328.0,normalDay
2020-07-28,3729.0,-251.0,0.0,100,321.17,323.0,0,0.0,0.0,,0.0,1,8.51,9.19,SPY201016C00328000,328.0,normalDay
2020-07-29,3729.0,-24.0,0.0,100,325.12,323.0,0,0.0,0.0,,0.0,1,8.51,10.87,SPY201016C00328000,328.0,normalDay
2020-07-30,3729.0,-133.0,0.0,100,323.96,323.0,0,0.0,0.0,,0.0,1,8.51,10.8,SPY201016C00328000,328.0,normalDay
2020-07-31,3729.0,11.0,0.0,100,326.52,323.0,0,0.0,0.0,,0.0,1,8.51,11.92,SPY201016C00328000,328.0,normalDay
2020-08-03,3729.0,147.0,0.0,100,328.79,323.0,0,0.0,0.0,,0.0,1,8.51,12.83,SPY201016C00328000,328.0,normalDay
2020-08-04,3729.0,236.0,0.0,100,330.06,323.0,0,0.0,0.0,,0.0,1,8.51,13.21,SPY201016C00328000,328.0,normalDay
2020-08-05,3729.0,347.0,0.0,100,332.11,323.0,0,0.0,0.0,,0.0,1,8.51,14.15,SPY201016C00328000,328.0,normalDay
2020-08-06,3729.0,429.0,0.0,100,334.33,323.0,0,0.0,0.0,,0.0,1,8.51,15.55,SPY201016C00328000,328.0,normalDay
2020-08-07,3729.0,460.0,0.0,100,334.57,323.0,0,0.0,0.0,,0.0,1,8.51,15.48,SPY201016C00328000,328.0,normalDay
2020-08-10,3729.0,537.0,0.0,100,335.57,323.0,0,0.0,0.0,,0.0,1,8.51,15.71,SPY201016C00328000,328.0,normalDay
2020-08-11,3729.0,385.0,0.0,100,332.8,323.0,0,0.0,0.0,,0.0,1,8.51,14.46,SPY201016C00328000,328.0,normalDay
2020-08-12,3729.0,604.0,0.0,100,337.44,323.0,0,0.0,0.0,,0.0,1,8.51,16.91,SPY201016C00328000,328.0,normalDay
2020-08-13,3729.0,597.0,0.0,100,336.83,323.0,0,0.0,0.0,,0.0,1,8.51,16.37,SPY201016C00328000,328.0,normalDay
2020-08-14,3729.0,612.0,0.0,100,336.84,323.0,0,0.0,0.0,,0.0,1,8.51,16.23,SPY201016C00328000,328.0,normalDay
2020-08-17,3729.0,697.0,0.0,100,337.91,323.0,0,0.0,0.0,,0.0,1,8.51,16.45,SPY201016C00328000,328.0,normalDay
2020-08-18,3729.0,720.0,0.0,100,338.64,323.0,0,0.0,0.0,,0.0,1,8.51,16.95,SPY201016C00328000,328.0,normalDay
2020-08-19,3729.0,670.0,0.0,100,337.23,323.0,0,0.0,0.0,,0.0,1,8.51,16.04,SPY201016C00328000,328.0,normalDay
2020-08-20,3729.0,731.0,0.0,100,338.28,323.0,0,0.0,0.0,,0.0,1,8.51,16.48,SPY201016C00328000,328.0,normalDay
2020-08-21,3729.0,760.0,0.0,100,339.48,323.0,0,0.0,0.0,,0.0,1,8.51,17.39,SPY201016C00328000,328.0,normalDay
2020-08-24,3729.0,878.0,0.0,100,342.92,323.0,0,0.0,0.0,,0.0,1,8.51,19.65,SPY201016C00328000,328.0,normalDay
2020-08-25,3729.0,899.0,0.0,100,344.12,323.0,0,0.0,0.0,,0.0,1,8.51,20.64,SPY201016C00328000,328.0,normalDay
2020-08-26,3729.0,929.0,0.0,100,347.57,323.0,0,0.0,0.0,,0.0,1,8.51,23.79,SPY201016C00328000,328.0,normalDay
2020-08-27,3729.0,906.0,0.0,100,348.33,323.0,0,0.0,0.0,,0.0,1,8.51,24.78,SPY201016C00328000,328.0,normalDay
2020-08-28,3729.0,1014.0,0.0,100,350.58,323.0,0,0.0,0.0,,0.0,1,8.51,25.95,SPY201016C00328000,328.0,normalDay
2020-08-31,3729.0,893.0,0.0,100,349.31,323.0,0,0.0,0.0,,0.0,1,8.51,25.89,SPY201016C00328000,328.0,normalDay
2020-09-01,3729.0,999.0,0.0,100,352.6,323.0,0,0.0,0.0,,0.0,1,8.51,28.12,SPY201016C00328000,328.0,normalDay
2020-09-02,3729.0,1044.0,0.0,100,357.7,323.0,0,0.0,0.0,,0.0,1,8.51,32.77,SPY201016C00328000,328.0,normalDay
2020-09-03,3729.0,643.0,0.0,100,345.39,323.0,0,0.0,0.0,,0.0,1,8.51,24.47,SPY201016C00328000,328.0,normalDay
2020-09-04,3729.0,758.0,0.0,100,342.57,323.0,0,0.0,0.0,,0.0,1,8.51,20.5,SPY201016C00328000,328.0,normalDay
2020-09-08,3729.0,496.0,0.0,100,333.21,323.0,0,0.0,0.0,,0.0,1,8.51,13.76,SPY201016C00328000,328.0,normalDay
2020-09-09,3729.0,805.0,0.0,100,339.79,323.0,0,0.0,0.0,,0.0,1,8.51,17.25,SPY201016C00328000,328.0,normalDay
2020-09-10,3729.0,591.0,0.0,100,333.89,323.0,0,0.0,0.0,,0.0,1,8.51,13.49,SPY201016C00328000,328.0,normalDay
2020-09-11,3729.0,738.0,0.0,100,334.06,323.0,0,0.0,0.0,,0.0,1,8.51,12.19,SPY201016C00328000,328.0,normalDay
2020-09-14,3729.0,884.0,0.0,100,338.46,323.0,0,0.0,0.0,,0.0,1,8.51,15.13,SPY201016C00328000,328.0,normalDay
2020-09-15,3729.0,934.0,0.0,100,340.17,323.0,0,0.0,0.0,,0.0,1,8.51,16.34,SPY201016C00328000,328.0,normalDay
2020-09-16,3729.0,942.0,0.0,100,338.82,323.0,0,0.0,0.0,,0.0,1,8.51,14.91,SPY201016C00328000,328.0,normalDay
2020-09-17,3729.0,849.0,0.0,100,335.84,323.0,0,0.0,0.0,,0.0,1,8.51,12.86,SPY201016C00328000,328.0,normalDay
2020-09-18,3729.0,638.0,0.0,100,330.65,323.0,0,0.0,0.0,,0.0,1,8.51,9.78,SPY201016C00328000,328.0,normalDay
2020-09-21,3729.0,459.0,0.0,100,326.97,323.0,0,0.0,0.0,,0.0,1,8.51,7.89,SPY201016C00328000,328.0,normalDay
2020-09-22,3729.0,675.0,0.0,100,330.3,323.0,0,0.0,0.0,,0.0,1,8.51,9.06,SPY201016C00328000,328.0,normalDay
2020-09-23,3729.0,280.0,0.0,100,322.64,323.0,0,0.0,0.0,,0.0,1,8.51,5.35,SPY201016C00328000,328.0,normalDay
2020-09-24,3729.0,346.0,0.0,100,323.5,323.0,0,0.0,0.0,,0.0,1,8.51,5.55,SPY201016C00328000,328.0,normalDay
2020-09-25,3729.0,675.0,0.0,100,328.73,323.0,0,0.0,0.0,,0.0,1,8.51,7.49,SPY201016C00328000,328.0,normalDay
2020-09-28,3729.0,892.0,0.0,100,334.19,323.0,0,0.0,0.0,,0.0,1,8.51,10.78,SPY201016C00328000,328.0,normalDay
2020-09-29,3729.0,785.0,0.0,100,332.37,323.0,0,0.0,0.0,,0.0,1,8.51,10.03,SPY201016C00328000,328.0,normalDay
2020-09-30,3729.0,1014.0,0.0,100,334.89,323.0,0,0.0,0.0,,0.0,1,8.51,10.26,SPY201016C00328000,328.0,normalDay
2020-10-01,3729.0,1004.0,0.0,100,337.04,323.0,0,0.0,0.0,,0.0,1,8.51,12.51,SPY201016C00328000,328.0,normalDay
2020-10-02,3729.0,940.0,0.0,100,333.84,323.0,0,0.0,0.0,,0.0,1,8.51,9.95,SPY201016C00328000,328.0,normalDay
2020-10-05,3729.0,1183.0,0.0,100,339.76,323.0,0,0.0,0.0,,0.0,1,8.51,13.44,SPY201016C00328000,328.0,normalDay
2020-10-06,3729.0,1035.0,0.0,100,334.93,323.0,0,0.0,0.0,,0.0,1,8.51,10.09,SPY201016C00328000,328.0,normalDay
2020-10-07,3729.0,1240.0,0.0,100,340.76,323.0,0,0.0,0.0,,0.0,1,8.51,13.87,SPY201016C00328000,328.0,normalDay
2020-10-08,3729.0,1309.0,0.0,100,343.78,323.0,0,0.0,0.0,,0.0,1,8.51,16.2,SPY201016C00328000,328.0,normalDay
2020-10-09,3729.0,1318.0,0.0,100,346.85,323.0,0,0.0,0.0,,0.0,1,8.51,19.18,SPY201016C00328000,328.0,normalDay
2020-10-12,3729.0,1331.0,0.0,100,352.43,323.0,0,0.0,0.0,,0.0,1,8.51,24.63,SPY201016C00328000,328.0,normalDay
2020-10-13,3729.0,1318.0,0.0,100,350.13,323.0,0,0.0,0.0,,0.0,1,8.51,22.46,SPY201016C00328000,328.0,normalDay
2020-10-14,3729.0,1341.0,0.0,100,347.93,323.0,0,0.0,0.0,,0.0,1,8.51,20.03,SPY201016C00328000,328.0,normalDay
2020-10-15,3729.0,1342.0,0.0,100,347.5,323.0,0,0.0,0.0,,0.0,1,8.51,19.59,SPY201016C00328000,328.0,normalDay
2020-10-16,5080.0,1342.0,1351.0,0,347.29,0.0,0,0.0,0.0,,0.0,1,8.51,0.0,SPY201016C00328000,328.0,expirationDay
2020-10-19,5080.0,-6.0,0.0,0,342.01,0.0,1,6.47,6.53,SPY201120P00330000,330.0,0,0.0,0.0,,0.0,normalDay
2020-10-20,5080.0,12.0,0.0,0,343.38,0.0,1,6.47,6.35,SPY201120P00330000,330.0,0,0.0,0.0,,0.0,normalDay
2020-10-21,5080.0,59.0,0.0,0,342.73,0.0,1,6.47,5.88,SPY201120P00330000,330.0,0,0.0,0.0,,0.0,normalDay
2020-10-22,5080.0,117.0,0.0,0,344.61,0.0,1,6.47,5.3,SPY201120P00330000,330.0,0,0.0,0.0,,0.0,normalDay
2020-10-23,5080.0,163.0,0.0,0,345.78,0.0,1,6.47,4.84,SPY201120P00330000,330.0,0,0.0,0.0,,0.0,normalDay
2020-10-26,5080.0,-74.0,0.0,0,339.39,0.0,1,6.47,7.21,SPY201120P00330000,330.0,0,0.0,0.0,,0.0,normalDay
2020-10-27,5080.0,-103.0,0.0,0,338.22,0.0,1,6.47,7.5,SPY201120P00330000,330.0,0,0.0,0.0,,0.0,normalDay
2020-10-28,5080.0,-740.0,0.0,0,326.66,0.0,1,6.47,13.87,SPY201120P00330000,330.0,0,0.0,0.0,,0.0,normalDay
2020-10-29,5080.0,-431.0,0.0,0,329.98,0.0,1,6.47,10.78,SPY201120P00330000,330.0,0,0.0,0.0,,0.0,normalDay
2020-10-30,5080.0,-583.0,0.0,0,326.54,0.0,1,6.47,12.3,SPY201120P00330000,330.0,0,0.0,0.0,,0.0,normalDay
2020-11-02,5080.0,-346.0,0.0,0,330.2,0.0,1,6.47,9.93,SPY201120P00330000,330.0,0,0.0,0.0,,0.0,normalDay
2020-11-03,5080.0,-115.0,0.0,0,336.03,0.0,1,6.47,7.62,SPY201120P00330000,330.0,0,0.0,0.0,,0.0,normalDay
2020-11-04,5080.0,277.0,0.0,0,343.54,0.0,1,6.47,3.7,SPY201120P00330000,330.0,0,0.0,0.0,,0.0,normalDay
2020-11-05,5080.0,433.0,0.0,0,350.24,0.0,1,6.47,2.14,SPY201120P00330000,330.0,0,0.0,0.0,,0.0,normalDay
2020-11-06,5080.0,501.0,0.0,0,350.16,0.0,1,6.47,1.46,SPY201120P00330000,330.0,0,0.0,0.0,,0.0,normalDay
2020-11-09,5080.0,562.0,0.0,0,354.56,0.0,1,6.47,0.85,SPY201120P00330000,330.0,0,0.0,0.0,,0.0,normalDay
2020-11-10,5080.0,580.0,0.0,0,354.04,0.0,1,6.47,0.67,SPY201120P00330000,330.0,0,0.0,0.0,,0.0,normalDay
2020-11-11,5080.0,610.0,0.0,0,356.67,0.0,1,6.47,0.37,SPY201120P00330000,330.0,0,0.0,0.0,,0.0,normalDay
2020-11-12,5080.0,589.0,0.0,0,353.21,0.0,1,6.47,0.58,SPY201120P00330000,330.0,0,0.0,0.0,,0.0,normalDay
2020-11-13,5080.0,624.0,0.0,0,358.1,0.0,1,6.47,0.23,SPY201120P00330000,330.0,0,0.0,0.0,,0.0,normalDay
2020-11-16,5080.0,641.0,0.0,0,362.57,0.0,1,6.47,0.06,SPY201120P00330000,330.0,0,0.0,0.0,,0.0,normalDay
2020-11-17,5080.0,642.0,0.0,0,360.62,0.0,1,6.47,0.05,SPY201120P00330000,330.0,0,0.0,0.0,,0.0,normalDay
2020-11-18,5080.0,642.0,0.0,0,356.28,0.0,1,6.47,0.05,SPY201120P00330000,330.0,0,0.0,0.0,,0.0,normalDay
2020-11-19,5080.0,645.0,0.0,0,357.78,0.0,1,6.47,0.02,SPY201120P00330000,330.0,0,0.0,0.0,,0.0,normalDay
2020-11-20,5727.0,0.0,647.0,0,355.33,0.0,1,6.47,0.0,SPY201120P00330000,330.0,0,0.0,0.0,,0.0,expirationDay
2020-11-23,5727.0,-6.0,0.0,0,357.46,0.0,1,2.93,2.99,SPY201224P00336000,336.0,0,0.0,0.0,,0.0,normalDay
2020-11-24,5727.0,89.0,0.0,0,363.22,0.0,1,2.93,2.04,SPY201224P00336000,336.0,0,0.0,0.0,,0.0,normalDay
2020-11-25,5727.0,97.0,0.0,0,362.66,0.0,1,2.93,1.96,SPY201224P00336000,336.0,0,0.0,0.0,,0.0,normalDay
2020-11-27,5727.0,129.0,0.0,0,363.67,0.0,1,2.93,1.64,SPY201224P00336000,336.0,0,0.0,0.0,,0.0,normalDay
2020-11-30,5727.0,148.0,0.0,0,362.06,0.0,1,2.93,1.45,SPY201224P00336000,336.0,0,0.0,0.0,,0.0,normalDay
2020-12-01,5727.0,173.0,0.0,0,366.02,0.0,1,2.93,1.2,SPY201224P00336000,336.0,0,0.0,0.0,,0.0,normalDay
2020-12-02,5727.0,183.0,0.0,0,366.79,0.0,1,2.93,1.1,SPY201224P00336000,336.0,0,0.0,0.0,,0.0,normalDay
2020-12-03,5727.0,187.0,0.0,0,366.69,0.0,1,2.93,1.06,SPY201224P00336000,336.0,0,0.0,0.0,,0.0,normalDay
2020-12-04,5727.0,221.0,0.0,0,369.85,0.0,1,2.93,0.72,SPY201224P00336000,336.0,0,0.0,0.0,,0.0,normalDay
2020-12-07,5727.0,233.0,0.0,0,369.09,0.0,1,2.93,0.6,SPY201224P00336000,336.0,0,0.0,0.0,,0.0,normalDay
2020-12-08,5727.0,249.0,0.0,0,370.17,0.0,1,2.93,0.44,SPY201224P00336000,336.0,0,0.0,0.0,,0.0,normalDay
2020-12-09,5727.0,232.0,0.0,0,366.85,0.0,1,2.93,0.61,SPY201224P00336000,336.0,0,0.0,0.0,,0.0,normalDay
2020-12-10,5727.0,239.0,0.0,0,366.73,0.0,1,2.93,0.54,SPY201224P00336000,336.0,0,0.0,0.0,,0.0,normalDay
2020-12-11,5727.0,237.0,0.0,0,366.3,0.0,1,2.93,0.56,SPY201224P00336000,336.0,0,0.0,0.0,,0.0,normalDay
2020-12-14,5727.0,235.0,0.0,0,364.66,0.0,1,2.93,0.58,SPY201224P00336000,336.0,0,0.0,0.0,,0.0,normalDay
2020-12-15,5727.0,262.0,0.0,0,369.59,0.0,1,2.93,0.31,SPY201224P00336000,336.0,0,0.0,0.0,,0.0,normalDay
2020-12-16,5727.0,271.0,0.0,0,370.17,0.0,1,2.93,0.22,SPY201224P00336000,336.0,0,0.0,0.0,,0.0,normalDay
2020-12-17,5727.0,275.0,0.0,0,372.24,0.0,1,2.93,0.18,SPY201224P00336000,336.0,0,0.0,0.0,,0.0,normalDay
2020-12-18,5727.0,286.0,0.0,0,369.18,0.0,1,2.93,0.07,SPY201224P00336000,336.0,0,0.0,0.0,,0.0,normalDay
2020-12-21,5727.0,289.0,0.0,0,367.86,0.0,1,2.93,0.04,SPY201224P00336000,336.0,0,0.0,0.0,,0.0,normalDay
2020-12-22,5727.0,291.0,0.0,0,367.24,0.0,1,2.93,0.02,SPY201224P00336000,336.0,0,0.0,0.0,,0.0,normalDay
2020-12-23,5727.0,292.0,0.0,0,367.57,0.0,1,2.93,0.01,SPY201224P00336000,336.0,0,0.0,0.0,,0.0,normalDay
2020-12-24,6020.0,0.0,293.0,0,369.0,0.0,1,2.93,0.0,SPY201224P00336000,336.0,0,0.0,0.0,,0.0,expirationDay
2020-12-28,6020.0,-7.0,0.0,0,372.17,0.0,1,5.39,5.46,SPY210129P00366000,366.0,0,0.0,0.0,,0.0,normalDay
2020-12-29,6020.0,-68.0,0.0,0,371.46,0.0,1,5.39,6.07,SPY210129P00366000,366.0,0,0.0,0.0,,0.0,normalDay
2020-12-30,6020.0,-29.0,0.0,0,371.99,0.0,1,5.39,5.68,SPY210129P00366000,366.0,0,0.0,0.0,,0.0,normalDay
2020-12-31,6020.0,48.0,0.0,0,373.88,0.0,1,5.39,4.91,SPY210129P00366000,366.0,0,0.0,0.0,,0.0,normalDay
2021-01-04,6020.0,-160.0,0.0,0,368.79,0.0,1,5.39,6.99,SPY210129P00366000,366.0,0,0.0,0.0,,0.0,normalDay
2021-01-05,6020.0,-36.0,0.0,0,371.33,0.0,1,5.39,5.75,SPY210129P00366000,366.0,0,0.0,0.0,,0.0,normalDay
2021-01-06,6020.0,24.0,0.0,0,373.55,0.0,1,5.39,5.15,SPY210129P00366000,366.0,0,0.0,0.0,,0.0,normalDay
2021-01-07,6020.0,234.0,0.0,0,379.1,0.0,1,5.39,3.05,SPY210129P00366000,366.0,0,0.0,0.0,,0.0,normalDay
2021-01-08,6020.0,293.0,0.0,0,381.26,0.0,1,5.39,2.46,SPY210129P00366000,366.0,0,0.0,0.0,,0.0,normalDay
2021-01-11,6020.0,233.0,0.0,0,378.69,0.0,1,5.39,3.06,SPY210129P00366000,366.0,0,0.0,0.0,,0.0,normalDay
2021-01-12,6020.0,262.0,0.0,0,378.77,0.0,1,5.39,2.77,SPY210129P00366000,366.0,0,0.0,0.0,,0.0,normalDay
2021-01-13,6020.0,325.0,0.0,0,379.79,0.0,1,5.39,2.14,SPY210129P00366000,366.0,0,0.0,0.0,,0.0,normalDay
2021-01-14,6020.0,292.0,0.0,0,378.46,0.0,1,5.39,2.47,SPY210129P00366000,366.0,0,0.0,0.0,,0.0,normalDay
2021-01-15,6020.0,234.0,0.0,0,375.7,0.0,1,5.39,3.05,SPY210129P00366000,366.0,0,0.0,0.0,,0.0,normalDay
2021-01-19,6020.0,373.0,0.0,0,378.65,0.0,1,5.39,1.66,SPY210129P00366000,366.0,0,0.0,0.0,,0.0,normalDay
2021-01-20,6020.0,467.0,0.0,0,383.89,0.0,1,5.39,0.72,SPY210129P00366000,366.0,0,0.0,0.0,,0.0,normalDay
2021-01-21,6020.0,487.0,0.0,0,384.24,0.0,1,5.39,0.52,SPY210129P00366000,366.0,0,0.0,0.0,,0.0,normalDay
2021-01-22,6020.0,497.0,0.0,0,382.88,0.0,1,5.39,0.42,SPY210129P00366000,366.0,0,0.0,0.0,,0.0,normalDay
2021-01-25,6020.0,516.0,0.0,0,384.39,0.0,1,5.39,0.23,SPY210129P00366000,366.0,0,0.0,0.0,,0.0,normalDay
2021-01-26,6020.0,525.0,0.0,0,383.79,0.0,1,5.39,0.14,SPY210129P00366000,366.0,0,0.0,0.0,,0.0,normalDay
2021-01-27,6020.0,369.0,0.0,0,374.41,0.0,1,5.39,1.7,SPY210129P00366000,366.0,0,0.0,0.0,,0.0,normalDay
2021-01-28,6020.0,521.0,0.0,0,377.63,0.0,1,5.39,0.18,SPY210129P00366000,366.0,0,0.0,0.0,,0.0,normalDay
2021-01-29,6559.0,0.0,539.0,0,370.07,0.0,1,5.39,0.0,SPY210129P00366000,366.0,0,0.0,0.0,,0.0,expirationDay
2021-02-01,6559.0,-9.0,0.0,0,376.23,0.0,1,9.5,9.59,SPY210305P00373000,373.0,0,0.0,0.0,,0.0,normalDay
2021-02-02,6559.0,340.0,0.0,0,381.55,0.0,1,9.5,6.1,SPY210305P00373000,373.0,0,0.0,0.0,,0.0,normalDay
2021-02-03,6559.0,422.0,0.0,0,381.85,0.0,1,9.5,5.28,SPY210305P00373000,373.0,0,0.0,0.0,,0.0,normalDay
2021-02-04,6559.0,554.0,0.0,0,386.19,0.0,1,9.5,3.96,SPY210305P00373000,373.0,0,0.0,0.0,,0.0,normalDay
2021-02-05,6559.0,616.0,0.0,0,387.71,0.0,1,9.5,3.34,SPY210305P00373000,373.0,0,0.0,0.0,,0.0,normalDay
2021-02-08,6559.0,682.0,0.0,0,390.51,0.0,1,9.5,2.68,SPY210305P00373000,373.0,0,0.0,0.0,,0.0,normalDay
2021-02-09,6559.0,690.0,0.0,0,390.25,0.0,1,9.5,2.6,SPY210305P00373000,373.0,0,0.0,0.0,,0.0,normalDay
2021-02-10,6559.0,683.0,0.0,0,390.08,0.0,1,9.5,2.67,SPY210305P00373000,373.0,0,0.0,0.0,,0.0,normalDay
2021-02-11,6559.0,714.0,0.0,0,390.71,0.0,1,9.5,2.36,SPY210305P00373000,373.0,0,0.0,0.0,,0.0,normalDay
2021-02-12,6559.0,781.0,0.0,0,392.64,0.0,1,9.5,1.69,SPY210305P00373000,373.0,0,0.0,0.0,,0.0,normalDay
2021-02-16,6559.0,785.0,0.0,0,392.3,0.0,1,9.5,1.65,SPY210305P00373000,373.0,0,0.0,0.0,,0.0,normalDay
2021-02-17,6559.0,808.0,0.0,0,392.39,0.0,1,9.5,1.42,SPY210305P00373000,373.0,0,0.0,0.0,,0.0,normalDay
2021-02-18,6559.0,787.0,0.0,0,390.72,0.0,1,9.5,1.63,SPY210305P00373000,373.0,0,0.0,0.0,,0.0,normalDay
2021-02-19,6559.0,802.0,0.0,0,390.03,0.0,1,9.5,1.48,SPY210305P00373000,373.0,0,0.0,0.0,,0.0,normalDay
2021-02-22,6559.0,785.0,0.0,0,387.03,0.0,1,9.5,1.65,SPY210305P00373000,373.0,0,0.0,0.0,,0.0,normalDay
2021-02-23,6559.0,802.0,0.0,0,387.5,0.0,1,9.5,1.48,SPY210305P00373000,373.0,0,0.0,0.0,,0.0,normalDay
2021-02-24,6559.0,882.0,0.0,0,391.77,0.0,1,9.5,0.68,SPY210305P00373000,373.0,0,0.0,0.0,,0.0,normalDay
2021-02-25,6559.0,633.0,0.0,0,382.33,0.0,1,9.5,3.17,SPY210305P00373000,373.0,0,0.0,0.0,,0.0,normalDay
2021-02-26,6559.0,648.0,0.0,0,380.36,0.0,1,9.5,3.02,SPY210305P00373000,373.0,0,0.0,0.0,,0.0,normalDay
2021-03-01,6559.0,896.0,0.0,0,389.58,0.0,1,9.5,0.54,SPY210305P00373000,373.0,0,0.0,0.0,,0.0,normalDay
2021-03-02,6559.0,890.0,0.0,0,386.54,0.0,1,9.5,0.6,SPY210305P00373000,373.0,0,0.0,0.0,,0.0,normalDay
2021-03-03,6559.0,847.0,0.0,0,381.42,0.0,1,9.5,1.03,SPY210305P00373000,373.0,0,0.0,0.0,,0.0,normalDay
2021-03-04,6559.0,819.0,0.0,0,376.7,0.0,1,9.5,1.31,SPY210305P00373000,373.0,0,0.0,0.0,,0.0,normalDay
2021-03-05,7509.0,0.0,950.0,0,383.63,0.0,1,9.5,0.0,SPY210305P00373000,373.0,0,0.0,0.0,,0.0,expirationDay
2021-03-08,7509.0,-19.0,0.0,0,381.72,0.0,1,9.82,10.01,SPY210409P00382500,382.5,0,0.0,0.0,,0.0,normalDay
2021-03-09,7509.0,239.0,0.0,0,387.17,0.0,1,9.82,7.43,SPY210409P00382500,382.5,0,0.0,0.0,,0.0,normalDay
2021-03-10,7509.0,392.0,0.0,0,389.58,0.0,1,9.82,5.9,SPY210409P00382500,382.5,0,0.0,0.0,,0.0,normalDay
2021-03-11,7509.0,510.0,0.0,0,393.53,0.0,1,9.82,4.72,SPY210409P00382500,382.5,0,0.0,0.0,,0.0,normalDay
2021-03-12,7509.0,591.0,0.0,0,394.06,0.0,1,9.82,3.91,SPY210409P00382500,382.5,0,0.0,0.0,,0.0,normalDay
2021-03-15,7509.0,689.0,0.0,0,396.41,0.0,1,9.82,2.93,SPY210409P00382500,382.5,0,0.0,0.0,,0.0,normalDay
2021-03-16,7509.0,685.0,0.0,0,395.91,0.0,1,9.82,2.97,SPY210409P00382500,382.5,0,0.0,0.0,,0.0,normalDay
2021-03-17,7509.0,734.0,0.0,0,397.26,0.0,1,9.82,2.48,SPY210409P00382500,382.5,0,0.0,0.0,,0.0,normalDay
2021-03-18,7509.0,611.0,0.0,0,391.48,0.0,1,9.82,3.71,SPY210409P00382500,382.5,0,0.0,0.0,,0.0,normalDay
2021-03-19,7509.0,599.0,0.0,0,389.48,0.0,1,9.82,3.83,SPY210409P00382500,382.5,0,0.0,0.0,,0.0,normalDay
2021-03-22,7509.0,762.0,0.0,0,392.59,0.0,1,9.82,2.2,SPY210409P00382500,382.5,0,0.0,0.0,,0.0,normalDay
2021-03-23,7509.0,672.0,0.0,0,389.5,0.0,1,9.82,3.1,SPY210409P00382500,382.5,0,0.0,0.0,,0.0,normalDay
2021-03-24,7509.0,623.0,0.0,0,387.52,0.0,1,9.82,3.59,SPY210409P00382500,382.5,0,0.0,0.0,,0.0,normalDay
2021-03-25,7509.0,726.0,0.0,0,389.7,0.0,1,9.82,2.56,SPY210409P00382500,382.5,0,0.0,0.0,,0.0,normalDay
2021-03-26,7509.0,845.0,0.0,0,395.98,0.0,1,9.82,1.37,SPY210409P00382500,382.5,0,0.0,0.0,,0.0,normalDay
2021-03-29,7509.0,844.0,0.0,0,395.78,0.0,1,9.82,1.38,SPY210409P00382500,382.5,0,0.0,0.0,,0.0,normalDay
2021-03-30,7509.0,860.0,0.0,0,394.73,0.0,1,9.82,1.22,SPY210409P00382500,382.5,0,0.0,0.0,,0.0,normalDay
2021-03-31,7509.0,913.0,0.0,0,396.33,0.0,1,9.82,0.69,SPY210409P00382500,382.5,0,0.0,0.0,,0.0,normalDay
2021-04-01,7509.0,964.0,0.0,0,400.61,0.0,1,9.82,0.18,SPY210409P00382500,382.5,0,0.0,0.0,,0.0,normalDay
2021-04-05,7509.0,974.0,0.0,0,406.36,0.0,1,9.82,0.08,SPY210409P00382500,382.5,0,0.0,0.0,,0.0,normalDay
2021-04-06,7509.0,976.0,0.0,0,406.12,0.0,1,9.82,0.06,SPY210409P00382500,382.5,0,0.0,0.0,,0.0,normalDay
2021-04-07,7509.0,980.0,0.0,0,406.59,0.0,1,9.82,0.02,SPY210409P00382500,382.5,0,0.0,0.0,,0.0,normalDay
2021-04-08,7509.0,981.0,0.0,0,408.52,0.0,1,9.82,0.01,SPY210409P00382500,382.5,0,0.0,0.0,,0.0,normalDay
2021-04-09,8491.0,0.0,982.0,0,411.49,0.0,1,9.82,0.0,SPY210409P00382500,382.5,0,0.0,0.0,,0.0,expirationDay
2021-04-12,8491.0,-5.0,0.0,0,411.64,0.0,1,2.16,2.21,SPY210514P00391000,391.0,0,0.0,0.0,,0.0,normalDay
2021-04-13,8491.0,25.0,0.0,0,412.86,0.0,1,2.16,1.91,SPY210514P00391000,391.0,0,0.0,0.0,,0.0,normalDay
2021-04-14,8491.0,13.0,0.0,0,411.45,0.0,1,2.16,2.03,SPY210514P00391000,391.0,0,0.0,0.0,,0.0,normalDay
2021-04-15,8491.0,64.0,0.0,0,415.87,0.0,1,2.16,1.52,SPY210514P00391000,391.0,0,0.0,0.0,,0.0,normalDay
2021-04-16,8491.0,81.0,0.0,0,417.26,0.0,1,2.16,1.35,SPY210514P00391000,391.0,0,0.0,0.0,,0.0,normalDay
2021-04-19,8491.0,66.0,0.0,0,415.21,0.0,1,2.16,1.5,SPY210514P00391000,391.0,0,0.0,0.0,,0.0,normalDay
2021-04-20,8491.0,12.0,0.0,0,412.17,0.0,1,2.16,2.04,SPY210514P00391000,391.0,0,0.0,0.0,,0.0,normalDay
2021-04-21,8491.0,89.0,0.0,0,416.07,0.0,1,2.16,1.27,SPY210514P00391000,391.0,0,0.0,0.0,,0.0,normalDay
2021-04-22,8491.0,35.0,0.0,0,412.27,0.0,1,2.16,1.81,SPY210514P00391000,391.0,0,0.0,0.0,,0.0,normalDay
2021-04-23,8491.0,115.0,0.0,0,416.74,0.0,1,2.16,1.01,SPY210514P00391000,391.0,0,0.0,0.0,,0.0,normalDay
2021-04-26,8491.0,139.0,0.0,0,417.61,0.0,1,2.16,0.77,SPY210514P00391000,391.0,0,0.0,0.0,,0.0,normalDay
2021-04-27,8491.0,145.0,0.0,0,417.52,0.0,1,2.16,0.71,SPY210514P00391000,391.0,0,0.0,0.0,,0.0,normalDay
2021-04-28,8491.0,161.0,0.0,0,417.4,0.0,1,2.16,0.55,SPY210514P00391000,391.0,0,0.0,0.0,,0.0,normalDay
2021-04-29,8491.0,170.0,0.0,0,420.06,0.0,1,2.16,0.46,SPY210514P00391000,391.0,0,0.0,0.0,,0.0,normalDay
2021-04-30,8491.0,159.0,0.0,0,417.3,0.0,1,2.16,0.57,SPY210514P00391000,391.0,0,0.0,0.0,,0.0,normalDay
2021-05-03,8491.0,177.0,0.0,0,418.2,0.0,1,2.16,0.39,SPY210514P00391000,391.0,0,0.0,0.0,,0.0,normalDay
2021-05-04,8491.0,168.0,0.0,0,415.62,0.0,1,2.16,0.48,SPY210514P00391000,391.0,0,0.0,0.0,,0.0,normalDay
2021-05-05,8491.0,174.0,0.0,0,415.75,0.0,1,2.16,0.42,SPY210514P00391000,391.0,0,0.0,0.0,,0.0,normalDay
2021-05-06,8491.0,193.0,0.0,0,419.07,0.0,1,2.16,0.23,SPY210514P00391000,391.0,0,0.0,0.0,,0.0,normalDay
2021-05-07,8491.0,201.0,0.0,0,422.12,0.0,1,2.16,0.15,SPY210514P00391000,391.0,0,0.0,0.0,,0.0,normalDay
2021-05-10,8491.0,197.0,0.0,0,417.94,0.0,1,2.16,0.19,SPY210514P00391000,391.0,0,0.0,0.0,,0.0,normalDay
2021-05-11,8491.0,198.0,0.0,0,414.21,0.0,1,2.16,0.18,SPY210514P00391000,391.0,0,0.0,0.0,,0.0,normalDay
2021-05-12,8491.0,158.0,0.0,0,405.41,0.0,1,2.16,0.58,SPY210514P00391000,391.0,0,0.0,0.0,,0.0,normalDay
2021-05-13,8491.0,213.0,0.0,0,410.28,0.0,1,2.16,0.03,SPY210514P00391000,391.0,0,0.0,0.0,,0.0,normalDay
2021-05-14,8707.0,0.0,216.0,0,416.58,0.0,1,2.16,0.0,SPY210514P00391000,391.0,0,0.0,0.0,,0.0,expirationDay
2021-05-17,8707.0,-4.0,0.0,0,415.52,0.0,1,6.94,6.98,SPY210618P00412000,412.0,0,0.0,0.0,,0.0,normalDay
2021-05-18,8707.0,-185.0,0.0,0,411.94,0.0,1,6.94,8.79,SPY210618P00412000,412.0,0,0.0,0.0,,0.0,normalDay
2021-05-19,8707.0,-232.0,0.0,0,410.86,0.0,1,6.94,9.26,SPY210618P00412000,412.0,0,0.0,0.0,,0.0,normalDay
2021-05-20,8707.0,3.0,0.0,0,415.28,0.0,1,6.94,6.91,SPY210618P00412000,412.0,0,0.0,0.0,,0.0,normalDay
2021-05-21,8707.0,46.0,0.0,0,414.94,0.0,1,6.94,6.48,SPY210618P00412000,412.0,0,0.0,0.0,,0.0,normalDay
2021-05-24,8707.0,264.0,0.0,0,419.17,0.0,1,6.94,4.3,SPY210618P00412000,412.0,0,0.0,0.0,,0.0,normalDay
2021-05-25,8707.0,235.0,0.0,0,418.24,0.0,1,6.94,4.59,SPY210618P00412000,412.0,0,0.0,0.0,,0.0,normalDay
2021-05-26,8707.0,314.0,0.0,0,419.07,0.0,1,6.94,3.8,SPY210618P00412000,412.0,0,0.0,0.0,,0.0,normalDay
2021-05-27,8707.0,373.0,0.0,0,419.29,0.0,1,6.94,3.21,SPY210618P00412000,412.0,0,0.0,0.0,,0.0,normalDay
2021-05-28,8707.0,400.0,0.0,0,420.04,0.0,1,6.94,2.94,SPY210618P00412000,412.0,0,0.0,0.0,,0.0,normalDay
2021-06-01,8707.0,396.0,0.0,0,419.67,0.0,1,6.94,2.98,SPY210618P00412000,412.0,0,0.0,0.0,,0.0,normalDay
2021-06-02,8707.0,447.0,0.0,0,420.33,0.0,1,6.94,2.47,SPY210618P00412000,412.0,0,0.0,0.0,,0.0,normalDay
2021-06-03,8707.0,405.0,0.0,0,418.77,0.0,1,6.94,2.89,SPY210618P00412000,412.0,0,0.0,0.0,,0.0,normalDay
2021-06-04,8707.0,532.0,0.0,0,422.6,0.0,1,6.94,1.62,SPY210618P00412000,412.0,0,0.0,0.0,,0.0,normalDay
2021-06-07,8707.0,571.0,0.0,0,422.19,0.0,1,6.94,1.23,SPY210618P00412000,412.0,0,0.0,0.0,,0.0,normalDay
2021-06-08,8707.0,558.0,0.0,0,422.28,0.0,1,6.94,1.36,SPY210618P00412000,412.0,0,0.0,0.0,,0.0,normalDay
2021-06-09,8707.0,539.0,0.0,0,421.65,0.0,1,6.94,1.55,SPY210618P00412000,412.0,0,0.0,0.0,,0.0,normalDay
2021-06-10,8707.0,621.0,0.0,0,423.61,0.0,1,6.94,0.73,SPY210618P00412000,412.0,0,0.0,0.0,,0.0,normalDay
2021-06-11,8707.0,642.0,0.0,0,424.31,0.0,1,6.94,0.52,SPY210618P00412000,412.0,0,0.0,0.0,,0.0,normalDay
2021-06-14,8707.0,659.0,0.0,0,425.26,0.0,1,6.94,0.35,SPY210618P00412000,412.0,0,0.0,0.0,,0.0,normalDay
2021-06-15,8707.0,650.0,0.0,0,424.48,0.0,1,6.94,0.44,SPY210618P00412000,412.0,0,0.0,0.0,,0.0,normalDay
2021-06-16,8707.0,634.0,0.0,0,422.11,0.0,1,6.94,0.6,SPY210618P00412000,412.0,0,0.0,0.0,,0.0,normalDay
2021-06-17,8707.0,673.0,0.0,0,421.97,0.0,1,6.94,0.21,SPY210618P00412000,412.0,0,0.0,0.0,,0.0,normalDay
2021-06-18,9401.0,0.0,694.0,0,414.92,0.0,1,6.94,0.0,SPY210618P00412000,412.0,0,0.0,0.0,,0.0,expirationDay
2021-06-21,9401.0,-5.0,0.0,0,420.86,0.0,1,5.71,5.76,SPY210723P00419000,419.0,0,0.0,0.0,,0.0,normalDay
2021-06-22,9401.0,100.0,0.0,0,423.11,0.0,1,5.71,4.71,SPY210723P00419000,419.0,0,0.0,0.0,,0.0,normalDay
2021-06-23,9401.0,115.0,0.0,0,422.6,0.0,1,5.71,4.56,SPY210723P00419000,419.0,0,0.0,0.0,,0.0,normalDay
2021-06-24,9401.0,200.0,0.0,0,425.1,0.0,1,5.71,3.71,SPY210723P00419000,419.0,0,0.0,0.0,,0.0,normalDay
2021-06-25,9401.0,269.0,0.0,0,426.61,0.0,1,5.71,3.02,SPY210723P00419000,419.0,0,0.0,0.0,,0.0,normalDay
2021-06-28,9401.0,304.0,0.0,0,427.47,0.0,1,5.71,2.67,SPY210723P00419000,419.0,0,0.0,0.0,,0.0,normalDay
2021-06-29,9401.0,317.0,0.0,0,427.7,0.0,1,5.71,2.54,SPY210723P00419000,419.0,0,0.0,0.0,,0.0,normalDay
2021-06-30,9401.0,345.0,0.0,0,428.06,0.0,1,5.71,2.26,SPY210723P00419000,419.0,0,0.0,0.0,,0.0,normalDay
2021-07-01,9401.0,377.0,0.0,0,430.43,0.0,1,5.71,1.94,SPY210723P00419000,419.0,0,0.0,0.0,,0.0,normalDay
2021-07-02,9401.0,433.0,0.0,0,433.72,0.0,1,5.71,1.38,SPY210723P00419000,419.0,0,0.0,0.0,,0.0,normalDay
2021-07-06,9401.0,426.0,0.0,0,432.93,0.0,1,5.71,1.45,SPY210723P00419000,419.0,0,0.0,0.0,,0.0,normalDay
2021-07-07,9401.0,456.0,0.0,0,434.46,0.0,1,5.71,1.15,SPY210723P00419000,419.0,0,0.0,0.0,,0.0,normalDay
2021-07-08,9401.0,357.0,0.0,0,430.92,0.0,1,5.71,2.14,SPY210723P00419000,419.0,0,0.0,0.0,,0.0,normalDay
2021-07-09,9401.0,481.0,0.0,0,435.52,0.0,1,5.71,0.9,SPY210723P00419000,419.0,0,0.0,0.0,,0.0,normalDay
2021-07-12,9401.0,512.0,0.0,0,437.08,0.0,1,5.71,0.59,SPY210723P00419000,419.0,0,0.0,0.0,,0.0,normalDay
2021-07-13,9401.0,497.0,0.0,0,435.59,0.0,1,5.71,0.74,SPY210723P00419000,419.0,0,0.0,0.0,,0.0,normalDay
2021-07-14,9401.0,528.0,0.0,0,436.24,0.0,1,5.71,0.43,SPY210723P00419000,419.0,0,0.0,0.0,,0.0,normalDay
2021-07-15,9401.0,519.0,0.0,0,434.75,0.0,1,5.71,0.52,SPY210723P00419000,419.0,0,0.0,0.0,,0.0,normalDay
2021-07-16,9401.0,501.0,0.0,0,431.34,0.0,1,5.71,0.7,SPY210723P00419000,419.0,0,0.0,0.0,,0.0,normalDay
2021-07-19,9401.0,392.0,0.0,0,424.97,0.0,1,5.71,1.79,SPY210723P00419000,419.0,0,0.0,0.0,,0.0,normalDay
2021-07-20,9401.0,536.0,0.0,0,431.06,0.0,1,5.71,0.35,SPY210723P00419000,419.0,0,0.0,0.0,,0.0,normalDay
2021-07-21,9401.0,566.0,0.0,0,434.55,0.0,1,5.71,0.05,SPY210723P00419000,419.0,0,0.0,0.0,,0.0,normalDay
2021-07-22,9401.0,569.0,0.0,0,435.46,0.0,1,5.71,0.02,SPY210723P00419000,419.0,0,0.0,0.0,,0.0,normalDay
2021-07-23,9972.0,0.0,571.0,0,439.94,0.0,1,5.71,0.0,SPY210723P00419000,419.0,0,0.0,0.0,,0.0,expirationDay
2021-07-26,9972.0,-4.0,0.0,0,441.02,0.0,1,3.9,3.94,SPY210827P00429000,429.0,0,0.0,0.0,,0.0,normalDay
2021-07-27,9972.0,-98.0,0.0,0,439.01,0.0,1,3.9,4.88,SPY210827P00429000,429.0,0,0.0,0.0,,0.0,normalDay
2021-07-28,9972.0,-50.0,0.0,0,438.83,0.0,1,3.9,4.4,SPY210827P00429000,429.0,0,0.0,0.0,,0.0,normalDay
2021-07-29,9972.0,29.0,0.0,0,440.65,0.0,1,3.9,3.61,SPY210827P00429000,429.0,0,0.0,0.0,,0.0,normalDay
2021-07-30,9972.0,-2.0,0.0,0,438.51,0.0,1,3.9,3.92,SPY210827P00429000,429.0,0,0.0,0.0,,0.0,normalDay
2021-08-02,9972.0,-37.0,0.0,0,437.59,0.0,1,3.9,4.27,SPY210827P00429000,429.0,0,0.0,0.0,,0.0,normalDay
2021-08-03,9972.0,88.0,0.0,0,441.15,0.0,1,3.9,3.02,SPY210827P00429000,429.0,0,0.0,0.0,,0.0,normalDay
2021-08-04,9972.0,67.0,0.0,0,438.98,0.0,1,3.9,3.23,SPY210827P00429000,429.0,0,0.0,0.0,,0.0,normalDay
2021-08-05,9972.0,139.0,0.0,0,441.76,0.0,1,3.9,2.51,SPY210827P00429000,429.0,0,0.0,0.0,,0.0,normalDay
2021-08-06,9972.0,194.0,0.0,0,442.49,0.0,1,3.9,1.96,SPY210827P00429000,429.0,0,0.0,0.0,,0.0,normalDay
2021-08-09,9972.0,211.0,0.0,0,442.13,0.0,1,3.9,1.79,SPY210827P00429000,429.0,0,0.0,0.0,,0.0,normalDay
2021-08-10,9972.0,216.0,0.0,0,442.68,0.0,1,3.9,1.74,SPY210827P00429000,429.0,0,0.0,0.0,,0.0,normalDay
2021-08-11,9972.0,259.0,0.0,0,443.78,0.0,1,3.9,1.31,SPY210827P00429000,429.0,0,0.0,0.0,,0.0,normalDay
2021-08-12,9972.0,292.0,0.0,0,445.11,0.0,1,3.9,0.98,SPY210827P00429000,429.0,0,0.0,0.0,,0.0,normalDay
2021-08-13,9972.0,316.0,0.0,0,445.92,0.0,1,3.9,0.74,SPY210827P00429000,429.0,0,0.0,0.0,,0.0,normalDay
2021-08-16,9972.0,330.0,0.0,0,446.97,0.0,1,3.9,0.6,SPY210827P00429000,429.0,0,0.0,0.0,,0.0,normalDay
2021-08-17,9972.0,280.0,0.0,0,444.04,0.0,1,3.9,1.1,SPY210827P00429000,429.0,0,0.0,0.0,,0.0,normalDay
2021-08-18,9972.0,159.0,0.0,0,439.18,0.0,1,3.9,2.31,SPY210827P00429000,429.0,0,0.0,0.0,,0.0,normalDay
2021-08-19,9972.0,203.0,0.0,0,439.86,0.0,1,3.9,1.87,SPY210827P00429000,429.0,0,0.0,0.0,,0.0,normalDay
2021-08-20,9972.0,337.0,0.0,0,443.36,0.0,1,3.9,0.53,SPY210827P00429000,429.0,0,0.0,0.0,,0.0,normalDay
2021-08-23,9972.0,378.0,0.0,0,447.26,0.0,1,3.9,0.12,SPY210827P00429000,429.0,0,0.0,0.0,,0.0,normalDay
2021-08-24,9972.0,382.0,0.0,0,447.97,0.0,1,3.9,0.08,SPY210827P00429000,429.0,0,0.0,0.0,,0.0,normalDay
2021-08-25,9972.0,385.0,0.0,0,448.91,0.0,1,3.9,0.05,SPY210827P00429000,429.0,0,0.0,0.0,,0.0,normalDay
2021-08-26,9972.0,384.0,0.0,0,446.26,0.0,1,3.9,0.06,SPY210827P00429000,429.0,0,0.0,0.0,,0.0,normalDay
2021-08-27,10362.0,0.0,390.0,0,450.25,0.0,1,3.9,0.0,SPY210827P00429000,429.0,0,0.0,0.0,,0.0,expirationDay
2021-08-30,10362.0,-4.0,0.0,0,452.23,0.0,1,3.75,3.79,SPY211001P00441000,441.0,0,0.0,0.0,,0.0,normalDay
2021-08-31,10362.0,-3.0,0.0,0,451.56,0.0,1,3.75,3.78,SPY211001P00441000,441.0,0,0.0,0.0,,0.0,normalDay
2021-09-01,10362.0,22.0,0.0,0,451.8,0.0,1,3.75,3.53,SPY211001P00441000,441.0,0,0.0,0.0,,0.0,normalDay
2021-09-02,10362.0,49.0,0.0,0,453.19,0.0,1,3.75,3.26,SPY211001P00441000,441.0,0,0.0,0.0,,0.0,normalDay
2021-09-03,10362.0,60.0,0.0,0,453.08,0.0,1,3.75,3.15,SPY211001P00441000,441.0,0,0.0,0.0,,0.0,normalDay
2021-09-07,10362.0,26.0,0.0,0,451.46,0.0,1,3.75,3.49,SPY211001P00441000,441.0,0,0.0,0.0,,0.0,normalDay
2021-09-08,10362.0,27.0,0.0,0,450.91,0.0,1,3.75,3.48,SPY211001P00441000,441.0,0,0.0,0.0,,0.0,normalDay
2021-09-09,10362.0,-48.0,0.0,0,448.98,0.0,1,3.75,4.23,SPY211001P00441000,441.0,0,0.0,0.0,,0.0,normalDay
2021-09-10,10362.0,-174.0,0.0,0,445.44,0.0,1,3.75,5.49,SPY211001P00441000,441.0,0,0.0,0.0,,0.0,normalDay
2021-09-13,10362.0,-56.0,0.0,0,446.58,0.0,1,3.75,4.31,SPY211001P00441000,441.0,0,0.0,0.0,,0.0,normalDay
2021-09-14,10362.0,-129.0,0.0,0,444.17,0.0,1,3.75,5.04,SPY211001P00441000,441.0,0,0.0,0.0,,0.0,normalDay
2021-09-15,10362.0,53.0,0.0,0,447.88,0.0,1,3.75,3.22,SPY211001P00441000,441.0,0,0.0,0.0,,0.0,normalDay
2021-09-16,10362.0,34.0,0.0,0,447.17,0.0,1,3.75,3.41,SPY211001P00441000,441.0,0,0.0,0.0,,0.0,normalDay
2021-09-17,10362.0,-160.0,0.0,0,441.4,0.0,1,3.75,5.35,SPY211001P00441000,441.0,0,0.0,0.0,,0.0,normalDay
2021-09-20,10362.0,-604.0,0.0,0,434.04,0.0,1,3.75,9.79,SPY211001P00441000,441.0,0,0.0,0.0,,0.0,normalDay
2021-09-21,10362.0,-592.0,0.0,0,433.63,0.0,1,3.75,9.67,SPY211001P00441000,441.0,0,0.0,0.0,,0.0,normalDay
2021-09-22,10362.0,-207.0,0.0,0,437.86,0.0,1,3.75,5.82,SPY211001P00441000,441.0,0,0.0,0.0,,0.0,normalDay
2021-09-23,10362.0,98.0,0.0,0,443.18,0.0,1,3.75,2.77,SPY211001P00441000,441.0,0,0.0,0.0,,0.0,normalDay
2021-09-24,10362.0,181.0,0.0,0,443.91,0.0,1,3.75,1.94,SPY211001P00441000,441.0,0,0.0,0.0,,0.0,normalDay
2021-09-27,10362.0,185.0,0.0,0,442.64,0.0,1,3.75,1.9,SPY211001P00441000,441.0,0,0.0,0.0,,0.0,normalDay
2021-09-28,10362.0,-377.0,0.0,0,433.72,0.0,1,3.75,7.52,SPY211001P00441000,441.0,0,0.0,0.0,,0.0,normalDay
2021-09-29,10362.0,-286.0,0.0,0,434.45,0.0,1,3.75,6.61,SPY211001P00441000,441.0,0,0.0,0.0,,0.0,normalDay
2021-09-30,10362.0,-759.0,0.0,0,429.14,0.0,1,3.75,11.34,SPY211001P00441000,441.0,0,0.0,0.0,,0.0,normalDay
2021-10-01,10737.0,-676.0,375.0,100,434.24,441.0,1,3.75,0.0,SPY211001P00441000,441.0,0,0.0,0.0,,0.0,expirationDay
2021-10-04,10737.0,-1275.0,0.0,100,428.64,441.0,0,0.0,0.0,,0.0,1,15.46,15.85,SPY220331C00442000,442.0,normalDay
2021-10-05,10737.0,-997.0,0.0,100,433.1,441.0,0,0.0,0.0,,0.0,1,15.46,17.53,SPY220331C00442000,442.0,normalDay
2021-10-06,10737.0,-887.0,0.0,100,434.9,441.0,0,0.0,0.0,,0.0,1,15.46,18.23,SPY220331C00442000,442.0,normalDay
2021-10-07,10737.0,-689.0,0.0,100,438.66,441.0,0,0.0,0.0,,0.0,1,15.46,20.01,SPY220331C00442000,442.0,normalDay
2021-10-08,10737.0,-670.0,0.0,100,437.86,441.0,0,0.0,0.0,,0.0,1,15.46,19.02,SPY220331C00442000,442.0,normalDay
2021-10-11,10737.0,-805.0,0.0,100,434.69,441.0,0,0.0,0.0,,0.0,1,15.46,17.2,SPY220331C00442000,442.0,normalDay
2021-10-12,10737.0,-787.0,0.0,100,433.62,441.0,0,0.0,0.0,,0.0,1,15.46,15.95,SPY220331C00442000,442.0,normalDay
2021-10-13,10737.0,-702.0,0.0,100,435.18,441.0,0,0.0,0.0,,0.0,1,15.46,16.66,SPY220331C00442000,442.0,normalDay
2021-10-14,10737.0,-348.0,0.0,100,442.5,441.0,0,0.0,0.0,,0.0,1,15.46,20.44,SPY220331C00442000,442.0,normalDay
2021-10-15,10737.0,-216.0,0.0,100,445.87,441.0,0,0.0,0.0,,0.0,1,15.46,22.49,SPY220331C00442000,442.0,normalDay
2021-10-18,10737.0,-160.0,0.0,100,447.19,441.0,0,0.0,0.0,,0.0,1,15.46,23.25,SPY220331C00442000,442.0,normalDay
2021-10-19,10737.0,-44.0,0.0,100,450.64,441.0,0,0.0,0.0,,0.0,1,15.46,25.54,SPY220331C00442000,442.0,normalDay
2021-10-20,10737.0,84.0,0.0,100,452.41,441.0,0,0.0,0.0,,0.0,1,15.46,26.03,SPY220331C00442000,442.0,normalDay
2021-10-21,10737.0,121.0,0.0,100,453.59,441.0,0,0.0,0.0,,0.0,1,15.46,26.84,SPY220331C00442000,442.0,normalDay
2021-10-22,10737.0,99.0,0.0,100,453.12,441.0,0,0.0,0.0,,0.0,1,15.46,26.59,SPY220331C00442000,442.0,normalDay
2021-10-25,10737.0,234.0,0.0,100,455.55,441.0,0,0.0,0.0,,0.0,1,15.46,27.67,SPY220331C00442000,442.0,normalDay
2021-10-26,10737.0,176.0,0.0,100,455.96,441.0,0,0.0,0.0,,0.0,1,15.46,28.66,SPY220331C00442000,442.0,normalDay
2021-10-27,10737.0,69.0,0.0,100,453.94,441.0,0,0.0,0.0,,0.0,1,15.46,27.71,SPY220331C00442000,442.0,normalDay
2021-10-28,10737.0,235.0,0.0,100,458.32,441.0,0,0.0,0.0,,0.0,1,15.46,30.43,SPY220331C00442000,442.0,normalDay
2021-10-29,10737.0,248.0,0.0,100,459.25,441.0,0,0.0,0.0,,0.0,1,15.46,31.23,SPY220331C00442000,442.0,normalDay
2021-11-01,10737.0,290.0,0.0,100,460.04,441.0,0,0.0,0.0,,0.0,1,15.46,31.6,SPY220331C00442000,442.0,normalDay
2021-11-02,10737.0,376.0,0.0,100,461.9,441.0,0,0.0,0.0,,0.0,1,15.46,32.6,SPY220331C00442000,442.0,normalDay
2021-11-03,10737.0,465.0,0.0,100,464.72,441.0,0,0.0,0.0,,0.0,1,15.46,34.53,SPY220331C00442000,442.0,normalDay
2021-11-04,10737.0,526.0,0.0,100,466.91,441.0,0,0.0,0.0,,0.0,1,15.46,36.11,SPY220331C00442000,442.0,normalDay
2021-11-05,10737.0,510.0,0.0,100,468.53,441.0,0,0.0,0.0,,0.0,1,15.46,37.89,SPY220331C00442000,442.0,normalDay
2021-11-08,10737.0,523.0,0.0,100,468.93,441.0,0,0.0,0.0,,0.0,1,15.46,38.16,SPY220331C00442000,442.0,normalDay
2021-11-09,10737.0,473.0,0.0,100,467.38,441.0,0,0.0,0.0,,0.0,1,15.46,37.11,SPY220331C00442000,442.0,normalDay
2021-11-10,10737.0,355.0,0.0,100,463.62,441.0,0,0.0,0.0,,0.0,1,15.46,34.53,SPY220331C00442000,442.0,normalDay
2021-11-11,10737.0,389.0,0.0,100,463.77,441.0,0,0.0,0.0,,0.0,1,15.46,34.34,SPY220331C00442000,442.0,normalDay
2021-11-12,10737.0,495.0,0.0,100,467.27,441.0,0,0.0,0.0,,0.0,1,15.46,36.78,SPY220331C00442000,442.0,normalDay
2021-11-15,10737.0,547.0,0.0,100,467.43,441.0,0,0.0,0.0,,0.0,1,15.46,36.42,SPY220331C00442000,442.0,normalDay
2021-11-16,10737.0,577.0,0.0,100,469.28,441.0,0,0.0,0.0,,0.0,1,15.46,37.97,SPY220331C00442000,442.0,normalDay
2021-11-17,10737.0,541.0,0.0,100,468.14,441.0,0,0.0,0.0,,0.0,1,15.46,37.19,SPY220331C00442000,442.0,normalDay
2021-11-18,10737.0,547.0,0.0,100,469.73,441.0,0,0.0,0.0,,0.0,1,15.46,38.72,SPY220331C00442000,442.0,normalDay
2021-11-19,10737.0,521.0,0.0,100,468.89,441.0,0,0.0,0.0,,0.0,1,15.46,38.14,SPY220331C00442000,442.0,normalDay
2021-11-22,10737.0,480.0,0.0,100,467.57,441.0,0,0.0,0.0,,0.0,1,15.46,37.23,SPY220331C00442000,442.0,normalDay
2021-11-23,10737.0,536.0,0.0,100,468.19,441.0,0,0.0,0.0,,0.0,1,15.46,37.29,SPY220331C00442000,442.0,normalDay
2021-11-24,10737.0,559.0,0.0,100,469.44,441.0,0,0.0,0.0,,0.0,1,15.46,38.31,SPY220331C00442000,442.0,normalDay
2021-11-26,10737.0,-46.0,0.0,100,458.97,441.0,0,0.0,0.0,,0.0,1,15.46,33.89,SPY220331C00442000,442.0,normalDay
2021-11-29,10737.0,357.0,0.0,100,464.6,441.0,0,0.0,0.0,,0.0,1,15.46,35.49,SPY220331C00442000,442.0,normalDay
2021-11-30,10737.0,-206.0,0.0,100,455.56,441.0,0,0.0,0.0,,0.0,1,15.46,32.08,SPY220331C00442000,442.0,normalDay
2021-12-01,10737.0,-360.0,0.0,100,450.5,441.0,0,0.0,0.0,,0.0,1,15.46,28.56,SPY220331C00442000,442.0,normalDay
2021-12-02,10737.0,15.0,0.0,100,457.4,441.0,0,0.0,0.0,,0.0,1,15.46,31.71,SPY220331C00442000,442.0,normalDay
2021-12-03,10737.0,-246.0,0.0,100,453.42,441.0,0,0.0,0.0,,0.0,1,15.46,30.34,SPY220331C00442000,442.0,normalDay
2021-12-06,10737.0,83.0,0.0,100,458.79,441.0,0,0.0,0.0,,0.0,1,15.46,32.42,SPY220331C00442000,442.0,normalDay
2021-12-07,10737.0,492.0,0.0,100,468.28,441.0,0,0.0,0.0,,0.0,1,15.46,37.82,SPY220331C00442000,442.0,normalDay
2021-12-08,10737.0,619.0,0.0,100,469.52,441.0,0,0.0,0.0,,0.0,1,15.46,37.79,SPY220331C00442000,442.0,normalDay
2021-12-09,10737.0,519.0,0.0,100,466.35,441.0,0,0.0,0.0,,0.0,1,15.46,35.62,SPY220331C00442000,442.0,normalDay
2021-12-10,10737.0,679.0,0.0,100,470.74,441.0,0,0.0,0.0,,0.0,1,15.46,38.41,SPY220331C00442000,442.0,normalDay
2021-12-13,10737.0,570.0,0.0,100,466.57,441.0,0,0.0,0.0,,0.0,1,15.46,35.33,SPY220331C00442000,442.0,normalDay
2021-12-14,10737.0,445.0,0.0,100,463.36,441.0,0,0.0,0.0,,0.0,1,15.46,33.37,SPY220331C00442000,442.0,normalDay
2021-12-15,10737.0,692.0,0.0,100,470.6,441.0,0,0.0,0.0,,0.0,1,15.46,38.14,SPY220331C00442000,442.0,normalDay
2021-12-16,10737.0,528.0,0.0,100,466.45,441.0,0,0.0,0.0,,0.0,1,15.46,35.63,SPY220331C00442000,442.0,normalDay
2021-12-17,10737.0,189.0,0.0,100,459.87,441.0,0,0.0,0.0,,0.0,1,15.46,32.44,SPY220331C00442000,442.0,normalDay
2021-12-20,10737.0,77.0,0.0,100,454.98,441.0,0,0.0,0.0,,0.0,1,15.46,28.67,SPY220331C00442000,442.0,normalDay
2021-12-21,10737.0,413.0,0.0,100,463.06,441.0,0,0.0,0.0,,0.0,1,15.46,33.39,SPY220331C00442000,442.0,normalDay
2021-12-22,10737.0,590.0,0.0,100,467.69,441.0,0,0.0,0.0,,0.0,1,15.46,36.25,SPY220331C00442000,442.0,normalDay
2021-12-23,10737.0,638.0,0.0,100,470.6,441.0,0,0.0,0.0,,0.0,1,15.46,38.68,SPY220331C00442000,442.0,normalDay
2021-12-27,10737.0,839.0,0.0,100,477.26,441.0,0,0.0,0.0,,0.0,1,15.46,43.33,SPY220331C00442000,442.0,normalDay
2021-12-28,10737.0,808.0,0.0,100,476.87,441.0,0,0.0,0.0,,0.0,1,15.46,43.25,SPY220331C00442000,442.0,normalDay
2021-12-29,10737.0,883.0,0.0,100,477.48,441.0,0,0.0,0.0,,0.0,1,15.46,43.11,SPY220331C00442000,442.0,normalDay
2021-12-30,10737.0,886.0,0.0,100,476.16,441.0,0,0.0,0.0,,0.0,1,15.46,41.76,SPY220331C00442000,442.0,normalDay
2021-12-31,10737.0,860.0,0.0,100,474.96,441.0,0,0.0,0.0,,0.0,1,15.46,40.82,SPY220331C00442000,442.0,normalDay
2022-01-03,10737.0,976.0,0.0,100,477.71,441.0,0,0.0,0.0,,0.0,1,15.46,42.41,SPY220331C00442000,442.0,normalDay
2022-01-04,10737.0,1016.0,0.0,100,477.55,441.0,0,0.0,0.0,,0.0,1,15.46,41.85,SPY220331C00442000,442.0,normalDay
2022-01-05,10737.0,725.0,0.0,100,468.38,441.0,0,0.0,0.0,,0.0,1,15.46,35.59,SPY220331C00442000,442.0,normalDay
2022-01-06,10737.0,747.0,0.0,100,467.94,441.0,0,0.0,0.0,,0.0,1,15.46,34.93,SPY220331C00442000,442.0,normalDay
2022-01-07,10737.0,733.0,0.0,100,466.09,441.0,0,0.0,0.0,,0.0,1,15.46,33.22,SPY220331C00442000,442.0,normalDay
2022-01-10,10737.0,820.0,0.0,100,465.51,441.0,0,0.0,0.0,,0.0,1,15.46,31.77,SPY220331C00442000,442.0,normalDay
2022-01-11,10737.0,938.0,0.0,100,469.75,441.0,0,0.0,0.0,,0.0,1,15.46,34.83,SPY220331C00442000,442.0,normalDay
2022-01-12,10737.0,937.0,0.0,100,471.02,441.0,0,0.0,0.0,,0.0,1,15.46,36.11,SPY220331C00442000,442.0,normalDay
2022-01-13,10737.0,780.0,0.0,100,464.53,441.0,0,0.0,0.0,,0.0,1,15.46,31.19,SPY220331C00442000,442.0,normalDay
2022-01-14,10737.0,804.0,0.0,100,464.72,441.0,0,0.0,0.0,,0.0,1,15.46,31.14,SPY220331C00442000,442.0,normalDay
2022-01-18,10737.0,547.0,0.0,100,456.49,441.0,0,0.0,0.0,,0.0,1,15.46,25.48,SPY220331C00442000,442.0,normalDay
2022-01-19,10737.0,382.0,0.0,100,451.75,441.0,0,0.0,0.0,,0.0,1,15.46,22.39,SPY220331C00442000,442.0,normalDay
2022-01-20,10737.0,201.0,0.0,100,446.75,441.0,0,0.0,0.0,,0.0,1,15.46,19.2,SPY220331C00442000,442.0,normalDay
2022-01-21,10737.0,-282.0,0.0,100,437.98,441.0,0,0.0,0.0,,0.0,1,15.46,15.26,SPY220331C00442000,442.0,normalDay
2022-01-24,10737.0,-129.0,0.0,100,439.84,441.0,0,0.0,0.0,,0.0,1,15.46,15.59,SPY220331C00442000,442.0,normalDay
2022-01-25,10737.0,-362.0,0.0,100,434.47,441.0,0,0.0,0.0,,0.0,1,15.46,12.55,SPY220331C00442000,442.0,normalDay
2022-01-26,10737.0,-445.0,0.0,100,433.38,441.0,0,0.0,0.0,,0.0,1,15.46,12.29,SPY220331C00442000,442.0,normalDay
2022-01-27,10737.0,-570.0,0.0,100,431.24,441.0,0,0.0,0.0,,0.0,1,15.46,11.4,SPY220331C00442000,442.0,normalDay
2022-01-28,10737.0,81.0,0.0,100,441.95,441.0,0,0.0,0.0,,0.0,1,15.46,15.6,SPY220331C00442000,442.0,normalDay
2022-01-31,10737.0,519.0,0.0,100,449.91,441.0,0,0.0,0.0,,0.0,1,15.46,19.18,SPY220331C00442000,442.0,normalDay
2022-02-01,10737.0,645.0,0.0,100,452.95,441.0,0,0.0,0.0,,0.0,1,15.46,20.96,SPY220331C00442000,442.0,normalDay
2022-02-02,10737.0,941.0,0.0,100,457.35,441.0,0,0.0,0.0,,0.0,1,15.46,22.4,SPY220331C00442000,442.0,normalDay
2022-02-03,10737.0,183.0,0.0,100,446.6,441.0,0,0.0,0.0,,0.0,1,15.46,19.23,SPY220331C00442000,442.0,normalDay
2022-02-04,10737.0,548.0,0.0,100,448.7,441.0,0,0.0,0.0,,0.0,1,15.46,17.68,SPY220331C00442000,442.0,normalDay
2022-02-07,10737.0,486.0,0.0,100,447.26,441.0,0,0.0,0.0,,0.0,1,15.46,16.86,SPY220331C00442000,442.0,normalDay
2022-02-08,10737.0,668.0,0.0,100,450.94,441.0,0,0.0,0.0,,0.0,1,15.46,18.72,SPY220331C00442000,442.0,normalDay
2022-02-09,10737.0,947.0,0.0,100,457.54,441.0,0,0.0,0.0,,0.0,1,15.46,22.53,SPY220331C00442000,442.0,normalDay
2022-02-10,10737.0,612.0,0.0,100,449.32,441.0,0,0.0,0.0,,0.0,1,15.46,17.66,SPY220331C00442000,442.0,normalDay
2022-02-11,10737.0,128.0,0.0,100,440.46,441.0,0,0.0,0.0,,0.0,1,15.46,13.64,SPY220331C00442000,442.0,normalDay
2022-02-14,10737.0,110.0,0.0,100,439.02,441.0,0,0.0,0.0,,0.0,1,15.46,12.38,SPY220331C00442000,442.0,normalDay
2022-02-15,10737.0,596.0,0.0,100,446.1,441.0,0,0.0,0.0,,0.0,1,15.46,14.6,SPY220331C00442000,442.0,normalDay
2022-02-16,10737.0,650.0,0.0,100,446.6,441.0,0,0.0,0.0,,0.0,1,15.46,14.56,SPY220331C00442000,442.0,normalDay
2022-02-17,10737.0,114.0,0.0,100,437.06,441.0,0,0.0,0.0,,0.0,1,15.46,10.38,SPY220331C00442000,442.0,normalDay
2022-02-18,10737.0,-41.0,0.0,100,434.23,441.0,0,0.0,0.0,,0.0,1,15.46,9.1,SPY220331C00442000,442.0,normalDay
2022-02-22,10737.0,-308.0,0.0,100,429.57,441.0,0,0.0,0.0,,0.0,1,15.46,7.11,SPY220331C00442000,442.0,normalDay
2022-02-23,10737.0,-799.0,0.0,100,421.95,441.0,0,0.0,0.0,,0.0,1,15.46,4.4,SPY220331C00442000,442.0,normalDay
2022-02-24,10737.0,-264.0,0.0,100,428.3,441.0,0,0.0,0.0,,0.0,1,15.46,5.4,SPY220331C00442000,442.0,normalDay
2022-02-25,10737.0,299.0,0.0,100,437.75,441.0,0,0.0,0.0,,0.0,1,15.46,9.22,SPY220331C00442000,442.0,normalDay
2022-02-28,10737.0,211.0,0.0,100,436.63,441.0,0,0.0,0.0,,0.0,1,15.46,8.98,SPY220331C00442000,442.0,normalDay
2022-03-01,10737.0,-294.0,0.0,100,429.98,441.0,0,0.0,0.0,,0.0,1,15.46,7.38,SPY220331C00442000,442.0,normalDay
2022-03-02,10737.0,291.0,0.0,100,437.89,441.0,0,0.0,0.0,,0.0,1,15.46,9.44,SPY220331C00442000,442.0,normalDay
2022-03-03,10737.0,172.0,0.0,100,435.71,441.0,0,0.0,0.0,,0.0,1,15.46,8.45,SPY220331C00442000,442.0,normalDay
2022-03-04,10737.0,-6.0,0.0,100,432.17,441.0,0,0.0,0.0,,0.0,1,15.46,6.69,SPY220331C00442000,442.0,normalDay
2022-03-07,10737.0,-903.0,0.0,100,419.43,441.0,0,0.0,0.0,,0.0,1,15.46,2.92,SPY220331C00442000,442.0,normalDay
2022-03-08,10737.0,-1119.0,0.0,100,416.25,441.0,0,0.0,0.0,,0.0,1,15.46,1.9,SPY220331C00442000,442.0,normalDay
2022-03-09,10737.0,-236.0,0.0,100,427.41,441.0,0,0.0,0.0,,0.0,1,15.46,4.23,SPY220331C00442000,442.0,normalDay
2022-03-10,10737.0,-300.0,0.0,100,425.48,441.0,0,0.0,0.0,,0.0,1,15.46,2.94,SPY220331C00442000,442.0,normalDay
2022-03-11,10737.0,-732.0,0.0,100,420.07,441.0,0,0.0,0.0,,0.0,1,15.46,1.85,SPY220331C00442000,442.0,normalDay
2022-03-14,10737.0,-983.0,0.0,100,417.0,441.0,0,0.0,0.0,,0.0,1,15.46,1.29,SPY220331C00442000,442.0,normalDay
2022-03-15,10737.0,-173.0,0.0,100,426.17,441.0,0,0.0,0.0,,0.0,1,15.46,2.36,SPY220331C00442000,442.0,normalDay
2022-03-16,10737.0,592.0,0.0,100,435.62,441.0,0,0.0,0.0,,0.0,1,15.46,4.16,SPY220331C00442000,442.0,normalDay
2022-03-17,10737.0,982.0,0.0,100,441.07,441.0,0,0.0,0.0,,0.0,1,15.46,5.71,SPY220331C00442000,442.0,normalDay
2022-03-18,10737.0,1047.0,0.0,100,444.52,441.0,0,0.0,0.0,,0.0,1,15.46,8.51,SPY220331C00442000,442.0,normalDay
2022-03-21,10737.0,1121.0,0.0,100,444.39,441.0,0,0.0,0.0,,0.0,1,15.46,7.64,SPY220331C00442000,442.0,normalDay
2022-03-22,10737.0,1330.0,0.0,100,449.59,441.0,0,0.0,0.0,,0.0,1,15.46,10.75,SPY220331C00442000,442.0,normalDay
2022-03-23,10737.0,1181.0,0.0,100,443.8,441.0,0,0.0,0.0,,0.0,1,15.46,6.45,SPY220331C00442000,442.0,normalDay
2022-03-24,10737.0,1453.0,0.0,100,450.49,441.0,0,0.0,0.0,,0.0,1,15.46,10.42,SPY220331C00442000,442.0,normalDay
2022-03-25,10737.0,1539.0,0.0,100,452.69,441.0,0,0.0,0.0,,0.0,1,15.46,11.76,SPY220331C00442000,442.0,normalDay
2022-03-28,10737.0,1597.0,0.0,100,455.91,441.0,0,0.0,0.0,,0.0,1,15.46,14.4,SPY220331C00442000,442.0,normalDay
2022-03-29,10737.0,1658.0,0.0,100,461.55,441.0,0,0.0,0.0,,0.0,1,15.46,19.43,SPY220331C00442000,442.0,normalDay
2022-03-30,10737.0,1598.0,0.0,100,458.7,441.0,0,0.0,0.0,,0.0,1,15.46,17.18,SPY220331C00442000,442.0,normalDay
2022-03-31,12383.0,1598.0,1646.0,0,451.64,0.0,0,0.0,0.0,,0.0,1,15.46,0.0,SPY220331C00442000,442.0,expirationDay
2022-04-01,12383.0,-6.0,0.0,0,452.92,0.0,1,2.24,2.3,SPY220502P00425000,425.0,0,0.0,0.0,,0.0,normalDay
2022-04-04,12383.0,83.0,0.0,0,456.8,0.0,1,2.24,1.41,SPY220502P00425000,425.0,0,0.0,0.0,,0.0,normalDay
2022-04-05,12383.0,-10.0,0.0,0,451.03,0.0,1,2.24,2.34,SPY220502P00425000,425.0,0,0.0,0.0,,0.0,normalDay
2022-04-06,12383.0,-79.0,0.0,0,446.52,0.0,1,2.24,3.03,SPY220502P00425000,425.0,0,0.0,0.0,,0.0,normalDay
2022-04-07,12383.0,-29.0,0.0,0,448.77,0.0,1,2.24,2.53,SPY220502P00425000,425.0,0,0.0,0.0,,0.0,normalDay
2022-04-08,12383.0,-22.0,0.0,0,447.57,0.0,1,2.24,2.46,SPY220502P00425000,425.0,0,0.0,0.0,,0.0,normalDay
2022-04-11,12383.0,-192.0,0.0,0,439.92,0.0,1,2.24,4.16,SPY220502P00425000,425.0,0,0.0,0.0,,0.0,normalDay
2022-04-12,12383.0,-206.0,0.0,0,438.29,0.0,1,2.24,4.3,SPY220502P00425000,425.0,0,0.0,0.0,,0.0,normalDay
2022-04-13,12383.0,-22.0,0.0,0,443.31,0.0,1,2.24,2.46,SPY220502P00425000,425.0,0,0.0,0.0,,0.0,normalDay
2022-04-14,12383.0,-102.0,0.0,0,437.79,0.0,1,2.24,3.26,SPY220502P00425000,425.0,0,0.0,0.0,,0.0,normalDay
2022-04-18,12383.0,-1.0,0.0,0,437.97,0.0,1,2.24,2.25,SPY220502P00425000,425.0,0,0.0,0.0,,0.0,normalDay
2022-04-19,12383.0,72.0,0.0,0,445.04,0.0,1,2.24,1.52,SPY220502P00425000,425.0,0,0.0,0.0,,0.0,normalDay
2022-04-20,12383.0,126.0,0.0,0,444.71,0.0,1,2.24,0.98,SPY220502P00425000,425.0,0,0.0,0.0,,0.0,normalDay
2022-04-21,12383.0,9.0,0.0,0,438.06,0.0,1,2.24,2.15,SPY220502P00425000,425.0,0,0.0,0.0,,0.0,normalDay
2022-04-22,12383.0,-451.0,0.0,0,426.04,0.0,1,2.24,6.75,SPY220502P00425000,425.0,0,0.0,0.0,,0.0,normalDay
2022-04-25,12383.0,-212.0,0.0,0,428.51,0.0,1,2.24,4.36,SPY220502P00425000,425.0,0,0.0,0.0,,0.0,normalDay
2022-04-26,12383.0,-1030.0,0.0,0,416.1,0.0,1,2.24,12.54,SPY220502P00425000,425.0,0,0.0,0.0,,0.0,normalDay
2022-04-27,12383.0,-711.0,0.0,0,417.27,0.0,1,2.24,9.35,SPY220502P00425000,425.0,0,0.0,0.0,,0.0,normalDay
2022-04-28,12383.0,-172.0,0.0,0,427.81,0.0,1,2.24,3.96,SPY220502P00425000,425.0,0,0.0,0.0,,0.0,normalDay
2022-04-29,12383.0,-1031.0,0.0,0,412.0,0.0,1,2.24,12.55,SPY220502P00425000,425.0,0,0.0,0.0,,0.0,normalDay
2022-05-02,12607.0,-1052.0,224.0,100,414.48,425.0,1,2.24,0.0,SPY220502P00425000,425.0,0,0.0,0.0,,0.0,expirationDay
2022-05-03,12607.0,-917.0,0.0,100,416.38,425.0,0,0.0,0.0,,0.0,1,21.78,22.33,SPY221216C00435000,435.0,normalDay
2022-05-04,12607.0,-197.0,0.0,100,429.06,425.0,0,0.0,0.0,,0.0,1,21.78,27.81,SPY221216C00435000,435.0,normalDay
2022-05-05,12607.0,-1075.0,0.0,100,413.81,425.0,0,0.0,0.0,,0.0,1,21.78,21.34,SPY221216C00435000,435.0,normalDay
2022-05-06,12607.0,-1131.0,0.0,100,411.34,425.0,0,0.0,0.0,,0.0,1,21.78,19.43,SPY221216C00435000,435.0,normalDay
2022-05-09,12607.0,-2031.0,0.0,100,398.17,425.0,0,0.0,0.0,,0.0,1,21.78,15.26,SPY221216C00435000,435.0,normalDay
2022-05-10,12607.0,-1895.0,0.0,100,399.09,425.0,0,0.0,0.0,,0.0,1,21.78,14.82,SPY221216C00435000,435.0,normalDay
2022-05-11,12607.0,-2320.0,0.0,100,392.75,425.0,0,0.0,0.0,,0.0,1,21.78,12.73,SPY221216C00435000,435.0,normalDay
2022-05-12,12607.0,-2266.0,0.0,100,392.34,425.0,0,0.0,0.0,,0.0,1,21.78,11.78,SPY221216C00435000,435.0,normalDay
2022-05-13,12607.0,-1568.0,0.0,100,401.72,425.0,0,0.0,0.0,,0.0,1,21.78,14.18,SPY221216C00435000,435.0,normalDay
2022-05-16,12607.0,-1658.0,0.0,100,400.09,425.0,0,0.0,0.0,,0.0,1,21.78,13.45,SPY221216C00435000,435.0,normalDay
2022-05-17,12607.0,-1153.0,0.0,100,408.32,425.0,0,0.0,0.0,,0.0,1,21.78,16.63,SPY221216C00435000,435.0,normalDay
2022-05-18,12607.0,-2205.0,0.0,100,391.86,425.0,0,0.0,0.0,,0.0,1,21.78,10.69,SPY221216C00435000,435.0,normalDay
2022-05-19,12607.0,-2318.0,0.0,100,389.46,425.0,0,0.0,0.0,,0.0,1,21.78,9.42,SPY221216C00435000,435.0,normalDay
2022-05-20,12607.0,-2314.0,0.0,100,389.63,425.0,0,0.0,0.0,,0.0,1,21.78,9.55,SPY221216C00435000,435.0,normalDay
2022-05-23,12607.0,-1843.0,0.0,100,396.92,425.0,0,0.0,0.0,,0.0,1,21.78,12.13,SPY221216C00435000,435.0,normalDay
2022-05-24,12607.0,-2053.0,0.0,100,393.89,425.0,0,0.0,0.0,,0.0,1,21.78,11.2,SPY221216C00435000,435.0,normalDay
2022-05-25,12607.0,-1784.0,0.0,100,397.37,425.0,0,0.0,0.0,,0.0,1,21.78,11.99,SPY221216C00435000,435.0,normalDay
2022-05-26,12607.0,-1268.0,0.0,100,405.31,425.0,0,0.0,0.0,,0.0,1,21.78,14.77,SPY221216C00435000,435.0,normalDay
2022-05-27,12607.0,-703.0,0.0,100,415.26,425.0,0,0.0,0.0,,0.0,1,21.78,19.07,SPY221216C00435000,435.0,normalDay
2022-05-31,12607.0,-772.0,0.0,100,412.93,425.0,0,0.0,0.0,,0.0,1,21.78,17.43,SPY221216C00435000,435.0,normalDay
2022-06-01,12607.0,-937.0,0.0,100,409.59,425.0,0,0.0,0.0,,0.0,1,21.78,15.74,SPY221216C00435000,435.0,normalDay
2022-06-02,12607.0,-494.0,0.0,100,417.39,425.0,0,0.0,0.0,,0.0,1,21.78,19.11,SPY221216C00435000,435.0,normalDay
2022-06-03,12607.0,-867.0,0.0,100,410.54,425.0,0,0.0,0.0,,0.0,1,21.78,15.99,SPY221216C00435000,435.0,normalDay
2022-06-06,12607.0,-760.0,0.0,100,411.79,425.0,0,0.0,0.0,,0.0,1,21.78,16.17,SPY221216C00435000,435.0,normalDay
2022-06-07,12607.0,-523.0,0.0,100,415.74,425.0,0,0.0,0.0,,0.0,1,21.78,17.75,SPY221216C00435000,435.0,normalDay
2022-06-08,12607.0,-764.0,0.0,100,411.22,425.0,0,0.0,0.0,,0.0,1,21.78,15.64,SPY221216C00435000,435.0,normalDay
2022-06-09,12607.0,-1394.0,0.0,100,401.44,425.0,0,0.0,0.0,,0.0,1,21.78,12.16,SPY221216C00435000,435.0,normalDay
2022-06-10,12607.0,-2222.0,0.0,100,389.8,425.0,0,0.0,0.0,,0.0,1,21.78,8.8,SPY221216C00435000,435.0,normalDay
2022-06-13,12607.0,-3400.0,0.0,100,375.0,425.0,0,0.0,0.0,,0.0,1,21.78,5.78,SPY221216C00435000,435.0,normalDay
2022-06-14,12607.0,-3431.0,0.0,100,373.87,425.0,0,0.0,0.0,,0.0,1,21.78,4.96,SPY221216C00435000,435.0,normalDay
2022-06-15,12607.0,-2972.0,0.0,100,379.2,425.0,0,0.0,0.0,,0.0,1,21.78,5.7,SPY221216C00435000,435.0,normalDay
2022-06-16,12607.0,-4054.0,0.0,100,366.65,425.0,0,0.0,0.0,,0.0,1,21.78,3.97,SPY221216C00435000,435.0,normalDay
2022-06-17,12607.0,-4119.0,0.0,100,365.86,425.0,0,0.0,0.0,,0.0,1,21.78,3.83,SPY221216C00435000,435.0,normalDay
2022-06-21,12607.0,-3307.0,0.0,100,375.07,425.0,0,0.0,0.0,,0.0,1,21.78,4.92,SPY221216C00435000,435.0,normalDay
2022-06-22,12607.0,-3353.0,0.0,100,374.39,425.0,0,0.0,0.0,,0.0,1,21.78,4.7,SPY221216C00435000,435.0,normalDay
2022-06-23,12607.0,-3020.0,0.0,100,378.06,425.0,0,0.0,0.0,,0.0,1,21.78,5.04,SPY221216C00435000,435.0,normalDay
2022-06-24,12607.0,-2075.0,0.0,100,390.08,425.0,0,0.0,0.0,,0.0,1,21.78,7.61,SPY221216C00435000,435.0,normalDay
2022-06-27,12607.0,-2191.0,0.0,100,388.59,425.0,0,0.0,0.0,,0.0,1,21.78,7.28,SPY221216C00435000,435.0,normalDay
2022-06-28,12607.0,-2780.0,0.0,100,380.65,425.0,0,0.0,0.0,,0.0,1,21.78,5.23,SPY221216C00435000,435.0,normalDay
2022-06-29,12607.0,-2808.0,0.0,100,380.34,425.0,0,0.0,0.0,,0.0,1,21.78,5.2,SPY221216C00435000,435.0,normalDay
2022-06-30,12607.0,-3040.0,0.0,100,377.25,425.0,0,0.0,0.0,,0.0,1,21.78,4.43,SPY221216C00435000,435.0,normalDay
2022-07-01,12607.0,-2690.0,0.0,100,381.24,425.0,0,0.0,0.0,,0.0,1,21.78,4.92,SPY221216C00435000,435.0,normalDay
2022-07-05,12607.0,-2601.0,0.0,100,381.96,425.0,0,0.0,0.0,,0.0,1,21.78,4.75,SPY221216C00435000,435.0,normalDay
2022-07-06,12607.0,-2512.0,0.0,100,383.25,425.0,0,0.0,0.0,,0.0,1,21.78,5.15,SPY221216C00435000,435.0,normalDay
2022-07-07,12607.0,-2047.0,0.0,100,388.99,425.0,0,0.0,0.0,,0.0,1,21.78,6.24,SPY221216C00435000,435.0,normalDay
2022-07-08,12607.0,-2063.0,0.0,100,388.67,425.0,0,0.0,0.0,,0.0,1,21.78,6.08,SPY221216C00435000,435.0,normalDay
2022-07-11,12607.0,-2408.0,0.0,100,384.23,425.0,0,0.0,0.0,,0.0,1,21.78,5.09,SPY221216C00435000,435.0,normalDay
2022-07-12,12607.0,-2661.0,0.0,100,380.83,425.0,0,0.0,0.0,,0.0,1,21.78,4.22,SPY221216C00435000,435.0,normalDay
2022-07-13,12607.0,-2825.0,0.0,100,378.83,425.0,0,0.0,0.0,,0.0,1,21.78,3.86,SPY221216C00435000,435.0,normalDay
2022-07-14,12607.0,-2910.0,0.0,100,377.91,425.0,0,0.0,0.0,,0.0,1,21.78,3.79,SPY221216C00435000,435.0,normalDay
2022-07-15,12607.0,-2277.0,0.0,100,385.13,425.0,0,0.0,0.0,,0.0,1,21.78,4.68,SPY221216C00435000,435.0,normalDay
2022-07-18,12607.0,-2543.0,0.0,100,381.95,425.0,0,0.0,0.0,,0.0,1,21.78,4.16,SPY221216C00435000,435.0,normalDay
2022-07-19,12607.0,-1759.0,0.0,100,392.27,425.0,0,0.0,0.0,,0.0,1,21.78,6.64,SPY221216C00435000,435.0,normalDay
2022-07-20,12607.0,-1570.0,0.0,100,394.77,425.0,0,0.0,0.0,,0.0,1,21.78,7.25,SPY221216C00435000,435.0,normalDay
2022-07-21,12607.0,-1245.0,0.0,100,398.79,425.0,0,0.0,0.0,,0.0,1,21.78,8.02,SPY221216C00435000,435.0,normalDay
2022-07-22,12607.0,-1495.0,0.0,100,395.09,425.0,0,0.0,0.0,,0.0,1,21.78,6.82,SPY221216C00435000,435.0,normalDay
2022-07-25,12607.0,-1459.0,0.0,100,395.57,425.0,0,0.0,0.0,,0.0,1,21.78,6.94,SPY221216C00435000,435.0,normalDay
2022-07-26,12607.0,-1822.0,0.0,100,390.89,425.0,0,0.0,0.0,,0.0,1,21.78,5.89,SPY221216C00435000,435.0,normalDay
2022-07-27,12607.0,-1005.0,0.0,100,401.04,425.0,0,0.0,0.0,,0.0,1,21.78,7.87,SPY221216C00435000,435.0,normalDay
2022-07-28,12607.0,-692.0,0.0,100,406.07,425.0,0,0.0,0.0,,0.0,1,21.78,9.77,SPY221216C00435000,435.0,normalDay
2022-07-29,12607.0,-266.0,0.0,100,411.99,425.0,0,0.0,0.0,,0.0,1,21.78,11.43,SPY221216C00435000,435.0,normalDay
2022-08-01,12607.0,-372.0,0.0,100,410.77,425.0,0,0.0,0.0,,0.0,1,21.78,11.27,SPY221216C00435000,435.0,normalDay
2022-08-02,12607.0,-558.0,0.0,100,408.06,425.0,0,0.0,0.0,,0.0,1,21.78,10.42,SPY221216C00435000,435.0,normalDay
2022-08-03,12607.0,-97.0,0.0,100,414.45,425.0,0,0.0,0.0,,0.0,1,21.78,12.2,SPY221216C00435000,435.0,normalDay
2022-08-04,12607.0,-133.0,0.0,100,414.17,425.0,0,0.0,0.0,,0.0,1,21.78,12.28,SPY221216C00435000,435.0,normalDay
2022-08-05,12607.0,-131.0,0.0,100,413.47,425.0,0,0.0,0.0,,0.0,1,21.78,11.56,SPY221216C00435000,435.0,normalDay
2022-08-08,12607.0,-178.0,0.0,100,412.99,425.0,0,0.0,0.0,,0.0,1,21.78,11.55,SPY221216C00435000,435.0,normalDay
2022-08-09,12607.0,-275.0,0.0,100,411.35,425.0,0,0.0,0.0,,0.0,1,21.78,10.88,SPY221216C00435000,435.0,normalDay
2022-08-10,12607.0,313.0,0.0,100,419.99,425.0,0,0.0,0.0,,0.0,1,21.78,13.64,SPY221216C00435000,435.0,normalDay
2022-08-11,12607.0,285.0,0.0,100,419.99,425.0,0,0.0,0.0,,0.0,1,21.78,13.92,SPY221216C00435000,435.0,normalDay
2022-08-12,12607.0,690.0,0.0,100,427.1,425.0,0,0.0,0.0,,0.0,1,21.78,16.98,SPY221216C00435000,435.0,normalDay
2022-08-15,12607.0,789.0,0.0,100,428.86,425.0,0,0.0,0.0,,0.0,1,21.78,17.75,SPY221216C00435000,435.0,normalDay
2022-08-16,12607.0,846.0,0.0,100,429.7,425.0,0,0.0,0.0,,0.0,1,21.78,18.02,SPY221216C00435000,435.0,normalDay
2022-08-17,12607.0,658.0,0.0,100,426.65,425.0,0,0.0,0.0,,0.0,1,21.78,16.85,SPY221216C00435000,435.0,normalDay
2022-08-18,12607.0,767.0,0.0,100,427.89,425.0,0,0.0,0.0,,0.0,1,21.78,17.0,SPY221216C00435000,435.0,normalDay
2022-08-19,12607.0,461.0,0.0,100,422.14,425.0,0,0.0,0.0,,0.0,1,21.78,14.31,SPY221216C00435000,435.0,normalDay
2022-08-22,12607.0,-85.0,0.0,100,413.35,425.0,0,0.0,0.0,,0.0,1,21.78,10.98,SPY221216C00435000,435.0,normalDay
2022-08-23,12607.0,-108.0,0.0,100,412.35,425.0,0,0.0,0.0,,0.0,1,21.78,10.21,SPY221216C00435000,435.0,normalDay
2022-08-24,12607.0,18.0,0.0,100,413.67,425.0,0,0.0,0.0,,0.0,1,21.78,10.27,SPY221216C00435000,435.0,normalDay
2022-08-25,12607.0,414.0,0.0,100,419.51,425.0,0,0.0,0.0,,0.0,1,21.78,12.15,SPY221216C00435000,435.0,normalDay
2022-08-26,12607.0,-537.0,0.0,100,405.31,425.0,0,0.0,0.0,,0.0,1,21.78,7.46,SPY221216C00435000,435.0,normalDay
2022-08-29,12607.0,-714.0,0.0,100,402.63,425.0,0,0.0,0.0,,0.0,1,21.78,6.55,SPY221216C00435000,435.0,normalDay
2022-08-30,12607.0,-1029.0,0.0,100,398.21,425.0,0,0.0,0.0,,0.0,1,21.78,5.28,SPY221216C00435000,435.0,normalDay
2022-08-31,12607.0,-1246.0,0.0,100,395.18,425.0,0,0.0,0.0,,0.0,1,21.78,4.42,SPY221216C00435000,435.0,normalDay
2022-09-01,12607.0,-1127.0,0.0,100,396.42,425.0,0,0.0,0.0,,0.0,1,21.78,4.47,SPY221216C00435000,435.0,normalDay
2022-09-02,12607.0,-1470.0,0.0,100,392.24,425.0,0,0.0,0.0,,0.0,1,21.78,3.72,SPY221216C00435000,435.0,normalDay
2022-09-06,12607.0,-1582.0,0.0,100,390.76,425.0,0,0.0,0.0,,0.0,1,21.78,3.36,SPY221216C00435000,435.0,normalDay
2022-09-07,12607.0,-987.0,0.0,100,397.78,425.0,0,0.0,0.0,,0.0,1,21.78,4.43,SPY221216C00435000,435.0,normalDay
2022-09-08,12607.0,-779.0,0.0,100,400.38,425.0,0,0.0,0.0,,0.0,1,21.78,4.95,SPY221216C00435000,435.0,normalDay
2022-09-09,12607.0,-289.0,0.0,100,406.6,425.0,0,0.0,0.0,,0.0,1,21.78,6.27,SPY221216C00435000,435.0,normalDay
2022-09-12,12607.0,-19.0,0.0,100,410.97,425.0,0,0.0,0.0,,0.0,1,21.78,7.94,SPY221216C00435000,435.0,normalDay
2022-09-13,12607.0,-1392.0,0.0,100,393.1,425.0,0,0.0,0.0,,0.0,1,21.78,3.8,SPY221216C00435000,435.0,normalDay
2022-09-14,12607.0,-1242.0,0.0,100,394.6,425.0,0,0.0,0.0,,0.0,1,21.78,3.8,SPY221216C00435000,435.0,normalDay
2022-09-15,12607.0,-1611.0,0.0,100,390.12,425.0,0,0.0,0.0,,0.0,1,21.78,3.01,SPY221216C00435000,435.0,normalDay
2022-09-16,12607.0,-2024.0,0.0,100,385.56,425.0,0,0.0,0.0,,0.0,1,21.78,2.58,SPY221216C00435000,435.0,normalDay
2022-09-19,12607.0,-1746.0,0.0,100,388.55,425.0,0,0.0,0.0,,0.0,1,21.78,2.79,SPY221216C00435000,435.0,normalDay
2022-09-20,12607.0,-2142.0,0.0,100,384.09,425.0,0,0.0,0.0,,0.0,1,21.78,2.29,SPY221216C00435000,435.0,normalDay
2022-09-21,12607.0,-2740.0,0.0,100,377.39,425.0,0,0.0,0.0,,0.0,1,21.78,1.57,SPY221216C00435000,435.0,normalDay
2022-09-22,12607.0,-3028.0,0.0,100,374.22,425.0,0,0.0,0.0,,0.0,1,21.78,1.28,SPY221216C00435000,435.0,normalDay
2022-09-23,12607.0,-3623.0,0.0,100,367.95,425.0,0,0.0,0.0,,0.0,1,21.78,0.96,SPY221216C00435000,435.0,normalDay
2022-09-26,12607.0,-3975.0,0.0,100,364.31,425.0,0,0.0,0.0,,0.0,1,21.78,0.84,SPY221216C00435000,435.0,normalDay
2022-09-27,12607.0,-4057.0,0.0,100,363.38,425.0,0,0.0,0.0,,0.0,1,21.78,0.73,SPY221216C00435000,435.0,normalDay
2022-09-28,12607.0,-3372.0,0.0,100,370.53,425.0,0,0.0,0.0,,0.0,1,21.78,1.03,SPY221216C00435000,435.0,normalDay
2022-09-29,12607.0,-4106.0,0.0,100,362.79,425.0,0,0.0,0.0,,0.0,1,21.78,0.63,SPY221216C00435000,435.0,normalDay
2022-09-30,12607.0,-4648.0,0.0,100,357.18,425.0,0,0.0,0.0,,0.0,1,21.78,0.44,SPY221216C00435000,435.0,normalDay
2022-10-03,12607.0,-3732.0,0.0,100,366.61,425.0,0,0.0,0.0,,0.0,1,21.78,0.71,SPY221216C00435000,435.0,normalDay
2022-10-04,12607.0,-2657.0,0.0,100,377.97,425.0,0,0.0,0.0,,0.0,1,21.78,1.32,SPY221216C00435000,435.0,normalDay
2022-10-05,12607.0,-2727.0,0.0,100,377.09,425.0,0,0.0,0.0,,0.0,1,21.78,1.14,SPY221216C00435000,435.0,normalDay
2022-10-06,12607.0,-3096.0,0.0,100,373.2,425.0,0,0.0,0.0,,0.0,1,21.78,0.94,SPY221216C00435000,435.0,normalDay
2022-10-07,12607.0,-4094.0,0.0,100,362.79,425.0,0,0.0,0.0,,0.0,1,21.78,0.51,SPY221216C00435000,435.0,normalDay
2022-10-10,12607.0,-4370.0,0.0,100,360.02,425.0,0,0.0,0.0,,0.0,1,21.78,0.5,SPY221216C00435000,435.0,normalDay
2022-10-11,12607.0,-4596.0,0.0,100,357.74,425.0,0,0.0,0.0,,0.0,1,21.78,0.48,SPY221216C00435000,435.0,normalDay
2022-10-12,12607.0,-4711.0,0.0,100,356.56,425.0,0,0.0,0.0,,0.0,1,21.78,0.45,SPY221216C00435000,435.0,normalDay
2022-10-13,12607.0,-3802.0,0.0,100,365.97,425.0,0,0.0,0.0,,0.0,1,21.78,0.77,SPY221216C00435000,435.0,normalDay
2022-10-14,12607.0,-4605.0,0.0,100,357.63,425.0,0,0.0,0.0,,0.0,1,21.78,0.46,SPY221216C00435000,435.0,normalDay
2022-10-17,12607.0,-3712.0,0.0,100,366.82,425.0,0,0.0,0.0,,0.0,1,21.78,0.72,SPY221216C00435000,435.0,normalDay
2022-10-18,12607.0,-3299.0,0.0,100,371.13,425.0,0,0.0,0.0,,0.0,1,21.78,0.9,SPY221216C00435000,435.0,normalDay
2022-10-19,12607.0,-3541.0,0.0,100,368.5,425.0,0,0.0,0.0,,0.0,1,21.78,0.69,SPY221216C00435000,435.0,normalDay
2022-10-20,12607.0,-3830.0,0.0,100,365.41,425.0,0,0.0,0.0,,0.0,1,21.78,0.49,SPY221216C00435000,435.0,normalDay
2022-10-21,12607.0,-2990.0,0.0,100,374.29,425.0,0,0.0,0.0,,0.0,1,21.78,0.97,SPY221216C00435000,435.0,normalDay
2022-10-24,12607.0,-2557.0,0.0,100,378.87,425.0,0,0.0,0.0,,0.0,1,21.78,1.22,SPY221216C00435000,435.0,normalDay
2022-10-25,12607.0,-1964.0,0.0,100,384.92,425.0,0,0.0,0.0,,0.0,1,21.78,1.34,SPY221216C00435000,435.0,normalDay
2022-10-26,12607.0,-2225.0,0.0,100,382.02,425.0,0,0.0,0.0,,0.0,1,21.78,1.05,SPY221216C00435000,435.0,normalDay
2022-10-27,12607.0,-2384.0,0.0,100,379.98,425.0,0,0.0,0.0,,0.0,1,21.78,0.6,SPY221216C00435000,435.0,normalDay
2022-10-28,12607.0,-1554.0,0.0,100,389.02,425.0,0,0.0,0.0,,0.0,1,21.78,1.34,SPY221216C00435000,435.0,normalDay
2022-10-31,12607.0,-1793.0,0.0,100,386.21,425.0,0,0.0,0.0,,0.0,1,21.78,0.92,SPY221216C00435000,435.0,normalDay
2022-11-01,12607.0,-1946.0,0.0,100,384.52,425.0,0,0.0,0.0,,0.0,1,21.78,0.76,SPY221216C00435000,435.0,normalDay
2022-11-02,12607.0,-2867.0,0.0,100,374.87,425.0,0,0.0,0.0,,0.0,1,21.78,0.32,SPY221216C00435000,435.0,normalDay
2022-11-03,12607.0,-3244.0,0.0,100,371.01,425.0,0,0.0,0.0,,0.0,1,21.78,0.23,SPY221216C00435000,435.0,normalDay
2022-11-04,12607.0,-2715.0,0.0,100,376.35,425.0,0,0.0,0.0,,0.0,1,21.78,0.28,SPY221216C00435000,435.0,normalDay
2022-11-07,12607.0,-2358.0,0.0,100,379.95,425.0,0,0.0,0.0,,0.0,1,21.78,0.31,SPY221216C00435000,435.0,normalDay
2022-11-08,12607.0,-2158.0,0.0,100,382.0,425.0,0,0.0,0.0,,0.0,1,21.78,0.36,SPY221216C00435000,435.0,normalDay
2022-11-09,12607.0,-2928.0,0.0,100,374.13,425.0,0,0.0,0.0,,0.0,1,21.78,0.19,SPY221216C00435000,435.0,normalDay
2022-11-10,12607.0,-948.0,0.0,100,394.69,425.0,0,0.0,0.0,,0.0,1,21.78,0.95,SPY221216C00435000,435.0,normalDay
2022-11-11,12607.0,-557.0,0.0,100,398.51,425.0,0,0.0,0.0,,0.0,1,21.78,0.86,SPY221216C00435000,435.0,normalDay
2022-11-14,12607.0,-867.0,0.0,100,395.12,425.0,0,0.0,0.0,,0.0,1,21.78,0.57,SPY221216C00435000,435.0,normalDay
2022-11-15,12607.0,-544.0,0.0,100,398.49,425.0,0,0.0,0.0,,0.0,1,21.78,0.71,SPY221216C00435000,435.0,normalDay
2022-11-16,12607.0,-824.0,0.0,100,395.45,425.0,0,0.0,0.0,,0.0,1,21.78,0.47,SPY221216C00435000,435.0,normalDay
2022-11-17,12607.0,-935.0,0.0,100,394.24,425.0,0,0.0,0.0,,0.0,1,21.78,0.37,SPY221216C00435000,435.0,normalDay
2022-11-18,12607.0,-751.0,0.0,100,396.03,425.0,0,0.0,0.0,,0.0,1,21.78,0.32,SPY221216C00435000,435.0,normalDay
2022-11-21,12607.0,-884.0,0.0,100,394.59,425.0,0,0.0,0.0,,0.0,1,21.78,0.21,SPY221216C00435000,435.0,normalDay
2022-11-22,12607.0,-357.0,0.0,100,399.9,425.0,0,0.0,0.0,,0.0,1,21.78,0.25,SPY221216C00435000,435.0,normalDay
2022-11-23,12607.0,-101.0,0.0,100,402.42,425.0,0,0.0,0.0,,0.0,1,21.78,0.21,SPY221216C00435000,435.0,normalDay
2022-11-25,12607.0,-106.0,0.0,100,402.33,425.0,0,0.0,0.0,,0.0,1,21.78,0.17,SPY221216C00435000,435.0,normalDay
2022-11-28,12607.0,-740.0,0.0,100,395.91,425.0,0,0.0,0.0,,0.0,1,21.78,0.09,SPY221216C00435000,435.0,normalDay
2022-11-29,12607.0,-805.0,0.0,100,395.23,425.0,0,0.0,0.0,,0.0,1,21.78,0.06,SPY221216C00435000,435.0,normalDay
2022-11-30,12607.0,408.0,0.0,100,407.68,425.0,0,0.0,0.0,,0.0,1,21.78,0.38,SPY221216C00435000,435.0,normalDay
2022-12-01,12607.0,386.0,0.0,100,407.38,425.0,0,0.0,0.0,,0.0,1,21.78,0.3,SPY221216C00435000,435.0,normalDay
2022-12-02,12607.0,352.0,0.0,100,406.91,425.0,0,0.0,0.0,,0.0,1,21.78,0.17,SPY221216C00435000,435.0,normalDay
2022-12-05,12607.0,-370.0,0.0,100,399.59,425.0,0,0.0,0.0,,0.0,1,21.78,0.07,SPY221216C00435000,435.0,normalDay
2022-12-06,12607.0,-944.0,0.0,100,393.83,425.0,0,0.0,0.0,,0.0,1,21.78,0.05,SPY221216C00435000,435.0,normalDay
2022-12-07,12607.0,-1010.0,0.0,100,393.16,425.0,0,0.0,0.0,,0.0,1,21.78,0.04,SPY221216C00435000,435.0,normalDay
2022-12-08,12607.0,-702.0,0.0,100,396.24,425.0,0,0.0,0.0,,0.0,1,21.78,0.04,SPY221216C00435000,435.0,normalDay
2022-12-09,12607.0,-997.0,0.0,100,393.28,425.0,0,0.0,0.0,,0.0,1,21.78,0.03,SPY221216C00435000,435.0,normalDay
2022-12-12,12607.0,-436.0,0.0,100,398.95,425.0,0,0.0,0.0,,0.0,1,21.78,0.09,SPY221216C00435000,435.0,normalDay
2022-12-13,12607.0,-127.0,0.0,100,401.97,425.0,0,0.0,0.0,,0.0,1,21.78,0.02,SPY221216C00435000,435.0,normalDay
2022-12-14,12607.0,-383.0,0.0,100,399.4,425.0,0,0.0,0.0,,0.0,1,21.78,0.01,SPY221216C00435000,435.0,normalDay
2022-12-15,12607.0,-1360.0,0.0,100,389.63,425.0,0,0.0,0.0,,0.0,1,21.78,0.01,SPY221216C00435000,435.0,normalDay
2022-12-16,14785.0,-4173.0,2178.0,100,383.27,425.0,0,0.0,0.0,,0.0,1,21.78,0.0,SPY221216C00435000,435.0,expirationDay
2022-12-19,14785.0,-4556.0,0.0,100,380.02,425.0,0,0.0,0.0,,0.0,1,19.46,20.04,SPY230630C00398000,398.0,normalDay
2022-12-20,14785.0,-4500.0,0.0,100,380.54,425.0,0,0.0,0.0,,0.0,1,19.46,20.0,SPY230630C00398000,398.0,normalDay
2022-12-21,14785.0,-4185.0,0.0,100,386.23,425.0,0,0.0,0.0,,0.0,1,19.46,22.54,SPY230630C00398000,398.0,normalDay
2022-12-22,14785.0,-4464.0,0.0,100,380.72,425.0,0,0.0,0.0,,0.0,1,19.46,19.82,SPY230630C00398000,398.0,normalDay
2022-12-23,14785.0,-4316.0,0.0,100,382.91,425.0,0,0.0,0.0,,0.0,1,19.46,20.53,SPY230630C00398000,398.0,normalDay
2022-12-27,14785.0,-4386.0,0.0,100,381.4,425.0,0,0.0,0.0,,0.0,1,19.46,19.72,SPY230630C00398000,398.0,normalDay
2022-12-28,14785.0,-4618.0,0.0,100,376.66,425.0,0,0.0,0.0,,0.0,1,19.46,17.3,SPY230630C00398000,398.0,normalDay
2022-12-29,14785.0,-4238.0,0.0,100,383.44,425.0,0,0.0,0.0,,0.0,1,19.46,20.28,SPY230630C00398000,398.0,normalDay
2022-12-30,14785.0,-4283.0,0.0,100,382.43,425.0,0,0.0,0.0,,0.0,1,19.46,19.72,SPY230630C00398000,398.0,normalDay
2023-01-03,14785.0,-4279.0,0.0,100,380.82,425.0,0,0.0,0.0,,0.0,1,19.46,18.07,SPY230630C00398000,398.0,normalDay
2023-01-04,14785.0,-4116.0,0.0,100,383.76,425.0,0,0.0,0.0,,0.0,1,19.46,19.38,SPY230630C00398000,398.0,normalDay
2023-01-05,14785.0,-4312.0,0.0,100,379.38,425.0,0,0.0,0.0,,0.0,1,19.46,16.96,SPY230630C00398000,398.0,normalDay
2023-01-06,14785.0,-3830.0,0.0,100,388.08,425.0,0,0.0,0.0,,0.0,1,19.46,20.84,SPY230630C00398000,398.0,normalDay
2023-01-09,14785.0,-3812.0,0.0,100,387.86,425.0,0,0.0,0.0,,0.0,1,19.46,20.44,SPY230630C00398000,398.0,normalDay
2023-01-10,14785.0,-3649.0,0.0,100,390.58,425.0,0,0.0,0.0,,0.0,1,19.46,21.53,SPY230630C00398000,398.0,normalDay
2023-01-11,14785.0,-3461.0,0.0,100,395.52,425.0,0,0.0,0.0,,0.0,1,19.46,24.59,SPY230630C00398000,398.0,normalDay
2023-01-12,14785.0,-3286.0,0.0,100,396.96,425.0,0,0.0,0.0,,0.0,1,19.46,24.28,SPY230630C00398000,398.0,normalDay
2023-01-13,14785.0,-3155.0,0.0,100,398.5,425.0,0,0.0,0.0,,0.0,1,19.46,24.51,SPY230630C00398000,398.0,normalDay
2023-01-17,14785.0,-3189.0,0.0,100,397.77,425.0,0,0.0,0.0,,0.0,1,19.46,24.12,SPY230630C00398000,398.0,normalDay
2023-01-18,14785.0,-3421.0,0.0,100,391.49,425.0,0,0.0,0.0,,0.0,1,19.46,20.16,SPY230630C00398000,398.0,normalDay
2023-01-19,14785.0,-3538.0,0.0,100,388.64,425.0,0,0.0,0.0,,0.0,1,19.46,18.48,SPY230630C00398000,398.0,normalDay
2023-01-20,14785.0,-3194.0,0.0,100,395.88,425.0,0,0.0,0.0,,0.0,1,19.46,22.28,SPY230630C00398000,398.0,normalDay
2023-01-23,14785.0,-2989.0,0.0,100,400.63,425.0,0,0.0,0.0,,0.0,1,19.46,24.98,SPY230630C00398000,398.0,normalDay
2023-01-24,14785.0,-3054.0,0.0,100,400.2,425.0,0,0.0,0.0,,0.0,1,19.46,25.2,SPY230630C00398000,398.0,normalDay
2023-01-25,14785.0,-2927.0,0.0,100,400.35,425.0,0,0.0,0.0,,0.0,1,19.46,24.08,SPY230630C00398000,398.0,normalDay
2023-01-26,14785.0,-2738.0,0.0,100,404.75,425.0,0,0.0,0.0,,0.0,1,19.46,26.59,SPY230630C00398000,398.0,normalDay
2023-01-27,14785.0,-2713.0,0.0,100,405.68,425.0,0,0.0,0.0,,0.0,1,19.46,27.27,SPY230630C00398000,398.0,normalDay
2023-01-30,14785.0,-2926.0,0.0,100,400.59,425.0,0,0.0,0.0,,0.0,1,19.46,24.31,SPY230630C00398000,398.0,normalDay
2023-01-31,14785.0,-2652.0,0.0,100,406.48,425.0,0,0.0,0.0,,0.0,1,19.46,27.46,SPY230630C00398000,398.0,normalDay
2023-02-01,14785.0,-2595.0,0.0,100,410.8,425.0,0,0.0,0.0,,0.0,1,19.46,31.21,SPY230630C00398000,398.0,normalDay
2023-02-02,14785.0,-2367.0,0.0,100,416.78,425.0,0,0.0,0.0,,0.0,1,19.46,34.91,SPY230630C00398000,398.0,normalDay
2023-02-03,14785.0,-2492.0,0.0,100,412.35,425.0,0,0.0,0.0,,0.0,1,19.46,31.73,SPY230630C00398000,398.0,normalDay
2023-02-06,14785.0,-2564.0,0.0,100,409.83,425.0,0,0.0,0.0,,0.0,1,19.46,29.93,SPY230630C00398000,398.0,normalDay
2023-02-07,14785.0,-2329.0,0.0,100,415.19,425.0,0,0.0,0.0,,0.0,1,19.46,32.94,SPY230630C00398000,398.0,normalDay
2023-02-08,14785.0,-2542.0,0.0,100,410.65,425.0,0,0.0,0.0,,0.0,1,19.46,30.53,SPY230630C00398000,398.0,normalDay
2023-02-09,14785.0,-2673.0,0.0,100,407.09,425.0,0,0.0,0.0,,0.0,1,19.46,28.28,SPY230630C00398000,398.0,normalDay
2023-02-10,14785.0,-2619.0,0.0,100,408.04,425.0,0,0.0,0.0,,0.0,1,19.46,28.69,SPY230630C00398000,398.0,normalDay
2023-02-13,14785.0,-2444.0,0.0,100,412.83,425.0,0,0.0,0.0,,0.0,1,19.46,31.73,SPY230630C00398000,398.0,normalDay
2023-02-14,14785.0,-2355.0,0.0,100,412.64,425.0,0,0.0,0.0,,0.0,1,19.46,30.65,SPY230630C00398000,398.0,normalDay
2023-02-15,14785.0,-2335.0,0.0,100,413.98,425.0,0,0.0,0.0,,0.0,1,19.46,31.79,SPY230630C00398000,398.0,normalDay
2023-02-16,14785.0,-2505.0,0.0,100,408.28,425.0,0,0.0,0.0,,0.0,1,19.46,27.79,SPY230630C00398000,398.0,normalDay
2023-02-17,14785.0,-2521.0,0.0,100,407.26,425.0,0,0.0,0.0,,0.0,1,19.46,26.93,SPY230630C00398000,398.0,normalDay
2023-02-21,14785.0,-2867.0,0.0,100,399.09,425.0,0,0.0,0.0,,0.0,1,19.46,22.22,SPY230630C00398000,398.0,normalDay
2023-02-22,14785.0,-2843.0,0.0,100,398.54,425.0,0,0.0,0.0,,0.0,1,19.46,21.43,SPY230630C00398000,398.0,normalDay
2023-02-23,14785.0,-2666.0,0.0,100,400.66,425.0,0,0.0,0.0,,0.0,1,19.46,21.78,SPY230630C00398000,398.0,normalDay
2023-02-24,14785.0,-2858.0,0.0,100,396.38,425.0,0,0.0,0.0,,0.0,1,19.46,19.42,SPY230630C00398000,398.0,normalDay
2023-02-27,14785.0,-2769.0,0.0,100,397.73,425.0,0,0.0,0.0,,0.0,1,19.46,19.88,SPY230630C00398000,398.0,normalDay
2023-02-28,14785.0,-2766.0,0.0,100,396.26,425.0,0,0.0,0.0,,0.0,1,19.46,18.38,SPY230630C00398000,398.0,normalDay
2023-03-01,14785.0,-2847.0,0.0,100,394.74,425.0,0,0.0,0.0,,0.0,1,19.46,17.67,SPY230630C00398000,398.0,normalDay
2023-03-02,14785.0,-2657.0,0.0,100,397.81,425.0,0,0.0,0.0,,0.0,1,19.46,18.84,SPY230630C00398000,398.0,normalDay
2023-03-03,14785.0,-2422.0,0.0,100,404.19,425.0,0,0.0,0.0,,0.0,1,19.46,22.87,SPY230630C00398000,398.0,normalDay
2023-03-06,14785.0,-2381.0,0.0,100,404.47,425.0,0,0.0,0.0,,0.0,1,19.46,22.74,SPY230630C00398000,398.0,normalDay
2023-03-07,14785.0,-2618.0,0.0,100,398.27,425.0,0,0.0,0.0,,0.0,1,19.46,18.91,SPY230630C00398000,398.0,normalDay
2023-03-08,14785.0,-2523.0,0.0,100,398.92,425.0,0,0.0,0.0,,0.0,1,19.46,18.61,SPY230630C00398000,398.0,normalDay
2023-03-09,14785.0,-2913.0,0.0,100,391.56,425.0,0,0.0,0.0,,0.0,1,19.46,15.15,SPY230630C00398000,398.0,normalDay
2023-03-10,14785.0,-3243.0,0.0,100,385.91,425.0,0,0.0,0.0,,0.0,1,19.46,12.8,SPY230630C00398000,398.0,normalDay
2023-03-13,14785.0,-3316.0,0.0,100,385.36,425.0,0,0.0,0.0,,0.0,1,19.46,12.98,SPY230630C00398000,398.0,normalDay
2023-03-14,14785.0,-2883.0,0.0,100,391.73,425.0,0,0.0,0.0,,0.0,1,19.46,15.02,SPY230630C00398000,398.0,normalDay
2023-03-15,14785.0,-3079.0,0.0,100,389.28,425.0,0,0.0,0.0,,0.0,1,19.46,14.53,SPY230630C00398000,398.0,normalDay
2023-03-16,14785.0,-2684.0,0.0,100,396.11,425.0,0,0.0,0.0,,0.0,1,19.46,17.41,SPY230630C00398000,398.0,normalDay
2023-03-17,14785.0,-3160.0,0.0,100,389.99,425.0,0,0.0,0.0,,0.0,1,19.46,16.05,SPY230630C00398000,398.0,normalDay
2023-03-20,14785.0,-2888.0,0.0,100,393.74,425.0,0,0.0,0.0,,0.0,1,19.46,17.08,SPY230630C00398000,398.0,normalDay
2023-03-21,14785.0,-2594.0,0.0,100,398.91,425.0,0,0.0,0.0,,0.0,1,19.46,19.31,SPY230630C00398000,398.0,normalDay
2023-03-22,14785.0,-2882.0,0.0,100,392.11,425.0,0,0.0,0.0,,0.0,1,19.46,15.39,SPY230630C00398000,398.0,normalDay
2023-03-23,14785.0,-2843.0,0.0,100,393.17,425.0,0,0.0,0.0,,0.0,1,19.46,16.06,SPY230630C00398000,398.0,normalDay
2023-03-24,14785.0,-2699.0,0.0,100,395.75,425.0,0,0.0,0.0,,0.0,1,19.46,17.2,SPY230630C00398000,398.0,normalDay
2023-03-27,14785.0,-2599.0,0.0,100,396.49,425.0,0,0.0,0.0,,0.0,1,19.46,16.94,SPY230630C00398000,398.0,normalDay
2023-03-28,14785.0,-2619.0,0.0,100,395.6,425.0,0,0.0,0.0,,0.0,1,19.46,16.25,SPY230630C00398000,398.0,normalDay
2023-03-29,14785.0,-2330.0,0.0,100,401.35,425.0,0,0.0,0.0,,0.0,1,19.46,19.11,SPY230630C00398000,398.0,normalDay
2023-03-30,14785.0,-2256.0,0.0,100,403.7,425.0,0,0.0,0.0,,0.0,1,19.46,20.72,SPY230630C00398000,398.0,normalDay
2023-03-31,14785.0,-2091.0,0.0,100,409.39,425.0,0,0.0,0.0,,0.0,1,19.46,24.76,SPY230630C00398000,398.0,normalDay
2023-04-03,14785.0,-1992.0,0.0,100,410.95,425.0,0,0.0,0.0,,0.0,1,19.46,25.33,SPY230630C00398000,398.0,normalDay
2023-04-04,14785.0,-2062.0,0.0,100,408.67,425.0,0,0.0,0.0,,0.0,1,19.46,23.75,SPY230630C00398000,398.0,normalDay
2023-04-05,14785.0,-2071.0,0.0,100,407.6,425.0,0,0.0,0.0,,0.0,1,19.46,22.77,SPY230630C00398000,398.0,normalDay
2023-04-06,14785.0,-1994.0,0.0,100,409.19,425.0,0,0.0,0.0,,0.0,1,19.46,23.59,SPY230630C00398000,398.0,normalDay
2023-04-10,14785.0,-1986.0,0.0,100,409.61,425.0,0,0.0,0.0,,0.0,1,19.46,23.93,SPY230630C00398000,398.0,normalDay
2023-04-11,14785.0,-1964.0,0.0,100,409.72,425.0,0,0.0,0.0,,0.0,1,19.46,23.82,SPY230630C00398000,398.0,normalDay
2023-04-12,14785.0,-1966.0,0.0,100,408.05,425.0,0,0.0,0.0,,0.0,1,19.46,22.17,SPY230630C00398000,398.0,normalDay
2023-04-13,14785.0,-1774.0,0.0,100,413.47,425.0,0,0.0,0.0,,0.0,1,19.46,25.67,SPY230630C00398000,398.0,normalDay
2023-04-14,14785.0,-1775.0,0.0,100,412.46,425.0,0,0.0,0.0,,0.0,1,19.46,24.67,SPY230630C00398000,398.0,normalDay
2023-04-17,14785.0,-1693.0,0.0,100,413.94,425.0,0,0.0,0.0,,0.0,1,19.46,25.33,SPY230630C00398000,398.0,normalDay
2023-04-18,14785.0,-1644.0,0.0,100,414.21,425.0,0,0.0,0.0,,0.0,1,19.46,25.11,SPY230630C00398000,398.0,normalDay
2023-04-19,14785.0,-1637.0,0.0,100,414.14,425.0,0,0.0,0.0,,0.0,1,19.46,24.97,SPY230630C00398000,398.0,normalDay
2023-04-20,14785.0,-1726.0,0.0,100,411.88,425.0,0,0.0,0.0,,0.0,1,19.46,23.6,SPY230630C00398000,398.0,normalDay
2023-04-21,14785.0,-1663.0,0.0,100,412.2,425.0,0,0.0,0.0,,0.0,1,19.46,23.29,SPY230630C00398000,398.0,normalDay
2023-04-24,14785.0,-1639.0,0.0,100,412.63,425.0,0,0.0,0.0,,0.0,1,19.46,23.48,SPY230630C00398000,398.0,normalDay
2023-04-25,14785.0,-1953.0,0.0,100,406.08,425.0,0,0.0,0.0,,0.0,1,19.46,20.07,SPY230630C00398000,398.0,normalDay
2023-04-26,14785.0,-1897.0,0.0,100,404.36,425.0,0,0.0,0.0,,0.0,1,19.46,17.79,SPY230630C00398000,398.0,normalDay
2023-04-27,14785.0,-1668.0,0.0,100,412.41,425.0,0,0.0,0.0,,0.0,1,19.46,23.55,SPY230630C00398000,398.0,normalDay
2023-04-28,14785.0,-1484.0,0.0,100,415.93,425.0,0,0.0,0.0,,0.0,1,19.46,25.23,SPY230630C00398000,398.0,normalDay
2023-05-01,14785.0,-1481.0,0.0,100,415.51,425.0,0,0.0,0.0,,0.0,1,19.46,24.78,SPY230630C00398000,398.0,normalDay
2023-05-02,14785.0,-1607.0,0.0,100,410.84,425.0,0,0.0,0.0,,0.0,1,19.46,21.37,SPY230630C00398000,398.0,normalDay
2023-05-03,14785.0,-1738.0,0.0,100,408.02,425.0,0,0.0,0.0,,0.0,1,19.46,19.86,SPY230630C00398000,398.0,normalDay
2023-05-04,14785.0,-1785.0,0.0,100,405.13,425.0,0,0.0,0.0,,0.0,1,19.46,17.44,SPY230630C00398000,398.0,normalDay
2023-05-05,14785.0,-1490.0,0.0,100,412.63,425.0,0,0.0,0.0,,0.0,1,19.46,21.99,SPY230630C00398000,398.0,normalDay
2023-05-08,14785.0,-1470.0,0.0,100,412.74,425.0,0,0.0,0.0,,0.0,1,19.46,21.9,SPY230630C00398000,398.0,normalDay
2023-05-09,14785.0,-1549.0,0.0,100,410.93,425.0,0,0.0,0.0,,0.0,1,19.46,20.88,SPY230630C00398000,398.0,normalDay
2023-05-10,14785.0,-1461.0,0.0,100,412.85,425.0,0,0.0,0.0,,0.0,1,19.46,21.92,SPY230630C00398000,398.0,normalDay
2023-05-11,14785.0,-1417.0,0.0,100,412.13,425.0,0,0.0,0.0,,0.0,1,19.46,20.76,SPY230630C00398000,398.0,normalDay
2023-05-12,14785.0,-1386.0,0.0,100,411.59,425.0,0,0.0,0.0,,0.0,1,19.46,19.91,SPY230630C00398000,398.0,normalDay
2023-05-15,14785.0,-1344.0,0.0,100,413.01,425.0,0,0.0,0.0,,0.0,1,19.46,20.91,SPY230630C00398000,398.0,normalDay
2023-05-16,14785.0,-1422.0,0.0,100,410.25,425.0,0,0.0,0.0,,0.0,1,19.46,18.93,SPY230630C00398000,398.0,normalDay
2023-05-17,14785.0,-1259.0,0.0,100,415.23,425.0,0,0.0,0.0,,0.0,1,19.46,22.28,SPY230630C00398000,398.0,normalDay
2023-05-18,14785.0,-1165.0,0.0,100,419.23,425.0,0,0.0,0.0,,0.0,1,19.46,25.34,SPY230630C00398000,398.0,normalDay
2023-05-19,14785.0,-1187.0,0.0,100,418.62,425.0,0,0.0,0.0,,0.0,1,19.46,24.95,SPY230630C00398000,398.0,normalDay
2023-05-22,14785.0,-1196.0,0.0,100,418.79,425.0,0,0.0,0.0,,0.0,1,19.46,25.21,SPY230630C00398000,398.0,normalDay
2023-05-23,14785.0,-1263.0,0.0,100,414.09,425.0,0,0.0,0.0,,0.0,1,19.46,21.18,SPY230630C00398000,398.0,normalDay
2023-05-24,14785.0,-1355.0,0.0,100,411.09,425.0,0,0.0,0.0,,0.0,1,19.46,19.1,SPY230630C00398000,398.0,normalDay
2023-05-25,14785.0,-1221.0,0.0,100,414.65,425.0,0,0.0,0.0,,0.0,1,19.46,21.32,SPY230630C00398000,398.0,normalDay
2023-05-26,14785.0,-1136.0,0.0,100,420.02,425.0,0,0.0,0.0,,0.0,1,19.46,25.84,SPY230630C00398000,398.0,normalDay
2023-05-30,14785.0,-1078.0,0.0,100,420.18,425.0,0,0.0,0.0,,0.0,1,19.46,25.42,SPY230630C00398000,398.0,normalDay
2023-05-31,14785.0,-1064.0,0.0,100,417.85,425.0,0,0.0,0.0,,0.0,1,19.46,22.95,SPY230630C00398000,398.0,normalDay
2023-06-01,14785.0,-990.0,0.0,100,421.82,425.0,0,0.0,0.0,,0.0,1,19.46,26.18,SPY230630C00398000,398.0,normalDay
2023-06-02,14785.0,-931.0,0.0,100,427.92,425.0,0,0.0,0.0,,0.0,1,19.46,31.69,SPY230630C00398000,398.0,normalDay
2023-06-05,14785.0,-904.0,0.0,100,427.1,425.0,0,0.0,0.0,,0.0,1,19.46,30.6,SPY230630C00398000,398.0,normalDay
2023-06-06,14785.0,-903.0,0.0,100,428.03,425.0,0,0.0,0.0,,0.0,1,19.46,31.52,SPY230630C00398000,398.0,normalDay
2023-06-07,14785.0,-876.0,0.0,100,426.55,425.0,0,0.0,0.0,,0.0,1,19.46,29.77,SPY230630C00398000,398.0,normalDay
2023-06-08,14785.0,-824.0,0.0,100,429.13,425.0,0,0.0,0.0,,0.0,1,19.46,31.83,SPY230630C00398000,398.0,normalDay
2023-06-09,14785.0,-860.0,0.0,100,429.9,425.0,0,0.0,0.0,,0.0,1,19.46,32.96,SPY230630C00398000,398.0,normalDay
2023-06-12,14785.0,-781.0,0.0,100,433.8,425.0,0,0.0,0.0,,0.0,1,19.46,36.07,SPY230630C00398000,398.0,normalDay
2023-06-13,14785.0,-801.0,0.0,100,436.66,425.0,0,0.0,0.0,,0.0,1,19.46,39.13,SPY230630C00398000,398.0,normalDay
2023-06-14,14785.0,-821.0,0.0,100,437.18,425.0,0,0.0,0.0,,0.0,1,19.46,39.85,SPY230630C00398000,398.0,normalDay
2023-06-15,14785.0,-717.0,0.0,100,442.6,425.0,0,0.0,0.0,,0.0,1,19.46,44.23,SPY230630C00398000,398.0,normalDay
2023-06-16,14785.0,-901.0,0.0,100,439.46,425.0,0,0.0,0.0,,0.0,1,19.46,42.93,SPY230630C00398000,398.0,normalDay
2023-06-20,14785.0,-812.0,0.0,100,437.18,425.0,0,0.0,0.0,,0.0,1,19.46,39.76,SPY230630C00398000,398.0,normalDay
2023-06-21,14785.0,-858.0,0.0,100,434.94,425.0,0,0.0,0.0,,0.0,1,19.46,37.98,SPY230630C00398000,398.0,normalDay
2023-06-22,14785.0,-800.0,0.0,100,436.51,425.0,0,0.0,0.0,,0.0,1,19.46,38.97,SPY230630C00398000,398.0,normalDay
2023-06-23,14785.0,-822.0,0.0,100,433.21,425.0,0,0.0,0.0,,0.0,1,19.46,35.89,SPY230630C00398000,398.0,normalDay
2023-06-26,14785.0,-832.0,0.0,100,431.44,425.0,0,0.0,0.0,,0.0,1,19.46,34.22,SPY230630C00398000,398.0,normalDay
2023-06-27,14785.0,-777.0,0.0,100,436.17,425.0,0,0.0,0.0,,0.0,1,19.46,38.4,SPY230630C00398000,398.0,normalDay
2023-06-28,14785.0,-836.0,0.0,100,436.39,425.0,0,0.0,0.0,,0.0,1,19.46,39.21,SPY230630C00398000,398.0,normalDay
2023-06-29,14785.0,-783.0,0.0,100,438.11,425.0,0,0.0,0.0,,0.0,1,19.46,40.4,SPY230630C00398000,398.0,normalDay
2023-06-30,14031.0,-783.0,-754.0,0,443.28,0.0,0,0.0,0.0,,0.0,1,19.46,0.0,SPY230630C00398000,398.0,expirationDay
2023-07-03,14031.0,-7.0,0.0,0,443.79,0.0,1,1.88,1.95,SPY230804P00430000,430.0,0,0.0,0.0,,0.0,normalDay
2023-07-05,14031.0,-22.0,0.0,0,443.13,0.0,1,1.88,2.1,SPY230804P00430000,430.0,0,0.0,0.0,,0.0,normalDay
2023-07-06,14031.0,-107.0,0.0,0,439.66,0.0,1,1.88,2.95,SPY230804P00430000,430.0,0,0.0,0.0,,0.0,normalDay
2023-07-07,14031.0,-89.0,0.0,0,438.55,0.0,1,1.88,2.77,SPY230804P00430000,430.0,0,0.0,0.0,,0.0,normalDay
2023-07-10,14031.0,-60.0,0.0,0,439.66,0.0,1,1.88,2.48,SPY230804P00430000,430.0,0,0.0,0.0,,0.0,normalDay
2023-07-11,14031.0,-6.0,0.0,0,442.46,0.0,1,1.88,1.94,SPY230804P00430000,430.0,0,0.0,0.0,,0.0,normalDay
2023-07-12,14031.0,81.0,0.0,0,446.02,0.0,1,1.88,1.07,SPY230804P00430000,430.0,0,0.0,0.0,,0.0,normalDay
2023-07-13,14031.0,104.0,0.0,0,449.56,0.0,1,1.88,0.84,SPY230804P00430000,430.0,0,0.0,0.0,,0.0,normalDay
2023-07-14,14031.0,113.0,0.0,0,449.28,0.0,1,1.88,0.75,SPY230804P00430000,430.0,0,0.0,0.0,,0.0,normalDay
2023-07-17,14031.0,133.0,0.0,0,450.84,0.0,1,1.88,0.55,SPY230804P00430000,430.0,0,0.0,0.0,,0.0,normalDay
2023-07-18,14031.0,150.0,0.0,0,454.19,0.0,1,1.88,0.38,SPY230804P00430000,430.0,0,0.0,0.0,,0.0,normalDay
2023-07-19,14031.0,151.0,0.0,0,455.2,0.0,1,1.88,0.37,SPY230804P00430000,430.0,0,0.0,0.0,,0.0,normalDay
2023-07-20,14031.0,144.0,0.0,0,452.18,0.0,1,1.88,0.44,SPY230804P00430000,430.0,0,0.0,0.0,,0.0,normalDay
2023-07-21,14031.0,156.0,0.0,0,452.18,0.0,1,1.88,0.32,SPY230804P00430000,430.0,0,0.0,0.0,,0.0,normalDay
2023-07-24,14031.0,165.0,0.0,0,454.2,0.0,1,1.88,0.23,SPY230804P00430000,430.0,0,0.0,0.0,,0.0,normalDay
2023-07-25,14031.0,169.0,0.0,0,455.44,0.0,1,1.88,0.19,SPY230804P00430000,430.0,0,0.0,0.0,,0.0,normalDay
2023-07-26,14031.0,176.0,0.0,0,455.51,0.0,1,1.88,0.12,SPY230804P00430000,430.0,0,0.0,0.0,,0.0,normalDay
2023-07-27,14031.0,169.0,0.0,0,452.49,0.0,1,1.88,0.19,SPY230804P00430000,430.0,0,0.0,0.0,,0.0,normalDay
2023-07-28,14031.0,183.0,0.0,0,456.92,0.0,1,1.88,0.05,SPY230804P00430000,430.0,0,0.0,0.0,,0.0,normalDay
2023-07-31,14031.0,183.0,0.0,0,457.79,0.0,1,1.88,0.05,SPY230804P00430000,430.0,0,0.0,0.0,,0.0,normalDay
2023-08-01,14031.0,184.0,0.0,0,456.48,0.0,1,1.88,0.04,SPY230804P00430000,430.0,0,0.0,0.0,,0.0,normalDay
2023-08-02,14031.0,182.0,0.0,0,450.13,0.0,1,1.88,0.06,SPY230804P00430000,430.0,0,0.0,0.0,,0.0,normalDay
2023-08-03,14031.0,185.0,0.0,0,448.84,0.0,1,1.88,0.03,SPY230804P00430000,430.0,0,0.0,0.0,,0.0,normalDay
2023-08-04,14219.0,0.0,188.0,0,446.81,0.0,1,1.88,0.0,SPY230804P00430000,430.0,0,0.0,0.0,,0.0,expirationDay
2023-08-07,14219.0,-4.0,0.0,0,450.71,0.0,1,5.0,5.04,SPY230908P00448000,448.0,0,0.0,0.0,,0.0,normalDay
2023-08-08,14219.0,-86.0,0.0,0,448.75,0.0,1,5.0,5.86,SPY230908P00448000,448.0,0,0.0,0.0,,0.0,normalDay
2023-08-09,14219.0,-188.0,0.0,0,445.75,0.0,1,5.0,6.88,SPY230908P00448000,448.0,0,0.0,0.0,,0.0,normalDay
2023-08-10,14219.0,-198.0,0.0,0,445.91,0.0,1,5.0,6.98,SPY230908P00448000,448.0,0,0.0,0.0,,0.0,normalDay
2023-08-11,14219.0,-153.0,0.0,0,445.65,0.0,1,5.0,6.53,SPY230908P00448000,448.0,0,0.0,0.0,,0.0,normalDay
2023-08-14,14219.0,-14.0,0.0,0,448.11,0.0,1,5.0,5.14,SPY230908P00448000,448.0,0,0.0,0.0,,0.0,normalDay
2023-08-15,14219.0,-312.0,0.0,0,442.89,0.0,1,5.0,8.12,SPY230908P00448000,448.0,0,0.0,0.0,,0.0,normalDay
2023-08-16,14219.0,-512.0,0.0,0,439.64,0.0,1,5.0,10.12,SPY230908P00448000,448.0,0,0.0,0.0,,0.0,normalDay
2023-08-17,14219.0,-802.0,0.0,0,436.29,0.0,1,5.0,13.02,SPY230908P00448000,448.0,0,0.0,0.0,,0.0,normalDay
2023-08-18,14219.0,-743.0,0.0,0,436.5,0.0,1,5.0,12.43,SPY230908P00448000,448.0,0,0.0,0.0,,0.0,normalDay
2023-08-21,14219.0,-533.0,0.0,0,439.34,0.0,1,5.0,10.33,SPY230908P00448000,448.0,0,0.0,0.0,,0.0,normalDay
2023-08-22,14219.0,-579.0,0.0,0,438.15,0.0,1,5.0,10.79,SPY230908P00448000,448.0,0,0.0,0.0,,0.0,normalDay
2023-08-23,14219.0,-196.0,0.0,0,443.03,0.0,1,5.0,6.96,SPY230908P00448000,448.0,0,0.0,0.0,,0.0,normalDay
2023-08-24,14219.0,-669.0,0.0,0,436.89,0.0,1,5.0,11.69,SPY230908P00448000,448.0,0,0.0,0.0,,0.0,normalDay
2023-08-25,14219.0,-376.0,0.0,0,439.97,0.0,1,5.0,8.76,SPY230908P00448000,448.0,0,0.0,0.0,,0.0,normalDay
2023-08-28,14219.0,-123.0,0.0,0,442.76,0.0,1,5.0,6.23,SPY230908P00448000,448.0,0,0.0,0.0,,0.0,normalDay
2023-08-29,14219.0,238.0,0.0,0,449.16,0.0,1,5.0,2.62,SPY230908P00448000,448.0,0,0.0,0.0,,0.0,normalDay
2023-08-30,14219.0,334.0,0.0,0,451.01,0.0,1,5.0,1.66,SPY230908P00448000,448.0,0,0.0,0.0,,0.0,normalDay
2023-08-31,14219.0,354.0,0.0,0,450.35,0.0,1,5.0,1.46,SPY230908P00448000,448.0,0,0.0,0.0,,0.0,normalDay
2023-09-01,14219.0,401.0,0.0,0,451.19,0.0,1,5.0,0.99,SPY230908P00448000,448.0,0,0.0,0.0,,0.0,normalDay
2023-09-05,14219.0,371.0,0.0,0,449.24,0.0,1,5.0,1.29,SPY230908P00448000,448.0,0,0.0,0.0,,0.0,normalDay
2023-09-06,14219.0,241.0,0.0,0,446.22,0.0,1,5.0,2.59,SPY230908P00448000,448.0,0,0.0,0.0,,0.0,normalDay
2023-09-07,14219.0,160.0,0.0,0,444.85,0.0,1,5.0,3.4,SPY230908P00448000,448.0,0,0.0,0.0,,0.0,normalDay
2023-09-08,14719.0,-248.0,500.0,100,445.52,448.0,1,5.0,0.0,SPY230908P00448000,448.0,0,0.0,0.0,,0.0,expirationDay
2023-09-11,14719.0,31.0,0.0,100,448.45,448.0,0,0.0,0.0,,0.0,1,26.75,26.89,SPY240328C00445000,445.0,normalDay
2023-09-12,14719.0,-59.0,0.0,100,445.99,448.0,0,0.0,0.0,,0.0,1,26.75,25.33,SPY240328C00445000,445.0,normalDay
2023-09-13,14719.0,-43.0,0.0,100,446.51,448.0,0,0.0,0.0,,0.0,1,26.75,25.69,SPY240328C00445000,445.0,normalDay
2023-09-14,14719.0,153.0,0.0,100,450.36,448.0,0,0.0,0.0,,0.0,1,26.75,27.58,SPY240328C00445000,445.0,normalDay
2023-09-15,14719.0,-201.0,0.0,100,443.37,448.0,0,0.0,0.0,,0.0,1,26.75,24.13,SPY240328C00445000,445.0,normalDay
2023-09-18,14719.0,-153.0,0.0,100,443.63,448.0,0,0.0,0.0,,0.0,1,26.75,23.91,SPY240328C00445000,445.0,normalDay
2023-09-19,14719.0,-173.0,0.0,100,442.71,448.0,0,0.0,0.0,,0.0,1,26.75,23.19,SPY240328C00445000,445.0,normalDay
2023-09-20,14719.0,-307.0,0.0,100,438.64,448.0,0,0.0,0.0,,0.0,1,26.75,20.46,SPY240328C00445000,445.0,normalDay
2023-09-21,14719.0,-677.0,0.0,100,431.39,448.0,0,0.0,0.0,,0.0,1,26.75,16.91,SPY240328C00445000,445.0,normalDay
2023-09-22,14719.0,-746.0,0.0,100,430.42,448.0,0,0.0,0.0,,0.0,1,26.75,16.63,SPY240328C00445000,445.0,normalDay
2023-09-25,14719.0,-617.0,0.0,100,432.23,448.0,0,0.0,0.0,,0.0,1,26.75,17.15,SPY240328C00445000,445.0,normalDay
2023-09-26,14719.0,-1029.0,0.0,100,425.88,448.0,0,0.0,0.0,,0.0,1,26.75,14.92,SPY240328C00445000,445.0,normalDay
2023-09-27,14719.0,-993.0,0.0,100,426.05,448.0,0,0.0,0.0,,0.0,1,26.75,14.73,SPY240328C00445000,445.0,normalDay
2023-09-28,14719.0,-786.0,0.0,100,428.52,448.0,0,0.0,0.0,,0.0,1,26.75,15.13,SPY240328C00445000,445.0,normalDay
2023-09-29,14719.0,-876.0,0.0,100,427.48,448.0,0,0.0,0.0,,0.0,1,26.75,14.99,SPY240328C00445000,445.0,normalDay
2023-10-02,14719.0,-843.0,0.0,100,427.31,448.0,0,0.0,0.0,,0.0,1,26.75,14.49,SPY240328C00445000,445.0,normalDay
2023-10-03,14719.0,-1228.0,0.0,100,421.59,448.0,0,0.0,0.0,,0.0,1,26.75,12.62,SPY240328C00445000,445.0,normalDay
2023-10-04,14719.0,-1002.0,0.0,100,424.66,448.0,0,0.0,0.0,,0.0,1,26.75,13.43,SPY240328C00445000,445.0,normalDay
2023-10-05,14719.0,-977.0,0.0,100,424.5,448.0,0,0.0,0.0,,0.0,1,26.75,13.02,SPY240328C00445000,445.0,normalDay
2023-10-06,14719.0,-714.0,0.0,100,429.54,448.0,0,0.0,0.0,,0.0,1,26.75,15.43,SPY240328C00445000,445.0,normalDay
2023-10-09,14719.0,-570.0,0.0,100,432.29,448.0,0,0.0,0.0,,0.0,1,26.75,16.74,SPY240328C00445000,445.0,normalDay
2023-10-10,14719.0,-426.0,0.0,100,434.54,448.0,0,0.0,0.0,,0.0,1,26.75,17.55,SPY240328C00445000,445.0,normalDay
2023-10-11,14719.0,-328.0,0.0,100,436.32,448.0,0,0.0,0.0,,0.0,1,26.75,18.35,SPY240328C00445000,445.0,normalDay
2023-10-12,14719.0,-438.0,0.0,100,433.66,448.0,0,0.0,0.0,,0.0,1,26.75,16.79,SPY240328C00445000,445.0,normalDay
2023-10-13,14719.0,-576.0,0.0,100,431.5,448.0,0,0.0,0.0,,0.0,1,26.75,16.01,SPY240328C00445000,445.0,normalDay
2023-10-16,14719.0,-293.0,0.0,100,436.04,448.0,0,0.0,0.0,,0.0,1,26.75,17.72,SPY240328C00445000,445.0,normalDay
2023-10-17,14719.0,-286.0,0.0,100,436.02,448.0,0,0.0,0.0,,0.0,1,26.75,17.63,SPY240328C00445000,445.0,normalDay
2023-10-18,14719.0,-662.0,0.0,100,430.21,448.0,0,0.0,0.0,,0.0,1,26.75,15.58,SPY240328C00445000,445.0,normalDay
2023-10-19,14719.0,-846.0,0.0,100,426.43,448.0,0,0.0,0.0,,0.0,1,26.75,13.64,SPY240328C00445000,445.0,normalDay
2023-10-20,14719.0,-1125.0,0.0,100,421.19,448.0,0,0.0,0.0,,0.0,1,26.75,11.19,SPY240328C00445000,445.0,normalDay
2023-10-23,14719.0,-1134.0,0.0,100,420.46,448.0,0,0.0,0.0,,0.0,1,26.75,10.55,SPY240328C00445000,445.0,normalDay
2023-10-24,14719.0,-891.0,0.0,100,423.63,448.0,0,0.0,0.0,,0.0,1,26.75,11.29,SPY240328C00445000,445.0,normalDay
2023-10-25,14719.0,-1277.0,0.0,100,417.55,448.0,0,0.0,0.0,,0.0,1,26.75,9.07,SPY240328C00445000,445.0,normalDay
2023-10-26,14719.0,-1622.0,0.0,100,412.55,448.0,0,0.0,0.0,,0.0,1,26.75,7.52,SPY240328C00445000,445.0,normalDay
2023-10-27,14719.0,-1725.0,0.0,100,410.68,448.0,0,0.0,0.0,,0.0,1,26.75,6.68,SPY240328C00445000,445.0,normalDay
2023-10-30,14719.0,-1332.0,0.0,100,415.59,448.0,0,0.0,0.0,,0.0,1,26.75,7.66,SPY240328C00445000,445.0,normalDay
2023-10-31,14719.0,-1077.0,0.0,100,418.2,448.0,0,0.0,0.0,,0.0,1,26.75,7.72,SPY240328C00445000,445.0,normalDay
2023-11-01,14719.0,-776.0,0.0,100,422.66,448.0,0,0.0,0.0,,0.0,1,26.75,9.17,SPY240328C00445000,445.0,normalDay
2023-11-02,14719.0,-257.0,0.0,100,430.76,448.0,0,0.0,0.0,,0.0,1,26.75,12.08,SPY240328C00445000,445.0,normalDay
2023-11-03,14719.0,-57.0,0.0,100,434.69,448.0,0,0.0,0.0,,0.0,1,26.75,14.01,SPY240328C00445000,445.0,normalDay
2023-11-06,14719.0,62.0,0.0,100,435.69,448.0,0,0.0,0.0,,0.0,1,26.75,13.82,SPY240328C00445000,445.0,normalDay
2023-11-07,14719.0,118.0,0.0,100,436.93,448.0,0,0.0,0.0,,0.0,1,26.75,14.5,SPY240328C00445000,445.0,normalDay
2023-11-08,14719.0,169.0,0.0,100,437.25,448.0,0,0.0,0.0,,0.0,1,26.75,14.31,SPY240328C00445000,445.0,normalDay
2023-11-09,14719.0,-18.0,0.0,100,433.84,448.0,0,0.0,0.0,,0.0,1,26.75,12.77,SPY240328C00445000,445.0,normalDay
2023-11-10,14719.0,317.0,0.0,100,440.61,448.0,0,0.0,0.0,,0.0,1,26.75,16.19,SPY240328C00445000,445.0,normalDay
2023-11-13,14719.0,316.0,0.0,100,440.19,448.0,0,0.0,0.0,,0.0,1,26.75,15.78,SPY240328C00445000,445.0,normalDay
2023-11-14,14719.0,629.0,0.0,100,448.73,448.0,0,0.0,0.0,,0.0,1,26.75,21.19,SPY240328C00445000,445.0,normalDay
2023-11-15,14719.0,685.0,0.0,100,449.68,448.0,0,0.0,0.0,,0.0,1,26.75,21.58,SPY240328C00445000,445.0,normalDay
2023-11-16,14719.0,712.0,0.0,100,450.23,448.0,0,0.0,0.0,,0.0,1,26.75,21.86,SPY240328C00445000,445.0,normalDay
2023-11-17,14719.0,753.0,0.0,100,450.79,448.0,0,0.0,0.0,,0.0,1,26.75,22.01,SPY240328C00445000,445.0,normalDay
2023-11-20,14719.0,871.0,0.0,100,454.26,448.0,0,0.0,0.0,,0.0,1,26.75,24.3,SPY240328C00445000,445.0,normalDay
2023-11-21,14719.0,928.0,0.0,100,453.27,448.0,0,0.0,0.0,,0.0,1,26.75,22.74,SPY240328C00445000,445.0,normalDay
2023-11-22,14719.0,904.0,0.0,100,455.02,448.0,0,0.0,0.0,,0.0,1,26.75,24.73,SPY240328C00445000,445.0,normalDay
2023-11-24,14719.0,937.0,0.0,100,455.3,448.0,0,0.0,0.0,,0.0,1,26.75,24.68,SPY240328C00445000,445.0,normalDay
2023-11-27,14719.0,924.0,0.0,100,454.48,448.0,0,0.0,0.0,,0.0,1,26.75,23.99,SPY240328C00445000,445.0,normalDay
2023-11-28,14719.0,949.0,0.0,100,454.93,448.0,0,0.0,0.0,,0.0,1,26.75,24.19,SPY240328C00445000,445.0,normalDay
2023-11-29,14719.0,955.0,0.0,100,454.61,448.0,0,0.0,0.0,,0.0,1,26.75,23.81,SPY240328C00445000,445.0,normalDay
2023-11-30,14719.0,1006.0,0.0,100,456.4,448.0,0,0.0,0.0,,0.0,1,26.75,25.09,SPY240328C00445000,445.0,normalDay
