date,totalCapital,unrializedPnL,rializedPnL,stocksOwned,stocksPriceToday,stocksPriceBoughtAt,putOwned,putOwnedSoldAt,putPriceToday,putOwnedContract,putOwnedStrike,callOwned,callOwnedSoldAt,callPriceToday,callOwnedContract,callOwnedStrike,trackType
2018-11-01,0.0,-4.0,0.0,0,273.51,0.0,1,0.11,0.15,SPY181112P00246000,246.0,0,0.0,0.0,,0.0,normalDay
2018-11-02,0.0,0.0,0.0,0,271.89,0.0,1,0.11,0.11,SPY181112P00246000,246.0,0,0.0,0.0,,0.0,normalDay
2018-11-05,0.0,4.0,0.0,0,273.39,0.0,1,0.11,0.07,SPY181112P00246000,246.0,0,0.0,0.0,,0.0,normalDay
2018-11-06,0.0,4.0,0.0,0,275.12,0.0,1,0.11,0.07,SPY181112P00246000,246.0,0,0.0,0.0,,0.0,normalDay
2018-11-07,0.0,9.0,0.0,0,281.01,0.0,1,0.11,0.02,SPY181112P00246000,246.0,0,0.0,0.0,,0.0,normalDay
2018-11-08,0.0,10.0,0.0,0,280.5,0.0,1,0.11,0.01,SPY181112P00246000,246.0,0,0.0,0.0,,0.0,normalDay
2018-11-09,0.0,10.0,0.0,0,277.76,0.0,1,0.11,0.01,SPY181112P00246000,246.0,0,0.0,0.0,,0.0,normalDay
2018-11-12,11.0,0.0,11.0,0,272.57,0.0,1,0.11,0.0,SPY181112P00246000,246.0,0,0.0,0.0,,0.0,expirationDay
2018-11-13,11.0,-4.0,0.0,0,272.06,0.0,1,0.24,0.28,SPY181123P00253000,253.0,0,0.0,0.0,,0.0,normalDay
2018-11-14,11.0,-9.0,0.0,0,270.2,0.0,1,0.24,0.33,SPY181123P00253000,253.0,0,0.0,0.0,,0.0,normalDay
2018-11-15,11.0,7.0,0.0,0,273.02,0.0,1,0.24,0.17,SPY181123P00253000,253.0,0,0.0,0.0,,0.0,normalDay
2018-11-16,11.0,18.0,0.0,0,273.73,0.0,1,0.24,0.06,SPY181123P00253000,253.0,0,0.0,0.0,,0.0,normalDay
2018-11-19,11.0,17.0,0.0,0,269.1,0.0,1,0.24,0.07,SPY181123P00253000,253.0,0,0.0,0.0,,0.0,normalDay
2018-11-20,11.0,9.0,0.0,0,264.12,0.0,1,0.24,0.15,SPY181123P00253000,253.0,0,0.0,0.0,,0.0,normalDay
2018-11-21,11.0,21.0,0.0,0,265.02,0.0,1,0.24,0.03,SPY181123P00253000,253.0,0,0.0,0.0,,0.0,normalDay
2018-11-23,35.0,0.0,24.0,0,263.25,0.0,1,0.24,0.0,SPY181123P00253000,253.0,0,0.0,0.0,,0.0,expirationDay
2018-11-26,35.0,-4.0,0.0,0,267.5,0.0,1,0.26,0.3,SPY181207P00251000,251.0,0,0.0,0.0,,0.0,normalDay
2018-11-27,35.0,-2.0,0.0,0,268.4,0.0,1,0.26,0.28,SPY181207P00251000,251.0,0,0.0,0.0,,0.0,normalDay
2018-11-28,35.0,13.0,0.0,0,274.58,0.0,1,0.26,0.13,SPY181207P00251000,251.0,0,0.0,0.0,,0.0,normalDay
2018-11-29,35.0,12.0,0.0,0,273.98,0.0,1,0.26,0.14,SPY181207P00251000,251.0,0,0.0,0.0,,0.0,normalDay
2018-11-30,35.0,19.0,0.0,0,275.65,0.0,1,0.26,0.07,SPY181207P00251000,251.0,0,0.0,0.0,,0.0,normalDay
2018-12-03,35.0,24.0,0.0,0,279.3,0.0,1,0.26,0.02,SPY181207P00251000,251.0,0,0.0,0.0,,0.0,normalDay
2018-12-04,35.0,15.0,0.0,0,270.25,0.0,1,0.26,0.11,SPY181207P00251000,251.0,0,0.0,0.0,,0.0,normalDay
2018-12-06,35.0,24.0,0.0,0,269.84,0.0,1,0.26,0.02,SPY181207P00251000,251.0,0,0.0,0.0,,0.0,normalDay
2018-12-07,61.0,0.0,26.0,0,263.57,0.0,1,0.26,0.0,SPY181207P00251000,251.0,0,0.0,0.0,,0.0,expirationDay
2018-12-10,61.0,-5.0,0.0,0,264.07,0.0,1,1.02,1.07,SPY181221P00251000,251.0,0,0.0,0.0,,0.0,normalDay
2018-12-11,61.0,15.0,0.0,0,264.13,0.0,1,1.02,0.87,SPY181221P00251000,251.0,0,0.0,0.0,,0.0,normalDay
2018-12-12,61.0,41.0,0.0,0,265.46,0.0,1,1.02,0.61,SPY181221P00251000,251.0,0,0.0,0.0,,0.0,normalDay
2018-12-13,61.0,63.0,0.0,0,265.37,0.0,1,1.02,0.39,SPY181221P00251000,251.0,0,0.0,0.0,,0.0,normalDay
2018-12-14,61.0,21.0,0.0,0,260.47,0.0,1,1.02,0.81,SPY181221P00251000,251.0,0,0.0,0.0,,0.0,normalDay
2018-12-17,61.0,-100.0,0.0,0,255.36,0.0,1,1.02,2.02,SPY181221P00251000,251.0,0,0.0,0.0,,0.0,normalDay
2018-12-18,61.0,-120.0,0.0,0,255.08,0.0,1,1.02,2.22,SPY181221P00251000,251.0,0,0.0,0.0,,0.0,normalDay
2018-12-19,61.0,-184.0,0.0,0,251.26,0.0,1,1.02,2.86,SPY181221P00251000,251.0,0,0.0,0.0,,0.0,normalDay
2018-12-20,61.0,-392.0,0.0,0,247.17,0.0,1,1.02,4.94,SPY181221P00251000,251.0,0,0.0,0.0,,0.0,normalDay
2018-12-21,163.0,-1030.0,102.0,100,240.7,251.0,1,1.02,0.0,SPY181221P00251000,251.0,0,0.0,0.0,,0.0,expirationDay
2018-12-24,163.0,-1671.0,0.0,100,234.34,251.0,0,0.0,0.0,,0.0,1,0.06,0.11,SPY190125C00272000,272.0,normalDay
2018-12-26,163.0,-513.0,0.0,100,246.18,251.0,0,0.0,0.0,,0.0,1,0.06,0.37,SPY190125C00272000,272.0,normalDay
2018-12-27,163.0,-336.0,0.0,100,248.07,251.0,0,0.0,0.0,,0.0,1,0.06,0.49,SPY190125C00272000,272.0,normalDay
2018-12-28,163.0,-349.0,0.0,100,247.75,251.0,0,0.0,0.0,,0.0,1,0.06,0.3,SPY190125C00272000,272.0,normalDay
2018-12-31,163.0,-122.0,0.0,100,249.92,251.0,0,0.0,0.0,,0.0,1,0.06,0.2,SPY190125C00272000,272.0,normalDay
2019-01-02,163.0,-84.0,0.0,100,250.18,251.0,0,0.0,0.0,,0.0,1,0.06,0.08,SPY190125C00272000,272.0,normalDay
2019-01-03,163.0,-676.0,0.0,100,244.21,251.0,0,0.0,0.0,,0.0,1,0.06,0.03,SPY190125C00272000,272.0,normalDay
2019-01-04,163.0,136.0,0.0,100,252.39,251.0,0,0.0,0.0,,0.0,1,0.06,0.09,SPY190125C00272000,272.0,normalDay
2019-01-07,163.0,334.0,0.0,100,254.38,251.0,0,0.0,0.0,,0.0,1,0.06,0.1,SPY190125C00272000,272.0,normalDay
2019-01-08,163.0,570.0,0.0,100,256.77,251.0,0,0.0,0.0,,0.0,1,0.06,0.13,SPY190125C00272000,272.0,normalDay
2019-01-09,163.0,691.0,0.0,100,257.97,251.0,0,0.0,0.0,,0.0,1,0.06,0.12,SPY190125C00272000,272.0,normalDay
2019-01-10,163.0,780.0,0.0,100,258.88,251.0,0,0.0,0.0,,0.0,1,0.06,0.14,SPY190125C00272000,272.0,normalDay
2019-01-11,163.0,796.0,0.0,100,258.98,251.0,0,0.0,0.0,,0.0,1,0.06,0.08,SPY190125C00272000,272.0,normalDay
2019-01-14,163.0,642.0,0.0,100,257.4,251.0,0,0.0,0.0,,0.0,1,0.06,0.04,SPY190125C00272000,272.0,normalDay
2019-01-15,163.0,934.0,0.0,100,260.35,251.0,0,0.0,0.0,,0.0,1,0.06,0.07,SPY190125C00272000,272.0,normalDay
2019-01-16,163.0,995.0,0.0,100,260.98,251.0,0,0.0,0.0,,0.0,1,0.06,0.09,SPY190125C00272000,272.0,normalDay
2019-01-17,163.0,1190.0,0.0,100,262.96,251.0,0,0.0,0.0,,0.0,1,0.06,0.12,SPY190125C00272000,272.0,normalDay
2019-01-18,163.0,1517.0,0.0,100,266.46,251.0,0,0.0,0.0,,0.0,1,0.06,0.35,SPY190125C00272000,272.0,normalDay
2019-01-22,163.0,1188.0,0.0,100,262.86,251.0,0,0.0,0.0,,0.0,1,0.06,0.04,SPY190125C00272000,272.0,normalDay
2019-01-23,163.0,1245.0,0.0,100,263.41,251.0,0,0.0,0.0,,0.0,1,0.06,0.02,SPY190125C00272000,272.0,normalDay
2019-01-24,163.0,1260.0,0.0,100,263.55,251.0,0,0.0,0.0,,0.0,1,0.06,0.01,SPY190125C00272000,272.0,normalDay
2019-01-25,169.0,1478.0,6.0,100,265.78,251.0,0,0.0,0.0,,0.0,1,0.06,0.0,SPY190125C00272000,272.0,expirationDay
2019-01-28,169.0,1269.0,0.0,100,263.76,251.0,0,0.0,0.0,,0.0,1,5.81,5.88,SPY190301C00263000,263.0,normalDay
2019-01-29,169.0,1264.0,0.0,100,263.41,251.0,0,0.0,0.0,,0.0,1,5.81,5.58,SPY190301C00263000,263.0,normalDay
2019-01-30,169.0,1450.0,0.0,100,267.58,251.0,0,0.0,0.0,,0.0,1,5.81,7.89,SPY190301C00263000,263.0,normalDay
2019-01-31,169.0,1504.0,0.0,100,269.93,251.0,0,0.0,0.0,,0.0,1,5.81,9.7,SPY190301C00263000,263.0,normalDay
2019-02-01,169.0,1547.0,0.0,100,270.06,251.0,0,0.0,0.0,,0.0,1,5.81,9.4,SPY190301C00263000,263.0,normalDay
2019-02-04,169.0,1623.0,0.0,100,271.96,251.0,0,0.0,0.0,,0.0,1,5.81,10.54,SPY190301C00263000,263.0,normalDay
2019-02-05,169.0,1655.0,0.0,100,273.1,251.0,0,0.0,0.0,,0.0,1,5.81,11.36,SPY190301C00263000,263.0,normalDay
2019-02-06,169.0,1647.0,0.0,100,272.74,251.0,0,0.0,0.0,,0.0,1,5.81,11.08,SPY190301C00263000,263.0,normalDay
2019-02-07,169.0,1585.0,0.0,100,270.14,251.0,0,0.0,0.0,,0.0,1,5.81,9.1,SPY190301C00263000,263.0,normalDay
2019-02-08,169.0,1627.0,0.0,100,270.47,251.0,0,0.0,0.0,,0.0,1,5.81,9.01,SPY190301C00263000,263.0,normalDay
2019-02-11,169.0,1637.0,0.0,100,270.62,251.0,0,0.0,0.0,,0.0,1,5.81,9.06,SPY190301C00263000,263.0,normalDay
2019-02-12,169.0,1663.0,0.0,100,274.1,251.0,0,0.0,0.0,,0.0,1,5.81,12.28,SPY190301C00263000,263.0,normalDay
2019-02-13,169.0,1701.0,0.0,100,274.99,251.0,0,0.0,0.0,,0.0,1,5.81,12.79,SPY190301C00263000,263.0,normalDay
2019-02-14,169.0,1701.0,0.0,100,274.38,251.0,0,0.0,0.0,,0.0,1,5.81,12.18,SPY190301C00263000,263.0,normalDay
2019-02-15,169.0,1718.0,0.0,100,277.37,251.0,0,0.0,0.0,,0.0,1,5.81,15.0,SPY190301C00263000,263.0,normalDay
2019-02-19,169.0,1763.0,0.0,100,277.85,251.0,0,0.0,0.0,,0.0,1,5.81,15.03,SPY190301C00263000,263.0,normalDay
2019-02-20,169.0,1741.0,0.0,100,278.41,251.0,0,0.0,0.0,,0.0,1,5.81,15.81,SPY190301C00263000,263.0,normalDay
2019-02-21,169.0,1738.0,0.0,100,277.42,251.0,0,0.0,0.0,,0.0,1,5.81,14.85,SPY190301C00263000,263.0,normalDay
2019-02-22,169.0,1754.0,0.0,100,279.14,251.0,0,0.0,0.0,,0.0,1,5.81,16.41,SPY190301C00263000,263.0,normalDay
2019-02-25,169.0,1752.0,0.0,100,279.52,251.0,0,0.0,0.0,,0.0,1,5.81,16.81,SPY190301C00263000,263.0,normalDay
2019-02-26,169.0,1765.0,0.0,100,279.32,251.0,0,0.0,0.0,,0.0,1,5.81,16.48,SPY190301C00263000,263.0,normalDay
2019-02-27,169.0,1752.0,0.0,100,279.2,251.0,0,0.0,0.0,,0.0,1,5.81,16.49,SPY190301C00263000,263.0,normalDay
2019-02-28,169.0,1771.0,0.0,100,278.68,251.0,0,0.0,0.0,,0.0,1,5.81,15.78,SPY190301C00263000,263.0,normalDay
2019-03-01,1950.0,1771.0,1781.0,0,280.42,0.0,0,0.0,0.0,,0.0,1,5.81,0.0,SPY190301C00263000,263.0,expirationDay
2019-03-04,1950.0,-3.0,0.0,0,279.4,0.0,1,0.19,0.22,SPY190315P00262000,262.0,0,0.0,0.0,,0.0,normalDay
2019-03-05,1950.0,-1.0,0.0,0,279.02,0.0,1,0.19,0.2,SPY190315P00262000,262.0,0,0.0,0.0,,0.0,normalDay
2019-03-06,1950.0,-8.0,0.0,0,277.33,0.0,1,0.19,0.27,SPY190315P00262000,262.0,0,0.0,0.0,,0.0,normalDay
2019-03-07,1950.0,-14.0,0.0,0,275.01,0.0,1,0.19,0.33,SPY190315P00262000,262.0,0,0.0,0.0,,0.0,normalDay
2019-03-08,1950.0,1.0,0.0,0,274.46,0.0,1,0.19,0.18,SPY190315P00262000,262.0,0,0.0,0.0,,0.0,normalDay
2019-03-11,1950.0,14.0,0.0,0,278.44,0.0,1,0.19,0.05,SPY190315P00262000,262.0,0,0.0,0.0,,0.0,normalDay
2019-03-12,1950.0,16.0,0.0,0,279.49,0.0,1,0.19,0.03,SPY190315P00262000,262.0,0,0.0,0.0,,0.0,normalDay
2019-03-13,1950.0,17.0,0.0,0,281.34,0.0,1,0.19,0.02,SPY190315P00262000,262.0,0,0.0,0.0,,0.0,normalDay
2019-03-14,1950.0,17.0,0.0,0,281.16,0.0,1,0.19,0.02,SPY190315P00262000,262.0,0,0.0,0.0,,0.0,normalDay
2019-03-15,1969.0,0.0,19.0,0,281.31,0.0,1,0.19,0.0,SPY190315P00262000,262.0,0,0.0,0.0,,0.0,expirationDay
2019-03-18,1969.0,-3.0,0.0,0,282.33,0.0,1,0.23,0.26,SPY190329P00271000,271.0,0,0.0,0.0,,0.0,normalDay
2019-03-19,1969.0,-6.0,0.0,0,282.4,0.0,1,0.23,0.29,SPY190329P00271000,271.0,0,0.0,0.0,,0.0,normalDay
2019-03-20,1969.0,-4.0,0.0,0,281.55,0.0,1,0.23,0.27,SPY190329P00271000,271.0,0,0.0,0.0,,0.0,normalDay
2019-03-21,1969.0,11.0,0.0,0,284.73,0.0,1,0.23,0.12,SPY190329P00271000,271.0,0,0.0,0.0,,0.0,normalDay
2019-03-22,1969.0,-22.0,0.0,0,279.25,0.0,1,0.23,0.45,SPY190329P00271000,271.0,0,0.0,0.0,,0.0,normalDay
2019-03-25,1969.0,1.0,0.0,0,279.04,0.0,1,0.23,0.22,SPY190329P00271000,271.0,0,0.0,0.0,,0.0,normalDay
2019-03-26,1969.0,17.0,0.0,0,281.12,0.0,1,0.23,0.06,SPY190329P00271000,271.0,0,0.0,0.0,,0.0,normalDay
2019-03-27,1969.0,17.0,0.0,0,279.65,0.0,1,0.23,0.06,SPY190329P00271000,271.0,0,0.0,0.0,,0.0,normalDay
2019-03-28,1969.0,22.0,0.0,0,280.71,0.0,1,0.23,0.01,SPY190329P00271000,271.0,0,0.0,0.0,,0.0,normalDay
2019-03-29,1992.0,0.0,23.0,0,282.48,0.0,1,0.23,0.0,SPY190329P00271000,271.0,0,0.0,0.0,,0.0,expirationDay
2019-04-01,1992.0,-3.0,0.0,0,285.83,0.0,1,0.09,0.12,SPY190412P00269000,269.0,0,0.0,0.0,,0.0,normalDay
2019-04-02,1992.0,-1.0,0.0,0,285.97,0.0,1,0.09,0.1,SPY190412P00269000,269.0,0,0.0,0.0,,0.0,normalDay
2019-04-03,1992.0,0.0,0.0,0,286.42,0.0,1,0.09,0.09,SPY190412P00269000,269.0,0,0.0,0.0,,0.0,normalDay
2019-04-04,1992.0,3.0,0.0,0,287.18,0.0,1,0.09,0.06,SPY190412P00269000,269.0,0,0.0,0.0,,0.0,normalDay
2019-04-05,1992.0,6.0,0.0,0,288.57,0.0,1,0.09,0.03,SPY190412P00269000,269.0,0,0.0,0.0,,0.0,normalDay
2019-04-08,1992.0,7.0,0.0,0,288.79,0.0,1,0.09,0.02,SPY190412P00269000,269.0,0,0.0,0.0,,0.0,normalDay
2019-04-09,1992.0,7.0,0.0,0,287.31,0.0,1,0.09,0.02,SPY190412P00269000,269.0,0,0.0,0.0,,0.0,normalDay
2019-04-10,1992.0,8.0,0.0,0,288.29,0.0,1,0.09,0.01,SPY190412P00269000,269.0,0,0.0,0.0,,0.0,normalDay
2019-04-11,1992.0,8.0,0.0,0,288.21,0.0,1,0.09,0.01,SPY190412P00269000,269.0,0,0.0,0.0,,0.0,normalDay
2019-04-12,2001.0,0.0,9.0,0,290.16,0.0,1,0.09,0.0,SPY190412P00269000,269.0,0,0.0,0.0,,0.0,expirationDay
2019-04-15,2001.0,-3.0,0.0,0,289.97,0.0,1,0.05,0.08,SPY190426P00270000,270.0,0,0.0,0.0,,0.0,normalDay
2019-04-16,2001.0,-3.0,0.0,0,290.16,0.0,1,0.05,0.08,SPY190426P00270000,270.0,0,0.0,0.0,,0.0,normalDay
2019-04-17,2001.0,-2.0,0.0,0,289.45,0.0,1,0.05,0.07,SPY190426P00270000,270.0,0,0.0,0.0,,0.0,normalDay
2019-04-18,2001.0,2.0,0.0,0,290.02,0.0,1,0.05,0.03,SPY190426P00270000,270.0,0,0.0,0.0,,0.0,normalDay
2019-04-22,2001.0,3.0,0.0,0,290.27,0.0,1,0.05,0.02,SPY190426P00270000,270.0,0,0.0,0.0,,0.0,normalDay
2019-04-23,2001.0,4.0,0.0,0,292.88,0.0,1,0.05,0.01,SPY190426P00270000,270.0,0,0.0,0.0,,0.0,normalDay
2019-04-24,2001.0,4.0,0.0,0,292.23,0.0,1,0.05,0.01,SPY190426P00270000,270.0,0,0.0,0.0,,0.0,normalDay
2019-04-25,2001.0,4.0,0.0,0,292.05,0.0,1,0.05,0.01,SPY190426P00270000,270.0,0,0.0,0.0,,0.0,normalDay
2019-04-26,2006.0,0.0,5.0,0,293.41,0.0,1,0.05,0.0,SPY190426P00270000,270.0,0,0.0,0.0,,0.0,expirationDay
2019-04-29,2006.0,-3.0,0.0,0,293.87,0.0,1,0.23,0.26,SPY190510P00280000,280.0,0,0.0,0.0,,0.0,normalDay
2019-04-30,2006.0,-1.0,0.0,0,294.02,0.0,1,0.23,0.24,SPY190510P00280000,280.0,0,0.0,0.0,,0.0,normalDay
2019-05-01,2006.0,-15.0,0.0,0,291.81,0.0,1,0.23,0.38,SPY190510P00280000,280.0,0,0.0,0.0,,0.0,normalDay
2019-05-02,2006.0,-6.0,0.0,0,291.18,0.0,1,0.23,0.29,SPY190510P00280000,280.0,0,0.0,0.0,,0.0,normalDay
2019-05-03,2006.0,15.0,0.0,0,294.03,0.0,1,0.23,0.08,SPY190510P00280000,280.0,0,0.0,0.0,,0.0,normalDay
2019-05-06,2006.0,10.0,0.0,0,292.82,0.0,1,0.23,0.13,SPY190510P00280000,280.0,0,0.0,0.0,,0.0,normalDay
2019-05-07,2006.0,-31.0,0.0,0,287.93,0.0,1,0.23,0.54,SPY190510P00280000,280.0,0,0.0,0.0,,0.0,normalDay
2019-05-08,2006.0,-21.0,0.0,0,287.53,0.0,1,0.23,0.44,SPY190510P00280000,280.0,0,0.0,0.0,,0.0,normalDay
2019-05-09,2006.0,-20.0,0.0,0,286.66,0.0,1,0.23,0.43,SPY190510P00280000,280.0,0,0.0,0.0,,0.0,normalDay
2019-05-10,2029.0,0.0,23.0,0,288.1,0.0,1,0.23,0.0,SPY190510P00280000,280.0,0,0.0,0.0,,0.0,expirationDay
2019-05-13,2029.0,-3.0,0.0,0,280.86,0.0,1,2.88,2.91,SPY190524P00277500,277.5,0,0.0,0.0,,0.0,normalDay
2019-05-14,2029.0,130.0,0.0,0,283.4,0.0,1,2.88,1.58,SPY190524P00277500,277.5,0,0.0,0.0,,0.0,normalDay
2019-05-15,2029.0,208.0,0.0,0,285.06,0.0,1,2.88,0.8,SPY190524P00277500,277.5,0,0.0,0.0,,0.0,normalDay
2019-05-16,2029.0,250.0,0.0,0,287.7,0.0,1,2.88,0.38,SPY190524P00277500,277.5,0,0.0,0.0,,0.0,normalDay
2019-05-17,2029.0,230.0,0.0,0,285.84,0.0,1,2.88,0.58,SPY190524P00277500,277.5,0,0.0,0.0,,0.0,normalDay
2019-05-20,2029.0,246.0,0.0,0,283.95,0.0,1,2.88,0.42,SPY190524P00277500,277.5,0,0.0,0.0,,0.0,normalDay
2019-05-21,2029.0,279.0,0.0,0,286.51,0.0,1,2.88,0.09,SPY190524P00277500,277.5,0,0.0,0.0,,0.0,normalDay
2019-05-22,2029.0,283.0,0.0,0,285.63,0.0,1,2.88,0.05,SPY190524P00277500,277.5,0,0.0,0.0,,0.0,normalDay
2019-05-23,2029.0,270.0,0.0,0,282.14,0.0,1,2.88,0.18,SPY190524P00277500,277.5,0,0.0,0.0,,0.0,normalDay
2019-05-24,2317.0,0.0,288.0,0,282.78,0.0,1,2.88,0.0,SPY190524P00277500,277.5,0,0.0,0.0,,0.0,expirationDay
2019-05-28,2317.0,-4.0,0.0,0,280.15,0.0,1,0.57,0.61,SPY190607P00270000,270.0,0,0.0,0.0,,0.0,normalDay
2019-05-29,2317.0,-17.0,0.0,0,278.27,0.0,1,0.57,0.74,SPY190607P00270000,270.0,0,0.0,0.0,,0.0,normalDay
2019-05-30,2317.0,8.0,0.0,0,279.03,0.0,1,0.57,0.49,SPY190607P00270000,270.0,0,0.0,0.0,,0.0,normalDay
2019-05-31,2317.0,-51.0,0.0,0,275.27,0.0,1,0.57,1.08,SPY190607P00270000,270.0,0,0.0,0.0,,0.0,normalDay
2019-06-03,2317.0,-24.0,0.0,0,274.57,0.0,1,0.57,0.81,SPY190607P00270000,270.0,0,0.0,0.0,,0.0,normalDay
2019-06-04,2317.0,48.0,0.0,0,280.53,0.0,1,0.57,0.09,SPY190607P00270000,270.0,0,0.0,0.0,,0.0,normalDay
2019-06-05,2317.0,54.0,0.0,0,282.96,0.0,1,0.57,0.03,SPY190607P00270000,270.0,0,0.0,0.0,,0.0,normalDay
2019-06-06,2317.0,56.0,0.0,0,284.8,0.0,1,0.57,0.01,SPY190607P00270000,270.0,0,0.0,0.0,,0.0,normalDay
2019-06-07,2374.0,0.0,57.0,0,287.65,0.0,1,0.57,0.0,SPY190607P00270000,270.0,0,0.0,0.0,,0.0,expirationDay
2019-06-10,2374.0,-3.0,0.0,0,288.97,0.0,1,0.11,0.14,SPY190621P00267000,267.0,0,0.0,0.0,,0.0,normalDay
2019-06-11,2374.0,0.0,0.0,0,288.9,0.0,1,0.11,0.11,SPY190621P00267000,267.0,0,0.0,0.0,,0.0,normalDay
2019-06-12,2374.0,2.0,0.0,0,288.39,0.0,1,0.11,0.09,SPY190621P00267000,267.0,0,0.0,0.0,,0.0,normalDay
2019-06-13,2374.0,5.0,0.0,0,289.58,0.0,1,0.11,0.06,SPY190621P00267000,267.0,0,0.0,0.0,,0.0,normalDay
2019-06-14,2374.0,8.0,0.0,0,289.26,0.0,1,0.11,0.03,SPY190621P00267000,267.0,0,0.0,0.0,,0.0,normalDay
2019-06-17,2374.0,9.0,0.0,0,289.37,0.0,1,0.11,0.02,SPY190621P00267000,267.0,0,0.0,0.0,,0.0,normalDay
2019-06-18,2374.0,9.0,0.0,0,292.4,0.0,1,0.11,0.02,SPY190621P00267000,267.0,0,0.0,0.0,,0.0,normalDay
2019-06-19,2374.0,9.0,0.0,0,293.06,0.0,1,0.11,0.02,SPY190621P00267000,267.0,0,0.0,0.0,,0.0,normalDay
2019-06-20,2374.0,9.0,0.0,0,295.86,0.0,1,0.11,0.02,SPY190621P00267000,267.0,0,0.0,0.0,,0.0,normalDay
2019-06-21,2385.0,0.0,11.0,0,294.0,0.0,1,0.11,0.0,SPY190621P00267000,267.0,0,0.0,0.0,,0.0,expirationDay
2019-06-24,2385.0,-3.0,0.0,0,293.64,0.0,1,0.03,0.06,SPY190705P00260000,260.0,0,0.0,0.0,,0.0,normalDay
2019-06-25,2385.0,-3.0,0.0,0,290.76,0.0,1,0.03,0.06,SPY190705P00260000,260.0,0,0.0,0.0,,0.0,normalDay
2019-06-26,2385.0,-2.0,0.0,0,290.47,0.0,1,0.03,0.05,SPY190705P00260000,260.0,0,0.0,0.0,,0.0,normalDay
2019-06-27,2385.0,-1.0,0.0,0,291.5,0.0,1,0.03,0.04,SPY190705P00260000,260.0,0,0.0,0.0,,0.0,normalDay
2019-06-28,2385.0,0.0,0.0,0,293.0,0.0,1,0.03,0.03,SPY190705P00260000,260.0,0,0.0,0.0,,0.0,normalDay
2019-07-01,2385.0,2.0,0.0,0,295.66,0.0,1,0.03,0.01,SPY190705P00260000,260.0,0,0.0,0.0,,0.0,normalDay
2019-07-02,2385.0,2.0,0.0,0,296.43,0.0,1,0.03,0.01,SPY190705P00260000,260.0,0,0.0,0.0,,0.0,normalDay
2019-07-03,2385.0,2.0,0.0,0,298.8,0.0,1,0.03,0.01,SPY190705P00260000,260.0,0,0.0,0.0,,0.0,normalDay
2019-07-05,2388.0,0.0,3.0,0,298.46,0.0,1,0.03,0.0,SPY190705P00260000,260.0,0,0.0,0.0,,0.0,expirationDay
2019-07-08,2388.0,-3.0,0.0,0,296.82,0.0,1,0.09,0.12,SPY190719P00279000,279.0,0,0.0,0.0,,0.0,normalDay
2019-07-09,2388.0,-1.0,0.0,0,297.19,0.0,1,0.09,0.1,SPY190719P00279000,279.0,0,0.0,0.0,,0.0,normalDay
2019-07-10,2388.0,3.0,0.0,0,298.61,0.0,1,0.09,0.06,SPY190719P00279000,279.0,0,0.0,0.0,,0.0,normalDay
2019-07-11,2388.0,3.0,0.0,0,299.31,0.0,1,0.09,0.06,SPY190719P00279000,279.0,0,0.0,0.0,,0.0,normalDay
2019-07-12,2388.0,5.0,0.0,0,300.65,0.0,1,0.09,0.04,SPY190719P00279000,279.0,0,0.0,0.0,,0.0,normalDay
2019-07-15,2388.0,5.0,0.0,0,300.75,0.0,1,0.09,0.04,SPY190719P00279000,279.0,0,0.0,0.0,,0.0,normalDay
2019-07-16,2388.0,6.0,0.0,0,299.78,0.0,1,0.09,0.03,SPY190719P00279000,279.0,0,0.0,0.0,,0.0,normalDay
2019-07-17,2388.0,7.0,0.0,0,297.74,0.0,1,0.09,0.02,SPY190719P00279000,279.0,0,0.0,0.0,,0.0,normalDay
2019-07-18,2388.0,8.0,0.0,0,298.83,0.0,1,0.09,0.01,SPY190719P00279000,279.0,0,0.0,0.0,,0.0,normalDay
2019-07-19,2397.0,0.0,9.0,0,297.17,0.0,1,0.09,0.0,SPY190719P00279000,279.0,0,0.0,0.0,,0.0,expirationDay
2019-07-22,2397.0,-3.0,0.0,0,297.9,0.0,1,0.27,0.3,SPY190802P00284000,284.0,0,0.0,0.0,,0.0,normalDay
2019-07-23,2397.0,11.0,0.0,0,300.03,0.0,1,0.27,0.16,SPY190802P00284000,284.0,0,0.0,0.0,,0.0,normalDay
2019-07-24,2397.0,17.0,0.0,0,301.44,0.0,1,0.27,0.1,SPY190802P00284000,284.0,0,0.0,0.0,,0.0,normalDay
2019-07-25,2397.0,18.0,0.0,0,300.0,0.0,1,0.27,0.09,SPY190802P00284000,284.0,0,0.0,0.0,,0.0,normalDay
2019-07-26,2397.0,22.0,0.0,0,302.01,0.0,1,0.27,0.05,SPY190802P00284000,284.0,0,0.0,0.0,,0.0,normalDay
2019-07-29,2397.0,23.0,0.0,0,301.46,0.0,1,0.27,0.04,SPY190802P00284000,284.0,0,0.0,0.0,,0.0,normalDay
2019-07-30,2397.0,22.0,0.0,0,300.72,0.0,1,0.27,0.05,SPY190802P00284000,284.0,0,0.0,0.0,,0.0,normalDay
2019-07-31,2397.0,11.0,0.0,0,297.43,0.0,1,0.27,0.16,SPY190802P00284000,284.0,0,0.0,0.0,,0.0,normalDay
2019-08-01,2397.0,21.0,0.0,0,294.84,0.0,1,0.27,0.06,SPY190802P00284000,284.0,0,0.0,0.0,,0.0,normalDay
2019-08-02,2424.0,0.0,27.0,0,292.62,0.0,1,0.27,0.0,SPY190802P00284000,284.0,0,0.0,0.0,,0.0,expirationDay
2019-08-05,2424.0,-5.0,0.0,0,283.82,0.0,1,4.44,4.49,SPY190816P00282000,282.0,0,0.0,0.0,,0.0,normalDay
2019-08-06,2424.0,237.0,0.0,0,287.8,0.0,1,4.44,2.07,SPY190816P00282000,282.0,0,0.0,0.0,,0.0,normalDay
2019-08-07,2424.0,264.0,0.0,0,287.97,0.0,1,4.44,1.8,SPY190816P00282000,282.0,0,0.0,0.0,,0.0,normalDay
2019-08-08,2424.0,394.0,0.0,0,293.62,0.0,1,4.44,0.5,SPY190816P00282000,282.0,0,0.0,0.0,,0.0,normalDay
2019-08-09,2424.0,384.0,0.0,0,291.62,0.0,1,4.44,0.6,SPY190816P00282000,282.0,0,0.0,0.0,,0.0,normalDay
2019-08-12,2424.0,335.0,0.0,0,288.07,0.0,1,4.44,1.09,SPY190816P00282000,282.0,0,0.0,0.0,,0.0,normalDay
2019-08-13,2424.0,425.0,0.0,0,292.55,0.0,1,4.44,0.19,SPY190816P00282000,282.0,0,0.0,0.0,,0.0,normalDay
2019-08-14,2424.0,266.0,0.0,0,283.9,0.0,1,4.44,1.78,SPY190816P00282000,282.0,0,0.0,0.0,,0.0,normalDay
2019-08-15,2424.0,379.0,0.0,0,284.65,0.0,1,4.44,0.65,SPY190816P00282000,282.0,0,0.0,0.0,,0.0,normalDay
2019-08-16,2868.0,0.0,444.0,0,288.85,0.0,1,4.44,0.0,SPY190816P00282000,282.0,0,0.0,0.0,,0.0,expirationDay
2019-08-19,2868.0,-3.0,0.0,0,292.33,0.0,1,0.12,0.15,SPY190830P00268000,268.0,0,0.0,0.0,,0.0,normalDay
2019-08-20,2868.0,-6.0,0.0,0,290.09,0.0,1,0.12,0.18,SPY190830P00268000,268.0,0,0.0,0.0,,0.0,normalDay
2019-08-21,2868.0,5.0,0.0,0,292.45,0.0,1,0.12,0.07,SPY190830P00268000,268.0,0,0.0,0.0,,0.0,normalDay
2019-08-22,2868.0,6.0,0.0,0,292.36,0.0,1,0.12,0.06,SPY190830P00268000,268.0,0,0.0,0.0,,0.0,normalDay
2019-08-23,2868.0,-9.0,0.0,0,284.85,0.0,1,0.12,0.21,SPY190830P00268000,268.0,0,0.0,0.0,,0.0,normalDay
2019-08-26,2868.0,7.0,0.0,0,288.0,0.0,1,0.12,0.05,SPY190830P00268000,268.0,0,0.0,0.0,,0.0,normalDay
2019-08-27,2868.0,8.0,0.0,0,286.87,0.0,1,0.12,0.04,SPY190830P00268000,268.0,0,0.0,0.0,,0.0,normalDay
2019-08-28,2868.0,10.0,0.0,0,288.89,0.0,1,0.12,0.02,SPY190830P00268000,268.0,0,0.0,0.0,,0.0,normalDay
2019-08-29,2868.0,11.0,0.0,0,292.58,0.0,1,0.12,0.01,SPY190830P00268000,268.0,0,0.0,0.0,,0.0,normalDay
2019-08-30,2880.0,0.0,12.0,0,292.45,0.0,1,0.12,0.0,SPY190830P00268000,268.0,0,0.0,0.0,,0.0,expirationDay
2019-09-03,2880.0,-3.0,0.0,0,290.74,0.0,1,0.63,0.66,SPY190913P00277500,277.5,0,0.0,0.0,,0.0,normalDay
2019-09-04,2880.0,42.0,0.0,0,294.04,0.0,1,0.63,0.21,SPY190913P00277500,277.5,0,0.0,0.0,,0.0,normalDay
2019-09-05,2880.0,52.0,0.0,0,297.82,0.0,1,0.63,0.11,SPY190913P00277500,277.5,0,0.0,0.0,,0.0,normalDay
2019-09-06,2880.0,58.0,0.0,0,298.05,0.0,1,0.63,0.05,SPY190913P00277500,277.5,0,0.0,0.0,,0.0,normalDay
2019-09-09,2880.0,60.0,0.0,0,298.2,0.0,1,0.63,0.03,SPY190913P00277500,277.5,0,0.0,0.0,,0.0,normalDay
2019-09-10,2880.0,61.0,0.0,0,298.13,0.0,1,0.63,0.02,SPY190913P00277500,277.5,0,0.0,0.0,,0.0,normalDay
2019-09-11,2880.0,62.0,0.0,0,300.25,0.0,1,0.63,0.01,SPY190913P00277500,277.5,0,0.0,0.0,,0.0,normalDay
2019-09-12,2880.0,62.0,0.0,0,301.29,0.0,1,0.63,0.01,SPY190913P00277500,277.5,0,0.0,0.0,,0.0,normalDay
2019-09-13,2943.0,0.0,63.0,0,301.09,0.0,1,0.63,0.0,SPY190913P00277500,277.5,0,0.0,0.0,,0.0,expirationDay
2019-09-16,2943.0,-3.0,0.0,0,300.16,0.0,1,0.11,0.14,SPY190927P00274000,274.0,0,0.0,0.0,,0.0,normalDay
2019-09-17,2943.0,-2.0,0.0,0,300.92,0.0,1,0.11,0.13,SPY190927P00274000,274.0,0,0.0,0.0,,0.0,normalDay
2019-09-18,2943.0,1.0,0.0,0,301.1,0.0,1,0.11,0.1,SPY190927P00274000,274.0,0,0.0,0.0,,0.0,normalDay
2019-09-19,2943.0,2.0,0.0,0,301.08,0.0,1,0.11,0.09,SPY190927P00274000,274.0,0,0.0,0.0,,0.0,normalDay
2019-09-20,2943.0,4.0,0.0,0,298.28,0.0,1,0.11,0.07,SPY190927P00274000,274.0,0,0.0,0.0,,0.0,normalDay
2019-09-23,2943.0,8.0,0.0,0,298.21,0.0,1,0.11,0.03,SPY190927P00274000,274.0,0,0.0,0.0,,0.0,normalDay
2019-09-24,2943.0,6.0,0.0,0,295.87,0.0,1,0.11,0.05,SPY190927P00274000,274.0,0,0.0,0.0,,0.0,normalDay
2019-09-25,2943.0,9.0,0.0,0,297.62,0.0,1,0.11,0.02,SPY190927P00274000,274.0,0,0.0,0.0,,0.0,normalDay
2019-09-26,2943.0,10.0,0.0,0,297.0,0.0,1,0.11,0.01,SPY190927P00274000,274.0,0,0.0,0.0,,0.0,normalDay
2019-09-27,2954.0,0.0,11.0,0,295.4,0.0,1,0.11,0.0,SPY190927P00274000,274.0,0,0.0,0.0,,0.0,expirationDay
2019-09-30,2954.0,-3.0,0.0,0,296.77,0.0,1,0.72,0.75,SPY191011P00287000,287.0,0,0.0,0.0,,0.0,normalDay
2019-10-01,2954.0,-84.0,0.0,0,293.24,0.0,1,0.72,1.56,SPY191011P00287000,287.0,0,0.0,0.0,,0.0,normalDay
2019-10-02,2954.0,-275.0,0.0,0,288.06,0.0,1,0.72,3.47,SPY191011P00287000,287.0,0,0.0,0.0,,0.0,normalDay
2019-10-03,2954.0,-133.0,0.0,0,290.42,0.0,1,0.72,2.05,SPY191011P00287000,287.0,0,0.0,0.0,,0.0,normalDay
2019-10-04,2954.0,1.0,0.0,0,294.35,0.0,1,0.72,0.71,SPY191011P00287000,287.0,0,0.0,0.0,,0.0,normalDay
2019-10-07,2954.0,4.0,0.0,0,293.08,0.0,1,0.72,0.68,SPY191011P00287000,287.0,0,0.0,0.0,,0.0,normalDay
2019-10-08,2954.0,-107.0,0.0,0,288.53,0.0,1,0.72,1.79,SPY191011P00287000,287.0,0,0.0,0.0,,0.0,normalDay
2019-10-09,2954.0,7.0,0.0,0,291.27,0.0,1,0.72,0.65,SPY191011P00287000,287.0,0,0.0,0.0,,0.0,normalDay
2019-10-10,2954.0,53.0,0.0,0,293.24,0.0,1,0.72,0.19,SPY191011P00287000,287.0,0,0.0,0.0,,0.0,normalDay
2019-10-11,3026.0,0.0,72.0,0,296.28,0.0,1,0.72,0.0,SPY191011P00287000,287.0,0,0.0,0.0,,0.0,expirationDay
2019-10-14,3026.0,-3.0,0.0,0,295.95,0.0,1,0.19,0.22,SPY191025P00280000,280.0,0,0.0,0.0,,0.0,normalDay
2019-10-15,3026.0,9.0,0.0,0,298.88,0.0,1,0.19,0.1,SPY191025P00280000,280.0,0,0.0,0.0,,0.0,normalDay
2019-10-16,3026.0,12.0,0.0,0,298.4,0.0,1,0.19,0.07,SPY191025P00280000,280.0,0,0.0,0.0,,0.0,normalDay
2019-10-17,3026.0,13.0,0.0,0,299.28,0.0,1,0.19,0.06,SPY191025P00280000,280.0,0,0.0,0.0,,0.0,normalDay
2019-10-18,3026.0,15.0,0.0,0,297.97,0.0,1,0.19,0.04,SPY191025P00280000,280.0,0,0.0,0.0,,0.0,normalDay
2019-10-21,3026.0,17.0,0.0,0,299.99,0.0,1,0.19,0.02,SPY191025P00280000,280.0,0,0.0,0.0,,0.0,normalDay
2019-10-22,3026.0,17.0,0.0,0,299.01,0.0,1,0.19,0.02,SPY191025P00280000,280.0,0,0.0,0.0,,0.0,normalDay
2019-10-23,3026.0,18.0,0.0,0,299.88,0.0,1,0.19,0.01,SPY191025P00280000,280.0,0,0.0,0.0,,0.0,normalDay
2019-10-24,3026.0,18.0,0.0,0,300.37,0.0,1,0.19,0.01,SPY191025P00280000,280.0,0,0.0,0.0,,0.0,normalDay
2019-10-25,3045.0,0.0,19.0,0,301.6,0.0,1,0.19,0.0,SPY191025P00280000,280.0,0,0.0,0.0,,0.0,expirationDay
2019-10-28,3045.0,-3.0,0.0,0,303.3,0.0,1,0.03,0.06,SPY191108P00278000,278.0,0,0.0,0.0,,0.0,normalDay
2019-10-29,3045.0,-2.0,0.0,0,303.21,0.0,1,0.03,0.05,SPY191108P00278000,278.0,0,0.0,0.0,,0.0,normalDay
2019-10-30,3045.0,-1.0,0.0,0,304.14,0.0,1,0.03,0.04,SPY191108P00278000,278.0,0,0.0,0.0,,0.0,normalDay
2019-10-31,3045.0,-1.0,0.0,0,303.33,0.0,1,0.03,0.04,SPY191108P00278000,278.0,0,0.0,0.0,,0.0,normalDay
2019-11-01,3045.0,1.0,0.0,0,306.14,0.0,1,0.03,0.02,SPY191108P00278000,278.0,0,0.0,0.0,,0.0,normalDay
2019-11-04,3045.0,2.0,0.0,0,307.37,0.0,1,0.03,0.01,SPY191108P00278000,278.0,0,0.0,0.0,,0.0,normalDay
2019-11-05,3045.0,2.0,0.0,0,307.03,0.0,1,0.03,0.01,SPY191108P00278000,278.0,0,0.0,0.0,,0.0,normalDay
2019-11-06,3045.0,2.0,0.0,0,307.1,0.0,1,0.03,0.01,SPY191108P00278000,278.0,0,0.0,0.0,,0.0,normalDay
2019-11-07,3045.0,2.0,0.0,0,308.18,0.0,1,0.03,0.01,SPY191108P00278000,278.0,0,0.0,0.0,,0.0,normalDay
2019-11-08,3048.0,0.0,3.0,0,308.94,0.0,1,0.03,0.0,SPY191108P00278000,278.0,0,0.0,0.0,,0.0,expirationDay
2019-11-11,3048.0,-3.0,0.0,0,308.35,0.0,1,0.04,0.07,SPY191122P00288000,288.0,0,0.0,0.0,,0.0,normalDay
2019-11-12,3048.0,-2.0,0.0,0,309.0,0.0,1,0.04,0.06,SPY191122P00288000,288.0,0,0.0,0.0,,0.0,normalDay
2019-11-13,3048.0,-2.0,0.0,0,309.1,0.0,1,0.04,0.06,SPY191122P00288000,288.0,0,0.0,0.0,,0.0,normalDay
2019-11-14,3048.0,-2.0,0.0,0,309.55,0.0,1,0.04,0.06,SPY191122P00288000,288.0,0,0.0,0.0,,0.0,normalDay
2019-11-15,3048.0,1.0,0.0,0,311.79,0.0,1,0.04,0.03,SPY191122P00288000,288.0,0,0.0,0.0,,0.0,normalDay
2019-11-18,3048.0,2.0,0.0,0,312.02,0.0,1,0.04,0.02,SPY191122P00288000,288.0,0,0.0,0.0,,0.0,normalDay
2019-11-19,3048.0,2.0,0.0,0,311.93,0.0,1,0.04,0.02,SPY191122P00288000,288.0,0,0.0,0.0,,0.0,normalDay
2019-11-20,3048.0,2.0,0.0,0,310.77,0.0,1,0.04,0.02,SPY191122P00288000,288.0,0,0.0,0.0,,0.0,normalDay
2019-11-21,3048.0,3.0,0.0,0,310.27,0.0,1,0.04,0.01,SPY191122P00288000,288.0,0,0.0,0.0,,0.0,normalDay
2019-11-22,3052.0,0.0,4.0,0,310.96,0.0,1,0.04,0.0,SPY191122P00288000,288.0,0,0.0,0.0,,0.0,expirationDay
2019-11-25,3052.0,-3.0,0.0,0,313.37,0.0,1,0.1,0.13,SPY191206P00297000,297.0,0,0.0,0.0,,0.0,normalDay
2019-11-26,3052.0,-1.0,0.0,0,314.08,0.0,1,0.1,0.11,SPY191206P00297000,297.0,0,0.0,0.0,,0.0,normalDay
2019-11-27,3052.0,2.0,0.0,0,315.48,0.0,1,0.1,0.08,SPY191206P00297000,297.0,0,0.0,0.0,,0.0,normalDay
2019-11-29,3052.0,1.0,0.0,0,314.31,0.0,1,0.1,0.09,SPY191206P00297000,297.0,0,0.0,0.0,,0.0,normalDay
2019-12-02,3052.0,-1.0,0.0,0,311.64,0.0,1,0.1,0.11,SPY191206P00297000,297.0,0,0.0,0.0,,0.0,normalDay
2019-12-03,3052.0,0.0,0.0,0,309.55,0.0,1,0.1,0.1,SPY191206P00297000,297.0,0,0.0,0.0,,0.0,normalDay
2019-12-04,3052.0,7.0,0.0,0,311.46,0.0,1,0.1,0.03,SPY191206P00297000,297.0,0,0.0,0.0,,0.0,normalDay
2019-12-05,3052.0,9.0,0.0,0,312.02,0.0,1,0.1,0.01,SPY191206P00297000,297.0,0,0.0,0.0,,0.0,normalDay
2019-12-06,3062.0,0.0,10.0,0,314.87,0.0,1,0.1,0.0,SPY191206P00297000,297.0,0,0.0,0.0,,0.0,expirationDay
2019-12-09,3062.0,-3.0,0.0,0,313.88,0.0,1,1.08,1.11,SPY191220P00303500,303.5,0,0.0,0.0,,0.0,normalDay
2019-12-10,3062.0,15.0,0.0,0,313.53,0.0,1,1.08,0.93,SPY191220P00303500,303.5,0,0.0,0.0,,0.0,normalDay
2019-12-11,3062.0,40.0,0.0,0,314.42,0.0,1,1.08,0.68,SPY191220P00303500,303.5,0,0.0,0.0,,0.0,normalDay
2019-12-12,3062.0,68.0,0.0,0,317.13,0.0,1,1.08,0.4,SPY191220P00303500,303.5,0,0.0,0.0,,0.0,normalDay
2019-12-13,3062.0,82.0,0.0,0,317.32,0.0,1,1.08,0.26,SPY191220P00303500,303.5,0,0.0,0.0,,0.0,normalDay
2019-12-16,3062.0,97.0,0.0,0,319.5,0.0,1,1.08,0.11,SPY191220P00303500,303.5,0,0.0,0.0,,0.0,normalDay
2019-12-17,3062.0,102.0,0.0,0,319.57,0.0,1,1.08,0.06,SPY191220P00303500,303.5,0,0.0,0.0,,0.0,normalDay
2019-12-18,3062.0,104.0,0.0,0,319.59,0.0,1,1.08,0.04,SPY191220P00303500,303.5,0,0.0,0.0,,0.0,normalDay
2019-12-19,3062.0,105.0,0.0,0,320.9,0.0,1,1.08,0.03,SPY191220P00303500,303.5,0,0.0,0.0,,0.0,normalDay
2019-12-20,3170.0,0.0,108.0,0,320.73,0.0,1,1.08,0.0,SPY191220P00303500,303.5,0,0.0,0.0,,0.0,expirationDay
2019-12-23,3170.0,-3.0,0.0,0,321.22,0.0,1,0.1,0.13,SPY200103P00301500,301.5,0,0.0,0.0,,0.0,normalDay
2019-12-24,3170.0,0.0,0.0,0,321.23,0.0,1,0.1,0.1,SPY200103P00301500,301.5,0,0.0,0.0,,0.0,normalDay
2019-12-26,3170.0,4.0,0.0,0,322.94,0.0,1,0.1,0.06,SPY200103P00301500,301.5,0,0.0,0.0,,0.0,normalDay
2019-12-27,3170.0,6.0,0.0,0,322.86,0.0,1,0.1,0.04,SPY200103P00301500,301.5,0,0.0,0.0,,0.0,normalDay
2019-12-30,3170.0,6.0,0.0,0,321.08,0.0,1,0.1,0.04,SPY200103P00301500,301.5,0,0.0,0.0,,0.0,normalDay
2019-12-31,3170.0,3.0,0.0,0,321.86,0.0,1,0.1,0.07,SPY200103P00301500,301.5,0,0.0,0.0,,0.0,normalDay
2020-01-02,3170.0,9.0,0.0,0,324.87,0.0,1,0.1,0.01,SPY200103P00301500,301.5,0,0.0,0.0,,0.0,normalDay
2020-01-03,3180.0,0.0,10.0,0,322.41,0.0,1,0.1,0.0,SPY200103P00301500,301.5,0,0.0,0.0,,0.0,expirationDay
2020-01-06,3180.0,-3.0,0.0,0,323.64,0.0,1,0.16,0.19,SPY200117P00306000,306.0,0,0.0,0.0,,0.0,normalDay
2020-01-07,3180.0,-3.0,0.0,0,322.73,0.0,1,0.16,0.19,SPY200117P00306000,306.0,0,0.0,0.0,,0.0,normalDay
2020-01-08,3180.0,1.0,0.0,0,324.45,0.0,1,0.16,0.15,SPY200117P00306000,306.0,0,0.0,0.0,,0.0,normalDay
2020-01-09,3180.0,8.0,0.0,0,326.65,0.0,1,0.16,0.08,SPY200117P00306000,306.0,0,0.0,0.0,,0.0,normalDay
2020-01-10,3180.0,11.0,0.0,0,325.71,0.0,1,0.16,0.05,SPY200117P00306000,306.0,0,0.0,0.0,,0.0,normalDay
2020-01-13,3180.0,13.0,0.0,0,327.95,0.0,1,0.16,0.03,SPY200117P00306000,306.0,0,0.0,0.0,,0.0,normalDay
2020-01-14,3180.0,13.0,0.0,0,327.45,0.0,1,0.16,0.03,SPY200117P00306000,306.0,0,0.0,0.0,,0.0,normalDay
2020-01-15,3180.0,14.0,0.0,0,328.19,0.0,1,0.16,0.02,SPY200117P00306000,306.0,0,0.0,0.0,,0.0,normalDay
2020-01-16,3180.0,15.0,0.0,0,330.92,0.0,1,0.16,0.01,SPY200117P00306000,306.0,0,0.0,0.0,,0.0,normalDay
2020-01-17,3196.0,0.0,16.0,0,331.95,0.0,1,0.16,0.0,SPY200117P00306000,306.0,0,0.0,0.0,,0.0,expirationDay
2020-01-21,3196.0,-3.0,0.0,0,331.3,0.0,1,0.08,0.11,SPY200131P00310500,310.5,0,0.0,0.0,,0.0,normalDay
2020-01-22,3196.0,1.0,0.0,0,331.34,0.0,1,0.08,0.07,SPY200131P00310500,310.5,0,0.0,0.0,,0.0,normalDay
2020-01-23,3196.0,1.0,0.0,0,331.72,0.0,1,0.08,0.07,SPY200131P00310500,310.5,0,0.0,0.0,,0.0,normalDay
2020-01-24,3196.0,-5.0,0.0,0,328.77,0.0,1,0.08,0.13,SPY200131P00310500,310.5,0,0.0,0.0,,0.0,normalDay
2020-01-27,3196.0,-33.0,0.0,0,323.5,0.0,1,0.08,0.41,SPY200131P00310500,310.5,0,0.0,0.0,,0.0,normalDay
2020-01-28,3196.0,0.0,0.0,0,326.89,0.0,1,0.08,0.08,SPY200131P00310500,310.5,0,0.0,0.0,,0.0,normalDay
2020-01-29,3196.0,5.0,0.0,0,326.62,0.0,1,0.08,0.03,SPY200131P00310500,310.5,0,0.0,0.0,,0.0,normalDay
2020-01-30,3196.0,7.0,0.0,0,327.68,0.0,1,0.08,0.01,SPY200131P00310500,310.5,0,0.0,0.0,,0.0,normalDay
2020-01-31,3204.0,0.0,8.0,0,321.73,0.0,1,0.08,0.0,SPY200131P00310500,310.5,0,0.0,0.0,,0.0,expirationDay
2020-02-03,3204.0,-4.0,0.0,0,324.12,0.0,1,1.32,1.36,SPY200214P00314000,314.0,0,0.0,0.0,,0.0,normalDay
2020-02-04,3204.0,89.0,0.0,0,329.06,0.0,1,1.32,0.43,SPY200214P00314000,314.0,0,0.0,0.0,,0.0,normalDay
2020-02-05,3204.0,115.0,0.0,0,332.86,0.0,1,1.32,0.17,SPY200214P00314000,314.0,0,0.0,0.0,,0.0,normalDay
2020-02-06,3204.0,119.0,0.0,0,333.98,0.0,1,1.32,0.13,SPY200214P00314000,314.0,0,0.0,0.0,,0.0,normalDay
2020-02-07,3204.0,121.0,0.0,0,332.2,0.0,1,1.32,0.11,SPY200214P00314000,314.0,0,0.0,0.0,,0.0,normalDay
2020-02-10,3204.0,129.0,0.0,0,334.68,0.0,1,1.32,0.03,SPY200214P00314000,314.0,0,0.0,0.0,,0.0,normalDay
2020-02-11,3204.0,130.0,0.0,0,335.26,0.0,1,1.32,0.02,SPY200214P00314000,314.0,0,0.0,0.0,,0.0,normalDay
2020-02-12,3204.0,131.0,0.0,0,337.42,0.0,1,1.32,0.01,SPY200214P00314000,314.0,0,0.0,0.0,,0.0,normalDay
2020-02-13,3204.0,131.0,0.0,0,337.06,0.0,1,1.32,0.01,SPY200214P00314000,314.0,0,0.0,0.0,,0.0,normalDay
2020-02-14,3336.0,0.0,132.0,0,337.6,0.0,1,1.32,0.0,SPY200214P00314000,314.0,0,0.0,0.0,,0.0,expirationDay
2020-02-18,3336.0,-3.0,0.0,0,336.73,0.0,1,0.09,0.12,SPY200228P00312000,312.0,0,0.0,0.0,,0.0,normalDay
2020-02-19,3336.0,1.0,0.0,0,338.34,0.0,1,0.09,0.08,SPY200228P00312000,312.0,0,0.0,0.0,,0.0,normalDay
2020-02-20,3336.0,0.0,0.0,0,336.95,0.0,1,0.09,0.09,SPY200228P00312000,312.0,0,0.0,0.0,,0.0,normalDay
2020-02-21,3336.0,1.0,0.0,0,333.48,0.0,1,0.09,0.08,SPY200228P00312000,312.0,0,0.0,0.0,,0.0,normalDay
2020-02-24,3336.0,-162.0,0.0,0,322.42,0.0,1,0.09,1.71,SPY200228P00312000,312.0,0,0.0,0.0,,0.0,normalDay
2020-02-25,3336.0,-372.0,0.0,0,312.65,0.0,1,0.09,3.81,SPY200228P00312000,312.0,0,0.0,0.0,,0.0,normalDay
2020-02-26,3336.0,-367.0,0.0,0,311.5,0.0,1,0.09,3.76,SPY200228P00312000,312.0,0,0.0,0.0,,0.0,normalDay
2020-02-27,3336.0,-1486.0,0.0,0,297.51,0.0,1,0.09,14.95,SPY200228P00312000,312.0,0,0.0,0.0,,0.0,normalDay
2020-02-28,3345.0,-1574.0,9.0,100,296.26,312.0,1,0.09,0.0,SPY200228P00312000,312.0,0,0.0,0.0,,0.0,expirationDay
2020-03-02,3345.0,-298.0,0.0,100,309.09,312.0,0,0.0,0.0,,0.0,1,0.22,0.29,SPY200403C00337500,337.5,normalDay
2020-03-03,3345.0,-1174.0,0.0,100,300.24,312.0,0,0.0,0.0,,0.0,1,0.22,0.2,SPY200403C00337500,337.5,normalDay
2020-03-04,3345.0,57.0,0.0,100,312.86,312.0,0,0.0,0.0,,0.0,1,0.22,0.51,SPY200403C00337500,337.5,normalDay
2020-03-05,3345.0,-958.0,0.0,100,302.46,312.0,0,0.0,0.0,,0.0,1,0.22,0.26,SPY200403C00337500,337.5,normalDay
2020-03-06,3345.0,-1448.0,0.0,100,297.46,312.0,0,0.0,0.0,,0.0,1,0.22,0.16,SPY200403C00337500,337.5,normalDay
2020-03-09,3345.0,-3766.0,0.0,100,274.23,312.0,0,0.0,0.0,,0.0,1,0.22,0.11,SPY200403C00337500,337.5,normalDay
2020-03-10,3345.0,-2345.0,0.0,100,288.42,312.0,0,0.0,0.0,,0.0,1,0.22,0.09,SPY200403C00337500,337.5,normalDay
2020-03-11,3345.0,-3748.0,0.0,100,274.36,312.0,0,0.0,0.0,,0.0,1,0.22,0.06,SPY200403C00337500,337.5,normalDay
2020-03-12,3345.0,-6374.0,0.0,100,248.11,312.0,0,0.0,0.0,,0.0,1,0.22,0.07,SPY200403C00337500,337.5,normalDay
2020-03-13,3345.0,-4270.0,0.0,100,269.32,312.0,0,0.0,0.0,,0.0,1,0.22,0.24,SPY200403C00337500,337.5,normalDay
2020-03-16,3345.0,-7199.0,0.0,100,239.85,312.0,0,0.0,0.0,,0.0,1,0.22,0.06,SPY200403C00337500,337.5,normalDay
2020-03-17,3345.0,-5903.0,0.0,100,252.8,312.0,0,0.0,0.0,,0.0,1,0.22,0.05,SPY200403C00337500,337.5,normalDay
2020-03-18,3345.0,-7183.0,0.0,100,240.0,312.0,0,0.0,0.0,,0.0,1,0.22,0.05,SPY200403C00337500,337.5,normalDay
2020-03-19,3345.0,-7131.0,0.0,100,240.51,312.0,0,0.0,0.0,,0.0,1,0.22,0.04,SPY200403C00337500,337.5,normalDay
2020-03-20,3345.0,-8301.0,0.0,100,228.8,312.0,0,0.0,0.0,,0.0,1,0.22,0.03,SPY200403C00337500,337.5,normalDay
2020-03-23,3345.0,-8886.0,0.0,100,222.95,312.0,0,0.0,0.0,,0.0,1,0.22,0.03,SPY200403C00337500,337.5,normalDay
2020-03-24,3345.0,-6866.0,0.0,100,243.15,312.0,0,0.0,0.0,,0.0,1,0.22,0.03,SPY200403C00337500,337.5,normalDay
2020-03-25,3345.0,-6501.0,0.0,100,246.79,312.0,0,0.0,0.0,,0.0,1,0.22,0.02,SPY200403C00337500,337.5,normalDay
2020-03-26,3345.0,-5059.0,0.0,100,261.2,312.0,0,0.0,0.0,,0.0,1,0.22,0.01,SPY200403C00337500,337.5,normalDay
2020-03-27,3345.0,-5837.0,0.0,100,253.42,312.0,0,0.0,0.0,,0.0,1,0.22,0.01,SPY200403C00337500,337.5,normalDay
2020-03-30,3345.0,-5014.0,0.0,100,261.65,312.0,0,0.0,0.0,,0.0,1,0.22,0.01,SPY200403C00337500,337.5,normalDay
2020-03-31,3345.0,-5404.0,0.0,100,257.75,312.0,0,0.0,0.0,,0.0,1,0.22,0.01,SPY200403C00337500,337.5,normalDay
2020-04-01,3345.0,-6564.0,0.0,100,246.15,312.0,0,0.0,0.0,,0.0,1,0.22,0.01,SPY200403C00337500,337.5,normalDay
2020-04-02,3345.0,-5996.0,0.0,100,251.83,312.0,0,0.0,0.0,,0.0,1,0.22,0.01,SPY200403C00337500,337.5,normalDay
2020-04-03,3367.0,-6381.0,22.0,100,248.19,312.0,0,0.0,0.0,,0.0,1,0.22,0.0,SPY200403C00337500,337.5,expirationDay
2020-04-06,3367.0,-4729.0,0.0,100,264.86,312.0,0,0.0,0.0,,0.0,1,12.74,12.89,SPY200508C00264000,264.0,normalDay
2020-04-07,3367.0,-4700.0,0.0,100,265.13,312.0,0,0.0,0.0,,0.0,1,12.74,12.87,SPY200508C00264000,264.0,normalDay
2020-04-08,3367.0,-4385.0,0.0,100,274.03,312.0,0,0.0,0.0,,0.0,1,12.74,18.62,SPY200508C00264000,264.0,normalDay
2020-04-09,3367.0,-4254.0,0.0,100,278.2,312.0,0,0.0,0.0,,0.0,1,12.74,21.48,SPY200508C00264000,264.0,normalDay
2020-04-13,3367.0,-4231.0,0.0,100,275.66,312.0,0,0.0,0.0,,0.0,1,12.74,18.71,SPY200508C00264000,264.0,normalDay
2020-04-14,3367.0,-3988.0,0.0,100,283.79,312.0,0,0.0,0.0,,0.0,1,12.74,24.41,SPY200508C00264000,264.0,normalDay
2020-04-15,3367.0,-4116.0,0.0,100,277.76,312.0,0,0.0,0.0,,0.0,1,12.74,19.66,SPY200508C00264000,264.0,normalDay
2020-04-16,3367.0,-4068.0,0.0,100,279.1,312.0,0,0.0,0.0,,0.0,1,12.74,20.52,SPY200508C00264000,264.0,normalDay
2020-04-17,3367.0,-3888.0,0.0,100,286.64,312.0,0,0.0,0.0,,0.0,1,12.74,26.26,SPY200508C00264000,264.0,normalDay
2020-04-20,3367.0,-3997.0,0.0,100,281.59,312.0,0,0.0,0.0,,0.0,1,12.74,22.3,SPY200508C00264000,264.0,normalDay
2020-04-21,3367.0,-4224.0,0.0,100,273.04,312.0,0,0.0,0.0,,0.0,1,12.74,16.02,SPY200508C00264000,264.0,normalDay
2020-04-22,3367.0,-3921.0,0.0,100,279.1,312.0,0,0.0,0.0,,0.0,1,12.74,19.05,SPY200508C00264000,264.0,normalDay
2020-04-23,3367.0,-3879.0,0.0,100,279.08,312.0,0,0.0,0.0,,0.0,1,12.74,18.61,SPY200508C00264000,264.0,normalDay
2020-04-24,3367.0,-3715.0,0.0,100,282.97,312.0,0,0.0,0.0,,0.0,1,12.74,20.86,SPY200508C00264000,264.0,normalDay
2020-04-27,3367.0,-3637.0,0.0,100,287.05,312.0,0,0.0,0.0,,0.0,1,12.74,24.16,SPY200508C00264000,264.0,normalDay
2020-04-28,3367.0,-3675.0,0.0,100,285.73,312.0,0,0.0,0.0,,0.0,1,12.74,23.22,SPY200508C00264000,264.0,normalDay
2020-04-29,3367.0,-3585.0,0.0,100,293.21,312.0,0,0.0,0.0,,0.0,1,12.74,29.8,SPY200508C00264000,264.0,normalDay
2020-04-30,3367.0,-3487.0,0.0,100,290.48,312.0,0,0.0,0.0,,0.0,1,12.74,26.09,SPY200508C00264000,264.0,normalDay
2020-05-01,3367.0,-3590.0,0.0,100,282.79,312.0,0,0.0,0.0,,0.0,1,12.74,19.43,SPY200508C00264000,264.0,normalDay
2020-05-04,3367.0,-3503.0,0.0,100,283.57,312.0,0,0.0,0.0,,0.0,1,12.74,19.34,SPY200508C00264000,264.0,normalDay
2020-05-05,3367.0,-3518.0,0.0,100,286.19,312.0,0,0.0,0.0,,0.0,1,12.74,22.11,SPY200508C00264000,264.0,normalDay
2020-05-06,3367.0,-3494.0,0.0,100,284.25,312.0,0,0.0,0.0,,0.0,1,12.74,19.93,SPY200508C00264000,264.0,normalDay
2020-05-07,3367.0,-3565.0,0.0,100,287.68,312.0,0,0.0,0.0,,0.0,1,12.74,24.07,SPY200508C00264000,264.0,normalDay
2020-05-08,-159.0,-3565.0,-3526.0,0,292.44,0.0,0,0.0,0.0,,0.0,1,12.74,0.0,SPY200508C00264000,264.0,expirationDay
2020-05-11,-159.0,-3.0,0.0,0,292.5,0.0,1,0.41,0.44,SPY200522P00263000,263.0,0,0.0,0.0,,0.0,normalDay
2020-05-12,-159.0,-63.0,0.0,0,286.67,0.0,1,0.41,1.04,SPY200522P00263000,263.0,0,0.0,0.0,,0.0,normalDay
2020-05-13,-159.0,-77.0,0.0,0,281.6,0.0,1,0.41,1.18,SPY200522P00263000,263.0,0,0.0,0.0,,0.0,normalDay
2020-05-14,-159.0,-24.0,0.0,0,284.97,0.0,1,0.41,0.65,SPY200522P00263000,263.0,0,0.0,0.0,,0.0,normalDay
2020-05-15,-159.0,6.0,0.0,0,286.28,0.0,1,0.41,0.35,SPY200522P00263000,263.0,0,0.0,0.0,,0.0,normalDay
2020-05-18,-159.0,36.0,0.0,0,295.0,0.0,1,0.41,0.05,SPY200522P00263000,263.0,0,0.0,0.0,,0.0,normalDay
2020-05-19,-159.0,38.0,0.0,0,291.97,0.0,1,0.41,0.03,SPY200522P00263000,263.0,0,0.0,0.0,,0.0,normalDay
2020-05-20,-159.0,40.0,0.0,0,296.93,0.0,1,0.41,0.01,SPY200522P00263000,263.0,0,0.0,0.0,,0.0,normalDay
2020-05-21,-159.0,40.0,0.0,0,294.88,0.0,1,0.41,0.01,SPY200522P00263000,263.0,0,0.0,0.0,,0.0,normalDay
2020-05-22,-118.0,0.0,41.0,0,295.44,0.0,1,0.41,0.0,SPY200522P00263000,263.0,0,0.0,0.0,,0.0,expirationDay
2020-05-26,-118.0,-3.0,0.0,0,299.08,0.0,1,0.31,0.34,SPY200605P00269000,269.0,0,0.0,0.0,,0.0,normalDay
2020-05-27,-118.0,11.0,0.0,0,303.53,0.0,1,0.31,0.2,SPY200605P00269000,269.0,0,0.0,0.0,,0.0,normalDay
2020-05-28,-118.0,13.0,0.0,0,302.97,0.0,1,0.31,0.18,SPY200605P00269000,269.0,0,0.0,0.0,,0.0,normalDay
2020-05-29,-118.0,22.0,0.0,0,304.32,0.0,1,0.31,0.09,SPY200605P00269000,269.0,0,0.0,0.0,,0.0,normalDay
2020-06-01,-118.0,27.0,0.0,0,305.55,0.0,1,0.31,0.04,SPY200605P00269000,269.0,0,0.0,0.0,,0.0,normalDay
2020-06-02,-118.0,29.0,0.0,0,308.08,0.0,1,0.31,0.02,SPY200605P00269000,269.0,0,0.0,0.0,,0.0,normalDay
2020-06-03,-118.0,29.0,0.0,0,312.18,0.0,1,0.31,0.02,SPY200605P00269000,269.0,0,0.0,0.0,,0.0,normalDay
2020-06-04,-118.0,30.0,0.0,0,311.36,0.0,1,0.31,0.01,SPY200605P00269000,269.0,0,0.0,0.0,,0.0,normalDay
2020-06-05,-87.0,0.0,31.0,0,319.34,0.0,1,0.31,0.0,SPY200605P00269000,269.0,0,0.0,0.0,,0.0,expirationDay
2020-06-08,-87.0,-3.0,0.0,0,323.2,0.0,1,0.06,0.09,SPY200619P00254000,254.0,0,0.0,0.0,,0.0,normalDay
2020-06-09,-87.0,-3.0,0.0,0,320.79,0.0,1,0.06,0.09,SPY200619P00254000,254.0,0,0.0,0.0,,0.0,normalDay
2020-06-10,-87.0,-2.0,0.0,0,319.0,0.0,1,0.06,0.08,SPY200619P00254000,254.0,0,0.0,0.0,,0.0,normalDay
2020-06-11,-87.0,-45.0,0.0,0,300.61,0.0,1,0.06,0.51,SPY200619P00254000,254.0,0,0.0,0.0,,0.0,normalDay
2020-06-12,-87.0,-15.0,0.0,0,304.21,0.0,1,0.06,0.21,SPY200619P00254000,254.0,0,0.0,0.0,,0.0,normalDay
2020-06-15,-87.0,-3.0,0.0,0,307.05,0.0,1,0.06,0.09,SPY200619P00254000,254.0,0,0.0,0.0,,0.0,normalDay
2020-06-16,-87.0,3.0,0.0,0,312.96,0.0,1,0.06,0.03,SPY200619P00254000,254.0,0,0.0,0.0,,0.0,normalDay
2020-06-17,-87.0,4.0,0.0,0,311.66,0.0,1,0.06,0.02,SPY200619P00254000,254.0,0,0.0,0.0,,0.0,normalDay
2020-06-18,-87.0,4.0,0.0,0,311.78,0.0,1,0.06,0.02,SPY200619P00254000,254.0,0,0.0,0.0,,0.0,normalDay
2020-06-19,-81.0,0.0,6.0,0,308.64,0.0,1,0.06,0.0,SPY200619P00254000,254.0,0,0.0,0.0,,0.0,expirationDay
2020-06-22,-81.0,-3.0,0.0,0,310.62,0.0,1,0.69,0.72,SPY200702P00283000,283.0,0,0.0,0.0,,0.0,normalDay
2020-06-23,-81.0,18.0,0.0,0,312.05,0.0,1,0.69,0.51,SPY200702P00283000,283.0,0,0.0,0.0,,0.0,normalDay
2020-06-24,-81.0,-23.0,0.0,0,304.09,0.0,1,0.69,0.92,SPY200702P00283000,283.0,0,0.0,0.0,,0.0,normalDay
2020-06-25,-81.0,28.0,0.0,0,307.35,0.0,1,0.69,0.41,SPY200702P00283000,283.0,0,0.0,0.0,,0.0,normalDay
2020-06-26,-81.0,-4.0,0.0,0,300.05,0.0,1,0.69,0.73,SPY200702P00283000,283.0,0,0.0,0.0,,0.0,normalDay
2020-06-29,-81.0,53.0,0.0,0,304.46,0.0,1,0.69,0.16,SPY200702P00283000,283.0,0,0.0,0.0,,0.0,normalDay
2020-06-30,-81.0,62.0,0.0,0,308.36,0.0,1,0.69,0.07,SPY200702P00283000,283.0,0,0.0,0.0,,0.0,normalDay
2020-07-01,-81.0,67.0,0.0,0,310.52,0.0,1,0.69,0.02,SPY200702P00283000,283.0,0,0.0,0.0,,0.0,normalDay
2020-07-02,-12.0,0.0,69.0,0,312.23,0.0,1,0.69,0.0,SPY200702P00283000,283.0,0,0.0,0.0,,0.0,expirationDay
2020-07-06,-12.0,-3.0,0.0,0,317.05,0.0,1,0.4,0.43,SPY200717P00285000,285.0,0,0.0,0.0,,0.0,normalDay
2020-07-07,-12.0,-11.0,0.0,0,313.78,0.0,1,0.4,0.51,SPY200717P00285000,285.0,0,0.0,0.0,,0.0,normalDay
2020-07-08,-12.0,15.0,0.0,0,316.18,0.0,1,0.4,0.25,SPY200717P00285000,285.0,0,0.0,0.0,,0.0,normalDay
2020-07-09,-12.0,13.0,0.0,0,314.38,0.0,1,0.4,0.27,SPY200717P00285000,285.0,0,0.0,0.0,,0.0,normalDay
2020-07-10,-12.0,31.0,0.0,0,317.59,0.0,1,0.4,0.09,SPY200717P00285000,285.0,0,0.0,0.0,,0.0,normalDay
2020-07-13,-12.0,25.0,0.0,0,314.84,0.0,1,0.4,0.15,SPY200717P00285000,285.0,0,0.0,0.0,,0.0,normalDay
2020-07-14,-12.0,35.0,0.0,0,318.92,0.0,1,0.4,0.05,SPY200717P00285000,285.0,0,0.0,0.0,,0.0,normalDay
2020-07-15,-12.0,38.0,0.0,0,321.85,0.0,1,0.4,0.02,SPY200717P00285000,285.0,0,0.0,0.0,,0.0,normalDay
2020-07-16,-12.0,38.0,0.0,0,320.79,0.0,1,0.4,0.02,SPY200717P00285000,285.0,0,0.0,0.0,,0.0,normalDay
2020-07-17,28.0,0.0,40.0,0,321.72,0.0,1,0.4,0.0,SPY200717P00285000,285.0,0,0.0,0.0,,0.0,expirationDay
2020-07-20,28.0,-3.0,0.0,0,324.32,0.0,1,0.18,0.21,SPY200731P00287000,287.0,0,0.0,0.0,,0.0,normalDay
2020-07-21,28.0,0.0,0.0,0,325.01,0.0,1,0.18,0.18,SPY200731P00287000,287.0,0,0.0,0.0,,0.0,normalDay
2020-07-22,28.0,4.0,0.0,0,326.86,0.0,1,0.18,0.14,SPY200731P00287000,287.0,0,0.0,0.0,,0.0,normalDay
2020-07-23,28.0,1.0,0.0,0,322.96,0.0,1,0.18,0.17,SPY200731P00287000,287.0,0,0.0,0.0,,0.0,normalDay
2020-07-24,28.0,10.0,0.0,0,320.88,0.0,1,0.18,0.08,SPY200731P00287000,287.0,0,0.0,0.0,,0.0,normalDay
2020-07-27,28.0,15.0,0.0,0,323.22,0.0,1,0.18,0.03,SPY200731P00287000,287.0,0,0.0,0.0,,0.0,normalDay
2020-07-28,28.0,15.0,0.0,0,321.17,0.0,1,0.18,0.03,SPY200731P00287000,287.0,0,0.0,0.0,,0.0,normalDay
2020-07-29,28.0,16.0,0.0,0,325.12,0.0,1,0.18,0.02,SPY200731P00287000,287.0,0,0.0,0.0,,0.0,normalDay
2020-07-30,28.0,17.0,0.0,0,323.96,0.0,1,0.18,0.01,SPY200731P00287000,287.0,0,0.0,0.0,,0.0,normalDay
2020-07-31,46.0,0.0,18.0,0,326.52,0.0,1,0.18,0.0,SPY200731P00287000,287.0,0,0.0,0.0,,0.0,expirationDay
2020-08-03,46.0,-3.0,0.0,0,328.79,0.0,1,0.39,0.42,SPY200814P00304000,304.0,0,0.0,0.0,,0.0,normalDay
2020-08-04,46.0,8.0,0.0,0,330.06,0.0,1,0.39,0.31,SPY200814P00304000,304.0,0,0.0,0.0,,0.0,normalDay
2020-08-05,46.0,19.0,0.0,0,332.11,0.0,1,0.39,0.2,SPY200814P00304000,304.0,0,0.0,0.0,,0.0,normalDay
2020-08-06,46.0,21.0,0.0,0,334.33,0.0,1,0.39,0.18,SPY200814P00304000,304.0,0,0.0,0.0,,0.0,normalDay
2020-08-07,46.0,30.0,0.0,0,334.57,0.0,1,0.39,0.09,SPY200814P00304000,304.0,0,0.0,0.0,,0.0,normalDay
2020-08-10,46.0,35.0,0.0,0,335.57,0.0,1,0.39,0.04,SPY200814P00304000,304.0,0,0.0,0.0,,0.0,normalDay
2020-08-11,46.0,33.0,0.0,0,332.8,0.0,1,0.39,0.06,SPY200814P00304000,304.0,0,0.0,0.0,,0.0,normalDay
2020-08-12,46.0,37.0,0.0,0,337.44,0.0,1,0.39,0.02,SPY200814P00304000,304.0,0,0.0,0.0,,0.0,normalDay
2020-08-13,46.0,38.0,0.0,0,336.83,0.0,1,0.39,0.01,SPY200814P00304000,304.0,0,0.0,0.0,,0.0,normalDay
2020-08-14,85.0,0.0,39.0,0,336.84,0.0,1,0.39,0.0,SPY200814P00304000,304.0,0,0.0,0.0,,0.0,expirationDay
2020-08-17,85.0,-3.0,0.0,0,337.91,0.0,1,0.18,0.21,SPY200828P00306000,306.0,0,0.0,0.0,,0.0,normalDay
2020-08-18,85.0,-1.0,0.0,0,338.64,0.0,1,0.18,0.19,SPY200828P00306000,306.0,0,0.0,0.0,,0.0,normalDay
2020-08-19,85.0,-3.0,0.0,0,337.23,0.0,1,0.18,0.21,SPY200828P00306000,306.0,0,0.0,0.0,,0.0,normalDay
2020-08-20,85.0,1.0,0.0,0,338.28,0.0,1,0.18,0.17,SPY200828P00306000,306.0,0,0.0,0.0,,0.0,normalDay
2020-08-21,85.0,9.0,0.0,0,339.48,0.0,1,0.18,0.09,SPY200828P00306000,306.0,0,0.0,0.0,,0.0,normalDay
2020-08-24,85.0,14.0,0.0,0,342.92,0.0,1,0.18,0.04,SPY200828P00306000,306.0,0,0.0,0.0,,0.0,normalDay
2020-08-25,85.0,16.0,0.0,0,344.12,0.0,1,0.18,0.02,SPY200828P00306000,306.0,0,0.0,0.0,,0.0,normalDay
2020-08-26,85.0,15.0,0.0,0,347.57,0.0,1,0.18,0.03,SPY200828P00306000,306.0,0,0.0,0.0,,0.0,normalDay
2020-08-27,85.0,17.0,0.0,0,348.33,0.0,1,0.18,0.01,SPY200828P00306000,306.0,0,0.0,0.0,,0.0,normalDay
2020-08-28,103.0,0.0,18.0,0,350.58,0.0,1,0.18,0.0,SPY200828P00306000,306.0,0,0.0,0.0,,0.0,expirationDay
2020-08-31,103.0,-3.0,0.0,0,349.31,0.0,1,0.31,0.34,SPY200911P00315000,315.0,0,0.0,0.0,,0.0,normalDay
2020-09-01,103.0,10.0,0.0,0,352.6,0.0,1,0.31,0.21,SPY200911P00315000,315.0,0,0.0,0.0,,0.0,normalDay
2020-09-02,103.0,15.0,0.0,0,357.7,0.0,1,0.31,0.16,SPY200911P00315000,315.0,0,0.0,0.0,,0.0,normalDay
2020-09-03,103.0,-28.0,0.0,0,345.39,0.0,1,0.31,0.59,SPY200911P00315000,315.0,0,0.0,0.0,,0.0,normalDay
2020-09-04,103.0,-19.0,0.0,0,342.57,0.0,1,0.31,0.5,SPY200911P00315000,315.0,0,0.0,0.0,,0.0,normalDay
2020-09-08,103.0,-16.0,0.0,0,333.21,0.0,1,0.31,0.47,SPY200911P00315000,315.0,0,0.0,0.0,,0.0,normalDay
2020-09-09,103.0,18.0,0.0,0,339.79,0.0,1,0.31,0.13,SPY200911P00315000,315.0,0,0.0,0.0,,0.0,normalDay
2020-09-10,103.0,24.0,0.0,0,333.89,0.0,1,0.31,0.07,SPY200911P00315000,315.0,0,0.0,0.0,,0.0,normalDay
2020-09-11,134.0,0.0,31.0,0,334.06,0.0,1,0.31,0.0,SPY200911P00315000,315.0,0,0.0,0.0,,0.0,expirationDay
2020-09-14,134.0,-3.0,0.0,0,338.46,0.0,1,0.81,0.84,SPY200925P00316000,316.0,0,0.0,0.0,,0.0,normalDay
2020-09-15,134.0,18.0,0.0,0,340.17,0.0,1,0.81,0.63,SPY200925P00316000,316.0,0,0.0,0.0,,0.0,normalDay
2020-09-16,134.0,22.0,0.0,0,338.82,0.0,1,0.81,0.59,SPY200925P00316000,316.0,0,0.0,0.0,,0.0,normalDay
2020-09-17,134.0,17.0,0.0,0,335.84,0.0,1,0.81,0.64,SPY200925P00316000,316.0,0,0.0,0.0,,0.0,normalDay
2020-09-18,134.0,18.0,0.0,0,330.65,0.0,1,0.81,0.63,SPY200925P00316000,316.0,0,0.0,0.0,,0.0,normalDay
2020-09-21,134.0,4.0,0.0,0,326.97,0.0,1,0.81,0.77,SPY200925P00316000,316.0,0,0.0,0.0,,0.0,normalDay
2020-09-22,134.0,60.0,0.0,0,330.3,0.0,1,0.81,0.21,SPY200925P00316000,316.0,0,0.0,0.0,,0.0,normalDay
2020-09-23,134.0,2.0,0.0,0,322.64,0.0,1,0.81,0.79,SPY200925P00316000,316.0,0,0.0,0.0,,0.0,normalDay
2020-09-24,134.0,62.0,0.0,0,323.5,0.0,1,0.81,0.19,SPY200925P00316000,316.0,0,0.0,0.0,,0.0,normalDay
2020-09-25,215.0,0.0,81.0,0,328.73,0.0,1,0.81,0.0,SPY200925P00316000,316.0,0,0.0,0.0,,0.0,expirationDay
2020-09-28,215.0,-3.0,0.0,0,334.19,0.0,1,0.25,0.28,SPY201009P00300000,300.0,0,0.0,0.0,,0.0,normalDay
2020-09-29,215.0,-3.0,0.0,0,332.37,0.0,1,0.25,0.28,SPY201009P00300000,300.0,0,0.0,0.0,,0.0,normalDay
2020-09-30,215.0,5.0,0.0,0,334.89,0.0,1,0.25,0.2,SPY201009P00300000,300.0,0,0.0,0.0,,0.0,normalDay
2020-10-01,215.0,17.0,0.0,0,337.04,0.0,1,0.25,0.08,SPY201009P00300000,300.0,0,0.0,0.0,,0.0,normalDay
2020-10-02,215.0,19.0,0.0,0,333.84,0.0,1,0.25,0.06,SPY201009P00300000,300.0,0,0.0,0.0,,0.0,normalDay
2020-10-05,215.0,22.0,0.0,0,339.76,0.0,1,0.25,0.03,SPY201009P00300000,300.0,0,0.0,0.0,,0.0,normalDay
2020-10-06,215.0,22.0,0.0,0,334.93,0.0,1,0.25,0.03,SPY201009P00300000,300.0,0,0.0,0.0,,0.0,normalDay
2020-10-07,215.0,24.0,0.0,0,340.76,0.0,1,0.25,0.01,SPY201009P00300000,300.0,0,0.0,0.0,,0.0,normalDay
2020-10-08,215.0,24.0,0.0,0,343.78,0.0,1,0.25,0.01,SPY201009P00300000,300.0,0,0.0,0.0,,0.0,normalDay
2020-10-09,240.0,0.0,25.0,0,346.85,0.0,1,0.25,0.0,SPY201009P00300000,300.0,0,0.0,0.0,,0.0,expirationDay
2020-10-12,240.0,-3.0,0.0,0,352.43,0.0,1,0.08,0.11,SPY201023P00306000,306.0,0,0.0,0.0,,0.0,normalDay
2020-10-13,240.0,-2.0,0.0,0,350.13,0.0,1,0.08,0.1,SPY201023P00306000,306.0,0,0.0,0.0,,0.0,normalDay
2020-10-14,240.0,0.0,0.0,0,347.93,0.0,1,0.08,0.08,SPY201023P00306000,306.0,0,0.0,0.0,,0.0,normalDay
2020-10-15,240.0,2.0,0.0,0,347.5,0.0,1,0.08,0.06,SPY201023P00306000,306.0,0,0.0,0.0,,0.0,normalDay
2020-10-16,240.0,3.0,0.0,0,347.29,0.0,1,0.08,0.05,SPY201023P00306000,306.0,0,0.0,0.0,,0.0,normalDay
2020-10-19,240.0,4.0,0.0,0,342.01,0.0,1,0.08,0.04,SPY201023P00306000,306.0,0,0.0,0.0,,0.0,normalDay
2020-10-20,240.0,6.0,0.0,0,343.38,0.0,1,0.08,0.02,SPY201023P00306000,306.0,0,0.0,0.0,,0.0,normalDay
2020-10-21,240.0,6.0,0.0,0,342.73,0.0,1,0.08,0.02,SPY201023P00306000,306.0,0,0.0,0.0,,0.0,normalDay
2020-10-22,240.0,7.0,0.0,0,344.61,0.0,1,0.08,0.01,SPY201023P00306000,306.0,0,0.0,0.0,,0.0,normalDay
2020-10-23,248.0,0.0,8.0,0,345.78,0.0,1,0.08,0.0,SPY201023P00306000,306.0,0,0.0,0.0,,0.0,expirationDay
2020-10-26,248.0,-5.0,0.0,0,339.39,0.0,1,2.56,2.61,SPY201106P00320000,320.0,0,0.0,0.0,,0.0,normalDay
2020-10-27,248.0,-6.0,0.0,0,338.22,0.0,1,2.56,2.62,SPY201106P00320000,320.0,0,0.0,0.0,,0.0,normalDay
2020-10-28,248.0,-408.0,0.0,0,326.66,0.0,1,2.56,6.64,SPY201106P00320000,320.0,0,0.0,0.0,,0.0,normalDay
2020-10-29,248.0,-183.0,0.0,0,329.98,0.0,1,2.56,4.39,SPY201106P00320000,320.0,0,0.0,0.0,,0.0,normalDay
2020-10-30,248.0,-244.0,0.0,0,326.54,0.0,1,2.56,5.0,SPY201106P00320000,320.0,0,0.0,0.0,,0.0,normalDay
2020-11-02,248.0,-48.0,0.0,0,330.2,0.0,1,2.56,3.04,SPY201106P00320000,320.0,0,0.0,0.0,,0.0,normalDay
2020-11-03,248.0,67.0,0.0,0,336.03,0.0,1,2.56,1.89,SPY201106P00320000,320.0,0,0.0,0.0,,0.0,normalDay
2020-11-04,248.0,237.0,0.0,0,343.54,0.0,1,2.56,0.19,SPY201106P00320000,320.0,0,0.0,0.0,,0.0,normalDay
2020-11-05,248.0,254.0,0.0,0,350.24,0.0,1,2.56,0.02,SPY201106P00320000,320.0,0,0.0,0.0,,0.0,normalDay
2020-11-06,504.0,0.0,256.0,0,350.16,0.0,1,2.56,0.0,SPY201106P00320000,320.0,0,0.0,0.0,,0.0,expirationDay
2020-11-09,504.0,-3.0,0.0,0,354.56,0.0,1,0.25,0.28,SPY201120P00309000,309.0,0,0.0,0.0,,0.0,normalDay
2020-11-10,504.0,5.0,0.0,0,354.04,0.0,1,0.25,0.2,SPY201120P00309000,309.0,0,0.0,0.0,,0.0,normalDay
2020-11-11,504.0,11.0,0.0,0,356.67,0.0,1,0.25,0.14,SPY201120P00309000,309.0,0,0.0,0.0,,0.0,normalDay
2020-11-12,504.0,4.0,0.0,0,353.21,0.0,1,0.25,0.21,SPY201120P00309000,309.0,0,0.0,0.0,,0.0,normalDay
2020-11-13,504.0,16.0,0.0,0,358.1,0.0,1,0.25,0.09,SPY201120P00309000,309.0,0,0.0,0.0,,0.0,normalDay
2020-11-16,504.0,22.0,0.0,0,362.57,0.0,1,0.25,0.03,SPY201120P00309000,309.0,0,0.0,0.0,,0.0,normalDay
2020-11-17,504.0,23.0,0.0,0,360.62,0.0,1,0.25,0.02,SPY201120P00309000,309.0,0,0.0,0.0,,0.0,normalDay
2020-11-18,504.0,23.0,0.0,0,356.28,0.0,1,0.25,0.02,SPY201120P00309000,309.0,0,0.0,0.0,,0.0,normalDay
2020-11-19,504.0,24.0,0.0,0,357.78,0.0,1,0.25,0.01,SPY201120P00309000,309.0,0,0.0,0.0,,0.0,normalDay
2020-11-20,529.0,0.0,25.0,0,355.33,0.0,1,0.25,0.0,SPY201120P00309000,309.0,0,0.0,0.0,,0.0,expirationDay
2020-11-23,529.0,-3.0,0.0,0,357.46,0.0,1,0.07,0.1,SPY201204P00300000,300.0,0,0.0,0.0,,0.0,normalDay
2020-11-24,529.0,1.0,0.0,0,363.22,0.0,1,0.07,0.06,SPY201204P00300000,300.0,0,0.0,0.0,,0.0,normalDay
2020-11-25,529.0,3.0,0.0,0,362.66,0.0,1,0.07,0.04,SPY201204P00300000,300.0,0,0.0,0.0,,0.0,normalDay
2020-11-27,529.0,5.0,0.0,0,363.67,0.0,1,0.07,0.02,SPY201204P00300000,300.0,0,0.0,0.0,,0.0,normalDay
2020-11-30,529.0,5.0,0.0,0,362.06,0.0,1,0.07,0.02,SPY201204P00300000,300.0,0,0.0,0.0,,0.0,normalDay
2020-12-01,529.0,5.0,0.0,0,366.02,0.0,1,0.07,0.02,SPY201204P00300000,300.0,0,0.0,0.0,,0.0,normalDay
2020-12-02,529.0,6.0,0.0,0,366.79,0.0,1,0.07,0.01,SPY201204P00300000,300.0,0,0.0,0.0,,0.0,normalDay
2020-12-03,529.0,6.0,0.0,0,366.69,0.0,1,0.07,0.01,SPY201204P00300000,300.0,0,0.0,0.0,,0.0,normalDay
2020-12-04,536.0,0.0,7.0,0,369.85,0.0,1,0.07,0.0,SPY201204P00300000,300.0,0,0.0,0.0,,0.0,expirationDay
2020-12-07,536.0,-3.0,0.0,0,369.09,0.0,1,0.41,0.44,SPY201218P00340000,340.0,0,0.0,0.0,,0.0,normalDay
2020-12-08,536.0,10.0,0.0,0,370.17,0.0,1,0.41,0.31,SPY201218P00340000,340.0,0,0.0,0.0,,0.0,normalDay
2020-12-09,536.0,-2.0,0.0,0,366.85,0.0,1,0.41,0.43,SPY201218P00340000,340.0,0,0.0,0.0,,0.0,normalDay
2020-12-10,536.0,6.0,0.0,0,366.73,0.0,1,0.41,0.35,SPY201218P00340000,340.0,0,0.0,0.0,,0.0,normalDay
2020-12-11,536.0,7.0,0.0,0,366.3,0.0,1,0.41,0.34,SPY201218P00340000,340.0,0,0.0,0.0,,0.0,normalDay
2020-12-14,536.0,8.0,0.0,0,364.66,0.0,1,0.41,0.33,SPY201218P00340000,340.0,0,0.0,0.0,,0.0,normalDay
2020-12-15,536.0,25.0,0.0,0,369.59,0.0,1,0.41,0.16,SPY201218P00340000,340.0,0,0.0,0.0,,0.0,normalDay
2020-12-16,536.0,33.0,0.0,0,370.17,0.0,1,0.41,0.08,SPY201218P00340000,340.0,0,0.0,0.0,,0.0,normalDay
2020-12-17,536.0,36.0,0.0,0,372.24,0.0,1,0.41,0.05,SPY201218P00340000,340.0,0,0.0,0.0,,0.0,normalDay
2020-12-18,577.0,0.0,41.0,0,369.18,0.0,1,0.41,0.0,SPY201218P00340000,340.0,0,0.0,0.0,,0.0,expirationDay
2020-12-21,577.0,-4.0,0.0,0,367.86,0.0,1,1.15,1.19,SPY201231P00352000,352.0,0,0.0,0.0,,0.0,normalDay
2020-12-22,577.0,22.0,0.0,0,367.24,0.0,1,1.15,0.93,SPY201231P00352000,352.0,0,0.0,0.0,,0.0,normalDay
2020-12-23,577.0,53.0,0.0,0,367.57,0.0,1,1.15,0.62,SPY201231P00352000,352.0,0,0.0,0.0,,0.0,normalDay
2020-12-24,577.0,90.0,0.0,0,369.0,0.0,1,1.15,0.25,SPY201231P00352000,352.0,0,0.0,0.0,,0.0,normalDay
2020-12-28,577.0,108.0,0.0,0,372.17,0.0,1,1.15,0.07,SPY201231P00352000,352.0,0,0.0,0.0,,0.0,normalDay
2020-12-29,577.0,108.0,0.0,0,371.46,0.0,1,1.15,0.07,SPY201231P00352000,352.0,0,0.0,0.0,,0.0,normalDay
2020-12-30,577.0,112.0,0.0,0,371.99,0.0,1,1.15,0.03,SPY201231P00352000,352.0,0,0.0,0.0,,0.0,normalDay
2020-12-31,692.0,0.0,115.0,0,373.88,0.0,1,1.15,0.0,SPY201231P00352000,352.0,0,0.0,0.0,,0.0,expirationDay
2021-01-04,692.0,-3.0,0.0,0,368.79,0.0,1,3.03,3.06,SPY210115P00360000,360.0,0,0.0,0.0,,0.0,normalDay
2021-01-05,692.0,85.0,0.0,0,371.33,0.0,1,3.03,2.18,SPY210115P00360000,360.0,0,0.0,0.0,,0.0,normalDay
2021-01-06,692.0,126.0,0.0,0,373.55,0.0,1,3.03,1.77,SPY210115P00360000,360.0,0,0.0,0.0,,0.0,normalDay
2021-01-07,692.0,245.0,0.0,0,379.1,0.0,1,3.03,0.58,SPY210115P00360000,360.0,0,0.0,0.0,,0.0,normalDay
2021-01-08,692.0,269.0,0.0,0,381.26,0.0,1,3.03,0.34,SPY210115P00360000,360.0,0,0.0,0.0,,0.0,normalDay
2021-01-11,692.0,273.0,0.0,0,378.69,0.0,1,3.03,0.3,SPY210115P00360000,360.0,0,0.0,0.0,,0.0,normalDay
2021-01-12,692.0,286.0,0.0,0,378.77,0.0,1,3.03,0.17,SPY210115P00360000,360.0,0,0.0,0.0,,0.0,normalDay
2021-01-13,692.0,294.0,0.0,0,379.79,0.0,1,3.03,0.09,SPY210115P00360000,360.0,0,0.0,0.0,,0.0,normalDay
2021-01-14,692.0,296.0,0.0,0,378.46,0.0,1,3.03,0.07,SPY210115P00360000,360.0,0,0.0,0.0,,0.0,normalDay
2021-01-15,995.0,0.0,303.0,0,375.7,0.0,1,3.03,0.0,SPY210115P00360000,360.0,0,0.0,0.0,,0.0,expirationDay
2021-01-19,995.0,-4.0,0.0,0,378.65,0.0,1,0.7,0.74,SPY210129P00355000,355.0,0,0.0,0.0,,0.0,normalDay
2021-01-20,995.0,37.0,0.0,0,383.89,0.0,1,0.7,0.33,SPY210129P00355000,355.0,0,0.0,0.0,,0.0,normalDay
2021-01-21,995.0,47.0,0.0,0,384.24,0.0,1,0.7,0.23,SPY210129P00355000,355.0,0,0.0,0.0,,0.0,normalDay
2021-01-22,995.0,51.0,0.0,0,382.88,0.0,1,0.7,0.19,SPY210129P00355000,355.0,0,0.0,0.0,,0.0,normalDay
2021-01-25,995.0,60.0,0.0,0,384.39,0.0,1,0.7,0.1,SPY210129P00355000,355.0,0,0.0,0.0,,0.0,normalDay
2021-01-26,995.0,63.0,0.0,0,383.79,0.0,1,0.7,0.07,SPY210129P00355000,355.0,0,0.0,0.0,,0.0,normalDay
2021-01-27,995.0,19.0,0.0,0,374.41,0.0,1,0.7,0.51,SPY210129P00355000,355.0,0,0.0,0.0,,0.0,normalDay
2021-01-28,995.0,65.0,0.0,0,377.63,0.0,1,0.7,0.05,SPY210129P00355000,355.0,0,0.0,0.0,,0.0,normalDay
2021-01-29,1065.0,0.0,70.0,0,370.07,0.0,1,0.7,0.0,SPY210129P00355000,355.0,0,0.0,0.0,,0.0,expirationDay
2021-02-01,1065.0,-5.0,0.0,0,376.23,0.0,1,2.38,2.43,SPY210212P00359000,359.0,0,0.0,0.0,,0.0,normalDay
2021-02-02,1065.0,148.0,0.0,0,381.55,0.0,1,2.38,0.9,SPY210212P00359000,359.0,0,0.0,0.0,,0.0,normalDay
2021-02-03,1065.0,186.0,0.0,0,381.85,0.0,1,2.38,0.52,SPY210212P00359000,359.0,0,0.0,0.0,,0.0,normalDay
2021-02-04,1065.0,213.0,0.0,0,386.19,0.0,1,2.38,0.25,SPY210212P00359000,359.0,0,0.0,0.0,,0.0,normalDay
2021-02-05,1065.0,228.0,0.0,0,387.71,0.0,1,2.38,0.1,SPY210212P00359000,359.0,0,0.0,0.0,,0.0,normalDay
2021-02-08,1065.0,233.0,0.0,0,390.51,0.0,1,2.38,0.05,SPY210212P00359000,359.0,0,0.0,0.0,,0.0,normalDay
2021-02-09,1065.0,234.0,0.0,0,390.25,0.0,1,2.38,0.04,SPY210212P00359000,359.0,0,0.0,0.0,,0.0,normalDay
2021-02-10,1065.0,234.0,0.0,0,390.08,0.0,1,2.38,0.04,SPY210212P00359000,359.0,0,0.0,0.0,,0.0,normalDay
2021-02-11,1065.0,237.0,0.0,0,390.71,0.0,1,2.38,0.01,SPY210212P00359000,359.0,0,0.0,0.0,,0.0,normalDay
2021-02-12,1303.0,0.0,238.0,0,392.64,0.0,1,2.38,0.0,SPY210212P00359000,359.0,0,0.0,0.0,,0.0,expirationDay
2021-02-16,1303.0,-3.0,0.0,0,392.3,0.0,1,0.3,0.33,SPY210226P00359000,359.0,0,0.0,0.0,,0.0,normalDay
2021-02-17,1303.0,5.0,0.0,0,392.39,0.0,1,0.3,0.25,SPY210226P00359000,359.0,0,0.0,0.0,,0.0,normalDay
2021-02-18,1303.0,4.0,0.0,0,390.72,0.0,1,0.3,0.26,SPY210226P00359000,359.0,0,0.0,0.0,,0.0,normalDay
2021-02-19,1303.0,17.0,0.0,0,390.03,0.0,1,0.3,0.13,SPY210226P00359000,359.0,0,0.0,0.0,,0.0,normalDay
2021-02-22,1303.0,19.0,0.0,0,387.03,0.0,1,0.3,0.11,SPY210226P00359000,359.0,0,0.0,0.0,,0.0,normalDay
2021-02-23,1303.0,24.0,0.0,0,387.5,0.0,1,0.3,0.06,SPY210226P00359000,359.0,0,0.0,0.0,,0.0,normalDay
2021-02-24,1303.0,28.0,0.0,0,391.77,0.0,1,0.3,0.02,SPY210226P00359000,359.0,0,0.0,0.0,,0.0,normalDay
2021-02-25,1303.0,24.0,0.0,0,382.33,0.0,1,0.3,0.06,SPY210226P00359000,359.0,0,0.0,0.0,,0.0,normalDay
2021-02-26,1333.0,0.0,30.0,0,380.36,0.0,1,0.3,0.0,SPY210226P00359000,359.0,0,0.0,0.0,,0.0,expirationDay
2021-03-01,1333.0,-4.0,0.0,0,389.58,0.0,1,1.2,1.24,SPY210312P00369000,369.0,0,0.0,0.0,,0.0,normalDay
2021-03-02,1333.0,-28.0,0.0,0,386.54,0.0,1,1.2,1.48,SPY210312P00369000,369.0,0,0.0,0.0,,0.0,normalDay
2021-03-03,1333.0,-109.0,0.0,0,381.42,0.0,1,1.2,2.29,SPY210312P00369000,369.0,0,0.0,0.0,,0.0,normalDay
2021-03-04,1333.0,-223.0,0.0,0,376.7,0.0,1,1.2,3.43,SPY210312P00369000,369.0,0,0.0,0.0,,0.0,normalDay
2021-03-05,1333.0,-1.0,0.0,0,383.63,0.0,1,1.2,1.21,SPY210312P00369000,369.0,0,0.0,0.0,,0.0,normalDay
2021-03-08,1333.0,15.0,0.0,0,381.72,0.0,1,1.2,1.05,SPY210312P00369000,369.0,0,0.0,0.0,,0.0,normalDay
2021-03-09,1333.0,93.0,0.0,0,387.17,0.0,1,1.2,0.27,SPY210312P00369000,369.0,0,0.0,0.0,,0.0,normalDay
2021-03-10,1333.0,116.0,0.0,0,389.58,0.0,1,1.2,0.04,SPY210312P00369000,369.0,0,0.0,0.0,,0.0,normalDay
2021-03-11,1333.0,118.0,0.0,0,393.53,0.0,1,1.2,0.02,SPY210312P00369000,369.0,0,0.0,0.0,,0.0,normalDay
2021-03-12,1453.0,0.0,120.0,0,394.06,0.0,1,1.2,0.0,SPY210312P00369000,369.0,0,0.0,0.0,,0.0,expirationDay
2021-03-15,1453.0,-3.0,0.0,0,396.41,0.0,1,0.39,0.42,SPY210326P00367000,367.0,0,0.0,0.0,,0.0,normalDay
2021-03-16,1453.0,-2.0,0.0,0,395.91,0.0,1,0.39,0.41,SPY210326P00367000,367.0,0,0.0,0.0,,0.0,normalDay
2021-03-17,1453.0,16.0,0.0,0,397.26,0.0,1,0.39,0.23,SPY210326P00367000,367.0,0,0.0,0.0,,0.0,normalDay
2021-03-18,1453.0,-10.0,0.0,0,391.48,0.0,1,0.39,0.49,SPY210326P00367000,367.0,0,0.0,0.0,,0.0,normalDay
2021-03-19,1453.0,9.0,0.0,0,389.48,0.0,1,0.39,0.3,SPY210326P00367000,367.0,0,0.0,0.0,,0.0,normalDay
2021-03-22,1453.0,34.0,0.0,0,392.59,0.0,1,0.39,0.05,SPY210326P00367000,367.0,0,0.0,0.0,,0.0,normalDay
2021-03-23,1453.0,31.0,0.0,0,389.5,0.0,1,0.39,0.08,SPY210326P00367000,367.0,0,0.0,0.0,,0.0,normalDay
2021-03-24,1453.0,33.0,0.0,0,387.52,0.0,1,0.39,0.06,SPY210326P00367000,367.0,0,0.0,0.0,,0.0,normalDay
2021-03-25,1453.0,37.0,0.0,0,389.7,0.0,1,0.39,0.02,SPY210326P00367000,367.0,0,0.0,0.0,,0.0,normalDay
2021-03-26,1492.0,0.0,39.0,0,395.98,0.0,1,0.39,0.0,SPY210326P00367000,367.0,0,0.0,0.0,,0.0,expirationDay
2021-03-29,1492.0,-3.0,0.0,0,395.78,0.0,1,0.49,0.52,SPY210409P00367500,367.5,0,0.0,0.0,,0.0,normalDay
2021-03-30,1492.0,12.0,0.0,0,394.73,0.0,1,0.49,0.37,SPY210409P00367500,367.5,0,0.0,0.0,,0.0,normalDay
2021-03-31,1492.0,30.0,0.0,0,396.33,0.0,1,0.49,0.19,SPY210409P00367500,367.5,0,0.0,0.0,,0.0,normalDay
2021-04-01,1492.0,44.0,0.0,0,400.61,0.0,1,0.49,0.05,SPY210409P00367500,367.5,0,0.0,0.0,,0.0,normalDay
2021-04-05,1492.0,45.0,0.0,0,406.36,0.0,1,0.49,0.04,SPY210409P00367500,367.5,0,0.0,0.0,,0.0,normalDay
2021-04-06,1492.0,46.0,0.0,0,406.12,0.0,1,0.49,0.03,SPY210409P00367500,367.5,0,0.0,0.0,,0.0,normalDay
2021-04-07,1492.0,48.0,0.0,0,406.59,0.0,1,0.49,0.01,SPY210409P00367500,367.5,0,0.0,0.0,,0.0,normalDay
2021-04-08,1492.0,48.0,0.0,0,408.52,0.0,1,0.49,0.01,SPY210409P00367500,367.5,0,0.0,0.0,,0.0,normalDay
2021-04-09,1541.0,0.0,49.0,0,411.49,0.0,1,0.49,0.0,SPY210409P00367500,367.5,0,0.0,0.0,,0.0,expirationDay
2021-04-12,1541.0,-3.0,0.0,0,411.64,0.0,1,0.05,0.08,SPY210423P00367500,367.5,0,0.0,0.0,,0.0,normalDay
2021-04-13,1541.0,-2.0,0.0,0,412.86,0.0,1,0.05,0.07,SPY210423P00367500,367.5,0,0.0,0.0,,0.0,normalDay
2021-04-14,1541.0,-2.0,0.0,0,411.45,0.0,1,0.05,0.07,SPY210423P00367500,367.5,0,0.0,0.0,,0.0,normalDay
2021-04-15,1541.0,-1.0,0.0,0,415.87,0.0,1,0.05,0.06,SPY210423P00367500,367.5,0,0.0,0.0,,0.0,normalDay
2021-04-16,1541.0,3.0,0.0,0,417.26,0.0,1,0.05,0.02,SPY210423P00367500,367.5,0,0.0,0.0,,0.0,normalDay
2021-04-19,1541.0,4.0,0.0,0,415.21,0.0,1,0.05,0.01,SPY210423P00367500,367.5,0,0.0,0.0,,0.0,normalDay
2021-04-20,1541.0,3.0,0.0,0,412.17,0.0,1,0.05,0.02,SPY210423P00367500,367.5,0,0.0,0.0,,0.0,normalDay
2021-04-21,1541.0,4.0,0.0,0,416.07,0.0,1,0.05,0.01,SPY210423P00367500,367.5,0,0.0,0.0,,0.0,normalDay
2021-04-22,1541.0,4.0,0.0,0,412.27,0.0,1,0.05,0.01,SPY210423P00367500,367.5,0,0.0,0.0,,0.0,normalDay
2021-04-23,1546.0,0.0,5.0,0,416.74,0.0,1,0.05,0.0,SPY210423P00367500,367.5,0,0.0,0.0,,0.0,expirationDay
2021-04-26,1546.0,-3.0,0.0,0,417.61,0.0,1,0.11,0.14,SPY210507P00380000,380.0,0,0.0,0.0,,0.0,normalDay
2021-04-27,1546.0,0.0,0.0,0,417.52,0.0,1,0.11,0.11,SPY210507P00380000,380.0,0,0.0,0.0,,0.0,normalDay
2021-04-28,1546.0,4.0,0.0,0,417.4,0.0,1,0.11,0.07,SPY210507P00380000,380.0,0,0.0,0.0,,0.0,normalDay
2021-04-29,1546.0,4.0,0.0,0,420.06,0.0,1,0.11,0.07,SPY210507P00380000,380.0,0,0.0,0.0,,0.0,normalDay
2021-04-30,1546.0,2.0,0.0,0,417.3,0.0,1,0.11,0.09,SPY210507P00380000,380.0,0,0.0,0.0,,0.0,normalDay
2021-05-03,1546.0,5.0,0.0,0,418.2,0.0,1,0.11,0.06,SPY210507P00380000,380.0,0,0.0,0.0,,0.0,normalDay
2021-05-04,1546.0,5.0,0.0,0,415.62,0.0,1,0.11,0.06,SPY210507P00380000,380.0,0,0.0,0.0,,0.0,normalDay
2021-05-05,1546.0,6.0,0.0,0,415.75,0.0,1,0.11,0.05,SPY210507P00380000,380.0,0,0.0,0.0,,0.0,normalDay
2021-05-06,1546.0,10.0,0.0,0,419.07,0.0,1,0.11,0.01,SPY210507P00380000,380.0,0,0.0,0.0,,0.0,normalDay
2021-05-07,1557.0,0.0,11.0,0,422.12,0.0,1,0.11,0.0,SPY210507P00380000,380.0,0,0.0,0.0,,0.0,expirationDay
2021-05-10,1557.0,-3.0,0.0,0,417.94,0.0,1,1.81,1.84,SPY210521P00406000,406.0,0,0.0,0.0,,0.0,normalDay
2021-05-11,1557.0,-87.0,0.0,0,414.21,0.0,1,1.81,2.68,SPY210521P00406000,406.0,0,0.0,0.0,,0.0,normalDay
2021-05-12,1557.0,-471.0,0.0,0,405.41,0.0,1,1.81,6.52,SPY210521P00406000,406.0,0,0.0,0.0,,0.0,normalDay
2021-05-13,1557.0,-177.0,0.0,0,410.28,0.0,1,1.81,3.58,SPY210521P00406000,406.0,0,0.0,0.0,,0.0,normalDay
2021-05-14,1557.0,79.0,0.0,0,416.58,0.0,1,1.81,1.02,SPY210521P00406000,406.0,0,0.0,0.0,,0.0,normalDay
2021-05-17,1557.0,100.0,0.0,0,415.52,0.0,1,1.81,0.81,SPY210521P00406000,406.0,0,0.0,0.0,,0.0,normalDay
2021-05-18,1557.0,64.0,0.0,0,411.94,0.0,1,1.81,1.17,SPY210521P00406000,406.0,0,0.0,0.0,,0.0,normalDay
2021-05-19,1557.0,78.0,0.0,0,410.86,0.0,1,1.81,1.03,SPY210521P00406000,406.0,0,0.0,0.0,,0.0,normalDay
2021-05-20,1557.0,172.0,0.0,0,415.28,0.0,1,1.81,0.09,SPY210521P00406000,406.0,0,0.0,0.0,,0.0,normalDay
2021-05-21,1738.0,0.0,181.0,0,414.94,0.0,1,1.81,0.0,SPY210521P00406000,406.0,0,0.0,0.0,,0.0,expirationDay
2021-05-24,1738.0,-3.0,0.0,0,419.17,0.0,1,0.57,0.6,SPY210604P00400000,400.0,0,0.0,0.0,,0.0,normalDay
2021-05-25,1738.0,-8.0,0.0,0,418.24,0.0,1,0.57,0.65,SPY210604P00400000,400.0,0,0.0,0.0,,0.0,normalDay
2021-05-26,1738.0,18.0,0.0,0,419.07,0.0,1,0.57,0.39,SPY210604P00400000,400.0,0,0.0,0.0,,0.0,normalDay
2021-05-27,1738.0,32.0,0.0,0,419.29,0.0,1,0.57,0.25,SPY210604P00400000,400.0,0,0.0,0.0,,0.0,normalDay
2021-05-28,1738.0,41.0,0.0,0,420.04,0.0,1,0.57,0.16,SPY210604P00400000,400.0,0,0.0,0.0,,0.0,normalDay
2021-06-01,1738.0,50.0,0.0,0,419.67,0.0,1,0.57,0.07,SPY210604P00400000,400.0,0,0.0,0.0,,0.0,normalDay
2021-06-02,1738.0,54.0,0.0,0,420.33,0.0,1,0.57,0.03,SPY210604P00400000,400.0,0,0.0,0.0,,0.0,normalDay
2021-06-03,1738.0,54.0,0.0,0,418.77,0.0,1,0.57,0.03,SPY210604P00400000,400.0,0,0.0,0.0,,0.0,normalDay
2021-06-04,1795.0,0.0,57.0,0,422.6,0.0,1,0.57,0.0,SPY210604P00400000,400.0,0,0.0,0.0,,0.0,expirationDay
2021-06-07,1795.0,-3.0,0.0,0,422.19,0.0,1,0.4,0.43,SPY210618P00399000,399.0,0,0.0,0.0,,0.0,normalDay
2021-06-08,1795.0,-11.0,0.0,0,422.28,0.0,1,0.4,0.51,SPY210618P00399000,399.0,0,0.0,0.0,,0.0,normalDay
2021-06-09,1795.0,-19.0,0.0,0,421.65,0.0,1,0.4,0.59,SPY210618P00399000,399.0,0,0.0,0.0,,0.0,normalDay
2021-06-10,1795.0,12.0,0.0,0,423.61,0.0,1,0.4,0.28,SPY210618P00399000,399.0,0,0.0,0.0,,0.0,normalDay
2021-06-11,1795.0,18.0,0.0,0,424.31,0.0,1,0.4,0.22,SPY210618P00399000,399.0,0,0.0,0.0,,0.0,normalDay
2021-06-14,1795.0,27.0,0.0,0,425.26,0.0,1,0.4,0.13,SPY210618P00399000,399.0,0,0.0,0.0,,0.0,normalDay
2021-06-15,1795.0,24.0,0.0,0,424.48,0.0,1,0.4,0.16,SPY210618P00399000,399.0,0,0.0,0.0,,0.0,normalDay
2021-06-16,1795.0,19.0,0.0,0,422.11,0.0,1,0.4,0.21,SPY210618P00399000,399.0,0,0.0,0.0,,0.0,normalDay
2021-06-17,1795.0,31.0,0.0,0,421.97,0.0,1,0.4,0.09,SPY210618P00399000,399.0,0,0.0,0.0,,0.0,normalDay
2021-06-18,1835.0,0.0,40.0,0,414.92,0.0,1,0.4,0.0,SPY210618P00399000,399.0,0,0.0,0.0,,0.0,expirationDay
2021-06-21,1835.0,-3.0,0.0,0,420.86,0.0,1,1.48,1.51,SPY210702P00411000,411.0,0,0.0,0.0,,0.0,normalDay
2021-06-22,1835.0,58.0,0.0,0,423.11,0.0,1,1.48,0.9,SPY210702P00411000,411.0,0,0.0,0.0,,0.0,normalDay
2021-06-23,1835.0,78.0,0.0,0,422.6,0.0,1,1.48,0.7,SPY210702P00411000,411.0,0,0.0,0.0,,0.0,normalDay
2021-06-24,1835.0,108.0,0.0,0,425.1,0.0,1,1.48,0.4,SPY210702P00411000,411.0,0,0.0,0.0,,0.0,normalDay
2021-06-25,1835.0,125.0,0.0,0,426.61,0.0,1,1.48,0.23,SPY210702P00411000,411.0,0,0.0,0.0,,0.0,normalDay
2021-06-28,1835.0,138.0,0.0,0,427.47,0.0,1,1.48,0.1,SPY210702P00411000,411.0,0,0.0,0.0,,0.0,normalDay
2021-06-29,1835.0,141.0,0.0,0,427.7,0.0,1,1.48,0.07,SPY210702P00411000,411.0,0,0.0,0.0,,0.0,normalDay
2021-06-30,1835.0,143.0,0.0,0,428.06,0.0,1,1.48,0.05,SPY210702P00411000,411.0,0,0.0,0.0,,0.0,normalDay
2021-07-01,1835.0,146.0,0.0,0,430.43,0.0,1,1.48,0.02,SPY210702P00411000,411.0,0,0.0,0.0,,0.0,normalDay
2021-07-02,1983.0,0.0,148.0,0,433.72,0.0,1,1.48,0.0,SPY210702P00411000,411.0,0,0.0,0.0,,0.0,expirationDay
2021-07-06,1983.0,-3.0,0.0,0,432.93,0.0,1,0.34,0.37,SPY210716P00408000,408.0,0,0.0,0.0,,0.0,normalDay
2021-07-07,1983.0,9.0,0.0,0,434.46,0.0,1,0.34,0.25,SPY210716P00408000,408.0,0,0.0,0.0,,0.0,normalDay
2021-07-08,1983.0,-20.0,0.0,0,430.92,0.0,1,0.34,0.54,SPY210716P00408000,408.0,0,0.0,0.0,,0.0,normalDay
2021-07-09,1983.0,19.0,0.0,0,435.52,0.0,1,0.34,0.15,SPY210716P00408000,408.0,0,0.0,0.0,,0.0,normalDay
2021-07-12,1983.0,27.0,0.0,0,437.08,0.0,1,0.34,0.07,SPY210716P00408000,408.0,0,0.0,0.0,,0.0,normalDay
2021-07-13,1983.0,25.0,0.0,0,435.59,0.0,1,0.34,0.09,SPY210716P00408000,408.0,0,0.0,0.0,,0.0,normalDay
2021-07-14,1983.0,31.0,0.0,0,436.24,0.0,1,0.34,0.03,SPY210716P00408000,408.0,0,0.0,0.0,,0.0,normalDay
2021-07-15,1983.0,32.0,0.0,0,434.75,0.0,1,0.34,0.02,SPY210716P00408000,408.0,0,0.0,0.0,,0.0,normalDay
2021-07-16,2017.0,0.0,34.0,0,431.34,0.0,1,0.34,0.0,SPY210716P00408000,408.0,0,0.0,0.0,,0.0,expirationDay
2021-07-19,2017.0,-4.0,0.0,0,424.97,0.0,1,1.98,2.02,SPY210730P00410000,410.0,0,0.0,0.0,,0.0,normalDay
2021-07-20,2017.0,111.0,0.0,0,431.06,0.0,1,1.98,0.87,SPY210730P00410000,410.0,0,0.0,0.0,,0.0,normalDay
2021-07-21,2017.0,168.0,0.0,0,434.55,0.0,1,1.98,0.3,SPY210730P00410000,410.0,0,0.0,0.0,,0.0,normalDay
2021-07-22,2017.0,177.0,0.0,0,435.46,0.0,1,1.98,0.21,SPY210730P00410000,410.0,0,0.0,0.0,,0.0,normalDay
2021-07-23,2017.0,190.0,0.0,0,439.94,0.0,1,1.98,0.08,SPY210730P00410000,410.0,0,0.0,0.0,,0.0,normalDay
2021-07-26,2017.0,194.0,0.0,0,441.02,0.0,1,1.98,0.04,SPY210730P00410000,410.0,0,0.0,0.0,,0.0,normalDay
2021-07-27,2017.0,190.0,0.0,0,439.01,0.0,1,1.98,0.08,SPY210730P00410000,410.0,0,0.0,0.0,,0.0,normalDay
2021-07-28,2017.0,195.0,0.0,0,438.83,0.0,1,1.98,0.03,SPY210730P00410000,410.0,0,0.0,0.0,,0.0,normalDay
2021-07-29,2017.0,197.0,0.0,0,440.65,0.0,1,1.98,0.01,SPY210730P00410000,410.0,0,0.0,0.0,,0.0,normalDay
2021-07-30,2215.0,0.0,198.0,0,438.51,0.0,1,1.98,0.0,SPY210730P00410000,410.0,0,0.0,0.0,,0.0,expirationDay
2021-08-02,2215.0,-3.0,0.0,0,437.59,0.0,1,0.96,0.99,SPY210813P00420000,420.0,0,0.0,0.0,,0.0,normalDay
2021-08-03,2215.0,52.0,0.0,0,441.15,0.0,1,0.96,0.44,SPY210813P00420000,420.0,0,0.0,0.0,,0.0,normalDay
2021-08-04,2215.0,54.0,0.0,0,438.98,0.0,1,0.96,0.42,SPY210813P00420000,420.0,0,0.0,0.0,,0.0,normalDay
2021-08-05,2215.0,70.0,0.0,0,441.76,0.0,1,0.96,0.26,SPY210813P00420000,420.0,0,0.0,0.0,,0.0,normalDay
2021-08-06,2215.0,87.0,0.0,0,442.49,0.0,1,0.96,0.09,SPY210813P00420000,420.0,0,0.0,0.0,,0.0,normalDay
2021-08-09,2215.0,90.0,0.0,0,442.13,0.0,1,0.96,0.06,SPY210813P00420000,420.0,0,0.0,0.0,,0.0,normalDay
2021-08-10,2215.0,90.0,0.0,0,442.68,0.0,1,0.96,0.06,SPY210813P00420000,420.0,0,0.0,0.0,,0.0,normalDay
2021-08-11,2215.0,92.0,0.0,0,443.78,0.0,1,0.96,0.04,SPY210813P00420000,420.0,0,0.0,0.0,,0.0,normalDay
2021-08-12,2215.0,94.0,0.0,0,445.11,0.0,1,0.96,0.02,SPY210813P00420000,420.0,0,0.0,0.0,,0.0,normalDay
2021-08-13,2311.0,0.0,96.0,0,445.92,0.0,1,0.96,0.0,SPY210813P00420000,420.0,0,0.0,0.0,,0.0,expirationDay
2021-08-16,2311.0,-3.0,0.0,0,446.97,0.0,1,0.44,0.47,SPY210827P00425000,425.0,0,0.0,0.0,,0.0,normalDay
2021-08-17,2311.0,-40.0,0.0,0,444.04,0.0,1,0.44,0.84,SPY210827P00425000,425.0,0,0.0,0.0,,0.0,normalDay
2021-08-18,2311.0,-135.0,0.0,0,439.18,0.0,1,0.44,1.79,SPY210827P00425000,425.0,0,0.0,0.0,,0.0,normalDay
2021-08-19,2311.0,-99.0,0.0,0,439.86,0.0,1,0.44,1.43,SPY210827P00425000,425.0,0,0.0,0.0,,0.0,normalDay
2021-08-20,2311.0,9.0,0.0,0,443.36,0.0,1,0.44,0.35,SPY210827P00425000,425.0,0,0.0,0.0,,0.0,normalDay
2021-08-23,2311.0,35.0,0.0,0,447.26,0.0,1,0.44,0.09,SPY210827P00425000,425.0,0,0.0,0.0,,0.0,normalDay
2021-08-24,2311.0,37.0,0.0,0,447.97,0.0,1,0.44,0.07,SPY210827P00425000,425.0,0,0.0,0.0,,0.0,normalDay
2021-08-25,2311.0,40.0,0.0,0,448.91,0.0,1,0.44,0.04,SPY210827P00425000,425.0,0,0.0,0.0,,0.0,normalDay
2021-08-26,2311.0,39.0,0.0,0,446.26,0.0,1,0.44,0.05,SPY210827P00425000,425.0,0,0.0,0.0,,0.0,normalDay
2021-08-27,2355.0,0.0,44.0,0,450.25,0.0,1,0.44,0.0,SPY210827P00425000,425.0,0,0.0,0.0,,0.0,expirationDay
2021-08-30,2355.0,-3.0,0.0,0,452.23,0.0,1,0.33,0.36,SPY210910P00430000,430.0,0,0.0,0.0,,0.0,normalDay
2021-08-31,2355.0,-5.0,0.0,0,451.56,0.0,1,0.33,0.38,SPY210910P00430000,430.0,0,0.0,0.0,,0.0,normalDay
2021-09-01,2355.0,7.0,0.0,0,451.8,0.0,1,0.33,0.26,SPY210910P00430000,430.0,0,0.0,0.0,,0.0,normalDay
2021-09-02,2355.0,8.0,0.0,0,453.19,0.0,1,0.33,0.25,SPY210910P00430000,430.0,0,0.0,0.0,,0.0,normalDay
2021-09-03,2355.0,18.0,0.0,0,453.08,0.0,1,0.33,0.15,SPY210910P00430000,430.0,0,0.0,0.0,,0.0,normalDay
2021-09-07,2355.0,25.0,0.0,0,451.46,0.0,1,0.33,0.08,SPY210910P00430000,430.0,0,0.0,0.0,,0.0,normalDay
2021-09-08,2355.0,27.0,0.0,0,450.91,0.0,1,0.33,0.06,SPY210910P00430000,430.0,0,0.0,0.0,,0.0,normalDay
2021-09-09,2355.0,30.0,0.0,0,448.98,0.0,1,0.33,0.03,SPY210910P00430000,430.0,0,0.0,0.0,,0.0,normalDay
2021-09-10,2388.0,0.0,33.0,0,445.44,0.0,1,0.33,0.0,SPY210910P00430000,430.0,0,0.0,0.0,,0.0,expirationDay
2021-09-13,2388.0,-4.0,0.0,0,446.58,0.0,1,1.84,1.88,SPY210924P00432000,432.0,0,0.0,0.0,,0.0,normalDay
2021-09-14,2388.0,-19.0,0.0,0,444.17,0.0,1,1.84,2.03,SPY210924P00432000,432.0,0,0.0,0.0,,0.0,normalDay
2021-09-15,2388.0,88.0,0.0,0,447.88,0.0,1,1.84,0.96,SPY210924P00432000,432.0,0,0.0,0.0,,0.0,normalDay
2021-09-16,2388.0,89.0,0.0,0,447.17,0.0,1,1.84,0.95,SPY210924P00432000,432.0,0,0.0,0.0,,0.0,normalDay
2021-09-17,2388.0,27.0,0.0,0,441.4,0.0,1,1.84,1.57,SPY210924P00432000,432.0,0,0.0,0.0,,0.0,normalDay
2021-09-20,2388.0,-185.0,0.0,0,434.04,0.0,1,1.84,3.69,SPY210924P00432000,432.0,0,0.0,0.0,,0.0,normalDay
2021-09-21,2388.0,-126.0,0.0,0,433.63,0.0,1,1.84,3.1,SPY210924P00432000,432.0,0,0.0,0.0,,0.0,normalDay
2021-09-22,2388.0,104.0,0.0,0,437.86,0.0,1,1.84,0.8,SPY210924P00432000,432.0,0,0.0,0.0,,0.0,normalDay
2021-09-23,2388.0,177.0,0.0,0,443.18,0.0,1,1.84,0.07,SPY210924P00432000,432.0,0,0.0,0.0,,0.0,normalDay
2021-09-24,2572.0,0.0,184.0,0,443.91,0.0,1,1.84,0.0,SPY210924P00432000,432.0,0,0.0,0.0,,0.0,expirationDay
2021-09-27,2572.0,-3.0,0.0,0,442.64,0.0,1,0.86,0.89,SPY211008P00422000,422.0,0,0.0,0.0,,0.0,normalDay
2021-09-28,2572.0,-177.0,0.0,0,433.72,0.0,1,0.86,2.63,SPY211008P00422000,422.0,0,0.0,0.0,,0.0,normalDay
2021-09-29,2572.0,-112.0,0.0,0,434.45,0.0,1,0.86,1.98,SPY211008P00422000,422.0,0,0.0,0.0,,0.0,normalDay
2021-09-30,2572.0,-202.0,0.0,0,429.14,0.0,1,0.86,2.88,SPY211008P00422000,422.0,0,0.0,0.0,,0.0,normalDay
2021-10-01,2572.0,-23.0,0.0,0,434.24,0.0,1,0.86,1.09,SPY211008P00422000,422.0,0,0.0,0.0,,0.0,normalDay
2021-10-04,2572.0,-106.0,0.0,0,428.64,0.0,1,0.86,1.92,SPY211008P00422000,422.0,0,0.0,0.0,,0.0,normalDay
2021-10-05,2572.0,30.0,0.0,0,433.1,0.0,1,0.86,0.56,SPY211008P00422000,422.0,0,0.0,0.0,,0.0,normalDay
2021-10-06,2572.0,61.0,0.0,0,434.9,0.0,1,0.86,0.25,SPY211008P00422000,422.0,0,0.0,0.0,,0.0,normalDay
2021-10-07,2572.0,83.0,0.0,0,438.66,0.0,1,0.86,0.03,SPY211008P00422000,422.0,0,0.0,0.0,,0.0,normalDay
2021-10-08,2658.0,0.0,86.0,0,437.86,0.0,1,0.86,0.0,SPY211008P00422000,422.0,0,0.0,0.0,,0.0,expirationDay
2021-10-11,2658.0,-3.0,0.0,0,434.69,0.0,1,1.2,1.23,SPY211022P00415000,415.0,0,0.0,0.0,,0.0,normalDay
2021-10-12,2658.0,5.0,0.0,0,433.62,0.0,1,1.2,1.15,SPY211022P00415000,415.0,0,0.0,0.0,,0.0,normalDay
2021-10-13,2658.0,63.0,0.0,0,435.18,0.0,1,1.2,0.57,SPY211022P00415000,415.0,0,0.0,0.0,,0.0,normalDay
2021-10-14,2658.0,98.0,0.0,0,442.5,0.0,1,1.2,0.22,SPY211022P00415000,415.0,0,0.0,0.0,,0.0,normalDay
2021-10-15,2658.0,108.0,0.0,0,445.87,0.0,1,1.2,0.12,SPY211022P00415000,415.0,0,0.0,0.0,,0.0,normalDay
2021-10-18,2658.0,116.0,0.0,0,447.19,0.0,1,1.2,0.04,SPY211022P00415000,415.0,0,0.0,0.0,,0.0,normalDay
2021-10-19,2658.0,117.0,0.0,0,450.64,0.0,1,1.2,0.03,SPY211022P00415000,415.0,0,0.0,0.0,,0.0,normalDay
2021-10-20,2658.0,118.0,0.0,0,452.41,0.0,1,1.2,0.02,SPY211022P00415000,415.0,0,0.0,0.0,,0.0,normalDay
2021-10-21,2658.0,119.0,0.0,0,453.59,0.0,1,1.2,0.01,SPY211022P00415000,415.0,0,0.0,0.0,,0.0,normalDay
2021-10-22,2778.0,0.0,120.0,0,453.12,0.0,1,1.2,0.0,SPY211022P00415000,415.0,0,0.0,0.0,,0.0,expirationDay
2021-10-25,2778.0,-3.0,0.0,0,455.55,0.0,1,0.08,0.11,SPY211105P00405000,405.0,0,0.0,0.0,,0.0,normalDay
2021-10-26,2778.0,-4.0,0.0,0,455.96,0.0,1,0.08,0.12,SPY211105P00405000,405.0,0,0.0,0.0,,0.0,normalDay
2021-10-27,2778.0,-3.0,0.0,0,453.94,0.0,1,0.08,0.11,SPY211105P00405000,405.0,0,0.0,0.0,,0.0,normalDay
2021-10-28,2778.0,0.0,0.0,0,458.32,0.0,1,0.08,0.08,SPY211105P00405000,405.0,0,0.0,0.0,,0.0,normalDay
2021-10-29,2778.0,3.0,0.0,0,459.25,0.0,1,0.08,0.05,SPY211105P00405000,405.0,0,0.0,0.0,,0.0,normalDay
2021-11-01,2778.0,5.0,0.0,0,460.04,0.0,1,0.08,0.03,SPY211105P00405000,405.0,0,0.0,0.0,,0.0,normalDay
2021-11-02,2778.0,6.0,0.0,0,461.9,0.0,1,0.08,0.02,SPY211105P00405000,405.0,0,0.0,0.0,,0.0,normalDay
2021-11-03,2778.0,7.0,0.0,0,464.72,0.0,1,0.08,0.01,SPY211105P00405000,405.0,0,0.0,0.0,,0.0,normalDay
2021-11-04,2778.0,7.0,0.0,0,466.91,0.0,1,0.08,0.01,SPY211105P00405000,405.0,0,0.0,0.0,,0.0,normalDay
2021-11-05,2786.0,0.0,8.0,0,468.53,0.0,1,0.08,0.0,SPY211105P00405000,405.0,0,0.0,0.0,,0.0,expirationDay
2021-11-08,2786.0,-3.0,0.0,0,468.93,0.0,1,0.15,0.18,SPY211119P00414000,414.0,0,0.0,0.0,,0.0,normalDay
2021-11-09,2786.0,-1.0,0.0,0,467.38,0.0,1,0.15,0.16,SPY211119P00414000,414.0,0,0.0,0.0,,0.0,normalDay
2021-11-10,2786.0,-1.0,0.0,0,463.62,0.0,1,0.15,0.16,SPY211119P00414000,414.0,0,0.0,0.0,,0.0,normalDay
2021-11-11,2786.0,5.0,0.0,0,463.77,0.0,1,0.15,0.1,SPY211119P00414000,414.0,0,0.0,0.0,,0.0,normalDay
2021-11-12,2786.0,10.0,0.0,0,467.27,0.0,1,0.15,0.05,SPY211119P00414000,414.0,0,0.0,0.0,,0.0,normalDay
2021-11-15,2786.0,13.0,0.0,0,467.43,0.0,1,0.15,0.02,SPY211119P00414000,414.0,0,0.0,0.0,,0.0,normalDay
2021-11-16,2786.0,13.0,0.0,0,469.28,0.0,1,0.15,0.02,SPY211119P00414000,414.0,0,0.0,0.0,,0.0,normalDay
2021-11-17,2786.0,14.0,0.0,0,468.14,0.0,1,0.15,0.01,SPY211119P00414000,414.0,0,0.0,0.0,,0.0,normalDay
2021-11-18,2786.0,14.0,0.0,0,469.73,0.0,1,0.15,0.01,SPY211119P00414000,414.0,0,0.0,0.0,,0.0,normalDay
2021-11-19,2801.0,0.0,15.0,0,468.89,0.0,1,0.15,0.0,SPY211119P00414000,414.0,0,0.0,0.0,,0.0,expirationDay
2021-11-22,2801.0,-4.0,0.0,0,467.57,0.0,1,0.71,0.75,SPY211203P00445000,445.0,0,0.0,0.0,,0.0,normalDay
2021-11-23,2801.0,5.0,0.0,0,468.19,0.0,1,0.71,0.66,SPY211203P00445000,445.0,0,0.0,0.0,,0.0,normalDay
2021-11-24,2801.0,28.0,0.0,0,469.44,0.0,1,0.71,0.43,SPY211203P00445000,445.0,0,0.0,0.0,,0.0,normalDay
2021-11-26,2801.0,-257.0,0.0,0,458.97,0.0,1,0.71,3.28,SPY211203P00445000,445.0,0,0.0,0.0,,0.0,normalDay
2021-11-29,2801.0,30.0,0.0,0,464.6,0.0,1,0.71,0.41,SPY211203P00445000,445.0,0,0.0,0.0,,0.0,normalDay
2021-11-30,2801.0,-42.0,0.0,0,455.56,0.0,1,0.71,1.13,SPY211203P00445000,445.0,0,0.0,0.0,,0.0,normalDay
2021-12-01,2801.0,-186.0,0.0,0,450.5,0.0,1,0.71,2.57,SPY211203P00445000,445.0,0,0.0,0.0,,0.0,normalDay
2021-12-02,2801.0,49.0,0.0,0,457.4,0.0,1,0.71,0.22,SPY211203P00445000,445.0,0,0.0,0.0,,0.0,normalDay
2021-12-03,2872.0,0.0,71.0,0,453.42,0.0,1,0.71,0.0,SPY211203P00445000,445.0,0,0.0,0.0,,0.0,expirationDay
2021-12-06,2872.0,-3.0,0.0,0,458.79,0.0,1,2.94,2.97,SPY211217P00440000,440.0,0,0.0,0.0,,0.0,normalDay
2021-12-07,2872.0,196.0,0.0,0,468.28,0.0,1,2.94,0.98,SPY211217P00440000,440.0,0,0.0,0.0,,0.0,normalDay
2021-12-08,2872.0,248.0,0.0,0,469.52,0.0,1,2.94,0.46,SPY211217P00440000,440.0,0,0.0,0.0,,0.0,normalDay
2021-12-09,2872.0,218.0,0.0,0,466.35,0.0,1,2.94,0.76,SPY211217P00440000,440.0,0,0.0,0.0,,0.0,normalDay
2021-12-10,2872.0,272.0,0.0,0,470.74,0.0,1,2.94,0.22,SPY211217P00440000,440.0,0,0.0,0.0,,0.0,normalDay
2021-12-13,2872.0,278.0,0.0,0,466.57,0.0,1,2.94,0.16,SPY211217P00440000,440.0,0,0.0,0.0,,0.0,normalDay
2021-12-14,2872.0,274.0,0.0,0,463.36,0.0,1,2.94,0.2,SPY211217P00440000,440.0,0,0.0,0.0,,0.0,normalDay
2021-12-15,2872.0,287.0,0.0,0,470.6,0.0,1,2.94,0.07,SPY211217P00440000,440.0,0,0.0,0.0,,0.0,normalDay
2021-12-16,2872.0,289.0,0.0,0,466.45,0.0,1,2.94,0.05,SPY211217P00440000,440.0,0,0.0,0.0,,0.0,normalDay
2021-12-17,3166.0,0.0,294.0,0,459.87,0.0,1,2.94,0.0,SPY211217P00440000,440.0,0,0.0,0.0,,0.0,expirationDay
2021-12-20,3166.0,-4.0,0.0,0,454.98,0.0,1,1.82,1.86,SPY211231P00438000,438.0,0,0.0,0.0,,0.0,normalDay
2021-12-21,3166.0,114.0,0.0,0,463.06,0.0,1,1.82,0.68,SPY211231P00438000,438.0,0,0.0,0.0,,0.0,normalDay
2021-12-22,3166.0,163.0,0.0,0,467.69,0.0,1,1.82,0.19,SPY211231P00438000,438.0,0,0.0,0.0,,0.0,normalDay
2021-12-23,3166.0,171.0,0.0,0,470.6,0.0,1,1.82,0.11,SPY211231P00438000,438.0,0,0.0,0.0,,0.0,normalDay
2021-12-27,3166.0,178.0,0.0,0,477.26,0.0,1,1.82,0.04,SPY211231P00438000,438.0,0,0.0,0.0,,0.0,normalDay
2021-12-28,3166.0,179.0,0.0,0,476.87,0.0,1,1.82,0.03,SPY211231P00438000,438.0,0,0.0,0.0,,0.0,normalDay
2021-12-29,3166.0,180.0,0.0,0,477.48,0.0,1,1.82,0.02,SPY211231P00438000,438.0,0,0.0,0.0,,0.0,normalDay
2021-12-30,3166.0,180.0,0.0,0,476.16,0.0,1,1.82,0.02,SPY211231P00438000,438.0,0,0.0,0.0,,0.0,normalDay
2021-12-31,3348.0,0.0,182.0,0,474.96,0.0,1,1.82,0.0,SPY211231P00438000,438.0,0,0.0,0.0,,0.0,expirationDay
2022-01-03,3348.0,-3.0,0.0,0,477.71,0.0,1,0.19,0.22,SPY220114P00442000,442.0,0,0.0,0.0,,0.0,normalDay
2022-01-04,3348.0,-1.0,0.0,0,477.55,0.0,1,0.19,0.2,SPY220114P00442000,442.0,0,0.0,0.0,,0.0,normalDay
2022-01-05,3348.0,-40.0,0.0,0,468.38,0.0,1,0.19,0.59,SPY220114P00442000,442.0,0,0.0,0.0,,0.0,normalDay
2022-01-06,3348.0,-19.0,0.0,0,467.94,0.0,1,0.19,0.38,SPY220114P00442000,442.0,0,0.0,0.0,,0.0,normalDay
2022-01-07,3348.0,2.0,0.0,0,466.09,0.0,1,0.19,0.17,SPY220114P00442000,442.0,0,0.0,0.0,,0.0,normalDay
2022-01-10,3348.0,1.0,0.0,0,465.51,0.0,1,0.19,0.18,SPY220114P00442000,442.0,0,0.0,0.0,,0.0,normalDay
2022-01-11,3348.0,12.0,0.0,0,469.75,0.0,1,0.19,0.07,SPY220114P00442000,442.0,0,0.0,0.0,,0.0,normalDay
2022-01-12,3348.0,17.0,0.0,0,471.02,0.0,1,0.19,0.02,SPY220114P00442000,442.0,0,0.0,0.0,,0.0,normalDay
2022-01-13,3348.0,15.0,0.0,0,464.53,0.0,1,0.19,0.04,SPY220114P00442000,442.0,0,0.0,0.0,,0.0,normalDay
2022-01-14,3367.0,0.0,19.0,0,464.72,0.0,1,0.19,0.0,SPY220114P00442000,442.0,0,0.0,0.0,,0.0,expirationDay
2022-01-18,3367.0,-3.0,0.0,0,456.49,0.0,1,2.6,2.63,SPY220128P00442000,442.0,0,0.0,0.0,,0.0,normalDay
2022-01-19,3367.0,-45.0,0.0,0,451.75,0.0,1,2.6,3.05,SPY220128P00442000,442.0,0,0.0,0.0,,0.0,normalDay
2022-01-20,3367.0,-211.0,0.0,0,446.75,0.0,1,2.6,4.71,SPY220128P00442000,442.0,0,0.0,0.0,,0.0,normalDay
2022-01-21,3367.0,-623.0,0.0,0,437.98,0.0,1,2.6,8.83,SPY220128P00442000,442.0,0,0.0,0.0,,0.0,normalDay
2022-01-24,3367.0,-587.0,0.0,0,439.84,0.0,1,2.6,8.47,SPY220128P00442000,442.0,0,0.0,0.0,,0.0,normalDay
2022-01-25,3367.0,-896.0,0.0,0,434.47,0.0,1,2.6,11.56,SPY220128P00442000,442.0,0,0.0,0.0,,0.0,normalDay
2022-01-26,3367.0,-815.0,0.0,0,433.38,0.0,1,2.6,10.75,SPY220128P00442000,442.0,0,0.0,0.0,,0.0,normalDay
2022-01-27,3367.0,-812.0,0.0,0,431.24,0.0,1,2.6,10.72,SPY220128P00442000,442.0,0,0.0,0.0,,0.0,normalDay
2022-01-28,3627.0,-5.0,260.0,100,441.95,442.0,1,2.6,0.0,SPY220128P00442000,442.0,0,0.0,0.0,,0.0,expirationDay
2022-01-31,3627.0,786.0,0.0,100,449.91,442.0,0,0.0,0.0,,0.0,1,2.65,2.7,SPY220304C00468000,468.0,normalDay
2022-02-01,3627.0,1080.0,0.0,100,452.95,442.0,0,0.0,0.0,,0.0,1,2.65,2.8,SPY220304C00468000,468.0,normalDay
2022-02-02,3627.0,1482.0,0.0,100,457.35,442.0,0,0.0,0.0,,0.0,1,2.65,3.18,SPY220304C00468000,468.0,normalDay
2022-02-03,3627.0,498.0,0.0,100,446.6,442.0,0,0.0,0.0,,0.0,1,2.65,2.27,SPY220304C00468000,468.0,normalDay
2022-02-04,3627.0,776.0,0.0,100,448.7,442.0,0,0.0,0.0,,0.0,1,2.65,1.59,SPY220304C00468000,468.0,normalDay
2022-02-07,3627.0,666.0,0.0,100,447.26,442.0,0,0.0,0.0,,0.0,1,2.65,1.25,SPY220304C00468000,468.0,normalDay
2022-02-08,3627.0,1012.0,0.0,100,450.94,442.0,0,0.0,0.0,,0.0,1,2.65,1.47,SPY220304C00468000,468.0,normalDay
2022-02-09,3627.0,1561.0,0.0,100,457.54,442.0,0,0.0,0.0,,0.0,1,2.65,2.58,SPY220304C00468000,468.0,normalDay
2022-02-10,3627.0,867.0,0.0,100,449.32,442.0,0,0.0,0.0,,0.0,1,2.65,1.3,SPY220304C00468000,468.0,normalDay
2022-02-11,3627.0,53.0,0.0,100,440.46,442.0,0,0.0,0.0,,0.0,1,2.65,0.58,SPY220304C00468000,468.0,normalDay
2022-02-14,3627.0,-73.0,0.0,100,439.02,442.0,0,0.0,0.0,,0.0,1,2.65,0.4,SPY220304C00468000,468.0,normalDay
2022-02-15,3627.0,624.0,0.0,100,446.1,442.0,0,0.0,0.0,,0.0,1,2.65,0.51,SPY220304C00468000,468.0,normalDay
2022-02-16,3627.0,688.0,0.0,100,446.6,442.0,0,0.0,0.0,,0.0,1,2.65,0.37,SPY220304C00468000,468.0,normalDay
2022-02-17,3627.0,-243.0,0.0,100,437.06,442.0,0,0.0,0.0,,0.0,1,2.65,0.14,SPY220304C00468000,468.0,normalDay
2022-02-18,3627.0,-519.0,0.0,100,434.23,442.0,0,0.0,0.0,,0.0,1,2.65,0.07,SPY220304C00468000,468.0,normalDay
2022-02-22,3627.0,-983.0,0.0,100,429.57,442.0,0,0.0,0.0,,0.0,1,2.65,0.05,SPY220304C00468000,468.0,normalDay
2022-02-23,3627.0,-1744.0,0.0,100,421.95,442.0,0,0.0,0.0,,0.0,1,2.65,0.04,SPY220304C00468000,468.0,normalDay
2022-02-24,3627.0,-1109.0,0.0,100,428.3,442.0,0,0.0,0.0,,0.0,1,2.65,0.04,SPY220304C00468000,468.0,normalDay
2022-02-25,3627.0,-165.0,0.0,100,437.75,442.0,0,0.0,0.0,,0.0,1,2.65,0.05,SPY220304C00468000,468.0,normalDay
2022-02-28,3627.0,-275.0,0.0,100,436.63,442.0,0,0.0,0.0,,0.0,1,2.65,0.03,SPY220304C00468000,468.0,normalDay
2022-03-01,3627.0,-939.0,0.0,100,429.98,442.0,0,0.0,0.0,,0.0,1,2.65,0.02,SPY220304C00468000,468.0,normalDay
2022-03-02,3627.0,-147.0,0.0,100,437.89,442.0,0,0.0,0.0,,0.0,1,2.65,0.01,SPY220304C00468000,468.0,normalDay
2022-03-03,3627.0,-365.0,0.0,100,435.71,442.0,0,0.0,0.0,,0.0,1,2.65,0.01,SPY220304C00468000,468.0,normalDay
2022-03-04,3892.0,-983.0,265.0,100,432.17,442.0,0,0.0,0.0,,0.0,1,2.65,0.0,SPY220304C00468000,468.0,expirationDay
2022-03-07,3892.0,-2263.0,0.0,100,419.43,442.0,0,0.0,0.0,,0.0,1,2.88,2.94,SPY220408C00446000,446.0,normalDay
2022-03-08,3892.0,-2486.0,0.0,100,416.25,442.0,0,0.0,0.0,,0.0,1,2.88,1.99,SPY220408C00446000,446.0,normalDay
2022-03-09,3892.0,-1586.0,0.0,100,427.41,442.0,0,0.0,0.0,,0.0,1,2.88,4.15,SPY220408C00446000,446.0,normalDay
2022-03-10,3892.0,-1661.0,0.0,100,425.48,442.0,0,0.0,0.0,,0.0,1,2.88,2.97,SPY220408C00446000,446.0,normalDay
2022-03-11,3892.0,-2103.0,0.0,100,420.07,442.0,0,0.0,0.0,,0.0,1,2.88,1.98,SPY220408C00446000,446.0,normalDay
2022-03-14,3892.0,-2356.0,0.0,100,417.0,442.0,0,0.0,0.0,,0.0,1,2.88,1.44,SPY220408C00446000,446.0,normalDay
2022-03-15,3892.0,-1543.0,0.0,100,426.17,442.0,0,0.0,0.0,,0.0,1,2.88,2.48,SPY220408C00446000,446.0,normalDay
2022-03-16,3892.0,-762.0,0.0,100,435.62,442.0,0,0.0,0.0,,0.0,1,2.88,4.12,SPY220408C00446000,446.0,normalDay
2022-03-17,3892.0,-358.0,0.0,100,441.07,442.0,0,0.0,0.0,,0.0,1,2.88,5.53,SPY220408C00446000,446.0,normalDay
2022-03-18,3892.0,-245.0,0.0,100,444.52,442.0,0,0.0,0.0,,0.0,1,2.88,7.85,SPY220408C00446000,446.0,normalDay
2022-03-21,3892.0,-191.0,0.0,100,444.39,442.0,0,0.0,0.0,,0.0,1,2.88,7.18,SPY220408C00446000,446.0,normalDay
2022-03-22,3892.0,75.0,0.0,100,449.59,442.0,0,0.0,0.0,,0.0,1,2.88,9.72,SPY220408C00446000,446.0,normalDay
2022-03-23,3892.0,-154.0,0.0,100,443.8,442.0,0,0.0,0.0,,0.0,1,2.88,6.22,SPY220408C00446000,446.0,normalDay
2022-03-24,3892.0,190.0,0.0,100,450.49,442.0,0,0.0,0.0,,0.0,1,2.88,9.47,SPY220408C00446000,446.0,normalDay
2022-03-25,3892.0,313.0,0.0,100,452.69,442.0,0,0.0,0.0,,0.0,1,2.88,10.44,SPY220408C00446000,446.0,normalDay
2022-03-28,3892.0,465.0,0.0,100,455.91,442.0,0,0.0,0.0,,0.0,1,2.88,12.14,SPY220408C00446000,446.0,normalDay
2022-03-29,3892.0,601.0,0.0,100,461.55,442.0,0,0.0,0.0,,0.0,1,2.88,16.42,SPY220408C00446000,446.0,normalDay
2022-03-30,3892.0,522.0,0.0,100,458.7,442.0,0,0.0,0.0,,0.0,1,2.88,14.36,SPY220408C00446000,446.0,normalDay
2022-03-31,3892.0,378.0,0.0,100,451.64,442.0,0,0.0,0.0,,0.0,1,2.88,8.74,SPY220408C00446000,446.0,normalDay
2022-04-01,3892.0,558.0,0.0,100,452.92,442.0,0,0.0,0.0,,0.0,1,2.88,8.22,SPY220408C00446000,446.0,normalDay
2022-04-04,3892.0,652.0,0.0,100,456.8,442.0,0,0.0,0.0,,0.0,1,2.88,11.16,SPY220408C00446000,446.0,normalDay
2022-04-05,3892.0,527.0,0.0,100,451.03,442.0,0,0.0,0.0,,0.0,1,2.88,6.64,SPY220408C00446000,446.0,normalDay
2022-04-06,3892.0,451.0,0.0,100,446.52,442.0,0,0.0,0.0,,0.0,1,2.88,2.89,SPY220408C00446000,446.0,normalDay
2022-04-07,3892.0,614.0,0.0,100,448.77,442.0,0,0.0,0.0,,0.0,1,2.88,3.51,SPY220408C00446000,446.0,normalDay
2022-04-08,4580.0,614.0,688.0,0,447.57,0.0,0,0.0,0.0,,0.0,1,2.88,0.0,SPY220408C00446000,446.0,expirationDay
2022-04-11,4580.0,-4.0,0.0,0,439.92,0.0,1,1.07,1.11,SPY220422P00415000,415.0,0,0.0,0.0,,0.0,normalDay
2022-04-12,4580.0,-3.0,0.0,0,438.29,0.0,1,1.07,1.1,SPY220422P00415000,415.0,0,0.0,0.0,,0.0,normalDay
2022-04-13,4580.0,68.0,0.0,0,443.31,0.0,1,1.07,0.39,SPY220422P00415000,415.0,0,0.0,0.0,,0.0,normalDay
2022-04-14,4580.0,67.0,0.0,0,437.79,0.0,1,1.07,0.4,SPY220422P00415000,415.0,0,0.0,0.0,,0.0,normalDay
2022-04-18,4580.0,98.0,0.0,0,437.97,0.0,1,1.07,0.09,SPY220422P00415000,415.0,0,0.0,0.0,,0.0,normalDay
2022-04-19,4580.0,100.0,0.0,0,445.04,0.0,1,1.07,0.07,SPY220422P00415000,415.0,0,0.0,0.0,,0.0,normalDay
2022-04-20,4580.0,104.0,0.0,0,444.71,0.0,1,1.07,0.03,SPY220422P00415000,415.0,0,0.0,0.0,,0.0,normalDay
2022-04-21,4580.0,104.0,0.0,0,438.06,0.0,1,1.07,0.03,SPY220422P00415000,415.0,0,0.0,0.0,,0.0,normalDay
2022-04-22,4687.0,0.0,107.0,0,426.04,0.0,1,1.07,0.0,SPY220422P00415000,415.0,0,0.0,0.0,,0.0,expirationDay
2022-04-25,4687.0,-5.0,0.0,0,428.51,0.0,1,2.31,2.36,SPY220506P00408000,408.0,0,0.0,0.0,,0.0,normalDay
2022-04-26,4687.0,-417.0,0.0,0,416.1,0.0,1,2.31,6.48,SPY220506P00408000,408.0,0,0.0,0.0,,0.0,normalDay
2022-04-27,4687.0,-222.0,0.0,0,417.27,0.0,1,2.31,4.53,SPY220506P00408000,408.0,0,0.0,0.0,,0.0,normalDay
2022-04-28,4687.0,-5.0,0.0,0,427.81,0.0,1,2.31,2.36,SPY220506P00408000,408.0,0,0.0,0.0,,0.0,normalDay
2022-04-29,4687.0,-323.0,0.0,0,412.0,0.0,1,2.31,5.54,SPY220506P00408000,408.0,0,0.0,0.0,,0.0,normalDay
2022-05-02,4687.0,-145.0,0.0,0,414.48,0.0,1,2.31,3.76,SPY220506P00408000,408.0,0,0.0,0.0,,0.0,normalDay
2022-05-03,4687.0,12.0,0.0,0,416.38,0.0,1,2.31,2.19,SPY220506P00408000,408.0,0,0.0,0.0,,0.0,normalDay
2022-05-04,4687.0,210.0,0.0,0,429.06,0.0,1,2.31,0.21,SPY220506P00408000,408.0,0,0.0,0.0,,0.0,normalDay
2022-05-05,4687.0,80.0,0.0,0,413.81,0.0,1,2.31,1.51,SPY220506P00408000,408.0,0,0.0,0.0,,0.0,normalDay
2022-05-06,4918.0,0.0,231.0,0,411.34,0.0,1,2.31,0.0,SPY220506P00408000,408.0,0,0.0,0.0,,0.0,expirationDay
2022-05-09,4918.0,-4.0,0.0,0,398.17,0.0,1,2.15,2.19,SPY220520P00372000,372.0,0,0.0,0.0,,0.0,normalDay
2022-05-10,4918.0,50.0,0.0,0,399.09,0.0,1,2.15,1.65,SPY220520P00372000,372.0,0,0.0,0.0,,0.0,normalDay
2022-05-11,4918.0,23.0,0.0,0,392.75,0.0,1,2.15,1.92,SPY220520P00372000,372.0,0,0.0,0.0,,0.0,normalDay
2022-05-12,4918.0,25.0,0.0,0,392.34,0.0,1,2.15,1.9,SPY220520P00372000,372.0,0,0.0,0.0,,0.0,normalDay
2022-05-13,4918.0,157.0,0.0,0,401.72,0.0,1,2.15,0.58,SPY220520P00372000,372.0,0,0.0,0.0,,0.0,normalDay
2022-05-16,4918.0,194.0,0.0,0,400.09,0.0,1,2.15,0.21,SPY220520P00372000,372.0,0,0.0,0.0,,0.0,normalDay
2022-05-17,4918.0,208.0,0.0,0,408.32,0.0,1,2.15,0.07,SPY220520P00372000,372.0,0,0.0,0.0,,0.0,normalDay
2022-05-18,4918.0,184.0,0.0,0,391.86,0.0,1,2.15,0.31,SPY220520P00372000,372.0,0,0.0,0.0,,0.0,normalDay
2022-05-19,4918.0,206.0,0.0,0,389.46,0.0,1,2.15,0.09,SPY220520P00372000,372.0,0,0.0,0.0,,0.0,normalDay
2022-05-20,5133.0,0.0,215.0,0,389.63,0.0,1,2.15,0.0,SPY220520P00372000,372.0,0,0.0,0.0,,0.0,expirationDay
2022-05-23,5133.0,-3.0,0.0,0,396.92,0.0,1,0.37,0.4,SPY220603P00357000,357.0,0,0.0,0.0,,0.0,normalDay
2022-05-24,5133.0,-9.0,0.0,0,393.89,0.0,1,0.37,0.46,SPY220603P00357000,357.0,0,0.0,0.0,,0.0,normalDay
2022-05-25,5133.0,14.0,0.0,0,397.37,0.0,1,0.37,0.23,SPY220603P00357000,357.0,0,0.0,0.0,,0.0,normalDay
2022-05-26,5133.0,22.0,0.0,0,405.31,0.0,1,0.37,0.15,SPY220603P00357000,357.0,0,0.0,0.0,,0.0,normalDay
2022-05-27,5133.0,31.0,0.0,0,415.26,0.0,1,0.37,0.06,SPY220603P00357000,357.0,0,0.0,0.0,,0.0,normalDay
2022-05-31,5133.0,35.0,0.0,0,412.93,0.0,1,0.37,0.02,SPY220603P00357000,357.0,0,0.0,0.0,,0.0,normalDay
2022-06-01,5133.0,35.0,0.0,0,409.59,0.0,1,0.37,0.02,SPY220603P00357000,357.0,0,0.0,0.0,,0.0,normalDay
2022-06-02,5133.0,36.0,0.0,0,417.39,0.0,1,0.37,0.01,SPY220603P00357000,357.0,0,0.0,0.0,,0.0,normalDay
2022-06-03,5170.0,0.0,37.0,0,410.54,0.0,1,0.37,0.0,SPY220603P00357000,357.0,0,0.0,0.0,,0.0,expirationDay
2022-06-06,5170.0,-3.0,0.0,0,411.79,0.0,1,0.2,0.23,SPY220617P00366000,366.0,0,0.0,0.0,,0.0,normalDay
2022-06-07,5170.0,6.0,0.0,0,415.74,0.0,1,0.2,0.14,SPY220617P00366000,366.0,0,0.0,0.0,,0.0,normalDay
2022-06-08,5170.0,8.0,0.0,0,411.22,0.0,1,0.2,0.12,SPY220617P00366000,366.0,0,0.0,0.0,,0.0,normalDay
2022-06-09,5170.0,-7.0,0.0,0,401.44,0.0,1,0.2,0.27,SPY220617P00366000,366.0,0,0.0,0.0,,0.0,normalDay
2022-06-10,5170.0,-54.0,0.0,0,389.8,0.0,1,0.2,0.74,SPY220617P00366000,366.0,0,0.0,0.0,,0.0,normalDay
2022-06-13,5170.0,-389.0,0.0,0,375.0,0.0,1,0.2,4.09,SPY220617P00366000,366.0,0,0.0,0.0,,0.0,normalDay
2022-06-14,5170.0,-342.0,0.0,0,373.87,0.0,1,0.2,3.62,SPY220617P00366000,366.0,0,0.0,0.0,,0.0,normalDay
2022-06-15,5170.0,-84.0,0.0,0,379.2,0.0,1,0.2,1.04,SPY220617P00366000,366.0,0,0.0,0.0,,0.0,normalDay
2022-06-16,5170.0,-325.0,0.0,0,366.65,0.0,1,0.2,3.45,SPY220617P00366000,366.0,0,0.0,0.0,,0.0,normalDay
2022-06-17,5190.0,-14.0,20.0,100,365.86,366.0,1,0.2,0.0,SPY220617P00366000,366.0,0,0.0,0.0,,0.0,expirationDay
2022-06-21,5190.0,902.0,0.0,100,375.07,366.0,0,0.0,0.0,,0.0,1,1.19,1.24,SPY220722C00410000,410.0,normalDay
2022-06-22,5190.0,849.0,0.0,100,374.39,366.0,0,0.0,0.0,,0.0,1,1.19,1.09,SPY220722C00410000,410.0,normalDay
2022-06-23,5190.0,1206.0,0.0,100,378.06,366.0,0,0.0,0.0,,0.0,1,1.19,1.19,SPY220722C00410000,410.0,normalDay
2022-06-24,5190.0,2258.0,0.0,100,390.08,366.0,0,0.0,0.0,,0.0,1,1.19,2.69,SPY220722C00410000,410.0,normalDay
2022-06-27,5190.0,2152.0,0.0,100,388.59,366.0,0,0.0,0.0,,0.0,1,1.19,2.26,SPY220722C00410000,410.0,normalDay
2022-06-28,5190.0,1485.0,0.0,100,380.65,366.0,0,0.0,0.0,,0.0,1,1.19,0.99,SPY220722C00410000,410.0,normalDay
2022-06-29,5190.0,1460.0,0.0,100,380.34,366.0,0,0.0,0.0,,0.0,1,1.19,0.93,SPY220722C00410000,410.0,normalDay
2022-06-30,5190.0,1190.0,0.0,100,377.25,366.0,0,0.0,0.0,,0.0,1,1.19,0.54,SPY220722C00410000,410.0,normalDay
2022-07-01,5190.0,1584.0,0.0,100,381.24,366.0,0,0.0,0.0,,0.0,1,1.19,0.59,SPY220722C00410000,410.0,normalDay
2022-07-05,5190.0,1667.0,0.0,100,381.96,366.0,0,0.0,0.0,,0.0,1,1.19,0.48,SPY220722C00410000,410.0,normalDay
2022-07-06,5190.0,1795.0,0.0,100,383.25,366.0,0,0.0,0.0,,0.0,1,1.19,0.49,SPY220722C00410000,410.0,normalDay
2022-07-07,5190.0,2345.0,0.0,100,388.99,366.0,0,0.0,0.0,,0.0,1,1.19,0.73,SPY220722C00410000,410.0,normalDay
2022-07-08,5190.0,2340.0,0.0,100,388.67,366.0,0,0.0,0.0,,0.0,1,1.19,0.46,SPY220722C00410000,410.0,normalDay
2022-07-11,5190.0,1925.0,0.0,100,384.23,366.0,0,0.0,0.0,,0.0,1,1.19,0.17,SPY220722C00410000,410.0,normalDay
2022-07-12,5190.0,1592.0,0.0,100,380.83,366.0,0,0.0,0.0,,0.0,1,1.19,0.1,SPY220722C00410000,410.0,normalDay
2022-07-13,5190.0,1397.0,0.0,100,378.83,366.0,0,0.0,0.0,,0.0,1,1.19,0.05,SPY220722C00410000,410.0,normalDay
2022-07-14,5190.0,1307.0,0.0,100,377.91,366.0,0,0.0,0.0,,0.0,1,1.19,0.03,SPY220722C00410000,410.0,normalDay
2022-07-15,5190.0,2029.0,0.0,100,385.13,366.0,0,0.0,0.0,,0.0,1,1.19,0.03,SPY220722C00410000,410.0,normalDay
2022-07-18,5190.0,1712.0,0.0,100,381.95,366.0,0,0.0,0.0,,0.0,1,1.19,0.02,SPY220722C00410000,410.0,normalDay
2022-07-19,5190.0,2741.0,0.0,100,392.27,366.0,0,0.0,0.0,,0.0,1,1.19,0.05,SPY220722C00410000,410.0,normalDay
2022-07-20,5190.0,2990.0,0.0,100,394.77,366.0,0,0.0,0.0,,0.0,1,1.19,0.06,SPY220722C00410000,410.0,normalDay
2022-07-21,5190.0,3396.0,0.0,100,398.79,366.0,0,0.0,0.0,,0.0,1,1.19,0.02,SPY220722C00410000,410.0,normalDay
2022-07-22,5309.0,2909.0,119.0,100,395.09,366.0,0,0.0,0.0,,0.0,1,1.19,0.0,SPY220722C00410000,410.0,expirationDay
2022-07-25,5309.0,2950.0,0.0,100,395.57,366.0,0,0.0,0.0,,0.0,1,13.5,13.57,SPY220826C00391000,391.0,normalDay
2022-07-26,5309.0,2711.0,0.0,100,390.89,366.0,0,0.0,0.0,,0.0,1,13.5,11.28,SPY220826C00391000,391.0,normalDay
2022-07-27,5309.0,3248.0,0.0,100,401.04,366.0,0,0.0,0.0,,0.0,1,13.5,16.06,SPY220826C00391000,391.0,normalDay
2022-07-28,5309.0,3279.0,0.0,100,406.07,366.0,0,0.0,0.0,,0.0,1,13.5,20.78,SPY220826C00391000,391.0,normalDay
2022-07-29,5309.0,3492.0,0.0,100,411.99,366.0,0,0.0,0.0,,0.0,1,13.5,24.57,SPY220826C00391000,391.0,normalDay
2022-08-01,5309.0,3453.0,0.0,100,410.77,366.0,0,0.0,0.0,,0.0,1,13.5,23.74,SPY220826C00391000,391.0,normalDay
2022-08-02,5309.0,3407.0,0.0,100,408.06,366.0,0,0.0,0.0,,0.0,1,13.5,21.49,SPY220826C00391000,391.0,normalDay
2022-08-03,5309.0,3605.0,0.0,100,414.45,366.0,0,0.0,0.0,,0.0,1,13.5,25.9,SPY220826C00391000,391.0,normalDay
2022-08-04,5309.0,3580.0,0.0,100,414.17,366.0,0,0.0,0.0,,0.0,1,13.5,25.87,SPY220826C00391000,391.0,normalDay
2022-08-05,5309.0,3650.0,0.0,100,413.47,366.0,0,0.0,0.0,,0.0,1,13.5,24.47,SPY220826C00391000,391.0,normalDay
2022-08-08,5309.0,3620.0,0.0,100,412.99,366.0,0,0.0,0.0,,0.0,1,13.5,24.29,SPY220826C00391000,391.0,normalDay
2022-08-09,5309.0,3594.0,0.0,100,411.35,366.0,0,0.0,0.0,,0.0,1,13.5,22.91,SPY220826C00391000,391.0,normalDay
2022-08-10,5309.0,3764.0,0.0,100,419.99,366.0,0,0.0,0.0,,0.0,1,13.5,29.85,SPY220826C00391000,391.0,normalDay
2022-08-11,5309.0,3693.0,0.0,100,419.99,366.0,0,0.0,0.0,,0.0,1,13.5,30.56,SPY220826C00391000,391.0,normalDay
2022-08-12,5309.0,3804.0,0.0,100,427.1,366.0,0,0.0,0.0,,0.0,1,13.5,36.56,SPY220826C00391000,391.0,normalDay
2022-08-15,5309.0,3815.0,0.0,100,428.86,366.0,0,0.0,0.0,,0.0,1,13.5,38.21,SPY220826C00391000,391.0,normalDay
2022-08-16,5309.0,3830.0,0.0,100,429.7,366.0,0,0.0,0.0,,0.0,1,13.5,38.9,SPY220826C00391000,391.0,normalDay
2022-08-17,5309.0,3788.0,0.0,100,426.65,366.0,0,0.0,0.0,,0.0,1,13.5,36.27,SPY220826C00391000,391.0,normalDay
2022-08-18,5309.0,3831.0,0.0,100,427.89,366.0,0,0.0,0.0,,0.0,1,13.5,37.08,SPY220826C00391000,391.0,normalDay
2022-08-19,5309.0,3816.0,0.0,100,422.14,366.0,0,0.0,0.0,,0.0,1,13.5,31.48,SPY220826C00391000,391.0,normalDay
2022-08-22,5309.0,3780.0,0.0,100,413.35,366.0,0,0.0,0.0,,0.0,1,13.5,23.05,SPY220826C00391000,391.0,normalDay
2022-08-23,5309.0,3840.0,0.0,100,412.35,366.0,0,0.0,0.0,,0.0,1,13.5,21.45,SPY220826C00391000,391.0,normalDay
2022-08-24,5309.0,3822.0,0.0,100,413.67,366.0,0,0.0,0.0,,0.0,1,13.5,22.95,SPY220826C00391000,391.0,normalDay
2022-08-25,5309.0,3883.0,0.0,100,419.51,366.0,0,0.0,0.0,,0.0,1,13.5,28.18,SPY220826C00391000,391.0,normalDay
2022-08-26,9159.0,3883.0,3850.0,0,405.31,0.0,0,0.0,0.0,,0.0,1,13.5,0.0,SPY220826C00391000,391.0,expirationDay
2022-08-29,9159.0,-3.0,0.0,0,402.63,0.0,1,1.61,1.64,SPY220909P00385000,385.0,0,0.0,0.0,,0.0,normalDay
2022-08-30,9159.0,-41.0,0.0,0,398.21,0.0,1,1.61,2.02,SPY220909P00385000,385.0,0,0.0,0.0,,0.0,normalDay
2022-08-31,9159.0,-54.0,0.0,0,395.18,0.0,1,1.61,2.15,SPY220909P00385000,385.0,0,0.0,0.0,,0.0,normalDay
2022-09-01,9159.0,-5.0,0.0,0,396.42,0.0,1,1.61,1.66,SPY220909P00385000,385.0,0,0.0,0.0,,0.0,normalDay
2022-09-02,9159.0,-30.0,0.0,0,392.24,0.0,1,1.61,1.91,SPY220909P00385000,385.0,0,0.0,0.0,,0.0,normalDay
2022-09-06,9159.0,-24.0,0.0,0,390.76,0.0,1,1.61,1.85,SPY220909P00385000,385.0,0,0.0,0.0,,0.0,normalDay
2022-09-07,9159.0,135.0,0.0,0,397.78,0.0,1,1.61,0.26,SPY220909P00385000,385.0,0,0.0,0.0,,0.0,normalDay
2022-09-08,9159.0,157.0,0.0,0,400.38,0.0,1,1.61,0.04,SPY220909P00385000,385.0,0,0.0,0.0,,0.0,normalDay
2022-09-09,9320.0,0.0,161.0,0,406.6,0.0,1,1.61,0.0,SPY220909P00385000,385.0,0,0.0,0.0,,0.0,expirationDay
2022-09-12,9320.0,-3.0,0.0,0,410.97,0.0,1,0.13,0.16,SPY220923P00358000,358.0,0,0.0,0.0,,0.0,normalDay
2022-09-13,9320.0,-48.0,0.0,0,393.1,0.0,1,0.13,0.61,SPY220923P00358000,358.0,0,0.0,0.0,,0.0,normalDay
2022-09-14,9320.0,-22.0,0.0,0,394.6,0.0,1,0.13,0.35,SPY220923P00358000,358.0,0,0.0,0.0,,0.0,normalDay
2022-09-15,9320.0,-19.0,0.0,0,390.12,0.0,1,0.13,0.32,SPY220923P00358000,358.0,0,0.0,0.0,,0.0,normalDay
2022-09-16,9320.0,-13.0,0.0,0,385.56,0.0,1,0.13,0.26,SPY220923P00358000,358.0,0,0.0,0.0,,0.0,normalDay
2022-09-19,9320.0,4.0,0.0,0,388.55,0.0,1,0.13,0.09,SPY220923P00358000,358.0,0,0.0,0.0,,0.0,normalDay
2022-09-20,9320.0,-4.0,0.0,0,384.09,0.0,1,0.13,0.17,SPY220923P00358000,358.0,0,0.0,0.0,,0.0,normalDay
2022-09-21,9320.0,-4.0,0.0,0,377.39,0.0,1,0.13,0.17,SPY220923P00358000,358.0,0,0.0,0.0,,0.0,normalDay
2022-09-22,9320.0,9.0,0.0,0,374.22,0.0,1,0.13,0.04,SPY220923P00358000,358.0,0,0.0,0.0,,0.0,normalDay
2022-09-23,9333.0,0.0,13.0,0,367.95,0.0,1,0.13,0.0,SPY220923P00358000,358.0,0,0.0,0.0,,0.0,expirationDay
2022-09-26,9333.0,-4.0,0.0,0,364.31,0.0,1,1.89,1.93,SPY221007P00342000,342.0,0,0.0,0.0,,0.0,normalDay
2022-09-27,9333.0,11.0,0.0,0,363.38,0.0,1,1.89,1.78,SPY221007P00342000,342.0,0,0.0,0.0,,0.0,normalDay
2022-09-28,9333.0,114.0,0.0,0,370.53,0.0,1,1.89,0.75,SPY221007P00342000,342.0,0,0.0,0.0,,0.0,normalDay
2022-09-29,9333.0,68.0,0.0,0,362.79,0.0,1,1.89,1.21,SPY221007P00342000,342.0,0,0.0,0.0,,0.0,normalDay
2022-09-30,9333.0,77.0,0.0,0,357.18,0.0,1,1.89,1.12,SPY221007P00342000,342.0,0,0.0,0.0,,0.0,normalDay
2022-10-03,9333.0,168.0,0.0,0,366.61,0.0,1,1.89,0.21,SPY221007P00342000,342.0,0,0.0,0.0,,0.0,normalDay
2022-10-04,9333.0,181.0,0.0,0,377.97,0.0,1,1.89,0.08,SPY221007P00342000,342.0,0,0.0,0.0,,0.0,normalDay
2022-10-05,9333.0,186.0,0.0,0,377.09,0.0,1,1.89,0.03,SPY221007P00342000,342.0,0,0.0,0.0,,0.0,normalDay
2022-10-06,9333.0,187.0,0.0,0,373.2,0.0,1,1.89,0.02,SPY221007P00342000,342.0,0,0.0,0.0,,0.0,normalDay
2022-10-07,9522.0,0.0,189.0,0,362.79,0.0,1,1.89,0.0,SPY221007P00342000,342.0,0,0.0,0.0,,0.0,expirationDay
2022-10-10,9522.0,-3.0,0.0,0,360.02,0.0,1,0.66,0.69,SPY221021P00328000,328.0,0,0.0,0.0,,0.0,normalDay
2022-10-11,9522.0,-26.0,0.0,0,357.74,0.0,1,0.66,0.92,SPY221021P00328000,328.0,0,0.0,0.0,,0.0,normalDay
2022-10-12,9522.0,-16.0,0.0,0,356.56,0.0,1,0.66,0.82,SPY221021P00328000,328.0,0,0.0,0.0,,0.0,normalDay
2022-10-13,9522.0,35.0,0.0,0,365.97,0.0,1,0.66,0.31,SPY221021P00328000,328.0,0,0.0,0.0,,0.0,normalDay
2022-10-14,9522.0,33.0,0.0,0,357.63,0.0,1,0.66,0.33,SPY221021P00328000,328.0,0,0.0,0.0,,0.0,normalDay
2022-10-17,9522.0,57.0,0.0,0,366.82,0.0,1,0.66,0.09,SPY221021P00328000,328.0,0,0.0,0.0,,0.0,normalDay
2022-10-18,9522.0,62.0,0.0,0,371.13,0.0,1,0.66,0.04,SPY221021P00328000,328.0,0,0.0,0.0,,0.0,normalDay
2022-10-19,9522.0,64.0,0.0,0,368.5,0.0,1,0.66,0.02,SPY221021P00328000,328.0,0,0.0,0.0,,0.0,normalDay
2022-10-20,9522.0,64.0,0.0,0,365.41,0.0,1,0.66,0.02,SPY221021P00328000,328.0,0,0.0,0.0,,0.0,normalDay
2022-10-21,9588.0,0.0,66.0,0,374.29,0.0,1,0.66,0.0,SPY221021P00328000,328.0,0,0.0,0.0,,0.0,expirationDay
2022-10-24,9588.0,-3.0,0.0,0,378.87,0.0,1,0.29,0.32,SPY221104P00338000,338.0,0,0.0,0.0,,0.0,normalDay
2022-10-25,9588.0,7.0,0.0,0,384.92,0.0,1,0.29,0.22,SPY221104P00338000,338.0,0,0.0,0.0,,0.0,normalDay
2022-10-26,9588.0,15.0,0.0,0,382.02,0.0,1,0.29,0.14,SPY221104P00338000,338.0,0,0.0,0.0,,0.0,normalDay
2022-10-27,9588.0,14.0,0.0,0,379.98,0.0,1,0.29,0.15,SPY221104P00338000,338.0,0,0.0,0.0,,0.0,normalDay
2022-10-28,9588.0,24.0,0.0,0,389.02,0.0,1,0.29,0.05,SPY221104P00338000,338.0,0,0.0,0.0,,0.0,normalDay
2022-10-31,9588.0,26.0,0.0,0,386.21,0.0,1,0.29,0.03,SPY221104P00338000,338.0,0,0.0,0.0,,0.0,normalDay
2022-11-01,9588.0,26.0,0.0,0,384.52,0.0,1,0.29,0.03,SPY221104P00338000,338.0,0,0.0,0.0,,0.0,normalDay
2022-11-02,9588.0,26.0,0.0,0,374.87,0.0,1,0.29,0.03,SPY221104P00338000,338.0,0,0.0,0.0,,0.0,normalDay
2022-11-03,9588.0,28.0,0.0,0,371.01,0.0,1,0.29,0.01,SPY221104P00338000,338.0,0,0.0,0.0,,0.0,normalDay
2022-11-04,9617.0,0.0,29.0,0,376.35,0.0,1,0.29,0.0,SPY221104P00338000,338.0,0,0.0,0.0,,0.0,expirationDay
2022-11-07,9617.0,-3.0,0.0,0,379.95,0.0,1,0.12,0.15,SPY221118P00334000,334.0,0,0.0,0.0,,0.0,normalDay
2022-11-08,9617.0,-5.0,0.0,0,382.0,0.0,1,0.12,0.17,SPY221118P00334000,334.0,0,0.0,0.0,,0.0,normalDay
2022-11-09,9617.0,-9.0,0.0,0,374.13,0.0,1,0.12,0.21,SPY221118P00334000,334.0,0,0.0,0.0,,0.0,normalDay
2022-11-10,9617.0,6.0,0.0,0,394.69,0.0,1,0.12,0.06,SPY221118P00334000,334.0,0,0.0,0.0,,0.0,normalDay
2022-11-11,9617.0,8.0,0.0,0,398.51,0.0,1,0.12,0.04,SPY221118P00334000,334.0,0,0.0,0.0,,0.0,normalDay
2022-11-14,9617.0,10.0,0.0,0,395.12,0.0,1,0.12,0.02,SPY221118P00334000,334.0,0,0.0,0.0,,0.0,normalDay
2022-11-15,9617.0,10.0,0.0,0,398.49,0.0,1,0.12,0.02,SPY221118P00334000,334.0,0,0.0,0.0,,0.0,normalDay
2022-11-16,9617.0,10.0,0.0,0,395.45,0.0,1,0.12,0.02,SPY221118P00334000,334.0,0,0.0,0.0,,0.0,normalDay
2022-11-17,9617.0,11.0,0.0,0,394.24,0.0,1,0.12,0.01,SPY221118P00334000,334.0,0,0.0,0.0,,0.0,normalDay
2022-11-18,9629.0,0.0,12.0,0,396.03,0.0,1,0.12,0.0,SPY221118P00334000,334.0,0,0.0,0.0,,0.0,expirationDay
2022-11-21,9629.0,-3.0,0.0,0,394.59,0.0,1,0.08,0.11,SPY221202P00351000,351.0,0,0.0,0.0,,0.0,normalDay
2022-11-22,9629.0,-1.0,0.0,0,399.9,0.0,1,0.08,0.09,SPY221202P00351000,351.0,0,0.0,0.0,,0.0,normalDay
2022-11-23,9629.0,3.0,0.0,0,402.42,0.0,1,0.08,0.05,SPY221202P00351000,351.0,0,0.0,0.0,,0.0,normalDay
2022-11-25,9629.0,4.0,0.0,0,402.33,0.0,1,0.08,0.04,SPY221202P00351000,351.0,0,0.0,0.0,,0.0,normalDay
2022-11-28,9629.0,5.0,0.0,0,395.91,0.0,1,0.08,0.03,SPY221202P00351000,351.0,0,0.0,0.0,,0.0,normalDay
2022-11-29,9629.0,5.0,0.0,0,395.23,0.0,1,0.08,0.03,SPY221202P00351000,351.0,0,0.0,0.0,,0.0,normalDay
2022-11-30,9629.0,6.0,0.0,0,407.68,0.0,1,0.08,0.02,SPY221202P00351000,351.0,0,0.0,0.0,,0.0,normalDay
2022-12-01,9629.0,7.0,0.0,0,407.38,0.0,1,0.08,0.01,SPY221202P00351000,351.0,0,0.0,0.0,,0.0,normalDay
2022-12-02,9637.0,0.0,8.0,0,406.91,0.0,1,0.08,0.0,SPY221202P00351000,351.0,0,0.0,0.0,,0.0,expirationDay
2022-12-05,9637.0,-3.0,0.0,0,399.59,0.0,1,0.23,0.26,SPY221216P00361000,361.0,0,0.0,0.0,,0.0,normalDay
2022-12-06,9637.0,-21.0,0.0,0,393.83,0.0,1,0.23,0.44,SPY221216P00361000,361.0,0,0.0,0.0,,0.0,normalDay
2022-12-07,9637.0,-16.0,0.0,0,393.16,0.0,1,0.23,0.39,SPY221216P00361000,361.0,0,0.0,0.0,,0.0,normalDay
2022-12-08,9637.0,-2.0,0.0,0,396.24,0.0,1,0.23,0.25,SPY221216P00361000,361.0,0,0.0,0.0,,0.0,normalDay
2022-12-09,9637.0,-2.0,0.0,0,393.28,0.0,1,0.23,0.25,SPY221216P00361000,361.0,0,0.0,0.0,,0.0,normalDay
2022-12-12,9637.0,7.0,0.0,0,398.95,0.0,1,0.23,0.16,SPY221216P00361000,361.0,0,0.0,0.0,,0.0,normalDay
2022-12-13,9637.0,17.0,0.0,0,401.97,0.0,1,0.23,0.06,SPY221216P00361000,361.0,0,0.0,0.0,,0.0,normalDay
2022-12-14,9637.0,19.0,0.0,0,399.4,0.0,1,0.23,0.04,SPY221216P00361000,361.0,0,0.0,0.0,,0.0,normalDay
2022-12-15,9637.0,19.0,0.0,0,389.63,0.0,1,0.23,0.04,SPY221216P00361000,361.0,0,0.0,0.0,,0.0,normalDay
2022-12-16,9660.0,0.0,23.0,0,383.27,0.0,1,0.23,0.0,SPY221216P00361000,361.0,0,0.0,0.0,,0.0,expirationDay
2022-12-19,9660.0,-3.0,0.0,0,380.02,0.0,1,1.35,1.38,SPY221230P00368000,368.0,0,0.0,0.0,,0.0,normalDay
2022-12-20,9660.0,34.0,0.0,0,380.54,0.0,1,1.35,1.01,SPY221230P00368000,368.0,0,0.0,0.0,,0.0,normalDay
2022-12-21,9660.0,102.0,0.0,0,386.23,0.0,1,1.35,0.33,SPY221230P00368000,368.0,0,0.0,0.0,,0.0,normalDay
2022-12-22,9660.0,54.0,0.0,0,380.72,0.0,1,1.35,0.81,SPY221230P00368000,368.0,0,0.0,0.0,,0.0,normalDay
2022-12-23,9660.0,102.0,0.0,0,382.91,0.0,1,1.35,0.33,SPY221230P00368000,368.0,0,0.0,0.0,,0.0,normalDay
2022-12-27,9660.0,119.0,0.0,0,381.4,0.0,1,1.35,0.16,SPY221230P00368000,368.0,0,0.0,0.0,,0.0,normalDay
2022-12-28,9660.0,103.0,0.0,0,376.66,0.0,1,1.35,0.32,SPY221230P00368000,368.0,0,0.0,0.0,,0.0,normalDay
2022-12-29,9660.0,131.0,0.0,0,383.44,0.0,1,1.35,0.04,SPY221230P00368000,368.0,0,0.0,0.0,,0.0,normalDay
2022-12-30,9795.0,0.0,135.0,0,382.43,0.0,1,1.35,0.0,SPY221230P00368000,368.0,0,0.0,0.0,,0.0,expirationDay
2023-01-03,9795.0,-3.0,0.0,0,380.82,0.0,1,0.46,0.49,SPY230113P00356000,356.0,0,0.0,0.0,,0.0,normalDay
2023-01-04,9795.0,25.0,0.0,0,383.76,0.0,1,0.46,0.21,SPY230113P00356000,356.0,0,0.0,0.0,,0.0,normalDay
2023-01-05,9795.0,14.0,0.0,0,379.38,0.0,1,0.46,0.32,SPY230113P00356000,356.0,0,0.0,0.0,,0.0,normalDay
2023-01-06,9795.0,39.0,0.0,0,388.08,0.0,1,0.46,0.07,SPY230113P00356000,356.0,0,0.0,0.0,,0.0,normalDay
2023-01-09,9795.0,42.0,0.0,0,387.86,0.0,1,0.46,0.04,SPY230113P00356000,356.0,0,0.0,0.0,,0.0,normalDay
2023-01-10,9795.0,43.0,0.0,0,390.58,0.0,1,0.46,0.03,SPY230113P00356000,356.0,0,0.0,0.0,,0.0,normalDay
2023-01-11,9795.0,44.0,0.0,0,395.52,0.0,1,0.46,0.02,SPY230113P00356000,356.0,0,0.0,0.0,,0.0,normalDay
2023-01-12,9795.0,45.0,0.0,0,396.96,0.0,1,0.46,0.01,SPY230113P00356000,356.0,0,0.0,0.0,,0.0,normalDay
2023-01-13,9841.0,0.0,46.0,0,398.5,0.0,1,0.46,0.0,SPY230113P00356000,356.0,0,0.0,0.0,,0.0,expirationDay
2023-01-17,9841.0,-3.0,0.0,0,397.77,0.0,1,0.05,0.08,SPY230127P00360000,360.0,0,0.0,0.0,,0.0,normalDay
2023-01-18,9841.0,-3.0,0.0,0,391.49,0.0,1,0.05,0.08,SPY230127P00360000,360.0,0,0.0,0.0,,0.0,normalDay
2023-01-19,9841.0,-3.0,0.0,0,388.64,0.0,1,0.05,0.08,SPY230127P00360000,360.0,0,0.0,0.0,,0.0,normalDay
2023-01-20,9841.0,1.0,0.0,0,395.88,0.0,1,0.05,0.04,SPY230127P00360000,360.0,0,0.0,0.0,,0.0,normalDay
2023-01-23,9841.0,2.0,0.0,0,400.63,0.0,1,0.05,0.03,SPY230127P00360000,360.0,0,0.0,0.0,,0.0,normalDay
2023-01-24,9841.0,3.0,0.0,0,400.2,0.0,1,0.05,0.02,SPY230127P00360000,360.0,0,0.0,0.0,,0.0,normalDay
2023-01-25,9841.0,3.0,0.0,0,400.35,0.0,1,0.05,0.02,SPY230127P00360000,360.0,0,0.0,0.0,,0.0,normalDay
2023-01-26,9841.0,4.0,0.0,0,404.75,0.0,1,0.05,0.01,SPY230127P00360000,360.0,0,0.0,0.0,,0.0,normalDay
2023-01-27,9846.0,0.0,5.0,0,405.68,0.0,1,0.05,0.0,SPY230127P00360000,360.0,0,0.0,0.0,,0.0,expirationDay
2023-01-30,9846.0,-3.0,0.0,0,400.59,0.0,1,0.1,0.13,SPY230210P00362000,362.0,0,0.0,0.0,,0.0,normalDay
2023-01-31,9846.0,0.0,0.0,0,406.48,0.0,1,0.1,0.1,SPY230210P00362000,362.0,0,0.0,0.0,,0.0,normalDay
2023-02-01,9846.0,4.0,0.0,0,410.8,0.0,1,0.1,0.06,SPY230210P00362000,362.0,0,0.0,0.0,,0.0,normalDay
2023-02-02,9846.0,4.0,0.0,0,416.78,0.0,1,0.1,0.06,SPY230210P00362000,362.0,0,0.0,0.0,,0.0,normalDay
2023-02-03,9846.0,7.0,0.0,0,412.35,0.0,1,0.1,0.03,SPY230210P00362000,362.0,0,0.0,0.0,,0.0,normalDay
2023-02-06,9846.0,8.0,0.0,0,409.83,0.0,1,0.1,0.02,SPY230210P00362000,362.0,0,0.0,0.0,,0.0,normalDay
2023-02-07,9846.0,8.0,0.0,0,415.19,0.0,1,0.1,0.02,SPY230210P00362000,362.0,0,0.0,0.0,,0.0,normalDay
2023-02-08,9846.0,9.0,0.0,0,410.65,0.0,1,0.1,0.01,SPY230210P00362000,362.0,0,0.0,0.0,,0.0,normalDay
2023-02-09,9846.0,9.0,0.0,0,407.09,0.0,1,0.1,0.01,SPY230210P00362000,362.0,0,0.0,0.0,,0.0,normalDay
2023-02-10,9856.0,0.0,10.0,0,408.04,0.0,1,0.1,0.0,SPY230210P00362000,362.0,0,0.0,0.0,,0.0,expirationDay
2023-02-13,9856.0,-3.0,0.0,0,412.83,0.0,1,0.14,0.17,SPY230224P00374000,374.0,0,0.0,0.0,,0.0,normalDay
2023-02-14,9856.0,4.0,0.0,0,412.64,0.0,1,0.14,0.1,SPY230224P00374000,374.0,0,0.0,0.0,,0.0,normalDay
2023-02-15,9856.0,7.0,0.0,0,413.98,0.0,1,0.14,0.07,SPY230224P00374000,374.0,0,0.0,0.0,,0.0,normalDay
2023-02-16,9856.0,-4.0,0.0,0,408.28,0.0,1,0.14,0.18,SPY230224P00374000,374.0,0,0.0,0.0,,0.0,normalDay
2023-02-17,9856.0,10.0,0.0,0,407.26,0.0,1,0.14,0.04,SPY230224P00374000,374.0,0,0.0,0.0,,0.0,normalDay
2023-02-21,9856.0,9.0,0.0,0,399.09,0.0,1,0.14,0.05,SPY230224P00374000,374.0,0,0.0,0.0,,0.0,normalDay
2023-02-22,9856.0,11.0,0.0,0,398.54,0.0,1,0.14,0.03,SPY230224P00374000,374.0,0,0.0,0.0,,0.0,normalDay
2023-02-23,9856.0,12.0,0.0,0,400.66,0.0,1,0.14,0.02,SPY230224P00374000,374.0,0,0.0,0.0,,0.0,normalDay
2023-02-24,9870.0,0.0,14.0,0,396.38,0.0,1,0.14,0.0,SPY230224P00374000,374.0,0,0.0,0.0,,0.0,expirationDay
2023-02-27,9870.0,-3.0,0.0,0,397.73,0.0,1,0.86,0.89,SPY230310P00382000,382.0,0,0.0,0.0,,0.0,normalDay
2023-02-28,9870.0,-12.0,0.0,0,396.26,0.0,1,0.86,0.98,SPY230310P00382000,382.0,0,0.0,0.0,,0.0,normalDay
2023-03-01,9870.0,-10.0,0.0,0,394.74,0.0,1,0.86,0.96,SPY230310P00382000,382.0,0,0.0,0.0,,0.0,normalDay
2023-03-02,9870.0,44.0,0.0,0,397.81,0.0,1,0.86,0.42,SPY230310P00382000,382.0,0,0.0,0.0,,0.0,normalDay
2023-03-03,9870.0,72.0,0.0,0,404.19,0.0,1,0.86,0.14,SPY230310P00382000,382.0,0,0.0,0.0,,0.0,normalDay
2023-03-06,9870.0,79.0,0.0,0,404.47,0.0,1,0.86,0.07,SPY230310P00382000,382.0,0,0.0,0.0,,0.0,normalDay
2023-03-07,9870.0,74.0,0.0,0,398.27,0.0,1,0.86,0.12,SPY230310P00382000,382.0,0,0.0,0.0,,0.0,normalDay
2023-03-08,9870.0,81.0,0.0,0,398.92,0.0,1,0.86,0.05,SPY230310P00382000,382.0,0,0.0,0.0,,0.0,normalDay
2023-03-09,9870.0,56.0,0.0,0,391.56,0.0,1,0.86,0.3,SPY230310P00382000,382.0,0,0.0,0.0,,0.0,normalDay
2023-03-10,9956.0,0.0,86.0,0,385.91,0.0,1,0.86,0.0,SPY230310P00382000,382.0,0,0.0,0.0,,0.0,expirationDay
2023-03-13,9956.0,-4.0,0.0,0,385.36,0.0,1,2.58,2.62,SPY230324P00368000,368.0,0,0.0,0.0,,0.0,normalDay
2023-03-14,9956.0,156.0,0.0,0,391.73,0.0,1,2.58,1.02,SPY230324P00368000,368.0,0,0.0,0.0,,0.0,normalDay
2023-03-15,9956.0,100.0,0.0,0,389.28,0.0,1,2.58,1.58,SPY230324P00368000,368.0,0,0.0,0.0,,0.0,normalDay
2023-03-16,9956.0,209.0,0.0,0,396.11,0.0,1,2.58,0.49,SPY230324P00368000,368.0,0,0.0,0.0,,0.0,normalDay
2023-03-17,9956.0,195.0,0.0,0,389.99,0.0,1,2.58,0.63,SPY230324P00368000,368.0,0,0.0,0.0,,0.0,normalDay
2023-03-20,9956.0,238.0,0.0,0,393.74,0.0,1,2.58,0.2,SPY230324P00368000,368.0,0,0.0,0.0,,0.0,normalDay
2023-03-21,9956.0,251.0,0.0,0,398.91,0.0,1,2.58,0.07,SPY230324P00368000,368.0,0,0.0,0.0,,0.0,normalDay
2023-03-22,9956.0,251.0,0.0,0,392.11,0.0,1,2.58,0.07,SPY230324P00368000,368.0,0,0.0,0.0,,0.0,normalDay
2023-03-23,9956.0,256.0,0.0,0,393.17,0.0,1,2.58,0.02,SPY230324P00368000,368.0,0,0.0,0.0,,0.0,normalDay
2023-03-24,10214.0,0.0,258.0,0,395.75,0.0,1,2.58,0.0,SPY230324P00368000,368.0,0,0.0,0.0,,0.0,expirationDay
2023-03-27,10214.0,-3.0,0.0,0,396.49,0.0,1,0.4,0.43,SPY230406P00374000,374.0,0,0.0,0.0,,0.0,normalDay
2023-03-28,10214.0,11.0,0.0,0,395.6,0.0,1,0.4,0.29,SPY230406P00374000,374.0,0,0.0,0.0,,0.0,normalDay
2023-03-29,10214.0,27.0,0.0,0,401.35,0.0,1,0.4,0.13,SPY230406P00374000,374.0,0,0.0,0.0,,0.0,normalDay
2023-03-30,10214.0,30.0,0.0,0,403.7,0.0,1,0.4,0.1,SPY230406P00374000,374.0,0,0.0,0.0,,0.0,normalDay
2023-03-31,10214.0,36.0,0.0,0,409.39,0.0,1,0.4,0.04,SPY230406P00374000,374.0,0,0.0,0.0,,0.0,normalDay
2023-04-03,10214.0,38.0,0.0,0,410.95,0.0,1,0.4,0.02,SPY230406P00374000,374.0,0,0.0,0.0,,0.0,normalDay
2023-04-04,10214.0,38.0,0.0,0,408.67,0.0,1,0.4,0.02,SPY230406P00374000,374.0,0,0.0,0.0,,0.0,normalDay
2023-04-05,10214.0,39.0,0.0,0,407.6,0.0,1,0.4,0.01,SPY230406P00374000,374.0,0,0.0,0.0,,0.0,normalDay
2023-04-06,10254.0,0.0,40.0,0,409.19,0.0,1,0.4,0.0,SPY230406P00374000,374.0,0,0.0,0.0,,0.0,expirationDay
2023-04-10,10254.0,-3.0,0.0,0,409.61,0.0,1,0.08,0.11,SPY230421P00367000,367.0,0,0.0,0.0,,0.0,normalDay
2023-04-11,10254.0,-2.0,0.0,0,409.72,0.0,1,0.08,0.1,SPY230421P00367000,367.0,0,0.0,0.0,,0.0,normalDay
2023-04-12,10254.0,-1.0,0.0,0,408.05,0.0,1,0.08,0.09,SPY230421P00367000,367.0,0,0.0,0.0,,0.0,normalDay
2023-04-13,10254.0,2.0,0.0,0,413.47,0.0,1,0.08,0.06,SPY230421P00367000,367.0,0,0.0,0.0,,0.0,normalDay
2023-04-14,10254.0,4.0,0.0,0,412.46,0.0,1,0.08,0.04,SPY230421P00367000,367.0,0,0.0,0.0,,0.0,normalDay
2023-04-17,10254.0,5.0,0.0,0,413.94,0.0,1,0.08,0.03,SPY230421P00367000,367.0,0,0.0,0.0,,0.0,normalDay
2023-04-18,10254.0,6.0,0.0,0,414.21,0.0,1,0.08,0.02,SPY230421P00367000,367.0,0,0.0,0.0,,0.0,normalDay
2023-04-19,10254.0,6.0,0.0,0,414.14,0.0,1,0.08,0.02,SPY230421P00367000,367.0,0,0.0,0.0,,0.0,normalDay
2023-04-20,10254.0,7.0,0.0,0,411.88,0.0,1,0.08,0.01,SPY230421P00367000,367.0,0,0.0,0.0,,0.0,normalDay
2023-04-21,10262.0,0.0,8.0,0,412.2,0.0,1,0.08,0.0,SPY230421P00367000,367.0,0,0.0,0.0,,0.0,expirationDay
2023-04-24,10262.0,-3.0,0.0,0,412.63,0.0,1,0.27,0.3,SPY230505P00387000,387.0,0,0.0,0.0,,0.0,normalDay
2023-04-25,10262.0,-34.0,0.0,0,406.08,0.0,1,0.27,0.61,SPY230505P00387000,387.0,0,0.0,0.0,,0.0,normalDay
2023-04-26,10262.0,-39.0,0.0,0,404.36,0.0,1,0.27,0.66,SPY230505P00387000,387.0,0,0.0,0.0,,0.0,normalDay
2023-04-27,10262.0,13.0,0.0,0,412.41,0.0,1,0.27,0.14,SPY230505P00387000,387.0,0,0.0,0.0,,0.0,normalDay
2023-04-28,10262.0,20.0,0.0,0,415.93,0.0,1,0.27,0.07,SPY230505P00387000,387.0,0,0.0,0.0,,0.0,normalDay
2023-05-01,10262.0,23.0,0.0,0,415.51,0.0,1,0.27,0.04,SPY230505P00387000,387.0,0,0.0,0.0,,0.0,normalDay
2023-05-02,10262.0,22.0,0.0,0,410.84,0.0,1,0.27,0.05,SPY230505P00387000,387.0,0,0.0,0.0,,0.0,normalDay
2023-05-03,10262.0,21.0,0.0,0,408.02,0.0,1,0.27,0.06,SPY230505P00387000,387.0,0,0.0,0.0,,0.0,normalDay
2023-05-04,10262.0,24.0,0.0,0,405.13,0.0,1,0.27,0.03,SPY230505P00387000,387.0,0,0.0,0.0,,0.0,normalDay
2023-05-05,10289.0,0.0,27.0,0,412.63,0.0,1,0.27,0.0,SPY230505P00387000,387.0,0,0.0,0.0,,0.0,expirationDay
2023-05-08,10289.0,-3.0,0.0,0,412.74,0.0,1,0.79,0.82,SPY230519P00398000,398.0,0,0.0,0.0,,0.0,normalDay
2023-05-09,10289.0,-17.0,0.0,0,410.93,0.0,1,0.79,0.96,SPY230519P00398000,398.0,0,0.0,0.0,,0.0,normalDay
2023-05-10,10289.0,27.0,0.0,0,412.85,0.0,1,0.79,0.52,SPY230519P00398000,398.0,0,0.0,0.0,,0.0,normalDay
2023-05-11,10289.0,34.0,0.0,0,412.13,0.0,1,0.79,0.45,SPY230519P00398000,398.0,0,0.0,0.0,,0.0,normalDay
2023-05-12,10289.0,40.0,0.0,0,411.59,0.0,1,0.79,0.39,SPY230519P00398000,398.0,0,0.0,0.0,,0.0,normalDay
2023-05-15,10289.0,62.0,0.0,0,413.01,0.0,1,0.79,0.17,SPY230519P00398000,398.0,0,0.0,0.0,,0.0,normalDay
2023-05-16,10289.0,56.0,0.0,0,410.25,0.0,1,0.79,0.23,SPY230519P00398000,398.0,0,0.0,0.0,,0.0,normalDay
2023-05-17,10289.0,72.0,0.0,0,415.23,0.0,1,0.79,0.07,SPY230519P00398000,398.0,0,0.0,0.0,,0.0,normalDay
2023-05-18,10289.0,75.0,0.0,0,419.23,0.0,1,0.79,0.04,SPY230519P00398000,398.0,0,0.0,0.0,,0.0,normalDay
2023-05-19,10368.0,0.0,79.0,0,418.62,0.0,1,0.79,0.0,SPY230519P00398000,398.0,0,0.0,0.0,,0.0,expirationDay
2023-05-22,10368.0,-3.0,0.0,0,418.79,0.0,1,0.35,0.38,SPY230602P00395000,395.0,0,0.0,0.0,,0.0,normalDay
2023-05-23,10368.0,-29.0,0.0,0,414.09,0.0,1,0.35,0.64,SPY230602P00395000,395.0,0,0.0,0.0,,0.0,normalDay
2023-05-24,10368.0,-54.0,0.0,0,411.09,0.0,1,0.35,0.89,SPY230602P00395000,395.0,0,0.0,0.0,,0.0,normalDay
2023-05-25,10368.0,-12.0,0.0,0,414.65,0.0,1,0.35,0.47,SPY230602P00395000,395.0,0,0.0,0.0,,0.0,normalDay
2023-05-26,10368.0,8.0,0.0,0,420.02,0.0,1,0.35,0.27,SPY230602P00395000,395.0,0,0.0,0.0,,0.0,normalDay
2023-05-30,10368.0,28.0,0.0,0,420.18,0.0,1,0.35,0.07,SPY230602P00395000,395.0,0,0.0,0.0,,0.0,normalDay
2023-05-31,10368.0,29.0,0.0,0,417.85,0.0,1,0.35,0.06,SPY230602P00395000,395.0,0,0.0,0.0,,0.0,normalDay
2023-06-01,10368.0,33.0,0.0,0,421.82,0.0,1,0.35,0.02,SPY230602P00395000,395.0,0,0.0,0.0,,0.0,normalDay
2023-06-02,10403.0,0.0,35.0,0,427.92,0.0,1,0.35,0.0,SPY230602P00395000,395.0,0,0.0,0.0,,0.0,expirationDay
2023-06-05,10403.0,-3.0,0.0,0,427.1,0.0,1,0.18,0.21,SPY230616P00396000,396.0,0,0.0,0.0,,0.0,normalDay
2023-06-06,10403.0,0.0,0.0,0,428.03,0.0,1,0.18,0.18,SPY230616P00396000,396.0,0,0.0,0.0,,0.0,normalDay
2023-06-07,10403.0,1.0,0.0,0,426.55,0.0,1,0.18,0.17,SPY230616P00396000,396.0,0,0.0,0.0,,0.0,normalDay
2023-06-08,10403.0,3.0,0.0,0,429.13,0.0,1,0.18,0.15,SPY230616P00396000,396.0,0,0.0,0.0,,0.0,normalDay
2023-06-09,10403.0,8.0,0.0,0,429.9,0.0,1,0.18,0.1,SPY230616P00396000,396.0,0,0.0,0.0,,0.0,normalDay
2023-06-12,10403.0,9.0,0.0,0,433.8,0.0,1,0.18,0.09,SPY230616P00396000,396.0,0,0.0,0.0,,0.0,normalDay
2023-06-13,10403.0,11.0,0.0,0,436.66,0.0,1,0.18,0.07,SPY230616P00396000,396.0,0,0.0,0.0,,0.0,normalDay
2023-06-14,10403.0,14.0,0.0,0,437.18,0.0,1,0.18,0.04,SPY230616P00396000,396.0,0,0.0,0.0,,0.0,normalDay
2023-06-15,10403.0,15.0,0.0,0,442.6,0.0,1,0.18,0.03,SPY230616P00396000,396.0,0,0.0,0.0,,0.0,normalDay
2023-06-16,10421.0,0.0,18.0,0,439.46,0.0,1,0.18,0.0,SPY230616P00396000,396.0,0,0.0,0.0,,0.0,expirationDay
2023-06-20,10421.0,-3.0,0.0,0,437.18,0.0,1,0.03,0.06,SPY230630P00390000,390.0,0,0.0,0.0,,0.0,normalDay
2023-06-21,10421.0,-2.0,0.0,0,434.94,0.0,1,0.03,0.05,SPY230630P00390000,390.0,0,0.0,0.0,,0.0,normalDay
2023-06-22,10421.0,-1.0,0.0,0,436.51,0.0,1,0.03,0.04,SPY230630P00390000,390.0,0,0.0,0.0,,0.0,normalDay
2023-06-23,10421.0,-1.0,0.0,0,433.21,0.0,1,0.03,0.04,SPY230630P00390000,390.0,0,0.0,0.0,,0.0,normalDay
2023-06-26,10421.0,-1.0,0.0,0,431.44,0.0,1,0.03,0.04,SPY230630P00390000,390.0,0,0.0,0.0,,0.0,normalDay
2023-06-27,10421.0,0.0,0.0,0,436.17,0.0,1,0.03,0.03,SPY230630P00390000,390.0,0,0.0,0.0,,0.0,normalDay
2023-06-28,10421.0,1.0,0.0,0,436.39,0.0,1,0.03,0.02,SPY230630P00390000,390.0,0,0.0,0.0,,0.0,normalDay
2023-06-29,10421.0,2.0,0.0,0,438.11,0.0,1,0.03,0.01,SPY230630P00390000,390.0,0,0.0,0.0,,0.0,normalDay
2023-06-30,10424.0,0.0,3.0,0,443.28,0.0,1,0.03,0.0,SPY230630P00390000,390.0,0,0.0,0.0,,0.0,expirationDay
2023-07-03,10424.0,-3.0,0.0,0,443.79,0.0,1,0.11,0.14,SPY230714P00414000,414.0,0,0.0,0.0,,0.0,normalDay
2023-07-05,10424.0,-2.0,0.0,0,443.13,0.0,1,0.11,0.13,SPY230714P00414000,414.0,0,0.0,0.0,,0.0,normalDay
2023-07-06,10424.0,-3.0,0.0,0,439.66,0.0,1,0.11,0.14,SPY230714P00414000,414.0,0,0.0,0.0,,0.0,normalDay
2023-07-07,10424.0,3.0,0.0,0,438.55,0.0,1,0.11,0.08,SPY230714P00414000,414.0,0,0.0,0.0,,0.0,normalDay
2023-07-10,10424.0,7.0,0.0,0,439.66,0.0,1,0.11,0.04,SPY230714P00414000,414.0,0,0.0,0.0,,0.0,normalDay
2023-07-11,10424.0,7.0,0.0,0,442.46,0.0,1,0.11,0.04,SPY230714P00414000,414.0,0,0.0,0.0,,0.0,normalDay
2023-07-12,10424.0,8.0,0.0,0,446.02,0.0,1,0.11,0.03,SPY230714P00414000,414.0,0,0.0,0.0,,0.0,normalDay
2023-07-13,10424.0,9.0,0.0,0,449.56,0.0,1,0.11,0.02,SPY230714P00414000,414.0,0,0.0,0.0,,0.0,normalDay
2023-07-14,10435.0,0.0,11.0,0,449.28,0.0,1,0.11,0.0,SPY230714P00414000,414.0,0,0.0,0.0,,0.0,expirationDay
2023-07-17,10435.0,-3.0,0.0,0,450.84,0.0,1,0.12,0.15,SPY230728P00419000,419.0,0,0.0,0.0,,0.0,normalDay
2023-07-18,10435.0,0.0,0.0,0,454.19,0.0,1,0.12,0.12,SPY230728P00419000,419.0,0,0.0,0.0,,0.0,normalDay
2023-07-19,10435.0,2.0,0.0,0,455.2,0.0,1,0.12,0.1,SPY230728P00419000,419.0,0,0.0,0.0,,0.0,normalDay
2023-07-20,10435.0,1.0,0.0,0,452.18,0.0,1,0.12,0.11,SPY230728P00419000,419.0,0,0.0,0.0,,0.0,normalDay
2023-07-21,10435.0,7.0,0.0,0,452.18,0.0,1,0.12,0.05,SPY230728P00419000,419.0,0,0.0,0.0,,0.0,normalDay
2023-07-24,10435.0,9.0,0.0,0,454.2,0.0,1,0.12,0.03,SPY230728P00419000,419.0,0,0.0,0.0,,0.0,normalDay
2023-07-25,10435.0,9.0,0.0,0,455.44,0.0,1,0.12,0.03,SPY230728P00419000,419.0,0,0.0,0.0,,0.0,normalDay
2023-07-26,10435.0,10.0,0.0,0,455.51,0.0,1,0.12,0.02,SPY230728P00419000,419.0,0,0.0,0.0,,0.0,normalDay
2023-07-27,10435.0,9.0,0.0,0,452.49,0.0,1,0.12,0.03,SPY230728P00419000,419.0,0,0.0,0.0,,0.0,normalDay
2023-07-28,10447.0,0.0,12.0,0,456.92,0.0,1,0.12,0.0,SPY230728P00419000,419.0,0,0.0,0.0,,0.0,expirationDay
2023-07-31,10447.0,-3.0,0.0,0,457.79,0.0,1,0.1,0.13,SPY230811P00424000,424.0,0,0.0,0.0,,0.0,normalDay
2023-08-01,10447.0,-2.0,0.0,0,456.48,0.0,1,0.1,0.12,SPY230811P00424000,424.0,0,0.0,0.0,,0.0,normalDay
2023-08-02,10447.0,-14.0,0.0,0,450.13,0.0,1,0.1,0.24,SPY230811P00424000,424.0,0,0.0,0.0,,0.0,normalDay
2023-08-03,10447.0,-8.0,0.0,0,448.84,0.0,1,0.1,0.18,SPY230811P00424000,424.0,0,0.0,0.0,,0.0,normalDay
2023-08-04,10447.0,-11.0,0.0,0,446.81,0.0,1,0.1,0.21,SPY230811P00424000,424.0,0,0.0,0.0,,0.0,normalDay
2023-08-07,10447.0,3.0,0.0,0,450.71,0.0,1,0.1,0.07,SPY230811P00424000,424.0,0,0.0,0.0,,0.0,normalDay
2023-08-08,10447.0,6.0,0.0,0,448.75,0.0,1,0.1,0.04,SPY230811P00424000,424.0,0,0.0,0.0,,0.0,normalDay
2023-08-09,10447.0,6.0,0.0,0,445.75,0.0,1,0.1,0.04,SPY230811P00424000,424.0,0,0.0,0.0,,0.0,normalDay
2023-08-10,10447.0,7.0,0.0,0,445.91,0.0,1,0.1,0.03,SPY230811P00424000,424.0,0,0.0,0.0,,0.0,normalDay
2023-08-11,10457.0,0.0,10.0,0,445.65,0.0,1,0.1,0.0,SPY230811P00424000,424.0,0,0.0,0.0,,0.0,expirationDay
2023-08-14,10457.0,-3.0,0.0,0,448.11,0.0,1,0.91,0.94,SPY230825P00436000,436.0,0,0.0,0.0,,0.0,normalDay
2023-08-15,10457.0,-104.0,0.0,0,442.89,0.0,1,0.91,1.95,SPY230825P00436000,436.0,0,0.0,0.0,,0.0,normalDay
2023-08-16,10457.0,-161.0,0.0,0,439.64,0.0,1,0.91,2.52,SPY230825P00436000,436.0,0,0.0,0.0,,0.0,normalDay
2023-08-17,10457.0,-296.0,0.0,0,436.29,0.0,1,0.91,3.87,SPY230825P00436000,436.0,0,0.0,0.0,,0.0,normalDay
2023-08-18,10457.0,-239.0,0.0,0,436.5,0.0,1,0.91,3.3,SPY230825P00436000,436.0,0,0.0,0.0,,0.0,normalDay
2023-08-21,10457.0,-95.0,0.0,0,439.34,0.0,1,0.91,1.86,SPY230825P00436000,436.0,0,0.0,0.0,,0.0,normalDay
2023-08-22,10457.0,-94.0,0.0,0,438.15,0.0,1,0.91,1.85,SPY230825P00436000,436.0,0,0.0,0.0,,0.0,normalDay
2023-08-23,10457.0,43.0,0.0,0,443.03,0.0,1,0.91,0.48,SPY230825P00436000,436.0,0,0.0,0.0,,0.0,normalDay
2023-08-24,10457.0,-50.0,0.0,0,436.89,0.0,1,0.91,1.41,SPY230825P00436000,436.0,0,0.0,0.0,,0.0,normalDay
2023-08-25,10548.0,0.0,91.0,0,439.97,0.0,1,0.91,0.0,SPY230825P00436000,436.0,0,0.0,0.0,,0.0,expirationDay
2023-08-28,10548.0,-3.0,0.0,0,442.76,0.0,1,0.25,0.28,SPY230908P00422000,422.0,0,0.0,0.0,,0.0,normalDay
2023-08-29,10548.0,9.0,0.0,0,449.16,0.0,1,0.25,0.16,SPY230908P00422000,422.0,0,0.0,0.0,,0.0,normalDay
2023-08-30,10548.0,13.0,0.0,0,451.01,0.0,1,0.25,0.12,SPY230908P00422000,422.0,0,0.0,0.0,,0.0,normalDay
2023-08-31,10548.0,16.0,0.0,0,450.35,0.0,1,0.25,0.09,SPY230908P00422000,422.0,0,0.0,0.0,,0.0,normalDay
2023-09-01,10548.0,20.0,0.0,0,451.19,0.0,1,0.25,0.05,SPY230908P00422000,422.0,0,0.0,0.0,,0.0,normalDay
2023-09-05,10548.0,22.0,0.0,0,449.24,0.0,1,0.25,0.03,SPY230908P00422000,422.0,0,0.0,0.0,,0.0,normalDay
2023-09-06,10548.0,22.0,0.0,0,446.22,0.0,1,0.25,0.03,SPY230908P00422000,422.0,0,0.0,0.0,,0.0,normalDay
2023-09-07,10548.0,23.0,0.0,0,444.85,0.0,1,0.25,0.02,SPY230908P00422000,422.0,0,0.0,0.0,,0.0,normalDay
2023-09-08,10573.0,0.0,25.0,0,445.52,0.0,1,0.25,0.0,SPY230908P00422000,422.0,0,0.0,0.0,,0.0,expirationDay
2023-09-11,10573.0,-3.0,0.0,0,448.45,0.0,1,0.21,0.24,SPY230922P00423000,423.0,0,0.0,0.0,,0.0,normalDay
2023-09-12,10573.0,-7.0,0.0,0,445.99,0.0,1,0.21,0.28,SPY230922P00423000,423.0,0,0.0,0.0,,0.0,normalDay
2023-09-13,10573.0,6.0,0.0,0,446.51,0.0,1,0.21,0.15,SPY230922P00423000,423.0,0,0.0,0.0,,0.0,normalDay
2023-09-14,10573.0,10.0,0.0,0,450.36,0.0,1,0.21,0.11,SPY230922P00423000,423.0,0,0.0,0.0,,0.0,normalDay
2023-09-15,10573.0,10.0,0.0,0,443.37,0.0,1,0.21,0.11,SPY230922P00423000,423.0,0,0.0,0.0,,0.0,normalDay
2023-09-18,10573.0,15.0,0.0,0,443.63,0.0,1,0.21,0.06,SPY230922P00423000,423.0,0,0.0,0.0,,0.0,normalDay
2023-09-19,10573.0,15.0,0.0,0,442.71,0.0,1,0.21,0.06,SPY230922P00423000,423.0,0,0.0,0.0,,0.0,normalDay
2023-09-20,10573.0,16.0,0.0,0,438.64,0.0,1,0.21,0.05,SPY230922P00423000,423.0,0,0.0,0.0,,0.0,normalDay
2023-09-21,10573.0,6.0,0.0,0,431.39,0.0,1,0.21,0.15,SPY230922P00423000,423.0,0,0.0,0.0,,0.0,normalDay
2023-09-22,10594.0,0.0,21.0,0,430.42,0.0,1,0.21,0.0,SPY230922P00423000,423.0,0,0.0,0.0,,0.0,expirationDay
2023-09-25,10594.0,-3.0,0.0,0,432.23,0.0,1,1.04,1.07,SPY231006P00418000,418.0,0,0.0,0.0,,0.0,normalDay
2023-09-26,10594.0,-108.0,0.0,0,425.88,0.0,1,1.04,2.12,SPY231006P00418000,418.0,0,0.0,0.0,,0.0,normalDay
2023-09-27,10594.0,-73.0,0.0,0,426.05,0.0,1,1.04,1.77,SPY231006P00418000,418.0,0,0.0,0.0,,0.0,normalDay
2023-09-28,10594.0,-6.0,0.0,0,428.52,0.0,1,1.04,1.1,SPY231006P00418000,418.0,0,0.0,0.0,,0.0,normalDay
2023-09-29,10594.0,8.0,0.0,0,427.48,0.0,1,1.04,0.96,SPY231006P00418000,418.0,0,0.0,0.0,,0.0,normalDay
2023-10-02,10594.0,48.0,0.0,0,427.31,0.0,1,1.04,0.56,SPY231006P00418000,418.0,0,0.0,0.0,,0.0,normalDay
2023-10-03,10594.0,-45.0,0.0,0,421.59,0.0,1,1.04,1.49,SPY231006P00418000,418.0,0,0.0,0.0,,0.0,normalDay
2023-10-04,10594.0,53.0,0.0,0,424.66,0.0,1,1.04,0.51,SPY231006P00418000,418.0,0,0.0,0.0,,0.0,normalDay
2023-10-05,10594.0,74.0,0.0,0,424.5,0.0,1,1.04,0.3,SPY231006P00418000,418.0,0,0.0,0.0,,0.0,normalDay
2023-10-06,10698.0,0.0,104.0,0,429.54,0.0,1,1.04,0.0,SPY231006P00418000,418.0,0,0.0,0.0,,0.0,expirationDay
2023-10-09,10698.0,-3.0,0.0,0,432.29,0.0,1,0.22,0.25,SPY231020P00399000,399.0,0,0.0,0.0,,0.0,normalDay
2023-10-10,10698.0,1.0,0.0,0,434.54,0.0,1,0.22,0.21,SPY231020P00399000,399.0,0,0.0,0.0,,0.0,normalDay
2023-10-11,10698.0,8.0,0.0,0,436.32,0.0,1,0.22,0.14,SPY231020P00399000,399.0,0,0.0,0.0,,0.0,normalDay
2023-10-12,10698.0,7.0,0.0,0,433.66,0.0,1,0.22,0.15,SPY231020P00399000,399.0,0,0.0,0.0,,0.0,normalDay
2023-10-13,10698.0,3.0,0.0,0,431.5,0.0,1,0.22,0.19,SPY231020P00399000,399.0,0,0.0,0.0,,0.0,normalDay
2023-10-16,10698.0,13.0,0.0,0,436.04,0.0,1,0.22,0.09,SPY231020P00399000,399.0,0,0.0,0.0,,0.0,normalDay
2023-10-17,10698.0,15.0,0.0,0,436.02,0.0,1,0.22,0.07,SPY231020P00399000,399.0,0,0.0,0.0,,0.0,normalDay
2023-10-18,10698.0,16.0,0.0,0,430.21,0.0,1,0.22,0.06,SPY231020P00399000,399.0,0,0.0,0.0,,0.0,normalDay
2023-10-19,10698.0,19.0,0.0,0,426.43,0.0,1,0.22,0.03,SPY231020P00399000,399.0,0,0.0,0.0,,0.0,normalDay
2023-10-20,10720.0,0.0,22.0,0,421.19,0.0,1,0.22,0.0,SPY231020P00399000,399.0,0,0.0,0.0,,0.0,expirationDay
2023-10-23,10720.0,-3.0,0.0,0,420.46,0.0,1,1.79,1.82,SPY231103P00409000,409.0,0,0.0,0.0,,0.0,normalDay
2023-10-24,10720.0,72.0,0.0,0,423.63,0.0,1,1.79,1.07,SPY231103P00409000,409.0,0,0.0,0.0,,0.0,normalDay
2023-10-25,10720.0,-25.0,0.0,0,417.55,0.0,1,1.79,2.04,SPY231103P00409000,409.0,0,0.0,0.0,,0.0,normalDay
2023-10-26,10720.0,-132.0,0.0,0,412.55,0.0,1,1.79,3.11,SPY231103P00409000,409.0,0,0.0,0.0,,0.0,normalDay
2023-10-27,10720.0,-195.0,0.0,0,410.68,0.0,1,1.79,3.74,SPY231103P00409000,409.0,0,0.0,0.0,,0.0,normalDay
2023-10-30,10720.0,31.0,0.0,0,415.59,0.0,1,1.79,1.48,SPY231103P00409000,409.0,0,0.0,0.0,,0.0,normalDay
2023-10-31,10720.0,116.0,0.0,0,418.2,0.0,1,1.79,0.63,SPY231103P00409000,409.0,0,0.0,0.0,,0.0,normalDay
2023-11-01,10720.0,171.0,0.0,0,422.66,0.0,1,1.79,0.08,SPY231103P00409000,409.0,0,0.0,0.0,,0.0,normalDay
2023-11-02,10720.0,176.0,0.0,0,430.76,0.0,1,1.79,0.03,SPY231103P00409000,409.0,0,0.0,0.0,,0.0,normalDay
2023-11-03,10899.0,0.0,179.0,0,434.69,0.0,1,1.79,0.0,SPY231103P00409000,409.0,0,0.0,0.0,,0.0,expirationDay
2023-11-06,10899.0,-3.0,0.0,0,435.69,0.0,1,0.09,0.12,SPY231117P00392000,392.0,0,0.0,0.0,,0.0,normalDay
2023-11-07,10899.0,-2.0,0.0,0,436.93,0.0,1,0.09,0.11,SPY231117P00392000,392.0,0,0.0,0.0,,0.0,normalDay
2023-11-08,10899.0,0.0,0.0,0,437.25,0.0,1,0.09,0.09,SPY231117P00392000,392.0,0,0.0,0.0,,0.0,normalDay
2023-11-09,10899.0,-1.0,0.0,0,433.84,0.0,1,0.09,0.1,SPY231117P00392000,392.0,0,0.0,0.0,,0.0,normalDay
2023-11-10,10899.0,3.0,0.0,0,440.61,0.0,1,0.09,0.06,SPY231117P00392000,392.0,0,0.0,0.0,,0.0,normalDay
2023-11-13,10899.0,5.0,0.0,0,440.19,0.0,1,0.09,0.04,SPY231117P00392000,392.0,0,0.0,0.0,,0.0,normalDay
2023-11-14,10899.0,5.0,0.0,0,448.73,0.0,1,0.09,0.04,SPY231117P00392000,392.0,0,0.0,0.0,,0.0,normalDay
2023-11-15,10899.0,7.0,0.0,0,449.68,0.0,1,0.09,0.02,SPY231117P00392000,392.0,0,0.0,0.0,,0.0,normalDay
2023-11-16,10899.0,8.0,0.0,0,450.23,0.0,1,0.09,0.01,SPY231117P00392000,392.0,0,0.0,0.0,,0.0,normalDay
2023-11-17,10908.0,0.0,9.0,0,450.79,0.0,1,0.09,0.0,SPY231117P00392000,392.0,0,0.0,0.0,,0.0,expirationDay
2023-11-20,10908.0,-3.0,0.0,0,454.26,0.0,1,0.01,0.04,SPY231201P00380000,380.0,0,0.0,0.0,,0.0,normalDay
2023-11-21,10908.0,-3.0,0.0,0,453.27,0.0,1,0.01,0.04,SPY231201P00380000,380.0,0,0.0,0.0,,0.0,normalDay
2023-11-22,10908.0,-2.0,0.0,0,455.02,0.0,1,0.01,0.03,SPY231201P00380000,380.0,0,0.0,0.0,,0.0,normalDay
2023-11-24,10908.0,-1.0,0.0,0,455.3,0.0,1,0.01,0.02,SPY231201P00380000,380.0,0,0.0,0.0,,0.0,normalDay
2023-11-27,10908.0,-1.0,0.0,0,454.48,0.0,1,0.01,0.02,SPY231201P00380000,380.0,0,0.0,0.0,,0.0,normalDay
2023-11-28,10908.0,0.0,0.0,0,454.93,0.0,1,0.01,0.01,SPY231201P00380000,380.0,0,0.0,0.0,,0.0,normalDay
2023-11-29,10908.0,0.0,0.0,0,454.61,0.0,1,0.01,0.01,SPY231201P00380000,380.0,0,0.0,0.0,,0.0,normalDay
2023-11-30,10908.0,0.0,0.0,0,456.4,0.0,1,0.01,0.01,SPY231201P00380000,380.0,0,0.0,0.0,,0.0,normalDay
