date,totalCapital,unrializedPnL,rializedPnL,stocksOwned,stocksPriceToday,stocksPriceBoughtAt,putOwned,putOwnedSoldAt,putPriceToday,putOwnedContract,putOwnedStrike,callOwned,callOwnedSoldAt,callPriceToday,callOwnedContract,callOwnedStrike,trackType
2018-11-01,0.0,-8.0,0.0,0,273.51,0.0,1,2.16,2.24,SPY181102P00275000,275.0,0,0.0,0.0,,0.0,normalDay
2018-11-02,216.0,-311.0,216.0,100,271.89,275.0,1,2.16,0.0,SPY181102P00275000,275.0,0,0.0,0.0,,0.0,expirationDay
2018-11-05,216.0,-161.0,0.0,100,273.39,275.0,0,0.0,0.0,,0.0,0,0.0,0.0,,0.0,bidTooLow
2018-11-06,216.0,9.0,0.0,100,275.12,275.0,0,0.0,0.0,,0.0,1,0.03,0.06,SPY181112C00288000,288.0,normalDay
2018-11-07,216.0,597.0,0.0,100,281.01,275.0,0,0.0,0.0,,0.0,1,0.03,0.07,SPY181112C00288000,288.0,normalDay
2018-11-08,216.0,550.0,0.0,100,280.5,275.0,0,0.0,0.0,,0.0,1,0.03,0.03,SPY181112C00288000,288.0,normalDay
2018-11-09,216.0,278.0,0.0,100,277.76,275.0,0,0.0,0.0,,0.0,1,0.03,0.01,SPY181112C00288000,288.0,normalDay
2018-11-12,219.0,-243.0,3.0,100,272.57,275.0,0,0.0,0.0,,0.0,1,0.03,0.0,SPY181112C00288000,288.0,expirationDay
2018-11-13,219.0,-294.0,0.0,100,272.06,275.0,0,0.0,0.0,,0.0,0,0.0,0.0,,0.0,bidTooLow
2018-11-14,219.0,-480.0,0.0,100,270.2,275.0,0,0.0,0.0,,0.0,0,0.0,0.0,,0.0,bidTooLow
2018-11-15,219.0,-201.0,0.0,100,273.02,275.0,0,0.0,0.0,,0.0,1,0.01,0.04,SPY181121C00287500,287.5,normalDay
2018-11-16,219.0,-127.0,0.0,100,273.73,275.0,0,0.0,0.0,,0.0,1,0.01,0.01,SPY181121C00287500,287.5,normalDay
2018-11-19,219.0,-590.0,0.0,100,269.1,275.0,0,0.0,0.0,,0.0,1,0.01,0.01,SPY181121C00287500,287.5,normalDay
2018-11-20,219.0,-1088.0,0.0,100,264.12,275.0,0,0.0,0.0,,0.0,1,0.01,0.01,SPY181121C00287500,287.5,normalDay
2018-11-21,220.0,-998.0,1.0,100,265.02,275.0,0,0.0,0.0,,0.0,1,0.01,0.0,SPY181121C00287500,287.5,expirationDay
2018-11-23,220.0,-1175.0,0.0,100,263.25,275.0,0,0.0,0.0,,0.0,0,0.0,0.0,,0.0,bidTooLow
2018-11-26,220.0,-750.0,0.0,100,267.5,275.0,0,0.0,0.0,,0.0,0,0.0,0.0,,0.0,bidTooLow
2018-11-27,220.0,-660.0,0.0,100,268.4,275.0,0,0.0,0.0,,0.0,0,0.0,0.0,,0.0,bidTooLow
2018-11-28,220.0,-46.0,0.0,100,274.58,275.0,0,0.0,0.0,,0.0,1,0.04,0.08,SPY181203C00287000,287.0,normalDay
2018-11-29,220.0,-103.0,0.0,100,273.98,275.0,0,0.0,0.0,,0.0,1,0.04,0.05,SPY181203C00287000,287.0,normalDay
2018-11-30,220.0,65.0,0.0,100,275.65,275.0,0,0.0,0.0,,0.0,1,0.04,0.04,SPY181203C00287000,287.0,normalDay
2018-12-03,224.0,430.0,4.0,100,279.3,275.0,0,0.0,0.0,,0.0,1,0.04,0.0,SPY181203C00287000,287.0,expirationDay
2018-12-04,224.0,-475.0,0.0,100,270.25,275.0,0,0.0,0.0,,0.0,0,0.0,0.0,,0.0,bidTooLow
2018-12-06,224.0,-516.0,0.0,100,269.84,275.0,0,0.0,0.0,,0.0,0,0.0,0.0,,0.0,bidTooLow
2018-12-07,224.0,-1143.0,0.0,100,263.57,275.0,0,0.0,0.0,,0.0,0,0.0,0.0,,0.0,bidTooLow
2018-12-10,224.0,-1093.0,0.0,100,264.07,275.0,0,0.0,0.0,,0.0,0,0.0,0.0,,0.0,bidTooLow
2018-12-11,224.0,-1087.0,0.0,100,264.13,275.0,0,0.0,0.0,,0.0,0,0.0,0.0,,0.0,bidTooLow
2018-12-12,224.0,-954.0,0.0,100,265.46,275.0,0,0.0,0.0,,0.0,0,0.0,0.0,,0.0,bidTooLow
2018-12-13,224.0,-963.0,0.0,100,265.37,275.0,0,0.0,0.0,,0.0,0,0.0,0.0,,0.0,bidTooLow
2018-12-14,224.0,-1453.0,0.0,100,260.47,275.0,0,0.0,0.0,,0.0,0,0.0,0.0,,0.0,bidTooLow
2018-12-17,224.0,-1964.0,0.0,100,255.36,275.0,0,0.0,0.0,,0.0,0,0.0,0.0,,0.0,bidTooLow
2018-12-18,224.0,-1992.0,0.0,100,255.08,275.0,0,0.0,0.0,,0.0,0,0.0,0.0,,0.0,bidTooLow
2018-12-19,224.0,-2374.0,0.0,100,251.26,275.0,0,0.0,0.0,,0.0,0,0.0,0.0,,0.0,bidTooLow
2018-12-20,224.0,-2783.0,0.0,100,247.17,275.0,0,0.0,0.0,,0.0,0,0.0,0.0,,0.0,bidTooLow
2018-12-21,224.0,-3430.0,0.0,100,240.7,275.0,0,0.0,0.0,,0.0,0,0.0,0.0,,0.0,bidTooLow
2018-12-24,224.0,-4066.0,0.0,100,234.34,275.0,0,0.0,0.0,,0.0,0,0.0,0.0,,0.0,bidTooLow
2018-12-26,224.0,-2882.0,0.0,100,246.18,275.0,0,0.0,0.0,,0.0,0,0.0,0.0,,0.0,bidTooLow
2018-12-27,224.0,-2693.0,0.0,100,248.07,275.0,0,0.0,0.0,,0.0,0,0.0,0.0,,0.0,bidTooLow
2018-12-28,224.0,-2725.0,0.0,100,247.75,275.0,0,0.0,0.0,,0.0,0,0.0,0.0,,0.0,bidTooLow
2018-12-31,224.0,-2508.0,0.0,100,249.92,275.0,0,0.0,0.0,,0.0,0,0.0,0.0,,0.0,bidTooLow
2019-01-02,224.0,-2482.0,0.0,100,250.18,275.0,0,0.0,0.0,,0.0,0,0.0,0.0,,0.0,bidTooLow
2019-01-03,224.0,-3079.0,0.0,100,244.21,275.0,0,0.0,0.0,,0.0,0,0.0,0.0,,0.0,bidTooLow
2019-01-04,224.0,-2261.0,0.0,100,252.39,275.0,0,0.0,0.0,,0.0,0,0.0,0.0,,0.0,bidTooLow
2019-01-07,224.0,-2062.0,0.0,100,254.38,275.0,0,0.0,0.0,,0.0,0,0.0,0.0,,0.0,bidTooLow
2019-01-08,224.0,-1823.0,0.0,100,256.77,275.0,0,0.0,0.0,,0.0,0,0.0,0.0,,0.0,bidTooLow
2019-01-09,224.0,-1703.0,0.0,100,257.97,275.0,0,0.0,0.0,,0.0,0,0.0,0.0,,0.0,bidTooLow
2019-01-10,224.0,-1612.0,0.0,100,258.88,275.0,0,0.0,0.0,,0.0,0,0.0,0.0,,0.0,bidTooLow
2019-01-11,224.0,-1602.0,0.0,100,258.98,275.0,0,0.0,0.0,,0.0,0,0.0,0.0,,0.0,bidTooLow
2019-01-14,224.0,-1760.0,0.0,100,257.4,275.0,0,0.0,0.0,,0.0,0,0.0,0.0,,0.0,bidTooLow
2019-01-15,224.0,-1465.0,0.0,100,260.35,275.0,0,0.0,0.0,,0.0,0,0.0,0.0,,0.0,bidTooLow
2019-01-16,224.0,-1402.0,0.0,100,260.98,275.0,0,0.0,0.0,,0.0,0,0.0,0.0,,0.0,bidTooLow
2019-01-17,224.0,-1204.0,0.0,100,262.96,275.0,0,0.0,0.0,,0.0,0,0.0,0.0,,0.0,bidTooLow
2019-01-18,224.0,-854.0,0.0,100,266.46,275.0,0,0.0,0.0,,0.0,0,0.0,0.0,,0.0,bidTooLow
2019-01-22,224.0,-1214.0,0.0,100,262.86,275.0,0,0.0,0.0,,0.0,0,0.0,0.0,,0.0,bidTooLow
2019-01-23,224.0,-1159.0,0.0,100,263.41,275.0,0,0.0,0.0,,0.0,0,0.0,0.0,,0.0,bidTooLow
2019-01-24,224.0,-1145.0,0.0,100,263.55,275.0,0,0.0,0.0,,0.0,0,0.0,0.0,,0.0,bidTooLow
2019-01-25,224.0,-922.0,0.0,100,265.78,275.0,0,0.0,0.0,,0.0,0,0.0,0.0,,0.0,bidTooLow
2019-01-28,224.0,-1124.0,0.0,100,263.76,275.0,0,0.0,0.0,,0.0,0,0.0,0.0,,0.0,bidTooLow
2019-01-29,224.0,-1159.0,0.0,100,263.41,275.0,0,0.0,0.0,,0.0,0,0.0,0.0,,0.0,bidTooLow
2019-01-30,224.0,-742.0,0.0,100,267.58,275.0,0,0.0,0.0,,0.0,0,0.0,0.0,,0.0,bidTooLow
2019-01-31,224.0,-510.0,0.0,100,269.93,275.0,0,0.0,0.0,,0.0,1,0.03,0.06,SPY190206C00279000,279.0,normalDay
2019-02-01,224.0,-493.0,0.0,100,270.06,275.0,0,0.0,0.0,,0.0,1,0.03,0.02,SPY190206C00279000,279.0,normalDay
2019-02-04,224.0,-302.0,0.0,100,271.96,275.0,0,0.0,0.0,,0.0,1,0.03,0.01,SPY190206C00279000,279.0,normalDay
2019-02-05,224.0,-188.0,0.0,100,273.1,275.0,0,0.0,0.0,,0.0,1,0.03,0.01,SPY190206C00279000,279.0,normalDay
2019-02-06,227.0,-226.0,3.0,100,272.74,275.0,0,0.0,0.0,,0.0,1,0.03,0.0,SPY190206C00279000,279.0,expirationDay
2019-02-07,227.0,-486.0,0.0,100,270.14,275.0,0,0.0,0.0,,0.0,0,0.0,0.0,,0.0,bidTooLow
2019-02-08,227.0,-453.0,0.0,100,270.47,275.0,0,0.0,0.0,,0.0,0,0.0,0.0,,0.0,bidTooLow
2019-02-11,227.0,-438.0,0.0,100,270.62,275.0,0,0.0,0.0,,0.0,0,0.0,0.0,,0.0,bidTooLow
2019-02-12,227.0,-90.0,0.0,100,274.1,275.0,0,0.0,0.0,,0.0,0,0.0,0.0,,0.0,bidTooLow
2019-02-13,227.0,-4.0,0.0,100,274.99,275.0,0,0.0,0.0,,0.0,1,0.01,0.04,SPY190219C00282000,282.0,normalDay
2019-02-14,227.0,-63.0,0.0,100,274.38,275.0,0,0.0,0.0,,0.0,1,0.01,0.02,SPY190219C00282000,282.0,normalDay
2019-02-15,227.0,237.0,0.0,100,277.37,275.0,0,0.0,0.0,,0.0,1,0.01,0.01,SPY190219C00282000,282.0,normalDay
2019-02-19,228.0,285.0,1.0,100,277.85,275.0,0,0.0,0.0,,0.0,1,0.01,0.0,SPY190219C00282000,282.0,expirationDay
2019-02-20,228.0,341.0,0.0,100,278.41,275.0,0,0.0,0.0,,0.0,0,0.0,0.0,,0.0,bidTooLow
2019-02-21,228.0,242.0,0.0,100,277.42,275.0,0,0.0,0.0,,0.0,0,0.0,0.0,,0.0,bidTooLow
2019-02-22,228.0,414.0,0.0,100,279.14,275.0,0,0.0,0.0,,0.0,0,0.0,0.0,,0.0,bidTooLow
2019-02-25,228.0,452.0,0.0,100,279.52,275.0,0,0.0,0.0,,0.0,0,0.0,0.0,,0.0,bidTooLow
2019-02-26,228.0,432.0,0.0,100,279.32,275.0,0,0.0,0.0,,0.0,0,0.0,0.0,,0.0,bidTooLow
2019-02-27,228.0,420.0,0.0,100,279.2,275.0,0,0.0,0.0,,0.0,0,0.0,0.0,,0.0,bidTooLow
2019-02-28,228.0,368.0,0.0,100,278.68,275.0,0,0.0,0.0,,0.0,0,0.0,0.0,,0.0,bidTooLow
2019-03-01,228.0,542.0,0.0,100,280.42,275.0,0,0.0,0.0,,0.0,0,0.0,0.0,,0.0,bidTooLow
2019-03-04,228.0,440.0,0.0,100,279.4,275.0,0,0.0,0.0,,0.0,0,0.0,0.0,,0.0,bidTooLow
2019-03-05,228.0,402.0,0.0,100,279.02,275.0,0,0.0,0.0,,0.0,0,0.0,0.0,,0.0,bidTooLow
2019-03-06,228.0,233.0,0.0,100,277.33,275.0,0,0.0,0.0,,0.0,0,0.0,0.0,,0.0,bidTooLow
2019-03-07,228.0,1.0,0.0,100,275.01,275.0,0,0.0,0.0,,0.0,0,0.0,0.0,,0.0,bidTooLow
2019-03-08,228.0,-54.0,0.0,100,274.46,275.0,0,0.0,0.0,,0.0,0,0.0,0.0,,0.0,bidTooLow
2019-03-11,228.0,341.0,0.0,100,278.44,275.0,0,0.0,0.0,,0.0,1,0.01,0.04,SPY190315C00285000,285.0,normalDay
2019-03-12,228.0,446.0,0.0,100,279.49,275.0,0,0.0,0.0,,0.0,1,0.01,0.04,SPY190315C00285000,285.0,normalDay
2019-03-13,228.0,628.0,0.0,100,281.34,275.0,0,0.0,0.0,,0.0,1,0.01,0.07,SPY190315C00285000,285.0,normalDay
2019-03-14,228.0,615.0,0.0,100,281.16,275.0,0,0.0,0.0,,0.0,1,0.01,0.02,SPY190315C00285000,285.0,normalDay
2019-03-15,229.0,631.0,1.0,100,281.31,275.0,0,0.0,0.0,,0.0,1,0.01,0.0,SPY190315C00285000,285.0,expirationDay
2019-03-18,229.0,730.0,0.0,100,282.33,275.0,0,0.0,0.0,,0.0,1,0.38,0.41,SPY190322C00285000,285.0,normalDay
2019-03-19,229.0,742.0,0.0,100,282.4,275.0,0,0.0,0.0,,0.0,1,0.38,0.36,SPY190322C00285000,285.0,normalDay
2019-03-20,229.0,683.0,0.0,100,281.55,275.0,0,0.0,0.0,,0.0,1,0.38,0.1,SPY190322C00285000,285.0,normalDay
2019-03-21,229.0,957.0,0.0,100,284.73,275.0,0,0.0,0.0,,0.0,1,0.38,0.54,SPY190322C00285000,285.0,normalDay
2019-03-22,267.0,425.0,38.0,100,279.25,275.0,0,0.0,0.0,,0.0,1,0.38,0.0,SPY190322C00285000,285.0,expirationDay
2019-03-25,267.0,401.0,0.0,100,279.04,275.0,0,0.0,0.0,,0.0,1,0.03,0.06,SPY190329C00287000,287.0,normalDay
2019-03-26,267.0,610.0,0.0,100,281.12,275.0,0,0.0,0.0,,0.0,1,0.03,0.05,SPY190329C00287000,287.0,normalDay
2019-03-27,267.0,466.0,0.0,100,279.65,275.0,0,0.0,0.0,,0.0,1,0.03,0.02,SPY190329C00287000,287.0,normalDay
2019-03-28,267.0,573.0,0.0,100,280.71,275.0,0,0.0,0.0,,0.0,1,0.03,0.01,SPY190329C00287000,287.0,normalDay
2019-03-29,270.0,748.0,3.0,100,282.48,275.0,0,0.0,0.0,,0.0,1,0.03,0.0,SPY190329C00287000,287.0,expirationDay
2019-04-01,270.0,1080.0,0.0,100,285.83,275.0,0,0.0,0.0,,0.0,1,0.19,0.22,SPY190405C00289000,289.0,normalDay
2019-04-02,270.0,1099.0,0.0,100,285.97,275.0,0,0.0,0.0,,0.0,1,0.19,0.17,SPY190405C00289000,289.0,normalDay
2019-04-03,270.0,1135.0,0.0,100,286.42,275.0,0,0.0,0.0,,0.0,1,0.19,0.26,SPY190405C00289000,289.0,normalDay
2019-04-04,270.0,1218.0,0.0,100,287.18,275.0,0,0.0,0.0,,0.0,1,0.19,0.19,SPY190405C00289000,289.0,normalDay
2019-04-05,289.0,1357.0,19.0,100,288.57,275.0,0,0.0,0.0,,0.0,1,0.19,0.0,SPY190405C00289000,289.0,expirationDay
2019-04-08,289.0,1376.0,0.0,100,288.79,275.0,0,0.0,0.0,,0.0,1,0.06,0.09,SPY190412C00293000,293.0,normalDay
2019-04-09,289.0,1234.0,0.0,100,287.31,275.0,0,0.0,0.0,,0.0,1,0.06,0.03,SPY190412C00293000,293.0,normalDay
2019-04-10,289.0,1333.0,0.0,100,288.29,275.0,0,0.0,0.0,,0.0,1,0.06,0.02,SPY190412C00293000,293.0,normalDay
2019-04-11,289.0,1326.0,0.0,100,288.21,275.0,0,0.0,0.0,,0.0,1,0.06,0.01,SPY190412C00293000,293.0,normalDay
2019-04-12,295.0,1516.0,6.0,100,290.16,275.0,0,0.0,0.0,,0.0,1,0.06,0.0,SPY190412C00293000,293.0,expirationDay
2019-04-15,295.0,1497.0,0.0,100,289.97,275.0,0,0.0,0.0,,0.0,0,0.0,0.0,,0.0,bidTooLow
2019-04-16,295.0,1516.0,0.0,100,290.16,275.0,0,0.0,0.0,,0.0,0,0.0,0.0,,0.0,bidTooLow
2019-04-17,295.0,1445.0,0.0,100,289.45,275.0,0,0.0,0.0,,0.0,0,0.0,0.0,,0.0,bidTooLow
2019-04-18,295.0,1502.0,0.0,100,290.02,275.0,0,0.0,0.0,,0.0,0,0.0,0.0,,0.0,bidTooLow
2019-04-22,295.0,1527.0,0.0,100,290.27,275.0,0,0.0,0.0,,0.0,0,0.0,0.0,,0.0,bidTooLow
2019-04-23,295.0,1788.0,0.0,100,292.88,275.0,0,0.0,0.0,,0.0,0,0.0,0.0,,0.0,bidTooLow
2019-04-24,295.0,1723.0,0.0,100,292.23,275.0,0,0.0,0.0,,0.0,0,0.0,0.0,,0.0,bidTooLow
2019-04-25,295.0,1702.0,0.0,100,292.05,275.0,0,0.0,0.0,,0.0,1,0.02,0.05,SPY190501C00298000,298.0,normalDay
2019-04-26,295.0,1837.0,0.0,100,293.41,275.0,0,0.0,0.0,,0.0,1,0.02,0.06,SPY190501C00298000,298.0,normalDay
2019-04-29,295.0,1886.0,0.0,100,293.87,275.0,0,0.0,0.0,,0.0,1,0.02,0.03,SPY190501C00298000,298.0,normalDay
2019-04-30,295.0,1903.0,0.0,100,294.02,275.0,0,0.0,0.0,,0.0,1,0.02,0.01,SPY190501C00298000,298.0,normalDay
2019-05-01,297.0,1681.0,2.0,100,291.81,275.0,0,0.0,0.0,,0.0,1,0.02,0.0,SPY190501C00298000,298.0,expirationDay
2019-05-02,297.0,1615.0,0.0,100,291.18,275.0,0,0.0,0.0,,0.0,1,0.02,0.05,SPY190508C00297000,297.0,normalDay
2019-05-03,297.0,1890.0,0.0,100,294.03,275.0,0,0.0,0.0,,0.0,1,0.02,0.15,SPY190508C00297000,297.0,normalDay
2019-05-06,297.0,1780.0,0.0,100,292.82,275.0,0,0.0,0.0,,0.0,1,0.02,0.04,SPY190508C00297000,297.0,normalDay
2019-05-07,297.0,1294.0,0.0,100,287.93,275.0,0,0.0,0.0,,0.0,1,0.02,0.01,SPY190508C00297000,297.0,normalDay
2019-05-08,299.0,1253.0,2.0,100,287.53,275.0,0,0.0,0.0,,0.0,1,0.02,0.0,SPY190508C00297000,297.0,expirationDay
2019-05-09,299.0,1163.0,0.0,100,286.66,275.0,0,0.0,0.0,,0.0,1,0.03,0.06,SPY190515C00298000,298.0,normalDay
2019-05-10,299.0,1311.0,0.0,100,288.1,275.0,0,0.0,0.0,,0.0,1,0.03,0.02,SPY190515C00298000,298.0,normalDay
2019-05-13,299.0,588.0,0.0,100,280.86,275.0,0,0.0,0.0,,0.0,1,0.03,0.01,SPY190515C00298000,298.0,normalDay
2019-05-14,299.0,842.0,0.0,100,283.4,275.0,0,0.0,0.0,,0.0,1,0.03,0.01,SPY190515C00298000,298.0,normalDay
2019-05-15,302.0,1006.0,3.0,100,285.06,275.0,0,0.0,0.0,,0.0,1,0.03,0.0,SPY190515C00298000,298.0,expirationDay
2019-05-16,302.0,1270.0,0.0,100,287.7,275.0,0,0.0,0.0,,0.0,0,0.0,0.0,,0.0,bidTooLow
2019-05-17,302.0,1084.0,0.0,100,285.84,275.0,0,0.0,0.0,,0.0,0,0.0,0.0,,0.0,bidTooLow
2019-05-20,302.0,895.0,0.0,100,283.95,275.0,0,0.0,0.0,,0.0,0,0.0,0.0,,0.0,bidTooLow
2019-05-21,302.0,1151.0,0.0,100,286.51,275.0,0,0.0,0.0,,0.0,0,0.0,0.0,,0.0,bidTooLow
2019-05-22,302.0,1063.0,0.0,100,285.63,275.0,0,0.0,0.0,,0.0,0,0.0,0.0,,0.0,bidTooLow
2019-05-23,302.0,714.0,0.0,100,282.14,275.0,0,0.0,0.0,,0.0,0,0.0,0.0,,0.0,bidTooLow
2019-05-24,302.0,778.0,0.0,100,282.78,275.0,0,0.0,0.0,,0.0,0,0.0,0.0,,0.0,bidTooLow
2019-05-28,302.0,515.0,0.0,100,280.15,275.0,0,0.0,0.0,,0.0,0,0.0,0.0,,0.0,bidTooLow
2019-05-29,302.0,327.0,0.0,100,278.27,275.0,0,0.0,0.0,,0.0,0,0.0,0.0,,0.0,bidTooLow
2019-05-30,302.0,403.0,0.0,100,279.03,275.0,0,0.0,0.0,,0.0,0,0.0,0.0,,0.0,bidTooLow
2019-05-31,302.0,27.0,0.0,100,275.27,275.0,0,0.0,0.0,,0.0,0,0.0,0.0,,0.0,bidTooLow
2019-06-03,302.0,-43.0,0.0,100,274.57,275.0,0,0.0,0.0,,0.0,0,0.0,0.0,,0.0,bidTooLow
2019-06-04,302.0,553.0,0.0,100,280.53,275.0,0,0.0,0.0,,0.0,0,0.0,0.0,,0.0,bidTooLow
2019-06-05,302.0,796.0,0.0,100,282.96,275.0,0,0.0,0.0,,0.0,0,0.0,0.0,,0.0,bidTooLow
2019-06-06,302.0,977.0,0.0,100,284.8,275.0,0,0.0,0.0,,0.0,1,0.01,0.04,SPY190612C00295000,295.0,normalDay
2019-06-07,302.0,1261.0,0.0,100,287.65,275.0,0,0.0,0.0,,0.0,1,0.01,0.05,SPY190612C00295000,295.0,normalDay
2019-06-10,302.0,1396.0,0.0,100,288.97,275.0,0,0.0,0.0,,0.0,1,0.01,0.02,SPY190612C00295000,295.0,normalDay
2019-06-11,302.0,1390.0,0.0,100,288.9,275.0,0,0.0,0.0,,0.0,1,0.01,0.01,SPY190612C00295000,295.0,normalDay
2019-06-12,303.0,1339.0,1.0,100,288.39,275.0,0,0.0,0.0,,0.0,1,0.01,0.0,SPY190612C00295000,295.0,expirationDay
2019-06-13,303.0,1455.0,0.0,100,289.58,275.0,0,0.0,0.0,,0.0,1,0.03,0.06,SPY190619C00298000,298.0,normalDay
2019-06-14,303.0,1427.0,0.0,100,289.26,275.0,0,0.0,0.0,,0.0,1,0.03,0.02,SPY190619C00298000,298.0,normalDay
2019-06-17,303.0,1439.0,0.0,100,289.37,275.0,0,0.0,0.0,,0.0,1,0.03,0.01,SPY190619C00298000,298.0,normalDay
2019-06-18,303.0,1741.0,0.0,100,292.4,275.0,0,0.0,0.0,,0.0,1,0.03,0.02,SPY190619C00298000,298.0,normalDay
2019-06-19,306.0,1806.0,3.0,100,293.06,275.0,0,0.0,0.0,,0.0,1,0.03,0.0,SPY190619C00298000,298.0,expirationDay
2019-06-20,306.0,2083.0,0.0,100,295.86,275.0,0,0.0,0.0,,0.0,1,0.04,0.07,SPY190626C00304000,304.0,normalDay
2019-06-21,306.0,1903.0,0.0,100,294.0,275.0,0,0.0,0.0,,0.0,1,0.04,0.01,SPY190626C00304000,304.0,normalDay
2019-06-24,306.0,1867.0,0.0,100,293.64,275.0,0,0.0,0.0,,0.0,1,0.04,0.01,SPY190626C00304000,304.0,normalDay
2019-06-25,306.0,1579.0,0.0,100,290.76,275.0,0,0.0,0.0,,0.0,1,0.04,0.01,SPY190626C00304000,304.0,normalDay
2019-06-26,310.0,1547.0,4.0,100,290.47,275.0,0,0.0,0.0,,0.0,1,0.04,0.0,SPY190626C00304000,304.0,expirationDay
2019-06-27,310.0,1650.0,0.0,100,291.5,275.0,0,0.0,0.0,,0.0,0,0.0,0.0,,0.0,bidTooLow
2019-06-28,310.0,1800.0,0.0,100,293.0,275.0,0,0.0,0.0,,0.0,0,0.0,0.0,,0.0,bidTooLow
2019-07-01,310.0,2066.0,0.0,100,295.66,275.0,0,0.0,0.0,,0.0,0,0.0,0.0,,0.0,bidTooLow
2019-07-02,310.0,2140.0,0.0,100,296.43,275.0,0,0.0,0.0,,0.0,1,0.01,0.04,SPY190708C00302000,302.0,normalDay
2019-07-03,310.0,2366.0,0.0,100,298.8,275.0,0,0.0,0.0,,0.0,1,0.01,0.15,SPY190708C00302000,302.0,normalDay
2019-07-05,310.0,2345.0,0.0,100,298.46,275.0,0,0.0,0.0,,0.0,1,0.01,0.02,SPY190708C00302000,302.0,normalDay
2019-07-08,311.0,2182.0,1.0,100,296.82,275.0,0,0.0,0.0,,0.0,1,0.01,0.0,SPY190708C00302000,302.0,expirationDay
2019-07-09,311.0,2219.0,0.0,100,297.19,275.0,0,0.0,0.0,,0.0,0,0.0,0.0,,0.0,bidTooLow
2019-07-10,311.0,2361.0,0.0,100,298.61,275.0,0,0.0,0.0,,0.0,0,0.0,0.0,,0.0,bidTooLow
2019-07-11,311.0,2431.0,0.0,100,299.31,275.0,0,0.0,0.0,,0.0,0,0.0,0.0,,0.0,bidTooLow
2019-07-12,311.0,2565.0,0.0,100,300.65,275.0,0,0.0,0.0,,0.0,0,0.0,0.0,,0.0,bidTooLow
2019-07-15,311.0,2575.0,0.0,100,300.75,275.0,0,0.0,0.0,,0.0,0,0.0,0.0,,0.0,bidTooLow
2019-07-16,311.0,2478.0,0.0,100,299.78,275.0,0,0.0,0.0,,0.0,0,0.0,0.0,,0.0,bidTooLow
2019-07-17,311.0,2274.0,0.0,100,297.74,275.0,0,0.0,0.0,,0.0,0,0.0,0.0,,0.0,bidTooLow
2019-07-18,311.0,2383.0,0.0,100,298.83,275.0,0,0.0,0.0,,0.0,0,0.0,0.0,,0.0,bidTooLow
2019-07-19,311.0,2217.0,0.0,100,297.17,275.0,0,0.0,0.0,,0.0,0,0.0,0.0,,0.0,bidTooLow
2019-07-22,311.0,2290.0,0.0,100,297.9,275.0,0,0.0,0.0,,0.0,0,0.0,0.0,,0.0,bidTooLow
2019-07-23,311.0,2503.0,0.0,100,300.03,275.0,0,0.0,0.0,,0.0,0,0.0,0.0,,0.0,bidTooLow
2019-07-24,311.0,2644.0,0.0,100,301.44,275.0,0,0.0,0.0,,0.0,0,0.0,0.0,,0.0,bidTooLow
2019-07-25,311.0,2497.0,0.0,100,300.0,275.0,0,0.0,0.0,,0.0,1,0.03,0.06,SPY190731C00306000,306.0,normalDay
2019-07-26,311.0,2691.0,0.0,100,302.01,275.0,0,0.0,0.0,,0.0,1,0.03,0.13,SPY190731C00306000,306.0,normalDay
2019-07-29,311.0,2644.0,0.0,100,301.46,275.0,0,0.0,0.0,,0.0,1,0.03,0.05,SPY190731C00306000,306.0,normalDay
2019-07-30,311.0,2573.0,0.0,100,300.72,275.0,0,0.0,0.0,,0.0,1,0.03,0.02,SPY190731C00306000,306.0,normalDay
2019-07-31,314.0,2243.0,3.0,100,297.43,275.0,0,0.0,0.0,,0.0,1,0.03,0.0,SPY190731C00306000,306.0,expirationDay
2019-08-01,314.0,1984.0,0.0,100,294.84,275.0,0,0.0,0.0,,0.0,0,0.0,0.0,,0.0,bidTooLow
2019-08-02,314.0,1762.0,0.0,100,292.62,275.0,0,0.0,0.0,,0.0,0,0.0,0.0,,0.0,bidTooLow
2019-08-05,314.0,882.0,0.0,100,283.82,275.0,0,0.0,0.0,,0.0,0,0.0,0.0,,0.0,bidTooLow
2019-08-06,314.0,1280.0,0.0,100,287.8,275.0,0,0.0,0.0,,0.0,0,0.0,0.0,,0.0,bidTooLow
2019-08-07,314.0,1297.0,0.0,100,287.97,275.0,0,0.0,0.0,,0.0,0,0.0,0.0,,0.0,bidTooLow
2019-08-08,314.0,1862.0,0.0,100,293.62,275.0,0,0.0,0.0,,0.0,0,0.0,0.0,,0.0,bidTooLow
2019-08-09,314.0,1662.0,0.0,100,291.62,275.0,0,0.0,0.0,,0.0,0,0.0,0.0,,0.0,bidTooLow
2019-08-12,314.0,1307.0,0.0,100,288.07,275.0,0,0.0,0.0,,0.0,0,0.0,0.0,,0.0,bidTooLow
2019-08-13,314.0,1755.0,0.0,100,292.55,275.0,0,0.0,0.0,,0.0,0,0.0,0.0,,0.0,bidTooLow
2019-08-14,314.0,890.0,0.0,100,283.9,275.0,0,0.0,0.0,,0.0,0,0.0,0.0,,0.0,bidTooLow
2019-08-15,314.0,965.0,0.0,100,284.65,275.0,0,0.0,0.0,,0.0,0,0.0,0.0,,0.0,bidTooLow
2019-08-16,314.0,1385.0,0.0,100,288.85,275.0,0,0.0,0.0,,0.0,0,0.0,0.0,,0.0,bidTooLow
2019-08-19,314.0,1733.0,0.0,100,292.33,275.0,0,0.0,0.0,,0.0,0,0.0,0.0,,0.0,bidTooLow
2019-08-20,314.0,1509.0,0.0,100,290.09,275.0,0,0.0,0.0,,0.0,0,0.0,0.0,,0.0,bidTooLow
2019-08-21,314.0,1745.0,0.0,100,292.45,275.0,0,0.0,0.0,,0.0,0,0.0,0.0,,0.0,bidTooLow
2019-08-22,314.0,1736.0,0.0,100,292.36,275.0,0,0.0,0.0,,0.0,0,0.0,0.0,,0.0,bidTooLow
2019-08-23,314.0,985.0,0.0,100,284.85,275.0,0,0.0,0.0,,0.0,0,0.0,0.0,,0.0,bidTooLow
2019-08-26,314.0,1300.0,0.0,100,288.0,275.0,0,0.0,0.0,,0.0,0,0.0,0.0,,0.0,bidTooLow
2019-08-27,314.0,1187.0,0.0,100,286.87,275.0,0,0.0,0.0,,0.0,0,0.0,0.0,,0.0,bidTooLow
2019-08-28,314.0,1389.0,0.0,100,288.89,275.0,0,0.0,0.0,,0.0,0,0.0,0.0,,0.0,bidTooLow
2019-08-29,314.0,1755.0,0.0,100,292.58,275.0,0,0.0,0.0,,0.0,1,0.05,0.08,SPY190904C00300000,300.0,normalDay
2019-08-30,314.0,1744.0,0.0,100,292.45,275.0,0,0.0,0.0,,0.0,1,0.05,0.06,SPY190904C00300000,300.0,normalDay
2019-09-03,314.0,1578.0,0.0,100,290.74,275.0,0,0.0,0.0,,0.0,1,0.05,0.01,SPY190904C00300000,300.0,normalDay
2019-09-04,319.0,1904.0,5.0,100,294.04,275.0,0,0.0,0.0,,0.0,1,0.05,0.0,SPY190904C00300000,300.0,expirationDay
2019-09-05,319.0,2279.0,0.0,100,297.82,275.0,0,0.0,0.0,,0.0,1,0.23,0.26,SPY190911C00302000,302.0,normalDay
2019-09-06,319.0,2313.0,0.0,100,298.05,275.0,0,0.0,0.0,,0.0,1,0.23,0.15,SPY190911C00302000,302.0,normalDay
2019-09-09,319.0,2339.0,0.0,100,298.2,275.0,0,0.0,0.0,,0.0,1,0.23,0.04,SPY190911C00302000,302.0,normalDay
2019-09-10,319.0,2334.0,0.0,100,298.13,275.0,0,0.0,0.0,,0.0,1,0.23,0.02,SPY190911C00302000,302.0,normalDay
2019-09-11,342.0,2525.0,23.0,100,300.25,275.0,0,0.0,0.0,,0.0,1,0.23,0.0,SPY190911C00302000,302.0,expirationDay
2019-09-12,342.0,2626.0,0.0,100,301.29,275.0,0,0.0,0.0,,0.0,1,0.03,0.06,SPY190918C00309000,309.0,normalDay
2019-09-13,342.0,2609.0,0.0,100,301.09,275.0,0,0.0,0.0,,0.0,1,0.03,0.03,SPY190918C00309000,309.0,normalDay
2019-09-16,342.0,2518.0,0.0,100,300.16,275.0,0,0.0,0.0,,0.0,1,0.03,0.01,SPY190918C00309000,309.0,normalDay
2019-09-17,342.0,2594.0,0.0,100,300.92,275.0,0,0.0,0.0,,0.0,1,0.03,0.01,SPY190918C00309000,309.0,normalDay
2019-09-18,345.0,2610.0,3.0,100,301.1,275.0,0,0.0,0.0,,0.0,1,0.03,0.0,SPY190918C00309000,309.0,expirationDay
2019-09-19,345.0,2608.0,0.0,100,301.08,275.0,0,0.0,0.0,,0.0,0,0.0,0.0,,0.0,bidTooLow
2019-09-20,345.0,2328.0,0.0,100,298.28,275.0,0,0.0,0.0,,0.0,0,0.0,0.0,,0.0,bidTooLow
2019-09-23,345.0,2321.0,0.0,100,298.21,275.0,0,0.0,0.0,,0.0,0,0.0,0.0,,0.0,bidTooLow
2019-09-24,345.0,2087.0,0.0,100,295.87,275.0,0,0.0,0.0,,0.0,0,0.0,0.0,,0.0,bidTooLow
2019-09-25,345.0,2262.0,0.0,100,297.62,275.0,0,0.0,0.0,,0.0,0,0.0,0.0,,0.0,bidTooLow
2019-09-26,345.0,2200.0,0.0,100,297.0,275.0,0,0.0,0.0,,0.0,0,0.0,0.0,,0.0,bidTooLow
2019-09-27,345.0,2040.0,0.0,100,295.4,275.0,0,0.0,0.0,,0.0,0,0.0,0.0,,0.0,bidTooLow
2019-09-30,345.0,2177.0,0.0,100,296.77,275.0,0,0.0,0.0,,0.0,0,0.0,0.0,,0.0,bidTooLow
2019-10-01,345.0,1824.0,0.0,100,293.24,275.0,0,0.0,0.0,,0.0,0,0.0,0.0,,0.0,bidTooLow
2019-10-02,345.0,1306.0,0.0,100,288.06,275.0,0,0.0,0.0,,0.0,0,0.0,0.0,,0.0,bidTooLow
2019-10-03,345.0,1542.0,0.0,100,290.42,275.0,0,0.0,0.0,,0.0,0,0.0,0.0,,0.0,bidTooLow
2019-10-04,345.0,1935.0,0.0,100,294.35,275.0,0,0.0,0.0,,0.0,0,0.0,0.0,,0.0,bidTooLow
2019-10-07,345.0,1808.0,0.0,100,293.08,275.0,0,0.0,0.0,,0.0,0,0.0,0.0,,0.0,bidTooLow
2019-10-08,345.0,1353.0,0.0,100,288.53,275.0,0,0.0,0.0,,0.0,0,0.0,0.0,,0.0,bidTooLow
2019-10-09,345.0,1627.0,0.0,100,291.27,275.0,0,0.0,0.0,,0.0,0,0.0,0.0,,0.0,bidTooLow
2019-10-10,345.0,1824.0,0.0,100,293.24,275.0,0,0.0,0.0,,0.0,0,0.0,0.0,,0.0,bidTooLow
2019-10-11,345.0,2128.0,0.0,100,296.28,275.0,0,0.0,0.0,,0.0,0,0.0,0.0,,0.0,bidTooLow
2019-10-14,345.0,2095.0,0.0,100,295.95,275.0,0,0.0,0.0,,0.0,0,0.0,0.0,,0.0,bidTooLow
2019-10-15,345.0,2385.0,0.0,100,298.88,275.0,0,0.0,0.0,,0.0,1,0.01,0.04,SPY191021C00307000,307.0,normalDay
2019-10-16,345.0,2340.0,0.0,100,298.4,275.0,0,0.0,0.0,,0.0,1,0.01,0.01,SPY191021C00307000,307.0,normalDay
2019-10-17,345.0,2428.0,0.0,100,299.28,275.0,0,0.0,0.0,,0.0,1,0.01,0.01,SPY191021C00307000,307.0,normalDay
2019-10-18,345.0,2297.0,0.0,100,297.97,275.0,0,0.0,0.0,,0.0,1,0.01,0.01,SPY191021C00307000,307.0,normalDay
2019-10-21,346.0,2499.0,1.0,100,299.99,275.0,0,0.0,0.0,,0.0,1,0.01,0.0,SPY191021C00307000,307.0,expirationDay
2019-10-22,346.0,2401.0,0.0,100,299.01,275.0,0,0.0,0.0,,0.0,0,0.0,0.0,,0.0,bidTooLow
2019-10-23,346.0,2488.0,0.0,100,299.88,275.0,0,0.0,0.0,,0.0,0,0.0,0.0,,0.0,bidTooLow
2019-10-24,346.0,2537.0,0.0,100,300.37,275.0,0,0.0,0.0,,0.0,0,0.0,0.0,,0.0,bidTooLow
2019-10-25,346.0,2660.0,0.0,100,301.6,275.0,0,0.0,0.0,,0.0,0,0.0,0.0,,0.0,bidTooLow
2019-10-28,346.0,2827.0,0.0,100,303.3,275.0,0,0.0,0.0,,0.0,1,0.01,0.04,SPY191101C00310000,310.0,normalDay
2019-10-29,346.0,2820.0,0.0,100,303.21,275.0,0,0.0,0.0,,0.0,1,0.01,0.02,SPY191101C00310000,310.0,normalDay
2019-10-30,346.0,2913.0,0.0,100,304.14,275.0,0,0.0,0.0,,0.0,1,0.01,0.02,SPY191101C00310000,310.0,normalDay
2019-10-31,346.0,2833.0,0.0,100,303.33,275.0,0,0.0,0.0,,0.0,1,0.01,0.01,SPY191101C00310000,310.0,normalDay
2019-11-01,347.0,3114.0,1.0,100,306.14,275.0,0,0.0,0.0,,0.0,1,0.01,0.0,SPY191101C00310000,310.0,expirationDay
2019-11-04,347.0,3234.0,0.0,100,307.37,275.0,0,0.0,0.0,,0.0,1,0.01,0.04,SPY191108C00315000,315.0,normalDay
2019-11-05,347.0,3202.0,0.0,100,307.03,275.0,0,0.0,0.0,,0.0,1,0.01,0.02,SPY191108C00315000,315.0,normalDay
2019-11-06,347.0,3210.0,0.0,100,307.1,275.0,0,0.0,0.0,,0.0,1,0.01,0.01,SPY191108C00315000,315.0,normalDay
2019-11-07,347.0,3318.0,0.0,100,308.18,275.0,0,0.0,0.0,,0.0,1,0.01,0.01,SPY191108C00315000,315.0,normalDay
2019-11-08,348.0,3394.0,1.0,100,308.94,275.0,0,0.0,0.0,,0.0,1,0.01,0.0,SPY191108C00315000,315.0,expirationDay
2019-11-11,348.0,3335.0,0.0,100,308.35,275.0,0,0.0,0.0,,0.0,0,0.0,0.0,,0.0,bidTooLow
2019-11-12,348.0,3400.0,0.0,100,309.0,275.0,0,0.0,0.0,,0.0,0,0.0,0.0,,0.0,bidTooLow
2019-11-13,348.0,3410.0,0.0,100,309.1,275.0,0,0.0,0.0,,0.0,0,0.0,0.0,,0.0,bidTooLow
2019-11-14,348.0,3455.0,0.0,100,309.55,275.0,0,0.0,0.0,,0.0,0,0.0,0.0,,0.0,bidTooLow
2019-11-15,348.0,3679.0,0.0,100,311.79,275.0,0,0.0,0.0,,0.0,0,0.0,0.0,,0.0,bidTooLow
2019-11-18,348.0,3702.0,0.0,100,312.02,275.0,0,0.0,0.0,,0.0,0,0.0,0.0,,0.0,bidTooLow
2019-11-19,348.0,3693.0,0.0,100,311.93,275.0,0,0.0,0.0,,0.0,0,0.0,0.0,,0.0,bidTooLow
2019-11-20,348.0,3577.0,0.0,100,310.77,275.0,0,0.0,0.0,,0.0,0,0.0,0.0,,0.0,bidTooLow
2019-11-21,348.0,3527.0,0.0,100,310.27,275.0,0,0.0,0.0,,0.0,0,0.0,0.0,,0.0,bidTooLow
2019-11-22,348.0,3596.0,0.0,100,310.96,275.0,0,0.0,0.0,,0.0,0,0.0,0.0,,0.0,bidTooLow
2019-11-25,348.0,3837.0,0.0,100,313.37,275.0,0,0.0,0.0,,0.0,0,0.0,0.0,,0.0,bidTooLow
2019-11-26,348.0,3905.0,0.0,100,314.08,275.0,0,0.0,0.0,,0.0,1,0.05,0.08,SPY191202C00318000,318.0,normalDay
2019-11-27,348.0,4040.0,0.0,100,315.48,275.0,0,0.0,0.0,,0.0,1,0.05,0.13,SPY191202C00318000,318.0,normalDay
2019-11-29,348.0,3934.0,0.0,100,314.31,275.0,0,0.0,0.0,,0.0,1,0.05,0.02,SPY191202C00318000,318.0,normalDay
2019-12-02,353.0,3664.0,5.0,100,311.64,275.0,0,0.0,0.0,,0.0,1,0.05,0.0,SPY191202C00318000,318.0,expirationDay
2019-12-03,353.0,3455.0,0.0,100,309.55,275.0,0,0.0,0.0,,0.0,0,0.0,0.0,,0.0,bidTooLow
2019-12-04,353.0,3646.0,0.0,100,311.46,275.0,0,0.0,0.0,,0.0,0,0.0,0.0,,0.0,bidTooLow
2019-12-05,353.0,3699.0,0.0,100,312.02,275.0,0,0.0,0.0,,0.0,1,0.04,0.07,SPY191211C00318000,318.0,normalDay
2019-12-06,353.0,3973.0,0.0,100,314.87,275.0,0,0.0,0.0,,0.0,1,0.04,0.18,SPY191211C00318000,318.0,normalDay
2019-12-09,353.0,3888.0,0.0,100,313.88,275.0,0,0.0,0.0,,0.0,1,0.04,0.04,SPY191211C00318000,318.0,normalDay
2019-12-10,353.0,3856.0,0.0,100,313.53,275.0,0,0.0,0.0,,0.0,1,0.04,0.01,SPY191211C00318000,318.0,normalDay
2019-12-11,357.0,3942.0,4.0,100,314.42,275.0,0,0.0,0.0,,0.0,1,0.04,0.0,SPY191211C00318000,318.0,expirationDay
2019-12-12,357.0,4210.0,0.0,100,317.13,275.0,0,0.0,0.0,,0.0,1,0.94,0.97,SPY191218C00319000,319.0,normalDay
2019-12-13,357.0,4269.0,0.0,100,317.32,275.0,0,0.0,0.0,,0.0,1,0.94,0.57,SPY191218C00319000,319.0,normalDay
2019-12-16,357.0,4412.0,0.0,100,319.5,275.0,0,0.0,0.0,,0.0,1,0.94,1.32,SPY191218C00319000,319.0,normalDay
2019-12-17,357.0,4458.0,0.0,100,319.57,275.0,0,0.0,0.0,,0.0,1,0.94,0.93,SPY191218C00319000,319.0,normalDay
2019-12-18,4851.0,4458.0,4494.0,0,319.59,0.0,0,0.0,0.0,,0.0,1,0.94,0.0,SPY191218C00319000,319.0,expirationDay
2019-12-19,4851.0,-3.0,0.0,0,320.9,0.0,1,0.02,0.05,SPY191220P00314500,314.5,0,0.0,0.0,,0.0,normalDay
2019-12-20,4853.0,0.0,2.0,0,320.73,0.0,1,0.02,0.0,SPY191220P00314500,314.5,0,0.0,0.0,,0.0,expirationDay
2019-12-23,4853.0,0.0,0.0,0,321.22,0.0,0,0.0,0.0,,0.0,0,0.0,0.0,,0.0,bidTooLow
2019-12-24,4853.0,-3.0,0.0,0,321.23,0.0,1,0.02,0.05,SPY191227P00316000,316.0,0,0.0,0.0,,0.0,normalDay
2019-12-26,4853.0,0.0,0.0,0,322.94,0.0,1,0.02,0.02,SPY191227P00316000,316.0,0,0.0,0.0,,0.0,normalDay
2019-12-27,4855.0,0.0,2.0,0,322.86,0.0,1,0.02,0.0,SPY191227P00316000,316.0,0,0.0,0.0,,0.0,expirationDay
2019-12-30,4855.0,-3.0,0.0,0,321.08,0.0,1,0.07,0.1,SPY191231P00317000,317.0,0,0.0,0.0,,0.0,normalDay
2019-12-31,4862.0,0.0,7.0,0,321.86,0.0,1,0.07,0.0,SPY191231P00317000,317.0,0,0.0,0.0,,0.0,expirationDay
2020-01-02,4862.0,0.0,0.0,0,324.87,0.0,0,0.0,0.0,,0.0,0,0.0,0.0,,0.0,bidTooLow
2020-01-03,4862.0,-3.0,0.0,0,322.41,0.0,1,0.19,0.22,SPY200106P00319000,319.0,0,0.0,0.0,,0.0,normalDay
2020-01-06,4881.0,0.0,19.0,0,323.64,0.0,1,0.19,0.0,SPY200106P00319000,319.0,0,0.0,0.0,,0.0,expirationDay
2020-01-07,4881.0,-3.0,0.0,0,322.73,0.0,1,0.53,0.56,SPY200110P00320000,320.0,0,0.0,0.0,,0.0,normalDay
2020-01-08,4881.0,28.0,0.0,0,324.45,0.0,1,0.53,0.25,SPY200110P00320000,320.0,0,0.0,0.0,,0.0,normalDay
2020-01-09,4881.0,48.0,0.0,0,326.65,0.0,1,0.53,0.05,SPY200110P00320000,320.0,0,0.0,0.0,,0.0,normalDay
2020-01-10,4934.0,0.0,53.0,0,325.71,0.0,1,0.53,0.0,SPY200110P00320000,320.0,0,0.0,0.0,,0.0,expirationDay
2020-01-13,4934.0,-3.0,0.0,0,327.95,0.0,1,0.05,0.08,SPY200115P00322500,322.5,0,0.0,0.0,,0.0,normalDay
2020-01-14,4934.0,1.0,0.0,0,327.45,0.0,1,0.05,0.04,SPY200115P00322500,322.5,0,0.0,0.0,,0.0,normalDay
2020-01-15,4939.0,0.0,5.0,0,328.19,0.0,1,0.05,0.0,SPY200115P00322500,322.5,0,0.0,0.0,,0.0,expirationDay
2020-01-16,4939.0,-3.0,0.0,0,330.92,0.0,1,0.01,0.04,SPY200117P00324000,324.0,0,0.0,0.0,,0.0,normalDay
2020-01-17,4940.0,0.0,1.0,0,331.95,0.0,1,0.01,0.0,SPY200117P00324000,324.0,0,0.0,0.0,,0.0,expirationDay
2020-01-21,4940.0,-3.0,0.0,0,331.3,0.0,1,0.11,0.14,SPY200124P00325000,325.0,0,0.0,0.0,,0.0,normalDay
2020-01-22,4940.0,4.0,0.0,0,331.34,0.0,1,0.11,0.07,SPY200124P00325000,325.0,0,0.0,0.0,,0.0,normalDay
2020-01-23,4940.0,7.0,0.0,0,331.72,0.0,1,0.11,0.04,SPY200124P00325000,325.0,0,0.0,0.0,,0.0,normalDay
2020-01-24,4951.0,0.0,11.0,0,328.77,0.0,1,0.11,0.0,SPY200124P00325000,325.0,0,0.0,0.0,,0.0,expirationDay
2020-01-27,4951.0,-6.0,0.0,0,323.5,0.0,1,3.46,3.52,SPY200129P00326000,326.0,0,0.0,0.0,,0.0,normalDay
2020-01-28,4951.0,259.0,0.0,0,326.89,0.0,1,3.46,0.87,SPY200129P00326000,326.0,0,0.0,0.0,,0.0,normalDay
2020-01-29,5297.0,0.0,346.0,0,326.62,0.0,1,3.46,0.0,SPY200129P00326000,326.0,0,0.0,0.0,,0.0,expirationDay
2020-01-30,5297.0,-3.0,0.0,0,327.68,0.0,1,0.43,0.46,SPY200131P00327000,327.0,0,0.0,0.0,,0.0,normalDay
2020-01-31,5340.0,-527.0,43.0,100,321.73,327.0,1,0.43,0.0,SPY200131P00327000,327.0,0,0.0,0.0,,0.0,expirationDay
2020-02-03,5340.0,-288.0,0.0,100,324.12,327.0,0,0.0,0.0,,0.0,0,0.0,0.0,,0.0,bidTooLow
2020-02-04,5340.0,203.0,0.0,100,329.06,327.0,0,0.0,0.0,,0.0,1,0.03,0.06,SPY200210C00337000,337.0,normalDay
2020-02-05,5340.0,571.0,0.0,100,332.86,327.0,0,0.0,0.0,,0.0,1,0.03,0.18,SPY200210C00337000,337.0,normalDay
2020-02-06,5340.0,687.0,0.0,100,333.98,327.0,0,0.0,0.0,,0.0,1,0.03,0.14,SPY200210C00337000,337.0,normalDay
2020-02-07,5340.0,520.0,0.0,100,332.2,327.0,0,0.0,0.0,,0.0,1,0.03,0.03,SPY200210C00337000,337.0,normalDay
2020-02-10,5343.0,768.0,3.0,100,334.68,327.0,0,0.0,0.0,,0.0,1,0.03,0.0,SPY200210C00337000,337.0,expirationDay
2020-02-11,5343.0,826.0,0.0,100,335.26,327.0,0,0.0,0.0,,0.0,0,0.0,0.0,,0.0,bidTooLow
2020-02-12,5343.0,1039.0,0.0,100,337.42,327.0,0,0.0,0.0,,0.0,1,0.04,0.07,SPY200218C00343000,343.0,normalDay
2020-02-13,5343.0,1006.0,0.0,100,337.06,327.0,0,0.0,0.0,,0.0,1,0.04,0.04,SPY200218C00343000,343.0,normalDay
2020-02-14,5343.0,1062.0,0.0,100,337.6,327.0,0,0.0,0.0,,0.0,1,0.04,0.02,SPY200218C00343000,343.0,normalDay
2020-02-18,5347.0,973.0,4.0,100,336.73,327.0,0,0.0,0.0,,0.0,1,0.04,0.0,SPY200218C00343000,343.0,expirationDay
2020-02-19,5347.0,1134.0,0.0,100,338.34,327.0,0,0.0,0.0,,0.0,0,0.0,0.0,,0.0,bidTooLow
2020-02-20,5347.0,995.0,0.0,100,336.95,327.0,0,0.0,0.0,,0.0,0,0.0,0.0,,0.0,bidTooLow
2020-02-21,5347.0,648.0,0.0,100,333.48,327.0,0,0.0,0.0,,0.0,0,0.0,0.0,,0.0,bidTooLow
2020-02-24,5347.0,-458.0,0.0,100,322.42,327.0,0,0.0,0.0,,0.0,0,0.0,0.0,,0.0,bidTooLow
2020-02-25,5347.0,-1435.0,0.0,100,312.65,327.0,0,0.0,0.0,,0.0,0,0.0,0.0,,0.0,bidTooLow
2020-02-26,5347.0,-1550.0,0.0,100,311.5,327.0,0,0.0,0.0,,0.0,0,0.0,0.0,,0.0,bidTooLow
2020-02-27,5347.0,-2949.0,0.0,100,297.51,327.0,0,0.0,0.0,,0.0,0,0.0,0.0,,0.0,bidTooLow
2020-02-28,5347.0,-3074.0,0.0,100,296.26,327.0,0,0.0,0.0,,0.0,0,0.0,0.0,,0.0,bidTooLow
2020-03-02,5347.0,-1791.0,0.0,100,309.09,327.0,0,0.0,0.0,,0.0,0,0.0,0.0,,0.0,bidTooLow
2020-03-03,5347.0,-2676.0,0.0,100,300.24,327.0,0,0.0,0.0,,0.0,0,0.0,0.0,,0.0,bidTooLow
2020-03-04,5347.0,-1414.0,0.0,100,312.86,327.0,0,0.0,0.0,,0.0,0,0.0,0.0,,0.0,bidTooLow
2020-03-05,5347.0,-2454.0,0.0,100,302.46,327.0,0,0.0,0.0,,0.0,0,0.0,0.0,,0.0,bidTooLow
2020-03-06,5347.0,-2954.0,0.0,100,297.46,327.0,0,0.0,0.0,,0.0,0,0.0,0.0,,0.0,bidTooLow
2020-03-09,5347.0,-5277.0,0.0,100,274.23,327.0,0,0.0,0.0,,0.0,0,0.0,0.0,,0.0,bidTooLow
2020-03-10,5347.0,-3858.0,0.0,100,288.42,327.0,0,0.0,0.0,,0.0,0,0.0,0.0,,0.0,bidTooLow
2020-03-11,5347.0,-5264.0,0.0,100,274.36,327.0,0,0.0,0.0,,0.0,0,0.0,0.0,,0.0,bidTooLow
2020-03-12,5347.0,-7889.0,0.0,100,248.11,327.0,0,0.0,0.0,,0.0,0,0.0,0.0,,0.0,bidTooLow
2020-03-13,5347.0,-5768.0,0.0,100,269.32,327.0,0,0.0,0.0,,0.0,0,0.0,0.0,,0.0,bidTooLow
2020-03-16,5347.0,-8715.0,0.0,100,239.85,327.0,0,0.0,0.0,,0.0,0,0.0,0.0,,0.0,bidTooLow
2020-03-17,5347.0,-7420.0,0.0,100,252.8,327.0,0,0.0,0.0,,0.0,0,0.0,0.0,,0.0,bidTooLow
2020-03-18,5347.0,-8700.0,0.0,100,240.0,327.0,0,0.0,0.0,,0.0,0,0.0,0.0,,0.0,bidTooLow
2020-03-19,5347.0,-8649.0,0.0,100,240.51,327.0,0,0.0,0.0,,0.0,0,0.0,0.0,,0.0,bidTooLow
2020-03-20,5347.0,-9820.0,0.0,100,228.8,327.0,0,0.0,0.0,,0.0,0,0.0,0.0,,0.0,bidTooLow
2020-03-23,5347.0,-10405.0,0.0,100,222.95,327.0,0,0.0,0.0,,0.0,0,0.0,0.0,,0.0,bidTooLow
2020-03-24,5347.0,-8385.0,0.0,100,243.15,327.0,0,0.0,0.0,,0.0,0,0.0,0.0,,0.0,bidTooLow
2020-03-25,5347.0,-8021.0,0.0,100,246.79,327.0,0,0.0,0.0,,0.0,0,0.0,0.0,,0.0,bidTooLow
2020-03-26,5347.0,-6580.0,0.0,100,261.2,327.0,0,0.0,0.0,,0.0,0,0.0,0.0,,0.0,bidTooLow
2020-03-27,5347.0,-7358.0,0.0,100,253.42,327.0,0,0.0,0.0,,0.0,0,0.0,0.0,,0.0,bidTooLow
2020-03-30,5347.0,-6535.0,0.0,100,261.65,327.0,0,0.0,0.0,,0.0,0,0.0,0.0,,0.0,bidTooLow
2020-03-31,5347.0,-6925.0,0.0,100,257.75,327.0,0,0.0,0.0,,0.0,0,0.0,0.0,,0.0,bidTooLow
2020-04-01,5347.0,-8085.0,0.0,100,246.15,327.0,0,0.0,0.0,,0.0,0,0.0,0.0,,0.0,bidTooLow
2020-04-02,5347.0,-7517.0,0.0,100,251.83,327.0,0,0.0,0.0,,0.0,0,0.0,0.0,,0.0,bidTooLow
2020-04-03,5347.0,-7881.0,0.0,100,248.19,327.0,0,0.0,0.0,,0.0,0,0.0,0.0,,0.0,bidTooLow
2020-04-06,5347.0,-6214.0,0.0,100,264.86,327.0,0,0.0,0.0,,0.0,0,0.0,0.0,,0.0,bidTooLow
2020-04-07,5347.0,-6190.0,0.0,100,265.13,327.0,0,0.0,0.0,,0.0,1,0.06,0.09,SPY200413C00293000,293.0,normalDay
2020-04-08,5347.0,-5305.0,0.0,100,274.03,327.0,0,0.0,0.0,,0.0,1,0.06,0.14,SPY200413C00293000,293.0,normalDay
2020-04-09,5347.0,-4886.0,0.0,100,278.2,327.0,0,0.0,0.0,,0.0,1,0.06,0.12,SPY200413C00293000,293.0,normalDay
2020-04-13,5353.0,-5134.0,6.0,100,275.66,327.0,0,0.0,0.0,,0.0,1,0.06,0.0,SPY200413C00293000,293.0,expirationDay
2020-04-14,5353.0,-4324.0,0.0,100,283.79,327.0,0,0.0,0.0,,0.0,1,0.1,0.13,SPY200420C00305000,305.0,normalDay
2020-04-15,5353.0,-4917.0,0.0,100,277.76,327.0,0,0.0,0.0,,0.0,1,0.1,0.03,SPY200420C00305000,305.0,normalDay
2020-04-16,5353.0,-4782.0,0.0,100,279.1,327.0,0,0.0,0.0,,0.0,1,0.1,0.02,SPY200420C00305000,305.0,normalDay
2020-04-17,5353.0,-4027.0,0.0,100,286.64,327.0,0,0.0,0.0,,0.0,1,0.1,0.01,SPY200420C00305000,305.0,normalDay
2020-04-20,5363.0,-4541.0,10.0,100,281.59,327.0,0,0.0,0.0,,0.0,1,0.1,0.0,SPY200420C00305000,305.0,expirationDay
2020-04-21,5363.0,-5396.0,0.0,100,273.04,327.0,0,0.0,0.0,,0.0,0,0.0,0.0,,0.0,bidTooLow
2020-04-22,5363.0,-4790.0,0.0,100,279.1,327.0,0,0.0,0.0,,0.0,0,0.0,0.0,,0.0,bidTooLow
2020-04-23,5363.0,-4792.0,0.0,100,279.08,327.0,0,0.0,0.0,,0.0,0,0.0,0.0,,0.0,bidTooLow
2020-04-24,5363.0,-4403.0,0.0,100,282.97,327.0,0,0.0,0.0,,0.0,0,0.0,0.0,,0.0,bidTooLow
2020-04-27,5363.0,-3995.0,0.0,100,287.05,327.0,0,0.0,0.0,,0.0,0,0.0,0.0,,0.0,bidTooLow
2020-04-28,5363.0,-4127.0,0.0,100,285.73,327.0,0,0.0,0.0,,0.0,0,0.0,0.0,,0.0,bidTooLow
2020-04-29,5363.0,-3379.0,0.0,100,293.21,327.0,0,0.0,0.0,,0.0,0,0.0,0.0,,0.0,bidTooLow
2020-04-30,5363.0,-3655.0,0.0,100,290.48,327.0,0,0.0,0.0,,0.0,1,0.01,0.04,SPY200506C00314000,314.0,normalDay
2020-05-01,5363.0,-4421.0,0.0,100,282.79,327.0,0,0.0,0.0,,0.0,1,0.01,0.01,SPY200506C00314000,314.0,normalDay
2020-05-04,5363.0,-4343.0,0.0,100,283.57,327.0,0,0.0,0.0,,0.0,1,0.01,0.01,SPY200506C00314000,314.0,normalDay
2020-05-05,5363.0,-4081.0,0.0,100,286.19,327.0,0,0.0,0.0,,0.0,1,0.01,0.01,SPY200506C00314000,314.0,normalDay
2020-05-06,5364.0,-4275.0,1.0,100,284.25,327.0,0,0.0,0.0,,0.0,1,0.01,0.0,SPY200506C00314000,314.0,expirationDay
2020-05-07,5364.0,-3935.0,0.0,100,287.68,327.0,0,0.0,0.0,,0.0,1,0.24,0.27,SPY200513C00299000,299.0,normalDay
2020-05-08,5364.0,-3482.0,0.0,100,292.44,327.0,0,0.0,0.0,,0.0,1,0.24,0.5,SPY200513C00299000,299.0,normalDay
2020-05-11,5364.0,-3442.0,0.0,100,292.5,327.0,0,0.0,0.0,,0.0,1,0.24,0.16,SPY200513C00299000,299.0,normalDay
2020-05-12,5364.0,-4011.0,0.0,100,286.67,327.0,0,0.0,0.0,,0.0,1,0.24,0.02,SPY200513C00299000,299.0,normalDay
2020-05-13,5388.0,-4540.0,24.0,100,281.6,327.0,0,0.0,0.0,,0.0,1,0.24,0.0,SPY200513C00299000,299.0,expirationDay
2020-05-14,5388.0,-4206.0,0.0,100,284.97,327.0,0,0.0,0.0,,0.0,1,0.06,0.09,SPY200520C00301000,301.0,normalDay
2020-05-15,5388.0,-4070.0,0.0,100,286.28,327.0,0,0.0,0.0,,0.0,1,0.06,0.04,SPY200520C00301000,301.0,normalDay
2020-05-18,5388.0,-3231.0,0.0,100,295.0,327.0,0,0.0,0.0,,0.0,1,0.06,0.37,SPY200520C00301000,301.0,normalDay
2020-05-19,5388.0,-3502.0,0.0,100,291.97,327.0,0,0.0,0.0,,0.0,1,0.06,0.05,SPY200520C00301000,301.0,normalDay
2020-05-20,5394.0,-3007.0,6.0,100,296.93,327.0,0,0.0,0.0,,0.0,1,0.06,0.0,SPY200520C00301000,301.0,expirationDay
2020-05-21,5394.0,-3215.0,0.0,100,294.88,327.0,0,0.0,0.0,,0.0,1,0.4,0.43,SPY200527C00303000,303.0,normalDay
2020-05-22,5394.0,-3139.0,0.0,100,295.44,327.0,0,0.0,0.0,,0.0,1,0.4,0.23,SPY200527C00303000,303.0,normalDay
2020-05-26,5394.0,-2775.0,0.0,100,299.08,327.0,0,0.0,0.0,,0.0,1,0.4,0.23,SPY200527C00303000,303.0,normalDay
2020-05-27,3034.0,-2775.0,-2360.0,0,303.53,0.0,0,0.0,0.0,,0.0,1,0.4,0.0,SPY200527C00303000,303.0,expirationDay
2020-05-28,3034.0,-3.0,0.0,0,302.97,0.0,1,0.03,0.06,SPY200529P00291000,291.0,0,0.0,0.0,,0.0,normalDay
2020-05-29,3037.0,0.0,3.0,0,304.32,0.0,1,0.03,0.0,SPY200529P00291000,291.0,0,0.0,0.0,,0.0,expirationDay
2020-06-01,3037.0,-3.0,0.0,0,305.55,0.0,1,0.08,0.11,SPY200603P00293000,293.0,0,0.0,0.0,,0.0,normalDay
2020-06-02,3037.0,6.0,0.0,0,308.08,0.0,1,0.08,0.02,SPY200603P00293000,293.0,0,0.0,0.0,,0.0,normalDay
2020-06-03,3045.0,0.0,8.0,0,312.18,0.0,1,0.08,0.0,SPY200603P00293000,293.0,0,0.0,0.0,,0.0,expirationDay
2020-06-04,3045.0,0.0,0.0,0,311.36,0.0,0,0.0,0.0,,0.0,0,0.0,0.0,,0.0,bidTooLow
2020-06-05,3045.0,0.0,0.0,0,319.34,0.0,0,0.0,0.0,,0.0,0,0.0,0.0,,0.0,bidTooLow
2020-06-08,3045.0,0.0,0.0,0,323.2,0.0,0,0.0,0.0,,0.0,0,0.0,0.0,,0.0,bidTooLow
2020-06-09,3045.0,-3.0,0.0,0,320.79,0.0,1,0.08,0.11,SPY200612P00301000,301.0,0,0.0,0.0,,0.0,normalDay
2020-06-10,3045.0,1.0,0.0,0,319.0,0.0,1,0.08,0.07,SPY200612P00301000,301.0,0,0.0,0.0,,0.0,normalDay
2020-06-11,3045.0,-285.0,0.0,0,300.61,0.0,1,0.08,2.93,SPY200612P00301000,301.0,0,0.0,0.0,,0.0,normalDay
2020-06-12,3053.0,0.0,8.0,0,304.21,0.0,1,0.08,0.0,SPY200612P00301000,301.0,0,0.0,0.0,,0.0,expirationDay
2020-06-15,3053.0,-5.0,0.0,0,307.05,0.0,1,2.73,2.78,SPY200617P00306000,306.0,0,0.0,0.0,,0.0,normalDay
2020-06-16,3053.0,208.0,0.0,0,312.96,0.0,1,2.73,0.65,SPY200617P00306000,306.0,0,0.0,0.0,,0.0,normalDay
2020-06-17,3326.0,0.0,273.0,0,311.66,0.0,1,2.73,0.0,SPY200617P00306000,306.0,0,0.0,0.0,,0.0,expirationDay
2020-06-18,3326.0,-3.0,0.0,0,311.78,0.0,1,0.96,0.99,SPY200619P00308000,308.0,0,0.0,0.0,,0.0,normalDay
2020-06-19,3422.0,0.0,96.0,0,308.64,0.0,1,0.96,0.0,SPY200619P00308000,308.0,0,0.0,0.0,,0.0,expirationDay
2020-06-22,3422.0,-4.0,0.0,0,310.62,0.0,1,2.18,2.22,SPY200624P00310000,310.0,0,0.0,0.0,,0.0,normalDay
2020-06-23,3422.0,108.0,0.0,0,312.05,0.0,1,2.18,1.1,SPY200624P00310000,310.0,0,0.0,0.0,,0.0,normalDay
2020-06-24,3640.0,-591.0,218.0,100,304.09,310.0,1,2.18,0.0,SPY200624P00310000,310.0,0,0.0,0.0,,0.0,expirationDay
2020-06-25,3640.0,-268.0,0.0,100,307.35,310.0,0,0.0,0.0,,0.0,1,0.01,0.04,SPY200701C00330000,330.0,normalDay
2020-06-26,3640.0,-995.0,0.0,100,300.05,310.0,0,0.0,0.0,,0.0,1,0.01,0.01,SPY200701C00330000,330.0,normalDay
2020-06-29,3640.0,-554.0,0.0,100,304.46,310.0,0,0.0,0.0,,0.0,1,0.01,0.01,SPY200701C00330000,330.0,normalDay
2020-06-30,3640.0,-164.0,0.0,100,308.36,310.0,0,0.0,0.0,,0.0,1,0.01,0.01,SPY200701C00330000,330.0,normalDay
2020-07-01,3641.0,52.0,1.0,100,310.52,310.0,0,0.0,0.0,,0.0,1,0.01,0.0,SPY200701C00330000,330.0,expirationDay
2020-07-02,3641.0,223.0,0.0,100,312.23,310.0,0,0.0,0.0,,0.0,0,0.0,0.0,,0.0,bidTooLow
2020-07-06,3641.0,702.0,0.0,100,317.05,310.0,0,0.0,0.0,,0.0,1,0.06,0.09,SPY200710C00330000,330.0,normalDay
2020-07-07,3641.0,380.0,0.0,100,313.78,310.0,0,0.0,0.0,,0.0,1,0.06,0.04,SPY200710C00330000,330.0,normalDay
2020-07-08,3641.0,623.0,0.0,100,316.18,310.0,0,0.0,0.0,,0.0,1,0.06,0.01,SPY200710C00330000,330.0,normalDay
2020-07-09,3641.0,443.0,0.0,100,314.38,310.0,0,0.0,0.0,,0.0,1,0.06,0.01,SPY200710C00330000,330.0,normalDay
2020-07-10,3647.0,759.0,6.0,100,317.59,310.0,0,0.0,0.0,,0.0,1,0.06,0.0,SPY200710C00330000,330.0,expirationDay
2020-07-13,3647.0,481.0,0.0,100,314.84,310.0,0,0.0,0.0,,0.0,1,0.37,0.4,SPY200717C00325000,325.0,normalDay
2020-07-14,3647.0,864.0,0.0,100,318.92,310.0,0,0.0,0.0,,0.0,1,0.37,0.65,SPY200717C00325000,325.0,normalDay
2020-07-15,3647.0,1132.0,0.0,100,321.85,310.0,0,0.0,0.0,,0.0,1,0.37,0.9,SPY200717C00325000,325.0,normalDay
2020-07-16,3647.0,1100.0,0.0,100,320.79,310.0,0,0.0,0.0,,0.0,1,0.37,0.16,SPY200717C00325000,325.0,normalDay
2020-07-17,3684.0,1172.0,37.0,100,321.72,310.0,0,0.0,0.0,,0.0,1,0.37,0.0,SPY200717C00325000,325.0,expirationDay
2020-07-20,3684.0,1429.0,0.0,100,324.32,310.0,0,0.0,0.0,,0.0,1,0.15,0.18,SPY200724C00334000,334.0,normalDay
2020-07-21,3684.0,1504.0,0.0,100,325.01,310.0,0,0.0,0.0,,0.0,1,0.15,0.12,SPY200724C00334000,334.0,normalDay
2020-07-22,3684.0,1692.0,0.0,100,326.86,310.0,0,0.0,0.0,,0.0,1,0.15,0.09,SPY200724C00334000,334.0,normalDay
2020-07-23,3684.0,1310.0,0.0,100,322.96,310.0,0,0.0,0.0,,0.0,1,0.15,0.01,SPY200724C00334000,334.0,normalDay
2020-07-24,3699.0,1088.0,15.0,100,320.88,310.0,0,0.0,0.0,,0.0,1,0.15,0.0,SPY200724C00334000,334.0,expirationDay
2020-07-27,3699.0,1322.0,0.0,100,323.22,310.0,0,0.0,0.0,,0.0,0,0.0,0.0,,0.0,bidTooLow
2020-07-28,3699.0,1114.0,0.0,100,321.17,310.0,0,0.0,0.0,,0.0,1,0.02,0.05,SPY200803C00335000,335.0,normalDay
2020-07-29,3699.0,1506.0,0.0,100,325.12,310.0,0,0.0,0.0,,0.0,1,0.02,0.08,SPY200803C00335000,335.0,normalDay
2020-07-30,3699.0,1393.0,0.0,100,323.96,310.0,0,0.0,0.0,,0.0,1,0.02,0.05,SPY200803C00335000,335.0,normalDay
2020-07-31,3699.0,1652.0,0.0,100,326.52,310.0,0,0.0,0.0,,0.0,1,0.02,0.02,SPY200803C00335000,335.0,normalDay
2020-08-03,3701.0,1879.0,2.0,100,328.79,310.0,0,0.0,0.0,,0.0,1,0.02,0.0,SPY200803C00335000,335.0,expirationDay
2020-08-04,3701.0,2003.0,0.0,100,330.06,310.0,0,0.0,0.0,,0.0,1,0.39,0.42,SPY200810C00336000,336.0,normalDay
2020-08-05,3701.0,2195.0,0.0,100,332.11,310.0,0,0.0,0.0,,0.0,1,0.39,0.55,SPY200810C00336000,336.0,normalDay
2020-08-06,3701.0,2359.0,0.0,100,334.33,310.0,0,0.0,0.0,,0.0,1,0.39,1.13,SPY200810C00336000,336.0,normalDay
2020-08-07,3701.0,2441.0,0.0,100,334.57,310.0,0,0.0,0.0,,0.0,1,0.39,0.55,SPY200810C00336000,336.0,normalDay
2020-08-10,3740.0,2557.0,39.0,100,335.57,310.0,0,0.0,0.0,,0.0,1,0.39,0.0,SPY200810C00336000,336.0,expirationDay
2020-08-11,3740.0,2277.0,0.0,100,332.8,310.0,0,0.0,0.0,,0.0,1,0.12,0.15,SPY200817C00343000,343.0,normalDay
2020-08-12,3740.0,2727.0,0.0,100,337.44,310.0,0,0.0,0.0,,0.0,1,0.12,0.29,SPY200817C00343000,343.0,normalDay
2020-08-13,3740.0,2685.0,0.0,100,336.83,310.0,0,0.0,0.0,,0.0,1,0.12,0.1,SPY200817C00343000,343.0,normalDay
2020-08-14,3740.0,2694.0,0.0,100,336.84,310.0,0,0.0,0.0,,0.0,1,0.12,0.02,SPY200817C00343000,343.0,normalDay
2020-08-17,3752.0,2791.0,12.0,100,337.91,310.0,0,0.0,0.0,,0.0,1,0.12,0.0,SPY200817C00343000,343.0,expirationDay
2020-08-18,3752.0,2861.0,0.0,100,338.64,310.0,0,0.0,0.0,,0.0,1,0.01,0.04,SPY200824C00350000,350.0,normalDay
2020-08-19,3752.0,2721.0,0.0,100,337.23,310.0,0,0.0,0.0,,0.0,1,0.01,0.03,SPY200824C00350000,350.0,normalDay
2020-08-20,3752.0,2827.0,0.0,100,338.28,310.0,0,0.0,0.0,,0.0,1,0.01,0.02,SPY200824C00350000,350.0,normalDay
2020-08-21,3752.0,2948.0,0.0,100,339.48,310.0,0,0.0,0.0,,0.0,1,0.01,0.01,SPY200824C00350000,350.0,normalDay
2020-08-24,3753.0,3292.0,1.0,100,342.92,310.0,0,0.0,0.0,,0.0,1,0.01,0.0,SPY200824C00350000,350.0,expirationDay
2020-08-25,3753.0,3409.0,0.0,100,344.12,310.0,0,0.0,0.0,,0.0,1,0.11,0.14,SPY200831C00352000,352.0,normalDay
2020-08-26,3753.0,3691.0,0.0,100,347.57,310.0,0,0.0,0.0,,0.0,1,0.11,0.77,SPY200831C00352000,352.0,normalDay
2020-08-27,3753.0,3776.0,0.0,100,348.33,310.0,0,0.0,0.0,,0.0,1,0.11,0.68,SPY200831C00352000,352.0,normalDay
2020-08-28,3753.0,4016.0,0.0,100,350.58,310.0,0,0.0,0.0,,0.0,1,0.11,0.53,SPY200831C00352000,352.0,normalDay
2020-08-31,3764.0,3931.0,11.0,100,349.31,310.0,0,0.0,0.0,,0.0,1,0.11,0.0,SPY200831C00352000,352.0,expirationDay
2020-09-01,3764.0,4257.0,0.0,100,352.6,310.0,0,0.0,0.0,,0.0,1,0.12,0.15,SPY200904C00360000,360.0,normalDay
2020-09-02,3764.0,4670.0,0.0,100,357.7,310.0,0,0.0,0.0,,0.0,1,0.12,1.12,SPY200904C00360000,360.0,normalDay
2020-09-03,3764.0,3547.0,0.0,100,345.39,310.0,0,0.0,0.0,,0.0,1,0.12,0.04,SPY200904C00360000,360.0,normalDay
2020-09-04,3776.0,3257.0,12.0,100,342.57,310.0,0,0.0,0.0,,0.0,1,0.12,0.0,SPY200904C00360000,360.0,expirationDay
2020-09-08,3776.0,2318.0,0.0,100,333.21,310.0,0,0.0,0.0,,0.0,1,0.01,0.04,SPY200914C00364000,364.0,normalDay
2020-09-09,3776.0,2978.0,0.0,100,339.79,310.0,0,0.0,0.0,,0.0,1,0.01,0.02,SPY200914C00364000,364.0,normalDay
2020-09-10,3776.0,2389.0,0.0,100,333.89,310.0,0,0.0,0.0,,0.0,1,0.01,0.01,SPY200914C00364000,364.0,normalDay
2020-09-11,3776.0,2406.0,0.0,100,334.06,310.0,0,0.0,0.0,,0.0,1,0.01,0.01,SPY200914C00364000,364.0,normalDay
2020-09-14,3777.0,2846.0,1.0,100,338.46,310.0,0,0.0,0.0,,0.0,1,0.01,0.0,SPY200914C00364000,364.0,expirationDay
2020-09-15,3777.0,3017.0,0.0,100,340.17,310.0,0,0.0,0.0,,0.0,0,0.0,0.0,,0.0,bidTooLow
2020-09-16,3777.0,2882.0,0.0,100,338.82,310.0,0,0.0,0.0,,0.0,0,0.0,0.0,,0.0,bidTooLow
2020-09-17,3777.0,2584.0,0.0,100,335.84,310.0,0,0.0,0.0,,0.0,0,0.0,0.0,,0.0,bidTooLow
2020-09-18,3777.0,2065.0,0.0,100,330.65,310.0,0,0.0,0.0,,0.0,0,0.0,0.0,,0.0,bidTooLow
2020-09-21,3777.0,1697.0,0.0,100,326.97,310.0,0,0.0,0.0,,0.0,0,0.0,0.0,,0.0,bidTooLow
2020-09-22,3777.0,2030.0,0.0,100,330.3,310.0,0,0.0,0.0,,0.0,0,0.0,0.0,,0.0,bidTooLow
2020-09-23,3777.0,1264.0,0.0,100,322.64,310.0,0,0.0,0.0,,0.0,0,0.0,0.0,,0.0,bidTooLow
2020-09-24,3777.0,1350.0,0.0,100,323.5,310.0,0,0.0,0.0,,0.0,0,0.0,0.0,,0.0,bidTooLow
2020-09-25,3777.0,1873.0,0.0,100,328.73,310.0,0,0.0,0.0,,0.0,0,0.0,0.0,,0.0,bidTooLow
2020-09-28,3777.0,2419.0,0.0,100,334.19,310.0,0,0.0,0.0,,0.0,0,0.0,0.0,,0.0,bidTooLow
2020-09-29,3777.0,2237.0,0.0,100,332.37,310.0,0,0.0,0.0,,0.0,0,0.0,0.0,,0.0,bidTooLow
2020-09-30,3777.0,2489.0,0.0,100,334.89,310.0,0,0.0,0.0,,0.0,0,0.0,0.0,,0.0,bidTooLow
2020-10-01,3777.0,2701.0,0.0,100,337.04,310.0,0,0.0,0.0,,0.0,1,0.14,0.17,SPY201007C00353000,353.0,normalDay
2020-10-02,3777.0,2394.0,0.0,100,333.84,310.0,0,0.0,0.0,,0.0,1,0.14,0.04,SPY201007C00353000,353.0,normalDay
2020-10-05,3777.0,2988.0,0.0,100,339.76,310.0,0,0.0,0.0,,0.0,1,0.14,0.02,SPY201007C00353000,353.0,normalDay
2020-10-06,3777.0,2506.0,0.0,100,334.93,310.0,0,0.0,0.0,,0.0,1,0.14,0.01,SPY201007C00353000,353.0,normalDay
2020-10-07,3791.0,3076.0,14.0,100,340.76,310.0,0,0.0,0.0,,0.0,1,0.14,0.0,SPY201007C00353000,353.0,expirationDay
2020-10-08,3791.0,3375.0,0.0,100,343.78,310.0,0,0.0,0.0,,0.0,1,0.34,0.37,SPY201014C00352000,352.0,normalDay
2020-10-09,3791.0,3654.0,0.0,100,346.85,310.0,0,0.0,0.0,,0.0,1,0.34,0.65,SPY201014C00352000,352.0,normalDay
2020-10-12,3791.0,4057.0,0.0,100,352.43,310.0,0,0.0,0.0,,0.0,1,0.34,2.2,SPY201014C00352000,352.0,normalDay
2020-10-13,3791.0,3977.0,0.0,100,350.13,310.0,0,0.0,0.0,,0.0,1,0.34,0.7,SPY201014C00352000,352.0,normalDay
2020-10-14,3825.0,3793.0,34.0,100,347.93,310.0,0,0.0,0.0,,0.0,1,0.34,0.0,SPY201014C00352000,352.0,expirationDay
2020-10-15,3825.0,3747.0,0.0,100,347.5,310.0,0,0.0,0.0,,0.0,1,0.02,0.05,SPY201021C00365000,365.0,normalDay
2020-10-16,3825.0,3729.0,0.0,100,347.29,310.0,0,0.0,0.0,,0.0,1,0.02,0.02,SPY201021C00365000,365.0,normalDay
2020-10-19,3825.0,3202.0,0.0,100,342.01,310.0,0,0.0,0.0,,0.0,1,0.02,0.01,SPY201021C00365000,365.0,normalDay
2020-10-20,3825.0,3339.0,0.0,100,343.38,310.0,0,0.0,0.0,,0.0,1,0.02,0.01,SPY201021C00365000,365.0,normalDay
2020-10-21,3827.0,3273.0,2.0,100,342.73,310.0,0,0.0,0.0,,0.0,1,0.02,0.0,SPY201021C00365000,365.0,expirationDay
2020-10-22,3827.0,3458.0,0.0,100,344.61,310.0,0,0.0,0.0,,0.0,1,0.02,0.05,SPY201028C00362000,362.0,normalDay
2020-10-23,3827.0,3578.0,0.0,100,345.78,310.0,0,0.0,0.0,,0.0,1,0.02,0.02,SPY201028C00362000,362.0,normalDay
2020-10-26,3827.0,2940.0,0.0,100,339.39,310.0,0,0.0,0.0,,0.0,1,0.02,0.01,SPY201028C00362000,362.0,normalDay
2020-10-27,3827.0,2823.0,0.0,100,338.22,310.0,0,0.0,0.0,,0.0,1,0.02,0.01,SPY201028C00362000,362.0,normalDay
2020-10-28,3829.0,1666.0,2.0,100,326.66,310.0,0,0.0,0.0,,0.0,1,0.02,0.0,SPY201028C00362000,362.0,expirationDay
2020-10-29,3829.0,1998.0,0.0,100,329.98,310.0,0,0.0,0.0,,0.0,0,0.0,0.0,,0.0,bidTooLow
2020-10-30,3829.0,1654.0,0.0,100,326.54,310.0,0,0.0,0.0,,0.0,0,0.0,0.0,,0.0,bidTooLow
2020-11-02,3829.0,2017.0,0.0,100,330.2,310.0,0,0.0,0.0,,0.0,1,0.02,0.05,SPY201106C00366000,366.0,normalDay
2020-11-03,3829.0,2595.0,0.0,100,336.03,310.0,0,0.0,0.0,,0.0,1,0.02,0.1,SPY201106C00366000,366.0,normalDay
2020-11-04,3829.0,3354.0,0.0,100,343.54,310.0,0,0.0,0.0,,0.0,1,0.02,0.02,SPY201106C00366000,366.0,normalDay
2020-11-05,3829.0,4025.0,0.0,100,350.24,310.0,0,0.0,0.0,,0.0,1,0.02,0.01,SPY201106C00366000,366.0,normalDay
2020-11-06,3831.0,4016.0,2.0,100,350.16,310.0,0,0.0,0.0,,0.0,1,0.02,0.0,SPY201106C00366000,366.0,expirationDay
2020-11-09,3831.0,4453.0,0.0,100,354.56,310.0,0,0.0,0.0,,0.0,1,0.29,0.32,SPY201113C00368000,368.0,normalDay
2020-11-10,3831.0,4423.0,0.0,100,354.04,310.0,0,0.0,0.0,,0.0,1,0.29,0.1,SPY201113C00368000,368.0,normalDay
2020-11-11,3831.0,4693.0,0.0,100,356.67,310.0,0,0.0,0.0,,0.0,1,0.29,0.03,SPY201113C00368000,368.0,normalDay
2020-11-12,3831.0,4349.0,0.0,100,353.21,310.0,0,0.0,0.0,,0.0,1,0.29,0.01,SPY201113C00368000,368.0,normalDay
2020-11-13,3860.0,4810.0,29.0,100,358.1,310.0,0,0.0,0.0,,0.0,1,0.29,0.0,SPY201113C00368000,368.0,expirationDay
2020-11-16,3860.0,5257.0,0.0,100,362.57,310.0,0,0.0,0.0,,0.0,0,0.0,0.0,,0.0,bidTooLow
2020-11-17,3860.0,5062.0,0.0,100,360.62,310.0,0,0.0,0.0,,0.0,0,0.0,0.0,,0.0,bidTooLow
2020-11-18,3860.0,4628.0,0.0,100,356.28,310.0,0,0.0,0.0,,0.0,0,0.0,0.0,,0.0,bidTooLow
2020-11-19,3860.0,4778.0,0.0,100,357.78,310.0,0,0.0,0.0,,0.0,0,0.0,0.0,,0.0,bidTooLow
2020-11-20,3860.0,4533.0,0.0,100,355.33,310.0,0,0.0,0.0,,0.0,0,0.0,0.0,,0.0,bidTooLow
2020-11-23,3860.0,4746.0,0.0,100,357.46,310.0,0,0.0,0.0,,0.0,0,0.0,0.0,,0.0,bidTooLow
2020-11-24,3860.0,5322.0,0.0,100,363.22,310.0,0,0.0,0.0,,0.0,0,0.0,0.0,,0.0,bidTooLow
2020-11-25,3860.0,5266.0,0.0,100,362.66,310.0,0,0.0,0.0,,0.0,0,0.0,0.0,,0.0,bidTooLow
2020-11-27,3860.0,5367.0,0.0,100,363.67,310.0,0,0.0,0.0,,0.0,0,0.0,0.0,,0.0,bidTooLow
2020-11-30,3860.0,5206.0,0.0,100,362.06,310.0,0,0.0,0.0,,0.0,0,0.0,0.0,,0.0,bidTooLow
2020-12-01,3860.0,5599.0,0.0,100,366.02,310.0,0,0.0,0.0,,0.0,1,0.06,0.09,SPY201207C00379000,379.0,normalDay
2020-12-02,3860.0,5678.0,0.0,100,366.79,310.0,0,0.0,0.0,,0.0,1,0.06,0.07,SPY201207C00379000,379.0,normalDay
2020-12-03,3860.0,5672.0,0.0,100,366.69,310.0,0,0.0,0.0,,0.0,1,0.06,0.03,SPY201207C00379000,379.0,normalDay
2020-12-04,3860.0,5989.0,0.0,100,369.85,310.0,0,0.0,0.0,,0.0,1,0.06,0.02,SPY201207C00379000,379.0,normalDay
2020-12-07,3866.0,5909.0,6.0,100,369.09,310.0,0,0.0,0.0,,0.0,1,0.06,0.0,SPY201207C00379000,379.0,expirationDay
2020-12-08,3866.0,6014.0,0.0,100,370.17,310.0,0,0.0,0.0,,0.0,1,0.11,0.14,SPY201214C00379000,379.0,normalDay
2020-12-09,3866.0,5692.0,0.0,100,366.85,310.0,0,0.0,0.0,,0.0,1,0.11,0.04,SPY201214C00379000,379.0,normalDay
2020-12-10,3866.0,5681.0,0.0,100,366.73,310.0,0,0.0,0.0,,0.0,1,0.11,0.03,SPY201214C00379000,379.0,normalDay
2020-12-11,3866.0,5640.0,0.0,100,366.3,310.0,0,0.0,0.0,,0.0,1,0.11,0.01,SPY201214C00379000,379.0,normalDay
2020-12-14,3877.0,5466.0,11.0,100,364.66,310.0,0,0.0,0.0,,0.0,1,0.11,0.0,SPY201214C00379000,379.0,expirationDay
2020-12-15,3877.0,5956.0,0.0,100,369.59,310.0,0,0.0,0.0,,0.0,1,0.12,0.15,SPY201221C00379000,379.0,normalDay
2020-12-16,3877.0,6015.0,0.0,100,370.17,310.0,0,0.0,0.0,,0.0,1,0.12,0.14,SPY201221C00379000,379.0,normalDay
2020-12-17,3877.0,6222.0,0.0,100,372.24,310.0,0,0.0,0.0,,0.0,1,0.12,0.14,SPY201221C00379000,379.0,normalDay
2020-12-18,3877.0,5926.0,0.0,100,369.18,310.0,0,0.0,0.0,,0.0,1,0.12,0.04,SPY201221C00379000,379.0,normalDay
2020-12-21,3889.0,5786.0,12.0,100,367.86,310.0,0,0.0,0.0,,0.0,1,0.12,0.0,SPY201221C00379000,379.0,expirationDay
2020-12-22,3889.0,5721.0,0.0,100,367.24,310.0,0,0.0,0.0,,0.0,1,0.09,0.12,SPY201228C00376000,376.0,normalDay
2020-12-23,3889.0,5761.0,0.0,100,367.57,310.0,0,0.0,0.0,,0.0,1,0.09,0.05,SPY201228C00376000,376.0,normalDay
2020-12-24,3889.0,5906.0,0.0,100,369.0,310.0,0,0.0,0.0,,0.0,1,0.09,0.03,SPY201228C00376000,376.0,normalDay
2020-12-28,3898.0,6217.0,9.0,100,372.17,310.0,0,0.0,0.0,,0.0,1,0.09,0.0,SPY201228C00376000,376.0,expirationDay
2020-12-29,3898.0,6143.0,0.0,100,371.46,310.0,0,0.0,0.0,,0.0,1,0.78,0.81,SPY210104C00375000,375.0,normalDay
2020-12-30,3898.0,6225.0,0.0,100,371.99,310.0,0,0.0,0.0,,0.0,1,0.78,0.52,SPY210104C00375000,375.0,normalDay
2020-12-31,3898.0,6339.0,0.0,100,373.88,310.0,0,0.0,0.0,,0.0,1,0.78,1.27,SPY210104C00375000,375.0,normalDay
2021-01-04,3976.0,5879.0,78.0,100,368.79,310.0,0,0.0,0.0,,0.0,1,0.78,0.0,SPY210104C00375000,375.0,expirationDay
2021-01-05,3976.0,6130.0,0.0,100,371.33,310.0,0,0.0,0.0,,0.0,1,1.16,1.19,SPY210111C00377000,377.0,normalDay
2021-01-06,3976.0,6311.0,0.0,100,373.55,310.0,0,0.0,0.0,,0.0,1,1.16,1.6,SPY210111C00377000,377.0,normalDay
2021-01-07,3976.0,6705.0,0.0,100,379.1,310.0,0,0.0,0.0,,0.0,1,1.16,3.21,SPY210111C00377000,377.0,normalDay
2021-01-08,3976.0,6748.0,0.0,100,381.26,310.0,0,0.0,0.0,,0.0,1,1.16,4.94,SPY210111C00377000,377.0,normalDay
2021-01-11,10792.0,6748.0,6816.0,0,378.69,0.0,0,0.0,0.0,,0.0,1,1.16,0.0,SPY210111C00377000,377.0,expirationDay
2021-01-12,10792.0,-3.0,0.0,0,378.77,0.0,1,0.76,0.79,SPY210115P00372000,372.0,0,0.0,0.0,,0.0,normalDay
2021-01-13,10792.0,47.0,0.0,0,379.79,0.0,1,0.76,0.29,SPY210115P00372000,372.0,0,0.0,0.0,,0.0,normalDay
2021-01-14,10792.0,55.0,0.0,0,378.46,0.0,1,0.76,0.21,SPY210115P00372000,372.0,0,0.0,0.0,,0.0,normalDay
2021-01-15,10868.0,0.0,76.0,0,375.7,0.0,1,0.76,0.0,SPY210115P00372000,372.0,0,0.0,0.0,,0.0,expirationDay
2021-01-19,10868.0,-3.0,0.0,0,378.65,0.0,1,1.17,1.2,SPY210122P00374000,374.0,0,0.0,0.0,,0.0,normalDay
2021-01-20,10868.0,98.0,0.0,0,383.89,0.0,1,1.17,0.19,SPY210122P00374000,374.0,0,0.0,0.0,,0.0,normalDay
2021-01-21,10868.0,113.0,0.0,0,384.24,0.0,1,1.17,0.04,SPY210122P00374000,374.0,0,0.0,0.0,,0.0,normalDay
2021-01-22,10985.0,0.0,117.0,0,382.88,0.0,1,1.17,0.0,SPY210122P00374000,374.0,0,0.0,0.0,,0.0,expirationDay
2021-01-25,10985.0,-3.0,0.0,0,384.39,0.0,1,0.33,0.36,SPY210127P00377000,377.0,0,0.0,0.0,,0.0,normalDay
2021-01-26,10985.0,18.0,0.0,0,383.79,0.0,1,0.33,0.15,SPY210127P00377000,377.0,0,0.0,0.0,,0.0,normalDay
2021-01-27,11018.0,-259.0,33.0,100,374.41,377.0,1,0.33,0.0,SPY210127P00377000,377.0,0,0.0,0.0,,0.0,expirationDay
2021-01-28,11018.0,60.0,0.0,100,377.63,377.0,0,0.0,0.0,,0.0,1,0.06,0.09,SPY210203C00393000,393.0,normalDay
2021-01-29,11018.0,-692.0,0.0,100,370.07,377.0,0,0.0,0.0,,0.0,1,0.06,0.05,SPY210203C00393000,393.0,normalDay
2021-02-01,11018.0,-73.0,0.0,100,376.23,377.0,0,0.0,0.0,,0.0,1,0.06,0.02,SPY210203C00393000,393.0,normalDay
2021-02-02,11018.0,460.0,0.0,100,381.55,377.0,0,0.0,0.0,,0.0,1,0.06,0.01,SPY210203C00393000,393.0,normalDay
2021-02-03,11024.0,485.0,6.0,100,381.85,377.0,0,0.0,0.0,,0.0,1,0.06,0.0,SPY210203C00393000,393.0,expirationDay
2021-02-04,11024.0,916.0,0.0,100,386.19,377.0,0,0.0,0.0,,0.0,1,0.32,0.35,SPY210210C00393000,393.0,normalDay
2021-02-05,11024.0,1069.0,0.0,100,387.71,377.0,0,0.0,0.0,,0.0,1,0.32,0.34,SPY210210C00393000,393.0,normalDay
2021-02-08,11024.0,1332.0,0.0,100,390.51,377.0,0,0.0,0.0,,0.0,1,0.32,0.51,SPY210210C00393000,393.0,normalDay
2021-02-09,11024.0,1335.0,0.0,100,390.25,377.0,0,0.0,0.0,,0.0,1,0.32,0.22,SPY210210C00393000,393.0,normalDay
2021-02-10,11056.0,1308.0,32.0,100,390.08,377.0,0,0.0,0.0,,0.0,1,0.32,0.0,SPY210210C00393000,393.0,expirationDay
2021-02-11,11056.0,1368.0,0.0,100,390.71,377.0,0,0.0,0.0,,0.0,1,0.05,0.08,SPY210217C00401000,401.0,normalDay
2021-02-12,11056.0,1559.0,0.0,100,392.64,377.0,0,0.0,0.0,,0.0,1,0.05,0.1,SPY210217C00401000,401.0,normalDay
2021-02-16,11056.0,1533.0,0.0,100,392.3,377.0,0,0.0,0.0,,0.0,1,0.05,0.02,SPY210217C00401000,401.0,normalDay
2021-02-17,11061.0,1539.0,5.0,100,392.39,377.0,0,0.0,0.0,,0.0,1,0.05,0.0,SPY210217C00401000,401.0,expirationDay
2021-02-18,11061.0,1369.0,0.0,100,390.72,377.0,0,0.0,0.0,,0.0,1,0.01,0.04,SPY210224C00406000,406.0,normalDay
2021-02-19,11061.0,1303.0,0.0,100,390.03,377.0,0,0.0,0.0,,0.0,1,0.01,0.01,SPY210224C00406000,406.0,normalDay
2021-02-22,11061.0,1003.0,0.0,100,387.03,377.0,0,0.0,0.0,,0.0,1,0.01,0.01,SPY210224C00406000,406.0,normalDay
2021-02-23,11061.0,1050.0,0.0,100,387.5,377.0,0,0.0,0.0,,0.0,1,0.01,0.01,SPY210224C00406000,406.0,normalDay
2021-02-24,11062.0,1477.0,1.0,100,391.77,377.0,0,0.0,0.0,,0.0,1,0.01,0.0,SPY210224C00406000,406.0,expirationDay
2021-02-25,11062.0,533.0,0.0,100,382.33,377.0,0,0.0,0.0,,0.0,0,0.0,0.0,,0.0,bidTooLow
2021-02-26,11062.0,336.0,0.0,100,380.36,377.0,0,0.0,0.0,,0.0,0,0.0,0.0,,0.0,bidTooLow
2021-03-01,11062.0,1255.0,0.0,100,389.58,377.0,0,0.0,0.0,,0.0,1,0.08,0.11,SPY210305C00402500,402.5,normalDay
2021-03-02,11062.0,959.0,0.0,100,386.54,377.0,0,0.0,0.0,,0.0,1,0.08,0.03,SPY210305C00402500,402.5,normalDay
2021-03-03,11062.0,448.0,0.0,100,381.42,377.0,0,0.0,0.0,,0.0,1,0.08,0.02,SPY210305C00402500,402.5,normalDay
2021-03-04,11062.0,-23.0,0.0,100,376.7,377.0,0,0.0,0.0,,0.0,1,0.08,0.01,SPY210305C00402500,402.5,normalDay
2021-03-05,11070.0,663.0,8.0,100,383.63,377.0,0,0.0,0.0,,0.0,1,0.08,0.0,SPY210305C00402500,402.5,expirationDay
2021-03-08,11070.0,469.0,0.0,100,381.72,377.0,0,0.0,0.0,,0.0,1,0.01,0.04,SPY210312C00402500,402.5,normalDay
2021-03-09,11070.0,1014.0,0.0,100,387.17,377.0,0,0.0,0.0,,0.0,1,0.01,0.04,SPY210312C00402500,402.5,normalDay
2021-03-10,11070.0,1256.0,0.0,100,389.58,377.0,0,0.0,0.0,,0.0,1,0.01,0.03,SPY210312C00402500,402.5,normalDay
2021-03-11,11070.0,1652.0,0.0,100,393.53,377.0,0,0.0,0.0,,0.0,1,0.01,0.02,SPY210312C00402500,402.5,normalDay
2021-03-12,11071.0,1706.0,1.0,100,394.06,377.0,0,0.0,0.0,,0.0,1,0.01,0.0,SPY210312C00402500,402.5,expirationDay
2021-03-15,11071.0,1938.0,0.0,100,396.41,377.0,0,0.0,0.0,,0.0,1,0.19,0.22,SPY210319C00405000,405.0,normalDay
2021-03-16,11071.0,1897.0,0.0,100,395.91,377.0,0,0.0,0.0,,0.0,1,0.19,0.13,SPY210319C00405000,405.0,normalDay
2021-03-17,11071.0,2036.0,0.0,100,397.26,377.0,0,0.0,0.0,,0.0,1,0.19,0.09,SPY210319C00405000,405.0,normalDay
2021-03-18,11071.0,1465.0,0.0,100,391.48,377.0,0,0.0,0.0,,0.0,1,0.19,0.02,SPY210319C00405000,405.0,normalDay
2021-03-19,11090.0,1248.0,19.0,100,389.48,377.0,0,0.0,0.0,,0.0,1,0.19,0.0,SPY210319C00405000,405.0,expirationDay
2021-03-22,11090.0,1559.0,0.0,100,392.59,377.0,0,0.0,0.0,,0.0,0,0.0,0.0,,0.0,bidTooLow
2021-03-23,11090.0,1250.0,0.0,100,389.5,377.0,0,0.0,0.0,,0.0,0,0.0,0.0,,0.0,bidTooLow
2021-03-24,11090.0,1052.0,0.0,100,387.52,377.0,0,0.0,0.0,,0.0,0,0.0,0.0,,0.0,bidTooLow
2021-03-25,11090.0,1270.0,0.0,100,389.7,377.0,0,0.0,0.0,,0.0,0,0.0,0.0,,0.0,bidTooLow
2021-03-26,11090.0,1895.0,0.0,100,395.98,377.0,0,0.0,0.0,,0.0,1,0.05,0.08,SPY210401C00407000,407.0,normalDay
2021-03-29,11090.0,1877.0,0.0,100,395.78,377.0,0,0.0,0.0,,0.0,1,0.05,0.06,SPY210401C00407000,407.0,normalDay
2021-03-30,11090.0,1776.0,0.0,100,394.73,377.0,0,0.0,0.0,,0.0,1,0.05,0.02,SPY210401C00407000,407.0,normalDay
2021-03-31,11090.0,1936.0,0.0,100,396.33,377.0,0,0.0,0.0,,0.0,1,0.05,0.02,SPY210401C00407000,407.0,normalDay
2021-04-01,11095.0,2361.0,5.0,100,400.61,377.0,0,0.0,0.0,,0.0,1,0.05,0.0,SPY210401C00407000,407.0,expirationDay
2021-04-05,11095.0,2933.0,0.0,100,406.36,377.0,0,0.0,0.0,,0.0,1,0.8,0.83,SPY210409C00410000,410.0,normalDay
2021-04-06,11095.0,2939.0,0.0,100,406.12,377.0,0,0.0,0.0,,0.0,1,0.8,0.53,SPY210409C00410000,410.0,normalDay
2021-04-07,11095.0,3000.0,0.0,100,406.59,377.0,0,0.0,0.0,,0.0,1,0.8,0.39,SPY210409C00410000,410.0,normalDay
2021-04-08,11095.0,3184.0,0.0,100,408.52,377.0,0,0.0,0.0,,0.0,1,0.8,0.48,SPY210409C00410000,410.0,normalDay
2021-04-09,14475.0,3184.0,3380.0,0,411.49,0.0,0,0.0,0.0,,0.0,1,0.8,0.0,SPY210409C00410000,410.0,expirationDay
2021-04-12,14475.0,-3.0,0.0,0,411.64,0.0,1,0.02,0.05,SPY210414P00398000,398.0,0,0.0,0.0,,0.0,normalDay
2021-04-13,14475.0,0.0,0.0,0,412.86,0.0,1,0.02,0.02,SPY210414P00398000,398.0,0,0.0,0.0,,0.0,normalDay
2021-04-14,14477.0,0.0,2.0,0,411.45,0.0,1,0.02,0.0,SPY210414P00398000,398.0,0,0.0,0.0,,0.0,expirationDay
2021-04-15,14477.0,-3.0,0.0,0,415.87,0.0,1,0.01,0.04,SPY210416P00401000,401.0,0,0.0,0.0,,0.0,normalDay
2021-04-16,14478.0,0.0,1.0,0,417.26,0.0,1,0.01,0.0,SPY210416P00401000,401.0,0,0.0,0.0,,0.0,expirationDay
2021-04-19,14478.0,-3.0,0.0,0,415.21,0.0,1,0.02,0.05,SPY210421P00403000,403.0,0,0.0,0.0,,0.0,normalDay
2021-04-20,14478.0,-3.0,0.0,0,412.17,0.0,1,0.02,0.05,SPY210421P00403000,403.0,0,0.0,0.0,,0.0,normalDay
2021-04-21,14480.0,0.0,2.0,0,416.07,0.0,1,0.02,0.0,SPY210421P00403000,403.0,0,0.0,0.0,,0.0,expirationDay
2021-04-22,14480.0,-3.0,0.0,0,412.27,0.0,1,0.2,0.23,SPY210423P00407000,407.0,0,0.0,0.0,,0.0,normalDay
2021-04-23,14500.0,0.0,20.0,0,416.74,0.0,1,0.2,0.0,SPY210423P00407000,407.0,0,0.0,0.0,,0.0,expirationDay
2021-04-26,14500.0,-3.0,0.0,0,417.61,0.0,1,0.09,0.12,SPY210428P00409000,409.0,0,0.0,0.0,,0.0,normalDay
2021-04-27,14500.0,4.0,0.0,0,417.52,0.0,1,0.09,0.05,SPY210428P00409000,409.0,0,0.0,0.0,,0.0,normalDay
2021-04-28,14509.0,0.0,9.0,0,417.4,0.0,1,0.09,0.0,SPY210428P00409000,409.0,0,0.0,0.0,,0.0,expirationDay
2021-04-29,14509.0,-3.0,0.0,0,420.06,0.0,1,0.04,0.07,SPY210430P00412500,412.5,0,0.0,0.0,,0.0,normalDay
2021-04-30,14513.0,0.0,4.0,0,417.3,0.0,1,0.04,0.0,SPY210430P00412500,412.5,0,0.0,0.0,,0.0,expirationDay
2021-05-03,14513.0,-3.0,0.0,0,418.2,0.0,1,0.4,0.43,SPY210505P00414000,414.0,0,0.0,0.0,,0.0,normalDay
2021-05-04,14513.0,-34.0,0.0,0,415.62,0.0,1,0.4,0.74,SPY210505P00414000,414.0,0,0.0,0.0,,0.0,normalDay
2021-05-05,14553.0,0.0,40.0,0,415.75,0.0,1,0.4,0.0,SPY210505P00414000,414.0,0,0.0,0.0,,0.0,expirationDay
2021-05-06,14553.0,-3.0,0.0,0,419.07,0.0,1,0.35,0.38,SPY210507P00416000,416.0,0,0.0,0.0,,0.0,normalDay
2021-05-07,14588.0,0.0,35.0,0,422.12,0.0,1,0.35,0.0,SPY210507P00416000,416.0,0,0.0,0.0,,0.0,expirationDay
2021-05-10,14588.0,-3.0,0.0,0,417.94,0.0,1,1.44,1.47,SPY210512P00416000,416.0,0,0.0,0.0,,0.0,normalDay
2021-05-11,14588.0,-135.0,0.0,0,414.21,0.0,1,1.44,2.79,SPY210512P00416000,416.0,0,0.0,0.0,,0.0,normalDay
2021-05-12,14732.0,-1059.0,144.0,100,405.41,416.0,1,1.44,0.0,SPY210512P00416000,416.0,0,0.0,0.0,,0.0,expirationDay
2021-05-13,14732.0,-572.0,0.0,100,410.28,416.0,0,0.0,0.0,,0.0,0,0.0,0.0,,0.0,bidTooLow
2021-05-14,14732.0,55.0,0.0,100,416.58,416.0,0,0.0,0.0,,0.0,1,0.01,0.04,SPY210519C00428000,428.0,normalDay
2021-05-17,14732.0,-48.0,0.0,100,415.52,416.0,0,0.0,0.0,,0.0,1,0.01,0.01,SPY210519C00428000,428.0,normalDay
2021-05-18,14732.0,-406.0,0.0,100,411.94,416.0,0,0.0,0.0,,0.0,1,0.01,0.01,SPY210519C00428000,428.0,normalDay
2021-05-19,14733.0,-514.0,1.0,100,410.86,416.0,0,0.0,0.0,,0.0,1,0.01,0.0,SPY210519C00428000,428.0,expirationDay
2021-05-20,14733.0,-75.0,0.0,100,415.28,416.0,0,0.0,0.0,,0.0,1,0.03,0.06,SPY210526C00428000,428.0,normalDay
2021-05-21,14733.0,-105.0,0.0,100,414.94,416.0,0,0.0,0.0,,0.0,1,0.03,0.02,SPY210526C00428000,428.0,normalDay
2021-05-24,14733.0,317.0,0.0,100,419.17,416.0,0,0.0,0.0,,0.0,1,0.03,0.03,SPY210526C00428000,428.0,normalDay
2021-05-25,14733.0,226.0,0.0,100,418.24,416.0,0,0.0,0.0,,0.0,1,0.03,0.01,SPY210526C00428000,428.0,normalDay
2021-05-26,14736.0,307.0,3.0,100,419.07,416.0,0,0.0,0.0,,0.0,1,0.03,0.0,SPY210526C00428000,428.0,expirationDay
2021-05-27,14736.0,326.0,0.0,100,419.29,416.0,0,0.0,0.0,,0.0,1,0.02,0.05,SPY210602C00428000,428.0,normalDay
2021-05-28,14736.0,402.0,0.0,100,420.04,416.0,0,0.0,0.0,,0.0,1,0.02,0.04,SPY210602C00428000,428.0,normalDay
2021-06-01,14736.0,368.0,0.0,100,419.67,416.0,0,0.0,0.0,,0.0,1,0.02,0.01,SPY210602C00428000,428.0,normalDay
2021-06-02,14738.0,433.0,2.0,100,420.33,416.0,0,0.0,0.0,,0.0,1,0.02,0.0,SPY210602C00428000,428.0,expirationDay
2021-06-03,14738.0,274.0,0.0,100,418.77,416.0,0,0.0,0.0,,0.0,1,0.02,0.05,SPY210609C00430000,430.0,normalDay
2021-06-04,14738.0,658.0,0.0,100,422.6,416.0,0,0.0,0.0,,0.0,1,0.02,0.04,SPY210609C00430000,430.0,normalDay
2021-06-07,14738.0,619.0,0.0,100,422.19,416.0,0,0.0,0.0,,0.0,1,0.02,0.02,SPY210609C00430000,430.0,normalDay
2021-06-08,14738.0,629.0,0.0,100,422.28,416.0,0,0.0,0.0,,0.0,1,0.02,0.01,SPY210609C00430000,430.0,normalDay
2021-06-09,14740.0,565.0,2.0,100,421.65,416.0,0,0.0,0.0,,0.0,1,0.02,0.0,SPY210609C00430000,430.0,expirationDay
2021-06-10,14740.0,758.0,0.0,100,423.61,416.0,0,0.0,0.0,,0.0,1,0.13,0.16,SPY210616C00431000,431.0,normalDay
2021-06-11,14740.0,835.0,0.0,100,424.31,416.0,0,0.0,0.0,,0.0,1,0.13,0.09,SPY210616C00431000,431.0,normalDay
2021-06-14,14740.0,930.0,0.0,100,425.26,416.0,0,0.0,0.0,,0.0,1,0.13,0.09,SPY210616C00431000,431.0,normalDay
2021-06-15,14740.0,857.0,0.0,100,424.48,416.0,0,0.0,0.0,,0.0,1,0.13,0.04,SPY210616C00431000,431.0,normalDay
2021-06-16,14753.0,611.0,13.0,100,422.11,416.0,0,0.0,0.0,,0.0,1,0.13,0.0,SPY210616C00431000,431.0,expirationDay
2021-06-17,14753.0,594.0,0.0,100,421.97,416.0,0,0.0,0.0,,0.0,1,0.05,0.08,SPY210623C00430000,430.0,normalDay
2021-06-18,14753.0,-107.0,0.0,100,414.92,416.0,0,0.0,0.0,,0.0,1,0.05,0.04,SPY210623C00430000,430.0,normalDay
2021-06-21,14753.0,489.0,0.0,100,420.86,416.0,0,0.0,0.0,,0.0,1,0.05,0.02,SPY210623C00430000,430.0,normalDay
2021-06-22,14753.0,714.0,0.0,100,423.11,416.0,0,0.0,0.0,,0.0,1,0.05,0.02,SPY210623C00430000,430.0,normalDay
2021-06-23,14758.0,660.0,5.0,100,422.6,416.0,0,0.0,0.0,,0.0,1,0.05,0.0,SPY210623C00430000,430.0,expirationDay
2021-06-24,14758.0,907.0,0.0,100,425.1,416.0,0,0.0,0.0,,0.0,1,0.26,0.29,SPY210630C00430000,430.0,normalDay
2021-06-25,14758.0,1054.0,0.0,100,426.61,416.0,0,0.0,0.0,,0.0,1,0.26,0.33,SPY210630C00430000,430.0,normalDay
2021-06-28,14758.0,1149.0,0.0,100,427.47,416.0,0,0.0,0.0,,0.0,1,0.26,0.24,SPY210630C00430000,430.0,normalDay
2021-06-29,14758.0,1186.0,0.0,100,427.7,416.0,0,0.0,0.0,,0.0,1,0.26,0.1,SPY210630C00430000,430.0,normalDay
2021-06-30,14784.0,1206.0,26.0,100,428.06,416.0,0,0.0,0.0,,0.0,1,0.26,0.0,SPY210630C00430000,430.0,expirationDay
2021-07-01,14784.0,1440.0,0.0,100,430.43,416.0,0,0.0,0.0,,0.0,1,0.27,0.3,SPY210707C00434000,434.0,normalDay
2021-07-02,14784.0,1704.0,0.0,100,433.72,416.0,0,0.0,0.0,,0.0,1,0.27,0.95,SPY210707C00434000,434.0,normalDay
2021-07-06,14784.0,1687.0,0.0,100,432.93,416.0,0,0.0,0.0,,0.0,1,0.27,0.33,SPY210707C00434000,434.0,normalDay
2021-07-07,16611.0,1687.0,1827.0,0,434.46,0.0,0,0.0,0.0,,0.0,1,0.27,0.0,SPY210707C00434000,434.0,expirationDay
2021-07-08,16611.0,-3.0,0.0,0,430.92,0.0,1,0.21,0.24,SPY210709P00426000,426.0,0,0.0,0.0,,0.0,normalDay
2021-07-09,16632.0,0.0,21.0,0,435.52,0.0,1,0.21,0.0,SPY210709P00426000,426.0,0,0.0,0.0,,0.0,expirationDay
2021-07-12,16632.0,-3.0,0.0,0,437.08,0.0,1,0.08,0.11,SPY210714P00427000,427.0,0,0.0,0.0,,0.0,normalDay
2021-07-13,16632.0,-1.0,0.0,0,435.59,0.0,1,0.08,0.09,SPY210714P00427000,427.0,0,0.0,0.0,,0.0,normalDay
2021-07-14,16640.0,0.0,8.0,0,436.24,0.0,1,0.08,0.0,SPY210714P00427000,427.0,0,0.0,0.0,,0.0,expirationDay
2021-07-15,16640.0,-3.0,0.0,0,434.75,0.0,1,0.15,0.18,SPY210716P00429000,429.0,0,0.0,0.0,,0.0,normalDay
2021-07-16,16655.0,0.0,15.0,0,431.34,0.0,1,0.15,0.0,SPY210716P00429000,429.0,0,0.0,0.0,,0.0,expirationDay
2021-07-19,16655.0,-17.0,0.0,0,424.97,0.0,1,5.51,5.68,SPY210721P00430000,430.0,0,0.0,0.0,,0.0,normalDay
2021-07-20,16655.0,452.0,0.0,0,431.06,0.0,1,5.51,0.99,SPY210721P00430000,430.0,0,0.0,0.0,,0.0,normalDay
2021-07-21,17206.0,0.0,551.0,0,434.55,0.0,1,5.51,0.0,SPY210721P00430000,430.0,0,0.0,0.0,,0.0,expirationDay
2021-07-22,17206.0,-3.0,0.0,0,435.46,0.0,1,0.17,0.2,SPY210723P00432000,432.0,0,0.0,0.0,,0.0,normalDay
2021-07-23,17223.0,0.0,17.0,0,439.94,0.0,1,0.17,0.0,SPY210723P00432000,432.0,0,0.0,0.0,,0.0,expirationDay
2021-07-26,17223.0,-3.0,0.0,0,441.02,0.0,1,0.13,0.16,SPY210728P00433000,433.0,0,0.0,0.0,,0.0,normalDay
2021-07-27,17223.0,-15.0,0.0,0,439.01,0.0,1,0.13,0.28,SPY210728P00433000,433.0,0,0.0,0.0,,0.0,normalDay
2021-07-28,17236.0,0.0,13.0,0,438.83,0.0,1,0.13,0.0,SPY210728P00433000,433.0,0,0.0,0.0,,0.0,expirationDay
2021-07-29,17236.0,-3.0,0.0,0,440.65,0.0,1,0.08,0.11,SPY210730P00435000,435.0,0,0.0,0.0,,0.0,normalDay
2021-07-30,17244.0,0.0,8.0,0,438.51,0.0,1,0.08,0.0,SPY210730P00435000,435.0,0,0.0,0.0,,0.0,expirationDay
2021-08-02,17244.0,-3.0,0.0,0,437.59,0.0,1,1.18,1.21,SPY210804P00436000,436.0,0,0.0,0.0,,0.0,normalDay
2021-08-03,17244.0,106.0,0.0,0,441.15,0.0,1,1.18,0.12,SPY210804P00436000,436.0,0,0.0,0.0,,0.0,normalDay
2021-08-04,17362.0,0.0,118.0,0,438.98,0.0,1,1.18,0.0,SPY210804P00436000,436.0,0,0.0,0.0,,0.0,expirationDay
2021-08-05,17362.0,-3.0,0.0,0,441.76,0.0,1,0.16,0.19,SPY210806P00437000,437.0,0,0.0,0.0,,0.0,normalDay
2021-08-06,17378.0,0.0,16.0,0,442.49,0.0,1,0.16,0.0,SPY210806P00437000,437.0,0,0.0,0.0,,0.0,expirationDay
2021-08-09,17378.0,-3.0,0.0,0,442.13,0.0,1,0.17,0.2,SPY210811P00437000,437.0,0,0.0,0.0,,0.0,normalDay
2021-08-10,17378.0,6.0,0.0,0,442.68,0.0,1,0.17,0.11,SPY210811P00437000,437.0,0,0.0,0.0,,0.0,normalDay
2021-08-11,17395.0,0.0,17.0,0,443.78,0.0,1,0.17,0.0,SPY210811P00437000,437.0,0,0.0,0.0,,0.0,expirationDay
2021-08-12,17395.0,-3.0,0.0,0,445.11,0.0,1,0.06,0.09,SPY210813P00439000,439.0,0,0.0,0.0,,0.0,normalDay
2021-08-13,17401.0,0.0,6.0,0,445.92,0.0,1,0.06,0.0,SPY210813P00439000,439.0,0,0.0,0.0,,0.0,expirationDay
2021-08-16,17401.0,-3.0,0.0,0,446.97,0.0,1,0.15,0.18,SPY210818P00440000,440.0,0,0.0,0.0,,0.0,normalDay
2021-08-17,17401.0,-20.0,0.0,0,444.04,0.0,1,0.15,0.35,SPY210818P00440000,440.0,0,0.0,0.0,,0.0,normalDay
2021-08-18,17416.0,-82.0,15.0,100,439.18,440.0,1,0.15,0.0,SPY210818P00440000,440.0,0,0.0,0.0,,0.0,expirationDay
2021-08-19,17416.0,-17.0,0.0,100,439.86,440.0,0,0.0,0.0,,0.0,1,0.12,0.15,SPY210825C00450000,450.0,normalDay
2021-08-20,17416.0,340.0,0.0,100,443.36,440.0,0,0.0,0.0,,0.0,1,0.12,0.08,SPY210825C00450000,450.0,normalDay
2021-08-23,17416.0,711.0,0.0,100,447.26,440.0,0,0.0,0.0,,0.0,1,0.12,0.27,SPY210825C00450000,450.0,normalDay
2021-08-24,17416.0,795.0,0.0,100,447.97,440.0,0,0.0,0.0,,0.0,1,0.12,0.14,SPY210825C00450000,450.0,normalDay
2021-08-25,17428.0,891.0,12.0,100,448.91,440.0,0,0.0,0.0,,0.0,1,0.12,0.0,SPY210825C00450000,450.0,expirationDay
2021-08-26,17428.0,623.0,0.0,100,446.26,440.0,0,0.0,0.0,,0.0,1,0.13,0.16,SPY210901C00454000,454.0,normalDay
2021-08-27,17428.0,1010.0,0.0,100,450.25,440.0,0,0.0,0.0,,0.0,1,0.13,0.28,SPY210901C00454000,454.0,normalDay
2021-08-30,17428.0,1202.0,0.0,100,452.23,440.0,0,0.0,0.0,,0.0,1,0.13,0.34,SPY210901C00454000,454.0,normalDay
2021-08-31,17428.0,1154.0,0.0,100,451.56,440.0,0,0.0,0.0,,0.0,1,0.13,0.15,SPY210901C00454000,454.0,normalDay
2021-09-01,17441.0,1180.0,13.0,100,451.8,440.0,0,0.0,0.0,,0.0,1,0.13,0.0,SPY210901C00454000,454.0,expirationDay
2021-09-02,17441.0,1316.0,0.0,100,453.19,440.0,0,0.0,0.0,,0.0,1,0.07,0.1,SPY210908C00460000,460.0,normalDay
2021-09-03,17441.0,1311.0,0.0,100,453.08,440.0,0,0.0,0.0,,0.0,1,0.07,0.04,SPY210908C00460000,460.0,normalDay
2021-09-07,17441.0,1152.0,0.0,100,451.46,440.0,0,0.0,0.0,,0.0,1,0.07,0.01,SPY210908C00460000,460.0,normalDay
2021-09-08,17448.0,1091.0,7.0,100,450.91,440.0,0,0.0,0.0,,0.0,1,0.07,0.0,SPY210908C00460000,460.0,expirationDay
2021-09-09,17448.0,895.0,0.0,100,448.98,440.0,0,0.0,0.0,,0.0,1,0.01,0.04,SPY210915C00461000,461.0,normalDay
2021-09-10,17448.0,542.0,0.0,100,445.44,440.0,0,0.0,0.0,,0.0,1,0.01,0.03,SPY210915C00461000,461.0,normalDay
2021-09-13,17448.0,658.0,0.0,100,446.58,440.0,0,0.0,0.0,,0.0,1,0.01,0.01,SPY210915C00461000,461.0,normalDay
2021-09-14,17448.0,417.0,0.0,100,444.17,440.0,0,0.0,0.0,,0.0,1,0.01,0.01,SPY210915C00461000,461.0,normalDay
2021-09-15,17449.0,788.0,1.0,100,447.88,440.0,0,0.0,0.0,,0.0,1,0.01,0.0,SPY210915C00461000,461.0,expirationDay
2021-09-16,17449.0,717.0,0.0,100,447.17,440.0,0,0.0,0.0,,0.0,0,0.0,0.0,,0.0,bidTooLow
2021-09-17,17449.0,140.0,0.0,100,441.4,440.0,0,0.0,0.0,,0.0,0,0.0,0.0,,0.0,bidTooLow
2021-09-20,17449.0,-596.0,0.0,100,434.04,440.0,0,0.0,0.0,,0.0,0,0.0,0.0,,0.0,bidTooLow
2021-09-21,17449.0,-637.0,0.0,100,433.63,440.0,0,0.0,0.0,,0.0,0,0.0,0.0,,0.0,bidTooLow
2021-09-22,17449.0,-214.0,0.0,100,437.86,440.0,0,0.0,0.0,,0.0,0,0.0,0.0,,0.0,bidTooLow
2021-09-23,17449.0,318.0,0.0,100,443.18,440.0,0,0.0,0.0,,0.0,0,0.0,0.0,,0.0,bidTooLow
2021-09-24,17449.0,391.0,0.0,100,443.91,440.0,0,0.0,0.0,,0.0,0,0.0,0.0,,0.0,bidTooLow
2021-09-27,17449.0,264.0,0.0,100,442.64,440.0,0,0.0,0.0,,0.0,0,0.0,0.0,,0.0,bidTooLow
2021-09-28,17449.0,-628.0,0.0,100,433.72,440.0,0,0.0,0.0,,0.0,0,0.0,0.0,,0.0,bidTooLow
2021-09-29,17449.0,-555.0,0.0,100,434.45,440.0,0,0.0,0.0,,0.0,0,0.0,0.0,,0.0,bidTooLow
2021-09-30,17449.0,-1086.0,0.0,100,429.14,440.0,0,0.0,0.0,,0.0,0,0.0,0.0,,0.0,bidTooLow
2021-10-01,17449.0,-576.0,0.0,100,434.24,440.0,0,0.0,0.0,,0.0,0,0.0,0.0,,0.0,bidTooLow
2021-10-04,17449.0,-1136.0,0.0,100,428.64,440.0,0,0.0,0.0,,0.0,0,0.0,0.0,,0.0,bidTooLow
2021-10-05,17449.0,-690.0,0.0,100,433.1,440.0,0,0.0,0.0,,0.0,0,0.0,0.0,,0.0,bidTooLow
2021-10-06,17449.0,-510.0,0.0,100,434.9,440.0,0,0.0,0.0,,0.0,0,0.0,0.0,,0.0,bidTooLow
2021-10-07,17449.0,-134.0,0.0,100,438.66,440.0,0,0.0,0.0,,0.0,0,0.0,0.0,,0.0,bidTooLow
2021-10-08,17449.0,-214.0,0.0,100,437.86,440.0,0,0.0,0.0,,0.0,0,0.0,0.0,,0.0,bidTooLow
2021-10-11,17449.0,-531.0,0.0,100,434.69,440.0,0,0.0,0.0,,0.0,0,0.0,0.0,,0.0,bidTooLow
2021-10-12,17449.0,-638.0,0.0,100,433.62,440.0,0,0.0,0.0,,0.0,0,0.0,0.0,,0.0,bidTooLow
2021-10-13,17449.0,-482.0,0.0,100,435.18,440.0,0,0.0,0.0,,0.0,0,0.0,0.0,,0.0,bidTooLow
2021-10-14,17449.0,247.0,0.0,100,442.5,440.0,0,0.0,0.0,,0.0,1,0.15,0.18,SPY211020C00451000,451.0,normalDay
2021-10-15,17449.0,570.0,0.0,100,445.87,440.0,0,0.0,0.0,,0.0,1,0.15,0.32,SPY211020C00451000,451.0,normalDay
2021-10-18,17449.0,704.0,0.0,100,447.19,440.0,0,0.0,0.0,,0.0,1,0.15,0.3,SPY211020C00451000,451.0,normalDay
2021-10-19,17449.0,985.0,0.0,100,450.64,440.0,0,0.0,0.0,,0.0,1,0.15,0.94,SPY211020C00451000,451.0,normalDay
2021-10-20,18564.0,985.0,1115.0,0,452.41,0.0,0,0.0,0.0,,0.0,1,0.15,0.0,SPY211020C00451000,451.0,expirationDay
2021-10-21,18564.0,0.0,0.0,0,453.59,0.0,0,0.0,0.0,,0.0,0,0.0,0.0,,0.0,bidTooLow
2021-10-22,18564.0,-3.0,0.0,0,453.12,0.0,1,0.01,0.04,SPY211025P00440000,440.0,0,0.0,0.0,,0.0,normalDay
2021-10-25,18565.0,0.0,1.0,0,455.55,0.0,1,0.01,0.0,SPY211025P00440000,440.0,0,0.0,0.0,,0.0,expirationDay
2021-10-26,18565.0,-3.0,0.0,0,455.96,0.0,1,0.11,0.14,SPY211029P00442000,442.0,0,0.0,0.0,,0.0,normalDay
2021-10-27,18565.0,1.0,0.0,0,453.94,0.0,1,0.11,0.1,SPY211029P00442000,442.0,0,0.0,0.0,,0.0,normalDay
2021-10-28,18565.0,8.0,0.0,0,458.32,0.0,1,0.11,0.03,SPY211029P00442000,442.0,0,0.0,0.0,,0.0,normalDay
2021-10-29,18576.0,0.0,11.0,0,459.25,0.0,1,0.11,0.0,SPY211029P00442000,442.0,0,0.0,0.0,,0.0,expirationDay
2021-11-01,18576.0,-3.0,0.0,0,460.04,0.0,1,0.04,0.07,SPY211103P00447000,447.0,0,0.0,0.0,,0.0,normalDay
2021-11-02,18576.0,1.0,0.0,0,461.9,0.0,1,0.04,0.03,SPY211103P00447000,447.0,0,0.0,0.0,,0.0,normalDay
2021-11-03,18580.0,0.0,4.0,0,464.72,0.0,1,0.04,0.0,SPY211103P00447000,447.0,0,0.0,0.0,,0.0,expirationDay
2021-11-04,18580.0,-3.0,0.0,0,466.91,0.0,1,0.01,0.04,SPY211105P00451000,451.0,0,0.0,0.0,,0.0,normalDay
2021-11-05,18581.0,0.0,1.0,0,468.53,0.0,1,0.01,0.0,SPY211105P00451000,451.0,0,0.0,0.0,,0.0,expirationDay
2021-11-08,18581.0,-3.0,0.0,0,468.93,0.0,1,0.03,0.06,SPY211110P00454000,454.0,0,0.0,0.0,,0.0,normalDay
2021-11-09,18581.0,-1.0,0.0,0,467.38,0.0,1,0.03,0.04,SPY211110P00454000,454.0,0,0.0,0.0,,0.0,normalDay
2021-11-10,18584.0,0.0,3.0,0,463.62,0.0,1,0.03,0.0,SPY211110P00454000,454.0,0,0.0,0.0,,0.0,expirationDay
2021-11-11,18584.0,-3.0,0.0,0,463.77,0.0,1,0.13,0.16,SPY211112P00459000,459.0,0,0.0,0.0,,0.0,normalDay
2021-11-12,18597.0,0.0,13.0,0,467.27,0.0,1,0.13,0.0,SPY211112P00459000,459.0,0,0.0,0.0,,0.0,expirationDay
2021-11-15,18597.0,-3.0,0.0,0,467.43,0.0,1,0.14,0.17,SPY211117P00461000,461.0,0,0.0,0.0,,0.0,normalDay
2021-11-16,18597.0,8.0,0.0,0,469.28,0.0,1,0.14,0.06,SPY211117P00461000,461.0,0,0.0,0.0,,0.0,normalDay
2021-11-17,18611.0,0.0,14.0,0,468.14,0.0,1,0.14,0.0,SPY211117P00461000,461.0,0,0.0,0.0,,0.0,expirationDay
2021-11-18,18611.0,-3.0,0.0,0,469.73,0.0,1,0.07,0.1,SPY211119P00463000,463.0,0,0.0,0.0,,0.0,normalDay
2021-11-19,18618.0,0.0,7.0,0,468.89,0.0,1,0.07,0.0,SPY211119P00463000,463.0,0,0.0,0.0,,0.0,expirationDay
2021-11-22,18618.0,-4.0,0.0,0,467.57,0.0,1,1.15,1.19,SPY211124P00465000,465.0,0,0.0,0.0,,0.0,normalDay
2021-11-23,18618.0,59.0,0.0,0,468.19,0.0,1,1.15,0.56,SPY211124P00465000,465.0,0,0.0,0.0,,0.0,normalDay
2021-11-24,18733.0,0.0,115.0,0,469.44,0.0,1,1.15,0.0,SPY211124P00465000,465.0,0,0.0,0.0,,0.0,expirationDay
2021-11-26,18733.0,-211.0,0.0,0,458.97,0.0,1,7.72,9.83,SPY211129P00466000,466.0,0,0.0,0.0,,0.0,normalDay
2021-11-29,19505.0,-140.0,772.0,100,464.6,466.0,1,7.72,0.0,SPY211129P00466000,466.0,0,0.0,0.0,,0.0,expirationDay
2021-11-30,19505.0,-1047.0,0.0,100,455.56,466.0,0,0.0,0.0,,0.0,1,0.04,0.07,SPY211206C00478000,478.0,normalDay
2021-12-01,19505.0,-1549.0,0.0,100,450.5,466.0,0,0.0,0.0,,0.0,1,0.04,0.03,SPY211206C00478000,478.0,normalDay
2021-12-02,19505.0,-858.0,0.0,100,457.4,466.0,0,0.0,0.0,,0.0,1,0.04,0.02,SPY211206C00478000,478.0,normalDay
2021-12-03,19505.0,-1255.0,0.0,100,453.42,466.0,0,0.0,0.0,,0.0,1,0.04,0.01,SPY211206C00478000,478.0,normalDay
2021-12-06,19509.0,-721.0,4.0,100,458.79,466.0,0,0.0,0.0,,0.0,1,0.04,0.0,SPY211206C00478000,478.0,expirationDay
2021-12-07,19509.0,225.0,0.0,100,468.28,466.0,0,0.0,0.0,,0.0,1,0.04,0.07,SPY211213C00482000,482.0,normalDay
2021-12-08,19509.0,351.0,0.0,100,469.52,466.0,0,0.0,0.0,,0.0,1,0.04,0.05,SPY211213C00482000,482.0,normalDay
2021-12-09,19509.0,37.0,0.0,100,466.35,466.0,0,0.0,0.0,,0.0,1,0.04,0.02,SPY211213C00482000,482.0,normalDay
2021-12-10,19509.0,477.0,0.0,100,470.74,466.0,0,0.0,0.0,,0.0,1,0.04,0.01,SPY211213C00482000,482.0,normalDay
2021-12-13,19513.0,57.0,4.0,100,466.57,466.0,0,0.0,0.0,,0.0,1,0.04,0.0,SPY211213C00482000,482.0,expirationDay
2021-12-14,19513.0,-264.0,0.0,100,463.36,466.0,0,0.0,0.0,,0.0,0,0.0,0.0,,0.0,bidTooLow
2021-12-15,19513.0,457.0,0.0,100,470.6,466.0,0,0.0,0.0,,0.0,1,0.02,0.05,SPY211220C00484000,484.0,normalDay
2021-12-16,19513.0,44.0,0.0,100,466.45,466.0,0,0.0,0.0,,0.0,1,0.02,0.03,SPY211220C00484000,484.0,normalDay
2021-12-17,19513.0,-612.0,0.0,100,459.87,466.0,0,0.0,0.0,,0.0,1,0.02,0.01,SPY211220C00484000,484.0,normalDay
2021-12-20,19515.0,-1102.0,2.0,100,454.98,466.0,0,0.0,0.0,,0.0,1,0.02,0.0,SPY211220C00484000,484.0,expirationDay
2021-12-21,19515.0,-294.0,0.0,100,463.06,466.0,0,0.0,0.0,,0.0,0,0.0,0.0,,0.0,bidTooLow
2021-12-22,19515.0,169.0,0.0,100,467.69,466.0,0,0.0,0.0,,0.0,0,0.0,0.0,,0.0,bidTooLow
2021-12-23,19515.0,457.0,0.0,100,470.6,466.0,0,0.0,0.0,,0.0,1,0.02,0.05,SPY211229C00483000,483.0,normalDay
2021-12-27,19515.0,1115.0,0.0,100,477.26,466.0,0,0.0,0.0,,0.0,1,0.02,0.13,SPY211229C00483000,483.0,normalDay
2021-12-28,19515.0,1084.0,0.0,100,476.87,466.0,0,0.0,0.0,,0.0,1,0.02,0.05,SPY211229C00483000,483.0,normalDay
2021-12-29,19517.0,1148.0,2.0,100,477.48,466.0,0,0.0,0.0,,0.0,1,0.02,0.0,SPY211229C00483000,483.0,expirationDay
2021-12-30,19517.0,1013.0,0.0,100,476.16,466.0,0,0.0,0.0,,0.0,1,0.02,0.05,SPY220105C00490000,490.0,normalDay
2021-12-31,19517.0,896.0,0.0,100,474.96,466.0,0,0.0,0.0,,0.0,1,0.02,0.02,SPY220105C00490000,490.0,normalDay
2022-01-03,19517.0,1172.0,0.0,100,477.71,466.0,0,0.0,0.0,,0.0,1,0.02,0.01,SPY220105C00490000,490.0,normalDay
2022-01-04,19517.0,1156.0,0.0,100,477.55,466.0,0,0.0,0.0,,0.0,1,0.02,0.01,SPY220105C00490000,490.0,normalDay
2022-01-05,19519.0,238.0,2.0,100,468.38,466.0,0,0.0,0.0,,0.0,1,0.02,0.0,SPY220105C00490000,490.0,expirationDay
2022-01-06,19519.0,194.0,0.0,100,467.94,466.0,0,0.0,0.0,,0.0,0,0.0,0.0,,0.0,bidTooLow
2022-01-07,19519.0,9.0,0.0,100,466.09,466.0,0,0.0,0.0,,0.0,0,0.0,0.0,,0.0,bidTooLow
2022-01-10,19519.0,-49.0,0.0,100,465.51,466.0,0,0.0,0.0,,0.0,0,0.0,0.0,,0.0,bidTooLow
2022-01-11,19519.0,375.0,0.0,100,469.75,466.0,0,0.0,0.0,,0.0,0,0.0,0.0,,0.0,bidTooLow
2022-01-12,19519.0,502.0,0.0,100,471.02,466.0,0,0.0,0.0,,0.0,0,0.0,0.0,,0.0,bidTooLow
2022-01-13,19519.0,-147.0,0.0,100,464.53,466.0,0,0.0,0.0,,0.0,0,0.0,0.0,,0.0,bidTooLow
2022-01-14,19519.0,-128.0,0.0,100,464.72,466.0,0,0.0,0.0,,0.0,0,0.0,0.0,,0.0,bidTooLow
2022-01-18,19519.0,-951.0,0.0,100,456.49,466.0,0,0.0,0.0,,0.0,0,0.0,0.0,,0.0,bidTooLow
2022-01-19,19519.0,-1425.0,0.0,100,451.75,466.0,0,0.0,0.0,,0.0,0,0.0,0.0,,0.0,bidTooLow
2022-01-20,19519.0,-1925.0,0.0,100,446.75,466.0,0,0.0,0.0,,0.0,0,0.0,0.0,,0.0,bidTooLow
2022-01-21,19519.0,-2802.0,0.0,100,437.98,466.0,0,0.0,0.0,,0.0,0,0.0,0.0,,0.0,bidTooLow
2022-01-24,19519.0,-2616.0,0.0,100,439.84,466.0,0,0.0,0.0,,0.0,0,0.0,0.0,,0.0,bidTooLow
2022-01-25,19519.0,-3153.0,0.0,100,434.47,466.0,0,0.0,0.0,,0.0,0,0.0,0.0,,0.0,bidTooLow
2022-01-26,19519.0,-3262.0,0.0,100,433.38,466.0,0,0.0,0.0,,0.0,0,0.0,0.0,,0.0,bidTooLow
2022-01-27,19519.0,-3476.0,0.0,100,431.24,466.0,0,0.0,0.0,,0.0,0,0.0,0.0,,0.0,bidTooLow
2022-01-28,19519.0,-2405.0,0.0,100,441.95,466.0,0,0.0,0.0,,0.0,0,0.0,0.0,,0.0,bidTooLow
2022-01-31,19519.0,-1609.0,0.0,100,449.91,466.0,0,0.0,0.0,,0.0,0,0.0,0.0,,0.0,bidTooLow
2022-02-01,19519.0,-1305.0,0.0,100,452.95,466.0,0,0.0,0.0,,0.0,0,0.0,0.0,,0.0,bidTooLow
2022-02-02,19519.0,-865.0,0.0,100,457.35,466.0,0,0.0,0.0,,0.0,0,0.0,0.0,,0.0,bidTooLow
2022-02-03,19519.0,-1940.0,0.0,100,446.6,466.0,0,0.0,0.0,,0.0,0,0.0,0.0,,0.0,bidTooLow
2022-02-04,19519.0,-1730.0,0.0,100,448.7,466.0,0,0.0,0.0,,0.0,0,0.0,0.0,,0.0,bidTooLow
2022-02-07,19519.0,-1874.0,0.0,100,447.26,466.0,0,0.0,0.0,,0.0,0,0.0,0.0,,0.0,bidTooLow
2022-02-08,19519.0,-1506.0,0.0,100,450.94,466.0,0,0.0,0.0,,0.0,0,0.0,0.0,,0.0,bidTooLow
2022-02-09,19519.0,-846.0,0.0,100,457.54,466.0,0,0.0,0.0,,0.0,0,0.0,0.0,,0.0,bidTooLow
2022-02-10,19519.0,-1668.0,0.0,100,449.32,466.0,0,0.0,0.0,,0.0,0,0.0,0.0,,0.0,bidTooLow
2022-02-11,19519.0,-2554.0,0.0,100,440.46,466.0,0,0.0,0.0,,0.0,0,0.0,0.0,,0.0,bidTooLow
2022-02-14,19519.0,-2698.0,0.0,100,439.02,466.0,0,0.0,0.0,,0.0,0,0.0,0.0,,0.0,bidTooLow
2022-02-15,19519.0,-1990.0,0.0,100,446.1,466.0,0,0.0,0.0,,0.0,0,0.0,0.0,,0.0,bidTooLow
2022-02-16,19519.0,-1940.0,0.0,100,446.6,466.0,0,0.0,0.0,,0.0,0,0.0,0.0,,0.0,bidTooLow
2022-02-17,19519.0,-2894.0,0.0,100,437.06,466.0,0,0.0,0.0,,0.0,0,0.0,0.0,,0.0,bidTooLow
2022-02-18,19519.0,-3177.0,0.0,100,434.23,466.0,0,0.0,0.0,,0.0,0,0.0,0.0,,0.0,bidTooLow
2022-02-22,19519.0,-3643.0,0.0,100,429.57,466.0,0,0.0,0.0,,0.0,0,0.0,0.0,,0.0,bidTooLow
2022-02-23,19519.0,-4405.0,0.0,100,421.95,466.0,0,0.0,0.0,,0.0,0,0.0,0.0,,0.0,bidTooLow
2022-02-24,19519.0,-3770.0,0.0,100,428.3,466.0,0,0.0,0.0,,0.0,0,0.0,0.0,,0.0,bidTooLow
2022-02-25,19519.0,-2825.0,0.0,100,437.75,466.0,0,0.0,0.0,,0.0,0,0.0,0.0,,0.0,bidTooLow
2022-02-28,19519.0,-2937.0,0.0,100,436.63,466.0,0,0.0,0.0,,0.0,0,0.0,0.0,,0.0,bidTooLow
2022-03-01,19519.0,-3602.0,0.0,100,429.98,466.0,0,0.0,0.0,,0.0,0,0.0,0.0,,0.0,bidTooLow
2022-03-02,19519.0,-2811.0,0.0,100,437.89,466.0,0,0.0,0.0,,0.0,0,0.0,0.0,,0.0,bidTooLow
2022-03-03,19519.0,-3029.0,0.0,100,435.71,466.0,0,0.0,0.0,,0.0,0,0.0,0.0,,0.0,bidTooLow
2022-03-04,19519.0,-3383.0,0.0,100,432.17,466.0,0,0.0,0.0,,0.0,0,0.0,0.0,,0.0,bidTooLow
2022-03-07,19519.0,-4657.0,0.0,100,419.43,466.0,0,0.0,0.0,,0.0,0,0.0,0.0,,0.0,bidTooLow
2022-03-08,19519.0,-4975.0,0.0,100,416.25,466.0,0,0.0,0.0,,0.0,0,0.0,0.0,,0.0,bidTooLow
2022-03-09,19519.0,-3859.0,0.0,100,427.41,466.0,0,0.0,0.0,,0.0,0,0.0,0.0,,0.0,bidTooLow
2022-03-10,19519.0,-4052.0,0.0,100,425.48,466.0,0,0.0,0.0,,0.0,0,0.0,0.0,,0.0,bidTooLow
2022-03-11,19519.0,-4593.0,0.0,100,420.07,466.0,0,0.0,0.0,,0.0,0,0.0,0.0,,0.0,bidTooLow
2022-03-14,19519.0,-4900.0,0.0,100,417.0,466.0,0,0.0,0.0,,0.0,0,0.0,0.0,,0.0,bidTooLow
2022-03-15,19519.0,-3983.0,0.0,100,426.17,466.0,0,0.0,0.0,,0.0,0,0.0,0.0,,0.0,bidTooLow
2022-03-16,19519.0,-3041.0,0.0,100,435.62,466.0,0,0.0,0.0,,0.0,1,0.02,0.05,SPY220321C00456000,456.0,normalDay
2022-03-17,19519.0,-2498.0,0.0,100,441.07,466.0,0,0.0,0.0,,0.0,1,0.02,0.07,SPY220321C00456000,456.0,normalDay
2022-03-18,19519.0,-2149.0,0.0,100,444.52,466.0,0,0.0,0.0,,0.0,1,0.02,0.03,SPY220321C00456000,456.0,normalDay
2022-03-21,19521.0,-2161.0,2.0,100,444.39,466.0,0,0.0,0.0,,0.0,1,0.02,0.0,SPY220321C00456000,456.0,expirationDay
2022-03-22,19521.0,-1645.0,0.0,100,449.59,466.0,0,0.0,0.0,,0.0,1,0.18,0.22,SPY220328C00463000,463.0,normalDay
2022-03-23,19521.0,-2205.0,0.0,100,443.8,466.0,0,0.0,0.0,,0.0,1,0.18,0.03,SPY220328C00463000,463.0,normalDay
2022-03-24,19521.0,-1537.0,0.0,100,450.49,466.0,0,0.0,0.0,,0.0,1,0.18,0.04,SPY220328C00463000,463.0,normalDay
2022-03-25,19521.0,-1315.0,0.0,100,452.69,466.0,0,0.0,0.0,,0.0,1,0.18,0.02,SPY220328C00463000,463.0,normalDay
2022-03-28,19539.0,-1009.0,18.0,100,455.91,466.0,0,0.0,0.0,,0.0,1,0.18,0.0,SPY220328C00463000,463.0,expirationDay
2022-03-29,19539.0,-448.0,0.0,100,461.55,466.0,0,0.0,0.0,,0.0,1,0.01,0.04,SPY220404C00480000,480.0,normalDay
2022-03-30,19539.0,-731.0,0.0,100,458.7,466.0,0,0.0,0.0,,0.0,1,0.01,0.02,SPY220404C00480000,480.0,normalDay
2022-03-31,19539.0,-1436.0,0.0,100,451.64,466.0,0,0.0,0.0,,0.0,1,0.01,0.01,SPY220404C00480000,480.0,normalDay
2022-04-01,19539.0,-1308.0,0.0,100,452.92,466.0,0,0.0,0.0,,0.0,1,0.01,0.01,SPY220404C00480000,480.0,normalDay
2022-04-04,19540.0,-920.0,1.0,100,456.8,466.0,0,0.0,0.0,,0.0,1,0.01,0.0,SPY220404C00480000,480.0,expirationDay
2022-04-05,19540.0,-1497.0,0.0,100,451.03,466.0,0,0.0,0.0,,0.0,0,0.0,0.0,,0.0,bidTooLow
2022-04-06,19540.0,-1948.0,0.0,100,446.52,466.0,0,0.0,0.0,,0.0,0,0.0,0.0,,0.0,bidTooLow
2022-04-07,19540.0,-1723.0,0.0,100,448.77,466.0,0,0.0,0.0,,0.0,0,0.0,0.0,,0.0,bidTooLow
2022-04-08,19540.0,-1843.0,0.0,100,447.57,466.0,0,0.0,0.0,,0.0,0,0.0,0.0,,0.0,bidTooLow
2022-04-11,19540.0,-2608.0,0.0,100,439.92,466.0,0,0.0,0.0,,0.0,0,0.0,0.0,,0.0,bidTooLow
2022-04-12,19540.0,-2771.0,0.0,100,438.29,466.0,0,0.0,0.0,,0.0,0,0.0,0.0,,0.0,bidTooLow
2022-04-13,19540.0,-2269.0,0.0,100,443.31,466.0,0,0.0,0.0,,0.0,0,0.0,0.0,,0.0,bidTooLow
2022-04-14,19540.0,-2821.0,0.0,100,437.79,466.0,0,0.0,0.0,,0.0,0,0.0,0.0,,0.0,bidTooLow
2022-04-18,19540.0,-2803.0,0.0,100,437.97,466.0,0,0.0,0.0,,0.0,0,0.0,0.0,,0.0,bidTooLow
2022-04-19,19540.0,-2096.0,0.0,100,445.04,466.0,0,0.0,0.0,,0.0,0,0.0,0.0,,0.0,bidTooLow
2022-04-20,19540.0,-2129.0,0.0,100,444.71,466.0,0,0.0,0.0,,0.0,0,0.0,0.0,,0.0,bidTooLow
2022-04-21,19540.0,-2794.0,0.0,100,438.06,466.0,0,0.0,0.0,,0.0,0,0.0,0.0,,0.0,bidTooLow
2022-04-22,19540.0,-3996.0,0.0,100,426.04,466.0,0,0.0,0.0,,0.0,0,0.0,0.0,,0.0,bidTooLow
2022-04-25,19540.0,-3749.0,0.0,100,428.51,466.0,0,0.0,0.0,,0.0,0,0.0,0.0,,0.0,bidTooLow
2022-04-26,19540.0,-4990.0,0.0,100,416.1,466.0,0,0.0,0.0,,0.0,0,0.0,0.0,,0.0,bidTooLow
2022-04-27,19540.0,-4873.0,0.0,100,417.27,466.0,0,0.0,0.0,,0.0,0,0.0,0.0,,0.0,bidTooLow
2022-04-28,19540.0,-3819.0,0.0,100,427.81,466.0,0,0.0,0.0,,0.0,0,0.0,0.0,,0.0,bidTooLow
2022-04-29,19540.0,-5400.0,0.0,100,412.0,466.0,0,0.0,0.0,,0.0,0,0.0,0.0,,0.0,bidTooLow
2022-05-02,19540.0,-5152.0,0.0,100,414.48,466.0,0,0.0,0.0,,0.0,0,0.0,0.0,,0.0,bidTooLow
2022-05-03,19540.0,-4962.0,0.0,100,416.38,466.0,0,0.0,0.0,,0.0,0,0.0,0.0,,0.0,bidTooLow
2022-05-04,19540.0,-3694.0,0.0,100,429.06,466.0,0,0.0,0.0,,0.0,0,0.0,0.0,,0.0,bidTooLow
2022-05-05,19540.0,-5219.0,0.0,100,413.81,466.0,0,0.0,0.0,,0.0,0,0.0,0.0,,0.0,bidTooLow
2022-05-06,19540.0,-5466.0,0.0,100,411.34,466.0,0,0.0,0.0,,0.0,0,0.0,0.0,,0.0,bidTooLow
2022-05-09,19540.0,-6783.0,0.0,100,398.17,466.0,0,0.0,0.0,,0.0,0,0.0,0.0,,0.0,bidTooLow
2022-05-10,19540.0,-6691.0,0.0,100,399.09,466.0,0,0.0,0.0,,0.0,0,0.0,0.0,,0.0,bidTooLow
2022-05-11,19540.0,-7325.0,0.0,100,392.75,466.0,0,0.0,0.0,,0.0,0,0.0,0.0,,0.0,bidTooLow
2022-05-12,19540.0,-7366.0,0.0,100,392.34,466.0,0,0.0,0.0,,0.0,0,0.0,0.0,,0.0,bidTooLow
2022-05-13,19540.0,-6428.0,0.0,100,401.72,466.0,0,0.0,0.0,,0.0,0,0.0,0.0,,0.0,bidTooLow
2022-05-16,19540.0,-6591.0,0.0,100,400.09,466.0,0,0.0,0.0,,0.0,0,0.0,0.0,,0.0,bidTooLow
2022-05-17,19540.0,-5768.0,0.0,100,408.32,466.0,0,0.0,0.0,,0.0,0,0.0,0.0,,0.0,bidTooLow
2022-05-18,19540.0,-7414.0,0.0,100,391.86,466.0,0,0.0,0.0,,0.0,0,0.0,0.0,,0.0,bidTooLow
2022-05-19,19540.0,-7654.0,0.0,100,389.46,466.0,0,0.0,0.0,,0.0,0,0.0,0.0,,0.0,bidTooLow
2022-05-20,19540.0,-7637.0,0.0,100,389.63,466.0,0,0.0,0.0,,0.0,0,0.0,0.0,,0.0,bidTooLow
2022-05-23,19540.0,-6908.0,0.0,100,396.92,466.0,0,0.0,0.0,,0.0,0,0.0,0.0,,0.0,bidTooLow
2022-05-24,19540.0,-7211.0,0.0,100,393.89,466.0,0,0.0,0.0,,0.0,0,0.0,0.0,,0.0,bidTooLow
2022-05-25,19540.0,-6863.0,0.0,100,397.37,466.0,0,0.0,0.0,,0.0,0,0.0,0.0,,0.0,bidTooLow
2022-05-26,19540.0,-6069.0,0.0,100,405.31,466.0,0,0.0,0.0,,0.0,0,0.0,0.0,,0.0,bidTooLow
2022-05-27,19540.0,-5074.0,0.0,100,415.26,466.0,0,0.0,0.0,,0.0,0,0.0,0.0,,0.0,bidTooLow
2022-05-31,19540.0,-5310.0,0.0,100,412.93,466.0,0,0.0,0.0,,0.0,1,0.02,0.05,SPY220606C00437000,437.0,normalDay
2022-06-01,19540.0,-5641.0,0.0,100,409.59,466.0,0,0.0,0.0,,0.0,1,0.02,0.02,SPY220606C00437000,437.0,normalDay
2022-06-02,19540.0,-4861.0,0.0,100,417.39,466.0,0,0.0,0.0,,0.0,1,0.02,0.02,SPY220606C00437000,437.0,normalDay
2022-06-03,19540.0,-5545.0,0.0,100,410.54,466.0,0,0.0,0.0,,0.0,1,0.02,0.01,SPY220606C00437000,437.0,normalDay
2022-06-06,19542.0,-5421.0,2.0,100,411.79,466.0,0,0.0,0.0,,0.0,1,0.02,0.0,SPY220606C00437000,437.0,expirationDay
2022-06-07,19542.0,-5029.0,0.0,100,415.74,466.0,0,0.0,0.0,,0.0,1,0.11,0.14,SPY220613C00433000,433.0,normalDay
2022-06-08,19542.0,-5471.0,0.0,100,411.22,466.0,0,0.0,0.0,,0.0,1,0.11,0.04,SPY220613C00433000,433.0,normalDay
2022-06-09,19542.0,-6447.0,0.0,100,401.44,466.0,0,0.0,0.0,,0.0,1,0.11,0.02,SPY220613C00433000,433.0,normalDay
2022-06-10,19542.0,-7610.0,0.0,100,389.8,466.0,0,0.0,0.0,,0.0,1,0.11,0.01,SPY220613C00433000,433.0,normalDay
2022-06-13,19553.0,-9100.0,11.0,100,375.0,466.0,0,0.0,0.0,,0.0,1,0.11,0.0,SPY220613C00433000,433.0,expirationDay
2022-06-14,19553.0,-9213.0,0.0,100,373.87,466.0,0,0.0,0.0,,0.0,0,0.0,0.0,,0.0,bidTooLow
2022-06-15,19553.0,-8680.0,0.0,100,379.2,466.0,0,0.0,0.0,,0.0,0,0.0,0.0,,0.0,bidTooLow
2022-06-16,19553.0,-9935.0,0.0,100,366.65,466.0,0,0.0,0.0,,0.0,0,0.0,0.0,,0.0,bidTooLow
2022-06-17,19553.0,-10014.0,0.0,100,365.86,466.0,0,0.0,0.0,,0.0,0,0.0,0.0,,0.0,bidTooLow
2022-06-21,19553.0,-9093.0,0.0,100,375.07,466.0,0,0.0,0.0,,0.0,0,0.0,0.0,,0.0,bidTooLow
2022-06-22,19553.0,-9161.0,0.0,100,374.39,466.0,0,0.0,0.0,,0.0,0,0.0,0.0,,0.0,bidTooLow
2022-06-23,19553.0,-8794.0,0.0,100,378.06,466.0,0,0.0,0.0,,0.0,0,0.0,0.0,,0.0,bidTooLow
2022-06-24,19553.0,-7592.0,0.0,100,390.08,466.0,0,0.0,0.0,,0.0,0,0.0,0.0,,0.0,bidTooLow
2022-06-27,19553.0,-7741.0,0.0,100,388.59,466.0,0,0.0,0.0,,0.0,0,0.0,0.0,,0.0,bidTooLow
2022-06-28,19553.0,-8535.0,0.0,100,380.65,466.0,0,0.0,0.0,,0.0,0,0.0,0.0,,0.0,bidTooLow
2022-06-29,19553.0,-8566.0,0.0,100,380.34,466.0,0,0.0,0.0,,0.0,0,0.0,0.0,,0.0,bidTooLow
2022-06-30,19553.0,-8875.0,0.0,100,377.25,466.0,0,0.0,0.0,,0.0,0,0.0,0.0,,0.0,bidTooLow
2022-07-01,19553.0,-8476.0,0.0,100,381.24,466.0,0,0.0,0.0,,0.0,0,0.0,0.0,,0.0,bidTooLow
2022-07-05,19553.0,-8404.0,0.0,100,381.96,466.0,0,0.0,0.0,,0.0,0,0.0,0.0,,0.0,bidTooLow
2022-07-06,19553.0,-8275.0,0.0,100,383.25,466.0,0,0.0,0.0,,0.0,0,0.0,0.0,,0.0,bidTooLow
2022-07-07,19553.0,-7701.0,0.0,100,388.99,466.0,0,0.0,0.0,,0.0,0,0.0,0.0,,0.0,bidTooLow
2022-07-08,19553.0,-7736.0,0.0,100,388.67,466.0,0,0.0,0.0,,0.0,1,0.01,0.04,SPY220713C00408000,408.0,normalDay
2022-07-11,19553.0,-8177.0,0.0,100,384.23,466.0,0,0.0,0.0,,0.0,1,0.01,0.01,SPY220713C00408000,408.0,normalDay
2022-07-12,19553.0,-8517.0,0.0,100,380.83,466.0,0,0.0,0.0,,0.0,1,0.01,0.01,SPY220713C00408000,408.0,normalDay
2022-07-13,19554.0,-8717.0,1.0,100,378.83,466.0,0,0.0,0.0,,0.0,1,0.01,0.0,SPY220713C00408000,408.0,expirationDay
2022-07-14,19554.0,-8812.0,0.0,100,377.91,466.0,0,0.0,0.0,,0.0,1,0.02,0.05,SPY220720C00401000,401.0,normalDay
2022-07-15,19554.0,-8090.0,0.0,100,385.13,466.0,0,0.0,0.0,,0.0,1,0.02,0.05,SPY220720C00401000,401.0,normalDay
2022-07-18,19554.0,-8405.0,0.0,100,381.95,466.0,0,0.0,0.0,,0.0,1,0.02,0.02,SPY220720C00401000,401.0,normalDay
2022-07-19,19554.0,-7379.0,0.0,100,392.27,466.0,0,0.0,0.0,,0.0,1,0.02,0.08,SPY220720C00401000,401.0,normalDay
2022-07-20,19556.0,-7123.0,2.0,100,394.77,466.0,0,0.0,0.0,,0.0,1,0.02,0.0,SPY220720C00401000,401.0,expirationDay
2022-07-21,19556.0,-6724.0,0.0,100,398.79,466.0,0,0.0,0.0,,0.0,1,1.89,1.92,SPY220727C00404000,404.0,normalDay
2022-07-22,19556.0,-6969.0,0.0,100,395.09,466.0,0,0.0,0.0,,0.0,1,1.89,0.67,SPY220727C00404000,404.0,normalDay
2022-07-25,19556.0,-6908.0,0.0,100,395.57,466.0,0,0.0,0.0,,0.0,1,1.89,0.54,SPY220727C00404000,404.0,normalDay
2022-07-26,19556.0,-7328.0,0.0,100,390.89,466.0,0,0.0,0.0,,0.0,1,1.89,0.06,SPY220727C00404000,404.0,normalDay
2022-07-27,19745.0,-6496.0,189.0,100,401.04,466.0,0,0.0,0.0,,0.0,1,1.89,0.0,SPY220727C00404000,404.0,expirationDay
2022-07-28,19745.0,-5996.0,0.0,100,406.07,466.0,0,0.0,0.0,,0.0,1,0.86,0.89,SPY220803C00415000,415.0,normalDay
2022-07-29,19745.0,-5486.0,0.0,100,411.99,466.0,0,0.0,0.0,,0.0,1,0.86,1.71,SPY220803C00415000,415.0,normalDay
2022-08-01,19745.0,-5531.0,0.0,100,410.77,466.0,0,0.0,0.0,,0.0,1,0.86,0.94,SPY220803C00415000,415.0,normalDay
2022-08-02,19745.0,-5725.0,0.0,100,408.06,466.0,0,0.0,0.0,,0.0,1,0.86,0.17,SPY220803C00415000,415.0,normalDay
2022-08-03,19831.0,-5155.0,86.0,100,414.45,466.0,0,0.0,0.0,,0.0,1,0.86,0.0,SPY220803C00415000,415.0,expirationDay
2022-08-04,19831.0,-5186.0,0.0,100,414.17,466.0,0,0.0,0.0,,0.0,1,0.01,0.04,SPY220810C00435000,435.0,normalDay
2022-08-05,19831.0,-5254.0,0.0,100,413.47,466.0,0,0.0,0.0,,0.0,1,0.01,0.02,SPY220810C00435000,435.0,normalDay
2022-08-08,19831.0,-5301.0,0.0,100,412.99,466.0,0,0.0,0.0,,0.0,1,0.01,0.01,SPY220810C00435000,435.0,normalDay
2022-08-09,19831.0,-5465.0,0.0,100,411.35,466.0,0,0.0,0.0,,0.0,1,0.01,0.01,SPY220810C00435000,435.0,normalDay
2022-08-10,19832.0,-4601.0,1.0,100,419.99,466.0,0,0.0,0.0,,0.0,1,0.01,0.0,SPY220810C00435000,435.0,expirationDay
2022-08-11,19832.0,-4604.0,0.0,100,419.99,466.0,0,0.0,0.0,,0.0,1,0.01,0.04,SPY220817C00441000,441.0,normalDay
2022-08-12,19832.0,-3894.0,0.0,100,427.1,466.0,0,0.0,0.0,,0.0,1,0.01,0.05,SPY220817C00441000,441.0,normalDay
2022-08-15,19832.0,-3717.0,0.0,100,428.86,466.0,0,0.0,0.0,,0.0,1,0.01,0.04,SPY220817C00441000,441.0,normalDay
2022-08-16,19832.0,-3630.0,0.0,100,429.7,466.0,0,0.0,0.0,,0.0,1,0.01,0.01,SPY220817C00441000,441.0,normalDay
2022-08-17,19833.0,-3935.0,1.0,100,426.65,466.0,0,0.0,0.0,,0.0,1,0.01,0.0,SPY220817C00441000,441.0,expirationDay
2022-08-18,19833.0,-3811.0,0.0,100,427.89,466.0,0,0.0,0.0,,0.0,0,0.0,0.0,,0.0,bidTooLow
2022-08-19,19833.0,-4386.0,0.0,100,422.14,466.0,0,0.0,0.0,,0.0,0,0.0,0.0,,0.0,bidTooLow
2022-08-22,19833.0,-5265.0,0.0,100,413.35,466.0,0,0.0,0.0,,0.0,0,0.0,0.0,,0.0,bidTooLow
2022-08-23,19833.0,-5365.0,0.0,100,412.35,466.0,0,0.0,0.0,,0.0,0,0.0,0.0,,0.0,bidTooLow
2022-08-24,19833.0,-5233.0,0.0,100,413.67,466.0,0,0.0,0.0,,0.0,0,0.0,0.0,,0.0,bidTooLow
2022-08-25,19833.0,-4652.0,0.0,100,419.51,466.0,0,0.0,0.0,,0.0,1,0.01,0.04,SPY220831C00440000,440.0,normalDay
2022-08-26,19833.0,-6070.0,0.0,100,405.31,466.0,0,0.0,0.0,,0.0,1,0.01,0.02,SPY220831C00440000,440.0,normalDay
2022-08-29,19833.0,-6337.0,0.0,100,402.63,466.0,0,0.0,0.0,,0.0,1,0.01,0.01,SPY220831C00440000,440.0,normalDay
2022-08-30,19833.0,-6779.0,0.0,100,398.21,466.0,0,0.0,0.0,,0.0,1,0.01,0.01,SPY220831C00440000,440.0,normalDay
2022-08-31,19834.0,-7082.0,1.0,100,395.18,466.0,0,0.0,0.0,,0.0,1,0.01,0.0,SPY220831C00440000,440.0,expirationDay
2022-09-01,19834.0,-6958.0,0.0,100,396.42,466.0,0,0.0,0.0,,0.0,0,0.0,0.0,,0.0,bidTooLow
2022-09-02,19834.0,-7376.0,0.0,100,392.24,466.0,0,0.0,0.0,,0.0,0,0.0,0.0,,0.0,bidTooLow
2022-09-06,19834.0,-7524.0,0.0,100,390.76,466.0,0,0.0,0.0,,0.0,0,0.0,0.0,,0.0,bidTooLow
2022-09-07,19834.0,-6822.0,0.0,100,397.78,466.0,0,0.0,0.0,,0.0,0,0.0,0.0,,0.0,bidTooLow
2022-09-08,19834.0,-6562.0,0.0,100,400.38,466.0,0,0.0,0.0,,0.0,0,0.0,0.0,,0.0,bidTooLow
2022-09-09,19834.0,-5940.0,0.0,100,406.6,466.0,0,0.0,0.0,,0.0,0,0.0,0.0,,0.0,bidTooLow
2022-09-12,19834.0,-5503.0,0.0,100,410.97,466.0,0,0.0,0.0,,0.0,0,0.0,0.0,,0.0,bidTooLow
2022-09-13,19834.0,-7290.0,0.0,100,393.1,466.0,0,0.0,0.0,,0.0,0,0.0,0.0,,0.0,bidTooLow
2022-09-14,19834.0,-7140.0,0.0,100,394.6,466.0,0,0.0,0.0,,0.0,0,0.0,0.0,,0.0,bidTooLow
2022-09-15,19834.0,-7588.0,0.0,100,390.12,466.0,0,0.0,0.0,,0.0,0,0.0,0.0,,0.0,bidTooLow
2022-09-16,19834.0,-8044.0,0.0,100,385.56,466.0,0,0.0,0.0,,0.0,0,0.0,0.0,,0.0,bidTooLow
2022-09-19,19834.0,-7745.0,0.0,100,388.55,466.0,0,0.0,0.0,,0.0,0,0.0,0.0,,0.0,bidTooLow
2022-09-20,19834.0,-8191.0,0.0,100,384.09,466.0,0,0.0,0.0,,0.0,0,0.0,0.0,,0.0,bidTooLow
2022-09-21,19834.0,-8861.0,0.0,100,377.39,466.0,0,0.0,0.0,,0.0,0,0.0,0.0,,0.0,bidTooLow
2022-09-22,19834.0,-9178.0,0.0,100,374.22,466.0,0,0.0,0.0,,0.0,0,0.0,0.0,,0.0,bidTooLow
2022-09-23,19834.0,-9805.0,0.0,100,367.95,466.0,0,0.0,0.0,,0.0,0,0.0,0.0,,0.0,bidTooLow
2022-09-26,19834.0,-10169.0,0.0,100,364.31,466.0,0,0.0,0.0,,0.0,0,0.0,0.0,,0.0,bidTooLow
2022-09-27,19834.0,-10262.0,0.0,100,363.38,466.0,0,0.0,0.0,,0.0,0,0.0,0.0,,0.0,bidTooLow
2022-09-28,19834.0,-9547.0,0.0,100,370.53,466.0,0,0.0,0.0,,0.0,0,0.0,0.0,,0.0,bidTooLow
2022-09-29,19834.0,-10321.0,0.0,100,362.79,466.0,0,0.0,0.0,,0.0,0,0.0,0.0,,0.0,bidTooLow
2022-09-30,19834.0,-10882.0,0.0,100,357.18,466.0,0,0.0,0.0,,0.0,0,0.0,0.0,,0.0,bidTooLow
2022-10-03,19834.0,-9939.0,0.0,100,366.61,466.0,0,0.0,0.0,,0.0,0,0.0,0.0,,0.0,bidTooLow
2022-10-04,19834.0,-8803.0,0.0,100,377.97,466.0,0,0.0,0.0,,0.0,0,0.0,0.0,,0.0,bidTooLow
2022-10-05,19834.0,-8891.0,0.0,100,377.09,466.0,0,0.0,0.0,,0.0,0,0.0,0.0,,0.0,bidTooLow
2022-10-06,19834.0,-9280.0,0.0,100,373.2,466.0,0,0.0,0.0,,0.0,0,0.0,0.0,,0.0,bidTooLow
2022-10-07,19834.0,-10321.0,0.0,100,362.79,466.0,0,0.0,0.0,,0.0,0,0.0,0.0,,0.0,bidTooLow
2022-10-10,19834.0,-10598.0,0.0,100,360.02,466.0,0,0.0,0.0,,0.0,0,0.0,0.0,,0.0,bidTooLow
2022-10-11,19834.0,-10826.0,0.0,100,357.74,466.0,0,0.0,0.0,,0.0,0,0.0,0.0,,0.0,bidTooLow
2022-10-12,19834.0,-10944.0,0.0,100,356.56,466.0,0,0.0,0.0,,0.0,0,0.0,0.0,,0.0,bidTooLow
2022-10-13,19834.0,-10006.0,0.0,100,365.97,466.0,0,0.0,0.0,,0.0,1,0.02,0.05,SPY221019C00401000,401.0,normalDay
2022-10-14,19834.0,-10837.0,0.0,100,357.63,466.0,0,0.0,0.0,,0.0,1,0.02,0.02,SPY221019C00401000,401.0,normalDay
2022-10-17,19834.0,-9917.0,0.0,100,366.82,466.0,0,0.0,0.0,,0.0,1,0.02,0.01,SPY221019C00401000,401.0,normalDay
2022-10-18,19834.0,-9486.0,0.0,100,371.13,466.0,0,0.0,0.0,,0.0,1,0.02,0.01,SPY221019C00401000,401.0,normalDay
2022-10-19,19836.0,-9750.0,2.0,100,368.5,466.0,0,0.0,0.0,,0.0,1,0.02,0.0,SPY221019C00401000,401.0,expirationDay
2022-10-20,19836.0,-10062.0,0.0,100,365.41,466.0,0,0.0,0.0,,0.0,1,0.14,0.17,SPY221026C00386000,386.0,normalDay
2022-10-21,19836.0,-9230.0,0.0,100,374.29,466.0,0,0.0,0.0,,0.0,1,0.14,0.73,SPY221026C00386000,386.0,normalDay
2022-10-24,19836.0,-8794.0,0.0,100,378.87,466.0,0,0.0,0.0,,0.0,1,0.14,0.95,SPY221026C00386000,386.0,normalDay
2022-10-25,19836.0,-8205.0,0.0,100,384.92,466.0,0,0.0,0.0,,0.0,1,0.14,1.11,SPY221026C00386000,386.0,normalDay
2022-10-26,19850.0,-8398.0,14.0,100,382.02,466.0,0,0.0,0.0,,0.0,1,0.14,0.0,SPY221026C00386000,386.0,expirationDay
2022-10-27,19850.0,-8605.0,0.0,100,379.98,466.0,0,0.0,0.0,,0.0,1,0.22,0.25,SPY221102C00398000,398.0,normalDay
2022-10-28,19850.0,-7823.0,0.0,100,389.02,466.0,0,0.0,0.0,,0.0,1,0.22,1.47,SPY221102C00398000,398.0,normalDay
2022-10-31,19850.0,-8002.0,0.0,100,386.21,466.0,0,0.0,0.0,,0.0,1,0.22,0.45,SPY221102C00398000,398.0,normalDay
2022-11-01,19850.0,-8140.0,0.0,100,384.52,466.0,0,0.0,0.0,,0.0,1,0.22,0.14,SPY221102C00398000,398.0,normalDay
2022-11-02,19872.0,-9113.0,22.0,100,374.87,466.0,0,0.0,0.0,,0.0,1,0.22,0.0,SPY221102C00398000,398.0,expirationDay
2022-11-03,19872.0,-9502.0,0.0,100,371.01,466.0,0,0.0,0.0,,0.0,1,0.01,0.04,SPY221109C00405000,405.0,normalDay
2022-11-04,19872.0,-8966.0,0.0,100,376.35,466.0,0,0.0,0.0,,0.0,1,0.01,0.02,SPY221109C00405000,405.0,normalDay
2022-11-07,19872.0,-8605.0,0.0,100,379.95,466.0,0,0.0,0.0,,0.0,1,0.01,0.01,SPY221109C00405000,405.0,normalDay
2022-11-08,19872.0,-8400.0,0.0,100,382.0,466.0,0,0.0,0.0,,0.0,1,0.01,0.01,SPY221109C00405000,405.0,normalDay
2022-11-09,19873.0,-9187.0,1.0,100,374.13,466.0,0,0.0,0.0,,0.0,1,0.01,0.0,SPY221109C00405000,405.0,expirationDay
2022-11-10,19873.0,-7134.0,0.0,100,394.69,466.0,0,0.0,0.0,,0.0,1,1.01,1.04,SPY221116C00406000,406.0,normalDay
2022-11-11,19873.0,-6744.0,0.0,100,398.51,466.0,0,0.0,0.0,,0.0,1,1.01,0.96,SPY221116C00406000,406.0,normalDay
2022-11-14,19873.0,-7009.0,0.0,100,395.12,466.0,0,0.0,0.0,,0.0,1,1.01,0.22,SPY221116C00406000,406.0,normalDay
2022-11-15,19873.0,-6670.0,0.0,100,398.49,466.0,0,0.0,0.0,,0.0,1,1.01,0.2,SPY221116C00406000,406.0,normalDay
2022-11-16,19974.0,-7055.0,101.0,100,395.45,466.0,0,0.0,0.0,,0.0,1,1.01,0.0,SPY221116C00406000,406.0,expirationDay
2022-11-17,19974.0,-7179.0,0.0,100,394.24,466.0,0,0.0,0.0,,0.0,1,0.08,0.11,SPY221123C00413000,413.0,normalDay
2022-11-18,19974.0,-6995.0,0.0,100,396.03,466.0,0,0.0,0.0,,0.0,1,0.08,0.06,SPY221123C00413000,413.0,normalDay
2022-11-21,19974.0,-7135.0,0.0,100,394.59,466.0,0,0.0,0.0,,0.0,1,0.08,0.02,SPY221123C00413000,413.0,normalDay
2022-11-22,19974.0,-6603.0,0.0,100,399.9,466.0,0,0.0,0.0,,0.0,1,0.08,0.01,SPY221123C00413000,413.0,normalDay
2022-11-23,19982.0,-6358.0,8.0,100,402.42,466.0,0,0.0,0.0,,0.0,1,0.08,0.0,SPY221123C00413000,413.0,expirationDay
2022-11-25,19982.0,-6367.0,0.0,100,402.33,466.0,0,0.0,0.0,,0.0,0,0.0,0.0,,0.0,bidTooLow
2022-11-28,19982.0,-7009.0,0.0,100,395.91,466.0,0,0.0,0.0,,0.0,0,0.0,0.0,,0.0,bidTooLow
2022-11-29,19982.0,-7077.0,0.0,100,395.23,466.0,0,0.0,0.0,,0.0,0,0.0,0.0,,0.0,bidTooLow
2022-11-30,19982.0,-5835.0,0.0,100,407.68,466.0,0,0.0,0.0,,0.0,1,0.05,0.08,SPY221206C00426000,426.0,normalDay
2022-12-01,19982.0,-5860.0,0.0,100,407.38,466.0,0,0.0,0.0,,0.0,1,0.05,0.03,SPY221206C00426000,426.0,normalDay
2022-12-02,19982.0,-5905.0,0.0,100,406.91,466.0,0,0.0,0.0,,0.0,1,0.05,0.01,SPY221206C00426000,426.0,normalDay
2022-12-05,19982.0,-6637.0,0.0,100,399.59,466.0,0,0.0,0.0,,0.0,1,0.05,0.01,SPY221206C00426000,426.0,normalDay
2022-12-06,19987.0,-7217.0,5.0,100,393.83,466.0,0,0.0,0.0,,0.0,1,0.05,0.0,SPY221206C00426000,426.0,expirationDay
2022-12-07,19987.0,-7287.0,0.0,100,393.16,466.0,0,0.0,0.0,,0.0,1,0.05,0.08,SPY221213C00420000,420.0,normalDay
2022-12-08,19987.0,-6980.0,0.0,100,396.24,466.0,0,0.0,0.0,,0.0,1,0.05,0.09,SPY221213C00420000,420.0,normalDay
2022-12-09,19987.0,-7271.0,0.0,100,393.28,466.0,0,0.0,0.0,,0.0,1,0.05,0.04,SPY221213C00420000,420.0,normalDay
2022-12-12,19987.0,-6710.0,0.0,100,398.95,466.0,0,0.0,0.0,,0.0,1,0.05,0.1,SPY221213C00420000,420.0,normalDay
2022-12-13,19992.0,-6403.0,5.0,100,401.97,466.0,0,0.0,0.0,,0.0,1,0.05,0.0,SPY221213C00420000,420.0,expirationDay
2022-12-14,19992.0,-6664.0,0.0,100,399.4,466.0,0,0.0,0.0,,0.0,1,0.13,0.17,SPY221220C00414000,414.0,normalDay
2022-12-15,19992.0,-7627.0,0.0,100,389.63,466.0,0,0.0,0.0,,0.0,1,0.13,0.03,SPY221220C00414000,414.0,normalDay
2022-12-16,19992.0,-8261.0,0.0,100,383.27,466.0,0,0.0,0.0,,0.0,1,0.13,0.01,SPY221220C00414000,414.0,normalDay
2022-12-19,19992.0,-8586.0,0.0,100,380.02,466.0,0,0.0,0.0,,0.0,1,0.13,0.01,SPY221220C00414000,414.0,normalDay
2022-12-20,20005.0,-8546.0,13.0,100,380.54,466.0,0,0.0,0.0,,0.0,1,0.13,0.0,SPY221220C00414000,414.0,expirationDay
2022-12-21,20005.0,-7977.0,0.0,100,386.23,466.0,0,0.0,0.0,,0.0,0,0.0,0.0,,0.0,bidTooLow
2022-12-22,20005.0,-8528.0,0.0,100,380.72,466.0,0,0.0,0.0,,0.0,0,0.0,0.0,,0.0,bidTooLow
2022-12-23,20005.0,-8309.0,0.0,100,382.91,466.0,0,0.0,0.0,,0.0,0,0.0,0.0,,0.0,bidTooLow
2022-12-27,20005.0,-8460.0,0.0,100,381.4,466.0,0,0.0,0.0,,0.0,0,0.0,0.0,,0.0,bidTooLow
2022-12-28,20005.0,-8934.0,0.0,100,376.66,466.0,0,0.0,0.0,,0.0,0,0.0,0.0,,0.0,bidTooLow
2022-12-29,20005.0,-8256.0,0.0,100,383.44,466.0,0,0.0,0.0,,0.0,0,0.0,0.0,,0.0,bidTooLow
2022-12-30,20005.0,-8357.0,0.0,100,382.43,466.0,0,0.0,0.0,,0.0,0,0.0,0.0,,0.0,bidTooLow
2023-01-03,20005.0,-8518.0,0.0,100,380.82,466.0,0,0.0,0.0,,0.0,0,0.0,0.0,,0.0,bidTooLow
2023-01-04,20005.0,-8224.0,0.0,100,383.76,466.0,0,0.0,0.0,,0.0,0,0.0,0.0,,0.0,bidTooLow
2023-01-05,20005.0,-8662.0,0.0,100,379.38,466.0,0,0.0,0.0,,0.0,0,0.0,0.0,,0.0,bidTooLow
2023-01-06,20005.0,-7795.0,0.0,100,388.08,466.0,0,0.0,0.0,,0.0,1,0.02,0.05,SPY230112C00411000,411.0,normalDay
2023-01-09,20005.0,-7816.0,0.0,100,387.86,466.0,0,0.0,0.0,,0.0,1,0.02,0.04,SPY230112C00411000,411.0,normalDay
2023-01-10,20005.0,-7544.0,0.0,100,390.58,466.0,0,0.0,0.0,,0.0,1,0.02,0.04,SPY230112C00411000,411.0,normalDay
2023-01-11,20005.0,-7055.0,0.0,100,395.52,466.0,0,0.0,0.0,,0.0,1,0.02,0.09,SPY230112C00411000,411.0,normalDay
2023-01-12,20007.0,-6904.0,2.0,100,396.96,466.0,0,0.0,0.0,,0.0,1,0.02,0.0,SPY230112C00411000,411.0,expirationDay
2023-01-13,20007.0,-6753.0,0.0,100,398.5,466.0,0,0.0,0.0,,0.0,1,0.41,0.44,SPY230119C00405000,405.0,normalDay
2023-01-17,20007.0,-6799.0,0.0,100,397.77,466.0,0,0.0,0.0,,0.0,1,0.41,0.17,SPY230119C00405000,405.0,normalDay
2023-01-18,20007.0,-7412.0,0.0,100,391.49,466.0,0,0.0,0.0,,0.0,1,0.41,0.02,SPY230119C00405000,405.0,normalDay
2023-01-19,20048.0,-7736.0,41.0,100,388.64,466.0,0,0.0,0.0,,0.0,1,0.41,0.0,SPY230119C00405000,405.0,expirationDay
2023-01-20,20048.0,-7015.0,0.0,100,395.88,466.0,0,0.0,0.0,,0.0,1,0.06,0.09,SPY230126C00409000,409.0,normalDay
2023-01-23,20048.0,-6558.0,0.0,100,400.63,466.0,0,0.0,0.0,,0.0,1,0.06,0.27,SPY230126C00409000,409.0,normalDay
2023-01-24,20048.0,-6594.0,0.0,100,400.2,466.0,0,0.0,0.0,,0.0,1,0.06,0.2,SPY230126C00409000,409.0,normalDay
2023-01-25,20048.0,-6563.0,0.0,100,400.35,466.0,0,0.0,0.0,,0.0,1,0.06,0.04,SPY230126C00409000,409.0,normalDay
2023-01-26,20054.0,-6125.0,6.0,100,404.75,466.0,0,0.0,0.0,,0.0,1,0.06,0.0,SPY230126C00409000,409.0,expirationDay
2023-01-27,20054.0,-6035.0,0.0,100,405.68,466.0,0,0.0,0.0,,0.0,1,0.25,0.28,SPY230202C00419000,419.0,normalDay
2023-01-30,20054.0,-6525.0,0.0,100,400.59,466.0,0,0.0,0.0,,0.0,1,0.25,0.09,SPY230202C00419000,419.0,normalDay
2023-01-31,20054.0,-5943.0,0.0,100,406.48,466.0,0,0.0,0.0,,0.0,1,0.25,0.16,SPY230202C00419000,419.0,normalDay
2023-02-01,20054.0,-5504.0,0.0,100,410.8,466.0,0,0.0,0.0,,0.0,1,0.25,0.09,SPY230202C00419000,419.0,normalDay
2023-02-02,20079.0,-4922.0,25.0,100,416.78,466.0,0,0.0,0.0,,0.0,1,0.25,0.0,SPY230202C00419000,419.0,expirationDay
2023-02-03,20079.0,-5368.0,0.0,100,412.35,466.0,0,0.0,0.0,,0.0,1,0.13,0.16,SPY230209C00426000,426.0,normalDay
2023-02-06,20079.0,-5608.0,0.0,100,409.83,466.0,0,0.0,0.0,,0.0,1,0.13,0.04,SPY230209C00426000,426.0,normalDay
2023-02-07,20079.0,-5073.0,0.0,100,415.19,466.0,0,0.0,0.0,,0.0,1,0.13,0.05,SPY230209C00426000,426.0,normalDay
2023-02-08,20079.0,-5523.0,0.0,100,410.65,466.0,0,0.0,0.0,,0.0,1,0.13,0.01,SPY230209C00426000,426.0,normalDay
2023-02-09,20092.0,-5891.0,13.0,100,407.09,466.0,0,0.0,0.0,,0.0,1,0.13,0.0,SPY230209C00426000,426.0,expirationDay
2023-02-10,20092.0,-5799.0,0.0,100,408.04,466.0,0,0.0,0.0,,0.0,1,0.07,0.1,SPY230216C00428000,428.0,normalDay
2023-02-13,20092.0,-5331.0,0.0,100,412.83,466.0,0,0.0,0.0,,0.0,1,0.07,0.21,SPY230216C00428000,428.0,normalDay
2023-02-14,20092.0,-5331.0,0.0,100,412.64,466.0,0,0.0,0.0,,0.0,1,0.07,0.02,SPY230216C00428000,428.0,normalDay
2023-02-15,20092.0,-5196.0,0.0,100,413.98,466.0,0,0.0,0.0,,0.0,1,0.07,0.01,SPY230216C00428000,428.0,normalDay
2023-02-16,20099.0,-5772.0,7.0,100,408.28,466.0,0,0.0,0.0,,0.0,1,0.07,0.0,SPY230216C00428000,428.0,expirationDay
2023-02-17,20099.0,-5874.0,0.0,100,407.26,466.0,0,0.0,0.0,,0.0,0,0.0,0.0,,0.0,bidTooLow
2023-02-21,20099.0,-6691.0,0.0,100,399.09,466.0,0,0.0,0.0,,0.0,0,0.0,0.0,,0.0,bidTooLow
2023-02-22,20099.0,-6746.0,0.0,100,398.54,466.0,0,0.0,0.0,,0.0,0,0.0,0.0,,0.0,bidTooLow
2023-02-23,20099.0,-6534.0,0.0,100,400.66,466.0,0,0.0,0.0,,0.0,0,0.0,0.0,,0.0,bidTooLow
2023-02-24,20099.0,-6962.0,0.0,100,396.38,466.0,0,0.0,0.0,,0.0,0,0.0,0.0,,0.0,bidTooLow
2023-02-27,20099.0,-6827.0,0.0,100,397.73,466.0,0,0.0,0.0,,0.0,0,0.0,0.0,,0.0,bidTooLow
2023-02-28,20099.0,-6974.0,0.0,100,396.26,466.0,0,0.0,0.0,,0.0,0,0.0,0.0,,0.0,bidTooLow
2023-03-01,20099.0,-7126.0,0.0,100,394.74,466.0,0,0.0,0.0,,0.0,0,0.0,0.0,,0.0,bidTooLow
2023-03-02,20099.0,-6819.0,0.0,100,397.81,466.0,0,0.0,0.0,,0.0,0,0.0,0.0,,0.0,bidTooLow
2023-03-03,20099.0,-6181.0,0.0,100,404.19,466.0,0,0.0,0.0,,0.0,0,0.0,0.0,,0.0,bidTooLow
2023-03-06,20099.0,-6153.0,0.0,100,404.47,466.0,0,0.0,0.0,,0.0,0,0.0,0.0,,0.0,bidTooLow
2023-03-07,20099.0,-6773.0,0.0,100,398.27,466.0,0,0.0,0.0,,0.0,0,0.0,0.0,,0.0,bidTooLow
2023-03-08,20099.0,-6711.0,0.0,100,398.92,466.0,0,0.0,0.0,,0.0,1,0.01,0.04,SPY230314C00423000,423.0,normalDay
2023-03-09,20099.0,-7445.0,0.0,100,391.56,466.0,0,0.0,0.0,,0.0,1,0.01,0.02,SPY230314C00423000,423.0,normalDay
2023-03-10,20099.0,-8009.0,0.0,100,385.91,466.0,0,0.0,0.0,,0.0,1,0.01,0.01,SPY230314C00423000,423.0,normalDay
2023-03-13,20099.0,-8064.0,0.0,100,385.36,466.0,0,0.0,0.0,,0.0,1,0.01,0.01,SPY230314C00423000,423.0,normalDay
2023-03-14,20100.0,-7427.0,1.0,100,391.73,466.0,0,0.0,0.0,,0.0,1,0.01,0.0,SPY230314C00423000,423.0,expirationDay
2023-03-15,20100.0,-7672.0,0.0,100,389.28,466.0,0,0.0,0.0,,0.0,0,0.0,0.0,,0.0,bidTooLow
2023-03-16,20100.0,-6992.0,0.0,100,396.11,466.0,0,0.0,0.0,,0.0,1,0.03,0.06,SPY230322C00417000,417.0,normalDay
2023-03-17,20100.0,-7600.0,0.0,100,389.99,466.0,0,0.0,0.0,,0.0,1,0.03,0.02,SPY230322C00417000,417.0,normalDay
2023-03-20,20100.0,-7224.0,0.0,100,393.74,466.0,0,0.0,0.0,,0.0,1,0.03,0.01,SPY230322C00417000,417.0,normalDay
2023-03-21,20100.0,-6707.0,0.0,100,398.91,466.0,0,0.0,0.0,,0.0,1,0.03,0.01,SPY230322C00417000,417.0,normalDay
2023-03-22,20103.0,-7389.0,3.0,100,392.11,466.0,0,0.0,0.0,,0.0,1,0.03,0.0,SPY230322C00417000,417.0,expirationDay
2023-03-23,20103.0,-7286.0,0.0,100,393.17,466.0,0,0.0,0.0,,0.0,1,0.02,0.05,SPY230329C00411000,411.0,normalDay
2023-03-24,20103.0,-7026.0,0.0,100,395.75,466.0,0,0.0,0.0,,0.0,1,0.02,0.03,SPY230329C00411000,411.0,normalDay
2023-03-27,20103.0,-6951.0,0.0,100,396.49,466.0,0,0.0,0.0,,0.0,1,0.02,0.02,SPY230329C00411000,411.0,normalDay
2023-03-28,20103.0,-7039.0,0.0,100,395.6,466.0,0,0.0,0.0,,0.0,1,0.02,0.01,SPY230329C00411000,411.0,normalDay
2023-03-29,20105.0,-6465.0,2.0,100,401.35,466.0,0,0.0,0.0,,0.0,1,0.02,0.0,SPY230329C00411000,411.0,expirationDay
2023-03-30,20105.0,-6233.0,0.0,100,403.7,466.0,0,0.0,0.0,,0.0,1,0.23,0.26,SPY230405C00413000,413.0,normalDay
2023-03-31,20105.0,-5752.0,0.0,100,409.39,466.0,0,0.0,0.0,,0.0,1,0.23,1.14,SPY230405C00413000,413.0,normalDay
2023-04-03,20105.0,-5583.0,0.0,100,410.95,466.0,0,0.0,0.0,,0.0,1,0.23,1.01,SPY230405C00413000,413.0,normalDay
2023-04-04,20105.0,-5724.0,0.0,100,408.67,466.0,0,0.0,0.0,,0.0,1,0.23,0.14,SPY230405C00413000,413.0,normalDay
2023-04-05,20128.0,-5840.0,23.0,100,407.6,466.0,0,0.0,0.0,,0.0,1,0.23,0.0,SPY230405C00413000,413.0,expirationDay
2023-04-06,20128.0,-5684.0,0.0,100,409.19,466.0,0,0.0,0.0,,0.0,1,0.02,0.05,SPY230412C00424000,424.0,normalDay
2023-04-10,20128.0,-5639.0,0.0,100,409.61,466.0,0,0.0,0.0,,0.0,1,0.02,0.02,SPY230412C00424000,424.0,normalDay
2023-04-11,20128.0,-5627.0,0.0,100,409.72,466.0,0,0.0,0.0,,0.0,1,0.02,0.01,SPY230412C00424000,424.0,normalDay
2023-04-12,20130.0,-5795.0,2.0,100,408.05,466.0,0,0.0,0.0,,0.0,1,0.02,0.0,SPY230412C00424000,424.0,expirationDay
2023-04-13,20130.0,-5256.0,0.0,100,413.47,466.0,0,0.0,0.0,,0.0,1,0.03,0.06,SPY230419C00426000,426.0,normalDay
2023-04-14,20130.0,-5353.0,0.0,100,412.46,466.0,0,0.0,0.0,,0.0,1,0.03,0.02,SPY230419C00426000,426.0,normalDay
2023-04-17,20130.0,-5204.0,0.0,100,413.94,466.0,0,0.0,0.0,,0.0,1,0.03,0.01,SPY230419C00426000,426.0,normalDay
2023-04-18,20130.0,-5177.0,0.0,100,414.21,466.0,0,0.0,0.0,,0.0,1,0.03,0.01,SPY230419C00426000,426.0,normalDay
2023-04-19,20133.0,-5186.0,3.0,100,414.14,466.0,0,0.0,0.0,,0.0,1,0.03,0.0,SPY230419C00426000,426.0,expirationDay
2023-04-20,20133.0,-5412.0,0.0,100,411.88,466.0,0,0.0,0.0,,0.0,0,0.0,0.0,,0.0,bidTooLow
2023-04-21,20133.0,-5380.0,0.0,100,412.2,466.0,0,0.0,0.0,,0.0,0,0.0,0.0,,0.0,bidTooLow
2023-04-24,20133.0,-5337.0,0.0,100,412.63,466.0,0,0.0,0.0,,0.0,0,0.0,0.0,,0.0,bidTooLow
2023-04-25,20133.0,-5992.0,0.0,100,406.08,466.0,0,0.0,0.0,,0.0,0,0.0,0.0,,0.0,bidTooLow
2023-04-26,20133.0,-6164.0,0.0,100,404.36,466.0,0,0.0,0.0,,0.0,0,0.0,0.0,,0.0,bidTooLow
2023-04-27,20133.0,-5362.0,0.0,100,412.41,466.0,0,0.0,0.0,,0.0,1,0.69,0.72,SPY230503C00420000,420.0,normalDay
2023-04-28,20133.0,-5045.0,0.0,100,415.93,466.0,0,0.0,0.0,,0.0,1,0.69,1.07,SPY230503C00420000,420.0,normalDay
2023-05-01,20133.0,-5034.0,0.0,100,415.51,466.0,0,0.0,0.0,,0.0,1,0.69,0.54,SPY230503C00420000,420.0,normalDay
2023-05-02,20133.0,-5453.0,0.0,100,410.84,466.0,0,0.0,0.0,,0.0,1,0.69,0.06,SPY230503C00420000,420.0,normalDay
2023-05-03,20202.0,-5798.0,69.0,100,408.02,466.0,0,0.0,0.0,,0.0,1,0.69,0.0,SPY230503C00420000,420.0,expirationDay
2023-05-04,20202.0,-6090.0,0.0,100,405.13,466.0,0,0.0,0.0,,0.0,1,0.03,0.06,SPY230510C00422000,422.0,normalDay
2023-05-05,20202.0,-5343.0,0.0,100,412.63,466.0,0,0.0,0.0,,0.0,1,0.03,0.09,SPY230510C00422000,422.0,normalDay
2023-05-08,20202.0,-5327.0,0.0,100,412.74,466.0,0,0.0,0.0,,0.0,1,0.03,0.04,SPY230510C00422000,422.0,normalDay
2023-05-09,20202.0,-5506.0,0.0,100,410.93,466.0,0,0.0,0.0,,0.0,1,0.03,0.02,SPY230510C00422000,422.0,normalDay
2023-05-10,20205.0,-5315.0,3.0,100,412.85,466.0,0,0.0,0.0,,0.0,1,0.03,0.0,SPY230510C00422000,422.0,expirationDay
2023-05-11,20205.0,-5390.0,0.0,100,412.13,466.0,0,0.0,0.0,,0.0,1,0.05,0.08,SPY230517C00422000,422.0,normalDay
2023-05-12,20205.0,-5439.0,0.0,100,411.59,466.0,0,0.0,0.0,,0.0,1,0.05,0.03,SPY230517C00422000,422.0,normalDay
2023-05-15,20205.0,-5296.0,0.0,100,413.01,466.0,0,0.0,0.0,,0.0,1,0.05,0.02,SPY230517C00422000,422.0,normalDay
2023-05-16,20205.0,-5571.0,0.0,100,410.25,466.0,0,0.0,0.0,,0.0,1,0.05,0.01,SPY230517C00422000,422.0,normalDay
2023-05-17,20210.0,-5077.0,5.0,100,415.23,466.0,0,0.0,0.0,,0.0,1,0.05,0.0,SPY230517C00422000,422.0,expirationDay
2023-05-18,20210.0,-4680.0,0.0,100,419.23,466.0,0,0.0,0.0,,0.0,1,0.93,0.96,SPY230524C00423000,423.0,normalDay
2023-05-19,20210.0,-4706.0,0.0,100,418.62,466.0,0,0.0,0.0,,0.0,1,0.93,0.61,SPY230524C00423000,423.0,normalDay
2023-05-22,20210.0,-4662.0,0.0,100,418.79,466.0,0,0.0,0.0,,0.0,1,0.93,0.34,SPY230524C00423000,423.0,normalDay
2023-05-23,20210.0,-5100.0,0.0,100,414.09,466.0,0,0.0,0.0,,0.0,1,0.93,0.02,SPY230524C00423000,423.0,normalDay
2023-05-24,20303.0,-5491.0,93.0,100,411.09,466.0,0,0.0,0.0,,0.0,1,0.93,0.0,SPY230524C00423000,423.0,expirationDay
2023-05-25,20303.0,-5138.0,0.0,100,414.65,466.0,0,0.0,0.0,,0.0,1,0.23,0.26,SPY230531C00424000,424.0,normalDay
2023-05-26,20303.0,-4659.0,0.0,100,420.02,466.0,0,0.0,0.0,,0.0,1,0.23,0.84,SPY230531C00424000,424.0,normalDay
2023-05-30,20303.0,-4585.0,0.0,100,420.18,466.0,0,0.0,0.0,,0.0,1,0.23,0.26,SPY230531C00424000,424.0,normalDay
2023-05-31,20326.0,-4815.0,23.0,100,417.85,466.0,0,0.0,0.0,,0.0,1,0.23,0.0,SPY230531C00424000,424.0,expirationDay
2023-06-01,20326.0,-4421.0,0.0,100,421.82,466.0,0,0.0,0.0,,0.0,1,0.39,0.42,SPY230607C00428000,428.0,normalDay
2023-06-02,20326.0,-3964.0,0.0,100,427.92,466.0,0,0.0,0.0,,0.0,1,0.39,1.95,SPY230607C00428000,428.0,normalDay
2023-06-05,20326.0,-3964.0,0.0,100,427.1,466.0,0,0.0,0.0,,0.0,1,0.39,1.13,SPY230607C00428000,428.0,normalDay
2023-06-06,20326.0,-3877.0,0.0,100,428.03,466.0,0,0.0,0.0,,0.0,1,0.39,1.19,SPY230607C00428000,428.0,normalDay
2023-06-07,20365.0,-3945.0,39.0,100,426.55,466.0,0,0.0,0.0,,0.0,1,0.39,0.0,SPY230607C00428000,428.0,expirationDay
2023-06-08,20365.0,-3690.0,0.0,100,429.13,466.0,0,0.0,0.0,,0.0,1,0.14,0.17,SPY230614C00439000,439.0,normalDay
2023-06-09,20365.0,-3612.0,0.0,100,429.9,466.0,0,0.0,0.0,,0.0,1,0.14,0.16,SPY230614C00439000,439.0,normalDay
2023-06-12,20365.0,-3269.0,0.0,100,433.8,466.0,0,0.0,0.0,,0.0,1,0.14,0.63,SPY230614C00439000,439.0,normalDay
2023-06-13,20365.0,-3007.0,0.0,100,436.66,466.0,0,0.0,0.0,,0.0,1,0.14,0.87,SPY230614C00439000,439.0,normalDay
2023-06-14,20379.0,-2882.0,14.0,100,437.18,466.0,0,0.0,0.0,,0.0,1,0.14,0.0,SPY230614C00439000,439.0,expirationDay
2023-06-15,20379.0,-2343.0,0.0,100,442.6,466.0,0,0.0,0.0,,0.0,1,0.08,0.11,SPY230621C00452000,452.0,normalDay
2023-06-16,20379.0,-2648.0,0.0,100,439.46,466.0,0,0.0,0.0,,0.0,1,0.08,0.02,SPY230621C00452000,452.0,normalDay
2023-06-20,20379.0,-2875.0,0.0,100,437.18,466.0,0,0.0,0.0,,0.0,1,0.08,0.01,SPY230621C00452000,452.0,normalDay
2023-06-21,20387.0,-3106.0,8.0,100,434.94,466.0,0,0.0,0.0,,0.0,1,0.08,0.0,SPY230621C00452000,452.0,expirationDay
2023-06-22,20387.0,-2949.0,0.0,100,436.51,466.0,0,0.0,0.0,,0.0,0,0.0,0.0,,0.0,bidTooLow
2023-06-23,20387.0,-3279.0,0.0,100,433.21,466.0,0,0.0,0.0,,0.0,0,0.0,0.0,,0.0,bidTooLow
2023-06-26,20387.0,-3456.0,0.0,100,431.44,466.0,0,0.0,0.0,,0.0,0,0.0,0.0,,0.0,bidTooLow
2023-06-27,20387.0,-2983.0,0.0,100,436.17,466.0,0,0.0,0.0,,0.0,0,0.0,0.0,,0.0,bidTooLow
2023-06-28,20387.0,-2961.0,0.0,100,436.39,466.0,0,0.0,0.0,,0.0,0,0.0,0.0,,0.0,bidTooLow
2023-06-29,20387.0,-2789.0,0.0,100,438.11,466.0,0,0.0,0.0,,0.0,0,0.0,0.0,,0.0,bidTooLow
2023-06-30,20387.0,-2275.0,0.0,100,443.28,466.0,0,0.0,0.0,,0.0,1,0.13,0.16,SPY230706C00450000,450.0,normalDay
2023-07-03,20387.0,-2215.0,0.0,100,443.79,466.0,0,0.0,0.0,,0.0,1,0.13,0.07,SPY230706C00450000,450.0,normalDay
2023-07-05,20387.0,-2276.0,0.0,100,443.13,466.0,0,0.0,0.0,,0.0,1,0.13,0.02,SPY230706C00450000,450.0,normalDay
2023-07-06,20400.0,-2634.0,13.0,100,439.66,466.0,0,0.0,0.0,,0.0,1,0.13,0.0,SPY230706C00450000,450.0,expirationDay
2023-07-07,20400.0,-2748.0,0.0,100,438.55,466.0,0,0.0,0.0,,0.0,1,0.02,0.05,SPY230713C00451000,451.0,normalDay
2023-07-10,20400.0,-2637.0,0.0,100,439.66,466.0,0,0.0,0.0,,0.0,1,0.02,0.05,SPY230713C00451000,451.0,normalDay
2023-07-11,20400.0,-2364.0,0.0,100,442.46,466.0,0,0.0,0.0,,0.0,1,0.02,0.12,SPY230713C00451000,451.0,normalDay
2023-07-12,20400.0,-2002.0,0.0,100,446.02,466.0,0,0.0,0.0,,0.0,1,0.02,0.06,SPY230713C00451000,451.0,normalDay
2023-07-13,20402.0,-1644.0,2.0,100,449.56,466.0,0,0.0,0.0,,0.0,1,0.02,0.0,SPY230713C00451000,451.0,expirationDay
2023-07-14,20402.0,-1675.0,0.0,100,449.28,466.0,0,0.0,0.0,,0.0,1,0.21,0.24,SPY230720C00456000,456.0,normalDay
2023-07-17,20402.0,-1522.0,0.0,100,450.84,466.0,0,0.0,0.0,,0.0,1,0.21,0.27,SPY230720C00456000,456.0,normalDay
2023-07-18,20402.0,-1234.0,0.0,100,454.19,466.0,0,0.0,0.0,,0.0,1,0.21,0.74,SPY230720C00456000,456.0,normalDay
2023-07-19,20402.0,-1137.0,0.0,100,455.2,466.0,0,0.0,0.0,,0.0,1,0.21,0.78,SPY230720C00456000,456.0,normalDay
2023-07-20,20423.0,-1382.0,21.0,100,452.18,466.0,0,0.0,0.0,,0.0,1,0.21,0.0,SPY230720C00456000,456.0,expirationDay
2023-07-21,20423.0,-1382.0,0.0,100,452.18,466.0,0,0.0,0.0,,0.0,0,0.0,0.0,,0.0,bidTooLow
2023-07-24,20423.0,-1183.0,0.0,100,454.2,466.0,0,0.0,0.0,,0.0,1,0.02,0.05,SPY230728C00467000,467.0,normalDay
2023-07-25,20423.0,-1060.0,0.0,100,455.44,466.0,0,0.0,0.0,,0.0,1,0.02,0.06,SPY230728C00467000,467.0,normalDay
2023-07-26,20423.0,-1049.0,0.0,100,455.51,466.0,0,0.0,0.0,,0.0,1,0.02,0.02,SPY230728C00467000,467.0,normalDay
2023-07-27,20423.0,-1350.0,0.0,100,452.49,466.0,0,0.0,0.0,,0.0,1,0.02,0.01,SPY230728C00467000,467.0,normalDay
2023-07-28,20425.0,-908.0,2.0,100,456.92,466.0,0,0.0,0.0,,0.0,1,0.02,0.0,SPY230728C00467000,467.0,expirationDay
2023-07-31,20425.0,-824.0,0.0,100,457.79,466.0,0,0.0,0.0,,0.0,1,0.02,0.05,SPY230804C00469000,469.0,normalDay
2023-08-01,20425.0,-953.0,0.0,100,456.48,466.0,0,0.0,0.0,,0.0,1,0.02,0.03,SPY230804C00469000,469.0,normalDay
2023-08-02,20425.0,-1586.0,0.0,100,450.13,466.0,0,0.0,0.0,,0.0,1,0.02,0.01,SPY230804C00469000,469.0,normalDay
2023-08-03,20425.0,-1715.0,0.0,100,448.84,466.0,0,0.0,0.0,,0.0,1,0.02,0.01,SPY230804C00469000,469.0,normalDay
2023-08-04,20427.0,-1919.0,2.0,100,446.81,466.0,0,0.0,0.0,,0.0,1,0.02,0.0,SPY230804C00469000,469.0,expirationDay
2023-08-07,20427.0,-1529.0,0.0,100,450.71,466.0,0,0.0,0.0,,0.0,0,0.0,0.0,,0.0,bidTooLow
2023-08-08,20427.0,-1725.0,0.0,100,448.75,466.0,0,0.0,0.0,,0.0,0,0.0,0.0,,0.0,bidTooLow
2023-08-09,20427.0,-2025.0,0.0,100,445.75,466.0,0,0.0,0.0,,0.0,0,0.0,0.0,,0.0,bidTooLow
2023-08-10,20427.0,-2009.0,0.0,100,445.91,466.0,0,0.0,0.0,,0.0,0,0.0,0.0,,0.0,bidTooLow
2023-08-11,20427.0,-2035.0,0.0,100,445.65,466.0,0,0.0,0.0,,0.0,0,0.0,0.0,,0.0,bidTooLow
2023-08-14,20427.0,-1789.0,0.0,100,448.11,466.0,0,0.0,0.0,,0.0,0,0.0,0.0,,0.0,bidTooLow
2023-08-15,20427.0,-2311.0,0.0,100,442.89,466.0,0,0.0,0.0,,0.0,0,0.0,0.0,,0.0,bidTooLow
2023-08-16,20427.0,-2636.0,0.0,100,439.64,466.0,0,0.0,0.0,,0.0,0,0.0,0.0,,0.0,bidTooLow
2023-08-17,20427.0,-2971.0,0.0,100,436.29,466.0,0,0.0,0.0,,0.0,0,0.0,0.0,,0.0,bidTooLow
2023-08-18,20427.0,-2950.0,0.0,100,436.5,466.0,0,0.0,0.0,,0.0,0,0.0,0.0,,0.0,bidTooLow
2023-08-21,20427.0,-2666.0,0.0,100,439.34,466.0,0,0.0,0.0,,0.0,0,0.0,0.0,,0.0,bidTooLow
2023-08-22,20427.0,-2785.0,0.0,100,438.15,466.0,0,0.0,0.0,,0.0,0,0.0,0.0,,0.0,bidTooLow
2023-08-23,20427.0,-2297.0,0.0,100,443.03,466.0,0,0.0,0.0,,0.0,0,0.0,0.0,,0.0,bidTooLow
2023-08-24,20427.0,-2911.0,0.0,100,436.89,466.0,0,0.0,0.0,,0.0,0,0.0,0.0,,0.0,bidTooLow
2023-08-25,20427.0,-2603.0,0.0,100,439.97,466.0,0,0.0,0.0,,0.0,0,0.0,0.0,,0.0,bidTooLow
2023-08-28,20427.0,-2324.0,0.0,100,442.76,466.0,0,0.0,0.0,,0.0,0,0.0,0.0,,0.0,bidTooLow
2023-08-29,20427.0,-1687.0,0.0,100,449.16,466.0,0,0.0,0.0,,0.0,1,0.07,0.1,SPY230901C00459000,459.0,normalDay
2023-08-30,20427.0,-1499.0,0.0,100,451.01,466.0,0,0.0,0.0,,0.0,1,0.07,0.07,SPY230901C00459000,459.0,normalDay
2023-08-31,20427.0,-1560.0,0.0,100,450.35,466.0,0,0.0,0.0,,0.0,1,0.07,0.02,SPY230901C00459000,459.0,normalDay
2023-09-01,20434.0,-1481.0,7.0,100,451.19,466.0,0,0.0,0.0,,0.0,1,0.07,0.0,SPY230901C00459000,459.0,expirationDay
2023-09-05,20434.0,-1679.0,0.0,100,449.24,466.0,0,0.0,0.0,,0.0,1,0.01,0.04,SPY230911C00461000,461.0,normalDay
2023-09-06,20434.0,-1978.0,0.0,100,446.22,466.0,0,0.0,0.0,,0.0,1,0.01,0.01,SPY230911C00461000,461.0,normalDay
2023-09-07,20434.0,-2115.0,0.0,100,444.85,466.0,0,0.0,0.0,,0.0,1,0.01,0.01,SPY230911C00461000,461.0,normalDay
2023-09-08,20434.0,-2048.0,0.0,100,445.52,466.0,0,0.0,0.0,,0.0,1,0.01,0.01,SPY230911C00461000,461.0,normalDay
2023-09-11,20435.0,-1755.0,1.0,100,448.45,466.0,0,0.0,0.0,,0.0,1,0.01,0.0,SPY230911C00461000,461.0,expirationDay
2023-09-12,20435.0,-2001.0,0.0,100,445.99,466.0,0,0.0,0.0,,0.0,0,0.0,0.0,,0.0,bidTooLow
2023-09-13,20435.0,-1949.0,0.0,100,446.51,466.0,0,0.0,0.0,,0.0,0,0.0,0.0,,0.0,bidTooLow
2023-09-14,20435.0,-1567.0,0.0,100,450.36,466.0,0,0.0,0.0,,0.0,1,0.01,0.04,SPY230920C00461000,461.0,normalDay
2023-09-15,20435.0,-2263.0,0.0,100,443.37,466.0,0,0.0,0.0,,0.0,1,0.01,0.01,SPY230920C00461000,461.0,normalDay
2023-09-18,20435.0,-2237.0,0.0,100,443.63,466.0,0,0.0,0.0,,0.0,1,0.01,0.01,SPY230920C00461000,461.0,normalDay
2023-09-19,20435.0,-2329.0,0.0,100,442.71,466.0,0,0.0,0.0,,0.0,1,0.01,0.01,SPY230920C00461000,461.0,normalDay
2023-09-20,20436.0,-2736.0,1.0,100,438.64,466.0,0,0.0,0.0,,0.0,1,0.01,0.0,SPY230920C00461000,461.0,expirationDay
2023-09-21,20436.0,-3461.0,0.0,100,431.39,466.0,0,0.0,0.0,,0.0,0,0.0,0.0,,0.0,bidTooLow
2023-09-22,20436.0,-3558.0,0.0,100,430.42,466.0,0,0.0,0.0,,0.0,0,0.0,0.0,,0.0,bidTooLow
2023-09-25,20436.0,-3377.0,0.0,100,432.23,466.0,0,0.0,0.0,,0.0,0,0.0,0.0,,0.0,bidTooLow
2023-09-26,20436.0,-4012.0,0.0,100,425.88,466.0,0,0.0,0.0,,0.0,0,0.0,0.0,,0.0,bidTooLow
2023-09-27,20436.0,-3995.0,0.0,100,426.05,466.0,0,0.0,0.0,,0.0,0,0.0,0.0,,0.0,bidTooLow
2023-09-28,20436.0,-3748.0,0.0,100,428.52,466.0,0,0.0,0.0,,0.0,0,0.0,0.0,,0.0,bidTooLow
2023-09-29,20436.0,-3852.0,0.0,100,427.48,466.0,0,0.0,0.0,,0.0,0,0.0,0.0,,0.0,bidTooLow
2023-10-02,20436.0,-3869.0,0.0,100,427.31,466.0,0,0.0,0.0,,0.0,0,0.0,0.0,,0.0,bidTooLow
2023-10-03,20436.0,-4441.0,0.0,100,421.59,466.0,0,0.0,0.0,,0.0,0,0.0,0.0,,0.0,bidTooLow
2023-10-04,20436.0,-4134.0,0.0,100,424.66,466.0,0,0.0,0.0,,0.0,0,0.0,0.0,,0.0,bidTooLow
2023-10-05,20436.0,-4150.0,0.0,100,424.5,466.0,0,0.0,0.0,,0.0,0,0.0,0.0,,0.0,bidTooLow
2023-10-06,20436.0,-3646.0,0.0,100,429.54,466.0,0,0.0,0.0,,0.0,0,0.0,0.0,,0.0,bidTooLow
2023-10-09,20436.0,-3371.0,0.0,100,432.29,466.0,0,0.0,0.0,,0.0,0,0.0,0.0,,0.0,bidTooLow
2023-10-10,20436.0,-3146.0,0.0,100,434.54,466.0,0,0.0,0.0,,0.0,0,0.0,0.0,,0.0,bidTooLow
2023-10-11,20436.0,-2968.0,0.0,100,436.32,466.0,0,0.0,0.0,,0.0,0,0.0,0.0,,0.0,bidTooLow
2023-10-12,20436.0,-3234.0,0.0,100,433.66,466.0,0,0.0,0.0,,0.0,0,0.0,0.0,,0.0,bidTooLow
2023-10-13,20436.0,-3450.0,0.0,100,431.5,466.0,0,0.0,0.0,,0.0,0,0.0,0.0,,0.0,bidTooLow
2023-10-16,20436.0,-2999.0,0.0,100,436.04,466.0,0,0.0,0.0,,0.0,1,0.05,0.08,SPY231020C00448000,448.0,normalDay
2023-10-17,20436.0,-2998.0,0.0,100,436.02,466.0,0,0.0,0.0,,0.0,1,0.05,0.05,SPY231020C00448000,448.0,normalDay
2023-10-18,20436.0,-3576.0,0.0,100,430.21,466.0,0,0.0,0.0,,0.0,1,0.05,0.02,SPY231020C00448000,448.0,normalDay
2023-10-19,20436.0,-3953.0,0.0,100,426.43,466.0,0,0.0,0.0,,0.0,1,0.05,0.01,SPY231020C00448000,448.0,normalDay
2023-10-20,20441.0,-4481.0,5.0,100,421.19,466.0,0,0.0,0.0,,0.0,1,0.05,0.0,SPY231020C00448000,448.0,expirationDay
2023-10-23,20441.0,-4554.0,0.0,100,420.46,466.0,0,0.0,0.0,,0.0,0,0.0,0.0,,0.0,bidTooLow
2023-10-24,20441.0,-4237.0,0.0,100,423.63,466.0,0,0.0,0.0,,0.0,0,0.0,0.0,,0.0,bidTooLow
2023-10-25,20441.0,-4845.0,0.0,100,417.55,466.0,0,0.0,0.0,,0.0,0,0.0,0.0,,0.0,bidTooLow
2023-10-26,20441.0,-5345.0,0.0,100,412.55,466.0,0,0.0,0.0,,0.0,0,0.0,0.0,,0.0,bidTooLow
2023-10-27,20441.0,-5532.0,0.0,100,410.68,466.0,0,0.0,0.0,,0.0,0,0.0,0.0,,0.0,bidTooLow
2023-10-30,20441.0,-5041.0,0.0,100,415.59,466.0,0,0.0,0.0,,0.0,0,0.0,0.0,,0.0,bidTooLow
2023-10-31,20441.0,-4780.0,0.0,100,418.2,466.0,0,0.0,0.0,,0.0,0,0.0,0.0,,0.0,bidTooLow
2023-11-01,20441.0,-4334.0,0.0,100,422.66,466.0,0,0.0,0.0,,0.0,0,0.0,0.0,,0.0,bidTooLow
2023-11-02,20441.0,-3524.0,0.0,100,430.76,466.0,0,0.0,0.0,,0.0,0,0.0,0.0,,0.0,bidTooLow
2023-11-03,20441.0,-3131.0,0.0,100,434.69,466.0,0,0.0,0.0,,0.0,0,0.0,0.0,,0.0,bidTooLow
2023-11-06,20441.0,-3031.0,0.0,100,435.69,466.0,0,0.0,0.0,,0.0,0,0.0,0.0,,0.0,bidTooLow
2023-11-07,20441.0,-2907.0,0.0,100,436.93,466.0,0,0.0,0.0,,0.0,0,0.0,0.0,,0.0,bidTooLow
2023-11-08,20441.0,-2875.0,0.0,100,437.25,466.0,0,0.0,0.0,,0.0,0,0.0,0.0,,0.0,bidTooLow
2023-11-09,20441.0,-3216.0,0.0,100,433.84,466.0,0,0.0,0.0,,0.0,0,0.0,0.0,,0.0,bidTooLow
2023-11-10,20441.0,-2539.0,0.0,100,440.61,466.0,0,0.0,0.0,,0.0,0,0.0,0.0,,0.0,bidTooLow
2023-11-13,20441.0,-2581.0,0.0,100,440.19,466.0,0,0.0,0.0,,0.0,0,0.0,0.0,,0.0,bidTooLow
2023-11-14,20441.0,-1730.0,0.0,100,448.73,466.0,0,0.0,0.0,,0.0,1,0.06,0.09,SPY231120C00462000,462.0,normalDay
2023-11-15,20441.0,-1630.0,0.0,100,449.68,466.0,0,0.0,0.0,,0.0,1,0.06,0.04,SPY231120C00462000,462.0,normalDay
2023-11-16,20441.0,-1573.0,0.0,100,450.23,466.0,0,0.0,0.0,,0.0,1,0.06,0.02,SPY231120C00462000,462.0,normalDay
2023-11-17,20441.0,-1517.0,0.0,100,450.79,466.0,0,0.0,0.0,,0.0,1,0.06,0.02,SPY231120C00462000,462.0,normalDay
2023-11-20,20447.0,-1174.0,6.0,100,454.26,466.0,0,0.0,0.0,,0.0,1,0.06,0.0,SPY231120C00462000,462.0,expirationDay
2023-11-21,20447.0,-1273.0,0.0,100,453.27,466.0,0,0.0,0.0,,0.0,0,0.0,0.0,,0.0,bidTooLow
2023-11-22,20447.0,-1098.0,0.0,100,455.02,466.0,0,0.0,0.0,,0.0,0,0.0,0.0,,0.0,bidTooLow
2023-11-24,20447.0,-1070.0,0.0,100,455.3,466.0,0,0.0,0.0,,0.0,0,0.0,0.0,,0.0,bidTooLow
2023-11-27,20447.0,-1152.0,0.0,100,454.48,466.0,0,0.0,0.0,,0.0,0,0.0,0.0,,0.0,bidTooLow
2023-11-28,20447.0,-1107.0,0.0,100,454.93,466.0,0,0.0,0.0,,0.0,0,0.0,0.0,,0.0,bidTooLow
2023-11-29,20447.0,-1139.0,0.0,100,454.61,466.0,0,0.0,0.0,,0.0,0,0.0,0.0,,0.0,bidTooLow
2023-11-30,20447.0,-960.0,0.0,100,456.4,466.0,0,0.0,0.0,,0.0,0,0.0,0.0,,0.0,bidTooLow
