date,totalCapital,unrializedPnL,rializedPnL,stocksOwned,stocksPriceToday,stocksPriceBoughtAt,putOwned,putOwnedSoldAt,putPriceToday,putOwnedContract,putOwnedStrike,callOwned,callOwnedSoldAt,callPriceToday,callOwnedContract,callOwnedStrike,trackType
2018-11-01,0.0,-5.0,0.0,0,273.51,0.0,1,0.4,0.45,SPY181119P00250000,250.0,0,0.0,0.0,,0.0,normalDay
2018-11-02,0.0,-5.0,0.0,0,271.89,0.0,1,0.4,0.45,SPY181119P00250000,250.0,0,0.0,0.0,,0.0,normalDay
2018-11-05,0.0,8.0,0.0,0,273.39,0.0,1,0.4,0.32,SPY181119P00250000,250.0,0,0.0,0.0,,0.0,normalDay
2018-11-06,0.0,13.0,0.0,0,275.12,0.0,1,0.4,0.27,SPY181119P00250000,250.0,0,0.0,0.0,,0.0,normalDay
2018-11-07,0.0,32.0,0.0,0,281.01,0.0,1,0.4,0.08,SPY181119P00250000,250.0,0,0.0,0.0,,0.0,normalDay
2018-11-08,0.0,32.0,0.0,0,280.5,0.0,1,0.4,0.08,SPY181119P00250000,250.0,0,0.0,0.0,,0.0,normalDay
2018-11-09,0.0,33.0,0.0,0,277.76,0.0,1,0.4,0.07,SPY181119P00250000,250.0,0,0.0,0.0,,0.0,normalDay
2018-11-12,0.0,26.0,0.0,0,272.57,0.0,1,0.4,0.14,SPY181119P00250000,250.0,0,0.0,0.0,,0.0,normalDay
2018-11-13,0.0,30.0,0.0,0,272.06,0.0,1,0.4,0.1,SPY181119P00250000,250.0,0,0.0,0.0,,0.0,normalDay
2018-11-14,0.0,30.0,0.0,0,270.2,0.0,1,0.4,0.1,SPY181119P00250000,250.0,0,0.0,0.0,,0.0,normalDay
2018-11-15,0.0,35.0,0.0,0,273.02,0.0,1,0.4,0.05,SPY181119P00250000,250.0,0,0.0,0.0,,0.0,normalDay
2018-11-16,0.0,39.0,0.0,0,273.73,0.0,1,0.4,0.01,SPY181119P00250000,250.0,0,0.0,0.0,,0.0,normalDay
2018-11-19,40.0,0.0,40.0,0,269.1,0.0,1,0.4,0.0,SPY181119P00250000,250.0,0,0.0,0.0,,0.0,expirationDay
2018-11-20,40.0,-6.0,0.0,0,264.12,0.0,1,2.04,2.1,SPY181207P00255000,255.0,0,0.0,0.0,,0.0,normalDay
2018-11-21,40.0,58.0,0.0,0,265.02,0.0,1,2.04,1.46,SPY181207P00255000,255.0,0,0.0,0.0,,0.0,normalDay
2018-11-23,40.0,34.0,0.0,0,263.25,0.0,1,2.04,1.7,SPY181207P00255000,255.0,0,0.0,0.0,,0.0,normalDay
2018-11-26,40.0,152.0,0.0,0,267.5,0.0,1,2.04,0.52,SPY181207P00255000,255.0,0,0.0,0.0,,0.0,normalDay
2018-11-27,40.0,153.0,0.0,0,268.4,0.0,1,2.04,0.51,SPY181207P00255000,255.0,0,0.0,0.0,,0.0,normalDay
2018-11-28,40.0,183.0,0.0,0,274.58,0.0,1,2.04,0.21,SPY181207P00255000,255.0,0,0.0,0.0,,0.0,normalDay
2018-11-29,40.0,182.0,0.0,0,273.98,0.0,1,2.04,0.22,SPY181207P00255000,255.0,0,0.0,0.0,,0.0,normalDay
2018-11-30,40.0,193.0,0.0,0,275.65,0.0,1,2.04,0.11,SPY181207P00255000,255.0,0,0.0,0.0,,0.0,normalDay
2018-12-03,40.0,201.0,0.0,0,279.3,0.0,1,2.04,0.03,SPY181207P00255000,255.0,0,0.0,0.0,,0.0,normalDay
2018-12-04,40.0,189.0,0.0,0,270.25,0.0,1,2.04,0.15,SPY181207P00255000,255.0,0,0.0,0.0,,0.0,normalDay
2018-12-06,40.0,202.0,0.0,0,269.84,0.0,1,2.04,0.02,SPY181207P00255000,255.0,0,0.0,0.0,,0.0,normalDay
2018-12-07,244.0,0.0,204.0,0,263.57,0.0,1,2.04,0.0,SPY181207P00255000,255.0,0,0.0,0.0,,0.0,expirationDay
2018-12-10,244.0,-7.0,0.0,0,264.07,0.0,1,2.14,2.21,SPY181228P00255000,255.0,0,0.0,0.0,,0.0,normalDay
2018-12-11,244.0,16.0,0.0,0,264.13,0.0,1,2.14,1.98,SPY181228P00255000,255.0,0,0.0,0.0,,0.0,normalDay
2018-12-12,244.0,53.0,0.0,0,265.46,0.0,1,2.14,1.61,SPY181228P00255000,255.0,0,0.0,0.0,,0.0,normalDay
2018-12-13,244.0,86.0,0.0,0,265.37,0.0,1,2.14,1.28,SPY181228P00255000,255.0,0,0.0,0.0,,0.0,normalDay
2018-12-14,244.0,-18.0,0.0,0,260.47,0.0,1,2.14,2.32,SPY181228P00255000,255.0,0,0.0,0.0,,0.0,normalDay
2018-12-17,244.0,-235.0,0.0,0,255.36,0.0,1,2.14,4.49,SPY181228P00255000,255.0,0,0.0,0.0,,0.0,normalDay
2018-12-18,244.0,-291.0,0.0,0,255.08,0.0,1,2.14,5.05,SPY181228P00255000,255.0,0,0.0,0.0,,0.0,normalDay
2018-12-19,244.0,-442.0,0.0,0,251.26,0.0,1,2.14,6.56,SPY181228P00255000,255.0,0,0.0,0.0,,0.0,normalDay
2018-12-20,244.0,-714.0,0.0,0,247.17,0.0,1,2.14,9.28,SPY181228P00255000,255.0,0,0.0,0.0,,0.0,normalDay
2018-12-21,244.0,-1301.0,0.0,0,240.7,0.0,1,2.14,15.15,SPY181228P00255000,255.0,0,0.0,0.0,,0.0,normalDay
2018-12-24,244.0,-2054.0,0.0,0,234.34,0.0,1,2.14,22.68,SPY181228P00255000,255.0,0,0.0,0.0,,0.0,normalDay
2018-12-26,244.0,-681.0,0.0,0,246.18,0.0,1,2.14,8.95,SPY181228P00255000,255.0,0,0.0,0.0,,0.0,normalDay
2018-12-27,244.0,-458.0,0.0,0,248.07,0.0,1,2.14,6.72,SPY181228P00255000,255.0,0,0.0,0.0,,0.0,normalDay
2018-12-28,458.0,-725.0,214.0,100,247.75,255.0,1,2.14,0.0,SPY181228P00255000,255.0,0,0.0,0.0,,0.0,expirationDay
2018-12-31,458.0,-512.0,0.0,100,249.92,255.0,0,0.0,0.0,,0.0,1,0.54,0.58,SPY190118C00264000,264.0,normalDay
2019-01-02,458.0,-453.0,0.0,100,250.18,255.0,0,0.0,0.0,,0.0,1,0.54,0.25,SPY190118C00264000,264.0,normalDay
2019-01-03,458.0,-1032.0,0.0,100,244.21,255.0,0,0.0,0.0,,0.0,1,0.54,0.07,SPY190118C00264000,264.0,normalDay
2019-01-04,458.0,-244.0,0.0,100,252.39,255.0,0,0.0,0.0,,0.0,1,0.54,0.37,SPY190118C00264000,264.0,normalDay
2019-01-07,458.0,-52.0,0.0,100,254.38,255.0,0,0.0,0.0,,0.0,1,0.54,0.44,SPY190118C00264000,264.0,normalDay
2019-01-08,458.0,172.0,0.0,100,256.77,255.0,0,0.0,0.0,,0.0,1,0.54,0.59,SPY190118C00264000,264.0,normalDay
2019-01-09,458.0,289.0,0.0,100,257.97,255.0,0,0.0,0.0,,0.0,1,0.54,0.62,SPY190118C00264000,264.0,normalDay
2019-01-10,458.0,373.0,0.0,100,258.88,255.0,0,0.0,0.0,,0.0,1,0.54,0.69,SPY190118C00264000,264.0,normalDay
2019-01-11,458.0,410.0,0.0,100,258.98,255.0,0,0.0,0.0,,0.0,1,0.54,0.42,SPY190118C00264000,264.0,normalDay
2019-01-14,458.0,282.0,0.0,100,257.4,255.0,0,0.0,0.0,,0.0,1,0.54,0.12,SPY190118C00264000,264.0,normalDay
2019-01-15,458.0,556.0,0.0,100,260.35,255.0,0,0.0,0.0,,0.0,1,0.54,0.33,SPY190118C00264000,264.0,normalDay
2019-01-16,458.0,624.0,0.0,100,260.98,255.0,0,0.0,0.0,,0.0,1,0.54,0.28,SPY190118C00264000,264.0,normalDay
2019-01-17,458.0,794.0,0.0,100,262.96,255.0,0,0.0,0.0,,0.0,1,0.54,0.56,SPY190118C00264000,264.0,normalDay
2019-01-18,1412.0,794.0,954.0,0,266.46,0.0,0,0.0,0.0,,0.0,1,0.54,0.0,SPY190118C00264000,264.0,expirationDay
2019-01-22,1412.0,-3.0,0.0,0,262.86,0.0,1,0.17,0.2,SPY190208P00226000,226.0,0,0.0,0.0,,0.0,normalDay
2019-01-23,1412.0,6.0,0.0,0,263.41,0.0,1,0.17,0.11,SPY190208P00226000,226.0,0,0.0,0.0,,0.0,normalDay
2019-01-24,1412.0,7.0,0.0,0,263.55,0.0,1,0.17,0.1,SPY190208P00226000,226.0,0,0.0,0.0,,0.0,normalDay
2019-01-25,1412.0,12.0,0.0,0,265.78,0.0,1,0.17,0.05,SPY190208P00226000,226.0,0,0.0,0.0,,0.0,normalDay
2019-01-28,1412.0,11.0,0.0,0,263.76,0.0,1,0.17,0.06,SPY190208P00226000,226.0,0,0.0,0.0,,0.0,normalDay
2019-01-29,1412.0,12.0,0.0,0,263.41,0.0,1,0.17,0.05,SPY190208P00226000,226.0,0,0.0,0.0,,0.0,normalDay
2019-01-30,1412.0,14.0,0.0,0,267.58,0.0,1,0.17,0.03,SPY190208P00226000,226.0,0,0.0,0.0,,0.0,normalDay
2019-01-31,1412.0,15.0,0.0,0,269.93,0.0,1,0.17,0.02,SPY190208P00226000,226.0,0,0.0,0.0,,0.0,normalDay
2019-02-01,1412.0,16.0,0.0,0,270.06,0.0,1,0.17,0.01,SPY190208P00226000,226.0,0,0.0,0.0,,0.0,normalDay
2019-02-04,1412.0,16.0,0.0,0,271.96,0.0,1,0.17,0.01,SPY190208P00226000,226.0,0,0.0,0.0,,0.0,normalDay
2019-02-05,1412.0,16.0,0.0,0,273.1,0.0,1,0.17,0.01,SPY190208P00226000,226.0,0,0.0,0.0,,0.0,normalDay
2019-02-06,1412.0,16.0,0.0,0,272.74,0.0,1,0.17,0.01,SPY190208P00226000,226.0,0,0.0,0.0,,0.0,normalDay
2019-02-07,1412.0,16.0,0.0,0,270.14,0.0,1,0.17,0.01,SPY190208P00226000,226.0,0,0.0,0.0,,0.0,normalDay
2019-02-08,1429.0,0.0,17.0,0,270.47,0.0,1,0.17,0.0,SPY190208P00226000,226.0,0,0.0,0.0,,0.0,expirationDay
2019-02-11,1429.0,-3.0,0.0,0,270.62,0.0,1,0.28,0.31,SPY190301P00251000,251.0,0,0.0,0.0,,0.0,normalDay
2019-02-12,1429.0,8.0,0.0,0,274.1,0.0,1,0.28,0.2,SPY190301P00251000,251.0,0,0.0,0.0,,0.0,normalDay
2019-02-13,1429.0,11.0,0.0,0,274.99,0.0,1,0.28,0.17,SPY190301P00251000,251.0,0,0.0,0.0,,0.0,normalDay
2019-02-14,1429.0,10.0,0.0,0,274.38,0.0,1,0.28,0.18,SPY190301P00251000,251.0,0,0.0,0.0,,0.0,normalDay
2019-02-15,1429.0,18.0,0.0,0,277.37,0.0,1,0.28,0.1,SPY190301P00251000,251.0,0,0.0,0.0,,0.0,normalDay
2019-02-19,1429.0,23.0,0.0,0,277.85,0.0,1,0.28,0.05,SPY190301P00251000,251.0,0,0.0,0.0,,0.0,normalDay
2019-02-20,1429.0,25.0,0.0,0,278.41,0.0,1,0.28,0.03,SPY190301P00251000,251.0,0,0.0,0.0,,0.0,normalDay
2019-02-21,1429.0,25.0,0.0,0,277.42,0.0,1,0.28,0.03,SPY190301P00251000,251.0,0,0.0,0.0,,0.0,normalDay
2019-02-22,1429.0,26.0,0.0,0,279.14,0.0,1,0.28,0.02,SPY190301P00251000,251.0,0,0.0,0.0,,0.0,normalDay
2019-02-25,1429.0,26.0,0.0,0,279.52,0.0,1,0.28,0.02,SPY190301P00251000,251.0,0,0.0,0.0,,0.0,normalDay
2019-02-26,1429.0,27.0,0.0,0,279.32,0.0,1,0.28,0.01,SPY190301P00251000,251.0,0,0.0,0.0,,0.0,normalDay
2019-02-27,1429.0,27.0,0.0,0,279.2,0.0,1,0.28,0.01,SPY190301P00251000,251.0,0,0.0,0.0,,0.0,normalDay
2019-02-28,1429.0,27.0,0.0,0,278.68,0.0,1,0.28,0.01,SPY190301P00251000,251.0,0,0.0,0.0,,0.0,normalDay
2019-03-01,1457.0,0.0,28.0,0,280.42,0.0,1,0.28,0.0,SPY190301P00251000,251.0,0,0.0,0.0,,0.0,expirationDay
2019-03-04,1457.0,-4.0,0.0,0,279.4,0.0,1,0.52,0.56,SPY190322P00264000,264.0,0,0.0,0.0,,0.0,normalDay
2019-03-05,1457.0,-3.0,0.0,0,279.02,0.0,1,0.52,0.55,SPY190322P00264000,264.0,0,0.0,0.0,,0.0,normalDay
2019-03-06,1457.0,-18.0,0.0,0,277.33,0.0,1,0.52,0.7,SPY190322P00264000,264.0,0,0.0,0.0,,0.0,normalDay
2019-03-07,1457.0,-44.0,0.0,0,275.01,0.0,1,0.52,0.96,SPY190322P00264000,264.0,0,0.0,0.0,,0.0,normalDay
2019-03-08,1457.0,-27.0,0.0,0,274.46,0.0,1,0.52,0.79,SPY190322P00264000,264.0,0,0.0,0.0,,0.0,normalDay
2019-03-11,1457.0,26.0,0.0,0,278.44,0.0,1,0.52,0.26,SPY190322P00264000,264.0,0,0.0,0.0,,0.0,normalDay
2019-03-12,1457.0,36.0,0.0,0,279.49,0.0,1,0.52,0.16,SPY190322P00264000,264.0,0,0.0,0.0,,0.0,normalDay
2019-03-13,1457.0,43.0,0.0,0,281.34,0.0,1,0.52,0.09,SPY190322P00264000,264.0,0,0.0,0.0,,0.0,normalDay
2019-03-14,1457.0,45.0,0.0,0,281.16,0.0,1,0.52,0.07,SPY190322P00264000,264.0,0,0.0,0.0,,0.0,normalDay
2019-03-15,1457.0,49.0,0.0,0,281.31,0.0,1,0.52,0.03,SPY190322P00264000,264.0,0,0.0,0.0,,0.0,normalDay
2019-03-18,1457.0,50.0,0.0,0,282.33,0.0,1,0.52,0.02,SPY190322P00264000,264.0,0,0.0,0.0,,0.0,normalDay
2019-03-19,1457.0,50.0,0.0,0,282.4,0.0,1,0.52,0.02,SPY190322P00264000,264.0,0,0.0,0.0,,0.0,normalDay
2019-03-20,1457.0,51.0,0.0,0,281.55,0.0,1,0.52,0.01,SPY190322P00264000,264.0,0,0.0,0.0,,0.0,normalDay
2019-03-21,1457.0,51.0,0.0,0,284.73,0.0,1,0.52,0.01,SPY190322P00264000,264.0,0,0.0,0.0,,0.0,normalDay
2019-03-22,1509.0,0.0,52.0,0,279.25,0.0,1,0.52,0.0,SPY190322P00264000,264.0,0,0.0,0.0,,0.0,expirationDay
2019-03-25,1509.0,-4.0,0.0,0,279.04,0.0,1,1.53,1.57,SPY190412P00272000,272.0,0,0.0,0.0,,0.0,normalDay
2019-03-26,1509.0,61.0,0.0,0,281.12,0.0,1,1.53,0.92,SPY190412P00272000,272.0,0,0.0,0.0,,0.0,normalDay
2019-03-27,1509.0,43.0,0.0,0,279.65,0.0,1,1.53,1.1,SPY190412P00272000,272.0,0,0.0,0.0,,0.0,normalDay
2019-03-28,1509.0,78.0,0.0,0,280.71,0.0,1,1.53,0.75,SPY190412P00272000,272.0,0,0.0,0.0,,0.0,normalDay
2019-03-29,1509.0,112.0,0.0,0,282.48,0.0,1,1.53,0.41,SPY190412P00272000,272.0,0,0.0,0.0,,0.0,normalDay
2019-04-01,1509.0,135.0,0.0,0,285.83,0.0,1,1.53,0.18,SPY190412P00272000,272.0,0,0.0,0.0,,0.0,normalDay
2019-04-02,1509.0,138.0,0.0,0,285.97,0.0,1,1.53,0.15,SPY190412P00272000,272.0,0,0.0,0.0,,0.0,normalDay
2019-04-03,1509.0,141.0,0.0,0,286.42,0.0,1,1.53,0.12,SPY190412P00272000,272.0,0,0.0,0.0,,0.0,normalDay
2019-04-04,1509.0,145.0,0.0,0,287.18,0.0,1,1.53,0.08,SPY190412P00272000,272.0,0,0.0,0.0,,0.0,normalDay
2019-04-05,1509.0,150.0,0.0,0,288.57,0.0,1,1.53,0.03,SPY190412P00272000,272.0,0,0.0,0.0,,0.0,normalDay
2019-04-08,1509.0,151.0,0.0,0,288.79,0.0,1,1.53,0.02,SPY190412P00272000,272.0,0,0.0,0.0,,0.0,normalDay
2019-04-09,1509.0,151.0,0.0,0,287.31,0.0,1,1.53,0.02,SPY190412P00272000,272.0,0,0.0,0.0,,0.0,normalDay
2019-04-10,1509.0,152.0,0.0,0,288.29,0.0,1,1.53,0.01,SPY190412P00272000,272.0,0,0.0,0.0,,0.0,normalDay
2019-04-11,1509.0,152.0,0.0,0,288.21,0.0,1,1.53,0.01,SPY190412P00272000,272.0,0,0.0,0.0,,0.0,normalDay
2019-04-12,1662.0,0.0,153.0,0,290.16,0.0,1,1.53,0.0,SPY190412P00272000,272.0,0,0.0,0.0,,0.0,expirationDay
2019-04-15,1662.0,-3.0,0.0,0,289.97,0.0,1,0.24,0.27,SPY190503P00272500,272.5,0,0.0,0.0,,0.0,normalDay
2019-04-16,1662.0,-1.0,0.0,0,290.16,0.0,1,0.24,0.25,SPY190503P00272500,272.5,0,0.0,0.0,,0.0,normalDay
2019-04-17,1662.0,-2.0,0.0,0,289.45,0.0,1,0.24,0.26,SPY190503P00272500,272.5,0,0.0,0.0,,0.0,normalDay
2019-04-18,1662.0,6.0,0.0,0,290.02,0.0,1,0.24,0.18,SPY190503P00272500,272.5,0,0.0,0.0,,0.0,normalDay
2019-04-22,1662.0,12.0,0.0,0,290.27,0.0,1,0.24,0.12,SPY190503P00272500,272.5,0,0.0,0.0,,0.0,normalDay
2019-04-23,1662.0,15.0,0.0,0,292.88,0.0,1,0.24,0.09,SPY190503P00272500,272.5,0,0.0,0.0,,0.0,normalDay
2019-04-24,1662.0,15.0,0.0,0,292.23,0.0,1,0.24,0.09,SPY190503P00272500,272.5,0,0.0,0.0,,0.0,normalDay
2019-04-25,1662.0,16.0,0.0,0,292.05,0.0,1,0.24,0.08,SPY190503P00272500,272.5,0,0.0,0.0,,0.0,normalDay
2019-04-26,1662.0,18.0,0.0,0,293.41,0.0,1,0.24,0.06,SPY190503P00272500,272.5,0,0.0,0.0,,0.0,normalDay
2019-04-29,1662.0,21.0,0.0,0,293.87,0.0,1,0.24,0.03,SPY190503P00272500,272.5,0,0.0,0.0,,0.0,normalDay
2019-04-30,1662.0,21.0,0.0,0,294.02,0.0,1,0.24,0.03,SPY190503P00272500,272.5,0,0.0,0.0,,0.0,normalDay
2019-05-01,1662.0,20.0,0.0,0,291.81,0.0,1,0.24,0.04,SPY190503P00272500,272.5,0,0.0,0.0,,0.0,normalDay
2019-05-02,1662.0,22.0,0.0,0,291.18,0.0,1,0.24,0.02,SPY190503P00272500,272.5,0,0.0,0.0,,0.0,normalDay
2019-05-03,1686.0,0.0,24.0,0,294.03,0.0,1,0.24,0.0,SPY190503P00272500,272.5,0,0.0,0.0,,0.0,expirationDay
2019-05-06,1686.0,-5.0,0.0,0,292.82,0.0,1,1.23,1.28,SPY190524P00284000,284.0,0,0.0,0.0,,0.0,normalDay
2019-05-07,1686.0,-191.0,0.0,0,287.93,0.0,1,1.23,3.14,SPY190524P00284000,284.0,0,0.0,0.0,,0.0,normalDay
2019-05-08,1686.0,-187.0,0.0,0,287.53,0.0,1,1.23,3.1,SPY190524P00284000,284.0,0,0.0,0.0,,0.0,normalDay
2019-05-09,1686.0,-206.0,0.0,0,286.66,0.0,1,1.23,3.29,SPY190524P00284000,284.0,0,0.0,0.0,,0.0,normalDay
2019-05-10,1686.0,-89.0,0.0,0,288.1,0.0,1,1.23,2.12,SPY190524P00284000,284.0,0,0.0,0.0,,0.0,normalDay
2019-05-13,1686.0,-432.0,0.0,0,280.86,0.0,1,1.23,5.55,SPY190524P00284000,284.0,0,0.0,0.0,,0.0,normalDay
2019-05-14,1686.0,-231.0,0.0,0,283.4,0.0,1,1.23,3.54,SPY190524P00284000,284.0,0,0.0,0.0,,0.0,normalDay
2019-05-15,1686.0,-101.0,0.0,0,285.06,0.0,1,1.23,2.24,SPY190524P00284000,284.0,0,0.0,0.0,,0.0,normalDay
2019-05-16,1686.0,-1.0,0.0,0,287.7,0.0,1,1.23,1.24,SPY190524P00284000,284.0,0,0.0,0.0,,0.0,normalDay
2019-05-17,1686.0,-54.0,0.0,0,285.84,0.0,1,1.23,1.77,SPY190524P00284000,284.0,0,0.0,0.0,,0.0,normalDay
2019-05-20,1686.0,-78.0,0.0,0,283.95,0.0,1,1.23,2.01,SPY190524P00284000,284.0,0,0.0,0.0,,0.0,normalDay
2019-05-21,1686.0,50.0,0.0,0,286.51,0.0,1,1.23,0.73,SPY190524P00284000,284.0,0,0.0,0.0,,0.0,normalDay
2019-05-22,1686.0,58.0,0.0,0,285.63,0.0,1,1.23,0.65,SPY190524P00284000,284.0,0,0.0,0.0,,0.0,normalDay
2019-05-23,1686.0,-112.0,0.0,0,282.14,0.0,1,1.23,2.35,SPY190524P00284000,284.0,0,0.0,0.0,,0.0,normalDay
2019-05-24,1809.0,-122.0,123.0,100,282.78,284.0,1,1.23,0.0,SPY190524P00284000,284.0,0,0.0,0.0,,0.0,expirationDay
2019-05-28,1809.0,-389.0,0.0,100,280.15,284.0,0,0.0,0.0,,0.0,1,0.62,0.66,SPY190614C00289000,289.0,normalDay
2019-05-29,1809.0,-545.0,0.0,100,278.27,284.0,0,0.0,0.0,,0.0,1,0.62,0.34,SPY190614C00289000,289.0,normalDay
2019-05-30,1809.0,-464.0,0.0,100,279.03,284.0,0,0.0,0.0,,0.0,1,0.62,0.29,SPY190614C00289000,289.0,normalDay
2019-05-31,1809.0,-822.0,0.0,100,275.27,284.0,0,0.0,0.0,,0.0,1,0.62,0.11,SPY190614C00289000,289.0,normalDay
2019-06-03,1809.0,-887.0,0.0,100,274.57,284.0,0,0.0,0.0,,0.0,1,0.62,0.06,SPY190614C00289000,289.0,normalDay
2019-06-04,1809.0,-306.0,0.0,100,280.53,284.0,0,0.0,0.0,,0.0,1,0.62,0.21,SPY190614C00289000,289.0,normalDay
2019-06-05,1809.0,-82.0,0.0,100,282.96,284.0,0,0.0,0.0,,0.0,1,0.62,0.4,SPY190614C00289000,289.0,normalDay
2019-06-06,1809.0,75.0,0.0,100,284.8,284.0,0,0.0,0.0,,0.0,1,0.62,0.67,SPY190614C00289000,289.0,normalDay
2019-06-07,1809.0,274.0,0.0,100,287.65,284.0,0,0.0,0.0,,0.0,1,0.62,1.53,SPY190614C00289000,289.0,normalDay
2019-06-10,1809.0,374.0,0.0,100,288.97,284.0,0,0.0,0.0,,0.0,1,0.62,1.85,SPY190614C00289000,289.0,normalDay
2019-06-11,1809.0,406.0,0.0,100,288.9,284.0,0,0.0,0.0,,0.0,1,0.62,1.46,SPY190614C00289000,289.0,normalDay
2019-06-12,1809.0,415.0,0.0,100,288.39,284.0,0,0.0,0.0,,0.0,1,0.62,0.86,SPY190614C00289000,289.0,normalDay
2019-06-13,1809.0,497.0,0.0,100,289.58,284.0,0,0.0,0.0,,0.0,1,0.62,1.23,SPY190614C00289000,289.0,normalDay
2019-06-14,2371.0,497.0,562.0,0,289.26,0.0,0,0.0,0.0,,0.0,1,0.62,0.0,SPY190614C00289000,289.0,expirationDay
2019-06-17,2371.0,-3.0,0.0,0,289.37,0.0,1,0.32,0.35,SPY190705P00268000,268.0,0,0.0,0.0,,0.0,normalDay
2019-06-18,2371.0,8.0,0.0,0,292.4,0.0,1,0.32,0.24,SPY190705P00268000,268.0,0,0.0,0.0,,0.0,normalDay
2019-06-19,2371.0,14.0,0.0,0,293.06,0.0,1,0.32,0.18,SPY190705P00268000,268.0,0,0.0,0.0,,0.0,normalDay
2019-06-20,2371.0,14.0,0.0,0,295.86,0.0,1,0.32,0.18,SPY190705P00268000,268.0,0,0.0,0.0,,0.0,normalDay
2019-06-21,2371.0,15.0,0.0,0,294.0,0.0,1,0.32,0.17,SPY190705P00268000,268.0,0,0.0,0.0,,0.0,normalDay
2019-06-24,2371.0,21.0,0.0,0,293.64,0.0,1,0.32,0.11,SPY190705P00268000,268.0,0,0.0,0.0,,0.0,normalDay
2019-06-25,2371.0,19.0,0.0,0,290.76,0.0,1,0.32,0.13,SPY190705P00268000,268.0,0,0.0,0.0,,0.0,normalDay
2019-06-26,2371.0,22.0,0.0,0,290.47,0.0,1,0.32,0.1,SPY190705P00268000,268.0,0,0.0,0.0,,0.0,normalDay
2019-06-27,2371.0,25.0,0.0,0,291.5,0.0,1,0.32,0.07,SPY190705P00268000,268.0,0,0.0,0.0,,0.0,normalDay
2019-06-28,2371.0,26.0,0.0,0,293.0,0.0,1,0.32,0.06,SPY190705P00268000,268.0,0,0.0,0.0,,0.0,normalDay
2019-07-01,2371.0,30.0,0.0,0,295.66,0.0,1,0.32,0.02,SPY190705P00268000,268.0,0,0.0,0.0,,0.0,normalDay
2019-07-02,2371.0,31.0,0.0,0,296.43,0.0,1,0.32,0.01,SPY190705P00268000,268.0,0,0.0,0.0,,0.0,normalDay
2019-07-03,2371.0,31.0,0.0,0,298.8,0.0,1,0.32,0.01,SPY190705P00268000,268.0,0,0.0,0.0,,0.0,normalDay
2019-07-05,2403.0,0.0,32.0,0,298.46,0.0,1,0.32,0.0,SPY190705P00268000,268.0,0,0.0,0.0,,0.0,expirationDay
2019-07-08,2403.0,-3.0,0.0,0,296.82,0.0,1,0.35,0.38,SPY190726P00281500,281.5,0,0.0,0.0,,0.0,normalDay
2019-07-09,2403.0,0.0,0.0,0,297.19,0.0,1,0.35,0.35,SPY190726P00281500,281.5,0,0.0,0.0,,0.0,normalDay
2019-07-10,2403.0,14.0,0.0,0,298.61,0.0,1,0.35,0.21,SPY190726P00281500,281.5,0,0.0,0.0,,0.0,normalDay
2019-07-11,2403.0,15.0,0.0,0,299.31,0.0,1,0.35,0.2,SPY190726P00281500,281.5,0,0.0,0.0,,0.0,normalDay
2019-07-12,2403.0,22.0,0.0,0,300.65,0.0,1,0.35,0.13,SPY190726P00281500,281.5,0,0.0,0.0,,0.0,normalDay
2019-07-15,2403.0,21.0,0.0,0,300.75,0.0,1,0.35,0.14,SPY190726P00281500,281.5,0,0.0,0.0,,0.0,normalDay
2019-07-16,2403.0,20.0,0.0,0,299.78,0.0,1,0.35,0.15,SPY190726P00281500,281.5,0,0.0,0.0,,0.0,normalDay
2019-07-17,2403.0,16.0,0.0,0,297.74,0.0,1,0.35,0.19,SPY190726P00281500,281.5,0,0.0,0.0,,0.0,normalDay
2019-07-18,2403.0,24.0,0.0,0,298.83,0.0,1,0.35,0.11,SPY190726P00281500,281.5,0,0.0,0.0,,0.0,normalDay
2019-07-19,2403.0,27.0,0.0,0,297.17,0.0,1,0.35,0.08,SPY190726P00281500,281.5,0,0.0,0.0,,0.0,normalDay
2019-07-22,2403.0,32.0,0.0,0,297.9,0.0,1,0.35,0.03,SPY190726P00281500,281.5,0,0.0,0.0,,0.0,normalDay
2019-07-23,2403.0,33.0,0.0,0,300.03,0.0,1,0.35,0.02,SPY190726P00281500,281.5,0,0.0,0.0,,0.0,normalDay
2019-07-24,2403.0,34.0,0.0,0,301.44,0.0,1,0.35,0.01,SPY190726P00281500,281.5,0,0.0,0.0,,0.0,normalDay
2019-07-25,2403.0,34.0,0.0,0,300.0,0.0,1,0.35,0.01,SPY190726P00281500,281.5,0,0.0,0.0,,0.0,normalDay
2019-07-26,2438.0,0.0,35.0,0,302.01,0.0,1,0.35,0.0,SPY190726P00281500,281.5,0,0.0,0.0,,0.0,expirationDay
2019-07-29,2438.0,-3.0,0.0,0,301.46,0.0,1,0.8,0.83,SPY190816P00293000,293.0,0,0.0,0.0,,0.0,normalDay
2019-07-30,2438.0,-30.0,0.0,0,300.72,0.0,1,0.8,1.1,SPY190816P00293000,293.0,0,0.0,0.0,,0.0,normalDay
2019-07-31,2438.0,-123.0,0.0,0,297.43,0.0,1,0.8,2.03,SPY190816P00293000,293.0,0,0.0,0.0,,0.0,normalDay
2019-08-01,2438.0,-222.0,0.0,0,294.84,0.0,1,0.8,3.02,SPY190816P00293000,293.0,0,0.0,0.0,,0.0,normalDay
2019-08-02,2438.0,-287.0,0.0,0,292.62,0.0,1,0.8,3.67,SPY190816P00293000,293.0,0,0.0,0.0,,0.0,normalDay
2019-08-05,2438.0,-970.0,0.0,0,283.82,0.0,1,0.8,10.5,SPY190816P00293000,293.0,0,0.0,0.0,,0.0,normalDay
2019-08-06,2438.0,-555.0,0.0,0,287.8,0.0,1,0.8,6.35,SPY190816P00293000,293.0,0,0.0,0.0,,0.0,normalDay
2019-08-07,2438.0,-527.0,0.0,0,287.97,0.0,1,0.8,6.07,SPY190816P00293000,293.0,0,0.0,0.0,,0.0,normalDay
2019-08-08,2438.0,-150.0,0.0,0,293.62,0.0,1,0.8,2.3,SPY190816P00293000,293.0,0,0.0,0.0,,0.0,normalDay
2019-08-09,2438.0,-229.0,0.0,0,291.62,0.0,1,0.8,3.09,SPY190816P00293000,293.0,0,0.0,0.0,,0.0,normalDay
2019-08-12,2438.0,-490.0,0.0,0,288.07,0.0,1,0.8,5.7,SPY190816P00293000,293.0,0,0.0,0.0,,0.0,normalDay
2019-08-13,2438.0,-130.0,0.0,0,292.55,0.0,1,0.8,2.1,SPY190816P00293000,293.0,0,0.0,0.0,,0.0,normalDay
2019-08-14,2438.0,-823.0,0.0,0,283.9,0.0,1,0.8,9.03,SPY190816P00293000,293.0,0,0.0,0.0,,0.0,normalDay
2019-08-15,2438.0,-744.0,0.0,0,284.65,0.0,1,0.8,8.24,SPY190816P00293000,293.0,0,0.0,0.0,,0.0,normalDay
2019-08-16,2518.0,-415.0,80.0,100,288.85,293.0,1,0.8,0.0,SPY190816P00293000,293.0,0,0.0,0.0,,0.0,expirationDay
2019-08-19,2518.0,-71.0,0.0,100,292.33,293.0,0,0.0,0.0,,0.0,1,1.8,1.84,SPY190906C00296000,296.0,normalDay
2019-08-20,2518.0,-224.0,0.0,100,290.09,293.0,0,0.0,0.0,,0.0,1,1.8,1.13,SPY190906C00296000,296.0,normalDay
2019-08-21,2518.0,-52.0,0.0,100,292.45,293.0,0,0.0,0.0,,0.0,1,1.8,1.77,SPY190906C00296000,296.0,normalDay
2019-08-22,2518.0,-47.0,0.0,100,292.36,293.0,0,0.0,0.0,,0.0,1,1.8,1.63,SPY190906C00296000,296.0,normalDay
2019-08-23,2518.0,-677.0,0.0,100,284.85,293.0,0,0.0,0.0,,0.0,1,1.8,0.42,SPY190906C00296000,296.0,normalDay
2019-08-26,2518.0,-373.0,0.0,100,288.0,293.0,0,0.0,0.0,,0.0,1,1.8,0.53,SPY190906C00296000,296.0,normalDay
2019-08-27,2518.0,-468.0,0.0,100,286.87,293.0,0,0.0,0.0,,0.0,1,1.8,0.35,SPY190906C00296000,296.0,normalDay
2019-08-28,2518.0,-279.0,0.0,100,288.89,293.0,0,0.0,0.0,,0.0,1,1.8,0.48,SPY190906C00296000,296.0,normalDay
2019-08-29,2518.0,37.0,0.0,100,292.58,293.0,0,0.0,0.0,,0.0,1,1.8,1.01,SPY190906C00296000,296.0,normalDay
2019-08-30,2518.0,20.0,0.0,100,292.45,293.0,0,0.0,0.0,,0.0,1,1.8,1.05,SPY190906C00296000,296.0,normalDay
2019-09-03,2518.0,-66.0,0.0,100,290.74,293.0,0,0.0,0.0,,0.0,1,1.8,0.2,SPY190906C00296000,296.0,normalDay
2019-09-04,2518.0,235.0,0.0,100,294.04,293.0,0,0.0,0.0,,0.0,1,1.8,0.49,SPY190906C00296000,296.0,normalDay
2019-09-05,2518.0,469.0,0.0,100,297.82,293.0,0,0.0,0.0,,0.0,1,1.8,1.93,SPY190906C00296000,296.0,normalDay
2019-09-06,2998.0,469.0,480.0,0,298.05,0.0,0,0.0,0.0,,0.0,1,1.8,0.0,SPY190906C00296000,296.0,expirationDay
2019-09-09,2998.0,-3.0,0.0,0,298.2,0.0,1,0.4,0.43,SPY190927P00277000,277.0,0,0.0,0.0,,0.0,normalDay
2019-09-10,2998.0,2.0,0.0,0,298.13,0.0,1,0.4,0.38,SPY190927P00277000,277.0,0,0.0,0.0,,0.0,normalDay
2019-09-11,2998.0,14.0,0.0,0,300.25,0.0,1,0.4,0.26,SPY190927P00277000,277.0,0,0.0,0.0,,0.0,normalDay
2019-09-12,2998.0,19.0,0.0,0,301.29,0.0,1,0.4,0.21,SPY190927P00277000,277.0,0,0.0,0.0,,0.0,normalDay
2019-09-13,2998.0,22.0,0.0,0,301.09,0.0,1,0.4,0.18,SPY190927P00277000,277.0,0,0.0,0.0,,0.0,normalDay
2019-09-16,2998.0,23.0,0.0,0,300.16,0.0,1,0.4,0.17,SPY190927P00277000,277.0,0,0.0,0.0,,0.0,normalDay
2019-09-17,2998.0,25.0,0.0,0,300.92,0.0,1,0.4,0.15,SPY190927P00277000,277.0,0,0.0,0.0,,0.0,normalDay
2019-09-18,2998.0,27.0,0.0,0,301.1,0.0,1,0.4,0.13,SPY190927P00277000,277.0,0,0.0,0.0,,0.0,normalDay
2019-09-19,2998.0,29.0,0.0,0,301.08,0.0,1,0.4,0.11,SPY190927P00277000,277.0,0,0.0,0.0,,0.0,normalDay
2019-09-20,2998.0,31.0,0.0,0,298.28,0.0,1,0.4,0.09,SPY190927P00277000,277.0,0,0.0,0.0,,0.0,normalDay
2019-09-23,2998.0,37.0,0.0,0,298.21,0.0,1,0.4,0.03,SPY190927P00277000,277.0,0,0.0,0.0,,0.0,normalDay
2019-09-24,2998.0,34.0,0.0,0,295.87,0.0,1,0.4,0.06,SPY190927P00277000,277.0,0,0.0,0.0,,0.0,normalDay
2019-09-25,2998.0,38.0,0.0,0,297.62,0.0,1,0.4,0.02,SPY190927P00277000,277.0,0,0.0,0.0,,0.0,normalDay
2019-09-26,2998.0,39.0,0.0,0,297.0,0.0,1,0.4,0.01,SPY190927P00277000,277.0,0,0.0,0.0,,0.0,normalDay
2019-09-27,3038.0,0.0,40.0,0,295.4,0.0,1,0.4,0.0,SPY190927P00277000,277.0,0,0.0,0.0,,0.0,expirationDay
2019-09-30,3038.0,-4.0,0.0,0,296.77,0.0,1,1.62,1.66,SPY191018P00289000,289.0,0,0.0,0.0,,0.0,normalDay
2019-10-01,3038.0,-125.0,0.0,0,293.24,0.0,1,1.62,2.87,SPY191018P00289000,289.0,0,0.0,0.0,,0.0,normalDay
2019-10-02,3038.0,-372.0,0.0,0,288.06,0.0,1,1.62,5.34,SPY191018P00289000,289.0,0,0.0,0.0,,0.0,normalDay
2019-10-03,3038.0,-209.0,0.0,0,290.42,0.0,1,1.62,3.71,SPY191018P00289000,289.0,0,0.0,0.0,,0.0,normalDay
2019-10-04,3038.0,-33.0,0.0,0,294.35,0.0,1,1.62,1.95,SPY191018P00289000,289.0,0,0.0,0.0,,0.0,normalDay
2019-10-07,3038.0,-51.0,0.0,0,293.08,0.0,1,1.62,2.13,SPY191018P00289000,289.0,0,0.0,0.0,,0.0,normalDay
2019-10-08,3038.0,-235.0,0.0,0,288.53,0.0,1,1.62,3.97,SPY191018P00289000,289.0,0,0.0,0.0,,0.0,normalDay
2019-10-09,3038.0,-89.0,0.0,0,291.27,0.0,1,1.62,2.51,SPY191018P00289000,289.0,0,0.0,0.0,,0.0,normalDay
2019-10-10,3038.0,2.0,0.0,0,293.24,0.0,1,1.62,1.6,SPY191018P00289000,289.0,0,0.0,0.0,,0.0,normalDay
2019-10-11,3038.0,100.0,0.0,0,296.28,0.0,1,1.62,0.62,SPY191018P00289000,289.0,0,0.0,0.0,,0.0,normalDay
2019-10-14,3038.0,130.0,0.0,0,295.95,0.0,1,1.62,0.32,SPY191018P00289000,289.0,0,0.0,0.0,,0.0,normalDay
2019-10-15,3038.0,152.0,0.0,0,298.88,0.0,1,1.62,0.1,SPY191018P00289000,289.0,0,0.0,0.0,,0.0,normalDay
2019-10-16,3038.0,156.0,0.0,0,298.4,0.0,1,1.62,0.06,SPY191018P00289000,289.0,0,0.0,0.0,,0.0,normalDay
2019-10-17,3038.0,160.0,0.0,0,299.28,0.0,1,1.62,0.02,SPY191018P00289000,289.0,0,0.0,0.0,,0.0,normalDay
2019-10-18,3200.0,0.0,162.0,0,297.97,0.0,1,1.62,0.0,SPY191018P00289000,289.0,0,0.0,0.0,,0.0,expirationDay
2019-10-21,3200.0,-3.0,0.0,0,299.99,0.0,1,0.4,0.43,SPY191108P00284000,284.0,0,0.0,0.0,,0.0,normalDay
2019-10-22,3200.0,-9.0,0.0,0,299.01,0.0,1,0.4,0.49,SPY191108P00284000,284.0,0,0.0,0.0,,0.0,normalDay
2019-10-23,3200.0,7.0,0.0,0,299.88,0.0,1,0.4,0.33,SPY191108P00284000,284.0,0,0.0,0.0,,0.0,normalDay
2019-10-24,3200.0,15.0,0.0,0,300.37,0.0,1,0.4,0.25,SPY191108P00284000,284.0,0,0.0,0.0,,0.0,normalDay
2019-10-25,3200.0,25.0,0.0,0,301.6,0.0,1,0.4,0.15,SPY191108P00284000,284.0,0,0.0,0.0,,0.0,normalDay
2019-10-28,3200.0,30.0,0.0,0,303.3,0.0,1,0.4,0.1,SPY191108P00284000,284.0,0,0.0,0.0,,0.0,normalDay
2019-10-29,3200.0,31.0,0.0,0,303.21,0.0,1,0.4,0.09,SPY191108P00284000,284.0,0,0.0,0.0,,0.0,normalDay
2019-10-30,3200.0,34.0,0.0,0,304.14,0.0,1,0.4,0.06,SPY191108P00284000,284.0,0,0.0,0.0,,0.0,normalDay
2019-10-31,3200.0,33.0,0.0,0,303.33,0.0,1,0.4,0.07,SPY191108P00284000,284.0,0,0.0,0.0,,0.0,normalDay
2019-11-01,3200.0,38.0,0.0,0,306.14,0.0,1,0.4,0.02,SPY191108P00284000,284.0,0,0.0,0.0,,0.0,normalDay
2019-11-04,3200.0,38.0,0.0,0,307.37,0.0,1,0.4,0.02,SPY191108P00284000,284.0,0,0.0,0.0,,0.0,normalDay
2019-11-05,3200.0,38.0,0.0,0,307.03,0.0,1,0.4,0.02,SPY191108P00284000,284.0,0,0.0,0.0,,0.0,normalDay
2019-11-06,3200.0,39.0,0.0,0,307.1,0.0,1,0.4,0.01,SPY191108P00284000,284.0,0,0.0,0.0,,0.0,normalDay
2019-11-07,3200.0,39.0,0.0,0,308.18,0.0,1,0.4,0.01,SPY191108P00284000,284.0,0,0.0,0.0,,0.0,normalDay
2019-11-08,3240.0,0.0,40.0,0,308.94,0.0,1,0.4,0.0,SPY191108P00284000,284.0,0,0.0,0.0,,0.0,expirationDay
2019-11-11,3240.0,-3.0,0.0,0,308.35,0.0,1,0.2,0.23,SPY191129P00291000,291.0,0,0.0,0.0,,0.0,normalDay
2019-11-12,3240.0,-1.0,0.0,0,309.0,0.0,1,0.2,0.21,SPY191129P00291000,291.0,0,0.0,0.0,,0.0,normalDay
2019-11-13,3240.0,0.0,0.0,0,309.1,0.0,1,0.2,0.2,SPY191129P00291000,291.0,0,0.0,0.0,,0.0,normalDay
2019-11-14,3240.0,1.0,0.0,0,309.55,0.0,1,0.2,0.19,SPY191129P00291000,291.0,0,0.0,0.0,,0.0,normalDay
2019-11-15,3240.0,10.0,0.0,0,311.79,0.0,1,0.2,0.1,SPY191129P00291000,291.0,0,0.0,0.0,,0.0,normalDay
2019-11-18,3240.0,12.0,0.0,0,312.02,0.0,1,0.2,0.08,SPY191129P00291000,291.0,0,0.0,0.0,,0.0,normalDay
2019-11-19,3240.0,12.0,0.0,0,311.93,0.0,1,0.2,0.08,SPY191129P00291000,291.0,0,0.0,0.0,,0.0,normalDay
2019-11-20,3240.0,11.0,0.0,0,310.77,0.0,1,0.2,0.09,SPY191129P00291000,291.0,0,0.0,0.0,,0.0,normalDay
2019-11-21,3240.0,13.0,0.0,0,310.27,0.0,1,0.2,0.07,SPY191129P00291000,291.0,0,0.0,0.0,,0.0,normalDay
2019-11-22,3240.0,17.0,0.0,0,310.96,0.0,1,0.2,0.03,SPY191129P00291000,291.0,0,0.0,0.0,,0.0,normalDay
2019-11-25,3240.0,18.0,0.0,0,313.37,0.0,1,0.2,0.02,SPY191129P00291000,291.0,0,0.0,0.0,,0.0,normalDay
2019-11-26,3240.0,19.0,0.0,0,314.08,0.0,1,0.2,0.01,SPY191129P00291000,291.0,0,0.0,0.0,,0.0,normalDay
2019-11-27,3240.0,19.0,0.0,0,315.48,0.0,1,0.2,0.01,SPY191129P00291000,291.0,0,0.0,0.0,,0.0,normalDay
2019-11-29,3260.0,0.0,20.0,0,314.31,0.0,1,0.2,0.0,SPY191129P00291000,291.0,0,0.0,0.0,,0.0,expirationDay
2019-12-02,3260.0,-4.0,0.0,0,311.64,0.0,1,1.66,1.7,SPY191220P00302500,302.5,0,0.0,0.0,,0.0,normalDay
2019-12-03,3260.0,-66.0,0.0,0,309.55,0.0,1,1.66,2.32,SPY191220P00302500,302.5,0,0.0,0.0,,0.0,normalDay
2019-12-04,3260.0,-3.0,0.0,0,311.46,0.0,1,1.66,1.69,SPY191220P00302500,302.5,0,0.0,0.0,,0.0,normalDay
2019-12-05,3260.0,33.0,0.0,0,312.02,0.0,1,1.66,1.33,SPY191220P00302500,302.5,0,0.0,0.0,,0.0,normalDay
2019-12-06,3260.0,90.0,0.0,0,314.87,0.0,1,1.66,0.76,SPY191220P00302500,302.5,0,0.0,0.0,,0.0,normalDay
2019-12-09,3260.0,66.0,0.0,0,313.88,0.0,1,1.66,1.0,SPY191220P00302500,302.5,0,0.0,0.0,,0.0,normalDay
2019-12-10,3260.0,83.0,0.0,0,313.53,0.0,1,1.66,0.83,SPY191220P00302500,302.5,0,0.0,0.0,,0.0,normalDay
2019-12-11,3260.0,106.0,0.0,0,314.42,0.0,1,1.66,0.6,SPY191220P00302500,302.5,0,0.0,0.0,,0.0,normalDay
2019-12-12,3260.0,130.0,0.0,0,317.13,0.0,1,1.66,0.36,SPY191220P00302500,302.5,0,0.0,0.0,,0.0,normalDay
2019-12-13,3260.0,142.0,0.0,0,317.32,0.0,1,1.66,0.24,SPY191220P00302500,302.5,0,0.0,0.0,,0.0,normalDay
2019-12-16,3260.0,156.0,0.0,0,319.5,0.0,1,1.66,0.1,SPY191220P00302500,302.5,0,0.0,0.0,,0.0,normalDay
2019-12-17,3260.0,160.0,0.0,0,319.57,0.0,1,1.66,0.06,SPY191220P00302500,302.5,0,0.0,0.0,,0.0,normalDay
2019-12-18,3260.0,162.0,0.0,0,319.59,0.0,1,1.66,0.04,SPY191220P00302500,302.5,0,0.0,0.0,,0.0,normalDay
2019-12-19,3260.0,163.0,0.0,0,320.9,0.0,1,1.66,0.03,SPY191220P00302500,302.5,0,0.0,0.0,,0.0,normalDay
2019-12-20,3426.0,0.0,166.0,0,320.73,0.0,1,1.66,0.0,SPY191220P00302500,302.5,0,0.0,0.0,,0.0,expirationDay
2019-12-23,3426.0,-3.0,0.0,0,321.22,0.0,1,0.4,0.43,SPY200110P00304000,304.0,0,0.0,0.0,,0.0,normalDay
2019-12-24,3426.0,1.0,0.0,0,321.23,0.0,1,0.4,0.39,SPY200110P00304000,304.0,0,0.0,0.0,,0.0,normalDay
2019-12-26,3426.0,14.0,0.0,0,322.94,0.0,1,0.4,0.26,SPY200110P00304000,304.0,0,0.0,0.0,,0.0,normalDay
2019-12-27,3426.0,14.0,0.0,0,322.86,0.0,1,0.4,0.26,SPY200110P00304000,304.0,0,0.0,0.0,,0.0,normalDay
2019-12-30,3426.0,11.0,0.0,0,321.08,0.0,1,0.4,0.29,SPY200110P00304000,304.0,0,0.0,0.0,,0.0,normalDay
2019-12-31,3426.0,16.0,0.0,0,321.86,0.0,1,0.4,0.24,SPY200110P00304000,304.0,0,0.0,0.0,,0.0,normalDay
2020-01-02,3426.0,34.0,0.0,0,324.87,0.0,1,0.4,0.06,SPY200110P00304000,304.0,0,0.0,0.0,,0.0,normalDay
2020-01-03,3426.0,31.0,0.0,0,322.41,0.0,1,0.4,0.09,SPY200110P00304000,304.0,0,0.0,0.0,,0.0,normalDay
2020-01-06,3426.0,38.0,0.0,0,323.64,0.0,1,0.4,0.02,SPY200110P00304000,304.0,0,0.0,0.0,,0.0,normalDay
2020-01-07,3426.0,38.0,0.0,0,322.73,0.0,1,0.4,0.02,SPY200110P00304000,304.0,0,0.0,0.0,,0.0,normalDay
2020-01-08,3426.0,37.0,0.0,0,324.45,0.0,1,0.4,0.03,SPY200110P00304000,304.0,0,0.0,0.0,,0.0,normalDay
2020-01-09,3426.0,39.0,0.0,0,326.65,0.0,1,0.4,0.01,SPY200110P00304000,304.0,0,0.0,0.0,,0.0,normalDay
2020-01-10,3466.0,0.0,40.0,0,325.71,0.0,1,0.4,0.0,SPY200110P00304000,304.0,0,0.0,0.0,,0.0,expirationDay
2020-01-13,3466.0,-4.0,0.0,0,327.95,0.0,1,0.42,0.46,SPY200131P00313500,313.5,0,0.0,0.0,,0.0,normalDay
2020-01-14,3466.0,-1.0,0.0,0,327.45,0.0,1,0.42,0.43,SPY200131P00313500,313.5,0,0.0,0.0,,0.0,normalDay
2020-01-15,3466.0,8.0,0.0,0,328.19,0.0,1,0.42,0.34,SPY200131P00313500,313.5,0,0.0,0.0,,0.0,normalDay
2020-01-16,3466.0,18.0,0.0,0,330.92,0.0,1,0.42,0.24,SPY200131P00313500,313.5,0,0.0,0.0,,0.0,normalDay
2020-01-17,3466.0,25.0,0.0,0,331.95,0.0,1,0.42,0.17,SPY200131P00313500,313.5,0,0.0,0.0,,0.0,normalDay
2020-01-21,3466.0,27.0,0.0,0,331.3,0.0,1,0.42,0.15,SPY200131P00313500,313.5,0,0.0,0.0,,0.0,normalDay
2020-01-22,3466.0,32.0,0.0,0,331.34,0.0,1,0.42,0.1,SPY200131P00313500,313.5,0,0.0,0.0,,0.0,normalDay
2020-01-23,3466.0,33.0,0.0,0,331.72,0.0,1,0.42,0.09,SPY200131P00313500,313.5,0,0.0,0.0,,0.0,normalDay
2020-01-24,3466.0,23.0,0.0,0,328.77,0.0,1,0.42,0.19,SPY200131P00313500,313.5,0,0.0,0.0,,0.0,normalDay
2020-01-27,3466.0,-22.0,0.0,0,323.5,0.0,1,0.42,0.64,SPY200131P00313500,313.5,0,0.0,0.0,,0.0,normalDay
2020-01-28,3466.0,29.0,0.0,0,326.89,0.0,1,0.42,0.13,SPY200131P00313500,313.5,0,0.0,0.0,,0.0,normalDay
2020-01-29,3466.0,37.0,0.0,0,326.62,0.0,1,0.42,0.05,SPY200131P00313500,313.5,0,0.0,0.0,,0.0,normalDay
2020-01-30,3466.0,40.0,0.0,0,327.68,0.0,1,0.42,0.02,SPY200131P00313500,313.5,0,0.0,0.0,,0.0,normalDay
2020-01-31,3508.0,0.0,42.0,0,321.73,0.0,1,0.42,0.0,SPY200131P00313500,313.5,0,0.0,0.0,,0.0,expirationDay
2020-02-03,3508.0,-4.0,0.0,0,324.12,0.0,1,2.47,2.51,SPY200221P00317000,317.0,0,0.0,0.0,,0.0,normalDay
2020-02-04,3508.0,143.0,0.0,0,329.06,0.0,1,2.47,1.04,SPY200221P00317000,317.0,0,0.0,0.0,,0.0,normalDay
2020-02-05,3508.0,195.0,0.0,0,332.86,0.0,1,2.47,0.52,SPY200221P00317000,317.0,0,0.0,0.0,,0.0,normalDay
2020-02-06,3508.0,202.0,0.0,0,333.98,0.0,1,2.47,0.45,SPY200221P00317000,317.0,0,0.0,0.0,,0.0,normalDay
2020-02-07,3508.0,194.0,0.0,0,332.2,0.0,1,2.47,0.53,SPY200221P00317000,317.0,0,0.0,0.0,,0.0,normalDay
2020-02-10,3508.0,221.0,0.0,0,334.68,0.0,1,2.47,0.26,SPY200221P00317000,317.0,0,0.0,0.0,,0.0,normalDay
2020-02-11,3508.0,225.0,0.0,0,335.26,0.0,1,2.47,0.22,SPY200221P00317000,317.0,0,0.0,0.0,,0.0,normalDay
2020-02-12,3508.0,237.0,0.0,0,337.42,0.0,1,2.47,0.1,SPY200221P00317000,317.0,0,0.0,0.0,,0.0,normalDay
2020-02-13,3508.0,237.0,0.0,0,337.06,0.0,1,2.47,0.1,SPY200221P00317000,317.0,0,0.0,0.0,,0.0,normalDay
2020-02-14,3508.0,241.0,0.0,0,337.6,0.0,1,2.47,0.06,SPY200221P00317000,317.0,0,0.0,0.0,,0.0,normalDay
2020-02-18,3508.0,244.0,0.0,0,336.73,0.0,1,2.47,0.03,SPY200221P00317000,317.0,0,0.0,0.0,,0.0,normalDay
2020-02-19,3508.0,245.0,0.0,0,338.34,0.0,1,2.47,0.02,SPY200221P00317000,317.0,0,0.0,0.0,,0.0,normalDay
2020-02-20,3508.0,245.0,0.0,0,336.95,0.0,1,2.47,0.02,SPY200221P00317000,317.0,0,0.0,0.0,,0.0,normalDay
2020-02-21,3755.0,0.0,247.0,0,333.48,0.0,1,2.47,0.0,SPY200221P00317000,317.0,0,0.0,0.0,,0.0,expirationDay
2020-02-24,3755.0,-6.0,0.0,0,322.42,0.0,1,4.01,4.07,SPY200313P00313000,313.0,0,0.0,0.0,,0.0,normalDay
2020-02-25,3755.0,-324.0,0.0,0,312.65,0.0,1,4.01,7.25,SPY200313P00313000,313.0,0,0.0,0.0,,0.0,normalDay
2020-02-26,3755.0,-390.0,0.0,0,311.5,0.0,1,4.01,7.91,SPY200313P00313000,313.0,0,0.0,0.0,,0.0,normalDay
2020-02-27,3755.0,-1501.0,0.0,0,297.51,0.0,1,4.01,19.02,SPY200313P00313000,313.0,0,0.0,0.0,,0.0,normalDay
2020-02-28,3755.0,-1507.0,0.0,0,296.26,0.0,1,4.01,19.08,SPY200313P00313000,313.0,0,0.0,0.0,,0.0,normalDay
2020-03-02,3755.0,-454.0,0.0,0,309.09,0.0,1,4.01,8.55,SPY200313P00313000,313.0,0,0.0,0.0,,0.0,normalDay
2020-03-03,3755.0,-981.0,0.0,0,300.24,0.0,1,4.01,13.82,SPY200313P00313000,313.0,0,0.0,0.0,,0.0,normalDay
2020-03-04,3755.0,-253.0,0.0,0,312.86,0.0,1,4.01,6.54,SPY200313P00313000,313.0,0,0.0,0.0,,0.0,normalDay
2020-03-05,3755.0,-945.0,0.0,0,302.46,0.0,1,4.01,13.46,SPY200313P00313000,313.0,0,0.0,0.0,,0.0,normalDay
2020-03-06,3755.0,-1314.0,0.0,0,297.46,0.0,1,4.01,17.15,SPY200313P00313000,313.0,0,0.0,0.0,,0.0,normalDay
2020-03-09,3755.0,-3553.0,0.0,0,274.23,0.0,1,4.01,39.54,SPY200313P00313000,313.0,0,0.0,0.0,,0.0,normalDay
2020-03-10,3755.0,-2138.0,0.0,0,288.42,0.0,1,4.01,25.39,SPY200313P00313000,313.0,0,0.0,0.0,,0.0,normalDay
2020-03-11,3755.0,-3543.0,0.0,0,274.36,0.0,1,4.01,39.44,SPY200313P00313000,313.0,0,0.0,0.0,,0.0,normalDay
2020-03-12,3755.0,-6085.0,0.0,0,248.11,0.0,1,4.01,64.86,SPY200313P00313000,313.0,0,0.0,0.0,,0.0,normalDay
2020-03-13,4156.0,-4368.0,401.0,100,269.32,313.0,1,4.01,0.0,SPY200313P00313000,313.0,0,0.0,0.0,,0.0,expirationDay
2020-03-16,4156.0,-7321.0,0.0,100,239.85,313.0,0,0.0,0.0,,0.0,1,0.09,0.15,SPY200403C00314000,314.0,normalDay
2020-03-17,4156.0,-6026.0,0.0,100,252.8,313.0,0,0.0,0.0,,0.0,1,0.09,0.15,SPY200403C00314000,314.0,normalDay
2020-03-18,4156.0,-7302.0,0.0,100,240.0,313.0,0,0.0,0.0,,0.0,1,0.09,0.11,SPY200403C00314000,314.0,normalDay
2020-03-19,4156.0,-7249.0,0.0,100,240.51,313.0,0,0.0,0.0,,0.0,1,0.09,0.09,SPY200403C00314000,314.0,normalDay
2020-03-20,4156.0,-8416.0,0.0,100,228.8,313.0,0,0.0,0.0,,0.0,1,0.09,0.05,SPY200403C00314000,314.0,normalDay
2020-03-23,4156.0,-9002.0,0.0,100,222.95,313.0,0,0.0,0.0,,0.0,1,0.09,0.06,SPY200403C00314000,314.0,normalDay
2020-03-24,4156.0,-6985.0,0.0,100,243.15,313.0,0,0.0,0.0,,0.0,1,0.09,0.09,SPY200403C00314000,314.0,normalDay
2020-03-25,4156.0,-6618.0,0.0,100,246.79,313.0,0,0.0,0.0,,0.0,1,0.09,0.06,SPY200403C00314000,314.0,normalDay
2020-03-26,4156.0,-5178.0,0.0,100,261.2,313.0,0,0.0,0.0,,0.0,1,0.09,0.07,SPY200403C00314000,314.0,normalDay
2020-03-27,4156.0,-5952.0,0.0,100,253.42,313.0,0,0.0,0.0,,0.0,1,0.09,0.03,SPY200403C00314000,314.0,normalDay
2020-03-30,4156.0,-5128.0,0.0,100,261.65,313.0,0,0.0,0.0,,0.0,1,0.09,0.02,SPY200403C00314000,314.0,normalDay
2020-03-31,4156.0,-5517.0,0.0,100,257.75,313.0,0,0.0,0.0,,0.0,1,0.09,0.01,SPY200403C00314000,314.0,normalDay
2020-04-01,4156.0,-6677.0,0.0,100,246.15,313.0,0,0.0,0.0,,0.0,1,0.09,0.01,SPY200403C00314000,314.0,normalDay
2020-04-02,4156.0,-6109.0,0.0,100,251.83,313.0,0,0.0,0.0,,0.0,1,0.09,0.01,SPY200403C00314000,314.0,normalDay
2020-04-03,4165.0,-6481.0,9.0,100,248.19,313.0,0,0.0,0.0,,0.0,1,0.09,0.0,SPY200403C00314000,314.0,expirationDay
2020-04-06,4165.0,-4829.0,0.0,100,264.86,313.0,0,0.0,0.0,,0.0,1,12.56,12.71,SPY200424C00260000,260.0,normalDay
2020-04-07,4165.0,-4788.0,0.0,100,265.13,313.0,0,0.0,0.0,,0.0,1,12.56,12.57,SPY200424C00260000,260.0,normalDay
2020-04-08,4165.0,-4520.0,0.0,100,274.03,313.0,0,0.0,0.0,,0.0,1,12.56,18.79,SPY200424C00260000,260.0,normalDay
2020-04-09,4165.0,-4411.0,0.0,100,278.2,313.0,0,0.0,0.0,,0.0,1,12.56,21.87,SPY200424C00260000,260.0,normalDay
2020-04-13,4165.0,-4342.0,0.0,100,275.66,313.0,0,0.0,0.0,,0.0,1,12.56,18.64,SPY200424C00260000,260.0,normalDay
2020-04-14,4165.0,-4208.0,0.0,100,283.79,313.0,0,0.0,0.0,,0.0,1,12.56,25.43,SPY200424C00260000,260.0,normalDay
2020-04-15,4165.0,-4243.0,0.0,100,277.76,313.0,0,0.0,0.0,,0.0,1,12.56,19.75,SPY200424C00260000,260.0,normalDay
2020-04-16,4165.0,-4206.0,0.0,100,279.1,313.0,0,0.0,0.0,,0.0,1,12.56,20.72,SPY200424C00260000,260.0,normalDay
2020-04-17,4165.0,-4117.0,0.0,100,286.64,313.0,0,0.0,0.0,,0.0,1,12.56,27.37,SPY200424C00260000,260.0,normalDay
2020-04-20,4165.0,-4101.0,0.0,100,281.59,313.0,0,0.0,0.0,,0.0,1,12.56,22.16,SPY200424C00260000,260.0,normalDay
2020-04-21,4165.0,-4174.0,0.0,100,273.04,313.0,0,0.0,0.0,,0.0,1,12.56,14.34,SPY200424C00260000,260.0,normalDay
2020-04-22,4165.0,-4018.0,0.0,100,279.1,313.0,0,0.0,0.0,,0.0,1,12.56,18.84,SPY200424C00260000,260.0,normalDay
2020-04-23,4165.0,-4024.0,0.0,100,279.08,313.0,0,0.0,0.0,,0.0,1,12.56,18.88,SPY200424C00260000,260.0,normalDay
2020-04-24,121.0,-4024.0,-4044.0,0,282.97,0.0,0,0.0,0.0,,0.0,1,12.56,0.0,SPY200424C00260000,260.0,expirationDay
2020-04-27,121.0,-3.0,0.0,0,287.05,0.0,1,0.31,0.34,SPY200515P00230000,230.0,0,0.0,0.0,,0.0,normalDay
2020-04-28,121.0,-7.0,0.0,0,285.73,0.0,1,0.31,0.38,SPY200515P00230000,230.0,0,0.0,0.0,,0.0,normalDay
2020-04-29,121.0,6.0,0.0,0,293.21,0.0,1,0.31,0.25,SPY200515P00230000,230.0,0,0.0,0.0,,0.0,normalDay
2020-04-30,121.0,0.0,0.0,0,290.48,0.0,1,0.31,0.31,SPY200515P00230000,230.0,0,0.0,0.0,,0.0,normalDay
2020-05-01,121.0,-3.0,0.0,0,282.79,0.0,1,0.31,0.34,SPY200515P00230000,230.0,0,0.0,0.0,,0.0,normalDay
2020-05-04,121.0,9.0,0.0,0,283.57,0.0,1,0.31,0.22,SPY200515P00230000,230.0,0,0.0,0.0,,0.0,normalDay
2020-05-05,121.0,17.0,0.0,0,286.19,0.0,1,0.31,0.14,SPY200515P00230000,230.0,0,0.0,0.0,,0.0,normalDay
2020-05-06,121.0,19.0,0.0,0,284.25,0.0,1,0.31,0.12,SPY200515P00230000,230.0,0,0.0,0.0,,0.0,normalDay
2020-05-07,121.0,23.0,0.0,0,287.68,0.0,1,0.31,0.08,SPY200515P00230000,230.0,0,0.0,0.0,,0.0,normalDay
2020-05-08,121.0,28.0,0.0,0,292.44,0.0,1,0.31,0.03,SPY200515P00230000,230.0,0,0.0,0.0,,0.0,normalDay
2020-05-11,121.0,29.0,0.0,0,292.5,0.0,1,0.31,0.02,SPY200515P00230000,230.0,0,0.0,0.0,,0.0,normalDay
2020-05-12,121.0,30.0,0.0,0,286.67,0.0,1,0.31,0.01,SPY200515P00230000,230.0,0,0.0,0.0,,0.0,normalDay
2020-05-13,121.0,29.0,0.0,0,281.6,0.0,1,0.31,0.02,SPY200515P00230000,230.0,0,0.0,0.0,,0.0,normalDay
2020-05-14,121.0,30.0,0.0,0,284.97,0.0,1,0.31,0.01,SPY200515P00230000,230.0,0,0.0,0.0,,0.0,normalDay
2020-05-15,152.0,0.0,31.0,0,286.28,0.0,1,0.31,0.0,SPY200515P00230000,230.0,0,0.0,0.0,,0.0,expirationDay
2020-05-18,152.0,-4.0,0.0,0,295.0,0.0,1,1.3,1.34,SPY200605P00268000,268.0,0,0.0,0.0,,0.0,normalDay
2020-05-19,152.0,-20.0,0.0,0,291.97,0.0,1,1.3,1.5,SPY200605P00268000,268.0,0,0.0,0.0,,0.0,normalDay
2020-05-20,152.0,51.0,0.0,0,296.93,0.0,1,1.3,0.79,SPY200605P00268000,268.0,0,0.0,0.0,,0.0,normalDay
2020-05-21,152.0,44.0,0.0,0,294.88,0.0,1,1.3,0.86,SPY200605P00268000,268.0,0,0.0,0.0,,0.0,normalDay
2020-05-22,152.0,74.0,0.0,0,295.44,0.0,1,1.3,0.56,SPY200605P00268000,268.0,0,0.0,0.0,,0.0,normalDay
2020-05-26,152.0,98.0,0.0,0,299.08,0.0,1,1.3,0.32,SPY200605P00268000,268.0,0,0.0,0.0,,0.0,normalDay
2020-05-27,152.0,111.0,0.0,0,303.53,0.0,1,1.3,0.19,SPY200605P00268000,268.0,0,0.0,0.0,,0.0,normalDay
2020-05-28,152.0,113.0,0.0,0,302.97,0.0,1,1.3,0.17,SPY200605P00268000,268.0,0,0.0,0.0,,0.0,normalDay
2020-05-29,152.0,122.0,0.0,0,304.32,0.0,1,1.3,0.08,SPY200605P00268000,268.0,0,0.0,0.0,,0.0,normalDay
2020-06-01,152.0,126.0,0.0,0,305.55,0.0,1,1.3,0.04,SPY200605P00268000,268.0,0,0.0,0.0,,0.0,normalDay
2020-06-02,152.0,128.0,0.0,0,308.08,0.0,1,1.3,0.02,SPY200605P00268000,268.0,0,0.0,0.0,,0.0,normalDay
2020-06-03,152.0,128.0,0.0,0,312.18,0.0,1,1.3,0.02,SPY200605P00268000,268.0,0,0.0,0.0,,0.0,normalDay
2020-06-04,152.0,129.0,0.0,0,311.36,0.0,1,1.3,0.01,SPY200605P00268000,268.0,0,0.0,0.0,,0.0,normalDay
2020-06-05,282.0,0.0,130.0,0,319.34,0.0,1,1.3,0.0,SPY200605P00268000,268.0,0,0.0,0.0,,0.0,expirationDay
2020-06-08,282.0,-3.0,0.0,0,323.2,0.0,1,0.21,0.24,SPY200626P00262000,262.0,0,0.0,0.0,,0.0,normalDay
2020-06-09,282.0,-5.0,0.0,0,320.79,0.0,1,0.21,0.26,SPY200626P00262000,262.0,0,0.0,0.0,,0.0,normalDay
2020-06-10,282.0,-6.0,0.0,0,319.0,0.0,1,0.21,0.27,SPY200626P00262000,262.0,0,0.0,0.0,,0.0,normalDay
2020-06-11,282.0,-141.0,0.0,0,300.61,0.0,1,0.21,1.62,SPY200626P00262000,262.0,0,0.0,0.0,,0.0,normalDay
2020-06-12,282.0,-62.0,0.0,0,304.21,0.0,1,0.21,0.83,SPY200626P00262000,262.0,0,0.0,0.0,,0.0,normalDay
2020-06-15,282.0,-23.0,0.0,0,307.05,0.0,1,0.21,0.44,SPY200626P00262000,262.0,0,0.0,0.0,,0.0,normalDay
2020-06-16,282.0,-6.0,0.0,0,312.96,0.0,1,0.21,0.27,SPY200626P00262000,262.0,0,0.0,0.0,,0.0,normalDay
2020-06-17,282.0,-2.0,0.0,0,311.66,0.0,1,0.21,0.23,SPY200626P00262000,262.0,0,0.0,0.0,,0.0,normalDay
2020-06-18,282.0,6.0,0.0,0,311.78,0.0,1,0.21,0.15,SPY200626P00262000,262.0,0,0.0,0.0,,0.0,normalDay
2020-06-19,282.0,12.0,0.0,0,308.64,0.0,1,0.21,0.09,SPY200626P00262000,262.0,0,0.0,0.0,,0.0,normalDay
2020-06-22,282.0,18.0,0.0,0,310.62,0.0,1,0.21,0.03,SPY200626P00262000,262.0,0,0.0,0.0,,0.0,normalDay
2020-06-23,282.0,19.0,0.0,0,312.05,0.0,1,0.21,0.02,SPY200626P00262000,262.0,0,0.0,0.0,,0.0,normalDay
2020-06-24,282.0,19.0,0.0,0,304.09,0.0,1,0.21,0.02,SPY200626P00262000,262.0,0,0.0,0.0,,0.0,normalDay
2020-06-25,282.0,20.0,0.0,0,307.35,0.0,1,0.21,0.01,SPY200626P00262000,262.0,0,0.0,0.0,,0.0,normalDay
2020-06-26,303.0,0.0,21.0,0,300.05,0.0,1,0.21,0.0,SPY200626P00262000,262.0,0,0.0,0.0,,0.0,expirationDay
2020-06-29,303.0,-4.0,0.0,0,304.46,0.0,1,3.03,3.07,SPY200717P00289000,289.0,0,0.0,0.0,,0.0,normalDay
2020-06-30,303.0,91.0,0.0,0,308.36,0.0,1,3.03,2.12,SPY200717P00289000,289.0,0,0.0,0.0,,0.0,normalDay
2020-07-01,303.0,157.0,0.0,0,310.52,0.0,1,3.03,1.46,SPY200717P00289000,289.0,0,0.0,0.0,,0.0,normalDay
2020-07-02,303.0,202.0,0.0,0,312.23,0.0,1,3.03,1.01,SPY200717P00289000,289.0,0,0.0,0.0,,0.0,normalDay
2020-07-06,303.0,247.0,0.0,0,317.05,0.0,1,3.03,0.56,SPY200717P00289000,289.0,0,0.0,0.0,,0.0,normalDay
2020-07-07,303.0,234.0,0.0,0,313.78,0.0,1,3.03,0.69,SPY200717P00289000,289.0,0,0.0,0.0,,0.0,normalDay
2020-07-08,303.0,269.0,0.0,0,316.18,0.0,1,3.03,0.34,SPY200717P00289000,289.0,0,0.0,0.0,,0.0,normalDay
2020-07-09,303.0,266.0,0.0,0,314.38,0.0,1,3.03,0.37,SPY200717P00289000,289.0,0,0.0,0.0,,0.0,normalDay
2020-07-10,303.0,291.0,0.0,0,317.59,0.0,1,3.03,0.12,SPY200717P00289000,289.0,0,0.0,0.0,,0.0,normalDay
2020-07-13,303.0,282.0,0.0,0,314.84,0.0,1,3.03,0.21,SPY200717P00289000,289.0,0,0.0,0.0,,0.0,normalDay
2020-07-14,303.0,297.0,0.0,0,318.92,0.0,1,3.03,0.06,SPY200717P00289000,289.0,0,0.0,0.0,,0.0,normalDay
2020-07-15,303.0,301.0,0.0,0,321.85,0.0,1,3.03,0.02,SPY200717P00289000,289.0,0,0.0,0.0,,0.0,normalDay
2020-07-16,303.0,301.0,0.0,0,320.79,0.0,1,3.03,0.02,SPY200717P00289000,289.0,0,0.0,0.0,,0.0,normalDay
2020-07-17,606.0,0.0,303.0,0,321.72,0.0,1,3.03,0.0,SPY200717P00289000,289.0,0,0.0,0.0,,0.0,expirationDay
2020-07-20,606.0,-3.0,0.0,0,324.32,0.0,1,0.68,0.71,SPY200807P00292000,292.0,0,0.0,0.0,,0.0,normalDay
2020-07-21,606.0,2.0,0.0,0,325.01,0.0,1,0.68,0.66,SPY200807P00292000,292.0,0,0.0,0.0,,0.0,normalDay
2020-07-22,606.0,15.0,0.0,0,326.86,0.0,1,0.68,0.53,SPY200807P00292000,292.0,0,0.0,0.0,,0.0,normalDay
2020-07-23,606.0,-5.0,0.0,0,322.96,0.0,1,0.68,0.73,SPY200807P00292000,292.0,0,0.0,0.0,,0.0,normalDay
2020-07-24,606.0,13.0,0.0,0,320.88,0.0,1,0.68,0.55,SPY200807P00292000,292.0,0,0.0,0.0,,0.0,normalDay
2020-07-27,606.0,39.0,0.0,0,323.22,0.0,1,0.68,0.29,SPY200807P00292000,292.0,0,0.0,0.0,,0.0,normalDay
2020-07-28,606.0,36.0,0.0,0,321.17,0.0,1,0.68,0.32,SPY200807P00292000,292.0,0,0.0,0.0,,0.0,normalDay
2020-07-29,606.0,50.0,0.0,0,325.12,0.0,1,0.68,0.18,SPY200807P00292000,292.0,0,0.0,0.0,,0.0,normalDay
2020-07-30,606.0,49.0,0.0,0,323.96,0.0,1,0.68,0.19,SPY200807P00292000,292.0,0,0.0,0.0,,0.0,normalDay
2020-07-31,606.0,60.0,0.0,0,326.52,0.0,1,0.68,0.08,SPY200807P00292000,292.0,0,0.0,0.0,,0.0,normalDay
2020-08-03,606.0,65.0,0.0,0,328.79,0.0,1,0.68,0.03,SPY200807P00292000,292.0,0,0.0,0.0,,0.0,normalDay
2020-08-04,606.0,66.0,0.0,0,330.06,0.0,1,0.68,0.02,SPY200807P00292000,292.0,0,0.0,0.0,,0.0,normalDay
2020-08-05,606.0,67.0,0.0,0,332.11,0.0,1,0.68,0.01,SPY200807P00292000,292.0,0,0.0,0.0,,0.0,normalDay
2020-08-06,606.0,67.0,0.0,0,334.33,0.0,1,0.68,0.01,SPY200807P00292000,292.0,0,0.0,0.0,,0.0,normalDay
2020-08-07,674.0,0.0,68.0,0,334.57,0.0,1,0.68,0.0,SPY200807P00292000,292.0,0,0.0,0.0,,0.0,expirationDay
2020-08-10,674.0,-3.0,0.0,0,335.57,0.0,1,0.82,0.85,SPY200828P00309000,309.0,0,0.0,0.0,,0.0,normalDay
2020-08-11,674.0,-43.0,0.0,0,332.8,0.0,1,0.82,1.25,SPY200828P00309000,309.0,0,0.0,0.0,,0.0,normalDay
2020-08-12,674.0,18.0,0.0,0,337.44,0.0,1,0.82,0.64,SPY200828P00309000,309.0,0,0.0,0.0,,0.0,normalDay
2020-08-13,674.0,20.0,0.0,0,336.83,0.0,1,0.82,0.62,SPY200828P00309000,309.0,0,0.0,0.0,,0.0,normalDay
2020-08-14,674.0,37.0,0.0,0,336.84,0.0,1,0.82,0.45,SPY200828P00309000,309.0,0,0.0,0.0,,0.0,normalDay
2020-08-17,674.0,57.0,0.0,0,337.91,0.0,1,0.82,0.25,SPY200828P00309000,309.0,0,0.0,0.0,,0.0,normalDay
2020-08-18,674.0,59.0,0.0,0,338.64,0.0,1,0.82,0.23,SPY200828P00309000,309.0,0,0.0,0.0,,0.0,normalDay
2020-08-19,674.0,57.0,0.0,0,337.23,0.0,1,0.82,0.25,SPY200828P00309000,309.0,0,0.0,0.0,,0.0,normalDay
2020-08-20,674.0,63.0,0.0,0,338.28,0.0,1,0.82,0.19,SPY200828P00309000,309.0,0,0.0,0.0,,0.0,normalDay
2020-08-21,674.0,71.0,0.0,0,339.48,0.0,1,0.82,0.11,SPY200828P00309000,309.0,0,0.0,0.0,,0.0,normalDay
2020-08-24,674.0,78.0,0.0,0,342.92,0.0,1,0.82,0.04,SPY200828P00309000,309.0,0,0.0,0.0,,0.0,normalDay
2020-08-25,674.0,79.0,0.0,0,344.12,0.0,1,0.82,0.03,SPY200828P00309000,309.0,0,0.0,0.0,,0.0,normalDay
2020-08-26,674.0,79.0,0.0,0,347.57,0.0,1,0.82,0.03,SPY200828P00309000,309.0,0,0.0,0.0,,0.0,normalDay
2020-08-27,674.0,81.0,0.0,0,348.33,0.0,1,0.82,0.01,SPY200828P00309000,309.0,0,0.0,0.0,,0.0,normalDay
2020-08-28,756.0,0.0,82.0,0,350.58,0.0,1,0.82,0.0,SPY200828P00309000,309.0,0,0.0,0.0,,0.0,expirationDay
2020-08-31,756.0,-3.0,0.0,0,349.31,0.0,1,1.23,1.26,SPY200918P00320000,320.0,0,0.0,0.0,,0.0,normalDay
2020-09-01,756.0,28.0,0.0,0,352.6,0.0,1,1.23,0.95,SPY200918P00320000,320.0,0,0.0,0.0,,0.0,normalDay
2020-09-02,756.0,52.0,0.0,0,357.7,0.0,1,1.23,0.71,SPY200918P00320000,320.0,0,0.0,0.0,,0.0,normalDay
2020-09-03,756.0,-78.0,0.0,0,345.39,0.0,1,1.23,2.01,SPY200918P00320000,320.0,0,0.0,0.0,,0.0,normalDay
2020-09-04,756.0,-92.0,0.0,0,342.57,0.0,1,1.23,2.15,SPY200918P00320000,320.0,0,0.0,0.0,,0.0,normalDay
2020-09-08,756.0,-164.0,0.0,0,333.21,0.0,1,1.23,2.87,SPY200918P00320000,320.0,0,0.0,0.0,,0.0,normalDay
2020-09-09,756.0,-14.0,0.0,0,339.79,0.0,1,1.23,1.37,SPY200918P00320000,320.0,0,0.0,0.0,,0.0,normalDay
2020-09-10,756.0,-69.0,0.0,0,333.89,0.0,1,1.23,1.92,SPY200918P00320000,320.0,0,0.0,0.0,,0.0,normalDay
2020-09-11,756.0,-7.0,0.0,0,334.06,0.0,1,1.23,1.3,SPY200918P00320000,320.0,0,0.0,0.0,,0.0,normalDay
2020-09-14,756.0,93.0,0.0,0,338.46,0.0,1,1.23,0.3,SPY200918P00320000,320.0,0,0.0,0.0,,0.0,normalDay
2020-09-15,756.0,109.0,0.0,0,340.17,0.0,1,1.23,0.14,SPY200918P00320000,320.0,0,0.0,0.0,,0.0,normalDay
2020-09-16,756.0,109.0,0.0,0,338.82,0.0,1,1.23,0.14,SPY200918P00320000,320.0,0,0.0,0.0,,0.0,normalDay
2020-09-17,756.0,110.0,0.0,0,335.84,0.0,1,1.23,0.13,SPY200918P00320000,320.0,0,0.0,0.0,,0.0,normalDay
2020-09-18,879.0,0.0,123.0,0,330.65,0.0,1,1.23,0.0,SPY200918P00320000,320.0,0,0.0,0.0,,0.0,expirationDay
2020-09-21,879.0,-7.0,0.0,0,326.97,0.0,1,3.16,3.23,SPY201009P00315000,315.0,0,0.0,0.0,,0.0,normalDay
2020-09-22,879.0,78.0,0.0,0,330.3,0.0,1,3.16,2.38,SPY201009P00315000,315.0,0,0.0,0.0,,0.0,normalDay
2020-09-23,879.0,-99.0,0.0,0,322.64,0.0,1,3.16,4.15,SPY201009P00315000,315.0,0,0.0,0.0,,0.0,normalDay
2020-09-24,879.0,-38.0,0.0,0,323.5,0.0,1,3.16,3.54,SPY201009P00315000,315.0,0,0.0,0.0,,0.0,normalDay
2020-09-25,879.0,121.0,0.0,0,328.73,0.0,1,3.16,1.95,SPY201009P00315000,315.0,0,0.0,0.0,,0.0,normalDay
2020-09-28,879.0,221.0,0.0,0,334.19,0.0,1,3.16,0.95,SPY201009P00315000,315.0,0,0.0,0.0,,0.0,normalDay
2020-09-29,879.0,211.0,0.0,0,332.37,0.0,1,3.16,1.05,SPY201009P00315000,315.0,0,0.0,0.0,,0.0,normalDay
2020-09-30,879.0,236.0,0.0,0,334.89,0.0,1,3.16,0.8,SPY201009P00315000,315.0,0,0.0,0.0,,0.0,normalDay
2020-10-01,879.0,277.0,0.0,0,337.04,0.0,1,3.16,0.39,SPY201009P00315000,315.0,0,0.0,0.0,,0.0,normalDay
2020-10-02,879.0,278.0,0.0,0,333.84,0.0,1,3.16,0.38,SPY201009P00315000,315.0,0,0.0,0.0,,0.0,normalDay
2020-10-05,879.0,310.0,0.0,0,339.76,0.0,1,3.16,0.06,SPY201009P00315000,315.0,0,0.0,0.0,,0.0,normalDay
2020-10-06,879.0,304.0,0.0,0,334.93,0.0,1,3.16,0.12,SPY201009P00315000,315.0,0,0.0,0.0,,0.0,normalDay
2020-10-07,879.0,314.0,0.0,0,340.76,0.0,1,3.16,0.02,SPY201009P00315000,315.0,0,0.0,0.0,,0.0,normalDay
2020-10-08,879.0,315.0,0.0,0,343.78,0.0,1,3.16,0.01,SPY201009P00315000,315.0,0,0.0,0.0,,0.0,normalDay
2020-10-09,1195.0,0.0,316.0,0,346.85,0.0,1,3.16,0.0,SPY201009P00315000,315.0,0,0.0,0.0,,0.0,expirationDay
2020-10-12,1195.0,-3.0,0.0,0,352.43,0.0,1,0.32,0.35,SPY201030P00311000,311.0,0,0.0,0.0,,0.0,normalDay
2020-10-13,1195.0,-4.0,0.0,0,350.13,0.0,1,0.32,0.36,SPY201030P00311000,311.0,0,0.0,0.0,,0.0,normalDay
2020-10-14,1195.0,-4.0,0.0,0,347.93,0.0,1,0.32,0.36,SPY201030P00311000,311.0,0,0.0,0.0,,0.0,normalDay
2020-10-15,1195.0,1.0,0.0,0,347.5,0.0,1,0.32,0.31,SPY201030P00311000,311.0,0,0.0,0.0,,0.0,normalDay
2020-10-16,1195.0,5.0,0.0,0,347.29,0.0,1,0.32,0.27,SPY201030P00311000,311.0,0,0.0,0.0,,0.0,normalDay
2020-10-19,1195.0,-3.0,0.0,0,342.01,0.0,1,0.32,0.35,SPY201030P00311000,311.0,0,0.0,0.0,,0.0,normalDay
2020-10-20,1195.0,6.0,0.0,0,343.38,0.0,1,0.32,0.26,SPY201030P00311000,311.0,0,0.0,0.0,,0.0,normalDay
2020-10-21,1195.0,16.0,0.0,0,342.73,0.0,1,0.32,0.16,SPY201030P00311000,311.0,0,0.0,0.0,,0.0,normalDay
2020-10-22,1195.0,23.0,0.0,0,344.61,0.0,1,0.32,0.09,SPY201030P00311000,311.0,0,0.0,0.0,,0.0,normalDay
2020-10-23,1195.0,26.0,0.0,0,345.78,0.0,1,0.32,0.06,SPY201030P00311000,311.0,0,0.0,0.0,,0.0,normalDay
2020-10-26,1195.0,19.0,0.0,0,339.39,0.0,1,0.32,0.13,SPY201030P00311000,311.0,0,0.0,0.0,,0.0,normalDay
2020-10-27,1195.0,25.0,0.0,0,338.22,0.0,1,0.32,0.07,SPY201030P00311000,311.0,0,0.0,0.0,,0.0,normalDay
2020-10-28,1195.0,-21.0,0.0,0,326.66,0.0,1,0.32,0.53,SPY201030P00311000,311.0,0,0.0,0.0,,0.0,normalDay
2020-10-29,1195.0,26.0,0.0,0,329.98,0.0,1,0.32,0.06,SPY201030P00311000,311.0,0,0.0,0.0,,0.0,normalDay
2020-10-30,1227.0,0.0,32.0,0,326.54,0.0,1,0.32,0.0,SPY201030P00311000,311.0,0,0.0,0.0,,0.0,expirationDay
2020-11-02,1227.0,-5.0,0.0,0,330.2,0.0,1,5.53,5.58,SPY201120P00316000,316.0,0,0.0,0.0,,0.0,normalDay
2020-11-03,1227.0,145.0,0.0,0,336.03,0.0,1,5.53,4.08,SPY201120P00316000,316.0,0,0.0,0.0,,0.0,normalDay
2020-11-04,1227.0,382.0,0.0,0,343.54,0.0,1,5.53,1.71,SPY201120P00316000,316.0,0,0.0,0.0,,0.0,normalDay
2020-11-05,1227.0,453.0,0.0,0,350.24,0.0,1,5.53,1.0,SPY201120P00316000,316.0,0,0.0,0.0,,0.0,normalDay
2020-11-06,1227.0,498.0,0.0,0,350.16,0.0,1,5.53,0.55,SPY201120P00316000,316.0,0,0.0,0.0,,0.0,normalDay
2020-11-09,1227.0,515.0,0.0,0,354.56,0.0,1,5.53,0.38,SPY201120P00316000,316.0,0,0.0,0.0,,0.0,normalDay
2020-11-10,1227.0,525.0,0.0,0,354.04,0.0,1,5.53,0.28,SPY201120P00316000,316.0,0,0.0,0.0,,0.0,normalDay
2020-11-11,1227.0,535.0,0.0,0,356.67,0.0,1,5.53,0.18,SPY201120P00316000,316.0,0,0.0,0.0,,0.0,normalDay
2020-11-12,1227.0,526.0,0.0,0,353.21,0.0,1,5.53,0.27,SPY201120P00316000,316.0,0,0.0,0.0,,0.0,normalDay
2020-11-13,1227.0,542.0,0.0,0,358.1,0.0,1,5.53,0.11,SPY201120P00316000,316.0,0,0.0,0.0,,0.0,normalDay
2020-11-16,1227.0,549.0,0.0,0,362.57,0.0,1,5.53,0.04,SPY201120P00316000,316.0,0,0.0,0.0,,0.0,normalDay
2020-11-17,1227.0,550.0,0.0,0,360.62,0.0,1,5.53,0.03,SPY201120P00316000,316.0,0,0.0,0.0,,0.0,normalDay
2020-11-18,1227.0,551.0,0.0,0,356.28,0.0,1,5.53,0.02,SPY201120P00316000,316.0,0,0.0,0.0,,0.0,normalDay
2020-11-19,1227.0,552.0,0.0,0,357.78,0.0,1,5.53,0.01,SPY201120P00316000,316.0,0,0.0,0.0,,0.0,normalDay
2020-11-20,1780.0,0.0,553.0,0,355.33,0.0,1,5.53,0.0,SPY201120P00316000,316.0,0,0.0,0.0,,0.0,expirationDay
2020-11-23,1780.0,-3.0,0.0,0,357.46,0.0,1,0.3,0.33,SPY201211P00308000,308.0,0,0.0,0.0,,0.0,normalDay
2020-11-24,1780.0,9.0,0.0,0,363.22,0.0,1,0.3,0.21,SPY201211P00308000,308.0,0,0.0,0.0,,0.0,normalDay
2020-11-25,1780.0,12.0,0.0,0,362.66,0.0,1,0.3,0.18,SPY201211P00308000,308.0,0,0.0,0.0,,0.0,normalDay
2020-11-27,1780.0,16.0,0.0,0,363.67,0.0,1,0.3,0.14,SPY201211P00308000,308.0,0,0.0,0.0,,0.0,normalDay
2020-11-30,1780.0,18.0,0.0,0,362.06,0.0,1,0.3,0.12,SPY201211P00308000,308.0,0,0.0,0.0,,0.0,normalDay
2020-12-01,1780.0,20.0,0.0,0,366.02,0.0,1,0.3,0.1,SPY201211P00308000,308.0,0,0.0,0.0,,0.0,normalDay
2020-12-02,1780.0,22.0,0.0,0,366.79,0.0,1,0.3,0.08,SPY201211P00308000,308.0,0,0.0,0.0,,0.0,normalDay
2020-12-03,1780.0,23.0,0.0,0,366.69,0.0,1,0.3,0.07,SPY201211P00308000,308.0,0,0.0,0.0,,0.0,normalDay
2020-12-04,1780.0,26.0,0.0,0,369.85,0.0,1,0.3,0.04,SPY201211P00308000,308.0,0,0.0,0.0,,0.0,normalDay
2020-12-07,1780.0,28.0,0.0,0,369.09,0.0,1,0.3,0.02,SPY201211P00308000,308.0,0,0.0,0.0,,0.0,normalDay
2020-12-08,1780.0,29.0,0.0,0,370.17,0.0,1,0.3,0.01,SPY201211P00308000,308.0,0,0.0,0.0,,0.0,normalDay
2020-12-09,1780.0,28.0,0.0,0,366.85,0.0,1,0.3,0.02,SPY201211P00308000,308.0,0,0.0,0.0,,0.0,normalDay
2020-12-10,1780.0,29.0,0.0,0,366.73,0.0,1,0.3,0.01,SPY201211P00308000,308.0,0,0.0,0.0,,0.0,normalDay
2020-12-11,1810.0,0.0,30.0,0,366.3,0.0,1,0.3,0.0,SPY201211P00308000,308.0,0,0.0,0.0,,0.0,expirationDay
2020-12-14,1810.0,-6.0,0.0,0,364.66,0.0,1,2.3,2.36,SPY201231P00349000,349.0,0,0.0,0.0,,0.0,normalDay
2020-12-15,1810.0,85.0,0.0,0,369.59,0.0,1,2.3,1.45,SPY201231P00349000,349.0,0,0.0,0.0,,0.0,normalDay
2020-12-16,1810.0,116.0,0.0,0,370.17,0.0,1,2.3,1.14,SPY201231P00349000,349.0,0,0.0,0.0,,0.0,normalDay
2020-12-17,1810.0,147.0,0.0,0,372.24,0.0,1,2.3,0.83,SPY201231P00349000,349.0,0,0.0,0.0,,0.0,normalDay
2020-12-18,1810.0,167.0,0.0,0,369.18,0.0,1,2.3,0.63,SPY201231P00349000,349.0,0,0.0,0.0,,0.0,normalDay
2020-12-21,1810.0,136.0,0.0,0,367.86,0.0,1,2.3,0.94,SPY201231P00349000,349.0,0,0.0,0.0,,0.0,normalDay
2020-12-22,1810.0,158.0,0.0,0,367.24,0.0,1,2.3,0.72,SPY201231P00349000,349.0,0,0.0,0.0,,0.0,normalDay
2020-12-23,1810.0,184.0,0.0,0,367.57,0.0,1,2.3,0.46,SPY201231P00349000,349.0,0,0.0,0.0,,0.0,normalDay
2020-12-24,1810.0,212.0,0.0,0,369.0,0.0,1,2.3,0.18,SPY201231P00349000,349.0,0,0.0,0.0,,0.0,normalDay
2020-12-28,1810.0,224.0,0.0,0,372.17,0.0,1,2.3,0.06,SPY201231P00349000,349.0,0,0.0,0.0,,0.0,normalDay
2020-12-29,1810.0,224.0,0.0,0,371.46,0.0,1,2.3,0.06,SPY201231P00349000,349.0,0,0.0,0.0,,0.0,normalDay
2020-12-30,1810.0,228.0,0.0,0,371.99,0.0,1,2.3,0.02,SPY201231P00349000,349.0,0,0.0,0.0,,0.0,normalDay
2020-12-31,2040.0,0.0,230.0,0,373.88,0.0,1,2.3,0.0,SPY201231P00349000,349.0,0,0.0,0.0,,0.0,expirationDay
2021-01-04,2040.0,-5.0,0.0,0,368.79,0.0,1,4.57,4.62,SPY210122P00362000,362.0,0,0.0,0.0,,0.0,normalDay
2021-01-05,2040.0,99.0,0.0,0,371.33,0.0,1,4.57,3.58,SPY210122P00362000,362.0,0,0.0,0.0,,0.0,normalDay
2021-01-06,2040.0,146.0,0.0,0,373.55,0.0,1,4.57,3.11,SPY210122P00362000,362.0,0,0.0,0.0,,0.0,normalDay
2021-01-07,2040.0,309.0,0.0,0,379.1,0.0,1,4.57,1.48,SPY210122P00362000,362.0,0,0.0,0.0,,0.0,normalDay
2021-01-08,2040.0,349.0,0.0,0,381.26,0.0,1,4.57,1.08,SPY210122P00362000,362.0,0,0.0,0.0,,0.0,normalDay
2021-01-11,2040.0,325.0,0.0,0,378.69,0.0,1,4.57,1.32,SPY210122P00362000,362.0,0,0.0,0.0,,0.0,normalDay
2021-01-12,2040.0,348.0,0.0,0,378.77,0.0,1,4.57,1.09,SPY210122P00362000,362.0,0,0.0,0.0,,0.0,normalDay
2021-01-13,2040.0,389.0,0.0,0,379.79,0.0,1,4.57,0.68,SPY210122P00362000,362.0,0,0.0,0.0,,0.0,normalDay
2021-01-14,2040.0,376.0,0.0,0,378.46,0.0,1,4.57,0.81,SPY210122P00362000,362.0,0,0.0,0.0,,0.0,normalDay
2021-01-15,2040.0,365.0,0.0,0,375.7,0.0,1,4.57,0.92,SPY210122P00362000,362.0,0,0.0,0.0,,0.0,normalDay
2021-01-19,2040.0,437.0,0.0,0,378.65,0.0,1,4.57,0.2,SPY210122P00362000,362.0,0,0.0,0.0,,0.0,normalDay
2021-01-20,2040.0,451.0,0.0,0,383.89,0.0,1,4.57,0.06,SPY210122P00362000,362.0,0,0.0,0.0,,0.0,normalDay
2021-01-21,2040.0,455.0,0.0,0,384.24,0.0,1,4.57,0.02,SPY210122P00362000,362.0,0,0.0,0.0,,0.0,normalDay
2021-01-22,2497.0,0.0,457.0,0,382.88,0.0,1,4.57,0.0,SPY210122P00362000,362.0,0,0.0,0.0,,0.0,expirationDay
2021-01-25,2497.0,-5.0,0.0,0,384.39,0.0,1,1.48,1.53,SPY210212P00360000,360.0,0,0.0,0.0,,0.0,normalDay
2021-01-26,2497.0,10.0,0.0,0,383.79,0.0,1,1.48,1.38,SPY210212P00360000,360.0,0,0.0,0.0,,0.0,normalDay
2021-01-27,2497.0,-330.0,0.0,0,374.41,0.0,1,1.48,4.78,SPY210212P00360000,360.0,0,0.0,0.0,,0.0,normalDay
2021-01-28,2497.0,-161.0,0.0,0,377.63,0.0,1,1.48,3.09,SPY210212P00360000,360.0,0,0.0,0.0,,0.0,normalDay
2021-01-29,2497.0,-412.0,0.0,0,370.07,0.0,1,1.48,5.6,SPY210212P00360000,360.0,0,0.0,0.0,,0.0,normalDay
2021-02-01,2497.0,-110.0,0.0,0,376.23,0.0,1,1.48,2.58,SPY210212P00360000,360.0,0,0.0,0.0,,0.0,normalDay
2021-02-02,2497.0,52.0,0.0,0,381.55,0.0,1,1.48,0.96,SPY210212P00360000,360.0,0,0.0,0.0,,0.0,normalDay
2021-02-03,2497.0,92.0,0.0,0,381.85,0.0,1,1.48,0.56,SPY210212P00360000,360.0,0,0.0,0.0,,0.0,normalDay
2021-02-04,2497.0,122.0,0.0,0,386.19,0.0,1,1.48,0.26,SPY210212P00360000,360.0,0,0.0,0.0,,0.0,normalDay
2021-02-05,2497.0,138.0,0.0,0,387.71,0.0,1,1.48,0.1,SPY210212P00360000,360.0,0,0.0,0.0,,0.0,normalDay
2021-02-08,2497.0,142.0,0.0,0,390.51,0.0,1,1.48,0.06,SPY210212P00360000,360.0,0,0.0,0.0,,0.0,normalDay
2021-02-09,2497.0,144.0,0.0,0,390.25,0.0,1,1.48,0.04,SPY210212P00360000,360.0,0,0.0,0.0,,0.0,normalDay
2021-02-10,2497.0,144.0,0.0,0,390.08,0.0,1,1.48,0.04,SPY210212P00360000,360.0,0,0.0,0.0,,0.0,normalDay
2021-02-11,2497.0,147.0,0.0,0,390.71,0.0,1,1.48,0.01,SPY210212P00360000,360.0,0,0.0,0.0,,0.0,normalDay
2021-02-12,2645.0,0.0,148.0,0,392.64,0.0,1,1.48,0.0,SPY210212P00360000,360.0,0,0.0,0.0,,0.0,expirationDay
2021-02-16,2645.0,-4.0,0.0,0,392.3,0.0,1,0.91,0.95,SPY210305P00362500,362.5,0,0.0,0.0,,0.0,normalDay
2021-02-17,2645.0,11.0,0.0,0,392.39,0.0,1,0.91,0.8,SPY210305P00362500,362.5,0,0.0,0.0,,0.0,normalDay
2021-02-18,2645.0,-1.0,0.0,0,390.72,0.0,1,0.91,0.92,SPY210305P00362500,362.5,0,0.0,0.0,,0.0,normalDay
2021-02-19,2645.0,13.0,0.0,0,390.03,0.0,1,0.91,0.78,SPY210305P00362500,362.5,0,0.0,0.0,,0.0,normalDay
2021-02-22,2645.0,11.0,0.0,0,387.03,0.0,1,0.91,0.8,SPY210305P00362500,362.5,0,0.0,0.0,,0.0,normalDay
2021-02-23,2645.0,22.0,0.0,0,387.5,0.0,1,0.91,0.69,SPY210305P00362500,362.5,0,0.0,0.0,,0.0,normalDay
2021-02-24,2645.0,59.0,0.0,0,391.77,0.0,1,0.91,0.32,SPY210305P00362500,362.5,0,0.0,0.0,,0.0,normalDay
2021-02-25,2645.0,-78.0,0.0,0,382.33,0.0,1,0.91,1.69,SPY210305P00362500,362.5,0,0.0,0.0,,0.0,normalDay
2021-02-26,2645.0,-40.0,0.0,0,380.36,0.0,1,0.91,1.31,SPY210305P00362500,362.5,0,0.0,0.0,,0.0,normalDay
2021-03-01,2645.0,69.0,0.0,0,389.58,0.0,1,0.91,0.22,SPY210305P00362500,362.5,0,0.0,0.0,,0.0,normalDay
2021-03-02,2645.0,74.0,0.0,0,386.54,0.0,1,0.91,0.17,SPY210305P00362500,362.5,0,0.0,0.0,,0.0,normalDay
2021-03-03,2645.0,75.0,0.0,0,381.42,0.0,1,0.91,0.16,SPY210305P00362500,362.5,0,0.0,0.0,,0.0,normalDay
2021-03-04,2645.0,76.0,0.0,0,376.7,0.0,1,0.91,0.15,SPY210305P00362500,362.5,0,0.0,0.0,,0.0,normalDay
2021-03-05,2736.0,0.0,91.0,0,383.63,0.0,1,0.91,0.0,SPY210305P00362500,362.5,0,0.0,0.0,,0.0,expirationDay
2021-03-08,2736.0,-8.0,0.0,0,381.72,0.0,1,4.76,4.84,SPY210326P00372000,372.0,0,0.0,0.0,,0.0,normalDay
2021-03-09,2736.0,160.0,0.0,0,387.17,0.0,1,4.76,3.16,SPY210326P00372000,372.0,0,0.0,0.0,,0.0,normalDay
2021-03-10,2736.0,262.0,0.0,0,389.58,0.0,1,4.76,2.14,SPY210326P00372000,372.0,0,0.0,0.0,,0.0,normalDay
2021-03-11,2736.0,326.0,0.0,0,393.53,0.0,1,4.76,1.5,SPY210326P00372000,372.0,0,0.0,0.0,,0.0,normalDay
2021-03-12,2736.0,380.0,0.0,0,394.06,0.0,1,4.76,0.96,SPY210326P00372000,372.0,0,0.0,0.0,,0.0,normalDay
2021-03-15,2736.0,418.0,0.0,0,396.41,0.0,1,4.76,0.58,SPY210326P00372000,372.0,0,0.0,0.0,,0.0,normalDay
2021-03-16,2736.0,419.0,0.0,0,395.91,0.0,1,4.76,0.57,SPY210326P00372000,372.0,0,0.0,0.0,,0.0,normalDay
2021-03-17,2736.0,442.0,0.0,0,397.26,0.0,1,4.76,0.34,SPY210326P00372000,372.0,0,0.0,0.0,,0.0,normalDay
2021-03-18,2736.0,406.0,0.0,0,391.48,0.0,1,4.76,0.7,SPY210326P00372000,372.0,0,0.0,0.0,,0.0,normalDay
2021-03-19,2736.0,428.0,0.0,0,389.48,0.0,1,4.76,0.48,SPY210326P00372000,372.0,0,0.0,0.0,,0.0,normalDay
2021-03-22,2736.0,468.0,0.0,0,392.59,0.0,1,4.76,0.08,SPY210326P00372000,372.0,0,0.0,0.0,,0.0,normalDay
2021-03-23,2736.0,463.0,0.0,0,389.5,0.0,1,4.76,0.13,SPY210326P00372000,372.0,0,0.0,0.0,,0.0,normalDay
2021-03-24,2736.0,466.0,0.0,0,387.52,0.0,1,4.76,0.1,SPY210326P00372000,372.0,0,0.0,0.0,,0.0,normalDay
2021-03-25,2736.0,474.0,0.0,0,389.7,0.0,1,4.76,0.02,SPY210326P00372000,372.0,0,0.0,0.0,,0.0,normalDay
2021-03-26,3212.0,0.0,476.0,0,395.98,0.0,1,4.76,0.0,SPY210326P00372000,372.0,0,0.0,0.0,,0.0,expirationDay
2021-03-29,3212.0,-3.0,0.0,0,395.78,0.0,1,1.27,1.3,SPY210416P00371000,371.0,0,0.0,0.0,,0.0,normalDay
2021-03-30,3212.0,18.0,0.0,0,394.73,0.0,1,1.27,1.09,SPY210416P00371000,371.0,0,0.0,0.0,,0.0,normalDay
2021-03-31,3212.0,48.0,0.0,0,396.33,0.0,1,1.27,0.79,SPY210416P00371000,371.0,0,0.0,0.0,,0.0,normalDay
2021-04-01,3212.0,90.0,0.0,0,400.61,0.0,1,1.27,0.37,SPY210416P00371000,371.0,0,0.0,0.0,,0.0,normalDay
2021-04-05,3212.0,105.0,0.0,0,406.36,0.0,1,1.27,0.22,SPY210416P00371000,371.0,0,0.0,0.0,,0.0,normalDay
2021-04-06,3212.0,107.0,0.0,0,406.12,0.0,1,1.27,0.2,SPY210416P00371000,371.0,0,0.0,0.0,,0.0,normalDay
2021-04-07,3212.0,116.0,0.0,0,406.59,0.0,1,1.27,0.11,SPY210416P00371000,371.0,0,0.0,0.0,,0.0,normalDay
2021-04-08,3212.0,118.0,0.0,0,408.52,0.0,1,1.27,0.09,SPY210416P00371000,371.0,0,0.0,0.0,,0.0,normalDay
2021-04-09,3212.0,122.0,0.0,0,411.49,0.0,1,1.27,0.05,SPY210416P00371000,371.0,0,0.0,0.0,,0.0,normalDay
2021-04-12,3212.0,125.0,0.0,0,411.64,0.0,1,1.27,0.02,SPY210416P00371000,371.0,0,0.0,0.0,,0.0,normalDay
2021-04-13,3212.0,125.0,0.0,0,412.86,0.0,1,1.27,0.02,SPY210416P00371000,371.0,0,0.0,0.0,,0.0,normalDay
2021-04-14,3212.0,125.0,0.0,0,411.45,0.0,1,1.27,0.02,SPY210416P00371000,371.0,0,0.0,0.0,,0.0,normalDay
2021-04-15,3212.0,126.0,0.0,0,415.87,0.0,1,1.27,0.01,SPY210416P00371000,371.0,0,0.0,0.0,,0.0,normalDay
2021-04-16,3339.0,0.0,127.0,0,417.26,0.0,1,1.27,0.0,SPY210416P00371000,371.0,0,0.0,0.0,,0.0,expirationDay
2021-04-19,3339.0,-3.0,0.0,0,415.21,0.0,1,0.26,0.29,SPY210507P00370000,370.0,0,0.0,0.0,,0.0,normalDay
2021-04-20,3339.0,-13.0,0.0,0,412.17,0.0,1,0.26,0.39,SPY210507P00370000,370.0,0,0.0,0.0,,0.0,normalDay
2021-04-21,3339.0,5.0,0.0,0,416.07,0.0,1,0.26,0.21,SPY210507P00370000,370.0,0,0.0,0.0,,0.0,normalDay
2021-04-22,3339.0,-5.0,0.0,0,412.27,0.0,1,0.26,0.31,SPY210507P00370000,370.0,0,0.0,0.0,,0.0,normalDay
2021-04-23,3339.0,12.0,0.0,0,416.74,0.0,1,0.26,0.14,SPY210507P00370000,370.0,0,0.0,0.0,,0.0,normalDay
2021-04-26,3339.0,17.0,0.0,0,417.61,0.0,1,0.26,0.09,SPY210507P00370000,370.0,0,0.0,0.0,,0.0,normalDay
2021-04-27,3339.0,19.0,0.0,0,417.52,0.0,1,0.26,0.07,SPY210507P00370000,370.0,0,0.0,0.0,,0.0,normalDay
2021-04-28,3339.0,21.0,0.0,0,417.4,0.0,1,0.26,0.05,SPY210507P00370000,370.0,0,0.0,0.0,,0.0,normalDay
2021-04-29,3339.0,21.0,0.0,0,420.06,0.0,1,0.26,0.05,SPY210507P00370000,370.0,0,0.0,0.0,,0.0,normalDay
2021-04-30,3339.0,19.0,0.0,0,417.3,0.0,1,0.26,0.07,SPY210507P00370000,370.0,0,0.0,0.0,,0.0,normalDay
2021-05-03,3339.0,22.0,0.0,0,418.2,0.0,1,0.26,0.04,SPY210507P00370000,370.0,0,0.0,0.0,,0.0,normalDay
2021-05-04,3339.0,22.0,0.0,0,415.62,0.0,1,0.26,0.04,SPY210507P00370000,370.0,0,0.0,0.0,,0.0,normalDay
2021-05-05,3339.0,23.0,0.0,0,415.75,0.0,1,0.26,0.03,SPY210507P00370000,370.0,0,0.0,0.0,,0.0,normalDay
2021-05-06,3339.0,25.0,0.0,0,419.07,0.0,1,0.26,0.01,SPY210507P00370000,370.0,0,0.0,0.0,,0.0,normalDay
2021-05-07,3365.0,0.0,26.0,0,422.12,0.0,1,0.26,0.0,SPY210507P00370000,370.0,0,0.0,0.0,,0.0,expirationDay
2021-05-10,3365.0,-4.0,0.0,0,417.94,0.0,1,3.14,3.18,SPY210528P00407500,407.5,0,0.0,0.0,,0.0,normalDay
2021-05-11,3365.0,-125.0,0.0,0,414.21,0.0,1,3.14,4.39,SPY210528P00407500,407.5,0,0.0,0.0,,0.0,normalDay
2021-05-12,3365.0,-572.0,0.0,0,405.41,0.0,1,3.14,8.86,SPY210528P00407500,407.5,0,0.0,0.0,,0.0,normalDay
2021-05-13,3365.0,-255.0,0.0,0,410.28,0.0,1,3.14,5.69,SPY210528P00407500,407.5,0,0.0,0.0,,0.0,normalDay
2021-05-14,3365.0,73.0,0.0,0,416.58,0.0,1,3.14,2.41,SPY210528P00407500,407.5,0,0.0,0.0,,0.0,normalDay
2021-05-17,3365.0,78.0,0.0,0,415.52,0.0,1,3.14,2.36,SPY210528P00407500,407.5,0,0.0,0.0,,0.0,normalDay
2021-05-18,3365.0,-26.0,0.0,0,411.94,0.0,1,3.14,3.4,SPY210528P00407500,407.5,0,0.0,0.0,,0.0,normalDay
2021-05-19,3365.0,-40.0,0.0,0,410.86,0.0,1,3.14,3.54,SPY210528P00407500,407.5,0,0.0,0.0,,0.0,normalDay
2021-05-20,3365.0,125.0,0.0,0,415.28,0.0,1,3.14,1.89,SPY210528P00407500,407.5,0,0.0,0.0,,0.0,normalDay
2021-05-21,3365.0,166.0,0.0,0,414.94,0.0,1,3.14,1.48,SPY210528P00407500,407.5,0,0.0,0.0,,0.0,normalDay
2021-05-24,3365.0,284.0,0.0,0,419.17,0.0,1,3.14,0.3,SPY210528P00407500,407.5,0,0.0,0.0,,0.0,normalDay
2021-05-25,3365.0,284.0,0.0,0,418.24,0.0,1,3.14,0.3,SPY210528P00407500,407.5,0,0.0,0.0,,0.0,normalDay
2021-05-26,3365.0,302.0,0.0,0,419.07,0.0,1,3.14,0.12,SPY210528P00407500,407.5,0,0.0,0.0,,0.0,normalDay
2021-05-27,3365.0,310.0,0.0,0,419.29,0.0,1,3.14,0.04,SPY210528P00407500,407.5,0,0.0,0.0,,0.0,normalDay
2021-05-28,3679.0,0.0,314.0,0,420.04,0.0,1,3.14,0.0,SPY210528P00407500,407.5,0,0.0,0.0,,0.0,expirationDay
2021-06-01,3679.0,-4.0,0.0,0,419.67,0.0,1,1.65,1.69,SPY210618P00403000,403.0,0,0.0,0.0,,0.0,normalDay
2021-06-02,3679.0,31.0,0.0,0,420.33,0.0,1,1.65,1.34,SPY210618P00403000,403.0,0,0.0,0.0,,0.0,normalDay
2021-06-03,3679.0,14.0,0.0,0,418.77,0.0,1,1.65,1.51,SPY210618P00403000,403.0,0,0.0,0.0,,0.0,normalDay
2021-06-04,3679.0,84.0,0.0,0,422.6,0.0,1,1.65,0.81,SPY210618P00403000,403.0,0,0.0,0.0,,0.0,normalDay
2021-06-07,3679.0,108.0,0.0,0,422.19,0.0,1,1.65,0.57,SPY210618P00403000,403.0,0,0.0,0.0,,0.0,normalDay
2021-06-08,3679.0,98.0,0.0,0,422.28,0.0,1,1.65,0.67,SPY210618P00403000,403.0,0,0.0,0.0,,0.0,normalDay
2021-06-09,3679.0,88.0,0.0,0,421.65,0.0,1,1.65,0.77,SPY210618P00403000,403.0,0,0.0,0.0,,0.0,normalDay
2021-06-10,3679.0,129.0,0.0,0,423.61,0.0,1,1.65,0.36,SPY210618P00403000,403.0,0,0.0,0.0,,0.0,normalDay
2021-06-11,3679.0,138.0,0.0,0,424.31,0.0,1,1.65,0.27,SPY210618P00403000,403.0,0,0.0,0.0,,0.0,normalDay
2021-06-14,3679.0,149.0,0.0,0,425.26,0.0,1,1.65,0.16,SPY210618P00403000,403.0,0,0.0,0.0,,0.0,normalDay
2021-06-15,3679.0,145.0,0.0,0,424.48,0.0,1,1.65,0.2,SPY210618P00403000,403.0,0,0.0,0.0,,0.0,normalDay
2021-06-16,3679.0,139.0,0.0,0,422.11,0.0,1,1.65,0.26,SPY210618P00403000,403.0,0,0.0,0.0,,0.0,normalDay
2021-06-17,3679.0,154.0,0.0,0,421.97,0.0,1,1.65,0.11,SPY210618P00403000,403.0,0,0.0,0.0,,0.0,normalDay
2021-06-18,3844.0,0.0,165.0,0,414.92,0.0,1,1.65,0.0,SPY210618P00403000,403.0,0,0.0,0.0,,0.0,expirationDay
2021-06-21,3844.0,-4.0,0.0,0,420.86,0.0,1,2.55,2.59,SPY210709P00413000,413.0,0,0.0,0.0,,0.0,normalDay
2021-06-22,3844.0,72.0,0.0,0,423.11,0.0,1,2.55,1.83,SPY210709P00413000,413.0,0,0.0,0.0,,0.0,normalDay
2021-06-23,3844.0,90.0,0.0,0,422.6,0.0,1,2.55,1.65,SPY210709P00413000,413.0,0,0.0,0.0,,0.0,normalDay
2021-06-24,3844.0,141.0,0.0,0,425.1,0.0,1,2.55,1.14,SPY210709P00413000,413.0,0,0.0,0.0,,0.0,normalDay
2021-06-25,3844.0,175.0,0.0,0,426.61,0.0,1,2.55,0.8,SPY210709P00413000,413.0,0,0.0,0.0,,0.0,normalDay
2021-06-28,3844.0,200.0,0.0,0,427.47,0.0,1,2.55,0.55,SPY210709P00413000,413.0,0,0.0,0.0,,0.0,normalDay
2021-06-29,3844.0,207.0,0.0,0,427.7,0.0,1,2.55,0.48,SPY210709P00413000,413.0,0,0.0,0.0,,0.0,normalDay
2021-06-30,3844.0,223.0,0.0,0,428.06,0.0,1,2.55,0.32,SPY210709P00413000,413.0,0,0.0,0.0,,0.0,normalDay
2021-07-01,3844.0,232.0,0.0,0,430.43,0.0,1,2.55,0.23,SPY210709P00413000,413.0,0,0.0,0.0,,0.0,normalDay
2021-07-02,3844.0,246.0,0.0,0,433.72,0.0,1,2.55,0.09,SPY210709P00413000,413.0,0,0.0,0.0,,0.0,normalDay
2021-07-06,3844.0,251.0,0.0,0,432.93,0.0,1,2.55,0.04,SPY210709P00413000,413.0,0,0.0,0.0,,0.0,normalDay
2021-07-07,3844.0,253.0,0.0,0,434.46,0.0,1,2.55,0.02,SPY210709P00413000,413.0,0,0.0,0.0,,0.0,normalDay
2021-07-08,3844.0,253.0,0.0,0,430.92,0.0,1,2.55,0.02,SPY210709P00413000,413.0,0,0.0,0.0,,0.0,normalDay
2021-07-09,4099.0,0.0,255.0,0,435.52,0.0,1,2.55,0.0,SPY210709P00413000,413.0,0,0.0,0.0,,0.0,expirationDay
2021-07-12,4099.0,-3.0,0.0,0,437.08,0.0,1,0.69,0.72,SPY210730P00408000,408.0,0,0.0,0.0,,0.0,normalDay
2021-07-13,4099.0,-17.0,0.0,0,435.59,0.0,1,0.69,0.86,SPY210730P00408000,408.0,0,0.0,0.0,,0.0,normalDay
2021-07-14,4099.0,10.0,0.0,0,436.24,0.0,1,0.69,0.59,SPY210730P00408000,408.0,0,0.0,0.0,,0.0,normalDay
2021-07-15,4099.0,1.0,0.0,0,434.75,0.0,1,0.69,0.68,SPY210730P00408000,408.0,0,0.0,0.0,,0.0,normalDay
2021-07-16,4099.0,-24.0,0.0,0,431.34,0.0,1,0.69,0.93,SPY210730P00408000,408.0,0,0.0,0.0,,0.0,normalDay
2021-07-19,4099.0,-109.0,0.0,0,424.97,0.0,1,0.69,1.78,SPY210730P00408000,408.0,0,0.0,0.0,,0.0,normalDay
2021-07-20,4099.0,-6.0,0.0,0,431.06,0.0,1,0.69,0.75,SPY210730P00408000,408.0,0,0.0,0.0,,0.0,normalDay
2021-07-21,4099.0,43.0,0.0,0,434.55,0.0,1,0.69,0.26,SPY210730P00408000,408.0,0,0.0,0.0,,0.0,normalDay
2021-07-22,4099.0,51.0,0.0,0,435.46,0.0,1,0.69,0.18,SPY210730P00408000,408.0,0,0.0,0.0,,0.0,normalDay
2021-07-23,4099.0,62.0,0.0,0,439.94,0.0,1,0.69,0.07,SPY210730P00408000,408.0,0,0.0,0.0,,0.0,normalDay
2021-07-26,4099.0,66.0,0.0,0,441.02,0.0,1,0.69,0.03,SPY210730P00408000,408.0,0,0.0,0.0,,0.0,normalDay
2021-07-27,4099.0,62.0,0.0,0,439.01,0.0,1,0.69,0.07,SPY210730P00408000,408.0,0,0.0,0.0,,0.0,normalDay
2021-07-28,4099.0,66.0,0.0,0,438.83,0.0,1,0.69,0.03,SPY210730P00408000,408.0,0,0.0,0.0,,0.0,normalDay
2021-07-29,4099.0,68.0,0.0,0,440.65,0.0,1,0.69,0.01,SPY210730P00408000,408.0,0,0.0,0.0,,0.0,normalDay
2021-07-30,4168.0,0.0,69.0,0,438.51,0.0,1,0.69,0.0,SPY210730P00408000,408.0,0,0.0,0.0,,0.0,expirationDay
2021-08-02,4168.0,-4.0,0.0,0,437.59,0.0,1,2.2,2.24,SPY210820P00423000,423.0,0,0.0,0.0,,0.0,normalDay
2021-08-03,4168.0,84.0,0.0,0,441.15,0.0,1,2.2,1.36,SPY210820P00423000,423.0,0,0.0,0.0,,0.0,normalDay
2021-08-04,4168.0,78.0,0.0,0,438.98,0.0,1,2.2,1.42,SPY210820P00423000,423.0,0,0.0,0.0,,0.0,normalDay
2021-08-05,4168.0,119.0,0.0,0,441.76,0.0,1,2.2,1.01,SPY210820P00423000,423.0,0,0.0,0.0,,0.0,normalDay
2021-08-06,4168.0,159.0,0.0,0,442.49,0.0,1,2.2,0.61,SPY210820P00423000,423.0,0,0.0,0.0,,0.0,normalDay
2021-08-09,4168.0,169.0,0.0,0,442.13,0.0,1,2.2,0.51,SPY210820P00423000,423.0,0,0.0,0.0,,0.0,normalDay
2021-08-10,4168.0,170.0,0.0,0,442.68,0.0,1,2.2,0.5,SPY210820P00423000,423.0,0,0.0,0.0,,0.0,normalDay
2021-08-11,4168.0,193.0,0.0,0,443.78,0.0,1,2.2,0.27,SPY210820P00423000,423.0,0,0.0,0.0,,0.0,normalDay
2021-08-12,4168.0,201.0,0.0,0,445.11,0.0,1,2.2,0.19,SPY210820P00423000,423.0,0,0.0,0.0,,0.0,normalDay
2021-08-13,4168.0,206.0,0.0,0,445.92,0.0,1,2.2,0.14,SPY210820P00423000,423.0,0,0.0,0.0,,0.0,normalDay
2021-08-16,4168.0,210.0,0.0,0,446.97,0.0,1,2.2,0.1,SPY210820P00423000,423.0,0,0.0,0.0,,0.0,normalDay
2021-08-17,4168.0,206.0,0.0,0,444.04,0.0,1,2.2,0.14,SPY210820P00423000,423.0,0,0.0,0.0,,0.0,normalDay
2021-08-18,4168.0,182.0,0.0,0,439.18,0.0,1,2.2,0.38,SPY210820P00423000,423.0,0,0.0,0.0,,0.0,normalDay
2021-08-19,4168.0,211.0,0.0,0,439.86,0.0,1,2.2,0.09,SPY210820P00423000,423.0,0,0.0,0.0,,0.0,normalDay
2021-08-20,4388.0,0.0,220.0,0,443.36,0.0,1,2.2,0.0,SPY210820P00423000,423.0,0,0.0,0.0,,0.0,expirationDay
2021-08-23,4388.0,-3.0,0.0,0,447.26,0.0,1,1.55,1.58,SPY210910P00432500,432.5,0,0.0,0.0,,0.0,normalDay
2021-08-24,4388.0,11.0,0.0,0,447.97,0.0,1,1.55,1.44,SPY210910P00432500,432.5,0,0.0,0.0,,0.0,normalDay
2021-08-25,4388.0,41.0,0.0,0,448.91,0.0,1,1.55,1.14,SPY210910P00432500,432.5,0,0.0,0.0,,0.0,normalDay
2021-08-26,4388.0,-23.0,0.0,0,446.26,0.0,1,1.55,1.78,SPY210910P00432500,432.5,0,0.0,0.0,,0.0,normalDay
2021-08-27,4388.0,79.0,0.0,0,450.25,0.0,1,1.55,0.76,SPY210910P00432500,432.5,0,0.0,0.0,,0.0,normalDay
2021-08-30,4388.0,113.0,0.0,0,452.23,0.0,1,1.55,0.42,SPY210910P00432500,432.5,0,0.0,0.0,,0.0,normalDay
2021-08-31,4388.0,111.0,0.0,0,451.56,0.0,1,1.55,0.44,SPY210910P00432500,432.5,0,0.0,0.0,,0.0,normalDay
2021-09-01,4388.0,125.0,0.0,0,451.8,0.0,1,1.55,0.3,SPY210910P00432500,432.5,0,0.0,0.0,,0.0,normalDay
2021-09-02,4388.0,127.0,0.0,0,453.19,0.0,1,1.55,0.28,SPY210910P00432500,432.5,0,0.0,0.0,,0.0,normalDay
2021-09-03,4388.0,138.0,0.0,0,453.08,0.0,1,1.55,0.17,SPY210910P00432500,432.5,0,0.0,0.0,,0.0,normalDay
2021-09-07,4388.0,145.0,0.0,0,451.46,0.0,1,1.55,0.1,SPY210910P00432500,432.5,0,0.0,0.0,,0.0,normalDay
2021-09-08,4388.0,149.0,0.0,0,450.91,0.0,1,1.55,0.06,SPY210910P00432500,432.5,0,0.0,0.0,,0.0,normalDay
2021-09-09,4388.0,151.0,0.0,0,448.98,0.0,1,1.55,0.04,SPY210910P00432500,432.5,0,0.0,0.0,,0.0,normalDay
2021-09-10,4543.0,0.0,155.0,0,445.44,0.0,1,1.55,0.0,SPY210910P00432500,432.5,0,0.0,0.0,,0.0,expirationDay
2021-09-13,4543.0,-4.0,0.0,0,446.58,0.0,1,2.99,3.03,SPY211001P00434000,434.0,0,0.0,0.0,,0.0,normalDay
2021-09-14,4543.0,-45.0,0.0,0,444.17,0.0,1,2.99,3.44,SPY211001P00434000,434.0,0,0.0,0.0,,0.0,normalDay
2021-09-15,4543.0,87.0,0.0,0,447.88,0.0,1,2.99,2.12,SPY211001P00434000,434.0,0,0.0,0.0,,0.0,normalDay
2021-09-16,4543.0,79.0,0.0,0,447.17,0.0,1,2.99,2.2,SPY211001P00434000,434.0,0,0.0,0.0,,0.0,normalDay
2021-09-17,4543.0,-39.0,0.0,0,441.4,0.0,1,2.99,3.38,SPY211001P00434000,434.0,0,0.0,0.0,,0.0,normalDay
2021-09-20,4543.0,-354.0,0.0,0,434.04,0.0,1,2.99,6.53,SPY211001P00434000,434.0,0,0.0,0.0,,0.0,normalDay
2021-09-21,4543.0,-320.0,0.0,0,433.63,0.0,1,2.99,6.19,SPY211001P00434000,434.0,0,0.0,0.0,,0.0,normalDay
2021-09-22,4543.0,-24.0,0.0,0,437.86,0.0,1,2.99,3.23,SPY211001P00434000,434.0,0,0.0,0.0,,0.0,normalDay
2021-09-23,4543.0,159.0,0.0,0,443.18,0.0,1,2.99,1.4,SPY211001P00434000,434.0,0,0.0,0.0,,0.0,normalDay
2021-09-24,4543.0,209.0,0.0,0,443.91,0.0,1,2.99,0.9,SPY211001P00434000,434.0,0,0.0,0.0,,0.0,normalDay
2021-09-27,4543.0,230.0,0.0,0,442.64,0.0,1,2.99,0.69,SPY211001P00434000,434.0,0,0.0,0.0,,0.0,normalDay
2021-09-28,4543.0,-58.0,0.0,0,433.72,0.0,1,2.99,3.57,SPY211001P00434000,434.0,0,0.0,0.0,,0.0,normalDay
2021-09-29,4543.0,58.0,0.0,0,434.45,0.0,1,2.99,2.41,SPY211001P00434000,434.0,0,0.0,0.0,,0.0,normalDay
2021-09-30,4543.0,-175.0,0.0,0,429.14,0.0,1,2.99,4.74,SPY211001P00434000,434.0,0,0.0,0.0,,0.0,normalDay
2021-10-01,4842.0,0.0,299.0,0,434.24,0.0,1,2.99,0.0,SPY211001P00434000,434.0,0,0.0,0.0,,0.0,expirationDay
2021-10-04,4842.0,-7.0,0.0,0,428.64,0.0,1,4.21,4.28,SPY211022P00417000,417.0,0,0.0,0.0,,0.0,normalDay
2021-10-05,4842.0,140.0,0.0,0,433.1,0.0,1,4.21,2.81,SPY211022P00417000,417.0,0,0.0,0.0,,0.0,normalDay
2021-10-06,4842.0,190.0,0.0,0,434.9,0.0,1,4.21,2.31,SPY211022P00417000,417.0,0,0.0,0.0,,0.0,normalDay
2021-10-07,4842.0,279.0,0.0,0,438.66,0.0,1,4.21,1.42,SPY211022P00417000,417.0,0,0.0,0.0,,0.0,normalDay
2021-10-08,4842.0,300.0,0.0,0,437.86,0.0,1,4.21,1.21,SPY211022P00417000,417.0,0,0.0,0.0,,0.0,normalDay
2021-10-11,4842.0,278.0,0.0,0,434.69,0.0,1,4.21,1.43,SPY211022P00417000,417.0,0,0.0,0.0,,0.0,normalDay
2021-10-12,4842.0,284.0,0.0,0,433.62,0.0,1,4.21,1.37,SPY211022P00417000,417.0,0,0.0,0.0,,0.0,normalDay
2021-10-13,4842.0,352.0,0.0,0,435.18,0.0,1,4.21,0.69,SPY211022P00417000,417.0,0,0.0,0.0,,0.0,normalDay
2021-10-14,4842.0,397.0,0.0,0,442.5,0.0,1,4.21,0.24,SPY211022P00417000,417.0,0,0.0,0.0,,0.0,normalDay
2021-10-15,4842.0,408.0,0.0,0,445.87,0.0,1,4.21,0.13,SPY211022P00417000,417.0,0,0.0,0.0,,0.0,normalDay
2021-10-18,4842.0,417.0,0.0,0,447.19,0.0,1,4.21,0.04,SPY211022P00417000,417.0,0,0.0,0.0,,0.0,normalDay
2021-10-19,4842.0,418.0,0.0,0,450.64,0.0,1,4.21,0.03,SPY211022P00417000,417.0,0,0.0,0.0,,0.0,normalDay
2021-10-20,4842.0,418.0,0.0,0,452.41,0.0,1,4.21,0.03,SPY211022P00417000,417.0,0,0.0,0.0,,0.0,normalDay
2021-10-21,4842.0,420.0,0.0,0,453.59,0.0,1,4.21,0.01,SPY211022P00417000,417.0,0,0.0,0.0,,0.0,normalDay
2021-10-22,5263.0,0.0,421.0,0,453.12,0.0,1,4.21,0.0,SPY211022P00417000,417.0,0,0.0,0.0,,0.0,expirationDay
2021-10-25,5263.0,-3.0,0.0,0,455.55,0.0,1,0.29,0.32,SPY211112P00411000,411.0,0,0.0,0.0,,0.0,normalDay
2021-10-26,5263.0,-7.0,0.0,0,455.96,0.0,1,0.29,0.36,SPY211112P00411000,411.0,0,0.0,0.0,,0.0,normalDay
2021-10-27,5263.0,-13.0,0.0,0,453.94,0.0,1,0.29,0.42,SPY211112P00411000,411.0,0,0.0,0.0,,0.0,normalDay
2021-10-28,5263.0,-1.0,0.0,0,458.32,0.0,1,0.29,0.3,SPY211112P00411000,411.0,0,0.0,0.0,,0.0,normalDay
2021-10-29,5263.0,3.0,0.0,0,459.25,0.0,1,0.29,0.26,SPY211112P00411000,411.0,0,0.0,0.0,,0.0,normalDay
2021-11-01,5263.0,11.0,0.0,0,460.04,0.0,1,0.29,0.18,SPY211112P00411000,411.0,0,0.0,0.0,,0.0,normalDay
2021-11-02,5263.0,14.0,0.0,0,461.9,0.0,1,0.29,0.15,SPY211112P00411000,411.0,0,0.0,0.0,,0.0,normalDay
2021-11-03,5263.0,20.0,0.0,0,464.72,0.0,1,0.29,0.09,SPY211112P00411000,411.0,0,0.0,0.0,,0.0,normalDay
2021-11-04,5263.0,21.0,0.0,0,466.91,0.0,1,0.29,0.08,SPY211112P00411000,411.0,0,0.0,0.0,,0.0,normalDay
2021-11-05,5263.0,25.0,0.0,0,468.53,0.0,1,0.29,0.04,SPY211112P00411000,411.0,0,0.0,0.0,,0.0,normalDay
2021-11-08,5263.0,27.0,0.0,0,468.93,0.0,1,0.29,0.02,SPY211112P00411000,411.0,0,0.0,0.0,,0.0,normalDay
2021-11-09,5263.0,27.0,0.0,0,467.38,0.0,1,0.29,0.02,SPY211112P00411000,411.0,0,0.0,0.0,,0.0,normalDay
2021-11-10,5263.0,27.0,0.0,0,463.62,0.0,1,0.29,0.02,SPY211112P00411000,411.0,0,0.0,0.0,,0.0,normalDay
2021-11-11,5263.0,28.0,0.0,0,463.77,0.0,1,0.29,0.01,SPY211112P00411000,411.0,0,0.0,0.0,,0.0,normalDay
2021-11-12,5292.0,0.0,29.0,0,467.27,0.0,1,0.29,0.0,SPY211112P00411000,411.0,0,0.0,0.0,,0.0,expirationDay
2021-11-15,5292.0,-3.0,0.0,0,467.43,0.0,1,0.76,0.79,SPY211203P00440000,440.0,0,0.0,0.0,,0.0,normalDay
2021-11-16,5292.0,12.0,0.0,0,469.28,0.0,1,0.76,0.64,SPY211203P00440000,440.0,0,0.0,0.0,,0.0,normalDay
2021-11-17,5292.0,10.0,0.0,0,468.14,0.0,1,0.76,0.66,SPY211203P00440000,440.0,0,0.0,0.0,,0.0,normalDay
2021-11-18,5292.0,19.0,0.0,0,469.73,0.0,1,0.76,0.57,SPY211203P00440000,440.0,0,0.0,0.0,,0.0,normalDay
2021-11-19,5292.0,19.0,0.0,0,468.89,0.0,1,0.76,0.57,SPY211203P00440000,440.0,0,0.0,0.0,,0.0,normalDay
2021-11-22,5292.0,19.0,0.0,0,467.57,0.0,1,0.76,0.57,SPY211203P00440000,440.0,0,0.0,0.0,,0.0,normalDay
2021-11-23,5292.0,25.0,0.0,0,468.19,0.0,1,0.76,0.51,SPY211203P00440000,440.0,0,0.0,0.0,,0.0,normalDay
2021-11-24,5292.0,42.0,0.0,0,469.44,0.0,1,0.76,0.34,SPY211203P00440000,440.0,0,0.0,0.0,,0.0,normalDay
2021-11-26,5292.0,-180.0,0.0,0,458.97,0.0,1,0.76,2.56,SPY211203P00440000,440.0,0,0.0,0.0,,0.0,normalDay
2021-11-29,5292.0,49.0,0.0,0,464.6,0.0,1,0.76,0.27,SPY211203P00440000,440.0,0,0.0,0.0,,0.0,normalDay
2021-11-30,5292.0,8.0,0.0,0,455.56,0.0,1,0.76,0.68,SPY211203P00440000,440.0,0,0.0,0.0,,0.0,normalDay
2021-12-01,5292.0,-75.0,0.0,0,450.5,0.0,1,0.76,1.51,SPY211203P00440000,440.0,0,0.0,0.0,,0.0,normalDay
2021-12-02,5292.0,65.0,0.0,0,457.4,0.0,1,0.76,0.11,SPY211203P00440000,440.0,0,0.0,0.0,,0.0,normalDay
2021-12-03,5368.0,0.0,76.0,0,453.42,0.0,1,0.76,0.0,SPY211203P00440000,440.0,0,0.0,0.0,,0.0,expirationDay
2021-12-06,5368.0,-6.0,0.0,0,458.79,0.0,1,4.78,4.84,SPY211223P00444000,444.0,0,0.0,0.0,,0.0,normalDay
2021-12-07,5368.0,281.0,0.0,0,468.28,0.0,1,4.78,1.97,SPY211223P00444000,444.0,0,0.0,0.0,,0.0,normalDay
2021-12-08,5368.0,354.0,0.0,0,469.52,0.0,1,4.78,1.24,SPY211223P00444000,444.0,0,0.0,0.0,,0.0,normalDay
2021-12-09,5368.0,302.0,0.0,0,466.35,0.0,1,4.78,1.76,SPY211223P00444000,444.0,0,0.0,0.0,,0.0,normalDay
2021-12-10,5368.0,399.0,0.0,0,470.74,0.0,1,4.78,0.79,SPY211223P00444000,444.0,0,0.0,0.0,,0.0,normalDay
2021-12-13,5368.0,385.0,0.0,0,466.57,0.0,1,4.78,0.93,SPY211223P00444000,444.0,0,0.0,0.0,,0.0,normalDay
2021-12-14,5368.0,347.0,0.0,0,463.36,0.0,1,4.78,1.31,SPY211223P00444000,444.0,0,0.0,0.0,,0.0,normalDay
2021-12-15,5368.0,440.0,0.0,0,470.6,0.0,1,4.78,0.38,SPY211223P00444000,444.0,0,0.0,0.0,,0.0,normalDay
2021-12-16,5368.0,422.0,0.0,0,466.45,0.0,1,4.78,0.56,SPY211223P00444000,444.0,0,0.0,0.0,,0.0,normalDay
2021-12-17,5368.0,411.0,0.0,0,459.87,0.0,1,4.78,0.67,SPY211223P00444000,444.0,0,0.0,0.0,,0.0,normalDay
2021-12-20,5368.0,409.0,0.0,0,454.98,0.0,1,4.78,0.69,SPY211223P00444000,444.0,0,0.0,0.0,,0.0,normalDay
2021-12-21,5368.0,471.0,0.0,0,463.06,0.0,1,4.78,0.07,SPY211223P00444000,444.0,0,0.0,0.0,,0.0,normalDay
2021-12-22,5368.0,476.0,0.0,0,467.69,0.0,1,4.78,0.02,SPY211223P00444000,444.0,0,0.0,0.0,,0.0,normalDay
2021-12-23,5846.0,0.0,478.0,0,470.6,0.0,1,4.78,0.0,SPY211223P00444000,444.0,0,0.0,0.0,,0.0,expirationDay
2021-12-27,5846.0,-3.0,0.0,0,477.26,0.0,1,0.65,0.68,SPY220114P00441000,441.0,0,0.0,0.0,,0.0,normalDay
2021-12-28,5846.0,1.0,0.0,0,476.87,0.0,1,0.65,0.64,SPY220114P00441000,441.0,0,0.0,0.0,,0.0,normalDay
2021-12-29,5846.0,19.0,0.0,0,477.48,0.0,1,0.65,0.46,SPY220114P00441000,441.0,0,0.0,0.0,,0.0,normalDay
2021-12-30,5846.0,14.0,0.0,0,476.16,0.0,1,0.65,0.51,SPY220114P00441000,441.0,0,0.0,0.0,,0.0,normalDay
2021-12-31,5846.0,24.0,0.0,0,474.96,0.0,1,0.65,0.41,SPY220114P00441000,441.0,0,0.0,0.0,,0.0,normalDay
2022-01-03,5846.0,44.0,0.0,0,477.71,0.0,1,0.65,0.21,SPY220114P00441000,441.0,0,0.0,0.0,,0.0,normalDay
2022-01-04,5846.0,46.0,0.0,0,477.55,0.0,1,0.65,0.19,SPY220114P00441000,441.0,0,0.0,0.0,,0.0,normalDay
2022-01-05,5846.0,9.0,0.0,0,468.38,0.0,1,0.65,0.56,SPY220114P00441000,441.0,0,0.0,0.0,,0.0,normalDay
2022-01-06,5846.0,29.0,0.0,0,467.94,0.0,1,0.65,0.36,SPY220114P00441000,441.0,0,0.0,0.0,,0.0,normalDay
2022-01-07,5846.0,49.0,0.0,0,466.09,0.0,1,0.65,0.16,SPY220114P00441000,441.0,0,0.0,0.0,,0.0,normalDay
2022-01-10,5846.0,48.0,0.0,0,465.51,0.0,1,0.65,0.17,SPY220114P00441000,441.0,0,0.0,0.0,,0.0,normalDay
2022-01-11,5846.0,58.0,0.0,0,469.75,0.0,1,0.65,0.07,SPY220114P00441000,441.0,0,0.0,0.0,,0.0,normalDay
2022-01-12,5846.0,63.0,0.0,0,471.02,0.0,1,0.65,0.02,SPY220114P00441000,441.0,0,0.0,0.0,,0.0,normalDay
2022-01-13,5846.0,62.0,0.0,0,464.53,0.0,1,0.65,0.03,SPY220114P00441000,441.0,0,0.0,0.0,,0.0,normalDay
2022-01-14,5911.0,0.0,65.0,0,464.72,0.0,1,0.65,0.0,SPY220114P00441000,441.0,0,0.0,0.0,,0.0,expirationDay
2022-01-18,5911.0,-4.0,0.0,0,456.49,0.0,1,5.18,5.22,SPY220204P00447000,447.0,0,0.0,0.0,,0.0,normalDay
2022-01-19,5911.0,-102.0,0.0,0,451.75,0.0,1,5.18,6.2,SPY220204P00447000,447.0,0,0.0,0.0,,0.0,normalDay
2022-01-20,5911.0,-344.0,0.0,0,446.75,0.0,1,5.18,8.62,SPY220204P00447000,447.0,0,0.0,0.0,,0.0,normalDay
2022-01-21,5911.0,-841.0,0.0,0,437.98,0.0,1,5.18,13.59,SPY220204P00447000,447.0,0,0.0,0.0,,0.0,normalDay
2022-01-24,5911.0,-811.0,0.0,0,439.84,0.0,1,5.18,13.29,SPY220204P00447000,447.0,0,0.0,0.0,,0.0,normalDay
2022-01-25,5911.0,-1194.0,0.0,0,434.47,0.0,1,5.18,17.12,SPY220204P00447000,447.0,0,0.0,0.0,,0.0,normalDay
2022-01-26,5911.0,-1162.0,0.0,0,433.38,0.0,1,5.18,16.8,SPY220204P00447000,447.0,0,0.0,0.0,,0.0,normalDay
2022-01-27,5911.0,-1187.0,0.0,0,431.24,0.0,1,5.18,17.05,SPY220204P00447000,447.0,0,0.0,0.0,,0.0,normalDay
2022-01-28,5911.0,-375.0,0.0,0,441.95,0.0,1,5.18,8.93,SPY220204P00447000,447.0,0,0.0,0.0,,0.0,normalDay
2022-01-31,5911.0,132.0,0.0,0,449.91,0.0,1,5.18,3.86,SPY220204P00447000,447.0,0,0.0,0.0,,0.0,normalDay
2022-02-01,5911.0,369.0,0.0,0,452.95,0.0,1,5.18,1.49,SPY220204P00447000,447.0,0,0.0,0.0,,0.0,normalDay
2022-02-02,5911.0,437.0,0.0,0,457.35,0.0,1,5.18,0.81,SPY220204P00447000,447.0,0,0.0,0.0,,0.0,normalDay
2022-02-03,5911.0,349.0,0.0,0,446.6,0.0,1,5.18,1.69,SPY220204P00447000,447.0,0,0.0,0.0,,0.0,normalDay
2022-02-04,6429.0,0.0,518.0,0,448.7,0.0,1,5.18,0.0,SPY220204P00447000,447.0,0,0.0,0.0,,0.0,expirationDay
2022-02-07,6429.0,-3.0,0.0,0,447.26,0.0,1,1.02,1.05,SPY220225P00410000,410.0,0,0.0,0.0,,0.0,normalDay
2022-02-08,6429.0,31.0,0.0,0,450.94,0.0,1,1.02,0.71,SPY220225P00410000,410.0,0,0.0,0.0,,0.0,normalDay
2022-02-09,6429.0,62.0,0.0,0,457.54,0.0,1,1.02,0.4,SPY220225P00410000,410.0,0,0.0,0.0,,0.0,normalDay
2022-02-10,6429.0,8.0,0.0,0,449.32,0.0,1,1.02,0.94,SPY220225P00410000,410.0,0,0.0,0.0,,0.0,normalDay
2022-02-11,6429.0,-84.0,0.0,0,440.46,0.0,1,1.02,1.86,SPY220225P00410000,410.0,0,0.0,0.0,,0.0,normalDay
2022-02-14,6429.0,-45.0,0.0,0,439.02,0.0,1,1.02,1.47,SPY220225P00410000,410.0,0,0.0,0.0,,0.0,normalDay
2022-02-15,6429.0,28.0,0.0,0,446.1,0.0,1,1.02,0.74,SPY220225P00410000,410.0,0,0.0,0.0,,0.0,normalDay
2022-02-16,6429.0,65.0,0.0,0,446.6,0.0,1,1.02,0.37,SPY220225P00410000,410.0,0,0.0,0.0,,0.0,normalDay
2022-02-17,6429.0,-1.0,0.0,0,437.06,0.0,1,1.02,1.03,SPY220225P00410000,410.0,0,0.0,0.0,,0.0,normalDay
2022-02-18,6429.0,33.0,0.0,0,434.23,0.0,1,1.02,0.69,SPY220225P00410000,410.0,0,0.0,0.0,,0.0,normalDay
2022-02-22,6429.0,68.0,0.0,0,429.57,0.0,1,1.02,0.34,SPY220225P00410000,410.0,0,0.0,0.0,,0.0,normalDay
2022-02-23,6429.0,39.0,0.0,0,421.95,0.0,1,1.02,0.63,SPY220225P00410000,410.0,0,0.0,0.0,,0.0,normalDay
2022-02-24,6429.0,87.0,0.0,0,428.3,0.0,1,1.02,0.15,SPY220225P00410000,410.0,0,0.0,0.0,,0.0,normalDay
2022-02-25,6531.0,0.0,102.0,0,437.75,0.0,1,1.02,0.0,SPY220225P00410000,410.0,0,0.0,0.0,,0.0,expirationDay
2022-02-28,6531.0,-4.0,0.0,0,436.63,0.0,1,3.94,3.98,SPY220318P00411000,411.0,0,0.0,0.0,,0.0,normalDay
2022-03-01,6531.0,-198.0,0.0,0,429.98,0.0,1,3.94,5.92,SPY220318P00411000,411.0,0,0.0,0.0,,0.0,normalDay
2022-03-02,6531.0,39.0,0.0,0,437.89,0.0,1,3.94,3.55,SPY220318P00411000,411.0,0,0.0,0.0,,0.0,normalDay
2022-03-03,6531.0,29.0,0.0,0,435.71,0.0,1,3.94,3.65,SPY220318P00411000,411.0,0,0.0,0.0,,0.0,normalDay
2022-03-04,6531.0,-35.0,0.0,0,432.17,0.0,1,3.94,4.29,SPY220318P00411000,411.0,0,0.0,0.0,,0.0,normalDay
2022-03-07,6531.0,-394.0,0.0,0,419.43,0.0,1,3.94,7.88,SPY220318P00411000,411.0,0,0.0,0.0,,0.0,normalDay
2022-03-08,6531.0,-429.0,0.0,0,416.25,0.0,1,3.94,8.23,SPY220318P00411000,411.0,0,0.0,0.0,,0.0,normalDay
2022-03-09,6531.0,32.0,0.0,0,427.41,0.0,1,3.94,3.62,SPY220318P00411000,411.0,0,0.0,0.0,,0.0,normalDay
2022-03-10,6531.0,78.0,0.0,0,425.48,0.0,1,3.94,3.16,SPY220318P00411000,411.0,0,0.0,0.0,,0.0,normalDay
2022-03-11,6531.0,3.0,0.0,0,420.07,0.0,1,3.94,3.91,SPY220318P00411000,411.0,0,0.0,0.0,,0.0,normalDay
2022-03-14,6531.0,-41.0,0.0,0,417.0,0.0,1,3.94,4.35,SPY220318P00411000,411.0,0,0.0,0.0,,0.0,normalDay
2022-03-15,6531.0,249.0,0.0,0,426.17,0.0,1,3.94,1.45,SPY220318P00411000,411.0,0,0.0,0.0,,0.0,normalDay
2022-03-16,6531.0,373.0,0.0,0,435.62,0.0,1,3.94,0.21,SPY220318P00411000,411.0,0,0.0,0.0,,0.0,normalDay
2022-03-17,6531.0,386.0,0.0,0,441.07,0.0,1,3.94,0.08,SPY220318P00411000,411.0,0,0.0,0.0,,0.0,normalDay
2022-03-18,6925.0,0.0,394.0,0,444.52,0.0,1,3.94,0.0,SPY220318P00411000,411.0,0,0.0,0.0,,0.0,expirationDay
2022-03-21,6925.0,-3.0,0.0,0,444.39,0.0,1,0.96,0.99,SPY220408P00402000,402.0,0,0.0,0.0,,0.0,normalDay
2022-03-22,6925.0,20.0,0.0,0,449.59,0.0,1,0.96,0.76,SPY220408P00402000,402.0,0,0.0,0.0,,0.0,normalDay
2022-03-23,6925.0,10.0,0.0,0,443.8,0.0,1,0.96,0.86,SPY220408P00402000,402.0,0,0.0,0.0,,0.0,normalDay
2022-03-24,6925.0,50.0,0.0,0,450.49,0.0,1,0.96,0.46,SPY220408P00402000,402.0,0,0.0,0.0,,0.0,normalDay
2022-03-25,6925.0,63.0,0.0,0,452.69,0.0,1,0.96,0.33,SPY220408P00402000,402.0,0,0.0,0.0,,0.0,normalDay
2022-03-28,6925.0,80.0,0.0,0,455.91,0.0,1,0.96,0.16,SPY220408P00402000,402.0,0,0.0,0.0,,0.0,normalDay
2022-03-29,6925.0,84.0,0.0,0,461.55,0.0,1,0.96,0.12,SPY220408P00402000,402.0,0,0.0,0.0,,0.0,normalDay
2022-03-30,6925.0,86.0,0.0,0,458.7,0.0,1,0.96,0.1,SPY220408P00402000,402.0,0,0.0,0.0,,0.0,normalDay
2022-03-31,6925.0,82.0,0.0,0,451.64,0.0,1,0.96,0.14,SPY220408P00402000,402.0,0,0.0,0.0,,0.0,normalDay
2022-04-01,6925.0,89.0,0.0,0,452.92,0.0,1,0.96,0.07,SPY220408P00402000,402.0,0,0.0,0.0,,0.0,normalDay
2022-04-04,6925.0,92.0,0.0,0,456.8,0.0,1,0.96,0.04,SPY220408P00402000,402.0,0,0.0,0.0,,0.0,normalDay
2022-04-05,6925.0,93.0,0.0,0,451.03,0.0,1,0.96,0.03,SPY220408P00402000,402.0,0,0.0,0.0,,0.0,normalDay
2022-04-06,6925.0,94.0,0.0,0,446.52,0.0,1,0.96,0.02,SPY220408P00402000,402.0,0,0.0,0.0,,0.0,normalDay
2022-04-07,6925.0,95.0,0.0,0,448.77,0.0,1,0.96,0.01,SPY220408P00402000,402.0,0,0.0,0.0,,0.0,normalDay
2022-04-08,7021.0,0.0,96.0,0,447.57,0.0,1,0.96,0.0,SPY220408P00402000,402.0,0,0.0,0.0,,0.0,expirationDay
2022-04-11,7021.0,-4.0,0.0,0,439.92,0.0,1,3.1,3.14,SPY220429P00421000,421.0,0,0.0,0.0,,0.0,normalDay
2022-04-12,7021.0,-14.0,0.0,0,438.29,0.0,1,3.1,3.24,SPY220429P00421000,421.0,0,0.0,0.0,,0.0,normalDay
2022-04-13,7021.0,141.0,0.0,0,443.31,0.0,1,3.1,1.69,SPY220429P00421000,421.0,0,0.0,0.0,,0.0,normalDay
2022-04-14,7021.0,88.0,0.0,0,437.79,0.0,1,3.1,2.22,SPY220429P00421000,421.0,0,0.0,0.0,,0.0,normalDay
2022-04-18,7021.0,173.0,0.0,0,437.97,0.0,1,3.1,1.37,SPY220429P00421000,421.0,0,0.0,0.0,,0.0,normalDay
2022-04-19,7021.0,219.0,0.0,0,445.04,0.0,1,3.1,0.91,SPY220429P00421000,421.0,0,0.0,0.0,,0.0,normalDay
2022-04-20,7021.0,257.0,0.0,0,444.71,0.0,1,3.1,0.53,SPY220429P00421000,421.0,0,0.0,0.0,,0.0,normalDay
2022-04-21,7021.0,189.0,0.0,0,438.06,0.0,1,3.1,1.21,SPY220429P00421000,421.0,0,0.0,0.0,,0.0,normalDay
2022-04-22,7021.0,-145.0,0.0,0,426.04,0.0,1,3.1,4.55,SPY220429P00421000,421.0,0,0.0,0.0,,0.0,normalDay
2022-04-25,7021.0,59.0,0.0,0,428.51,0.0,1,3.1,2.51,SPY220429P00421000,421.0,0,0.0,0.0,,0.0,normalDay
2022-04-26,7021.0,-597.0,0.0,0,416.1,0.0,1,3.1,9.07,SPY220429P00421000,421.0,0,0.0,0.0,,0.0,normalDay
2022-04-27,7021.0,-285.0,0.0,0,417.27,0.0,1,3.1,5.95,SPY220429P00421000,421.0,0,0.0,0.0,,0.0,normalDay
2022-04-28,7021.0,179.0,0.0,0,427.81,0.0,1,3.1,1.31,SPY220429P00421000,421.0,0,0.0,0.0,,0.0,normalDay
2022-04-29,7331.0,-900.0,310.0,100,412.0,421.0,1,3.1,0.0,SPY220429P00421000,421.0,0,0.0,0.0,,0.0,expirationDay
2022-05-02,7331.0,-655.0,0.0,100,414.48,421.0,0,0.0,0.0,,0.0,1,0.99,1.02,SPY220520C00443000,443.0,normalDay
2022-05-03,7331.0,-451.0,0.0,100,416.38,421.0,0,0.0,0.0,,0.0,1,0.99,0.88,SPY220520C00443000,443.0,normalDay
2022-05-04,7331.0,681.0,0.0,100,429.06,421.0,0,0.0,0.0,,0.0,1,0.99,2.24,SPY220520C00443000,443.0,normalDay
2022-05-05,7331.0,-690.0,0.0,100,413.81,421.0,0,0.0,0.0,,0.0,1,0.99,0.7,SPY220520C00443000,443.0,normalDay
2022-05-06,7331.0,-896.0,0.0,100,411.34,421.0,0,0.0,0.0,,0.0,1,0.99,0.29,SPY220520C00443000,443.0,normalDay
2022-05-09,7331.0,-2197.0,0.0,100,398.17,421.0,0,0.0,0.0,,0.0,1,0.99,0.13,SPY220520C00443000,443.0,normalDay
2022-05-10,7331.0,-2099.0,0.0,100,399.09,421.0,0,0.0,0.0,,0.0,1,0.99,0.07,SPY220520C00443000,443.0,normalDay
2022-05-11,7331.0,-2730.0,0.0,100,392.75,421.0,0,0.0,0.0,,0.0,1,0.99,0.04,SPY220520C00443000,443.0,normalDay
2022-05-12,7331.0,-2770.0,0.0,100,392.34,421.0,0,0.0,0.0,,0.0,1,0.99,0.03,SPY220520C00443000,443.0,normalDay
2022-05-13,7331.0,-1831.0,0.0,100,401.72,421.0,0,0.0,0.0,,0.0,1,0.99,0.02,SPY220520C00443000,443.0,normalDay
2022-05-16,7331.0,-1994.0,0.0,100,400.09,421.0,0,0.0,0.0,,0.0,1,0.99,0.02,SPY220520C00443000,443.0,normalDay
2022-05-17,7331.0,-1171.0,0.0,100,408.32,421.0,0,0.0,0.0,,0.0,1,0.99,0.02,SPY220520C00443000,443.0,normalDay
2022-05-18,7331.0,-2816.0,0.0,100,391.86,421.0,0,0.0,0.0,,0.0,1,0.99,0.01,SPY220520C00443000,443.0,normalDay
2022-05-19,7331.0,-3056.0,0.0,100,389.46,421.0,0,0.0,0.0,,0.0,1,0.99,0.01,SPY220520C00443000,443.0,normalDay
2022-05-20,7430.0,-3137.0,99.0,100,389.63,421.0,0,0.0,0.0,,0.0,1,0.99,0.0,SPY220520C00443000,443.0,expirationDay
2022-05-23,7430.0,-2413.0,0.0,100,396.92,421.0,0,0.0,0.0,,0.0,1,3.15,3.2,SPY220610C00412000,412.0,normalDay
2022-05-24,7430.0,-2642.0,0.0,100,393.89,421.0,0,0.0,0.0,,0.0,1,3.15,2.46,SPY220610C00412000,412.0,normalDay
2022-05-25,7430.0,-2328.0,0.0,100,397.37,421.0,0,0.0,0.0,,0.0,1,3.15,2.8,SPY220610C00412000,412.0,normalDay
2022-05-26,7430.0,-1716.0,0.0,100,405.31,421.0,0,0.0,0.0,,0.0,1,3.15,4.62,SPY220610C00412000,412.0,normalDay
2022-05-27,7430.0,-1196.0,0.0,100,415.26,421.0,0,0.0,0.0,,0.0,1,3.15,9.37,SPY220610C00412000,412.0,normalDay
2022-05-31,7430.0,-1205.0,0.0,100,412.93,421.0,0,0.0,0.0,,0.0,1,3.15,7.13,SPY220610C00412000,412.0,normalDay
2022-06-01,7430.0,-1321.0,0.0,100,409.59,421.0,0,0.0,0.0,,0.0,1,3.15,4.95,SPY220610C00412000,412.0,normalDay
2022-06-02,7430.0,-934.0,0.0,100,417.39,421.0,0,0.0,0.0,,0.0,1,3.15,8.88,SPY220610C00412000,412.0,normalDay
2022-06-03,7430.0,-1171.0,0.0,100,410.54,421.0,0,0.0,0.0,,0.0,1,3.15,4.4,SPY220610C00412000,412.0,normalDay
2022-06-06,7430.0,-1032.0,0.0,100,411.79,421.0,0,0.0,0.0,,0.0,1,3.15,4.26,SPY220610C00412000,412.0,normalDay
2022-06-07,7430.0,-789.0,0.0,100,415.74,421.0,0,0.0,0.0,,0.0,1,3.15,5.78,SPY220610C00412000,412.0,normalDay
2022-06-08,7430.0,-948.0,0.0,100,411.22,421.0,0,0.0,0.0,,0.0,1,3.15,2.85,SPY220610C00412000,412.0,normalDay
2022-06-09,7430.0,-1676.0,0.0,100,401.44,421.0,0,0.0,0.0,,0.0,1,3.15,0.35,SPY220610C00412000,412.0,normalDay
2022-06-10,7745.0,-3120.0,315.0,100,389.8,421.0,0,0.0,0.0,,0.0,1,3.15,0.0,SPY220610C00412000,412.0,expirationDay
2022-06-13,7745.0,-4604.0,0.0,100,375.0,421.0,0,0.0,0.0,,0.0,1,0.72,0.76,SPY220701C00408000,408.0,normalDay
2022-06-14,7745.0,-4697.0,0.0,100,373.87,421.0,0,0.0,0.0,,0.0,1,0.72,0.56,SPY220701C00408000,408.0,normalDay
2022-06-15,7745.0,-4179.0,0.0,100,379.2,421.0,0,0.0,0.0,,0.0,1,0.72,0.71,SPY220701C00408000,408.0,normalDay
2022-06-16,7745.0,-5385.0,0.0,100,366.65,421.0,0,0.0,0.0,,0.0,1,0.72,0.22,SPY220701C00408000,408.0,normalDay
2022-06-17,7745.0,-5462.0,0.0,100,365.86,421.0,0,0.0,0.0,,0.0,1,0.72,0.2,SPY220701C00408000,408.0,normalDay
2022-06-21,7745.0,-4536.0,0.0,100,375.07,421.0,0,0.0,0.0,,0.0,1,0.72,0.15,SPY220701C00408000,408.0,normalDay
2022-06-22,7745.0,-4601.0,0.0,100,374.39,421.0,0,0.0,0.0,,0.0,1,0.72,0.12,SPY220701C00408000,408.0,normalDay
2022-06-23,7745.0,-4232.0,0.0,100,378.06,421.0,0,0.0,0.0,,0.0,1,0.72,0.1,SPY220701C00408000,408.0,normalDay
2022-06-24,7745.0,-3055.0,0.0,100,390.08,421.0,0,0.0,0.0,,0.0,1,0.72,0.35,SPY220701C00408000,408.0,normalDay
2022-06-27,7745.0,-3194.0,0.0,100,388.59,421.0,0,0.0,0.0,,0.0,1,0.72,0.25,SPY220701C00408000,408.0,normalDay
2022-06-28,7745.0,-3967.0,0.0,100,380.65,421.0,0,0.0,0.0,,0.0,1,0.72,0.04,SPY220701C00408000,408.0,normalDay
2022-06-29,7745.0,-3997.0,0.0,100,380.34,421.0,0,0.0,0.0,,0.0,1,0.72,0.03,SPY220701C00408000,408.0,normalDay
2022-06-30,7745.0,-4304.0,0.0,100,377.25,421.0,0,0.0,0.0,,0.0,1,0.72,0.01,SPY220701C00408000,408.0,normalDay
2022-07-01,7817.0,-3976.0,72.0,100,381.24,421.0,0,0.0,0.0,,0.0,1,0.72,0.0,SPY220701C00408000,408.0,expirationDay
2022-07-05,7817.0,-3908.0,0.0,100,381.96,421.0,0,0.0,0.0,,0.0,1,3.77,3.81,SPY220722C00392000,392.0,normalDay
2022-07-06,7817.0,-3817.0,0.0,100,383.25,421.0,0,0.0,0.0,,0.0,1,3.77,4.19,SPY220722C00392000,392.0,normalDay
2022-07-07,7817.0,-3403.0,0.0,100,388.99,421.0,0,0.0,0.0,,0.0,1,3.77,5.79,SPY220722C00392000,392.0,normalDay
2022-07-08,7817.0,-3372.0,0.0,100,388.67,421.0,0,0.0,0.0,,0.0,1,3.77,5.16,SPY220722C00392000,392.0,normalDay
2022-07-11,7817.0,-3609.0,0.0,100,384.23,421.0,0,0.0,0.0,,0.0,1,3.77,3.09,SPY220722C00392000,392.0,normalDay
2022-07-12,7817.0,-3834.0,0.0,100,380.83,421.0,0,0.0,0.0,,0.0,1,3.77,1.94,SPY220722C00392000,392.0,normalDay
2022-07-13,7817.0,-3955.0,0.0,100,378.83,421.0,0,0.0,0.0,,0.0,1,3.77,1.15,SPY220722C00392000,392.0,normalDay
2022-07-14,7817.0,-4005.0,0.0,100,377.91,421.0,0,0.0,0.0,,0.0,1,3.77,0.73,SPY220722C00392000,392.0,normalDay
2022-07-15,7817.0,-3359.0,0.0,100,385.13,421.0,0,0.0,0.0,,0.0,1,3.77,1.49,SPY220722C00392000,392.0,normalDay
2022-07-18,7817.0,-3592.0,0.0,100,381.95,421.0,0,0.0,0.0,,0.0,1,3.77,0.64,SPY220722C00392000,392.0,normalDay
2022-07-19,7817.0,-2894.0,0.0,100,392.27,421.0,0,0.0,0.0,,0.0,1,3.77,3.98,SPY220722C00392000,392.0,normalDay
2022-07-20,7817.0,-2723.0,0.0,100,394.77,421.0,0,0.0,0.0,,0.0,1,3.77,4.77,SPY220722C00392000,392.0,normalDay
2022-07-21,7817.0,-2537.0,0.0,100,398.79,421.0,0,0.0,0.0,,0.0,1,3.77,6.93,SPY220722C00392000,392.0,normalDay
2022-07-22,5294.0,-2537.0,-2523.0,0,395.09,0.0,0,0.0,0.0,,0.0,1,3.77,0.0,SPY220722C00392000,392.0,expirationDay
2022-07-25,5294.0,-4.0,0.0,0,395.57,0.0,1,0.77,0.81,SPY220812P00364000,364.0,0,0.0,0.0,,0.0,normalDay
2022-07-26,5294.0,-46.0,0.0,0,390.89,0.0,1,0.77,1.23,SPY220812P00364000,364.0,0,0.0,0.0,,0.0,normalDay
2022-07-27,5294.0,23.0,0.0,0,401.04,0.0,1,0.77,0.54,SPY220812P00364000,364.0,0,0.0,0.0,,0.0,normalDay
2022-07-28,5294.0,48.0,0.0,0,406.07,0.0,1,0.77,0.29,SPY220812P00364000,364.0,0,0.0,0.0,,0.0,normalDay
2022-07-29,5294.0,63.0,0.0,0,411.99,0.0,1,0.77,0.14,SPY220812P00364000,364.0,0,0.0,0.0,,0.0,normalDay
2022-08-01,5294.0,62.0,0.0,0,410.77,0.0,1,0.77,0.15,SPY220812P00364000,364.0,0,0.0,0.0,,0.0,normalDay
2022-08-02,5294.0,62.0,0.0,0,408.06,0.0,1,0.77,0.15,SPY220812P00364000,364.0,0,0.0,0.0,,0.0,normalDay
2022-08-03,5294.0,72.0,0.0,0,414.45,0.0,1,0.77,0.05,SPY220812P00364000,364.0,0,0.0,0.0,,0.0,normalDay
2022-08-04,5294.0,73.0,0.0,0,414.17,0.0,1,0.77,0.04,SPY220812P00364000,364.0,0,0.0,0.0,,0.0,normalDay
2022-08-05,5294.0,73.0,0.0,0,413.47,0.0,1,0.77,0.04,SPY220812P00364000,364.0,0,0.0,0.0,,0.0,normalDay
2022-08-08,5294.0,75.0,0.0,0,412.99,0.0,1,0.77,0.02,SPY220812P00364000,364.0,0,0.0,0.0,,0.0,normalDay
2022-08-09,5294.0,75.0,0.0,0,411.35,0.0,1,0.77,0.02,SPY220812P00364000,364.0,0,0.0,0.0,,0.0,normalDay
2022-08-10,5294.0,76.0,0.0,0,419.99,0.0,1,0.77,0.01,SPY220812P00364000,364.0,0,0.0,0.0,,0.0,normalDay
2022-08-11,5294.0,76.0,0.0,0,419.99,0.0,1,0.77,0.01,SPY220812P00364000,364.0,0,0.0,0.0,,0.0,normalDay
2022-08-12,5371.0,0.0,77.0,0,427.1,0.0,1,0.77,0.0,SPY220812P00364000,364.0,0,0.0,0.0,,0.0,expirationDay
2022-08-15,5371.0,-3.0,0.0,0,428.86,0.0,1,0.17,0.2,SPY220902P00371000,371.0,0,0.0,0.0,,0.0,normalDay
2022-08-16,5371.0,-1.0,0.0,0,429.7,0.0,1,0.17,0.18,SPY220902P00371000,371.0,0,0.0,0.0,,0.0,normalDay
2022-08-17,5371.0,1.0,0.0,0,426.65,0.0,1,0.17,0.16,SPY220902P00371000,371.0,0,0.0,0.0,,0.0,normalDay
2022-08-18,5371.0,4.0,0.0,0,427.89,0.0,1,0.17,0.13,SPY220902P00371000,371.0,0,0.0,0.0,,0.0,normalDay
2022-08-19,5371.0,2.0,0.0,0,422.14,0.0,1,0.17,0.15,SPY220902P00371000,371.0,0,0.0,0.0,,0.0,normalDay
2022-08-22,5371.0,-7.0,0.0,0,413.35,0.0,1,0.17,0.24,SPY220902P00371000,371.0,0,0.0,0.0,,0.0,normalDay
2022-08-23,5371.0,-6.0,0.0,0,412.35,0.0,1,0.17,0.23,SPY220902P00371000,371.0,0,0.0,0.0,,0.0,normalDay
2022-08-24,5371.0,6.0,0.0,0,413.67,0.0,1,0.17,0.11,SPY220902P00371000,371.0,0,0.0,0.0,,0.0,normalDay
2022-08-25,5371.0,11.0,0.0,0,419.51,0.0,1,0.17,0.06,SPY220902P00371000,371.0,0,0.0,0.0,,0.0,normalDay
2022-08-26,5371.0,-5.0,0.0,0,405.31,0.0,1,0.17,0.22,SPY220902P00371000,371.0,0,0.0,0.0,,0.0,normalDay
2022-08-29,5371.0,10.0,0.0,0,402.63,0.0,1,0.17,0.07,SPY220902P00371000,371.0,0,0.0,0.0,,0.0,normalDay
2022-08-30,5371.0,11.0,0.0,0,398.21,0.0,1,0.17,0.06,SPY220902P00371000,371.0,0,0.0,0.0,,0.0,normalDay
2022-08-31,5371.0,14.0,0.0,0,395.18,0.0,1,0.17,0.03,SPY220902P00371000,371.0,0,0.0,0.0,,0.0,normalDay
2022-09-01,5371.0,15.0,0.0,0,396.42,0.0,1,0.17,0.02,SPY220902P00371000,371.0,0,0.0,0.0,,0.0,normalDay
2022-09-02,5388.0,0.0,17.0,0,392.24,0.0,1,0.17,0.0,SPY220902P00371000,371.0,0,0.0,0.0,,0.0,expirationDay
2022-09-06,5388.0,-4.0,0.0,0,390.76,0.0,1,2.71,2.75,SPY220923P00369000,369.0,0,0.0,0.0,,0.0,normalDay
2022-09-07,5388.0,135.0,0.0,0,397.78,0.0,1,2.71,1.36,SPY220923P00369000,369.0,0,0.0,0.0,,0.0,normalDay
2022-09-08,5388.0,187.0,0.0,0,400.38,0.0,1,2.71,0.84,SPY220923P00369000,369.0,0,0.0,0.0,,0.0,normalDay
2022-09-09,5388.0,225.0,0.0,0,406.6,0.0,1,2.71,0.46,SPY220923P00369000,369.0,0,0.0,0.0,,0.0,normalDay
2022-09-12,5388.0,243.0,0.0,0,410.97,0.0,1,2.71,0.28,SPY220923P00369000,369.0,0,0.0,0.0,,0.0,normalDay
2022-09-13,5388.0,145.0,0.0,0,393.1,0.0,1,2.71,1.26,SPY220923P00369000,369.0,0,0.0,0.0,,0.0,normalDay
2022-09-14,5388.0,186.0,0.0,0,394.6,0.0,1,2.71,0.85,SPY220923P00369000,369.0,0,0.0,0.0,,0.0,normalDay
2022-09-15,5388.0,184.0,0.0,0,390.12,0.0,1,2.71,0.87,SPY220923P00369000,369.0,0,0.0,0.0,,0.0,normalDay
2022-09-16,5388.0,173.0,0.0,0,385.56,0.0,1,2.71,0.98,SPY220923P00369000,369.0,0,0.0,0.0,,0.0,normalDay
2022-09-19,5388.0,228.0,0.0,0,388.55,0.0,1,2.71,0.43,SPY220923P00369000,369.0,0,0.0,0.0,,0.0,normalDay
2022-09-20,5388.0,187.0,0.0,0,384.09,0.0,1,2.71,0.84,SPY220923P00369000,369.0,0,0.0,0.0,,0.0,normalDay
2022-09-21,5388.0,149.0,0.0,0,377.39,0.0,1,2.71,1.22,SPY220923P00369000,369.0,0,0.0,0.0,,0.0,normalDay
2022-09-22,5388.0,208.0,0.0,0,374.22,0.0,1,2.71,0.63,SPY220923P00369000,369.0,0,0.0,0.0,,0.0,normalDay
2022-09-23,5659.0,-105.0,271.0,100,367.95,369.0,1,2.71,0.0,SPY220923P00369000,369.0,0,0.0,0.0,,0.0,expirationDay
2022-09-26,5659.0,-472.0,0.0,100,364.31,369.0,0,0.0,0.0,,0.0,1,0.68,0.71,SPY221014C00397000,397.0,normalDay
2022-09-27,5659.0,-548.0,0.0,100,363.38,369.0,0,0.0,0.0,,0.0,1,0.68,0.54,SPY221014C00397000,397.0,normalDay
2022-09-28,5659.0,133.0,0.0,100,370.53,369.0,0,0.0,0.0,,0.0,1,0.68,0.88,SPY221014C00397000,397.0,normalDay
2022-09-29,5659.0,-586.0,0.0,100,362.79,369.0,0,0.0,0.0,,0.0,1,0.68,0.33,SPY221014C00397000,397.0,normalDay
2022-09-30,5659.0,-1130.0,0.0,100,357.18,369.0,0,0.0,0.0,,0.0,1,0.68,0.16,SPY221014C00397000,397.0,normalDay
2022-10-03,5659.0,-194.0,0.0,100,366.61,369.0,0,0.0,0.0,,0.0,1,0.68,0.23,SPY221014C00397000,397.0,normalDay
2022-10-04,5659.0,872.0,0.0,100,377.97,369.0,0,0.0,0.0,,0.0,1,0.68,0.93,SPY221014C00397000,397.0,normalDay
2022-10-05,5659.0,808.0,0.0,100,377.09,369.0,0,0.0,0.0,,0.0,1,0.68,0.69,SPY221014C00397000,397.0,normalDay
2022-10-06,5659.0,452.0,0.0,100,373.2,369.0,0,0.0,0.0,,0.0,1,0.68,0.36,SPY221014C00397000,397.0,normalDay
2022-10-07,5659.0,-558.0,0.0,100,362.79,369.0,0,0.0,0.0,,0.0,1,0.68,0.05,SPY221014C00397000,397.0,normalDay
2022-10-10,5659.0,-833.0,0.0,100,360.02,369.0,0,0.0,0.0,,0.0,1,0.68,0.03,SPY221014C00397000,397.0,normalDay
2022-10-11,5659.0,-1060.0,0.0,100,357.74,369.0,0,0.0,0.0,,0.0,1,0.68,0.02,SPY221014C00397000,397.0,normalDay
2022-10-12,5659.0,-1177.0,0.0,100,356.56,369.0,0,0.0,0.0,,0.0,1,0.68,0.01,SPY221014C00397000,397.0,normalDay
2022-10-13,5659.0,-236.0,0.0,100,365.97,369.0,0,0.0,0.0,,0.0,1,0.68,0.01,SPY221014C00397000,397.0,normalDay
2022-10-14,5727.0,-1137.0,68.0,100,357.63,369.0,0,0.0,0.0,,0.0,1,0.68,0.0,SPY221014C00397000,397.0,expirationDay
2022-10-17,5727.0,-223.0,0.0,100,366.82,369.0,0,0.0,0.0,,0.0,1,8.09,8.14,SPY221104C00371000,371.0,normalDay
2022-10-18,5727.0,-7.0,0.0,100,371.13,369.0,0,0.0,0.0,,0.0,1,8.09,10.29,SPY221104C00371000,371.0,normalDay
2022-10-19,5727.0,-36.0,0.0,100,368.5,369.0,0,0.0,0.0,,0.0,1,8.09,7.95,SPY221104C00371000,371.0,normalDay
2022-10-20,5727.0,-175.0,0.0,100,365.41,369.0,0,0.0,0.0,,0.0,1,8.09,6.25,SPY221104C00371000,371.0,normalDay
2022-10-21,5727.0,289.0,0.0,100,374.29,369.0,0,0.0,0.0,,0.0,1,8.09,10.49,SPY221104C00371000,371.0,normalDay
2022-10-24,5727.0,497.0,0.0,100,378.87,369.0,0,0.0,0.0,,0.0,1,8.09,12.99,SPY221104C00371000,371.0,normalDay
2022-10-25,5727.0,820.0,0.0,100,384.92,369.0,0,0.0,0.0,,0.0,1,8.09,15.81,SPY221104C00371000,371.0,normalDay
2022-10-26,5727.0,615.0,0.0,100,382.02,369.0,0,0.0,0.0,,0.0,1,8.09,14.96,SPY221104C00371000,371.0,normalDay
2022-10-27,5727.0,931.0,0.0,100,379.98,369.0,0,0.0,0.0,,0.0,1,8.09,9.76,SPY221104C00371000,371.0,normalDay
2022-10-28,5727.0,875.0,0.0,100,389.02,369.0,0,0.0,0.0,,0.0,1,8.09,19.36,SPY221104C00371000,371.0,normalDay
2022-10-31,5727.0,891.0,0.0,100,386.21,369.0,0,0.0,0.0,,0.0,1,8.09,16.39,SPY221104C00371000,371.0,normalDay
2022-11-01,5727.0,927.0,0.0,100,384.52,369.0,0,0.0,0.0,,0.0,1,8.09,14.34,SPY221104C00371000,371.0,normalDay
2022-11-02,5727.0,817.0,0.0,100,374.87,369.0,0,0.0,0.0,,0.0,1,8.09,5.79,SPY221104C00371000,371.0,normalDay
2022-11-03,5727.0,730.0,0.0,100,371.01,369.0,0,0.0,0.0,,0.0,1,8.09,2.8,SPY221104C00371000,371.0,normalDay
2022-11-04,6736.0,730.0,1009.0,0,376.35,0.0,0,0.0,0.0,,0.0,1,8.09,0.0,SPY221104C00371000,371.0,expirationDay
2022-11-07,6736.0,-3.0,0.0,0,379.95,0.0,1,0.37,0.4,SPY221125P00342000,342.0,0,0.0,0.0,,0.0,normalDay
2022-11-08,6736.0,-8.0,0.0,0,382.0,0.0,1,0.37,0.45,SPY221125P00342000,342.0,0,0.0,0.0,,0.0,normalDay
2022-11-09,6736.0,-26.0,0.0,0,374.13,0.0,1,0.37,0.63,SPY221125P00342000,342.0,0,0.0,0.0,,0.0,normalDay
2022-11-10,6736.0,26.0,0.0,0,394.69,0.0,1,0.37,0.11,SPY221125P00342000,342.0,0,0.0,0.0,,0.0,normalDay
2022-11-11,6736.0,28.0,0.0,0,398.51,0.0,1,0.37,0.09,SPY221125P00342000,342.0,0,0.0,0.0,,0.0,normalDay
2022-11-14,6736.0,30.0,0.0,0,395.12,0.0,1,0.37,0.07,SPY221125P00342000,342.0,0,0.0,0.0,,0.0,normalDay
2022-11-15,6736.0,30.0,0.0,0,398.49,0.0,1,0.37,0.07,SPY221125P00342000,342.0,0,0.0,0.0,,0.0,normalDay
2022-11-16,6736.0,32.0,0.0,0,395.45,0.0,1,0.37,0.05,SPY221125P00342000,342.0,0,0.0,0.0,,0.0,normalDay
2022-11-17,6736.0,32.0,0.0,0,394.24,0.0,1,0.37,0.05,SPY221125P00342000,342.0,0,0.0,0.0,,0.0,normalDay
2022-11-18,6736.0,34.0,0.0,0,396.03,0.0,1,0.37,0.03,SPY221125P00342000,342.0,0,0.0,0.0,,0.0,normalDay
2022-11-21,6736.0,36.0,0.0,0,394.59,0.0,1,0.37,0.01,SPY221125P00342000,342.0,0,0.0,0.0,,0.0,normalDay
2022-11-22,6736.0,36.0,0.0,0,399.9,0.0,1,0.37,0.01,SPY221125P00342000,342.0,0,0.0,0.0,,0.0,normalDay
2022-11-23,6736.0,36.0,0.0,0,402.42,0.0,1,0.37,0.01,SPY221125P00342000,342.0,0,0.0,0.0,,0.0,normalDay
2022-11-25,6773.0,0.0,37.0,0,402.33,0.0,1,0.37,0.0,SPY221125P00342000,342.0,0,0.0,0.0,,0.0,expirationDay
2022-11-28,6773.0,-3.0,0.0,0,395.91,0.0,1,0.5,0.53,SPY221216P00356000,356.0,0,0.0,0.0,,0.0,normalDay
2022-11-29,6773.0,2.0,0.0,0,395.23,0.0,1,0.5,0.48,SPY221216P00356000,356.0,0,0.0,0.0,,0.0,normalDay
2022-11-30,6773.0,28.0,0.0,0,407.68,0.0,1,0.5,0.22,SPY221216P00356000,356.0,0,0.0,0.0,,0.0,normalDay
2022-12-01,6773.0,33.0,0.0,0,407.38,0.0,1,0.5,0.17,SPY221216P00356000,356.0,0,0.0,0.0,,0.0,normalDay
2022-12-02,6773.0,35.0,0.0,0,406.91,0.0,1,0.5,0.15,SPY221216P00356000,356.0,0,0.0,0.0,,0.0,normalDay
2022-12-05,6773.0,30.0,0.0,0,399.59,0.0,1,0.5,0.2,SPY221216P00356000,356.0,0,0.0,0.0,,0.0,normalDay
2022-12-06,6773.0,18.0,0.0,0,393.83,0.0,1,0.5,0.32,SPY221216P00356000,356.0,0,0.0,0.0,,0.0,normalDay
2022-12-07,6773.0,22.0,0.0,0,393.16,0.0,1,0.5,0.28,SPY221216P00356000,356.0,0,0.0,0.0,,0.0,normalDay
2022-12-08,6773.0,31.0,0.0,0,396.24,0.0,1,0.5,0.19,SPY221216P00356000,356.0,0,0.0,0.0,,0.0,normalDay
2022-12-09,6773.0,32.0,0.0,0,393.28,0.0,1,0.5,0.18,SPY221216P00356000,356.0,0,0.0,0.0,,0.0,normalDay
2022-12-12,6773.0,38.0,0.0,0,398.95,0.0,1,0.5,0.12,SPY221216P00356000,356.0,0,0.0,0.0,,0.0,normalDay
2022-12-13,6773.0,45.0,0.0,0,401.97,0.0,1,0.5,0.05,SPY221216P00356000,356.0,0,0.0,0.0,,0.0,normalDay
2022-12-14,6773.0,46.0,0.0,0,399.4,0.0,1,0.5,0.04,SPY221216P00356000,356.0,0,0.0,0.0,,0.0,normalDay
2022-12-15,6773.0,47.0,0.0,0,389.63,0.0,1,0.5,0.03,SPY221216P00356000,356.0,0,0.0,0.0,,0.0,normalDay
2022-12-16,6823.0,0.0,50.0,0,383.27,0.0,1,0.5,0.0,SPY221216P00356000,356.0,0,0.0,0.0,,0.0,expirationDay
2022-12-19,6823.0,-4.0,0.0,0,380.02,0.0,1,3.69,3.73,SPY230106P00373000,373.0,0,0.0,0.0,,0.0,normalDay
2022-12-20,6823.0,57.0,0.0,0,380.54,0.0,1,3.69,3.12,SPY230106P00373000,373.0,0,0.0,0.0,,0.0,normalDay
2022-12-21,6823.0,222.0,0.0,0,386.23,0.0,1,3.69,1.47,SPY230106P00373000,373.0,0,0.0,0.0,,0.0,normalDay
2022-12-22,6823.0,80.0,0.0,0,380.72,0.0,1,3.69,2.89,SPY230106P00373000,373.0,0,0.0,0.0,,0.0,normalDay
2022-12-23,6823.0,174.0,0.0,0,382.91,0.0,1,3.69,1.95,SPY230106P00373000,373.0,0,0.0,0.0,,0.0,normalDay
2022-12-27,6823.0,191.0,0.0,0,381.4,0.0,1,3.69,1.78,SPY230106P00373000,373.0,0,0.0,0.0,,0.0,normalDay
2022-12-28,6823.0,57.0,0.0,0,376.66,0.0,1,3.69,3.12,SPY230106P00373000,373.0,0,0.0,0.0,,0.0,normalDay
2022-12-29,6823.0,260.0,0.0,0,383.44,0.0,1,3.69,1.09,SPY230106P00373000,373.0,0,0.0,0.0,,0.0,normalDay
2022-12-30,6823.0,265.0,0.0,0,382.43,0.0,1,3.69,1.04,SPY230106P00373000,373.0,0,0.0,0.0,,0.0,normalDay
2023-01-03,6823.0,259.0,0.0,0,380.82,0.0,1,3.69,1.1,SPY230106P00373000,373.0,0,0.0,0.0,,0.0,normalDay
2023-01-04,6823.0,343.0,0.0,0,383.76,0.0,1,3.69,0.26,SPY230106P00373000,373.0,0,0.0,0.0,,0.0,normalDay
2023-01-05,6823.0,313.0,0.0,0,379.38,0.0,1,3.69,0.56,SPY230106P00373000,373.0,0,0.0,0.0,,0.0,normalDay
2023-01-06,7192.0,0.0,369.0,0,388.08,0.0,1,3.69,0.0,SPY230106P00373000,373.0,0,0.0,0.0,,0.0,expirationDay
2023-01-09,7192.0,-3.0,0.0,0,387.86,0.0,1,0.78,0.81,SPY230127P00362000,362.0,0,0.0,0.0,,0.0,normalDay
2023-01-10,7192.0,33.0,0.0,0,390.58,0.0,1,0.78,0.45,SPY230127P00362000,362.0,0,0.0,0.0,,0.0,normalDay
2023-01-11,7192.0,44.0,0.0,0,395.52,0.0,1,0.78,0.34,SPY230127P00362000,362.0,0,0.0,0.0,,0.0,normalDay
2023-01-12,7192.0,61.0,0.0,0,396.96,0.0,1,0.78,0.17,SPY230127P00362000,362.0,0,0.0,0.0,,0.0,normalDay
2023-01-13,7192.0,63.0,0.0,0,398.5,0.0,1,0.78,0.15,SPY230127P00362000,362.0,0,0.0,0.0,,0.0,normalDay
2023-01-17,7192.0,69.0,0.0,0,397.77,0.0,1,0.78,0.09,SPY230127P00362000,362.0,0,0.0,0.0,,0.0,normalDay
2023-01-18,7192.0,69.0,0.0,0,391.49,0.0,1,0.78,0.09,SPY230127P00362000,362.0,0,0.0,0.0,,0.0,normalDay
2023-01-19,7192.0,69.0,0.0,0,388.64,0.0,1,0.78,0.09,SPY230127P00362000,362.0,0,0.0,0.0,,0.0,normalDay
2023-01-20,7192.0,73.0,0.0,0,395.88,0.0,1,0.78,0.05,SPY230127P00362000,362.0,0,0.0,0.0,,0.0,normalDay
2023-01-23,7192.0,75.0,0.0,0,400.63,0.0,1,0.78,0.03,SPY230127P00362000,362.0,0,0.0,0.0,,0.0,normalDay
2023-01-24,7192.0,76.0,0.0,0,400.2,0.0,1,0.78,0.02,SPY230127P00362000,362.0,0,0.0,0.0,,0.0,normalDay
2023-01-25,7192.0,76.0,0.0,0,400.35,0.0,1,0.78,0.02,SPY230127P00362000,362.0,0,0.0,0.0,,0.0,normalDay
2023-01-26,7192.0,77.0,0.0,0,404.75,0.0,1,0.78,0.01,SPY230127P00362000,362.0,0,0.0,0.0,,0.0,normalDay
2023-01-27,7270.0,0.0,78.0,0,405.68,0.0,1,0.78,0.0,SPY230127P00362000,362.0,0,0.0,0.0,,0.0,expirationDay
2023-01-30,7270.0,-3.0,0.0,0,400.59,0.0,1,0.52,0.55,SPY230217P00367000,367.0,0,0.0,0.0,,0.0,normalDay
2023-01-31,7270.0,14.0,0.0,0,406.48,0.0,1,0.52,0.38,SPY230217P00367000,367.0,0,0.0,0.0,,0.0,normalDay
2023-02-01,7270.0,29.0,0.0,0,410.8,0.0,1,0.52,0.23,SPY230217P00367000,367.0,0,0.0,0.0,,0.0,normalDay
2023-02-02,7270.0,30.0,0.0,0,416.78,0.0,1,0.52,0.22,SPY230217P00367000,367.0,0,0.0,0.0,,0.0,normalDay
2023-02-03,7270.0,35.0,0.0,0,412.35,0.0,1,0.52,0.17,SPY230217P00367000,367.0,0,0.0,0.0,,0.0,normalDay
2023-02-06,7270.0,37.0,0.0,0,409.83,0.0,1,0.52,0.15,SPY230217P00367000,367.0,0,0.0,0.0,,0.0,normalDay
2023-02-07,7270.0,43.0,0.0,0,415.19,0.0,1,0.52,0.09,SPY230217P00367000,367.0,0,0.0,0.0,,0.0,normalDay
2023-02-08,7270.0,43.0,0.0,0,410.65,0.0,1,0.52,0.09,SPY230217P00367000,367.0,0,0.0,0.0,,0.0,normalDay
2023-02-09,7270.0,40.0,0.0,0,407.09,0.0,1,0.52,0.12,SPY230217P00367000,367.0,0,0.0,0.0,,0.0,normalDay
2023-02-10,7270.0,44.0,0.0,0,408.04,0.0,1,0.52,0.08,SPY230217P00367000,367.0,0,0.0,0.0,,0.0,normalDay
2023-02-13,7270.0,47.0,0.0,0,412.83,0.0,1,0.52,0.05,SPY230217P00367000,367.0,0,0.0,0.0,,0.0,normalDay
2023-02-14,7270.0,49.0,0.0,0,412.64,0.0,1,0.52,0.03,SPY230217P00367000,367.0,0,0.0,0.0,,0.0,normalDay
2023-02-15,7270.0,50.0,0.0,0,413.98,0.0,1,0.52,0.02,SPY230217P00367000,367.0,0,0.0,0.0,,0.0,normalDay
2023-02-16,7270.0,48.0,0.0,0,408.28,0.0,1,0.52,0.04,SPY230217P00367000,367.0,0,0.0,0.0,,0.0,normalDay
2023-02-17,7322.0,0.0,52.0,0,407.26,0.0,1,0.52,0.0,SPY230217P00367000,367.0,0,0.0,0.0,,0.0,expirationDay
2023-02-21,7322.0,-4.0,0.0,0,399.09,0.0,1,3.76,3.8,SPY230310P00391000,391.0,0,0.0,0.0,,0.0,normalDay
2023-02-22,7322.0,22.0,0.0,0,398.54,0.0,1,3.76,3.54,SPY230310P00391000,391.0,0,0.0,0.0,,0.0,normalDay
2023-02-23,7322.0,111.0,0.0,0,400.66,0.0,1,3.76,2.65,SPY230310P00391000,391.0,0,0.0,0.0,,0.0,normalDay
2023-02-24,7322.0,11.0,0.0,0,396.38,0.0,1,3.76,3.65,SPY230310P00391000,391.0,0,0.0,0.0,,0.0,normalDay
2023-02-27,7322.0,123.0,0.0,0,397.73,0.0,1,3.76,2.53,SPY230310P00391000,391.0,0,0.0,0.0,,0.0,normalDay
2023-02-28,7322.0,90.0,0.0,0,396.26,0.0,1,3.76,2.86,SPY230310P00391000,391.0,0,0.0,0.0,,0.0,normalDay
2023-03-01,7322.0,67.0,0.0,0,394.74,0.0,1,3.76,3.09,SPY230310P00391000,391.0,0,0.0,0.0,,0.0,normalDay
2023-03-02,7322.0,195.0,0.0,0,397.81,0.0,1,3.76,1.81,SPY230310P00391000,391.0,0,0.0,0.0,,0.0,normalDay
2023-03-03,7322.0,324.0,0.0,0,404.19,0.0,1,3.76,0.52,SPY230310P00391000,391.0,0,0.0,0.0,,0.0,normalDay
2023-03-06,7322.0,343.0,0.0,0,404.47,0.0,1,3.76,0.33,SPY230310P00391000,391.0,0,0.0,0.0,,0.0,normalDay
2023-03-07,7322.0,297.0,0.0,0,398.27,0.0,1,3.76,0.79,SPY230310P00391000,391.0,0,0.0,0.0,,0.0,normalDay
2023-03-08,7322.0,329.0,0.0,0,398.92,0.0,1,3.76,0.47,SPY230310P00391000,391.0,0,0.0,0.0,,0.0,normalDay
2023-03-09,7322.0,113.0,0.0,0,391.56,0.0,1,3.76,2.63,SPY230310P00391000,391.0,0,0.0,0.0,,0.0,normalDay
2023-03-10,7698.0,-509.0,376.0,100,385.91,391.0,1,3.76,0.0,SPY230310P00391000,391.0,0,0.0,0.0,,0.0,expirationDay
2023-03-13,7698.0,-568.0,0.0,100,385.36,391.0,0,0.0,0.0,,0.0,1,1.51,1.55,SPY230331C00404000,404.0,normalDay
2023-03-14,7698.0,37.0,0.0,100,391.73,391.0,0,0.0,0.0,,0.0,1,1.51,1.87,SPY230331C00404000,404.0,normalDay
2023-03-15,7698.0,-166.0,0.0,100,389.28,391.0,0,0.0,0.0,,0.0,1,1.51,1.45,SPY230331C00404000,404.0,normalDay
2023-03-16,7698.0,405.0,0.0,100,396.11,391.0,0,0.0,0.0,,0.0,1,1.51,2.57,SPY230331C00404000,404.0,normalDay
2023-03-17,7698.0,-124.0,0.0,100,389.99,391.0,0,0.0,0.0,,0.0,1,1.51,1.74,SPY230331C00404000,404.0,normalDay
2023-03-20,7698.0,231.0,0.0,100,393.74,391.0,0,0.0,0.0,,0.0,1,1.51,1.94,SPY230331C00404000,404.0,normalDay
2023-03-21,7698.0,621.0,0.0,100,398.91,391.0,0,0.0,0.0,,0.0,1,1.51,3.21,SPY230331C00404000,404.0,normalDay
2023-03-22,7698.0,164.0,0.0,100,392.11,391.0,0,0.0,0.0,,0.0,1,1.51,0.98,SPY230331C00404000,404.0,normalDay
2023-03-23,7698.0,284.0,0.0,100,393.17,391.0,0,0.0,0.0,,0.0,1,1.51,0.84,SPY230331C00404000,404.0,normalDay
2023-03-24,7698.0,533.0,0.0,100,395.75,391.0,0,0.0,0.0,,0.0,1,1.51,0.93,SPY230331C00404000,404.0,normalDay
2023-03-27,7698.0,638.0,0.0,100,396.49,391.0,0,0.0,0.0,,0.0,1,1.51,0.62,SPY230331C00404000,404.0,normalDay
2023-03-28,7698.0,583.0,0.0,100,395.6,391.0,0,0.0,0.0,,0.0,1,1.51,0.28,SPY230331C00404000,404.0,normalDay
2023-03-29,7698.0,1098.0,0.0,100,401.35,391.0,0,0.0,0.0,,0.0,1,1.51,0.88,SPY230331C00404000,404.0,normalDay
2023-03-30,7698.0,1299.0,0.0,100,403.7,391.0,0,0.0,0.0,,0.0,1,1.51,1.22,SPY230331C00404000,404.0,normalDay
2023-03-31,9149.0,1299.0,1451.0,0,409.39,0.0,0,0.0,0.0,,0.0,1,1.51,0.0,SPY230331C00404000,404.0,expirationDay
2023-04-03,9149.0,-3.0,0.0,0,410.95,0.0,1,0.32,0.35,SPY230421P00374000,374.0,0,0.0,0.0,,0.0,normalDay
2023-04-04,9149.0,-3.0,0.0,0,408.67,0.0,1,0.32,0.35,SPY230421P00374000,374.0,0,0.0,0.0,,0.0,normalDay
2023-04-05,9149.0,1.0,0.0,0,407.6,0.0,1,0.32,0.31,SPY230421P00374000,374.0,0,0.0,0.0,,0.0,normalDay
2023-04-06,9149.0,11.0,0.0,0,409.19,0.0,1,0.32,0.21,SPY230421P00374000,374.0,0,0.0,0.0,,0.0,normalDay
2023-04-10,9149.0,17.0,0.0,0,409.61,0.0,1,0.32,0.15,SPY230421P00374000,374.0,0,0.0,0.0,,0.0,normalDay
2023-04-11,9149.0,18.0,0.0,0,409.72,0.0,1,0.32,0.14,SPY230421P00374000,374.0,0,0.0,0.0,,0.0,normalDay
2023-04-12,9149.0,19.0,0.0,0,408.05,0.0,1,0.32,0.13,SPY230421P00374000,374.0,0,0.0,0.0,,0.0,normalDay
2023-04-13,9149.0,25.0,0.0,0,413.47,0.0,1,0.32,0.07,SPY230421P00374000,374.0,0,0.0,0.0,,0.0,normalDay
2023-04-14,9149.0,27.0,0.0,0,412.46,0.0,1,0.32,0.05,SPY230421P00374000,374.0,0,0.0,0.0,,0.0,normalDay
2023-04-17,9149.0,29.0,0.0,0,413.94,0.0,1,0.32,0.03,SPY230421P00374000,374.0,0,0.0,0.0,,0.0,normalDay
2023-04-18,9149.0,29.0,0.0,0,414.21,0.0,1,0.32,0.03,SPY230421P00374000,374.0,0,0.0,0.0,,0.0,normalDay
2023-04-19,9149.0,29.0,0.0,0,414.14,0.0,1,0.32,0.03,SPY230421P00374000,374.0,0,0.0,0.0,,0.0,normalDay
2023-04-20,9149.0,31.0,0.0,0,411.88,0.0,1,0.32,0.01,SPY230421P00374000,374.0,0,0.0,0.0,,0.0,normalDay
2023-04-21,9181.0,0.0,32.0,0,412.2,0.0,1,0.32,0.0,SPY230421P00374000,374.0,0,0.0,0.0,,0.0,expirationDay
2023-04-24,9181.0,-3.0,0.0,0,412.63,0.0,1,0.94,0.97,SPY230512P00391000,391.0,0,0.0,0.0,,0.0,normalDay
2023-04-25,9181.0,-85.0,0.0,0,406.08,0.0,1,0.94,1.79,SPY230512P00391000,391.0,0,0.0,0.0,,0.0,normalDay
2023-04-26,9181.0,-115.0,0.0,0,404.36,0.0,1,0.94,2.09,SPY230512P00391000,391.0,0,0.0,0.0,,0.0,normalDay
2023-04-27,9181.0,27.0,0.0,0,412.41,0.0,1,0.94,0.67,SPY230512P00391000,391.0,0,0.0,0.0,,0.0,normalDay
2023-04-28,9181.0,56.0,0.0,0,415.93,0.0,1,0.94,0.38,SPY230512P00391000,391.0,0,0.0,0.0,,0.0,normalDay
2023-05-01,9181.0,63.0,0.0,0,415.51,0.0,1,0.94,0.31,SPY230512P00391000,391.0,0,0.0,0.0,,0.0,normalDay
2023-05-02,9181.0,35.0,0.0,0,410.84,0.0,1,0.94,0.59,SPY230512P00391000,391.0,0,0.0,0.0,,0.0,normalDay
2023-05-03,9181.0,28.0,0.0,0,408.02,0.0,1,0.94,0.66,SPY230512P00391000,391.0,0,0.0,0.0,,0.0,normalDay
2023-05-04,9181.0,-8.0,0.0,0,405.13,0.0,1,0.94,1.02,SPY230512P00391000,391.0,0,0.0,0.0,,0.0,normalDay
2023-05-05,9181.0,78.0,0.0,0,412.63,0.0,1,0.94,0.16,SPY230512P00391000,391.0,0,0.0,0.0,,0.0,normalDay
2023-05-08,9181.0,88.0,0.0,0,412.74,0.0,1,0.94,0.06,SPY230512P00391000,391.0,0,0.0,0.0,,0.0,normalDay
2023-05-09,9181.0,89.0,0.0,0,410.93,0.0,1,0.94,0.05,SPY230512P00391000,391.0,0,0.0,0.0,,0.0,normalDay
2023-05-10,9181.0,90.0,0.0,0,412.85,0.0,1,0.94,0.04,SPY230512P00391000,391.0,0,0.0,0.0,,0.0,normalDay
2023-05-11,9181.0,92.0,0.0,0,412.13,0.0,1,0.94,0.02,SPY230512P00391000,391.0,0,0.0,0.0,,0.0,normalDay
2023-05-12,9275.0,0.0,94.0,0,411.59,0.0,1,0.94,0.0,SPY230512P00391000,391.0,0,0.0,0.0,,0.0,expirationDay
2023-05-15,9275.0,-3.0,0.0,0,413.01,0.0,1,1.71,1.74,SPY230602P00401000,401.0,0,0.0,0.0,,0.0,normalDay
2023-05-16,9275.0,-62.0,0.0,0,410.25,0.0,1,1.71,2.33,SPY230602P00401000,401.0,0,0.0,0.0,,0.0,normalDay
2023-05-17,9275.0,44.0,0.0,0,415.23,0.0,1,1.71,1.27,SPY230602P00401000,401.0,0,0.0,0.0,,0.0,normalDay
2023-05-18,9275.0,100.0,0.0,0,419.23,0.0,1,1.71,0.71,SPY230602P00401000,401.0,0,0.0,0.0,,0.0,normalDay
2023-05-19,9275.0,98.0,0.0,0,418.62,0.0,1,1.71,0.73,SPY230602P00401000,401.0,0,0.0,0.0,,0.0,normalDay
2023-05-22,9275.0,109.0,0.0,0,418.79,0.0,1,1.71,0.62,SPY230602P00401000,401.0,0,0.0,0.0,,0.0,normalDay
2023-05-23,9275.0,62.0,0.0,0,414.09,0.0,1,1.71,1.09,SPY230602P00401000,401.0,0,0.0,0.0,,0.0,normalDay
2023-05-24,9275.0,18.0,0.0,0,411.09,0.0,1,1.71,1.53,SPY230602P00401000,401.0,0,0.0,0.0,,0.0,normalDay
2023-05-25,9275.0,90.0,0.0,0,414.65,0.0,1,1.71,0.81,SPY230602P00401000,401.0,0,0.0,0.0,,0.0,normalDay
2023-05-26,9275.0,131.0,0.0,0,420.02,0.0,1,1.71,0.4,SPY230602P00401000,401.0,0,0.0,0.0,,0.0,normalDay
2023-05-30,9275.0,162.0,0.0,0,420.18,0.0,1,1.71,0.09,SPY230602P00401000,401.0,0,0.0,0.0,,0.0,normalDay
2023-05-31,9275.0,164.0,0.0,0,417.85,0.0,1,1.71,0.07,SPY230602P00401000,401.0,0,0.0,0.0,,0.0,normalDay
2023-06-01,9275.0,168.0,0.0,0,421.82,0.0,1,1.71,0.03,SPY230602P00401000,401.0,0,0.0,0.0,,0.0,normalDay
2023-06-02,9446.0,0.0,171.0,0,427.92,0.0,1,1.71,0.0,SPY230602P00401000,401.0,0,0.0,0.0,,0.0,expirationDay
2023-06-05,9446.0,-3.0,0.0,0,427.1,0.0,1,0.42,0.45,SPY230623P00399000,399.0,0,0.0,0.0,,0.0,normalDay
2023-06-06,9446.0,7.0,0.0,0,428.03,0.0,1,0.42,0.35,SPY230623P00399000,399.0,0,0.0,0.0,,0.0,normalDay
2023-06-07,9446.0,6.0,0.0,0,426.55,0.0,1,0.42,0.36,SPY230623P00399000,399.0,0,0.0,0.0,,0.0,normalDay
2023-06-08,9446.0,15.0,0.0,0,429.13,0.0,1,0.42,0.27,SPY230623P00399000,399.0,0,0.0,0.0,,0.0,normalDay
2023-06-09,9446.0,18.0,0.0,0,429.9,0.0,1,0.42,0.24,SPY230623P00399000,399.0,0,0.0,0.0,,0.0,normalDay
2023-06-12,9446.0,24.0,0.0,0,433.8,0.0,1,0.42,0.18,SPY230623P00399000,399.0,0,0.0,0.0,,0.0,normalDay
2023-06-13,9446.0,27.0,0.0,0,436.66,0.0,1,0.42,0.15,SPY230623P00399000,399.0,0,0.0,0.0,,0.0,normalDay
2023-06-14,9446.0,33.0,0.0,0,437.18,0.0,1,0.42,0.09,SPY230623P00399000,399.0,0,0.0,0.0,,0.0,normalDay
2023-06-15,9446.0,33.0,0.0,0,442.6,0.0,1,0.42,0.09,SPY230623P00399000,399.0,0,0.0,0.0,,0.0,normalDay
2023-06-16,9446.0,39.0,0.0,0,439.46,0.0,1,0.42,0.03,SPY230623P00399000,399.0,0,0.0,0.0,,0.0,normalDay
2023-06-20,9446.0,40.0,0.0,0,437.18,0.0,1,0.42,0.02,SPY230623P00399000,399.0,0,0.0,0.0,,0.0,normalDay
2023-06-21,9446.0,40.0,0.0,0,434.94,0.0,1,0.42,0.02,SPY230623P00399000,399.0,0,0.0,0.0,,0.0,normalDay
2023-06-22,9446.0,41.0,0.0,0,436.51,0.0,1,0.42,0.01,SPY230623P00399000,399.0,0,0.0,0.0,,0.0,normalDay
2023-06-23,9488.0,0.0,42.0,0,433.21,0.0,1,0.42,0.0,SPY230623P00399000,399.0,0,0.0,0.0,,0.0,expirationDay
2023-06-26,9488.0,-3.0,0.0,0,431.44,0.0,1,0.48,0.51,SPY230714P00408000,408.0,0,0.0,0.0,,0.0,normalDay
2023-06-27,9488.0,17.0,0.0,0,436.17,0.0,1,0.48,0.31,SPY230714P00408000,408.0,0,0.0,0.0,,0.0,normalDay
2023-06-28,9488.0,26.0,0.0,0,436.39,0.0,1,0.48,0.22,SPY230714P00408000,408.0,0,0.0,0.0,,0.0,normalDay
2023-06-29,9488.0,29.0,0.0,0,438.11,0.0,1,0.48,0.19,SPY230714P00408000,408.0,0,0.0,0.0,,0.0,normalDay
2023-06-30,9488.0,32.0,0.0,0,443.28,0.0,1,0.48,0.16,SPY230714P00408000,408.0,0,0.0,0.0,,0.0,normalDay
2023-07-03,9488.0,36.0,0.0,0,443.79,0.0,1,0.48,0.12,SPY230714P00408000,408.0,0,0.0,0.0,,0.0,normalDay
2023-07-05,9488.0,38.0,0.0,0,443.13,0.0,1,0.48,0.1,SPY230714P00408000,408.0,0,0.0,0.0,,0.0,normalDay
2023-07-06,9488.0,37.0,0.0,0,439.66,0.0,1,0.48,0.11,SPY230714P00408000,408.0,0,0.0,0.0,,0.0,normalDay
2023-07-07,9488.0,42.0,0.0,0,438.55,0.0,1,0.48,0.06,SPY230714P00408000,408.0,0,0.0,0.0,,0.0,normalDay
2023-07-10,9488.0,45.0,0.0,0,439.66,0.0,1,0.48,0.03,SPY230714P00408000,408.0,0,0.0,0.0,,0.0,normalDay
2023-07-11,9488.0,45.0,0.0,0,442.46,0.0,1,0.48,0.03,SPY230714P00408000,408.0,0,0.0,0.0,,0.0,normalDay
2023-07-12,9488.0,46.0,0.0,0,446.02,0.0,1,0.48,0.02,SPY230714P00408000,408.0,0,0.0,0.0,,0.0,normalDay
2023-07-13,9488.0,47.0,0.0,0,449.56,0.0,1,0.48,0.01,SPY230714P00408000,408.0,0,0.0,0.0,,0.0,normalDay
2023-07-14,9536.0,0.0,48.0,0,449.28,0.0,1,0.48,0.0,SPY230714P00408000,408.0,0,0.0,0.0,,0.0,expirationDay
2023-07-17,9536.0,-3.0,0.0,0,450.84,0.0,1,0.31,0.34,SPY230804P00422500,422.5,0,0.0,0.0,,0.0,normalDay
2023-07-18,9536.0,5.0,0.0,0,454.19,0.0,1,0.31,0.26,SPY230804P00422500,422.5,0,0.0,0.0,,0.0,normalDay
2023-07-19,9536.0,6.0,0.0,0,455.2,0.0,1,0.31,0.25,SPY230804P00422500,422.5,0,0.0,0.0,,0.0,normalDay
2023-07-20,9536.0,2.0,0.0,0,452.18,0.0,1,0.31,0.29,SPY230804P00422500,422.5,0,0.0,0.0,,0.0,normalDay
2023-07-21,9536.0,10.0,0.0,0,452.18,0.0,1,0.31,0.21,SPY230804P00422500,422.5,0,0.0,0.0,,0.0,normalDay
2023-07-24,9536.0,16.0,0.0,0,454.2,0.0,1,0.31,0.15,SPY230804P00422500,422.5,0,0.0,0.0,,0.0,normalDay
2023-07-25,9536.0,18.0,0.0,0,455.44,0.0,1,0.31,0.13,SPY230804P00422500,422.5,0,0.0,0.0,,0.0,normalDay
2023-07-26,9536.0,23.0,0.0,0,455.51,0.0,1,0.31,0.08,SPY230804P00422500,422.5,0,0.0,0.0,,0.0,normalDay
2023-07-27,9536.0,17.0,0.0,0,452.49,0.0,1,0.31,0.14,SPY230804P00422500,422.5,0,0.0,0.0,,0.0,normalDay
2023-07-28,9536.0,27.0,0.0,0,456.92,0.0,1,0.31,0.04,SPY230804P00422500,422.5,0,0.0,0.0,,0.0,normalDay
2023-07-31,9536.0,27.0,0.0,0,457.79,0.0,1,0.31,0.04,SPY230804P00422500,422.5,0,0.0,0.0,,0.0,normalDay
2023-08-01,9536.0,28.0,0.0,0,456.48,0.0,1,0.31,0.03,SPY230804P00422500,422.5,0,0.0,0.0,,0.0,normalDay
2023-08-02,9536.0,26.0,0.0,0,450.13,0.0,1,0.31,0.05,SPY230804P00422500,422.5,0,0.0,0.0,,0.0,normalDay
2023-08-03,9536.0,29.0,0.0,0,448.84,0.0,1,0.31,0.02,SPY230804P00422500,422.5,0,0.0,0.0,,0.0,normalDay
2023-08-04,9567.0,0.0,31.0,0,446.81,0.0,1,0.31,0.0,SPY230804P00422500,422.5,0,0.0,0.0,,0.0,expirationDay
2023-08-07,9567.0,-4.0,0.0,0,450.71,0.0,1,1.77,1.81,SPY230825P00439000,439.0,0,0.0,0.0,,0.0,normalDay
2023-08-08,9567.0,-35.0,0.0,0,448.75,0.0,1,1.77,2.12,SPY230825P00439000,439.0,0,0.0,0.0,,0.0,normalDay
2023-08-09,9567.0,-85.0,0.0,0,445.75,0.0,1,1.77,2.62,SPY230825P00439000,439.0,0,0.0,0.0,,0.0,normalDay
2023-08-10,9567.0,-80.0,0.0,0,445.91,0.0,1,1.77,2.57,SPY230825P00439000,439.0,0,0.0,0.0,,0.0,normalDay
2023-08-11,9567.0,-34.0,0.0,0,445.65,0.0,1,1.77,2.11,SPY230825P00439000,439.0,0,0.0,0.0,,0.0,normalDay
2023-08-14,9567.0,45.0,0.0,0,448.11,0.0,1,1.77,1.32,SPY230825P00439000,439.0,0,0.0,0.0,,0.0,normalDay
2023-08-15,9567.0,-95.0,0.0,0,442.89,0.0,1,1.77,2.72,SPY230825P00439000,439.0,0,0.0,0.0,,0.0,normalDay
2023-08-16,9567.0,-180.0,0.0,0,439.64,0.0,1,1.77,3.57,SPY230825P00439000,439.0,0,0.0,0.0,,0.0,normalDay
2023-08-17,9567.0,-359.0,0.0,0,436.29,0.0,1,1.77,5.36,SPY230825P00439000,439.0,0,0.0,0.0,,0.0,normalDay
2023-08-18,9567.0,-299.0,0.0,0,436.5,0.0,1,1.77,4.76,SPY230825P00439000,439.0,0,0.0,0.0,,0.0,normalDay
2023-08-21,9567.0,-121.0,0.0,0,439.34,0.0,1,1.77,2.98,SPY230825P00439000,439.0,0,0.0,0.0,,0.0,normalDay
2023-08-22,9567.0,-135.0,0.0,0,438.15,0.0,1,1.77,3.12,SPY230825P00439000,439.0,0,0.0,0.0,,0.0,normalDay
2023-08-23,9567.0,77.0,0.0,0,443.03,0.0,1,1.77,1.0,SPY230825P00439000,439.0,0,0.0,0.0,,0.0,normalDay
2023-08-24,9567.0,-126.0,0.0,0,436.89,0.0,1,1.77,3.03,SPY230825P00439000,439.0,0,0.0,0.0,,0.0,normalDay
2023-08-25,9744.0,0.0,177.0,0,439.97,0.0,1,1.77,0.0,SPY230825P00439000,439.0,0,0.0,0.0,,0.0,expirationDay
2023-08-28,9744.0,-3.0,0.0,0,442.76,0.0,1,1.08,1.11,SPY230915P00426000,426.0,0,0.0,0.0,,0.0,normalDay
2023-08-29,9744.0,51.0,0.0,0,449.16,0.0,1,1.08,0.57,SPY230915P00426000,426.0,0,0.0,0.0,,0.0,normalDay
2023-08-30,9744.0,67.0,0.0,0,451.01,0.0,1,1.08,0.41,SPY230915P00426000,426.0,0,0.0,0.0,,0.0,normalDay
2023-08-31,9744.0,75.0,0.0,0,450.35,0.0,1,1.08,0.33,SPY230915P00426000,426.0,0,0.0,0.0,,0.0,normalDay
2023-09-01,9744.0,82.0,0.0,0,451.19,0.0,1,1.08,0.26,SPY230915P00426000,426.0,0,0.0,0.0,,0.0,normalDay
2023-09-05,9744.0,82.0,0.0,0,449.24,0.0,1,1.08,0.26,SPY230915P00426000,426.0,0,0.0,0.0,,0.0,normalDay
2023-09-06,9744.0,78.0,0.0,0,446.22,0.0,1,1.08,0.3,SPY230915P00426000,426.0,0,0.0,0.0,,0.0,normalDay
2023-09-07,9744.0,84.0,0.0,0,444.85,0.0,1,1.08,0.24,SPY230915P00426000,426.0,0,0.0,0.0,,0.0,normalDay
2023-09-08,9744.0,94.0,0.0,0,445.52,0.0,1,1.08,0.14,SPY230915P00426000,426.0,0,0.0,0.0,,0.0,normalDay
2023-09-11,9744.0,101.0,0.0,0,448.45,0.0,1,1.08,0.07,SPY230915P00426000,426.0,0,0.0,0.0,,0.0,normalDay
2023-09-12,9744.0,100.0,0.0,0,445.99,0.0,1,1.08,0.08,SPY230915P00426000,426.0,0,0.0,0.0,,0.0,normalDay
2023-09-13,9744.0,104.0,0.0,0,446.51,0.0,1,1.08,0.04,SPY230915P00426000,426.0,0,0.0,0.0,,0.0,normalDay
2023-09-14,9744.0,105.0,0.0,0,450.36,0.0,1,1.08,0.03,SPY230915P00426000,426.0,0,0.0,0.0,,0.0,normalDay
2023-09-15,9852.0,0.0,108.0,0,443.37,0.0,1,1.08,0.0,SPY230915P00426000,426.0,0,0.0,0.0,,0.0,expirationDay
2023-09-18,9852.0,-4.0,0.0,0,443.63,0.0,1,1.24,1.28,SPY231006P00431000,431.0,0,0.0,0.0,,0.0,normalDay
2023-09-19,9852.0,-12.0,0.0,0,442.71,0.0,1,1.24,1.36,SPY231006P00431000,431.0,0,0.0,0.0,,0.0,normalDay
2023-09-20,9852.0,-95.0,0.0,0,438.64,0.0,1,1.24,2.19,SPY231006P00431000,431.0,0,0.0,0.0,,0.0,normalDay
2023-09-21,9852.0,-365.0,0.0,0,431.39,0.0,1,1.24,4.89,SPY231006P00431000,431.0,0,0.0,0.0,,0.0,normalDay
2023-09-22,9852.0,-372.0,0.0,0,430.42,0.0,1,1.24,4.96,SPY231006P00431000,431.0,0,0.0,0.0,,0.0,normalDay
2023-09-25,9852.0,-257.0,0.0,0,432.23,0.0,1,1.24,3.81,SPY231006P00431000,431.0,0,0.0,0.0,,0.0,normalDay
2023-09-26,9852.0,-584.0,0.0,0,425.88,0.0,1,1.24,7.08,SPY231006P00431000,431.0,0,0.0,0.0,,0.0,normalDay
2023-09-27,9852.0,-549.0,0.0,0,426.05,0.0,1,1.24,6.73,SPY231006P00431000,431.0,0,0.0,0.0,,0.0,normalDay
2023-09-28,9852.0,-394.0,0.0,0,428.52,0.0,1,1.24,5.18,SPY231006P00431000,431.0,0,0.0,0.0,,0.0,normalDay
2023-09-29,9852.0,-402.0,0.0,0,427.48,0.0,1,1.24,5.26,SPY231006P00431000,431.0,0,0.0,0.0,,0.0,normalDay
2023-10-02,9852.0,-362.0,0.0,0,427.31,0.0,1,1.24,4.86,SPY231006P00431000,431.0,0,0.0,0.0,,0.0,normalDay
2023-10-03,9852.0,-802.0,0.0,0,421.59,0.0,1,1.24,9.26,SPY231006P00431000,431.0,0,0.0,0.0,,0.0,normalDay
2023-10-04,9852.0,-542.0,0.0,0,424.66,0.0,1,1.24,6.66,SPY231006P00431000,431.0,0,0.0,0.0,,0.0,normalDay
2023-10-05,9852.0,-571.0,0.0,0,424.5,0.0,1,1.24,6.95,SPY231006P00431000,431.0,0,0.0,0.0,,0.0,normalDay
2023-10-06,9976.0,-146.0,124.0,100,429.54,431.0,1,1.24,0.0,SPY231006P00431000,431.0,0,0.0,0.0,,0.0,expirationDay
2023-10-09,9976.0,125.0,0.0,100,432.29,431.0,0,0.0,0.0,,0.0,1,3.75,3.79,SPY231027C00438000,438.0,normalDay
2023-10-10,9976.0,304.0,0.0,100,434.54,431.0,0,0.0,0.0,,0.0,1,3.75,4.25,SPY231027C00438000,438.0,normalDay
2023-10-11,9976.0,413.0,0.0,100,436.32,431.0,0,0.0,0.0,,0.0,1,3.75,4.94,SPY231027C00438000,438.0,normalDay
2023-10-12,9976.0,310.0,0.0,100,433.66,431.0,0,0.0,0.0,,0.0,1,3.75,3.31,SPY231027C00438000,438.0,normalDay
2023-10-13,9976.0,184.0,0.0,100,431.5,431.0,0,0.0,0.0,,0.0,1,3.75,2.41,SPY231027C00438000,438.0,normalDay
2023-10-16,9976.0,492.0,0.0,100,436.04,431.0,0,0.0,0.0,,0.0,1,3.75,3.87,SPY231027C00438000,438.0,normalDay
2023-10-17,9976.0,518.0,0.0,100,436.02,431.0,0,0.0,0.0,,0.0,1,3.75,3.59,SPY231027C00438000,438.0,normalDay
2023-10-18,9976.0,133.0,0.0,100,430.21,431.0,0,0.0,0.0,,0.0,1,3.75,1.63,SPY231027C00438000,438.0,normalDay
2023-10-19,9976.0,-148.0,0.0,100,426.43,431.0,0,0.0,0.0,,0.0,1,3.75,0.66,SPY231027C00438000,438.0,normalDay
2023-10-20,9976.0,-618.0,0.0,100,421.19,431.0,0,0.0,0.0,,0.0,1,3.75,0.12,SPY231027C00438000,438.0,normalDay
2023-10-23,9976.0,-683.0,0.0,100,420.46,431.0,0,0.0,0.0,,0.0,1,3.75,0.04,SPY231027C00438000,438.0,normalDay
2023-10-24,9976.0,-366.0,0.0,100,423.63,431.0,0,0.0,0.0,,0.0,1,3.75,0.04,SPY231027C00438000,438.0,normalDay
2023-10-25,9976.0,-972.0,0.0,100,417.55,431.0,0,0.0,0.0,,0.0,1,3.75,0.02,SPY231027C00438000,438.0,normalDay
2023-10-26,9976.0,-1471.0,0.0,100,412.55,431.0,0,0.0,0.0,,0.0,1,3.75,0.01,SPY231027C00438000,438.0,normalDay
2023-10-27,10351.0,-2032.0,375.0,100,410.68,431.0,0,0.0,0.0,,0.0,1,3.75,0.0,SPY231027C00438000,438.0,expirationDay
2023-10-30,10351.0,-1544.0,0.0,100,415.59,431.0,0,0.0,0.0,,0.0,1,1.5,1.53,SPY231117C00430000,430.0,normalDay
2023-10-31,10351.0,-1295.0,0.0,100,418.2,431.0,0,0.0,0.0,,0.0,1,1.5,1.65,SPY231117C00430000,430.0,normalDay
2023-11-01,10351.0,-943.0,0.0,100,422.66,431.0,0,0.0,0.0,,0.0,1,1.5,2.59,SPY231117C00430000,430.0,normalDay
2023-11-02,10351.0,-437.0,0.0,100,430.76,431.0,0,0.0,0.0,,0.0,1,1.5,5.63,SPY231117C00430000,430.0,normalDay
2023-11-03,10351.0,-300.0,0.0,100,434.69,431.0,0,0.0,0.0,,0.0,1,1.5,8.19,SPY231117C00430000,430.0,normalDay
2023-11-06,10351.0,-188.0,0.0,100,435.69,431.0,0,0.0,0.0,,0.0,1,1.5,8.07,SPY231117C00430000,430.0,normalDay
2023-11-07,10351.0,-158.0,0.0,100,436.93,431.0,0,0.0,0.0,,0.0,1,1.5,9.01,SPY231117C00430000,430.0,normalDay
2023-11-08,10351.0,-107.0,0.0,100,437.25,431.0,0,0.0,0.0,,0.0,1,1.5,8.82,SPY231117C00430000,430.0,normalDay
2023-11-09,10351.0,-199.0,0.0,100,433.84,431.0,0,0.0,0.0,,0.0,1,1.5,6.33,SPY231117C00430000,430.0,normalDay
2023-11-10,10351.0,-59.0,0.0,100,440.61,431.0,0,0.0,0.0,,0.0,1,1.5,11.7,SPY231117C00430000,430.0,normalDay
2023-11-13,10351.0,-42.0,0.0,100,440.19,431.0,0,0.0,0.0,,0.0,1,1.5,11.11,SPY231117C00430000,430.0,normalDay
2023-11-14,10351.0,-30.0,0.0,100,448.73,431.0,0,0.0,0.0,,0.0,1,1.5,19.53,SPY231117C00430000,430.0,normalDay
2023-11-15,10351.0,54.0,0.0,100,449.68,431.0,0,0.0,0.0,,0.0,1,1.5,19.64,SPY231117C00430000,430.0,normalDay
2023-11-16,10351.0,28.0,0.0,100,450.23,431.0,0,0.0,0.0,,0.0,1,1.5,20.45,SPY231117C00430000,430.0,normalDay
2023-11-17,10401.0,28.0,50.0,0,450.79,0.0,0,0.0,0.0,,0.0,1,1.5,0.0,SPY231117C00430000,430.0,expirationDay
2023-11-20,10401.0,-3.0,0.0,0,454.26,0.0,1,0.06,0.09,SPY231208P00388000,388.0,0,0.0,0.0,,0.0,normalDay
2023-11-21,10401.0,-3.0,0.0,0,453.27,0.0,1,0.06,0.09,SPY231208P00388000,388.0,0,0.0,0.0,,0.0,normalDay
2023-11-22,10401.0,-1.0,0.0,0,455.02,0.0,1,0.06,0.07,SPY231208P00388000,388.0,0,0.0,0.0,,0.0,normalDay
2023-11-24,10401.0,1.0,0.0,0,455.3,0.0,1,0.06,0.05,SPY231208P00388000,388.0,0,0.0,0.0,,0.0,normalDay
2023-11-27,10401.0,2.0,0.0,0,454.48,0.0,1,0.06,0.04,SPY231208P00388000,388.0,0,0.0,0.0,,0.0,normalDay
2023-11-28,10401.0,2.0,0.0,0,454.93,0.0,1,0.06,0.04,SPY231208P00388000,388.0,0,0.0,0.0,,0.0,normalDay
2023-11-29,10401.0,3.0,0.0,0,454.61,0.0,1,0.06,0.03,SPY231208P00388000,388.0,0,0.0,0.0,,0.0,normalDay
2023-11-30,10401.0,3.0,0.0,0,456.4,0.0,1,0.06,0.03,SPY231208P00388000,388.0,0,0.0,0.0,,0.0,normalDay
