date,totalCapital,unrializedPnL,rializedPnL,stocksOwned,stocksPriceToday,stocksPriceBoughtAt,putOwned,putOwnedSoldAt,putPriceToday,putOwnedContract,putOwnedStrike,callOwned,callOwnedSoldAt,callPriceToday,callOwnedContract,callOwnedStrike,trackType
2018-11-01,0.0,-5.0,0.0,0,273.51,0.0,1,0.85,0.9,SPY181102P00272500,272.5,0,0.0,0.0,,0.0,normalDay
2018-11-02,85.0,-61.0,85.0,100,271.89,272.5,1,0.85,0.0,SPY181102P00272500,272.5,0,0.0,0.0,,0.0,expirationDay
2018-11-05,85.0,86.0,0.0,100,273.39,272.5,0,0.0,0.0,,0.0,1,0.03,0.06,SPY181207C00300000,300.0,normalDay
2018-11-06,85.0,256.0,0.0,100,275.12,272.5,0,0.0,0.0,,0.0,1,0.03,0.09,SPY181207C00300000,300.0,normalDay
2018-11-07,85.0,843.0,0.0,100,281.01,272.5,0,0.0,0.0,,0.0,1,0.03,0.11,SPY181207C00300000,300.0,normalDay
2018-11-08,85.0,792.0,0.0,100,280.5,272.5,0,0.0,0.0,,0.0,1,0.03,0.11,SPY181207C00300000,300.0,normalDay
2018-11-09,85.0,524.0,0.0,100,277.76,272.5,0,0.0,0.0,,0.0,1,0.03,0.05,SPY181207C00300000,300.0,normalDay
2018-11-12,85.0,8.0,0.0,100,272.57,272.5,0,0.0,0.0,,0.0,1,0.03,0.02,SPY181207C00300000,300.0,normalDay
2018-11-13,85.0,-44.0,0.0,100,272.06,272.5,0,0.0,0.0,,0.0,1,0.03,0.03,SPY181207C00300000,300.0,normalDay
2018-11-14,85.0,-230.0,0.0,100,270.2,272.5,0,0.0,0.0,,0.0,1,0.03,0.03,SPY181207C00300000,300.0,normalDay
2018-11-15,85.0,52.0,0.0,100,273.02,272.5,0,0.0,0.0,,0.0,1,0.03,0.03,SPY181207C00300000,300.0,normalDay
2018-11-16,85.0,124.0,0.0,100,273.73,272.5,0,0.0,0.0,,0.0,1,0.03,0.02,SPY181207C00300000,300.0,normalDay
2018-11-19,85.0,-339.0,0.0,100,269.1,272.5,0,0.0,0.0,,0.0,1,0.03,0.02,SPY181207C00300000,300.0,normalDay
2018-11-20,85.0,-836.0,0.0,100,264.12,272.5,0,0.0,0.0,,0.0,1,0.03,0.01,SPY181207C00300000,300.0,normalDay
2018-11-21,85.0,-747.0,0.0,100,265.02,272.5,0,0.0,0.0,,0.0,1,0.03,0.02,SPY181207C00300000,300.0,normalDay
2018-11-23,85.0,-923.0,0.0,100,263.25,272.5,0,0.0,0.0,,0.0,1,0.03,0.01,SPY181207C00300000,300.0,normalDay
2018-11-26,85.0,-498.0,0.0,100,267.5,272.5,0,0.0,0.0,,0.0,1,0.03,0.01,SPY181207C00300000,300.0,normalDay
2018-11-27,85.0,-409.0,0.0,100,268.4,272.5,0,0.0,0.0,,0.0,1,0.03,0.02,SPY181207C00300000,300.0,normalDay
2018-11-28,85.0,207.0,0.0,100,274.58,272.5,0,0.0,0.0,,0.0,1,0.03,0.04,SPY181207C00300000,300.0,normalDay
2018-11-29,85.0,147.0,0.0,100,273.98,272.5,0,0.0,0.0,,0.0,1,0.03,0.04,SPY181207C00300000,300.0,normalDay
2018-11-30,85.0,316.0,0.0,100,275.65,272.5,0,0.0,0.0,,0.0,1,0.03,0.02,SPY181207C00300000,300.0,normalDay
2018-12-03,85.0,682.0,0.0,100,279.3,272.5,0,0.0,0.0,,0.0,1,0.03,0.01,SPY181207C00300000,300.0,normalDay
2018-12-04,85.0,-223.0,0.0,100,270.25,272.5,0,0.0,0.0,,0.0,1,0.03,0.01,SPY181207C00300000,300.0,normalDay
2018-12-06,85.0,-264.0,0.0,100,269.84,272.5,0,0.0,0.0,,0.0,1,0.03,0.01,SPY181207C00300000,300.0,normalDay
2018-12-07,88.0,-893.0,3.0,100,263.57,272.5,0,0.0,0.0,,0.0,1,0.03,0.0,SPY181207C00300000,300.0,expirationDay
2018-12-10,88.0,-847.0,0.0,100,264.07,272.5,0,0.0,0.0,,0.0,1,0.02,0.06,SPY190111C00292500,292.5,normalDay
2018-12-11,88.0,-840.0,0.0,100,264.13,272.5,0,0.0,0.0,,0.0,1,0.02,0.05,SPY190111C00292500,292.5,normalDay
2018-12-12,88.0,-707.0,0.0,100,265.46,272.5,0,0.0,0.0,,0.0,1,0.02,0.05,SPY190111C00292500,292.5,normalDay
2018-12-13,88.0,-715.0,0.0,100,265.37,272.5,0,0.0,0.0,,0.0,1,0.02,0.04,SPY190111C00292500,292.5,normalDay
2018-12-14,88.0,-1204.0,0.0,100,260.47,272.5,0,0.0,0.0,,0.0,1,0.02,0.03,SPY190111C00292500,292.5,normalDay
2018-12-17,88.0,-1714.0,0.0,100,255.36,272.5,0,0.0,0.0,,0.0,1,0.02,0.02,SPY190111C00292500,292.5,normalDay
2018-12-18,88.0,-1743.0,0.0,100,255.08,272.5,0,0.0,0.0,,0.0,1,0.02,0.03,SPY190111C00292500,292.5,normalDay
2018-12-19,88.0,-2124.0,0.0,100,251.26,272.5,0,0.0,0.0,,0.0,1,0.02,0.02,SPY190111C00292500,292.5,normalDay
2018-12-20,88.0,-2534.0,0.0,100,247.17,272.5,0,0.0,0.0,,0.0,1,0.02,0.03,SPY190111C00292500,292.5,normalDay
2018-12-21,88.0,-3180.0,0.0,100,240.7,272.5,0,0.0,0.0,,0.0,1,0.02,0.02,SPY190111C00292500,292.5,normalDay
2018-12-24,88.0,-3816.0,0.0,100,234.34,272.5,0,0.0,0.0,,0.0,1,0.02,0.02,SPY190111C00292500,292.5,normalDay
2018-12-26,88.0,-2632.0,0.0,100,246.18,272.5,0,0.0,0.0,,0.0,1,0.02,0.02,SPY190111C00292500,292.5,normalDay
2018-12-27,88.0,-2442.0,0.0,100,248.07,272.5,0,0.0,0.0,,0.0,1,0.02,0.01,SPY190111C00292500,292.5,normalDay
2018-12-28,88.0,-2474.0,0.0,100,247.75,272.5,0,0.0,0.0,,0.0,1,0.02,0.01,SPY190111C00292500,292.5,normalDay
2018-12-31,88.0,-2257.0,0.0,100,249.92,272.5,0,0.0,0.0,,0.0,1,0.02,0.01,SPY190111C00292500,292.5,normalDay
2019-01-02,88.0,-2231.0,0.0,100,250.18,272.5,0,0.0,0.0,,0.0,1,0.02,0.01,SPY190111C00292500,292.5,normalDay
2019-01-03,88.0,-2828.0,0.0,100,244.21,272.5,0,0.0,0.0,,0.0,1,0.02,0.01,SPY190111C00292500,292.5,normalDay
2019-01-04,88.0,-2010.0,0.0,100,252.39,272.5,0,0.0,0.0,,0.0,1,0.02,0.01,SPY190111C00292500,292.5,normalDay
2019-01-07,88.0,-1811.0,0.0,100,254.38,272.5,0,0.0,0.0,,0.0,1,0.02,0.01,SPY190111C00292500,292.5,normalDay
2019-01-08,88.0,-1572.0,0.0,100,256.77,272.5,0,0.0,0.0,,0.0,1,0.02,0.01,SPY190111C00292500,292.5,normalDay
2019-01-09,88.0,-1452.0,0.0,100,257.97,272.5,0,0.0,0.0,,0.0,1,0.02,0.01,SPY190111C00292500,292.5,normalDay
2019-01-10,88.0,-1361.0,0.0,100,258.88,272.5,0,0.0,0.0,,0.0,1,0.02,0.01,SPY190111C00292500,292.5,normalDay
2019-01-11,90.0,-1352.0,2.0,100,258.98,272.5,0,0.0,0.0,,0.0,1,0.02,0.0,SPY190111C00292500,292.5,expirationDay
2019-01-14,90.0,-1513.0,0.0,100,257.4,272.5,0,0.0,0.0,,0.0,1,0.03,0.06,SPY190215C00283000,283.0,normalDay
2019-01-15,90.0,-1220.0,0.0,100,260.35,272.5,0,0.0,0.0,,0.0,1,0.03,0.08,SPY190215C00283000,283.0,normalDay
2019-01-16,90.0,-1159.0,0.0,100,260.98,272.5,0,0.0,0.0,,0.0,1,0.03,0.1,SPY190215C00283000,283.0,normalDay
2019-01-17,90.0,-962.0,0.0,100,262.96,272.5,0,0.0,0.0,,0.0,1,0.03,0.11,SPY190215C00283000,283.0,normalDay
2019-01-18,90.0,-622.0,0.0,100,266.46,272.5,0,0.0,0.0,,0.0,1,0.03,0.21,SPY190215C00283000,283.0,normalDay
2019-01-22,90.0,-972.0,0.0,100,262.86,272.5,0,0.0,0.0,,0.0,1,0.03,0.11,SPY190215C00283000,283.0,normalDay
2019-01-23,90.0,-914.0,0.0,100,263.41,272.5,0,0.0,0.0,,0.0,1,0.03,0.08,SPY190215C00283000,283.0,normalDay
2019-01-24,90.0,-899.0,0.0,100,263.55,272.5,0,0.0,0.0,,0.0,1,0.03,0.07,SPY190215C00283000,283.0,normalDay
2019-01-25,90.0,-678.0,0.0,100,265.78,272.5,0,0.0,0.0,,0.0,1,0.03,0.09,SPY190215C00283000,283.0,normalDay
2019-01-28,90.0,-876.0,0.0,100,263.76,272.5,0,0.0,0.0,,0.0,1,0.03,0.05,SPY190215C00283000,283.0,normalDay
2019-01-29,90.0,-911.0,0.0,100,263.41,272.5,0,0.0,0.0,,0.0,1,0.03,0.05,SPY190215C00283000,283.0,normalDay
2019-01-30,90.0,-498.0,0.0,100,267.58,272.5,0,0.0,0.0,,0.0,1,0.03,0.09,SPY190215C00283000,283.0,normalDay
2019-01-31,90.0,-267.0,0.0,100,269.93,272.5,0,0.0,0.0,,0.0,1,0.03,0.13,SPY190215C00283000,283.0,normalDay
2019-02-01,90.0,-250.0,0.0,100,270.06,272.5,0,0.0,0.0,,0.0,1,0.03,0.09,SPY190215C00283000,283.0,normalDay
2019-02-04,90.0,-60.0,0.0,100,271.96,272.5,0,0.0,0.0,,0.0,1,0.03,0.09,SPY190215C00283000,283.0,normalDay
2019-02-05,90.0,54.0,0.0,100,273.1,272.5,0,0.0,0.0,,0.0,1,0.03,0.09,SPY190215C00283000,283.0,normalDay
2019-02-06,90.0,22.0,0.0,100,272.74,272.5,0,0.0,0.0,,0.0,1,0.03,0.05,SPY190215C00283000,283.0,normalDay
2019-02-07,90.0,-235.0,0.0,100,270.14,272.5,0,0.0,0.0,,0.0,1,0.03,0.02,SPY190215C00283000,283.0,normalDay
2019-02-08,90.0,-201.0,0.0,100,270.47,272.5,0,0.0,0.0,,0.0,1,0.03,0.01,SPY190215C00283000,283.0,normalDay
2019-02-11,90.0,-186.0,0.0,100,270.62,272.5,0,0.0,0.0,,0.0,1,0.03,0.01,SPY190215C00283000,283.0,normalDay
2019-02-12,90.0,162.0,0.0,100,274.1,272.5,0,0.0,0.0,,0.0,1,0.03,0.01,SPY190215C00283000,283.0,normalDay
2019-02-13,90.0,251.0,0.0,100,274.99,272.5,0,0.0,0.0,,0.0,1,0.03,0.01,SPY190215C00283000,283.0,normalDay
2019-02-14,90.0,190.0,0.0,100,274.38,272.5,0,0.0,0.0,,0.0,1,0.03,0.01,SPY190215C00283000,283.0,normalDay
2019-02-15,93.0,487.0,3.0,100,277.37,272.5,0,0.0,0.0,,0.0,1,0.03,0.0,SPY190215C00283000,283.0,expirationDay
2019-02-19,93.0,532.0,0.0,100,277.85,272.5,0,0.0,0.0,,0.0,1,0.11,0.14,SPY190322C00292000,292.0,normalDay
2019-02-20,93.0,589.0,0.0,100,278.41,272.5,0,0.0,0.0,,0.0,1,0.11,0.13,SPY190322C00292000,292.0,normalDay
2019-02-21,93.0,494.0,0.0,100,277.42,272.5,0,0.0,0.0,,0.0,1,0.11,0.09,SPY190322C00292000,292.0,normalDay
2019-02-22,93.0,663.0,0.0,100,279.14,272.5,0,0.0,0.0,,0.0,1,0.11,0.12,SPY190322C00292000,292.0,normalDay
2019-02-25,93.0,701.0,0.0,100,279.52,272.5,0,0.0,0.0,,0.0,1,0.11,0.12,SPY190322C00292000,292.0,normalDay
2019-02-26,93.0,683.0,0.0,100,279.32,272.5,0,0.0,0.0,,0.0,1,0.11,0.1,SPY190322C00292000,292.0,normalDay
2019-02-27,93.0,673.0,0.0,100,279.2,272.5,0,0.0,0.0,,0.0,1,0.11,0.08,SPY190322C00292000,292.0,normalDay
2019-02-28,93.0,624.0,0.0,100,278.68,272.5,0,0.0,0.0,,0.0,1,0.11,0.05,SPY190322C00292000,292.0,normalDay
2019-03-01,93.0,797.0,0.0,100,280.42,272.5,0,0.0,0.0,,0.0,1,0.11,0.06,SPY190322C00292000,292.0,normalDay
2019-03-04,93.0,697.0,0.0,100,279.4,272.5,0,0.0,0.0,,0.0,1,0.11,0.04,SPY190322C00292000,292.0,normalDay
2019-03-05,93.0,659.0,0.0,100,279.02,272.5,0,0.0,0.0,,0.0,1,0.11,0.04,SPY190322C00292000,292.0,normalDay
2019-03-06,93.0,491.0,0.0,100,277.33,272.5,0,0.0,0.0,,0.0,1,0.11,0.03,SPY190322C00292000,292.0,normalDay
2019-03-07,93.0,260.0,0.0,100,275.01,272.5,0,0.0,0.0,,0.0,1,0.11,0.02,SPY190322C00292000,292.0,normalDay
2019-03-08,93.0,205.0,0.0,100,274.46,272.5,0,0.0,0.0,,0.0,1,0.11,0.02,SPY190322C00292000,292.0,normalDay
2019-03-11,93.0,603.0,0.0,100,278.44,272.5,0,0.0,0.0,,0.0,1,0.11,0.02,SPY190322C00292000,292.0,normalDay
2019-03-12,93.0,708.0,0.0,100,279.49,272.5,0,0.0,0.0,,0.0,1,0.11,0.02,SPY190322C00292000,292.0,normalDay
2019-03-13,93.0,892.0,0.0,100,281.34,272.5,0,0.0,0.0,,0.0,1,0.11,0.03,SPY190322C00292000,292.0,normalDay
2019-03-14,93.0,875.0,0.0,100,281.16,272.5,0,0.0,0.0,,0.0,1,0.11,0.02,SPY190322C00292000,292.0,normalDay
2019-03-15,93.0,891.0,0.0,100,281.31,272.5,0,0.0,0.0,,0.0,1,0.11,0.01,SPY190322C00292000,292.0,normalDay
2019-03-18,93.0,993.0,0.0,100,282.33,272.5,0,0.0,0.0,,0.0,1,0.11,0.01,SPY190322C00292000,292.0,normalDay
2019-03-19,93.0,1000.0,0.0,100,282.4,272.5,0,0.0,0.0,,0.0,1,0.11,0.01,SPY190322C00292000,292.0,normalDay
2019-03-20,93.0,915.0,0.0,100,281.55,272.5,0,0.0,0.0,,0.0,1,0.11,0.01,SPY190322C00292000,292.0,normalDay
2019-03-21,93.0,1233.0,0.0,100,284.73,272.5,0,0.0,0.0,,0.0,1,0.11,0.01,SPY190322C00292000,292.0,normalDay
2019-03-22,104.0,675.0,11.0,100,279.25,272.5,0,0.0,0.0,,0.0,1,0.11,0.0,SPY190322C00292000,292.0,expirationDay
2019-03-25,104.0,650.0,0.0,100,279.04,272.5,0,0.0,0.0,,0.0,1,0.58,0.62,SPY190426C00291000,291.0,normalDay
2019-03-26,104.0,858.0,0.0,100,281.12,272.5,0,0.0,0.0,,0.0,1,0.58,0.62,SPY190426C00291000,291.0,normalDay
2019-03-27,104.0,729.0,0.0,100,279.65,272.5,0,0.0,0.0,,0.0,1,0.58,0.44,SPY190426C00291000,291.0,normalDay
2019-03-28,104.0,834.0,0.0,100,280.71,272.5,0,0.0,0.0,,0.0,1,0.58,0.45,SPY190426C00291000,291.0,normalDay
2019-03-29,104.0,995.0,0.0,100,282.48,272.5,0,0.0,0.0,,0.0,1,0.58,0.61,SPY190426C00291000,291.0,normalDay
2019-04-01,104.0,1280.0,0.0,100,285.83,272.5,0,0.0,0.0,,0.0,1,0.58,1.11,SPY190426C00291000,291.0,normalDay
2019-04-02,104.0,1303.0,0.0,100,285.97,272.5,0,0.0,0.0,,0.0,1,0.58,1.02,SPY190426C00291000,291.0,normalDay
2019-04-03,104.0,1315.0,0.0,100,286.42,272.5,0,0.0,0.0,,0.0,1,0.58,1.35,SPY190426C00291000,291.0,normalDay
2019-04-04,104.0,1385.0,0.0,100,287.18,272.5,0,0.0,0.0,,0.0,1,0.58,1.41,SPY190426C00291000,291.0,normalDay
2019-04-05,104.0,1498.0,0.0,100,288.57,272.5,0,0.0,0.0,,0.0,1,0.58,1.67,SPY190426C00291000,291.0,normalDay
2019-04-08,104.0,1525.0,0.0,100,288.79,272.5,0,0.0,0.0,,0.0,1,0.58,1.62,SPY190426C00291000,291.0,normalDay
2019-04-09,104.0,1432.0,0.0,100,287.31,272.5,0,0.0,0.0,,0.0,1,0.58,1.07,SPY190426C00291000,291.0,normalDay
2019-04-10,104.0,1512.0,0.0,100,288.29,272.5,0,0.0,0.0,,0.0,1,0.58,1.25,SPY190426C00291000,291.0,normalDay
2019-04-11,104.0,1527.0,0.0,100,288.21,272.5,0,0.0,0.0,,0.0,1,0.58,1.02,SPY190426C00291000,291.0,normalDay
2019-04-12,104.0,1653.0,0.0,100,290.16,272.5,0,0.0,0.0,,0.0,1,0.58,1.71,SPY190426C00291000,291.0,normalDay
2019-04-15,104.0,1662.0,0.0,100,289.97,272.5,0,0.0,0.0,,0.0,1,0.58,1.43,SPY190426C00291000,291.0,normalDay
2019-04-16,104.0,1688.0,0.0,100,290.16,272.5,0,0.0,0.0,,0.0,1,0.58,1.36,SPY190426C00291000,291.0,normalDay
2019-04-17,104.0,1662.0,0.0,100,289.45,272.5,0,0.0,0.0,,0.0,1,0.58,0.91,SPY190426C00291000,291.0,normalDay
2019-04-18,104.0,1706.0,0.0,100,290.02,272.5,0,0.0,0.0,,0.0,1,0.58,1.04,SPY190426C00291000,291.0,normalDay
2019-04-22,104.0,1738.0,0.0,100,290.27,272.5,0,0.0,0.0,,0.0,1,0.58,0.97,SPY190426C00291000,291.0,normalDay
2019-04-23,104.0,1850.0,0.0,100,292.88,272.5,0,0.0,0.0,,0.0,1,0.58,2.46,SPY190426C00291000,291.0,normalDay
2019-04-24,104.0,1836.0,0.0,100,292.23,272.5,0,0.0,0.0,,0.0,1,0.58,1.95,SPY190426C00291000,291.0,normalDay
2019-04-25,104.0,1870.0,0.0,100,292.05,272.5,0,0.0,0.0,,0.0,1,0.58,1.43,SPY190426C00291000,291.0,normalDay
2019-04-26,2012.0,1870.0,1908.0,0,293.41,0.0,0,0.0,0.0,,0.0,1,0.58,0.0,SPY190426C00291000,291.0,expirationDay
2019-04-29,2012.0,-3.0,0.0,0,293.87,0.0,1,0.06,0.09,SPY190501P00288500,288.5,0,0.0,0.0,,0.0,normalDay
2019-04-30,2012.0,2.0,0.0,0,294.02,0.0,1,0.06,0.04,SPY190501P00288500,288.5,0,0.0,0.0,,0.0,normalDay
2019-05-01,2018.0,0.0,6.0,0,291.81,0.0,1,0.06,0.0,SPY190501P00288500,288.5,0,0.0,0.0,,0.0,expirationDay
2019-05-02,2018.0,-4.0,0.0,0,291.18,0.0,1,0.31,0.35,SPY190503P00289500,289.5,0,0.0,0.0,,0.0,normalDay
2019-05-03,2049.0,0.0,31.0,0,294.03,0.0,1,0.31,0.0,SPY190503P00289500,289.5,0,0.0,0.0,,0.0,expirationDay
2019-05-06,2049.0,-4.0,0.0,0,292.82,0.0,1,0.41,0.45,SPY190508P00290000,290.0,0,0.0,0.0,,0.0,normalDay
2019-05-07,2049.0,-189.0,0.0,0,287.93,0.0,1,0.41,2.3,SPY190508P00290000,290.0,0,0.0,0.0,,0.0,normalDay
2019-05-08,2090.0,-247.0,41.0,100,287.53,290.0,1,0.41,0.0,SPY190508P00290000,290.0,0,0.0,0.0,,0.0,expirationDay
2019-05-09,2090.0,-340.0,0.0,100,286.66,290.0,0,0.0,0.0,,0.0,1,0.3,0.36,SPY190610C00301000,301.0,normalDay
2019-05-10,2090.0,-183.0,0.0,100,288.1,290.0,0,0.0,0.0,,0.0,1,0.3,0.23,SPY190610C00301000,301.0,normalDay
2019-05-13,2090.0,-891.0,0.0,100,280.86,290.0,0,0.0,0.0,,0.0,1,0.3,0.07,SPY190610C00301000,301.0,normalDay
2019-05-14,2090.0,-636.0,0.0,100,283.4,290.0,0,0.0,0.0,,0.0,1,0.3,0.06,SPY190610C00301000,301.0,normalDay
2019-05-15,2090.0,-472.0,0.0,100,285.06,290.0,0,0.0,0.0,,0.0,1,0.3,0.08,SPY190610C00301000,301.0,normalDay
2019-05-16,2090.0,-212.0,0.0,100,287.7,290.0,0,0.0,0.0,,0.0,1,0.3,0.12,SPY190610C00301000,301.0,normalDay
2019-05-17,2090.0,-393.0,0.0,100,285.84,290.0,0,0.0,0.0,,0.0,1,0.3,0.07,SPY190610C00301000,301.0,normalDay
2019-05-20,2090.0,-580.0,0.0,100,283.95,290.0,0,0.0,0.0,,0.0,1,0.3,0.05,SPY190610C00301000,301.0,normalDay
2019-05-21,2090.0,-324.0,0.0,100,286.51,290.0,0,0.0,0.0,,0.0,1,0.3,0.05,SPY190610C00301000,301.0,normalDay
2019-05-22,2090.0,-410.0,0.0,100,285.63,290.0,0,0.0,0.0,,0.0,1,0.3,0.03,SPY190610C00301000,301.0,normalDay
2019-05-23,2090.0,-758.0,0.0,100,282.14,290.0,0,0.0,0.0,,0.0,1,0.3,0.02,SPY190610C00301000,301.0,normalDay
2019-05-24,2090.0,-694.0,0.0,100,282.78,290.0,0,0.0,0.0,,0.0,1,0.3,0.02,SPY190610C00301000,301.0,normalDay
2019-05-28,2090.0,-956.0,0.0,100,280.15,290.0,0,0.0,0.0,,0.0,1,0.3,0.01,SPY190610C00301000,301.0,normalDay
2019-05-29,2090.0,-1144.0,0.0,100,278.27,290.0,0,0.0,0.0,,0.0,1,0.3,0.01,SPY190610C00301000,301.0,normalDay
2019-05-30,2090.0,-1068.0,0.0,100,279.03,290.0,0,0.0,0.0,,0.0,1,0.3,0.01,SPY190610C00301000,301.0,normalDay
2019-05-31,2090.0,-1444.0,0.0,100,275.27,290.0,0,0.0,0.0,,0.0,1,0.3,0.01,SPY190610C00301000,301.0,normalDay
2019-06-03,2090.0,-1514.0,0.0,100,274.57,290.0,0,0.0,0.0,,0.0,1,0.3,0.01,SPY190610C00301000,301.0,normalDay
2019-06-04,2090.0,-918.0,0.0,100,280.53,290.0,0,0.0,0.0,,0.0,1,0.3,0.01,SPY190610C00301000,301.0,normalDay
2019-06-05,2090.0,-675.0,0.0,100,282.96,290.0,0,0.0,0.0,,0.0,1,0.3,0.01,SPY190610C00301000,301.0,normalDay
2019-06-06,2090.0,-491.0,0.0,100,284.8,290.0,0,0.0,0.0,,0.0,1,0.3,0.01,SPY190610C00301000,301.0,normalDay
2019-06-07,2090.0,-206.0,0.0,100,287.65,290.0,0,0.0,0.0,,0.0,1,0.3,0.01,SPY190610C00301000,301.0,normalDay
2019-06-10,2120.0,-103.0,30.0,100,288.97,290.0,0,0.0,0.0,,0.0,1,0.3,0.0,SPY190610C00301000,301.0,expirationDay
2019-06-11,2120.0,-114.0,0.0,100,288.9,290.0,0,0.0,0.0,,0.0,1,0.29,0.33,SPY190712C00302500,302.5,normalDay
2019-06-12,2120.0,-155.0,0.0,100,288.39,290.0,0,0.0,0.0,,0.0,1,0.29,0.23,SPY190712C00302500,302.5,normalDay
2019-06-13,2120.0,-42.0,0.0,100,289.58,290.0,0,0.0,0.0,,0.0,1,0.29,0.29,SPY190712C00302500,302.5,normalDay
2019-06-14,2120.0,-66.0,0.0,100,289.26,290.0,0,0.0,0.0,,0.0,1,0.29,0.21,SPY190712C00302500,302.5,normalDay
2019-06-17,2120.0,-51.0,0.0,100,289.37,290.0,0,0.0,0.0,,0.0,1,0.29,0.17,SPY190712C00302500,302.5,normalDay
2019-06-18,2120.0,231.0,0.0,100,292.4,290.0,0,0.0,0.0,,0.0,1,0.29,0.38,SPY190712C00302500,302.5,normalDay
2019-06-19,2120.0,297.0,0.0,100,293.06,290.0,0,0.0,0.0,,0.0,1,0.29,0.38,SPY190712C00302500,302.5,normalDay
2019-06-20,2120.0,528.0,0.0,100,295.86,290.0,0,0.0,0.0,,0.0,1,0.29,0.87,SPY190712C00302500,302.5,normalDay
2019-06-21,2120.0,351.0,0.0,100,294.0,290.0,0,0.0,0.0,,0.0,1,0.29,0.78,SPY190712C00302500,302.5,normalDay
2019-06-24,2120.0,335.0,0.0,100,293.64,290.0,0,0.0,0.0,,0.0,1,0.29,0.58,SPY190712C00302500,302.5,normalDay
2019-06-25,2120.0,81.0,0.0,100,290.76,290.0,0,0.0,0.0,,0.0,1,0.29,0.24,SPY190712C00302500,302.5,normalDay
2019-06-26,2120.0,59.0,0.0,100,290.47,290.0,0,0.0,0.0,,0.0,1,0.29,0.17,SPY190712C00302500,302.5,normalDay
2019-06-27,2120.0,158.0,0.0,100,291.5,290.0,0,0.0,0.0,,0.0,1,0.29,0.21,SPY190712C00302500,302.5,normalDay
2019-06-28,2120.0,294.0,0.0,100,293.0,290.0,0,0.0,0.0,,0.0,1,0.29,0.35,SPY190712C00302500,302.5,normalDay
2019-07-01,2120.0,577.0,0.0,100,295.66,290.0,0,0.0,0.0,,0.0,1,0.29,0.18,SPY190712C00302500,302.5,normalDay
2019-07-02,2120.0,661.0,0.0,100,296.43,290.0,0,0.0,0.0,,0.0,1,0.29,0.11,SPY190712C00302500,302.5,normalDay
2019-07-03,2120.0,872.0,0.0,100,298.8,290.0,0,0.0,0.0,,0.0,1,0.29,0.37,SPY190712C00302500,302.5,normalDay
2019-07-05,2120.0,860.0,0.0,100,298.46,290.0,0,0.0,0.0,,0.0,1,0.29,0.15,SPY190712C00302500,302.5,normalDay
2019-07-08,2120.0,707.0,0.0,100,296.82,290.0,0,0.0,0.0,,0.0,1,0.29,0.04,SPY190712C00302500,302.5,normalDay
2019-07-09,2120.0,744.0,0.0,100,297.19,290.0,0,0.0,0.0,,0.0,1,0.29,0.04,SPY190712C00302500,302.5,normalDay
2019-07-10,2120.0,886.0,0.0,100,298.61,290.0,0,0.0,0.0,,0.0,1,0.29,0.04,SPY190712C00302500,302.5,normalDay
2019-07-11,2120.0,959.0,0.0,100,299.31,290.0,0,0.0,0.0,,0.0,1,0.29,0.01,SPY190712C00302500,302.5,normalDay
2019-07-12,2149.0,1065.0,29.0,100,300.65,290.0,0,0.0,0.0,,0.0,1,0.29,0.0,SPY190712C00302500,302.5,expirationDay
2019-07-15,2149.0,1072.0,0.0,100,300.75,290.0,0,0.0,0.0,,0.0,1,0.32,0.35,SPY190816C00311000,311.0,normalDay
2019-07-16,2149.0,983.0,0.0,100,299.78,290.0,0,0.0,0.0,,0.0,1,0.32,0.27,SPY190816C00311000,311.0,normalDay
2019-07-17,2149.0,793.0,0.0,100,297.74,290.0,0,0.0,0.0,,0.0,1,0.32,0.13,SPY190816C00311000,311.0,normalDay
2019-07-18,2149.0,895.0,0.0,100,298.83,290.0,0,0.0,0.0,,0.0,1,0.32,0.2,SPY190816C00311000,311.0,normalDay
2019-07-19,2149.0,737.0,0.0,100,297.17,290.0,0,0.0,0.0,,0.0,1,0.32,0.12,SPY190816C00311000,311.0,normalDay
2019-07-22,2149.0,813.0,0.0,100,297.9,290.0,0,0.0,0.0,,0.0,1,0.32,0.09,SPY190816C00311000,311.0,normalDay
2019-07-23,2149.0,1020.0,0.0,100,300.03,290.0,0,0.0,0.0,,0.0,1,0.32,0.15,SPY190816C00311000,311.0,normalDay
2019-07-24,2149.0,1155.0,0.0,100,301.44,290.0,0,0.0,0.0,,0.0,1,0.32,0.21,SPY190816C00311000,311.0,normalDay
2019-07-25,2149.0,1021.0,0.0,100,300.0,290.0,0,0.0,0.0,,0.0,1,0.32,0.11,SPY190816C00311000,311.0,normalDay
2019-07-26,2149.0,1215.0,0.0,100,302.01,290.0,0,0.0,0.0,,0.0,1,0.32,0.18,SPY190816C00311000,311.0,normalDay
2019-07-29,2149.0,1165.0,0.0,100,301.46,290.0,0,0.0,0.0,,0.0,1,0.32,0.13,SPY190816C00311000,311.0,normalDay
2019-07-30,2149.0,1090.0,0.0,100,300.72,290.0,0,0.0,0.0,,0.0,1,0.32,0.14,SPY190816C00311000,311.0,normalDay
2019-07-31,2149.0,770.0,0.0,100,297.43,290.0,0,0.0,0.0,,0.0,1,0.32,0.05,SPY190816C00311000,311.0,normalDay
2019-08-01,2149.0,513.0,0.0,100,294.84,290.0,0,0.0,0.0,,0.0,1,0.32,0.03,SPY190816C00311000,311.0,normalDay
2019-08-02,2149.0,292.0,0.0,100,292.62,290.0,0,0.0,0.0,,0.0,1,0.32,0.02,SPY190816C00311000,311.0,normalDay
2019-08-05,2149.0,-588.0,0.0,100,283.82,290.0,0,0.0,0.0,,0.0,1,0.32,0.02,SPY190816C00311000,311.0,normalDay
2019-08-06,2149.0,-189.0,0.0,100,287.8,290.0,0,0.0,0.0,,0.0,1,0.32,0.01,SPY190816C00311000,311.0,normalDay
2019-08-07,2149.0,-172.0,0.0,100,287.97,290.0,0,0.0,0.0,,0.0,1,0.32,0.01,SPY190816C00311000,311.0,normalDay
2019-08-08,2149.0,393.0,0.0,100,293.62,290.0,0,0.0,0.0,,0.0,1,0.32,0.01,SPY190816C00311000,311.0,normalDay
2019-08-09,2149.0,193.0,0.0,100,291.62,290.0,0,0.0,0.0,,0.0,1,0.32,0.01,SPY190816C00311000,311.0,normalDay
2019-08-12,2149.0,-162.0,0.0,100,288.07,290.0,0,0.0,0.0,,0.0,1,0.32,0.01,SPY190816C00311000,311.0,normalDay
2019-08-13,2149.0,286.0,0.0,100,292.55,290.0,0,0.0,0.0,,0.0,1,0.32,0.01,SPY190816C00311000,311.0,normalDay
2019-08-14,2149.0,-579.0,0.0,100,283.9,290.0,0,0.0,0.0,,0.0,1,0.32,0.01,SPY190816C00311000,311.0,normalDay
2019-08-15,2149.0,-504.0,0.0,100,284.65,290.0,0,0.0,0.0,,0.0,1,0.32,0.01,SPY190816C00311000,311.0,normalDay
2019-08-16,2181.0,-115.0,32.0,100,288.85,290.0,0,0.0,0.0,,0.0,1,0.32,0.0,SPY190816C00311000,311.0,expirationDay
2019-08-19,2181.0,233.0,0.0,100,292.33,290.0,0,0.0,0.0,,0.0,0,0.0,0.0,,0.0,bidTooLow
2019-08-20,2181.0,9.0,0.0,100,290.09,290.0,0,0.0,0.0,,0.0,0,0.0,0.0,,0.0,bidTooLow
2019-08-21,2181.0,245.0,0.0,100,292.45,290.0,0,0.0,0.0,,0.0,0,0.0,0.0,,0.0,bidTooLow
2019-08-22,2181.0,232.0,0.0,100,292.36,290.0,0,0.0,0.0,,0.0,1,0.06,0.1,SPY190923C00310000,310.0,normalDay
2019-08-23,2181.0,-515.0,0.0,100,284.85,290.0,0,0.0,0.0,,0.0,1,0.06,0.06,SPY190923C00310000,310.0,normalDay
2019-08-26,2181.0,-200.0,0.0,100,288.0,290.0,0,0.0,0.0,,0.0,1,0.06,0.06,SPY190923C00310000,310.0,normalDay
2019-08-27,2181.0,-312.0,0.0,100,286.87,290.0,0,0.0,0.0,,0.0,1,0.06,0.05,SPY190923C00310000,310.0,normalDay
2019-08-28,2181.0,-111.0,0.0,100,288.89,290.0,0,0.0,0.0,,0.0,1,0.06,0.06,SPY190923C00310000,310.0,normalDay
2019-08-29,2181.0,255.0,0.0,100,292.58,290.0,0,0.0,0.0,,0.0,1,0.06,0.09,SPY190923C00310000,310.0,normalDay
2019-08-30,2181.0,244.0,0.0,100,292.45,290.0,0,0.0,0.0,,0.0,1,0.06,0.07,SPY190923C00310000,310.0,normalDay
2019-09-03,2181.0,77.0,0.0,100,290.74,290.0,0,0.0,0.0,,0.0,1,0.06,0.03,SPY190923C00310000,310.0,normalDay
2019-09-04,2181.0,406.0,0.0,100,294.04,290.0,0,0.0,0.0,,0.0,1,0.06,0.04,SPY190923C00310000,310.0,normalDay
2019-09-05,2181.0,779.0,0.0,100,297.82,290.0,0,0.0,0.0,,0.0,1,0.06,0.09,SPY190923C00310000,310.0,normalDay
2019-09-06,2181.0,804.0,0.0,100,298.05,290.0,0,0.0,0.0,,0.0,1,0.06,0.07,SPY190923C00310000,310.0,normalDay
2019-09-09,2181.0,821.0,0.0,100,298.2,290.0,0,0.0,0.0,,0.0,1,0.06,0.05,SPY190923C00310000,310.0,normalDay
2019-09-10,2181.0,814.0,0.0,100,298.13,290.0,0,0.0,0.0,,0.0,1,0.06,0.05,SPY190923C00310000,310.0,normalDay
2019-09-11,2181.0,1025.0,0.0,100,300.25,290.0,0,0.0,0.0,,0.0,1,0.06,0.06,SPY190923C00310000,310.0,normalDay
2019-09-12,2181.0,1126.0,0.0,100,301.29,290.0,0,0.0,0.0,,0.0,1,0.06,0.09,SPY190923C00310000,310.0,normalDay
2019-09-13,2181.0,1111.0,0.0,100,301.09,290.0,0,0.0,0.0,,0.0,1,0.06,0.04,SPY190923C00310000,310.0,normalDay
2019-09-16,2181.0,1019.0,0.0,100,300.16,290.0,0,0.0,0.0,,0.0,1,0.06,0.03,SPY190923C00310000,310.0,normalDay
2019-09-17,2181.0,1096.0,0.0,100,300.92,290.0,0,0.0,0.0,,0.0,1,0.06,0.02,SPY190923C00310000,310.0,normalDay
2019-09-18,2181.0,1114.0,0.0,100,301.1,290.0,0,0.0,0.0,,0.0,1,0.06,0.02,SPY190923C00310000,310.0,normalDay
2019-09-19,2181.0,1112.0,0.0,100,301.08,290.0,0,0.0,0.0,,0.0,1,0.06,0.02,SPY190923C00310000,310.0,normalDay
2019-09-20,2181.0,833.0,0.0,100,298.28,290.0,0,0.0,0.0,,0.0,1,0.06,0.01,SPY190923C00310000,310.0,normalDay
2019-09-23,2187.0,821.0,6.0,100,298.21,290.0,0,0.0,0.0,,0.0,1,0.06,0.0,SPY190923C00310000,310.0,expirationDay
2019-09-24,2187.0,584.0,0.0,100,295.87,290.0,0,0.0,0.0,,0.0,1,0.03,0.06,SPY191025C00317000,317.0,normalDay
2019-09-25,2187.0,760.0,0.0,100,297.62,290.0,0,0.0,0.0,,0.0,1,0.03,0.05,SPY191025C00317000,317.0,normalDay
2019-09-26,2187.0,698.0,0.0,100,297.0,290.0,0,0.0,0.0,,0.0,1,0.03,0.05,SPY191025C00317000,317.0,normalDay
2019-09-27,2187.0,539.0,0.0,100,295.4,290.0,0,0.0,0.0,,0.0,1,0.03,0.04,SPY191025C00317000,317.0,normalDay
2019-09-30,2187.0,677.0,0.0,100,296.77,290.0,0,0.0,0.0,,0.0,1,0.03,0.03,SPY191025C00317000,317.0,normalDay
2019-10-01,2187.0,325.0,0.0,100,293.24,290.0,0,0.0,0.0,,0.0,1,0.03,0.02,SPY191025C00317000,317.0,normalDay
2019-10-02,2187.0,-193.0,0.0,100,288.06,290.0,0,0.0,0.0,,0.0,1,0.03,0.02,SPY191025C00317000,317.0,normalDay
2019-10-03,2187.0,44.0,0.0,100,290.42,290.0,0,0.0,0.0,,0.0,1,0.03,0.01,SPY191025C00317000,317.0,normalDay
2019-10-04,2187.0,437.0,0.0,100,294.35,290.0,0,0.0,0.0,,0.0,1,0.03,0.01,SPY191025C00317000,317.0,normalDay
2019-10-07,2187.0,310.0,0.0,100,293.08,290.0,0,0.0,0.0,,0.0,1,0.03,0.01,SPY191025C00317000,317.0,normalDay
2019-10-08,2187.0,-145.0,0.0,100,288.53,290.0,0,0.0,0.0,,0.0,1,0.03,0.01,SPY191025C00317000,317.0,normalDay
2019-10-09,2187.0,129.0,0.0,100,291.27,290.0,0,0.0,0.0,,0.0,1,0.03,0.01,SPY191025C00317000,317.0,normalDay
2019-10-10,2187.0,326.0,0.0,100,293.24,290.0,0,0.0,0.0,,0.0,1,0.03,0.01,SPY191025C00317000,317.0,normalDay
2019-10-11,2187.0,629.0,0.0,100,296.28,290.0,0,0.0,0.0,,0.0,1,0.03,0.02,SPY191025C00317000,317.0,normalDay
2019-10-14,2187.0,597.0,0.0,100,295.95,290.0,0,0.0,0.0,,0.0,1,0.03,0.01,SPY191025C00317000,317.0,normalDay
2019-10-15,2187.0,890.0,0.0,100,298.88,290.0,0,0.0,0.0,,0.0,1,0.03,0.01,SPY191025C00317000,317.0,normalDay
2019-10-16,2187.0,842.0,0.0,100,298.4,290.0,0,0.0,0.0,,0.0,1,0.03,0.01,SPY191025C00317000,317.0,normalDay
2019-10-17,2187.0,930.0,0.0,100,299.28,290.0,0,0.0,0.0,,0.0,1,0.03,0.01,SPY191025C00317000,317.0,normalDay
2019-10-18,2187.0,799.0,0.0,100,297.97,290.0,0,0.0,0.0,,0.0,1,0.03,0.01,SPY191025C00317000,317.0,normalDay
2019-10-21,2187.0,1001.0,0.0,100,299.99,290.0,0,0.0,0.0,,0.0,1,0.03,0.01,SPY191025C00317000,317.0,normalDay
2019-10-22,2187.0,903.0,0.0,100,299.01,290.0,0,0.0,0.0,,0.0,1,0.03,0.01,SPY191025C00317000,317.0,normalDay
2019-10-23,2187.0,990.0,0.0,100,299.88,290.0,0,0.0,0.0,,0.0,1,0.03,0.01,SPY191025C00317000,317.0,normalDay
2019-10-24,2187.0,1039.0,0.0,100,300.37,290.0,0,0.0,0.0,,0.0,1,0.03,0.01,SPY191025C00317000,317.0,normalDay
2019-10-25,2190.0,1160.0,3.0,100,301.6,290.0,0,0.0,0.0,,0.0,1,0.03,0.0,SPY191025C00317000,317.0,expirationDay
2019-10-28,2190.0,1327.0,0.0,100,303.3,290.0,0,0.0,0.0,,0.0,1,0.28,0.31,SPY191129C00316000,316.0,normalDay
2019-10-29,2190.0,1323.0,0.0,100,303.21,290.0,0,0.0,0.0,,0.0,1,0.28,0.26,SPY191129C00316000,316.0,normalDay
2019-10-30,2190.0,1419.0,0.0,100,304.14,290.0,0,0.0,0.0,,0.0,1,0.28,0.23,SPY191129C00316000,316.0,normalDay
2019-10-31,2190.0,1341.0,0.0,100,303.33,290.0,0,0.0,0.0,,0.0,1,0.28,0.2,SPY191129C00316000,316.0,normalDay
2019-11-01,2190.0,1602.0,0.0,100,306.14,290.0,0,0.0,0.0,,0.0,1,0.28,0.4,SPY191129C00316000,316.0,normalDay
2019-11-04,2190.0,1716.0,0.0,100,307.37,290.0,0,0.0,0.0,,0.0,1,0.28,0.49,SPY191129C00316000,316.0,normalDay
2019-11-05,2190.0,1688.0,0.0,100,307.03,290.0,0,0.0,0.0,,0.0,1,0.28,0.43,SPY191129C00316000,316.0,normalDay
2019-11-06,2190.0,1706.0,0.0,100,307.1,290.0,0,0.0,0.0,,0.0,1,0.28,0.32,SPY191129C00316000,316.0,normalDay
2019-11-07,2190.0,1802.0,0.0,100,308.18,290.0,0,0.0,0.0,,0.0,1,0.28,0.44,SPY191129C00316000,316.0,normalDay
2019-11-08,2190.0,1881.0,0.0,100,308.94,290.0,0,0.0,0.0,,0.0,1,0.28,0.41,SPY191129C00316000,316.0,normalDay
2019-11-11,2190.0,1833.0,0.0,100,308.35,290.0,0,0.0,0.0,,0.0,1,0.28,0.3,SPY191129C00316000,316.0,normalDay
2019-11-12,2190.0,1898.0,0.0,100,309.0,290.0,0,0.0,0.0,,0.0,1,0.28,0.3,SPY191129C00316000,316.0,normalDay
2019-11-13,2190.0,1910.0,0.0,100,309.1,290.0,0,0.0,0.0,,0.0,1,0.28,0.28,SPY191129C00316000,316.0,normalDay
2019-11-14,2190.0,1957.0,0.0,100,309.55,290.0,0,0.0,0.0,,0.0,1,0.28,0.26,SPY191129C00316000,316.0,normalDay
2019-11-15,2190.0,2163.0,0.0,100,311.79,290.0,0,0.0,0.0,,0.0,1,0.28,0.44,SPY191129C00316000,316.0,normalDay
2019-11-18,2190.0,2191.0,0.0,100,312.02,290.0,0,0.0,0.0,,0.0,1,0.28,0.39,SPY191129C00316000,316.0,normalDay
2019-11-19,2190.0,2195.0,0.0,100,311.93,290.0,0,0.0,0.0,,0.0,1,0.28,0.26,SPY191129C00316000,316.0,normalDay
2019-11-20,2190.0,2095.0,0.0,100,310.77,290.0,0,0.0,0.0,,0.0,1,0.28,0.1,SPY191129C00316000,316.0,normalDay
2019-11-21,2190.0,2049.0,0.0,100,310.27,290.0,0,0.0,0.0,,0.0,1,0.28,0.06,SPY191129C00316000,316.0,normalDay
2019-11-22,2190.0,2120.0,0.0,100,310.96,290.0,0,0.0,0.0,,0.0,1,0.28,0.04,SPY191129C00316000,316.0,normalDay
2019-11-25,2190.0,2353.0,0.0,100,313.37,290.0,0,0.0,0.0,,0.0,1,0.28,0.12,SPY191129C00316000,316.0,normalDay
2019-11-26,2190.0,2421.0,0.0,100,314.08,290.0,0,0.0,0.0,,0.0,1,0.28,0.15,SPY191129C00316000,316.0,normalDay
2019-11-27,2190.0,2547.0,0.0,100,315.48,290.0,0,0.0,0.0,,0.0,1,0.28,0.29,SPY191129C00316000,316.0,normalDay
2019-11-29,2218.0,2431.0,28.0,100,314.31,290.0,0,0.0,0.0,,0.0,1,0.28,0.0,SPY191129C00316000,316.0,expirationDay
2019-12-02,2218.0,2160.0,0.0,100,311.64,290.0,0,0.0,0.0,,0.0,1,0.32,0.36,SPY200103C00322000,322.0,normalDay
2019-12-03,2218.0,1961.0,0.0,100,309.55,290.0,0,0.0,0.0,,0.0,1,0.32,0.26,SPY200103C00322000,322.0,normalDay
2019-12-04,2218.0,2148.0,0.0,100,311.46,290.0,0,0.0,0.0,,0.0,1,0.32,0.3,SPY200103C00322000,322.0,normalDay
2019-12-05,2218.0,2202.0,0.0,100,312.02,290.0,0,0.0,0.0,,0.0,1,0.32,0.32,SPY200103C00322000,322.0,normalDay
2019-12-06,2218.0,2469.0,0.0,100,314.87,290.0,0,0.0,0.0,,0.0,1,0.32,0.5,SPY200103C00322000,322.0,normalDay
2019-12-09,2218.0,2378.0,0.0,100,313.88,290.0,0,0.0,0.0,,0.0,1,0.32,0.42,SPY200103C00322000,322.0,normalDay
2019-12-10,2218.0,2349.0,0.0,100,313.53,290.0,0,0.0,0.0,,0.0,1,0.32,0.36,SPY200103C00322000,322.0,normalDay
2019-12-11,2218.0,2436.0,0.0,100,314.42,290.0,0,0.0,0.0,,0.0,1,0.32,0.38,SPY200103C00322000,322.0,normalDay
2019-12-12,2218.0,2675.0,0.0,100,317.13,290.0,0,0.0,0.0,,0.0,1,0.32,0.7,SPY200103C00322000,322.0,normalDay
2019-12-13,2218.0,2721.0,0.0,100,317.32,290.0,0,0.0,0.0,,0.0,1,0.32,0.43,SPY200103C00322000,322.0,normalDay
2019-12-16,2218.0,2888.0,0.0,100,319.5,290.0,0,0.0,0.0,,0.0,1,0.32,0.94,SPY200103C00322000,322.0,normalDay
2019-12-17,2218.0,2908.0,0.0,100,319.57,290.0,0,0.0,0.0,,0.0,1,0.32,0.81,SPY200103C00322000,322.0,normalDay
2019-12-18,2218.0,2911.0,0.0,100,319.59,290.0,0,0.0,0.0,,0.0,1,0.32,0.8,SPY200103C00322000,322.0,normalDay
2019-12-19,2218.0,3022.0,0.0,100,320.9,290.0,0,0.0,0.0,,0.0,1,0.32,1.0,SPY200103C00322000,322.0,normalDay
2019-12-20,2218.0,2938.0,0.0,100,320.73,290.0,0,0.0,0.0,,0.0,1,0.32,1.67,SPY200103C00322000,322.0,normalDay
2019-12-23,2218.0,3007.0,0.0,100,321.22,290.0,0,0.0,0.0,,0.0,1,0.32,1.47,SPY200103C00322000,322.0,normalDay
2019-12-24,2218.0,3018.0,0.0,100,321.23,290.0,0,0.0,0.0,,0.0,1,0.32,1.37,SPY200103C00322000,322.0,normalDay
2019-12-26,2218.0,3107.0,0.0,100,322.94,290.0,0,0.0,0.0,,0.0,1,0.32,2.19,SPY200103C00322000,322.0,normalDay
2019-12-27,2218.0,3112.0,0.0,100,322.86,290.0,0,0.0,0.0,,0.0,1,0.32,2.06,SPY200103C00322000,322.0,normalDay
2019-12-30,2218.0,3023.0,0.0,100,321.08,290.0,0,0.0,0.0,,0.0,1,0.32,1.17,SPY200103C00322000,322.0,normalDay
2019-12-31,2218.0,3083.0,0.0,100,321.86,290.0,0,0.0,0.0,,0.0,1,0.32,1.35,SPY200103C00322000,322.0,normalDay
2020-01-02,2218.0,3220.0,0.0,100,324.87,290.0,0,0.0,0.0,,0.0,1,0.32,2.99,SPY200103C00322000,322.0,normalDay
2020-01-03,5450.0,3220.0,3232.0,0,322.41,0.0,0,0.0,0.0,,0.0,1,0.32,0.0,SPY200103C00322000,322.0,expirationDay
2020-01-06,5450.0,-3.0,0.0,0,323.64,0.0,1,0.05,0.08,SPY200108P00318000,318.0,0,0.0,0.0,,0.0,normalDay
2020-01-07,5450.0,1.0,0.0,0,322.73,0.0,1,0.05,0.04,SPY200108P00318000,318.0,0,0.0,0.0,,0.0,normalDay
2020-01-08,5455.0,0.0,5.0,0,324.45,0.0,1,0.05,0.0,SPY200108P00318000,318.0,0,0.0,0.0,,0.0,expirationDay
2020-01-09,5455.0,-3.0,0.0,0,326.65,0.0,1,0.02,0.05,SPY200110P00320000,320.0,0,0.0,0.0,,0.0,normalDay
2020-01-10,5457.0,0.0,2.0,0,325.71,0.0,1,0.02,0.0,SPY200110P00320000,320.0,0,0.0,0.0,,0.0,expirationDay
2020-01-13,5457.0,-3.0,0.0,0,327.95,0.0,1,0.03,0.06,SPY200115P00321500,321.5,0,0.0,0.0,,0.0,normalDay
2020-01-14,5457.0,0.0,0.0,0,327.45,0.0,1,0.03,0.03,SPY200115P00321500,321.5,0,0.0,0.0,,0.0,normalDay
2020-01-15,5460.0,0.0,3.0,0,328.19,0.0,1,0.03,0.0,SPY200115P00321500,321.5,0,0.0,0.0,,0.0,expirationDay
2020-01-16,5460.0,0.0,0.0,0,330.92,0.0,0,0.0,0.0,,0.0,0,0.0,0.0,,0.0,bidTooLow
2020-01-17,5460.0,0.0,0.0,0,331.95,0.0,0,0.0,0.0,,0.0,0,0.0,0.0,,0.0,bidTooLow
2020-01-21,5460.0,-3.0,0.0,0,331.3,0.0,1,0.06,0.09,SPY200124P00323500,323.5,0,0.0,0.0,,0.0,normalDay
2020-01-22,5460.0,2.0,0.0,0,331.34,0.0,1,0.06,0.04,SPY200124P00323500,323.5,0,0.0,0.0,,0.0,normalDay
2020-01-23,5460.0,3.0,0.0,0,331.72,0.0,1,0.06,0.03,SPY200124P00323500,323.5,0,0.0,0.0,,0.0,normalDay
2020-01-24,5466.0,0.0,6.0,0,328.77,0.0,1,0.06,0.0,SPY200124P00323500,323.5,0,0.0,0.0,,0.0,expirationDay
2020-01-27,5466.0,-5.0,0.0,0,323.5,0.0,1,2.86,2.91,SPY200129P00325000,325.0,0,0.0,0.0,,0.0,normalDay
2020-01-28,5466.0,224.0,0.0,0,326.89,0.0,1,2.86,0.62,SPY200129P00325000,325.0,0,0.0,0.0,,0.0,normalDay
2020-01-29,5752.0,0.0,286.0,0,326.62,0.0,1,2.86,0.0,SPY200129P00325000,325.0,0,0.0,0.0,,0.0,expirationDay
2020-01-30,5752.0,-3.0,0.0,0,327.68,0.0,1,0.26,0.29,SPY200131P00326000,326.0,0,0.0,0.0,,0.0,normalDay
2020-01-31,5778.0,-427.0,26.0,100,321.73,326.0,1,0.26,0.0,SPY200131P00326000,326.0,0,0.0,0.0,,0.0,expirationDay
2020-02-03,5778.0,-191.0,0.0,100,324.12,326.0,0,0.0,0.0,,0.0,1,0.18,0.21,SPY200306C00342000,342.0,normalDay
2020-02-04,5778.0,261.0,0.0,100,329.06,326.0,0,0.0,0.0,,0.0,1,0.18,0.63,SPY200306C00342000,342.0,normalDay
2020-02-05,5778.0,589.0,0.0,100,332.86,326.0,0,0.0,0.0,,0.0,1,0.18,1.15,SPY200306C00342000,342.0,normalDay
2020-02-06,5778.0,699.0,0.0,100,333.98,326.0,0,0.0,0.0,,0.0,1,0.18,1.17,SPY200306C00342000,342.0,normalDay
2020-02-07,5778.0,557.0,0.0,100,332.2,326.0,0,0.0,0.0,,0.0,1,0.18,0.81,SPY200306C00342000,342.0,normalDay
2020-02-10,5778.0,763.0,0.0,100,334.68,326.0,0,0.0,0.0,,0.0,1,0.18,1.23,SPY200306C00342000,342.0,normalDay
2020-02-11,5778.0,807.0,0.0,100,335.26,326.0,0,0.0,0.0,,0.0,1,0.18,1.37,SPY200306C00342000,342.0,normalDay
2020-02-12,5778.0,986.0,0.0,100,337.42,326.0,0,0.0,0.0,,0.0,1,0.18,1.74,SPY200306C00342000,342.0,normalDay
2020-02-13,5778.0,960.0,0.0,100,337.06,326.0,0,0.0,0.0,,0.0,1,0.18,1.64,SPY200306C00342000,342.0,normalDay
2020-02-14,5778.0,1022.0,0.0,100,337.6,326.0,0,0.0,0.0,,0.0,1,0.18,1.56,SPY200306C00342000,342.0,normalDay
2020-02-18,5778.0,978.0,0.0,100,336.73,326.0,0,0.0,0.0,,0.0,1,0.18,1.13,SPY200306C00342000,342.0,normalDay
2020-02-19,5778.0,1092.0,0.0,100,338.34,326.0,0,0.0,0.0,,0.0,1,0.18,1.6,SPY200306C00342000,342.0,normalDay
2020-02-20,5778.0,1000.0,0.0,100,336.95,326.0,0,0.0,0.0,,0.0,1,0.18,1.13,SPY200306C00342000,342.0,normalDay
2020-02-21,5778.0,721.0,0.0,100,333.48,326.0,0,0.0,0.0,,0.0,1,0.18,0.45,SPY200306C00342000,342.0,normalDay
2020-02-24,5778.0,-349.0,0.0,100,322.42,326.0,0,0.0,0.0,,0.0,1,0.18,0.09,SPY200306C00342000,342.0,normalDay
2020-02-25,5778.0,-1321.0,0.0,100,312.65,326.0,0,0.0,0.0,,0.0,1,0.18,0.04,SPY200306C00342000,342.0,normalDay
2020-02-26,5778.0,-1436.0,0.0,100,311.5,326.0,0,0.0,0.0,,0.0,1,0.18,0.04,SPY200306C00342000,342.0,normalDay
2020-02-27,5778.0,-2834.0,0.0,100,297.51,326.0,0,0.0,0.0,,0.0,1,0.18,0.03,SPY200306C00342000,342.0,normalDay
2020-02-28,5778.0,-2959.0,0.0,100,296.26,326.0,0,0.0,0.0,,0.0,1,0.18,0.03,SPY200306C00342000,342.0,normalDay
2020-03-02,5778.0,-1675.0,0.0,100,309.09,326.0,0,0.0,0.0,,0.0,1,0.18,0.02,SPY200306C00342000,342.0,normalDay
2020-03-03,5778.0,-2559.0,0.0,100,300.24,326.0,0,0.0,0.0,,0.0,1,0.18,0.01,SPY200306C00342000,342.0,normalDay
2020-03-04,5778.0,-1297.0,0.0,100,312.86,326.0,0,0.0,0.0,,0.0,1,0.18,0.01,SPY200306C00342000,342.0,normalDay
2020-03-05,5778.0,-2337.0,0.0,100,302.46,326.0,0,0.0,0.0,,0.0,1,0.18,0.01,SPY200306C00342000,342.0,normalDay
2020-03-06,5796.0,-2854.0,18.0,100,297.46,326.0,0,0.0,0.0,,0.0,1,0.18,0.0,SPY200306C00342000,342.0,expirationDay
2020-03-09,5796.0,-5195.0,0.0,100,274.23,326.0,0,0.0,0.0,,0.0,1,0.02,0.2,SPY200409C00360000,360.0,normalDay
2020-03-10,5796.0,-3759.0,0.0,100,288.42,326.0,0,0.0,0.0,,0.0,1,0.02,0.03,SPY200409C00360000,360.0,normalDay
2020-03-11,5796.0,-5165.0,0.0,100,274.36,326.0,0,0.0,0.0,,0.0,1,0.02,0.03,SPY200409C00360000,360.0,normalDay
2020-03-12,5796.0,-7791.0,0.0,100,248.11,326.0,0,0.0,0.0,,0.0,1,0.02,0.04,SPY200409C00360000,360.0,normalDay
2020-03-13,5796.0,-5670.0,0.0,100,269.32,326.0,0,0.0,0.0,,0.0,1,0.02,0.04,SPY200409C00360000,360.0,normalDay
2020-03-16,5796.0,-8617.0,0.0,100,239.85,326.0,0,0.0,0.0,,0.0,1,0.02,0.04,SPY200409C00360000,360.0,normalDay
2020-03-17,5796.0,-7321.0,0.0,100,252.8,326.0,0,0.0,0.0,,0.0,1,0.02,0.03,SPY200409C00360000,360.0,normalDay
2020-03-18,5796.0,-8601.0,0.0,100,240.0,326.0,0,0.0,0.0,,0.0,1,0.02,0.03,SPY200409C00360000,360.0,normalDay
2020-03-19,5796.0,-8550.0,0.0,100,240.51,326.0,0,0.0,0.0,,0.0,1,0.02,0.03,SPY200409C00360000,360.0,normalDay
2020-03-20,5796.0,-9721.0,0.0,100,228.8,326.0,0,0.0,0.0,,0.0,1,0.02,0.03,SPY200409C00360000,360.0,normalDay
2020-03-23,5796.0,-10306.0,0.0,100,222.95,326.0,0,0.0,0.0,,0.0,1,0.02,0.03,SPY200409C00360000,360.0,normalDay
2020-03-24,5796.0,-8284.0,0.0,100,243.15,326.0,0,0.0,0.0,,0.0,1,0.02,0.01,SPY200409C00360000,360.0,normalDay
2020-03-25,5796.0,-7922.0,0.0,100,246.79,326.0,0,0.0,0.0,,0.0,1,0.02,0.03,SPY200409C00360000,360.0,normalDay
2020-03-26,5796.0,-6480.0,0.0,100,261.2,326.0,0,0.0,0.0,,0.0,1,0.02,0.02,SPY200409C00360000,360.0,normalDay
2020-03-27,5796.0,-7258.0,0.0,100,253.42,326.0,0,0.0,0.0,,0.0,1,0.02,0.02,SPY200409C00360000,360.0,normalDay
2020-03-30,5796.0,-6435.0,0.0,100,261.65,326.0,0,0.0,0.0,,0.0,1,0.02,0.02,SPY200409C00360000,360.0,normalDay
2020-03-31,5796.0,-6824.0,0.0,100,257.75,326.0,0,0.0,0.0,,0.0,1,0.02,0.01,SPY200409C00360000,360.0,normalDay
2020-04-01,5796.0,-7984.0,0.0,100,246.15,326.0,0,0.0,0.0,,0.0,1,0.02,0.01,SPY200409C00360000,360.0,normalDay
2020-04-02,5796.0,-7416.0,0.0,100,251.83,326.0,0,0.0,0.0,,0.0,1,0.02,0.01,SPY200409C00360000,360.0,normalDay
2020-04-03,5796.0,-7780.0,0.0,100,248.19,326.0,0,0.0,0.0,,0.0,1,0.02,0.01,SPY200409C00360000,360.0,normalDay
2020-04-06,5796.0,-6113.0,0.0,100,264.86,326.0,0,0.0,0.0,,0.0,1,0.02,0.01,SPY200409C00360000,360.0,normalDay
2020-04-07,5796.0,-6086.0,0.0,100,265.13,326.0,0,0.0,0.0,,0.0,1,0.02,0.01,SPY200409C00360000,360.0,normalDay
2020-04-08,5796.0,-5196.0,0.0,100,274.03,326.0,0,0.0,0.0,,0.0,1,0.02,0.01,SPY200409C00360000,360.0,normalDay
2020-04-09,5798.0,-4780.0,2.0,100,278.2,326.0,0,0.0,0.0,,0.0,1,0.02,0.0,SPY200409C00360000,360.0,expirationDay
2020-04-13,5798.0,-5037.0,0.0,100,275.66,326.0,0,0.0,0.0,,0.0,1,0.2,0.23,SPY200515C00321000,321.0,normalDay
2020-04-14,5798.0,-4242.0,0.0,100,283.79,326.0,0,0.0,0.0,,0.0,1,0.2,0.41,SPY200515C00321000,321.0,normalDay
2020-04-15,5798.0,-4826.0,0.0,100,277.76,326.0,0,0.0,0.0,,0.0,1,0.2,0.22,SPY200515C00321000,321.0,normalDay
2020-04-16,5798.0,-4689.0,0.0,100,279.1,326.0,0,0.0,0.0,,0.0,1,0.2,0.19,SPY200515C00321000,321.0,normalDay
2020-04-17,5798.0,-3952.0,0.0,100,286.64,326.0,0,0.0,0.0,,0.0,1,0.2,0.36,SPY200515C00321000,321.0,normalDay
2020-04-20,5798.0,-4441.0,0.0,100,281.59,326.0,0,0.0,0.0,,0.0,1,0.2,0.2,SPY200515C00321000,321.0,normalDay
2020-04-21,5798.0,-5287.0,0.0,100,273.04,326.0,0,0.0,0.0,,0.0,1,0.2,0.11,SPY200515C00321000,321.0,normalDay
2020-04-22,5798.0,-4680.0,0.0,100,279.1,326.0,0,0.0,0.0,,0.0,1,0.2,0.1,SPY200515C00321000,321.0,normalDay
2020-04-23,5798.0,-4681.0,0.0,100,279.08,326.0,0,0.0,0.0,,0.0,1,0.2,0.09,SPY200515C00321000,321.0,normalDay
2020-04-24,5798.0,-4291.0,0.0,100,282.97,326.0,0,0.0,0.0,,0.0,1,0.2,0.08,SPY200515C00321000,321.0,normalDay
2020-04-27,5798.0,-3884.0,0.0,100,287.05,326.0,0,0.0,0.0,,0.0,1,0.2,0.09,SPY200515C00321000,321.0,normalDay
2020-04-28,5798.0,-4014.0,0.0,100,285.73,326.0,0,0.0,0.0,,0.0,1,0.2,0.07,SPY200515C00321000,321.0,normalDay
2020-04-29,5798.0,-3273.0,0.0,100,293.21,326.0,0,0.0,0.0,,0.0,1,0.2,0.14,SPY200515C00321000,321.0,normalDay
2020-04-30,5798.0,-3542.0,0.0,100,290.48,326.0,0,0.0,0.0,,0.0,1,0.2,0.1,SPY200515C00321000,321.0,normalDay
2020-05-01,5798.0,-4304.0,0.0,100,282.79,326.0,0,0.0,0.0,,0.0,1,0.2,0.03,SPY200515C00321000,321.0,normalDay
2020-05-04,5798.0,-4226.0,0.0,100,283.57,326.0,0,0.0,0.0,,0.0,1,0.2,0.03,SPY200515C00321000,321.0,normalDay
2020-05-05,5798.0,-3963.0,0.0,100,286.19,326.0,0,0.0,0.0,,0.0,1,0.2,0.02,SPY200515C00321000,321.0,normalDay
2020-05-06,5798.0,-4157.0,0.0,100,284.25,326.0,0,0.0,0.0,,0.0,1,0.2,0.02,SPY200515C00321000,321.0,normalDay
2020-05-07,5798.0,-3813.0,0.0,100,287.68,326.0,0,0.0,0.0,,0.0,1,0.2,0.01,SPY200515C00321000,321.0,normalDay
2020-05-08,5798.0,-3337.0,0.0,100,292.44,326.0,0,0.0,0.0,,0.0,1,0.2,0.01,SPY200515C00321000,321.0,normalDay
2020-05-11,5798.0,-3331.0,0.0,100,292.5,326.0,0,0.0,0.0,,0.0,1,0.2,0.01,SPY200515C00321000,321.0,normalDay
2020-05-12,5798.0,-3914.0,0.0,100,286.67,326.0,0,0.0,0.0,,0.0,1,0.2,0.01,SPY200515C00321000,321.0,normalDay
2020-05-13,5798.0,-4421.0,0.0,100,281.6,326.0,0,0.0,0.0,,0.0,1,0.2,0.01,SPY200515C00321000,321.0,normalDay
2020-05-14,5798.0,-4084.0,0.0,100,284.97,326.0,0,0.0,0.0,,0.0,1,0.2,0.01,SPY200515C00321000,321.0,normalDay
2020-05-15,5818.0,-3972.0,20.0,100,286.28,326.0,0,0.0,0.0,,0.0,1,0.2,0.0,SPY200515C00321000,321.0,expirationDay
2020-05-18,5818.0,-3104.0,0.0,100,295.0,326.0,0,0.0,0.0,,0.0,1,1.68,1.72,SPY200619C00311000,311.0,normalDay
2020-05-19,5818.0,-3364.0,0.0,100,291.97,326.0,0,0.0,0.0,,0.0,1,1.68,1.29,SPY200619C00311000,311.0,normalDay
2020-05-20,5818.0,-2943.0,0.0,100,296.93,326.0,0,0.0,0.0,,0.0,1,1.68,2.04,SPY200619C00311000,311.0,normalDay
2020-05-21,5818.0,-3095.0,0.0,100,294.88,326.0,0,0.0,0.0,,0.0,1,1.68,1.51,SPY200619C00311000,311.0,normalDay
2020-05-22,5818.0,-3032.0,0.0,100,295.44,326.0,0,0.0,0.0,,0.0,1,1.68,1.44,SPY200619C00311000,311.0,normalDay
2020-05-26,5818.0,-2711.0,0.0,100,299.08,326.0,0,0.0,0.0,,0.0,1,1.68,1.87,SPY200619C00311000,311.0,normalDay
2020-05-27,5818.0,-2379.0,0.0,100,303.53,326.0,0,0.0,0.0,,0.0,1,1.68,3.0,SPY200619C00311000,311.0,normalDay
2020-05-28,5818.0,-2450.0,0.0,100,302.97,326.0,0,0.0,0.0,,0.0,1,1.68,3.15,SPY200619C00311000,311.0,normalDay
2020-05-29,5818.0,-2340.0,0.0,100,304.32,326.0,0,0.0,0.0,,0.0,1,1.68,3.4,SPY200619C00311000,311.0,normalDay
2020-06-01,5818.0,-2206.0,0.0,100,305.55,326.0,0,0.0,0.0,,0.0,1,1.68,3.29,SPY200619C00311000,311.0,normalDay
2020-06-02,5818.0,-2012.0,0.0,100,308.08,326.0,0,0.0,0.0,,0.0,1,1.68,3.88,SPY200619C00311000,311.0,normalDay
2020-06-03,5818.0,-1806.0,0.0,100,312.18,326.0,0,0.0,0.0,,0.0,1,1.68,5.92,SPY200619C00311000,311.0,normalDay
2020-06-04,5818.0,-1832.0,0.0,100,311.36,326.0,0,0.0,0.0,,0.0,1,1.68,5.36,SPY200619C00311000,311.0,normalDay
2020-06-05,5818.0,-1541.0,0.0,100,319.34,326.0,0,0.0,0.0,,0.0,1,1.68,10.43,SPY200619C00311000,311.0,normalDay
2020-06-08,5818.0,-1440.0,0.0,100,323.2,326.0,0,0.0,0.0,,0.0,1,1.68,13.28,SPY200619C00311000,311.0,normalDay
2020-06-09,5818.0,-1581.0,0.0,100,320.79,326.0,0,0.0,0.0,,0.0,1,1.68,12.28,SPY200619C00311000,311.0,normalDay
2020-06-10,5818.0,-1516.0,0.0,100,319.0,326.0,0,0.0,0.0,,0.0,1,1.68,9.84,SPY200619C00311000,311.0,normalDay
2020-06-11,5818.0,-2600.0,0.0,100,300.61,326.0,0,0.0,0.0,,0.0,1,1.68,2.29,SPY200619C00311000,311.0,normalDay
2020-06-12,5818.0,-2230.0,0.0,100,304.21,326.0,0,0.0,0.0,,0.0,1,1.68,2.19,SPY200619C00311000,311.0,normalDay
2020-06-15,5818.0,-1981.0,0.0,100,307.05,326.0,0,0.0,0.0,,0.0,1,1.68,2.54,SPY200619C00311000,311.0,normalDay
2020-06-16,5818.0,-1605.0,0.0,100,312.96,326.0,0,0.0,0.0,,0.0,1,1.68,4.69,SPY200619C00311000,311.0,normalDay
2020-06-17,5818.0,-1564.0,0.0,100,311.66,326.0,0,0.0,0.0,,0.0,1,1.68,2.98,SPY200619C00311000,311.0,normalDay
2020-06-18,5818.0,-1399.0,0.0,100,311.78,326.0,0,0.0,0.0,,0.0,1,1.68,1.45,SPY200619C00311000,311.0,normalDay
2020-06-19,5986.0,-1736.0,168.0,100,308.64,326.0,0,0.0,0.0,,0.0,1,1.68,0.0,SPY200619C00311000,311.0,expirationDay
2020-06-22,5986.0,-1542.0,0.0,100,310.62,326.0,0,0.0,0.0,,0.0,1,0.46,0.5,SPY200724C00341000,341.0,normalDay
2020-06-23,5986.0,-1400.0,0.0,100,312.05,326.0,0,0.0,0.0,,0.0,1,0.46,0.51,SPY200724C00341000,341.0,normalDay
2020-06-24,5986.0,-2172.0,0.0,100,304.09,326.0,0,0.0,0.0,,0.0,1,0.46,0.27,SPY200724C00341000,341.0,normalDay
2020-06-25,5986.0,-1851.0,0.0,100,307.35,326.0,0,0.0,0.0,,0.0,1,0.46,0.32,SPY200724C00341000,341.0,normalDay
2020-06-26,5986.0,-2566.0,0.0,100,300.05,326.0,0,0.0,0.0,,0.0,1,0.46,0.17,SPY200724C00341000,341.0,normalDay
2020-06-29,5986.0,-2125.0,0.0,100,304.46,326.0,0,0.0,0.0,,0.0,1,0.46,0.17,SPY200724C00341000,341.0,normalDay
2020-06-30,5986.0,-1740.0,0.0,100,308.36,326.0,0,0.0,0.0,,0.0,1,0.46,0.22,SPY200724C00341000,341.0,normalDay
2020-07-01,5986.0,-1524.0,0.0,100,310.52,326.0,0,0.0,0.0,,0.0,1,0.46,0.22,SPY200724C00341000,341.0,normalDay
2020-07-02,5986.0,-1349.0,0.0,100,312.23,326.0,0,0.0,0.0,,0.0,1,0.46,0.18,SPY200724C00341000,341.0,normalDay
2020-07-06,5986.0,-878.0,0.0,100,317.05,326.0,0,0.0,0.0,,0.0,1,0.46,0.29,SPY200724C00341000,341.0,normalDay
2020-07-07,5986.0,-1192.0,0.0,100,313.78,326.0,0,0.0,0.0,,0.0,1,0.46,0.16,SPY200724C00341000,341.0,normalDay
2020-07-08,5986.0,-950.0,0.0,100,316.18,326.0,0,0.0,0.0,,0.0,1,0.46,0.14,SPY200724C00341000,341.0,normalDay
2020-07-09,5986.0,-1125.0,0.0,100,314.38,326.0,0,0.0,0.0,,0.0,1,0.46,0.09,SPY200724C00341000,341.0,normalDay
2020-07-10,5986.0,-808.0,0.0,100,317.59,326.0,0,0.0,0.0,,0.0,1,0.46,0.13,SPY200724C00341000,341.0,normalDay
2020-07-13,5986.0,-1081.0,0.0,100,314.84,326.0,0,0.0,0.0,,0.0,1,0.46,0.11,SPY200724C00341000,341.0,normalDay
2020-07-14,5986.0,-675.0,0.0,100,318.92,326.0,0,0.0,0.0,,0.0,1,0.46,0.13,SPY200724C00341000,341.0,normalDay
2020-07-15,5986.0,-383.0,0.0,100,321.85,326.0,0,0.0,0.0,,0.0,1,0.46,0.14,SPY200724C00341000,341.0,normalDay
2020-07-16,5986.0,-483.0,0.0,100,320.79,326.0,0,0.0,0.0,,0.0,1,0.46,0.08,SPY200724C00341000,341.0,normalDay
2020-07-17,5986.0,-387.0,0.0,100,321.72,326.0,0,0.0,0.0,,0.0,1,0.46,0.05,SPY200724C00341000,341.0,normalDay
2020-07-20,5986.0,-125.0,0.0,100,324.32,326.0,0,0.0,0.0,,0.0,1,0.46,0.03,SPY200724C00341000,341.0,normalDay
2020-07-21,5986.0,-55.0,0.0,100,325.01,326.0,0,0.0,0.0,,0.0,1,0.46,0.02,SPY200724C00341000,341.0,normalDay
2020-07-22,5986.0,131.0,0.0,100,326.86,326.0,0,0.0,0.0,,0.0,1,0.46,0.01,SPY200724C00341000,341.0,normalDay
2020-07-23,5986.0,-259.0,0.0,100,322.96,326.0,0,0.0,0.0,,0.0,1,0.46,0.01,SPY200724C00341000,341.0,normalDay
2020-07-24,6032.0,-512.0,46.0,100,320.88,326.0,0,0.0,0.0,,0.0,1,0.46,0.0,SPY200724C00341000,341.0,expirationDay
2020-07-27,6032.0,-282.0,0.0,100,323.22,326.0,0,0.0,0.0,,0.0,1,0.56,0.6,SPY200828C00345000,345.0,normalDay
2020-07-28,6032.0,-471.0,0.0,100,321.17,326.0,0,0.0,0.0,,0.0,1,0.56,0.44,SPY200828C00345000,345.0,normalDay
2020-07-29,6032.0,-96.0,0.0,100,325.12,326.0,0,0.0,0.0,,0.0,1,0.56,0.64,SPY200828C00345000,345.0,normalDay
2020-07-30,6032.0,-208.0,0.0,100,323.96,326.0,0,0.0,0.0,,0.0,1,0.56,0.6,SPY200828C00345000,345.0,normalDay
2020-07-31,6032.0,43.0,0.0,100,326.52,326.0,0,0.0,0.0,,0.0,1,0.56,0.65,SPY200828C00345000,345.0,normalDay
2020-08-03,6032.0,256.0,0.0,100,328.79,326.0,0,0.0,0.0,,0.0,1,0.56,0.79,SPY200828C00345000,345.0,normalDay
2020-08-04,6032.0,377.0,0.0,100,330.06,326.0,0,0.0,0.0,,0.0,1,0.56,0.85,SPY200828C00345000,345.0,normalDay
2020-08-05,6032.0,567.0,0.0,100,332.11,326.0,0,0.0,0.0,,0.0,1,0.56,1.0,SPY200828C00345000,345.0,normalDay
2020-08-06,6032.0,757.0,0.0,100,334.33,326.0,0,0.0,0.0,,0.0,1,0.56,1.32,SPY200828C00345000,345.0,normalDay
2020-08-07,6032.0,794.0,0.0,100,334.57,326.0,0,0.0,0.0,,0.0,1,0.56,1.19,SPY200828C00345000,345.0,normalDay
2020-08-10,6032.0,905.0,0.0,100,335.57,326.0,0,0.0,0.0,,0.0,1,0.56,1.08,SPY200828C00345000,345.0,normalDay
2020-08-11,6032.0,653.0,0.0,100,332.8,326.0,0,0.0,0.0,,0.0,1,0.56,0.83,SPY200828C00345000,345.0,normalDay
2020-08-12,6032.0,1061.0,0.0,100,337.44,326.0,0,0.0,0.0,,0.0,1,0.56,1.39,SPY200828C00345000,345.0,normalDay
2020-08-13,6032.0,1030.0,0.0,100,336.83,326.0,0,0.0,0.0,,0.0,1,0.56,1.09,SPY200828C00345000,345.0,normalDay
2020-08-14,6032.0,1055.0,0.0,100,336.84,326.0,0,0.0,0.0,,0.0,1,0.56,0.85,SPY200828C00345000,345.0,normalDay
2020-08-17,6032.0,1170.0,0.0,100,337.91,326.0,0,0.0,0.0,,0.0,1,0.56,0.77,SPY200828C00345000,345.0,normalDay
2020-08-18,6032.0,1240.0,0.0,100,338.64,326.0,0,0.0,0.0,,0.0,1,0.56,0.8,SPY200828C00345000,345.0,normalDay
2020-08-19,6032.0,1128.0,0.0,100,337.23,326.0,0,0.0,0.0,,0.0,1,0.56,0.51,SPY200828C00345000,345.0,normalDay
2020-08-20,6032.0,1241.0,0.0,100,338.28,326.0,0,0.0,0.0,,0.0,1,0.56,0.43,SPY200828C00345000,345.0,normalDay
2020-08-21,6032.0,1358.0,0.0,100,339.48,326.0,0,0.0,0.0,,0.0,1,0.56,0.46,SPY200828C00345000,345.0,normalDay
2020-08-24,6032.0,1644.0,0.0,100,342.92,326.0,0,0.0,0.0,,0.0,1,0.56,1.04,SPY200828C00345000,345.0,normalDay
2020-08-25,6032.0,1733.0,0.0,100,344.12,326.0,0,0.0,0.0,,0.0,1,0.56,1.35,SPY200828C00345000,345.0,normalDay
2020-08-26,6032.0,1830.0,0.0,100,347.57,326.0,0,0.0,0.0,,0.0,1,0.56,3.83,SPY200828C00345000,345.0,normalDay
2020-08-27,6032.0,1881.0,0.0,100,348.33,326.0,0,0.0,0.0,,0.0,1,0.56,4.08,SPY200828C00345000,345.0,normalDay
2020-08-28,7988.0,1881.0,1956.0,0,350.58,0.0,0,0.0,0.0,,0.0,1,0.56,0.0,SPY200828C00345000,345.0,expirationDay
2020-08-31,7988.0,-3.0,0.0,0,349.31,0.0,1,0.11,0.14,SPY200902P00337000,337.0,0,0.0,0.0,,0.0,normalDay
2020-09-01,7988.0,8.0,0.0,0,352.6,0.0,1,0.11,0.03,SPY200902P00337000,337.0,0,0.0,0.0,,0.0,normalDay
2020-09-02,7999.0,0.0,11.0,0,357.7,0.0,1,0.11,0.0,SPY200902P00337000,337.0,0,0.0,0.0,,0.0,expirationDay
2020-09-03,7999.0,-6.0,0.0,0,345.39,0.0,1,0.48,0.54,SPY200904P00339000,339.0,0,0.0,0.0,,0.0,normalDay
2020-09-04,8047.0,0.0,48.0,0,342.57,0.0,1,0.48,0.0,SPY200904P00339000,339.0,0,0.0,0.0,,0.0,expirationDay
2020-09-08,8047.0,-17.0,0.0,0,333.21,0.0,1,7.87,8.04,SPY200911P00340000,340.0,0,0.0,0.0,,0.0,normalDay
2020-09-09,8047.0,454.0,0.0,0,339.79,0.0,1,7.87,3.33,SPY200911P00340000,340.0,0,0.0,0.0,,0.0,normalDay
2020-09-10,8047.0,161.0,0.0,0,333.89,0.0,1,7.87,6.26,SPY200911P00340000,340.0,0,0.0,0.0,,0.0,normalDay
2020-09-11,8834.0,-594.0,787.0,100,334.06,340.0,1,7.87,0.0,SPY200911P00340000,340.0,0,0.0,0.0,,0.0,expirationDay
2020-09-14,8834.0,-157.0,0.0,100,338.46,340.0,0,0.0,0.0,,0.0,1,0.26,0.29,SPY201016C00374000,374.0,normalDay
2020-09-15,8834.0,13.0,0.0,100,340.17,340.0,0,0.0,0.0,,0.0,1,0.26,0.3,SPY201016C00374000,374.0,normalDay
2020-09-16,8834.0,-114.0,0.0,100,338.82,340.0,0,0.0,0.0,,0.0,1,0.26,0.22,SPY201016C00374000,374.0,normalDay
2020-09-17,8834.0,-408.0,0.0,100,335.84,340.0,0,0.0,0.0,,0.0,1,0.26,0.18,SPY201016C00374000,374.0,normalDay
2020-09-18,8834.0,-922.0,0.0,100,330.65,340.0,0,0.0,0.0,,0.0,1,0.26,0.13,SPY201016C00374000,374.0,normalDay
2020-09-21,8834.0,-1287.0,0.0,100,326.97,340.0,0,0.0,0.0,,0.0,1,0.26,0.1,SPY201016C00374000,374.0,normalDay
2020-09-22,8834.0,-954.0,0.0,100,330.3,340.0,0,0.0,0.0,,0.0,1,0.26,0.1,SPY201016C00374000,374.0,normalDay
2020-09-23,8834.0,-1716.0,0.0,100,322.64,340.0,0,0.0,0.0,,0.0,1,0.26,0.06,SPY201016C00374000,374.0,normalDay
2020-09-24,8834.0,-1630.0,0.0,100,323.5,340.0,0,0.0,0.0,,0.0,1,0.26,0.06,SPY201016C00374000,374.0,normalDay
2020-09-25,8834.0,-1106.0,0.0,100,328.73,340.0,0,0.0,0.0,,0.0,1,0.26,0.05,SPY201016C00374000,374.0,normalDay
2020-09-28,8834.0,-562.0,0.0,100,334.19,340.0,0,0.0,0.0,,0.0,1,0.26,0.07,SPY201016C00374000,374.0,normalDay
2020-09-29,8834.0,-744.0,0.0,100,332.37,340.0,0,0.0,0.0,,0.0,1,0.26,0.07,SPY201016C00374000,374.0,normalDay
2020-09-30,8834.0,-493.0,0.0,100,334.89,340.0,0,0.0,0.0,,0.0,1,0.26,0.08,SPY201016C00374000,374.0,normalDay
2020-10-01,8834.0,-280.0,0.0,100,337.04,340.0,0,0.0,0.0,,0.0,1,0.26,0.1,SPY201016C00374000,374.0,normalDay
2020-10-02,8834.0,-595.0,0.0,100,333.84,340.0,0,0.0,0.0,,0.0,1,0.26,0.05,SPY201016C00374000,374.0,normalDay
2020-10-05,8834.0,-1.0,0.0,100,339.76,340.0,0,0.0,0.0,,0.0,1,0.26,0.03,SPY201016C00374000,374.0,normalDay
2020-10-06,8834.0,-483.0,0.0,100,334.93,340.0,0,0.0,0.0,,0.0,1,0.26,0.02,SPY201016C00374000,374.0,normalDay
2020-10-07,8834.0,100.0,0.0,100,340.76,340.0,0,0.0,0.0,,0.0,1,0.26,0.02,SPY201016C00374000,374.0,normalDay
2020-10-08,8834.0,403.0,0.0,100,343.78,340.0,0,0.0,0.0,,0.0,1,0.26,0.01,SPY201016C00374000,374.0,normalDay
2020-10-09,8834.0,710.0,0.0,100,346.85,340.0,0,0.0,0.0,,0.0,1,0.26,0.01,SPY201016C00374000,374.0,normalDay
2020-10-12,8834.0,1267.0,0.0,100,352.43,340.0,0,0.0,0.0,,0.0,1,0.26,0.02,SPY201016C00374000,374.0,normalDay
2020-10-13,8834.0,1038.0,0.0,100,350.13,340.0,0,0.0,0.0,,0.0,1,0.26,0.01,SPY201016C00374000,374.0,normalDay
2020-10-14,8834.0,818.0,0.0,100,347.93,340.0,0,0.0,0.0,,0.0,1,0.26,0.01,SPY201016C00374000,374.0,normalDay
2020-10-15,8834.0,775.0,0.0,100,347.5,340.0,0,0.0,0.0,,0.0,1,0.26,0.01,SPY201016C00374000,374.0,normalDay
2020-10-16,8860.0,729.0,26.0,100,347.29,340.0,0,0.0,0.0,,0.0,1,0.26,0.0,SPY201016C00374000,374.0,expirationDay
2020-10-19,8860.0,198.0,0.0,100,342.01,340.0,0,0.0,0.0,,0.0,1,0.3,0.33,SPY201120C00379000,379.0,normalDay
2020-10-20,8860.0,332.0,0.0,100,343.38,340.0,0,0.0,0.0,,0.0,1,0.3,0.36,SPY201120C00379000,379.0,normalDay
2020-10-21,8860.0,275.0,0.0,100,342.73,340.0,0,0.0,0.0,,0.0,1,0.3,0.28,SPY201120C00379000,379.0,normalDay
2020-10-22,8860.0,465.0,0.0,100,344.61,340.0,0,0.0,0.0,,0.0,1,0.3,0.26,SPY201120C00379000,379.0,normalDay
2020-10-23,8860.0,586.0,0.0,100,345.78,340.0,0,0.0,0.0,,0.0,1,0.3,0.22,SPY201120C00379000,379.0,normalDay
2020-10-26,8860.0,-51.0,0.0,100,339.39,340.0,0,0.0,0.0,,0.0,1,0.3,0.2,SPY201120C00379000,379.0,normalDay
2020-10-27,8860.0,-162.0,0.0,100,338.22,340.0,0,0.0,0.0,,0.0,1,0.3,0.14,SPY201120C00379000,379.0,normalDay
2020-10-28,8860.0,-1311.0,0.0,100,326.66,340.0,0,0.0,0.0,,0.0,1,0.3,0.07,SPY201120C00379000,379.0,normalDay
2020-10-29,8860.0,-980.0,0.0,100,329.98,340.0,0,0.0,0.0,,0.0,1,0.3,0.08,SPY201120C00379000,379.0,normalDay
2020-10-30,8860.0,-1326.0,0.0,100,326.54,340.0,0,0.0,0.0,,0.0,1,0.3,0.1,SPY201120C00379000,379.0,normalDay
2020-11-02,8860.0,-962.0,0.0,100,330.2,340.0,0,0.0,0.0,,0.0,1,0.3,0.12,SPY201120C00379000,379.0,normalDay
2020-11-03,8860.0,-384.0,0.0,100,336.03,340.0,0,0.0,0.0,,0.0,1,0.3,0.17,SPY201120C00379000,379.0,normalDay
2020-11-04,8860.0,376.0,0.0,100,343.54,340.0,0,0.0,0.0,,0.0,1,0.3,0.08,SPY201120C00379000,379.0,normalDay
2020-11-05,8860.0,1040.0,0.0,100,350.24,340.0,0,0.0,0.0,,0.0,1,0.3,0.14,SPY201120C00379000,379.0,normalDay
2020-11-06,8860.0,1039.0,0.0,100,350.16,340.0,0,0.0,0.0,,0.0,1,0.3,0.07,SPY201120C00379000,379.0,normalDay
2020-11-09,8860.0,1468.0,0.0,100,354.56,340.0,0,0.0,0.0,,0.0,1,0.3,0.18,SPY201120C00379000,379.0,normalDay
2020-11-10,8860.0,1425.0,0.0,100,354.04,340.0,0,0.0,0.0,,0.0,1,0.3,0.09,SPY201120C00379000,379.0,normalDay
2020-11-11,8860.0,1690.0,0.0,100,356.67,340.0,0,0.0,0.0,,0.0,1,0.3,0.07,SPY201120C00379000,379.0,normalDay
2020-11-12,8860.0,1348.0,0.0,100,353.21,340.0,0,0.0,0.0,,0.0,1,0.3,0.03,SPY201120C00379000,379.0,normalDay
2020-11-13,8860.0,1835.0,0.0,100,358.1,340.0,0,0.0,0.0,,0.0,1,0.3,0.05,SPY201120C00379000,379.0,normalDay
2020-11-16,8860.0,2284.0,0.0,100,362.57,340.0,0,0.0,0.0,,0.0,1,0.3,0.03,SPY201120C00379000,379.0,normalDay
2020-11-17,8860.0,2091.0,0.0,100,360.62,340.0,0,0.0,0.0,,0.0,1,0.3,0.01,SPY201120C00379000,379.0,normalDay
2020-11-18,8860.0,1657.0,0.0,100,356.28,340.0,0,0.0,0.0,,0.0,1,0.3,0.01,SPY201120C00379000,379.0,normalDay
2020-11-19,8860.0,1807.0,0.0,100,357.78,340.0,0,0.0,0.0,,0.0,1,0.3,0.01,SPY201120C00379000,379.0,normalDay
2020-11-20,8890.0,1533.0,30.0,100,355.33,340.0,0,0.0,0.0,,0.0,1,0.3,0.0,SPY201120C00379000,379.0,expirationDay
2020-11-23,8890.0,1743.0,0.0,100,357.46,340.0,0,0.0,0.0,,0.0,1,0.01,0.04,SPY201224C00405000,405.0,normalDay
2020-11-24,8890.0,2315.0,0.0,100,363.22,340.0,0,0.0,0.0,,0.0,1,0.01,0.08,SPY201224C00405000,405.0,normalDay
2020-11-25,8890.0,2260.0,0.0,100,362.66,340.0,0,0.0,0.0,,0.0,1,0.01,0.07,SPY201224C00405000,405.0,normalDay
2020-11-27,8890.0,2361.0,0.0,100,363.67,340.0,0,0.0,0.0,,0.0,1,0.01,0.07,SPY201224C00405000,405.0,normalDay
2020-11-30,8890.0,2203.0,0.0,100,362.06,340.0,0,0.0,0.0,,0.0,1,0.01,0.04,SPY201224C00405000,405.0,normalDay
2020-12-01,8890.0,2597.0,0.0,100,366.02,340.0,0,0.0,0.0,,0.0,1,0.01,0.06,SPY201224C00405000,405.0,normalDay
2020-12-02,8890.0,2674.0,0.0,100,366.79,340.0,0,0.0,0.0,,0.0,1,0.01,0.06,SPY201224C00405000,405.0,normalDay
2020-12-03,8890.0,2665.0,0.0,100,366.69,340.0,0,0.0,0.0,,0.0,1,0.01,0.05,SPY201224C00405000,405.0,normalDay
2020-12-04,8890.0,2981.0,0.0,100,369.85,340.0,0,0.0,0.0,,0.0,1,0.01,0.05,SPY201224C00405000,405.0,normalDay
2020-12-07,8890.0,2907.0,0.0,100,369.09,340.0,0,0.0,0.0,,0.0,1,0.01,0.03,SPY201224C00405000,405.0,normalDay
2020-12-08,8890.0,3015.0,0.0,100,370.17,340.0,0,0.0,0.0,,0.0,1,0.01,0.03,SPY201224C00405000,405.0,normalDay
2020-12-09,8890.0,2684.0,0.0,100,366.85,340.0,0,0.0,0.0,,0.0,1,0.01,0.02,SPY201224C00405000,405.0,normalDay
2020-12-10,8890.0,2672.0,0.0,100,366.73,340.0,0,0.0,0.0,,0.0,1,0.01,0.02,SPY201224C00405000,405.0,normalDay
2020-12-11,8890.0,2629.0,0.0,100,366.3,340.0,0,0.0,0.0,,0.0,1,0.01,0.02,SPY201224C00405000,405.0,normalDay
2020-12-14,8890.0,2465.0,0.0,100,364.66,340.0,0,0.0,0.0,,0.0,1,0.01,0.02,SPY201224C00405000,405.0,normalDay
2020-12-15,8890.0,2959.0,0.0,100,369.59,340.0,0,0.0,0.0,,0.0,1,0.01,0.01,SPY201224C00405000,405.0,normalDay
2020-12-16,8890.0,3016.0,0.0,100,370.17,340.0,0,0.0,0.0,,0.0,1,0.01,0.02,SPY201224C00405000,405.0,normalDay
2020-12-17,8890.0,3223.0,0.0,100,372.24,340.0,0,0.0,0.0,,0.0,1,0.01,0.02,SPY201224C00405000,405.0,normalDay
2020-12-18,8890.0,2918.0,0.0,100,369.18,340.0,0,0.0,0.0,,0.0,1,0.01,0.01,SPY201224C00405000,405.0,normalDay
2020-12-21,8890.0,2786.0,0.0,100,367.86,340.0,0,0.0,0.0,,0.0,1,0.01,0.01,SPY201224C00405000,405.0,normalDay
2020-12-22,8890.0,2724.0,0.0,100,367.24,340.0,0,0.0,0.0,,0.0,1,0.01,0.01,SPY201224C00405000,405.0,normalDay
2020-12-23,8890.0,2757.0,0.0,100,367.57,340.0,0,0.0,0.0,,0.0,1,0.01,0.01,SPY201224C00405000,405.0,normalDay
2020-12-24,8891.0,2900.0,1.0,100,369.0,340.0,0,0.0,0.0,,0.0,1,0.01,0.0,SPY201224C00405000,405.0,expirationDay
2020-12-28,8891.0,3212.0,0.0,100,372.17,340.0,0,0.0,0.0,,0.0,1,3.89,3.94,SPY210129C00379000,379.0,normalDay
2020-12-29,8891.0,3137.0,0.0,100,371.46,340.0,0,0.0,0.0,,0.0,1,3.89,3.98,SPY210129C00379000,379.0,normalDay
2020-12-30,8891.0,3199.0,0.0,100,371.99,340.0,0,0.0,0.0,,0.0,1,3.89,3.89,SPY210129C00379000,379.0,normalDay
2020-12-31,8891.0,3299.0,0.0,100,373.88,340.0,0,0.0,0.0,,0.0,1,3.89,4.78,SPY210129C00379000,379.0,normalDay
2021-01-04,8891.0,2969.0,0.0,100,368.79,340.0,0,0.0,0.0,,0.0,1,3.89,2.99,SPY210129C00379000,379.0,normalDay
2021-01-05,8891.0,3182.0,0.0,100,371.33,340.0,0,0.0,0.0,,0.0,1,3.89,3.4,SPY210129C00379000,379.0,normalDay
2021-01-06,8891.0,3304.0,0.0,100,373.55,340.0,0,0.0,0.0,,0.0,1,3.89,4.4,SPY210129C00379000,379.0,normalDay
2021-01-07,8891.0,3671.0,0.0,100,379.1,340.0,0,0.0,0.0,,0.0,1,3.89,6.28,SPY210129C00379000,379.0,normalDay
2021-01-08,8891.0,3742.0,0.0,100,381.26,340.0,0,0.0,0.0,,0.0,1,3.89,7.73,SPY210129C00379000,379.0,normalDay
2021-01-11,8891.0,3616.0,0.0,100,378.69,340.0,0,0.0,0.0,,0.0,1,3.89,6.42,SPY210129C00379000,379.0,normalDay
2021-01-12,8891.0,3692.0,0.0,100,378.77,340.0,0,0.0,0.0,,0.0,1,3.89,5.74,SPY210129C00379000,379.0,normalDay
2021-01-13,8891.0,3770.0,0.0,100,379.79,340.0,0,0.0,0.0,,0.0,1,3.89,5.98,SPY210129C00379000,379.0,normalDay
2021-01-14,8891.0,3707.0,0.0,100,378.46,340.0,0,0.0,0.0,,0.0,1,3.89,5.28,SPY210129C00379000,379.0,normalDay
2021-01-15,8891.0,3637.0,0.0,100,375.7,340.0,0,0.0,0.0,,0.0,1,3.89,3.22,SPY210129C00379000,379.0,normalDay
2021-01-19,8891.0,3831.0,0.0,100,378.65,340.0,0,0.0,0.0,,0.0,1,3.89,4.23,SPY210129C00379000,379.0,normalDay
2021-01-20,8891.0,4068.0,0.0,100,383.89,340.0,0,0.0,0.0,,0.0,1,3.89,7.1,SPY210129C00379000,379.0,normalDay
2021-01-21,8891.0,4111.0,0.0,100,384.24,340.0,0,0.0,0.0,,0.0,1,3.89,7.02,SPY210129C00379000,379.0,normalDay
2021-01-22,8891.0,4108.0,0.0,100,382.88,340.0,0,0.0,0.0,,0.0,1,3.89,5.69,SPY210129C00379000,379.0,normalDay
2021-01-25,8891.0,4167.0,0.0,100,384.39,340.0,0,0.0,0.0,,0.0,1,3.89,6.61,SPY210129C00379000,379.0,normalDay
2021-01-26,8891.0,4123.0,0.0,100,383.79,340.0,0,0.0,0.0,,0.0,1,3.89,6.45,SPY210129C00379000,379.0,normalDay
2021-01-27,8891.0,3668.0,0.0,100,374.41,340.0,0,0.0,0.0,,0.0,1,3.89,1.62,SPY210129C00379000,379.0,normalDay
2021-01-28,8891.0,4001.0,0.0,100,377.63,340.0,0,0.0,0.0,,0.0,1,3.89,1.51,SPY210129C00379000,379.0,normalDay
2021-01-29,9280.0,3007.0,389.0,100,370.07,340.0,0,0.0,0.0,,0.0,1,3.89,0.0,SPY210129C00379000,379.0,expirationDay
2021-02-01,9280.0,3618.0,0.0,100,376.23,340.0,0,0.0,0.0,,0.0,1,0.95,1.0,SPY210305C00400000,400.0,normalDay
2021-02-02,9280.0,4098.0,0.0,100,381.55,340.0,0,0.0,0.0,,0.0,1,0.95,1.52,SPY210305C00400000,400.0,normalDay
2021-02-03,9280.0,4155.0,0.0,100,381.85,340.0,0,0.0,0.0,,0.0,1,0.95,1.25,SPY210305C00400000,400.0,normalDay
2021-02-04,9280.0,4542.0,0.0,100,386.19,340.0,0,0.0,0.0,,0.0,1,0.95,1.72,SPY210305C00400000,400.0,normalDay
2021-02-05,9280.0,4685.0,0.0,100,387.71,340.0,0,0.0,0.0,,0.0,1,0.95,1.81,SPY210305C00400000,400.0,normalDay
2021-02-08,9280.0,4922.0,0.0,100,390.51,340.0,0,0.0,0.0,,0.0,1,0.95,2.24,SPY210305C00400000,400.0,normalDay
2021-02-09,9280.0,4899.0,0.0,100,390.25,340.0,0,0.0,0.0,,0.0,1,0.95,2.21,SPY210305C00400000,400.0,normalDay
2021-02-10,9280.0,4892.0,0.0,100,390.08,340.0,0,0.0,0.0,,0.0,1,0.95,2.11,SPY210305C00400000,400.0,normalDay
2021-02-11,9280.0,4979.0,0.0,100,390.71,340.0,0,0.0,0.0,,0.0,1,0.95,1.87,SPY210305C00400000,400.0,normalDay
2021-02-12,9280.0,5137.0,0.0,100,392.64,340.0,0,0.0,0.0,,0.0,1,0.95,2.22,SPY210305C00400000,400.0,normalDay
2021-02-16,9280.0,5147.0,0.0,100,392.3,340.0,0,0.0,0.0,,0.0,1,0.95,1.78,SPY210305C00400000,400.0,normalDay
2021-02-17,9280.0,5181.0,0.0,100,392.39,340.0,0,0.0,0.0,,0.0,1,0.95,1.53,SPY210305C00400000,400.0,normalDay
2021-02-18,9280.0,5050.0,0.0,100,390.72,340.0,0,0.0,0.0,,0.0,1,0.95,1.17,SPY210305C00400000,400.0,normalDay
2021-02-19,9280.0,5027.0,0.0,100,390.03,340.0,0,0.0,0.0,,0.0,1,0.95,0.71,SPY210305C00400000,400.0,normalDay
2021-02-22,9280.0,4762.0,0.0,100,387.03,340.0,0,0.0,0.0,,0.0,1,0.95,0.36,SPY210305C00400000,400.0,normalDay
2021-02-23,9280.0,4810.0,0.0,100,387.5,340.0,0,0.0,0.0,,0.0,1,0.95,0.35,SPY210305C00400000,400.0,normalDay
2021-02-24,9280.0,5205.0,0.0,100,391.77,340.0,0,0.0,0.0,,0.0,1,0.95,0.67,SPY210305C00400000,400.0,normalDay
2021-02-25,9280.0,4300.0,0.0,100,382.33,340.0,0,0.0,0.0,,0.0,1,0.95,0.28,SPY210305C00400000,400.0,normalDay
2021-02-26,9280.0,4121.0,0.0,100,380.36,340.0,0,0.0,0.0,,0.0,1,0.95,0.1,SPY210305C00400000,400.0,normalDay
2021-03-01,9280.0,5031.0,0.0,100,389.58,340.0,0,0.0,0.0,,0.0,1,0.95,0.22,SPY210305C00400000,400.0,normalDay
2021-03-02,9280.0,4743.0,0.0,100,386.54,340.0,0,0.0,0.0,,0.0,1,0.95,0.06,SPY210305C00400000,400.0,normalDay
2021-03-03,9280.0,4235.0,0.0,100,381.42,340.0,0,0.0,0.0,,0.0,1,0.95,0.02,SPY210305C00400000,400.0,normalDay
2021-03-04,9280.0,3764.0,0.0,100,376.7,340.0,0,0.0,0.0,,0.0,1,0.95,0.01,SPY210305C00400000,400.0,normalDay
2021-03-05,9375.0,4363.0,95.0,100,383.63,340.0,0,0.0,0.0,,0.0,1,0.95,0.0,SPY210305C00400000,400.0,expirationDay
2021-03-08,9375.0,4167.0,0.0,100,381.72,340.0,0,0.0,0.0,,0.0,1,0.43,0.48,SPY210409C00410000,410.0,normalDay
2021-03-09,9375.0,4688.0,0.0,100,387.17,340.0,0,0.0,0.0,,0.0,1,0.43,0.72,SPY210409C00410000,410.0,normalDay
2021-03-10,9375.0,4918.0,0.0,100,389.58,340.0,0,0.0,0.0,,0.0,1,0.43,0.83,SPY210409C00410000,410.0,normalDay
2021-03-11,9375.0,5284.0,0.0,100,393.53,340.0,0,0.0,0.0,,0.0,1,0.43,1.12,SPY210409C00410000,410.0,normalDay
2021-03-12,9375.0,5342.0,0.0,100,394.06,340.0,0,0.0,0.0,,0.0,1,0.43,1.07,SPY210409C00410000,410.0,normalDay
2021-03-15,9375.0,5575.0,0.0,100,396.41,340.0,0,0.0,0.0,,0.0,1,0.43,1.09,SPY210409C00410000,410.0,normalDay
2021-03-16,9375.0,5547.0,0.0,100,395.91,340.0,0,0.0,0.0,,0.0,1,0.43,0.87,SPY210409C00410000,410.0,normalDay
2021-03-17,9375.0,5676.0,0.0,100,397.26,340.0,0,0.0,0.0,,0.0,1,0.43,0.93,SPY210409C00410000,410.0,normalDay
2021-03-18,9375.0,5147.0,0.0,100,391.48,340.0,0,0.0,0.0,,0.0,1,0.43,0.44,SPY210409C00410000,410.0,normalDay
2021-03-19,9375.0,4962.0,0.0,100,389.48,340.0,0,0.0,0.0,,0.0,1,0.43,0.29,SPY210409C00410000,410.0,normalDay
2021-03-22,9375.0,5277.0,0.0,100,392.59,340.0,0,0.0,0.0,,0.0,1,0.43,0.25,SPY210409C00410000,410.0,normalDay
2021-03-23,9375.0,4979.0,0.0,100,389.5,340.0,0,0.0,0.0,,0.0,1,0.43,0.14,SPY210409C00410000,410.0,normalDay
2021-03-24,9375.0,4788.0,0.0,100,387.52,340.0,0,0.0,0.0,,0.0,1,0.43,0.07,SPY210409C00410000,410.0,normalDay
2021-03-25,9375.0,5002.0,0.0,100,389.7,340.0,0,0.0,0.0,,0.0,1,0.43,0.11,SPY210409C00410000,410.0,normalDay
2021-03-26,9375.0,5614.0,0.0,100,395.98,340.0,0,0.0,0.0,,0.0,1,0.43,0.27,SPY210409C00410000,410.0,normalDay
2021-03-29,9375.0,5595.0,0.0,100,395.78,340.0,0,0.0,0.0,,0.0,1,0.43,0.26,SPY210409C00410000,410.0,normalDay
2021-03-30,9375.0,5506.0,0.0,100,394.73,340.0,0,0.0,0.0,,0.0,1,0.43,0.1,SPY210409C00410000,410.0,normalDay
2021-03-31,9375.0,5663.0,0.0,100,396.33,340.0,0,0.0,0.0,,0.0,1,0.43,0.13,SPY210409C00410000,410.0,normalDay
2021-04-01,9375.0,6083.0,0.0,100,400.61,340.0,0,0.0,0.0,,0.0,1,0.43,0.21,SPY210409C00410000,410.0,normalDay
2021-04-05,9375.0,6596.0,0.0,100,406.36,340.0,0,0.0,0.0,,0.0,1,0.43,0.83,SPY210409C00410000,410.0,normalDay
2021-04-06,9375.0,6602.0,0.0,100,406.12,340.0,0,0.0,0.0,,0.0,1,0.43,0.53,SPY210409C00410000,410.0,normalDay
2021-04-07,9375.0,6663.0,0.0,100,406.59,340.0,0,0.0,0.0,,0.0,1,0.43,0.39,SPY210409C00410000,410.0,normalDay
2021-04-08,9375.0,6847.0,0.0,100,408.52,340.0,0,0.0,0.0,,0.0,1,0.43,0.48,SPY210409C00410000,410.0,normalDay
2021-04-09,16418.0,6847.0,7043.0,0,411.49,0.0,0,0.0,0.0,,0.0,1,0.43,0.0,SPY210409C00410000,410.0,expirationDay
2021-04-12,16418.0,-3.0,0.0,0,411.64,0.0,1,0.01,0.04,SPY210414P00395000,395.0,0,0.0,0.0,,0.0,normalDay
2021-04-13,16418.0,-1.0,0.0,0,412.86,0.0,1,0.01,0.02,SPY210414P00395000,395.0,0,0.0,0.0,,0.0,normalDay
2021-04-14,16419.0,0.0,1.0,0,411.45,0.0,1,0.01,0.0,SPY210414P00395000,395.0,0,0.0,0.0,,0.0,expirationDay
2021-04-15,16419.0,0.0,0.0,0,415.87,0.0,0,0.0,0.0,,0.0,0,0.0,0.0,,0.0,bidTooLow
2021-04-16,16419.0,0.0,0.0,0,417.26,0.0,0,0.0,0.0,,0.0,0,0.0,0.0,,0.0,bidTooLow
2021-04-19,16419.0,0.0,0.0,0,415.21,0.0,0,0.0,0.0,,0.0,0,0.0,0.0,,0.0,bidTooLow
2021-04-20,16419.0,-3.0,0.0,0,412.17,0.0,1,0.14,0.17,SPY210423P00400000,400.0,0,0.0,0.0,,0.0,normalDay
2021-04-21,16419.0,12.0,0.0,0,416.07,0.0,1,0.14,0.02,SPY210423P00400000,400.0,0,0.0,0.0,,0.0,normalDay
2021-04-22,16419.0,10.0,0.0,0,412.27,0.0,1,0.14,0.04,SPY210423P00400000,400.0,0,0.0,0.0,,0.0,normalDay
2021-04-23,16433.0,0.0,14.0,0,416.74,0.0,1,0.14,0.0,SPY210423P00400000,400.0,0,0.0,0.0,,0.0,expirationDay
2021-04-26,16433.0,-3.0,0.0,0,417.61,0.0,1,0.04,0.07,SPY210428P00406000,406.0,0,0.0,0.0,,0.0,normalDay
2021-04-27,16433.0,1.0,0.0,0,417.52,0.0,1,0.04,0.03,SPY210428P00406000,406.0,0,0.0,0.0,,0.0,normalDay
2021-04-28,16437.0,0.0,4.0,0,417.4,0.0,1,0.04,0.0,SPY210428P00406000,406.0,0,0.0,0.0,,0.0,expirationDay
2021-04-29,16437.0,-3.0,0.0,0,420.06,0.0,1,0.02,0.05,SPY210430P00411000,411.0,0,0.0,0.0,,0.0,normalDay
2021-04-30,16439.0,0.0,2.0,0,417.3,0.0,1,0.02,0.0,SPY210430P00411000,411.0,0,0.0,0.0,,0.0,expirationDay
2021-05-03,16439.0,-3.0,0.0,0,418.2,0.0,1,0.29,0.32,SPY210505P00413000,413.0,0,0.0,0.0,,0.0,normalDay
2021-05-04,16439.0,-22.0,0.0,0,415.62,0.0,1,0.29,0.51,SPY210505P00413000,413.0,0,0.0,0.0,,0.0,normalDay
2021-05-05,16468.0,0.0,29.0,0,415.75,0.0,1,0.29,0.0,SPY210505P00413000,413.0,0,0.0,0.0,,0.0,expirationDay
2021-05-06,16468.0,-3.0,0.0,0,419.07,0.0,1,0.24,0.27,SPY210507P00415000,415.0,0,0.0,0.0,,0.0,normalDay
2021-05-07,16492.0,0.0,24.0,0,422.12,0.0,1,0.24,0.0,SPY210507P00415000,415.0,0,0.0,0.0,,0.0,expirationDay
2021-05-10,16492.0,-3.0,0.0,0,417.94,0.0,1,1.17,1.2,SPY210512P00415000,415.0,0,0.0,0.0,,0.0,normalDay
2021-05-11,16492.0,-103.0,0.0,0,414.21,0.0,1,1.17,2.2,SPY210512P00415000,415.0,0,0.0,0.0,,0.0,normalDay
2021-05-12,16609.0,-959.0,117.0,100,405.41,415.0,1,1.17,0.0,SPY210512P00415000,415.0,0,0.0,0.0,,0.0,expirationDay
2021-05-13,16609.0,-477.0,0.0,100,410.28,415.0,0,0.0,0.0,,0.0,1,0.59,0.64,SPY210614C00433000,433.0,normalDay
2021-05-14,16609.0,121.0,0.0,100,416.58,415.0,0,0.0,0.0,,0.0,1,0.59,0.96,SPY210614C00433000,433.0,normalDay
2021-05-17,16609.0,47.0,0.0,100,415.52,415.0,0,0.0,0.0,,0.0,1,0.59,0.64,SPY210614C00433000,433.0,normalDay
2021-05-18,16609.0,-282.0,0.0,100,411.94,415.0,0,0.0,0.0,,0.0,1,0.59,0.35,SPY210614C00433000,433.0,normalDay
2021-05-19,16609.0,-384.0,0.0,100,410.86,415.0,0,0.0,0.0,,0.0,1,0.59,0.29,SPY210614C00433000,433.0,normalDay
2021-05-20,16609.0,42.0,0.0,100,415.28,415.0,0,0.0,0.0,,0.0,1,0.59,0.45,SPY210614C00433000,433.0,normalDay
2021-05-21,16609.0,20.0,0.0,100,414.94,415.0,0,0.0,0.0,,0.0,1,0.59,0.33,SPY210614C00433000,433.0,normalDay
2021-05-24,16609.0,431.0,0.0,100,419.17,415.0,0,0.0,0.0,,0.0,1,0.59,0.45,SPY210614C00433000,433.0,normalDay
2021-05-25,16609.0,350.0,0.0,100,418.24,415.0,0,0.0,0.0,,0.0,1,0.59,0.33,SPY210614C00433000,433.0,normalDay
2021-05-26,16609.0,443.0,0.0,100,419.07,415.0,0,0.0,0.0,,0.0,1,0.59,0.23,SPY210614C00433000,433.0,normalDay
2021-05-27,16609.0,467.0,0.0,100,419.29,415.0,0,0.0,0.0,,0.0,1,0.59,0.21,SPY210614C00433000,433.0,normalDay
2021-05-28,16609.0,544.0,0.0,100,420.04,415.0,0,0.0,0.0,,0.0,1,0.59,0.19,SPY210614C00433000,433.0,normalDay
2021-06-01,16609.0,511.0,0.0,100,419.67,415.0,0,0.0,0.0,,0.0,1,0.59,0.15,SPY210614C00433000,433.0,normalDay
2021-06-02,16609.0,581.0,0.0,100,420.33,415.0,0,0.0,0.0,,0.0,1,0.59,0.11,SPY210614C00433000,433.0,normalDay
2021-06-03,16609.0,428.0,0.0,100,418.77,415.0,0,0.0,0.0,,0.0,1,0.59,0.08,SPY210614C00433000,433.0,normalDay
2021-06-04,16609.0,813.0,0.0,100,422.6,415.0,0,0.0,0.0,,0.0,1,0.59,0.06,SPY210614C00433000,433.0,normalDay
2021-06-07,16609.0,774.0,0.0,100,422.19,415.0,0,0.0,0.0,,0.0,1,0.59,0.04,SPY210614C00433000,433.0,normalDay
2021-06-08,16609.0,783.0,0.0,100,422.28,415.0,0,0.0,0.0,,0.0,1,0.59,0.04,SPY210614C00433000,433.0,normalDay
2021-06-09,16609.0,720.0,0.0,100,421.65,415.0,0,0.0,0.0,,0.0,1,0.59,0.04,SPY210614C00433000,433.0,normalDay
2021-06-10,16609.0,917.0,0.0,100,423.61,415.0,0,0.0,0.0,,0.0,1,0.59,0.03,SPY210614C00433000,433.0,normalDay
2021-06-11,16609.0,989.0,0.0,100,424.31,415.0,0,0.0,0.0,,0.0,1,0.59,0.01,SPY210614C00433000,433.0,normalDay
2021-06-14,16668.0,1026.0,59.0,100,425.26,415.0,0,0.0,0.0,,0.0,1,0.59,0.0,SPY210614C00433000,433.0,expirationDay
2021-06-15,16668.0,944.0,0.0,100,424.48,415.0,0,0.0,0.0,,0.0,1,0.63,0.67,SPY210716C00438000,438.0,normalDay
2021-06-16,16668.0,733.0,0.0,100,422.11,415.0,0,0.0,0.0,,0.0,1,0.63,0.41,SPY210716C00438000,438.0,normalDay
2021-06-17,16668.0,727.0,0.0,100,421.97,415.0,0,0.0,0.0,,0.0,1,0.63,0.33,SPY210716C00438000,438.0,normalDay
2021-06-18,16668.0,37.0,0.0,100,414.92,415.0,0,0.0,0.0,,0.0,1,0.63,0.18,SPY210716C00438000,438.0,normalDay
2021-06-21,16668.0,621.0,0.0,100,420.86,415.0,0,0.0,0.0,,0.0,1,0.63,0.28,SPY210716C00438000,438.0,normalDay
2021-06-22,16668.0,841.0,0.0,100,423.11,415.0,0,0.0,0.0,,0.0,1,0.63,0.33,SPY210716C00438000,438.0,normalDay
2021-06-23,16668.0,797.0,0.0,100,422.6,415.0,0,0.0,0.0,,0.0,1,0.63,0.26,SPY210716C00438000,438.0,normalDay
2021-06-24,16668.0,1035.0,0.0,100,425.1,415.0,0,0.0,0.0,,0.0,1,0.63,0.38,SPY210716C00438000,438.0,normalDay
2021-06-25,16668.0,1188.0,0.0,100,426.61,415.0,0,0.0,0.0,,0.0,1,0.63,0.36,SPY210716C00438000,438.0,normalDay
2021-06-28,16668.0,1277.0,0.0,100,427.47,415.0,0,0.0,0.0,,0.0,1,0.63,0.33,SPY210716C00438000,438.0,normalDay
2021-06-29,16668.0,1298.0,0.0,100,427.7,415.0,0,0.0,0.0,,0.0,1,0.63,0.35,SPY210716C00438000,438.0,normalDay
2021-06-30,16668.0,1335.0,0.0,100,428.06,415.0,0,0.0,0.0,,0.0,1,0.63,0.34,SPY210716C00438000,438.0,normalDay
2021-07-01,16668.0,1552.0,0.0,100,430.43,415.0,0,0.0,0.0,,0.0,1,0.63,0.54,SPY210716C00438000,438.0,normalDay
2021-07-02,16668.0,1822.0,0.0,100,433.72,415.0,0,0.0,0.0,,0.0,1,0.63,1.13,SPY210716C00438000,438.0,normalDay
2021-07-06,16668.0,1780.0,0.0,100,432.93,415.0,0,0.0,0.0,,0.0,1,0.63,0.76,SPY210716C00438000,438.0,normalDay
2021-07-07,16668.0,1899.0,0.0,100,434.46,415.0,0,0.0,0.0,,0.0,1,0.63,1.1,SPY210716C00438000,438.0,normalDay
2021-07-08,16668.0,1600.0,0.0,100,430.92,415.0,0,0.0,0.0,,0.0,1,0.63,0.55,SPY210716C00438000,438.0,normalDay
2021-07-09,16668.0,1992.0,0.0,100,435.52,415.0,0,0.0,0.0,,0.0,1,0.63,1.23,SPY210716C00438000,438.0,normalDay
2021-07-12,16668.0,2118.0,0.0,100,437.08,415.0,0,0.0,0.0,,0.0,1,0.63,1.53,SPY210716C00438000,438.0,normalDay
2021-07-13,16668.0,2039.0,0.0,100,435.59,415.0,0,0.0,0.0,,0.0,1,0.63,0.83,SPY210716C00438000,438.0,normalDay
2021-07-14,16668.0,2118.0,0.0,100,436.24,415.0,0,0.0,0.0,,0.0,1,0.63,0.69,SPY210716C00438000,438.0,normalDay
2021-07-15,16668.0,2027.0,0.0,100,434.75,415.0,0,0.0,0.0,,0.0,1,0.63,0.11,SPY210716C00438000,438.0,normalDay
2021-07-16,16731.0,1634.0,63.0,100,431.34,415.0,0,0.0,0.0,,0.0,1,0.63,0.0,SPY210716C00438000,438.0,expirationDay
2021-07-19,16731.0,994.0,0.0,100,424.97,415.0,0,0.0,0.0,,0.0,1,0.09,0.12,SPY210820C00453000,453.0,normalDay
2021-07-20,16731.0,1588.0,0.0,100,431.06,415.0,0,0.0,0.0,,0.0,1,0.09,0.27,SPY210820C00453000,453.0,normalDay
2021-07-21,16731.0,1927.0,0.0,100,434.55,415.0,0,0.0,0.0,,0.0,1,0.09,0.37,SPY210820C00453000,453.0,normalDay
2021-07-22,16731.0,2013.0,0.0,100,435.46,415.0,0,0.0,0.0,,0.0,1,0.09,0.42,SPY210820C00453000,453.0,normalDay
2021-07-23,16731.0,2423.0,0.0,100,439.94,415.0,0,0.0,0.0,,0.0,1,0.09,0.8,SPY210820C00453000,453.0,normalDay
2021-07-26,16731.0,2524.0,0.0,100,441.02,415.0,0,0.0,0.0,,0.0,1,0.09,0.87,SPY210820C00453000,453.0,normalDay
2021-07-27,16731.0,2352.0,0.0,100,439.01,415.0,0,0.0,0.0,,0.0,1,0.09,0.58,SPY210820C00453000,453.0,normalDay
2021-07-28,16731.0,2348.0,0.0,100,438.83,415.0,0,0.0,0.0,,0.0,1,0.09,0.44,SPY210820C00453000,453.0,normalDay
2021-07-29,16731.0,2519.0,0.0,100,440.65,415.0,0,0.0,0.0,,0.0,1,0.09,0.55,SPY210820C00453000,453.0,normalDay
2021-07-30,16731.0,2325.0,0.0,100,438.51,415.0,0,0.0,0.0,,0.0,1,0.09,0.35,SPY210820C00453000,453.0,normalDay
2021-08-02,16731.0,2244.0,0.0,100,437.59,415.0,0,0.0,0.0,,0.0,1,0.09,0.24,SPY210820C00453000,453.0,normalDay
2021-08-03,16731.0,2594.0,0.0,100,441.15,415.0,0,0.0,0.0,,0.0,1,0.09,0.3,SPY210820C00453000,453.0,normalDay
2021-08-04,16731.0,2387.0,0.0,100,438.98,415.0,0,0.0,0.0,,0.0,1,0.09,0.2,SPY210820C00453000,453.0,normalDay
2021-08-05,16731.0,2654.0,0.0,100,441.76,415.0,0,0.0,0.0,,0.0,1,0.09,0.31,SPY210820C00453000,453.0,normalDay
2021-08-06,16731.0,2735.0,0.0,100,442.49,415.0,0,0.0,0.0,,0.0,1,0.09,0.23,SPY210820C00453000,453.0,normalDay
2021-08-09,16731.0,2706.0,0.0,100,442.13,415.0,0,0.0,0.0,,0.0,1,0.09,0.16,SPY210820C00453000,453.0,normalDay
2021-08-10,16731.0,2764.0,0.0,100,442.68,415.0,0,0.0,0.0,,0.0,1,0.09,0.13,SPY210820C00453000,453.0,normalDay
2021-08-11,16731.0,2873.0,0.0,100,443.78,415.0,0,0.0,0.0,,0.0,1,0.09,0.14,SPY210820C00453000,453.0,normalDay
2021-08-12,16731.0,3007.0,0.0,100,445.11,415.0,0,0.0,0.0,,0.0,1,0.09,0.13,SPY210820C00453000,453.0,normalDay
2021-08-13,16731.0,3093.0,0.0,100,445.92,415.0,0,0.0,0.0,,0.0,1,0.09,0.08,SPY210820C00453000,453.0,normalDay
2021-08-16,16731.0,3194.0,0.0,100,446.97,415.0,0,0.0,0.0,,0.0,1,0.09,0.12,SPY210820C00453000,453.0,normalDay
2021-08-17,16731.0,2909.0,0.0,100,444.04,415.0,0,0.0,0.0,,0.0,1,0.09,0.04,SPY210820C00453000,453.0,normalDay
2021-08-18,16731.0,2425.0,0.0,100,439.18,415.0,0,0.0,0.0,,0.0,1,0.09,0.02,SPY210820C00453000,453.0,normalDay
2021-08-19,16731.0,2494.0,0.0,100,439.86,415.0,0,0.0,0.0,,0.0,1,0.09,0.01,SPY210820C00453000,453.0,normalDay
2021-08-20,16740.0,2836.0,9.0,100,443.36,415.0,0,0.0,0.0,,0.0,1,0.09,0.0,SPY210820C00453000,453.0,expirationDay
2021-08-23,16740.0,3221.0,0.0,100,447.26,415.0,0,0.0,0.0,,0.0,1,2.12,2.17,SPY210924C00455000,455.0,normalDay
2021-08-24,16740.0,3290.0,0.0,100,447.97,415.0,0,0.0,0.0,,0.0,1,2.12,2.19,SPY210924C00455000,455.0,normalDay
2021-08-25,16740.0,3378.0,0.0,100,448.91,415.0,0,0.0,0.0,,0.0,1,2.12,2.25,SPY210924C00455000,455.0,normalDay
2021-08-26,16740.0,3165.0,0.0,100,446.26,415.0,0,0.0,0.0,,0.0,1,2.12,1.73,SPY210924C00455000,455.0,normalDay
2021-08-27,16740.0,3500.0,0.0,100,450.25,415.0,0,0.0,0.0,,0.0,1,2.12,2.37,SPY210924C00455000,455.0,normalDay
2021-08-30,16740.0,3639.0,0.0,100,452.23,415.0,0,0.0,0.0,,0.0,1,2.12,2.96,SPY210924C00455000,455.0,normalDay
2021-08-31,16740.0,3589.0,0.0,100,451.56,415.0,0,0.0,0.0,,0.0,1,2.12,2.79,SPY210924C00455000,455.0,normalDay
2021-09-01,16740.0,3626.0,0.0,100,451.8,415.0,0,0.0,0.0,,0.0,1,2.12,2.66,SPY210924C00455000,455.0,normalDay
2021-09-02,16740.0,3718.0,0.0,100,453.19,415.0,0,0.0,0.0,,0.0,1,2.12,3.13,SPY210924C00455000,455.0,normalDay
2021-09-03,16740.0,3752.0,0.0,100,453.08,415.0,0,0.0,0.0,,0.0,1,2.12,2.68,SPY210924C00455000,455.0,normalDay
2021-09-07,16740.0,3662.0,0.0,100,451.46,415.0,0,0.0,0.0,,0.0,1,2.12,1.96,SPY210924C00455000,455.0,normalDay
2021-09-08,16740.0,3646.0,0.0,100,450.91,415.0,0,0.0,0.0,,0.0,1,2.12,1.57,SPY210924C00455000,455.0,normalDay
2021-09-09,16740.0,3497.0,0.0,100,448.98,415.0,0,0.0,0.0,,0.0,1,2.12,1.13,SPY210924C00455000,455.0,normalDay
2021-09-10,16740.0,3193.0,0.0,100,445.44,415.0,0,0.0,0.0,,0.0,1,2.12,0.63,SPY210924C00455000,455.0,normalDay
2021-09-13,16740.0,3320.0,0.0,100,446.58,415.0,0,0.0,0.0,,0.0,1,2.12,0.5,SPY210924C00455000,455.0,normalDay
2021-09-14,16740.0,3107.0,0.0,100,444.17,415.0,0,0.0,0.0,,0.0,1,2.12,0.22,SPY210924C00455000,455.0,normalDay
2021-09-15,16740.0,3468.0,0.0,100,447.88,415.0,0,0.0,0.0,,0.0,1,2.12,0.32,SPY210924C00455000,455.0,normalDay
2021-09-16,16740.0,3406.0,0.0,100,447.17,415.0,0,0.0,0.0,,0.0,1,2.12,0.23,SPY210924C00455000,455.0,normalDay
2021-09-17,16740.0,2844.0,0.0,100,441.4,415.0,0,0.0,0.0,,0.0,1,2.12,0.08,SPY210924C00455000,455.0,normalDay
2021-09-20,16740.0,2111.0,0.0,100,434.04,415.0,0,0.0,0.0,,0.0,1,2.12,0.05,SPY210924C00455000,455.0,normalDay
2021-09-21,16740.0,2073.0,0.0,100,433.63,415.0,0,0.0,0.0,,0.0,1,2.12,0.02,SPY210924C00455000,455.0,normalDay
2021-09-22,16740.0,2496.0,0.0,100,437.86,415.0,0,0.0,0.0,,0.0,1,2.12,0.02,SPY210924C00455000,455.0,normalDay
2021-09-23,16740.0,3029.0,0.0,100,443.18,415.0,0,0.0,0.0,,0.0,1,2.12,0.01,SPY210924C00455000,455.0,normalDay
2021-09-24,16952.0,2891.0,212.0,100,443.91,415.0,0,0.0,0.0,,0.0,1,2.12,0.0,SPY210924C00455000,455.0,expirationDay
2021-09-27,16952.0,2761.0,0.0,100,442.64,415.0,0,0.0,0.0,,0.0,1,0.07,0.1,SPY211029C00474000,474.0,normalDay
2021-09-28,16952.0,1874.0,0.0,100,433.72,415.0,0,0.0,0.0,,0.0,1,0.07,0.05,SPY211029C00474000,474.0,normalDay
2021-09-29,16952.0,1947.0,0.0,100,434.45,415.0,0,0.0,0.0,,0.0,1,0.07,0.05,SPY211029C00474000,474.0,normalDay
2021-09-30,16952.0,1417.0,0.0,100,429.14,415.0,0,0.0,0.0,,0.0,1,0.07,0.04,SPY211029C00474000,474.0,normalDay
2021-10-01,16952.0,1926.0,0.0,100,434.24,415.0,0,0.0,0.0,,0.0,1,0.07,0.05,SPY211029C00474000,474.0,normalDay
2021-10-04,16952.0,1367.0,0.0,100,428.64,415.0,0,0.0,0.0,,0.0,1,0.07,0.04,SPY211029C00474000,474.0,normalDay
2021-10-05,16952.0,1813.0,0.0,100,433.1,415.0,0,0.0,0.0,,0.0,1,0.07,0.04,SPY211029C00474000,474.0,normalDay
2021-10-06,16952.0,1994.0,0.0,100,434.9,415.0,0,0.0,0.0,,0.0,1,0.07,0.03,SPY211029C00474000,474.0,normalDay
2021-10-07,16952.0,2370.0,0.0,100,438.66,415.0,0,0.0,0.0,,0.0,1,0.07,0.03,SPY211029C00474000,474.0,normalDay
2021-10-08,16952.0,2291.0,0.0,100,437.86,415.0,0,0.0,0.0,,0.0,1,0.07,0.02,SPY211029C00474000,474.0,normalDay
2021-10-11,16952.0,1974.0,0.0,100,434.69,415.0,0,0.0,0.0,,0.0,1,0.07,0.02,SPY211029C00474000,474.0,normalDay
2021-10-12,16952.0,1867.0,0.0,100,433.62,415.0,0,0.0,0.0,,0.0,1,0.07,0.02,SPY211029C00474000,474.0,normalDay
2021-10-13,16952.0,2023.0,0.0,100,435.18,415.0,0,0.0,0.0,,0.0,1,0.07,0.02,SPY211029C00474000,474.0,normalDay
2021-10-14,16952.0,2754.0,0.0,100,442.5,415.0,0,0.0,0.0,,0.0,1,0.07,0.03,SPY211029C00474000,474.0,normalDay
2021-10-15,16952.0,3091.0,0.0,100,445.87,415.0,0,0.0,0.0,,0.0,1,0.07,0.03,SPY211029C00474000,474.0,normalDay
2021-10-18,16952.0,3224.0,0.0,100,447.19,415.0,0,0.0,0.0,,0.0,1,0.07,0.02,SPY211029C00474000,474.0,normalDay
2021-10-19,16952.0,3568.0,0.0,100,450.64,415.0,0,0.0,0.0,,0.0,1,0.07,0.03,SPY211029C00474000,474.0,normalDay
2021-10-20,16952.0,3745.0,0.0,100,452.41,415.0,0,0.0,0.0,,0.0,1,0.07,0.03,SPY211029C00474000,474.0,normalDay
2021-10-21,16952.0,3864.0,0.0,100,453.59,415.0,0,0.0,0.0,,0.0,1,0.07,0.02,SPY211029C00474000,474.0,normalDay
2021-10-22,16952.0,3817.0,0.0,100,453.12,415.0,0,0.0,0.0,,0.0,1,0.07,0.02,SPY211029C00474000,474.0,normalDay
2021-10-25,16952.0,4061.0,0.0,100,455.55,415.0,0,0.0,0.0,,0.0,1,0.07,0.01,SPY211029C00474000,474.0,normalDay
2021-10-26,16952.0,4101.0,0.0,100,455.96,415.0,0,0.0,0.0,,0.0,1,0.07,0.02,SPY211029C00474000,474.0,normalDay
2021-10-27,16952.0,3900.0,0.0,100,453.94,415.0,0,0.0,0.0,,0.0,1,0.07,0.01,SPY211029C00474000,474.0,normalDay
2021-10-28,16952.0,4338.0,0.0,100,458.32,415.0,0,0.0,0.0,,0.0,1,0.07,0.01,SPY211029C00474000,474.0,normalDay
2021-10-29,16959.0,4425.0,7.0,100,459.25,415.0,0,0.0,0.0,,0.0,1,0.07,0.0,SPY211029C00474000,474.0,expirationDay
2021-11-01,16959.0,4501.0,0.0,100,460.04,415.0,0,0.0,0.0,,0.0,1,0.06,0.09,SPY211203C00491000,491.0,normalDay
2021-11-02,16959.0,4687.0,0.0,100,461.9,415.0,0,0.0,0.0,,0.0,1,0.06,0.09,SPY211203C00491000,491.0,normalDay
2021-11-03,16959.0,4967.0,0.0,100,464.72,415.0,0,0.0,0.0,,0.0,1,0.06,0.11,SPY211203C00491000,491.0,normalDay
2021-11-04,16959.0,5181.0,0.0,100,466.91,415.0,0,0.0,0.0,,0.0,1,0.06,0.16,SPY211203C00491000,491.0,normalDay
2021-11-05,16959.0,5330.0,0.0,100,468.53,415.0,0,0.0,0.0,,0.0,1,0.06,0.29,SPY211203C00491000,491.0,normalDay
2021-11-08,16959.0,5374.0,0.0,100,468.93,415.0,0,0.0,0.0,,0.0,1,0.06,0.25,SPY211203C00491000,491.0,normalDay
2021-11-09,16959.0,5226.0,0.0,100,467.38,415.0,0,0.0,0.0,,0.0,1,0.06,0.18,SPY211203C00491000,491.0,normalDay
2021-11-10,16959.0,4859.0,0.0,100,463.62,415.0,0,0.0,0.0,,0.0,1,0.06,0.09,SPY211203C00491000,491.0,normalDay
2021-11-11,16959.0,4875.0,0.0,100,463.77,415.0,0,0.0,0.0,,0.0,1,0.06,0.08,SPY211203C00491000,491.0,normalDay
2021-11-12,16959.0,5222.0,0.0,100,467.27,415.0,0,0.0,0.0,,0.0,1,0.06,0.11,SPY211203C00491000,491.0,normalDay
2021-11-15,16959.0,5243.0,0.0,100,467.43,415.0,0,0.0,0.0,,0.0,1,0.06,0.06,SPY211203C00491000,491.0,normalDay
2021-11-16,16959.0,5425.0,0.0,100,469.28,415.0,0,0.0,0.0,,0.0,1,0.06,0.09,SPY211203C00491000,491.0,normalDay
2021-11-17,16959.0,5314.0,0.0,100,468.14,415.0,0,0.0,0.0,,0.0,1,0.06,0.06,SPY211203C00491000,491.0,normalDay
2021-11-18,16959.0,5471.0,0.0,100,469.73,415.0,0,0.0,0.0,,0.0,1,0.06,0.08,SPY211203C00491000,491.0,normalDay
2021-11-19,16959.0,5390.0,0.0,100,468.89,415.0,0,0.0,0.0,,0.0,1,0.06,0.05,SPY211203C00491000,491.0,normalDay
2021-11-22,16959.0,5259.0,0.0,100,467.57,415.0,0,0.0,0.0,,0.0,1,0.06,0.04,SPY211203C00491000,491.0,normalDay
2021-11-23,16959.0,5322.0,0.0,100,468.19,415.0,0,0.0,0.0,,0.0,1,0.06,0.03,SPY211203C00491000,491.0,normalDay
2021-11-24,16959.0,5448.0,0.0,100,469.44,415.0,0,0.0,0.0,,0.0,1,0.06,0.02,SPY211203C00491000,491.0,normalDay
2021-11-26,16959.0,4399.0,0.0,100,458.97,415.0,0,0.0,0.0,,0.0,1,0.06,0.04,SPY211203C00491000,491.0,normalDay
2021-11-29,16959.0,4964.0,0.0,100,464.6,415.0,0,0.0,0.0,,0.0,1,0.06,0.02,SPY211203C00491000,491.0,normalDay
2021-11-30,16959.0,4061.0,0.0,100,455.56,415.0,0,0.0,0.0,,0.0,1,0.06,0.01,SPY211203C00491000,491.0,normalDay
2021-12-01,16959.0,3555.0,0.0,100,450.5,415.0,0,0.0,0.0,,0.0,1,0.06,0.01,SPY211203C00491000,491.0,normalDay
2021-12-02,16959.0,4245.0,0.0,100,457.4,415.0,0,0.0,0.0,,0.0,1,0.06,0.01,SPY211203C00491000,491.0,normalDay
2021-12-03,16965.0,3842.0,6.0,100,453.42,415.0,0,0.0,0.0,,0.0,1,0.06,0.0,SPY211203C00491000,491.0,expirationDay
2021-12-06,16965.0,4376.0,0.0,100,458.79,415.0,0,0.0,0.0,,0.0,1,0.35,0.38,SPY220107C00491000,491.0,normalDay
2021-12-07,16965.0,5293.0,0.0,100,468.28,415.0,0,0.0,0.0,,0.0,1,0.35,0.7,SPY220107C00491000,491.0,normalDay
2021-12-08,16965.0,5423.0,0.0,100,469.52,415.0,0,0.0,0.0,,0.0,1,0.35,0.64,SPY220107C00491000,491.0,normalDay
2021-12-09,16965.0,5127.0,0.0,100,466.35,415.0,0,0.0,0.0,,0.0,1,0.35,0.43,SPY220107C00491000,491.0,normalDay
2021-12-10,16965.0,5564.0,0.0,100,470.74,415.0,0,0.0,0.0,,0.0,1,0.35,0.45,SPY220107C00491000,491.0,normalDay
2021-12-13,16965.0,5163.0,0.0,100,466.57,415.0,0,0.0,0.0,,0.0,1,0.35,0.29,SPY220107C00491000,491.0,normalDay
2021-12-14,16965.0,4851.0,0.0,100,463.36,415.0,0,0.0,0.0,,0.0,1,0.35,0.2,SPY220107C00491000,491.0,normalDay
2021-12-15,16965.0,5559.0,0.0,100,470.6,415.0,0,0.0,0.0,,0.0,1,0.35,0.36,SPY220107C00491000,491.0,normalDay
2021-12-16,16965.0,5157.0,0.0,100,466.45,415.0,0,0.0,0.0,,0.0,1,0.35,0.23,SPY220107C00491000,491.0,normalDay
2021-12-17,16965.0,4511.0,0.0,100,459.87,415.0,0,0.0,0.0,,0.0,1,0.35,0.11,SPY220107C00491000,491.0,normalDay
2021-12-20,16965.0,4025.0,0.0,100,454.98,415.0,0,0.0,0.0,,0.0,1,0.35,0.08,SPY220107C00491000,491.0,normalDay
2021-12-21,16965.0,4830.0,0.0,100,463.06,415.0,0,0.0,0.0,,0.0,1,0.35,0.11,SPY220107C00491000,491.0,normalDay
2021-12-22,16965.0,5292.0,0.0,100,467.69,415.0,0,0.0,0.0,,0.0,1,0.35,0.12,SPY220107C00491000,491.0,normalDay
2021-12-23,16965.0,5582.0,0.0,100,470.6,415.0,0,0.0,0.0,,0.0,1,0.35,0.13,SPY220107C00491000,491.0,normalDay
2021-12-27,16965.0,6238.0,0.0,100,477.26,415.0,0,0.0,0.0,,0.0,1,0.35,0.23,SPY220107C00491000,491.0,normalDay
2021-12-28,16965.0,6201.0,0.0,100,476.87,415.0,0,0.0,0.0,,0.0,1,0.35,0.21,SPY220107C00491000,491.0,normalDay
2021-12-29,16965.0,6268.0,0.0,100,477.48,415.0,0,0.0,0.0,,0.0,1,0.35,0.15,SPY220107C00491000,491.0,normalDay
2021-12-30,16965.0,6142.0,0.0,100,476.16,415.0,0,0.0,0.0,,0.0,1,0.35,0.09,SPY220107C00491000,491.0,normalDay
2021-12-31,16965.0,6029.0,0.0,100,474.96,415.0,0,0.0,0.0,,0.0,1,0.35,0.02,SPY220107C00491000,491.0,normalDay
2022-01-03,16965.0,6304.0,0.0,100,477.71,415.0,0,0.0,0.0,,0.0,1,0.35,0.02,SPY220107C00491000,491.0,normalDay
2022-01-04,16965.0,6288.0,0.0,100,477.55,415.0,0,0.0,0.0,,0.0,1,0.35,0.02,SPY220107C00491000,491.0,normalDay
2022-01-05,16965.0,5372.0,0.0,100,468.38,415.0,0,0.0,0.0,,0.0,1,0.35,0.01,SPY220107C00491000,491.0,normalDay
2022-01-06,16965.0,5328.0,0.0,100,467.94,415.0,0,0.0,0.0,,0.0,1,0.35,0.01,SPY220107C00491000,491.0,normalDay
2022-01-07,17000.0,5109.0,35.0,100,466.09,415.0,0,0.0,0.0,,0.0,1,0.35,0.0,SPY220107C00491000,491.0,expirationDay
2022-01-10,17000.0,5048.0,0.0,100,465.51,415.0,0,0.0,0.0,,0.0,1,0.09,0.12,SPY220211C00500000,500.0,normalDay
2022-01-11,17000.0,5466.0,0.0,100,469.75,415.0,0,0.0,0.0,,0.0,1,0.09,0.18,SPY220211C00500000,500.0,normalDay
2022-01-12,17000.0,5593.0,0.0,100,471.02,415.0,0,0.0,0.0,,0.0,1,0.09,0.18,SPY220211C00500000,500.0,normalDay
2022-01-13,17000.0,4952.0,0.0,100,464.53,415.0,0,0.0,0.0,,0.0,1,0.09,0.1,SPY220211C00500000,500.0,normalDay
2022-01-14,17000.0,4972.0,0.0,100,464.72,415.0,0,0.0,0.0,,0.0,1,0.09,0.09,SPY220211C00500000,500.0,normalDay
2022-01-18,17000.0,4154.0,0.0,100,456.49,415.0,0,0.0,0.0,,0.0,1,0.09,0.04,SPY220211C00500000,500.0,normalDay
2022-01-19,17000.0,3681.0,0.0,100,451.75,415.0,0,0.0,0.0,,0.0,1,0.09,0.03,SPY220211C00500000,500.0,normalDay
2022-01-20,17000.0,3180.0,0.0,100,446.75,415.0,0,0.0,0.0,,0.0,1,0.09,0.04,SPY220211C00500000,500.0,normalDay
2022-01-21,17000.0,2304.0,0.0,100,437.98,415.0,0,0.0,0.0,,0.0,1,0.09,0.03,SPY220211C00500000,500.0,normalDay
2022-01-24,17000.0,2489.0,0.0,100,439.84,415.0,0,0.0,0.0,,0.0,1,0.09,0.04,SPY220211C00500000,500.0,normalDay
2022-01-25,17000.0,1953.0,0.0,100,434.47,415.0,0,0.0,0.0,,0.0,1,0.09,0.03,SPY220211C00500000,500.0,normalDay
2022-01-26,17000.0,1843.0,0.0,100,433.38,415.0,0,0.0,0.0,,0.0,1,0.09,0.04,SPY220211C00500000,500.0,normalDay
2022-01-27,17000.0,1631.0,0.0,100,431.24,415.0,0,0.0,0.0,,0.0,1,0.09,0.02,SPY220211C00500000,500.0,normalDay
2022-01-28,17000.0,2701.0,0.0,100,441.95,415.0,0,0.0,0.0,,0.0,1,0.09,0.03,SPY220211C00500000,500.0,normalDay
2022-01-31,17000.0,3499.0,0.0,100,449.91,415.0,0,0.0,0.0,,0.0,1,0.09,0.01,SPY220211C00500000,500.0,normalDay
2022-02-01,17000.0,3803.0,0.0,100,452.95,415.0,0,0.0,0.0,,0.0,1,0.09,0.01,SPY220211C00500000,500.0,normalDay
2022-02-02,17000.0,4243.0,0.0,100,457.35,415.0,0,0.0,0.0,,0.0,1,0.09,0.01,SPY220211C00500000,500.0,normalDay
2022-02-03,17000.0,3168.0,0.0,100,446.6,415.0,0,0.0,0.0,,0.0,1,0.09,0.01,SPY220211C00500000,500.0,normalDay
2022-02-04,17000.0,3378.0,0.0,100,448.7,415.0,0,0.0,0.0,,0.0,1,0.09,0.01,SPY220211C00500000,500.0,normalDay
2022-02-07,17000.0,3234.0,0.0,100,447.26,415.0,0,0.0,0.0,,0.0,1,0.09,0.01,SPY220211C00500000,500.0,normalDay
2022-02-08,17000.0,3602.0,0.0,100,450.94,415.0,0,0.0,0.0,,0.0,1,0.09,0.01,SPY220211C00500000,500.0,normalDay
2022-02-09,17000.0,4262.0,0.0,100,457.54,415.0,0,0.0,0.0,,0.0,1,0.09,0.01,SPY220211C00500000,500.0,normalDay
2022-02-10,17000.0,3440.0,0.0,100,449.32,415.0,0,0.0,0.0,,0.0,1,0.09,0.01,SPY220211C00500000,500.0,normalDay
2022-02-11,17009.0,2546.0,9.0,100,440.46,415.0,0,0.0,0.0,,0.0,1,0.09,0.0,SPY220211C00500000,500.0,expirationDay
2022-02-14,17009.0,2399.0,0.0,100,439.02,415.0,0,0.0,0.0,,0.0,1,0.28,0.31,SPY220318C00483000,483.0,normalDay
2022-02-15,17009.0,3104.0,0.0,100,446.1,415.0,0,0.0,0.0,,0.0,1,0.28,0.34,SPY220318C00483000,483.0,normalDay
2022-02-16,17009.0,3161.0,0.0,100,446.6,415.0,0,0.0,0.0,,0.0,1,0.28,0.27,SPY220318C00483000,483.0,normalDay
2022-02-17,17009.0,2220.0,0.0,100,437.06,415.0,0,0.0,0.0,,0.0,1,0.28,0.14,SPY220318C00483000,483.0,normalDay
2022-02-18,17009.0,1941.0,0.0,100,434.23,415.0,0,0.0,0.0,,0.0,1,0.28,0.1,SPY220318C00483000,483.0,normalDay
2022-02-22,17009.0,1476.0,0.0,100,429.57,415.0,0,0.0,0.0,,0.0,1,0.28,0.09,SPY220318C00483000,483.0,normalDay
2022-02-23,17009.0,717.0,0.0,100,421.95,415.0,0,0.0,0.0,,0.0,1,0.28,0.06,SPY220318C00483000,483.0,normalDay
2022-02-24,17009.0,1349.0,0.0,100,428.3,415.0,0,0.0,0.0,,0.0,1,0.28,0.09,SPY220318C00483000,483.0,normalDay
2022-02-25,17009.0,2293.0,0.0,100,437.75,415.0,0,0.0,0.0,,0.0,1,0.28,0.1,SPY220318C00483000,483.0,normalDay
2022-02-28,17009.0,2183.0,0.0,100,436.63,415.0,0,0.0,0.0,,0.0,1,0.28,0.08,SPY220318C00483000,483.0,normalDay
2022-03-01,17009.0,1521.0,0.0,100,429.98,415.0,0,0.0,0.0,,0.0,1,0.28,0.05,SPY220318C00483000,483.0,normalDay
2022-03-02,17009.0,2311.0,0.0,100,437.89,415.0,0,0.0,0.0,,0.0,1,0.28,0.06,SPY220318C00483000,483.0,normalDay
2022-03-03,17009.0,2094.0,0.0,100,435.71,415.0,0,0.0,0.0,,0.0,1,0.28,0.05,SPY220318C00483000,483.0,normalDay
2022-03-04,17009.0,1742.0,0.0,100,432.17,415.0,0,0.0,0.0,,0.0,1,0.28,0.03,SPY220318C00483000,483.0,normalDay
2022-03-07,17009.0,469.0,0.0,100,419.43,415.0,0,0.0,0.0,,0.0,1,0.28,0.02,SPY220318C00483000,483.0,normalDay
2022-03-08,17009.0,151.0,0.0,100,416.25,415.0,0,0.0,0.0,,0.0,1,0.28,0.02,SPY220318C00483000,483.0,normalDay
2022-03-09,17009.0,1267.0,0.0,100,427.41,415.0,0,0.0,0.0,,0.0,1,0.28,0.02,SPY220318C00483000,483.0,normalDay
2022-03-10,17009.0,1074.0,0.0,100,425.48,415.0,0,0.0,0.0,,0.0,1,0.28,0.02,SPY220318C00483000,483.0,normalDay
2022-03-11,17009.0,533.0,0.0,100,420.07,415.0,0,0.0,0.0,,0.0,1,0.28,0.02,SPY220318C00483000,483.0,normalDay
2022-03-14,17009.0,227.0,0.0,100,417.0,415.0,0,0.0,0.0,,0.0,1,0.28,0.01,SPY220318C00483000,483.0,normalDay
2022-03-15,17009.0,1144.0,0.0,100,426.17,415.0,0,0.0,0.0,,0.0,1,0.28,0.01,SPY220318C00483000,483.0,normalDay
2022-03-16,17009.0,2089.0,0.0,100,435.62,415.0,0,0.0,0.0,,0.0,1,0.28,0.01,SPY220318C00483000,483.0,normalDay
2022-03-17,17009.0,2634.0,0.0,100,441.07,415.0,0,0.0,0.0,,0.0,1,0.28,0.01,SPY220318C00483000,483.0,normalDay
2022-03-18,17037.0,2952.0,28.0,100,444.52,415.0,0,0.0,0.0,,0.0,1,0.28,0.0,SPY220318C00483000,483.0,expirationDay
2022-03-21,17037.0,2936.0,0.0,100,444.39,415.0,0,0.0,0.0,,0.0,1,0.9,0.93,SPY220422C00471000,471.0,normalDay
2022-03-22,17037.0,3406.0,0.0,100,449.59,415.0,0,0.0,0.0,,0.0,1,0.9,1.43,SPY220422C00471000,471.0,normalDay
2022-03-23,17037.0,2901.0,0.0,100,443.8,415.0,0,0.0,0.0,,0.0,1,0.9,0.69,SPY220422C00471000,471.0,normalDay
2022-03-24,17037.0,3523.0,0.0,100,450.49,415.0,0,0.0,0.0,,0.0,1,0.9,1.16,SPY220422C00471000,471.0,normalDay
2022-03-25,17037.0,3741.0,0.0,100,452.69,415.0,0,0.0,0.0,,0.0,1,0.9,1.18,SPY220422C00471000,471.0,normalDay
2022-03-28,17037.0,4051.0,0.0,100,455.91,415.0,0,0.0,0.0,,0.0,1,0.9,1.3,SPY220422C00471000,471.0,normalDay
2022-03-29,17037.0,4492.0,0.0,100,461.55,415.0,0,0.0,0.0,,0.0,1,0.9,2.53,SPY220422C00471000,471.0,normalDay
2022-03-30,17037.0,4267.0,0.0,100,458.7,415.0,0,0.0,0.0,,0.0,1,0.9,1.93,SPY220422C00471000,471.0,normalDay
2022-03-31,17037.0,3671.0,0.0,100,451.64,415.0,0,0.0,0.0,,0.0,1,0.9,0.83,SPY220422C00471000,471.0,normalDay
2022-04-01,17037.0,3830.0,0.0,100,452.92,415.0,0,0.0,0.0,,0.0,1,0.9,0.52,SPY220422C00471000,471.0,normalDay
2022-04-04,17037.0,4207.0,0.0,100,456.8,415.0,0,0.0,0.0,,0.0,1,0.9,0.63,SPY220422C00471000,471.0,normalDay
2022-04-05,17037.0,3664.0,0.0,100,451.03,415.0,0,0.0,0.0,,0.0,1,0.9,0.29,SPY220422C00471000,471.0,normalDay
2022-04-06,17037.0,3232.0,0.0,100,446.52,415.0,0,0.0,0.0,,0.0,1,0.9,0.1,SPY220422C00471000,471.0,normalDay
2022-04-07,17037.0,3456.0,0.0,100,448.77,415.0,0,0.0,0.0,,0.0,1,0.9,0.11,SPY220422C00471000,471.0,normalDay
2022-04-08,17037.0,3341.0,0.0,100,447.57,415.0,0,0.0,0.0,,0.0,1,0.9,0.06,SPY220422C00471000,471.0,normalDay
2022-04-11,17037.0,2580.0,0.0,100,439.92,415.0,0,0.0,0.0,,0.0,1,0.9,0.02,SPY220422C00471000,471.0,normalDay
2022-04-12,17037.0,2417.0,0.0,100,438.29,415.0,0,0.0,0.0,,0.0,1,0.9,0.02,SPY220422C00471000,471.0,normalDay
2022-04-13,17037.0,2919.0,0.0,100,443.31,415.0,0,0.0,0.0,,0.0,1,0.9,0.02,SPY220422C00471000,471.0,normalDay
2022-04-14,17037.0,2368.0,0.0,100,437.79,415.0,0,0.0,0.0,,0.0,1,0.9,0.01,SPY220422C00471000,471.0,normalDay
2022-04-18,17037.0,2386.0,0.0,100,437.97,415.0,0,0.0,0.0,,0.0,1,0.9,0.01,SPY220422C00471000,471.0,normalDay
2022-04-19,17037.0,3093.0,0.0,100,445.04,415.0,0,0.0,0.0,,0.0,1,0.9,0.01,SPY220422C00471000,471.0,normalDay
2022-04-20,17037.0,3060.0,0.0,100,444.71,415.0,0,0.0,0.0,,0.0,1,0.9,0.01,SPY220422C00471000,471.0,normalDay
2022-04-21,17037.0,2395.0,0.0,100,438.06,415.0,0,0.0,0.0,,0.0,1,0.9,0.01,SPY220422C00471000,471.0,normalDay
2022-04-22,17127.0,1104.0,90.0,100,426.04,415.0,0,0.0,0.0,,0.0,1,0.9,0.0,SPY220422C00471000,471.0,expirationDay
2022-04-25,17127.0,1351.0,0.0,100,428.51,415.0,0,0.0,0.0,,0.0,0,0.0,0.0,,0.0,bidTooLow
2022-04-26,17127.0,110.0,0.0,100,416.1,415.0,0,0.0,0.0,,0.0,0,0.0,0.0,,0.0,bidTooLow
2022-04-27,17127.0,227.0,0.0,100,417.27,415.0,0,0.0,0.0,,0.0,0,0.0,0.0,,0.0,bidTooLow
2022-04-28,17127.0,1281.0,0.0,100,427.81,415.0,0,0.0,0.0,,0.0,0,0.0,0.0,,0.0,bidTooLow
2022-04-29,17127.0,-300.0,0.0,100,412.0,415.0,0,0.0,0.0,,0.0,0,0.0,0.0,,0.0,bidTooLow
2022-05-02,17127.0,-52.0,0.0,100,414.48,415.0,0,0.0,0.0,,0.0,0,0.0,0.0,,0.0,bidTooLow
2022-05-03,17127.0,138.0,0.0,100,416.38,415.0,0,0.0,0.0,,0.0,0,0.0,0.0,,0.0,bidTooLow
2022-05-04,17127.0,1403.0,0.0,100,429.06,415.0,0,0.0,0.0,,0.0,1,0.01,0.04,SPY220603C00489000,489.0,normalDay
2022-05-05,17127.0,-121.0,0.0,100,413.81,415.0,0,0.0,0.0,,0.0,1,0.01,0.03,SPY220603C00489000,489.0,normalDay
2022-05-06,17127.0,-367.0,0.0,100,411.34,415.0,0,0.0,0.0,,0.0,1,0.01,0.02,SPY220603C00489000,489.0,normalDay
2022-05-09,17127.0,-1685.0,0.0,100,398.17,415.0,0,0.0,0.0,,0.0,1,0.01,0.03,SPY220603C00489000,489.0,normalDay
2022-05-10,17127.0,-1592.0,0.0,100,399.09,415.0,0,0.0,0.0,,0.0,1,0.01,0.02,SPY220603C00489000,489.0,normalDay
2022-05-11,17127.0,-2226.0,0.0,100,392.75,415.0,0,0.0,0.0,,0.0,1,0.01,0.02,SPY220603C00489000,489.0,normalDay
2022-05-12,17127.0,-2267.0,0.0,100,392.34,415.0,0,0.0,0.0,,0.0,1,0.01,0.02,SPY220603C00489000,489.0,normalDay
2022-05-13,17127.0,-1329.0,0.0,100,401.72,415.0,0,0.0,0.0,,0.0,1,0.01,0.02,SPY220603C00489000,489.0,normalDay
2022-05-16,17127.0,-1492.0,0.0,100,400.09,415.0,0,0.0,0.0,,0.0,1,0.01,0.02,SPY220603C00489000,489.0,normalDay
2022-05-17,17127.0,-668.0,0.0,100,408.32,415.0,0,0.0,0.0,,0.0,1,0.01,0.01,SPY220603C00489000,489.0,normalDay
2022-05-18,17127.0,-2314.0,0.0,100,391.86,415.0,0,0.0,0.0,,0.0,1,0.01,0.01,SPY220603C00489000,489.0,normalDay
2022-05-19,17127.0,-2554.0,0.0,100,389.46,415.0,0,0.0,0.0,,0.0,1,0.01,0.01,SPY220603C00489000,489.0,normalDay
2022-05-20,17127.0,-2537.0,0.0,100,389.63,415.0,0,0.0,0.0,,0.0,1,0.01,0.01,SPY220603C00489000,489.0,normalDay
2022-05-23,17127.0,-1808.0,0.0,100,396.92,415.0,0,0.0,0.0,,0.0,1,0.01,0.01,SPY220603C00489000,489.0,normalDay
2022-05-24,17127.0,-2111.0,0.0,100,393.89,415.0,0,0.0,0.0,,0.0,1,0.01,0.01,SPY220603C00489000,489.0,normalDay
2022-05-25,17127.0,-1763.0,0.0,100,397.37,415.0,0,0.0,0.0,,0.0,1,0.01,0.01,SPY220603C00489000,489.0,normalDay
2022-05-26,17127.0,-969.0,0.0,100,405.31,415.0,0,0.0,0.0,,0.0,1,0.01,0.01,SPY220603C00489000,489.0,normalDay
2022-05-27,17127.0,26.0,0.0,100,415.26,415.0,0,0.0,0.0,,0.0,1,0.01,0.01,SPY220603C00489000,489.0,normalDay
2022-05-31,17127.0,-207.0,0.0,100,412.93,415.0,0,0.0,0.0,,0.0,1,0.01,0.01,SPY220603C00489000,489.0,normalDay
2022-06-01,17127.0,-541.0,0.0,100,409.59,415.0,0,0.0,0.0,,0.0,1,0.01,0.01,SPY220603C00489000,489.0,normalDay
2022-06-02,17127.0,239.0,0.0,100,417.39,415.0,0,0.0,0.0,,0.0,1,0.01,0.01,SPY220603C00489000,489.0,normalDay
2022-06-03,17128.0,-446.0,1.0,100,410.54,415.0,0,0.0,0.0,,0.0,1,0.01,0.0,SPY220603C00489000,489.0,expirationDay
2022-06-06,17128.0,-324.0,0.0,100,411.79,415.0,0,0.0,0.0,,0.0,1,0.8,0.83,SPY220708C00443000,443.0,normalDay
2022-06-07,17128.0,55.0,0.0,100,415.74,415.0,0,0.0,0.0,,0.0,1,0.8,0.99,SPY220708C00443000,443.0,normalDay
2022-06-08,17128.0,-355.0,0.0,100,411.22,415.0,0,0.0,0.0,,0.0,1,0.8,0.57,SPY220708C00443000,443.0,normalDay
2022-06-09,17128.0,-1306.0,0.0,100,401.44,415.0,0,0.0,0.0,,0.0,1,0.8,0.3,SPY220708C00443000,443.0,normalDay
2022-06-10,17128.0,-2453.0,0.0,100,389.8,415.0,0,0.0,0.0,,0.0,1,0.8,0.13,SPY220708C00443000,443.0,normalDay
2022-06-13,17128.0,-3928.0,0.0,100,375.0,415.0,0,0.0,0.0,,0.0,1,0.8,0.08,SPY220708C00443000,443.0,normalDay
2022-06-14,17128.0,-4041.0,0.0,100,373.87,415.0,0,0.0,0.0,,0.0,1,0.8,0.08,SPY220708C00443000,443.0,normalDay
2022-06-15,17128.0,-3506.0,0.0,100,379.2,415.0,0,0.0,0.0,,0.0,1,0.8,0.06,SPY220708C00443000,443.0,normalDay
2022-06-16,17128.0,-4759.0,0.0,100,366.65,415.0,0,0.0,0.0,,0.0,1,0.8,0.04,SPY220708C00443000,443.0,normalDay
2022-06-17,17128.0,-4839.0,0.0,100,365.86,415.0,0,0.0,0.0,,0.0,1,0.8,0.05,SPY220708C00443000,443.0,normalDay
2022-06-21,17128.0,-3917.0,0.0,100,375.07,415.0,0,0.0,0.0,,0.0,1,0.8,0.04,SPY220708C00443000,443.0,normalDay
2022-06-22,17128.0,-3984.0,0.0,100,374.39,415.0,0,0.0,0.0,,0.0,1,0.8,0.03,SPY220708C00443000,443.0,normalDay
2022-06-23,17128.0,-3617.0,0.0,100,378.06,415.0,0,0.0,0.0,,0.0,1,0.8,0.03,SPY220708C00443000,443.0,normalDay
2022-06-24,17128.0,-2416.0,0.0,100,390.08,415.0,0,0.0,0.0,,0.0,1,0.8,0.04,SPY220708C00443000,443.0,normalDay
2022-06-27,17128.0,-2564.0,0.0,100,388.59,415.0,0,0.0,0.0,,0.0,1,0.8,0.03,SPY220708C00443000,443.0,normalDay
2022-06-28,17128.0,-3357.0,0.0,100,380.65,415.0,0,0.0,0.0,,0.0,1,0.8,0.02,SPY220708C00443000,443.0,normalDay
2022-06-29,17128.0,-3388.0,0.0,100,380.34,415.0,0,0.0,0.0,,0.0,1,0.8,0.02,SPY220708C00443000,443.0,normalDay
2022-06-30,17128.0,-3696.0,0.0,100,377.25,415.0,0,0.0,0.0,,0.0,1,0.8,0.01,SPY220708C00443000,443.0,normalDay
2022-07-01,17128.0,-3297.0,0.0,100,381.24,415.0,0,0.0,0.0,,0.0,1,0.8,0.01,SPY220708C00443000,443.0,normalDay
2022-07-05,17128.0,-3225.0,0.0,100,381.96,415.0,0,0.0,0.0,,0.0,1,0.8,0.01,SPY220708C00443000,443.0,normalDay
2022-07-06,17128.0,-3096.0,0.0,100,383.25,415.0,0,0.0,0.0,,0.0,1,0.8,0.01,SPY220708C00443000,443.0,normalDay
2022-07-07,17128.0,-2522.0,0.0,100,388.99,415.0,0,0.0,0.0,,0.0,1,0.8,0.01,SPY220708C00443000,443.0,normalDay
2022-07-08,17208.0,-2633.0,80.0,100,388.67,415.0,0,0.0,0.0,,0.0,1,0.8,0.0,SPY220708C00443000,443.0,expirationDay
2022-07-11,17208.0,-3081.0,0.0,100,384.23,415.0,0,0.0,0.0,,0.0,1,1.17,1.21,SPY220812C00414000,414.0,normalDay
2022-07-12,17208.0,-3377.0,0.0,100,380.83,415.0,0,0.0,0.0,,0.0,1,1.17,0.77,SPY220812C00414000,414.0,normalDay
2022-07-13,17208.0,-3557.0,0.0,100,378.83,415.0,0,0.0,0.0,,0.0,1,1.17,0.57,SPY220812C00414000,414.0,normalDay
2022-07-14,17208.0,-3639.0,0.0,100,377.91,415.0,0,0.0,0.0,,0.0,1,1.17,0.47,SPY220812C00414000,414.0,normalDay
2022-07-15,17208.0,-2939.0,0.0,100,385.13,415.0,0,0.0,0.0,,0.0,1,1.17,0.69,SPY220812C00414000,414.0,normalDay
2022-07-18,17208.0,-3233.0,0.0,100,381.95,415.0,0,0.0,0.0,,0.0,1,1.17,0.45,SPY220812C00414000,414.0,normalDay
2022-07-19,17208.0,-2309.0,0.0,100,392.27,415.0,0,0.0,0.0,,0.0,1,1.17,1.53,SPY220812C00414000,414.0,normalDay
2022-07-20,17208.0,-2092.0,0.0,100,394.77,415.0,0,0.0,0.0,,0.0,1,1.17,1.86,SPY220812C00414000,414.0,normalDay
2022-07-21,17208.0,-1725.0,0.0,100,398.79,415.0,0,0.0,0.0,,0.0,1,1.17,2.21,SPY220812C00414000,414.0,normalDay
2022-07-22,17208.0,-2005.0,0.0,100,395.09,415.0,0,0.0,0.0,,0.0,1,1.17,1.31,SPY220812C00414000,414.0,normalDay
2022-07-25,17208.0,-1944.0,0.0,100,395.57,415.0,0,0.0,0.0,,0.0,1,1.17,1.18,SPY220812C00414000,414.0,normalDay
2022-07-26,17208.0,-2364.0,0.0,100,390.89,415.0,0,0.0,0.0,,0.0,1,1.17,0.7,SPY220812C00414000,414.0,normalDay
2022-07-27,17208.0,-1452.0,0.0,100,401.04,415.0,0,0.0,0.0,,0.0,1,1.17,1.73,SPY220812C00414000,414.0,normalDay
2022-07-28,17208.0,-1118.0,0.0,100,406.07,415.0,0,0.0,0.0,,0.0,1,1.17,3.42,SPY220812C00414000,414.0,normalDay
2022-07-29,17208.0,-686.0,0.0,100,411.99,415.0,0,0.0,0.0,,0.0,1,1.17,5.02,SPY220812C00414000,414.0,normalDay
2022-08-01,17208.0,-741.0,0.0,100,410.77,415.0,0,0.0,0.0,,0.0,1,1.17,4.35,SPY220812C00414000,414.0,normalDay
2022-08-02,17208.0,-889.0,0.0,100,408.06,415.0,0,0.0,0.0,,0.0,1,1.17,3.12,SPY220812C00414000,414.0,normalDay
2022-08-03,17208.0,-456.0,0.0,100,414.45,415.0,0,0.0,0.0,,0.0,1,1.17,5.18,SPY220812C00414000,414.0,normalDay
2022-08-04,17208.0,-457.0,0.0,100,414.17,415.0,0,0.0,0.0,,0.0,1,1.17,4.91,SPY220812C00414000,414.0,normalDay
2022-08-05,17208.0,-416.0,0.0,100,413.47,415.0,0,0.0,0.0,,0.0,1,1.17,3.8,SPY220812C00414000,414.0,normalDay
2022-08-08,17208.0,-418.0,0.0,100,412.99,415.0,0,0.0,0.0,,0.0,1,1.17,3.34,SPY220812C00414000,414.0,normalDay
2022-08-09,17208.0,-500.0,0.0,100,411.35,415.0,0,0.0,0.0,,0.0,1,1.17,2.52,SPY220812C00414000,414.0,normalDay
2022-08-10,17208.0,-30.0,0.0,100,419.99,415.0,0,0.0,0.0,,0.0,1,1.17,6.46,SPY220812C00414000,414.0,normalDay
2022-08-11,17208.0,-63.0,0.0,100,419.99,415.0,0,0.0,0.0,,0.0,1,1.17,6.79,SPY220812C00414000,414.0,normalDay
2022-08-12,17225.0,-63.0,17.0,0,427.1,0.0,0,0.0,0.0,,0.0,1,1.17,0.0,SPY220812C00414000,414.0,expirationDay
2022-08-15,17225.0,0.0,0.0,0,428.86,0.0,0,0.0,0.0,,0.0,0,0.0,0.0,,0.0,bidTooLow
2022-08-16,17225.0,-3.0,0.0,0,429.7,0.0,1,0.03,0.06,SPY220819P00406000,406.0,0,0.0,0.0,,0.0,normalDay
2022-08-17,17225.0,0.0,0.0,0,426.65,0.0,1,0.03,0.03,SPY220819P00406000,406.0,0,0.0,0.0,,0.0,normalDay
2022-08-18,17225.0,0.0,0.0,0,427.89,0.0,1,0.03,0.03,SPY220819P00406000,406.0,0,0.0,0.0,,0.0,normalDay
2022-08-19,17228.0,0.0,3.0,0,422.14,0.0,1,0.03,0.0,SPY220819P00406000,406.0,0,0.0,0.0,,0.0,expirationDay
2022-08-22,17228.0,-4.0,0.0,0,413.35,0.0,1,1.96,2.0,SPY220824P00412000,412.0,0,0.0,0.0,,0.0,normalDay
2022-08-23,17228.0,16.0,0.0,0,412.35,0.0,1,1.96,1.8,SPY220824P00412000,412.0,0,0.0,0.0,,0.0,normalDay
2022-08-24,17424.0,0.0,196.0,0,413.67,0.0,1,1.96,0.0,SPY220824P00412000,412.0,0,0.0,0.0,,0.0,expirationDay
2022-08-25,17424.0,-3.0,0.0,0,419.51,0.0,1,1.09,1.12,SPY220826P00415000,415.0,0,0.0,0.0,,0.0,normalDay
2022-08-26,17533.0,-969.0,109.0,100,405.31,415.0,1,1.09,0.0,SPY220826P00415000,415.0,0,0.0,0.0,,0.0,expirationDay
2022-08-29,17533.0,-1240.0,0.0,100,402.63,415.0,0,0.0,0.0,,0.0,1,0.07,0.1,SPY220930C00454000,454.0,normalDay
2022-08-30,17533.0,-1678.0,0.0,100,398.21,415.0,0,0.0,0.0,,0.0,1,0.07,0.06,SPY220930C00454000,454.0,normalDay
2022-08-31,17533.0,-1980.0,0.0,100,395.18,415.0,0,0.0,0.0,,0.0,1,0.07,0.05,SPY220930C00454000,454.0,normalDay
2022-09-01,17533.0,-1856.0,0.0,100,396.42,415.0,0,0.0,0.0,,0.0,1,0.07,0.05,SPY220930C00454000,454.0,normalDay
2022-09-02,17533.0,-2272.0,0.0,100,392.24,415.0,0,0.0,0.0,,0.0,1,0.07,0.03,SPY220930C00454000,454.0,normalDay
2022-09-06,17533.0,-2420.0,0.0,100,390.76,415.0,0,0.0,0.0,,0.0,1,0.07,0.03,SPY220930C00454000,454.0,normalDay
2022-09-07,17533.0,-1720.0,0.0,100,397.78,415.0,0,0.0,0.0,,0.0,1,0.07,0.05,SPY220930C00454000,454.0,normalDay
2022-09-08,17533.0,-1459.0,0.0,100,400.38,415.0,0,0.0,0.0,,0.0,1,0.07,0.04,SPY220930C00454000,454.0,normalDay
2022-09-09,17533.0,-838.0,0.0,100,406.6,415.0,0,0.0,0.0,,0.0,1,0.07,0.05,SPY220930C00454000,454.0,normalDay
2022-09-12,17533.0,-405.0,0.0,100,410.97,415.0,0,0.0,0.0,,0.0,1,0.07,0.09,SPY220930C00454000,454.0,normalDay
2022-09-13,17533.0,-2185.0,0.0,100,393.1,415.0,0,0.0,0.0,,0.0,1,0.07,0.02,SPY220930C00454000,454.0,normalDay
2022-09-14,17533.0,-2035.0,0.0,100,394.6,415.0,0,0.0,0.0,,0.0,1,0.07,0.02,SPY220930C00454000,454.0,normalDay
2022-09-15,17533.0,-2483.0,0.0,100,390.12,415.0,0,0.0,0.0,,0.0,1,0.07,0.02,SPY220930C00454000,454.0,normalDay
2022-09-16,17533.0,-2939.0,0.0,100,385.56,415.0,0,0.0,0.0,,0.0,1,0.07,0.02,SPY220930C00454000,454.0,normalDay
2022-09-19,17533.0,-2639.0,0.0,100,388.55,415.0,0,0.0,0.0,,0.0,1,0.07,0.01,SPY220930C00454000,454.0,normalDay
2022-09-20,17533.0,-3085.0,0.0,100,384.09,415.0,0,0.0,0.0,,0.0,1,0.07,0.01,SPY220930C00454000,454.0,normalDay
2022-09-21,17533.0,-3755.0,0.0,100,377.39,415.0,0,0.0,0.0,,0.0,1,0.07,0.01,SPY220930C00454000,454.0,normalDay
2022-09-22,17533.0,-4072.0,0.0,100,374.22,415.0,0,0.0,0.0,,0.0,1,0.07,0.01,SPY220930C00454000,454.0,normalDay
2022-09-23,17533.0,-4699.0,0.0,100,367.95,415.0,0,0.0,0.0,,0.0,1,0.07,0.01,SPY220930C00454000,454.0,normalDay
2022-09-26,17533.0,-5063.0,0.0,100,364.31,415.0,0,0.0,0.0,,0.0,1,0.07,0.01,SPY220930C00454000,454.0,normalDay
2022-09-27,17533.0,-5156.0,0.0,100,363.38,415.0,0,0.0,0.0,,0.0,1,0.07,0.01,SPY220930C00454000,454.0,normalDay
2022-09-28,17533.0,-4441.0,0.0,100,370.53,415.0,0,0.0,0.0,,0.0,1,0.07,0.01,SPY220930C00454000,454.0,normalDay
2022-09-29,17533.0,-5215.0,0.0,100,362.79,415.0,0,0.0,0.0,,0.0,1,0.07,0.01,SPY220930C00454000,454.0,normalDay
2022-09-30,17540.0,-5782.0,7.0,100,357.18,415.0,0,0.0,0.0,,0.0,1,0.07,0.0,SPY220930C00454000,454.0,expirationDay
2022-10-03,17540.0,-4842.0,0.0,100,366.61,415.0,0,0.0,0.0,,0.0,1,0.01,0.04,SPY221104C00455000,455.0,normalDay
2022-10-04,17540.0,-3709.0,0.0,100,377.97,415.0,0,0.0,0.0,,0.0,1,0.01,0.07,SPY221104C00455000,455.0,normalDay
2022-10-05,17540.0,-3794.0,0.0,100,377.09,415.0,0,0.0,0.0,,0.0,1,0.01,0.04,SPY221104C00455000,455.0,normalDay
2022-10-06,17540.0,-4182.0,0.0,100,373.2,415.0,0,0.0,0.0,,0.0,1,0.01,0.03,SPY221104C00455000,455.0,normalDay
2022-10-07,17540.0,-5223.0,0.0,100,362.79,415.0,0,0.0,0.0,,0.0,1,0.01,0.03,SPY221104C00455000,455.0,normalDay
2022-10-10,17540.0,-5499.0,0.0,100,360.02,415.0,0,0.0,0.0,,0.0,1,0.01,0.02,SPY221104C00455000,455.0,normalDay
2022-10-11,17540.0,-5727.0,0.0,100,357.74,415.0,0,0.0,0.0,,0.0,1,0.01,0.02,SPY221104C00455000,455.0,normalDay
2022-10-12,17540.0,-5845.0,0.0,100,356.56,415.0,0,0.0,0.0,,0.0,1,0.01,0.02,SPY221104C00455000,455.0,normalDay
2022-10-13,17540.0,-4906.0,0.0,100,365.97,415.0,0,0.0,0.0,,0.0,1,0.01,0.04,SPY221104C00455000,455.0,normalDay
2022-10-14,17540.0,-5738.0,0.0,100,357.63,415.0,0,0.0,0.0,,0.0,1,0.01,0.02,SPY221104C00455000,455.0,normalDay
2022-10-17,17540.0,-4820.0,0.0,100,366.82,415.0,0,0.0,0.0,,0.0,1,0.01,0.03,SPY221104C00455000,455.0,normalDay
2022-10-18,17540.0,-4389.0,0.0,100,371.13,415.0,0,0.0,0.0,,0.0,1,0.01,0.03,SPY221104C00455000,455.0,normalDay
2022-10-19,17540.0,-4651.0,0.0,100,368.5,415.0,0,0.0,0.0,,0.0,1,0.01,0.02,SPY221104C00455000,455.0,normalDay
2022-10-20,17540.0,-4959.0,0.0,100,365.41,415.0,0,0.0,0.0,,0.0,1,0.01,0.01,SPY221104C00455000,455.0,normalDay
2022-10-21,17540.0,-4072.0,0.0,100,374.29,415.0,0,0.0,0.0,,0.0,1,0.01,0.02,SPY221104C00455000,455.0,normalDay
2022-10-24,17540.0,-3614.0,0.0,100,378.87,415.0,0,0.0,0.0,,0.0,1,0.01,0.02,SPY221104C00455000,455.0,normalDay
2022-10-25,17540.0,-3008.0,0.0,100,384.92,415.0,0,0.0,0.0,,0.0,1,0.01,0.01,SPY221104C00455000,455.0,normalDay
2022-10-26,17540.0,-3298.0,0.0,100,382.02,415.0,0,0.0,0.0,,0.0,1,0.01,0.01,SPY221104C00455000,455.0,normalDay
2022-10-27,17540.0,-3502.0,0.0,100,379.98,415.0,0,0.0,0.0,,0.0,1,0.01,0.01,SPY221104C00455000,455.0,normalDay
2022-10-28,17540.0,-2598.0,0.0,100,389.02,415.0,0,0.0,0.0,,0.0,1,0.01,0.01,SPY221104C00455000,455.0,normalDay
2022-10-31,17540.0,-2879.0,0.0,100,386.21,415.0,0,0.0,0.0,,0.0,1,0.01,0.01,SPY221104C00455000,455.0,normalDay
2022-11-01,17540.0,-3048.0,0.0,100,384.52,415.0,0,0.0,0.0,,0.0,1,0.01,0.01,SPY221104C00455000,455.0,normalDay
2022-11-02,17540.0,-4013.0,0.0,100,374.87,415.0,0,0.0,0.0,,0.0,1,0.01,0.01,SPY221104C00455000,455.0,normalDay
2022-11-03,17540.0,-4399.0,0.0,100,371.01,415.0,0,0.0,0.0,,0.0,1,0.01,0.01,SPY221104C00455000,455.0,normalDay
2022-11-04,17541.0,-3865.0,1.0,100,376.35,415.0,0,0.0,0.0,,0.0,1,0.01,0.0,SPY221104C00455000,455.0,expirationDay
2022-11-07,17541.0,-3508.0,0.0,100,379.95,415.0,0,0.0,0.0,,0.0,1,0.69,0.72,SPY221209C00418000,418.0,normalDay
2022-11-08,17541.0,-3316.0,0.0,100,382.0,415.0,0,0.0,0.0,,0.0,1,0.69,0.85,SPY221209C00418000,418.0,normalDay
2022-11-09,17541.0,-4058.0,0.0,100,374.13,415.0,0,0.0,0.0,,0.0,1,0.69,0.4,SPY221209C00418000,418.0,normalDay
2022-11-10,17541.0,-2184.0,0.0,100,394.69,415.0,0,0.0,0.0,,0.0,1,0.69,2.22,SPY221209C00418000,418.0,normalDay
2022-11-11,17541.0,-1798.0,0.0,100,398.51,415.0,0,0.0,0.0,,0.0,1,0.69,2.18,SPY221209C00418000,418.0,normalDay
2022-11-14,17541.0,-2065.0,0.0,100,395.12,415.0,0,0.0,0.0,,0.0,1,0.69,1.46,SPY221209C00418000,418.0,normalDay
2022-11-15,17541.0,-1769.0,0.0,100,398.49,415.0,0,0.0,0.0,,0.0,1,0.69,1.87,SPY221209C00418000,418.0,normalDay
2022-11-16,17541.0,-2001.0,0.0,100,395.45,415.0,0,0.0,0.0,,0.0,1,0.69,1.15,SPY221209C00418000,418.0,normalDay
2022-11-17,17541.0,-2095.0,0.0,100,394.24,415.0,0,0.0,0.0,,0.0,1,0.69,0.88,SPY221209C00418000,418.0,normalDay
2022-11-18,17541.0,-1906.0,0.0,100,396.03,415.0,0,0.0,0.0,,0.0,1,0.69,0.78,SPY221209C00418000,418.0,normalDay
2022-11-21,17541.0,-2016.0,0.0,100,394.59,415.0,0,0.0,0.0,,0.0,1,0.69,0.44,SPY221209C00418000,418.0,normalDay
2022-11-22,17541.0,-1508.0,0.0,100,399.9,415.0,0,0.0,0.0,,0.0,1,0.69,0.67,SPY221209C00418000,418.0,normalDay
2022-11-23,17541.0,-1251.0,0.0,100,402.42,415.0,0,0.0,0.0,,0.0,1,0.69,0.62,SPY221209C00418000,418.0,normalDay
2022-11-25,17541.0,-1244.0,0.0,100,402.33,415.0,0,0.0,0.0,,0.0,1,0.69,0.46,SPY221209C00418000,418.0,normalDay
2022-11-28,17541.0,-1854.0,0.0,100,395.91,415.0,0,0.0,0.0,,0.0,1,0.69,0.14,SPY221209C00418000,418.0,normalDay
2022-11-29,17541.0,-1918.0,0.0,100,395.23,415.0,0,0.0,0.0,,0.0,1,0.69,0.1,SPY221209C00418000,418.0,normalDay
2022-11-30,17541.0,-766.0,0.0,100,407.68,415.0,0,0.0,0.0,,0.0,1,0.69,1.03,SPY221209C00418000,418.0,normalDay
2022-12-01,17541.0,-756.0,0.0,100,407.38,415.0,0,0.0,0.0,,0.0,1,0.69,0.63,SPY221209C00418000,418.0,normalDay
2022-12-02,17541.0,-762.0,0.0,100,406.91,415.0,0,0.0,0.0,,0.0,1,0.69,0.22,SPY221209C00418000,418.0,normalDay
2022-12-05,17541.0,-1476.0,0.0,100,399.59,415.0,0,0.0,0.0,,0.0,1,0.69,0.04,SPY221209C00418000,418.0,normalDay
2022-12-06,17541.0,-2050.0,0.0,100,393.83,415.0,0,0.0,0.0,,0.0,1,0.69,0.02,SPY221209C00418000,418.0,normalDay
2022-12-07,17541.0,-2116.0,0.0,100,393.16,415.0,0,0.0,0.0,,0.0,1,0.69,0.01,SPY221209C00418000,418.0,normalDay
2022-12-08,17541.0,-1808.0,0.0,100,396.24,415.0,0,0.0,0.0,,0.0,1,0.69,0.01,SPY221209C00418000,418.0,normalDay
2022-12-09,17610.0,-2172.0,69.0,100,393.28,415.0,0,0.0,0.0,,0.0,1,0.69,0.0,SPY221209C00418000,418.0,expirationDay
2022-12-12,17610.0,-1611.0,0.0,100,398.95,415.0,0,0.0,0.0,,0.0,1,2.66,2.72,SPY230113C00420000,420.0,normalDay
2022-12-13,17610.0,-1317.0,0.0,100,401.97,415.0,0,0.0,0.0,,0.0,1,2.66,2.8,SPY230113C00420000,420.0,normalDay
2022-12-14,17610.0,-1469.0,0.0,100,399.4,415.0,0,0.0,0.0,,0.0,1,2.66,1.75,SPY230113C00420000,420.0,normalDay
2022-12-15,17610.0,-2330.0,0.0,100,389.63,415.0,0,0.0,0.0,,0.0,1,2.66,0.59,SPY230113C00420000,420.0,normalDay
2022-12-16,17610.0,-2939.0,0.0,100,383.27,415.0,0,0.0,0.0,,0.0,1,2.66,0.32,SPY230113C00420000,420.0,normalDay
2022-12-19,17610.0,-3253.0,0.0,100,380.02,415.0,0,0.0,0.0,,0.0,1,2.66,0.21,SPY230113C00420000,420.0,normalDay
2022-12-20,17610.0,-3199.0,0.0,100,380.54,415.0,0,0.0,0.0,,0.0,1,2.66,0.19,SPY230113C00420000,420.0,normalDay
2022-12-21,17610.0,-2637.0,0.0,100,386.23,415.0,0,0.0,0.0,,0.0,1,2.66,0.26,SPY230113C00420000,420.0,normalDay
2022-12-22,17610.0,-3179.0,0.0,100,380.72,415.0,0,0.0,0.0,,0.0,1,2.66,0.17,SPY230113C00420000,420.0,normalDay
2022-12-23,17610.0,-2955.0,0.0,100,382.91,415.0,0,0.0,0.0,,0.0,1,2.66,0.12,SPY230113C00420000,420.0,normalDay
2022-12-27,17610.0,-3104.0,0.0,100,381.4,415.0,0,0.0,0.0,,0.0,1,2.66,0.1,SPY230113C00420000,420.0,normalDay
2022-12-28,17610.0,-3574.0,0.0,100,376.66,415.0,0,0.0,0.0,,0.0,1,2.66,0.06,SPY230113C00420000,420.0,normalDay
2022-12-29,17610.0,-2898.0,0.0,100,383.44,415.0,0,0.0,0.0,,0.0,1,2.66,0.08,SPY230113C00420000,420.0,normalDay
2022-12-30,17610.0,-2996.0,0.0,100,382.43,415.0,0,0.0,0.0,,0.0,1,2.66,0.05,SPY230113C00420000,420.0,normalDay
2023-01-03,17610.0,-3155.0,0.0,100,380.82,415.0,0,0.0,0.0,,0.0,1,2.66,0.03,SPY230113C00420000,420.0,normalDay
2023-01-04,17610.0,-2861.0,0.0,100,383.76,415.0,0,0.0,0.0,,0.0,1,2.66,0.03,SPY230113C00420000,420.0,normalDay
2023-01-05,17610.0,-3298.0,0.0,100,379.38,415.0,0,0.0,0.0,,0.0,1,2.66,0.02,SPY230113C00420000,420.0,normalDay
2023-01-06,17610.0,-2428.0,0.0,100,388.08,415.0,0,0.0,0.0,,0.0,1,2.66,0.02,SPY230113C00420000,420.0,normalDay
2023-01-09,17610.0,-2450.0,0.0,100,387.86,415.0,0,0.0,0.0,,0.0,1,2.66,0.02,SPY230113C00420000,420.0,normalDay
2023-01-10,17610.0,-2178.0,0.0,100,390.58,415.0,0,0.0,0.0,,0.0,1,2.66,0.02,SPY230113C00420000,420.0,normalDay
2023-01-11,17610.0,-1684.0,0.0,100,395.52,415.0,0,0.0,0.0,,0.0,1,2.66,0.02,SPY230113C00420000,420.0,normalDay
2023-01-12,17610.0,-1539.0,0.0,100,396.96,415.0,0,0.0,0.0,,0.0,1,2.66,0.01,SPY230113C00420000,420.0,normalDay
2023-01-13,17876.0,-1650.0,266.0,100,398.5,415.0,0,0.0,0.0,,0.0,1,2.66,0.0,SPY230113C00420000,420.0,expirationDay
2023-01-17,17876.0,-1726.0,0.0,100,397.77,415.0,0,0.0,0.0,,0.0,1,1.68,1.71,SPY230217C00417000,417.0,normalDay
2023-01-18,17876.0,-2268.0,0.0,100,391.49,415.0,0,0.0,0.0,,0.0,1,1.68,0.85,SPY230217C00417000,417.0,normalDay
2023-01-19,17876.0,-2521.0,0.0,100,388.64,415.0,0,0.0,0.0,,0.0,1,1.68,0.53,SPY230217C00417000,417.0,normalDay
2023-01-20,17876.0,-1859.0,0.0,100,395.88,415.0,0,0.0,0.0,,0.0,1,1.68,1.15,SPY230217C00417000,417.0,normalDay
2023-01-23,17876.0,-1456.0,0.0,100,400.63,415.0,0,0.0,0.0,,0.0,1,1.68,1.87,SPY230217C00417000,417.0,normalDay
2023-01-24,17876.0,-1499.0,0.0,100,400.2,415.0,0,0.0,0.0,,0.0,1,1.68,1.87,SPY230217C00417000,417.0,normalDay
2023-01-25,17876.0,-1454.0,0.0,100,400.35,415.0,0,0.0,0.0,,0.0,1,1.68,1.57,SPY230217C00417000,417.0,normalDay
2023-01-26,17876.0,-1093.0,0.0,100,404.75,415.0,0,0.0,0.0,,0.0,1,1.68,2.36,SPY230217C00417000,417.0,normalDay
2023-01-27,17876.0,-1015.0,0.0,100,405.68,415.0,0,0.0,0.0,,0.0,1,1.68,2.51,SPY230217C00417000,417.0,normalDay
2023-01-30,17876.0,-1428.0,0.0,100,400.59,415.0,0,0.0,0.0,,0.0,1,1.68,1.55,SPY230217C00417000,417.0,normalDay
2023-01-31,17876.0,-934.0,0.0,100,406.48,415.0,0,0.0,0.0,,0.0,1,1.68,2.5,SPY230217C00417000,417.0,normalDay
2023-02-01,17876.0,-634.0,0.0,100,410.8,415.0,0,0.0,0.0,,0.0,1,1.68,3.82,SPY230217C00417000,417.0,normalDay
2023-02-02,17876.0,-213.0,0.0,100,416.78,415.0,0,0.0,0.0,,0.0,1,1.68,5.59,SPY230217C00417000,417.0,normalDay
2023-02-03,17876.0,-478.0,0.0,100,412.35,415.0,0,0.0,0.0,,0.0,1,1.68,3.81,SPY230217C00417000,417.0,normalDay
2023-02-06,17876.0,-624.0,0.0,100,409.83,415.0,0,0.0,0.0,,0.0,1,1.68,2.75,SPY230217C00417000,417.0,normalDay
2023-02-07,17876.0,-230.0,0.0,100,415.19,415.0,0,0.0,0.0,,0.0,1,1.68,4.17,SPY230217C00417000,417.0,normalDay
2023-02-08,17876.0,-537.0,0.0,100,410.65,415.0,0,0.0,0.0,,0.0,1,1.68,2.7,SPY230217C00417000,417.0,normalDay
2023-02-09,17876.0,-803.0,0.0,100,407.09,415.0,0,0.0,0.0,,0.0,1,1.68,1.8,SPY230217C00417000,417.0,normalDay
2023-02-10,17876.0,-680.0,0.0,100,408.04,415.0,0,0.0,0.0,,0.0,1,1.68,1.52,SPY230217C00417000,417.0,normalDay
2023-02-13,17876.0,-319.0,0.0,100,412.83,415.0,0,0.0,0.0,,0.0,1,1.68,2.7,SPY230217C00417000,417.0,normalDay
2023-02-14,17876.0,-174.0,0.0,100,412.64,415.0,0,0.0,0.0,,0.0,1,1.68,1.06,SPY230217C00417000,417.0,normalDay
2023-02-15,17876.0,-37.0,0.0,100,413.98,415.0,0,0.0,0.0,,0.0,1,1.68,1.03,SPY230217C00417000,417.0,normalDay
2023-02-16,17876.0,-511.0,0.0,100,408.28,415.0,0,0.0,0.0,,0.0,1,1.68,0.07,SPY230217C00417000,417.0,normalDay
2023-02-17,18044.0,-774.0,168.0,100,407.26,415.0,0,0.0,0.0,,0.0,1,1.68,0.0,SPY230217C00417000,417.0,expirationDay
2023-02-21,18044.0,-1594.0,0.0,100,399.09,415.0,0,0.0,0.0,,0.0,1,0.33,0.36,SPY230324C00432000,432.0,normalDay
2023-02-22,18044.0,-1637.0,0.0,100,398.54,415.0,0,0.0,0.0,,0.0,1,0.33,0.24,SPY230324C00432000,432.0,normalDay
2023-02-23,18044.0,-1428.0,0.0,100,400.66,415.0,0,0.0,0.0,,0.0,1,0.33,0.27,SPY230324C00432000,432.0,normalDay
2023-02-24,18044.0,-1845.0,0.0,100,396.38,415.0,0,0.0,0.0,,0.0,1,0.33,0.16,SPY230324C00432000,432.0,normalDay
2023-02-27,18044.0,-1709.0,0.0,100,397.73,415.0,0,0.0,0.0,,0.0,1,0.33,0.15,SPY230324C00432000,432.0,normalDay
2023-02-28,18044.0,-1851.0,0.0,100,396.26,415.0,0,0.0,0.0,,0.0,1,0.33,0.1,SPY230324C00432000,432.0,normalDay
2023-03-01,18044.0,-2000.0,0.0,100,394.74,415.0,0,0.0,0.0,,0.0,1,0.33,0.07,SPY230324C00432000,432.0,normalDay
2023-03-02,18044.0,-1695.0,0.0,100,397.81,415.0,0,0.0,0.0,,0.0,1,0.33,0.09,SPY230324C00432000,432.0,normalDay
2023-03-03,18044.0,-1068.0,0.0,100,404.19,415.0,0,0.0,0.0,,0.0,1,0.33,0.2,SPY230324C00432000,432.0,normalDay
2023-03-06,18044.0,-1038.0,0.0,100,404.47,415.0,0,0.0,0.0,,0.0,1,0.33,0.18,SPY230324C00432000,432.0,normalDay
2023-03-07,18044.0,-1647.0,0.0,100,398.27,415.0,0,0.0,0.0,,0.0,1,0.33,0.07,SPY230324C00432000,432.0,normalDay
2023-03-08,18044.0,-1581.0,0.0,100,398.92,415.0,0,0.0,0.0,,0.0,1,0.33,0.06,SPY230324C00432000,432.0,normalDay
2023-03-09,18044.0,-2316.0,0.0,100,391.56,415.0,0,0.0,0.0,,0.0,1,0.33,0.05,SPY230324C00432000,432.0,normalDay
2023-03-10,18044.0,-2878.0,0.0,100,385.91,415.0,0,0.0,0.0,,0.0,1,0.33,0.02,SPY230324C00432000,432.0,normalDay
2023-03-13,18044.0,-2934.0,0.0,100,385.36,415.0,0,0.0,0.0,,0.0,1,0.33,0.03,SPY230324C00432000,432.0,normalDay
2023-03-14,18044.0,-2296.0,0.0,100,391.73,415.0,0,0.0,0.0,,0.0,1,0.33,0.02,SPY230324C00432000,432.0,normalDay
2023-03-15,18044.0,-2541.0,0.0,100,389.28,415.0,0,0.0,0.0,,0.0,1,0.33,0.02,SPY230324C00432000,432.0,normalDay
2023-03-16,18044.0,-1858.0,0.0,100,396.11,415.0,0,0.0,0.0,,0.0,1,0.33,0.02,SPY230324C00432000,432.0,normalDay
2023-03-17,18044.0,-2470.0,0.0,100,389.99,415.0,0,0.0,0.0,,0.0,1,0.33,0.02,SPY230324C00432000,432.0,normalDay
2023-03-20,18044.0,-2094.0,0.0,100,393.74,415.0,0,0.0,0.0,,0.0,1,0.33,0.01,SPY230324C00432000,432.0,normalDay
2023-03-21,18044.0,-1577.0,0.0,100,398.91,415.0,0,0.0,0.0,,0.0,1,0.33,0.01,SPY230324C00432000,432.0,normalDay
2023-03-22,18044.0,-2257.0,0.0,100,392.11,415.0,0,0.0,0.0,,0.0,1,0.33,0.01,SPY230324C00432000,432.0,normalDay
2023-03-23,18044.0,-2151.0,0.0,100,393.17,415.0,0,0.0,0.0,,0.0,1,0.33,0.01,SPY230324C00432000,432.0,normalDay
2023-03-24,18077.0,-1925.0,33.0,100,395.75,415.0,0,0.0,0.0,,0.0,1,0.33,0.0,SPY230324C00432000,432.0,expirationDay
2023-03-27,18077.0,-1855.0,0.0,100,396.49,415.0,0,0.0,0.0,,0.0,1,1.26,1.3,SPY230428C00418000,418.0,normalDay
2023-03-28,18077.0,-1921.0,0.0,100,395.6,415.0,0,0.0,0.0,,0.0,1,1.26,1.07,SPY230428C00418000,418.0,normalDay
2023-03-29,18077.0,-1418.0,0.0,100,401.35,415.0,0,0.0,0.0,,0.0,1,1.26,1.79,SPY230428C00418000,418.0,normalDay
2023-03-30,18077.0,-1218.0,0.0,100,403.7,415.0,0,0.0,0.0,,0.0,1,1.26,2.14,SPY230428C00418000,418.0,normalDay
2023-03-31,18077.0,-823.0,0.0,100,409.39,415.0,0,0.0,0.0,,0.0,1,1.26,3.88,SPY230428C00418000,418.0,normalDay
2023-04-03,18077.0,-675.0,0.0,100,410.95,415.0,0,0.0,0.0,,0.0,1,1.26,3.96,SPY230428C00418000,418.0,normalDay
2023-04-04,18077.0,-805.0,0.0,100,408.67,415.0,0,0.0,0.0,,0.0,1,1.26,2.98,SPY230428C00418000,418.0,normalDay
2023-04-05,18077.0,-851.0,0.0,100,407.6,415.0,0,0.0,0.0,,0.0,1,1.26,2.37,SPY230428C00418000,418.0,normalDay
2023-04-06,18077.0,-707.0,0.0,100,409.19,415.0,0,0.0,0.0,,0.0,1,1.26,2.52,SPY230428C00418000,418.0,normalDay
2023-04-10,18077.0,-656.0,0.0,100,409.61,415.0,0,0.0,0.0,,0.0,1,1.26,2.43,SPY230428C00418000,418.0,normalDay
2023-04-11,18077.0,-632.0,0.0,100,409.72,415.0,0,0.0,0.0,,0.0,1,1.26,2.3,SPY230428C00418000,418.0,normalDay
2023-04-12,18077.0,-709.0,0.0,100,408.05,415.0,0,0.0,0.0,,0.0,1,1.26,1.4,SPY230428C00418000,418.0,normalDay
2023-04-13,18077.0,-304.0,0.0,100,413.47,415.0,0,0.0,0.0,,0.0,1,1.26,2.77,SPY230428C00418000,418.0,normalDay
2023-04-14,18077.0,-332.0,0.0,100,412.46,415.0,0,0.0,0.0,,0.0,1,1.26,2.04,SPY230428C00418000,418.0,normalDay
2023-04-17,18077.0,-201.0,0.0,100,413.94,415.0,0,0.0,0.0,,0.0,1,1.26,2.21,SPY230428C00418000,418.0,normalDay
2023-04-18,18077.0,-154.0,0.0,100,414.21,415.0,0,0.0,0.0,,0.0,1,1.26,2.01,SPY230428C00418000,418.0,normalDay
2023-04-19,18077.0,-136.0,0.0,100,414.14,415.0,0,0.0,0.0,,0.0,1,1.26,1.76,SPY230428C00418000,418.0,normalDay
2023-04-20,18077.0,-284.0,0.0,100,411.88,415.0,0,0.0,0.0,,0.0,1,1.26,0.98,SPY230428C00418000,418.0,normalDay
2023-04-21,18077.0,-223.0,0.0,100,412.2,415.0,0,0.0,0.0,,0.0,1,1.26,0.69,SPY230428C00418000,418.0,normalDay
2023-04-24,18077.0,-161.0,0.0,100,412.63,415.0,0,0.0,0.0,,0.0,1,1.26,0.5,SPY230428C00418000,418.0,normalDay
2023-04-25,18077.0,-776.0,0.0,100,406.08,415.0,0,0.0,0.0,,0.0,1,1.26,0.1,SPY230428C00418000,418.0,normalDay
2023-04-26,18077.0,-940.0,0.0,100,404.36,415.0,0,0.0,0.0,,0.0,1,1.26,0.02,SPY230428C00418000,418.0,normalDay
2023-04-27,18077.0,-145.0,0.0,100,412.41,415.0,0,0.0,0.0,,0.0,1,1.26,0.12,SPY230428C00418000,418.0,normalDay
2023-04-28,18203.0,93.0,126.0,100,415.93,415.0,0,0.0,0.0,,0.0,1,1.26,0.0,SPY230428C00418000,418.0,expirationDay
2023-05-01,18203.0,47.0,0.0,100,415.51,415.0,0,0.0,0.0,,0.0,1,2.47,2.51,SPY230602C00426000,426.0,normalDay
2023-05-02,18203.0,-313.0,0.0,100,410.84,415.0,0,0.0,0.0,,0.0,1,2.47,1.44,SPY230602C00426000,426.0,normalDay
2023-05-03,18203.0,-560.0,0.0,100,408.02,415.0,0,0.0,0.0,,0.0,1,2.47,1.09,SPY230602C00426000,426.0,normalDay
2023-05-04,18203.0,-804.0,0.0,100,405.13,415.0,0,0.0,0.0,,0.0,1,2.47,0.64,SPY230602C00426000,426.0,normalDay
2023-05-05,18203.0,-118.0,0.0,100,412.63,415.0,0,0.0,0.0,,0.0,1,2.47,1.28,SPY230602C00426000,426.0,normalDay
2023-05-08,18203.0,-84.0,0.0,100,412.74,415.0,0,0.0,0.0,,0.0,1,2.47,1.05,SPY230602C00426000,426.0,normalDay
2023-05-09,18203.0,-246.0,0.0,100,410.93,415.0,0,0.0,0.0,,0.0,1,2.47,0.86,SPY230602C00426000,426.0,normalDay
2023-05-10,18203.0,-64.0,0.0,100,412.85,415.0,0,0.0,0.0,,0.0,1,2.47,0.96,SPY230602C00426000,426.0,normalDay
2023-05-11,18203.0,-105.0,0.0,100,412.13,415.0,0,0.0,0.0,,0.0,1,2.47,0.65,SPY230602C00426000,426.0,normalDay
2023-05-12,18203.0,-136.0,0.0,100,411.59,415.0,0,0.0,0.0,,0.0,1,2.47,0.42,SPY230602C00426000,426.0,normalDay
2023-05-15,18203.0,1.0,0.0,100,413.01,415.0,0,0.0,0.0,,0.0,1,2.47,0.47,SPY230602C00426000,426.0,normalDay
2023-05-16,18203.0,-258.0,0.0,100,410.25,415.0,0,0.0,0.0,,0.0,1,2.47,0.3,SPY230602C00426000,426.0,normalDay
2023-05-17,18203.0,193.0,0.0,100,415.23,415.0,0,0.0,0.0,,0.0,1,2.47,0.77,SPY230602C00426000,426.0,normalDay
2023-05-18,18203.0,515.0,0.0,100,419.23,415.0,0,0.0,0.0,,0.0,1,2.47,1.55,SPY230602C00426000,426.0,normalDay
2023-05-19,18203.0,472.0,0.0,100,418.62,415.0,0,0.0,0.0,,0.0,1,2.47,1.37,SPY230602C00426000,426.0,normalDay
2023-05-22,18203.0,502.0,0.0,100,418.79,415.0,0,0.0,0.0,,0.0,1,2.47,1.24,SPY230602C00426000,426.0,normalDay
2023-05-23,18203.0,112.0,0.0,100,414.09,415.0,0,0.0,0.0,,0.0,1,2.47,0.44,SPY230602C00426000,426.0,normalDay
2023-05-24,18203.0,-167.0,0.0,100,411.09,415.0,0,0.0,0.0,,0.0,1,2.47,0.23,SPY230602C00426000,426.0,normalDay
2023-05-25,18203.0,176.0,0.0,100,414.65,415.0,0,0.0,0.0,,0.0,1,2.47,0.36,SPY230602C00426000,426.0,normalDay
2023-05-26,18203.0,652.0,0.0,100,420.02,415.0,0,0.0,0.0,,0.0,1,2.47,0.97,SPY230602C00426000,426.0,normalDay
2023-05-30,18203.0,710.0,0.0,100,420.18,415.0,0,0.0,0.0,,0.0,1,2.47,0.55,SPY230602C00426000,426.0,normalDay
2023-05-31,18203.0,522.0,0.0,100,417.85,415.0,0,0.0,0.0,,0.0,1,2.47,0.1,SPY230602C00426000,426.0,normalDay
2023-06-01,18203.0,912.0,0.0,100,421.82,415.0,0,0.0,0.0,,0.0,1,2.47,0.17,SPY230602C00426000,426.0,normalDay
2023-06-02,19550.0,912.0,1347.0,0,427.92,0.0,0,0.0,0.0,,0.0,1,2.47,0.0,SPY230602C00426000,426.0,expirationDay
2023-06-05,19550.0,-3.0,0.0,0,427.1,0.0,1,0.03,0.06,SPY230608P00414000,414.0,0,0.0,0.0,,0.0,normalDay
2023-06-06,19550.0,-1.0,0.0,0,428.03,0.0,1,0.03,0.04,SPY230608P00414000,414.0,0,0.0,0.0,,0.0,normalDay
2023-06-07,19550.0,0.0,0.0,0,426.55,0.0,1,0.03,0.03,SPY230608P00414000,414.0,0,0.0,0.0,,0.0,normalDay
2023-06-08,19553.0,0.0,3.0,0,429.13,0.0,1,0.03,0.0,SPY230608P00414000,414.0,0,0.0,0.0,,0.0,expirationDay
2023-06-09,19553.0,-3.0,0.0,0,429.9,0.0,1,0.01,0.04,SPY230612P00417000,417.0,0,0.0,0.0,,0.0,normalDay
2023-06-12,19554.0,0.0,1.0,0,433.8,0.0,1,0.01,0.0,SPY230612P00417000,417.0,0,0.0,0.0,,0.0,expirationDay
2023-06-13,19554.0,-3.0,0.0,0,436.66,0.0,1,0.13,0.16,SPY230616P00419000,419.0,0,0.0,0.0,,0.0,normalDay
2023-06-14,19554.0,5.0,0.0,0,437.18,0.0,1,0.13,0.08,SPY230616P00419000,419.0,0,0.0,0.0,,0.0,normalDay
2023-06-15,19554.0,6.0,0.0,0,442.6,0.0,1,0.13,0.07,SPY230616P00419000,419.0,0,0.0,0.0,,0.0,normalDay
2023-06-16,19567.0,0.0,13.0,0,439.46,0.0,1,0.13,0.0,SPY230616P00419000,419.0,0,0.0,0.0,,0.0,expirationDay
2023-06-20,19567.0,-3.0,0.0,0,437.18,0.0,1,0.03,0.06,SPY230623P00423000,423.0,0,0.0,0.0,,0.0,normalDay
2023-06-21,19567.0,-1.0,0.0,0,434.94,0.0,1,0.03,0.04,SPY230623P00423000,423.0,0,0.0,0.0,,0.0,normalDay
2023-06-22,19567.0,1.0,0.0,0,436.51,0.0,1,0.03,0.02,SPY230623P00423000,423.0,0,0.0,0.0,,0.0,normalDay
2023-06-23,19570.0,0.0,3.0,0,433.21,0.0,1,0.03,0.0,SPY230623P00423000,423.0,0,0.0,0.0,,0.0,expirationDay
2023-06-26,19570.0,-3.0,0.0,0,431.44,0.0,1,0.5,0.53,SPY230629P00428000,428.0,0,0.0,0.0,,0.0,normalDay
2023-06-27,19570.0,41.0,0.0,0,436.17,0.0,1,0.5,0.09,SPY230629P00428000,428.0,0,0.0,0.0,,0.0,normalDay
2023-06-28,19570.0,47.0,0.0,0,436.39,0.0,1,0.5,0.03,SPY230629P00428000,428.0,0,0.0,0.0,,0.0,normalDay
2023-06-29,19620.0,0.0,50.0,0,438.11,0.0,1,0.5,0.0,SPY230629P00428000,428.0,0,0.0,0.0,,0.0,expirationDay
2023-06-30,19620.0,-3.0,0.0,0,443.28,0.0,1,0.01,0.04,SPY230703P00432000,432.0,0,0.0,0.0,,0.0,normalDay
2023-07-03,19621.0,0.0,1.0,0,443.79,0.0,1,0.01,0.0,SPY230703P00432000,432.0,0,0.0,0.0,,0.0,expirationDay
2023-07-05,19621.0,-3.0,0.0,0,443.13,0.0,1,0.05,0.08,SPY230707P00434000,434.0,0,0.0,0.0,,0.0,normalDay
2023-07-06,19621.0,-7.0,0.0,0,439.66,0.0,1,0.05,0.12,SPY230707P00434000,434.0,0,0.0,0.0,,0.0,normalDay
2023-07-07,19626.0,0.0,5.0,0,438.55,0.0,1,0.05,0.0,SPY230707P00434000,434.0,0,0.0,0.0,,0.0,expirationDay
2023-07-10,19626.0,-3.0,0.0,0,439.66,0.0,1,0.72,0.75,SPY230713P00436000,436.0,0,0.0,0.0,,0.0,normalDay
2023-07-11,19626.0,36.0,0.0,0,442.46,0.0,1,0.72,0.36,SPY230713P00436000,436.0,0,0.0,0.0,,0.0,normalDay
2023-07-12,19626.0,68.0,0.0,0,446.02,0.0,1,0.72,0.04,SPY230713P00436000,436.0,0,0.0,0.0,,0.0,normalDay
2023-07-13,19698.0,0.0,72.0,0,449.56,0.0,1,0.72,0.0,SPY230713P00436000,436.0,0,0.0,0.0,,0.0,expirationDay
2023-07-14,19698.0,-3.0,0.0,0,449.28,0.0,1,0.01,0.04,SPY230717P00438000,438.0,0,0.0,0.0,,0.0,normalDay
2023-07-17,19699.0,0.0,1.0,0,450.84,0.0,1,0.01,0.0,SPY230717P00438000,438.0,0,0.0,0.0,,0.0,expirationDay
2023-07-18,19699.0,-3.0,0.0,0,454.19,0.0,1,0.05,0.08,SPY230721P00439000,439.0,0,0.0,0.0,,0.0,normalDay
2023-07-19,19699.0,0.0,0.0,0,455.2,0.0,1,0.05,0.05,SPY230721P00439000,439.0,0,0.0,0.0,,0.0,normalDay
2023-07-20,19699.0,0.0,0.0,0,452.18,0.0,1,0.05,0.05,SPY230721P00439000,439.0,0,0.0,0.0,,0.0,normalDay
2023-07-21,19704.0,0.0,5.0,0,452.18,0.0,1,0.05,0.0,SPY230721P00439000,439.0,0,0.0,0.0,,0.0,expirationDay
2023-07-24,19704.0,-3.0,0.0,0,454.2,0.0,1,0.07,0.1,SPY230727P00442000,442.0,0,0.0,0.0,,0.0,normalDay
2023-07-25,19704.0,1.0,0.0,0,455.44,0.0,1,0.07,0.06,SPY230727P00442000,442.0,0,0.0,0.0,,0.0,normalDay
2023-07-26,19704.0,4.0,0.0,0,455.51,0.0,1,0.07,0.03,SPY230727P00442000,442.0,0,0.0,0.0,,0.0,normalDay
2023-07-27,19711.0,0.0,7.0,0,452.49,0.0,1,0.07,0.0,SPY230727P00442000,442.0,0,0.0,0.0,,0.0,expirationDay
2023-07-28,19711.0,0.0,0.0,0,456.92,0.0,0,0.0,0.0,,0.0,0,0.0,0.0,,0.0,bidTooLow
2023-07-31,19711.0,-3.0,0.0,0,457.79,0.0,1,0.08,0.11,SPY230803P00447000,447.0,0,0.0,0.0,,0.0,normalDay
2023-08-01,19711.0,-1.0,0.0,0,456.48,0.0,1,0.08,0.09,SPY230803P00447000,447.0,0,0.0,0.0,,0.0,normalDay
2023-08-02,19711.0,-42.0,0.0,0,450.13,0.0,1,0.08,0.5,SPY230803P00447000,447.0,0,0.0,0.0,,0.0,normalDay
2023-08-03,19719.0,0.0,8.0,0,448.84,0.0,1,0.08,0.0,SPY230803P00447000,447.0,0,0.0,0.0,,0.0,expirationDay
2023-08-04,19719.0,-4.0,0.0,0,446.81,0.0,1,2.72,2.76,SPY230807P00449000,449.0,0,0.0,0.0,,0.0,normalDay
2023-08-07,19991.0,0.0,272.0,0,450.71,0.0,1,2.72,0.0,SPY230807P00449000,449.0,0,0.0,0.0,,0.0,expirationDay
2023-08-08,19991.0,-3.0,0.0,0,448.75,0.0,1,3.41,3.44,SPY230811P00451000,451.0,0,0.0,0.0,,0.0,normalDay
2023-08-09,19991.0,-186.0,0.0,0,445.75,0.0,1,3.41,5.27,SPY230811P00451000,451.0,0,0.0,0.0,,0.0,normalDay
2023-08-10,19991.0,-197.0,0.0,0,445.91,0.0,1,3.41,5.38,SPY230811P00451000,451.0,0,0.0,0.0,,0.0,normalDay
2023-08-11,20332.0,-535.0,341.0,100,445.65,451.0,1,3.41,0.0,SPY230811P00451000,451.0,0,0.0,0.0,,0.0,expirationDay
2023-08-14,20332.0,-292.0,0.0,100,448.11,451.0,0,0.0,0.0,,0.0,1,0.41,0.44,SPY230915C00470000,470.0,normalDay
2023-08-15,20332.0,-794.0,0.0,100,442.89,451.0,0,0.0,0.0,,0.0,1,0.41,0.24,SPY230915C00470000,470.0,normalDay
2023-08-16,20332.0,-1111.0,0.0,100,439.64,451.0,0,0.0,0.0,,0.0,1,0.41,0.16,SPY230915C00470000,470.0,normalDay
2023-08-17,20332.0,-1440.0,0.0,100,436.29,451.0,0,0.0,0.0,,0.0,1,0.41,0.1,SPY230915C00470000,470.0,normalDay
2023-08-18,20332.0,-1417.0,0.0,100,436.5,451.0,0,0.0,0.0,,0.0,1,0.41,0.08,SPY230915C00470000,470.0,normalDay
2023-08-21,20332.0,-1133.0,0.0,100,439.34,451.0,0,0.0,0.0,,0.0,1,0.41,0.08,SPY230915C00470000,470.0,normalDay
2023-08-22,20332.0,-1251.0,0.0,100,438.15,451.0,0,0.0,0.0,,0.0,1,0.41,0.07,SPY230915C00470000,470.0,normalDay
2023-08-23,20332.0,-767.0,0.0,100,443.03,451.0,0,0.0,0.0,,0.0,1,0.41,0.11,SPY230915C00470000,470.0,normalDay
2023-08-24,20332.0,-1375.0,0.0,100,436.89,451.0,0,0.0,0.0,,0.0,1,0.41,0.05,SPY230915C00470000,470.0,normalDay
2023-08-25,20332.0,-1067.0,0.0,100,439.97,451.0,0,0.0,0.0,,0.0,1,0.41,0.05,SPY230915C00470000,470.0,normalDay
2023-08-28,20332.0,-789.0,0.0,100,442.76,451.0,0,0.0,0.0,,0.0,1,0.41,0.06,SPY230915C00470000,470.0,normalDay
2023-08-29,20332.0,-159.0,0.0,100,449.16,451.0,0,0.0,0.0,,0.0,1,0.41,0.16,SPY230915C00470000,470.0,normalDay
2023-08-30,20332.0,26.0,0.0,100,451.01,451.0,0,0.0,0.0,,0.0,1,0.41,0.16,SPY230915C00470000,470.0,normalDay
2023-08-31,20332.0,-34.0,0.0,100,450.35,451.0,0,0.0,0.0,,0.0,1,0.41,0.1,SPY230915C00470000,470.0,normalDay
2023-09-01,20332.0,54.0,0.0,100,451.19,451.0,0,0.0,0.0,,0.0,1,0.41,0.06,SPY230915C00470000,470.0,normalDay
2023-09-05,20332.0,-138.0,0.0,100,449.24,451.0,0,0.0,0.0,,0.0,1,0.41,0.03,SPY230915C00470000,470.0,normalDay
2023-09-06,20332.0,-439.0,0.0,100,446.22,451.0,0,0.0,0.0,,0.0,1,0.41,0.02,SPY230915C00470000,470.0,normalDay
2023-09-07,20332.0,-576.0,0.0,100,444.85,451.0,0,0.0,0.0,,0.0,1,0.41,0.02,SPY230915C00470000,470.0,normalDay
2023-09-08,20332.0,-508.0,0.0,100,445.52,451.0,0,0.0,0.0,,0.0,1,0.41,0.01,SPY230915C00470000,470.0,normalDay
2023-09-11,20332.0,-215.0,0.0,100,448.45,451.0,0,0.0,0.0,,0.0,1,0.41,0.01,SPY230915C00470000,470.0,normalDay
2023-09-12,20332.0,-461.0,0.0,100,445.99,451.0,0,0.0,0.0,,0.0,1,0.41,0.01,SPY230915C00470000,470.0,normalDay
2023-09-13,20332.0,-409.0,0.0,100,446.51,451.0,0,0.0,0.0,,0.0,1,0.41,0.01,SPY230915C00470000,470.0,normalDay
2023-09-14,20332.0,-24.0,0.0,100,450.36,451.0,0,0.0,0.0,,0.0,1,0.41,0.01,SPY230915C00470000,470.0,normalDay
2023-09-15,20373.0,-763.0,41.0,100,443.37,451.0,0,0.0,0.0,,0.0,1,0.41,0.0,SPY230915C00470000,470.0,expirationDay
2023-09-18,20373.0,-740.0,0.0,100,443.63,451.0,0,0.0,0.0,,0.0,1,0.44,0.47,SPY231020C00465000,465.0,normalDay
2023-09-19,20373.0,-823.0,0.0,100,442.71,451.0,0,0.0,0.0,,0.0,1,0.44,0.38,SPY231020C00465000,465.0,normalDay
2023-09-20,20373.0,-1213.0,0.0,100,438.64,451.0,0,0.0,0.0,,0.0,1,0.44,0.21,SPY231020C00465000,465.0,normalDay
2023-09-21,20373.0,-1927.0,0.0,100,431.39,451.0,0,0.0,0.0,,0.0,1,0.44,0.1,SPY231020C00465000,465.0,normalDay
2023-09-22,20373.0,-2020.0,0.0,100,430.42,451.0,0,0.0,0.0,,0.0,1,0.44,0.06,SPY231020C00465000,465.0,normalDay
2023-09-25,20373.0,-1840.0,0.0,100,432.23,451.0,0,0.0,0.0,,0.0,1,0.44,0.07,SPY231020C00465000,465.0,normalDay
2023-09-26,20373.0,-2473.0,0.0,100,425.88,451.0,0,0.0,0.0,,0.0,1,0.44,0.05,SPY231020C00465000,465.0,normalDay
2023-09-27,20373.0,-2455.0,0.0,100,426.05,451.0,0,0.0,0.0,,0.0,1,0.44,0.04,SPY231020C00465000,465.0,normalDay
2023-09-28,20373.0,-2208.0,0.0,100,428.52,451.0,0,0.0,0.0,,0.0,1,0.44,0.04,SPY231020C00465000,465.0,normalDay
2023-09-29,20373.0,-2311.0,0.0,100,427.48,451.0,0,0.0,0.0,,0.0,1,0.44,0.03,SPY231020C00465000,465.0,normalDay
2023-10-02,20373.0,-2327.0,0.0,100,427.31,451.0,0,0.0,0.0,,0.0,1,0.44,0.02,SPY231020C00465000,465.0,normalDay
2023-10-03,20373.0,-2899.0,0.0,100,421.59,451.0,0,0.0,0.0,,0.0,1,0.44,0.02,SPY231020C00465000,465.0,normalDay
2023-10-04,20373.0,-2592.0,0.0,100,424.66,451.0,0,0.0,0.0,,0.0,1,0.44,0.02,SPY231020C00465000,465.0,normalDay
2023-10-05,20373.0,-2608.0,0.0,100,424.5,451.0,0,0.0,0.0,,0.0,1,0.44,0.02,SPY231020C00465000,465.0,normalDay
2023-10-06,20373.0,-2104.0,0.0,100,429.54,451.0,0,0.0,0.0,,0.0,1,0.44,0.02,SPY231020C00465000,465.0,normalDay
2023-10-09,20373.0,-1829.0,0.0,100,432.29,451.0,0,0.0,0.0,,0.0,1,0.44,0.02,SPY231020C00465000,465.0,normalDay
2023-10-10,20373.0,-1604.0,0.0,100,434.54,451.0,0,0.0,0.0,,0.0,1,0.44,0.02,SPY231020C00465000,465.0,normalDay
2023-10-11,20373.0,-1426.0,0.0,100,436.32,451.0,0,0.0,0.0,,0.0,1,0.44,0.02,SPY231020C00465000,465.0,normalDay
2023-10-12,20373.0,-1692.0,0.0,100,433.66,451.0,0,0.0,0.0,,0.0,1,0.44,0.02,SPY231020C00465000,465.0,normalDay
2023-10-13,20373.0,-1908.0,0.0,100,431.5,451.0,0,0.0,0.0,,0.0,1,0.44,0.02,SPY231020C00465000,465.0,normalDay
2023-10-16,20373.0,-1454.0,0.0,100,436.04,451.0,0,0.0,0.0,,0.0,1,0.44,0.02,SPY231020C00465000,465.0,normalDay
2023-10-17,20373.0,-1455.0,0.0,100,436.02,451.0,0,0.0,0.0,,0.0,1,0.44,0.01,SPY231020C00465000,465.0,normalDay
2023-10-18,20373.0,-2036.0,0.0,100,430.21,451.0,0,0.0,0.0,,0.0,1,0.44,0.01,SPY231020C00465000,465.0,normalDay
2023-10-19,20373.0,-2414.0,0.0,100,426.43,451.0,0,0.0,0.0,,0.0,1,0.44,0.01,SPY231020C00465000,465.0,normalDay
2023-10-20,20417.0,-2981.0,44.0,100,421.19,451.0,0,0.0,0.0,,0.0,1,0.44,0.0,SPY231020C00465000,465.0,expirationDay
2023-10-23,20417.0,-3057.0,0.0,100,420.46,451.0,0,0.0,0.0,,0.0,1,0.32,0.35,SPY231124C00452000,452.0,normalDay
2023-10-24,20417.0,-2745.0,0.0,100,423.63,451.0,0,0.0,0.0,,0.0,1,0.32,0.4,SPY231124C00452000,452.0,normalDay
2023-10-25,20417.0,-3332.0,0.0,100,417.55,451.0,0,0.0,0.0,,0.0,1,0.32,0.19,SPY231124C00452000,452.0,normalDay
2023-10-26,20417.0,-3825.0,0.0,100,412.55,451.0,0,0.0,0.0,,0.0,1,0.32,0.12,SPY231124C00452000,452.0,normalDay
2023-10-27,20417.0,-4008.0,0.0,100,410.68,451.0,0,0.0,0.0,,0.0,1,0.32,0.08,SPY231124C00452000,452.0,normalDay
2023-10-30,20417.0,-3518.0,0.0,100,415.59,451.0,0,0.0,0.0,,0.0,1,0.32,0.09,SPY231124C00452000,452.0,normalDay
2023-10-31,20417.0,-3256.0,0.0,100,418.2,451.0,0,0.0,0.0,,0.0,1,0.32,0.08,SPY231124C00452000,452.0,normalDay
2023-11-01,20417.0,-2814.0,0.0,100,422.66,451.0,0,0.0,0.0,,0.0,1,0.32,0.12,SPY231124C00452000,452.0,normalDay
2023-11-02,20417.0,-2021.0,0.0,100,430.76,451.0,0,0.0,0.0,,0.0,1,0.32,0.29,SPY231124C00452000,452.0,normalDay
2023-11-03,20417.0,-1647.0,0.0,100,434.69,451.0,0,0.0,0.0,,0.0,1,0.32,0.48,SPY231124C00452000,452.0,normalDay
2023-11-06,20417.0,-1533.0,0.0,100,435.69,451.0,0,0.0,0.0,,0.0,1,0.32,0.34,SPY231124C00452000,452.0,normalDay
2023-11-07,20417.0,-1416.0,0.0,100,436.93,451.0,0,0.0,0.0,,0.0,1,0.32,0.41,SPY231124C00452000,452.0,normalDay
2023-11-08,20417.0,-1377.0,0.0,100,437.25,451.0,0,0.0,0.0,,0.0,1,0.32,0.34,SPY231124C00452000,452.0,normalDay
2023-11-09,20417.0,-1698.0,0.0,100,433.84,451.0,0,0.0,0.0,,0.0,1,0.32,0.14,SPY231124C00452000,452.0,normalDay
2023-11-10,20417.0,-1059.0,0.0,100,440.61,451.0,0,0.0,0.0,,0.0,1,0.32,0.52,SPY231124C00452000,452.0,normalDay
2023-11-13,20417.0,-1089.0,0.0,100,440.19,451.0,0,0.0,0.0,,0.0,1,0.32,0.4,SPY231124C00452000,452.0,normalDay
2023-11-14,20417.0,-414.0,0.0,100,448.73,451.0,0,0.0,0.0,,0.0,1,0.32,2.19,SPY231124C00452000,452.0,normalDay
2023-11-15,20417.0,-294.0,0.0,100,449.68,451.0,0,0.0,0.0,,0.0,1,0.32,1.94,SPY231124C00452000,452.0,normalDay
2023-11-16,20417.0,-244.0,0.0,100,450.23,451.0,0,0.0,0.0,,0.0,1,0.32,1.99,SPY231124C00452000,452.0,normalDay
2023-11-17,20417.0,-164.0,0.0,100,450.79,451.0,0,0.0,0.0,,0.0,1,0.32,1.75,SPY231124C00452000,452.0,normalDay
2023-11-20,20417.0,26.0,0.0,100,454.26,451.0,0,0.0,0.0,,0.0,1,0.32,3.32,SPY231124C00452000,452.0,normalDay
2023-11-21,20417.0,31.0,0.0,100,453.27,451.0,0,0.0,0.0,,0.0,1,0.32,2.28,SPY231124C00452000,452.0,normalDay
2023-11-22,20417.0,114.0,0.0,100,455.02,451.0,0,0.0,0.0,,0.0,1,0.32,3.2,SPY231124C00452000,452.0,normalDay
2023-11-24,20549.0,114.0,132.0,0,455.3,0.0,0,0.0,0.0,,0.0,1,0.32,0.0,SPY231124C00452000,452.0,expirationDay
2023-11-27,20549.0,0.0,0.0,0,454.48,0.0,0,0.0,0.0,,0.0,0,0.0,0.0,,0.0,bidTooLow
2023-11-28,20549.0,-3.0,0.0,0,454.93,0.0,1,0.01,0.04,SPY231201P00438000,438.0,0,0.0,0.0,,0.0,normalDay
2023-11-29,20549.0,-2.0,0.0,0,454.61,0.0,1,0.01,0.03,SPY231201P00438000,438.0,0,0.0,0.0,,0.0,normalDay
2023-11-30,20549.0,-1.0,0.0,0,456.4,0.0,1,0.01,0.02,SPY231201P00438000,438.0,0,0.0,0.0,,0.0,normalDay
