date,totalCapital,unrializedPnL,rializedPnL,stocksOwned,stocksPriceToday,stocksPriceBoughtAt,putOwned,putOwnedSoldAt,putPriceToday,putOwnedContract,putOwnedStrike,callOwned,callOwnedSoldAt,callPriceToday,callOwnedContract,callOwnedStrike,trackType
2018-11-01,0.0,-6.0,0.0,0,273.51,0.0,1,3.39,3.45,SPY190118P00254000,254.0,0,0.0,0.0,,0.0,normalDay
2018-11-02,0.0,-31.0,0.0,0,271.89,0.0,1,3.39,3.7,SPY190118P00254000,254.0,0,0.0,0.0,,0.0,normalDay
2018-11-05,0.0,9.0,0.0,0,273.39,0.0,1,3.39,3.3,SPY190118P00254000,254.0,0,0.0,0.0,,0.0,normalDay
2018-11-06,0.0,48.0,0.0,0,275.12,0.0,1,3.39,2.91,SPY190118P00254000,254.0,0,0.0,0.0,,0.0,normalDay
2018-11-07,0.0,164.0,0.0,0,281.01,0.0,1,3.39,1.75,SPY190118P00254000,254.0,0,0.0,0.0,,0.0,normalDay
2018-11-08,0.0,162.0,0.0,0,280.5,0.0,1,3.39,1.77,SPY190118P00254000,254.0,0,0.0,0.0,,0.0,normalDay
2018-11-09,0.0,117.0,0.0,0,277.76,0.0,1,3.39,2.22,SPY190118P00254000,254.0,0,0.0,0.0,,0.0,normalDay
2018-11-12,0.0,21.0,0.0,0,272.57,0.0,1,3.39,3.18,SPY190118P00254000,254.0,0,0.0,0.0,,0.0,normalDay
2018-11-13,0.0,11.0,0.0,0,272.06,0.0,1,3.39,3.28,SPY190118P00254000,254.0,0,0.0,0.0,,0.0,normalDay
2018-11-14,0.0,-43.0,0.0,0,270.2,0.0,1,3.39,3.82,SPY190118P00254000,254.0,0,0.0,0.0,,0.0,normalDay
2018-11-15,0.0,36.0,0.0,0,273.02,0.0,1,3.39,3.03,SPY190118P00254000,254.0,0,0.0,0.0,,0.0,normalDay
2018-11-16,0.0,87.0,0.0,0,273.73,0.0,1,3.39,2.52,SPY190118P00254000,254.0,0,0.0,0.0,,0.0,normalDay
2018-11-19,0.0,-11.0,0.0,0,269.1,0.0,1,3.39,3.5,SPY190118P00254000,254.0,0,0.0,0.0,,0.0,normalDay
2018-11-20,0.0,-166.0,0.0,0,264.12,0.0,1,3.39,5.05,SPY190118P00254000,254.0,0,0.0,0.0,,0.0,normalDay
2018-11-21,0.0,-95.0,0.0,0,265.02,0.0,1,3.39,4.34,SPY190118P00254000,254.0,0,0.0,0.0,,0.0,normalDay
2018-11-23,0.0,-149.0,0.0,0,263.25,0.0,1,3.39,4.88,SPY190118P00254000,254.0,0,0.0,0.0,,0.0,normalDay
2018-11-26,0.0,35.0,0.0,0,267.5,0.0,1,3.39,3.04,SPY190118P00254000,254.0,0,0.0,0.0,,0.0,normalDay
2018-11-27,0.0,46.0,0.0,0,268.4,0.0,1,3.39,2.93,SPY190118P00254000,254.0,0,0.0,0.0,,0.0,normalDay
2018-11-28,0.0,149.0,0.0,0,274.58,0.0,1,3.39,1.9,SPY190118P00254000,254.0,0,0.0,0.0,,0.0,normalDay
2018-11-29,0.0,136.0,0.0,0,273.98,0.0,1,3.39,2.03,SPY190118P00254000,254.0,0,0.0,0.0,,0.0,normalDay
2018-11-30,0.0,173.0,0.0,0,275.65,0.0,1,3.39,1.66,SPY190118P00254000,254.0,0,0.0,0.0,,0.0,normalDay
2018-12-03,0.0,232.0,0.0,0,279.3,0.0,1,3.39,1.07,SPY190118P00254000,254.0,0,0.0,0.0,,0.0,normalDay
2018-12-04,0.0,77.0,0.0,0,270.25,0.0,1,3.39,2.62,SPY190118P00254000,254.0,0,0.0,0.0,,0.0,normalDay
2018-12-06,0.0,67.0,0.0,0,269.84,0.0,1,3.39,2.72,SPY190118P00254000,254.0,0,0.0,0.0,,0.0,normalDay
2018-12-07,0.0,-108.0,0.0,0,263.57,0.0,1,3.39,4.47,SPY190118P00254000,254.0,0,0.0,0.0,,0.0,normalDay
2018-12-10,0.0,-38.0,0.0,0,264.07,0.0,1,3.39,3.77,SPY190118P00254000,254.0,0,0.0,0.0,,0.0,normalDay
2018-12-11,0.0,-16.0,0.0,0,264.13,0.0,1,3.39,3.55,SPY190118P00254000,254.0,0,0.0,0.0,,0.0,normalDay
2018-12-12,0.0,17.0,0.0,0,265.46,0.0,1,3.39,3.22,SPY190118P00254000,254.0,0,0.0,0.0,,0.0,normalDay
2018-12-13,0.0,47.0,0.0,0,265.37,0.0,1,3.39,2.92,SPY190118P00254000,254.0,0,0.0,0.0,,0.0,normalDay
2018-12-14,0.0,-80.0,0.0,0,260.47,0.0,1,3.39,4.19,SPY190118P00254000,254.0,0,0.0,0.0,,0.0,normalDay
2018-12-17,0.0,-282.0,0.0,0,255.36,0.0,1,3.39,6.21,SPY190118P00254000,254.0,0,0.0,0.0,,0.0,normalDay
2018-12-18,0.0,-333.0,0.0,0,255.08,0.0,1,3.39,6.72,SPY190118P00254000,254.0,0,0.0,0.0,,0.0,normalDay
2018-12-19,0.0,-457.0,0.0,0,251.26,0.0,1,3.39,7.96,SPY190118P00254000,254.0,0,0.0,0.0,,0.0,normalDay
2018-12-20,0.0,-714.0,0.0,0,247.17,0.0,1,3.39,10.53,SPY190118P00254000,254.0,0,0.0,0.0,,0.0,normalDay
2018-12-21,0.0,-1191.0,0.0,0,240.7,0.0,1,3.39,15.3,SPY190118P00254000,254.0,0,0.0,0.0,,0.0,normalDay
2018-12-24,0.0,-1941.0,0.0,0,234.34,0.0,1,3.39,22.8,SPY190118P00254000,254.0,0,0.0,0.0,,0.0,normalDay
2018-12-26,0.0,-723.0,0.0,0,246.18,0.0,1,3.39,10.62,SPY190118P00254000,254.0,0,0.0,0.0,,0.0,normalDay
2018-12-27,0.0,-607.0,0.0,0,248.07,0.0,1,3.39,9.46,SPY190118P00254000,254.0,0,0.0,0.0,,0.0,normalDay
2018-12-28,0.0,-601.0,0.0,0,247.75,0.0,1,3.39,9.4,SPY190118P00254000,254.0,0,0.0,0.0,,0.0,normalDay
2018-12-31,0.0,-384.0,0.0,0,249.92,0.0,1,3.39,7.23,SPY190118P00254000,254.0,0,0.0,0.0,,0.0,normalDay
2019-01-02,0.0,-269.0,0.0,0,250.18,0.0,1,3.39,6.08,SPY190118P00254000,254.0,0,0.0,0.0,,0.0,normalDay
2019-01-03,0.0,-738.0,0.0,0,244.21,0.0,1,3.39,10.77,SPY190118P00254000,254.0,0,0.0,0.0,,0.0,normalDay
2019-01-04,0.0,-110.0,0.0,0,252.39,0.0,1,3.39,4.49,SPY190118P00254000,254.0,0,0.0,0.0,,0.0,normalDay
2019-01-07,0.0,1.0,0.0,0,254.38,0.0,1,3.39,3.38,SPY190118P00254000,254.0,0,0.0,0.0,,0.0,normalDay
2019-01-08,0.0,119.0,0.0,0,256.77,0.0,1,3.39,2.2,SPY190118P00254000,254.0,0,0.0,0.0,,0.0,normalDay
2019-01-09,0.0,184.0,0.0,0,257.97,0.0,1,3.39,1.55,SPY190118P00254000,254.0,0,0.0,0.0,,0.0,normalDay
2019-01-10,0.0,235.0,0.0,0,258.88,0.0,1,3.39,1.04,SPY190118P00254000,254.0,0,0.0,0.0,,0.0,normalDay
2019-01-11,0.0,269.0,0.0,0,258.98,0.0,1,3.39,0.7,SPY190118P00254000,254.0,0,0.0,0.0,,0.0,normalDay
2019-01-14,0.0,266.0,0.0,0,257.4,0.0,1,3.39,0.73,SPY190118P00254000,254.0,0,0.0,0.0,,0.0,normalDay
2019-01-15,0.0,316.0,0.0,0,260.35,0.0,1,3.39,0.23,SPY190118P00254000,254.0,0,0.0,0.0,,0.0,normalDay
2019-01-16,0.0,329.0,0.0,0,260.98,0.0,1,3.39,0.1,SPY190118P00254000,254.0,0,0.0,0.0,,0.0,normalDay
2019-01-17,0.0,337.0,0.0,0,262.96,0.0,1,3.39,0.02,SPY190118P00254000,254.0,0,0.0,0.0,,0.0,normalDay
2019-01-18,339.0,0.0,339.0,0,266.46,0.0,1,3.39,0.0,SPY190118P00254000,254.0,0,0.0,0.0,,0.0,expirationDay
2019-01-22,339.0,-6.0,0.0,0,262.86,0.0,1,1.92,1.98,SPY190418P00229000,229.0,0,0.0,0.0,,0.0,normalDay
2019-01-23,339.0,6.0,0.0,0,263.41,0.0,1,1.92,1.86,SPY190418P00229000,229.0,0,0.0,0.0,,0.0,normalDay
2019-01-24,339.0,18.0,0.0,0,263.55,0.0,1,1.92,1.74,SPY190418P00229000,229.0,0,0.0,0.0,,0.0,normalDay
2019-01-25,339.0,58.0,0.0,0,265.78,0.0,1,1.92,1.34,SPY190418P00229000,229.0,0,0.0,0.0,,0.0,normalDay
2019-01-28,339.0,37.0,0.0,0,263.76,0.0,1,1.92,1.55,SPY190418P00229000,229.0,0,0.0,0.0,,0.0,normalDay
2019-01-29,339.0,35.0,0.0,0,263.41,0.0,1,1.92,1.57,SPY190418P00229000,229.0,0,0.0,0.0,,0.0,normalDay
2019-01-30,339.0,80.0,0.0,0,267.58,0.0,1,1.92,1.12,SPY190418P00229000,229.0,0,0.0,0.0,,0.0,normalDay
2019-01-31,339.0,106.0,0.0,0,269.93,0.0,1,1.92,0.86,SPY190418P00229000,229.0,0,0.0,0.0,,0.0,normalDay
2019-02-01,339.0,111.0,0.0,0,270.06,0.0,1,1.92,0.81,SPY190418P00229000,229.0,0,0.0,0.0,,0.0,normalDay
2019-02-04,339.0,125.0,0.0,0,271.96,0.0,1,1.92,0.67,SPY190418P00229000,229.0,0,0.0,0.0,,0.0,normalDay
2019-02-05,339.0,128.0,0.0,0,273.1,0.0,1,1.92,0.64,SPY190418P00229000,229.0,0,0.0,0.0,,0.0,normalDay
2019-02-06,339.0,128.0,0.0,0,272.74,0.0,1,1.92,0.64,SPY190418P00229000,229.0,0,0.0,0.0,,0.0,normalDay
2019-02-07,339.0,118.0,0.0,0,270.14,0.0,1,1.92,0.74,SPY190418P00229000,229.0,0,0.0,0.0,,0.0,normalDay
2019-02-08,339.0,123.0,0.0,0,270.47,0.0,1,1.92,0.69,SPY190418P00229000,229.0,0,0.0,0.0,,0.0,normalDay
2019-02-11,339.0,131.0,0.0,0,270.62,0.0,1,1.92,0.61,SPY190418P00229000,229.0,0,0.0,0.0,,0.0,normalDay
2019-02-12,339.0,142.0,0.0,0,274.1,0.0,1,1.92,0.5,SPY190418P00229000,229.0,0,0.0,0.0,,0.0,normalDay
2019-02-13,339.0,144.0,0.0,0,274.99,0.0,1,1.92,0.48,SPY190418P00229000,229.0,0,0.0,0.0,,0.0,normalDay
2019-02-14,339.0,140.0,0.0,0,274.38,0.0,1,1.92,0.52,SPY190418P00229000,229.0,0,0.0,0.0,,0.0,normalDay
2019-02-15,339.0,152.0,0.0,0,277.37,0.0,1,1.92,0.4,SPY190418P00229000,229.0,0,0.0,0.0,,0.0,normalDay
2019-02-19,339.0,156.0,0.0,0,277.85,0.0,1,1.92,0.36,SPY190418P00229000,229.0,0,0.0,0.0,,0.0,normalDay
2019-02-20,339.0,163.0,0.0,0,278.41,0.0,1,1.92,0.29,SPY190418P00229000,229.0,0,0.0,0.0,,0.0,normalDay
2019-02-21,339.0,161.0,0.0,0,277.42,0.0,1,1.92,0.31,SPY190418P00229000,229.0,0,0.0,0.0,,0.0,normalDay
2019-02-22,339.0,167.0,0.0,0,279.14,0.0,1,1.92,0.25,SPY190418P00229000,229.0,0,0.0,0.0,,0.0,normalDay
2019-02-25,339.0,163.0,0.0,0,279.52,0.0,1,1.92,0.29,SPY190418P00229000,229.0,0,0.0,0.0,,0.0,normalDay
2019-02-26,339.0,164.0,0.0,0,279.32,0.0,1,1.92,0.28,SPY190418P00229000,229.0,0,0.0,0.0,,0.0,normalDay
2019-02-27,339.0,165.0,0.0,0,279.2,0.0,1,1.92,0.27,SPY190418P00229000,229.0,0,0.0,0.0,,0.0,normalDay
2019-02-28,339.0,164.0,0.0,0,278.68,0.0,1,1.92,0.28,SPY190418P00229000,229.0,0,0.0,0.0,,0.0,normalDay
2019-03-01,339.0,171.0,0.0,0,280.42,0.0,1,1.92,0.21,SPY190418P00229000,229.0,0,0.0,0.0,,0.0,normalDay
2019-03-04,339.0,170.0,0.0,0,279.4,0.0,1,1.92,0.22,SPY190418P00229000,229.0,0,0.0,0.0,,0.0,normalDay
2019-03-05,339.0,168.0,0.0,0,279.02,0.0,1,1.92,0.24,SPY190418P00229000,229.0,0,0.0,0.0,,0.0,normalDay
2019-03-06,339.0,166.0,0.0,0,277.33,0.0,1,1.92,0.26,SPY190418P00229000,229.0,0,0.0,0.0,,0.0,normalDay
2019-03-07,339.0,163.0,0.0,0,275.01,0.0,1,1.92,0.29,SPY190418P00229000,229.0,0,0.0,0.0,,0.0,normalDay
2019-03-08,339.0,166.0,0.0,0,274.46,0.0,1,1.92,0.26,SPY190418P00229000,229.0,0,0.0,0.0,,0.0,normalDay
2019-03-11,339.0,176.0,0.0,0,278.44,0.0,1,1.92,0.16,SPY190418P00229000,229.0,0,0.0,0.0,,0.0,normalDay
2019-03-12,339.0,178.0,0.0,0,279.49,0.0,1,1.92,0.14,SPY190418P00229000,229.0,0,0.0,0.0,,0.0,normalDay
2019-03-13,339.0,180.0,0.0,0,281.34,0.0,1,1.92,0.12,SPY190418P00229000,229.0,0,0.0,0.0,,0.0,normalDay
2019-03-14,339.0,181.0,0.0,0,281.16,0.0,1,1.92,0.11,SPY190418P00229000,229.0,0,0.0,0.0,,0.0,normalDay
2019-03-15,339.0,182.0,0.0,0,281.31,0.0,1,1.92,0.1,SPY190418P00229000,229.0,0,0.0,0.0,,0.0,normalDay
2019-03-18,339.0,184.0,0.0,0,282.33,0.0,1,1.92,0.08,SPY190418P00229000,229.0,0,0.0,0.0,,0.0,normalDay
2019-03-19,339.0,184.0,0.0,0,282.4,0.0,1,1.92,0.08,SPY190418P00229000,229.0,0,0.0,0.0,,0.0,normalDay
2019-03-20,339.0,185.0,0.0,0,281.55,0.0,1,1.92,0.07,SPY190418P00229000,229.0,0,0.0,0.0,,0.0,normalDay
2019-03-21,339.0,186.0,0.0,0,284.73,0.0,1,1.92,0.06,SPY190418P00229000,229.0,0,0.0,0.0,,0.0,normalDay
2019-03-22,339.0,183.0,0.0,0,279.25,0.0,1,1.92,0.09,SPY190418P00229000,229.0,0,0.0,0.0,,0.0,normalDay
2019-03-25,339.0,186.0,0.0,0,279.04,0.0,1,1.92,0.06,SPY190418P00229000,229.0,0,0.0,0.0,,0.0,normalDay
2019-03-26,339.0,188.0,0.0,0,281.12,0.0,1,1.92,0.04,SPY190418P00229000,229.0,0,0.0,0.0,,0.0,normalDay
2019-03-27,339.0,188.0,0.0,0,279.65,0.0,1,1.92,0.04,SPY190418P00229000,229.0,0,0.0,0.0,,0.0,normalDay
2019-03-28,339.0,188.0,0.0,0,280.71,0.0,1,1.92,0.04,SPY190418P00229000,229.0,0,0.0,0.0,,0.0,normalDay
2019-03-29,339.0,188.0,0.0,0,282.48,0.0,1,1.92,0.04,SPY190418P00229000,229.0,0,0.0,0.0,,0.0,normalDay
2019-04-01,339.0,189.0,0.0,0,285.83,0.0,1,1.92,0.03,SPY190418P00229000,229.0,0,0.0,0.0,,0.0,normalDay
2019-04-02,339.0,190.0,0.0,0,285.97,0.0,1,1.92,0.02,SPY190418P00229000,229.0,0,0.0,0.0,,0.0,normalDay
2019-04-03,339.0,190.0,0.0,0,286.42,0.0,1,1.92,0.02,SPY190418P00229000,229.0,0,0.0,0.0,,0.0,normalDay
2019-04-04,339.0,190.0,0.0,0,287.18,0.0,1,1.92,0.02,SPY190418P00229000,229.0,0,0.0,0.0,,0.0,normalDay
2019-04-05,339.0,190.0,0.0,0,288.57,0.0,1,1.92,0.02,SPY190418P00229000,229.0,0,0.0,0.0,,0.0,normalDay
2019-04-08,339.0,191.0,0.0,0,288.79,0.0,1,1.92,0.01,SPY190418P00229000,229.0,0,0.0,0.0,,0.0,normalDay
2019-04-09,339.0,191.0,0.0,0,287.31,0.0,1,1.92,0.01,SPY190418P00229000,229.0,0,0.0,0.0,,0.0,normalDay
2019-04-10,339.0,191.0,0.0,0,288.29,0.0,1,1.92,0.01,SPY190418P00229000,229.0,0,0.0,0.0,,0.0,normalDay
2019-04-11,339.0,191.0,0.0,0,288.21,0.0,1,1.92,0.01,SPY190418P00229000,229.0,0,0.0,0.0,,0.0,normalDay
2019-04-12,339.0,191.0,0.0,0,290.16,0.0,1,1.92,0.01,SPY190418P00229000,229.0,0,0.0,0.0,,0.0,normalDay
2019-04-15,339.0,191.0,0.0,0,289.97,0.0,1,1.92,0.01,SPY190418P00229000,229.0,0,0.0,0.0,,0.0,normalDay
2019-04-16,339.0,191.0,0.0,0,290.16,0.0,1,1.92,0.01,SPY190418P00229000,229.0,0,0.0,0.0,,0.0,normalDay
2019-04-17,339.0,191.0,0.0,0,289.45,0.0,1,1.92,0.01,SPY190418P00229000,229.0,0,0.0,0.0,,0.0,normalDay
2019-04-18,531.0,0.0,192.0,0,290.02,0.0,1,1.92,0.0,SPY190418P00229000,229.0,0,0.0,0.0,,0.0,expirationDay
2019-04-22,531.0,-4.0,0.0,0,290.27,0.0,1,2.07,2.11,SPY190628P00275000,275.0,0,0.0,0.0,,0.0,normalDay
2019-04-23,531.0,29.0,0.0,0,292.88,0.0,1,2.07,1.78,SPY190628P00275000,275.0,0,0.0,0.0,,0.0,normalDay
2019-04-24,531.0,13.0,0.0,0,292.23,0.0,1,2.07,1.94,SPY190628P00275000,275.0,0,0.0,0.0,,0.0,normalDay
2019-04-25,531.0,7.0,0.0,0,292.05,0.0,1,2.07,2.0,SPY190628P00275000,275.0,0,0.0,0.0,,0.0,normalDay
2019-04-26,531.0,32.0,0.0,0,293.41,0.0,1,2.07,1.75,SPY190628P00275000,275.0,0,0.0,0.0,,0.0,normalDay
2019-04-29,531.0,40.0,0.0,0,293.87,0.0,1,2.07,1.67,SPY190628P00275000,275.0,0,0.0,0.0,,0.0,normalDay
2019-04-30,531.0,44.0,0.0,0,294.02,0.0,1,2.07,1.63,SPY190628P00275000,275.0,0,0.0,0.0,,0.0,normalDay
2019-05-01,531.0,-2.0,0.0,0,291.81,0.0,1,2.07,2.09,SPY190628P00275000,275.0,0,0.0,0.0,,0.0,normalDay
2019-05-02,531.0,-8.0,0.0,0,291.18,0.0,1,2.07,2.15,SPY190628P00275000,275.0,0,0.0,0.0,,0.0,normalDay
2019-05-03,531.0,53.0,0.0,0,294.03,0.0,1,2.07,1.54,SPY190628P00275000,275.0,0,0.0,0.0,,0.0,normalDay
2019-05-06,531.0,9.0,0.0,0,292.82,0.0,1,2.07,1.98,SPY190628P00275000,275.0,0,0.0,0.0,,0.0,normalDay
2019-05-07,531.0,-153.0,0.0,0,287.93,0.0,1,2.07,3.6,SPY190628P00275000,275.0,0,0.0,0.0,,0.0,normalDay
2019-05-08,531.0,-150.0,0.0,0,287.53,0.0,1,2.07,3.57,SPY190628P00275000,275.0,0,0.0,0.0,,0.0,normalDay
2019-05-09,531.0,-153.0,0.0,0,286.66,0.0,1,2.07,3.6,SPY190628P00275000,275.0,0,0.0,0.0,,0.0,normalDay
2019-05-10,531.0,-67.0,0.0,0,288.1,0.0,1,2.07,2.74,SPY190628P00275000,275.0,0,0.0,0.0,,0.0,normalDay
2019-05-13,531.0,-323.0,0.0,0,280.86,0.0,1,2.07,5.3,SPY190628P00275000,275.0,0,0.0,0.0,,0.0,normalDay
2019-05-14,531.0,-195.0,0.0,0,283.4,0.0,1,2.07,4.02,SPY190628P00275000,275.0,0,0.0,0.0,,0.0,normalDay
2019-05-15,531.0,-103.0,0.0,0,285.06,0.0,1,2.07,3.1,SPY190628P00275000,275.0,0,0.0,0.0,,0.0,normalDay
2019-05-16,531.0,-25.0,0.0,0,287.7,0.0,1,2.07,2.32,SPY190628P00275000,275.0,0,0.0,0.0,,0.0,normalDay
2019-05-17,531.0,-69.0,0.0,0,285.84,0.0,1,2.07,2.76,SPY190628P00275000,275.0,0,0.0,0.0,,0.0,normalDay
2019-05-20,531.0,-96.0,0.0,0,283.95,0.0,1,2.07,3.03,SPY190628P00275000,275.0,0,0.0,0.0,,0.0,normalDay
2019-05-21,531.0,-11.0,0.0,0,286.51,0.0,1,2.07,2.18,SPY190628P00275000,275.0,0,0.0,0.0,,0.0,normalDay
2019-05-22,531.0,-20.0,0.0,0,285.63,0.0,1,2.07,2.27,SPY190628P00275000,275.0,0,0.0,0.0,,0.0,normalDay
2019-05-23,531.0,-142.0,0.0,0,282.14,0.0,1,2.07,3.49,SPY190628P00275000,275.0,0,0.0,0.0,,0.0,normalDay
2019-05-24,531.0,-90.0,0.0,0,282.78,0.0,1,2.07,2.97,SPY190628P00275000,275.0,0,0.0,0.0,,0.0,normalDay
2019-05-28,531.0,-159.0,0.0,0,280.15,0.0,1,2.07,3.66,SPY190628P00275000,275.0,0,0.0,0.0,,0.0,normalDay
2019-05-29,531.0,-228.0,0.0,0,278.27,0.0,1,2.07,4.35,SPY190628P00275000,275.0,0,0.0,0.0,,0.0,normalDay
2019-05-30,531.0,-182.0,0.0,0,279.03,0.0,1,2.07,3.89,SPY190628P00275000,275.0,0,0.0,0.0,,0.0,normalDay
2019-05-31,531.0,-352.0,0.0,0,275.27,0.0,1,2.07,5.59,SPY190628P00275000,275.0,0,0.0,0.0,,0.0,normalDay
2019-06-03,531.0,-347.0,0.0,0,274.57,0.0,1,2.07,5.54,SPY190628P00275000,275.0,0,0.0,0.0,,0.0,normalDay
2019-06-04,531.0,-83.0,0.0,0,280.53,0.0,1,2.07,2.9,SPY190628P00275000,275.0,0,0.0,0.0,,0.0,normalDay
2019-06-05,531.0,12.0,0.0,0,282.96,0.0,1,2.07,1.95,SPY190628P00275000,275.0,0,0.0,0.0,,0.0,normalDay
2019-06-06,531.0,54.0,0.0,0,284.8,0.0,1,2.07,1.53,SPY190628P00275000,275.0,0,0.0,0.0,,0.0,normalDay
2019-06-07,531.0,91.0,0.0,0,287.65,0.0,1,2.07,1.16,SPY190628P00275000,275.0,0,0.0,0.0,,0.0,normalDay
2019-06-10,531.0,126.0,0.0,0,288.97,0.0,1,2.07,0.81,SPY190628P00275000,275.0,0,0.0,0.0,,0.0,normalDay
2019-06-11,531.0,129.0,0.0,0,288.9,0.0,1,2.07,0.78,SPY190628P00275000,275.0,0,0.0,0.0,,0.0,normalDay
2019-06-12,531.0,132.0,0.0,0,288.39,0.0,1,2.07,0.75,SPY190628P00275000,275.0,0,0.0,0.0,,0.0,normalDay
2019-06-13,531.0,149.0,0.0,0,289.58,0.0,1,2.07,0.58,SPY190628P00275000,275.0,0,0.0,0.0,,0.0,normalDay
2019-06-14,531.0,163.0,0.0,0,289.26,0.0,1,2.07,0.44,SPY190628P00275000,275.0,0,0.0,0.0,,0.0,normalDay
2019-06-17,531.0,170.0,0.0,0,289.37,0.0,1,2.07,0.37,SPY190628P00275000,275.0,0,0.0,0.0,,0.0,normalDay
2019-06-18,531.0,187.0,0.0,0,292.4,0.0,1,2.07,0.2,SPY190628P00275000,275.0,0,0.0,0.0,,0.0,normalDay
2019-06-19,531.0,195.0,0.0,0,293.06,0.0,1,2.07,0.12,SPY190628P00275000,275.0,0,0.0,0.0,,0.0,normalDay
2019-06-20,531.0,197.0,0.0,0,295.86,0.0,1,2.07,0.1,SPY190628P00275000,275.0,0,0.0,0.0,,0.0,normalDay
2019-06-21,531.0,199.0,0.0,0,294.0,0.0,1,2.07,0.08,SPY190628P00275000,275.0,0,0.0,0.0,,0.0,normalDay
2019-06-24,531.0,203.0,0.0,0,293.64,0.0,1,2.07,0.04,SPY190628P00275000,275.0,0,0.0,0.0,,0.0,normalDay
2019-06-25,531.0,203.0,0.0,0,290.76,0.0,1,2.07,0.04,SPY190628P00275000,275.0,0,0.0,0.0,,0.0,normalDay
2019-06-26,531.0,205.0,0.0,0,290.47,0.0,1,2.07,0.02,SPY190628P00275000,275.0,0,0.0,0.0,,0.0,normalDay
2019-06-27,531.0,206.0,0.0,0,291.5,0.0,1,2.07,0.01,SPY190628P00275000,275.0,0,0.0,0.0,,0.0,normalDay
2019-06-28,738.0,0.0,207.0,0,293.0,0.0,1,2.07,0.0,SPY190628P00275000,275.0,0,0.0,0.0,,0.0,expirationDay
2019-07-01,738.0,-5.0,0.0,0,295.66,0.0,1,2.93,2.98,SPY190920P00279000,279.0,0,0.0,0.0,,0.0,normalDay
2019-07-02,738.0,38.0,0.0,0,296.43,0.0,1,2.93,2.55,SPY190920P00279000,279.0,0,0.0,0.0,,0.0,normalDay
2019-07-03,738.0,78.0,0.0,0,298.8,0.0,1,2.93,2.15,SPY190920P00279000,279.0,0,0.0,0.0,,0.0,normalDay
2019-07-05,738.0,66.0,0.0,0,298.46,0.0,1,2.93,2.27,SPY190920P00279000,279.0,0,0.0,0.0,,0.0,normalDay
2019-07-08,738.0,46.0,0.0,0,296.82,0.0,1,2.93,2.47,SPY190920P00279000,279.0,0,0.0,0.0,,0.0,normalDay
2019-07-09,738.0,43.0,0.0,0,297.19,0.0,1,2.93,2.5,SPY190920P00279000,279.0,0,0.0,0.0,,0.0,normalDay
2019-07-10,738.0,82.0,0.0,0,298.61,0.0,1,2.93,2.11,SPY190920P00279000,279.0,0,0.0,0.0,,0.0,normalDay
2019-07-11,738.0,96.0,0.0,0,299.31,0.0,1,2.93,1.97,SPY190920P00279000,279.0,0,0.0,0.0,,0.0,normalDay
2019-07-12,738.0,119.0,0.0,0,300.65,0.0,1,2.93,1.74,SPY190920P00279000,279.0,0,0.0,0.0,,0.0,normalDay
2019-07-15,738.0,123.0,0.0,0,300.75,0.0,1,2.93,1.7,SPY190920P00279000,279.0,0,0.0,0.0,,0.0,normalDay
2019-07-16,738.0,114.0,0.0,0,299.78,0.0,1,2.93,1.79,SPY190920P00279000,279.0,0,0.0,0.0,,0.0,normalDay
2019-07-17,738.0,78.0,0.0,0,297.74,0.0,1,2.93,2.15,SPY190920P00279000,279.0,0,0.0,0.0,,0.0,normalDay
2019-07-18,738.0,101.0,0.0,0,298.83,0.0,1,2.93,1.92,SPY190920P00279000,279.0,0,0.0,0.0,,0.0,normalDay
2019-07-19,738.0,75.0,0.0,0,297.17,0.0,1,2.93,2.18,SPY190920P00279000,279.0,0,0.0,0.0,,0.0,normalDay
2019-07-22,738.0,107.0,0.0,0,297.9,0.0,1,2.93,1.86,SPY190920P00279000,279.0,0,0.0,0.0,,0.0,normalDay
2019-07-23,738.0,145.0,0.0,0,300.03,0.0,1,2.93,1.48,SPY190920P00279000,279.0,0,0.0,0.0,,0.0,normalDay
2019-07-24,738.0,168.0,0.0,0,301.44,0.0,1,2.93,1.25,SPY190920P00279000,279.0,0,0.0,0.0,,0.0,normalDay
2019-07-25,738.0,148.0,0.0,0,300.0,0.0,1,2.93,1.45,SPY190920P00279000,279.0,0,0.0,0.0,,0.0,normalDay
2019-07-26,738.0,174.0,0.0,0,302.01,0.0,1,2.93,1.19,SPY190920P00279000,279.0,0,0.0,0.0,,0.0,normalDay
2019-07-29,738.0,174.0,0.0,0,301.46,0.0,1,2.93,1.19,SPY190920P00279000,279.0,0,0.0,0.0,,0.0,normalDay
2019-07-30,738.0,152.0,0.0,0,300.72,0.0,1,2.93,1.41,SPY190920P00279000,279.0,0,0.0,0.0,,0.0,normalDay
2019-07-31,738.0,91.0,0.0,0,297.43,0.0,1,2.93,2.02,SPY190920P00279000,279.0,0,0.0,0.0,,0.0,normalDay
2019-08-01,738.0,17.0,0.0,0,294.84,0.0,1,2.93,2.76,SPY190920P00279000,279.0,0,0.0,0.0,,0.0,normalDay
2019-08-02,738.0,-25.0,0.0,0,292.62,0.0,1,2.93,3.18,SPY190920P00279000,279.0,0,0.0,0.0,,0.0,normalDay
2019-08-05,738.0,-414.0,0.0,0,283.82,0.0,1,2.93,7.07,SPY190920P00279000,279.0,0,0.0,0.0,,0.0,normalDay
2019-08-06,738.0,-172.0,0.0,0,287.8,0.0,1,2.93,4.65,SPY190920P00279000,279.0,0,0.0,0.0,,0.0,normalDay
2019-08-07,738.0,-159.0,0.0,0,287.97,0.0,1,2.93,4.52,SPY190920P00279000,279.0,0,0.0,0.0,,0.0,normalDay
2019-08-08,738.0,25.0,0.0,0,293.62,0.0,1,2.93,2.68,SPY190920P00279000,279.0,0,0.0,0.0,,0.0,normalDay
2019-08-09,738.0,-24.0,0.0,0,291.62,0.0,1,2.93,3.17,SPY190920P00279000,279.0,0,0.0,0.0,,0.0,normalDay
2019-08-12,738.0,-171.0,0.0,0,288.07,0.0,1,2.93,4.64,SPY190920P00279000,279.0,0,0.0,0.0,,0.0,normalDay
2019-08-13,738.0,14.0,0.0,0,292.55,0.0,1,2.93,2.79,SPY190920P00279000,279.0,0,0.0,0.0,,0.0,normalDay
2019-08-14,738.0,-292.0,0.0,0,283.9,0.0,1,2.93,5.85,SPY190920P00279000,279.0,0,0.0,0.0,,0.0,normalDay
2019-08-15,738.0,-240.0,0.0,0,284.65,0.0,1,2.93,5.33,SPY190920P00279000,279.0,0,0.0,0.0,,0.0,normalDay
2019-08-16,738.0,-54.0,0.0,0,288.85,0.0,1,2.93,3.47,SPY190920P00279000,279.0,0,0.0,0.0,,0.0,normalDay
2019-08-19,738.0,76.0,0.0,0,292.33,0.0,1,2.93,2.17,SPY190920P00279000,279.0,0,0.0,0.0,,0.0,normalDay
2019-08-20,738.0,23.0,0.0,0,290.09,0.0,1,2.93,2.7,SPY190920P00279000,279.0,0,0.0,0.0,,0.0,normalDay
2019-08-21,738.0,119.0,0.0,0,292.45,0.0,1,2.93,1.74,SPY190920P00279000,279.0,0,0.0,0.0,,0.0,normalDay
2019-08-22,738.0,102.0,0.0,0,292.36,0.0,1,2.93,1.91,SPY190920P00279000,279.0,0,0.0,0.0,,0.0,normalDay
2019-08-23,738.0,-100.0,0.0,0,284.85,0.0,1,2.93,3.93,SPY190920P00279000,279.0,0,0.0,0.0,,0.0,normalDay
2019-08-26,738.0,1.0,0.0,0,288.0,0.0,1,2.93,2.92,SPY190920P00279000,279.0,0,0.0,0.0,,0.0,normalDay
2019-08-27,738.0,-46.0,0.0,0,286.87,0.0,1,2.93,3.39,SPY190920P00279000,279.0,0,0.0,0.0,,0.0,normalDay
2019-08-28,738.0,37.0,0.0,0,288.89,0.0,1,2.93,2.56,SPY190920P00279000,279.0,0,0.0,0.0,,0.0,normalDay
2019-08-29,738.0,126.0,0.0,0,292.58,0.0,1,2.93,1.67,SPY190920P00279000,279.0,0,0.0,0.0,,0.0,normalDay
2019-08-30,738.0,120.0,0.0,0,292.45,0.0,1,2.93,1.73,SPY190920P00279000,279.0,0,0.0,0.0,,0.0,normalDay
2019-09-03,738.0,113.0,0.0,0,290.74,0.0,1,2.93,1.8,SPY190920P00279000,279.0,0,0.0,0.0,,0.0,normalDay
2019-09-04,738.0,204.0,0.0,0,294.04,0.0,1,2.93,0.89,SPY190920P00279000,279.0,0,0.0,0.0,,0.0,normalDay
2019-09-05,738.0,244.0,0.0,0,297.82,0.0,1,2.93,0.49,SPY190920P00279000,279.0,0,0.0,0.0,,0.0,normalDay
2019-09-06,738.0,265.0,0.0,0,298.05,0.0,1,2.93,0.28,SPY190920P00279000,279.0,0,0.0,0.0,,0.0,normalDay
2019-09-09,738.0,271.0,0.0,0,298.2,0.0,1,2.93,0.22,SPY190920P00279000,279.0,0,0.0,0.0,,0.0,normalDay
2019-09-10,738.0,274.0,0.0,0,298.13,0.0,1,2.93,0.19,SPY190920P00279000,279.0,0,0.0,0.0,,0.0,normalDay
2019-09-11,738.0,281.0,0.0,0,300.25,0.0,1,2.93,0.12,SPY190920P00279000,279.0,0,0.0,0.0,,0.0,normalDay
2019-09-12,738.0,283.0,0.0,0,301.29,0.0,1,2.93,0.1,SPY190920P00279000,279.0,0,0.0,0.0,,0.0,normalDay
2019-09-13,738.0,284.0,0.0,0,301.09,0.0,1,2.93,0.09,SPY190920P00279000,279.0,0,0.0,0.0,,0.0,normalDay
2019-09-16,738.0,286.0,0.0,0,300.16,0.0,1,2.93,0.07,SPY190920P00279000,279.0,0,0.0,0.0,,0.0,normalDay
2019-09-17,738.0,287.0,0.0,0,300.92,0.0,1,2.93,0.06,SPY190920P00279000,279.0,0,0.0,0.0,,0.0,normalDay
2019-09-18,738.0,289.0,0.0,0,301.1,0.0,1,2.93,0.04,SPY190920P00279000,279.0,0,0.0,0.0,,0.0,normalDay
2019-09-19,738.0,290.0,0.0,0,301.08,0.0,1,2.93,0.03,SPY190920P00279000,279.0,0,0.0,0.0,,0.0,normalDay
2019-09-20,1031.0,0.0,293.0,0,298.28,0.0,1,2.93,0.0,SPY190920P00279000,279.0,0,0.0,0.0,,0.0,expirationDay
2019-09-23,1031.0,-3.0,0.0,0,298.21,0.0,1,2.35,2.38,SPY191115P00282000,282.0,0,0.0,0.0,,0.0,normalDay
2019-09-24,1031.0,-72.0,0.0,0,295.87,0.0,1,2.35,3.07,SPY191115P00282000,282.0,0,0.0,0.0,,0.0,normalDay
2019-09-25,1031.0,-27.0,0.0,0,297.62,0.0,1,2.35,2.62,SPY191115P00282000,282.0,0,0.0,0.0,,0.0,normalDay
2019-09-26,1031.0,-26.0,0.0,0,297.0,0.0,1,2.35,2.61,SPY191115P00282000,282.0,0,0.0,0.0,,0.0,normalDay
2019-09-27,1031.0,-74.0,0.0,0,295.4,0.0,1,2.35,3.09,SPY191115P00282000,282.0,0,0.0,0.0,,0.0,normalDay
2019-09-30,1031.0,-12.0,0.0,0,296.77,0.0,1,2.35,2.47,SPY191115P00282000,282.0,0,0.0,0.0,,0.0,normalDay
2019-10-01,1031.0,-119.0,0.0,0,293.24,0.0,1,2.35,3.54,SPY191115P00282000,282.0,0,0.0,0.0,,0.0,normalDay
2019-10-02,1031.0,-314.0,0.0,0,288.06,0.0,1,2.35,5.49,SPY191115P00282000,282.0,0,0.0,0.0,,0.0,normalDay
2019-10-03,1031.0,-197.0,0.0,0,290.42,0.0,1,2.35,4.32,SPY191115P00282000,282.0,0,0.0,0.0,,0.0,normalDay
2019-10-04,1031.0,-54.0,0.0,0,294.35,0.0,1,2.35,2.89,SPY191115P00282000,282.0,0,0.0,0.0,,0.0,normalDay
2019-10-07,1031.0,-79.0,0.0,0,293.08,0.0,1,2.35,3.14,SPY191115P00282000,282.0,0,0.0,0.0,,0.0,normalDay
2019-10-08,1031.0,-235.0,0.0,0,288.53,0.0,1,2.35,4.7,SPY191115P00282000,282.0,0,0.0,0.0,,0.0,normalDay
2019-10-09,1031.0,-118.0,0.0,0,291.27,0.0,1,2.35,3.53,SPY191115P00282000,282.0,0,0.0,0.0,,0.0,normalDay
2019-10-10,1031.0,-38.0,0.0,0,293.24,0.0,1,2.35,2.73,SPY191115P00282000,282.0,0,0.0,0.0,,0.0,normalDay
2019-10-11,1031.0,68.0,0.0,0,296.28,0.0,1,2.35,1.67,SPY191115P00282000,282.0,0,0.0,0.0,,0.0,normalDay
2019-10-14,1031.0,93.0,0.0,0,295.95,0.0,1,2.35,1.42,SPY191115P00282000,282.0,0,0.0,0.0,,0.0,normalDay
2019-10-15,1031.0,148.0,0.0,0,298.88,0.0,1,2.35,0.87,SPY191115P00282000,282.0,0,0.0,0.0,,0.0,normalDay
2019-10-16,1031.0,148.0,0.0,0,298.4,0.0,1,2.35,0.87,SPY191115P00282000,282.0,0,0.0,0.0,,0.0,normalDay
2019-10-17,1031.0,156.0,0.0,0,299.28,0.0,1,2.35,0.79,SPY191115P00282000,282.0,0,0.0,0.0,,0.0,normalDay
2019-10-18,1031.0,147.0,0.0,0,297.97,0.0,1,2.35,0.88,SPY191115P00282000,282.0,0,0.0,0.0,,0.0,normalDay
2019-10-21,1031.0,177.0,0.0,0,299.99,0.0,1,2.35,0.58,SPY191115P00282000,282.0,0,0.0,0.0,,0.0,normalDay
2019-10-22,1031.0,170.0,0.0,0,299.01,0.0,1,2.35,0.65,SPY191115P00282000,282.0,0,0.0,0.0,,0.0,normalDay
2019-10-23,1031.0,186.0,0.0,0,299.88,0.0,1,2.35,0.49,SPY191115P00282000,282.0,0,0.0,0.0,,0.0,normalDay
2019-10-24,1031.0,194.0,0.0,0,300.37,0.0,1,2.35,0.41,SPY191115P00282000,282.0,0,0.0,0.0,,0.0,normalDay
2019-10-25,1031.0,207.0,0.0,0,301.6,0.0,1,2.35,0.28,SPY191115P00282000,282.0,0,0.0,0.0,,0.0,normalDay
2019-10-28,1031.0,214.0,0.0,0,303.3,0.0,1,2.35,0.21,SPY191115P00282000,282.0,0,0.0,0.0,,0.0,normalDay
2019-10-29,1031.0,216.0,0.0,0,303.21,0.0,1,2.35,0.19,SPY191115P00282000,282.0,0,0.0,0.0,,0.0,normalDay
2019-10-30,1031.0,221.0,0.0,0,304.14,0.0,1,2.35,0.14,SPY191115P00282000,282.0,0,0.0,0.0,,0.0,normalDay
2019-10-31,1031.0,216.0,0.0,0,303.33,0.0,1,2.35,0.19,SPY191115P00282000,282.0,0,0.0,0.0,,0.0,normalDay
2019-11-01,1031.0,226.0,0.0,0,306.14,0.0,1,2.35,0.09,SPY191115P00282000,282.0,0,0.0,0.0,,0.0,normalDay
2019-11-04,1031.0,228.0,0.0,0,307.37,0.0,1,2.35,0.07,SPY191115P00282000,282.0,0,0.0,0.0,,0.0,normalDay
2019-11-05,1031.0,229.0,0.0,0,307.03,0.0,1,2.35,0.06,SPY191115P00282000,282.0,0,0.0,0.0,,0.0,normalDay
2019-11-06,1031.0,232.0,0.0,0,307.1,0.0,1,2.35,0.03,SPY191115P00282000,282.0,0,0.0,0.0,,0.0,normalDay
2019-11-07,1031.0,232.0,0.0,0,308.18,0.0,1,2.35,0.03,SPY191115P00282000,282.0,0,0.0,0.0,,0.0,normalDay
2019-11-08,1031.0,233.0,0.0,0,308.94,0.0,1,2.35,0.02,SPY191115P00282000,282.0,0,0.0,0.0,,0.0,normalDay
2019-11-11,1031.0,233.0,0.0,0,308.35,0.0,1,2.35,0.02,SPY191115P00282000,282.0,0,0.0,0.0,,0.0,normalDay
2019-11-12,1031.0,234.0,0.0,0,309.0,0.0,1,2.35,0.01,SPY191115P00282000,282.0,0,0.0,0.0,,0.0,normalDay
2019-11-13,1031.0,234.0,0.0,0,309.1,0.0,1,2.35,0.01,SPY191115P00282000,282.0,0,0.0,0.0,,0.0,normalDay
2019-11-14,1031.0,234.0,0.0,0,309.55,0.0,1,2.35,0.01,SPY191115P00282000,282.0,0,0.0,0.0,,0.0,normalDay
2019-11-15,1266.0,0.0,235.0,0,311.79,0.0,1,2.35,0.0,SPY191115P00282000,282.0,0,0.0,0.0,,0.0,expirationDay
2019-11-18,1266.0,-3.0,0.0,0,312.02,0.0,1,2.2,2.23,SPY200117P00295000,295.0,0,0.0,0.0,,0.0,normalDay
2019-11-19,1266.0,-13.0,0.0,0,311.93,0.0,1,2.2,2.33,SPY200117P00295000,295.0,0,0.0,0.0,,0.0,normalDay
2019-11-20,1266.0,-33.0,0.0,0,310.77,0.0,1,2.2,2.53,SPY200117P00295000,295.0,0,0.0,0.0,,0.0,normalDay
2019-11-21,1266.0,-41.0,0.0,0,310.27,0.0,1,2.2,2.61,SPY200117P00295000,295.0,0,0.0,0.0,,0.0,normalDay
2019-11-22,1266.0,-12.0,0.0,0,310.96,0.0,1,2.2,2.32,SPY200117P00295000,295.0,0,0.0,0.0,,0.0,normalDay
2019-11-25,1266.0,45.0,0.0,0,313.37,0.0,1,2.2,1.75,SPY200117P00295000,295.0,0,0.0,0.0,,0.0,normalDay
2019-11-26,1266.0,64.0,0.0,0,314.08,0.0,1,2.2,1.56,SPY200117P00295000,295.0,0,0.0,0.0,,0.0,normalDay
2019-11-27,1266.0,77.0,0.0,0,315.48,0.0,1,2.2,1.43,SPY200117P00295000,295.0,0,0.0,0.0,,0.0,normalDay
2019-11-29,1266.0,56.0,0.0,0,314.31,0.0,1,2.2,1.64,SPY200117P00295000,295.0,0,0.0,0.0,,0.0,normalDay
2019-12-02,1266.0,-10.0,0.0,0,311.64,0.0,1,2.2,2.3,SPY200117P00295000,295.0,0,0.0,0.0,,0.0,normalDay
2019-12-03,1266.0,-67.0,0.0,0,309.55,0.0,1,2.2,2.87,SPY200117P00295000,295.0,0,0.0,0.0,,0.0,normalDay
2019-12-04,1266.0,-14.0,0.0,0,311.46,0.0,1,2.2,2.34,SPY200117P00295000,295.0,0,0.0,0.0,,0.0,normalDay
2019-12-05,1266.0,15.0,0.0,0,312.02,0.0,1,2.2,2.05,SPY200117P00295000,295.0,0,0.0,0.0,,0.0,normalDay
2019-12-06,1266.0,68.0,0.0,0,314.87,0.0,1,2.2,1.52,SPY200117P00295000,295.0,0,0.0,0.0,,0.0,normalDay
2019-12-09,1266.0,37.0,0.0,0,313.88,0.0,1,2.2,1.83,SPY200117P00295000,295.0,0,0.0,0.0,,0.0,normalDay
2019-12-10,1266.0,48.0,0.0,0,313.53,0.0,1,2.2,1.72,SPY200117P00295000,295.0,0,0.0,0.0,,0.0,normalDay
2019-12-11,1266.0,74.0,0.0,0,314.42,0.0,1,2.2,1.46,SPY200117P00295000,295.0,0,0.0,0.0,,0.0,normalDay
2019-12-12,1266.0,117.0,0.0,0,317.13,0.0,1,2.2,1.03,SPY200117P00295000,295.0,0,0.0,0.0,,0.0,normalDay
2019-12-13,1266.0,142.0,0.0,0,317.32,0.0,1,2.2,0.78,SPY200117P00295000,295.0,0,0.0,0.0,,0.0,normalDay
2019-12-16,1266.0,167.0,0.0,0,319.5,0.0,1,2.2,0.53,SPY200117P00295000,295.0,0,0.0,0.0,,0.0,normalDay
2019-12-17,1266.0,166.0,0.0,0,319.57,0.0,1,2.2,0.54,SPY200117P00295000,295.0,0,0.0,0.0,,0.0,normalDay
2019-12-18,1266.0,167.0,0.0,0,319.59,0.0,1,2.2,0.53,SPY200117P00295000,295.0,0,0.0,0.0,,0.0,normalDay
2019-12-19,1266.0,174.0,0.0,0,320.9,0.0,1,2.2,0.46,SPY200117P00295000,295.0,0,0.0,0.0,,0.0,normalDay
2019-12-20,1266.0,176.0,0.0,0,320.73,0.0,1,2.2,0.44,SPY200117P00295000,295.0,0,0.0,0.0,,0.0,normalDay
2019-12-23,1266.0,180.0,0.0,0,321.22,0.0,1,2.2,0.4,SPY200117P00295000,295.0,0,0.0,0.0,,0.0,normalDay
2019-12-24,1266.0,183.0,0.0,0,321.23,0.0,1,2.2,0.37,SPY200117P00295000,295.0,0,0.0,0.0,,0.0,normalDay
2019-12-26,1266.0,193.0,0.0,0,322.94,0.0,1,2.2,0.27,SPY200117P00295000,295.0,0,0.0,0.0,,0.0,normalDay
2019-12-27,1266.0,192.0,0.0,0,322.86,0.0,1,2.2,0.28,SPY200117P00295000,295.0,0,0.0,0.0,,0.0,normalDay
2019-12-30,1266.0,189.0,0.0,0,321.08,0.0,1,2.2,0.31,SPY200117P00295000,295.0,0,0.0,0.0,,0.0,normalDay
2019-12-31,1266.0,195.0,0.0,0,321.86,0.0,1,2.2,0.25,SPY200117P00295000,295.0,0,0.0,0.0,,0.0,normalDay
2020-01-02,1266.0,210.0,0.0,0,324.87,0.0,1,2.2,0.1,SPY200117P00295000,295.0,0,0.0,0.0,,0.0,normalDay
2020-01-03,1266.0,204.0,0.0,0,322.41,0.0,1,2.2,0.16,SPY200117P00295000,295.0,0,0.0,0.0,,0.0,normalDay
2020-01-06,1266.0,213.0,0.0,0,323.64,0.0,1,2.2,0.07,SPY200117P00295000,295.0,0,0.0,0.0,,0.0,normalDay
2020-01-07,1266.0,214.0,0.0,0,322.73,0.0,1,2.2,0.06,SPY200117P00295000,295.0,0,0.0,0.0,,0.0,normalDay
2020-01-08,1266.0,213.0,0.0,0,324.45,0.0,1,2.2,0.07,SPY200117P00295000,295.0,0,0.0,0.0,,0.0,normalDay
2020-01-09,1266.0,216.0,0.0,0,326.65,0.0,1,2.2,0.04,SPY200117P00295000,295.0,0,0.0,0.0,,0.0,normalDay
2020-01-10,1266.0,218.0,0.0,0,325.71,0.0,1,2.2,0.02,SPY200117P00295000,295.0,0,0.0,0.0,,0.0,normalDay
2020-01-13,1266.0,218.0,0.0,0,327.95,0.0,1,2.2,0.02,SPY200117P00295000,295.0,0,0.0,0.0,,0.0,normalDay
2020-01-14,1266.0,219.0,0.0,0,327.45,0.0,1,2.2,0.01,SPY200117P00295000,295.0,0,0.0,0.0,,0.0,normalDay
2020-01-15,1266.0,219.0,0.0,0,328.19,0.0,1,2.2,0.01,SPY200117P00295000,295.0,0,0.0,0.0,,0.0,normalDay
2020-01-16,1266.0,219.0,0.0,0,330.92,0.0,1,2.2,0.01,SPY200117P00295000,295.0,0,0.0,0.0,,0.0,normalDay
2020-01-17,1486.0,0.0,220.0,0,331.95,0.0,1,2.2,0.0,SPY200117P00295000,295.0,0,0.0,0.0,,0.0,expirationDay
2020-01-21,1486.0,-4.0,0.0,0,331.3,0.0,1,3.7,3.74,SPY200417P00315000,315.0,0,0.0,0.0,,0.0,normalDay
2020-01-22,1486.0,-5.0,0.0,0,331.34,0.0,1,3.7,3.75,SPY200417P00315000,315.0,0,0.0,0.0,,0.0,normalDay
2020-01-23,1486.0,1.0,0.0,0,331.72,0.0,1,3.7,3.69,SPY200417P00315000,315.0,0,0.0,0.0,,0.0,normalDay
2020-01-24,1486.0,-92.0,0.0,0,328.77,0.0,1,3.7,4.62,SPY200417P00315000,315.0,0,0.0,0.0,,0.0,normalDay
2020-01-27,1486.0,-315.0,0.0,0,323.5,0.0,1,3.7,6.85,SPY200417P00315000,315.0,0,0.0,0.0,,0.0,normalDay
2020-01-28,1486.0,-161.0,0.0,0,326.89,0.0,1,3.7,5.31,SPY200417P00315000,315.0,0,0.0,0.0,,0.0,normalDay
2020-01-29,1486.0,-164.0,0.0,0,326.62,0.0,1,3.7,5.34,SPY200417P00315000,315.0,0,0.0,0.0,,0.0,normalDay
2020-01-30,1486.0,-95.0,0.0,0,327.68,0.0,1,3.7,4.65,SPY200417P00315000,315.0,0,0.0,0.0,,0.0,normalDay
2020-01-31,1486.0,-335.0,0.0,0,321.73,0.0,1,3.7,7.05,SPY200417P00315000,315.0,0,0.0,0.0,,0.0,normalDay
2020-02-03,1486.0,-246.0,0.0,0,324.12,0.0,1,3.7,6.16,SPY200417P00315000,315.0,0,0.0,0.0,,0.0,normalDay
2020-02-04,1486.0,-54.0,0.0,0,329.06,0.0,1,3.7,4.24,SPY200417P00315000,315.0,0,0.0,0.0,,0.0,normalDay
2020-02-05,1486.0,41.0,0.0,0,332.86,0.0,1,3.7,3.29,SPY200417P00315000,315.0,0,0.0,0.0,,0.0,normalDay
2020-02-06,1486.0,62.0,0.0,0,333.98,0.0,1,3.7,3.08,SPY200417P00315000,315.0,0,0.0,0.0,,0.0,normalDay
2020-02-07,1486.0,25.0,0.0,0,332.2,0.0,1,3.7,3.45,SPY200417P00315000,315.0,0,0.0,0.0,,0.0,normalDay
2020-02-10,1486.0,80.0,0.0,0,334.68,0.0,1,3.7,2.9,SPY200417P00315000,315.0,0,0.0,0.0,,0.0,normalDay
2020-02-11,1486.0,93.0,0.0,0,335.26,0.0,1,3.7,2.77,SPY200417P00315000,315.0,0,0.0,0.0,,0.0,normalDay
2020-02-12,1486.0,146.0,0.0,0,337.42,0.0,1,3.7,2.24,SPY200417P00315000,315.0,0,0.0,0.0,,0.0,normalDay
2020-02-13,1486.0,136.0,0.0,0,337.06,0.0,1,3.7,2.34,SPY200417P00315000,315.0,0,0.0,0.0,,0.0,normalDay
2020-02-14,1486.0,154.0,0.0,0,337.6,0.0,1,3.7,2.16,SPY200417P00315000,315.0,0,0.0,0.0,,0.0,normalDay
2020-02-18,1486.0,141.0,0.0,0,336.73,0.0,1,3.7,2.29,SPY200417P00315000,315.0,0,0.0,0.0,,0.0,normalDay
2020-02-19,1486.0,173.0,0.0,0,338.34,0.0,1,3.7,1.97,SPY200417P00315000,315.0,0,0.0,0.0,,0.0,normalDay
2020-02-20,1486.0,138.0,0.0,0,336.95,0.0,1,3.7,2.32,SPY200417P00315000,315.0,0,0.0,0.0,,0.0,normalDay
2020-02-21,1486.0,51.0,0.0,0,333.48,0.0,1,3.7,3.19,SPY200417P00315000,315.0,0,0.0,0.0,,0.0,normalDay
2020-02-24,1486.0,-383.0,0.0,0,322.42,0.0,1,3.7,7.53,SPY200417P00315000,315.0,0,0.0,0.0,,0.0,normalDay
2020-02-25,1486.0,-781.0,0.0,0,312.65,0.0,1,3.7,11.51,SPY200417P00315000,315.0,0,0.0,0.0,,0.0,normalDay
2020-02-26,1486.0,-864.0,0.0,0,311.5,0.0,1,3.7,12.34,SPY200417P00315000,315.0,0,0.0,0.0,,0.0,normalDay
2020-02-27,1486.0,-1900.0,0.0,0,297.51,0.0,1,3.7,22.7,SPY200417P00315000,315.0,0,0.0,0.0,,0.0,normalDay
2020-02-28,1486.0,-2009.0,0.0,0,296.26,0.0,1,3.7,23.79,SPY200417P00315000,315.0,0,0.0,0.0,,0.0,normalDay
2020-03-02,1486.0,-1049.0,0.0,0,309.09,0.0,1,3.7,14.19,SPY200417P00315000,315.0,0,0.0,0.0,,0.0,normalDay
2020-03-03,1486.0,-1568.0,0.0,0,300.24,0.0,1,3.7,19.38,SPY200417P00315000,315.0,0,0.0,0.0,,0.0,normalDay
2020-03-04,1486.0,-906.0,0.0,0,312.86,0.0,1,3.7,12.76,SPY200417P00315000,315.0,0,0.0,0.0,,0.0,normalDay
2020-03-05,1486.0,-1636.0,0.0,0,302.46,0.0,1,3.7,20.06,SPY200417P00315000,315.0,0,0.0,0.0,,0.0,normalDay
2020-03-06,1486.0,-2022.0,0.0,0,297.46,0.0,1,3.7,23.92,SPY200417P00315000,315.0,0,0.0,0.0,,0.0,normalDay
2020-03-09,1486.0,-4055.0,0.0,0,274.23,0.0,1,3.7,44.25,SPY200417P00315000,315.0,0,0.0,0.0,,0.0,normalDay
2020-03-10,1486.0,-2752.0,0.0,0,288.42,0.0,1,3.7,31.22,SPY200417P00315000,315.0,0,0.0,0.0,,0.0,normalDay
2020-03-11,1486.0,-3978.0,0.0,0,274.36,0.0,1,3.7,43.48,SPY200417P00315000,315.0,0,0.0,0.0,,0.0,normalDay
2020-03-12,1486.0,-6499.0,0.0,0,248.11,0.0,1,3.7,68.69,SPY200417P00315000,315.0,0,0.0,0.0,,0.0,normalDay
2020-03-13,1486.0,-4484.0,0.0,0,269.32,0.0,1,3.7,48.54,SPY200417P00315000,315.0,0,0.0,0.0,,0.0,normalDay
2020-03-16,1486.0,-7028.0,0.0,0,239.85,0.0,1,3.7,73.98,SPY200417P00315000,315.0,0,0.0,0.0,,0.0,normalDay
2020-03-17,1486.0,-6177.0,0.0,0,252.8,0.0,1,3.7,65.47,SPY200417P00315000,315.0,0,0.0,0.0,,0.0,normalDay
2020-03-18,1486.0,-7280.0,0.0,0,240.0,0.0,1,3.7,76.5,SPY200417P00315000,315.0,0,0.0,0.0,,0.0,normalDay
2020-03-19,1486.0,-7286.0,0.0,0,240.51,0.0,1,3.7,76.56,SPY200417P00315000,315.0,0,0.0,0.0,,0.0,normalDay
2020-03-20,1486.0,-8241.0,0.0,0,228.8,0.0,1,3.7,86.11,SPY200417P00315000,315.0,0,0.0,0.0,,0.0,normalDay
2020-03-23,1486.0,-9040.0,0.0,0,222.95,0.0,1,3.7,94.1,SPY200417P00315000,315.0,0,0.0,0.0,,0.0,normalDay
2020-03-24,1486.0,-6915.0,0.0,0,243.15,0.0,1,3.7,72.85,SPY200417P00315000,315.0,0,0.0,0.0,,0.0,normalDay
2020-03-25,1486.0,-6452.0,0.0,0,246.79,0.0,1,3.7,68.22,SPY200417P00315000,315.0,0,0.0,0.0,,0.0,normalDay
2020-03-26,1486.0,-5100.0,0.0,0,261.2,0.0,1,3.7,54.7,SPY200417P00315000,315.0,0,0.0,0.0,,0.0,normalDay
2020-03-27,1486.0,-5883.0,0.0,0,253.42,0.0,1,3.7,62.53,SPY200417P00315000,315.0,0,0.0,0.0,,0.0,normalDay
2020-03-30,1486.0,-5088.0,0.0,0,261.65,0.0,1,3.7,54.58,SPY200417P00315000,315.0,0,0.0,0.0,,0.0,normalDay
2020-03-31,1486.0,-5480.0,0.0,0,257.75,0.0,1,3.7,58.5,SPY200417P00315000,315.0,0,0.0,0.0,,0.0,normalDay
2020-04-01,1486.0,-6564.0,0.0,0,246.15,0.0,1,3.7,69.34,SPY200417P00315000,315.0,0,0.0,0.0,,0.0,normalDay
2020-04-02,1486.0,-5901.0,0.0,0,251.83,0.0,1,3.7,62.71,SPY200417P00315000,315.0,0,0.0,0.0,,0.0,normalDay
2020-04-03,1486.0,-6307.0,0.0,0,248.19,0.0,1,3.7,66.77,SPY200417P00315000,315.0,0,0.0,0.0,,0.0,normalDay
2020-04-06,1486.0,-4639.0,0.0,0,264.86,0.0,1,3.7,50.09,SPY200417P00315000,315.0,0,0.0,0.0,,0.0,normalDay
2020-04-07,1486.0,-4741.0,0.0,0,265.13,0.0,1,3.7,51.11,SPY200417P00315000,315.0,0,0.0,0.0,,0.0,normalDay
2020-04-08,1486.0,-3751.0,0.0,0,274.03,0.0,1,3.7,41.21,SPY200417P00315000,315.0,0,0.0,0.0,,0.0,normalDay
2020-04-09,1486.0,-3340.0,0.0,0,278.2,0.0,1,3.7,37.1,SPY200417P00315000,315.0,0,0.0,0.0,,0.0,normalDay
2020-04-13,1486.0,-3593.0,0.0,0,275.66,0.0,1,3.7,39.63,SPY200417P00315000,315.0,0,0.0,0.0,,0.0,normalDay
2020-04-14,1486.0,-2742.0,0.0,0,283.79,0.0,1,3.7,31.12,SPY200417P00315000,315.0,0,0.0,0.0,,0.0,normalDay
2020-04-15,1486.0,-3376.0,0.0,0,277.76,0.0,1,3.7,37.46,SPY200417P00315000,315.0,0,0.0,0.0,,0.0,normalDay
2020-04-16,1486.0,-3224.0,0.0,0,279.1,0.0,1,3.7,35.94,SPY200417P00315000,315.0,0,0.0,0.0,,0.0,normalDay
2020-04-17,1856.0,-2836.0,370.0,100,286.64,315.0,1,3.7,0.0,SPY200417P00315000,315.0,0,0.0,0.0,,0.0,expirationDay
2020-04-20,1856.0,-3352.0,0.0,100,281.59,315.0,0,0.0,0.0,,0.0,1,11.93,12.04,SPY200501C00275000,275.0,normalDay
2020-04-21,1856.0,-3694.0,0.0,100,273.04,315.0,0,0.0,0.0,,0.0,1,11.93,6.91,SPY200501C00275000,275.0,normalDay
2020-04-22,1856.0,-3284.0,0.0,100,279.1,315.0,0,0.0,0.0,,0.0,1,11.93,8.87,SPY200501C00275000,275.0,normalDay
2020-04-23,1856.0,-3231.0,0.0,100,279.08,315.0,0,0.0,0.0,,0.0,1,11.93,8.32,SPY200501C00275000,275.0,normalDay
2020-04-24,1856.0,-2999.0,0.0,100,282.97,315.0,0,0.0,0.0,,0.0,1,11.93,9.89,SPY200501C00275000,275.0,normalDay
2020-04-27,1856.0,-2878.0,0.0,100,287.05,315.0,0,0.0,0.0,,0.0,1,11.93,12.76,SPY200501C00275000,275.0,normalDay
2020-04-28,1856.0,-2908.0,0.0,100,285.73,315.0,0,0.0,0.0,,0.0,1,11.93,11.74,SPY200501C00275000,275.0,normalDay
2020-04-29,1856.0,-2829.0,0.0,100,293.21,315.0,0,0.0,0.0,,0.0,1,11.93,18.43,SPY200501C00275000,275.0,normalDay
2020-04-30,1856.0,-2713.0,0.0,100,290.48,315.0,0,0.0,0.0,,0.0,1,11.93,14.54,SPY200501C00275000,275.0,normalDay
2020-05-01,-951.0,-2713.0,-2807.0,0,282.79,0.0,0,0.0,0.0,,0.0,1,11.93,0.0,SPY200501C00275000,275.0,expirationDay
2020-05-04,-951.0,-7.0,0.0,0,283.57,0.0,1,9.16,9.23,SPY200717P00259000,259.0,0,0.0,0.0,,0.0,normalDay
2020-05-05,-951.0,115.0,0.0,0,286.19,0.0,1,9.16,8.01,SPY200717P00259000,259.0,0,0.0,0.0,,0.0,normalDay
2020-05-06,-951.0,76.0,0.0,0,284.25,0.0,1,9.16,8.4,SPY200717P00259000,259.0,0,0.0,0.0,,0.0,normalDay
2020-05-07,-951.0,218.0,0.0,0,287.68,0.0,1,9.16,6.98,SPY200717P00259000,259.0,0,0.0,0.0,,0.0,normalDay
2020-05-08,-951.0,393.0,0.0,0,292.44,0.0,1,9.16,5.23,SPY200717P00259000,259.0,0,0.0,0.0,,0.0,normalDay
2020-05-11,-951.0,439.0,0.0,0,292.5,0.0,1,9.16,4.77,SPY200717P00259000,259.0,0,0.0,0.0,,0.0,normalDay
2020-05-12,-951.0,238.0,0.0,0,286.67,0.0,1,9.16,6.78,SPY200717P00259000,259.0,0,0.0,0.0,,0.0,normalDay
2020-05-13,-951.0,123.0,0.0,0,281.6,0.0,1,9.16,7.93,SPY200717P00259000,259.0,0,0.0,0.0,,0.0,normalDay
2020-05-14,-951.0,238.0,0.0,0,284.97,0.0,1,9.16,6.78,SPY200717P00259000,259.0,0,0.0,0.0,,0.0,normalDay
2020-05-15,-951.0,271.0,0.0,0,286.28,0.0,1,9.16,6.45,SPY200717P00259000,259.0,0,0.0,0.0,,0.0,normalDay
2020-05-18,-951.0,493.0,0.0,0,295.0,0.0,1,9.16,4.23,SPY200717P00259000,259.0,0,0.0,0.0,,0.0,normalDay
2020-05-19,-951.0,446.0,0.0,0,291.97,0.0,1,9.16,4.7,SPY200717P00259000,259.0,0,0.0,0.0,,0.0,normalDay
2020-05-20,-951.0,572.0,0.0,0,296.93,0.0,1,9.16,3.44,SPY200717P00259000,259.0,0,0.0,0.0,,0.0,normalDay
2020-05-21,-951.0,525.0,0.0,0,294.88,0.0,1,9.16,3.91,SPY200717P00259000,259.0,0,0.0,0.0,,0.0,normalDay
2020-05-22,-951.0,558.0,0.0,0,295.44,0.0,1,9.16,3.58,SPY200717P00259000,259.0,0,0.0,0.0,,0.0,normalDay
2020-05-26,-951.0,629.0,0.0,0,299.08,0.0,1,9.16,2.87,SPY200717P00259000,259.0,0,0.0,0.0,,0.0,normalDay
2020-05-27,-951.0,677.0,0.0,0,303.53,0.0,1,9.16,2.39,SPY200717P00259000,259.0,0,0.0,0.0,,0.0,normalDay
2020-05-28,-951.0,668.0,0.0,0,302.97,0.0,1,9.16,2.48,SPY200717P00259000,259.0,0,0.0,0.0,,0.0,normalDay
2020-05-29,-951.0,703.0,0.0,0,304.32,0.0,1,9.16,2.13,SPY200717P00259000,259.0,0,0.0,0.0,,0.0,normalDay
2020-06-01,-951.0,710.0,0.0,0,305.55,0.0,1,9.16,2.06,SPY200717P00259000,259.0,0,0.0,0.0,,0.0,normalDay
2020-06-02,-951.0,752.0,0.0,0,308.08,0.0,1,9.16,1.64,SPY200717P00259000,259.0,0,0.0,0.0,,0.0,normalDay
2020-06-03,-951.0,795.0,0.0,0,312.18,0.0,1,9.16,1.21,SPY200717P00259000,259.0,0,0.0,0.0,,0.0,normalDay
2020-06-04,-951.0,797.0,0.0,0,311.36,0.0,1,9.16,1.19,SPY200717P00259000,259.0,0,0.0,0.0,,0.0,normalDay
2020-06-05,-951.0,834.0,0.0,0,319.34,0.0,1,9.16,0.82,SPY200717P00259000,259.0,0,0.0,0.0,,0.0,normalDay
2020-06-08,-951.0,840.0,0.0,0,323.2,0.0,1,9.16,0.76,SPY200717P00259000,259.0,0,0.0,0.0,,0.0,normalDay
2020-06-09,-951.0,827.0,0.0,0,320.79,0.0,1,9.16,0.89,SPY200717P00259000,259.0,0,0.0,0.0,,0.0,normalDay
2020-06-10,-951.0,819.0,0.0,0,319.0,0.0,1,9.16,0.97,SPY200717P00259000,259.0,0,0.0,0.0,,0.0,normalDay
2020-06-11,-951.0,554.0,0.0,0,300.61,0.0,1,9.16,3.62,SPY200717P00259000,259.0,0,0.0,0.0,,0.0,normalDay
2020-06-12,-951.0,664.0,0.0,0,304.21,0.0,1,9.16,2.52,SPY200717P00259000,259.0,0,0.0,0.0,,0.0,normalDay
2020-06-15,-951.0,734.0,0.0,0,307.05,0.0,1,9.16,1.82,SPY200717P00259000,259.0,0,0.0,0.0,,0.0,normalDay
2020-06-16,-951.0,773.0,0.0,0,312.96,0.0,1,9.16,1.43,SPY200717P00259000,259.0,0,0.0,0.0,,0.0,normalDay
2020-06-17,-951.0,781.0,0.0,0,311.66,0.0,1,9.16,1.35,SPY200717P00259000,259.0,0,0.0,0.0,,0.0,normalDay
2020-06-18,-951.0,801.0,0.0,0,311.78,0.0,1,9.16,1.15,SPY200717P00259000,259.0,0,0.0,0.0,,0.0,normalDay
2020-06-19,-951.0,779.0,0.0,0,308.64,0.0,1,9.16,1.37,SPY200717P00259000,259.0,0,0.0,0.0,,0.0,normalDay
2020-06-22,-951.0,834.0,0.0,0,310.62,0.0,1,9.16,0.82,SPY200717P00259000,259.0,0,0.0,0.0,,0.0,normalDay
2020-06-23,-951.0,843.0,0.0,0,312.05,0.0,1,9.16,0.73,SPY200717P00259000,259.0,0,0.0,0.0,,0.0,normalDay
2020-06-24,-951.0,818.0,0.0,0,304.09,0.0,1,9.16,0.98,SPY200717P00259000,259.0,0,0.0,0.0,,0.0,normalDay
2020-06-25,-951.0,849.0,0.0,0,307.35,0.0,1,9.16,0.67,SPY200717P00259000,259.0,0,0.0,0.0,,0.0,normalDay
2020-06-26,-951.0,814.0,0.0,0,300.05,0.0,1,9.16,1.02,SPY200717P00259000,259.0,0,0.0,0.0,,0.0,normalDay
2020-06-29,-951.0,859.0,0.0,0,304.46,0.0,1,9.16,0.57,SPY200717P00259000,259.0,0,0.0,0.0,,0.0,normalDay
2020-06-30,-951.0,874.0,0.0,0,308.36,0.0,1,9.16,0.42,SPY200717P00259000,259.0,0,0.0,0.0,,0.0,normalDay
2020-07-01,-951.0,887.0,0.0,0,310.52,0.0,1,9.16,0.29,SPY200717P00259000,259.0,0,0.0,0.0,,0.0,normalDay
2020-07-02,-951.0,893.0,0.0,0,312.23,0.0,1,9.16,0.23,SPY200717P00259000,259.0,0,0.0,0.0,,0.0,normalDay
2020-07-06,-951.0,905.0,0.0,0,317.05,0.0,1,9.16,0.11,SPY200717P00259000,259.0,0,0.0,0.0,,0.0,normalDay
2020-07-07,-951.0,905.0,0.0,0,313.78,0.0,1,9.16,0.11,SPY200717P00259000,259.0,0,0.0,0.0,,0.0,normalDay
2020-07-08,-951.0,909.0,0.0,0,316.18,0.0,1,9.16,0.07,SPY200717P00259000,259.0,0,0.0,0.0,,0.0,normalDay
2020-07-09,-951.0,909.0,0.0,0,314.38,0.0,1,9.16,0.07,SPY200717P00259000,259.0,0,0.0,0.0,,0.0,normalDay
2020-07-10,-951.0,913.0,0.0,0,317.59,0.0,1,9.16,0.03,SPY200717P00259000,259.0,0,0.0,0.0,,0.0,normalDay
2020-07-13,-951.0,912.0,0.0,0,314.84,0.0,1,9.16,0.04,SPY200717P00259000,259.0,0,0.0,0.0,,0.0,normalDay
2020-07-14,-951.0,914.0,0.0,0,318.92,0.0,1,9.16,0.02,SPY200717P00259000,259.0,0,0.0,0.0,,0.0,normalDay
2020-07-15,-951.0,915.0,0.0,0,321.85,0.0,1,9.16,0.01,SPY200717P00259000,259.0,0,0.0,0.0,,0.0,normalDay
2020-07-16,-951.0,915.0,0.0,0,320.79,0.0,1,9.16,0.01,SPY200717P00259000,259.0,0,0.0,0.0,,0.0,normalDay
2020-07-17,-35.0,0.0,916.0,0,321.72,0.0,1,9.16,0.0,SPY200717P00259000,259.0,0,0.0,0.0,,0.0,expirationDay
2020-07-20,-35.0,-6.0,0.0,0,324.32,0.0,1,5.45,5.51,SPY200930P00295000,295.0,0,0.0,0.0,,0.0,normalDay
2020-07-21,-35.0,3.0,0.0,0,325.01,0.0,1,5.45,5.42,SPY200930P00295000,295.0,0,0.0,0.0,,0.0,normalDay
2020-07-22,-35.0,44.0,0.0,0,326.86,0.0,1,5.45,5.01,SPY200930P00295000,295.0,0,0.0,0.0,,0.0,normalDay
2020-07-23,-35.0,-59.0,0.0,0,322.96,0.0,1,5.45,6.04,SPY200930P00295000,295.0,0,0.0,0.0,,0.0,normalDay
2020-07-24,-35.0,-64.0,0.0,0,320.88,0.0,1,5.45,6.09,SPY200930P00295000,295.0,0,0.0,0.0,,0.0,normalDay
2020-07-27,-35.0,23.0,0.0,0,323.22,0.0,1,5.45,5.22,SPY200930P00295000,295.0,0,0.0,0.0,,0.0,normalDay
2020-07-28,-35.0,-19.0,0.0,0,321.17,0.0,1,5.45,5.64,SPY200930P00295000,295.0,0,0.0,0.0,,0.0,normalDay
2020-07-29,-35.0,77.0,0.0,0,325.12,0.0,1,5.45,4.68,SPY200930P00295000,295.0,0,0.0,0.0,,0.0,normalDay
2020-07-30,-35.0,40.0,0.0,0,323.96,0.0,1,5.45,5.05,SPY200930P00295000,295.0,0,0.0,0.0,,0.0,normalDay
2020-07-31,-35.0,106.0,0.0,0,326.52,0.0,1,5.45,4.39,SPY200930P00295000,295.0,0,0.0,0.0,,0.0,normalDay
2020-08-03,-35.0,153.0,0.0,0,328.79,0.0,1,5.45,3.92,SPY200930P00295000,295.0,0,0.0,0.0,,0.0,normalDay
2020-08-04,-35.0,190.0,0.0,0,330.06,0.0,1,5.45,3.55,SPY200930P00295000,295.0,0,0.0,0.0,,0.0,normalDay
2020-08-05,-35.0,235.0,0.0,0,332.11,0.0,1,5.45,3.1,SPY200930P00295000,295.0,0,0.0,0.0,,0.0,normalDay
2020-08-06,-35.0,266.0,0.0,0,334.33,0.0,1,5.45,2.79,SPY200930P00295000,295.0,0,0.0,0.0,,0.0,normalDay
2020-08-07,-35.0,274.0,0.0,0,334.57,0.0,1,5.45,2.71,SPY200930P00295000,295.0,0,0.0,0.0,,0.0,normalDay
2020-08-10,-35.0,302.0,0.0,0,335.57,0.0,1,5.45,2.43,SPY200930P00295000,295.0,0,0.0,0.0,,0.0,normalDay
2020-08-11,-35.0,246.0,0.0,0,332.8,0.0,1,5.45,2.99,SPY200930P00295000,295.0,0,0.0,0.0,,0.0,normalDay
2020-08-12,-35.0,323.0,0.0,0,337.44,0.0,1,5.45,2.22,SPY200930P00295000,295.0,0,0.0,0.0,,0.0,normalDay
2020-08-13,-35.0,322.0,0.0,0,336.83,0.0,1,5.45,2.23,SPY200930P00295000,295.0,0,0.0,0.0,,0.0,normalDay
2020-08-14,-35.0,334.0,0.0,0,336.84,0.0,1,5.45,2.11,SPY200930P00295000,295.0,0,0.0,0.0,,0.0,normalDay
2020-08-17,-35.0,370.0,0.0,0,337.91,0.0,1,5.45,1.75,SPY200930P00295000,295.0,0,0.0,0.0,,0.0,normalDay
2020-08-18,-35.0,380.0,0.0,0,338.64,0.0,1,5.45,1.65,SPY200930P00295000,295.0,0,0.0,0.0,,0.0,normalDay
2020-08-19,-35.0,365.0,0.0,0,337.23,0.0,1,5.45,1.8,SPY200930P00295000,295.0,0,0.0,0.0,,0.0,normalDay
2020-08-20,-35.0,376.0,0.0,0,338.28,0.0,1,5.45,1.69,SPY200930P00295000,295.0,0,0.0,0.0,,0.0,normalDay
2020-08-21,-35.0,393.0,0.0,0,339.48,0.0,1,5.45,1.52,SPY200930P00295000,295.0,0,0.0,0.0,,0.0,normalDay
2020-08-24,-35.0,422.0,0.0,0,342.92,0.0,1,5.45,1.23,SPY200930P00295000,295.0,0,0.0,0.0,,0.0,normalDay
2020-08-25,-35.0,438.0,0.0,0,344.12,0.0,1,5.45,1.07,SPY200930P00295000,295.0,0,0.0,0.0,,0.0,normalDay
2020-08-26,-35.0,442.0,0.0,0,347.57,0.0,1,5.45,1.03,SPY200930P00295000,295.0,0,0.0,0.0,,0.0,normalDay
2020-08-27,-35.0,437.0,0.0,0,348.33,0.0,1,5.45,1.08,SPY200930P00295000,295.0,0,0.0,0.0,,0.0,normalDay
2020-08-28,-35.0,461.0,0.0,0,350.58,0.0,1,5.45,0.84,SPY200930P00295000,295.0,0,0.0,0.0,,0.0,normalDay
2020-08-31,-35.0,440.0,0.0,0,349.31,0.0,1,5.45,1.05,SPY200930P00295000,295.0,0,0.0,0.0,,0.0,normalDay
2020-09-01,-35.0,452.0,0.0,0,352.6,0.0,1,5.45,0.93,SPY200930P00295000,295.0,0,0.0,0.0,,0.0,normalDay
2020-09-02,-35.0,470.0,0.0,0,357.7,0.0,1,5.45,0.75,SPY200930P00295000,295.0,0,0.0,0.0,,0.0,normalDay
2020-09-03,-35.0,384.0,0.0,0,345.39,0.0,1,5.45,1.61,SPY200930P00295000,295.0,0,0.0,0.0,,0.0,normalDay
2020-09-04,-35.0,398.0,0.0,0,342.57,0.0,1,5.45,1.47,SPY200930P00295000,295.0,0,0.0,0.0,,0.0,normalDay
2020-09-08,-35.0,383.0,0.0,0,333.21,0.0,1,5.45,1.62,SPY200930P00295000,295.0,0,0.0,0.0,,0.0,normalDay
2020-09-09,-35.0,448.0,0.0,0,339.79,0.0,1,5.45,0.97,SPY200930P00295000,295.0,0,0.0,0.0,,0.0,normalDay
2020-09-10,-35.0,426.0,0.0,0,333.89,0.0,1,5.45,1.19,SPY200930P00295000,295.0,0,0.0,0.0,,0.0,normalDay
2020-09-11,-35.0,469.0,0.0,0,334.06,0.0,1,5.45,0.76,SPY200930P00295000,295.0,0,0.0,0.0,,0.0,normalDay
2020-09-14,-35.0,506.0,0.0,0,338.46,0.0,1,5.45,0.39,SPY200930P00295000,295.0,0,0.0,0.0,,0.0,normalDay
2020-09-15,-35.0,511.0,0.0,0,340.17,0.0,1,5.45,0.34,SPY200930P00295000,295.0,0,0.0,0.0,,0.0,normalDay
2020-09-16,-35.0,511.0,0.0,0,338.82,0.0,1,5.45,0.34,SPY200930P00295000,295.0,0,0.0,0.0,,0.0,normalDay
2020-09-17,-35.0,511.0,0.0,0,335.84,0.0,1,5.45,0.34,SPY200930P00295000,295.0,0,0.0,0.0,,0.0,normalDay
2020-09-18,-35.0,515.0,0.0,0,330.65,0.0,1,5.45,0.3,SPY200930P00295000,295.0,0,0.0,0.0,,0.0,normalDay
2020-09-21,-35.0,519.0,0.0,0,326.97,0.0,1,5.45,0.26,SPY200930P00295000,295.0,0,0.0,0.0,,0.0,normalDay
2020-09-22,-35.0,532.0,0.0,0,330.3,0.0,1,5.45,0.13,SPY200930P00295000,295.0,0,0.0,0.0,,0.0,normalDay
2020-09-23,-35.0,522.0,0.0,0,322.64,0.0,1,5.45,0.23,SPY200930P00295000,295.0,0,0.0,0.0,,0.0,normalDay
2020-09-24,-35.0,530.0,0.0,0,323.5,0.0,1,5.45,0.15,SPY200930P00295000,295.0,0,0.0,0.0,,0.0,normalDay
2020-09-25,-35.0,541.0,0.0,0,328.73,0.0,1,5.45,0.04,SPY200930P00295000,295.0,0,0.0,0.0,,0.0,normalDay
2020-09-28,-35.0,543.0,0.0,0,334.19,0.0,1,5.45,0.02,SPY200930P00295000,295.0,0,0.0,0.0,,0.0,normalDay
2020-09-29,-35.0,544.0,0.0,0,332.37,0.0,1,5.45,0.01,SPY200930P00295000,295.0,0,0.0,0.0,,0.0,normalDay
2020-09-30,510.0,0.0,545.0,0,334.89,0.0,1,5.45,0.0,SPY200930P00295000,295.0,0,0.0,0.0,,0.0,expirationDay
2020-10-01,510.0,-6.0,0.0,0,337.04,0.0,1,10.77,10.83,SPY201218P00317000,317.0,0,0.0,0.0,,0.0,normalDay
2020-10-02,510.0,-112.0,0.0,0,333.84,0.0,1,10.77,11.89,SPY201218P00317000,317.0,0,0.0,0.0,,0.0,normalDay
2020-10-05,510.0,102.0,0.0,0,339.76,0.0,1,10.77,9.75,SPY201218P00317000,317.0,0,0.0,0.0,,0.0,normalDay
2020-10-06,510.0,-7.0,0.0,0,334.93,0.0,1,10.77,10.84,SPY201218P00317000,317.0,0,0.0,0.0,,0.0,normalDay
2020-10-07,510.0,193.0,0.0,0,340.76,0.0,1,10.77,8.84,SPY201218P00317000,317.0,0,0.0,0.0,,0.0,normalDay
2020-10-08,510.0,322.0,0.0,0,343.78,0.0,1,10.77,7.55,SPY201218P00317000,317.0,0,0.0,0.0,,0.0,normalDay
2020-10-09,510.0,451.0,0.0,0,346.85,0.0,1,10.77,6.26,SPY201218P00317000,317.0,0,0.0,0.0,,0.0,normalDay
2020-10-12,510.0,555.0,0.0,0,352.43,0.0,1,10.77,5.22,SPY201218P00317000,317.0,0,0.0,0.0,,0.0,normalDay
2020-10-13,510.0,512.0,0.0,0,350.13,0.0,1,10.77,5.65,SPY201218P00317000,317.0,0,0.0,0.0,,0.0,normalDay
2020-10-14,510.0,488.0,0.0,0,347.93,0.0,1,10.77,5.89,SPY201218P00317000,317.0,0,0.0,0.0,,0.0,normalDay
2020-10-15,510.0,474.0,0.0,0,347.5,0.0,1,10.77,6.03,SPY201218P00317000,317.0,0,0.0,0.0,,0.0,normalDay
2020-10-16,510.0,448.0,0.0,0,347.29,0.0,1,10.77,6.29,SPY201218P00317000,317.0,0,0.0,0.0,,0.0,normalDay
2020-10-19,510.0,346.0,0.0,0,342.01,0.0,1,10.77,7.31,SPY201218P00317000,317.0,0,0.0,0.0,,0.0,normalDay
2020-10-20,510.0,364.0,0.0,0,343.38,0.0,1,10.77,7.13,SPY201218P00317000,317.0,0,0.0,0.0,,0.0,normalDay
2020-10-21,510.0,412.0,0.0,0,342.73,0.0,1,10.77,6.65,SPY201218P00317000,317.0,0,0.0,0.0,,0.0,normalDay
2020-10-22,510.0,454.0,0.0,0,344.61,0.0,1,10.77,6.23,SPY201218P00317000,317.0,0,0.0,0.0,,0.0,normalDay
2020-10-23,510.0,486.0,0.0,0,345.78,0.0,1,10.77,5.91,SPY201218P00317000,317.0,0,0.0,0.0,,0.0,normalDay
2020-10-26,510.0,275.0,0.0,0,339.39,0.0,1,10.77,8.02,SPY201218P00317000,317.0,0,0.0,0.0,,0.0,normalDay
2020-10-27,510.0,245.0,0.0,0,338.22,0.0,1,10.77,8.32,SPY201218P00317000,317.0,0,0.0,0.0,,0.0,normalDay
2020-10-28,510.0,-296.0,0.0,0,326.66,0.0,1,10.77,13.73,SPY201218P00317000,317.0,0,0.0,0.0,,0.0,normalDay
2020-10-29,510.0,-25.0,0.0,0,329.98,0.0,1,10.77,11.02,SPY201218P00317000,317.0,0,0.0,0.0,,0.0,normalDay
2020-10-30,510.0,-148.0,0.0,0,326.54,0.0,1,10.77,12.25,SPY201218P00317000,317.0,0,0.0,0.0,,0.0,normalDay
2020-11-02,510.0,46.0,0.0,0,330.2,0.0,1,10.77,10.31,SPY201218P00317000,317.0,0,0.0,0.0,,0.0,normalDay
2020-11-03,510.0,238.0,0.0,0,336.03,0.0,1,10.77,8.39,SPY201218P00317000,317.0,0,0.0,0.0,,0.0,normalDay
2020-11-04,510.0,551.0,0.0,0,343.54,0.0,1,10.77,5.26,SPY201218P00317000,317.0,0,0.0,0.0,,0.0,normalDay
2020-11-05,510.0,679.0,0.0,0,350.24,0.0,1,10.77,3.98,SPY201218P00317000,317.0,0,0.0,0.0,,0.0,normalDay
2020-11-06,510.0,754.0,0.0,0,350.16,0.0,1,10.77,3.23,SPY201218P00317000,317.0,0,0.0,0.0,,0.0,normalDay
2020-11-09,510.0,830.0,0.0,0,354.56,0.0,1,10.77,2.47,SPY201218P00317000,317.0,0,0.0,0.0,,0.0,normalDay
2020-11-10,510.0,849.0,0.0,0,354.04,0.0,1,10.77,2.28,SPY201218P00317000,317.0,0,0.0,0.0,,0.0,normalDay
2020-11-11,510.0,890.0,0.0,0,356.67,0.0,1,10.77,1.87,SPY201218P00317000,317.0,0,0.0,0.0,,0.0,normalDay
2020-11-12,510.0,838.0,0.0,0,353.21,0.0,1,10.77,2.39,SPY201218P00317000,317.0,0,0.0,0.0,,0.0,normalDay
2020-11-13,510.0,914.0,0.0,0,358.1,0.0,1,10.77,1.63,SPY201218P00317000,317.0,0,0.0,0.0,,0.0,normalDay
2020-11-16,510.0,960.0,0.0,0,362.57,0.0,1,10.77,1.17,SPY201218P00317000,317.0,0,0.0,0.0,,0.0,normalDay
2020-11-17,510.0,956.0,0.0,0,360.62,0.0,1,10.77,1.21,SPY201218P00317000,317.0,0,0.0,0.0,,0.0,normalDay
2020-11-18,510.0,932.0,0.0,0,356.28,0.0,1,10.77,1.45,SPY201218P00317000,317.0,0,0.0,0.0,,0.0,normalDay
2020-11-19,510.0,956.0,0.0,0,357.78,0.0,1,10.77,1.21,SPY201218P00317000,317.0,0,0.0,0.0,,0.0,normalDay
2020-11-20,510.0,946.0,0.0,0,355.33,0.0,1,10.77,1.31,SPY201218P00317000,317.0,0,0.0,0.0,,0.0,normalDay
2020-11-23,510.0,977.0,0.0,0,357.46,0.0,1,10.77,1.0,SPY201218P00317000,317.0,0,0.0,0.0,,0.0,normalDay
2020-11-24,510.0,1011.0,0.0,0,363.22,0.0,1,10.77,0.66,SPY201218P00317000,317.0,0,0.0,0.0,,0.0,normalDay
2020-11-25,510.0,1015.0,0.0,0,362.66,0.0,1,10.77,0.62,SPY201218P00317000,317.0,0,0.0,0.0,,0.0,normalDay
2020-11-27,510.0,1027.0,0.0,0,363.67,0.0,1,10.77,0.5,SPY201218P00317000,317.0,0,0.0,0.0,,0.0,normalDay
2020-11-30,510.0,1035.0,0.0,0,362.06,0.0,1,10.77,0.42,SPY201218P00317000,317.0,0,0.0,0.0,,0.0,normalDay
2020-12-01,510.0,1040.0,0.0,0,366.02,0.0,1,10.77,0.37,SPY201218P00317000,317.0,0,0.0,0.0,,0.0,normalDay
2020-12-02,510.0,1042.0,0.0,0,366.79,0.0,1,10.77,0.35,SPY201218P00317000,317.0,0,0.0,0.0,,0.0,normalDay
2020-12-03,510.0,1043.0,0.0,0,366.69,0.0,1,10.77,0.34,SPY201218P00317000,317.0,0,0.0,0.0,,0.0,normalDay
2020-12-04,510.0,1055.0,0.0,0,369.85,0.0,1,10.77,0.22,SPY201218P00317000,317.0,0,0.0,0.0,,0.0,normalDay
2020-12-07,510.0,1062.0,0.0,0,369.09,0.0,1,10.77,0.15,SPY201218P00317000,317.0,0,0.0,0.0,,0.0,normalDay
2020-12-08,510.0,1065.0,0.0,0,370.17,0.0,1,10.77,0.12,SPY201218P00317000,317.0,0,0.0,0.0,,0.0,normalDay
2020-12-09,510.0,1060.0,0.0,0,366.85,0.0,1,10.77,0.17,SPY201218P00317000,317.0,0,0.0,0.0,,0.0,normalDay
2020-12-10,510.0,1063.0,0.0,0,366.73,0.0,1,10.77,0.14,SPY201218P00317000,317.0,0,0.0,0.0,,0.0,normalDay
2020-12-11,510.0,1061.0,0.0,0,366.3,0.0,1,10.77,0.16,SPY201218P00317000,317.0,0,0.0,0.0,,0.0,normalDay
2020-12-14,510.0,1059.0,0.0,0,364.66,0.0,1,10.77,0.18,SPY201218P00317000,317.0,0,0.0,0.0,,0.0,normalDay
2020-12-15,510.0,1069.0,0.0,0,369.59,0.0,1,10.77,0.08,SPY201218P00317000,317.0,0,0.0,0.0,,0.0,normalDay
2020-12-16,510.0,1073.0,0.0,0,370.17,0.0,1,10.77,0.04,SPY201218P00317000,317.0,0,0.0,0.0,,0.0,normalDay
2020-12-17,510.0,1075.0,0.0,0,372.24,0.0,1,10.77,0.02,SPY201218P00317000,317.0,0,0.0,0.0,,0.0,normalDay
2020-12-18,1587.0,0.0,1077.0,0,369.18,0.0,1,10.77,0.0,SPY201218P00317000,317.0,0,0.0,0.0,,0.0,expirationDay
2020-12-21,1587.0,-6.0,0.0,0,367.86,0.0,1,8.47,8.53,SPY210219P00356000,356.0,0,0.0,0.0,,0.0,normalDay
2020-12-22,1587.0,11.0,0.0,0,367.24,0.0,1,8.47,8.36,SPY210219P00356000,356.0,0,0.0,0.0,,0.0,normalDay
2020-12-23,1587.0,72.0,0.0,0,367.57,0.0,1,8.47,7.75,SPY210219P00356000,356.0,0,0.0,0.0,,0.0,normalDay
2020-12-24,1587.0,167.0,0.0,0,369.0,0.0,1,8.47,6.8,SPY210219P00356000,356.0,0,0.0,0.0,,0.0,normalDay
2020-12-28,1587.0,281.0,0.0,0,372.17,0.0,1,8.47,5.66,SPY210219P00356000,356.0,0,0.0,0.0,,0.0,normalDay
2020-12-29,1587.0,217.0,0.0,0,371.46,0.0,1,8.47,6.3,SPY210219P00356000,356.0,0,0.0,0.0,,0.0,normalDay
2020-12-30,1587.0,262.0,0.0,0,371.99,0.0,1,8.47,5.85,SPY210219P00356000,356.0,0,0.0,0.0,,0.0,normalDay
2020-12-31,1587.0,316.0,0.0,0,373.88,0.0,1,8.47,5.31,SPY210219P00356000,356.0,0,0.0,0.0,,0.0,normalDay
2021-01-04,1587.0,136.0,0.0,0,368.79,0.0,1,8.47,7.11,SPY210219P00356000,356.0,0,0.0,0.0,,0.0,normalDay
2021-01-05,1587.0,239.0,0.0,0,371.33,0.0,1,8.47,6.08,SPY210219P00356000,356.0,0,0.0,0.0,,0.0,normalDay
2021-01-06,1587.0,284.0,0.0,0,373.55,0.0,1,8.47,5.63,SPY210219P00356000,356.0,0,0.0,0.0,,0.0,normalDay
2021-01-07,1587.0,467.0,0.0,0,379.1,0.0,1,8.47,3.8,SPY210219P00356000,356.0,0,0.0,0.0,,0.0,normalDay
2021-01-08,1587.0,516.0,0.0,0,381.26,0.0,1,8.47,3.31,SPY210219P00356000,356.0,0,0.0,0.0,,0.0,normalDay
2021-01-11,1587.0,443.0,0.0,0,378.69,0.0,1,8.47,4.04,SPY210219P00356000,356.0,0,0.0,0.0,,0.0,normalDay
2021-01-12,1587.0,471.0,0.0,0,378.77,0.0,1,8.47,3.76,SPY210219P00356000,356.0,0,0.0,0.0,,0.0,normalDay
2021-01-13,1587.0,528.0,0.0,0,379.79,0.0,1,8.47,3.19,SPY210219P00356000,356.0,0,0.0,0.0,,0.0,normalDay
2021-01-14,1587.0,496.0,0.0,0,378.46,0.0,1,8.47,3.51,SPY210219P00356000,356.0,0,0.0,0.0,,0.0,normalDay
2021-01-15,1587.0,422.0,0.0,0,375.7,0.0,1,8.47,4.25,SPY210219P00356000,356.0,0,0.0,0.0,,0.0,normalDay
2021-01-19,1587.0,535.0,0.0,0,378.65,0.0,1,8.47,3.12,SPY210219P00356000,356.0,0,0.0,0.0,,0.0,normalDay
2021-01-20,1587.0,633.0,0.0,0,383.89,0.0,1,8.47,2.14,SPY210219P00356000,356.0,0,0.0,0.0,,0.0,normalDay
2021-01-21,1587.0,650.0,0.0,0,384.24,0.0,1,8.47,1.97,SPY210219P00356000,356.0,0,0.0,0.0,,0.0,normalDay
2021-01-22,1587.0,641.0,0.0,0,382.88,0.0,1,8.47,2.06,SPY210219P00356000,356.0,0,0.0,0.0,,0.0,normalDay
2021-01-25,1587.0,659.0,0.0,0,384.39,0.0,1,8.47,1.88,SPY210219P00356000,356.0,0,0.0,0.0,,0.0,normalDay
2021-01-26,1587.0,673.0,0.0,0,383.79,0.0,1,8.47,1.74,SPY210219P00356000,356.0,0,0.0,0.0,,0.0,normalDay
2021-01-27,1587.0,341.0,0.0,0,374.41,0.0,1,8.47,5.06,SPY210219P00356000,356.0,0,0.0,0.0,,0.0,normalDay
2021-01-28,1587.0,495.0,0.0,0,377.63,0.0,1,8.47,3.52,SPY210219P00356000,356.0,0,0.0,0.0,,0.0,normalDay
2021-01-29,1587.0,241.0,0.0,0,370.07,0.0,1,8.47,6.06,SPY210219P00356000,356.0,0,0.0,0.0,,0.0,normalDay
2021-02-01,1587.0,526.0,0.0,0,376.23,0.0,1,8.47,3.21,SPY210219P00356000,356.0,0,0.0,0.0,,0.0,normalDay
2021-02-02,1587.0,698.0,0.0,0,381.55,0.0,1,8.47,1.49,SPY210219P00356000,356.0,0,0.0,0.0,,0.0,normalDay
2021-02-03,1587.0,744.0,0.0,0,381.85,0.0,1,8.47,1.03,SPY210219P00356000,356.0,0,0.0,0.0,,0.0,normalDay
2021-02-04,1587.0,786.0,0.0,0,386.19,0.0,1,8.47,0.61,SPY210219P00356000,356.0,0,0.0,0.0,,0.0,normalDay
2021-02-05,1587.0,810.0,0.0,0,387.71,0.0,1,8.47,0.37,SPY210219P00356000,356.0,0,0.0,0.0,,0.0,normalDay
2021-02-08,1587.0,825.0,0.0,0,390.51,0.0,1,8.47,0.22,SPY210219P00356000,356.0,0,0.0,0.0,,0.0,normalDay
2021-02-09,1587.0,825.0,0.0,0,390.25,0.0,1,8.47,0.22,SPY210219P00356000,356.0,0,0.0,0.0,,0.0,normalDay
2021-02-10,1587.0,824.0,0.0,0,390.08,0.0,1,8.47,0.23,SPY210219P00356000,356.0,0,0.0,0.0,,0.0,normalDay
2021-02-11,1587.0,832.0,0.0,0,390.71,0.0,1,8.47,0.15,SPY210219P00356000,356.0,0,0.0,0.0,,0.0,normalDay
2021-02-12,1587.0,839.0,0.0,0,392.64,0.0,1,8.47,0.08,SPY210219P00356000,356.0,0,0.0,0.0,,0.0,normalDay
2021-02-16,1587.0,839.0,0.0,0,392.3,0.0,1,8.47,0.08,SPY210219P00356000,356.0,0,0.0,0.0,,0.0,normalDay
2021-02-17,1587.0,843.0,0.0,0,392.39,0.0,1,8.47,0.04,SPY210219P00356000,356.0,0,0.0,0.0,,0.0,normalDay
2021-02-18,1587.0,845.0,0.0,0,390.72,0.0,1,8.47,0.02,SPY210219P00356000,356.0,0,0.0,0.0,,0.0,normalDay
2021-02-19,2434.0,0.0,847.0,0,390.03,0.0,1,8.47,0.0,SPY210219P00356000,356.0,0,0.0,0.0,,0.0,expirationDay
2021-02-22,2434.0,-5.0,0.0,0,387.03,0.0,1,6.23,6.28,SPY210416P00366000,366.0,0,0.0,0.0,,0.0,normalDay
2021-02-23,2434.0,38.0,0.0,0,387.5,0.0,1,6.23,5.85,SPY210416P00366000,366.0,0,0.0,0.0,,0.0,normalDay
2021-02-24,2434.0,168.0,0.0,0,391.77,0.0,1,6.23,4.55,SPY210416P00366000,366.0,0,0.0,0.0,,0.0,normalDay
2021-02-25,2434.0,-179.0,0.0,0,382.33,0.0,1,6.23,8.02,SPY210416P00366000,366.0,0,0.0,0.0,,0.0,normalDay
2021-02-26,2434.0,-185.0,0.0,0,380.36,0.0,1,6.23,8.08,SPY210416P00366000,366.0,0,0.0,0.0,,0.0,normalDay
2021-03-01,2434.0,141.0,0.0,0,389.58,0.0,1,6.23,4.82,SPY210416P00366000,366.0,0,0.0,0.0,,0.0,normalDay
2021-03-02,2434.0,67.0,0.0,0,386.54,0.0,1,6.23,5.56,SPY210416P00366000,366.0,0,0.0,0.0,,0.0,normalDay
2021-03-03,2434.0,-73.0,0.0,0,381.42,0.0,1,6.23,6.96,SPY210416P00366000,366.0,0,0.0,0.0,,0.0,normalDay
2021-03-04,2434.0,-232.0,0.0,0,376.7,0.0,1,6.23,8.55,SPY210416P00366000,366.0,0,0.0,0.0,,0.0,normalDay
2021-03-05,2434.0,42.0,0.0,0,383.63,0.0,1,6.23,5.81,SPY210416P00366000,366.0,0,0.0,0.0,,0.0,normalDay
2021-03-08,2434.0,13.0,0.0,0,381.72,0.0,1,6.23,6.1,SPY210416P00366000,366.0,0,0.0,0.0,,0.0,normalDay
2021-03-09,2434.0,170.0,0.0,0,387.17,0.0,1,6.23,4.53,SPY210416P00366000,366.0,0,0.0,0.0,,0.0,normalDay
2021-03-10,2434.0,258.0,0.0,0,389.58,0.0,1,6.23,3.65,SPY210416P00366000,366.0,0,0.0,0.0,,0.0,normalDay
2021-03-11,2434.0,325.0,0.0,0,393.53,0.0,1,6.23,2.98,SPY210416P00366000,366.0,0,0.0,0.0,,0.0,normalDay
2021-03-12,2434.0,377.0,0.0,0,394.06,0.0,1,6.23,2.46,SPY210416P00366000,366.0,0,0.0,0.0,,0.0,normalDay
2021-03-15,2434.0,434.0,0.0,0,396.41,0.0,1,6.23,1.89,SPY210416P00366000,366.0,0,0.0,0.0,,0.0,normalDay
2021-03-16,2434.0,436.0,0.0,0,395.91,0.0,1,6.23,1.87,SPY210416P00366000,366.0,0,0.0,0.0,,0.0,normalDay
2021-03-17,2434.0,468.0,0.0,0,397.26,0.0,1,6.23,1.55,SPY210416P00366000,366.0,0,0.0,0.0,,0.0,normalDay
2021-03-18,2434.0,403.0,0.0,0,391.48,0.0,1,6.23,2.2,SPY210416P00366000,366.0,0,0.0,0.0,,0.0,normalDay
2021-03-19,2434.0,400.0,0.0,0,389.48,0.0,1,6.23,2.23,SPY210416P00366000,366.0,0,0.0,0.0,,0.0,normalDay
2021-03-22,2434.0,491.0,0.0,0,392.59,0.0,1,6.23,1.32,SPY210416P00366000,366.0,0,0.0,0.0,,0.0,normalDay
2021-03-23,2434.0,447.0,0.0,0,389.5,0.0,1,6.23,1.76,SPY210416P00366000,366.0,0,0.0,0.0,,0.0,normalDay
2021-03-24,2434.0,425.0,0.0,0,387.52,0.0,1,6.23,1.98,SPY210416P00366000,366.0,0,0.0,0.0,,0.0,normalDay
2021-03-25,2434.0,477.0,0.0,0,389.7,0.0,1,6.23,1.46,SPY210416P00366000,366.0,0,0.0,0.0,,0.0,normalDay
2021-03-26,2434.0,529.0,0.0,0,395.98,0.0,1,6.23,0.94,SPY210416P00366000,366.0,0,0.0,0.0,,0.0,normalDay
2021-03-29,2434.0,521.0,0.0,0,395.78,0.0,1,6.23,1.02,SPY210416P00366000,366.0,0,0.0,0.0,,0.0,normalDay
2021-03-30,2434.0,542.0,0.0,0,394.73,0.0,1,6.23,0.81,SPY210416P00366000,366.0,0,0.0,0.0,,0.0,normalDay
2021-03-31,2434.0,565.0,0.0,0,396.33,0.0,1,6.23,0.58,SPY210416P00366000,366.0,0,0.0,0.0,,0.0,normalDay
2021-04-01,2434.0,596.0,0.0,0,400.61,0.0,1,6.23,0.27,SPY210416P00366000,366.0,0,0.0,0.0,,0.0,normalDay
2021-04-05,2434.0,606.0,0.0,0,406.36,0.0,1,6.23,0.17,SPY210416P00366000,366.0,0,0.0,0.0,,0.0,normalDay
2021-04-06,2434.0,607.0,0.0,0,406.12,0.0,1,6.23,0.16,SPY210416P00366000,366.0,0,0.0,0.0,,0.0,normalDay
2021-04-07,2434.0,614.0,0.0,0,406.59,0.0,1,6.23,0.09,SPY210416P00366000,366.0,0,0.0,0.0,,0.0,normalDay
2021-04-08,2434.0,616.0,0.0,0,408.52,0.0,1,6.23,0.07,SPY210416P00366000,366.0,0,0.0,0.0,,0.0,normalDay
2021-04-09,2434.0,619.0,0.0,0,411.49,0.0,1,6.23,0.04,SPY210416P00366000,366.0,0,0.0,0.0,,0.0,normalDay
2021-04-12,2434.0,621.0,0.0,0,411.64,0.0,1,6.23,0.02,SPY210416P00366000,366.0,0,0.0,0.0,,0.0,normalDay
2021-04-13,2434.0,621.0,0.0,0,412.86,0.0,1,6.23,0.02,SPY210416P00366000,366.0,0,0.0,0.0,,0.0,normalDay
2021-04-14,2434.0,621.0,0.0,0,411.45,0.0,1,6.23,0.02,SPY210416P00366000,366.0,0,0.0,0.0,,0.0,normalDay
2021-04-15,2434.0,622.0,0.0,0,415.87,0.0,1,6.23,0.01,SPY210416P00366000,366.0,0,0.0,0.0,,0.0,normalDay
2021-04-16,3057.0,0.0,623.0,0,417.26,0.0,1,6.23,0.0,SPY210416P00366000,366.0,0,0.0,0.0,,0.0,expirationDay
2021-04-19,3057.0,-4.0,0.0,0,415.21,0.0,1,3.6,3.64,SPY210630P00375000,375.0,0,0.0,0.0,,0.0,normalDay
2021-04-20,3057.0,-69.0,0.0,0,412.17,0.0,1,3.6,4.29,SPY210630P00375000,375.0,0,0.0,0.0,,0.0,normalDay
2021-04-21,3057.0,13.0,0.0,0,416.07,0.0,1,3.6,3.47,SPY210630P00375000,375.0,0,0.0,0.0,,0.0,normalDay
2021-04-22,3057.0,-64.0,0.0,0,412.27,0.0,1,3.6,4.24,SPY210630P00375000,375.0,0,0.0,0.0,,0.0,normalDay
2021-04-23,3057.0,30.0,0.0,0,416.74,0.0,1,3.6,3.3,SPY210630P00375000,375.0,0,0.0,0.0,,0.0,normalDay
2021-04-26,3057.0,54.0,0.0,0,417.61,0.0,1,3.6,3.06,SPY210630P00375000,375.0,0,0.0,0.0,,0.0,normalDay
2021-04-27,3057.0,62.0,0.0,0,417.52,0.0,1,3.6,2.98,SPY210630P00375000,375.0,0,0.0,0.0,,0.0,normalDay
2021-04-28,3057.0,81.0,0.0,0,417.4,0.0,1,3.6,2.79,SPY210630P00375000,375.0,0,0.0,0.0,,0.0,normalDay
2021-04-29,3057.0,92.0,0.0,0,420.06,0.0,1,3.6,2.68,SPY210630P00375000,375.0,0,0.0,0.0,,0.0,normalDay
2021-04-30,3057.0,58.0,0.0,0,417.3,0.0,1,3.6,3.02,SPY210630P00375000,375.0,0,0.0,0.0,,0.0,normalDay
2021-05-03,3057.0,88.0,0.0,0,418.2,0.0,1,3.6,2.72,SPY210630P00375000,375.0,0,0.0,0.0,,0.0,normalDay
2021-05-04,3057.0,44.0,0.0,0,415.62,0.0,1,3.6,3.16,SPY210630P00375000,375.0,0,0.0,0.0,,0.0,normalDay
2021-05-05,3057.0,59.0,0.0,0,415.75,0.0,1,3.6,3.01,SPY210630P00375000,375.0,0,0.0,0.0,,0.0,normalDay
2021-05-06,3057.0,109.0,0.0,0,419.07,0.0,1,3.6,2.51,SPY210630P00375000,375.0,0,0.0,0.0,,0.0,normalDay
2021-05-07,3057.0,160.0,0.0,0,422.12,0.0,1,3.6,2.0,SPY210630P00375000,375.0,0,0.0,0.0,,0.0,normalDay
2021-05-10,3057.0,103.0,0.0,0,417.94,0.0,1,3.6,2.57,SPY210630P00375000,375.0,0,0.0,0.0,,0.0,normalDay
2021-05-11,3057.0,38.0,0.0,0,414.21,0.0,1,3.6,3.22,SPY210630P00375000,375.0,0,0.0,0.0,,0.0,normalDay
2021-05-12,3057.0,-209.0,0.0,0,405.41,0.0,1,3.6,5.69,SPY210630P00375000,375.0,0,0.0,0.0,,0.0,normalDay
2021-05-13,3057.0,-30.0,0.0,0,410.28,0.0,1,3.6,3.9,SPY210630P00375000,375.0,0,0.0,0.0,,0.0,normalDay
2021-05-14,3057.0,136.0,0.0,0,416.58,0.0,1,3.6,2.24,SPY210630P00375000,375.0,0,0.0,0.0,,0.0,normalDay
2021-05-17,3057.0,123.0,0.0,0,415.52,0.0,1,3.6,2.37,SPY210630P00375000,375.0,0,0.0,0.0,,0.0,normalDay
2021-05-18,3057.0,70.0,0.0,0,411.94,0.0,1,3.6,2.9,SPY210630P00375000,375.0,0,0.0,0.0,,0.0,normalDay
2021-05-19,3057.0,51.0,0.0,0,410.86,0.0,1,3.6,3.09,SPY210630P00375000,375.0,0,0.0,0.0,,0.0,normalDay
2021-05-20,3057.0,125.0,0.0,0,415.28,0.0,1,3.6,2.35,SPY210630P00375000,375.0,0,0.0,0.0,,0.0,normalDay
2021-05-21,3057.0,141.0,0.0,0,414.94,0.0,1,3.6,2.19,SPY210630P00375000,375.0,0,0.0,0.0,,0.0,normalDay
2021-05-24,3057.0,214.0,0.0,0,419.17,0.0,1,3.6,1.46,SPY210630P00375000,375.0,0,0.0,0.0,,0.0,normalDay
2021-05-25,3057.0,213.0,0.0,0,418.24,0.0,1,3.6,1.47,SPY210630P00375000,375.0,0,0.0,0.0,,0.0,normalDay
2021-05-26,3057.0,248.0,0.0,0,419.07,0.0,1,3.6,1.12,SPY210630P00375000,375.0,0,0.0,0.0,,0.0,normalDay
2021-05-27,3057.0,265.0,0.0,0,419.29,0.0,1,3.6,0.95,SPY210630P00375000,375.0,0,0.0,0.0,,0.0,normalDay
2021-05-28,3057.0,267.0,0.0,0,420.04,0.0,1,3.6,0.93,SPY210630P00375000,375.0,0,0.0,0.0,,0.0,normalDay
2021-06-01,3057.0,268.0,0.0,0,419.67,0.0,1,3.6,0.92,SPY210630P00375000,375.0,0,0.0,0.0,,0.0,normalDay
2021-06-02,3057.0,280.0,0.0,0,420.33,0.0,1,3.6,0.8,SPY210630P00375000,375.0,0,0.0,0.0,,0.0,normalDay
2021-06-03,3057.0,274.0,0.0,0,418.77,0.0,1,3.6,0.86,SPY210630P00375000,375.0,0,0.0,0.0,,0.0,normalDay
2021-06-04,3057.0,301.0,0.0,0,422.6,0.0,1,3.6,0.59,SPY210630P00375000,375.0,0,0.0,0.0,,0.0,normalDay
2021-06-07,3057.0,311.0,0.0,0,422.19,0.0,1,3.6,0.49,SPY210630P00375000,375.0,0,0.0,0.0,,0.0,normalDay
2021-06-08,3057.0,307.0,0.0,0,422.28,0.0,1,3.6,0.53,SPY210630P00375000,375.0,0,0.0,0.0,,0.0,normalDay
2021-06-09,3057.0,300.0,0.0,0,421.65,0.0,1,3.6,0.6,SPY210630P00375000,375.0,0,0.0,0.0,,0.0,normalDay
2021-06-10,3057.0,320.0,0.0,0,423.61,0.0,1,3.6,0.4,SPY210630P00375000,375.0,0,0.0,0.0,,0.0,normalDay
2021-06-11,3057.0,325.0,0.0,0,424.31,0.0,1,3.6,0.35,SPY210630P00375000,375.0,0,0.0,0.0,,0.0,normalDay
2021-06-14,3057.0,331.0,0.0,0,425.26,0.0,1,3.6,0.29,SPY210630P00375000,375.0,0,0.0,0.0,,0.0,normalDay
2021-06-15,3057.0,329.0,0.0,0,424.48,0.0,1,3.6,0.31,SPY210630P00375000,375.0,0,0.0,0.0,,0.0,normalDay
2021-06-16,3057.0,324.0,0.0,0,422.11,0.0,1,3.6,0.36,SPY210630P00375000,375.0,0,0.0,0.0,,0.0,normalDay
2021-06-17,3057.0,330.0,0.0,0,421.97,0.0,1,3.6,0.3,SPY210630P00375000,375.0,0,0.0,0.0,,0.0,normalDay
2021-06-18,3057.0,310.0,0.0,0,414.92,0.0,1,3.6,0.5,SPY210630P00375000,375.0,0,0.0,0.0,,0.0,normalDay
2021-06-21,3057.0,341.0,0.0,0,420.86,0.0,1,3.6,0.19,SPY210630P00375000,375.0,0,0.0,0.0,,0.0,normalDay
2021-06-22,3057.0,349.0,0.0,0,423.11,0.0,1,3.6,0.11,SPY210630P00375000,375.0,0,0.0,0.0,,0.0,normalDay
2021-06-23,3057.0,354.0,0.0,0,422.6,0.0,1,3.6,0.06,SPY210630P00375000,375.0,0,0.0,0.0,,0.0,normalDay
2021-06-24,3057.0,355.0,0.0,0,425.1,0.0,1,3.6,0.05,SPY210630P00375000,375.0,0,0.0,0.0,,0.0,normalDay
2021-06-25,3057.0,356.0,0.0,0,426.61,0.0,1,3.6,0.04,SPY210630P00375000,375.0,0,0.0,0.0,,0.0,normalDay
2021-06-28,3057.0,358.0,0.0,0,427.47,0.0,1,3.6,0.02,SPY210630P00375000,375.0,0,0.0,0.0,,0.0,normalDay
2021-06-29,3057.0,359.0,0.0,0,427.7,0.0,1,3.6,0.01,SPY210630P00375000,375.0,0,0.0,0.0,,0.0,normalDay
2021-06-30,3417.0,0.0,360.0,0,428.06,0.0,1,3.6,0.0,SPY210630P00375000,375.0,0,0.0,0.0,,0.0,expirationDay
2021-07-01,3417.0,-4.0,0.0,0,430.43,0.0,1,6.73,6.77,SPY210917P00414000,414.0,0,0.0,0.0,,0.0,normalDay
2021-07-02,3417.0,69.0,0.0,0,433.72,0.0,1,6.73,6.04,SPY210917P00414000,414.0,0,0.0,0.0,,0.0,normalDay
2021-07-06,3417.0,37.0,0.0,0,432.93,0.0,1,6.73,6.36,SPY210917P00414000,414.0,0,0.0,0.0,,0.0,normalDay
2021-07-07,3417.0,62.0,0.0,0,434.46,0.0,1,6.73,6.11,SPY210917P00414000,414.0,0,0.0,0.0,,0.0,normalDay
2021-07-08,3417.0,-77.0,0.0,0,430.92,0.0,1,6.73,7.5,SPY210917P00414000,414.0,0,0.0,0.0,,0.0,normalDay
2021-07-09,3417.0,103.0,0.0,0,435.52,0.0,1,6.73,5.7,SPY210917P00414000,414.0,0,0.0,0.0,,0.0,normalDay
2021-07-12,3417.0,146.0,0.0,0,437.08,0.0,1,6.73,5.27,SPY210917P00414000,414.0,0,0.0,0.0,,0.0,normalDay
2021-07-13,3417.0,84.0,0.0,0,435.59,0.0,1,6.73,5.89,SPY210917P00414000,414.0,0,0.0,0.0,,0.0,normalDay
2021-07-14,3417.0,128.0,0.0,0,436.24,0.0,1,6.73,5.45,SPY210917P00414000,414.0,0,0.0,0.0,,0.0,normalDay
2021-07-15,3417.0,80.0,0.0,0,434.75,0.0,1,6.73,5.93,SPY210917P00414000,414.0,0,0.0,0.0,,0.0,normalDay
2021-07-16,3417.0,-18.0,0.0,0,431.34,0.0,1,6.73,6.91,SPY210917P00414000,414.0,0,0.0,0.0,,0.0,normalDay
2021-07-19,3417.0,-274.0,0.0,0,424.97,0.0,1,6.73,9.47,SPY210917P00414000,414.0,0,0.0,0.0,,0.0,normalDay
2021-07-20,3417.0,-28.0,0.0,0,431.06,0.0,1,6.73,7.01,SPY210917P00414000,414.0,0,0.0,0.0,,0.0,normalDay
2021-07-21,3417.0,117.0,0.0,0,434.55,0.0,1,6.73,5.56,SPY210917P00414000,414.0,0,0.0,0.0,,0.0,normalDay
2021-07-22,3417.0,139.0,0.0,0,435.46,0.0,1,6.73,5.34,SPY210917P00414000,414.0,0,0.0,0.0,,0.0,normalDay
2021-07-23,3417.0,224.0,0.0,0,439.94,0.0,1,6.73,4.49,SPY210917P00414000,414.0,0,0.0,0.0,,0.0,normalDay
2021-07-26,3417.0,262.0,0.0,0,441.02,0.0,1,6.73,4.11,SPY210917P00414000,414.0,0,0.0,0.0,,0.0,normalDay
2021-07-27,3417.0,183.0,0.0,0,439.01,0.0,1,6.73,4.9,SPY210917P00414000,414.0,0,0.0,0.0,,0.0,normalDay
2021-07-28,3417.0,221.0,0.0,0,438.83,0.0,1,6.73,4.52,SPY210917P00414000,414.0,0,0.0,0.0,,0.0,normalDay
2021-07-29,3417.0,285.0,0.0,0,440.65,0.0,1,6.73,3.88,SPY210917P00414000,414.0,0,0.0,0.0,,0.0,normalDay
2021-07-30,3417.0,258.0,0.0,0,438.51,0.0,1,6.73,4.15,SPY210917P00414000,414.0,0,0.0,0.0,,0.0,normalDay
2021-08-02,3417.0,223.0,0.0,0,437.59,0.0,1,6.73,4.5,SPY210917P00414000,414.0,0,0.0,0.0,,0.0,normalDay
2021-08-03,3417.0,319.0,0.0,0,441.15,0.0,1,6.73,3.54,SPY210917P00414000,414.0,0,0.0,0.0,,0.0,normalDay
2021-08-04,3417.0,304.0,0.0,0,438.98,0.0,1,6.73,3.69,SPY210917P00414000,414.0,0,0.0,0.0,,0.0,normalDay
2021-08-05,3417.0,361.0,0.0,0,441.76,0.0,1,6.73,3.12,SPY210917P00414000,414.0,0,0.0,0.0,,0.0,normalDay
2021-08-06,3417.0,404.0,0.0,0,442.49,0.0,1,6.73,2.69,SPY210917P00414000,414.0,0,0.0,0.0,,0.0,normalDay
2021-08-09,3417.0,413.0,0.0,0,442.13,0.0,1,6.73,2.6,SPY210917P00414000,414.0,0,0.0,0.0,,0.0,normalDay
2021-08-10,3417.0,420.0,0.0,0,442.68,0.0,1,6.73,2.53,SPY210917P00414000,414.0,0,0.0,0.0,,0.0,normalDay
2021-08-11,3417.0,452.0,0.0,0,443.78,0.0,1,6.73,2.21,SPY210917P00414000,414.0,0,0.0,0.0,,0.0,normalDay
2021-08-12,3417.0,480.0,0.0,0,445.11,0.0,1,6.73,1.93,SPY210917P00414000,414.0,0,0.0,0.0,,0.0,normalDay
2021-08-13,3417.0,498.0,0.0,0,445.92,0.0,1,6.73,1.75,SPY210917P00414000,414.0,0,0.0,0.0,,0.0,normalDay
2021-08-16,3417.0,511.0,0.0,0,446.97,0.0,1,6.73,1.62,SPY210917P00414000,414.0,0,0.0,0.0,,0.0,normalDay
2021-08-17,3417.0,454.0,0.0,0,444.04,0.0,1,6.73,2.19,SPY210917P00414000,414.0,0,0.0,0.0,,0.0,normalDay
2021-08-18,3417.0,336.0,0.0,0,439.18,0.0,1,6.73,3.37,SPY210917P00414000,414.0,0,0.0,0.0,,0.0,normalDay
2021-08-19,3417.0,348.0,0.0,0,439.86,0.0,1,6.73,3.25,SPY210917P00414000,414.0,0,0.0,0.0,,0.0,normalDay
2021-08-20,3417.0,468.0,0.0,0,443.36,0.0,1,6.73,2.05,SPY210917P00414000,414.0,0,0.0,0.0,,0.0,normalDay
2021-08-23,3417.0,551.0,0.0,0,447.26,0.0,1,6.73,1.22,SPY210917P00414000,414.0,0,0.0,0.0,,0.0,normalDay
2021-08-24,3417.0,559.0,0.0,0,447.97,0.0,1,6.73,1.14,SPY210917P00414000,414.0,0,0.0,0.0,,0.0,normalDay
2021-08-25,3417.0,577.0,0.0,0,448.91,0.0,1,6.73,0.96,SPY210917P00414000,414.0,0,0.0,0.0,,0.0,normalDay
2021-08-26,3417.0,538.0,0.0,0,446.26,0.0,1,6.73,1.35,SPY210917P00414000,414.0,0,0.0,0.0,,0.0,normalDay
2021-08-27,3417.0,597.0,0.0,0,450.25,0.0,1,6.73,0.76,SPY210917P00414000,414.0,0,0.0,0.0,,0.0,normalDay
2021-08-30,3417.0,620.0,0.0,0,452.23,0.0,1,6.73,0.53,SPY210917P00414000,414.0,0,0.0,0.0,,0.0,normalDay
2021-08-31,3417.0,616.0,0.0,0,451.56,0.0,1,6.73,0.57,SPY210917P00414000,414.0,0,0.0,0.0,,0.0,normalDay
2021-09-01,3417.0,627.0,0.0,0,451.8,0.0,1,6.73,0.46,SPY210917P00414000,414.0,0,0.0,0.0,,0.0,normalDay
2021-09-02,3417.0,626.0,0.0,0,453.19,0.0,1,6.73,0.47,SPY210917P00414000,414.0,0,0.0,0.0,,0.0,normalDay
2021-09-03,3417.0,633.0,0.0,0,453.08,0.0,1,6.73,0.4,SPY210917P00414000,414.0,0,0.0,0.0,,0.0,normalDay
2021-09-07,3417.0,637.0,0.0,0,451.46,0.0,1,6.73,0.36,SPY210917P00414000,414.0,0,0.0,0.0,,0.0,normalDay
2021-09-08,3417.0,644.0,0.0,0,450.91,0.0,1,6.73,0.29,SPY210917P00414000,414.0,0,0.0,0.0,,0.0,normalDay
2021-09-09,3417.0,640.0,0.0,0,448.98,0.0,1,6.73,0.33,SPY210917P00414000,414.0,0,0.0,0.0,,0.0,normalDay
2021-09-10,3417.0,604.0,0.0,0,445.44,0.0,1,6.73,0.69,SPY210917P00414000,414.0,0,0.0,0.0,,0.0,normalDay
2021-09-13,3417.0,644.0,0.0,0,446.58,0.0,1,6.73,0.29,SPY210917P00414000,414.0,0,0.0,0.0,,0.0,normalDay
2021-09-14,3417.0,655.0,0.0,0,444.17,0.0,1,6.73,0.18,SPY210917P00414000,414.0,0,0.0,0.0,,0.0,normalDay
2021-09-15,3417.0,665.0,0.0,0,447.88,0.0,1,6.73,0.08,SPY210917P00414000,414.0,0,0.0,0.0,,0.0,normalDay
2021-09-16,3417.0,669.0,0.0,0,447.17,0.0,1,6.73,0.04,SPY210917P00414000,414.0,0,0.0,0.0,,0.0,normalDay
2021-09-17,4090.0,0.0,673.0,0,441.4,0.0,1,6.73,0.0,SPY210917P00414000,414.0,0,0.0,0.0,,0.0,expirationDay
2021-09-20,4090.0,-7.0,0.0,0,434.04,0.0,1,14.15,14.22,SPY211119P00435000,435.0,0,0.0,0.0,,0.0,normalDay
2021-09-21,4090.0,21.0,0.0,0,433.63,0.0,1,14.15,13.94,SPY211119P00435000,435.0,0,0.0,0.0,,0.0,normalDay
2021-09-22,4090.0,320.0,0.0,0,437.86,0.0,1,14.15,10.95,SPY211119P00435000,435.0,0,0.0,0.0,,0.0,normalDay
2021-09-23,4090.0,581.0,0.0,0,443.18,0.0,1,14.15,8.34,SPY211119P00435000,435.0,0,0.0,0.0,,0.0,normalDay
2021-09-24,4090.0,646.0,0.0,0,443.91,0.0,1,14.15,7.69,SPY211119P00435000,435.0,0,0.0,0.0,,0.0,normalDay
2021-09-27,4090.0,602.0,0.0,0,442.64,0.0,1,14.15,8.13,SPY211119P00435000,435.0,0,0.0,0.0,,0.0,normalDay
2021-09-28,4090.0,172.0,0.0,0,433.72,0.0,1,14.15,12.43,SPY211119P00435000,435.0,0,0.0,0.0,,0.0,normalDay
2021-09-29,4090.0,222.0,0.0,0,434.45,0.0,1,14.15,11.93,SPY211119P00435000,435.0,0,0.0,0.0,,0.0,normalDay
2021-09-30,4090.0,-16.0,0.0,0,429.14,0.0,1,14.15,14.31,SPY211119P00435000,435.0,0,0.0,0.0,,0.0,normalDay
2021-10-01,4090.0,280.0,0.0,0,434.24,0.0,1,14.15,11.35,SPY211119P00435000,435.0,0,0.0,0.0,,0.0,normalDay
2021-10-04,4090.0,-6.0,0.0,0,428.64,0.0,1,14.15,14.21,SPY211119P00435000,435.0,0,0.0,0.0,,0.0,normalDay
2021-10-05,4090.0,263.0,0.0,0,433.1,0.0,1,14.15,11.52,SPY211119P00435000,435.0,0,0.0,0.0,,0.0,normalDay
2021-10-06,4090.0,346.0,0.0,0,434.9,0.0,1,14.15,10.69,SPY211119P00435000,435.0,0,0.0,0.0,,0.0,normalDay
2021-10-07,4090.0,569.0,0.0,0,438.66,0.0,1,14.15,8.46,SPY211119P00435000,435.0,0,0.0,0.0,,0.0,normalDay
2021-10-08,4090.0,547.0,0.0,0,437.86,0.0,1,14.15,8.68,SPY211119P00435000,435.0,0,0.0,0.0,,0.0,normalDay
2021-10-11,4090.0,437.0,0.0,0,434.69,0.0,1,14.15,9.78,SPY211119P00435000,435.0,0,0.0,0.0,,0.0,normalDay
2021-10-12,4090.0,398.0,0.0,0,433.62,0.0,1,14.15,10.17,SPY211119P00435000,435.0,0,0.0,0.0,,0.0,normalDay
2021-10-13,4090.0,568.0,0.0,0,435.18,0.0,1,14.15,8.47,SPY211119P00435000,435.0,0,0.0,0.0,,0.0,normalDay
2021-10-14,4090.0,887.0,0.0,0,442.5,0.0,1,14.15,5.28,SPY211119P00435000,435.0,0,0.0,0.0,,0.0,normalDay
2021-10-15,4090.0,986.0,0.0,0,445.87,0.0,1,14.15,4.29,SPY211119P00435000,435.0,0,0.0,0.0,,0.0,normalDay
2021-10-18,4090.0,1042.0,0.0,0,447.19,0.0,1,14.15,3.73,SPY211119P00435000,435.0,0,0.0,0.0,,0.0,normalDay
2021-10-19,4090.0,1131.0,0.0,0,450.64,0.0,1,14.15,2.84,SPY211119P00435000,435.0,0,0.0,0.0,,0.0,normalDay
2021-10-20,4090.0,1158.0,0.0,0,452.41,0.0,1,14.15,2.57,SPY211119P00435000,435.0,0,0.0,0.0,,0.0,normalDay
2021-10-21,4090.0,1193.0,0.0,0,453.59,0.0,1,14.15,2.22,SPY211119P00435000,435.0,0,0.0,0.0,,0.0,normalDay
2021-10-22,4090.0,1179.0,0.0,0,453.12,0.0,1,14.15,2.36,SPY211119P00435000,435.0,0,0.0,0.0,,0.0,normalDay
2021-10-25,4090.0,1232.0,0.0,0,455.55,0.0,1,14.15,1.83,SPY211119P00435000,435.0,0,0.0,0.0,,0.0,normalDay
2021-10-26,4090.0,1232.0,0.0,0,455.96,0.0,1,14.15,1.83,SPY211119P00435000,435.0,0,0.0,0.0,,0.0,normalDay
2021-10-27,4090.0,1193.0,0.0,0,453.94,0.0,1,14.15,2.22,SPY211119P00435000,435.0,0,0.0,0.0,,0.0,normalDay
2021-10-28,4090.0,1255.0,0.0,0,458.32,0.0,1,14.15,1.6,SPY211119P00435000,435.0,0,0.0,0.0,,0.0,normalDay
2021-10-29,4090.0,1274.0,0.0,0,459.25,0.0,1,14.15,1.41,SPY211119P00435000,435.0,0,0.0,0.0,,0.0,normalDay
2021-11-01,4090.0,1305.0,0.0,0,460.04,0.0,1,14.15,1.1,SPY211119P00435000,435.0,0,0.0,0.0,,0.0,normalDay
2021-11-02,4090.0,1325.0,0.0,0,461.9,0.0,1,14.15,0.9,SPY211119P00435000,435.0,0,0.0,0.0,,0.0,normalDay
2021-11-03,4090.0,1359.0,0.0,0,464.72,0.0,1,14.15,0.56,SPY211119P00435000,435.0,0,0.0,0.0,,0.0,normalDay
2021-11-04,4090.0,1366.0,0.0,0,466.91,0.0,1,14.15,0.49,SPY211119P00435000,435.0,0,0.0,0.0,,0.0,normalDay
2021-11-05,4090.0,1372.0,0.0,0,468.53,0.0,1,14.15,0.43,SPY211119P00435000,435.0,0,0.0,0.0,,0.0,normalDay
2021-11-08,4090.0,1380.0,0.0,0,468.93,0.0,1,14.15,0.35,SPY211119P00435000,435.0,0,0.0,0.0,,0.0,normalDay
2021-11-09,4090.0,1382.0,0.0,0,467.38,0.0,1,14.15,0.33,SPY211119P00435000,435.0,0,0.0,0.0,,0.0,normalDay
2021-11-10,4090.0,1378.0,0.0,0,463.62,0.0,1,14.15,0.37,SPY211119P00435000,435.0,0,0.0,0.0,,0.0,normalDay
2021-11-11,4090.0,1394.0,0.0,0,463.77,0.0,1,14.15,0.21,SPY211119P00435000,435.0,0,0.0,0.0,,0.0,normalDay
2021-11-12,4090.0,1405.0,0.0,0,467.27,0.0,1,14.15,0.1,SPY211119P00435000,435.0,0,0.0,0.0,,0.0,normalDay
2021-11-15,4090.0,1411.0,0.0,0,467.43,0.0,1,14.15,0.04,SPY211119P00435000,435.0,0,0.0,0.0,,0.0,normalDay
2021-11-16,4090.0,1411.0,0.0,0,469.28,0.0,1,14.15,0.04,SPY211119P00435000,435.0,0,0.0,0.0,,0.0,normalDay
2021-11-17,4090.0,1412.0,0.0,0,468.14,0.0,1,14.15,0.03,SPY211119P00435000,435.0,0,0.0,0.0,,0.0,normalDay
2021-11-18,4090.0,1413.0,0.0,0,469.73,0.0,1,14.15,0.02,SPY211119P00435000,435.0,0,0.0,0.0,,0.0,normalDay
2021-11-19,5505.0,0.0,1415.0,0,468.89,0.0,1,14.15,0.0,SPY211119P00435000,435.0,0,0.0,0.0,,0.0,expirationDay
2021-11-22,5505.0,-5.0,0.0,0,467.57,0.0,1,7.53,7.58,SPY220121P00451000,451.0,0,0.0,0.0,,0.0,normalDay
2021-11-23,5505.0,23.0,0.0,0,468.19,0.0,1,7.53,7.3,SPY220121P00451000,451.0,0,0.0,0.0,,0.0,normalDay
2021-11-24,5505.0,93.0,0.0,0,469.44,0.0,1,7.53,6.6,SPY220121P00451000,451.0,0,0.0,0.0,,0.0,normalDay
2021-11-26,5505.0,-647.0,0.0,0,458.97,0.0,1,7.53,14.0,SPY220121P00451000,451.0,0,0.0,0.0,,0.0,normalDay
2021-11-29,5505.0,-120.0,0.0,0,464.6,0.0,1,7.53,8.73,SPY220121P00451000,451.0,0,0.0,0.0,,0.0,normalDay
2021-11-30,5505.0,-453.0,0.0,0,455.56,0.0,1,7.53,12.06,SPY220121P00451000,451.0,0,0.0,0.0,,0.0,normalDay
2021-12-01,5505.0,-929.0,0.0,0,450.5,0.0,1,7.53,16.82,SPY220121P00451000,451.0,0,0.0,0.0,,0.0,normalDay
2021-12-02,5505.0,-481.0,0.0,0,457.4,0.0,1,7.53,12.34,SPY220121P00451000,451.0,0,0.0,0.0,,0.0,normalDay
2021-12-03,5505.0,-691.0,0.0,0,453.42,0.0,1,7.53,14.44,SPY220121P00451000,451.0,0,0.0,0.0,,0.0,normalDay
2021-12-06,5505.0,-351.0,0.0,0,458.79,0.0,1,7.53,11.04,SPY220121P00451000,451.0,0,0.0,0.0,,0.0,normalDay
2021-12-07,5505.0,78.0,0.0,0,468.28,0.0,1,7.53,6.75,SPY220121P00451000,451.0,0,0.0,0.0,,0.0,normalDay
2021-12-08,5505.0,179.0,0.0,0,469.52,0.0,1,7.53,5.74,SPY220121P00451000,451.0,0,0.0,0.0,,0.0,normalDay
2021-12-09,5505.0,83.0,0.0,0,466.35,0.0,1,7.53,6.7,SPY220121P00451000,451.0,0,0.0,0.0,,0.0,normalDay
2021-12-10,5505.0,260.0,0.0,0,470.74,0.0,1,7.53,4.93,SPY220121P00451000,451.0,0,0.0,0.0,,0.0,normalDay
2021-12-13,5505.0,152.0,0.0,0,466.57,0.0,1,7.53,6.01,SPY220121P00451000,451.0,0,0.0,0.0,,0.0,normalDay
2021-12-14,5505.0,33.0,0.0,0,463.36,0.0,1,7.53,7.2,SPY220121P00451000,451.0,0,0.0,0.0,,0.0,normalDay
2021-12-15,5505.0,302.0,0.0,0,470.6,0.0,1,7.53,4.51,SPY220121P00451000,451.0,0,0.0,0.0,,0.0,normalDay
2021-12-16,5505.0,201.0,0.0,0,466.45,0.0,1,7.53,5.52,SPY220121P00451000,451.0,0,0.0,0.0,,0.0,normalDay
2021-12-17,5505.0,36.0,0.0,0,459.87,0.0,1,7.53,7.17,SPY220121P00451000,451.0,0,0.0,0.0,,0.0,normalDay
2021-12-20,5505.0,-128.0,0.0,0,454.98,0.0,1,7.53,8.81,SPY220121P00451000,451.0,0,0.0,0.0,,0.0,normalDay
2021-12-21,5505.0,174.0,0.0,0,463.06,0.0,1,7.53,5.79,SPY220121P00451000,451.0,0,0.0,0.0,,0.0,normalDay
2021-12-22,5505.0,370.0,0.0,0,467.69,0.0,1,7.53,3.83,SPY220121P00451000,451.0,0,0.0,0.0,,0.0,normalDay
2021-12-23,5505.0,461.0,0.0,0,470.6,0.0,1,7.53,2.92,SPY220121P00451000,451.0,0,0.0,0.0,,0.0,normalDay
2021-12-27,5505.0,582.0,0.0,0,477.26,0.0,1,7.53,1.71,SPY220121P00451000,451.0,0,0.0,0.0,,0.0,normalDay
2021-12-28,5505.0,595.0,0.0,0,476.87,0.0,1,7.53,1.58,SPY220121P00451000,451.0,0,0.0,0.0,,0.0,normalDay
2021-12-29,5505.0,626.0,0.0,0,477.48,0.0,1,7.53,1.27,SPY220121P00451000,451.0,0,0.0,0.0,,0.0,normalDay
2021-12-30,5505.0,611.0,0.0,0,476.16,0.0,1,7.53,1.42,SPY220121P00451000,451.0,0,0.0,0.0,,0.0,normalDay
2021-12-31,5505.0,620.0,0.0,0,474.96,0.0,1,7.53,1.33,SPY220121P00451000,451.0,0,0.0,0.0,,0.0,normalDay
2022-01-03,5505.0,670.0,0.0,0,477.71,0.0,1,7.53,0.83,SPY220121P00451000,451.0,0,0.0,0.0,,0.0,normalDay
2022-01-04,5505.0,671.0,0.0,0,477.55,0.0,1,7.53,0.82,SPY220121P00451000,451.0,0,0.0,0.0,,0.0,normalDay
2022-01-05,5505.0,537.0,0.0,0,468.38,0.0,1,7.53,2.16,SPY220121P00451000,451.0,0,0.0,0.0,,0.0,normalDay
2022-01-06,5505.0,559.0,0.0,0,467.94,0.0,1,7.53,1.94,SPY220121P00451000,451.0,0,0.0,0.0,,0.0,normalDay
2022-01-07,5505.0,592.0,0.0,0,466.09,0.0,1,7.53,1.61,SPY220121P00451000,451.0,0,0.0,0.0,,0.0,normalDay
2022-01-10,5505.0,588.0,0.0,0,465.51,0.0,1,7.53,1.65,SPY220121P00451000,451.0,0,0.0,0.0,,0.0,normalDay
2022-01-11,5505.0,657.0,0.0,0,469.75,0.0,1,7.53,0.96,SPY220121P00451000,451.0,0,0.0,0.0,,0.0,normalDay
2022-01-12,5505.0,702.0,0.0,0,471.02,0.0,1,7.53,0.51,SPY220121P00451000,451.0,0,0.0,0.0,,0.0,normalDay
2022-01-13,5505.0,611.0,0.0,0,464.53,0.0,1,7.53,1.42,SPY220121P00451000,451.0,0,0.0,0.0,,0.0,normalDay
2022-01-14,5505.0,667.0,0.0,0,464.72,0.0,1,7.53,0.86,SPY220121P00451000,451.0,0,0.0,0.0,,0.0,normalDay
2022-01-18,5505.0,534.0,0.0,0,456.49,0.0,1,7.53,2.19,SPY220121P00451000,451.0,0,0.0,0.0,,0.0,normalDay
2022-01-19,5505.0,476.0,0.0,0,451.75,0.0,1,7.53,2.77,SPY220121P00451000,451.0,0,0.0,0.0,,0.0,normalDay
2022-01-20,5505.0,213.0,0.0,0,446.75,0.0,1,7.53,5.4,SPY220121P00451000,451.0,0,0.0,0.0,,0.0,normalDay
2022-01-21,6258.0,-1302.0,753.0,100,437.98,451.0,1,7.53,0.0,SPY220121P00451000,451.0,0,0.0,0.0,,0.0,expirationDay
2022-01-24,6258.0,-1119.0,0.0,100,439.84,451.0,0,0.0,0.0,,0.0,1,0.16,0.19,SPY220204C00474000,474.0,normalDay
2022-01-25,6258.0,-1646.0,0.0,100,434.47,451.0,0,0.0,0.0,,0.0,1,0.16,0.09,SPY220204C00474000,474.0,normalDay
2022-01-26,6258.0,-1752.0,0.0,100,433.38,451.0,0,0.0,0.0,,0.0,1,0.16,0.06,SPY220204C00474000,474.0,normalDay
2022-01-27,6258.0,-1965.0,0.0,100,431.24,451.0,0,0.0,0.0,,0.0,1,0.16,0.05,SPY220204C00474000,474.0,normalDay
2022-01-28,6258.0,-894.0,0.0,100,441.95,451.0,0,0.0,0.0,,0.0,1,0.16,0.05,SPY220204C00474000,474.0,normalDay
2022-01-31,6258.0,-97.0,0.0,100,449.91,451.0,0,0.0,0.0,,0.0,1,0.16,0.04,SPY220204C00474000,474.0,normalDay
2022-02-01,6258.0,209.0,0.0,100,452.95,451.0,0,0.0,0.0,,0.0,1,0.16,0.02,SPY220204C00474000,474.0,normalDay
2022-02-02,6258.0,649.0,0.0,100,457.35,451.0,0,0.0,0.0,,0.0,1,0.16,0.02,SPY220204C00474000,474.0,normalDay
2022-02-03,6258.0,-425.0,0.0,100,446.6,451.0,0,0.0,0.0,,0.0,1,0.16,0.01,SPY220204C00474000,474.0,normalDay
2022-02-04,6274.0,-230.0,16.0,100,448.7,451.0,0,0.0,0.0,,0.0,1,0.16,0.0,SPY220204C00474000,474.0,expirationDay
2022-02-07,6274.0,-377.0,0.0,100,447.26,451.0,0,0.0,0.0,,0.0,1,1.52,1.55,SPY220218C00459000,459.0,normalDay
2022-02-08,6274.0,-57.0,0.0,100,450.94,451.0,0,0.0,0.0,,0.0,1,1.52,2.03,SPY220218C00459000,459.0,normalDay
2022-02-09,6274.0,399.0,0.0,100,457.54,451.0,0,0.0,0.0,,0.0,1,1.52,4.07,SPY220218C00459000,459.0,normalDay
2022-02-10,6274.0,-185.0,0.0,100,449.32,451.0,0,0.0,0.0,,0.0,1,1.52,1.69,SPY220218C00459000,459.0,normalDay
2022-02-11,6274.0,-939.0,0.0,100,440.46,451.0,0,0.0,0.0,,0.0,1,1.52,0.37,SPY220218C00459000,459.0,normalDay
2022-02-14,6274.0,-1059.0,0.0,100,439.02,451.0,0,0.0,0.0,,0.0,1,1.52,0.13,SPY220218C00459000,459.0,normalDay
2022-02-15,6274.0,-355.0,0.0,100,446.1,451.0,0,0.0,0.0,,0.0,1,1.52,0.17,SPY220218C00459000,459.0,normalDay
2022-02-16,6274.0,-294.0,0.0,100,446.6,451.0,0,0.0,0.0,,0.0,1,1.52,0.06,SPY220218C00459000,459.0,normalDay
2022-02-17,6274.0,-1244.0,0.0,100,437.06,451.0,0,0.0,0.0,,0.0,1,1.52,0.02,SPY220218C00459000,459.0,normalDay
2022-02-18,6426.0,-1677.0,152.0,100,434.23,451.0,0,0.0,0.0,,0.0,1,1.52,0.0,SPY220218C00459000,459.0,expirationDay
2022-02-22,6426.0,-2147.0,0.0,100,429.57,451.0,0,0.0,0.0,,0.0,1,0.74,0.78,SPY220304C00450000,450.0,normalDay
2022-02-23,6426.0,-2853.0,0.0,100,421.95,451.0,0,0.0,0.0,,0.0,1,0.74,0.22,SPY220304C00450000,450.0,normalDay
2022-02-24,6426.0,-2221.0,0.0,100,428.3,451.0,0,0.0,0.0,,0.0,1,0.74,0.25,SPY220304C00450000,450.0,normalDay
2022-02-25,6426.0,-1337.0,0.0,100,437.75,451.0,0,0.0,0.0,,0.0,1,0.74,0.86,SPY220304C00450000,450.0,normalDay
2022-02-28,6426.0,-1431.0,0.0,100,436.63,451.0,0,0.0,0.0,,0.0,1,0.74,0.68,SPY220304C00450000,450.0,normalDay
2022-03-01,6426.0,-2049.0,0.0,100,429.98,451.0,0,0.0,0.0,,0.0,1,0.74,0.21,SPY220304C00450000,450.0,normalDay
2022-03-02,6426.0,-1259.0,0.0,100,437.89,451.0,0,0.0,0.0,,0.0,1,0.74,0.22,SPY220304C00450000,450.0,normalDay
2022-03-03,6426.0,-1458.0,0.0,100,435.71,451.0,0,0.0,0.0,,0.0,1,0.74,0.03,SPY220304C00450000,450.0,normalDay
2022-03-04,6500.0,-1883.0,74.0,100,432.17,451.0,0,0.0,0.0,,0.0,1,0.74,0.0,SPY220304C00450000,450.0,expirationDay
2022-03-07,6500.0,-3160.0,0.0,100,419.43,451.0,0,0.0,0.0,,0.0,1,0.74,0.77,SPY220318C00445000,445.0,normalDay
2022-03-08,6500.0,-3443.0,0.0,100,416.25,451.0,0,0.0,0.0,,0.0,1,0.74,0.42,SPY220318C00445000,445.0,normalDay
2022-03-09,6500.0,-2403.0,0.0,100,427.41,451.0,0,0.0,0.0,,0.0,1,0.74,1.18,SPY220318C00445000,445.0,normalDay
2022-03-10,6500.0,-2529.0,0.0,100,425.48,451.0,0,0.0,0.0,,0.0,1,0.74,0.51,SPY220318C00445000,445.0,normalDay
2022-03-11,6500.0,-3043.0,0.0,100,420.07,451.0,0,0.0,0.0,,0.0,1,0.74,0.24,SPY220318C00445000,445.0,normalDay
2022-03-14,6500.0,-3337.0,0.0,100,417.0,451.0,0,0.0,0.0,,0.0,1,0.74,0.11,SPY220318C00445000,445.0,normalDay
2022-03-15,6500.0,-2423.0,0.0,100,426.17,451.0,0,0.0,0.0,,0.0,1,0.74,0.14,SPY220318C00445000,445.0,normalDay
2022-03-16,6500.0,-1495.0,0.0,100,435.62,451.0,0,0.0,0.0,,0.0,1,0.74,0.31,SPY220318C00445000,445.0,normalDay
2022-03-17,6500.0,-951.0,0.0,100,441.07,451.0,0,0.0,0.0,,0.0,1,0.74,0.32,SPY220318C00445000,445.0,normalDay
2022-03-18,6574.0,-648.0,74.0,100,444.52,451.0,0,0.0,0.0,,0.0,1,0.74,0.0,SPY220318C00445000,445.0,expirationDay
2022-03-21,6574.0,-673.0,0.0,100,444.39,451.0,0,0.0,0.0,,0.0,1,12.12,12.24,SPY220401C00436000,436.0,normalDay
2022-03-22,6574.0,-521.0,0.0,100,449.59,451.0,0,0.0,0.0,,0.0,1,12.12,15.92,SPY220401C00436000,436.0,normalDay
2022-03-23,6574.0,-614.0,0.0,100,443.8,451.0,0,0.0,0.0,,0.0,1,12.12,11.06,SPY220401C00436000,436.0,normalDay
2022-03-24,6574.0,-419.0,0.0,100,450.49,451.0,0,0.0,0.0,,0.0,1,12.12,15.8,SPY220401C00436000,436.0,normalDay
2022-03-25,6574.0,-355.0,0.0,100,452.69,451.0,0,0.0,0.0,,0.0,1,12.12,17.36,SPY220401C00436000,436.0,normalDay
2022-03-28,6574.0,-327.0,0.0,100,455.91,451.0,0,0.0,0.0,,0.0,1,12.12,20.3,SPY220401C00436000,436.0,normalDay
2022-03-29,6574.0,-282.0,0.0,100,461.55,451.0,0,0.0,0.0,,0.0,1,12.12,25.49,SPY220401C00436000,436.0,normalDay
2022-03-30,6574.0,-348.0,0.0,100,458.7,451.0,0,0.0,0.0,,0.0,1,12.12,23.3,SPY220401C00436000,436.0,normalDay
2022-03-31,6574.0,-387.0,0.0,100,451.64,451.0,0,0.0,0.0,,0.0,1,12.12,16.63,SPY220401C00436000,436.0,normalDay
2022-04-01,6286.0,-387.0,-288.0,0,452.92,0.0,0,0.0,0.0,,0.0,1,12.12,0.0,SPY220401C00436000,436.0,expirationDay
2022-04-04,6286.0,-5.0,0.0,0,456.8,0.0,1,4.16,4.21,SPY220630P00399000,399.0,0,0.0,0.0,,0.0,normalDay
2022-04-05,6286.0,-122.0,0.0,0,451.03,0.0,1,4.16,5.38,SPY220630P00399000,399.0,0,0.0,0.0,,0.0,normalDay
2022-04-06,6286.0,-197.0,0.0,0,446.52,0.0,1,4.16,6.13,SPY220630P00399000,399.0,0,0.0,0.0,,0.0,normalDay
2022-04-07,6286.0,-150.0,0.0,0,448.77,0.0,1,4.16,5.66,SPY220630P00399000,399.0,0,0.0,0.0,,0.0,normalDay
2022-04-08,6286.0,-140.0,0.0,0,447.57,0.0,1,4.16,5.56,SPY220630P00399000,399.0,0,0.0,0.0,,0.0,normalDay
2022-04-11,6286.0,-293.0,0.0,0,439.92,0.0,1,4.16,7.09,SPY220630P00399000,399.0,0,0.0,0.0,,0.0,normalDay
2022-04-12,6286.0,-308.0,0.0,0,438.29,0.0,1,4.16,7.24,SPY220630P00399000,399.0,0,0.0,0.0,,0.0,normalDay
2022-04-13,6286.0,-154.0,0.0,0,443.31,0.0,1,4.16,5.7,SPY220630P00399000,399.0,0,0.0,0.0,,0.0,normalDay
2022-04-14,6286.0,-242.0,0.0,0,437.79,0.0,1,4.16,6.58,SPY220630P00399000,399.0,0,0.0,0.0,,0.0,normalDay
2022-04-18,6286.0,-170.0,0.0,0,437.97,0.0,1,4.16,5.86,SPY220630P00399000,399.0,0,0.0,0.0,,0.0,normalDay
2022-04-19,6286.0,-87.0,0.0,0,445.04,0.0,1,4.16,5.03,SPY220630P00399000,399.0,0,0.0,0.0,,0.0,normalDay
2022-04-20,6286.0,-23.0,0.0,0,444.71,0.0,1,4.16,4.39,SPY220630P00399000,399.0,0,0.0,0.0,,0.0,normalDay
2022-04-21,6286.0,-189.0,0.0,0,438.06,0.0,1,4.16,6.05,SPY220630P00399000,399.0,0,0.0,0.0,,0.0,normalDay
2022-04-22,6286.0,-564.0,0.0,0,426.04,0.0,1,4.16,9.8,SPY220630P00399000,399.0,0,0.0,0.0,,0.0,normalDay
2022-04-25,6286.0,-418.0,0.0,0,428.51,0.0,1,4.16,8.34,SPY220630P00399000,399.0,0,0.0,0.0,,0.0,normalDay
2022-04-26,6286.0,-913.0,0.0,0,416.1,0.0,1,4.16,13.29,SPY220630P00399000,399.0,0,0.0,0.0,,0.0,normalDay
2022-04-27,6286.0,-750.0,0.0,0,417.27,0.0,1,4.16,11.66,SPY220630P00399000,399.0,0,0.0,0.0,,0.0,normalDay
2022-04-28,6286.0,-512.0,0.0,0,427.81,0.0,1,4.16,9.28,SPY220630P00399000,399.0,0,0.0,0.0,,0.0,normalDay
2022-04-29,6286.0,-920.0,0.0,0,412.0,0.0,1,4.16,13.36,SPY220630P00399000,399.0,0,0.0,0.0,,0.0,normalDay
2022-05-02,6286.0,-792.0,0.0,0,414.48,0.0,1,4.16,12.08,SPY220630P00399000,399.0,0,0.0,0.0,,0.0,normalDay
2022-05-03,6286.0,-633.0,0.0,0,416.38,0.0,1,4.16,10.49,SPY220630P00399000,399.0,0,0.0,0.0,,0.0,normalDay
2022-05-04,6286.0,-274.0,0.0,0,429.06,0.0,1,4.16,6.9,SPY220630P00399000,399.0,0,0.0,0.0,,0.0,normalDay
2022-05-05,6286.0,-801.0,0.0,0,413.81,0.0,1,4.16,12.17,SPY220630P00399000,399.0,0,0.0,0.0,,0.0,normalDay
2022-05-06,6286.0,-867.0,0.0,0,411.34,0.0,1,4.16,12.83,SPY220630P00399000,399.0,0,0.0,0.0,,0.0,normalDay
2022-05-09,6286.0,-1374.0,0.0,0,398.17,0.0,1,4.16,17.9,SPY220630P00399000,399.0,0,0.0,0.0,,0.0,normalDay
2022-05-10,6286.0,-1304.0,0.0,0,399.09,0.0,1,4.16,17.2,SPY220630P00399000,399.0,0,0.0,0.0,,0.0,normalDay
2022-05-11,6286.0,-1555.0,0.0,0,392.75,0.0,1,4.16,19.71,SPY220630P00399000,399.0,0,0.0,0.0,,0.0,normalDay
2022-05-12,6286.0,-1587.0,0.0,0,392.34,0.0,1,4.16,20.03,SPY220630P00399000,399.0,0,0.0,0.0,,0.0,normalDay
2022-05-13,6286.0,-1059.0,0.0,0,401.72,0.0,1,4.16,14.75,SPY220630P00399000,399.0,0,0.0,0.0,,0.0,normalDay
2022-05-16,6286.0,-1026.0,0.0,0,400.09,0.0,1,4.16,14.42,SPY220630P00399000,399.0,0,0.0,0.0,,0.0,normalDay
2022-05-17,6286.0,-631.0,0.0,0,408.32,0.0,1,4.16,10.47,SPY220630P00399000,399.0,0,0.0,0.0,,0.0,normalDay
2022-05-18,6286.0,-1506.0,0.0,0,391.86,0.0,1,4.16,19.22,SPY220630P00399000,399.0,0,0.0,0.0,,0.0,normalDay
2022-05-19,6286.0,-1546.0,0.0,0,389.46,0.0,1,4.16,19.62,SPY220630P00399000,399.0,0,0.0,0.0,,0.0,normalDay
2022-05-20,6286.0,-1518.0,0.0,0,389.63,0.0,1,4.16,19.34,SPY220630P00399000,399.0,0,0.0,0.0,,0.0,normalDay
2022-05-23,6286.0,-1040.0,0.0,0,396.92,0.0,1,4.16,14.56,SPY220630P00399000,399.0,0,0.0,0.0,,0.0,normalDay
2022-05-24,6286.0,-1227.0,0.0,0,393.89,0.0,1,4.16,16.43,SPY220630P00399000,399.0,0,0.0,0.0,,0.0,normalDay
2022-05-25,6286.0,-1018.0,0.0,0,397.37,0.0,1,4.16,14.34,SPY220630P00399000,399.0,0,0.0,0.0,,0.0,normalDay
2022-05-26,6286.0,-645.0,0.0,0,405.31,0.0,1,4.16,10.61,SPY220630P00399000,399.0,0,0.0,0.0,,0.0,normalDay
2022-05-27,6286.0,-250.0,0.0,0,415.26,0.0,1,4.16,6.66,SPY220630P00399000,399.0,0,0.0,0.0,,0.0,normalDay
2022-05-31,6286.0,-290.0,0.0,0,412.93,0.0,1,4.16,7.06,SPY220630P00399000,399.0,0,0.0,0.0,,0.0,normalDay
2022-06-01,6286.0,-339.0,0.0,0,409.59,0.0,1,4.16,7.55,SPY220630P00399000,399.0,0,0.0,0.0,,0.0,normalDay
2022-06-02,6286.0,-72.0,0.0,0,417.39,0.0,1,4.16,4.88,SPY220630P00399000,399.0,0,0.0,0.0,,0.0,normalDay
2022-06-03,6286.0,-240.0,0.0,0,410.54,0.0,1,4.16,6.56,SPY220630P00399000,399.0,0,0.0,0.0,,0.0,normalDay
2022-06-06,6286.0,-165.0,0.0,0,411.79,0.0,1,4.16,5.81,SPY220630P00399000,399.0,0,0.0,0.0,,0.0,normalDay
2022-06-07,6286.0,-28.0,0.0,0,415.74,0.0,1,4.16,4.44,SPY220630P00399000,399.0,0,0.0,0.0,,0.0,normalDay
2022-06-08,6286.0,-108.0,0.0,0,411.22,0.0,1,4.16,5.24,SPY220630P00399000,399.0,0,0.0,0.0,,0.0,normalDay
2022-06-09,6286.0,-488.0,0.0,0,401.44,0.0,1,4.16,9.04,SPY220630P00399000,399.0,0,0.0,0.0,,0.0,normalDay
2022-06-10,6286.0,-1098.0,0.0,0,389.8,0.0,1,4.16,15.14,SPY220630P00399000,399.0,0,0.0,0.0,,0.0,normalDay
2022-06-13,6286.0,-2305.0,0.0,0,375.0,0.0,1,4.16,27.21,SPY220630P00399000,399.0,0,0.0,0.0,,0.0,normalDay
2022-06-14,6286.0,-2451.0,0.0,0,373.87,0.0,1,4.16,28.67,SPY220630P00399000,399.0,0,0.0,0.0,,0.0,normalDay
2022-06-15,6286.0,-1882.0,0.0,0,379.2,0.0,1,4.16,22.98,SPY220630P00399000,399.0,0,0.0,0.0,,0.0,normalDay
2022-06-16,6286.0,-2960.0,0.0,0,366.65,0.0,1,4.16,33.76,SPY220630P00399000,399.0,0,0.0,0.0,,0.0,normalDay
2022-06-17,6286.0,-2859.0,0.0,0,365.86,0.0,1,4.16,32.75,SPY220630P00399000,399.0,0,0.0,0.0,,0.0,normalDay
2022-06-21,6286.0,-2023.0,0.0,0,375.07,0.0,1,4.16,24.39,SPY220630P00399000,399.0,0,0.0,0.0,,0.0,normalDay
2022-06-22,6286.0,-2030.0,0.0,0,374.39,0.0,1,4.16,24.46,SPY220630P00399000,399.0,0,0.0,0.0,,0.0,normalDay
2022-06-23,6286.0,-1809.0,0.0,0,378.06,0.0,1,4.16,22.25,SPY220630P00399000,399.0,0,0.0,0.0,,0.0,normalDay
2022-06-24,6286.0,-706.0,0.0,0,390.08,0.0,1,4.16,11.22,SPY220630P00399000,399.0,0,0.0,0.0,,0.0,normalDay
2022-06-27,6286.0,-678.0,0.0,0,388.59,0.0,1,4.16,10.94,SPY220630P00399000,399.0,0,0.0,0.0,,0.0,normalDay
2022-06-28,6286.0,-1460.0,0.0,0,380.65,0.0,1,4.16,18.76,SPY220630P00399000,399.0,0,0.0,0.0,,0.0,normalDay
2022-06-29,6286.0,-1449.0,0.0,0,380.34,0.0,1,4.16,18.65,SPY220630P00399000,399.0,0,0.0,0.0,,0.0,normalDay
2022-06-30,6702.0,-2175.0,416.0,100,377.25,399.0,1,4.16,0.0,SPY220630P00399000,399.0,0,0.0,0.0,,0.0,expirationDay
2022-07-01,6702.0,-1779.0,0.0,100,381.24,399.0,0,0.0,0.0,,0.0,1,0.46,0.49,SPY220711C00397000,397.0,normalDay
2022-07-05,6702.0,-1690.0,0.0,100,381.96,399.0,0,0.0,0.0,,0.0,1,0.46,0.32,SPY220711C00397000,397.0,normalDay
2022-07-06,6702.0,-1560.0,0.0,100,383.25,399.0,0,0.0,0.0,,0.0,1,0.46,0.31,SPY220711C00397000,397.0,normalDay
2022-07-07,6702.0,-1000.0,0.0,100,388.99,399.0,0,0.0,0.0,,0.0,1,0.46,0.45,SPY220711C00397000,397.0,normalDay
2022-07-08,6702.0,-995.0,0.0,100,388.67,399.0,0,0.0,0.0,,0.0,1,0.46,0.08,SPY220711C00397000,397.0,normalDay
2022-07-11,6748.0,-1477.0,46.0,100,384.23,399.0,0,0.0,0.0,,0.0,1,0.46,0.0,SPY220711C00397000,397.0,expirationDay
2022-07-12,6748.0,-1821.0,0.0,100,380.83,399.0,0,0.0,0.0,,0.0,1,4.84,4.88,SPY220722C00384000,384.0,normalDay
2022-07-13,6748.0,-1884.0,0.0,100,378.83,399.0,0,0.0,0.0,,0.0,1,4.84,3.51,SPY220722C00384000,384.0,normalDay
2022-07-14,6748.0,-1898.0,0.0,100,377.91,399.0,0,0.0,0.0,,0.0,1,4.84,2.73,SPY220722C00384000,384.0,normalDay
2022-07-15,6748.0,-1403.0,0.0,100,385.13,399.0,0,0.0,0.0,,0.0,1,4.84,5.0,SPY220722C00384000,384.0,normalDay
2022-07-18,6748.0,-1530.0,0.0,100,381.95,399.0,0,0.0,0.0,,0.0,1,4.84,3.09,SPY220722C00384000,384.0,normalDay
2022-07-19,6748.0,-1179.0,0.0,100,392.27,399.0,0,0.0,0.0,,0.0,1,4.84,9.9,SPY220722C00384000,384.0,normalDay
2022-07-20,6748.0,-1099.0,0.0,100,394.77,399.0,0,0.0,0.0,,0.0,1,4.84,11.6,SPY220722C00384000,384.0,normalDay
2022-07-21,6748.0,-1019.0,0.0,100,398.79,399.0,0,0.0,0.0,,0.0,1,4.84,14.82,SPY220722C00384000,384.0,normalDay
2022-07-22,5732.0,-1019.0,-1016.0,0,395.09,0.0,0,0.0,0.0,,0.0,1,4.84,0.0,SPY220722C00384000,384.0,expirationDay
2022-07-25,5732.0,-5.0,0.0,0,395.57,0.0,1,6.28,6.33,SPY220930P00367000,367.0,0,0.0,0.0,,0.0,normalDay
2022-07-26,5732.0,-115.0,0.0,0,390.89,0.0,1,6.28,7.43,SPY220930P00367000,367.0,0,0.0,0.0,,0.0,normalDay
2022-07-27,5732.0,92.0,0.0,0,401.04,0.0,1,6.28,5.36,SPY220930P00367000,367.0,0,0.0,0.0,,0.0,normalDay
2022-07-28,5732.0,227.0,0.0,0,406.07,0.0,1,6.28,4.01,SPY220930P00367000,367.0,0,0.0,0.0,,0.0,normalDay
2022-07-29,5732.0,298.0,0.0,0,411.99,0.0,1,6.28,3.3,SPY220930P00367000,367.0,0,0.0,0.0,,0.0,normalDay
2022-08-01,5732.0,261.0,0.0,0,410.77,0.0,1,6.28,3.67,SPY220930P00367000,367.0,0,0.0,0.0,,0.0,normalDay
2022-08-02,5732.0,190.0,0.0,0,408.06,0.0,1,6.28,4.38,SPY220930P00367000,367.0,0,0.0,0.0,,0.0,normalDay
2022-08-03,5732.0,321.0,0.0,0,414.45,0.0,1,6.28,3.07,SPY220930P00367000,367.0,0,0.0,0.0,,0.0,normalDay
2022-08-04,5732.0,334.0,0.0,0,414.17,0.0,1,6.28,2.94,SPY220930P00367000,367.0,0,0.0,0.0,,0.0,normalDay
2022-08-05,5732.0,335.0,0.0,0,413.47,0.0,1,6.28,2.93,SPY220930P00367000,367.0,0,0.0,0.0,,0.0,normalDay
2022-08-08,5732.0,347.0,0.0,0,412.99,0.0,1,6.28,2.81,SPY220930P00367000,367.0,0,0.0,0.0,,0.0,normalDay
2022-08-09,5732.0,335.0,0.0,0,411.35,0.0,1,6.28,2.93,SPY220930P00367000,367.0,0,0.0,0.0,,0.0,normalDay
2022-08-10,5732.0,440.0,0.0,0,419.99,0.0,1,6.28,1.88,SPY220930P00367000,367.0,0,0.0,0.0,,0.0,normalDay
2022-08-11,5732.0,445.0,0.0,0,419.99,0.0,1,6.28,1.83,SPY220930P00367000,367.0,0,0.0,0.0,,0.0,normalDay
2022-08-12,5732.0,492.0,0.0,0,427.1,0.0,1,6.28,1.36,SPY220930P00367000,367.0,0,0.0,0.0,,0.0,normalDay
2022-08-15,5732.0,512.0,0.0,0,428.86,0.0,1,6.28,1.16,SPY220930P00367000,367.0,0,0.0,0.0,,0.0,normalDay
2022-08-16,5732.0,521.0,0.0,0,429.7,0.0,1,6.28,1.07,SPY220930P00367000,367.0,0,0.0,0.0,,0.0,normalDay
2022-08-17,5732.0,514.0,0.0,0,426.65,0.0,1,6.28,1.14,SPY220930P00367000,367.0,0,0.0,0.0,,0.0,normalDay
2022-08-18,5732.0,531.0,0.0,0,427.89,0.0,1,6.28,0.97,SPY220930P00367000,367.0,0,0.0,0.0,,0.0,normalDay
2022-08-19,5732.0,500.0,0.0,0,422.14,0.0,1,6.28,1.28,SPY220930P00367000,367.0,0,0.0,0.0,,0.0,normalDay
2022-08-22,5732.0,428.0,0.0,0,413.35,0.0,1,6.28,2.0,SPY220930P00367000,367.0,0,0.0,0.0,,0.0,normalDay
2022-08-23,5732.0,425.0,0.0,0,412.35,0.0,1,6.28,2.03,SPY220930P00367000,367.0,0,0.0,0.0,,0.0,normalDay
2022-08-24,5732.0,466.0,0.0,0,413.67,0.0,1,6.28,1.62,SPY220930P00367000,367.0,0,0.0,0.0,,0.0,normalDay
2022-08-25,5732.0,516.0,0.0,0,419.51,0.0,1,6.28,1.12,SPY220930P00367000,367.0,0,0.0,0.0,,0.0,normalDay
2022-08-26,5732.0,369.0,0.0,0,405.31,0.0,1,6.28,2.59,SPY220930P00367000,367.0,0,0.0,0.0,,0.0,normalDay
2022-08-29,5732.0,362.0,0.0,0,402.63,0.0,1,6.28,2.66,SPY220930P00367000,367.0,0,0.0,0.0,,0.0,normalDay
2022-08-30,5732.0,320.0,0.0,0,398.21,0.0,1,6.28,3.08,SPY220930P00367000,367.0,0,0.0,0.0,,0.0,normalDay
2022-08-31,5732.0,304.0,0.0,0,395.18,0.0,1,6.28,3.24,SPY220930P00367000,367.0,0,0.0,0.0,,0.0,normalDay
2022-09-01,5732.0,342.0,0.0,0,396.42,0.0,1,6.28,2.86,SPY220930P00367000,367.0,0,0.0,0.0,,0.0,normalDay
2022-09-02,5732.0,303.0,0.0,0,392.24,0.0,1,6.28,3.25,SPY220930P00367000,367.0,0,0.0,0.0,,0.0,normalDay
2022-09-06,5732.0,282.0,0.0,0,390.76,0.0,1,6.28,3.46,SPY220930P00367000,367.0,0,0.0,0.0,,0.0,normalDay
2022-09-07,5732.0,433.0,0.0,0,397.78,0.0,1,6.28,1.95,SPY220930P00367000,367.0,0,0.0,0.0,,0.0,normalDay
2022-09-08,5732.0,494.0,0.0,0,400.38,0.0,1,6.28,1.34,SPY220930P00367000,367.0,0,0.0,0.0,,0.0,normalDay
2022-09-09,5732.0,544.0,0.0,0,406.6,0.0,1,6.28,0.84,SPY220930P00367000,367.0,0,0.0,0.0,,0.0,normalDay
2022-09-12,5732.0,570.0,0.0,0,410.97,0.0,1,6.28,0.58,SPY220930P00367000,367.0,0,0.0,0.0,,0.0,normalDay
2022-09-13,5732.0,428.0,0.0,0,393.1,0.0,1,6.28,2.0,SPY220930P00367000,367.0,0,0.0,0.0,,0.0,normalDay
2022-09-14,5732.0,465.0,0.0,0,394.6,0.0,1,6.28,1.63,SPY220930P00367000,367.0,0,0.0,0.0,,0.0,normalDay
2022-09-15,5732.0,450.0,0.0,0,390.12,0.0,1,6.28,1.78,SPY220930P00367000,367.0,0,0.0,0.0,,0.0,normalDay
2022-09-16,5732.0,419.0,0.0,0,385.56,0.0,1,6.28,2.09,SPY220930P00367000,367.0,0,0.0,0.0,,0.0,normalDay
2022-09-19,5732.0,494.0,0.0,0,388.55,0.0,1,6.28,1.34,SPY220930P00367000,367.0,0,0.0,0.0,,0.0,normalDay
2022-09-20,5732.0,416.0,0.0,0,384.09,0.0,1,6.28,2.12,SPY220930P00367000,367.0,0,0.0,0.0,,0.0,normalDay
2022-09-21,5732.0,305.0,0.0,0,377.39,0.0,1,6.28,3.23,SPY220930P00367000,367.0,0,0.0,0.0,,0.0,normalDay
2022-09-22,5732.0,324.0,0.0,0,374.22,0.0,1,6.28,3.04,SPY220930P00367000,367.0,0,0.0,0.0,,0.0,normalDay
2022-09-23,5732.0,65.0,0.0,0,367.95,0.0,1,6.28,5.63,SPY220930P00367000,367.0,0,0.0,0.0,,0.0,normalDay
2022-09-26,5732.0,-117.0,0.0,0,364.31,0.0,1,6.28,7.45,SPY220930P00367000,367.0,0,0.0,0.0,,0.0,normalDay
2022-09-27,5732.0,-54.0,0.0,0,363.38,0.0,1,6.28,6.82,SPY220930P00367000,367.0,0,0.0,0.0,,0.0,normalDay
2022-09-28,5732.0,377.0,0.0,0,370.53,0.0,1,6.28,2.51,SPY220930P00367000,367.0,0,0.0,0.0,,0.0,normalDay
2022-09-29,5732.0,88.0,0.0,0,362.79,0.0,1,6.28,5.4,SPY220930P00367000,367.0,0,0.0,0.0,,0.0,normalDay
2022-09-30,6360.0,-982.0,628.0,100,357.18,367.0,1,6.28,0.0,SPY220930P00367000,367.0,0,0.0,0.0,,0.0,expirationDay
2022-10-03,6360.0,-42.0,0.0,100,366.61,367.0,0,0.0,0.0,,0.0,1,0.37,0.4,SPY221014C00393000,393.0,normalDay
2022-10-04,6360.0,978.0,0.0,100,377.97,367.0,0,0.0,0.0,,0.0,1,0.37,1.56,SPY221014C00393000,393.0,normalDay
2022-10-05,6360.0,920.0,0.0,100,377.09,367.0,0,0.0,0.0,,0.0,1,0.37,1.26,SPY221014C00393000,393.0,normalDay
2022-10-06,6360.0,589.0,0.0,100,373.2,367.0,0,0.0,0.0,,0.0,1,0.37,0.68,SPY221014C00393000,393.0,normalDay
2022-10-07,6360.0,-392.0,0.0,100,362.79,367.0,0,0.0,0.0,,0.0,1,0.37,0.08,SPY221014C00393000,393.0,normalDay
2022-10-10,6360.0,-665.0,0.0,100,360.02,367.0,0,0.0,0.0,,0.0,1,0.37,0.04,SPY221014C00393000,393.0,normalDay
2022-10-11,6360.0,-892.0,0.0,100,357.74,367.0,0,0.0,0.0,,0.0,1,0.37,0.03,SPY221014C00393000,393.0,normalDay
2022-10-12,6360.0,-1009.0,0.0,100,356.56,367.0,0,0.0,0.0,,0.0,1,0.37,0.02,SPY221014C00393000,393.0,normalDay
2022-10-13,6360.0,-67.0,0.0,100,365.97,367.0,0,0.0,0.0,,0.0,1,0.37,0.01,SPY221014C00393000,393.0,normalDay
2022-10-14,6397.0,-937.0,37.0,100,357.63,367.0,0,0.0,0.0,,0.0,1,0.37,0.0,SPY221014C00393000,393.0,expirationDay
2022-10-17,6397.0,-22.0,0.0,100,366.82,367.0,0,0.0,0.0,,0.0,1,4.86,4.9,SPY221028C00373000,373.0,normalDay
2022-10-18,6397.0,232.0,0.0,100,371.13,367.0,0,0.0,0.0,,0.0,1,4.86,6.67,SPY221028C00373000,373.0,normalDay
2022-10-19,6397.0,192.0,0.0,100,368.5,367.0,0,0.0,0.0,,0.0,1,4.86,4.44,SPY221028C00373000,373.0,normalDay
2022-10-20,6397.0,37.0,0.0,100,365.41,367.0,0,0.0,0.0,,0.0,1,4.86,2.9,SPY221028C00373000,373.0,normalDay
2022-10-21,6397.0,575.0,0.0,100,374.29,367.0,0,0.0,0.0,,0.0,1,4.86,6.4,SPY221028C00373000,373.0,normalDay
2022-10-24,6397.0,826.0,0.0,100,378.87,367.0,0,0.0,0.0,,0.0,1,4.86,8.47,SPY221028C00373000,373.0,normalDay
2022-10-25,6397.0,1127.0,0.0,100,384.92,367.0,0,0.0,0.0,,0.0,1,4.86,11.51,SPY221028C00373000,373.0,normalDay
2022-10-26,6397.0,930.0,0.0,100,382.02,367.0,0,0.0,0.0,,0.0,1,4.86,10.58,SPY221028C00373000,373.0,normalDay
2022-10-27,6397.0,1333.0,0.0,100,379.98,367.0,0,0.0,0.0,,0.0,1,4.86,4.51,SPY221028C00373000,373.0,normalDay
2022-10-28,7483.0,1333.0,1086.0,0,389.02,0.0,0,0.0,0.0,,0.0,1,4.86,0.0,SPY221028C00373000,373.0,expirationDay
2022-10-31,7483.0,-4.0,0.0,0,386.21,0.0,1,4.79,4.83,SPY230120P00343000,343.0,0,0.0,0.0,,0.0,normalDay
2022-11-01,7483.0,-11.0,0.0,0,384.52,0.0,1,4.79,4.9,SPY230120P00343000,343.0,0,0.0,0.0,,0.0,normalDay
2022-11-02,7483.0,-174.0,0.0,0,374.87,0.0,1,4.79,6.53,SPY230120P00343000,343.0,0,0.0,0.0,,0.0,normalDay
2022-11-03,7483.0,-206.0,0.0,0,371.01,0.0,1,4.79,6.85,SPY230120P00343000,343.0,0,0.0,0.0,,0.0,normalDay
2022-11-04,7483.0,-84.0,0.0,0,376.35,0.0,1,4.79,5.63,SPY230120P00343000,343.0,0,0.0,0.0,,0.0,normalDay
2022-11-07,7483.0,8.0,0.0,0,379.95,0.0,1,4.79,4.71,SPY230120P00343000,343.0,0,0.0,0.0,,0.0,normalDay
2022-11-08,7483.0,-5.0,0.0,0,382.0,0.0,1,4.79,4.84,SPY230120P00343000,343.0,0,0.0,0.0,,0.0,normalDay
2022-11-09,7483.0,-122.0,0.0,0,374.13,0.0,1,4.79,6.01,SPY230120P00343000,343.0,0,0.0,0.0,,0.0,normalDay
2022-11-10,7483.0,187.0,0.0,0,394.69,0.0,1,4.79,2.92,SPY230120P00343000,343.0,0,0.0,0.0,,0.0,normalDay
2022-11-11,7483.0,222.0,0.0,0,398.51,0.0,1,4.79,2.57,SPY230120P00343000,343.0,0,0.0,0.0,,0.0,normalDay
2022-11-14,7483.0,211.0,0.0,0,395.12,0.0,1,4.79,2.68,SPY230120P00343000,343.0,0,0.0,0.0,,0.0,normalDay
2022-11-15,7483.0,219.0,0.0,0,398.49,0.0,1,4.79,2.6,SPY230120P00343000,343.0,0,0.0,0.0,,0.0,normalDay
2022-11-16,7483.0,224.0,0.0,0,395.45,0.0,1,4.79,2.55,SPY230120P00343000,343.0,0,0.0,0.0,,0.0,normalDay
2022-11-17,7483.0,233.0,0.0,0,394.24,0.0,1,4.79,2.46,SPY230120P00343000,343.0,0,0.0,0.0,,0.0,normalDay
2022-11-18,7483.0,259.0,0.0,0,396.03,0.0,1,4.79,2.2,SPY230120P00343000,343.0,0,0.0,0.0,,0.0,normalDay
2022-11-21,7483.0,284.0,0.0,0,394.59,0.0,1,4.79,1.95,SPY230120P00343000,343.0,0,0.0,0.0,,0.0,normalDay
2022-11-22,7483.0,333.0,0.0,0,399.9,0.0,1,4.79,1.46,SPY230120P00343000,343.0,0,0.0,0.0,,0.0,normalDay
2022-11-23,7483.0,349.0,0.0,0,402.42,0.0,1,4.79,1.3,SPY230120P00343000,343.0,0,0.0,0.0,,0.0,normalDay
2022-11-25,7483.0,350.0,0.0,0,402.33,0.0,1,4.79,1.29,SPY230120P00343000,343.0,0,0.0,0.0,,0.0,normalDay
2022-11-28,7483.0,314.0,0.0,0,395.91,0.0,1,4.79,1.65,SPY230120P00343000,343.0,0,0.0,0.0,,0.0,normalDay
2022-11-29,7483.0,327.0,0.0,0,395.23,0.0,1,4.79,1.52,SPY230120P00343000,343.0,0,0.0,0.0,,0.0,normalDay
2022-11-30,7483.0,393.0,0.0,0,407.68,0.0,1,4.79,0.86,SPY230120P00343000,343.0,0,0.0,0.0,,0.0,normalDay
2022-12-01,7483.0,399.0,0.0,0,407.38,0.0,1,4.79,0.8,SPY230120P00343000,343.0,0,0.0,0.0,,0.0,normalDay
2022-12-02,7483.0,404.0,0.0,0,406.91,0.0,1,4.79,0.75,SPY230120P00343000,343.0,0,0.0,0.0,,0.0,normalDay
2022-12-05,7483.0,383.0,0.0,0,399.59,0.0,1,4.79,0.96,SPY230120P00343000,343.0,0,0.0,0.0,,0.0,normalDay
2022-12-06,7483.0,351.0,0.0,0,393.83,0.0,1,4.79,1.28,SPY230120P00343000,343.0,0,0.0,0.0,,0.0,normalDay
2022-12-07,7483.0,345.0,0.0,0,393.16,0.0,1,4.79,1.34,SPY230120P00343000,343.0,0,0.0,0.0,,0.0,normalDay
2022-12-08,7483.0,369.0,0.0,0,396.24,0.0,1,4.79,1.1,SPY230120P00343000,343.0,0,0.0,0.0,,0.0,normalDay
2022-12-09,7483.0,359.0,0.0,0,393.28,0.0,1,4.79,1.2,SPY230120P00343000,343.0,0,0.0,0.0,,0.0,normalDay
2022-12-12,7483.0,377.0,0.0,0,398.95,0.0,1,4.79,1.02,SPY230120P00343000,343.0,0,0.0,0.0,,0.0,normalDay
2022-12-13,7483.0,413.0,0.0,0,401.97,0.0,1,4.79,0.66,SPY230120P00343000,343.0,0,0.0,0.0,,0.0,normalDay
2022-12-14,7483.0,424.0,0.0,0,399.4,0.0,1,4.79,0.55,SPY230120P00343000,343.0,0,0.0,0.0,,0.0,normalDay
2022-12-15,7483.0,385.0,0.0,0,389.63,0.0,1,4.79,0.94,SPY230120P00343000,343.0,0,0.0,0.0,,0.0,normalDay
2022-12-16,7483.0,371.0,0.0,0,383.27,0.0,1,4.79,1.08,SPY230120P00343000,343.0,0,0.0,0.0,,0.0,normalDay
2022-12-19,7483.0,373.0,0.0,0,380.02,0.0,1,4.79,1.06,SPY230120P00343000,343.0,0,0.0,0.0,,0.0,normalDay
2022-12-20,7483.0,394.0,0.0,0,380.54,0.0,1,4.79,0.85,SPY230120P00343000,343.0,0,0.0,0.0,,0.0,normalDay
2022-12-21,7483.0,429.0,0.0,0,386.23,0.0,1,4.79,0.5,SPY230120P00343000,343.0,0,0.0,0.0,,0.0,normalDay
2022-12-22,7483.0,395.0,0.0,0,380.72,0.0,1,4.79,0.84,SPY230120P00343000,343.0,0,0.0,0.0,,0.0,normalDay
2022-12-23,7483.0,419.0,0.0,0,382.91,0.0,1,4.79,0.6,SPY230120P00343000,343.0,0,0.0,0.0,,0.0,normalDay
2022-12-27,7483.0,426.0,0.0,0,381.4,0.0,1,4.79,0.53,SPY230120P00343000,343.0,0,0.0,0.0,,0.0,normalDay
2022-12-28,7483.0,409.0,0.0,0,376.66,0.0,1,4.79,0.7,SPY230120P00343000,343.0,0,0.0,0.0,,0.0,normalDay
2022-12-29,7483.0,439.0,0.0,0,383.44,0.0,1,4.79,0.4,SPY230120P00343000,343.0,0,0.0,0.0,,0.0,normalDay
2022-12-30,7483.0,438.0,0.0,0,382.43,0.0,1,4.79,0.41,SPY230120P00343000,343.0,0,0.0,0.0,,0.0,normalDay
2023-01-03,7483.0,445.0,0.0,0,380.82,0.0,1,4.79,0.34,SPY230120P00343000,343.0,0,0.0,0.0,,0.0,normalDay
2023-01-04,7483.0,461.0,0.0,0,383.76,0.0,1,4.79,0.18,SPY230120P00343000,343.0,0,0.0,0.0,,0.0,normalDay
2023-01-05,7483.0,455.0,0.0,0,379.38,0.0,1,4.79,0.24,SPY230120P00343000,343.0,0,0.0,0.0,,0.0,normalDay
2023-01-06,7483.0,469.0,0.0,0,388.08,0.0,1,4.79,0.1,SPY230120P00343000,343.0,0,0.0,0.0,,0.0,normalDay
2023-01-09,7483.0,470.0,0.0,0,387.86,0.0,1,4.79,0.09,SPY230120P00343000,343.0,0,0.0,0.0,,0.0,normalDay
2023-01-10,7483.0,473.0,0.0,0,390.58,0.0,1,4.79,0.06,SPY230120P00343000,343.0,0,0.0,0.0,,0.0,normalDay
2023-01-11,7483.0,472.0,0.0,0,395.52,0.0,1,4.79,0.07,SPY230120P00343000,343.0,0,0.0,0.0,,0.0,normalDay
2023-01-12,7483.0,475.0,0.0,0,396.96,0.0,1,4.79,0.04,SPY230120P00343000,343.0,0,0.0,0.0,,0.0,normalDay
2023-01-13,7483.0,476.0,0.0,0,398.5,0.0,1,4.79,0.03,SPY230120P00343000,343.0,0,0.0,0.0,,0.0,normalDay
2023-01-17,7483.0,477.0,0.0,0,397.77,0.0,1,4.79,0.02,SPY230120P00343000,343.0,0,0.0,0.0,,0.0,normalDay
2023-01-18,7483.0,477.0,0.0,0,391.49,0.0,1,4.79,0.02,SPY230120P00343000,343.0,0,0.0,0.0,,0.0,normalDay
2023-01-19,7483.0,478.0,0.0,0,388.64,0.0,1,4.79,0.01,SPY230120P00343000,343.0,0,0.0,0.0,,0.0,normalDay
2023-01-20,7962.0,0.0,479.0,0,395.88,0.0,1,4.79,0.0,SPY230120P00343000,343.0,0,0.0,0.0,,0.0,expirationDay
2023-01-23,7962.0,-4.0,0.0,0,400.63,0.0,1,3.67,3.71,SPY230331P00367000,367.0,0,0.0,0.0,,0.0,normalDay
2023-01-24,7962.0,31.0,0.0,0,400.2,0.0,1,3.67,3.36,SPY230331P00367000,367.0,0,0.0,0.0,,0.0,normalDay
2023-01-25,7962.0,24.0,0.0,0,400.35,0.0,1,3.67,3.43,SPY230331P00367000,367.0,0,0.0,0.0,,0.0,normalDay
2023-01-26,7962.0,82.0,0.0,0,404.75,0.0,1,3.67,2.85,SPY230331P00367000,367.0,0,0.0,0.0,,0.0,normalDay
2023-01-27,7962.0,99.0,0.0,0,405.68,0.0,1,3.67,2.68,SPY230331P00367000,367.0,0,0.0,0.0,,0.0,normalDay
2023-01-30,7962.0,43.0,0.0,0,400.59,0.0,1,3.67,3.24,SPY230331P00367000,367.0,0,0.0,0.0,,0.0,normalDay
2023-01-31,7962.0,110.0,0.0,0,406.48,0.0,1,3.67,2.57,SPY230331P00367000,367.0,0,0.0,0.0,,0.0,normalDay
2023-02-01,7962.0,175.0,0.0,0,410.8,0.0,1,3.67,1.92,SPY230331P00367000,367.0,0,0.0,0.0,,0.0,normalDay
2023-02-02,7962.0,173.0,0.0,0,416.78,0.0,1,3.67,1.94,SPY230331P00367000,367.0,0,0.0,0.0,,0.0,normalDay
2023-02-03,7962.0,169.0,0.0,0,412.35,0.0,1,3.67,1.98,SPY230331P00367000,367.0,0,0.0,0.0,,0.0,normalDay
2023-02-06,7962.0,152.0,0.0,0,409.83,0.0,1,3.67,2.15,SPY230331P00367000,367.0,0,0.0,0.0,,0.0,normalDay
2023-02-07,7962.0,202.0,0.0,0,415.19,0.0,1,3.67,1.65,SPY230331P00367000,367.0,0,0.0,0.0,,0.0,normalDay
2023-02-08,7962.0,161.0,0.0,0,410.65,0.0,1,3.67,2.06,SPY230331P00367000,367.0,0,0.0,0.0,,0.0,normalDay
2023-02-09,7962.0,122.0,0.0,0,407.09,0.0,1,3.67,2.45,SPY230331P00367000,367.0,0,0.0,0.0,,0.0,normalDay
2023-02-10,7962.0,138.0,0.0,0,408.04,0.0,1,3.67,2.29,SPY230331P00367000,367.0,0,0.0,0.0,,0.0,normalDay
2023-02-13,7962.0,201.0,0.0,0,412.83,0.0,1,3.67,1.66,SPY230331P00367000,367.0,0,0.0,0.0,,0.0,normalDay
2023-02-14,7962.0,225.0,0.0,0,412.64,0.0,1,3.67,1.42,SPY230331P00367000,367.0,0,0.0,0.0,,0.0,normalDay
2023-02-15,7962.0,248.0,0.0,0,413.98,0.0,1,3.67,1.19,SPY230331P00367000,367.0,0,0.0,0.0,,0.0,normalDay
2023-02-16,7962.0,189.0,0.0,0,408.28,0.0,1,3.67,1.78,SPY230331P00367000,367.0,0,0.0,0.0,,0.0,normalDay
2023-02-17,7962.0,196.0,0.0,0,407.26,0.0,1,3.67,1.71,SPY230331P00367000,367.0,0,0.0,0.0,,0.0,normalDay
2023-02-21,7962.0,116.0,0.0,0,399.09,0.0,1,3.67,2.51,SPY230331P00367000,367.0,0,0.0,0.0,,0.0,normalDay
2023-02-22,7962.0,132.0,0.0,0,398.54,0.0,1,3.67,2.35,SPY230331P00367000,367.0,0,0.0,0.0,,0.0,normalDay
2023-02-23,7962.0,179.0,0.0,0,400.66,0.0,1,3.67,1.88,SPY230331P00367000,367.0,0,0.0,0.0,,0.0,normalDay
2023-02-24,7962.0,136.0,0.0,0,396.38,0.0,1,3.67,2.31,SPY230331P00367000,367.0,0,0.0,0.0,,0.0,normalDay
2023-02-27,7962.0,196.0,0.0,0,397.73,0.0,1,3.67,1.71,SPY230331P00367000,367.0,0,0.0,0.0,,0.0,normalDay
2023-02-28,7962.0,194.0,0.0,0,396.26,0.0,1,3.67,1.73,SPY230331P00367000,367.0,0,0.0,0.0,,0.0,normalDay
2023-03-01,7962.0,190.0,0.0,0,394.74,0.0,1,3.67,1.77,SPY230331P00367000,367.0,0,0.0,0.0,,0.0,normalDay
2023-03-02,7962.0,243.0,0.0,0,397.81,0.0,1,3.67,1.24,SPY230331P00367000,367.0,0,0.0,0.0,,0.0,normalDay
2023-03-03,7962.0,297.0,0.0,0,404.19,0.0,1,3.67,0.7,SPY230331P00367000,367.0,0,0.0,0.0,,0.0,normalDay
2023-03-06,7962.0,306.0,0.0,0,404.47,0.0,1,3.67,0.61,SPY230331P00367000,367.0,0,0.0,0.0,,0.0,normalDay
2023-03-07,7962.0,269.0,0.0,0,398.27,0.0,1,3.67,0.98,SPY230331P00367000,367.0,0,0.0,0.0,,0.0,normalDay
2023-03-08,7962.0,286.0,0.0,0,398.92,0.0,1,3.67,0.81,SPY230331P00367000,367.0,0,0.0,0.0,,0.0,normalDay
2023-03-09,7962.0,166.0,0.0,0,391.56,0.0,1,3.67,2.01,SPY230331P00367000,367.0,0,0.0,0.0,,0.0,normalDay
2023-03-10,7962.0,50.0,0.0,0,385.91,0.0,1,3.67,3.17,SPY230331P00367000,367.0,0,0.0,0.0,,0.0,normalDay
2023-03-13,7962.0,28.0,0.0,0,385.36,0.0,1,3.67,3.39,SPY230331P00367000,367.0,0,0.0,0.0,,0.0,normalDay
2023-03-14,7962.0,204.0,0.0,0,391.73,0.0,1,3.67,1.63,SPY230331P00367000,367.0,0,0.0,0.0,,0.0,normalDay
2023-03-15,7962.0,114.0,0.0,0,389.28,0.0,1,3.67,2.53,SPY230331P00367000,367.0,0,0.0,0.0,,0.0,normalDay
2023-03-16,7962.0,253.0,0.0,0,396.11,0.0,1,3.67,1.14,SPY230331P00367000,367.0,0,0.0,0.0,,0.0,normalDay
2023-03-17,7962.0,204.0,0.0,0,389.99,0.0,1,3.67,1.63,SPY230331P00367000,367.0,0,0.0,0.0,,0.0,normalDay
2023-03-20,7962.0,271.0,0.0,0,393.74,0.0,1,3.67,0.96,SPY230331P00367000,367.0,0,0.0,0.0,,0.0,normalDay
2023-03-21,7962.0,330.0,0.0,0,398.91,0.0,1,3.67,0.37,SPY230331P00367000,367.0,0,0.0,0.0,,0.0,normalDay
2023-03-22,7962.0,305.0,0.0,0,392.11,0.0,1,3.67,0.62,SPY230331P00367000,367.0,0,0.0,0.0,,0.0,normalDay
2023-03-23,7962.0,319.0,0.0,0,393.17,0.0,1,3.67,0.48,SPY230331P00367000,367.0,0,0.0,0.0,,0.0,normalDay
2023-03-24,7962.0,350.0,0.0,0,395.75,0.0,1,3.67,0.17,SPY230331P00367000,367.0,0,0.0,0.0,,0.0,normalDay
2023-03-27,7962.0,362.0,0.0,0,396.49,0.0,1,3.67,0.05,SPY230331P00367000,367.0,0,0.0,0.0,,0.0,normalDay
2023-03-28,7962.0,363.0,0.0,0,395.6,0.0,1,3.67,0.04,SPY230331P00367000,367.0,0,0.0,0.0,,0.0,normalDay
2023-03-29,7962.0,364.0,0.0,0,401.35,0.0,1,3.67,0.03,SPY230331P00367000,367.0,0,0.0,0.0,,0.0,normalDay
2023-03-30,7962.0,365.0,0.0,0,403.7,0.0,1,3.67,0.02,SPY230331P00367000,367.0,0,0.0,0.0,,0.0,normalDay
2023-03-31,8329.0,0.0,367.0,0,409.39,0.0,1,3.67,0.0,SPY230331P00367000,367.0,0,0.0,0.0,,0.0,expirationDay
2023-04-03,8329.0,-3.0,0.0,0,410.95,0.0,1,3.82,3.85,SPY230616P00376000,376.0,0,0.0,0.0,,0.0,normalDay
2023-04-04,8329.0,-40.0,0.0,0,408.67,0.0,1,3.82,4.22,SPY230616P00376000,376.0,0,0.0,0.0,,0.0,normalDay
2023-04-05,8329.0,-59.0,0.0,0,407.6,0.0,1,3.82,4.41,SPY230616P00376000,376.0,0,0.0,0.0,,0.0,normalDay
2023-04-06,8329.0,-15.0,0.0,0,409.19,0.0,1,3.82,3.97,SPY230616P00376000,376.0,0,0.0,0.0,,0.0,normalDay
2023-04-10,8329.0,16.0,0.0,0,409.61,0.0,1,3.82,3.66,SPY230616P00376000,376.0,0,0.0,0.0,,0.0,normalDay
2023-04-11,8329.0,24.0,0.0,0,409.72,0.0,1,3.82,3.58,SPY230616P00376000,376.0,0,0.0,0.0,,0.0,normalDay
2023-04-12,8329.0,4.0,0.0,0,408.05,0.0,1,3.82,3.78,SPY230616P00376000,376.0,0,0.0,0.0,,0.0,normalDay
2023-04-13,8329.0,102.0,0.0,0,413.47,0.0,1,3.82,2.8,SPY230616P00376000,376.0,0,0.0,0.0,,0.0,normalDay
2023-04-14,8329.0,114.0,0.0,0,412.46,0.0,1,3.82,2.68,SPY230616P00376000,376.0,0,0.0,0.0,,0.0,normalDay
2023-04-17,8329.0,152.0,0.0,0,413.94,0.0,1,3.82,2.3,SPY230616P00376000,376.0,0,0.0,0.0,,0.0,normalDay
2023-04-18,8329.0,149.0,0.0,0,414.21,0.0,1,3.82,2.33,SPY230616P00376000,376.0,0,0.0,0.0,,0.0,normalDay
2023-04-19,8329.0,151.0,0.0,0,414.14,0.0,1,3.82,2.31,SPY230616P00376000,376.0,0,0.0,0.0,,0.0,normalDay
2023-04-20,8329.0,123.0,0.0,0,411.88,0.0,1,3.82,2.59,SPY230616P00376000,376.0,0,0.0,0.0,,0.0,normalDay
2023-04-21,8329.0,135.0,0.0,0,412.2,0.0,1,3.82,2.47,SPY230616P00376000,376.0,0,0.0,0.0,,0.0,normalDay
2023-04-24,8329.0,153.0,0.0,0,412.63,0.0,1,3.82,2.29,SPY230616P00376000,376.0,0,0.0,0.0,,0.0,normalDay
2023-04-25,8329.0,62.0,0.0,0,406.08,0.0,1,3.82,3.2,SPY230616P00376000,376.0,0,0.0,0.0,,0.0,normalDay
2023-04-26,8329.0,41.0,0.0,0,404.36,0.0,1,3.82,3.41,SPY230616P00376000,376.0,0,0.0,0.0,,0.0,normalDay
2023-04-27,8329.0,180.0,0.0,0,412.41,0.0,1,3.82,2.02,SPY230616P00376000,376.0,0,0.0,0.0,,0.0,normalDay
2023-04-28,8329.0,223.0,0.0,0,415.93,0.0,1,3.82,1.59,SPY230616P00376000,376.0,0,0.0,0.0,,0.0,normalDay
2023-05-01,8329.0,228.0,0.0,0,415.51,0.0,1,3.82,1.54,SPY230616P00376000,376.0,0,0.0,0.0,,0.0,normalDay
2023-05-02,8329.0,164.0,0.0,0,410.84,0.0,1,3.82,2.18,SPY230616P00376000,376.0,0,0.0,0.0,,0.0,normalDay
2023-05-03,8329.0,138.0,0.0,0,408.02,0.0,1,3.82,2.44,SPY230616P00376000,376.0,0,0.0,0.0,,0.0,normalDay
2023-05-04,8329.0,62.0,0.0,0,405.13,0.0,1,3.82,3.2,SPY230616P00376000,376.0,0,0.0,0.0,,0.0,normalDay
2023-05-05,8329.0,196.0,0.0,0,412.63,0.0,1,3.82,1.86,SPY230616P00376000,376.0,0,0.0,0.0,,0.0,normalDay
2023-05-08,8329.0,215.0,0.0,0,412.74,0.0,1,3.82,1.67,SPY230616P00376000,376.0,0,0.0,0.0,,0.0,normalDay
2023-05-09,8329.0,201.0,0.0,0,410.93,0.0,1,3.82,1.81,SPY230616P00376000,376.0,0,0.0,0.0,,0.0,normalDay
2023-05-10,8329.0,234.0,0.0,0,412.85,0.0,1,3.82,1.48,SPY230616P00376000,376.0,0,0.0,0.0,,0.0,normalDay
2023-05-11,8329.0,236.0,0.0,0,412.13,0.0,1,3.82,1.46,SPY230616P00376000,376.0,0,0.0,0.0,,0.0,normalDay
2023-05-12,8329.0,240.0,0.0,0,411.59,0.0,1,3.82,1.42,SPY230616P00376000,376.0,0,0.0,0.0,,0.0,normalDay
2023-05-15,8329.0,266.0,0.0,0,413.01,0.0,1,3.82,1.16,SPY230616P00376000,376.0,0,0.0,0.0,,0.0,normalDay
2023-05-16,8329.0,248.0,0.0,0,410.25,0.0,1,3.82,1.34,SPY230616P00376000,376.0,0,0.0,0.0,,0.0,normalDay
2023-05-17,8329.0,292.0,0.0,0,415.23,0.0,1,3.82,0.9,SPY230616P00376000,376.0,0,0.0,0.0,,0.0,normalDay
2023-05-18,8329.0,316.0,0.0,0,419.23,0.0,1,3.82,0.66,SPY230616P00376000,376.0,0,0.0,0.0,,0.0,normalDay
2023-05-19,8329.0,309.0,0.0,0,418.62,0.0,1,3.82,0.73,SPY230616P00376000,376.0,0,0.0,0.0,,0.0,normalDay
2023-05-22,8329.0,311.0,0.0,0,418.79,0.0,1,3.82,0.71,SPY230616P00376000,376.0,0,0.0,0.0,,0.0,normalDay
2023-05-23,8329.0,285.0,0.0,0,414.09,0.0,1,3.82,0.97,SPY230616P00376000,376.0,0,0.0,0.0,,0.0,normalDay
2023-05-24,8329.0,259.0,0.0,0,411.09,0.0,1,3.82,1.23,SPY230616P00376000,376.0,0,0.0,0.0,,0.0,normalDay
2023-05-25,8329.0,290.0,0.0,0,414.65,0.0,1,3.82,0.92,SPY230616P00376000,376.0,0,0.0,0.0,,0.0,normalDay
2023-05-26,8329.0,318.0,0.0,0,420.02,0.0,1,3.82,0.64,SPY230616P00376000,376.0,0,0.0,0.0,,0.0,normalDay
2023-05-30,8329.0,344.0,0.0,0,420.18,0.0,1,3.82,0.38,SPY230616P00376000,376.0,0,0.0,0.0,,0.0,normalDay
2023-05-31,8329.0,341.0,0.0,0,417.85,0.0,1,3.82,0.41,SPY230616P00376000,376.0,0,0.0,0.0,,0.0,normalDay
2023-06-01,8329.0,357.0,0.0,0,421.82,0.0,1,3.82,0.25,SPY230616P00376000,376.0,0,0.0,0.0,,0.0,normalDay
2023-06-02,8329.0,368.0,0.0,0,427.92,0.0,1,3.82,0.14,SPY230616P00376000,376.0,0,0.0,0.0,,0.0,normalDay
2023-06-05,8329.0,372.0,0.0,0,427.1,0.0,1,3.82,0.1,SPY230616P00376000,376.0,0,0.0,0.0,,0.0,normalDay
2023-06-06,8329.0,373.0,0.0,0,428.03,0.0,1,3.82,0.09,SPY230616P00376000,376.0,0,0.0,0.0,,0.0,normalDay
2023-06-07,8329.0,373.0,0.0,0,426.55,0.0,1,3.82,0.09,SPY230616P00376000,376.0,0,0.0,0.0,,0.0,normalDay
2023-06-08,8329.0,373.0,0.0,0,429.13,0.0,1,3.82,0.09,SPY230616P00376000,376.0,0,0.0,0.0,,0.0,normalDay
2023-06-09,8329.0,376.0,0.0,0,429.9,0.0,1,3.82,0.06,SPY230616P00376000,376.0,0,0.0,0.0,,0.0,normalDay
2023-06-12,8329.0,376.0,0.0,0,433.8,0.0,1,3.82,0.06,SPY230616P00376000,376.0,0,0.0,0.0,,0.0,normalDay
2023-06-13,8329.0,378.0,0.0,0,436.66,0.0,1,3.82,0.04,SPY230616P00376000,376.0,0,0.0,0.0,,0.0,normalDay
2023-06-14,8329.0,379.0,0.0,0,437.18,0.0,1,3.82,0.03,SPY230616P00376000,376.0,0,0.0,0.0,,0.0,normalDay
2023-06-15,8329.0,380.0,0.0,0,442.6,0.0,1,3.82,0.02,SPY230616P00376000,376.0,0,0.0,0.0,,0.0,normalDay
2023-06-16,8711.0,0.0,382.0,0,439.46,0.0,1,3.82,0.0,SPY230616P00376000,376.0,0,0.0,0.0,,0.0,expirationDay
2023-06-20,8711.0,-6.0,0.0,0,437.18,0.0,1,3.05,3.11,SPY230915P00400000,400.0,0,0.0,0.0,,0.0,normalDay
2023-06-21,8711.0,-4.0,0.0,0,434.94,0.0,1,3.05,3.09,SPY230915P00400000,400.0,0,0.0,0.0,,0.0,normalDay
2023-06-22,8711.0,21.0,0.0,0,436.51,0.0,1,3.05,2.84,SPY230915P00400000,400.0,0,0.0,0.0,,0.0,normalDay
2023-06-23,8711.0,-14.0,0.0,0,433.21,0.0,1,3.05,3.19,SPY230915P00400000,400.0,0,0.0,0.0,,0.0,normalDay
2023-06-26,8711.0,-22.0,0.0,0,431.44,0.0,1,3.05,3.27,SPY230915P00400000,400.0,0,0.0,0.0,,0.0,normalDay
2023-06-27,8711.0,44.0,0.0,0,436.17,0.0,1,3.05,2.61,SPY230915P00400000,400.0,0,0.0,0.0,,0.0,normalDay
2023-06-28,8711.0,73.0,0.0,0,436.39,0.0,1,3.05,2.32,SPY230915P00400000,400.0,0,0.0,0.0,,0.0,normalDay
2023-06-29,8711.0,76.0,0.0,0,438.11,0.0,1,3.05,2.29,SPY230915P00400000,400.0,0,0.0,0.0,,0.0,normalDay
2023-06-30,8711.0,115.0,0.0,0,443.28,0.0,1,3.05,1.9,SPY230915P00400000,400.0,0,0.0,0.0,,0.0,normalDay
2023-07-03,8711.0,123.0,0.0,0,443.79,0.0,1,3.05,1.82,SPY230915P00400000,400.0,0,0.0,0.0,,0.0,normalDay
2023-07-05,8711.0,114.0,0.0,0,443.13,0.0,1,3.05,1.91,SPY230915P00400000,400.0,0,0.0,0.0,,0.0,normalDay
2023-07-06,8711.0,68.0,0.0,0,439.66,0.0,1,3.05,2.37,SPY230915P00400000,400.0,0,0.0,0.0,,0.0,normalDay
2023-07-07,8711.0,79.0,0.0,0,438.55,0.0,1,3.05,2.26,SPY230915P00400000,400.0,0,0.0,0.0,,0.0,normalDay
2023-07-10,8711.0,93.0,0.0,0,439.66,0.0,1,3.05,2.12,SPY230915P00400000,400.0,0,0.0,0.0,,0.0,normalDay
2023-07-11,8711.0,118.0,0.0,0,442.46,0.0,1,3.05,1.87,SPY230915P00400000,400.0,0,0.0,0.0,,0.0,normalDay
2023-07-12,8711.0,163.0,0.0,0,446.02,0.0,1,3.05,1.42,SPY230915P00400000,400.0,0,0.0,0.0,,0.0,normalDay
2023-07-13,8711.0,174.0,0.0,0,449.56,0.0,1,3.05,1.31,SPY230915P00400000,400.0,0,0.0,0.0,,0.0,normalDay
2023-07-14,8711.0,180.0,0.0,0,449.28,0.0,1,3.05,1.25,SPY230915P00400000,400.0,0,0.0,0.0,,0.0,normalDay
2023-07-17,8711.0,191.0,0.0,0,450.84,0.0,1,3.05,1.14,SPY230915P00400000,400.0,0,0.0,0.0,,0.0,normalDay
2023-07-18,8711.0,209.0,0.0,0,454.19,0.0,1,3.05,0.96,SPY230915P00400000,400.0,0,0.0,0.0,,0.0,normalDay
2023-07-19,8711.0,204.0,0.0,0,455.2,0.0,1,3.05,1.01,SPY230915P00400000,400.0,0,0.0,0.0,,0.0,normalDay
2023-07-20,8711.0,196.0,0.0,0,452.18,0.0,1,3.05,1.09,SPY230915P00400000,400.0,0,0.0,0.0,,0.0,normalDay
2023-07-21,8711.0,201.0,0.0,0,452.18,0.0,1,3.05,1.04,SPY230915P00400000,400.0,0,0.0,0.0,,0.0,normalDay
2023-07-24,8711.0,212.0,0.0,0,454.2,0.0,1,3.05,0.93,SPY230915P00400000,400.0,0,0.0,0.0,,0.0,normalDay
2023-07-25,8711.0,219.0,0.0,0,455.44,0.0,1,3.05,0.86,SPY230915P00400000,400.0,0,0.0,0.0,,0.0,normalDay
2023-07-26,8711.0,232.0,0.0,0,455.51,0.0,1,3.05,0.73,SPY230915P00400000,400.0,0,0.0,0.0,,0.0,normalDay
2023-07-27,8711.0,209.0,0.0,0,452.49,0.0,1,3.05,0.96,SPY230915P00400000,400.0,0,0.0,0.0,,0.0,normalDay
2023-07-28,8711.0,237.0,0.0,0,456.92,0.0,1,3.05,0.68,SPY230915P00400000,400.0,0,0.0,0.0,,0.0,normalDay
2023-07-31,8711.0,244.0,0.0,0,457.79,0.0,1,3.05,0.61,SPY230915P00400000,400.0,0,0.0,0.0,,0.0,normalDay
2023-08-01,8711.0,242.0,0.0,0,456.48,0.0,1,3.05,0.63,SPY230915P00400000,400.0,0,0.0,0.0,,0.0,normalDay
2023-08-02,8711.0,203.0,0.0,0,450.13,0.0,1,3.05,1.02,SPY230915P00400000,400.0,0,0.0,0.0,,0.0,normalDay
2023-08-03,8711.0,206.0,0.0,0,448.84,0.0,1,3.05,0.99,SPY230915P00400000,400.0,0,0.0,0.0,,0.0,normalDay
2023-08-04,8711.0,179.0,0.0,0,446.81,0.0,1,3.05,1.26,SPY230915P00400000,400.0,0,0.0,0.0,,0.0,normalDay
2023-08-07,8711.0,220.0,0.0,0,450.71,0.0,1,3.05,0.85,SPY230915P00400000,400.0,0,0.0,0.0,,0.0,normalDay
2023-08-08,8711.0,214.0,0.0,0,448.75,0.0,1,3.05,0.91,SPY230915P00400000,400.0,0,0.0,0.0,,0.0,normalDay
2023-08-09,8711.0,214.0,0.0,0,445.75,0.0,1,3.05,0.91,SPY230915P00400000,400.0,0,0.0,0.0,,0.0,normalDay
2023-08-10,8711.0,218.0,0.0,0,445.91,0.0,1,3.05,0.87,SPY230915P00400000,400.0,0,0.0,0.0,,0.0,normalDay
2023-08-11,8711.0,233.0,0.0,0,445.65,0.0,1,3.05,0.72,SPY230915P00400000,400.0,0,0.0,0.0,,0.0,normalDay
2023-08-14,8711.0,250.0,0.0,0,448.11,0.0,1,3.05,0.55,SPY230915P00400000,400.0,0,0.0,0.0,,0.0,normalDay
2023-08-15,8711.0,226.0,0.0,0,442.89,0.0,1,3.05,0.79,SPY230915P00400000,400.0,0,0.0,0.0,,0.0,normalDay
2023-08-16,8711.0,217.0,0.0,0,439.64,0.0,1,3.05,0.88,SPY230915P00400000,400.0,0,0.0,0.0,,0.0,normalDay
2023-08-17,8711.0,191.0,0.0,0,436.29,0.0,1,3.05,1.14,SPY230915P00400000,400.0,0,0.0,0.0,,0.0,normalDay
2023-08-18,8711.0,214.0,0.0,0,436.5,0.0,1,3.05,0.91,SPY230915P00400000,400.0,0,0.0,0.0,,0.0,normalDay
2023-08-21,8711.0,237.0,0.0,0,439.34,0.0,1,3.05,0.68,SPY230915P00400000,400.0,0,0.0,0.0,,0.0,normalDay
2023-08-22,8711.0,243.0,0.0,0,438.15,0.0,1,3.05,0.62,SPY230915P00400000,400.0,0,0.0,0.0,,0.0,normalDay
2023-08-23,8711.0,266.0,0.0,0,443.03,0.0,1,3.05,0.39,SPY230915P00400000,400.0,0,0.0,0.0,,0.0,normalDay
2023-08-24,8711.0,248.0,0.0,0,436.89,0.0,1,3.05,0.57,SPY230915P00400000,400.0,0,0.0,0.0,,0.0,normalDay
2023-08-25,8711.0,270.0,0.0,0,439.97,0.0,1,3.05,0.35,SPY230915P00400000,400.0,0,0.0,0.0,,0.0,normalDay
2023-08-28,8711.0,283.0,0.0,0,442.76,0.0,1,3.05,0.22,SPY230915P00400000,400.0,0,0.0,0.0,,0.0,normalDay
2023-08-29,8711.0,289.0,0.0,0,449.16,0.0,1,3.05,0.16,SPY230915P00400000,400.0,0,0.0,0.0,,0.0,normalDay
2023-08-30,8711.0,290.0,0.0,0,451.01,0.0,1,3.05,0.15,SPY230915P00400000,400.0,0,0.0,0.0,,0.0,normalDay
2023-08-31,8711.0,291.0,0.0,0,450.35,0.0,1,3.05,0.14,SPY230915P00400000,400.0,0,0.0,0.0,,0.0,normalDay
2023-09-01,8711.0,295.0,0.0,0,451.19,0.0,1,3.05,0.1,SPY230915P00400000,400.0,0,0.0,0.0,,0.0,normalDay
2023-09-05,8711.0,296.0,0.0,0,449.24,0.0,1,3.05,0.09,SPY230915P00400000,400.0,0,0.0,0.0,,0.0,normalDay
2023-09-06,8711.0,296.0,0.0,0,446.22,0.0,1,3.05,0.09,SPY230915P00400000,400.0,0,0.0,0.0,,0.0,normalDay
2023-09-07,8711.0,298.0,0.0,0,444.85,0.0,1,3.05,0.07,SPY230915P00400000,400.0,0,0.0,0.0,,0.0,normalDay
2023-09-08,8711.0,300.0,0.0,0,445.52,0.0,1,3.05,0.05,SPY230915P00400000,400.0,0,0.0,0.0,,0.0,normalDay
2023-09-11,8711.0,301.0,0.0,0,448.45,0.0,1,3.05,0.04,SPY230915P00400000,400.0,0,0.0,0.0,,0.0,normalDay
2023-09-12,8711.0,302.0,0.0,0,445.99,0.0,1,3.05,0.03,SPY230915P00400000,400.0,0,0.0,0.0,,0.0,normalDay
2023-09-13,8711.0,303.0,0.0,0,446.51,0.0,1,3.05,0.02,SPY230915P00400000,400.0,0,0.0,0.0,,0.0,normalDay
2023-09-14,8711.0,303.0,0.0,0,450.36,0.0,1,3.05,0.02,SPY230915P00400000,400.0,0,0.0,0.0,,0.0,normalDay
2023-09-15,9016.0,0.0,305.0,0,443.37,0.0,1,3.05,0.0,SPY230915P00400000,400.0,0,0.0,0.0,,0.0,expirationDay
2023-09-18,9016.0,-3.0,0.0,0,443.63,0.0,1,4.66,4.69,SPY231117P00433000,433.0,0,0.0,0.0,,0.0,normalDay
2023-09-19,9016.0,-18.0,0.0,0,442.71,0.0,1,4.66,4.84,SPY231117P00433000,433.0,0,0.0,0.0,,0.0,normalDay
2023-09-20,9016.0,-167.0,0.0,0,438.64,0.0,1,4.66,6.33,SPY231117P00433000,433.0,0,0.0,0.0,,0.0,normalDay
2023-09-21,9016.0,-493.0,0.0,0,431.39,0.0,1,4.66,9.59,SPY231117P00433000,433.0,0,0.0,0.0,,0.0,normalDay
2023-09-22,9016.0,-519.0,0.0,0,430.42,0.0,1,4.66,9.85,SPY231117P00433000,433.0,0,0.0,0.0,,0.0,normalDay
2023-09-25,9016.0,-421.0,0.0,0,432.23,0.0,1,4.66,8.87,SPY231117P00433000,433.0,0,0.0,0.0,,0.0,normalDay
2023-09-26,9016.0,-768.0,0.0,0,425.88,0.0,1,4.66,12.34,SPY231117P00433000,433.0,0,0.0,0.0,,0.0,normalDay
2023-09-27,9016.0,-725.0,0.0,0,426.05,0.0,1,4.66,11.91,SPY231117P00433000,433.0,0,0.0,0.0,,0.0,normalDay
2023-09-28,9016.0,-590.0,0.0,0,428.52,0.0,1,4.66,10.56,SPY231117P00433000,433.0,0,0.0,0.0,,0.0,normalDay
2023-09-29,9016.0,-627.0,0.0,0,427.48,0.0,1,4.66,10.93,SPY231117P00433000,433.0,0,0.0,0.0,,0.0,normalDay
2023-10-02,9016.0,-615.0,0.0,0,427.31,0.0,1,4.66,10.81,SPY231117P00433000,433.0,0,0.0,0.0,,0.0,normalDay
2023-10-03,9016.0,-996.0,0.0,0,421.59,0.0,1,4.66,14.62,SPY231117P00433000,433.0,0,0.0,0.0,,0.0,normalDay
2023-10-04,9016.0,-800.0,0.0,0,424.66,0.0,1,4.66,12.66,SPY231117P00433000,433.0,0,0.0,0.0,,0.0,normalDay
2023-10-05,9016.0,-812.0,0.0,0,424.5,0.0,1,4.66,12.78,SPY231117P00433000,433.0,0,0.0,0.0,,0.0,normalDay
2023-10-06,9016.0,-470.0,0.0,0,429.54,0.0,1,4.66,9.36,SPY231117P00433000,433.0,0,0.0,0.0,,0.0,normalDay
2023-10-09,9016.0,-334.0,0.0,0,432.29,0.0,1,4.66,8.0,SPY231117P00433000,433.0,0,0.0,0.0,,0.0,normalDay
2023-10-10,9016.0,-219.0,0.0,0,434.54,0.0,1,4.66,6.85,SPY231117P00433000,433.0,0,0.0,0.0,,0.0,normalDay
2023-10-11,9016.0,-91.0,0.0,0,436.32,0.0,1,4.66,5.57,SPY231117P00433000,433.0,0,0.0,0.0,,0.0,normalDay
2023-10-12,9016.0,-203.0,0.0,0,433.66,0.0,1,4.66,6.69,SPY231117P00433000,433.0,0,0.0,0.0,,0.0,normalDay
2023-10-13,9016.0,-389.0,0.0,0,431.5,0.0,1,4.66,8.55,SPY231117P00433000,433.0,0,0.0,0.0,,0.0,normalDay
2023-10-16,9016.0,-107.0,0.0,0,436.04,0.0,1,4.66,5.73,SPY231117P00433000,433.0,0,0.0,0.0,,0.0,normalDay
2023-10-17,9016.0,-132.0,0.0,0,436.02,0.0,1,4.66,5.98,SPY231117P00433000,433.0,0,0.0,0.0,,0.0,normalDay
2023-10-18,9016.0,-371.0,0.0,0,430.21,0.0,1,4.66,8.37,SPY231117P00433000,433.0,0,0.0,0.0,,0.0,normalDay
2023-10-19,9016.0,-679.0,0.0,0,426.43,0.0,1,4.66,11.45,SPY231117P00433000,433.0,0,0.0,0.0,,0.0,normalDay
2023-10-20,9016.0,-939.0,0.0,0,421.19,0.0,1,4.66,14.05,SPY231117P00433000,433.0,0,0.0,0.0,,0.0,normalDay
2023-10-23,9016.0,-892.0,0.0,0,420.46,0.0,1,4.66,13.58,SPY231117P00433000,433.0,0,0.0,0.0,,0.0,normalDay
2023-10-24,9016.0,-670.0,0.0,0,423.63,0.0,1,4.66,11.36,SPY231117P00433000,433.0,0,0.0,0.0,,0.0,normalDay
2023-10-25,9016.0,-1223.0,0.0,0,417.55,0.0,1,4.66,16.89,SPY231117P00433000,433.0,0,0.0,0.0,,0.0,normalDay
2023-10-26,9016.0,-1644.0,0.0,0,412.55,0.0,1,4.66,21.1,SPY231117P00433000,433.0,0,0.0,0.0,,0.0,normalDay
2023-10-27,9016.0,-1820.0,0.0,0,410.68,0.0,1,4.66,22.86,SPY231117P00433000,433.0,0,0.0,0.0,,0.0,normalDay
2023-10-30,9016.0,-1329.0,0.0,0,415.59,0.0,1,4.66,17.95,SPY231117P00433000,433.0,0,0.0,0.0,,0.0,normalDay
2023-10-31,9016.0,-1083.0,0.0,0,418.2,0.0,1,4.66,15.49,SPY231117P00433000,433.0,0,0.0,0.0,,0.0,normalDay
2023-11-01,9016.0,-661.0,0.0,0,422.66,0.0,1,4.66,11.27,SPY231117P00433000,433.0,0,0.0,0.0,,0.0,normalDay
2023-11-02,9016.0,-92.0,0.0,0,430.76,0.0,1,4.66,5.58,SPY231117P00433000,433.0,0,0.0,0.0,,0.0,normalDay
2023-11-03,9016.0,149.0,0.0,0,434.69,0.0,1,4.66,3.17,SPY231117P00433000,433.0,0,0.0,0.0,,0.0,normalDay
2023-11-06,9016.0,202.0,0.0,0,435.69,0.0,1,4.66,2.64,SPY231117P00433000,433.0,0,0.0,0.0,,0.0,normalDay
2023-11-07,9016.0,262.0,0.0,0,436.93,0.0,1,4.66,2.04,SPY231117P00433000,433.0,0,0.0,0.0,,0.0,normalDay
2023-11-08,9016.0,292.0,0.0,0,437.25,0.0,1,4.66,1.74,SPY231117P00433000,433.0,0,0.0,0.0,,0.0,normalDay
2023-11-09,9016.0,186.0,0.0,0,433.84,0.0,1,4.66,2.8,SPY231117P00433000,433.0,0,0.0,0.0,,0.0,normalDay
2023-11-10,9016.0,402.0,0.0,0,440.61,0.0,1,4.66,0.64,SPY231117P00433000,433.0,0,0.0,0.0,,0.0,normalDay
2023-11-13,9016.0,406.0,0.0,0,440.19,0.0,1,4.66,0.6,SPY231117P00433000,433.0,0,0.0,0.0,,0.0,normalDay
2023-11-14,9016.0,455.0,0.0,0,448.73,0.0,1,4.66,0.11,SPY231117P00433000,433.0,0,0.0,0.0,,0.0,normalDay
2023-11-15,9016.0,461.0,0.0,0,449.68,0.0,1,4.66,0.05,SPY231117P00433000,433.0,0,0.0,0.0,,0.0,normalDay
2023-11-16,9016.0,464.0,0.0,0,450.23,0.0,1,4.66,0.02,SPY231117P00433000,433.0,0,0.0,0.0,,0.0,normalDay
2023-11-17,9482.0,0.0,466.0,0,450.79,0.0,1,4.66,0.0,SPY231117P00433000,433.0,0,0.0,0.0,,0.0,expirationDay
2023-11-20,9482.0,-3.0,0.0,0,454.26,0.0,1,0.89,0.92,SPY240131P00390000,390.0,0,0.0,0.0,,0.0,normalDay
2023-11-21,9482.0,0.0,0.0,0,453.27,0.0,1,0.89,0.89,SPY240131P00390000,390.0,0,0.0,0.0,,0.0,normalDay
2023-11-22,9482.0,4.0,0.0,0,455.02,0.0,1,0.89,0.85,SPY240131P00390000,390.0,0,0.0,0.0,,0.0,normalDay
2023-11-24,9482.0,14.0,0.0,0,455.3,0.0,1,0.89,0.75,SPY240131P00390000,390.0,0,0.0,0.0,,0.0,normalDay
2023-11-27,9482.0,14.0,0.0,0,454.48,0.0,1,0.89,0.75,SPY240131P00390000,390.0,0,0.0,0.0,,0.0,normalDay
2023-11-28,9482.0,19.0,0.0,0,454.93,0.0,1,0.89,0.7,SPY240131P00390000,390.0,0,0.0,0.0,,0.0,normalDay
2023-11-29,9482.0,18.0,0.0,0,454.61,0.0,1,0.89,0.71,SPY240131P00390000,390.0,0,0.0,0.0,,0.0,normalDay
2023-11-30,9482.0,23.0,0.0,0,456.4,0.0,1,0.89,0.66,SPY240131P00390000,390.0,0,0.0,0.0,,0.0,normalDay
