date,totalCapital,unrializedPnL,rializedPnL,stocksOwned,stocksPriceToday,stocksPriceBoughtAt,putOwned,putOwnedSoldAt,putPriceToday,putOwnedContract,putOwnedStrike,callOwned,callOwnedSoldAt,callPriceToday,callOwnedContract,callOwnedStrike,trackType
2018-11-01,0.0,-9.0,0.0,0,273.51,0.0,1,8.82,8.91,SPY190118P00274000,274.0,0,0.0,0.0,,0.0,normalDay
2018-11-02,0.0,-74.0,0.0,0,271.89,0.0,1,8.82,9.56,SPY190118P00274000,274.0,0,0.0,0.0,,0.0,normalDay
2018-11-05,0.0,21.0,0.0,0,273.39,0.0,1,8.82,8.61,SPY190118P00274000,274.0,0,0.0,0.0,,0.0,normalDay
2018-11-06,0.0,112.0,0.0,0,275.12,0.0,1,8.82,7.7,SPY190118P00274000,274.0,0,0.0,0.0,,0.0,normalDay
2018-11-07,0.0,388.0,0.0,0,281.01,0.0,1,8.82,4.94,SPY190118P00274000,274.0,0,0.0,0.0,,0.0,normalDay
2018-11-08,0.0,383.0,0.0,0,280.5,0.0,1,8.82,4.99,SPY190118P00274000,274.0,0,0.0,0.0,,0.0,normalDay
2018-11-09,0.0,269.0,0.0,0,277.76,0.0,1,8.82,6.13,SPY190118P00274000,274.0,0,0.0,0.0,,0.0,normalDay
2018-11-12,0.0,30.0,0.0,0,272.57,0.0,1,8.82,8.52,SPY190118P00274000,274.0,0,0.0,0.0,,0.0,normalDay
2018-11-13,0.0,-2.0,0.0,0,272.06,0.0,1,8.82,8.84,SPY190118P00274000,274.0,0,0.0,0.0,,0.0,normalDay
2018-11-14,0.0,-140.0,0.0,0,270.2,0.0,1,8.82,10.22,SPY190118P00274000,274.0,0,0.0,0.0,,0.0,normalDay
2018-11-15,0.0,42.0,0.0,0,273.02,0.0,1,8.82,8.4,SPY190118P00274000,274.0,0,0.0,0.0,,0.0,normalDay
2018-11-16,0.0,135.0,0.0,0,273.73,0.0,1,8.82,7.47,SPY190118P00274000,274.0,0,0.0,0.0,,0.0,normalDay
2018-11-19,0.0,-125.0,0.0,0,269.1,0.0,1,8.82,10.07,SPY190118P00274000,274.0,0,0.0,0.0,,0.0,normalDay
2018-11-20,0.0,-503.0,0.0,0,264.12,0.0,1,8.82,13.85,SPY190118P00274000,274.0,0,0.0,0.0,,0.0,normalDay
2018-11-21,0.0,-401.0,0.0,0,265.02,0.0,1,8.82,12.83,SPY190118P00274000,274.0,0,0.0,0.0,,0.0,normalDay
2018-11-23,0.0,-537.0,0.0,0,263.25,0.0,1,8.82,14.19,SPY190118P00274000,274.0,0,0.0,0.0,,0.0,normalDay
2018-11-26,0.0,-159.0,0.0,0,267.5,0.0,1,8.82,10.41,SPY190118P00274000,274.0,0,0.0,0.0,,0.0,normalDay
2018-11-27,0.0,-118.0,0.0,0,268.4,0.0,1,8.82,10.0,SPY190118P00274000,274.0,0,0.0,0.0,,0.0,normalDay
2018-11-28,0.0,199.0,0.0,0,274.58,0.0,1,8.82,6.83,SPY190118P00274000,274.0,0,0.0,0.0,,0.0,normalDay
2018-11-29,0.0,184.0,0.0,0,273.98,0.0,1,8.82,6.98,SPY190118P00274000,274.0,0,0.0,0.0,,0.0,normalDay
2018-11-30,0.0,284.0,0.0,0,275.65,0.0,1,8.82,5.98,SPY190118P00274000,274.0,0,0.0,0.0,,0.0,normalDay
2018-12-03,0.0,464.0,0.0,0,279.3,0.0,1,8.82,4.18,SPY190118P00274000,274.0,0,0.0,0.0,,0.0,normalDay
2018-12-04,0.0,-5.0,0.0,0,270.25,0.0,1,8.82,8.87,SPY190118P00274000,274.0,0,0.0,0.0,,0.0,normalDay
2018-12-06,0.0,-33.0,0.0,0,269.84,0.0,1,8.82,9.15,SPY190118P00274000,274.0,0,0.0,0.0,,0.0,normalDay
2018-12-07,0.0,-491.0,0.0,0,263.57,0.0,1,8.82,13.73,SPY190118P00274000,274.0,0,0.0,0.0,,0.0,normalDay
2018-12-10,0.0,-386.0,0.0,0,264.07,0.0,1,8.82,12.68,SPY190118P00274000,274.0,0,0.0,0.0,,0.0,normalDay
2018-12-11,0.0,-382.0,0.0,0,264.13,0.0,1,8.82,12.64,SPY190118P00274000,274.0,0,0.0,0.0,,0.0,normalDay
2018-12-12,0.0,-307.0,0.0,0,265.46,0.0,1,8.82,11.89,SPY190118P00274000,274.0,0,0.0,0.0,,0.0,normalDay
2018-12-13,0.0,-294.0,0.0,0,265.37,0.0,1,8.82,11.76,SPY190118P00274000,274.0,0,0.0,0.0,,0.0,normalDay
2018-12-14,0.0,-672.0,0.0,0,260.47,0.0,1,8.82,15.54,SPY190118P00274000,274.0,0,0.0,0.0,,0.0,normalDay
2018-12-17,0.0,-1137.0,0.0,0,255.36,0.0,1,8.82,20.19,SPY190118P00274000,274.0,0,0.0,0.0,,0.0,normalDay
2018-12-18,0.0,-1230.0,0.0,0,255.08,0.0,1,8.82,21.12,SPY190118P00274000,274.0,0,0.0,0.0,,0.0,normalDay
2018-12-19,0.0,-1539.0,0.0,0,251.26,0.0,1,8.82,24.21,SPY190118P00274000,274.0,0,0.0,0.0,,0.0,normalDay
2018-12-20,0.0,-1882.0,0.0,0,247.17,0.0,1,8.82,27.64,SPY190118P00274000,274.0,0,0.0,0.0,,0.0,normalDay
2018-12-21,0.0,-2523.0,0.0,0,240.7,0.0,1,8.82,34.05,SPY190118P00274000,274.0,0,0.0,0.0,,0.0,normalDay
2018-12-24,0.0,-3318.0,0.0,0,234.34,0.0,1,8.82,42.0,SPY190118P00274000,274.0,0,0.0,0.0,,0.0,normalDay
2018-12-26,0.0,-1893.0,0.0,0,246.18,0.0,1,8.82,27.75,SPY190118P00274000,274.0,0,0.0,0.0,,0.0,normalDay
2018-12-27,0.0,-1673.0,0.0,0,248.07,0.0,1,8.82,25.55,SPY190118P00274000,274.0,0,0.0,0.0,,0.0,normalDay
2018-12-28,0.0,-1757.0,0.0,0,247.75,0.0,1,8.82,26.39,SPY190118P00274000,274.0,0,0.0,0.0,,0.0,normalDay
2018-12-31,0.0,-1560.0,0.0,0,249.92,0.0,1,8.82,24.42,SPY190118P00274000,274.0,0,0.0,0.0,,0.0,normalDay
2019-01-02,0.0,-1490.0,0.0,0,250.18,0.0,1,8.82,23.72,SPY190118P00274000,274.0,0,0.0,0.0,,0.0,normalDay
2019-01-03,0.0,-2125.0,0.0,0,244.21,0.0,1,8.82,30.07,SPY190118P00274000,274.0,0,0.0,0.0,,0.0,normalDay
2019-01-04,0.0,-1288.0,0.0,0,252.39,0.0,1,8.82,21.7,SPY190118P00274000,274.0,0,0.0,0.0,,0.0,normalDay
2019-01-07,0.0,-1109.0,0.0,0,254.38,0.0,1,8.82,19.91,SPY190118P00274000,274.0,0,0.0,0.0,,0.0,normalDay
2019-01-08,0.0,-871.0,0.0,0,256.77,0.0,1,8.82,17.53,SPY190118P00274000,274.0,0,0.0,0.0,,0.0,normalDay
2019-01-09,0.0,-751.0,0.0,0,257.97,0.0,1,8.82,16.33,SPY190118P00274000,274.0,0,0.0,0.0,,0.0,normalDay
2019-01-10,0.0,-648.0,0.0,0,258.88,0.0,1,8.82,15.3,SPY190118P00274000,274.0,0,0.0,0.0,,0.0,normalDay
2019-01-11,0.0,-639.0,0.0,0,258.98,0.0,1,8.82,15.21,SPY190118P00274000,274.0,0,0.0,0.0,,0.0,normalDay
2019-01-14,0.0,-788.0,0.0,0,257.4,0.0,1,8.82,16.7,SPY190118P00274000,274.0,0,0.0,0.0,,0.0,normalDay
2019-01-15,0.0,-510.0,0.0,0,260.35,0.0,1,8.82,13.92,SPY190118P00274000,274.0,0,0.0,0.0,,0.0,normalDay
2019-01-16,0.0,-442.0,0.0,0,260.98,0.0,1,8.82,13.24,SPY190118P00274000,274.0,0,0.0,0.0,,0.0,normalDay
2019-01-17,0.0,-238.0,0.0,0,262.96,0.0,1,8.82,11.2,SPY190118P00274000,274.0,0,0.0,0.0,,0.0,normalDay
2019-01-18,882.0,-754.0,882.0,100,266.46,274.0,1,8.82,0.0,SPY190118P00274000,274.0,0,0.0,0.0,,0.0,expirationDay
2019-01-22,882.0,-1148.0,0.0,100,262.86,274.0,0,0.0,0.0,,0.0,1,10.22,10.56,SPY200117C00279000,279.0,normalDay
2019-01-23,882.0,-1075.0,0.0,100,263.41,274.0,0,0.0,0.0,,0.0,1,10.22,10.38,SPY200117C00279000,279.0,normalDay
2019-01-24,882.0,-1020.0,0.0,100,263.55,274.0,0,0.0,0.0,,0.0,1,10.22,9.97,SPY200117C00279000,279.0,normalDay
2019-01-25,882.0,-940.0,0.0,100,265.78,274.0,0,0.0,0.0,,0.0,1,10.22,11.4,SPY200117C00279000,279.0,normalDay
2019-01-28,882.0,-1047.0,0.0,100,263.76,274.0,0,0.0,0.0,,0.0,1,10.22,10.45,SPY200117C00279000,279.0,normalDay
2019-01-29,882.0,-1059.0,0.0,100,263.41,274.0,0,0.0,0.0,,0.0,1,10.22,10.22,SPY200117C00279000,279.0,normalDay
2019-01-30,882.0,-811.0,0.0,100,267.58,274.0,0,0.0,0.0,,0.0,1,10.22,11.91,SPY200117C00279000,279.0,normalDay
2019-01-31,882.0,-687.0,0.0,100,269.93,274.0,0,0.0,0.0,,0.0,1,10.22,13.02,SPY200117C00279000,279.0,normalDay
2019-02-01,882.0,-661.0,0.0,100,270.06,274.0,0,0.0,0.0,,0.0,1,10.22,12.89,SPY200117C00279000,279.0,normalDay
2019-02-04,882.0,-539.0,0.0,100,271.96,274.0,0,0.0,0.0,,0.0,1,10.22,13.57,SPY200117C00279000,279.0,normalDay
2019-02-05,882.0,-457.0,0.0,100,273.1,274.0,0,0.0,0.0,,0.0,1,10.22,13.89,SPY200117C00279000,279.0,normalDay
2019-02-06,882.0,-469.0,0.0,100,272.74,274.0,0,0.0,0.0,,0.0,1,10.22,13.65,SPY200117C00279000,279.0,normalDay
2019-02-07,882.0,-599.0,0.0,100,270.14,274.0,0,0.0,0.0,,0.0,1,10.22,12.35,SPY200117C00279000,279.0,normalDay
2019-02-08,882.0,-560.0,0.0,100,270.47,274.0,0,0.0,0.0,,0.0,1,10.22,12.29,SPY200117C00279000,279.0,normalDay
2019-02-11,882.0,-545.0,0.0,100,270.62,274.0,0,0.0,0.0,,0.0,1,10.22,12.29,SPY200117C00279000,279.0,normalDay
2019-02-12,882.0,-381.0,0.0,100,274.1,274.0,0,0.0,0.0,,0.0,1,10.22,14.13,SPY200117C00279000,279.0,normalDay
2019-02-13,882.0,-330.0,0.0,100,274.99,274.0,0,0.0,0.0,,0.0,1,10.22,14.51,SPY200117C00279000,279.0,normalDay
2019-02-14,882.0,-376.0,0.0,100,274.38,274.0,0,0.0,0.0,,0.0,1,10.22,14.36,SPY200117C00279000,279.0,normalDay
2019-02-15,882.0,-233.0,0.0,100,277.37,274.0,0,0.0,0.0,,0.0,1,10.22,15.92,SPY200117C00279000,279.0,normalDay
2019-02-19,882.0,-161.0,0.0,100,277.85,274.0,0,0.0,0.0,,0.0,1,10.22,15.68,SPY200117C00279000,279.0,normalDay
2019-02-20,882.0,-128.0,0.0,100,278.41,274.0,0,0.0,0.0,,0.0,1,10.22,15.91,SPY200117C00279000,279.0,normalDay
2019-02-21,882.0,-167.0,0.0,100,277.42,274.0,0,0.0,0.0,,0.0,1,10.22,15.31,SPY200117C00279000,279.0,normalDay
2019-02-22,882.0,-73.0,0.0,100,279.14,274.0,0,0.0,0.0,,0.0,1,10.22,16.09,SPY200117C00279000,279.0,normalDay
2019-02-25,882.0,-70.0,0.0,100,279.52,274.0,0,0.0,0.0,,0.0,1,10.22,16.44,SPY200117C00279000,279.0,normalDay
2019-02-26,882.0,-80.0,0.0,100,279.32,274.0,0,0.0,0.0,,0.0,1,10.22,16.34,SPY200117C00279000,279.0,normalDay
2019-02-27,882.0,-86.0,0.0,100,279.2,274.0,0,0.0,0.0,,0.0,1,10.22,16.28,SPY200117C00279000,279.0,normalDay
2019-02-28,882.0,-92.0,0.0,100,278.68,274.0,0,0.0,0.0,,0.0,1,10.22,15.82,SPY200117C00279000,279.0,normalDay
2019-03-01,882.0,-2.0,0.0,100,280.42,274.0,0,0.0,0.0,,0.0,1,10.22,16.66,SPY200117C00279000,279.0,normalDay
2019-03-04,882.0,-36.0,0.0,100,279.4,274.0,0,0.0,0.0,,0.0,1,10.22,15.98,SPY200117C00279000,279.0,normalDay
2019-03-05,882.0,-50.0,0.0,100,279.02,274.0,0,0.0,0.0,,0.0,1,10.22,15.74,SPY200117C00279000,279.0,normalDay
2019-03-06,882.0,-140.0,0.0,100,277.33,274.0,0,0.0,0.0,,0.0,1,10.22,14.95,SPY200117C00279000,279.0,normalDay
2019-03-07,882.0,-280.0,0.0,100,275.01,274.0,0,0.0,0.0,,0.0,1,10.22,14.03,SPY200117C00279000,279.0,normalDay
2019-03-08,882.0,-299.0,0.0,100,274.46,274.0,0,0.0,0.0,,0.0,1,10.22,13.67,SPY200117C00279000,279.0,normalDay
2019-03-11,882.0,-74.0,0.0,100,278.44,274.0,0,0.0,0.0,,0.0,1,10.22,15.4,SPY200117C00279000,279.0,normalDay
2019-03-12,882.0,-2.0,0.0,100,279.49,274.0,0,0.0,0.0,,0.0,1,10.22,15.73,SPY200117C00279000,279.0,normalDay
2019-03-13,882.0,61.0,0.0,100,281.34,274.0,0,0.0,0.0,,0.0,1,10.22,16.95,SPY200117C00279000,279.0,normalDay
2019-03-14,882.0,76.0,0.0,100,281.16,274.0,0,0.0,0.0,,0.0,1,10.22,16.62,SPY200117C00279000,279.0,normalDay
2019-03-15,882.0,12.0,0.0,100,281.31,274.0,0,0.0,0.0,,0.0,1,10.22,17.41,SPY200117C00279000,279.0,normalDay
2019-03-18,882.0,33.0,0.0,100,282.33,274.0,0,0.0,0.0,,0.0,1,10.22,18.22,SPY200117C00279000,279.0,normalDay
2019-03-19,882.0,53.0,0.0,100,282.4,274.0,0,0.0,0.0,,0.0,1,10.22,18.09,SPY200117C00279000,279.0,normalDay
2019-03-20,882.0,22.0,0.0,100,281.55,274.0,0,0.0,0.0,,0.0,1,10.22,17.55,SPY200117C00279000,279.0,normalDay
2019-03-21,882.0,134.0,0.0,100,284.73,274.0,0,0.0,0.0,,0.0,1,10.22,19.61,SPY200117C00279000,279.0,normalDay
2019-03-22,882.0,-166.0,0.0,100,279.25,274.0,0,0.0,0.0,,0.0,1,10.22,17.13,SPY200117C00279000,279.0,normalDay
2019-03-25,882.0,-126.0,0.0,100,279.04,274.0,0,0.0,0.0,,0.0,1,10.22,16.52,SPY200117C00279000,279.0,normalDay
2019-03-26,882.0,-1.0,0.0,100,281.12,274.0,0,0.0,0.0,,0.0,1,10.22,17.35,SPY200117C00279000,279.0,normalDay
2019-03-27,882.0,-83.0,0.0,100,279.65,274.0,0,0.0,0.0,,0.0,1,10.22,16.7,SPY200117C00279000,279.0,normalDay
2019-03-28,882.0,-29.0,0.0,100,280.71,274.0,0,0.0,0.0,,0.0,1,10.22,17.22,SPY200117C00279000,279.0,normalDay
2019-03-29,882.0,47.0,0.0,100,282.48,274.0,0,0.0,0.0,,0.0,1,10.22,18.23,SPY200117C00279000,279.0,normalDay
2019-04-01,882.0,210.0,0.0,100,285.83,274.0,0,0.0,0.0,,0.0,1,10.22,19.95,SPY200117C00279000,279.0,normalDay
2019-04-02,882.0,228.0,0.0,100,285.97,274.0,0,0.0,0.0,,0.0,1,10.22,19.91,SPY200117C00279000,279.0,normalDay
2019-04-03,882.0,212.0,0.0,100,286.42,274.0,0,0.0,0.0,,0.0,1,10.22,20.52,SPY200117C00279000,279.0,normalDay
2019-04-04,882.0,249.0,0.0,100,287.18,274.0,0,0.0,0.0,,0.0,1,10.22,20.91,SPY200117C00279000,279.0,normalDay
2019-04-05,882.0,309.0,0.0,100,288.57,274.0,0,0.0,0.0,,0.0,1,10.22,21.7,SPY200117C00279000,279.0,normalDay
2019-04-08,882.0,325.0,0.0,100,288.79,274.0,0,0.0,0.0,,0.0,1,10.22,21.76,SPY200117C00279000,279.0,normalDay
2019-04-09,882.0,272.0,0.0,100,287.31,274.0,0,0.0,0.0,,0.0,1,10.22,20.81,SPY200117C00279000,279.0,normalDay
2019-04-10,882.0,300.0,0.0,100,288.29,274.0,0,0.0,0.0,,0.0,1,10.22,21.51,SPY200117C00279000,279.0,normalDay
2019-04-11,882.0,321.0,0.0,100,288.21,274.0,0,0.0,0.0,,0.0,1,10.22,21.22,SPY200117C00279000,279.0,normalDay
2019-04-12,882.0,385.0,0.0,100,290.16,274.0,0,0.0,0.0,,0.0,1,10.22,22.53,SPY200117C00279000,279.0,normalDay
2019-04-15,882.0,380.0,0.0,100,289.97,274.0,0,0.0,0.0,,0.0,1,10.22,22.39,SPY200117C00279000,279.0,normalDay
2019-04-16,882.0,405.0,0.0,100,290.16,274.0,0,0.0,0.0,,0.0,1,10.22,22.33,SPY200117C00279000,279.0,normalDay
2019-04-17,882.0,385.0,0.0,100,289.45,274.0,0,0.0,0.0,,0.0,1,10.22,21.82,SPY200117C00279000,279.0,normalDay
2019-04-18,882.0,385.0,0.0,100,290.02,274.0,0,0.0,0.0,,0.0,1,10.22,22.39,SPY200117C00279000,279.0,normalDay
2019-04-22,882.0,397.0,0.0,100,290.27,274.0,0,0.0,0.0,,0.0,1,10.22,22.52,SPY200117C00279000,279.0,normalDay
2019-04-23,882.0,480.0,0.0,100,292.88,274.0,0,0.0,0.0,,0.0,1,10.22,24.3,SPY200117C00279000,279.0,normalDay
2019-04-24,882.0,447.0,0.0,100,292.23,274.0,0,0.0,0.0,,0.0,1,10.22,23.98,SPY200117C00279000,279.0,normalDay
2019-04-25,882.0,453.0,0.0,100,292.05,274.0,0,0.0,0.0,,0.0,1,10.22,23.74,SPY200117C00279000,279.0,normalDay
2019-04-26,882.0,497.0,0.0,100,293.41,274.0,0,0.0,0.0,,0.0,1,10.22,24.66,SPY200117C00279000,279.0,normalDay
2019-04-29,882.0,510.0,0.0,100,293.87,274.0,0,0.0,0.0,,0.0,1,10.22,24.99,SPY200117C00279000,279.0,normalDay
2019-04-30,882.0,491.0,0.0,100,294.02,274.0,0,0.0,0.0,,0.0,1,10.22,25.33,SPY200117C00279000,279.0,normalDay
2019-05-01,882.0,426.0,0.0,100,291.81,274.0,0,0.0,0.0,,0.0,1,10.22,23.77,SPY200117C00279000,279.0,normalDay
2019-05-02,882.0,425.0,0.0,100,291.18,274.0,0,0.0,0.0,,0.0,1,10.22,23.15,SPY200117C00279000,279.0,normalDay
2019-05-03,882.0,513.0,0.0,100,294.03,274.0,0,0.0,0.0,,0.0,1,10.22,25.12,SPY200117C00279000,279.0,normalDay
2019-05-06,882.0,469.0,0.0,100,292.82,274.0,0,0.0,0.0,,0.0,1,10.22,24.35,SPY200117C00279000,279.0,normalDay
2019-05-07,882.0,218.0,0.0,100,287.93,274.0,0,0.0,0.0,,0.0,1,10.22,21.97,SPY200117C00279000,279.0,normalDay
2019-05-08,882.0,225.0,0.0,100,287.53,274.0,0,0.0,0.0,,0.0,1,10.22,21.5,SPY200117C00279000,279.0,normalDay
2019-05-09,882.0,225.0,0.0,100,286.66,274.0,0,0.0,0.0,,0.0,1,10.22,20.63,SPY200117C00279000,279.0,normalDay
2019-05-10,882.0,361.0,0.0,100,288.1,274.0,0,0.0,0.0,,0.0,1,10.22,20.71,SPY200117C00279000,279.0,normalDay
2019-05-13,882.0,58.0,0.0,100,280.86,274.0,0,0.0,0.0,,0.0,1,10.22,16.5,SPY200117C00279000,279.0,normalDay
2019-05-14,882.0,186.0,0.0,100,283.4,274.0,0,0.0,0.0,,0.0,1,10.22,17.76,SPY200117C00279000,279.0,normalDay
2019-05-15,882.0,261.0,0.0,100,285.06,274.0,0,0.0,0.0,,0.0,1,10.22,18.67,SPY200117C00279000,279.0,normalDay
2019-05-16,882.0,390.0,0.0,100,287.7,274.0,0,0.0,0.0,,0.0,1,10.22,20.02,SPY200117C00279000,279.0,normalDay
2019-05-17,882.0,310.0,0.0,100,285.84,274.0,0,0.0,0.0,,0.0,1,10.22,18.96,SPY200117C00279000,279.0,normalDay
2019-05-20,882.0,241.0,0.0,100,283.95,274.0,0,0.0,0.0,,0.0,1,10.22,17.76,SPY200117C00279000,279.0,normalDay
2019-05-21,882.0,371.0,0.0,100,286.51,274.0,0,0.0,0.0,,0.0,1,10.22,19.02,SPY200117C00279000,279.0,normalDay
2019-05-22,882.0,354.0,0.0,100,285.63,274.0,0,0.0,0.0,,0.0,1,10.22,18.31,SPY200117C00279000,279.0,normalDay
2019-05-23,882.0,206.0,0.0,100,282.14,274.0,0,0.0,0.0,,0.0,1,10.22,16.3,SPY200117C00279000,279.0,normalDay
2019-05-24,882.0,224.0,0.0,100,282.78,274.0,0,0.0,0.0,,0.0,1,10.22,16.76,SPY200117C00279000,279.0,normalDay
2019-05-28,882.0,104.0,0.0,100,280.15,274.0,0,0.0,0.0,,0.0,1,10.22,15.33,SPY200117C00279000,279.0,normalDay
2019-05-29,882.0,35.0,0.0,100,278.27,274.0,0,0.0,0.0,,0.0,1,10.22,14.14,SPY200117C00279000,279.0,normalDay
2019-05-30,882.0,87.0,0.0,100,279.03,274.0,0,0.0,0.0,,0.0,1,10.22,14.38,SPY200117C00279000,279.0,normalDay
2019-05-31,882.0,-98.0,0.0,100,275.27,274.0,0,0.0,0.0,,0.0,1,10.22,12.47,SPY200117C00279000,279.0,normalDay
2019-06-03,882.0,-122.0,0.0,100,274.57,274.0,0,0.0,0.0,,0.0,1,10.22,12.01,SPY200117C00279000,279.0,normalDay
2019-06-04,882.0,195.0,0.0,100,280.53,274.0,0,0.0,0.0,,0.0,1,10.22,14.8,SPY200117C00279000,279.0,normalDay
2019-06-05,882.0,306.0,0.0,100,282.96,274.0,0,0.0,0.0,,0.0,1,10.22,16.12,SPY200117C00279000,279.0,normalDay
2019-06-06,882.0,387.0,0.0,100,284.8,274.0,0,0.0,0.0,,0.0,1,10.22,17.15,SPY200117C00279000,279.0,normalDay
2019-06-07,882.0,473.0,0.0,100,287.65,274.0,0,0.0,0.0,,0.0,1,10.22,19.14,SPY200117C00279000,279.0,normalDay
2019-06-10,882.0,520.0,0.0,100,288.97,274.0,0,0.0,0.0,,0.0,1,10.22,19.99,SPY200117C00279000,279.0,normalDay
2019-06-11,882.0,517.0,0.0,100,288.9,274.0,0,0.0,0.0,,0.0,1,10.22,19.95,SPY200117C00279000,279.0,normalDay
2019-06-12,882.0,503.0,0.0,100,288.39,274.0,0,0.0,0.0,,0.0,1,10.22,19.58,SPY200117C00279000,279.0,normalDay
2019-06-13,882.0,550.0,0.0,100,289.58,274.0,0,0.0,0.0,,0.0,1,10.22,20.3,SPY200117C00279000,279.0,normalDay
2019-06-14,882.0,541.0,0.0,100,289.26,274.0,0,0.0,0.0,,0.0,1,10.22,20.07,SPY200117C00279000,279.0,normalDay
2019-06-17,882.0,557.0,0.0,100,289.37,274.0,0,0.0,0.0,,0.0,1,10.22,20.02,SPY200117C00279000,279.0,normalDay
2019-06-18,882.0,649.0,0.0,100,292.4,274.0,0,0.0,0.0,,0.0,1,10.22,22.13,SPY200117C00279000,279.0,normalDay
2019-06-19,882.0,689.0,0.0,100,293.06,274.0,0,0.0,0.0,,0.0,1,10.22,22.39,SPY200117C00279000,279.0,normalDay
2019-06-20,882.0,775.0,0.0,100,295.86,274.0,0,0.0,0.0,,0.0,1,10.22,24.33,SPY200117C00279000,279.0,normalDay
2019-06-21,882.0,597.0,0.0,100,294.0,274.0,0,0.0,0.0,,0.0,1,10.22,24.25,SPY200117C00279000,279.0,normalDay
2019-06-24,882.0,606.0,0.0,100,293.64,274.0,0,0.0,0.0,,0.0,1,10.22,23.8,SPY200117C00279000,279.0,normalDay
2019-06-25,882.0,510.0,0.0,100,290.76,274.0,0,0.0,0.0,,0.0,1,10.22,21.88,SPY200117C00279000,279.0,normalDay
2019-06-26,882.0,518.0,0.0,100,290.47,274.0,0,0.0,0.0,,0.0,1,10.22,21.51,SPY200117C00279000,279.0,normalDay
2019-06-27,882.0,531.0,0.0,100,291.5,274.0,0,0.0,0.0,,0.0,1,10.22,22.41,SPY200117C00279000,279.0,normalDay
2019-06-28,882.0,558.0,0.0,100,293.0,274.0,0,0.0,0.0,,0.0,1,10.22,23.64,SPY200117C00279000,279.0,normalDay
2019-07-01,882.0,721.0,0.0,100,295.66,274.0,0,0.0,0.0,,0.0,1,10.22,24.67,SPY200117C00279000,279.0,normalDay
2019-07-02,882.0,760.0,0.0,100,296.43,274.0,0,0.0,0.0,,0.0,1,10.22,25.05,SPY200117C00279000,279.0,normalDay
2019-07-03,882.0,810.0,0.0,100,298.8,274.0,0,0.0,0.0,,0.0,1,10.22,26.92,SPY200117C00279000,279.0,normalDay
2019-07-05,882.0,842.0,0.0,100,298.46,274.0,0,0.0,0.0,,0.0,1,10.22,26.26,SPY200117C00279000,279.0,normalDay
2019-07-08,882.0,760.0,0.0,100,296.82,274.0,0,0.0,0.0,,0.0,1,10.22,25.44,SPY200117C00279000,279.0,normalDay
2019-07-09,882.0,776.0,0.0,100,297.19,274.0,0,0.0,0.0,,0.0,1,10.22,25.65,SPY200117C00279000,279.0,normalDay
2019-07-10,882.0,814.0,0.0,100,298.61,274.0,0,0.0,0.0,,0.0,1,10.22,26.69,SPY200117C00279000,279.0,normalDay
2019-07-11,882.0,830.0,0.0,100,299.31,274.0,0,0.0,0.0,,0.0,1,10.22,27.23,SPY200117C00279000,279.0,normalDay
2019-07-12,882.0,872.0,0.0,100,300.65,274.0,0,0.0,0.0,,0.0,1,10.22,28.15,SPY200117C00279000,279.0,normalDay
2019-07-15,882.0,870.0,0.0,100,300.75,274.0,0,0.0,0.0,,0.0,1,10.22,28.27,SPY200117C00279000,279.0,normalDay
2019-07-16,882.0,842.0,0.0,100,299.78,274.0,0,0.0,0.0,,0.0,1,10.22,27.58,SPY200117C00279000,279.0,normalDay
2019-07-17,882.0,786.0,0.0,100,297.74,274.0,0,0.0,0.0,,0.0,1,10.22,26.1,SPY200117C00279000,279.0,normalDay
2019-07-18,882.0,821.0,0.0,100,298.83,274.0,0,0.0,0.0,,0.0,1,10.22,26.84,SPY200117C00279000,279.0,normalDay
2019-07-19,882.0,787.0,0.0,100,297.17,274.0,0,0.0,0.0,,0.0,1,10.22,25.52,SPY200117C00279000,279.0,normalDay
2019-07-22,882.0,829.0,0.0,100,297.9,274.0,0,0.0,0.0,,0.0,1,10.22,25.83,SPY200117C00279000,279.0,normalDay
2019-07-23,882.0,896.0,0.0,100,300.03,274.0,0,0.0,0.0,,0.0,1,10.22,27.29,SPY200117C00279000,279.0,normalDay
2019-07-24,882.0,937.0,0.0,100,301.44,274.0,0,0.0,0.0,,0.0,1,10.22,28.29,SPY200117C00279000,279.0,normalDay
2019-07-25,882.0,889.0,0.0,100,300.0,274.0,0,0.0,0.0,,0.0,1,10.22,27.33,SPY200117C00279000,279.0,normalDay
2019-07-26,882.0,949.0,0.0,100,302.01,274.0,0,0.0,0.0,,0.0,1,10.22,28.74,SPY200117C00279000,279.0,normalDay
2019-07-29,882.0,918.0,0.0,100,301.46,274.0,0,0.0,0.0,,0.0,1,10.22,28.5,SPY200117C00279000,279.0,normalDay
2019-07-30,882.0,907.0,0.0,100,300.72,274.0,0,0.0,0.0,,0.0,1,10.22,27.87,SPY200117C00279000,279.0,normalDay
2019-07-31,882.0,807.0,0.0,100,297.43,274.0,0,0.0,0.0,,0.0,1,10.22,25.58,SPY200117C00279000,279.0,normalDay
2019-08-01,882.0,690.0,0.0,100,294.84,274.0,0,0.0,0.0,,0.0,1,10.22,24.16,SPY200117C00279000,279.0,normalDay
2019-08-02,882.0,651.0,0.0,100,292.62,274.0,0,0.0,0.0,,0.0,1,10.22,22.33,SPY200117C00279000,279.0,normalDay
2019-08-05,882.0,317.0,0.0,100,283.82,274.0,0,0.0,0.0,,0.0,1,10.22,16.87,SPY200117C00279000,279.0,normalDay
2019-08-06,882.0,504.0,0.0,100,287.8,274.0,0,0.0,0.0,,0.0,1,10.22,18.98,SPY200117C00279000,279.0,normalDay
2019-08-07,882.0,521.0,0.0,100,287.97,274.0,0,0.0,0.0,,0.0,1,10.22,18.98,SPY200117C00279000,279.0,normalDay
2019-08-08,882.0,739.0,0.0,100,293.62,274.0,0,0.0,0.0,,0.0,1,10.22,22.45,SPY200117C00279000,279.0,normalDay
2019-08-09,882.0,652.0,0.0,100,291.62,274.0,0,0.0,0.0,,0.0,1,10.22,21.32,SPY200117C00279000,279.0,normalDay
2019-08-12,882.0,513.0,0.0,100,288.07,274.0,0,0.0,0.0,,0.0,1,10.22,19.16,SPY200117C00279000,279.0,normalDay
2019-08-13,882.0,689.0,0.0,100,292.55,274.0,0,0.0,0.0,,0.0,1,10.22,21.88,SPY200117C00279000,279.0,normalDay
2019-08-14,882.0,318.0,0.0,100,283.9,274.0,0,0.0,0.0,,0.0,1,10.22,16.94,SPY200117C00279000,279.0,normalDay
2019-08-15,882.0,362.0,0.0,100,284.65,274.0,0,0.0,0.0,,0.0,1,10.22,17.25,SPY200117C00279000,279.0,normalDay
2019-08-16,882.0,564.0,0.0,100,288.85,274.0,0,0.0,0.0,,0.0,1,10.22,19.43,SPY200117C00279000,279.0,normalDay
2019-08-19,882.0,734.0,0.0,100,292.33,274.0,0,0.0,0.0,,0.0,1,10.22,21.21,SPY200117C00279000,279.0,normalDay
2019-08-20,882.0,662.0,0.0,100,290.09,274.0,0,0.0,0.0,,0.0,1,10.22,19.69,SPY200117C00279000,279.0,normalDay
2019-08-21,882.0,734.0,0.0,100,292.45,274.0,0,0.0,0.0,,0.0,1,10.22,21.33,SPY200117C00279000,279.0,normalDay
2019-08-22,882.0,740.0,0.0,100,292.36,274.0,0,0.0,0.0,,0.0,1,10.22,21.18,SPY200117C00279000,279.0,normalDay
2019-08-23,882.0,377.0,0.0,100,284.85,274.0,0,0.0,0.0,,0.0,1,10.22,17.3,SPY200117C00279000,279.0,normalDay
2019-08-26,882.0,546.0,0.0,100,288.0,274.0,0,0.0,0.0,,0.0,1,10.22,18.76,SPY200117C00279000,279.0,normalDay
2019-08-27,882.0,509.0,0.0,100,286.87,274.0,0,0.0,0.0,,0.0,1,10.22,18.0,SPY200117C00279000,279.0,normalDay
2019-08-28,882.0,587.0,0.0,100,288.89,274.0,0,0.0,0.0,,0.0,1,10.22,19.24,SPY200117C00279000,279.0,normalDay
2019-08-29,882.0,743.0,0.0,100,292.58,274.0,0,0.0,0.0,,0.0,1,10.22,21.37,SPY200117C00279000,279.0,normalDay
2019-08-30,882.0,718.0,0.0,100,292.45,274.0,0,0.0,0.0,,0.0,1,10.22,21.49,SPY200117C00279000,279.0,normalDay
2019-09-03,882.0,676.0,0.0,100,290.74,274.0,0,0.0,0.0,,0.0,1,10.22,20.2,SPY200117C00279000,279.0,normalDay
2019-09-04,882.0,816.0,0.0,100,294.04,274.0,0,0.0,0.0,,0.0,1,10.22,22.1,SPY200117C00279000,279.0,normalDay
2019-09-05,882.0,959.0,0.0,100,297.82,274.0,0,0.0,0.0,,0.0,1,10.22,24.45,SPY200117C00279000,279.0,normalDay
2019-09-06,882.0,949.0,0.0,100,298.05,274.0,0,0.0,0.0,,0.0,1,10.22,24.78,SPY200117C00279000,279.0,normalDay
2019-09-09,882.0,981.0,0.0,100,298.2,274.0,0,0.0,0.0,,0.0,1,10.22,24.61,SPY200117C00279000,279.0,normalDay
2019-09-10,882.0,986.0,0.0,100,298.13,274.0,0,0.0,0.0,,0.0,1,10.22,24.49,SPY200117C00279000,279.0,normalDay
2019-09-11,882.0,1027.0,0.0,100,300.25,274.0,0,0.0,0.0,,0.0,1,10.22,26.2,SPY200117C00279000,279.0,normalDay
2019-09-12,882.0,1047.0,0.0,100,301.29,274.0,0,0.0,0.0,,0.0,1,10.22,27.04,SPY200117C00279000,279.0,normalDay
2019-09-13,882.0,1061.0,0.0,100,301.09,274.0,0,0.0,0.0,,0.0,1,10.22,26.7,SPY200117C00279000,279.0,normalDay
2019-09-16,882.0,1025.0,0.0,100,300.16,274.0,0,0.0,0.0,,0.0,1,10.22,26.13,SPY200117C00279000,279.0,normalDay
2019-09-17,882.0,1053.0,0.0,100,300.92,274.0,0,0.0,0.0,,0.0,1,10.22,26.61,SPY200117C00279000,279.0,normalDay
2019-09-18,882.0,1053.0,0.0,100,301.1,274.0,0,0.0,0.0,,0.0,1,10.22,26.79,SPY200117C00279000,279.0,normalDay
2019-09-19,882.0,1091.0,0.0,100,301.08,274.0,0,0.0,0.0,,0.0,1,10.22,26.39,SPY200117C00279000,279.0,normalDay
2019-09-20,882.0,901.0,0.0,100,298.28,274.0,0,0.0,0.0,,0.0,1,10.22,25.49,SPY200117C00279000,279.0,normalDay
2019-09-23,882.0,907.0,0.0,100,298.21,274.0,0,0.0,0.0,,0.0,1,10.22,25.36,SPY200117C00279000,279.0,normalDay
2019-09-24,882.0,824.0,0.0,100,295.87,274.0,0,0.0,0.0,,0.0,1,10.22,23.85,SPY200117C00279000,279.0,normalDay
2019-09-25,882.0,915.0,0.0,100,297.62,274.0,0,0.0,0.0,,0.0,1,10.22,24.69,SPY200117C00279000,279.0,normalDay
2019-09-26,882.0,888.0,0.0,100,297.0,274.0,0,0.0,0.0,,0.0,1,10.22,24.34,SPY200117C00279000,279.0,normalDay
2019-09-27,882.0,845.0,0.0,100,295.4,274.0,0,0.0,0.0,,0.0,1,10.22,23.17,SPY200117C00279000,279.0,normalDay
2019-09-30,882.0,884.0,0.0,100,296.77,274.0,0,0.0,0.0,,0.0,1,10.22,24.15,SPY200117C00279000,279.0,normalDay
2019-10-01,882.0,805.0,0.0,100,293.24,274.0,0,0.0,0.0,,0.0,1,10.22,21.41,SPY200117C00279000,279.0,normalDay
2019-10-02,882.0,665.0,0.0,100,288.06,274.0,0,0.0,0.0,,0.0,1,10.22,17.63,SPY200117C00279000,279.0,normalDay
2019-10-03,882.0,732.0,0.0,100,290.42,274.0,0,0.0,0.0,,0.0,1,10.22,19.32,SPY200117C00279000,279.0,normalDay
2019-10-04,882.0,884.0,0.0,100,294.35,274.0,0,0.0,0.0,,0.0,1,10.22,21.73,SPY200117C00279000,279.0,normalDay
2019-10-07,882.0,871.0,0.0,100,293.08,274.0,0,0.0,0.0,,0.0,1,10.22,20.59,SPY200117C00279000,279.0,normalDay
2019-10-08,882.0,698.0,0.0,100,288.53,274.0,0,0.0,0.0,,0.0,1,10.22,17.77,SPY200117C00279000,279.0,normalDay
2019-10-09,882.0,825.0,0.0,100,291.27,274.0,0,0.0,0.0,,0.0,1,10.22,19.24,SPY200117C00279000,279.0,normalDay
2019-10-10,882.0,874.0,0.0,100,293.24,274.0,0,0.0,0.0,,0.0,1,10.22,20.72,SPY200117C00279000,279.0,normalDay
2019-10-11,882.0,984.0,0.0,100,296.28,274.0,0,0.0,0.0,,0.0,1,10.22,22.66,SPY200117C00279000,279.0,normalDay
2019-10-14,882.0,1034.0,0.0,100,295.95,274.0,0,0.0,0.0,,0.0,1,10.22,21.83,SPY200117C00279000,279.0,normalDay
2019-10-15,882.0,1108.0,0.0,100,298.88,274.0,0,0.0,0.0,,0.0,1,10.22,24.02,SPY200117C00279000,279.0,normalDay
2019-10-16,882.0,1107.0,0.0,100,298.4,274.0,0,0.0,0.0,,0.0,1,10.22,23.55,SPY200117C00279000,279.0,normalDay
2019-10-17,882.0,1147.0,0.0,100,299.28,274.0,0,0.0,0.0,,0.0,1,10.22,24.03,SPY200117C00279000,279.0,normalDay
2019-10-18,882.0,1104.0,0.0,100,297.97,274.0,0,0.0,0.0,,0.0,1,10.22,23.15,SPY200117C00279000,279.0,normalDay
2019-10-21,882.0,1170.0,0.0,100,299.99,274.0,0,0.0,0.0,,0.0,1,10.22,24.51,SPY200117C00279000,279.0,normalDay
2019-10-22,882.0,1166.0,0.0,100,299.01,274.0,0,0.0,0.0,,0.0,1,10.22,23.57,SPY200117C00279000,279.0,normalDay
2019-10-23,882.0,1168.0,0.0,100,299.88,274.0,0,0.0,0.0,,0.0,1,10.22,24.42,SPY200117C00279000,279.0,normalDay
2019-10-24,882.0,1215.0,0.0,100,300.37,274.0,0,0.0,0.0,,0.0,1,10.22,24.44,SPY200117C00279000,279.0,normalDay
2019-10-25,882.0,1239.0,0.0,100,301.6,274.0,0,0.0,0.0,,0.0,1,10.22,25.43,SPY200117C00279000,279.0,normalDay
2019-10-28,882.0,1259.0,0.0,100,303.3,274.0,0,0.0,0.0,,0.0,1,10.22,26.93,SPY200117C00279000,279.0,normalDay
2019-10-29,882.0,1263.0,0.0,100,303.21,274.0,0,0.0,0.0,,0.0,1,10.22,26.8,SPY200117C00279000,279.0,normalDay
2019-10-30,882.0,1263.0,0.0,100,304.14,274.0,0,0.0,0.0,,0.0,1,10.22,27.73,SPY200117C00279000,279.0,normalDay
2019-10-31,882.0,1276.0,0.0,100,303.33,274.0,0,0.0,0.0,,0.0,1,10.22,26.79,SPY200117C00279000,279.0,normalDay
2019-11-01,882.0,1321.0,0.0,100,306.14,274.0,0,0.0,0.0,,0.0,1,10.22,29.15,SPY200117C00279000,279.0,normalDay
2019-11-04,882.0,1329.0,0.0,100,307.37,274.0,0,0.0,0.0,,0.0,1,10.22,30.3,SPY200117C00279000,279.0,normalDay
2019-11-05,882.0,1326.0,0.0,100,307.03,274.0,0,0.0,0.0,,0.0,1,10.22,29.99,SPY200117C00279000,279.0,normalDay
2019-11-06,882.0,1314.0,0.0,100,307.1,274.0,0,0.0,0.0,,0.0,1,10.22,30.18,SPY200117C00279000,279.0,normalDay
2019-11-07,882.0,1342.0,0.0,100,308.18,274.0,0,0.0,0.0,,0.0,1,10.22,30.98,SPY200117C00279000,279.0,normalDay
2019-11-08,882.0,1350.0,0.0,100,308.94,274.0,0,0.0,0.0,,0.0,1,10.22,31.66,SPY200117C00279000,279.0,normalDay
2019-11-11,882.0,1350.0,0.0,100,308.35,274.0,0,0.0,0.0,,0.0,1,10.22,31.07,SPY200117C00279000,279.0,normalDay
2019-11-12,882.0,1390.0,0.0,100,309.0,274.0,0,0.0,0.0,,0.0,1,10.22,31.32,SPY200117C00279000,279.0,normalDay
2019-11-13,882.0,1368.0,0.0,100,309.1,274.0,0,0.0,0.0,,0.0,1,10.22,31.64,SPY200117C00279000,279.0,normalDay
2019-11-14,882.0,1381.0,0.0,100,309.55,274.0,0,0.0,0.0,,0.0,1,10.22,31.96,SPY200117C00279000,279.0,normalDay
2019-11-15,882.0,1413.0,0.0,100,311.79,274.0,0,0.0,0.0,,0.0,1,10.22,33.88,SPY200117C00279000,279.0,normalDay
2019-11-18,882.0,1411.0,0.0,100,312.02,274.0,0,0.0,0.0,,0.0,1,10.22,34.13,SPY200117C00279000,279.0,normalDay
2019-11-19,882.0,1426.0,0.0,100,311.93,274.0,0,0.0,0.0,,0.0,1,10.22,33.89,SPY200117C00279000,279.0,normalDay
2019-11-20,882.0,1418.0,0.0,100,310.77,274.0,0,0.0,0.0,,0.0,1,10.22,32.81,SPY200117C00279000,279.0,normalDay
2019-11-21,882.0,1410.0,0.0,100,310.27,274.0,0,0.0,0.0,,0.0,1,10.22,32.39,SPY200117C00279000,279.0,normalDay
2019-11-22,882.0,1416.0,0.0,100,310.96,274.0,0,0.0,0.0,,0.0,1,10.22,33.02,SPY200117C00279000,279.0,normalDay
2019-11-25,882.0,1477.0,0.0,100,313.37,274.0,0,0.0,0.0,,0.0,1,10.22,34.82,SPY200117C00279000,279.0,normalDay
2019-11-26,882.0,1454.0,0.0,100,314.08,274.0,0,0.0,0.0,,0.0,1,10.22,35.76,SPY200117C00279000,279.0,normalDay
2019-11-27,882.0,1468.0,0.0,100,315.48,274.0,0,0.0,0.0,,0.0,1,10.22,37.02,SPY200117C00279000,279.0,normalDay
2019-11-29,882.0,1432.0,0.0,100,314.31,274.0,0,0.0,0.0,,0.0,1,10.22,36.21,SPY200117C00279000,279.0,normalDay
2019-12-02,882.0,1453.0,0.0,100,311.64,274.0,0,0.0,0.0,,0.0,1,10.22,33.33,SPY200117C00279000,279.0,normalDay
2019-12-03,882.0,1445.0,0.0,100,309.55,274.0,0,0.0,0.0,,0.0,1,10.22,31.32,SPY200117C00279000,279.0,normalDay
2019-12-04,882.0,1479.0,0.0,100,311.46,274.0,0,0.0,0.0,,0.0,1,10.22,32.89,SPY200117C00279000,279.0,normalDay
2019-12-05,882.0,1460.0,0.0,100,312.02,274.0,0,0.0,0.0,,0.0,1,10.22,33.64,SPY200117C00279000,279.0,normalDay
2019-12-06,882.0,1484.0,0.0,100,314.87,274.0,0,0.0,0.0,,0.0,1,10.22,36.25,SPY200117C00279000,279.0,normalDay
2019-12-09,882.0,1485.0,0.0,100,313.88,274.0,0,0.0,0.0,,0.0,1,10.22,35.25,SPY200117C00279000,279.0,normalDay
2019-12-10,882.0,1447.0,0.0,100,313.53,274.0,0,0.0,0.0,,0.0,1,10.22,35.28,SPY200117C00279000,279.0,normalDay
2019-12-11,882.0,1459.0,0.0,100,314.42,274.0,0,0.0,0.0,,0.0,1,10.22,36.05,SPY200117C00279000,279.0,normalDay
2019-12-12,882.0,1498.0,0.0,100,317.13,274.0,0,0.0,0.0,,0.0,1,10.22,38.37,SPY200117C00279000,279.0,normalDay
2019-12-13,882.0,1490.0,0.0,100,317.32,274.0,0,0.0,0.0,,0.0,1,10.22,38.64,SPY200117C00279000,279.0,normalDay
2019-12-16,882.0,1478.0,0.0,100,319.5,274.0,0,0.0,0.0,,0.0,1,10.22,40.94,SPY200117C00279000,279.0,normalDay
2019-12-17,882.0,1502.0,0.0,100,319.57,274.0,0,0.0,0.0,,0.0,1,10.22,40.77,SPY200117C00279000,279.0,normalDay
2019-12-18,882.0,1482.0,0.0,100,319.59,274.0,0,0.0,0.0,,0.0,1,10.22,40.99,SPY200117C00279000,279.0,normalDay
2019-12-19,882.0,1485.0,0.0,100,320.9,274.0,0,0.0,0.0,,0.0,1,10.22,42.27,SPY200117C00279000,279.0,normalDay
2019-12-20,882.0,1396.0,0.0,100,320.73,274.0,0,0.0,0.0,,0.0,1,10.22,42.99,SPY200117C00279000,279.0,normalDay
2019-12-23,882.0,1440.0,0.0,100,321.22,274.0,0,0.0,0.0,,0.0,1,10.22,43.04,SPY200117C00279000,279.0,normalDay
2019-12-24,882.0,1440.0,0.0,100,321.23,274.0,0,0.0,0.0,,0.0,1,10.22,43.05,SPY200117C00279000,279.0,normalDay
2019-12-26,882.0,1450.0,0.0,100,322.94,274.0,0,0.0,0.0,,0.0,1,10.22,44.66,SPY200117C00279000,279.0,normalDay
2019-12-27,882.0,1478.0,0.0,100,322.86,274.0,0,0.0,0.0,,0.0,1,10.22,44.3,SPY200117C00279000,279.0,normalDay
2019-12-30,882.0,1451.0,0.0,100,321.08,274.0,0,0.0,0.0,,0.0,1,10.22,42.79,SPY200117C00279000,279.0,normalDay
2019-12-31,882.0,1435.0,0.0,100,321.86,274.0,0,0.0,0.0,,0.0,1,10.22,43.73,SPY200117C00279000,279.0,normalDay
2020-01-02,882.0,1483.0,0.0,100,324.87,274.0,0,0.0,0.0,,0.0,1,10.22,46.26,SPY200117C00279000,279.0,normalDay
2020-01-03,882.0,1461.0,0.0,100,322.41,274.0,0,0.0,0.0,,0.0,1,10.22,44.02,SPY200117C00279000,279.0,normalDay
2020-01-06,882.0,1472.0,0.0,100,323.64,274.0,0,0.0,0.0,,0.0,1,10.22,45.14,SPY200117C00279000,279.0,normalDay
2020-01-07,882.0,1507.0,0.0,100,322.73,274.0,0,0.0,0.0,,0.0,1,10.22,43.88,SPY200117C00279000,279.0,normalDay
2020-01-08,882.0,1465.0,0.0,100,324.45,274.0,0,0.0,0.0,,0.0,1,10.22,46.02,SPY200117C00279000,279.0,normalDay
2020-01-09,882.0,1494.0,0.0,100,326.65,274.0,0,0.0,0.0,,0.0,1,10.22,47.93,SPY200117C00279000,279.0,normalDay
2020-01-10,882.0,1508.0,0.0,100,325.71,274.0,0,0.0,0.0,,0.0,1,10.22,46.85,SPY200117C00279000,279.0,normalDay
2020-01-13,882.0,1495.0,0.0,100,327.95,274.0,0,0.0,0.0,,0.0,1,10.22,49.22,SPY200117C00279000,279.0,normalDay
2020-01-14,882.0,1475.0,0.0,100,327.45,274.0,0,0.0,0.0,,0.0,1,10.22,48.92,SPY200117C00279000,279.0,normalDay
2020-01-15,882.0,1495.0,0.0,100,328.19,274.0,0,0.0,0.0,,0.0,1,10.22,49.46,SPY200117C00279000,279.0,normalDay
2020-01-16,882.0,1522.0,0.0,100,330.92,274.0,0,0.0,0.0,,0.0,1,10.22,51.92,SPY200117C00279000,279.0,normalDay
2020-01-17,2404.0,1522.0,1522.0,0,331.95,0.0,0,0.0,0.0,,0.0,1,10.22,0.0,SPY200117C00279000,279.0,expirationDay
2020-01-21,2404.0,-5.0,0.0,0,331.3,0.0,1,5.51,5.56,SPY200417P00324000,324.0,0,0.0,0.0,,0.0,normalDay
2020-01-22,2404.0,-8.0,0.0,0,331.34,0.0,1,5.51,5.59,SPY200417P00324000,324.0,0,0.0,0.0,,0.0,normalDay
2020-01-23,2404.0,6.0,0.0,0,331.72,0.0,1,5.51,5.45,SPY200417P00324000,324.0,0,0.0,0.0,,0.0,normalDay
2020-01-24,2404.0,-123.0,0.0,0,328.77,0.0,1,5.51,6.74,SPY200417P00324000,324.0,0,0.0,0.0,,0.0,normalDay
2020-01-27,2404.0,-421.0,0.0,0,323.5,0.0,1,5.51,9.72,SPY200417P00324000,324.0,0,0.0,0.0,,0.0,normalDay
2020-01-28,2404.0,-216.0,0.0,0,326.89,0.0,1,5.51,7.67,SPY200417P00324000,324.0,0,0.0,0.0,,0.0,normalDay
2020-01-29,2404.0,-225.0,0.0,0,326.62,0.0,1,5.51,7.76,SPY200417P00324000,324.0,0,0.0,0.0,,0.0,normalDay
2020-01-30,2404.0,-131.0,0.0,0,327.68,0.0,1,5.51,6.82,SPY200417P00324000,324.0,0,0.0,0.0,,0.0,normalDay
2020-01-31,2404.0,-459.0,0.0,0,321.73,0.0,1,5.51,10.1,SPY200417P00324000,324.0,0,0.0,0.0,,0.0,normalDay
2020-02-03,2404.0,-344.0,0.0,0,324.12,0.0,1,5.51,8.95,SPY200417P00324000,324.0,0,0.0,0.0,,0.0,normalDay
2020-02-04,2404.0,-82.0,0.0,0,329.06,0.0,1,5.51,6.33,SPY200417P00324000,324.0,0,0.0,0.0,,0.0,normalDay
2020-02-05,2404.0,59.0,0.0,0,332.86,0.0,1,5.51,4.92,SPY200417P00324000,324.0,0,0.0,0.0,,0.0,normalDay
2020-02-06,2404.0,91.0,0.0,0,333.98,0.0,1,5.51,4.6,SPY200417P00324000,324.0,0,0.0,0.0,,0.0,normalDay
2020-02-07,2404.0,35.0,0.0,0,332.2,0.0,1,5.51,5.16,SPY200417P00324000,324.0,0,0.0,0.0,,0.0,normalDay
2020-02-10,2404.0,117.0,0.0,0,334.68,0.0,1,5.51,4.34,SPY200417P00324000,324.0,0,0.0,0.0,,0.0,normalDay
2020-02-11,2404.0,135.0,0.0,0,335.26,0.0,1,5.51,4.16,SPY200417P00324000,324.0,0,0.0,0.0,,0.0,normalDay
2020-02-12,2404.0,212.0,0.0,0,337.42,0.0,1,5.51,3.39,SPY200417P00324000,324.0,0,0.0,0.0,,0.0,normalDay
2020-02-13,2404.0,198.0,0.0,0,337.06,0.0,1,5.51,3.53,SPY200417P00324000,324.0,0,0.0,0.0,,0.0,normalDay
2020-02-14,2404.0,221.0,0.0,0,337.6,0.0,1,5.51,3.3,SPY200417P00324000,324.0,0,0.0,0.0,,0.0,normalDay
2020-02-18,2404.0,201.0,0.0,0,336.73,0.0,1,5.51,3.5,SPY200417P00324000,324.0,0,0.0,0.0,,0.0,normalDay
2020-02-19,2404.0,249.0,0.0,0,338.34,0.0,1,5.51,3.02,SPY200417P00324000,324.0,0,0.0,0.0,,0.0,normalDay
2020-02-20,2404.0,199.0,0.0,0,336.95,0.0,1,5.51,3.52,SPY200417P00324000,324.0,0,0.0,0.0,,0.0,normalDay
2020-02-21,2404.0,70.0,0.0,0,333.48,0.0,1,5.51,4.81,SPY200417P00324000,324.0,0,0.0,0.0,,0.0,normalDay
2020-02-24,2404.0,-513.0,0.0,0,322.42,0.0,1,5.51,10.64,SPY200417P00324000,324.0,0,0.0,0.0,,0.0,normalDay
2020-02-25,2404.0,-1053.0,0.0,0,312.65,0.0,1,5.51,16.04,SPY200417P00324000,324.0,0,0.0,0.0,,0.0,normalDay
2020-02-26,2404.0,-1175.0,0.0,0,311.5,0.0,1,5.51,17.26,SPY200417P00324000,324.0,0,0.0,0.0,,0.0,normalDay
2020-02-27,2404.0,-2368.0,0.0,0,297.51,0.0,1,5.51,29.19,SPY200417P00324000,324.0,0,0.0,0.0,,0.0,normalDay
2020-02-28,2404.0,-2483.0,0.0,0,296.26,0.0,1,5.51,30.34,SPY200417P00324000,324.0,0,0.0,0.0,,0.0,normalDay
2020-03-02,2404.0,-1377.0,0.0,0,309.09,0.0,1,5.51,19.28,SPY200417P00324000,324.0,0,0.0,0.0,,0.0,normalDay
2020-03-03,2404.0,-2001.0,0.0,0,300.24,0.0,1,5.51,25.52,SPY200417P00324000,324.0,0,0.0,0.0,,0.0,normalDay
2020-03-04,2404.0,-1195.0,0.0,0,312.86,0.0,1,5.51,17.46,SPY200417P00324000,324.0,0,0.0,0.0,,0.0,normalDay
2020-03-05,2404.0,-2029.0,0.0,0,302.46,0.0,1,5.51,25.8,SPY200417P00324000,324.0,0,0.0,0.0,,0.0,normalDay
2020-03-06,2404.0,-2490.0,0.0,0,297.46,0.0,1,5.51,30.41,SPY200417P00324000,324.0,0,0.0,0.0,,0.0,normalDay
2020-03-09,2404.0,-4701.0,0.0,0,274.23,0.0,1,5.51,52.52,SPY200417P00324000,324.0,0,0.0,0.0,,0.0,normalDay
2020-03-10,2404.0,-3325.0,0.0,0,288.42,0.0,1,5.51,38.76,SPY200417P00324000,324.0,0,0.0,0.0,,0.0,normalDay
2020-03-11,2404.0,-4642.0,0.0,0,274.36,0.0,1,5.51,51.93,SPY200417P00324000,324.0,0,0.0,0.0,,0.0,normalDay
2020-03-12,2404.0,-7209.0,0.0,0,248.11,0.0,1,5.51,77.6,SPY200417P00324000,324.0,0,0.0,0.0,,0.0,normalDay
2020-03-13,2404.0,-5188.0,0.0,0,269.32,0.0,1,5.51,57.39,SPY200417P00324000,324.0,0,0.0,0.0,,0.0,normalDay
2020-03-16,2404.0,-7728.0,0.0,0,239.85,0.0,1,5.51,82.79,SPY200417P00324000,324.0,0,0.0,0.0,,0.0,normalDay
2020-03-17,2404.0,-6888.0,0.0,0,252.8,0.0,1,5.51,74.39,SPY200417P00324000,324.0,0,0.0,0.0,,0.0,normalDay
2020-03-18,2404.0,-7991.0,0.0,0,240.0,0.0,1,5.51,85.42,SPY200417P00324000,324.0,0,0.0,0.0,,0.0,normalDay
2020-03-19,2404.0,-7997.0,0.0,0,240.51,0.0,1,5.51,85.48,SPY200417P00324000,324.0,0,0.0,0.0,,0.0,normalDay
2020-03-20,2404.0,-8957.0,0.0,0,228.8,0.0,1,5.51,95.08,SPY200417P00324000,324.0,0,0.0,0.0,,0.0,normalDay
2020-03-23,2404.0,-9754.0,0.0,0,222.95,0.0,1,5.51,103.05,SPY200417P00324000,324.0,0,0.0,0.0,,0.0,normalDay
2020-03-24,2404.0,-7623.0,0.0,0,243.15,0.0,1,5.51,81.74,SPY200417P00324000,324.0,0,0.0,0.0,,0.0,normalDay
2020-03-25,2404.0,-7162.0,0.0,0,246.79,0.0,1,5.51,77.13,SPY200417P00324000,324.0,0,0.0,0.0,,0.0,normalDay
2020-03-26,2404.0,-5808.0,0.0,0,261.2,0.0,1,5.51,63.59,SPY200417P00324000,324.0,0,0.0,0.0,,0.0,normalDay
2020-03-27,2404.0,-6599.0,0.0,0,253.42,0.0,1,5.51,71.5,SPY200417P00324000,324.0,0,0.0,0.0,,0.0,normalDay
2020-03-30,2404.0,-5798.0,0.0,0,261.65,0.0,1,5.51,63.49,SPY200417P00324000,324.0,0,0.0,0.0,,0.0,normalDay
2020-03-31,2404.0,-6205.0,0.0,0,257.75,0.0,1,5.51,67.56,SPY200417P00324000,324.0,0,0.0,0.0,,0.0,normalDay
2020-04-01,2404.0,-7304.0,0.0,0,246.15,0.0,1,5.51,78.55,SPY200417P00324000,324.0,0,0.0,0.0,,0.0,normalDay
2020-04-02,2404.0,-6623.0,0.0,0,251.83,0.0,1,5.51,71.74,SPY200417P00324000,324.0,0,0.0,0.0,,0.0,normalDay
2020-04-03,2404.0,-7035.0,0.0,0,248.19,0.0,1,5.51,75.86,SPY200417P00324000,324.0,0,0.0,0.0,,0.0,normalDay
2020-04-06,2404.0,-5376.0,0.0,0,264.86,0.0,1,5.51,59.27,SPY200417P00324000,324.0,0,0.0,0.0,,0.0,normalDay
2020-04-07,2404.0,-5473.0,0.0,0,265.13,0.0,1,5.51,60.24,SPY200417P00324000,324.0,0,0.0,0.0,,0.0,normalDay
2020-04-08,2404.0,-4468.0,0.0,0,274.03,0.0,1,5.51,50.19,SPY200417P00324000,324.0,0,0.0,0.0,,0.0,normalDay
2020-04-09,2404.0,-4054.0,0.0,0,278.2,0.0,1,5.51,46.05,SPY200417P00324000,324.0,0,0.0,0.0,,0.0,normalDay
2020-04-13,2404.0,-4313.0,0.0,0,275.66,0.0,1,5.51,48.64,SPY200417P00324000,324.0,0,0.0,0.0,,0.0,normalDay
2020-04-14,2404.0,-3461.0,0.0,0,283.79,0.0,1,5.51,40.12,SPY200417P00324000,324.0,0,0.0,0.0,,0.0,normalDay
2020-04-15,2404.0,-4096.0,0.0,0,277.76,0.0,1,5.51,46.47,SPY200417P00324000,324.0,0,0.0,0.0,,0.0,normalDay
2020-04-16,2404.0,-3946.0,0.0,0,279.1,0.0,1,5.51,44.97,SPY200417P00324000,324.0,0,0.0,0.0,,0.0,normalDay
2020-04-17,2955.0,-3736.0,551.0,100,286.64,324.0,1,5.51,0.0,SPY200417P00324000,324.0,0,0.0,0.0,,0.0,expirationDay
2020-04-20,2955.0,-4360.0,0.0,100,281.59,324.0,0,0.0,0.0,,0.0,1,13.4,14.59,SPY210331C00315000,315.0,normalDay
2020-04-21,2955.0,-4996.0,0.0,100,273.04,324.0,0,0.0,0.0,,0.0,1,13.4,12.4,SPY210331C00315000,315.0,normalDay
2020-04-22,2955.0,-4548.0,0.0,100,279.1,324.0,0,0.0,0.0,,0.0,1,13.4,13.98,SPY210331C00315000,315.0,normalDay
2020-04-23,2955.0,-4540.0,0.0,100,279.08,324.0,0,0.0,0.0,,0.0,1,13.4,13.88,SPY210331C00315000,315.0,normalDay
2020-04-24,2955.0,-4206.0,0.0,100,282.97,324.0,0,0.0,0.0,,0.0,1,13.4,14.43,SPY210331C00315000,315.0,normalDay
2020-04-27,2955.0,-3852.0,0.0,100,287.05,324.0,0,0.0,0.0,,0.0,1,13.4,14.97,SPY210331C00315000,315.0,normalDay
2020-04-28,2955.0,-3908.0,0.0,100,285.73,324.0,0,0.0,0.0,,0.0,1,13.4,14.21,SPY210331C00315000,315.0,normalDay
2020-04-29,2955.0,-3428.0,0.0,100,293.21,324.0,0,0.0,0.0,,0.0,1,13.4,16.89,SPY210331C00315000,315.0,normalDay
2020-04-30,2955.0,-3561.0,0.0,100,290.48,324.0,0,0.0,0.0,,0.0,1,13.4,15.49,SPY210331C00315000,315.0,normalDay
2020-05-01,2955.0,-4127.0,0.0,100,282.79,324.0,0,0.0,0.0,,0.0,1,13.4,13.46,SPY210331C00315000,315.0,normalDay
2020-05-04,2955.0,-4007.0,0.0,100,283.57,324.0,0,0.0,0.0,,0.0,1,13.4,13.04,SPY210331C00315000,315.0,normalDay
2020-05-05,2955.0,-3863.0,0.0,100,286.19,324.0,0,0.0,0.0,,0.0,1,13.4,14.22,SPY210331C00315000,315.0,normalDay
2020-05-06,2955.0,-3961.0,0.0,100,284.25,324.0,0,0.0,0.0,,0.0,1,13.4,13.26,SPY210331C00315000,315.0,normalDay
2020-05-07,2955.0,-3734.0,0.0,100,287.68,324.0,0,0.0,0.0,,0.0,1,13.4,14.42,SPY210331C00315000,315.0,normalDay
2020-05-08,2955.0,-3382.0,0.0,100,292.44,324.0,0,0.0,0.0,,0.0,1,13.4,15.66,SPY210331C00315000,315.0,normalDay
2020-05-11,2955.0,-3289.0,0.0,100,292.5,324.0,0,0.0,0.0,,0.0,1,13.4,14.79,SPY210331C00315000,315.0,normalDay
2020-05-12,2955.0,-3648.0,0.0,100,286.67,324.0,0,0.0,0.0,,0.0,1,13.4,12.55,SPY210331C00315000,315.0,normalDay
2020-05-13,2955.0,-4085.0,0.0,100,281.6,324.0,0,0.0,0.0,,0.0,1,13.4,11.85,SPY210331C00315000,315.0,normalDay
2020-05-14,2955.0,-3824.0,0.0,100,284.97,324.0,0,0.0,0.0,,0.0,1,13.4,12.61,SPY210331C00315000,315.0,normalDay
2020-05-15,2955.0,-3679.0,0.0,100,286.28,324.0,0,0.0,0.0,,0.0,1,13.4,12.47,SPY210331C00315000,315.0,normalDay
2020-05-18,2955.0,-3100.0,0.0,100,295.0,324.0,0,0.0,0.0,,0.0,1,13.4,15.4,SPY210331C00315000,315.0,normalDay
2020-05-19,2955.0,-3313.0,0.0,100,291.97,324.0,0,0.0,0.0,,0.0,1,13.4,14.5,SPY210331C00315000,315.0,normalDay
2020-05-20,2955.0,-3000.0,0.0,100,296.93,324.0,0,0.0,0.0,,0.0,1,13.4,16.33,SPY210331C00315000,315.0,normalDay
2020-05-21,2955.0,-3119.0,0.0,100,294.88,324.0,0,0.0,0.0,,0.0,1,13.4,15.47,SPY210331C00315000,315.0,normalDay
2020-05-22,2955.0,-3101.0,0.0,100,295.44,324.0,0,0.0,0.0,,0.0,1,13.4,15.85,SPY210331C00315000,315.0,normalDay
2020-05-26,2955.0,-2854.0,0.0,100,299.08,324.0,0,0.0,0.0,,0.0,1,13.4,17.02,SPY210331C00315000,315.0,normalDay
2020-05-27,2955.0,-2584.0,0.0,100,303.53,324.0,0,0.0,0.0,,0.0,1,13.4,18.77,SPY210331C00315000,315.0,normalDay
2020-05-28,2955.0,-2674.0,0.0,100,302.97,324.0,0,0.0,0.0,,0.0,1,13.4,19.11,SPY210331C00315000,315.0,normalDay
2020-05-29,2955.0,-2593.0,0.0,100,304.32,324.0,0,0.0,0.0,,0.0,1,13.4,19.65,SPY210331C00315000,315.0,normalDay
2020-06-01,2955.0,-2474.0,0.0,100,305.55,324.0,0,0.0,0.0,,0.0,1,13.4,19.69,SPY210331C00315000,315.0,normalDay
2020-06-02,2955.0,-2323.0,0.0,100,308.08,324.0,0,0.0,0.0,,0.0,1,13.4,20.71,SPY210331C00315000,315.0,normalDay
2020-06-03,2955.0,-2145.0,0.0,100,312.18,324.0,0,0.0,0.0,,0.0,1,13.4,23.03,SPY210331C00315000,315.0,normalDay
2020-06-04,2955.0,-2201.0,0.0,100,311.36,324.0,0,0.0,0.0,,0.0,1,13.4,22.77,SPY210331C00315000,315.0,normalDay
2020-06-05,2955.0,-1782.0,0.0,100,319.34,324.0,0,0.0,0.0,,0.0,1,13.4,26.56,SPY210331C00315000,315.0,normalDay
2020-06-08,2955.0,-1620.0,0.0,100,323.2,324.0,0,0.0,0.0,,0.0,1,13.4,28.8,SPY210331C00315000,315.0,normalDay
2020-06-09,2955.0,-1858.0,0.0,100,320.79,324.0,0,0.0,0.0,,0.0,1,13.4,28.77,SPY210331C00315000,315.0,normalDay
2020-06-10,2955.0,-1869.0,0.0,100,319.0,324.0,0,0.0,0.0,,0.0,1,13.4,27.09,SPY210331C00315000,315.0,normalDay
2020-06-11,2955.0,-3102.0,0.0,100,300.61,324.0,0,0.0,0.0,,0.0,1,13.4,21.03,SPY210331C00315000,315.0,normalDay
2020-06-12,2955.0,-2776.0,0.0,100,304.21,324.0,0,0.0,0.0,,0.0,1,13.4,21.37,SPY210331C00315000,315.0,normalDay
2020-06-15,2955.0,-2611.0,0.0,100,307.05,324.0,0,0.0,0.0,,0.0,1,13.4,22.56,SPY210331C00315000,315.0,normalDay
2020-06-16,2955.0,-2353.0,0.0,100,312.96,324.0,0,0.0,0.0,,0.0,1,13.4,25.89,SPY210331C00315000,315.0,normalDay
2020-06-17,2955.0,-2459.0,0.0,100,311.66,324.0,0,0.0,0.0,,0.0,1,13.4,25.65,SPY210331C00315000,315.0,normalDay
2020-06-18,2955.0,-2398.0,0.0,100,311.78,324.0,0,0.0,0.0,,0.0,1,13.4,25.16,SPY210331C00315000,315.0,normalDay
2020-06-19,2955.0,-2619.0,0.0,100,308.64,324.0,0,0.0,0.0,,0.0,1,13.4,24.23,SPY210331C00315000,315.0,normalDay
2020-06-22,2955.0,-2488.0,0.0,100,310.62,324.0,0,0.0,0.0,,0.0,1,13.4,24.9,SPY210331C00315000,315.0,normalDay
2020-06-23,2955.0,-2368.0,0.0,100,312.05,324.0,0,0.0,0.0,,0.0,1,13.4,25.13,SPY210331C00315000,315.0,normalDay
2020-06-24,2955.0,-2864.0,0.0,100,304.09,324.0,0,0.0,0.0,,0.0,1,13.4,22.13,SPY210331C00315000,315.0,normalDay
2020-06-25,2955.0,-2611.0,0.0,100,307.35,324.0,0,0.0,0.0,,0.0,1,13.4,22.86,SPY210331C00315000,315.0,normalDay
2020-06-26,2955.0,-3038.0,0.0,100,300.05,324.0,0,0.0,0.0,,0.0,1,13.4,19.83,SPY210331C00315000,315.0,normalDay
2020-06-29,2955.0,-2678.0,0.0,100,304.46,324.0,0,0.0,0.0,,0.0,1,13.4,20.64,SPY210331C00315000,315.0,normalDay
2020-06-30,2955.0,-2448.0,0.0,100,308.36,324.0,0,0.0,0.0,,0.0,1,13.4,22.24,SPY210331C00315000,315.0,normalDay
2020-07-01,2955.0,-2280.0,0.0,100,310.52,324.0,0,0.0,0.0,,0.0,1,13.4,22.72,SPY210331C00315000,315.0,normalDay
2020-07-02,2955.0,-2219.0,0.0,100,312.23,324.0,0,0.0,0.0,,0.0,1,13.4,23.82,SPY210331C00315000,315.0,normalDay
2020-07-06,2955.0,-1965.0,0.0,100,317.05,324.0,0,0.0,0.0,,0.0,1,13.4,26.1,SPY210331C00315000,315.0,normalDay
2020-07-07,2955.0,-2145.0,0.0,100,313.78,324.0,0,0.0,0.0,,0.0,1,13.4,24.63,SPY210331C00315000,315.0,normalDay
2020-07-08,2955.0,-2026.0,0.0,100,316.18,324.0,0,0.0,0.0,,0.0,1,13.4,25.84,SPY210331C00315000,315.0,normalDay
2020-07-09,2955.0,-2133.0,0.0,100,314.38,324.0,0,0.0,0.0,,0.0,1,13.4,25.11,SPY210331C00315000,315.0,normalDay
2020-07-10,2955.0,-1976.0,0.0,100,317.59,324.0,0,0.0,0.0,,0.0,1,13.4,26.75,SPY210331C00315000,315.0,normalDay
2020-07-13,2955.0,-2215.0,0.0,100,314.84,324.0,0,0.0,0.0,,0.0,1,13.4,26.39,SPY210331C00315000,315.0,normalDay
2020-07-14,2955.0,-1942.0,0.0,100,318.92,324.0,0,0.0,0.0,,0.0,1,13.4,27.74,SPY210331C00315000,315.0,normalDay
2020-07-15,2955.0,-1824.0,0.0,100,321.85,324.0,0,0.0,0.0,,0.0,1,13.4,29.49,SPY210331C00315000,315.0,normalDay
2020-07-16,2955.0,-1783.0,0.0,100,320.79,324.0,0,0.0,0.0,,0.0,1,13.4,28.02,SPY210331C00315000,315.0,normalDay
2020-07-17,2955.0,-1774.0,0.0,100,321.72,324.0,0,0.0,0.0,,0.0,1,13.4,28.86,SPY210331C00315000,315.0,normalDay
2020-07-20,2955.0,-1599.0,0.0,100,324.32,324.0,0,0.0,0.0,,0.0,1,13.4,29.71,SPY210331C00315000,315.0,normalDay
2020-07-21,2955.0,-1593.0,0.0,100,325.01,324.0,0,0.0,0.0,,0.0,1,13.4,30.34,SPY210331C00315000,315.0,normalDay
2020-07-22,2955.0,-1490.0,0.0,100,326.86,324.0,0,0.0,0.0,,0.0,1,13.4,31.16,SPY210331C00315000,315.0,normalDay
2020-07-23,2955.0,-1625.0,0.0,100,322.96,324.0,0,0.0,0.0,,0.0,1,13.4,28.61,SPY210331C00315000,315.0,normalDay
2020-07-24,2955.0,-1753.0,0.0,100,320.88,324.0,0,0.0,0.0,,0.0,1,13.4,27.81,SPY210331C00315000,315.0,normalDay
2020-07-27,2955.0,-1627.0,0.0,100,323.22,324.0,0,0.0,0.0,,0.0,1,13.4,28.89,SPY210331C00315000,315.0,normalDay
2020-07-28,2955.0,-1732.0,0.0,100,321.17,324.0,0,0.0,0.0,,0.0,1,13.4,27.89,SPY210331C00315000,315.0,normalDay
2020-07-29,2955.0,-1559.0,0.0,100,325.12,324.0,0,0.0,0.0,,0.0,1,13.4,30.11,SPY210331C00315000,315.0,normalDay
2020-07-30,2955.0,-1681.0,0.0,100,323.96,324.0,0,0.0,0.0,,0.0,1,13.4,30.17,SPY210331C00315000,315.0,normalDay
2020-07-31,2955.0,-1553.0,0.0,100,326.52,324.0,0,0.0,0.0,,0.0,1,13.4,31.45,SPY210331C00315000,315.0,normalDay
2020-08-03,2955.0,-1434.0,0.0,100,328.79,324.0,0,0.0,0.0,,0.0,1,13.4,32.53,SPY210331C00315000,315.0,normalDay
2020-08-04,2955.0,-1359.0,0.0,100,330.06,324.0,0,0.0,0.0,,0.0,1,13.4,33.05,SPY210331C00315000,315.0,normalDay
2020-08-05,2955.0,-1279.0,0.0,100,332.11,324.0,0,0.0,0.0,,0.0,1,13.4,34.3,SPY210331C00315000,315.0,normalDay
2020-08-06,2955.0,-1218.0,0.0,100,334.33,324.0,0,0.0,0.0,,0.0,1,13.4,35.91,SPY210331C00315000,315.0,normalDay
2020-08-07,2955.0,-1206.0,0.0,100,334.57,324.0,0,0.0,0.0,,0.0,1,13.4,36.03,SPY210331C00315000,315.0,normalDay
2020-08-10,2955.0,-1150.0,0.0,100,335.57,324.0,0,0.0,0.0,,0.0,1,13.4,36.47,SPY210331C00315000,315.0,normalDay
2020-08-11,2955.0,-1293.0,0.0,100,332.8,324.0,0,0.0,0.0,,0.0,1,13.4,35.13,SPY210331C00315000,315.0,normalDay
2020-08-12,2955.0,-1097.0,0.0,100,337.44,324.0,0,0.0,0.0,,0.0,1,13.4,37.81,SPY210331C00315000,315.0,normalDay
2020-08-13,2955.0,-1116.0,0.0,100,336.83,324.0,0,0.0,0.0,,0.0,1,13.4,37.39,SPY210331C00315000,315.0,normalDay
2020-08-14,2955.0,-1139.0,0.0,100,336.84,324.0,0,0.0,0.0,,0.0,1,13.4,37.63,SPY210331C00315000,315.0,normalDay
2020-08-17,2955.0,-1061.0,0.0,100,337.91,324.0,0,0.0,0.0,,0.0,1,13.4,37.92,SPY210331C00315000,315.0,normalDay
2020-08-18,2955.0,-1021.0,0.0,100,338.64,324.0,0,0.0,0.0,,0.0,1,13.4,38.25,SPY210331C00315000,315.0,normalDay
2020-08-19,2955.0,-1103.0,0.0,100,337.23,324.0,0,0.0,0.0,,0.0,1,13.4,37.66,SPY210331C00315000,315.0,normalDay
2020-08-20,2955.0,-1044.0,0.0,100,338.28,324.0,0,0.0,0.0,,0.0,1,13.4,38.12,SPY210331C00315000,315.0,normalDay
2020-08-21,2955.0,-1038.0,0.0,100,339.48,324.0,0,0.0,0.0,,0.0,1,13.4,39.26,SPY210331C00315000,315.0,normalDay
2020-08-24,2955.0,-931.0,0.0,100,342.92,324.0,0,0.0,0.0,,0.0,1,13.4,41.63,SPY210331C00315000,315.0,normalDay
2020-08-25,2955.0,-917.0,0.0,100,344.12,324.0,0,0.0,0.0,,0.0,1,13.4,42.69,SPY210331C00315000,315.0,normalDay
2020-08-26,2955.0,-901.0,0.0,100,347.57,324.0,0,0.0,0.0,,0.0,1,13.4,45.98,SPY210331C00315000,315.0,normalDay
2020-08-27,2955.0,-906.0,0.0,100,348.33,324.0,0,0.0,0.0,,0.0,1,13.4,46.79,SPY210331C00315000,315.0,normalDay
2020-08-28,2955.0,-827.0,0.0,100,350.58,324.0,0,0.0,0.0,,0.0,1,13.4,48.25,SPY210331C00315000,315.0,normalDay
2020-08-31,2955.0,-993.0,0.0,100,349.31,324.0,0,0.0,0.0,,0.0,1,13.4,48.64,SPY210331C00315000,315.0,normalDay
2020-09-01,2955.0,-883.0,0.0,100,352.6,324.0,0,0.0,0.0,,0.0,1,13.4,50.83,SPY210331C00315000,315.0,normalDay
2020-09-02,2955.0,-887.0,0.0,100,357.7,324.0,0,0.0,0.0,,0.0,1,13.4,55.97,SPY210331C00315000,315.0,normalDay
2020-09-03,2955.0,-1326.0,0.0,100,345.39,324.0,0,0.0,0.0,,0.0,1,13.4,48.05,SPY210331C00315000,315.0,normalDay
2020-09-04,2955.0,-1210.0,0.0,100,342.57,324.0,0,0.0,0.0,,0.0,1,13.4,44.07,SPY210331C00315000,315.0,normalDay
2020-09-08,2955.0,-1414.0,0.0,100,333.21,324.0,0,0.0,0.0,,0.0,1,13.4,36.75,SPY210331C00315000,315.0,normalDay
2020-09-09,2955.0,-1102.0,0.0,100,339.79,324.0,0,0.0,0.0,,0.0,1,13.4,40.21,SPY210331C00315000,315.0,normalDay
2020-09-10,2955.0,-1335.0,0.0,100,333.89,324.0,0,0.0,0.0,,0.0,1,13.4,36.64,SPY210331C00315000,315.0,normalDay
2020-09-11,2955.0,-1176.0,0.0,100,334.06,324.0,0,0.0,0.0,,0.0,1,13.4,35.22,SPY210331C00315000,315.0,normalDay
2020-09-14,2955.0,-1064.0,0.0,100,338.46,324.0,0,0.0,0.0,,0.0,1,13.4,38.5,SPY210331C00315000,315.0,normalDay
2020-09-15,2955.0,-1034.0,0.0,100,340.17,324.0,0,0.0,0.0,,0.0,1,13.4,39.91,SPY210331C00315000,315.0,normalDay
2020-09-16,2955.0,-1046.0,0.0,100,338.82,324.0,0,0.0,0.0,,0.0,1,13.4,38.68,SPY210331C00315000,315.0,normalDay
2020-09-17,2955.0,-1177.0,0.0,100,335.84,324.0,0,0.0,0.0,,0.0,1,13.4,37.01,SPY210331C00315000,315.0,normalDay
2020-09-18,2955.0,-1377.0,0.0,100,330.65,324.0,0,0.0,0.0,,0.0,1,13.4,33.82,SPY210331C00315000,315.0,normalDay
2020-09-21,2955.0,-1537.0,0.0,100,326.97,324.0,0,0.0,0.0,,0.0,1,13.4,31.74,SPY210331C00315000,315.0,normalDay
2020-09-22,2955.0,-1405.0,0.0,100,330.3,324.0,0,0.0,0.0,,0.0,1,13.4,33.75,SPY210331C00315000,315.0,normalDay
2020-09-23,2955.0,-1717.0,0.0,100,322.64,324.0,0,0.0,0.0,,0.0,1,13.4,29.21,SPY210331C00315000,315.0,normalDay
2020-09-24,2955.0,-1681.0,0.0,100,323.5,324.0,0,0.0,0.0,,0.0,1,13.4,29.71,SPY210331C00315000,315.0,normalDay
2020-09-25,2955.0,-1440.0,0.0,100,328.73,324.0,0,0.0,0.0,,0.0,1,13.4,32.53,SPY210331C00315000,315.0,normalDay
2020-09-28,2955.0,-1265.0,0.0,100,334.19,324.0,0,0.0,0.0,,0.0,1,13.4,36.24,SPY210331C00315000,315.0,normalDay
2020-09-29,2955.0,-1346.0,0.0,100,332.37,324.0,0,0.0,0.0,,0.0,1,13.4,35.23,SPY210331C00315000,315.0,normalDay
2020-09-30,2955.0,-1142.0,0.0,100,334.89,324.0,0,0.0,0.0,,0.0,1,13.4,35.71,SPY210331C00315000,315.0,normalDay
2020-10-01,2955.0,-1190.0,0.0,100,337.04,324.0,0,0.0,0.0,,0.0,1,13.4,38.34,SPY210331C00315000,315.0,normalDay
2020-10-02,2955.0,-1306.0,0.0,100,333.84,324.0,0,0.0,0.0,,0.0,1,13.4,36.3,SPY210331C00315000,315.0,normalDay
2020-10-05,2955.0,-1048.0,0.0,100,339.76,324.0,0,0.0,0.0,,0.0,1,13.4,39.64,SPY210331C00315000,315.0,normalDay
2020-10-06,2955.0,-1235.0,0.0,100,334.93,324.0,0,0.0,0.0,,0.0,1,13.4,36.68,SPY210331C00315000,315.0,normalDay
2020-10-07,2955.0,-974.0,0.0,100,340.76,324.0,0,0.0,0.0,,0.0,1,13.4,39.9,SPY210331C00315000,315.0,normalDay
2020-10-08,2955.0,-862.0,0.0,100,343.78,324.0,0,0.0,0.0,,0.0,1,13.4,41.8,SPY210331C00315000,315.0,normalDay
2020-10-09,2955.0,-724.0,0.0,100,346.85,324.0,0,0.0,0.0,,0.0,1,13.4,43.49,SPY210331C00315000,315.0,normalDay
2020-10-12,2955.0,-609.0,0.0,100,352.43,324.0,0,0.0,0.0,,0.0,1,13.4,47.92,SPY210331C00315000,315.0,normalDay
2020-10-13,2955.0,-639.0,0.0,100,350.13,324.0,0,0.0,0.0,,0.0,1,13.4,45.92,SPY210331C00315000,315.0,normalDay
2020-10-14,2955.0,-655.0,0.0,100,347.93,324.0,0,0.0,0.0,,0.0,1,13.4,43.88,SPY210331C00315000,315.0,normalDay
2020-10-15,2955.0,-682.0,0.0,100,347.5,324.0,0,0.0,0.0,,0.0,1,13.4,43.72,SPY210331C00315000,315.0,normalDay
2020-10-16,2955.0,-644.0,0.0,100,347.29,324.0,0,0.0,0.0,,0.0,1,13.4,43.13,SPY210331C00315000,315.0,normalDay
2020-10-19,2955.0,-879.0,0.0,100,342.01,324.0,0,0.0,0.0,,0.0,1,13.4,40.2,SPY210331C00315000,315.0,normalDay
2020-10-20,2955.0,-785.0,0.0,100,343.38,324.0,0,0.0,0.0,,0.0,1,13.4,40.63,SPY210331C00315000,315.0,normalDay
2020-10-21,2955.0,-823.0,0.0,100,342.73,324.0,0,0.0,0.0,,0.0,1,13.4,40.36,SPY210331C00315000,315.0,normalDay
2020-10-22,2955.0,-708.0,0.0,100,344.61,324.0,0,0.0,0.0,,0.0,1,13.4,41.09,SPY210331C00315000,315.0,normalDay
2020-10-23,2955.0,-632.0,0.0,100,345.78,324.0,0,0.0,0.0,,0.0,1,13.4,41.5,SPY210331C00315000,315.0,normalDay
2020-10-26,2955.0,-945.0,0.0,100,339.39,324.0,0,0.0,0.0,,0.0,1,13.4,38.24,SPY210331C00315000,315.0,normalDay
2020-10-27,2955.0,-954.0,0.0,100,338.22,324.0,0,0.0,0.0,,0.0,1,13.4,37.16,SPY210331C00315000,315.0,normalDay
2020-10-28,2955.0,-1492.0,0.0,100,326.66,324.0,0,0.0,0.0,,0.0,1,13.4,30.98,SPY210331C00315000,315.0,normalDay
2020-10-29,2955.0,-1328.0,0.0,100,329.98,324.0,0,0.0,0.0,,0.0,1,13.4,32.66,SPY210331C00315000,315.0,normalDay
2020-10-30,2955.0,-1451.0,0.0,100,326.54,324.0,0,0.0,0.0,,0.0,1,13.4,30.45,SPY210331C00315000,315.0,normalDay
2020-11-02,2955.0,-1205.0,0.0,100,330.2,324.0,0,0.0,0.0,,0.0,1,13.4,31.65,SPY210331C00315000,315.0,normalDay
2020-11-03,2955.0,-884.0,0.0,100,336.03,324.0,0,0.0,0.0,,0.0,1,13.4,34.27,SPY210331C00315000,315.0,normalDay
2020-11-04,2955.0,-667.0,0.0,100,343.54,324.0,0,0.0,0.0,,0.0,1,13.4,39.61,SPY210331C00315000,315.0,normalDay
2020-11-05,2955.0,-552.0,0.0,100,350.24,324.0,0,0.0,0.0,,0.0,1,13.4,45.16,SPY210331C00315000,315.0,normalDay
2020-11-06,2955.0,-460.0,0.0,100,350.16,324.0,0,0.0,0.0,,0.0,1,13.4,44.16,SPY210331C00315000,315.0,normalDay
2020-11-09,2955.0,-423.0,0.0,100,354.56,324.0,0,0.0,0.0,,0.0,1,13.4,48.19,SPY210331C00315000,315.0,normalDay
2020-11-10,2955.0,-406.0,0.0,100,354.04,324.0,0,0.0,0.0,,0.0,1,13.4,47.5,SPY210331C00315000,315.0,normalDay
2020-11-11,2955.0,-309.0,0.0,100,356.67,324.0,0,0.0,0.0,,0.0,1,13.4,49.16,SPY210331C00315000,315.0,normalDay
2020-11-12,2955.0,-396.0,0.0,100,353.21,324.0,0,0.0,0.0,,0.0,1,13.4,46.57,SPY210331C00315000,315.0,normalDay
2020-11-13,2955.0,-250.0,0.0,100,358.1,324.0,0,0.0,0.0,,0.0,1,13.4,50.0,SPY210331C00315000,315.0,normalDay
2020-11-16,2955.0,-167.0,0.0,100,362.57,324.0,0,0.0,0.0,,0.0,1,13.4,53.64,SPY210331C00315000,315.0,normalDay
2020-11-17,2955.0,-197.0,0.0,100,360.62,324.0,0,0.0,0.0,,0.0,1,13.4,51.99,SPY210331C00315000,315.0,normalDay
2020-11-18,2955.0,-264.0,0.0,100,356.28,324.0,0,0.0,0.0,,0.0,1,13.4,48.32,SPY210331C00315000,315.0,normalDay
2020-11-19,2955.0,-223.0,0.0,100,357.78,324.0,0,0.0,0.0,,0.0,1,13.4,49.41,SPY210331C00315000,315.0,normalDay
2020-11-20,2955.0,-228.0,0.0,100,355.33,324.0,0,0.0,0.0,,0.0,1,13.4,47.01,SPY210331C00315000,315.0,normalDay
2020-11-23,2955.0,-181.0,0.0,100,357.46,324.0,0,0.0,0.0,,0.0,1,13.4,48.67,SPY210331C00315000,315.0,normalDay
2020-11-24,2955.0,-98.0,0.0,100,363.22,324.0,0,0.0,0.0,,0.0,1,13.4,53.6,SPY210331C00315000,315.0,normalDay
2020-11-25,2955.0,-57.0,0.0,100,362.66,324.0,0,0.0,0.0,,0.0,1,13.4,52.63,SPY210331C00315000,315.0,normalDay
2020-11-27,2955.0,-83.0,0.0,100,363.67,324.0,0,0.0,0.0,,0.0,1,13.4,53.9,SPY210331C00315000,315.0,normalDay
2020-11-30,2955.0,-117.0,0.0,100,362.06,324.0,0,0.0,0.0,,0.0,1,13.4,52.63,SPY210331C00315000,315.0,normalDay
2020-12-01,2955.0,-6.0,0.0,100,366.02,324.0,0,0.0,0.0,,0.0,1,13.4,55.48,SPY210331C00315000,315.0,normalDay
2020-12-02,2955.0,4.0,0.0,100,366.79,324.0,0,0.0,0.0,,0.0,1,13.4,56.15,SPY210331C00315000,315.0,normalDay
2020-12-03,2955.0,25.0,0.0,100,366.69,324.0,0,0.0,0.0,,0.0,1,13.4,55.84,SPY210331C00315000,315.0,normalDay
2020-12-04,2955.0,95.0,0.0,100,369.85,324.0,0,0.0,0.0,,0.0,1,13.4,58.3,SPY210331C00315000,315.0,normalDay
2020-12-07,2955.0,80.0,0.0,100,369.09,324.0,0,0.0,0.0,,0.0,1,13.4,57.69,SPY210331C00315000,315.0,normalDay
2020-12-08,2955.0,80.0,0.0,100,370.17,324.0,0,0.0,0.0,,0.0,1,13.4,58.77,SPY210331C00315000,315.0,normalDay
2020-12-09,2955.0,40.0,0.0,100,366.85,324.0,0,0.0,0.0,,0.0,1,13.4,55.85,SPY210331C00315000,315.0,normalDay
2020-12-10,2955.0,45.0,0.0,100,366.73,324.0,0,0.0,0.0,,0.0,1,13.4,55.68,SPY210331C00315000,315.0,normalDay
2020-12-11,2955.0,13.0,0.0,100,366.3,324.0,0,0.0,0.0,,0.0,1,13.4,55.57,SPY210331C00315000,315.0,normalDay
2020-12-14,2955.0,-80.0,0.0,100,364.66,324.0,0,0.0,0.0,,0.0,1,13.4,54.86,SPY210331C00315000,315.0,normalDay
2020-12-15,2955.0,71.0,0.0,100,369.59,324.0,0,0.0,0.0,,0.0,1,13.4,58.28,SPY210331C00315000,315.0,normalDay
2020-12-16,2955.0,74.0,0.0,100,370.17,324.0,0,0.0,0.0,,0.0,1,13.4,58.83,SPY210331C00315000,315.0,normalDay
2020-12-17,2955.0,90.0,0.0,100,372.24,324.0,0,0.0,0.0,,0.0,1,13.4,60.74,SPY210331C00315000,315.0,normalDay
2020-12-18,2955.0,-122.0,0.0,100,369.18,324.0,0,0.0,0.0,,0.0,1,13.4,59.8,SPY210331C00315000,315.0,normalDay
2020-12-21,2955.0,-86.0,0.0,100,367.86,324.0,0,0.0,0.0,,0.0,1,13.4,58.12,SPY210331C00315000,315.0,normalDay
2020-12-22,2955.0,-63.0,0.0,100,367.24,324.0,0,0.0,0.0,,0.0,1,13.4,57.27,SPY210331C00315000,315.0,normalDay
2020-12-23,2955.0,-14.0,0.0,100,367.57,324.0,0,0.0,0.0,,0.0,1,13.4,57.11,SPY210331C00315000,315.0,normalDay
2020-12-24,2955.0,25.0,0.0,100,369.0,324.0,0,0.0,0.0,,0.0,1,13.4,58.15,SPY210331C00315000,315.0,normalDay
2020-12-28,2955.0,39.0,0.0,100,372.17,324.0,0,0.0,0.0,,0.0,1,13.4,61.18,SPY210331C00315000,315.0,normalDay
2020-12-29,2955.0,9.0,0.0,100,371.46,324.0,0,0.0,0.0,,0.0,1,13.4,60.77,SPY210331C00315000,315.0,normalDay
2020-12-30,2955.0,71.0,0.0,100,371.99,324.0,0,0.0,0.0,,0.0,1,13.4,60.68,SPY210331C00315000,315.0,normalDay
2020-12-31,2955.0,35.0,0.0,100,373.88,324.0,0,0.0,0.0,,0.0,1,13.4,62.93,SPY210331C00315000,315.0,normalDay
2021-01-04,2955.0,-21.0,0.0,100,368.79,324.0,0,0.0,0.0,,0.0,1,13.4,58.4,SPY210331C00315000,315.0,normalDay
2021-01-05,2955.0,55.0,0.0,100,371.33,324.0,0,0.0,0.0,,0.0,1,13.4,60.18,SPY210331C00315000,315.0,normalDay
2021-01-06,2955.0,51.0,0.0,100,373.55,324.0,0,0.0,0.0,,0.0,1,13.4,62.44,SPY210331C00315000,315.0,normalDay
2021-01-07,2955.0,170.0,0.0,100,379.1,324.0,0,0.0,0.0,,0.0,1,13.4,66.8,SPY210331C00315000,315.0,normalDay
2021-01-08,2955.0,149.0,0.0,100,381.26,324.0,0,0.0,0.0,,0.0,1,13.4,69.17,SPY210331C00315000,315.0,normalDay
2021-01-11,2955.0,102.0,0.0,100,378.69,324.0,0,0.0,0.0,,0.0,1,13.4,67.07,SPY210331C00315000,315.0,normalDay
2021-01-12,2955.0,165.0,0.0,100,378.77,324.0,0,0.0,0.0,,0.0,1,13.4,66.52,SPY210331C00315000,315.0,normalDay
2021-01-13,2955.0,161.0,0.0,100,379.79,324.0,0,0.0,0.0,,0.0,1,13.4,67.58,SPY210331C00315000,315.0,normalDay
2021-01-14,2955.0,147.0,0.0,100,378.46,324.0,0,0.0,0.0,,0.0,1,13.4,66.39,SPY210331C00315000,315.0,normalDay
2021-01-15,2955.0,204.0,0.0,100,375.7,324.0,0,0.0,0.0,,0.0,1,13.4,63.06,SPY210331C00315000,315.0,normalDay
2021-01-19,2955.0,186.0,0.0,100,378.65,324.0,0,0.0,0.0,,0.0,1,13.4,66.19,SPY210331C00315000,315.0,normalDay
2021-01-20,2955.0,235.0,0.0,100,383.89,324.0,0,0.0,0.0,,0.0,1,13.4,70.94,SPY210331C00315000,315.0,normalDay
2021-01-21,2955.0,247.0,0.0,100,384.24,324.0,0,0.0,0.0,,0.0,1,13.4,71.17,SPY210331C00315000,315.0,normalDay
2021-01-22,2955.0,236.0,0.0,100,382.88,324.0,0,0.0,0.0,,0.0,1,13.4,69.92,SPY210331C00315000,315.0,normalDay
2021-01-25,2955.0,240.0,0.0,100,384.39,324.0,0,0.0,0.0,,0.0,1,13.4,71.39,SPY210331C00315000,315.0,normalDay
2021-01-26,2955.0,180.0,0.0,100,383.79,324.0,0,0.0,0.0,,0.0,1,13.4,71.39,SPY210331C00315000,315.0,normalDay
2021-01-27,2955.0,79.0,0.0,100,374.41,324.0,0,0.0,0.0,,0.0,1,13.4,63.02,SPY210331C00315000,315.0,normalDay
2021-01-28,2955.0,85.0,0.0,100,377.63,324.0,0,0.0,0.0,,0.0,1,13.4,66.18,SPY210331C00315000,315.0,normalDay
2021-01-29,2955.0,31.0,0.0,100,370.07,324.0,0,0.0,0.0,,0.0,1,13.4,59.16,SPY210331C00315000,315.0,normalDay
2021-02-01,2955.0,182.0,0.0,100,376.23,324.0,0,0.0,0.0,,0.0,1,13.4,63.81,SPY210331C00315000,315.0,normalDay
2021-02-02,2955.0,155.0,0.0,100,381.55,324.0,0,0.0,0.0,,0.0,1,13.4,69.4,SPY210331C00315000,315.0,normalDay
2021-02-03,2955.0,213.0,0.0,100,381.85,324.0,0,0.0,0.0,,0.0,1,13.4,69.12,SPY210331C00315000,315.0,normalDay
2021-02-04,2955.0,296.0,0.0,100,386.19,324.0,0,0.0,0.0,,0.0,1,13.4,72.63,SPY210331C00315000,315.0,normalDay
2021-02-05,2955.0,296.0,0.0,100,387.71,324.0,0,0.0,0.0,,0.0,1,13.4,74.15,SPY210331C00315000,315.0,normalDay
2021-02-08,2955.0,330.0,0.0,100,390.51,324.0,0,0.0,0.0,,0.0,1,13.4,76.61,SPY210331C00315000,315.0,normalDay
2021-02-09,2955.0,287.0,0.0,100,390.25,324.0,0,0.0,0.0,,0.0,1,13.4,76.78,SPY210331C00315000,315.0,normalDay
2021-02-10,2955.0,316.0,0.0,100,390.08,324.0,0,0.0,0.0,,0.0,1,13.4,76.32,SPY210331C00315000,315.0,normalDay
2021-02-11,2955.0,351.0,0.0,100,390.71,324.0,0,0.0,0.0,,0.0,1,13.4,76.6,SPY210331C00315000,315.0,normalDay
2021-02-12,2955.0,321.0,0.0,100,392.64,324.0,0,0.0,0.0,,0.0,1,13.4,78.83,SPY210331C00315000,315.0,normalDay
2021-02-16,2955.0,356.0,0.0,100,392.3,324.0,0,0.0,0.0,,0.0,1,13.4,78.14,SPY210331C00315000,315.0,normalDay
2021-02-17,2955.0,360.0,0.0,100,392.39,324.0,0,0.0,0.0,,0.0,1,13.4,78.19,SPY210331C00315000,315.0,normalDay
2021-02-18,2955.0,348.0,0.0,100,390.72,324.0,0,0.0,0.0,,0.0,1,13.4,76.64,SPY210331C00315000,315.0,normalDay
2021-02-19,2955.0,378.0,0.0,100,390.03,324.0,0,0.0,0.0,,0.0,1,13.4,75.65,SPY210331C00315000,315.0,normalDay
2021-02-22,2955.0,353.0,0.0,100,387.03,324.0,0,0.0,0.0,,0.0,1,13.4,72.9,SPY210331C00315000,315.0,normalDay
2021-02-23,2955.0,368.0,0.0,100,387.5,324.0,0,0.0,0.0,,0.0,1,13.4,73.22,SPY210331C00315000,315.0,normalDay
2021-02-24,2955.0,359.0,0.0,100,391.77,324.0,0,0.0,0.0,,0.0,1,13.4,77.58,SPY210331C00315000,315.0,normalDay
2021-02-25,2955.0,215.0,0.0,100,382.33,324.0,0,0.0,0.0,,0.0,1,13.4,69.58,SPY210331C00315000,315.0,normalDay
2021-02-26,2955.0,298.0,0.0,100,380.36,324.0,0,0.0,0.0,,0.0,1,13.4,66.78,SPY210331C00315000,315.0,normalDay
2021-03-01,2955.0,402.0,0.0,100,389.58,324.0,0,0.0,0.0,,0.0,1,13.4,74.96,SPY210331C00315000,315.0,normalDay
2021-03-02,2955.0,392.0,0.0,100,386.54,324.0,0,0.0,0.0,,0.0,1,13.4,72.02,SPY210331C00315000,315.0,normalDay
2021-03-03,2955.0,372.0,0.0,100,381.42,324.0,0,0.0,0.0,,0.0,1,13.4,67.1,SPY210331C00315000,315.0,normalDay
2021-03-04,2955.0,337.0,0.0,100,376.7,324.0,0,0.0,0.0,,0.0,1,13.4,62.73,SPY210331C00315000,315.0,normalDay
2021-03-05,2955.0,375.0,0.0,100,383.63,324.0,0,0.0,0.0,,0.0,1,13.4,69.28,SPY210331C00315000,315.0,normalDay
2021-03-08,2955.0,350.0,0.0,100,381.72,324.0,0,0.0,0.0,,0.0,1,13.4,67.62,SPY210331C00315000,315.0,normalDay
2021-03-09,2955.0,398.0,0.0,100,387.17,324.0,0,0.0,0.0,,0.0,1,13.4,72.59,SPY210331C00315000,315.0,normalDay
2021-03-10,2955.0,356.0,0.0,100,389.58,324.0,0,0.0,0.0,,0.0,1,13.4,75.42,SPY210331C00315000,315.0,normalDay
2021-03-11,2955.0,427.0,0.0,100,393.53,324.0,0,0.0,0.0,,0.0,1,13.4,78.66,SPY210331C00315000,315.0,normalDay
2021-03-12,2955.0,383.0,0.0,100,394.06,324.0,0,0.0,0.0,,0.0,1,13.4,79.63,SPY210331C00315000,315.0,normalDay
2021-03-15,2955.0,392.0,0.0,100,396.41,324.0,0,0.0,0.0,,0.0,1,13.4,81.89,SPY210331C00315000,315.0,normalDay
2021-03-16,2955.0,419.0,0.0,100,395.91,324.0,0,0.0,0.0,,0.0,1,13.4,81.12,SPY210331C00315000,315.0,normalDay
2021-03-17,2955.0,435.0,0.0,100,397.26,324.0,0,0.0,0.0,,0.0,1,13.4,82.31,SPY210331C00315000,315.0,normalDay
2021-03-18,2955.0,343.0,0.0,100,391.48,324.0,0,0.0,0.0,,0.0,1,13.4,77.45,SPY210331C00315000,315.0,normalDay
2021-03-19,2955.0,431.0,0.0,100,389.48,324.0,0,0.0,0.0,,0.0,1,13.4,74.57,SPY210331C00315000,315.0,normalDay
2021-03-22,2955.0,408.0,0.0,100,392.59,324.0,0,0.0,0.0,,0.0,1,13.4,77.91,SPY210331C00315000,315.0,normalDay
2021-03-23,2955.0,396.0,0.0,100,389.5,324.0,0,0.0,0.0,,0.0,1,13.4,74.94,SPY210331C00315000,315.0,normalDay
2021-03-24,2955.0,412.0,0.0,100,387.52,324.0,0,0.0,0.0,,0.0,1,13.4,72.8,SPY210331C00315000,315.0,normalDay
2021-03-25,2955.0,414.0,0.0,100,389.7,324.0,0,0.0,0.0,,0.0,1,13.4,74.96,SPY210331C00315000,315.0,normalDay
2021-03-26,2955.0,448.0,0.0,100,395.98,324.0,0,0.0,0.0,,0.0,1,13.4,80.9,SPY210331C00315000,315.0,normalDay
2021-03-29,2955.0,443.0,0.0,100,395.78,324.0,0,0.0,0.0,,0.0,1,13.4,80.75,SPY210331C00315000,315.0,normalDay
2021-03-30,2955.0,464.0,0.0,100,394.73,324.0,0,0.0,0.0,,0.0,1,13.4,79.49,SPY210331C00315000,315.0,normalDay
2021-03-31,3395.0,464.0,440.0,0,396.33,0.0,0,0.0,0.0,,0.0,1,13.4,0.0,SPY210331C00315000,315.0,expirationDay
2021-04-01,3395.0,-6.0,0.0,0,400.61,0.0,1,8.44,8.5,SPY210618P00391000,391.0,0,0.0,0.0,,0.0,normalDay
2021-04-05,3395.0,154.0,0.0,0,406.36,0.0,1,8.44,6.9,SPY210618P00391000,391.0,0,0.0,0.0,,0.0,normalDay
2021-04-06,3395.0,141.0,0.0,0,406.12,0.0,1,8.44,7.03,SPY210618P00391000,391.0,0,0.0,0.0,,0.0,normalDay
2021-04-07,3395.0,187.0,0.0,0,406.59,0.0,1,8.44,6.57,SPY210618P00391000,391.0,0,0.0,0.0,,0.0,normalDay
2021-04-08,3395.0,226.0,0.0,0,408.52,0.0,1,8.44,6.18,SPY210618P00391000,391.0,0,0.0,0.0,,0.0,normalDay
2021-04-09,3395.0,269.0,0.0,0,411.49,0.0,1,8.44,5.75,SPY210618P00391000,391.0,0,0.0,0.0,,0.0,normalDay
2021-04-12,3395.0,297.0,0.0,0,411.64,0.0,1,8.44,5.47,SPY210618P00391000,391.0,0,0.0,0.0,,0.0,normalDay
2021-04-13,3395.0,339.0,0.0,0,412.86,0.0,1,8.44,5.05,SPY210618P00391000,391.0,0,0.0,0.0,,0.0,normalDay
2021-04-14,3395.0,315.0,0.0,0,411.45,0.0,1,8.44,5.29,SPY210618P00391000,391.0,0,0.0,0.0,,0.0,normalDay
2021-04-15,3395.0,397.0,0.0,0,415.87,0.0,1,8.44,4.47,SPY210618P00391000,391.0,0,0.0,0.0,,0.0,normalDay
2021-04-16,3395.0,424.0,0.0,0,417.26,0.0,1,8.44,4.2,SPY210618P00391000,391.0,0,0.0,0.0,,0.0,normalDay
2021-04-19,3395.0,373.0,0.0,0,415.21,0.0,1,8.44,4.71,SPY210618P00391000,391.0,0,0.0,0.0,,0.0,normalDay
2021-04-20,3395.0,279.0,0.0,0,412.17,0.0,1,8.44,5.65,SPY210618P00391000,391.0,0,0.0,0.0,,0.0,normalDay
2021-04-21,3395.0,397.0,0.0,0,416.07,0.0,1,8.44,4.47,SPY210618P00391000,391.0,0,0.0,0.0,,0.0,normalDay
2021-04-22,3395.0,292.0,0.0,0,412.27,0.0,1,8.44,5.52,SPY210618P00391000,391.0,0,0.0,0.0,,0.0,normalDay
2021-04-23,3395.0,419.0,0.0,0,416.74,0.0,1,8.44,4.25,SPY210618P00391000,391.0,0,0.0,0.0,,0.0,normalDay
2021-04-26,3395.0,456.0,0.0,0,417.61,0.0,1,8.44,3.88,SPY210618P00391000,391.0,0,0.0,0.0,,0.0,normalDay
2021-04-27,3395.0,467.0,0.0,0,417.52,0.0,1,8.44,3.77,SPY210618P00391000,391.0,0,0.0,0.0,,0.0,normalDay
2021-04-28,3395.0,489.0,0.0,0,417.4,0.0,1,8.44,3.55,SPY210618P00391000,391.0,0,0.0,0.0,,0.0,normalDay
2021-04-29,3395.0,514.0,0.0,0,420.06,0.0,1,8.44,3.3,SPY210618P00391000,391.0,0,0.0,0.0,,0.0,normalDay
2021-04-30,3395.0,467.0,0.0,0,417.3,0.0,1,8.44,3.77,SPY210618P00391000,391.0,0,0.0,0.0,,0.0,normalDay
2021-05-03,3395.0,507.0,0.0,0,418.2,0.0,1,8.44,3.37,SPY210618P00391000,391.0,0,0.0,0.0,,0.0,normalDay
2021-05-04,3395.0,442.0,0.0,0,415.62,0.0,1,8.44,4.02,SPY210618P00391000,391.0,0,0.0,0.0,,0.0,normalDay
2021-05-05,3395.0,463.0,0.0,0,415.75,0.0,1,8.44,3.81,SPY210618P00391000,391.0,0,0.0,0.0,,0.0,normalDay
2021-05-06,3395.0,539.0,0.0,0,419.07,0.0,1,8.44,3.05,SPY210618P00391000,391.0,0,0.0,0.0,,0.0,normalDay
2021-05-07,3395.0,611.0,0.0,0,422.12,0.0,1,8.44,2.33,SPY210618P00391000,391.0,0,0.0,0.0,,0.0,normalDay
2021-05-10,3395.0,525.0,0.0,0,417.94,0.0,1,8.44,3.19,SPY210618P00391000,391.0,0,0.0,0.0,,0.0,normalDay
2021-05-11,3395.0,432.0,0.0,0,414.21,0.0,1,8.44,4.12,SPY210618P00391000,391.0,0,0.0,0.0,,0.0,normalDay
2021-05-12,3395.0,106.0,0.0,0,405.41,0.0,1,8.44,7.38,SPY210618P00391000,391.0,0,0.0,0.0,,0.0,normalDay
2021-05-13,3395.0,335.0,0.0,0,410.28,0.0,1,8.44,5.09,SPY210618P00391000,391.0,0,0.0,0.0,,0.0,normalDay
2021-05-14,3395.0,568.0,0.0,0,416.58,0.0,1,8.44,2.76,SPY210618P00391000,391.0,0,0.0,0.0,,0.0,normalDay
2021-05-17,3395.0,554.0,0.0,0,415.52,0.0,1,8.44,2.9,SPY210618P00391000,391.0,0,0.0,0.0,,0.0,normalDay
2021-05-18,3395.0,477.0,0.0,0,411.94,0.0,1,8.44,3.67,SPY210618P00391000,391.0,0,0.0,0.0,,0.0,normalDay
2021-05-19,3395.0,460.0,0.0,0,410.86,0.0,1,8.44,3.84,SPY210618P00391000,391.0,0,0.0,0.0,,0.0,normalDay
2021-05-20,3395.0,562.0,0.0,0,415.28,0.0,1,8.44,2.82,SPY210618P00391000,391.0,0,0.0,0.0,,0.0,normalDay
2021-05-21,3395.0,583.0,0.0,0,414.94,0.0,1,8.44,2.61,SPY210618P00391000,391.0,0,0.0,0.0,,0.0,normalDay
2021-05-24,3395.0,686.0,0.0,0,419.17,0.0,1,8.44,1.58,SPY210618P00391000,391.0,0,0.0,0.0,,0.0,normalDay
2021-05-25,3395.0,682.0,0.0,0,418.24,0.0,1,8.44,1.62,SPY210618P00391000,391.0,0,0.0,0.0,,0.0,normalDay
2021-05-26,3395.0,723.0,0.0,0,419.07,0.0,1,8.44,1.21,SPY210618P00391000,391.0,0,0.0,0.0,,0.0,normalDay
2021-05-27,3395.0,744.0,0.0,0,419.29,0.0,1,8.44,1.0,SPY210618P00391000,391.0,0,0.0,0.0,,0.0,normalDay
2021-05-28,3395.0,752.0,0.0,0,420.04,0.0,1,8.44,0.92,SPY210618P00391000,391.0,0,0.0,0.0,,0.0,normalDay
2021-06-01,3395.0,757.0,0.0,0,419.67,0.0,1,8.44,0.87,SPY210618P00391000,391.0,0,0.0,0.0,,0.0,normalDay
2021-06-02,3395.0,778.0,0.0,0,420.33,0.0,1,8.44,0.66,SPY210618P00391000,391.0,0,0.0,0.0,,0.0,normalDay
2021-06-03,3395.0,774.0,0.0,0,418.77,0.0,1,8.44,0.7,SPY210618P00391000,391.0,0,0.0,0.0,,0.0,normalDay
2021-06-04,3395.0,806.0,0.0,0,422.6,0.0,1,8.44,0.38,SPY210618P00391000,391.0,0,0.0,0.0,,0.0,normalDay
2021-06-07,3395.0,817.0,0.0,0,422.19,0.0,1,8.44,0.27,SPY210618P00391000,391.0,0,0.0,0.0,,0.0,normalDay
2021-06-08,3395.0,812.0,0.0,0,422.28,0.0,1,8.44,0.32,SPY210618P00391000,391.0,0,0.0,0.0,,0.0,normalDay
2021-06-09,3395.0,807.0,0.0,0,421.65,0.0,1,8.44,0.37,SPY210618P00391000,391.0,0,0.0,0.0,,0.0,normalDay
2021-06-10,3395.0,825.0,0.0,0,423.61,0.0,1,8.44,0.19,SPY210618P00391000,391.0,0,0.0,0.0,,0.0,normalDay
2021-06-11,3395.0,828.0,0.0,0,424.31,0.0,1,8.44,0.16,SPY210618P00391000,391.0,0,0.0,0.0,,0.0,normalDay
2021-06-14,3395.0,835.0,0.0,0,425.26,0.0,1,8.44,0.09,SPY210618P00391000,391.0,0,0.0,0.0,,0.0,normalDay
2021-06-15,3395.0,833.0,0.0,0,424.48,0.0,1,8.44,0.11,SPY210618P00391000,391.0,0,0.0,0.0,,0.0,normalDay
2021-06-16,3395.0,829.0,0.0,0,422.11,0.0,1,8.44,0.15,SPY210618P00391000,391.0,0,0.0,0.0,,0.0,normalDay
2021-06-17,3395.0,838.0,0.0,0,421.97,0.0,1,8.44,0.06,SPY210618P00391000,391.0,0,0.0,0.0,,0.0,normalDay
2021-06-18,4239.0,0.0,844.0,0,414.92,0.0,1,8.44,0.0,SPY210618P00391000,391.0,0,0.0,0.0,,0.0,expirationDay
2021-06-21,4239.0,-3.0,0.0,0,420.86,0.0,1,9.53,9.56,SPY210820P00421000,421.0,0,0.0,0.0,,0.0,normalDay
2021-06-22,4239.0,119.0,0.0,0,423.11,0.0,1,9.53,8.34,SPY210820P00421000,421.0,0,0.0,0.0,,0.0,normalDay
2021-06-23,4239.0,140.0,0.0,0,422.6,0.0,1,9.53,8.13,SPY210820P00421000,421.0,0,0.0,0.0,,0.0,normalDay
2021-06-24,4239.0,241.0,0.0,0,425.1,0.0,1,9.53,7.12,SPY210820P00421000,421.0,0,0.0,0.0,,0.0,normalDay
2021-06-25,4239.0,317.0,0.0,0,426.61,0.0,1,9.53,6.36,SPY210820P00421000,421.0,0,0.0,0.0,,0.0,normalDay
2021-06-28,4239.0,356.0,0.0,0,427.47,0.0,1,9.53,5.97,SPY210820P00421000,421.0,0,0.0,0.0,,0.0,normalDay
2021-06-29,4239.0,371.0,0.0,0,427.7,0.0,1,9.53,5.82,SPY210820P00421000,421.0,0,0.0,0.0,,0.0,normalDay
2021-06-30,4239.0,396.0,0.0,0,428.06,0.0,1,9.53,5.57,SPY210820P00421000,421.0,0,0.0,0.0,,0.0,normalDay
2021-07-01,4239.0,447.0,0.0,0,430.43,0.0,1,9.53,5.06,SPY210820P00421000,421.0,0,0.0,0.0,,0.0,normalDay
2021-07-02,4239.0,522.0,0.0,0,433.72,0.0,1,9.53,4.31,SPY210820P00421000,421.0,0,0.0,0.0,,0.0,normalDay
2021-07-06,4239.0,493.0,0.0,0,432.93,0.0,1,9.53,4.6,SPY210820P00421000,421.0,0,0.0,0.0,,0.0,normalDay
2021-07-07,4239.0,525.0,0.0,0,434.46,0.0,1,9.53,4.28,SPY210820P00421000,421.0,0,0.0,0.0,,0.0,normalDay
2021-07-08,4239.0,377.0,0.0,0,430.92,0.0,1,9.53,5.76,SPY210820P00421000,421.0,0,0.0,0.0,,0.0,normalDay
2021-07-09,4239.0,566.0,0.0,0,435.52,0.0,1,9.53,3.87,SPY210820P00421000,421.0,0,0.0,0.0,,0.0,normalDay
2021-07-12,4239.0,613.0,0.0,0,437.08,0.0,1,9.53,3.4,SPY210820P00421000,421.0,0,0.0,0.0,,0.0,normalDay
2021-07-13,4239.0,555.0,0.0,0,435.59,0.0,1,9.53,3.98,SPY210820P00421000,421.0,0,0.0,0.0,,0.0,normalDay
2021-07-14,4239.0,606.0,0.0,0,436.24,0.0,1,9.53,3.47,SPY210820P00421000,421.0,0,0.0,0.0,,0.0,normalDay
2021-07-15,4239.0,563.0,0.0,0,434.75,0.0,1,9.53,3.9,SPY210820P00421000,421.0,0,0.0,0.0,,0.0,normalDay
2021-07-16,4239.0,467.0,0.0,0,431.34,0.0,1,9.53,4.86,SPY210820P00421000,421.0,0,0.0,0.0,,0.0,normalDay
2021-07-19,4239.0,212.0,0.0,0,424.97,0.0,1,9.53,7.41,SPY210820P00421000,421.0,0,0.0,0.0,,0.0,normalDay
2021-07-20,4239.0,459.0,0.0,0,431.06,0.0,1,9.53,4.94,SPY210820P00421000,421.0,0,0.0,0.0,,0.0,normalDay
2021-07-21,4239.0,604.0,0.0,0,434.55,0.0,1,9.53,3.49,SPY210820P00421000,421.0,0,0.0,0.0,,0.0,normalDay
2021-07-22,4239.0,634.0,0.0,0,435.46,0.0,1,9.53,3.19,SPY210820P00421000,421.0,0,0.0,0.0,,0.0,normalDay
2021-07-23,4239.0,717.0,0.0,0,439.94,0.0,1,9.53,2.36,SPY210820P00421000,421.0,0,0.0,0.0,,0.0,normalDay
2021-07-26,4239.0,755.0,0.0,0,441.02,0.0,1,9.53,1.98,SPY210820P00421000,421.0,0,0.0,0.0,,0.0,normalDay
2021-07-27,4239.0,693.0,0.0,0,439.01,0.0,1,9.53,2.6,SPY210820P00421000,421.0,0,0.0,0.0,,0.0,normalDay
2021-07-28,4239.0,730.0,0.0,0,438.83,0.0,1,9.53,2.23,SPY210820P00421000,421.0,0,0.0,0.0,,0.0,normalDay
2021-07-29,4239.0,783.0,0.0,0,440.65,0.0,1,9.53,1.7,SPY210820P00421000,421.0,0,0.0,0.0,,0.0,normalDay
2021-07-30,4239.0,760.0,0.0,0,438.51,0.0,1,9.53,1.93,SPY210820P00421000,421.0,0,0.0,0.0,,0.0,normalDay
2021-08-02,4239.0,752.0,0.0,0,437.59,0.0,1,9.53,2.01,SPY210820P00421000,421.0,0,0.0,0.0,,0.0,normalDay
2021-08-03,4239.0,832.0,0.0,0,441.15,0.0,1,9.53,1.21,SPY210820P00421000,421.0,0,0.0,0.0,,0.0,normalDay
2021-08-04,4239.0,827.0,0.0,0,438.98,0.0,1,9.53,1.26,SPY210820P00421000,421.0,0,0.0,0.0,,0.0,normalDay
2021-08-05,4239.0,864.0,0.0,0,441.76,0.0,1,9.53,0.89,SPY210820P00421000,421.0,0,0.0,0.0,,0.0,normalDay
2021-08-06,4239.0,900.0,0.0,0,442.49,0.0,1,9.53,0.53,SPY210820P00421000,421.0,0,0.0,0.0,,0.0,normalDay
2021-08-09,4239.0,909.0,0.0,0,442.13,0.0,1,9.53,0.44,SPY210820P00421000,421.0,0,0.0,0.0,,0.0,normalDay
2021-08-10,4239.0,909.0,0.0,0,442.68,0.0,1,9.53,0.44,SPY210820P00421000,421.0,0,0.0,0.0,,0.0,normalDay
2021-08-11,4239.0,930.0,0.0,0,443.78,0.0,1,9.53,0.23,SPY210820P00421000,421.0,0,0.0,0.0,,0.0,normalDay
2021-08-12,4239.0,936.0,0.0,0,445.11,0.0,1,9.53,0.17,SPY210820P00421000,421.0,0,0.0,0.0,,0.0,normalDay
2021-08-13,4239.0,940.0,0.0,0,445.92,0.0,1,9.53,0.13,SPY210820P00421000,421.0,0,0.0,0.0,,0.0,normalDay
2021-08-16,4239.0,944.0,0.0,0,446.97,0.0,1,9.53,0.09,SPY210820P00421000,421.0,0,0.0,0.0,,0.0,normalDay
2021-08-17,4239.0,940.0,0.0,0,444.04,0.0,1,9.53,0.13,SPY210820P00421000,421.0,0,0.0,0.0,,0.0,normalDay
2021-08-18,4239.0,920.0,0.0,0,439.18,0.0,1,9.53,0.33,SPY210820P00421000,421.0,0,0.0,0.0,,0.0,normalDay
2021-08-19,4239.0,945.0,0.0,0,439.86,0.0,1,9.53,0.08,SPY210820P00421000,421.0,0,0.0,0.0,,0.0,normalDay
2021-08-20,5192.0,0.0,953.0,0,443.36,0.0,1,9.53,0.0,SPY210820P00421000,421.0,0,0.0,0.0,,0.0,expirationDay
2021-08-23,5192.0,-3.0,0.0,0,447.26,0.0,1,7.67,7.7,SPY211015P00441000,441.0,0,0.0,0.0,,0.0,normalDay
2021-08-24,5192.0,21.0,0.0,0,447.97,0.0,1,7.67,7.46,SPY211015P00441000,441.0,0,0.0,0.0,,0.0,normalDay
2021-08-25,5192.0,83.0,0.0,0,448.91,0.0,1,7.67,6.84,SPY211015P00441000,441.0,0,0.0,0.0,,0.0,normalDay
2021-08-26,5192.0,-47.0,0.0,0,446.26,0.0,1,7.67,8.14,SPY211015P00441000,441.0,0,0.0,0.0,,0.0,normalDay
2021-08-27,5192.0,150.0,0.0,0,450.25,0.0,1,7.67,6.17,SPY211015P00441000,441.0,0,0.0,0.0,,0.0,normalDay
2021-08-30,5192.0,219.0,0.0,0,452.23,0.0,1,7.67,5.48,SPY211015P00441000,441.0,0,0.0,0.0,,0.0,normalDay
2021-08-31,5192.0,222.0,0.0,0,451.56,0.0,1,7.67,5.45,SPY211015P00441000,441.0,0,0.0,0.0,,0.0,normalDay
2021-09-01,5192.0,250.0,0.0,0,451.8,0.0,1,7.67,5.17,SPY211015P00441000,441.0,0,0.0,0.0,,0.0,normalDay
2021-09-02,5192.0,284.0,0.0,0,453.19,0.0,1,7.67,4.83,SPY211015P00441000,441.0,0,0.0,0.0,,0.0,normalDay
2021-09-03,5192.0,288.0,0.0,0,453.08,0.0,1,7.67,4.79,SPY211015P00441000,441.0,0,0.0,0.0,,0.0,normalDay
2021-09-07,5192.0,241.0,0.0,0,451.46,0.0,1,7.67,5.26,SPY211015P00441000,441.0,0,0.0,0.0,,0.0,normalDay
2021-09-08,5192.0,239.0,0.0,0,450.91,0.0,1,7.67,5.28,SPY211015P00441000,441.0,0,0.0,0.0,,0.0,normalDay
2021-09-09,5192.0,157.0,0.0,0,448.98,0.0,1,7.67,6.1,SPY211015P00441000,441.0,0,0.0,0.0,,0.0,normalDay
2021-09-10,5192.0,32.0,0.0,0,445.44,0.0,1,7.67,7.35,SPY211015P00441000,441.0,0,0.0,0.0,,0.0,normalDay
2021-09-13,5192.0,148.0,0.0,0,446.58,0.0,1,7.67,6.19,SPY211015P00441000,441.0,0,0.0,0.0,,0.0,normalDay
2021-09-14,5192.0,62.0,0.0,0,444.17,0.0,1,7.67,7.05,SPY211015P00441000,441.0,0,0.0,0.0,,0.0,normalDay
2021-09-15,5192.0,244.0,0.0,0,447.88,0.0,1,7.67,5.23,SPY211015P00441000,441.0,0,0.0,0.0,,0.0,normalDay
2021-09-16,5192.0,213.0,0.0,0,447.17,0.0,1,7.67,5.54,SPY211015P00441000,441.0,0,0.0,0.0,,0.0,normalDay
2021-09-17,5192.0,16.0,0.0,0,441.4,0.0,1,7.67,7.51,SPY211015P00441000,441.0,0,0.0,0.0,,0.0,normalDay
2021-09-20,5192.0,-427.0,0.0,0,434.04,0.0,1,7.67,11.94,SPY211015P00441000,441.0,0,0.0,0.0,,0.0,normalDay
2021-09-21,5192.0,-423.0,0.0,0,433.63,0.0,1,7.67,11.9,SPY211015P00441000,441.0,0,0.0,0.0,,0.0,normalDay
2021-09-22,5192.0,-64.0,0.0,0,437.86,0.0,1,7.67,8.31,SPY211015P00441000,441.0,0,0.0,0.0,,0.0,normalDay
2021-09-23,5192.0,234.0,0.0,0,443.18,0.0,1,7.67,5.33,SPY211015P00441000,441.0,0,0.0,0.0,,0.0,normalDay
2021-09-24,5192.0,307.0,0.0,0,443.91,0.0,1,7.67,4.6,SPY211015P00441000,441.0,0,0.0,0.0,,0.0,normalDay
2021-09-27,5192.0,272.0,0.0,0,442.64,0.0,1,7.67,4.95,SPY211015P00441000,441.0,0,0.0,0.0,,0.0,normalDay
2021-09-28,5192.0,-248.0,0.0,0,433.72,0.0,1,7.67,10.15,SPY211015P00441000,441.0,0,0.0,0.0,,0.0,normalDay
2021-09-29,5192.0,-178.0,0.0,0,434.45,0.0,1,7.67,9.45,SPY211015P00441000,441.0,0,0.0,0.0,,0.0,normalDay
2021-09-30,5192.0,-523.0,0.0,0,429.14,0.0,1,7.67,12.9,SPY211015P00441000,441.0,0,0.0,0.0,,0.0,normalDay
2021-10-01,5192.0,-133.0,0.0,0,434.24,0.0,1,7.67,9.0,SPY211015P00441000,441.0,0,0.0,0.0,,0.0,normalDay
2021-10-04,5192.0,-554.0,0.0,0,428.64,0.0,1,7.67,13.21,SPY211015P00441000,441.0,0,0.0,0.0,,0.0,normalDay
2021-10-05,5192.0,-172.0,0.0,0,433.1,0.0,1,7.67,9.39,SPY211015P00441000,441.0,0,0.0,0.0,,0.0,normalDay
2021-10-06,5192.0,-48.0,0.0,0,434.9,0.0,1,7.67,8.15,SPY211015P00441000,441.0,0,0.0,0.0,,0.0,normalDay
2021-10-07,5192.0,257.0,0.0,0,438.66,0.0,1,7.67,5.1,SPY211015P00441000,441.0,0,0.0,0.0,,0.0,normalDay
2021-10-08,5192.0,230.0,0.0,0,437.86,0.0,1,7.67,5.37,SPY211015P00441000,441.0,0,0.0,0.0,,0.0,normalDay
2021-10-11,5192.0,37.0,0.0,0,434.69,0.0,1,7.67,7.3,SPY211015P00441000,441.0,0,0.0,0.0,,0.0,normalDay
2021-10-12,5192.0,-90.0,0.0,0,433.62,0.0,1,7.67,8.57,SPY211015P00441000,441.0,0,0.0,0.0,,0.0,normalDay
2021-10-13,5192.0,159.0,0.0,0,435.18,0.0,1,7.67,6.08,SPY211015P00441000,441.0,0,0.0,0.0,,0.0,normalDay
2021-10-14,5192.0,692.0,0.0,0,442.5,0.0,1,7.67,0.75,SPY211015P00441000,441.0,0,0.0,0.0,,0.0,normalDay
2021-10-15,5959.0,0.0,767.0,0,445.87,0.0,1,7.67,0.0,SPY211015P00441000,441.0,0,0.0,0.0,,0.0,expirationDay
2021-10-18,5959.0,-5.0,0.0,0,447.19,0.0,1,8.84,8.89,SPY211231P00436000,436.0,0,0.0,0.0,,0.0,normalDay
2021-10-19,5959.0,126.0,0.0,0,450.64,0.0,1,8.84,7.58,SPY211231P00436000,436.0,0,0.0,0.0,,0.0,normalDay
2021-10-20,5959.0,156.0,0.0,0,452.41,0.0,1,8.84,7.28,SPY211231P00436000,436.0,0,0.0,0.0,,0.0,normalDay
2021-10-21,5959.0,211.0,0.0,0,453.59,0.0,1,8.84,6.73,SPY211231P00436000,436.0,0,0.0,0.0,,0.0,normalDay
2021-10-22,5959.0,170.0,0.0,0,453.12,0.0,1,8.84,7.14,SPY211231P00436000,436.0,0,0.0,0.0,,0.0,normalDay
2021-10-25,5959.0,252.0,0.0,0,455.55,0.0,1,8.84,6.32,SPY211231P00436000,436.0,0,0.0,0.0,,0.0,normalDay
2021-10-26,5959.0,262.0,0.0,0,455.96,0.0,1,8.84,6.22,SPY211231P00436000,436.0,0,0.0,0.0,,0.0,normalDay
2021-10-27,5959.0,182.0,0.0,0,453.94,0.0,1,8.84,7.02,SPY211231P00436000,436.0,0,0.0,0.0,,0.0,normalDay
2021-10-28,5959.0,291.0,0.0,0,458.32,0.0,1,8.84,5.93,SPY211231P00436000,436.0,0,0.0,0.0,,0.0,normalDay
2021-10-29,5959.0,321.0,0.0,0,459.25,0.0,1,8.84,5.63,SPY211231P00436000,436.0,0,0.0,0.0,,0.0,normalDay
2021-11-01,5959.0,357.0,0.0,0,460.04,0.0,1,8.84,5.27,SPY211231P00436000,436.0,0,0.0,0.0,,0.0,normalDay
2021-11-02,5959.0,401.0,0.0,0,461.9,0.0,1,8.84,4.83,SPY211231P00436000,436.0,0,0.0,0.0,,0.0,normalDay
2021-11-03,5959.0,478.0,0.0,0,464.72,0.0,1,8.84,4.06,SPY211231P00436000,436.0,0,0.0,0.0,,0.0,normalDay
2021-11-04,5959.0,512.0,0.0,0,466.91,0.0,1,8.84,3.72,SPY211231P00436000,436.0,0,0.0,0.0,,0.0,normalDay
2021-11-05,5959.0,510.0,0.0,0,468.53,0.0,1,8.84,3.74,SPY211231P00436000,436.0,0,0.0,0.0,,0.0,normalDay
2021-11-08,5959.0,510.0,0.0,0,468.93,0.0,1,8.84,3.74,SPY211231P00436000,436.0,0,0.0,0.0,,0.0,normalDay
2021-11-09,5959.0,487.0,0.0,0,467.38,0.0,1,8.84,3.97,SPY211231P00436000,436.0,0,0.0,0.0,,0.0,normalDay
2021-11-10,5959.0,426.0,0.0,0,463.62,0.0,1,8.84,4.58,SPY211231P00436000,436.0,0,0.0,0.0,,0.0,normalDay
2021-11-11,5959.0,478.0,0.0,0,463.77,0.0,1,8.84,4.06,SPY211231P00436000,436.0,0,0.0,0.0,,0.0,normalDay
2021-11-12,5959.0,558.0,0.0,0,467.27,0.0,1,8.84,3.26,SPY211231P00436000,436.0,0,0.0,0.0,,0.0,normalDay
2021-11-15,5959.0,574.0,0.0,0,467.43,0.0,1,8.84,3.1,SPY211231P00436000,436.0,0,0.0,0.0,,0.0,normalDay
2021-11-16,5959.0,603.0,0.0,0,469.28,0.0,1,8.84,2.81,SPY211231P00436000,436.0,0,0.0,0.0,,0.0,normalDay
2021-11-17,5959.0,580.0,0.0,0,468.14,0.0,1,8.84,3.04,SPY211231P00436000,436.0,0,0.0,0.0,,0.0,normalDay
2021-11-18,5959.0,596.0,0.0,0,469.73,0.0,1,8.84,2.88,SPY211231P00436000,436.0,0,0.0,0.0,,0.0,normalDay
2021-11-19,5959.0,588.0,0.0,0,468.89,0.0,1,8.84,2.96,SPY211231P00436000,436.0,0,0.0,0.0,,0.0,normalDay
2021-11-22,5959.0,568.0,0.0,0,467.57,0.0,1,8.84,3.16,SPY211231P00436000,436.0,0,0.0,0.0,,0.0,normalDay
2021-11-23,5959.0,589.0,0.0,0,468.19,0.0,1,8.84,2.95,SPY211231P00436000,436.0,0,0.0,0.0,,0.0,normalDay
2021-11-24,5959.0,628.0,0.0,0,469.44,0.0,1,8.84,2.56,SPY211231P00436000,436.0,0,0.0,0.0,,0.0,normalDay
2021-11-26,5959.0,107.0,0.0,0,458.97,0.0,1,8.84,7.77,SPY211231P00436000,436.0,0,0.0,0.0,,0.0,normalDay
2021-11-29,5959.0,510.0,0.0,0,464.6,0.0,1,8.84,3.74,SPY211231P00436000,436.0,0,0.0,0.0,,0.0,normalDay
2021-11-30,5959.0,304.0,0.0,0,455.56,0.0,1,8.84,5.8,SPY211231P00436000,436.0,0,0.0,0.0,,0.0,normalDay
2021-12-01,5959.0,18.0,0.0,0,450.5,0.0,1,8.84,8.66,SPY211231P00436000,436.0,0,0.0,0.0,,0.0,normalDay
2021-12-02,5959.0,293.0,0.0,0,457.4,0.0,1,8.84,5.91,SPY211231P00436000,436.0,0,0.0,0.0,,0.0,normalDay
2021-12-03,5959.0,164.0,0.0,0,453.42,0.0,1,8.84,7.2,SPY211231P00436000,436.0,0,0.0,0.0,,0.0,normalDay
2021-12-06,5959.0,410.0,0.0,0,458.79,0.0,1,8.84,4.74,SPY211231P00436000,436.0,0,0.0,0.0,,0.0,normalDay
2021-12-07,5959.0,664.0,0.0,0,468.28,0.0,1,8.84,2.2,SPY211231P00436000,436.0,0,0.0,0.0,,0.0,normalDay
2021-12-08,5959.0,733.0,0.0,0,469.52,0.0,1,8.84,1.51,SPY211231P00436000,436.0,0,0.0,0.0,,0.0,normalDay
2021-12-09,5959.0,686.0,0.0,0,466.35,0.0,1,8.84,1.98,SPY211231P00436000,436.0,0,0.0,0.0,,0.0,normalDay
2021-12-10,5959.0,773.0,0.0,0,470.74,0.0,1,8.84,1.11,SPY211231P00436000,436.0,0,0.0,0.0,,0.0,normalDay
2021-12-13,5959.0,754.0,0.0,0,466.57,0.0,1,8.84,1.3,SPY211231P00436000,436.0,0,0.0,0.0,,0.0,normalDay
2021-12-14,5959.0,716.0,0.0,0,463.36,0.0,1,8.84,1.68,SPY211231P00436000,436.0,0,0.0,0.0,,0.0,normalDay
2021-12-15,5959.0,808.0,0.0,0,470.6,0.0,1,8.84,0.76,SPY211231P00436000,436.0,0,0.0,0.0,,0.0,normalDay
2021-12-16,5959.0,781.0,0.0,0,466.45,0.0,1,8.84,1.03,SPY211231P00436000,436.0,0,0.0,0.0,,0.0,normalDay
2021-12-17,5959.0,753.0,0.0,0,459.87,0.0,1,8.84,1.31,SPY211231P00436000,436.0,0,0.0,0.0,,0.0,normalDay
2021-12-20,5959.0,724.0,0.0,0,454.98,0.0,1,8.84,1.6,SPY211231P00436000,436.0,0,0.0,0.0,,0.0,normalDay
2021-12-21,5959.0,825.0,0.0,0,463.06,0.0,1,8.84,0.59,SPY211231P00436000,436.0,0,0.0,0.0,,0.0,normalDay
2021-12-22,5959.0,867.0,0.0,0,467.69,0.0,1,8.84,0.17,SPY211231P00436000,436.0,0,0.0,0.0,,0.0,normalDay
2021-12-23,5959.0,874.0,0.0,0,470.6,0.0,1,8.84,0.1,SPY211231P00436000,436.0,0,0.0,0.0,,0.0,normalDay
2021-12-27,5959.0,880.0,0.0,0,477.26,0.0,1,8.84,0.04,SPY211231P00436000,436.0,0,0.0,0.0,,0.0,normalDay
2021-12-28,5959.0,881.0,0.0,0,476.87,0.0,1,8.84,0.03,SPY211231P00436000,436.0,0,0.0,0.0,,0.0,normalDay
2021-12-29,5959.0,882.0,0.0,0,477.48,0.0,1,8.84,0.02,SPY211231P00436000,436.0,0,0.0,0.0,,0.0,normalDay
2021-12-30,5959.0,883.0,0.0,0,476.16,0.0,1,8.84,0.01,SPY211231P00436000,436.0,0,0.0,0.0,,0.0,normalDay
2021-12-31,6843.0,0.0,884.0,0,474.96,0.0,1,8.84,0.0,SPY211231P00436000,436.0,0,0.0,0.0,,0.0,expirationDay
2022-01-03,6843.0,-7.0,0.0,0,477.71,0.0,1,11.48,11.55,SPY220331P00468000,468.0,0,0.0,0.0,,0.0,normalDay
2022-01-04,6843.0,-25.0,0.0,0,477.55,0.0,1,11.48,11.73,SPY220331P00468000,468.0,0,0.0,0.0,,0.0,normalDay
2022-01-05,6843.0,-434.0,0.0,0,468.38,0.0,1,11.48,15.82,SPY220331P00468000,468.0,0,0.0,0.0,,0.0,normalDay
2022-01-06,6843.0,-439.0,0.0,0,467.94,0.0,1,11.48,15.87,SPY220331P00468000,468.0,0,0.0,0.0,,0.0,normalDay
2022-01-07,6843.0,-440.0,0.0,0,466.09,0.0,1,11.48,15.88,SPY220331P00468000,468.0,0,0.0,0.0,,0.0,normalDay
2022-01-10,6843.0,-451.0,0.0,0,465.51,0.0,1,11.48,15.99,SPY220331P00468000,468.0,0,0.0,0.0,,0.0,normalDay
2022-01-11,6843.0,-235.0,0.0,0,469.75,0.0,1,11.48,13.83,SPY220331P00468000,468.0,0,0.0,0.0,,0.0,normalDay
2022-01-12,6843.0,-145.0,0.0,0,471.02,0.0,1,11.48,12.93,SPY220331P00468000,468.0,0,0.0,0.0,,0.0,normalDay
2022-01-13,6843.0,-556.0,0.0,0,464.53,0.0,1,11.48,17.04,SPY220331P00468000,468.0,0,0.0,0.0,,0.0,normalDay
2022-01-14,6843.0,-459.0,0.0,0,464.72,0.0,1,11.48,16.07,SPY220331P00468000,468.0,0,0.0,0.0,,0.0,normalDay
2022-01-18,6843.0,-1027.0,0.0,0,456.49,0.0,1,11.48,21.75,SPY220331P00468000,468.0,0,0.0,0.0,,0.0,normalDay
2022-01-19,6843.0,-1260.0,0.0,0,451.75,0.0,1,11.48,24.08,SPY220331P00468000,468.0,0,0.0,0.0,,0.0,normalDay
2022-01-20,6843.0,-1673.0,0.0,0,446.75,0.0,1,11.48,28.21,SPY220331P00468000,468.0,0,0.0,0.0,,0.0,normalDay
2022-01-21,6843.0,-2355.0,0.0,0,437.98,0.0,1,11.48,35.03,SPY220331P00468000,468.0,0,0.0,0.0,,0.0,normalDay
2022-01-24,6843.0,-2330.0,0.0,0,439.84,0.0,1,11.48,34.78,SPY220331P00468000,468.0,0,0.0,0.0,,0.0,normalDay
2022-01-25,6843.0,-2795.0,0.0,0,434.47,0.0,1,11.48,39.43,SPY220331P00468000,468.0,0,0.0,0.0,,0.0,normalDay
2022-01-26,6843.0,-2846.0,0.0,0,433.38,0.0,1,11.48,39.94,SPY220331P00468000,468.0,0,0.0,0.0,,0.0,normalDay
2022-01-27,6843.0,-2859.0,0.0,0,431.24,0.0,1,11.48,40.07,SPY220331P00468000,468.0,0,0.0,0.0,,0.0,normalDay
2022-01-28,6843.0,-2017.0,0.0,0,441.95,0.0,1,11.48,31.65,SPY220331P00468000,468.0,0,0.0,0.0,,0.0,normalDay
2022-01-31,6843.0,-1413.0,0.0,0,449.91,0.0,1,11.48,25.61,SPY220331P00468000,468.0,0,0.0,0.0,,0.0,normalDay
2022-02-01,6843.0,-993.0,0.0,0,452.95,0.0,1,11.48,21.41,SPY220331P00468000,468.0,0,0.0,0.0,,0.0,normalDay
2022-02-02,6843.0,-879.0,0.0,0,457.35,0.0,1,11.48,20.27,SPY220331P00468000,468.0,0,0.0,0.0,,0.0,normalDay
2022-02-03,6843.0,-1302.0,0.0,0,446.6,0.0,1,11.48,24.5,SPY220331P00468000,468.0,0,0.0,0.0,,0.0,normalDay
2022-02-04,6843.0,-1421.0,0.0,0,448.7,0.0,1,11.48,25.69,SPY220331P00468000,468.0,0,0.0,0.0,,0.0,normalDay
2022-02-07,6843.0,-1421.0,0.0,0,447.26,0.0,1,11.48,25.69,SPY220331P00468000,468.0,0,0.0,0.0,,0.0,normalDay
2022-02-08,6843.0,-1070.0,0.0,0,450.94,0.0,1,11.48,22.18,SPY220331P00468000,468.0,0,0.0,0.0,,0.0,normalDay
2022-02-09,6843.0,-617.0,0.0,0,457.54,0.0,1,11.48,17.65,SPY220331P00468000,468.0,0,0.0,0.0,,0.0,normalDay
2022-02-10,6843.0,-1276.0,0.0,0,449.32,0.0,1,11.48,24.24,SPY220331P00468000,468.0,0,0.0,0.0,,0.0,normalDay
2022-02-11,6843.0,-1999.0,0.0,0,440.46,0.0,1,11.48,31.47,SPY220331P00468000,468.0,0,0.0,0.0,,0.0,normalDay
2022-02-14,6843.0,-2116.0,0.0,0,439.02,0.0,1,11.48,32.64,SPY220331P00468000,468.0,0,0.0,0.0,,0.0,normalDay
2022-02-15,6843.0,-1559.0,0.0,0,446.1,0.0,1,11.48,27.07,SPY220331P00468000,468.0,0,0.0,0.0,,0.0,normalDay
2022-02-16,6843.0,-1444.0,0.0,0,446.6,0.0,1,11.48,25.92,SPY220331P00468000,468.0,0,0.0,0.0,,0.0,normalDay
2022-02-17,6843.0,-2250.0,0.0,0,437.06,0.0,1,11.48,33.98,SPY220331P00468000,468.0,0,0.0,0.0,,0.0,normalDay
2022-02-18,6843.0,-2454.0,0.0,0,434.23,0.0,1,11.48,36.02,SPY220331P00468000,468.0,0,0.0,0.0,,0.0,normalDay
2022-02-22,6843.0,-2822.0,0.0,0,429.57,0.0,1,11.48,39.7,SPY220331P00468000,468.0,0,0.0,0.0,,0.0,normalDay
2022-02-23,6843.0,-3650.0,0.0,0,421.95,0.0,1,11.48,47.98,SPY220331P00468000,468.0,0,0.0,0.0,,0.0,normalDay
2022-02-24,6843.0,-3171.0,0.0,0,428.3,0.0,1,11.48,43.19,SPY220331P00468000,468.0,0,0.0,0.0,,0.0,normalDay
2022-02-25,6843.0,-2172.0,0.0,0,437.75,0.0,1,11.48,33.2,SPY220331P00468000,468.0,0,0.0,0.0,,0.0,normalDay
2022-02-28,6843.0,-2275.0,0.0,0,436.63,0.0,1,11.48,34.23,SPY220331P00468000,468.0,0,0.0,0.0,,0.0,normalDay
2022-03-01,6843.0,-2867.0,0.0,0,429.98,0.0,1,11.48,40.15,SPY220331P00468000,468.0,0,0.0,0.0,,0.0,normalDay
2022-03-02,6843.0,-2197.0,0.0,0,437.89,0.0,1,11.48,33.45,SPY220331P00468000,468.0,0,0.0,0.0,,0.0,normalDay
2022-03-03,6843.0,-2312.0,0.0,0,435.71,0.0,1,11.48,34.6,SPY220331P00468000,468.0,0,0.0,0.0,,0.0,normalDay
2022-03-04,6843.0,-2709.0,0.0,0,432.17,0.0,1,11.48,38.57,SPY220331P00468000,468.0,0,0.0,0.0,,0.0,normalDay
2022-03-07,6843.0,-4003.0,0.0,0,419.43,0.0,1,11.48,51.51,SPY220331P00468000,468.0,0,0.0,0.0,,0.0,normalDay
2022-03-08,6843.0,-4328.0,0.0,0,416.25,0.0,1,11.48,54.76,SPY220331P00468000,468.0,0,0.0,0.0,,0.0,normalDay
2022-03-09,6843.0,-3074.0,0.0,0,427.41,0.0,1,11.48,42.22,SPY220331P00468000,468.0,0,0.0,0.0,,0.0,normalDay
2022-03-10,6843.0,-3298.0,0.0,0,425.48,0.0,1,11.48,44.46,SPY220331P00468000,468.0,0,0.0,0.0,,0.0,normalDay
2022-03-11,6843.0,-3834.0,0.0,0,420.07,0.0,1,11.48,49.82,SPY220331P00468000,468.0,0,0.0,0.0,,0.0,normalDay
2022-03-14,6843.0,-4096.0,0.0,0,417.0,0.0,1,11.48,52.44,SPY220331P00468000,468.0,0,0.0,0.0,,0.0,normalDay
2022-03-15,6843.0,-3294.0,0.0,0,426.17,0.0,1,11.48,44.42,SPY220331P00468000,468.0,0,0.0,0.0,,0.0,normalDay
2022-03-16,6843.0,-2307.0,0.0,0,435.62,0.0,1,11.48,34.55,SPY220331P00468000,468.0,0,0.0,0.0,,0.0,normalDay
2022-03-17,6843.0,-1803.0,0.0,0,441.07,0.0,1,11.48,29.51,SPY220331P00468000,468.0,0,0.0,0.0,,0.0,normalDay
2022-03-18,6843.0,-1218.0,0.0,0,444.52,0.0,1,11.48,23.66,SPY220331P00468000,468.0,0,0.0,0.0,,0.0,normalDay
2022-03-21,6843.0,-1210.0,0.0,0,444.39,0.0,1,11.48,23.58,SPY220331P00468000,468.0,0,0.0,0.0,,0.0,normalDay
2022-03-22,6843.0,-730.0,0.0,0,449.59,0.0,1,11.48,18.78,SPY220331P00468000,468.0,0,0.0,0.0,,0.0,normalDay
2022-03-23,6843.0,-1305.0,0.0,0,443.8,0.0,1,11.48,24.53,SPY220331P00468000,468.0,0,0.0,0.0,,0.0,normalDay
2022-03-24,6843.0,-641.0,0.0,0,450.49,0.0,1,11.48,17.89,SPY220331P00468000,468.0,0,0.0,0.0,,0.0,normalDay
2022-03-25,6843.0,-434.0,0.0,0,452.69,0.0,1,11.48,15.82,SPY220331P00468000,468.0,0,0.0,0.0,,0.0,normalDay
2022-03-28,6843.0,-91.0,0.0,0,455.91,0.0,1,11.48,12.39,SPY220331P00468000,468.0,0,0.0,0.0,,0.0,normalDay
2022-03-29,6843.0,396.0,0.0,0,461.55,0.0,1,11.48,7.52,SPY220331P00468000,468.0,0,0.0,0.0,,0.0,normalDay
2022-03-30,6843.0,225.0,0.0,0,458.7,0.0,1,11.48,9.23,SPY220331P00468000,468.0,0,0.0,0.0,,0.0,normalDay
2022-03-31,7991.0,-1636.0,1148.0,100,451.64,468.0,1,11.48,0.0,SPY220331P00468000,468.0,0,0.0,0.0,,0.0,expirationDay
2022-04-01,7991.0,-1941.0,0.0,100,452.92,468.0,0,0.0,0.0,,0.0,1,19.3,23.63,SPY230331C00485000,485.0,normalDay
2022-04-04,7991.0,-1590.0,0.0,100,456.8,468.0,0,0.0,0.0,,0.0,1,19.3,24.0,SPY230331C00485000,485.0,normalDay
2022-04-05,7991.0,-2103.0,0.0,100,451.03,468.0,0,0.0,0.0,,0.0,1,19.3,23.36,SPY230331C00485000,485.0,normalDay
2022-04-06,7991.0,-2344.0,0.0,100,446.52,468.0,0,0.0,0.0,,0.0,1,19.3,21.26,SPY230331C00485000,485.0,normalDay
2022-04-07,7991.0,-2111.0,0.0,100,448.77,468.0,0,0.0,0.0,,0.0,1,19.3,21.18,SPY230331C00485000,485.0,normalDay
2022-04-08,7991.0,-2175.0,0.0,100,447.57,468.0,0,0.0,0.0,,0.0,1,19.3,20.62,SPY230331C00485000,485.0,normalDay
2022-04-11,7991.0,-2728.0,0.0,100,439.92,468.0,0,0.0,0.0,,0.0,1,19.3,18.5,SPY230331C00485000,485.0,normalDay
2022-04-12,7991.0,-2747.0,0.0,100,438.29,468.0,0,0.0,0.0,,0.0,1,19.3,17.06,SPY230331C00485000,485.0,normalDay
2022-04-13,7991.0,-2336.0,0.0,100,443.31,468.0,0,0.0,0.0,,0.0,1,19.3,17.97,SPY230331C00485000,485.0,normalDay
2022-04-14,7991.0,-2740.0,0.0,100,437.79,468.0,0,0.0,0.0,,0.0,1,19.3,16.49,SPY230331C00485000,485.0,normalDay
2022-04-18,7991.0,-2810.0,0.0,100,437.97,468.0,0,0.0,0.0,,0.0,1,19.3,17.37,SPY230331C00485000,485.0,normalDay
2022-04-19,7991.0,-2176.0,0.0,100,445.04,468.0,0,0.0,0.0,,0.0,1,19.3,18.1,SPY230331C00485000,485.0,normalDay
2022-04-20,7991.0,-2367.0,0.0,100,444.71,468.0,0,0.0,0.0,,0.0,1,19.3,19.68,SPY230331C00485000,485.0,normalDay
2022-04-21,7991.0,-2672.0,0.0,100,438.06,468.0,0,0.0,0.0,,0.0,1,19.3,16.08,SPY230331C00485000,485.0,normalDay
2022-04-22,7991.0,-3628.0,0.0,100,426.04,468.0,0,0.0,0.0,,0.0,1,19.3,13.62,SPY230331C00485000,485.0,normalDay
2022-04-25,7991.0,-3465.0,0.0,100,428.51,468.0,0,0.0,0.0,,0.0,1,19.3,14.46,SPY230331C00485000,485.0,normalDay
2022-04-26,7991.0,-4388.0,0.0,100,416.1,468.0,0,0.0,0.0,,0.0,1,19.3,11.28,SPY230331C00485000,485.0,normalDay
2022-04-27,7991.0,-4309.0,0.0,100,417.27,468.0,0,0.0,0.0,,0.0,1,19.3,11.66,SPY230331C00485000,485.0,normalDay
2022-04-28,7991.0,-3464.0,0.0,100,427.81,468.0,0,0.0,0.0,,0.0,1,19.3,13.75,SPY230331C00485000,485.0,normalDay
2022-04-29,7991.0,-4715.0,0.0,100,412.0,468.0,0,0.0,0.0,,0.0,1,19.3,10.45,SPY230331C00485000,485.0,normalDay
2022-05-02,7991.0,-4497.0,0.0,100,414.48,468.0,0,0.0,0.0,,0.0,1,19.3,10.75,SPY230331C00485000,485.0,normalDay
2022-05-03,7991.0,-4306.0,0.0,100,416.38,468.0,0,0.0,0.0,,0.0,1,19.3,10.74,SPY230331C00485000,485.0,normalDay
2022-05-04,7991.0,-3306.0,0.0,100,429.06,468.0,0,0.0,0.0,,0.0,1,19.3,13.42,SPY230331C00485000,485.0,normalDay
2022-05-05,7991.0,-4529.0,0.0,100,413.81,468.0,0,0.0,0.0,,0.0,1,19.3,10.4,SPY230331C00485000,485.0,normalDay
2022-05-06,7991.0,-4647.0,0.0,100,411.34,468.0,0,0.0,0.0,,0.0,1,19.3,9.11,SPY230331C00485000,485.0,normalDay
2022-05-09,7991.0,-5679.0,0.0,100,398.17,468.0,0,0.0,0.0,,0.0,1,19.3,6.26,SPY230331C00485000,485.0,normalDay
2022-05-10,7991.0,-5553.0,0.0,100,399.09,468.0,0,0.0,0.0,,0.0,1,19.3,5.92,SPY230331C00485000,485.0,normalDay
2022-05-11,7991.0,-6117.0,0.0,100,392.75,468.0,0,0.0,0.0,,0.0,1,19.3,5.22,SPY230331C00485000,485.0,normalDay
2022-05-12,7991.0,-6104.0,0.0,100,392.34,468.0,0,0.0,0.0,,0.0,1,19.3,4.68,SPY230331C00485000,485.0,normalDay
2022-05-13,7991.0,-5263.0,0.0,100,401.72,468.0,0,0.0,0.0,,0.0,1,19.3,5.65,SPY230331C00485000,485.0,normalDay
2022-05-16,7991.0,-5392.0,0.0,100,400.09,468.0,0,0.0,0.0,,0.0,1,19.3,5.31,SPY230331C00485000,485.0,normalDay
2022-05-17,7991.0,-4679.0,0.0,100,408.32,468.0,0,0.0,0.0,,0.0,1,19.3,6.41,SPY230331C00485000,485.0,normalDay
2022-05-18,7991.0,-6086.0,0.0,100,391.86,468.0,0,0.0,0.0,,0.0,1,19.3,4.02,SPY230331C00485000,485.0,normalDay
2022-05-19,7991.0,-6279.0,0.0,100,389.46,468.0,0,0.0,0.0,,0.0,1,19.3,3.55,SPY230331C00485000,485.0,normalDay
2022-05-20,7991.0,-6260.0,0.0,100,389.63,468.0,0,0.0,0.0,,0.0,1,19.3,3.53,SPY230331C00485000,485.0,normalDay
2022-05-23,7991.0,-5649.0,0.0,100,396.92,468.0,0,0.0,0.0,,0.0,1,19.3,4.71,SPY230331C00485000,485.0,normalDay
2022-05-24,7991.0,-5928.0,0.0,100,393.89,468.0,0,0.0,0.0,,0.0,1,19.3,4.47,SPY230331C00485000,485.0,normalDay
2022-05-25,7991.0,-5604.0,0.0,100,397.37,468.0,0,0.0,0.0,,0.0,1,19.3,4.71,SPY230331C00485000,485.0,normalDay
2022-05-26,7991.0,-4920.0,0.0,100,405.31,468.0,0,0.0,0.0,,0.0,1,19.3,5.81,SPY230331C00485000,485.0,normalDay
2022-05-27,7991.0,-4115.0,0.0,100,415.26,468.0,0,0.0,0.0,,0.0,1,19.3,7.71,SPY230331C00485000,485.0,normalDay
2022-05-31,7991.0,-4270.0,0.0,100,412.93,468.0,0,0.0,0.0,,0.0,1,19.3,6.93,SPY230331C00485000,485.0,normalDay
2022-06-01,7991.0,-4528.0,0.0,100,409.59,468.0,0,0.0,0.0,,0.0,1,19.3,6.17,SPY230331C00485000,485.0,normalDay
2022-06-02,7991.0,-3902.0,0.0,100,417.39,468.0,0,0.0,0.0,,0.0,1,19.3,7.71,SPY230331C00485000,485.0,normalDay
2022-06-03,7991.0,-4433.0,0.0,100,410.54,468.0,0,0.0,0.0,,0.0,1,19.3,6.17,SPY230331C00485000,485.0,normalDay
2022-06-06,7991.0,-4334.0,0.0,100,411.79,468.0,0,0.0,0.0,,0.0,1,19.3,6.43,SPY230331C00485000,485.0,normalDay
2022-06-07,7991.0,-4009.0,0.0,100,415.74,468.0,0,0.0,0.0,,0.0,1,19.3,7.13,SPY230331C00485000,485.0,normalDay
2022-06-08,7991.0,-4378.0,0.0,100,411.22,468.0,0,0.0,0.0,,0.0,1,19.3,6.3,SPY230331C00485000,485.0,normalDay
2022-06-09,7991.0,-5215.0,0.0,100,401.44,468.0,0,0.0,0.0,,0.0,1,19.3,4.89,SPY230331C00485000,485.0,normalDay
2022-06-10,7991.0,-6260.0,0.0,100,389.8,468.0,0,0.0,0.0,,0.0,1,19.3,3.7,SPY230331C00485000,485.0,normalDay
2022-06-13,7991.0,-7619.0,0.0,100,375.0,468.0,0,0.0,0.0,,0.0,1,19.3,2.49,SPY230331C00485000,485.0,normalDay
2022-06-14,7991.0,-7695.0,0.0,100,373.87,468.0,0,0.0,0.0,,0.0,1,19.3,2.12,SPY230331C00485000,485.0,normalDay
2022-06-15,7991.0,-7190.0,0.0,100,379.2,468.0,0,0.0,0.0,,0.0,1,19.3,2.4,SPY230331C00485000,485.0,normalDay
2022-06-16,7991.0,-8402.0,0.0,100,366.65,468.0,0,0.0,0.0,,0.0,1,19.3,1.97,SPY230331C00485000,485.0,normalDay
2022-06-17,7991.0,-8464.0,0.0,100,365.86,468.0,0,0.0,0.0,,0.0,1,19.3,1.8,SPY230331C00485000,485.0,normalDay
2022-06-21,7991.0,-7582.0,0.0,100,375.07,468.0,0,0.0,0.0,,0.0,1,19.3,2.19,SPY230331C00485000,485.0,normalDay
2022-06-22,7991.0,-7656.0,0.0,100,374.39,468.0,0,0.0,0.0,,0.0,1,19.3,2.25,SPY230331C00485000,485.0,normalDay
2022-06-23,7991.0,-7304.0,0.0,100,378.06,468.0,0,0.0,0.0,,0.0,1,19.3,2.4,SPY230331C00485000,485.0,normalDay
2022-06-24,7991.0,-6216.0,0.0,100,390.08,468.0,0,0.0,0.0,,0.0,1,19.3,3.54,SPY230331C00485000,485.0,normalDay
2022-06-27,7991.0,-6331.0,0.0,100,388.59,468.0,0,0.0,0.0,,0.0,1,19.3,3.2,SPY230331C00485000,485.0,normalDay
2022-06-28,7991.0,-7049.0,0.0,100,380.65,468.0,0,0.0,0.0,,0.0,1,19.3,2.44,SPY230331C00485000,485.0,normalDay
2022-06-29,7991.0,-7084.0,0.0,100,380.34,468.0,0,0.0,0.0,,0.0,1,19.3,2.48,SPY230331C00485000,485.0,normalDay
2022-06-30,7991.0,-7354.0,0.0,100,377.25,468.0,0,0.0,0.0,,0.0,1,19.3,2.09,SPY230331C00485000,485.0,normalDay
2022-07-01,7991.0,-6968.0,0.0,100,381.24,468.0,0,0.0,0.0,,0.0,1,19.3,2.22,SPY230331C00485000,485.0,normalDay
2022-07-05,7991.0,-6893.0,0.0,100,381.96,468.0,0,0.0,0.0,,0.0,1,19.3,2.19,SPY230331C00485000,485.0,normalDay
2022-07-06,7991.0,-6784.0,0.0,100,383.25,468.0,0,0.0,0.0,,0.0,1,19.3,2.39,SPY230331C00485000,485.0,normalDay
2022-07-07,7991.0,-6243.0,0.0,100,388.99,468.0,0,0.0,0.0,,0.0,1,19.3,2.72,SPY230331C00485000,485.0,normalDay
2022-07-08,7991.0,-6264.0,0.0,100,388.67,468.0,0,0.0,0.0,,0.0,1,19.3,2.61,SPY230331C00485000,485.0,normalDay
2022-07-11,7991.0,-6671.0,0.0,100,384.23,468.0,0,0.0,0.0,,0.0,1,19.3,2.24,SPY230331C00485000,485.0,normalDay
2022-07-12,7991.0,-6992.0,0.0,100,380.83,468.0,0,0.0,0.0,,0.0,1,19.3,2.05,SPY230331C00485000,485.0,normalDay
2022-07-13,7991.0,-7193.0,0.0,100,378.83,468.0,0,0.0,0.0,,0.0,1,19.3,2.06,SPY230331C00485000,485.0,normalDay
2022-07-14,7991.0,-7269.0,0.0,100,377.91,468.0,0,0.0,0.0,,0.0,1,19.3,1.9,SPY230331C00485000,485.0,normalDay
2022-07-15,7991.0,-6567.0,0.0,100,385.13,468.0,0,0.0,0.0,,0.0,1,19.3,2.1,SPY230331C00485000,485.0,normalDay
2022-07-18,7991.0,-6887.0,0.0,100,381.95,468.0,0,0.0,0.0,,0.0,1,19.3,2.12,SPY230331C00485000,485.0,normalDay
2022-07-19,7991.0,-5946.0,0.0,100,392.27,468.0,0,0.0,0.0,,0.0,1,19.3,3.03,SPY230331C00485000,485.0,normalDay
2022-07-20,7991.0,-5720.0,0.0,100,394.77,468.0,0,0.0,0.0,,0.0,1,19.3,3.27,SPY230331C00485000,485.0,normalDay
2022-07-21,7991.0,-5351.0,0.0,100,398.79,468.0,0,0.0,0.0,,0.0,1,19.3,3.6,SPY230331C00485000,485.0,normalDay
2022-07-22,7991.0,-5674.0,0.0,100,395.09,468.0,0,0.0,0.0,,0.0,1,19.3,3.13,SPY230331C00485000,485.0,normalDay
2022-07-25,7991.0,-5611.0,0.0,100,395.57,468.0,0,0.0,0.0,,0.0,1,19.3,2.98,SPY230331C00485000,485.0,normalDay
2022-07-26,7991.0,-6031.0,0.0,100,390.89,468.0,0,0.0,0.0,,0.0,1,19.3,2.5,SPY230331C00485000,485.0,normalDay
2022-07-27,7991.0,-5120.0,0.0,100,401.04,468.0,0,0.0,0.0,,0.0,1,19.3,3.54,SPY230331C00485000,485.0,normalDay
2022-07-28,7991.0,-4658.0,0.0,100,406.07,468.0,0,0.0,0.0,,0.0,1,19.3,3.95,SPY230331C00485000,485.0,normalDay
2022-07-29,7991.0,-4134.0,0.0,100,411.99,468.0,0,0.0,0.0,,0.0,1,19.3,4.63,SPY230331C00485000,485.0,normalDay
2022-08-01,7991.0,-4243.0,0.0,100,410.77,468.0,0,0.0,0.0,,0.0,1,19.3,4.5,SPY230331C00485000,485.0,normalDay
2022-08-02,7991.0,-4475.0,0.0,100,408.06,468.0,0,0.0,0.0,,0.0,1,19.3,4.11,SPY230331C00485000,485.0,normalDay
2022-08-03,7991.0,-3903.0,0.0,100,414.45,468.0,0,0.0,0.0,,0.0,1,19.3,4.78,SPY230331C00485000,485.0,normalDay
2022-08-04,7991.0,-3945.0,0.0,100,414.17,468.0,0,0.0,0.0,,0.0,1,19.3,4.92,SPY230331C00485000,485.0,normalDay
2022-08-05,7991.0,-3983.0,0.0,100,413.47,468.0,0,0.0,0.0,,0.0,1,19.3,4.6,SPY230331C00485000,485.0,normalDay
2022-08-08,7991.0,-4039.0,0.0,100,412.99,468.0,0,0.0,0.0,,0.0,1,19.3,4.68,SPY230331C00485000,485.0,normalDay
2022-08-09,7991.0,-4177.0,0.0,100,411.35,468.0,0,0.0,0.0,,0.0,1,19.3,4.42,SPY230331C00485000,485.0,normalDay
2022-08-10,7991.0,-3420.0,0.0,100,419.99,468.0,0,0.0,0.0,,0.0,1,19.3,5.49,SPY230331C00485000,485.0,normalDay
2022-08-11,7991.0,-3414.0,0.0,100,419.99,468.0,0,0.0,0.0,,0.0,1,19.3,5.43,SPY230331C00485000,485.0,normalDay
2022-08-12,7991.0,-2831.0,0.0,100,427.1,468.0,0,0.0,0.0,,0.0,1,19.3,6.71,SPY230331C00485000,485.0,normalDay
2022-08-15,7991.0,-2681.0,0.0,100,428.86,468.0,0,0.0,0.0,,0.0,1,19.3,6.97,SPY230331C00485000,485.0,normalDay
2022-08-16,7991.0,-2601.0,0.0,100,429.7,468.0,0,0.0,0.0,,0.0,1,19.3,7.01,SPY230331C00485000,485.0,normalDay
2022-08-17,7991.0,-2854.0,0.0,100,426.65,468.0,0,0.0,0.0,,0.0,1,19.3,6.49,SPY230331C00485000,485.0,normalDay
2022-08-18,7991.0,-2711.0,0.0,100,427.89,468.0,0,0.0,0.0,,0.0,1,19.3,6.3,SPY230331C00485000,485.0,normalDay
2022-08-19,7991.0,-3166.0,0.0,100,422.14,468.0,0,0.0,0.0,,0.0,1,19.3,5.1,SPY230331C00485000,485.0,normalDay
2022-08-22,7991.0,-3922.0,0.0,100,413.35,468.0,0,0.0,0.0,,0.0,1,19.3,3.87,SPY230331C00485000,485.0,normalDay
2022-08-23,7991.0,-4003.0,0.0,100,412.35,468.0,0,0.0,0.0,,0.0,1,19.3,3.68,SPY230331C00485000,485.0,normalDay
2022-08-24,7991.0,-3871.0,0.0,100,413.67,468.0,0,0.0,0.0,,0.0,1,19.3,3.68,SPY230331C00485000,485.0,normalDay
2022-08-25,7991.0,-3357.0,0.0,100,419.51,468.0,0,0.0,0.0,,0.0,1,19.3,4.38,SPY230331C00485000,485.0,normalDay
2022-08-26,7991.0,-4606.0,0.0,100,405.31,468.0,0,0.0,0.0,,0.0,1,19.3,2.67,SPY230331C00485000,485.0,normalDay
2022-08-29,7991.0,-4863.0,0.0,100,402.63,468.0,0,0.0,0.0,,0.0,1,19.3,2.56,SPY230331C00485000,485.0,normalDay
2022-08-30,7991.0,-5262.0,0.0,100,398.21,468.0,0,0.0,0.0,,0.0,1,19.3,2.13,SPY230331C00485000,485.0,normalDay
2022-08-31,7991.0,-5541.0,0.0,100,395.18,468.0,0,0.0,0.0,,0.0,1,19.3,1.89,SPY230331C00485000,485.0,normalDay
2022-09-01,7991.0,-5425.0,0.0,100,396.42,468.0,0,0.0,0.0,,0.0,1,19.3,1.97,SPY230331C00485000,485.0,normalDay
2022-09-02,7991.0,-5814.0,0.0,100,392.24,468.0,0,0.0,0.0,,0.0,1,19.3,1.68,SPY230331C00485000,485.0,normalDay
2022-09-06,7991.0,-5953.0,0.0,100,390.76,468.0,0,0.0,0.0,,0.0,1,19.3,1.59,SPY230331C00485000,485.0,normalDay
2022-09-07,7991.0,-5292.0,0.0,100,397.78,468.0,0,0.0,0.0,,0.0,1,19.3,2.0,SPY230331C00485000,485.0,normalDay
2022-09-08,7991.0,-5043.0,0.0,100,400.38,468.0,0,0.0,0.0,,0.0,1,19.3,2.11,SPY230331C00485000,485.0,normalDay
2022-09-09,7991.0,-4474.0,0.0,100,406.6,468.0,0,0.0,0.0,,0.0,1,19.3,2.64,SPY230331C00485000,485.0,normalDay
2022-09-12,7991.0,-4094.0,0.0,100,410.97,468.0,0,0.0,0.0,,0.0,1,19.3,3.21,SPY230331C00485000,485.0,normalDay
2022-09-13,7991.0,-5758.0,0.0,100,393.1,468.0,0,0.0,0.0,,0.0,1,19.3,1.98,SPY230331C00485000,485.0,normalDay
2022-09-14,7991.0,-5587.0,0.0,100,394.6,468.0,0,0.0,0.0,,0.0,1,19.3,1.77,SPY230331C00485000,485.0,normalDay
2022-09-15,7991.0,-6008.0,0.0,100,390.12,468.0,0,0.0,0.0,,0.0,1,19.3,1.5,SPY230331C00485000,485.0,normalDay
2022-09-16,7991.0,-6446.0,0.0,100,385.56,468.0,0,0.0,0.0,,0.0,1,19.3,1.32,SPY230331C00485000,485.0,normalDay
2022-09-19,7991.0,-6156.0,0.0,100,388.55,468.0,0,0.0,0.0,,0.0,1,19.3,1.41,SPY230331C00485000,485.0,normalDay
2022-09-20,7991.0,-6582.0,0.0,100,384.09,468.0,0,0.0,0.0,,0.0,1,19.3,1.21,SPY230331C00485000,485.0,normalDay
2022-09-21,7991.0,-7222.0,0.0,100,377.39,468.0,0,0.0,0.0,,0.0,1,19.3,0.91,SPY230331C00485000,485.0,normalDay
2022-09-22,7991.0,-7529.0,0.0,100,374.22,468.0,0,0.0,0.0,,0.0,1,19.3,0.81,SPY230331C00485000,485.0,normalDay
2022-09-23,7991.0,-8141.0,0.0,100,367.95,468.0,0,0.0,0.0,,0.0,1,19.3,0.66,SPY230331C00485000,485.0,normalDay
2022-09-26,7991.0,-8503.0,0.0,100,364.31,468.0,0,0.0,0.0,,0.0,1,19.3,0.64,SPY230331C00485000,485.0,normalDay
2022-09-27,7991.0,-8589.0,0.0,100,363.38,468.0,0,0.0,0.0,,0.0,1,19.3,0.57,SPY230331C00485000,485.0,normalDay
2022-09-28,7991.0,-7887.0,0.0,100,370.53,468.0,0,0.0,0.0,,0.0,1,19.3,0.7,SPY230331C00485000,485.0,normalDay
2022-09-29,7991.0,-8643.0,0.0,100,362.79,468.0,0,0.0,0.0,,0.0,1,19.3,0.52,SPY230331C00485000,485.0,normalDay
2022-09-30,7991.0,-9190.0,0.0,100,357.18,468.0,0,0.0,0.0,,0.0,1,19.3,0.38,SPY230331C00485000,485.0,normalDay
2022-10-03,7991.0,-8266.0,0.0,100,366.61,468.0,0,0.0,0.0,,0.0,1,19.3,0.57,SPY230331C00485000,485.0,normalDay
2022-10-04,7991.0,-7163.0,0.0,100,377.97,468.0,0,0.0,0.0,,0.0,1,19.3,0.9,SPY230331C00485000,485.0,normalDay
2022-10-05,7991.0,-7241.0,0.0,100,377.09,468.0,0,0.0,0.0,,0.0,1,19.3,0.8,SPY230331C00485000,485.0,normalDay
2022-10-06,7991.0,-7623.0,0.0,100,373.2,468.0,0,0.0,0.0,,0.0,1,19.3,0.73,SPY230331C00485000,485.0,normalDay
2022-10-07,7991.0,-8637.0,0.0,100,362.79,468.0,0,0.0,0.0,,0.0,1,19.3,0.46,SPY230331C00485000,485.0,normalDay
2022-10-10,7991.0,-8919.0,0.0,100,360.02,468.0,0,0.0,0.0,,0.0,1,19.3,0.51,SPY230331C00485000,485.0,normalDay
2022-10-11,7991.0,-9147.0,0.0,100,357.74,468.0,0,0.0,0.0,,0.0,1,19.3,0.51,SPY230331C00485000,485.0,normalDay
2022-10-12,7991.0,-9266.0,0.0,100,356.56,468.0,0,0.0,0.0,,0.0,1,19.3,0.52,SPY230331C00485000,485.0,normalDay
2022-10-13,7991.0,-8346.0,0.0,100,365.97,468.0,0,0.0,0.0,,0.0,1,19.3,0.73,SPY230331C00485000,485.0,normalDay
2022-10-14,7991.0,-9163.0,0.0,100,357.63,468.0,0,0.0,0.0,,0.0,1,19.3,0.56,SPY230331C00485000,485.0,normalDay
2022-10-17,7991.0,-8268.0,0.0,100,366.82,468.0,0,0.0,0.0,,0.0,1,19.3,0.8,SPY230331C00485000,485.0,normalDay
2022-10-18,7991.0,-7849.0,0.0,100,371.13,468.0,0,0.0,0.0,,0.0,1,19.3,0.92,SPY230331C00485000,485.0,normalDay
2022-10-19,7991.0,-8100.0,0.0,100,368.5,468.0,0,0.0,0.0,,0.0,1,19.3,0.8,SPY230331C00485000,485.0,normalDay
2022-10-20,7991.0,-8397.0,0.0,100,365.41,468.0,0,0.0,0.0,,0.0,1,19.3,0.68,SPY230331C00485000,485.0,normalDay
2022-10-21,7991.0,-7540.0,0.0,100,374.29,468.0,0,0.0,0.0,,0.0,1,19.3,0.99,SPY230331C00485000,485.0,normalDay
2022-10-24,7991.0,-7097.0,0.0,100,378.87,468.0,0,0.0,0.0,,0.0,1,19.3,1.14,SPY230331C00485000,485.0,normalDay
2022-10-25,7991.0,-6499.0,0.0,100,384.92,468.0,0,0.0,0.0,,0.0,1,19.3,1.21,SPY230331C00485000,485.0,normalDay
2022-10-26,7991.0,-6771.0,0.0,100,382.02,468.0,0,0.0,0.0,,0.0,1,19.3,1.03,SPY230331C00485000,485.0,normalDay
2022-10-27,7991.0,-6938.0,0.0,100,379.98,468.0,0,0.0,0.0,,0.0,1,19.3,0.66,SPY230331C00485000,485.0,normalDay
2022-10-28,7991.0,-6075.0,0.0,100,389.02,468.0,0,0.0,0.0,,0.0,1,19.3,1.07,SPY230331C00485000,485.0,normalDay
2022-10-31,7991.0,-6335.0,0.0,100,386.21,468.0,0,0.0,0.0,,0.0,1,19.3,0.86,SPY230331C00485000,485.0,normalDay
2022-11-01,7991.0,-6492.0,0.0,100,384.52,468.0,0,0.0,0.0,,0.0,1,19.3,0.74,SPY230331C00485000,485.0,normalDay
2022-11-02,7991.0,-7432.0,0.0,100,374.87,468.0,0,0.0,0.0,,0.0,1,19.3,0.49,SPY230331C00485000,485.0,normalDay
2022-11-03,7991.0,-7810.0,0.0,100,371.01,468.0,0,0.0,0.0,,0.0,1,19.3,0.41,SPY230331C00485000,485.0,normalDay
2022-11-04,7991.0,-7278.0,0.0,100,376.35,468.0,0,0.0,0.0,,0.0,1,19.3,0.43,SPY230331C00485000,485.0,normalDay
2022-11-07,7991.0,-6923.0,0.0,100,379.95,468.0,0,0.0,0.0,,0.0,1,19.3,0.48,SPY230331C00485000,485.0,normalDay
2022-11-08,7991.0,-6724.0,0.0,100,382.0,468.0,0,0.0,0.0,,0.0,1,19.3,0.54,SPY230331C00485000,485.0,normalDay
2022-11-09,7991.0,-7495.0,0.0,100,374.13,468.0,0,0.0,0.0,,0.0,1,19.3,0.38,SPY230331C00485000,485.0,normalDay
2022-11-10,7991.0,-5497.0,0.0,100,394.69,468.0,0,0.0,0.0,,0.0,1,19.3,0.96,SPY230331C00485000,485.0,normalDay
2022-11-11,7991.0,-5109.0,0.0,100,398.51,468.0,0,0.0,0.0,,0.0,1,19.3,0.9,SPY230331C00485000,485.0,normalDay
2022-11-14,7991.0,-5429.0,0.0,100,395.12,468.0,0,0.0,0.0,,0.0,1,19.3,0.71,SPY230331C00485000,485.0,normalDay
2022-11-15,7991.0,-5105.0,0.0,100,398.49,468.0,0,0.0,0.0,,0.0,1,19.3,0.84,SPY230331C00485000,485.0,normalDay
2022-11-16,7991.0,-5388.0,0.0,100,395.45,468.0,0,0.0,0.0,,0.0,1,19.3,0.63,SPY230331C00485000,485.0,normalDay
2022-11-17,7991.0,-5504.0,0.0,100,394.24,468.0,0,0.0,0.0,,0.0,1,19.3,0.58,SPY230331C00485000,485.0,normalDay
2022-11-18,7991.0,-5325.0,0.0,100,396.03,468.0,0,0.0,0.0,,0.0,1,19.3,0.58,SPY230331C00485000,485.0,normalDay
2022-11-21,7991.0,-5459.0,0.0,100,394.59,468.0,0,0.0,0.0,,0.0,1,19.3,0.48,SPY230331C00485000,485.0,normalDay
2022-11-22,7991.0,-4934.0,0.0,100,399.9,468.0,0,0.0,0.0,,0.0,1,19.3,0.54,SPY230331C00485000,485.0,normalDay
2022-11-23,7991.0,-4681.0,0.0,100,402.42,468.0,0,0.0,0.0,,0.0,1,19.3,0.53,SPY230331C00485000,485.0,normalDay
2022-11-25,7991.0,-4688.0,0.0,100,402.33,468.0,0,0.0,0.0,,0.0,1,19.3,0.51,SPY230331C00485000,485.0,normalDay
2022-11-28,7991.0,-5315.0,0.0,100,395.91,468.0,0,0.0,0.0,,0.0,1,19.3,0.36,SPY230331C00485000,485.0,normalDay
2022-11-29,7991.0,-5379.0,0.0,100,395.23,468.0,0,0.0,0.0,,0.0,1,19.3,0.32,SPY230331C00485000,485.0,normalDay
2022-11-30,7991.0,-4163.0,0.0,100,407.68,468.0,0,0.0,0.0,,0.0,1,19.3,0.61,SPY230331C00485000,485.0,normalDay
2022-12-01,7991.0,-4191.0,0.0,100,407.38,468.0,0,0.0,0.0,,0.0,1,19.3,0.59,SPY230331C00485000,485.0,normalDay
2022-12-02,7991.0,-4226.0,0.0,100,406.91,468.0,0,0.0,0.0,,0.0,1,19.3,0.47,SPY230331C00485000,485.0,normalDay
2022-12-05,7991.0,-4943.0,0.0,100,399.59,468.0,0,0.0,0.0,,0.0,1,19.3,0.32,SPY230331C00485000,485.0,normalDay
2022-12-06,7991.0,-5516.0,0.0,100,393.83,468.0,0,0.0,0.0,,0.0,1,19.3,0.29,SPY230331C00485000,485.0,normalDay
2022-12-07,7991.0,-5583.0,0.0,100,393.16,468.0,0,0.0,0.0,,0.0,1,19.3,0.29,SPY230331C00485000,485.0,normalDay
2022-12-08,7991.0,-5278.0,0.0,100,396.24,468.0,0,0.0,0.0,,0.0,1,19.3,0.32,SPY230331C00485000,485.0,normalDay
2022-12-09,7991.0,-5572.0,0.0,100,393.28,468.0,0,0.0,0.0,,0.0,1,19.3,0.3,SPY230331C00485000,485.0,normalDay
2022-12-12,7991.0,-5018.0,0.0,100,398.95,468.0,0,0.0,0.0,,0.0,1,19.3,0.43,SPY230331C00485000,485.0,normalDay
2022-12-13,7991.0,-4713.0,0.0,100,401.97,468.0,0,0.0,0.0,,0.0,1,19.3,0.4,SPY230331C00485000,485.0,normalDay
2022-12-14,7991.0,-4959.0,0.0,100,399.4,468.0,0,0.0,0.0,,0.0,1,19.3,0.29,SPY230331C00485000,485.0,normalDay
2022-12-15,7991.0,-5928.0,0.0,100,389.63,468.0,0,0.0,0.0,,0.0,1,19.3,0.21,SPY230331C00485000,485.0,normalDay
2022-12-16,7991.0,-6557.0,0.0,100,383.27,468.0,0,0.0,0.0,,0.0,1,19.3,0.14,SPY230331C00485000,485.0,normalDay
2022-12-19,7991.0,-6879.0,0.0,100,380.02,468.0,0,0.0,0.0,,0.0,1,19.3,0.11,SPY230331C00485000,485.0,normalDay
2022-12-20,7991.0,-6828.0,0.0,100,380.54,468.0,0,0.0,0.0,,0.0,1,19.3,0.12,SPY230331C00485000,485.0,normalDay
2022-12-21,7991.0,-6259.0,0.0,100,386.23,468.0,0,0.0,0.0,,0.0,1,19.3,0.12,SPY230331C00485000,485.0,normalDay
2022-12-22,7991.0,-6810.0,0.0,100,380.72,468.0,0,0.0,0.0,,0.0,1,19.3,0.12,SPY230331C00485000,485.0,normalDay
2022-12-23,7991.0,-6590.0,0.0,100,382.91,468.0,0,0.0,0.0,,0.0,1,19.3,0.11,SPY230331C00485000,485.0,normalDay
2022-12-27,7991.0,-6740.0,0.0,100,381.4,468.0,0,0.0,0.0,,0.0,1,19.3,0.1,SPY230331C00485000,485.0,normalDay
2022-12-28,7991.0,-7212.0,0.0,100,376.66,468.0,0,0.0,0.0,,0.0,1,19.3,0.08,SPY230331C00485000,485.0,normalDay
2022-12-29,7991.0,-6536.0,0.0,100,383.44,468.0,0,0.0,0.0,,0.0,1,19.3,0.1,SPY230331C00485000,485.0,normalDay
2022-12-30,7991.0,-6637.0,0.0,100,382.43,468.0,0,0.0,0.0,,0.0,1,19.3,0.1,SPY230331C00485000,485.0,normalDay
2023-01-03,7991.0,-6797.0,0.0,100,380.82,468.0,0,0.0,0.0,,0.0,1,19.3,0.09,SPY230331C00485000,485.0,normalDay
2023-01-04,7991.0,-6503.0,0.0,100,383.76,468.0,0,0.0,0.0,,0.0,1,19.3,0.09,SPY230331C00485000,485.0,normalDay
2023-01-05,7991.0,-6939.0,0.0,100,379.38,468.0,0,0.0,0.0,,0.0,1,19.3,0.07,SPY230331C00485000,485.0,normalDay
2023-01-06,7991.0,-6071.0,0.0,100,388.08,468.0,0,0.0,0.0,,0.0,1,19.3,0.09,SPY230331C00485000,485.0,normalDay
2023-01-09,7991.0,-6093.0,0.0,100,387.86,468.0,0,0.0,0.0,,0.0,1,19.3,0.09,SPY230331C00485000,485.0,normalDay
2023-01-10,7991.0,-5820.0,0.0,100,390.58,468.0,0,0.0,0.0,,0.0,1,19.3,0.08,SPY230331C00485000,485.0,normalDay
2023-01-11,7991.0,-5328.0,0.0,100,395.52,468.0,0,0.0,0.0,,0.0,1,19.3,0.1,SPY230331C00485000,485.0,normalDay
2023-01-12,7991.0,-5182.0,0.0,100,396.96,468.0,0,0.0,0.0,,0.0,1,19.3,0.08,SPY230331C00485000,485.0,normalDay
2023-01-13,7991.0,-5026.0,0.0,100,398.5,468.0,0,0.0,0.0,,0.0,1,19.3,0.06,SPY230331C00485000,485.0,normalDay
2023-01-17,7991.0,-5099.0,0.0,100,397.77,468.0,0,0.0,0.0,,0.0,1,19.3,0.06,SPY230331C00485000,485.0,normalDay
2023-01-18,7991.0,-5726.0,0.0,100,391.49,468.0,0,0.0,0.0,,0.0,1,19.3,0.05,SPY230331C00485000,485.0,normalDay
2023-01-19,7991.0,-6010.0,0.0,100,388.64,468.0,0,0.0,0.0,,0.0,1,19.3,0.04,SPY230331C00485000,485.0,normalDay
2023-01-20,7991.0,-5287.0,0.0,100,395.88,468.0,0,0.0,0.0,,0.0,1,19.3,0.05,SPY230331C00485000,485.0,normalDay
2023-01-23,7991.0,-4812.0,0.0,100,400.63,468.0,0,0.0,0.0,,0.0,1,19.3,0.05,SPY230331C00485000,485.0,normalDay
2023-01-24,7991.0,-4855.0,0.0,100,400.2,468.0,0,0.0,0.0,,0.0,1,19.3,0.05,SPY230331C00485000,485.0,normalDay
2023-01-25,7991.0,-4839.0,0.0,100,400.35,468.0,0,0.0,0.0,,0.0,1,19.3,0.04,SPY230331C00485000,485.0,normalDay
2023-01-26,7991.0,-4400.0,0.0,100,404.75,468.0,0,0.0,0.0,,0.0,1,19.3,0.05,SPY230331C00485000,485.0,normalDay
2023-01-27,7991.0,-4307.0,0.0,100,405.68,468.0,0,0.0,0.0,,0.0,1,19.3,0.05,SPY230331C00485000,485.0,normalDay
2023-01-30,7991.0,-4815.0,0.0,100,400.59,468.0,0,0.0,0.0,,0.0,1,19.3,0.04,SPY230331C00485000,485.0,normalDay
2023-01-31,7991.0,-4227.0,0.0,100,406.48,468.0,0,0.0,0.0,,0.0,1,19.3,0.05,SPY230331C00485000,485.0,normalDay
2023-02-01,7991.0,-3795.0,0.0,100,410.8,468.0,0,0.0,0.0,,0.0,1,19.3,0.05,SPY230331C00485000,485.0,normalDay
2023-02-02,7991.0,-3201.0,0.0,100,416.78,468.0,0,0.0,0.0,,0.0,1,19.3,0.09,SPY230331C00485000,485.0,normalDay
2023-02-03,7991.0,-3641.0,0.0,100,412.35,468.0,0,0.0,0.0,,0.0,1,19.3,0.06,SPY230331C00485000,485.0,normalDay
2023-02-06,7991.0,-3891.0,0.0,100,409.83,468.0,0,0.0,0.0,,0.0,1,19.3,0.04,SPY230331C00485000,485.0,normalDay
2023-02-07,7991.0,-3356.0,0.0,100,415.19,468.0,0,0.0,0.0,,0.0,1,19.3,0.05,SPY230331C00485000,485.0,normalDay
2023-02-08,7991.0,-3808.0,0.0,100,410.65,468.0,0,0.0,0.0,,0.0,1,19.3,0.03,SPY230331C00485000,485.0,normalDay
2023-02-09,7991.0,-4164.0,0.0,100,407.09,468.0,0,0.0,0.0,,0.0,1,19.3,0.03,SPY230331C00485000,485.0,normalDay
2023-02-10,7991.0,-4069.0,0.0,100,408.04,468.0,0,0.0,0.0,,0.0,1,19.3,0.03,SPY230331C00485000,485.0,normalDay
2023-02-13,7991.0,-3591.0,0.0,100,412.83,468.0,0,0.0,0.0,,0.0,1,19.3,0.04,SPY230331C00485000,485.0,normalDay
2023-02-14,7991.0,-3608.0,0.0,100,412.64,468.0,0,0.0,0.0,,0.0,1,19.3,0.02,SPY230331C00485000,485.0,normalDay
2023-02-15,7991.0,-3474.0,0.0,100,413.98,468.0,0,0.0,0.0,,0.0,1,19.3,0.02,SPY230331C00485000,485.0,normalDay
2023-02-16,7991.0,-4044.0,0.0,100,408.28,468.0,0,0.0,0.0,,0.0,1,19.3,0.02,SPY230331C00485000,485.0,normalDay
2023-02-17,7991.0,-4146.0,0.0,100,407.26,468.0,0,0.0,0.0,,0.0,1,19.3,0.02,SPY230331C00485000,485.0,normalDay
2023-02-21,7991.0,-4963.0,0.0,100,399.09,468.0,0,0.0,0.0,,0.0,1,19.3,0.02,SPY230331C00485000,485.0,normalDay
2023-02-22,7991.0,-5017.0,0.0,100,398.54,468.0,0,0.0,0.0,,0.0,1,19.3,0.01,SPY230331C00485000,485.0,normalDay
2023-02-23,7991.0,-4805.0,0.0,100,400.66,468.0,0,0.0,0.0,,0.0,1,19.3,0.01,SPY230331C00485000,485.0,normalDay
2023-02-24,7991.0,-5233.0,0.0,100,396.38,468.0,0,0.0,0.0,,0.0,1,19.3,0.01,SPY230331C00485000,485.0,normalDay
2023-02-27,7991.0,-5098.0,0.0,100,397.73,468.0,0,0.0,0.0,,0.0,1,19.3,0.01,SPY230331C00485000,485.0,normalDay
2023-02-28,7991.0,-5245.0,0.0,100,396.26,468.0,0,0.0,0.0,,0.0,1,19.3,0.01,SPY230331C00485000,485.0,normalDay
2023-03-01,7991.0,-5397.0,0.0,100,394.74,468.0,0,0.0,0.0,,0.0,1,19.3,0.01,SPY230331C00485000,485.0,normalDay
2023-03-02,7991.0,-5090.0,0.0,100,397.81,468.0,0,0.0,0.0,,0.0,1,19.3,0.01,SPY230331C00485000,485.0,normalDay
2023-03-03,7991.0,-4452.0,0.0,100,404.19,468.0,0,0.0,0.0,,0.0,1,19.3,0.01,SPY230331C00485000,485.0,normalDay
2023-03-06,7991.0,-4424.0,0.0,100,404.47,468.0,0,0.0,0.0,,0.0,1,19.3,0.01,SPY230331C00485000,485.0,normalDay
2023-03-07,7991.0,-5044.0,0.0,100,398.27,468.0,0,0.0,0.0,,0.0,1,19.3,0.01,SPY230331C00485000,485.0,normalDay
2023-03-08,7991.0,-4979.0,0.0,100,398.92,468.0,0,0.0,0.0,,0.0,1,19.3,0.01,SPY230331C00485000,485.0,normalDay
2023-03-09,7991.0,-5715.0,0.0,100,391.56,468.0,0,0.0,0.0,,0.0,1,19.3,0.01,SPY230331C00485000,485.0,normalDay
2023-03-10,7991.0,-6280.0,0.0,100,385.91,468.0,0,0.0,0.0,,0.0,1,19.3,0.01,SPY230331C00485000,485.0,normalDay
2023-03-13,7991.0,-6335.0,0.0,100,385.36,468.0,0,0.0,0.0,,0.0,1,19.3,0.01,SPY230331C00485000,485.0,normalDay
2023-03-14,7991.0,-5698.0,0.0,100,391.73,468.0,0,0.0,0.0,,0.0,1,19.3,0.01,SPY230331C00485000,485.0,normalDay
2023-03-15,7991.0,-5943.0,0.0,100,389.28,468.0,0,0.0,0.0,,0.0,1,19.3,0.01,SPY230331C00485000,485.0,normalDay
2023-03-16,7991.0,-5260.0,0.0,100,396.11,468.0,0,0.0,0.0,,0.0,1,19.3,0.01,SPY230331C00485000,485.0,normalDay
2023-03-17,7991.0,-5872.0,0.0,100,389.99,468.0,0,0.0,0.0,,0.0,1,19.3,0.01,SPY230331C00485000,485.0,normalDay
2023-03-20,7991.0,-5497.0,0.0,100,393.74,468.0,0,0.0,0.0,,0.0,1,19.3,0.01,SPY230331C00485000,485.0,normalDay
2023-03-21,7991.0,-4980.0,0.0,100,398.91,468.0,0,0.0,0.0,,0.0,1,19.3,0.01,SPY230331C00485000,485.0,normalDay
2023-03-22,7991.0,-5660.0,0.0,100,392.11,468.0,0,0.0,0.0,,0.0,1,19.3,0.01,SPY230331C00485000,485.0,normalDay
2023-03-23,7991.0,-5554.0,0.0,100,393.17,468.0,0,0.0,0.0,,0.0,1,19.3,0.01,SPY230331C00485000,485.0,normalDay
2023-03-24,7991.0,-5296.0,0.0,100,395.75,468.0,0,0.0,0.0,,0.0,1,19.3,0.01,SPY230331C00485000,485.0,normalDay
2023-03-27,7991.0,-5222.0,0.0,100,396.49,468.0,0,0.0,0.0,,0.0,1,19.3,0.01,SPY230331C00485000,485.0,normalDay
2023-03-28,7991.0,-5311.0,0.0,100,395.6,468.0,0,0.0,0.0,,0.0,1,19.3,0.01,SPY230331C00485000,485.0,normalDay
2023-03-29,7991.0,-4736.0,0.0,100,401.35,468.0,0,0.0,0.0,,0.0,1,19.3,0.01,SPY230331C00485000,485.0,normalDay
2023-03-30,7991.0,-4501.0,0.0,100,403.7,468.0,0,0.0,0.0,,0.0,1,19.3,0.01,SPY230331C00485000,485.0,normalDay
2023-03-31,9921.0,-5861.0,1930.0,100,409.39,468.0,0,0.0,0.0,,0.0,1,19.3,0.0,SPY230331C00485000,485.0,expirationDay
2023-04-03,9921.0,-6182.0,0.0,100,410.95,468.0,0,0.0,0.0,,0.0,1,33.48,38.25,SPY240328C00415000,415.0,normalDay
2023-04-04,9921.0,-6235.0,0.0,100,408.67,468.0,0,0.0,0.0,,0.0,1,33.48,36.5,SPY240328C00415000,415.0,normalDay
2023-04-05,9921.0,-6171.0,0.0,100,407.6,468.0,0,0.0,0.0,,0.0,1,33.48,34.79,SPY240328C00415000,415.0,normalDay
2023-04-06,9921.0,-6214.0,0.0,100,409.19,468.0,0,0.0,0.0,,0.0,1,33.48,36.81,SPY240328C00415000,415.0,normalDay
2023-04-10,9921.0,-6116.0,0.0,100,409.61,468.0,0,0.0,0.0,,0.0,1,33.48,36.25,SPY240328C00415000,415.0,normalDay
2023-04-11,9921.0,-6180.0,0.0,100,409.72,468.0,0,0.0,0.0,,0.0,1,33.48,37.0,SPY240328C00415000,415.0,normalDay
2023-04-12,9921.0,-6197.0,0.0,100,408.05,468.0,0,0.0,0.0,,0.0,1,33.48,35.5,SPY240328C00415000,415.0,normalDay
2023-04-13,9921.0,-5955.0,0.0,100,413.47,468.0,0,0.0,0.0,,0.0,1,33.48,38.5,SPY240328C00415000,415.0,normalDay
2023-04-14,9921.0,-6006.0,0.0,100,412.46,468.0,0,0.0,0.0,,0.0,1,33.48,38.0,SPY240328C00415000,415.0,normalDay
2023-04-17,9921.0,-5908.0,0.0,100,413.94,468.0,0,0.0,0.0,,0.0,1,33.48,38.5,SPY240328C00415000,415.0,normalDay
2023-04-18,9921.0,-5881.0,0.0,100,414.21,468.0,0,0.0,0.0,,0.0,1,33.48,38.5,SPY240328C00415000,415.0,normalDay
2023-04-19,9921.0,-5888.0,0.0,100,414.14,468.0,0,0.0,0.0,,0.0,1,33.48,38.5,SPY240328C00415000,415.0,normalDay
2023-04-20,9921.0,-6014.0,0.0,100,411.88,468.0,0,0.0,0.0,,0.0,1,33.48,37.5,SPY240328C00415000,415.0,normalDay
2023-04-21,9921.0,-5982.0,0.0,100,412.2,468.0,0,0.0,0.0,,0.0,1,33.48,37.5,SPY240328C00415000,415.0,normalDay
2023-04-24,9921.0,-5985.0,0.0,100,412.63,468.0,0,0.0,0.0,,0.0,1,33.48,37.96,SPY240328C00415000,415.0,normalDay
2023-04-25,9921.0,-6214.0,0.0,100,406.08,468.0,0,0.0,0.0,,0.0,1,33.48,33.7,SPY240328C00415000,415.0,normalDay
2023-04-26,9921.0,-6161.0,0.0,100,404.36,468.0,0,0.0,0.0,,0.0,1,33.48,31.45,SPY240328C00415000,415.0,normalDay
2023-04-27,9921.0,-5887.0,0.0,100,412.41,468.0,0,0.0,0.0,,0.0,1,33.48,36.76,SPY240328C00415000,415.0,normalDay
2023-04-28,9921.0,-5620.0,0.0,100,415.93,468.0,0,0.0,0.0,,0.0,1,33.48,37.61,SPY240328C00415000,415.0,normalDay
2023-05-01,9921.0,-5638.0,0.0,100,415.51,468.0,0,0.0,0.0,,0.0,1,33.48,37.37,SPY240328C00415000,415.0,normalDay
2023-05-02,9921.0,-5800.0,0.0,100,410.84,468.0,0,0.0,0.0,,0.0,1,33.48,34.32,SPY240328C00415000,415.0,normalDay
2023-05-03,9921.0,-5956.0,0.0,100,408.02,468.0,0,0.0,0.0,,0.0,1,33.48,33.06,SPY240328C00415000,415.0,normalDay
2023-05-04,9921.0,-6018.0,0.0,100,405.13,468.0,0,0.0,0.0,,0.0,1,33.48,30.79,SPY240328C00415000,415.0,normalDay
2023-05-05,9921.0,-5675.0,0.0,100,412.63,468.0,0,0.0,0.0,,0.0,1,33.48,34.86,SPY240328C00415000,415.0,normalDay
2023-05-08,9921.0,-5654.0,0.0,100,412.74,468.0,0,0.0,0.0,,0.0,1,33.48,34.76,SPY240328C00415000,415.0,normalDay
2023-05-09,9921.0,-5752.0,0.0,100,410.93,468.0,0,0.0,0.0,,0.0,1,33.48,33.93,SPY240328C00415000,415.0,normalDay
2023-05-10,9921.0,-5642.0,0.0,100,412.85,468.0,0,0.0,0.0,,0.0,1,33.48,34.75,SPY240328C00415000,415.0,normalDay
2023-05-11,9921.0,-5613.0,0.0,100,412.13,468.0,0,0.0,0.0,,0.0,1,33.48,33.74,SPY240328C00415000,415.0,normalDay
2023-05-12,9921.0,-5616.0,0.0,100,411.59,468.0,0,0.0,0.0,,0.0,1,33.48,33.23,SPY240328C00415000,415.0,normalDay
2023-05-15,9921.0,-5545.0,0.0,100,413.01,468.0,0,0.0,0.0,,0.0,1,33.48,33.94,SPY240328C00415000,415.0,normalDay
2023-05-16,9921.0,-5680.0,0.0,100,410.25,468.0,0,0.0,0.0,,0.0,1,33.48,32.53,SPY240328C00415000,415.0,normalDay
2023-05-17,9921.0,-5444.0,0.0,100,415.23,468.0,0,0.0,0.0,,0.0,1,33.48,35.15,SPY240328C00415000,415.0,normalDay
2023-05-18,9921.0,-5272.0,0.0,100,419.23,468.0,0,0.0,0.0,,0.0,1,33.48,37.43,SPY240328C00415000,415.0,normalDay
2023-05-19,9921.0,-5317.0,0.0,100,418.62,468.0,0,0.0,0.0,,0.0,1,33.48,37.27,SPY240328C00415000,415.0,normalDay
2023-05-22,9921.0,-5323.0,0.0,100,418.79,468.0,0,0.0,0.0,,0.0,1,33.48,37.5,SPY240328C00415000,415.0,normalDay
2023-05-23,9921.0,-5486.0,0.0,100,414.09,468.0,0,0.0,0.0,,0.0,1,33.48,34.43,SPY240328C00415000,415.0,normalDay
2023-05-24,9921.0,-5621.0,0.0,100,411.09,468.0,0,0.0,0.0,,0.0,1,33.48,32.78,SPY240328C00415000,415.0,normalDay
2023-05-25,9921.0,-5459.0,0.0,100,414.65,468.0,0,0.0,0.0,,0.0,1,33.48,34.72,SPY240328C00415000,415.0,normalDay
2023-05-26,9921.0,-5285.0,0.0,100,420.02,468.0,0,0.0,0.0,,0.0,1,33.48,38.35,SPY240328C00415000,415.0,normalDay
2023-05-30,9921.0,-5230.0,0.0,100,420.18,468.0,0,0.0,0.0,,0.0,1,33.48,37.96,SPY240328C00415000,415.0,normalDay
2023-05-31,9921.0,-5277.0,0.0,100,417.85,468.0,0,0.0,0.0,,0.0,1,33.48,36.1,SPY240328C00415000,415.0,normalDay
2023-06-01,9921.0,-5085.0,0.0,100,421.82,468.0,0,0.0,0.0,,0.0,1,33.48,38.15,SPY240328C00415000,415.0,normalDay
2023-06-02,9921.0,-4879.0,0.0,100,427.92,468.0,0,0.0,0.0,,0.0,1,33.48,42.19,SPY240328C00415000,415.0,normalDay
2023-06-05,9921.0,-4877.0,0.0,100,427.1,468.0,0,0.0,0.0,,0.0,1,33.48,41.35,SPY240328C00415000,415.0,normalDay
2023-06-06,9921.0,-4816.0,0.0,100,428.03,468.0,0,0.0,0.0,,0.0,1,33.48,41.67,SPY240328C00415000,415.0,normalDay
2023-06-07,9921.0,-4817.0,0.0,100,426.55,468.0,0,0.0,0.0,,0.0,1,33.48,40.2,SPY240328C00415000,415.0,normalDay
2023-06-08,9921.0,-4671.0,0.0,100,429.13,468.0,0,0.0,0.0,,0.0,1,33.48,41.32,SPY240328C00415000,415.0,normalDay
2023-06-09,9921.0,-4710.0,0.0,100,429.9,468.0,0,0.0,0.0,,0.0,1,33.48,42.48,SPY240328C00415000,415.0,normalDay
2023-06-12,9921.0,-4571.0,0.0,100,433.8,468.0,0,0.0,0.0,,0.0,1,33.48,44.99,SPY240328C00415000,415.0,normalDay
2023-06-13,9921.0,-4525.0,0.0,100,436.66,468.0,0,0.0,0.0,,0.0,1,33.48,47.39,SPY240328C00415000,415.0,normalDay
2023-06-14,9921.0,-4542.0,0.0,100,437.18,468.0,0,0.0,0.0,,0.0,1,33.48,48.08,SPY240328C00415000,415.0,normalDay
2023-06-15,9921.0,-4360.0,0.0,100,442.6,468.0,0,0.0,0.0,,0.0,1,33.48,51.68,SPY240328C00415000,415.0,normalDay
2023-06-16,9921.0,-4621.0,0.0,100,439.46,468.0,0,0.0,0.0,,0.0,1,33.48,51.15,SPY240328C00415000,415.0,normalDay
2023-06-20,9921.0,-4622.0,0.0,100,437.18,468.0,0,0.0,0.0,,0.0,1,33.48,48.88,SPY240328C00415000,415.0,normalDay
2023-06-21,9921.0,-4681.0,0.0,100,434.94,468.0,0,0.0,0.0,,0.0,1,33.48,47.23,SPY240328C00415000,415.0,normalDay
2023-06-22,9921.0,-4598.0,0.0,100,436.51,468.0,0,0.0,0.0,,0.0,1,33.48,47.97,SPY240328C00415000,415.0,normalDay
2023-06-23,9921.0,-4680.0,0.0,100,433.21,468.0,0,0.0,0.0,,0.0,1,33.48,45.49,SPY240328C00415000,415.0,normalDay
2023-06-26,9921.0,-4706.0,0.0,100,431.44,468.0,0,0.0,0.0,,0.0,1,33.48,43.98,SPY240328C00415000,415.0,normalDay
2023-06-27,9921.0,-4515.0,0.0,100,436.17,468.0,0,0.0,0.0,,0.0,1,33.48,46.8,SPY240328C00415000,415.0,normalDay
2023-06-28,9921.0,-4508.0,0.0,100,436.39,468.0,0,0.0,0.0,,0.0,1,33.48,46.95,SPY240328C00415000,415.0,normalDay
2023-06-29,9921.0,-4454.0,0.0,100,438.11,468.0,0,0.0,0.0,,0.0,1,33.48,48.13,SPY240328C00415000,415.0,normalDay
2023-06-30,9921.0,-4357.0,0.0,100,443.28,468.0,0,0.0,0.0,,0.0,1,33.48,52.33,SPY240328C00415000,415.0,normalDay
2023-07-03,9921.0,-4337.0,0.0,100,443.79,468.0,0,0.0,0.0,,0.0,1,33.48,52.64,SPY240328C00415000,415.0,normalDay
2023-07-05,9921.0,-4342.0,0.0,100,443.13,468.0,0,0.0,0.0,,0.0,1,33.48,52.03,SPY240328C00415000,415.0,normalDay
2023-07-06,9921.0,-4442.0,0.0,100,439.66,468.0,0,0.0,0.0,,0.0,1,33.48,49.56,SPY240328C00415000,415.0,normalDay
2023-07-07,9921.0,-4462.0,0.0,100,438.55,468.0,0,0.0,0.0,,0.0,1,33.48,48.65,SPY240328C00415000,415.0,normalDay
2023-07-10,9921.0,-4399.0,0.0,100,439.66,468.0,0,0.0,0.0,,0.0,1,33.48,49.13,SPY240328C00415000,415.0,normalDay
2023-07-11,9921.0,-4293.0,0.0,100,442.46,468.0,0,0.0,0.0,,0.0,1,33.48,50.87,SPY240328C00415000,415.0,normalDay
2023-07-12,9921.0,-4193.0,0.0,100,446.02,468.0,0,0.0,0.0,,0.0,1,33.48,53.43,SPY240328C00415000,415.0,normalDay
2023-07-13,9921.0,-4106.0,0.0,100,449.56,468.0,0,0.0,0.0,,0.0,1,33.48,56.1,SPY240328C00415000,415.0,normalDay
2023-07-14,9921.0,-4100.0,0.0,100,449.28,468.0,0,0.0,0.0,,0.0,1,33.48,55.76,SPY240328C00415000,415.0,normalDay
2023-07-17,9921.0,-4055.0,0.0,100,450.84,468.0,0,0.0,0.0,,0.0,1,33.48,56.87,SPY240328C00415000,415.0,normalDay
2023-07-18,9921.0,-4011.0,0.0,100,454.19,468.0,0,0.0,0.0,,0.0,1,33.48,59.78,SPY240328C00415000,415.0,normalDay
2023-07-19,9921.0,-4027.0,0.0,100,455.2,468.0,0,0.0,0.0,,0.0,1,33.48,60.95,SPY240328C00415000,415.0,normalDay
2023-07-20,9921.0,-4099.0,0.0,100,452.18,468.0,0,0.0,0.0,,0.0,1,33.48,58.65,SPY240328C00415000,415.0,normalDay
2023-07-21,9921.0,-4050.0,0.0,100,452.18,468.0,0,0.0,0.0,,0.0,1,33.48,58.16,SPY240328C00415000,415.0,normalDay
2023-07-24,9921.0,-4019.0,0.0,100,454.2,468.0,0,0.0,0.0,,0.0,1,33.48,59.87,SPY240328C00415000,415.0,normalDay
2023-07-25,9921.0,-4078.0,0.0,100,455.44,468.0,0,0.0,0.0,,0.0,1,33.48,61.7,SPY240328C00415000,415.0,normalDay
2023-07-26,9921.0,-4126.0,0.0,100,455.51,468.0,0,0.0,0.0,,0.0,1,33.48,62.25,SPY240328C00415000,415.0,normalDay
2023-07-27,9921.0,-4080.0,0.0,100,452.49,468.0,0,0.0,0.0,,0.0,1,33.48,58.77,SPY240328C00415000,415.0,normalDay
2023-07-28,9921.0,-3963.0,0.0,100,456.92,468.0,0,0.0,0.0,,0.0,1,33.48,62.03,SPY240328C00415000,415.0,normalDay
2023-07-31,9921.0,-3946.0,0.0,100,457.79,468.0,0,0.0,0.0,,0.0,1,33.48,62.73,SPY240328C00415000,415.0,normalDay
2023-08-01,9921.0,-3941.0,0.0,100,456.48,468.0,0,0.0,0.0,,0.0,1,33.48,61.37,SPY240328C00415000,415.0,normalDay
2023-08-02,9921.0,-4125.0,0.0,100,450.13,468.0,0,0.0,0.0,,0.0,1,33.48,56.86,SPY240328C00415000,415.0,normalDay
2023-08-03,9921.0,-4335.0,0.0,100,448.84,468.0,0,0.0,0.0,,0.0,1,33.48,57.67,SPY240328C00415000,415.0,normalDay
2023-08-04,9921.0,-4184.0,0.0,100,446.81,468.0,0,0.0,0.0,,0.0,1,33.48,54.13,SPY240328C00415000,415.0,normalDay
2023-08-07,9921.0,-4042.0,0.0,100,450.71,468.0,0,0.0,0.0,,0.0,1,33.48,56.61,SPY240328C00415000,415.0,normalDay
2023-08-08,9921.0,-4065.0,0.0,100,448.75,468.0,0,0.0,0.0,,0.0,1,33.48,54.88,SPY240328C00415000,415.0,normalDay
2023-08-09,9921.0,-4164.0,0.0,100,445.75,468.0,0,0.0,0.0,,0.0,1,33.48,52.87,SPY240328C00415000,415.0,normalDay
2023-08-10,9921.0,-4085.0,0.0,100,445.91,468.0,0,0.0,0.0,,0.0,1,33.48,52.24,SPY240328C00415000,415.0,normalDay
2023-08-11,9921.0,-4080.0,0.0,100,445.65,468.0,0,0.0,0.0,,0.0,1,33.48,51.93,SPY240328C00415000,415.0,normalDay
2023-08-14,9921.0,-3996.0,0.0,100,448.11,468.0,0,0.0,0.0,,0.0,1,33.48,53.55,SPY240328C00415000,415.0,normalDay
2023-08-15,9921.0,-4116.0,0.0,100,442.89,468.0,0,0.0,0.0,,0.0,1,33.48,49.53,SPY240328C00415000,415.0,normalDay
2023-08-16,9921.0,-4188.0,0.0,100,439.64,468.0,0,0.0,0.0,,0.0,1,33.48,47.0,SPY240328C00415000,415.0,normalDay
2023-08-17,9921.0,-4252.0,0.0,100,436.29,468.0,0,0.0,0.0,,0.0,1,33.48,44.29,SPY240328C00415000,415.0,normalDay
2023-08-18,9921.0,-4226.0,0.0,100,436.5,468.0,0,0.0,0.0,,0.0,1,33.48,44.24,SPY240328C00415000,415.0,normalDay
2023-08-21,9921.0,-4099.0,0.0,100,439.34,468.0,0,0.0,0.0,,0.0,1,33.48,45.81,SPY240328C00415000,415.0,normalDay
2023-08-22,9921.0,-4131.0,0.0,100,438.15,468.0,0,0.0,0.0,,0.0,1,33.48,44.94,SPY240328C00415000,415.0,normalDay
2023-08-23,9921.0,-4122.0,0.0,100,443.03,468.0,0,0.0,0.0,,0.0,1,33.48,49.73,SPY240328C00415000,415.0,normalDay
2023-08-24,9921.0,-4196.0,0.0,100,436.89,468.0,0,0.0,0.0,,0.0,1,33.48,44.33,SPY240328C00415000,415.0,normalDay
2023-08-25,9921.0,-4106.0,0.0,100,439.97,468.0,0,0.0,0.0,,0.0,1,33.48,46.51,SPY240328C00415000,415.0,normalDay
2023-08-28,9921.0,-3997.0,0.0,100,442.76,468.0,0,0.0,0.0,,0.0,1,33.48,48.21,SPY240328C00415000,415.0,normalDay
2023-08-29,9921.0,-3837.0,0.0,100,449.16,468.0,0,0.0,0.0,,0.0,1,33.48,53.01,SPY240328C00415000,415.0,normalDay
2023-08-30,9921.0,-3780.0,0.0,100,451.01,468.0,0,0.0,0.0,,0.0,1,33.48,54.29,SPY240328C00415000,415.0,normalDay
2023-08-31,9921.0,-3780.0,0.0,100,450.35,468.0,0,0.0,0.0,,0.0,1,33.48,53.63,SPY240328C00415000,415.0,normalDay
2023-09-01,9921.0,-3651.0,0.0,100,451.19,468.0,0,0.0,0.0,,0.0,1,33.48,53.18,SPY240328C00415000,415.0,normalDay
2023-09-05,9921.0,-3687.0,0.0,100,449.24,468.0,0,0.0,0.0,,0.0,1,33.48,51.59,SPY240328C00415000,415.0,normalDay
2023-09-06,9921.0,-3732.0,0.0,100,446.22,468.0,0,0.0,0.0,,0.0,1,33.48,49.02,SPY240328C00415000,415.0,normalDay
2023-09-07,9921.0,-3755.0,0.0,100,444.85,468.0,0,0.0,0.0,,0.0,1,33.48,47.88,SPY240328C00415000,415.0,normalDay
2023-09-08,9921.0,-3736.0,0.0,100,445.52,468.0,0,0.0,0.0,,0.0,1,33.48,48.36,SPY240328C00415000,415.0,normalDay
2023-09-11,9921.0,-3629.0,0.0,100,448.45,468.0,0,0.0,0.0,,0.0,1,33.48,50.22,SPY240328C00415000,415.0,normalDay
2023-09-12,9921.0,-3674.0,0.0,100,445.99,468.0,0,0.0,0.0,,0.0,1,33.48,48.21,SPY240328C00415000,415.0,normalDay
2023-09-13,9921.0,-3645.0,0.0,100,446.51,468.0,0,0.0,0.0,,0.0,1,33.48,48.44,SPY240328C00415000,415.0,normalDay
2023-09-14,9921.0,-3537.0,0.0,100,450.36,468.0,0,0.0,0.0,,0.0,1,33.48,51.21,SPY240328C00415000,415.0,normalDay
2023-09-15,9921.0,-3775.0,0.0,100,443.37,468.0,0,0.0,0.0,,0.0,1,33.48,46.6,SPY240328C00415000,415.0,normalDay
2023-09-18,9921.0,-3756.0,0.0,100,443.63,468.0,0,0.0,0.0,,0.0,1,33.48,46.67,SPY240328C00415000,415.0,normalDay
2023-09-19,9921.0,-3763.0,0.0,100,442.71,468.0,0,0.0,0.0,,0.0,1,33.48,45.82,SPY240328C00415000,415.0,normalDay
2023-09-20,9921.0,-3816.0,0.0,100,438.64,468.0,0,0.0,0.0,,0.0,1,33.48,42.28,SPY240328C00415000,415.0,normalDay
2023-09-21,9921.0,-4009.0,0.0,100,431.39,468.0,0,0.0,0.0,,0.0,1,33.48,36.96,SPY240328C00415000,415.0,normalDay
2023-09-22,9921.0,-4060.0,0.0,100,430.42,468.0,0,0.0,0.0,,0.0,1,33.48,36.5,SPY240328C00415000,415.0,normalDay
2023-09-25,9921.0,-3985.0,0.0,100,432.23,468.0,0,0.0,0.0,,0.0,1,33.48,37.56,SPY240328C00415000,415.0,normalDay
2023-09-26,9921.0,-4256.0,0.0,100,425.88,468.0,0,0.0,0.0,,0.0,1,33.48,33.92,SPY240328C00415000,415.0,normalDay
2023-09-27,9921.0,-4221.0,0.0,100,426.05,468.0,0,0.0,0.0,,0.0,1,33.48,33.74,SPY240328C00415000,415.0,normalDay
2023-09-28,9921.0,-4052.0,0.0,100,428.52,468.0,0,0.0,0.0,,0.0,1,33.48,34.52,SPY240328C00415000,415.0,normalDay
2023-09-29,9921.0,-4132.0,0.0,100,427.48,468.0,0,0.0,0.0,,0.0,1,33.48,34.28,SPY240328C00415000,415.0,normalDay
2023-10-02,9921.0,-4084.0,0.0,100,427.31,468.0,0,0.0,0.0,,0.0,1,33.48,33.63,SPY240328C00415000,415.0,normalDay
2023-10-03,9921.0,-4337.0,0.0,100,421.59,468.0,0,0.0,0.0,,0.0,1,33.48,30.44,SPY240328C00415000,415.0,normalDay
2023-10-04,9921.0,-4164.0,0.0,100,424.66,468.0,0,0.0,0.0,,0.0,1,33.48,31.78,SPY240328C00415000,415.0,normalDay
2023-10-05,9921.0,-4122.0,0.0,100,424.5,468.0,0,0.0,0.0,,0.0,1,33.48,31.2,SPY240328C00415000,415.0,normalDay
2023-10-06,9921.0,-3994.0,0.0,100,429.54,468.0,0,0.0,0.0,,0.0,1,33.48,34.96,SPY240328C00415000,415.0,normalDay
2023-10-09,9921.0,-3905.0,0.0,100,432.29,468.0,0,0.0,0.0,,0.0,1,33.48,36.82,SPY240328C00415000,415.0,normalDay
2023-10-10,9921.0,-3806.0,0.0,100,434.54,468.0,0,0.0,0.0,,0.0,1,33.48,38.08,SPY240328C00415000,415.0,normalDay
2023-10-11,9921.0,-3784.0,0.0,100,436.32,468.0,0,0.0,0.0,,0.0,1,33.48,39.64,SPY240328C00415000,415.0,normalDay
2023-10-12,9921.0,-3815.0,0.0,100,433.66,468.0,0,0.0,0.0,,0.0,1,33.48,37.29,SPY240328C00415000,415.0,normalDay
2023-10-13,9921.0,-3894.0,0.0,100,431.5,468.0,0,0.0,0.0,,0.0,1,33.48,35.92,SPY240328C00415000,415.0,normalDay
2023-10-16,9921.0,-3743.0,0.0,100,436.04,468.0,0,0.0,0.0,,0.0,1,33.48,38.95,SPY240328C00415000,415.0,normalDay
2023-10-17,9921.0,-3706.0,0.0,100,436.02,468.0,0,0.0,0.0,,0.0,1,33.48,38.56,SPY240328C00415000,415.0,normalDay
2023-10-18,9921.0,-3983.0,0.0,100,430.21,468.0,0,0.0,0.0,,0.0,1,33.48,35.52,SPY240328C00415000,415.0,normalDay
2023-10-19,9921.0,-4049.0,0.0,100,426.43,468.0,0,0.0,0.0,,0.0,1,33.48,32.4,SPY240328C00415000,415.0,normalDay
2023-10-20,9921.0,-4205.0,0.0,100,421.19,468.0,0,0.0,0.0,,0.0,1,33.48,28.72,SPY240328C00415000,415.0,normalDay
2023-10-23,9921.0,-4207.0,0.0,100,420.46,468.0,0,0.0,0.0,,0.0,1,33.48,28.01,SPY240328C00415000,415.0,normalDay
2023-10-24,9921.0,-4021.0,0.0,100,423.63,468.0,0,0.0,0.0,,0.0,1,33.48,29.32,SPY240328C00415000,415.0,normalDay
2023-10-25,9921.0,-4251.0,0.0,100,417.55,468.0,0,0.0,0.0,,0.0,1,33.48,25.54,SPY240328C00415000,415.0,normalDay
2023-10-26,9921.0,-4412.0,0.0,100,412.55,468.0,0,0.0,0.0,,0.0,1,33.48,22.15,SPY240328C00415000,415.0,normalDay
2023-10-27,9921.0,-4481.0,0.0,100,410.68,468.0,0,0.0,0.0,,0.0,1,33.48,20.97,SPY240328C00415000,415.0,normalDay
2023-10-30,9921.0,-4203.0,0.0,100,415.59,468.0,0,0.0,0.0,,0.0,1,33.48,23.1,SPY240328C00415000,415.0,normalDay
2023-10-31,9921.0,-4049.0,0.0,100,418.2,468.0,0,0.0,0.0,,0.0,1,33.48,24.17,SPY240328C00415000,415.0,normalDay
2023-11-01,9921.0,-3833.0,0.0,100,422.66,468.0,0,0.0,0.0,,0.0,1,33.48,26.47,SPY240328C00415000,415.0,normalDay
2023-11-02,9921.0,-3581.0,0.0,100,430.76,468.0,0,0.0,0.0,,0.0,1,33.48,32.05,SPY240328C00415000,415.0,normalDay
2023-11-03,9921.0,-3499.0,0.0,100,434.69,468.0,0,0.0,0.0,,0.0,1,33.48,35.16,SPY240328C00415000,415.0,normalDay
2023-11-06,9921.0,-3391.0,0.0,100,435.69,468.0,0,0.0,0.0,,0.0,1,33.48,35.08,SPY240328C00415000,415.0,normalDay
2023-11-07,9921.0,-3377.0,0.0,100,436.93,468.0,0,0.0,0.0,,0.0,1,33.48,36.18,SPY240328C00415000,415.0,normalDay
2023-11-08,9921.0,-3326.0,0.0,100,437.25,468.0,0,0.0,0.0,,0.0,1,33.48,35.99,SPY240328C00415000,415.0,normalDay
2023-11-09,9921.0,-3454.0,0.0,100,433.84,468.0,0,0.0,0.0,,0.0,1,33.48,33.86,SPY240328C00415000,415.0,normalDay
2023-11-10,9921.0,-3274.0,0.0,100,440.61,468.0,0,0.0,0.0,,0.0,1,33.48,38.83,SPY240328C00415000,415.0,normalDay
2023-11-13,9921.0,-3257.0,0.0,100,440.19,468.0,0,0.0,0.0,,0.0,1,33.48,38.24,SPY240328C00415000,415.0,normalDay
2023-11-14,9921.0,-3131.0,0.0,100,448.73,468.0,0,0.0,0.0,,0.0,1,33.48,45.52,SPY240328C00415000,415.0,normalDay
2023-11-15,9921.0,-3041.0,0.0,100,449.68,468.0,0,0.0,0.0,,0.0,1,33.48,45.57,SPY240328C00415000,415.0,normalDay
2023-11-16,9921.0,-3046.0,0.0,100,450.23,468.0,0,0.0,0.0,,0.0,1,33.48,46.17,SPY240328C00415000,415.0,normalDay
2023-11-17,9921.0,-3007.0,0.0,100,450.79,468.0,0,0.0,0.0,,0.0,1,33.48,46.34,SPY240328C00415000,415.0,normalDay
2023-11-20,9921.0,-2952.0,0.0,100,454.26,468.0,0,0.0,0.0,,0.0,1,33.48,49.26,SPY240328C00415000,415.0,normalDay
2023-11-21,9921.0,-2909.0,0.0,100,453.27,468.0,0,0.0,0.0,,0.0,1,33.48,47.84,SPY240328C00415000,415.0,normalDay
2023-11-22,9921.0,-2979.0,0.0,100,455.02,468.0,0,0.0,0.0,,0.0,1,33.48,50.29,SPY240328C00415000,415.0,normalDay
2023-11-24,9921.0,-2968.0,0.0,100,455.3,468.0,0,0.0,0.0,,0.0,1,33.48,50.46,SPY240328C00415000,415.0,normalDay
2023-11-27,9921.0,-2971.0,0.0,100,454.48,468.0,0,0.0,0.0,,0.0,1,33.48,49.67,SPY240328C00415000,415.0,normalDay
2023-11-28,9921.0,-2948.0,0.0,100,454.93,468.0,0,0.0,0.0,,0.0,1,33.48,49.89,SPY240328C00415000,415.0,normalDay
2023-11-29,9921.0,-2912.0,0.0,100,454.61,468.0,0,0.0,0.0,,0.0,1,33.48,49.21,SPY240328C00415000,415.0,normalDay
2023-11-30,9921.0,-2909.0,0.0,100,456.4,468.0,0,0.0,0.0,,0.0,1,33.48,50.97,SPY240328C00415000,415.0,normalDay
