date,totalCapital,unrializedPnL,rializedPnL,stocksOwned,stocksPriceToday,stocksPriceBoughtAt,putOwned,putOwnedSoldAt,putPriceToday,putOwnedContract,putOwnedStrike,callOwned,callOwnedSoldAt,callPriceToday,callOwnedContract,callOwnedStrike,trackType
2018-11-01,0.0,-4.0,0.0,0,273.51,0.0,1,0.41,0.45,SPY181203P00240000,240.0,0,0.0,0.0,,0.0,normalDay
2018-11-02,0.0,-3.0,0.0,0,271.89,0.0,1,0.41,0.44,SPY181203P00240000,240.0,0,0.0,0.0,,0.0,normalDay
2018-11-05,0.0,4.0,0.0,0,273.39,0.0,1,0.41,0.37,SPY181203P00240000,240.0,0,0.0,0.0,,0.0,normalDay
2018-11-06,0.0,5.0,0.0,0,275.12,0.0,1,0.41,0.36,SPY181203P00240000,240.0,0,0.0,0.0,,0.0,normalDay
2018-11-07,0.0,26.0,0.0,0,281.01,0.0,1,0.41,0.15,SPY181203P00240000,240.0,0,0.0,0.0,,0.0,normalDay
2018-11-08,0.0,24.0,0.0,0,280.5,0.0,1,0.41,0.17,SPY181203P00240000,240.0,0,0.0,0.0,,0.0,normalDay
2018-11-09,0.0,24.0,0.0,0,277.76,0.0,1,0.41,0.17,SPY181203P00240000,240.0,0,0.0,0.0,,0.0,normalDay
2018-11-12,0.0,11.0,0.0,0,272.57,0.0,1,0.41,0.3,SPY181203P00240000,240.0,0,0.0,0.0,,0.0,normalDay
2018-11-13,0.0,13.0,0.0,0,272.06,0.0,1,0.41,0.28,SPY181203P00240000,240.0,0,0.0,0.0,,0.0,normalDay
2018-11-14,0.0,9.0,0.0,0,270.2,0.0,1,0.41,0.32,SPY181203P00240000,240.0,0,0.0,0.0,,0.0,normalDay
2018-11-15,0.0,20.0,0.0,0,273.02,0.0,1,0.41,0.21,SPY181203P00240000,240.0,0,0.0,0.0,,0.0,normalDay
2018-11-16,0.0,29.0,0.0,0,273.73,0.0,1,0.41,0.12,SPY181203P00240000,240.0,0,0.0,0.0,,0.0,normalDay
2018-11-19,0.0,26.0,0.0,0,269.1,0.0,1,0.41,0.15,SPY181203P00240000,240.0,0,0.0,0.0,,0.0,normalDay
2018-11-20,0.0,12.0,0.0,0,264.12,0.0,1,0.41,0.29,SPY181203P00240000,240.0,0,0.0,0.0,,0.0,normalDay
2018-11-21,0.0,25.0,0.0,0,265.02,0.0,1,0.41,0.16,SPY181203P00240000,240.0,0,0.0,0.0,,0.0,normalDay
2018-11-23,0.0,29.0,0.0,0,263.25,0.0,1,0.41,0.12,SPY181203P00240000,240.0,0,0.0,0.0,,0.0,normalDay
2018-11-26,0.0,36.0,0.0,0,267.5,0.0,1,0.41,0.05,SPY181203P00240000,240.0,0,0.0,0.0,,0.0,normalDay
2018-11-27,0.0,37.0,0.0,0,268.4,0.0,1,0.41,0.04,SPY181203P00240000,240.0,0,0.0,0.0,,0.0,normalDay
2018-11-28,0.0,38.0,0.0,0,274.58,0.0,1,0.41,0.03,SPY181203P00240000,240.0,0,0.0,0.0,,0.0,normalDay
2018-11-29,0.0,39.0,0.0,0,273.98,0.0,1,0.41,0.02,SPY181203P00240000,240.0,0,0.0,0.0,,0.0,normalDay
2018-11-30,0.0,40.0,0.0,0,275.65,0.0,1,0.41,0.01,SPY181203P00240000,240.0,0,0.0,0.0,,0.0,normalDay
2018-12-03,41.0,0.0,41.0,0,279.3,0.0,1,0.41,0.0,SPY181203P00240000,240.0,0,0.0,0.0,,0.0,expirationDay
2018-12-04,41.0,-6.0,0.0,0,270.25,0.0,1,1.0,1.06,SPY190104P00247500,247.5,0,0.0,0.0,,0.0,normalDay
2018-12-06,41.0,-9.0,0.0,0,269.84,0.0,1,1.0,1.09,SPY190104P00247500,247.5,0,0.0,0.0,,0.0,normalDay
2018-12-07,41.0,-101.0,0.0,0,263.57,0.0,1,1.0,2.01,SPY190104P00247500,247.5,0,0.0,0.0,,0.0,normalDay
2018-12-10,41.0,-47.0,0.0,0,264.07,0.0,1,1.0,1.47,SPY190104P00247500,247.5,0,0.0,0.0,,0.0,normalDay
2018-12-11,41.0,-29.0,0.0,0,264.13,0.0,1,1.0,1.29,SPY190104P00247500,247.5,0,0.0,0.0,,0.0,normalDay
2018-12-12,41.0,-6.0,0.0,0,265.46,0.0,1,1.0,1.06,SPY190104P00247500,247.5,0,0.0,0.0,,0.0,normalDay
2018-12-13,41.0,16.0,0.0,0,265.37,0.0,1,1.0,0.84,SPY190104P00247500,247.5,0,0.0,0.0,,0.0,normalDay
2018-12-14,41.0,-37.0,0.0,0,260.47,0.0,1,1.0,1.37,SPY190104P00247500,247.5,0,0.0,0.0,,0.0,normalDay
2018-12-17,41.0,-157.0,0.0,0,255.36,0.0,1,1.0,2.57,SPY190104P00247500,247.5,0,0.0,0.0,,0.0,normalDay
2018-12-18,41.0,-188.0,0.0,0,255.08,0.0,1,1.0,2.88,SPY190104P00247500,247.5,0,0.0,0.0,,0.0,normalDay
2018-12-19,41.0,-249.0,0.0,0,251.26,0.0,1,1.0,3.49,SPY190104P00247500,247.5,0,0.0,0.0,,0.0,normalDay
2018-12-20,41.0,-441.0,0.0,0,247.17,0.0,1,1.0,5.41,SPY190104P00247500,247.5,0,0.0,0.0,,0.0,normalDay
2018-12-21,41.0,-845.0,0.0,0,240.7,0.0,1,1.0,9.45,SPY190104P00247500,247.5,0,0.0,0.0,,0.0,normalDay
2018-12-24,41.0,-1500.0,0.0,0,234.34,0.0,1,1.0,16.0,SPY190104P00247500,247.5,0,0.0,0.0,,0.0,normalDay
2018-12-26,41.0,-419.0,0.0,0,246.18,0.0,1,1.0,5.19,SPY190104P00247500,247.5,0,0.0,0.0,,0.0,normalDay
2018-12-27,41.0,-308.0,0.0,0,248.07,0.0,1,1.0,4.08,SPY190104P00247500,247.5,0,0.0,0.0,,0.0,normalDay
2018-12-28,41.0,-293.0,0.0,0,247.75,0.0,1,1.0,3.93,SPY190104P00247500,247.5,0,0.0,0.0,,0.0,normalDay
2018-12-31,41.0,-88.0,0.0,0,249.92,0.0,1,1.0,1.88,SPY190104P00247500,247.5,0,0.0,0.0,,0.0,normalDay
2019-01-02,41.0,10.0,0.0,0,250.18,0.0,1,1.0,0.9,SPY190104P00247500,247.5,0,0.0,0.0,,0.0,normalDay
2019-01-03,41.0,-305.0,0.0,0,244.21,0.0,1,1.0,4.05,SPY190104P00247500,247.5,0,0.0,0.0,,0.0,normalDay
2019-01-04,141.0,0.0,100.0,0,252.39,0.0,1,1.0,0.0,SPY190104P00247500,247.5,0,0.0,0.0,,0.0,expirationDay
2019-01-07,141.0,-3.0,0.0,0,254.38,0.0,1,0.19,0.22,SPY190208P00210000,210.0,0,0.0,0.0,,0.0,normalDay
2019-01-08,141.0,1.0,0.0,0,256.77,0.0,1,0.19,0.18,SPY190208P00210000,210.0,0,0.0,0.0,,0.0,normalDay
2019-01-09,141.0,4.0,0.0,0,257.97,0.0,1,0.19,0.15,SPY190208P00210000,210.0,0,0.0,0.0,,0.0,normalDay
2019-01-10,141.0,6.0,0.0,0,258.88,0.0,1,0.19,0.13,SPY190208P00210000,210.0,0,0.0,0.0,,0.0,normalDay
2019-01-11,141.0,9.0,0.0,0,258.98,0.0,1,0.19,0.1,SPY190208P00210000,210.0,0,0.0,0.0,,0.0,normalDay
2019-01-14,141.0,8.0,0.0,0,257.4,0.0,1,0.19,0.11,SPY190208P00210000,210.0,0,0.0,0.0,,0.0,normalDay
2019-01-15,141.0,10.0,0.0,0,260.35,0.0,1,0.19,0.09,SPY190208P00210000,210.0,0,0.0,0.0,,0.0,normalDay
2019-01-16,141.0,9.0,0.0,0,260.98,0.0,1,0.19,0.1,SPY190208P00210000,210.0,0,0.0,0.0,,0.0,normalDay
2019-01-17,141.0,11.0,0.0,0,262.96,0.0,1,0.19,0.08,SPY190208P00210000,210.0,0,0.0,0.0,,0.0,normalDay
2019-01-18,141.0,12.0,0.0,0,266.46,0.0,1,0.19,0.07,SPY190208P00210000,210.0,0,0.0,0.0,,0.0,normalDay
2019-01-22,141.0,10.0,0.0,0,262.86,0.0,1,0.19,0.09,SPY190208P00210000,210.0,0,0.0,0.0,,0.0,normalDay
2019-01-23,141.0,14.0,0.0,0,263.41,0.0,1,0.19,0.05,SPY190208P00210000,210.0,0,0.0,0.0,,0.0,normalDay
2019-01-24,141.0,14.0,0.0,0,263.55,0.0,1,0.19,0.05,SPY190208P00210000,210.0,0,0.0,0.0,,0.0,normalDay
2019-01-25,141.0,16.0,0.0,0,265.78,0.0,1,0.19,0.03,SPY190208P00210000,210.0,0,0.0,0.0,,0.0,normalDay
2019-01-28,141.0,16.0,0.0,0,263.76,0.0,1,0.19,0.03,SPY190208P00210000,210.0,0,0.0,0.0,,0.0,normalDay
2019-01-29,141.0,16.0,0.0,0,263.41,0.0,1,0.19,0.03,SPY190208P00210000,210.0,0,0.0,0.0,,0.0,normalDay
2019-01-30,141.0,17.0,0.0,0,267.58,0.0,1,0.19,0.02,SPY190208P00210000,210.0,0,0.0,0.0,,0.0,normalDay
2019-01-31,141.0,18.0,0.0,0,269.93,0.0,1,0.19,0.01,SPY190208P00210000,210.0,0,0.0,0.0,,0.0,normalDay
2019-02-01,141.0,18.0,0.0,0,270.06,0.0,1,0.19,0.01,SPY190208P00210000,210.0,0,0.0,0.0,,0.0,normalDay
2019-02-04,141.0,18.0,0.0,0,271.96,0.0,1,0.19,0.01,SPY190208P00210000,210.0,0,0.0,0.0,,0.0,normalDay
2019-02-05,141.0,18.0,0.0,0,273.1,0.0,1,0.19,0.01,SPY190208P00210000,210.0,0,0.0,0.0,,0.0,normalDay
2019-02-06,141.0,18.0,0.0,0,272.74,0.0,1,0.19,0.01,SPY190208P00210000,210.0,0,0.0,0.0,,0.0,normalDay
2019-02-07,141.0,18.0,0.0,0,270.14,0.0,1,0.19,0.01,SPY190208P00210000,210.0,0,0.0,0.0,,0.0,normalDay
2019-02-08,160.0,0.0,19.0,0,270.47,0.0,1,0.19,0.0,SPY190208P00210000,210.0,0,0.0,0.0,,0.0,expirationDay
2019-02-11,160.0,-3.0,0.0,0,270.62,0.0,1,0.46,0.49,SPY190315P00244000,244.0,0,0.0,0.0,,0.0,normalDay
2019-02-12,160.0,11.0,0.0,0,274.1,0.0,1,0.46,0.35,SPY190315P00244000,244.0,0,0.0,0.0,,0.0,normalDay
2019-02-13,160.0,13.0,0.0,0,274.99,0.0,1,0.46,0.33,SPY190315P00244000,244.0,0,0.0,0.0,,0.0,normalDay
2019-02-14,160.0,9.0,0.0,0,274.38,0.0,1,0.46,0.37,SPY190315P00244000,244.0,0,0.0,0.0,,0.0,normalDay
2019-02-15,160.0,21.0,0.0,0,277.37,0.0,1,0.46,0.25,SPY190315P00244000,244.0,0,0.0,0.0,,0.0,normalDay
2019-02-19,160.0,28.0,0.0,0,277.85,0.0,1,0.46,0.18,SPY190315P00244000,244.0,0,0.0,0.0,,0.0,normalDay
2019-02-20,160.0,32.0,0.0,0,278.41,0.0,1,0.46,0.14,SPY190315P00244000,244.0,0,0.0,0.0,,0.0,normalDay
2019-02-21,160.0,32.0,0.0,0,277.42,0.0,1,0.46,0.14,SPY190315P00244000,244.0,0,0.0,0.0,,0.0,normalDay
2019-02-22,160.0,37.0,0.0,0,279.14,0.0,1,0.46,0.09,SPY190315P00244000,244.0,0,0.0,0.0,,0.0,normalDay
2019-02-25,160.0,33.0,0.0,0,279.52,0.0,1,0.46,0.13,SPY190315P00244000,244.0,0,0.0,0.0,,0.0,normalDay
2019-02-26,160.0,35.0,0.0,0,279.32,0.0,1,0.46,0.11,SPY190315P00244000,244.0,0,0.0,0.0,,0.0,normalDay
2019-02-27,160.0,36.0,0.0,0,279.2,0.0,1,0.46,0.1,SPY190315P00244000,244.0,0,0.0,0.0,,0.0,normalDay
2019-02-28,160.0,35.0,0.0,0,278.68,0.0,1,0.46,0.11,SPY190315P00244000,244.0,0,0.0,0.0,,0.0,normalDay
2019-03-01,160.0,41.0,0.0,0,280.42,0.0,1,0.46,0.05,SPY190315P00244000,244.0,0,0.0,0.0,,0.0,normalDay
2019-03-04,160.0,41.0,0.0,0,279.4,0.0,1,0.46,0.05,SPY190315P00244000,244.0,0,0.0,0.0,,0.0,normalDay
2019-03-05,160.0,42.0,0.0,0,279.02,0.0,1,0.46,0.04,SPY190315P00244000,244.0,0,0.0,0.0,,0.0,normalDay
2019-03-06,160.0,40.0,0.0,0,277.33,0.0,1,0.46,0.06,SPY190315P00244000,244.0,0,0.0,0.0,,0.0,normalDay
2019-03-07,160.0,41.0,0.0,0,275.01,0.0,1,0.46,0.05,SPY190315P00244000,244.0,0,0.0,0.0,,0.0,normalDay
2019-03-08,160.0,43.0,0.0,0,274.46,0.0,1,0.46,0.03,SPY190315P00244000,244.0,0,0.0,0.0,,0.0,normalDay
2019-03-11,160.0,44.0,0.0,0,278.44,0.0,1,0.46,0.02,SPY190315P00244000,244.0,0,0.0,0.0,,0.0,normalDay
2019-03-12,160.0,45.0,0.0,0,279.49,0.0,1,0.46,0.01,SPY190315P00244000,244.0,0,0.0,0.0,,0.0,normalDay
2019-03-13,160.0,45.0,0.0,0,281.34,0.0,1,0.46,0.01,SPY190315P00244000,244.0,0,0.0,0.0,,0.0,normalDay
2019-03-14,160.0,45.0,0.0,0,281.16,0.0,1,0.46,0.01,SPY190315P00244000,244.0,0,0.0,0.0,,0.0,normalDay
2019-03-15,206.0,0.0,46.0,0,281.31,0.0,1,0.46,0.0,SPY190315P00244000,244.0,0,0.0,0.0,,0.0,expirationDay
2019-03-18,206.0,-3.0,0.0,0,282.33,0.0,1,0.78,0.81,SPY190418P00269000,269.0,0,0.0,0.0,,0.0,normalDay
2019-03-19,206.0,-11.0,0.0,0,282.4,0.0,1,0.78,0.89,SPY190418P00269000,269.0,0,0.0,0.0,,0.0,normalDay
2019-03-20,206.0,-20.0,0.0,0,281.55,0.0,1,0.78,0.98,SPY190418P00269000,269.0,0,0.0,0.0,,0.0,normalDay
2019-03-21,206.0,11.0,0.0,0,284.73,0.0,1,0.78,0.67,SPY190418P00269000,269.0,0,0.0,0.0,,0.0,normalDay
2019-03-22,206.0,-78.0,0.0,0,279.25,0.0,1,0.78,1.56,SPY190418P00269000,269.0,0,0.0,0.0,,0.0,normalDay
2019-03-25,206.0,-68.0,0.0,0,279.04,0.0,1,0.78,1.46,SPY190418P00269000,269.0,0,0.0,0.0,,0.0,normalDay
2019-03-26,206.0,-12.0,0.0,0,281.12,0.0,1,0.78,0.9,SPY190418P00269000,269.0,0,0.0,0.0,,0.0,normalDay
2019-03-27,206.0,-28.0,0.0,0,279.65,0.0,1,0.78,1.06,SPY190418P00269000,269.0,0,0.0,0.0,,0.0,normalDay
2019-03-28,206.0,2.0,0.0,0,280.71,0.0,1,0.78,0.76,SPY190418P00269000,269.0,0,0.0,0.0,,0.0,normalDay
2019-03-29,206.0,30.0,0.0,0,282.48,0.0,1,0.78,0.48,SPY190418P00269000,269.0,0,0.0,0.0,,0.0,normalDay
2019-04-01,206.0,52.0,0.0,0,285.83,0.0,1,0.78,0.26,SPY190418P00269000,269.0,0,0.0,0.0,,0.0,normalDay
2019-04-02,206.0,55.0,0.0,0,285.97,0.0,1,0.78,0.23,SPY190418P00269000,269.0,0,0.0,0.0,,0.0,normalDay
2019-04-03,206.0,57.0,0.0,0,286.42,0.0,1,0.78,0.21,SPY190418P00269000,269.0,0,0.0,0.0,,0.0,normalDay
2019-04-04,206.0,62.0,0.0,0,287.18,0.0,1,0.78,0.16,SPY190418P00269000,269.0,0,0.0,0.0,,0.0,normalDay
2019-04-05,206.0,69.0,0.0,0,288.57,0.0,1,0.78,0.09,SPY190418P00269000,269.0,0,0.0,0.0,,0.0,normalDay
2019-04-08,206.0,71.0,0.0,0,288.79,0.0,1,0.78,0.07,SPY190418P00269000,269.0,0,0.0,0.0,,0.0,normalDay
2019-04-09,206.0,69.0,0.0,0,287.31,0.0,1,0.78,0.09,SPY190418P00269000,269.0,0,0.0,0.0,,0.0,normalDay
2019-04-10,206.0,73.0,0.0,0,288.29,0.0,1,0.78,0.05,SPY190418P00269000,269.0,0,0.0,0.0,,0.0,normalDay
2019-04-11,206.0,74.0,0.0,0,288.21,0.0,1,0.78,0.04,SPY190418P00269000,269.0,0,0.0,0.0,,0.0,normalDay
2019-04-12,206.0,75.0,0.0,0,290.16,0.0,1,0.78,0.03,SPY190418P00269000,269.0,0,0.0,0.0,,0.0,normalDay
2019-04-15,206.0,76.0,0.0,0,289.97,0.0,1,0.78,0.02,SPY190418P00269000,269.0,0,0.0,0.0,,0.0,normalDay
2019-04-16,206.0,77.0,0.0,0,290.16,0.0,1,0.78,0.01,SPY190418P00269000,269.0,0,0.0,0.0,,0.0,normalDay
2019-04-17,206.0,77.0,0.0,0,289.45,0.0,1,0.78,0.01,SPY190418P00269000,269.0,0,0.0,0.0,,0.0,normalDay
2019-04-18,284.0,0.0,78.0,0,290.02,0.0,1,0.78,0.0,SPY190418P00269000,269.0,0,0.0,0.0,,0.0,expirationDay
2019-04-22,284.0,-4.0,0.0,0,290.27,0.0,1,0.41,0.45,SPY190524P00268000,268.0,0,0.0,0.0,,0.0,normalDay
2019-04-23,284.0,4.0,0.0,0,292.88,0.0,1,0.41,0.37,SPY190524P00268000,268.0,0,0.0,0.0,,0.0,normalDay
2019-04-24,284.0,-2.0,0.0,0,292.23,0.0,1,0.41,0.43,SPY190524P00268000,268.0,0,0.0,0.0,,0.0,normalDay
2019-04-25,284.0,-2.0,0.0,0,292.05,0.0,1,0.41,0.43,SPY190524P00268000,268.0,0,0.0,0.0,,0.0,normalDay
2019-04-26,284.0,6.0,0.0,0,293.41,0.0,1,0.41,0.35,SPY190524P00268000,268.0,0,0.0,0.0,,0.0,normalDay
2019-04-29,284.0,9.0,0.0,0,293.87,0.0,1,0.41,0.32,SPY190524P00268000,268.0,0,0.0,0.0,,0.0,normalDay
2019-04-30,284.0,9.0,0.0,0,294.02,0.0,1,0.41,0.32,SPY190524P00268000,268.0,0,0.0,0.0,,0.0,normalDay
2019-05-01,284.0,-3.0,0.0,0,291.81,0.0,1,0.41,0.44,SPY190524P00268000,268.0,0,0.0,0.0,,0.0,normalDay
2019-05-02,284.0,0.0,0.0,0,291.18,0.0,1,0.41,0.41,SPY190524P00268000,268.0,0,0.0,0.0,,0.0,normalDay
2019-05-03,284.0,19.0,0.0,0,294.03,0.0,1,0.41,0.22,SPY190524P00268000,268.0,0,0.0,0.0,,0.0,normalDay
2019-05-06,284.0,6.0,0.0,0,292.82,0.0,1,0.41,0.35,SPY190524P00268000,268.0,0,0.0,0.0,,0.0,normalDay
2019-05-07,284.0,-45.0,0.0,0,287.93,0.0,1,0.41,0.86,SPY190524P00268000,268.0,0,0.0,0.0,,0.0,normalDay
2019-05-08,284.0,-40.0,0.0,0,287.53,0.0,1,0.41,0.81,SPY190524P00268000,268.0,0,0.0,0.0,,0.0,normalDay
2019-05-09,284.0,-25.0,0.0,0,286.66,0.0,1,0.41,0.66,SPY190524P00268000,268.0,0,0.0,0.0,,0.0,normalDay
2019-05-10,284.0,15.0,0.0,0,288.1,0.0,1,0.41,0.26,SPY190524P00268000,268.0,0,0.0,0.0,,0.0,normalDay
2019-05-13,284.0,-57.0,0.0,0,280.86,0.0,1,0.41,0.98,SPY190524P00268000,268.0,0,0.0,0.0,,0.0,normalDay
2019-05-14,284.0,0.0,0.0,0,283.4,0.0,1,0.41,0.41,SPY190524P00268000,268.0,0,0.0,0.0,,0.0,normalDay
2019-05-15,284.0,26.0,0.0,0,285.06,0.0,1,0.41,0.15,SPY190524P00268000,268.0,0,0.0,0.0,,0.0,normalDay
2019-05-16,284.0,34.0,0.0,0,287.7,0.0,1,0.41,0.07,SPY190524P00268000,268.0,0,0.0,0.0,,0.0,normalDay
2019-05-17,284.0,30.0,0.0,0,285.84,0.0,1,0.41,0.11,SPY190524P00268000,268.0,0,0.0,0.0,,0.0,normalDay
2019-05-20,284.0,38.0,0.0,0,283.95,0.0,1,0.41,0.03,SPY190524P00268000,268.0,0,0.0,0.0,,0.0,normalDay
2019-05-21,284.0,39.0,0.0,0,286.51,0.0,1,0.41,0.02,SPY190524P00268000,268.0,0,0.0,0.0,,0.0,normalDay
2019-05-22,284.0,40.0,0.0,0,285.63,0.0,1,0.41,0.01,SPY190524P00268000,268.0,0,0.0,0.0,,0.0,normalDay
2019-05-23,284.0,38.0,0.0,0,282.14,0.0,1,0.41,0.03,SPY190524P00268000,268.0,0,0.0,0.0,,0.0,normalDay
2019-05-24,325.0,0.0,41.0,0,282.78,0.0,1,0.41,0.0,SPY190524P00268000,268.0,0,0.0,0.0,,0.0,expirationDay
2019-05-28,325.0,-5.0,0.0,0,280.15,0.0,1,1.69,1.74,SPY190628P00266000,266.0,0,0.0,0.0,,0.0,normalDay
2019-05-29,325.0,-32.0,0.0,0,278.27,0.0,1,1.69,2.01,SPY190628P00266000,266.0,0,0.0,0.0,,0.0,normalDay
2019-05-30,325.0,-3.0,0.0,0,279.03,0.0,1,1.69,1.72,SPY190628P00266000,266.0,0,0.0,0.0,,0.0,normalDay
2019-05-31,325.0,-91.0,0.0,0,275.27,0.0,1,1.69,2.6,SPY190628P00266000,266.0,0,0.0,0.0,,0.0,normalDay
2019-06-03,325.0,-80.0,0.0,0,274.57,0.0,1,1.69,2.49,SPY190628P00266000,266.0,0,0.0,0.0,,0.0,normalDay
2019-06-04,325.0,56.0,0.0,0,280.53,0.0,1,1.69,1.13,SPY190628P00266000,266.0,0,0.0,0.0,,0.0,normalDay
2019-06-05,325.0,100.0,0.0,0,282.96,0.0,1,1.69,0.69,SPY190628P00266000,266.0,0,0.0,0.0,,0.0,normalDay
2019-06-06,325.0,114.0,0.0,0,284.8,0.0,1,1.69,0.55,SPY190628P00266000,266.0,0,0.0,0.0,,0.0,normalDay
2019-06-07,325.0,123.0,0.0,0,287.65,0.0,1,1.69,0.46,SPY190628P00266000,266.0,0,0.0,0.0,,0.0,normalDay
2019-06-10,325.0,138.0,0.0,0,288.97,0.0,1,1.69,0.31,SPY190628P00266000,266.0,0,0.0,0.0,,0.0,normalDay
2019-06-11,325.0,141.0,0.0,0,288.9,0.0,1,1.69,0.28,SPY190628P00266000,266.0,0,0.0,0.0,,0.0,normalDay
2019-06-12,325.0,143.0,0.0,0,288.39,0.0,1,1.69,0.26,SPY190628P00266000,266.0,0,0.0,0.0,,0.0,normalDay
2019-06-13,325.0,149.0,0.0,0,289.58,0.0,1,1.69,0.2,SPY190628P00266000,266.0,0,0.0,0.0,,0.0,normalDay
2019-06-14,325.0,156.0,0.0,0,289.26,0.0,1,1.69,0.13,SPY190628P00266000,266.0,0,0.0,0.0,,0.0,normalDay
2019-06-17,325.0,158.0,0.0,0,289.37,0.0,1,1.69,0.11,SPY190628P00266000,266.0,0,0.0,0.0,,0.0,normalDay
2019-06-18,325.0,161.0,0.0,0,292.4,0.0,1,1.69,0.08,SPY190628P00266000,266.0,0,0.0,0.0,,0.0,normalDay
2019-06-19,325.0,164.0,0.0,0,293.06,0.0,1,1.69,0.05,SPY190628P00266000,266.0,0,0.0,0.0,,0.0,normalDay
2019-06-20,325.0,164.0,0.0,0,295.86,0.0,1,1.69,0.05,SPY190628P00266000,266.0,0,0.0,0.0,,0.0,normalDay
2019-06-21,325.0,165.0,0.0,0,294.0,0.0,1,1.69,0.04,SPY190628P00266000,266.0,0,0.0,0.0,,0.0,normalDay
2019-06-24,325.0,167.0,0.0,0,293.64,0.0,1,1.69,0.02,SPY190628P00266000,266.0,0,0.0,0.0,,0.0,normalDay
2019-06-25,325.0,167.0,0.0,0,290.76,0.0,1,1.69,0.02,SPY190628P00266000,266.0,0,0.0,0.0,,0.0,normalDay
2019-06-26,325.0,168.0,0.0,0,290.47,0.0,1,1.69,0.01,SPY190628P00266000,266.0,0,0.0,0.0,,0.0,normalDay
2019-06-27,325.0,168.0,0.0,0,291.5,0.0,1,1.69,0.01,SPY190628P00266000,266.0,0,0.0,0.0,,0.0,normalDay
2019-06-28,494.0,0.0,169.0,0,293.0,0.0,1,1.69,0.0,SPY190628P00266000,266.0,0,0.0,0.0,,0.0,expirationDay
2019-07-01,494.0,-3.0,0.0,0,295.66,0.0,1,0.49,0.52,SPY190802P00271000,271.0,0,0.0,0.0,,0.0,normalDay
2019-07-02,494.0,10.0,0.0,0,296.43,0.0,1,0.49,0.39,SPY190802P00271000,271.0,0,0.0,0.0,,0.0,normalDay
2019-07-03,494.0,20.0,0.0,0,298.8,0.0,1,0.49,0.29,SPY190802P00271000,271.0,0,0.0,0.0,,0.0,normalDay
2019-07-05,494.0,17.0,0.0,0,298.46,0.0,1,0.49,0.32,SPY190802P00271000,271.0,0,0.0,0.0,,0.0,normalDay
2019-07-08,494.0,14.0,0.0,0,296.82,0.0,1,0.49,0.35,SPY190802P00271000,271.0,0,0.0,0.0,,0.0,normalDay
2019-07-09,494.0,15.0,0.0,0,297.19,0.0,1,0.49,0.34,SPY190802P00271000,271.0,0,0.0,0.0,,0.0,normalDay
2019-07-10,494.0,27.0,0.0,0,298.61,0.0,1,0.49,0.22,SPY190802P00271000,271.0,0,0.0,0.0,,0.0,normalDay
2019-07-11,494.0,28.0,0.0,0,299.31,0.0,1,0.49,0.21,SPY190802P00271000,271.0,0,0.0,0.0,,0.0,normalDay
2019-07-12,494.0,34.0,0.0,0,300.65,0.0,1,0.49,0.15,SPY190802P00271000,271.0,0,0.0,0.0,,0.0,normalDay
2019-07-15,494.0,33.0,0.0,0,300.75,0.0,1,0.49,0.16,SPY190802P00271000,271.0,0,0.0,0.0,,0.0,normalDay
2019-07-16,494.0,32.0,0.0,0,299.78,0.0,1,0.49,0.17,SPY190802P00271000,271.0,0,0.0,0.0,,0.0,normalDay
2019-07-17,494.0,28.0,0.0,0,297.74,0.0,1,0.49,0.21,SPY190802P00271000,271.0,0,0.0,0.0,,0.0,normalDay
2019-07-18,494.0,33.0,0.0,0,298.83,0.0,1,0.49,0.16,SPY190802P00271000,271.0,0,0.0,0.0,,0.0,normalDay
2019-07-19,494.0,33.0,0.0,0,297.17,0.0,1,0.49,0.16,SPY190802P00271000,271.0,0,0.0,0.0,,0.0,normalDay
2019-07-22,494.0,41.0,0.0,0,297.9,0.0,1,0.49,0.08,SPY190802P00271000,271.0,0,0.0,0.0,,0.0,normalDay
2019-07-23,494.0,44.0,0.0,0,300.03,0.0,1,0.49,0.05,SPY190802P00271000,271.0,0,0.0,0.0,,0.0,normalDay
2019-07-24,494.0,46.0,0.0,0,301.44,0.0,1,0.49,0.03,SPY190802P00271000,271.0,0,0.0,0.0,,0.0,normalDay
2019-07-25,494.0,46.0,0.0,0,300.0,0.0,1,0.49,0.03,SPY190802P00271000,271.0,0,0.0,0.0,,0.0,normalDay
2019-07-26,494.0,46.0,0.0,0,302.01,0.0,1,0.49,0.03,SPY190802P00271000,271.0,0,0.0,0.0,,0.0,normalDay
2019-07-29,494.0,47.0,0.0,0,301.46,0.0,1,0.49,0.02,SPY190802P00271000,271.0,0,0.0,0.0,,0.0,normalDay
2019-07-30,494.0,47.0,0.0,0,300.72,0.0,1,0.49,0.02,SPY190802P00271000,271.0,0,0.0,0.0,,0.0,normalDay
2019-07-31,494.0,42.0,0.0,0,297.43,0.0,1,0.49,0.07,SPY190802P00271000,271.0,0,0.0,0.0,,0.0,normalDay
2019-08-01,494.0,47.0,0.0,0,294.84,0.0,1,0.49,0.02,SPY190802P00271000,271.0,0,0.0,0.0,,0.0,normalDay
2019-08-02,543.0,0.0,49.0,0,292.62,0.0,1,0.49,0.0,SPY190802P00271000,271.0,0,0.0,0.0,,0.0,expirationDay
2019-08-05,543.0,-8.0,0.0,0,283.82,0.0,1,5.27,5.35,SPY190906P00278000,278.0,0,0.0,0.0,,0.0,normalDay
2019-08-06,543.0,212.0,0.0,0,287.8,0.0,1,5.27,3.15,SPY190906P00278000,278.0,0,0.0,0.0,,0.0,normalDay
2019-08-07,543.0,232.0,0.0,0,287.97,0.0,1,5.27,2.95,SPY190906P00278000,278.0,0,0.0,0.0,,0.0,normalDay
2019-08-08,543.0,378.0,0.0,0,293.62,0.0,1,5.27,1.49,SPY190906P00278000,278.0,0,0.0,0.0,,0.0,normalDay
2019-08-09,543.0,343.0,0.0,0,291.62,0.0,1,5.27,1.84,SPY190906P00278000,278.0,0,0.0,0.0,,0.0,normalDay
2019-08-12,543.0,239.0,0.0,0,288.07,0.0,1,5.27,2.88,SPY190906P00278000,278.0,0,0.0,0.0,,0.0,normalDay
2019-08-13,543.0,385.0,0.0,0,292.55,0.0,1,5.27,1.42,SPY190906P00278000,278.0,0,0.0,0.0,,0.0,normalDay
2019-08-14,543.0,144.0,0.0,0,283.9,0.0,1,5.27,3.83,SPY190906P00278000,278.0,0,0.0,0.0,,0.0,normalDay
2019-08-15,543.0,197.0,0.0,0,284.65,0.0,1,5.27,3.3,SPY190906P00278000,278.0,0,0.0,0.0,,0.0,normalDay
2019-08-16,543.0,348.0,0.0,0,288.85,0.0,1,5.27,1.79,SPY190906P00278000,278.0,0,0.0,0.0,,0.0,normalDay
2019-08-19,543.0,440.0,0.0,0,292.33,0.0,1,5.27,0.87,SPY190906P00278000,278.0,0,0.0,0.0,,0.0,normalDay
2019-08-20,543.0,411.0,0.0,0,290.09,0.0,1,5.27,1.16,SPY190906P00278000,278.0,0,0.0,0.0,,0.0,normalDay
2019-08-21,543.0,472.0,0.0,0,292.45,0.0,1,5.27,0.55,SPY190906P00278000,278.0,0,0.0,0.0,,0.0,normalDay
2019-08-22,543.0,463.0,0.0,0,292.36,0.0,1,5.27,0.64,SPY190906P00278000,278.0,0,0.0,0.0,,0.0,normalDay
2019-08-23,543.0,331.0,0.0,0,284.85,0.0,1,5.27,1.96,SPY190906P00278000,278.0,0,0.0,0.0,,0.0,normalDay
2019-08-26,543.0,425.0,0.0,0,288.0,0.0,1,5.27,1.02,SPY190906P00278000,278.0,0,0.0,0.0,,0.0,normalDay
2019-08-27,543.0,401.0,0.0,0,286.87,0.0,1,5.27,1.26,SPY190906P00278000,278.0,0,0.0,0.0,,0.0,normalDay
2019-08-28,543.0,457.0,0.0,0,288.89,0.0,1,5.27,0.7,SPY190906P00278000,278.0,0,0.0,0.0,,0.0,normalDay
2019-08-29,543.0,496.0,0.0,0,292.58,0.0,1,5.27,0.31,SPY190906P00278000,278.0,0,0.0,0.0,,0.0,normalDay
2019-08-30,543.0,499.0,0.0,0,292.45,0.0,1,5.27,0.28,SPY190906P00278000,278.0,0,0.0,0.0,,0.0,normalDay
2019-09-03,543.0,515.0,0.0,0,290.74,0.0,1,5.27,0.12,SPY190906P00278000,278.0,0,0.0,0.0,,0.0,normalDay
2019-09-04,543.0,524.0,0.0,0,294.04,0.0,1,5.27,0.03,SPY190906P00278000,278.0,0,0.0,0.0,,0.0,normalDay
2019-09-05,543.0,525.0,0.0,0,297.82,0.0,1,5.27,0.02,SPY190906P00278000,278.0,0,0.0,0.0,,0.0,normalDay
2019-09-06,1070.0,0.0,527.0,0,298.05,0.0,1,5.27,0.0,SPY190906P00278000,278.0,0,0.0,0.0,,0.0,expirationDay
2019-09-09,1070.0,-3.0,0.0,0,298.2,0.0,1,0.61,0.64,SPY191011P00270000,270.0,0,0.0,0.0,,0.0,normalDay
2019-09-10,1070.0,2.0,0.0,0,298.13,0.0,1,0.61,0.59,SPY191011P00270000,270.0,0,0.0,0.0,,0.0,normalDay
2019-09-11,1070.0,17.0,0.0,0,300.25,0.0,1,0.61,0.44,SPY191011P00270000,270.0,0,0.0,0.0,,0.0,normalDay
2019-09-12,1070.0,24.0,0.0,0,301.29,0.0,1,0.61,0.37,SPY191011P00270000,270.0,0,0.0,0.0,,0.0,normalDay
2019-09-13,1070.0,30.0,0.0,0,301.09,0.0,1,0.61,0.31,SPY191011P00270000,270.0,0,0.0,0.0,,0.0,normalDay
2019-09-16,1070.0,30.0,0.0,0,300.16,0.0,1,0.61,0.31,SPY191011P00270000,270.0,0,0.0,0.0,,0.0,normalDay
2019-09-17,1070.0,34.0,0.0,0,300.92,0.0,1,0.61,0.27,SPY191011P00270000,270.0,0,0.0,0.0,,0.0,normalDay
2019-09-18,1070.0,38.0,0.0,0,301.1,0.0,1,0.61,0.23,SPY191011P00270000,270.0,0,0.0,0.0,,0.0,normalDay
2019-09-19,1070.0,39.0,0.0,0,301.08,0.0,1,0.61,0.22,SPY191011P00270000,270.0,0,0.0,0.0,,0.0,normalDay
2019-09-20,1070.0,33.0,0.0,0,298.28,0.0,1,0.61,0.28,SPY191011P00270000,270.0,0,0.0,0.0,,0.0,normalDay
2019-09-23,1070.0,41.0,0.0,0,298.21,0.0,1,0.61,0.2,SPY191011P00270000,270.0,0,0.0,0.0,,0.0,normalDay
2019-09-24,1070.0,28.0,0.0,0,295.87,0.0,1,0.61,0.33,SPY191011P00270000,270.0,0,0.0,0.0,,0.0,normalDay
2019-09-25,1070.0,39.0,0.0,0,297.62,0.0,1,0.61,0.22,SPY191011P00270000,270.0,0,0.0,0.0,,0.0,normalDay
2019-09-26,1070.0,42.0,0.0,0,297.0,0.0,1,0.61,0.19,SPY191011P00270000,270.0,0,0.0,0.0,,0.0,normalDay
2019-09-27,1070.0,40.0,0.0,0,295.4,0.0,1,0.61,0.21,SPY191011P00270000,270.0,0,0.0,0.0,,0.0,normalDay
2019-09-30,1070.0,50.0,0.0,0,296.77,0.0,1,0.61,0.11,SPY191011P00270000,270.0,0,0.0,0.0,,0.0,normalDay
2019-10-01,1070.0,42.0,0.0,0,293.24,0.0,1,0.61,0.19,SPY191011P00270000,270.0,0,0.0,0.0,,0.0,normalDay
2019-10-02,1070.0,24.0,0.0,0,288.06,0.0,1,0.61,0.37,SPY191011P00270000,270.0,0,0.0,0.0,,0.0,normalDay
2019-10-03,1070.0,44.0,0.0,0,290.42,0.0,1,0.61,0.17,SPY191011P00270000,270.0,0,0.0,0.0,,0.0,normalDay
2019-10-04,1070.0,56.0,0.0,0,294.35,0.0,1,0.61,0.05,SPY191011P00270000,270.0,0,0.0,0.0,,0.0,normalDay
2019-10-07,1070.0,58.0,0.0,0,293.08,0.0,1,0.61,0.03,SPY191011P00270000,270.0,0,0.0,0.0,,0.0,normalDay
2019-10-08,1070.0,57.0,0.0,0,288.53,0.0,1,0.61,0.04,SPY191011P00270000,270.0,0,0.0,0.0,,0.0,normalDay
2019-10-09,1070.0,59.0,0.0,0,291.27,0.0,1,0.61,0.02,SPY191011P00270000,270.0,0,0.0,0.0,,0.0,normalDay
2019-10-10,1070.0,60.0,0.0,0,293.24,0.0,1,0.61,0.01,SPY191011P00270000,270.0,0,0.0,0.0,,0.0,normalDay
2019-10-11,1131.0,0.0,61.0,0,296.28,0.0,1,0.61,0.0,SPY191011P00270000,270.0,0,0.0,0.0,,0.0,expirationDay
2019-10-14,1131.0,-3.0,0.0,0,295.95,0.0,1,0.8,0.83,SPY191115P00276000,276.0,0,0.0,0.0,,0.0,normalDay
2019-10-15,1131.0,30.0,0.0,0,298.88,0.0,1,0.8,0.5,SPY191115P00276000,276.0,0,0.0,0.0,,0.0,normalDay
2019-10-16,1131.0,30.0,0.0,0,298.4,0.0,1,0.8,0.5,SPY191115P00276000,276.0,0,0.0,0.0,,0.0,normalDay
2019-10-17,1131.0,35.0,0.0,0,299.28,0.0,1,0.8,0.45,SPY191115P00276000,276.0,0,0.0,0.0,,0.0,normalDay
2019-10-18,1131.0,29.0,0.0,0,297.97,0.0,1,0.8,0.51,SPY191115P00276000,276.0,0,0.0,0.0,,0.0,normalDay
2019-10-21,1131.0,47.0,0.0,0,299.99,0.0,1,0.8,0.33,SPY191115P00276000,276.0,0,0.0,0.0,,0.0,normalDay
2019-10-22,1131.0,44.0,0.0,0,299.01,0.0,1,0.8,0.36,SPY191115P00276000,276.0,0,0.0,0.0,,0.0,normalDay
2019-10-23,1131.0,52.0,0.0,0,299.88,0.0,1,0.8,0.28,SPY191115P00276000,276.0,0,0.0,0.0,,0.0,normalDay
2019-10-24,1131.0,57.0,0.0,0,300.37,0.0,1,0.8,0.23,SPY191115P00276000,276.0,0,0.0,0.0,,0.0,normalDay
2019-10-25,1131.0,64.0,0.0,0,301.6,0.0,1,0.8,0.16,SPY191115P00276000,276.0,0,0.0,0.0,,0.0,normalDay
2019-10-28,1131.0,67.0,0.0,0,303.3,0.0,1,0.8,0.13,SPY191115P00276000,276.0,0,0.0,0.0,,0.0,normalDay
2019-10-29,1131.0,68.0,0.0,0,303.21,0.0,1,0.8,0.12,SPY191115P00276000,276.0,0,0.0,0.0,,0.0,normalDay
2019-10-30,1131.0,71.0,0.0,0,304.14,0.0,1,0.8,0.09,SPY191115P00276000,276.0,0,0.0,0.0,,0.0,normalDay
2019-10-31,1131.0,68.0,0.0,0,303.33,0.0,1,0.8,0.12,SPY191115P00276000,276.0,0,0.0,0.0,,0.0,normalDay
2019-11-01,1131.0,74.0,0.0,0,306.14,0.0,1,0.8,0.06,SPY191115P00276000,276.0,0,0.0,0.0,,0.0,normalDay
2019-11-04,1131.0,75.0,0.0,0,307.37,0.0,1,0.8,0.05,SPY191115P00276000,276.0,0,0.0,0.0,,0.0,normalDay
2019-11-05,1131.0,76.0,0.0,0,307.03,0.0,1,0.8,0.04,SPY191115P00276000,276.0,0,0.0,0.0,,0.0,normalDay
2019-11-06,1131.0,77.0,0.0,0,307.1,0.0,1,0.8,0.03,SPY191115P00276000,276.0,0,0.0,0.0,,0.0,normalDay
2019-11-07,1131.0,78.0,0.0,0,308.18,0.0,1,0.8,0.02,SPY191115P00276000,276.0,0,0.0,0.0,,0.0,normalDay
2019-11-08,1131.0,78.0,0.0,0,308.94,0.0,1,0.8,0.02,SPY191115P00276000,276.0,0,0.0,0.0,,0.0,normalDay
2019-11-11,1131.0,79.0,0.0,0,308.35,0.0,1,0.8,0.01,SPY191115P00276000,276.0,0,0.0,0.0,,0.0,normalDay
2019-11-12,1131.0,79.0,0.0,0,309.0,0.0,1,0.8,0.01,SPY191115P00276000,276.0,0,0.0,0.0,,0.0,normalDay
2019-11-13,1131.0,79.0,0.0,0,309.1,0.0,1,0.8,0.01,SPY191115P00276000,276.0,0,0.0,0.0,,0.0,normalDay
2019-11-14,1131.0,79.0,0.0,0,309.55,0.0,1,0.8,0.01,SPY191115P00276000,276.0,0,0.0,0.0,,0.0,normalDay
2019-11-15,1211.0,0.0,80.0,0,311.79,0.0,1,0.8,0.0,SPY191115P00276000,276.0,0,0.0,0.0,,0.0,expirationDay
2019-11-18,1211.0,-3.0,0.0,0,312.02,0.0,1,0.52,0.55,SPY191220P00287000,287.0,0,0.0,0.0,,0.0,normalDay
2019-11-19,1211.0,-7.0,0.0,0,311.93,0.0,1,0.52,0.59,SPY191220P00287000,287.0,0,0.0,0.0,,0.0,normalDay
2019-11-20,1211.0,-10.0,0.0,0,310.77,0.0,1,0.52,0.62,SPY191220P00287000,287.0,0,0.0,0.0,,0.0,normalDay
2019-11-21,1211.0,-8.0,0.0,0,310.27,0.0,1,0.52,0.6,SPY191220P00287000,287.0,0,0.0,0.0,,0.0,normalDay
2019-11-22,1211.0,5.0,0.0,0,310.96,0.0,1,0.52,0.47,SPY191220P00287000,287.0,0,0.0,0.0,,0.0,normalDay
2019-11-25,1211.0,21.0,0.0,0,313.37,0.0,1,0.52,0.31,SPY191220P00287000,287.0,0,0.0,0.0,,0.0,normalDay
2019-11-26,1211.0,25.0,0.0,0,314.08,0.0,1,0.52,0.27,SPY191220P00287000,287.0,0,0.0,0.0,,0.0,normalDay
2019-11-27,1211.0,29.0,0.0,0,315.48,0.0,1,0.52,0.23,SPY191220P00287000,287.0,0,0.0,0.0,,0.0,normalDay
2019-11-29,1211.0,23.0,0.0,0,314.31,0.0,1,0.52,0.29,SPY191220P00287000,287.0,0,0.0,0.0,,0.0,normalDay
2019-12-02,1211.0,8.0,0.0,0,311.64,0.0,1,0.52,0.44,SPY191220P00287000,287.0,0,0.0,0.0,,0.0,normalDay
2019-12-03,1211.0,-2.0,0.0,0,309.55,0.0,1,0.52,0.54,SPY191220P00287000,287.0,0,0.0,0.0,,0.0,normalDay
2019-12-04,1211.0,17.0,0.0,0,311.46,0.0,1,0.52,0.35,SPY191220P00287000,287.0,0,0.0,0.0,,0.0,normalDay
2019-12-05,1211.0,26.0,0.0,0,312.02,0.0,1,0.52,0.26,SPY191220P00287000,287.0,0,0.0,0.0,,0.0,normalDay
2019-12-06,1211.0,35.0,0.0,0,314.87,0.0,1,0.52,0.17,SPY191220P00287000,287.0,0,0.0,0.0,,0.0,normalDay
2019-12-09,1211.0,24.0,0.0,0,313.88,0.0,1,0.52,0.28,SPY191220P00287000,287.0,0,0.0,0.0,,0.0,normalDay
2019-12-10,1211.0,29.0,0.0,0,313.53,0.0,1,0.52,0.23,SPY191220P00287000,287.0,0,0.0,0.0,,0.0,normalDay
2019-12-11,1211.0,36.0,0.0,0,314.42,0.0,1,0.52,0.16,SPY191220P00287000,287.0,0,0.0,0.0,,0.0,normalDay
2019-12-12,1211.0,40.0,0.0,0,317.13,0.0,1,0.52,0.12,SPY191220P00287000,287.0,0,0.0,0.0,,0.0,normalDay
2019-12-13,1211.0,43.0,0.0,0,317.32,0.0,1,0.52,0.09,SPY191220P00287000,287.0,0,0.0,0.0,,0.0,normalDay
2019-12-16,1211.0,47.0,0.0,0,319.5,0.0,1,0.52,0.05,SPY191220P00287000,287.0,0,0.0,0.0,,0.0,normalDay
2019-12-17,1211.0,49.0,0.0,0,319.57,0.0,1,0.52,0.03,SPY191220P00287000,287.0,0,0.0,0.0,,0.0,normalDay
2019-12-18,1211.0,50.0,0.0,0,319.59,0.0,1,0.52,0.02,SPY191220P00287000,287.0,0,0.0,0.0,,0.0,normalDay
2019-12-19,1211.0,51.0,0.0,0,320.9,0.0,1,0.52,0.01,SPY191220P00287000,287.0,0,0.0,0.0,,0.0,normalDay
2019-12-20,1263.0,0.0,52.0,0,320.73,0.0,1,0.52,0.0,SPY191220P00287000,287.0,0,0.0,0.0,,0.0,expirationDay
2019-12-23,1263.0,-4.0,0.0,0,321.22,0.0,1,0.63,0.67,SPY200124P00298500,298.5,0,0.0,0.0,,0.0,normalDay
2019-12-24,1263.0,-1.0,0.0,0,321.23,0.0,1,0.63,0.64,SPY200124P00298500,298.5,0,0.0,0.0,,0.0,normalDay
2019-12-26,1263.0,13.0,0.0,0,322.94,0.0,1,0.63,0.5,SPY200124P00298500,298.5,0,0.0,0.0,,0.0,normalDay
2019-12-27,1263.0,9.0,0.0,0,322.86,0.0,1,0.63,0.54,SPY200124P00298500,298.5,0,0.0,0.0,,0.0,normalDay
2019-12-30,1263.0,0.0,0.0,0,321.08,0.0,1,0.63,0.63,SPY200124P00298500,298.5,0,0.0,0.0,,0.0,normalDay
2019-12-31,1263.0,14.0,0.0,0,321.86,0.0,1,0.63,0.49,SPY200124P00298500,298.5,0,0.0,0.0,,0.0,normalDay
2020-01-02,1263.0,39.0,0.0,0,324.87,0.0,1,0.63,0.24,SPY200124P00298500,298.5,0,0.0,0.0,,0.0,normalDay
2020-01-03,1263.0,26.0,0.0,0,322.41,0.0,1,0.63,0.37,SPY200124P00298500,298.5,0,0.0,0.0,,0.0,normalDay
2020-01-06,1263.0,42.0,0.0,0,323.64,0.0,1,0.63,0.21,SPY200124P00298500,298.5,0,0.0,0.0,,0.0,normalDay
2020-01-07,1263.0,42.0,0.0,0,322.73,0.0,1,0.63,0.21,SPY200124P00298500,298.5,0,0.0,0.0,,0.0,normalDay
2020-01-08,1263.0,45.0,0.0,0,324.45,0.0,1,0.63,0.18,SPY200124P00298500,298.5,0,0.0,0.0,,0.0,normalDay
2020-01-09,1263.0,52.0,0.0,0,326.65,0.0,1,0.63,0.11,SPY200124P00298500,298.5,0,0.0,0.0,,0.0,normalDay
2020-01-10,1263.0,55.0,0.0,0,325.71,0.0,1,0.63,0.08,SPY200124P00298500,298.5,0,0.0,0.0,,0.0,normalDay
2020-01-13,1263.0,59.0,0.0,0,327.95,0.0,1,0.63,0.04,SPY200124P00298500,298.5,0,0.0,0.0,,0.0,normalDay
2020-01-14,1263.0,59.0,0.0,0,327.45,0.0,1,0.63,0.04,SPY200124P00298500,298.5,0,0.0,0.0,,0.0,normalDay
2020-01-15,1263.0,59.0,0.0,0,328.19,0.0,1,0.63,0.04,SPY200124P00298500,298.5,0,0.0,0.0,,0.0,normalDay
2020-01-16,1263.0,60.0,0.0,0,330.92,0.0,1,0.63,0.03,SPY200124P00298500,298.5,0,0.0,0.0,,0.0,normalDay
2020-01-17,1263.0,62.0,0.0,0,331.95,0.0,1,0.63,0.01,SPY200124P00298500,298.5,0,0.0,0.0,,0.0,normalDay
2020-01-21,1263.0,62.0,0.0,0,331.3,0.0,1,0.63,0.01,SPY200124P00298500,298.5,0,0.0,0.0,,0.0,normalDay
2020-01-22,1263.0,62.0,0.0,0,331.34,0.0,1,0.63,0.01,SPY200124P00298500,298.5,0,0.0,0.0,,0.0,normalDay
2020-01-23,1263.0,62.0,0.0,0,331.72,0.0,1,0.63,0.01,SPY200124P00298500,298.5,0,0.0,0.0,,0.0,normalDay
2020-01-24,1326.0,0.0,63.0,0,328.77,0.0,1,0.63,0.0,SPY200124P00298500,298.5,0,0.0,0.0,,0.0,expirationDay
2020-01-27,1326.0,-4.0,0.0,0,323.5,0.0,1,2.46,2.5,SPY200228P00309000,309.0,0,0.0,0.0,,0.0,normalDay
2020-01-28,1326.0,93.0,0.0,0,326.89,0.0,1,2.46,1.53,SPY200228P00309000,309.0,0,0.0,0.0,,0.0,normalDay
2020-01-29,1326.0,94.0,0.0,0,326.62,0.0,1,2.46,1.52,SPY200228P00309000,309.0,0,0.0,0.0,,0.0,normalDay
2020-01-30,1326.0,136.0,0.0,0,327.68,0.0,1,2.46,1.1,SPY200228P00309000,309.0,0,0.0,0.0,,0.0,normalDay
2020-01-31,1326.0,13.0,0.0,0,321.73,0.0,1,2.46,2.33,SPY200228P00309000,309.0,0,0.0,0.0,,0.0,normalDay
2020-02-03,1326.0,74.0,0.0,0,324.12,0.0,1,2.46,1.72,SPY200228P00309000,309.0,0,0.0,0.0,,0.0,normalDay
2020-02-04,1326.0,168.0,0.0,0,329.06,0.0,1,2.46,0.78,SPY200228P00309000,309.0,0,0.0,0.0,,0.0,normalDay
2020-02-05,1326.0,201.0,0.0,0,332.86,0.0,1,2.46,0.45,SPY200228P00309000,309.0,0,0.0,0.0,,0.0,normalDay
2020-02-06,1326.0,203.0,0.0,0,333.98,0.0,1,2.46,0.43,SPY200228P00309000,309.0,0,0.0,0.0,,0.0,normalDay
2020-02-07,1326.0,197.0,0.0,0,332.2,0.0,1,2.46,0.49,SPY200228P00309000,309.0,0,0.0,0.0,,0.0,normalDay
2020-02-10,1326.0,217.0,0.0,0,334.68,0.0,1,2.46,0.29,SPY200228P00309000,309.0,0,0.0,0.0,,0.0,normalDay
2020-02-11,1326.0,218.0,0.0,0,335.26,0.0,1,2.46,0.28,SPY200228P00309000,309.0,0,0.0,0.0,,0.0,normalDay
2020-02-12,1326.0,230.0,0.0,0,337.42,0.0,1,2.46,0.16,SPY200228P00309000,309.0,0,0.0,0.0,,0.0,normalDay
2020-02-13,1326.0,229.0,0.0,0,337.06,0.0,1,2.46,0.17,SPY200228P00309000,309.0,0,0.0,0.0,,0.0,normalDay
2020-02-14,1326.0,234.0,0.0,0,337.6,0.0,1,2.46,0.12,SPY200228P00309000,309.0,0,0.0,0.0,,0.0,normalDay
2020-02-18,1326.0,237.0,0.0,0,336.73,0.0,1,2.46,0.09,SPY200228P00309000,309.0,0,0.0,0.0,,0.0,normalDay
2020-02-19,1326.0,239.0,0.0,0,338.34,0.0,1,2.46,0.07,SPY200228P00309000,309.0,0,0.0,0.0,,0.0,normalDay
2020-02-20,1326.0,239.0,0.0,0,336.95,0.0,1,2.46,0.07,SPY200228P00309000,309.0,0,0.0,0.0,,0.0,normalDay
2020-02-21,1326.0,240.0,0.0,0,333.48,0.0,1,2.46,0.06,SPY200228P00309000,309.0,0,0.0,0.0,,0.0,normalDay
2020-02-24,1326.0,112.0,0.0,0,322.42,0.0,1,2.46,1.34,SPY200228P00309000,309.0,0,0.0,0.0,,0.0,normalDay
2020-02-25,1326.0,-34.0,0.0,0,312.65,0.0,1,2.46,2.8,SPY200228P00309000,309.0,0,0.0,0.0,,0.0,normalDay
2020-02-26,1326.0,-4.0,0.0,0,311.5,0.0,1,2.46,2.5,SPY200228P00309000,309.0,0,0.0,0.0,,0.0,normalDay
2020-02-27,1326.0,-966.0,0.0,0,297.51,0.0,1,2.46,12.12,SPY200228P00309000,309.0,0,0.0,0.0,,0.0,normalDay
2020-02-28,1572.0,-1274.0,246.0,100,296.26,309.0,1,2.46,0.0,SPY200228P00309000,309.0,0,0.0,0.0,,0.0,expirationDay
2020-03-02,1572.0,-3.0,0.0,100,309.09,309.0,0,0.0,0.0,,0.0,1,3.41,3.53,SPY200515C00328000,328.0,normalDay
2020-03-03,1572.0,-764.0,0.0,100,300.24,309.0,0,0.0,0.0,,0.0,1,3.41,2.29,SPY200515C00328000,328.0,normalDay
2020-03-04,1572.0,260.0,0.0,100,312.86,309.0,0,0.0,0.0,,0.0,1,3.41,4.67,SPY200515C00328000,328.0,normalDay
2020-03-05,1572.0,-629.0,0.0,100,302.46,309.0,0,0.0,0.0,,0.0,1,3.41,3.16,SPY200515C00328000,328.0,normalDay
2020-03-06,1572.0,-1073.0,0.0,100,297.46,309.0,0,0.0,0.0,,0.0,1,3.41,2.6,SPY200515C00328000,328.0,normalDay
2020-03-09,1572.0,-3258.0,0.0,100,274.23,309.0,0,0.0,0.0,,0.0,1,3.41,1.22,SPY200515C00328000,328.0,normalDay
2020-03-10,1572.0,-1899.0,0.0,100,288.42,309.0,0,0.0,0.0,,0.0,1,3.41,1.82,SPY200515C00328000,328.0,normalDay
2020-03-11,1572.0,-3219.0,0.0,100,274.36,309.0,0,0.0,0.0,,0.0,1,3.41,0.96,SPY200515C00328000,328.0,normalDay
2020-03-12,1572.0,-5793.0,0.0,100,248.11,309.0,0,0.0,0.0,,0.0,1,3.41,0.45,SPY200515C00328000,328.0,normalDay
2020-03-13,1572.0,-3689.0,0.0,100,269.32,309.0,0,0.0,0.0,,0.0,1,3.41,0.62,SPY200515C00328000,328.0,normalDay
2020-03-16,1572.0,-6622.0,0.0,100,239.85,309.0,0,0.0,0.0,,0.0,1,3.41,0.48,SPY200515C00328000,328.0,normalDay
2020-03-17,1572.0,-5340.0,0.0,100,252.8,309.0,0,0.0,0.0,,0.0,1,3.41,0.61,SPY200515C00328000,328.0,normalDay
2020-03-18,1572.0,-6599.0,0.0,100,240.0,309.0,0,0.0,0.0,,0.0,1,3.41,0.4,SPY200515C00328000,328.0,normalDay
2020-03-19,1572.0,-6535.0,0.0,100,240.51,309.0,0,0.0,0.0,,0.0,1,3.41,0.27,SPY200515C00328000,328.0,normalDay
2020-03-20,1572.0,-7696.0,0.0,100,228.8,309.0,0,0.0,0.0,,0.0,1,3.41,0.17,SPY200515C00328000,328.0,normalDay
2020-03-23,1572.0,-8282.0,0.0,100,222.95,309.0,0,0.0,0.0,,0.0,1,3.41,0.18,SPY200515C00328000,328.0,normalDay
2020-03-24,1572.0,-6285.0,0.0,100,243.15,309.0,0,0.0,0.0,,0.0,1,3.41,0.41,SPY200515C00328000,328.0,normalDay
2020-03-25,1572.0,-5915.0,0.0,100,246.79,309.0,0,0.0,0.0,,0.0,1,3.41,0.35,SPY200515C00328000,328.0,normalDay
2020-03-26,1572.0,-4483.0,0.0,100,261.2,309.0,0,0.0,0.0,,0.0,1,3.41,0.44,SPY200515C00328000,328.0,normalDay
2020-03-27,1572.0,-5241.0,0.0,100,253.42,309.0,0,0.0,0.0,,0.0,1,3.41,0.24,SPY200515C00328000,328.0,normalDay
2020-03-30,1572.0,-4421.0,0.0,100,261.65,309.0,0,0.0,0.0,,0.0,1,3.41,0.27,SPY200515C00328000,328.0,normalDay
2020-03-31,1572.0,-4796.0,0.0,100,257.75,309.0,0,0.0,0.0,,0.0,1,3.41,0.12,SPY200515C00328000,328.0,normalDay
2020-04-01,1572.0,-5953.0,0.0,100,246.15,309.0,0,0.0,0.0,,0.0,1,3.41,0.09,SPY200515C00328000,328.0,normalDay
2020-04-02,1572.0,-5385.0,0.0,100,251.83,309.0,0,0.0,0.0,,0.0,1,3.41,0.09,SPY200515C00328000,328.0,normalDay
2020-04-03,1572.0,-5747.0,0.0,100,248.19,309.0,0,0.0,0.0,,0.0,1,3.41,0.07,SPY200515C00328000,328.0,normalDay
2020-04-06,1572.0,-4086.0,0.0,100,264.86,309.0,0,0.0,0.0,,0.0,1,3.41,0.13,SPY200515C00328000,328.0,normalDay
2020-04-07,1572.0,-4057.0,0.0,100,265.13,309.0,0,0.0,0.0,,0.0,1,3.41,0.11,SPY200515C00328000,328.0,normalDay
2020-04-08,1572.0,-3173.0,0.0,100,274.03,309.0,0,0.0,0.0,,0.0,1,3.41,0.17,SPY200515C00328000,328.0,normalDay
2020-04-09,1572.0,-2761.0,0.0,100,278.2,309.0,0,0.0,0.0,,0.0,1,3.41,0.22,SPY200515C00328000,328.0,normalDay
2020-04-13,1572.0,-3006.0,0.0,100,275.66,309.0,0,0.0,0.0,,0.0,1,3.41,0.13,SPY200515C00328000,328.0,normalDay
2020-04-14,1572.0,-2202.0,0.0,100,283.79,309.0,0,0.0,0.0,,0.0,1,3.41,0.22,SPY200515C00328000,328.0,normalDay
2020-04-15,1572.0,-2796.0,0.0,100,277.76,309.0,0,0.0,0.0,,0.0,1,3.41,0.13,SPY200515C00328000,328.0,normalDay
2020-04-16,1572.0,-2660.0,0.0,100,279.1,309.0,0,0.0,0.0,,0.0,1,3.41,0.11,SPY200515C00328000,328.0,normalDay
2020-04-17,1572.0,-1913.0,0.0,100,286.64,309.0,0,0.0,0.0,,0.0,1,3.41,0.18,SPY200515C00328000,328.0,normalDay
2020-04-20,1572.0,-2410.0,0.0,100,281.59,309.0,0,0.0,0.0,,0.0,1,3.41,0.1,SPY200515C00328000,328.0,normalDay
2020-04-21,1572.0,-3261.0,0.0,100,273.04,309.0,0,0.0,0.0,,0.0,1,3.41,0.06,SPY200515C00328000,328.0,normalDay
2020-04-22,1572.0,-2655.0,0.0,100,279.1,309.0,0,0.0,0.0,,0.0,1,3.41,0.06,SPY200515C00328000,328.0,normalDay
2020-04-23,1572.0,-2656.0,0.0,100,279.08,309.0,0,0.0,0.0,,0.0,1,3.41,0.05,SPY200515C00328000,328.0,normalDay
2020-04-24,1572.0,-2267.0,0.0,100,282.97,309.0,0,0.0,0.0,,0.0,1,3.41,0.05,SPY200515C00328000,328.0,normalDay
2020-04-27,1572.0,-1859.0,0.0,100,287.05,309.0,0,0.0,0.0,,0.0,1,3.41,0.05,SPY200515C00328000,328.0,normalDay
2020-04-28,1572.0,-1991.0,0.0,100,285.73,309.0,0,0.0,0.0,,0.0,1,3.41,0.05,SPY200515C00328000,328.0,normalDay
2020-04-29,1572.0,-1245.0,0.0,100,293.21,309.0,0,0.0,0.0,,0.0,1,3.41,0.07,SPY200515C00328000,328.0,normalDay
2020-04-30,1572.0,-1517.0,0.0,100,290.48,309.0,0,0.0,0.0,,0.0,1,3.41,0.06,SPY200515C00328000,328.0,normalDay
2020-05-01,1572.0,-2282.0,0.0,100,282.79,309.0,0,0.0,0.0,,0.0,1,3.41,0.02,SPY200515C00328000,328.0,normalDay
2020-05-04,1572.0,-2204.0,0.0,100,283.57,309.0,0,0.0,0.0,,0.0,1,3.41,0.02,SPY200515C00328000,328.0,normalDay
2020-05-05,1572.0,-1941.0,0.0,100,286.19,309.0,0,0.0,0.0,,0.0,1,3.41,0.01,SPY200515C00328000,328.0,normalDay
2020-05-06,1572.0,-2135.0,0.0,100,284.25,309.0,0,0.0,0.0,,0.0,1,3.41,0.01,SPY200515C00328000,328.0,normalDay
2020-05-07,1572.0,-1792.0,0.0,100,287.68,309.0,0,0.0,0.0,,0.0,1,3.41,0.01,SPY200515C00328000,328.0,normalDay
2020-05-08,1572.0,-1316.0,0.0,100,292.44,309.0,0,0.0,0.0,,0.0,1,3.41,0.01,SPY200515C00328000,328.0,normalDay
2020-05-11,1572.0,-1311.0,0.0,100,292.5,309.0,0,0.0,0.0,,0.0,1,3.41,0.02,SPY200515C00328000,328.0,normalDay
2020-05-12,1572.0,-1893.0,0.0,100,286.67,309.0,0,0.0,0.0,,0.0,1,3.41,0.01,SPY200515C00328000,328.0,normalDay
2020-05-13,1572.0,-2400.0,0.0,100,281.6,309.0,0,0.0,0.0,,0.0,1,3.41,0.01,SPY200515C00328000,328.0,normalDay
2020-05-14,1572.0,-2063.0,0.0,100,284.97,309.0,0,0.0,0.0,,0.0,1,3.41,0.01,SPY200515C00328000,328.0,normalDay
2020-05-15,1913.0,-2272.0,341.0,100,286.28,309.0,0,0.0,0.0,,0.0,1,3.41,0.0,SPY200515C00328000,328.0,expirationDay
2020-05-18,1913.0,-1411.0,0.0,100,295.0,309.0,0,0.0,0.0,,0.0,1,17.13,17.24,SPY200717C00286000,286.0,normalDay
2020-05-19,1913.0,-1555.0,0.0,100,291.97,309.0,0,0.0,0.0,,0.0,1,17.13,15.65,SPY200717C00286000,286.0,normalDay
2020-05-20,1913.0,-1347.0,0.0,100,296.93,309.0,0,0.0,0.0,,0.0,1,17.13,18.53,SPY200717C00286000,286.0,normalDay
2020-05-21,1913.0,-1397.0,0.0,100,294.88,309.0,0,0.0,0.0,,0.0,1,17.13,16.98,SPY200717C00286000,286.0,normalDay
2020-05-22,1913.0,-1377.0,0.0,100,295.44,309.0,0,0.0,0.0,,0.0,1,17.13,17.34,SPY200717C00286000,286.0,normalDay
2020-05-26,1913.0,-1221.0,0.0,100,299.08,309.0,0,0.0,0.0,,0.0,1,17.13,19.42,SPY200717C00286000,286.0,normalDay
2020-05-27,1913.0,-1085.0,0.0,100,303.53,309.0,0,0.0,0.0,,0.0,1,17.13,22.51,SPY200717C00286000,286.0,normalDay
2020-05-28,1913.0,-1178.0,0.0,100,302.97,309.0,0,0.0,0.0,,0.0,1,17.13,22.88,SPY200717C00286000,286.0,normalDay
2020-05-29,1913.0,-1108.0,0.0,100,304.32,309.0,0,0.0,0.0,,0.0,1,17.13,23.53,SPY200717C00286000,286.0,normalDay
2020-06-01,1913.0,-999.0,0.0,100,305.55,309.0,0,0.0,0.0,,0.0,1,17.13,23.67,SPY200717C00286000,286.0,normalDay
2020-06-02,1913.0,-906.0,0.0,100,308.08,309.0,0,0.0,0.0,,0.0,1,17.13,25.27,SPY200717C00286000,286.0,normalDay
2020-06-03,1913.0,-835.0,0.0,100,312.18,309.0,0,0.0,0.0,,0.0,1,17.13,28.66,SPY200717C00286000,286.0,normalDay
2020-06-04,1913.0,-845.0,0.0,100,311.36,309.0,0,0.0,0.0,,0.0,1,17.13,27.94,SPY200717C00286000,286.0,normalDay
2020-06-05,1913.0,-731.0,0.0,100,319.34,309.0,0,0.0,0.0,,0.0,1,17.13,34.78,SPY200717C00286000,286.0,normalDay
2020-06-08,1913.0,-663.0,0.0,100,323.2,309.0,0,0.0,0.0,,0.0,1,17.13,37.96,SPY200717C00286000,286.0,normalDay
2020-06-09,1913.0,-802.0,0.0,100,320.79,309.0,0,0.0,0.0,,0.0,1,17.13,36.94,SPY200717C00286000,286.0,normalDay
2020-06-10,1913.0,-715.0,0.0,100,319.0,309.0,0,0.0,0.0,,0.0,1,17.13,34.28,SPY200717C00286000,286.0,normalDay
2020-06-11,1913.0,-1354.0,0.0,100,300.61,309.0,0,0.0,0.0,,0.0,1,17.13,22.28,SPY200717C00286000,286.0,normalDay
2020-06-12,1913.0,-1071.0,0.0,100,304.21,309.0,0,0.0,0.0,,0.0,1,17.13,23.05,SPY200717C00286000,286.0,normalDay
2020-06-15,1913.0,-991.0,0.0,100,307.05,309.0,0,0.0,0.0,,0.0,1,17.13,25.09,SPY200717C00286000,286.0,normalDay
2020-06-16,1913.0,-853.0,0.0,100,312.96,309.0,0,0.0,0.0,,0.0,1,17.13,29.62,SPY200717C00286000,286.0,normalDay
2020-06-17,1913.0,-885.0,0.0,100,311.66,309.0,0,0.0,0.0,,0.0,1,17.13,28.64,SPY200717C00286000,286.0,normalDay
2020-06-18,1913.0,-812.0,0.0,100,311.78,309.0,0,0.0,0.0,,0.0,1,17.13,28.03,SPY200717C00286000,286.0,normalDay
2020-06-19,1913.0,-874.0,0.0,100,308.64,309.0,0,0.0,0.0,,0.0,1,17.13,25.51,SPY200717C00286000,286.0,normalDay
2020-06-22,1913.0,-895.0,0.0,100,310.62,309.0,0,0.0,0.0,,0.0,1,17.13,27.7,SPY200717C00286000,286.0,normalDay
2020-06-23,1913.0,-831.0,0.0,100,312.05,309.0,0,0.0,0.0,,0.0,1,17.13,28.49,SPY200717C00286000,286.0,normalDay
2020-06-24,1913.0,-1026.0,0.0,100,304.09,309.0,0,0.0,0.0,,0.0,1,17.13,22.48,SPY200717C00286000,286.0,normalDay
2020-06-25,1913.0,-909.0,0.0,100,307.35,309.0,0,0.0,0.0,,0.0,1,17.13,24.57,SPY200717C00286000,286.0,normalDay
2020-06-26,1913.0,-1119.0,0.0,100,300.05,309.0,0,0.0,0.0,,0.0,1,17.13,19.37,SPY200717C00286000,286.0,normalDay
2020-06-29,1913.0,-869.0,0.0,100,304.46,309.0,0,0.0,0.0,,0.0,1,17.13,21.28,SPY200717C00286000,286.0,normalDay
2020-06-30,1913.0,-763.0,0.0,100,308.36,309.0,0,0.0,0.0,,0.0,1,17.13,24.12,SPY200717C00286000,286.0,normalDay
2020-07-01,1913.0,-709.0,0.0,100,310.52,309.0,0,0.0,0.0,,0.0,1,17.13,25.74,SPY200717C00286000,286.0,normalDay
2020-07-02,1913.0,-715.0,0.0,100,312.23,309.0,0,0.0,0.0,,0.0,1,17.13,27.51,SPY200717C00286000,286.0,normalDay
2020-07-06,1913.0,-624.0,0.0,100,317.05,309.0,0,0.0,0.0,,0.0,1,17.13,31.42,SPY200717C00286000,286.0,normalDay
2020-07-07,1913.0,-643.0,0.0,100,313.78,309.0,0,0.0,0.0,,0.0,1,17.13,28.34,SPY200717C00286000,286.0,normalDay
2020-07-08,1913.0,-628.0,0.0,100,316.18,309.0,0,0.0,0.0,,0.0,1,17.13,30.59,SPY200717C00286000,286.0,normalDay
2020-07-09,1913.0,-628.0,0.0,100,314.38,309.0,0,0.0,0.0,,0.0,1,17.13,28.79,SPY200717C00286000,286.0,normalDay
2020-07-10,1913.0,-621.0,0.0,100,317.59,309.0,0,0.0,0.0,,0.0,1,17.13,31.93,SPY200717C00286000,286.0,normalDay
2020-07-13,1913.0,-591.0,0.0,100,314.84,309.0,0,0.0,0.0,,0.0,1,17.13,28.88,SPY200717C00286000,286.0,normalDay
2020-07-14,1913.0,-561.0,0.0,100,318.92,309.0,0,0.0,0.0,,0.0,1,17.13,32.66,SPY200717C00286000,286.0,normalDay
2020-07-15,1913.0,-586.0,0.0,100,321.85,309.0,0,0.0,0.0,,0.0,1,17.13,35.84,SPY200717C00286000,286.0,normalDay
2020-07-16,1913.0,-484.0,0.0,100,320.79,309.0,0,0.0,0.0,,0.0,1,17.13,33.76,SPY200717C00286000,286.0,normalDay
2020-07-17,1326.0,-484.0,-587.0,0,321.72,0.0,0,0.0,0.0,,0.0,1,17.13,0.0,SPY200717C00286000,286.0,expirationDay
2020-07-20,1326.0,-3.0,0.0,0,324.32,0.0,1,1.02,1.05,SPY200821P00282000,282.0,0,0.0,0.0,,0.0,normalDay
2020-07-21,1326.0,-2.0,0.0,0,325.01,0.0,1,1.02,1.04,SPY200821P00282000,282.0,0,0.0,0.0,,0.0,normalDay
2020-07-22,1326.0,12.0,0.0,0,326.86,0.0,1,1.02,0.9,SPY200821P00282000,282.0,0,0.0,0.0,,0.0,normalDay
2020-07-23,1326.0,-17.0,0.0,0,322.96,0.0,1,1.02,1.19,SPY200821P00282000,282.0,0,0.0,0.0,,0.0,normalDay
2020-07-24,1326.0,-4.0,0.0,0,320.88,0.0,1,1.02,1.06,SPY200821P00282000,282.0,0,0.0,0.0,,0.0,normalDay
2020-07-27,1326.0,29.0,0.0,0,323.22,0.0,1,1.02,0.73,SPY200821P00282000,282.0,0,0.0,0.0,,0.0,normalDay
2020-07-28,1326.0,22.0,0.0,0,321.17,0.0,1,1.02,0.8,SPY200821P00282000,282.0,0,0.0,0.0,,0.0,normalDay
2020-07-29,1326.0,47.0,0.0,0,325.12,0.0,1,1.02,0.55,SPY200821P00282000,282.0,0,0.0,0.0,,0.0,normalDay
2020-07-30,1326.0,45.0,0.0,0,323.96,0.0,1,1.02,0.57,SPY200821P00282000,282.0,0,0.0,0.0,,0.0,normalDay
2020-07-31,1326.0,61.0,0.0,0,326.52,0.0,1,1.02,0.41,SPY200821P00282000,282.0,0,0.0,0.0,,0.0,normalDay
2020-08-03,1326.0,72.0,0.0,0,328.79,0.0,1,1.02,0.3,SPY200821P00282000,282.0,0,0.0,0.0,,0.0,normalDay
2020-08-04,1326.0,77.0,0.0,0,330.06,0.0,1,1.02,0.25,SPY200821P00282000,282.0,0,0.0,0.0,,0.0,normalDay
2020-08-05,1326.0,82.0,0.0,0,332.11,0.0,1,1.02,0.2,SPY200821P00282000,282.0,0,0.0,0.0,,0.0,normalDay
2020-08-06,1326.0,83.0,0.0,0,334.33,0.0,1,1.02,0.19,SPY200821P00282000,282.0,0,0.0,0.0,,0.0,normalDay
2020-08-07,1326.0,87.0,0.0,0,334.57,0.0,1,1.02,0.15,SPY200821P00282000,282.0,0,0.0,0.0,,0.0,normalDay
2020-08-10,1326.0,92.0,0.0,0,335.57,0.0,1,1.02,0.1,SPY200821P00282000,282.0,0,0.0,0.0,,0.0,normalDay
2020-08-11,1326.0,88.0,0.0,0,332.8,0.0,1,1.02,0.14,SPY200821P00282000,282.0,0,0.0,0.0,,0.0,normalDay
2020-08-12,1326.0,95.0,0.0,0,337.44,0.0,1,1.02,0.07,SPY200821P00282000,282.0,0,0.0,0.0,,0.0,normalDay
2020-08-13,1326.0,96.0,0.0,0,336.83,0.0,1,1.02,0.06,SPY200821P00282000,282.0,0,0.0,0.0,,0.0,normalDay
2020-08-14,1326.0,98.0,0.0,0,336.84,0.0,1,1.02,0.04,SPY200821P00282000,282.0,0,0.0,0.0,,0.0,normalDay
2020-08-17,1326.0,100.0,0.0,0,337.91,0.0,1,1.02,0.02,SPY200821P00282000,282.0,0,0.0,0.0,,0.0,normalDay
2020-08-18,1326.0,100.0,0.0,0,338.64,0.0,1,1.02,0.02,SPY200821P00282000,282.0,0,0.0,0.0,,0.0,normalDay
2020-08-19,1326.0,99.0,0.0,0,337.23,0.0,1,1.02,0.03,SPY200821P00282000,282.0,0,0.0,0.0,,0.0,normalDay
2020-08-20,1326.0,101.0,0.0,0,338.28,0.0,1,1.02,0.01,SPY200821P00282000,282.0,0,0.0,0.0,,0.0,normalDay
2020-08-21,1428.0,0.0,102.0,0,339.48,0.0,1,1.02,0.0,SPY200821P00282000,282.0,0,0.0,0.0,,0.0,expirationDay
2020-08-24,1428.0,-3.0,0.0,0,342.92,0.0,1,1.39,1.42,SPY200925P00305000,305.0,0,0.0,0.0,,0.0,normalDay
2020-08-25,1428.0,15.0,0.0,0,344.12,0.0,1,1.39,1.24,SPY200925P00305000,305.0,0,0.0,0.0,,0.0,normalDay
2020-08-26,1428.0,22.0,0.0,0,347.57,0.0,1,1.39,1.17,SPY200925P00305000,305.0,0,0.0,0.0,,0.0,normalDay
2020-08-27,1428.0,19.0,0.0,0,348.33,0.0,1,1.39,1.2,SPY200925P00305000,305.0,0,0.0,0.0,,0.0,normalDay
2020-08-28,1428.0,49.0,0.0,0,350.58,0.0,1,1.39,0.9,SPY200925P00305000,305.0,0,0.0,0.0,,0.0,normalDay
2020-08-31,1428.0,25.0,0.0,0,349.31,0.0,1,1.39,1.14,SPY200925P00305000,305.0,0,0.0,0.0,,0.0,normalDay
2020-09-01,1428.0,43.0,0.0,0,352.6,0.0,1,1.39,0.96,SPY200925P00305000,305.0,0,0.0,0.0,,0.0,normalDay
2020-09-02,1428.0,64.0,0.0,0,357.7,0.0,1,1.39,0.75,SPY200925P00305000,305.0,0,0.0,0.0,,0.0,normalDay
2020-09-03,1428.0,-34.0,0.0,0,345.39,0.0,1,1.39,1.73,SPY200925P00305000,305.0,0,0.0,0.0,,0.0,normalDay
2020-09-04,1428.0,-28.0,0.0,0,342.57,0.0,1,1.39,1.67,SPY200925P00305000,305.0,0,0.0,0.0,,0.0,normalDay
2020-09-08,1428.0,-55.0,0.0,0,333.21,0.0,1,1.39,1.94,SPY200925P00305000,305.0,0,0.0,0.0,,0.0,normalDay
2020-09-09,1428.0,31.0,0.0,0,339.79,0.0,1,1.39,1.08,SPY200925P00305000,305.0,0,0.0,0.0,,0.0,normalDay
2020-09-10,1428.0,-2.0,0.0,0,333.89,0.0,1,1.39,1.41,SPY200925P00305000,305.0,0,0.0,0.0,,0.0,normalDay
2020-09-11,1428.0,52.0,0.0,0,334.06,0.0,1,1.39,0.87,SPY200925P00305000,305.0,0,0.0,0.0,,0.0,normalDay
2020-09-14,1428.0,102.0,0.0,0,338.46,0.0,1,1.39,0.37,SPY200925P00305000,305.0,0,0.0,0.0,,0.0,normalDay
2020-09-15,1428.0,110.0,0.0,0,340.17,0.0,1,1.39,0.29,SPY200925P00305000,305.0,0,0.0,0.0,,0.0,normalDay
2020-09-16,1428.0,113.0,0.0,0,338.82,0.0,1,1.39,0.26,SPY200925P00305000,305.0,0,0.0,0.0,,0.0,normalDay
2020-09-17,1428.0,112.0,0.0,0,335.84,0.0,1,1.39,0.27,SPY200925P00305000,305.0,0,0.0,0.0,,0.0,normalDay
2020-09-18,1428.0,118.0,0.0,0,330.65,0.0,1,1.39,0.21,SPY200925P00305000,305.0,0,0.0,0.0,,0.0,normalDay
2020-09-21,1428.0,123.0,0.0,0,326.97,0.0,1,1.39,0.16,SPY200925P00305000,305.0,0,0.0,0.0,,0.0,normalDay
2020-09-22,1428.0,135.0,0.0,0,330.3,0.0,1,1.39,0.04,SPY200925P00305000,305.0,0,0.0,0.0,,0.0,normalDay
2020-09-23,1428.0,129.0,0.0,0,322.64,0.0,1,1.39,0.1,SPY200925P00305000,305.0,0,0.0,0.0,,0.0,normalDay
2020-09-24,1428.0,136.0,0.0,0,323.5,0.0,1,1.39,0.03,SPY200925P00305000,305.0,0,0.0,0.0,,0.0,normalDay
2020-09-25,1567.0,0.0,139.0,0,328.73,0.0,1,1.39,0.0,SPY200925P00305000,305.0,0,0.0,0.0,,0.0,expirationDay
2020-09-28,1567.0,-4.0,0.0,0,334.19,0.0,1,1.02,1.06,SPY201030P00290000,290.0,0,0.0,0.0,,0.0,normalDay
2020-09-29,1567.0,-5.0,0.0,0,332.37,0.0,1,1.02,1.07,SPY201030P00290000,290.0,0,0.0,0.0,,0.0,normalDay
2020-09-30,1567.0,2.0,0.0,0,334.89,0.0,1,1.02,1.0,SPY201030P00290000,290.0,0,0.0,0.0,,0.0,normalDay
2020-10-01,1567.0,20.0,0.0,0,337.04,0.0,1,1.02,0.82,SPY201030P00290000,290.0,0,0.0,0.0,,0.0,normalDay
2020-10-02,1567.0,14.0,0.0,0,333.84,0.0,1,1.02,0.88,SPY201030P00290000,290.0,0,0.0,0.0,,0.0,normalDay
2020-10-05,1567.0,54.0,0.0,0,339.76,0.0,1,1.02,0.48,SPY201030P00290000,290.0,0,0.0,0.0,,0.0,normalDay
2020-10-06,1567.0,35.0,0.0,0,334.93,0.0,1,1.02,0.67,SPY201030P00290000,290.0,0,0.0,0.0,,0.0,normalDay
2020-10-07,1567.0,65.0,0.0,0,340.76,0.0,1,1.02,0.37,SPY201030P00290000,290.0,0,0.0,0.0,,0.0,normalDay
2020-10-08,1567.0,77.0,0.0,0,343.78,0.0,1,1.02,0.25,SPY201030P00290000,290.0,0,0.0,0.0,,0.0,normalDay
2020-10-09,1567.0,85.0,0.0,0,346.85,0.0,1,1.02,0.17,SPY201030P00290000,290.0,0,0.0,0.0,,0.0,normalDay
2020-10-12,1567.0,90.0,0.0,0,352.43,0.0,1,1.02,0.12,SPY201030P00290000,290.0,0,0.0,0.0,,0.0,normalDay
2020-10-13,1567.0,90.0,0.0,0,350.13,0.0,1,1.02,0.12,SPY201030P00290000,290.0,0,0.0,0.0,,0.0,normalDay
2020-10-14,1567.0,91.0,0.0,0,347.93,0.0,1,1.02,0.11,SPY201030P00290000,290.0,0,0.0,0.0,,0.0,normalDay
2020-10-15,1567.0,92.0,0.0,0,347.5,0.0,1,1.02,0.1,SPY201030P00290000,290.0,0,0.0,0.0,,0.0,normalDay
2020-10-16,1567.0,93.0,0.0,0,347.29,0.0,1,1.02,0.09,SPY201030P00290000,290.0,0,0.0,0.0,,0.0,normalDay
2020-10-19,1567.0,91.0,0.0,0,342.01,0.0,1,1.02,0.11,SPY201030P00290000,290.0,0,0.0,0.0,,0.0,normalDay
2020-10-20,1567.0,94.0,0.0,0,343.38,0.0,1,1.02,0.08,SPY201030P00290000,290.0,0,0.0,0.0,,0.0,normalDay
2020-10-21,1567.0,96.0,0.0,0,342.73,0.0,1,1.02,0.06,SPY201030P00290000,290.0,0,0.0,0.0,,0.0,normalDay
2020-10-22,1567.0,98.0,0.0,0,344.61,0.0,1,1.02,0.04,SPY201030P00290000,290.0,0,0.0,0.0,,0.0,normalDay
2020-10-23,1567.0,99.0,0.0,0,345.78,0.0,1,1.02,0.03,SPY201030P00290000,290.0,0,0.0,0.0,,0.0,normalDay
2020-10-26,1567.0,97.0,0.0,0,339.39,0.0,1,1.02,0.05,SPY201030P00290000,290.0,0,0.0,0.0,,0.0,normalDay
2020-10-27,1567.0,100.0,0.0,0,338.22,0.0,1,1.02,0.02,SPY201030P00290000,290.0,0,0.0,0.0,,0.0,normalDay
2020-10-28,1567.0,92.0,0.0,0,326.66,0.0,1,1.02,0.1,SPY201030P00290000,290.0,0,0.0,0.0,,0.0,normalDay
2020-10-29,1567.0,101.0,0.0,0,329.98,0.0,1,1.02,0.01,SPY201030P00290000,290.0,0,0.0,0.0,,0.0,normalDay
2020-10-30,1669.0,0.0,102.0,0,326.54,0.0,1,1.02,0.0,SPY201030P00290000,290.0,0,0.0,0.0,,0.0,expirationDay
2020-11-02,1669.0,-6.0,0.0,0,330.2,0.0,1,4.8,4.86,SPY201204P00303000,303.0,0,0.0,0.0,,0.0,normalDay
2020-11-03,1669.0,107.0,0.0,0,336.03,0.0,1,4.8,3.73,SPY201204P00303000,303.0,0,0.0,0.0,,0.0,normalDay
2020-11-04,1669.0,287.0,0.0,0,343.54,0.0,1,4.8,1.93,SPY201204P00303000,303.0,0,0.0,0.0,,0.0,normalDay
2020-11-05,1669.0,348.0,0.0,0,350.24,0.0,1,4.8,1.32,SPY201204P00303000,303.0,0,0.0,0.0,,0.0,normalDay
2020-11-06,1669.0,394.0,0.0,0,350.16,0.0,1,4.8,0.86,SPY201204P00303000,303.0,0,0.0,0.0,,0.0,normalDay
2020-11-09,1669.0,410.0,0.0,0,354.56,0.0,1,4.8,0.7,SPY201204P00303000,303.0,0,0.0,0.0,,0.0,normalDay
2020-11-10,1669.0,419.0,0.0,0,354.04,0.0,1,4.8,0.61,SPY201204P00303000,303.0,0,0.0,0.0,,0.0,normalDay
2020-11-11,1669.0,433.0,0.0,0,356.67,0.0,1,4.8,0.47,SPY201204P00303000,303.0,0,0.0,0.0,,0.0,normalDay
2020-11-12,1669.0,417.0,0.0,0,353.21,0.0,1,4.8,0.63,SPY201204P00303000,303.0,0,0.0,0.0,,0.0,normalDay
2020-11-13,1669.0,443.0,0.0,0,358.1,0.0,1,4.8,0.37,SPY201204P00303000,303.0,0,0.0,0.0,,0.0,normalDay
2020-11-16,1669.0,457.0,0.0,0,362.57,0.0,1,4.8,0.23,SPY201204P00303000,303.0,0,0.0,0.0,,0.0,normalDay
2020-11-17,1669.0,460.0,0.0,0,360.62,0.0,1,4.8,0.2,SPY201204P00303000,303.0,0,0.0,0.0,,0.0,normalDay
2020-11-18,1669.0,454.0,0.0,0,356.28,0.0,1,4.8,0.26,SPY201204P00303000,303.0,0,0.0,0.0,,0.0,normalDay
2020-11-19,1669.0,458.0,0.0,0,357.78,0.0,1,4.8,0.22,SPY201204P00303000,303.0,0,0.0,0.0,,0.0,normalDay
2020-11-20,1669.0,462.0,0.0,0,355.33,0.0,1,4.8,0.18,SPY201204P00303000,303.0,0,0.0,0.0,,0.0,normalDay
2020-11-23,1669.0,469.0,0.0,0,357.46,0.0,1,4.8,0.11,SPY201204P00303000,303.0,0,0.0,0.0,,0.0,normalDay
2020-11-24,1669.0,474.0,0.0,0,363.22,0.0,1,4.8,0.06,SPY201204P00303000,303.0,0,0.0,0.0,,0.0,normalDay
2020-11-25,1669.0,476.0,0.0,0,362.66,0.0,1,4.8,0.04,SPY201204P00303000,303.0,0,0.0,0.0,,0.0,normalDay
2020-11-27,1669.0,477.0,0.0,0,363.67,0.0,1,4.8,0.03,SPY201204P00303000,303.0,0,0.0,0.0,,0.0,normalDay
2020-11-30,1669.0,477.0,0.0,0,362.06,0.0,1,4.8,0.03,SPY201204P00303000,303.0,0,0.0,0.0,,0.0,normalDay
2020-12-01,1669.0,478.0,0.0,0,366.02,0.0,1,4.8,0.02,SPY201204P00303000,303.0,0,0.0,0.0,,0.0,normalDay
2020-12-02,1669.0,479.0,0.0,0,366.79,0.0,1,4.8,0.01,SPY201204P00303000,303.0,0,0.0,0.0,,0.0,normalDay
2020-12-03,1669.0,479.0,0.0,0,366.69,0.0,1,4.8,0.01,SPY201204P00303000,303.0,0,0.0,0.0,,0.0,normalDay
2020-12-04,2149.0,0.0,480.0,0,369.85,0.0,1,4.8,0.0,SPY201204P00303000,303.0,0,0.0,0.0,,0.0,expirationDay
2020-12-07,2149.0,-4.0,0.0,0,369.09,0.0,1,1.69,1.73,SPY210108P00335000,335.0,0,0.0,0.0,,0.0,normalDay
2020-12-08,2149.0,30.0,0.0,0,370.17,0.0,1,1.69,1.39,SPY210108P00335000,335.0,0,0.0,0.0,,0.0,normalDay
2020-12-09,2149.0,-13.0,0.0,0,366.85,0.0,1,1.69,1.82,SPY210108P00335000,335.0,0,0.0,0.0,,0.0,normalDay
2020-12-10,2149.0,-8.0,0.0,0,366.73,0.0,1,1.69,1.77,SPY210108P00335000,335.0,0,0.0,0.0,,0.0,normalDay
2020-12-11,2149.0,-17.0,0.0,0,366.3,0.0,1,1.69,1.86,SPY210108P00335000,335.0,0,0.0,0.0,,0.0,normalDay
2020-12-14,2149.0,-33.0,0.0,0,364.66,0.0,1,1.69,2.02,SPY210108P00335000,335.0,0,0.0,0.0,,0.0,normalDay
2020-12-15,2149.0,28.0,0.0,0,369.59,0.0,1,1.69,1.41,SPY210108P00335000,335.0,0,0.0,0.0,,0.0,normalDay
2020-12-16,2149.0,52.0,0.0,0,370.17,0.0,1,1.69,1.17,SPY210108P00335000,335.0,0,0.0,0.0,,0.0,normalDay
2020-12-17,2149.0,77.0,0.0,0,372.24,0.0,1,1.69,0.92,SPY210108P00335000,335.0,0,0.0,0.0,,0.0,normalDay
2020-12-18,2149.0,86.0,0.0,0,369.18,0.0,1,1.69,0.83,SPY210108P00335000,335.0,0,0.0,0.0,,0.0,normalDay
2020-12-21,2149.0,52.0,0.0,0,367.86,0.0,1,1.69,1.17,SPY210108P00335000,335.0,0,0.0,0.0,,0.0,normalDay
2020-12-22,2149.0,69.0,0.0,0,367.24,0.0,1,1.69,1.0,SPY210108P00335000,335.0,0,0.0,0.0,,0.0,normalDay
2020-12-23,2149.0,88.0,0.0,0,367.57,0.0,1,1.69,0.81,SPY210108P00335000,335.0,0,0.0,0.0,,0.0,normalDay
2020-12-24,2149.0,115.0,0.0,0,369.0,0.0,1,1.69,0.54,SPY210108P00335000,335.0,0,0.0,0.0,,0.0,normalDay
2020-12-28,2149.0,137.0,0.0,0,372.17,0.0,1,1.69,0.32,SPY210108P00335000,335.0,0,0.0,0.0,,0.0,normalDay
2020-12-29,2149.0,134.0,0.0,0,371.46,0.0,1,1.69,0.35,SPY210108P00335000,335.0,0,0.0,0.0,,0.0,normalDay
2020-12-30,2149.0,140.0,0.0,0,371.99,0.0,1,1.69,0.29,SPY210108P00335000,335.0,0,0.0,0.0,,0.0,normalDay
2020-12-31,2149.0,148.0,0.0,0,373.88,0.0,1,1.69,0.21,SPY210108P00335000,335.0,0,0.0,0.0,,0.0,normalDay
2021-01-04,2149.0,147.0,0.0,0,368.79,0.0,1,1.69,0.22,SPY210108P00335000,335.0,0,0.0,0.0,,0.0,normalDay
2021-01-05,2149.0,161.0,0.0,0,371.33,0.0,1,1.69,0.08,SPY210108P00335000,335.0,0,0.0,0.0,,0.0,normalDay
2021-01-06,2149.0,161.0,0.0,0,373.55,0.0,1,1.69,0.08,SPY210108P00335000,335.0,0,0.0,0.0,,0.0,normalDay
2021-01-07,2149.0,168.0,0.0,0,379.1,0.0,1,1.69,0.01,SPY210108P00335000,335.0,0,0.0,0.0,,0.0,normalDay
2021-01-08,2318.0,0.0,169.0,0,381.26,0.0,1,1.69,0.0,SPY210108P00335000,335.0,0,0.0,0.0,,0.0,expirationDay
2021-01-11,2318.0,-5.0,0.0,0,378.69,0.0,1,2.66,2.71,SPY210212P00350000,350.0,0,0.0,0.0,,0.0,normalDay
2021-01-12,2318.0,17.0,0.0,0,378.77,0.0,1,2.66,2.49,SPY210212P00350000,350.0,0,0.0,0.0,,0.0,normalDay
2021-01-13,2318.0,61.0,0.0,0,379.79,0.0,1,2.66,2.05,SPY210212P00350000,350.0,0,0.0,0.0,,0.0,normalDay
2021-01-14,2318.0,36.0,0.0,0,378.46,0.0,1,2.66,2.3,SPY210212P00350000,350.0,0,0.0,0.0,,0.0,normalDay
2021-01-15,2318.0,-12.0,0.0,0,375.7,0.0,1,2.66,2.78,SPY210212P00350000,350.0,0,0.0,0.0,,0.0,normalDay
2021-01-19,2318.0,76.0,0.0,0,378.65,0.0,1,2.66,1.9,SPY210212P00350000,350.0,0,0.0,0.0,,0.0,normalDay
2021-01-20,2318.0,145.0,0.0,0,383.89,0.0,1,2.66,1.21,SPY210212P00350000,350.0,0,0.0,0.0,,0.0,normalDay
2021-01-21,2318.0,160.0,0.0,0,384.24,0.0,1,2.66,1.06,SPY210212P00350000,350.0,0,0.0,0.0,,0.0,normalDay
2021-01-22,2318.0,158.0,0.0,0,382.88,0.0,1,2.66,1.08,SPY210212P00350000,350.0,0,0.0,0.0,,0.0,normalDay
2021-01-25,2318.0,172.0,0.0,0,384.39,0.0,1,2.66,0.94,SPY210212P00350000,350.0,0,0.0,0.0,,0.0,normalDay
2021-01-26,2318.0,185.0,0.0,0,383.79,0.0,1,2.66,0.81,SPY210212P00350000,350.0,0,0.0,0.0,,0.0,normalDay
2021-01-27,2318.0,-47.0,0.0,0,374.41,0.0,1,2.66,3.13,SPY210212P00350000,350.0,0,0.0,0.0,,0.0,normalDay
2021-01-28,2318.0,68.0,0.0,0,377.63,0.0,1,2.66,1.98,SPY210212P00350000,350.0,0,0.0,0.0,,0.0,normalDay
2021-01-29,2318.0,-91.0,0.0,0,370.07,0.0,1,2.66,3.57,SPY210212P00350000,350.0,0,0.0,0.0,,0.0,normalDay
2021-02-01,2318.0,122.0,0.0,0,376.23,0.0,1,2.66,1.44,SPY210212P00350000,350.0,0,0.0,0.0,,0.0,normalDay
2021-02-02,2318.0,213.0,0.0,0,381.55,0.0,1,2.66,0.53,SPY210212P00350000,350.0,0,0.0,0.0,,0.0,normalDay
2021-02-03,2318.0,238.0,0.0,0,381.85,0.0,1,2.66,0.28,SPY210212P00350000,350.0,0,0.0,0.0,,0.0,normalDay
2021-02-04,2318.0,252.0,0.0,0,386.19,0.0,1,2.66,0.14,SPY210212P00350000,350.0,0,0.0,0.0,,0.0,normalDay
2021-02-05,2318.0,260.0,0.0,0,387.71,0.0,1,2.66,0.06,SPY210212P00350000,350.0,0,0.0,0.0,,0.0,normalDay
2021-02-08,2318.0,262.0,0.0,0,390.51,0.0,1,2.66,0.04,SPY210212P00350000,350.0,0,0.0,0.0,,0.0,normalDay
2021-02-09,2318.0,263.0,0.0,0,390.25,0.0,1,2.66,0.03,SPY210212P00350000,350.0,0,0.0,0.0,,0.0,normalDay
2021-02-10,2318.0,263.0,0.0,0,390.08,0.0,1,2.66,0.03,SPY210212P00350000,350.0,0,0.0,0.0,,0.0,normalDay
2021-02-11,2318.0,265.0,0.0,0,390.71,0.0,1,2.66,0.01,SPY210212P00350000,350.0,0,0.0,0.0,,0.0,normalDay
2021-02-12,2584.0,0.0,266.0,0,392.64,0.0,1,2.66,0.0,SPY210212P00350000,350.0,0,0.0,0.0,,0.0,expirationDay
2021-02-16,2584.0,-3.0,0.0,0,392.3,0.0,1,1.6,1.63,SPY210319P00353000,353.0,0,0.0,0.0,,0.0,normalDay
2021-02-17,2584.0,6.0,0.0,0,392.39,0.0,1,1.6,1.54,SPY210319P00353000,353.0,0,0.0,0.0,,0.0,normalDay
2021-02-18,2584.0,-12.0,0.0,0,390.72,0.0,1,1.6,1.72,SPY210319P00353000,353.0,0,0.0,0.0,,0.0,normalDay
2021-02-19,2584.0,-1.0,0.0,0,390.03,0.0,1,1.6,1.61,SPY210319P00353000,353.0,0,0.0,0.0,,0.0,normalDay
2021-02-22,2584.0,-17.0,0.0,0,387.03,0.0,1,1.6,1.77,SPY210319P00353000,353.0,0,0.0,0.0,,0.0,normalDay
2021-02-23,2584.0,3.0,0.0,0,387.5,0.0,1,1.6,1.57,SPY210319P00353000,353.0,0,0.0,0.0,,0.0,normalDay
2021-02-24,2584.0,58.0,0.0,0,391.77,0.0,1,1.6,1.02,SPY210319P00353000,353.0,0,0.0,0.0,,0.0,normalDay
2021-02-25,2584.0,-113.0,0.0,0,382.33,0.0,1,1.6,2.73,SPY210319P00353000,353.0,0,0.0,0.0,,0.0,normalDay
2021-02-26,2584.0,-109.0,0.0,0,380.36,0.0,1,1.6,2.69,SPY210319P00353000,353.0,0,0.0,0.0,,0.0,normalDay
2021-03-01,2584.0,51.0,0.0,0,389.58,0.0,1,1.6,1.09,SPY210319P00353000,353.0,0,0.0,0.0,,0.0,normalDay
2021-03-02,2584.0,32.0,0.0,0,386.54,0.0,1,1.6,1.28,SPY210319P00353000,353.0,0,0.0,0.0,,0.0,normalDay
2021-03-03,2584.0,-9.0,0.0,0,381.42,0.0,1,1.6,1.69,SPY210319P00353000,353.0,0,0.0,0.0,,0.0,normalDay
2021-03-04,2584.0,-80.0,0.0,0,376.7,0.0,1,1.6,2.4,SPY210319P00353000,353.0,0,0.0,0.0,,0.0,normalDay
2021-03-05,2584.0,48.0,0.0,0,383.63,0.0,1,1.6,1.12,SPY210319P00353000,353.0,0,0.0,0.0,,0.0,normalDay
2021-03-08,2584.0,53.0,0.0,0,381.72,0.0,1,1.6,1.07,SPY210319P00353000,353.0,0,0.0,0.0,,0.0,normalDay
2021-03-09,2584.0,105.0,0.0,0,387.17,0.0,1,1.6,0.55,SPY210319P00353000,353.0,0,0.0,0.0,,0.0,normalDay
2021-03-10,2584.0,132.0,0.0,0,389.58,0.0,1,1.6,0.28,SPY210319P00353000,353.0,0,0.0,0.0,,0.0,normalDay
2021-03-11,2584.0,141.0,0.0,0,393.53,0.0,1,1.6,0.19,SPY210319P00353000,353.0,0,0.0,0.0,,0.0,normalDay
2021-03-12,2584.0,153.0,0.0,0,394.06,0.0,1,1.6,0.07,SPY210319P00353000,353.0,0,0.0,0.0,,0.0,normalDay
2021-03-15,2584.0,156.0,0.0,0,396.41,0.0,1,1.6,0.04,SPY210319P00353000,353.0,0,0.0,0.0,,0.0,normalDay
2021-03-16,2584.0,155.0,0.0,0,395.91,0.0,1,1.6,0.05,SPY210319P00353000,353.0,0,0.0,0.0,,0.0,normalDay
2021-03-17,2584.0,158.0,0.0,0,397.26,0.0,1,1.6,0.02,SPY210319P00353000,353.0,0,0.0,0.0,,0.0,normalDay
2021-03-18,2584.0,156.0,0.0,0,391.48,0.0,1,1.6,0.04,SPY210319P00353000,353.0,0,0.0,0.0,,0.0,normalDay
2021-03-19,2744.0,0.0,160.0,0,389.48,0.0,1,1.6,0.0,SPY210319P00353000,353.0,0,0.0,0.0,,0.0,expirationDay
2021-03-22,2744.0,-5.0,0.0,0,392.59,0.0,1,1.39,1.44,SPY210423P00360000,360.0,0,0.0,0.0,,0.0,normalDay
2021-03-23,2744.0,-45.0,0.0,0,389.5,0.0,1,1.39,1.84,SPY210423P00360000,360.0,0,0.0,0.0,,0.0,normalDay
2021-03-24,2744.0,-66.0,0.0,0,387.52,0.0,1,1.39,2.05,SPY210423P00360000,360.0,0,0.0,0.0,,0.0,normalDay
2021-03-25,2744.0,-18.0,0.0,0,389.7,0.0,1,1.39,1.57,SPY210423P00360000,360.0,0,0.0,0.0,,0.0,normalDay
2021-03-26,2744.0,32.0,0.0,0,395.98,0.0,1,1.39,1.07,SPY210423P00360000,360.0,0,0.0,0.0,,0.0,normalDay
2021-03-29,2744.0,21.0,0.0,0,395.78,0.0,1,1.39,1.18,SPY210423P00360000,360.0,0,0.0,0.0,,0.0,normalDay
2021-03-30,2744.0,41.0,0.0,0,394.73,0.0,1,1.39,0.98,SPY210423P00360000,360.0,0,0.0,0.0,,0.0,normalDay
2021-03-31,2744.0,62.0,0.0,0,396.33,0.0,1,1.39,0.77,SPY210423P00360000,360.0,0,0.0,0.0,,0.0,normalDay
2021-04-01,2744.0,95.0,0.0,0,400.61,0.0,1,1.39,0.44,SPY210423P00360000,360.0,0,0.0,0.0,,0.0,normalDay
2021-04-05,2744.0,110.0,0.0,0,406.36,0.0,1,1.39,0.29,SPY210423P00360000,360.0,0,0.0,0.0,,0.0,normalDay
2021-04-06,2744.0,111.0,0.0,0,406.12,0.0,1,1.39,0.28,SPY210423P00360000,360.0,0,0.0,0.0,,0.0,normalDay
2021-04-07,2744.0,119.0,0.0,0,406.59,0.0,1,1.39,0.2,SPY210423P00360000,360.0,0,0.0,0.0,,0.0,normalDay
2021-04-08,2744.0,123.0,0.0,0,408.52,0.0,1,1.39,0.16,SPY210423P00360000,360.0,0,0.0,0.0,,0.0,normalDay
2021-04-09,2744.0,129.0,0.0,0,411.49,0.0,1,1.39,0.1,SPY210423P00360000,360.0,0,0.0,0.0,,0.0,normalDay
2021-04-12,2744.0,133.0,0.0,0,411.64,0.0,1,1.39,0.06,SPY210423P00360000,360.0,0,0.0,0.0,,0.0,normalDay
2021-04-13,2744.0,134.0,0.0,0,412.86,0.0,1,1.39,0.05,SPY210423P00360000,360.0,0,0.0,0.0,,0.0,normalDay
2021-04-14,2744.0,134.0,0.0,0,411.45,0.0,1,1.39,0.05,SPY210423P00360000,360.0,0,0.0,0.0,,0.0,normalDay
2021-04-15,2744.0,134.0,0.0,0,415.87,0.0,1,1.39,0.05,SPY210423P00360000,360.0,0,0.0,0.0,,0.0,normalDay
2021-04-16,2744.0,137.0,0.0,0,417.26,0.0,1,1.39,0.02,SPY210423P00360000,360.0,0,0.0,0.0,,0.0,normalDay
2021-04-19,2744.0,138.0,0.0,0,415.21,0.0,1,1.39,0.01,SPY210423P00360000,360.0,0,0.0,0.0,,0.0,normalDay
2021-04-20,2744.0,138.0,0.0,0,412.17,0.0,1,1.39,0.01,SPY210423P00360000,360.0,0,0.0,0.0,,0.0,normalDay
2021-04-21,2744.0,138.0,0.0,0,416.07,0.0,1,1.39,0.01,SPY210423P00360000,360.0,0,0.0,0.0,,0.0,normalDay
2021-04-22,2744.0,138.0,0.0,0,412.27,0.0,1,1.39,0.01,SPY210423P00360000,360.0,0,0.0,0.0,,0.0,normalDay
2021-04-23,2883.0,0.0,139.0,0,416.74,0.0,1,1.39,0.0,SPY210423P00360000,360.0,0,0.0,0.0,,0.0,expirationDay
2021-04-26,2883.0,-4.0,0.0,0,417.61,0.0,1,0.89,0.93,SPY210528P00374000,374.0,0,0.0,0.0,,0.0,normalDay
2021-04-27,2883.0,2.0,0.0,0,417.52,0.0,1,0.89,0.87,SPY210528P00374000,374.0,0,0.0,0.0,,0.0,normalDay
2021-04-28,2883.0,12.0,0.0,0,417.4,0.0,1,0.89,0.77,SPY210528P00374000,374.0,0,0.0,0.0,,0.0,normalDay
2021-04-29,2883.0,16.0,0.0,0,420.06,0.0,1,0.89,0.73,SPY210528P00374000,374.0,0,0.0,0.0,,0.0,normalDay
2021-04-30,2883.0,0.0,0.0,0,417.3,0.0,1,0.89,0.89,SPY210528P00374000,374.0,0,0.0,0.0,,0.0,normalDay
2021-05-03,2883.0,15.0,0.0,0,418.2,0.0,1,0.89,0.74,SPY210528P00374000,374.0,0,0.0,0.0,,0.0,normalDay
2021-05-04,2883.0,1.0,0.0,0,415.62,0.0,1,0.89,0.88,SPY210528P00374000,374.0,0,0.0,0.0,,0.0,normalDay
2021-05-05,2883.0,6.0,0.0,0,415.75,0.0,1,0.89,0.83,SPY210528P00374000,374.0,0,0.0,0.0,,0.0,normalDay
2021-05-06,2883.0,27.0,0.0,0,419.07,0.0,1,0.89,0.62,SPY210528P00374000,374.0,0,0.0,0.0,,0.0,normalDay
2021-05-07,2883.0,45.0,0.0,0,422.12,0.0,1,0.89,0.44,SPY210528P00374000,374.0,0,0.0,0.0,,0.0,normalDay
2021-05-10,2883.0,25.0,0.0,0,417.94,0.0,1,0.89,0.64,SPY210528P00374000,374.0,0,0.0,0.0,,0.0,normalDay
2021-05-11,2883.0,9.0,0.0,0,414.21,0.0,1,0.89,0.8,SPY210528P00374000,374.0,0,0.0,0.0,,0.0,normalDay
2021-05-12,2883.0,-108.0,0.0,0,405.41,0.0,1,0.89,1.97,SPY210528P00374000,374.0,0,0.0,0.0,,0.0,normalDay
2021-05-13,2883.0,-4.0,0.0,0,410.28,0.0,1,0.89,0.93,SPY210528P00374000,374.0,0,0.0,0.0,,0.0,normalDay
2021-05-14,2883.0,53.0,0.0,0,416.58,0.0,1,0.89,0.36,SPY210528P00374000,374.0,0,0.0,0.0,,0.0,normalDay
2021-05-17,2883.0,64.0,0.0,0,415.52,0.0,1,0.89,0.25,SPY210528P00374000,374.0,0,0.0,0.0,,0.0,normalDay
2021-05-18,2883.0,53.0,0.0,0,411.94,0.0,1,0.89,0.36,SPY210528P00374000,374.0,0,0.0,0.0,,0.0,normalDay
2021-05-19,2883.0,57.0,0.0,0,410.86,0.0,1,0.89,0.32,SPY210528P00374000,374.0,0,0.0,0.0,,0.0,normalDay
2021-05-20,2883.0,73.0,0.0,0,415.28,0.0,1,0.89,0.16,SPY210528P00374000,374.0,0,0.0,0.0,,0.0,normalDay
2021-05-21,2883.0,81.0,0.0,0,414.94,0.0,1,0.89,0.08,SPY210528P00374000,374.0,0,0.0,0.0,,0.0,normalDay
2021-05-24,2883.0,86.0,0.0,0,419.17,0.0,1,0.89,0.03,SPY210528P00374000,374.0,0,0.0,0.0,,0.0,normalDay
2021-05-25,2883.0,86.0,0.0,0,418.24,0.0,1,0.89,0.03,SPY210528P00374000,374.0,0,0.0,0.0,,0.0,normalDay
2021-05-26,2883.0,87.0,0.0,0,419.07,0.0,1,0.89,0.02,SPY210528P00374000,374.0,0,0.0,0.0,,0.0,normalDay
2021-05-27,2883.0,88.0,0.0,0,419.29,0.0,1,0.89,0.01,SPY210528P00374000,374.0,0,0.0,0.0,,0.0,normalDay
2021-05-28,2972.0,0.0,89.0,0,420.04,0.0,1,0.89,0.0,SPY210528P00374000,374.0,0,0.0,0.0,,0.0,expirationDay
2021-06-01,2972.0,-5.0,0.0,0,419.67,0.0,1,2.27,2.32,SPY210702P00396000,396.0,0,0.0,0.0,,0.0,normalDay
2021-06-02,2972.0,22.0,0.0,0,420.33,0.0,1,2.27,2.05,SPY210702P00396000,396.0,0,0.0,0.0,,0.0,normalDay
2021-06-03,2972.0,-3.0,0.0,0,418.77,0.0,1,2.27,2.3,SPY210702P00396000,396.0,0,0.0,0.0,,0.0,normalDay
2021-06-04,2972.0,68.0,0.0,0,422.6,0.0,1,2.27,1.59,SPY210702P00396000,396.0,0,0.0,0.0,,0.0,normalDay
2021-06-07,2972.0,92.0,0.0,0,422.19,0.0,1,2.27,1.35,SPY210702P00396000,396.0,0,0.0,0.0,,0.0,normalDay
2021-06-08,2972.0,84.0,0.0,0,422.28,0.0,1,2.27,1.43,SPY210702P00396000,396.0,0,0.0,0.0,,0.0,normalDay
2021-06-09,2972.0,67.0,0.0,0,421.65,0.0,1,2.27,1.6,SPY210702P00396000,396.0,0,0.0,0.0,,0.0,normalDay
2021-06-10,2972.0,120.0,0.0,0,423.61,0.0,1,2.27,1.07,SPY210702P00396000,396.0,0,0.0,0.0,,0.0,normalDay
2021-06-11,2972.0,136.0,0.0,0,424.31,0.0,1,2.27,0.91,SPY210702P00396000,396.0,0,0.0,0.0,,0.0,normalDay
2021-06-14,2972.0,149.0,0.0,0,425.26,0.0,1,2.27,0.78,SPY210702P00396000,396.0,0,0.0,0.0,,0.0,normalDay
2021-06-15,2972.0,143.0,0.0,0,424.48,0.0,1,2.27,0.84,SPY210702P00396000,396.0,0,0.0,0.0,,0.0,normalDay
2021-06-16,2972.0,123.0,0.0,0,422.11,0.0,1,2.27,1.04,SPY210702P00396000,396.0,0,0.0,0.0,,0.0,normalDay
2021-06-17,2972.0,142.0,0.0,0,421.97,0.0,1,2.27,0.85,SPY210702P00396000,396.0,0,0.0,0.0,,0.0,normalDay
2021-06-18,2972.0,61.0,0.0,0,414.92,0.0,1,2.27,1.66,SPY210702P00396000,396.0,0,0.0,0.0,,0.0,normalDay
2021-06-21,2972.0,167.0,0.0,0,420.86,0.0,1,2.27,0.6,SPY210702P00396000,396.0,0,0.0,0.0,,0.0,normalDay
2021-06-22,2972.0,191.0,0.0,0,423.11,0.0,1,2.27,0.36,SPY210702P00396000,396.0,0,0.0,0.0,,0.0,normalDay
2021-06-23,2972.0,204.0,0.0,0,422.6,0.0,1,2.27,0.23,SPY210702P00396000,396.0,0,0.0,0.0,,0.0,normalDay
2021-06-24,2972.0,211.0,0.0,0,425.1,0.0,1,2.27,0.16,SPY210702P00396000,396.0,0,0.0,0.0,,0.0,normalDay
2021-06-25,2972.0,217.0,0.0,0,426.61,0.0,1,2.27,0.1,SPY210702P00396000,396.0,0,0.0,0.0,,0.0,normalDay
2021-06-28,2972.0,222.0,0.0,0,427.47,0.0,1,2.27,0.05,SPY210702P00396000,396.0,0,0.0,0.0,,0.0,normalDay
2021-06-29,2972.0,223.0,0.0,0,427.7,0.0,1,2.27,0.04,SPY210702P00396000,396.0,0,0.0,0.0,,0.0,normalDay
2021-06-30,2972.0,224.0,0.0,0,428.06,0.0,1,2.27,0.03,SPY210702P00396000,396.0,0,0.0,0.0,,0.0,normalDay
2021-07-01,2972.0,226.0,0.0,0,430.43,0.0,1,2.27,0.01,SPY210702P00396000,396.0,0,0.0,0.0,,0.0,normalDay
2021-07-02,3199.0,0.0,227.0,0,433.72,0.0,1,2.27,0.0,SPY210702P00396000,396.0,0,0.0,0.0,,0.0,expirationDay
2021-07-06,3199.0,-3.0,0.0,0,432.93,0.0,1,1.55,1.58,SPY210806P00404000,404.0,0,0.0,0.0,,0.0,normalDay
2021-07-07,3199.0,16.0,0.0,0,434.46,0.0,1,1.55,1.39,SPY210806P00404000,404.0,0,0.0,0.0,,0.0,normalDay
2021-07-08,3199.0,-59.0,0.0,0,430.92,0.0,1,1.55,2.14,SPY210806P00404000,404.0,0,0.0,0.0,,0.0,normalDay
2021-07-09,3199.0,33.0,0.0,0,435.52,0.0,1,1.55,1.22,SPY210806P00404000,404.0,0,0.0,0.0,,0.0,normalDay
2021-07-12,3199.0,58.0,0.0,0,437.08,0.0,1,1.55,0.97,SPY210806P00404000,404.0,0,0.0,0.0,,0.0,normalDay
2021-07-13,3199.0,41.0,0.0,0,435.59,0.0,1,1.55,1.14,SPY210806P00404000,404.0,0,0.0,0.0,,0.0,normalDay
2021-07-14,3199.0,69.0,0.0,0,436.24,0.0,1,1.55,0.86,SPY210806P00404000,404.0,0,0.0,0.0,,0.0,normalDay
2021-07-15,3199.0,55.0,0.0,0,434.75,0.0,1,1.55,1.0,SPY210806P00404000,404.0,0,0.0,0.0,,0.0,normalDay
2021-07-16,3199.0,23.0,0.0,0,431.34,0.0,1,1.55,1.32,SPY210806P00404000,404.0,0,0.0,0.0,,0.0,normalDay
2021-07-19,3199.0,-80.0,0.0,0,424.97,0.0,1,1.55,2.35,SPY210806P00404000,404.0,0,0.0,0.0,,0.0,normalDay
2021-07-20,3199.0,29.0,0.0,0,431.06,0.0,1,1.55,1.26,SPY210806P00404000,404.0,0,0.0,0.0,,0.0,normalDay
2021-07-21,3199.0,89.0,0.0,0,434.55,0.0,1,1.55,0.66,SPY210806P00404000,404.0,0,0.0,0.0,,0.0,normalDay
2021-07-22,3199.0,102.0,0.0,0,435.46,0.0,1,1.55,0.53,SPY210806P00404000,404.0,0,0.0,0.0,,0.0,normalDay
2021-07-23,3199.0,123.0,0.0,0,439.94,0.0,1,1.55,0.32,SPY210806P00404000,404.0,0,0.0,0.0,,0.0,normalDay
2021-07-26,3199.0,137.0,0.0,0,441.02,0.0,1,1.55,0.18,SPY210806P00404000,404.0,0,0.0,0.0,,0.0,normalDay
2021-07-27,3199.0,124.0,0.0,0,439.01,0.0,1,1.55,0.31,SPY210806P00404000,404.0,0,0.0,0.0,,0.0,normalDay
2021-07-28,3199.0,138.0,0.0,0,438.83,0.0,1,1.55,0.17,SPY210806P00404000,404.0,0,0.0,0.0,,0.0,normalDay
2021-07-29,3199.0,146.0,0.0,0,440.65,0.0,1,1.55,0.09,SPY210806P00404000,404.0,0,0.0,0.0,,0.0,normalDay
2021-07-30,3199.0,145.0,0.0,0,438.51,0.0,1,1.55,0.1,SPY210806P00404000,404.0,0,0.0,0.0,,0.0,normalDay
2021-08-02,3199.0,150.0,0.0,0,437.59,0.0,1,1.55,0.05,SPY210806P00404000,404.0,0,0.0,0.0,,0.0,normalDay
2021-08-03,3199.0,152.0,0.0,0,441.15,0.0,1,1.55,0.03,SPY210806P00404000,404.0,0,0.0,0.0,,0.0,normalDay
2021-08-04,3199.0,153.0,0.0,0,438.98,0.0,1,1.55,0.02,SPY210806P00404000,404.0,0,0.0,0.0,,0.0,normalDay
2021-08-05,3199.0,154.0,0.0,0,441.76,0.0,1,1.55,0.01,SPY210806P00404000,404.0,0,0.0,0.0,,0.0,normalDay
2021-08-06,3354.0,0.0,155.0,0,442.49,0.0,1,1.55,0.0,SPY210806P00404000,404.0,0,0.0,0.0,,0.0,expirationDay
2021-08-09,3354.0,-3.0,0.0,0,442.13,0.0,1,2.02,2.05,SPY210910P00416000,416.0,0,0.0,0.0,,0.0,normalDay
2021-08-10,3354.0,2.0,0.0,0,442.68,0.0,1,2.02,2.0,SPY210910P00416000,416.0,0,0.0,0.0,,0.0,normalDay
2021-08-11,3354.0,33.0,0.0,0,443.78,0.0,1,2.02,1.69,SPY210910P00416000,416.0,0,0.0,0.0,,0.0,normalDay
2021-08-12,3354.0,60.0,0.0,0,445.11,0.0,1,2.02,1.42,SPY210910P00416000,416.0,0,0.0,0.0,,0.0,normalDay
2021-08-13,3354.0,77.0,0.0,0,445.92,0.0,1,2.02,1.25,SPY210910P00416000,416.0,0,0.0,0.0,,0.0,normalDay
2021-08-16,3354.0,90.0,0.0,0,446.97,0.0,1,2.02,1.12,SPY210910P00416000,416.0,0,0.0,0.0,,0.0,normalDay
2021-08-17,3354.0,40.0,0.0,0,444.04,0.0,1,2.02,1.62,SPY210910P00416000,416.0,0,0.0,0.0,,0.0,normalDay
2021-08-18,3354.0,-67.0,0.0,0,439.18,0.0,1,2.02,2.69,SPY210910P00416000,416.0,0,0.0,0.0,,0.0,normalDay
2021-08-19,3354.0,-50.0,0.0,0,439.86,0.0,1,2.02,2.52,SPY210910P00416000,416.0,0,0.0,0.0,,0.0,normalDay
2021-08-20,3354.0,62.0,0.0,0,443.36,0.0,1,2.02,1.4,SPY210910P00416000,416.0,0,0.0,0.0,,0.0,normalDay
2021-08-23,3354.0,131.0,0.0,0,447.26,0.0,1,2.02,0.71,SPY210910P00416000,416.0,0,0.0,0.0,,0.0,normalDay
2021-08-24,3354.0,138.0,0.0,0,447.97,0.0,1,2.02,0.64,SPY210910P00416000,416.0,0,0.0,0.0,,0.0,normalDay
2021-08-25,3354.0,151.0,0.0,0,448.91,0.0,1,2.02,0.51,SPY210910P00416000,416.0,0,0.0,0.0,,0.0,normalDay
2021-08-26,3354.0,120.0,0.0,0,446.26,0.0,1,2.02,0.82,SPY210910P00416000,416.0,0,0.0,0.0,,0.0,normalDay
2021-08-27,3354.0,166.0,0.0,0,450.25,0.0,1,2.02,0.36,SPY210910P00416000,416.0,0,0.0,0.0,,0.0,normalDay
2021-08-30,3354.0,182.0,0.0,0,452.23,0.0,1,2.02,0.2,SPY210910P00416000,416.0,0,0.0,0.0,,0.0,normalDay
2021-08-31,3354.0,182.0,0.0,0,451.56,0.0,1,2.02,0.2,SPY210910P00416000,416.0,0,0.0,0.0,,0.0,normalDay
2021-09-01,3354.0,189.0,0.0,0,451.8,0.0,1,2.02,0.13,SPY210910P00416000,416.0,0,0.0,0.0,,0.0,normalDay
2021-09-02,3354.0,188.0,0.0,0,453.19,0.0,1,2.02,0.14,SPY210910P00416000,416.0,0,0.0,0.0,,0.0,normalDay
2021-09-03,3354.0,193.0,0.0,0,453.08,0.0,1,2.02,0.09,SPY210910P00416000,416.0,0,0.0,0.0,,0.0,normalDay
2021-09-07,3354.0,197.0,0.0,0,451.46,0.0,1,2.02,0.05,SPY210910P00416000,416.0,0,0.0,0.0,,0.0,normalDay
2021-09-08,3354.0,199.0,0.0,0,450.91,0.0,1,2.02,0.03,SPY210910P00416000,416.0,0,0.0,0.0,,0.0,normalDay
2021-09-09,3354.0,201.0,0.0,0,448.98,0.0,1,2.02,0.01,SPY210910P00416000,416.0,0,0.0,0.0,,0.0,normalDay
2021-09-10,3556.0,0.0,202.0,0,445.44,0.0,1,2.02,0.0,SPY210910P00416000,416.0,0,0.0,0.0,,0.0,expirationDay
2021-09-13,3556.0,-4.0,0.0,0,446.58,0.0,1,3.74,3.78,SPY211015P00428000,428.0,0,0.0,0.0,,0.0,normalDay
2021-09-14,3556.0,-45.0,0.0,0,444.17,0.0,1,3.74,4.19,SPY211015P00428000,428.0,0,0.0,0.0,,0.0,normalDay
2021-09-15,3556.0,68.0,0.0,0,447.88,0.0,1,3.74,3.06,SPY211015P00428000,428.0,0,0.0,0.0,,0.0,normalDay
2021-09-16,3556.0,51.0,0.0,0,447.17,0.0,1,3.74,3.23,SPY211015P00428000,428.0,0,0.0,0.0,,0.0,normalDay
2021-09-17,3556.0,-69.0,0.0,0,441.4,0.0,1,3.74,4.43,SPY211015P00428000,428.0,0,0.0,0.0,,0.0,normalDay
2021-09-20,3556.0,-358.0,0.0,0,434.04,0.0,1,3.74,7.32,SPY211015P00428000,428.0,0,0.0,0.0,,0.0,normalDay
2021-09-21,3556.0,-327.0,0.0,0,433.63,0.0,1,3.74,7.01,SPY211015P00428000,428.0,0,0.0,0.0,,0.0,normalDay
2021-09-22,3556.0,-76.0,0.0,0,437.86,0.0,1,3.74,4.5,SPY211015P00428000,428.0,0,0.0,0.0,,0.0,normalDay
2021-09-23,3556.0,100.0,0.0,0,443.18,0.0,1,3.74,2.74,SPY211015P00428000,428.0,0,0.0,0.0,,0.0,normalDay
2021-09-24,3556.0,142.0,0.0,0,443.91,0.0,1,3.74,2.32,SPY211015P00428000,428.0,0,0.0,0.0,,0.0,normalDay
2021-09-27,3556.0,134.0,0.0,0,442.64,0.0,1,3.74,2.4,SPY211015P00428000,428.0,0,0.0,0.0,,0.0,normalDay
2021-09-28,3556.0,-157.0,0.0,0,433.72,0.0,1,3.74,5.31,SPY211015P00428000,428.0,0,0.0,0.0,,0.0,normalDay
2021-09-29,3556.0,-103.0,0.0,0,434.45,0.0,1,3.74,4.77,SPY211015P00428000,428.0,0,0.0,0.0,,0.0,normalDay
2021-09-30,3556.0,-267.0,0.0,0,429.14,0.0,1,3.74,6.41,SPY211015P00428000,428.0,0,0.0,0.0,,0.0,normalDay
2021-10-01,3556.0,-25.0,0.0,0,434.24,0.0,1,3.74,3.99,SPY211015P00428000,428.0,0,0.0,0.0,,0.0,normalDay
2021-10-04,3556.0,-210.0,0.0,0,428.64,0.0,1,3.74,5.84,SPY211015P00428000,428.0,0,0.0,0.0,,0.0,normalDay
2021-10-05,3556.0,18.0,0.0,0,433.1,0.0,1,3.74,3.56,SPY211015P00428000,428.0,0,0.0,0.0,,0.0,normalDay
2021-10-06,3556.0,93.0,0.0,0,434.9,0.0,1,3.74,2.81,SPY211015P00428000,428.0,0,0.0,0.0,,0.0,normalDay
2021-10-07,3556.0,224.0,0.0,0,438.66,0.0,1,3.74,1.5,SPY211015P00428000,428.0,0,0.0,0.0,,0.0,normalDay
2021-10-08,3556.0,245.0,0.0,0,437.86,0.0,1,3.74,1.29,SPY211015P00428000,428.0,0,0.0,0.0,,0.0,normalDay
2021-10-11,3556.0,211.0,0.0,0,434.69,0.0,1,3.74,1.63,SPY211015P00428000,428.0,0,0.0,0.0,,0.0,normalDay
2021-10-12,3556.0,223.0,0.0,0,433.62,0.0,1,3.74,1.51,SPY211015P00428000,428.0,0,0.0,0.0,,0.0,normalDay
2021-10-13,3556.0,327.0,0.0,0,435.18,0.0,1,3.74,0.47,SPY211015P00428000,428.0,0,0.0,0.0,,0.0,normalDay
2021-10-14,3556.0,367.0,0.0,0,442.5,0.0,1,3.74,0.07,SPY211015P00428000,428.0,0,0.0,0.0,,0.0,normalDay
2021-10-15,3930.0,0.0,374.0,0,445.87,0.0,1,3.74,0.0,SPY211015P00428000,428.0,0,0.0,0.0,,0.0,expirationDay
2021-10-18,3930.0,-3.0,0.0,0,447.19,0.0,1,1.33,1.36,SPY211119P00411000,411.0,0,0.0,0.0,,0.0,normalDay
2021-10-19,3930.0,28.0,0.0,0,450.64,0.0,1,1.33,1.05,SPY211119P00411000,411.0,0,0.0,0.0,,0.0,normalDay
2021-10-20,3930.0,38.0,0.0,0,452.41,0.0,1,1.33,0.95,SPY211119P00411000,411.0,0,0.0,0.0,,0.0,normalDay
2021-10-21,3930.0,53.0,0.0,0,453.59,0.0,1,1.33,0.8,SPY211119P00411000,411.0,0,0.0,0.0,,0.0,normalDay
2021-10-22,3930.0,49.0,0.0,0,453.12,0.0,1,1.33,0.84,SPY211119P00411000,411.0,0,0.0,0.0,,0.0,normalDay
2021-10-25,3930.0,72.0,0.0,0,455.55,0.0,1,1.33,0.61,SPY211119P00411000,411.0,0,0.0,0.0,,0.0,normalDay
2021-10-26,3930.0,68.0,0.0,0,455.96,0.0,1,1.33,0.65,SPY211119P00411000,411.0,0,0.0,0.0,,0.0,normalDay
2021-10-27,3930.0,56.0,0.0,0,453.94,0.0,1,1.33,0.77,SPY211119P00411000,411.0,0,0.0,0.0,,0.0,normalDay
2021-10-28,3930.0,77.0,0.0,0,458.32,0.0,1,1.33,0.56,SPY211119P00411000,411.0,0,0.0,0.0,,0.0,normalDay
2021-10-29,3930.0,83.0,0.0,0,459.25,0.0,1,1.33,0.5,SPY211119P00411000,411.0,0,0.0,0.0,,0.0,normalDay
2021-11-01,3930.0,95.0,0.0,0,460.04,0.0,1,1.33,0.38,SPY211119P00411000,411.0,0,0.0,0.0,,0.0,normalDay
2021-11-02,3930.0,101.0,0.0,0,461.9,0.0,1,1.33,0.32,SPY211119P00411000,411.0,0,0.0,0.0,,0.0,normalDay
2021-11-03,3930.0,111.0,0.0,0,464.72,0.0,1,1.33,0.22,SPY211119P00411000,411.0,0,0.0,0.0,,0.0,normalDay
2021-11-04,3930.0,109.0,0.0,0,466.91,0.0,1,1.33,0.24,SPY211119P00411000,411.0,0,0.0,0.0,,0.0,normalDay
2021-11-05,3930.0,112.0,0.0,0,468.53,0.0,1,1.33,0.21,SPY211119P00411000,411.0,0,0.0,0.0,,0.0,normalDay
2021-11-08,3930.0,117.0,0.0,0,468.93,0.0,1,1.33,0.16,SPY211119P00411000,411.0,0,0.0,0.0,,0.0,normalDay
2021-11-09,3930.0,118.0,0.0,0,467.38,0.0,1,1.33,0.15,SPY211119P00411000,411.0,0,0.0,0.0,,0.0,normalDay
2021-11-10,3930.0,119.0,0.0,0,463.62,0.0,1,1.33,0.14,SPY211119P00411000,411.0,0,0.0,0.0,,0.0,normalDay
2021-11-11,3930.0,124.0,0.0,0,463.77,0.0,1,1.33,0.09,SPY211119P00411000,411.0,0,0.0,0.0,,0.0,normalDay
2021-11-12,3930.0,128.0,0.0,0,467.27,0.0,1,1.33,0.05,SPY211119P00411000,411.0,0,0.0,0.0,,0.0,normalDay
2021-11-15,3930.0,131.0,0.0,0,467.43,0.0,1,1.33,0.02,SPY211119P00411000,411.0,0,0.0,0.0,,0.0,normalDay
2021-11-16,3930.0,131.0,0.0,0,469.28,0.0,1,1.33,0.02,SPY211119P00411000,411.0,0,0.0,0.0,,0.0,normalDay
2021-11-17,3930.0,132.0,0.0,0,468.14,0.0,1,1.33,0.01,SPY211119P00411000,411.0,0,0.0,0.0,,0.0,normalDay
2021-11-18,3930.0,132.0,0.0,0,469.73,0.0,1,1.33,0.01,SPY211119P00411000,411.0,0,0.0,0.0,,0.0,normalDay
2021-11-19,4063.0,0.0,133.0,0,468.89,0.0,1,1.33,0.0,SPY211119P00411000,411.0,0,0.0,0.0,,0.0,expirationDay
2021-11-22,4063.0,-4.0,0.0,0,467.57,0.0,1,2.9,2.94,SPY211223P00441000,441.0,0,0.0,0.0,,0.0,normalDay
2021-11-23,4063.0,14.0,0.0,0,468.19,0.0,1,2.9,2.76,SPY211223P00441000,441.0,0,0.0,0.0,,0.0,normalDay
2021-11-24,4063.0,53.0,0.0,0,469.44,0.0,1,2.9,2.37,SPY211223P00441000,441.0,0,0.0,0.0,,0.0,normalDay
2021-11-26,4063.0,-594.0,0.0,0,458.97,0.0,1,2.9,8.84,SPY211223P00441000,441.0,0,0.0,0.0,,0.0,normalDay
2021-11-29,4063.0,-58.0,0.0,0,464.6,0.0,1,2.9,3.48,SPY211223P00441000,441.0,0,0.0,0.0,,0.0,normalDay
2021-11-30,4063.0,-274.0,0.0,0,455.56,0.0,1,2.9,5.64,SPY211223P00441000,441.0,0,0.0,0.0,,0.0,normalDay
2021-12-01,4063.0,-579.0,0.0,0,450.5,0.0,1,2.9,8.69,SPY211223P00441000,441.0,0,0.0,0.0,,0.0,normalDay
2021-12-02,4063.0,-275.0,0.0,0,457.4,0.0,1,2.9,5.65,SPY211223P00441000,441.0,0,0.0,0.0,,0.0,normalDay
2021-12-03,4063.0,-412.0,0.0,0,453.42,0.0,1,2.9,7.02,SPY211223P00441000,441.0,0,0.0,0.0,,0.0,normalDay
2021-12-06,4063.0,-139.0,0.0,0,458.79,0.0,1,2.9,4.29,SPY211223P00441000,441.0,0,0.0,0.0,,0.0,normalDay
2021-12-07,4063.0,118.0,0.0,0,468.28,0.0,1,2.9,1.72,SPY211223P00441000,441.0,0,0.0,0.0,,0.0,normalDay
2021-12-08,4063.0,185.0,0.0,0,469.52,0.0,1,2.9,1.05,SPY211223P00441000,441.0,0,0.0,0.0,,0.0,normalDay
2021-12-09,4063.0,140.0,0.0,0,466.35,0.0,1,2.9,1.5,SPY211223P00441000,441.0,0,0.0,0.0,,0.0,normalDay
2021-12-10,4063.0,223.0,0.0,0,470.74,0.0,1,2.9,0.67,SPY211223P00441000,441.0,0,0.0,0.0,,0.0,normalDay
2021-12-13,4063.0,216.0,0.0,0,466.57,0.0,1,2.9,0.74,SPY211223P00441000,441.0,0,0.0,0.0,,0.0,normalDay
2021-12-14,4063.0,186.0,0.0,0,463.36,0.0,1,2.9,1.04,SPY211223P00441000,441.0,0,0.0,0.0,,0.0,normalDay
2021-12-15,4063.0,259.0,0.0,0,470.6,0.0,1,2.9,0.31,SPY211223P00441000,441.0,0,0.0,0.0,,0.0,normalDay
2021-12-16,4063.0,246.0,0.0,0,466.45,0.0,1,2.9,0.44,SPY211223P00441000,441.0,0,0.0,0.0,,0.0,normalDay
2021-12-17,4063.0,243.0,0.0,0,459.87,0.0,1,2.9,0.47,SPY211223P00441000,441.0,0,0.0,0.0,,0.0,normalDay
2021-12-20,4063.0,250.0,0.0,0,454.98,0.0,1,2.9,0.4,SPY211223P00441000,441.0,0,0.0,0.0,,0.0,normalDay
2021-12-21,4063.0,285.0,0.0,0,463.06,0.0,1,2.9,0.05,SPY211223P00441000,441.0,0,0.0,0.0,,0.0,normalDay
2021-12-22,4063.0,288.0,0.0,0,467.69,0.0,1,2.9,0.02,SPY211223P00441000,441.0,0,0.0,0.0,,0.0,normalDay
2021-12-23,4353.0,0.0,290.0,0,470.6,0.0,1,2.9,0.0,SPY211223P00441000,441.0,0,0.0,0.0,,0.0,expirationDay
2021-12-27,4353.0,-3.0,0.0,0,477.26,0.0,1,1.16,1.19,SPY220128P00430000,430.0,0,0.0,0.0,,0.0,normalDay
2021-12-28,4353.0,3.0,0.0,0,476.87,0.0,1,1.16,1.13,SPY220128P00430000,430.0,0,0.0,0.0,,0.0,normalDay
2021-12-29,4353.0,24.0,0.0,0,477.48,0.0,1,1.16,0.92,SPY220128P00430000,430.0,0,0.0,0.0,,0.0,normalDay
2021-12-30,4353.0,15.0,0.0,0,476.16,0.0,1,1.16,1.01,SPY220128P00430000,430.0,0,0.0,0.0,,0.0,normalDay
2021-12-31,4353.0,24.0,0.0,0,474.96,0.0,1,1.16,0.92,SPY220128P00430000,430.0,0,0.0,0.0,,0.0,normalDay
2022-01-03,4353.0,51.0,0.0,0,477.71,0.0,1,1.16,0.65,SPY220128P00430000,430.0,0,0.0,0.0,,0.0,normalDay
2022-01-04,4353.0,52.0,0.0,0,477.55,0.0,1,1.16,0.64,SPY220128P00430000,430.0,0,0.0,0.0,,0.0,normalDay
2022-01-05,4353.0,-17.0,0.0,0,468.38,0.0,1,1.16,1.33,SPY220128P00430000,430.0,0,0.0,0.0,,0.0,normalDay
2022-01-06,4353.0,-1.0,0.0,0,467.94,0.0,1,1.16,1.17,SPY220128P00430000,430.0,0,0.0,0.0,,0.0,normalDay
2022-01-07,4353.0,21.0,0.0,0,466.09,0.0,1,1.16,0.95,SPY220128P00430000,430.0,0,0.0,0.0,,0.0,normalDay
2022-01-10,4353.0,20.0,0.0,0,465.51,0.0,1,1.16,0.96,SPY220128P00430000,430.0,0,0.0,0.0,,0.0,normalDay
2022-01-11,4353.0,50.0,0.0,0,469.75,0.0,1,1.16,0.66,SPY220128P00430000,430.0,0,0.0,0.0,,0.0,normalDay
2022-01-12,4353.0,70.0,0.0,0,471.02,0.0,1,1.16,0.46,SPY220128P00430000,430.0,0,0.0,0.0,,0.0,normalDay
2022-01-13,4353.0,26.0,0.0,0,464.53,0.0,1,1.16,0.9,SPY220128P00430000,430.0,0,0.0,0.0,,0.0,normalDay
2022-01-14,4353.0,54.0,0.0,0,464.72,0.0,1,1.16,0.62,SPY220128P00430000,430.0,0,0.0,0.0,,0.0,normalDay
2022-01-18,4353.0,1.0,0.0,0,456.49,0.0,1,1.16,1.15,SPY220128P00430000,430.0,0,0.0,0.0,,0.0,normalDay
2022-01-19,4353.0,-3.0,0.0,0,451.75,0.0,1,1.16,1.19,SPY220128P00430000,430.0,0,0.0,0.0,,0.0,normalDay
2022-01-20,4353.0,-73.0,0.0,0,446.75,0.0,1,1.16,1.89,SPY220128P00430000,430.0,0,0.0,0.0,,0.0,normalDay
2022-01-21,4353.0,-285.0,0.0,0,437.98,0.0,1,1.16,4.01,SPY220128P00430000,430.0,0,0.0,0.0,,0.0,normalDay
2022-01-24,4353.0,-271.0,0.0,0,439.84,0.0,1,1.16,3.87,SPY220128P00430000,430.0,0,0.0,0.0,,0.0,normalDay
2022-01-25,4353.0,-399.0,0.0,0,434.47,0.0,1,1.16,5.15,SPY220128P00430000,430.0,0,0.0,0.0,,0.0,normalDay
2022-01-26,4353.0,-288.0,0.0,0,433.38,0.0,1,1.16,4.04,SPY220128P00430000,430.0,0,0.0,0.0,,0.0,normalDay
2022-01-27,4353.0,-138.0,0.0,0,431.24,0.0,1,1.16,2.54,SPY220128P00430000,430.0,0,0.0,0.0,,0.0,normalDay
2022-01-28,4469.0,0.0,116.0,0,441.95,0.0,1,1.16,0.0,SPY220128P00430000,430.0,0,0.0,0.0,,0.0,expirationDay
2022-01-31,4469.0,-3.0,0.0,0,449.91,0.0,1,1.1,1.13,SPY220304P00380000,380.0,0,0.0,0.0,,0.0,normalDay
2022-02-01,4469.0,37.0,0.0,0,452.95,0.0,1,1.1,0.73,SPY220304P00380000,380.0,0,0.0,0.0,,0.0,normalDay
2022-02-02,4469.0,48.0,0.0,0,457.35,0.0,1,1.1,0.62,SPY220304P00380000,380.0,0,0.0,0.0,,0.0,normalDay
2022-02-03,4469.0,20.0,0.0,0,446.6,0.0,1,1.1,0.9,SPY220304P00380000,380.0,0,0.0,0.0,,0.0,normalDay
2022-02-04,4469.0,34.0,0.0,0,448.7,0.0,1,1.1,0.76,SPY220304P00380000,380.0,0,0.0,0.0,,0.0,normalDay
2022-02-07,4469.0,55.0,0.0,0,447.26,0.0,1,1.1,0.55,SPY220304P00380000,380.0,0,0.0,0.0,,0.0,normalDay
2022-02-08,4469.0,68.0,0.0,0,450.94,0.0,1,1.1,0.42,SPY220304P00380000,380.0,0,0.0,0.0,,0.0,normalDay
2022-02-09,4469.0,83.0,0.0,0,457.54,0.0,1,1.1,0.27,SPY220304P00380000,380.0,0,0.0,0.0,,0.0,normalDay
2022-02-10,4469.0,55.0,0.0,0,449.32,0.0,1,1.1,0.55,SPY220304P00380000,380.0,0,0.0,0.0,,0.0,normalDay
2022-02-11,4469.0,12.0,0.0,0,440.46,0.0,1,1.1,0.98,SPY220304P00380000,380.0,0,0.0,0.0,,0.0,normalDay
2022-02-14,4469.0,25.0,0.0,0,439.02,0.0,1,1.1,0.85,SPY220304P00380000,380.0,0,0.0,0.0,,0.0,normalDay
2022-02-15,4469.0,59.0,0.0,0,446.1,0.0,1,1.1,0.51,SPY220304P00380000,380.0,0,0.0,0.0,,0.0,normalDay
2022-02-16,4469.0,78.0,0.0,0,446.6,0.0,1,1.1,0.32,SPY220304P00380000,380.0,0,0.0,0.0,,0.0,normalDay
2022-02-17,4469.0,45.0,0.0,0,437.06,0.0,1,1.1,0.65,SPY220304P00380000,380.0,0,0.0,0.0,,0.0,normalDay
2022-02-18,4469.0,61.0,0.0,0,434.23,0.0,1,1.1,0.49,SPY220304P00380000,380.0,0,0.0,0.0,,0.0,normalDay
2022-02-22,4469.0,77.0,0.0,0,429.57,0.0,1,1.1,0.33,SPY220304P00380000,380.0,0,0.0,0.0,,0.0,normalDay
2022-02-23,4469.0,65.0,0.0,0,421.95,0.0,1,1.1,0.45,SPY220304P00380000,380.0,0,0.0,0.0,,0.0,normalDay
2022-02-24,4469.0,76.0,0.0,0,428.3,0.0,1,1.1,0.34,SPY220304P00380000,380.0,0,0.0,0.0,,0.0,normalDay
2022-02-25,4469.0,94.0,0.0,0,437.75,0.0,1,1.1,0.16,SPY220304P00380000,380.0,0,0.0,0.0,,0.0,normalDay
2022-02-28,4469.0,90.0,0.0,0,436.63,0.0,1,1.1,0.2,SPY220304P00380000,380.0,0,0.0,0.0,,0.0,normalDay
2022-03-01,4469.0,102.0,0.0,0,429.98,0.0,1,1.1,0.08,SPY220304P00380000,380.0,0,0.0,0.0,,0.0,normalDay
2022-03-02,4469.0,107.0,0.0,0,437.89,0.0,1,1.1,0.03,SPY220304P00380000,380.0,0,0.0,0.0,,0.0,normalDay
2022-03-03,4469.0,108.0,0.0,0,435.71,0.0,1,1.1,0.02,SPY220304P00380000,380.0,0,0.0,0.0,,0.0,normalDay
2022-03-04,4579.0,0.0,110.0,0,432.17,0.0,1,1.1,0.0,SPY220304P00380000,380.0,0,0.0,0.0,,0.0,expirationDay
2022-03-07,4579.0,-6.0,0.0,0,419.43,0.0,1,7.14,7.2,SPY220408P00390000,390.0,0,0.0,0.0,,0.0,normalDay
2022-03-08,4579.0,0.0,0.0,0,416.25,0.0,1,7.14,7.14,SPY220408P00390000,390.0,0,0.0,0.0,,0.0,normalDay
2022-03-09,4579.0,283.0,0.0,0,427.41,0.0,1,7.14,4.31,SPY220408P00390000,390.0,0,0.0,0.0,,0.0,normalDay
2022-03-10,4579.0,312.0,0.0,0,425.48,0.0,1,7.14,4.02,SPY220408P00390000,390.0,0,0.0,0.0,,0.0,normalDay
2022-03-11,4579.0,254.0,0.0,0,420.07,0.0,1,7.14,4.6,SPY220408P00390000,390.0,0,0.0,0.0,,0.0,normalDay
2022-03-14,4579.0,227.0,0.0,0,417.0,0.0,1,7.14,4.87,SPY220408P00390000,390.0,0,0.0,0.0,,0.0,normalDay
2022-03-15,4579.0,398.0,0.0,0,426.17,0.0,1,7.14,3.16,SPY220408P00390000,390.0,0,0.0,0.0,,0.0,normalDay
2022-03-16,4579.0,545.0,0.0,0,435.62,0.0,1,7.14,1.69,SPY220408P00390000,390.0,0,0.0,0.0,,0.0,normalDay
2022-03-17,4579.0,591.0,0.0,0,441.07,0.0,1,7.14,1.23,SPY220408P00390000,390.0,0,0.0,0.0,,0.0,normalDay
2022-03-18,4579.0,628.0,0.0,0,444.52,0.0,1,7.14,0.86,SPY220408P00390000,390.0,0,0.0,0.0,,0.0,normalDay
2022-03-21,4579.0,655.0,0.0,0,444.39,0.0,1,7.14,0.59,SPY220408P00390000,390.0,0,0.0,0.0,,0.0,normalDay
2022-03-22,4579.0,665.0,0.0,0,449.59,0.0,1,7.14,0.49,SPY220408P00390000,390.0,0,0.0,0.0,,0.0,normalDay
2022-03-23,4579.0,662.0,0.0,0,443.8,0.0,1,7.14,0.52,SPY220408P00390000,390.0,0,0.0,0.0,,0.0,normalDay
2022-03-24,4579.0,684.0,0.0,0,450.49,0.0,1,7.14,0.3,SPY220408P00390000,390.0,0,0.0,0.0,,0.0,normalDay
2022-03-25,4579.0,691.0,0.0,0,452.69,0.0,1,7.14,0.23,SPY220408P00390000,390.0,0,0.0,0.0,,0.0,normalDay
2022-03-28,4579.0,703.0,0.0,0,455.91,0.0,1,7.14,0.11,SPY220408P00390000,390.0,0,0.0,0.0,,0.0,normalDay
2022-03-29,4579.0,705.0,0.0,0,461.55,0.0,1,7.14,0.09,SPY220408P00390000,390.0,0,0.0,0.0,,0.0,normalDay
2022-03-30,4579.0,706.0,0.0,0,458.7,0.0,1,7.14,0.08,SPY220408P00390000,390.0,0,0.0,0.0,,0.0,normalDay
2022-03-31,4579.0,703.0,0.0,0,451.64,0.0,1,7.14,0.11,SPY220408P00390000,390.0,0,0.0,0.0,,0.0,normalDay
2022-04-01,4579.0,709.0,0.0,0,452.92,0.0,1,7.14,0.05,SPY220408P00390000,390.0,0,0.0,0.0,,0.0,normalDay
2022-04-04,4579.0,711.0,0.0,0,456.8,0.0,1,7.14,0.03,SPY220408P00390000,390.0,0,0.0,0.0,,0.0,normalDay
2022-04-05,4579.0,711.0,0.0,0,451.03,0.0,1,7.14,0.03,SPY220408P00390000,390.0,0,0.0,0.0,,0.0,normalDay
2022-04-06,4579.0,712.0,0.0,0,446.52,0.0,1,7.14,0.02,SPY220408P00390000,390.0,0,0.0,0.0,,0.0,normalDay
2022-04-07,4579.0,713.0,0.0,0,448.77,0.0,1,7.14,0.01,SPY220408P00390000,390.0,0,0.0,0.0,,0.0,normalDay
2022-04-08,5293.0,0.0,714.0,0,447.57,0.0,1,7.14,0.0,SPY220408P00390000,390.0,0,0.0,0.0,,0.0,expirationDay
2022-04-11,5293.0,-5.0,0.0,0,439.92,0.0,1,3.24,3.29,SPY220513P00408000,408.0,0,0.0,0.0,,0.0,normalDay
2022-04-12,5293.0,-12.0,0.0,0,438.29,0.0,1,3.24,3.36,SPY220513P00408000,408.0,0,0.0,0.0,,0.0,normalDay
2022-04-13,5293.0,109.0,0.0,0,443.31,0.0,1,3.24,2.15,SPY220513P00408000,408.0,0,0.0,0.0,,0.0,normalDay
2022-04-14,5293.0,54.0,0.0,0,437.79,0.0,1,3.24,2.7,SPY220513P00408000,408.0,0,0.0,0.0,,0.0,normalDay
2022-04-18,5293.0,124.0,0.0,0,437.97,0.0,1,3.24,2.0,SPY220513P00408000,408.0,0,0.0,0.0,,0.0,normalDay
2022-04-19,5293.0,174.0,0.0,0,445.04,0.0,1,3.24,1.5,SPY220513P00408000,408.0,0,0.0,0.0,,0.0,normalDay
2022-04-20,5293.0,210.0,0.0,0,444.71,0.0,1,3.24,1.14,SPY220513P00408000,408.0,0,0.0,0.0,,0.0,normalDay
2022-04-21,5293.0,120.0,0.0,0,438.06,0.0,1,3.24,2.04,SPY220513P00408000,408.0,0,0.0,0.0,,0.0,normalDay
2022-04-22,5293.0,-187.0,0.0,0,426.04,0.0,1,3.24,5.11,SPY220513P00408000,408.0,0,0.0,0.0,,0.0,normalDay
2022-04-25,5293.0,-48.0,0.0,0,428.51,0.0,1,3.24,3.72,SPY220513P00408000,408.0,0,0.0,0.0,,0.0,normalDay
2022-04-26,5293.0,-520.0,0.0,0,416.1,0.0,1,3.24,8.44,SPY220513P00408000,408.0,0,0.0,0.0,,0.0,normalDay
2022-04-27,5293.0,-326.0,0.0,0,417.27,0.0,1,3.24,6.5,SPY220513P00408000,408.0,0,0.0,0.0,,0.0,normalDay
2022-04-28,5293.0,-84.0,0.0,0,427.81,0.0,1,3.24,4.08,SPY220513P00408000,408.0,0,0.0,0.0,,0.0,normalDay
2022-04-29,5293.0,-472.0,0.0,0,412.0,0.0,1,3.24,7.96,SPY220513P00408000,408.0,0,0.0,0.0,,0.0,normalDay
2022-05-02,5293.0,-315.0,0.0,0,414.48,0.0,1,3.24,6.39,SPY220513P00408000,408.0,0,0.0,0.0,,0.0,normalDay
2022-05-03,5293.0,-149.0,0.0,0,416.38,0.0,1,3.24,4.73,SPY220513P00408000,408.0,0,0.0,0.0,,0.0,normalDay
2022-05-04,5293.0,181.0,0.0,0,429.06,0.0,1,3.24,1.43,SPY220513P00408000,408.0,0,0.0,0.0,,0.0,normalDay
2022-05-05,5293.0,-238.0,0.0,0,413.81,0.0,1,3.24,5.62,SPY220513P00408000,408.0,0,0.0,0.0,,0.0,normalDay
2022-05-06,5293.0,-253.0,0.0,0,411.34,0.0,1,3.24,5.77,SPY220513P00408000,408.0,0,0.0,0.0,,0.0,normalDay
2022-05-09,5293.0,-862.0,0.0,0,398.17,0.0,1,3.24,11.86,SPY220513P00408000,408.0,0,0.0,0.0,,0.0,normalDay
2022-05-10,5293.0,-798.0,0.0,0,399.09,0.0,1,3.24,11.22,SPY220513P00408000,408.0,0,0.0,0.0,,0.0,normalDay
2022-05-11,5293.0,-1212.0,0.0,0,392.75,0.0,1,3.24,15.36,SPY220513P00408000,408.0,0,0.0,0.0,,0.0,normalDay
2022-05-12,5293.0,-1267.0,0.0,0,392.34,0.0,1,3.24,15.91,SPY220513P00408000,408.0,0,0.0,0.0,,0.0,normalDay
2022-05-13,5617.0,-628.0,324.0,100,401.72,408.0,1,3.24,0.0,SPY220513P00408000,408.0,0,0.0,0.0,,0.0,expirationDay
2022-05-16,5617.0,-797.0,0.0,100,400.09,408.0,0,0.0,0.0,,0.0,1,7.31,7.37,SPY220715C00418000,418.0,normalDay
2022-05-17,5617.0,-271.0,0.0,100,408.32,408.0,0,0.0,0.0,,0.0,1,7.31,10.34,SPY220715C00418000,418.0,normalDay
2022-05-18,5617.0,-1374.0,0.0,100,391.86,408.0,0,0.0,0.0,,0.0,1,7.31,4.91,SPY220715C00418000,418.0,normalDay
2022-05-19,5617.0,-1505.0,0.0,100,389.46,408.0,0,0.0,0.0,,0.0,1,7.31,3.82,SPY220715C00418000,418.0,normalDay
2022-05-20,5617.0,-1492.0,0.0,100,389.63,408.0,0,0.0,0.0,,0.0,1,7.31,3.86,SPY220715C00418000,418.0,normalDay
2022-05-23,5617.0,-960.0,0.0,100,396.92,408.0,0,0.0,0.0,,0.0,1,7.31,5.83,SPY220715C00418000,418.0,normalDay
2022-05-24,5617.0,-1189.0,0.0,100,393.89,408.0,0,0.0,0.0,,0.0,1,7.31,5.09,SPY220715C00418000,418.0,normalDay
2022-05-25,5617.0,-894.0,0.0,100,397.37,408.0,0,0.0,0.0,,0.0,1,7.31,5.62,SPY220715C00418000,418.0,normalDay
2022-05-26,5617.0,-322.0,0.0,100,405.31,408.0,0,0.0,0.0,,0.0,1,7.31,7.84,SPY220715C00418000,418.0,normalDay
2022-05-27,5617.0,249.0,0.0,100,415.26,408.0,0,0.0,0.0,,0.0,1,7.31,12.08,SPY220715C00418000,418.0,normalDay
2022-05-31,5617.0,211.0,0.0,100,412.93,408.0,0,0.0,0.0,,0.0,1,7.31,10.13,SPY220715C00418000,418.0,normalDay
2022-06-01,5617.0,66.0,0.0,100,409.59,408.0,0,0.0,0.0,,0.0,1,7.31,8.24,SPY220715C00418000,418.0,normalDay
2022-06-02,5617.0,501.0,0.0,100,417.39,408.0,0,0.0,0.0,,0.0,1,7.31,11.69,SPY220715C00418000,418.0,normalDay
2022-06-03,5617.0,158.0,0.0,100,410.54,408.0,0,0.0,0.0,,0.0,1,7.31,8.27,SPY220715C00418000,418.0,normalDay
2022-06-06,5617.0,279.0,0.0,100,411.79,408.0,0,0.0,0.0,,0.0,1,7.31,8.31,SPY220715C00418000,418.0,normalDay
2022-06-07,5617.0,537.0,0.0,100,415.74,408.0,0,0.0,0.0,,0.0,1,7.31,9.68,SPY220715C00418000,418.0,normalDay
2022-06-08,5617.0,301.0,0.0,100,411.22,408.0,0,0.0,0.0,,0.0,1,7.31,7.52,SPY220715C00418000,418.0,normalDay
2022-06-09,5617.0,-364.0,0.0,100,401.44,408.0,0,0.0,0.0,,0.0,1,7.31,4.39,SPY220715C00418000,418.0,normalDay
2022-06-10,5617.0,-1286.0,0.0,100,389.8,408.0,0,0.0,0.0,,0.0,1,7.31,1.97,SPY220715C00418000,418.0,normalDay
2022-06-13,5617.0,-2643.0,0.0,100,375.0,408.0,0,0.0,0.0,,0.0,1,7.31,0.74,SPY220715C00418000,418.0,normalDay
2022-06-14,5617.0,-2739.0,0.0,100,373.87,408.0,0,0.0,0.0,,0.0,1,7.31,0.57,SPY220715C00418000,418.0,normalDay
2022-06-15,5617.0,-2221.0,0.0,100,379.2,408.0,0,0.0,0.0,,0.0,1,7.31,0.72,SPY220715C00418000,418.0,normalDay
2022-06-16,5617.0,-3435.0,0.0,100,366.65,408.0,0,0.0,0.0,,0.0,1,7.31,0.31,SPY220715C00418000,418.0,normalDay
2022-06-17,5617.0,-3516.0,0.0,100,365.86,408.0,0,0.0,0.0,,0.0,1,7.31,0.33,SPY220715C00418000,418.0,normalDay
2022-06-21,5617.0,-2599.0,0.0,100,375.07,408.0,0,0.0,0.0,,0.0,1,7.31,0.37,SPY220715C00418000,418.0,normalDay
2022-06-22,5617.0,-2664.0,0.0,100,374.39,408.0,0,0.0,0.0,,0.0,1,7.31,0.34,SPY220715C00418000,418.0,normalDay
2022-06-23,5617.0,-2298.0,0.0,100,378.06,408.0,0,0.0,0.0,,0.0,1,7.31,0.35,SPY220715C00418000,418.0,normalDay
2022-06-24,5617.0,-1145.0,0.0,100,390.08,408.0,0,0.0,0.0,,0.0,1,7.31,0.84,SPY220715C00418000,418.0,normalDay
2022-06-27,5617.0,-1276.0,0.0,100,388.59,408.0,0,0.0,0.0,,0.0,1,7.31,0.66,SPY220715C00418000,418.0,normalDay
2022-06-28,5617.0,-2028.0,0.0,100,380.65,408.0,0,0.0,0.0,,0.0,1,7.31,0.24,SPY220715C00418000,418.0,normalDay
2022-06-29,5617.0,-2057.0,0.0,100,380.34,408.0,0,0.0,0.0,,0.0,1,7.31,0.22,SPY220715C00418000,418.0,normalDay
2022-06-30,5617.0,-2355.0,0.0,100,377.25,408.0,0,0.0,0.0,,0.0,1,7.31,0.11,SPY220715C00418000,418.0,normalDay
2022-07-01,5617.0,-1953.0,0.0,100,381.24,408.0,0,0.0,0.0,,0.0,1,7.31,0.08,SPY220715C00418000,418.0,normalDay
2022-07-05,5617.0,-1879.0,0.0,100,381.96,408.0,0,0.0,0.0,,0.0,1,7.31,0.06,SPY220715C00418000,418.0,normalDay
2022-07-06,5617.0,-1748.0,0.0,100,383.25,408.0,0,0.0,0.0,,0.0,1,7.31,0.04,SPY220715C00418000,418.0,normalDay
2022-07-07,5617.0,-1174.0,0.0,100,388.99,408.0,0,0.0,0.0,,0.0,1,7.31,0.04,SPY220715C00418000,418.0,normalDay
2022-07-08,5617.0,-1204.0,0.0,100,388.67,408.0,0,0.0,0.0,,0.0,1,7.31,0.02,SPY220715C00418000,418.0,normalDay
2022-07-11,5617.0,-1647.0,0.0,100,384.23,408.0,0,0.0,0.0,,0.0,1,7.31,0.01,SPY220715C00418000,418.0,normalDay
2022-07-12,5617.0,-1987.0,0.0,100,380.83,408.0,0,0.0,0.0,,0.0,1,7.31,0.01,SPY220715C00418000,418.0,normalDay
2022-07-13,5617.0,-2187.0,0.0,100,378.83,408.0,0,0.0,0.0,,0.0,1,7.31,0.01,SPY220715C00418000,418.0,normalDay
2022-07-14,5617.0,-2279.0,0.0,100,377.91,408.0,0,0.0,0.0,,0.0,1,7.31,0.01,SPY220715C00418000,418.0,normalDay
2022-07-15,6348.0,-2287.0,731.0,100,385.13,408.0,0,0.0,0.0,,0.0,1,7.31,0.0,SPY220715C00418000,418.0,expirationDay
2022-07-18,6348.0,-2613.0,0.0,100,381.95,408.0,0,0.0,0.0,,0.0,1,16.58,16.66,SPY220930C00382000,382.0,normalDay
2022-07-19,6348.0,-2248.0,0.0,100,392.27,408.0,0,0.0,0.0,,0.0,1,16.58,23.33,SPY220930C00382000,382.0,normalDay
2022-07-20,6348.0,-2132.0,0.0,100,394.77,408.0,0,0.0,0.0,,0.0,1,16.58,24.67,SPY220930C00382000,382.0,normalDay
2022-07-21,6348.0,-1925.0,0.0,100,398.79,408.0,0,0.0,0.0,,0.0,1,16.58,26.62,SPY220930C00382000,382.0,normalDay
2022-07-22,6348.0,-1996.0,0.0,100,395.09,408.0,0,0.0,0.0,,0.0,1,16.58,23.63,SPY220930C00382000,382.0,normalDay
2022-07-25,6348.0,-2010.0,0.0,100,395.57,408.0,0,0.0,0.0,,0.0,1,16.58,24.25,SPY220930C00382000,382.0,normalDay
2022-07-26,6348.0,-2211.0,0.0,100,390.89,408.0,0,0.0,0.0,,0.0,1,16.58,21.58,SPY220930C00382000,382.0,normalDay
2022-07-27,6348.0,-1747.0,0.0,100,401.04,408.0,0,0.0,0.0,,0.0,1,16.58,27.09,SPY220930C00382000,382.0,normalDay
2022-07-28,6348.0,-1733.0,0.0,100,406.07,408.0,0,0.0,0.0,,0.0,1,16.58,31.98,SPY220930C00382000,382.0,normalDay
2022-07-29,6348.0,-1561.0,0.0,100,411.99,408.0,0,0.0,0.0,,0.0,1,16.58,36.18,SPY220930C00382000,382.0,normalDay
2022-08-01,6348.0,-1605.0,0.0,100,410.77,408.0,0,0.0,0.0,,0.0,1,16.58,35.4,SPY220930C00382000,382.0,normalDay
2022-08-02,6348.0,-1667.0,0.0,100,408.06,408.0,0,0.0,0.0,,0.0,1,16.58,33.31,SPY220930C00382000,382.0,normalDay
2022-08-03,6348.0,-1471.0,0.0,100,414.45,408.0,0,0.0,0.0,,0.0,1,16.58,37.74,SPY220930C00382000,382.0,normalDay
2022-08-04,6348.0,-1507.0,0.0,100,414.17,408.0,0,0.0,0.0,,0.0,1,16.58,37.82,SPY220930C00382000,382.0,normalDay
2022-08-05,6348.0,-1428.0,0.0,100,413.47,408.0,0,0.0,0.0,,0.0,1,16.58,36.33,SPY220930C00382000,382.0,normalDay
2022-08-08,6348.0,-1465.0,0.0,100,412.99,408.0,0,0.0,0.0,,0.0,1,16.58,36.22,SPY220930C00382000,382.0,normalDay
2022-08-09,6348.0,-1498.0,0.0,100,411.35,408.0,0,0.0,0.0,,0.0,1,16.58,34.91,SPY220930C00382000,382.0,normalDay
2022-08-10,6348.0,-1282.0,0.0,100,419.99,408.0,0,0.0,0.0,,0.0,1,16.58,41.39,SPY220930C00382000,382.0,normalDay
2022-08-11,6348.0,-1350.0,0.0,100,419.99,408.0,0,0.0,0.0,,0.0,1,16.58,42.07,SPY220930C00382000,382.0,normalDay
2022-08-12,6348.0,-1193.0,0.0,100,427.1,408.0,0,0.0,0.0,,0.0,1,16.58,47.61,SPY220930C00382000,382.0,normalDay
2022-08-15,6348.0,-1166.0,0.0,100,428.86,408.0,0,0.0,0.0,,0.0,1,16.58,49.1,SPY220930C00382000,382.0,normalDay
2022-08-16,6348.0,-1139.0,0.0,100,429.7,408.0,0,0.0,0.0,,0.0,1,16.58,49.67,SPY220930C00382000,382.0,normalDay
2022-08-17,6348.0,-1209.0,0.0,100,426.65,408.0,0,0.0,0.0,,0.0,1,16.58,47.32,SPY220930C00382000,382.0,normalDay
2022-08-18,6348.0,-1125.0,0.0,100,427.89,408.0,0,0.0,0.0,,0.0,1,16.58,47.72,SPY220930C00382000,382.0,normalDay
2022-08-19,6348.0,-1189.0,0.0,100,422.14,408.0,0,0.0,0.0,,0.0,1,16.58,42.61,SPY220930C00382000,382.0,normalDay
2022-08-22,6348.0,-1329.0,0.0,100,413.35,408.0,0,0.0,0.0,,0.0,1,16.58,35.22,SPY220930C00382000,382.0,normalDay
2022-08-23,6348.0,-1293.0,0.0,100,412.35,408.0,0,0.0,0.0,,0.0,1,16.58,33.86,SPY220930C00382000,382.0,normalDay
2022-08-24,6348.0,-1246.0,0.0,100,413.67,408.0,0,0.0,0.0,,0.0,1,16.58,34.71,SPY220930C00382000,382.0,normalDay
2022-08-25,6348.0,-1111.0,0.0,100,419.51,408.0,0,0.0,0.0,,0.0,1,16.58,39.2,SPY220930C00382000,382.0,normalDay
2022-08-26,6348.0,-1373.0,0.0,100,405.31,408.0,0,0.0,0.0,,0.0,1,16.58,27.62,SPY220930C00382000,382.0,normalDay
2022-08-29,6348.0,-1399.0,0.0,100,402.63,408.0,0,0.0,0.0,,0.0,1,16.58,25.2,SPY220930C00382000,382.0,normalDay
2022-08-30,6348.0,-1486.0,0.0,100,398.21,408.0,0,0.0,0.0,,0.0,1,16.58,21.65,SPY220930C00382000,382.0,normalDay
2022-08-31,6348.0,-1538.0,0.0,100,395.18,408.0,0,0.0,0.0,,0.0,1,16.58,19.14,SPY220930C00382000,382.0,normalDay
2022-09-01,6348.0,-1451.0,0.0,100,396.42,408.0,0,0.0,0.0,,0.0,1,16.58,19.51,SPY220930C00382000,382.0,normalDay
2022-09-02,6348.0,-1585.0,0.0,100,392.24,408.0,0,0.0,0.0,,0.0,1,16.58,16.67,SPY220930C00382000,382.0,normalDay
2022-09-06,6348.0,-1543.0,0.0,100,390.76,408.0,0,0.0,0.0,,0.0,1,16.58,14.77,SPY220930C00382000,382.0,normalDay
2022-09-07,6348.0,-1272.0,0.0,100,397.78,408.0,0,0.0,0.0,,0.0,1,16.58,19.08,SPY220930C00382000,382.0,normalDay
2022-09-08,6348.0,-1229.0,0.0,100,400.38,408.0,0,0.0,0.0,,0.0,1,16.58,21.25,SPY220930C00382000,382.0,normalDay
2022-09-09,6348.0,-1038.0,0.0,100,406.6,408.0,0,0.0,0.0,,0.0,1,16.58,25.56,SPY220930C00382000,382.0,normalDay
2022-09-12,6348.0,-1036.0,0.0,100,410.97,408.0,0,0.0,0.0,,0.0,1,16.58,29.91,SPY220930C00382000,382.0,normalDay
2022-09-13,6348.0,-1390.0,0.0,100,393.1,408.0,0,0.0,0.0,,0.0,1,16.58,15.58,SPY220930C00382000,382.0,normalDay
2022-09-14,6348.0,-1254.0,0.0,100,394.6,408.0,0,0.0,0.0,,0.0,1,16.58,15.72,SPY220930C00382000,382.0,normalDay
2022-09-15,6348.0,-1413.0,0.0,100,390.12,408.0,0,0.0,0.0,,0.0,1,16.58,12.83,SPY220930C00382000,382.0,normalDay
2022-09-16,6348.0,-1627.0,0.0,100,385.56,408.0,0,0.0,0.0,,0.0,1,16.58,10.41,SPY220930C00382000,382.0,normalDay
2022-09-19,6348.0,-1441.0,0.0,100,388.55,408.0,0,0.0,0.0,,0.0,1,16.58,11.54,SPY220930C00382000,382.0,normalDay
2022-09-20,6348.0,-1648.0,0.0,100,384.09,408.0,0,0.0,0.0,,0.0,1,16.58,9.15,SPY220930C00382000,382.0,normalDay
2022-09-21,6348.0,-1905.0,0.0,100,377.39,408.0,0,0.0,0.0,,0.0,1,16.58,5.02,SPY220930C00382000,382.0,normalDay
2022-09-22,6348.0,-2010.0,0.0,100,374.22,408.0,0,0.0,0.0,,0.0,1,16.58,2.9,SPY220930C00382000,382.0,normalDay
2022-09-23,6348.0,-2451.0,0.0,100,367.95,408.0,0,0.0,0.0,,0.0,1,16.58,1.04,SPY220930C00382000,382.0,normalDay
2022-09-26,6348.0,-2761.0,0.0,100,364.31,408.0,0,0.0,0.0,,0.0,1,16.58,0.5,SPY220930C00382000,382.0,normalDay
2022-09-27,6348.0,-2822.0,0.0,100,363.38,408.0,0,0.0,0.0,,0.0,1,16.58,0.18,SPY220930C00382000,382.0,normalDay
2022-09-28,6348.0,-2126.0,0.0,100,370.53,408.0,0,0.0,0.0,,0.0,1,16.58,0.37,SPY220930C00382000,382.0,normalDay
2022-09-29,6348.0,-2865.0,0.0,100,362.79,408.0,0,0.0,0.0,,0.0,1,16.58,0.02,SPY220930C00382000,382.0,normalDay
2022-09-30,8006.0,-5082.0,1658.0,100,357.18,408.0,0,0.0,0.0,,0.0,1,16.58,0.0,SPY220930C00382000,382.0,expirationDay
2022-10-03,8006.0,-4145.0,0.0,100,366.61,408.0,0,0.0,0.0,,0.0,1,9.92,9.98,SPY221216C00384000,384.0,normalDay
2022-10-04,8006.0,-3501.0,0.0,100,377.97,408.0,0,0.0,0.0,,0.0,1,9.92,14.9,SPY221216C00384000,384.0,normalDay
2022-10-05,8006.0,-3557.0,0.0,100,377.09,408.0,0,0.0,0.0,,0.0,1,9.92,14.58,SPY221216C00384000,384.0,normalDay
2022-10-06,8006.0,-3767.0,0.0,100,373.2,408.0,0,0.0,0.0,,0.0,1,9.92,12.79,SPY221216C00384000,384.0,normalDay
2022-10-07,8006.0,-4341.0,0.0,100,362.79,408.0,0,0.0,0.0,,0.0,1,9.92,8.12,SPY221216C00384000,384.0,normalDay
2022-10-10,8006.0,-4562.0,0.0,100,360.02,408.0,0,0.0,0.0,,0.0,1,9.92,7.56,SPY221216C00384000,384.0,normalDay
2022-10-11,8006.0,-4728.0,0.0,100,357.74,408.0,0,0.0,0.0,,0.0,1,9.92,6.94,SPY221216C00384000,384.0,normalDay
2022-10-12,8006.0,-4803.0,0.0,100,356.56,408.0,0,0.0,0.0,,0.0,1,9.92,6.51,SPY221216C00384000,384.0,normalDay
2022-10-13,8006.0,-4178.0,0.0,100,365.97,408.0,0,0.0,0.0,,0.0,1,9.92,9.67,SPY221216C00384000,384.0,normalDay
2022-10-14,8006.0,-4694.0,0.0,100,357.63,408.0,0,0.0,0.0,,0.0,1,9.92,6.49,SPY221216C00384000,384.0,normalDay
2022-10-17,8006.0,-4092.0,0.0,100,366.82,408.0,0,0.0,0.0,,0.0,1,9.92,9.66,SPY221216C00384000,384.0,normalDay
2022-10-18,8006.0,-3836.0,0.0,100,371.13,408.0,0,0.0,0.0,,0.0,1,9.92,11.41,SPY221216C00384000,384.0,normalDay
2022-10-19,8006.0,-3922.0,0.0,100,368.5,408.0,0,0.0,0.0,,0.0,1,9.92,9.64,SPY221216C00384000,384.0,normalDay
2022-10-20,8006.0,-4095.0,0.0,100,365.41,408.0,0,0.0,0.0,,0.0,1,9.92,8.28,SPY221216C00384000,384.0,normalDay
2022-10-21,8006.0,-3578.0,0.0,100,374.29,408.0,0,0.0,0.0,,0.0,1,9.92,11.99,SPY221216C00384000,384.0,normalDay
2022-10-24,8006.0,-3325.0,0.0,100,378.87,408.0,0,0.0,0.0,,0.0,1,9.92,14.04,SPY221216C00384000,384.0,normalDay
2022-10-25,8006.0,-2909.0,0.0,100,384.92,408.0,0,0.0,0.0,,0.0,1,9.92,15.93,SPY221216C00384000,384.0,normalDay
2022-10-26,8006.0,-3109.0,0.0,100,382.02,408.0,0,0.0,0.0,,0.0,1,9.92,15.03,SPY221216C00384000,384.0,normalDay
2022-10-27,8006.0,-2941.0,0.0,100,379.98,408.0,0,0.0,0.0,,0.0,1,9.92,11.31,SPY221216C00384000,384.0,normalDay
2022-10-28,8006.0,-2726.0,0.0,100,389.02,408.0,0,0.0,0.0,,0.0,1,9.92,18.2,SPY221216C00384000,384.0,normalDay
2022-10-31,8006.0,-2778.0,0.0,100,386.21,408.0,0,0.0,0.0,,0.0,1,9.92,15.91,SPY221216C00384000,384.0,normalDay
2022-11-01,8006.0,-2801.0,0.0,100,384.52,408.0,0,0.0,0.0,,0.0,1,9.92,14.45,SPY221216C00384000,384.0,normalDay
2022-11-02,8006.0,-3252.0,0.0,100,374.87,408.0,0,0.0,0.0,,0.0,1,9.92,9.31,SPY221216C00384000,384.0,normalDay
2022-11-03,8006.0,-3457.0,0.0,100,371.01,408.0,0,0.0,0.0,,0.0,1,9.92,7.5,SPY221216C00384000,384.0,normalDay
2022-11-04,8006.0,-3113.0,0.0,100,376.35,408.0,0,0.0,0.0,,0.0,1,9.92,9.4,SPY221216C00384000,384.0,normalDay
2022-11-07,8006.0,-2877.0,0.0,100,379.95,408.0,0,0.0,0.0,,0.0,1,9.92,10.64,SPY221216C00384000,384.0,normalDay
2022-11-08,8006.0,-2762.0,0.0,100,382.0,408.0,0,0.0,0.0,,0.0,1,9.92,11.54,SPY221216C00384000,384.0,normalDay
2022-11-09,8006.0,-3204.0,0.0,100,374.13,408.0,0,0.0,0.0,,0.0,1,9.92,8.09,SPY221216C00384000,384.0,normalDay
2022-11-10,8006.0,-2256.0,0.0,100,394.69,408.0,0,0.0,0.0,,0.0,1,9.92,19.17,SPY221216C00384000,384.0,normalDay
2022-11-11,8006.0,-2056.0,0.0,100,398.51,408.0,0,0.0,0.0,,0.0,1,9.92,20.99,SPY221216C00384000,384.0,normalDay
2022-11-14,8006.0,-2175.0,0.0,100,395.12,408.0,0,0.0,0.0,,0.0,1,9.92,18.79,SPY221216C00384000,384.0,normalDay
2022-11-15,8006.0,-2053.0,0.0,100,398.49,408.0,0,0.0,0.0,,0.0,1,9.92,20.94,SPY221216C00384000,384.0,normalDay
2022-11-16,8006.0,-2104.0,0.0,100,395.45,408.0,0,0.0,0.0,,0.0,1,9.92,18.41,SPY221216C00384000,384.0,normalDay
2022-11-17,8006.0,-2093.0,0.0,100,394.24,408.0,0,0.0,0.0,,0.0,1,9.92,17.09,SPY221216C00384000,384.0,normalDay
2022-11-18,8006.0,-1969.0,0.0,100,396.03,408.0,0,0.0,0.0,,0.0,1,9.92,17.64,SPY221216C00384000,384.0,normalDay
2022-11-21,8006.0,-1972.0,0.0,100,394.59,408.0,0,0.0,0.0,,0.0,1,9.92,16.23,SPY221216C00384000,384.0,normalDay
2022-11-22,8006.0,-1785.0,0.0,100,399.9,408.0,0,0.0,0.0,,0.0,1,9.92,19.67,SPY221216C00384000,384.0,normalDay
2022-11-23,8006.0,-1715.0,0.0,100,402.42,408.0,0,0.0,0.0,,0.0,1,9.92,21.49,SPY221216C00384000,384.0,normalDay
2022-11-25,8006.0,-1908.0,0.0,100,402.33,408.0,0,0.0,0.0,,0.0,1,9.92,23.33,SPY221216C00384000,384.0,normalDay
2022-11-28,8006.0,-1837.0,0.0,100,395.91,408.0,0,0.0,0.0,,0.0,1,9.92,16.2,SPY221216C00384000,384.0,normalDay
2022-11-29,8006.0,-1818.0,0.0,100,395.23,408.0,0,0.0,0.0,,0.0,1,9.92,15.33,SPY221216C00384000,384.0,normalDay
2022-11-30,8006.0,-1599.0,0.0,100,407.68,408.0,0,0.0,0.0,,0.0,1,9.92,25.59,SPY221216C00384000,384.0,normalDay
2022-12-01,8006.0,-1533.0,0.0,100,407.38,408.0,0,0.0,0.0,,0.0,1,9.92,24.63,SPY221216C00384000,384.0,normalDay
2022-12-02,8006.0,-1500.0,0.0,100,406.91,408.0,0,0.0,0.0,,0.0,1,9.92,23.83,SPY221216C00384000,384.0,normalDay
2022-12-05,8006.0,-1629.0,0.0,100,399.59,408.0,0,0.0,0.0,,0.0,1,9.92,17.8,SPY221216C00384000,384.0,normalDay
2022-12-06,8006.0,-1773.0,0.0,100,393.83,408.0,0,0.0,0.0,,0.0,1,9.92,13.48,SPY221216C00384000,384.0,normalDay
2022-12-07,8006.0,-1762.0,0.0,100,393.16,408.0,0,0.0,0.0,,0.0,1,9.92,12.7,SPY221216C00384000,384.0,normalDay
2022-12-08,8006.0,-1644.0,0.0,100,396.24,408.0,0,0.0,0.0,,0.0,1,9.92,14.6,SPY221216C00384000,384.0,normalDay
2022-12-09,8006.0,-1695.0,0.0,100,393.28,408.0,0,0.0,0.0,,0.0,1,9.92,12.15,SPY221216C00384000,384.0,normalDay
2022-12-12,8006.0,-1546.0,0.0,100,398.95,408.0,0,0.0,0.0,,0.0,1,9.92,16.33,SPY221216C00384000,384.0,normalDay
2022-12-13,8006.0,-1474.0,0.0,100,401.97,408.0,0,0.0,0.0,,0.0,1,9.92,18.63,SPY221216C00384000,384.0,normalDay
2022-12-14,8006.0,-1506.0,0.0,100,399.4,408.0,0,0.0,0.0,,0.0,1,9.92,16.38,SPY221216C00384000,384.0,normalDay
2022-12-15,8006.0,-1422.0,0.0,100,389.63,408.0,0,0.0,0.0,,0.0,1,9.92,5.77,SPY221216C00384000,384.0,normalDay
2022-12-16,8998.0,-2473.0,992.0,100,383.27,408.0,0,0.0,0.0,,0.0,1,9.92,0.0,SPY221216C00384000,384.0,expirationDay
2022-12-19,8998.0,-2803.0,0.0,100,380.02,408.0,0,0.0,0.0,,0.0,1,6.52,6.57,SPY230217C00398000,398.0,normalDay
2022-12-20,8998.0,-2748.0,0.0,100,380.54,408.0,0,0.0,0.0,,0.0,1,6.52,6.54,SPY230217C00398000,398.0,normalDay
2022-12-21,8998.0,-2351.0,0.0,100,386.23,408.0,0,0.0,0.0,,0.0,1,6.52,8.26,SPY230217C00398000,398.0,normalDay
2022-12-22,8998.0,-2721.0,0.0,100,380.72,408.0,0,0.0,0.0,,0.0,1,6.52,6.45,SPY230217C00398000,398.0,normalDay
2022-12-23,8998.0,-2536.0,0.0,100,382.91,408.0,0,0.0,0.0,,0.0,1,6.52,6.79,SPY230217C00398000,398.0,normalDay
2022-12-27,8998.0,-2624.0,0.0,100,381.4,408.0,0,0.0,0.0,,0.0,1,6.52,6.16,SPY230217C00398000,398.0,normalDay
2022-12-28,8998.0,-2941.0,0.0,100,376.66,408.0,0,0.0,0.0,,0.0,1,6.52,4.59,SPY230217C00398000,398.0,normalDay
2022-12-29,8998.0,-2450.0,0.0,100,383.44,408.0,0,0.0,0.0,,0.0,1,6.52,6.46,SPY230217C00398000,398.0,normalDay
2022-12-30,8998.0,-2514.0,0.0,100,382.43,408.0,0,0.0,0.0,,0.0,1,6.52,6.09,SPY230217C00398000,398.0,normalDay
2023-01-03,8998.0,-2562.0,0.0,100,380.82,408.0,0,0.0,0.0,,0.0,1,6.52,4.96,SPY230217C00398000,398.0,normalDay
2023-01-04,8998.0,-2347.0,0.0,100,383.76,408.0,0,0.0,0.0,,0.0,1,6.52,5.75,SPY230217C00398000,398.0,normalDay
2023-01-05,8998.0,-2627.0,0.0,100,379.38,408.0,0,0.0,0.0,,0.0,1,6.52,4.17,SPY230217C00398000,398.0,normalDay
2023-01-06,8998.0,-2017.0,0.0,100,388.08,408.0,0,0.0,0.0,,0.0,1,6.52,6.77,SPY230217C00398000,398.0,normalDay
2023-01-09,8998.0,-2023.0,0.0,100,387.86,408.0,0,0.0,0.0,,0.0,1,6.52,6.61,SPY230217C00398000,398.0,normalDay
2023-01-10,8998.0,-1818.0,0.0,100,390.58,408.0,0,0.0,0.0,,0.0,1,6.52,7.28,SPY230217C00398000,398.0,normalDay
2023-01-11,8998.0,-1579.0,0.0,100,395.52,408.0,0,0.0,0.0,,0.0,1,6.52,9.83,SPY230217C00398000,398.0,normalDay
2023-01-12,8998.0,-1392.0,0.0,100,396.96,408.0,0,0.0,0.0,,0.0,1,6.52,9.4,SPY230217C00398000,398.0,normalDay
2023-01-13,8998.0,-1251.0,0.0,100,398.5,408.0,0,0.0,0.0,,0.0,1,6.52,9.53,SPY230217C00398000,398.0,normalDay
2023-01-17,8998.0,-1273.0,0.0,100,397.77,408.0,0,0.0,0.0,,0.0,1,6.52,9.02,SPY230217C00398000,398.0,normalDay
2023-01-18,8998.0,-1587.0,0.0,100,391.49,408.0,0,0.0,0.0,,0.0,1,6.52,5.88,SPY230217C00398000,398.0,normalDay
2023-01-19,8998.0,-1740.0,0.0,100,388.64,408.0,0,0.0,0.0,,0.0,1,6.52,4.56,SPY230217C00398000,398.0,normalDay
2023-01-20,8998.0,-1308.0,0.0,100,395.88,408.0,0,0.0,0.0,,0.0,1,6.52,7.48,SPY230217C00398000,398.0,normalDay
2023-01-23,8998.0,-1073.0,0.0,100,400.63,408.0,0,0.0,0.0,,0.0,1,6.52,9.88,SPY230217C00398000,398.0,normalDay
2023-01-24,8998.0,-1143.0,0.0,100,400.2,408.0,0,0.0,0.0,,0.0,1,6.52,10.15,SPY230217C00398000,398.0,normalDay
2023-01-25,8998.0,-1050.0,0.0,100,400.35,408.0,0,0.0,0.0,,0.0,1,6.52,9.37,SPY230217C00398000,398.0,normalDay
2023-01-26,8998.0,-887.0,0.0,100,404.75,408.0,0,0.0,0.0,,0.0,1,6.52,12.14,SPY230217C00398000,398.0,normalDay
2023-01-27,8998.0,-831.0,0.0,100,405.68,408.0,0,0.0,0.0,,0.0,1,6.52,12.51,SPY230217C00398000,398.0,normalDay
2023-01-30,8998.0,-1058.0,0.0,100,400.59,408.0,0,0.0,0.0,,0.0,1,6.52,9.69,SPY230217C00398000,398.0,normalDay
2023-01-31,8998.0,-788.0,0.0,100,406.48,408.0,0,0.0,0.0,,0.0,1,6.52,12.88,SPY230217C00398000,398.0,normalDay
2023-02-01,8998.0,-717.0,0.0,100,410.8,408.0,0,0.0,0.0,,0.0,1,6.52,16.49,SPY230217C00398000,398.0,normalDay
2023-02-02,8998.0,-466.0,0.0,100,416.78,408.0,0,0.0,0.0,,0.0,1,6.52,19.96,SPY230217C00398000,398.0,normalDay
2023-02-03,8998.0,-573.0,0.0,100,412.35,408.0,0,0.0,0.0,,0.0,1,6.52,16.6,SPY230217C00398000,398.0,normalDay
2023-02-06,8998.0,-607.0,0.0,100,409.83,408.0,0,0.0,0.0,,0.0,1,6.52,14.42,SPY230217C00398000,398.0,normalDay
2023-02-07,8998.0,-432.0,0.0,100,415.19,408.0,0,0.0,0.0,,0.0,1,6.52,18.03,SPY230217C00398000,398.0,normalDay
2023-02-08,8998.0,-560.0,0.0,100,410.65,408.0,0,0.0,0.0,,0.0,1,6.52,14.77,SPY230217C00398000,398.0,normalDay
2023-02-09,8998.0,-645.0,0.0,100,407.09,408.0,0,0.0,0.0,,0.0,1,6.52,12.06,SPY230217C00398000,398.0,normalDay
2023-02-10,8998.0,-548.0,0.0,100,408.04,408.0,0,0.0,0.0,,0.0,1,6.52,12.04,SPY230217C00398000,398.0,normalDay
2023-02-13,8998.0,-461.0,0.0,100,412.83,408.0,0,0.0,0.0,,0.0,1,6.52,15.96,SPY230217C00398000,398.0,normalDay
2023-02-14,8998.0,-349.0,0.0,100,412.64,408.0,0,0.0,0.0,,0.0,1,6.52,14.65,SPY230217C00398000,398.0,normalDay
2023-02-15,8998.0,-398.0,0.0,100,413.98,408.0,0,0.0,0.0,,0.0,1,6.52,16.48,SPY230217C00398000,398.0,normalDay
2023-02-16,8998.0,-380.0,0.0,100,408.28,408.0,0,0.0,0.0,,0.0,1,6.52,10.6,SPY230217C00398000,398.0,normalDay
2023-02-17,8650.0,-380.0,-348.0,0,407.26,0.0,0,0.0,0.0,,0.0,1,6.52,0.0,SPY230217C00398000,398.0,expirationDay
2023-02-21,8650.0,-5.0,0.0,0,399.09,0.0,1,4.48,4.53,SPY230324P00383000,383.0,0,0.0,0.0,,0.0,normalDay
2023-02-22,8650.0,11.0,0.0,0,398.54,0.0,1,4.48,4.37,SPY230324P00383000,383.0,0,0.0,0.0,,0.0,normalDay
2023-02-23,8650.0,88.0,0.0,0,400.66,0.0,1,4.48,3.6,SPY230324P00383000,383.0,0,0.0,0.0,,0.0,normalDay
2023-02-24,8650.0,-7.0,0.0,0,396.38,0.0,1,4.48,4.55,SPY230324P00383000,383.0,0,0.0,0.0,,0.0,normalDay
2023-02-27,8650.0,86.0,0.0,0,397.73,0.0,1,4.48,3.62,SPY230324P00383000,383.0,0,0.0,0.0,,0.0,normalDay
2023-02-28,8650.0,65.0,0.0,0,396.26,0.0,1,4.48,3.83,SPY230324P00383000,383.0,0,0.0,0.0,,0.0,normalDay
2023-03-01,8650.0,42.0,0.0,0,394.74,0.0,1,4.48,4.06,SPY230324P00383000,383.0,0,0.0,0.0,,0.0,normalDay
2023-03-02,8650.0,146.0,0.0,0,397.81,0.0,1,4.48,3.02,SPY230324P00383000,383.0,0,0.0,0.0,,0.0,normalDay
2023-03-03,8650.0,287.0,0.0,0,404.19,0.0,1,4.48,1.61,SPY230324P00383000,383.0,0,0.0,0.0,,0.0,normalDay
2023-03-06,8650.0,307.0,0.0,0,404.47,0.0,1,4.48,1.41,SPY230324P00383000,383.0,0,0.0,0.0,,0.0,normalDay
2023-03-07,8650.0,208.0,0.0,0,398.27,0.0,1,4.48,2.4,SPY230324P00383000,383.0,0,0.0,0.0,,0.0,normalDay
2023-03-08,8650.0,241.0,0.0,0,398.92,0.0,1,4.48,2.07,SPY230324P00383000,383.0,0,0.0,0.0,,0.0,normalDay
2023-03-09,8650.0,-21.0,0.0,0,391.56,0.0,1,4.48,4.69,SPY230324P00383000,383.0,0,0.0,0.0,,0.0,normalDay
2023-03-10,8650.0,-220.0,0.0,0,385.91,0.0,1,4.48,6.68,SPY230324P00383000,383.0,0,0.0,0.0,,0.0,normalDay
2023-03-13,8650.0,-252.0,0.0,0,385.36,0.0,1,4.48,7.0,SPY230324P00383000,383.0,0,0.0,0.0,,0.0,normalDay
2023-03-14,8650.0,80.0,0.0,0,391.73,0.0,1,4.48,3.68,SPY230324P00383000,383.0,0,0.0,0.0,,0.0,normalDay
2023-03-15,8650.0,-37.0,0.0,0,389.28,0.0,1,4.48,4.85,SPY230324P00383000,383.0,0,0.0,0.0,,0.0,normalDay
2023-03-16,8650.0,243.0,0.0,0,396.11,0.0,1,4.48,2.05,SPY230324P00383000,383.0,0,0.0,0.0,,0.0,normalDay
2023-03-17,8650.0,137.0,0.0,0,389.99,0.0,1,4.48,3.11,SPY230324P00383000,383.0,0,0.0,0.0,,0.0,normalDay
2023-03-20,8650.0,290.0,0.0,0,393.74,0.0,1,4.48,1.58,SPY230324P00383000,383.0,0,0.0,0.0,,0.0,normalDay
2023-03-21,8650.0,410.0,0.0,0,398.91,0.0,1,4.48,0.38,SPY230324P00383000,383.0,0,0.0,0.0,,0.0,normalDay
2023-03-22,8650.0,381.0,0.0,0,392.11,0.0,1,4.48,0.67,SPY230324P00383000,383.0,0,0.0,0.0,,0.0,normalDay
2023-03-23,8650.0,431.0,0.0,0,393.17,0.0,1,4.48,0.17,SPY230324P00383000,383.0,0,0.0,0.0,,0.0,normalDay
2023-03-24,9098.0,0.0,448.0,0,395.75,0.0,1,4.48,0.0,SPY230324P00383000,383.0,0,0.0,0.0,,0.0,expirationDay
2023-03-27,9098.0,-4.0,0.0,0,396.49,0.0,1,2.02,2.06,SPY230428P00370000,370.0,0,0.0,0.0,,0.0,normalDay
2023-03-28,9098.0,20.0,0.0,0,395.6,0.0,1,2.02,1.82,SPY230428P00370000,370.0,0,0.0,0.0,,0.0,normalDay
2023-03-29,9098.0,79.0,0.0,0,401.35,0.0,1,2.02,1.23,SPY230428P00370000,370.0,0,0.0,0.0,,0.0,normalDay
2023-03-30,9098.0,97.0,0.0,0,403.7,0.0,1,2.02,1.05,SPY230428P00370000,370.0,0,0.0,0.0,,0.0,normalDay
2023-03-31,9098.0,132.0,0.0,0,409.39,0.0,1,2.02,0.7,SPY230428P00370000,370.0,0,0.0,0.0,,0.0,normalDay
2023-04-03,9098.0,154.0,0.0,0,410.95,0.0,1,2.02,0.48,SPY230428P00370000,370.0,0,0.0,0.0,,0.0,normalDay
2023-04-04,9098.0,151.0,0.0,0,408.67,0.0,1,2.02,0.51,SPY230428P00370000,370.0,0,0.0,0.0,,0.0,normalDay
2023-04-05,9098.0,155.0,0.0,0,407.6,0.0,1,2.02,0.47,SPY230428P00370000,370.0,0,0.0,0.0,,0.0,normalDay
2023-04-06,9098.0,168.0,0.0,0,409.19,0.0,1,2.02,0.34,SPY230428P00370000,370.0,0,0.0,0.0,,0.0,normalDay
2023-04-10,9098.0,176.0,0.0,0,409.61,0.0,1,2.02,0.26,SPY230428P00370000,370.0,0,0.0,0.0,,0.0,normalDay
2023-04-11,9098.0,176.0,0.0,0,409.72,0.0,1,2.02,0.26,SPY230428P00370000,370.0,0,0.0,0.0,,0.0,normalDay
2023-04-12,9098.0,177.0,0.0,0,408.05,0.0,1,2.02,0.25,SPY230428P00370000,370.0,0,0.0,0.0,,0.0,normalDay
2023-04-13,9098.0,188.0,0.0,0,413.47,0.0,1,2.02,0.14,SPY230428P00370000,370.0,0,0.0,0.0,,0.0,normalDay
2023-04-14,9098.0,191.0,0.0,0,412.46,0.0,1,2.02,0.11,SPY230428P00370000,370.0,0,0.0,0.0,,0.0,normalDay
2023-04-17,9098.0,194.0,0.0,0,413.94,0.0,1,2.02,0.08,SPY230428P00370000,370.0,0,0.0,0.0,,0.0,normalDay
2023-04-18,9098.0,195.0,0.0,0,414.21,0.0,1,2.02,0.07,SPY230428P00370000,370.0,0,0.0,0.0,,0.0,normalDay
2023-04-19,9098.0,196.0,0.0,0,414.14,0.0,1,2.02,0.06,SPY230428P00370000,370.0,0,0.0,0.0,,0.0,normalDay
2023-04-20,9098.0,197.0,0.0,0,411.88,0.0,1,2.02,0.05,SPY230428P00370000,370.0,0,0.0,0.0,,0.0,normalDay
2023-04-21,9098.0,198.0,0.0,0,412.2,0.0,1,2.02,0.04,SPY230428P00370000,370.0,0,0.0,0.0,,0.0,normalDay
2023-04-24,9098.0,200.0,0.0,0,412.63,0.0,1,2.02,0.02,SPY230428P00370000,370.0,0,0.0,0.0,,0.0,normalDay
2023-04-25,9098.0,199.0,0.0,0,406.08,0.0,1,2.02,0.03,SPY230428P00370000,370.0,0,0.0,0.0,,0.0,normalDay
2023-04-26,9098.0,199.0,0.0,0,404.36,0.0,1,2.02,0.03,SPY230428P00370000,370.0,0,0.0,0.0,,0.0,normalDay
2023-04-27,9098.0,201.0,0.0,0,412.41,0.0,1,2.02,0.01,SPY230428P00370000,370.0,0,0.0,0.0,,0.0,normalDay
2023-04-28,9300.0,0.0,202.0,0,415.93,0.0,1,2.02,0.0,SPY230428P00370000,370.0,0,0.0,0.0,,0.0,expirationDay
2023-05-01,9300.0,-3.0,0.0,0,415.51,0.0,1,1.98,2.01,SPY230602P00396000,396.0,0,0.0,0.0,,0.0,normalDay
2023-05-02,9300.0,-111.0,0.0,0,410.84,0.0,1,1.98,3.09,SPY230602P00396000,396.0,0,0.0,0.0,,0.0,normalDay
2023-05-03,9300.0,-161.0,0.0,0,408.02,0.0,1,1.98,3.59,SPY230602P00396000,396.0,0,0.0,0.0,,0.0,normalDay
2023-05-04,9300.0,-289.0,0.0,0,405.13,0.0,1,1.98,4.87,SPY230602P00396000,396.0,0,0.0,0.0,,0.0,normalDay
2023-05-05,9300.0,-47.0,0.0,0,412.63,0.0,1,1.98,2.45,SPY230602P00396000,396.0,0,0.0,0.0,,0.0,normalDay
2023-05-08,9300.0,-6.0,0.0,0,412.74,0.0,1,1.98,2.04,SPY230602P00396000,396.0,0,0.0,0.0,,0.0,normalDay
2023-05-09,9300.0,-33.0,0.0,0,410.93,0.0,1,1.98,2.31,SPY230602P00396000,396.0,0,0.0,0.0,,0.0,normalDay
2023-05-10,9300.0,28.0,0.0,0,412.85,0.0,1,1.98,1.7,SPY230602P00396000,396.0,0,0.0,0.0,,0.0,normalDay
2023-05-11,9300.0,30.0,0.0,0,412.13,0.0,1,1.98,1.68,SPY230602P00396000,396.0,0,0.0,0.0,,0.0,normalDay
2023-05-12,9300.0,33.0,0.0,0,411.59,0.0,1,1.98,1.65,SPY230602P00396000,396.0,0,0.0,0.0,,0.0,normalDay
2023-05-15,9300.0,78.0,0.0,0,413.01,0.0,1,1.98,1.2,SPY230602P00396000,396.0,0,0.0,0.0,,0.0,normalDay
2023-05-16,9300.0,37.0,0.0,0,410.25,0.0,1,1.98,1.61,SPY230602P00396000,396.0,0,0.0,0.0,,0.0,normalDay
2023-05-17,9300.0,112.0,0.0,0,415.23,0.0,1,1.98,0.86,SPY230602P00396000,396.0,0,0.0,0.0,,0.0,normalDay
2023-05-18,9300.0,150.0,0.0,0,419.23,0.0,1,1.98,0.48,SPY230602P00396000,396.0,0,0.0,0.0,,0.0,normalDay
2023-05-19,9300.0,149.0,0.0,0,418.62,0.0,1,1.98,0.49,SPY230602P00396000,396.0,0,0.0,0.0,,0.0,normalDay
2023-05-22,9300.0,157.0,0.0,0,418.79,0.0,1,1.98,0.41,SPY230602P00396000,396.0,0,0.0,0.0,,0.0,normalDay
2023-05-23,9300.0,129.0,0.0,0,414.09,0.0,1,1.98,0.69,SPY230602P00396000,396.0,0,0.0,0.0,,0.0,normalDay
2023-05-24,9300.0,101.0,0.0,0,411.09,0.0,1,1.98,0.97,SPY230602P00396000,396.0,0,0.0,0.0,,0.0,normalDay
2023-05-25,9300.0,147.0,0.0,0,414.65,0.0,1,1.98,0.51,SPY230602P00396000,396.0,0,0.0,0.0,,0.0,normalDay
2023-05-26,9300.0,169.0,0.0,0,420.02,0.0,1,1.98,0.29,SPY230602P00396000,396.0,0,0.0,0.0,,0.0,normalDay
2023-05-30,9300.0,191.0,0.0,0,420.18,0.0,1,1.98,0.07,SPY230602P00396000,396.0,0,0.0,0.0,,0.0,normalDay
2023-05-31,9300.0,192.0,0.0,0,417.85,0.0,1,1.98,0.06,SPY230602P00396000,396.0,0,0.0,0.0,,0.0,normalDay
2023-06-01,9300.0,196.0,0.0,0,421.82,0.0,1,1.98,0.02,SPY230602P00396000,396.0,0,0.0,0.0,,0.0,normalDay
2023-06-02,9498.0,0.0,198.0,0,427.92,0.0,1,1.98,0.0,SPY230602P00396000,396.0,0,0.0,0.0,,0.0,expirationDay
2023-06-05,9498.0,-3.0,0.0,0,427.1,0.0,1,0.74,0.77,SPY230707P00391000,391.0,0,0.0,0.0,,0.0,normalDay
2023-06-06,9498.0,12.0,0.0,0,428.03,0.0,1,0.74,0.62,SPY230707P00391000,391.0,0,0.0,0.0,,0.0,normalDay
2023-06-07,9498.0,10.0,0.0,0,426.55,0.0,1,0.74,0.64,SPY230707P00391000,391.0,0,0.0,0.0,,0.0,normalDay
2023-06-08,9498.0,23.0,0.0,0,429.13,0.0,1,0.74,0.51,SPY230707P00391000,391.0,0,0.0,0.0,,0.0,normalDay
2023-06-09,9498.0,25.0,0.0,0,429.9,0.0,1,0.74,0.49,SPY230707P00391000,391.0,0,0.0,0.0,,0.0,normalDay
2023-06-12,9498.0,33.0,0.0,0,433.8,0.0,1,0.74,0.41,SPY230707P00391000,391.0,0,0.0,0.0,,0.0,normalDay
2023-06-13,9498.0,39.0,0.0,0,436.66,0.0,1,0.74,0.35,SPY230707P00391000,391.0,0,0.0,0.0,,0.0,normalDay
2023-06-14,9498.0,48.0,0.0,0,437.18,0.0,1,0.74,0.26,SPY230707P00391000,391.0,0,0.0,0.0,,0.0,normalDay
2023-06-15,9498.0,50.0,0.0,0,442.6,0.0,1,0.74,0.24,SPY230707P00391000,391.0,0,0.0,0.0,,0.0,normalDay
2023-06-16,9498.0,58.0,0.0,0,439.46,0.0,1,0.74,0.16,SPY230707P00391000,391.0,0,0.0,0.0,,0.0,normalDay
2023-06-20,9498.0,61.0,0.0,0,437.18,0.0,1,0.74,0.13,SPY230707P00391000,391.0,0,0.0,0.0,,0.0,normalDay
2023-06-21,9498.0,63.0,0.0,0,434.94,0.0,1,0.74,0.11,SPY230707P00391000,391.0,0,0.0,0.0,,0.0,normalDay
2023-06-22,9498.0,66.0,0.0,0,436.51,0.0,1,0.74,0.08,SPY230707P00391000,391.0,0,0.0,0.0,,0.0,normalDay
2023-06-23,9498.0,63.0,0.0,0,433.21,0.0,1,0.74,0.11,SPY230707P00391000,391.0,0,0.0,0.0,,0.0,normalDay
2023-06-26,9498.0,64.0,0.0,0,431.44,0.0,1,0.74,0.1,SPY230707P00391000,391.0,0,0.0,0.0,,0.0,normalDay
2023-06-27,9498.0,67.0,0.0,0,436.17,0.0,1,0.74,0.07,SPY230707P00391000,391.0,0,0.0,0.0,,0.0,normalDay
2023-06-28,9498.0,69.0,0.0,0,436.39,0.0,1,0.74,0.05,SPY230707P00391000,391.0,0,0.0,0.0,,0.0,normalDay
2023-06-29,9498.0,69.0,0.0,0,438.11,0.0,1,0.74,0.05,SPY230707P00391000,391.0,0,0.0,0.0,,0.0,normalDay
2023-06-30,9498.0,70.0,0.0,0,443.28,0.0,1,0.74,0.04,SPY230707P00391000,391.0,0,0.0,0.0,,0.0,normalDay
2023-07-03,9498.0,71.0,0.0,0,443.79,0.0,1,0.74,0.03,SPY230707P00391000,391.0,0,0.0,0.0,,0.0,normalDay
2023-07-05,9498.0,72.0,0.0,0,443.13,0.0,1,0.74,0.02,SPY230707P00391000,391.0,0,0.0,0.0,,0.0,normalDay
2023-07-06,9498.0,72.0,0.0,0,439.66,0.0,1,0.74,0.02,SPY230707P00391000,391.0,0,0.0,0.0,,0.0,normalDay
2023-07-07,9572.0,0.0,74.0,0,438.55,0.0,1,0.74,0.0,SPY230707P00391000,391.0,0,0.0,0.0,,0.0,expirationDay
2023-07-10,9572.0,-3.0,0.0,0,439.66,0.0,1,1.62,1.65,SPY230811P00419000,419.0,0,0.0,0.0,,0.0,normalDay
2023-07-11,9572.0,29.0,0.0,0,442.46,0.0,1,1.62,1.33,SPY230811P00419000,419.0,0,0.0,0.0,,0.0,normalDay
2023-07-12,9572.0,81.0,0.0,0,446.02,0.0,1,1.62,0.81,SPY230811P00419000,419.0,0,0.0,0.0,,0.0,normalDay
2023-07-13,9572.0,94.0,0.0,0,449.56,0.0,1,1.62,0.68,SPY230811P00419000,419.0,0,0.0,0.0,,0.0,normalDay
2023-07-14,9572.0,101.0,0.0,0,449.28,0.0,1,1.62,0.61,SPY230811P00419000,419.0,0,0.0,0.0,,0.0,normalDay
2023-07-17,9572.0,113.0,0.0,0,450.84,0.0,1,1.62,0.49,SPY230811P00419000,419.0,0,0.0,0.0,,0.0,normalDay
2023-07-18,9572.0,125.0,0.0,0,454.19,0.0,1,1.62,0.37,SPY230811P00419000,419.0,0,0.0,0.0,,0.0,normalDay
2023-07-19,9572.0,123.0,0.0,0,455.2,0.0,1,1.62,0.39,SPY230811P00419000,419.0,0,0.0,0.0,,0.0,normalDay
2023-07-20,9572.0,118.0,0.0,0,452.18,0.0,1,1.62,0.44,SPY230811P00419000,419.0,0,0.0,0.0,,0.0,normalDay
2023-07-21,9572.0,126.0,0.0,0,452.18,0.0,1,1.62,0.36,SPY230811P00419000,419.0,0,0.0,0.0,,0.0,normalDay
2023-07-24,9572.0,134.0,0.0,0,454.2,0.0,1,1.62,0.28,SPY230811P00419000,419.0,0,0.0,0.0,,0.0,normalDay
2023-07-25,9572.0,138.0,0.0,0,455.44,0.0,1,1.62,0.24,SPY230811P00419000,419.0,0,0.0,0.0,,0.0,normalDay
2023-07-26,9572.0,144.0,0.0,0,455.51,0.0,1,1.62,0.18,SPY230811P00419000,419.0,0,0.0,0.0,,0.0,normalDay
2023-07-27,9572.0,134.0,0.0,0,452.49,0.0,1,1.62,0.28,SPY230811P00419000,419.0,0,0.0,0.0,,0.0,normalDay
2023-07-28,9572.0,149.0,0.0,0,456.92,0.0,1,1.62,0.13,SPY230811P00419000,419.0,0,0.0,0.0,,0.0,normalDay
2023-07-31,9572.0,151.0,0.0,0,457.79,0.0,1,1.62,0.11,SPY230811P00419000,419.0,0,0.0,0.0,,0.0,normalDay
2023-08-01,9572.0,152.0,0.0,0,456.48,0.0,1,1.62,0.1,SPY230811P00419000,419.0,0,0.0,0.0,,0.0,normalDay
2023-08-02,9572.0,143.0,0.0,0,450.13,0.0,1,1.62,0.19,SPY230811P00419000,419.0,0,0.0,0.0,,0.0,normalDay
2023-08-03,9572.0,147.0,0.0,0,448.84,0.0,1,1.62,0.15,SPY230811P00419000,419.0,0,0.0,0.0,,0.0,normalDay
2023-08-04,9572.0,145.0,0.0,0,446.81,0.0,1,1.62,0.17,SPY230811P00419000,419.0,0,0.0,0.0,,0.0,normalDay
2023-08-07,9572.0,156.0,0.0,0,450.71,0.0,1,1.62,0.06,SPY230811P00419000,419.0,0,0.0,0.0,,0.0,normalDay
2023-08-08,9572.0,158.0,0.0,0,448.75,0.0,1,1.62,0.04,SPY230811P00419000,419.0,0,0.0,0.0,,0.0,normalDay
2023-08-09,9572.0,159.0,0.0,0,445.75,0.0,1,1.62,0.03,SPY230811P00419000,419.0,0,0.0,0.0,,0.0,normalDay
2023-08-10,9572.0,160.0,0.0,0,445.91,0.0,1,1.62,0.02,SPY230811P00419000,419.0,0,0.0,0.0,,0.0,normalDay
2023-08-11,9734.0,0.0,162.0,0,445.65,0.0,1,1.62,0.0,SPY230811P00419000,419.0,0,0.0,0.0,,0.0,expirationDay
2023-08-14,9734.0,-3.0,0.0,0,448.11,0.0,1,2.4,2.43,SPY230915P00432000,432.0,0,0.0,0.0,,0.0,normalDay
2023-08-15,9734.0,-135.0,0.0,0,442.89,0.0,1,2.4,3.75,SPY230915P00432000,432.0,0,0.0,0.0,,0.0,normalDay
2023-08-16,9734.0,-212.0,0.0,0,439.64,0.0,1,2.4,4.52,SPY230915P00432000,432.0,0,0.0,0.0,,0.0,normalDay
2023-08-17,9734.0,-348.0,0.0,0,436.29,0.0,1,2.4,5.88,SPY230915P00432000,432.0,0,0.0,0.0,,0.0,normalDay
2023-08-18,9734.0,-293.0,0.0,0,436.5,0.0,1,2.4,5.33,SPY230915P00432000,432.0,0,0.0,0.0,,0.0,normalDay
2023-08-21,9734.0,-176.0,0.0,0,439.34,0.0,1,2.4,4.16,SPY230915P00432000,432.0,0,0.0,0.0,,0.0,normalDay
2023-08-22,9734.0,-183.0,0.0,0,438.15,0.0,1,2.4,4.23,SPY230915P00432000,432.0,0,0.0,0.0,,0.0,normalDay
2023-08-23,9734.0,-27.0,0.0,0,443.03,0.0,1,2.4,2.67,SPY230915P00432000,432.0,0,0.0,0.0,,0.0,normalDay
2023-08-24,9734.0,-204.0,0.0,0,436.89,0.0,1,2.4,4.44,SPY230915P00432000,432.0,0,0.0,0.0,,0.0,normalDay
2023-08-25,9734.0,-55.0,0.0,0,439.97,0.0,1,2.4,2.95,SPY230915P00432000,432.0,0,0.0,0.0,,0.0,normalDay
2023-08-28,9734.0,52.0,0.0,0,442.76,0.0,1,2.4,1.88,SPY230915P00432000,432.0,0,0.0,0.0,,0.0,normalDay
2023-08-29,9734.0,149.0,0.0,0,449.16,0.0,1,2.4,0.91,SPY230915P00432000,432.0,0,0.0,0.0,,0.0,normalDay
2023-08-30,9734.0,177.0,0.0,0,451.01,0.0,1,2.4,0.63,SPY230915P00432000,432.0,0,0.0,0.0,,0.0,normalDay
2023-08-31,9734.0,189.0,0.0,0,450.35,0.0,1,2.4,0.51,SPY230915P00432000,432.0,0,0.0,0.0,,0.0,normalDay
2023-09-01,9734.0,199.0,0.0,0,451.19,0.0,1,2.4,0.41,SPY230915P00432000,432.0,0,0.0,0.0,,0.0,normalDay
2023-09-05,9734.0,197.0,0.0,0,449.24,0.0,1,2.4,0.43,SPY230915P00432000,432.0,0,0.0,0.0,,0.0,normalDay
2023-09-06,9734.0,184.0,0.0,0,446.22,0.0,1,2.4,0.56,SPY230915P00432000,432.0,0,0.0,0.0,,0.0,normalDay
2023-09-07,9734.0,189.0,0.0,0,444.85,0.0,1,2.4,0.51,SPY230915P00432000,432.0,0,0.0,0.0,,0.0,normalDay
2023-09-08,9734.0,212.0,0.0,0,445.52,0.0,1,2.4,0.28,SPY230915P00432000,432.0,0,0.0,0.0,,0.0,normalDay
2023-09-11,9734.0,228.0,0.0,0,448.45,0.0,1,2.4,0.12,SPY230915P00432000,432.0,0,0.0,0.0,,0.0,normalDay
2023-09-12,9734.0,225.0,0.0,0,445.99,0.0,1,2.4,0.15,SPY230915P00432000,432.0,0,0.0,0.0,,0.0,normalDay
2023-09-13,9734.0,235.0,0.0,0,446.51,0.0,1,2.4,0.05,SPY230915P00432000,432.0,0,0.0,0.0,,0.0,normalDay
2023-09-14,9734.0,236.0,0.0,0,450.36,0.0,1,2.4,0.04,SPY230915P00432000,432.0,0,0.0,0.0,,0.0,normalDay
2023-09-15,9974.0,0.0,240.0,0,443.37,0.0,1,2.4,0.0,SPY230915P00432000,432.0,0,0.0,0.0,,0.0,expirationDay
2023-09-18,9974.0,-3.0,0.0,0,443.63,0.0,1,1.51,1.54,SPY231020P00424000,424.0,0,0.0,0.0,,0.0,normalDay
2023-09-19,9974.0,-6.0,0.0,0,442.71,0.0,1,1.51,1.57,SPY231020P00424000,424.0,0,0.0,0.0,,0.0,normalDay
2023-09-20,9974.0,-74.0,0.0,0,438.64,0.0,1,1.51,2.25,SPY231020P00424000,424.0,0,0.0,0.0,,0.0,normalDay
2023-09-21,9974.0,-280.0,0.0,0,431.39,0.0,1,1.51,4.31,SPY231020P00424000,424.0,0,0.0,0.0,,0.0,normalDay
2023-09-22,9974.0,-288.0,0.0,0,430.42,0.0,1,1.51,4.39,SPY231020P00424000,424.0,0,0.0,0.0,,0.0,normalDay
2023-09-25,9974.0,-205.0,0.0,0,432.23,0.0,1,1.51,3.56,SPY231020P00424000,424.0,0,0.0,0.0,,0.0,normalDay
2023-09-26,9974.0,-437.0,0.0,0,425.88,0.0,1,1.51,5.88,SPY231020P00424000,424.0,0,0.0,0.0,,0.0,normalDay
2023-09-27,9974.0,-396.0,0.0,0,426.05,0.0,1,1.51,5.47,SPY231020P00424000,424.0,0,0.0,0.0,,0.0,normalDay
2023-09-28,9974.0,-294.0,0.0,0,428.52,0.0,1,1.51,4.45,SPY231020P00424000,424.0,0,0.0,0.0,,0.0,normalDay
2023-09-29,9974.0,-309.0,0.0,0,427.48,0.0,1,1.51,4.6,SPY231020P00424000,424.0,0,0.0,0.0,,0.0,normalDay
2023-10-02,9974.0,-278.0,0.0,0,427.31,0.0,1,1.51,4.29,SPY231020P00424000,424.0,0,0.0,0.0,,0.0,normalDay
2023-10-03,9974.0,-545.0,0.0,0,421.59,0.0,1,1.51,6.96,SPY231020P00424000,424.0,0,0.0,0.0,,0.0,normalDay
2023-10-04,9974.0,-377.0,0.0,0,424.66,0.0,1,1.51,5.28,SPY231020P00424000,424.0,0,0.0,0.0,,0.0,normalDay
2023-10-05,9974.0,-379.0,0.0,0,424.5,0.0,1,1.51,5.3,SPY231020P00424000,424.0,0,0.0,0.0,,0.0,normalDay
2023-10-06,9974.0,-121.0,0.0,0,429.54,0.0,1,1.51,2.72,SPY231020P00424000,424.0,0,0.0,0.0,,0.0,normalDay
2023-10-09,9974.0,-39.0,0.0,0,432.29,0.0,1,1.51,1.9,SPY231020P00424000,424.0,0,0.0,0.0,,0.0,normalDay
2023-10-10,9974.0,24.0,0.0,0,434.54,0.0,1,1.51,1.27,SPY231020P00424000,424.0,0,0.0,0.0,,0.0,normalDay
2023-10-11,9974.0,79.0,0.0,0,436.32,0.0,1,1.51,0.72,SPY231020P00424000,424.0,0,0.0,0.0,,0.0,normalDay
2023-10-12,9974.0,56.0,0.0,0,433.66,0.0,1,1.51,0.95,SPY231020P00424000,424.0,0,0.0,0.0,,0.0,normalDay
2023-10-13,9974.0,-4.0,0.0,0,431.5,0.0,1,1.51,1.55,SPY231020P00424000,424.0,0,0.0,0.0,,0.0,normalDay
2023-10-16,9974.0,114.0,0.0,0,436.04,0.0,1,1.51,0.37,SPY231020P00424000,424.0,0,0.0,0.0,,0.0,normalDay
2023-10-17,9974.0,121.0,0.0,0,436.02,0.0,1,1.51,0.3,SPY231020P00424000,424.0,0,0.0,0.0,,0.0,normalDay
2023-10-18,9974.0,94.0,0.0,0,430.21,0.0,1,1.51,0.57,SPY231020P00424000,424.0,0,0.0,0.0,,0.0,normalDay
2023-10-19,9974.0,16.0,0.0,0,426.43,0.0,1,1.51,1.35,SPY231020P00424000,424.0,0,0.0,0.0,,0.0,normalDay
2023-10-20,10125.0,-281.0,151.0,100,421.19,424.0,1,1.51,0.0,SPY231020P00424000,424.0,0,0.0,0.0,,0.0,expirationDay
2023-10-23,10125.0,-362.0,0.0,100,420.46,424.0,0,0.0,0.0,,0.0,1,9.65,9.73,SPY231229C00429000,429.0,normalDay
2023-10-24,10125.0,-126.0,0.0,100,423.63,424.0,0,0.0,0.0,,0.0,1,9.65,10.54,SPY231229C00429000,429.0,normalDay
2023-10-25,10125.0,-469.0,0.0,100,417.55,424.0,0,0.0,0.0,,0.0,1,9.65,7.89,SPY231229C00429000,429.0,normalDay
2023-10-26,10125.0,-759.0,0.0,100,412.55,424.0,0,0.0,0.0,,0.0,1,9.65,5.79,SPY231229C00429000,429.0,normalDay
2023-10-27,10125.0,-875.0,0.0,100,410.68,424.0,0,0.0,0.0,,0.0,1,9.65,5.08,SPY231229C00429000,429.0,normalDay
2023-10-30,10125.0,-486.0,0.0,100,415.59,424.0,0,0.0,0.0,,0.0,1,9.65,6.1,SPY231229C00429000,429.0,normalDay
2023-10-31,10125.0,-242.0,0.0,100,418.2,424.0,0,0.0,0.0,,0.0,1,9.65,6.27,SPY231229C00429000,429.0,normalDay
2023-11-01,10125.0,38.0,0.0,100,422.66,424.0,0,0.0,0.0,,0.0,1,9.65,7.93,SPY231229C00429000,429.0,normalDay
2023-11-02,10125.0,464.0,0.0,100,430.76,424.0,0,0.0,0.0,,0.0,1,9.65,11.77,SPY231229C00429000,429.0,normalDay
2023-11-03,10125.0,592.0,0.0,100,434.69,424.0,0,0.0,0.0,,0.0,1,9.65,14.42,SPY231229C00429000,429.0,normalDay
2023-11-06,10125.0,700.0,0.0,100,435.69,424.0,0,0.0,0.0,,0.0,1,9.65,14.34,SPY231229C00429000,429.0,normalDay
2023-11-07,10125.0,734.0,0.0,100,436.93,424.0,0,0.0,0.0,,0.0,1,9.65,15.24,SPY231229C00429000,429.0,normalDay
2023-11-08,10125.0,790.0,0.0,100,437.25,424.0,0,0.0,0.0,,0.0,1,9.65,15.0,SPY231229C00429000,429.0,normalDay
2023-11-09,10125.0,659.0,0.0,100,433.84,424.0,0,0.0,0.0,,0.0,1,9.65,12.9,SPY231229C00429000,429.0,normalDay
2023-11-10,10125.0,849.0,0.0,100,440.61,424.0,0,0.0,0.0,,0.0,1,9.65,17.77,SPY231229C00429000,429.0,normalDay
2023-11-13,10125.0,871.0,0.0,100,440.19,424.0,0,0.0,0.0,,0.0,1,9.65,17.13,SPY231229C00429000,429.0,normalDay
2023-11-14,10125.0,994.0,0.0,100,448.73,424.0,0,0.0,0.0,,0.0,1,9.65,24.44,SPY231229C00429000,429.0,normalDay
2023-11-15,10125.0,1096.0,0.0,100,449.68,424.0,0,0.0,0.0,,0.0,1,9.65,24.37,SPY231229C00429000,429.0,normalDay
2023-11-16,10125.0,1075.0,0.0,100,450.23,424.0,0,0.0,0.0,,0.0,1,9.65,25.13,SPY231229C00429000,429.0,normalDay
2023-11-17,10125.0,1112.0,0.0,100,450.79,424.0,0,0.0,0.0,,0.0,1,9.65,25.32,SPY231229C00429000,429.0,normalDay
2023-11-20,10125.0,1164.0,0.0,100,454.26,424.0,0,0.0,0.0,,0.0,1,9.65,28.27,SPY231229C00429000,429.0,normalDay
2023-11-21,10125.0,1204.0,0.0,100,453.27,424.0,0,0.0,0.0,,0.0,1,9.65,26.88,SPY231229C00429000,429.0,normalDay
2023-11-22,10125.0,1188.0,0.0,100,455.02,424.0,0,0.0,0.0,,0.0,1,9.65,28.79,SPY231229C00429000,429.0,normalDay
2023-11-24,10125.0,1141.0,0.0,100,455.3,424.0,0,0.0,0.0,,0.0,1,9.65,29.54,SPY231229C00429000,429.0,normalDay
2023-11-27,10125.0,1209.0,0.0,100,454.48,424.0,0,0.0,0.0,,0.0,1,9.65,28.04,SPY231229C00429000,429.0,normalDay
2023-11-28,10125.0,1225.0,0.0,100,454.93,424.0,0,0.0,0.0,,0.0,1,9.65,28.33,SPY231229C00429000,429.0,normalDay
2023-11-29,10125.0,1202.0,0.0,100,454.61,424.0,0,0.0,0.0,,0.0,1,9.65,28.24,SPY231229C00429000,429.0,normalDay
2023-11-30,10125.0,1244.0,0.0,100,456.4,424.0,0,0.0,0.0,,0.0,1,9.65,29.61,SPY231229C00429000,429.0,normalDay
