date,totalCapital,unrializedPnL,rializedPnL,stocksOwned,stocksPriceToday,stocksPriceBoughtAt,putOwned,putOwnedSoldAt,putPriceToday,putOwnedContract,putOwnedStrike,callOwned,callOwnedSoldAt,callPriceToday,callOwnedContract,callOwnedStrike,trackType
2018-11-01,0.0,-4.0,0.0,0,273.51,0.0,1,0.11,0.15,SPY181112P00246000,246.0,0,0.0,0.0,,0.0,normalDay
2018-11-02,0.0,0.0,0.0,0,271.89,0.0,1,0.11,0.11,SPY181112P00246000,246.0,0,0.0,0.0,,0.0,normalDay
2018-11-05,0.0,4.0,0.0,0,273.39,0.0,1,0.11,0.07,SPY181112P00246000,246.0,0,0.0,0.0,,0.0,normalDay
2018-11-06,0.0,4.0,0.0,0,275.12,0.0,1,0.11,0.07,SPY181112P00246000,246.0,0,0.0,0.0,,0.0,normalDay
2018-11-07,0.0,9.0,0.0,0,281.01,0.0,1,0.11,0.02,SPY181112P00246000,246.0,0,0.0,0.0,,0.0,normalDay
2018-11-08,0.0,10.0,0.0,0,280.5,0.0,1,0.11,0.01,SPY181112P00246000,246.0,0,0.0,0.0,,0.0,normalDay
2018-11-09,0.0,10.0,0.0,0,277.76,0.0,1,0.11,0.01,SPY181112P00246000,246.0,0,0.0,0.0,,0.0,normalDay
2018-11-12,11.0,0.0,11.0,0,272.57,0.0,1,0.11,0.0,SPY181112P00246000,246.0,0,0.0,0.0,,0.0,expirationDay
2018-11-13,11.0,-4.0,0.0,0,272.06,0.0,1,0.24,0.28,SPY181123P00253000,253.0,0,0.0,0.0,,0.0,normalDay
2018-11-14,11.0,-9.0,0.0,0,270.2,0.0,1,0.24,0.33,SPY181123P00253000,253.0,0,0.0,0.0,,0.0,normalDay
2018-11-15,11.0,7.0,0.0,0,273.02,0.0,1,0.24,0.17,SPY181123P00253000,253.0,0,0.0,0.0,,0.0,normalDay
2018-11-16,11.0,18.0,0.0,0,273.73,0.0,1,0.24,0.06,SPY181123P00253000,253.0,0,0.0,0.0,,0.0,normalDay
2018-11-19,11.0,17.0,0.0,0,269.1,0.0,1,0.24,0.07,SPY181123P00253000,253.0,0,0.0,0.0,,0.0,normalDay
2018-11-20,11.0,9.0,0.0,0,264.12,0.0,1,0.24,0.15,SPY181123P00253000,253.0,0,0.0,0.0,,0.0,normalDay
2018-11-21,11.0,21.0,0.0,0,265.02,0.0,1,0.24,0.03,SPY181123P00253000,253.0,0,0.0,0.0,,0.0,normalDay
2018-11-23,35.0,0.0,24.0,0,263.25,0.0,1,0.24,0.0,SPY181123P00253000,253.0,0,0.0,0.0,,0.0,expirationDay
2018-11-26,35.0,-4.0,0.0,0,267.5,0.0,1,0.26,0.3,SPY181207P00251000,251.0,0,0.0,0.0,,0.0,normalDay
2018-11-27,35.0,-2.0,0.0,0,268.4,0.0,1,0.26,0.28,SPY181207P00251000,251.0,0,0.0,0.0,,0.0,normalDay
2018-11-28,35.0,13.0,0.0,0,274.58,0.0,1,0.26,0.13,SPY181207P00251000,251.0,0,0.0,0.0,,0.0,normalDay
2018-11-29,35.0,12.0,0.0,0,273.98,0.0,1,0.26,0.14,SPY181207P00251000,251.0,0,0.0,0.0,,0.0,normalDay
2018-11-30,35.0,19.0,0.0,0,275.65,0.0,1,0.26,0.07,SPY181207P00251000,251.0,0,0.0,0.0,,0.0,normalDay
2018-12-03,35.0,24.0,0.0,0,279.3,0.0,1,0.26,0.02,SPY181207P00251000,251.0,0,0.0,0.0,,0.0,normalDay
2018-12-04,35.0,15.0,0.0,0,270.25,0.0,1,0.26,0.11,SPY181207P00251000,251.0,0,0.0,0.0,,0.0,normalDay
2018-12-06,35.0,24.0,0.0,0,269.84,0.0,1,0.26,0.02,SPY181207P00251000,251.0,0,0.0,0.0,,0.0,normalDay
2018-12-07,61.0,0.0,26.0,0,263.57,0.0,1,0.26,0.0,SPY181207P00251000,251.0,0,0.0,0.0,,0.0,expirationDay
2018-12-10,61.0,-5.0,0.0,0,264.07,0.0,1,1.02,1.07,SPY181221P00251000,251.0,0,0.0,0.0,,0.0,normalDay
2018-12-11,61.0,15.0,0.0,0,264.13,0.0,1,1.02,0.87,SPY181221P00251000,251.0,0,0.0,0.0,,0.0,normalDay
2018-12-12,61.0,41.0,0.0,0,265.46,0.0,1,1.02,0.61,SPY181221P00251000,251.0,0,0.0,0.0,,0.0,normalDay
2018-12-13,61.0,63.0,0.0,0,265.37,0.0,1,1.02,0.39,SPY181221P00251000,251.0,0,0.0,0.0,,0.0,normalDay
2018-12-14,61.0,21.0,0.0,0,260.47,0.0,1,1.02,0.81,SPY181221P00251000,251.0,0,0.0,0.0,,0.0,normalDay
2018-12-17,61.0,-100.0,0.0,0,255.36,0.0,1,1.02,2.02,SPY181221P00251000,251.0,0,0.0,0.0,,0.0,normalDay
2018-12-18,61.0,-120.0,0.0,0,255.08,0.0,1,1.02,2.22,SPY181221P00251000,251.0,0,0.0,0.0,,0.0,normalDay
2018-12-19,61.0,-184.0,0.0,0,251.26,0.0,1,1.02,2.86,SPY181221P00251000,251.0,0,0.0,0.0,,0.0,normalDay
2018-12-20,61.0,-392.0,0.0,0,247.17,0.0,1,1.02,4.94,SPY181221P00251000,251.0,0,0.0,0.0,,0.0,normalDay
2018-12-21,163.0,-1030.0,102.0,100,240.7,251.0,1,1.02,0.0,SPY181221P00251000,251.0,0,0.0,0.0,,0.0,expirationDay
2018-12-24,163.0,-1666.0,0.0,100,234.34,251.0,0,0.0,0.0,,0.0,0,0.0,0.0,,0.0,bidTooLow
2018-12-26,163.0,-482.0,0.0,100,246.18,251.0,0,0.0,0.0,,0.0,0,0.0,0.0,,0.0,bidTooLow
2018-12-27,163.0,-293.0,0.0,100,248.07,251.0,0,0.0,0.0,,0.0,0,0.0,0.0,,0.0,bidTooLow
2018-12-28,163.0,-325.0,0.0,100,247.75,251.0,0,0.0,0.0,,0.0,0,0.0,0.0,,0.0,bidTooLow
2018-12-31,163.0,-108.0,0.0,100,249.92,251.0,0,0.0,0.0,,0.0,0,0.0,0.0,,0.0,bidTooLow
2019-01-02,163.0,-82.0,0.0,100,250.18,251.0,0,0.0,0.0,,0.0,0,0.0,0.0,,0.0,bidTooLow
2019-01-03,163.0,-679.0,0.0,100,244.21,251.0,0,0.0,0.0,,0.0,0,0.0,0.0,,0.0,bidTooLow
2019-01-04,163.0,139.0,0.0,100,252.39,251.0,0,0.0,0.0,,0.0,0,0.0,0.0,,0.0,bidTooLow
2019-01-07,163.0,338.0,0.0,100,254.38,251.0,0,0.0,0.0,,0.0,0,0.0,0.0,,0.0,bidTooLow
2019-01-08,163.0,577.0,0.0,100,256.77,251.0,0,0.0,0.0,,0.0,0,0.0,0.0,,0.0,bidTooLow
2019-01-09,163.0,697.0,0.0,100,257.97,251.0,0,0.0,0.0,,0.0,0,0.0,0.0,,0.0,bidTooLow
2019-01-10,163.0,788.0,0.0,100,258.88,251.0,0,0.0,0.0,,0.0,0,0.0,0.0,,0.0,bidTooLow
2019-01-11,163.0,798.0,0.0,100,258.98,251.0,0,0.0,0.0,,0.0,0,0.0,0.0,,0.0,bidTooLow
2019-01-14,163.0,640.0,0.0,100,257.4,251.0,0,0.0,0.0,,0.0,0,0.0,0.0,,0.0,bidTooLow
2019-01-15,163.0,935.0,0.0,100,260.35,251.0,0,0.0,0.0,,0.0,0,0.0,0.0,,0.0,bidTooLow
2019-01-16,163.0,998.0,0.0,100,260.98,251.0,0,0.0,0.0,,0.0,0,0.0,0.0,,0.0,bidTooLow
2019-01-17,163.0,1196.0,0.0,100,262.96,251.0,0,0.0,0.0,,0.0,0,0.0,0.0,,0.0,bidTooLow
2019-01-18,163.0,1546.0,0.0,100,266.46,251.0,0,0.0,0.0,,0.0,0,0.0,0.0,,0.0,bidTooLow
2019-01-22,163.0,1186.0,0.0,100,262.86,251.0,0,0.0,0.0,,0.0,0,0.0,0.0,,0.0,bidTooLow
2019-01-23,163.0,1241.0,0.0,100,263.41,251.0,0,0.0,0.0,,0.0,0,0.0,0.0,,0.0,bidTooLow
2019-01-24,163.0,1255.0,0.0,100,263.55,251.0,0,0.0,0.0,,0.0,0,0.0,0.0,,0.0,bidTooLow
2019-01-25,163.0,1478.0,0.0,100,265.78,251.0,0,0.0,0.0,,0.0,0,0.0,0.0,,0.0,bidTooLow
2019-01-28,163.0,1276.0,0.0,100,263.76,251.0,0,0.0,0.0,,0.0,0,0.0,0.0,,0.0,bidTooLow
2019-01-29,163.0,1241.0,0.0,100,263.41,251.0,0,0.0,0.0,,0.0,0,0.0,0.0,,0.0,bidTooLow
2019-01-30,163.0,1658.0,0.0,100,267.58,251.0,0,0.0,0.0,,0.0,0,0.0,0.0,,0.0,bidTooLow
2019-01-31,163.0,1893.0,0.0,100,269.93,251.0,0,0.0,0.0,,0.0,0,0.0,0.0,,0.0,bidTooLow
2019-02-01,163.0,1906.0,0.0,100,270.06,251.0,0,0.0,0.0,,0.0,0,0.0,0.0,,0.0,bidTooLow
2019-02-04,163.0,2096.0,0.0,100,271.96,251.0,0,0.0,0.0,,0.0,0,0.0,0.0,,0.0,bidTooLow
2019-02-05,163.0,2210.0,0.0,100,273.1,251.0,0,0.0,0.0,,0.0,0,0.0,0.0,,0.0,bidTooLow
2019-02-06,163.0,2174.0,0.0,100,272.74,251.0,0,0.0,0.0,,0.0,0,0.0,0.0,,0.0,bidTooLow
2019-02-07,163.0,1914.0,0.0,100,270.14,251.0,0,0.0,0.0,,0.0,0,0.0,0.0,,0.0,bidTooLow
2019-02-08,163.0,1947.0,0.0,100,270.47,251.0,0,0.0,0.0,,0.0,0,0.0,0.0,,0.0,bidTooLow
2019-02-11,163.0,1962.0,0.0,100,270.62,251.0,0,0.0,0.0,,0.0,0,0.0,0.0,,0.0,bidTooLow
2019-02-12,163.0,2310.0,0.0,100,274.1,251.0,0,0.0,0.0,,0.0,0,0.0,0.0,,0.0,bidTooLow
2019-02-13,163.0,2399.0,0.0,100,274.99,251.0,0,0.0,0.0,,0.0,0,0.0,0.0,,0.0,bidTooLow
2019-02-14,163.0,2338.0,0.0,100,274.38,251.0,0,0.0,0.0,,0.0,0,0.0,0.0,,0.0,bidTooLow
2019-02-15,163.0,2637.0,0.0,100,277.37,251.0,0,0.0,0.0,,0.0,0,0.0,0.0,,0.0,bidTooLow
2019-02-19,163.0,2685.0,0.0,100,277.85,251.0,0,0.0,0.0,,0.0,0,0.0,0.0,,0.0,bidTooLow
2019-02-20,163.0,2741.0,0.0,100,278.41,251.0,0,0.0,0.0,,0.0,0,0.0,0.0,,0.0,bidTooLow
2019-02-21,163.0,2642.0,0.0,100,277.42,251.0,0,0.0,0.0,,0.0,0,0.0,0.0,,0.0,bidTooLow
2019-02-22,163.0,2814.0,0.0,100,279.14,251.0,0,0.0,0.0,,0.0,0,0.0,0.0,,0.0,bidTooLow
2019-02-25,163.0,2852.0,0.0,100,279.52,251.0,0,0.0,0.0,,0.0,0,0.0,0.0,,0.0,bidTooLow
2019-02-26,163.0,2832.0,0.0,100,279.32,251.0,0,0.0,0.0,,0.0,0,0.0,0.0,,0.0,bidTooLow
2019-02-27,163.0,2820.0,0.0,100,279.2,251.0,0,0.0,0.0,,0.0,0,0.0,0.0,,0.0,bidTooLow
2019-02-28,163.0,2768.0,0.0,100,278.68,251.0,0,0.0,0.0,,0.0,0,0.0,0.0,,0.0,bidTooLow
2019-03-01,163.0,2942.0,0.0,100,280.42,251.0,0,0.0,0.0,,0.0,0,0.0,0.0,,0.0,bidTooLow
2019-03-04,163.0,2840.0,0.0,100,279.4,251.0,0,0.0,0.0,,0.0,0,0.0,0.0,,0.0,bidTooLow
2019-03-05,163.0,2802.0,0.0,100,279.02,251.0,0,0.0,0.0,,0.0,0,0.0,0.0,,0.0,bidTooLow
2019-03-06,163.0,2633.0,0.0,100,277.33,251.0,0,0.0,0.0,,0.0,0,0.0,0.0,,0.0,bidTooLow
2019-03-07,163.0,2401.0,0.0,100,275.01,251.0,0,0.0,0.0,,0.0,0,0.0,0.0,,0.0,bidTooLow
2019-03-08,163.0,2346.0,0.0,100,274.46,251.0,0,0.0,0.0,,0.0,0,0.0,0.0,,0.0,bidTooLow
2019-03-11,163.0,2744.0,0.0,100,278.44,251.0,0,0.0,0.0,,0.0,0,0.0,0.0,,0.0,bidTooLow
2019-03-12,163.0,2846.0,0.0,100,279.49,251.0,0,0.0,0.0,,0.0,1,0.01,0.04,SPY190315C00285000,285.0,normalDay
2019-03-13,163.0,3028.0,0.0,100,281.34,251.0,0,0.0,0.0,,0.0,1,0.01,0.07,SPY190315C00285000,285.0,normalDay
2019-03-14,163.0,3015.0,0.0,100,281.16,251.0,0,0.0,0.0,,0.0,1,0.01,0.02,SPY190315C00285000,285.0,normalDay
2019-03-15,164.0,3031.0,1.0,100,281.31,251.0,0,0.0,0.0,,0.0,1,0.01,0.0,SPY190315C00285000,285.0,expirationDay
2019-03-18,164.0,3130.0,0.0,100,282.33,251.0,0,0.0,0.0,,0.0,1,0.03,0.06,SPY190320C00286000,286.0,normalDay
2019-03-19,164.0,3140.0,0.0,100,282.4,251.0,0,0.0,0.0,,0.0,1,0.03,0.03,SPY190320C00286000,286.0,normalDay
2019-03-20,167.0,3055.0,3.0,100,281.55,251.0,0,0.0,0.0,,0.0,1,0.03,0.0,SPY190320C00286000,286.0,expirationDay
2019-03-21,167.0,3373.0,0.0,100,284.73,251.0,0,0.0,0.0,,0.0,0,0.0,0.0,,0.0,bidTooLow
2019-03-22,167.0,2825.0,0.0,100,279.25,251.0,0,0.0,0.0,,0.0,0,0.0,0.0,,0.0,bidTooLow
2019-03-25,167.0,2804.0,0.0,100,279.04,251.0,0,0.0,0.0,,0.0,0,0.0,0.0,,0.0,bidTooLow
2019-03-26,167.0,3012.0,0.0,100,281.12,251.0,0,0.0,0.0,,0.0,0,0.0,0.0,,0.0,bidTooLow
2019-03-27,167.0,2865.0,0.0,100,279.65,251.0,0,0.0,0.0,,0.0,0,0.0,0.0,,0.0,bidTooLow
2019-03-28,167.0,2971.0,0.0,100,280.71,251.0,0,0.0,0.0,,0.0,0,0.0,0.0,,0.0,bidTooLow
2019-03-29,167.0,3148.0,0.0,100,282.48,251.0,0,0.0,0.0,,0.0,0,0.0,0.0,,0.0,bidTooLow
2019-04-01,167.0,3483.0,0.0,100,285.83,251.0,0,0.0,0.0,,0.0,0,0.0,0.0,,0.0,bidTooLow
2019-04-02,167.0,3497.0,0.0,100,285.97,251.0,0,0.0,0.0,,0.0,0,0.0,0.0,,0.0,bidTooLow
2019-04-03,167.0,3542.0,0.0,100,286.42,251.0,0,0.0,0.0,,0.0,0,0.0,0.0,,0.0,bidTooLow
2019-04-04,167.0,3618.0,0.0,100,287.18,251.0,0,0.0,0.0,,0.0,0,0.0,0.0,,0.0,bidTooLow
2019-04-05,167.0,3757.0,0.0,100,288.57,251.0,0,0.0,0.0,,0.0,0,0.0,0.0,,0.0,bidTooLow
2019-04-08,167.0,3779.0,0.0,100,288.79,251.0,0,0.0,0.0,,0.0,0,0.0,0.0,,0.0,bidTooLow
2019-04-09,167.0,3631.0,0.0,100,287.31,251.0,0,0.0,0.0,,0.0,0,0.0,0.0,,0.0,bidTooLow
2019-04-10,167.0,3729.0,0.0,100,288.29,251.0,0,0.0,0.0,,0.0,0,0.0,0.0,,0.0,bidTooLow
2019-04-11,167.0,3721.0,0.0,100,288.21,251.0,0,0.0,0.0,,0.0,0,0.0,0.0,,0.0,bidTooLow
2019-04-12,167.0,3916.0,0.0,100,290.16,251.0,0,0.0,0.0,,0.0,0,0.0,0.0,,0.0,bidTooLow
2019-04-15,167.0,3897.0,0.0,100,289.97,251.0,0,0.0,0.0,,0.0,0,0.0,0.0,,0.0,bidTooLow
2019-04-16,167.0,3916.0,0.0,100,290.16,251.0,0,0.0,0.0,,0.0,0,0.0,0.0,,0.0,bidTooLow
2019-04-17,167.0,3845.0,0.0,100,289.45,251.0,0,0.0,0.0,,0.0,0,0.0,0.0,,0.0,bidTooLow
2019-04-18,167.0,3902.0,0.0,100,290.02,251.0,0,0.0,0.0,,0.0,0,0.0,0.0,,0.0,bidTooLow
2019-04-22,167.0,3927.0,0.0,100,290.27,251.0,0,0.0,0.0,,0.0,0,0.0,0.0,,0.0,bidTooLow
2019-04-23,167.0,4188.0,0.0,100,292.88,251.0,0,0.0,0.0,,0.0,0,0.0,0.0,,0.0,bidTooLow
2019-04-24,167.0,4123.0,0.0,100,292.23,251.0,0,0.0,0.0,,0.0,0,0.0,0.0,,0.0,bidTooLow
2019-04-25,167.0,4105.0,0.0,100,292.05,251.0,0,0.0,0.0,,0.0,0,0.0,0.0,,0.0,bidTooLow
2019-04-26,167.0,4241.0,0.0,100,293.41,251.0,0,0.0,0.0,,0.0,0,0.0,0.0,,0.0,bidTooLow
2019-04-29,167.0,4287.0,0.0,100,293.87,251.0,0,0.0,0.0,,0.0,0,0.0,0.0,,0.0,bidTooLow
2019-04-30,167.0,4302.0,0.0,100,294.02,251.0,0,0.0,0.0,,0.0,0,0.0,0.0,,0.0,bidTooLow
2019-05-01,167.0,4081.0,0.0,100,291.81,251.0,0,0.0,0.0,,0.0,0,0.0,0.0,,0.0,bidTooLow
2019-05-02,167.0,4018.0,0.0,100,291.18,251.0,0,0.0,0.0,,0.0,0,0.0,0.0,,0.0,bidTooLow
2019-05-03,167.0,4303.0,0.0,100,294.03,251.0,0,0.0,0.0,,0.0,0,0.0,0.0,,0.0,bidTooLow
2019-05-06,167.0,4182.0,0.0,100,292.82,251.0,0,0.0,0.0,,0.0,0,0.0,0.0,,0.0,bidTooLow
2019-05-07,167.0,3693.0,0.0,100,287.93,251.0,0,0.0,0.0,,0.0,0,0.0,0.0,,0.0,bidTooLow
2019-05-08,167.0,3653.0,0.0,100,287.53,251.0,0,0.0,0.0,,0.0,0,0.0,0.0,,0.0,bidTooLow
2019-05-09,167.0,3566.0,0.0,100,286.66,251.0,0,0.0,0.0,,0.0,0,0.0,0.0,,0.0,bidTooLow
2019-05-10,167.0,3710.0,0.0,100,288.1,251.0,0,0.0,0.0,,0.0,0,0.0,0.0,,0.0,bidTooLow
2019-05-13,167.0,2986.0,0.0,100,280.86,251.0,0,0.0,0.0,,0.0,0,0.0,0.0,,0.0,bidTooLow
2019-05-14,167.0,3240.0,0.0,100,283.4,251.0,0,0.0,0.0,,0.0,0,0.0,0.0,,0.0,bidTooLow
2019-05-15,167.0,3406.0,0.0,100,285.06,251.0,0,0.0,0.0,,0.0,0,0.0,0.0,,0.0,bidTooLow
2019-05-16,167.0,3670.0,0.0,100,287.7,251.0,0,0.0,0.0,,0.0,0,0.0,0.0,,0.0,bidTooLow
2019-05-17,167.0,3484.0,0.0,100,285.84,251.0,0,0.0,0.0,,0.0,0,0.0,0.0,,0.0,bidTooLow
2019-05-20,167.0,3295.0,0.0,100,283.95,251.0,0,0.0,0.0,,0.0,0,0.0,0.0,,0.0,bidTooLow
2019-05-21,167.0,3551.0,0.0,100,286.51,251.0,0,0.0,0.0,,0.0,0,0.0,0.0,,0.0,bidTooLow
2019-05-22,167.0,3463.0,0.0,100,285.63,251.0,0,0.0,0.0,,0.0,0,0.0,0.0,,0.0,bidTooLow
2019-05-23,167.0,3114.0,0.0,100,282.14,251.0,0,0.0,0.0,,0.0,0,0.0,0.0,,0.0,bidTooLow
2019-05-24,167.0,3178.0,0.0,100,282.78,251.0,0,0.0,0.0,,0.0,0,0.0,0.0,,0.0,bidTooLow
2019-05-28,167.0,2915.0,0.0,100,280.15,251.0,0,0.0,0.0,,0.0,0,0.0,0.0,,0.0,bidTooLow
2019-05-29,167.0,2727.0,0.0,100,278.27,251.0,0,0.0,0.0,,0.0,0,0.0,0.0,,0.0,bidTooLow
2019-05-30,167.0,2803.0,0.0,100,279.03,251.0,0,0.0,0.0,,0.0,0,0.0,0.0,,0.0,bidTooLow
2019-05-31,167.0,2427.0,0.0,100,275.27,251.0,0,0.0,0.0,,0.0,0,0.0,0.0,,0.0,bidTooLow
2019-06-03,167.0,2357.0,0.0,100,274.57,251.0,0,0.0,0.0,,0.0,0,0.0,0.0,,0.0,bidTooLow
2019-06-04,167.0,2953.0,0.0,100,280.53,251.0,0,0.0,0.0,,0.0,0,0.0,0.0,,0.0,bidTooLow
2019-06-05,167.0,3196.0,0.0,100,282.96,251.0,0,0.0,0.0,,0.0,0,0.0,0.0,,0.0,bidTooLow
2019-06-06,167.0,3380.0,0.0,100,284.8,251.0,0,0.0,0.0,,0.0,0,0.0,0.0,,0.0,bidTooLow
2019-06-07,167.0,3665.0,0.0,100,287.65,251.0,0,0.0,0.0,,0.0,0,0.0,0.0,,0.0,bidTooLow
2019-06-10,167.0,3797.0,0.0,100,288.97,251.0,0,0.0,0.0,,0.0,0,0.0,0.0,,0.0,bidTooLow
2019-06-11,167.0,3790.0,0.0,100,288.9,251.0,0,0.0,0.0,,0.0,0,0.0,0.0,,0.0,bidTooLow
2019-06-12,167.0,3739.0,0.0,100,288.39,251.0,0,0.0,0.0,,0.0,0,0.0,0.0,,0.0,bidTooLow
2019-06-13,167.0,3858.0,0.0,100,289.58,251.0,0,0.0,0.0,,0.0,0,0.0,0.0,,0.0,bidTooLow
2019-06-14,167.0,3826.0,0.0,100,289.26,251.0,0,0.0,0.0,,0.0,0,0.0,0.0,,0.0,bidTooLow
2019-06-17,167.0,3837.0,0.0,100,289.37,251.0,0,0.0,0.0,,0.0,0,0.0,0.0,,0.0,bidTooLow
2019-06-18,167.0,4140.0,0.0,100,292.4,251.0,0,0.0,0.0,,0.0,0,0.0,0.0,,0.0,bidTooLow
2019-06-19,167.0,4206.0,0.0,100,293.06,251.0,0,0.0,0.0,,0.0,0,0.0,0.0,,0.0,bidTooLow
2019-06-20,167.0,4486.0,0.0,100,295.86,251.0,0,0.0,0.0,,0.0,0,0.0,0.0,,0.0,bidTooLow
2019-06-21,167.0,4300.0,0.0,100,294.0,251.0,0,0.0,0.0,,0.0,0,0.0,0.0,,0.0,bidTooLow
2019-06-24,167.0,4264.0,0.0,100,293.64,251.0,0,0.0,0.0,,0.0,0,0.0,0.0,,0.0,bidTooLow
2019-06-25,167.0,3976.0,0.0,100,290.76,251.0,0,0.0,0.0,,0.0,0,0.0,0.0,,0.0,bidTooLow
2019-06-26,167.0,3947.0,0.0,100,290.47,251.0,0,0.0,0.0,,0.0,0,0.0,0.0,,0.0,bidTooLow
2019-06-27,167.0,4050.0,0.0,100,291.5,251.0,0,0.0,0.0,,0.0,0,0.0,0.0,,0.0,bidTooLow
2019-06-28,167.0,4200.0,0.0,100,293.0,251.0,0,0.0,0.0,,0.0,0,0.0,0.0,,0.0,bidTooLow
2019-07-01,167.0,4466.0,0.0,100,295.66,251.0,0,0.0,0.0,,0.0,0,0.0,0.0,,0.0,bidTooLow
2019-07-02,167.0,4543.0,0.0,100,296.43,251.0,0,0.0,0.0,,0.0,0,0.0,0.0,,0.0,bidTooLow
2019-07-03,167.0,4780.0,0.0,100,298.8,251.0,0,0.0,0.0,,0.0,0,0.0,0.0,,0.0,bidTooLow
2019-07-05,167.0,4746.0,0.0,100,298.46,251.0,0,0.0,0.0,,0.0,0,0.0,0.0,,0.0,bidTooLow
2019-07-08,167.0,4582.0,0.0,100,296.82,251.0,0,0.0,0.0,,0.0,0,0.0,0.0,,0.0,bidTooLow
2019-07-09,167.0,4619.0,0.0,100,297.19,251.0,0,0.0,0.0,,0.0,0,0.0,0.0,,0.0,bidTooLow
2019-07-10,167.0,4761.0,0.0,100,298.61,251.0,0,0.0,0.0,,0.0,0,0.0,0.0,,0.0,bidTooLow
2019-07-11,167.0,4831.0,0.0,100,299.31,251.0,0,0.0,0.0,,0.0,0,0.0,0.0,,0.0,bidTooLow
2019-07-12,167.0,4965.0,0.0,100,300.65,251.0,0,0.0,0.0,,0.0,0,0.0,0.0,,0.0,bidTooLow
2019-07-15,167.0,4975.0,0.0,100,300.75,251.0,0,0.0,0.0,,0.0,0,0.0,0.0,,0.0,bidTooLow
2019-07-16,167.0,4878.0,0.0,100,299.78,251.0,0,0.0,0.0,,0.0,0,0.0,0.0,,0.0,bidTooLow
2019-07-17,167.0,4674.0,0.0,100,297.74,251.0,0,0.0,0.0,,0.0,0,0.0,0.0,,0.0,bidTooLow
2019-07-18,167.0,4783.0,0.0,100,298.83,251.0,0,0.0,0.0,,0.0,0,0.0,0.0,,0.0,bidTooLow
2019-07-19,167.0,4617.0,0.0,100,297.17,251.0,0,0.0,0.0,,0.0,0,0.0,0.0,,0.0,bidTooLow
2019-07-22,167.0,4690.0,0.0,100,297.9,251.0,0,0.0,0.0,,0.0,0,0.0,0.0,,0.0,bidTooLow
2019-07-23,167.0,4903.0,0.0,100,300.03,251.0,0,0.0,0.0,,0.0,0,0.0,0.0,,0.0,bidTooLow
2019-07-24,167.0,5044.0,0.0,100,301.44,251.0,0,0.0,0.0,,0.0,0,0.0,0.0,,0.0,bidTooLow
2019-07-25,167.0,4900.0,0.0,100,300.0,251.0,0,0.0,0.0,,0.0,0,0.0,0.0,,0.0,bidTooLow
2019-07-26,167.0,5101.0,0.0,100,302.01,251.0,0,0.0,0.0,,0.0,0,0.0,0.0,,0.0,bidTooLow
2019-07-29,167.0,5043.0,0.0,100,301.46,251.0,0,0.0,0.0,,0.0,1,0.02,0.05,SPY190731C00306000,306.0,normalDay
2019-07-30,167.0,4972.0,0.0,100,300.72,251.0,0,0.0,0.0,,0.0,1,0.02,0.02,SPY190731C00306000,306.0,normalDay
2019-07-31,169.0,4643.0,2.0,100,297.43,251.0,0,0.0,0.0,,0.0,1,0.02,0.0,SPY190731C00306000,306.0,expirationDay
2019-08-01,169.0,4384.0,0.0,100,294.84,251.0,0,0.0,0.0,,0.0,0,0.0,0.0,,0.0,bidTooLow
2019-08-02,169.0,4162.0,0.0,100,292.62,251.0,0,0.0,0.0,,0.0,0,0.0,0.0,,0.0,bidTooLow
2019-08-05,169.0,3282.0,0.0,100,283.82,251.0,0,0.0,0.0,,0.0,0,0.0,0.0,,0.0,bidTooLow
2019-08-06,169.0,3680.0,0.0,100,287.8,251.0,0,0.0,0.0,,0.0,0,0.0,0.0,,0.0,bidTooLow
2019-08-07,169.0,3697.0,0.0,100,287.97,251.0,0,0.0,0.0,,0.0,0,0.0,0.0,,0.0,bidTooLow
2019-08-08,169.0,4262.0,0.0,100,293.62,251.0,0,0.0,0.0,,0.0,0,0.0,0.0,,0.0,bidTooLow
2019-08-09,169.0,4062.0,0.0,100,291.62,251.0,0,0.0,0.0,,0.0,0,0.0,0.0,,0.0,bidTooLow
2019-08-12,169.0,3707.0,0.0,100,288.07,251.0,0,0.0,0.0,,0.0,0,0.0,0.0,,0.0,bidTooLow
2019-08-13,169.0,4155.0,0.0,100,292.55,251.0,0,0.0,0.0,,0.0,0,0.0,0.0,,0.0,bidTooLow
2019-08-14,169.0,3290.0,0.0,100,283.9,251.0,0,0.0,0.0,,0.0,0,0.0,0.0,,0.0,bidTooLow
2019-08-15,169.0,3365.0,0.0,100,284.65,251.0,0,0.0,0.0,,0.0,0,0.0,0.0,,0.0,bidTooLow
2019-08-16,169.0,3785.0,0.0,100,288.85,251.0,0,0.0,0.0,,0.0,0,0.0,0.0,,0.0,bidTooLow
2019-08-19,169.0,4133.0,0.0,100,292.33,251.0,0,0.0,0.0,,0.0,0,0.0,0.0,,0.0,bidTooLow
2019-08-20,169.0,3909.0,0.0,100,290.09,251.0,0,0.0,0.0,,0.0,0,0.0,0.0,,0.0,bidTooLow
2019-08-21,169.0,4145.0,0.0,100,292.45,251.0,0,0.0,0.0,,0.0,0,0.0,0.0,,0.0,bidTooLow
2019-08-22,169.0,4136.0,0.0,100,292.36,251.0,0,0.0,0.0,,0.0,0,0.0,0.0,,0.0,bidTooLow
2019-08-23,169.0,3385.0,0.0,100,284.85,251.0,0,0.0,0.0,,0.0,0,0.0,0.0,,0.0,bidTooLow
2019-08-26,169.0,3700.0,0.0,100,288.0,251.0,0,0.0,0.0,,0.0,0,0.0,0.0,,0.0,bidTooLow
2019-08-27,169.0,3587.0,0.0,100,286.87,251.0,0,0.0,0.0,,0.0,0,0.0,0.0,,0.0,bidTooLow
2019-08-28,169.0,3789.0,0.0,100,288.89,251.0,0,0.0,0.0,,0.0,0,0.0,0.0,,0.0,bidTooLow
2019-08-29,169.0,4158.0,0.0,100,292.58,251.0,0,0.0,0.0,,0.0,0,0.0,0.0,,0.0,bidTooLow
2019-08-30,169.0,4145.0,0.0,100,292.45,251.0,0,0.0,0.0,,0.0,0,0.0,0.0,,0.0,bidTooLow
2019-09-03,169.0,3974.0,0.0,100,290.74,251.0,0,0.0,0.0,,0.0,0,0.0,0.0,,0.0,bidTooLow
2019-09-04,169.0,4304.0,0.0,100,294.04,251.0,0,0.0,0.0,,0.0,0,0.0,0.0,,0.0,bidTooLow
2019-09-05,169.0,4682.0,0.0,100,297.82,251.0,0,0.0,0.0,,0.0,0,0.0,0.0,,0.0,bidTooLow
2019-09-06,169.0,4705.0,0.0,100,298.05,251.0,0,0.0,0.0,,0.0,0,0.0,0.0,,0.0,bidTooLow
2019-09-09,169.0,4720.0,0.0,100,298.2,251.0,0,0.0,0.0,,0.0,0,0.0,0.0,,0.0,bidTooLow
2019-09-10,169.0,4713.0,0.0,100,298.13,251.0,0,0.0,0.0,,0.0,0,0.0,0.0,,0.0,bidTooLow
2019-09-11,169.0,4925.0,0.0,100,300.25,251.0,0,0.0,0.0,,0.0,0,0.0,0.0,,0.0,bidTooLow
2019-09-12,169.0,5029.0,0.0,100,301.29,251.0,0,0.0,0.0,,0.0,0,0.0,0.0,,0.0,bidTooLow
2019-09-13,169.0,5009.0,0.0,100,301.09,251.0,0,0.0,0.0,,0.0,0,0.0,0.0,,0.0,bidTooLow
2019-09-16,169.0,4916.0,0.0,100,300.16,251.0,0,0.0,0.0,,0.0,0,0.0,0.0,,0.0,bidTooLow
2019-09-17,169.0,4992.0,0.0,100,300.92,251.0,0,0.0,0.0,,0.0,0,0.0,0.0,,0.0,bidTooLow
2019-09-18,169.0,5010.0,0.0,100,301.1,251.0,0,0.0,0.0,,0.0,0,0.0,0.0,,0.0,bidTooLow
2019-09-19,169.0,5008.0,0.0,100,301.08,251.0,0,0.0,0.0,,0.0,0,0.0,0.0,,0.0,bidTooLow
2019-09-20,169.0,4728.0,0.0,100,298.28,251.0,0,0.0,0.0,,0.0,0,0.0,0.0,,0.0,bidTooLow
2019-09-23,169.0,4721.0,0.0,100,298.21,251.0,0,0.0,0.0,,0.0,0,0.0,0.0,,0.0,bidTooLow
2019-09-24,169.0,4487.0,0.0,100,295.87,251.0,0,0.0,0.0,,0.0,0,0.0,0.0,,0.0,bidTooLow
2019-09-25,169.0,4662.0,0.0,100,297.62,251.0,0,0.0,0.0,,0.0,0,0.0,0.0,,0.0,bidTooLow
2019-09-26,169.0,4600.0,0.0,100,297.0,251.0,0,0.0,0.0,,0.0,0,0.0,0.0,,0.0,bidTooLow
2019-09-27,169.0,4440.0,0.0,100,295.4,251.0,0,0.0,0.0,,0.0,0,0.0,0.0,,0.0,bidTooLow
2019-09-30,169.0,4577.0,0.0,100,296.77,251.0,0,0.0,0.0,,0.0,0,0.0,0.0,,0.0,bidTooLow
2019-10-01,169.0,4224.0,0.0,100,293.24,251.0,0,0.0,0.0,,0.0,0,0.0,0.0,,0.0,bidTooLow
2019-10-02,169.0,3706.0,0.0,100,288.06,251.0,0,0.0,0.0,,0.0,0,0.0,0.0,,0.0,bidTooLow
2019-10-03,169.0,3942.0,0.0,100,290.42,251.0,0,0.0,0.0,,0.0,0,0.0,0.0,,0.0,bidTooLow
2019-10-04,169.0,4335.0,0.0,100,294.35,251.0,0,0.0,0.0,,0.0,0,0.0,0.0,,0.0,bidTooLow
2019-10-07,169.0,4208.0,0.0,100,293.08,251.0,0,0.0,0.0,,0.0,0,0.0,0.0,,0.0,bidTooLow
2019-10-08,169.0,3753.0,0.0,100,288.53,251.0,0,0.0,0.0,,0.0,0,0.0,0.0,,0.0,bidTooLow
2019-10-09,169.0,4027.0,0.0,100,291.27,251.0,0,0.0,0.0,,0.0,0,0.0,0.0,,0.0,bidTooLow
2019-10-10,169.0,4224.0,0.0,100,293.24,251.0,0,0.0,0.0,,0.0,0,0.0,0.0,,0.0,bidTooLow
2019-10-11,169.0,4528.0,0.0,100,296.28,251.0,0,0.0,0.0,,0.0,0,0.0,0.0,,0.0,bidTooLow
2019-10-14,169.0,4495.0,0.0,100,295.95,251.0,0,0.0,0.0,,0.0,0,0.0,0.0,,0.0,bidTooLow
2019-10-15,169.0,4788.0,0.0,100,298.88,251.0,0,0.0,0.0,,0.0,0,0.0,0.0,,0.0,bidTooLow
2019-10-16,169.0,4740.0,0.0,100,298.4,251.0,0,0.0,0.0,,0.0,0,0.0,0.0,,0.0,bidTooLow
2019-10-17,169.0,4828.0,0.0,100,299.28,251.0,0,0.0,0.0,,0.0,0,0.0,0.0,,0.0,bidTooLow
2019-10-18,169.0,4697.0,0.0,100,297.97,251.0,0,0.0,0.0,,0.0,0,0.0,0.0,,0.0,bidTooLow
2019-10-21,169.0,4899.0,0.0,100,299.99,251.0,0,0.0,0.0,,0.0,0,0.0,0.0,,0.0,bidTooLow
2019-10-22,169.0,4801.0,0.0,100,299.01,251.0,0,0.0,0.0,,0.0,0,0.0,0.0,,0.0,bidTooLow
2019-10-23,169.0,4888.0,0.0,100,299.88,251.0,0,0.0,0.0,,0.0,0,0.0,0.0,,0.0,bidTooLow
2019-10-24,169.0,4937.0,0.0,100,300.37,251.0,0,0.0,0.0,,0.0,0,0.0,0.0,,0.0,bidTooLow
2019-10-25,169.0,5060.0,0.0,100,301.6,251.0,0,0.0,0.0,,0.0,0,0.0,0.0,,0.0,bidTooLow
2019-10-28,169.0,5230.0,0.0,100,303.3,251.0,0,0.0,0.0,,0.0,0,0.0,0.0,,0.0,bidTooLow
2019-10-29,169.0,5221.0,0.0,100,303.21,251.0,0,0.0,0.0,,0.0,0,0.0,0.0,,0.0,bidTooLow
2019-10-30,169.0,5314.0,0.0,100,304.14,251.0,0,0.0,0.0,,0.0,0,0.0,0.0,,0.0,bidTooLow
2019-10-31,169.0,5233.0,0.0,100,303.33,251.0,0,0.0,0.0,,0.0,0,0.0,0.0,,0.0,bidTooLow
2019-11-01,169.0,5514.0,0.0,100,306.14,251.0,0,0.0,0.0,,0.0,0,0.0,0.0,,0.0,bidTooLow
2019-11-04,169.0,5637.0,0.0,100,307.37,251.0,0,0.0,0.0,,0.0,0,0.0,0.0,,0.0,bidTooLow
2019-11-05,169.0,5603.0,0.0,100,307.03,251.0,0,0.0,0.0,,0.0,0,0.0,0.0,,0.0,bidTooLow
2019-11-06,169.0,5610.0,0.0,100,307.1,251.0,0,0.0,0.0,,0.0,0,0.0,0.0,,0.0,bidTooLow
2019-11-07,169.0,5718.0,0.0,100,308.18,251.0,0,0.0,0.0,,0.0,0,0.0,0.0,,0.0,bidTooLow
2019-11-08,169.0,5794.0,0.0,100,308.94,251.0,0,0.0,0.0,,0.0,0,0.0,0.0,,0.0,bidTooLow
2019-11-11,169.0,5735.0,0.0,100,308.35,251.0,0,0.0,0.0,,0.0,0,0.0,0.0,,0.0,bidTooLow
2019-11-12,169.0,5800.0,0.0,100,309.0,251.0,0,0.0,0.0,,0.0,0,0.0,0.0,,0.0,bidTooLow
2019-11-13,169.0,5810.0,0.0,100,309.1,251.0,0,0.0,0.0,,0.0,0,0.0,0.0,,0.0,bidTooLow
2019-11-14,169.0,5855.0,0.0,100,309.55,251.0,0,0.0,0.0,,0.0,0,0.0,0.0,,0.0,bidTooLow
2019-11-15,169.0,6079.0,0.0,100,311.79,251.0,0,0.0,0.0,,0.0,0,0.0,0.0,,0.0,bidTooLow
2019-11-18,169.0,6102.0,0.0,100,312.02,251.0,0,0.0,0.0,,0.0,0,0.0,0.0,,0.0,bidTooLow
2019-11-19,169.0,6093.0,0.0,100,311.93,251.0,0,0.0,0.0,,0.0,0,0.0,0.0,,0.0,bidTooLow
2019-11-20,169.0,5977.0,0.0,100,310.77,251.0,0,0.0,0.0,,0.0,0,0.0,0.0,,0.0,bidTooLow
2019-11-21,169.0,5927.0,0.0,100,310.27,251.0,0,0.0,0.0,,0.0,0,0.0,0.0,,0.0,bidTooLow
2019-11-22,169.0,5996.0,0.0,100,310.96,251.0,0,0.0,0.0,,0.0,0,0.0,0.0,,0.0,bidTooLow
2019-11-25,169.0,6237.0,0.0,100,313.37,251.0,0,0.0,0.0,,0.0,0,0.0,0.0,,0.0,bidTooLow
2019-11-26,169.0,6308.0,0.0,100,314.08,251.0,0,0.0,0.0,,0.0,0,0.0,0.0,,0.0,bidTooLow
2019-11-27,169.0,6448.0,0.0,100,315.48,251.0,0,0.0,0.0,,0.0,0,0.0,0.0,,0.0,bidTooLow
2019-11-29,169.0,6331.0,0.0,100,314.31,251.0,0,0.0,0.0,,0.0,0,0.0,0.0,,0.0,bidTooLow
2019-12-02,169.0,6064.0,0.0,100,311.64,251.0,0,0.0,0.0,,0.0,0,0.0,0.0,,0.0,bidTooLow
2019-12-03,169.0,5855.0,0.0,100,309.55,251.0,0,0.0,0.0,,0.0,0,0.0,0.0,,0.0,bidTooLow
2019-12-04,169.0,6046.0,0.0,100,311.46,251.0,0,0.0,0.0,,0.0,0,0.0,0.0,,0.0,bidTooLow
2019-12-05,169.0,6102.0,0.0,100,312.02,251.0,0,0.0,0.0,,0.0,0,0.0,0.0,,0.0,bidTooLow
2019-12-06,169.0,6387.0,0.0,100,314.87,251.0,0,0.0,0.0,,0.0,0,0.0,0.0,,0.0,bidTooLow
2019-12-09,169.0,6288.0,0.0,100,313.88,251.0,0,0.0,0.0,,0.0,0,0.0,0.0,,0.0,bidTooLow
2019-12-10,169.0,6250.0,0.0,100,313.53,251.0,0,0.0,0.0,,0.0,1,0.01,0.04,SPY191213C00319500,319.5,normalDay
2019-12-11,169.0,6340.0,0.0,100,314.42,251.0,0,0.0,0.0,,0.0,1,0.01,0.03,SPY191213C00319500,319.5,normalDay
2019-12-12,169.0,6598.0,0.0,100,317.13,251.0,0,0.0,0.0,,0.0,1,0.01,0.16,SPY191213C00319500,319.5,normalDay
2019-12-13,170.0,6632.0,1.0,100,317.32,251.0,0,0.0,0.0,,0.0,1,0.01,0.0,SPY191213C00319500,319.5,expirationDay
2019-12-16,170.0,6847.0,0.0,100,319.5,251.0,0,0.0,0.0,,0.0,1,0.08,0.11,SPY191218C00323000,323.0,normalDay
2019-12-17,170.0,6862.0,0.0,100,319.57,251.0,0,0.0,0.0,,0.0,1,0.08,0.03,SPY191218C00323000,323.0,normalDay
2019-12-18,178.0,6859.0,8.0,100,319.59,251.0,0,0.0,0.0,,0.0,1,0.08,0.0,SPY191218C00323000,323.0,expirationDay
2019-12-19,178.0,6990.0,0.0,100,320.9,251.0,0,0.0,0.0,,0.0,0,0.0,0.0,,0.0,bidTooLow
2019-12-20,178.0,6973.0,0.0,100,320.73,251.0,0,0.0,0.0,,0.0,0,0.0,0.0,,0.0,bidTooLow
2019-12-23,178.0,7022.0,0.0,100,321.22,251.0,0,0.0,0.0,,0.0,0,0.0,0.0,,0.0,bidTooLow
2019-12-24,178.0,7023.0,0.0,100,321.23,251.0,0,0.0,0.0,,0.0,0,0.0,0.0,,0.0,bidTooLow
2019-12-26,178.0,7194.0,0.0,100,322.94,251.0,0,0.0,0.0,,0.0,0,0.0,0.0,,0.0,bidTooLow
2019-12-27,178.0,7186.0,0.0,100,322.86,251.0,0,0.0,0.0,,0.0,0,0.0,0.0,,0.0,bidTooLow
2019-12-30,178.0,7008.0,0.0,100,321.08,251.0,0,0.0,0.0,,0.0,0,0.0,0.0,,0.0,bidTooLow
2019-12-31,178.0,7086.0,0.0,100,321.86,251.0,0,0.0,0.0,,0.0,0,0.0,0.0,,0.0,bidTooLow
2020-01-02,178.0,7387.0,0.0,100,324.87,251.0,0,0.0,0.0,,0.0,0,0.0,0.0,,0.0,bidTooLow
2020-01-03,178.0,7141.0,0.0,100,322.41,251.0,0,0.0,0.0,,0.0,0,0.0,0.0,,0.0,bidTooLow
2020-01-06,178.0,7264.0,0.0,100,323.64,251.0,0,0.0,0.0,,0.0,0,0.0,0.0,,0.0,bidTooLow
2020-01-07,178.0,7173.0,0.0,100,322.73,251.0,0,0.0,0.0,,0.0,0,0.0,0.0,,0.0,bidTooLow
2020-01-08,178.0,7345.0,0.0,100,324.45,251.0,0,0.0,0.0,,0.0,0,0.0,0.0,,0.0,bidTooLow
2020-01-09,178.0,7565.0,0.0,100,326.65,251.0,0,0.0,0.0,,0.0,0,0.0,0.0,,0.0,bidTooLow
2020-01-10,178.0,7471.0,0.0,100,325.71,251.0,0,0.0,0.0,,0.0,0,0.0,0.0,,0.0,bidTooLow
2020-01-13,178.0,7695.0,0.0,100,327.95,251.0,0,0.0,0.0,,0.0,0,0.0,0.0,,0.0,bidTooLow
2020-01-14,178.0,7642.0,0.0,100,327.45,251.0,0,0.0,0.0,,0.0,1,0.04,0.07,SPY200117C00332500,332.5,normalDay
2020-01-15,178.0,7720.0,0.0,100,328.19,251.0,0,0.0,0.0,,0.0,1,0.04,0.03,SPY200117C00332500,332.5,normalDay
2020-01-16,178.0,7983.0,0.0,100,330.92,251.0,0,0.0,0.0,,0.0,1,0.04,0.13,SPY200117C00332500,332.5,normalDay
2020-01-17,182.0,8095.0,4.0,100,331.95,251.0,0,0.0,0.0,,0.0,1,0.04,0.0,SPY200117C00332500,332.5,expirationDay
2020-01-21,182.0,8030.0,0.0,100,331.3,251.0,0,0.0,0.0,,0.0,0,0.0,0.0,,0.0,bidTooLow
2020-01-22,182.0,8034.0,0.0,100,331.34,251.0,0,0.0,0.0,,0.0,0,0.0,0.0,,0.0,bidTooLow
2020-01-23,182.0,8072.0,0.0,100,331.72,251.0,0,0.0,0.0,,0.0,0,0.0,0.0,,0.0,bidTooLow
2020-01-24,182.0,7777.0,0.0,100,328.77,251.0,0,0.0,0.0,,0.0,0,0.0,0.0,,0.0,bidTooLow
2020-01-27,182.0,7250.0,0.0,100,323.5,251.0,0,0.0,0.0,,0.0,0,0.0,0.0,,0.0,bidTooLow
2020-01-28,182.0,7589.0,0.0,100,326.89,251.0,0,0.0,0.0,,0.0,0,0.0,0.0,,0.0,bidTooLow
2020-01-29,182.0,7562.0,0.0,100,326.62,251.0,0,0.0,0.0,,0.0,0,0.0,0.0,,0.0,bidTooLow
2020-01-30,182.0,7668.0,0.0,100,327.68,251.0,0,0.0,0.0,,0.0,0,0.0,0.0,,0.0,bidTooLow
2020-01-31,182.0,7073.0,0.0,100,321.73,251.0,0,0.0,0.0,,0.0,0,0.0,0.0,,0.0,bidTooLow
2020-02-03,182.0,7312.0,0.0,100,324.12,251.0,0,0.0,0.0,,0.0,0,0.0,0.0,,0.0,bidTooLow
2020-02-04,182.0,7806.0,0.0,100,329.06,251.0,0,0.0,0.0,,0.0,0,0.0,0.0,,0.0,bidTooLow
2020-02-05,182.0,8186.0,0.0,100,332.86,251.0,0,0.0,0.0,,0.0,0,0.0,0.0,,0.0,bidTooLow
2020-02-06,182.0,8298.0,0.0,100,333.98,251.0,0,0.0,0.0,,0.0,0,0.0,0.0,,0.0,bidTooLow
2020-02-07,182.0,8120.0,0.0,100,332.2,251.0,0,0.0,0.0,,0.0,0,0.0,0.0,,0.0,bidTooLow
2020-02-10,182.0,8368.0,0.0,100,334.68,251.0,0,0.0,0.0,,0.0,0,0.0,0.0,,0.0,bidTooLow
2020-02-11,182.0,8426.0,0.0,100,335.26,251.0,0,0.0,0.0,,0.0,0,0.0,0.0,,0.0,bidTooLow
2020-02-12,182.0,8642.0,0.0,100,337.42,251.0,0,0.0,0.0,,0.0,0,0.0,0.0,,0.0,bidTooLow
2020-02-13,182.0,8606.0,0.0,100,337.06,251.0,0,0.0,0.0,,0.0,0,0.0,0.0,,0.0,bidTooLow
2020-02-14,182.0,8660.0,0.0,100,337.6,251.0,0,0.0,0.0,,0.0,0,0.0,0.0,,0.0,bidTooLow
2020-02-18,182.0,8573.0,0.0,100,336.73,251.0,0,0.0,0.0,,0.0,0,0.0,0.0,,0.0,bidTooLow
2020-02-19,182.0,8734.0,0.0,100,338.34,251.0,0,0.0,0.0,,0.0,0,0.0,0.0,,0.0,bidTooLow
2020-02-20,182.0,8595.0,0.0,100,336.95,251.0,0,0.0,0.0,,0.0,0,0.0,0.0,,0.0,bidTooLow
2020-02-21,182.0,8248.0,0.0,100,333.48,251.0,0,0.0,0.0,,0.0,0,0.0,0.0,,0.0,bidTooLow
2020-02-24,182.0,7142.0,0.0,100,322.42,251.0,0,0.0,0.0,,0.0,0,0.0,0.0,,0.0,bidTooLow
2020-02-25,182.0,6165.0,0.0,100,312.65,251.0,0,0.0,0.0,,0.0,0,0.0,0.0,,0.0,bidTooLow
2020-02-26,182.0,6050.0,0.0,100,311.5,251.0,0,0.0,0.0,,0.0,0,0.0,0.0,,0.0,bidTooLow
2020-02-27,182.0,4651.0,0.0,100,297.51,251.0,0,0.0,0.0,,0.0,0,0.0,0.0,,0.0,bidTooLow
2020-02-28,182.0,4526.0,0.0,100,296.26,251.0,0,0.0,0.0,,0.0,0,0.0,0.0,,0.0,bidTooLow
2020-03-02,182.0,5809.0,0.0,100,309.09,251.0,0,0.0,0.0,,0.0,0,0.0,0.0,,0.0,bidTooLow
2020-03-03,182.0,4924.0,0.0,100,300.24,251.0,0,0.0,0.0,,0.0,0,0.0,0.0,,0.0,bidTooLow
2020-03-04,182.0,6186.0,0.0,100,312.86,251.0,0,0.0,0.0,,0.0,0,0.0,0.0,,0.0,bidTooLow
2020-03-05,182.0,5146.0,0.0,100,302.46,251.0,0,0.0,0.0,,0.0,0,0.0,0.0,,0.0,bidTooLow
2020-03-06,182.0,4646.0,0.0,100,297.46,251.0,0,0.0,0.0,,0.0,0,0.0,0.0,,0.0,bidTooLow
2020-03-09,182.0,2323.0,0.0,100,274.23,251.0,0,0.0,0.0,,0.0,0,0.0,0.0,,0.0,bidTooLow
2020-03-10,182.0,3742.0,0.0,100,288.42,251.0,0,0.0,0.0,,0.0,0,0.0,0.0,,0.0,bidTooLow
2020-03-11,182.0,2336.0,0.0,100,274.36,251.0,0,0.0,0.0,,0.0,0,0.0,0.0,,0.0,bidTooLow
2020-03-12,182.0,-289.0,0.0,100,248.11,251.0,0,0.0,0.0,,0.0,0,0.0,0.0,,0.0,bidTooLow
2020-03-13,182.0,1832.0,0.0,100,269.32,251.0,0,0.0,0.0,,0.0,0,0.0,0.0,,0.0,bidTooLow
2020-03-16,182.0,-1115.0,0.0,100,239.85,251.0,0,0.0,0.0,,0.0,0,0.0,0.0,,0.0,bidTooLow
2020-03-17,182.0,180.0,0.0,100,252.8,251.0,0,0.0,0.0,,0.0,0,0.0,0.0,,0.0,bidTooLow
2020-03-18,182.0,-1100.0,0.0,100,240.0,251.0,0,0.0,0.0,,0.0,0,0.0,0.0,,0.0,bidTooLow
2020-03-19,182.0,-1049.0,0.0,100,240.51,251.0,0,0.0,0.0,,0.0,0,0.0,0.0,,0.0,bidTooLow
2020-03-20,182.0,-2220.0,0.0,100,228.8,251.0,0,0.0,0.0,,0.0,0,0.0,0.0,,0.0,bidTooLow
2020-03-23,182.0,-2805.0,0.0,100,222.95,251.0,0,0.0,0.0,,0.0,0,0.0,0.0,,0.0,bidTooLow
2020-03-24,182.0,-785.0,0.0,100,243.15,251.0,0,0.0,0.0,,0.0,0,0.0,0.0,,0.0,bidTooLow
2020-03-25,182.0,-421.0,0.0,100,246.79,251.0,0,0.0,0.0,,0.0,0,0.0,0.0,,0.0,bidTooLow
2020-03-26,182.0,1020.0,0.0,100,261.2,251.0,0,0.0,0.0,,0.0,0,0.0,0.0,,0.0,bidTooLow
2020-03-27,182.0,242.0,0.0,100,253.42,251.0,0,0.0,0.0,,0.0,0,0.0,0.0,,0.0,bidTooLow
2020-03-30,182.0,1065.0,0.0,100,261.65,251.0,0,0.0,0.0,,0.0,0,0.0,0.0,,0.0,bidTooLow
2020-03-31,182.0,675.0,0.0,100,257.75,251.0,0,0.0,0.0,,0.0,0,0.0,0.0,,0.0,bidTooLow
2020-04-01,182.0,-485.0,0.0,100,246.15,251.0,0,0.0,0.0,,0.0,0,0.0,0.0,,0.0,bidTooLow
2020-04-02,182.0,83.0,0.0,100,251.83,251.0,0,0.0,0.0,,0.0,0,0.0,0.0,,0.0,bidTooLow
2020-04-03,182.0,-281.0,0.0,100,248.19,251.0,0,0.0,0.0,,0.0,0,0.0,0.0,,0.0,bidTooLow
2020-04-06,182.0,1386.0,0.0,100,264.86,251.0,0,0.0,0.0,,0.0,0,0.0,0.0,,0.0,bidTooLow
2020-04-07,182.0,1413.0,0.0,100,265.13,251.0,0,0.0,0.0,,0.0,0,0.0,0.0,,0.0,bidTooLow
2020-04-08,182.0,2303.0,0.0,100,274.03,251.0,0,0.0,0.0,,0.0,0,0.0,0.0,,0.0,bidTooLow
2020-04-09,182.0,2720.0,0.0,100,278.2,251.0,0,0.0,0.0,,0.0,0,0.0,0.0,,0.0,bidTooLow
2020-04-13,182.0,2466.0,0.0,100,275.66,251.0,0,0.0,0.0,,0.0,0,0.0,0.0,,0.0,bidTooLow
2020-04-14,182.0,3279.0,0.0,100,283.79,251.0,0,0.0,0.0,,0.0,0,0.0,0.0,,0.0,bidTooLow
2020-04-15,182.0,2676.0,0.0,100,277.76,251.0,0,0.0,0.0,,0.0,0,0.0,0.0,,0.0,bidTooLow
2020-04-16,182.0,2810.0,0.0,100,279.1,251.0,0,0.0,0.0,,0.0,0,0.0,0.0,,0.0,bidTooLow
2020-04-17,182.0,3564.0,0.0,100,286.64,251.0,0,0.0,0.0,,0.0,0,0.0,0.0,,0.0,bidTooLow
2020-04-20,182.0,3059.0,0.0,100,281.59,251.0,0,0.0,0.0,,0.0,0,0.0,0.0,,0.0,bidTooLow
2020-04-21,182.0,2204.0,0.0,100,273.04,251.0,0,0.0,0.0,,0.0,0,0.0,0.0,,0.0,bidTooLow
2020-04-22,182.0,2810.0,0.0,100,279.1,251.0,0,0.0,0.0,,0.0,0,0.0,0.0,,0.0,bidTooLow
2020-04-23,182.0,2808.0,0.0,100,279.08,251.0,0,0.0,0.0,,0.0,0,0.0,0.0,,0.0,bidTooLow
2020-04-24,182.0,3197.0,0.0,100,282.97,251.0,0,0.0,0.0,,0.0,0,0.0,0.0,,0.0,bidTooLow
2020-04-27,182.0,3605.0,0.0,100,287.05,251.0,0,0.0,0.0,,0.0,0,0.0,0.0,,0.0,bidTooLow
2020-04-28,182.0,3473.0,0.0,100,285.73,251.0,0,0.0,0.0,,0.0,0,0.0,0.0,,0.0,bidTooLow
2020-04-29,182.0,4221.0,0.0,100,293.21,251.0,0,0.0,0.0,,0.0,0,0.0,0.0,,0.0,bidTooLow
2020-04-30,182.0,3948.0,0.0,100,290.48,251.0,0,0.0,0.0,,0.0,0,0.0,0.0,,0.0,bidTooLow
2020-05-01,182.0,3179.0,0.0,100,282.79,251.0,0,0.0,0.0,,0.0,0,0.0,0.0,,0.0,bidTooLow
2020-05-04,182.0,3257.0,0.0,100,283.57,251.0,0,0.0,0.0,,0.0,0,0.0,0.0,,0.0,bidTooLow
2020-05-05,182.0,3519.0,0.0,100,286.19,251.0,0,0.0,0.0,,0.0,0,0.0,0.0,,0.0,bidTooLow
2020-05-06,182.0,3325.0,0.0,100,284.25,251.0,0,0.0,0.0,,0.0,0,0.0,0.0,,0.0,bidTooLow
2020-05-07,182.0,3668.0,0.0,100,287.68,251.0,0,0.0,0.0,,0.0,0,0.0,0.0,,0.0,bidTooLow
2020-05-08,182.0,4144.0,0.0,100,292.44,251.0,0,0.0,0.0,,0.0,0,0.0,0.0,,0.0,bidTooLow
2020-05-11,182.0,4150.0,0.0,100,292.5,251.0,0,0.0,0.0,,0.0,0,0.0,0.0,,0.0,bidTooLow
2020-05-12,182.0,3564.0,0.0,100,286.67,251.0,0,0.0,0.0,,0.0,1,0.02,0.05,SPY200515C00305000,305.0,normalDay
2020-05-13,182.0,3060.0,0.0,100,281.6,251.0,0,0.0,0.0,,0.0,1,0.02,0.02,SPY200515C00305000,305.0,normalDay
2020-05-14,182.0,3398.0,0.0,100,284.97,251.0,0,0.0,0.0,,0.0,1,0.02,0.01,SPY200515C00305000,305.0,normalDay
2020-05-15,184.0,3528.0,2.0,100,286.28,251.0,0,0.0,0.0,,0.0,1,0.02,0.0,SPY200515C00305000,305.0,expirationDay
2020-05-18,184.0,4397.0,0.0,100,295.0,251.0,0,0.0,0.0,,0.0,1,0.05,0.08,SPY200520C00306000,306.0,normalDay
2020-05-19,184.0,4100.0,0.0,100,291.97,251.0,0,0.0,0.0,,0.0,1,0.05,0.02,SPY200520C00306000,306.0,normalDay
2020-05-20,189.0,4593.0,5.0,100,296.93,251.0,0,0.0,0.0,,0.0,1,0.05,0.0,SPY200520C00306000,306.0,expirationDay
2020-05-21,189.0,4388.0,0.0,100,294.88,251.0,0,0.0,0.0,,0.0,0,0.0,0.0,,0.0,bidTooLow
2020-05-22,189.0,4444.0,0.0,100,295.44,251.0,0,0.0,0.0,,0.0,0,0.0,0.0,,0.0,bidTooLow
2020-05-26,189.0,4805.0,0.0,100,299.08,251.0,0,0.0,0.0,,0.0,1,0.1,0.13,SPY200529C00309000,309.0,normalDay
2020-05-27,189.0,5227.0,0.0,100,303.53,251.0,0,0.0,0.0,,0.0,1,0.1,0.36,SPY200529C00309000,309.0,normalDay
2020-05-28,189.0,5192.0,0.0,100,302.97,251.0,0,0.0,0.0,,0.0,1,0.1,0.15,SPY200529C00309000,309.0,normalDay
2020-05-29,199.0,5332.0,10.0,100,304.32,251.0,0,0.0,0.0,,0.0,1,0.1,0.0,SPY200529C00309000,309.0,expirationDay
2020-06-01,199.0,5455.0,0.0,100,305.55,251.0,0,0.0,0.0,,0.0,0,0.0,0.0,,0.0,bidTooLow
2020-06-02,199.0,5708.0,0.0,100,308.08,251.0,0,0.0,0.0,,0.0,0,0.0,0.0,,0.0,bidTooLow
2020-06-03,199.0,6118.0,0.0,100,312.18,251.0,0,0.0,0.0,,0.0,0,0.0,0.0,,0.0,bidTooLow
2020-06-04,199.0,6036.0,0.0,100,311.36,251.0,0,0.0,0.0,,0.0,0,0.0,0.0,,0.0,bidTooLow
2020-06-05,199.0,6834.0,0.0,100,319.34,251.0,0,0.0,0.0,,0.0,0,0.0,0.0,,0.0,bidTooLow
2020-06-08,199.0,7220.0,0.0,100,323.2,251.0,0,0.0,0.0,,0.0,0,0.0,0.0,,0.0,bidTooLow
2020-06-09,199.0,6979.0,0.0,100,320.79,251.0,0,0.0,0.0,,0.0,0,0.0,0.0,,0.0,bidTooLow
2020-06-10,199.0,6800.0,0.0,100,319.0,251.0,0,0.0,0.0,,0.0,0,0.0,0.0,,0.0,bidTooLow
2020-06-11,199.0,4961.0,0.0,100,300.61,251.0,0,0.0,0.0,,0.0,0,0.0,0.0,,0.0,bidTooLow
2020-06-12,199.0,5321.0,0.0,100,304.21,251.0,0,0.0,0.0,,0.0,0,0.0,0.0,,0.0,bidTooLow
2020-06-15,199.0,5605.0,0.0,100,307.05,251.0,0,0.0,0.0,,0.0,0,0.0,0.0,,0.0,bidTooLow
2020-06-16,199.0,6196.0,0.0,100,312.96,251.0,0,0.0,0.0,,0.0,0,0.0,0.0,,0.0,bidTooLow
2020-06-17,199.0,6066.0,0.0,100,311.66,251.0,0,0.0,0.0,,0.0,0,0.0,0.0,,0.0,bidTooLow
2020-06-18,199.0,6078.0,0.0,100,311.78,251.0,0,0.0,0.0,,0.0,0,0.0,0.0,,0.0,bidTooLow
2020-06-19,199.0,5764.0,0.0,100,308.64,251.0,0,0.0,0.0,,0.0,0,0.0,0.0,,0.0,bidTooLow
2020-06-22,199.0,5962.0,0.0,100,310.62,251.0,0,0.0,0.0,,0.0,0,0.0,0.0,,0.0,bidTooLow
2020-06-23,199.0,6105.0,0.0,100,312.05,251.0,0,0.0,0.0,,0.0,0,0.0,0.0,,0.0,bidTooLow
2020-06-24,199.0,5309.0,0.0,100,304.09,251.0,0,0.0,0.0,,0.0,0,0.0,0.0,,0.0,bidTooLow
2020-06-25,199.0,5635.0,0.0,100,307.35,251.0,0,0.0,0.0,,0.0,0,0.0,0.0,,0.0,bidTooLow
2020-06-26,199.0,4905.0,0.0,100,300.05,251.0,0,0.0,0.0,,0.0,0,0.0,0.0,,0.0,bidTooLow
2020-06-29,199.0,5346.0,0.0,100,304.46,251.0,0,0.0,0.0,,0.0,0,0.0,0.0,,0.0,bidTooLow
2020-06-30,199.0,5736.0,0.0,100,308.36,251.0,0,0.0,0.0,,0.0,0,0.0,0.0,,0.0,bidTooLow
2020-07-01,199.0,5952.0,0.0,100,310.52,251.0,0,0.0,0.0,,0.0,0,0.0,0.0,,0.0,bidTooLow
2020-07-02,199.0,6123.0,0.0,100,312.23,251.0,0,0.0,0.0,,0.0,0,0.0,0.0,,0.0,bidTooLow
2020-07-06,199.0,6605.0,0.0,100,317.05,251.0,0,0.0,0.0,,0.0,0,0.0,0.0,,0.0,bidTooLow
2020-07-07,199.0,6278.0,0.0,100,313.78,251.0,0,0.0,0.0,,0.0,0,0.0,0.0,,0.0,bidTooLow
2020-07-08,199.0,6518.0,0.0,100,316.18,251.0,0,0.0,0.0,,0.0,0,0.0,0.0,,0.0,bidTooLow
2020-07-09,199.0,6338.0,0.0,100,314.38,251.0,0,0.0,0.0,,0.0,0,0.0,0.0,,0.0,bidTooLow
2020-07-10,199.0,6659.0,0.0,100,317.59,251.0,0,0.0,0.0,,0.0,0,0.0,0.0,,0.0,bidTooLow
2020-07-13,199.0,6381.0,0.0,100,314.84,251.0,0,0.0,0.0,,0.0,1,0.02,0.05,SPY200715C00328000,328.0,normalDay
2020-07-14,199.0,6791.0,0.0,100,318.92,251.0,0,0.0,0.0,,0.0,1,0.02,0.03,SPY200715C00328000,328.0,normalDay
2020-07-15,201.0,7085.0,2.0,100,321.85,251.0,0,0.0,0.0,,0.0,1,0.02,0.0,SPY200715C00328000,328.0,expirationDay
2020-07-16,201.0,6979.0,0.0,100,320.79,251.0,0,0.0,0.0,,0.0,0,0.0,0.0,,0.0,bidTooLow
2020-07-17,201.0,7072.0,0.0,100,321.72,251.0,0,0.0,0.0,,0.0,0,0.0,0.0,,0.0,bidTooLow
2020-07-20,201.0,7332.0,0.0,100,324.32,251.0,0,0.0,0.0,,0.0,0,0.0,0.0,,0.0,bidTooLow
2020-07-21,201.0,7401.0,0.0,100,325.01,251.0,0,0.0,0.0,,0.0,0,0.0,0.0,,0.0,bidTooLow
2020-07-22,201.0,7586.0,0.0,100,326.86,251.0,0,0.0,0.0,,0.0,0,0.0,0.0,,0.0,bidTooLow
2020-07-23,201.0,7196.0,0.0,100,322.96,251.0,0,0.0,0.0,,0.0,0,0.0,0.0,,0.0,bidTooLow
2020-07-24,201.0,6988.0,0.0,100,320.88,251.0,0,0.0,0.0,,0.0,0,0.0,0.0,,0.0,bidTooLow
2020-07-27,201.0,7222.0,0.0,100,323.22,251.0,0,0.0,0.0,,0.0,0,0.0,0.0,,0.0,bidTooLow
2020-07-28,201.0,7017.0,0.0,100,321.17,251.0,0,0.0,0.0,,0.0,0,0.0,0.0,,0.0,bidTooLow
2020-07-29,201.0,7412.0,0.0,100,325.12,251.0,0,0.0,0.0,,0.0,0,0.0,0.0,,0.0,bidTooLow
2020-07-30,201.0,7296.0,0.0,100,323.96,251.0,0,0.0,0.0,,0.0,0,0.0,0.0,,0.0,bidTooLow
2020-07-31,201.0,7552.0,0.0,100,326.52,251.0,0,0.0,0.0,,0.0,0,0.0,0.0,,0.0,bidTooLow
2020-08-03,201.0,7779.0,0.0,100,328.79,251.0,0,0.0,0.0,,0.0,0,0.0,0.0,,0.0,bidTooLow
2020-08-04,201.0,7903.0,0.0,100,330.06,251.0,0,0.0,0.0,,0.0,1,0.03,0.06,SPY200807C00339000,339.0,normalDay
2020-08-05,201.0,8109.0,0.0,100,332.11,251.0,0,0.0,0.0,,0.0,1,0.03,0.05,SPY200807C00339000,339.0,normalDay
2020-08-06,201.0,8325.0,0.0,100,334.33,251.0,0,0.0,0.0,,0.0,1,0.03,0.11,SPY200807C00339000,339.0,normalDay
2020-08-07,204.0,8357.0,3.0,100,334.57,251.0,0,0.0,0.0,,0.0,1,0.03,0.0,SPY200807C00339000,339.0,expirationDay
2020-08-10,204.0,8457.0,0.0,100,335.57,251.0,0,0.0,0.0,,0.0,0,0.0,0.0,,0.0,bidTooLow
2020-08-11,204.0,8177.0,0.0,100,332.8,251.0,0,0.0,0.0,,0.0,1,0.01,0.04,SPY200814C00346000,346.0,normalDay
2020-08-12,204.0,8642.0,0.0,100,337.44,251.0,0,0.0,0.0,,0.0,1,0.01,0.03,SPY200814C00346000,346.0,normalDay
2020-08-13,204.0,8583.0,0.0,100,336.83,251.0,0,0.0,0.0,,0.0,1,0.01,0.01,SPY200814C00346000,346.0,normalDay
2020-08-14,205.0,8584.0,1.0,100,336.84,251.0,0,0.0,0.0,,0.0,1,0.01,0.0,SPY200814C00346000,346.0,expirationDay
2020-08-17,205.0,8691.0,0.0,100,337.91,251.0,0,0.0,0.0,,0.0,0,0.0,0.0,,0.0,bidTooLow
2020-08-18,205.0,8764.0,0.0,100,338.64,251.0,0,0.0,0.0,,0.0,0,0.0,0.0,,0.0,bidTooLow
2020-08-19,205.0,8623.0,0.0,100,337.23,251.0,0,0.0,0.0,,0.0,0,0.0,0.0,,0.0,bidTooLow
2020-08-20,205.0,8728.0,0.0,100,338.28,251.0,0,0.0,0.0,,0.0,0,0.0,0.0,,0.0,bidTooLow
2020-08-21,205.0,8848.0,0.0,100,339.48,251.0,0,0.0,0.0,,0.0,0,0.0,0.0,,0.0,bidTooLow
2020-08-24,205.0,9192.0,0.0,100,342.92,251.0,0,0.0,0.0,,0.0,0,0.0,0.0,,0.0,bidTooLow
2020-08-25,205.0,9312.0,0.0,100,344.12,251.0,0,0.0,0.0,,0.0,0,0.0,0.0,,0.0,bidTooLow
2020-08-26,205.0,9654.0,0.0,100,347.57,251.0,0,0.0,0.0,,0.0,1,0.04,0.07,SPY200828C00358000,358.0,normalDay
2020-08-27,205.0,9736.0,0.0,100,348.33,251.0,0,0.0,0.0,,0.0,1,0.04,0.01,SPY200828C00358000,358.0,normalDay
2020-08-28,209.0,9958.0,4.0,100,350.58,251.0,0,0.0,0.0,,0.0,1,0.04,0.0,SPY200828C00358000,358.0,expirationDay
2020-08-31,209.0,9831.0,0.0,100,349.31,251.0,0,0.0,0.0,,0.0,0,0.0,0.0,,0.0,bidTooLow
2020-09-01,209.0,10157.0,0.0,100,352.6,251.0,0,0.0,0.0,,0.0,1,0.01,0.04,SPY200904C00364000,364.0,normalDay
2020-09-02,209.0,10640.0,0.0,100,357.7,251.0,0,0.0,0.0,,0.0,1,0.01,0.31,SPY200904C00364000,364.0,normalDay
2020-09-03,209.0,9438.0,0.0,100,345.39,251.0,0,0.0,0.0,,0.0,1,0.01,0.02,SPY200904C00364000,364.0,normalDay
2020-09-04,210.0,9157.0,1.0,100,342.57,251.0,0,0.0,0.0,,0.0,1,0.01,0.0,SPY200904C00364000,364.0,expirationDay
2020-09-08,210.0,8221.0,0.0,100,333.21,251.0,0,0.0,0.0,,0.0,0,0.0,0.0,,0.0,bidTooLow
2020-09-09,210.0,8879.0,0.0,100,339.79,251.0,0,0.0,0.0,,0.0,0,0.0,0.0,,0.0,bidTooLow
2020-09-10,210.0,8289.0,0.0,100,333.89,251.0,0,0.0,0.0,,0.0,0,0.0,0.0,,0.0,bidTooLow
2020-09-11,210.0,8306.0,0.0,100,334.06,251.0,0,0.0,0.0,,0.0,0,0.0,0.0,,0.0,bidTooLow
2020-09-14,210.0,8746.0,0.0,100,338.46,251.0,0,0.0,0.0,,0.0,0,0.0,0.0,,0.0,bidTooLow
2020-09-15,210.0,8917.0,0.0,100,340.17,251.0,0,0.0,0.0,,0.0,0,0.0,0.0,,0.0,bidTooLow
2020-09-16,210.0,8782.0,0.0,100,338.82,251.0,0,0.0,0.0,,0.0,0,0.0,0.0,,0.0,bidTooLow
2020-09-17,210.0,8484.0,0.0,100,335.84,251.0,0,0.0,0.0,,0.0,0,0.0,0.0,,0.0,bidTooLow
2020-09-18,210.0,7965.0,0.0,100,330.65,251.0,0,0.0,0.0,,0.0,0,0.0,0.0,,0.0,bidTooLow
2020-09-21,210.0,7597.0,0.0,100,326.97,251.0,0,0.0,0.0,,0.0,0,0.0,0.0,,0.0,bidTooLow
2020-09-22,210.0,7930.0,0.0,100,330.3,251.0,0,0.0,0.0,,0.0,0,0.0,0.0,,0.0,bidTooLow
2020-09-23,210.0,7164.0,0.0,100,322.64,251.0,0,0.0,0.0,,0.0,0,0.0,0.0,,0.0,bidTooLow
2020-09-24,210.0,7250.0,0.0,100,323.5,251.0,0,0.0,0.0,,0.0,0,0.0,0.0,,0.0,bidTooLow
2020-09-25,210.0,7773.0,0.0,100,328.73,251.0,0,0.0,0.0,,0.0,0,0.0,0.0,,0.0,bidTooLow
2020-09-28,210.0,8319.0,0.0,100,334.19,251.0,0,0.0,0.0,,0.0,0,0.0,0.0,,0.0,bidTooLow
2020-09-29,210.0,8137.0,0.0,100,332.37,251.0,0,0.0,0.0,,0.0,0,0.0,0.0,,0.0,bidTooLow
2020-09-30,210.0,8389.0,0.0,100,334.89,251.0,0,0.0,0.0,,0.0,0,0.0,0.0,,0.0,bidTooLow
2020-10-01,210.0,8604.0,0.0,100,337.04,251.0,0,0.0,0.0,,0.0,0,0.0,0.0,,0.0,bidTooLow
2020-10-02,210.0,8284.0,0.0,100,333.84,251.0,0,0.0,0.0,,0.0,0,0.0,0.0,,0.0,bidTooLow
2020-10-05,210.0,8876.0,0.0,100,339.76,251.0,0,0.0,0.0,,0.0,0,0.0,0.0,,0.0,bidTooLow
2020-10-06,210.0,8393.0,0.0,100,334.93,251.0,0,0.0,0.0,,0.0,0,0.0,0.0,,0.0,bidTooLow
2020-10-07,210.0,8976.0,0.0,100,340.76,251.0,0,0.0,0.0,,0.0,0,0.0,0.0,,0.0,bidTooLow
2020-10-08,210.0,9278.0,0.0,100,343.78,251.0,0,0.0,0.0,,0.0,0,0.0,0.0,,0.0,bidTooLow
2020-10-09,210.0,9585.0,0.0,100,346.85,251.0,0,0.0,0.0,,0.0,0,0.0,0.0,,0.0,bidTooLow
2020-10-12,210.0,10143.0,0.0,100,352.43,251.0,0,0.0,0.0,,0.0,0,0.0,0.0,,0.0,bidTooLow
2020-10-13,210.0,9913.0,0.0,100,350.13,251.0,0,0.0,0.0,,0.0,0,0.0,0.0,,0.0,bidTooLow
2020-10-14,210.0,9693.0,0.0,100,347.93,251.0,0,0.0,0.0,,0.0,0,0.0,0.0,,0.0,bidTooLow
2020-10-15,210.0,9650.0,0.0,100,347.5,251.0,0,0.0,0.0,,0.0,0,0.0,0.0,,0.0,bidTooLow
2020-10-16,210.0,9629.0,0.0,100,347.29,251.0,0,0.0,0.0,,0.0,0,0.0,0.0,,0.0,bidTooLow
2020-10-19,210.0,9101.0,0.0,100,342.01,251.0,0,0.0,0.0,,0.0,0,0.0,0.0,,0.0,bidTooLow
2020-10-20,210.0,9238.0,0.0,100,343.38,251.0,0,0.0,0.0,,0.0,0,0.0,0.0,,0.0,bidTooLow
2020-10-21,210.0,9173.0,0.0,100,342.73,251.0,0,0.0,0.0,,0.0,0,0.0,0.0,,0.0,bidTooLow
2020-10-22,210.0,9361.0,0.0,100,344.61,251.0,0,0.0,0.0,,0.0,0,0.0,0.0,,0.0,bidTooLow
2020-10-23,210.0,9478.0,0.0,100,345.78,251.0,0,0.0,0.0,,0.0,0,0.0,0.0,,0.0,bidTooLow
2020-10-26,210.0,8839.0,0.0,100,339.39,251.0,0,0.0,0.0,,0.0,0,0.0,0.0,,0.0,bidTooLow
2020-10-27,210.0,8722.0,0.0,100,338.22,251.0,0,0.0,0.0,,0.0,0,0.0,0.0,,0.0,bidTooLow
2020-10-28,210.0,7566.0,0.0,100,326.66,251.0,0,0.0,0.0,,0.0,0,0.0,0.0,,0.0,bidTooLow
2020-10-29,210.0,7898.0,0.0,100,329.98,251.0,0,0.0,0.0,,0.0,0,0.0,0.0,,0.0,bidTooLow
2020-10-30,210.0,7554.0,0.0,100,326.54,251.0,0,0.0,0.0,,0.0,0,0.0,0.0,,0.0,bidTooLow
2020-11-02,210.0,7920.0,0.0,100,330.2,251.0,0,0.0,0.0,,0.0,0,0.0,0.0,,0.0,bidTooLow
2020-11-03,210.0,8500.0,0.0,100,336.03,251.0,0,0.0,0.0,,0.0,1,0.03,0.06,SPY201106C00370000,370.0,normalDay
2020-11-04,210.0,9256.0,0.0,100,343.54,251.0,0,0.0,0.0,,0.0,1,0.03,0.01,SPY201106C00370000,370.0,normalDay
2020-11-05,210.0,9926.0,0.0,100,350.24,251.0,0,0.0,0.0,,0.0,1,0.03,0.01,SPY201106C00370000,370.0,normalDay
2020-11-06,213.0,9916.0,3.0,100,350.16,251.0,0,0.0,0.0,,0.0,1,0.03,0.0,SPY201106C00370000,370.0,expirationDay
2020-11-09,213.0,10356.0,0.0,100,354.56,251.0,0,0.0,0.0,,0.0,0,0.0,0.0,,0.0,bidTooLow
2020-11-10,213.0,10304.0,0.0,100,354.04,251.0,0,0.0,0.0,,0.0,0,0.0,0.0,,0.0,bidTooLow
2020-11-11,213.0,10567.0,0.0,100,356.67,251.0,0,0.0,0.0,,0.0,0,0.0,0.0,,0.0,bidTooLow
2020-11-12,213.0,10221.0,0.0,100,353.21,251.0,0,0.0,0.0,,0.0,0,0.0,0.0,,0.0,bidTooLow
2020-11-13,213.0,10710.0,0.0,100,358.1,251.0,0,0.0,0.0,,0.0,0,0.0,0.0,,0.0,bidTooLow
2020-11-16,213.0,11157.0,0.0,100,362.57,251.0,0,0.0,0.0,,0.0,0,0.0,0.0,,0.0,bidTooLow
2020-11-17,213.0,10962.0,0.0,100,360.62,251.0,0,0.0,0.0,,0.0,0,0.0,0.0,,0.0,bidTooLow
2020-11-18,213.0,10528.0,0.0,100,356.28,251.0,0,0.0,0.0,,0.0,0,0.0,0.0,,0.0,bidTooLow
2020-11-19,213.0,10678.0,0.0,100,357.78,251.0,0,0.0,0.0,,0.0,0,0.0,0.0,,0.0,bidTooLow
2020-11-20,213.0,10433.0,0.0,100,355.33,251.0,0,0.0,0.0,,0.0,0,0.0,0.0,,0.0,bidTooLow
2020-11-23,213.0,10646.0,0.0,100,357.46,251.0,0,0.0,0.0,,0.0,0,0.0,0.0,,0.0,bidTooLow
2020-11-24,213.0,11222.0,0.0,100,363.22,251.0,0,0.0,0.0,,0.0,0,0.0,0.0,,0.0,bidTooLow
2020-11-25,213.0,11166.0,0.0,100,362.66,251.0,0,0.0,0.0,,0.0,0,0.0,0.0,,0.0,bidTooLow
2020-11-27,213.0,11267.0,0.0,100,363.67,251.0,0,0.0,0.0,,0.0,0,0.0,0.0,,0.0,bidTooLow
2020-11-30,213.0,11106.0,0.0,100,362.06,251.0,0,0.0,0.0,,0.0,0,0.0,0.0,,0.0,bidTooLow
2020-12-01,213.0,11502.0,0.0,100,366.02,251.0,0,0.0,0.0,,0.0,0,0.0,0.0,,0.0,bidTooLow
2020-12-02,213.0,11579.0,0.0,100,366.79,251.0,0,0.0,0.0,,0.0,0,0.0,0.0,,0.0,bidTooLow
2020-12-03,213.0,11569.0,0.0,100,366.69,251.0,0,0.0,0.0,,0.0,0,0.0,0.0,,0.0,bidTooLow
2020-12-04,213.0,11885.0,0.0,100,369.85,251.0,0,0.0,0.0,,0.0,0,0.0,0.0,,0.0,bidTooLow
2020-12-07,213.0,11809.0,0.0,100,369.09,251.0,0,0.0,0.0,,0.0,0,0.0,0.0,,0.0,bidTooLow
2020-12-08,213.0,11914.0,0.0,100,370.17,251.0,0,0.0,0.0,,0.0,1,0.01,0.04,SPY201211C00382000,382.0,normalDay
2020-12-09,213.0,11584.0,0.0,100,366.85,251.0,0,0.0,0.0,,0.0,1,0.01,0.02,SPY201211C00382000,382.0,normalDay
2020-12-10,213.0,11573.0,0.0,100,366.73,251.0,0,0.0,0.0,,0.0,1,0.01,0.01,SPY201211C00382000,382.0,normalDay
2020-12-11,214.0,11530.0,1.0,100,366.3,251.0,0,0.0,0.0,,0.0,1,0.01,0.0,SPY201211C00382000,382.0,expirationDay
2020-12-14,214.0,11366.0,0.0,100,364.66,251.0,0,0.0,0.0,,0.0,0,0.0,0.0,,0.0,bidTooLow
2020-12-15,214.0,11856.0,0.0,100,369.59,251.0,0,0.0,0.0,,0.0,1,0.04,0.07,SPY201218C00382000,382.0,normalDay
2020-12-16,214.0,11914.0,0.0,100,370.17,251.0,0,0.0,0.0,,0.0,1,0.04,0.07,SPY201218C00382000,382.0,normalDay
2020-12-17,214.0,12124.0,0.0,100,372.24,251.0,0,0.0,0.0,,0.0,1,0.04,0.04,SPY201218C00382000,382.0,normalDay
2020-12-18,218.0,11818.0,4.0,100,369.18,251.0,0,0.0,0.0,,0.0,1,0.04,0.0,SPY201218C00382000,382.0,expirationDay
2020-12-21,218.0,11683.0,0.0,100,367.86,251.0,0,0.0,0.0,,0.0,1,0.02,0.05,SPY201224C00380000,380.0,normalDay
2020-12-22,218.0,11625.0,0.0,100,367.24,251.0,0,0.0,0.0,,0.0,1,0.02,0.01,SPY201224C00380000,380.0,normalDay
2020-12-23,218.0,11658.0,0.0,100,367.57,251.0,0,0.0,0.0,,0.0,1,0.02,0.01,SPY201224C00380000,380.0,normalDay
2020-12-24,220.0,11800.0,2.0,100,369.0,251.0,0,0.0,0.0,,0.0,1,0.02,0.0,SPY201224C00380000,380.0,expirationDay
2020-12-28,220.0,12114.0,0.0,100,372.17,251.0,0,0.0,0.0,,0.0,1,0.3,0.33,SPY201231C00377000,377.0,normalDay
2020-12-29,220.0,12062.0,0.0,100,371.46,251.0,0,0.0,0.0,,0.0,1,0.3,0.14,SPY201231C00377000,377.0,normalDay
2020-12-30,220.0,12124.0,0.0,100,371.99,251.0,0,0.0,0.0,,0.0,1,0.3,0.05,SPY201231C00377000,377.0,normalDay
2020-12-31,250.0,12288.0,30.0,100,373.88,251.0,0,0.0,0.0,,0.0,1,0.3,0.0,SPY201231C00377000,377.0,expirationDay
2021-01-04,250.0,11776.0,0.0,100,368.79,251.0,0,0.0,0.0,,0.0,1,0.17,0.2,SPY210106C00378000,378.0,normalDay
2021-01-05,250.0,12039.0,0.0,100,371.33,251.0,0,0.0,0.0,,0.0,1,0.17,0.11,SPY210106C00378000,378.0,normalDay
2021-01-06,267.0,12255.0,17.0,100,373.55,251.0,0,0.0,0.0,,0.0,1,0.17,0.0,SPY210106C00378000,378.0,expirationDay
2021-01-07,267.0,12807.0,0.0,100,379.1,251.0,0,0.0,0.0,,0.0,1,0.13,0.16,SPY210108C00382500,382.5,normalDay
2021-01-08,280.0,13026.0,13.0,100,381.26,251.0,0,0.0,0.0,,0.0,1,0.13,0.0,SPY210108C00382500,382.5,expirationDay
2021-01-11,280.0,12766.0,0.0,100,378.69,251.0,0,0.0,0.0,,0.0,1,0.02,0.05,SPY210113C00388000,388.0,normalDay
2021-01-12,280.0,12778.0,0.0,100,378.77,251.0,0,0.0,0.0,,0.0,1,0.02,0.01,SPY210113C00388000,388.0,normalDay
2021-01-13,282.0,12879.0,2.0,100,379.79,251.0,0,0.0,0.0,,0.0,1,0.02,0.0,SPY210113C00388000,388.0,expirationDay
2021-01-14,282.0,12746.0,0.0,100,378.46,251.0,0,0.0,0.0,,0.0,0,0.0,0.0,,0.0,bidTooLow
2021-01-15,282.0,12470.0,0.0,100,375.7,251.0,0,0.0,0.0,,0.0,0,0.0,0.0,,0.0,bidTooLow
2021-01-19,282.0,12765.0,0.0,100,378.65,251.0,0,0.0,0.0,,0.0,0,0.0,0.0,,0.0,bidTooLow
2021-01-20,282.0,13286.0,0.0,100,383.89,251.0,0,0.0,0.0,,0.0,1,0.01,0.04,SPY210122C00394000,394.0,normalDay
2021-01-21,282.0,13324.0,0.0,100,384.24,251.0,0,0.0,0.0,,0.0,1,0.01,0.01,SPY210122C00394000,394.0,normalDay
2021-01-22,283.0,13188.0,1.0,100,382.88,251.0,0,0.0,0.0,,0.0,1,0.01,0.0,SPY210122C00394000,394.0,expirationDay
2021-01-25,283.0,13339.0,0.0,100,384.39,251.0,0,0.0,0.0,,0.0,0,0.0,0.0,,0.0,bidTooLow
2021-01-26,283.0,13279.0,0.0,100,383.79,251.0,0,0.0,0.0,,0.0,0,0.0,0.0,,0.0,bidTooLow
2021-01-27,283.0,12341.0,0.0,100,374.41,251.0,0,0.0,0.0,,0.0,0,0.0,0.0,,0.0,bidTooLow
2021-01-28,283.0,12663.0,0.0,100,377.63,251.0,0,0.0,0.0,,0.0,0,0.0,0.0,,0.0,bidTooLow
2021-01-29,283.0,11907.0,0.0,100,370.07,251.0,0,0.0,0.0,,0.0,0,0.0,0.0,,0.0,bidTooLow
2021-02-01,283.0,12523.0,0.0,100,376.23,251.0,0,0.0,0.0,,0.0,0,0.0,0.0,,0.0,bidTooLow
2021-02-02,283.0,13052.0,0.0,100,381.55,251.0,0,0.0,0.0,,0.0,1,0.02,0.05,SPY210205C00395000,395.0,normalDay
2021-02-03,283.0,13085.0,0.0,100,381.85,251.0,0,0.0,0.0,,0.0,1,0.02,0.02,SPY210205C00395000,395.0,normalDay
2021-02-04,283.0,13520.0,0.0,100,386.19,251.0,0,0.0,0.0,,0.0,1,0.02,0.01,SPY210205C00395000,395.0,normalDay
2021-02-05,285.0,13671.0,2.0,100,387.71,251.0,0,0.0,0.0,,0.0,1,0.02,0.0,SPY210205C00395000,395.0,expirationDay
2021-02-08,285.0,13948.0,0.0,100,390.51,251.0,0,0.0,0.0,,0.0,1,0.02,0.05,SPY210210C00399000,399.0,normalDay
2021-02-09,285.0,13926.0,0.0,100,390.25,251.0,0,0.0,0.0,,0.0,1,0.02,0.01,SPY210210C00399000,399.0,normalDay
2021-02-10,287.0,13908.0,2.0,100,390.08,251.0,0,0.0,0.0,,0.0,1,0.02,0.0,SPY210210C00399000,399.0,expirationDay
2021-02-11,287.0,13971.0,0.0,100,390.71,251.0,0,0.0,0.0,,0.0,0,0.0,0.0,,0.0,bidTooLow
2021-02-12,287.0,14164.0,0.0,100,392.64,251.0,0,0.0,0.0,,0.0,0,0.0,0.0,,0.0,bidTooLow
2021-02-16,287.0,14130.0,0.0,100,392.3,251.0,0,0.0,0.0,,0.0,0,0.0,0.0,,0.0,bidTooLow
2021-02-17,287.0,14139.0,0.0,100,392.39,251.0,0,0.0,0.0,,0.0,0,0.0,0.0,,0.0,bidTooLow
2021-02-18,287.0,13972.0,0.0,100,390.72,251.0,0,0.0,0.0,,0.0,0,0.0,0.0,,0.0,bidTooLow
2021-02-19,287.0,13903.0,0.0,100,390.03,251.0,0,0.0,0.0,,0.0,0,0.0,0.0,,0.0,bidTooLow
2021-02-22,287.0,13603.0,0.0,100,387.03,251.0,0,0.0,0.0,,0.0,0,0.0,0.0,,0.0,bidTooLow
2021-02-23,287.0,13650.0,0.0,100,387.5,251.0,0,0.0,0.0,,0.0,0,0.0,0.0,,0.0,bidTooLow
2021-02-24,287.0,14077.0,0.0,100,391.77,251.0,0,0.0,0.0,,0.0,0,0.0,0.0,,0.0,bidTooLow
2021-02-25,287.0,13133.0,0.0,100,382.33,251.0,0,0.0,0.0,,0.0,0,0.0,0.0,,0.0,bidTooLow
2021-02-26,287.0,12936.0,0.0,100,380.36,251.0,0,0.0,0.0,,0.0,0,0.0,0.0,,0.0,bidTooLow
2021-03-01,287.0,13858.0,0.0,100,389.58,251.0,0,0.0,0.0,,0.0,0,0.0,0.0,,0.0,bidTooLow
2021-03-02,287.0,13554.0,0.0,100,386.54,251.0,0,0.0,0.0,,0.0,0,0.0,0.0,,0.0,bidTooLow
2021-03-03,287.0,13042.0,0.0,100,381.42,251.0,0,0.0,0.0,,0.0,0,0.0,0.0,,0.0,bidTooLow
2021-03-04,287.0,12570.0,0.0,100,376.7,251.0,0,0.0,0.0,,0.0,0,0.0,0.0,,0.0,bidTooLow
2021-03-05,287.0,13263.0,0.0,100,383.63,251.0,0,0.0,0.0,,0.0,0,0.0,0.0,,0.0,bidTooLow
2021-03-08,287.0,13072.0,0.0,100,381.72,251.0,0,0.0,0.0,,0.0,0,0.0,0.0,,0.0,bidTooLow
2021-03-09,287.0,13617.0,0.0,100,387.17,251.0,0,0.0,0.0,,0.0,0,0.0,0.0,,0.0,bidTooLow
2021-03-10,287.0,13858.0,0.0,100,389.58,251.0,0,0.0,0.0,,0.0,0,0.0,0.0,,0.0,bidTooLow
2021-03-11,287.0,14253.0,0.0,100,393.53,251.0,0,0.0,0.0,,0.0,0,0.0,0.0,,0.0,bidTooLow
2021-03-12,287.0,14306.0,0.0,100,394.06,251.0,0,0.0,0.0,,0.0,0,0.0,0.0,,0.0,bidTooLow
2021-03-15,287.0,14541.0,0.0,100,396.41,251.0,0,0.0,0.0,,0.0,0,0.0,0.0,,0.0,bidTooLow
2021-03-16,287.0,14488.0,0.0,100,395.91,251.0,0,0.0,0.0,,0.0,1,0.01,0.04,SPY210319C00409000,409.0,normalDay
2021-03-17,287.0,14624.0,0.0,100,397.26,251.0,0,0.0,0.0,,0.0,1,0.01,0.03,SPY210319C00409000,409.0,normalDay
2021-03-18,287.0,14047.0,0.0,100,391.48,251.0,0,0.0,0.0,,0.0,1,0.01,0.02,SPY210319C00409000,409.0,normalDay
2021-03-19,288.0,13848.0,1.0,100,389.48,251.0,0,0.0,0.0,,0.0,1,0.01,0.0,SPY210319C00409000,409.0,expirationDay
2021-03-22,288.0,14159.0,0.0,100,392.59,251.0,0,0.0,0.0,,0.0,0,0.0,0.0,,0.0,bidTooLow
2021-03-23,288.0,13850.0,0.0,100,389.5,251.0,0,0.0,0.0,,0.0,0,0.0,0.0,,0.0,bidTooLow
2021-03-24,288.0,13652.0,0.0,100,387.52,251.0,0,0.0,0.0,,0.0,0,0.0,0.0,,0.0,bidTooLow
2021-03-25,288.0,13870.0,0.0,100,389.7,251.0,0,0.0,0.0,,0.0,0,0.0,0.0,,0.0,bidTooLow
2021-03-26,288.0,14498.0,0.0,100,395.98,251.0,0,0.0,0.0,,0.0,0,0.0,0.0,,0.0,bidTooLow
2021-03-29,288.0,14478.0,0.0,100,395.78,251.0,0,0.0,0.0,,0.0,0,0.0,0.0,,0.0,bidTooLow
2021-03-30,288.0,14373.0,0.0,100,394.73,251.0,0,0.0,0.0,,0.0,0,0.0,0.0,,0.0,bidTooLow
2021-03-31,288.0,14533.0,0.0,100,396.33,251.0,0,0.0,0.0,,0.0,0,0.0,0.0,,0.0,bidTooLow
2021-04-01,288.0,14961.0,0.0,100,400.61,251.0,0,0.0,0.0,,0.0,0,0.0,0.0,,0.0,bidTooLow
2021-04-05,288.0,15533.0,0.0,100,406.36,251.0,0,0.0,0.0,,0.0,1,0.01,0.04,SPY210407C00415000,415.0,normalDay
2021-04-06,288.0,15511.0,0.0,100,406.12,251.0,0,0.0,0.0,,0.0,1,0.01,0.02,SPY210407C00415000,415.0,normalDay
2021-04-07,289.0,15559.0,1.0,100,406.59,251.0,0,0.0,0.0,,0.0,1,0.01,0.0,SPY210407C00415000,415.0,expirationDay
2021-04-08,289.0,15752.0,0.0,100,408.52,251.0,0,0.0,0.0,,0.0,0,0.0,0.0,,0.0,bidTooLow
2021-04-09,289.0,16049.0,0.0,100,411.49,251.0,0,0.0,0.0,,0.0,0,0.0,0.0,,0.0,bidTooLow
2021-04-12,289.0,16064.0,0.0,100,411.64,251.0,0,0.0,0.0,,0.0,0,0.0,0.0,,0.0,bidTooLow
2021-04-13,289.0,16186.0,0.0,100,412.86,251.0,0,0.0,0.0,,0.0,0,0.0,0.0,,0.0,bidTooLow
2021-04-14,289.0,16045.0,0.0,100,411.45,251.0,0,0.0,0.0,,0.0,0,0.0,0.0,,0.0,bidTooLow
2021-04-15,289.0,16487.0,0.0,100,415.87,251.0,0,0.0,0.0,,0.0,0,0.0,0.0,,0.0,bidTooLow
2021-04-16,289.0,16626.0,0.0,100,417.26,251.0,0,0.0,0.0,,0.0,0,0.0,0.0,,0.0,bidTooLow
2021-04-19,289.0,16421.0,0.0,100,415.21,251.0,0,0.0,0.0,,0.0,0,0.0,0.0,,0.0,bidTooLow
2021-04-20,289.0,16117.0,0.0,100,412.17,251.0,0,0.0,0.0,,0.0,0,0.0,0.0,,0.0,bidTooLow
2021-04-21,289.0,16507.0,0.0,100,416.07,251.0,0,0.0,0.0,,0.0,0,0.0,0.0,,0.0,bidTooLow
2021-04-22,289.0,16127.0,0.0,100,412.27,251.0,0,0.0,0.0,,0.0,0,0.0,0.0,,0.0,bidTooLow
2021-04-23,289.0,16574.0,0.0,100,416.74,251.0,0,0.0,0.0,,0.0,0,0.0,0.0,,0.0,bidTooLow
2021-04-26,289.0,16661.0,0.0,100,417.61,251.0,0,0.0,0.0,,0.0,0,0.0,0.0,,0.0,bidTooLow
2021-04-27,289.0,16652.0,0.0,100,417.52,251.0,0,0.0,0.0,,0.0,0,0.0,0.0,,0.0,bidTooLow
2021-04-28,289.0,16640.0,0.0,100,417.4,251.0,0,0.0,0.0,,0.0,0,0.0,0.0,,0.0,bidTooLow
2021-04-29,289.0,16906.0,0.0,100,420.06,251.0,0,0.0,0.0,,0.0,0,0.0,0.0,,0.0,bidTooLow
2021-04-30,289.0,16630.0,0.0,100,417.3,251.0,0,0.0,0.0,,0.0,0,0.0,0.0,,0.0,bidTooLow
2021-05-03,289.0,16720.0,0.0,100,418.2,251.0,0,0.0,0.0,,0.0,0,0.0,0.0,,0.0,bidTooLow
2021-05-04,289.0,16462.0,0.0,100,415.62,251.0,0,0.0,0.0,,0.0,0,0.0,0.0,,0.0,bidTooLow
2021-05-05,289.0,16475.0,0.0,100,415.75,251.0,0,0.0,0.0,,0.0,0,0.0,0.0,,0.0,bidTooLow
2021-05-06,289.0,16807.0,0.0,100,419.07,251.0,0,0.0,0.0,,0.0,0,0.0,0.0,,0.0,bidTooLow
2021-05-07,289.0,17109.0,0.0,100,422.12,251.0,0,0.0,0.0,,0.0,1,0.02,0.05,SPY210510C00427000,427.0,normalDay
2021-05-10,291.0,16694.0,2.0,100,417.94,251.0,0,0.0,0.0,,0.0,1,0.02,0.0,SPY210510C00427000,427.0,expirationDay
2021-05-11,291.0,16318.0,0.0,100,414.21,251.0,0,0.0,0.0,,0.0,1,0.03,0.06,SPY210514C00426000,426.0,normalDay
2021-05-12,291.0,15442.0,0.0,100,405.41,251.0,0,0.0,0.0,,0.0,1,0.03,0.02,SPY210514C00426000,426.0,normalDay
2021-05-13,291.0,15930.0,0.0,100,410.28,251.0,0,0.0,0.0,,0.0,1,0.03,0.01,SPY210514C00426000,426.0,normalDay
2021-05-14,294.0,16558.0,3.0,100,416.58,251.0,0,0.0,0.0,,0.0,1,0.03,0.0,SPY210514C00426000,426.0,expirationDay
2021-05-17,294.0,16452.0,0.0,100,415.52,251.0,0,0.0,0.0,,0.0,0,0.0,0.0,,0.0,bidTooLow
2021-05-18,294.0,16094.0,0.0,100,411.94,251.0,0,0.0,0.0,,0.0,0,0.0,0.0,,0.0,bidTooLow
2021-05-19,294.0,15986.0,0.0,100,410.86,251.0,0,0.0,0.0,,0.0,0,0.0,0.0,,0.0,bidTooLow
2021-05-20,294.0,16428.0,0.0,100,415.28,251.0,0,0.0,0.0,,0.0,0,0.0,0.0,,0.0,bidTooLow
2021-05-21,294.0,16394.0,0.0,100,414.94,251.0,0,0.0,0.0,,0.0,0,0.0,0.0,,0.0,bidTooLow
2021-05-24,294.0,16817.0,0.0,100,419.17,251.0,0,0.0,0.0,,0.0,0,0.0,0.0,,0.0,bidTooLow
2021-05-25,294.0,16724.0,0.0,100,418.24,251.0,0,0.0,0.0,,0.0,0,0.0,0.0,,0.0,bidTooLow
2021-05-26,294.0,16807.0,0.0,100,419.07,251.0,0,0.0,0.0,,0.0,0,0.0,0.0,,0.0,bidTooLow
2021-05-27,294.0,16829.0,0.0,100,419.29,251.0,0,0.0,0.0,,0.0,0,0.0,0.0,,0.0,bidTooLow
2021-05-28,294.0,16904.0,0.0,100,420.04,251.0,0,0.0,0.0,,0.0,0,0.0,0.0,,0.0,bidTooLow
2021-06-01,294.0,16867.0,0.0,100,419.67,251.0,0,0.0,0.0,,0.0,0,0.0,0.0,,0.0,bidTooLow
2021-06-02,294.0,16933.0,0.0,100,420.33,251.0,0,0.0,0.0,,0.0,0,0.0,0.0,,0.0,bidTooLow
2021-06-03,294.0,16777.0,0.0,100,418.77,251.0,0,0.0,0.0,,0.0,0,0.0,0.0,,0.0,bidTooLow
2021-06-04,294.0,17160.0,0.0,100,422.6,251.0,0,0.0,0.0,,0.0,0,0.0,0.0,,0.0,bidTooLow
2021-06-07,294.0,17119.0,0.0,100,422.19,251.0,0,0.0,0.0,,0.0,0,0.0,0.0,,0.0,bidTooLow
2021-06-08,294.0,17128.0,0.0,100,422.28,251.0,0,0.0,0.0,,0.0,0,0.0,0.0,,0.0,bidTooLow
2021-06-09,294.0,17065.0,0.0,100,421.65,251.0,0,0.0,0.0,,0.0,0,0.0,0.0,,0.0,bidTooLow
2021-06-10,294.0,17261.0,0.0,100,423.61,251.0,0,0.0,0.0,,0.0,0,0.0,0.0,,0.0,bidTooLow
2021-06-11,294.0,17331.0,0.0,100,424.31,251.0,0,0.0,0.0,,0.0,0,0.0,0.0,,0.0,bidTooLow
2021-06-14,294.0,17426.0,0.0,100,425.26,251.0,0,0.0,0.0,,0.0,0,0.0,0.0,,0.0,bidTooLow
2021-06-15,294.0,17345.0,0.0,100,424.48,251.0,0,0.0,0.0,,0.0,1,0.01,0.04,SPY210618C00435000,435.0,normalDay
2021-06-16,294.0,17109.0,0.0,100,422.11,251.0,0,0.0,0.0,,0.0,1,0.01,0.03,SPY210618C00435000,435.0,normalDay
2021-06-17,294.0,17097.0,0.0,100,421.97,251.0,0,0.0,0.0,,0.0,1,0.01,0.01,SPY210618C00435000,435.0,normalDay
2021-06-18,295.0,16392.0,1.0,100,414.92,251.0,0,0.0,0.0,,0.0,1,0.01,0.0,SPY210618C00435000,435.0,expirationDay
2021-06-21,295.0,16986.0,0.0,100,420.86,251.0,0,0.0,0.0,,0.0,0,0.0,0.0,,0.0,bidTooLow
2021-06-22,295.0,17208.0,0.0,100,423.11,251.0,0,0.0,0.0,,0.0,1,0.04,0.07,SPY210625C00431000,431.0,normalDay
2021-06-23,295.0,17162.0,0.0,100,422.6,251.0,0,0.0,0.0,,0.0,1,0.04,0.02,SPY210625C00431000,431.0,normalDay
2021-06-24,295.0,17411.0,0.0,100,425.1,251.0,0,0.0,0.0,,0.0,1,0.04,0.03,SPY210625C00431000,431.0,normalDay
2021-06-25,299.0,17561.0,4.0,100,426.61,251.0,0,0.0,0.0,,0.0,1,0.04,0.0,SPY210625C00431000,431.0,expirationDay
2021-06-28,299.0,17644.0,0.0,100,427.47,251.0,0,0.0,0.0,,0.0,1,0.02,0.05,SPY210630C00433000,433.0,normalDay
2021-06-29,299.0,17670.0,0.0,100,427.7,251.0,0,0.0,0.0,,0.0,1,0.02,0.02,SPY210630C00433000,433.0,normalDay
2021-06-30,301.0,17706.0,2.0,100,428.06,251.0,0,0.0,0.0,,0.0,1,0.02,0.0,SPY210630C00433000,433.0,expirationDay
2021-07-01,301.0,17943.0,0.0,100,430.43,251.0,0,0.0,0.0,,0.0,0,0.0,0.0,,0.0,bidTooLow
2021-07-02,301.0,18272.0,0.0,100,433.72,251.0,0,0.0,0.0,,0.0,0,0.0,0.0,,0.0,bidTooLow
2021-07-06,301.0,18190.0,0.0,100,432.93,251.0,0,0.0,0.0,,0.0,1,0.01,0.04,SPY210709C00442000,442.0,normalDay
2021-07-07,301.0,18343.0,0.0,100,434.46,251.0,0,0.0,0.0,,0.0,1,0.01,0.04,SPY210709C00442000,442.0,normalDay
2021-07-08,301.0,17992.0,0.0,100,430.92,251.0,0,0.0,0.0,,0.0,1,0.01,0.01,SPY210709C00442000,442.0,normalDay
2021-07-09,302.0,18452.0,1.0,100,435.52,251.0,0,0.0,0.0,,0.0,1,0.01,0.0,SPY210709C00442000,442.0,expirationDay
2021-07-12,302.0,18608.0,0.0,100,437.08,251.0,0,0.0,0.0,,0.0,0,0.0,0.0,,0.0,bidTooLow
2021-07-13,302.0,18459.0,0.0,100,435.59,251.0,0,0.0,0.0,,0.0,0,0.0,0.0,,0.0,bidTooLow
2021-07-14,302.0,18524.0,0.0,100,436.24,251.0,0,0.0,0.0,,0.0,0,0.0,0.0,,0.0,bidTooLow
2021-07-15,302.0,18375.0,0.0,100,434.75,251.0,0,0.0,0.0,,0.0,0,0.0,0.0,,0.0,bidTooLow
2021-07-16,302.0,18034.0,0.0,100,431.34,251.0,0,0.0,0.0,,0.0,0,0.0,0.0,,0.0,bidTooLow
2021-07-19,302.0,17397.0,0.0,100,424.97,251.0,0,0.0,0.0,,0.0,0,0.0,0.0,,0.0,bidTooLow
2021-07-20,302.0,18006.0,0.0,100,431.06,251.0,0,0.0,0.0,,0.0,0,0.0,0.0,,0.0,bidTooLow
2021-07-21,302.0,18355.0,0.0,100,434.55,251.0,0,0.0,0.0,,0.0,0,0.0,0.0,,0.0,bidTooLow
2021-07-22,302.0,18446.0,0.0,100,435.46,251.0,0,0.0,0.0,,0.0,0,0.0,0.0,,0.0,bidTooLow
2021-07-23,302.0,18894.0,0.0,100,439.94,251.0,0,0.0,0.0,,0.0,0,0.0,0.0,,0.0,bidTooLow
2021-07-26,302.0,18999.0,0.0,100,441.02,251.0,0,0.0,0.0,,0.0,1,0.01,0.04,SPY210728C00449000,449.0,normalDay
2021-07-27,302.0,18801.0,0.0,100,439.01,251.0,0,0.0,0.0,,0.0,1,0.01,0.01,SPY210728C00449000,449.0,normalDay
2021-07-28,303.0,18783.0,1.0,100,438.83,251.0,0,0.0,0.0,,0.0,1,0.01,0.0,SPY210728C00449000,449.0,expirationDay
2021-07-29,303.0,18965.0,0.0,100,440.65,251.0,0,0.0,0.0,,0.0,0,0.0,0.0,,0.0,bidTooLow
2021-07-30,303.0,18751.0,0.0,100,438.51,251.0,0,0.0,0.0,,0.0,0,0.0,0.0,,0.0,bidTooLow
2021-08-02,303.0,18659.0,0.0,100,437.59,251.0,0,0.0,0.0,,0.0,0,0.0,0.0,,0.0,bidTooLow
2021-08-03,303.0,19015.0,0.0,100,441.15,251.0,0,0.0,0.0,,0.0,0,0.0,0.0,,0.0,bidTooLow
2021-08-04,303.0,18798.0,0.0,100,438.98,251.0,0,0.0,0.0,,0.0,0,0.0,0.0,,0.0,bidTooLow
2021-08-05,303.0,19076.0,0.0,100,441.76,251.0,0,0.0,0.0,,0.0,0,0.0,0.0,,0.0,bidTooLow
2021-08-06,303.0,19149.0,0.0,100,442.49,251.0,0,0.0,0.0,,0.0,0,0.0,0.0,,0.0,bidTooLow
2021-08-09,303.0,19113.0,0.0,100,442.13,251.0,0,0.0,0.0,,0.0,0,0.0,0.0,,0.0,bidTooLow
2021-08-10,303.0,19168.0,0.0,100,442.68,251.0,0,0.0,0.0,,0.0,0,0.0,0.0,,0.0,bidTooLow
2021-08-11,303.0,19278.0,0.0,100,443.78,251.0,0,0.0,0.0,,0.0,0,0.0,0.0,,0.0,bidTooLow
2021-08-12,303.0,19411.0,0.0,100,445.11,251.0,0,0.0,0.0,,0.0,0,0.0,0.0,,0.0,bidTooLow
2021-08-13,303.0,19492.0,0.0,100,445.92,251.0,0,0.0,0.0,,0.0,0,0.0,0.0,,0.0,bidTooLow
2021-08-16,303.0,19597.0,0.0,100,446.97,251.0,0,0.0,0.0,,0.0,0,0.0,0.0,,0.0,bidTooLow
2021-08-17,303.0,19304.0,0.0,100,444.04,251.0,0,0.0,0.0,,0.0,0,0.0,0.0,,0.0,bidTooLow
2021-08-18,303.0,18818.0,0.0,100,439.18,251.0,0,0.0,0.0,,0.0,0,0.0,0.0,,0.0,bidTooLow
2021-08-19,303.0,18886.0,0.0,100,439.86,251.0,0,0.0,0.0,,0.0,0,0.0,0.0,,0.0,bidTooLow
2021-08-20,303.0,19236.0,0.0,100,443.36,251.0,0,0.0,0.0,,0.0,0,0.0,0.0,,0.0,bidTooLow
2021-08-23,303.0,19623.0,0.0,100,447.26,251.0,0,0.0,0.0,,0.0,1,0.03,0.06,SPY210825C00453000,453.0,normalDay
2021-08-24,303.0,19698.0,0.0,100,447.97,251.0,0,0.0,0.0,,0.0,1,0.03,0.02,SPY210825C00453000,453.0,normalDay
2021-08-25,306.0,19791.0,3.0,100,448.91,251.0,0,0.0,0.0,,0.0,1,0.03,0.0,SPY210825C00453000,453.0,expirationDay
2021-08-26,306.0,19526.0,0.0,100,446.26,251.0,0,0.0,0.0,,0.0,0,0.0,0.0,,0.0,bidTooLow
2021-08-27,306.0,19925.0,0.0,100,450.25,251.0,0,0.0,0.0,,0.0,0,0.0,0.0,,0.0,bidTooLow
2021-08-30,306.0,20123.0,0.0,100,452.23,251.0,0,0.0,0.0,,0.0,0,0.0,0.0,,0.0,bidTooLow
2021-08-31,306.0,20053.0,0.0,100,451.56,251.0,0,0.0,0.0,,0.0,1,0.01,0.04,SPY210903C00460000,460.0,normalDay
2021-09-01,306.0,20079.0,0.0,100,451.8,251.0,0,0.0,0.0,,0.0,1,0.01,0.02,SPY210903C00460000,460.0,normalDay
2021-09-02,306.0,20218.0,0.0,100,453.19,251.0,0,0.0,0.0,,0.0,1,0.01,0.02,SPY210903C00460000,460.0,normalDay
2021-09-03,307.0,20208.0,1.0,100,453.08,251.0,0,0.0,0.0,,0.0,1,0.01,0.0,SPY210903C00460000,460.0,expirationDay
2021-09-07,307.0,20046.0,0.0,100,451.46,251.0,0,0.0,0.0,,0.0,0,0.0,0.0,,0.0,bidTooLow
2021-09-08,307.0,19991.0,0.0,100,450.91,251.0,0,0.0,0.0,,0.0,0,0.0,0.0,,0.0,bidTooLow
2021-09-09,307.0,19798.0,0.0,100,448.98,251.0,0,0.0,0.0,,0.0,0,0.0,0.0,,0.0,bidTooLow
2021-09-10,307.0,19444.0,0.0,100,445.44,251.0,0,0.0,0.0,,0.0,0,0.0,0.0,,0.0,bidTooLow
2021-09-13,307.0,19558.0,0.0,100,446.58,251.0,0,0.0,0.0,,0.0,0,0.0,0.0,,0.0,bidTooLow
2021-09-14,307.0,19317.0,0.0,100,444.17,251.0,0,0.0,0.0,,0.0,0,0.0,0.0,,0.0,bidTooLow
2021-09-15,307.0,19688.0,0.0,100,447.88,251.0,0,0.0,0.0,,0.0,0,0.0,0.0,,0.0,bidTooLow
2021-09-16,307.0,19617.0,0.0,100,447.17,251.0,0,0.0,0.0,,0.0,0,0.0,0.0,,0.0,bidTooLow
2021-09-17,307.0,19040.0,0.0,100,441.4,251.0,0,0.0,0.0,,0.0,0,0.0,0.0,,0.0,bidTooLow
2021-09-20,307.0,18304.0,0.0,100,434.04,251.0,0,0.0,0.0,,0.0,0,0.0,0.0,,0.0,bidTooLow
2021-09-21,307.0,18263.0,0.0,100,433.63,251.0,0,0.0,0.0,,0.0,0,0.0,0.0,,0.0,bidTooLow
2021-09-22,307.0,18686.0,0.0,100,437.86,251.0,0,0.0,0.0,,0.0,0,0.0,0.0,,0.0,bidTooLow
2021-09-23,307.0,19218.0,0.0,100,443.18,251.0,0,0.0,0.0,,0.0,0,0.0,0.0,,0.0,bidTooLow
2021-09-24,307.0,19291.0,0.0,100,443.91,251.0,0,0.0,0.0,,0.0,0,0.0,0.0,,0.0,bidTooLow
2021-09-27,307.0,19164.0,0.0,100,442.64,251.0,0,0.0,0.0,,0.0,0,0.0,0.0,,0.0,bidTooLow
2021-09-28,307.0,18272.0,0.0,100,433.72,251.0,0,0.0,0.0,,0.0,0,0.0,0.0,,0.0,bidTooLow
2021-09-29,307.0,18345.0,0.0,100,434.45,251.0,0,0.0,0.0,,0.0,0,0.0,0.0,,0.0,bidTooLow
2021-09-30,307.0,17814.0,0.0,100,429.14,251.0,0,0.0,0.0,,0.0,0,0.0,0.0,,0.0,bidTooLow
2021-10-01,307.0,18324.0,0.0,100,434.24,251.0,0,0.0,0.0,,0.0,0,0.0,0.0,,0.0,bidTooLow
2021-10-04,307.0,17764.0,0.0,100,428.64,251.0,0,0.0,0.0,,0.0,0,0.0,0.0,,0.0,bidTooLow
2021-10-05,307.0,18210.0,0.0,100,433.1,251.0,0,0.0,0.0,,0.0,0,0.0,0.0,,0.0,bidTooLow
2021-10-06,307.0,18390.0,0.0,100,434.9,251.0,0,0.0,0.0,,0.0,0,0.0,0.0,,0.0,bidTooLow
2021-10-07,307.0,18766.0,0.0,100,438.66,251.0,0,0.0,0.0,,0.0,0,0.0,0.0,,0.0,bidTooLow
2021-10-08,307.0,18686.0,0.0,100,437.86,251.0,0,0.0,0.0,,0.0,0,0.0,0.0,,0.0,bidTooLow
2021-10-11,307.0,18369.0,0.0,100,434.69,251.0,0,0.0,0.0,,0.0,0,0.0,0.0,,0.0,bidTooLow
2021-10-12,307.0,18262.0,0.0,100,433.62,251.0,0,0.0,0.0,,0.0,0,0.0,0.0,,0.0,bidTooLow
2021-10-13,307.0,18418.0,0.0,100,435.18,251.0,0,0.0,0.0,,0.0,0,0.0,0.0,,0.0,bidTooLow
2021-10-14,307.0,19150.0,0.0,100,442.5,251.0,0,0.0,0.0,,0.0,0,0.0,0.0,,0.0,bidTooLow
2021-10-15,307.0,19487.0,0.0,100,445.87,251.0,0,0.0,0.0,,0.0,0,0.0,0.0,,0.0,bidTooLow
2021-10-18,307.0,19619.0,0.0,100,447.19,251.0,0,0.0,0.0,,0.0,0,0.0,0.0,,0.0,bidTooLow
2021-10-19,307.0,19964.0,0.0,100,450.64,251.0,0,0.0,0.0,,0.0,0,0.0,0.0,,0.0,bidTooLow
2021-10-20,307.0,20141.0,0.0,100,452.41,251.0,0,0.0,0.0,,0.0,0,0.0,0.0,,0.0,bidTooLow
2021-10-21,307.0,20259.0,0.0,100,453.59,251.0,0,0.0,0.0,,0.0,0,0.0,0.0,,0.0,bidTooLow
2021-10-22,307.0,20212.0,0.0,100,453.12,251.0,0,0.0,0.0,,0.0,0,0.0,0.0,,0.0,bidTooLow
2021-10-25,307.0,20455.0,0.0,100,455.55,251.0,0,0.0,0.0,,0.0,0,0.0,0.0,,0.0,bidTooLow
2021-10-26,307.0,20496.0,0.0,100,455.96,251.0,0,0.0,0.0,,0.0,0,0.0,0.0,,0.0,bidTooLow
2021-10-27,307.0,20294.0,0.0,100,453.94,251.0,0,0.0,0.0,,0.0,0,0.0,0.0,,0.0,bidTooLow
2021-10-28,307.0,20732.0,0.0,100,458.32,251.0,0,0.0,0.0,,0.0,0,0.0,0.0,,0.0,bidTooLow
2021-10-29,307.0,20825.0,0.0,100,459.25,251.0,0,0.0,0.0,,0.0,0,0.0,0.0,,0.0,bidTooLow
2021-11-01,307.0,20904.0,0.0,100,460.04,251.0,0,0.0,0.0,,0.0,0,0.0,0.0,,0.0,bidTooLow
2021-11-02,307.0,21090.0,0.0,100,461.9,251.0,0,0.0,0.0,,0.0,0,0.0,0.0,,0.0,bidTooLow
2021-11-03,307.0,21372.0,0.0,100,464.72,251.0,0,0.0,0.0,,0.0,0,0.0,0.0,,0.0,bidTooLow
2021-11-04,307.0,21591.0,0.0,100,466.91,251.0,0,0.0,0.0,,0.0,0,0.0,0.0,,0.0,bidTooLow
2021-11-05,307.0,21753.0,0.0,100,468.53,251.0,0,0.0,0.0,,0.0,0,0.0,0.0,,0.0,bidTooLow
2021-11-08,307.0,21793.0,0.0,100,468.93,251.0,0,0.0,0.0,,0.0,0,0.0,0.0,,0.0,bidTooLow
2021-11-09,307.0,21638.0,0.0,100,467.38,251.0,0,0.0,0.0,,0.0,0,0.0,0.0,,0.0,bidTooLow
2021-11-10,307.0,21262.0,0.0,100,463.62,251.0,0,0.0,0.0,,0.0,0,0.0,0.0,,0.0,bidTooLow
2021-11-11,307.0,21277.0,0.0,100,463.77,251.0,0,0.0,0.0,,0.0,0,0.0,0.0,,0.0,bidTooLow
2021-11-12,307.0,21627.0,0.0,100,467.27,251.0,0,0.0,0.0,,0.0,0,0.0,0.0,,0.0,bidTooLow
2021-11-15,307.0,21643.0,0.0,100,467.43,251.0,0,0.0,0.0,,0.0,0,0.0,0.0,,0.0,bidTooLow
2021-11-16,307.0,21828.0,0.0,100,469.28,251.0,0,0.0,0.0,,0.0,0,0.0,0.0,,0.0,bidTooLow
2021-11-17,307.0,21714.0,0.0,100,468.14,251.0,0,0.0,0.0,,0.0,0,0.0,0.0,,0.0,bidTooLow
2021-11-18,307.0,21873.0,0.0,100,469.73,251.0,0,0.0,0.0,,0.0,0,0.0,0.0,,0.0,bidTooLow
2021-11-19,307.0,21789.0,0.0,100,468.89,251.0,0,0.0,0.0,,0.0,0,0.0,0.0,,0.0,bidTooLow
2021-11-22,307.0,21657.0,0.0,100,467.57,251.0,0,0.0,0.0,,0.0,0,0.0,0.0,,0.0,bidTooLow
2021-11-23,307.0,21719.0,0.0,100,468.19,251.0,0,0.0,0.0,,0.0,0,0.0,0.0,,0.0,bidTooLow
2021-11-24,307.0,21844.0,0.0,100,469.44,251.0,0,0.0,0.0,,0.0,0,0.0,0.0,,0.0,bidTooLow
2021-11-26,307.0,20797.0,0.0,100,458.97,251.0,0,0.0,0.0,,0.0,0,0.0,0.0,,0.0,bidTooLow
2021-11-29,307.0,21360.0,0.0,100,464.6,251.0,0,0.0,0.0,,0.0,0,0.0,0.0,,0.0,bidTooLow
2021-11-30,307.0,20456.0,0.0,100,455.56,251.0,0,0.0,0.0,,0.0,0,0.0,0.0,,0.0,bidTooLow
2021-12-01,307.0,19950.0,0.0,100,450.5,251.0,0,0.0,0.0,,0.0,0,0.0,0.0,,0.0,bidTooLow
2021-12-02,307.0,20640.0,0.0,100,457.4,251.0,0,0.0,0.0,,0.0,0,0.0,0.0,,0.0,bidTooLow
2021-12-03,307.0,20242.0,0.0,100,453.42,251.0,0,0.0,0.0,,0.0,0,0.0,0.0,,0.0,bidTooLow
2021-12-06,307.0,20779.0,0.0,100,458.79,251.0,0,0.0,0.0,,0.0,0,0.0,0.0,,0.0,bidTooLow
2021-12-07,307.0,21728.0,0.0,100,468.28,251.0,0,0.0,0.0,,0.0,0,0.0,0.0,,0.0,bidTooLow
2021-12-08,307.0,21852.0,0.0,100,469.52,251.0,0,0.0,0.0,,0.0,0,0.0,0.0,,0.0,bidTooLow
2021-12-09,307.0,21535.0,0.0,100,466.35,251.0,0,0.0,0.0,,0.0,0,0.0,0.0,,0.0,bidTooLow
2021-12-10,307.0,21974.0,0.0,100,470.74,251.0,0,0.0,0.0,,0.0,0,0.0,0.0,,0.0,bidTooLow
2021-12-13,307.0,21557.0,0.0,100,466.57,251.0,0,0.0,0.0,,0.0,0,0.0,0.0,,0.0,bidTooLow
2021-12-14,307.0,21236.0,0.0,100,463.36,251.0,0,0.0,0.0,,0.0,0,0.0,0.0,,0.0,bidTooLow
2021-12-15,307.0,21960.0,0.0,100,470.6,251.0,0,0.0,0.0,,0.0,0,0.0,0.0,,0.0,bidTooLow
2021-12-16,307.0,21545.0,0.0,100,466.45,251.0,0,0.0,0.0,,0.0,0,0.0,0.0,,0.0,bidTooLow
2021-12-17,307.0,20887.0,0.0,100,459.87,251.0,0,0.0,0.0,,0.0,0,0.0,0.0,,0.0,bidTooLow
2021-12-20,307.0,20398.0,0.0,100,454.98,251.0,0,0.0,0.0,,0.0,0,0.0,0.0,,0.0,bidTooLow
2021-12-21,307.0,21206.0,0.0,100,463.06,251.0,0,0.0,0.0,,0.0,0,0.0,0.0,,0.0,bidTooLow
2021-12-22,307.0,21669.0,0.0,100,467.69,251.0,0,0.0,0.0,,0.0,0,0.0,0.0,,0.0,bidTooLow
2021-12-23,307.0,21960.0,0.0,100,470.6,251.0,0,0.0,0.0,,0.0,0,0.0,0.0,,0.0,bidTooLow
2021-12-27,307.0,22626.0,0.0,100,477.26,251.0,0,0.0,0.0,,0.0,0,0.0,0.0,,0.0,bidTooLow
2021-12-28,307.0,22587.0,0.0,100,476.87,251.0,0,0.0,0.0,,0.0,0,0.0,0.0,,0.0,bidTooLow
2021-12-29,307.0,22648.0,0.0,100,477.48,251.0,0,0.0,0.0,,0.0,0,0.0,0.0,,0.0,bidTooLow
2021-12-30,307.0,22516.0,0.0,100,476.16,251.0,0,0.0,0.0,,0.0,0,0.0,0.0,,0.0,bidTooLow
2021-12-31,307.0,22396.0,0.0,100,474.96,251.0,0,0.0,0.0,,0.0,0,0.0,0.0,,0.0,bidTooLow
2022-01-03,307.0,22671.0,0.0,100,477.71,251.0,0,0.0,0.0,,0.0,0,0.0,0.0,,0.0,bidTooLow
2022-01-04,307.0,22655.0,0.0,100,477.55,251.0,0,0.0,0.0,,0.0,0,0.0,0.0,,0.0,bidTooLow
2022-01-05,307.0,21738.0,0.0,100,468.38,251.0,0,0.0,0.0,,0.0,0,0.0,0.0,,0.0,bidTooLow
2022-01-06,307.0,21694.0,0.0,100,467.94,251.0,0,0.0,0.0,,0.0,0,0.0,0.0,,0.0,bidTooLow
2022-01-07,307.0,21509.0,0.0,100,466.09,251.0,0,0.0,0.0,,0.0,0,0.0,0.0,,0.0,bidTooLow
2022-01-10,307.0,21451.0,0.0,100,465.51,251.0,0,0.0,0.0,,0.0,0,0.0,0.0,,0.0,bidTooLow
2022-01-11,307.0,21875.0,0.0,100,469.75,251.0,0,0.0,0.0,,0.0,0,0.0,0.0,,0.0,bidTooLow
2022-01-12,307.0,22002.0,0.0,100,471.02,251.0,0,0.0,0.0,,0.0,0,0.0,0.0,,0.0,bidTooLow
2022-01-13,307.0,21353.0,0.0,100,464.53,251.0,0,0.0,0.0,,0.0,0,0.0,0.0,,0.0,bidTooLow
2022-01-14,307.0,21372.0,0.0,100,464.72,251.0,0,0.0,0.0,,0.0,0,0.0,0.0,,0.0,bidTooLow
2022-01-18,307.0,20549.0,0.0,100,456.49,251.0,0,0.0,0.0,,0.0,0,0.0,0.0,,0.0,bidTooLow
2022-01-19,307.0,20075.0,0.0,100,451.75,251.0,0,0.0,0.0,,0.0,0,0.0,0.0,,0.0,bidTooLow
2022-01-20,307.0,19575.0,0.0,100,446.75,251.0,0,0.0,0.0,,0.0,0,0.0,0.0,,0.0,bidTooLow
2022-01-21,307.0,18698.0,0.0,100,437.98,251.0,0,0.0,0.0,,0.0,0,0.0,0.0,,0.0,bidTooLow
2022-01-24,307.0,18884.0,0.0,100,439.84,251.0,0,0.0,0.0,,0.0,0,0.0,0.0,,0.0,bidTooLow
2022-01-25,307.0,18347.0,0.0,100,434.47,251.0,0,0.0,0.0,,0.0,0,0.0,0.0,,0.0,bidTooLow
2022-01-26,307.0,18238.0,0.0,100,433.38,251.0,0,0.0,0.0,,0.0,0,0.0,0.0,,0.0,bidTooLow
2022-01-27,307.0,18024.0,0.0,100,431.24,251.0,0,0.0,0.0,,0.0,0,0.0,0.0,,0.0,bidTooLow
2022-01-28,307.0,19095.0,0.0,100,441.95,251.0,0,0.0,0.0,,0.0,0,0.0,0.0,,0.0,bidTooLow
2022-01-31,307.0,19891.0,0.0,100,449.91,251.0,0,0.0,0.0,,0.0,0,0.0,0.0,,0.0,bidTooLow
2022-02-01,307.0,20195.0,0.0,100,452.95,251.0,0,0.0,0.0,,0.0,0,0.0,0.0,,0.0,bidTooLow
2022-02-02,307.0,20635.0,0.0,100,457.35,251.0,0,0.0,0.0,,0.0,0,0.0,0.0,,0.0,bidTooLow
2022-02-03,307.0,19560.0,0.0,100,446.6,251.0,0,0.0,0.0,,0.0,0,0.0,0.0,,0.0,bidTooLow
2022-02-04,307.0,19770.0,0.0,100,448.7,251.0,0,0.0,0.0,,0.0,0,0.0,0.0,,0.0,bidTooLow
2022-02-07,307.0,19626.0,0.0,100,447.26,251.0,0,0.0,0.0,,0.0,0,0.0,0.0,,0.0,bidTooLow
2022-02-08,307.0,19994.0,0.0,100,450.94,251.0,0,0.0,0.0,,0.0,0,0.0,0.0,,0.0,bidTooLow
2022-02-09,307.0,20654.0,0.0,100,457.54,251.0,0,0.0,0.0,,0.0,0,0.0,0.0,,0.0,bidTooLow
2022-02-10,307.0,19832.0,0.0,100,449.32,251.0,0,0.0,0.0,,0.0,0,0.0,0.0,,0.0,bidTooLow
2022-02-11,307.0,18946.0,0.0,100,440.46,251.0,0,0.0,0.0,,0.0,0,0.0,0.0,,0.0,bidTooLow
2022-02-14,307.0,18802.0,0.0,100,439.02,251.0,0,0.0,0.0,,0.0,0,0.0,0.0,,0.0,bidTooLow
2022-02-15,307.0,19510.0,0.0,100,446.1,251.0,0,0.0,0.0,,0.0,0,0.0,0.0,,0.0,bidTooLow
2022-02-16,307.0,19560.0,0.0,100,446.6,251.0,0,0.0,0.0,,0.0,0,0.0,0.0,,0.0,bidTooLow
2022-02-17,307.0,18606.0,0.0,100,437.06,251.0,0,0.0,0.0,,0.0,0,0.0,0.0,,0.0,bidTooLow
2022-02-18,307.0,18323.0,0.0,100,434.23,251.0,0,0.0,0.0,,0.0,0,0.0,0.0,,0.0,bidTooLow
2022-02-22,307.0,17857.0,0.0,100,429.57,251.0,0,0.0,0.0,,0.0,0,0.0,0.0,,0.0,bidTooLow
2022-02-23,307.0,17095.0,0.0,100,421.95,251.0,0,0.0,0.0,,0.0,0,0.0,0.0,,0.0,bidTooLow
2022-02-24,307.0,17730.0,0.0,100,428.3,251.0,0,0.0,0.0,,0.0,0,0.0,0.0,,0.0,bidTooLow
2022-02-25,307.0,18675.0,0.0,100,437.75,251.0,0,0.0,0.0,,0.0,0,0.0,0.0,,0.0,bidTooLow
2022-02-28,307.0,18563.0,0.0,100,436.63,251.0,0,0.0,0.0,,0.0,0,0.0,0.0,,0.0,bidTooLow
2022-03-01,307.0,17898.0,0.0,100,429.98,251.0,0,0.0,0.0,,0.0,0,0.0,0.0,,0.0,bidTooLow
2022-03-02,307.0,18689.0,0.0,100,437.89,251.0,0,0.0,0.0,,0.0,0,0.0,0.0,,0.0,bidTooLow
2022-03-03,307.0,18471.0,0.0,100,435.71,251.0,0,0.0,0.0,,0.0,0,0.0,0.0,,0.0,bidTooLow
2022-03-04,307.0,18117.0,0.0,100,432.17,251.0,0,0.0,0.0,,0.0,0,0.0,0.0,,0.0,bidTooLow
2022-03-07,307.0,16843.0,0.0,100,419.43,251.0,0,0.0,0.0,,0.0,0,0.0,0.0,,0.0,bidTooLow
2022-03-08,307.0,16525.0,0.0,100,416.25,251.0,0,0.0,0.0,,0.0,0,0.0,0.0,,0.0,bidTooLow
2022-03-09,307.0,17641.0,0.0,100,427.41,251.0,0,0.0,0.0,,0.0,0,0.0,0.0,,0.0,bidTooLow
2022-03-10,307.0,17448.0,0.0,100,425.48,251.0,0,0.0,0.0,,0.0,0,0.0,0.0,,0.0,bidTooLow
2022-03-11,307.0,16907.0,0.0,100,420.07,251.0,0,0.0,0.0,,0.0,0,0.0,0.0,,0.0,bidTooLow
2022-03-14,307.0,16600.0,0.0,100,417.0,251.0,0,0.0,0.0,,0.0,0,0.0,0.0,,0.0,bidTooLow
2022-03-15,307.0,17517.0,0.0,100,426.17,251.0,0,0.0,0.0,,0.0,0,0.0,0.0,,0.0,bidTooLow
2022-03-16,307.0,18462.0,0.0,100,435.62,251.0,0,0.0,0.0,,0.0,0,0.0,0.0,,0.0,bidTooLow
2022-03-17,307.0,19007.0,0.0,100,441.07,251.0,0,0.0,0.0,,0.0,0,0.0,0.0,,0.0,bidTooLow
2022-03-18,307.0,19352.0,0.0,100,444.52,251.0,0,0.0,0.0,,0.0,0,0.0,0.0,,0.0,bidTooLow
2022-03-21,307.0,19339.0,0.0,100,444.39,251.0,0,0.0,0.0,,0.0,0,0.0,0.0,,0.0,bidTooLow
2022-03-22,307.0,19859.0,0.0,100,449.59,251.0,0,0.0,0.0,,0.0,0,0.0,0.0,,0.0,bidTooLow
2022-03-23,307.0,19280.0,0.0,100,443.8,251.0,0,0.0,0.0,,0.0,0,0.0,0.0,,0.0,bidTooLow
2022-03-24,307.0,19949.0,0.0,100,450.49,251.0,0,0.0,0.0,,0.0,0,0.0,0.0,,0.0,bidTooLow
2022-03-25,307.0,20169.0,0.0,100,452.69,251.0,0,0.0,0.0,,0.0,0,0.0,0.0,,0.0,bidTooLow
2022-03-28,307.0,20491.0,0.0,100,455.91,251.0,0,0.0,0.0,,0.0,0,0.0,0.0,,0.0,bidTooLow
2022-03-29,307.0,21055.0,0.0,100,461.55,251.0,0,0.0,0.0,,0.0,0,0.0,0.0,,0.0,bidTooLow
2022-03-30,307.0,20770.0,0.0,100,458.7,251.0,0,0.0,0.0,,0.0,0,0.0,0.0,,0.0,bidTooLow
2022-03-31,307.0,20064.0,0.0,100,451.64,251.0,0,0.0,0.0,,0.0,0,0.0,0.0,,0.0,bidTooLow
2022-04-01,307.0,20192.0,0.0,100,452.92,251.0,0,0.0,0.0,,0.0,0,0.0,0.0,,0.0,bidTooLow
2022-04-04,307.0,20580.0,0.0,100,456.8,251.0,0,0.0,0.0,,0.0,0,0.0,0.0,,0.0,bidTooLow
2022-04-05,307.0,20003.0,0.0,100,451.03,251.0,0,0.0,0.0,,0.0,0,0.0,0.0,,0.0,bidTooLow
2022-04-06,307.0,19552.0,0.0,100,446.52,251.0,0,0.0,0.0,,0.0,0,0.0,0.0,,0.0,bidTooLow
2022-04-07,307.0,19777.0,0.0,100,448.77,251.0,0,0.0,0.0,,0.0,0,0.0,0.0,,0.0,bidTooLow
2022-04-08,307.0,19657.0,0.0,100,447.57,251.0,0,0.0,0.0,,0.0,0,0.0,0.0,,0.0,bidTooLow
2022-04-11,307.0,18892.0,0.0,100,439.92,251.0,0,0.0,0.0,,0.0,0,0.0,0.0,,0.0,bidTooLow
2022-04-12,307.0,18729.0,0.0,100,438.29,251.0,0,0.0,0.0,,0.0,0,0.0,0.0,,0.0,bidTooLow
2022-04-13,307.0,19231.0,0.0,100,443.31,251.0,0,0.0,0.0,,0.0,0,0.0,0.0,,0.0,bidTooLow
2022-04-14,307.0,18679.0,0.0,100,437.79,251.0,0,0.0,0.0,,0.0,0,0.0,0.0,,0.0,bidTooLow
2022-04-18,307.0,18697.0,0.0,100,437.97,251.0,0,0.0,0.0,,0.0,0,0.0,0.0,,0.0,bidTooLow
2022-04-19,307.0,19404.0,0.0,100,445.04,251.0,0,0.0,0.0,,0.0,0,0.0,0.0,,0.0,bidTooLow
2022-04-20,307.0,19371.0,0.0,100,444.71,251.0,0,0.0,0.0,,0.0,0,0.0,0.0,,0.0,bidTooLow
2022-04-21,307.0,18706.0,0.0,100,438.06,251.0,0,0.0,0.0,,0.0,0,0.0,0.0,,0.0,bidTooLow
2022-04-22,307.0,17504.0,0.0,100,426.04,251.0,0,0.0,0.0,,0.0,0,0.0,0.0,,0.0,bidTooLow
2022-04-25,307.0,17751.0,0.0,100,428.51,251.0,0,0.0,0.0,,0.0,0,0.0,0.0,,0.0,bidTooLow
2022-04-26,307.0,16510.0,0.0,100,416.1,251.0,0,0.0,0.0,,0.0,0,0.0,0.0,,0.0,bidTooLow
2022-04-27,307.0,16627.0,0.0,100,417.27,251.0,0,0.0,0.0,,0.0,0,0.0,0.0,,0.0,bidTooLow
2022-04-28,307.0,17681.0,0.0,100,427.81,251.0,0,0.0,0.0,,0.0,0,0.0,0.0,,0.0,bidTooLow
2022-04-29,307.0,16100.0,0.0,100,412.0,251.0,0,0.0,0.0,,0.0,0,0.0,0.0,,0.0,bidTooLow
2022-05-02,307.0,16348.0,0.0,100,414.48,251.0,0,0.0,0.0,,0.0,0,0.0,0.0,,0.0,bidTooLow
2022-05-03,307.0,16538.0,0.0,100,416.38,251.0,0,0.0,0.0,,0.0,0,0.0,0.0,,0.0,bidTooLow
2022-05-04,307.0,17806.0,0.0,100,429.06,251.0,0,0.0,0.0,,0.0,0,0.0,0.0,,0.0,bidTooLow
2022-05-05,307.0,16281.0,0.0,100,413.81,251.0,0,0.0,0.0,,0.0,0,0.0,0.0,,0.0,bidTooLow
2022-05-06,307.0,16034.0,0.0,100,411.34,251.0,0,0.0,0.0,,0.0,0,0.0,0.0,,0.0,bidTooLow
2022-05-09,307.0,14717.0,0.0,100,398.17,251.0,0,0.0,0.0,,0.0,0,0.0,0.0,,0.0,bidTooLow
2022-05-10,307.0,14809.0,0.0,100,399.09,251.0,0,0.0,0.0,,0.0,0,0.0,0.0,,0.0,bidTooLow
2022-05-11,307.0,14175.0,0.0,100,392.75,251.0,0,0.0,0.0,,0.0,0,0.0,0.0,,0.0,bidTooLow
2022-05-12,307.0,14134.0,0.0,100,392.34,251.0,0,0.0,0.0,,0.0,0,0.0,0.0,,0.0,bidTooLow
2022-05-13,307.0,15072.0,0.0,100,401.72,251.0,0,0.0,0.0,,0.0,0,0.0,0.0,,0.0,bidTooLow
2022-05-16,307.0,14909.0,0.0,100,400.09,251.0,0,0.0,0.0,,0.0,0,0.0,0.0,,0.0,bidTooLow
2022-05-17,307.0,15732.0,0.0,100,408.32,251.0,0,0.0,0.0,,0.0,0,0.0,0.0,,0.0,bidTooLow
2022-05-18,307.0,14086.0,0.0,100,391.86,251.0,0,0.0,0.0,,0.0,0,0.0,0.0,,0.0,bidTooLow
2022-05-19,307.0,13846.0,0.0,100,389.46,251.0,0,0.0,0.0,,0.0,0,0.0,0.0,,0.0,bidTooLow
2022-05-20,307.0,13863.0,0.0,100,389.63,251.0,0,0.0,0.0,,0.0,0,0.0,0.0,,0.0,bidTooLow
2022-05-23,307.0,14592.0,0.0,100,396.92,251.0,0,0.0,0.0,,0.0,0,0.0,0.0,,0.0,bidTooLow
2022-05-24,307.0,14289.0,0.0,100,393.89,251.0,0,0.0,0.0,,0.0,0,0.0,0.0,,0.0,bidTooLow
2022-05-25,307.0,14637.0,0.0,100,397.37,251.0,0,0.0,0.0,,0.0,0,0.0,0.0,,0.0,bidTooLow
2022-05-26,307.0,15431.0,0.0,100,405.31,251.0,0,0.0,0.0,,0.0,0,0.0,0.0,,0.0,bidTooLow
2022-05-27,307.0,16426.0,0.0,100,415.26,251.0,0,0.0,0.0,,0.0,0,0.0,0.0,,0.0,bidTooLow
2022-05-31,307.0,16193.0,0.0,100,412.93,251.0,0,0.0,0.0,,0.0,0,0.0,0.0,,0.0,bidTooLow
2022-06-01,307.0,15859.0,0.0,100,409.59,251.0,0,0.0,0.0,,0.0,0,0.0,0.0,,0.0,bidTooLow
2022-06-02,307.0,16639.0,0.0,100,417.39,251.0,0,0.0,0.0,,0.0,0,0.0,0.0,,0.0,bidTooLow
2022-06-03,307.0,15954.0,0.0,100,410.54,251.0,0,0.0,0.0,,0.0,0,0.0,0.0,,0.0,bidTooLow
2022-06-06,307.0,16079.0,0.0,100,411.79,251.0,0,0.0,0.0,,0.0,0,0.0,0.0,,0.0,bidTooLow
2022-06-07,307.0,16474.0,0.0,100,415.74,251.0,0,0.0,0.0,,0.0,0,0.0,0.0,,0.0,bidTooLow
2022-06-08,307.0,16022.0,0.0,100,411.22,251.0,0,0.0,0.0,,0.0,0,0.0,0.0,,0.0,bidTooLow
2022-06-09,307.0,15044.0,0.0,100,401.44,251.0,0,0.0,0.0,,0.0,0,0.0,0.0,,0.0,bidTooLow
2022-06-10,307.0,13880.0,0.0,100,389.8,251.0,0,0.0,0.0,,0.0,0,0.0,0.0,,0.0,bidTooLow
2022-06-13,307.0,12400.0,0.0,100,375.0,251.0,0,0.0,0.0,,0.0,0,0.0,0.0,,0.0,bidTooLow
2022-06-14,307.0,12287.0,0.0,100,373.87,251.0,0,0.0,0.0,,0.0,0,0.0,0.0,,0.0,bidTooLow
2022-06-15,307.0,12820.0,0.0,100,379.2,251.0,0,0.0,0.0,,0.0,0,0.0,0.0,,0.0,bidTooLow
2022-06-16,307.0,11565.0,0.0,100,366.65,251.0,0,0.0,0.0,,0.0,0,0.0,0.0,,0.0,bidTooLow
2022-06-17,307.0,11486.0,0.0,100,365.86,251.0,0,0.0,0.0,,0.0,0,0.0,0.0,,0.0,bidTooLow
2022-06-21,307.0,12407.0,0.0,100,375.07,251.0,0,0.0,0.0,,0.0,0,0.0,0.0,,0.0,bidTooLow
2022-06-22,307.0,12339.0,0.0,100,374.39,251.0,0,0.0,0.0,,0.0,0,0.0,0.0,,0.0,bidTooLow
2022-06-23,307.0,12706.0,0.0,100,378.06,251.0,0,0.0,0.0,,0.0,0,0.0,0.0,,0.0,bidTooLow
2022-06-24,307.0,13908.0,0.0,100,390.08,251.0,0,0.0,0.0,,0.0,0,0.0,0.0,,0.0,bidTooLow
2022-06-27,307.0,13759.0,0.0,100,388.59,251.0,0,0.0,0.0,,0.0,0,0.0,0.0,,0.0,bidTooLow
2022-06-28,307.0,12965.0,0.0,100,380.65,251.0,0,0.0,0.0,,0.0,0,0.0,0.0,,0.0,bidTooLow
2022-06-29,307.0,12934.0,0.0,100,380.34,251.0,0,0.0,0.0,,0.0,0,0.0,0.0,,0.0,bidTooLow
2022-06-30,307.0,12625.0,0.0,100,377.25,251.0,0,0.0,0.0,,0.0,0,0.0,0.0,,0.0,bidTooLow
2022-07-01,307.0,13024.0,0.0,100,381.24,251.0,0,0.0,0.0,,0.0,0,0.0,0.0,,0.0,bidTooLow
2022-07-05,307.0,13096.0,0.0,100,381.96,251.0,0,0.0,0.0,,0.0,0,0.0,0.0,,0.0,bidTooLow
2022-07-06,307.0,13225.0,0.0,100,383.25,251.0,0,0.0,0.0,,0.0,0,0.0,0.0,,0.0,bidTooLow
2022-07-07,307.0,13799.0,0.0,100,388.99,251.0,0,0.0,0.0,,0.0,0,0.0,0.0,,0.0,bidTooLow
2022-07-08,307.0,13767.0,0.0,100,388.67,251.0,0,0.0,0.0,,0.0,0,0.0,0.0,,0.0,bidTooLow
2022-07-11,307.0,13323.0,0.0,100,384.23,251.0,0,0.0,0.0,,0.0,0,0.0,0.0,,0.0,bidTooLow
2022-07-12,307.0,12980.0,0.0,100,380.83,251.0,0,0.0,0.0,,0.0,1,0.01,0.04,SPY220715C00405000,405.0,normalDay
2022-07-13,307.0,12783.0,0.0,100,378.83,251.0,0,0.0,0.0,,0.0,1,0.01,0.01,SPY220715C00405000,405.0,normalDay
2022-07-14,307.0,12691.0,0.0,100,377.91,251.0,0,0.0,0.0,,0.0,1,0.01,0.01,SPY220715C00405000,405.0,normalDay
2022-07-15,308.0,13413.0,1.0,100,385.13,251.0,0,0.0,0.0,,0.0,1,0.01,0.0,SPY220715C00405000,405.0,expirationDay
2022-07-18,308.0,13095.0,0.0,100,381.95,251.0,0,0.0,0.0,,0.0,0,0.0,0.0,,0.0,bidTooLow
2022-07-19,308.0,14124.0,0.0,100,392.27,251.0,0,0.0,0.0,,0.0,1,0.41,0.44,SPY220722C00402000,402.0,normalDay
2022-07-20,308.0,14366.0,0.0,100,394.77,251.0,0,0.0,0.0,,0.0,1,0.41,0.52,SPY220722C00402000,402.0,normalDay
2022-07-21,308.0,14766.0,0.0,100,398.79,251.0,0,0.0,0.0,,0.0,1,0.41,0.54,SPY220722C00402000,402.0,normalDay
2022-07-22,349.0,14409.0,41.0,100,395.09,251.0,0,0.0,0.0,,0.0,1,0.41,0.0,SPY220722C00402000,402.0,expirationDay
2022-07-25,349.0,14454.0,0.0,100,395.57,251.0,0,0.0,0.0,,0.0,1,0.02,0.05,SPY220727C00411000,411.0,normalDay
2022-07-26,349.0,13990.0,0.0,100,390.89,251.0,0,0.0,0.0,,0.0,1,0.02,0.01,SPY220727C00411000,411.0,normalDay
2022-07-27,351.0,15004.0,2.0,100,401.04,251.0,0,0.0,0.0,,0.0,1,0.02,0.0,SPY220727C00411000,411.0,expirationDay
2022-07-28,351.0,15507.0,0.0,100,406.07,251.0,0,0.0,0.0,,0.0,0,0.0,0.0,,0.0,bidTooLow
2022-07-29,351.0,16099.0,0.0,100,411.99,251.0,0,0.0,0.0,,0.0,0,0.0,0.0,,0.0,bidTooLow
2022-08-01,351.0,15977.0,0.0,100,410.77,251.0,0,0.0,0.0,,0.0,0,0.0,0.0,,0.0,bidTooLow
2022-08-02,351.0,15706.0,0.0,100,408.06,251.0,0,0.0,0.0,,0.0,0,0.0,0.0,,0.0,bidTooLow
2022-08-03,351.0,16345.0,0.0,100,414.45,251.0,0,0.0,0.0,,0.0,0,0.0,0.0,,0.0,bidTooLow
2022-08-04,351.0,16317.0,0.0,100,414.17,251.0,0,0.0,0.0,,0.0,0,0.0,0.0,,0.0,bidTooLow
2022-08-05,351.0,16247.0,0.0,100,413.47,251.0,0,0.0,0.0,,0.0,0,0.0,0.0,,0.0,bidTooLow
2022-08-08,351.0,16199.0,0.0,100,412.99,251.0,0,0.0,0.0,,0.0,0,0.0,0.0,,0.0,bidTooLow
2022-08-09,351.0,16035.0,0.0,100,411.35,251.0,0,0.0,0.0,,0.0,0,0.0,0.0,,0.0,bidTooLow
2022-08-10,351.0,16899.0,0.0,100,419.99,251.0,0,0.0,0.0,,0.0,0,0.0,0.0,,0.0,bidTooLow
2022-08-11,351.0,16899.0,0.0,100,419.99,251.0,0,0.0,0.0,,0.0,0,0.0,0.0,,0.0,bidTooLow
2022-08-12,351.0,17610.0,0.0,100,427.1,251.0,0,0.0,0.0,,0.0,0,0.0,0.0,,0.0,bidTooLow
2022-08-15,351.0,17786.0,0.0,100,428.86,251.0,0,0.0,0.0,,0.0,0,0.0,0.0,,0.0,bidTooLow
2022-08-16,351.0,17870.0,0.0,100,429.7,251.0,0,0.0,0.0,,0.0,0,0.0,0.0,,0.0,bidTooLow
2022-08-17,351.0,17565.0,0.0,100,426.65,251.0,0,0.0,0.0,,0.0,0,0.0,0.0,,0.0,bidTooLow
2022-08-18,351.0,17689.0,0.0,100,427.89,251.0,0,0.0,0.0,,0.0,0,0.0,0.0,,0.0,bidTooLow
2022-08-19,351.0,17114.0,0.0,100,422.14,251.0,0,0.0,0.0,,0.0,0,0.0,0.0,,0.0,bidTooLow
2022-08-22,351.0,16235.0,0.0,100,413.35,251.0,0,0.0,0.0,,0.0,0,0.0,0.0,,0.0,bidTooLow
2022-08-23,351.0,16135.0,0.0,100,412.35,251.0,0,0.0,0.0,,0.0,0,0.0,0.0,,0.0,bidTooLow
2022-08-24,351.0,16267.0,0.0,100,413.67,251.0,0,0.0,0.0,,0.0,0,0.0,0.0,,0.0,bidTooLow
2022-08-25,351.0,16851.0,0.0,100,419.51,251.0,0,0.0,0.0,,0.0,0,0.0,0.0,,0.0,bidTooLow
2022-08-26,351.0,15431.0,0.0,100,405.31,251.0,0,0.0,0.0,,0.0,0,0.0,0.0,,0.0,bidTooLow
2022-08-29,351.0,15163.0,0.0,100,402.63,251.0,0,0.0,0.0,,0.0,0,0.0,0.0,,0.0,bidTooLow
2022-08-30,351.0,14721.0,0.0,100,398.21,251.0,0,0.0,0.0,,0.0,0,0.0,0.0,,0.0,bidTooLow
2022-08-31,351.0,14418.0,0.0,100,395.18,251.0,0,0.0,0.0,,0.0,0,0.0,0.0,,0.0,bidTooLow
2022-09-01,351.0,14542.0,0.0,100,396.42,251.0,0,0.0,0.0,,0.0,0,0.0,0.0,,0.0,bidTooLow
2022-09-02,351.0,14124.0,0.0,100,392.24,251.0,0,0.0,0.0,,0.0,0,0.0,0.0,,0.0,bidTooLow
2022-09-06,351.0,13976.0,0.0,100,390.76,251.0,0,0.0,0.0,,0.0,0,0.0,0.0,,0.0,bidTooLow
2022-09-07,351.0,14678.0,0.0,100,397.78,251.0,0,0.0,0.0,,0.0,0,0.0,0.0,,0.0,bidTooLow
2022-09-08,351.0,14938.0,0.0,100,400.38,251.0,0,0.0,0.0,,0.0,0,0.0,0.0,,0.0,bidTooLow
2022-09-09,351.0,15560.0,0.0,100,406.6,251.0,0,0.0,0.0,,0.0,0,0.0,0.0,,0.0,bidTooLow
2022-09-12,351.0,15997.0,0.0,100,410.97,251.0,0,0.0,0.0,,0.0,0,0.0,0.0,,0.0,bidTooLow
2022-09-13,351.0,14210.0,0.0,100,393.1,251.0,0,0.0,0.0,,0.0,0,0.0,0.0,,0.0,bidTooLow
2022-09-14,351.0,14360.0,0.0,100,394.6,251.0,0,0.0,0.0,,0.0,0,0.0,0.0,,0.0,bidTooLow
2022-09-15,351.0,13912.0,0.0,100,390.12,251.0,0,0.0,0.0,,0.0,0,0.0,0.0,,0.0,bidTooLow
2022-09-16,351.0,13456.0,0.0,100,385.56,251.0,0,0.0,0.0,,0.0,0,0.0,0.0,,0.0,bidTooLow
2022-09-19,351.0,13755.0,0.0,100,388.55,251.0,0,0.0,0.0,,0.0,0,0.0,0.0,,0.0,bidTooLow
2022-09-20,351.0,13309.0,0.0,100,384.09,251.0,0,0.0,0.0,,0.0,0,0.0,0.0,,0.0,bidTooLow
2022-09-21,351.0,12639.0,0.0,100,377.39,251.0,0,0.0,0.0,,0.0,0,0.0,0.0,,0.0,bidTooLow
2022-09-22,351.0,12322.0,0.0,100,374.22,251.0,0,0.0,0.0,,0.0,0,0.0,0.0,,0.0,bidTooLow
2022-09-23,351.0,11695.0,0.0,100,367.95,251.0,0,0.0,0.0,,0.0,0,0.0,0.0,,0.0,bidTooLow
2022-09-26,351.0,11331.0,0.0,100,364.31,251.0,0,0.0,0.0,,0.0,0,0.0,0.0,,0.0,bidTooLow
2022-09-27,351.0,11238.0,0.0,100,363.38,251.0,0,0.0,0.0,,0.0,0,0.0,0.0,,0.0,bidTooLow
2022-09-28,351.0,11953.0,0.0,100,370.53,251.0,0,0.0,0.0,,0.0,0,0.0,0.0,,0.0,bidTooLow
2022-09-29,351.0,11179.0,0.0,100,362.79,251.0,0,0.0,0.0,,0.0,0,0.0,0.0,,0.0,bidTooLow
2022-09-30,351.0,10618.0,0.0,100,357.18,251.0,0,0.0,0.0,,0.0,0,0.0,0.0,,0.0,bidTooLow
2022-10-03,351.0,11561.0,0.0,100,366.61,251.0,0,0.0,0.0,,0.0,0,0.0,0.0,,0.0,bidTooLow
2022-10-04,351.0,12697.0,0.0,100,377.97,251.0,0,0.0,0.0,,0.0,0,0.0,0.0,,0.0,bidTooLow
2022-10-05,351.0,12609.0,0.0,100,377.09,251.0,0,0.0,0.0,,0.0,0,0.0,0.0,,0.0,bidTooLow
2022-10-06,351.0,12220.0,0.0,100,373.2,251.0,0,0.0,0.0,,0.0,0,0.0,0.0,,0.0,bidTooLow
2022-10-07,351.0,11179.0,0.0,100,362.79,251.0,0,0.0,0.0,,0.0,0,0.0,0.0,,0.0,bidTooLow
2022-10-10,351.0,10902.0,0.0,100,360.02,251.0,0,0.0,0.0,,0.0,0,0.0,0.0,,0.0,bidTooLow
2022-10-11,351.0,10674.0,0.0,100,357.74,251.0,0,0.0,0.0,,0.0,0,0.0,0.0,,0.0,bidTooLow
2022-10-12,351.0,10556.0,0.0,100,356.56,251.0,0,0.0,0.0,,0.0,0,0.0,0.0,,0.0,bidTooLow
2022-10-13,351.0,11497.0,0.0,100,365.97,251.0,0,0.0,0.0,,0.0,0,0.0,0.0,,0.0,bidTooLow
2022-10-14,351.0,10663.0,0.0,100,357.63,251.0,0,0.0,0.0,,0.0,0,0.0,0.0,,0.0,bidTooLow
2022-10-17,351.0,11582.0,0.0,100,366.82,251.0,0,0.0,0.0,,0.0,0,0.0,0.0,,0.0,bidTooLow
2022-10-18,351.0,12010.0,0.0,100,371.13,251.0,0,0.0,0.0,,0.0,1,0.06,0.09,SPY221021C00393000,393.0,normalDay
2022-10-19,351.0,11754.0,0.0,100,368.5,251.0,0,0.0,0.0,,0.0,1,0.06,0.02,SPY221021C00393000,393.0,normalDay
2022-10-20,351.0,11446.0,0.0,100,365.41,251.0,0,0.0,0.0,,0.0,1,0.06,0.01,SPY221021C00393000,393.0,normalDay
2022-10-21,357.0,12329.0,6.0,100,374.29,251.0,0,0.0,0.0,,0.0,1,0.06,0.0,SPY221021C00393000,393.0,expirationDay
2022-10-24,357.0,12784.0,0.0,100,378.87,251.0,0,0.0,0.0,,0.0,1,0.09,0.12,SPY221026C00394000,394.0,normalDay
2022-10-25,357.0,13395.0,0.0,100,384.92,251.0,0,0.0,0.0,,0.0,1,0.09,0.06,SPY221026C00394000,394.0,normalDay
2022-10-26,366.0,13102.0,9.0,100,382.02,251.0,0,0.0,0.0,,0.0,1,0.09,0.0,SPY221026C00394000,394.0,expirationDay
2022-10-27,366.0,12898.0,0.0,100,379.98,251.0,0,0.0,0.0,,0.0,0,0.0,0.0,,0.0,bidTooLow
2022-10-28,366.0,13802.0,0.0,100,389.02,251.0,0,0.0,0.0,,0.0,0,0.0,0.0,,0.0,bidTooLow
2022-10-31,366.0,13521.0,0.0,100,386.21,251.0,0,0.0,0.0,,0.0,0,0.0,0.0,,0.0,bidTooLow
2022-11-01,366.0,13349.0,0.0,100,384.52,251.0,0,0.0,0.0,,0.0,1,0.03,0.06,SPY221104C00412000,412.0,normalDay
2022-11-02,366.0,12388.0,0.0,100,374.87,251.0,0,0.0,0.0,,0.0,1,0.03,0.02,SPY221104C00412000,412.0,normalDay
2022-11-03,366.0,12003.0,0.0,100,371.01,251.0,0,0.0,0.0,,0.0,1,0.03,0.01,SPY221104C00412000,412.0,normalDay
2022-11-04,369.0,12535.0,3.0,100,376.35,251.0,0,0.0,0.0,,0.0,1,0.03,0.0,SPY221104C00412000,412.0,expirationDay
2022-11-07,369.0,12895.0,0.0,100,379.95,251.0,0,0.0,0.0,,0.0,0,0.0,0.0,,0.0,bidTooLow
2022-11-08,369.0,13097.0,0.0,100,382.0,251.0,0,0.0,0.0,,0.0,1,0.01,0.04,SPY221111C00410000,410.0,normalDay
2022-11-09,369.0,12313.0,0.0,100,374.13,251.0,0,0.0,0.0,,0.0,1,0.01,0.01,SPY221111C00410000,410.0,normalDay
2022-11-10,369.0,14368.0,0.0,100,394.69,251.0,0,0.0,0.0,,0.0,1,0.01,0.02,SPY221111C00410000,410.0,normalDay
2022-11-11,370.0,14751.0,1.0,100,398.51,251.0,0,0.0,0.0,,0.0,1,0.01,0.0,SPY221111C00410000,410.0,expirationDay
2022-11-14,370.0,14412.0,0.0,100,395.12,251.0,0,0.0,0.0,,0.0,0,0.0,0.0,,0.0,bidTooLow
2022-11-15,370.0,14746.0,0.0,100,398.49,251.0,0,0.0,0.0,,0.0,1,0.03,0.06,SPY221118C00419000,419.0,normalDay
2022-11-16,370.0,14446.0,0.0,100,395.45,251.0,0,0.0,0.0,,0.0,1,0.03,0.02,SPY221118C00419000,419.0,normalDay
2022-11-17,370.0,14326.0,0.0,100,394.24,251.0,0,0.0,0.0,,0.0,1,0.03,0.01,SPY221118C00419000,419.0,normalDay
2022-11-18,373.0,14503.0,3.0,100,396.03,251.0,0,0.0,0.0,,0.0,1,0.03,0.0,SPY221118C00419000,419.0,expirationDay
2022-11-21,373.0,14359.0,0.0,100,394.59,251.0,0,0.0,0.0,,0.0,0,0.0,0.0,,0.0,bidTooLow
2022-11-22,373.0,14890.0,0.0,100,399.9,251.0,0,0.0,0.0,,0.0,0,0.0,0.0,,0.0,bidTooLow
2022-11-23,373.0,15142.0,0.0,100,402.42,251.0,0,0.0,0.0,,0.0,0,0.0,0.0,,0.0,bidTooLow
2022-11-25,373.0,15133.0,0.0,100,402.33,251.0,0,0.0,0.0,,0.0,0,0.0,0.0,,0.0,bidTooLow
2022-11-28,373.0,14491.0,0.0,100,395.91,251.0,0,0.0,0.0,,0.0,0,0.0,0.0,,0.0,bidTooLow
2022-11-29,373.0,14423.0,0.0,100,395.23,251.0,0,0.0,0.0,,0.0,0,0.0,0.0,,0.0,bidTooLow
2022-11-30,373.0,15668.0,0.0,100,407.68,251.0,0,0.0,0.0,,0.0,0,0.0,0.0,,0.0,bidTooLow
2022-12-01,373.0,15638.0,0.0,100,407.38,251.0,0,0.0,0.0,,0.0,0,0.0,0.0,,0.0,bidTooLow
2022-12-02,373.0,15591.0,0.0,100,406.91,251.0,0,0.0,0.0,,0.0,0,0.0,0.0,,0.0,bidTooLow
2022-12-05,373.0,14859.0,0.0,100,399.59,251.0,0,0.0,0.0,,0.0,0,0.0,0.0,,0.0,bidTooLow
2022-12-06,373.0,14283.0,0.0,100,393.83,251.0,0,0.0,0.0,,0.0,0,0.0,0.0,,0.0,bidTooLow
2022-12-07,373.0,14216.0,0.0,100,393.16,251.0,0,0.0,0.0,,0.0,0,0.0,0.0,,0.0,bidTooLow
2022-12-08,373.0,14524.0,0.0,100,396.24,251.0,0,0.0,0.0,,0.0,0,0.0,0.0,,0.0,bidTooLow
2022-12-09,373.0,14228.0,0.0,100,393.28,251.0,0,0.0,0.0,,0.0,0,0.0,0.0,,0.0,bidTooLow
2022-12-12,373.0,14792.0,0.0,100,398.95,251.0,0,0.0,0.0,,0.0,1,0.9,0.93,SPY221215C00416000,416.0,normalDay
2022-12-13,373.0,15135.0,0.0,100,401.97,251.0,0,0.0,0.0,,0.0,1,0.9,0.52,SPY221215C00416000,416.0,normalDay
2022-12-14,373.0,14929.0,0.0,100,399.4,251.0,0,0.0,0.0,,0.0,1,0.9,0.01,SPY221215C00416000,416.0,normalDay
2022-12-15,463.0,13863.0,90.0,100,389.63,251.0,0,0.0,0.0,,0.0,1,0.9,0.0,SPY221215C00416000,416.0,expirationDay
2022-12-16,463.0,13227.0,0.0,100,383.27,251.0,0,0.0,0.0,,0.0,0,0.0,0.0,,0.0,bidTooLow
2022-12-19,463.0,12902.0,0.0,100,380.02,251.0,0,0.0,0.0,,0.0,0,0.0,0.0,,0.0,bidTooLow
2022-12-20,463.0,12954.0,0.0,100,380.54,251.0,0,0.0,0.0,,0.0,0,0.0,0.0,,0.0,bidTooLow
2022-12-21,463.0,13523.0,0.0,100,386.23,251.0,0,0.0,0.0,,0.0,0,0.0,0.0,,0.0,bidTooLow
2022-12-22,463.0,12972.0,0.0,100,380.72,251.0,0,0.0,0.0,,0.0,0,0.0,0.0,,0.0,bidTooLow
2022-12-23,463.0,13191.0,0.0,100,382.91,251.0,0,0.0,0.0,,0.0,0,0.0,0.0,,0.0,bidTooLow
2022-12-27,463.0,13040.0,0.0,100,381.4,251.0,0,0.0,0.0,,0.0,0,0.0,0.0,,0.0,bidTooLow
2022-12-28,463.0,12566.0,0.0,100,376.66,251.0,0,0.0,0.0,,0.0,0,0.0,0.0,,0.0,bidTooLow
2022-12-29,463.0,13244.0,0.0,100,383.44,251.0,0,0.0,0.0,,0.0,0,0.0,0.0,,0.0,bidTooLow
2022-12-30,463.0,13143.0,0.0,100,382.43,251.0,0,0.0,0.0,,0.0,0,0.0,0.0,,0.0,bidTooLow
2023-01-03,463.0,12982.0,0.0,100,380.82,251.0,0,0.0,0.0,,0.0,0,0.0,0.0,,0.0,bidTooLow
2023-01-04,463.0,13276.0,0.0,100,383.76,251.0,0,0.0,0.0,,0.0,0,0.0,0.0,,0.0,bidTooLow
2023-01-05,463.0,12838.0,0.0,100,379.38,251.0,0,0.0,0.0,,0.0,0,0.0,0.0,,0.0,bidTooLow
2023-01-06,463.0,13708.0,0.0,100,388.08,251.0,0,0.0,0.0,,0.0,0,0.0,0.0,,0.0,bidTooLow
2023-01-09,463.0,13686.0,0.0,100,387.86,251.0,0,0.0,0.0,,0.0,0,0.0,0.0,,0.0,bidTooLow
2023-01-10,463.0,13955.0,0.0,100,390.58,251.0,0,0.0,0.0,,0.0,1,0.01,0.04,SPY230113C00413000,413.0,normalDay
2023-01-11,463.0,14443.0,0.0,100,395.52,251.0,0,0.0,0.0,,0.0,1,0.01,0.1,SPY230113C00413000,413.0,normalDay
2023-01-12,463.0,14596.0,0.0,100,396.96,251.0,0,0.0,0.0,,0.0,1,0.01,0.01,SPY230113C00413000,413.0,normalDay
2023-01-13,464.0,14750.0,1.0,100,398.5,251.0,0,0.0,0.0,,0.0,1,0.01,0.0,SPY230113C00413000,413.0,expirationDay
2023-01-17,464.0,14674.0,0.0,100,397.77,251.0,0,0.0,0.0,,0.0,1,0.02,0.05,SPY230120C00411000,411.0,normalDay
2023-01-18,464.0,14049.0,0.0,100,391.49,251.0,0,0.0,0.0,,0.0,1,0.02,0.02,SPY230120C00411000,411.0,normalDay
2023-01-19,464.0,13765.0,0.0,100,388.64,251.0,0,0.0,0.0,,0.0,1,0.02,0.01,SPY230120C00411000,411.0,normalDay
2023-01-20,466.0,14488.0,2.0,100,395.88,251.0,0,0.0,0.0,,0.0,1,0.02,0.0,SPY230120C00411000,411.0,expirationDay
2023-01-23,466.0,14963.0,0.0,100,400.63,251.0,0,0.0,0.0,,0.0,0,0.0,0.0,,0.0,bidTooLow
2023-01-24,466.0,14920.0,0.0,100,400.2,251.0,0,0.0,0.0,,0.0,0,0.0,0.0,,0.0,bidTooLow
2023-01-25,466.0,14935.0,0.0,100,400.35,251.0,0,0.0,0.0,,0.0,0,0.0,0.0,,0.0,bidTooLow
2023-01-26,466.0,15375.0,0.0,100,404.75,251.0,0,0.0,0.0,,0.0,0,0.0,0.0,,0.0,bidTooLow
2023-01-27,466.0,15468.0,0.0,100,405.68,251.0,0,0.0,0.0,,0.0,0,0.0,0.0,,0.0,bidTooLow
2023-01-30,466.0,14959.0,0.0,100,400.59,251.0,0,0.0,0.0,,0.0,0,0.0,0.0,,0.0,bidTooLow
2023-01-31,466.0,15545.0,0.0,100,406.48,251.0,0,0.0,0.0,,0.0,1,0.05,0.08,SPY230203C00425000,425.0,normalDay
2023-02-01,466.0,15976.0,0.0,100,410.8,251.0,0,0.0,0.0,,0.0,1,0.05,0.09,SPY230203C00425000,425.0,normalDay
2023-02-02,466.0,16569.0,0.0,100,416.78,251.0,0,0.0,0.0,,0.0,1,0.05,0.14,SPY230203C00425000,425.0,normalDay
2023-02-03,471.0,16135.0,5.0,100,412.35,251.0,0,0.0,0.0,,0.0,1,0.05,0.0,SPY230203C00425000,425.0,expirationDay
2023-02-06,471.0,15883.0,0.0,100,409.83,251.0,0,0.0,0.0,,0.0,0,0.0,0.0,,0.0,bidTooLow
2023-02-07,471.0,16419.0,0.0,100,415.19,251.0,0,0.0,0.0,,0.0,0,0.0,0.0,,0.0,bidTooLow
2023-02-08,471.0,15965.0,0.0,100,410.65,251.0,0,0.0,0.0,,0.0,0,0.0,0.0,,0.0,bidTooLow
2023-02-09,471.0,15609.0,0.0,100,407.09,251.0,0,0.0,0.0,,0.0,0,0.0,0.0,,0.0,bidTooLow
2023-02-10,471.0,15704.0,0.0,100,408.04,251.0,0,0.0,0.0,,0.0,0,0.0,0.0,,0.0,bidTooLow
2023-02-13,471.0,16180.0,0.0,100,412.83,251.0,0,0.0,0.0,,0.0,1,0.02,0.05,SPY230216C00434000,434.0,normalDay
2023-02-14,471.0,16165.0,0.0,100,412.64,251.0,0,0.0,0.0,,0.0,1,0.02,0.01,SPY230216C00434000,434.0,normalDay
2023-02-15,471.0,16299.0,0.0,100,413.98,251.0,0,0.0,0.0,,0.0,1,0.02,0.01,SPY230216C00434000,434.0,normalDay
2023-02-16,473.0,15728.0,2.0,100,408.28,251.0,0,0.0,0.0,,0.0,1,0.02,0.0,SPY230216C00434000,434.0,expirationDay
2023-02-17,473.0,15626.0,0.0,100,407.26,251.0,0,0.0,0.0,,0.0,0,0.0,0.0,,0.0,bidTooLow
2023-02-21,473.0,14809.0,0.0,100,399.09,251.0,0,0.0,0.0,,0.0,0,0.0,0.0,,0.0,bidTooLow
2023-02-22,473.0,14754.0,0.0,100,398.54,251.0,0,0.0,0.0,,0.0,0,0.0,0.0,,0.0,bidTooLow
2023-02-23,473.0,14966.0,0.0,100,400.66,251.0,0,0.0,0.0,,0.0,0,0.0,0.0,,0.0,bidTooLow
2023-02-24,473.0,14538.0,0.0,100,396.38,251.0,0,0.0,0.0,,0.0,0,0.0,0.0,,0.0,bidTooLow
2023-02-27,473.0,14673.0,0.0,100,397.73,251.0,0,0.0,0.0,,0.0,0,0.0,0.0,,0.0,bidTooLow
2023-02-28,473.0,14526.0,0.0,100,396.26,251.0,0,0.0,0.0,,0.0,0,0.0,0.0,,0.0,bidTooLow
2023-03-01,473.0,14374.0,0.0,100,394.74,251.0,0,0.0,0.0,,0.0,0,0.0,0.0,,0.0,bidTooLow
2023-03-02,473.0,14681.0,0.0,100,397.81,251.0,0,0.0,0.0,,0.0,0,0.0,0.0,,0.0,bidTooLow
2023-03-03,473.0,15319.0,0.0,100,404.19,251.0,0,0.0,0.0,,0.0,0,0.0,0.0,,0.0,bidTooLow
2023-03-06,473.0,15347.0,0.0,100,404.47,251.0,0,0.0,0.0,,0.0,0,0.0,0.0,,0.0,bidTooLow
2023-03-07,473.0,14727.0,0.0,100,398.27,251.0,0,0.0,0.0,,0.0,0,0.0,0.0,,0.0,bidTooLow
2023-03-08,473.0,14792.0,0.0,100,398.92,251.0,0,0.0,0.0,,0.0,0,0.0,0.0,,0.0,bidTooLow
2023-03-09,473.0,14056.0,0.0,100,391.56,251.0,0,0.0,0.0,,0.0,0,0.0,0.0,,0.0,bidTooLow
2023-03-10,473.0,13491.0,0.0,100,385.91,251.0,0,0.0,0.0,,0.0,0,0.0,0.0,,0.0,bidTooLow
2023-03-13,473.0,13436.0,0.0,100,385.36,251.0,0,0.0,0.0,,0.0,0,0.0,0.0,,0.0,bidTooLow
2023-03-14,473.0,14073.0,0.0,100,391.73,251.0,0,0.0,0.0,,0.0,0,0.0,0.0,,0.0,bidTooLow
2023-03-15,473.0,13828.0,0.0,100,389.28,251.0,0,0.0,0.0,,0.0,0,0.0,0.0,,0.0,bidTooLow
2023-03-16,473.0,14511.0,0.0,100,396.11,251.0,0,0.0,0.0,,0.0,0,0.0,0.0,,0.0,bidTooLow
2023-03-17,473.0,13899.0,0.0,100,389.99,251.0,0,0.0,0.0,,0.0,0,0.0,0.0,,0.0,bidTooLow
2023-03-20,473.0,14274.0,0.0,100,393.74,251.0,0,0.0,0.0,,0.0,0,0.0,0.0,,0.0,bidTooLow
2023-03-21,473.0,14788.0,0.0,100,398.91,251.0,0,0.0,0.0,,0.0,1,0.06,0.09,SPY230324C00416000,416.0,normalDay
2023-03-22,473.0,14116.0,0.0,100,392.11,251.0,0,0.0,0.0,,0.0,1,0.06,0.01,SPY230324C00416000,416.0,normalDay
2023-03-23,473.0,14222.0,0.0,100,393.17,251.0,0,0.0,0.0,,0.0,1,0.06,0.01,SPY230324C00416000,416.0,normalDay
2023-03-24,479.0,14475.0,6.0,100,395.75,251.0,0,0.0,0.0,,0.0,1,0.06,0.0,SPY230324C00416000,416.0,expirationDay
2023-03-27,479.0,14549.0,0.0,100,396.49,251.0,0,0.0,0.0,,0.0,0,0.0,0.0,,0.0,bidTooLow
2023-03-28,479.0,14460.0,0.0,100,395.6,251.0,0,0.0,0.0,,0.0,0,0.0,0.0,,0.0,bidTooLow
2023-03-29,479.0,15035.0,0.0,100,401.35,251.0,0,0.0,0.0,,0.0,0,0.0,0.0,,0.0,bidTooLow
2023-03-30,479.0,15270.0,0.0,100,403.7,251.0,0,0.0,0.0,,0.0,0,0.0,0.0,,0.0,bidTooLow
2023-03-31,479.0,15839.0,0.0,100,409.39,251.0,0,0.0,0.0,,0.0,0,0.0,0.0,,0.0,bidTooLow
2023-04-03,479.0,15992.0,0.0,100,410.95,251.0,0,0.0,0.0,,0.0,1,0.03,0.06,SPY230406C00422000,422.0,normalDay
2023-04-04,479.0,15769.0,0.0,100,408.67,251.0,0,0.0,0.0,,0.0,1,0.03,0.01,SPY230406C00422000,422.0,normalDay
2023-04-05,479.0,15662.0,0.0,100,407.6,251.0,0,0.0,0.0,,0.0,1,0.03,0.01,SPY230406C00422000,422.0,normalDay
2023-04-06,482.0,15819.0,3.0,100,409.19,251.0,0,0.0,0.0,,0.0,1,0.03,0.0,SPY230406C00422000,422.0,expirationDay
2023-04-10,482.0,15861.0,0.0,100,409.61,251.0,0,0.0,0.0,,0.0,0,0.0,0.0,,0.0,bidTooLow
2023-04-11,482.0,15872.0,0.0,100,409.72,251.0,0,0.0,0.0,,0.0,0,0.0,0.0,,0.0,bidTooLow
2023-04-12,482.0,15705.0,0.0,100,408.05,251.0,0,0.0,0.0,,0.0,0,0.0,0.0,,0.0,bidTooLow
2023-04-13,482.0,16247.0,0.0,100,413.47,251.0,0,0.0,0.0,,0.0,0,0.0,0.0,,0.0,bidTooLow
2023-04-14,482.0,16146.0,0.0,100,412.46,251.0,0,0.0,0.0,,0.0,0,0.0,0.0,,0.0,bidTooLow
2023-04-17,482.0,16294.0,0.0,100,413.94,251.0,0,0.0,0.0,,0.0,0,0.0,0.0,,0.0,bidTooLow
2023-04-18,482.0,16321.0,0.0,100,414.21,251.0,0,0.0,0.0,,0.0,0,0.0,0.0,,0.0,bidTooLow
2023-04-19,482.0,16314.0,0.0,100,414.14,251.0,0,0.0,0.0,,0.0,0,0.0,0.0,,0.0,bidTooLow
2023-04-20,482.0,16088.0,0.0,100,411.88,251.0,0,0.0,0.0,,0.0,0,0.0,0.0,,0.0,bidTooLow
2023-04-21,482.0,16120.0,0.0,100,412.2,251.0,0,0.0,0.0,,0.0,0,0.0,0.0,,0.0,bidTooLow
2023-04-24,482.0,16163.0,0.0,100,412.63,251.0,0,0.0,0.0,,0.0,0,0.0,0.0,,0.0,bidTooLow
2023-04-25,482.0,15508.0,0.0,100,406.08,251.0,0,0.0,0.0,,0.0,0,0.0,0.0,,0.0,bidTooLow
2023-04-26,482.0,15336.0,0.0,100,404.36,251.0,0,0.0,0.0,,0.0,0,0.0,0.0,,0.0,bidTooLow
2023-04-27,482.0,16141.0,0.0,100,412.41,251.0,0,0.0,0.0,,0.0,0,0.0,0.0,,0.0,bidTooLow
2023-04-28,482.0,16493.0,0.0,100,415.93,251.0,0,0.0,0.0,,0.0,0,0.0,0.0,,0.0,bidTooLow
2023-05-01,482.0,16448.0,0.0,100,415.51,251.0,0,0.0,0.0,,0.0,1,0.25,0.28,SPY230504C00423000,423.0,normalDay
2023-05-02,482.0,16003.0,0.0,100,410.84,251.0,0,0.0,0.0,,0.0,1,0.25,0.06,SPY230504C00423000,423.0,normalDay
2023-05-03,482.0,15726.0,0.0,100,408.02,251.0,0,0.0,0.0,,0.0,1,0.25,0.01,SPY230504C00423000,423.0,normalDay
2023-05-04,507.0,15413.0,25.0,100,405.13,251.0,0,0.0,0.0,,0.0,1,0.25,0.0,SPY230504C00423000,423.0,expirationDay
2023-05-05,507.0,16163.0,0.0,100,412.63,251.0,0,0.0,0.0,,0.0,0,0.0,0.0,,0.0,bidTooLow
2023-05-08,507.0,16171.0,0.0,100,412.74,251.0,0,0.0,0.0,,0.0,1,0.01,0.04,SPY230511C00424000,424.0,normalDay
2023-05-09,507.0,15992.0,0.0,100,410.93,251.0,0,0.0,0.0,,0.0,1,0.01,0.02,SPY230511C00424000,424.0,normalDay
2023-05-10,507.0,16185.0,0.0,100,412.85,251.0,0,0.0,0.0,,0.0,1,0.01,0.01,SPY230511C00424000,424.0,normalDay
2023-05-11,508.0,16113.0,1.0,100,412.13,251.0,0,0.0,0.0,,0.0,1,0.01,0.0,SPY230511C00424000,424.0,expirationDay
2023-05-12,508.0,16059.0,0.0,100,411.59,251.0,0,0.0,0.0,,0.0,0,0.0,0.0,,0.0,bidTooLow
2023-05-15,508.0,16201.0,0.0,100,413.01,251.0,0,0.0,0.0,,0.0,0,0.0,0.0,,0.0,bidTooLow
2023-05-16,508.0,15925.0,0.0,100,410.25,251.0,0,0.0,0.0,,0.0,0,0.0,0.0,,0.0,bidTooLow
2023-05-17,508.0,16420.0,0.0,100,415.23,251.0,0,0.0,0.0,,0.0,1,0.04,0.07,SPY230519C00423000,423.0,normalDay
2023-05-18,508.0,16811.0,0.0,100,419.23,251.0,0,0.0,0.0,,0.0,1,0.04,0.16,SPY230519C00423000,423.0,normalDay
2023-05-19,512.0,16762.0,4.0,100,418.62,251.0,0,0.0,0.0,,0.0,1,0.04,0.0,SPY230519C00423000,423.0,expirationDay
2023-05-22,512.0,16776.0,0.0,100,418.79,251.0,0,0.0,0.0,,0.0,1,0.06,0.09,SPY230525C00428000,428.0,normalDay
2023-05-23,512.0,16313.0,0.0,100,414.09,251.0,0,0.0,0.0,,0.0,1,0.06,0.02,SPY230525C00428000,428.0,normalDay
2023-05-24,512.0,16014.0,0.0,100,411.09,251.0,0,0.0,0.0,,0.0,1,0.06,0.01,SPY230525C00428000,428.0,normalDay
2023-05-25,518.0,16365.0,6.0,100,414.65,251.0,0,0.0,0.0,,0.0,1,0.06,0.0,SPY230525C00428000,428.0,expirationDay
2023-05-26,518.0,16902.0,0.0,100,420.02,251.0,0,0.0,0.0,,0.0,0,0.0,0.0,,0.0,bidTooLow
2023-05-30,518.0,16915.0,0.0,100,420.18,251.0,0,0.0,0.0,,0.0,1,0.16,0.19,SPY230602C00429000,429.0,normalDay
2023-05-31,518.0,16697.0,0.0,100,417.85,251.0,0,0.0,0.0,,0.0,1,0.16,0.04,SPY230602C00429000,429.0,normalDay
2023-06-01,518.0,17095.0,0.0,100,421.82,251.0,0,0.0,0.0,,0.0,1,0.16,0.03,SPY230602C00429000,429.0,normalDay
2023-06-02,534.0,17692.0,16.0,100,427.92,251.0,0,0.0,0.0,,0.0,1,0.16,0.0,SPY230602C00429000,429.0,expirationDay
2023-06-05,534.0,17607.0,0.0,100,427.1,251.0,0,0.0,0.0,,0.0,1,0.03,0.06,SPY230608C00436000,436.0,normalDay
2023-06-06,534.0,17702.0,0.0,100,428.03,251.0,0,0.0,0.0,,0.0,1,0.03,0.04,SPY230608C00436000,436.0,normalDay
2023-06-07,534.0,17557.0,0.0,100,426.55,251.0,0,0.0,0.0,,0.0,1,0.03,0.01,SPY230608C00436000,436.0,normalDay
2023-06-08,537.0,17813.0,3.0,100,429.13,251.0,0,0.0,0.0,,0.0,1,0.03,0.0,SPY230608C00436000,436.0,expirationDay
2023-06-09,537.0,17890.0,0.0,100,429.9,251.0,0,0.0,0.0,,0.0,0,0.0,0.0,,0.0,bidTooLow
2023-06-12,537.0,18277.0,0.0,100,433.8,251.0,0,0.0,0.0,,0.0,1,0.05,0.08,SPY230615C00447000,447.0,normalDay
2023-06-13,537.0,18559.0,0.0,100,436.66,251.0,0,0.0,0.0,,0.0,1,0.05,0.12,SPY230615C00447000,447.0,normalDay
2023-06-14,537.0,18620.0,0.0,100,437.18,251.0,0,0.0,0.0,,0.0,1,0.05,0.03,SPY230615C00447000,447.0,normalDay
2023-06-15,542.0,19160.0,5.0,100,442.6,251.0,0,0.0,0.0,,0.0,1,0.05,0.0,SPY230615C00447000,447.0,expirationDay
2023-06-16,542.0,18846.0,0.0,100,439.46,251.0,0,0.0,0.0,,0.0,0,0.0,0.0,,0.0,bidTooLow
2023-06-20,542.0,18618.0,0.0,100,437.18,251.0,0,0.0,0.0,,0.0,0,0.0,0.0,,0.0,bidTooLow
2023-06-21,542.0,18394.0,0.0,100,434.94,251.0,0,0.0,0.0,,0.0,0,0.0,0.0,,0.0,bidTooLow
2023-06-22,542.0,18551.0,0.0,100,436.51,251.0,0,0.0,0.0,,0.0,0,0.0,0.0,,0.0,bidTooLow
2023-06-23,542.0,18221.0,0.0,100,433.21,251.0,0,0.0,0.0,,0.0,0,0.0,0.0,,0.0,bidTooLow
2023-06-26,542.0,18044.0,0.0,100,431.44,251.0,0,0.0,0.0,,0.0,0,0.0,0.0,,0.0,bidTooLow
2023-06-27,542.0,18517.0,0.0,100,436.17,251.0,0,0.0,0.0,,0.0,0,0.0,0.0,,0.0,bidTooLow
2023-06-28,542.0,18539.0,0.0,100,436.39,251.0,0,0.0,0.0,,0.0,0,0.0,0.0,,0.0,bidTooLow
2023-06-29,542.0,18711.0,0.0,100,438.11,251.0,0,0.0,0.0,,0.0,0,0.0,0.0,,0.0,bidTooLow
2023-06-30,542.0,19228.0,0.0,100,443.28,251.0,0,0.0,0.0,,0.0,0,0.0,0.0,,0.0,bidTooLow
2023-07-03,542.0,19279.0,0.0,100,443.79,251.0,0,0.0,0.0,,0.0,0,0.0,0.0,,0.0,bidTooLow
2023-07-05,542.0,19213.0,0.0,100,443.13,251.0,0,0.0,0.0,,0.0,0,0.0,0.0,,0.0,bidTooLow
2023-07-06,542.0,18866.0,0.0,100,439.66,251.0,0,0.0,0.0,,0.0,0,0.0,0.0,,0.0,bidTooLow
2023-07-07,542.0,18755.0,0.0,100,438.55,251.0,0,0.0,0.0,,0.0,0,0.0,0.0,,0.0,bidTooLow
2023-07-10,542.0,18863.0,0.0,100,439.66,251.0,0,0.0,0.0,,0.0,1,0.01,0.04,SPY230713C00452000,452.0,normalDay
2023-07-11,542.0,19139.0,0.0,100,442.46,251.0,0,0.0,0.0,,0.0,1,0.01,0.08,SPY230713C00452000,452.0,normalDay
2023-07-12,542.0,19500.0,0.0,100,446.02,251.0,0,0.0,0.0,,0.0,1,0.01,0.03,SPY230713C00452000,452.0,normalDay
2023-07-13,543.0,19856.0,1.0,100,449.56,251.0,0,0.0,0.0,,0.0,1,0.01,0.0,SPY230713C00452000,452.0,expirationDay
2023-07-14,543.0,19828.0,0.0,100,449.28,251.0,0,0.0,0.0,,0.0,0,0.0,0.0,,0.0,bidTooLow
2023-07-17,543.0,19981.0,0.0,100,450.84,251.0,0,0.0,0.0,,0.0,1,0.01,0.04,SPY230720C00461000,461.0,normalDay
2023-07-18,543.0,20313.0,0.0,100,454.19,251.0,0,0.0,0.0,,0.0,1,0.01,0.07,SPY230720C00461000,461.0,normalDay
2023-07-19,543.0,20416.0,0.0,100,455.2,251.0,0,0.0,0.0,,0.0,1,0.01,0.05,SPY230720C00461000,461.0,normalDay
2023-07-20,544.0,20118.0,1.0,100,452.18,251.0,0,0.0,0.0,,0.0,1,0.01,0.0,SPY230720C00461000,461.0,expirationDay
2023-07-21,544.0,20118.0,0.0,100,452.18,251.0,0,0.0,0.0,,0.0,0,0.0,0.0,,0.0,bidTooLow
2023-07-24,544.0,20320.0,0.0,100,454.2,251.0,0,0.0,0.0,,0.0,0,0.0,0.0,,0.0,bidTooLow
2023-07-25,544.0,20444.0,0.0,100,455.44,251.0,0,0.0,0.0,,0.0,0,0.0,0.0,,0.0,bidTooLow
2023-07-26,544.0,20451.0,0.0,100,455.51,251.0,0,0.0,0.0,,0.0,0,0.0,0.0,,0.0,bidTooLow
2023-07-27,544.0,20149.0,0.0,100,452.49,251.0,0,0.0,0.0,,0.0,0,0.0,0.0,,0.0,bidTooLow
2023-07-28,544.0,20592.0,0.0,100,456.92,251.0,0,0.0,0.0,,0.0,0,0.0,0.0,,0.0,bidTooLow
2023-07-31,544.0,20679.0,0.0,100,457.79,251.0,0,0.0,0.0,,0.0,0,0.0,0.0,,0.0,bidTooLow
2023-08-01,544.0,20548.0,0.0,100,456.48,251.0,0,0.0,0.0,,0.0,0,0.0,0.0,,0.0,bidTooLow
2023-08-02,544.0,19913.0,0.0,100,450.13,251.0,0,0.0,0.0,,0.0,0,0.0,0.0,,0.0,bidTooLow
2023-08-03,544.0,19784.0,0.0,100,448.84,251.0,0,0.0,0.0,,0.0,0,0.0,0.0,,0.0,bidTooLow
2023-08-04,544.0,19581.0,0.0,100,446.81,251.0,0,0.0,0.0,,0.0,0,0.0,0.0,,0.0,bidTooLow
2023-08-07,544.0,19971.0,0.0,100,450.71,251.0,0,0.0,0.0,,0.0,0,0.0,0.0,,0.0,bidTooLow
2023-08-08,544.0,19775.0,0.0,100,448.75,251.0,0,0.0,0.0,,0.0,0,0.0,0.0,,0.0,bidTooLow
2023-08-09,544.0,19475.0,0.0,100,445.75,251.0,0,0.0,0.0,,0.0,0,0.0,0.0,,0.0,bidTooLow
2023-08-10,544.0,19491.0,0.0,100,445.91,251.0,0,0.0,0.0,,0.0,0,0.0,0.0,,0.0,bidTooLow
2023-08-11,544.0,19465.0,0.0,100,445.65,251.0,0,0.0,0.0,,0.0,0,0.0,0.0,,0.0,bidTooLow
2023-08-14,544.0,19711.0,0.0,100,448.11,251.0,0,0.0,0.0,,0.0,0,0.0,0.0,,0.0,bidTooLow
2023-08-15,544.0,19189.0,0.0,100,442.89,251.0,0,0.0,0.0,,0.0,0,0.0,0.0,,0.0,bidTooLow
2023-08-16,544.0,18864.0,0.0,100,439.64,251.0,0,0.0,0.0,,0.0,0,0.0,0.0,,0.0,bidTooLow
2023-08-17,544.0,18529.0,0.0,100,436.29,251.0,0,0.0,0.0,,0.0,0,0.0,0.0,,0.0,bidTooLow
2023-08-18,544.0,18550.0,0.0,100,436.5,251.0,0,0.0,0.0,,0.0,0,0.0,0.0,,0.0,bidTooLow
2023-08-21,544.0,18834.0,0.0,100,439.34,251.0,0,0.0,0.0,,0.0,0,0.0,0.0,,0.0,bidTooLow
2023-08-22,544.0,18715.0,0.0,100,438.15,251.0,0,0.0,0.0,,0.0,0,0.0,0.0,,0.0,bidTooLow
2023-08-23,544.0,19203.0,0.0,100,443.03,251.0,0,0.0,0.0,,0.0,0,0.0,0.0,,0.0,bidTooLow
2023-08-24,544.0,18589.0,0.0,100,436.89,251.0,0,0.0,0.0,,0.0,0,0.0,0.0,,0.0,bidTooLow
2023-08-25,544.0,18897.0,0.0,100,439.97,251.0,0,0.0,0.0,,0.0,0,0.0,0.0,,0.0,bidTooLow
2023-08-28,544.0,19176.0,0.0,100,442.76,251.0,0,0.0,0.0,,0.0,0,0.0,0.0,,0.0,bidTooLow
2023-08-29,544.0,19813.0,0.0,100,449.16,251.0,0,0.0,0.0,,0.0,1,0.02,0.05,SPY230901C00462000,462.0,normalDay
2023-08-30,544.0,20000.0,0.0,100,451.01,251.0,0,0.0,0.0,,0.0,1,0.02,0.03,SPY230901C00462000,462.0,normalDay
2023-08-31,544.0,19935.0,0.0,100,450.35,251.0,0,0.0,0.0,,0.0,1,0.02,0.02,SPY230901C00462000,462.0,normalDay
2023-09-01,546.0,20019.0,2.0,100,451.19,251.0,0,0.0,0.0,,0.0,1,0.02,0.0,SPY230901C00462000,462.0,expirationDay
2023-09-05,546.0,19824.0,0.0,100,449.24,251.0,0,0.0,0.0,,0.0,0,0.0,0.0,,0.0,bidTooLow
2023-09-06,546.0,19522.0,0.0,100,446.22,251.0,0,0.0,0.0,,0.0,0,0.0,0.0,,0.0,bidTooLow
2023-09-07,546.0,19385.0,0.0,100,444.85,251.0,0,0.0,0.0,,0.0,0,0.0,0.0,,0.0,bidTooLow
2023-09-08,546.0,19452.0,0.0,100,445.52,251.0,0,0.0,0.0,,0.0,0,0.0,0.0,,0.0,bidTooLow
2023-09-11,546.0,19745.0,0.0,100,448.45,251.0,0,0.0,0.0,,0.0,0,0.0,0.0,,0.0,bidTooLow
2023-09-12,546.0,19499.0,0.0,100,445.99,251.0,0,0.0,0.0,,0.0,0,0.0,0.0,,0.0,bidTooLow
2023-09-13,546.0,19551.0,0.0,100,446.51,251.0,0,0.0,0.0,,0.0,0,0.0,0.0,,0.0,bidTooLow
2023-09-14,546.0,19936.0,0.0,100,450.36,251.0,0,0.0,0.0,,0.0,0,0.0,0.0,,0.0,bidTooLow
2023-09-15,546.0,19237.0,0.0,100,443.37,251.0,0,0.0,0.0,,0.0,0,0.0,0.0,,0.0,bidTooLow
2023-09-18,546.0,19263.0,0.0,100,443.63,251.0,0,0.0,0.0,,0.0,0,0.0,0.0,,0.0,bidTooLow
2023-09-19,546.0,19171.0,0.0,100,442.71,251.0,0,0.0,0.0,,0.0,0,0.0,0.0,,0.0,bidTooLow
2023-09-20,546.0,18764.0,0.0,100,438.64,251.0,0,0.0,0.0,,0.0,0,0.0,0.0,,0.0,bidTooLow
2023-09-21,546.0,18039.0,0.0,100,431.39,251.0,0,0.0,0.0,,0.0,0,0.0,0.0,,0.0,bidTooLow
2023-09-22,546.0,17942.0,0.0,100,430.42,251.0,0,0.0,0.0,,0.0,0,0.0,0.0,,0.0,bidTooLow
2023-09-25,546.0,18123.0,0.0,100,432.23,251.0,0,0.0,0.0,,0.0,0,0.0,0.0,,0.0,bidTooLow
2023-09-26,546.0,17488.0,0.0,100,425.88,251.0,0,0.0,0.0,,0.0,0,0.0,0.0,,0.0,bidTooLow
2023-09-27,546.0,17505.0,0.0,100,426.05,251.0,0,0.0,0.0,,0.0,0,0.0,0.0,,0.0,bidTooLow
2023-09-28,546.0,17752.0,0.0,100,428.52,251.0,0,0.0,0.0,,0.0,0,0.0,0.0,,0.0,bidTooLow
2023-09-29,546.0,17648.0,0.0,100,427.48,251.0,0,0.0,0.0,,0.0,0,0.0,0.0,,0.0,bidTooLow
2023-10-02,546.0,17631.0,0.0,100,427.31,251.0,0,0.0,0.0,,0.0,0,0.0,0.0,,0.0,bidTooLow
2023-10-03,546.0,17059.0,0.0,100,421.59,251.0,0,0.0,0.0,,0.0,0,0.0,0.0,,0.0,bidTooLow
2023-10-04,546.0,17366.0,0.0,100,424.66,251.0,0,0.0,0.0,,0.0,0,0.0,0.0,,0.0,bidTooLow
2023-10-05,546.0,17350.0,0.0,100,424.5,251.0,0,0.0,0.0,,0.0,0,0.0,0.0,,0.0,bidTooLow
2023-10-06,546.0,17854.0,0.0,100,429.54,251.0,0,0.0,0.0,,0.0,0,0.0,0.0,,0.0,bidTooLow
2023-10-09,546.0,18129.0,0.0,100,432.29,251.0,0,0.0,0.0,,0.0,0,0.0,0.0,,0.0,bidTooLow
2023-10-10,546.0,18354.0,0.0,100,434.54,251.0,0,0.0,0.0,,0.0,0,0.0,0.0,,0.0,bidTooLow
2023-10-11,546.0,18532.0,0.0,100,436.32,251.0,0,0.0,0.0,,0.0,0,0.0,0.0,,0.0,bidTooLow
2023-10-12,546.0,18266.0,0.0,100,433.66,251.0,0,0.0,0.0,,0.0,0,0.0,0.0,,0.0,bidTooLow
2023-10-13,546.0,18050.0,0.0,100,431.5,251.0,0,0.0,0.0,,0.0,0,0.0,0.0,,0.0,bidTooLow
2023-10-16,546.0,18504.0,0.0,100,436.04,251.0,0,0.0,0.0,,0.0,0,0.0,0.0,,0.0,bidTooLow
2023-10-17,546.0,18499.0,0.0,100,436.02,251.0,0,0.0,0.0,,0.0,1,0.02,0.05,SPY231020C00448000,448.0,normalDay
2023-10-18,546.0,17921.0,0.0,100,430.21,251.0,0,0.0,0.0,,0.0,1,0.02,0.02,SPY231020C00448000,448.0,normalDay
2023-10-19,546.0,17544.0,0.0,100,426.43,251.0,0,0.0,0.0,,0.0,1,0.02,0.01,SPY231020C00448000,448.0,normalDay
2023-10-20,548.0,17019.0,2.0,100,421.19,251.0,0,0.0,0.0,,0.0,1,0.02,0.0,SPY231020C00448000,448.0,expirationDay
2023-10-23,548.0,16946.0,0.0,100,420.46,251.0,0,0.0,0.0,,0.0,0,0.0,0.0,,0.0,bidTooLow
2023-10-24,548.0,17263.0,0.0,100,423.63,251.0,0,0.0,0.0,,0.0,0,0.0,0.0,,0.0,bidTooLow
2023-10-25,548.0,16655.0,0.0,100,417.55,251.0,0,0.0,0.0,,0.0,0,0.0,0.0,,0.0,bidTooLow
2023-10-26,548.0,16155.0,0.0,100,412.55,251.0,0,0.0,0.0,,0.0,0,0.0,0.0,,0.0,bidTooLow
2023-10-27,548.0,15968.0,0.0,100,410.68,251.0,0,0.0,0.0,,0.0,0,0.0,0.0,,0.0,bidTooLow
2023-10-30,548.0,16459.0,0.0,100,415.59,251.0,0,0.0,0.0,,0.0,0,0.0,0.0,,0.0,bidTooLow
2023-10-31,548.0,16720.0,0.0,100,418.2,251.0,0,0.0,0.0,,0.0,0,0.0,0.0,,0.0,bidTooLow
2023-11-01,548.0,17166.0,0.0,100,422.66,251.0,0,0.0,0.0,,0.0,0,0.0,0.0,,0.0,bidTooLow
2023-11-02,548.0,17976.0,0.0,100,430.76,251.0,0,0.0,0.0,,0.0,0,0.0,0.0,,0.0,bidTooLow
2023-11-03,548.0,18369.0,0.0,100,434.69,251.0,0,0.0,0.0,,0.0,0,0.0,0.0,,0.0,bidTooLow
2023-11-06,548.0,18469.0,0.0,100,435.69,251.0,0,0.0,0.0,,0.0,0,0.0,0.0,,0.0,bidTooLow
2023-11-07,548.0,18593.0,0.0,100,436.93,251.0,0,0.0,0.0,,0.0,0,0.0,0.0,,0.0,bidTooLow
2023-11-08,548.0,18625.0,0.0,100,437.25,251.0,0,0.0,0.0,,0.0,0,0.0,0.0,,0.0,bidTooLow
2023-11-09,548.0,18284.0,0.0,100,433.84,251.0,0,0.0,0.0,,0.0,0,0.0,0.0,,0.0,bidTooLow
2023-11-10,548.0,18961.0,0.0,100,440.61,251.0,0,0.0,0.0,,0.0,0,0.0,0.0,,0.0,bidTooLow
2023-11-13,548.0,18919.0,0.0,100,440.19,251.0,0,0.0,0.0,,0.0,0,0.0,0.0,,0.0,bidTooLow
2023-11-14,548.0,19773.0,0.0,100,448.73,251.0,0,0.0,0.0,,0.0,0,0.0,0.0,,0.0,bidTooLow
2023-11-15,548.0,19868.0,0.0,100,449.68,251.0,0,0.0,0.0,,0.0,0,0.0,0.0,,0.0,bidTooLow
2023-11-16,548.0,19923.0,0.0,100,450.23,251.0,0,0.0,0.0,,0.0,0,0.0,0.0,,0.0,bidTooLow
2023-11-17,548.0,19979.0,0.0,100,450.79,251.0,0,0.0,0.0,,0.0,0,0.0,0.0,,0.0,bidTooLow
2023-11-20,548.0,20326.0,0.0,100,454.26,251.0,0,0.0,0.0,,0.0,0,0.0,0.0,,0.0,bidTooLow
2023-11-21,548.0,20227.0,0.0,100,453.27,251.0,0,0.0,0.0,,0.0,0,0.0,0.0,,0.0,bidTooLow
2023-11-22,548.0,20402.0,0.0,100,455.02,251.0,0,0.0,0.0,,0.0,0,0.0,0.0,,0.0,bidTooLow
2023-11-24,548.0,20430.0,0.0,100,455.3,251.0,0,0.0,0.0,,0.0,0,0.0,0.0,,0.0,bidTooLow
2023-11-27,548.0,20348.0,0.0,100,454.48,251.0,0,0.0,0.0,,0.0,0,0.0,0.0,,0.0,bidTooLow
2023-11-28,548.0,20393.0,0.0,100,454.93,251.0,0,0.0,0.0,,0.0,0,0.0,0.0,,0.0,bidTooLow
2023-11-29,548.0,20361.0,0.0,100,454.61,251.0,0,0.0,0.0,,0.0,0,0.0,0.0,,0.0,bidTooLow
2023-11-30,548.0,20540.0,0.0,100,456.4,251.0,0,0.0,0.0,,0.0,0,0.0,0.0,,0.0,bidTooLow
