date,totalCapital,unrializedPnL,rializedPnL,stocksOwned,stocksPriceToday,stocksPriceBoughtAt,putOwned,putOwnedSoldAt,putPriceToday,putOwnedContract,putOwnedStrike,callOwned,callOwnedSoldAt,callPriceToday,callOwnedContract,callOwnedStrike,trackType
2018-11-01,0.0,-8.0,0.0,0,273.51,0.0,1,6.94,7.02,SPY190118P00269000,269.0,0,0.0,0.0,,0.0,normalDay
2018-11-02,0.0,-61.0,0.0,0,271.89,0.0,1,6.94,7.55,SPY190118P00269000,269.0,0,0.0,0.0,,0.0,normalDay
2018-11-05,0.0,16.0,0.0,0,273.39,0.0,1,6.94,6.78,SPY190118P00269000,269.0,0,0.0,0.0,,0.0,normalDay
2018-11-06,0.0,91.0,0.0,0,275.12,0.0,1,6.94,6.03,SPY190118P00269000,269.0,0,0.0,0.0,,0.0,normalDay
2018-11-07,0.0,316.0,0.0,0,281.01,0.0,1,6.94,3.78,SPY190118P00269000,269.0,0,0.0,0.0,,0.0,normalDay
2018-11-08,0.0,313.0,0.0,0,280.5,0.0,1,6.94,3.81,SPY190118P00269000,269.0,0,0.0,0.0,,0.0,normalDay
2018-11-09,0.0,222.0,0.0,0,277.76,0.0,1,6.94,4.72,SPY190118P00269000,269.0,0,0.0,0.0,,0.0,normalDay
2018-11-12,0.0,29.0,0.0,0,272.57,0.0,1,6.94,6.65,SPY190118P00269000,269.0,0,0.0,0.0,,0.0,normalDay
2018-11-13,0.0,5.0,0.0,0,272.06,0.0,1,6.94,6.89,SPY190118P00269000,269.0,0,0.0,0.0,,0.0,normalDay
2018-11-14,0.0,-106.0,0.0,0,270.2,0.0,1,6.94,8.0,SPY190118P00269000,269.0,0,0.0,0.0,,0.0,normalDay
2018-11-15,0.0,42.0,0.0,0,273.02,0.0,1,6.94,6.52,SPY190118P00269000,269.0,0,0.0,0.0,,0.0,normalDay
2018-11-16,0.0,126.0,0.0,0,273.73,0.0,1,6.94,5.68,SPY190118P00269000,269.0,0,0.0,0.0,,0.0,normalDay
2018-11-19,0.0,-79.0,0.0,0,269.1,0.0,1,6.94,7.73,SPY190118P00269000,269.0,0,0.0,0.0,,0.0,normalDay
2018-11-20,0.0,-391.0,0.0,0,264.12,0.0,1,6.94,10.85,SPY190118P00269000,269.0,0,0.0,0.0,,0.0,normalDay
2018-11-21,0.0,-278.0,0.0,0,265.02,0.0,1,6.94,9.72,SPY190118P00269000,269.0,0,0.0,0.0,,0.0,normalDay
2018-11-23,0.0,-398.0,0.0,0,263.25,0.0,1,6.94,10.92,SPY190118P00269000,269.0,0,0.0,0.0,,0.0,normalDay
2018-11-26,0.0,-70.0,0.0,0,267.5,0.0,1,6.94,7.64,SPY190118P00269000,269.0,0,0.0,0.0,,0.0,normalDay
2018-11-27,0.0,-45.0,0.0,0,268.4,0.0,1,6.94,7.39,SPY190118P00269000,269.0,0,0.0,0.0,,0.0,normalDay
2018-11-28,0.0,198.0,0.0,0,274.58,0.0,1,6.94,4.96,SPY190118P00269000,269.0,0,0.0,0.0,,0.0,normalDay
2018-11-29,0.0,182.0,0.0,0,273.98,0.0,1,6.94,5.12,SPY190118P00269000,269.0,0,0.0,0.0,,0.0,normalDay
2018-11-30,0.0,260.0,0.0,0,275.65,0.0,1,6.94,4.34,SPY190118P00269000,269.0,0,0.0,0.0,,0.0,normalDay
2018-12-03,0.0,400.0,0.0,0,279.3,0.0,1,6.94,2.94,SPY190118P00269000,269.0,0,0.0,0.0,,0.0,normalDay
2018-12-04,0.0,36.0,0.0,0,270.25,0.0,1,6.94,6.58,SPY190118P00269000,269.0,0,0.0,0.0,,0.0,normalDay
2018-12-06,0.0,19.0,0.0,0,269.84,0.0,1,6.94,6.75,SPY190118P00269000,269.0,0,0.0,0.0,,0.0,normalDay
2018-12-07,0.0,-366.0,0.0,0,263.57,0.0,1,6.94,10.6,SPY190118P00269000,269.0,0,0.0,0.0,,0.0,normalDay
2018-12-10,0.0,-256.0,0.0,0,264.07,0.0,1,6.94,9.5,SPY190118P00269000,269.0,0,0.0,0.0,,0.0,normalDay
2018-12-11,0.0,-243.0,0.0,0,264.13,0.0,1,6.94,9.37,SPY190118P00269000,269.0,0,0.0,0.0,,0.0,normalDay
2018-12-12,0.0,-178.0,0.0,0,265.46,0.0,1,6.94,8.72,SPY190118P00269000,269.0,0,0.0,0.0,,0.0,normalDay
2018-12-13,0.0,-158.0,0.0,0,265.37,0.0,1,6.94,8.52,SPY190118P00269000,269.0,0,0.0,0.0,,0.0,normalDay
2018-12-14,0.0,-466.0,0.0,0,260.47,0.0,1,6.94,11.6,SPY190118P00269000,269.0,0,0.0,0.0,,0.0,normalDay
2018-12-17,0.0,-876.0,0.0,0,255.36,0.0,1,6.94,15.7,SPY190118P00269000,269.0,0,0.0,0.0,,0.0,normalDay
2018-12-18,0.0,-965.0,0.0,0,255.08,0.0,1,6.94,16.59,SPY190118P00269000,269.0,0,0.0,0.0,,0.0,normalDay
2018-12-19,0.0,-1245.0,0.0,0,251.26,0.0,1,6.94,19.39,SPY190118P00269000,269.0,0,0.0,0.0,,0.0,normalDay
2018-12-20,0.0,-1582.0,0.0,0,247.17,0.0,1,6.94,22.76,SPY190118P00269000,269.0,0,0.0,0.0,,0.0,normalDay
2018-12-21,0.0,-2211.0,0.0,0,240.7,0.0,1,6.94,29.05,SPY190118P00269000,269.0,0,0.0,0.0,,0.0,normalDay
2018-12-24,0.0,-3006.0,0.0,0,234.34,0.0,1,6.94,37.0,SPY190118P00269000,269.0,0,0.0,0.0,,0.0,normalDay
2018-12-26,0.0,-1593.0,0.0,0,246.18,0.0,1,6.94,22.87,SPY190118P00269000,269.0,0,0.0,0.0,,0.0,normalDay
2018-12-27,0.0,-1385.0,0.0,0,248.07,0.0,1,6.94,20.79,SPY190118P00269000,269.0,0,0.0,0.0,,0.0,normalDay
2018-12-28,0.0,-1455.0,0.0,0,247.75,0.0,1,6.94,21.49,SPY190118P00269000,269.0,0,0.0,0.0,,0.0,normalDay
2018-12-31,0.0,-1244.0,0.0,0,249.92,0.0,1,6.94,19.38,SPY190118P00269000,269.0,0,0.0,0.0,,0.0,normalDay
2019-01-02,0.0,-1191.0,0.0,0,250.18,0.0,1,6.94,18.85,SPY190118P00269000,269.0,0,0.0,0.0,,0.0,normalDay
2019-01-03,0.0,-1813.0,0.0,0,244.21,0.0,1,6.94,25.07,SPY190118P00269000,269.0,0,0.0,0.0,,0.0,normalDay
2019-01-04,0.0,-980.0,0.0,0,252.39,0.0,1,6.94,16.74,SPY190118P00269000,269.0,0,0.0,0.0,,0.0,normalDay
2019-01-07,0.0,-801.0,0.0,0,254.38,0.0,1,6.94,14.95,SPY190118P00269000,269.0,0,0.0,0.0,,0.0,normalDay
2019-01-08,0.0,-578.0,0.0,0,256.77,0.0,1,6.94,12.72,SPY190118P00269000,269.0,0,0.0,0.0,,0.0,normalDay
2019-01-09,0.0,-441.0,0.0,0,257.97,0.0,1,6.94,11.35,SPY190118P00269000,269.0,0,0.0,0.0,,0.0,normalDay
2019-01-10,0.0,-342.0,0.0,0,258.88,0.0,1,6.94,10.36,SPY190118P00269000,269.0,0,0.0,0.0,,0.0,normalDay
2019-01-11,0.0,-325.0,0.0,0,258.98,0.0,1,6.94,10.19,SPY190118P00269000,269.0,0,0.0,0.0,,0.0,normalDay
2019-01-14,0.0,-477.0,0.0,0,257.4,0.0,1,6.94,11.71,SPY190118P00269000,269.0,0,0.0,0.0,,0.0,normalDay
2019-01-15,0.0,-198.0,0.0,0,260.35,0.0,1,6.94,8.92,SPY190118P00269000,269.0,0,0.0,0.0,,0.0,normalDay
2019-01-16,0.0,-132.0,0.0,0,260.98,0.0,1,6.94,8.26,SPY190118P00269000,269.0,0,0.0,0.0,,0.0,normalDay
2019-01-17,0.0,71.0,0.0,0,262.96,0.0,1,6.94,6.23,SPY190118P00269000,269.0,0,0.0,0.0,,0.0,normalDay
2019-01-18,694.0,-254.0,694.0,100,266.46,269.0,1,6.94,0.0,SPY190118P00269000,269.0,0,0.0,0.0,,0.0,expirationDay
2019-01-22,694.0,-642.0,0.0,100,262.86,269.0,0,0.0,0.0,,0.0,1,12.1,12.38,SPY200117C00275000,275.0,normalDay
2019-01-23,694.0,-577.0,0.0,100,263.41,269.0,0,0.0,0.0,,0.0,1,12.1,12.28,SPY200117C00275000,275.0,normalDay
2019-01-24,694.0,-523.0,0.0,100,263.55,269.0,0,0.0,0.0,,0.0,1,12.1,11.88,SPY200117C00275000,275.0,normalDay
2019-01-25,694.0,-455.0,0.0,100,265.78,269.0,0,0.0,0.0,,0.0,1,12.1,13.43,SPY200117C00275000,275.0,normalDay
2019-01-28,694.0,-553.0,0.0,100,263.76,269.0,0,0.0,0.0,,0.0,1,12.1,12.39,SPY200117C00275000,275.0,normalDay
2019-01-29,694.0,-563.0,0.0,100,263.41,269.0,0,0.0,0.0,,0.0,1,12.1,12.14,SPY200117C00275000,275.0,normalDay
2019-01-30,694.0,-332.0,0.0,100,267.58,269.0,0,0.0,0.0,,0.0,1,12.1,14.0,SPY200117C00275000,275.0,normalDay
2019-01-31,694.0,-220.0,0.0,100,269.93,269.0,0,0.0,0.0,,0.0,1,12.1,15.23,SPY200117C00275000,275.0,normalDay
2019-02-01,694.0,-193.0,0.0,100,270.06,269.0,0,0.0,0.0,,0.0,1,12.1,15.09,SPY200117C00275000,275.0,normalDay
2019-02-04,694.0,-79.0,0.0,100,271.96,269.0,0,0.0,0.0,,0.0,1,12.1,15.85,SPY200117C00275000,275.0,normalDay
2019-02-05,694.0,1.0,0.0,100,273.1,269.0,0,0.0,0.0,,0.0,1,12.1,16.19,SPY200117C00275000,275.0,normalDay
2019-02-06,694.0,-12.0,0.0,100,272.74,269.0,0,0.0,0.0,,0.0,1,12.1,15.96,SPY200117C00275000,275.0,normalDay
2019-02-07,694.0,-133.0,0.0,100,270.14,269.0,0,0.0,0.0,,0.0,1,12.1,14.57,SPY200117C00275000,275.0,normalDay
2019-02-08,694.0,-92.0,0.0,100,270.47,269.0,0,0.0,0.0,,0.0,1,12.1,14.49,SPY200117C00275000,275.0,normalDay
2019-02-11,694.0,-79.0,0.0,100,270.62,269.0,0,0.0,0.0,,0.0,1,12.1,14.51,SPY200117C00275000,275.0,normalDay
2019-02-12,694.0,72.0,0.0,100,274.1,269.0,0,0.0,0.0,,0.0,1,12.1,16.48,SPY200117C00275000,275.0,normalDay
2019-02-13,694.0,117.0,0.0,100,274.99,269.0,0,0.0,0.0,,0.0,1,12.1,16.92,SPY200117C00275000,275.0,normalDay
2019-02-14,694.0,75.0,0.0,100,274.38,269.0,0,0.0,0.0,,0.0,1,12.1,16.73,SPY200117C00275000,275.0,normalDay
2019-02-15,694.0,215.0,0.0,100,277.37,269.0,0,0.0,0.0,,0.0,1,12.1,18.32,SPY200117C00275000,275.0,normalDay
2019-02-19,694.0,276.0,0.0,100,277.85,269.0,0,0.0,0.0,,0.0,1,12.1,18.19,SPY200117C00275000,275.0,normalDay
2019-02-20,694.0,304.0,0.0,100,278.41,269.0,0,0.0,0.0,,0.0,1,12.1,18.47,SPY200117C00275000,275.0,normalDay
2019-02-21,694.0,266.0,0.0,100,277.42,269.0,0,0.0,0.0,,0.0,1,12.1,17.86,SPY200117C00275000,275.0,normalDay
2019-02-22,694.0,355.0,0.0,100,279.14,269.0,0,0.0,0.0,,0.0,1,12.1,18.69,SPY200117C00275000,275.0,normalDay
2019-02-25,694.0,357.0,0.0,100,279.52,269.0,0,0.0,0.0,,0.0,1,12.1,19.05,SPY200117C00275000,275.0,normalDay
2019-02-26,694.0,348.0,0.0,100,279.32,269.0,0,0.0,0.0,,0.0,1,12.1,18.94,SPY200117C00275000,275.0,normalDay
2019-02-27,694.0,342.0,0.0,100,279.2,269.0,0,0.0,0.0,,0.0,1,12.1,18.88,SPY200117C00275000,275.0,normalDay
2019-02-28,694.0,336.0,0.0,100,278.68,269.0,0,0.0,0.0,,0.0,1,12.1,18.42,SPY200117C00275000,275.0,normalDay
2019-03-01,694.0,420.0,0.0,100,280.42,269.0,0,0.0,0.0,,0.0,1,12.1,19.32,SPY200117C00275000,275.0,normalDay
2019-03-04,694.0,389.0,0.0,100,279.4,269.0,0,0.0,0.0,,0.0,1,12.1,18.61,SPY200117C00275000,275.0,normalDay
2019-03-05,694.0,376.0,0.0,100,279.02,269.0,0,0.0,0.0,,0.0,1,12.1,18.36,SPY200117C00275000,275.0,normalDay
2019-03-06,694.0,293.0,0.0,100,277.33,269.0,0,0.0,0.0,,0.0,1,12.1,17.5,SPY200117C00275000,275.0,normalDay
2019-03-07,694.0,162.0,0.0,100,275.01,269.0,0,0.0,0.0,,0.0,1,12.1,16.49,SPY200117C00275000,275.0,normalDay
2019-03-08,694.0,145.0,0.0,100,274.46,269.0,0,0.0,0.0,,0.0,1,12.1,16.11,SPY200117C00275000,275.0,normalDay
2019-03-11,694.0,358.0,0.0,100,278.44,269.0,0,0.0,0.0,,0.0,1,12.1,17.96,SPY200117C00275000,275.0,normalDay
2019-03-12,694.0,425.0,0.0,100,279.49,269.0,0,0.0,0.0,,0.0,1,12.1,18.34,SPY200117C00275000,275.0,normalDay
2019-03-13,694.0,480.0,0.0,100,281.34,269.0,0,0.0,0.0,,0.0,1,12.1,19.64,SPY200117C00275000,275.0,normalDay
2019-03-14,694.0,497.0,0.0,100,281.16,269.0,0,0.0,0.0,,0.0,1,12.1,19.29,SPY200117C00275000,275.0,normalDay
2019-03-15,694.0,429.0,0.0,100,281.31,269.0,0,0.0,0.0,,0.0,1,12.1,20.12,SPY200117C00275000,275.0,normalDay
2019-03-18,694.0,447.0,0.0,100,282.33,269.0,0,0.0,0.0,,0.0,1,12.1,20.96,SPY200117C00275000,275.0,normalDay
2019-03-19,694.0,467.0,0.0,100,282.4,269.0,0,0.0,0.0,,0.0,1,12.1,20.83,SPY200117C00275000,275.0,normalDay
2019-03-20,694.0,439.0,0.0,100,281.55,269.0,0,0.0,0.0,,0.0,1,12.1,20.26,SPY200117C00275000,275.0,normalDay
2019-03-21,694.0,540.0,0.0,100,284.73,269.0,0,0.0,0.0,,0.0,1,12.1,22.43,SPY200117C00275000,275.0,normalDay
2019-03-22,694.0,259.0,0.0,100,279.25,269.0,0,0.0,0.0,,0.0,1,12.1,19.76,SPY200117C00275000,275.0,normalDay
2019-03-25,694.0,300.0,0.0,100,279.04,269.0,0,0.0,0.0,,0.0,1,12.1,19.14,SPY200117C00275000,275.0,normalDay
2019-03-26,694.0,419.0,0.0,100,281.12,269.0,0,0.0,0.0,,0.0,1,12.1,20.03,SPY200117C00275000,275.0,normalDay
2019-03-27,694.0,342.0,0.0,100,279.65,269.0,0,0.0,0.0,,0.0,1,12.1,19.33,SPY200117C00275000,275.0,normalDay
2019-03-28,694.0,391.0,0.0,100,280.71,269.0,0,0.0,0.0,,0.0,1,12.1,19.9,SPY200117C00275000,275.0,normalDay
2019-03-29,694.0,459.0,0.0,100,282.48,269.0,0,0.0,0.0,,0.0,1,12.1,20.99,SPY200117C00275000,275.0,normalDay
2019-04-01,694.0,611.0,0.0,100,285.83,269.0,0,0.0,0.0,,0.0,1,12.1,22.82,SPY200117C00275000,275.0,normalDay
2019-04-02,694.0,630.0,0.0,100,285.97,269.0,0,0.0,0.0,,0.0,1,12.1,22.77,SPY200117C00275000,275.0,normalDay
2019-04-03,694.0,612.0,0.0,100,286.42,269.0,0,0.0,0.0,,0.0,1,12.1,23.4,SPY200117C00275000,275.0,normalDay
2019-04-04,694.0,647.0,0.0,100,287.18,269.0,0,0.0,0.0,,0.0,1,12.1,23.81,SPY200117C00275000,275.0,normalDay
2019-04-05,694.0,703.0,0.0,100,288.57,269.0,0,0.0,0.0,,0.0,1,12.1,24.64,SPY200117C00275000,275.0,normalDay
2019-04-08,694.0,719.0,0.0,100,288.79,269.0,0,0.0,0.0,,0.0,1,12.1,24.7,SPY200117C00275000,275.0,normalDay
2019-04-09,694.0,671.0,0.0,100,287.31,269.0,0,0.0,0.0,,0.0,1,12.1,23.7,SPY200117C00275000,275.0,normalDay
2019-04-10,694.0,695.0,0.0,100,288.29,269.0,0,0.0,0.0,,0.0,1,12.1,24.44,SPY200117C00275000,275.0,normalDay
2019-04-11,694.0,716.0,0.0,100,288.21,269.0,0,0.0,0.0,,0.0,1,12.1,24.15,SPY200117C00275000,275.0,normalDay
2019-04-12,694.0,773.0,0.0,100,290.16,269.0,0,0.0,0.0,,0.0,1,12.1,25.53,SPY200117C00275000,275.0,normalDay
2019-04-15,694.0,768.0,0.0,100,289.97,269.0,0,0.0,0.0,,0.0,1,12.1,25.39,SPY200117C00275000,275.0,normalDay
2019-04-16,694.0,794.0,0.0,100,290.16,269.0,0,0.0,0.0,,0.0,1,12.1,25.32,SPY200117C00275000,275.0,normalDay
2019-04-17,694.0,776.0,0.0,100,289.45,269.0,0,0.0,0.0,,0.0,1,12.1,24.79,SPY200117C00275000,275.0,normalDay
2019-04-18,694.0,773.0,0.0,100,290.02,269.0,0,0.0,0.0,,0.0,1,12.1,25.39,SPY200117C00275000,275.0,normalDay
2019-04-22,694.0,781.0,0.0,100,290.27,269.0,0,0.0,0.0,,0.0,1,12.1,25.56,SPY200117C00275000,275.0,normalDay
2019-04-23,694.0,858.0,0.0,100,292.88,269.0,0,0.0,0.0,,0.0,1,12.1,27.4,SPY200117C00275000,275.0,normalDay
2019-04-24,694.0,832.0,0.0,100,292.23,269.0,0,0.0,0.0,,0.0,1,12.1,27.01,SPY200117C00275000,275.0,normalDay
2019-04-25,694.0,835.0,0.0,100,292.05,269.0,0,0.0,0.0,,0.0,1,12.1,26.8,SPY200117C00275000,275.0,normalDay
2019-04-26,694.0,875.0,0.0,100,293.41,269.0,0,0.0,0.0,,0.0,1,12.1,27.76,SPY200117C00275000,275.0,normalDay
2019-04-29,694.0,887.0,0.0,100,293.87,269.0,0,0.0,0.0,,0.0,1,12.1,28.1,SPY200117C00275000,275.0,normalDay
2019-04-30,694.0,868.0,0.0,100,294.02,269.0,0,0.0,0.0,,0.0,1,12.1,28.44,SPY200117C00275000,275.0,normalDay
2019-05-01,694.0,810.0,0.0,100,291.81,269.0,0,0.0,0.0,,0.0,1,12.1,26.81,SPY200117C00275000,275.0,normalDay
2019-05-02,694.0,812.0,0.0,100,291.18,269.0,0,0.0,0.0,,0.0,1,12.1,26.16,SPY200117C00275000,275.0,normalDay
2019-05-03,694.0,891.0,0.0,100,294.03,269.0,0,0.0,0.0,,0.0,1,12.1,28.22,SPY200117C00275000,275.0,normalDay
2019-05-06,694.0,848.0,0.0,100,292.82,269.0,0,0.0,0.0,,0.0,1,12.1,27.44,SPY200117C00275000,275.0,normalDay
2019-05-07,694.0,614.0,0.0,100,287.93,269.0,0,0.0,0.0,,0.0,1,12.1,24.89,SPY200117C00275000,275.0,normalDay
2019-05-08,694.0,623.0,0.0,100,287.53,269.0,0,0.0,0.0,,0.0,1,12.1,24.4,SPY200117C00275000,275.0,normalDay
2019-05-09,694.0,625.0,0.0,100,286.66,269.0,0,0.0,0.0,,0.0,1,12.1,23.51,SPY200117C00275000,275.0,normalDay
2019-05-10,694.0,756.0,0.0,100,288.1,269.0,0,0.0,0.0,,0.0,1,12.1,23.64,SPY200117C00275000,275.0,normalDay
2019-05-13,694.0,481.0,0.0,100,280.86,269.0,0,0.0,0.0,,0.0,1,12.1,19.15,SPY200117C00275000,275.0,normalDay
2019-05-14,694.0,601.0,0.0,100,283.4,269.0,0,0.0,0.0,,0.0,1,12.1,20.49,SPY200117C00275000,275.0,normalDay
2019-05-15,694.0,667.0,0.0,100,285.06,269.0,0,0.0,0.0,,0.0,1,12.1,21.49,SPY200117C00275000,275.0,normalDay
2019-05-16,694.0,788.0,0.0,100,287.7,269.0,0,0.0,0.0,,0.0,1,12.1,22.92,SPY200117C00275000,275.0,normalDay
2019-05-17,694.0,713.0,0.0,100,285.84,269.0,0,0.0,0.0,,0.0,1,12.1,21.81,SPY200117C00275000,275.0,normalDay
2019-05-20,694.0,650.0,0.0,100,283.95,269.0,0,0.0,0.0,,0.0,1,12.1,20.55,SPY200117C00275000,275.0,normalDay
2019-05-21,694.0,772.0,0.0,100,286.51,269.0,0,0.0,0.0,,0.0,1,12.1,21.89,SPY200117C00275000,275.0,normalDay
2019-05-22,694.0,759.0,0.0,100,285.63,269.0,0,0.0,0.0,,0.0,1,12.1,21.14,SPY200117C00275000,275.0,normalDay
2019-05-23,694.0,626.0,0.0,100,282.14,269.0,0,0.0,0.0,,0.0,1,12.1,18.98,SPY200117C00275000,275.0,normalDay
2019-05-24,694.0,640.0,0.0,100,282.78,269.0,0,0.0,0.0,,0.0,1,12.1,19.48,SPY200117C00275000,275.0,normalDay
2019-05-28,694.0,531.0,0.0,100,280.15,269.0,0,0.0,0.0,,0.0,1,12.1,17.94,SPY200117C00275000,275.0,normalDay
2019-05-29,694.0,473.0,0.0,100,278.27,269.0,0,0.0,0.0,,0.0,1,12.1,16.64,SPY200117C00275000,275.0,normalDay
2019-05-30,694.0,521.0,0.0,100,279.03,269.0,0,0.0,0.0,,0.0,1,12.1,16.92,SPY200117C00275000,275.0,normalDay
2019-05-31,694.0,354.0,0.0,100,275.27,269.0,0,0.0,0.0,,0.0,1,12.1,14.83,SPY200117C00275000,275.0,normalDay
2019-06-03,694.0,332.0,0.0,100,274.57,269.0,0,0.0,0.0,,0.0,1,12.1,14.35,SPY200117C00275000,275.0,normalDay
2019-06-04,694.0,624.0,0.0,100,280.53,269.0,0,0.0,0.0,,0.0,1,12.1,17.39,SPY200117C00275000,275.0,normalDay
2019-06-05,694.0,726.0,0.0,100,282.96,269.0,0,0.0,0.0,,0.0,1,12.1,18.8,SPY200117C00275000,275.0,normalDay
2019-06-06,694.0,799.0,0.0,100,284.8,269.0,0,0.0,0.0,,0.0,1,12.1,19.91,SPY200117C00275000,275.0,normalDay
2019-06-07,694.0,875.0,0.0,100,287.65,269.0,0,0.0,0.0,,0.0,1,12.1,22.0,SPY200117C00275000,275.0,normalDay
2019-06-10,694.0,916.0,0.0,100,288.97,269.0,0,0.0,0.0,,0.0,1,12.1,22.91,SPY200117C00275000,275.0,normalDay
2019-06-11,694.0,915.0,0.0,100,288.9,269.0,0,0.0,0.0,,0.0,1,12.1,22.85,SPY200117C00275000,275.0,normalDay
2019-06-12,694.0,901.0,0.0,100,288.39,269.0,0,0.0,0.0,,0.0,1,12.1,22.48,SPY200117C00275000,275.0,normalDay
2019-06-13,694.0,948.0,0.0,100,289.58,269.0,0,0.0,0.0,,0.0,1,12.1,23.2,SPY200117C00275000,275.0,normalDay
2019-06-14,694.0,936.0,0.0,100,289.26,269.0,0,0.0,0.0,,0.0,1,12.1,23.0,SPY200117C00275000,275.0,normalDay
2019-06-17,694.0,952.0,0.0,100,289.37,269.0,0,0.0,0.0,,0.0,1,12.1,22.95,SPY200117C00275000,275.0,normalDay
2019-06-18,694.0,1035.0,0.0,100,292.4,269.0,0,0.0,0.0,,0.0,1,12.1,25.15,SPY200117C00275000,275.0,normalDay
2019-06-19,694.0,1071.0,0.0,100,293.06,269.0,0,0.0,0.0,,0.0,1,12.1,25.45,SPY200117C00275000,275.0,normalDay
2019-06-20,694.0,1149.0,0.0,100,295.86,269.0,0,0.0,0.0,,0.0,1,12.1,27.47,SPY200117C00275000,275.0,normalDay
2019-06-21,694.0,973.0,0.0,100,294.0,269.0,0,0.0,0.0,,0.0,1,12.1,27.37,SPY200117C00275000,275.0,normalDay
2019-06-24,694.0,983.0,0.0,100,293.64,269.0,0,0.0,0.0,,0.0,1,12.1,26.91,SPY200117C00275000,275.0,normalDay
2019-06-25,694.0,896.0,0.0,100,290.76,269.0,0,0.0,0.0,,0.0,1,12.1,24.9,SPY200117C00275000,275.0,normalDay
2019-06-26,694.0,905.0,0.0,100,290.47,269.0,0,0.0,0.0,,0.0,1,12.1,24.52,SPY200117C00275000,275.0,normalDay
2019-06-27,694.0,913.0,0.0,100,291.5,269.0,0,0.0,0.0,,0.0,1,12.1,25.47,SPY200117C00275000,275.0,normalDay
2019-06-28,694.0,933.0,0.0,100,293.0,269.0,0,0.0,0.0,,0.0,1,12.1,26.77,SPY200117C00275000,275.0,normalDay
2019-07-01,694.0,1089.0,0.0,100,295.66,269.0,0,0.0,0.0,,0.0,1,12.1,27.87,SPY200117C00275000,275.0,normalDay
2019-07-02,694.0,1123.0,0.0,100,296.43,269.0,0,0.0,0.0,,0.0,1,12.1,28.3,SPY200117C00275000,275.0,normalDay
2019-07-03,694.0,1166.0,0.0,100,298.8,269.0,0,0.0,0.0,,0.0,1,12.1,30.24,SPY200117C00275000,275.0,normalDay
2019-07-05,694.0,1201.0,0.0,100,298.46,269.0,0,0.0,0.0,,0.0,1,12.1,29.55,SPY200117C00275000,275.0,normalDay
2019-07-08,694.0,1123.0,0.0,100,296.82,269.0,0,0.0,0.0,,0.0,1,12.1,28.69,SPY200117C00275000,275.0,normalDay
2019-07-09,694.0,1139.0,0.0,100,297.19,269.0,0,0.0,0.0,,0.0,1,12.1,28.9,SPY200117C00275000,275.0,normalDay
2019-07-10,694.0,1172.0,0.0,100,298.61,269.0,0,0.0,0.0,,0.0,1,12.1,29.99,SPY200117C00275000,275.0,normalDay
2019-07-11,694.0,1191.0,0.0,100,299.31,269.0,0,0.0,0.0,,0.0,1,12.1,30.5,SPY200117C00275000,275.0,normalDay
2019-07-12,694.0,1225.0,0.0,100,300.65,269.0,0,0.0,0.0,,0.0,1,12.1,31.5,SPY200117C00275000,275.0,normalDay
2019-07-15,694.0,1222.0,0.0,100,300.75,269.0,0,0.0,0.0,,0.0,1,12.1,31.63,SPY200117C00275000,275.0,normalDay
2019-07-16,694.0,1197.0,0.0,100,299.78,269.0,0,0.0,0.0,,0.0,1,12.1,30.91,SPY200117C00275000,275.0,normalDay
2019-07-17,694.0,1147.0,0.0,100,297.74,269.0,0,0.0,0.0,,0.0,1,12.1,29.37,SPY200117C00275000,275.0,normalDay
2019-07-18,694.0,1180.0,0.0,100,298.83,269.0,0,0.0,0.0,,0.0,1,12.1,30.13,SPY200117C00275000,275.0,normalDay
2019-07-19,694.0,1150.0,0.0,100,297.17,269.0,0,0.0,0.0,,0.0,1,12.1,28.77,SPY200117C00275000,275.0,normalDay
2019-07-22,694.0,1190.0,0.0,100,297.9,269.0,0,0.0,0.0,,0.0,1,12.1,29.1,SPY200117C00275000,275.0,normalDay
2019-07-23,694.0,1251.0,0.0,100,300.03,269.0,0,0.0,0.0,,0.0,1,12.1,30.62,SPY200117C00275000,275.0,normalDay
2019-07-24,694.0,1287.0,0.0,100,301.44,269.0,0,0.0,0.0,,0.0,1,12.1,31.67,SPY200117C00275000,275.0,normalDay
2019-07-25,694.0,1243.0,0.0,100,300.0,269.0,0,0.0,0.0,,0.0,1,12.1,30.67,SPY200117C00275000,275.0,normalDay
2019-07-26,694.0,1299.0,0.0,100,302.01,269.0,0,0.0,0.0,,0.0,1,12.1,32.12,SPY200117C00275000,275.0,normalDay
2019-07-29,694.0,1267.0,0.0,100,301.46,269.0,0,0.0,0.0,,0.0,1,12.1,31.89,SPY200117C00275000,275.0,normalDay
2019-07-30,694.0,1261.0,0.0,100,300.72,269.0,0,0.0,0.0,,0.0,1,12.1,31.21,SPY200117C00275000,275.0,normalDay
2019-07-31,694.0,1169.0,0.0,100,297.43,269.0,0,0.0,0.0,,0.0,1,12.1,28.84,SPY200117C00275000,275.0,normalDay
2019-08-01,694.0,1063.0,0.0,100,294.84,269.0,0,0.0,0.0,,0.0,1,12.1,27.31,SPY200117C00275000,275.0,normalDay
2019-08-02,694.0,1030.0,0.0,100,292.62,269.0,0,0.0,0.0,,0.0,1,12.1,25.42,SPY200117C00275000,275.0,normalDay
2019-08-05,694.0,731.0,0.0,100,283.82,269.0,0,0.0,0.0,,0.0,1,12.1,19.61,SPY200117C00275000,275.0,normalDay
2019-08-06,694.0,901.0,0.0,100,287.8,269.0,0,0.0,0.0,,0.0,1,12.1,21.89,SPY200117C00275000,275.0,normalDay
2019-08-07,694.0,918.0,0.0,100,287.97,269.0,0,0.0,0.0,,0.0,1,12.1,21.89,SPY200117C00275000,275.0,normalDay
2019-08-08,694.0,1114.0,0.0,100,293.62,269.0,0,0.0,0.0,,0.0,1,12.1,25.58,SPY200117C00275000,275.0,normalDay
2019-08-09,694.0,1034.0,0.0,100,291.62,269.0,0,0.0,0.0,,0.0,1,12.1,24.38,SPY200117C00275000,275.0,normalDay
2019-08-12,694.0,911.0,0.0,100,288.07,269.0,0,0.0,0.0,,0.0,1,12.1,22.06,SPY200117C00275000,275.0,normalDay
2019-08-13,694.0,1068.0,0.0,100,292.55,269.0,0,0.0,0.0,,0.0,1,12.1,24.97,SPY200117C00275000,275.0,normalDay
2019-08-14,694.0,732.0,0.0,100,283.9,269.0,0,0.0,0.0,,0.0,1,12.1,19.68,SPY200117C00275000,275.0,normalDay
2019-08-15,694.0,773.0,0.0,100,284.65,269.0,0,0.0,0.0,,0.0,1,12.1,20.02,SPY200117C00275000,275.0,normalDay
2019-08-16,694.0,960.0,0.0,100,288.85,269.0,0,0.0,0.0,,0.0,1,12.1,22.35,SPY200117C00275000,275.0,normalDay
2019-08-19,694.0,1113.0,0.0,100,292.33,269.0,0,0.0,0.0,,0.0,1,12.1,24.3,SPY200117C00275000,275.0,normalDay
2019-08-20,694.0,1051.0,0.0,100,290.09,269.0,0,0.0,0.0,,0.0,1,12.1,22.68,SPY200117C00275000,275.0,normalDay
2019-08-21,694.0,1113.0,0.0,100,292.45,269.0,0,0.0,0.0,,0.0,1,12.1,24.42,SPY200117C00275000,275.0,normalDay
2019-08-22,694.0,1121.0,0.0,100,292.36,269.0,0,0.0,0.0,,0.0,1,12.1,24.25,SPY200117C00275000,275.0,normalDay
2019-08-23,694.0,783.0,0.0,100,284.85,269.0,0,0.0,0.0,,0.0,1,12.1,20.12,SPY200117C00275000,275.0,normalDay
2019-08-26,694.0,934.0,0.0,100,288.0,269.0,0,0.0,0.0,,0.0,1,12.1,21.76,SPY200117C00275000,275.0,normalDay
2019-08-27,694.0,910.0,0.0,100,286.87,269.0,0,0.0,0.0,,0.0,1,12.1,20.87,SPY200117C00275000,275.0,normalDay
2019-08-28,694.0,980.0,0.0,100,288.89,269.0,0,0.0,0.0,,0.0,1,12.1,22.19,SPY200117C00275000,275.0,normalDay
2019-08-29,694.0,1122.0,0.0,100,292.58,269.0,0,0.0,0.0,,0.0,1,12.1,24.46,SPY200117C00275000,275.0,normalDay
2019-08-30,694.0,1098.0,0.0,100,292.45,269.0,0,0.0,0.0,,0.0,1,12.1,24.57,SPY200117C00275000,275.0,normalDay
2019-09-03,694.0,1060.0,0.0,100,290.74,269.0,0,0.0,0.0,,0.0,1,12.1,23.24,SPY200117C00275000,275.0,normalDay
2019-09-04,694.0,1191.0,0.0,100,294.04,269.0,0,0.0,0.0,,0.0,1,12.1,25.23,SPY200117C00275000,275.0,normalDay
2019-09-05,694.0,1321.0,0.0,100,297.82,269.0,0,0.0,0.0,,0.0,1,12.1,27.71,SPY200117C00275000,275.0,normalDay
2019-09-06,694.0,1306.0,0.0,100,298.05,269.0,0,0.0,0.0,,0.0,1,12.1,28.09,SPY200117C00275000,275.0,normalDay
2019-09-09,694.0,1342.0,0.0,100,298.2,269.0,0,0.0,0.0,,0.0,1,12.1,27.88,SPY200117C00275000,275.0,normalDay
2019-09-10,694.0,1343.0,0.0,100,298.13,269.0,0,0.0,0.0,,0.0,1,12.1,27.8,SPY200117C00275000,275.0,normalDay
2019-09-11,694.0,1378.0,0.0,100,300.25,269.0,0,0.0,0.0,,0.0,1,12.1,29.57,SPY200117C00275000,275.0,normalDay
2019-09-12,694.0,1394.0,0.0,100,301.29,269.0,0,0.0,0.0,,0.0,1,12.1,30.45,SPY200117C00275000,275.0,normalDay
2019-09-13,694.0,1410.0,0.0,100,301.09,269.0,0,0.0,0.0,,0.0,1,12.1,30.09,SPY200117C00275000,275.0,normalDay
2019-09-16,694.0,1376.0,0.0,100,300.16,269.0,0,0.0,0.0,,0.0,1,12.1,29.5,SPY200117C00275000,275.0,normalDay
2019-09-17,694.0,1403.0,0.0,100,300.92,269.0,0,0.0,0.0,,0.0,1,12.1,29.99,SPY200117C00275000,275.0,normalDay
2019-09-18,694.0,1402.0,0.0,100,301.1,269.0,0,0.0,0.0,,0.0,1,12.1,30.18,SPY200117C00275000,275.0,normalDay
2019-09-19,694.0,1439.0,0.0,100,301.08,269.0,0,0.0,0.0,,0.0,1,12.1,29.79,SPY200117C00275000,275.0,normalDay
2019-09-20,694.0,1256.0,0.0,100,298.28,269.0,0,0.0,0.0,,0.0,1,12.1,28.82,SPY200117C00275000,275.0,normalDay
2019-09-23,694.0,1260.0,0.0,100,298.21,269.0,0,0.0,0.0,,0.0,1,12.1,28.71,SPY200117C00275000,275.0,normalDay
2019-09-24,694.0,1186.0,0.0,100,295.87,269.0,0,0.0,0.0,,0.0,1,12.1,27.11,SPY200117C00275000,275.0,normalDay
2019-09-25,694.0,1273.0,0.0,100,297.62,269.0,0,0.0,0.0,,0.0,1,12.1,27.99,SPY200117C00275000,275.0,normalDay
2019-09-26,694.0,1246.0,0.0,100,297.0,269.0,0,0.0,0.0,,0.0,1,12.1,27.64,SPY200117C00275000,275.0,normalDay
2019-09-27,694.0,1208.0,0.0,100,295.4,269.0,0,0.0,0.0,,0.0,1,12.1,26.42,SPY200117C00275000,275.0,normalDay
2019-09-30,694.0,1241.0,0.0,100,296.77,269.0,0,0.0,0.0,,0.0,1,12.1,27.46,SPY200117C00275000,275.0,normalDay
2019-10-01,694.0,1176.0,0.0,100,293.24,269.0,0,0.0,0.0,,0.0,1,12.1,24.58,SPY200117C00275000,275.0,normalDay
2019-10-02,694.0,1060.0,0.0,100,288.06,269.0,0,0.0,0.0,,0.0,1,12.1,20.56,SPY200117C00275000,275.0,normalDay
2019-10-03,694.0,1114.0,0.0,100,290.42,269.0,0,0.0,0.0,,0.0,1,12.1,22.38,SPY200117C00275000,275.0,normalDay
2019-10-04,694.0,1249.0,0.0,100,294.35,269.0,0,0.0,0.0,,0.0,1,12.1,24.96,SPY200117C00275000,275.0,normalDay
2019-10-07,694.0,1240.0,0.0,100,293.08,269.0,0,0.0,0.0,,0.0,1,12.1,23.78,SPY200117C00275000,275.0,normalDay
2019-10-08,694.0,1084.0,0.0,100,288.53,269.0,0,0.0,0.0,,0.0,1,12.1,20.79,SPY200117C00275000,275.0,normalDay
2019-10-09,694.0,1202.0,0.0,100,291.27,269.0,0,0.0,0.0,,0.0,1,12.1,22.35,SPY200117C00275000,275.0,normalDay
2019-10-10,694.0,1241.0,0.0,100,293.24,269.0,0,0.0,0.0,,0.0,1,12.1,23.93,SPY200117C00275000,275.0,normalDay
2019-10-11,694.0,1339.0,0.0,100,296.28,269.0,0,0.0,0.0,,0.0,1,12.1,25.99,SPY200117C00275000,275.0,normalDay
2019-10-14,694.0,1388.0,0.0,100,295.95,269.0,0,0.0,0.0,,0.0,1,12.1,25.17,SPY200117C00275000,275.0,normalDay
2019-10-15,694.0,1446.0,0.0,100,298.88,269.0,0,0.0,0.0,,0.0,1,12.1,27.52,SPY200117C00275000,275.0,normalDay
2019-10-16,694.0,1448.0,0.0,100,298.4,269.0,0,0.0,0.0,,0.0,1,12.1,27.02,SPY200117C00275000,275.0,normalDay
2019-10-17,694.0,1486.0,0.0,100,299.28,269.0,0,0.0,0.0,,0.0,1,12.1,27.52,SPY200117C00275000,275.0,normalDay
2019-10-18,694.0,1445.0,0.0,100,297.97,269.0,0,0.0,0.0,,0.0,1,12.1,26.62,SPY200117C00275000,275.0,normalDay
2019-10-21,694.0,1504.0,0.0,100,299.99,269.0,0,0.0,0.0,,0.0,1,12.1,28.05,SPY200117C00275000,275.0,normalDay
2019-10-22,694.0,1504.0,0.0,100,299.01,269.0,0,0.0,0.0,,0.0,1,12.1,27.07,SPY200117C00275000,275.0,normalDay
2019-10-23,694.0,1502.0,0.0,100,299.88,269.0,0,0.0,0.0,,0.0,1,12.1,27.96,SPY200117C00275000,275.0,normalDay
2019-10-24,694.0,1546.0,0.0,100,300.37,269.0,0,0.0,0.0,,0.0,1,12.1,28.01,SPY200117C00275000,275.0,normalDay
2019-10-25,694.0,1565.0,0.0,100,301.6,269.0,0,0.0,0.0,,0.0,1,12.1,29.05,SPY200117C00275000,275.0,normalDay
2019-10-28,694.0,1580.0,0.0,100,303.3,269.0,0,0.0,0.0,,0.0,1,12.1,30.6,SPY200117C00275000,275.0,normalDay
2019-10-29,694.0,1588.0,0.0,100,303.21,269.0,0,0.0,0.0,,0.0,1,12.1,30.43,SPY200117C00275000,275.0,normalDay
2019-10-30,694.0,1583.0,0.0,100,304.14,269.0,0,0.0,0.0,,0.0,1,12.1,31.41,SPY200117C00275000,275.0,normalDay
2019-10-31,694.0,1598.0,0.0,100,303.33,269.0,0,0.0,0.0,,0.0,1,12.1,30.45,SPY200117C00275000,275.0,normalDay
2019-11-01,694.0,1634.0,0.0,100,306.14,269.0,0,0.0,0.0,,0.0,1,12.1,32.9,SPY200117C00275000,275.0,normalDay
2019-11-04,694.0,1653.0,0.0,100,307.37,269.0,0,0.0,0.0,,0.0,1,12.1,33.94,SPY200117C00275000,275.0,normalDay
2019-11-05,694.0,1642.0,0.0,100,307.03,269.0,0,0.0,0.0,,0.0,1,12.1,33.71,SPY200117C00275000,275.0,normalDay
2019-11-06,694.0,1626.0,0.0,100,307.1,269.0,0,0.0,0.0,,0.0,1,12.1,33.94,SPY200117C00275000,275.0,normalDay
2019-11-07,694.0,1653.0,0.0,100,308.18,269.0,0,0.0,0.0,,0.0,1,12.1,34.75,SPY200117C00275000,275.0,normalDay
2019-11-08,694.0,1660.0,0.0,100,308.94,269.0,0,0.0,0.0,,0.0,1,12.1,35.44,SPY200117C00275000,275.0,normalDay
2019-11-11,694.0,1658.0,0.0,100,308.35,269.0,0,0.0,0.0,,0.0,1,12.1,34.87,SPY200117C00275000,275.0,normalDay
2019-11-12,694.0,1697.0,0.0,100,309.0,269.0,0,0.0,0.0,,0.0,1,12.1,35.13,SPY200117C00275000,275.0,normalDay
2019-11-13,694.0,1676.0,0.0,100,309.1,269.0,0,0.0,0.0,,0.0,1,12.1,35.44,SPY200117C00275000,275.0,normalDay
2019-11-14,694.0,1689.0,0.0,100,309.55,269.0,0,0.0,0.0,,0.0,1,12.1,35.76,SPY200117C00275000,275.0,normalDay
2019-11-15,694.0,1726.0,0.0,100,311.79,269.0,0,0.0,0.0,,0.0,1,12.1,37.63,SPY200117C00275000,275.0,normalDay
2019-11-18,694.0,1723.0,0.0,100,312.02,269.0,0,0.0,0.0,,0.0,1,12.1,37.89,SPY200117C00275000,275.0,normalDay
2019-11-19,694.0,1738.0,0.0,100,311.93,269.0,0,0.0,0.0,,0.0,1,12.1,37.65,SPY200117C00275000,275.0,normalDay
2019-11-20,694.0,1733.0,0.0,100,310.77,269.0,0,0.0,0.0,,0.0,1,12.1,36.54,SPY200117C00275000,275.0,normalDay
2019-11-21,694.0,1722.0,0.0,100,310.27,269.0,0,0.0,0.0,,0.0,1,12.1,36.15,SPY200117C00275000,275.0,normalDay
2019-11-22,694.0,1729.0,0.0,100,310.96,269.0,0,0.0,0.0,,0.0,1,12.1,36.77,SPY200117C00275000,275.0,normalDay
2019-11-25,694.0,1775.0,0.0,100,313.37,269.0,0,0.0,0.0,,0.0,1,12.1,38.72,SPY200117C00275000,275.0,normalDay
2019-11-26,694.0,1750.0,0.0,100,314.08,269.0,0,0.0,0.0,,0.0,1,12.1,39.68,SPY200117C00275000,275.0,normalDay
2019-11-27,694.0,1763.0,0.0,100,315.48,269.0,0,0.0,0.0,,0.0,1,12.1,40.95,SPY200117C00275000,275.0,normalDay
2019-11-29,694.0,1727.0,0.0,100,314.31,269.0,0,0.0,0.0,,0.0,1,12.1,40.14,SPY200117C00275000,275.0,normalDay
2019-12-02,694.0,1749.0,0.0,100,311.64,269.0,0,0.0,0.0,,0.0,1,12.1,37.25,SPY200117C00275000,275.0,normalDay
2019-12-03,694.0,1748.0,0.0,100,309.55,269.0,0,0.0,0.0,,0.0,1,12.1,35.17,SPY200117C00275000,275.0,normalDay
2019-12-04,694.0,1779.0,0.0,100,311.46,269.0,0,0.0,0.0,,0.0,1,12.1,36.77,SPY200117C00275000,275.0,normalDay
2019-12-05,694.0,1754.0,0.0,100,312.02,269.0,0,0.0,0.0,,0.0,1,12.1,37.58,SPY200117C00275000,275.0,normalDay
2019-12-06,694.0,1772.0,0.0,100,314.87,269.0,0,0.0,0.0,,0.0,1,12.1,40.25,SPY200117C00275000,275.0,normalDay
2019-12-09,694.0,1775.0,0.0,100,313.88,269.0,0,0.0,0.0,,0.0,1,12.1,39.23,SPY200117C00275000,275.0,normalDay
2019-12-10,694.0,1734.0,0.0,100,313.53,269.0,0,0.0,0.0,,0.0,1,12.1,39.29,SPY200117C00275000,275.0,normalDay
2019-12-11,694.0,1747.0,0.0,100,314.42,269.0,0,0.0,0.0,,0.0,1,12.1,40.05,SPY200117C00275000,275.0,normalDay
2019-12-12,694.0,1786.0,0.0,100,317.13,269.0,0,0.0,0.0,,0.0,1,12.1,42.37,SPY200117C00275000,275.0,normalDay
2019-12-13,694.0,1775.0,0.0,100,317.32,269.0,0,0.0,0.0,,0.0,1,12.1,42.67,SPY200117C00275000,275.0,normalDay
2019-12-16,694.0,1765.0,0.0,100,319.5,269.0,0,0.0,0.0,,0.0,1,12.1,44.95,SPY200117C00275000,275.0,normalDay
2019-12-17,694.0,1797.0,0.0,100,319.57,269.0,0,0.0,0.0,,0.0,1,12.1,44.7,SPY200117C00275000,275.0,normalDay
2019-12-18,694.0,1788.0,0.0,100,319.59,269.0,0,0.0,0.0,,0.0,1,12.1,44.81,SPY200117C00275000,275.0,normalDay
2019-12-19,694.0,1775.0,0.0,100,320.9,269.0,0,0.0,0.0,,0.0,1,12.1,46.25,SPY200117C00275000,275.0,normalDay
2019-12-20,694.0,1688.0,0.0,100,320.73,269.0,0,0.0,0.0,,0.0,1,12.1,46.95,SPY200117C00275000,275.0,normalDay
2019-12-23,694.0,1731.0,0.0,100,321.22,269.0,0,0.0,0.0,,0.0,1,12.1,47.01,SPY200117C00275000,275.0,normalDay
2019-12-24,694.0,1731.0,0.0,100,321.23,269.0,0,0.0,0.0,,0.0,1,12.1,47.02,SPY200117C00275000,275.0,normalDay
2019-12-26,694.0,1741.0,0.0,100,322.94,269.0,0,0.0,0.0,,0.0,1,12.1,48.63,SPY200117C00275000,275.0,normalDay
2019-12-27,694.0,1769.0,0.0,100,322.86,269.0,0,0.0,0.0,,0.0,1,12.1,48.27,SPY200117C00275000,275.0,normalDay
2019-12-30,694.0,1741.0,0.0,100,321.08,269.0,0,0.0,0.0,,0.0,1,12.1,46.77,SPY200117C00275000,275.0,normalDay
2019-12-31,694.0,1725.0,0.0,100,321.86,269.0,0,0.0,0.0,,0.0,1,12.1,47.71,SPY200117C00275000,275.0,normalDay
2020-01-02,694.0,1772.0,0.0,100,324.87,269.0,0,0.0,0.0,,0.0,1,12.1,50.25,SPY200117C00275000,275.0,normalDay
2020-01-03,694.0,1750.0,0.0,100,322.41,269.0,0,0.0,0.0,,0.0,1,12.1,48.01,SPY200117C00275000,275.0,normalDay
2020-01-06,694.0,1762.0,0.0,100,323.64,269.0,0,0.0,0.0,,0.0,1,12.1,49.12,SPY200117C00275000,275.0,normalDay
2020-01-07,694.0,1796.0,0.0,100,322.73,269.0,0,0.0,0.0,,0.0,1,12.1,47.87,SPY200117C00275000,275.0,normalDay
2020-01-08,694.0,1753.0,0.0,100,324.45,269.0,0,0.0,0.0,,0.0,1,12.1,50.02,SPY200117C00275000,275.0,normalDay
2020-01-09,694.0,1782.0,0.0,100,326.65,269.0,0,0.0,0.0,,0.0,1,12.1,51.93,SPY200117C00275000,275.0,normalDay
2020-01-10,694.0,1797.0,0.0,100,325.71,269.0,0,0.0,0.0,,0.0,1,12.1,50.84,SPY200117C00275000,275.0,normalDay
2020-01-13,694.0,1784.0,0.0,100,327.95,269.0,0,0.0,0.0,,0.0,1,12.1,53.21,SPY200117C00275000,275.0,normalDay
2020-01-14,694.0,1763.0,0.0,100,327.45,269.0,0,0.0,0.0,,0.0,1,12.1,52.92,SPY200117C00275000,275.0,normalDay
2020-01-15,694.0,1783.0,0.0,100,328.19,269.0,0,0.0,0.0,,0.0,1,12.1,53.46,SPY200117C00275000,275.0,normalDay
2020-01-16,694.0,1810.0,0.0,100,330.92,269.0,0,0.0,0.0,,0.0,1,12.1,55.92,SPY200117C00275000,275.0,normalDay
2020-01-17,2504.0,1810.0,1810.0,0,331.95,0.0,0,0.0,0.0,,0.0,1,12.1,0.0,SPY200117C00275000,275.0,expirationDay
2020-01-21,2504.0,-5.0,0.0,0,331.3,0.0,1,5.04,5.09,SPY200417P00322000,322.0,0,0.0,0.0,,0.0,normalDay
2020-01-22,2504.0,-7.0,0.0,0,331.34,0.0,1,5.04,5.11,SPY200417P00322000,322.0,0,0.0,0.0,,0.0,normalDay
2020-01-23,2504.0,5.0,0.0,0,331.72,0.0,1,5.04,4.99,SPY200417P00322000,322.0,0,0.0,0.0,,0.0,normalDay
2020-01-24,2504.0,-115.0,0.0,0,328.77,0.0,1,5.04,6.19,SPY200417P00322000,322.0,0,0.0,0.0,,0.0,normalDay
2020-01-27,2504.0,-395.0,0.0,0,323.5,0.0,1,5.04,8.99,SPY200417P00322000,322.0,0,0.0,0.0,,0.0,normalDay
2020-01-28,2504.0,-202.0,0.0,0,326.89,0.0,1,5.04,7.06,SPY200417P00322000,322.0,0,0.0,0.0,,0.0,normalDay
2020-01-29,2504.0,-209.0,0.0,0,326.62,0.0,1,5.04,7.13,SPY200417P00322000,322.0,0,0.0,0.0,,0.0,normalDay
2020-01-30,2504.0,-121.0,0.0,0,327.68,0.0,1,5.04,6.25,SPY200417P00322000,322.0,0,0.0,0.0,,0.0,normalDay
2020-01-31,2504.0,-425.0,0.0,0,321.73,0.0,1,5.04,9.29,SPY200417P00322000,322.0,0,0.0,0.0,,0.0,normalDay
2020-02-03,2504.0,-320.0,0.0,0,324.12,0.0,1,5.04,8.24,SPY200417P00322000,322.0,0,0.0,0.0,,0.0,normalDay
2020-02-04,2504.0,-75.0,0.0,0,329.06,0.0,1,5.04,5.79,SPY200417P00322000,322.0,0,0.0,0.0,,0.0,normalDay
2020-02-05,2504.0,55.0,0.0,0,332.86,0.0,1,5.04,4.49,SPY200417P00322000,322.0,0,0.0,0.0,,0.0,normalDay
2020-02-06,2504.0,84.0,0.0,0,333.98,0.0,1,5.04,4.2,SPY200417P00322000,322.0,0,0.0,0.0,,0.0,normalDay
2020-02-07,2504.0,33.0,0.0,0,332.2,0.0,1,5.04,4.71,SPY200417P00322000,322.0,0,0.0,0.0,,0.0,normalDay
2020-02-10,2504.0,107.0,0.0,0,334.68,0.0,1,5.04,3.97,SPY200417P00322000,322.0,0,0.0,0.0,,0.0,normalDay
2020-02-11,2504.0,125.0,0.0,0,335.26,0.0,1,5.04,3.79,SPY200417P00322000,322.0,0,0.0,0.0,,0.0,normalDay
2020-02-12,2504.0,196.0,0.0,0,337.42,0.0,1,5.04,3.08,SPY200417P00322000,322.0,0,0.0,0.0,,0.0,normalDay
2020-02-13,2504.0,182.0,0.0,0,337.06,0.0,1,5.04,3.22,SPY200417P00322000,322.0,0,0.0,0.0,,0.0,normalDay
2020-02-14,2504.0,204.0,0.0,0,337.6,0.0,1,5.04,3.0,SPY200417P00322000,322.0,0,0.0,0.0,,0.0,normalDay
2020-02-18,2504.0,186.0,0.0,0,336.73,0.0,1,5.04,3.18,SPY200417P00322000,322.0,0,0.0,0.0,,0.0,normalDay
2020-02-19,2504.0,230.0,0.0,0,338.34,0.0,1,5.04,2.74,SPY200417P00322000,322.0,0,0.0,0.0,,0.0,normalDay
2020-02-20,2504.0,183.0,0.0,0,336.95,0.0,1,5.04,3.21,SPY200417P00322000,322.0,0,0.0,0.0,,0.0,normalDay
2020-02-21,2504.0,65.0,0.0,0,333.48,0.0,1,5.04,4.39,SPY200417P00322000,322.0,0,0.0,0.0,,0.0,normalDay
2020-02-24,2504.0,-481.0,0.0,0,322.42,0.0,1,5.04,9.85,SPY200417P00322000,322.0,0,0.0,0.0,,0.0,normalDay
2020-02-25,2504.0,-989.0,0.0,0,312.65,0.0,1,5.04,14.93,SPY200417P00322000,322.0,0,0.0,0.0,,0.0,normalDay
2020-02-26,2504.0,-1097.0,0.0,0,311.5,0.0,1,5.04,16.01,SPY200417P00322000,322.0,0,0.0,0.0,,0.0,normalDay
2020-02-27,2504.0,-2257.0,0.0,0,297.51,0.0,1,5.04,27.61,SPY200417P00322000,322.0,0,0.0,0.0,,0.0,normalDay
2020-02-28,2504.0,-2369.0,0.0,0,296.26,0.0,1,5.04,28.73,SPY200417P00322000,322.0,0,0.0,0.0,,0.0,normalDay
2020-03-02,2504.0,-1289.0,0.0,0,309.09,0.0,1,5.04,17.93,SPY200417P00322000,322.0,0,0.0,0.0,,0.0,normalDay
2020-03-03,2504.0,-1896.0,0.0,0,300.24,0.0,1,5.04,24.0,SPY200417P00322000,322.0,0,0.0,0.0,,0.0,normalDay
2020-03-04,2504.0,-1123.0,0.0,0,312.86,0.0,1,5.04,16.27,SPY200417P00322000,322.0,0,0.0,0.0,,0.0,normalDay
2020-03-05,2504.0,-1950.0,0.0,0,302.46,0.0,1,5.04,24.54,SPY200417P00322000,322.0,0,0.0,0.0,,0.0,normalDay
2020-03-06,2504.0,-2387.0,0.0,0,297.46,0.0,1,5.04,28.91,SPY200417P00322000,322.0,0,0.0,0.0,,0.0,normalDay
2020-03-09,2504.0,-4558.0,0.0,0,274.23,0.0,1,5.04,50.62,SPY200417P00322000,322.0,0,0.0,0.0,,0.0,normalDay
2020-03-10,2504.0,-3194.0,0.0,0,288.42,0.0,1,5.04,36.98,SPY200417P00322000,322.0,0,0.0,0.0,,0.0,normalDay
2020-03-11,2504.0,-4504.0,0.0,0,274.36,0.0,1,5.04,50.08,SPY200417P00322000,322.0,0,0.0,0.0,,0.0,normalDay
2020-03-12,2504.0,-7058.0,0.0,0,248.11,0.0,1,5.04,75.62,SPY200417P00322000,322.0,0,0.0,0.0,,0.0,normalDay
2020-03-13,2504.0,-5038.0,0.0,0,269.32,0.0,1,5.04,55.42,SPY200417P00322000,322.0,0,0.0,0.0,,0.0,normalDay
2020-03-16,2504.0,-7581.0,0.0,0,239.85,0.0,1,5.04,80.85,SPY200417P00322000,322.0,0,0.0,0.0,,0.0,normalDay
2020-03-17,2504.0,-6732.0,0.0,0,252.8,0.0,1,5.04,72.36,SPY200417P00322000,322.0,0,0.0,0.0,,0.0,normalDay
2020-03-18,2504.0,-7840.0,0.0,0,240.0,0.0,1,5.04,83.44,SPY200417P00322000,322.0,0,0.0,0.0,,0.0,normalDay
2020-03-19,2504.0,-7845.0,0.0,0,240.51,0.0,1,5.04,83.49,SPY200417P00322000,322.0,0,0.0,0.0,,0.0,normalDay
2020-03-20,2504.0,-8804.0,0.0,0,228.8,0.0,1,5.04,93.08,SPY200417P00322000,322.0,0,0.0,0.0,,0.0,normalDay
2020-03-23,2504.0,-9603.0,0.0,0,222.95,0.0,1,5.04,101.07,SPY200417P00322000,322.0,0,0.0,0.0,,0.0,normalDay
2020-03-24,2504.0,-7472.0,0.0,0,243.15,0.0,1,5.04,79.76,SPY200417P00322000,322.0,0,0.0,0.0,,0.0,normalDay
2020-03-25,2504.0,-7011.0,0.0,0,246.79,0.0,1,5.04,75.15,SPY200417P00322000,322.0,0,0.0,0.0,,0.0,normalDay
2020-03-26,2504.0,-5657.0,0.0,0,261.2,0.0,1,5.04,61.61,SPY200417P00322000,322.0,0,0.0,0.0,,0.0,normalDay
2020-03-27,2504.0,-6444.0,0.0,0,253.42,0.0,1,5.04,69.48,SPY200417P00322000,322.0,0,0.0,0.0,,0.0,normalDay
2020-03-30,2504.0,-5644.0,0.0,0,261.65,0.0,1,5.04,61.48,SPY200417P00322000,322.0,0,0.0,0.0,,0.0,normalDay
2020-03-31,2504.0,-6045.0,0.0,0,257.75,0.0,1,5.04,65.49,SPY200417P00322000,322.0,0,0.0,0.0,,0.0,normalDay
2020-04-01,2504.0,-7149.0,0.0,0,246.15,0.0,1,5.04,76.53,SPY200417P00322000,322.0,0,0.0,0.0,,0.0,normalDay
2020-04-02,2504.0,-6468.0,0.0,0,251.83,0.0,1,5.04,69.72,SPY200417P00322000,322.0,0,0.0,0.0,,0.0,normalDay
2020-04-03,2504.0,-6874.0,0.0,0,248.19,0.0,1,5.04,73.78,SPY200417P00322000,322.0,0,0.0,0.0,,0.0,normalDay
2020-04-06,2504.0,-5223.0,0.0,0,264.86,0.0,1,5.04,57.27,SPY200417P00322000,322.0,0,0.0,0.0,,0.0,normalDay
2020-04-07,2504.0,-5320.0,0.0,0,265.13,0.0,1,5.04,58.24,SPY200417P00322000,322.0,0,0.0,0.0,,0.0,normalDay
2020-04-08,2504.0,-4315.0,0.0,0,274.03,0.0,1,5.04,48.19,SPY200417P00322000,322.0,0,0.0,0.0,,0.0,normalDay
2020-04-09,2504.0,-3902.0,0.0,0,278.2,0.0,1,5.04,44.06,SPY200417P00322000,322.0,0,0.0,0.0,,0.0,normalDay
2020-04-13,2504.0,-4160.0,0.0,0,275.66,0.0,1,5.04,46.64,SPY200417P00322000,322.0,0,0.0,0.0,,0.0,normalDay
2020-04-14,2504.0,-3307.0,0.0,0,283.79,0.0,1,5.04,38.11,SPY200417P00322000,322.0,0,0.0,0.0,,0.0,normalDay
2020-04-15,2504.0,-3942.0,0.0,0,277.76,0.0,1,5.04,44.46,SPY200417P00322000,322.0,0,0.0,0.0,,0.0,normalDay
2020-04-16,2504.0,-3793.0,0.0,0,279.1,0.0,1,5.04,42.97,SPY200417P00322000,322.0,0,0.0,0.0,,0.0,normalDay
2020-04-17,3008.0,-3536.0,504.0,100,286.64,322.0,1,5.04,0.0,SPY200417P00322000,322.0,0,0.0,0.0,,0.0,expirationDay
2020-04-20,3008.0,-4166.0,0.0,100,281.59,322.0,0,0.0,0.0,,0.0,1,16.81,18.06,SPY210331C00307000,307.0,normalDay
2020-04-21,3008.0,-4769.0,0.0,100,273.04,322.0,0,0.0,0.0,,0.0,1,16.81,15.54,SPY210331C00307000,307.0,normalDay
2020-04-22,3008.0,-4346.0,0.0,100,279.1,322.0,0,0.0,0.0,,0.0,1,16.81,17.37,SPY210331C00307000,307.0,normalDay
2020-04-23,3008.0,-4336.0,0.0,100,279.08,322.0,0,0.0,0.0,,0.0,1,16.81,17.25,SPY210331C00307000,307.0,normalDay
2020-04-24,3008.0,-4016.0,0.0,100,282.97,322.0,0,0.0,0.0,,0.0,1,16.81,17.94,SPY210331C00307000,307.0,normalDay
2020-04-27,3008.0,-3679.0,0.0,100,287.05,322.0,0,0.0,0.0,,0.0,1,16.81,18.65,SPY210331C00307000,307.0,normalDay
2020-04-28,3008.0,-3728.0,0.0,100,285.73,322.0,0,0.0,0.0,,0.0,1,16.81,17.82,SPY210331C00307000,307.0,normalDay
2020-04-29,3008.0,-3287.0,0.0,100,293.21,322.0,0,0.0,0.0,,0.0,1,16.81,20.89,SPY210331C00307000,307.0,normalDay
2020-04-30,3008.0,-3400.0,0.0,100,290.48,322.0,0,0.0,0.0,,0.0,1,16.81,19.29,SPY210331C00307000,307.0,normalDay
2020-05-01,3008.0,-3936.0,0.0,100,282.79,322.0,0,0.0,0.0,,0.0,1,16.81,16.96,SPY210331C00307000,307.0,normalDay
2020-05-04,3008.0,-3818.0,0.0,100,283.57,322.0,0,0.0,0.0,,0.0,1,16.81,16.56,SPY210331C00307000,307.0,normalDay
2020-05-05,3008.0,-3687.0,0.0,100,286.19,322.0,0,0.0,0.0,,0.0,1,16.81,17.87,SPY210331C00307000,307.0,normalDay
2020-05-06,3008.0,-3774.0,0.0,100,284.25,322.0,0,0.0,0.0,,0.0,1,16.81,16.8,SPY210331C00307000,307.0,normalDay
2020-05-07,3008.0,-3572.0,0.0,100,287.68,322.0,0,0.0,0.0,,0.0,1,16.81,18.21,SPY210331C00307000,307.0,normalDay
2020-05-08,3008.0,-3238.0,0.0,100,292.44,322.0,0,0.0,0.0,,0.0,1,16.81,19.63,SPY210331C00307000,307.0,normalDay
2020-05-11,3008.0,-3132.0,0.0,100,292.5,322.0,0,0.0,0.0,,0.0,1,16.81,18.63,SPY210331C00307000,307.0,normalDay
2020-05-12,3008.0,-3466.0,0.0,100,286.67,322.0,0,0.0,0.0,,0.0,1,16.81,16.14,SPY210331C00307000,307.0,normalDay
2020-05-13,3008.0,-3891.0,0.0,100,281.6,322.0,0,0.0,0.0,,0.0,1,16.81,15.32,SPY210331C00307000,307.0,normalDay
2020-05-14,3008.0,-3645.0,0.0,100,284.97,322.0,0,0.0,0.0,,0.0,1,16.81,16.23,SPY210331C00307000,307.0,normalDay
2020-05-15,3008.0,-3502.0,0.0,100,286.28,322.0,0,0.0,0.0,,0.0,1,16.81,16.11,SPY210331C00307000,307.0,normalDay
2020-05-18,3008.0,-2971.0,0.0,100,295.0,322.0,0,0.0,0.0,,0.0,1,16.81,19.52,SPY210331C00307000,307.0,normalDay
2020-05-19,3008.0,-3168.0,0.0,100,291.97,322.0,0,0.0,0.0,,0.0,1,16.81,18.46,SPY210331C00307000,307.0,normalDay
2020-05-20,3008.0,-2881.0,0.0,100,296.93,322.0,0,0.0,0.0,,0.0,1,16.81,20.55,SPY210331C00307000,307.0,normalDay
2020-05-21,3008.0,-2989.0,0.0,100,294.88,322.0,0,0.0,0.0,,0.0,1,16.81,19.58,SPY210331C00307000,307.0,normalDay
2020-05-22,3008.0,-2971.0,0.0,100,295.44,322.0,0,0.0,0.0,,0.0,1,16.81,19.96,SPY210331C00307000,307.0,normalDay
2020-05-26,3008.0,-2746.0,0.0,100,299.08,322.0,0,0.0,0.0,,0.0,1,16.81,21.35,SPY210331C00307000,307.0,normalDay
2020-05-27,3008.0,-2499.0,0.0,100,303.53,322.0,0,0.0,0.0,,0.0,1,16.81,23.33,SPY210331C00307000,307.0,normalDay
2020-05-28,3008.0,-2590.0,0.0,100,302.97,322.0,0,0.0,0.0,,0.0,1,16.81,23.68,SPY210331C00307000,307.0,normalDay
2020-05-29,3008.0,-2513.0,0.0,100,304.32,322.0,0,0.0,0.0,,0.0,1,16.81,24.26,SPY210331C00307000,307.0,normalDay
2020-06-01,3008.0,-2396.0,0.0,100,305.55,322.0,0,0.0,0.0,,0.0,1,16.81,24.32,SPY210331C00307000,307.0,normalDay
2020-06-02,3008.0,-2257.0,0.0,100,308.08,322.0,0,0.0,0.0,,0.0,1,16.81,25.46,SPY210331C00307000,307.0,normalDay
2020-06-03,3008.0,-2111.0,0.0,100,312.18,322.0,0,0.0,0.0,,0.0,1,16.81,28.1,SPY210331C00307000,307.0,normalDay
2020-06-04,3008.0,-2150.0,0.0,100,311.36,322.0,0,0.0,0.0,,0.0,1,16.81,27.67,SPY210331C00307000,307.0,normalDay
2020-06-05,3008.0,-1770.0,0.0,100,319.34,322.0,0,0.0,0.0,,0.0,1,16.81,31.85,SPY210331C00307000,307.0,normalDay
2020-06-08,3008.0,-1615.0,0.0,100,323.2,322.0,0,0.0,0.0,,0.0,1,16.81,34.16,SPY210331C00307000,307.0,normalDay
2020-06-09,3008.0,-1847.0,0.0,100,320.79,322.0,0,0.0,0.0,,0.0,1,16.81,34.07,SPY210331C00307000,307.0,normalDay
2020-06-10,3008.0,-1843.0,0.0,100,319.0,322.0,0,0.0,0.0,,0.0,1,16.81,32.24,SPY210331C00307000,307.0,normalDay
2020-06-11,3008.0,-3000.0,0.0,100,300.61,322.0,0,0.0,0.0,,0.0,1,16.81,25.42,SPY210331C00307000,307.0,normalDay
2020-06-12,3008.0,-2690.0,0.0,100,304.21,322.0,0,0.0,0.0,,0.0,1,16.81,25.92,SPY210331C00307000,307.0,normalDay
2020-06-15,3008.0,-2542.0,0.0,100,307.05,322.0,0,0.0,0.0,,0.0,1,16.81,27.28,SPY210331C00307000,307.0,normalDay
2020-06-16,3008.0,-2308.0,0.0,100,312.96,322.0,0,0.0,0.0,,0.0,1,16.81,30.85,SPY210331C00307000,307.0,normalDay
2020-06-17,3008.0,-2405.0,0.0,100,311.66,322.0,0,0.0,0.0,,0.0,1,16.81,30.52,SPY210331C00307000,307.0,normalDay
2020-06-18,3008.0,-2386.0,0.0,100,311.78,322.0,0,0.0,0.0,,0.0,1,16.81,30.45,SPY210331C00307000,307.0,normalDay
2020-06-19,3008.0,-2558.0,0.0,100,308.64,322.0,0,0.0,0.0,,0.0,1,16.81,29.03,SPY210331C00307000,307.0,normalDay
2020-06-22,3008.0,-2442.0,0.0,100,310.62,322.0,0,0.0,0.0,,0.0,1,16.81,29.85,SPY210331C00307000,307.0,normalDay
2020-06-23,3008.0,-2324.0,0.0,100,312.05,322.0,0,0.0,0.0,,0.0,1,16.81,30.1,SPY210331C00307000,307.0,normalDay
2020-06-24,3008.0,-2790.0,0.0,100,304.09,322.0,0,0.0,0.0,,0.0,1,16.81,26.8,SPY210331C00307000,307.0,normalDay
2020-06-25,3008.0,-2542.0,0.0,100,307.35,322.0,0,0.0,0.0,,0.0,1,16.81,27.58,SPY210331C00307000,307.0,normalDay
2020-06-26,3008.0,-2948.0,0.0,100,300.05,322.0,0,0.0,0.0,,0.0,1,16.81,24.34,SPY210331C00307000,307.0,normalDay
2020-06-29,3008.0,-2603.0,0.0,100,304.46,322.0,0,0.0,0.0,,0.0,1,16.81,25.3,SPY210331C00307000,307.0,normalDay
2020-06-30,3008.0,-2393.0,0.0,100,308.36,322.0,0,0.0,0.0,,0.0,1,16.81,27.1,SPY210331C00307000,307.0,normalDay
2020-07-01,3008.0,-2235.0,0.0,100,310.52,322.0,0,0.0,0.0,,0.0,1,16.81,27.68,SPY210331C00307000,307.0,normalDay
2020-07-02,3008.0,-2183.0,0.0,100,312.23,322.0,0,0.0,0.0,,0.0,1,16.81,28.87,SPY210331C00307000,307.0,normalDay
2020-07-06,3008.0,-1970.0,0.0,100,317.05,322.0,0,0.0,0.0,,0.0,1,16.81,31.56,SPY210331C00307000,307.0,normalDay
2020-07-07,3008.0,-2113.0,0.0,100,313.78,322.0,0,0.0,0.0,,0.0,1,16.81,29.72,SPY210331C00307000,307.0,normalDay
2020-07-08,3008.0,-2006.0,0.0,100,316.18,322.0,0,0.0,0.0,,0.0,1,16.81,31.05,SPY210331C00307000,307.0,normalDay
2020-07-09,3008.0,-2104.0,0.0,100,314.38,322.0,0,0.0,0.0,,0.0,1,16.81,30.23,SPY210331C00307000,307.0,normalDay
2020-07-10,3008.0,-1962.0,0.0,100,317.59,322.0,0,0.0,0.0,,0.0,1,16.81,32.02,SPY210331C00307000,307.0,normalDay
2020-07-13,3008.0,-2183.0,0.0,100,314.84,322.0,0,0.0,0.0,,0.0,1,16.81,31.48,SPY210331C00307000,307.0,normalDay
2020-07-14,3008.0,-1928.0,0.0,100,318.92,322.0,0,0.0,0.0,,0.0,1,16.81,33.01,SPY210331C00307000,307.0,normalDay
2020-07-15,3008.0,-1822.0,0.0,100,321.85,322.0,0,0.0,0.0,,0.0,1,16.81,34.88,SPY210331C00307000,307.0,normalDay
2020-07-16,3008.0,-1772.0,0.0,100,320.79,322.0,0,0.0,0.0,,0.0,1,16.81,33.32,SPY210331C00307000,307.0,normalDay
2020-07-17,3008.0,-1774.0,0.0,100,321.72,322.0,0,0.0,0.0,,0.0,1,16.81,34.27,SPY210331C00307000,307.0,normalDay
2020-07-20,3008.0,-1612.0,0.0,100,324.32,322.0,0,0.0,0.0,,0.0,1,16.81,35.25,SPY210331C00307000,307.0,normalDay
2020-07-21,3008.0,-1608.0,0.0,100,325.01,322.0,0,0.0,0.0,,0.0,1,16.81,35.9,SPY210331C00307000,307.0,normalDay
2020-07-22,3008.0,-1516.0,0.0,100,326.86,322.0,0,0.0,0.0,,0.0,1,16.81,36.83,SPY210331C00307000,307.0,normalDay
2020-07-23,3008.0,-1625.0,0.0,100,322.96,322.0,0,0.0,0.0,,0.0,1,16.81,34.02,SPY210331C00307000,307.0,normalDay
2020-07-24,3008.0,-1747.0,0.0,100,320.88,322.0,0,0.0,0.0,,0.0,1,16.81,33.16,SPY210331C00307000,307.0,normalDay
2020-07-27,3008.0,-1634.0,0.0,100,323.22,322.0,0,0.0,0.0,,0.0,1,16.81,34.37,SPY210331C00307000,307.0,normalDay
2020-07-28,3008.0,-1729.0,0.0,100,321.17,322.0,0,0.0,0.0,,0.0,1,16.81,33.27,SPY210331C00307000,307.0,normalDay
2020-07-29,3008.0,-1569.0,0.0,100,325.12,322.0,0,0.0,0.0,,0.0,1,16.81,35.62,SPY210331C00307000,307.0,normalDay
2020-07-30,3008.0,-1687.0,0.0,100,323.96,322.0,0,0.0,0.0,,0.0,1,16.81,35.64,SPY210331C00307000,307.0,normalDay
2020-07-31,3008.0,-1570.0,0.0,100,326.52,322.0,0,0.0,0.0,,0.0,1,16.81,37.03,SPY210331C00307000,307.0,normalDay
2020-08-03,3008.0,-1462.0,0.0,100,328.79,322.0,0,0.0,0.0,,0.0,1,16.81,38.22,SPY210331C00307000,307.0,normalDay
2020-08-04,3008.0,-1392.0,0.0,100,330.06,322.0,0,0.0,0.0,,0.0,1,16.81,38.79,SPY210331C00307000,307.0,normalDay
2020-08-05,3008.0,-1320.0,0.0,100,332.11,322.0,0,0.0,0.0,,0.0,1,16.81,40.12,SPY210331C00307000,307.0,normalDay
2020-08-06,3008.0,-1268.0,0.0,100,334.33,322.0,0,0.0,0.0,,0.0,1,16.81,41.82,SPY210331C00307000,307.0,normalDay
2020-08-07,3008.0,-1264.0,0.0,100,334.57,322.0,0,0.0,0.0,,0.0,1,16.81,42.02,SPY210331C00307000,307.0,normalDay
2020-08-10,3008.0,-1203.0,0.0,100,335.57,322.0,0,0.0,0.0,,0.0,1,16.81,42.41,SPY210331C00307000,307.0,normalDay
2020-08-11,3008.0,-1336.0,0.0,100,332.8,322.0,0,0.0,0.0,,0.0,1,16.81,40.97,SPY210331C00307000,307.0,normalDay
2020-08-12,3008.0,-1156.0,0.0,100,337.44,322.0,0,0.0,0.0,,0.0,1,16.81,43.81,SPY210331C00307000,307.0,normalDay
2020-08-13,3008.0,-1170.0,0.0,100,336.83,322.0,0,0.0,0.0,,0.0,1,16.81,43.34,SPY210331C00307000,307.0,normalDay
2020-08-14,3008.0,-1194.0,0.0,100,336.84,322.0,0,0.0,0.0,,0.0,1,16.81,43.59,SPY210331C00307000,307.0,normalDay
2020-08-17,3008.0,-1124.0,0.0,100,337.91,322.0,0,0.0,0.0,,0.0,1,16.81,43.96,SPY210331C00307000,307.0,normalDay
2020-08-18,3008.0,-1085.0,0.0,100,338.64,322.0,0,0.0,0.0,,0.0,1,16.81,44.3,SPY210331C00307000,307.0,normalDay
2020-08-19,3008.0,-1162.0,0.0,100,337.23,322.0,0,0.0,0.0,,0.0,1,16.81,43.66,SPY210331C00307000,307.0,normalDay
2020-08-20,3008.0,-1109.0,0.0,100,338.28,322.0,0,0.0,0.0,,0.0,1,16.81,44.18,SPY210331C00307000,307.0,normalDay
2020-08-21,3008.0,-1107.0,0.0,100,339.48,322.0,0,0.0,0.0,,0.0,1,16.81,45.36,SPY210331C00307000,307.0,normalDay
2020-08-24,3008.0,-1010.0,0.0,100,342.92,322.0,0,0.0,0.0,,0.0,1,16.81,47.83,SPY210331C00307000,307.0,normalDay
2020-08-25,3008.0,-999.0,0.0,100,344.12,322.0,0,0.0,0.0,,0.0,1,16.81,48.92,SPY210331C00307000,307.0,normalDay
2020-08-26,3008.0,-982.0,0.0,100,347.57,322.0,0,0.0,0.0,,0.0,1,16.81,52.2,SPY210331C00307000,307.0,normalDay
2020-08-27,3008.0,-994.0,0.0,100,348.33,322.0,0,0.0,0.0,,0.0,1,16.81,53.08,SPY210331C00307000,307.0,normalDay
2020-08-28,3008.0,-920.0,0.0,100,350.58,322.0,0,0.0,0.0,,0.0,1,16.81,54.59,SPY210331C00307000,307.0,normalDay
2020-08-31,3008.0,-1081.0,0.0,100,349.31,322.0,0,0.0,0.0,,0.0,1,16.81,54.93,SPY210331C00307000,307.0,normalDay
2020-09-01,3008.0,-973.0,0.0,100,352.6,322.0,0,0.0,0.0,,0.0,1,16.81,57.14,SPY210331C00307000,307.0,normalDay
2020-09-02,3008.0,-989.0,0.0,100,357.7,322.0,0,0.0,0.0,,0.0,1,16.81,62.4,SPY210331C00307000,307.0,normalDay
2020-09-03,3008.0,-1392.0,0.0,100,345.39,322.0,0,0.0,0.0,,0.0,1,16.81,54.12,SPY210331C00307000,307.0,normalDay
2020-09-04,3008.0,-1265.0,0.0,100,342.57,322.0,0,0.0,0.0,,0.0,1,16.81,50.03,SPY210331C00307000,307.0,normalDay
2020-09-08,3008.0,-1443.0,0.0,100,333.21,322.0,0,0.0,0.0,,0.0,1,16.81,42.45,SPY210331C00307000,307.0,normalDay
2020-09-09,3008.0,-1153.0,0.0,100,339.79,322.0,0,0.0,0.0,,0.0,1,16.81,46.13,SPY210331C00307000,307.0,normalDay
2020-09-10,3008.0,-1351.0,0.0,100,333.89,322.0,0,0.0,0.0,,0.0,1,16.81,42.21,SPY210331C00307000,307.0,normalDay
2020-09-11,3008.0,-1208.0,0.0,100,334.06,322.0,0,0.0,0.0,,0.0,1,16.81,40.95,SPY210331C00307000,307.0,normalDay
2020-09-14,3008.0,-1112.0,0.0,100,338.46,322.0,0,0.0,0.0,,0.0,1,16.81,44.39,SPY210331C00307000,307.0,normalDay
2020-09-15,3008.0,-1090.0,0.0,100,340.17,322.0,0,0.0,0.0,,0.0,1,16.81,45.88,SPY210331C00307000,307.0,normalDay
2020-09-16,3008.0,-1095.0,0.0,100,338.82,322.0,0,0.0,0.0,,0.0,1,16.81,44.58,SPY210331C00307000,307.0,normalDay
2020-09-17,3008.0,-1220.0,0.0,100,335.84,322.0,0,0.0,0.0,,0.0,1,16.81,42.85,SPY210331C00307000,307.0,normalDay
2020-09-18,3008.0,-1391.0,0.0,100,330.65,322.0,0,0.0,0.0,,0.0,1,16.81,39.37,SPY210331C00307000,307.0,normalDay
2020-09-21,3008.0,-1546.0,0.0,100,326.97,322.0,0,0.0,0.0,,0.0,1,16.81,37.24,SPY210331C00307000,307.0,normalDay
2020-09-22,3008.0,-1423.0,0.0,100,330.3,322.0,0,0.0,0.0,,0.0,1,16.81,39.34,SPY210331C00307000,307.0,normalDay
2020-09-23,3008.0,-1704.0,0.0,100,322.64,322.0,0,0.0,0.0,,0.0,1,16.81,34.49,SPY210331C00307000,307.0,normalDay
2020-09-24,3008.0,-1669.0,0.0,100,323.5,322.0,0,0.0,0.0,,0.0,1,16.81,35.0,SPY210331C00307000,307.0,normalDay
2020-09-25,3008.0,-1453.0,0.0,100,328.73,322.0,0,0.0,0.0,,0.0,1,16.81,38.07,SPY210331C00307000,307.0,normalDay
2020-09-28,3008.0,-1297.0,0.0,100,334.19,322.0,0,0.0,0.0,,0.0,1,16.81,41.97,SPY210331C00307000,307.0,normalDay
2020-09-29,3008.0,-1375.0,0.0,100,332.37,322.0,0,0.0,0.0,,0.0,1,16.81,40.93,SPY210331C00307000,307.0,normalDay
2020-09-30,3008.0,-1174.0,0.0,100,334.89,322.0,0,0.0,0.0,,0.0,1,16.81,41.44,SPY210331C00307000,307.0,normalDay
2020-10-01,3008.0,-1234.0,0.0,100,337.04,322.0,0,0.0,0.0,,0.0,1,16.81,44.19,SPY210331C00307000,307.0,normalDay
2020-10-02,3008.0,-1334.0,0.0,100,333.84,322.0,0,0.0,0.0,,0.0,1,16.81,41.99,SPY210331C00307000,307.0,normalDay
2020-10-05,3008.0,-1101.0,0.0,100,339.76,322.0,0,0.0,0.0,,0.0,1,16.81,45.58,SPY210331C00307000,307.0,normalDay
2020-10-06,3008.0,-1271.0,0.0,100,334.93,322.0,0,0.0,0.0,,0.0,1,16.81,42.45,SPY210331C00307000,307.0,normalDay
2020-10-07,3008.0,-1035.0,0.0,100,340.76,322.0,0,0.0,0.0,,0.0,1,16.81,45.92,SPY210331C00307000,307.0,normalDay
2020-10-08,3008.0,-924.0,0.0,100,343.78,322.0,0,0.0,0.0,,0.0,1,16.81,47.83,SPY210331C00307000,307.0,normalDay
2020-10-09,3008.0,-814.0,0.0,100,346.85,322.0,0,0.0,0.0,,0.0,1,16.81,49.8,SPY210331C00307000,307.0,normalDay
2020-10-12,3008.0,-722.0,0.0,100,352.43,322.0,0,0.0,0.0,,0.0,1,16.81,54.46,SPY210331C00307000,307.0,normalDay
2020-10-13,3008.0,-741.0,0.0,100,350.13,322.0,0,0.0,0.0,,0.0,1,16.81,52.35,SPY210331C00307000,307.0,normalDay
2020-10-14,3008.0,-751.0,0.0,100,347.93,322.0,0,0.0,0.0,,0.0,1,16.81,50.25,SPY210331C00307000,307.0,normalDay
2020-10-15,3008.0,-778.0,0.0,100,347.5,322.0,0,0.0,0.0,,0.0,1,16.81,50.09,SPY210331C00307000,307.0,normalDay
2020-10-16,3008.0,-735.0,0.0,100,347.29,322.0,0,0.0,0.0,,0.0,1,16.81,49.45,SPY210331C00307000,307.0,normalDay
2020-10-19,3008.0,-952.0,0.0,100,342.01,322.0,0,0.0,0.0,,0.0,1,16.81,46.34,SPY210331C00307000,307.0,normalDay
2020-10-20,3008.0,-863.0,0.0,100,343.38,322.0,0,0.0,0.0,,0.0,1,16.81,46.82,SPY210331C00307000,307.0,normalDay
2020-10-21,3008.0,-902.0,0.0,100,342.73,322.0,0,0.0,0.0,,0.0,1,16.81,46.56,SPY210331C00307000,307.0,normalDay
2020-10-22,3008.0,-793.0,0.0,100,344.61,322.0,0,0.0,0.0,,0.0,1,16.81,47.35,SPY210331C00307000,307.0,normalDay
2020-10-23,3008.0,-721.0,0.0,100,345.78,322.0,0,0.0,0.0,,0.0,1,16.81,47.8,SPY210331C00307000,307.0,normalDay
2020-10-26,3008.0,-1012.0,0.0,100,339.39,322.0,0,0.0,0.0,,0.0,1,16.81,44.32,SPY210331C00307000,307.0,normalDay
2020-10-27,3008.0,-1017.0,0.0,100,338.22,322.0,0,0.0,0.0,,0.0,1,16.81,43.2,SPY210331C00307000,307.0,normalDay
2020-10-28,3008.0,-1501.0,0.0,100,326.66,322.0,0,0.0,0.0,,0.0,1,16.81,36.48,SPY210331C00307000,307.0,normalDay
2020-10-29,3008.0,-1357.0,0.0,100,329.98,322.0,0,0.0,0.0,,0.0,1,16.81,38.36,SPY210331C00307000,307.0,normalDay
2020-10-30,3008.0,-1467.0,0.0,100,326.54,322.0,0,0.0,0.0,,0.0,1,16.81,36.02,SPY210331C00307000,307.0,normalDay
2020-11-02,3008.0,-1239.0,0.0,100,330.2,322.0,0,0.0,0.0,,0.0,1,16.81,37.4,SPY210331C00307000,307.0,normalDay
2020-11-03,3008.0,-939.0,0.0,100,336.03,322.0,0,0.0,0.0,,0.0,1,16.81,40.23,SPY210331C00307000,307.0,normalDay
2020-11-04,3008.0,-762.0,0.0,100,343.54,322.0,0,0.0,0.0,,0.0,1,16.81,45.97,SPY210331C00307000,307.0,normalDay
2020-11-05,3008.0,-669.0,0.0,100,350.24,322.0,0,0.0,0.0,,0.0,1,16.81,51.74,SPY210331C00307000,307.0,normalDay
2020-11-06,3008.0,-594.0,0.0,100,350.16,322.0,0,0.0,0.0,,0.0,1,16.81,50.91,SPY210331C00307000,307.0,normalDay
2020-11-09,3008.0,-591.0,0.0,100,354.56,322.0,0,0.0,0.0,,0.0,1,16.81,55.28,SPY210331C00307000,307.0,normalDay
2020-11-10,3008.0,-542.0,0.0,100,354.04,322.0,0,0.0,0.0,,0.0,1,16.81,54.27,SPY210331C00307000,307.0,normalDay
2020-11-11,3008.0,-457.0,0.0,100,356.67,322.0,0,0.0,0.0,,0.0,1,16.81,56.05,SPY210331C00307000,307.0,normalDay
2020-11-12,3008.0,-539.0,0.0,100,353.21,322.0,0,0.0,0.0,,0.0,1,16.81,53.41,SPY210331C00307000,307.0,normalDay
2020-11-13,3008.0,-399.0,0.0,100,358.1,322.0,0,0.0,0.0,,0.0,1,16.81,56.9,SPY210331C00307000,307.0,normalDay
2020-11-16,3008.0,-328.0,0.0,100,362.57,322.0,0,0.0,0.0,,0.0,1,16.81,60.66,SPY210331C00307000,307.0,normalDay
2020-11-17,3008.0,-353.0,0.0,100,360.62,322.0,0,0.0,0.0,,0.0,1,16.81,58.96,SPY210331C00307000,307.0,normalDay
2020-11-18,3008.0,-425.0,0.0,100,356.28,322.0,0,0.0,0.0,,0.0,1,16.81,55.34,SPY210331C00307000,307.0,normalDay
2020-11-19,3008.0,-373.0,0.0,100,357.78,322.0,0,0.0,0.0,,0.0,1,16.81,56.32,SPY210331C00307000,307.0,normalDay
2020-11-20,3008.0,-373.0,0.0,100,355.33,322.0,0,0.0,0.0,,0.0,1,16.81,53.87,SPY210331C00307000,307.0,normalDay
2020-11-23,3008.0,-334.0,0.0,100,357.46,322.0,0,0.0,0.0,,0.0,1,16.81,55.61,SPY210331C00307000,307.0,normalDay
2020-11-24,3008.0,-267.0,0.0,100,363.22,322.0,0,0.0,0.0,,0.0,1,16.81,60.7,SPY210331C00307000,307.0,normalDay
2020-11-25,3008.0,-226.0,0.0,100,362.66,322.0,0,0.0,0.0,,0.0,1,16.81,59.73,SPY210331C00307000,307.0,normalDay
2020-11-27,3008.0,-248.0,0.0,100,363.67,322.0,0,0.0,0.0,,0.0,1,16.81,60.96,SPY210331C00307000,307.0,normalDay
2020-11-30,3008.0,-289.0,0.0,100,362.06,322.0,0,0.0,0.0,,0.0,1,16.81,59.76,SPY210331C00307000,307.0,normalDay
2020-12-01,3008.0,-178.0,0.0,100,366.02,322.0,0,0.0,0.0,,0.0,1,16.81,62.61,SPY210331C00307000,307.0,normalDay
2020-12-02,3008.0,-170.0,0.0,100,366.79,322.0,0,0.0,0.0,,0.0,1,16.81,63.3,SPY210331C00307000,307.0,normalDay
2020-12-03,3008.0,-150.0,0.0,100,366.69,322.0,0,0.0,0.0,,0.0,1,16.81,63.0,SPY210331C00307000,307.0,normalDay
2020-12-04,3008.0,-87.0,0.0,100,369.85,322.0,0,0.0,0.0,,0.0,1,16.81,65.53,SPY210331C00307000,307.0,normalDay
2020-12-07,3008.0,-103.0,0.0,100,369.09,322.0,0,0.0,0.0,,0.0,1,16.81,64.93,SPY210331C00307000,307.0,normalDay
2020-12-08,3008.0,-104.0,0.0,100,370.17,322.0,0,0.0,0.0,,0.0,1,16.81,66.02,SPY210331C00307000,307.0,normalDay
2020-12-09,3008.0,-135.0,0.0,100,366.85,322.0,0,0.0,0.0,,0.0,1,16.81,63.01,SPY210331C00307000,307.0,normalDay
2020-12-10,3008.0,-130.0,0.0,100,366.73,322.0,0,0.0,0.0,,0.0,1,16.81,62.84,SPY210331C00307000,307.0,normalDay
2020-12-11,3008.0,-169.0,0.0,100,366.3,322.0,0,0.0,0.0,,0.0,1,16.81,62.8,SPY210331C00307000,307.0,normalDay
2020-12-14,3008.0,-256.0,0.0,100,364.66,322.0,0,0.0,0.0,,0.0,1,16.81,62.03,SPY210331C00307000,307.0,normalDay
2020-12-15,3008.0,-110.0,0.0,100,369.59,322.0,0,0.0,0.0,,0.0,1,16.81,65.5,SPY210331C00307000,307.0,normalDay
2020-12-16,3008.0,-115.0,0.0,100,370.17,322.0,0,0.0,0.0,,0.0,1,16.81,66.13,SPY210331C00307000,307.0,normalDay
2020-12-17,3008.0,-104.0,0.0,100,372.24,322.0,0,0.0,0.0,,0.0,1,16.81,68.09,SPY210331C00307000,307.0,normalDay
2020-12-18,3008.0,-312.0,0.0,100,369.18,322.0,0,0.0,0.0,,0.0,1,16.81,67.11,SPY210331C00307000,307.0,normalDay
2020-12-21,3008.0,-268.0,0.0,100,367.86,322.0,0,0.0,0.0,,0.0,1,16.81,65.35,SPY210331C00307000,307.0,normalDay
2020-12-22,3008.0,-243.0,0.0,100,367.24,322.0,0,0.0,0.0,,0.0,1,16.81,64.48,SPY210331C00307000,307.0,normalDay
2020-12-23,3008.0,-199.0,0.0,100,367.57,322.0,0,0.0,0.0,,0.0,1,16.81,64.37,SPY210331C00307000,307.0,normalDay
2020-12-24,3008.0,-166.0,0.0,100,369.0,322.0,0,0.0,0.0,,0.0,1,16.81,65.47,SPY210331C00307000,307.0,normalDay
2020-12-28,3008.0,-160.0,0.0,100,372.17,322.0,0,0.0,0.0,,0.0,1,16.81,68.58,SPY210331C00307000,307.0,normalDay
2020-12-29,3008.0,-184.0,0.0,100,371.46,322.0,0,0.0,0.0,,0.0,1,16.81,68.11,SPY210331C00307000,307.0,normalDay
2020-12-30,3008.0,-126.0,0.0,100,371.99,322.0,0,0.0,0.0,,0.0,1,16.81,68.06,SPY210331C00307000,307.0,normalDay
2020-12-31,3008.0,-165.0,0.0,100,373.88,322.0,0,0.0,0.0,,0.0,1,16.81,70.34,SPY210331C00307000,307.0,normalDay
2021-01-04,3008.0,-205.0,0.0,100,368.79,322.0,0,0.0,0.0,,0.0,1,16.81,65.65,SPY210331C00307000,307.0,normalDay
2021-01-05,3008.0,-139.0,0.0,100,371.33,322.0,0,0.0,0.0,,0.0,1,16.81,67.53,SPY210331C00307000,307.0,normalDay
2021-01-06,3008.0,-147.0,0.0,100,373.55,322.0,0,0.0,0.0,,0.0,1,16.81,69.83,SPY210331C00307000,307.0,normalDay
2021-01-07,3008.0,-43.0,0.0,100,379.1,322.0,0,0.0,0.0,,0.0,1,16.81,74.34,SPY210331C00307000,307.0,normalDay
2021-01-08,3008.0,-72.0,0.0,100,381.26,322.0,0,0.0,0.0,,0.0,1,16.81,76.79,SPY210331C00307000,307.0,normalDay
2021-01-11,3008.0,-109.0,0.0,100,378.69,322.0,0,0.0,0.0,,0.0,1,16.81,74.59,SPY210331C00307000,307.0,normalDay
2021-01-12,3008.0,-47.0,0.0,100,378.77,322.0,0,0.0,0.0,,0.0,1,16.81,74.05,SPY210331C00307000,307.0,normalDay
2021-01-13,3008.0,-56.0,0.0,100,379.79,322.0,0,0.0,0.0,,0.0,1,16.81,75.16,SPY210331C00307000,307.0,normalDay
2021-01-14,3008.0,-67.0,0.0,100,378.46,322.0,0,0.0,0.0,,0.0,1,16.81,73.94,SPY210331C00307000,307.0,normalDay
2021-01-15,3008.0,-2.0,0.0,100,375.7,322.0,0,0.0,0.0,,0.0,1,16.81,70.53,SPY210331C00307000,307.0,normalDay
2021-01-19,3008.0,-30.0,0.0,100,378.65,322.0,0,0.0,0.0,,0.0,1,16.81,73.76,SPY210331C00307000,307.0,normalDay
2021-01-20,3008.0,-5.0,0.0,100,383.89,322.0,0,0.0,0.0,,0.0,1,16.81,78.75,SPY210331C00307000,307.0,normalDay
2021-01-21,3008.0,20.0,0.0,100,384.24,322.0,0,0.0,0.0,,0.0,1,16.81,78.85,SPY210331C00307000,307.0,normalDay
2021-01-22,3008.0,11.0,0.0,100,382.88,322.0,0,0.0,0.0,,0.0,1,16.81,77.58,SPY210331C00307000,307.0,normalDay
2021-01-25,3008.0,14.0,0.0,100,384.39,322.0,0,0.0,0.0,,0.0,1,16.81,79.06,SPY210331C00307000,307.0,normalDay
2021-01-26,3008.0,-45.0,0.0,100,383.79,322.0,0,0.0,0.0,,0.0,1,16.81,79.05,SPY210331C00307000,307.0,normalDay
2021-01-27,3008.0,-111.0,0.0,100,374.41,322.0,0,0.0,0.0,,0.0,1,16.81,70.33,SPY210331C00307000,307.0,normalDay
2021-01-28,3008.0,-120.0,0.0,100,377.63,322.0,0,0.0,0.0,,0.0,1,16.81,73.64,SPY210331C00307000,307.0,normalDay
2021-01-29,3008.0,-151.0,0.0,100,370.07,322.0,0,0.0,0.0,,0.0,1,16.81,66.39,SPY210331C00307000,307.0,normalDay
2021-02-01,3008.0,-24.0,0.0,100,376.23,322.0,0,0.0,0.0,,0.0,1,16.81,71.28,SPY210331C00307000,307.0,normalDay
2021-02-02,3008.0,-71.0,0.0,100,381.55,322.0,0,0.0,0.0,,0.0,1,16.81,77.07,SPY210331C00307000,307.0,normalDay
2021-02-03,3008.0,-18.0,0.0,100,381.85,322.0,0,0.0,0.0,,0.0,1,16.81,76.84,SPY210331C00307000,307.0,normalDay
2021-02-04,3008.0,59.0,0.0,100,386.19,322.0,0,0.0,0.0,,0.0,1,16.81,80.41,SPY210331C00307000,307.0,normalDay
2021-02-05,3008.0,57.0,0.0,100,387.71,322.0,0,0.0,0.0,,0.0,1,16.81,81.95,SPY210331C00307000,307.0,normalDay
2021-02-08,3008.0,88.0,0.0,100,390.51,322.0,0,0.0,0.0,,0.0,1,16.81,84.44,SPY210331C00307000,307.0,normalDay
2021-02-09,3008.0,45.0,0.0,100,390.25,322.0,0,0.0,0.0,,0.0,1,16.81,84.61,SPY210331C00307000,307.0,normalDay
2021-02-10,3008.0,64.0,0.0,100,390.08,322.0,0,0.0,0.0,,0.0,1,16.81,84.25,SPY210331C00307000,307.0,normalDay
2021-02-11,3008.0,108.0,0.0,100,390.71,322.0,0,0.0,0.0,,0.0,1,16.81,84.44,SPY210331C00307000,307.0,normalDay
2021-02-12,3008.0,74.0,0.0,100,392.64,322.0,0,0.0,0.0,,0.0,1,16.81,86.71,SPY210331C00307000,307.0,normalDay
2021-02-16,3008.0,110.0,0.0,100,392.3,322.0,0,0.0,0.0,,0.0,1,16.81,86.01,SPY210331C00307000,307.0,normalDay
2021-02-17,3008.0,107.0,0.0,100,392.39,322.0,0,0.0,0.0,,0.0,1,16.81,86.13,SPY210331C00307000,307.0,normalDay
2021-02-18,3008.0,102.0,0.0,100,390.72,322.0,0,0.0,0.0,,0.0,1,16.81,84.51,SPY210331C00307000,307.0,normalDay
2021-02-19,3008.0,131.0,0.0,100,390.03,322.0,0,0.0,0.0,,0.0,1,16.81,83.53,SPY210331C00307000,307.0,normalDay
2021-02-22,3008.0,98.0,0.0,100,387.03,322.0,0,0.0,0.0,,0.0,1,16.81,80.86,SPY210331C00307000,307.0,normalDay
2021-02-23,3008.0,121.0,0.0,100,387.5,322.0,0,0.0,0.0,,0.0,1,16.81,81.1,SPY210331C00307000,307.0,normalDay
2021-02-24,3008.0,109.0,0.0,100,391.77,322.0,0,0.0,0.0,,0.0,1,16.81,85.49,SPY210331C00307000,307.0,normalDay
2021-02-25,3008.0,-24.0,0.0,100,382.33,322.0,0,0.0,0.0,,0.0,1,16.81,77.38,SPY210331C00307000,307.0,normalDay
2021-02-26,3008.0,55.0,0.0,100,380.36,322.0,0,0.0,0.0,,0.0,1,16.81,74.62,SPY210331C00307000,307.0,normalDay
2021-03-01,3008.0,150.0,0.0,100,389.58,322.0,0,0.0,0.0,,0.0,1,16.81,82.89,SPY210331C00307000,307.0,normalDay
2021-03-02,3008.0,140.0,0.0,100,386.54,322.0,0,0.0,0.0,,0.0,1,16.81,79.95,SPY210331C00307000,307.0,normalDay
2021-03-03,3008.0,123.0,0.0,100,381.42,322.0,0,0.0,0.0,,0.0,1,16.81,75.0,SPY210331C00307000,307.0,normalDay
2021-03-04,3008.0,78.0,0.0,100,376.7,322.0,0,0.0,0.0,,0.0,1,16.81,70.73,SPY210331C00307000,307.0,normalDay
2021-03-05,3008.0,123.0,0.0,100,383.63,322.0,0,0.0,0.0,,0.0,1,16.81,77.21,SPY210331C00307000,307.0,normalDay
2021-03-08,3008.0,97.0,0.0,100,381.72,322.0,0,0.0,0.0,,0.0,1,16.81,75.56,SPY210331C00307000,307.0,normalDay
2021-03-09,3008.0,143.0,0.0,100,387.17,322.0,0,0.0,0.0,,0.0,1,16.81,80.55,SPY210331C00307000,307.0,normalDay
2021-03-10,3008.0,98.0,0.0,100,389.58,322.0,0,0.0,0.0,,0.0,1,16.81,83.41,SPY210331C00307000,307.0,normalDay
2021-03-11,3008.0,171.0,0.0,100,393.53,322.0,0,0.0,0.0,,0.0,1,16.81,86.63,SPY210331C00307000,307.0,normalDay
2021-03-12,3008.0,125.0,0.0,100,394.06,322.0,0,0.0,0.0,,0.0,1,16.81,87.62,SPY210331C00307000,307.0,normalDay
2021-03-15,3008.0,135.0,0.0,100,396.41,322.0,0,0.0,0.0,,0.0,1,16.81,89.87,SPY210331C00307000,307.0,normalDay
2021-03-16,3008.0,161.0,0.0,100,395.91,322.0,0,0.0,0.0,,0.0,1,16.81,89.11,SPY210331C00307000,307.0,normalDay
2021-03-17,3008.0,176.0,0.0,100,397.26,322.0,0,0.0,0.0,,0.0,1,16.81,90.31,SPY210331C00307000,307.0,normalDay
2021-03-18,3008.0,84.0,0.0,100,391.48,322.0,0,0.0,0.0,,0.0,1,16.81,85.45,SPY210331C00307000,307.0,normalDay
2021-03-19,3008.0,173.0,0.0,100,389.48,322.0,0,0.0,0.0,,0.0,1,16.81,82.56,SPY210331C00307000,307.0,normalDay
2021-03-22,3008.0,149.0,0.0,100,392.59,322.0,0,0.0,0.0,,0.0,1,16.81,85.91,SPY210331C00307000,307.0,normalDay
2021-03-23,3008.0,138.0,0.0,100,389.5,322.0,0,0.0,0.0,,0.0,1,16.81,82.93,SPY210331C00307000,307.0,normalDay
2021-03-24,3008.0,154.0,0.0,100,387.52,322.0,0,0.0,0.0,,0.0,1,16.81,80.79,SPY210331C00307000,307.0,normalDay
2021-03-25,3008.0,156.0,0.0,100,389.7,322.0,0,0.0,0.0,,0.0,1,16.81,82.95,SPY210331C00307000,307.0,normalDay
2021-03-26,3008.0,189.0,0.0,100,395.98,322.0,0,0.0,0.0,,0.0,1,16.81,88.9,SPY210331C00307000,307.0,normalDay
2021-03-29,3008.0,184.0,0.0,100,395.78,322.0,0,0.0,0.0,,0.0,1,16.81,88.75,SPY210331C00307000,307.0,normalDay
2021-03-30,3008.0,205.0,0.0,100,394.73,322.0,0,0.0,0.0,,0.0,1,16.81,87.49,SPY210331C00307000,307.0,normalDay
2021-03-31,3189.0,205.0,181.0,0,396.33,0.0,0,0.0,0.0,,0.0,1,16.81,0.0,SPY210331C00307000,307.0,expirationDay
2021-04-01,3189.0,-5.0,0.0,0,400.61,0.0,1,7.72,7.77,SPY210618P00388000,388.0,0,0.0,0.0,,0.0,normalDay
2021-04-05,3189.0,141.0,0.0,0,406.36,0.0,1,7.72,6.31,SPY210618P00388000,388.0,0,0.0,0.0,,0.0,normalDay
2021-04-06,3189.0,129.0,0.0,0,406.12,0.0,1,7.72,6.43,SPY210618P00388000,388.0,0,0.0,0.0,,0.0,normalDay
2021-04-07,3189.0,172.0,0.0,0,406.59,0.0,1,7.72,6.0,SPY210618P00388000,388.0,0,0.0,0.0,,0.0,normalDay
2021-04-08,3189.0,207.0,0.0,0,408.52,0.0,1,7.72,5.65,SPY210618P00388000,388.0,0,0.0,0.0,,0.0,normalDay
2021-04-09,3189.0,247.0,0.0,0,411.49,0.0,1,7.72,5.25,SPY210618P00388000,388.0,0,0.0,0.0,,0.0,normalDay
2021-04-12,3189.0,273.0,0.0,0,411.64,0.0,1,7.72,4.99,SPY210618P00388000,388.0,0,0.0,0.0,,0.0,normalDay
2021-04-13,3189.0,312.0,0.0,0,412.86,0.0,1,7.72,4.6,SPY210618P00388000,388.0,0,0.0,0.0,,0.0,normalDay
2021-04-14,3189.0,289.0,0.0,0,411.45,0.0,1,7.72,4.83,SPY210618P00388000,388.0,0,0.0,0.0,,0.0,normalDay
2021-04-15,3189.0,364.0,0.0,0,415.87,0.0,1,7.72,4.08,SPY210618P00388000,388.0,0,0.0,0.0,,0.0,normalDay
2021-04-16,3189.0,389.0,0.0,0,417.26,0.0,1,7.72,3.83,SPY210618P00388000,388.0,0,0.0,0.0,,0.0,normalDay
2021-04-19,3189.0,343.0,0.0,0,415.21,0.0,1,7.72,4.29,SPY210618P00388000,388.0,0,0.0,0.0,,0.0,normalDay
2021-04-20,3189.0,257.0,0.0,0,412.17,0.0,1,7.72,5.15,SPY210618P00388000,388.0,0,0.0,0.0,,0.0,normalDay
2021-04-21,3189.0,365.0,0.0,0,416.07,0.0,1,7.72,4.07,SPY210618P00388000,388.0,0,0.0,0.0,,0.0,normalDay
2021-04-22,3189.0,270.0,0.0,0,412.27,0.0,1,7.72,5.02,SPY210618P00388000,388.0,0,0.0,0.0,,0.0,normalDay
2021-04-23,3189.0,387.0,0.0,0,416.74,0.0,1,7.72,3.85,SPY210618P00388000,388.0,0,0.0,0.0,,0.0,normalDay
2021-04-26,3189.0,421.0,0.0,0,417.61,0.0,1,7.72,3.51,SPY210618P00388000,388.0,0,0.0,0.0,,0.0,normalDay
2021-04-27,3189.0,431.0,0.0,0,417.52,0.0,1,7.72,3.41,SPY210618P00388000,388.0,0,0.0,0.0,,0.0,normalDay
2021-04-28,3189.0,453.0,0.0,0,417.4,0.0,1,7.72,3.19,SPY210618P00388000,388.0,0,0.0,0.0,,0.0,normalDay
2021-04-29,3189.0,474.0,0.0,0,420.06,0.0,1,7.72,2.98,SPY210618P00388000,388.0,0,0.0,0.0,,0.0,normalDay
2021-04-30,3189.0,431.0,0.0,0,417.3,0.0,1,7.72,3.41,SPY210618P00388000,388.0,0,0.0,0.0,,0.0,normalDay
2021-05-03,3189.0,469.0,0.0,0,418.2,0.0,1,7.72,3.03,SPY210618P00388000,388.0,0,0.0,0.0,,0.0,normalDay
2021-05-04,3189.0,410.0,0.0,0,415.62,0.0,1,7.72,3.62,SPY210618P00388000,388.0,0,0.0,0.0,,0.0,normalDay
2021-05-05,3189.0,430.0,0.0,0,415.75,0.0,1,7.72,3.42,SPY210618P00388000,388.0,0,0.0,0.0,,0.0,normalDay
2021-05-06,3189.0,498.0,0.0,0,419.07,0.0,1,7.72,2.74,SPY210618P00388000,388.0,0,0.0,0.0,,0.0,normalDay
2021-05-07,3189.0,563.0,0.0,0,422.12,0.0,1,7.72,2.09,SPY210618P00388000,388.0,0,0.0,0.0,,0.0,normalDay
2021-05-10,3189.0,486.0,0.0,0,417.94,0.0,1,7.72,2.86,SPY210618P00388000,388.0,0,0.0,0.0,,0.0,normalDay
2021-05-11,3189.0,403.0,0.0,0,414.21,0.0,1,7.72,3.69,SPY210618P00388000,388.0,0,0.0,0.0,,0.0,normalDay
2021-05-12,3189.0,101.0,0.0,0,405.41,0.0,1,7.72,6.71,SPY210618P00388000,388.0,0,0.0,0.0,,0.0,normalDay
2021-05-13,3189.0,315.0,0.0,0,410.28,0.0,1,7.72,4.57,SPY210618P00388000,388.0,0,0.0,0.0,,0.0,normalDay
2021-05-14,3189.0,527.0,0.0,0,416.58,0.0,1,7.72,2.45,SPY210618P00388000,388.0,0,0.0,0.0,,0.0,normalDay
2021-05-17,3189.0,515.0,0.0,0,415.52,0.0,1,7.72,2.57,SPY210618P00388000,388.0,0,0.0,0.0,,0.0,normalDay
2021-05-18,3189.0,447.0,0.0,0,411.94,0.0,1,7.72,3.25,SPY210618P00388000,388.0,0,0.0,0.0,,0.0,normalDay
2021-05-19,3189.0,432.0,0.0,0,410.86,0.0,1,7.72,3.4,SPY210618P00388000,388.0,0,0.0,0.0,,0.0,normalDay
2021-05-20,3189.0,523.0,0.0,0,415.28,0.0,1,7.72,2.49,SPY210618P00388000,388.0,0,0.0,0.0,,0.0,normalDay
2021-05-21,3189.0,542.0,0.0,0,414.94,0.0,1,7.72,2.3,SPY210618P00388000,388.0,0,0.0,0.0,,0.0,normalDay
2021-05-24,3189.0,633.0,0.0,0,419.17,0.0,1,7.72,1.39,SPY210618P00388000,388.0,0,0.0,0.0,,0.0,normalDay
2021-05-25,3189.0,631.0,0.0,0,418.24,0.0,1,7.72,1.41,SPY210618P00388000,388.0,0,0.0,0.0,,0.0,normalDay
2021-05-26,3189.0,667.0,0.0,0,419.07,0.0,1,7.72,1.05,SPY210618P00388000,388.0,0,0.0,0.0,,0.0,normalDay
2021-05-27,3189.0,686.0,0.0,0,419.29,0.0,1,7.72,0.86,SPY210618P00388000,388.0,0,0.0,0.0,,0.0,normalDay
2021-05-28,3189.0,692.0,0.0,0,420.04,0.0,1,7.72,0.8,SPY210618P00388000,388.0,0,0.0,0.0,,0.0,normalDay
2021-06-01,3189.0,698.0,0.0,0,419.67,0.0,1,7.72,0.74,SPY210618P00388000,388.0,0,0.0,0.0,,0.0,normalDay
2021-06-02,3189.0,716.0,0.0,0,420.33,0.0,1,7.72,0.56,SPY210618P00388000,388.0,0,0.0,0.0,,0.0,normalDay
2021-06-03,3189.0,714.0,0.0,0,418.77,0.0,1,7.72,0.58,SPY210618P00388000,388.0,0,0.0,0.0,,0.0,normalDay
2021-06-04,3189.0,739.0,0.0,0,422.6,0.0,1,7.72,0.33,SPY210618P00388000,388.0,0,0.0,0.0,,0.0,normalDay
2021-06-07,3189.0,748.0,0.0,0,422.19,0.0,1,7.72,0.24,SPY210618P00388000,388.0,0,0.0,0.0,,0.0,normalDay
2021-06-08,3189.0,744.0,0.0,0,422.28,0.0,1,7.72,0.28,SPY210618P00388000,388.0,0,0.0,0.0,,0.0,normalDay
2021-06-09,3189.0,740.0,0.0,0,421.65,0.0,1,7.72,0.32,SPY210618P00388000,388.0,0,0.0,0.0,,0.0,normalDay
2021-06-10,3189.0,755.0,0.0,0,423.61,0.0,1,7.72,0.17,SPY210618P00388000,388.0,0,0.0,0.0,,0.0,normalDay
2021-06-11,3189.0,758.0,0.0,0,424.31,0.0,1,7.72,0.14,SPY210618P00388000,388.0,0,0.0,0.0,,0.0,normalDay
2021-06-14,3189.0,764.0,0.0,0,425.26,0.0,1,7.72,0.08,SPY210618P00388000,388.0,0,0.0,0.0,,0.0,normalDay
2021-06-15,3189.0,762.0,0.0,0,424.48,0.0,1,7.72,0.1,SPY210618P00388000,388.0,0,0.0,0.0,,0.0,normalDay
2021-06-16,3189.0,759.0,0.0,0,422.11,0.0,1,7.72,0.13,SPY210618P00388000,388.0,0,0.0,0.0,,0.0,normalDay
2021-06-17,3189.0,767.0,0.0,0,421.97,0.0,1,7.72,0.05,SPY210618P00388000,388.0,0,0.0,0.0,,0.0,normalDay
2021-06-18,3961.0,0.0,772.0,0,414.92,0.0,1,7.72,0.0,SPY210618P00388000,388.0,0,0.0,0.0,,0.0,expirationDay
2021-06-21,3961.0,-4.0,0.0,0,420.86,0.0,1,8.89,8.93,SPY210820P00419000,419.0,0,0.0,0.0,,0.0,normalDay
2021-06-22,3961.0,113.0,0.0,0,423.11,0.0,1,8.89,7.76,SPY210820P00419000,419.0,0,0.0,0.0,,0.0,normalDay
2021-06-23,3961.0,135.0,0.0,0,422.6,0.0,1,8.89,7.54,SPY210820P00419000,419.0,0,0.0,0.0,,0.0,normalDay
2021-06-24,3961.0,229.0,0.0,0,425.1,0.0,1,8.89,6.6,SPY210820P00419000,419.0,0,0.0,0.0,,0.0,normalDay
2021-06-25,3961.0,300.0,0.0,0,426.61,0.0,1,8.89,5.89,SPY210820P00419000,419.0,0,0.0,0.0,,0.0,normalDay
2021-06-28,3961.0,337.0,0.0,0,427.47,0.0,1,8.89,5.52,SPY210820P00419000,419.0,0,0.0,0.0,,0.0,normalDay
2021-06-29,3961.0,349.0,0.0,0,427.7,0.0,1,8.89,5.4,SPY210820P00419000,419.0,0,0.0,0.0,,0.0,normalDay
2021-06-30,3961.0,373.0,0.0,0,428.06,0.0,1,8.89,5.16,SPY210820P00419000,419.0,0,0.0,0.0,,0.0,normalDay
2021-07-01,3961.0,420.0,0.0,0,430.43,0.0,1,8.89,4.69,SPY210820P00419000,419.0,0,0.0,0.0,,0.0,normalDay
2021-07-02,3961.0,491.0,0.0,0,433.72,0.0,1,8.89,3.98,SPY210820P00419000,419.0,0,0.0,0.0,,0.0,normalDay
2021-07-06,3961.0,463.0,0.0,0,432.93,0.0,1,8.89,4.26,SPY210820P00419000,419.0,0,0.0,0.0,,0.0,normalDay
2021-07-07,3961.0,493.0,0.0,0,434.46,0.0,1,8.89,3.96,SPY210820P00419000,419.0,0,0.0,0.0,,0.0,normalDay
2021-07-08,3961.0,353.0,0.0,0,430.92,0.0,1,8.89,5.36,SPY210820P00419000,419.0,0,0.0,0.0,,0.0,normalDay
2021-07-09,3961.0,530.0,0.0,0,435.52,0.0,1,8.89,3.59,SPY210820P00419000,419.0,0,0.0,0.0,,0.0,normalDay
2021-07-12,3961.0,574.0,0.0,0,437.08,0.0,1,8.89,3.15,SPY210820P00419000,419.0,0,0.0,0.0,,0.0,normalDay
2021-07-13,3961.0,520.0,0.0,0,435.59,0.0,1,8.89,3.69,SPY210820P00419000,419.0,0,0.0,0.0,,0.0,normalDay
2021-07-14,3961.0,569.0,0.0,0,436.24,0.0,1,8.89,3.2,SPY210820P00419000,419.0,0,0.0,0.0,,0.0,normalDay
2021-07-15,3961.0,530.0,0.0,0,434.75,0.0,1,8.89,3.59,SPY210820P00419000,419.0,0,0.0,0.0,,0.0,normalDay
2021-07-16,3961.0,442.0,0.0,0,431.34,0.0,1,8.89,4.47,SPY210820P00419000,419.0,0,0.0,0.0,,0.0,normalDay
2021-07-19,3961.0,202.0,0.0,0,424.97,0.0,1,8.89,6.87,SPY210820P00419000,419.0,0,0.0,0.0,,0.0,normalDay
2021-07-20,3961.0,432.0,0.0,0,431.06,0.0,1,8.89,4.57,SPY210820P00419000,419.0,0,0.0,0.0,,0.0,normalDay
2021-07-21,3961.0,568.0,0.0,0,434.55,0.0,1,8.89,3.21,SPY210820P00419000,419.0,0,0.0,0.0,,0.0,normalDay
2021-07-22,3961.0,596.0,0.0,0,435.46,0.0,1,8.89,2.93,SPY210820P00419000,419.0,0,0.0,0.0,,0.0,normalDay
2021-07-23,3961.0,672.0,0.0,0,439.94,0.0,1,8.89,2.17,SPY210820P00419000,419.0,0,0.0,0.0,,0.0,normalDay
2021-07-26,3961.0,708.0,0.0,0,441.02,0.0,1,8.89,1.81,SPY210820P00419000,419.0,0,0.0,0.0,,0.0,normalDay
2021-07-27,3961.0,651.0,0.0,0,439.01,0.0,1,8.89,2.38,SPY210820P00419000,419.0,0,0.0,0.0,,0.0,normalDay
2021-07-28,3961.0,686.0,0.0,0,438.83,0.0,1,8.89,2.03,SPY210820P00419000,419.0,0,0.0,0.0,,0.0,normalDay
2021-07-29,3961.0,735.0,0.0,0,440.65,0.0,1,8.89,1.54,SPY210820P00419000,419.0,0,0.0,0.0,,0.0,normalDay
2021-07-30,3961.0,714.0,0.0,0,438.51,0.0,1,8.89,1.75,SPY210820P00419000,419.0,0,0.0,0.0,,0.0,normalDay
2021-08-02,3961.0,708.0,0.0,0,437.59,0.0,1,8.89,1.81,SPY210820P00419000,419.0,0,0.0,0.0,,0.0,normalDay
2021-08-03,3961.0,781.0,0.0,0,441.15,0.0,1,8.89,1.08,SPY210820P00419000,419.0,0,0.0,0.0,,0.0,normalDay
2021-08-04,3961.0,778.0,0.0,0,438.98,0.0,1,8.89,1.11,SPY210820P00419000,419.0,0,0.0,0.0,,0.0,normalDay
2021-08-05,3961.0,810.0,0.0,0,441.76,0.0,1,8.89,0.79,SPY210820P00419000,419.0,0,0.0,0.0,,0.0,normalDay
2021-08-06,3961.0,843.0,0.0,0,442.49,0.0,1,8.89,0.46,SPY210820P00419000,419.0,0,0.0,0.0,,0.0,normalDay
2021-08-09,3961.0,850.0,0.0,0,442.13,0.0,1,8.89,0.39,SPY210820P00419000,419.0,0,0.0,0.0,,0.0,normalDay
2021-08-10,3961.0,850.0,0.0,0,442.68,0.0,1,8.89,0.39,SPY210820P00419000,419.0,0,0.0,0.0,,0.0,normalDay
2021-08-11,3961.0,868.0,0.0,0,443.78,0.0,1,8.89,0.21,SPY210820P00419000,419.0,0,0.0,0.0,,0.0,normalDay
2021-08-12,3961.0,873.0,0.0,0,445.11,0.0,1,8.89,0.16,SPY210820P00419000,419.0,0,0.0,0.0,,0.0,normalDay
2021-08-13,3961.0,877.0,0.0,0,445.92,0.0,1,8.89,0.12,SPY210820P00419000,419.0,0,0.0,0.0,,0.0,normalDay
2021-08-16,3961.0,881.0,0.0,0,446.97,0.0,1,8.89,0.08,SPY210820P00419000,419.0,0,0.0,0.0,,0.0,normalDay
2021-08-17,3961.0,878.0,0.0,0,444.04,0.0,1,8.89,0.11,SPY210820P00419000,419.0,0,0.0,0.0,,0.0,normalDay
2021-08-18,3961.0,861.0,0.0,0,439.18,0.0,1,8.89,0.28,SPY210820P00419000,419.0,0,0.0,0.0,,0.0,normalDay
2021-08-19,3961.0,882.0,0.0,0,439.86,0.0,1,8.89,0.07,SPY210820P00419000,419.0,0,0.0,0.0,,0.0,normalDay
2021-08-20,4850.0,0.0,889.0,0,443.36,0.0,1,8.89,0.0,SPY210820P00419000,419.0,0,0.0,0.0,,0.0,expirationDay
2021-08-23,4850.0,-4.0,0.0,0,447.26,0.0,1,7.41,7.45,SPY211015P00440000,440.0,0,0.0,0.0,,0.0,normalDay
2021-08-24,4850.0,19.0,0.0,0,447.97,0.0,1,7.41,7.22,SPY211015P00440000,440.0,0,0.0,0.0,,0.0,normalDay
2021-08-25,4850.0,80.0,0.0,0,448.91,0.0,1,7.41,6.61,SPY211015P00440000,440.0,0,0.0,0.0,,0.0,normalDay
2021-08-26,4850.0,-46.0,0.0,0,446.26,0.0,1,7.41,7.87,SPY211015P00440000,440.0,0,0.0,0.0,,0.0,normalDay
2021-08-27,4850.0,146.0,0.0,0,450.25,0.0,1,7.41,5.95,SPY211015P00440000,440.0,0,0.0,0.0,,0.0,normalDay
2021-08-30,4850.0,213.0,0.0,0,452.23,0.0,1,7.41,5.28,SPY211015P00440000,440.0,0,0.0,0.0,,0.0,normalDay
2021-08-31,4850.0,215.0,0.0,0,451.56,0.0,1,7.41,5.26,SPY211015P00440000,440.0,0,0.0,0.0,,0.0,normalDay
2021-09-01,4850.0,242.0,0.0,0,451.8,0.0,1,7.41,4.99,SPY211015P00440000,440.0,0,0.0,0.0,,0.0,normalDay
2021-09-02,4850.0,276.0,0.0,0,453.19,0.0,1,7.41,4.65,SPY211015P00440000,440.0,0,0.0,0.0,,0.0,normalDay
2021-09-03,4850.0,279.0,0.0,0,453.08,0.0,1,7.41,4.62,SPY211015P00440000,440.0,0,0.0,0.0,,0.0,normalDay
2021-09-07,4850.0,234.0,0.0,0,451.46,0.0,1,7.41,5.07,SPY211015P00440000,440.0,0,0.0,0.0,,0.0,normalDay
2021-09-08,4850.0,232.0,0.0,0,450.91,0.0,1,7.41,5.09,SPY211015P00440000,440.0,0,0.0,0.0,,0.0,normalDay
2021-09-09,4850.0,154.0,0.0,0,448.98,0.0,1,7.41,5.87,SPY211015P00440000,440.0,0,0.0,0.0,,0.0,normalDay
2021-09-10,4850.0,34.0,0.0,0,445.44,0.0,1,7.41,7.07,SPY211015P00440000,440.0,0,0.0,0.0,,0.0,normalDay
2021-09-13,4850.0,147.0,0.0,0,446.58,0.0,1,7.41,5.94,SPY211015P00440000,440.0,0,0.0,0.0,,0.0,normalDay
2021-09-14,4850.0,66.0,0.0,0,444.17,0.0,1,7.41,6.75,SPY211015P00440000,440.0,0,0.0,0.0,,0.0,normalDay
2021-09-15,4850.0,240.0,0.0,0,447.88,0.0,1,7.41,5.01,SPY211015P00440000,440.0,0,0.0,0.0,,0.0,normalDay
2021-09-16,4850.0,211.0,0.0,0,447.17,0.0,1,7.41,5.3,SPY211015P00440000,440.0,0,0.0,0.0,,0.0,normalDay
2021-09-17,4850.0,22.0,0.0,0,441.4,0.0,1,7.41,7.19,SPY211015P00440000,440.0,0,0.0,0.0,,0.0,normalDay
2021-09-20,4850.0,-406.0,0.0,0,434.04,0.0,1,7.41,11.47,SPY211015P00440000,440.0,0,0.0,0.0,,0.0,normalDay
2021-09-21,4850.0,-395.0,0.0,0,433.63,0.0,1,7.41,11.36,SPY211015P00440000,440.0,0,0.0,0.0,,0.0,normalDay
2021-09-22,4850.0,-48.0,0.0,0,437.86,0.0,1,7.41,7.89,SPY211015P00440000,440.0,0,0.0,0.0,,0.0,normalDay
2021-09-23,4850.0,237.0,0.0,0,443.18,0.0,1,7.41,5.04,SPY211015P00440000,440.0,0,0.0,0.0,,0.0,normalDay
2021-09-24,4850.0,307.0,0.0,0,443.91,0.0,1,7.41,4.34,SPY211015P00440000,440.0,0,0.0,0.0,,0.0,normalDay
2021-09-27,4850.0,276.0,0.0,0,442.64,0.0,1,7.41,4.65,SPY211015P00440000,440.0,0,0.0,0.0,,0.0,normalDay
2021-09-28,4850.0,-223.0,0.0,0,433.72,0.0,1,7.41,9.64,SPY211015P00440000,440.0,0,0.0,0.0,,0.0,normalDay
2021-09-29,4850.0,-151.0,0.0,0,434.45,0.0,1,7.41,8.92,SPY211015P00440000,440.0,0,0.0,0.0,,0.0,normalDay
2021-09-30,4850.0,-469.0,0.0,0,429.14,0.0,1,7.41,12.1,SPY211015P00440000,440.0,0,0.0,0.0,,0.0,normalDay
2021-10-01,4850.0,-104.0,0.0,0,434.24,0.0,1,7.41,8.45,SPY211015P00440000,440.0,0,0.0,0.0,,0.0,normalDay
2021-10-04,4850.0,-501.0,0.0,0,428.64,0.0,1,7.41,12.42,SPY211015P00440000,440.0,0,0.0,0.0,,0.0,normalDay
2021-10-05,4850.0,-131.0,0.0,0,433.1,0.0,1,7.41,8.72,SPY211015P00440000,440.0,0,0.0,0.0,,0.0,normalDay
2021-10-06,4850.0,-12.0,0.0,0,434.9,0.0,1,7.41,7.53,SPY211015P00440000,440.0,0,0.0,0.0,,0.0,normalDay
2021-10-07,4850.0,282.0,0.0,0,438.66,0.0,1,7.41,4.59,SPY211015P00440000,440.0,0,0.0,0.0,,0.0,normalDay
2021-10-08,4850.0,258.0,0.0,0,437.86,0.0,1,7.41,4.83,SPY211015P00440000,440.0,0,0.0,0.0,,0.0,normalDay
2021-10-11,4850.0,84.0,0.0,0,434.69,0.0,1,7.41,6.57,SPY211015P00440000,440.0,0,0.0,0.0,,0.0,normalDay
2021-10-12,4850.0,-27.0,0.0,0,433.62,0.0,1,7.41,7.68,SPY211015P00440000,440.0,0,0.0,0.0,,0.0,normalDay
2021-10-13,4850.0,217.0,0.0,0,435.18,0.0,1,7.41,5.24,SPY211015P00440000,440.0,0,0.0,0.0,,0.0,normalDay
2021-10-14,4850.0,688.0,0.0,0,442.5,0.0,1,7.41,0.53,SPY211015P00440000,440.0,0,0.0,0.0,,0.0,normalDay
2021-10-15,5591.0,0.0,741.0,0,445.87,0.0,1,7.41,0.0,SPY211015P00440000,440.0,0,0.0,0.0,,0.0,expirationDay
2021-10-18,5591.0,-5.0,0.0,0,447.19,0.0,1,8.15,8.2,SPY211231P00433000,433.0,0,0.0,0.0,,0.0,normalDay
2021-10-19,5591.0,116.0,0.0,0,450.64,0.0,1,8.15,6.99,SPY211231P00433000,433.0,0,0.0,0.0,,0.0,normalDay
2021-10-20,5591.0,144.0,0.0,0,452.41,0.0,1,8.15,6.71,SPY211231P00433000,433.0,0,0.0,0.0,,0.0,normalDay
2021-10-21,5591.0,195.0,0.0,0,453.59,0.0,1,8.15,6.2,SPY211231P00433000,433.0,0,0.0,0.0,,0.0,normalDay
2021-10-22,5591.0,157.0,0.0,0,453.12,0.0,1,8.15,6.58,SPY211231P00433000,433.0,0,0.0,0.0,,0.0,normalDay
2021-10-25,5591.0,234.0,0.0,0,455.55,0.0,1,8.15,5.81,SPY211231P00433000,433.0,0,0.0,0.0,,0.0,normalDay
2021-10-26,5591.0,241.0,0.0,0,455.96,0.0,1,8.15,5.74,SPY211231P00433000,433.0,0,0.0,0.0,,0.0,normalDay
2021-10-27,5591.0,167.0,0.0,0,453.94,0.0,1,8.15,6.48,SPY211231P00433000,433.0,0,0.0,0.0,,0.0,normalDay
2021-10-28,5591.0,268.0,0.0,0,458.32,0.0,1,8.15,5.47,SPY211231P00433000,433.0,0,0.0,0.0,,0.0,normalDay
2021-10-29,5591.0,295.0,0.0,0,459.25,0.0,1,8.15,5.2,SPY211231P00433000,433.0,0,0.0,0.0,,0.0,normalDay
2021-11-01,5591.0,329.0,0.0,0,460.04,0.0,1,8.15,4.86,SPY211231P00433000,433.0,0,0.0,0.0,,0.0,normalDay
2021-11-02,5591.0,371.0,0.0,0,461.9,0.0,1,8.15,4.44,SPY211231P00433000,433.0,0,0.0,0.0,,0.0,normalDay
2021-11-03,5591.0,443.0,0.0,0,464.72,0.0,1,8.15,3.72,SPY211231P00433000,433.0,0,0.0,0.0,,0.0,normalDay
2021-11-04,5591.0,473.0,0.0,0,466.91,0.0,1,8.15,3.42,SPY211231P00433000,433.0,0,0.0,0.0,,0.0,normalDay
2021-11-05,5591.0,471.0,0.0,0,468.53,0.0,1,8.15,3.44,SPY211231P00433000,433.0,0,0.0,0.0,,0.0,normalDay
2021-11-08,5591.0,470.0,0.0,0,468.93,0.0,1,8.15,3.45,SPY211231P00433000,433.0,0,0.0,0.0,,0.0,normalDay
2021-11-09,5591.0,450.0,0.0,0,467.38,0.0,1,8.15,3.65,SPY211231P00433000,433.0,0,0.0,0.0,,0.0,normalDay
2021-11-10,5591.0,395.0,0.0,0,463.62,0.0,1,8.15,4.2,SPY211231P00433000,433.0,0,0.0,0.0,,0.0,normalDay
2021-11-11,5591.0,445.0,0.0,0,463.77,0.0,1,8.15,3.7,SPY211231P00433000,433.0,0,0.0,0.0,,0.0,normalDay
2021-11-12,5591.0,518.0,0.0,0,467.27,0.0,1,8.15,2.97,SPY211231P00433000,433.0,0,0.0,0.0,,0.0,normalDay
2021-11-15,5591.0,533.0,0.0,0,467.43,0.0,1,8.15,2.82,SPY211231P00433000,433.0,0,0.0,0.0,,0.0,normalDay
2021-11-16,5591.0,559.0,0.0,0,469.28,0.0,1,8.15,2.56,SPY211231P00433000,433.0,0,0.0,0.0,,0.0,normalDay
2021-11-17,5591.0,539.0,0.0,0,468.14,0.0,1,8.15,2.76,SPY211231P00433000,433.0,0,0.0,0.0,,0.0,normalDay
2021-11-18,5591.0,552.0,0.0,0,469.73,0.0,1,8.15,2.63,SPY211231P00433000,433.0,0,0.0,0.0,,0.0,normalDay
2021-11-19,5591.0,545.0,0.0,0,468.89,0.0,1,8.15,2.7,SPY211231P00433000,433.0,0,0.0,0.0,,0.0,normalDay
2021-11-22,5591.0,527.0,0.0,0,467.57,0.0,1,8.15,2.88,SPY211231P00433000,433.0,0,0.0,0.0,,0.0,normalDay
2021-11-23,5591.0,547.0,0.0,0,468.19,0.0,1,8.15,2.68,SPY211231P00433000,433.0,0,0.0,0.0,,0.0,normalDay
2021-11-24,5591.0,584.0,0.0,0,469.44,0.0,1,8.15,2.31,SPY211231P00433000,433.0,0,0.0,0.0,,0.0,normalDay
2021-11-26,5591.0,97.0,0.0,0,458.97,0.0,1,8.15,7.18,SPY211231P00433000,433.0,0,0.0,0.0,,0.0,normalDay
2021-11-29,5591.0,475.0,0.0,0,464.6,0.0,1,8.15,3.4,SPY211231P00433000,433.0,0,0.0,0.0,,0.0,normalDay
2021-11-30,5591.0,285.0,0.0,0,455.56,0.0,1,8.15,5.3,SPY211231P00433000,433.0,0,0.0,0.0,,0.0,normalDay
2021-12-01,5591.0,19.0,0.0,0,450.5,0.0,1,8.15,7.96,SPY211231P00433000,433.0,0,0.0,0.0,,0.0,normalDay
2021-12-02,5591.0,275.0,0.0,0,457.4,0.0,1,8.15,5.4,SPY211231P00433000,433.0,0,0.0,0.0,,0.0,normalDay
2021-12-03,5591.0,154.0,0.0,0,453.42,0.0,1,8.15,6.61,SPY211231P00433000,433.0,0,0.0,0.0,,0.0,normalDay
2021-12-06,5591.0,385.0,0.0,0,458.79,0.0,1,8.15,4.3,SPY211231P00433000,433.0,0,0.0,0.0,,0.0,normalDay
2021-12-07,5591.0,617.0,0.0,0,468.28,0.0,1,8.15,1.98,SPY211231P00433000,433.0,0,0.0,0.0,,0.0,normalDay
2021-12-08,5591.0,682.0,0.0,0,469.52,0.0,1,8.15,1.33,SPY211231P00433000,433.0,0,0.0,0.0,,0.0,normalDay
2021-12-09,5591.0,639.0,0.0,0,466.35,0.0,1,8.15,1.76,SPY211231P00433000,433.0,0,0.0,0.0,,0.0,normalDay
2021-12-10,5591.0,717.0,0.0,0,470.74,0.0,1,8.15,0.98,SPY211231P00433000,433.0,0,0.0,0.0,,0.0,normalDay
2021-12-13,5591.0,703.0,0.0,0,466.57,0.0,1,8.15,1.12,SPY211231P00433000,433.0,0,0.0,0.0,,0.0,normalDay
2021-12-14,5591.0,671.0,0.0,0,463.36,0.0,1,8.15,1.44,SPY211231P00433000,433.0,0,0.0,0.0,,0.0,normalDay
2021-12-15,5591.0,749.0,0.0,0,470.6,0.0,1,8.15,0.66,SPY211231P00433000,433.0,0,0.0,0.0,,0.0,normalDay
2021-12-16,5591.0,726.0,0.0,0,466.45,0.0,1,8.15,0.89,SPY211231P00433000,433.0,0,0.0,0.0,,0.0,normalDay
2021-12-17,5591.0,706.0,0.0,0,459.87,0.0,1,8.15,1.09,SPY211231P00433000,433.0,0,0.0,0.0,,0.0,normalDay
2021-12-20,5591.0,686.0,0.0,0,454.98,0.0,1,8.15,1.29,SPY211231P00433000,433.0,0,0.0,0.0,,0.0,normalDay
2021-12-21,5591.0,767.0,0.0,0,463.06,0.0,1,8.15,0.48,SPY211231P00433000,433.0,0,0.0,0.0,,0.0,normalDay
2021-12-22,5591.0,800.0,0.0,0,467.69,0.0,1,8.15,0.15,SPY211231P00433000,433.0,0,0.0,0.0,,0.0,normalDay
2021-12-23,5591.0,806.0,0.0,0,470.6,0.0,1,8.15,0.09,SPY211231P00433000,433.0,0,0.0,0.0,,0.0,normalDay
2021-12-27,5591.0,812.0,0.0,0,477.26,0.0,1,8.15,0.03,SPY211231P00433000,433.0,0,0.0,0.0,,0.0,normalDay
2021-12-28,5591.0,813.0,0.0,0,476.87,0.0,1,8.15,0.02,SPY211231P00433000,433.0,0,0.0,0.0,,0.0,normalDay
2021-12-29,5591.0,814.0,0.0,0,477.48,0.0,1,8.15,0.01,SPY211231P00433000,433.0,0,0.0,0.0,,0.0,normalDay
2021-12-30,5591.0,814.0,0.0,0,476.16,0.0,1,8.15,0.01,SPY211231P00433000,433.0,0,0.0,0.0,,0.0,normalDay
2021-12-31,6406.0,0.0,815.0,0,474.96,0.0,1,8.15,0.0,SPY211231P00433000,433.0,0,0.0,0.0,,0.0,expirationDay
2022-01-03,6406.0,-6.0,0.0,0,477.71,0.0,1,10.49,10.55,SPY220331P00464000,464.0,0,0.0,0.0,,0.0,normalDay
2022-01-04,6406.0,-24.0,0.0,0,477.55,0.0,1,10.49,10.73,SPY220331P00464000,464.0,0,0.0,0.0,,0.0,normalDay
2022-01-05,6406.0,-399.0,0.0,0,468.38,0.0,1,10.49,14.48,SPY220331P00464000,464.0,0,0.0,0.0,,0.0,normalDay
2022-01-06,6406.0,-403.0,0.0,0,467.94,0.0,1,10.49,14.52,SPY220331P00464000,464.0,0,0.0,0.0,,0.0,normalDay
2022-01-07,6406.0,-397.0,0.0,0,466.09,0.0,1,10.49,14.46,SPY220331P00464000,464.0,0,0.0,0.0,,0.0,normalDay
2022-01-10,6406.0,-402.0,0.0,0,465.51,0.0,1,10.49,14.51,SPY220331P00464000,464.0,0,0.0,0.0,,0.0,normalDay
2022-01-11,6406.0,-204.0,0.0,0,469.75,0.0,1,10.49,12.53,SPY220331P00464000,464.0,0,0.0,0.0,,0.0,normalDay
2022-01-12,6406.0,-119.0,0.0,0,471.02,0.0,1,10.49,11.68,SPY220331P00464000,464.0,0,0.0,0.0,,0.0,normalDay
2022-01-13,6406.0,-476.0,0.0,0,464.53,0.0,1,10.49,15.25,SPY220331P00464000,464.0,0,0.0,0.0,,0.0,normalDay
2022-01-14,6406.0,-399.0,0.0,0,464.72,0.0,1,10.49,14.48,SPY220331P00464000,464.0,0,0.0,0.0,,0.0,normalDay
2022-01-18,6406.0,-926.0,0.0,0,456.49,0.0,1,10.49,19.75,SPY220331P00464000,464.0,0,0.0,0.0,,0.0,normalDay
2022-01-19,6406.0,-1142.0,0.0,0,451.75,0.0,1,10.49,21.91,SPY220331P00464000,464.0,0,0.0,0.0,,0.0,normalDay
2022-01-20,6406.0,-1524.0,0.0,0,446.75,0.0,1,10.49,25.73,SPY220331P00464000,464.0,0,0.0,0.0,,0.0,normalDay
2022-01-21,6406.0,-2164.0,0.0,0,437.98,0.0,1,10.49,32.13,SPY220331P00464000,464.0,0,0.0,0.0,,0.0,normalDay
2022-01-24,6406.0,-2143.0,0.0,0,439.84,0.0,1,10.49,31.92,SPY220331P00464000,464.0,0,0.0,0.0,,0.0,normalDay
2022-01-25,6406.0,-2582.0,0.0,0,434.47,0.0,1,10.49,36.31,SPY220331P00464000,464.0,0,0.0,0.0,,0.0,normalDay
2022-01-26,6406.0,-2626.0,0.0,0,433.38,0.0,1,10.49,36.75,SPY220331P00464000,464.0,0,0.0,0.0,,0.0,normalDay
2022-01-27,6406.0,-2626.0,0.0,0,431.24,0.0,1,10.49,36.75,SPY220331P00464000,464.0,0,0.0,0.0,,0.0,normalDay
2022-01-28,6406.0,-1829.0,0.0,0,441.95,0.0,1,10.49,28.78,SPY220331P00464000,464.0,0,0.0,0.0,,0.0,normalDay
2022-01-31,6406.0,-1257.0,0.0,0,449.91,0.0,1,10.49,23.06,SPY220331P00464000,464.0,0,0.0,0.0,,0.0,normalDay
2022-02-01,6406.0,-850.0,0.0,0,452.95,0.0,1,10.49,18.99,SPY220331P00464000,464.0,0,0.0,0.0,,0.0,normalDay
2022-02-02,6406.0,-752.0,0.0,0,457.35,0.0,1,10.49,18.01,SPY220331P00464000,464.0,0,0.0,0.0,,0.0,normalDay
2022-02-03,6406.0,-1155.0,0.0,0,446.6,0.0,1,10.49,22.04,SPY220331P00464000,464.0,0,0.0,0.0,,0.0,normalDay
2022-02-04,6406.0,-1257.0,0.0,0,448.7,0.0,1,10.49,23.06,SPY220331P00464000,464.0,0,0.0,0.0,,0.0,normalDay
2022-02-07,6406.0,-1238.0,0.0,0,447.26,0.0,1,10.49,22.87,SPY220331P00464000,464.0,0,0.0,0.0,,0.0,normalDay
2022-02-08,6406.0,-914.0,0.0,0,450.94,0.0,1,10.49,19.63,SPY220331P00464000,464.0,0,0.0,0.0,,0.0,normalDay
2022-02-09,6406.0,-501.0,0.0,0,457.54,0.0,1,10.49,15.5,SPY220331P00464000,464.0,0,0.0,0.0,,0.0,normalDay
2022-02-10,6406.0,-1115.0,0.0,0,449.32,0.0,1,10.49,21.64,SPY220331P00464000,464.0,0,0.0,0.0,,0.0,normalDay
2022-02-11,6406.0,-1806.0,0.0,0,440.46,0.0,1,10.49,28.55,SPY220331P00464000,464.0,0,0.0,0.0,,0.0,normalDay
2022-02-14,6406.0,-1896.0,0.0,0,439.02,0.0,1,10.49,29.45,SPY220331P00464000,464.0,0,0.0,0.0,,0.0,normalDay
2022-02-15,6406.0,-1363.0,0.0,0,446.1,0.0,1,10.49,24.12,SPY220331P00464000,464.0,0,0.0,0.0,,0.0,normalDay
2022-02-16,6406.0,-1236.0,0.0,0,446.6,0.0,1,10.49,22.85,SPY220331P00464000,464.0,0,0.0,0.0,,0.0,normalDay
2022-02-17,6406.0,-2013.0,0.0,0,437.06,0.0,1,10.49,30.62,SPY220331P00464000,464.0,0,0.0,0.0,,0.0,normalDay
2022-02-18,6406.0,-2205.0,0.0,0,434.23,0.0,1,10.49,32.54,SPY220331P00464000,464.0,0,0.0,0.0,,0.0,normalDay
2022-02-22,6406.0,-2557.0,0.0,0,429.57,0.0,1,10.49,36.06,SPY220331P00464000,464.0,0,0.0,0.0,,0.0,normalDay
2022-02-23,6406.0,-3370.0,0.0,0,421.95,0.0,1,10.49,44.19,SPY220331P00464000,464.0,0,0.0,0.0,,0.0,normalDay
2022-02-24,6406.0,-2897.0,0.0,0,428.3,0.0,1,10.49,39.46,SPY220331P00464000,464.0,0,0.0,0.0,,0.0,normalDay
2022-02-25,6406.0,-1918.0,0.0,0,437.75,0.0,1,10.49,29.67,SPY220331P00464000,464.0,0,0.0,0.0,,0.0,normalDay
2022-02-28,6406.0,-2023.0,0.0,0,436.63,0.0,1,10.49,30.72,SPY220331P00464000,464.0,0,0.0,0.0,,0.0,normalDay
2022-03-01,6406.0,-2605.0,0.0,0,429.98,0.0,1,10.49,36.54,SPY220331P00464000,464.0,0,0.0,0.0,,0.0,normalDay
2022-03-02,6406.0,-1944.0,0.0,0,437.89,0.0,1,10.49,29.93,SPY220331P00464000,464.0,0,0.0,0.0,,0.0,normalDay
2022-03-03,6406.0,-2055.0,0.0,0,435.71,0.0,1,10.49,31.04,SPY220331P00464000,464.0,0,0.0,0.0,,0.0,normalDay
2022-03-04,6406.0,-2437.0,0.0,0,432.17,0.0,1,10.49,34.86,SPY220331P00464000,464.0,0,0.0,0.0,,0.0,normalDay
2022-03-07,6406.0,-3712.0,0.0,0,419.43,0.0,1,10.49,47.61,SPY220331P00464000,464.0,0,0.0,0.0,,0.0,normalDay
2022-03-08,6406.0,-4022.0,0.0,0,416.25,0.0,1,10.49,50.71,SPY220331P00464000,464.0,0,0.0,0.0,,0.0,normalDay
2022-03-09,6406.0,-2789.0,0.0,0,427.41,0.0,1,10.49,38.38,SPY220331P00464000,464.0,0,0.0,0.0,,0.0,normalDay
2022-03-10,6406.0,-3020.0,0.0,0,425.48,0.0,1,10.49,40.69,SPY220331P00464000,464.0,0,0.0,0.0,,0.0,normalDay
2022-03-11,6406.0,-3508.0,0.0,0,420.07,0.0,1,10.49,45.57,SPY220331P00464000,464.0,0,0.0,0.0,,0.0,normalDay
2022-03-14,6406.0,-3799.0,0.0,0,417.0,0.0,1,10.49,48.48,SPY220331P00464000,464.0,0,0.0,0.0,,0.0,normalDay
2022-03-15,6406.0,-2976.0,0.0,0,426.17,0.0,1,10.49,40.25,SPY220331P00464000,464.0,0,0.0,0.0,,0.0,normalDay
2022-03-16,6406.0,-2010.0,0.0,0,435.62,0.0,1,10.49,30.59,SPY220331P00464000,464.0,0,0.0,0.0,,0.0,normalDay
2022-03-17,6406.0,-1520.0,0.0,0,441.07,0.0,1,10.49,25.69,SPY220331P00464000,464.0,0,0.0,0.0,,0.0,normalDay
2022-03-18,6406.0,-945.0,0.0,0,444.52,0.0,1,10.49,19.94,SPY220331P00464000,464.0,0,0.0,0.0,,0.0,normalDay
2022-03-21,6406.0,-926.0,0.0,0,444.39,0.0,1,10.49,19.75,SPY220331P00464000,464.0,0,0.0,0.0,,0.0,normalDay
2022-03-22,6406.0,-463.0,0.0,0,449.59,0.0,1,10.49,15.12,SPY220331P00464000,464.0,0,0.0,0.0,,0.0,normalDay
2022-03-23,6406.0,-1013.0,0.0,0,443.8,0.0,1,10.49,20.62,SPY220331P00464000,464.0,0,0.0,0.0,,0.0,normalDay
2022-03-24,6406.0,-355.0,0.0,0,450.49,0.0,1,10.49,14.04,SPY220331P00464000,464.0,0,0.0,0.0,,0.0,normalDay
2022-03-25,6406.0,-148.0,0.0,0,452.69,0.0,1,10.49,11.97,SPY220331P00464000,464.0,0,0.0,0.0,,0.0,normalDay
2022-03-28,6406.0,203.0,0.0,0,455.91,0.0,1,10.49,8.46,SPY220331P00464000,464.0,0,0.0,0.0,,0.0,normalDay
2022-03-29,6406.0,634.0,0.0,0,461.55,0.0,1,10.49,4.15,SPY220331P00464000,464.0,0,0.0,0.0,,0.0,normalDay
2022-03-30,6406.0,522.0,0.0,0,458.7,0.0,1,10.49,5.27,SPY220331P00464000,464.0,0,0.0,0.0,,0.0,normalDay
2022-03-31,7455.0,-1236.0,1049.0,100,451.64,464.0,1,10.49,0.0,SPY220331P00464000,464.0,0,0.0,0.0,,0.0,expirationDay
2022-04-01,7455.0,-1541.0,0.0,100,452.92,464.0,0,0.0,0.0,,0.0,1,22.26,26.59,SPY230331C00479000,479.0,normalDay
2022-04-04,7455.0,-1309.0,0.0,100,456.8,464.0,0,0.0,0.0,,0.0,1,22.26,28.15,SPY230331C00479000,479.0,normalDay
2022-04-05,7455.0,-1702.0,0.0,100,451.03,464.0,0,0.0,0.0,,0.0,1,22.26,26.31,SPY230331C00479000,479.0,normalDay
2022-04-06,7455.0,-1928.0,0.0,100,446.52,464.0,0,0.0,0.0,,0.0,1,22.26,24.06,SPY230331C00479000,479.0,normalDay
2022-04-07,7455.0,-1702.0,0.0,100,448.77,464.0,0,0.0,0.0,,0.0,1,22.26,24.05,SPY230331C00479000,479.0,normalDay
2022-04-08,7455.0,-1845.0,0.0,100,447.57,464.0,0,0.0,0.0,,0.0,1,22.26,24.28,SPY230331C00479000,479.0,normalDay
2022-04-11,7455.0,-2288.0,0.0,100,439.92,464.0,0,0.0,0.0,,0.0,1,22.26,21.06,SPY230331C00479000,479.0,normalDay
2022-04-12,7455.0,-2302.0,0.0,100,438.29,464.0,0,0.0,0.0,,0.0,1,22.26,19.57,SPY230331C00479000,479.0,normalDay
2022-04-13,7455.0,-1901.0,0.0,100,443.31,464.0,0,0.0,0.0,,0.0,1,22.26,20.58,SPY230331C00479000,479.0,normalDay
2022-04-14,7455.0,-2292.0,0.0,100,437.79,464.0,0,0.0,0.0,,0.0,1,22.26,18.97,SPY230331C00479000,479.0,normalDay
2022-04-18,7455.0,-2362.0,0.0,100,437.97,464.0,0,0.0,0.0,,0.0,1,22.26,19.85,SPY230331C00479000,479.0,normalDay
2022-04-19,7455.0,-1743.0,0.0,100,445.04,464.0,0,0.0,0.0,,0.0,1,22.26,20.73,SPY230331C00479000,479.0,normalDay
2022-04-20,7455.0,-1938.0,0.0,100,444.71,464.0,0,0.0,0.0,,0.0,1,22.26,22.35,SPY230331C00479000,479.0,normalDay
2022-04-21,7455.0,-2225.0,0.0,100,438.06,464.0,0,0.0,0.0,,0.0,1,22.26,18.57,SPY230331C00479000,479.0,normalDay
2022-04-22,7455.0,-3138.0,0.0,100,426.04,464.0,0,0.0,0.0,,0.0,1,22.26,15.68,SPY230331C00479000,479.0,normalDay
2022-04-25,7455.0,-2983.0,0.0,100,428.51,464.0,0,0.0,0.0,,0.0,1,22.26,16.6,SPY230331C00479000,479.0,normalDay
2022-04-26,7455.0,-3863.0,0.0,100,416.1,464.0,0,0.0,0.0,,0.0,1,22.26,12.99,SPY230331C00479000,479.0,normalDay
2022-04-27,7455.0,-3789.0,0.0,100,417.27,464.0,0,0.0,0.0,,0.0,1,22.26,13.42,SPY230331C00479000,479.0,normalDay
2022-04-28,7455.0,-2969.0,0.0,100,427.81,464.0,0,0.0,0.0,,0.0,1,22.26,15.76,SPY230331C00479000,479.0,normalDay
2022-04-29,7455.0,-4183.0,0.0,100,412.0,464.0,0,0.0,0.0,,0.0,1,22.26,12.09,SPY230331C00479000,479.0,normalDay
2022-05-02,7455.0,-3964.0,0.0,100,414.48,464.0,0,0.0,0.0,,0.0,1,22.26,12.38,SPY230331C00479000,479.0,normalDay
2022-05-03,7455.0,-3776.0,0.0,100,416.38,464.0,0,0.0,0.0,,0.0,1,22.26,12.4,SPY230331C00479000,479.0,normalDay
2022-05-04,7455.0,-2815.0,0.0,100,429.06,464.0,0,0.0,0.0,,0.0,1,22.26,15.47,SPY230331C00479000,479.0,normalDay
2022-05-05,7455.0,-3991.0,0.0,100,413.81,464.0,0,0.0,0.0,,0.0,1,22.26,11.98,SPY230331C00479000,479.0,normalDay
2022-05-06,7455.0,-4096.0,0.0,100,411.34,464.0,0,0.0,0.0,,0.0,1,22.26,10.56,SPY230331C00479000,479.0,normalDay
2022-05-09,7455.0,-5095.0,0.0,100,398.17,464.0,0,0.0,0.0,,0.0,1,22.26,7.38,SPY230331C00479000,479.0,normalDay
2022-05-10,7455.0,-4966.0,0.0,100,399.09,464.0,0,0.0,0.0,,0.0,1,22.26,7.01,SPY230331C00479000,479.0,normalDay
2022-05-11,7455.0,-5512.0,0.0,100,392.75,464.0,0,0.0,0.0,,0.0,1,22.26,6.13,SPY230331C00479000,479.0,normalDay
2022-05-12,7455.0,-5493.0,0.0,100,392.34,464.0,0,0.0,0.0,,0.0,1,22.26,5.53,SPY230331C00479000,479.0,normalDay
2022-05-13,7455.0,-4673.0,0.0,100,401.72,464.0,0,0.0,0.0,,0.0,1,22.26,6.71,SPY230331C00479000,479.0,normalDay
2022-05-16,7455.0,-4799.0,0.0,100,400.09,464.0,0,0.0,0.0,,0.0,1,22.26,6.34,SPY230331C00479000,479.0,normalDay
2022-05-17,7455.0,-4111.0,0.0,100,408.32,464.0,0,0.0,0.0,,0.0,1,22.26,7.69,SPY230331C00479000,479.0,normalDay
2022-05-18,7455.0,-5471.0,0.0,100,391.86,464.0,0,0.0,0.0,,0.0,1,22.26,4.83,SPY230331C00479000,479.0,normalDay
2022-05-19,7455.0,-5654.0,0.0,100,389.46,464.0,0,0.0,0.0,,0.0,1,22.26,4.26,SPY230331C00479000,479.0,normalDay
2022-05-20,7455.0,-5638.0,0.0,100,389.63,464.0,0,0.0,0.0,,0.0,1,22.26,4.27,SPY230331C00479000,479.0,normalDay
2022-05-23,7455.0,-5049.0,0.0,100,396.92,464.0,0,0.0,0.0,,0.0,1,22.26,5.67,SPY230331C00479000,479.0,normalDay
2022-05-24,7455.0,-5318.0,0.0,100,393.89,464.0,0,0.0,0.0,,0.0,1,22.26,5.33,SPY230331C00479000,479.0,normalDay
2022-05-25,7455.0,-4999.0,0.0,100,397.37,464.0,0,0.0,0.0,,0.0,1,22.26,5.62,SPY230331C00479000,479.0,normalDay
2022-05-26,7455.0,-4337.0,0.0,100,405.31,464.0,0,0.0,0.0,,0.0,1,22.26,6.94,SPY230331C00479000,479.0,normalDay
2022-05-27,7455.0,-3565.0,0.0,100,415.26,464.0,0,0.0,0.0,,0.0,1,22.26,9.17,SPY230331C00479000,479.0,normalDay
2022-05-31,7455.0,-3708.0,0.0,100,412.93,464.0,0,0.0,0.0,,0.0,1,22.26,8.27,SPY230331C00479000,479.0,normalDay
2022-06-01,7455.0,-3954.0,0.0,100,409.59,464.0,0,0.0,0.0,,0.0,1,22.26,7.39,SPY230331C00479000,479.0,normalDay
2022-06-02,7455.0,-3352.0,0.0,100,417.39,464.0,0,0.0,0.0,,0.0,1,22.26,9.17,SPY230331C00479000,479.0,normalDay
2022-06-03,7455.0,-3861.0,0.0,100,410.54,464.0,0,0.0,0.0,,0.0,1,22.26,7.41,SPY230331C00479000,479.0,normalDay
2022-06-06,7455.0,-3764.0,0.0,100,411.79,464.0,0,0.0,0.0,,0.0,1,22.26,7.69,SPY230331C00479000,479.0,normalDay
2022-06-07,7455.0,-3447.0,0.0,100,415.74,464.0,0,0.0,0.0,,0.0,1,22.26,8.47,SPY230331C00479000,479.0,normalDay
2022-06-08,7455.0,-3802.0,0.0,100,411.22,464.0,0,0.0,0.0,,0.0,1,22.26,7.5,SPY230331C00479000,479.0,normalDay
2022-06-09,7455.0,-4613.0,0.0,100,401.44,464.0,0,0.0,0.0,,0.0,1,22.26,5.83,SPY230331C00479000,479.0,normalDay
2022-06-10,7455.0,-5633.0,0.0,100,389.8,464.0,0,0.0,0.0,,0.0,1,22.26,4.39,SPY230331C00479000,479.0,normalDay
2022-06-13,7455.0,-6987.0,0.0,100,375.0,464.0,0,0.0,0.0,,0.0,1,22.26,3.13,SPY230331C00479000,479.0,normalDay
2022-06-14,7455.0,-7041.0,0.0,100,373.87,464.0,0,0.0,0.0,,0.0,1,22.26,2.54,SPY230331C00479000,479.0,normalDay
2022-06-15,7455.0,-6560.0,0.0,100,379.2,464.0,0,0.0,0.0,,0.0,1,22.26,3.06,SPY230331C00479000,479.0,normalDay
2022-06-16,7455.0,-7739.0,0.0,100,366.65,464.0,0,0.0,0.0,,0.0,1,22.26,2.3,SPY230331C00479000,479.0,normalDay
2022-06-17,7455.0,-7798.0,0.0,100,365.86,464.0,0,0.0,0.0,,0.0,1,22.26,2.1,SPY230331C00479000,479.0,normalDay
2022-06-21,7455.0,-6928.0,0.0,100,375.07,464.0,0,0.0,0.0,,0.0,1,22.26,2.61,SPY230331C00479000,479.0,normalDay
2022-06-22,7455.0,-7001.0,0.0,100,374.39,464.0,0,0.0,0.0,,0.0,1,22.26,2.66,SPY230331C00479000,479.0,normalDay
2022-06-23,7455.0,-6650.0,0.0,100,378.06,464.0,0,0.0,0.0,,0.0,1,22.26,2.82,SPY230331C00479000,479.0,normalDay
2022-06-24,7455.0,-5584.0,0.0,100,390.08,464.0,0,0.0,0.0,,0.0,1,22.26,4.18,SPY230331C00479000,479.0,normalDay
2022-06-27,7455.0,-5695.0,0.0,100,388.59,464.0,0,0.0,0.0,,0.0,1,22.26,3.8,SPY230331C00479000,479.0,normalDay
2022-06-28,7455.0,-6403.0,0.0,100,380.65,464.0,0,0.0,0.0,,0.0,1,22.26,2.94,SPY230331C00479000,479.0,normalDay
2022-06-29,7455.0,-6432.0,0.0,100,380.34,464.0,0,0.0,0.0,,0.0,1,22.26,2.92,SPY230331C00479000,479.0,normalDay
2022-06-30,7455.0,-6698.0,0.0,100,377.25,464.0,0,0.0,0.0,,0.0,1,22.26,2.49,SPY230331C00479000,479.0,normalDay
2022-07-01,7455.0,-6314.0,0.0,100,381.24,464.0,0,0.0,0.0,,0.0,1,22.26,2.64,SPY230331C00479000,479.0,normalDay
2022-07-05,7455.0,-6239.0,0.0,100,381.96,464.0,0,0.0,0.0,,0.0,1,22.26,2.61,SPY230331C00479000,479.0,normalDay
2022-07-06,7455.0,-6135.0,0.0,100,383.25,464.0,0,0.0,0.0,,0.0,1,22.26,2.86,SPY230331C00479000,479.0,normalDay
2022-07-07,7455.0,-5602.0,0.0,100,388.99,464.0,0,0.0,0.0,,0.0,1,22.26,3.27,SPY230331C00479000,479.0,normalDay
2022-07-08,7455.0,-5631.0,0.0,100,388.67,464.0,0,0.0,0.0,,0.0,1,22.26,3.24,SPY230331C00479000,479.0,normalDay
2022-07-11,7455.0,-6036.0,0.0,100,384.23,464.0,0,0.0,0.0,,0.0,1,22.26,2.85,SPY230331C00479000,479.0,normalDay
2022-07-12,7455.0,-6330.0,0.0,100,380.83,464.0,0,0.0,0.0,,0.0,1,22.26,2.39,SPY230331C00479000,479.0,normalDay
2022-07-13,7455.0,-6537.0,0.0,100,378.83,464.0,0,0.0,0.0,,0.0,1,22.26,2.46,SPY230331C00479000,479.0,normalDay
2022-07-14,7455.0,-6610.0,0.0,100,377.91,464.0,0,0.0,0.0,,0.0,1,22.26,2.27,SPY230331C00479000,479.0,normalDay
2022-07-15,7455.0,-5915.0,0.0,100,385.13,464.0,0,0.0,0.0,,0.0,1,22.26,2.54,SPY230331C00479000,479.0,normalDay
2022-07-18,7455.0,-6232.0,0.0,100,381.95,464.0,0,0.0,0.0,,0.0,1,22.26,2.53,SPY230331C00479000,479.0,normalDay
2022-07-19,7455.0,-5310.0,0.0,100,392.27,464.0,0,0.0,0.0,,0.0,1,22.26,3.63,SPY230331C00479000,479.0,normalDay
2022-07-20,7455.0,-5088.0,0.0,100,394.77,464.0,0,0.0,0.0,,0.0,1,22.26,3.91,SPY230331C00479000,479.0,normalDay
2022-07-21,7455.0,-4729.0,0.0,100,398.79,464.0,0,0.0,0.0,,0.0,1,22.26,4.34,SPY230331C00479000,479.0,normalDay
2022-07-22,7455.0,-5039.0,0.0,100,395.09,464.0,0,0.0,0.0,,0.0,1,22.26,3.74,SPY230331C00479000,479.0,normalDay
2022-07-25,7455.0,-4981.0,0.0,100,395.57,464.0,0,0.0,0.0,,0.0,1,22.26,3.64,SPY230331C00479000,479.0,normalDay
2022-07-26,7455.0,-5394.0,0.0,100,390.89,464.0,0,0.0,0.0,,0.0,1,22.26,3.09,SPY230331C00479000,479.0,normalDay
2022-07-27,7455.0,-4480.0,0.0,100,401.04,464.0,0,0.0,0.0,,0.0,1,22.26,4.1,SPY230331C00479000,479.0,normalDay
2022-07-28,7455.0,-4051.0,0.0,100,406.07,464.0,0,0.0,0.0,,0.0,1,22.26,4.84,SPY230331C00479000,479.0,normalDay
2022-07-29,7455.0,-3538.0,0.0,100,411.99,464.0,0,0.0,0.0,,0.0,1,22.26,5.63,SPY230331C00479000,479.0,normalDay
2022-08-01,7455.0,-3649.0,0.0,100,410.77,464.0,0,0.0,0.0,,0.0,1,22.26,5.52,SPY230331C00479000,479.0,normalDay
2022-08-02,7455.0,-3874.0,0.0,100,408.06,464.0,0,0.0,0.0,,0.0,1,22.26,5.06,SPY230331C00479000,479.0,normalDay
2022-08-03,7455.0,-3320.0,0.0,100,414.45,464.0,0,0.0,0.0,,0.0,1,22.26,5.91,SPY230331C00479000,479.0,normalDay
2022-08-04,7455.0,-3360.0,0.0,100,414.17,464.0,0,0.0,0.0,,0.0,1,22.26,6.03,SPY230331C00479000,479.0,normalDay
2022-08-05,7455.0,-3396.0,0.0,100,413.47,464.0,0,0.0,0.0,,0.0,1,22.26,5.69,SPY230331C00479000,479.0,normalDay
2022-08-08,7455.0,-3452.0,0.0,100,412.99,464.0,0,0.0,0.0,,0.0,1,22.26,5.77,SPY230331C00479000,479.0,normalDay
2022-08-09,7455.0,-3584.0,0.0,100,411.35,464.0,0,0.0,0.0,,0.0,1,22.26,5.45,SPY230331C00479000,479.0,normalDay
2022-08-10,7455.0,-2851.0,0.0,100,419.99,464.0,0,0.0,0.0,,0.0,1,22.26,6.76,SPY230331C00479000,479.0,normalDay
2022-08-11,7455.0,-2849.0,0.0,100,419.99,464.0,0,0.0,0.0,,0.0,1,22.26,6.74,SPY230331C00479000,479.0,normalDay
2022-08-12,7455.0,-2281.0,0.0,100,427.1,464.0,0,0.0,0.0,,0.0,1,22.26,8.17,SPY230331C00479000,479.0,normalDay
2022-08-15,7455.0,-2144.0,0.0,100,428.86,464.0,0,0.0,0.0,,0.0,1,22.26,8.56,SPY230331C00479000,479.0,normalDay
2022-08-16,7455.0,-2069.0,0.0,100,429.7,464.0,0,0.0,0.0,,0.0,1,22.26,8.65,SPY230331C00479000,479.0,normalDay
2022-08-17,7455.0,-2312.0,0.0,100,426.65,464.0,0,0.0,0.0,,0.0,1,22.26,8.03,SPY230331C00479000,479.0,normalDay
2022-08-18,7455.0,-2170.0,0.0,100,427.89,464.0,0,0.0,0.0,,0.0,1,22.26,7.85,SPY230331C00479000,479.0,normalDay
2022-08-19,7455.0,-2601.0,0.0,100,422.14,464.0,0,0.0,0.0,,0.0,1,22.26,6.41,SPY230331C00479000,479.0,normalDay
2022-08-22,7455.0,-3329.0,0.0,100,413.35,464.0,0,0.0,0.0,,0.0,1,22.26,4.9,SPY230331C00479000,479.0,normalDay
2022-08-23,7455.0,-3404.0,0.0,100,412.35,464.0,0,0.0,0.0,,0.0,1,22.26,4.65,SPY230331C00479000,479.0,normalDay
2022-08-24,7455.0,-3274.0,0.0,100,413.67,464.0,0,0.0,0.0,,0.0,1,22.26,4.67,SPY230331C00479000,479.0,normalDay
2022-08-25,7455.0,-2778.0,0.0,100,419.51,464.0,0,0.0,0.0,,0.0,1,22.26,5.55,SPY230331C00479000,479.0,normalDay
2022-08-26,7455.0,-3991.0,0.0,100,405.31,464.0,0,0.0,0.0,,0.0,1,22.26,3.48,SPY230331C00479000,479.0,normalDay
2022-08-29,7455.0,-4225.0,0.0,100,402.63,464.0,0,0.0,0.0,,0.0,1,22.26,3.14,SPY230331C00479000,479.0,normalDay
2022-08-30,7455.0,-4612.0,0.0,100,398.21,464.0,0,0.0,0.0,,0.0,1,22.26,2.59,SPY230331C00479000,479.0,normalDay
2022-08-31,7455.0,-4895.0,0.0,100,395.18,464.0,0,0.0,0.0,,0.0,1,22.26,2.39,SPY230331C00479000,479.0,normalDay
2022-09-01,7455.0,-4780.0,0.0,100,396.42,464.0,0,0.0,0.0,,0.0,1,22.26,2.48,SPY230331C00479000,479.0,normalDay
2022-09-02,7455.0,-5163.0,0.0,100,392.24,464.0,0,0.0,0.0,,0.0,1,22.26,2.13,SPY230331C00479000,479.0,normalDay
2022-09-06,7455.0,-5299.0,0.0,100,390.76,464.0,0,0.0,0.0,,0.0,1,22.26,2.01,SPY230331C00479000,479.0,normalDay
2022-09-07,7455.0,-4649.0,0.0,100,397.78,464.0,0,0.0,0.0,,0.0,1,22.26,2.53,SPY230331C00479000,479.0,normalDay
2022-09-08,7455.0,-4405.0,0.0,100,400.38,464.0,0,0.0,0.0,,0.0,1,22.26,2.69,SPY230331C00479000,479.0,normalDay
2022-09-09,7455.0,-3842.0,0.0,100,406.6,464.0,0,0.0,0.0,,0.0,1,22.26,3.28,SPY230331C00479000,479.0,normalDay
2022-09-12,7455.0,-3482.0,0.0,100,410.97,464.0,0,0.0,0.0,,0.0,1,22.26,4.05,SPY230331C00479000,479.0,normalDay
2022-09-13,7455.0,-5112.0,0.0,100,393.1,464.0,0,0.0,0.0,,0.0,1,22.26,2.48,SPY230331C00479000,479.0,normalDay
2022-09-14,7455.0,-4938.0,0.0,100,394.6,464.0,0,0.0,0.0,,0.0,1,22.26,2.24,SPY230331C00479000,479.0,normalDay
2022-09-15,7455.0,-5353.0,0.0,100,390.12,464.0,0,0.0,0.0,,0.0,1,22.26,1.91,SPY230331C00479000,479.0,normalDay
2022-09-16,7455.0,-5787.0,0.0,100,385.56,464.0,0,0.0,0.0,,0.0,1,22.26,1.69,SPY230331C00479000,479.0,normalDay
2022-09-19,7455.0,-5500.0,0.0,100,388.55,464.0,0,0.0,0.0,,0.0,1,22.26,1.81,SPY230331C00479000,479.0,normalDay
2022-09-20,7455.0,-5919.0,0.0,100,384.09,464.0,0,0.0,0.0,,0.0,1,22.26,1.54,SPY230331C00479000,479.0,normalDay
2022-09-21,7455.0,-6555.0,0.0,100,377.39,464.0,0,0.0,0.0,,0.0,1,22.26,1.2,SPY230331C00479000,479.0,normalDay
2022-09-22,7455.0,-6850.0,0.0,100,374.22,464.0,0,0.0,0.0,,0.0,1,22.26,0.98,SPY230331C00479000,479.0,normalDay
2022-09-23,7455.0,-7462.0,0.0,100,367.95,464.0,0,0.0,0.0,,0.0,1,22.26,0.83,SPY230331C00479000,479.0,normalDay
2022-09-26,7455.0,-7824.0,0.0,100,364.31,464.0,0,0.0,0.0,,0.0,1,22.26,0.81,SPY230331C00479000,479.0,normalDay
2022-09-27,7455.0,-7904.0,0.0,100,363.38,464.0,0,0.0,0.0,,0.0,1,22.26,0.68,SPY230331C00479000,479.0,normalDay
2022-09-28,7455.0,-7214.0,0.0,100,370.53,464.0,0,0.0,0.0,,0.0,1,22.26,0.93,SPY230331C00479000,479.0,normalDay
2022-09-29,7455.0,-7957.0,0.0,100,362.79,464.0,0,0.0,0.0,,0.0,1,22.26,0.62,SPY230331C00479000,479.0,normalDay
2022-09-30,7455.0,-8506.0,0.0,100,357.18,464.0,0,0.0,0.0,,0.0,1,22.26,0.5,SPY230331C00479000,479.0,normalDay
2022-10-03,7455.0,-7583.0,0.0,100,366.61,464.0,0,0.0,0.0,,0.0,1,22.26,0.7,SPY230331C00479000,479.0,normalDay
2022-10-04,7455.0,-6489.0,0.0,100,377.97,464.0,0,0.0,0.0,,0.0,1,22.26,1.12,SPY230331C00479000,479.0,normalDay
2022-10-05,7455.0,-6567.0,0.0,100,377.09,464.0,0,0.0,0.0,,0.0,1,22.26,1.02,SPY230331C00479000,479.0,normalDay
2022-10-06,7455.0,-6945.0,0.0,100,373.2,464.0,0,0.0,0.0,,0.0,1,22.26,0.91,SPY230331C00479000,479.0,normalDay
2022-10-07,7455.0,-7952.0,0.0,100,362.79,464.0,0,0.0,0.0,,0.0,1,22.26,0.57,SPY230331C00479000,479.0,normalDay
2022-10-10,7455.0,-8233.0,0.0,100,360.02,464.0,0,0.0,0.0,,0.0,1,22.26,0.61,SPY230331C00479000,479.0,normalDay
2022-10-11,7455.0,-8462.0,0.0,100,357.74,464.0,0,0.0,0.0,,0.0,1,22.26,0.62,SPY230331C00479000,479.0,normalDay
2022-10-12,7455.0,-8581.0,0.0,100,356.56,464.0,0,0.0,0.0,,0.0,1,22.26,0.63,SPY230331C00479000,479.0,normalDay
2022-10-13,7455.0,-7671.0,0.0,100,365.97,464.0,0,0.0,0.0,,0.0,1,22.26,0.94,SPY230331C00479000,479.0,normalDay
2022-10-14,7455.0,-8479.0,0.0,100,357.63,464.0,0,0.0,0.0,,0.0,1,22.26,0.68,SPY230331C00479000,479.0,normalDay
2022-10-17,7455.0,-7590.0,0.0,100,366.82,464.0,0,0.0,0.0,,0.0,1,22.26,0.98,SPY230331C00479000,479.0,normalDay
2022-10-18,7455.0,-7176.0,0.0,100,371.13,464.0,0,0.0,0.0,,0.0,1,22.26,1.15,SPY230331C00479000,479.0,normalDay
2022-10-19,7455.0,-7423.0,0.0,100,368.5,464.0,0,0.0,0.0,,0.0,1,22.26,0.99,SPY230331C00479000,479.0,normalDay
2022-10-20,7455.0,-7716.0,0.0,100,365.41,464.0,0,0.0,0.0,,0.0,1,22.26,0.83,SPY230331C00479000,479.0,normalDay
2022-10-21,7455.0,-6867.0,0.0,100,374.29,464.0,0,0.0,0.0,,0.0,1,22.26,1.22,SPY230331C00479000,479.0,normalDay
2022-10-24,7455.0,-6429.0,0.0,100,378.87,464.0,0,0.0,0.0,,0.0,1,22.26,1.42,SPY230331C00479000,479.0,normalDay
2022-10-25,7455.0,-5833.0,0.0,100,384.92,464.0,0,0.0,0.0,,0.0,1,22.26,1.51,SPY230331C00479000,479.0,normalDay
2022-10-26,7455.0,-6102.0,0.0,100,382.02,464.0,0,0.0,0.0,,0.0,1,22.26,1.3,SPY230331C00479000,479.0,normalDay
2022-10-27,7455.0,-6260.0,0.0,100,379.98,464.0,0,0.0,0.0,,0.0,1,22.26,0.84,SPY230331C00479000,479.0,normalDay
2022-10-28,7455.0,-5411.0,0.0,100,389.02,464.0,0,0.0,0.0,,0.0,1,22.26,1.39,SPY230331C00479000,479.0,normalDay
2022-10-31,7455.0,-5664.0,0.0,100,386.21,464.0,0,0.0,0.0,,0.0,1,22.26,1.11,SPY230331C00479000,479.0,normalDay
2022-11-01,7455.0,-5818.0,0.0,100,384.52,464.0,0,0.0,0.0,,0.0,1,22.26,0.96,SPY230331C00479000,479.0,normalDay
2022-11-02,7455.0,-6750.0,0.0,100,374.87,464.0,0,0.0,0.0,,0.0,1,22.26,0.63,SPY230331C00479000,479.0,normalDay
2022-11-03,7455.0,-7125.0,0.0,100,371.01,464.0,0,0.0,0.0,,0.0,1,22.26,0.52,SPY230331C00479000,479.0,normalDay
2022-11-04,7455.0,-6596.0,0.0,100,376.35,464.0,0,0.0,0.0,,0.0,1,22.26,0.57,SPY230331C00479000,479.0,normalDay
2022-11-07,7455.0,-6243.0,0.0,100,379.95,464.0,0,0.0,0.0,,0.0,1,22.26,0.64,SPY230331C00479000,479.0,normalDay
2022-11-08,7455.0,-6046.0,0.0,100,382.0,464.0,0,0.0,0.0,,0.0,1,22.26,0.72,SPY230331C00479000,479.0,normalDay
2022-11-09,7455.0,-6811.0,0.0,100,374.13,464.0,0,0.0,0.0,,0.0,1,22.26,0.5,SPY230331C00479000,479.0,normalDay
2022-11-10,7455.0,-4833.0,0.0,100,394.69,464.0,0,0.0,0.0,,0.0,1,22.26,1.28,SPY230331C00479000,479.0,normalDay
2022-11-11,7455.0,-4442.0,0.0,100,398.51,464.0,0,0.0,0.0,,0.0,1,22.26,1.19,SPY230331C00479000,479.0,normalDay
2022-11-14,7455.0,-4758.0,0.0,100,395.12,464.0,0,0.0,0.0,,0.0,1,22.26,0.96,SPY230331C00479000,479.0,normalDay
2022-11-15,7455.0,-4439.0,0.0,100,398.49,464.0,0,0.0,0.0,,0.0,1,22.26,1.14,SPY230331C00479000,479.0,normalDay
2022-11-16,7455.0,-4713.0,0.0,100,395.45,464.0,0,0.0,0.0,,0.0,1,22.26,0.84,SPY230331C00479000,479.0,normalDay
2022-11-17,7455.0,-4828.0,0.0,100,394.24,464.0,0,0.0,0.0,,0.0,1,22.26,0.78,SPY230331C00479000,479.0,normalDay
2022-11-18,7455.0,-4649.0,0.0,100,396.03,464.0,0,0.0,0.0,,0.0,1,22.26,0.78,SPY230331C00479000,479.0,normalDay
2022-11-21,7455.0,-4780.0,0.0,100,394.59,464.0,0,0.0,0.0,,0.0,1,22.26,0.65,SPY230331C00479000,479.0,normalDay
2022-11-22,7455.0,-4258.0,0.0,100,399.9,464.0,0,0.0,0.0,,0.0,1,22.26,0.74,SPY230331C00479000,479.0,normalDay
2022-11-23,7455.0,-4003.0,0.0,100,402.42,464.0,0,0.0,0.0,,0.0,1,22.26,0.71,SPY230331C00479000,479.0,normalDay
2022-11-25,7455.0,-4012.0,0.0,100,402.33,464.0,0,0.0,0.0,,0.0,1,22.26,0.71,SPY230331C00479000,479.0,normalDay
2022-11-28,7455.0,-4632.0,0.0,100,395.91,464.0,0,0.0,0.0,,0.0,1,22.26,0.49,SPY230331C00479000,479.0,normalDay
2022-11-29,7455.0,-4695.0,0.0,100,395.23,464.0,0,0.0,0.0,,0.0,1,22.26,0.44,SPY230331C00479000,479.0,normalDay
2022-11-30,7455.0,-3494.0,0.0,100,407.68,464.0,0,0.0,0.0,,0.0,1,22.26,0.88,SPY230331C00479000,479.0,normalDay
2022-12-01,7455.0,-3518.0,0.0,100,407.38,464.0,0,0.0,0.0,,0.0,1,22.26,0.82,SPY230331C00479000,479.0,normalDay
2022-12-02,7455.0,-3550.0,0.0,100,406.91,464.0,0,0.0,0.0,,0.0,1,22.26,0.67,SPY230331C00479000,479.0,normalDay
2022-12-05,7455.0,-4259.0,0.0,100,399.59,464.0,0,0.0,0.0,,0.0,1,22.26,0.44,SPY230331C00479000,479.0,normalDay
2022-12-06,7455.0,-4829.0,0.0,100,393.83,464.0,0,0.0,0.0,,0.0,1,22.26,0.38,SPY230331C00479000,479.0,normalDay
2022-12-07,7455.0,-4896.0,0.0,100,393.16,464.0,0,0.0,0.0,,0.0,1,22.26,0.38,SPY230331C00479000,479.0,normalDay
2022-12-08,7455.0,-4592.0,0.0,100,396.24,464.0,0,0.0,0.0,,0.0,1,22.26,0.42,SPY230331C00479000,479.0,normalDay
2022-12-09,7455.0,-4885.0,0.0,100,393.28,464.0,0,0.0,0.0,,0.0,1,22.26,0.39,SPY230331C00479000,479.0,normalDay
2022-12-12,7455.0,-4337.0,0.0,100,398.95,464.0,0,0.0,0.0,,0.0,1,22.26,0.58,SPY230331C00479000,479.0,normalDay
2022-12-13,7455.0,-4030.0,0.0,100,401.97,464.0,0,0.0,0.0,,0.0,1,22.26,0.53,SPY230331C00479000,479.0,normalDay
2022-12-14,7455.0,-4271.0,0.0,100,399.4,464.0,0,0.0,0.0,,0.0,1,22.26,0.37,SPY230331C00479000,479.0,normalDay
2022-12-15,7455.0,-5240.0,0.0,100,389.63,464.0,0,0.0,0.0,,0.0,1,22.26,0.29,SPY230331C00479000,479.0,normalDay
2022-12-16,7455.0,-5865.0,0.0,100,383.27,464.0,0,0.0,0.0,,0.0,1,22.26,0.18,SPY230331C00479000,479.0,normalDay
2022-12-19,7455.0,-6187.0,0.0,100,380.02,464.0,0,0.0,0.0,,0.0,1,22.26,0.15,SPY230331C00479000,479.0,normalDay
2022-12-20,7455.0,-6135.0,0.0,100,380.54,464.0,0,0.0,0.0,,0.0,1,22.26,0.15,SPY230331C00479000,479.0,normalDay
2022-12-21,7455.0,-5566.0,0.0,100,386.23,464.0,0,0.0,0.0,,0.0,1,22.26,0.15,SPY230331C00479000,479.0,normalDay
2022-12-22,7455.0,-6118.0,0.0,100,380.72,464.0,0,0.0,0.0,,0.0,1,22.26,0.16,SPY230331C00479000,479.0,normalDay
2022-12-23,7455.0,-5897.0,0.0,100,382.91,464.0,0,0.0,0.0,,0.0,1,22.26,0.14,SPY230331C00479000,479.0,normalDay
2022-12-27,7455.0,-6047.0,0.0,100,381.4,464.0,0,0.0,0.0,,0.0,1,22.26,0.13,SPY230331C00479000,479.0,normalDay
2022-12-28,7455.0,-6518.0,0.0,100,376.66,464.0,0,0.0,0.0,,0.0,1,22.26,0.1,SPY230331C00479000,479.0,normalDay
2022-12-29,7455.0,-5843.0,0.0,100,383.44,464.0,0,0.0,0.0,,0.0,1,22.26,0.13,SPY230331C00479000,479.0,normalDay
2022-12-30,7455.0,-5944.0,0.0,100,382.43,464.0,0,0.0,0.0,,0.0,1,22.26,0.13,SPY230331C00479000,479.0,normalDay
2023-01-03,7455.0,-6103.0,0.0,100,380.82,464.0,0,0.0,0.0,,0.0,1,22.26,0.11,SPY230331C00479000,479.0,normalDay
2023-01-04,7455.0,-5809.0,0.0,100,383.76,464.0,0,0.0,0.0,,0.0,1,22.26,0.11,SPY230331C00479000,479.0,normalDay
2023-01-05,7455.0,-6245.0,0.0,100,379.38,464.0,0,0.0,0.0,,0.0,1,22.26,0.09,SPY230331C00479000,479.0,normalDay
2023-01-06,7455.0,-5377.0,0.0,100,388.08,464.0,0,0.0,0.0,,0.0,1,22.26,0.11,SPY230331C00479000,479.0,normalDay
2023-01-09,7455.0,-5399.0,0.0,100,387.86,464.0,0,0.0,0.0,,0.0,1,22.26,0.11,SPY230331C00479000,479.0,normalDay
2023-01-10,7455.0,-5126.0,0.0,100,390.58,464.0,0,0.0,0.0,,0.0,1,22.26,0.1,SPY230331C00479000,479.0,normalDay
2023-01-11,7455.0,-4635.0,0.0,100,395.52,464.0,0,0.0,0.0,,0.0,1,22.26,0.13,SPY230331C00479000,479.0,normalDay
2023-01-12,7455.0,-4488.0,0.0,100,396.96,464.0,0,0.0,0.0,,0.0,1,22.26,0.1,SPY230331C00479000,479.0,normalDay
2023-01-13,7455.0,-4332.0,0.0,100,398.5,464.0,0,0.0,0.0,,0.0,1,22.26,0.08,SPY230331C00479000,479.0,normalDay
2023-01-17,7455.0,-4405.0,0.0,100,397.77,464.0,0,0.0,0.0,,0.0,1,22.26,0.08,SPY230331C00479000,479.0,normalDay
2023-01-18,7455.0,-5031.0,0.0,100,391.49,464.0,0,0.0,0.0,,0.0,1,22.26,0.06,SPY230331C00479000,479.0,normalDay
2023-01-19,7455.0,-5314.0,0.0,100,388.64,464.0,0,0.0,0.0,,0.0,1,22.26,0.04,SPY230331C00479000,479.0,normalDay
2023-01-20,7455.0,-4592.0,0.0,100,395.88,464.0,0,0.0,0.0,,0.0,1,22.26,0.06,SPY230331C00479000,479.0,normalDay
2023-01-23,7455.0,-4118.0,0.0,100,400.63,464.0,0,0.0,0.0,,0.0,1,22.26,0.07,SPY230331C00479000,479.0,normalDay
2023-01-24,7455.0,-4160.0,0.0,100,400.2,464.0,0,0.0,0.0,,0.0,1,22.26,0.06,SPY230331C00479000,479.0,normalDay
2023-01-25,7455.0,-4144.0,0.0,100,400.35,464.0,0,0.0,0.0,,0.0,1,22.26,0.05,SPY230331C00479000,479.0,normalDay
2023-01-26,7455.0,-3705.0,0.0,100,404.75,464.0,0,0.0,0.0,,0.0,1,22.26,0.06,SPY230331C00479000,479.0,normalDay
2023-01-27,7455.0,-3612.0,0.0,100,405.68,464.0,0,0.0,0.0,,0.0,1,22.26,0.06,SPY230331C00479000,479.0,normalDay
2023-01-30,7455.0,-4120.0,0.0,100,400.59,464.0,0,0.0,0.0,,0.0,1,22.26,0.05,SPY230331C00479000,479.0,normalDay
2023-01-31,7455.0,-3532.0,0.0,100,406.48,464.0,0,0.0,0.0,,0.0,1,22.26,0.06,SPY230331C00479000,479.0,normalDay
2023-02-01,7455.0,-3101.0,0.0,100,410.8,464.0,0,0.0,0.0,,0.0,1,22.26,0.07,SPY230331C00479000,479.0,normalDay
2023-02-02,7455.0,-2509.0,0.0,100,416.78,464.0,0,0.0,0.0,,0.0,1,22.26,0.13,SPY230331C00479000,479.0,normalDay
2023-02-03,7455.0,-2947.0,0.0,100,412.35,464.0,0,0.0,0.0,,0.0,1,22.26,0.08,SPY230331C00479000,479.0,normalDay
2023-02-06,7455.0,-3196.0,0.0,100,409.83,464.0,0,0.0,0.0,,0.0,1,22.26,0.05,SPY230331C00479000,479.0,normalDay
2023-02-07,7455.0,-2662.0,0.0,100,415.19,464.0,0,0.0,0.0,,0.0,1,22.26,0.07,SPY230331C00479000,479.0,normalDay
2023-02-08,7455.0,-3113.0,0.0,100,410.65,464.0,0,0.0,0.0,,0.0,1,22.26,0.04,SPY230331C00479000,479.0,normalDay
2023-02-09,7455.0,-3469.0,0.0,100,407.09,464.0,0,0.0,0.0,,0.0,1,22.26,0.04,SPY230331C00479000,479.0,normalDay
2023-02-10,7455.0,-3374.0,0.0,100,408.04,464.0,0,0.0,0.0,,0.0,1,22.26,0.04,SPY230331C00479000,479.0,normalDay
2023-02-13,7455.0,-2896.0,0.0,100,412.83,464.0,0,0.0,0.0,,0.0,1,22.26,0.05,SPY230331C00479000,479.0,normalDay
2023-02-14,7455.0,-2913.0,0.0,100,412.64,464.0,0,0.0,0.0,,0.0,1,22.26,0.03,SPY230331C00479000,479.0,normalDay
2023-02-15,7455.0,-2779.0,0.0,100,413.98,464.0,0,0.0,0.0,,0.0,1,22.26,0.03,SPY230331C00479000,479.0,normalDay
2023-02-16,7455.0,-3349.0,0.0,100,408.28,464.0,0,0.0,0.0,,0.0,1,22.26,0.03,SPY230331C00479000,479.0,normalDay
2023-02-17,7455.0,-3450.0,0.0,100,407.26,464.0,0,0.0,0.0,,0.0,1,22.26,0.02,SPY230331C00479000,479.0,normalDay
2023-02-21,7455.0,-4267.0,0.0,100,399.09,464.0,0,0.0,0.0,,0.0,1,22.26,0.02,SPY230331C00479000,479.0,normalDay
2023-02-22,7455.0,-4322.0,0.0,100,398.54,464.0,0,0.0,0.0,,0.0,1,22.26,0.02,SPY230331C00479000,479.0,normalDay
2023-02-23,7455.0,-4110.0,0.0,100,400.66,464.0,0,0.0,0.0,,0.0,1,22.26,0.02,SPY230331C00479000,479.0,normalDay
2023-02-24,7455.0,-4538.0,0.0,100,396.38,464.0,0,0.0,0.0,,0.0,1,22.26,0.02,SPY230331C00479000,479.0,normalDay
2023-02-27,7455.0,-4402.0,0.0,100,397.73,464.0,0,0.0,0.0,,0.0,1,22.26,0.01,SPY230331C00479000,479.0,normalDay
2023-02-28,7455.0,-4550.0,0.0,100,396.26,464.0,0,0.0,0.0,,0.0,1,22.26,0.02,SPY230331C00479000,479.0,normalDay
2023-03-01,7455.0,-4701.0,0.0,100,394.74,464.0,0,0.0,0.0,,0.0,1,22.26,0.01,SPY230331C00479000,479.0,normalDay
2023-03-02,7455.0,-4394.0,0.0,100,397.81,464.0,0,0.0,0.0,,0.0,1,22.26,0.01,SPY230331C00479000,479.0,normalDay
2023-03-03,7455.0,-3756.0,0.0,100,404.19,464.0,0,0.0,0.0,,0.0,1,22.26,0.01,SPY230331C00479000,479.0,normalDay
2023-03-06,7455.0,-3728.0,0.0,100,404.47,464.0,0,0.0,0.0,,0.0,1,22.26,0.01,SPY230331C00479000,479.0,normalDay
2023-03-07,7455.0,-4348.0,0.0,100,398.27,464.0,0,0.0,0.0,,0.0,1,22.26,0.01,SPY230331C00479000,479.0,normalDay
2023-03-08,7455.0,-4283.0,0.0,100,398.92,464.0,0,0.0,0.0,,0.0,1,22.26,0.01,SPY230331C00479000,479.0,normalDay
2023-03-09,7455.0,-5019.0,0.0,100,391.56,464.0,0,0.0,0.0,,0.0,1,22.26,0.01,SPY230331C00479000,479.0,normalDay
2023-03-10,7455.0,-5584.0,0.0,100,385.91,464.0,0,0.0,0.0,,0.0,1,22.26,0.01,SPY230331C00479000,479.0,normalDay
2023-03-13,7455.0,-5639.0,0.0,100,385.36,464.0,0,0.0,0.0,,0.0,1,22.26,0.01,SPY230331C00479000,479.0,normalDay
2023-03-14,7455.0,-5002.0,0.0,100,391.73,464.0,0,0.0,0.0,,0.0,1,22.26,0.01,SPY230331C00479000,479.0,normalDay
2023-03-15,7455.0,-5247.0,0.0,100,389.28,464.0,0,0.0,0.0,,0.0,1,22.26,0.01,SPY230331C00479000,479.0,normalDay
2023-03-16,7455.0,-4564.0,0.0,100,396.11,464.0,0,0.0,0.0,,0.0,1,22.26,0.01,SPY230331C00479000,479.0,normalDay
2023-03-17,7455.0,-5176.0,0.0,100,389.99,464.0,0,0.0,0.0,,0.0,1,22.26,0.01,SPY230331C00479000,479.0,normalDay
2023-03-20,7455.0,-4801.0,0.0,100,393.74,464.0,0,0.0,0.0,,0.0,1,22.26,0.01,SPY230331C00479000,479.0,normalDay
2023-03-21,7455.0,-4284.0,0.0,100,398.91,464.0,0,0.0,0.0,,0.0,1,22.26,0.01,SPY230331C00479000,479.0,normalDay
2023-03-22,7455.0,-4964.0,0.0,100,392.11,464.0,0,0.0,0.0,,0.0,1,22.26,0.01,SPY230331C00479000,479.0,normalDay
2023-03-23,7455.0,-4858.0,0.0,100,393.17,464.0,0,0.0,0.0,,0.0,1,22.26,0.01,SPY230331C00479000,479.0,normalDay
2023-03-24,7455.0,-4600.0,0.0,100,395.75,464.0,0,0.0,0.0,,0.0,1,22.26,0.01,SPY230331C00479000,479.0,normalDay
2023-03-27,7455.0,-4526.0,0.0,100,396.49,464.0,0,0.0,0.0,,0.0,1,22.26,0.01,SPY230331C00479000,479.0,normalDay
2023-03-28,7455.0,-4615.0,0.0,100,395.6,464.0,0,0.0,0.0,,0.0,1,22.26,0.01,SPY230331C00479000,479.0,normalDay
2023-03-29,7455.0,-4040.0,0.0,100,401.35,464.0,0,0.0,0.0,,0.0,1,22.26,0.01,SPY230331C00479000,479.0,normalDay
2023-03-30,7455.0,-3805.0,0.0,100,403.7,464.0,0,0.0,0.0,,0.0,1,22.26,0.01,SPY230331C00479000,479.0,normalDay
2023-03-31,9681.0,-5461.0,2226.0,100,409.39,464.0,0,0.0,0.0,,0.0,1,22.26,0.0,SPY230331C00479000,479.0,expirationDay
2023-04-03,9681.0,-5782.0,0.0,100,410.95,464.0,0,0.0,0.0,,0.0,1,33.48,38.25,SPY240328C00415000,415.0,normalDay
2023-04-04,9681.0,-5835.0,0.0,100,408.67,464.0,0,0.0,0.0,,0.0,1,33.48,36.5,SPY240328C00415000,415.0,normalDay
2023-04-05,9681.0,-5771.0,0.0,100,407.6,464.0,0,0.0,0.0,,0.0,1,33.48,34.79,SPY240328C00415000,415.0,normalDay
2023-04-06,9681.0,-5814.0,0.0,100,409.19,464.0,0,0.0,0.0,,0.0,1,33.48,36.81,SPY240328C00415000,415.0,normalDay
2023-04-10,9681.0,-5716.0,0.0,100,409.61,464.0,0,0.0,0.0,,0.0,1,33.48,36.25,SPY240328C00415000,415.0,normalDay
2023-04-11,9681.0,-5780.0,0.0,100,409.72,464.0,0,0.0,0.0,,0.0,1,33.48,37.0,SPY240328C00415000,415.0,normalDay
2023-04-12,9681.0,-5797.0,0.0,100,408.05,464.0,0,0.0,0.0,,0.0,1,33.48,35.5,SPY240328C00415000,415.0,normalDay
2023-04-13,9681.0,-5555.0,0.0,100,413.47,464.0,0,0.0,0.0,,0.0,1,33.48,38.5,SPY240328C00415000,415.0,normalDay
2023-04-14,9681.0,-5606.0,0.0,100,412.46,464.0,0,0.0,0.0,,0.0,1,33.48,38.0,SPY240328C00415000,415.0,normalDay
2023-04-17,9681.0,-5508.0,0.0,100,413.94,464.0,0,0.0,0.0,,0.0,1,33.48,38.5,SPY240328C00415000,415.0,normalDay
2023-04-18,9681.0,-5481.0,0.0,100,414.21,464.0,0,0.0,0.0,,0.0,1,33.48,38.5,SPY240328C00415000,415.0,normalDay
2023-04-19,9681.0,-5488.0,0.0,100,414.14,464.0,0,0.0,0.0,,0.0,1,33.48,38.5,SPY240328C00415000,415.0,normalDay
2023-04-20,9681.0,-5614.0,0.0,100,411.88,464.0,0,0.0,0.0,,0.0,1,33.48,37.5,SPY240328C00415000,415.0,normalDay
2023-04-21,9681.0,-5582.0,0.0,100,412.2,464.0,0,0.0,0.0,,0.0,1,33.48,37.5,SPY240328C00415000,415.0,normalDay
2023-04-24,9681.0,-5585.0,0.0,100,412.63,464.0,0,0.0,0.0,,0.0,1,33.48,37.96,SPY240328C00415000,415.0,normalDay
2023-04-25,9681.0,-5814.0,0.0,100,406.08,464.0,0,0.0,0.0,,0.0,1,33.48,33.7,SPY240328C00415000,415.0,normalDay
2023-04-26,9681.0,-5761.0,0.0,100,404.36,464.0,0,0.0,0.0,,0.0,1,33.48,31.45,SPY240328C00415000,415.0,normalDay
2023-04-27,9681.0,-5487.0,0.0,100,412.41,464.0,0,0.0,0.0,,0.0,1,33.48,36.76,SPY240328C00415000,415.0,normalDay
2023-04-28,9681.0,-5220.0,0.0,100,415.93,464.0,0,0.0,0.0,,0.0,1,33.48,37.61,SPY240328C00415000,415.0,normalDay
2023-05-01,9681.0,-5238.0,0.0,100,415.51,464.0,0,0.0,0.0,,0.0,1,33.48,37.37,SPY240328C00415000,415.0,normalDay
2023-05-02,9681.0,-5400.0,0.0,100,410.84,464.0,0,0.0,0.0,,0.0,1,33.48,34.32,SPY240328C00415000,415.0,normalDay
2023-05-03,9681.0,-5556.0,0.0,100,408.02,464.0,0,0.0,0.0,,0.0,1,33.48,33.06,SPY240328C00415000,415.0,normalDay
2023-05-04,9681.0,-5618.0,0.0,100,405.13,464.0,0,0.0,0.0,,0.0,1,33.48,30.79,SPY240328C00415000,415.0,normalDay
2023-05-05,9681.0,-5275.0,0.0,100,412.63,464.0,0,0.0,0.0,,0.0,1,33.48,34.86,SPY240328C00415000,415.0,normalDay
2023-05-08,9681.0,-5254.0,0.0,100,412.74,464.0,0,0.0,0.0,,0.0,1,33.48,34.76,SPY240328C00415000,415.0,normalDay
2023-05-09,9681.0,-5352.0,0.0,100,410.93,464.0,0,0.0,0.0,,0.0,1,33.48,33.93,SPY240328C00415000,415.0,normalDay
2023-05-10,9681.0,-5242.0,0.0,100,412.85,464.0,0,0.0,0.0,,0.0,1,33.48,34.75,SPY240328C00415000,415.0,normalDay
2023-05-11,9681.0,-5213.0,0.0,100,412.13,464.0,0,0.0,0.0,,0.0,1,33.48,33.74,SPY240328C00415000,415.0,normalDay
2023-05-12,9681.0,-5216.0,0.0,100,411.59,464.0,0,0.0,0.0,,0.0,1,33.48,33.23,SPY240328C00415000,415.0,normalDay
2023-05-15,9681.0,-5145.0,0.0,100,413.01,464.0,0,0.0,0.0,,0.0,1,33.48,33.94,SPY240328C00415000,415.0,normalDay
2023-05-16,9681.0,-5280.0,0.0,100,410.25,464.0,0,0.0,0.0,,0.0,1,33.48,32.53,SPY240328C00415000,415.0,normalDay
2023-05-17,9681.0,-5044.0,0.0,100,415.23,464.0,0,0.0,0.0,,0.0,1,33.48,35.15,SPY240328C00415000,415.0,normalDay
2023-05-18,9681.0,-4872.0,0.0,100,419.23,464.0,0,0.0,0.0,,0.0,1,33.48,37.43,SPY240328C00415000,415.0,normalDay
2023-05-19,9681.0,-4917.0,0.0,100,418.62,464.0,0,0.0,0.0,,0.0,1,33.48,37.27,SPY240328C00415000,415.0,normalDay
2023-05-22,9681.0,-4923.0,0.0,100,418.79,464.0,0,0.0,0.0,,0.0,1,33.48,37.5,SPY240328C00415000,415.0,normalDay
2023-05-23,9681.0,-5086.0,0.0,100,414.09,464.0,0,0.0,0.0,,0.0,1,33.48,34.43,SPY240328C00415000,415.0,normalDay
2023-05-24,9681.0,-5221.0,0.0,100,411.09,464.0,0,0.0,0.0,,0.0,1,33.48,32.78,SPY240328C00415000,415.0,normalDay
2023-05-25,9681.0,-5059.0,0.0,100,414.65,464.0,0,0.0,0.0,,0.0,1,33.48,34.72,SPY240328C00415000,415.0,normalDay
2023-05-26,9681.0,-4885.0,0.0,100,420.02,464.0,0,0.0,0.0,,0.0,1,33.48,38.35,SPY240328C00415000,415.0,normalDay
2023-05-30,9681.0,-4830.0,0.0,100,420.18,464.0,0,0.0,0.0,,0.0,1,33.48,37.96,SPY240328C00415000,415.0,normalDay
2023-05-31,9681.0,-4877.0,0.0,100,417.85,464.0,0,0.0,0.0,,0.0,1,33.48,36.1,SPY240328C00415000,415.0,normalDay
2023-06-01,9681.0,-4685.0,0.0,100,421.82,464.0,0,0.0,0.0,,0.0,1,33.48,38.15,SPY240328C00415000,415.0,normalDay
2023-06-02,9681.0,-4479.0,0.0,100,427.92,464.0,0,0.0,0.0,,0.0,1,33.48,42.19,SPY240328C00415000,415.0,normalDay
2023-06-05,9681.0,-4477.0,0.0,100,427.1,464.0,0,0.0,0.0,,0.0,1,33.48,41.35,SPY240328C00415000,415.0,normalDay
2023-06-06,9681.0,-4416.0,0.0,100,428.03,464.0,0,0.0,0.0,,0.0,1,33.48,41.67,SPY240328C00415000,415.0,normalDay
2023-06-07,9681.0,-4417.0,0.0,100,426.55,464.0,0,0.0,0.0,,0.0,1,33.48,40.2,SPY240328C00415000,415.0,normalDay
2023-06-08,9681.0,-4271.0,0.0,100,429.13,464.0,0,0.0,0.0,,0.0,1,33.48,41.32,SPY240328C00415000,415.0,normalDay
2023-06-09,9681.0,-4310.0,0.0,100,429.9,464.0,0,0.0,0.0,,0.0,1,33.48,42.48,SPY240328C00415000,415.0,normalDay
2023-06-12,9681.0,-4171.0,0.0,100,433.8,464.0,0,0.0,0.0,,0.0,1,33.48,44.99,SPY240328C00415000,415.0,normalDay
2023-06-13,9681.0,-4125.0,0.0,100,436.66,464.0,0,0.0,0.0,,0.0,1,33.48,47.39,SPY240328C00415000,415.0,normalDay
2023-06-14,9681.0,-4142.0,0.0,100,437.18,464.0,0,0.0,0.0,,0.0,1,33.48,48.08,SPY240328C00415000,415.0,normalDay
2023-06-15,9681.0,-3960.0,0.0,100,442.6,464.0,0,0.0,0.0,,0.0,1,33.48,51.68,SPY240328C00415000,415.0,normalDay
2023-06-16,9681.0,-4221.0,0.0,100,439.46,464.0,0,0.0,0.0,,0.0,1,33.48,51.15,SPY240328C00415000,415.0,normalDay
2023-06-20,9681.0,-4222.0,0.0,100,437.18,464.0,0,0.0,0.0,,0.0,1,33.48,48.88,SPY240328C00415000,415.0,normalDay
2023-06-21,9681.0,-4281.0,0.0,100,434.94,464.0,0,0.0,0.0,,0.0,1,33.48,47.23,SPY240328C00415000,415.0,normalDay
2023-06-22,9681.0,-4198.0,0.0,100,436.51,464.0,0,0.0,0.0,,0.0,1,33.48,47.97,SPY240328C00415000,415.0,normalDay
2023-06-23,9681.0,-4280.0,0.0,100,433.21,464.0,0,0.0,0.0,,0.0,1,33.48,45.49,SPY240328C00415000,415.0,normalDay
2023-06-26,9681.0,-4306.0,0.0,100,431.44,464.0,0,0.0,0.0,,0.0,1,33.48,43.98,SPY240328C00415000,415.0,normalDay
2023-06-27,9681.0,-4115.0,0.0,100,436.17,464.0,0,0.0,0.0,,0.0,1,33.48,46.8,SPY240328C00415000,415.0,normalDay
2023-06-28,9681.0,-4108.0,0.0,100,436.39,464.0,0,0.0,0.0,,0.0,1,33.48,46.95,SPY240328C00415000,415.0,normalDay
2023-06-29,9681.0,-4054.0,0.0,100,438.11,464.0,0,0.0,0.0,,0.0,1,33.48,48.13,SPY240328C00415000,415.0,normalDay
2023-06-30,9681.0,-3957.0,0.0,100,443.28,464.0,0,0.0,0.0,,0.0,1,33.48,52.33,SPY240328C00415000,415.0,normalDay
2023-07-03,9681.0,-3937.0,0.0,100,443.79,464.0,0,0.0,0.0,,0.0,1,33.48,52.64,SPY240328C00415000,415.0,normalDay
2023-07-05,9681.0,-3942.0,0.0,100,443.13,464.0,0,0.0,0.0,,0.0,1,33.48,52.03,SPY240328C00415000,415.0,normalDay
2023-07-06,9681.0,-4042.0,0.0,100,439.66,464.0,0,0.0,0.0,,0.0,1,33.48,49.56,SPY240328C00415000,415.0,normalDay
2023-07-07,9681.0,-4062.0,0.0,100,438.55,464.0,0,0.0,0.0,,0.0,1,33.48,48.65,SPY240328C00415000,415.0,normalDay
2023-07-10,9681.0,-3999.0,0.0,100,439.66,464.0,0,0.0,0.0,,0.0,1,33.48,49.13,SPY240328C00415000,415.0,normalDay
2023-07-11,9681.0,-3893.0,0.0,100,442.46,464.0,0,0.0,0.0,,0.0,1,33.48,50.87,SPY240328C00415000,415.0,normalDay
2023-07-12,9681.0,-3793.0,0.0,100,446.02,464.0,0,0.0,0.0,,0.0,1,33.48,53.43,SPY240328C00415000,415.0,normalDay
2023-07-13,9681.0,-3706.0,0.0,100,449.56,464.0,0,0.0,0.0,,0.0,1,33.48,56.1,SPY240328C00415000,415.0,normalDay
2023-07-14,9681.0,-3700.0,0.0,100,449.28,464.0,0,0.0,0.0,,0.0,1,33.48,55.76,SPY240328C00415000,415.0,normalDay
2023-07-17,9681.0,-3655.0,0.0,100,450.84,464.0,0,0.0,0.0,,0.0,1,33.48,56.87,SPY240328C00415000,415.0,normalDay
2023-07-18,9681.0,-3611.0,0.0,100,454.19,464.0,0,0.0,0.0,,0.0,1,33.48,59.78,SPY240328C00415000,415.0,normalDay
2023-07-19,9681.0,-3627.0,0.0,100,455.2,464.0,0,0.0,0.0,,0.0,1,33.48,60.95,SPY240328C00415000,415.0,normalDay
2023-07-20,9681.0,-3699.0,0.0,100,452.18,464.0,0,0.0,0.0,,0.0,1,33.48,58.65,SPY240328C00415000,415.0,normalDay
2023-07-21,9681.0,-3650.0,0.0,100,452.18,464.0,0,0.0,0.0,,0.0,1,33.48,58.16,SPY240328C00415000,415.0,normalDay
2023-07-24,9681.0,-3619.0,0.0,100,454.2,464.0,0,0.0,0.0,,0.0,1,33.48,59.87,SPY240328C00415000,415.0,normalDay
2023-07-25,9681.0,-3678.0,0.0,100,455.44,464.0,0,0.0,0.0,,0.0,1,33.48,61.7,SPY240328C00415000,415.0,normalDay
2023-07-26,9681.0,-3726.0,0.0,100,455.51,464.0,0,0.0,0.0,,0.0,1,33.48,62.25,SPY240328C00415000,415.0,normalDay
2023-07-27,9681.0,-3680.0,0.0,100,452.49,464.0,0,0.0,0.0,,0.0,1,33.48,58.77,SPY240328C00415000,415.0,normalDay
2023-07-28,9681.0,-3563.0,0.0,100,456.92,464.0,0,0.0,0.0,,0.0,1,33.48,62.03,SPY240328C00415000,415.0,normalDay
2023-07-31,9681.0,-3546.0,0.0,100,457.79,464.0,0,0.0,0.0,,0.0,1,33.48,62.73,SPY240328C00415000,415.0,normalDay
2023-08-01,9681.0,-3541.0,0.0,100,456.48,464.0,0,0.0,0.0,,0.0,1,33.48,61.37,SPY240328C00415000,415.0,normalDay
2023-08-02,9681.0,-3725.0,0.0,100,450.13,464.0,0,0.0,0.0,,0.0,1,33.48,56.86,SPY240328C00415000,415.0,normalDay
2023-08-03,9681.0,-3935.0,0.0,100,448.84,464.0,0,0.0,0.0,,0.0,1,33.48,57.67,SPY240328C00415000,415.0,normalDay
2023-08-04,9681.0,-3784.0,0.0,100,446.81,464.0,0,0.0,0.0,,0.0,1,33.48,54.13,SPY240328C00415000,415.0,normalDay
2023-08-07,9681.0,-3642.0,0.0,100,450.71,464.0,0,0.0,0.0,,0.0,1,33.48,56.61,SPY240328C00415000,415.0,normalDay
2023-08-08,9681.0,-3665.0,0.0,100,448.75,464.0,0,0.0,0.0,,0.0,1,33.48,54.88,SPY240328C00415000,415.0,normalDay
2023-08-09,9681.0,-3764.0,0.0,100,445.75,464.0,0,0.0,0.0,,0.0,1,33.48,52.87,SPY240328C00415000,415.0,normalDay
2023-08-10,9681.0,-3685.0,0.0,100,445.91,464.0,0,0.0,0.0,,0.0,1,33.48,52.24,SPY240328C00415000,415.0,normalDay
2023-08-11,9681.0,-3680.0,0.0,100,445.65,464.0,0,0.0,0.0,,0.0,1,33.48,51.93,SPY240328C00415000,415.0,normalDay
2023-08-14,9681.0,-3596.0,0.0,100,448.11,464.0,0,0.0,0.0,,0.0,1,33.48,53.55,SPY240328C00415000,415.0,normalDay
2023-08-15,9681.0,-3716.0,0.0,100,442.89,464.0,0,0.0,0.0,,0.0,1,33.48,49.53,SPY240328C00415000,415.0,normalDay
2023-08-16,9681.0,-3788.0,0.0,100,439.64,464.0,0,0.0,0.0,,0.0,1,33.48,47.0,SPY240328C00415000,415.0,normalDay
2023-08-17,9681.0,-3852.0,0.0,100,436.29,464.0,0,0.0,0.0,,0.0,1,33.48,44.29,SPY240328C00415000,415.0,normalDay
2023-08-18,9681.0,-3826.0,0.0,100,436.5,464.0,0,0.0,0.0,,0.0,1,33.48,44.24,SPY240328C00415000,415.0,normalDay
2023-08-21,9681.0,-3699.0,0.0,100,439.34,464.0,0,0.0,0.0,,0.0,1,33.48,45.81,SPY240328C00415000,415.0,normalDay
2023-08-22,9681.0,-3731.0,0.0,100,438.15,464.0,0,0.0,0.0,,0.0,1,33.48,44.94,SPY240328C00415000,415.0,normalDay
2023-08-23,9681.0,-3722.0,0.0,100,443.03,464.0,0,0.0,0.0,,0.0,1,33.48,49.73,SPY240328C00415000,415.0,normalDay
2023-08-24,9681.0,-3796.0,0.0,100,436.89,464.0,0,0.0,0.0,,0.0,1,33.48,44.33,SPY240328C00415000,415.0,normalDay
2023-08-25,9681.0,-3706.0,0.0,100,439.97,464.0,0,0.0,0.0,,0.0,1,33.48,46.51,SPY240328C00415000,415.0,normalDay
2023-08-28,9681.0,-3597.0,0.0,100,442.76,464.0,0,0.0,0.0,,0.0,1,33.48,48.21,SPY240328C00415000,415.0,normalDay
2023-08-29,9681.0,-3437.0,0.0,100,449.16,464.0,0,0.0,0.0,,0.0,1,33.48,53.01,SPY240328C00415000,415.0,normalDay
2023-08-30,9681.0,-3380.0,0.0,100,451.01,464.0,0,0.0,0.0,,0.0,1,33.48,54.29,SPY240328C00415000,415.0,normalDay
2023-08-31,9681.0,-3380.0,0.0,100,450.35,464.0,0,0.0,0.0,,0.0,1,33.48,53.63,SPY240328C00415000,415.0,normalDay
2023-09-01,9681.0,-3251.0,0.0,100,451.19,464.0,0,0.0,0.0,,0.0,1,33.48,53.18,SPY240328C00415000,415.0,normalDay
2023-09-05,9681.0,-3287.0,0.0,100,449.24,464.0,0,0.0,0.0,,0.0,1,33.48,51.59,SPY240328C00415000,415.0,normalDay
2023-09-06,9681.0,-3332.0,0.0,100,446.22,464.0,0,0.0,0.0,,0.0,1,33.48,49.02,SPY240328C00415000,415.0,normalDay
2023-09-07,9681.0,-3355.0,0.0,100,444.85,464.0,0,0.0,0.0,,0.0,1,33.48,47.88,SPY240328C00415000,415.0,normalDay
2023-09-08,9681.0,-3336.0,0.0,100,445.52,464.0,0,0.0,0.0,,0.0,1,33.48,48.36,SPY240328C00415000,415.0,normalDay
2023-09-11,9681.0,-3229.0,0.0,100,448.45,464.0,0,0.0,0.0,,0.0,1,33.48,50.22,SPY240328C00415000,415.0,normalDay
2023-09-12,9681.0,-3274.0,0.0,100,445.99,464.0,0,0.0,0.0,,0.0,1,33.48,48.21,SPY240328C00415000,415.0,normalDay
2023-09-13,9681.0,-3245.0,0.0,100,446.51,464.0,0,0.0,0.0,,0.0,1,33.48,48.44,SPY240328C00415000,415.0,normalDay
2023-09-14,9681.0,-3137.0,0.0,100,450.36,464.0,0,0.0,0.0,,0.0,1,33.48,51.21,SPY240328C00415000,415.0,normalDay
2023-09-15,9681.0,-3375.0,0.0,100,443.37,464.0,0,0.0,0.0,,0.0,1,33.48,46.6,SPY240328C00415000,415.0,normalDay
2023-09-18,9681.0,-3356.0,0.0,100,443.63,464.0,0,0.0,0.0,,0.0,1,33.48,46.67,SPY240328C00415000,415.0,normalDay
2023-09-19,9681.0,-3363.0,0.0,100,442.71,464.0,0,0.0,0.0,,0.0,1,33.48,45.82,SPY240328C00415000,415.0,normalDay
2023-09-20,9681.0,-3416.0,0.0,100,438.64,464.0,0,0.0,0.0,,0.0,1,33.48,42.28,SPY240328C00415000,415.0,normalDay
2023-09-21,9681.0,-3609.0,0.0,100,431.39,464.0,0,0.0,0.0,,0.0,1,33.48,36.96,SPY240328C00415000,415.0,normalDay
2023-09-22,9681.0,-3660.0,0.0,100,430.42,464.0,0,0.0,0.0,,0.0,1,33.48,36.5,SPY240328C00415000,415.0,normalDay
2023-09-25,9681.0,-3585.0,0.0,100,432.23,464.0,0,0.0,0.0,,0.0,1,33.48,37.56,SPY240328C00415000,415.0,normalDay
2023-09-26,9681.0,-3856.0,0.0,100,425.88,464.0,0,0.0,0.0,,0.0,1,33.48,33.92,SPY240328C00415000,415.0,normalDay
2023-09-27,9681.0,-3821.0,0.0,100,426.05,464.0,0,0.0,0.0,,0.0,1,33.48,33.74,SPY240328C00415000,415.0,normalDay
2023-09-28,9681.0,-3652.0,0.0,100,428.52,464.0,0,0.0,0.0,,0.0,1,33.48,34.52,SPY240328C00415000,415.0,normalDay
2023-09-29,9681.0,-3732.0,0.0,100,427.48,464.0,0,0.0,0.0,,0.0,1,33.48,34.28,SPY240328C00415000,415.0,normalDay
2023-10-02,9681.0,-3684.0,0.0,100,427.31,464.0,0,0.0,0.0,,0.0,1,33.48,33.63,SPY240328C00415000,415.0,normalDay
2023-10-03,9681.0,-3937.0,0.0,100,421.59,464.0,0,0.0,0.0,,0.0,1,33.48,30.44,SPY240328C00415000,415.0,normalDay
2023-10-04,9681.0,-3764.0,0.0,100,424.66,464.0,0,0.0,0.0,,0.0,1,33.48,31.78,SPY240328C00415000,415.0,normalDay
2023-10-05,9681.0,-3722.0,0.0,100,424.5,464.0,0,0.0,0.0,,0.0,1,33.48,31.2,SPY240328C00415000,415.0,normalDay
2023-10-06,9681.0,-3594.0,0.0,100,429.54,464.0,0,0.0,0.0,,0.0,1,33.48,34.96,SPY240328C00415000,415.0,normalDay
2023-10-09,9681.0,-3505.0,0.0,100,432.29,464.0,0,0.0,0.0,,0.0,1,33.48,36.82,SPY240328C00415000,415.0,normalDay
2023-10-10,9681.0,-3406.0,0.0,100,434.54,464.0,0,0.0,0.0,,0.0,1,33.48,38.08,SPY240328C00415000,415.0,normalDay
2023-10-11,9681.0,-3384.0,0.0,100,436.32,464.0,0,0.0,0.0,,0.0,1,33.48,39.64,SPY240328C00415000,415.0,normalDay
2023-10-12,9681.0,-3415.0,0.0,100,433.66,464.0,0,0.0,0.0,,0.0,1,33.48,37.29,SPY240328C00415000,415.0,normalDay
2023-10-13,9681.0,-3494.0,0.0,100,431.5,464.0,0,0.0,0.0,,0.0,1,33.48,35.92,SPY240328C00415000,415.0,normalDay
2023-10-16,9681.0,-3343.0,0.0,100,436.04,464.0,0,0.0,0.0,,0.0,1,33.48,38.95,SPY240328C00415000,415.0,normalDay
2023-10-17,9681.0,-3306.0,0.0,100,436.02,464.0,0,0.0,0.0,,0.0,1,33.48,38.56,SPY240328C00415000,415.0,normalDay
2023-10-18,9681.0,-3583.0,0.0,100,430.21,464.0,0,0.0,0.0,,0.0,1,33.48,35.52,SPY240328C00415000,415.0,normalDay
2023-10-19,9681.0,-3649.0,0.0,100,426.43,464.0,0,0.0,0.0,,0.0,1,33.48,32.4,SPY240328C00415000,415.0,normalDay
2023-10-20,9681.0,-3805.0,0.0,100,421.19,464.0,0,0.0,0.0,,0.0,1,33.48,28.72,SPY240328C00415000,415.0,normalDay
2023-10-23,9681.0,-3807.0,0.0,100,420.46,464.0,0,0.0,0.0,,0.0,1,33.48,28.01,SPY240328C00415000,415.0,normalDay
2023-10-24,9681.0,-3621.0,0.0,100,423.63,464.0,0,0.0,0.0,,0.0,1,33.48,29.32,SPY240328C00415000,415.0,normalDay
2023-10-25,9681.0,-3851.0,0.0,100,417.55,464.0,0,0.0,0.0,,0.0,1,33.48,25.54,SPY240328C00415000,415.0,normalDay
2023-10-26,9681.0,-4012.0,0.0,100,412.55,464.0,0,0.0,0.0,,0.0,1,33.48,22.15,SPY240328C00415000,415.0,normalDay
2023-10-27,9681.0,-4081.0,0.0,100,410.68,464.0,0,0.0,0.0,,0.0,1,33.48,20.97,SPY240328C00415000,415.0,normalDay
2023-10-30,9681.0,-3803.0,0.0,100,415.59,464.0,0,0.0,0.0,,0.0,1,33.48,23.1,SPY240328C00415000,415.0,normalDay
2023-10-31,9681.0,-3649.0,0.0,100,418.2,464.0,0,0.0,0.0,,0.0,1,33.48,24.17,SPY240328C00415000,415.0,normalDay
2023-11-01,9681.0,-3433.0,0.0,100,422.66,464.0,0,0.0,0.0,,0.0,1,33.48,26.47,SPY240328C00415000,415.0,normalDay
2023-11-02,9681.0,-3181.0,0.0,100,430.76,464.0,0,0.0,0.0,,0.0,1,33.48,32.05,SPY240328C00415000,415.0,normalDay
2023-11-03,9681.0,-3099.0,0.0,100,434.69,464.0,0,0.0,0.0,,0.0,1,33.48,35.16,SPY240328C00415000,415.0,normalDay
2023-11-06,9681.0,-2991.0,0.0,100,435.69,464.0,0,0.0,0.0,,0.0,1,33.48,35.08,SPY240328C00415000,415.0,normalDay
2023-11-07,9681.0,-2977.0,0.0,100,436.93,464.0,0,0.0,0.0,,0.0,1,33.48,36.18,SPY240328C00415000,415.0,normalDay
2023-11-08,9681.0,-2926.0,0.0,100,437.25,464.0,0,0.0,0.0,,0.0,1,33.48,35.99,SPY240328C00415000,415.0,normalDay
2023-11-09,9681.0,-3054.0,0.0,100,433.84,464.0,0,0.0,0.0,,0.0,1,33.48,33.86,SPY240328C00415000,415.0,normalDay
2023-11-10,9681.0,-2874.0,0.0,100,440.61,464.0,0,0.0,0.0,,0.0,1,33.48,38.83,SPY240328C00415000,415.0,normalDay
2023-11-13,9681.0,-2857.0,0.0,100,440.19,464.0,0,0.0,0.0,,0.0,1,33.48,38.24,SPY240328C00415000,415.0,normalDay
2023-11-14,9681.0,-2731.0,0.0,100,448.73,464.0,0,0.0,0.0,,0.0,1,33.48,45.52,SPY240328C00415000,415.0,normalDay
2023-11-15,9681.0,-2641.0,0.0,100,449.68,464.0,0,0.0,0.0,,0.0,1,33.48,45.57,SPY240328C00415000,415.0,normalDay
2023-11-16,9681.0,-2646.0,0.0,100,450.23,464.0,0,0.0,0.0,,0.0,1,33.48,46.17,SPY240328C00415000,415.0,normalDay
2023-11-17,9681.0,-2607.0,0.0,100,450.79,464.0,0,0.0,0.0,,0.0,1,33.48,46.34,SPY240328C00415000,415.0,normalDay
2023-11-20,9681.0,-2552.0,0.0,100,454.26,464.0,0,0.0,0.0,,0.0,1,33.48,49.26,SPY240328C00415000,415.0,normalDay
2023-11-21,9681.0,-2509.0,0.0,100,453.27,464.0,0,0.0,0.0,,0.0,1,33.48,47.84,SPY240328C00415000,415.0,normalDay
2023-11-22,9681.0,-2579.0,0.0,100,455.02,464.0,0,0.0,0.0,,0.0,1,33.48,50.29,SPY240328C00415000,415.0,normalDay
2023-11-24,9681.0,-2568.0,0.0,100,455.3,464.0,0,0.0,0.0,,0.0,1,33.48,50.46,SPY240328C00415000,415.0,normalDay
2023-11-27,9681.0,-2571.0,0.0,100,454.48,464.0,0,0.0,0.0,,0.0,1,33.48,49.67,SPY240328C00415000,415.0,normalDay
2023-11-28,9681.0,-2548.0,0.0,100,454.93,464.0,0,0.0,0.0,,0.0,1,33.48,49.89,SPY240328C00415000,415.0,normalDay
2023-11-29,9681.0,-2512.0,0.0,100,454.61,464.0,0,0.0,0.0,,0.0,1,33.48,49.21,SPY240328C00415000,415.0,normalDay
2023-11-30,9681.0,-2509.0,0.0,100,456.4,464.0,0,0.0,0.0,,0.0,1,33.48,50.97,SPY240328C00415000,415.0,normalDay
