date,totalCapital,unrializedPnL,rializedPnL,stocksOwned,stocksPriceToday,stocksPriceBoughtAt,putOwned,putOwnedSoldAt,putPriceToday,putOwnedContract,putOwnedStrike,callOwned,callOwnedSoldAt,callPriceToday,callOwnedContract,callOwnedStrike,trackType
2018-11-01,0.0,-9.0,0.0,0,273.51,0.0,1,4.89,4.98,SPY190315P00250000,250.0,0,0.0,0.0,,0.0,normalDay
2018-11-02,0.0,-36.0,0.0,0,271.89,0.0,1,4.89,5.25,SPY190315P00250000,250.0,0,0.0,0.0,,0.0,normalDay
2018-11-05,0.0,9.0,0.0,0,273.39,0.0,1,4.89,4.8,SPY190315P00250000,250.0,0,0.0,0.0,,0.0,normalDay
2018-11-06,0.0,52.0,0.0,0,275.12,0.0,1,4.89,4.37,SPY190315P00250000,250.0,0,0.0,0.0,,0.0,normalDay
2018-11-07,0.0,182.0,0.0,0,281.01,0.0,1,4.89,3.07,SPY190315P00250000,250.0,0,0.0,0.0,,0.0,normalDay
2018-11-08,0.0,183.0,0.0,0,280.5,0.0,1,4.89,3.06,SPY190315P00250000,250.0,0,0.0,0.0,,0.0,normalDay
2018-11-09,0.0,124.0,0.0,0,277.76,0.0,1,4.89,3.65,SPY190315P00250000,250.0,0,0.0,0.0,,0.0,normalDay
2018-11-12,0.0,12.0,0.0,0,272.57,0.0,1,4.89,4.77,SPY190315P00250000,250.0,0,0.0,0.0,,0.0,normalDay
2018-11-13,0.0,-8.0,0.0,0,272.06,0.0,1,4.89,4.97,SPY190315P00250000,250.0,0,0.0,0.0,,0.0,normalDay
2018-11-14,0.0,-72.0,0.0,0,270.2,0.0,1,4.89,5.61,SPY190315P00250000,250.0,0,0.0,0.0,,0.0,normalDay
2018-11-15,0.0,8.0,0.0,0,273.02,0.0,1,4.89,4.81,SPY190315P00250000,250.0,0,0.0,0.0,,0.0,normalDay
2018-11-16,0.0,58.0,0.0,0,273.73,0.0,1,4.89,4.31,SPY190315P00250000,250.0,0,0.0,0.0,,0.0,normalDay
2018-11-19,0.0,-52.0,0.0,0,269.1,0.0,1,4.89,5.41,SPY190315P00250000,250.0,0,0.0,0.0,,0.0,normalDay
2018-11-20,0.0,-216.0,0.0,0,264.12,0.0,1,4.89,7.05,SPY190315P00250000,250.0,0,0.0,0.0,,0.0,normalDay
2018-11-21,0.0,-150.0,0.0,0,265.02,0.0,1,4.89,6.39,SPY190315P00250000,250.0,0,0.0,0.0,,0.0,normalDay
2018-11-23,0.0,-202.0,0.0,0,263.25,0.0,1,4.89,6.91,SPY190315P00250000,250.0,0,0.0,0.0,,0.0,normalDay
2018-11-26,0.0,-20.0,0.0,0,267.5,0.0,1,4.89,5.09,SPY190315P00250000,250.0,0,0.0,0.0,,0.0,normalDay
2018-11-27,0.0,-5.0,0.0,0,268.4,0.0,1,4.89,4.94,SPY190315P00250000,250.0,0,0.0,0.0,,0.0,normalDay
2018-11-28,0.0,116.0,0.0,0,274.58,0.0,1,4.89,3.73,SPY190315P00250000,250.0,0,0.0,0.0,,0.0,normalDay
2018-11-29,0.0,100.0,0.0,0,273.98,0.0,1,4.89,3.89,SPY190315P00250000,250.0,0,0.0,0.0,,0.0,normalDay
2018-11-30,0.0,144.0,0.0,0,275.65,0.0,1,4.89,3.45,SPY190315P00250000,250.0,0,0.0,0.0,,0.0,normalDay
2018-12-03,0.0,221.0,0.0,0,279.3,0.0,1,4.89,2.68,SPY190315P00250000,250.0,0,0.0,0.0,,0.0,normalDay
2018-12-04,0.0,19.0,0.0,0,270.25,0.0,1,4.89,4.7,SPY190315P00250000,250.0,0,0.0,0.0,,0.0,normalDay
2018-12-06,0.0,11.0,0.0,0,269.84,0.0,1,4.89,4.78,SPY190315P00250000,250.0,0,0.0,0.0,,0.0,normalDay
2018-12-07,0.0,-173.0,0.0,0,263.57,0.0,1,4.89,6.62,SPY190315P00250000,250.0,0,0.0,0.0,,0.0,normalDay
2018-12-10,0.0,-119.0,0.0,0,264.07,0.0,1,4.89,6.08,SPY190315P00250000,250.0,0,0.0,0.0,,0.0,normalDay
2018-12-11,0.0,-108.0,0.0,0,264.13,0.0,1,4.89,5.97,SPY190315P00250000,250.0,0,0.0,0.0,,0.0,normalDay
2018-12-12,0.0,-77.0,0.0,0,265.46,0.0,1,4.89,5.66,SPY190315P00250000,250.0,0,0.0,0.0,,0.0,normalDay
2018-12-13,0.0,-56.0,0.0,0,265.37,0.0,1,4.89,5.45,SPY190315P00250000,250.0,0,0.0,0.0,,0.0,normalDay
2018-12-14,0.0,-191.0,0.0,0,260.47,0.0,1,4.89,6.8,SPY190315P00250000,250.0,0,0.0,0.0,,0.0,normalDay
2018-12-17,0.0,-379.0,0.0,0,255.36,0.0,1,4.89,8.68,SPY190315P00250000,250.0,0,0.0,0.0,,0.0,normalDay
2018-12-18,0.0,-421.0,0.0,0,255.08,0.0,1,4.89,9.1,SPY190315P00250000,250.0,0,0.0,0.0,,0.0,normalDay
2018-12-19,0.0,-514.0,0.0,0,251.26,0.0,1,4.89,10.03,SPY190315P00250000,250.0,0,0.0,0.0,,0.0,normalDay
2018-12-20,0.0,-720.0,0.0,0,247.17,0.0,1,4.89,12.09,SPY190315P00250000,250.0,0,0.0,0.0,,0.0,normalDay
2018-12-21,0.0,-1091.0,0.0,0,240.7,0.0,1,4.89,15.8,SPY190315P00250000,250.0,0,0.0,0.0,,0.0,normalDay
2018-12-24,0.0,-1674.0,0.0,0,234.34,0.0,1,4.89,21.63,SPY190315P00250000,250.0,0,0.0,0.0,,0.0,normalDay
2018-12-26,0.0,-717.0,0.0,0,246.18,0.0,1,4.89,12.06,SPY190315P00250000,250.0,0,0.0,0.0,,0.0,normalDay
2018-12-27,0.0,-647.0,0.0,0,248.07,0.0,1,4.89,11.36,SPY190315P00250000,250.0,0,0.0,0.0,,0.0,normalDay
2018-12-28,0.0,-654.0,0.0,0,247.75,0.0,1,4.89,11.43,SPY190315P00250000,250.0,0,0.0,0.0,,0.0,normalDay
2018-12-31,0.0,-480.0,0.0,0,249.92,0.0,1,4.89,9.69,SPY190315P00250000,250.0,0,0.0,0.0,,0.0,normalDay
2019-01-02,0.0,-401.0,0.0,0,250.18,0.0,1,4.89,8.9,SPY190315P00250000,250.0,0,0.0,0.0,,0.0,normalDay
2019-01-03,0.0,-745.0,0.0,0,244.21,0.0,1,4.89,12.34,SPY190315P00250000,250.0,0,0.0,0.0,,0.0,normalDay
2019-01-04,0.0,-284.0,0.0,0,252.39,0.0,1,4.89,7.73,SPY190315P00250000,250.0,0,0.0,0.0,,0.0,normalDay
2019-01-07,0.0,-199.0,0.0,0,254.38,0.0,1,4.89,6.88,SPY190315P00250000,250.0,0,0.0,0.0,,0.0,normalDay
2019-01-08,0.0,-91.0,0.0,0,256.77,0.0,1,4.89,5.8,SPY190315P00250000,250.0,0,0.0,0.0,,0.0,normalDay
2019-01-09,0.0,-36.0,0.0,0,257.97,0.0,1,4.89,5.25,SPY190315P00250000,250.0,0,0.0,0.0,,0.0,normalDay
2019-01-10,0.0,7.0,0.0,0,258.88,0.0,1,4.89,4.82,SPY190315P00250000,250.0,0,0.0,0.0,,0.0,normalDay
2019-01-11,0.0,46.0,0.0,0,258.98,0.0,1,4.89,4.43,SPY190315P00250000,250.0,0,0.0,0.0,,0.0,normalDay
2019-01-14,0.0,23.0,0.0,0,257.4,0.0,1,4.89,4.66,SPY190315P00250000,250.0,0,0.0,0.0,,0.0,normalDay
2019-01-15,0.0,121.0,0.0,0,260.35,0.0,1,4.89,3.68,SPY190315P00250000,250.0,0,0.0,0.0,,0.0,normalDay
2019-01-16,0.0,140.0,0.0,0,260.98,0.0,1,4.89,3.49,SPY190315P00250000,250.0,0,0.0,0.0,,0.0,normalDay
2019-01-17,0.0,192.0,0.0,0,262.96,0.0,1,4.89,2.97,SPY190315P00250000,250.0,0,0.0,0.0,,0.0,normalDay
2019-01-18,0.0,253.0,0.0,0,266.46,0.0,1,4.89,2.36,SPY190315P00250000,250.0,0,0.0,0.0,,0.0,normalDay
2019-01-22,0.0,158.0,0.0,0,262.86,0.0,1,4.89,3.31,SPY190315P00250000,250.0,0,0.0,0.0,,0.0,normalDay
2019-01-23,0.0,175.0,0.0,0,263.41,0.0,1,4.89,3.14,SPY190315P00250000,250.0,0,0.0,0.0,,0.0,normalDay
2019-01-24,0.0,199.0,0.0,0,263.55,0.0,1,4.89,2.9,SPY190315P00250000,250.0,0,0.0,0.0,,0.0,normalDay
2019-01-25,0.0,271.0,0.0,0,265.78,0.0,1,4.89,2.18,SPY190315P00250000,250.0,0,0.0,0.0,,0.0,normalDay
2019-01-28,0.0,228.0,0.0,0,263.76,0.0,1,4.89,2.61,SPY190315P00250000,250.0,0,0.0,0.0,,0.0,normalDay
2019-01-29,0.0,222.0,0.0,0,263.41,0.0,1,4.89,2.67,SPY190315P00250000,250.0,0,0.0,0.0,,0.0,normalDay
2019-01-30,0.0,317.0,0.0,0,267.58,0.0,1,4.89,1.72,SPY190315P00250000,250.0,0,0.0,0.0,,0.0,normalDay
2019-01-31,0.0,369.0,0.0,0,269.93,0.0,1,4.89,1.2,SPY190315P00250000,250.0,0,0.0,0.0,,0.0,normalDay
2019-02-01,0.0,377.0,0.0,0,270.06,0.0,1,4.89,1.12,SPY190315P00250000,250.0,0,0.0,0.0,,0.0,normalDay
2019-02-04,0.0,405.0,0.0,0,271.96,0.0,1,4.89,0.84,SPY190315P00250000,250.0,0,0.0,0.0,,0.0,normalDay
2019-02-05,0.0,411.0,0.0,0,273.1,0.0,1,4.89,0.78,SPY190315P00250000,250.0,0,0.0,0.0,,0.0,normalDay
2019-02-06,0.0,413.0,0.0,0,272.74,0.0,1,4.89,0.76,SPY190315P00250000,250.0,0,0.0,0.0,,0.0,normalDay
2019-02-07,0.0,390.0,0.0,0,270.14,0.0,1,4.89,0.99,SPY190315P00250000,250.0,0,0.0,0.0,,0.0,normalDay
2019-02-08,0.0,403.0,0.0,0,270.47,0.0,1,4.89,0.86,SPY190315P00250000,250.0,0,0.0,0.0,,0.0,normalDay
2019-02-11,0.0,413.0,0.0,0,270.62,0.0,1,4.89,0.76,SPY190315P00250000,250.0,0,0.0,0.0,,0.0,normalDay
2019-02-12,0.0,437.0,0.0,0,274.1,0.0,1,4.89,0.52,SPY190315P00250000,250.0,0,0.0,0.0,,0.0,normalDay
2019-02-13,0.0,440.0,0.0,0,274.99,0.0,1,4.89,0.49,SPY190315P00250000,250.0,0,0.0,0.0,,0.0,normalDay
2019-02-14,0.0,435.0,0.0,0,274.38,0.0,1,4.89,0.54,SPY190315P00250000,250.0,0,0.0,0.0,,0.0,normalDay
2019-02-15,0.0,453.0,0.0,0,277.37,0.0,1,4.89,0.36,SPY190315P00250000,250.0,0,0.0,0.0,,0.0,normalDay
2019-02-19,0.0,462.0,0.0,0,277.85,0.0,1,4.89,0.27,SPY190315P00250000,250.0,0,0.0,0.0,,0.0,normalDay
2019-02-20,0.0,469.0,0.0,0,278.41,0.0,1,4.89,0.2,SPY190315P00250000,250.0,0,0.0,0.0,,0.0,normalDay
2019-02-21,0.0,469.0,0.0,0,277.42,0.0,1,4.89,0.2,SPY190315P00250000,250.0,0,0.0,0.0,,0.0,normalDay
2019-02-22,0.0,475.0,0.0,0,279.14,0.0,1,4.89,0.14,SPY190315P00250000,250.0,0,0.0,0.0,,0.0,normalDay
2019-02-25,0.0,471.0,0.0,0,279.52,0.0,1,4.89,0.18,SPY190315P00250000,250.0,0,0.0,0.0,,0.0,normalDay
2019-02-26,0.0,473.0,0.0,0,279.32,0.0,1,4.89,0.16,SPY190315P00250000,250.0,0,0.0,0.0,,0.0,normalDay
2019-02-27,0.0,474.0,0.0,0,279.2,0.0,1,4.89,0.15,SPY190315P00250000,250.0,0,0.0,0.0,,0.0,normalDay
2019-02-28,0.0,473.0,0.0,0,278.68,0.0,1,4.89,0.16,SPY190315P00250000,250.0,0,0.0,0.0,,0.0,normalDay
2019-03-01,0.0,481.0,0.0,0,280.42,0.0,1,4.89,0.08,SPY190315P00250000,250.0,0,0.0,0.0,,0.0,normalDay
2019-03-04,0.0,482.0,0.0,0,279.4,0.0,1,4.89,0.07,SPY190315P00250000,250.0,0,0.0,0.0,,0.0,normalDay
2019-03-05,0.0,482.0,0.0,0,279.02,0.0,1,4.89,0.07,SPY190315P00250000,250.0,0,0.0,0.0,,0.0,normalDay
2019-03-06,0.0,481.0,0.0,0,277.33,0.0,1,4.89,0.08,SPY190315P00250000,250.0,0,0.0,0.0,,0.0,normalDay
2019-03-07,0.0,481.0,0.0,0,275.01,0.0,1,4.89,0.08,SPY190315P00250000,250.0,0,0.0,0.0,,0.0,normalDay
2019-03-08,0.0,484.0,0.0,0,274.46,0.0,1,4.89,0.05,SPY190315P00250000,250.0,0,0.0,0.0,,0.0,normalDay
2019-03-11,0.0,487.0,0.0,0,278.44,0.0,1,4.89,0.02,SPY190315P00250000,250.0,0,0.0,0.0,,0.0,normalDay
2019-03-12,0.0,487.0,0.0,0,279.49,0.0,1,4.89,0.02,SPY190315P00250000,250.0,0,0.0,0.0,,0.0,normalDay
2019-03-13,0.0,488.0,0.0,0,281.34,0.0,1,4.89,0.01,SPY190315P00250000,250.0,0,0.0,0.0,,0.0,normalDay
2019-03-14,0.0,488.0,0.0,0,281.16,0.0,1,4.89,0.01,SPY190315P00250000,250.0,0,0.0,0.0,,0.0,normalDay
2019-03-15,489.0,0.0,489.0,0,281.31,0.0,1,4.89,0.0,SPY190315P00250000,250.0,0,0.0,0.0,,0.0,expirationDay
2019-03-18,489.0,-5.0,0.0,0,282.33,0.0,1,5.02,5.07,SPY190719P00272000,272.0,0,0.0,0.0,,0.0,normalDay
2019-03-19,489.0,-24.0,0.0,0,282.4,0.0,1,5.02,5.26,SPY190719P00272000,272.0,0,0.0,0.0,,0.0,normalDay
2019-03-20,489.0,-49.0,0.0,0,281.55,0.0,1,5.02,5.51,SPY190719P00272000,272.0,0,0.0,0.0,,0.0,normalDay
2019-03-21,489.0,32.0,0.0,0,284.73,0.0,1,5.02,4.7,SPY190719P00272000,272.0,0,0.0,0.0,,0.0,normalDay
2019-03-22,489.0,-152.0,0.0,0,279.25,0.0,1,5.02,6.54,SPY190719P00272000,272.0,0,0.0,0.0,,0.0,normalDay
2019-03-25,489.0,-173.0,0.0,0,279.04,0.0,1,5.02,6.75,SPY190719P00272000,272.0,0,0.0,0.0,,0.0,normalDay
2019-03-26,489.0,-84.0,0.0,0,281.12,0.0,1,5.02,5.86,SPY190719P00272000,272.0,0,0.0,0.0,,0.0,normalDay
2019-03-27,489.0,-127.0,0.0,0,279.65,0.0,1,5.02,6.29,SPY190719P00272000,272.0,0,0.0,0.0,,0.0,normalDay
2019-03-28,489.0,-75.0,0.0,0,280.71,0.0,1,5.02,5.77,SPY190719P00272000,272.0,0,0.0,0.0,,0.0,normalDay
2019-03-29,489.0,-8.0,0.0,0,282.48,0.0,1,5.02,5.1,SPY190719P00272000,272.0,0,0.0,0.0,,0.0,normalDay
2019-04-01,489.0,78.0,0.0,0,285.83,0.0,1,5.02,4.24,SPY190719P00272000,272.0,0,0.0,0.0,,0.0,normalDay
2019-04-02,489.0,86.0,0.0,0,285.97,0.0,1,5.02,4.16,SPY190719P00272000,272.0,0,0.0,0.0,,0.0,normalDay
2019-04-03,489.0,101.0,0.0,0,286.42,0.0,1,5.02,4.01,SPY190719P00272000,272.0,0,0.0,0.0,,0.0,normalDay
2019-04-04,489.0,119.0,0.0,0,287.18,0.0,1,5.02,3.83,SPY190719P00272000,272.0,0,0.0,0.0,,0.0,normalDay
2019-04-05,489.0,162.0,0.0,0,288.57,0.0,1,5.02,3.4,SPY190719P00272000,272.0,0,0.0,0.0,,0.0,normalDay
2019-04-08,489.0,167.0,0.0,0,288.79,0.0,1,5.02,3.35,SPY190719P00272000,272.0,0,0.0,0.0,,0.0,normalDay
2019-04-09,489.0,115.0,0.0,0,287.31,0.0,1,5.02,3.87,SPY190719P00272000,272.0,0,0.0,0.0,,0.0,normalDay
2019-04-10,489.0,162.0,0.0,0,288.29,0.0,1,5.02,3.4,SPY190719P00272000,272.0,0,0.0,0.0,,0.0,normalDay
2019-04-11,489.0,166.0,0.0,0,288.21,0.0,1,5.02,3.36,SPY190719P00272000,272.0,0,0.0,0.0,,0.0,normalDay
2019-04-12,489.0,226.0,0.0,0,290.16,0.0,1,5.02,2.76,SPY190719P00272000,272.0,0,0.0,0.0,,0.0,normalDay
2019-04-15,489.0,233.0,0.0,0,289.97,0.0,1,5.02,2.69,SPY190719P00272000,272.0,0,0.0,0.0,,0.0,normalDay
2019-04-16,489.0,236.0,0.0,0,290.16,0.0,1,5.02,2.66,SPY190719P00272000,272.0,0,0.0,0.0,,0.0,normalDay
2019-04-17,489.0,221.0,0.0,0,289.45,0.0,1,5.02,2.81,SPY190719P00272000,272.0,0,0.0,0.0,,0.0,normalDay
2019-04-18,489.0,238.0,0.0,0,290.02,0.0,1,5.02,2.64,SPY190719P00272000,272.0,0,0.0,0.0,,0.0,normalDay
2019-04-22,489.0,253.0,0.0,0,290.27,0.0,1,5.02,2.49,SPY190719P00272000,272.0,0,0.0,0.0,,0.0,normalDay
2019-04-23,489.0,287.0,0.0,0,292.88,0.0,1,5.02,2.15,SPY190719P00272000,272.0,0,0.0,0.0,,0.0,normalDay
2019-04-24,489.0,272.0,0.0,0,292.23,0.0,1,5.02,2.3,SPY190719P00272000,272.0,0,0.0,0.0,,0.0,normalDay
2019-04-25,489.0,266.0,0.0,0,292.05,0.0,1,5.02,2.36,SPY190719P00272000,272.0,0,0.0,0.0,,0.0,normalDay
2019-04-26,489.0,290.0,0.0,0,293.41,0.0,1,5.02,2.12,SPY190719P00272000,272.0,0,0.0,0.0,,0.0,normalDay
2019-04-29,489.0,297.0,0.0,0,293.87,0.0,1,5.02,2.05,SPY190719P00272000,272.0,0,0.0,0.0,,0.0,normalDay
2019-04-30,489.0,302.0,0.0,0,294.02,0.0,1,5.02,2.0,SPY190719P00272000,272.0,0,0.0,0.0,,0.0,normalDay
2019-05-01,489.0,256.0,0.0,0,291.81,0.0,1,5.02,2.46,SPY190719P00272000,272.0,0,0.0,0.0,,0.0,normalDay
2019-05-02,489.0,250.0,0.0,0,291.18,0.0,1,5.02,2.52,SPY190719P00272000,272.0,0,0.0,0.0,,0.0,normalDay
2019-05-03,489.0,311.0,0.0,0,294.03,0.0,1,5.02,1.91,SPY190719P00272000,272.0,0,0.0,0.0,,0.0,normalDay
2019-05-06,489.0,268.0,0.0,0,292.82,0.0,1,5.02,2.34,SPY190719P00272000,272.0,0,0.0,0.0,,0.0,normalDay
2019-05-07,489.0,110.0,0.0,0,287.93,0.0,1,5.02,3.92,SPY190719P00272000,272.0,0,0.0,0.0,,0.0,normalDay
2019-05-08,489.0,117.0,0.0,0,287.53,0.0,1,5.02,3.85,SPY190719P00272000,272.0,0,0.0,0.0,,0.0,normalDay
2019-05-09,489.0,115.0,0.0,0,286.66,0.0,1,5.02,3.87,SPY190719P00272000,272.0,0,0.0,0.0,,0.0,normalDay
2019-05-10,489.0,195.0,0.0,0,288.1,0.0,1,5.02,3.07,SPY190719P00272000,272.0,0,0.0,0.0,,0.0,normalDay
2019-05-13,489.0,-49.0,0.0,0,280.86,0.0,1,5.02,5.51,SPY190719P00272000,272.0,0,0.0,0.0,,0.0,normalDay
2019-05-14,489.0,70.0,0.0,0,283.4,0.0,1,5.02,4.32,SPY190719P00272000,272.0,0,0.0,0.0,,0.0,normalDay
2019-05-15,489.0,151.0,0.0,0,285.06,0.0,1,5.02,3.51,SPY190719P00272000,272.0,0,0.0,0.0,,0.0,normalDay
2019-05-16,489.0,227.0,0.0,0,287.7,0.0,1,5.02,2.75,SPY190719P00272000,272.0,0,0.0,0.0,,0.0,normalDay
2019-05-17,489.0,184.0,0.0,0,285.84,0.0,1,5.02,3.18,SPY190719P00272000,272.0,0,0.0,0.0,,0.0,normalDay
2019-05-20,489.0,158.0,0.0,0,283.95,0.0,1,5.02,3.44,SPY190719P00272000,272.0,0,0.0,0.0,,0.0,normalDay
2019-05-21,489.0,238.0,0.0,0,286.51,0.0,1,5.02,2.64,SPY190719P00272000,272.0,0,0.0,0.0,,0.0,normalDay
2019-05-22,489.0,229.0,0.0,0,285.63,0.0,1,5.02,2.73,SPY190719P00272000,272.0,0,0.0,0.0,,0.0,normalDay
2019-05-23,489.0,114.0,0.0,0,282.14,0.0,1,5.02,3.88,SPY190719P00272000,272.0,0,0.0,0.0,,0.0,normalDay
2019-05-24,489.0,160.0,0.0,0,282.78,0.0,1,5.02,3.42,SPY190719P00272000,272.0,0,0.0,0.0,,0.0,normalDay
2019-05-28,489.0,92.0,0.0,0,280.15,0.0,1,5.02,4.1,SPY190719P00272000,272.0,0,0.0,0.0,,0.0,normalDay
2019-05-29,489.0,34.0,0.0,0,278.27,0.0,1,5.02,4.68,SPY190719P00272000,272.0,0,0.0,0.0,,0.0,normalDay
2019-05-30,489.0,69.0,0.0,0,279.03,0.0,1,5.02,4.33,SPY190719P00272000,272.0,0,0.0,0.0,,0.0,normalDay
2019-05-31,489.0,-77.0,0.0,0,275.27,0.0,1,5.02,5.79,SPY190719P00272000,272.0,0,0.0,0.0,,0.0,normalDay
2019-06-03,489.0,-70.0,0.0,0,274.57,0.0,1,5.02,5.72,SPY190719P00272000,272.0,0,0.0,0.0,,0.0,normalDay
2019-06-04,489.0,152.0,0.0,0,280.53,0.0,1,5.02,3.5,SPY190719P00272000,272.0,0,0.0,0.0,,0.0,normalDay
2019-06-05,489.0,237.0,0.0,0,282.96,0.0,1,5.02,2.65,SPY190719P00272000,272.0,0,0.0,0.0,,0.0,normalDay
2019-06-06,489.0,281.0,0.0,0,284.8,0.0,1,5.02,2.21,SPY190719P00272000,272.0,0,0.0,0.0,,0.0,normalDay
2019-06-07,489.0,315.0,0.0,0,287.65,0.0,1,5.02,1.87,SPY190719P00272000,272.0,0,0.0,0.0,,0.0,normalDay
2019-06-10,489.0,349.0,0.0,0,288.97,0.0,1,5.02,1.53,SPY190719P00272000,272.0,0,0.0,0.0,,0.0,normalDay
2019-06-11,489.0,348.0,0.0,0,288.9,0.0,1,5.02,1.54,SPY190719P00272000,272.0,0,0.0,0.0,,0.0,normalDay
2019-06-12,489.0,348.0,0.0,0,288.39,0.0,1,5.02,1.54,SPY190719P00272000,272.0,0,0.0,0.0,,0.0,normalDay
2019-06-13,489.0,368.0,0.0,0,289.58,0.0,1,5.02,1.34,SPY190719P00272000,272.0,0,0.0,0.0,,0.0,normalDay
2019-06-14,489.0,380.0,0.0,0,289.26,0.0,1,5.02,1.22,SPY190719P00272000,272.0,0,0.0,0.0,,0.0,normalDay
2019-06-17,489.0,392.0,0.0,0,289.37,0.0,1,5.02,1.1,SPY190719P00272000,272.0,0,0.0,0.0,,0.0,normalDay
2019-06-18,489.0,419.0,0.0,0,292.4,0.0,1,5.02,0.83,SPY190719P00272000,272.0,0,0.0,0.0,,0.0,normalDay
2019-06-19,489.0,437.0,0.0,0,293.06,0.0,1,5.02,0.65,SPY190719P00272000,272.0,0,0.0,0.0,,0.0,normalDay
2019-06-20,489.0,449.0,0.0,0,295.86,0.0,1,5.02,0.53,SPY190719P00272000,272.0,0,0.0,0.0,,0.0,normalDay
2019-06-21,489.0,446.0,0.0,0,294.0,0.0,1,5.02,0.56,SPY190719P00272000,272.0,0,0.0,0.0,,0.0,normalDay
2019-06-24,489.0,454.0,0.0,0,293.64,0.0,1,5.02,0.48,SPY190719P00272000,272.0,0,0.0,0.0,,0.0,normalDay
2019-06-25,489.0,433.0,0.0,0,290.76,0.0,1,5.02,0.69,SPY190719P00272000,272.0,0,0.0,0.0,,0.0,normalDay
2019-06-26,489.0,434.0,0.0,0,290.47,0.0,1,5.02,0.68,SPY190719P00272000,272.0,0,0.0,0.0,,0.0,normalDay
2019-06-27,489.0,449.0,0.0,0,291.5,0.0,1,5.02,0.53,SPY190719P00272000,272.0,0,0.0,0.0,,0.0,normalDay
2019-06-28,489.0,461.0,0.0,0,293.0,0.0,1,5.02,0.41,SPY190719P00272000,272.0,0,0.0,0.0,,0.0,normalDay
2019-07-01,489.0,483.0,0.0,0,295.66,0.0,1,5.02,0.19,SPY190719P00272000,272.0,0,0.0,0.0,,0.0,normalDay
2019-07-02,489.0,490.0,0.0,0,296.43,0.0,1,5.02,0.12,SPY190719P00272000,272.0,0,0.0,0.0,,0.0,normalDay
2019-07-03,489.0,493.0,0.0,0,298.8,0.0,1,5.02,0.09,SPY190719P00272000,272.0,0,0.0,0.0,,0.0,normalDay
2019-07-05,489.0,492.0,0.0,0,298.46,0.0,1,5.02,0.1,SPY190719P00272000,272.0,0,0.0,0.0,,0.0,normalDay
2019-07-08,489.0,495.0,0.0,0,296.82,0.0,1,5.02,0.07,SPY190719P00272000,272.0,0,0.0,0.0,,0.0,normalDay
2019-07-09,489.0,496.0,0.0,0,297.19,0.0,1,5.02,0.06,SPY190719P00272000,272.0,0,0.0,0.0,,0.0,normalDay
2019-07-10,489.0,498.0,0.0,0,298.61,0.0,1,5.02,0.04,SPY190719P00272000,272.0,0,0.0,0.0,,0.0,normalDay
2019-07-11,489.0,498.0,0.0,0,299.31,0.0,1,5.02,0.04,SPY190719P00272000,272.0,0,0.0,0.0,,0.0,normalDay
2019-07-12,489.0,499.0,0.0,0,300.65,0.0,1,5.02,0.03,SPY190719P00272000,272.0,0,0.0,0.0,,0.0,normalDay
2019-07-15,489.0,500.0,0.0,0,300.75,0.0,1,5.02,0.02,SPY190719P00272000,272.0,0,0.0,0.0,,0.0,normalDay
2019-07-16,489.0,500.0,0.0,0,299.78,0.0,1,5.02,0.02,SPY190719P00272000,272.0,0,0.0,0.0,,0.0,normalDay
2019-07-17,489.0,500.0,0.0,0,297.74,0.0,1,5.02,0.02,SPY190719P00272000,272.0,0,0.0,0.0,,0.0,normalDay
2019-07-18,489.0,501.0,0.0,0,298.83,0.0,1,5.02,0.01,SPY190719P00272000,272.0,0,0.0,0.0,,0.0,normalDay
2019-07-19,991.0,0.0,502.0,0,297.17,0.0,1,5.02,0.0,SPY190719P00272000,272.0,0,0.0,0.0,,0.0,expirationDay
2019-07-22,991.0,-5.0,0.0,0,297.9,0.0,1,5.09,5.14,SPY191115P00285000,285.0,0,0.0,0.0,,0.0,normalDay
2019-07-23,991.0,62.0,0.0,0,300.03,0.0,1,5.09,4.47,SPY191115P00285000,285.0,0,0.0,0.0,,0.0,normalDay
2019-07-24,991.0,102.0,0.0,0,301.44,0.0,1,5.09,4.07,SPY191115P00285000,285.0,0,0.0,0.0,,0.0,normalDay
2019-07-25,991.0,61.0,0.0,0,300.0,0.0,1,5.09,4.48,SPY191115P00285000,285.0,0,0.0,0.0,,0.0,normalDay
2019-07-26,991.0,113.0,0.0,0,302.01,0.0,1,5.09,3.96,SPY191115P00285000,285.0,0,0.0,0.0,,0.0,normalDay
2019-07-29,991.0,110.0,0.0,0,301.46,0.0,1,5.09,3.99,SPY191115P00285000,285.0,0,0.0,0.0,,0.0,normalDay
2019-07-30,991.0,68.0,0.0,0,300.72,0.0,1,5.09,4.41,SPY191115P00285000,285.0,0,0.0,0.0,,0.0,normalDay
2019-07-31,991.0,-44.0,0.0,0,297.43,0.0,1,5.09,5.53,SPY191115P00285000,285.0,0,0.0,0.0,,0.0,normalDay
2019-08-01,991.0,-147.0,0.0,0,294.84,0.0,1,5.09,6.56,SPY191115P00285000,285.0,0,0.0,0.0,,0.0,normalDay
2019-08-02,991.0,-215.0,0.0,0,292.62,0.0,1,5.09,7.24,SPY191115P00285000,285.0,0,0.0,0.0,,0.0,normalDay
2019-08-05,991.0,-694.0,0.0,0,283.82,0.0,1,5.09,12.03,SPY191115P00285000,285.0,0,0.0,0.0,,0.0,normalDay
2019-08-06,991.0,-423.0,0.0,0,287.8,0.0,1,5.09,9.32,SPY191115P00285000,285.0,0,0.0,0.0,,0.0,normalDay
2019-08-07,991.0,-412.0,0.0,0,287.97,0.0,1,5.09,9.21,SPY191115P00285000,285.0,0,0.0,0.0,,0.0,normalDay
2019-08-08,991.0,-157.0,0.0,0,293.62,0.0,1,5.09,6.66,SPY191115P00285000,285.0,0,0.0,0.0,,0.0,normalDay
2019-08-09,991.0,-238.0,0.0,0,291.62,0.0,1,5.09,7.47,SPY191115P00285000,285.0,0,0.0,0.0,,0.0,normalDay
2019-08-12,991.0,-444.0,0.0,0,288.07,0.0,1,5.09,9.53,SPY191115P00285000,285.0,0,0.0,0.0,,0.0,normalDay
2019-08-13,991.0,-209.0,0.0,0,292.55,0.0,1,5.09,7.18,SPY191115P00285000,285.0,0,0.0,0.0,,0.0,normalDay
2019-08-14,991.0,-632.0,0.0,0,283.9,0.0,1,5.09,11.41,SPY191115P00285000,285.0,0,0.0,0.0,,0.0,normalDay
2019-08-15,991.0,-575.0,0.0,0,284.65,0.0,1,5.09,10.84,SPY191115P00285000,285.0,0,0.0,0.0,,0.0,normalDay
2019-08-16,991.0,-362.0,0.0,0,288.85,0.0,1,5.09,8.71,SPY191115P00285000,285.0,0,0.0,0.0,,0.0,normalDay
2019-08-19,991.0,-177.0,0.0,0,292.33,0.0,1,5.09,6.86,SPY191115P00285000,285.0,0,0.0,0.0,,0.0,normalDay
2019-08-20,991.0,-270.0,0.0,0,290.09,0.0,1,5.09,7.79,SPY191115P00285000,285.0,0,0.0,0.0,,0.0,normalDay
2019-08-21,991.0,-125.0,0.0,0,292.45,0.0,1,5.09,6.34,SPY191115P00285000,285.0,0,0.0,0.0,,0.0,normalDay
2019-08-22,991.0,-155.0,0.0,0,292.36,0.0,1,5.09,6.64,SPY191115P00285000,285.0,0,0.0,0.0,,0.0,normalDay
2019-08-23,991.0,-471.0,0.0,0,284.85,0.0,1,5.09,9.8,SPY191115P00285000,285.0,0,0.0,0.0,,0.0,normalDay
2019-08-26,991.0,-344.0,0.0,0,288.0,0.0,1,5.09,8.53,SPY191115P00285000,285.0,0,0.0,0.0,,0.0,normalDay
2019-08-27,991.0,-418.0,0.0,0,286.87,0.0,1,5.09,9.27,SPY191115P00285000,285.0,0,0.0,0.0,,0.0,normalDay
2019-08-28,991.0,-311.0,0.0,0,288.89,0.0,1,5.09,8.2,SPY191115P00285000,285.0,0,0.0,0.0,,0.0,normalDay
2019-08-29,991.0,-152.0,0.0,0,292.58,0.0,1,5.09,6.61,SPY191115P00285000,285.0,0,0.0,0.0,,0.0,normalDay
2019-08-30,991.0,-167.0,0.0,0,292.45,0.0,1,5.09,6.76,SPY191115P00285000,285.0,0,0.0,0.0,,0.0,normalDay
2019-09-03,991.0,-232.0,0.0,0,290.74,0.0,1,5.09,7.41,SPY191115P00285000,285.0,0,0.0,0.0,,0.0,normalDay
2019-09-04,991.0,-66.0,0.0,0,294.04,0.0,1,5.09,5.75,SPY191115P00285000,285.0,0,0.0,0.0,,0.0,normalDay
2019-09-05,991.0,57.0,0.0,0,297.82,0.0,1,5.09,4.52,SPY191115P00285000,285.0,0,0.0,0.0,,0.0,normalDay
2019-09-06,991.0,103.0,0.0,0,298.05,0.0,1,5.09,4.06,SPY191115P00285000,285.0,0,0.0,0.0,,0.0,normalDay
2019-09-09,991.0,112.0,0.0,0,298.2,0.0,1,5.09,3.97,SPY191115P00285000,285.0,0,0.0,0.0,,0.0,normalDay
2019-09-10,991.0,120.0,0.0,0,298.13,0.0,1,5.09,3.89,SPY191115P00285000,285.0,0,0.0,0.0,,0.0,normalDay
2019-09-11,991.0,184.0,0.0,0,300.25,0.0,1,5.09,3.25,SPY191115P00285000,285.0,0,0.0,0.0,,0.0,normalDay
2019-09-12,991.0,224.0,0.0,0,301.29,0.0,1,5.09,2.85,SPY191115P00285000,285.0,0,0.0,0.0,,0.0,normalDay
2019-09-13,991.0,229.0,0.0,0,301.09,0.0,1,5.09,2.8,SPY191115P00285000,285.0,0,0.0,0.0,,0.0,normalDay
2019-09-16,991.0,212.0,0.0,0,300.16,0.0,1,5.09,2.97,SPY191115P00285000,285.0,0,0.0,0.0,,0.0,normalDay
2019-09-17,991.0,224.0,0.0,0,300.92,0.0,1,5.09,2.85,SPY191115P00285000,285.0,0,0.0,0.0,,0.0,normalDay
2019-09-18,991.0,250.0,0.0,0,301.1,0.0,1,5.09,2.59,SPY191115P00285000,285.0,0,0.0,0.0,,0.0,normalDay
2019-09-19,991.0,253.0,0.0,0,301.08,0.0,1,5.09,2.56,SPY191115P00285000,285.0,0,0.0,0.0,,0.0,normalDay
2019-09-20,991.0,202.0,0.0,0,298.28,0.0,1,5.09,3.07,SPY191115P00285000,285.0,0,0.0,0.0,,0.0,normalDay
2019-09-23,991.0,227.0,0.0,0,298.21,0.0,1,5.09,2.82,SPY191115P00285000,285.0,0,0.0,0.0,,0.0,normalDay
2019-09-24,991.0,148.0,0.0,0,295.87,0.0,1,5.09,3.61,SPY191115P00285000,285.0,0,0.0,0.0,,0.0,normalDay
2019-09-25,991.0,199.0,0.0,0,297.62,0.0,1,5.09,3.1,SPY191115P00285000,285.0,0,0.0,0.0,,0.0,normalDay
2019-09-26,991.0,200.0,0.0,0,297.0,0.0,1,5.09,3.09,SPY191115P00285000,285.0,0,0.0,0.0,,0.0,normalDay
2019-09-27,991.0,144.0,0.0,0,295.4,0.0,1,5.09,3.65,SPY191115P00285000,285.0,0,0.0,0.0,,0.0,normalDay
2019-09-30,991.0,215.0,0.0,0,296.77,0.0,1,5.09,2.94,SPY191115P00285000,285.0,0,0.0,0.0,,0.0,normalDay
2019-10-01,991.0,91.0,0.0,0,293.24,0.0,1,5.09,4.18,SPY191115P00285000,285.0,0,0.0,0.0,,0.0,normalDay
2019-10-02,991.0,-134.0,0.0,0,288.06,0.0,1,5.09,6.43,SPY191115P00285000,285.0,0,0.0,0.0,,0.0,normalDay
2019-10-03,991.0,-1.0,0.0,0,290.42,0.0,1,5.09,5.1,SPY191115P00285000,285.0,0,0.0,0.0,,0.0,normalDay
2019-10-04,991.0,162.0,0.0,0,294.35,0.0,1,5.09,3.47,SPY191115P00285000,285.0,0,0.0,0.0,,0.0,normalDay
2019-10-07,991.0,132.0,0.0,0,293.08,0.0,1,5.09,3.77,SPY191115P00285000,285.0,0,0.0,0.0,,0.0,normalDay
2019-10-08,991.0,-46.0,0.0,0,288.53,0.0,1,5.09,5.55,SPY191115P00285000,285.0,0,0.0,0.0,,0.0,normalDay
2019-10-09,991.0,83.0,0.0,0,291.27,0.0,1,5.09,4.26,SPY191115P00285000,285.0,0,0.0,0.0,,0.0,normalDay
2019-10-10,991.0,174.0,0.0,0,293.24,0.0,1,5.09,3.35,SPY191115P00285000,285.0,0,0.0,0.0,,0.0,normalDay
2019-10-11,991.0,297.0,0.0,0,296.28,0.0,1,5.09,2.12,SPY191115P00285000,285.0,0,0.0,0.0,,0.0,normalDay
2019-10-14,991.0,325.0,0.0,0,295.95,0.0,1,5.09,1.84,SPY191115P00285000,285.0,0,0.0,0.0,,0.0,normalDay
2019-10-15,991.0,394.0,0.0,0,298.88,0.0,1,5.09,1.15,SPY191115P00285000,285.0,0,0.0,0.0,,0.0,normalDay
2019-10-16,991.0,394.0,0.0,0,298.4,0.0,1,5.09,1.15,SPY191115P00285000,285.0,0,0.0,0.0,,0.0,normalDay
2019-10-17,991.0,405.0,0.0,0,299.28,0.0,1,5.09,1.04,SPY191115P00285000,285.0,0,0.0,0.0,,0.0,normalDay
2019-10-18,991.0,392.0,0.0,0,297.97,0.0,1,5.09,1.17,SPY191115P00285000,285.0,0,0.0,0.0,,0.0,normalDay
2019-10-21,991.0,431.0,0.0,0,299.99,0.0,1,5.09,0.78,SPY191115P00285000,285.0,0,0.0,0.0,,0.0,normalDay
2019-10-22,991.0,422.0,0.0,0,299.01,0.0,1,5.09,0.87,SPY191115P00285000,285.0,0,0.0,0.0,,0.0,normalDay
2019-10-23,991.0,442.0,0.0,0,299.88,0.0,1,5.09,0.67,SPY191115P00285000,285.0,0,0.0,0.0,,0.0,normalDay
2019-10-24,991.0,452.0,0.0,0,300.37,0.0,1,5.09,0.57,SPY191115P00285000,285.0,0,0.0,0.0,,0.0,normalDay
2019-10-25,991.0,471.0,0.0,0,301.6,0.0,1,5.09,0.38,SPY191115P00285000,285.0,0,0.0,0.0,,0.0,normalDay
2019-10-28,991.0,480.0,0.0,0,303.3,0.0,1,5.09,0.29,SPY191115P00285000,285.0,0,0.0,0.0,,0.0,normalDay
2019-10-29,991.0,483.0,0.0,0,303.21,0.0,1,5.09,0.26,SPY191115P00285000,285.0,0,0.0,0.0,,0.0,normalDay
2019-10-30,991.0,490.0,0.0,0,304.14,0.0,1,5.09,0.19,SPY191115P00285000,285.0,0,0.0,0.0,,0.0,normalDay
2019-10-31,991.0,484.0,0.0,0,303.33,0.0,1,5.09,0.25,SPY191115P00285000,285.0,0,0.0,0.0,,0.0,normalDay
2019-11-01,991.0,498.0,0.0,0,306.14,0.0,1,5.09,0.11,SPY191115P00285000,285.0,0,0.0,0.0,,0.0,normalDay
2019-11-04,991.0,500.0,0.0,0,307.37,0.0,1,5.09,0.09,SPY191115P00285000,285.0,0,0.0,0.0,,0.0,normalDay
2019-11-05,991.0,502.0,0.0,0,307.03,0.0,1,5.09,0.07,SPY191115P00285000,285.0,0,0.0,0.0,,0.0,normalDay
2019-11-06,991.0,504.0,0.0,0,307.1,0.0,1,5.09,0.05,SPY191115P00285000,285.0,0,0.0,0.0,,0.0,normalDay
2019-11-07,991.0,506.0,0.0,0,308.18,0.0,1,5.09,0.03,SPY191115P00285000,285.0,0,0.0,0.0,,0.0,normalDay
2019-11-08,991.0,507.0,0.0,0,308.94,0.0,1,5.09,0.02,SPY191115P00285000,285.0,0,0.0,0.0,,0.0,normalDay
2019-11-11,991.0,507.0,0.0,0,308.35,0.0,1,5.09,0.02,SPY191115P00285000,285.0,0,0.0,0.0,,0.0,normalDay
2019-11-12,991.0,507.0,0.0,0,309.0,0.0,1,5.09,0.02,SPY191115P00285000,285.0,0,0.0,0.0,,0.0,normalDay
2019-11-13,991.0,508.0,0.0,0,309.1,0.0,1,5.09,0.01,SPY191115P00285000,285.0,0,0.0,0.0,,0.0,normalDay
2019-11-14,991.0,508.0,0.0,0,309.55,0.0,1,5.09,0.01,SPY191115P00285000,285.0,0,0.0,0.0,,0.0,normalDay
2019-11-15,1500.0,0.0,509.0,0,311.79,0.0,1,5.09,0.0,SPY191115P00285000,285.0,0,0.0,0.0,,0.0,expirationDay
2019-11-18,1500.0,-5.0,0.0,0,312.02,0.0,1,5.24,5.29,SPY200331P00292000,292.0,0,0.0,0.0,,0.0,normalDay
2019-11-19,1500.0,-19.0,0.0,0,311.93,0.0,1,5.24,5.43,SPY200331P00292000,292.0,0,0.0,0.0,,0.0,normalDay
2019-11-20,1500.0,-53.0,0.0,0,310.77,0.0,1,5.24,5.77,SPY200331P00292000,292.0,0,0.0,0.0,,0.0,normalDay
2019-11-21,1500.0,-66.0,0.0,0,310.27,0.0,1,5.24,5.9,SPY200331P00292000,292.0,0,0.0,0.0,,0.0,normalDay
2019-11-22,1500.0,-31.0,0.0,0,310.96,0.0,1,5.24,5.55,SPY200331P00292000,292.0,0,0.0,0.0,,0.0,normalDay
2019-11-25,1500.0,41.0,0.0,0,313.37,0.0,1,5.24,4.83,SPY200331P00292000,292.0,0,0.0,0.0,,0.0,normalDay
2019-11-26,1500.0,70.0,0.0,0,314.08,0.0,1,5.24,4.54,SPY200331P00292000,292.0,0,0.0,0.0,,0.0,normalDay
2019-11-27,1500.0,92.0,0.0,0,315.48,0.0,1,5.24,4.32,SPY200331P00292000,292.0,0,0.0,0.0,,0.0,normalDay
2019-11-29,1500.0,56.0,0.0,0,314.31,0.0,1,5.24,4.68,SPY200331P00292000,292.0,0,0.0,0.0,,0.0,normalDay
2019-12-02,1500.0,-30.0,0.0,0,311.64,0.0,1,5.24,5.54,SPY200331P00292000,292.0,0,0.0,0.0,,0.0,normalDay
2019-12-03,1500.0,-107.0,0.0,0,309.55,0.0,1,5.24,6.31,SPY200331P00292000,292.0,0,0.0,0.0,,0.0,normalDay
2019-12-04,1500.0,-44.0,0.0,0,311.46,0.0,1,5.24,5.68,SPY200331P00292000,292.0,0,0.0,0.0,,0.0,normalDay
2019-12-05,1500.0,-9.0,0.0,0,312.02,0.0,1,5.24,5.33,SPY200331P00292000,292.0,0,0.0,0.0,,0.0,normalDay
2019-12-06,1500.0,66.0,0.0,0,314.87,0.0,1,5.24,4.58,SPY200331P00292000,292.0,0,0.0,0.0,,0.0,normalDay
2019-12-09,1500.0,23.0,0.0,0,313.88,0.0,1,5.24,5.01,SPY200331P00292000,292.0,0,0.0,0.0,,0.0,normalDay
2019-12-10,1500.0,35.0,0.0,0,313.53,0.0,1,5.24,4.89,SPY200331P00292000,292.0,0,0.0,0.0,,0.0,normalDay
2019-12-11,1500.0,66.0,0.0,0,314.42,0.0,1,5.24,4.58,SPY200331P00292000,292.0,0,0.0,0.0,,0.0,normalDay
2019-12-12,1500.0,136.0,0.0,0,317.13,0.0,1,5.24,3.88,SPY200331P00292000,292.0,0,0.0,0.0,,0.0,normalDay
2019-12-13,1500.0,177.0,0.0,0,317.32,0.0,1,5.24,3.47,SPY200331P00292000,292.0,0,0.0,0.0,,0.0,normalDay
2019-12-16,1500.0,231.0,0.0,0,319.5,0.0,1,5.24,2.93,SPY200331P00292000,292.0,0,0.0,0.0,,0.0,normalDay
2019-12-17,1500.0,228.0,0.0,0,319.57,0.0,1,5.24,2.96,SPY200331P00292000,292.0,0,0.0,0.0,,0.0,normalDay
2019-12-18,1500.0,228.0,0.0,0,319.59,0.0,1,5.24,2.96,SPY200331P00292000,292.0,0,0.0,0.0,,0.0,normalDay
2019-12-19,1500.0,251.0,0.0,0,320.9,0.0,1,5.24,2.73,SPY200331P00292000,292.0,0,0.0,0.0,,0.0,normalDay
2019-12-20,1500.0,261.0,0.0,0,320.73,0.0,1,5.24,2.63,SPY200331P00292000,292.0,0,0.0,0.0,,0.0,normalDay
2019-12-23,1500.0,262.0,0.0,0,321.22,0.0,1,5.24,2.62,SPY200331P00292000,292.0,0,0.0,0.0,,0.0,normalDay
2019-12-24,1500.0,268.0,0.0,0,321.23,0.0,1,5.24,2.56,SPY200331P00292000,292.0,0,0.0,0.0,,0.0,normalDay
2019-12-26,1500.0,293.0,0.0,0,322.94,0.0,1,5.24,2.31,SPY200331P00292000,292.0,0,0.0,0.0,,0.0,normalDay
2019-12-27,1500.0,282.0,0.0,0,322.86,0.0,1,5.24,2.42,SPY200331P00292000,292.0,0,0.0,0.0,,0.0,normalDay
2019-12-30,1500.0,254.0,0.0,0,321.08,0.0,1,5.24,2.7,SPY200331P00292000,292.0,0,0.0,0.0,,0.0,normalDay
2019-12-31,1500.0,286.0,0.0,0,321.86,0.0,1,5.24,2.38,SPY200331P00292000,292.0,0,0.0,0.0,,0.0,normalDay
2020-01-02,1500.0,333.0,0.0,0,324.87,0.0,1,5.24,1.91,SPY200331P00292000,292.0,0,0.0,0.0,,0.0,normalDay
2020-01-03,1500.0,289.0,0.0,0,322.41,0.0,1,5.24,2.35,SPY200331P00292000,292.0,0,0.0,0.0,,0.0,normalDay
2020-01-06,1500.0,317.0,0.0,0,323.64,0.0,1,5.24,2.07,SPY200331P00292000,292.0,0,0.0,0.0,,0.0,normalDay
2020-01-07,1500.0,308.0,0.0,0,322.73,0.0,1,5.24,2.16,SPY200331P00292000,292.0,0,0.0,0.0,,0.0,normalDay
2020-01-08,1500.0,338.0,0.0,0,324.45,0.0,1,5.24,1.86,SPY200331P00292000,292.0,0,0.0,0.0,,0.0,normalDay
2020-01-09,1500.0,368.0,0.0,0,326.65,0.0,1,5.24,1.56,SPY200331P00292000,292.0,0,0.0,0.0,,0.0,normalDay
2020-01-10,1500.0,363.0,0.0,0,325.71,0.0,1,5.24,1.61,SPY200331P00292000,292.0,0,0.0,0.0,,0.0,normalDay
2020-01-13,1500.0,393.0,0.0,0,327.95,0.0,1,5.24,1.31,SPY200331P00292000,292.0,0,0.0,0.0,,0.0,normalDay
2020-01-14,1500.0,395.0,0.0,0,327.45,0.0,1,5.24,1.29,SPY200331P00292000,292.0,0,0.0,0.0,,0.0,normalDay
2020-01-15,1500.0,402.0,0.0,0,328.19,0.0,1,5.24,1.22,SPY200331P00292000,292.0,0,0.0,0.0,,0.0,normalDay
2020-01-16,1500.0,418.0,0.0,0,330.92,0.0,1,5.24,1.06,SPY200331P00292000,292.0,0,0.0,0.0,,0.0,normalDay
2020-01-17,1500.0,427.0,0.0,0,331.95,0.0,1,5.24,0.97,SPY200331P00292000,292.0,0,0.0,0.0,,0.0,normalDay
2020-01-21,1500.0,425.0,0.0,0,331.3,0.0,1,5.24,0.99,SPY200331P00292000,292.0,0,0.0,0.0,,0.0,normalDay
2020-01-22,1500.0,426.0,0.0,0,331.34,0.0,1,5.24,0.98,SPY200331P00292000,292.0,0,0.0,0.0,,0.0,normalDay
2020-01-23,1500.0,427.0,0.0,0,331.72,0.0,1,5.24,0.97,SPY200331P00292000,292.0,0,0.0,0.0,,0.0,normalDay
2020-01-24,1500.0,397.0,0.0,0,328.77,0.0,1,5.24,1.27,SPY200331P00292000,292.0,0,0.0,0.0,,0.0,normalDay
2020-01-27,1500.0,306.0,0.0,0,323.5,0.0,1,5.24,2.18,SPY200331P00292000,292.0,0,0.0,0.0,,0.0,normalDay
2020-01-28,1500.0,371.0,0.0,0,326.89,0.0,1,5.24,1.53,SPY200331P00292000,292.0,0,0.0,0.0,,0.0,normalDay
2020-01-29,1500.0,373.0,0.0,0,326.62,0.0,1,5.24,1.51,SPY200331P00292000,292.0,0,0.0,0.0,,0.0,normalDay
2020-01-30,1500.0,399.0,0.0,0,327.68,0.0,1,5.24,1.25,SPY200331P00292000,292.0,0,0.0,0.0,,0.0,normalDay
2020-01-31,1500.0,309.0,0.0,0,321.73,0.0,1,5.24,2.15,SPY200331P00292000,292.0,0,0.0,0.0,,0.0,normalDay
2020-02-03,1500.0,346.0,0.0,0,324.12,0.0,1,5.24,1.78,SPY200331P00292000,292.0,0,0.0,0.0,,0.0,normalDay
2020-02-04,1500.0,415.0,0.0,0,329.06,0.0,1,5.24,1.09,SPY200331P00292000,292.0,0,0.0,0.0,,0.0,normalDay
2020-02-05,1500.0,443.0,0.0,0,332.86,0.0,1,5.24,0.81,SPY200331P00292000,292.0,0,0.0,0.0,,0.0,normalDay
2020-02-06,1500.0,446.0,0.0,0,333.98,0.0,1,5.24,0.78,SPY200331P00292000,292.0,0,0.0,0.0,,0.0,normalDay
2020-02-07,1500.0,439.0,0.0,0,332.2,0.0,1,5.24,0.85,SPY200331P00292000,292.0,0,0.0,0.0,,0.0,normalDay
2020-02-10,1500.0,456.0,0.0,0,334.68,0.0,1,5.24,0.68,SPY200331P00292000,292.0,0,0.0,0.0,,0.0,normalDay
2020-02-11,1500.0,458.0,0.0,0,335.26,0.0,1,5.24,0.66,SPY200331P00292000,292.0,0,0.0,0.0,,0.0,normalDay
2020-02-12,1500.0,472.0,0.0,0,337.42,0.0,1,5.24,0.52,SPY200331P00292000,292.0,0,0.0,0.0,,0.0,normalDay
2020-02-13,1500.0,471.0,0.0,0,337.06,0.0,1,5.24,0.53,SPY200331P00292000,292.0,0,0.0,0.0,,0.0,normalDay
2020-02-14,1500.0,477.0,0.0,0,337.6,0.0,1,5.24,0.47,SPY200331P00292000,292.0,0,0.0,0.0,,0.0,normalDay
2020-02-18,1500.0,475.0,0.0,0,336.73,0.0,1,5.24,0.49,SPY200331P00292000,292.0,0,0.0,0.0,,0.0,normalDay
2020-02-19,1500.0,482.0,0.0,0,338.34,0.0,1,5.24,0.42,SPY200331P00292000,292.0,0,0.0,0.0,,0.0,normalDay
2020-02-20,1500.0,474.0,0.0,0,336.95,0.0,1,5.24,0.5,SPY200331P00292000,292.0,0,0.0,0.0,,0.0,normalDay
2020-02-21,1500.0,457.0,0.0,0,333.48,0.0,1,5.24,0.67,SPY200331P00292000,292.0,0,0.0,0.0,,0.0,normalDay
2020-02-24,1500.0,299.0,0.0,0,322.42,0.0,1,5.24,2.25,SPY200331P00292000,292.0,0,0.0,0.0,,0.0,normalDay
2020-02-25,1500.0,160.0,0.0,0,312.65,0.0,1,5.24,3.64,SPY200331P00292000,292.0,0,0.0,0.0,,0.0,normalDay
2020-02-26,1500.0,154.0,0.0,0,311.5,0.0,1,5.24,3.7,SPY200331P00292000,292.0,0,0.0,0.0,,0.0,normalDay
2020-02-27,1500.0,-520.0,0.0,0,297.51,0.0,1,5.24,10.44,SPY200331P00292000,292.0,0,0.0,0.0,,0.0,normalDay
2020-02-28,1500.0,-611.0,0.0,0,296.26,0.0,1,5.24,11.35,SPY200331P00292000,292.0,0,0.0,0.0,,0.0,normalDay
2020-03-02,1500.0,15.0,0.0,0,309.09,0.0,1,5.24,5.09,SPY200331P00292000,292.0,0,0.0,0.0,,0.0,normalDay
2020-03-03,1500.0,-277.0,0.0,0,300.24,0.0,1,5.24,8.01,SPY200331P00292000,292.0,0,0.0,0.0,,0.0,normalDay
2020-03-04,1500.0,96.0,0.0,0,312.86,0.0,1,5.24,4.28,SPY200331P00292000,292.0,0,0.0,0.0,,0.0,normalDay
2020-03-05,1500.0,-321.0,0.0,0,302.46,0.0,1,5.24,8.45,SPY200331P00292000,292.0,0,0.0,0.0,,0.0,normalDay
2020-03-06,1500.0,-510.0,0.0,0,297.46,0.0,1,5.24,10.34,SPY200331P00292000,292.0,0,0.0,0.0,,0.0,normalDay
2020-03-09,1500.0,-1924.0,0.0,0,274.23,0.0,1,5.24,24.48,SPY200331P00292000,292.0,0,0.0,0.0,,0.0,normalDay
2020-03-10,1500.0,-918.0,0.0,0,288.42,0.0,1,5.24,14.42,SPY200331P00292000,292.0,0,0.0,0.0,,0.0,normalDay
2020-03-11,1500.0,-1877.0,0.0,0,274.36,0.0,1,5.24,24.01,SPY200331P00292000,292.0,0,0.0,0.0,,0.0,normalDay
2020-03-12,1500.0,-4098.0,0.0,0,248.11,0.0,1,5.24,46.22,SPY200331P00292000,292.0,0,0.0,0.0,,0.0,normalDay
2020-03-13,1500.0,-2138.0,0.0,0,269.32,0.0,1,5.24,26.62,SPY200331P00292000,292.0,0,0.0,0.0,,0.0,normalDay
2020-03-16,1500.0,-4559.0,0.0,0,239.85,0.0,1,5.24,50.83,SPY200331P00292000,292.0,0,0.0,0.0,,0.0,normalDay
2020-03-17,1500.0,-3735.0,0.0,0,252.8,0.0,1,5.24,42.59,SPY200331P00292000,292.0,0,0.0,0.0,,0.0,normalDay
2020-03-18,1500.0,-4941.0,0.0,0,240.0,0.0,1,5.24,54.65,SPY200331P00292000,292.0,0,0.0,0.0,,0.0,normalDay
2020-03-19,1500.0,-4895.0,0.0,0,240.51,0.0,1,5.24,54.19,SPY200331P00292000,292.0,0,0.0,0.0,,0.0,normalDay
2020-03-20,1500.0,-5827.0,0.0,0,228.8,0.0,1,5.24,63.51,SPY200331P00292000,292.0,0,0.0,0.0,,0.0,normalDay
2020-03-23,1500.0,-6619.0,0.0,0,222.95,0.0,1,5.24,71.43,SPY200331P00292000,292.0,0,0.0,0.0,,0.0,normalDay
2020-03-24,1500.0,-4482.0,0.0,0,243.15,0.0,1,5.24,50.06,SPY200331P00292000,292.0,0,0.0,0.0,,0.0,normalDay
2020-03-25,1500.0,-4002.0,0.0,0,246.79,0.0,1,5.24,45.26,SPY200331P00292000,292.0,0,0.0,0.0,,0.0,normalDay
2020-03-26,1500.0,-2618.0,0.0,0,261.2,0.0,1,5.24,31.42,SPY200331P00292000,292.0,0,0.0,0.0,,0.0,normalDay
2020-03-27,1500.0,-3413.0,0.0,0,253.42,0.0,1,5.24,39.37,SPY200331P00292000,292.0,0,0.0,0.0,,0.0,normalDay
2020-03-30,1500.0,-2595.0,0.0,0,261.65,0.0,1,5.24,31.19,SPY200331P00292000,292.0,0,0.0,0.0,,0.0,normalDay
2020-03-31,2024.0,-3425.0,524.0,100,257.75,292.0,1,5.24,0.0,SPY200331P00292000,292.0,0,0.0,0.0,,0.0,expirationDay
2020-04-01,2024.0,-4594.0,0.0,100,246.15,292.0,0,0.0,0.0,,0.0,1,0.84,0.93,SPY200619C00301000,301.0,normalDay
2020-04-02,2024.0,-4036.0,0.0,100,251.83,292.0,0,0.0,0.0,,0.0,1,0.84,1.03,SPY200619C00301000,301.0,normalDay
2020-04-03,2024.0,-4368.0,0.0,100,248.19,292.0,0,0.0,0.0,,0.0,1,0.84,0.71,SPY200619C00301000,301.0,normalDay
2020-04-06,2024.0,-2847.0,0.0,100,264.86,292.0,0,0.0,0.0,,0.0,1,0.84,2.17,SPY200619C00301000,301.0,normalDay
2020-04-07,2024.0,-2831.0,0.0,100,265.13,292.0,0,0.0,0.0,,0.0,1,0.84,2.28,SPY200619C00301000,301.0,normalDay
2020-04-08,2024.0,-2158.0,0.0,100,274.03,292.0,0,0.0,0.0,,0.0,1,0.84,4.45,SPY200619C00301000,301.0,normalDay
2020-04-09,2024.0,-1866.0,0.0,100,278.2,292.0,0,0.0,0.0,,0.0,1,0.84,5.7,SPY200619C00301000,301.0,normalDay
2020-04-13,2024.0,-2001.0,0.0,100,275.66,292.0,0,0.0,0.0,,0.0,1,0.84,4.51,SPY200619C00301000,301.0,normalDay
2020-04-14,2024.0,-1397.0,0.0,100,283.79,292.0,0,0.0,0.0,,0.0,1,0.84,6.6,SPY200619C00301000,301.0,normalDay
2020-04-15,2024.0,-1817.0,0.0,100,277.76,292.0,0,0.0,0.0,,0.0,1,0.84,4.77,SPY200619C00301000,301.0,normalDay
2020-04-16,2024.0,-1722.0,0.0,100,279.1,292.0,0,0.0,0.0,,0.0,1,0.84,5.16,SPY200619C00301000,301.0,normalDay
2020-04-17,2024.0,-1216.0,0.0,100,286.64,292.0,0,0.0,0.0,,0.0,1,0.84,7.64,SPY200619C00301000,301.0,normalDay
2020-04-20,2024.0,-1592.0,0.0,100,281.59,292.0,0,0.0,0.0,,0.0,1,0.84,6.35,SPY200619C00301000,301.0,normalDay
2020-04-21,2024.0,-2227.0,0.0,100,273.04,292.0,0,0.0,0.0,,0.0,1,0.84,4.15,SPY200619C00301000,301.0,normalDay
2020-04-22,2024.0,-1686.0,0.0,100,279.1,292.0,0,0.0,0.0,,0.0,1,0.84,4.8,SPY200619C00301000,301.0,normalDay
2020-04-23,2024.0,-1667.0,0.0,100,279.08,292.0,0,0.0,0.0,,0.0,1,0.84,4.59,SPY200619C00301000,301.0,normalDay
2020-04-24,2024.0,-1316.0,0.0,100,282.97,292.0,0,0.0,0.0,,0.0,1,0.84,4.97,SPY200619C00301000,301.0,normalDay
2020-04-27,2024.0,-953.0,0.0,100,287.05,292.0,0,0.0,0.0,,0.0,1,0.84,5.42,SPY200619C00301000,301.0,normalDay
2020-04-28,2024.0,-1033.0,0.0,100,285.73,292.0,0,0.0,0.0,,0.0,1,0.84,4.9,SPY200619C00301000,301.0,normalDay
2020-04-29,2024.0,-532.0,0.0,100,293.21,292.0,0,0.0,0.0,,0.0,1,0.84,7.37,SPY200619C00301000,301.0,normalDay
2020-04-30,2024.0,-687.0,0.0,100,290.48,292.0,0,0.0,0.0,,0.0,1,0.84,6.19,SPY200619C00301000,301.0,normalDay
2020-05-01,2024.0,-1232.0,0.0,100,282.79,292.0,0,0.0,0.0,,0.0,1,0.84,3.95,SPY200619C00301000,301.0,normalDay
2020-05-04,2024.0,-1119.0,0.0,100,283.57,292.0,0,0.0,0.0,,0.0,1,0.84,3.6,SPY200619C00301000,301.0,normalDay
2020-05-05,2024.0,-914.0,0.0,100,286.19,292.0,0,0.0,0.0,,0.0,1,0.84,4.17,SPY200619C00301000,301.0,normalDay
2020-05-06,2024.0,-1032.0,0.0,100,284.25,292.0,0,0.0,0.0,,0.0,1,0.84,3.41,SPY200619C00301000,301.0,normalDay
2020-05-07,2024.0,-777.0,0.0,100,287.68,292.0,0,0.0,0.0,,0.0,1,0.84,4.29,SPY200619C00301000,301.0,normalDay
2020-05-08,2024.0,-400.0,0.0,100,292.44,292.0,0,0.0,0.0,,0.0,1,0.84,5.28,SPY200619C00301000,301.0,normalDay
2020-05-11,2024.0,-298.0,0.0,100,292.5,292.0,0,0.0,0.0,,0.0,1,0.84,4.32,SPY200619C00301000,301.0,normalDay
2020-05-12,2024.0,-746.0,0.0,100,286.67,292.0,0,0.0,0.0,,0.0,1,0.84,2.97,SPY200619C00301000,301.0,normalDay
2020-05-13,2024.0,-1176.0,0.0,100,281.6,292.0,0,0.0,0.0,,0.0,1,0.84,2.2,SPY200619C00301000,301.0,normalDay
2020-05-14,2024.0,-870.0,0.0,100,284.97,292.0,0,0.0,0.0,,0.0,1,0.84,2.51,SPY200619C00301000,301.0,normalDay
2020-05-15,2024.0,-713.0,0.0,100,286.28,292.0,0,0.0,0.0,,0.0,1,0.84,2.25,SPY200619C00301000,301.0,normalDay
2020-05-18,2024.0,-121.0,0.0,100,295.0,292.0,0,0.0,0.0,,0.0,1,0.84,5.05,SPY200619C00301000,301.0,normalDay
2020-05-19,2024.0,-329.0,0.0,100,291.97,292.0,0,0.0,0.0,,0.0,1,0.84,4.1,SPY200619C00301000,301.0,normalDay
2020-05-20,2024.0,-10.0,0.0,100,296.93,292.0,0,0.0,0.0,,0.0,1,0.84,5.87,SPY200619C00301000,301.0,normalDay
2020-05-21,2024.0,-106.0,0.0,100,294.88,292.0,0,0.0,0.0,,0.0,1,0.84,4.78,SPY200619C00301000,301.0,normalDay
2020-05-22,2024.0,-51.0,0.0,100,295.44,292.0,0,0.0,0.0,,0.0,1,0.84,4.79,SPY200619C00301000,301.0,normalDay
2020-05-26,2024.0,192.0,0.0,100,299.08,292.0,0,0.0,0.0,,0.0,1,0.84,6.0,SPY200619C00301000,301.0,normalDay
2020-05-27,2024.0,397.0,0.0,100,303.53,292.0,0,0.0,0.0,,0.0,1,0.84,8.4,SPY200619C00301000,301.0,normalDay
2020-05-28,2024.0,319.0,0.0,100,302.97,292.0,0,0.0,0.0,,0.0,1,0.84,8.62,SPY200619C00301000,301.0,normalDay
2020-05-29,2024.0,406.0,0.0,100,304.32,292.0,0,0.0,0.0,,0.0,1,0.84,9.1,SPY200619C00301000,301.0,normalDay
2020-06-01,2024.0,532.0,0.0,100,305.55,292.0,0,0.0,0.0,,0.0,1,0.84,9.07,SPY200619C00301000,301.0,normalDay
2020-06-02,2024.0,660.0,0.0,100,308.08,292.0,0,0.0,0.0,,0.0,1,0.84,10.32,SPY200619C00301000,301.0,normalDay
2020-06-03,2024.0,765.0,0.0,100,312.18,292.0,0,0.0,0.0,,0.0,1,0.84,13.37,SPY200619C00301000,301.0,normalDay
2020-06-04,2024.0,755.0,0.0,100,311.36,292.0,0,0.0,0.0,,0.0,1,0.84,12.65,SPY200619C00301000,301.0,normalDay
2020-06-05,2024.0,900.0,0.0,100,319.34,292.0,0,0.0,0.0,,0.0,1,0.84,19.18,SPY200619C00301000,301.0,normalDay
2020-06-08,2024.0,966.0,0.0,100,323.2,292.0,0,0.0,0.0,,0.0,1,0.84,22.38,SPY200619C00301000,301.0,normalDay
2020-06-09,2024.0,833.0,0.0,100,320.79,292.0,0,0.0,0.0,,0.0,1,0.84,21.3,SPY200619C00301000,301.0,normalDay
2020-06-10,2024.0,938.0,0.0,100,319.0,292.0,0,0.0,0.0,,0.0,1,0.84,18.46,SPY200619C00301000,301.0,normalDay
2020-06-11,2024.0,267.0,0.0,100,300.61,292.0,0,0.0,0.0,,0.0,1,0.84,6.78,SPY200619C00301000,301.0,normalDay
2020-06-12,2024.0,590.0,0.0,100,304.21,292.0,0,0.0,0.0,,0.0,1,0.84,7.15,SPY200619C00301000,301.0,normalDay
2020-06-15,2024.0,746.0,0.0,100,307.05,292.0,0,0.0,0.0,,0.0,1,0.84,8.43,SPY200619C00301000,301.0,normalDay
2020-06-16,2024.0,944.0,0.0,100,312.96,292.0,0,0.0,0.0,,0.0,1,0.84,12.36,SPY200619C00301000,301.0,normalDay
2020-06-17,2024.0,909.0,0.0,100,311.66,292.0,0,0.0,0.0,,0.0,1,0.84,11.41,SPY200619C00301000,301.0,normalDay
2020-06-18,2024.0,955.0,0.0,100,311.78,292.0,0,0.0,0.0,,0.0,1,0.84,11.07,SPY200619C00301000,301.0,normalDay
2020-06-19,3008.0,955.0,984.0,0,308.64,0.0,0,0.0,0.0,,0.0,1,0.84,0.0,SPY200619C00301000,301.0,expirationDay
2020-06-22,3008.0,-9.0,0.0,0,310.62,0.0,1,11.58,11.67,SPY201016P00285000,285.0,0,0.0,0.0,,0.0,normalDay
2020-06-23,3008.0,39.0,0.0,0,312.05,0.0,1,11.58,11.19,SPY201016P00285000,285.0,0,0.0,0.0,,0.0,normalDay
2020-06-24,3008.0,-206.0,0.0,0,304.09,0.0,1,11.58,13.64,SPY201016P00285000,285.0,0,0.0,0.0,,0.0,normalDay
2020-06-25,3008.0,-44.0,0.0,0,307.35,0.0,1,11.58,12.02,SPY201016P00285000,285.0,0,0.0,0.0,,0.0,normalDay
2020-06-26,3008.0,-277.0,0.0,0,300.05,0.0,1,11.58,14.35,SPY201016P00285000,285.0,0,0.0,0.0,,0.0,normalDay
2020-06-29,3008.0,-83.0,0.0,0,304.46,0.0,1,11.58,12.41,SPY201016P00285000,285.0,0,0.0,0.0,,0.0,normalDay
2020-06-30,3008.0,75.0,0.0,0,308.36,0.0,1,11.58,10.83,SPY201016P00285000,285.0,0,0.0,0.0,,0.0,normalDay
2020-07-01,3008.0,162.0,0.0,0,310.52,0.0,1,11.58,9.96,SPY201016P00285000,285.0,0,0.0,0.0,,0.0,normalDay
2020-07-02,3008.0,235.0,0.0,0,312.23,0.0,1,11.58,9.23,SPY201016P00285000,285.0,0,0.0,0.0,,0.0,normalDay
2020-07-06,3008.0,336.0,0.0,0,317.05,0.0,1,11.58,8.22,SPY201016P00285000,285.0,0,0.0,0.0,,0.0,normalDay
2020-07-07,3008.0,241.0,0.0,0,313.78,0.0,1,11.58,9.17,SPY201016P00285000,285.0,0,0.0,0.0,,0.0,normalDay
2020-07-08,3008.0,326.0,0.0,0,316.18,0.0,1,11.58,8.32,SPY201016P00285000,285.0,0,0.0,0.0,,0.0,normalDay
2020-07-09,3008.0,258.0,0.0,0,314.38,0.0,1,11.58,9.0,SPY201016P00285000,285.0,0,0.0,0.0,,0.0,normalDay
2020-07-10,3008.0,366.0,0.0,0,317.59,0.0,1,11.58,7.92,SPY201016P00285000,285.0,0,0.0,0.0,,0.0,normalDay
2020-07-13,3008.0,189.0,0.0,0,314.84,0.0,1,11.58,9.69,SPY201016P00285000,285.0,0,0.0,0.0,,0.0,normalDay
2020-07-14,3008.0,356.0,0.0,0,318.92,0.0,1,11.58,8.02,SPY201016P00285000,285.0,0,0.0,0.0,,0.0,normalDay
2020-07-15,3008.0,445.0,0.0,0,321.85,0.0,1,11.58,7.13,SPY201016P00285000,285.0,0,0.0,0.0,,0.0,normalDay
2020-07-16,3008.0,421.0,0.0,0,320.79,0.0,1,11.58,7.37,SPY201016P00285000,285.0,0,0.0,0.0,,0.0,normalDay
2020-07-17,3008.0,528.0,0.0,0,321.72,0.0,1,11.58,6.3,SPY201016P00285000,285.0,0,0.0,0.0,,0.0,normalDay
2020-07-20,3008.0,619.0,0.0,0,324.32,0.0,1,11.58,5.39,SPY201016P00285000,285.0,0,0.0,0.0,,0.0,normalDay
2020-07-21,3008.0,625.0,0.0,0,325.01,0.0,1,11.58,5.33,SPY201016P00285000,285.0,0,0.0,0.0,,0.0,normalDay
2020-07-22,3008.0,659.0,0.0,0,326.86,0.0,1,11.58,4.99,SPY201016P00285000,285.0,0,0.0,0.0,,0.0,normalDay
2020-07-23,3008.0,571.0,0.0,0,322.96,0.0,1,11.58,5.87,SPY201016P00285000,285.0,0,0.0,0.0,,0.0,normalDay
2020-07-24,3008.0,566.0,0.0,0,320.88,0.0,1,11.58,5.92,SPY201016P00285000,285.0,0,0.0,0.0,,0.0,normalDay
2020-07-27,3008.0,638.0,0.0,0,323.22,0.0,1,11.58,5.2,SPY201016P00285000,285.0,0,0.0,0.0,,0.0,normalDay
2020-07-28,3008.0,602.0,0.0,0,321.17,0.0,1,11.58,5.56,SPY201016P00285000,285.0,0,0.0,0.0,,0.0,normalDay
2020-07-29,3008.0,682.0,0.0,0,325.12,0.0,1,11.58,4.76,SPY201016P00285000,285.0,0,0.0,0.0,,0.0,normalDay
2020-07-30,3008.0,654.0,0.0,0,323.96,0.0,1,11.58,5.04,SPY201016P00285000,285.0,0,0.0,0.0,,0.0,normalDay
2020-07-31,3008.0,708.0,0.0,0,326.52,0.0,1,11.58,4.5,SPY201016P00285000,285.0,0,0.0,0.0,,0.0,normalDay
2020-08-03,3008.0,748.0,0.0,0,328.79,0.0,1,11.58,4.1,SPY201016P00285000,285.0,0,0.0,0.0,,0.0,normalDay
2020-08-04,3008.0,782.0,0.0,0,330.06,0.0,1,11.58,3.76,SPY201016P00285000,285.0,0,0.0,0.0,,0.0,normalDay
2020-08-05,3008.0,822.0,0.0,0,332.11,0.0,1,11.58,3.36,SPY201016P00285000,285.0,0,0.0,0.0,,0.0,normalDay
2020-08-06,3008.0,849.0,0.0,0,334.33,0.0,1,11.58,3.09,SPY201016P00285000,285.0,0,0.0,0.0,,0.0,normalDay
2020-08-07,3008.0,856.0,0.0,0,334.57,0.0,1,11.58,3.02,SPY201016P00285000,285.0,0,0.0,0.0,,0.0,normalDay
2020-08-10,3008.0,882.0,0.0,0,335.57,0.0,1,11.58,2.76,SPY201016P00285000,285.0,0,0.0,0.0,,0.0,normalDay
2020-08-11,3008.0,830.0,0.0,0,332.8,0.0,1,11.58,3.28,SPY201016P00285000,285.0,0,0.0,0.0,,0.0,normalDay
2020-08-12,3008.0,899.0,0.0,0,337.44,0.0,1,11.58,2.59,SPY201016P00285000,285.0,0,0.0,0.0,,0.0,normalDay
2020-08-13,3008.0,898.0,0.0,0,336.83,0.0,1,11.58,2.6,SPY201016P00285000,285.0,0,0.0,0.0,,0.0,normalDay
2020-08-14,3008.0,908.0,0.0,0,336.84,0.0,1,11.58,2.5,SPY201016P00285000,285.0,0,0.0,0.0,,0.0,normalDay
2020-08-17,3008.0,944.0,0.0,0,337.91,0.0,1,11.58,2.14,SPY201016P00285000,285.0,0,0.0,0.0,,0.0,normalDay
2020-08-18,3008.0,955.0,0.0,0,338.64,0.0,1,11.58,2.03,SPY201016P00285000,285.0,0,0.0,0.0,,0.0,normalDay
2020-08-19,3008.0,938.0,0.0,0,337.23,0.0,1,11.58,2.2,SPY201016P00285000,285.0,0,0.0,0.0,,0.0,normalDay
2020-08-20,3008.0,948.0,0.0,0,338.28,0.0,1,11.58,2.1,SPY201016P00285000,285.0,0,0.0,0.0,,0.0,normalDay
2020-08-21,3008.0,966.0,0.0,0,339.48,0.0,1,11.58,1.92,SPY201016P00285000,285.0,0,0.0,0.0,,0.0,normalDay
2020-08-24,3008.0,993.0,0.0,0,342.92,0.0,1,11.58,1.65,SPY201016P00285000,285.0,0,0.0,0.0,,0.0,normalDay
2020-08-25,3008.0,1010.0,0.0,0,344.12,0.0,1,11.58,1.48,SPY201016P00285000,285.0,0,0.0,0.0,,0.0,normalDay
2020-08-26,3008.0,1014.0,0.0,0,347.57,0.0,1,11.58,1.44,SPY201016P00285000,285.0,0,0.0,0.0,,0.0,normalDay
2020-08-27,3008.0,1006.0,0.0,0,348.33,0.0,1,11.58,1.52,SPY201016P00285000,285.0,0,0.0,0.0,,0.0,normalDay
2020-08-28,3008.0,1029.0,0.0,0,350.58,0.0,1,11.58,1.29,SPY201016P00285000,285.0,0,0.0,0.0,,0.0,normalDay
2020-08-31,3008.0,1001.0,0.0,0,349.31,0.0,1,11.58,1.57,SPY201016P00285000,285.0,0,0.0,0.0,,0.0,normalDay
2020-09-01,3008.0,1013.0,0.0,0,352.6,0.0,1,11.58,1.45,SPY201016P00285000,285.0,0,0.0,0.0,,0.0,normalDay
2020-09-02,3008.0,1036.0,0.0,0,357.7,0.0,1,11.58,1.22,SPY201016P00285000,285.0,0,0.0,0.0,,0.0,normalDay
2020-09-03,3008.0,929.0,0.0,0,345.39,0.0,1,11.58,2.29,SPY201016P00285000,285.0,0,0.0,0.0,,0.0,normalDay
2020-09-04,3008.0,955.0,0.0,0,342.57,0.0,1,11.58,2.03,SPY201016P00285000,285.0,0,0.0,0.0,,0.0,normalDay
2020-09-08,3008.0,940.0,0.0,0,333.21,0.0,1,11.58,2.18,SPY201016P00285000,285.0,0,0.0,0.0,,0.0,normalDay
2020-09-09,3008.0,1011.0,0.0,0,339.79,0.0,1,11.58,1.47,SPY201016P00285000,285.0,0,0.0,0.0,,0.0,normalDay
2020-09-10,3008.0,992.0,0.0,0,333.89,0.0,1,11.58,1.66,SPY201016P00285000,285.0,0,0.0,0.0,,0.0,normalDay
2020-09-11,3008.0,1031.0,0.0,0,334.06,0.0,1,11.58,1.27,SPY201016P00285000,285.0,0,0.0,0.0,,0.0,normalDay
2020-09-14,3008.0,1076.0,0.0,0,338.46,0.0,1,11.58,0.82,SPY201016P00285000,285.0,0,0.0,0.0,,0.0,normalDay
2020-09-15,3008.0,1079.0,0.0,0,340.17,0.0,1,11.58,0.79,SPY201016P00285000,285.0,0,0.0,0.0,,0.0,normalDay
2020-09-16,3008.0,1075.0,0.0,0,338.82,0.0,1,11.58,0.83,SPY201016P00285000,285.0,0,0.0,0.0,,0.0,normalDay
2020-09-17,3008.0,1072.0,0.0,0,335.84,0.0,1,11.58,0.86,SPY201016P00285000,285.0,0,0.0,0.0,,0.0,normalDay
2020-09-18,3008.0,1079.0,0.0,0,330.65,0.0,1,11.58,0.79,SPY201016P00285000,285.0,0,0.0,0.0,,0.0,normalDay
2020-09-21,3008.0,1071.0,0.0,0,326.97,0.0,1,11.58,0.87,SPY201016P00285000,285.0,0,0.0,0.0,,0.0,normalDay
2020-09-22,3008.0,1094.0,0.0,0,330.3,0.0,1,11.58,0.64,SPY201016P00285000,285.0,0,0.0,0.0,,0.0,normalDay
2020-09-23,3008.0,1053.0,0.0,0,322.64,0.0,1,11.58,1.05,SPY201016P00285000,285.0,0,0.0,0.0,,0.0,normalDay
2020-09-24,3008.0,1070.0,0.0,0,323.5,0.0,1,11.58,0.88,SPY201016P00285000,285.0,0,0.0,0.0,,0.0,normalDay
2020-09-25,3008.0,1107.0,0.0,0,328.73,0.0,1,11.58,0.51,SPY201016P00285000,285.0,0,0.0,0.0,,0.0,normalDay
2020-09-28,3008.0,1127.0,0.0,0,334.19,0.0,1,11.58,0.31,SPY201016P00285000,285.0,0,0.0,0.0,,0.0,normalDay
2020-09-29,3008.0,1127.0,0.0,0,332.37,0.0,1,11.58,0.31,SPY201016P00285000,285.0,0,0.0,0.0,,0.0,normalDay
2020-09-30,3008.0,1132.0,0.0,0,334.89,0.0,1,11.58,0.26,SPY201016P00285000,285.0,0,0.0,0.0,,0.0,normalDay
2020-10-01,3008.0,1143.0,0.0,0,337.04,0.0,1,11.58,0.15,SPY201016P00285000,285.0,0,0.0,0.0,,0.0,normalDay
2020-10-02,3008.0,1143.0,0.0,0,333.84,0.0,1,11.58,0.15,SPY201016P00285000,285.0,0,0.0,0.0,,0.0,normalDay
2020-10-05,3008.0,1151.0,0.0,0,339.76,0.0,1,11.58,0.07,SPY201016P00285000,285.0,0,0.0,0.0,,0.0,normalDay
2020-10-06,3008.0,1148.0,0.0,0,334.93,0.0,1,11.58,0.1,SPY201016P00285000,285.0,0,0.0,0.0,,0.0,normalDay
2020-10-07,3008.0,1153.0,0.0,0,340.76,0.0,1,11.58,0.05,SPY201016P00285000,285.0,0,0.0,0.0,,0.0,normalDay
2020-10-08,3008.0,1154.0,0.0,0,343.78,0.0,1,11.58,0.04,SPY201016P00285000,285.0,0,0.0,0.0,,0.0,normalDay
2020-10-09,3008.0,1156.0,0.0,0,346.85,0.0,1,11.58,0.02,SPY201016P00285000,285.0,0,0.0,0.0,,0.0,normalDay
2020-10-12,3008.0,1156.0,0.0,0,352.43,0.0,1,11.58,0.02,SPY201016P00285000,285.0,0,0.0,0.0,,0.0,normalDay
2020-10-13,3008.0,1157.0,0.0,0,350.13,0.0,1,11.58,0.01,SPY201016P00285000,285.0,0,0.0,0.0,,0.0,normalDay
2020-10-14,3008.0,1157.0,0.0,0,347.93,0.0,1,11.58,0.01,SPY201016P00285000,285.0,0,0.0,0.0,,0.0,normalDay
2020-10-15,3008.0,1157.0,0.0,0,347.5,0.0,1,11.58,0.01,SPY201016P00285000,285.0,0,0.0,0.0,,0.0,normalDay
2020-10-16,4166.0,0.0,1158.0,0,347.29,0.0,1,11.58,0.0,SPY201016P00285000,285.0,0,0.0,0.0,,0.0,expirationDay
2020-10-19,4166.0,-9.0,0.0,0,342.01,0.0,1,9.84,9.93,SPY210219P00307000,307.0,0,0.0,0.0,,0.0,normalDay
2020-10-20,4166.0,10.0,0.0,0,343.38,0.0,1,9.84,9.74,SPY210219P00307000,307.0,0,0.0,0.0,,0.0,normalDay
2020-10-21,4166.0,60.0,0.0,0,342.73,0.0,1,9.84,9.24,SPY210219P00307000,307.0,0,0.0,0.0,,0.0,normalDay
2020-10-22,4166.0,100.0,0.0,0,344.61,0.0,1,9.84,8.84,SPY210219P00307000,307.0,0,0.0,0.0,,0.0,normalDay
2020-10-23,4166.0,135.0,0.0,0,345.78,0.0,1,9.84,8.49,SPY210219P00307000,307.0,0,0.0,0.0,,0.0,normalDay
2020-10-26,4166.0,-60.0,0.0,0,339.39,0.0,1,9.84,10.44,SPY210219P00307000,307.0,0,0.0,0.0,,0.0,normalDay
2020-10-27,4166.0,-93.0,0.0,0,338.22,0.0,1,9.84,10.77,SPY210219P00307000,307.0,0,0.0,0.0,,0.0,normalDay
2020-10-28,4166.0,-597.0,0.0,0,326.66,0.0,1,9.84,15.81,SPY210219P00307000,307.0,0,0.0,0.0,,0.0,normalDay
2020-10-29,4166.0,-363.0,0.0,0,329.98,0.0,1,9.84,13.47,SPY210219P00307000,307.0,0,0.0,0.0,,0.0,normalDay
2020-10-30,4166.0,-485.0,0.0,0,326.54,0.0,1,9.84,14.69,SPY210219P00307000,307.0,0,0.0,0.0,,0.0,normalDay
2020-11-02,4166.0,-303.0,0.0,0,330.2,0.0,1,9.84,12.87,SPY210219P00307000,307.0,0,0.0,0.0,,0.0,normalDay
2020-11-03,4166.0,-119.0,0.0,0,336.03,0.0,1,9.84,11.03,SPY210219P00307000,307.0,0,0.0,0.0,,0.0,normalDay
2020-11-04,4166.0,161.0,0.0,0,343.54,0.0,1,9.84,8.23,SPY210219P00307000,307.0,0,0.0,0.0,,0.0,normalDay
2020-11-05,4166.0,276.0,0.0,0,350.24,0.0,1,9.84,7.08,SPY210219P00307000,307.0,0,0.0,0.0,,0.0,normalDay
2020-11-06,4166.0,341.0,0.0,0,350.16,0.0,1,9.84,6.43,SPY210219P00307000,307.0,0,0.0,0.0,,0.0,normalDay
2020-11-09,4166.0,445.0,0.0,0,354.56,0.0,1,9.84,5.39,SPY210219P00307000,307.0,0,0.0,0.0,,0.0,normalDay
2020-11-10,4166.0,455.0,0.0,0,354.04,0.0,1,9.84,5.29,SPY210219P00307000,307.0,0,0.0,0.0,,0.0,normalDay
2020-11-11,4166.0,520.0,0.0,0,356.67,0.0,1,9.84,4.64,SPY210219P00307000,307.0,0,0.0,0.0,,0.0,normalDay
2020-11-12,4166.0,431.0,0.0,0,353.21,0.0,1,9.84,5.53,SPY210219P00307000,307.0,0,0.0,0.0,,0.0,normalDay
2020-11-13,4166.0,527.0,0.0,0,358.1,0.0,1,9.84,4.57,SPY210219P00307000,307.0,0,0.0,0.0,,0.0,normalDay
2020-11-16,4166.0,590.0,0.0,0,362.57,0.0,1,9.84,3.94,SPY210219P00307000,307.0,0,0.0,0.0,,0.0,normalDay
2020-11-17,4166.0,585.0,0.0,0,360.62,0.0,1,9.84,3.99,SPY210219P00307000,307.0,0,0.0,0.0,,0.0,normalDay
2020-11-18,4166.0,527.0,0.0,0,356.28,0.0,1,9.84,4.57,SPY210219P00307000,307.0,0,0.0,0.0,,0.0,normalDay
2020-11-19,4166.0,570.0,0.0,0,357.78,0.0,1,9.84,4.14,SPY210219P00307000,307.0,0,0.0,0.0,,0.0,normalDay
2020-11-20,4166.0,536.0,0.0,0,355.33,0.0,1,9.84,4.48,SPY210219P00307000,307.0,0,0.0,0.0,,0.0,normalDay
2020-11-23,4166.0,592.0,0.0,0,357.46,0.0,1,9.84,3.92,SPY210219P00307000,307.0,0,0.0,0.0,,0.0,normalDay
2020-11-24,4166.0,660.0,0.0,0,363.22,0.0,1,9.84,3.24,SPY210219P00307000,307.0,0,0.0,0.0,,0.0,normalDay
2020-11-25,4166.0,675.0,0.0,0,362.66,0.0,1,9.84,3.09,SPY210219P00307000,307.0,0,0.0,0.0,,0.0,normalDay
2020-11-27,4166.0,695.0,0.0,0,363.67,0.0,1,9.84,2.89,SPY210219P00307000,307.0,0,0.0,0.0,,0.0,normalDay
2020-11-30,4166.0,711.0,0.0,0,362.06,0.0,1,9.84,2.73,SPY210219P00307000,307.0,0,0.0,0.0,,0.0,normalDay
2020-12-01,4166.0,727.0,0.0,0,366.02,0.0,1,9.84,2.57,SPY210219P00307000,307.0,0,0.0,0.0,,0.0,normalDay
2020-12-02,4166.0,738.0,0.0,0,366.79,0.0,1,9.84,2.46,SPY210219P00307000,307.0,0,0.0,0.0,,0.0,normalDay
2020-12-03,4166.0,734.0,0.0,0,366.69,0.0,1,9.84,2.5,SPY210219P00307000,307.0,0,0.0,0.0,,0.0,normalDay
2020-12-04,4166.0,768.0,0.0,0,369.85,0.0,1,9.84,2.16,SPY210219P00307000,307.0,0,0.0,0.0,,0.0,normalDay
2020-12-07,4166.0,766.0,0.0,0,369.09,0.0,1,9.84,2.18,SPY210219P00307000,307.0,0,0.0,0.0,,0.0,normalDay
2020-12-08,4166.0,795.0,0.0,0,370.17,0.0,1,9.84,1.89,SPY210219P00307000,307.0,0,0.0,0.0,,0.0,normalDay
2020-12-09,4166.0,760.0,0.0,0,366.85,0.0,1,9.84,2.24,SPY210219P00307000,307.0,0,0.0,0.0,,0.0,normalDay
2020-12-10,4166.0,761.0,0.0,0,366.73,0.0,1,9.84,2.23,SPY210219P00307000,307.0,0,0.0,0.0,,0.0,normalDay
2020-12-11,4166.0,741.0,0.0,0,366.3,0.0,1,9.84,2.43,SPY210219P00307000,307.0,0,0.0,0.0,,0.0,normalDay
2020-12-14,4166.0,720.0,0.0,0,364.66,0.0,1,9.84,2.64,SPY210219P00307000,307.0,0,0.0,0.0,,0.0,normalDay
2020-12-15,4166.0,768.0,0.0,0,369.59,0.0,1,9.84,2.16,SPY210219P00307000,307.0,0,0.0,0.0,,0.0,normalDay
2020-12-16,4166.0,791.0,0.0,0,370.17,0.0,1,9.84,1.93,SPY210219P00307000,307.0,0,0.0,0.0,,0.0,normalDay
2020-12-17,4166.0,815.0,0.0,0,372.24,0.0,1,9.84,1.69,SPY210219P00307000,307.0,0,0.0,0.0,,0.0,normalDay
2020-12-18,4166.0,815.0,0.0,0,369.18,0.0,1,9.84,1.69,SPY210219P00307000,307.0,0,0.0,0.0,,0.0,normalDay
2020-12-21,4166.0,765.0,0.0,0,367.86,0.0,1,9.84,2.19,SPY210219P00307000,307.0,0,0.0,0.0,,0.0,normalDay
2020-12-22,4166.0,783.0,0.0,0,367.24,0.0,1,9.84,2.01,SPY210219P00307000,307.0,0,0.0,0.0,,0.0,normalDay
2020-12-23,4166.0,806.0,0.0,0,367.57,0.0,1,9.84,1.78,SPY210219P00307000,307.0,0,0.0,0.0,,0.0,normalDay
2020-12-24,4166.0,836.0,0.0,0,369.0,0.0,1,9.84,1.48,SPY210219P00307000,307.0,0,0.0,0.0,,0.0,normalDay
2020-12-28,4166.0,860.0,0.0,0,372.17,0.0,1,9.84,1.24,SPY210219P00307000,307.0,0,0.0,0.0,,0.0,normalDay
2020-12-29,4166.0,844.0,0.0,0,371.46,0.0,1,9.84,1.4,SPY210219P00307000,307.0,0,0.0,0.0,,0.0,normalDay
2020-12-30,4166.0,866.0,0.0,0,371.99,0.0,1,9.84,1.18,SPY210219P00307000,307.0,0,0.0,0.0,,0.0,normalDay
2020-12-31,4166.0,878.0,0.0,0,373.88,0.0,1,9.84,1.06,SPY210219P00307000,307.0,0,0.0,0.0,,0.0,normalDay
2021-01-04,4166.0,836.0,0.0,0,368.79,0.0,1,9.84,1.48,SPY210219P00307000,307.0,0,0.0,0.0,,0.0,normalDay
2021-01-05,4166.0,860.0,0.0,0,371.33,0.0,1,9.84,1.24,SPY210219P00307000,307.0,0,0.0,0.0,,0.0,normalDay
2021-01-06,4166.0,866.0,0.0,0,373.55,0.0,1,9.84,1.18,SPY210219P00307000,307.0,0,0.0,0.0,,0.0,normalDay
2021-01-07,4166.0,909.0,0.0,0,379.1,0.0,1,9.84,0.75,SPY210219P00307000,307.0,0,0.0,0.0,,0.0,normalDay
2021-01-08,4166.0,916.0,0.0,0,381.26,0.0,1,9.84,0.68,SPY210219P00307000,307.0,0,0.0,0.0,,0.0,normalDay
2021-01-11,4166.0,905.0,0.0,0,378.69,0.0,1,9.84,0.79,SPY210219P00307000,307.0,0,0.0,0.0,,0.0,normalDay
2021-01-12,4166.0,915.0,0.0,0,378.77,0.0,1,9.84,0.69,SPY210219P00307000,307.0,0,0.0,0.0,,0.0,normalDay
2021-01-13,4166.0,924.0,0.0,0,379.79,0.0,1,9.84,0.6,SPY210219P00307000,307.0,0,0.0,0.0,,0.0,normalDay
2021-01-14,4166.0,916.0,0.0,0,378.46,0.0,1,9.84,0.68,SPY210219P00307000,307.0,0,0.0,0.0,,0.0,normalDay
2021-01-15,4166.0,905.0,0.0,0,375.7,0.0,1,9.84,0.79,SPY210219P00307000,307.0,0,0.0,0.0,,0.0,normalDay
2021-01-19,4166.0,928.0,0.0,0,378.65,0.0,1,9.84,0.56,SPY210219P00307000,307.0,0,0.0,0.0,,0.0,normalDay
2021-01-20,4166.0,943.0,0.0,0,383.89,0.0,1,9.84,0.41,SPY210219P00307000,307.0,0,0.0,0.0,,0.0,normalDay
2021-01-21,4166.0,948.0,0.0,0,384.24,0.0,1,9.84,0.36,SPY210219P00307000,307.0,0,0.0,0.0,,0.0,normalDay
2021-01-22,4166.0,946.0,0.0,0,382.88,0.0,1,9.84,0.38,SPY210219P00307000,307.0,0,0.0,0.0,,0.0,normalDay
2021-01-25,4166.0,950.0,0.0,0,384.39,0.0,1,9.84,0.34,SPY210219P00307000,307.0,0,0.0,0.0,,0.0,normalDay
2021-01-26,4166.0,953.0,0.0,0,383.79,0.0,1,9.84,0.31,SPY210219P00307000,307.0,0,0.0,0.0,,0.0,normalDay
2021-01-27,4166.0,890.0,0.0,0,374.41,0.0,1,9.84,0.94,SPY210219P00307000,307.0,0,0.0,0.0,,0.0,normalDay
2021-01-28,4166.0,918.0,0.0,0,377.63,0.0,1,9.84,0.66,SPY210219P00307000,307.0,0,0.0,0.0,,0.0,normalDay
2021-01-29,4166.0,883.0,0.0,0,370.07,0.0,1,9.84,1.01,SPY210219P00307000,307.0,0,0.0,0.0,,0.0,normalDay
2021-02-01,4166.0,939.0,0.0,0,376.23,0.0,1,9.84,0.45,SPY210219P00307000,307.0,0,0.0,0.0,,0.0,normalDay
2021-02-02,4166.0,961.0,0.0,0,381.55,0.0,1,9.84,0.23,SPY210219P00307000,307.0,0,0.0,0.0,,0.0,normalDay
2021-02-03,4166.0,971.0,0.0,0,381.85,0.0,1,9.84,0.13,SPY210219P00307000,307.0,0,0.0,0.0,,0.0,normalDay
2021-02-04,4166.0,976.0,0.0,0,386.19,0.0,1,9.84,0.08,SPY210219P00307000,307.0,0,0.0,0.0,,0.0,normalDay
2021-02-05,4166.0,978.0,0.0,0,387.71,0.0,1,9.84,0.06,SPY210219P00307000,307.0,0,0.0,0.0,,0.0,normalDay
2021-02-08,4166.0,980.0,0.0,0,390.51,0.0,1,9.84,0.04,SPY210219P00307000,307.0,0,0.0,0.0,,0.0,normalDay
2021-02-09,4166.0,980.0,0.0,0,390.25,0.0,1,9.84,0.04,SPY210219P00307000,307.0,0,0.0,0.0,,0.0,normalDay
2021-02-10,4166.0,979.0,0.0,0,390.08,0.0,1,9.84,0.05,SPY210219P00307000,307.0,0,0.0,0.0,,0.0,normalDay
2021-02-11,4166.0,981.0,0.0,0,390.71,0.0,1,9.84,0.03,SPY210219P00307000,307.0,0,0.0,0.0,,0.0,normalDay
2021-02-12,4166.0,982.0,0.0,0,392.64,0.0,1,9.84,0.02,SPY210219P00307000,307.0,0,0.0,0.0,,0.0,normalDay
2021-02-16,4166.0,982.0,0.0,0,392.3,0.0,1,9.84,0.02,SPY210219P00307000,307.0,0,0.0,0.0,,0.0,normalDay
2021-02-17,4166.0,983.0,0.0,0,392.39,0.0,1,9.84,0.01,SPY210219P00307000,307.0,0,0.0,0.0,,0.0,normalDay
2021-02-18,4166.0,983.0,0.0,0,390.72,0.0,1,9.84,0.01,SPY210219P00307000,307.0,0,0.0,0.0,,0.0,normalDay
2021-02-19,5150.0,0.0,984.0,0,390.03,0.0,1,9.84,0.0,SPY210219P00307000,307.0,0,0.0,0.0,,0.0,expirationDay
2021-02-22,5150.0,-10.0,0.0,0,387.03,0.0,1,12.85,12.95,SPY210630P00362000,362.0,0,0.0,0.0,,0.0,normalDay
2021-02-23,5150.0,42.0,0.0,0,387.5,0.0,1,12.85,12.43,SPY210630P00362000,362.0,0,0.0,0.0,,0.0,normalDay
2021-02-24,5150.0,202.0,0.0,0,391.77,0.0,1,12.85,10.83,SPY210630P00362000,362.0,0,0.0,0.0,,0.0,normalDay
2021-02-25,5150.0,-185.0,0.0,0,382.33,0.0,1,12.85,14.7,SPY210630P00362000,362.0,0,0.0,0.0,,0.0,normalDay
2021-02-26,5150.0,-172.0,0.0,0,380.36,0.0,1,12.85,14.57,SPY210630P00362000,362.0,0,0.0,0.0,,0.0,normalDay
2021-03-01,5150.0,181.0,0.0,0,389.58,0.0,1,12.85,11.04,SPY210630P00362000,362.0,0,0.0,0.0,,0.0,normalDay
2021-03-02,5150.0,91.0,0.0,0,386.54,0.0,1,12.85,11.94,SPY210630P00362000,362.0,0,0.0,0.0,,0.0,normalDay
2021-03-03,5150.0,-79.0,0.0,0,381.42,0.0,1,12.85,13.64,SPY210630P00362000,362.0,0,0.0,0.0,,0.0,normalDay
2021-03-04,5150.0,-243.0,0.0,0,376.7,0.0,1,12.85,15.28,SPY210630P00362000,362.0,0,0.0,0.0,,0.0,normalDay
2021-03-05,5150.0,57.0,0.0,0,383.63,0.0,1,12.85,12.28,SPY210630P00362000,362.0,0,0.0,0.0,,0.0,normalDay
2021-03-08,5150.0,24.0,0.0,0,381.72,0.0,1,12.85,12.61,SPY210630P00362000,362.0,0,0.0,0.0,,0.0,normalDay
2021-03-09,5150.0,184.0,0.0,0,387.17,0.0,1,12.85,11.01,SPY210630P00362000,362.0,0,0.0,0.0,,0.0,normalDay
2021-03-10,5150.0,273.0,0.0,0,389.58,0.0,1,12.85,10.12,SPY210630P00362000,362.0,0,0.0,0.0,,0.0,normalDay
2021-03-11,5150.0,367.0,0.0,0,393.53,0.0,1,12.85,9.18,SPY210630P00362000,362.0,0,0.0,0.0,,0.0,normalDay
2021-03-12,5150.0,417.0,0.0,0,394.06,0.0,1,12.85,8.68,SPY210630P00362000,362.0,0,0.0,0.0,,0.0,normalDay
2021-03-15,5150.0,507.0,0.0,0,396.41,0.0,1,12.85,7.78,SPY210630P00362000,362.0,0,0.0,0.0,,0.0,normalDay
2021-03-16,5150.0,501.0,0.0,0,395.91,0.0,1,12.85,7.84,SPY210630P00362000,362.0,0,0.0,0.0,,0.0,normalDay
2021-03-17,5150.0,564.0,0.0,0,397.26,0.0,1,12.85,7.21,SPY210630P00362000,362.0,0,0.0,0.0,,0.0,normalDay
2021-03-18,5150.0,432.0,0.0,0,391.48,0.0,1,12.85,8.53,SPY210630P00362000,362.0,0,0.0,0.0,,0.0,normalDay
2021-03-19,5150.0,427.0,0.0,0,389.48,0.0,1,12.85,8.58,SPY210630P00362000,362.0,0,0.0,0.0,,0.0,normalDay
2021-03-22,5150.0,602.0,0.0,0,392.59,0.0,1,12.85,6.83,SPY210630P00362000,362.0,0,0.0,0.0,,0.0,normalDay
2021-03-23,5150.0,517.0,0.0,0,389.5,0.0,1,12.85,7.68,SPY210630P00362000,362.0,0,0.0,0.0,,0.0,normalDay
2021-03-24,5150.0,465.0,0.0,0,387.52,0.0,1,12.85,8.2,SPY210630P00362000,362.0,0,0.0,0.0,,0.0,normalDay
2021-03-25,5150.0,560.0,0.0,0,389.7,0.0,1,12.85,7.25,SPY210630P00362000,362.0,0,0.0,0.0,,0.0,normalDay
2021-03-26,5150.0,695.0,0.0,0,395.98,0.0,1,12.85,5.9,SPY210630P00362000,362.0,0,0.0,0.0,,0.0,normalDay
2021-03-29,5150.0,672.0,0.0,0,395.78,0.0,1,12.85,6.13,SPY210630P00362000,362.0,0,0.0,0.0,,0.0,normalDay
2021-03-30,5150.0,696.0,0.0,0,394.73,0.0,1,12.85,5.89,SPY210630P00362000,362.0,0,0.0,0.0,,0.0,normalDay
2021-03-31,5150.0,736.0,0.0,0,396.33,0.0,1,12.85,5.49,SPY210630P00362000,362.0,0,0.0,0.0,,0.0,normalDay
2021-04-01,5150.0,841.0,0.0,0,400.61,0.0,1,12.85,4.44,SPY210630P00362000,362.0,0,0.0,0.0,,0.0,normalDay
2021-04-05,5150.0,920.0,0.0,0,406.36,0.0,1,12.85,3.65,SPY210630P00362000,362.0,0,0.0,0.0,,0.0,normalDay
2021-04-06,5150.0,913.0,0.0,0,406.12,0.0,1,12.85,3.72,SPY210630P00362000,362.0,0,0.0,0.0,,0.0,normalDay
2021-04-07,5150.0,940.0,0.0,0,406.59,0.0,1,12.85,3.45,SPY210630P00362000,362.0,0,0.0,0.0,,0.0,normalDay
2021-04-08,5150.0,959.0,0.0,0,408.52,0.0,1,12.85,3.26,SPY210630P00362000,362.0,0,0.0,0.0,,0.0,normalDay
2021-04-09,5150.0,977.0,0.0,0,411.49,0.0,1,12.85,3.08,SPY210630P00362000,362.0,0,0.0,0.0,,0.0,normalDay
2021-04-12,5150.0,991.0,0.0,0,411.64,0.0,1,12.85,2.94,SPY210630P00362000,362.0,0,0.0,0.0,,0.0,normalDay
2021-04-13,5150.0,1014.0,0.0,0,412.86,0.0,1,12.85,2.71,SPY210630P00362000,362.0,0,0.0,0.0,,0.0,normalDay
2021-04-14,5150.0,999.0,0.0,0,411.45,0.0,1,12.85,2.86,SPY210630P00362000,362.0,0,0.0,0.0,,0.0,normalDay
2021-04-15,5150.0,1037.0,0.0,0,415.87,0.0,1,12.85,2.48,SPY210630P00362000,362.0,0,0.0,0.0,,0.0,normalDay
2021-04-16,5150.0,1050.0,0.0,0,417.26,0.0,1,12.85,2.35,SPY210630P00362000,362.0,0,0.0,0.0,,0.0,normalDay
2021-04-19,5150.0,1027.0,0.0,0,415.21,0.0,1,12.85,2.58,SPY210630P00362000,362.0,0,0.0,0.0,,0.0,normalDay
2021-04-20,5150.0,982.0,0.0,0,412.17,0.0,1,12.85,3.03,SPY210630P00362000,362.0,0,0.0,0.0,,0.0,normalDay
2021-04-21,5150.0,1041.0,0.0,0,416.07,0.0,1,12.85,2.44,SPY210630P00362000,362.0,0,0.0,0.0,,0.0,normalDay
2021-04-22,5150.0,986.0,0.0,0,412.27,0.0,1,12.85,2.99,SPY210630P00362000,362.0,0,0.0,0.0,,0.0,normalDay
2021-04-23,5150.0,1055.0,0.0,0,416.74,0.0,1,12.85,2.3,SPY210630P00362000,362.0,0,0.0,0.0,,0.0,normalDay
2021-04-26,5150.0,1072.0,0.0,0,417.61,0.0,1,12.85,2.13,SPY210630P00362000,362.0,0,0.0,0.0,,0.0,normalDay
2021-04-27,5150.0,1080.0,0.0,0,417.52,0.0,1,12.85,2.05,SPY210630P00362000,362.0,0,0.0,0.0,,0.0,normalDay
2021-04-28,5150.0,1095.0,0.0,0,417.4,0.0,1,12.85,1.9,SPY210630P00362000,362.0,0,0.0,0.0,,0.0,normalDay
2021-04-29,5150.0,1100.0,0.0,0,420.06,0.0,1,12.85,1.85,SPY210630P00362000,362.0,0,0.0,0.0,,0.0,normalDay
2021-04-30,5150.0,1075.0,0.0,0,417.3,0.0,1,12.85,2.1,SPY210630P00362000,362.0,0,0.0,0.0,,0.0,normalDay
2021-05-03,5150.0,1096.0,0.0,0,418.2,0.0,1,12.85,1.89,SPY210630P00362000,362.0,0,0.0,0.0,,0.0,normalDay
2021-05-04,5150.0,1068.0,0.0,0,415.62,0.0,1,12.85,2.17,SPY210630P00362000,362.0,0,0.0,0.0,,0.0,normalDay
2021-05-05,5150.0,1080.0,0.0,0,415.75,0.0,1,12.85,2.05,SPY210630P00362000,362.0,0,0.0,0.0,,0.0,normalDay
2021-05-06,5150.0,1112.0,0.0,0,419.07,0.0,1,12.85,1.73,SPY210630P00362000,362.0,0,0.0,0.0,,0.0,normalDay
2021-05-07,5150.0,1149.0,0.0,0,422.12,0.0,1,12.85,1.36,SPY210630P00362000,362.0,0,0.0,0.0,,0.0,normalDay
2021-05-10,5150.0,1111.0,0.0,0,417.94,0.0,1,12.85,1.74,SPY210630P00362000,362.0,0,0.0,0.0,,0.0,normalDay
2021-05-11,5150.0,1068.0,0.0,0,414.21,0.0,1,12.85,2.17,SPY210630P00362000,362.0,0,0.0,0.0,,0.0,normalDay
2021-05-12,5150.0,884.0,0.0,0,405.41,0.0,1,12.85,4.01,SPY210630P00362000,362.0,0,0.0,0.0,,0.0,normalDay
2021-05-13,5150.0,1022.0,0.0,0,410.28,0.0,1,12.85,2.63,SPY210630P00362000,362.0,0,0.0,0.0,,0.0,normalDay
2021-05-14,5150.0,1137.0,0.0,0,416.58,0.0,1,12.85,1.48,SPY210630P00362000,362.0,0,0.0,0.0,,0.0,normalDay
2021-05-17,5150.0,1129.0,0.0,0,415.52,0.0,1,12.85,1.56,SPY210630P00362000,362.0,0,0.0,0.0,,0.0,normalDay
2021-05-18,5150.0,1095.0,0.0,0,411.94,0.0,1,12.85,1.9,SPY210630P00362000,362.0,0,0.0,0.0,,0.0,normalDay
2021-05-19,5150.0,1082.0,0.0,0,410.86,0.0,1,12.85,2.03,SPY210630P00362000,362.0,0,0.0,0.0,,0.0,normalDay
2021-05-20,5150.0,1131.0,0.0,0,415.28,0.0,1,12.85,1.54,SPY210630P00362000,362.0,0,0.0,0.0,,0.0,normalDay
2021-05-21,5150.0,1142.0,0.0,0,414.94,0.0,1,12.85,1.43,SPY210630P00362000,362.0,0,0.0,0.0,,0.0,normalDay
2021-05-24,5150.0,1191.0,0.0,0,419.17,0.0,1,12.85,0.94,SPY210630P00362000,362.0,0,0.0,0.0,,0.0,normalDay
2021-05-25,5150.0,1191.0,0.0,0,418.24,0.0,1,12.85,0.94,SPY210630P00362000,362.0,0,0.0,0.0,,0.0,normalDay
2021-05-26,5150.0,1214.0,0.0,0,419.07,0.0,1,12.85,0.71,SPY210630P00362000,362.0,0,0.0,0.0,,0.0,normalDay
2021-05-27,5150.0,1224.0,0.0,0,419.29,0.0,1,12.85,0.61,SPY210630P00362000,362.0,0,0.0,0.0,,0.0,normalDay
2021-05-28,5150.0,1224.0,0.0,0,420.04,0.0,1,12.85,0.61,SPY210630P00362000,362.0,0,0.0,0.0,,0.0,normalDay
2021-06-01,5150.0,1227.0,0.0,0,419.67,0.0,1,12.85,0.58,SPY210630P00362000,362.0,0,0.0,0.0,,0.0,normalDay
2021-06-02,5150.0,1234.0,0.0,0,420.33,0.0,1,12.85,0.51,SPY210630P00362000,362.0,0,0.0,0.0,,0.0,normalDay
2021-06-03,5150.0,1231.0,0.0,0,418.77,0.0,1,12.85,0.54,SPY210630P00362000,362.0,0,0.0,0.0,,0.0,normalDay
2021-06-04,5150.0,1247.0,0.0,0,422.6,0.0,1,12.85,0.38,SPY210630P00362000,362.0,0,0.0,0.0,,0.0,normalDay
2021-06-07,5150.0,1253.0,0.0,0,422.19,0.0,1,12.85,0.32,SPY210630P00362000,362.0,0,0.0,0.0,,0.0,normalDay
2021-06-08,5150.0,1251.0,0.0,0,422.28,0.0,1,12.85,0.34,SPY210630P00362000,362.0,0,0.0,0.0,,0.0,normalDay
2021-06-09,5150.0,1247.0,0.0,0,421.65,0.0,1,12.85,0.38,SPY210630P00362000,362.0,0,0.0,0.0,,0.0,normalDay
2021-06-10,5150.0,1259.0,0.0,0,423.61,0.0,1,12.85,0.26,SPY210630P00362000,362.0,0,0.0,0.0,,0.0,normalDay
2021-06-11,5150.0,1262.0,0.0,0,424.31,0.0,1,12.85,0.23,SPY210630P00362000,362.0,0,0.0,0.0,,0.0,normalDay
2021-06-14,5150.0,1266.0,0.0,0,425.26,0.0,1,12.85,0.19,SPY210630P00362000,362.0,0,0.0,0.0,,0.0,normalDay
2021-06-15,5150.0,1264.0,0.0,0,424.48,0.0,1,12.85,0.21,SPY210630P00362000,362.0,0,0.0,0.0,,0.0,normalDay
2021-06-16,5150.0,1262.0,0.0,0,422.11,0.0,1,12.85,0.23,SPY210630P00362000,362.0,0,0.0,0.0,,0.0,normalDay
2021-06-17,5150.0,1265.0,0.0,0,421.97,0.0,1,12.85,0.2,SPY210630P00362000,362.0,0,0.0,0.0,,0.0,normalDay
2021-06-18,5150.0,1254.0,0.0,0,414.92,0.0,1,12.85,0.31,SPY210630P00362000,362.0,0,0.0,0.0,,0.0,normalDay
2021-06-21,5150.0,1272.0,0.0,0,420.86,0.0,1,12.85,0.13,SPY210630P00362000,362.0,0,0.0,0.0,,0.0,normalDay
2021-06-22,5150.0,1278.0,0.0,0,423.11,0.0,1,12.85,0.07,SPY210630P00362000,362.0,0,0.0,0.0,,0.0,normalDay
2021-06-23,5150.0,1281.0,0.0,0,422.6,0.0,1,12.85,0.04,SPY210630P00362000,362.0,0,0.0,0.0,,0.0,normalDay
2021-06-24,5150.0,1282.0,0.0,0,425.1,0.0,1,12.85,0.03,SPY210630P00362000,362.0,0,0.0,0.0,,0.0,normalDay
2021-06-25,5150.0,1282.0,0.0,0,426.61,0.0,1,12.85,0.03,SPY210630P00362000,362.0,0,0.0,0.0,,0.0,normalDay
2021-06-28,5150.0,1284.0,0.0,0,427.47,0.0,1,12.85,0.01,SPY210630P00362000,362.0,0,0.0,0.0,,0.0,normalDay
2021-06-29,5150.0,1284.0,0.0,0,427.7,0.0,1,12.85,0.01,SPY210630P00362000,362.0,0,0.0,0.0,,0.0,normalDay
2021-06-30,6435.0,0.0,1285.0,0,428.06,0.0,1,12.85,0.0,SPY210630P00362000,362.0,0,0.0,0.0,,0.0,expirationDay
2021-07-01,6435.0,-6.0,0.0,0,430.43,0.0,1,11.23,11.29,SPY211119P00412000,412.0,0,0.0,0.0,,0.0,normalDay
2021-07-02,6435.0,76.0,0.0,0,433.72,0.0,1,11.23,10.47,SPY211119P00412000,412.0,0,0.0,0.0,,0.0,normalDay
2021-07-06,6435.0,38.0,0.0,0,432.93,0.0,1,11.23,10.85,SPY211119P00412000,412.0,0,0.0,0.0,,0.0,normalDay
2021-07-07,6435.0,55.0,0.0,0,434.46,0.0,1,11.23,10.68,SPY211119P00412000,412.0,0,0.0,0.0,,0.0,normalDay
2021-07-08,6435.0,-89.0,0.0,0,430.92,0.0,1,11.23,12.12,SPY211119P00412000,412.0,0,0.0,0.0,,0.0,normalDay
2021-07-09,6435.0,101.0,0.0,0,435.52,0.0,1,11.23,10.22,SPY211119P00412000,412.0,0,0.0,0.0,,0.0,normalDay
2021-07-12,6435.0,132.0,0.0,0,437.08,0.0,1,11.23,9.91,SPY211119P00412000,412.0,0,0.0,0.0,,0.0,normalDay
2021-07-13,6435.0,59.0,0.0,0,435.59,0.0,1,11.23,10.64,SPY211119P00412000,412.0,0,0.0,0.0,,0.0,normalDay
2021-07-14,6435.0,97.0,0.0,0,436.24,0.0,1,11.23,10.26,SPY211119P00412000,412.0,0,0.0,0.0,,0.0,normalDay
2021-07-15,6435.0,40.0,0.0,0,434.75,0.0,1,11.23,10.83,SPY211119P00412000,412.0,0,0.0,0.0,,0.0,normalDay
2021-07-16,6435.0,-72.0,0.0,0,431.34,0.0,1,11.23,11.95,SPY211119P00412000,412.0,0,0.0,0.0,,0.0,normalDay
2021-07-19,6435.0,-336.0,0.0,0,424.97,0.0,1,11.23,14.59,SPY211119P00412000,412.0,0,0.0,0.0,,0.0,normalDay
2021-07-20,6435.0,-87.0,0.0,0,431.06,0.0,1,11.23,12.1,SPY211119P00412000,412.0,0,0.0,0.0,,0.0,normalDay
2021-07-21,6435.0,69.0,0.0,0,434.55,0.0,1,11.23,10.54,SPY211119P00412000,412.0,0,0.0,0.0,,0.0,normalDay
2021-07-22,6435.0,94.0,0.0,0,435.46,0.0,1,11.23,10.29,SPY211119P00412000,412.0,0,0.0,0.0,,0.0,normalDay
2021-07-23,6435.0,187.0,0.0,0,439.94,0.0,1,11.23,9.36,SPY211119P00412000,412.0,0,0.0,0.0,,0.0,normalDay
2021-07-26,6435.0,220.0,0.0,0,441.02,0.0,1,11.23,9.03,SPY211119P00412000,412.0,0,0.0,0.0,,0.0,normalDay
2021-07-27,6435.0,128.0,0.0,0,439.01,0.0,1,11.23,9.95,SPY211119P00412000,412.0,0,0.0,0.0,,0.0,normalDay
2021-07-28,6435.0,163.0,0.0,0,438.83,0.0,1,11.23,9.6,SPY211119P00412000,412.0,0,0.0,0.0,,0.0,normalDay
2021-07-29,6435.0,232.0,0.0,0,440.65,0.0,1,11.23,8.91,SPY211119P00412000,412.0,0,0.0,0.0,,0.0,normalDay
2021-07-30,6435.0,197.0,0.0,0,438.51,0.0,1,11.23,9.26,SPY211119P00412000,412.0,0,0.0,0.0,,0.0,normalDay
2021-08-02,6435.0,144.0,0.0,0,437.59,0.0,1,11.23,9.79,SPY211119P00412000,412.0,0,0.0,0.0,,0.0,normalDay
2021-08-03,6435.0,259.0,0.0,0,441.15,0.0,1,11.23,8.64,SPY211119P00412000,412.0,0,0.0,0.0,,0.0,normalDay
2021-08-04,6435.0,232.0,0.0,0,438.98,0.0,1,11.23,8.91,SPY211119P00412000,412.0,0,0.0,0.0,,0.0,normalDay
2021-08-05,6435.0,303.0,0.0,0,441.76,0.0,1,11.23,8.2,SPY211119P00412000,412.0,0,0.0,0.0,,0.0,normalDay
2021-08-06,6435.0,366.0,0.0,0,442.49,0.0,1,11.23,7.57,SPY211119P00412000,412.0,0,0.0,0.0,,0.0,normalDay
2021-08-09,6435.0,356.0,0.0,0,442.13,0.0,1,11.23,7.67,SPY211119P00412000,412.0,0,0.0,0.0,,0.0,normalDay
2021-08-10,6435.0,363.0,0.0,0,442.68,0.0,1,11.23,7.6,SPY211119P00412000,412.0,0,0.0,0.0,,0.0,normalDay
2021-08-11,6435.0,412.0,0.0,0,443.78,0.0,1,11.23,7.11,SPY211119P00412000,412.0,0,0.0,0.0,,0.0,normalDay
2021-08-12,6435.0,462.0,0.0,0,445.11,0.0,1,11.23,6.61,SPY211119P00412000,412.0,0,0.0,0.0,,0.0,normalDay
2021-08-13,6435.0,485.0,0.0,0,445.92,0.0,1,11.23,6.38,SPY211119P00412000,412.0,0,0.0,0.0,,0.0,normalDay
2021-08-16,6435.0,505.0,0.0,0,446.97,0.0,1,11.23,6.18,SPY211119P00412000,412.0,0,0.0,0.0,,0.0,normalDay
2021-08-17,6435.0,405.0,0.0,0,444.04,0.0,1,11.23,7.18,SPY211119P00412000,412.0,0,0.0,0.0,,0.0,normalDay
2021-08-18,6435.0,235.0,0.0,0,439.18,0.0,1,11.23,8.88,SPY211119P00412000,412.0,0,0.0,0.0,,0.0,normalDay
2021-08-19,6435.0,236.0,0.0,0,439.86,0.0,1,11.23,8.87,SPY211119P00412000,412.0,0,0.0,0.0,,0.0,normalDay
2021-08-20,6435.0,389.0,0.0,0,443.36,0.0,1,11.23,7.34,SPY211119P00412000,412.0,0,0.0,0.0,,0.0,normalDay
2021-08-23,6435.0,525.0,0.0,0,447.26,0.0,1,11.23,5.98,SPY211119P00412000,412.0,0,0.0,0.0,,0.0,normalDay
2021-08-24,6435.0,535.0,0.0,0,447.97,0.0,1,11.23,5.88,SPY211119P00412000,412.0,0,0.0,0.0,,0.0,normalDay
2021-08-25,6435.0,573.0,0.0,0,448.91,0.0,1,11.23,5.5,SPY211119P00412000,412.0,0,0.0,0.0,,0.0,normalDay
2021-08-26,6435.0,495.0,0.0,0,446.26,0.0,1,11.23,6.28,SPY211119P00412000,412.0,0,0.0,0.0,,0.0,normalDay
2021-08-27,6435.0,610.0,0.0,0,450.25,0.0,1,11.23,5.13,SPY211119P00412000,412.0,0,0.0,0.0,,0.0,normalDay
2021-08-30,6435.0,649.0,0.0,0,452.23,0.0,1,11.23,4.74,SPY211119P00412000,412.0,0,0.0,0.0,,0.0,normalDay
2021-08-31,6435.0,649.0,0.0,0,451.56,0.0,1,11.23,4.74,SPY211119P00412000,412.0,0,0.0,0.0,,0.0,normalDay
2021-09-01,6435.0,675.0,0.0,0,451.8,0.0,1,11.23,4.48,SPY211119P00412000,412.0,0,0.0,0.0,,0.0,normalDay
2021-09-02,6435.0,697.0,0.0,0,453.19,0.0,1,11.23,4.26,SPY211119P00412000,412.0,0,0.0,0.0,,0.0,normalDay
2021-09-03,6435.0,691.0,0.0,0,453.08,0.0,1,11.23,4.32,SPY211119P00412000,412.0,0,0.0,0.0,,0.0,normalDay
2021-09-07,6435.0,657.0,0.0,0,451.46,0.0,1,11.23,4.66,SPY211119P00412000,412.0,0,0.0,0.0,,0.0,normalDay
2021-09-08,6435.0,657.0,0.0,0,450.91,0.0,1,11.23,4.66,SPY211119P00412000,412.0,0,0.0,0.0,,0.0,normalDay
2021-09-09,6435.0,615.0,0.0,0,448.98,0.0,1,11.23,5.08,SPY211119P00412000,412.0,0,0.0,0.0,,0.0,normalDay
2021-09-10,6435.0,545.0,0.0,0,445.44,0.0,1,11.23,5.78,SPY211119P00412000,412.0,0,0.0,0.0,,0.0,normalDay
2021-09-13,6435.0,614.0,0.0,0,446.58,0.0,1,11.23,5.09,SPY211119P00412000,412.0,0,0.0,0.0,,0.0,normalDay
2021-09-14,6435.0,583.0,0.0,0,444.17,0.0,1,11.23,5.4,SPY211119P00412000,412.0,0,0.0,0.0,,0.0,normalDay
2021-09-15,6435.0,678.0,0.0,0,447.88,0.0,1,11.23,4.45,SPY211119P00412000,412.0,0,0.0,0.0,,0.0,normalDay
2021-09-16,6435.0,663.0,0.0,0,447.17,0.0,1,11.23,4.6,SPY211119P00412000,412.0,0,0.0,0.0,,0.0,normalDay
2021-09-17,6435.0,548.0,0.0,0,441.4,0.0,1,11.23,5.75,SPY211119P00412000,412.0,0,0.0,0.0,,0.0,normalDay
2021-09-20,6435.0,297.0,0.0,0,434.04,0.0,1,11.23,8.26,SPY211119P00412000,412.0,0,0.0,0.0,,0.0,normalDay
2021-09-21,6435.0,340.0,0.0,0,433.63,0.0,1,11.23,7.83,SPY211119P00412000,412.0,0,0.0,0.0,,0.0,normalDay
2021-09-22,6435.0,541.0,0.0,0,437.86,0.0,1,11.23,5.82,SPY211119P00412000,412.0,0,0.0,0.0,,0.0,normalDay
2021-09-23,6435.0,696.0,0.0,0,443.18,0.0,1,11.23,4.27,SPY211119P00412000,412.0,0,0.0,0.0,,0.0,normalDay
2021-09-24,6435.0,737.0,0.0,0,443.91,0.0,1,11.23,3.86,SPY211119P00412000,412.0,0,0.0,0.0,,0.0,normalDay
2021-09-27,6435.0,713.0,0.0,0,442.64,0.0,1,11.23,4.1,SPY211119P00412000,412.0,0,0.0,0.0,,0.0,normalDay
2021-09-28,6435.0,474.0,0.0,0,433.72,0.0,1,11.23,6.49,SPY211119P00412000,412.0,0,0.0,0.0,,0.0,normalDay
2021-09-29,6435.0,498.0,0.0,0,434.45,0.0,1,11.23,6.25,SPY211119P00412000,412.0,0,0.0,0.0,,0.0,normalDay
2021-09-30,6435.0,389.0,0.0,0,429.14,0.0,1,11.23,7.34,SPY211119P00412000,412.0,0,0.0,0.0,,0.0,normalDay
2021-10-01,6435.0,557.0,0.0,0,434.24,0.0,1,11.23,5.66,SPY211119P00412000,412.0,0,0.0,0.0,,0.0,normalDay
2021-10-04,6435.0,424.0,0.0,0,428.64,0.0,1,11.23,6.99,SPY211119P00412000,412.0,0,0.0,0.0,,0.0,normalDay
2021-10-05,6435.0,571.0,0.0,0,433.1,0.0,1,11.23,5.52,SPY211119P00412000,412.0,0,0.0,0.0,,0.0,normalDay
2021-10-06,6435.0,621.0,0.0,0,434.9,0.0,1,11.23,5.02,SPY211119P00412000,412.0,0,0.0,0.0,,0.0,normalDay
2021-10-07,6435.0,743.0,0.0,0,438.66,0.0,1,11.23,3.8,SPY211119P00412000,412.0,0,0.0,0.0,,0.0,normalDay
2021-10-08,6435.0,745.0,0.0,0,437.86,0.0,1,11.23,3.78,SPY211119P00412000,412.0,0,0.0,0.0,,0.0,normalDay
2021-10-11,6435.0,706.0,0.0,0,434.69,0.0,1,11.23,4.17,SPY211119P00412000,412.0,0,0.0,0.0,,0.0,normalDay
2021-10-12,6435.0,700.0,0.0,0,433.62,0.0,1,11.23,4.23,SPY211119P00412000,412.0,0,0.0,0.0,,0.0,normalDay
2021-10-13,6435.0,793.0,0.0,0,435.18,0.0,1,11.23,3.3,SPY211119P00412000,412.0,0,0.0,0.0,,0.0,normalDay
2021-10-14,6435.0,920.0,0.0,0,442.5,0.0,1,11.23,2.03,SPY211119P00412000,412.0,0,0.0,0.0,,0.0,normalDay
2021-10-15,6435.0,954.0,0.0,0,445.87,0.0,1,11.23,1.69,SPY211119P00412000,412.0,0,0.0,0.0,,0.0,normalDay
2021-10-18,6435.0,981.0,0.0,0,447.19,0.0,1,11.23,1.42,SPY211119P00412000,412.0,0,0.0,0.0,,0.0,normalDay
2021-10-19,6435.0,1014.0,0.0,0,450.64,0.0,1,11.23,1.09,SPY211119P00412000,412.0,0,0.0,0.0,,0.0,normalDay
2021-10-20,6435.0,1024.0,0.0,0,452.41,0.0,1,11.23,0.99,SPY211119P00412000,412.0,0,0.0,0.0,,0.0,normalDay
2021-10-21,6435.0,1040.0,0.0,0,453.59,0.0,1,11.23,0.83,SPY211119P00412000,412.0,0,0.0,0.0,,0.0,normalDay
2021-10-22,6435.0,1036.0,0.0,0,453.12,0.0,1,11.23,0.87,SPY211119P00412000,412.0,0,0.0,0.0,,0.0,normalDay
2021-10-25,6435.0,1060.0,0.0,0,455.55,0.0,1,11.23,0.63,SPY211119P00412000,412.0,0,0.0,0.0,,0.0,normalDay
2021-10-26,6435.0,1055.0,0.0,0,455.96,0.0,1,11.23,0.68,SPY211119P00412000,412.0,0,0.0,0.0,,0.0,normalDay
2021-10-27,6435.0,1043.0,0.0,0,453.94,0.0,1,11.23,0.8,SPY211119P00412000,412.0,0,0.0,0.0,,0.0,normalDay
2021-10-28,6435.0,1065.0,0.0,0,458.32,0.0,1,11.23,0.58,SPY211119P00412000,412.0,0,0.0,0.0,,0.0,normalDay
2021-10-29,6435.0,1072.0,0.0,0,459.25,0.0,1,11.23,0.51,SPY211119P00412000,412.0,0,0.0,0.0,,0.0,normalDay
2021-11-01,6435.0,1084.0,0.0,0,460.04,0.0,1,11.23,0.39,SPY211119P00412000,412.0,0,0.0,0.0,,0.0,normalDay
2021-11-02,6435.0,1090.0,0.0,0,461.9,0.0,1,11.23,0.33,SPY211119P00412000,412.0,0,0.0,0.0,,0.0,normalDay
2021-11-03,6435.0,1100.0,0.0,0,464.72,0.0,1,11.23,0.23,SPY211119P00412000,412.0,0,0.0,0.0,,0.0,normalDay
2021-11-04,6435.0,1099.0,0.0,0,466.91,0.0,1,11.23,0.24,SPY211119P00412000,412.0,0,0.0,0.0,,0.0,normalDay
2021-11-05,6435.0,1102.0,0.0,0,468.53,0.0,1,11.23,0.21,SPY211119P00412000,412.0,0,0.0,0.0,,0.0,normalDay
2021-11-08,6435.0,1106.0,0.0,0,468.93,0.0,1,11.23,0.17,SPY211119P00412000,412.0,0,0.0,0.0,,0.0,normalDay
2021-11-09,6435.0,1108.0,0.0,0,467.38,0.0,1,11.23,0.15,SPY211119P00412000,412.0,0,0.0,0.0,,0.0,normalDay
2021-11-10,6435.0,1108.0,0.0,0,463.62,0.0,1,11.23,0.15,SPY211119P00412000,412.0,0,0.0,0.0,,0.0,normalDay
2021-11-11,6435.0,1113.0,0.0,0,463.77,0.0,1,11.23,0.1,SPY211119P00412000,412.0,0,0.0,0.0,,0.0,normalDay
2021-11-12,6435.0,1118.0,0.0,0,467.27,0.0,1,11.23,0.05,SPY211119P00412000,412.0,0,0.0,0.0,,0.0,normalDay
2021-11-15,6435.0,1121.0,0.0,0,467.43,0.0,1,11.23,0.02,SPY211119P00412000,412.0,0,0.0,0.0,,0.0,normalDay
2021-11-16,6435.0,1121.0,0.0,0,469.28,0.0,1,11.23,0.02,SPY211119P00412000,412.0,0,0.0,0.0,,0.0,normalDay
2021-11-17,6435.0,1122.0,0.0,0,468.14,0.0,1,11.23,0.01,SPY211119P00412000,412.0,0,0.0,0.0,,0.0,normalDay
2021-11-18,6435.0,1122.0,0.0,0,469.73,0.0,1,11.23,0.01,SPY211119P00412000,412.0,0,0.0,0.0,,0.0,normalDay
2021-11-19,7558.0,0.0,1123.0,0,468.89,0.0,1,11.23,0.0,SPY211119P00412000,412.0,0,0.0,0.0,,0.0,expirationDay
2021-11-22,7558.0,-9.0,0.0,0,467.57,0.0,1,13.83,13.92,SPY220331P00447000,447.0,0,0.0,0.0,,0.0,normalDay
2021-11-23,7558.0,15.0,0.0,0,468.19,0.0,1,13.83,13.68,SPY220331P00447000,447.0,0,0.0,0.0,,0.0,normalDay
2021-11-24,7558.0,85.0,0.0,0,469.44,0.0,1,13.83,12.98,SPY220331P00447000,447.0,0,0.0,0.0,,0.0,normalDay
2021-11-26,7558.0,-745.0,0.0,0,458.97,0.0,1,13.83,21.28,SPY220331P00447000,447.0,0,0.0,0.0,,0.0,normalDay
2021-11-29,7558.0,-138.0,0.0,0,464.6,0.0,1,13.83,15.21,SPY220331P00447000,447.0,0,0.0,0.0,,0.0,normalDay
2021-11-30,7558.0,-539.0,0.0,0,455.56,0.0,1,13.83,19.22,SPY220331P00447000,447.0,0,0.0,0.0,,0.0,normalDay
2021-12-01,7558.0,-949.0,0.0,0,450.5,0.0,1,13.83,23.32,SPY220331P00447000,447.0,0,0.0,0.0,,0.0,normalDay
2021-12-02,7558.0,-559.0,0.0,0,457.4,0.0,1,13.83,19.42,SPY220331P00447000,447.0,0,0.0,0.0,,0.0,normalDay
2021-12-03,7558.0,-816.0,0.0,0,453.42,0.0,1,13.83,21.99,SPY220331P00447000,447.0,0,0.0,0.0,,0.0,normalDay
2021-12-06,7558.0,-479.0,0.0,0,458.79,0.0,1,13.83,18.62,SPY220331P00447000,447.0,0,0.0,0.0,,0.0,normalDay
2021-12-07,7558.0,3.0,0.0,0,468.28,0.0,1,13.83,13.8,SPY220331P00447000,447.0,0,0.0,0.0,,0.0,normalDay
2021-12-08,7558.0,105.0,0.0,0,469.52,0.0,1,13.83,12.78,SPY220331P00447000,447.0,0,0.0,0.0,,0.0,normalDay
2021-12-09,7558.0,-13.0,0.0,0,466.35,0.0,1,13.83,13.96,SPY220331P00447000,447.0,0,0.0,0.0,,0.0,normalDay
2021-12-10,7558.0,185.0,0.0,0,470.74,0.0,1,13.83,11.98,SPY220331P00447000,447.0,0,0.0,0.0,,0.0,normalDay
2021-12-13,7558.0,26.0,0.0,0,466.57,0.0,1,13.83,13.57,SPY220331P00447000,447.0,0,0.0,0.0,,0.0,normalDay
2021-12-14,7558.0,-100.0,0.0,0,463.36,0.0,1,13.83,14.83,SPY220331P00447000,447.0,0,0.0,0.0,,0.0,normalDay
2021-12-15,7558.0,214.0,0.0,0,470.6,0.0,1,13.83,11.69,SPY220331P00447000,447.0,0,0.0,0.0,,0.0,normalDay
2021-12-16,7558.0,66.0,0.0,0,466.45,0.0,1,13.83,13.17,SPY220331P00447000,447.0,0,0.0,0.0,,0.0,normalDay
2021-12-17,7558.0,-124.0,0.0,0,459.87,0.0,1,13.83,15.07,SPY220331P00447000,447.0,0,0.0,0.0,,0.0,normalDay
2021-12-20,7558.0,-282.0,0.0,0,454.98,0.0,1,13.83,16.65,SPY220331P00447000,447.0,0,0.0,0.0,,0.0,normalDay
2021-12-21,7558.0,19.0,0.0,0,463.06,0.0,1,13.83,13.64,SPY220331P00447000,447.0,0,0.0,0.0,,0.0,normalDay
2021-12-22,7558.0,227.0,0.0,0,467.69,0.0,1,13.83,11.56,SPY220331P00447000,447.0,0,0.0,0.0,,0.0,normalDay
2021-12-23,7558.0,335.0,0.0,0,470.6,0.0,1,13.83,10.48,SPY220331P00447000,447.0,0,0.0,0.0,,0.0,normalDay
2021-12-27,7558.0,523.0,0.0,0,477.26,0.0,1,13.83,8.6,SPY220331P00447000,447.0,0,0.0,0.0,,0.0,normalDay
2021-12-28,7558.0,553.0,0.0,0,476.87,0.0,1,13.83,8.3,SPY220331P00447000,447.0,0,0.0,0.0,,0.0,normalDay
2021-12-29,7558.0,598.0,0.0,0,477.48,0.0,1,13.83,7.85,SPY220331P00447000,447.0,0,0.0,0.0,,0.0,normalDay
2021-12-30,7558.0,561.0,0.0,0,476.16,0.0,1,13.83,8.22,SPY220331P00447000,447.0,0,0.0,0.0,,0.0,normalDay
2021-12-31,7558.0,571.0,0.0,0,474.96,0.0,1,13.83,8.12,SPY220331P00447000,447.0,0,0.0,0.0,,0.0,normalDay
2022-01-03,7558.0,654.0,0.0,0,477.71,0.0,1,13.83,7.29,SPY220331P00447000,447.0,0,0.0,0.0,,0.0,normalDay
2022-01-04,7558.0,643.0,0.0,0,477.55,0.0,1,13.83,7.4,SPY220331P00447000,447.0,0,0.0,0.0,,0.0,normalDay
2022-01-05,7558.0,378.0,0.0,0,468.38,0.0,1,13.83,10.05,SPY220331P00447000,447.0,0,0.0,0.0,,0.0,normalDay
2022-01-06,7558.0,381.0,0.0,0,467.94,0.0,1,13.83,10.02,SPY220331P00447000,447.0,0,0.0,0.0,,0.0,normalDay
2022-01-07,7558.0,403.0,0.0,0,466.09,0.0,1,13.83,9.8,SPY220331P00447000,447.0,0,0.0,0.0,,0.0,normalDay
2022-01-10,7558.0,409.0,0.0,0,465.51,0.0,1,13.83,9.74,SPY220331P00447000,447.0,0,0.0,0.0,,0.0,normalDay
2022-01-11,7558.0,548.0,0.0,0,469.75,0.0,1,13.83,8.35,SPY220331P00447000,447.0,0,0.0,0.0,,0.0,normalDay
2022-01-12,7558.0,611.0,0.0,0,471.02,0.0,1,13.83,7.72,SPY220331P00447000,447.0,0,0.0,0.0,,0.0,normalDay
2022-01-13,7558.0,360.0,0.0,0,464.53,0.0,1,13.83,10.23,SPY220331P00447000,447.0,0,0.0,0.0,,0.0,normalDay
2022-01-14,7558.0,424.0,0.0,0,464.72,0.0,1,13.83,9.59,SPY220331P00447000,447.0,0,0.0,0.0,,0.0,normalDay
2022-01-18,7558.0,79.0,0.0,0,456.49,0.0,1,13.83,13.04,SPY220331P00447000,447.0,0,0.0,0.0,,0.0,normalDay
2022-01-19,7558.0,-71.0,0.0,0,451.75,0.0,1,13.83,14.54,SPY220331P00447000,447.0,0,0.0,0.0,,0.0,normalDay
2022-01-20,7558.0,-342.0,0.0,0,446.75,0.0,1,13.83,17.25,SPY220331P00447000,447.0,0,0.0,0.0,,0.0,normalDay
2022-01-21,7558.0,-867.0,0.0,0,437.98,0.0,1,13.83,22.5,SPY220331P00447000,447.0,0,0.0,0.0,,0.0,normalDay
2022-01-24,7558.0,-840.0,0.0,0,439.84,0.0,1,13.83,22.23,SPY220331P00447000,447.0,0,0.0,0.0,,0.0,normalDay
2022-01-25,7558.0,-1170.0,0.0,0,434.47,0.0,1,13.83,25.53,SPY220331P00447000,447.0,0,0.0,0.0,,0.0,normalDay
2022-01-26,7558.0,-1174.0,0.0,0,433.38,0.0,1,13.83,25.57,SPY220331P00447000,447.0,0,0.0,0.0,,0.0,normalDay
2022-01-27,7558.0,-1158.0,0.0,0,431.24,0.0,1,13.83,25.41,SPY220331P00447000,447.0,0,0.0,0.0,,0.0,normalDay
2022-01-28,7558.0,-489.0,0.0,0,441.95,0.0,1,13.83,18.72,SPY220331P00447000,447.0,0,0.0,0.0,,0.0,normalDay
2022-01-31,7558.0,-69.0,0.0,0,449.91,0.0,1,13.83,14.52,SPY220331P00447000,447.0,0,0.0,0.0,,0.0,normalDay
2022-02-01,7558.0,214.0,0.0,0,452.95,0.0,1,13.83,11.69,SPY220331P00447000,447.0,0,0.0,0.0,,0.0,normalDay
2022-02-02,7558.0,289.0,0.0,0,457.35,0.0,1,13.83,10.94,SPY220331P00447000,447.0,0,0.0,0.0,,0.0,normalDay
2022-02-03,7558.0,-19.0,0.0,0,446.6,0.0,1,13.83,14.02,SPY220331P00447000,447.0,0,0.0,0.0,,0.0,normalDay
2022-02-04,7558.0,-51.0,0.0,0,448.7,0.0,1,13.83,14.34,SPY220331P00447000,447.0,0,0.0,0.0,,0.0,normalDay
2022-02-07,7558.0,-3.0,0.0,0,447.26,0.0,1,13.83,13.86,SPY220331P00447000,447.0,0,0.0,0.0,,0.0,normalDay
2022-02-08,7558.0,224.0,0.0,0,450.94,0.0,1,13.83,11.59,SPY220331P00447000,447.0,0,0.0,0.0,,0.0,normalDay
2022-02-09,7558.0,483.0,0.0,0,457.54,0.0,1,13.83,9.0,SPY220331P00447000,447.0,0,0.0,0.0,,0.0,normalDay
2022-02-10,7558.0,58.0,0.0,0,449.32,0.0,1,13.83,13.25,SPY220331P00447000,447.0,0,0.0,0.0,,0.0,normalDay
2022-02-11,7558.0,-433.0,0.0,0,440.46,0.0,1,13.83,18.16,SPY220331P00447000,447.0,0,0.0,0.0,,0.0,normalDay
2022-02-14,7558.0,-460.0,0.0,0,439.02,0.0,1,13.83,18.43,SPY220331P00447000,447.0,0,0.0,0.0,,0.0,normalDay
2022-02-15,7558.0,-92.0,0.0,0,446.1,0.0,1,13.83,14.75,SPY220331P00447000,447.0,0,0.0,0.0,,0.0,normalDay
2022-02-16,7558.0,62.0,0.0,0,446.6,0.0,1,13.83,13.21,SPY220331P00447000,447.0,0,0.0,0.0,,0.0,normalDay
2022-02-17,7558.0,-546.0,0.0,0,437.06,0.0,1,13.83,19.29,SPY220331P00447000,447.0,0,0.0,0.0,,0.0,normalDay
2022-02-18,7558.0,-667.0,0.0,0,434.23,0.0,1,13.83,20.5,SPY220331P00447000,447.0,0,0.0,0.0,,0.0,normalDay
2022-02-22,7558.0,-883.0,0.0,0,429.57,0.0,1,13.83,22.66,SPY220331P00447000,447.0,0,0.0,0.0,,0.0,normalDay
2022-02-23,7558.0,-1568.0,0.0,0,421.95,0.0,1,13.83,29.51,SPY220331P00447000,447.0,0,0.0,0.0,,0.0,normalDay
2022-02-24,7558.0,-1154.0,0.0,0,428.3,0.0,1,13.83,25.37,SPY220331P00447000,447.0,0,0.0,0.0,,0.0,normalDay
2022-02-25,7558.0,-374.0,0.0,0,437.75,0.0,1,13.83,17.57,SPY220331P00447000,447.0,0,0.0,0.0,,0.0,normalDay
2022-02-28,7558.0,-459.0,0.0,0,436.63,0.0,1,13.83,18.42,SPY220331P00447000,447.0,0,0.0,0.0,,0.0,normalDay
2022-03-01,7558.0,-956.0,0.0,0,429.98,0.0,1,13.83,23.39,SPY220331P00447000,447.0,0,0.0,0.0,,0.0,normalDay
2022-03-02,7558.0,-410.0,0.0,0,437.89,0.0,1,13.83,17.93,SPY220331P00447000,447.0,0,0.0,0.0,,0.0,normalDay
2022-03-03,7558.0,-474.0,0.0,0,435.71,0.0,1,13.83,18.57,SPY220331P00447000,447.0,0,0.0,0.0,,0.0,normalDay
2022-03-04,7558.0,-767.0,0.0,0,432.17,0.0,1,13.83,21.5,SPY220331P00447000,447.0,0,0.0,0.0,,0.0,normalDay
2022-03-07,7558.0,-1827.0,0.0,0,419.43,0.0,1,13.83,32.1,SPY220331P00447000,447.0,0,0.0,0.0,,0.0,normalDay
2022-03-08,7558.0,-2082.0,0.0,0,416.25,0.0,1,13.83,34.65,SPY220331P00447000,447.0,0,0.0,0.0,,0.0,normalDay
2022-03-09,7558.0,-985.0,0.0,0,427.41,0.0,1,13.83,23.68,SPY220331P00447000,447.0,0,0.0,0.0,,0.0,normalDay
2022-03-10,7558.0,-1119.0,0.0,0,425.48,0.0,1,13.83,25.02,SPY220331P00447000,447.0,0,0.0,0.0,,0.0,normalDay
2022-03-11,7558.0,-1572.0,0.0,0,420.07,0.0,1,13.83,29.55,SPY220331P00447000,447.0,0,0.0,0.0,,0.0,normalDay
2022-03-14,7558.0,-1804.0,0.0,0,417.0,0.0,1,13.83,31.87,SPY220331P00447000,447.0,0,0.0,0.0,,0.0,normalDay
2022-03-15,7558.0,-1054.0,0.0,0,426.17,0.0,1,13.83,24.37,SPY220331P00447000,447.0,0,0.0,0.0,,0.0,normalDay
2022-03-16,7558.0,-188.0,0.0,0,435.62,0.0,1,13.83,15.71,SPY220331P00447000,447.0,0,0.0,0.0,,0.0,normalDay
2022-03-17,7558.0,211.0,0.0,0,441.07,0.0,1,13.83,11.72,SPY220331P00447000,447.0,0,0.0,0.0,,0.0,normalDay
2022-03-18,7558.0,605.0,0.0,0,444.52,0.0,1,13.83,7.78,SPY220331P00447000,447.0,0,0.0,0.0,,0.0,normalDay
2022-03-21,7558.0,674.0,0.0,0,444.39,0.0,1,13.83,7.09,SPY220331P00447000,447.0,0,0.0,0.0,,0.0,normalDay
2022-03-22,7558.0,935.0,0.0,0,449.59,0.0,1,13.83,4.48,SPY220331P00447000,447.0,0,0.0,0.0,,0.0,normalDay
2022-03-23,7558.0,682.0,0.0,0,443.8,0.0,1,13.83,7.01,SPY220331P00447000,447.0,0,0.0,0.0,,0.0,normalDay
2022-03-24,7558.0,1063.0,0.0,0,450.49,0.0,1,13.83,3.2,SPY220331P00447000,447.0,0,0.0,0.0,,0.0,normalDay
2022-03-25,7558.0,1185.0,0.0,0,452.69,0.0,1,13.83,1.98,SPY220331P00447000,447.0,0,0.0,0.0,,0.0,normalDay
2022-03-28,7558.0,1320.0,0.0,0,455.91,0.0,1,13.83,0.63,SPY220331P00447000,447.0,0,0.0,0.0,,0.0,normalDay
2022-03-29,7558.0,1368.0,0.0,0,461.55,0.0,1,13.83,0.15,SPY220331P00447000,447.0,0,0.0,0.0,,0.0,normalDay
2022-03-30,7558.0,1376.0,0.0,0,458.7,0.0,1,13.83,0.07,SPY220331P00447000,447.0,0,0.0,0.0,,0.0,normalDay
2022-03-31,8941.0,0.0,1383.0,0,451.64,0.0,1,13.83,0.0,SPY220331P00447000,447.0,0,0.0,0.0,,0.0,expirationDay
2022-04-01,8941.0,-15.0,0.0,0,452.92,0.0,1,6.87,7.02,SPY220819P00385000,385.0,0,0.0,0.0,,0.0,normalDay
2022-04-04,8941.0,85.0,0.0,0,456.8,0.0,1,6.87,6.02,SPY220819P00385000,385.0,0,0.0,0.0,,0.0,normalDay
2022-04-05,8941.0,-35.0,0.0,0,451.03,0.0,1,6.87,7.22,SPY220819P00385000,385.0,0,0.0,0.0,,0.0,normalDay
2022-04-06,8941.0,-110.0,0.0,0,446.52,0.0,1,6.87,7.97,SPY220819P00385000,385.0,0,0.0,0.0,,0.0,normalDay
2022-04-07,8941.0,-66.0,0.0,0,448.77,0.0,1,6.87,7.53,SPY220819P00385000,385.0,0,0.0,0.0,,0.0,normalDay
2022-04-08,8941.0,-58.0,0.0,0,447.57,0.0,1,6.87,7.45,SPY220819P00385000,385.0,0,0.0,0.0,,0.0,normalDay
2022-04-11,8941.0,-203.0,0.0,0,439.92,0.0,1,6.87,8.9,SPY220819P00385000,385.0,0,0.0,0.0,,0.0,normalDay
2022-04-12,8941.0,-219.0,0.0,0,438.29,0.0,1,6.87,9.06,SPY220819P00385000,385.0,0,0.0,0.0,,0.0,normalDay
2022-04-13,8941.0,-75.0,0.0,0,443.31,0.0,1,6.87,7.62,SPY220819P00385000,385.0,0,0.0,0.0,,0.0,normalDay
2022-04-14,8941.0,-165.0,0.0,0,437.79,0.0,1,6.87,8.52,SPY220819P00385000,385.0,0,0.0,0.0,,0.0,normalDay
2022-04-18,8941.0,-98.0,0.0,0,437.97,0.0,1,6.87,7.85,SPY220819P00385000,385.0,0,0.0,0.0,,0.0,normalDay
2022-04-19,8941.0,-20.0,0.0,0,445.04,0.0,1,6.87,7.07,SPY220819P00385000,385.0,0,0.0,0.0,,0.0,normalDay
2022-04-20,8941.0,46.0,0.0,0,444.71,0.0,1,6.87,6.41,SPY220819P00385000,385.0,0,0.0,0.0,,0.0,normalDay
2022-04-21,8941.0,-119.0,0.0,0,438.06,0.0,1,6.87,8.06,SPY220819P00385000,385.0,0,0.0,0.0,,0.0,normalDay
2022-04-22,8941.0,-455.0,0.0,0,426.04,0.0,1,6.87,11.42,SPY220819P00385000,385.0,0,0.0,0.0,,0.0,normalDay
2022-04-25,8941.0,-332.0,0.0,0,428.51,0.0,1,6.87,10.19,SPY220819P00385000,385.0,0,0.0,0.0,,0.0,normalDay
2022-04-26,8941.0,-763.0,0.0,0,416.1,0.0,1,6.87,14.5,SPY220819P00385000,385.0,0,0.0,0.0,,0.0,normalDay
2022-04-27,8941.0,-625.0,0.0,0,417.27,0.0,1,6.87,13.12,SPY220819P00385000,385.0,0,0.0,0.0,,0.0,normalDay
2022-04-28,8941.0,-426.0,0.0,0,427.81,0.0,1,6.87,11.13,SPY220819P00385000,385.0,0,0.0,0.0,,0.0,normalDay
2022-04-29,8941.0,-764.0,0.0,0,412.0,0.0,1,6.87,14.51,SPY220819P00385000,385.0,0,0.0,0.0,,0.0,normalDay
2022-05-02,8941.0,-653.0,0.0,0,414.48,0.0,1,6.87,13.4,SPY220819P00385000,385.0,0,0.0,0.0,,0.0,normalDay
2022-05-03,8941.0,-514.0,0.0,0,416.38,0.0,1,6.87,12.01,SPY220819P00385000,385.0,0,0.0,0.0,,0.0,normalDay
2022-05-04,8941.0,-206.0,0.0,0,429.06,0.0,1,6.87,8.93,SPY220819P00385000,385.0,0,0.0,0.0,,0.0,normalDay
2022-05-05,8941.0,-677.0,0.0,0,413.81,0.0,1,6.87,13.64,SPY220819P00385000,385.0,0,0.0,0.0,,0.0,normalDay
2022-05-06,8941.0,-724.0,0.0,0,411.34,0.0,1,6.87,14.11,SPY220819P00385000,385.0,0,0.0,0.0,,0.0,normalDay
2022-05-09,8941.0,-1131.0,0.0,0,398.17,0.0,1,6.87,18.18,SPY220819P00385000,385.0,0,0.0,0.0,,0.0,normalDay
2022-05-10,8941.0,-1065.0,0.0,0,399.09,0.0,1,6.87,17.52,SPY220819P00385000,385.0,0,0.0,0.0,,0.0,normalDay
2022-05-11,8941.0,-1241.0,0.0,0,392.75,0.0,1,6.87,19.28,SPY220819P00385000,385.0,0,0.0,0.0,,0.0,normalDay
2022-05-12,8941.0,-1242.0,0.0,0,392.34,0.0,1,6.87,19.29,SPY220819P00385000,385.0,0,0.0,0.0,,0.0,normalDay
2022-05-13,8941.0,-846.0,0.0,0,401.72,0.0,1,6.87,15.33,SPY220819P00385000,385.0,0,0.0,0.0,,0.0,normalDay
2022-05-16,8941.0,-817.0,0.0,0,400.09,0.0,1,6.87,15.04,SPY220819P00385000,385.0,0,0.0,0.0,,0.0,normalDay
2022-05-17,8941.0,-513.0,0.0,0,408.32,0.0,1,6.87,12.0,SPY220819P00385000,385.0,0,0.0,0.0,,0.0,normalDay
2022-05-18,8941.0,-1188.0,0.0,0,391.86,0.0,1,6.87,18.75,SPY220819P00385000,385.0,0,0.0,0.0,,0.0,normalDay
2022-05-19,8941.0,-1163.0,0.0,0,389.46,0.0,1,6.87,18.5,SPY220819P00385000,385.0,0,0.0,0.0,,0.0,normalDay
2022-05-20,8941.0,-1149.0,0.0,0,389.63,0.0,1,6.87,18.36,SPY220819P00385000,385.0,0,0.0,0.0,,0.0,normalDay
2022-05-23,8941.0,-830.0,0.0,0,396.92,0.0,1,6.87,15.17,SPY220819P00385000,385.0,0,0.0,0.0,,0.0,normalDay
2022-05-24,8941.0,-942.0,0.0,0,393.89,0.0,1,6.87,16.29,SPY220819P00385000,385.0,0,0.0,0.0,,0.0,normalDay
2022-05-25,8941.0,-804.0,0.0,0,397.37,0.0,1,6.87,14.91,SPY220819P00385000,385.0,0,0.0,0.0,,0.0,normalDay
2022-05-26,8941.0,-549.0,0.0,0,405.31,0.0,1,6.87,12.36,SPY220819P00385000,385.0,0,0.0,0.0,,0.0,normalDay
2022-05-27,8941.0,-247.0,0.0,0,415.26,0.0,1,6.87,9.34,SPY220819P00385000,385.0,0,0.0,0.0,,0.0,normalDay
2022-05-31,8941.0,-280.0,0.0,0,412.93,0.0,1,6.87,9.67,SPY220819P00385000,385.0,0,0.0,0.0,,0.0,normalDay
2022-06-01,8941.0,-322.0,0.0,0,409.59,0.0,1,6.87,10.09,SPY220819P00385000,385.0,0,0.0,0.0,,0.0,normalDay
2022-06-02,8941.0,-103.0,0.0,0,417.39,0.0,1,6.87,7.9,SPY220819P00385000,385.0,0,0.0,0.0,,0.0,normalDay
2022-06-03,8941.0,-250.0,0.0,0,410.54,0.0,1,6.87,9.37,SPY220819P00385000,385.0,0,0.0,0.0,,0.0,normalDay
2022-06-06,8941.0,-184.0,0.0,0,411.79,0.0,1,6.87,8.71,SPY220819P00385000,385.0,0,0.0,0.0,,0.0,normalDay
2022-06-07,8941.0,-67.0,0.0,0,415.74,0.0,1,6.87,7.54,SPY220819P00385000,385.0,0,0.0,0.0,,0.0,normalDay
2022-06-08,8941.0,-143.0,0.0,0,411.22,0.0,1,6.87,8.3,SPY220819P00385000,385.0,0,0.0,0.0,,0.0,normalDay
2022-06-09,8941.0,-442.0,0.0,0,401.44,0.0,1,6.87,11.29,SPY220819P00385000,385.0,0,0.0,0.0,,0.0,normalDay
2022-06-10,8941.0,-866.0,0.0,0,389.8,0.0,1,6.87,15.53,SPY220819P00385000,385.0,0,0.0,0.0,,0.0,normalDay
2022-06-13,8941.0,-1712.0,0.0,0,375.0,0.0,1,6.87,23.99,SPY220819P00385000,385.0,0,0.0,0.0,,0.0,normalDay
2022-06-14,8941.0,-1706.0,0.0,0,373.87,0.0,1,6.87,23.93,SPY220819P00385000,385.0,0,0.0,0.0,,0.0,normalDay
2022-06-15,8941.0,-1281.0,0.0,0,379.2,0.0,1,6.87,19.68,SPY220819P00385000,385.0,0,0.0,0.0,,0.0,normalDay
2022-06-16,8941.0,-2026.0,0.0,0,366.65,0.0,1,6.87,27.13,SPY220819P00385000,385.0,0,0.0,0.0,,0.0,normalDay
2022-06-17,8941.0,-1903.0,0.0,0,365.86,0.0,1,6.87,25.9,SPY220819P00385000,385.0,0,0.0,0.0,,0.0,normalDay
2022-06-21,8941.0,-1359.0,0.0,0,375.07,0.0,1,6.87,20.46,SPY220819P00385000,385.0,0,0.0,0.0,,0.0,normalDay
2022-06-22,8941.0,-1320.0,0.0,0,374.39,0.0,1,6.87,20.07,SPY220819P00385000,385.0,0,0.0,0.0,,0.0,normalDay
2022-06-23,8941.0,-1193.0,0.0,0,378.06,0.0,1,6.87,18.8,SPY220819P00385000,385.0,0,0.0,0.0,,0.0,normalDay
2022-06-24,8941.0,-604.0,0.0,0,390.08,0.0,1,6.87,12.91,SPY220819P00385000,385.0,0,0.0,0.0,,0.0,normalDay
2022-06-27,8941.0,-536.0,0.0,0,388.59,0.0,1,6.87,12.23,SPY220819P00385000,385.0,0,0.0,0.0,,0.0,normalDay
2022-06-28,8941.0,-930.0,0.0,0,380.65,0.0,1,6.87,16.17,SPY220819P00385000,385.0,0,0.0,0.0,,0.0,normalDay
2022-06-29,8941.0,-904.0,0.0,0,380.34,0.0,1,6.87,15.91,SPY220819P00385000,385.0,0,0.0,0.0,,0.0,normalDay
2022-06-30,8941.0,-1126.0,0.0,0,377.25,0.0,1,6.87,18.13,SPY220819P00385000,385.0,0,0.0,0.0,,0.0,normalDay
2022-07-01,8941.0,-836.0,0.0,0,381.24,0.0,1,6.87,15.23,SPY220819P00385000,385.0,0,0.0,0.0,,0.0,normalDay
2022-07-05,8941.0,-791.0,0.0,0,381.96,0.0,1,6.87,14.78,SPY220819P00385000,385.0,0,0.0,0.0,,0.0,normalDay
2022-07-06,8941.0,-660.0,0.0,0,383.25,0.0,1,6.87,13.47,SPY220819P00385000,385.0,0,0.0,0.0,,0.0,normalDay
2022-07-07,8941.0,-417.0,0.0,0,388.99,0.0,1,6.87,11.04,SPY220819P00385000,385.0,0,0.0,0.0,,0.0,normalDay
2022-07-08,8941.0,-343.0,0.0,0,388.67,0.0,1,6.87,10.3,SPY220819P00385000,385.0,0,0.0,0.0,,0.0,normalDay
2022-07-11,8941.0,-508.0,0.0,0,384.23,0.0,1,6.87,11.95,SPY220819P00385000,385.0,0,0.0,0.0,,0.0,normalDay
2022-07-12,8941.0,-694.0,0.0,0,380.83,0.0,1,6.87,13.81,SPY220819P00385000,385.0,0,0.0,0.0,,0.0,normalDay
2022-07-13,8941.0,-768.0,0.0,0,378.83,0.0,1,6.87,14.55,SPY220819P00385000,385.0,0,0.0,0.0,,0.0,normalDay
2022-07-14,8941.0,-753.0,0.0,0,377.91,0.0,1,6.87,14.4,SPY220819P00385000,385.0,0,0.0,0.0,,0.0,normalDay
2022-07-15,8941.0,-354.0,0.0,0,385.13,0.0,1,6.87,10.41,SPY220819P00385000,385.0,0,0.0,0.0,,0.0,normalDay
2022-07-18,8941.0,-477.0,0.0,0,381.95,0.0,1,6.87,11.64,SPY220819P00385000,385.0,0,0.0,0.0,,0.0,normalDay
2022-07-19,8941.0,-40.0,0.0,0,392.27,0.0,1,6.87,7.27,SPY220819P00385000,385.0,0,0.0,0.0,,0.0,normalDay
2022-07-20,8941.0,65.0,0.0,0,394.77,0.0,1,6.87,6.22,SPY220819P00385000,385.0,0,0.0,0.0,,0.0,normalDay
2022-07-21,8941.0,210.0,0.0,0,398.79,0.0,1,6.87,4.77,SPY220819P00385000,385.0,0,0.0,0.0,,0.0,normalDay
2022-07-22,8941.0,132.0,0.0,0,395.09,0.0,1,6.87,5.55,SPY220819P00385000,385.0,0,0.0,0.0,,0.0,normalDay
2022-07-25,8941.0,210.0,0.0,0,395.57,0.0,1,6.87,4.77,SPY220819P00385000,385.0,0,0.0,0.0,,0.0,normalDay
2022-07-26,8941.0,60.0,0.0,0,390.89,0.0,1,6.87,6.27,SPY220819P00385000,385.0,0,0.0,0.0,,0.0,normalDay
2022-07-27,8941.0,341.0,0.0,0,401.04,0.0,1,6.87,3.46,SPY220819P00385000,385.0,0,0.0,0.0,,0.0,normalDay
2022-07-28,8941.0,487.0,0.0,0,406.07,0.0,1,6.87,2.0,SPY220819P00385000,385.0,0,0.0,0.0,,0.0,normalDay
2022-07-29,8941.0,565.0,0.0,0,411.99,0.0,1,6.87,1.22,SPY220819P00385000,385.0,0,0.0,0.0,,0.0,normalDay
2022-08-01,8941.0,551.0,0.0,0,410.77,0.0,1,6.87,1.36,SPY220819P00385000,385.0,0,0.0,0.0,,0.0,normalDay
2022-08-02,8941.0,508.0,0.0,0,408.06,0.0,1,6.87,1.79,SPY220819P00385000,385.0,0,0.0,0.0,,0.0,normalDay
2022-08-03,8941.0,608.0,0.0,0,414.45,0.0,1,6.87,0.79,SPY220819P00385000,385.0,0,0.0,0.0,,0.0,normalDay
2022-08-04,8941.0,624.0,0.0,0,414.17,0.0,1,6.87,0.63,SPY220819P00385000,385.0,0,0.0,0.0,,0.0,normalDay
2022-08-05,8941.0,627.0,0.0,0,413.47,0.0,1,6.87,0.6,SPY220819P00385000,385.0,0,0.0,0.0,,0.0,normalDay
2022-08-08,8941.0,648.0,0.0,0,412.99,0.0,1,6.87,0.39,SPY220819P00385000,385.0,0,0.0,0.0,,0.0,normalDay
2022-08-09,8941.0,644.0,0.0,0,411.35,0.0,1,6.87,0.43,SPY220819P00385000,385.0,0,0.0,0.0,,0.0,normalDay
2022-08-10,8941.0,673.0,0.0,0,419.99,0.0,1,6.87,0.14,SPY220819P00385000,385.0,0,0.0,0.0,,0.0,normalDay
2022-08-11,8941.0,676.0,0.0,0,419.99,0.0,1,6.87,0.11,SPY220819P00385000,385.0,0,0.0,0.0,,0.0,normalDay
2022-08-12,8941.0,682.0,0.0,0,427.1,0.0,1,6.87,0.05,SPY220819P00385000,385.0,0,0.0,0.0,,0.0,normalDay
2022-08-15,8941.0,684.0,0.0,0,428.86,0.0,1,6.87,0.03,SPY220819P00385000,385.0,0,0.0,0.0,,0.0,normalDay
2022-08-16,8941.0,684.0,0.0,0,429.7,0.0,1,6.87,0.03,SPY220819P00385000,385.0,0,0.0,0.0,,0.0,normalDay
2022-08-17,8941.0,685.0,0.0,0,426.65,0.0,1,6.87,0.02,SPY220819P00385000,385.0,0,0.0,0.0,,0.0,normalDay
2022-08-18,8941.0,686.0,0.0,0,427.89,0.0,1,6.87,0.01,SPY220819P00385000,385.0,0,0.0,0.0,,0.0,normalDay
2022-08-19,9628.0,0.0,687.0,0,422.14,0.0,1,6.87,0.0,SPY220819P00385000,385.0,0,0.0,0.0,,0.0,expirationDay
2022-08-22,9628.0,-9.0,0.0,0,413.35,0.0,1,11.11,11.2,SPY221230P00379000,379.0,0,0.0,0.0,,0.0,normalDay
2022-08-23,9628.0,-19.0,0.0,0,412.35,0.0,1,11.11,11.3,SPY221230P00379000,379.0,0,0.0,0.0,,0.0,normalDay
2022-08-24,9628.0,65.0,0.0,0,413.67,0.0,1,11.11,10.46,SPY221230P00379000,379.0,0,0.0,0.0,,0.0,normalDay
2022-08-25,9628.0,206.0,0.0,0,419.51,0.0,1,11.11,9.05,SPY221230P00379000,379.0,0,0.0,0.0,,0.0,normalDay
2022-08-26,9628.0,-184.0,0.0,0,405.31,0.0,1,11.11,12.95,SPY221230P00379000,379.0,0,0.0,0.0,,0.0,normalDay
2022-08-29,9628.0,-228.0,0.0,0,402.63,0.0,1,11.11,13.39,SPY221230P00379000,379.0,0,0.0,0.0,,0.0,normalDay
2022-08-30,9628.0,-342.0,0.0,0,398.21,0.0,1,11.11,14.53,SPY221230P00379000,379.0,0,0.0,0.0,,0.0,normalDay
2022-08-31,9628.0,-402.0,0.0,0,395.18,0.0,1,11.11,15.13,SPY221230P00379000,379.0,0,0.0,0.0,,0.0,normalDay
2022-09-01,9628.0,-335.0,0.0,0,396.42,0.0,1,11.11,14.46,SPY221230P00379000,379.0,0,0.0,0.0,,0.0,normalDay
2022-09-02,9628.0,-447.0,0.0,0,392.24,0.0,1,11.11,15.58,SPY221230P00379000,379.0,0,0.0,0.0,,0.0,normalDay
2022-09-06,9628.0,-537.0,0.0,0,390.76,0.0,1,11.11,16.48,SPY221230P00379000,379.0,0,0.0,0.0,,0.0,normalDay
2022-09-07,9628.0,-245.0,0.0,0,397.78,0.0,1,11.11,13.56,SPY221230P00379000,379.0,0,0.0,0.0,,0.0,normalDay
2022-09-08,9628.0,-109.0,0.0,0,400.38,0.0,1,11.11,12.2,SPY221230P00379000,379.0,0,0.0,0.0,,0.0,normalDay
2022-09-09,9628.0,43.0,0.0,0,406.6,0.0,1,11.11,10.68,SPY221230P00379000,379.0,0,0.0,0.0,,0.0,normalDay
2022-09-12,9628.0,168.0,0.0,0,410.97,0.0,1,11.11,9.43,SPY221230P00379000,379.0,0,0.0,0.0,,0.0,normalDay
2022-09-13,9628.0,-358.0,0.0,0,393.1,0.0,1,11.11,14.69,SPY221230P00379000,379.0,0,0.0,0.0,,0.0,normalDay
2022-09-14,9628.0,-308.0,0.0,0,394.6,0.0,1,11.11,14.19,SPY221230P00379000,379.0,0,0.0,0.0,,0.0,normalDay
2022-09-15,9628.0,-410.0,0.0,0,390.12,0.0,1,11.11,15.21,SPY221230P00379000,379.0,0,0.0,0.0,,0.0,normalDay
2022-09-16,9628.0,-512.0,0.0,0,385.56,0.0,1,11.11,16.23,SPY221230P00379000,379.0,0,0.0,0.0,,0.0,normalDay
2022-09-19,9628.0,-382.0,0.0,0,388.55,0.0,1,11.11,14.93,SPY221230P00379000,379.0,0,0.0,0.0,,0.0,normalDay
2022-09-20,9628.0,-555.0,0.0,0,384.09,0.0,1,11.11,16.66,SPY221230P00379000,379.0,0,0.0,0.0,,0.0,normalDay
2022-09-21,9628.0,-860.0,0.0,0,377.39,0.0,1,11.11,19.71,SPY221230P00379000,379.0,0,0.0,0.0,,0.0,normalDay
2022-09-22,9628.0,-944.0,0.0,0,374.22,0.0,1,11.11,20.55,SPY221230P00379000,379.0,0,0.0,0.0,,0.0,normalDay
2022-09-23,9628.0,-1354.0,0.0,0,367.95,0.0,1,11.11,24.65,SPY221230P00379000,379.0,0,0.0,0.0,,0.0,normalDay
2022-09-26,9628.0,-1584.0,0.0,0,364.31,0.0,1,11.11,26.95,SPY221230P00379000,379.0,0,0.0,0.0,,0.0,normalDay
2022-09-27,9628.0,-1608.0,0.0,0,363.38,0.0,1,11.11,27.19,SPY221230P00379000,379.0,0,0.0,0.0,,0.0,normalDay
2022-09-28,9628.0,-1157.0,0.0,0,370.53,0.0,1,11.11,22.68,SPY221230P00379000,379.0,0,0.0,0.0,,0.0,normalDay
2022-09-29,9628.0,-1589.0,0.0,0,362.79,0.0,1,11.11,27.0,SPY221230P00379000,379.0,0,0.0,0.0,,0.0,normalDay
2022-09-30,9628.0,-1835.0,0.0,0,357.18,0.0,1,11.11,29.46,SPY221230P00379000,379.0,0,0.0,0.0,,0.0,normalDay
2022-10-03,9628.0,-1254.0,0.0,0,366.61,0.0,1,11.11,23.65,SPY221230P00379000,379.0,0,0.0,0.0,,0.0,normalDay
2022-10-04,9628.0,-714.0,0.0,0,377.97,0.0,1,11.11,18.25,SPY221230P00379000,379.0,0,0.0,0.0,,0.0,normalDay
2022-10-05,9628.0,-713.0,0.0,0,377.09,0.0,1,11.11,18.24,SPY221230P00379000,379.0,0,0.0,0.0,,0.0,normalDay
2022-10-06,9628.0,-945.0,0.0,0,373.2,0.0,1,11.11,20.56,SPY221230P00379000,379.0,0,0.0,0.0,,0.0,normalDay
2022-10-07,9628.0,-1541.0,0.0,0,362.79,0.0,1,11.11,26.52,SPY221230P00379000,379.0,0,0.0,0.0,,0.0,normalDay
2022-10-10,9628.0,-1693.0,0.0,0,360.02,0.0,1,11.11,28.04,SPY221230P00379000,379.0,0,0.0,0.0,,0.0,normalDay
2022-10-11,9628.0,-1860.0,0.0,0,357.74,0.0,1,11.11,29.71,SPY221230P00379000,379.0,0,0.0,0.0,,0.0,normalDay
2022-10-12,9628.0,-1935.0,0.0,0,356.56,0.0,1,11.11,30.46,SPY221230P00379000,379.0,0,0.0,0.0,,0.0,normalDay
2022-10-13,9628.0,-1349.0,0.0,0,365.97,0.0,1,11.11,24.6,SPY221230P00379000,379.0,0,0.0,0.0,,0.0,normalDay
2022-10-14,9628.0,-1837.0,0.0,0,357.63,0.0,1,11.11,29.48,SPY221230P00379000,379.0,0,0.0,0.0,,0.0,normalDay
2022-10-17,9628.0,-1242.0,0.0,0,366.82,0.0,1,11.11,23.53,SPY221230P00379000,379.0,0,0.0,0.0,,0.0,normalDay
2022-10-18,9628.0,-952.0,0.0,0,371.13,0.0,1,11.11,20.63,SPY221230P00379000,379.0,0,0.0,0.0,,0.0,normalDay
2022-10-19,9628.0,-1153.0,0.0,0,368.5,0.0,1,11.11,22.64,SPY221230P00379000,379.0,0,0.0,0.0,,0.0,normalDay
2022-10-20,9628.0,-1268.0,0.0,0,365.41,0.0,1,11.11,23.79,SPY221230P00379000,379.0,0,0.0,0.0,,0.0,normalDay
2022-10-21,9628.0,-822.0,0.0,0,374.29,0.0,1,11.11,19.33,SPY221230P00379000,379.0,0,0.0,0.0,,0.0,normalDay
2022-10-24,9628.0,-609.0,0.0,0,378.87,0.0,1,11.11,17.2,SPY221230P00379000,379.0,0,0.0,0.0,,0.0,normalDay
2022-10-25,9628.0,-363.0,0.0,0,384.92,0.0,1,11.11,14.74,SPY221230P00379000,379.0,0,0.0,0.0,,0.0,normalDay
2022-10-26,9628.0,-320.0,0.0,0,382.02,0.0,1,11.11,14.31,SPY221230P00379000,379.0,0,0.0,0.0,,0.0,normalDay
2022-10-27,9628.0,-589.0,0.0,0,379.98,0.0,1,11.11,17.0,SPY221230P00379000,379.0,0,0.0,0.0,,0.0,normalDay
2022-10-28,9628.0,-24.0,0.0,0,389.02,0.0,1,11.11,11.35,SPY221230P00379000,379.0,0,0.0,0.0,,0.0,normalDay
2022-10-31,9628.0,-75.0,0.0,0,386.21,0.0,1,11.11,11.86,SPY221230P00379000,379.0,0,0.0,0.0,,0.0,normalDay
2022-11-01,9628.0,-138.0,0.0,0,384.52,0.0,1,11.11,12.49,SPY221230P00379000,379.0,0,0.0,0.0,,0.0,normalDay
2022-11-02,9628.0,-553.0,0.0,0,374.87,0.0,1,11.11,16.64,SPY221230P00379000,379.0,0,0.0,0.0,,0.0,normalDay
2022-11-03,9628.0,-722.0,0.0,0,371.01,0.0,1,11.11,18.33,SPY221230P00379000,379.0,0,0.0,0.0,,0.0,normalDay
2022-11-04,9628.0,-416.0,0.0,0,376.35,0.0,1,11.11,15.27,SPY221230P00379000,379.0,0,0.0,0.0,,0.0,normalDay
2022-11-07,9628.0,-199.0,0.0,0,379.95,0.0,1,11.11,13.1,SPY221230P00379000,379.0,0,0.0,0.0,,0.0,normalDay
2022-11-08,9628.0,-172.0,0.0,0,382.0,0.0,1,11.11,12.83,SPY221230P00379000,379.0,0,0.0,0.0,,0.0,normalDay
2022-11-09,9628.0,-492.0,0.0,0,374.13,0.0,1,11.11,16.03,SPY221230P00379000,379.0,0,0.0,0.0,,0.0,normalDay
2022-11-10,9628.0,379.0,0.0,0,394.69,0.0,1,11.11,7.32,SPY221230P00379000,379.0,0,0.0,0.0,,0.0,normalDay
2022-11-11,9628.0,512.0,0.0,0,398.51,0.0,1,11.11,5.99,SPY221230P00379000,379.0,0,0.0,0.0,,0.0,normalDay
2022-11-14,9628.0,470.0,0.0,0,395.12,0.0,1,11.11,6.41,SPY221230P00379000,379.0,0,0.0,0.0,,0.0,normalDay
2022-11-15,9628.0,537.0,0.0,0,398.49,0.0,1,11.11,5.74,SPY221230P00379000,379.0,0,0.0,0.0,,0.0,normalDay
2022-11-16,9628.0,495.0,0.0,0,395.45,0.0,1,11.11,6.16,SPY221230P00379000,379.0,0,0.0,0.0,,0.0,normalDay
2022-11-17,9628.0,482.0,0.0,0,394.24,0.0,1,11.11,6.29,SPY221230P00379000,379.0,0,0.0,0.0,,0.0,normalDay
2022-11-18,9628.0,549.0,0.0,0,396.03,0.0,1,11.11,5.62,SPY221230P00379000,379.0,0,0.0,0.0,,0.0,normalDay
2022-11-21,9628.0,592.0,0.0,0,394.59,0.0,1,11.11,5.19,SPY221230P00379000,379.0,0,0.0,0.0,,0.0,normalDay
2022-11-22,9628.0,744.0,0.0,0,399.9,0.0,1,11.11,3.67,SPY221230P00379000,379.0,0,0.0,0.0,,0.0,normalDay
2022-11-23,9628.0,812.0,0.0,0,402.42,0.0,1,11.11,2.99,SPY221230P00379000,379.0,0,0.0,0.0,,0.0,normalDay
2022-11-25,9628.0,823.0,0.0,0,402.33,0.0,1,11.11,2.88,SPY221230P00379000,379.0,0,0.0,0.0,,0.0,normalDay
2022-11-28,9628.0,693.0,0.0,0,395.91,0.0,1,11.11,4.18,SPY221230P00379000,379.0,0,0.0,0.0,,0.0,normalDay
2022-11-29,9628.0,700.0,0.0,0,395.23,0.0,1,11.11,4.11,SPY221230P00379000,379.0,0,0.0,0.0,,0.0,normalDay
2022-11-30,9628.0,935.0,0.0,0,407.68,0.0,1,11.11,1.76,SPY221230P00379000,379.0,0,0.0,0.0,,0.0,normalDay
2022-12-01,9628.0,952.0,0.0,0,407.38,0.0,1,11.11,1.59,SPY221230P00379000,379.0,0,0.0,0.0,,0.0,normalDay
2022-12-02,9628.0,973.0,0.0,0,406.91,0.0,1,11.11,1.38,SPY221230P00379000,379.0,0,0.0,0.0,,0.0,normalDay
2022-12-05,9628.0,881.0,0.0,0,399.59,0.0,1,11.11,2.3,SPY221230P00379000,379.0,0,0.0,0.0,,0.0,normalDay
2022-12-06,9628.0,745.0,0.0,0,393.83,0.0,1,11.11,3.66,SPY221230P00379000,379.0,0,0.0,0.0,,0.0,normalDay
2022-12-07,9628.0,725.0,0.0,0,393.16,0.0,1,11.11,3.86,SPY221230P00379000,379.0,0,0.0,0.0,,0.0,normalDay
2022-12-08,9628.0,820.0,0.0,0,396.24,0.0,1,11.11,2.91,SPY221230P00379000,379.0,0,0.0,0.0,,0.0,normalDay
2022-12-09,9628.0,777.0,0.0,0,393.28,0.0,1,11.11,3.34,SPY221230P00379000,379.0,0,0.0,0.0,,0.0,normalDay
2022-12-12,9628.0,867.0,0.0,0,398.95,0.0,1,11.11,2.44,SPY221230P00379000,379.0,0,0.0,0.0,,0.0,normalDay
2022-12-13,9628.0,1000.0,0.0,0,401.97,0.0,1,11.11,1.11,SPY221230P00379000,379.0,0,0.0,0.0,,0.0,normalDay
2022-12-14,9628.0,1019.0,0.0,0,399.4,0.0,1,11.11,0.92,SPY221230P00379000,379.0,0,0.0,0.0,,0.0,normalDay
2022-12-15,9628.0,855.0,0.0,0,389.63,0.0,1,11.11,2.56,SPY221230P00379000,379.0,0,0.0,0.0,,0.0,normalDay
2022-12-16,9628.0,739.0,0.0,0,383.27,0.0,1,11.11,3.72,SPY221230P00379000,379.0,0,0.0,0.0,,0.0,normalDay
2022-12-19,9628.0,673.0,0.0,0,380.02,0.0,1,11.11,4.38,SPY221230P00379000,379.0,0,0.0,0.0,,0.0,normalDay
2022-12-20,9628.0,750.0,0.0,0,380.54,0.0,1,11.11,3.61,SPY221230P00379000,379.0,0,0.0,0.0,,0.0,normalDay
2022-12-21,9628.0,974.0,0.0,0,386.23,0.0,1,11.11,1.37,SPY221230P00379000,379.0,0,0.0,0.0,,0.0,normalDay
2022-12-22,9628.0,794.0,0.0,0,380.72,0.0,1,11.11,3.17,SPY221230P00379000,379.0,0,0.0,0.0,,0.0,normalDay
2022-12-23,9628.0,929.0,0.0,0,382.91,0.0,1,11.11,1.82,SPY221230P00379000,379.0,0,0.0,0.0,,0.0,normalDay
2022-12-27,9628.0,952.0,0.0,0,381.4,0.0,1,11.11,1.59,SPY221230P00379000,379.0,0,0.0,0.0,,0.0,normalDay
2022-12-28,9628.0,755.0,0.0,0,376.66,0.0,1,11.11,3.56,SPY221230P00379000,379.0,0,0.0,0.0,,0.0,normalDay
2022-12-29,9628.0,1072.0,0.0,0,383.44,0.0,1,11.11,0.39,SPY221230P00379000,379.0,0,0.0,0.0,,0.0,normalDay
2022-12-30,10739.0,0.0,1111.0,0,382.43,0.0,1,11.11,0.0,SPY221230P00379000,379.0,0,0.0,0.0,,0.0,expirationDay
2023-01-03,10739.0,-6.0,0.0,0,380.82,0.0,1,10.07,10.13,SPY230421P00360000,360.0,0,0.0,0.0,,0.0,normalDay
2023-01-04,10739.0,134.0,0.0,0,383.76,0.0,1,10.07,8.73,SPY230421P00360000,360.0,0,0.0,0.0,,0.0,normalDay
2023-01-05,10739.0,26.0,0.0,0,379.38,0.0,1,10.07,9.81,SPY230421P00360000,360.0,0,0.0,0.0,,0.0,normalDay
2023-01-06,10739.0,270.0,0.0,0,388.08,0.0,1,10.07,7.37,SPY230421P00360000,360.0,0,0.0,0.0,,0.0,normalDay
2023-01-09,10739.0,255.0,0.0,0,387.86,0.0,1,10.07,7.52,SPY230421P00360000,360.0,0,0.0,0.0,,0.0,normalDay
2023-01-10,10739.0,366.0,0.0,0,390.58,0.0,1,10.07,6.41,SPY230421P00360000,360.0,0,0.0,0.0,,0.0,normalDay
2023-01-11,10739.0,444.0,0.0,0,395.52,0.0,1,10.07,5.63,SPY230421P00360000,360.0,0,0.0,0.0,,0.0,normalDay
2023-01-12,10739.0,529.0,0.0,0,396.96,0.0,1,10.07,4.78,SPY230421P00360000,360.0,0,0.0,0.0,,0.0,normalDay
2023-01-13,10739.0,567.0,0.0,0,398.5,0.0,1,10.07,4.4,SPY230421P00360000,360.0,0,0.0,0.0,,0.0,normalDay
2023-01-17,10739.0,566.0,0.0,0,397.77,0.0,1,10.07,4.41,SPY230421P00360000,360.0,0,0.0,0.0,,0.0,normalDay
2023-01-18,10739.0,449.0,0.0,0,391.49,0.0,1,10.07,5.58,SPY230421P00360000,360.0,0,0.0,0.0,,0.0,normalDay
2023-01-19,10739.0,408.0,0.0,0,388.64,0.0,1,10.07,5.99,SPY230421P00360000,360.0,0,0.0,0.0,,0.0,normalDay
2023-01-20,10739.0,545.0,0.0,0,395.88,0.0,1,10.07,4.62,SPY230421P00360000,360.0,0,0.0,0.0,,0.0,normalDay
2023-01-23,10739.0,618.0,0.0,0,400.63,0.0,1,10.07,3.89,SPY230421P00360000,360.0,0,0.0,0.0,,0.0,normalDay
2023-01-24,10739.0,653.0,0.0,0,400.2,0.0,1,10.07,3.54,SPY230421P00360000,360.0,0,0.0,0.0,,0.0,normalDay
2023-01-25,10739.0,648.0,0.0,0,400.35,0.0,1,10.07,3.59,SPY230421P00360000,360.0,0,0.0,0.0,,0.0,normalDay
2023-01-26,10739.0,696.0,0.0,0,404.75,0.0,1,10.07,3.11,SPY230421P00360000,360.0,0,0.0,0.0,,0.0,normalDay
2023-01-27,10739.0,713.0,0.0,0,405.68,0.0,1,10.07,2.94,SPY230421P00360000,360.0,0,0.0,0.0,,0.0,normalDay
2023-01-30,10739.0,665.0,0.0,0,400.59,0.0,1,10.07,3.42,SPY230421P00360000,360.0,0,0.0,0.0,,0.0,normalDay
2023-01-31,10739.0,725.0,0.0,0,406.48,0.0,1,10.07,2.82,SPY230421P00360000,360.0,0,0.0,0.0,,0.0,normalDay
2023-02-01,10739.0,784.0,0.0,0,410.8,0.0,1,10.07,2.23,SPY230421P00360000,360.0,0,0.0,0.0,,0.0,normalDay
2023-02-02,10739.0,781.0,0.0,0,416.78,0.0,1,10.07,2.26,SPY230421P00360000,360.0,0,0.0,0.0,,0.0,normalDay
2023-02-03,10739.0,776.0,0.0,0,412.35,0.0,1,10.07,2.31,SPY230421P00360000,360.0,0,0.0,0.0,,0.0,normalDay
2023-02-06,10739.0,760.0,0.0,0,409.83,0.0,1,10.07,2.47,SPY230421P00360000,360.0,0,0.0,0.0,,0.0,normalDay
2023-02-07,10739.0,808.0,0.0,0,415.19,0.0,1,10.07,1.99,SPY230421P00360000,360.0,0,0.0,0.0,,0.0,normalDay
2023-02-08,10739.0,769.0,0.0,0,410.65,0.0,1,10.07,2.38,SPY230421P00360000,360.0,0,0.0,0.0,,0.0,normalDay
2023-02-09,10739.0,732.0,0.0,0,407.09,0.0,1,10.07,2.75,SPY230421P00360000,360.0,0,0.0,0.0,,0.0,normalDay
2023-02-10,10739.0,742.0,0.0,0,408.04,0.0,1,10.07,2.65,SPY230421P00360000,360.0,0,0.0,0.0,,0.0,normalDay
2023-02-13,10739.0,803.0,0.0,0,412.83,0.0,1,10.07,2.04,SPY230421P00360000,360.0,0,0.0,0.0,,0.0,normalDay
2023-02-14,10739.0,828.0,0.0,0,412.64,0.0,1,10.07,1.79,SPY230421P00360000,360.0,0,0.0,0.0,,0.0,normalDay
2023-02-15,10739.0,853.0,0.0,0,413.98,0.0,1,10.07,1.54,SPY230421P00360000,360.0,0,0.0,0.0,,0.0,normalDay
2023-02-16,10739.0,792.0,0.0,0,408.28,0.0,1,10.07,2.15,SPY230421P00360000,360.0,0,0.0,0.0,,0.0,normalDay
2023-02-17,10739.0,797.0,0.0,0,407.26,0.0,1,10.07,2.1,SPY230421P00360000,360.0,0,0.0,0.0,,0.0,normalDay
2023-02-21,10739.0,708.0,0.0,0,399.09,0.0,1,10.07,2.99,SPY230421P00360000,360.0,0,0.0,0.0,,0.0,normalDay
2023-02-22,10739.0,728.0,0.0,0,398.54,0.0,1,10.07,2.79,SPY230421P00360000,360.0,0,0.0,0.0,,0.0,normalDay
2023-02-23,10739.0,775.0,0.0,0,400.66,0.0,1,10.07,2.32,SPY230421P00360000,360.0,0,0.0,0.0,,0.0,normalDay
2023-02-24,10739.0,729.0,0.0,0,396.38,0.0,1,10.07,2.78,SPY230421P00360000,360.0,0,0.0,0.0,,0.0,normalDay
2023-02-27,10739.0,788.0,0.0,0,397.73,0.0,1,10.07,2.19,SPY230421P00360000,360.0,0,0.0,0.0,,0.0,normalDay
2023-02-28,10739.0,789.0,0.0,0,396.26,0.0,1,10.07,2.18,SPY230421P00360000,360.0,0,0.0,0.0,,0.0,normalDay
2023-03-01,10739.0,785.0,0.0,0,394.74,0.0,1,10.07,2.22,SPY230421P00360000,360.0,0,0.0,0.0,,0.0,normalDay
2023-03-02,10739.0,839.0,0.0,0,397.81,0.0,1,10.07,1.68,SPY230421P00360000,360.0,0,0.0,0.0,,0.0,normalDay
2023-03-03,10739.0,896.0,0.0,0,404.19,0.0,1,10.07,1.11,SPY230421P00360000,360.0,0,0.0,0.0,,0.0,normalDay
2023-03-06,10739.0,909.0,0.0,0,404.47,0.0,1,10.07,0.98,SPY230421P00360000,360.0,0,0.0,0.0,,0.0,normalDay
2023-03-07,10739.0,867.0,0.0,0,398.27,0.0,1,10.07,1.4,SPY230421P00360000,360.0,0,0.0,0.0,,0.0,normalDay
2023-03-08,10739.0,884.0,0.0,0,398.92,0.0,1,10.07,1.23,SPY230421P00360000,360.0,0,0.0,0.0,,0.0,normalDay
2023-03-09,10739.0,755.0,0.0,0,391.56,0.0,1,10.07,2.52,SPY230421P00360000,360.0,0,0.0,0.0,,0.0,normalDay
2023-03-10,10739.0,629.0,0.0,0,385.91,0.0,1,10.07,3.78,SPY230421P00360000,360.0,0,0.0,0.0,,0.0,normalDay
2023-03-13,10739.0,602.0,0.0,0,385.36,0.0,1,10.07,4.05,SPY230421P00360000,360.0,0,0.0,0.0,,0.0,normalDay
2023-03-14,10739.0,754.0,0.0,0,391.73,0.0,1,10.07,2.53,SPY230421P00360000,360.0,0,0.0,0.0,,0.0,normalDay
2023-03-15,10739.0,662.0,0.0,0,389.28,0.0,1,10.07,3.45,SPY230421P00360000,360.0,0,0.0,0.0,,0.0,normalDay
2023-03-16,10739.0,806.0,0.0,0,396.11,0.0,1,10.07,2.01,SPY230421P00360000,360.0,0,0.0,0.0,,0.0,normalDay
2023-03-17,10739.0,717.0,0.0,0,389.99,0.0,1,10.07,2.9,SPY230421P00360000,360.0,0,0.0,0.0,,0.0,normalDay
2023-03-20,10739.0,790.0,0.0,0,393.74,0.0,1,10.07,2.17,SPY230421P00360000,360.0,0,0.0,0.0,,0.0,normalDay
2023-03-21,10739.0,888.0,0.0,0,398.91,0.0,1,10.07,1.19,SPY230421P00360000,360.0,0,0.0,0.0,,0.0,normalDay
2023-03-22,10739.0,834.0,0.0,0,392.11,0.0,1,10.07,1.73,SPY230421P00360000,360.0,0,0.0,0.0,,0.0,normalDay
2023-03-23,10739.0,840.0,0.0,0,393.17,0.0,1,10.07,1.67,SPY230421P00360000,360.0,0,0.0,0.0,,0.0,normalDay
2023-03-24,10739.0,880.0,0.0,0,395.75,0.0,1,10.07,1.27,SPY230421P00360000,360.0,0,0.0,0.0,,0.0,normalDay
2023-03-27,10739.0,925.0,0.0,0,396.49,0.0,1,10.07,0.82,SPY230421P00360000,360.0,0,0.0,0.0,,0.0,normalDay
2023-03-28,10739.0,941.0,0.0,0,395.6,0.0,1,10.07,0.66,SPY230421P00360000,360.0,0,0.0,0.0,,0.0,normalDay
2023-03-29,10739.0,963.0,0.0,0,401.35,0.0,1,10.07,0.44,SPY230421P00360000,360.0,0,0.0,0.0,,0.0,normalDay
2023-03-30,10739.0,966.0,0.0,0,403.7,0.0,1,10.07,0.41,SPY230421P00360000,360.0,0,0.0,0.0,,0.0,normalDay
2023-03-31,10739.0,979.0,0.0,0,409.39,0.0,1,10.07,0.28,SPY230421P00360000,360.0,0,0.0,0.0,,0.0,normalDay
2023-04-03,10739.0,990.0,0.0,0,410.95,0.0,1,10.07,0.17,SPY230421P00360000,360.0,0,0.0,0.0,,0.0,normalDay
2023-04-04,10739.0,989.0,0.0,0,408.67,0.0,1,10.07,0.18,SPY230421P00360000,360.0,0,0.0,0.0,,0.0,normalDay
2023-04-05,10739.0,992.0,0.0,0,407.6,0.0,1,10.07,0.15,SPY230421P00360000,360.0,0,0.0,0.0,,0.0,normalDay
2023-04-06,10739.0,996.0,0.0,0,409.19,0.0,1,10.07,0.11,SPY230421P00360000,360.0,0,0.0,0.0,,0.0,normalDay
2023-04-10,10739.0,998.0,0.0,0,409.61,0.0,1,10.07,0.09,SPY230421P00360000,360.0,0,0.0,0.0,,0.0,normalDay
2023-04-11,10739.0,999.0,0.0,0,409.72,0.0,1,10.07,0.08,SPY230421P00360000,360.0,0,0.0,0.0,,0.0,normalDay
2023-04-12,10739.0,1000.0,0.0,0,408.05,0.0,1,10.07,0.07,SPY230421P00360000,360.0,0,0.0,0.0,,0.0,normalDay
2023-04-13,10739.0,1002.0,0.0,0,413.47,0.0,1,10.07,0.05,SPY230421P00360000,360.0,0,0.0,0.0,,0.0,normalDay
2023-04-14,10739.0,1004.0,0.0,0,412.46,0.0,1,10.07,0.03,SPY230421P00360000,360.0,0,0.0,0.0,,0.0,normalDay
2023-04-17,10739.0,1005.0,0.0,0,413.94,0.0,1,10.07,0.02,SPY230421P00360000,360.0,0,0.0,0.0,,0.0,normalDay
2023-04-18,10739.0,1005.0,0.0,0,414.21,0.0,1,10.07,0.02,SPY230421P00360000,360.0,0,0.0,0.0,,0.0,normalDay
2023-04-19,10739.0,1005.0,0.0,0,414.14,0.0,1,10.07,0.02,SPY230421P00360000,360.0,0,0.0,0.0,,0.0,normalDay
2023-04-20,10739.0,1006.0,0.0,0,411.88,0.0,1,10.07,0.01,SPY230421P00360000,360.0,0,0.0,0.0,,0.0,normalDay
2023-04-21,11746.0,0.0,1007.0,0,412.2,0.0,1,10.07,0.0,SPY230421P00360000,360.0,0,0.0,0.0,,0.0,expirationDay
2023-04-24,11746.0,-5.0,0.0,0,412.63,0.0,1,7.89,7.94,SPY230818P00389000,389.0,0,0.0,0.0,,0.0,normalDay
2023-04-25,11746.0,-188.0,0.0,0,406.08,0.0,1,7.89,9.77,SPY230818P00389000,389.0,0,0.0,0.0,,0.0,normalDay
2023-04-26,11746.0,-250.0,0.0,0,404.36,0.0,1,7.89,10.39,SPY230818P00389000,389.0,0,0.0,0.0,,0.0,normalDay
2023-04-27,11746.0,21.0,0.0,0,412.41,0.0,1,7.89,7.68,SPY230818P00389000,389.0,0,0.0,0.0,,0.0,normalDay
2023-04-28,11746.0,110.0,0.0,0,415.93,0.0,1,7.89,6.79,SPY230818P00389000,389.0,0,0.0,0.0,,0.0,normalDay
2023-05-01,11746.0,120.0,0.0,0,415.51,0.0,1,7.89,6.69,SPY230818P00389000,389.0,0,0.0,0.0,,0.0,normalDay
2023-05-02,11746.0,-18.0,0.0,0,410.84,0.0,1,7.89,8.07,SPY230818P00389000,389.0,0,0.0,0.0,,0.0,normalDay
2023-05-03,11746.0,-88.0,0.0,0,408.02,0.0,1,7.89,8.77,SPY230818P00389000,389.0,0,0.0,0.0,,0.0,normalDay
2023-05-04,11746.0,-240.0,0.0,0,405.13,0.0,1,7.89,10.29,SPY230818P00389000,389.0,0,0.0,0.0,,0.0,normalDay
2023-05-05,11746.0,23.0,0.0,0,412.63,0.0,1,7.89,7.66,SPY230818P00389000,389.0,0,0.0,0.0,,0.0,normalDay
2023-05-08,11746.0,61.0,0.0,0,412.74,0.0,1,7.89,7.28,SPY230818P00389000,389.0,0,0.0,0.0,,0.0,normalDay
2023-05-09,11746.0,20.0,0.0,0,410.93,0.0,1,7.89,7.69,SPY230818P00389000,389.0,0,0.0,0.0,,0.0,normalDay
2023-05-10,11746.0,91.0,0.0,0,412.85,0.0,1,7.89,6.98,SPY230818P00389000,389.0,0,0.0,0.0,,0.0,normalDay
2023-05-11,11746.0,90.0,0.0,0,412.13,0.0,1,7.89,6.99,SPY230818P00389000,389.0,0,0.0,0.0,,0.0,normalDay
2023-05-12,11746.0,80.0,0.0,0,411.59,0.0,1,7.89,7.09,SPY230818P00389000,389.0,0,0.0,0.0,,0.0,normalDay
2023-05-15,11746.0,155.0,0.0,0,413.01,0.0,1,7.89,6.34,SPY230818P00389000,389.0,0,0.0,0.0,,0.0,normalDay
2023-05-16,11746.0,89.0,0.0,0,410.25,0.0,1,7.89,7.0,SPY230818P00389000,389.0,0,0.0,0.0,,0.0,normalDay
2023-05-17,11746.0,217.0,0.0,0,415.23,0.0,1,7.89,5.72,SPY230818P00389000,389.0,0,0.0,0.0,,0.0,normalDay
2023-05-18,11746.0,318.0,0.0,0,419.23,0.0,1,7.89,4.71,SPY230818P00389000,389.0,0,0.0,0.0,,0.0,normalDay
2023-05-19,11746.0,286.0,0.0,0,418.62,0.0,1,7.89,5.03,SPY230818P00389000,389.0,0,0.0,0.0,,0.0,normalDay
2023-05-22,11746.0,295.0,0.0,0,418.79,0.0,1,7.89,4.94,SPY230818P00389000,389.0,0,0.0,0.0,,0.0,normalDay
2023-05-23,11746.0,195.0,0.0,0,414.09,0.0,1,7.89,5.94,SPY230818P00389000,389.0,0,0.0,0.0,,0.0,normalDay
2023-05-24,11746.0,114.0,0.0,0,411.09,0.0,1,7.89,6.75,SPY230818P00389000,389.0,0,0.0,0.0,,0.0,normalDay
2023-05-25,11746.0,207.0,0.0,0,414.65,0.0,1,7.89,5.82,SPY230818P00389000,389.0,0,0.0,0.0,,0.0,normalDay
2023-05-26,11746.0,325.0,0.0,0,420.02,0.0,1,7.89,4.64,SPY230818P00389000,389.0,0,0.0,0.0,,0.0,normalDay
2023-05-30,11746.0,362.0,0.0,0,420.18,0.0,1,7.89,4.27,SPY230818P00389000,389.0,0,0.0,0.0,,0.0,normalDay
2023-05-31,11746.0,340.0,0.0,0,417.85,0.0,1,7.89,4.49,SPY230818P00389000,389.0,0,0.0,0.0,,0.0,normalDay
2023-06-01,11746.0,444.0,0.0,0,421.82,0.0,1,7.89,3.45,SPY230818P00389000,389.0,0,0.0,0.0,,0.0,normalDay
2023-06-02,11746.0,527.0,0.0,0,427.92,0.0,1,7.89,2.62,SPY230818P00389000,389.0,0,0.0,0.0,,0.0,normalDay
2023-06-05,11746.0,536.0,0.0,0,427.1,0.0,1,7.89,2.53,SPY230818P00389000,389.0,0,0.0,0.0,,0.0,normalDay
2023-06-06,11746.0,572.0,0.0,0,428.03,0.0,1,7.89,2.17,SPY230818P00389000,389.0,0,0.0,0.0,,0.0,normalDay
2023-06-07,11746.0,566.0,0.0,0,426.55,0.0,1,7.89,2.23,SPY230818P00389000,389.0,0,0.0,0.0,,0.0,normalDay
2023-06-08,11746.0,595.0,0.0,0,429.13,0.0,1,7.89,1.94,SPY230818P00389000,389.0,0,0.0,0.0,,0.0,normalDay
2023-06-09,11746.0,596.0,0.0,0,429.9,0.0,1,7.89,1.93,SPY230818P00389000,389.0,0,0.0,0.0,,0.0,normalDay
2023-06-12,11746.0,614.0,0.0,0,433.8,0.0,1,7.89,1.75,SPY230818P00389000,389.0,0,0.0,0.0,,0.0,normalDay
2023-06-13,11746.0,634.0,0.0,0,436.66,0.0,1,7.89,1.55,SPY230818P00389000,389.0,0,0.0,0.0,,0.0,normalDay
2023-06-14,11746.0,654.0,0.0,0,437.18,0.0,1,7.89,1.35,SPY230818P00389000,389.0,0,0.0,0.0,,0.0,normalDay
2023-06-15,11746.0,662.0,0.0,0,442.6,0.0,1,7.89,1.27,SPY230818P00389000,389.0,0,0.0,0.0,,0.0,normalDay
2023-06-16,11746.0,675.0,0.0,0,439.46,0.0,1,7.89,1.14,SPY230818P00389000,389.0,0,0.0,0.0,,0.0,normalDay
2023-06-20,11746.0,666.0,0.0,0,437.18,0.0,1,7.89,1.23,SPY230818P00389000,389.0,0,0.0,0.0,,0.0,normalDay
2023-06-21,11746.0,672.0,0.0,0,434.94,0.0,1,7.89,1.17,SPY230818P00389000,389.0,0,0.0,0.0,,0.0,normalDay
2023-06-22,11746.0,688.0,0.0,0,436.51,0.0,1,7.89,1.01,SPY230818P00389000,389.0,0,0.0,0.0,,0.0,normalDay
2023-06-23,11746.0,671.0,0.0,0,433.21,0.0,1,7.89,1.18,SPY230818P00389000,389.0,0,0.0,0.0,,0.0,normalDay
2023-06-26,11746.0,667.0,0.0,0,431.44,0.0,1,7.89,1.22,SPY230818P00389000,389.0,0,0.0,0.0,,0.0,normalDay
2023-06-27,11746.0,697.0,0.0,0,436.17,0.0,1,7.89,0.92,SPY230818P00389000,389.0,0,0.0,0.0,,0.0,normalDay
2023-06-28,11746.0,711.0,0.0,0,436.39,0.0,1,7.89,0.78,SPY230818P00389000,389.0,0,0.0,0.0,,0.0,normalDay
2023-06-29,11746.0,713.0,0.0,0,438.11,0.0,1,7.89,0.76,SPY230818P00389000,389.0,0,0.0,0.0,,0.0,normalDay
2023-06-30,11746.0,727.0,0.0,0,443.28,0.0,1,7.89,0.62,SPY230818P00389000,389.0,0,0.0,0.0,,0.0,normalDay
2023-07-03,11746.0,732.0,0.0,0,443.79,0.0,1,7.89,0.57,SPY230818P00389000,389.0,0,0.0,0.0,,0.0,normalDay
2023-07-05,11746.0,730.0,0.0,0,443.13,0.0,1,7.89,0.59,SPY230818P00389000,389.0,0,0.0,0.0,,0.0,normalDay
2023-07-06,11746.0,713.0,0.0,0,439.66,0.0,1,7.89,0.76,SPY230818P00389000,389.0,0,0.0,0.0,,0.0,normalDay
2023-07-07,11746.0,719.0,0.0,0,438.55,0.0,1,7.89,0.7,SPY230818P00389000,389.0,0,0.0,0.0,,0.0,normalDay
2023-07-10,11746.0,727.0,0.0,0,439.66,0.0,1,7.89,0.62,SPY230818P00389000,389.0,0,0.0,0.0,,0.0,normalDay
2023-07-11,11746.0,735.0,0.0,0,442.46,0.0,1,7.89,0.54,SPY230818P00389000,389.0,0,0.0,0.0,,0.0,normalDay
2023-07-12,11746.0,752.0,0.0,0,446.02,0.0,1,7.89,0.37,SPY230818P00389000,389.0,0,0.0,0.0,,0.0,normalDay
2023-07-13,11746.0,754.0,0.0,0,449.56,0.0,1,7.89,0.35,SPY230818P00389000,389.0,0,0.0,0.0,,0.0,normalDay
2023-07-14,11746.0,757.0,0.0,0,449.28,0.0,1,7.89,0.32,SPY230818P00389000,389.0,0,0.0,0.0,,0.0,normalDay
2023-07-17,11746.0,762.0,0.0,0,450.84,0.0,1,7.89,0.27,SPY230818P00389000,389.0,0,0.0,0.0,,0.0,normalDay
2023-07-18,11746.0,766.0,0.0,0,454.19,0.0,1,7.89,0.23,SPY230818P00389000,389.0,0,0.0,0.0,,0.0,normalDay
2023-07-19,11746.0,764.0,0.0,0,455.2,0.0,1,7.89,0.25,SPY230818P00389000,389.0,0,0.0,0.0,,0.0,normalDay
2023-07-20,11746.0,762.0,0.0,0,452.18,0.0,1,7.89,0.27,SPY230818P00389000,389.0,0,0.0,0.0,,0.0,normalDay
2023-07-21,11746.0,765.0,0.0,0,452.18,0.0,1,7.89,0.24,SPY230818P00389000,389.0,0,0.0,0.0,,0.0,normalDay
2023-07-24,11746.0,769.0,0.0,0,454.2,0.0,1,7.89,0.2,SPY230818P00389000,389.0,0,0.0,0.0,,0.0,normalDay
2023-07-25,11746.0,772.0,0.0,0,455.44,0.0,1,7.89,0.17,SPY230818P00389000,389.0,0,0.0,0.0,,0.0,normalDay
2023-07-26,11746.0,775.0,0.0,0,455.51,0.0,1,7.89,0.14,SPY230818P00389000,389.0,0,0.0,0.0,,0.0,normalDay
2023-07-27,11746.0,768.0,0.0,0,452.49,0.0,1,7.89,0.21,SPY230818P00389000,389.0,0,0.0,0.0,,0.0,normalDay
2023-07-28,11746.0,777.0,0.0,0,456.92,0.0,1,7.89,0.12,SPY230818P00389000,389.0,0,0.0,0.0,,0.0,normalDay
2023-07-31,11746.0,779.0,0.0,0,457.79,0.0,1,7.89,0.1,SPY230818P00389000,389.0,0,0.0,0.0,,0.0,normalDay
2023-08-01,11746.0,779.0,0.0,0,456.48,0.0,1,7.89,0.1,SPY230818P00389000,389.0,0,0.0,0.0,,0.0,normalDay
2023-08-02,11746.0,771.0,0.0,0,450.13,0.0,1,7.89,0.18,SPY230818P00389000,389.0,0,0.0,0.0,,0.0,normalDay
2023-08-03,11746.0,772.0,0.0,0,448.84,0.0,1,7.89,0.17,SPY230818P00389000,389.0,0,0.0,0.0,,0.0,normalDay
2023-08-04,11746.0,767.0,0.0,0,446.81,0.0,1,7.89,0.22,SPY230818P00389000,389.0,0,0.0,0.0,,0.0,normalDay
2023-08-07,11746.0,777.0,0.0,0,450.71,0.0,1,7.89,0.12,SPY230818P00389000,389.0,0,0.0,0.0,,0.0,normalDay
2023-08-08,11746.0,780.0,0.0,0,448.75,0.0,1,7.89,0.09,SPY230818P00389000,389.0,0,0.0,0.0,,0.0,normalDay
2023-08-09,11746.0,781.0,0.0,0,445.75,0.0,1,7.89,0.08,SPY230818P00389000,389.0,0,0.0,0.0,,0.0,normalDay
2023-08-10,11746.0,781.0,0.0,0,445.91,0.0,1,7.89,0.08,SPY230818P00389000,389.0,0,0.0,0.0,,0.0,normalDay
2023-08-11,11746.0,785.0,0.0,0,445.65,0.0,1,7.89,0.04,SPY230818P00389000,389.0,0,0.0,0.0,,0.0,normalDay
2023-08-14,11746.0,786.0,0.0,0,448.11,0.0,1,7.89,0.03,SPY230818P00389000,389.0,0,0.0,0.0,,0.0,normalDay
2023-08-15,11746.0,786.0,0.0,0,442.89,0.0,1,7.89,0.03,SPY230818P00389000,389.0,0,0.0,0.0,,0.0,normalDay
2023-08-16,11746.0,787.0,0.0,0,439.64,0.0,1,7.89,0.02,SPY230818P00389000,389.0,0,0.0,0.0,,0.0,normalDay
2023-08-17,11746.0,787.0,0.0,0,436.29,0.0,1,7.89,0.02,SPY230818P00389000,389.0,0,0.0,0.0,,0.0,normalDay
2023-08-18,12535.0,0.0,789.0,0,436.5,0.0,1,7.89,0.0,SPY230818P00389000,389.0,0,0.0,0.0,,0.0,expirationDay
2023-08-21,12535.0,-6.0,0.0,0,439.34,0.0,1,10.05,10.11,SPY231229P00425000,425.0,0,0.0,0.0,,0.0,normalDay
2023-08-22,12535.0,-15.0,0.0,0,438.15,0.0,1,10.05,10.2,SPY231229P00425000,425.0,0,0.0,0.0,,0.0,normalDay
2023-08-23,12535.0,136.0,0.0,0,443.03,0.0,1,10.05,8.69,SPY231229P00425000,425.0,0,0.0,0.0,,0.0,normalDay
2023-08-24,12535.0,-49.0,0.0,0,436.89,0.0,1,10.05,10.54,SPY231229P00425000,425.0,0,0.0,0.0,,0.0,normalDay
2023-08-25,12535.0,91.0,0.0,0,439.97,0.0,1,10.05,9.14,SPY231229P00425000,425.0,0,0.0,0.0,,0.0,normalDay
2023-08-28,12535.0,199.0,0.0,0,442.76,0.0,1,10.05,8.06,SPY231229P00425000,425.0,0,0.0,0.0,,0.0,normalDay
2023-08-29,12535.0,355.0,0.0,0,449.16,0.0,1,10.05,6.5,SPY231229P00425000,425.0,0,0.0,0.0,,0.0,normalDay
2023-08-30,12535.0,414.0,0.0,0,451.01,0.0,1,10.05,5.91,SPY231229P00425000,425.0,0,0.0,0.0,,0.0,normalDay
2023-08-31,12535.0,430.0,0.0,0,450.35,0.0,1,10.05,5.75,SPY231229P00425000,425.0,0,0.0,0.0,,0.0,normalDay
2023-09-01,12535.0,446.0,0.0,0,451.19,0.0,1,10.05,5.59,SPY231229P00425000,425.0,0,0.0,0.0,,0.0,normalDay
2023-09-05,12535.0,416.0,0.0,0,449.24,0.0,1,10.05,5.89,SPY231229P00425000,425.0,0,0.0,0.0,,0.0,normalDay
2023-09-06,12535.0,341.0,0.0,0,446.22,0.0,1,10.05,6.64,SPY231229P00425000,425.0,0,0.0,0.0,,0.0,normalDay
2023-09-07,12535.0,324.0,0.0,0,444.85,0.0,1,10.05,6.81,SPY231229P00425000,425.0,0,0.0,0.0,,0.0,normalDay
2023-09-08,12535.0,378.0,0.0,0,445.52,0.0,1,10.05,6.27,SPY231229P00425000,425.0,0,0.0,0.0,,0.0,normalDay
2023-09-11,12535.0,453.0,0.0,0,448.45,0.0,1,10.05,5.52,SPY231229P00425000,425.0,0,0.0,0.0,,0.0,normalDay
2023-09-12,12535.0,408.0,0.0,0,445.99,0.0,1,10.05,5.97,SPY231229P00425000,425.0,0,0.0,0.0,,0.0,normalDay
2023-09-13,12535.0,442.0,0.0,0,446.51,0.0,1,10.05,5.63,SPY231229P00425000,425.0,0,0.0,0.0,,0.0,normalDay
2023-09-14,12535.0,537.0,0.0,0,450.36,0.0,1,10.05,4.68,SPY231229P00425000,425.0,0,0.0,0.0,,0.0,normalDay
2023-09-15,12535.0,413.0,0.0,0,443.37,0.0,1,10.05,5.92,SPY231229P00425000,425.0,0,0.0,0.0,,0.0,normalDay
2023-09-18,12535.0,429.0,0.0,0,443.63,0.0,1,10.05,5.76,SPY231229P00425000,425.0,0,0.0,0.0,,0.0,normalDay
2023-09-19,12535.0,422.0,0.0,0,442.71,0.0,1,10.05,5.83,SPY231229P00425000,425.0,0,0.0,0.0,,0.0,normalDay
2023-09-20,12535.0,298.0,0.0,0,438.64,0.0,1,10.05,7.07,SPY231229P00425000,425.0,0,0.0,0.0,,0.0,normalDay
2023-09-21,12535.0,41.0,0.0,0,431.39,0.0,1,10.05,9.64,SPY231229P00425000,425.0,0,0.0,0.0,,0.0,normalDay
2023-09-22,12535.0,15.0,0.0,0,430.42,0.0,1,10.05,9.9,SPY231229P00425000,425.0,0,0.0,0.0,,0.0,normalDay
2023-09-25,12535.0,82.0,0.0,0,432.23,0.0,1,10.05,9.23,SPY231229P00425000,425.0,0,0.0,0.0,,0.0,normalDay
2023-09-26,12535.0,-202.0,0.0,0,425.88,0.0,1,10.05,12.07,SPY231229P00425000,425.0,0,0.0,0.0,,0.0,normalDay
2023-09-27,12535.0,-154.0,0.0,0,426.05,0.0,1,10.05,11.59,SPY231229P00425000,425.0,0,0.0,0.0,,0.0,normalDay
2023-09-28,12535.0,-44.0,0.0,0,428.52,0.0,1,10.05,10.49,SPY231229P00425000,425.0,0,0.0,0.0,,0.0,normalDay
2023-09-29,12535.0,-68.0,0.0,0,427.48,0.0,1,10.05,10.73,SPY231229P00425000,425.0,0,0.0,0.0,,0.0,normalDay
2023-10-02,12535.0,-60.0,0.0,0,427.31,0.0,1,10.05,10.65,SPY231229P00425000,425.0,0,0.0,0.0,,0.0,normalDay
2023-10-03,12535.0,-366.0,0.0,0,421.59,0.0,1,10.05,13.71,SPY231229P00425000,425.0,0,0.0,0.0,,0.0,normalDay
2023-10-04,12535.0,-215.0,0.0,0,424.66,0.0,1,10.05,12.2,SPY231229P00425000,425.0,0,0.0,0.0,,0.0,normalDay
2023-10-05,12535.0,-222.0,0.0,0,424.5,0.0,1,10.05,12.27,SPY231229P00425000,425.0,0,0.0,0.0,,0.0,normalDay
2023-10-06,12535.0,30.0,0.0,0,429.54,0.0,1,10.05,9.75,SPY231229P00425000,425.0,0,0.0,0.0,,0.0,normalDay
2023-10-09,12535.0,124.0,0.0,0,432.29,0.0,1,10.05,8.81,SPY231229P00425000,425.0,0,0.0,0.0,,0.0,normalDay
2023-10-10,12535.0,219.0,0.0,0,434.54,0.0,1,10.05,7.86,SPY231229P00425000,425.0,0,0.0,0.0,,0.0,normalDay
2023-10-11,12535.0,316.0,0.0,0,436.32,0.0,1,10.05,6.89,SPY231229P00425000,425.0,0,0.0,0.0,,0.0,normalDay
2023-10-12,12535.0,226.0,0.0,0,433.66,0.0,1,10.05,7.79,SPY231229P00425000,425.0,0,0.0,0.0,,0.0,normalDay
2023-10-13,12535.0,39.0,0.0,0,431.5,0.0,1,10.05,9.66,SPY231229P00425000,425.0,0,0.0,0.0,,0.0,normalDay
2023-10-16,12535.0,283.0,0.0,0,436.04,0.0,1,10.05,7.22,SPY231229P00425000,425.0,0,0.0,0.0,,0.0,normalDay
2023-10-17,12535.0,256.0,0.0,0,436.02,0.0,1,10.05,7.49,SPY231229P00425000,425.0,0,0.0,0.0,,0.0,normalDay
2023-10-18,12535.0,52.0,0.0,0,430.21,0.0,1,10.05,9.53,SPY231229P00425000,425.0,0,0.0,0.0,,0.0,normalDay
2023-10-19,12535.0,-200.0,0.0,0,426.43,0.0,1,10.05,12.05,SPY231229P00425000,425.0,0,0.0,0.0,,0.0,normalDay
2023-10-20,12535.0,-372.0,0.0,0,421.19,0.0,1,10.05,13.77,SPY231229P00425000,425.0,0,0.0,0.0,,0.0,normalDay
2023-10-23,12535.0,-309.0,0.0,0,420.46,0.0,1,10.05,13.14,SPY231229P00425000,425.0,0,0.0,0.0,,0.0,normalDay
2023-10-24,12535.0,-134.0,0.0,0,423.63,0.0,1,10.05,11.39,SPY231229P00425000,425.0,0,0.0,0.0,,0.0,normalDay
2023-10-25,12535.0,-469.0,0.0,0,417.55,0.0,1,10.05,14.74,SPY231229P00425000,425.0,0,0.0,0.0,,0.0,normalDay
2023-10-26,12535.0,-748.0,0.0,0,412.55,0.0,1,10.05,17.53,SPY231229P00425000,425.0,0,0.0,0.0,,0.0,normalDay
2023-10-27,12535.0,-933.0,0.0,0,410.68,0.0,1,10.05,19.38,SPY231229P00425000,425.0,0,0.0,0.0,,0.0,normalDay
2023-10-30,12535.0,-546.0,0.0,0,415.59,0.0,1,10.05,15.51,SPY231229P00425000,425.0,0,0.0,0.0,,0.0,normalDay
2023-10-31,12535.0,-359.0,0.0,0,418.2,0.0,1,10.05,13.64,SPY231229P00425000,425.0,0,0.0,0.0,,0.0,normalDay
2023-11-01,12535.0,-46.0,0.0,0,422.66,0.0,1,10.05,10.51,SPY231229P00425000,425.0,0,0.0,0.0,,0.0,normalDay
2023-11-02,12535.0,303.0,0.0,0,430.76,0.0,1,10.05,7.02,SPY231229P00425000,425.0,0,0.0,0.0,,0.0,normalDay
2023-11-03,12535.0,462.0,0.0,0,434.69,0.0,1,10.05,5.43,SPY231229P00425000,425.0,0,0.0,0.0,,0.0,normalDay
2023-11-06,12535.0,504.0,0.0,0,435.69,0.0,1,10.05,5.01,SPY231229P00425000,425.0,0,0.0,0.0,,0.0,normalDay
2023-11-07,12535.0,550.0,0.0,0,436.93,0.0,1,10.05,4.55,SPY231229P00425000,425.0,0,0.0,0.0,,0.0,normalDay
2023-11-08,12535.0,579.0,0.0,0,437.25,0.0,1,10.05,4.26,SPY231229P00425000,425.0,0,0.0,0.0,,0.0,normalDay
2023-11-09,12535.0,479.0,0.0,0,433.84,0.0,1,10.05,5.26,SPY231229P00425000,425.0,0,0.0,0.0,,0.0,normalDay
2023-11-10,12535.0,675.0,0.0,0,440.61,0.0,1,10.05,3.3,SPY231229P00425000,425.0,0,0.0,0.0,,0.0,normalDay
2023-11-13,12535.0,673.0,0.0,0,440.19,0.0,1,10.05,3.32,SPY231229P00425000,425.0,0,0.0,0.0,,0.0,normalDay
2023-11-14,12535.0,814.0,0.0,0,448.73,0.0,1,10.05,1.91,SPY231229P00425000,425.0,0,0.0,0.0,,0.0,normalDay
2023-11-15,12535.0,824.0,0.0,0,449.68,0.0,1,10.05,1.81,SPY231229P00425000,425.0,0,0.0,0.0,,0.0,normalDay
2023-11-16,12535.0,840.0,0.0,0,450.23,0.0,1,10.05,1.65,SPY231229P00425000,425.0,0,0.0,0.0,,0.0,normalDay
2023-11-17,12535.0,854.0,0.0,0,450.79,0.0,1,10.05,1.51,SPY231229P00425000,425.0,0,0.0,0.0,,0.0,normalDay
2023-11-20,12535.0,895.0,0.0,0,454.26,0.0,1,10.05,1.1,SPY231229P00425000,425.0,0,0.0,0.0,,0.0,normalDay
2023-11-21,12535.0,895.0,0.0,0,453.27,0.0,1,10.05,1.1,SPY231229P00425000,425.0,0,0.0,0.0,,0.0,normalDay
2023-11-22,12535.0,911.0,0.0,0,455.02,0.0,1,10.05,0.94,SPY231229P00425000,425.0,0,0.0,0.0,,0.0,normalDay
2023-11-24,12535.0,924.0,0.0,0,455.3,0.0,1,10.05,0.81,SPY231229P00425000,425.0,0,0.0,0.0,,0.0,normalDay
2023-11-27,12535.0,928.0,0.0,0,454.48,0.0,1,10.05,0.77,SPY231229P00425000,425.0,0,0.0,0.0,,0.0,normalDay
2023-11-28,12535.0,934.0,0.0,0,454.93,0.0,1,10.05,0.71,SPY231229P00425000,425.0,0,0.0,0.0,,0.0,normalDay
2023-11-29,12535.0,932.0,0.0,0,454.61,0.0,1,10.05,0.73,SPY231229P00425000,425.0,0,0.0,0.0,,0.0,normalDay
2023-11-30,12535.0,940.0,0.0,0,456.4,0.0,1,10.05,0.65,SPY231229P00425000,425.0,0,0.0,0.0,,0.0,normalDay
