date,totalCapital,unrializedPnL,rializedPnL,stocksOwned,stocksPriceToday,stocksPriceBoughtAt,putOwned,putOwnedSoldAt,putPriceToday,putOwnedContract,putOwnedStrike,callOwned,callOwnedSoldAt,callPriceToday,callOwnedContract,callOwnedStrike,trackType
2018-11-01,0.0,-5.0,0.0,0,273.51,0.0,1,5.18,5.23,SPY181221P00268000,268.0,0,0.0,0.0,,0.0,normalDay
2018-11-02,0.0,-52.0,0.0,0,271.89,0.0,1,5.18,5.7,SPY181221P00268000,268.0,0,0.0,0.0,,0.0,normalDay
2018-11-05,0.0,20.0,0.0,0,273.39,0.0,1,5.18,4.98,SPY181221P00268000,268.0,0,0.0,0.0,,0.0,normalDay
2018-11-06,0.0,84.0,0.0,0,275.12,0.0,1,5.18,4.34,SPY181221P00268000,268.0,0,0.0,0.0,,0.0,normalDay
2018-11-07,0.0,286.0,0.0,0,281.01,0.0,1,5.18,2.32,SPY181221P00268000,268.0,0,0.0,0.0,,0.0,normalDay
2018-11-08,0.0,280.0,0.0,0,280.5,0.0,1,5.18,2.38,SPY181221P00268000,268.0,0,0.0,0.0,,0.0,normalDay
2018-11-09,0.0,209.0,0.0,0,277.76,0.0,1,5.18,3.09,SPY181221P00268000,268.0,0,0.0,0.0,,0.0,normalDay
2018-11-12,0.0,37.0,0.0,0,272.57,0.0,1,5.18,4.81,SPY181221P00268000,268.0,0,0.0,0.0,,0.0,normalDay
2018-11-13,0.0,20.0,0.0,0,272.06,0.0,1,5.18,4.98,SPY181221P00268000,268.0,0,0.0,0.0,,0.0,normalDay
2018-11-14,0.0,-81.0,0.0,0,270.2,0.0,1,5.18,5.99,SPY181221P00268000,268.0,0,0.0,0.0,,0.0,normalDay
2018-11-15,0.0,68.0,0.0,0,273.02,0.0,1,5.18,4.5,SPY181221P00268000,268.0,0,0.0,0.0,,0.0,normalDay
2018-11-16,0.0,148.0,0.0,0,273.73,0.0,1,5.18,3.7,SPY181221P00268000,268.0,0,0.0,0.0,,0.0,normalDay
2018-11-19,0.0,-41.0,0.0,0,269.1,0.0,1,5.18,5.59,SPY181221P00268000,268.0,0,0.0,0.0,,0.0,normalDay
2018-11-20,0.0,-349.0,0.0,0,264.12,0.0,1,5.18,8.67,SPY181221P00268000,268.0,0,0.0,0.0,,0.0,normalDay
2018-11-21,0.0,-251.0,0.0,0,265.02,0.0,1,5.18,7.69,SPY181221P00268000,268.0,0,0.0,0.0,,0.0,normalDay
2018-11-23,0.0,-368.0,0.0,0,263.25,0.0,1,5.18,8.86,SPY181221P00268000,268.0,0,0.0,0.0,,0.0,normalDay
2018-11-26,0.0,-24.0,0.0,0,267.5,0.0,1,5.18,5.42,SPY181221P00268000,268.0,0,0.0,0.0,,0.0,normalDay
2018-11-27,0.0,-4.0,0.0,0,268.4,0.0,1,5.18,5.22,SPY181221P00268000,268.0,0,0.0,0.0,,0.0,normalDay
2018-11-28,0.0,225.0,0.0,0,274.58,0.0,1,5.18,2.93,SPY181221P00268000,268.0,0,0.0,0.0,,0.0,normalDay
2018-11-29,0.0,215.0,0.0,0,273.98,0.0,1,5.18,3.03,SPY181221P00268000,268.0,0,0.0,0.0,,0.0,normalDay
2018-11-30,0.0,276.0,0.0,0,275.65,0.0,1,5.18,2.42,SPY181221P00268000,268.0,0,0.0,0.0,,0.0,normalDay
2018-12-03,0.0,401.0,0.0,0,279.3,0.0,1,5.18,1.17,SPY181221P00268000,268.0,0,0.0,0.0,,0.0,normalDay
2018-12-04,0.0,89.0,0.0,0,270.25,0.0,1,5.18,4.29,SPY181221P00268000,268.0,0,0.0,0.0,,0.0,normalDay
2018-12-06,0.0,94.0,0.0,0,269.84,0.0,1,5.18,4.24,SPY181221P00268000,268.0,0,0.0,0.0,,0.0,normalDay
2018-12-07,0.0,-293.0,0.0,0,263.57,0.0,1,5.18,8.11,SPY181221P00268000,268.0,0,0.0,0.0,,0.0,normalDay
2018-12-10,0.0,-157.0,0.0,0,264.07,0.0,1,5.18,6.75,SPY181221P00268000,268.0,0,0.0,0.0,,0.0,normalDay
2018-12-11,0.0,-138.0,0.0,0,264.13,0.0,1,5.18,6.56,SPY181221P00268000,268.0,0,0.0,0.0,,0.0,normalDay
2018-12-12,0.0,-60.0,0.0,0,265.46,0.0,1,5.18,5.78,SPY181221P00268000,268.0,0,0.0,0.0,,0.0,normalDay
2018-12-13,0.0,-30.0,0.0,0,265.37,0.0,1,5.18,5.48,SPY181221P00268000,268.0,0,0.0,0.0,,0.0,normalDay
2018-12-14,0.0,-409.0,0.0,0,260.47,0.0,1,5.18,9.27,SPY181221P00268000,268.0,0,0.0,0.0,,0.0,normalDay
2018-12-17,0.0,-883.0,0.0,0,255.36,0.0,1,5.18,14.01,SPY181221P00268000,268.0,0,0.0,0.0,,0.0,normalDay
2018-12-18,0.0,-979.0,0.0,0,255.08,0.0,1,5.18,14.97,SPY181221P00268000,268.0,0,0.0,0.0,,0.0,normalDay
2018-12-19,0.0,-1298.0,0.0,0,251.26,0.0,1,5.18,18.16,SPY181221P00268000,268.0,0,0.0,0.0,,0.0,normalDay
2018-12-20,0.0,-1644.0,0.0,0,247.17,0.0,1,5.18,21.62,SPY181221P00268000,268.0,0,0.0,0.0,,0.0,normalDay
2018-12-21,518.0,-2730.0,518.0,100,240.7,268.0,1,5.18,0.0,SPY181221P00268000,268.0,0,0.0,0.0,,0.0,expirationDay
2018-12-24,518.0,-3366.0,0.0,100,234.34,268.0,0,0.0,0.0,,0.0,0,0.0,0.0,,0.0,bidTooLow
2018-12-26,518.0,-2182.0,0.0,100,246.18,268.0,0,0.0,0.0,,0.0,0,0.0,0.0,,0.0,bidTooLow
2018-12-27,518.0,-1993.0,0.0,100,248.07,268.0,0,0.0,0.0,,0.0,0,0.0,0.0,,0.0,bidTooLow
2018-12-28,518.0,-2025.0,0.0,100,247.75,268.0,0,0.0,0.0,,0.0,0,0.0,0.0,,0.0,bidTooLow
2018-12-31,518.0,-1808.0,0.0,100,249.92,268.0,0,0.0,0.0,,0.0,0,0.0,0.0,,0.0,bidTooLow
2019-01-02,518.0,-1782.0,0.0,100,250.18,268.0,0,0.0,0.0,,0.0,0,0.0,0.0,,0.0,bidTooLow
2019-01-03,518.0,-2379.0,0.0,100,244.21,268.0,0,0.0,0.0,,0.0,0,0.0,0.0,,0.0,bidTooLow
2019-01-04,518.0,-1561.0,0.0,100,252.39,268.0,0,0.0,0.0,,0.0,0,0.0,0.0,,0.0,bidTooLow
2019-01-07,518.0,-1362.0,0.0,100,254.38,268.0,0,0.0,0.0,,0.0,0,0.0,0.0,,0.0,bidTooLow
2019-01-08,518.0,-1123.0,0.0,100,256.77,268.0,0,0.0,0.0,,0.0,0,0.0,0.0,,0.0,bidTooLow
2019-01-09,518.0,-1003.0,0.0,100,257.97,268.0,0,0.0,0.0,,0.0,0,0.0,0.0,,0.0,bidTooLow
2019-01-10,518.0,-912.0,0.0,100,258.88,268.0,0,0.0,0.0,,0.0,0,0.0,0.0,,0.0,bidTooLow
2019-01-11,518.0,-902.0,0.0,100,258.98,268.0,0,0.0,0.0,,0.0,0,0.0,0.0,,0.0,bidTooLow
2019-01-14,518.0,-1060.0,0.0,100,257.4,268.0,0,0.0,0.0,,0.0,0,0.0,0.0,,0.0,bidTooLow
2019-01-15,518.0,-765.0,0.0,100,260.35,268.0,0,0.0,0.0,,0.0,0,0.0,0.0,,0.0,bidTooLow
2019-01-16,518.0,-702.0,0.0,100,260.98,268.0,0,0.0,0.0,,0.0,0,0.0,0.0,,0.0,bidTooLow
2019-01-17,518.0,-504.0,0.0,100,262.96,268.0,0,0.0,0.0,,0.0,0,0.0,0.0,,0.0,bidTooLow
2019-01-18,518.0,-154.0,0.0,100,266.46,268.0,0,0.0,0.0,,0.0,0,0.0,0.0,,0.0,bidTooLow
2019-01-22,518.0,-514.0,0.0,100,262.86,268.0,0,0.0,0.0,,0.0,0,0.0,0.0,,0.0,bidTooLow
2019-01-23,518.0,-459.0,0.0,100,263.41,268.0,0,0.0,0.0,,0.0,0,0.0,0.0,,0.0,bidTooLow
2019-01-24,518.0,-445.0,0.0,100,263.55,268.0,0,0.0,0.0,,0.0,0,0.0,0.0,,0.0,bidTooLow
2019-01-25,518.0,-222.0,0.0,100,265.78,268.0,0,0.0,0.0,,0.0,0,0.0,0.0,,0.0,bidTooLow
2019-01-28,518.0,-424.0,0.0,100,263.76,268.0,0,0.0,0.0,,0.0,0,0.0,0.0,,0.0,bidTooLow
2019-01-29,518.0,-459.0,0.0,100,263.41,268.0,0,0.0,0.0,,0.0,0,0.0,0.0,,0.0,bidTooLow
2019-01-30,518.0,-42.0,0.0,100,267.58,268.0,0,0.0,0.0,,0.0,0,0.0,0.0,,0.0,bidTooLow
2019-01-31,518.0,193.0,0.0,100,269.93,268.0,0,0.0,0.0,,0.0,0,0.0,0.0,,0.0,bidTooLow
2019-02-01,518.0,206.0,0.0,100,270.06,268.0,0,0.0,0.0,,0.0,0,0.0,0.0,,0.0,bidTooLow
2019-02-04,518.0,396.0,0.0,100,271.96,268.0,0,0.0,0.0,,0.0,0,0.0,0.0,,0.0,bidTooLow
2019-02-05,518.0,510.0,0.0,100,273.1,268.0,0,0.0,0.0,,0.0,0,0.0,0.0,,0.0,bidTooLow
2019-02-06,518.0,474.0,0.0,100,272.74,268.0,0,0.0,0.0,,0.0,0,0.0,0.0,,0.0,bidTooLow
2019-02-07,518.0,214.0,0.0,100,270.14,268.0,0,0.0,0.0,,0.0,0,0.0,0.0,,0.0,bidTooLow
2019-02-08,518.0,247.0,0.0,100,270.47,268.0,0,0.0,0.0,,0.0,0,0.0,0.0,,0.0,bidTooLow
2019-02-11,518.0,262.0,0.0,100,270.62,268.0,0,0.0,0.0,,0.0,0,0.0,0.0,,0.0,bidTooLow
2019-02-12,518.0,610.0,0.0,100,274.1,268.0,0,0.0,0.0,,0.0,0,0.0,0.0,,0.0,bidTooLow
2019-02-13,518.0,699.0,0.0,100,274.99,268.0,0,0.0,0.0,,0.0,0,0.0,0.0,,0.0,bidTooLow
2019-02-14,518.0,638.0,0.0,100,274.38,268.0,0,0.0,0.0,,0.0,0,0.0,0.0,,0.0,bidTooLow
2019-02-15,518.0,937.0,0.0,100,277.37,268.0,0,0.0,0.0,,0.0,0,0.0,0.0,,0.0,bidTooLow
2019-02-19,518.0,985.0,0.0,100,277.85,268.0,0,0.0,0.0,,0.0,0,0.0,0.0,,0.0,bidTooLow
2019-02-20,518.0,1041.0,0.0,100,278.41,268.0,0,0.0,0.0,,0.0,0,0.0,0.0,,0.0,bidTooLow
2019-02-21,518.0,942.0,0.0,100,277.42,268.0,0,0.0,0.0,,0.0,0,0.0,0.0,,0.0,bidTooLow
2019-02-22,518.0,1114.0,0.0,100,279.14,268.0,0,0.0,0.0,,0.0,0,0.0,0.0,,0.0,bidTooLow
2019-02-25,518.0,1152.0,0.0,100,279.52,268.0,0,0.0,0.0,,0.0,0,0.0,0.0,,0.0,bidTooLow
2019-02-26,518.0,1132.0,0.0,100,279.32,268.0,0,0.0,0.0,,0.0,0,0.0,0.0,,0.0,bidTooLow
2019-02-27,518.0,1120.0,0.0,100,279.2,268.0,0,0.0,0.0,,0.0,0,0.0,0.0,,0.0,bidTooLow
2019-02-28,518.0,1068.0,0.0,100,278.68,268.0,0,0.0,0.0,,0.0,0,0.0,0.0,,0.0,bidTooLow
2019-03-01,518.0,1242.0,0.0,100,280.42,268.0,0,0.0,0.0,,0.0,0,0.0,0.0,,0.0,bidTooLow
2019-03-04,518.0,1140.0,0.0,100,279.4,268.0,0,0.0,0.0,,0.0,0,0.0,0.0,,0.0,bidTooLow
2019-03-05,518.0,1102.0,0.0,100,279.02,268.0,0,0.0,0.0,,0.0,0,0.0,0.0,,0.0,bidTooLow
2019-03-06,518.0,933.0,0.0,100,277.33,268.0,0,0.0,0.0,,0.0,0,0.0,0.0,,0.0,bidTooLow
2019-03-07,518.0,701.0,0.0,100,275.01,268.0,0,0.0,0.0,,0.0,0,0.0,0.0,,0.0,bidTooLow
2019-03-08,518.0,646.0,0.0,100,274.46,268.0,0,0.0,0.0,,0.0,0,0.0,0.0,,0.0,bidTooLow
2019-03-11,518.0,1044.0,0.0,100,278.44,268.0,0,0.0,0.0,,0.0,0,0.0,0.0,,0.0,bidTooLow
2019-03-12,518.0,1149.0,0.0,100,279.49,268.0,0,0.0,0.0,,0.0,0,0.0,0.0,,0.0,bidTooLow
2019-03-13,518.0,1331.0,0.0,100,281.34,268.0,0,0.0,0.0,,0.0,1,0.01,0.04,SPY190315C00286000,286.0,normalDay
2019-03-14,518.0,1315.0,0.0,100,281.16,268.0,0,0.0,0.0,,0.0,1,0.01,0.02,SPY190315C00286000,286.0,normalDay
2019-03-15,519.0,1331.0,1.0,100,281.31,268.0,0,0.0,0.0,,0.0,1,0.01,0.0,SPY190315C00286000,286.0,expirationDay
2019-03-18,519.0,1433.0,0.0,100,282.33,268.0,0,0.0,0.0,,0.0,0,0.0,0.0,,0.0,bidTooLow
2019-03-19,519.0,1437.0,0.0,100,282.4,268.0,0,0.0,0.0,,0.0,1,0.03,0.06,SPY190322C00287500,287.5,normalDay
2019-03-20,519.0,1356.0,0.0,100,281.55,268.0,0,0.0,0.0,,0.0,1,0.03,0.02,SPY190322C00287500,287.5,normalDay
2019-03-21,519.0,1672.0,0.0,100,284.73,268.0,0,0.0,0.0,,0.0,1,0.03,0.04,SPY190322C00287500,287.5,normalDay
2019-03-22,522.0,1125.0,3.0,100,279.25,268.0,0,0.0,0.0,,0.0,1,0.03,0.0,SPY190322C00287500,287.5,expirationDay
2019-03-25,522.0,1104.0,0.0,100,279.04,268.0,0,0.0,0.0,,0.0,0,0.0,0.0,,0.0,bidTooLow
2019-03-26,522.0,1312.0,0.0,100,281.12,268.0,0,0.0,0.0,,0.0,0,0.0,0.0,,0.0,bidTooLow
2019-03-27,522.0,1165.0,0.0,100,279.65,268.0,0,0.0,0.0,,0.0,0,0.0,0.0,,0.0,bidTooLow
2019-03-28,522.0,1271.0,0.0,100,280.71,268.0,0,0.0,0.0,,0.0,0,0.0,0.0,,0.0,bidTooLow
2019-03-29,522.0,1448.0,0.0,100,282.48,268.0,0,0.0,0.0,,0.0,0,0.0,0.0,,0.0,bidTooLow
2019-04-01,522.0,1783.0,0.0,100,285.83,268.0,0,0.0,0.0,,0.0,0,0.0,0.0,,0.0,bidTooLow
2019-04-02,522.0,1797.0,0.0,100,285.97,268.0,0,0.0,0.0,,0.0,0,0.0,0.0,,0.0,bidTooLow
2019-04-03,522.0,1842.0,0.0,100,286.42,268.0,0,0.0,0.0,,0.0,0,0.0,0.0,,0.0,bidTooLow
2019-04-04,522.0,1918.0,0.0,100,287.18,268.0,0,0.0,0.0,,0.0,0,0.0,0.0,,0.0,bidTooLow
2019-04-05,522.0,2057.0,0.0,100,288.57,268.0,0,0.0,0.0,,0.0,0,0.0,0.0,,0.0,bidTooLow
2019-04-08,522.0,2079.0,0.0,100,288.79,268.0,0,0.0,0.0,,0.0,0,0.0,0.0,,0.0,bidTooLow
2019-04-09,522.0,1931.0,0.0,100,287.31,268.0,0,0.0,0.0,,0.0,0,0.0,0.0,,0.0,bidTooLow
2019-04-10,522.0,2029.0,0.0,100,288.29,268.0,0,0.0,0.0,,0.0,0,0.0,0.0,,0.0,bidTooLow
2019-04-11,522.0,2021.0,0.0,100,288.21,268.0,0,0.0,0.0,,0.0,0,0.0,0.0,,0.0,bidTooLow
2019-04-12,522.0,2216.0,0.0,100,290.16,268.0,0,0.0,0.0,,0.0,0,0.0,0.0,,0.0,bidTooLow
2019-04-15,522.0,2197.0,0.0,100,289.97,268.0,0,0.0,0.0,,0.0,0,0.0,0.0,,0.0,bidTooLow
2019-04-16,522.0,2216.0,0.0,100,290.16,268.0,0,0.0,0.0,,0.0,0,0.0,0.0,,0.0,bidTooLow
2019-04-17,522.0,2145.0,0.0,100,289.45,268.0,0,0.0,0.0,,0.0,0,0.0,0.0,,0.0,bidTooLow
2019-04-18,522.0,2202.0,0.0,100,290.02,268.0,0,0.0,0.0,,0.0,0,0.0,0.0,,0.0,bidTooLow
2019-04-22,522.0,2227.0,0.0,100,290.27,268.0,0,0.0,0.0,,0.0,0,0.0,0.0,,0.0,bidTooLow
2019-04-23,522.0,2488.0,0.0,100,292.88,268.0,0,0.0,0.0,,0.0,0,0.0,0.0,,0.0,bidTooLow
2019-04-24,522.0,2423.0,0.0,100,292.23,268.0,0,0.0,0.0,,0.0,0,0.0,0.0,,0.0,bidTooLow
2019-04-25,522.0,2405.0,0.0,100,292.05,268.0,0,0.0,0.0,,0.0,0,0.0,0.0,,0.0,bidTooLow
2019-04-26,522.0,2541.0,0.0,100,293.41,268.0,0,0.0,0.0,,0.0,0,0.0,0.0,,0.0,bidTooLow
2019-04-29,522.0,2587.0,0.0,100,293.87,268.0,0,0.0,0.0,,0.0,0,0.0,0.0,,0.0,bidTooLow
2019-04-30,522.0,2602.0,0.0,100,294.02,268.0,0,0.0,0.0,,0.0,0,0.0,0.0,,0.0,bidTooLow
2019-05-01,522.0,2381.0,0.0,100,291.81,268.0,0,0.0,0.0,,0.0,0,0.0,0.0,,0.0,bidTooLow
2019-05-02,522.0,2318.0,0.0,100,291.18,268.0,0,0.0,0.0,,0.0,0,0.0,0.0,,0.0,bidTooLow
2019-05-03,522.0,2603.0,0.0,100,294.03,268.0,0,0.0,0.0,,0.0,0,0.0,0.0,,0.0,bidTooLow
2019-05-06,522.0,2482.0,0.0,100,292.82,268.0,0,0.0,0.0,,0.0,0,0.0,0.0,,0.0,bidTooLow
2019-05-07,522.0,1993.0,0.0,100,287.93,268.0,0,0.0,0.0,,0.0,0,0.0,0.0,,0.0,bidTooLow
2019-05-08,522.0,1953.0,0.0,100,287.53,268.0,0,0.0,0.0,,0.0,0,0.0,0.0,,0.0,bidTooLow
2019-05-09,522.0,1866.0,0.0,100,286.66,268.0,0,0.0,0.0,,0.0,0,0.0,0.0,,0.0,bidTooLow
2019-05-10,522.0,2010.0,0.0,100,288.1,268.0,0,0.0,0.0,,0.0,0,0.0,0.0,,0.0,bidTooLow
2019-05-13,522.0,1286.0,0.0,100,280.86,268.0,0,0.0,0.0,,0.0,0,0.0,0.0,,0.0,bidTooLow
2019-05-14,522.0,1540.0,0.0,100,283.4,268.0,0,0.0,0.0,,0.0,0,0.0,0.0,,0.0,bidTooLow
2019-05-15,522.0,1706.0,0.0,100,285.06,268.0,0,0.0,0.0,,0.0,0,0.0,0.0,,0.0,bidTooLow
2019-05-16,522.0,1970.0,0.0,100,287.7,268.0,0,0.0,0.0,,0.0,0,0.0,0.0,,0.0,bidTooLow
2019-05-17,522.0,1784.0,0.0,100,285.84,268.0,0,0.0,0.0,,0.0,0,0.0,0.0,,0.0,bidTooLow
2019-05-20,522.0,1595.0,0.0,100,283.95,268.0,0,0.0,0.0,,0.0,0,0.0,0.0,,0.0,bidTooLow
2019-05-21,522.0,1851.0,0.0,100,286.51,268.0,0,0.0,0.0,,0.0,0,0.0,0.0,,0.0,bidTooLow
2019-05-22,522.0,1763.0,0.0,100,285.63,268.0,0,0.0,0.0,,0.0,0,0.0,0.0,,0.0,bidTooLow
2019-05-23,522.0,1414.0,0.0,100,282.14,268.0,0,0.0,0.0,,0.0,0,0.0,0.0,,0.0,bidTooLow
2019-05-24,522.0,1478.0,0.0,100,282.78,268.0,0,0.0,0.0,,0.0,0,0.0,0.0,,0.0,bidTooLow
2019-05-28,522.0,1215.0,0.0,100,280.15,268.0,0,0.0,0.0,,0.0,0,0.0,0.0,,0.0,bidTooLow
2019-05-29,522.0,1027.0,0.0,100,278.27,268.0,0,0.0,0.0,,0.0,0,0.0,0.0,,0.0,bidTooLow
2019-05-30,522.0,1103.0,0.0,100,279.03,268.0,0,0.0,0.0,,0.0,0,0.0,0.0,,0.0,bidTooLow
2019-05-31,522.0,727.0,0.0,100,275.27,268.0,0,0.0,0.0,,0.0,0,0.0,0.0,,0.0,bidTooLow
2019-06-03,522.0,657.0,0.0,100,274.57,268.0,0,0.0,0.0,,0.0,0,0.0,0.0,,0.0,bidTooLow
2019-06-04,522.0,1253.0,0.0,100,280.53,268.0,0,0.0,0.0,,0.0,0,0.0,0.0,,0.0,bidTooLow
2019-06-05,522.0,1496.0,0.0,100,282.96,268.0,0,0.0,0.0,,0.0,0,0.0,0.0,,0.0,bidTooLow
2019-06-06,522.0,1680.0,0.0,100,284.8,268.0,0,0.0,0.0,,0.0,0,0.0,0.0,,0.0,bidTooLow
2019-06-07,522.0,1965.0,0.0,100,287.65,268.0,0,0.0,0.0,,0.0,0,0.0,0.0,,0.0,bidTooLow
2019-06-10,522.0,2097.0,0.0,100,288.97,268.0,0,0.0,0.0,,0.0,0,0.0,0.0,,0.0,bidTooLow
2019-06-11,522.0,2090.0,0.0,100,288.9,268.0,0,0.0,0.0,,0.0,0,0.0,0.0,,0.0,bidTooLow
2019-06-12,522.0,2039.0,0.0,100,288.39,268.0,0,0.0,0.0,,0.0,0,0.0,0.0,,0.0,bidTooLow
2019-06-13,522.0,2158.0,0.0,100,289.58,268.0,0,0.0,0.0,,0.0,0,0.0,0.0,,0.0,bidTooLow
2019-06-14,522.0,2126.0,0.0,100,289.26,268.0,0,0.0,0.0,,0.0,0,0.0,0.0,,0.0,bidTooLow
2019-06-17,522.0,2137.0,0.0,100,289.37,268.0,0,0.0,0.0,,0.0,0,0.0,0.0,,0.0,bidTooLow
2019-06-18,522.0,2440.0,0.0,100,292.4,268.0,0,0.0,0.0,,0.0,0,0.0,0.0,,0.0,bidTooLow
2019-06-19,522.0,2506.0,0.0,100,293.06,268.0,0,0.0,0.0,,0.0,0,0.0,0.0,,0.0,bidTooLow
2019-06-20,522.0,2786.0,0.0,100,295.86,268.0,0,0.0,0.0,,0.0,0,0.0,0.0,,0.0,bidTooLow
2019-06-21,522.0,2600.0,0.0,100,294.0,268.0,0,0.0,0.0,,0.0,0,0.0,0.0,,0.0,bidTooLow
2019-06-24,522.0,2564.0,0.0,100,293.64,268.0,0,0.0,0.0,,0.0,0,0.0,0.0,,0.0,bidTooLow
2019-06-25,522.0,2276.0,0.0,100,290.76,268.0,0,0.0,0.0,,0.0,0,0.0,0.0,,0.0,bidTooLow
2019-06-26,522.0,2247.0,0.0,100,290.47,268.0,0,0.0,0.0,,0.0,0,0.0,0.0,,0.0,bidTooLow
2019-06-27,522.0,2350.0,0.0,100,291.5,268.0,0,0.0,0.0,,0.0,0,0.0,0.0,,0.0,bidTooLow
2019-06-28,522.0,2500.0,0.0,100,293.0,268.0,0,0.0,0.0,,0.0,0,0.0,0.0,,0.0,bidTooLow
2019-07-01,522.0,2766.0,0.0,100,295.66,268.0,0,0.0,0.0,,0.0,0,0.0,0.0,,0.0,bidTooLow
2019-07-02,522.0,2843.0,0.0,100,296.43,268.0,0,0.0,0.0,,0.0,0,0.0,0.0,,0.0,bidTooLow
2019-07-03,522.0,3080.0,0.0,100,298.8,268.0,0,0.0,0.0,,0.0,0,0.0,0.0,,0.0,bidTooLow
2019-07-05,522.0,3046.0,0.0,100,298.46,268.0,0,0.0,0.0,,0.0,0,0.0,0.0,,0.0,bidTooLow
2019-07-08,522.0,2882.0,0.0,100,296.82,268.0,0,0.0,0.0,,0.0,0,0.0,0.0,,0.0,bidTooLow
2019-07-09,522.0,2919.0,0.0,100,297.19,268.0,0,0.0,0.0,,0.0,0,0.0,0.0,,0.0,bidTooLow
2019-07-10,522.0,3061.0,0.0,100,298.61,268.0,0,0.0,0.0,,0.0,0,0.0,0.0,,0.0,bidTooLow
2019-07-11,522.0,3131.0,0.0,100,299.31,268.0,0,0.0,0.0,,0.0,0,0.0,0.0,,0.0,bidTooLow
2019-07-12,522.0,3265.0,0.0,100,300.65,268.0,0,0.0,0.0,,0.0,0,0.0,0.0,,0.0,bidTooLow
2019-07-15,522.0,3275.0,0.0,100,300.75,268.0,0,0.0,0.0,,0.0,0,0.0,0.0,,0.0,bidTooLow
2019-07-16,522.0,3178.0,0.0,100,299.78,268.0,0,0.0,0.0,,0.0,0,0.0,0.0,,0.0,bidTooLow
2019-07-17,522.0,2974.0,0.0,100,297.74,268.0,0,0.0,0.0,,0.0,0,0.0,0.0,,0.0,bidTooLow
2019-07-18,522.0,3083.0,0.0,100,298.83,268.0,0,0.0,0.0,,0.0,0,0.0,0.0,,0.0,bidTooLow
2019-07-19,522.0,2917.0,0.0,100,297.17,268.0,0,0.0,0.0,,0.0,0,0.0,0.0,,0.0,bidTooLow
2019-07-22,522.0,2990.0,0.0,100,297.9,268.0,0,0.0,0.0,,0.0,0,0.0,0.0,,0.0,bidTooLow
2019-07-23,522.0,3203.0,0.0,100,300.03,268.0,0,0.0,0.0,,0.0,0,0.0,0.0,,0.0,bidTooLow
2019-07-24,522.0,3344.0,0.0,100,301.44,268.0,0,0.0,0.0,,0.0,0,0.0,0.0,,0.0,bidTooLow
2019-07-25,522.0,3200.0,0.0,100,300.0,268.0,0,0.0,0.0,,0.0,0,0.0,0.0,,0.0,bidTooLow
2019-07-26,522.0,3401.0,0.0,100,302.01,268.0,0,0.0,0.0,,0.0,0,0.0,0.0,,0.0,bidTooLow
2019-07-29,522.0,3343.0,0.0,100,301.46,268.0,0,0.0,0.0,,0.0,1,0.02,0.05,SPY190731C00306000,306.0,normalDay
2019-07-30,522.0,3272.0,0.0,100,300.72,268.0,0,0.0,0.0,,0.0,1,0.02,0.02,SPY190731C00306000,306.0,normalDay
2019-07-31,524.0,2943.0,2.0,100,297.43,268.0,0,0.0,0.0,,0.0,1,0.02,0.0,SPY190731C00306000,306.0,expirationDay
2019-08-01,524.0,2684.0,0.0,100,294.84,268.0,0,0.0,0.0,,0.0,0,0.0,0.0,,0.0,bidTooLow
2019-08-02,524.0,2462.0,0.0,100,292.62,268.0,0,0.0,0.0,,0.0,0,0.0,0.0,,0.0,bidTooLow
2019-08-05,524.0,1582.0,0.0,100,283.82,268.0,0,0.0,0.0,,0.0,0,0.0,0.0,,0.0,bidTooLow
2019-08-06,524.0,1980.0,0.0,100,287.8,268.0,0,0.0,0.0,,0.0,0,0.0,0.0,,0.0,bidTooLow
2019-08-07,524.0,1997.0,0.0,100,287.97,268.0,0,0.0,0.0,,0.0,0,0.0,0.0,,0.0,bidTooLow
2019-08-08,524.0,2562.0,0.0,100,293.62,268.0,0,0.0,0.0,,0.0,0,0.0,0.0,,0.0,bidTooLow
2019-08-09,524.0,2362.0,0.0,100,291.62,268.0,0,0.0,0.0,,0.0,0,0.0,0.0,,0.0,bidTooLow
2019-08-12,524.0,2007.0,0.0,100,288.07,268.0,0,0.0,0.0,,0.0,0,0.0,0.0,,0.0,bidTooLow
2019-08-13,524.0,2455.0,0.0,100,292.55,268.0,0,0.0,0.0,,0.0,0,0.0,0.0,,0.0,bidTooLow
2019-08-14,524.0,1590.0,0.0,100,283.9,268.0,0,0.0,0.0,,0.0,0,0.0,0.0,,0.0,bidTooLow
2019-08-15,524.0,1665.0,0.0,100,284.65,268.0,0,0.0,0.0,,0.0,0,0.0,0.0,,0.0,bidTooLow
2019-08-16,524.0,2085.0,0.0,100,288.85,268.0,0,0.0,0.0,,0.0,0,0.0,0.0,,0.0,bidTooLow
2019-08-19,524.0,2433.0,0.0,100,292.33,268.0,0,0.0,0.0,,0.0,0,0.0,0.0,,0.0,bidTooLow
2019-08-20,524.0,2209.0,0.0,100,290.09,268.0,0,0.0,0.0,,0.0,0,0.0,0.0,,0.0,bidTooLow
2019-08-21,524.0,2445.0,0.0,100,292.45,268.0,0,0.0,0.0,,0.0,0,0.0,0.0,,0.0,bidTooLow
2019-08-22,524.0,2436.0,0.0,100,292.36,268.0,0,0.0,0.0,,0.0,0,0.0,0.0,,0.0,bidTooLow
2019-08-23,524.0,1685.0,0.0,100,284.85,268.0,0,0.0,0.0,,0.0,0,0.0,0.0,,0.0,bidTooLow
2019-08-26,524.0,2000.0,0.0,100,288.0,268.0,0,0.0,0.0,,0.0,0,0.0,0.0,,0.0,bidTooLow
2019-08-27,524.0,1887.0,0.0,100,286.87,268.0,0,0.0,0.0,,0.0,0,0.0,0.0,,0.0,bidTooLow
2019-08-28,524.0,2089.0,0.0,100,288.89,268.0,0,0.0,0.0,,0.0,0,0.0,0.0,,0.0,bidTooLow
2019-08-29,524.0,2458.0,0.0,100,292.58,268.0,0,0.0,0.0,,0.0,0,0.0,0.0,,0.0,bidTooLow
2019-08-30,524.0,2445.0,0.0,100,292.45,268.0,0,0.0,0.0,,0.0,0,0.0,0.0,,0.0,bidTooLow
2019-09-03,524.0,2274.0,0.0,100,290.74,268.0,0,0.0,0.0,,0.0,0,0.0,0.0,,0.0,bidTooLow
2019-09-04,524.0,2604.0,0.0,100,294.04,268.0,0,0.0,0.0,,0.0,0,0.0,0.0,,0.0,bidTooLow
2019-09-05,524.0,2982.0,0.0,100,297.82,268.0,0,0.0,0.0,,0.0,0,0.0,0.0,,0.0,bidTooLow
2019-09-06,524.0,3005.0,0.0,100,298.05,268.0,0,0.0,0.0,,0.0,0,0.0,0.0,,0.0,bidTooLow
2019-09-09,524.0,3020.0,0.0,100,298.2,268.0,0,0.0,0.0,,0.0,0,0.0,0.0,,0.0,bidTooLow
2019-09-10,524.0,3013.0,0.0,100,298.13,268.0,0,0.0,0.0,,0.0,0,0.0,0.0,,0.0,bidTooLow
2019-09-11,524.0,3225.0,0.0,100,300.25,268.0,0,0.0,0.0,,0.0,0,0.0,0.0,,0.0,bidTooLow
2019-09-12,524.0,3329.0,0.0,100,301.29,268.0,0,0.0,0.0,,0.0,0,0.0,0.0,,0.0,bidTooLow
2019-09-13,524.0,3309.0,0.0,100,301.09,268.0,0,0.0,0.0,,0.0,0,0.0,0.0,,0.0,bidTooLow
2019-09-16,524.0,3216.0,0.0,100,300.16,268.0,0,0.0,0.0,,0.0,0,0.0,0.0,,0.0,bidTooLow
2019-09-17,524.0,3292.0,0.0,100,300.92,268.0,0,0.0,0.0,,0.0,0,0.0,0.0,,0.0,bidTooLow
2019-09-18,524.0,3310.0,0.0,100,301.1,268.0,0,0.0,0.0,,0.0,0,0.0,0.0,,0.0,bidTooLow
2019-09-19,524.0,3308.0,0.0,100,301.08,268.0,0,0.0,0.0,,0.0,0,0.0,0.0,,0.0,bidTooLow
2019-09-20,524.0,3028.0,0.0,100,298.28,268.0,0,0.0,0.0,,0.0,0,0.0,0.0,,0.0,bidTooLow
2019-09-23,524.0,3021.0,0.0,100,298.21,268.0,0,0.0,0.0,,0.0,0,0.0,0.0,,0.0,bidTooLow
2019-09-24,524.0,2787.0,0.0,100,295.87,268.0,0,0.0,0.0,,0.0,0,0.0,0.0,,0.0,bidTooLow
2019-09-25,524.0,2962.0,0.0,100,297.62,268.0,0,0.0,0.0,,0.0,0,0.0,0.0,,0.0,bidTooLow
2019-09-26,524.0,2900.0,0.0,100,297.0,268.0,0,0.0,0.0,,0.0,0,0.0,0.0,,0.0,bidTooLow
2019-09-27,524.0,2740.0,0.0,100,295.4,268.0,0,0.0,0.0,,0.0,0,0.0,0.0,,0.0,bidTooLow
2019-09-30,524.0,2877.0,0.0,100,296.77,268.0,0,0.0,0.0,,0.0,0,0.0,0.0,,0.0,bidTooLow
2019-10-01,524.0,2524.0,0.0,100,293.24,268.0,0,0.0,0.0,,0.0,0,0.0,0.0,,0.0,bidTooLow
2019-10-02,524.0,2006.0,0.0,100,288.06,268.0,0,0.0,0.0,,0.0,0,0.0,0.0,,0.0,bidTooLow
2019-10-03,524.0,2242.0,0.0,100,290.42,268.0,0,0.0,0.0,,0.0,0,0.0,0.0,,0.0,bidTooLow
2019-10-04,524.0,2635.0,0.0,100,294.35,268.0,0,0.0,0.0,,0.0,0,0.0,0.0,,0.0,bidTooLow
2019-10-07,524.0,2508.0,0.0,100,293.08,268.0,0,0.0,0.0,,0.0,0,0.0,0.0,,0.0,bidTooLow
2019-10-08,524.0,2053.0,0.0,100,288.53,268.0,0,0.0,0.0,,0.0,0,0.0,0.0,,0.0,bidTooLow
2019-10-09,524.0,2327.0,0.0,100,291.27,268.0,0,0.0,0.0,,0.0,0,0.0,0.0,,0.0,bidTooLow
2019-10-10,524.0,2524.0,0.0,100,293.24,268.0,0,0.0,0.0,,0.0,0,0.0,0.0,,0.0,bidTooLow
2019-10-11,524.0,2828.0,0.0,100,296.28,268.0,0,0.0,0.0,,0.0,0,0.0,0.0,,0.0,bidTooLow
2019-10-14,524.0,2795.0,0.0,100,295.95,268.0,0,0.0,0.0,,0.0,0,0.0,0.0,,0.0,bidTooLow
2019-10-15,524.0,3088.0,0.0,100,298.88,268.0,0,0.0,0.0,,0.0,0,0.0,0.0,,0.0,bidTooLow
2019-10-16,524.0,3040.0,0.0,100,298.4,268.0,0,0.0,0.0,,0.0,0,0.0,0.0,,0.0,bidTooLow
2019-10-17,524.0,3128.0,0.0,100,299.28,268.0,0,0.0,0.0,,0.0,0,0.0,0.0,,0.0,bidTooLow
2019-10-18,524.0,2997.0,0.0,100,297.97,268.0,0,0.0,0.0,,0.0,0,0.0,0.0,,0.0,bidTooLow
2019-10-21,524.0,3199.0,0.0,100,299.99,268.0,0,0.0,0.0,,0.0,0,0.0,0.0,,0.0,bidTooLow
2019-10-22,524.0,3101.0,0.0,100,299.01,268.0,0,0.0,0.0,,0.0,0,0.0,0.0,,0.0,bidTooLow
2019-10-23,524.0,3188.0,0.0,100,299.88,268.0,0,0.0,0.0,,0.0,0,0.0,0.0,,0.0,bidTooLow
2019-10-24,524.0,3237.0,0.0,100,300.37,268.0,0,0.0,0.0,,0.0,0,0.0,0.0,,0.0,bidTooLow
2019-10-25,524.0,3360.0,0.0,100,301.6,268.0,0,0.0,0.0,,0.0,0,0.0,0.0,,0.0,bidTooLow
2019-10-28,524.0,3530.0,0.0,100,303.3,268.0,0,0.0,0.0,,0.0,0,0.0,0.0,,0.0,bidTooLow
2019-10-29,524.0,3521.0,0.0,100,303.21,268.0,0,0.0,0.0,,0.0,0,0.0,0.0,,0.0,bidTooLow
2019-10-30,524.0,3614.0,0.0,100,304.14,268.0,0,0.0,0.0,,0.0,0,0.0,0.0,,0.0,bidTooLow
2019-10-31,524.0,3533.0,0.0,100,303.33,268.0,0,0.0,0.0,,0.0,0,0.0,0.0,,0.0,bidTooLow
2019-11-01,524.0,3814.0,0.0,100,306.14,268.0,0,0.0,0.0,,0.0,0,0.0,0.0,,0.0,bidTooLow
2019-11-04,524.0,3937.0,0.0,100,307.37,268.0,0,0.0,0.0,,0.0,0,0.0,0.0,,0.0,bidTooLow
2019-11-05,524.0,3903.0,0.0,100,307.03,268.0,0,0.0,0.0,,0.0,0,0.0,0.0,,0.0,bidTooLow
2019-11-06,524.0,3910.0,0.0,100,307.1,268.0,0,0.0,0.0,,0.0,0,0.0,0.0,,0.0,bidTooLow
2019-11-07,524.0,4018.0,0.0,100,308.18,268.0,0,0.0,0.0,,0.0,0,0.0,0.0,,0.0,bidTooLow
2019-11-08,524.0,4094.0,0.0,100,308.94,268.0,0,0.0,0.0,,0.0,0,0.0,0.0,,0.0,bidTooLow
2019-11-11,524.0,4035.0,0.0,100,308.35,268.0,0,0.0,0.0,,0.0,0,0.0,0.0,,0.0,bidTooLow
2019-11-12,524.0,4100.0,0.0,100,309.0,268.0,0,0.0,0.0,,0.0,0,0.0,0.0,,0.0,bidTooLow
2019-11-13,524.0,4110.0,0.0,100,309.1,268.0,0,0.0,0.0,,0.0,0,0.0,0.0,,0.0,bidTooLow
2019-11-14,524.0,4155.0,0.0,100,309.55,268.0,0,0.0,0.0,,0.0,0,0.0,0.0,,0.0,bidTooLow
2019-11-15,524.0,4379.0,0.0,100,311.79,268.0,0,0.0,0.0,,0.0,0,0.0,0.0,,0.0,bidTooLow
2019-11-18,524.0,4402.0,0.0,100,312.02,268.0,0,0.0,0.0,,0.0,0,0.0,0.0,,0.0,bidTooLow
2019-11-19,524.0,4393.0,0.0,100,311.93,268.0,0,0.0,0.0,,0.0,0,0.0,0.0,,0.0,bidTooLow
2019-11-20,524.0,4277.0,0.0,100,310.77,268.0,0,0.0,0.0,,0.0,0,0.0,0.0,,0.0,bidTooLow
2019-11-21,524.0,4227.0,0.0,100,310.27,268.0,0,0.0,0.0,,0.0,0,0.0,0.0,,0.0,bidTooLow
2019-11-22,524.0,4296.0,0.0,100,310.96,268.0,0,0.0,0.0,,0.0,0,0.0,0.0,,0.0,bidTooLow
2019-11-25,524.0,4537.0,0.0,100,313.37,268.0,0,0.0,0.0,,0.0,0,0.0,0.0,,0.0,bidTooLow
2019-11-26,524.0,4608.0,0.0,100,314.08,268.0,0,0.0,0.0,,0.0,0,0.0,0.0,,0.0,bidTooLow
2019-11-27,524.0,4748.0,0.0,100,315.48,268.0,0,0.0,0.0,,0.0,0,0.0,0.0,,0.0,bidTooLow
2019-11-29,524.0,4631.0,0.0,100,314.31,268.0,0,0.0,0.0,,0.0,0,0.0,0.0,,0.0,bidTooLow
2019-12-02,524.0,4364.0,0.0,100,311.64,268.0,0,0.0,0.0,,0.0,0,0.0,0.0,,0.0,bidTooLow
2019-12-03,524.0,4155.0,0.0,100,309.55,268.0,0,0.0,0.0,,0.0,0,0.0,0.0,,0.0,bidTooLow
2019-12-04,524.0,4346.0,0.0,100,311.46,268.0,0,0.0,0.0,,0.0,0,0.0,0.0,,0.0,bidTooLow
2019-12-05,524.0,4402.0,0.0,100,312.02,268.0,0,0.0,0.0,,0.0,0,0.0,0.0,,0.0,bidTooLow
2019-12-06,524.0,4687.0,0.0,100,314.87,268.0,0,0.0,0.0,,0.0,0,0.0,0.0,,0.0,bidTooLow
2019-12-09,524.0,4588.0,0.0,100,313.88,268.0,0,0.0,0.0,,0.0,0,0.0,0.0,,0.0,bidTooLow
2019-12-10,524.0,4553.0,0.0,100,313.53,268.0,0,0.0,0.0,,0.0,0,0.0,0.0,,0.0,bidTooLow
2019-12-11,524.0,4642.0,0.0,100,314.42,268.0,0,0.0,0.0,,0.0,0,0.0,0.0,,0.0,bidTooLow
2019-12-12,524.0,4910.0,0.0,100,317.13,268.0,0,0.0,0.0,,0.0,1,0.03,0.06,SPY191213C00321000,321.0,normalDay
2019-12-13,527.0,4932.0,3.0,100,317.32,268.0,0,0.0,0.0,,0.0,1,0.03,0.0,SPY191213C00321000,321.0,expirationDay
2019-12-16,527.0,5147.0,0.0,100,319.5,268.0,0,0.0,0.0,,0.0,1,0.04,0.07,SPY191218C00324000,324.0,normalDay
2019-12-17,527.0,5159.0,0.0,100,319.57,268.0,0,0.0,0.0,,0.0,1,0.04,0.02,SPY191218C00324000,324.0,normalDay
2019-12-18,531.0,5159.0,4.0,100,319.59,268.0,0,0.0,0.0,,0.0,1,0.04,0.0,SPY191218C00324000,324.0,expirationDay
2019-12-19,531.0,5290.0,0.0,100,320.9,268.0,0,0.0,0.0,,0.0,0,0.0,0.0,,0.0,bidTooLow
2019-12-20,531.0,5273.0,0.0,100,320.73,268.0,0,0.0,0.0,,0.0,0,0.0,0.0,,0.0,bidTooLow
2019-12-23,531.0,5322.0,0.0,100,321.22,268.0,0,0.0,0.0,,0.0,0,0.0,0.0,,0.0,bidTooLow
2019-12-24,531.0,5323.0,0.0,100,321.23,268.0,0,0.0,0.0,,0.0,0,0.0,0.0,,0.0,bidTooLow
2019-12-26,531.0,5494.0,0.0,100,322.94,268.0,0,0.0,0.0,,0.0,0,0.0,0.0,,0.0,bidTooLow
2019-12-27,531.0,5486.0,0.0,100,322.86,268.0,0,0.0,0.0,,0.0,0,0.0,0.0,,0.0,bidTooLow
2019-12-30,531.0,5308.0,0.0,100,321.08,268.0,0,0.0,0.0,,0.0,0,0.0,0.0,,0.0,bidTooLow
2019-12-31,531.0,5386.0,0.0,100,321.86,268.0,0,0.0,0.0,,0.0,0,0.0,0.0,,0.0,bidTooLow
2020-01-02,531.0,5687.0,0.0,100,324.87,268.0,0,0.0,0.0,,0.0,0,0.0,0.0,,0.0,bidTooLow
2020-01-03,531.0,5441.0,0.0,100,322.41,268.0,0,0.0,0.0,,0.0,0,0.0,0.0,,0.0,bidTooLow
2020-01-06,531.0,5564.0,0.0,100,323.64,268.0,0,0.0,0.0,,0.0,0,0.0,0.0,,0.0,bidTooLow
2020-01-07,531.0,5473.0,0.0,100,322.73,268.0,0,0.0,0.0,,0.0,0,0.0,0.0,,0.0,bidTooLow
2020-01-08,531.0,5645.0,0.0,100,324.45,268.0,0,0.0,0.0,,0.0,0,0.0,0.0,,0.0,bidTooLow
2020-01-09,531.0,5865.0,0.0,100,326.65,268.0,0,0.0,0.0,,0.0,0,0.0,0.0,,0.0,bidTooLow
2020-01-10,531.0,5771.0,0.0,100,325.71,268.0,0,0.0,0.0,,0.0,0,0.0,0.0,,0.0,bidTooLow
2020-01-13,531.0,5995.0,0.0,100,327.95,268.0,0,0.0,0.0,,0.0,0,0.0,0.0,,0.0,bidTooLow
2020-01-14,531.0,5942.0,0.0,100,327.45,268.0,0,0.0,0.0,,0.0,1,0.01,0.04,SPY200117C00333000,333.0,normalDay
2020-01-15,531.0,6018.0,0.0,100,328.19,268.0,0,0.0,0.0,,0.0,1,0.01,0.02,SPY200117C00333000,333.0,normalDay
2020-01-16,531.0,6286.0,0.0,100,330.92,268.0,0,0.0,0.0,,0.0,1,0.01,0.07,SPY200117C00333000,333.0,normalDay
2020-01-17,532.0,6395.0,1.0,100,331.95,268.0,0,0.0,0.0,,0.0,1,0.01,0.0,SPY200117C00333000,333.0,expirationDay
2020-01-21,532.0,6330.0,0.0,100,331.3,268.0,0,0.0,0.0,,0.0,0,0.0,0.0,,0.0,bidTooLow
2020-01-22,532.0,6334.0,0.0,100,331.34,268.0,0,0.0,0.0,,0.0,0,0.0,0.0,,0.0,bidTooLow
2020-01-23,532.0,6372.0,0.0,100,331.72,268.0,0,0.0,0.0,,0.0,0,0.0,0.0,,0.0,bidTooLow
2020-01-24,532.0,6077.0,0.0,100,328.77,268.0,0,0.0,0.0,,0.0,0,0.0,0.0,,0.0,bidTooLow
2020-01-27,532.0,5550.0,0.0,100,323.5,268.0,0,0.0,0.0,,0.0,0,0.0,0.0,,0.0,bidTooLow
2020-01-28,532.0,5889.0,0.0,100,326.89,268.0,0,0.0,0.0,,0.0,0,0.0,0.0,,0.0,bidTooLow
2020-01-29,532.0,5862.0,0.0,100,326.62,268.0,0,0.0,0.0,,0.0,0,0.0,0.0,,0.0,bidTooLow
2020-01-30,532.0,5968.0,0.0,100,327.68,268.0,0,0.0,0.0,,0.0,0,0.0,0.0,,0.0,bidTooLow
2020-01-31,532.0,5373.0,0.0,100,321.73,268.0,0,0.0,0.0,,0.0,0,0.0,0.0,,0.0,bidTooLow
2020-02-03,532.0,5612.0,0.0,100,324.12,268.0,0,0.0,0.0,,0.0,0,0.0,0.0,,0.0,bidTooLow
2020-02-04,532.0,6106.0,0.0,100,329.06,268.0,0,0.0,0.0,,0.0,0,0.0,0.0,,0.0,bidTooLow
2020-02-05,532.0,6486.0,0.0,100,332.86,268.0,0,0.0,0.0,,0.0,0,0.0,0.0,,0.0,bidTooLow
2020-02-06,532.0,6598.0,0.0,100,333.98,268.0,0,0.0,0.0,,0.0,0,0.0,0.0,,0.0,bidTooLow
2020-02-07,532.0,6420.0,0.0,100,332.2,268.0,0,0.0,0.0,,0.0,0,0.0,0.0,,0.0,bidTooLow
2020-02-10,532.0,6668.0,0.0,100,334.68,268.0,0,0.0,0.0,,0.0,0,0.0,0.0,,0.0,bidTooLow
2020-02-11,532.0,6726.0,0.0,100,335.26,268.0,0,0.0,0.0,,0.0,0,0.0,0.0,,0.0,bidTooLow
2020-02-12,532.0,6942.0,0.0,100,337.42,268.0,0,0.0,0.0,,0.0,0,0.0,0.0,,0.0,bidTooLow
2020-02-13,532.0,6906.0,0.0,100,337.06,268.0,0,0.0,0.0,,0.0,0,0.0,0.0,,0.0,bidTooLow
2020-02-14,532.0,6960.0,0.0,100,337.6,268.0,0,0.0,0.0,,0.0,0,0.0,0.0,,0.0,bidTooLow
2020-02-18,532.0,6873.0,0.0,100,336.73,268.0,0,0.0,0.0,,0.0,0,0.0,0.0,,0.0,bidTooLow
2020-02-19,532.0,7034.0,0.0,100,338.34,268.0,0,0.0,0.0,,0.0,0,0.0,0.0,,0.0,bidTooLow
2020-02-20,532.0,6895.0,0.0,100,336.95,268.0,0,0.0,0.0,,0.0,0,0.0,0.0,,0.0,bidTooLow
2020-02-21,532.0,6548.0,0.0,100,333.48,268.0,0,0.0,0.0,,0.0,0,0.0,0.0,,0.0,bidTooLow
2020-02-24,532.0,5442.0,0.0,100,322.42,268.0,0,0.0,0.0,,0.0,0,0.0,0.0,,0.0,bidTooLow
2020-02-25,532.0,4465.0,0.0,100,312.65,268.0,0,0.0,0.0,,0.0,0,0.0,0.0,,0.0,bidTooLow
2020-02-26,532.0,4350.0,0.0,100,311.5,268.0,0,0.0,0.0,,0.0,0,0.0,0.0,,0.0,bidTooLow
2020-02-27,532.0,2951.0,0.0,100,297.51,268.0,0,0.0,0.0,,0.0,0,0.0,0.0,,0.0,bidTooLow
2020-02-28,532.0,2826.0,0.0,100,296.26,268.0,0,0.0,0.0,,0.0,0,0.0,0.0,,0.0,bidTooLow
2020-03-02,532.0,4109.0,0.0,100,309.09,268.0,0,0.0,0.0,,0.0,0,0.0,0.0,,0.0,bidTooLow
2020-03-03,532.0,3224.0,0.0,100,300.24,268.0,0,0.0,0.0,,0.0,0,0.0,0.0,,0.0,bidTooLow
2020-03-04,532.0,4486.0,0.0,100,312.86,268.0,0,0.0,0.0,,0.0,0,0.0,0.0,,0.0,bidTooLow
2020-03-05,532.0,3446.0,0.0,100,302.46,268.0,0,0.0,0.0,,0.0,0,0.0,0.0,,0.0,bidTooLow
2020-03-06,532.0,2946.0,0.0,100,297.46,268.0,0,0.0,0.0,,0.0,0,0.0,0.0,,0.0,bidTooLow
2020-03-09,532.0,623.0,0.0,100,274.23,268.0,0,0.0,0.0,,0.0,0,0.0,0.0,,0.0,bidTooLow
2020-03-10,532.0,2042.0,0.0,100,288.42,268.0,0,0.0,0.0,,0.0,0,0.0,0.0,,0.0,bidTooLow
2020-03-11,532.0,636.0,0.0,100,274.36,268.0,0,0.0,0.0,,0.0,0,0.0,0.0,,0.0,bidTooLow
2020-03-12,532.0,-1989.0,0.0,100,248.11,268.0,0,0.0,0.0,,0.0,0,0.0,0.0,,0.0,bidTooLow
2020-03-13,532.0,132.0,0.0,100,269.32,268.0,0,0.0,0.0,,0.0,0,0.0,0.0,,0.0,bidTooLow
2020-03-16,532.0,-2815.0,0.0,100,239.85,268.0,0,0.0,0.0,,0.0,0,0.0,0.0,,0.0,bidTooLow
2020-03-17,532.0,-1520.0,0.0,100,252.8,268.0,0,0.0,0.0,,0.0,0,0.0,0.0,,0.0,bidTooLow
2020-03-18,532.0,-2800.0,0.0,100,240.0,268.0,0,0.0,0.0,,0.0,0,0.0,0.0,,0.0,bidTooLow
2020-03-19,532.0,-2749.0,0.0,100,240.51,268.0,0,0.0,0.0,,0.0,0,0.0,0.0,,0.0,bidTooLow
2020-03-20,532.0,-3920.0,0.0,100,228.8,268.0,0,0.0,0.0,,0.0,0,0.0,0.0,,0.0,bidTooLow
2020-03-23,532.0,-4505.0,0.0,100,222.95,268.0,0,0.0,0.0,,0.0,0,0.0,0.0,,0.0,bidTooLow
2020-03-24,532.0,-2485.0,0.0,100,243.15,268.0,0,0.0,0.0,,0.0,0,0.0,0.0,,0.0,bidTooLow
2020-03-25,532.0,-2121.0,0.0,100,246.79,268.0,0,0.0,0.0,,0.0,0,0.0,0.0,,0.0,bidTooLow
2020-03-26,532.0,-680.0,0.0,100,261.2,268.0,0,0.0,0.0,,0.0,0,0.0,0.0,,0.0,bidTooLow
2020-03-27,532.0,-1458.0,0.0,100,253.42,268.0,0,0.0,0.0,,0.0,0,0.0,0.0,,0.0,bidTooLow
2020-03-30,532.0,-635.0,0.0,100,261.65,268.0,0,0.0,0.0,,0.0,0,0.0,0.0,,0.0,bidTooLow
2020-03-31,532.0,-1025.0,0.0,100,257.75,268.0,0,0.0,0.0,,0.0,0,0.0,0.0,,0.0,bidTooLow
2020-04-01,532.0,-2185.0,0.0,100,246.15,268.0,0,0.0,0.0,,0.0,0,0.0,0.0,,0.0,bidTooLow
2020-04-02,532.0,-1617.0,0.0,100,251.83,268.0,0,0.0,0.0,,0.0,0,0.0,0.0,,0.0,bidTooLow
2020-04-03,532.0,-1981.0,0.0,100,248.19,268.0,0,0.0,0.0,,0.0,0,0.0,0.0,,0.0,bidTooLow
2020-04-06,532.0,-314.0,0.0,100,264.86,268.0,0,0.0,0.0,,0.0,0,0.0,0.0,,0.0,bidTooLow
2020-04-07,532.0,-287.0,0.0,100,265.13,268.0,0,0.0,0.0,,0.0,0,0.0,0.0,,0.0,bidTooLow
2020-04-08,532.0,603.0,0.0,100,274.03,268.0,0,0.0,0.0,,0.0,0,0.0,0.0,,0.0,bidTooLow
2020-04-09,532.0,1020.0,0.0,100,278.2,268.0,0,0.0,0.0,,0.0,0,0.0,0.0,,0.0,bidTooLow
2020-04-13,532.0,766.0,0.0,100,275.66,268.0,0,0.0,0.0,,0.0,0,0.0,0.0,,0.0,bidTooLow
2020-04-14,532.0,1579.0,0.0,100,283.79,268.0,0,0.0,0.0,,0.0,0,0.0,0.0,,0.0,bidTooLow
2020-04-15,532.0,976.0,0.0,100,277.76,268.0,0,0.0,0.0,,0.0,0,0.0,0.0,,0.0,bidTooLow
2020-04-16,532.0,1110.0,0.0,100,279.1,268.0,0,0.0,0.0,,0.0,0,0.0,0.0,,0.0,bidTooLow
2020-04-17,532.0,1864.0,0.0,100,286.64,268.0,0,0.0,0.0,,0.0,0,0.0,0.0,,0.0,bidTooLow
2020-04-20,532.0,1359.0,0.0,100,281.59,268.0,0,0.0,0.0,,0.0,0,0.0,0.0,,0.0,bidTooLow
2020-04-21,532.0,504.0,0.0,100,273.04,268.0,0,0.0,0.0,,0.0,0,0.0,0.0,,0.0,bidTooLow
2020-04-22,532.0,1110.0,0.0,100,279.1,268.0,0,0.0,0.0,,0.0,0,0.0,0.0,,0.0,bidTooLow
2020-04-23,532.0,1108.0,0.0,100,279.08,268.0,0,0.0,0.0,,0.0,0,0.0,0.0,,0.0,bidTooLow
2020-04-24,532.0,1497.0,0.0,100,282.97,268.0,0,0.0,0.0,,0.0,0,0.0,0.0,,0.0,bidTooLow
2020-04-27,532.0,1905.0,0.0,100,287.05,268.0,0,0.0,0.0,,0.0,0,0.0,0.0,,0.0,bidTooLow
2020-04-28,532.0,1773.0,0.0,100,285.73,268.0,0,0.0,0.0,,0.0,0,0.0,0.0,,0.0,bidTooLow
2020-04-29,532.0,2521.0,0.0,100,293.21,268.0,0,0.0,0.0,,0.0,0,0.0,0.0,,0.0,bidTooLow
2020-04-30,532.0,2248.0,0.0,100,290.48,268.0,0,0.0,0.0,,0.0,0,0.0,0.0,,0.0,bidTooLow
2020-05-01,532.0,1479.0,0.0,100,282.79,268.0,0,0.0,0.0,,0.0,0,0.0,0.0,,0.0,bidTooLow
2020-05-04,532.0,1557.0,0.0,100,283.57,268.0,0,0.0,0.0,,0.0,0,0.0,0.0,,0.0,bidTooLow
2020-05-05,532.0,1819.0,0.0,100,286.19,268.0,0,0.0,0.0,,0.0,0,0.0,0.0,,0.0,bidTooLow
2020-05-06,532.0,1625.0,0.0,100,284.25,268.0,0,0.0,0.0,,0.0,0,0.0,0.0,,0.0,bidTooLow
2020-05-07,532.0,1968.0,0.0,100,287.68,268.0,0,0.0,0.0,,0.0,0,0.0,0.0,,0.0,bidTooLow
2020-05-08,532.0,2444.0,0.0,100,292.44,268.0,0,0.0,0.0,,0.0,0,0.0,0.0,,0.0,bidTooLow
2020-05-11,532.0,2450.0,0.0,100,292.5,268.0,0,0.0,0.0,,0.0,0,0.0,0.0,,0.0,bidTooLow
2020-05-12,532.0,1864.0,0.0,100,286.67,268.0,0,0.0,0.0,,0.0,1,0.01,0.04,SPY200515C00306000,306.0,normalDay
2020-05-13,532.0,1360.0,0.0,100,281.6,268.0,0,0.0,0.0,,0.0,1,0.01,0.01,SPY200515C00306000,306.0,normalDay
2020-05-14,532.0,1697.0,0.0,100,284.97,268.0,0,0.0,0.0,,0.0,1,0.01,0.01,SPY200515C00306000,306.0,normalDay
2020-05-15,533.0,1828.0,1.0,100,286.28,268.0,0,0.0,0.0,,0.0,1,0.01,0.0,SPY200515C00306000,306.0,expirationDay
2020-05-18,533.0,2697.0,0.0,100,295.0,268.0,0,0.0,0.0,,0.0,1,0.03,0.06,SPY200520C00307000,307.0,normalDay
2020-05-19,533.0,2398.0,0.0,100,291.97,268.0,0,0.0,0.0,,0.0,1,0.03,0.02,SPY200520C00307000,307.0,normalDay
2020-05-20,536.0,2893.0,3.0,100,296.93,268.0,0,0.0,0.0,,0.0,1,0.03,0.0,SPY200520C00307000,307.0,expirationDay
2020-05-21,536.0,2688.0,0.0,100,294.88,268.0,0,0.0,0.0,,0.0,0,0.0,0.0,,0.0,bidTooLow
2020-05-22,536.0,2744.0,0.0,100,295.44,268.0,0,0.0,0.0,,0.0,0,0.0,0.0,,0.0,bidTooLow
2020-05-26,536.0,3105.0,0.0,100,299.08,268.0,0,0.0,0.0,,0.0,1,0.06,0.09,SPY200529C00310000,310.0,normalDay
2020-05-27,536.0,3535.0,0.0,100,303.53,268.0,0,0.0,0.0,,0.0,1,0.06,0.24,SPY200529C00310000,310.0,normalDay
2020-05-28,536.0,3494.0,0.0,100,302.97,268.0,0,0.0,0.0,,0.0,1,0.06,0.09,SPY200529C00310000,310.0,normalDay
2020-05-29,542.0,3632.0,6.0,100,304.32,268.0,0,0.0,0.0,,0.0,1,0.06,0.0,SPY200529C00310000,310.0,expirationDay
2020-06-01,542.0,3755.0,0.0,100,305.55,268.0,0,0.0,0.0,,0.0,0,0.0,0.0,,0.0,bidTooLow
2020-06-02,542.0,4008.0,0.0,100,308.08,268.0,0,0.0,0.0,,0.0,0,0.0,0.0,,0.0,bidTooLow
2020-06-03,542.0,4418.0,0.0,100,312.18,268.0,0,0.0,0.0,,0.0,0,0.0,0.0,,0.0,bidTooLow
2020-06-04,542.0,4336.0,0.0,100,311.36,268.0,0,0.0,0.0,,0.0,0,0.0,0.0,,0.0,bidTooLow
2020-06-05,542.0,5134.0,0.0,100,319.34,268.0,0,0.0,0.0,,0.0,0,0.0,0.0,,0.0,bidTooLow
2020-06-08,542.0,5520.0,0.0,100,323.2,268.0,0,0.0,0.0,,0.0,0,0.0,0.0,,0.0,bidTooLow
2020-06-09,542.0,5279.0,0.0,100,320.79,268.0,0,0.0,0.0,,0.0,0,0.0,0.0,,0.0,bidTooLow
2020-06-10,542.0,5100.0,0.0,100,319.0,268.0,0,0.0,0.0,,0.0,0,0.0,0.0,,0.0,bidTooLow
2020-06-11,542.0,3261.0,0.0,100,300.61,268.0,0,0.0,0.0,,0.0,0,0.0,0.0,,0.0,bidTooLow
2020-06-12,542.0,3621.0,0.0,100,304.21,268.0,0,0.0,0.0,,0.0,0,0.0,0.0,,0.0,bidTooLow
2020-06-15,542.0,3905.0,0.0,100,307.05,268.0,0,0.0,0.0,,0.0,0,0.0,0.0,,0.0,bidTooLow
2020-06-16,542.0,4496.0,0.0,100,312.96,268.0,0,0.0,0.0,,0.0,0,0.0,0.0,,0.0,bidTooLow
2020-06-17,542.0,4366.0,0.0,100,311.66,268.0,0,0.0,0.0,,0.0,0,0.0,0.0,,0.0,bidTooLow
2020-06-18,542.0,4378.0,0.0,100,311.78,268.0,0,0.0,0.0,,0.0,0,0.0,0.0,,0.0,bidTooLow
2020-06-19,542.0,4064.0,0.0,100,308.64,268.0,0,0.0,0.0,,0.0,0,0.0,0.0,,0.0,bidTooLow
2020-06-22,542.0,4262.0,0.0,100,310.62,268.0,0,0.0,0.0,,0.0,0,0.0,0.0,,0.0,bidTooLow
2020-06-23,542.0,4405.0,0.0,100,312.05,268.0,0,0.0,0.0,,0.0,0,0.0,0.0,,0.0,bidTooLow
2020-06-24,542.0,3609.0,0.0,100,304.09,268.0,0,0.0,0.0,,0.0,0,0.0,0.0,,0.0,bidTooLow
2020-06-25,542.0,3935.0,0.0,100,307.35,268.0,0,0.0,0.0,,0.0,0,0.0,0.0,,0.0,bidTooLow
2020-06-26,542.0,3205.0,0.0,100,300.05,268.0,0,0.0,0.0,,0.0,0,0.0,0.0,,0.0,bidTooLow
2020-06-29,542.0,3646.0,0.0,100,304.46,268.0,0,0.0,0.0,,0.0,0,0.0,0.0,,0.0,bidTooLow
2020-06-30,542.0,4036.0,0.0,100,308.36,268.0,0,0.0,0.0,,0.0,0,0.0,0.0,,0.0,bidTooLow
2020-07-01,542.0,4252.0,0.0,100,310.52,268.0,0,0.0,0.0,,0.0,0,0.0,0.0,,0.0,bidTooLow
2020-07-02,542.0,4423.0,0.0,100,312.23,268.0,0,0.0,0.0,,0.0,0,0.0,0.0,,0.0,bidTooLow
2020-07-06,542.0,4905.0,0.0,100,317.05,268.0,0,0.0,0.0,,0.0,0,0.0,0.0,,0.0,bidTooLow
2020-07-07,542.0,4578.0,0.0,100,313.78,268.0,0,0.0,0.0,,0.0,0,0.0,0.0,,0.0,bidTooLow
2020-07-08,542.0,4818.0,0.0,100,316.18,268.0,0,0.0,0.0,,0.0,0,0.0,0.0,,0.0,bidTooLow
2020-07-09,542.0,4638.0,0.0,100,314.38,268.0,0,0.0,0.0,,0.0,0,0.0,0.0,,0.0,bidTooLow
2020-07-10,542.0,4959.0,0.0,100,317.59,268.0,0,0.0,0.0,,0.0,0,0.0,0.0,,0.0,bidTooLow
2020-07-13,542.0,4681.0,0.0,100,314.84,268.0,0,0.0,0.0,,0.0,1,0.02,0.05,SPY200715C00329000,329.0,normalDay
2020-07-14,542.0,5092.0,0.0,100,318.92,268.0,0,0.0,0.0,,0.0,1,0.02,0.02,SPY200715C00329000,329.0,normalDay
2020-07-15,544.0,5385.0,2.0,100,321.85,268.0,0,0.0,0.0,,0.0,1,0.02,0.0,SPY200715C00329000,329.0,expirationDay
2020-07-16,544.0,5279.0,0.0,100,320.79,268.0,0,0.0,0.0,,0.0,0,0.0,0.0,,0.0,bidTooLow
2020-07-17,544.0,5372.0,0.0,100,321.72,268.0,0,0.0,0.0,,0.0,0,0.0,0.0,,0.0,bidTooLow
2020-07-20,544.0,5632.0,0.0,100,324.32,268.0,0,0.0,0.0,,0.0,0,0.0,0.0,,0.0,bidTooLow
2020-07-21,544.0,5701.0,0.0,100,325.01,268.0,0,0.0,0.0,,0.0,0,0.0,0.0,,0.0,bidTooLow
2020-07-22,544.0,5886.0,0.0,100,326.86,268.0,0,0.0,0.0,,0.0,0,0.0,0.0,,0.0,bidTooLow
2020-07-23,544.0,5496.0,0.0,100,322.96,268.0,0,0.0,0.0,,0.0,0,0.0,0.0,,0.0,bidTooLow
2020-07-24,544.0,5288.0,0.0,100,320.88,268.0,0,0.0,0.0,,0.0,0,0.0,0.0,,0.0,bidTooLow
2020-07-27,544.0,5522.0,0.0,100,323.22,268.0,0,0.0,0.0,,0.0,0,0.0,0.0,,0.0,bidTooLow
2020-07-28,544.0,5317.0,0.0,100,321.17,268.0,0,0.0,0.0,,0.0,0,0.0,0.0,,0.0,bidTooLow
2020-07-29,544.0,5712.0,0.0,100,325.12,268.0,0,0.0,0.0,,0.0,0,0.0,0.0,,0.0,bidTooLow
2020-07-30,544.0,5596.0,0.0,100,323.96,268.0,0,0.0,0.0,,0.0,0,0.0,0.0,,0.0,bidTooLow
2020-07-31,544.0,5852.0,0.0,100,326.52,268.0,0,0.0,0.0,,0.0,0,0.0,0.0,,0.0,bidTooLow
2020-08-03,544.0,6079.0,0.0,100,328.79,268.0,0,0.0,0.0,,0.0,0,0.0,0.0,,0.0,bidTooLow
2020-08-04,544.0,6206.0,0.0,100,330.06,268.0,0,0.0,0.0,,0.0,0,0.0,0.0,,0.0,bidTooLow
2020-08-05,544.0,6411.0,0.0,100,332.11,268.0,0,0.0,0.0,,0.0,0,0.0,0.0,,0.0,bidTooLow
2020-08-06,544.0,6633.0,0.0,100,334.33,268.0,0,0.0,0.0,,0.0,0,0.0,0.0,,0.0,bidTooLow
2020-08-07,544.0,6657.0,0.0,100,334.57,268.0,0,0.0,0.0,,0.0,0,0.0,0.0,,0.0,bidTooLow
2020-08-10,544.0,6757.0,0.0,100,335.57,268.0,0,0.0,0.0,,0.0,0,0.0,0.0,,0.0,bidTooLow
2020-08-11,544.0,6480.0,0.0,100,332.8,268.0,0,0.0,0.0,,0.0,0,0.0,0.0,,0.0,bidTooLow
2020-08-12,544.0,6944.0,0.0,100,337.44,268.0,0,0.0,0.0,,0.0,0,0.0,0.0,,0.0,bidTooLow
2020-08-13,544.0,6883.0,0.0,100,336.83,268.0,0,0.0,0.0,,0.0,0,0.0,0.0,,0.0,bidTooLow
2020-08-14,544.0,6884.0,0.0,100,336.84,268.0,0,0.0,0.0,,0.0,0,0.0,0.0,,0.0,bidTooLow
2020-08-17,544.0,6991.0,0.0,100,337.91,268.0,0,0.0,0.0,,0.0,0,0.0,0.0,,0.0,bidTooLow
2020-08-18,544.0,7064.0,0.0,100,338.64,268.0,0,0.0,0.0,,0.0,0,0.0,0.0,,0.0,bidTooLow
2020-08-19,544.0,6923.0,0.0,100,337.23,268.0,0,0.0,0.0,,0.0,0,0.0,0.0,,0.0,bidTooLow
2020-08-20,544.0,7028.0,0.0,100,338.28,268.0,0,0.0,0.0,,0.0,0,0.0,0.0,,0.0,bidTooLow
2020-08-21,544.0,7148.0,0.0,100,339.48,268.0,0,0.0,0.0,,0.0,0,0.0,0.0,,0.0,bidTooLow
2020-08-24,544.0,7492.0,0.0,100,342.92,268.0,0,0.0,0.0,,0.0,0,0.0,0.0,,0.0,bidTooLow
2020-08-25,544.0,7612.0,0.0,100,344.12,268.0,0,0.0,0.0,,0.0,0,0.0,0.0,,0.0,bidTooLow
2020-08-26,544.0,7954.0,0.0,100,347.57,268.0,0,0.0,0.0,,0.0,1,0.02,0.05,SPY200828C00359000,359.0,normalDay
2020-08-27,544.0,8034.0,0.0,100,348.33,268.0,0,0.0,0.0,,0.0,1,0.02,0.01,SPY200828C00359000,359.0,normalDay
2020-08-28,546.0,8258.0,2.0,100,350.58,268.0,0,0.0,0.0,,0.0,1,0.02,0.0,SPY200828C00359000,359.0,expirationDay
2020-08-31,546.0,8131.0,0.0,100,349.31,268.0,0,0.0,0.0,,0.0,0,0.0,0.0,,0.0,bidTooLow
2020-09-01,546.0,8460.0,0.0,100,352.6,268.0,0,0.0,0.0,,0.0,0,0.0,0.0,,0.0,bidTooLow
2020-09-02,546.0,8967.0,0.0,100,357.7,268.0,0,0.0,0.0,,0.0,1,0.03,0.06,SPY200904C00370000,370.0,normalDay
2020-09-03,546.0,7741.0,0.0,100,345.39,268.0,0,0.0,0.0,,0.0,1,0.03,0.01,SPY200904C00370000,370.0,normalDay
2020-09-04,549.0,7457.0,3.0,100,342.57,268.0,0,0.0,0.0,,0.0,1,0.03,0.0,SPY200904C00370000,370.0,expirationDay
2020-09-08,549.0,6521.0,0.0,100,333.21,268.0,0,0.0,0.0,,0.0,0,0.0,0.0,,0.0,bidTooLow
2020-09-09,549.0,7179.0,0.0,100,339.79,268.0,0,0.0,0.0,,0.0,0,0.0,0.0,,0.0,bidTooLow
2020-09-10,549.0,6589.0,0.0,100,333.89,268.0,0,0.0,0.0,,0.0,0,0.0,0.0,,0.0,bidTooLow
2020-09-11,549.0,6606.0,0.0,100,334.06,268.0,0,0.0,0.0,,0.0,0,0.0,0.0,,0.0,bidTooLow
2020-09-14,549.0,7046.0,0.0,100,338.46,268.0,0,0.0,0.0,,0.0,0,0.0,0.0,,0.0,bidTooLow
2020-09-15,549.0,7217.0,0.0,100,340.17,268.0,0,0.0,0.0,,0.0,0,0.0,0.0,,0.0,bidTooLow
2020-09-16,549.0,7082.0,0.0,100,338.82,268.0,0,0.0,0.0,,0.0,0,0.0,0.0,,0.0,bidTooLow
2020-09-17,549.0,6784.0,0.0,100,335.84,268.0,0,0.0,0.0,,0.0,0,0.0,0.0,,0.0,bidTooLow
2020-09-18,549.0,6265.0,0.0,100,330.65,268.0,0,0.0,0.0,,0.0,0,0.0,0.0,,0.0,bidTooLow
2020-09-21,549.0,5897.0,0.0,100,326.97,268.0,0,0.0,0.0,,0.0,0,0.0,0.0,,0.0,bidTooLow
2020-09-22,549.0,6230.0,0.0,100,330.3,268.0,0,0.0,0.0,,0.0,0,0.0,0.0,,0.0,bidTooLow
2020-09-23,549.0,5464.0,0.0,100,322.64,268.0,0,0.0,0.0,,0.0,0,0.0,0.0,,0.0,bidTooLow
2020-09-24,549.0,5550.0,0.0,100,323.5,268.0,0,0.0,0.0,,0.0,0,0.0,0.0,,0.0,bidTooLow
2020-09-25,549.0,6073.0,0.0,100,328.73,268.0,0,0.0,0.0,,0.0,0,0.0,0.0,,0.0,bidTooLow
2020-09-28,549.0,6619.0,0.0,100,334.19,268.0,0,0.0,0.0,,0.0,0,0.0,0.0,,0.0,bidTooLow
2020-09-29,549.0,6437.0,0.0,100,332.37,268.0,0,0.0,0.0,,0.0,0,0.0,0.0,,0.0,bidTooLow
2020-09-30,549.0,6689.0,0.0,100,334.89,268.0,0,0.0,0.0,,0.0,0,0.0,0.0,,0.0,bidTooLow
2020-10-01,549.0,6904.0,0.0,100,337.04,268.0,0,0.0,0.0,,0.0,0,0.0,0.0,,0.0,bidTooLow
2020-10-02,549.0,6584.0,0.0,100,333.84,268.0,0,0.0,0.0,,0.0,0,0.0,0.0,,0.0,bidTooLow
2020-10-05,549.0,7176.0,0.0,100,339.76,268.0,0,0.0,0.0,,0.0,0,0.0,0.0,,0.0,bidTooLow
2020-10-06,549.0,6693.0,0.0,100,334.93,268.0,0,0.0,0.0,,0.0,0,0.0,0.0,,0.0,bidTooLow
2020-10-07,549.0,7276.0,0.0,100,340.76,268.0,0,0.0,0.0,,0.0,0,0.0,0.0,,0.0,bidTooLow
2020-10-08,549.0,7578.0,0.0,100,343.78,268.0,0,0.0,0.0,,0.0,0,0.0,0.0,,0.0,bidTooLow
2020-10-09,549.0,7885.0,0.0,100,346.85,268.0,0,0.0,0.0,,0.0,0,0.0,0.0,,0.0,bidTooLow
2020-10-12,549.0,8443.0,0.0,100,352.43,268.0,0,0.0,0.0,,0.0,0,0.0,0.0,,0.0,bidTooLow
2020-10-13,549.0,8213.0,0.0,100,350.13,268.0,0,0.0,0.0,,0.0,0,0.0,0.0,,0.0,bidTooLow
2020-10-14,549.0,7993.0,0.0,100,347.93,268.0,0,0.0,0.0,,0.0,0,0.0,0.0,,0.0,bidTooLow
2020-10-15,549.0,7950.0,0.0,100,347.5,268.0,0,0.0,0.0,,0.0,0,0.0,0.0,,0.0,bidTooLow
2020-10-16,549.0,7929.0,0.0,100,347.29,268.0,0,0.0,0.0,,0.0,0,0.0,0.0,,0.0,bidTooLow
2020-10-19,549.0,7401.0,0.0,100,342.01,268.0,0,0.0,0.0,,0.0,0,0.0,0.0,,0.0,bidTooLow
2020-10-20,549.0,7538.0,0.0,100,343.38,268.0,0,0.0,0.0,,0.0,0,0.0,0.0,,0.0,bidTooLow
2020-10-21,549.0,7473.0,0.0,100,342.73,268.0,0,0.0,0.0,,0.0,0,0.0,0.0,,0.0,bidTooLow
2020-10-22,549.0,7661.0,0.0,100,344.61,268.0,0,0.0,0.0,,0.0,0,0.0,0.0,,0.0,bidTooLow
2020-10-23,549.0,7778.0,0.0,100,345.78,268.0,0,0.0,0.0,,0.0,0,0.0,0.0,,0.0,bidTooLow
2020-10-26,549.0,7139.0,0.0,100,339.39,268.0,0,0.0,0.0,,0.0,0,0.0,0.0,,0.0,bidTooLow
2020-10-27,549.0,7022.0,0.0,100,338.22,268.0,0,0.0,0.0,,0.0,0,0.0,0.0,,0.0,bidTooLow
2020-10-28,549.0,5866.0,0.0,100,326.66,268.0,0,0.0,0.0,,0.0,0,0.0,0.0,,0.0,bidTooLow
2020-10-29,549.0,6198.0,0.0,100,329.98,268.0,0,0.0,0.0,,0.0,0,0.0,0.0,,0.0,bidTooLow
2020-10-30,549.0,5854.0,0.0,100,326.54,268.0,0,0.0,0.0,,0.0,0,0.0,0.0,,0.0,bidTooLow
2020-11-02,549.0,6220.0,0.0,100,330.2,268.0,0,0.0,0.0,,0.0,0,0.0,0.0,,0.0,bidTooLow
2020-11-03,549.0,6800.0,0.0,100,336.03,268.0,0,0.0,0.0,,0.0,1,0.02,0.05,SPY201106C00372000,372.0,normalDay
2020-11-04,549.0,7555.0,0.0,100,343.54,268.0,0,0.0,0.0,,0.0,1,0.02,0.01,SPY201106C00372000,372.0,normalDay
2020-11-05,549.0,8225.0,0.0,100,350.24,268.0,0,0.0,0.0,,0.0,1,0.02,0.01,SPY201106C00372000,372.0,normalDay
2020-11-06,551.0,8216.0,2.0,100,350.16,268.0,0,0.0,0.0,,0.0,1,0.02,0.0,SPY201106C00372000,372.0,expirationDay
2020-11-09,551.0,8656.0,0.0,100,354.56,268.0,0,0.0,0.0,,0.0,0,0.0,0.0,,0.0,bidTooLow
2020-11-10,551.0,8604.0,0.0,100,354.04,268.0,0,0.0,0.0,,0.0,0,0.0,0.0,,0.0,bidTooLow
2020-11-11,551.0,8867.0,0.0,100,356.67,268.0,0,0.0,0.0,,0.0,0,0.0,0.0,,0.0,bidTooLow
2020-11-12,551.0,8521.0,0.0,100,353.21,268.0,0,0.0,0.0,,0.0,0,0.0,0.0,,0.0,bidTooLow
2020-11-13,551.0,9010.0,0.0,100,358.1,268.0,0,0.0,0.0,,0.0,0,0.0,0.0,,0.0,bidTooLow
2020-11-16,551.0,9457.0,0.0,100,362.57,268.0,0,0.0,0.0,,0.0,0,0.0,0.0,,0.0,bidTooLow
2020-11-17,551.0,9262.0,0.0,100,360.62,268.0,0,0.0,0.0,,0.0,0,0.0,0.0,,0.0,bidTooLow
2020-11-18,551.0,8828.0,0.0,100,356.28,268.0,0,0.0,0.0,,0.0,0,0.0,0.0,,0.0,bidTooLow
2020-11-19,551.0,8978.0,0.0,100,357.78,268.0,0,0.0,0.0,,0.0,0,0.0,0.0,,0.0,bidTooLow
2020-11-20,551.0,8733.0,0.0,100,355.33,268.0,0,0.0,0.0,,0.0,0,0.0,0.0,,0.0,bidTooLow
2020-11-23,551.0,8946.0,0.0,100,357.46,268.0,0,0.0,0.0,,0.0,0,0.0,0.0,,0.0,bidTooLow
2020-11-24,551.0,9522.0,0.0,100,363.22,268.0,0,0.0,0.0,,0.0,0,0.0,0.0,,0.0,bidTooLow
2020-11-25,551.0,9466.0,0.0,100,362.66,268.0,0,0.0,0.0,,0.0,0,0.0,0.0,,0.0,bidTooLow
2020-11-27,551.0,9567.0,0.0,100,363.67,268.0,0,0.0,0.0,,0.0,0,0.0,0.0,,0.0,bidTooLow
2020-11-30,551.0,9406.0,0.0,100,362.06,268.0,0,0.0,0.0,,0.0,0,0.0,0.0,,0.0,bidTooLow
2020-12-01,551.0,9802.0,0.0,100,366.02,268.0,0,0.0,0.0,,0.0,0,0.0,0.0,,0.0,bidTooLow
2020-12-02,551.0,9879.0,0.0,100,366.79,268.0,0,0.0,0.0,,0.0,0,0.0,0.0,,0.0,bidTooLow
2020-12-03,551.0,9869.0,0.0,100,366.69,268.0,0,0.0,0.0,,0.0,0,0.0,0.0,,0.0,bidTooLow
2020-12-04,551.0,10185.0,0.0,100,369.85,268.0,0,0.0,0.0,,0.0,0,0.0,0.0,,0.0,bidTooLow
2020-12-07,551.0,10109.0,0.0,100,369.09,268.0,0,0.0,0.0,,0.0,0,0.0,0.0,,0.0,bidTooLow
2020-12-08,551.0,10217.0,0.0,100,370.17,268.0,0,0.0,0.0,,0.0,0,0.0,0.0,,0.0,bidTooLow
2020-12-09,551.0,9885.0,0.0,100,366.85,268.0,0,0.0,0.0,,0.0,0,0.0,0.0,,0.0,bidTooLow
2020-12-10,551.0,9873.0,0.0,100,366.73,268.0,0,0.0,0.0,,0.0,0,0.0,0.0,,0.0,bidTooLow
2020-12-11,551.0,9830.0,0.0,100,366.3,268.0,0,0.0,0.0,,0.0,0,0.0,0.0,,0.0,bidTooLow
2020-12-14,551.0,9666.0,0.0,100,364.66,268.0,0,0.0,0.0,,0.0,0,0.0,0.0,,0.0,bidTooLow
2020-12-15,551.0,10156.0,0.0,100,369.59,268.0,0,0.0,0.0,,0.0,1,0.03,0.06,SPY201218C00383000,383.0,normalDay
2020-12-16,551.0,10214.0,0.0,100,370.17,268.0,0,0.0,0.0,,0.0,1,0.03,0.06,SPY201218C00383000,383.0,normalDay
2020-12-17,551.0,10423.0,0.0,100,372.24,268.0,0,0.0,0.0,,0.0,1,0.03,0.04,SPY201218C00383000,383.0,normalDay
2020-12-18,554.0,10118.0,3.0,100,369.18,268.0,0,0.0,0.0,,0.0,1,0.03,0.0,SPY201218C00383000,383.0,expirationDay
2020-12-21,554.0,9983.0,0.0,100,367.86,268.0,0,0.0,0.0,,0.0,1,0.01,0.04,SPY201224C00381000,381.0,normalDay
2020-12-22,554.0,9924.0,0.0,100,367.24,268.0,0,0.0,0.0,,0.0,1,0.01,0.01,SPY201224C00381000,381.0,normalDay
2020-12-23,554.0,9957.0,0.0,100,367.57,268.0,0,0.0,0.0,,0.0,1,0.01,0.01,SPY201224C00381000,381.0,normalDay
2020-12-24,555.0,10100.0,1.0,100,369.0,268.0,0,0.0,0.0,,0.0,1,0.01,0.0,SPY201224C00381000,381.0,expirationDay
2020-12-28,555.0,10414.0,0.0,100,372.17,268.0,0,0.0,0.0,,0.0,1,0.21,0.24,SPY201231C00378000,378.0,normalDay
2020-12-29,555.0,10358.0,0.0,100,371.46,268.0,0,0.0,0.0,,0.0,1,0.21,0.09,SPY201231C00378000,378.0,normalDay
2020-12-30,555.0,10417.0,0.0,100,371.99,268.0,0,0.0,0.0,,0.0,1,0.21,0.03,SPY201231C00378000,378.0,normalDay
2020-12-31,576.0,10588.0,21.0,100,373.88,268.0,0,0.0,0.0,,0.0,1,0.21,0.0,SPY201231C00378000,378.0,expirationDay
2021-01-04,576.0,10076.0,0.0,100,368.79,268.0,0,0.0,0.0,,0.0,1,0.11,0.14,SPY210106C00379000,379.0,normalDay
2021-01-05,576.0,10337.0,0.0,100,371.33,268.0,0,0.0,0.0,,0.0,1,0.11,0.07,SPY210106C00379000,379.0,normalDay
2021-01-06,587.0,10555.0,11.0,100,373.55,268.0,0,0.0,0.0,,0.0,1,0.11,0.0,SPY210106C00379000,379.0,expirationDay
2021-01-07,587.0,11107.0,0.0,100,379.1,268.0,0,0.0,0.0,,0.0,1,0.09,0.12,SPY210108C00383000,383.0,normalDay
2021-01-08,596.0,11326.0,9.0,100,381.26,268.0,0,0.0,0.0,,0.0,1,0.09,0.0,SPY210108C00383000,383.0,expirationDay
2021-01-11,596.0,11066.0,0.0,100,378.69,268.0,0,0.0,0.0,,0.0,1,0.01,0.04,SPY210113C00389000,389.0,normalDay
2021-01-12,596.0,11077.0,0.0,100,378.77,268.0,0,0.0,0.0,,0.0,1,0.01,0.01,SPY210113C00389000,389.0,normalDay
2021-01-13,597.0,11179.0,1.0,100,379.79,268.0,0,0.0,0.0,,0.0,1,0.01,0.0,SPY210113C00389000,389.0,expirationDay
2021-01-14,597.0,11046.0,0.0,100,378.46,268.0,0,0.0,0.0,,0.0,0,0.0,0.0,,0.0,bidTooLow
2021-01-15,597.0,10770.0,0.0,100,375.7,268.0,0,0.0,0.0,,0.0,0,0.0,0.0,,0.0,bidTooLow
2021-01-19,597.0,11065.0,0.0,100,378.65,268.0,0,0.0,0.0,,0.0,0,0.0,0.0,,0.0,bidTooLow
2021-01-20,597.0,11589.0,0.0,100,383.89,268.0,0,0.0,0.0,,0.0,0,0.0,0.0,,0.0,bidTooLow
2021-01-21,597.0,11624.0,0.0,100,384.24,268.0,0,0.0,0.0,,0.0,0,0.0,0.0,,0.0,bidTooLow
2021-01-22,597.0,11488.0,0.0,100,382.88,268.0,0,0.0,0.0,,0.0,0,0.0,0.0,,0.0,bidTooLow
2021-01-25,597.0,11639.0,0.0,100,384.39,268.0,0,0.0,0.0,,0.0,0,0.0,0.0,,0.0,bidTooLow
2021-01-26,597.0,11579.0,0.0,100,383.79,268.0,0,0.0,0.0,,0.0,0,0.0,0.0,,0.0,bidTooLow
2021-01-27,597.0,10641.0,0.0,100,374.41,268.0,0,0.0,0.0,,0.0,0,0.0,0.0,,0.0,bidTooLow
2021-01-28,597.0,10963.0,0.0,100,377.63,268.0,0,0.0,0.0,,0.0,0,0.0,0.0,,0.0,bidTooLow
2021-01-29,597.0,10207.0,0.0,100,370.07,268.0,0,0.0,0.0,,0.0,0,0.0,0.0,,0.0,bidTooLow
2021-02-01,597.0,10823.0,0.0,100,376.23,268.0,0,0.0,0.0,,0.0,0,0.0,0.0,,0.0,bidTooLow
2021-02-02,597.0,11352.0,0.0,100,381.55,268.0,0,0.0,0.0,,0.0,1,0.01,0.04,SPY210205C00396000,396.0,normalDay
2021-02-03,597.0,11384.0,0.0,100,381.85,268.0,0,0.0,0.0,,0.0,1,0.01,0.02,SPY210205C00396000,396.0,normalDay
2021-02-04,597.0,11819.0,0.0,100,386.19,268.0,0,0.0,0.0,,0.0,1,0.01,0.01,SPY210205C00396000,396.0,normalDay
2021-02-05,598.0,11971.0,1.0,100,387.71,268.0,0,0.0,0.0,,0.0,1,0.01,0.0,SPY210205C00396000,396.0,expirationDay
2021-02-08,598.0,12248.0,0.0,100,390.51,268.0,0,0.0,0.0,,0.0,1,0.01,0.04,SPY210210C00400000,400.0,normalDay
2021-02-09,598.0,12225.0,0.0,100,390.25,268.0,0,0.0,0.0,,0.0,1,0.01,0.01,SPY210210C00400000,400.0,normalDay
2021-02-10,599.0,12208.0,1.0,100,390.08,268.0,0,0.0,0.0,,0.0,1,0.01,0.0,SPY210210C00400000,400.0,expirationDay
2021-02-11,599.0,12271.0,0.0,100,390.71,268.0,0,0.0,0.0,,0.0,0,0.0,0.0,,0.0,bidTooLow
2021-02-12,599.0,12464.0,0.0,100,392.64,268.0,0,0.0,0.0,,0.0,0,0.0,0.0,,0.0,bidTooLow
2021-02-16,599.0,12430.0,0.0,100,392.3,268.0,0,0.0,0.0,,0.0,0,0.0,0.0,,0.0,bidTooLow
2021-02-17,599.0,12439.0,0.0,100,392.39,268.0,0,0.0,0.0,,0.0,0,0.0,0.0,,0.0,bidTooLow
2021-02-18,599.0,12272.0,0.0,100,390.72,268.0,0,0.0,0.0,,0.0,0,0.0,0.0,,0.0,bidTooLow
2021-02-19,599.0,12203.0,0.0,100,390.03,268.0,0,0.0,0.0,,0.0,0,0.0,0.0,,0.0,bidTooLow
2021-02-22,599.0,11903.0,0.0,100,387.03,268.0,0,0.0,0.0,,0.0,0,0.0,0.0,,0.0,bidTooLow
2021-02-23,599.0,11950.0,0.0,100,387.5,268.0,0,0.0,0.0,,0.0,0,0.0,0.0,,0.0,bidTooLow
2021-02-24,599.0,12377.0,0.0,100,391.77,268.0,0,0.0,0.0,,0.0,0,0.0,0.0,,0.0,bidTooLow
2021-02-25,599.0,11433.0,0.0,100,382.33,268.0,0,0.0,0.0,,0.0,0,0.0,0.0,,0.0,bidTooLow
2021-02-26,599.0,11236.0,0.0,100,380.36,268.0,0,0.0,0.0,,0.0,0,0.0,0.0,,0.0,bidTooLow
2021-03-01,599.0,12158.0,0.0,100,389.58,268.0,0,0.0,0.0,,0.0,0,0.0,0.0,,0.0,bidTooLow
2021-03-02,599.0,11854.0,0.0,100,386.54,268.0,0,0.0,0.0,,0.0,0,0.0,0.0,,0.0,bidTooLow
2021-03-03,599.0,11342.0,0.0,100,381.42,268.0,0,0.0,0.0,,0.0,0,0.0,0.0,,0.0,bidTooLow
2021-03-04,599.0,10870.0,0.0,100,376.7,268.0,0,0.0,0.0,,0.0,0,0.0,0.0,,0.0,bidTooLow
2021-03-05,599.0,11563.0,0.0,100,383.63,268.0,0,0.0,0.0,,0.0,0,0.0,0.0,,0.0,bidTooLow
2021-03-08,599.0,11372.0,0.0,100,381.72,268.0,0,0.0,0.0,,0.0,0,0.0,0.0,,0.0,bidTooLow
2021-03-09,599.0,11917.0,0.0,100,387.17,268.0,0,0.0,0.0,,0.0,0,0.0,0.0,,0.0,bidTooLow
2021-03-10,599.0,12158.0,0.0,100,389.58,268.0,0,0.0,0.0,,0.0,0,0.0,0.0,,0.0,bidTooLow
2021-03-11,599.0,12553.0,0.0,100,393.53,268.0,0,0.0,0.0,,0.0,0,0.0,0.0,,0.0,bidTooLow
2021-03-12,599.0,12606.0,0.0,100,394.06,268.0,0,0.0,0.0,,0.0,0,0.0,0.0,,0.0,bidTooLow
2021-03-15,599.0,12841.0,0.0,100,396.41,268.0,0,0.0,0.0,,0.0,0,0.0,0.0,,0.0,bidTooLow
2021-03-16,599.0,12791.0,0.0,100,395.91,268.0,0,0.0,0.0,,0.0,0,0.0,0.0,,0.0,bidTooLow
2021-03-17,599.0,12926.0,0.0,100,397.26,268.0,0,0.0,0.0,,0.0,0,0.0,0.0,,0.0,bidTooLow
2021-03-18,599.0,12348.0,0.0,100,391.48,268.0,0,0.0,0.0,,0.0,0,0.0,0.0,,0.0,bidTooLow
2021-03-19,599.0,12148.0,0.0,100,389.48,268.0,0,0.0,0.0,,0.0,0,0.0,0.0,,0.0,bidTooLow
2021-03-22,599.0,12459.0,0.0,100,392.59,268.0,0,0.0,0.0,,0.0,0,0.0,0.0,,0.0,bidTooLow
2021-03-23,599.0,12150.0,0.0,100,389.5,268.0,0,0.0,0.0,,0.0,0,0.0,0.0,,0.0,bidTooLow
2021-03-24,599.0,11952.0,0.0,100,387.52,268.0,0,0.0,0.0,,0.0,0,0.0,0.0,,0.0,bidTooLow
2021-03-25,599.0,12170.0,0.0,100,389.7,268.0,0,0.0,0.0,,0.0,0,0.0,0.0,,0.0,bidTooLow
2021-03-26,599.0,12798.0,0.0,100,395.98,268.0,0,0.0,0.0,,0.0,0,0.0,0.0,,0.0,bidTooLow
2021-03-29,599.0,12778.0,0.0,100,395.78,268.0,0,0.0,0.0,,0.0,0,0.0,0.0,,0.0,bidTooLow
2021-03-30,599.0,12673.0,0.0,100,394.73,268.0,0,0.0,0.0,,0.0,0,0.0,0.0,,0.0,bidTooLow
2021-03-31,599.0,12833.0,0.0,100,396.33,268.0,0,0.0,0.0,,0.0,0,0.0,0.0,,0.0,bidTooLow
2021-04-01,599.0,13261.0,0.0,100,400.61,268.0,0,0.0,0.0,,0.0,0,0.0,0.0,,0.0,bidTooLow
2021-04-05,599.0,13833.0,0.0,100,406.36,268.0,0,0.0,0.0,,0.0,1,0.01,0.04,SPY210407C00415000,415.0,normalDay
2021-04-06,599.0,13811.0,0.0,100,406.12,268.0,0,0.0,0.0,,0.0,1,0.01,0.02,SPY210407C00415000,415.0,normalDay
2021-04-07,600.0,13859.0,1.0,100,406.59,268.0,0,0.0,0.0,,0.0,1,0.01,0.0,SPY210407C00415000,415.0,expirationDay
2021-04-08,600.0,14052.0,0.0,100,408.52,268.0,0,0.0,0.0,,0.0,0,0.0,0.0,,0.0,bidTooLow
2021-04-09,600.0,14349.0,0.0,100,411.49,268.0,0,0.0,0.0,,0.0,0,0.0,0.0,,0.0,bidTooLow
2021-04-12,600.0,14364.0,0.0,100,411.64,268.0,0,0.0,0.0,,0.0,0,0.0,0.0,,0.0,bidTooLow
2021-04-13,600.0,14486.0,0.0,100,412.86,268.0,0,0.0,0.0,,0.0,0,0.0,0.0,,0.0,bidTooLow
2021-04-14,600.0,14345.0,0.0,100,411.45,268.0,0,0.0,0.0,,0.0,0,0.0,0.0,,0.0,bidTooLow
2021-04-15,600.0,14787.0,0.0,100,415.87,268.0,0,0.0,0.0,,0.0,0,0.0,0.0,,0.0,bidTooLow
2021-04-16,600.0,14926.0,0.0,100,417.26,268.0,0,0.0,0.0,,0.0,0,0.0,0.0,,0.0,bidTooLow
2021-04-19,600.0,14721.0,0.0,100,415.21,268.0,0,0.0,0.0,,0.0,0,0.0,0.0,,0.0,bidTooLow
2021-04-20,600.0,14417.0,0.0,100,412.17,268.0,0,0.0,0.0,,0.0,0,0.0,0.0,,0.0,bidTooLow
2021-04-21,600.0,14807.0,0.0,100,416.07,268.0,0,0.0,0.0,,0.0,0,0.0,0.0,,0.0,bidTooLow
2021-04-22,600.0,14427.0,0.0,100,412.27,268.0,0,0.0,0.0,,0.0,0,0.0,0.0,,0.0,bidTooLow
2021-04-23,600.0,14874.0,0.0,100,416.74,268.0,0,0.0,0.0,,0.0,0,0.0,0.0,,0.0,bidTooLow
2021-04-26,600.0,14961.0,0.0,100,417.61,268.0,0,0.0,0.0,,0.0,0,0.0,0.0,,0.0,bidTooLow
2021-04-27,600.0,14952.0,0.0,100,417.52,268.0,0,0.0,0.0,,0.0,0,0.0,0.0,,0.0,bidTooLow
2021-04-28,600.0,14940.0,0.0,100,417.4,268.0,0,0.0,0.0,,0.0,0,0.0,0.0,,0.0,bidTooLow
2021-04-29,600.0,15206.0,0.0,100,420.06,268.0,0,0.0,0.0,,0.0,0,0.0,0.0,,0.0,bidTooLow
2021-04-30,600.0,14930.0,0.0,100,417.3,268.0,0,0.0,0.0,,0.0,0,0.0,0.0,,0.0,bidTooLow
2021-05-03,600.0,15020.0,0.0,100,418.2,268.0,0,0.0,0.0,,0.0,0,0.0,0.0,,0.0,bidTooLow
2021-05-04,600.0,14762.0,0.0,100,415.62,268.0,0,0.0,0.0,,0.0,0,0.0,0.0,,0.0,bidTooLow
2021-05-05,600.0,14775.0,0.0,100,415.75,268.0,0,0.0,0.0,,0.0,0,0.0,0.0,,0.0,bidTooLow
2021-05-06,600.0,15107.0,0.0,100,419.07,268.0,0,0.0,0.0,,0.0,0,0.0,0.0,,0.0,bidTooLow
2021-05-07,600.0,15409.0,0.0,100,422.12,268.0,0,0.0,0.0,,0.0,1,0.01,0.04,SPY210510C00428000,428.0,normalDay
2021-05-10,601.0,14994.0,1.0,100,417.94,268.0,0,0.0,0.0,,0.0,1,0.01,0.0,SPY210510C00428000,428.0,expirationDay
2021-05-11,601.0,14618.0,0.0,100,414.21,268.0,0,0.0,0.0,,0.0,1,0.01,0.04,SPY210514C00427000,427.0,normalDay
2021-05-12,601.0,13740.0,0.0,100,405.41,268.0,0,0.0,0.0,,0.0,1,0.01,0.02,SPY210514C00427000,427.0,normalDay
2021-05-13,601.0,14228.0,0.0,100,410.28,268.0,0,0.0,0.0,,0.0,1,0.01,0.01,SPY210514C00427000,427.0,normalDay
2021-05-14,602.0,14858.0,1.0,100,416.58,268.0,0,0.0,0.0,,0.0,1,0.01,0.0,SPY210514C00427000,427.0,expirationDay
2021-05-17,602.0,14752.0,0.0,100,415.52,268.0,0,0.0,0.0,,0.0,0,0.0,0.0,,0.0,bidTooLow
2021-05-18,602.0,14394.0,0.0,100,411.94,268.0,0,0.0,0.0,,0.0,0,0.0,0.0,,0.0,bidTooLow
2021-05-19,602.0,14286.0,0.0,100,410.86,268.0,0,0.0,0.0,,0.0,0,0.0,0.0,,0.0,bidTooLow
2021-05-20,602.0,14728.0,0.0,100,415.28,268.0,0,0.0,0.0,,0.0,0,0.0,0.0,,0.0,bidTooLow
2021-05-21,602.0,14694.0,0.0,100,414.94,268.0,0,0.0,0.0,,0.0,0,0.0,0.0,,0.0,bidTooLow
2021-05-24,602.0,15117.0,0.0,100,419.17,268.0,0,0.0,0.0,,0.0,0,0.0,0.0,,0.0,bidTooLow
2021-05-25,602.0,15024.0,0.0,100,418.24,268.0,0,0.0,0.0,,0.0,0,0.0,0.0,,0.0,bidTooLow
2021-05-26,602.0,15107.0,0.0,100,419.07,268.0,0,0.0,0.0,,0.0,0,0.0,0.0,,0.0,bidTooLow
2021-05-27,602.0,15129.0,0.0,100,419.29,268.0,0,0.0,0.0,,0.0,0,0.0,0.0,,0.0,bidTooLow
2021-05-28,602.0,15204.0,0.0,100,420.04,268.0,0,0.0,0.0,,0.0,0,0.0,0.0,,0.0,bidTooLow
2021-06-01,602.0,15167.0,0.0,100,419.67,268.0,0,0.0,0.0,,0.0,0,0.0,0.0,,0.0,bidTooLow
2021-06-02,602.0,15233.0,0.0,100,420.33,268.0,0,0.0,0.0,,0.0,0,0.0,0.0,,0.0,bidTooLow
2021-06-03,602.0,15077.0,0.0,100,418.77,268.0,0,0.0,0.0,,0.0,0,0.0,0.0,,0.0,bidTooLow
2021-06-04,602.0,15460.0,0.0,100,422.6,268.0,0,0.0,0.0,,0.0,0,0.0,0.0,,0.0,bidTooLow
2021-06-07,602.0,15419.0,0.0,100,422.19,268.0,0,0.0,0.0,,0.0,0,0.0,0.0,,0.0,bidTooLow
2021-06-08,602.0,15428.0,0.0,100,422.28,268.0,0,0.0,0.0,,0.0,0,0.0,0.0,,0.0,bidTooLow
2021-06-09,602.0,15365.0,0.0,100,421.65,268.0,0,0.0,0.0,,0.0,0,0.0,0.0,,0.0,bidTooLow
2021-06-10,602.0,15561.0,0.0,100,423.61,268.0,0,0.0,0.0,,0.0,0,0.0,0.0,,0.0,bidTooLow
2021-06-11,602.0,15631.0,0.0,100,424.31,268.0,0,0.0,0.0,,0.0,0,0.0,0.0,,0.0,bidTooLow
2021-06-14,602.0,15726.0,0.0,100,425.26,268.0,0,0.0,0.0,,0.0,0,0.0,0.0,,0.0,bidTooLow
2021-06-15,602.0,15648.0,0.0,100,424.48,268.0,0,0.0,0.0,,0.0,0,0.0,0.0,,0.0,bidTooLow
2021-06-16,602.0,15411.0,0.0,100,422.11,268.0,0,0.0,0.0,,0.0,0,0.0,0.0,,0.0,bidTooLow
2021-06-17,602.0,15397.0,0.0,100,421.97,268.0,0,0.0,0.0,,0.0,0,0.0,0.0,,0.0,bidTooLow
2021-06-18,602.0,14692.0,0.0,100,414.92,268.0,0,0.0,0.0,,0.0,0,0.0,0.0,,0.0,bidTooLow
2021-06-21,602.0,15286.0,0.0,100,420.86,268.0,0,0.0,0.0,,0.0,0,0.0,0.0,,0.0,bidTooLow
2021-06-22,602.0,15508.0,0.0,100,423.11,268.0,0,0.0,0.0,,0.0,1,0.04,0.07,SPY210625C00431000,431.0,normalDay
2021-06-23,602.0,15462.0,0.0,100,422.6,268.0,0,0.0,0.0,,0.0,1,0.04,0.02,SPY210625C00431000,431.0,normalDay
2021-06-24,602.0,15711.0,0.0,100,425.1,268.0,0,0.0,0.0,,0.0,1,0.04,0.03,SPY210625C00431000,431.0,normalDay
2021-06-25,606.0,15861.0,4.0,100,426.61,268.0,0,0.0,0.0,,0.0,1,0.04,0.0,SPY210625C00431000,431.0,expirationDay
2021-06-28,606.0,15947.0,0.0,100,427.47,268.0,0,0.0,0.0,,0.0,0,0.0,0.0,,0.0,bidTooLow
2021-06-29,606.0,15967.0,0.0,100,427.7,268.0,0,0.0,0.0,,0.0,1,0.01,0.04,SPY210702C00435000,435.0,normalDay
2021-06-30,606.0,16004.0,0.0,100,428.06,268.0,0,0.0,0.0,,0.0,1,0.01,0.03,SPY210702C00435000,435.0,normalDay
2021-07-01,606.0,16241.0,0.0,100,430.43,268.0,0,0.0,0.0,,0.0,1,0.01,0.03,SPY210702C00435000,435.0,normalDay
2021-07-02,607.0,16572.0,1.0,100,433.72,268.0,0,0.0,0.0,,0.0,1,0.01,0.0,SPY210702C00435000,435.0,expirationDay
2021-07-06,607.0,16490.0,0.0,100,432.93,268.0,0,0.0,0.0,,0.0,1,0.01,0.04,SPY210709C00442500,442.5,normalDay
2021-07-07,607.0,16643.0,0.0,100,434.46,268.0,0,0.0,0.0,,0.0,1,0.01,0.04,SPY210709C00442500,442.5,normalDay
2021-07-08,607.0,16292.0,0.0,100,430.92,268.0,0,0.0,0.0,,0.0,1,0.01,0.01,SPY210709C00442500,442.5,normalDay
2021-07-09,608.0,16752.0,1.0,100,435.52,268.0,0,0.0,0.0,,0.0,1,0.01,0.0,SPY210709C00442500,442.5,expirationDay
2021-07-12,608.0,16908.0,0.0,100,437.08,268.0,0,0.0,0.0,,0.0,0,0.0,0.0,,0.0,bidTooLow
2021-07-13,608.0,16759.0,0.0,100,435.59,268.0,0,0.0,0.0,,0.0,0,0.0,0.0,,0.0,bidTooLow
2021-07-14,608.0,16824.0,0.0,100,436.24,268.0,0,0.0,0.0,,0.0,0,0.0,0.0,,0.0,bidTooLow
2021-07-15,608.0,16675.0,0.0,100,434.75,268.0,0,0.0,0.0,,0.0,0,0.0,0.0,,0.0,bidTooLow
2021-07-16,608.0,16334.0,0.0,100,431.34,268.0,0,0.0,0.0,,0.0,0,0.0,0.0,,0.0,bidTooLow
2021-07-19,608.0,15697.0,0.0,100,424.97,268.0,0,0.0,0.0,,0.0,0,0.0,0.0,,0.0,bidTooLow
2021-07-20,608.0,16306.0,0.0,100,431.06,268.0,0,0.0,0.0,,0.0,0,0.0,0.0,,0.0,bidTooLow
2021-07-21,608.0,16655.0,0.0,100,434.55,268.0,0,0.0,0.0,,0.0,0,0.0,0.0,,0.0,bidTooLow
2021-07-22,608.0,16746.0,0.0,100,435.46,268.0,0,0.0,0.0,,0.0,0,0.0,0.0,,0.0,bidTooLow
2021-07-23,608.0,17194.0,0.0,100,439.94,268.0,0,0.0,0.0,,0.0,0,0.0,0.0,,0.0,bidTooLow
2021-07-26,608.0,17302.0,0.0,100,441.02,268.0,0,0.0,0.0,,0.0,0,0.0,0.0,,0.0,bidTooLow
2021-07-27,608.0,17098.0,0.0,100,439.01,268.0,0,0.0,0.0,,0.0,1,0.02,0.05,SPY210730C00450000,450.0,normalDay
2021-07-28,608.0,17083.0,0.0,100,438.83,268.0,0,0.0,0.0,,0.0,1,0.02,0.02,SPY210730C00450000,450.0,normalDay
2021-07-29,608.0,17266.0,0.0,100,440.65,268.0,0,0.0,0.0,,0.0,1,0.02,0.01,SPY210730C00450000,450.0,normalDay
2021-07-30,610.0,17051.0,2.0,100,438.51,268.0,0,0.0,0.0,,0.0,1,0.02,0.0,SPY210730C00450000,450.0,expirationDay
2021-08-02,610.0,16959.0,0.0,100,437.59,268.0,0,0.0,0.0,,0.0,0,0.0,0.0,,0.0,bidTooLow
2021-08-03,610.0,17315.0,0.0,100,441.15,268.0,0,0.0,0.0,,0.0,0,0.0,0.0,,0.0,bidTooLow
2021-08-04,610.0,17098.0,0.0,100,438.98,268.0,0,0.0,0.0,,0.0,0,0.0,0.0,,0.0,bidTooLow
2021-08-05,610.0,17376.0,0.0,100,441.76,268.0,0,0.0,0.0,,0.0,0,0.0,0.0,,0.0,bidTooLow
2021-08-06,610.0,17449.0,0.0,100,442.49,268.0,0,0.0,0.0,,0.0,0,0.0,0.0,,0.0,bidTooLow
2021-08-09,610.0,17413.0,0.0,100,442.13,268.0,0,0.0,0.0,,0.0,0,0.0,0.0,,0.0,bidTooLow
2021-08-10,610.0,17468.0,0.0,100,442.68,268.0,0,0.0,0.0,,0.0,0,0.0,0.0,,0.0,bidTooLow
2021-08-11,610.0,17578.0,0.0,100,443.78,268.0,0,0.0,0.0,,0.0,0,0.0,0.0,,0.0,bidTooLow
2021-08-12,610.0,17711.0,0.0,100,445.11,268.0,0,0.0,0.0,,0.0,0,0.0,0.0,,0.0,bidTooLow
2021-08-13,610.0,17792.0,0.0,100,445.92,268.0,0,0.0,0.0,,0.0,0,0.0,0.0,,0.0,bidTooLow
2021-08-16,610.0,17897.0,0.0,100,446.97,268.0,0,0.0,0.0,,0.0,0,0.0,0.0,,0.0,bidTooLow
2021-08-17,610.0,17604.0,0.0,100,444.04,268.0,0,0.0,0.0,,0.0,0,0.0,0.0,,0.0,bidTooLow
2021-08-18,610.0,17118.0,0.0,100,439.18,268.0,0,0.0,0.0,,0.0,0,0.0,0.0,,0.0,bidTooLow
2021-08-19,610.0,17186.0,0.0,100,439.86,268.0,0,0.0,0.0,,0.0,0,0.0,0.0,,0.0,bidTooLow
2021-08-20,610.0,17536.0,0.0,100,443.36,268.0,0,0.0,0.0,,0.0,0,0.0,0.0,,0.0,bidTooLow
2021-08-23,610.0,17923.0,0.0,100,447.26,268.0,0,0.0,0.0,,0.0,1,0.01,0.04,SPY210825C00454000,454.0,normalDay
2021-08-24,610.0,17997.0,0.0,100,447.97,268.0,0,0.0,0.0,,0.0,1,0.01,0.01,SPY210825C00454000,454.0,normalDay
2021-08-25,611.0,18091.0,1.0,100,448.91,268.0,0,0.0,0.0,,0.0,1,0.01,0.0,SPY210825C00454000,454.0,expirationDay
2021-08-26,611.0,17826.0,0.0,100,446.26,268.0,0,0.0,0.0,,0.0,0,0.0,0.0,,0.0,bidTooLow
2021-08-27,611.0,18225.0,0.0,100,450.25,268.0,0,0.0,0.0,,0.0,0,0.0,0.0,,0.0,bidTooLow
2021-08-30,611.0,18423.0,0.0,100,452.23,268.0,0,0.0,0.0,,0.0,0,0.0,0.0,,0.0,bidTooLow
2021-08-31,611.0,18356.0,0.0,100,451.56,268.0,0,0.0,0.0,,0.0,0,0.0,0.0,,0.0,bidTooLow
2021-09-01,611.0,18380.0,0.0,100,451.8,268.0,0,0.0,0.0,,0.0,0,0.0,0.0,,0.0,bidTooLow
2021-09-02,611.0,18519.0,0.0,100,453.19,268.0,0,0.0,0.0,,0.0,0,0.0,0.0,,0.0,bidTooLow
2021-09-03,611.0,18508.0,0.0,100,453.08,268.0,0,0.0,0.0,,0.0,0,0.0,0.0,,0.0,bidTooLow
2021-09-07,611.0,18346.0,0.0,100,451.46,268.0,0,0.0,0.0,,0.0,0,0.0,0.0,,0.0,bidTooLow
2021-09-08,611.0,18291.0,0.0,100,450.91,268.0,0,0.0,0.0,,0.0,0,0.0,0.0,,0.0,bidTooLow
2021-09-09,611.0,18098.0,0.0,100,448.98,268.0,0,0.0,0.0,,0.0,0,0.0,0.0,,0.0,bidTooLow
2021-09-10,611.0,17744.0,0.0,100,445.44,268.0,0,0.0,0.0,,0.0,0,0.0,0.0,,0.0,bidTooLow
2021-09-13,611.0,17858.0,0.0,100,446.58,268.0,0,0.0,0.0,,0.0,0,0.0,0.0,,0.0,bidTooLow
2021-09-14,611.0,17617.0,0.0,100,444.17,268.0,0,0.0,0.0,,0.0,0,0.0,0.0,,0.0,bidTooLow
2021-09-15,611.0,17988.0,0.0,100,447.88,268.0,0,0.0,0.0,,0.0,0,0.0,0.0,,0.0,bidTooLow
2021-09-16,611.0,17917.0,0.0,100,447.17,268.0,0,0.0,0.0,,0.0,0,0.0,0.0,,0.0,bidTooLow
2021-09-17,611.0,17340.0,0.0,100,441.4,268.0,0,0.0,0.0,,0.0,0,0.0,0.0,,0.0,bidTooLow
2021-09-20,611.0,16604.0,0.0,100,434.04,268.0,0,0.0,0.0,,0.0,0,0.0,0.0,,0.0,bidTooLow
2021-09-21,611.0,16563.0,0.0,100,433.63,268.0,0,0.0,0.0,,0.0,0,0.0,0.0,,0.0,bidTooLow
2021-09-22,611.0,16986.0,0.0,100,437.86,268.0,0,0.0,0.0,,0.0,0,0.0,0.0,,0.0,bidTooLow
2021-09-23,611.0,17518.0,0.0,100,443.18,268.0,0,0.0,0.0,,0.0,0,0.0,0.0,,0.0,bidTooLow
2021-09-24,611.0,17591.0,0.0,100,443.91,268.0,0,0.0,0.0,,0.0,0,0.0,0.0,,0.0,bidTooLow
2021-09-27,611.0,17464.0,0.0,100,442.64,268.0,0,0.0,0.0,,0.0,0,0.0,0.0,,0.0,bidTooLow
2021-09-28,611.0,16572.0,0.0,100,433.72,268.0,0,0.0,0.0,,0.0,0,0.0,0.0,,0.0,bidTooLow
2021-09-29,611.0,16645.0,0.0,100,434.45,268.0,0,0.0,0.0,,0.0,0,0.0,0.0,,0.0,bidTooLow
2021-09-30,611.0,16114.0,0.0,100,429.14,268.0,0,0.0,0.0,,0.0,0,0.0,0.0,,0.0,bidTooLow
2021-10-01,611.0,16624.0,0.0,100,434.24,268.0,0,0.0,0.0,,0.0,0,0.0,0.0,,0.0,bidTooLow
2021-10-04,611.0,16064.0,0.0,100,428.64,268.0,0,0.0,0.0,,0.0,0,0.0,0.0,,0.0,bidTooLow
2021-10-05,611.0,16510.0,0.0,100,433.1,268.0,0,0.0,0.0,,0.0,0,0.0,0.0,,0.0,bidTooLow
2021-10-06,611.0,16690.0,0.0,100,434.9,268.0,0,0.0,0.0,,0.0,0,0.0,0.0,,0.0,bidTooLow
2021-10-07,611.0,17066.0,0.0,100,438.66,268.0,0,0.0,0.0,,0.0,0,0.0,0.0,,0.0,bidTooLow
2021-10-08,611.0,16986.0,0.0,100,437.86,268.0,0,0.0,0.0,,0.0,0,0.0,0.0,,0.0,bidTooLow
2021-10-11,611.0,16669.0,0.0,100,434.69,268.0,0,0.0,0.0,,0.0,0,0.0,0.0,,0.0,bidTooLow
2021-10-12,611.0,16562.0,0.0,100,433.62,268.0,0,0.0,0.0,,0.0,0,0.0,0.0,,0.0,bidTooLow
2021-10-13,611.0,16718.0,0.0,100,435.18,268.0,0,0.0,0.0,,0.0,0,0.0,0.0,,0.0,bidTooLow
2021-10-14,611.0,17450.0,0.0,100,442.5,268.0,0,0.0,0.0,,0.0,0,0.0,0.0,,0.0,bidTooLow
2021-10-15,611.0,17787.0,0.0,100,445.87,268.0,0,0.0,0.0,,0.0,0,0.0,0.0,,0.0,bidTooLow
2021-10-18,611.0,17919.0,0.0,100,447.19,268.0,0,0.0,0.0,,0.0,0,0.0,0.0,,0.0,bidTooLow
2021-10-19,611.0,18264.0,0.0,100,450.64,268.0,0,0.0,0.0,,0.0,0,0.0,0.0,,0.0,bidTooLow
2021-10-20,611.0,18441.0,0.0,100,452.41,268.0,0,0.0,0.0,,0.0,0,0.0,0.0,,0.0,bidTooLow
2021-10-21,611.0,18559.0,0.0,100,453.59,268.0,0,0.0,0.0,,0.0,0,0.0,0.0,,0.0,bidTooLow
2021-10-22,611.0,18512.0,0.0,100,453.12,268.0,0,0.0,0.0,,0.0,0,0.0,0.0,,0.0,bidTooLow
2021-10-25,611.0,18755.0,0.0,100,455.55,268.0,0,0.0,0.0,,0.0,0,0.0,0.0,,0.0,bidTooLow
2021-10-26,611.0,18796.0,0.0,100,455.96,268.0,0,0.0,0.0,,0.0,0,0.0,0.0,,0.0,bidTooLow
2021-10-27,611.0,18594.0,0.0,100,453.94,268.0,0,0.0,0.0,,0.0,0,0.0,0.0,,0.0,bidTooLow
2021-10-28,611.0,19032.0,0.0,100,458.32,268.0,0,0.0,0.0,,0.0,0,0.0,0.0,,0.0,bidTooLow
2021-10-29,611.0,19125.0,0.0,100,459.25,268.0,0,0.0,0.0,,0.0,0,0.0,0.0,,0.0,bidTooLow
2021-11-01,611.0,19204.0,0.0,100,460.04,268.0,0,0.0,0.0,,0.0,0,0.0,0.0,,0.0,bidTooLow
2021-11-02,611.0,19390.0,0.0,100,461.9,268.0,0,0.0,0.0,,0.0,0,0.0,0.0,,0.0,bidTooLow
2021-11-03,611.0,19672.0,0.0,100,464.72,268.0,0,0.0,0.0,,0.0,0,0.0,0.0,,0.0,bidTooLow
2021-11-04,611.0,19891.0,0.0,100,466.91,268.0,0,0.0,0.0,,0.0,0,0.0,0.0,,0.0,bidTooLow
2021-11-05,611.0,20053.0,0.0,100,468.53,268.0,0,0.0,0.0,,0.0,0,0.0,0.0,,0.0,bidTooLow
2021-11-08,611.0,20093.0,0.0,100,468.93,268.0,0,0.0,0.0,,0.0,0,0.0,0.0,,0.0,bidTooLow
2021-11-09,611.0,19938.0,0.0,100,467.38,268.0,0,0.0,0.0,,0.0,0,0.0,0.0,,0.0,bidTooLow
2021-11-10,611.0,19562.0,0.0,100,463.62,268.0,0,0.0,0.0,,0.0,0,0.0,0.0,,0.0,bidTooLow
2021-11-11,611.0,19577.0,0.0,100,463.77,268.0,0,0.0,0.0,,0.0,0,0.0,0.0,,0.0,bidTooLow
2021-11-12,611.0,19927.0,0.0,100,467.27,268.0,0,0.0,0.0,,0.0,0,0.0,0.0,,0.0,bidTooLow
2021-11-15,611.0,19943.0,0.0,100,467.43,268.0,0,0.0,0.0,,0.0,0,0.0,0.0,,0.0,bidTooLow
2021-11-16,611.0,20128.0,0.0,100,469.28,268.0,0,0.0,0.0,,0.0,0,0.0,0.0,,0.0,bidTooLow
2021-11-17,611.0,20014.0,0.0,100,468.14,268.0,0,0.0,0.0,,0.0,0,0.0,0.0,,0.0,bidTooLow
2021-11-18,611.0,20173.0,0.0,100,469.73,268.0,0,0.0,0.0,,0.0,0,0.0,0.0,,0.0,bidTooLow
2021-11-19,611.0,20089.0,0.0,100,468.89,268.0,0,0.0,0.0,,0.0,0,0.0,0.0,,0.0,bidTooLow
2021-11-22,611.0,19957.0,0.0,100,467.57,268.0,0,0.0,0.0,,0.0,0,0.0,0.0,,0.0,bidTooLow
2021-11-23,611.0,20019.0,0.0,100,468.19,268.0,0,0.0,0.0,,0.0,0,0.0,0.0,,0.0,bidTooLow
2021-11-24,611.0,20144.0,0.0,100,469.44,268.0,0,0.0,0.0,,0.0,0,0.0,0.0,,0.0,bidTooLow
2021-11-26,611.0,19097.0,0.0,100,458.97,268.0,0,0.0,0.0,,0.0,0,0.0,0.0,,0.0,bidTooLow
2021-11-29,611.0,19660.0,0.0,100,464.6,268.0,0,0.0,0.0,,0.0,0,0.0,0.0,,0.0,bidTooLow
2021-11-30,611.0,18756.0,0.0,100,455.56,268.0,0,0.0,0.0,,0.0,0,0.0,0.0,,0.0,bidTooLow
2021-12-01,611.0,18250.0,0.0,100,450.5,268.0,0,0.0,0.0,,0.0,0,0.0,0.0,,0.0,bidTooLow
2021-12-02,611.0,18940.0,0.0,100,457.4,268.0,0,0.0,0.0,,0.0,0,0.0,0.0,,0.0,bidTooLow
2021-12-03,611.0,18542.0,0.0,100,453.42,268.0,0,0.0,0.0,,0.0,0,0.0,0.0,,0.0,bidTooLow
2021-12-06,611.0,19079.0,0.0,100,458.79,268.0,0,0.0,0.0,,0.0,0,0.0,0.0,,0.0,bidTooLow
2021-12-07,611.0,20028.0,0.0,100,468.28,268.0,0,0.0,0.0,,0.0,0,0.0,0.0,,0.0,bidTooLow
2021-12-08,611.0,20152.0,0.0,100,469.52,268.0,0,0.0,0.0,,0.0,0,0.0,0.0,,0.0,bidTooLow
2021-12-09,611.0,19835.0,0.0,100,466.35,268.0,0,0.0,0.0,,0.0,0,0.0,0.0,,0.0,bidTooLow
2021-12-10,611.0,20274.0,0.0,100,470.74,268.0,0,0.0,0.0,,0.0,0,0.0,0.0,,0.0,bidTooLow
2021-12-13,611.0,19857.0,0.0,100,466.57,268.0,0,0.0,0.0,,0.0,0,0.0,0.0,,0.0,bidTooLow
2021-12-14,611.0,19536.0,0.0,100,463.36,268.0,0,0.0,0.0,,0.0,0,0.0,0.0,,0.0,bidTooLow
2021-12-15,611.0,20260.0,0.0,100,470.6,268.0,0,0.0,0.0,,0.0,0,0.0,0.0,,0.0,bidTooLow
2021-12-16,611.0,19845.0,0.0,100,466.45,268.0,0,0.0,0.0,,0.0,0,0.0,0.0,,0.0,bidTooLow
2021-12-17,611.0,19187.0,0.0,100,459.87,268.0,0,0.0,0.0,,0.0,0,0.0,0.0,,0.0,bidTooLow
2021-12-20,611.0,18698.0,0.0,100,454.98,268.0,0,0.0,0.0,,0.0,0,0.0,0.0,,0.0,bidTooLow
2021-12-21,611.0,19506.0,0.0,100,463.06,268.0,0,0.0,0.0,,0.0,0,0.0,0.0,,0.0,bidTooLow
2021-12-22,611.0,19969.0,0.0,100,467.69,268.0,0,0.0,0.0,,0.0,0,0.0,0.0,,0.0,bidTooLow
2021-12-23,611.0,20260.0,0.0,100,470.6,268.0,0,0.0,0.0,,0.0,0,0.0,0.0,,0.0,bidTooLow
2021-12-27,611.0,20926.0,0.0,100,477.26,268.0,0,0.0,0.0,,0.0,0,0.0,0.0,,0.0,bidTooLow
2021-12-28,611.0,20887.0,0.0,100,476.87,268.0,0,0.0,0.0,,0.0,0,0.0,0.0,,0.0,bidTooLow
2021-12-29,611.0,20948.0,0.0,100,477.48,268.0,0,0.0,0.0,,0.0,0,0.0,0.0,,0.0,bidTooLow
2021-12-30,611.0,20816.0,0.0,100,476.16,268.0,0,0.0,0.0,,0.0,0,0.0,0.0,,0.0,bidTooLow
2021-12-31,611.0,20696.0,0.0,100,474.96,268.0,0,0.0,0.0,,0.0,0,0.0,0.0,,0.0,bidTooLow
2022-01-03,611.0,20971.0,0.0,100,477.71,268.0,0,0.0,0.0,,0.0,0,0.0,0.0,,0.0,bidTooLow
2022-01-04,611.0,20955.0,0.0,100,477.55,268.0,0,0.0,0.0,,0.0,0,0.0,0.0,,0.0,bidTooLow
2022-01-05,611.0,20038.0,0.0,100,468.38,268.0,0,0.0,0.0,,0.0,0,0.0,0.0,,0.0,bidTooLow
2022-01-06,611.0,19994.0,0.0,100,467.94,268.0,0,0.0,0.0,,0.0,0,0.0,0.0,,0.0,bidTooLow
2022-01-07,611.0,19809.0,0.0,100,466.09,268.0,0,0.0,0.0,,0.0,0,0.0,0.0,,0.0,bidTooLow
2022-01-10,611.0,19751.0,0.0,100,465.51,268.0,0,0.0,0.0,,0.0,0,0.0,0.0,,0.0,bidTooLow
2022-01-11,611.0,20175.0,0.0,100,469.75,268.0,0,0.0,0.0,,0.0,0,0.0,0.0,,0.0,bidTooLow
2022-01-12,611.0,20302.0,0.0,100,471.02,268.0,0,0.0,0.0,,0.0,0,0.0,0.0,,0.0,bidTooLow
2022-01-13,611.0,19653.0,0.0,100,464.53,268.0,0,0.0,0.0,,0.0,0,0.0,0.0,,0.0,bidTooLow
2022-01-14,611.0,19672.0,0.0,100,464.72,268.0,0,0.0,0.0,,0.0,0,0.0,0.0,,0.0,bidTooLow
2022-01-18,611.0,18849.0,0.0,100,456.49,268.0,0,0.0,0.0,,0.0,0,0.0,0.0,,0.0,bidTooLow
2022-01-19,611.0,18375.0,0.0,100,451.75,268.0,0,0.0,0.0,,0.0,0,0.0,0.0,,0.0,bidTooLow
2022-01-20,611.0,17875.0,0.0,100,446.75,268.0,0,0.0,0.0,,0.0,0,0.0,0.0,,0.0,bidTooLow
2022-01-21,611.0,16998.0,0.0,100,437.98,268.0,0,0.0,0.0,,0.0,0,0.0,0.0,,0.0,bidTooLow
2022-01-24,611.0,17184.0,0.0,100,439.84,268.0,0,0.0,0.0,,0.0,0,0.0,0.0,,0.0,bidTooLow
2022-01-25,611.0,16647.0,0.0,100,434.47,268.0,0,0.0,0.0,,0.0,0,0.0,0.0,,0.0,bidTooLow
2022-01-26,611.0,16538.0,0.0,100,433.38,268.0,0,0.0,0.0,,0.0,0,0.0,0.0,,0.0,bidTooLow
2022-01-27,611.0,16324.0,0.0,100,431.24,268.0,0,0.0,0.0,,0.0,0,0.0,0.0,,0.0,bidTooLow
2022-01-28,611.0,17395.0,0.0,100,441.95,268.0,0,0.0,0.0,,0.0,0,0.0,0.0,,0.0,bidTooLow
2022-01-31,611.0,18191.0,0.0,100,449.91,268.0,0,0.0,0.0,,0.0,0,0.0,0.0,,0.0,bidTooLow
2022-02-01,611.0,18495.0,0.0,100,452.95,268.0,0,0.0,0.0,,0.0,0,0.0,0.0,,0.0,bidTooLow
2022-02-02,611.0,18935.0,0.0,100,457.35,268.0,0,0.0,0.0,,0.0,0,0.0,0.0,,0.0,bidTooLow
2022-02-03,611.0,17860.0,0.0,100,446.6,268.0,0,0.0,0.0,,0.0,0,0.0,0.0,,0.0,bidTooLow
2022-02-04,611.0,18070.0,0.0,100,448.7,268.0,0,0.0,0.0,,0.0,0,0.0,0.0,,0.0,bidTooLow
2022-02-07,611.0,17926.0,0.0,100,447.26,268.0,0,0.0,0.0,,0.0,0,0.0,0.0,,0.0,bidTooLow
2022-02-08,611.0,18294.0,0.0,100,450.94,268.0,0,0.0,0.0,,0.0,0,0.0,0.0,,0.0,bidTooLow
2022-02-09,611.0,18954.0,0.0,100,457.54,268.0,0,0.0,0.0,,0.0,0,0.0,0.0,,0.0,bidTooLow
2022-02-10,611.0,18132.0,0.0,100,449.32,268.0,0,0.0,0.0,,0.0,0,0.0,0.0,,0.0,bidTooLow
2022-02-11,611.0,17246.0,0.0,100,440.46,268.0,0,0.0,0.0,,0.0,0,0.0,0.0,,0.0,bidTooLow
2022-02-14,611.0,17102.0,0.0,100,439.02,268.0,0,0.0,0.0,,0.0,0,0.0,0.0,,0.0,bidTooLow
2022-02-15,611.0,17810.0,0.0,100,446.1,268.0,0,0.0,0.0,,0.0,0,0.0,0.0,,0.0,bidTooLow
2022-02-16,611.0,17860.0,0.0,100,446.6,268.0,0,0.0,0.0,,0.0,0,0.0,0.0,,0.0,bidTooLow
2022-02-17,611.0,16906.0,0.0,100,437.06,268.0,0,0.0,0.0,,0.0,0,0.0,0.0,,0.0,bidTooLow
2022-02-18,611.0,16623.0,0.0,100,434.23,268.0,0,0.0,0.0,,0.0,0,0.0,0.0,,0.0,bidTooLow
2022-02-22,611.0,16157.0,0.0,100,429.57,268.0,0,0.0,0.0,,0.0,0,0.0,0.0,,0.0,bidTooLow
2022-02-23,611.0,15395.0,0.0,100,421.95,268.0,0,0.0,0.0,,0.0,0,0.0,0.0,,0.0,bidTooLow
2022-02-24,611.0,16030.0,0.0,100,428.3,268.0,0,0.0,0.0,,0.0,0,0.0,0.0,,0.0,bidTooLow
2022-02-25,611.0,16975.0,0.0,100,437.75,268.0,0,0.0,0.0,,0.0,0,0.0,0.0,,0.0,bidTooLow
2022-02-28,611.0,16863.0,0.0,100,436.63,268.0,0,0.0,0.0,,0.0,0,0.0,0.0,,0.0,bidTooLow
2022-03-01,611.0,16198.0,0.0,100,429.98,268.0,0,0.0,0.0,,0.0,0,0.0,0.0,,0.0,bidTooLow
2022-03-02,611.0,16989.0,0.0,100,437.89,268.0,0,0.0,0.0,,0.0,0,0.0,0.0,,0.0,bidTooLow
2022-03-03,611.0,16771.0,0.0,100,435.71,268.0,0,0.0,0.0,,0.0,0,0.0,0.0,,0.0,bidTooLow
2022-03-04,611.0,16417.0,0.0,100,432.17,268.0,0,0.0,0.0,,0.0,0,0.0,0.0,,0.0,bidTooLow
2022-03-07,611.0,15143.0,0.0,100,419.43,268.0,0,0.0,0.0,,0.0,0,0.0,0.0,,0.0,bidTooLow
2022-03-08,611.0,14825.0,0.0,100,416.25,268.0,0,0.0,0.0,,0.0,0,0.0,0.0,,0.0,bidTooLow
2022-03-09,611.0,15941.0,0.0,100,427.41,268.0,0,0.0,0.0,,0.0,0,0.0,0.0,,0.0,bidTooLow
2022-03-10,611.0,15748.0,0.0,100,425.48,268.0,0,0.0,0.0,,0.0,0,0.0,0.0,,0.0,bidTooLow
2022-03-11,611.0,15207.0,0.0,100,420.07,268.0,0,0.0,0.0,,0.0,0,0.0,0.0,,0.0,bidTooLow
2022-03-14,611.0,14900.0,0.0,100,417.0,268.0,0,0.0,0.0,,0.0,0,0.0,0.0,,0.0,bidTooLow
2022-03-15,611.0,15817.0,0.0,100,426.17,268.0,0,0.0,0.0,,0.0,0,0.0,0.0,,0.0,bidTooLow
2022-03-16,611.0,16762.0,0.0,100,435.62,268.0,0,0.0,0.0,,0.0,0,0.0,0.0,,0.0,bidTooLow
2022-03-17,611.0,17307.0,0.0,100,441.07,268.0,0,0.0,0.0,,0.0,0,0.0,0.0,,0.0,bidTooLow
2022-03-18,611.0,17652.0,0.0,100,444.52,268.0,0,0.0,0.0,,0.0,0,0.0,0.0,,0.0,bidTooLow
2022-03-21,611.0,17639.0,0.0,100,444.39,268.0,0,0.0,0.0,,0.0,0,0.0,0.0,,0.0,bidTooLow
2022-03-22,611.0,18159.0,0.0,100,449.59,268.0,0,0.0,0.0,,0.0,0,0.0,0.0,,0.0,bidTooLow
2022-03-23,611.0,17580.0,0.0,100,443.8,268.0,0,0.0,0.0,,0.0,0,0.0,0.0,,0.0,bidTooLow
2022-03-24,611.0,18249.0,0.0,100,450.49,268.0,0,0.0,0.0,,0.0,0,0.0,0.0,,0.0,bidTooLow
2022-03-25,611.0,18469.0,0.0,100,452.69,268.0,0,0.0,0.0,,0.0,0,0.0,0.0,,0.0,bidTooLow
2022-03-28,611.0,18791.0,0.0,100,455.91,268.0,0,0.0,0.0,,0.0,0,0.0,0.0,,0.0,bidTooLow
2022-03-29,611.0,19355.0,0.0,100,461.55,268.0,0,0.0,0.0,,0.0,0,0.0,0.0,,0.0,bidTooLow
2022-03-30,611.0,19070.0,0.0,100,458.7,268.0,0,0.0,0.0,,0.0,0,0.0,0.0,,0.0,bidTooLow
2022-03-31,611.0,18364.0,0.0,100,451.64,268.0,0,0.0,0.0,,0.0,0,0.0,0.0,,0.0,bidTooLow
2022-04-01,611.0,18492.0,0.0,100,452.92,268.0,0,0.0,0.0,,0.0,0,0.0,0.0,,0.0,bidTooLow
2022-04-04,611.0,18880.0,0.0,100,456.8,268.0,0,0.0,0.0,,0.0,0,0.0,0.0,,0.0,bidTooLow
2022-04-05,611.0,18303.0,0.0,100,451.03,268.0,0,0.0,0.0,,0.0,0,0.0,0.0,,0.0,bidTooLow
2022-04-06,611.0,17852.0,0.0,100,446.52,268.0,0,0.0,0.0,,0.0,0,0.0,0.0,,0.0,bidTooLow
2022-04-07,611.0,18077.0,0.0,100,448.77,268.0,0,0.0,0.0,,0.0,0,0.0,0.0,,0.0,bidTooLow
2022-04-08,611.0,17957.0,0.0,100,447.57,268.0,0,0.0,0.0,,0.0,0,0.0,0.0,,0.0,bidTooLow
2022-04-11,611.0,17192.0,0.0,100,439.92,268.0,0,0.0,0.0,,0.0,0,0.0,0.0,,0.0,bidTooLow
2022-04-12,611.0,17029.0,0.0,100,438.29,268.0,0,0.0,0.0,,0.0,0,0.0,0.0,,0.0,bidTooLow
2022-04-13,611.0,17531.0,0.0,100,443.31,268.0,0,0.0,0.0,,0.0,0,0.0,0.0,,0.0,bidTooLow
2022-04-14,611.0,16979.0,0.0,100,437.79,268.0,0,0.0,0.0,,0.0,0,0.0,0.0,,0.0,bidTooLow
2022-04-18,611.0,16997.0,0.0,100,437.97,268.0,0,0.0,0.0,,0.0,0,0.0,0.0,,0.0,bidTooLow
2022-04-19,611.0,17704.0,0.0,100,445.04,268.0,0,0.0,0.0,,0.0,0,0.0,0.0,,0.0,bidTooLow
2022-04-20,611.0,17671.0,0.0,100,444.71,268.0,0,0.0,0.0,,0.0,0,0.0,0.0,,0.0,bidTooLow
2022-04-21,611.0,17006.0,0.0,100,438.06,268.0,0,0.0,0.0,,0.0,0,0.0,0.0,,0.0,bidTooLow
2022-04-22,611.0,15804.0,0.0,100,426.04,268.0,0,0.0,0.0,,0.0,0,0.0,0.0,,0.0,bidTooLow
2022-04-25,611.0,16051.0,0.0,100,428.51,268.0,0,0.0,0.0,,0.0,0,0.0,0.0,,0.0,bidTooLow
2022-04-26,611.0,14810.0,0.0,100,416.1,268.0,0,0.0,0.0,,0.0,0,0.0,0.0,,0.0,bidTooLow
2022-04-27,611.0,14927.0,0.0,100,417.27,268.0,0,0.0,0.0,,0.0,0,0.0,0.0,,0.0,bidTooLow
2022-04-28,611.0,15981.0,0.0,100,427.81,268.0,0,0.0,0.0,,0.0,0,0.0,0.0,,0.0,bidTooLow
2022-04-29,611.0,14400.0,0.0,100,412.0,268.0,0,0.0,0.0,,0.0,0,0.0,0.0,,0.0,bidTooLow
2022-05-02,611.0,14648.0,0.0,100,414.48,268.0,0,0.0,0.0,,0.0,0,0.0,0.0,,0.0,bidTooLow
2022-05-03,611.0,14838.0,0.0,100,416.38,268.0,0,0.0,0.0,,0.0,0,0.0,0.0,,0.0,bidTooLow
2022-05-04,611.0,16106.0,0.0,100,429.06,268.0,0,0.0,0.0,,0.0,0,0.0,0.0,,0.0,bidTooLow
2022-05-05,611.0,14581.0,0.0,100,413.81,268.0,0,0.0,0.0,,0.0,0,0.0,0.0,,0.0,bidTooLow
2022-05-06,611.0,14334.0,0.0,100,411.34,268.0,0,0.0,0.0,,0.0,0,0.0,0.0,,0.0,bidTooLow
2022-05-09,611.0,13017.0,0.0,100,398.17,268.0,0,0.0,0.0,,0.0,0,0.0,0.0,,0.0,bidTooLow
2022-05-10,611.0,13109.0,0.0,100,399.09,268.0,0,0.0,0.0,,0.0,0,0.0,0.0,,0.0,bidTooLow
2022-05-11,611.0,12475.0,0.0,100,392.75,268.0,0,0.0,0.0,,0.0,0,0.0,0.0,,0.0,bidTooLow
2022-05-12,611.0,12434.0,0.0,100,392.34,268.0,0,0.0,0.0,,0.0,0,0.0,0.0,,0.0,bidTooLow
2022-05-13,611.0,13372.0,0.0,100,401.72,268.0,0,0.0,0.0,,0.0,0,0.0,0.0,,0.0,bidTooLow
2022-05-16,611.0,13209.0,0.0,100,400.09,268.0,0,0.0,0.0,,0.0,0,0.0,0.0,,0.0,bidTooLow
2022-05-17,611.0,14032.0,0.0,100,408.32,268.0,0,0.0,0.0,,0.0,0,0.0,0.0,,0.0,bidTooLow
2022-05-18,611.0,12386.0,0.0,100,391.86,268.0,0,0.0,0.0,,0.0,0,0.0,0.0,,0.0,bidTooLow
2022-05-19,611.0,12146.0,0.0,100,389.46,268.0,0,0.0,0.0,,0.0,0,0.0,0.0,,0.0,bidTooLow
2022-05-20,611.0,12163.0,0.0,100,389.63,268.0,0,0.0,0.0,,0.0,0,0.0,0.0,,0.0,bidTooLow
2022-05-23,611.0,12892.0,0.0,100,396.92,268.0,0,0.0,0.0,,0.0,0,0.0,0.0,,0.0,bidTooLow
2022-05-24,611.0,12589.0,0.0,100,393.89,268.0,0,0.0,0.0,,0.0,0,0.0,0.0,,0.0,bidTooLow
2022-05-25,611.0,12937.0,0.0,100,397.37,268.0,0,0.0,0.0,,0.0,0,0.0,0.0,,0.0,bidTooLow
2022-05-26,611.0,13731.0,0.0,100,405.31,268.0,0,0.0,0.0,,0.0,0,0.0,0.0,,0.0,bidTooLow
2022-05-27,611.0,14726.0,0.0,100,415.26,268.0,0,0.0,0.0,,0.0,0,0.0,0.0,,0.0,bidTooLow
2022-05-31,611.0,14493.0,0.0,100,412.93,268.0,0,0.0,0.0,,0.0,0,0.0,0.0,,0.0,bidTooLow
2022-06-01,611.0,14159.0,0.0,100,409.59,268.0,0,0.0,0.0,,0.0,0,0.0,0.0,,0.0,bidTooLow
2022-06-02,611.0,14939.0,0.0,100,417.39,268.0,0,0.0,0.0,,0.0,0,0.0,0.0,,0.0,bidTooLow
2022-06-03,611.0,14254.0,0.0,100,410.54,268.0,0,0.0,0.0,,0.0,0,0.0,0.0,,0.0,bidTooLow
2022-06-06,611.0,14379.0,0.0,100,411.79,268.0,0,0.0,0.0,,0.0,0,0.0,0.0,,0.0,bidTooLow
2022-06-07,611.0,14774.0,0.0,100,415.74,268.0,0,0.0,0.0,,0.0,0,0.0,0.0,,0.0,bidTooLow
2022-06-08,611.0,14322.0,0.0,100,411.22,268.0,0,0.0,0.0,,0.0,0,0.0,0.0,,0.0,bidTooLow
2022-06-09,611.0,13344.0,0.0,100,401.44,268.0,0,0.0,0.0,,0.0,0,0.0,0.0,,0.0,bidTooLow
2022-06-10,611.0,12180.0,0.0,100,389.8,268.0,0,0.0,0.0,,0.0,0,0.0,0.0,,0.0,bidTooLow
2022-06-13,611.0,10700.0,0.0,100,375.0,268.0,0,0.0,0.0,,0.0,0,0.0,0.0,,0.0,bidTooLow
2022-06-14,611.0,10587.0,0.0,100,373.87,268.0,0,0.0,0.0,,0.0,0,0.0,0.0,,0.0,bidTooLow
2022-06-15,611.0,11120.0,0.0,100,379.2,268.0,0,0.0,0.0,,0.0,0,0.0,0.0,,0.0,bidTooLow
2022-06-16,611.0,9865.0,0.0,100,366.65,268.0,0,0.0,0.0,,0.0,0,0.0,0.0,,0.0,bidTooLow
2022-06-17,611.0,9786.0,0.0,100,365.86,268.0,0,0.0,0.0,,0.0,0,0.0,0.0,,0.0,bidTooLow
2022-06-21,611.0,10707.0,0.0,100,375.07,268.0,0,0.0,0.0,,0.0,0,0.0,0.0,,0.0,bidTooLow
2022-06-22,611.0,10639.0,0.0,100,374.39,268.0,0,0.0,0.0,,0.0,0,0.0,0.0,,0.0,bidTooLow
2022-06-23,611.0,11006.0,0.0,100,378.06,268.0,0,0.0,0.0,,0.0,0,0.0,0.0,,0.0,bidTooLow
2022-06-24,611.0,12208.0,0.0,100,390.08,268.0,0,0.0,0.0,,0.0,0,0.0,0.0,,0.0,bidTooLow
2022-06-27,611.0,12059.0,0.0,100,388.59,268.0,0,0.0,0.0,,0.0,0,0.0,0.0,,0.0,bidTooLow
2022-06-28,611.0,11265.0,0.0,100,380.65,268.0,0,0.0,0.0,,0.0,0,0.0,0.0,,0.0,bidTooLow
2022-06-29,611.0,11234.0,0.0,100,380.34,268.0,0,0.0,0.0,,0.0,0,0.0,0.0,,0.0,bidTooLow
2022-06-30,611.0,10925.0,0.0,100,377.25,268.0,0,0.0,0.0,,0.0,0,0.0,0.0,,0.0,bidTooLow
2022-07-01,611.0,11324.0,0.0,100,381.24,268.0,0,0.0,0.0,,0.0,0,0.0,0.0,,0.0,bidTooLow
2022-07-05,611.0,11396.0,0.0,100,381.96,268.0,0,0.0,0.0,,0.0,0,0.0,0.0,,0.0,bidTooLow
2022-07-06,611.0,11525.0,0.0,100,383.25,268.0,0,0.0,0.0,,0.0,0,0.0,0.0,,0.0,bidTooLow
2022-07-07,611.0,12099.0,0.0,100,388.99,268.0,0,0.0,0.0,,0.0,0,0.0,0.0,,0.0,bidTooLow
2022-07-08,611.0,12067.0,0.0,100,388.67,268.0,0,0.0,0.0,,0.0,0,0.0,0.0,,0.0,bidTooLow
2022-07-11,611.0,11623.0,0.0,100,384.23,268.0,0,0.0,0.0,,0.0,0,0.0,0.0,,0.0,bidTooLow
2022-07-12,611.0,11283.0,0.0,100,380.83,268.0,0,0.0,0.0,,0.0,0,0.0,0.0,,0.0,bidTooLow
2022-07-13,611.0,11083.0,0.0,100,378.83,268.0,0,0.0,0.0,,0.0,0,0.0,0.0,,0.0,bidTooLow
2022-07-14,611.0,10991.0,0.0,100,377.91,268.0,0,0.0,0.0,,0.0,0,0.0,0.0,,0.0,bidTooLow
2022-07-15,611.0,11713.0,0.0,100,385.13,268.0,0,0.0,0.0,,0.0,0,0.0,0.0,,0.0,bidTooLow
2022-07-18,611.0,11395.0,0.0,100,381.95,268.0,0,0.0,0.0,,0.0,0,0.0,0.0,,0.0,bidTooLow
2022-07-19,611.0,12424.0,0.0,100,392.27,268.0,0,0.0,0.0,,0.0,1,0.29,0.32,SPY220722C00403000,403.0,normalDay
2022-07-20,611.0,12667.0,0.0,100,394.77,268.0,0,0.0,0.0,,0.0,1,0.29,0.39,SPY220722C00403000,403.0,normalDay
2022-07-21,611.0,13072.0,0.0,100,398.79,268.0,0,0.0,0.0,,0.0,1,0.29,0.36,SPY220722C00403000,403.0,normalDay
2022-07-22,640.0,12709.0,29.0,100,395.09,268.0,0,0.0,0.0,,0.0,1,0.29,0.0,SPY220722C00403000,403.0,expirationDay
2022-07-25,640.0,12757.0,0.0,100,395.57,268.0,0,0.0,0.0,,0.0,0,0.0,0.0,,0.0,bidTooLow
2022-07-26,640.0,12286.0,0.0,100,390.89,268.0,0,0.0,0.0,,0.0,1,0.01,0.04,SPY220729C00412500,412.5,normalDay
2022-07-27,640.0,13294.0,0.0,100,401.04,268.0,0,0.0,0.0,,0.0,1,0.01,0.11,SPY220729C00412500,412.5,normalDay
2022-07-28,640.0,13779.0,0.0,100,406.07,268.0,0,0.0,0.0,,0.0,1,0.01,0.29,SPY220729C00412500,412.5,normalDay
2022-07-29,641.0,14399.0,1.0,100,411.99,268.0,0,0.0,0.0,,0.0,1,0.01,0.0,SPY220729C00412500,412.5,expirationDay
2022-08-01,641.0,14277.0,0.0,100,410.77,268.0,0,0.0,0.0,,0.0,0,0.0,0.0,,0.0,bidTooLow
2022-08-02,641.0,14006.0,0.0,100,408.06,268.0,0,0.0,0.0,,0.0,0,0.0,0.0,,0.0,bidTooLow
2022-08-03,641.0,14645.0,0.0,100,414.45,268.0,0,0.0,0.0,,0.0,0,0.0,0.0,,0.0,bidTooLow
2022-08-04,641.0,14617.0,0.0,100,414.17,268.0,0,0.0,0.0,,0.0,0,0.0,0.0,,0.0,bidTooLow
2022-08-05,641.0,14547.0,0.0,100,413.47,268.0,0,0.0,0.0,,0.0,0,0.0,0.0,,0.0,bidTooLow
2022-08-08,641.0,14499.0,0.0,100,412.99,268.0,0,0.0,0.0,,0.0,0,0.0,0.0,,0.0,bidTooLow
2022-08-09,641.0,14335.0,0.0,100,411.35,268.0,0,0.0,0.0,,0.0,0,0.0,0.0,,0.0,bidTooLow
2022-08-10,641.0,15199.0,0.0,100,419.99,268.0,0,0.0,0.0,,0.0,0,0.0,0.0,,0.0,bidTooLow
2022-08-11,641.0,15199.0,0.0,100,419.99,268.0,0,0.0,0.0,,0.0,0,0.0,0.0,,0.0,bidTooLow
2022-08-12,641.0,15910.0,0.0,100,427.1,268.0,0,0.0,0.0,,0.0,0,0.0,0.0,,0.0,bidTooLow
2022-08-15,641.0,16086.0,0.0,100,428.86,268.0,0,0.0,0.0,,0.0,0,0.0,0.0,,0.0,bidTooLow
2022-08-16,641.0,16170.0,0.0,100,429.7,268.0,0,0.0,0.0,,0.0,0,0.0,0.0,,0.0,bidTooLow
2022-08-17,641.0,15865.0,0.0,100,426.65,268.0,0,0.0,0.0,,0.0,0,0.0,0.0,,0.0,bidTooLow
2022-08-18,641.0,15989.0,0.0,100,427.89,268.0,0,0.0,0.0,,0.0,0,0.0,0.0,,0.0,bidTooLow
2022-08-19,641.0,15414.0,0.0,100,422.14,268.0,0,0.0,0.0,,0.0,0,0.0,0.0,,0.0,bidTooLow
2022-08-22,641.0,14535.0,0.0,100,413.35,268.0,0,0.0,0.0,,0.0,0,0.0,0.0,,0.0,bidTooLow
2022-08-23,641.0,14435.0,0.0,100,412.35,268.0,0,0.0,0.0,,0.0,0,0.0,0.0,,0.0,bidTooLow
2022-08-24,641.0,14567.0,0.0,100,413.67,268.0,0,0.0,0.0,,0.0,0,0.0,0.0,,0.0,bidTooLow
2022-08-25,641.0,15151.0,0.0,100,419.51,268.0,0,0.0,0.0,,0.0,0,0.0,0.0,,0.0,bidTooLow
2022-08-26,641.0,13731.0,0.0,100,405.31,268.0,0,0.0,0.0,,0.0,0,0.0,0.0,,0.0,bidTooLow
2022-08-29,641.0,13463.0,0.0,100,402.63,268.0,0,0.0,0.0,,0.0,0,0.0,0.0,,0.0,bidTooLow
2022-08-30,641.0,13021.0,0.0,100,398.21,268.0,0,0.0,0.0,,0.0,0,0.0,0.0,,0.0,bidTooLow
2022-08-31,641.0,12718.0,0.0,100,395.18,268.0,0,0.0,0.0,,0.0,0,0.0,0.0,,0.0,bidTooLow
2022-09-01,641.0,12842.0,0.0,100,396.42,268.0,0,0.0,0.0,,0.0,0,0.0,0.0,,0.0,bidTooLow
2022-09-02,641.0,12424.0,0.0,100,392.24,268.0,0,0.0,0.0,,0.0,0,0.0,0.0,,0.0,bidTooLow
2022-09-06,641.0,12276.0,0.0,100,390.76,268.0,0,0.0,0.0,,0.0,0,0.0,0.0,,0.0,bidTooLow
2022-09-07,641.0,12978.0,0.0,100,397.78,268.0,0,0.0,0.0,,0.0,0,0.0,0.0,,0.0,bidTooLow
2022-09-08,641.0,13238.0,0.0,100,400.38,268.0,0,0.0,0.0,,0.0,0,0.0,0.0,,0.0,bidTooLow
2022-09-09,641.0,13860.0,0.0,100,406.6,268.0,0,0.0,0.0,,0.0,0,0.0,0.0,,0.0,bidTooLow
2022-09-12,641.0,14297.0,0.0,100,410.97,268.0,0,0.0,0.0,,0.0,0,0.0,0.0,,0.0,bidTooLow
2022-09-13,641.0,12510.0,0.0,100,393.1,268.0,0,0.0,0.0,,0.0,0,0.0,0.0,,0.0,bidTooLow
2022-09-14,641.0,12660.0,0.0,100,394.6,268.0,0,0.0,0.0,,0.0,0,0.0,0.0,,0.0,bidTooLow
2022-09-15,641.0,12212.0,0.0,100,390.12,268.0,0,0.0,0.0,,0.0,0,0.0,0.0,,0.0,bidTooLow
2022-09-16,641.0,11756.0,0.0,100,385.56,268.0,0,0.0,0.0,,0.0,0,0.0,0.0,,0.0,bidTooLow
2022-09-19,641.0,12055.0,0.0,100,388.55,268.0,0,0.0,0.0,,0.0,0,0.0,0.0,,0.0,bidTooLow
2022-09-20,641.0,11609.0,0.0,100,384.09,268.0,0,0.0,0.0,,0.0,0,0.0,0.0,,0.0,bidTooLow
2022-09-21,641.0,10939.0,0.0,100,377.39,268.0,0,0.0,0.0,,0.0,0,0.0,0.0,,0.0,bidTooLow
2022-09-22,641.0,10622.0,0.0,100,374.22,268.0,0,0.0,0.0,,0.0,0,0.0,0.0,,0.0,bidTooLow
2022-09-23,641.0,9995.0,0.0,100,367.95,268.0,0,0.0,0.0,,0.0,0,0.0,0.0,,0.0,bidTooLow
2022-09-26,641.0,9631.0,0.0,100,364.31,268.0,0,0.0,0.0,,0.0,0,0.0,0.0,,0.0,bidTooLow
2022-09-27,641.0,9538.0,0.0,100,363.38,268.0,0,0.0,0.0,,0.0,0,0.0,0.0,,0.0,bidTooLow
2022-09-28,641.0,10253.0,0.0,100,370.53,268.0,0,0.0,0.0,,0.0,0,0.0,0.0,,0.0,bidTooLow
2022-09-29,641.0,9479.0,0.0,100,362.79,268.0,0,0.0,0.0,,0.0,0,0.0,0.0,,0.0,bidTooLow
2022-09-30,641.0,8918.0,0.0,100,357.18,268.0,0,0.0,0.0,,0.0,0,0.0,0.0,,0.0,bidTooLow
2022-10-03,641.0,9861.0,0.0,100,366.61,268.0,0,0.0,0.0,,0.0,0,0.0,0.0,,0.0,bidTooLow
2022-10-04,641.0,10997.0,0.0,100,377.97,268.0,0,0.0,0.0,,0.0,0,0.0,0.0,,0.0,bidTooLow
2022-10-05,641.0,10909.0,0.0,100,377.09,268.0,0,0.0,0.0,,0.0,0,0.0,0.0,,0.0,bidTooLow
2022-10-06,641.0,10520.0,0.0,100,373.2,268.0,0,0.0,0.0,,0.0,0,0.0,0.0,,0.0,bidTooLow
2022-10-07,641.0,9479.0,0.0,100,362.79,268.0,0,0.0,0.0,,0.0,0,0.0,0.0,,0.0,bidTooLow
2022-10-10,641.0,9202.0,0.0,100,360.02,268.0,0,0.0,0.0,,0.0,0,0.0,0.0,,0.0,bidTooLow
2022-10-11,641.0,8974.0,0.0,100,357.74,268.0,0,0.0,0.0,,0.0,0,0.0,0.0,,0.0,bidTooLow
2022-10-12,641.0,8856.0,0.0,100,356.56,268.0,0,0.0,0.0,,0.0,0,0.0,0.0,,0.0,bidTooLow
2022-10-13,641.0,9797.0,0.0,100,365.97,268.0,0,0.0,0.0,,0.0,0,0.0,0.0,,0.0,bidTooLow
2022-10-14,641.0,8963.0,0.0,100,357.63,268.0,0,0.0,0.0,,0.0,0,0.0,0.0,,0.0,bidTooLow
2022-10-17,641.0,9882.0,0.0,100,366.82,268.0,0,0.0,0.0,,0.0,0,0.0,0.0,,0.0,bidTooLow
2022-10-18,641.0,10310.0,0.0,100,371.13,268.0,0,0.0,0.0,,0.0,1,0.04,0.07,SPY221021C00395000,395.0,normalDay
2022-10-19,641.0,10052.0,0.0,100,368.5,268.0,0,0.0,0.0,,0.0,1,0.04,0.02,SPY221021C00395000,395.0,normalDay
2022-10-20,641.0,9744.0,0.0,100,365.41,268.0,0,0.0,0.0,,0.0,1,0.04,0.01,SPY221021C00395000,395.0,normalDay
2022-10-21,645.0,10629.0,4.0,100,374.29,268.0,0,0.0,0.0,,0.0,1,0.04,0.0,SPY221021C00395000,395.0,expirationDay
2022-10-24,645.0,11084.0,0.0,100,378.87,268.0,0,0.0,0.0,,0.0,1,0.06,0.09,SPY221026C00395000,395.0,normalDay
2022-10-25,645.0,11694.0,0.0,100,384.92,268.0,0,0.0,0.0,,0.0,1,0.06,0.04,SPY221026C00395000,395.0,normalDay
2022-10-26,651.0,11402.0,6.0,100,382.02,268.0,0,0.0,0.0,,0.0,1,0.06,0.0,SPY221026C00395000,395.0,expirationDay
2022-10-27,651.0,11198.0,0.0,100,379.98,268.0,0,0.0,0.0,,0.0,0,0.0,0.0,,0.0,bidTooLow
2022-10-28,651.0,12102.0,0.0,100,389.02,268.0,0,0.0,0.0,,0.0,0,0.0,0.0,,0.0,bidTooLow
2022-10-31,651.0,11821.0,0.0,100,386.21,268.0,0,0.0,0.0,,0.0,0,0.0,0.0,,0.0,bidTooLow
2022-11-01,651.0,11649.0,0.0,100,384.52,268.0,0,0.0,0.0,,0.0,1,0.02,0.05,SPY221104C00414000,414.0,normalDay
2022-11-02,651.0,10688.0,0.0,100,374.87,268.0,0,0.0,0.0,,0.0,1,0.02,0.01,SPY221104C00414000,414.0,normalDay
2022-11-03,651.0,10302.0,0.0,100,371.01,268.0,0,0.0,0.0,,0.0,1,0.02,0.01,SPY221104C00414000,414.0,normalDay
2022-11-04,653.0,10835.0,2.0,100,376.35,268.0,0,0.0,0.0,,0.0,1,0.02,0.0,SPY221104C00414000,414.0,expirationDay
2022-11-07,653.0,11195.0,0.0,100,379.95,268.0,0,0.0,0.0,,0.0,0,0.0,0.0,,0.0,bidTooLow
2022-11-08,653.0,11400.0,0.0,100,382.0,268.0,0,0.0,0.0,,0.0,0,0.0,0.0,,0.0,bidTooLow
2022-11-09,653.0,10613.0,0.0,100,374.13,268.0,0,0.0,0.0,,0.0,0,0.0,0.0,,0.0,bidTooLow
2022-11-10,653.0,12669.0,0.0,100,394.69,268.0,0,0.0,0.0,,0.0,0,0.0,0.0,,0.0,bidTooLow
2022-11-11,653.0,13051.0,0.0,100,398.51,268.0,0,0.0,0.0,,0.0,0,0.0,0.0,,0.0,bidTooLow
2022-11-14,653.0,12712.0,0.0,100,395.12,268.0,0,0.0,0.0,,0.0,0,0.0,0.0,,0.0,bidTooLow
2022-11-15,653.0,13046.0,0.0,100,398.49,268.0,0,0.0,0.0,,0.0,1,0.02,0.05,SPY221118C00420000,420.0,normalDay
2022-11-16,653.0,12745.0,0.0,100,395.45,268.0,0,0.0,0.0,,0.0,1,0.02,0.02,SPY221118C00420000,420.0,normalDay
2022-11-17,653.0,12625.0,0.0,100,394.24,268.0,0,0.0,0.0,,0.0,1,0.02,0.01,SPY221118C00420000,420.0,normalDay
2022-11-18,655.0,12803.0,2.0,100,396.03,268.0,0,0.0,0.0,,0.0,1,0.02,0.0,SPY221118C00420000,420.0,expirationDay
2022-11-21,655.0,12659.0,0.0,100,394.59,268.0,0,0.0,0.0,,0.0,0,0.0,0.0,,0.0,bidTooLow
2022-11-22,655.0,13190.0,0.0,100,399.9,268.0,0,0.0,0.0,,0.0,0,0.0,0.0,,0.0,bidTooLow
2022-11-23,655.0,13442.0,0.0,100,402.42,268.0,0,0.0,0.0,,0.0,0,0.0,0.0,,0.0,bidTooLow
2022-11-25,655.0,13433.0,0.0,100,402.33,268.0,0,0.0,0.0,,0.0,0,0.0,0.0,,0.0,bidTooLow
2022-11-28,655.0,12791.0,0.0,100,395.91,268.0,0,0.0,0.0,,0.0,0,0.0,0.0,,0.0,bidTooLow
2022-11-29,655.0,12723.0,0.0,100,395.23,268.0,0,0.0,0.0,,0.0,0,0.0,0.0,,0.0,bidTooLow
2022-11-30,655.0,13968.0,0.0,100,407.68,268.0,0,0.0,0.0,,0.0,0,0.0,0.0,,0.0,bidTooLow
2022-12-01,655.0,13938.0,0.0,100,407.38,268.0,0,0.0,0.0,,0.0,0,0.0,0.0,,0.0,bidTooLow
2022-12-02,655.0,13891.0,0.0,100,406.91,268.0,0,0.0,0.0,,0.0,0,0.0,0.0,,0.0,bidTooLow
2022-12-05,655.0,13159.0,0.0,100,399.59,268.0,0,0.0,0.0,,0.0,0,0.0,0.0,,0.0,bidTooLow
2022-12-06,655.0,12583.0,0.0,100,393.83,268.0,0,0.0,0.0,,0.0,0,0.0,0.0,,0.0,bidTooLow
2022-12-07,655.0,12516.0,0.0,100,393.16,268.0,0,0.0,0.0,,0.0,0,0.0,0.0,,0.0,bidTooLow
2022-12-08,655.0,12824.0,0.0,100,396.24,268.0,0,0.0,0.0,,0.0,0,0.0,0.0,,0.0,bidTooLow
2022-12-09,655.0,12528.0,0.0,100,393.28,268.0,0,0.0,0.0,,0.0,0,0.0,0.0,,0.0,bidTooLow
2022-12-12,655.0,13092.0,0.0,100,398.95,268.0,0,0.0,0.0,,0.0,1,0.78,0.81,SPY221215C00417000,417.0,normalDay
2022-12-13,655.0,13433.0,0.0,100,401.97,268.0,0,0.0,0.0,,0.0,1,0.78,0.42,SPY221215C00417000,417.0,normalDay
2022-12-14,655.0,13217.0,0.0,100,399.4,268.0,0,0.0,0.0,,0.0,1,0.78,0.01,SPY221215C00417000,417.0,normalDay
2022-12-15,733.0,12163.0,78.0,100,389.63,268.0,0,0.0,0.0,,0.0,1,0.78,0.0,SPY221215C00417000,417.0,expirationDay
2022-12-16,733.0,11527.0,0.0,100,383.27,268.0,0,0.0,0.0,,0.0,0,0.0,0.0,,0.0,bidTooLow
2022-12-19,733.0,11202.0,0.0,100,380.02,268.0,0,0.0,0.0,,0.0,0,0.0,0.0,,0.0,bidTooLow
2022-12-20,733.0,11254.0,0.0,100,380.54,268.0,0,0.0,0.0,,0.0,0,0.0,0.0,,0.0,bidTooLow
2022-12-21,733.0,11823.0,0.0,100,386.23,268.0,0,0.0,0.0,,0.0,0,0.0,0.0,,0.0,bidTooLow
2022-12-22,733.0,11272.0,0.0,100,380.72,268.0,0,0.0,0.0,,0.0,0,0.0,0.0,,0.0,bidTooLow
2022-12-23,733.0,11491.0,0.0,100,382.91,268.0,0,0.0,0.0,,0.0,0,0.0,0.0,,0.0,bidTooLow
2022-12-27,733.0,11340.0,0.0,100,381.4,268.0,0,0.0,0.0,,0.0,0,0.0,0.0,,0.0,bidTooLow
2022-12-28,733.0,10866.0,0.0,100,376.66,268.0,0,0.0,0.0,,0.0,0,0.0,0.0,,0.0,bidTooLow
2022-12-29,733.0,11544.0,0.0,100,383.44,268.0,0,0.0,0.0,,0.0,0,0.0,0.0,,0.0,bidTooLow
2022-12-30,733.0,11443.0,0.0,100,382.43,268.0,0,0.0,0.0,,0.0,0,0.0,0.0,,0.0,bidTooLow
2023-01-03,733.0,11282.0,0.0,100,380.82,268.0,0,0.0,0.0,,0.0,0,0.0,0.0,,0.0,bidTooLow
2023-01-04,733.0,11576.0,0.0,100,383.76,268.0,0,0.0,0.0,,0.0,0,0.0,0.0,,0.0,bidTooLow
2023-01-05,733.0,11138.0,0.0,100,379.38,268.0,0,0.0,0.0,,0.0,0,0.0,0.0,,0.0,bidTooLow
2023-01-06,733.0,12008.0,0.0,100,388.08,268.0,0,0.0,0.0,,0.0,0,0.0,0.0,,0.0,bidTooLow
2023-01-09,733.0,11986.0,0.0,100,387.86,268.0,0,0.0,0.0,,0.0,0,0.0,0.0,,0.0,bidTooLow
2023-01-10,733.0,12258.0,0.0,100,390.58,268.0,0,0.0,0.0,,0.0,0,0.0,0.0,,0.0,bidTooLow
2023-01-11,733.0,12749.0,0.0,100,395.52,268.0,0,0.0,0.0,,0.0,1,0.07,0.1,SPY230113C00413000,413.0,normalDay
2023-01-12,733.0,12902.0,0.0,100,396.96,268.0,0,0.0,0.0,,0.0,1,0.07,0.01,SPY230113C00413000,413.0,normalDay
2023-01-13,740.0,13050.0,7.0,100,398.5,268.0,0,0.0,0.0,,0.0,1,0.07,0.0,SPY230113C00413000,413.0,expirationDay
2023-01-17,740.0,12977.0,0.0,100,397.77,268.0,0,0.0,0.0,,0.0,0,0.0,0.0,,0.0,bidTooLow
2023-01-18,740.0,12349.0,0.0,100,391.49,268.0,0,0.0,0.0,,0.0,0,0.0,0.0,,0.0,bidTooLow
2023-01-19,740.0,12064.0,0.0,100,388.64,268.0,0,0.0,0.0,,0.0,0,0.0,0.0,,0.0,bidTooLow
2023-01-20,740.0,12788.0,0.0,100,395.88,268.0,0,0.0,0.0,,0.0,0,0.0,0.0,,0.0,bidTooLow
2023-01-23,740.0,13263.0,0.0,100,400.63,268.0,0,0.0,0.0,,0.0,0,0.0,0.0,,0.0,bidTooLow
2023-01-24,740.0,13220.0,0.0,100,400.2,268.0,0,0.0,0.0,,0.0,0,0.0,0.0,,0.0,bidTooLow
2023-01-25,740.0,13235.0,0.0,100,400.35,268.0,0,0.0,0.0,,0.0,0,0.0,0.0,,0.0,bidTooLow
2023-01-26,740.0,13675.0,0.0,100,404.75,268.0,0,0.0,0.0,,0.0,0,0.0,0.0,,0.0,bidTooLow
2023-01-27,740.0,13768.0,0.0,100,405.68,268.0,0,0.0,0.0,,0.0,0,0.0,0.0,,0.0,bidTooLow
2023-01-30,740.0,13259.0,0.0,100,400.59,268.0,0,0.0,0.0,,0.0,0,0.0,0.0,,0.0,bidTooLow
2023-01-31,740.0,13845.0,0.0,100,406.48,268.0,0,0.0,0.0,,0.0,1,0.02,0.05,SPY230203C00427000,427.0,normalDay
2023-02-01,740.0,14277.0,0.0,100,410.8,268.0,0,0.0,0.0,,0.0,1,0.02,0.05,SPY230203C00427000,427.0,normalDay
2023-02-02,740.0,14874.0,0.0,100,416.78,268.0,0,0.0,0.0,,0.0,1,0.02,0.06,SPY230203C00427000,427.0,normalDay
2023-02-03,742.0,14435.0,2.0,100,412.35,268.0,0,0.0,0.0,,0.0,1,0.02,0.0,SPY230203C00427000,427.0,expirationDay
2023-02-06,742.0,14183.0,0.0,100,409.83,268.0,0,0.0,0.0,,0.0,0,0.0,0.0,,0.0,bidTooLow
2023-02-07,742.0,14719.0,0.0,100,415.19,268.0,0,0.0,0.0,,0.0,0,0.0,0.0,,0.0,bidTooLow
2023-02-08,742.0,14265.0,0.0,100,410.65,268.0,0,0.0,0.0,,0.0,0,0.0,0.0,,0.0,bidTooLow
2023-02-09,742.0,13909.0,0.0,100,407.09,268.0,0,0.0,0.0,,0.0,0,0.0,0.0,,0.0,bidTooLow
2023-02-10,742.0,14004.0,0.0,100,408.04,268.0,0,0.0,0.0,,0.0,0,0.0,0.0,,0.0,bidTooLow
2023-02-13,742.0,14483.0,0.0,100,412.83,268.0,0,0.0,0.0,,0.0,0,0.0,0.0,,0.0,bidTooLow
2023-02-14,742.0,14464.0,0.0,100,412.64,268.0,0,0.0,0.0,,0.0,0,0.0,0.0,,0.0,bidTooLow
2023-02-15,742.0,14598.0,0.0,100,413.98,268.0,0,0.0,0.0,,0.0,0,0.0,0.0,,0.0,bidTooLow
2023-02-16,742.0,14028.0,0.0,100,408.28,268.0,0,0.0,0.0,,0.0,0,0.0,0.0,,0.0,bidTooLow
2023-02-17,742.0,13926.0,0.0,100,407.26,268.0,0,0.0,0.0,,0.0,0,0.0,0.0,,0.0,bidTooLow
2023-02-21,742.0,13109.0,0.0,100,399.09,268.0,0,0.0,0.0,,0.0,0,0.0,0.0,,0.0,bidTooLow
2023-02-22,742.0,13054.0,0.0,100,398.54,268.0,0,0.0,0.0,,0.0,0,0.0,0.0,,0.0,bidTooLow
2023-02-23,742.0,13266.0,0.0,100,400.66,268.0,0,0.0,0.0,,0.0,0,0.0,0.0,,0.0,bidTooLow
2023-02-24,742.0,12838.0,0.0,100,396.38,268.0,0,0.0,0.0,,0.0,0,0.0,0.0,,0.0,bidTooLow
2023-02-27,742.0,12973.0,0.0,100,397.73,268.0,0,0.0,0.0,,0.0,0,0.0,0.0,,0.0,bidTooLow
2023-02-28,742.0,12826.0,0.0,100,396.26,268.0,0,0.0,0.0,,0.0,0,0.0,0.0,,0.0,bidTooLow
2023-03-01,742.0,12674.0,0.0,100,394.74,268.0,0,0.0,0.0,,0.0,0,0.0,0.0,,0.0,bidTooLow
2023-03-02,742.0,12981.0,0.0,100,397.81,268.0,0,0.0,0.0,,0.0,0,0.0,0.0,,0.0,bidTooLow
2023-03-03,742.0,13619.0,0.0,100,404.19,268.0,0,0.0,0.0,,0.0,0,0.0,0.0,,0.0,bidTooLow
2023-03-06,742.0,13647.0,0.0,100,404.47,268.0,0,0.0,0.0,,0.0,0,0.0,0.0,,0.0,bidTooLow
2023-03-07,742.0,13027.0,0.0,100,398.27,268.0,0,0.0,0.0,,0.0,0,0.0,0.0,,0.0,bidTooLow
2023-03-08,742.0,13092.0,0.0,100,398.92,268.0,0,0.0,0.0,,0.0,0,0.0,0.0,,0.0,bidTooLow
2023-03-09,742.0,12356.0,0.0,100,391.56,268.0,0,0.0,0.0,,0.0,0,0.0,0.0,,0.0,bidTooLow
2023-03-10,742.0,11791.0,0.0,100,385.91,268.0,0,0.0,0.0,,0.0,0,0.0,0.0,,0.0,bidTooLow
2023-03-13,742.0,11736.0,0.0,100,385.36,268.0,0,0.0,0.0,,0.0,0,0.0,0.0,,0.0,bidTooLow
2023-03-14,742.0,12373.0,0.0,100,391.73,268.0,0,0.0,0.0,,0.0,0,0.0,0.0,,0.0,bidTooLow
2023-03-15,742.0,12128.0,0.0,100,389.28,268.0,0,0.0,0.0,,0.0,0,0.0,0.0,,0.0,bidTooLow
2023-03-16,742.0,12811.0,0.0,100,396.11,268.0,0,0.0,0.0,,0.0,0,0.0,0.0,,0.0,bidTooLow
2023-03-17,742.0,12199.0,0.0,100,389.99,268.0,0,0.0,0.0,,0.0,0,0.0,0.0,,0.0,bidTooLow
2023-03-20,742.0,12574.0,0.0,100,393.74,268.0,0,0.0,0.0,,0.0,0,0.0,0.0,,0.0,bidTooLow
2023-03-21,742.0,13088.0,0.0,100,398.91,268.0,0,0.0,0.0,,0.0,1,0.04,0.07,SPY230324C00417000,417.0,normalDay
2023-03-22,742.0,12414.0,0.0,100,392.11,268.0,0,0.0,0.0,,0.0,1,0.04,0.01,SPY230324C00417000,417.0,normalDay
2023-03-23,742.0,12520.0,0.0,100,393.17,268.0,0,0.0,0.0,,0.0,1,0.04,0.01,SPY230324C00417000,417.0,normalDay
2023-03-24,746.0,12775.0,4.0,100,395.75,268.0,0,0.0,0.0,,0.0,1,0.04,0.0,SPY230324C00417000,417.0,expirationDay
2023-03-27,746.0,12849.0,0.0,100,396.49,268.0,0,0.0,0.0,,0.0,0,0.0,0.0,,0.0,bidTooLow
2023-03-28,746.0,12760.0,0.0,100,395.6,268.0,0,0.0,0.0,,0.0,0,0.0,0.0,,0.0,bidTooLow
2023-03-29,746.0,13335.0,0.0,100,401.35,268.0,0,0.0,0.0,,0.0,0,0.0,0.0,,0.0,bidTooLow
2023-03-30,746.0,13570.0,0.0,100,403.7,268.0,0,0.0,0.0,,0.0,0,0.0,0.0,,0.0,bidTooLow
2023-03-31,746.0,14139.0,0.0,100,409.39,268.0,0,0.0,0.0,,0.0,0,0.0,0.0,,0.0,bidTooLow
2023-04-03,746.0,14292.0,0.0,100,410.95,268.0,0,0.0,0.0,,0.0,1,0.01,0.04,SPY230406C00423000,423.0,normalDay
2023-04-04,746.0,14067.0,0.0,100,408.67,268.0,0,0.0,0.0,,0.0,1,0.01,0.01,SPY230406C00423000,423.0,normalDay
2023-04-05,746.0,13960.0,0.0,100,407.6,268.0,0,0.0,0.0,,0.0,1,0.01,0.01,SPY230406C00423000,423.0,normalDay
2023-04-06,747.0,14119.0,1.0,100,409.19,268.0,0,0.0,0.0,,0.0,1,0.01,0.0,SPY230406C00423000,423.0,expirationDay
2023-04-10,747.0,14161.0,0.0,100,409.61,268.0,0,0.0,0.0,,0.0,0,0.0,0.0,,0.0,bidTooLow
2023-04-11,747.0,14172.0,0.0,100,409.72,268.0,0,0.0,0.0,,0.0,0,0.0,0.0,,0.0,bidTooLow
2023-04-12,747.0,14005.0,0.0,100,408.05,268.0,0,0.0,0.0,,0.0,0,0.0,0.0,,0.0,bidTooLow
2023-04-13,747.0,14547.0,0.0,100,413.47,268.0,0,0.0,0.0,,0.0,0,0.0,0.0,,0.0,bidTooLow
2023-04-14,747.0,14446.0,0.0,100,412.46,268.0,0,0.0,0.0,,0.0,0,0.0,0.0,,0.0,bidTooLow
2023-04-17,747.0,14594.0,0.0,100,413.94,268.0,0,0.0,0.0,,0.0,0,0.0,0.0,,0.0,bidTooLow
2023-04-18,747.0,14621.0,0.0,100,414.21,268.0,0,0.0,0.0,,0.0,0,0.0,0.0,,0.0,bidTooLow
2023-04-19,747.0,14614.0,0.0,100,414.14,268.0,0,0.0,0.0,,0.0,0,0.0,0.0,,0.0,bidTooLow
2023-04-20,747.0,14388.0,0.0,100,411.88,268.0,0,0.0,0.0,,0.0,0,0.0,0.0,,0.0,bidTooLow
2023-04-21,747.0,14420.0,0.0,100,412.2,268.0,0,0.0,0.0,,0.0,0,0.0,0.0,,0.0,bidTooLow
2023-04-24,747.0,14463.0,0.0,100,412.63,268.0,0,0.0,0.0,,0.0,0,0.0,0.0,,0.0,bidTooLow
2023-04-25,747.0,13808.0,0.0,100,406.08,268.0,0,0.0,0.0,,0.0,0,0.0,0.0,,0.0,bidTooLow
2023-04-26,747.0,13636.0,0.0,100,404.36,268.0,0,0.0,0.0,,0.0,0,0.0,0.0,,0.0,bidTooLow
2023-04-27,747.0,14441.0,0.0,100,412.41,268.0,0,0.0,0.0,,0.0,0,0.0,0.0,,0.0,bidTooLow
2023-04-28,747.0,14793.0,0.0,100,415.93,268.0,0,0.0,0.0,,0.0,0,0.0,0.0,,0.0,bidTooLow
2023-05-01,747.0,14748.0,0.0,100,415.51,268.0,0,0.0,0.0,,0.0,1,0.15,0.18,SPY230504C00424000,424.0,normalDay
2023-05-02,747.0,14295.0,0.0,100,410.84,268.0,0,0.0,0.0,,0.0,1,0.15,0.04,SPY230504C00424000,424.0,normalDay
2023-05-03,747.0,14016.0,0.0,100,408.02,268.0,0,0.0,0.0,,0.0,1,0.15,0.01,SPY230504C00424000,424.0,normalDay
2023-05-04,762.0,13713.0,15.0,100,405.13,268.0,0,0.0,0.0,,0.0,1,0.15,0.0,SPY230504C00424000,424.0,expirationDay
2023-05-05,762.0,14463.0,0.0,100,412.63,268.0,0,0.0,0.0,,0.0,0,0.0,0.0,,0.0,bidTooLow
2023-05-08,762.0,14474.0,0.0,100,412.74,268.0,0,0.0,0.0,,0.0,0,0.0,0.0,,0.0,bidTooLow
2023-05-09,762.0,14293.0,0.0,100,410.93,268.0,0,0.0,0.0,,0.0,0,0.0,0.0,,0.0,bidTooLow
2023-05-10,762.0,14485.0,0.0,100,412.85,268.0,0,0.0,0.0,,0.0,0,0.0,0.0,,0.0,bidTooLow
2023-05-11,762.0,14413.0,0.0,100,412.13,268.0,0,0.0,0.0,,0.0,0,0.0,0.0,,0.0,bidTooLow
2023-05-12,762.0,14359.0,0.0,100,411.59,268.0,0,0.0,0.0,,0.0,0,0.0,0.0,,0.0,bidTooLow
2023-05-15,762.0,14501.0,0.0,100,413.01,268.0,0,0.0,0.0,,0.0,0,0.0,0.0,,0.0,bidTooLow
2023-05-16,762.0,14225.0,0.0,100,410.25,268.0,0,0.0,0.0,,0.0,0,0.0,0.0,,0.0,bidTooLow
2023-05-17,762.0,14720.0,0.0,100,415.23,268.0,0,0.0,0.0,,0.0,1,0.02,0.05,SPY230519C00424000,424.0,normalDay
2023-05-18,762.0,15116.0,0.0,100,419.23,268.0,0,0.0,0.0,,0.0,1,0.02,0.09,SPY230519C00424000,424.0,normalDay
2023-05-19,764.0,15062.0,2.0,100,418.62,268.0,0,0.0,0.0,,0.0,1,0.02,0.0,SPY230519C00424000,424.0,expirationDay
2023-05-22,764.0,15076.0,0.0,100,418.79,268.0,0,0.0,0.0,,0.0,1,0.03,0.06,SPY230525C00429000,429.0,normalDay
2023-05-23,764.0,14611.0,0.0,100,414.09,268.0,0,0.0,0.0,,0.0,1,0.03,0.01,SPY230525C00429000,429.0,normalDay
2023-05-24,764.0,14311.0,0.0,100,411.09,268.0,0,0.0,0.0,,0.0,1,0.03,0.01,SPY230525C00429000,429.0,normalDay
2023-05-25,767.0,14665.0,3.0,100,414.65,268.0,0,0.0,0.0,,0.0,1,0.03,0.0,SPY230525C00429000,429.0,expirationDay
2023-05-26,767.0,15202.0,0.0,100,420.02,268.0,0,0.0,0.0,,0.0,0,0.0,0.0,,0.0,bidTooLow
2023-05-30,767.0,15215.0,0.0,100,420.18,268.0,0,0.0,0.0,,0.0,1,0.1,0.13,SPY230602C00430000,430.0,normalDay
2023-05-31,767.0,14992.0,0.0,100,417.85,268.0,0,0.0,0.0,,0.0,1,0.1,0.03,SPY230602C00430000,430.0,normalDay
2023-06-01,767.0,15390.0,0.0,100,421.82,268.0,0,0.0,0.0,,0.0,1,0.1,0.02,SPY230602C00430000,430.0,normalDay
2023-06-02,777.0,15992.0,10.0,100,427.92,268.0,0,0.0,0.0,,0.0,1,0.1,0.0,SPY230602C00430000,430.0,expirationDay
2023-06-05,777.0,15907.0,0.0,100,427.1,268.0,0,0.0,0.0,,0.0,1,0.01,0.04,SPY230608C00437000,437.0,normalDay
2023-06-06,777.0,16001.0,0.0,100,428.03,268.0,0,0.0,0.0,,0.0,1,0.01,0.03,SPY230608C00437000,437.0,normalDay
2023-06-07,777.0,15855.0,0.0,100,426.55,268.0,0,0.0,0.0,,0.0,1,0.01,0.01,SPY230608C00437000,437.0,normalDay
2023-06-08,778.0,16113.0,1.0,100,429.13,268.0,0,0.0,0.0,,0.0,1,0.01,0.0,SPY230608C00437000,437.0,expirationDay
2023-06-09,778.0,16190.0,0.0,100,429.9,268.0,0,0.0,0.0,,0.0,0,0.0,0.0,,0.0,bidTooLow
2023-06-12,778.0,16577.0,0.0,100,433.8,268.0,0,0.0,0.0,,0.0,1,0.04,0.07,SPY230615C00448000,448.0,normalDay
2023-06-13,778.0,16861.0,0.0,100,436.66,268.0,0,0.0,0.0,,0.0,1,0.04,0.09,SPY230615C00448000,448.0,normalDay
2023-06-14,778.0,16919.0,0.0,100,437.18,268.0,0,0.0,0.0,,0.0,1,0.04,0.03,SPY230615C00448000,448.0,normalDay
2023-06-15,782.0,17460.0,4.0,100,442.6,268.0,0,0.0,0.0,,0.0,1,0.04,0.0,SPY230615C00448000,448.0,expirationDay
2023-06-16,782.0,17146.0,0.0,100,439.46,268.0,0,0.0,0.0,,0.0,0,0.0,0.0,,0.0,bidTooLow
2023-06-20,782.0,16918.0,0.0,100,437.18,268.0,0,0.0,0.0,,0.0,0,0.0,0.0,,0.0,bidTooLow
2023-06-21,782.0,16694.0,0.0,100,434.94,268.0,0,0.0,0.0,,0.0,0,0.0,0.0,,0.0,bidTooLow
2023-06-22,782.0,16851.0,0.0,100,436.51,268.0,0,0.0,0.0,,0.0,0,0.0,0.0,,0.0,bidTooLow
2023-06-23,782.0,16521.0,0.0,100,433.21,268.0,0,0.0,0.0,,0.0,0,0.0,0.0,,0.0,bidTooLow
2023-06-26,782.0,16344.0,0.0,100,431.44,268.0,0,0.0,0.0,,0.0,0,0.0,0.0,,0.0,bidTooLow
2023-06-27,782.0,16817.0,0.0,100,436.17,268.0,0,0.0,0.0,,0.0,0,0.0,0.0,,0.0,bidTooLow
2023-06-28,782.0,16839.0,0.0,100,436.39,268.0,0,0.0,0.0,,0.0,0,0.0,0.0,,0.0,bidTooLow
2023-06-29,782.0,17011.0,0.0,100,438.11,268.0,0,0.0,0.0,,0.0,0,0.0,0.0,,0.0,bidTooLow
2023-06-30,782.0,17528.0,0.0,100,443.28,268.0,0,0.0,0.0,,0.0,0,0.0,0.0,,0.0,bidTooLow
2023-07-03,782.0,17579.0,0.0,100,443.79,268.0,0,0.0,0.0,,0.0,0,0.0,0.0,,0.0,bidTooLow
2023-07-05,782.0,17513.0,0.0,100,443.13,268.0,0,0.0,0.0,,0.0,0,0.0,0.0,,0.0,bidTooLow
2023-07-06,782.0,17166.0,0.0,100,439.66,268.0,0,0.0,0.0,,0.0,0,0.0,0.0,,0.0,bidTooLow
2023-07-07,782.0,17055.0,0.0,100,438.55,268.0,0,0.0,0.0,,0.0,0,0.0,0.0,,0.0,bidTooLow
2023-07-10,782.0,17166.0,0.0,100,439.66,268.0,0,0.0,0.0,,0.0,0,0.0,0.0,,0.0,bidTooLow
2023-07-11,782.0,17443.0,0.0,100,442.46,268.0,0,0.0,0.0,,0.0,1,0.11,0.14,SPY230714C00452000,452.0,normalDay
2023-07-12,782.0,17800.0,0.0,100,446.02,268.0,0,0.0,0.0,,0.0,1,0.11,0.13,SPY230714C00452000,452.0,normalDay
2023-07-13,782.0,18139.0,0.0,100,449.56,268.0,0,0.0,0.0,,0.0,1,0.11,0.28,SPY230714C00452000,452.0,normalDay
2023-07-14,793.0,18128.0,11.0,100,449.28,268.0,0,0.0,0.0,,0.0,1,0.11,0.0,SPY230714C00452000,452.0,expirationDay
2023-07-17,793.0,18284.0,0.0,100,450.84,268.0,0,0.0,0.0,,0.0,0,0.0,0.0,,0.0,bidTooLow
2023-07-18,793.0,18619.0,0.0,100,454.19,268.0,0,0.0,0.0,,0.0,0,0.0,0.0,,0.0,bidTooLow
2023-07-19,793.0,18720.0,0.0,100,455.2,268.0,0,0.0,0.0,,0.0,0,0.0,0.0,,0.0,bidTooLow
2023-07-20,793.0,18418.0,0.0,100,452.18,268.0,0,0.0,0.0,,0.0,0,0.0,0.0,,0.0,bidTooLow
2023-07-21,793.0,18418.0,0.0,100,452.18,268.0,0,0.0,0.0,,0.0,0,0.0,0.0,,0.0,bidTooLow
2023-07-24,793.0,18620.0,0.0,100,454.2,268.0,0,0.0,0.0,,0.0,0,0.0,0.0,,0.0,bidTooLow
2023-07-25,793.0,18744.0,0.0,100,455.44,268.0,0,0.0,0.0,,0.0,0,0.0,0.0,,0.0,bidTooLow
2023-07-26,793.0,18751.0,0.0,100,455.51,268.0,0,0.0,0.0,,0.0,0,0.0,0.0,,0.0,bidTooLow
2023-07-27,793.0,18449.0,0.0,100,452.49,268.0,0,0.0,0.0,,0.0,0,0.0,0.0,,0.0,bidTooLow
2023-07-28,793.0,18892.0,0.0,100,456.92,268.0,0,0.0,0.0,,0.0,0,0.0,0.0,,0.0,bidTooLow
2023-07-31,793.0,18979.0,0.0,100,457.79,268.0,0,0.0,0.0,,0.0,0,0.0,0.0,,0.0,bidTooLow
2023-08-01,793.0,18848.0,0.0,100,456.48,268.0,0,0.0,0.0,,0.0,0,0.0,0.0,,0.0,bidTooLow
2023-08-02,793.0,18213.0,0.0,100,450.13,268.0,0,0.0,0.0,,0.0,0,0.0,0.0,,0.0,bidTooLow
2023-08-03,793.0,18084.0,0.0,100,448.84,268.0,0,0.0,0.0,,0.0,0,0.0,0.0,,0.0,bidTooLow
2023-08-04,793.0,17881.0,0.0,100,446.81,268.0,0,0.0,0.0,,0.0,0,0.0,0.0,,0.0,bidTooLow
2023-08-07,793.0,18271.0,0.0,100,450.71,268.0,0,0.0,0.0,,0.0,0,0.0,0.0,,0.0,bidTooLow
2023-08-08,793.0,18075.0,0.0,100,448.75,268.0,0,0.0,0.0,,0.0,0,0.0,0.0,,0.0,bidTooLow
2023-08-09,793.0,17775.0,0.0,100,445.75,268.0,0,0.0,0.0,,0.0,0,0.0,0.0,,0.0,bidTooLow
2023-08-10,793.0,17791.0,0.0,100,445.91,268.0,0,0.0,0.0,,0.0,0,0.0,0.0,,0.0,bidTooLow
2023-08-11,793.0,17765.0,0.0,100,445.65,268.0,0,0.0,0.0,,0.0,0,0.0,0.0,,0.0,bidTooLow
2023-08-14,793.0,18011.0,0.0,100,448.11,268.0,0,0.0,0.0,,0.0,0,0.0,0.0,,0.0,bidTooLow
2023-08-15,793.0,17489.0,0.0,100,442.89,268.0,0,0.0,0.0,,0.0,0,0.0,0.0,,0.0,bidTooLow
2023-08-16,793.0,17164.0,0.0,100,439.64,268.0,0,0.0,0.0,,0.0,0,0.0,0.0,,0.0,bidTooLow
2023-08-17,793.0,16829.0,0.0,100,436.29,268.0,0,0.0,0.0,,0.0,0,0.0,0.0,,0.0,bidTooLow
2023-08-18,793.0,16850.0,0.0,100,436.5,268.0,0,0.0,0.0,,0.0,0,0.0,0.0,,0.0,bidTooLow
2023-08-21,793.0,17134.0,0.0,100,439.34,268.0,0,0.0,0.0,,0.0,0,0.0,0.0,,0.0,bidTooLow
2023-08-22,793.0,17015.0,0.0,100,438.15,268.0,0,0.0,0.0,,0.0,0,0.0,0.0,,0.0,bidTooLow
2023-08-23,793.0,17503.0,0.0,100,443.03,268.0,0,0.0,0.0,,0.0,0,0.0,0.0,,0.0,bidTooLow
2023-08-24,793.0,16889.0,0.0,100,436.89,268.0,0,0.0,0.0,,0.0,0,0.0,0.0,,0.0,bidTooLow
2023-08-25,793.0,17197.0,0.0,100,439.97,268.0,0,0.0,0.0,,0.0,0,0.0,0.0,,0.0,bidTooLow
2023-08-28,793.0,17476.0,0.0,100,442.76,268.0,0,0.0,0.0,,0.0,0,0.0,0.0,,0.0,bidTooLow
2023-08-29,793.0,18113.0,0.0,100,449.16,268.0,0,0.0,0.0,,0.0,1,0.01,0.04,SPY230901C00463000,463.0,normalDay
2023-08-30,793.0,18299.0,0.0,100,451.01,268.0,0,0.0,0.0,,0.0,1,0.01,0.03,SPY230901C00463000,463.0,normalDay
2023-08-31,793.0,18235.0,0.0,100,450.35,268.0,0,0.0,0.0,,0.0,1,0.01,0.01,SPY230901C00463000,463.0,normalDay
2023-09-01,794.0,18319.0,1.0,100,451.19,268.0,0,0.0,0.0,,0.0,1,0.01,0.0,SPY230901C00463000,463.0,expirationDay
2023-09-05,794.0,18124.0,0.0,100,449.24,268.0,0,0.0,0.0,,0.0,0,0.0,0.0,,0.0,bidTooLow
2023-09-06,794.0,17822.0,0.0,100,446.22,268.0,0,0.0,0.0,,0.0,0,0.0,0.0,,0.0,bidTooLow
2023-09-07,794.0,17685.0,0.0,100,444.85,268.0,0,0.0,0.0,,0.0,0,0.0,0.0,,0.0,bidTooLow
2023-09-08,794.0,17752.0,0.0,100,445.52,268.0,0,0.0,0.0,,0.0,0,0.0,0.0,,0.0,bidTooLow
2023-09-11,794.0,18045.0,0.0,100,448.45,268.0,0,0.0,0.0,,0.0,0,0.0,0.0,,0.0,bidTooLow
2023-09-12,794.0,17799.0,0.0,100,445.99,268.0,0,0.0,0.0,,0.0,0,0.0,0.0,,0.0,bidTooLow
2023-09-13,794.0,17851.0,0.0,100,446.51,268.0,0,0.0,0.0,,0.0,0,0.0,0.0,,0.0,bidTooLow
2023-09-14,794.0,18236.0,0.0,100,450.36,268.0,0,0.0,0.0,,0.0,0,0.0,0.0,,0.0,bidTooLow
2023-09-15,794.0,17537.0,0.0,100,443.37,268.0,0,0.0,0.0,,0.0,0,0.0,0.0,,0.0,bidTooLow
2023-09-18,794.0,17563.0,0.0,100,443.63,268.0,0,0.0,0.0,,0.0,0,0.0,0.0,,0.0,bidTooLow
2023-09-19,794.0,17471.0,0.0,100,442.71,268.0,0,0.0,0.0,,0.0,0,0.0,0.0,,0.0,bidTooLow
2023-09-20,794.0,17064.0,0.0,100,438.64,268.0,0,0.0,0.0,,0.0,0,0.0,0.0,,0.0,bidTooLow
2023-09-21,794.0,16339.0,0.0,100,431.39,268.0,0,0.0,0.0,,0.0,0,0.0,0.0,,0.0,bidTooLow
2023-09-22,794.0,16242.0,0.0,100,430.42,268.0,0,0.0,0.0,,0.0,0,0.0,0.0,,0.0,bidTooLow
2023-09-25,794.0,16423.0,0.0,100,432.23,268.0,0,0.0,0.0,,0.0,0,0.0,0.0,,0.0,bidTooLow
2023-09-26,794.0,15788.0,0.0,100,425.88,268.0,0,0.0,0.0,,0.0,0,0.0,0.0,,0.0,bidTooLow
2023-09-27,794.0,15805.0,0.0,100,426.05,268.0,0,0.0,0.0,,0.0,0,0.0,0.0,,0.0,bidTooLow
2023-09-28,794.0,16052.0,0.0,100,428.52,268.0,0,0.0,0.0,,0.0,0,0.0,0.0,,0.0,bidTooLow
2023-09-29,794.0,15948.0,0.0,100,427.48,268.0,0,0.0,0.0,,0.0,0,0.0,0.0,,0.0,bidTooLow
2023-10-02,794.0,15931.0,0.0,100,427.31,268.0,0,0.0,0.0,,0.0,0,0.0,0.0,,0.0,bidTooLow
2023-10-03,794.0,15359.0,0.0,100,421.59,268.0,0,0.0,0.0,,0.0,0,0.0,0.0,,0.0,bidTooLow
2023-10-04,794.0,15666.0,0.0,100,424.66,268.0,0,0.0,0.0,,0.0,0,0.0,0.0,,0.0,bidTooLow
2023-10-05,794.0,15650.0,0.0,100,424.5,268.0,0,0.0,0.0,,0.0,0,0.0,0.0,,0.0,bidTooLow
2023-10-06,794.0,16154.0,0.0,100,429.54,268.0,0,0.0,0.0,,0.0,0,0.0,0.0,,0.0,bidTooLow
2023-10-09,794.0,16429.0,0.0,100,432.29,268.0,0,0.0,0.0,,0.0,0,0.0,0.0,,0.0,bidTooLow
2023-10-10,794.0,16654.0,0.0,100,434.54,268.0,0,0.0,0.0,,0.0,0,0.0,0.0,,0.0,bidTooLow
2023-10-11,794.0,16832.0,0.0,100,436.32,268.0,0,0.0,0.0,,0.0,0,0.0,0.0,,0.0,bidTooLow
2023-10-12,794.0,16566.0,0.0,100,433.66,268.0,0,0.0,0.0,,0.0,0,0.0,0.0,,0.0,bidTooLow
2023-10-13,794.0,16350.0,0.0,100,431.5,268.0,0,0.0,0.0,,0.0,0,0.0,0.0,,0.0,bidTooLow
2023-10-16,794.0,16804.0,0.0,100,436.04,268.0,0,0.0,0.0,,0.0,0,0.0,0.0,,0.0,bidTooLow
2023-10-17,794.0,16799.0,0.0,100,436.02,268.0,0,0.0,0.0,,0.0,1,0.01,0.04,SPY231020C00449000,449.0,normalDay
2023-10-18,794.0,16220.0,0.0,100,430.21,268.0,0,0.0,0.0,,0.0,1,0.01,0.02,SPY231020C00449000,449.0,normalDay
2023-10-19,794.0,15843.0,0.0,100,426.43,268.0,0,0.0,0.0,,0.0,1,0.01,0.01,SPY231020C00449000,449.0,normalDay
2023-10-20,795.0,15319.0,1.0,100,421.19,268.0,0,0.0,0.0,,0.0,1,0.01,0.0,SPY231020C00449000,449.0,expirationDay
2023-10-23,795.0,15246.0,0.0,100,420.46,268.0,0,0.0,0.0,,0.0,0,0.0,0.0,,0.0,bidTooLow
2023-10-24,795.0,15563.0,0.0,100,423.63,268.0,0,0.0,0.0,,0.0,0,0.0,0.0,,0.0,bidTooLow
2023-10-25,795.0,14955.0,0.0,100,417.55,268.0,0,0.0,0.0,,0.0,0,0.0,0.0,,0.0,bidTooLow
2023-10-26,795.0,14455.0,0.0,100,412.55,268.0,0,0.0,0.0,,0.0,0,0.0,0.0,,0.0,bidTooLow
2023-10-27,795.0,14268.0,0.0,100,410.68,268.0,0,0.0,0.0,,0.0,0,0.0,0.0,,0.0,bidTooLow
2023-10-30,795.0,14759.0,0.0,100,415.59,268.0,0,0.0,0.0,,0.0,0,0.0,0.0,,0.0,bidTooLow
2023-10-31,795.0,15020.0,0.0,100,418.2,268.0,0,0.0,0.0,,0.0,0,0.0,0.0,,0.0,bidTooLow
2023-11-01,795.0,15466.0,0.0,100,422.66,268.0,0,0.0,0.0,,0.0,0,0.0,0.0,,0.0,bidTooLow
2023-11-02,795.0,16276.0,0.0,100,430.76,268.0,0,0.0,0.0,,0.0,0,0.0,0.0,,0.0,bidTooLow
2023-11-03,795.0,16669.0,0.0,100,434.69,268.0,0,0.0,0.0,,0.0,0,0.0,0.0,,0.0,bidTooLow
2023-11-06,795.0,16769.0,0.0,100,435.69,268.0,0,0.0,0.0,,0.0,0,0.0,0.0,,0.0,bidTooLow
2023-11-07,795.0,16893.0,0.0,100,436.93,268.0,0,0.0,0.0,,0.0,0,0.0,0.0,,0.0,bidTooLow
2023-11-08,795.0,16925.0,0.0,100,437.25,268.0,0,0.0,0.0,,0.0,0,0.0,0.0,,0.0,bidTooLow
2023-11-09,795.0,16584.0,0.0,100,433.84,268.0,0,0.0,0.0,,0.0,0,0.0,0.0,,0.0,bidTooLow
2023-11-10,795.0,17261.0,0.0,100,440.61,268.0,0,0.0,0.0,,0.0,0,0.0,0.0,,0.0,bidTooLow
2023-11-13,795.0,17219.0,0.0,100,440.19,268.0,0,0.0,0.0,,0.0,0,0.0,0.0,,0.0,bidTooLow
2023-11-14,795.0,18073.0,0.0,100,448.73,268.0,0,0.0,0.0,,0.0,0,0.0,0.0,,0.0,bidTooLow
2023-11-15,795.0,18168.0,0.0,100,449.68,268.0,0,0.0,0.0,,0.0,0,0.0,0.0,,0.0,bidTooLow
2023-11-16,795.0,18223.0,0.0,100,450.23,268.0,0,0.0,0.0,,0.0,0,0.0,0.0,,0.0,bidTooLow
2023-11-17,795.0,18279.0,0.0,100,450.79,268.0,0,0.0,0.0,,0.0,0,0.0,0.0,,0.0,bidTooLow
2023-11-20,795.0,18626.0,0.0,100,454.26,268.0,0,0.0,0.0,,0.0,0,0.0,0.0,,0.0,bidTooLow
2023-11-21,795.0,18527.0,0.0,100,453.27,268.0,0,0.0,0.0,,0.0,0,0.0,0.0,,0.0,bidTooLow
2023-11-22,795.0,18702.0,0.0,100,455.02,268.0,0,0.0,0.0,,0.0,0,0.0,0.0,,0.0,bidTooLow
2023-11-24,795.0,18730.0,0.0,100,455.3,268.0,0,0.0,0.0,,0.0,0,0.0,0.0,,0.0,bidTooLow
2023-11-27,795.0,18648.0,0.0,100,454.48,268.0,0,0.0,0.0,,0.0,0,0.0,0.0,,0.0,bidTooLow
2023-11-28,795.0,18693.0,0.0,100,454.93,268.0,0,0.0,0.0,,0.0,0,0.0,0.0,,0.0,bidTooLow
2023-11-29,795.0,18661.0,0.0,100,454.61,268.0,0,0.0,0.0,,0.0,0,0.0,0.0,,0.0,bidTooLow
2023-11-30,795.0,18840.0,0.0,100,456.4,268.0,0,0.0,0.0,,0.0,0,0.0,0.0,,0.0,bidTooLow
