date,totalCapital,unrializedPnL,rializedPnL,stocksOwned,stocksPriceToday,stocksPriceBoughtAt,putOwned,putOwnedSoldAt,putPriceToday,putOwnedContract,putOwnedStrike,callOwned,callOwnedSoldAt,callPriceToday,callOwnedContract,callOwnedStrike,trackType
2018-11-01,0.0,-8.0,0.0,0,273.51,0.0,1,4.1,4.18,SPY181112P00275000,275.0,0,0.0,0.0,,0.0,normalDay
2018-11-02,0.0,-58.0,0.0,0,271.89,0.0,1,4.1,4.68,SPY181112P00275000,275.0,0,0.0,0.0,,0.0,normalDay
2018-11-05,0.0,67.0,0.0,0,273.39,0.0,1,4.1,3.43,SPY181112P00275000,275.0,0,0.0,0.0,,0.0,normalDay
2018-11-06,0.0,154.0,0.0,0,275.12,0.0,1,4.1,2.56,SPY181112P00275000,275.0,0,0.0,0.0,,0.0,normalDay
2018-11-07,0.0,377.0,0.0,0,281.01,0.0,1,4.1,0.33,SPY181112P00275000,275.0,0,0.0,0.0,,0.0,normalDay
2018-11-08,0.0,388.0,0.0,0,280.5,0.0,1,4.1,0.22,SPY181112P00275000,275.0,0,0.0,0.0,,0.0,normalDay
2018-11-09,0.0,377.0,0.0,0,277.76,0.0,1,4.1,0.33,SPY181112P00275000,275.0,0,0.0,0.0,,0.0,normalDay
2018-11-12,410.0,-243.0,410.0,100,272.57,275.0,1,4.1,0.0,SPY181112P00275000,275.0,0,0.0,0.0,,0.0,expirationDay
2018-11-13,410.0,-302.0,0.0,100,272.06,275.0,0,0.0,0.0,,0.0,1,2.53,2.61,SPY181121C00273000,273.0,normalDay
2018-11-14,410.0,-392.0,0.0,100,270.2,275.0,0,0.0,0.0,,0.0,1,2.53,1.65,SPY181121C00273000,273.0,normalDay
2018-11-15,410.0,-208.0,0.0,100,273.02,275.0,0,0.0,0.0,,0.0,1,2.53,2.63,SPY181121C00273000,273.0,normalDay
2018-11-16,410.0,-136.0,0.0,100,273.73,275.0,0,0.0,0.0,,0.0,1,2.53,2.62,SPY181121C00273000,273.0,normalDay
2018-11-19,410.0,-381.0,0.0,100,269.1,275.0,0,0.0,0.0,,0.0,1,2.53,0.44,SPY181121C00273000,273.0,normalDay
2018-11-20,410.0,-837.0,0.0,100,264.12,275.0,0,0.0,0.0,,0.0,1,2.53,0.02,SPY181121C00273000,273.0,normalDay
2018-11-21,663.0,-998.0,253.0,100,265.02,275.0,0,0.0,0.0,,0.0,1,2.53,0.0,SPY181121C00273000,273.0,expirationDay
2018-11-23,663.0,-1179.0,0.0,100,263.25,275.0,0,0.0,0.0,,0.0,1,0.29,0.33,SPY181130C00271000,271.0,normalDay
2018-11-26,663.0,-798.0,0.0,100,267.5,275.0,0,0.0,0.0,,0.0,1,0.29,0.77,SPY181130C00271000,271.0,normalDay
2018-11-27,663.0,-709.0,0.0,100,268.4,275.0,0,0.0,0.0,,0.0,1,0.29,0.78,SPY181130C00271000,271.0,normalDay
2018-11-28,663.0,-400.0,0.0,100,274.58,275.0,0,0.0,0.0,,0.0,1,0.29,3.87,SPY181130C00271000,271.0,normalDay
2018-11-29,663.0,-404.0,0.0,100,273.98,275.0,0,0.0,0.0,,0.0,1,0.29,3.31,SPY181130C00271000,271.0,normalDay
2018-11-30,292.0,-404.0,-371.0,0,275.65,0.0,0,0.0,0.0,,0.0,1,0.29,0.0,SPY181130C00271000,271.0,expirationDay
2018-12-03,292.0,-4.0,0.0,0,279.3,0.0,1,1.0,1.04,SPY181214P00272500,272.5,0,0.0,0.0,,0.0,normalDay
2018-12-04,292.0,-395.0,0.0,0,270.25,0.0,1,1.0,4.95,SPY181214P00272500,272.5,0,0.0,0.0,,0.0,normalDay
2018-12-06,292.0,-383.0,0.0,0,269.84,0.0,1,1.0,4.83,SPY181214P00272500,272.5,0,0.0,0.0,,0.0,normalDay
2018-12-07,292.0,-857.0,0.0,0,263.57,0.0,1,1.0,9.57,SPY181214P00272500,272.5,0,0.0,0.0,,0.0,normalDay
2018-12-10,292.0,-742.0,0.0,0,264.07,0.0,1,1.0,8.42,SPY181214P00272500,272.5,0,0.0,0.0,,0.0,normalDay
2018-12-11,292.0,-748.0,0.0,0,264.13,0.0,1,1.0,8.48,SPY181214P00272500,272.5,0,0.0,0.0,,0.0,normalDay
2018-12-12,292.0,-635.0,0.0,0,265.46,0.0,1,1.0,7.35,SPY181214P00272500,272.5,0,0.0,0.0,,0.0,normalDay
2018-12-13,292.0,-643.0,0.0,0,265.37,0.0,1,1.0,7.43,SPY181214P00272500,272.5,0,0.0,0.0,,0.0,normalDay
2018-12-14,392.0,-1203.0,100.0,100,260.47,272.5,1,1.0,0.0,SPY181214P00272500,272.5,0,0.0,0.0,,0.0,expirationDay
2018-12-17,392.0,-1718.0,0.0,100,255.36,272.5,0,0.0,0.0,,0.0,1,0.22,0.26,SPY181226C00267500,267.5,normalDay
2018-12-18,392.0,-1743.0,0.0,100,255.08,272.5,0,0.0,0.0,,0.0,1,0.22,0.23,SPY181226C00267500,267.5,normalDay
2018-12-19,392.0,-2108.0,0.0,100,251.26,272.5,0,0.0,0.0,,0.0,1,0.22,0.06,SPY181226C00267500,267.5,normalDay
2018-12-20,392.0,-2515.0,0.0,100,247.17,272.5,0,0.0,0.0,,0.0,1,0.22,0.04,SPY181226C00267500,267.5,normalDay
2018-12-21,392.0,-3160.0,0.0,100,240.7,272.5,0,0.0,0.0,,0.0,1,0.22,0.02,SPY181226C00267500,267.5,normalDay
2018-12-24,392.0,-3795.0,0.0,100,234.34,272.5,0,0.0,0.0,,0.0,1,0.22,0.01,SPY181226C00267500,267.5,normalDay
2018-12-26,414.0,-2632.0,22.0,100,246.18,272.5,0,0.0,0.0,,0.0,1,0.22,0.0,SPY181226C00267500,267.5,expirationDay
2018-12-27,414.0,-2448.0,0.0,100,248.07,272.5,0,0.0,0.0,,0.0,1,0.63,0.68,SPY190104C00260000,260.0,normalDay
2018-12-28,414.0,-2447.0,0.0,100,247.75,272.5,0,0.0,0.0,,0.0,1,0.63,0.35,SPY190104C00260000,260.0,normalDay
2018-12-31,414.0,-2208.0,0.0,100,249.92,272.5,0,0.0,0.0,,0.0,1,0.63,0.13,SPY190104C00260000,260.0,normalDay
2019-01-02,414.0,-2171.0,0.0,100,250.18,272.5,0,0.0,0.0,,0.0,1,0.63,0.02,SPY190104C00260000,260.0,normalDay
2019-01-03,414.0,-2767.0,0.0,100,244.21,272.5,0,0.0,0.0,,0.0,1,0.63,0.01,SPY190104C00260000,260.0,normalDay
2019-01-04,477.0,-2011.0,63.0,100,252.39,272.5,0,0.0,0.0,,0.0,1,0.63,0.0,SPY190104C00260000,260.0,expirationDay
2019-01-07,477.0,-1820.0,0.0,100,254.38,272.5,0,0.0,0.0,,0.0,1,3.91,3.99,SPY190116C00253000,253.0,normalDay
2019-01-08,477.0,-1709.0,0.0,100,256.77,272.5,0,0.0,0.0,,0.0,1,3.91,5.27,SPY190116C00253000,253.0,normalDay
2019-01-09,477.0,-1665.0,0.0,100,257.97,272.5,0,0.0,0.0,,0.0,1,3.91,6.03,SPY190116C00253000,253.0,normalDay
2019-01-10,477.0,-1628.0,0.0,100,258.88,272.5,0,0.0,0.0,,0.0,1,3.91,6.57,SPY190116C00253000,253.0,normalDay
2019-01-11,477.0,-1591.0,0.0,100,258.98,272.5,0,0.0,0.0,,0.0,1,3.91,6.3,SPY190116C00253000,253.0,normalDay
2019-01-14,477.0,-1594.0,0.0,100,257.4,272.5,0,0.0,0.0,,0.0,1,3.91,4.75,SPY190116C00253000,253.0,normalDay
2019-01-15,477.0,-1562.0,0.0,100,260.35,272.5,0,0.0,0.0,,0.0,1,3.91,7.38,SPY190116C00253000,253.0,normalDay
2019-01-16,-1082.0,-1562.0,-1559.0,0,260.98,0.0,0,0.0,0.0,,0.0,1,3.91,0.0,SPY190116C00253000,253.0,expirationDay
2019-01-17,-1082.0,-4.0,0.0,0,262.96,0.0,1,0.31,0.35,SPY190128P00252000,252.0,0,0.0,0.0,,0.0,normalDay
2019-01-18,-1082.0,19.0,0.0,0,266.46,0.0,1,0.31,0.12,SPY190128P00252000,252.0,0,0.0,0.0,,0.0,normalDay
2019-01-22,-1082.0,10.0,0.0,0,262.86,0.0,1,0.31,0.21,SPY190128P00252000,252.0,0,0.0,0.0,,0.0,normalDay
2019-01-23,-1082.0,25.0,0.0,0,263.41,0.0,1,0.31,0.06,SPY190128P00252000,252.0,0,0.0,0.0,,0.0,normalDay
2019-01-24,-1082.0,28.0,0.0,0,263.55,0.0,1,0.31,0.03,SPY190128P00252000,252.0,0,0.0,0.0,,0.0,normalDay
2019-01-25,-1082.0,30.0,0.0,0,265.78,0.0,1,0.31,0.01,SPY190128P00252000,252.0,0,0.0,0.0,,0.0,normalDay
2019-01-28,-1051.0,0.0,31.0,0,263.76,0.0,1,0.31,0.0,SPY190128P00252000,252.0,0,0.0,0.0,,0.0,expirationDay
2019-01-29,-1051.0,-5.0,0.0,0,263.41,0.0,1,1.64,1.69,SPY190208P00259000,259.0,0,0.0,0.0,,0.0,normalDay
2019-01-30,-1051.0,102.0,0.0,0,267.58,0.0,1,1.64,0.62,SPY190208P00259000,259.0,0,0.0,0.0,,0.0,normalDay
2019-01-31,-1051.0,141.0,0.0,0,269.93,0.0,1,1.64,0.23,SPY190208P00259000,259.0,0,0.0,0.0,,0.0,normalDay
2019-02-01,-1051.0,153.0,0.0,0,270.06,0.0,1,1.64,0.11,SPY190208P00259000,259.0,0,0.0,0.0,,0.0,normalDay
2019-02-04,-1051.0,161.0,0.0,0,271.96,0.0,1,1.64,0.03,SPY190208P00259000,259.0,0,0.0,0.0,,0.0,normalDay
2019-02-05,-1051.0,162.0,0.0,0,273.1,0.0,1,1.64,0.02,SPY190208P00259000,259.0,0,0.0,0.0,,0.0,normalDay
2019-02-06,-1051.0,163.0,0.0,0,272.74,0.0,1,1.64,0.01,SPY190208P00259000,259.0,0,0.0,0.0,,0.0,normalDay
2019-02-07,-1051.0,162.0,0.0,0,270.14,0.0,1,1.64,0.02,SPY190208P00259000,259.0,0,0.0,0.0,,0.0,normalDay
2019-02-08,-887.0,0.0,164.0,0,270.47,0.0,1,1.64,0.0,SPY190208P00259000,259.0,0,0.0,0.0,,0.0,expirationDay
2019-02-11,-887.0,-4.0,0.0,0,270.62,0.0,1,1.15,1.19,SPY190222P00266500,266.5,0,0.0,0.0,,0.0,normalDay
2019-02-12,-887.0,66.0,0.0,0,274.1,0.0,1,1.15,0.49,SPY190222P00266500,266.5,0,0.0,0.0,,0.0,normalDay
2019-02-13,-887.0,80.0,0.0,0,274.99,0.0,1,1.15,0.35,SPY190222P00266500,266.5,0,0.0,0.0,,0.0,normalDay
2019-02-14,-887.0,78.0,0.0,0,274.38,0.0,1,1.15,0.37,SPY190222P00266500,266.5,0,0.0,0.0,,0.0,normalDay
2019-02-15,-887.0,106.0,0.0,0,277.37,0.0,1,1.15,0.09,SPY190222P00266500,266.5,0,0.0,0.0,,0.0,normalDay
2019-02-19,-887.0,112.0,0.0,0,277.85,0.0,1,1.15,0.03,SPY190222P00266500,266.5,0,0.0,0.0,,0.0,normalDay
2019-02-20,-887.0,113.0,0.0,0,278.41,0.0,1,1.15,0.02,SPY190222P00266500,266.5,0,0.0,0.0,,0.0,normalDay
2019-02-21,-887.0,114.0,0.0,0,277.42,0.0,1,1.15,0.01,SPY190222P00266500,266.5,0,0.0,0.0,,0.0,normalDay
2019-02-22,-772.0,0.0,115.0,0,279.14,0.0,1,1.15,0.0,SPY190222P00266500,266.5,0,0.0,0.0,,0.0,expirationDay
2019-02-25,-772.0,-3.0,0.0,0,279.52,0.0,1,0.67,0.7,SPY190308P00273000,273.0,0,0.0,0.0,,0.0,normalDay
2019-02-26,-772.0,-3.0,0.0,0,279.32,0.0,1,0.67,0.7,SPY190308P00273000,273.0,0,0.0,0.0,,0.0,normalDay
2019-02-27,-772.0,11.0,0.0,0,279.2,0.0,1,0.67,0.56,SPY190308P00273000,273.0,0,0.0,0.0,,0.0,normalDay
2019-02-28,-772.0,14.0,0.0,0,278.68,0.0,1,0.67,0.53,SPY190308P00273000,273.0,0,0.0,0.0,,0.0,normalDay
2019-03-01,-772.0,47.0,0.0,0,280.42,0.0,1,0.67,0.2,SPY190308P00273000,273.0,0,0.0,0.0,,0.0,normalDay
2019-03-04,-772.0,45.0,0.0,0,279.4,0.0,1,0.67,0.22,SPY190308P00273000,273.0,0,0.0,0.0,,0.0,normalDay
2019-03-05,-772.0,52.0,0.0,0,279.02,0.0,1,0.67,0.15,SPY190308P00273000,273.0,0,0.0,0.0,,0.0,normalDay
2019-03-06,-772.0,45.0,0.0,0,277.33,0.0,1,0.67,0.22,SPY190308P00273000,273.0,0,0.0,0.0,,0.0,normalDay
2019-03-07,-772.0,40.0,0.0,0,275.01,0.0,1,0.67,0.27,SPY190308P00273000,273.0,0,0.0,0.0,,0.0,normalDay
2019-03-08,-705.0,0.0,67.0,0,274.46,0.0,1,0.67,0.0,SPY190308P00273000,273.0,0,0.0,0.0,,0.0,expirationDay
2019-03-11,-705.0,-4.0,0.0,0,278.44,0.0,1,2.32,2.36,SPY190322P00277500,277.5,0,0.0,0.0,,0.0,normalDay
2019-03-12,-705.0,51.0,0.0,0,279.49,0.0,1,2.32,1.81,SPY190322P00277500,277.5,0,0.0,0.0,,0.0,normalDay
2019-03-13,-705.0,130.0,0.0,0,281.34,0.0,1,2.32,1.02,SPY190322P00277500,277.5,0,0.0,0.0,,0.0,normalDay
2019-03-14,-705.0,131.0,0.0,0,281.16,0.0,1,2.32,1.01,SPY190322P00277500,277.5,0,0.0,0.0,,0.0,normalDay
2019-03-15,-705.0,182.0,0.0,0,281.31,0.0,1,2.32,0.5,SPY190322P00277500,277.5,0,0.0,0.0,,0.0,normalDay
2019-03-18,-705.0,208.0,0.0,0,282.33,0.0,1,2.32,0.24,SPY190322P00277500,277.5,0,0.0,0.0,,0.0,normalDay
2019-03-19,-705.0,204.0,0.0,0,282.4,0.0,1,2.32,0.28,SPY190322P00277500,277.5,0,0.0,0.0,,0.0,normalDay
2019-03-20,-705.0,211.0,0.0,0,281.55,0.0,1,2.32,0.21,SPY190322P00277500,277.5,0,0.0,0.0,,0.0,normalDay
2019-03-21,-705.0,229.0,0.0,0,284.73,0.0,1,2.32,0.03,SPY190322P00277500,277.5,0,0.0,0.0,,0.0,normalDay
2019-03-22,-473.0,0.0,232.0,0,279.25,0.0,1,2.32,0.0,SPY190322P00277500,277.5,0,0.0,0.0,,0.0,expirationDay
2019-03-25,-473.0,-5.0,0.0,0,279.04,0.0,1,3.15,3.2,SPY190405P00280000,280.0,0,0.0,0.0,,0.0,normalDay
2019-03-26,-473.0,115.0,0.0,0,281.12,0.0,1,3.15,2.0,SPY190405P00280000,280.0,0,0.0,0.0,,0.0,normalDay
2019-03-27,-473.0,67.0,0.0,0,279.65,0.0,1,3.15,2.48,SPY190405P00280000,280.0,0,0.0,0.0,,0.0,normalDay
2019-03-28,-473.0,142.0,0.0,0,280.71,0.0,1,3.15,1.73,SPY190405P00280000,280.0,0,0.0,0.0,,0.0,normalDay
2019-03-29,-473.0,230.0,0.0,0,282.48,0.0,1,3.15,0.85,SPY190405P00280000,280.0,0,0.0,0.0,,0.0,normalDay
2019-04-01,-473.0,295.0,0.0,0,285.83,0.0,1,3.15,0.2,SPY190405P00280000,280.0,0,0.0,0.0,,0.0,normalDay
2019-04-02,-473.0,303.0,0.0,0,285.97,0.0,1,3.15,0.12,SPY190405P00280000,280.0,0,0.0,0.0,,0.0,normalDay
2019-04-03,-473.0,309.0,0.0,0,286.42,0.0,1,3.15,0.06,SPY190405P00280000,280.0,0,0.0,0.0,,0.0,normalDay
2019-04-04,-473.0,313.0,0.0,0,287.18,0.0,1,3.15,0.02,SPY190405P00280000,280.0,0,0.0,0.0,,0.0,normalDay
2019-04-05,-158.0,0.0,315.0,0,288.57,0.0,1,3.15,0.0,SPY190405P00280000,280.0,0,0.0,0.0,,0.0,expirationDay
2019-04-08,-158.0,-3.0,0.0,0,288.79,0.0,1,0.43,0.46,SPY190418P00283000,283.0,0,0.0,0.0,,0.0,normalDay
2019-04-09,-158.0,-31.0,0.0,0,287.31,0.0,1,0.43,0.74,SPY190418P00283000,283.0,0,0.0,0.0,,0.0,normalDay
2019-04-10,-158.0,8.0,0.0,0,288.29,0.0,1,0.43,0.35,SPY190418P00283000,283.0,0,0.0,0.0,,0.0,normalDay
2019-04-11,-158.0,13.0,0.0,0,288.21,0.0,1,0.43,0.3,SPY190418P00283000,283.0,0,0.0,0.0,,0.0,normalDay
2019-04-12,-158.0,33.0,0.0,0,290.16,0.0,1,0.43,0.1,SPY190418P00283000,283.0,0,0.0,0.0,,0.0,normalDay
2019-04-15,-158.0,36.0,0.0,0,289.97,0.0,1,0.43,0.07,SPY190418P00283000,283.0,0,0.0,0.0,,0.0,normalDay
2019-04-16,-158.0,38.0,0.0,0,290.16,0.0,1,0.43,0.05,SPY190418P00283000,283.0,0,0.0,0.0,,0.0,normalDay
2019-04-17,-158.0,40.0,0.0,0,289.45,0.0,1,0.43,0.03,SPY190418P00283000,283.0,0,0.0,0.0,,0.0,normalDay
2019-04-18,-115.0,0.0,43.0,0,290.02,0.0,1,0.43,0.0,SPY190418P00283000,283.0,0,0.0,0.0,,0.0,expirationDay
2019-04-22,-115.0,-4.0,0.0,0,290.27,0.0,1,0.73,0.77,SPY190503P00286000,286.0,0,0.0,0.0,,0.0,normalDay
2019-04-23,-115.0,26.0,0.0,0,292.88,0.0,1,0.73,0.47,SPY190503P00286000,286.0,0,0.0,0.0,,0.0,normalDay
2019-04-24,-115.0,21.0,0.0,0,292.23,0.0,1,0.73,0.52,SPY190503P00286000,286.0,0,0.0,0.0,,0.0,normalDay
2019-04-25,-115.0,27.0,0.0,0,292.05,0.0,1,0.73,0.46,SPY190503P00286000,286.0,0,0.0,0.0,,0.0,normalDay
2019-04-26,-115.0,46.0,0.0,0,293.41,0.0,1,0.73,0.27,SPY190503P00286000,286.0,0,0.0,0.0,,0.0,normalDay
2019-04-29,-115.0,58.0,0.0,0,293.87,0.0,1,0.73,0.15,SPY190503P00286000,286.0,0,0.0,0.0,,0.0,normalDay
2019-04-30,-115.0,63.0,0.0,0,294.02,0.0,1,0.73,0.1,SPY190503P00286000,286.0,0,0.0,0.0,,0.0,normalDay
2019-05-01,-115.0,52.0,0.0,0,291.81,0.0,1,0.73,0.21,SPY190503P00286000,286.0,0,0.0,0.0,,0.0,normalDay
2019-05-02,-115.0,67.0,0.0,0,291.18,0.0,1,0.73,0.06,SPY190503P00286000,286.0,0,0.0,0.0,,0.0,normalDay
2019-05-03,-42.0,0.0,73.0,0,294.03,0.0,1,0.73,0.0,SPY190503P00286000,286.0,0,0.0,0.0,,0.0,expirationDay
2019-05-06,-42.0,-4.0,0.0,0,292.82,0.0,1,1.94,1.98,SPY190517P00291000,291.0,0,0.0,0.0,,0.0,normalDay
2019-05-07,-42.0,-290.0,0.0,0,287.93,0.0,1,1.94,4.84,SPY190517P00291000,291.0,0,0.0,0.0,,0.0,normalDay
2019-05-08,-42.0,-298.0,0.0,0,287.53,0.0,1,1.94,4.92,SPY190517P00291000,291.0,0,0.0,0.0,,0.0,normalDay
2019-05-09,-42.0,-348.0,0.0,0,286.66,0.0,1,1.94,5.42,SPY190517P00291000,291.0,0,0.0,0.0,,0.0,normalDay
2019-05-10,-42.0,-203.0,0.0,0,288.1,0.0,1,1.94,3.97,SPY190517P00291000,291.0,0,0.0,0.0,,0.0,normalDay
2019-05-13,-42.0,-857.0,0.0,0,280.86,0.0,1,1.94,10.51,SPY190517P00291000,291.0,0,0.0,0.0,,0.0,normalDay
2019-05-14,-42.0,-578.0,0.0,0,283.4,0.0,1,1.94,7.72,SPY190517P00291000,291.0,0,0.0,0.0,,0.0,normalDay
2019-05-15,-42.0,-391.0,0.0,0,285.06,0.0,1,1.94,5.85,SPY190517P00291000,291.0,0,0.0,0.0,,0.0,normalDay
2019-05-16,-42.0,-142.0,0.0,0,287.7,0.0,1,1.94,3.36,SPY190517P00291000,291.0,0,0.0,0.0,,0.0,normalDay
2019-05-17,152.0,-516.0,194.0,100,285.84,291.0,1,1.94,0.0,SPY190517P00291000,291.0,0,0.0,0.0,,0.0,expirationDay
2019-05-20,152.0,-709.0,0.0,100,283.95,291.0,0,0.0,0.0,,0.0,1,0.65,0.69,SPY190529C00289000,289.0,normalDay
2019-05-21,152.0,-485.0,0.0,100,286.51,291.0,0,0.0,0.0,,0.0,1,0.65,1.01,SPY190529C00289000,289.0,normalDay
2019-05-22,152.0,-522.0,0.0,100,285.63,291.0,0,0.0,0.0,,0.0,1,0.65,0.5,SPY190529C00289000,289.0,normalDay
2019-05-23,152.0,-830.0,0.0,100,282.14,291.0,0,0.0,0.0,,0.0,1,0.65,0.09,SPY190529C00289000,289.0,normalDay
2019-05-24,152.0,-760.0,0.0,100,282.78,291.0,0,0.0,0.0,,0.0,1,0.65,0.03,SPY190529C00289000,289.0,normalDay
2019-05-28,152.0,-1021.0,0.0,100,280.15,291.0,0,0.0,0.0,,0.0,1,0.65,0.01,SPY190529C00289000,289.0,normalDay
2019-05-29,217.0,-1273.0,65.0,100,278.27,291.0,0,0.0,0.0,,0.0,1,0.65,0.0,SPY190529C00289000,289.0,expirationDay
2019-05-30,217.0,-1200.0,0.0,100,279.03,291.0,0,0.0,0.0,,0.0,1,0.46,0.49,SPY190607C00285000,285.0,normalDay
2019-05-31,217.0,-1540.0,0.0,100,275.27,291.0,0,0.0,0.0,,0.0,1,0.46,0.13,SPY190607C00285000,285.0,normalDay
2019-06-03,217.0,-1601.0,0.0,100,274.57,291.0,0,0.0,0.0,,0.0,1,0.46,0.04,SPY190607C00285000,285.0,normalDay
2019-06-04,217.0,-1024.0,0.0,100,280.53,291.0,0,0.0,0.0,,0.0,1,0.46,0.23,SPY190607C00285000,285.0,normalDay
2019-06-05,217.0,-806.0,0.0,100,282.96,291.0,0,0.0,0.0,,0.0,1,0.46,0.48,SPY190607C00285000,285.0,normalDay
2019-06-06,217.0,-660.0,0.0,100,284.8,291.0,0,0.0,0.0,,0.0,1,0.46,0.86,SPY190607C00285000,285.0,normalDay
2019-06-07,-337.0,-660.0,-554.0,0,287.65,0.0,0,0.0,0.0,,0.0,1,0.46,0.0,SPY190607C00285000,285.0,expirationDay
2019-06-10,-337.0,-3.0,0.0,0,288.97,0.0,1,1.36,1.39,SPY190621P00283000,283.0,0,0.0,0.0,,0.0,normalDay
2019-06-11,-337.0,3.0,0.0,0,288.9,0.0,1,1.36,1.33,SPY190621P00283000,283.0,0,0.0,0.0,,0.0,normalDay
2019-06-12,-337.0,14.0,0.0,0,288.39,0.0,1,1.36,1.22,SPY190621P00283000,283.0,0,0.0,0.0,,0.0,normalDay
2019-06-13,-337.0,56.0,0.0,0,289.58,0.0,1,1.36,0.8,SPY190621P00283000,283.0,0,0.0,0.0,,0.0,normalDay
2019-06-14,-337.0,78.0,0.0,0,289.26,0.0,1,1.36,0.58,SPY190621P00283000,283.0,0,0.0,0.0,,0.0,normalDay
2019-06-17,-337.0,92.0,0.0,0,289.37,0.0,1,1.36,0.44,SPY190621P00283000,283.0,0,0.0,0.0,,0.0,normalDay
2019-06-18,-337.0,117.0,0.0,0,292.4,0.0,1,1.36,0.19,SPY190621P00283000,283.0,0,0.0,0.0,,0.0,normalDay
2019-06-19,-337.0,130.0,0.0,0,293.06,0.0,1,1.36,0.06,SPY190621P00283000,283.0,0,0.0,0.0,,0.0,normalDay
2019-06-20,-337.0,131.0,0.0,0,295.86,0.0,1,1.36,0.05,SPY190621P00283000,283.0,0,0.0,0.0,,0.0,normalDay
2019-06-21,-201.0,0.0,136.0,0,294.0,0.0,1,1.36,0.0,SPY190621P00283000,283.0,0,0.0,0.0,,0.0,expirationDay
2019-06-24,-201.0,-4.0,0.0,0,293.64,0.0,1,0.87,0.91,SPY190705P00286000,286.0,0,0.0,0.0,,0.0,normalDay
2019-06-25,-201.0,-58.0,0.0,0,290.76,0.0,1,0.87,1.45,SPY190705P00286000,286.0,0,0.0,0.0,,0.0,normalDay
2019-06-26,-201.0,-53.0,0.0,0,290.47,0.0,1,0.87,1.4,SPY190705P00286000,286.0,0,0.0,0.0,,0.0,normalDay
2019-06-27,-201.0,-7.0,0.0,0,291.5,0.0,1,0.87,0.94,SPY190705P00286000,286.0,0,0.0,0.0,,0.0,normalDay
2019-06-28,-201.0,27.0,0.0,0,293.0,0.0,1,0.87,0.6,SPY190705P00286000,286.0,0,0.0,0.0,,0.0,normalDay
2019-07-01,-201.0,80.0,0.0,0,295.66,0.0,1,0.87,0.07,SPY190705P00286000,286.0,0,0.0,0.0,,0.0,normalDay
2019-07-02,-201.0,83.0,0.0,0,296.43,0.0,1,0.87,0.04,SPY190705P00286000,286.0,0,0.0,0.0,,0.0,normalDay
2019-07-03,-201.0,85.0,0.0,0,298.8,0.0,1,0.87,0.02,SPY190705P00286000,286.0,0,0.0,0.0,,0.0,normalDay
2019-07-05,-114.0,0.0,87.0,0,298.46,0.0,1,0.87,0.0,SPY190705P00286000,286.0,0,0.0,0.0,,0.0,expirationDay
2019-07-08,-114.0,-3.0,0.0,0,296.82,0.0,1,0.77,0.8,SPY190719P00293000,293.0,0,0.0,0.0,,0.0,normalDay
2019-07-09,-114.0,3.0,0.0,0,297.19,0.0,1,0.77,0.74,SPY190719P00293000,293.0,0,0.0,0.0,,0.0,normalDay
2019-07-10,-114.0,40.0,0.0,0,298.61,0.0,1,0.77,0.37,SPY190719P00293000,293.0,0,0.0,0.0,,0.0,normalDay
2019-07-11,-114.0,49.0,0.0,0,299.31,0.0,1,0.77,0.28,SPY190719P00293000,293.0,0,0.0,0.0,,0.0,normalDay
2019-07-12,-114.0,61.0,0.0,0,300.65,0.0,1,0.77,0.16,SPY190719P00293000,293.0,0,0.0,0.0,,0.0,normalDay
2019-07-15,-114.0,65.0,0.0,0,300.75,0.0,1,0.77,0.12,SPY190719P00293000,293.0,0,0.0,0.0,,0.0,normalDay
2019-07-16,-114.0,67.0,0.0,0,299.78,0.0,1,0.77,0.1,SPY190719P00293000,293.0,0,0.0,0.0,,0.0,normalDay
2019-07-17,-114.0,65.0,0.0,0,297.74,0.0,1,0.77,0.12,SPY190719P00293000,293.0,0,0.0,0.0,,0.0,normalDay
2019-07-18,-114.0,72.0,0.0,0,298.83,0.0,1,0.77,0.05,SPY190719P00293000,293.0,0,0.0,0.0,,0.0,normalDay
2019-07-19,-37.0,0.0,77.0,0,297.17,0.0,1,0.77,0.0,SPY190719P00293000,293.0,0,0.0,0.0,,0.0,expirationDay
2019-07-22,-37.0,-4.0,0.0,0,297.9,0.0,1,2.09,2.13,SPY190802P00297000,297.0,0,0.0,0.0,,0.0,normalDay
2019-07-23,-37.0,80.0,0.0,0,300.03,0.0,1,2.09,1.29,SPY190802P00297000,297.0,0,0.0,0.0,,0.0,normalDay
2019-07-24,-37.0,125.0,0.0,0,301.44,0.0,1,2.09,0.84,SPY190802P00297000,297.0,0,0.0,0.0,,0.0,normalDay
2019-07-25,-37.0,100.0,0.0,0,300.0,0.0,1,2.09,1.09,SPY190802P00297000,297.0,0,0.0,0.0,,0.0,normalDay
2019-07-26,-37.0,155.0,0.0,0,302.01,0.0,1,2.09,0.54,SPY190802P00297000,297.0,0,0.0,0.0,,0.0,normalDay
2019-07-29,-37.0,164.0,0.0,0,301.46,0.0,1,2.09,0.45,SPY190802P00297000,297.0,0,0.0,0.0,,0.0,normalDay
2019-07-30,-37.0,135.0,0.0,0,300.72,0.0,1,2.09,0.74,SPY190802P00297000,297.0,0,0.0,0.0,,0.0,normalDay
2019-07-31,-37.0,36.0,0.0,0,297.43,0.0,1,2.09,1.73,SPY190802P00297000,297.0,0,0.0,0.0,,0.0,normalDay
2019-08-01,-37.0,-33.0,0.0,0,294.84,0.0,1,2.09,2.42,SPY190802P00297000,297.0,0,0.0,0.0,,0.0,normalDay
2019-08-02,172.0,-438.0,209.0,100,292.62,297.0,1,2.09,0.0,SPY190802P00297000,297.0,0,0.0,0.0,,0.0,expirationDay
2019-08-05,172.0,-1321.0,0.0,100,283.82,297.0,0,0.0,0.0,,0.0,1,0.1,0.13,SPY190814C00298000,298.0,normalDay
2019-08-06,172.0,-923.0,0.0,100,287.8,297.0,0,0.0,0.0,,0.0,1,0.1,0.13,SPY190814C00298000,298.0,normalDay
2019-08-07,172.0,-901.0,0.0,100,287.97,297.0,0,0.0,0.0,,0.0,1,0.1,0.08,SPY190814C00298000,298.0,normalDay
2019-08-08,172.0,-368.0,0.0,100,293.62,297.0,0,0.0,0.0,,0.0,1,0.1,0.4,SPY190814C00298000,298.0,normalDay
2019-08-09,172.0,-541.0,0.0,100,291.62,297.0,0,0.0,0.0,,0.0,1,0.1,0.13,SPY190814C00298000,298.0,normalDay
2019-08-12,172.0,-885.0,0.0,100,288.07,297.0,0,0.0,0.0,,0.0,1,0.1,0.02,SPY190814C00298000,298.0,normalDay
2019-08-13,172.0,-437.0,0.0,100,292.55,297.0,0,0.0,0.0,,0.0,1,0.1,0.02,SPY190814C00298000,298.0,normalDay
2019-08-14,182.0,-1310.0,10.0,100,283.9,297.0,0,0.0,0.0,,0.0,1,0.1,0.0,SPY190814C00298000,298.0,expirationDay
2019-08-15,182.0,-1238.0,0.0,100,284.65,297.0,0,0.0,0.0,,0.0,1,0.29,0.32,SPY190823C00294000,294.0,normalDay
2019-08-16,182.0,-842.0,0.0,100,288.85,297.0,0,0.0,0.0,,0.0,1,0.29,0.56,SPY190823C00294000,294.0,normalDay
2019-08-19,182.0,-554.0,0.0,100,292.33,297.0,0,0.0,0.0,,0.0,1,0.29,1.16,SPY190823C00294000,294.0,normalDay
2019-08-20,182.0,-708.0,0.0,100,290.09,297.0,0,0.0,0.0,,0.0,1,0.29,0.46,SPY190823C00294000,294.0,normalDay
2019-08-21,182.0,-518.0,0.0,100,292.45,297.0,0,0.0,0.0,,0.0,1,0.29,0.92,SPY190823C00294000,294.0,normalDay
2019-08-22,182.0,-480.0,0.0,100,292.36,297.0,0,0.0,0.0,,0.0,1,0.29,0.45,SPY190823C00294000,294.0,normalDay
2019-08-23,211.0,-1215.0,29.0,100,284.85,297.0,0,0.0,0.0,,0.0,1,0.29,0.0,SPY190823C00294000,294.0,expirationDay
2019-08-26,211.0,-906.0,0.0,100,288.0,297.0,0,0.0,0.0,,0.0,1,2.27,2.33,SPY190904C00290000,290.0,normalDay
2019-08-27,211.0,-951.0,0.0,100,286.87,297.0,0,0.0,0.0,,0.0,1,2.27,1.65,SPY190904C00290000,290.0,normalDay
2019-08-28,211.0,-803.0,0.0,100,288.89,297.0,0,0.0,0.0,,0.0,1,2.27,2.19,SPY190904C00290000,290.0,normalDay
2019-08-29,211.0,-609.0,0.0,100,292.58,297.0,0,0.0,0.0,,0.0,1,2.27,3.94,SPY190904C00290000,290.0,normalDay
2019-08-30,211.0,-607.0,0.0,100,292.45,297.0,0,0.0,0.0,,0.0,1,2.27,3.79,SPY190904C00290000,290.0,normalDay
2019-09-03,211.0,-554.0,0.0,100,290.74,297.0,0,0.0,0.0,,0.0,1,2.27,1.55,SPY190904C00290000,290.0,normalDay
2019-09-04,-262.0,-554.0,-473.0,0,294.04,0.0,0,0.0,0.0,,0.0,1,2.27,0.0,SPY190904C00290000,290.0,expirationDay
2019-09-05,-262.0,-4.0,0.0,0,297.82,0.0,1,0.73,0.77,SPY190916P00290500,290.5,0,0.0,0.0,,0.0,normalDay
2019-09-06,-262.0,33.0,0.0,0,298.05,0.0,1,0.73,0.4,SPY190916P00290500,290.5,0,0.0,0.0,,0.0,normalDay
2019-09-09,-262.0,47.0,0.0,0,298.2,0.0,1,0.73,0.26,SPY190916P00290500,290.5,0,0.0,0.0,,0.0,normalDay
2019-09-10,-262.0,51.0,0.0,0,298.13,0.0,1,0.73,0.22,SPY190916P00290500,290.5,0,0.0,0.0,,0.0,normalDay
2019-09-11,-262.0,65.0,0.0,0,300.25,0.0,1,0.73,0.08,SPY190916P00290500,290.5,0,0.0,0.0,,0.0,normalDay
2019-09-12,-262.0,68.0,0.0,0,301.29,0.0,1,0.73,0.05,SPY190916P00290500,290.5,0,0.0,0.0,,0.0,normalDay
2019-09-13,-262.0,70.0,0.0,0,301.09,0.0,1,0.73,0.03,SPY190916P00290500,290.5,0,0.0,0.0,,0.0,normalDay
2019-09-16,-189.0,0.0,73.0,0,300.16,0.0,1,0.73,0.0,SPY190916P00290500,290.5,0,0.0,0.0,,0.0,expirationDay
2019-09-17,-189.0,-3.0,0.0,0,300.92,0.0,1,0.96,0.99,SPY190927P00294000,294.0,0,0.0,0.0,,0.0,normalDay
2019-09-18,-189.0,19.0,0.0,0,301.1,0.0,1,0.96,0.77,SPY190927P00294000,294.0,0,0.0,0.0,,0.0,normalDay
2019-09-19,-189.0,34.0,0.0,0,301.08,0.0,1,0.96,0.62,SPY190927P00294000,294.0,0,0.0,0.0,,0.0,normalDay
2019-09-20,-189.0,9.0,0.0,0,298.28,0.0,1,0.96,0.87,SPY190927P00294000,294.0,0,0.0,0.0,,0.0,normalDay
2019-09-23,-189.0,54.0,0.0,0,298.21,0.0,1,0.96,0.42,SPY190927P00294000,294.0,0,0.0,0.0,,0.0,normalDay
2019-09-24,-189.0,-9.0,0.0,0,295.87,0.0,1,0.96,1.05,SPY190927P00294000,294.0,0,0.0,0.0,,0.0,normalDay
2019-09-25,-189.0,56.0,0.0,0,297.62,0.0,1,0.96,0.4,SPY190927P00294000,294.0,0,0.0,0.0,,0.0,normalDay
2019-09-26,-189.0,78.0,0.0,0,297.0,0.0,1,0.96,0.18,SPY190927P00294000,294.0,0,0.0,0.0,,0.0,normalDay
2019-09-27,-93.0,0.0,96.0,0,295.4,0.0,1,0.96,0.0,SPY190927P00294000,294.0,0,0.0,0.0,,0.0,expirationDay
2019-09-30,-93.0,-4.0,0.0,0,296.77,0.0,1,3.07,3.11,SPY191011P00298000,298.0,0,0.0,0.0,,0.0,normalDay
2019-10-01,-93.0,-257.0,0.0,0,293.24,0.0,1,3.07,5.64,SPY191011P00298000,298.0,0,0.0,0.0,,0.0,normalDay
2019-10-02,-93.0,-776.0,0.0,0,288.06,0.0,1,3.07,10.83,SPY191011P00298000,298.0,0,0.0,0.0,,0.0,normalDay
2019-10-03,-93.0,-479.0,0.0,0,290.42,0.0,1,3.07,7.86,SPY191011P00298000,298.0,0,0.0,0.0,,0.0,normalDay
2019-10-04,-93.0,-131.0,0.0,0,294.35,0.0,1,3.07,4.38,SPY191011P00298000,298.0,0,0.0,0.0,,0.0,normalDay
2019-10-07,-93.0,-225.0,0.0,0,293.08,0.0,1,3.07,5.32,SPY191011P00298000,298.0,0,0.0,0.0,,0.0,normalDay
2019-10-08,-93.0,-644.0,0.0,0,288.53,0.0,1,3.07,9.51,SPY191011P00298000,298.0,0,0.0,0.0,,0.0,normalDay
2019-10-09,-93.0,-389.0,0.0,0,291.27,0.0,1,3.07,6.96,SPY191011P00298000,298.0,0,0.0,0.0,,0.0,normalDay
2019-10-10,-93.0,-169.0,0.0,0,293.24,0.0,1,3.07,4.76,SPY191011P00298000,298.0,0,0.0,0.0,,0.0,normalDay
2019-10-11,214.0,-172.0,307.0,100,296.28,298.0,1,3.07,0.0,SPY191011P00298000,298.0,0,0.0,0.0,,0.0,expirationDay
2019-10-14,214.0,-210.0,0.0,100,295.95,298.0,0,0.0,0.0,,0.0,1,2.99,3.04,SPY191023C00295000,295.0,normalDay
2019-10-15,214.0,-100.0,0.0,100,298.88,298.0,0,0.0,0.0,,0.0,1,2.99,4.87,SPY191023C00295000,295.0,normalDay
2019-10-16,214.0,-94.0,0.0,100,298.4,298.0,0,0.0,0.0,,0.0,1,2.99,4.33,SPY191023C00295000,295.0,normalDay
2019-10-17,214.0,-43.0,0.0,100,299.28,298.0,0,0.0,0.0,,0.0,1,2.99,4.7,SPY191023C00295000,295.0,normalDay
2019-10-18,214.0,-73.0,0.0,100,297.97,298.0,0,0.0,0.0,,0.0,1,2.99,3.69,SPY191023C00295000,295.0,normalDay
2019-10-21,214.0,-19.0,0.0,100,299.99,298.0,0,0.0,0.0,,0.0,1,2.99,5.17,SPY191023C00295000,295.0,normalDay
2019-10-22,214.0,-2.0,0.0,100,299.01,298.0,0,0.0,0.0,,0.0,1,2.99,4.02,SPY191023C00295000,295.0,normalDay
2019-10-23,213.0,-2.0,-1.0,0,299.88,0.0,0,0.0,0.0,,0.0,1,2.99,0.0,SPY191023C00295000,295.0,expirationDay
2019-10-24,213.0,-4.0,0.0,0,300.37,0.0,1,0.85,0.89,SPY191104P00296000,296.0,0,0.0,0.0,,0.0,normalDay
2019-10-25,213.0,38.0,0.0,0,301.6,0.0,1,0.85,0.47,SPY191104P00296000,296.0,0,0.0,0.0,,0.0,normalDay
2019-10-28,213.0,61.0,0.0,0,303.3,0.0,1,0.85,0.24,SPY191104P00296000,296.0,0,0.0,0.0,,0.0,normalDay
2019-10-29,213.0,64.0,0.0,0,303.21,0.0,1,0.85,0.21,SPY191104P00296000,296.0,0,0.0,0.0,,0.0,normalDay
2019-10-30,213.0,77.0,0.0,0,304.14,0.0,1,0.85,0.08,SPY191104P00296000,296.0,0,0.0,0.0,,0.0,normalDay
2019-10-31,213.0,78.0,0.0,0,303.33,0.0,1,0.85,0.07,SPY191104P00296000,296.0,0,0.0,0.0,,0.0,normalDay
2019-11-01,213.0,83.0,0.0,0,306.14,0.0,1,0.85,0.02,SPY191104P00296000,296.0,0,0.0,0.0,,0.0,normalDay
2019-11-04,298.0,0.0,85.0,0,307.37,0.0,1,0.85,0.0,SPY191104P00296000,296.0,0,0.0,0.0,,0.0,expirationDay
2019-11-05,298.0,-3.0,0.0,0,307.03,0.0,1,0.44,0.47,SPY191115P00300000,300.0,0,0.0,0.0,,0.0,normalDay
2019-11-06,298.0,15.0,0.0,0,307.1,0.0,1,0.44,0.29,SPY191115P00300000,300.0,0,0.0,0.0,,0.0,normalDay
2019-11-07,298.0,23.0,0.0,0,308.18,0.0,1,0.44,0.21,SPY191115P00300000,300.0,0,0.0,0.0,,0.0,normalDay
2019-11-08,298.0,35.0,0.0,0,308.94,0.0,1,0.44,0.09,SPY191115P00300000,300.0,0,0.0,0.0,,0.0,normalDay
2019-11-11,298.0,38.0,0.0,0,308.35,0.0,1,0.44,0.06,SPY191115P00300000,300.0,0,0.0,0.0,,0.0,normalDay
2019-11-12,298.0,40.0,0.0,0,309.0,0.0,1,0.44,0.04,SPY191115P00300000,300.0,0,0.0,0.0,,0.0,normalDay
2019-11-13,298.0,40.0,0.0,0,309.1,0.0,1,0.44,0.04,SPY191115P00300000,300.0,0,0.0,0.0,,0.0,normalDay
2019-11-14,298.0,41.0,0.0,0,309.55,0.0,1,0.44,0.03,SPY191115P00300000,300.0,0,0.0,0.0,,0.0,normalDay
2019-11-15,342.0,0.0,44.0,0,311.79,0.0,1,0.44,0.0,SPY191115P00300000,300.0,0,0.0,0.0,,0.0,expirationDay
2019-11-18,342.0,-3.0,0.0,0,312.02,0.0,1,0.54,0.57,SPY191129P00306000,306.0,0,0.0,0.0,,0.0,normalDay
2019-11-19,342.0,2.0,0.0,0,311.93,0.0,1,0.54,0.52,SPY191129P00306000,306.0,0,0.0,0.0,,0.0,normalDay
2019-11-20,342.0,-7.0,0.0,0,310.77,0.0,1,0.54,0.61,SPY191129P00306000,306.0,0,0.0,0.0,,0.0,normalDay
2019-11-21,342.0,-1.0,0.0,0,310.27,0.0,1,0.54,0.55,SPY191129P00306000,306.0,0,0.0,0.0,,0.0,normalDay
2019-11-22,342.0,29.0,0.0,0,310.96,0.0,1,0.54,0.25,SPY191129P00306000,306.0,0,0.0,0.0,,0.0,normalDay
2019-11-25,342.0,45.0,0.0,0,313.37,0.0,1,0.54,0.09,SPY191129P00306000,306.0,0,0.0,0.0,,0.0,normalDay
2019-11-26,342.0,48.0,0.0,0,314.08,0.0,1,0.54,0.06,SPY191129P00306000,306.0,0,0.0,0.0,,0.0,normalDay
2019-11-27,342.0,52.0,0.0,0,315.48,0.0,1,0.54,0.02,SPY191129P00306000,306.0,0,0.0,0.0,,0.0,normalDay
2019-11-29,396.0,0.0,54.0,0,314.31,0.0,1,0.54,0.0,SPY191129P00306000,306.0,0,0.0,0.0,,0.0,expirationDay
2019-12-02,396.0,-3.0,0.0,0,311.64,0.0,1,2.45,2.48,SPY191213P00311000,311.0,0,0.0,0.0,,0.0,normalDay
2019-12-03,396.0,-118.0,0.0,0,309.55,0.0,1,2.45,3.63,SPY191213P00311000,311.0,0,0.0,0.0,,0.0,normalDay
2019-12-04,396.0,-7.0,0.0,0,311.46,0.0,1,2.45,2.52,SPY191213P00311000,311.0,0,0.0,0.0,,0.0,normalDay
2019-12-05,396.0,60.0,0.0,0,312.02,0.0,1,2.45,1.85,SPY191213P00311000,311.0,0,0.0,0.0,,0.0,normalDay
2019-12-06,396.0,169.0,0.0,0,314.87,0.0,1,2.45,0.76,SPY191213P00311000,311.0,0,0.0,0.0,,0.0,normalDay
2019-12-09,396.0,151.0,0.0,0,313.88,0.0,1,2.45,0.94,SPY191213P00311000,311.0,0,0.0,0.0,,0.0,normalDay
2019-12-10,396.0,177.0,0.0,0,313.53,0.0,1,2.45,0.68,SPY191213P00311000,311.0,0,0.0,0.0,,0.0,normalDay
2019-12-11,396.0,214.0,0.0,0,314.42,0.0,1,2.45,0.31,SPY191213P00311000,311.0,0,0.0,0.0,,0.0,normalDay
2019-12-12,396.0,235.0,0.0,0,317.13,0.0,1,2.45,0.1,SPY191213P00311000,311.0,0,0.0,0.0,,0.0,normalDay
2019-12-13,641.0,0.0,245.0,0,317.32,0.0,1,2.45,0.0,SPY191213P00311000,311.0,0,0.0,0.0,,0.0,expirationDay
2019-12-16,641.0,-4.0,0.0,0,319.5,0.0,1,0.72,0.76,SPY191227P00313500,313.5,0,0.0,0.0,,0.0,normalDay
2019-12-17,641.0,7.0,0.0,0,319.57,0.0,1,0.72,0.65,SPY191227P00313500,313.5,0,0.0,0.0,,0.0,normalDay
2019-12-18,641.0,21.0,0.0,0,319.59,0.0,1,0.72,0.51,SPY191227P00313500,313.5,0,0.0,0.0,,0.0,normalDay
2019-12-19,641.0,50.0,0.0,0,320.9,0.0,1,0.72,0.22,SPY191227P00313500,313.5,0,0.0,0.0,,0.0,normalDay
2019-12-20,641.0,60.0,0.0,0,320.73,0.0,1,0.72,0.12,SPY191227P00313500,313.5,0,0.0,0.0,,0.0,normalDay
2019-12-23,641.0,66.0,0.0,0,321.22,0.0,1,0.72,0.06,SPY191227P00313500,313.5,0,0.0,0.0,,0.0,normalDay
2019-12-24,641.0,69.0,0.0,0,321.23,0.0,1,0.72,0.03,SPY191227P00313500,313.5,0,0.0,0.0,,0.0,normalDay
2019-12-26,641.0,71.0,0.0,0,322.94,0.0,1,0.72,0.01,SPY191227P00313500,313.5,0,0.0,0.0,,0.0,normalDay
2019-12-27,713.0,0.0,72.0,0,322.86,0.0,1,0.72,0.0,SPY191227P00313500,313.5,0,0.0,0.0,,0.0,expirationDay
2019-12-30,713.0,-3.0,0.0,0,321.08,0.0,1,1.38,1.41,SPY200110P00317500,317.5,0,0.0,0.0,,0.0,normalDay
2019-12-31,713.0,40.0,0.0,0,321.86,0.0,1,1.38,0.98,SPY200110P00317500,317.5,0,0.0,0.0,,0.0,normalDay
2020-01-02,713.0,107.0,0.0,0,324.87,0.0,1,1.38,0.31,SPY200110P00317500,317.5,0,0.0,0.0,,0.0,normalDay
2020-01-03,713.0,68.0,0.0,0,322.41,0.0,1,1.38,0.7,SPY200110P00317500,317.5,0,0.0,0.0,,0.0,normalDay
2020-01-06,713.0,114.0,0.0,0,323.64,0.0,1,1.38,0.24,SPY200110P00317500,317.5,0,0.0,0.0,,0.0,normalDay
2020-01-07,713.0,112.0,0.0,0,322.73,0.0,1,1.38,0.26,SPY200110P00317500,317.5,0,0.0,0.0,,0.0,normalDay
2020-01-08,713.0,124.0,0.0,0,324.45,0.0,1,1.38,0.14,SPY200110P00317500,317.5,0,0.0,0.0,,0.0,normalDay
2020-01-09,713.0,135.0,0.0,0,326.65,0.0,1,1.38,0.03,SPY200110P00317500,317.5,0,0.0,0.0,,0.0,normalDay
2020-01-10,851.0,0.0,138.0,0,325.71,0.0,1,1.38,0.0,SPY200110P00317500,317.5,0,0.0,0.0,,0.0,expirationDay
2020-01-13,851.0,-3.0,0.0,0,327.95,0.0,1,0.63,0.66,SPY200124P00322500,322.5,0,0.0,0.0,,0.0,normalDay
2020-01-14,851.0,-2.0,0.0,0,327.45,0.0,1,0.63,0.65,SPY200124P00322500,322.5,0,0.0,0.0,,0.0,normalDay
2020-01-15,851.0,18.0,0.0,0,328.19,0.0,1,0.63,0.45,SPY200124P00322500,322.5,0,0.0,0.0,,0.0,normalDay
2020-01-16,851.0,40.0,0.0,0,330.92,0.0,1,0.63,0.23,SPY200124P00322500,322.5,0,0.0,0.0,,0.0,normalDay
2020-01-17,851.0,54.0,0.0,0,331.95,0.0,1,0.63,0.09,SPY200124P00322500,322.5,0,0.0,0.0,,0.0,normalDay
2020-01-21,851.0,56.0,0.0,0,331.3,0.0,1,0.63,0.07,SPY200124P00322500,322.5,0,0.0,0.0,,0.0,normalDay
2020-01-22,851.0,60.0,0.0,0,331.34,0.0,1,0.63,0.03,SPY200124P00322500,322.5,0,0.0,0.0,,0.0,normalDay
2020-01-23,851.0,61.0,0.0,0,331.72,0.0,1,0.63,0.02,SPY200124P00322500,322.5,0,0.0,0.0,,0.0,normalDay
2020-01-24,914.0,0.0,63.0,0,328.77,0.0,1,0.63,0.0,SPY200124P00322500,322.5,0,0.0,0.0,,0.0,expirationDay
2020-01-27,914.0,-5.0,0.0,0,323.5,0.0,1,5.2,5.25,SPY200207P00326000,326.0,0,0.0,0.0,,0.0,normalDay
2020-01-28,914.0,214.0,0.0,0,326.89,0.0,1,5.2,3.06,SPY200207P00326000,326.0,0,0.0,0.0,,0.0,normalDay
2020-01-29,914.0,215.0,0.0,0,326.62,0.0,1,5.2,3.05,SPY200207P00326000,326.0,0,0.0,0.0,,0.0,normalDay
2020-01-30,914.0,321.0,0.0,0,327.68,0.0,1,5.2,1.99,SPY200207P00326000,326.0,0,0.0,0.0,,0.0,normalDay
2020-01-31,914.0,-28.0,0.0,0,321.73,0.0,1,5.2,5.48,SPY200207P00326000,326.0,0,0.0,0.0,,0.0,normalDay
2020-02-03,914.0,145.0,0.0,0,324.12,0.0,1,5.2,3.75,SPY200207P00326000,326.0,0,0.0,0.0,,0.0,normalDay
2020-02-04,914.0,425.0,0.0,0,329.06,0.0,1,5.2,0.95,SPY200207P00326000,326.0,0,0.0,0.0,,0.0,normalDay
2020-02-05,914.0,506.0,0.0,0,332.86,0.0,1,5.2,0.14,SPY200207P00326000,326.0,0,0.0,0.0,,0.0,normalDay
2020-02-06,914.0,517.0,0.0,0,333.98,0.0,1,5.2,0.03,SPY200207P00326000,326.0,0,0.0,0.0,,0.0,normalDay
2020-02-07,1434.0,0.0,520.0,0,332.2,0.0,1,5.2,0.0,SPY200207P00326000,326.0,0,0.0,0.0,,0.0,expirationDay
2020-02-10,1434.0,-4.0,0.0,0,334.68,0.0,1,1.08,1.12,SPY200221P00329000,329.0,0,0.0,0.0,,0.0,normalDay
2020-02-11,1434.0,13.0,0.0,0,335.26,0.0,1,1.08,0.95,SPY200221P00329000,329.0,0,0.0,0.0,,0.0,normalDay
2020-02-12,1434.0,64.0,0.0,0,337.42,0.0,1,1.08,0.44,SPY200221P00329000,329.0,0,0.0,0.0,,0.0,normalDay
2020-02-13,1434.0,62.0,0.0,0,337.06,0.0,1,1.08,0.46,SPY200221P00329000,329.0,0,0.0,0.0,,0.0,normalDay
2020-02-14,1434.0,81.0,0.0,0,337.6,0.0,1,1.08,0.27,SPY200221P00329000,329.0,0,0.0,0.0,,0.0,normalDay
2020-02-18,1434.0,91.0,0.0,0,336.73,0.0,1,1.08,0.17,SPY200221P00329000,329.0,0,0.0,0.0,,0.0,normalDay
2020-02-19,1434.0,102.0,0.0,0,338.34,0.0,1,1.08,0.06,SPY200221P00329000,329.0,0,0.0,0.0,,0.0,normalDay
2020-02-20,1434.0,104.0,0.0,0,336.95,0.0,1,1.08,0.04,SPY200221P00329000,329.0,0,0.0,0.0,,0.0,normalDay
2020-02-21,1542.0,0.0,108.0,0,333.48,0.0,1,1.08,0.0,SPY200221P00329000,329.0,0,0.0,0.0,,0.0,expirationDay
2020-02-24,1542.0,-9.0,0.0,0,322.42,0.0,1,10.37,10.46,SPY200306P00331000,331.0,0,0.0,0.0,,0.0,normalDay
2020-02-25,1542.0,-789.0,0.0,0,312.65,0.0,1,10.37,18.26,SPY200306P00331000,331.0,0,0.0,0.0,,0.0,normalDay
2020-02-26,1542.0,-988.0,0.0,0,311.5,0.0,1,10.37,20.25,SPY200306P00331000,331.0,0,0.0,0.0,,0.0,normalDay
2020-02-27,1542.0,-2341.0,0.0,0,297.51,0.0,1,10.37,33.78,SPY200306P00331000,331.0,0,0.0,0.0,,0.0,normalDay
2020-02-28,1542.0,-2420.0,0.0,0,296.26,0.0,1,10.37,34.57,SPY200306P00331000,331.0,0,0.0,0.0,,0.0,normalDay
2020-03-02,1542.0,-1167.0,0.0,0,309.09,0.0,1,10.37,22.04,SPY200306P00331000,331.0,0,0.0,0.0,,0.0,normalDay
2020-03-03,1542.0,-1927.0,0.0,0,300.24,0.0,1,10.37,29.64,SPY200306P00331000,331.0,0,0.0,0.0,,0.0,normalDay
2020-03-04,1542.0,-885.0,0.0,0,312.86,0.0,1,10.37,19.22,SPY200306P00331000,331.0,0,0.0,0.0,,0.0,normalDay
2020-03-05,1542.0,-1867.0,0.0,0,302.46,0.0,1,10.37,29.04,SPY200306P00331000,331.0,0,0.0,0.0,,0.0,normalDay
2020-03-06,2579.0,-3354.0,1037.0,100,297.46,331.0,1,10.37,0.0,SPY200306P00331000,331.0,0,0.0,0.0,,0.0,expirationDay
2020-03-09,2579.0,-5682.0,0.0,100,274.23,331.0,0,0.0,0.0,,0.0,1,0.08,0.13,SPY200318C00318000,318.0,normalDay
2020-03-10,2579.0,-4265.0,0.0,100,288.42,331.0,0,0.0,0.0,,0.0,1,0.08,0.15,SPY200318C00318000,318.0,normalDay
2020-03-11,2579.0,-5663.0,0.0,100,274.36,331.0,0,0.0,0.0,,0.0,1,0.08,0.07,SPY200318C00318000,318.0,normalDay
2020-03-12,2579.0,-8285.0,0.0,100,248.11,331.0,0,0.0,0.0,,0.0,1,0.08,0.04,SPY200318C00318000,318.0,normalDay
2020-03-13,2579.0,-6162.0,0.0,100,269.32,331.0,0,0.0,0.0,,0.0,1,0.08,0.02,SPY200318C00318000,318.0,normalDay
2020-03-16,2579.0,-9109.0,0.0,100,239.85,331.0,0,0.0,0.0,,0.0,1,0.08,0.02,SPY200318C00318000,318.0,normalDay
2020-03-17,2579.0,-7813.0,0.0,100,252.8,331.0,0,0.0,0.0,,0.0,1,0.08,0.01,SPY200318C00318000,318.0,normalDay
2020-03-18,2587.0,-9100.0,8.0,100,240.0,331.0,0,0.0,0.0,,0.0,1,0.08,0.0,SPY200318C00318000,318.0,expirationDay
2020-03-19,2587.0,-9057.0,0.0,100,240.51,331.0,0,0.0,0.0,,0.0,1,0.22,0.3,SPY200327C00286000,286.0,normalDay
2020-03-20,2587.0,-10208.0,0.0,100,228.8,331.0,0,0.0,0.0,,0.0,1,0.22,0.1,SPY200327C00286000,286.0,normalDay
2020-03-23,2587.0,-10788.0,0.0,100,222.95,331.0,0,0.0,0.0,,0.0,1,0.22,0.05,SPY200327C00286000,286.0,normalDay
2020-03-24,2587.0,-8774.0,0.0,100,243.15,331.0,0,0.0,0.0,,0.0,1,0.22,0.11,SPY200327C00286000,286.0,normalDay
2020-03-25,2587.0,-8403.0,0.0,100,246.79,331.0,0,0.0,0.0,,0.0,1,0.22,0.04,SPY200327C00286000,286.0,normalDay
2020-03-26,2587.0,-6962.0,0.0,100,261.2,331.0,0,0.0,0.0,,0.0,1,0.22,0.04,SPY200327C00286000,286.0,normalDay
2020-03-27,2609.0,-7758.0,22.0,100,253.42,331.0,0,0.0,0.0,,0.0,1,0.22,0.0,SPY200327C00286000,286.0,expirationDay
2020-03-30,2609.0,-6953.0,0.0,100,261.65,331.0,0,0.0,0.0,,0.0,1,7.98,8.16,SPY200408C00263000,263.0,normalDay
2020-03-31,2609.0,-6986.0,0.0,100,257.75,331.0,0,0.0,0.0,,0.0,1,7.98,4.59,SPY200408C00263000,263.0,normalDay
2020-04-01,2609.0,-7813.0,0.0,100,246.15,331.0,0,0.0,0.0,,0.0,1,7.98,1.26,SPY200408C00263000,263.0,normalDay
2020-04-02,2609.0,-7307.0,0.0,100,251.83,331.0,0,0.0,0.0,,0.0,1,7.98,1.88,SPY200408C00263000,263.0,normalDay
2020-04-03,2609.0,-7530.0,0.0,100,248.19,331.0,0,0.0,0.0,,0.0,1,7.98,0.47,SPY200408C00263000,263.0,normalDay
2020-04-06,2609.0,-6331.0,0.0,100,264.86,331.0,0,0.0,0.0,,0.0,1,7.98,5.15,SPY200408C00263000,263.0,normalDay
2020-04-07,2609.0,-6172.0,0.0,100,265.13,331.0,0,0.0,0.0,,0.0,1,7.98,3.83,SPY200408C00263000,263.0,normalDay
2020-04-08,-3393.0,-6172.0,-6002.0,0,274.03,0.0,0,0.0,0.0,,0.0,1,7.98,0.0,SPY200408C00263000,263.0,expirationDay
2020-04-09,-3393.0,-6.0,0.0,0,278.2,0.0,1,1.15,1.21,SPY200420P00252000,252.0,0,0.0,0.0,,0.0,normalDay
2020-04-13,-3393.0,54.0,0.0,0,275.66,0.0,1,1.15,0.61,SPY200420P00252000,252.0,0,0.0,0.0,,0.0,normalDay
2020-04-14,-3393.0,98.0,0.0,0,283.79,0.0,1,1.15,0.17,SPY200420P00252000,252.0,0,0.0,0.0,,0.0,normalDay
2020-04-15,-3393.0,94.0,0.0,0,277.76,0.0,1,1.15,0.21,SPY200420P00252000,252.0,0,0.0,0.0,,0.0,normalDay
2020-04-16,-3393.0,106.0,0.0,0,279.1,0.0,1,1.15,0.09,SPY200420P00252000,252.0,0,0.0,0.0,,0.0,normalDay
2020-04-17,-3393.0,114.0,0.0,0,286.64,0.0,1,1.15,0.01,SPY200420P00252000,252.0,0,0.0,0.0,,0.0,normalDay
2020-04-20,-3278.0,0.0,115.0,0,281.59,0.0,1,1.15,0.0,SPY200420P00252000,252.0,0,0.0,0.0,,0.0,expirationDay
2020-04-21,-3278.0,-8.0,0.0,0,273.04,0.0,1,4.8,4.88,SPY200501P00265000,265.0,0,0.0,0.0,,0.0,normalDay
2020-04-22,-3278.0,213.0,0.0,0,279.1,0.0,1,4.8,2.67,SPY200501P00265000,265.0,0,0.0,0.0,,0.0,normalDay
2020-04-23,-3278.0,271.0,0.0,0,279.08,0.0,1,4.8,2.09,SPY200501P00265000,265.0,0,0.0,0.0,,0.0,normalDay
2020-04-24,-3278.0,416.0,0.0,0,282.97,0.0,1,4.8,0.64,SPY200501P00265000,265.0,0,0.0,0.0,,0.0,normalDay
2020-04-27,-3278.0,467.0,0.0,0,287.05,0.0,1,4.8,0.13,SPY200501P00265000,265.0,0,0.0,0.0,,0.0,normalDay
2020-04-28,-3278.0,471.0,0.0,0,285.73,0.0,1,4.8,0.09,SPY200501P00265000,265.0,0,0.0,0.0,,0.0,normalDay
2020-04-29,-3278.0,478.0,0.0,0,293.21,0.0,1,4.8,0.02,SPY200501P00265000,265.0,0,0.0,0.0,,0.0,normalDay
2020-04-30,-3278.0,479.0,0.0,0,290.48,0.0,1,4.8,0.01,SPY200501P00265000,265.0,0,0.0,0.0,,0.0,normalDay
2020-05-01,-2798.0,0.0,480.0,0,282.79,0.0,1,4.8,0.0,SPY200501P00265000,265.0,0,0.0,0.0,,0.0,expirationDay
2020-05-04,-2798.0,-4.0,0.0,0,283.57,0.0,1,5.23,5.27,SPY200515P00280000,280.0,0,0.0,0.0,,0.0,normalDay
2020-05-05,-2798.0,144.0,0.0,0,286.19,0.0,1,5.23,3.79,SPY200515P00280000,280.0,0,0.0,0.0,,0.0,normalDay
2020-05-06,-2798.0,100.0,0.0,0,284.25,0.0,1,5.23,4.23,SPY200515P00280000,280.0,0,0.0,0.0,,0.0,normalDay
2020-05-07,-2798.0,294.0,0.0,0,287.68,0.0,1,5.23,2.29,SPY200515P00280000,280.0,0,0.0,0.0,,0.0,normalDay
2020-05-08,-2798.0,446.0,0.0,0,292.44,0.0,1,5.23,0.77,SPY200515P00280000,280.0,0,0.0,0.0,,0.0,normalDay
2020-05-11,-2798.0,477.0,0.0,0,292.5,0.0,1,5.23,0.46,SPY200515P00280000,280.0,0,0.0,0.0,,0.0,normalDay
2020-05-12,-2798.0,371.0,0.0,0,286.67,0.0,1,5.23,1.52,SPY200515P00280000,280.0,0,0.0,0.0,,0.0,normalDay
2020-05-13,-2798.0,322.0,0.0,0,281.6,0.0,1,5.23,2.01,SPY200515P00280000,280.0,0,0.0,0.0,,0.0,normalDay
2020-05-14,-2798.0,479.0,0.0,0,284.97,0.0,1,5.23,0.44,SPY200515P00280000,280.0,0,0.0,0.0,,0.0,normalDay
2020-05-15,-2275.0,0.0,523.0,0,286.28,0.0,1,5.23,0.0,SPY200515P00280000,280.0,0,0.0,0.0,,0.0,expirationDay
2020-05-18,-2275.0,-5.0,0.0,0,295.0,0.0,1,2.4,2.45,SPY200529P00286000,286.0,0,0.0,0.0,,0.0,normalDay
2020-05-19,-2275.0,-50.0,0.0,0,291.97,0.0,1,2.4,2.9,SPY200529P00286000,286.0,0,0.0,0.0,,0.0,normalDay
2020-05-20,-2275.0,106.0,0.0,0,296.93,0.0,1,2.4,1.34,SPY200529P00286000,286.0,0,0.0,0.0,,0.0,normalDay
2020-05-21,-2275.0,82.0,0.0,0,294.88,0.0,1,2.4,1.58,SPY200529P00286000,286.0,0,0.0,0.0,,0.0,normalDay
2020-05-22,-2275.0,149.0,0.0,0,295.44,0.0,1,2.4,0.91,SPY200529P00286000,286.0,0,0.0,0.0,,0.0,normalDay
2020-05-26,-2275.0,218.0,0.0,0,299.08,0.0,1,2.4,0.22,SPY200529P00286000,286.0,0,0.0,0.0,,0.0,normalDay
2020-05-27,-2275.0,234.0,0.0,0,303.53,0.0,1,2.4,0.06,SPY200529P00286000,286.0,0,0.0,0.0,,0.0,normalDay
2020-05-28,-2275.0,237.0,0.0,0,302.97,0.0,1,2.4,0.03,SPY200529P00286000,286.0,0,0.0,0.0,,0.0,normalDay
2020-05-29,-2035.0,0.0,240.0,0,304.32,0.0,1,2.4,0.0,SPY200529P00286000,286.0,0,0.0,0.0,,0.0,expirationDay
2020-06-01,-2035.0,-3.0,0.0,0,305.55,0.0,1,1.87,1.9,SPY200612P00293000,293.0,0,0.0,0.0,,0.0,normalDay
2020-06-02,-2035.0,69.0,0.0,0,308.08,0.0,1,1.87,1.18,SPY200612P00293000,293.0,0,0.0,0.0,,0.0,normalDay
2020-06-03,-2035.0,131.0,0.0,0,312.18,0.0,1,1.87,0.56,SPY200612P00293000,293.0,0,0.0,0.0,,0.0,normalDay
2020-06-04,-2035.0,140.0,0.0,0,311.36,0.0,1,1.87,0.47,SPY200612P00293000,293.0,0,0.0,0.0,,0.0,normalDay
2020-06-05,-2035.0,175.0,0.0,0,319.34,0.0,1,1.87,0.12,SPY200612P00293000,293.0,0,0.0,0.0,,0.0,normalDay
2020-06-08,-2035.0,181.0,0.0,0,323.2,0.0,1,1.87,0.06,SPY200612P00293000,293.0,0,0.0,0.0,,0.0,normalDay
2020-06-09,-2035.0,182.0,0.0,0,320.79,0.0,1,1.87,0.05,SPY200612P00293000,293.0,0,0.0,0.0,,0.0,normalDay
2020-06-10,-2035.0,184.0,0.0,0,319.0,0.0,1,1.87,0.03,SPY200612P00293000,293.0,0,0.0,0.0,,0.0,normalDay
2020-06-11,-2035.0,106.0,0.0,0,300.61,0.0,1,1.87,0.81,SPY200612P00293000,293.0,0,0.0,0.0,,0.0,normalDay
2020-06-12,-1848.0,0.0,187.0,0,304.21,0.0,1,1.87,0.0,SPY200612P00293000,293.0,0,0.0,0.0,,0.0,expirationDay
2020-06-15,-1848.0,-8.0,0.0,0,307.05,0.0,1,6.87,6.95,SPY200626P00306000,306.0,0,0.0,0.0,,0.0,normalDay
2020-06-16,-1848.0,202.0,0.0,0,312.96,0.0,1,6.87,4.85,SPY200626P00306000,306.0,0,0.0,0.0,,0.0,normalDay
2020-06-17,-1848.0,253.0,0.0,0,311.66,0.0,1,6.87,4.34,SPY200626P00306000,306.0,0,0.0,0.0,,0.0,normalDay
2020-06-18,-1848.0,325.0,0.0,0,311.78,0.0,1,6.87,3.62,SPY200626P00306000,306.0,0,0.0,0.0,,0.0,normalDay
2020-06-19,-1848.0,221.0,0.0,0,308.64,0.0,1,6.87,4.66,SPY200626P00306000,306.0,0,0.0,0.0,,0.0,normalDay
2020-06-22,-1848.0,473.0,0.0,0,310.62,0.0,1,6.87,2.14,SPY200626P00306000,306.0,0,0.0,0.0,,0.0,normalDay
2020-06-23,-1848.0,546.0,0.0,0,312.05,0.0,1,6.87,1.41,SPY200626P00306000,306.0,0,0.0,0.0,,0.0,normalDay
2020-06-24,-1848.0,306.0,0.0,0,304.09,0.0,1,6.87,3.81,SPY200626P00306000,306.0,0,0.0,0.0,,0.0,normalDay
2020-06-25,-1848.0,559.0,0.0,0,307.35,0.0,1,6.87,1.28,SPY200626P00306000,306.0,0,0.0,0.0,,0.0,normalDay
2020-06-26,-1161.0,-595.0,687.0,100,300.05,306.0,1,6.87,0.0,SPY200626P00306000,306.0,0,0.0,0.0,,0.0,expirationDay
2020-06-29,-1161.0,-159.0,0.0,100,304.46,306.0,0,0.0,0.0,,0.0,1,2.18,2.23,SPY200708C00310000,310.0,normalDay
2020-06-30,-1161.0,113.0,0.0,100,308.36,306.0,0,0.0,0.0,,0.0,1,2.18,3.41,SPY200708C00310000,310.0,normalDay
2020-07-01,-1161.0,293.0,0.0,100,310.52,306.0,0,0.0,0.0,,0.0,1,2.18,3.77,SPY200708C00310000,310.0,normalDay
2020-07-02,-1161.0,394.0,0.0,100,312.23,306.0,0,0.0,0.0,,0.0,1,2.18,4.47,SPY200708C00310000,310.0,normalDay
2020-07-06,-1161.0,583.0,0.0,100,317.05,306.0,0,0.0,0.0,,0.0,1,2.18,7.4,SPY200708C00310000,310.0,normalDay
2020-07-07,-1161.0,569.0,0.0,100,313.78,306.0,0,0.0,0.0,,0.0,1,2.18,4.27,SPY200708C00310000,310.0,normalDay
2020-07-08,-543.0,569.0,618.0,0,316.18,0.0,0,0.0,0.0,,0.0,1,2.18,0.0,SPY200708C00310000,310.0,expirationDay
2020-07-09,-543.0,-6.0,0.0,0,314.38,0.0,1,2.93,2.99,SPY200720P00309000,309.0,0,0.0,0.0,,0.0,normalDay
2020-07-10,-543.0,139.0,0.0,0,317.59,0.0,1,2.93,1.54,SPY200720P00309000,309.0,0,0.0,0.0,,0.0,normalDay
2020-07-13,-543.0,38.0,0.0,0,314.84,0.0,1,2.93,2.55,SPY200720P00309000,309.0,0,0.0,0.0,,0.0,normalDay
2020-07-14,-543.0,170.0,0.0,0,318.92,0.0,1,2.93,1.23,SPY200720P00309000,309.0,0,0.0,0.0,,0.0,normalDay
2020-07-15,-543.0,250.0,0.0,0,321.85,0.0,1,2.93,0.43,SPY200720P00309000,309.0,0,0.0,0.0,,0.0,normalDay
2020-07-16,-543.0,256.0,0.0,0,320.79,0.0,1,2.93,0.37,SPY200720P00309000,309.0,0,0.0,0.0,,0.0,normalDay
2020-07-17,-543.0,288.0,0.0,0,321.72,0.0,1,2.93,0.05,SPY200720P00309000,309.0,0,0.0,0.0,,0.0,normalDay
2020-07-20,-250.0,0.0,293.0,0,324.32,0.0,1,2.93,0.0,SPY200720P00309000,309.0,0,0.0,0.0,,0.0,expirationDay
2020-07-21,-250.0,-4.0,0.0,0,325.01,0.0,1,1.52,1.56,SPY200731P00314000,314.0,0,0.0,0.0,,0.0,normalDay
2020-07-22,-250.0,45.0,0.0,0,326.86,0.0,1,1.52,1.07,SPY200731P00314000,314.0,0,0.0,0.0,,0.0,normalDay
2020-07-23,-250.0,-28.0,0.0,0,322.96,0.0,1,1.52,1.8,SPY200731P00314000,314.0,0,0.0,0.0,,0.0,normalDay
2020-07-24,-250.0,4.0,0.0,0,320.88,0.0,1,1.52,1.48,SPY200731P00314000,314.0,0,0.0,0.0,,0.0,normalDay
2020-07-27,-250.0,90.0,0.0,0,323.22,0.0,1,1.52,0.62,SPY200731P00314000,314.0,0,0.0,0.0,,0.0,normalDay
2020-07-28,-250.0,72.0,0.0,0,321.17,0.0,1,1.52,0.8,SPY200731P00314000,314.0,0,0.0,0.0,,0.0,normalDay
2020-07-29,-250.0,134.0,0.0,0,325.12,0.0,1,1.52,0.18,SPY200731P00314000,314.0,0,0.0,0.0,,0.0,normalDay
2020-07-30,-250.0,140.0,0.0,0,323.96,0.0,1,1.52,0.12,SPY200731P00314000,314.0,0,0.0,0.0,,0.0,normalDay
2020-07-31,-98.0,0.0,152.0,0,326.52,0.0,1,1.52,0.0,SPY200731P00314000,314.0,0,0.0,0.0,,0.0,expirationDay
2020-08-03,-98.0,-4.0,0.0,0,328.79,0.0,1,1.97,2.01,SPY200814P00321000,321.0,0,0.0,0.0,,0.0,normalDay
2020-08-04,-98.0,41.0,0.0,0,330.06,0.0,1,1.97,1.56,SPY200814P00321000,321.0,0,0.0,0.0,,0.0,normalDay
2020-08-05,-98.0,102.0,0.0,0,332.11,0.0,1,1.97,0.95,SPY200814P00321000,321.0,0,0.0,0.0,,0.0,normalDay
2020-08-06,-98.0,132.0,0.0,0,334.33,0.0,1,1.97,0.65,SPY200814P00321000,321.0,0,0.0,0.0,,0.0,normalDay
2020-08-07,-98.0,157.0,0.0,0,334.57,0.0,1,1.97,0.4,SPY200814P00321000,321.0,0,0.0,0.0,,0.0,normalDay
2020-08-10,-98.0,180.0,0.0,0,335.57,0.0,1,1.97,0.17,SPY200814P00321000,321.0,0,0.0,0.0,,0.0,normalDay
2020-08-11,-98.0,159.0,0.0,0,332.8,0.0,1,1.97,0.38,SPY200814P00321000,321.0,0,0.0,0.0,,0.0,normalDay
2020-08-12,-98.0,192.0,0.0,0,337.44,0.0,1,1.97,0.05,SPY200814P00321000,321.0,0,0.0,0.0,,0.0,normalDay
2020-08-13,-98.0,193.0,0.0,0,336.83,0.0,1,1.97,0.04,SPY200814P00321000,321.0,0,0.0,0.0,,0.0,normalDay
2020-08-14,99.0,0.0,197.0,0,336.84,0.0,1,1.97,0.0,SPY200814P00321000,321.0,0,0.0,0.0,,0.0,expirationDay
2020-08-17,99.0,-4.0,0.0,0,337.91,0.0,1,1.47,1.51,SPY200828P00330000,330.0,0,0.0,0.0,,0.0,normalDay
2020-08-18,99.0,21.0,0.0,0,338.64,0.0,1,1.47,1.26,SPY200828P00330000,330.0,0,0.0,0.0,,0.0,normalDay
2020-08-19,99.0,-1.0,0.0,0,337.23,0.0,1,1.47,1.48,SPY200828P00330000,330.0,0,0.0,0.0,,0.0,normalDay
2020-08-20,99.0,39.0,0.0,0,338.28,0.0,1,1.47,1.08,SPY200828P00330000,330.0,0,0.0,0.0,,0.0,normalDay
2020-08-21,99.0,85.0,0.0,0,339.48,0.0,1,1.47,0.62,SPY200828P00330000,330.0,0,0.0,0.0,,0.0,normalDay
2020-08-24,99.0,126.0,0.0,0,342.92,0.0,1,1.47,0.21,SPY200828P00330000,330.0,0,0.0,0.0,,0.0,normalDay
2020-08-25,99.0,137.0,0.0,0,344.12,0.0,1,1.47,0.1,SPY200828P00330000,330.0,0,0.0,0.0,,0.0,normalDay
2020-08-26,99.0,137.0,0.0,0,347.57,0.0,1,1.47,0.1,SPY200828P00330000,330.0,0,0.0,0.0,,0.0,normalDay
2020-08-27,99.0,143.0,0.0,0,348.33,0.0,1,1.47,0.04,SPY200828P00330000,330.0,0,0.0,0.0,,0.0,normalDay
2020-08-28,246.0,0.0,147.0,0,350.58,0.0,1,1.47,0.0,SPY200828P00330000,330.0,0,0.0,0.0,,0.0,expirationDay
2020-08-31,246.0,-4.0,0.0,0,349.31,0.0,1,1.49,1.53,SPY200911P00339000,339.0,0,0.0,0.0,,0.0,normalDay
2020-09-01,246.0,54.0,0.0,0,352.6,0.0,1,1.49,0.95,SPY200911P00339000,339.0,0,0.0,0.0,,0.0,normalDay
2020-09-02,246.0,91.0,0.0,0,357.7,0.0,1,1.49,0.58,SPY200911P00339000,339.0,0,0.0,0.0,,0.0,normalDay
2020-09-03,246.0,-123.0,0.0,0,345.39,0.0,1,1.49,2.72,SPY200911P00339000,339.0,0,0.0,0.0,,0.0,normalDay
2020-09-04,246.0,-202.0,0.0,0,342.57,0.0,1,1.49,3.51,SPY200911P00339000,339.0,0,0.0,0.0,,0.0,normalDay
2020-09-08,246.0,-585.0,0.0,0,333.21,0.0,1,1.49,7.34,SPY200911P00339000,339.0,0,0.0,0.0,,0.0,normalDay
2020-09-09,246.0,-141.0,0.0,0,339.79,0.0,1,1.49,2.9,SPY200911P00339000,339.0,0,0.0,0.0,,0.0,normalDay
2020-09-10,246.0,-393.0,0.0,0,333.89,0.0,1,1.49,5.42,SPY200911P00339000,339.0,0,0.0,0.0,,0.0,normalDay
2020-09-11,395.0,-494.0,149.0,100,334.06,339.0,1,1.49,0.0,SPY200911P00339000,339.0,0,0.0,0.0,,0.0,expirationDay
2020-09-14,395.0,-59.0,0.0,100,338.46,339.0,0,0.0,0.0,,0.0,1,2.06,2.11,SPY200923C00343000,343.0,normalDay
2020-09-15,395.0,76.0,0.0,100,340.17,339.0,0,0.0,0.0,,0.0,1,2.06,2.47,SPY200923C00343000,343.0,normalDay
2020-09-16,395.0,44.0,0.0,100,338.82,339.0,0,0.0,0.0,,0.0,1,2.06,1.44,SPY200923C00343000,343.0,normalDay
2020-09-17,395.0,-185.0,0.0,100,335.84,339.0,0,0.0,0.0,,0.0,1,2.06,0.75,SPY200923C00343000,343.0,normalDay
2020-09-18,395.0,-642.0,0.0,100,330.65,339.0,0,0.0,0.0,,0.0,1,2.06,0.13,SPY200923C00343000,343.0,normalDay
2020-09-21,395.0,-1000.0,0.0,100,326.97,339.0,0,0.0,0.0,,0.0,1,2.06,0.03,SPY200923C00343000,343.0,normalDay
2020-09-22,395.0,-665.0,0.0,100,330.3,339.0,0,0.0,0.0,,0.0,1,2.06,0.01,SPY200923C00343000,343.0,normalDay
2020-09-23,601.0,-1636.0,206.0,100,322.64,339.0,0,0.0,0.0,,0.0,1,2.06,0.0,SPY200923C00343000,343.0,expirationDay
2020-09-24,601.0,-1553.0,0.0,100,323.5,339.0,0,0.0,0.0,,0.0,1,0.35,0.38,SPY201002C00339000,339.0,normalDay
2020-09-25,601.0,-1050.0,0.0,100,328.73,339.0,0,0.0,0.0,,0.0,1,0.35,0.58,SPY201002C00339000,339.0,normalDay
2020-09-28,601.0,-591.0,0.0,100,334.19,339.0,0,0.0,0.0,,0.0,1,0.35,1.45,SPY201002C00339000,339.0,normalDay
2020-09-29,601.0,-740.0,0.0,100,332.37,339.0,0,0.0,0.0,,0.0,1,0.35,1.12,SPY201002C00339000,339.0,normalDay
2020-09-30,601.0,-457.0,0.0,100,334.89,339.0,0,0.0,0.0,,0.0,1,0.35,0.81,SPY201002C00339000,339.0,normalDay
2020-10-01,601.0,-274.0,0.0,100,337.04,339.0,0,0.0,0.0,,0.0,1,0.35,1.13,SPY201002C00339000,339.0,normalDay
2020-10-02,636.0,-516.0,35.0,100,333.84,339.0,0,0.0,0.0,,0.0,1,0.35,0.0,SPY201002C00339000,339.0,expirationDay
2020-10-05,636.0,66.0,0.0,100,339.76,339.0,0,0.0,0.0,,0.0,1,8.73,8.83,SPY201014C00333000,333.0,normalDay
2020-10-06,636.0,-116.0,0.0,100,334.93,339.0,0,0.0,0.0,,0.0,1,8.73,5.82,SPY201014C00333000,333.0,normalDay
2020-10-07,636.0,148.0,0.0,100,340.76,339.0,0,0.0,0.0,,0.0,1,8.73,9.01,SPY201014C00333000,333.0,normalDay
2020-10-08,636.0,233.0,0.0,100,343.78,339.0,0,0.0,0.0,,0.0,1,8.73,11.18,SPY201014C00333000,333.0,normalDay
2020-10-09,636.0,240.0,0.0,100,346.85,339.0,0,0.0,0.0,,0.0,1,8.73,14.18,SPY201014C00333000,333.0,normalDay
2020-10-12,636.0,255.0,0.0,100,352.43,339.0,0,0.0,0.0,,0.0,1,8.73,19.61,SPY201014C00333000,333.0,normalDay
2020-10-13,636.0,250.0,0.0,100,350.13,339.0,0,0.0,0.0,,0.0,1,8.73,17.36,SPY201014C00333000,333.0,normalDay
2020-10-14,909.0,250.0,273.0,0,347.93,0.0,0,0.0,0.0,,0.0,1,8.73,0.0,SPY201014C00333000,333.0,expirationDay
2020-10-15,909.0,-4.0,0.0,0,347.5,0.0,1,1.43,1.47,SPY201026P00337000,337.0,0,0.0,0.0,,0.0,normalDay
2020-10-16,909.0,5.0,0.0,0,347.29,0.0,1,1.43,1.38,SPY201026P00337000,337.0,0,0.0,0.0,,0.0,normalDay
2020-10-19,909.0,-63.0,0.0,0,342.01,0.0,1,1.43,2.06,SPY201026P00337000,337.0,0,0.0,0.0,,0.0,normalDay
2020-10-20,909.0,-15.0,0.0,0,343.38,0.0,1,1.43,1.58,SPY201026P00337000,337.0,0,0.0,0.0,,0.0,normalDay
2020-10-21,909.0,36.0,0.0,0,342.73,0.0,1,1.43,1.07,SPY201026P00337000,337.0,0,0.0,0.0,,0.0,normalDay
2020-10-22,909.0,92.0,0.0,0,344.61,0.0,1,1.43,0.51,SPY201026P00337000,337.0,0,0.0,0.0,,0.0,normalDay
2020-10-23,909.0,132.0,0.0,0,345.78,0.0,1,1.43,0.11,SPY201026P00337000,337.0,0,0.0,0.0,,0.0,normalDay
2020-10-26,1052.0,0.0,143.0,0,339.39,0.0,1,1.43,0.0,SPY201026P00337000,337.0,0,0.0,0.0,,0.0,expirationDay
2020-10-27,1052.0,-8.0,0.0,0,338.22,0.0,1,9.58,9.66,SPY201106P00342500,342.5,0,0.0,0.0,,0.0,normalDay
2020-10-28,1052.0,-926.0,0.0,0,326.66,0.0,1,9.58,18.84,SPY201106P00342500,342.5,0,0.0,0.0,,0.0,normalDay
2020-10-29,1052.0,-516.0,0.0,0,329.98,0.0,1,9.58,14.74,SPY201106P00342500,342.5,0,0.0,0.0,,0.0,normalDay
2020-10-30,1052.0,-727.0,0.0,0,326.54,0.0,1,9.58,16.85,SPY201106P00342500,342.5,0,0.0,0.0,,0.0,normalDay
2020-11-02,1052.0,-388.0,0.0,0,330.2,0.0,1,9.58,13.46,SPY201106P00342500,342.5,0,0.0,0.0,,0.0,normalDay
2020-11-03,1052.0,-43.0,0.0,0,336.03,0.0,1,9.58,10.01,SPY201106P00342500,342.5,0,0.0,0.0,,0.0,normalDay
2020-11-04,1052.0,655.0,0.0,0,343.54,0.0,1,9.58,3.03,SPY201106P00342500,342.5,0,0.0,0.0,,0.0,normalDay
2020-11-05,1052.0,928.0,0.0,0,350.24,0.0,1,9.58,0.3,SPY201106P00342500,342.5,0,0.0,0.0,,0.0,normalDay
2020-11-06,2010.0,0.0,958.0,0,350.16,0.0,1,9.58,0.0,SPY201106P00342500,342.5,0,0.0,0.0,,0.0,expirationDay
2020-11-09,2010.0,-4.0,0.0,0,354.56,0.0,1,1.95,1.99,SPY201120P00342000,342.0,0,0.0,0.0,,0.0,normalDay
2020-11-10,2010.0,24.0,0.0,0,354.04,0.0,1,1.95,1.71,SPY201120P00342000,342.0,0,0.0,0.0,,0.0,normalDay
2020-11-11,2010.0,99.0,0.0,0,356.67,0.0,1,1.95,0.96,SPY201120P00342000,342.0,0,0.0,0.0,,0.0,normalDay
2020-11-12,2010.0,46.0,0.0,0,353.21,0.0,1,1.95,1.49,SPY201120P00342000,342.0,0,0.0,0.0,,0.0,normalDay
2020-11-13,2010.0,134.0,0.0,0,358.1,0.0,1,1.95,0.61,SPY201120P00342000,342.0,0,0.0,0.0,,0.0,normalDay
2020-11-16,2010.0,181.0,0.0,0,362.57,0.0,1,1.95,0.14,SPY201120P00342000,342.0,0,0.0,0.0,,0.0,normalDay
2020-11-17,2010.0,184.0,0.0,0,360.62,0.0,1,1.95,0.11,SPY201120P00342000,342.0,0,0.0,0.0,,0.0,normalDay
2020-11-18,2010.0,184.0,0.0,0,356.28,0.0,1,1.95,0.11,SPY201120P00342000,342.0,0,0.0,0.0,,0.0,normalDay
2020-11-19,2010.0,190.0,0.0,0,357.78,0.0,1,1.95,0.05,SPY201120P00342000,342.0,0,0.0,0.0,,0.0,normalDay
2020-11-20,2205.0,0.0,195.0,0,355.33,0.0,1,1.95,0.0,SPY201120P00342000,342.0,0,0.0,0.0,,0.0,expirationDay
2020-11-23,2205.0,-4.0,0.0,0,357.46,0.0,1,1.7,1.74,SPY201204P00348000,348.0,0,0.0,0.0,,0.0,normalDay
2020-11-24,2205.0,93.0,0.0,0,363.22,0.0,1,1.7,0.77,SPY201204P00348000,348.0,0,0.0,0.0,,0.0,normalDay
2020-11-25,2205.0,110.0,0.0,0,362.66,0.0,1,1.7,0.6,SPY201204P00348000,348.0,0,0.0,0.0,,0.0,normalDay
2020-11-27,2205.0,133.0,0.0,0,363.67,0.0,1,1.7,0.37,SPY201204P00348000,348.0,0,0.0,0.0,,0.0,normalDay
2020-11-30,2205.0,148.0,0.0,0,362.06,0.0,1,1.7,0.22,SPY201204P00348000,348.0,0,0.0,0.0,,0.0,normalDay
2020-12-01,2205.0,161.0,0.0,0,366.02,0.0,1,1.7,0.09,SPY201204P00348000,348.0,0,0.0,0.0,,0.0,normalDay
2020-12-02,2205.0,165.0,0.0,0,366.79,0.0,1,1.7,0.05,SPY201204P00348000,348.0,0,0.0,0.0,,0.0,normalDay
2020-12-03,2205.0,165.0,0.0,0,366.69,0.0,1,1.7,0.05,SPY201204P00348000,348.0,0,0.0,0.0,,0.0,normalDay
2020-12-04,2375.0,0.0,170.0,0,369.85,0.0,1,1.7,0.0,SPY201204P00348000,348.0,0,0.0,0.0,,0.0,expirationDay
2020-12-07,2375.0,-3.0,0.0,0,369.09,0.0,1,2.2,2.23,SPY201218P00361000,361.0,0,0.0,0.0,,0.0,normalDay
2020-12-08,2375.0,60.0,0.0,0,370.17,0.0,1,2.2,1.6,SPY201218P00361000,361.0,0,0.0,0.0,,0.0,normalDay
2020-12-09,2375.0,-35.0,0.0,0,366.85,0.0,1,2.2,2.55,SPY201218P00361000,361.0,0,0.0,0.0,,0.0,normalDay
2020-12-10,2375.0,-7.0,0.0,0,366.73,0.0,1,2.2,2.27,SPY201218P00361000,361.0,0,0.0,0.0,,0.0,normalDay
2020-12-11,2375.0,-4.0,0.0,0,366.3,0.0,1,2.2,2.24,SPY201218P00361000,361.0,0,0.0,0.0,,0.0,normalDay
2020-12-14,2375.0,-15.0,0.0,0,364.66,0.0,1,2.2,2.35,SPY201218P00361000,361.0,0,0.0,0.0,,0.0,normalDay
2020-12-15,2375.0,132.0,0.0,0,369.59,0.0,1,2.2,0.88,SPY201218P00361000,361.0,0,0.0,0.0,,0.0,normalDay
2020-12-16,2375.0,173.0,0.0,0,370.17,0.0,1,2.2,0.47,SPY201218P00361000,361.0,0,0.0,0.0,,0.0,normalDay
2020-12-17,2375.0,205.0,0.0,0,372.24,0.0,1,2.2,0.15,SPY201218P00361000,361.0,0,0.0,0.0,,0.0,normalDay
2020-12-18,2595.0,0.0,220.0,0,369.18,0.0,1,2.2,0.0,SPY201218P00361000,361.0,0,0.0,0.0,,0.0,expirationDay
2020-12-21,2595.0,-6.0,0.0,0,367.86,0.0,1,4.0,4.06,SPY201231P00367000,367.0,0,0.0,0.0,,0.0,normalDay
2020-12-22,2595.0,19.0,0.0,0,367.24,0.0,1,4.0,3.81,SPY201231P00367000,367.0,0,0.0,0.0,,0.0,normalDay
2020-12-23,2595.0,96.0,0.0,0,367.57,0.0,1,4.0,3.04,SPY201231P00367000,367.0,0,0.0,0.0,,0.0,normalDay
2020-12-24,2595.0,207.0,0.0,0,369.0,0.0,1,4.0,1.93,SPY201231P00367000,367.0,0,0.0,0.0,,0.0,normalDay
2020-12-28,2595.0,349.0,0.0,0,372.17,0.0,1,4.0,0.51,SPY201231P00367000,367.0,0,0.0,0.0,,0.0,normalDay
2020-12-29,2595.0,347.0,0.0,0,371.46,0.0,1,4.0,0.53,SPY201231P00367000,367.0,0,0.0,0.0,,0.0,normalDay
2020-12-30,2595.0,381.0,0.0,0,371.99,0.0,1,4.0,0.19,SPY201231P00367000,367.0,0,0.0,0.0,,0.0,normalDay
2020-12-31,2995.0,0.0,400.0,0,373.88,0.0,1,4.0,0.0,SPY201231P00367000,367.0,0,0.0,0.0,,0.0,expirationDay
2021-01-04,2995.0,-4.0,0.0,0,368.79,0.0,1,5.5,5.54,SPY210115P00369000,369.0,0,0.0,0.0,,0.0,normalDay
2021-01-05,2995.0,138.0,0.0,0,371.33,0.0,1,5.5,4.12,SPY210115P00369000,369.0,0,0.0,0.0,,0.0,normalDay
2021-01-06,2995.0,221.0,0.0,0,373.55,0.0,1,5.5,3.29,SPY210115P00369000,369.0,0,0.0,0.0,,0.0,normalDay
2021-01-07,2995.0,432.0,0.0,0,379.1,0.0,1,5.5,1.18,SPY210115P00369000,369.0,0,0.0,0.0,,0.0,normalDay
2021-01-08,2995.0,477.0,0.0,0,381.26,0.0,1,5.5,0.73,SPY210115P00369000,369.0,0,0.0,0.0,,0.0,normalDay
2021-01-11,2995.0,468.0,0.0,0,378.69,0.0,1,5.5,0.82,SPY210115P00369000,369.0,0,0.0,0.0,,0.0,normalDay
2021-01-12,2995.0,500.0,0.0,0,378.77,0.0,1,5.5,0.5,SPY210115P00369000,369.0,0,0.0,0.0,,0.0,normalDay
2021-01-13,2995.0,532.0,0.0,0,379.79,0.0,1,5.5,0.18,SPY210115P00369000,369.0,0,0.0,0.0,,0.0,normalDay
2021-01-14,2995.0,538.0,0.0,0,378.46,0.0,1,5.5,0.12,SPY210115P00369000,369.0,0,0.0,0.0,,0.0,normalDay
2021-01-15,3545.0,0.0,550.0,0,375.7,0.0,1,5.5,0.0,SPY210115P00369000,369.0,0,0.0,0.0,,0.0,expirationDay
2021-01-19,3545.0,-4.0,0.0,0,378.65,0.0,1,3.0,3.04,SPY210129P00374000,374.0,0,0.0,0.0,,0.0,normalDay
2021-01-20,3545.0,161.0,0.0,0,383.89,0.0,1,3.0,1.39,SPY210129P00374000,374.0,0,0.0,0.0,,0.0,normalDay
2021-01-21,3545.0,193.0,0.0,0,384.24,0.0,1,3.0,1.07,SPY210129P00374000,374.0,0,0.0,0.0,,0.0,normalDay
2021-01-22,3545.0,203.0,0.0,0,382.88,0.0,1,3.0,0.97,SPY210129P00374000,374.0,0,0.0,0.0,,0.0,normalDay
2021-01-25,3545.0,238.0,0.0,0,384.39,0.0,1,3.0,0.62,SPY210129P00374000,374.0,0,0.0,0.0,,0.0,normalDay
2021-01-26,3545.0,258.0,0.0,0,383.79,0.0,1,3.0,0.42,SPY210129P00374000,374.0,0,0.0,0.0,,0.0,normalDay
2021-01-27,3545.0,-103.0,0.0,0,374.41,0.0,1,3.0,4.03,SPY210129P00374000,374.0,0,0.0,0.0,,0.0,normalDay
2021-01-28,3545.0,203.0,0.0,0,377.63,0.0,1,3.0,0.97,SPY210129P00374000,374.0,0,0.0,0.0,,0.0,normalDay
2021-01-29,3845.0,-393.0,300.0,100,370.07,374.0,1,3.0,0.0,SPY210129P00374000,374.0,0,0.0,0.0,,0.0,expirationDay
2021-02-01,3845.0,217.0,0.0,100,376.23,374.0,0,0.0,0.0,,0.0,1,4.02,4.08,SPY210210C00378000,378.0,normalDay
2021-02-02,3845.0,458.0,0.0,100,381.55,374.0,0,0.0,0.0,,0.0,1,4.02,6.99,SPY210210C00378000,378.0,normalDay
2021-02-03,3845.0,550.0,0.0,100,381.85,374.0,0,0.0,0.0,,0.0,1,4.02,6.37,SPY210210C00378000,378.0,normalDay
2021-02-04,3845.0,716.0,0.0,100,386.19,374.0,0,0.0,0.0,,0.0,1,4.02,9.05,SPY210210C00378000,378.0,normalDay
2021-02-05,3845.0,755.0,0.0,100,387.71,374.0,0,0.0,0.0,,0.0,1,4.02,10.18,SPY210210C00378000,378.0,normalDay
2021-02-08,3845.0,795.0,0.0,100,390.51,374.0,0,0.0,0.0,,0.0,1,4.02,12.58,SPY210210C00378000,378.0,normalDay
2021-02-09,3845.0,759.0,0.0,100,390.25,374.0,0,0.0,0.0,,0.0,1,4.02,12.68,SPY210210C00378000,378.0,normalDay
2021-02-10,4647.0,759.0,802.0,0,390.08,0.0,0,0.0,0.0,,0.0,1,4.02,0.0,SPY210210C00378000,378.0,expirationDay
2021-02-11,4647.0,-6.0,0.0,0,390.71,0.0,1,1.5,1.56,SPY210222P00382000,382.0,0,0.0,0.0,,0.0,normalDay
2021-02-12,4647.0,74.0,0.0,0,392.64,0.0,1,1.5,0.76,SPY210222P00382000,382.0,0,0.0,0.0,,0.0,normalDay
2021-02-16,4647.0,91.0,0.0,0,392.3,0.0,1,1.5,0.59,SPY210222P00382000,382.0,0,0.0,0.0,,0.0,normalDay
2021-02-17,4647.0,113.0,0.0,0,392.39,0.0,1,1.5,0.37,SPY210222P00382000,382.0,0,0.0,0.0,,0.0,normalDay
2021-02-18,4647.0,112.0,0.0,0,390.72,0.0,1,1.5,0.38,SPY210222P00382000,382.0,0,0.0,0.0,,0.0,normalDay
2021-02-19,4647.0,137.0,0.0,0,390.03,0.0,1,1.5,0.13,SPY210222P00382000,382.0,0,0.0,0.0,,0.0,normalDay
2021-02-22,4797.0,0.0,150.0,0,387.03,0.0,1,1.5,0.0,SPY210222P00382000,382.0,0,0.0,0.0,,0.0,expirationDay
2021-02-23,4797.0,-5.0,0.0,0,387.5,0.0,1,3.95,4.0,SPY210305P00386000,386.0,0,0.0,0.0,,0.0,normalDay
2021-02-24,4797.0,190.0,0.0,0,391.77,0.0,1,3.95,2.05,SPY210305P00386000,386.0,0,0.0,0.0,,0.0,normalDay
2021-02-25,4797.0,-313.0,0.0,0,382.33,0.0,1,3.95,7.08,SPY210305P00386000,386.0,0,0.0,0.0,,0.0,normalDay
2021-02-26,4797.0,-397.0,0.0,0,380.36,0.0,1,3.95,7.92,SPY210305P00386000,386.0,0,0.0,0.0,,0.0,normalDay
2021-03-01,4797.0,181.0,0.0,0,389.58,0.0,1,3.95,2.14,SPY210305P00386000,386.0,0,0.0,0.0,,0.0,normalDay
2021-03-02,4797.0,88.0,0.0,0,386.54,0.0,1,3.95,3.07,SPY210305P00386000,386.0,0,0.0,0.0,,0.0,normalDay
2021-03-03,4797.0,-182.0,0.0,0,381.42,0.0,1,3.95,5.77,SPY210305P00386000,386.0,0,0.0,0.0,,0.0,normalDay
2021-03-04,4797.0,-536.0,0.0,0,376.7,0.0,1,3.95,9.31,SPY210305P00386000,386.0,0,0.0,0.0,,0.0,normalDay
2021-03-05,5192.0,-237.0,395.0,100,383.63,386.0,1,3.95,0.0,SPY210305P00386000,386.0,0,0.0,0.0,,0.0,expirationDay
2021-03-08,5192.0,-434.0,0.0,100,381.72,386.0,0,0.0,0.0,,0.0,1,2.92,2.98,SPY210317C00387000,387.0,normalDay
2021-03-09,5192.0,-79.0,0.0,100,387.17,386.0,0,0.0,0.0,,0.0,1,2.92,4.88,SPY210317C00387000,387.0,normalDay
2021-03-10,5192.0,67.0,0.0,100,389.58,386.0,0,0.0,0.0,,0.0,1,2.92,5.83,SPY210317C00387000,387.0,normalDay
2021-03-11,5192.0,265.0,0.0,100,393.53,386.0,0,0.0,0.0,,0.0,1,2.92,7.8,SPY210317C00387000,387.0,normalDay
2021-03-12,5192.0,291.0,0.0,100,394.06,386.0,0,0.0,0.0,,0.0,1,2.92,8.07,SPY210317C00387000,387.0,normalDay
2021-03-15,5192.0,348.0,0.0,100,396.41,386.0,0,0.0,0.0,,0.0,1,2.92,9.85,SPY210317C00387000,387.0,normalDay
2021-03-16,5192.0,365.0,0.0,100,395.91,386.0,0,0.0,0.0,,0.0,1,2.92,9.18,SPY210317C00387000,387.0,normalDay
2021-03-17,5584.0,365.0,392.0,0,397.26,0.0,0,0.0,0.0,,0.0,1,2.92,0.0,SPY210317C00387000,387.0,expirationDay
2021-03-18,5584.0,-7.0,0.0,0,391.48,0.0,1,3.09,3.16,SPY210329P00388000,388.0,0,0.0,0.0,,0.0,normalDay
2021-03-19,5584.0,-6.0,0.0,0,389.48,0.0,1,3.09,3.15,SPY210329P00388000,388.0,0,0.0,0.0,,0.0,normalDay
2021-03-22,5584.0,183.0,0.0,0,392.59,0.0,1,3.09,1.26,SPY210329P00388000,388.0,0,0.0,0.0,,0.0,normalDay
2021-03-23,5584.0,92.0,0.0,0,389.5,0.0,1,3.09,2.17,SPY210329P00388000,388.0,0,0.0,0.0,,0.0,normalDay
2021-03-24,5584.0,39.0,0.0,0,387.52,0.0,1,3.09,2.7,SPY210329P00388000,388.0,0,0.0,0.0,,0.0,normalDay
2021-03-25,5584.0,181.0,0.0,0,389.7,0.0,1,3.09,1.28,SPY210329P00388000,388.0,0,0.0,0.0,,0.0,normalDay
2021-03-26,5584.0,292.0,0.0,0,395.98,0.0,1,3.09,0.17,SPY210329P00388000,388.0,0,0.0,0.0,,0.0,normalDay
2021-03-29,5893.0,0.0,309.0,0,395.78,0.0,1,3.09,0.0,SPY210329P00388000,388.0,0,0.0,0.0,,0.0,expirationDay
2021-03-30,5893.0,-4.0,0.0,0,394.73,0.0,1,2.31,2.35,SPY210409P00390000,390.0,0,0.0,0.0,,0.0,normalDay
2021-03-31,5893.0,80.0,0.0,0,396.33,0.0,1,2.31,1.51,SPY210409P00390000,390.0,0,0.0,0.0,,0.0,normalDay
2021-04-01,5893.0,182.0,0.0,0,400.61,0.0,1,2.31,0.49,SPY210409P00390000,390.0,0,0.0,0.0,,0.0,normalDay
2021-04-05,5893.0,218.0,0.0,0,406.36,0.0,1,2.31,0.13,SPY210409P00390000,390.0,0,0.0,0.0,,0.0,normalDay
2021-04-06,5893.0,222.0,0.0,0,406.12,0.0,1,2.31,0.09,SPY210409P00390000,390.0,0,0.0,0.0,,0.0,normalDay
2021-04-07,5893.0,228.0,0.0,0,406.59,0.0,1,2.31,0.03,SPY210409P00390000,390.0,0,0.0,0.0,,0.0,normalDay
2021-04-08,5893.0,230.0,0.0,0,408.52,0.0,1,2.31,0.01,SPY210409P00390000,390.0,0,0.0,0.0,,0.0,normalDay
2021-04-09,6124.0,0.0,231.0,0,411.49,0.0,1,2.31,0.0,SPY210409P00390000,390.0,0,0.0,0.0,,0.0,expirationDay
2021-04-12,6124.0,-3.0,0.0,0,411.64,0.0,1,0.69,0.72,SPY210423P00398000,398.0,0,0.0,0.0,,0.0,normalDay
2021-04-13,6124.0,18.0,0.0,0,412.86,0.0,1,0.69,0.51,SPY210423P00398000,398.0,0,0.0,0.0,,0.0,normalDay
2021-04-14,6124.0,14.0,0.0,0,411.45,0.0,1,0.69,0.55,SPY210423P00398000,398.0,0,0.0,0.0,,0.0,normalDay
2021-04-15,6124.0,40.0,0.0,0,415.87,0.0,1,0.69,0.29,SPY210423P00398000,398.0,0,0.0,0.0,,0.0,normalDay
2021-04-16,6124.0,56.0,0.0,0,417.26,0.0,1,0.69,0.13,SPY210423P00398000,398.0,0,0.0,0.0,,0.0,normalDay
2021-04-19,6124.0,61.0,0.0,0,415.21,0.0,1,0.69,0.08,SPY210423P00398000,398.0,0,0.0,0.0,,0.0,normalDay
2021-04-20,6124.0,57.0,0.0,0,412.17,0.0,1,0.69,0.12,SPY210423P00398000,398.0,0,0.0,0.0,,0.0,normalDay
2021-04-21,6124.0,66.0,0.0,0,416.07,0.0,1,0.69,0.03,SPY210423P00398000,398.0,0,0.0,0.0,,0.0,normalDay
2021-04-22,6124.0,66.0,0.0,0,412.27,0.0,1,0.69,0.03,SPY210423P00398000,398.0,0,0.0,0.0,,0.0,normalDay
2021-04-23,6193.0,0.0,69.0,0,416.74,0.0,1,0.69,0.0,SPY210423P00398000,398.0,0,0.0,0.0,,0.0,expirationDay
2021-04-26,6193.0,-5.0,0.0,0,417.61,0.0,1,1.41,1.46,SPY210507P00409000,409.0,0,0.0,0.0,,0.0,normalDay
2021-04-27,6193.0,5.0,0.0,0,417.52,0.0,1,1.41,1.36,SPY210507P00409000,409.0,0,0.0,0.0,,0.0,normalDay
2021-04-28,6193.0,40.0,0.0,0,417.4,0.0,1,1.41,1.01,SPY210507P00409000,409.0,0,0.0,0.0,,0.0,normalDay
2021-04-29,6193.0,77.0,0.0,0,420.06,0.0,1,1.41,0.64,SPY210507P00409000,409.0,0,0.0,0.0,,0.0,normalDay
2021-04-30,6193.0,60.0,0.0,0,417.3,0.0,1,1.41,0.81,SPY210507P00409000,409.0,0,0.0,0.0,,0.0,normalDay
2021-05-03,6193.0,103.0,0.0,0,418.2,0.0,1,1.41,0.38,SPY210507P00409000,409.0,0,0.0,0.0,,0.0,normalDay
2021-05-04,6193.0,77.0,0.0,0,415.62,0.0,1,1.41,0.64,SPY210507P00409000,409.0,0,0.0,0.0,,0.0,normalDay
2021-05-05,6193.0,103.0,0.0,0,415.75,0.0,1,1.41,0.38,SPY210507P00409000,409.0,0,0.0,0.0,,0.0,normalDay
2021-05-06,6193.0,135.0,0.0,0,419.07,0.0,1,1.41,0.06,SPY210507P00409000,409.0,0,0.0,0.0,,0.0,normalDay
2021-05-07,6334.0,0.0,141.0,0,422.12,0.0,1,1.41,0.0,SPY210507P00409000,409.0,0,0.0,0.0,,0.0,expirationDay
2021-05-10,6334.0,-4.0,0.0,0,417.94,0.0,1,3.87,3.91,SPY210521P00416000,416.0,0,0.0,0.0,,0.0,normalDay
2021-05-11,6334.0,-182.0,0.0,0,414.21,0.0,1,3.87,5.69,SPY210521P00416000,416.0,0,0.0,0.0,,0.0,normalDay
2021-05-12,6334.0,-815.0,0.0,0,405.41,0.0,1,3.87,12.02,SPY210521P00416000,416.0,0,0.0,0.0,,0.0,normalDay
2021-05-13,6334.0,-392.0,0.0,0,410.28,0.0,1,3.87,7.79,SPY210521P00416000,416.0,0,0.0,0.0,,0.0,normalDay
2021-05-14,6334.0,102.0,0.0,0,416.58,0.0,1,3.87,2.85,SPY210521P00416000,416.0,0,0.0,0.0,,0.0,normalDay
2021-05-17,6334.0,96.0,0.0,0,415.52,0.0,1,3.87,2.91,SPY210521P00416000,416.0,0,0.0,0.0,,0.0,normalDay
2021-05-18,6334.0,-121.0,0.0,0,411.94,0.0,1,3.87,5.08,SPY210521P00416000,416.0,0,0.0,0.0,,0.0,normalDay
2021-05-19,6334.0,-183.0,0.0,0,410.86,0.0,1,3.87,5.7,SPY210521P00416000,416.0,0,0.0,0.0,,0.0,normalDay
2021-05-20,6334.0,198.0,0.0,0,415.28,0.0,1,3.87,1.89,SPY210521P00416000,416.0,0,0.0,0.0,,0.0,normalDay
2021-05-21,6721.0,-106.0,387.0,100,414.94,416.0,1,3.87,0.0,SPY210521P00416000,416.0,0,0.0,0.0,,0.0,expirationDay
2021-05-24,6721.0,309.0,0.0,100,419.17,416.0,0,0.0,0.0,,0.0,1,5.02,5.1,SPY210602C00416000,416.0,normalDay
2021-05-25,6721.0,286.0,0.0,100,418.24,416.0,0,0.0,0.0,,0.0,1,5.02,4.4,SPY210602C00416000,416.0,normalDay
2021-05-26,6721.0,373.0,0.0,100,419.07,416.0,0,0.0,0.0,,0.0,1,5.02,4.36,SPY210602C00416000,416.0,normalDay
2021-05-27,6721.0,353.0,0.0,100,419.29,416.0,0,0.0,0.0,,0.0,1,5.02,4.78,SPY210602C00416000,416.0,normalDay
2021-05-28,6721.0,448.0,0.0,100,420.04,416.0,0,0.0,0.0,,0.0,1,5.02,4.58,SPY210602C00416000,416.0,normalDay
2021-06-01,6721.0,480.0,0.0,100,419.67,416.0,0,0.0,0.0,,0.0,1,5.02,3.89,SPY210602C00416000,416.0,normalDay
2021-06-02,7223.0,480.0,502.0,0,420.33,0.0,0,0.0,0.0,,0.0,1,5.02,0.0,SPY210602C00416000,416.0,expirationDay
2021-06-03,7223.0,-4.0,0.0,0,418.77,0.0,1,2.38,2.42,SPY210614P00416000,416.0,0,0.0,0.0,,0.0,normalDay
2021-06-04,7223.0,135.0,0.0,0,422.6,0.0,1,2.38,1.03,SPY210614P00416000,416.0,0,0.0,0.0,,0.0,normalDay
2021-06-07,7223.0,176.0,0.0,0,422.19,0.0,1,2.38,0.62,SPY210614P00416000,416.0,0,0.0,0.0,,0.0,normalDay
2021-06-08,7223.0,172.0,0.0,0,422.28,0.0,1,2.38,0.66,SPY210614P00416000,416.0,0,0.0,0.0,,0.0,normalDay
2021-06-09,7223.0,160.0,0.0,0,421.65,0.0,1,2.38,0.78,SPY210614P00416000,416.0,0,0.0,0.0,,0.0,normalDay
2021-06-10,7223.0,221.0,0.0,0,423.61,0.0,1,2.38,0.17,SPY210614P00416000,416.0,0,0.0,0.0,,0.0,normalDay
2021-06-11,7223.0,230.0,0.0,0,424.31,0.0,1,2.38,0.08,SPY210614P00416000,416.0,0,0.0,0.0,,0.0,normalDay
2021-06-14,7461.0,0.0,238.0,0,425.26,0.0,1,2.38,0.0,SPY210614P00416000,416.0,0,0.0,0.0,,0.0,expirationDay
2021-06-15,7461.0,-3.0,0.0,0,424.48,0.0,1,2.36,2.39,SPY210625P00420000,420.0,0,0.0,0.0,,0.0,normalDay
2021-06-16,7461.0,-80.0,0.0,0,422.11,0.0,1,2.36,3.16,SPY210625P00420000,420.0,0,0.0,0.0,,0.0,normalDay
2021-06-17,7461.0,-30.0,0.0,0,421.97,0.0,1,2.36,2.66,SPY210625P00420000,420.0,0,0.0,0.0,,0.0,normalDay
2021-06-18,7461.0,-404.0,0.0,0,414.92,0.0,1,2.36,6.4,SPY210625P00420000,420.0,0,0.0,0.0,,0.0,normalDay
2021-06-21,7461.0,66.0,0.0,0,420.86,0.0,1,2.36,1.7,SPY210625P00420000,420.0,0,0.0,0.0,,0.0,normalDay
2021-06-22,7461.0,158.0,0.0,0,423.11,0.0,1,2.36,0.78,SPY210625P00420000,420.0,0,0.0,0.0,,0.0,normalDay
2021-06-23,7461.0,184.0,0.0,0,422.6,0.0,1,2.36,0.52,SPY210625P00420000,420.0,0,0.0,0.0,,0.0,normalDay
2021-06-24,7461.0,227.0,0.0,0,425.1,0.0,1,2.36,0.09,SPY210625P00420000,420.0,0,0.0,0.0,,0.0,normalDay
2021-06-25,7697.0,0.0,236.0,0,426.61,0.0,1,2.36,0.0,SPY210625P00420000,420.0,0,0.0,0.0,,0.0,expirationDay
2021-06-28,7697.0,-3.0,0.0,0,427.47,0.0,1,1.35,1.38,SPY210709P00422500,422.5,0,0.0,0.0,,0.0,normalDay
2021-06-29,7697.0,16.0,0.0,0,427.7,0.0,1,1.35,1.19,SPY210709P00422500,422.5,0,0.0,0.0,,0.0,normalDay
2021-06-30,7697.0,48.0,0.0,0,428.06,0.0,1,1.35,0.87,SPY210709P00422500,422.5,0,0.0,0.0,,0.0,normalDay
2021-07-01,7697.0,72.0,0.0,0,430.43,0.0,1,1.35,0.63,SPY210709P00422500,422.5,0,0.0,0.0,,0.0,normalDay
2021-07-02,7697.0,112.0,0.0,0,433.72,0.0,1,1.35,0.23,SPY210709P00422500,422.5,0,0.0,0.0,,0.0,normalDay
2021-07-06,7697.0,122.0,0.0,0,432.93,0.0,1,1.35,0.13,SPY210709P00422500,422.5,0,0.0,0.0,,0.0,normalDay
2021-07-07,7697.0,130.0,0.0,0,434.46,0.0,1,1.35,0.05,SPY210709P00422500,422.5,0,0.0,0.0,,0.0,normalDay
2021-07-08,7697.0,128.0,0.0,0,430.92,0.0,1,1.35,0.07,SPY210709P00422500,422.5,0,0.0,0.0,,0.0,normalDay
2021-07-09,7832.0,0.0,135.0,0,435.52,0.0,1,1.35,0.0,SPY210709P00422500,422.5,0,0.0,0.0,,0.0,expirationDay
2021-07-12,7832.0,-3.0,0.0,0,437.08,0.0,1,1.11,1.14,SPY210723P00427500,427.5,0,0.0,0.0,,0.0,normalDay
2021-07-13,7832.0,-41.0,0.0,0,435.59,0.0,1,1.11,1.52,SPY210723P00427500,427.5,0,0.0,0.0,,0.0,normalDay
2021-07-14,7832.0,14.0,0.0,0,436.24,0.0,1,1.11,0.97,SPY210723P00427500,427.5,0,0.0,0.0,,0.0,normalDay
2021-07-15,7832.0,-14.0,0.0,0,434.75,0.0,1,1.11,1.25,SPY210723P00427500,427.5,0,0.0,0.0,,0.0,normalDay
2021-07-16,7832.0,-87.0,0.0,0,431.34,0.0,1,1.11,1.98,SPY210723P00427500,427.5,0,0.0,0.0,,0.0,normalDay
2021-07-19,7832.0,-368.0,0.0,0,424.97,0.0,1,1.11,4.79,SPY210723P00427500,427.5,0,0.0,0.0,,0.0,normalDay
2021-07-20,7832.0,-22.0,0.0,0,431.06,0.0,1,1.11,1.33,SPY210723P00427500,427.5,0,0.0,0.0,,0.0,normalDay
2021-07-21,7832.0,93.0,0.0,0,434.55,0.0,1,1.11,0.18,SPY210723P00427500,427.5,0,0.0,0.0,,0.0,normalDay
2021-07-22,7832.0,105.0,0.0,0,435.46,0.0,1,1.11,0.06,SPY210723P00427500,427.5,0,0.0,0.0,,0.0,normalDay
2021-07-23,7943.0,0.0,111.0,0,439.94,0.0,1,1.11,0.0,SPY210723P00427500,427.5,0,0.0,0.0,,0.0,expirationDay
2021-07-26,7943.0,-3.0,0.0,0,441.02,0.0,1,1.48,1.51,SPY210806P00433000,433.0,0,0.0,0.0,,0.0,normalDay
2021-07-27,7943.0,-93.0,0.0,0,439.01,0.0,1,1.48,2.41,SPY210806P00433000,433.0,0,0.0,0.0,,0.0,normalDay
2021-07-28,7943.0,-33.0,0.0,0,438.83,0.0,1,1.48,1.81,SPY210806P00433000,433.0,0,0.0,0.0,,0.0,normalDay
2021-07-29,7943.0,44.0,0.0,0,440.65,0.0,1,1.48,1.04,SPY210806P00433000,433.0,0,0.0,0.0,,0.0,normalDay
2021-07-30,7943.0,32.0,0.0,0,438.51,0.0,1,1.48,1.16,SPY210806P00433000,433.0,0,0.0,0.0,,0.0,normalDay
2021-08-02,7943.0,26.0,0.0,0,437.59,0.0,1,1.48,1.22,SPY210806P00433000,433.0,0,0.0,0.0,,0.0,normalDay
2021-08-03,7943.0,118.0,0.0,0,441.15,0.0,1,1.48,0.3,SPY210806P00433000,433.0,0,0.0,0.0,,0.0,normalDay
2021-08-04,7943.0,117.0,0.0,0,438.98,0.0,1,1.48,0.31,SPY210806P00433000,433.0,0,0.0,0.0,,0.0,normalDay
2021-08-05,7943.0,142.0,0.0,0,441.76,0.0,1,1.48,0.06,SPY210806P00433000,433.0,0,0.0,0.0,,0.0,normalDay
2021-08-06,8091.0,0.0,148.0,0,442.49,0.0,1,1.48,0.0,SPY210806P00433000,433.0,0,0.0,0.0,,0.0,expirationDay
2021-08-09,8091.0,-3.0,0.0,0,442.13,0.0,1,1.62,1.65,SPY210820P00437000,437.0,0,0.0,0.0,,0.0,normalDay
2021-08-10,8091.0,3.0,0.0,0,442.68,0.0,1,1.62,1.59,SPY210820P00437000,437.0,0,0.0,0.0,,0.0,normalDay
2021-08-11,8091.0,61.0,0.0,0,443.78,0.0,1,1.62,1.01,SPY210820P00437000,437.0,0,0.0,0.0,,0.0,normalDay
2021-08-12,8091.0,96.0,0.0,0,445.11,0.0,1,1.62,0.66,SPY210820P00437000,437.0,0,0.0,0.0,,0.0,normalDay
2021-08-13,8091.0,123.0,0.0,0,445.92,0.0,1,1.62,0.39,SPY210820P00437000,437.0,0,0.0,0.0,,0.0,normalDay
2021-08-16,8091.0,133.0,0.0,0,446.97,0.0,1,1.62,0.29,SPY210820P00437000,437.0,0,0.0,0.0,,0.0,normalDay
2021-08-17,8091.0,95.0,0.0,0,444.04,0.0,1,1.62,0.67,SPY210820P00437000,437.0,0,0.0,0.0,,0.0,normalDay
2021-08-18,8091.0,-41.0,0.0,0,439.18,0.0,1,1.62,2.03,SPY210820P00437000,437.0,0,0.0,0.0,,0.0,normalDay
2021-08-19,8091.0,81.0,0.0,0,439.86,0.0,1,1.62,0.81,SPY210820P00437000,437.0,0,0.0,0.0,,0.0,normalDay
2021-08-20,8253.0,0.0,162.0,0,443.36,0.0,1,1.62,0.0,SPY210820P00437000,437.0,0,0.0,0.0,,0.0,expirationDay
2021-08-23,8253.0,-3.0,0.0,0,447.26,0.0,1,1.76,1.79,SPY210903P00442000,442.0,0,0.0,0.0,,0.0,normalDay
2021-08-24,8253.0,20.0,0.0,0,447.97,0.0,1,1.76,1.56,SPY210903P00442000,442.0,0,0.0,0.0,,0.0,normalDay
2021-08-25,8253.0,64.0,0.0,0,448.91,0.0,1,1.76,1.12,SPY210903P00442000,442.0,0,0.0,0.0,,0.0,normalDay
2021-08-26,8253.0,-36.0,0.0,0,446.26,0.0,1,1.76,2.12,SPY210903P00442000,442.0,0,0.0,0.0,,0.0,normalDay
2021-08-27,8253.0,115.0,0.0,0,450.25,0.0,1,1.76,0.61,SPY210903P00442000,442.0,0,0.0,0.0,,0.0,normalDay
2021-08-30,8253.0,154.0,0.0,0,452.23,0.0,1,1.76,0.22,SPY210903P00442000,442.0,0,0.0,0.0,,0.0,normalDay
2021-08-31,8253.0,155.0,0.0,0,451.56,0.0,1,1.76,0.21,SPY210903P00442000,442.0,0,0.0,0.0,,0.0,normalDay
2021-09-01,8253.0,167.0,0.0,0,451.8,0.0,1,1.76,0.09,SPY210903P00442000,442.0,0,0.0,0.0,,0.0,normalDay
2021-09-02,8253.0,171.0,0.0,0,453.19,0.0,1,1.76,0.05,SPY210903P00442000,442.0,0,0.0,0.0,,0.0,normalDay
2021-09-03,8429.0,0.0,176.0,0,453.08,0.0,1,1.76,0.0,SPY210903P00442000,442.0,0,0.0,0.0,,0.0,expirationDay
2021-09-07,8429.0,-3.0,0.0,0,451.46,0.0,1,2.36,2.39,SPY210917P00447000,447.0,0,0.0,0.0,,0.0,normalDay
2021-09-08,8429.0,3.0,0.0,0,450.91,0.0,1,2.36,2.33,SPY210917P00447000,447.0,0,0.0,0.0,,0.0,normalDay
2021-09-09,8429.0,-94.0,0.0,0,448.98,0.0,1,2.36,3.3,SPY210917P00447000,447.0,0,0.0,0.0,,0.0,normalDay
2021-09-10,8429.0,-260.0,0.0,0,445.44,0.0,1,2.36,4.96,SPY210917P00447000,447.0,0,0.0,0.0,,0.0,normalDay
2021-09-13,8429.0,-119.0,0.0,0,446.58,0.0,1,2.36,3.55,SPY210917P00447000,447.0,0,0.0,0.0,,0.0,normalDay
2021-09-14,8429.0,-268.0,0.0,0,444.17,0.0,1,2.36,5.04,SPY210917P00447000,447.0,0,0.0,0.0,,0.0,normalDay
2021-09-15,8429.0,40.0,0.0,0,447.88,0.0,1,2.36,1.96,SPY210917P00447000,447.0,0,0.0,0.0,,0.0,normalDay
2021-09-16,8429.0,22.0,0.0,0,447.17,0.0,1,2.36,2.14,SPY210917P00447000,447.0,0,0.0,0.0,,0.0,normalDay
2021-09-17,8665.0,-560.0,236.0,100,441.4,447.0,1,2.36,0.0,SPY210917P00447000,447.0,0,0.0,0.0,,0.0,expirationDay
2021-09-20,8665.0,-1300.0,0.0,100,434.04,447.0,0,0.0,0.0,,0.0,1,0.46,0.5,SPY210929C00448000,448.0,normalDay
2021-09-21,8665.0,-1320.0,0.0,100,433.63,447.0,0,0.0,0.0,,0.0,1,0.46,0.29,SPY210929C00448000,448.0,normalDay
2021-09-22,8665.0,-902.0,0.0,100,437.86,447.0,0,0.0,0.0,,0.0,1,0.46,0.34,SPY210929C00448000,448.0,normalDay
2021-09-23,8665.0,-418.0,0.0,100,443.18,447.0,0,0.0,0.0,,0.0,1,0.46,0.82,SPY210929C00448000,448.0,normalDay
2021-09-24,8665.0,-324.0,0.0,100,443.91,447.0,0,0.0,0.0,,0.0,1,0.46,0.61,SPY210929C00448000,448.0,normalDay
2021-09-27,8665.0,-403.0,0.0,100,442.64,447.0,0,0.0,0.0,,0.0,1,0.46,0.13,SPY210929C00448000,448.0,normalDay
2021-09-28,8665.0,-1284.0,0.0,100,433.72,447.0,0,0.0,0.0,,0.0,1,0.46,0.02,SPY210929C00448000,448.0,normalDay
2021-09-29,8711.0,-1255.0,46.0,100,434.45,447.0,0,0.0,0.0,,0.0,1,0.46,0.0,SPY210929C00448000,448.0,expirationDay
2021-09-30,8711.0,-1789.0,0.0,100,429.14,447.0,0,0.0,0.0,,0.0,1,0.43,0.46,SPY211008C00443000,443.0,normalDay
2021-10-01,8711.0,-1306.0,0.0,100,434.24,447.0,0,0.0,0.0,,0.0,1,0.43,0.73,SPY211008C00443000,443.0,normalDay
2021-10-04,8711.0,-1812.0,0.0,100,428.64,447.0,0,0.0,0.0,,0.0,1,0.43,0.19,SPY211008C00443000,443.0,normalDay
2021-10-05,8711.0,-1367.0,0.0,100,433.1,447.0,0,0.0,0.0,,0.0,1,0.43,0.2,SPY211008C00443000,443.0,normalDay
2021-10-06,8711.0,-1187.0,0.0,100,434.9,447.0,0,0.0,0.0,,0.0,1,0.43,0.2,SPY211008C00443000,443.0,normalDay
2021-10-07,8711.0,-816.0,0.0,100,438.66,447.0,0,0.0,0.0,,0.0,1,0.43,0.25,SPY211008C00443000,443.0,normalDay
2021-10-08,8754.0,-914.0,43.0,100,437.86,447.0,0,0.0,0.0,,0.0,1,0.43,0.0,SPY211008C00443000,443.0,expirationDay
2021-10-11,8754.0,-1235.0,0.0,100,434.69,447.0,0,0.0,0.0,,0.0,1,2.69,2.73,SPY211020C00438000,438.0,normalDay
2021-10-12,8754.0,-1241.0,0.0,100,433.62,447.0,0,0.0,0.0,,0.0,1,2.69,1.72,SPY211020C00438000,438.0,normalDay
2021-10-13,8754.0,-1111.0,0.0,100,435.18,447.0,0,0.0,0.0,,0.0,1,2.69,1.98,SPY211020C00438000,438.0,normalDay
2021-10-14,8754.0,-762.0,0.0,100,442.5,447.0,0,0.0,0.0,,0.0,1,2.69,5.81,SPY211020C00438000,438.0,normalDay
2021-10-15,8754.0,-675.0,0.0,100,445.87,447.0,0,0.0,0.0,,0.0,1,2.69,8.31,SPY211020C00438000,438.0,normalDay
2021-10-18,8754.0,-641.0,0.0,100,447.19,447.0,0,0.0,0.0,,0.0,1,2.69,9.29,SPY211020C00438000,438.0,normalDay
2021-10-19,8754.0,-677.0,0.0,100,450.64,447.0,0,0.0,0.0,,0.0,1,2.69,13.1,SPY211020C00438000,438.0,normalDay
2021-10-20,8123.0,-677.0,-631.0,0,452.41,0.0,0,0.0,0.0,,0.0,1,2.69,0.0,SPY211020C00438000,438.0,expirationDay
2021-10-21,8123.0,-3.0,0.0,0,453.59,0.0,1,0.48,0.51,SPY211101P00439000,439.0,0,0.0,0.0,,0.0,normalDay
2021-10-22,8123.0,3.0,0.0,0,453.12,0.0,1,0.48,0.45,SPY211101P00439000,439.0,0,0.0,0.0,,0.0,normalDay
2021-10-25,8123.0,29.0,0.0,0,455.55,0.0,1,0.48,0.19,SPY211101P00439000,439.0,0,0.0,0.0,,0.0,normalDay
2021-10-26,8123.0,28.0,0.0,0,455.96,0.0,1,0.48,0.2,SPY211101P00439000,439.0,0,0.0,0.0,,0.0,normalDay
2021-10-27,8123.0,31.0,0.0,0,453.94,0.0,1,0.48,0.17,SPY211101P00439000,439.0,0,0.0,0.0,,0.0,normalDay
2021-10-28,8123.0,42.0,0.0,0,458.32,0.0,1,0.48,0.06,SPY211101P00439000,439.0,0,0.0,0.0,,0.0,normalDay
2021-10-29,8123.0,45.0,0.0,0,459.25,0.0,1,0.48,0.03,SPY211101P00439000,439.0,0,0.0,0.0,,0.0,normalDay
2021-11-01,8171.0,0.0,48.0,0,460.04,0.0,1,0.48,0.0,SPY211101P00439000,439.0,0,0.0,0.0,,0.0,expirationDay
2021-11-02,8171.0,-3.0,0.0,0,461.9,0.0,1,0.95,0.98,SPY211112P00448000,448.0,0,0.0,0.0,,0.0,normalDay
2021-11-03,8171.0,47.0,0.0,0,464.72,0.0,1,0.95,0.48,SPY211112P00448000,448.0,0,0.0,0.0,,0.0,normalDay
2021-11-04,8171.0,62.0,0.0,0,466.91,0.0,1,0.95,0.33,SPY211112P00448000,448.0,0,0.0,0.0,,0.0,normalDay
2021-11-05,8171.0,75.0,0.0,0,468.53,0.0,1,0.95,0.2,SPY211112P00448000,448.0,0,0.0,0.0,,0.0,normalDay
2021-11-08,8171.0,86.0,0.0,0,468.93,0.0,1,0.95,0.09,SPY211112P00448000,448.0,0,0.0,0.0,,0.0,normalDay
2021-11-09,8171.0,87.0,0.0,0,467.38,0.0,1,0.95,0.08,SPY211112P00448000,448.0,0,0.0,0.0,,0.0,normalDay
2021-11-10,8171.0,87.0,0.0,0,463.62,0.0,1,0.95,0.08,SPY211112P00448000,448.0,0,0.0,0.0,,0.0,normalDay
2021-11-11,8171.0,93.0,0.0,0,463.77,0.0,1,0.95,0.02,SPY211112P00448000,448.0,0,0.0,0.0,,0.0,normalDay
2021-11-12,8266.0,0.0,95.0,0,467.27,0.0,1,0.95,0.0,SPY211112P00448000,448.0,0,0.0,0.0,,0.0,expirationDay
2021-11-15,8266.0,-3.0,0.0,0,467.43,0.0,1,1.49,1.52,SPY211126P00461000,461.0,0,0.0,0.0,,0.0,normalDay
2021-11-16,8266.0,44.0,0.0,0,469.28,0.0,1,1.49,1.05,SPY211126P00461000,461.0,0,0.0,0.0,,0.0,normalDay
2021-11-17,8266.0,46.0,0.0,0,468.14,0.0,1,1.49,1.03,SPY211126P00461000,461.0,0,0.0,0.0,,0.0,normalDay
2021-11-18,8266.0,74.0,0.0,0,469.73,0.0,1,1.49,0.75,SPY211126P00461000,461.0,0,0.0,0.0,,0.0,normalDay
2021-11-19,8266.0,87.0,0.0,0,468.89,0.0,1,1.49,0.62,SPY211126P00461000,461.0,0,0.0,0.0,,0.0,normalDay
2021-11-22,8266.0,80.0,0.0,0,467.57,0.0,1,1.49,0.69,SPY211126P00461000,461.0,0,0.0,0.0,,0.0,normalDay
2021-11-23,8266.0,105.0,0.0,0,468.19,0.0,1,1.49,0.44,SPY211126P00461000,461.0,0,0.0,0.0,,0.0,normalDay
2021-11-24,8266.0,142.0,0.0,0,469.44,0.0,1,1.49,0.07,SPY211126P00461000,461.0,0,0.0,0.0,,0.0,normalDay
2021-11-26,8415.0,-203.0,149.0,100,458.97,461.0,1,1.49,0.0,SPY211126P00461000,461.0,0,0.0,0.0,,0.0,expirationDay
2021-11-29,8415.0,356.0,0.0,100,464.6,461.0,0,0.0,0.0,,0.0,1,3.88,3.92,SPY211208C00466000,466.0,normalDay
2021-11-30,8415.0,-332.0,0.0,100,455.56,461.0,0,0.0,0.0,,0.0,1,3.88,1.76,SPY211208C00466000,466.0,normalDay
2021-12-01,8415.0,-737.0,0.0,100,450.5,461.0,0,0.0,0.0,,0.0,1,3.88,0.75,SPY211208C00466000,466.0,normalDay
2021-12-02,8415.0,-95.0,0.0,100,457.4,461.0,0,0.0,0.0,,0.0,1,3.88,1.23,SPY211208C00466000,466.0,normalDay
2021-12-03,8415.0,-424.0,0.0,100,453.42,461.0,0,0.0,0.0,,0.0,1,3.88,0.54,SPY211208C00466000,466.0,normalDay
2021-12-06,8415.0,130.0,0.0,100,458.79,461.0,0,0.0,0.0,,0.0,1,3.88,0.37,SPY211208C00466000,466.0,normalDay
2021-12-07,8415.0,798.0,0.0,100,468.28,461.0,0,0.0,0.0,,0.0,1,3.88,3.18,SPY211208C00466000,466.0,normalDay
2021-12-08,9303.0,798.0,888.0,0,469.52,0.0,0,0.0,0.0,,0.0,1,3.88,0.0,SPY211208C00466000,466.0,expirationDay
2021-12-09,9303.0,-9.0,0.0,0,466.35,0.0,1,4.75,4.84,SPY211220P00464000,464.0,0,0.0,0.0,,0.0,normalDay
2021-12-10,9303.0,245.0,0.0,0,470.74,0.0,1,4.75,2.3,SPY211220P00464000,464.0,0,0.0,0.0,,0.0,normalDay
2021-12-13,9303.0,113.0,0.0,0,466.57,0.0,1,4.75,3.62,SPY211220P00464000,464.0,0,0.0,0.0,,0.0,normalDay
2021-12-14,9303.0,-43.0,0.0,0,463.36,0.0,1,4.75,5.18,SPY211220P00464000,464.0,0,0.0,0.0,,0.0,normalDay
2021-12-15,9303.0,343.0,0.0,0,470.6,0.0,1,4.75,1.32,SPY211220P00464000,464.0,0,0.0,0.0,,0.0,normalDay
2021-12-16,9303.0,222.0,0.0,0,466.45,0.0,1,4.75,2.53,SPY211220P00464000,464.0,0,0.0,0.0,,0.0,normalDay
2021-12-17,9303.0,30.0,0.0,0,459.87,0.0,1,4.75,4.45,SPY211220P00464000,464.0,0,0.0,0.0,,0.0,normalDay
2021-12-20,9778.0,-902.0,475.0,100,454.98,464.0,1,4.75,0.0,SPY211220P00464000,464.0,0,0.0,0.0,,0.0,expirationDay
2021-12-21,9778.0,-99.0,0.0,100,463.06,464.0,0,0.0,0.0,,0.0,1,4.23,4.28,SPY211229C00463000,463.0,normalDay
2021-12-22,9778.0,164.0,0.0,100,467.69,464.0,0,0.0,0.0,,0.0,1,4.23,6.28,SPY211229C00463000,463.0,normalDay
2021-12-23,9778.0,223.0,0.0,100,470.6,464.0,0,0.0,0.0,,0.0,1,4.23,8.6,SPY211229C00463000,463.0,normalDay
2021-12-27,9778.0,305.0,0.0,100,477.26,464.0,0,0.0,0.0,,0.0,1,4.23,14.44,SPY211229C00463000,463.0,normalDay
2021-12-28,9778.0,262.0,0.0,100,476.87,464.0,0,0.0,0.0,,0.0,1,4.23,14.48,SPY211229C00463000,463.0,normalDay
2021-12-29,10101.0,262.0,323.0,0,477.48,0.0,0,0.0,0.0,,0.0,1,4.23,0.0,SPY211229C00463000,463.0,expirationDay
2021-12-30,10101.0,-4.0,0.0,0,476.16,0.0,1,1.03,1.07,SPY220110P00466000,466.0,0,0.0,0.0,,0.0,normalDay
2021-12-31,10101.0,8.0,0.0,0,474.96,0.0,1,1.03,0.95,SPY220110P00466000,466.0,0,0.0,0.0,,0.0,normalDay
2022-01-03,10101.0,72.0,0.0,0,477.71,0.0,1,1.03,0.31,SPY220110P00466000,466.0,0,0.0,0.0,,0.0,normalDay
2022-01-04,10101.0,71.0,0.0,0,477.55,0.0,1,1.03,0.32,SPY220110P00466000,466.0,0,0.0,0.0,,0.0,normalDay
2022-01-05,10101.0,-112.0,0.0,0,468.38,0.0,1,1.03,2.15,SPY220110P00466000,466.0,0,0.0,0.0,,0.0,normalDay
2022-01-06,10101.0,-72.0,0.0,0,467.94,0.0,1,1.03,1.75,SPY220110P00466000,466.0,0,0.0,0.0,,0.0,normalDay
2022-01-07,10101.0,-38.0,0.0,0,466.09,0.0,1,1.03,1.41,SPY220110P00466000,466.0,0,0.0,0.0,,0.0,normalDay
2022-01-10,10204.0,-49.0,103.0,100,465.51,466.0,1,1.03,0.0,SPY220110P00466000,466.0,0,0.0,0.0,,0.0,expirationDay
2022-01-11,10204.0,371.0,0.0,100,469.75,466.0,0,0.0,0.0,,0.0,1,3.61,3.65,SPY220119C00470000,470.0,normalDay
2022-01-12,10204.0,451.0,0.0,100,471.02,466.0,0,0.0,0.0,,0.0,1,3.61,4.12,SPY220119C00470000,470.0,normalDay
2022-01-13,10204.0,88.0,0.0,100,464.53,466.0,0,0.0,0.0,,0.0,1,3.61,1.26,SPY220119C00470000,470.0,normalDay
2022-01-14,10204.0,146.0,0.0,100,464.72,466.0,0,0.0,0.0,,0.0,1,3.61,0.87,SPY220119C00470000,470.0,normalDay
2022-01-18,10204.0,-593.0,0.0,100,456.49,466.0,0,0.0,0.0,,0.0,1,3.61,0.03,SPY220119C00470000,470.0,normalDay
2022-01-19,10565.0,-1425.0,361.0,100,451.75,466.0,0,0.0,0.0,,0.0,1,3.61,0.0,SPY220119C00470000,470.0,expirationDay
2022-01-20,10565.0,-1928.0,0.0,100,446.75,466.0,0,0.0,0.0,,0.0,1,0.17,0.2,SPY220128C00468000,468.0,normalDay
2022-01-21,10565.0,-2796.0,0.0,100,437.98,466.0,0,0.0,0.0,,0.0,1,0.17,0.11,SPY220128C00468000,468.0,normalDay
2022-01-24,10565.0,-2611.0,0.0,100,439.84,466.0,0,0.0,0.0,,0.0,1,0.17,0.12,SPY220128C00468000,468.0,normalDay
2022-01-25,10565.0,-3140.0,0.0,100,434.47,466.0,0,0.0,0.0,,0.0,1,0.17,0.04,SPY220128C00468000,468.0,normalDay
2022-01-26,10565.0,-3247.0,0.0,100,433.38,466.0,0,0.0,0.0,,0.0,1,0.17,0.02,SPY220128C00468000,468.0,normalDay
2022-01-27,10565.0,-3460.0,0.0,100,431.24,466.0,0,0.0,0.0,,0.0,1,0.17,0.01,SPY220128C00468000,468.0,normalDay
2022-01-28,10582.0,-2405.0,17.0,100,441.95,466.0,0,0.0,0.0,,0.0,1,0.17,0.0,SPY220128C00468000,468.0,expirationDay
2022-01-31,10582.0,-1614.0,0.0,100,449.91,466.0,0,0.0,0.0,,0.0,1,2.76,2.81,SPY220209C00456000,456.0,normalDay
2022-02-01,10582.0,-1370.0,0.0,100,452.95,466.0,0,0.0,0.0,,0.0,1,2.76,3.41,SPY220209C00456000,456.0,normalDay
2022-02-02,10582.0,-1001.0,0.0,100,457.35,466.0,0,0.0,0.0,,0.0,1,2.76,4.12,SPY220209C00456000,456.0,normalDay
2022-02-03,10582.0,-1886.0,0.0,100,446.6,466.0,0,0.0,0.0,,0.0,1,2.76,2.22,SPY220209C00456000,456.0,normalDay
2022-02-04,10582.0,-1547.0,0.0,100,448.7,466.0,0,0.0,0.0,,0.0,1,2.76,0.93,SPY220209C00456000,456.0,normalDay
2022-02-07,10582.0,-1631.0,0.0,100,447.26,466.0,0,0.0,0.0,,0.0,1,2.76,0.33,SPY220209C00456000,456.0,normalDay
2022-02-08,10582.0,-1262.0,0.0,100,450.94,466.0,0,0.0,0.0,,0.0,1,2.76,0.32,SPY220209C00456000,456.0,normalDay
2022-02-09,9858.0,-1262.0,-724.0,0,457.54,0.0,0,0.0,0.0,,0.0,1,2.76,0.0,SPY220209C00456000,456.0,expirationDay
2022-02-10,9858.0,-4.0,0.0,0,449.32,0.0,1,5.39,5.43,SPY220218P00448000,448.0,0,0.0,0.0,,0.0,normalDay
2022-02-11,9858.0,-479.0,0.0,0,440.46,0.0,1,5.39,10.18,SPY220218P00448000,448.0,0,0.0,0.0,,0.0,normalDay
2022-02-14,9858.0,-500.0,0.0,0,439.02,0.0,1,5.39,10.39,SPY220218P00448000,448.0,0,0.0,0.0,,0.0,normalDay
2022-02-15,9858.0,-11.0,0.0,0,446.1,0.0,1,5.39,5.5,SPY220218P00448000,448.0,0,0.0,0.0,,0.0,normalDay
2022-02-16,9858.0,161.0,0.0,0,446.6,0.0,1,5.39,3.78,SPY220218P00448000,448.0,0,0.0,0.0,,0.0,normalDay
2022-02-17,9858.0,-585.0,0.0,0,437.06,0.0,1,5.39,11.24,SPY220218P00448000,448.0,0,0.0,0.0,,0.0,normalDay
2022-02-18,10397.0,-1377.0,539.0,100,434.23,448.0,1,5.39,0.0,SPY220218P00448000,448.0,0,0.0,0.0,,0.0,expirationDay
2022-02-22,10397.0,-1847.0,0.0,100,429.57,448.0,0,0.0,0.0,,0.0,1,1.4,1.44,SPY220302C00444000,444.0,normalDay
2022-02-23,10397.0,-2496.0,0.0,100,421.95,448.0,0,0.0,0.0,,0.0,1,1.4,0.31,SPY220302C00444000,444.0,normalDay
2022-02-24,10397.0,-1873.0,0.0,100,428.3,448.0,0,0.0,0.0,,0.0,1,1.4,0.43,SPY220302C00444000,444.0,normalDay
2022-02-25,10397.0,-1061.0,0.0,100,437.75,448.0,0,0.0,0.0,,0.0,1,1.4,1.76,SPY220302C00444000,444.0,normalDay
2022-02-28,10397.0,-1096.0,0.0,100,436.63,448.0,0,0.0,0.0,,0.0,1,1.4,0.99,SPY220302C00444000,444.0,normalDay
2022-03-01,10397.0,-1673.0,0.0,100,429.98,448.0,0,0.0,0.0,,0.0,1,1.4,0.11,SPY220302C00444000,444.0,normalDay
2022-03-02,10537.0,-1011.0,140.0,100,437.89,448.0,0,0.0,0.0,,0.0,1,1.4,0.0,SPY220302C00444000,444.0,expirationDay
2022-03-03,10537.0,-1233.0,0.0,100,435.71,448.0,0,0.0,0.0,,0.0,1,4.66,4.7,SPY220311C00440000,440.0,normalDay
2022-03-04,10537.0,-1387.0,0.0,100,432.17,448.0,0,0.0,0.0,,0.0,1,4.66,2.7,SPY220311C00440000,440.0,normalDay
2022-03-07,10537.0,-2424.0,0.0,100,419.43,448.0,0,0.0,0.0,,0.0,1,4.66,0.33,SPY220311C00440000,440.0,normalDay
2022-03-08,10537.0,-2722.0,0.0,100,416.25,448.0,0,0.0,0.0,,0.0,1,4.66,0.13,SPY220311C00440000,440.0,normalDay
2022-03-09,10537.0,-1632.0,0.0,100,427.41,448.0,0,0.0,0.0,,0.0,1,4.66,0.39,SPY220311C00440000,440.0,normalDay
2022-03-10,10537.0,-1789.0,0.0,100,425.48,448.0,0,0.0,0.0,,0.0,1,4.66,0.03,SPY220311C00440000,440.0,normalDay
2022-03-11,11003.0,-2793.0,466.0,100,420.07,448.0,0,0.0,0.0,,0.0,1,4.66,0.0,SPY220311C00440000,440.0,expirationDay
2022-03-14,11003.0,-3105.0,0.0,100,417.0,448.0,0,0.0,0.0,,0.0,1,1.97,2.02,SPY220323C00431000,431.0,normalDay
2022-03-15,11003.0,-2372.0,0.0,100,426.17,448.0,0,0.0,0.0,,0.0,1,1.97,3.86,SPY220323C00431000,431.0,normalDay
2022-03-16,11003.0,-1796.0,0.0,100,435.62,448.0,0,0.0,0.0,,0.0,1,1.97,7.55,SPY220323C00431000,431.0,normalDay
2022-03-17,11003.0,-1544.0,0.0,100,441.07,448.0,0,0.0,0.0,,0.0,1,1.97,10.48,SPY220323C00431000,431.0,normalDay
2022-03-18,11003.0,-1622.0,0.0,100,444.52,448.0,0,0.0,0.0,,0.0,1,1.97,14.71,SPY220323C00431000,431.0,normalDay
2022-03-21,11003.0,-1569.0,0.0,100,444.39,448.0,0,0.0,0.0,,0.0,1,1.97,14.05,SPY220323C00431000,431.0,normalDay
2022-03-22,11003.0,-1524.0,0.0,100,449.59,448.0,0,0.0,0.0,,0.0,1,1.97,18.8,SPY220323C00431000,431.0,normalDay
2022-03-23,9500.0,-1524.0,-1503.0,0,443.8,0.0,0,0.0,0.0,,0.0,1,1.97,0.0,SPY220323C00431000,431.0,expirationDay
2022-03-24,9500.0,-3.0,0.0,0,450.49,0.0,1,1.36,1.39,SPY220404P00434000,434.0,0,0.0,0.0,,0.0,normalDay
2022-03-25,9500.0,56.0,0.0,0,452.69,0.0,1,1.36,0.8,SPY220404P00434000,434.0,0,0.0,0.0,,0.0,normalDay
2022-03-28,9500.0,113.0,0.0,0,455.91,0.0,1,1.36,0.23,SPY220404P00434000,434.0,0,0.0,0.0,,0.0,normalDay
2022-03-29,9500.0,125.0,0.0,0,461.55,0.0,1,1.36,0.11,SPY220404P00434000,434.0,0,0.0,0.0,,0.0,normalDay
2022-03-30,9500.0,129.0,0.0,0,458.7,0.0,1,1.36,0.07,SPY220404P00434000,434.0,0,0.0,0.0,,0.0,normalDay
2022-03-31,9500.0,124.0,0.0,0,451.64,0.0,1,1.36,0.12,SPY220404P00434000,434.0,0,0.0,0.0,,0.0,normalDay
2022-04-01,9500.0,132.0,0.0,0,452.92,0.0,1,1.36,0.04,SPY220404P00434000,434.0,0,0.0,0.0,,0.0,normalDay
2022-04-04,9636.0,0.0,136.0,0,456.8,0.0,1,1.36,0.0,SPY220404P00434000,434.0,0,0.0,0.0,,0.0,expirationDay
2022-04-05,9636.0,-3.0,0.0,0,451.03,0.0,1,2.11,2.14,SPY220414P00443000,443.0,0,0.0,0.0,,0.0,normalDay
2022-04-06,9636.0,-124.0,0.0,0,446.52,0.0,1,2.11,3.35,SPY220414P00443000,443.0,0,0.0,0.0,,0.0,normalDay
2022-04-07,9636.0,-31.0,0.0,0,448.77,0.0,1,2.11,2.42,SPY220414P00443000,443.0,0,0.0,0.0,,0.0,normalDay
2022-04-08,9636.0,-3.0,0.0,0,447.57,0.0,1,2.11,2.14,SPY220414P00443000,443.0,0,0.0,0.0,,0.0,normalDay
2022-04-11,9636.0,-337.0,0.0,0,439.92,0.0,1,2.11,5.48,SPY220414P00443000,443.0,0,0.0,0.0,,0.0,normalDay
2022-04-12,9636.0,-353.0,0.0,0,438.29,0.0,1,2.11,5.64,SPY220414P00443000,443.0,0,0.0,0.0,,0.0,normalDay
2022-04-13,9636.0,37.0,0.0,0,443.31,0.0,1,2.11,1.74,SPY220414P00443000,443.0,0,0.0,0.0,,0.0,normalDay
2022-04-14,9847.0,-521.0,211.0,100,437.79,443.0,1,2.11,0.0,SPY220414P00443000,443.0,0,0.0,0.0,,0.0,expirationDay
2022-04-18,9847.0,-508.0,0.0,100,437.97,443.0,0,0.0,0.0,,0.0,1,1.33,1.38,SPY220427C00448000,448.0,normalDay
2022-04-19,9847.0,99.0,0.0,100,445.04,443.0,0,0.0,0.0,,0.0,1,1.33,2.38,SPY220427C00448000,448.0,normalDay
2022-04-20,9847.0,7.0,0.0,100,444.71,443.0,0,0.0,0.0,,0.0,1,1.33,2.97,SPY220427C00448000,448.0,normalDay
2022-04-21,9847.0,-424.0,0.0,100,438.06,443.0,0,0.0,0.0,,0.0,1,1.33,0.63,SPY220427C00448000,448.0,normalDay
2022-04-22,9847.0,-1569.0,0.0,100,426.04,443.0,0,0.0,0.0,,0.0,1,1.33,0.06,SPY220427C00448000,448.0,normalDay
2022-04-25,9847.0,-1319.0,0.0,100,428.51,443.0,0,0.0,0.0,,0.0,1,1.33,0.03,SPY220427C00448000,448.0,normalDay
2022-04-26,9847.0,-2558.0,0.0,100,416.1,443.0,0,0.0,0.0,,0.0,1,1.33,0.01,SPY220427C00448000,448.0,normalDay
2022-04-27,9980.0,-2573.0,133.0,100,417.27,443.0,0,0.0,0.0,,0.0,1,1.33,0.0,SPY220427C00448000,448.0,expirationDay
2022-04-28,9980.0,-1523.0,0.0,100,427.81,443.0,0,0.0,0.0,,0.0,1,1.41,1.45,SPY220506C00440000,440.0,normalDay
2022-04-29,9980.0,-2984.0,0.0,100,412.0,443.0,0,0.0,0.0,,0.0,1,1.41,0.25,SPY220506C00440000,440.0,normalDay
2022-05-02,9980.0,-2732.0,0.0,100,414.48,443.0,0,0.0,0.0,,0.0,1,1.41,0.21,SPY220506C00440000,440.0,normalDay
2022-05-03,9980.0,-2531.0,0.0,100,416.38,443.0,0,0.0,0.0,,0.0,1,1.41,0.1,SPY220506C00440000,440.0,normalDay
2022-05-04,9980.0,-1281.0,0.0,100,429.06,443.0,0,0.0,0.0,,0.0,1,1.41,0.28,SPY220506C00440000,440.0,normalDay
2022-05-05,9980.0,-2781.0,0.0,100,413.81,443.0,0,0.0,0.0,,0.0,1,1.41,0.03,SPY220506C00440000,440.0,normalDay
2022-05-06,10121.0,-3166.0,141.0,100,411.34,443.0,0,0.0,0.0,,0.0,1,1.41,0.0,SPY220506C00440000,440.0,expirationDay
2022-05-09,10121.0,-4486.0,0.0,100,398.17,443.0,0,0.0,0.0,,0.0,1,0.59,0.62,SPY220518C00427000,427.0,normalDay
2022-05-10,10121.0,-4371.0,0.0,100,399.09,443.0,0,0.0,0.0,,0.0,1,0.59,0.39,SPY220518C00427000,427.0,normalDay
2022-05-11,10121.0,-4982.0,0.0,100,392.75,443.0,0,0.0,0.0,,0.0,1,0.59,0.16,SPY220518C00427000,427.0,normalDay
2022-05-12,10121.0,-5016.0,0.0,100,392.34,443.0,0,0.0,0.0,,0.0,1,0.59,0.09,SPY220518C00427000,427.0,normalDay
2022-05-13,10121.0,-4075.0,0.0,100,401.72,443.0,0,0.0,0.0,,0.0,1,0.59,0.06,SPY220518C00427000,427.0,normalDay
2022-05-16,10121.0,-4234.0,0.0,100,400.09,443.0,0,0.0,0.0,,0.0,1,0.59,0.02,SPY220518C00427000,427.0,normalDay
2022-05-17,10121.0,-3410.0,0.0,100,408.32,443.0,0,0.0,0.0,,0.0,1,0.59,0.01,SPY220518C00427000,427.0,normalDay
2022-05-18,10180.0,-5114.0,59.0,100,391.86,443.0,0,0.0,0.0,,0.0,1,0.59,0.0,SPY220518C00427000,427.0,expirationDay
2022-05-19,10180.0,-5358.0,0.0,100,389.46,443.0,0,0.0,0.0,,0.0,1,0.76,0.8,SPY220527C00409000,409.0,normalDay
2022-05-20,10180.0,-5316.0,0.0,100,389.63,443.0,0,0.0,0.0,,0.0,1,0.76,0.55,SPY220527C00409000,409.0,normalDay
2022-05-23,10180.0,-4644.0,0.0,100,396.92,443.0,0,0.0,0.0,,0.0,1,0.76,1.12,SPY220527C00409000,409.0,normalDay
2022-05-24,10180.0,-4878.0,0.0,100,393.89,443.0,0,0.0,0.0,,0.0,1,0.76,0.43,SPY220527C00409000,409.0,normalDay
2022-05-25,10180.0,-4519.0,0.0,100,397.37,443.0,0,0.0,0.0,,0.0,1,0.76,0.32,SPY220527C00409000,409.0,normalDay
2022-05-26,10180.0,-3755.0,0.0,100,405.31,443.0,0,0.0,0.0,,0.0,1,0.76,0.62,SPY220527C00409000,409.0,normalDay
2022-05-27,6856.0,-3755.0,-3324.0,0,415.26,0.0,0,0.0,0.0,,0.0,1,0.76,0.0,SPY220527C00409000,409.0,expirationDay
2022-05-31,6856.0,-4.0,0.0,0,412.93,0.0,1,3.46,3.5,SPY220610P00403000,403.0,0,0.0,0.0,,0.0,normalDay
2022-06-01,6856.0,-37.0,0.0,0,409.59,0.0,1,3.46,3.83,SPY220610P00403000,403.0,0,0.0,0.0,,0.0,normalDay
2022-06-02,6856.0,203.0,0.0,0,417.39,0.0,1,3.46,1.43,SPY220610P00403000,403.0,0,0.0,0.0,,0.0,normalDay
2022-06-03,6856.0,103.0,0.0,0,410.54,0.0,1,3.46,2.43,SPY220610P00403000,403.0,0,0.0,0.0,,0.0,normalDay
2022-06-06,6856.0,186.0,0.0,0,411.79,0.0,1,3.46,1.6,SPY220610P00403000,403.0,0,0.0,0.0,,0.0,normalDay
2022-06-07,6856.0,286.0,0.0,0,415.74,0.0,1,3.46,0.6,SPY220610P00403000,403.0,0,0.0,0.0,,0.0,normalDay
2022-06-08,6856.0,277.0,0.0,0,411.22,0.0,1,3.46,0.69,SPY220610P00403000,403.0,0,0.0,0.0,,0.0,normalDay
2022-06-09,6856.0,-24.0,0.0,0,401.44,0.0,1,3.46,3.7,SPY220610P00403000,403.0,0,0.0,0.0,,0.0,normalDay
2022-06-10,7202.0,-1320.0,346.0,100,389.8,403.0,1,3.46,0.0,SPY220610P00403000,403.0,0,0.0,0.0,,0.0,expirationDay
2022-06-13,7202.0,-2803.0,0.0,100,375.0,403.0,0,0.0,0.0,,0.0,1,0.5,0.53,SPY220622C00402000,402.0,normalDay
2022-06-14,7202.0,-2898.0,0.0,100,373.87,403.0,0,0.0,0.0,,0.0,1,0.5,0.35,SPY220622C00402000,402.0,normalDay
2022-06-15,7202.0,-2368.0,0.0,100,379.2,403.0,0,0.0,0.0,,0.0,1,0.5,0.38,SPY220622C00402000,402.0,normalDay
2022-06-16,7202.0,-3591.0,0.0,100,366.65,403.0,0,0.0,0.0,,0.0,1,0.5,0.06,SPY220622C00402000,402.0,normalDay
2022-06-17,7202.0,-3666.0,0.0,100,365.86,403.0,0,0.0,0.0,,0.0,1,0.5,0.02,SPY220622C00402000,402.0,normalDay
2022-06-21,7202.0,-2744.0,0.0,100,375.07,403.0,0,0.0,0.0,,0.0,1,0.5,0.01,SPY220622C00402000,402.0,normalDay
2022-06-22,7252.0,-2861.0,50.0,100,374.39,403.0,0,0.0,0.0,,0.0,1,0.5,0.0,SPY220622C00402000,402.0,expirationDay
2022-06-23,7252.0,-2497.0,0.0,100,378.06,403.0,0,0.0,0.0,,0.0,1,0.82,0.85,SPY220701C00394000,394.0,normalDay
2022-06-24,7252.0,-1524.0,0.0,100,390.08,403.0,0,0.0,0.0,,0.0,1,0.82,3.14,SPY220701C00394000,394.0,normalDay
2022-06-27,7252.0,-1603.0,0.0,100,388.59,403.0,0,0.0,0.0,,0.0,1,0.82,2.44,SPY220701C00394000,394.0,normalDay
2022-06-28,7252.0,-2204.0,0.0,100,380.65,403.0,0,0.0,0.0,,0.0,1,0.82,0.51,SPY220701C00394000,394.0,normalDay
2022-06-29,7252.0,-2217.0,0.0,100,380.34,403.0,0,0.0,0.0,,0.0,1,0.82,0.33,SPY220701C00394000,394.0,normalDay
2022-06-30,7252.0,-2495.0,0.0,100,377.25,403.0,0,0.0,0.0,,0.0,1,0.82,0.02,SPY220701C00394000,394.0,normalDay
2022-07-01,7334.0,-2176.0,82.0,100,381.24,403.0,0,0.0,0.0,,0.0,1,0.82,0.0,SPY220701C00394000,394.0,expirationDay
2022-07-05,7334.0,-2110.0,0.0,100,381.96,403.0,0,0.0,0.0,,0.0,1,4.15,4.21,SPY220713C00385000,385.0,normalDay
2022-07-06,7334.0,-2023.0,0.0,100,383.25,403.0,0,0.0,0.0,,0.0,1,4.15,4.63,SPY220713C00385000,385.0,normalDay
2022-07-07,7334.0,-1670.0,0.0,100,388.99,403.0,0,0.0,0.0,,0.0,1,4.15,6.84,SPY220713C00385000,385.0,normalDay
2022-07-08,7334.0,-1648.0,0.0,100,388.67,403.0,0,0.0,0.0,,0.0,1,4.15,6.3,SPY220713C00385000,385.0,normalDay
2022-07-11,7334.0,-1776.0,0.0,100,384.23,403.0,0,0.0,0.0,,0.0,1,4.15,3.14,SPY220713C00385000,385.0,normalDay
2022-07-12,7334.0,-1923.0,0.0,100,380.83,403.0,0,0.0,0.0,,0.0,1,4.15,1.21,SPY220713C00385000,385.0,normalDay
2022-07-13,7749.0,-2417.0,415.0,100,378.83,403.0,0,0.0,0.0,,0.0,1,4.15,0.0,SPY220713C00385000,385.0,expirationDay
2022-07-14,7749.0,-2513.0,0.0,100,377.91,403.0,0,0.0,0.0,,0.0,1,4.43,4.47,SPY220722C00380000,380.0,normalDay
2022-07-15,7749.0,-2103.0,0.0,100,385.13,403.0,0,0.0,0.0,,0.0,1,4.43,7.59,SPY220722C00380000,380.0,normalDay
2022-07-18,7749.0,-2187.0,0.0,100,381.95,403.0,0,0.0,0.0,,0.0,1,4.43,5.25,SPY220722C00380000,380.0,normalDay
2022-07-19,7749.0,-1973.0,0.0,100,392.27,403.0,0,0.0,0.0,,0.0,1,4.43,13.43,SPY220722C00380000,380.0,normalDay
2022-07-20,7749.0,-1945.0,0.0,100,394.77,403.0,0,0.0,0.0,,0.0,1,4.43,15.65,SPY220722C00380000,380.0,normalDay
2022-07-21,7749.0,-1857.0,0.0,100,398.79,403.0,0,0.0,0.0,,0.0,1,4.43,18.79,SPY220722C00380000,380.0,normalDay
2022-07-22,5892.0,-1857.0,-1857.0,0,395.09,0.0,0,0.0,0.0,,0.0,1,4.43,0.0,SPY220722C00380000,380.0,expirationDay
2022-07-25,5892.0,-4.0,0.0,0,395.57,0.0,1,2.57,2.61,SPY220805P00386000,386.0,0,0.0,0.0,,0.0,normalDay
2022-07-26,5892.0,-133.0,0.0,0,390.89,0.0,1,2.57,3.9,SPY220805P00386000,386.0,0,0.0,0.0,,0.0,normalDay
2022-07-27,5892.0,122.0,0.0,0,401.04,0.0,1,2.57,1.35,SPY220805P00386000,386.0,0,0.0,0.0,,0.0,normalDay
2022-07-28,5892.0,211.0,0.0,0,406.07,0.0,1,2.57,0.46,SPY220805P00386000,386.0,0,0.0,0.0,,0.0,normalDay
2022-07-29,5892.0,245.0,0.0,0,411.99,0.0,1,2.57,0.12,SPY220805P00386000,386.0,0,0.0,0.0,,0.0,normalDay
2022-08-01,5892.0,245.0,0.0,0,410.77,0.0,1,2.57,0.12,SPY220805P00386000,386.0,0,0.0,0.0,,0.0,normalDay
2022-08-02,5892.0,245.0,0.0,0,408.06,0.0,1,2.57,0.12,SPY220805P00386000,386.0,0,0.0,0.0,,0.0,normalDay
2022-08-03,5892.0,253.0,0.0,0,414.45,0.0,1,2.57,0.04,SPY220805P00386000,386.0,0,0.0,0.0,,0.0,normalDay
2022-08-04,5892.0,255.0,0.0,0,414.17,0.0,1,2.57,0.02,SPY220805P00386000,386.0,0,0.0,0.0,,0.0,normalDay
2022-08-05,6149.0,0.0,257.0,0,413.47,0.0,1,2.57,0.0,SPY220805P00386000,386.0,0,0.0,0.0,,0.0,expirationDay
2022-08-08,6149.0,-3.0,0.0,0,412.99,0.0,1,1.29,1.32,SPY220819P00398000,398.0,0,0.0,0.0,,0.0,normalDay
2022-08-09,6149.0,-20.0,0.0,0,411.35,0.0,1,1.29,1.49,SPY220819P00398000,398.0,0,0.0,0.0,,0.0,normalDay
2022-08-10,6149.0,92.0,0.0,0,419.99,0.0,1,1.29,0.37,SPY220819P00398000,398.0,0,0.0,0.0,,0.0,normalDay
2022-08-11,6149.0,101.0,0.0,0,419.99,0.0,1,1.29,0.28,SPY220819P00398000,398.0,0,0.0,0.0,,0.0,normalDay
2022-08-12,6149.0,119.0,0.0,0,427.1,0.0,1,1.29,0.1,SPY220819P00398000,398.0,0,0.0,0.0,,0.0,normalDay
2022-08-15,6149.0,125.0,0.0,0,428.86,0.0,1,1.29,0.04,SPY220819P00398000,398.0,0,0.0,0.0,,0.0,normalDay
2022-08-16,6149.0,125.0,0.0,0,429.7,0.0,1,1.29,0.04,SPY220819P00398000,398.0,0,0.0,0.0,,0.0,normalDay
2022-08-17,6149.0,127.0,0.0,0,426.65,0.0,1,1.29,0.02,SPY220819P00398000,398.0,0,0.0,0.0,,0.0,normalDay
2022-08-18,6149.0,127.0,0.0,0,427.89,0.0,1,1.29,0.02,SPY220819P00398000,398.0,0,0.0,0.0,,0.0,normalDay
2022-08-19,6278.0,0.0,129.0,0,422.14,0.0,1,1.29,0.0,SPY220819P00398000,398.0,0,0.0,0.0,,0.0,expirationDay
2022-08-22,6278.0,-5.0,0.0,0,413.35,0.0,1,7.09,7.14,SPY220902P00416000,416.0,0,0.0,0.0,,0.0,normalDay
2022-08-23,6278.0,-72.0,0.0,0,412.35,0.0,1,7.09,7.81,SPY220902P00416000,416.0,0,0.0,0.0,,0.0,normalDay
2022-08-24,6278.0,82.0,0.0,0,413.67,0.0,1,7.09,6.27,SPY220902P00416000,416.0,0,0.0,0.0,,0.0,normalDay
2022-08-25,6278.0,348.0,0.0,0,419.51,0.0,1,7.09,3.61,SPY220902P00416000,416.0,0,0.0,0.0,,0.0,normalDay
2022-08-26,6278.0,-504.0,0.0,0,405.31,0.0,1,7.09,12.13,SPY220902P00416000,416.0,0,0.0,0.0,,0.0,normalDay
2022-08-29,6278.0,-665.0,0.0,0,402.63,0.0,1,7.09,13.74,SPY220902P00416000,416.0,0,0.0,0.0,,0.0,normalDay
2022-08-30,6278.0,-1078.0,0.0,0,398.21,0.0,1,7.09,17.87,SPY220902P00416000,416.0,0,0.0,0.0,,0.0,normalDay
2022-08-31,6278.0,-1365.0,0.0,0,395.18,0.0,1,7.09,20.74,SPY220902P00416000,416.0,0,0.0,0.0,,0.0,normalDay
2022-09-01,6278.0,-1257.0,0.0,0,396.42,0.0,1,7.09,19.66,SPY220902P00416000,416.0,0,0.0,0.0,,0.0,normalDay
2022-09-02,6987.0,-2376.0,709.0,100,392.24,416.0,1,7.09,0.0,SPY220902P00416000,416.0,0,0.0,0.0,,0.0,expirationDay
2022-09-06,6987.0,-2527.0,0.0,100,390.76,416.0,0,0.0,0.0,,0.0,1,0.3,0.33,SPY220914C00412000,412.0,normalDay
2022-09-07,6987.0,-1855.0,0.0,100,397.78,416.0,0,0.0,0.0,,0.0,1,0.3,0.63,SPY220914C00412000,412.0,normalDay
2022-09-08,6987.0,-1608.0,0.0,100,400.38,416.0,0,0.0,0.0,,0.0,1,0.3,0.76,SPY220914C00412000,412.0,normalDay
2022-09-09,6987.0,-1059.0,0.0,100,406.6,416.0,0,0.0,0.0,,0.0,1,0.3,1.49,SPY220914C00412000,412.0,normalDay
2022-09-12,6987.0,-797.0,0.0,100,410.97,416.0,0,0.0,0.0,,0.0,1,0.3,3.24,SPY220914C00412000,412.0,normalDay
2022-09-13,6987.0,-2262.0,0.0,100,393.1,416.0,0,0.0,0.0,,0.0,1,0.3,0.02,SPY220914C00412000,412.0,normalDay
2022-09-14,7017.0,-2140.0,30.0,100,394.6,416.0,0,0.0,0.0,,0.0,1,0.3,0.0,SPY220914C00412000,412.0,expirationDay
2022-09-15,7017.0,-2592.0,0.0,100,390.12,416.0,0,0.0,0.0,,0.0,1,1.09,1.13,SPY220923C00404000,404.0,normalDay
2022-09-16,7017.0,-2988.0,0.0,100,385.56,416.0,0,0.0,0.0,,0.0,1,1.09,0.53,SPY220923C00404000,404.0,normalDay
2022-09-19,7017.0,-2693.0,0.0,100,388.55,416.0,0,0.0,0.0,,0.0,1,1.09,0.57,SPY220923C00404000,404.0,normalDay
2022-09-20,7017.0,-3109.0,0.0,100,384.09,416.0,0,0.0,0.0,,0.0,1,1.09,0.27,SPY220923C00404000,404.0,normalDay
2022-09-21,7017.0,-3755.0,0.0,100,377.39,416.0,0,0.0,0.0,,0.0,1,1.09,0.03,SPY220923C00404000,404.0,normalDay
2022-09-22,7017.0,-4070.0,0.0,100,374.22,416.0,0,0.0,0.0,,0.0,1,1.09,0.01,SPY220923C00404000,404.0,normalDay
2022-09-23,7126.0,-4805.0,109.0,100,367.95,416.0,0,0.0,0.0,,0.0,1,1.09,0.0,SPY220923C00404000,404.0,expirationDay
2022-09-26,7126.0,-5173.0,0.0,100,364.31,416.0,0,0.0,0.0,,0.0,1,0.31,0.35,SPY221005C00391000,391.0,normalDay
2022-09-27,7126.0,-5251.0,0.0,100,363.38,416.0,0,0.0,0.0,,0.0,1,0.31,0.2,SPY221005C00391000,391.0,normalDay
2022-09-28,7126.0,-4548.0,0.0,100,370.53,416.0,0,0.0,0.0,,0.0,1,0.31,0.32,SPY221005C00391000,391.0,normalDay
2022-09-29,7126.0,-5297.0,0.0,100,362.79,416.0,0,0.0,0.0,,0.0,1,0.31,0.07,SPY221005C00391000,391.0,normalDay
2022-09-30,7126.0,-5853.0,0.0,100,357.18,416.0,0,0.0,0.0,,0.0,1,0.31,0.02,SPY221005C00391000,391.0,normalDay
2022-10-03,7126.0,-4909.0,0.0,100,366.61,416.0,0,0.0,0.0,,0.0,1,0.31,0.01,SPY221005C00391000,391.0,normalDay
2022-10-04,7126.0,-3775.0,0.0,100,377.97,416.0,0,0.0,0.0,,0.0,1,0.31,0.03,SPY221005C00391000,391.0,normalDay
2022-10-05,7157.0,-3891.0,31.0,100,377.09,416.0,0,0.0,0.0,,0.0,1,0.31,0.0,SPY221005C00391000,391.0,expirationDay
2022-10-06,7157.0,-4286.0,0.0,100,373.2,416.0,0,0.0,0.0,,0.0,1,4.14,4.2,SPY221014C00379000,379.0,normalDay
2022-10-07,7157.0,-4991.0,0.0,100,362.79,416.0,0,0.0,0.0,,0.0,1,4.14,0.84,SPY221014C00379000,379.0,normalDay
2022-10-10,7157.0,-5227.0,0.0,100,360.02,416.0,0,0.0,0.0,,0.0,1,4.14,0.43,SPY221014C00379000,379.0,normalDay
2022-10-11,7157.0,-5441.0,0.0,100,357.74,416.0,0,0.0,0.0,,0.0,1,4.14,0.29,SPY221014C00379000,379.0,normalDay
2022-10-12,7157.0,-5543.0,0.0,100,356.56,416.0,0,0.0,0.0,,0.0,1,4.14,0.13,SPY221014C00379000,379.0,normalDay
2022-10-13,7157.0,-4599.0,0.0,100,365.97,416.0,0,0.0,0.0,,0.0,1,4.14,0.1,SPY221014C00379000,379.0,normalDay
2022-10-14,7571.0,-5837.0,414.0,100,357.63,416.0,0,0.0,0.0,,0.0,1,4.14,0.0,SPY221014C00379000,379.0,expirationDay
2022-10-17,7571.0,-4923.0,0.0,100,366.82,416.0,0,0.0,0.0,,0.0,1,6.77,6.82,SPY221026C00367000,367.0,normalDay
2022-10-18,7571.0,-4734.0,0.0,100,371.13,416.0,0,0.0,0.0,,0.0,1,6.77,9.24,SPY221026C00367000,367.0,normalDay
2022-10-19,7571.0,-4696.0,0.0,100,368.5,416.0,0,0.0,0.0,,0.0,1,6.77,6.23,SPY221026C00367000,367.0,normalDay
2022-10-20,7571.0,-4797.0,0.0,100,365.41,416.0,0,0.0,0.0,,0.0,1,6.77,4.15,SPY221026C00367000,367.0,normalDay
2022-10-21,7571.0,-4417.0,0.0,100,374.29,416.0,0,0.0,0.0,,0.0,1,6.77,9.23,SPY221026C00367000,367.0,normalDay
2022-10-24,7571.0,-4256.0,0.0,100,378.87,416.0,0,0.0,0.0,,0.0,1,6.77,12.2,SPY221026C00367000,367.0,normalDay
2022-10-25,7571.0,-4093.0,0.0,100,384.92,416.0,0,0.0,0.0,,0.0,1,6.77,16.62,SPY221026C00367000,367.0,normalDay
2022-10-26,3348.0,-4093.0,-4223.0,0,382.02,0.0,0,0.0,0.0,,0.0,1,6.77,0.0,SPY221026C00367000,367.0,expirationDay
2022-10-27,3348.0,-5.0,0.0,0,379.98,0.0,1,3.86,3.91,SPY221107P00369000,369.0,0,0.0,0.0,,0.0,normalDay
2022-10-28,3348.0,293.0,0.0,0,389.02,0.0,1,3.86,0.93,SPY221107P00369000,369.0,0,0.0,0.0,,0.0,normalDay
2022-10-31,3348.0,314.0,0.0,0,386.21,0.0,1,3.86,0.72,SPY221107P00369000,369.0,0,0.0,0.0,,0.0,normalDay
2022-11-01,3348.0,305.0,0.0,0,384.52,0.0,1,3.86,0.81,SPY221107P00369000,369.0,0,0.0,0.0,,0.0,normalDay
2022-11-02,3348.0,196.0,0.0,0,374.87,0.0,1,3.86,1.9,SPY221107P00369000,369.0,0,0.0,0.0,,0.0,normalDay
2022-11-03,3348.0,135.0,0.0,0,371.01,0.0,1,3.86,2.51,SPY221107P00369000,369.0,0,0.0,0.0,,0.0,normalDay
2022-11-04,3348.0,357.0,0.0,0,376.35,0.0,1,3.86,0.29,SPY221107P00369000,369.0,0,0.0,0.0,,0.0,normalDay
2022-11-07,3734.0,0.0,386.0,0,379.95,0.0,1,3.86,0.0,SPY221107P00369000,369.0,0,0.0,0.0,,0.0,expirationDay
2022-11-08,3734.0,-5.0,0.0,0,382.0,0.0,1,4.22,4.27,SPY221118P00375000,375.0,0,0.0,0.0,,0.0,normalDay
2022-11-09,3734.0,-263.0,0.0,0,374.13,0.0,1,4.22,6.85,SPY221118P00375000,375.0,0,0.0,0.0,,0.0,normalDay
2022-11-10,3734.0,349.0,0.0,0,394.69,0.0,1,4.22,0.73,SPY221118P00375000,375.0,0,0.0,0.0,,0.0,normalDay
2022-11-11,3734.0,390.0,0.0,0,398.51,0.0,1,4.22,0.32,SPY221118P00375000,375.0,0,0.0,0.0,,0.0,normalDay
2022-11-14,3734.0,403.0,0.0,0,395.12,0.0,1,4.22,0.19,SPY221118P00375000,375.0,0,0.0,0.0,,0.0,normalDay
2022-11-15,3734.0,409.0,0.0,0,398.49,0.0,1,4.22,0.13,SPY221118P00375000,375.0,0,0.0,0.0,,0.0,normalDay
2022-11-16,3734.0,416.0,0.0,0,395.45,0.0,1,4.22,0.06,SPY221118P00375000,375.0,0,0.0,0.0,,0.0,normalDay
2022-11-17,3734.0,417.0,0.0,0,394.24,0.0,1,4.22,0.05,SPY221118P00375000,375.0,0,0.0,0.0,,0.0,normalDay
2022-11-18,4156.0,0.0,422.0,0,396.03,0.0,1,4.22,0.0,SPY221118P00375000,375.0,0,0.0,0.0,,0.0,expirationDay
2022-11-21,4156.0,-3.0,0.0,0,394.59,0.0,1,2.26,2.29,SPY221202P00387000,387.0,0,0.0,0.0,,0.0,normalDay
2022-11-22,4156.0,115.0,0.0,0,399.9,0.0,1,2.26,1.11,SPY221202P00387000,387.0,0,0.0,0.0,,0.0,normalDay
2022-11-23,4156.0,171.0,0.0,0,402.42,0.0,1,2.26,0.55,SPY221202P00387000,387.0,0,0.0,0.0,,0.0,normalDay
2022-11-25,4156.0,185.0,0.0,0,402.33,0.0,1,2.26,0.41,SPY221202P00387000,387.0,0,0.0,0.0,,0.0,normalDay
2022-11-28,4156.0,133.0,0.0,0,395.91,0.0,1,2.26,0.93,SPY221202P00387000,387.0,0,0.0,0.0,,0.0,normalDay
2022-11-29,4156.0,129.0,0.0,0,395.23,0.0,1,2.26,0.97,SPY221202P00387000,387.0,0,0.0,0.0,,0.0,normalDay
2022-11-30,4156.0,218.0,0.0,0,407.68,0.0,1,2.26,0.08,SPY221202P00387000,387.0,0,0.0,0.0,,0.0,normalDay
2022-12-01,4156.0,224.0,0.0,0,407.38,0.0,1,2.26,0.02,SPY221202P00387000,387.0,0,0.0,0.0,,0.0,normalDay
2022-12-02,4382.0,0.0,226.0,0,406.91,0.0,1,2.26,0.0,SPY221202P00387000,387.0,0,0.0,0.0,,0.0,expirationDay
2022-12-05,4382.0,-4.0,0.0,0,399.59,0.0,1,5.5,5.54,SPY221216P00396000,396.0,0,0.0,0.0,,0.0,normalDay
2022-12-06,4382.0,-316.0,0.0,0,393.83,0.0,1,5.5,8.66,SPY221216P00396000,396.0,0,0.0,0.0,,0.0,normalDay
2022-12-07,4382.0,-349.0,0.0,0,393.16,0.0,1,5.5,8.99,SPY221216P00396000,396.0,0,0.0,0.0,,0.0,normalDay
2022-12-08,4382.0,-157.0,0.0,0,396.24,0.0,1,5.5,7.07,SPY221216P00396000,396.0,0,0.0,0.0,,0.0,normalDay
2022-12-09,4382.0,-295.0,0.0,0,393.28,0.0,1,5.5,8.45,SPY221216P00396000,396.0,0,0.0,0.0,,0.0,normalDay
2022-12-12,4382.0,-69.0,0.0,0,398.95,0.0,1,5.5,6.19,SPY221216P00396000,396.0,0,0.0,0.0,,0.0,normalDay
2022-12-13,4382.0,255.0,0.0,0,401.97,0.0,1,5.5,2.95,SPY221216P00396000,396.0,0,0.0,0.0,,0.0,normalDay
2022-12-14,4382.0,346.0,0.0,0,399.4,0.0,1,5.5,2.04,SPY221216P00396000,396.0,0,0.0,0.0,,0.0,normalDay
2022-12-15,4382.0,-283.0,0.0,0,389.63,0.0,1,5.5,8.33,SPY221216P00396000,396.0,0,0.0,0.0,,0.0,normalDay
2022-12-16,4932.0,-1273.0,550.0,100,383.27,396.0,1,5.5,0.0,SPY221216P00396000,396.0,0,0.0,0.0,,0.0,expirationDay
2022-12-19,4932.0,-1601.0,0.0,100,380.02,396.0,0,0.0,0.0,,0.0,1,0.23,0.26,SPY221228C00397000,397.0,normalDay
2022-12-20,4932.0,-1543.0,0.0,100,380.54,396.0,0,0.0,0.0,,0.0,1,0.23,0.2,SPY221228C00397000,397.0,normalDay
2022-12-21,4932.0,-990.0,0.0,100,386.23,396.0,0,0.0,0.0,,0.0,1,0.23,0.36,SPY221228C00397000,397.0,normalDay
2022-12-22,4932.0,-1513.0,0.0,100,380.72,396.0,0,0.0,0.0,,0.0,1,0.23,0.08,SPY221228C00397000,397.0,normalDay
2022-12-23,4932.0,-1289.0,0.0,100,382.91,396.0,0,0.0,0.0,,0.0,1,0.23,0.03,SPY221228C00397000,397.0,normalDay
2022-12-27,4932.0,-1439.0,0.0,100,381.4,396.0,0,0.0,0.0,,0.0,1,0.23,0.02,SPY221228C00397000,397.0,normalDay
2022-12-28,4955.0,-1934.0,23.0,100,376.66,396.0,0,0.0,0.0,,0.0,1,0.23,0.0,SPY221228C00397000,397.0,expirationDay
2022-12-29,4955.0,-1259.0,0.0,100,383.44,396.0,0,0.0,0.0,,0.0,1,1.45,1.48,SPY230106C00391000,391.0,normalDay
2022-12-30,4955.0,-1323.0,0.0,100,382.43,396.0,0,0.0,0.0,,0.0,1,1.45,1.11,SPY230106C00391000,391.0,normalDay
2023-01-03,4955.0,-1424.0,0.0,100,380.82,396.0,0,0.0,0.0,,0.0,1,1.45,0.51,SPY230106C00391000,391.0,normalDay
2023-01-04,4955.0,-1139.0,0.0,100,383.76,396.0,0,0.0,0.0,,0.0,1,1.45,0.6,SPY230106C00391000,391.0,normalDay
2023-01-05,4955.0,-1527.0,0.0,100,379.38,396.0,0,0.0,0.0,,0.0,1,1.45,0.1,SPY230106C00391000,391.0,normalDay
2023-01-06,5100.0,-792.0,145.0,100,388.08,396.0,0,0.0,0.0,,0.0,1,1.45,0.0,SPY230106C00391000,391.0,expirationDay
2023-01-09,5100.0,-822.0,0.0,100,387.86,396.0,0,0.0,0.0,,0.0,1,6.43,6.51,SPY230118C00386000,386.0,normalDay
2023-01-10,5100.0,-689.0,0.0,100,390.58,396.0,0,0.0,0.0,,0.0,1,6.43,7.9,SPY230118C00386000,386.0,normalDay
2023-01-11,5100.0,-555.0,0.0,100,395.52,396.0,0,0.0,0.0,,0.0,1,6.43,11.5,SPY230118C00386000,386.0,normalDay
2023-01-12,5100.0,-425.0,0.0,100,396.96,396.0,0,0.0,0.0,,0.0,1,6.43,11.64,SPY230118C00386000,386.0,normalDay
2023-01-13,5100.0,-360.0,0.0,100,398.5,396.0,0,0.0,0.0,,0.0,1,6.43,12.53,SPY230118C00386000,386.0,normalDay
2023-01-17,5100.0,-379.0,0.0,100,397.77,396.0,0,0.0,0.0,,0.0,1,6.43,11.99,SPY230118C00386000,386.0,normalDay
2023-01-18,4743.0,-379.0,-357.0,0,391.49,0.0,0,0.0,0.0,,0.0,1,6.43,0.0,SPY230118C00386000,386.0,expirationDay
2023-01-19,4743.0,-5.0,0.0,0,388.64,0.0,1,2.82,2.87,SPY230130P00386000,386.0,0,0.0,0.0,,0.0,normalDay
2023-01-20,4743.0,187.0,0.0,0,395.88,0.0,1,2.82,0.95,SPY230130P00386000,386.0,0,0.0,0.0,,0.0,normalDay
2023-01-23,4743.0,249.0,0.0,0,400.63,0.0,1,2.82,0.33,SPY230130P00386000,386.0,0,0.0,0.0,,0.0,normalDay
2023-01-24,4743.0,261.0,0.0,0,400.2,0.0,1,2.82,0.21,SPY230130P00386000,386.0,0,0.0,0.0,,0.0,normalDay
2023-01-25,4743.0,265.0,0.0,0,400.35,0.0,1,2.82,0.17,SPY230130P00386000,386.0,0,0.0,0.0,,0.0,normalDay
2023-01-26,4743.0,278.0,0.0,0,404.75,0.0,1,2.82,0.04,SPY230130P00386000,386.0,0,0.0,0.0,,0.0,normalDay
2023-01-27,4743.0,278.0,0.0,0,405.68,0.0,1,2.82,0.04,SPY230130P00386000,386.0,0,0.0,0.0,,0.0,normalDay
2023-01-30,5025.0,0.0,282.0,0,400.59,0.0,1,2.82,0.0,SPY230130P00386000,386.0,0,0.0,0.0,,0.0,expirationDay
2023-01-31,5025.0,-4.0,0.0,0,406.48,0.0,1,1.77,1.81,SPY230210P00395000,395.0,0,0.0,0.0,,0.0,normalDay
2023-02-01,5025.0,112.0,0.0,0,410.8,0.0,1,1.77,0.65,SPY230210P00395000,395.0,0,0.0,0.0,,0.0,normalDay
2023-02-02,5025.0,139.0,0.0,0,416.78,0.0,1,1.77,0.38,SPY230210P00395000,395.0,0,0.0,0.0,,0.0,normalDay
2023-02-03,5025.0,154.0,0.0,0,412.35,0.0,1,1.77,0.23,SPY230210P00395000,395.0,0,0.0,0.0,,0.0,normalDay
2023-02-06,5025.0,157.0,0.0,0,409.83,0.0,1,1.77,0.2,SPY230210P00395000,395.0,0,0.0,0.0,,0.0,normalDay
2023-02-07,5025.0,171.0,0.0,0,415.19,0.0,1,1.77,0.06,SPY230210P00395000,395.0,0,0.0,0.0,,0.0,normalDay
2023-02-08,5025.0,172.0,0.0,0,410.65,0.0,1,1.77,0.05,SPY230210P00395000,395.0,0,0.0,0.0,,0.0,normalDay
2023-02-09,5025.0,172.0,0.0,0,407.09,0.0,1,1.77,0.05,SPY230210P00395000,395.0,0,0.0,0.0,,0.0,normalDay
2023-02-10,5202.0,0.0,177.0,0,408.04,0.0,1,1.77,0.0,SPY230210P00395000,395.0,0,0.0,0.0,,0.0,expirationDay
2023-02-13,5202.0,-4.0,0.0,0,412.83,0.0,1,2.68,2.72,SPY230224P00405000,405.0,0,0.0,0.0,,0.0,normalDay
2023-02-14,5202.0,67.0,0.0,0,412.64,0.0,1,2.68,2.01,SPY230224P00405000,405.0,0,0.0,0.0,,0.0,normalDay
2023-02-15,5202.0,151.0,0.0,0,413.98,0.0,1,2.68,1.17,SPY230224P00405000,405.0,0,0.0,0.0,,0.0,normalDay
2023-02-16,5202.0,-20.0,0.0,0,408.28,0.0,1,2.68,2.88,SPY230224P00405000,405.0,0,0.0,0.0,,0.0,normalDay
2023-02-17,5202.0,15.0,0.0,0,407.26,0.0,1,2.68,2.53,SPY230224P00405000,405.0,0,0.0,0.0,,0.0,normalDay
2023-02-21,5202.0,-386.0,0.0,0,399.09,0.0,1,2.68,6.54,SPY230224P00405000,405.0,0,0.0,0.0,,0.0,normalDay
2023-02-22,5202.0,-393.0,0.0,0,398.54,0.0,1,2.68,6.61,SPY230224P00405000,405.0,0,0.0,0.0,,0.0,normalDay
2023-02-23,5202.0,-220.0,0.0,0,400.66,0.0,1,2.68,4.88,SPY230224P00405000,405.0,0,0.0,0.0,,0.0,normalDay
2023-02-24,5470.0,-862.0,268.0,100,396.38,405.0,1,2.68,0.0,SPY230224P00405000,405.0,0,0.0,0.0,,0.0,expirationDay
2023-02-27,5470.0,-730.0,0.0,100,397.73,405.0,0,0.0,0.0,,0.0,1,1.04,1.07,SPY230308C00407000,407.0,normalDay
2023-02-28,5470.0,-829.0,0.0,100,396.26,405.0,0,0.0,0.0,,0.0,1,1.04,0.59,SPY230308C00407000,407.0,normalDay
2023-03-01,5470.0,-960.0,0.0,100,394.74,405.0,0,0.0,0.0,,0.0,1,1.04,0.38,SPY230308C00407000,407.0,normalDay
2023-03-02,5470.0,-668.0,0.0,100,397.81,405.0,0,0.0,0.0,,0.0,1,1.04,0.53,SPY230308C00407000,407.0,normalDay
2023-03-03,5470.0,-155.0,0.0,100,404.19,405.0,0,0.0,0.0,,0.0,1,1.04,1.78,SPY230308C00407000,407.0,normalDay
2023-03-06,5470.0,-89.0,0.0,100,404.47,405.0,0,0.0,0.0,,0.0,1,1.04,1.4,SPY230308C00407000,407.0,normalDay
2023-03-07,5470.0,-572.0,0.0,100,398.27,405.0,0,0.0,0.0,,0.0,1,1.04,0.03,SPY230308C00407000,407.0,normalDay
2023-03-08,5574.0,-608.0,104.0,100,398.92,405.0,0,0.0,0.0,,0.0,1,1.04,0.0,SPY230308C00407000,407.0,expirationDay
2023-03-09,5574.0,-1347.0,0.0,100,391.56,405.0,0,0.0,0.0,,0.0,1,1.4,1.43,SPY230317C00402000,402.0,normalDay
2023-03-10,5574.0,-1813.0,0.0,100,385.91,405.0,0,0.0,0.0,,0.0,1,1.4,0.44,SPY230317C00402000,402.0,normalDay
2023-03-13,5574.0,-1870.0,0.0,100,385.36,405.0,0,0.0,0.0,,0.0,1,1.4,0.46,SPY230317C00402000,402.0,normalDay
2023-03-14,5574.0,-1212.0,0.0,100,391.73,405.0,0,0.0,0.0,,0.0,1,1.4,0.25,SPY230317C00402000,402.0,normalDay
2023-03-15,5574.0,-1441.0,0.0,100,389.28,405.0,0,0.0,0.0,,0.0,1,1.4,0.09,SPY230317C00402000,402.0,normalDay
2023-03-16,5574.0,-760.0,0.0,100,396.11,405.0,0,0.0,0.0,,0.0,1,1.4,0.11,SPY230317C00402000,402.0,normalDay
2023-03-17,5714.0,-1501.0,140.0,100,389.99,405.0,0,0.0,0.0,,0.0,1,1.4,0.0,SPY230317C00402000,402.0,expirationDay
2023-03-20,5714.0,-1132.0,0.0,100,393.74,405.0,0,0.0,0.0,,0.0,1,4.73,4.79,SPY230329C00396000,396.0,normalDay
2023-03-21,5714.0,-839.0,0.0,100,398.91,405.0,0,0.0,0.0,,0.0,1,4.73,7.03,SPY230329C00396000,396.0,normalDay
2023-03-22,5714.0,-1102.0,0.0,100,392.11,405.0,0,0.0,0.0,,0.0,1,4.73,2.86,SPY230329C00396000,396.0,normalDay
2023-03-23,5714.0,-998.0,0.0,100,393.17,405.0,0,0.0,0.0,,0.0,1,4.73,2.88,SPY230329C00396000,396.0,normalDay
2023-03-24,5714.0,-789.0,0.0,100,395.75,405.0,0,0.0,0.0,,0.0,1,4.73,3.37,SPY230329C00396000,396.0,normalDay
2023-03-27,5714.0,-655.0,0.0,100,396.49,405.0,0,0.0,0.0,,0.0,1,4.73,2.77,SPY230329C00396000,396.0,normalDay
2023-03-28,5714.0,-620.0,0.0,100,395.6,405.0,0,0.0,0.0,,0.0,1,4.73,1.53,SPY230329C00396000,396.0,normalDay
2023-03-29,5287.0,-620.0,-427.0,0,401.35,0.0,0,0.0,0.0,,0.0,1,4.73,0.0,SPY230329C00396000,396.0,expirationDay
2023-03-30,5287.0,-3.0,0.0,0,403.7,0.0,1,1.47,1.5,SPY230410P00395000,395.0,0,0.0,0.0,,0.0,normalDay
2023-03-31,5287.0,91.0,0.0,0,409.39,0.0,1,1.47,0.56,SPY230410P00395000,395.0,0,0.0,0.0,,0.0,normalDay
2023-04-03,5287.0,130.0,0.0,0,410.95,0.0,1,1.47,0.17,SPY230410P00395000,395.0,0,0.0,0.0,,0.0,normalDay
2023-04-04,5287.0,131.0,0.0,0,408.67,0.0,1,1.47,0.16,SPY230410P00395000,395.0,0,0.0,0.0,,0.0,normalDay
2023-04-05,5287.0,138.0,0.0,0,407.6,0.0,1,1.47,0.09,SPY230410P00395000,395.0,0,0.0,0.0,,0.0,normalDay
2023-04-06,5287.0,144.0,0.0,0,409.19,0.0,1,1.47,0.03,SPY230410P00395000,395.0,0,0.0,0.0,,0.0,normalDay
2023-04-10,5434.0,0.0,147.0,0,409.61,0.0,1,1.47,0.0,SPY230410P00395000,395.0,0,0.0,0.0,,0.0,expirationDay
2023-04-11,5434.0,-3.0,0.0,0,409.72,0.0,1,1.24,1.27,SPY230421P00400000,400.0,0,0.0,0.0,,0.0,normalDay
2023-04-12,5434.0,-10.0,0.0,0,408.05,0.0,1,1.24,1.34,SPY230421P00400000,400.0,0,0.0,0.0,,0.0,normalDay
2023-04-13,5434.0,80.0,0.0,0,413.47,0.0,1,1.24,0.44,SPY230421P00400000,400.0,0,0.0,0.0,,0.0,normalDay
2023-04-14,5434.0,97.0,0.0,0,412.46,0.0,1,1.24,0.27,SPY230421P00400000,400.0,0,0.0,0.0,,0.0,normalDay
2023-04-17,5434.0,110.0,0.0,0,413.94,0.0,1,1.24,0.14,SPY230421P00400000,400.0,0,0.0,0.0,,0.0,normalDay
2023-04-18,5434.0,112.0,0.0,0,414.21,0.0,1,1.24,0.12,SPY230421P00400000,400.0,0,0.0,0.0,,0.0,normalDay
2023-04-19,5434.0,117.0,0.0,0,414.14,0.0,1,1.24,0.07,SPY230421P00400000,400.0,0,0.0,0.0,,0.0,normalDay
2023-04-20,5434.0,120.0,0.0,0,411.88,0.0,1,1.24,0.04,SPY230421P00400000,400.0,0,0.0,0.0,,0.0,normalDay
2023-04-21,5558.0,0.0,124.0,0,412.2,0.0,1,1.24,0.0,SPY230421P00400000,400.0,0,0.0,0.0,,0.0,expirationDay
2023-04-24,5558.0,-3.0,0.0,0,412.63,0.0,1,2.93,2.96,SPY230505P00409000,409.0,0,0.0,0.0,,0.0,normalDay
2023-04-25,5558.0,-253.0,0.0,0,406.08,0.0,1,2.93,5.46,SPY230505P00409000,409.0,0,0.0,0.0,,0.0,normalDay
2023-04-26,5558.0,-384.0,0.0,0,404.36,0.0,1,2.93,6.77,SPY230505P00409000,409.0,0,0.0,0.0,,0.0,normalDay
2023-04-27,5558.0,64.0,0.0,0,412.41,0.0,1,2.93,2.29,SPY230505P00409000,409.0,0,0.0,0.0,,0.0,normalDay
2023-04-28,5558.0,175.0,0.0,0,415.93,0.0,1,2.93,1.18,SPY230505P00409000,409.0,0,0.0,0.0,,0.0,normalDay
2023-05-01,5558.0,208.0,0.0,0,415.51,0.0,1,2.93,0.85,SPY230505P00409000,409.0,0,0.0,0.0,,0.0,normalDay
2023-05-02,5558.0,70.0,0.0,0,410.84,0.0,1,2.93,2.23,SPY230505P00409000,409.0,0,0.0,0.0,,0.0,normalDay
2023-05-03,5558.0,30.0,0.0,0,408.02,0.0,1,2.93,2.63,SPY230505P00409000,409.0,0,0.0,0.0,,0.0,normalDay
2023-05-04,5558.0,-178.0,0.0,0,405.13,0.0,1,2.93,4.71,SPY230505P00409000,409.0,0,0.0,0.0,,0.0,normalDay
2023-05-05,5851.0,0.0,293.0,0,412.63,0.0,1,2.93,0.0,SPY230505P00409000,409.0,0,0.0,0.0,,0.0,expirationDay
2023-05-08,5851.0,-3.0,0.0,0,412.74,0.0,1,3.01,3.04,SPY230519P00411000,411.0,0,0.0,0.0,,0.0,normalDay
2023-05-09,5851.0,-72.0,0.0,0,410.93,0.0,1,3.01,3.73,SPY230519P00411000,411.0,0,0.0,0.0,,0.0,normalDay
2023-05-10,5851.0,62.0,0.0,0,412.85,0.0,1,3.01,2.39,SPY230519P00411000,411.0,0,0.0,0.0,,0.0,normalDay
2023-05-11,5851.0,54.0,0.0,0,412.13,0.0,1,3.01,2.47,SPY230519P00411000,411.0,0,0.0,0.0,,0.0,normalDay
2023-05-12,5851.0,53.0,0.0,0,411.59,0.0,1,3.01,2.48,SPY230519P00411000,411.0,0,0.0,0.0,,0.0,normalDay
2023-05-15,5851.0,164.0,0.0,0,413.01,0.0,1,3.01,1.37,SPY230519P00411000,411.0,0,0.0,0.0,,0.0,normalDay
2023-05-16,5851.0,64.0,0.0,0,410.25,0.0,1,3.01,2.37,SPY230519P00411000,411.0,0,0.0,0.0,,0.0,normalDay
2023-05-17,5851.0,249.0,0.0,0,415.23,0.0,1,3.01,0.52,SPY230519P00411000,411.0,0,0.0,0.0,,0.0,normalDay
2023-05-18,5851.0,292.0,0.0,0,419.23,0.0,1,3.01,0.09,SPY230519P00411000,411.0,0,0.0,0.0,,0.0,normalDay
2023-05-19,6152.0,0.0,301.0,0,418.62,0.0,1,3.01,0.0,SPY230519P00411000,411.0,0,0.0,0.0,,0.0,expirationDay
2023-05-22,6152.0,-3.0,0.0,0,418.79,0.0,1,1.8,1.83,SPY230602P00412500,412.5,0,0.0,0.0,,0.0,normalDay
2023-05-23,6152.0,-152.0,0.0,0,414.09,0.0,1,1.8,3.32,SPY230602P00412500,412.5,0,0.0,0.0,,0.0,normalDay
2023-05-24,6152.0,-281.0,0.0,0,411.09,0.0,1,1.8,4.61,SPY230602P00412500,412.5,0,0.0,0.0,,0.0,normalDay
2023-05-25,6152.0,-108.0,0.0,0,414.65,0.0,1,1.8,2.88,SPY230602P00412500,412.5,0,0.0,0.0,,0.0,normalDay
2023-05-26,6152.0,60.0,0.0,0,420.02,0.0,1,1.8,1.2,SPY230602P00412500,412.5,0,0.0,0.0,,0.0,normalDay
2023-05-30,6152.0,136.0,0.0,0,420.18,0.0,1,1.8,0.44,SPY230602P00412500,412.5,0,0.0,0.0,,0.0,normalDay
2023-05-31,6152.0,130.0,0.0,0,417.85,0.0,1,1.8,0.5,SPY230602P00412500,412.5,0,0.0,0.0,,0.0,normalDay
2023-06-01,6152.0,173.0,0.0,0,421.82,0.0,1,1.8,0.07,SPY230602P00412500,412.5,0,0.0,0.0,,0.0,normalDay
2023-06-02,6332.0,0.0,180.0,0,427.92,0.0,1,1.8,0.0,SPY230602P00412500,412.5,0,0.0,0.0,,0.0,expirationDay
2023-06-05,6332.0,-3.0,0.0,0,427.1,0.0,1,1.12,1.15,SPY230616P00417000,417.0,0,0.0,0.0,,0.0,normalDay
2023-06-06,6332.0,27.0,0.0,0,428.03,0.0,1,1.12,0.85,SPY230616P00417000,417.0,0,0.0,0.0,,0.0,normalDay
2023-06-07,6332.0,21.0,0.0,0,426.55,0.0,1,1.12,0.91,SPY230616P00417000,417.0,0,0.0,0.0,,0.0,normalDay
2023-06-08,6332.0,57.0,0.0,0,429.13,0.0,1,1.12,0.55,SPY230616P00417000,417.0,0,0.0,0.0,,0.0,normalDay
2023-06-09,6332.0,71.0,0.0,0,429.9,0.0,1,1.12,0.41,SPY230616P00417000,417.0,0,0.0,0.0,,0.0,normalDay
2023-06-12,6332.0,85.0,0.0,0,433.8,0.0,1,1.12,0.27,SPY230616P00417000,417.0,0,0.0,0.0,,0.0,normalDay
2023-06-13,6332.0,98.0,0.0,0,436.66,0.0,1,1.12,0.14,SPY230616P00417000,417.0,0,0.0,0.0,,0.0,normalDay
2023-06-14,6332.0,105.0,0.0,0,437.18,0.0,1,1.12,0.07,SPY230616P00417000,417.0,0,0.0,0.0,,0.0,normalDay
2023-06-15,6332.0,106.0,0.0,0,442.6,0.0,1,1.12,0.06,SPY230616P00417000,417.0,0,0.0,0.0,,0.0,normalDay
2023-06-16,6444.0,0.0,112.0,0,439.46,0.0,1,1.12,0.0,SPY230616P00417000,417.0,0,0.0,0.0,,0.0,expirationDay
2023-06-20,6444.0,-3.0,0.0,0,437.18,0.0,1,0.61,0.64,SPY230630P00427000,427.0,0,0.0,0.0,,0.0,normalDay
2023-06-21,6444.0,-1.0,0.0,0,434.94,0.0,1,0.61,0.62,SPY230630P00427000,427.0,0,0.0,0.0,,0.0,normalDay
2023-06-22,6444.0,28.0,0.0,0,436.51,0.0,1,0.61,0.33,SPY230630P00427000,427.0,0,0.0,0.0,,0.0,normalDay
2023-06-23,6444.0,3.0,0.0,0,433.21,0.0,1,0.61,0.58,SPY230630P00427000,427.0,0,0.0,0.0,,0.0,normalDay
2023-06-26,6444.0,3.0,0.0,0,431.44,0.0,1,0.61,0.58,SPY230630P00427000,427.0,0,0.0,0.0,,0.0,normalDay
2023-06-27,6444.0,44.0,0.0,0,436.17,0.0,1,0.61,0.17,SPY230630P00427000,427.0,0,0.0,0.0,,0.0,normalDay
2023-06-28,6444.0,54.0,0.0,0,436.39,0.0,1,0.61,0.07,SPY230630P00427000,427.0,0,0.0,0.0,,0.0,normalDay
2023-06-29,6444.0,56.0,0.0,0,438.11,0.0,1,0.61,0.05,SPY230630P00427000,427.0,0,0.0,0.0,,0.0,normalDay
2023-06-30,6505.0,0.0,61.0,0,443.28,0.0,1,0.61,0.0,SPY230630P00427000,427.0,0,0.0,0.0,,0.0,expirationDay
2023-07-03,6505.0,-5.0,0.0,0,443.79,0.0,1,0.71,0.76,SPY230714P00435000,435.0,0,0.0,0.0,,0.0,normalDay
2023-07-05,6505.0,-3.0,0.0,0,443.13,0.0,1,0.71,0.74,SPY230714P00435000,435.0,0,0.0,0.0,,0.0,normalDay
2023-07-06,6505.0,-68.0,0.0,0,439.66,0.0,1,0.71,1.39,SPY230714P00435000,435.0,0,0.0,0.0,,0.0,normalDay
2023-07-07,6505.0,-45.0,0.0,0,438.55,0.0,1,0.71,1.16,SPY230714P00435000,435.0,0,0.0,0.0,,0.0,normalDay
2023-07-10,6505.0,-7.0,0.0,0,439.66,0.0,1,0.71,0.78,SPY230714P00435000,435.0,0,0.0,0.0,,0.0,normalDay
2023-07-11,6505.0,28.0,0.0,0,442.46,0.0,1,0.71,0.43,SPY230714P00435000,435.0,0,0.0,0.0,,0.0,normalDay
2023-07-12,6505.0,64.0,0.0,0,446.02,0.0,1,0.71,0.07,SPY230714P00435000,435.0,0,0.0,0.0,,0.0,normalDay
2023-07-13,6505.0,66.0,0.0,0,449.56,0.0,1,0.71,0.05,SPY230714P00435000,435.0,0,0.0,0.0,,0.0,normalDay
2023-07-14,6576.0,0.0,71.0,0,449.28,0.0,1,0.71,0.0,SPY230714P00435000,435.0,0,0.0,0.0,,0.0,expirationDay
2023-07-17,6576.0,-3.0,0.0,0,450.84,0.0,1,0.72,0.75,SPY230728P00440000,440.0,0,0.0,0.0,,0.0,normalDay
2023-07-18,6576.0,29.0,0.0,0,454.19,0.0,1,0.72,0.43,SPY230728P00440000,440.0,0,0.0,0.0,,0.0,normalDay
2023-07-19,6576.0,37.0,0.0,0,455.2,0.0,1,0.72,0.35,SPY230728P00440000,440.0,0,0.0,0.0,,0.0,normalDay
2023-07-20,6576.0,28.0,0.0,0,452.18,0.0,1,0.72,0.44,SPY230728P00440000,440.0,0,0.0,0.0,,0.0,normalDay
2023-07-21,6576.0,48.0,0.0,0,452.18,0.0,1,0.72,0.24,SPY230728P00440000,440.0,0,0.0,0.0,,0.0,normalDay
2023-07-24,6576.0,59.0,0.0,0,454.2,0.0,1,0.72,0.13,SPY230728P00440000,440.0,0,0.0,0.0,,0.0,normalDay
2023-07-25,6576.0,63.0,0.0,0,455.44,0.0,1,0.72,0.09,SPY230728P00440000,440.0,0,0.0,0.0,,0.0,normalDay
2023-07-26,6576.0,68.0,0.0,0,455.51,0.0,1,0.72,0.04,SPY230728P00440000,440.0,0,0.0,0.0,,0.0,normalDay
2023-07-27,6576.0,65.0,0.0,0,452.49,0.0,1,0.72,0.07,SPY230728P00440000,440.0,0,0.0,0.0,,0.0,normalDay
2023-07-28,6648.0,0.0,72.0,0,456.92,0.0,1,0.72,0.0,SPY230728P00440000,440.0,0,0.0,0.0,,0.0,expirationDay
2023-07-31,6648.0,-3.0,0.0,0,457.79,0.0,1,0.89,0.92,SPY230811P00449000,449.0,0,0.0,0.0,,0.0,normalDay
2023-08-01,6648.0,-19.0,0.0,0,456.48,0.0,1,0.89,1.08,SPY230811P00449000,449.0,0,0.0,0.0,,0.0,normalDay
2023-08-02,6648.0,-211.0,0.0,0,450.13,0.0,1,0.89,3.0,SPY230811P00449000,449.0,0,0.0,0.0,,0.0,normalDay
2023-08-03,6648.0,-198.0,0.0,0,448.84,0.0,1,0.89,2.87,SPY230811P00449000,449.0,0,0.0,0.0,,0.0,normalDay
2023-08-04,6648.0,-335.0,0.0,0,446.81,0.0,1,0.89,4.24,SPY230811P00449000,449.0,0,0.0,0.0,,0.0,normalDay
2023-08-07,6648.0,-81.0,0.0,0,450.71,0.0,1,0.89,1.7,SPY230811P00449000,449.0,0,0.0,0.0,,0.0,normalDay
2023-08-08,6648.0,-150.0,0.0,0,448.75,0.0,1,0.89,2.39,SPY230811P00449000,449.0,0,0.0,0.0,,0.0,normalDay
2023-08-09,6648.0,-294.0,0.0,0,445.75,0.0,1,0.89,3.83,SPY230811P00449000,449.0,0,0.0,0.0,,0.0,normalDay
2023-08-10,6648.0,-268.0,0.0,0,445.91,0.0,1,0.89,3.57,SPY230811P00449000,449.0,0,0.0,0.0,,0.0,normalDay
2023-08-11,6737.0,-335.0,89.0,100,445.65,449.0,1,0.89,0.0,SPY230811P00449000,449.0,0,0.0,0.0,,0.0,expirationDay
2023-08-14,6737.0,-92.0,0.0,100,448.11,449.0,0,0.0,0.0,,0.0,1,1.92,1.95,SPY230823C00452000,452.0,normalDay
2023-08-15,6737.0,-485.0,0.0,100,442.89,449.0,0,0.0,0.0,,0.0,1,1.92,0.66,SPY230823C00452000,452.0,normalDay
2023-08-16,6737.0,-766.0,0.0,100,439.64,449.0,0,0.0,0.0,,0.0,1,1.92,0.22,SPY230823C00452000,452.0,normalDay
2023-08-17,6737.0,-1085.0,0.0,100,436.29,449.0,0,0.0,0.0,,0.0,1,1.92,0.06,SPY230823C00452000,452.0,normalDay
2023-08-18,6737.0,-1061.0,0.0,100,436.5,449.0,0,0.0,0.0,,0.0,1,1.92,0.03,SPY230823C00452000,452.0,normalDay
2023-08-21,6737.0,-776.0,0.0,100,439.34,449.0,0,0.0,0.0,,0.0,1,1.92,0.02,SPY230823C00452000,452.0,normalDay
2023-08-22,6737.0,-894.0,0.0,100,438.15,449.0,0,0.0,0.0,,0.0,1,1.92,0.01,SPY230823C00452000,452.0,normalDay
2023-08-23,6929.0,-597.0,192.0,100,443.03,449.0,0,0.0,0.0,,0.0,1,1.92,0.0,SPY230823C00452000,452.0,expirationDay
2023-08-24,6929.0,-1214.0,0.0,100,436.89,449.0,0,0.0,0.0,,0.0,1,0.75,0.78,SPY230901C00446000,446.0,normalDay
2023-08-25,6929.0,-926.0,0.0,100,439.97,449.0,0,0.0,0.0,,0.0,1,0.75,0.98,SPY230901C00446000,446.0,normalDay
2023-08-28,6929.0,-688.0,0.0,100,442.76,449.0,0,0.0,0.0,,0.0,1,0.75,1.39,SPY230901C00446000,446.0,normalDay
2023-08-29,6929.0,-370.0,0.0,100,449.16,449.0,0,0.0,0.0,,0.0,1,0.75,4.61,SPY230901C00446000,446.0,normalDay
2023-08-30,6929.0,-296.0,0.0,100,451.01,449.0,0,0.0,0.0,,0.0,1,0.75,5.72,SPY230901C00446000,446.0,normalDay
2023-08-31,6929.0,-296.0,0.0,100,450.35,449.0,0,0.0,0.0,,0.0,1,0.75,5.06,SPY230901C00446000,446.0,normalDay
2023-09-01,6704.0,-296.0,-225.0,0,451.19,0.0,0,0.0,0.0,,0.0,1,0.75,0.0,SPY230901C00446000,446.0,expirationDay
2023-09-05,6704.0,-3.0,0.0,0,449.24,0.0,1,1.82,1.85,SPY230915P00444000,444.0,0,0.0,0.0,,0.0,normalDay
2023-09-06,6704.0,-97.0,0.0,0,446.22,0.0,1,1.82,2.79,SPY230915P00444000,444.0,0,0.0,0.0,,0.0,normalDay
2023-09-07,6704.0,-141.0,0.0,0,444.85,0.0,1,1.82,3.23,SPY230915P00444000,444.0,0,0.0,0.0,,0.0,normalDay
2023-09-08,6704.0,-48.0,0.0,0,445.52,0.0,1,1.82,2.3,SPY230915P00444000,444.0,0,0.0,0.0,,0.0,normalDay
2023-09-11,6704.0,70.0,0.0,0,448.45,0.0,1,1.82,1.12,SPY230915P00444000,444.0,0,0.0,0.0,,0.0,normalDay
2023-09-12,6704.0,-4.0,0.0,0,445.99,0.0,1,1.82,1.86,SPY230915P00444000,444.0,0,0.0,0.0,,0.0,normalDay
2023-09-13,6704.0,78.0,0.0,0,446.51,0.0,1,1.82,1.04,SPY230915P00444000,444.0,0,0.0,0.0,,0.0,normalDay
2023-09-14,6704.0,173.0,0.0,0,450.36,0.0,1,1.82,0.09,SPY230915P00444000,444.0,0,0.0,0.0,,0.0,normalDay
2023-09-15,6886.0,-63.0,182.0,100,443.37,444.0,1,1.82,0.0,SPY230915P00444000,444.0,0,0.0,0.0,,0.0,expirationDay
2023-09-18,6886.0,-41.0,0.0,100,443.63,444.0,0,0.0,0.0,,0.0,1,2.8,2.84,SPY230927C00445000,445.0,normalDay
2023-09-19,6886.0,-80.0,0.0,100,442.71,444.0,0,0.0,0.0,,0.0,1,2.8,2.31,SPY230927C00445000,445.0,normalDay
2023-09-20,6886.0,-329.0,0.0,100,438.64,444.0,0,0.0,0.0,,0.0,1,2.8,0.73,SPY230927C00445000,445.0,normalDay
2023-09-21,6886.0,-989.0,0.0,100,431.39,444.0,0,0.0,0.0,,0.0,1,2.8,0.08,SPY230927C00445000,445.0,normalDay
2023-09-22,6886.0,-1080.0,0.0,100,430.42,444.0,0,0.0,0.0,,0.0,1,2.8,0.02,SPY230927C00445000,445.0,normalDay
2023-09-25,6886.0,-898.0,0.0,100,432.23,444.0,0,0.0,0.0,,0.0,1,2.8,0.01,SPY230927C00445000,445.0,normalDay
2023-09-26,6886.0,-1533.0,0.0,100,425.88,444.0,0,0.0,0.0,,0.0,1,2.8,0.01,SPY230927C00445000,445.0,normalDay
2023-09-27,7166.0,-1795.0,280.0,100,426.05,444.0,0,0.0,0.0,,0.0,1,2.8,0.0,SPY230927C00445000,445.0,expirationDay
2023-09-28,7166.0,-1551.0,0.0,100,428.52,444.0,0,0.0,0.0,,0.0,1,0.32,0.35,SPY231006C00441000,441.0,normalDay
2023-09-29,7166.0,-1636.0,0.0,100,427.48,444.0,0,0.0,0.0,,0.0,1,0.32,0.16,SPY231006C00441000,441.0,normalDay
2023-10-02,7166.0,-1644.0,0.0,100,427.31,444.0,0,0.0,0.0,,0.0,1,0.32,0.07,SPY231006C00441000,441.0,normalDay
2023-10-03,7166.0,-2211.0,0.0,100,421.59,444.0,0,0.0,0.0,,0.0,1,0.32,0.02,SPY231006C00441000,441.0,normalDay
2023-10-04,7166.0,-1904.0,0.0,100,424.66,444.0,0,0.0,0.0,,0.0,1,0.32,0.02,SPY231006C00441000,441.0,normalDay
2023-10-05,7166.0,-1919.0,0.0,100,424.5,444.0,0,0.0,0.0,,0.0,1,0.32,0.01,SPY231006C00441000,441.0,normalDay
2023-10-06,7198.0,-1446.0,32.0,100,429.54,444.0,0,0.0,0.0,,0.0,1,0.32,0.0,SPY231006C00441000,441.0,expirationDay
2023-10-09,7198.0,-1175.0,0.0,100,432.29,444.0,0,0.0,0.0,,0.0,1,4.76,4.8,SPY231018C00432000,432.0,normalDay
2023-10-10,7198.0,-1029.0,0.0,100,434.54,444.0,0,0.0,0.0,,0.0,1,4.76,5.59,SPY231018C00432000,432.0,normalDay
2023-10-11,7198.0,-974.0,0.0,100,436.32,444.0,0,0.0,0.0,,0.0,1,4.76,6.82,SPY231018C00432000,432.0,normalDay
2023-10-12,7198.0,-985.0,0.0,100,433.66,444.0,0,0.0,0.0,,0.0,1,4.76,4.27,SPY231018C00432000,432.0,normalDay
2023-10-13,7198.0,-1040.0,0.0,100,431.5,444.0,0,0.0,0.0,,0.0,1,4.76,2.66,SPY231018C00432000,432.0,normalDay
2023-10-16,7198.0,-817.0,0.0,100,436.04,444.0,0,0.0,0.0,,0.0,1,4.76,4.97,SPY231018C00432000,432.0,normalDay
2023-10-17,7198.0,-743.0,0.0,100,436.02,444.0,0,0.0,0.0,,0.0,1,4.76,4.21,SPY231018C00432000,432.0,normalDay
2023-10-18,7674.0,-1379.0,476.0,100,430.21,444.0,0,0.0,0.0,,0.0,1,4.76,0.0,SPY231018C00432000,432.0,expirationDay
2023-10-19,7674.0,-1760.0,0.0,100,426.43,444.0,0,0.0,0.0,,0.0,1,2.99,3.02,SPY231027C00430000,430.0,normalDay
2023-10-20,7674.0,-2089.0,0.0,100,421.19,444.0,0,0.0,0.0,,0.0,1,2.99,1.07,SPY231027C00430000,430.0,normalDay
2023-10-23,7674.0,-2115.0,0.0,100,420.46,444.0,0,0.0,0.0,,0.0,1,2.99,0.6,SPY231027C00430000,430.0,normalDay
2023-10-24,7674.0,-1807.0,0.0,100,423.63,444.0,0,0.0,0.0,,0.0,1,2.99,0.69,SPY231027C00430000,430.0,normalDay
2023-10-25,7674.0,-2351.0,0.0,100,417.55,444.0,0,0.0,0.0,,0.0,1,2.99,0.05,SPY231027C00430000,430.0,normalDay
2023-10-26,7674.0,-2848.0,0.0,100,412.55,444.0,0,0.0,0.0,,0.0,1,2.99,0.02,SPY231027C00430000,430.0,normalDay
2023-10-27,7973.0,-3332.0,299.0,100,410.68,444.0,0,0.0,0.0,,0.0,1,2.99,0.0,SPY231027C00430000,430.0,expirationDay
2023-10-30,7973.0,-2844.0,0.0,100,415.59,444.0,0,0.0,0.0,,0.0,1,1.03,1.06,SPY231108C00426000,426.0,normalDay
2023-10-31,7973.0,-2597.0,0.0,100,418.2,444.0,0,0.0,0.0,,0.0,1,1.03,1.2,SPY231108C00426000,426.0,normalDay
2023-11-01,7973.0,-2245.0,0.0,100,422.66,444.0,0,0.0,0.0,,0.0,1,1.03,2.14,SPY231108C00426000,426.0,normalDay
2023-11-02,7973.0,-1820.0,0.0,100,430.76,444.0,0,0.0,0.0,,0.0,1,1.03,5.99,SPY231108C00426000,426.0,normalDay
2023-11-03,7973.0,-1781.0,0.0,100,434.69,444.0,0,0.0,0.0,,0.0,1,1.03,9.53,SPY231108C00426000,426.0,normalDay
2023-11-06,7973.0,-1694.0,0.0,100,435.69,444.0,0,0.0,0.0,,0.0,1,1.03,9.66,SPY231108C00426000,426.0,normalDay
2023-11-07,7973.0,-1708.0,0.0,100,436.93,444.0,0,0.0,0.0,,0.0,1,1.03,11.04,SPY231108C00426000,426.0,normalDay
2023-11-08,6276.0,-1708.0,-1697.0,0,437.25,0.0,0,0.0,0.0,,0.0,1,1.03,0.0,SPY231108C00426000,426.0,expirationDay
2023-11-09,6276.0,-3.0,0.0,0,433.84,0.0,1,1.36,1.39,SPY231120P00427000,427.0,0,0.0,0.0,,0.0,normalDay
2023-11-10,6276.0,101.0,0.0,0,440.61,0.0,1,1.36,0.35,SPY231120P00427000,427.0,0,0.0,0.0,,0.0,normalDay
2023-11-13,6276.0,109.0,0.0,0,440.19,0.0,1,1.36,0.27,SPY231120P00427000,427.0,0,0.0,0.0,,0.0,normalDay
2023-11-14,6276.0,126.0,0.0,0,448.73,0.0,1,1.36,0.1,SPY231120P00427000,427.0,0,0.0,0.0,,0.0,normalDay
2023-11-15,6276.0,130.0,0.0,0,449.68,0.0,1,1.36,0.06,SPY231120P00427000,427.0,0,0.0,0.0,,0.0,normalDay
2023-11-16,6276.0,132.0,0.0,0,450.23,0.0,1,1.36,0.04,SPY231120P00427000,427.0,0,0.0,0.0,,0.0,normalDay
2023-11-17,6276.0,134.0,0.0,0,450.79,0.0,1,1.36,0.02,SPY231120P00427000,427.0,0,0.0,0.0,,0.0,normalDay
2023-11-20,6412.0,0.0,136.0,0,454.26,0.0,1,1.36,0.0,SPY231120P00427000,427.0,0,0.0,0.0,,0.0,expirationDay
2023-11-21,6412.0,-3.0,0.0,0,453.27,0.0,1,0.16,0.19,SPY231201P00435000,435.0,0,0.0,0.0,,0.0,normalDay
2023-11-22,6412.0,5.0,0.0,0,455.02,0.0,1,0.16,0.11,SPY231201P00435000,435.0,0,0.0,0.0,,0.0,normalDay
2023-11-24,6412.0,10.0,0.0,0,455.3,0.0,1,0.16,0.06,SPY231201P00435000,435.0,0,0.0,0.0,,0.0,normalDay
2023-11-27,6412.0,12.0,0.0,0,454.48,0.0,1,0.16,0.04,SPY231201P00435000,435.0,0,0.0,0.0,,0.0,normalDay
2023-11-28,6412.0,12.0,0.0,0,454.93,0.0,1,0.16,0.04,SPY231201P00435000,435.0,0,0.0,0.0,,0.0,normalDay
2023-11-29,6412.0,13.0,0.0,0,454.61,0.0,1,0.16,0.03,SPY231201P00435000,435.0,0,0.0,0.0,,0.0,normalDay
2023-11-30,6412.0,14.0,0.0,0,456.4,0.0,1,0.16,0.02,SPY231201P00435000,435.0,0,0.0,0.0,,0.0,normalDay
