date,totalCapital,unrializedPnL,rializedPnL,stocksOwned,stocksPriceToday,stocksPriceBoughtAt,putOwned,putOwnedSoldAt,putPriceToday,putOwnedContract,putOwnedStrike,callOwned,callOwnedSoldAt,callPriceToday,callOwnedContract,callOwnedStrike,trackType
2018-11-01,0.0,-6.0,0.0,0,273.51,0.0,1,1.95,2.01,SPY181203P00261000,261.0,0,0.0,0.0,,0.0,normalDay
2018-11-02,0.0,-21.0,0.0,0,271.89,0.0,1,1.95,2.16,SPY181203P00261000,261.0,0,0.0,0.0,,0.0,normalDay
2018-11-05,0.0,20.0,0.0,0,273.39,0.0,1,1.95,1.75,SPY181203P00261000,261.0,0,0.0,0.0,,0.0,normalDay
2018-11-06,0.0,45.0,0.0,0,275.12,0.0,1,1.95,1.5,SPY181203P00261000,261.0,0,0.0,0.0,,0.0,normalDay
2018-11-07,0.0,138.0,0.0,0,281.01,0.0,1,1.95,0.57,SPY181203P00261000,261.0,0,0.0,0.0,,0.0,normalDay
2018-11-08,0.0,135.0,0.0,0,280.5,0.0,1,1.95,0.6,SPY181203P00261000,261.0,0,0.0,0.0,,0.0,normalDay
2018-11-09,0.0,115.0,0.0,0,277.76,0.0,1,1.95,0.8,SPY181203P00261000,261.0,0,0.0,0.0,,0.0,normalDay
2018-11-12,0.0,39.0,0.0,0,272.57,0.0,1,1.95,1.56,SPY181203P00261000,261.0,0,0.0,0.0,,0.0,normalDay
2018-11-13,0.0,42.0,0.0,0,272.06,0.0,1,1.95,1.53,SPY181203P00261000,261.0,0,0.0,0.0,,0.0,normalDay
2018-11-14,0.0,-3.0,0.0,0,270.2,0.0,1,1.95,1.98,SPY181203P00261000,261.0,0,0.0,0.0,,0.0,normalDay
2018-11-15,0.0,77.0,0.0,0,273.02,0.0,1,1.95,1.18,SPY181203P00261000,261.0,0,0.0,0.0,,0.0,normalDay
2018-11-16,0.0,117.0,0.0,0,273.73,0.0,1,1.95,0.78,SPY181203P00261000,261.0,0,0.0,0.0,,0.0,normalDay
2018-11-19,0.0,54.0,0.0,0,269.1,0.0,1,1.95,1.41,SPY181203P00261000,261.0,0,0.0,0.0,,0.0,normalDay
2018-11-20,0.0,-98.0,0.0,0,264.12,0.0,1,1.95,2.93,SPY181203P00261000,261.0,0,0.0,0.0,,0.0,normalDay
2018-11-21,0.0,-4.0,0.0,0,265.02,0.0,1,1.95,1.99,SPY181203P00261000,261.0,0,0.0,0.0,,0.0,normalDay
2018-11-23,0.0,-56.0,0.0,0,263.25,0.0,1,1.95,2.51,SPY181203P00261000,261.0,0,0.0,0.0,,0.0,normalDay
2018-11-26,0.0,125.0,0.0,0,267.5,0.0,1,1.95,0.7,SPY181203P00261000,261.0,0,0.0,0.0,,0.0,normalDay
2018-11-27,0.0,134.0,0.0,0,268.4,0.0,1,1.95,0.61,SPY181203P00261000,261.0,0,0.0,0.0,,0.0,normalDay
2018-11-28,0.0,179.0,0.0,0,274.58,0.0,1,1.95,0.16,SPY181203P00261000,261.0,0,0.0,0.0,,0.0,normalDay
2018-11-29,0.0,179.0,0.0,0,273.98,0.0,1,1.95,0.16,SPY181203P00261000,261.0,0,0.0,0.0,,0.0,normalDay
2018-11-30,0.0,187.0,0.0,0,275.65,0.0,1,1.95,0.08,SPY181203P00261000,261.0,0,0.0,0.0,,0.0,normalDay
2018-12-03,195.0,0.0,195.0,0,279.3,0.0,1,1.95,0.0,SPY181203P00261000,261.0,0,0.0,0.0,,0.0,expirationDay
2018-12-04,195.0,-10.0,0.0,0,270.25,0.0,1,3.13,3.23,SPY190104P00262000,262.0,0,0.0,0.0,,0.0,normalDay
2018-12-06,195.0,-15.0,0.0,0,269.84,0.0,1,3.13,3.28,SPY190104P00262000,262.0,0,0.0,0.0,,0.0,normalDay
2018-12-07,195.0,-270.0,0.0,0,263.57,0.0,1,3.13,5.83,SPY190104P00262000,262.0,0,0.0,0.0,,0.0,normalDay
2018-12-10,195.0,-174.0,0.0,0,264.07,0.0,1,3.13,4.87,SPY190104P00262000,262.0,0,0.0,0.0,,0.0,normalDay
2018-12-11,195.0,-150.0,0.0,0,264.13,0.0,1,3.13,4.63,SPY190104P00262000,262.0,0,0.0,0.0,,0.0,normalDay
2018-12-12,195.0,-96.0,0.0,0,265.46,0.0,1,3.13,4.09,SPY190104P00262000,262.0,0,0.0,0.0,,0.0,normalDay
2018-12-13,195.0,-60.0,0.0,0,265.37,0.0,1,3.13,3.73,SPY190104P00262000,262.0,0,0.0,0.0,,0.0,normalDay
2018-12-14,195.0,-277.0,0.0,0,260.47,0.0,1,3.13,5.9,SPY190104P00262000,262.0,0,0.0,0.0,,0.0,normalDay
2018-12-17,195.0,-625.0,0.0,0,255.36,0.0,1,3.13,9.38,SPY190104P00262000,262.0,0,0.0,0.0,,0.0,normalDay
2018-12-18,195.0,-714.0,0.0,0,255.08,0.0,1,3.13,10.27,SPY190104P00262000,262.0,0,0.0,0.0,,0.0,normalDay
2018-12-19,195.0,-951.0,0.0,0,251.26,0.0,1,3.13,12.64,SPY190104P00262000,262.0,0,0.0,0.0,,0.0,normalDay
2018-12-20,195.0,-1277.0,0.0,0,247.17,0.0,1,3.13,15.9,SPY190104P00262000,262.0,0,0.0,0.0,,0.0,normalDay
2018-12-21,195.0,-1894.0,0.0,0,240.7,0.0,1,3.13,22.07,SPY190104P00262000,262.0,0,0.0,0.0,,0.0,normalDay
2018-12-24,195.0,-2655.0,0.0,0,234.34,0.0,1,3.13,29.68,SPY190104P00262000,262.0,0,0.0,0.0,,0.0,normalDay
2018-12-26,195.0,-1280.0,0.0,0,246.18,0.0,1,3.13,15.93,SPY190104P00262000,262.0,0,0.0,0.0,,0.0,normalDay
2018-12-27,195.0,-1071.0,0.0,0,248.07,0.0,1,3.13,13.84,SPY190104P00262000,262.0,0,0.0,0.0,,0.0,normalDay
2018-12-28,195.0,-1137.0,0.0,0,247.75,0.0,1,3.13,14.5,SPY190104P00262000,262.0,0,0.0,0.0,,0.0,normalDay
2018-12-31,195.0,-930.0,0.0,0,249.92,0.0,1,3.13,12.43,SPY190104P00262000,262.0,0,0.0,0.0,,0.0,normalDay
2019-01-02,195.0,-869.0,0.0,0,250.18,0.0,1,3.13,11.82,SPY190104P00262000,262.0,0,0.0,0.0,,0.0,normalDay
2019-01-03,195.0,-1494.0,0.0,0,244.21,0.0,1,3.13,18.07,SPY190104P00262000,262.0,0,0.0,0.0,,0.0,normalDay
2019-01-04,508.0,-961.0,313.0,100,252.39,262.0,1,3.13,0.0,SPY190104P00262000,262.0,0,0.0,0.0,,0.0,expirationDay
2019-01-07,508.0,-762.0,0.0,100,254.38,262.0,0,0.0,0.0,,0.0,0,0.0,0.0,,0.0,bidTooLow
2019-01-08,508.0,-523.0,0.0,100,256.77,262.0,0,0.0,0.0,,0.0,0,0.0,0.0,,0.0,bidTooLow
2019-01-09,508.0,-406.0,0.0,100,257.97,262.0,0,0.0,0.0,,0.0,1,0.05,0.08,SPY190128C00275000,275.0,normalDay
2019-01-10,508.0,-315.0,0.0,100,258.88,262.0,0,0.0,0.0,,0.0,1,0.05,0.08,SPY190128C00275000,275.0,normalDay
2019-01-11,508.0,-302.0,0.0,100,258.98,262.0,0,0.0,0.0,,0.0,1,0.05,0.05,SPY190128C00275000,275.0,normalDay
2019-01-14,508.0,-459.0,0.0,100,257.4,262.0,0,0.0,0.0,,0.0,1,0.05,0.04,SPY190128C00275000,275.0,normalDay
2019-01-15,508.0,-165.0,0.0,100,260.35,262.0,0,0.0,0.0,,0.0,1,0.05,0.05,SPY190128C00275000,275.0,normalDay
2019-01-16,508.0,-103.0,0.0,100,260.98,262.0,0,0.0,0.0,,0.0,1,0.05,0.06,SPY190128C00275000,275.0,normalDay
2019-01-17,508.0,94.0,0.0,100,262.96,262.0,0,0.0,0.0,,0.0,1,0.05,0.07,SPY190128C00275000,275.0,normalDay
2019-01-18,508.0,434.0,0.0,100,266.46,262.0,0,0.0,0.0,,0.0,1,0.05,0.17,SPY190128C00275000,275.0,normalDay
2019-01-22,508.0,88.0,0.0,100,262.86,262.0,0,0.0,0.0,,0.0,1,0.05,0.03,SPY190128C00275000,275.0,normalDay
2019-01-23,508.0,145.0,0.0,100,263.41,262.0,0,0.0,0.0,,0.0,1,0.05,0.01,SPY190128C00275000,275.0,normalDay
2019-01-24,508.0,159.0,0.0,100,263.55,262.0,0,0.0,0.0,,0.0,1,0.05,0.01,SPY190128C00275000,275.0,normalDay
2019-01-25,508.0,382.0,0.0,100,265.78,262.0,0,0.0,0.0,,0.0,1,0.05,0.01,SPY190128C00275000,275.0,normalDay
2019-01-28,513.0,176.0,5.0,100,263.76,262.0,0,0.0,0.0,,0.0,1,0.05,0.0,SPY190128C00275000,275.0,expirationDay
2019-01-29,513.0,138.0,0.0,100,263.41,262.0,0,0.0,0.0,,0.0,1,0.08,0.11,SPY190215C00279000,279.0,normalDay
2019-01-30,513.0,542.0,0.0,100,267.58,262.0,0,0.0,0.0,,0.0,1,0.08,0.24,SPY190215C00279000,279.0,normalDay
2019-01-31,513.0,761.0,0.0,100,269.93,262.0,0,0.0,0.0,,0.0,1,0.08,0.4,SPY190215C00279000,279.0,normalDay
2019-02-01,513.0,788.0,0.0,100,270.06,262.0,0,0.0,0.0,,0.0,1,0.08,0.26,SPY190215C00279000,279.0,normalDay
2019-02-04,513.0,976.0,0.0,100,271.96,262.0,0,0.0,0.0,,0.0,1,0.08,0.28,SPY190215C00279000,279.0,normalDay
2019-02-05,513.0,1084.0,0.0,100,273.1,262.0,0,0.0,0.0,,0.0,1,0.08,0.34,SPY190215C00279000,279.0,normalDay
2019-02-06,513.0,1061.0,0.0,100,272.74,262.0,0,0.0,0.0,,0.0,1,0.08,0.21,SPY190215C00279000,279.0,normalDay
2019-02-07,513.0,817.0,0.0,100,270.14,262.0,0,0.0,0.0,,0.0,1,0.08,0.05,SPY190215C00279000,279.0,normalDay
2019-02-08,513.0,853.0,0.0,100,270.47,262.0,0,0.0,0.0,,0.0,1,0.08,0.02,SPY190215C00279000,279.0,normalDay
2019-02-11,513.0,867.0,0.0,100,270.62,262.0,0,0.0,0.0,,0.0,1,0.08,0.03,SPY190215C00279000,279.0,normalDay
2019-02-12,513.0,1209.0,0.0,100,274.1,262.0,0,0.0,0.0,,0.0,1,0.08,0.09,SPY190215C00279000,279.0,normalDay
2019-02-13,513.0,1298.0,0.0,100,274.99,262.0,0,0.0,0.0,,0.0,1,0.08,0.09,SPY190215C00279000,279.0,normalDay
2019-02-14,513.0,1244.0,0.0,100,274.38,262.0,0,0.0,0.0,,0.0,1,0.08,0.02,SPY190215C00279000,279.0,normalDay
2019-02-15,521.0,1537.0,8.0,100,277.37,262.0,0,0.0,0.0,,0.0,1,0.08,0.0,SPY190215C00279000,279.0,expirationDay
2019-02-19,521.0,1582.0,0.0,100,277.85,262.0,0,0.0,0.0,,0.0,1,0.25,0.28,SPY190308C00286000,286.0,normalDay
2019-02-20,521.0,1638.0,0.0,100,278.41,262.0,0,0.0,0.0,,0.0,1,0.25,0.28,SPY190308C00286000,286.0,normalDay
2019-02-21,521.0,1549.0,0.0,100,277.42,262.0,0,0.0,0.0,,0.0,1,0.25,0.18,SPY190308C00286000,286.0,normalDay
2019-02-22,521.0,1716.0,0.0,100,279.14,262.0,0,0.0,0.0,,0.0,1,0.25,0.23,SPY190308C00286000,286.0,normalDay
2019-02-25,521.0,1750.0,0.0,100,279.52,262.0,0,0.0,0.0,,0.0,1,0.25,0.27,SPY190308C00286000,286.0,normalDay
2019-02-26,521.0,1738.0,0.0,100,279.32,262.0,0,0.0,0.0,,0.0,1,0.25,0.19,SPY190308C00286000,286.0,normalDay
2019-02-27,521.0,1733.0,0.0,100,279.2,262.0,0,0.0,0.0,,0.0,1,0.25,0.12,SPY190308C00286000,286.0,normalDay
2019-02-28,521.0,1688.0,0.0,100,278.68,262.0,0,0.0,0.0,,0.0,1,0.25,0.05,SPY190308C00286000,286.0,normalDay
2019-03-01,521.0,1861.0,0.0,100,280.42,262.0,0,0.0,0.0,,0.0,1,0.25,0.06,SPY190308C00286000,286.0,normalDay
2019-03-04,521.0,1762.0,0.0,100,279.4,262.0,0,0.0,0.0,,0.0,1,0.25,0.03,SPY190308C00286000,286.0,normalDay
2019-03-05,521.0,1726.0,0.0,100,279.02,262.0,0,0.0,0.0,,0.0,1,0.25,0.01,SPY190308C00286000,286.0,normalDay
2019-03-06,521.0,1557.0,0.0,100,277.33,262.0,0,0.0,0.0,,0.0,1,0.25,0.01,SPY190308C00286000,286.0,normalDay
2019-03-07,521.0,1325.0,0.0,100,275.01,262.0,0,0.0,0.0,,0.0,1,0.25,0.01,SPY190308C00286000,286.0,normalDay
2019-03-08,546.0,1246.0,25.0,100,274.46,262.0,0,0.0,0.0,,0.0,1,0.25,0.0,SPY190308C00286000,286.0,expirationDay
2019-03-11,546.0,1641.0,0.0,100,278.44,262.0,0,0.0,0.0,,0.0,1,0.18,0.21,SPY190329C00286000,286.0,normalDay
2019-03-12,546.0,1744.0,0.0,100,279.49,262.0,0,0.0,0.0,,0.0,1,0.18,0.23,SPY190329C00286000,286.0,normalDay
2019-03-13,546.0,1899.0,0.0,100,281.34,262.0,0,0.0,0.0,,0.0,1,0.18,0.53,SPY190329C00286000,286.0,normalDay
2019-03-14,546.0,1894.0,0.0,100,281.16,262.0,0,0.0,0.0,,0.0,1,0.18,0.4,SPY190329C00286000,286.0,normalDay
2019-03-15,546.0,1895.0,0.0,100,281.31,262.0,0,0.0,0.0,,0.0,1,0.18,0.54,SPY190329C00286000,286.0,normalDay
2019-03-18,546.0,1971.0,0.0,100,282.33,262.0,0,0.0,0.0,,0.0,1,0.18,0.8,SPY190329C00286000,286.0,normalDay
2019-03-19,546.0,1984.0,0.0,100,282.4,262.0,0,0.0,0.0,,0.0,1,0.18,0.74,SPY190329C00286000,286.0,normalDay
2019-03-20,546.0,1927.0,0.0,100,281.55,262.0,0,0.0,0.0,,0.0,1,0.18,0.46,SPY190329C00286000,286.0,normalDay
2019-03-21,546.0,2154.0,0.0,100,284.73,262.0,0,0.0,0.0,,0.0,1,0.18,1.37,SPY190329C00286000,286.0,normalDay
2019-03-22,546.0,1710.0,0.0,100,279.25,262.0,0,0.0,0.0,,0.0,1,0.18,0.33,SPY190329C00286000,286.0,normalDay
2019-03-25,546.0,1712.0,0.0,100,279.04,262.0,0,0.0,0.0,,0.0,1,0.18,0.1,SPY190329C00286000,286.0,normalDay
2019-03-26,546.0,1920.0,0.0,100,281.12,262.0,0,0.0,0.0,,0.0,1,0.18,0.1,SPY190329C00286000,286.0,normalDay
2019-03-27,546.0,1780.0,0.0,100,279.65,262.0,0,0.0,0.0,,0.0,1,0.18,0.03,SPY190329C00286000,286.0,normalDay
2019-03-28,546.0,1887.0,0.0,100,280.71,262.0,0,0.0,0.0,,0.0,1,0.18,0.02,SPY190329C00286000,286.0,normalDay
2019-03-29,564.0,2048.0,18.0,100,282.48,262.0,0,0.0,0.0,,0.0,1,0.18,0.0,SPY190329C00286000,286.0,expirationDay
2019-04-01,564.0,2380.0,0.0,100,285.83,262.0,0,0.0,0.0,,0.0,1,0.88,0.91,SPY190418C00290000,290.0,normalDay
2019-04-02,564.0,2404.0,0.0,100,285.97,262.0,0,0.0,0.0,,0.0,1,0.88,0.81,SPY190418C00290000,290.0,normalDay
2019-04-03,564.0,2420.0,0.0,100,286.42,262.0,0,0.0,0.0,,0.0,1,0.88,1.1,SPY190418C00290000,290.0,normalDay
2019-04-04,564.0,2489.0,0.0,100,287.18,262.0,0,0.0,0.0,,0.0,1,0.88,1.17,SPY190418C00290000,290.0,normalDay
2019-04-05,564.0,2606.0,0.0,100,288.57,262.0,0,0.0,0.0,,0.0,1,0.88,1.39,SPY190418C00290000,290.0,normalDay
2019-04-08,564.0,2635.0,0.0,100,288.79,262.0,0,0.0,0.0,,0.0,1,0.88,1.32,SPY190418C00290000,290.0,normalDay
2019-04-09,564.0,2546.0,0.0,100,287.31,262.0,0,0.0,0.0,,0.0,1,0.88,0.73,SPY190418C00290000,290.0,normalDay
2019-04-10,564.0,2626.0,0.0,100,288.29,262.0,0,0.0,0.0,,0.0,1,0.88,0.91,SPY190418C00290000,290.0,normalDay
2019-04-11,564.0,2643.0,0.0,100,288.21,262.0,0,0.0,0.0,,0.0,1,0.88,0.66,SPY190418C00290000,290.0,normalDay
2019-04-12,564.0,2764.0,0.0,100,290.16,262.0,0,0.0,0.0,,0.0,1,0.88,1.4,SPY190418C00290000,290.0,normalDay
2019-04-15,564.0,2778.0,0.0,100,289.97,262.0,0,0.0,0.0,,0.0,1,0.88,1.07,SPY190418C00290000,290.0,normalDay
2019-04-16,564.0,2812.0,0.0,100,290.16,262.0,0,0.0,0.0,,0.0,1,0.88,0.92,SPY190418C00290000,290.0,normalDay
2019-04-17,564.0,2802.0,0.0,100,289.45,262.0,0,0.0,0.0,,0.0,1,0.88,0.31,SPY190418C00290000,290.0,normalDay
2019-04-18,3452.0,2802.0,2888.0,0,290.02,0.0,0,0.0,0.0,,0.0,1,0.88,0.0,SPY190418C00290000,290.0,expirationDay
2019-04-22,3452.0,-3.0,0.0,0,290.27,0.0,1,1.0,1.03,SPY190524P00279000,279.0,0,0.0,0.0,,0.0,normalDay
2019-04-23,3452.0,19.0,0.0,0,292.88,0.0,1,1.0,0.81,SPY190524P00279000,279.0,0,0.0,0.0,,0.0,normalDay
2019-04-24,3452.0,8.0,0.0,0,292.23,0.0,1,1.0,0.92,SPY190524P00279000,279.0,0,0.0,0.0,,0.0,normalDay
2019-04-25,3452.0,6.0,0.0,0,292.05,0.0,1,1.0,0.94,SPY190524P00279000,279.0,0,0.0,0.0,,0.0,normalDay
2019-04-26,3452.0,25.0,0.0,0,293.41,0.0,1,1.0,0.75,SPY190524P00279000,279.0,0,0.0,0.0,,0.0,normalDay
2019-04-29,3452.0,32.0,0.0,0,293.87,0.0,1,1.0,0.68,SPY190524P00279000,279.0,0,0.0,0.0,,0.0,normalDay
2019-04-30,3452.0,35.0,0.0,0,294.02,0.0,1,1.0,0.65,SPY190524P00279000,279.0,0,0.0,0.0,,0.0,normalDay
2019-05-01,3452.0,4.0,0.0,0,291.81,0.0,1,1.0,0.96,SPY190524P00279000,279.0,0,0.0,0.0,,0.0,normalDay
2019-05-02,3452.0,4.0,0.0,0,291.18,0.0,1,1.0,0.96,SPY190524P00279000,279.0,0,0.0,0.0,,0.0,normalDay
2019-05-03,3452.0,48.0,0.0,0,294.03,0.0,1,1.0,0.52,SPY190524P00279000,279.0,0,0.0,0.0,,0.0,normalDay
2019-05-06,3452.0,18.0,0.0,0,292.82,0.0,1,1.0,0.82,SPY190524P00279000,279.0,0,0.0,0.0,,0.0,normalDay
2019-05-07,3452.0,-107.0,0.0,0,287.93,0.0,1,1.0,2.07,SPY190524P00279000,279.0,0,0.0,0.0,,0.0,normalDay
2019-05-08,3452.0,-103.0,0.0,0,287.53,0.0,1,1.0,2.03,SPY190524P00279000,279.0,0,0.0,0.0,,0.0,normalDay
2019-05-09,3452.0,-107.0,0.0,0,286.66,0.0,1,1.0,2.07,SPY190524P00279000,279.0,0,0.0,0.0,,0.0,normalDay
2019-05-10,3452.0,-16.0,0.0,0,288.1,0.0,1,1.0,1.16,SPY190524P00279000,279.0,0,0.0,0.0,,0.0,normalDay
2019-05-13,3452.0,-240.0,0.0,0,280.86,0.0,1,1.0,3.4,SPY190524P00279000,279.0,0,0.0,0.0,,0.0,normalDay
2019-05-14,3452.0,-92.0,0.0,0,283.4,0.0,1,1.0,1.92,SPY190524P00279000,279.0,0,0.0,0.0,,0.0,normalDay
2019-05-15,3452.0,-3.0,0.0,0,285.06,0.0,1,1.0,1.03,SPY190524P00279000,279.0,0,0.0,0.0,,0.0,normalDay
2019-05-16,3452.0,50.0,0.0,0,287.7,0.0,1,1.0,0.5,SPY190524P00279000,279.0,0,0.0,0.0,,0.0,normalDay
2019-05-17,3452.0,25.0,0.0,0,285.84,0.0,1,1.0,0.75,SPY190524P00279000,279.0,0,0.0,0.0,,0.0,normalDay
2019-05-20,3452.0,36.0,0.0,0,283.95,0.0,1,1.0,0.64,SPY190524P00279000,279.0,0,0.0,0.0,,0.0,normalDay
2019-05-21,3452.0,86.0,0.0,0,286.51,0.0,1,1.0,0.14,SPY190524P00279000,279.0,0,0.0,0.0,,0.0,normalDay
2019-05-22,3452.0,92.0,0.0,0,285.63,0.0,1,1.0,0.08,SPY190524P00279000,279.0,0,0.0,0.0,,0.0,normalDay
2019-05-23,3452.0,65.0,0.0,0,282.14,0.0,1,1.0,0.35,SPY190524P00279000,279.0,0,0.0,0.0,,0.0,normalDay
2019-05-24,3552.0,0.0,100.0,0,282.78,0.0,1,1.0,0.0,SPY190524P00279000,279.0,0,0.0,0.0,,0.0,expirationDay
2019-05-28,3552.0,-6.0,0.0,0,280.15,0.0,1,4.95,5.01,SPY190628P00279000,279.0,0,0.0,0.0,,0.0,normalDay
2019-05-29,3552.0,-99.0,0.0,0,278.27,0.0,1,4.95,5.94,SPY190628P00279000,279.0,0,0.0,0.0,,0.0,normalDay
2019-05-30,3552.0,-47.0,0.0,0,279.03,0.0,1,4.95,5.42,SPY190628P00279000,279.0,0,0.0,0.0,,0.0,normalDay
2019-05-31,3552.0,-266.0,0.0,0,275.27,0.0,1,4.95,7.61,SPY190628P00279000,279.0,0,0.0,0.0,,0.0,normalDay
2019-06-03,3552.0,-272.0,0.0,0,274.57,0.0,1,4.95,7.67,SPY190628P00279000,279.0,0,0.0,0.0,,0.0,normalDay
2019-06-04,3552.0,68.0,0.0,0,280.53,0.0,1,4.95,4.27,SPY190628P00279000,279.0,0,0.0,0.0,,0.0,normalDay
2019-06-05,3552.0,193.0,0.0,0,282.96,0.0,1,4.95,3.02,SPY190628P00279000,279.0,0,0.0,0.0,,0.0,normalDay
2019-06-06,3552.0,257.0,0.0,0,284.8,0.0,1,4.95,2.38,SPY190628P00279000,279.0,0,0.0,0.0,,0.0,normalDay
2019-06-07,3552.0,318.0,0.0,0,287.65,0.0,1,4.95,1.77,SPY190628P00279000,279.0,0,0.0,0.0,,0.0,normalDay
2019-06-10,3552.0,367.0,0.0,0,288.97,0.0,1,4.95,1.28,SPY190628P00279000,279.0,0,0.0,0.0,,0.0,normalDay
2019-06-11,3552.0,369.0,0.0,0,288.9,0.0,1,4.95,1.26,SPY190628P00279000,279.0,0,0.0,0.0,,0.0,normalDay
2019-06-12,3552.0,372.0,0.0,0,288.39,0.0,1,4.95,1.23,SPY190628P00279000,279.0,0,0.0,0.0,,0.0,normalDay
2019-06-13,3552.0,397.0,0.0,0,289.58,0.0,1,4.95,0.98,SPY190628P00279000,279.0,0,0.0,0.0,,0.0,normalDay
2019-06-14,3552.0,416.0,0.0,0,289.26,0.0,1,4.95,0.79,SPY190628P00279000,279.0,0,0.0,0.0,,0.0,normalDay
2019-06-17,3552.0,428.0,0.0,0,289.37,0.0,1,4.95,0.67,SPY190628P00279000,279.0,0,0.0,0.0,,0.0,normalDay
2019-06-18,3552.0,458.0,0.0,0,292.4,0.0,1,4.95,0.37,SPY190628P00279000,279.0,0,0.0,0.0,,0.0,normalDay
2019-06-19,3552.0,474.0,0.0,0,293.06,0.0,1,4.95,0.21,SPY190628P00279000,279.0,0,0.0,0.0,,0.0,normalDay
2019-06-20,3552.0,480.0,0.0,0,295.86,0.0,1,4.95,0.15,SPY190628P00279000,279.0,0,0.0,0.0,,0.0,normalDay
2019-06-21,3552.0,484.0,0.0,0,294.0,0.0,1,4.95,0.11,SPY190628P00279000,279.0,0,0.0,0.0,,0.0,normalDay
2019-06-24,3552.0,490.0,0.0,0,293.64,0.0,1,4.95,0.05,SPY190628P00279000,279.0,0,0.0,0.0,,0.0,normalDay
2019-06-25,3552.0,489.0,0.0,0,290.76,0.0,1,4.95,0.06,SPY190628P00279000,279.0,0,0.0,0.0,,0.0,normalDay
2019-06-26,3552.0,492.0,0.0,0,290.47,0.0,1,4.95,0.03,SPY190628P00279000,279.0,0,0.0,0.0,,0.0,normalDay
2019-06-27,3552.0,494.0,0.0,0,291.5,0.0,1,4.95,0.01,SPY190628P00279000,279.0,0,0.0,0.0,,0.0,normalDay
2019-06-28,4047.0,0.0,495.0,0,293.0,0.0,1,4.95,0.0,SPY190628P00279000,279.0,0,0.0,0.0,,0.0,expirationDay
2019-07-01,4047.0,-4.0,0.0,0,295.66,0.0,1,1.16,1.2,SPY190802P00282000,282.0,0,0.0,0.0,,0.0,normalDay
2019-07-02,4047.0,25.0,0.0,0,296.43,0.0,1,1.16,0.91,SPY190802P00282000,282.0,0,0.0,0.0,,0.0,normalDay
2019-07-03,4047.0,51.0,0.0,0,298.8,0.0,1,1.16,0.65,SPY190802P00282000,282.0,0,0.0,0.0,,0.0,normalDay
2019-07-05,4047.0,45.0,0.0,0,298.46,0.0,1,1.16,0.71,SPY190802P00282000,282.0,0,0.0,0.0,,0.0,normalDay
2019-07-08,4047.0,35.0,0.0,0,296.82,0.0,1,1.16,0.81,SPY190802P00282000,282.0,0,0.0,0.0,,0.0,normalDay
2019-07-09,4047.0,36.0,0.0,0,297.19,0.0,1,1.16,0.8,SPY190802P00282000,282.0,0,0.0,0.0,,0.0,normalDay
2019-07-10,4047.0,64.0,0.0,0,298.61,0.0,1,1.16,0.52,SPY190802P00282000,282.0,0,0.0,0.0,,0.0,normalDay
2019-07-11,4047.0,68.0,0.0,0,299.31,0.0,1,1.16,0.48,SPY190802P00282000,282.0,0,0.0,0.0,,0.0,normalDay
2019-07-12,4047.0,80.0,0.0,0,300.65,0.0,1,1.16,0.36,SPY190802P00282000,282.0,0,0.0,0.0,,0.0,normalDay
2019-07-15,4047.0,81.0,0.0,0,300.75,0.0,1,1.16,0.35,SPY190802P00282000,282.0,0,0.0,0.0,,0.0,normalDay
2019-07-16,4047.0,78.0,0.0,0,299.78,0.0,1,1.16,0.38,SPY190802P00282000,282.0,0,0.0,0.0,,0.0,normalDay
2019-07-17,4047.0,65.0,0.0,0,297.74,0.0,1,1.16,0.51,SPY190802P00282000,282.0,0,0.0,0.0,,0.0,normalDay
2019-07-18,4047.0,78.0,0.0,0,298.83,0.0,1,1.16,0.38,SPY190802P00282000,282.0,0,0.0,0.0,,0.0,normalDay
2019-07-19,4047.0,73.0,0.0,0,297.17,0.0,1,1.16,0.43,SPY190802P00282000,282.0,0,0.0,0.0,,0.0,normalDay
2019-07-22,4047.0,92.0,0.0,0,297.9,0.0,1,1.16,0.24,SPY190802P00282000,282.0,0,0.0,0.0,,0.0,normalDay
2019-07-23,4047.0,103.0,0.0,0,300.03,0.0,1,1.16,0.13,SPY190802P00282000,282.0,0,0.0,0.0,,0.0,normalDay
2019-07-24,4047.0,108.0,0.0,0,301.44,0.0,1,1.16,0.08,SPY190802P00282000,282.0,0,0.0,0.0,,0.0,normalDay
2019-07-25,4047.0,109.0,0.0,0,300.0,0.0,1,1.16,0.07,SPY190802P00282000,282.0,0,0.0,0.0,,0.0,normalDay
2019-07-26,4047.0,112.0,0.0,0,302.01,0.0,1,1.16,0.04,SPY190802P00282000,282.0,0,0.0,0.0,,0.0,normalDay
2019-07-29,4047.0,113.0,0.0,0,301.46,0.0,1,1.16,0.03,SPY190802P00282000,282.0,0,0.0,0.0,,0.0,normalDay
2019-07-30,4047.0,112.0,0.0,0,300.72,0.0,1,1.16,0.04,SPY190802P00282000,282.0,0,0.0,0.0,,0.0,normalDay
2019-07-31,4047.0,103.0,0.0,0,297.43,0.0,1,1.16,0.13,SPY190802P00282000,282.0,0,0.0,0.0,,0.0,normalDay
2019-08-01,4047.0,111.0,0.0,0,294.84,0.0,1,1.16,0.05,SPY190802P00282000,282.0,0,0.0,0.0,,0.0,normalDay
2019-08-02,4163.0,0.0,116.0,0,292.62,0.0,1,1.16,0.0,SPY190802P00282000,282.0,0,0.0,0.0,,0.0,expirationDay
2019-08-05,4163.0,-23.0,0.0,0,283.82,0.0,1,9.96,10.19,SPY190906P00290000,290.0,0,0.0,0.0,,0.0,normalDay
2019-08-06,4163.0,328.0,0.0,0,287.8,0.0,1,9.96,6.68,SPY190906P00290000,290.0,0,0.0,0.0,,0.0,normalDay
2019-08-07,4163.0,355.0,0.0,0,287.97,0.0,1,9.96,6.41,SPY190906P00290000,290.0,0,0.0,0.0,,0.0,normalDay
2019-08-08,4163.0,643.0,0.0,0,293.62,0.0,1,9.96,3.53,SPY190906P00290000,290.0,0,0.0,0.0,,0.0,normalDay
2019-08-09,4163.0,565.0,0.0,0,291.62,0.0,1,9.96,4.31,SPY190906P00290000,290.0,0,0.0,0.0,,0.0,normalDay
2019-08-12,4163.0,353.0,0.0,0,288.07,0.0,1,9.96,6.43,SPY190906P00290000,290.0,0,0.0,0.0,,0.0,normalDay
2019-08-13,4163.0,625.0,0.0,0,292.55,0.0,1,9.96,3.71,SPY190906P00290000,290.0,0,0.0,0.0,,0.0,normalDay
2019-08-14,4163.0,135.0,0.0,0,283.9,0.0,1,9.96,8.61,SPY190906P00290000,290.0,0,0.0,0.0,,0.0,normalDay
2019-08-15,4163.0,210.0,0.0,0,284.65,0.0,1,9.96,7.86,SPY190906P00290000,290.0,0,0.0,0.0,,0.0,normalDay
2019-08-16,4163.0,492.0,0.0,0,288.85,0.0,1,9.96,5.04,SPY190906P00290000,290.0,0,0.0,0.0,,0.0,normalDay
2019-08-19,4163.0,696.0,0.0,0,292.33,0.0,1,9.96,3.0,SPY190906P00290000,290.0,0,0.0,0.0,,0.0,normalDay
2019-08-20,4163.0,598.0,0.0,0,290.09,0.0,1,9.96,3.98,SPY190906P00290000,290.0,0,0.0,0.0,,0.0,normalDay
2019-08-21,4163.0,751.0,0.0,0,292.45,0.0,1,9.96,2.45,SPY190906P00290000,290.0,0,0.0,0.0,,0.0,normalDay
2019-08-22,4163.0,729.0,0.0,0,292.36,0.0,1,9.96,2.67,SPY190906P00290000,290.0,0,0.0,0.0,,0.0,normalDay
2019-08-23,4163.0,350.0,0.0,0,284.85,0.0,1,9.96,6.46,SPY190906P00290000,290.0,0,0.0,0.0,,0.0,normalDay
2019-08-26,4163.0,561.0,0.0,0,288.0,0.0,1,9.96,4.35,SPY190906P00290000,290.0,0,0.0,0.0,,0.0,normalDay
2019-08-27,4163.0,481.0,0.0,0,286.87,0.0,1,9.96,5.15,SPY190906P00290000,290.0,0,0.0,0.0,,0.0,normalDay
2019-08-28,4163.0,641.0,0.0,0,288.89,0.0,1,9.96,3.55,SPY190906P00290000,290.0,0,0.0,0.0,,0.0,normalDay
2019-08-29,4163.0,818.0,0.0,0,292.58,0.0,1,9.96,1.78,SPY190906P00290000,290.0,0,0.0,0.0,,0.0,normalDay
2019-08-30,4163.0,808.0,0.0,0,292.45,0.0,1,9.96,1.88,SPY190906P00290000,290.0,0,0.0,0.0,,0.0,normalDay
2019-09-03,4163.0,811.0,0.0,0,290.74,0.0,1,9.96,1.85,SPY190906P00290000,290.0,0,0.0,0.0,,0.0,normalDay
2019-09-04,4163.0,960.0,0.0,0,294.04,0.0,1,9.96,0.36,SPY190906P00290000,290.0,0,0.0,0.0,,0.0,normalDay
2019-09-05,4163.0,992.0,0.0,0,297.82,0.0,1,9.96,0.04,SPY190906P00290000,290.0,0,0.0,0.0,,0.0,normalDay
2019-09-06,5159.0,0.0,996.0,0,298.05,0.0,1,9.96,0.0,SPY190906P00290000,290.0,0,0.0,0.0,,0.0,expirationDay
2019-09-09,5159.0,-4.0,0.0,0,298.2,0.0,1,1.48,1.52,SPY191011P00282500,282.5,0,0.0,0.0,,0.0,normalDay
2019-09-10,5159.0,2.0,0.0,0,298.13,0.0,1,1.48,1.46,SPY191011P00282500,282.5,0,0.0,0.0,,0.0,normalDay
2019-09-11,5159.0,39.0,0.0,0,300.25,0.0,1,1.48,1.09,SPY191011P00282500,282.5,0,0.0,0.0,,0.0,normalDay
2019-09-12,5159.0,59.0,0.0,0,301.29,0.0,1,1.48,0.89,SPY191011P00282500,282.5,0,0.0,0.0,,0.0,normalDay
2019-09-13,5159.0,69.0,0.0,0,301.09,0.0,1,1.48,0.79,SPY191011P00282500,282.5,0,0.0,0.0,,0.0,normalDay
2019-09-16,5159.0,64.0,0.0,0,300.16,0.0,1,1.48,0.84,SPY191011P00282500,282.5,0,0.0,0.0,,0.0,normalDay
2019-09-17,5159.0,75.0,0.0,0,300.92,0.0,1,1.48,0.73,SPY191011P00282500,282.5,0,0.0,0.0,,0.0,normalDay
2019-09-18,5159.0,87.0,0.0,0,301.1,0.0,1,1.48,0.61,SPY191011P00282500,282.5,0,0.0,0.0,,0.0,normalDay
2019-09-19,5159.0,88.0,0.0,0,301.08,0.0,1,1.48,0.6,SPY191011P00282500,282.5,0,0.0,0.0,,0.0,normalDay
2019-09-20,5159.0,68.0,0.0,0,298.28,0.0,1,1.48,0.8,SPY191011P00282500,282.5,0,0.0,0.0,,0.0,normalDay
2019-09-23,5159.0,88.0,0.0,0,298.21,0.0,1,1.48,0.6,SPY191011P00282500,282.5,0,0.0,0.0,,0.0,normalDay
2019-09-24,5159.0,49.0,0.0,0,295.87,0.0,1,1.48,0.99,SPY191011P00282500,282.5,0,0.0,0.0,,0.0,normalDay
2019-09-25,5159.0,81.0,0.0,0,297.62,0.0,1,1.48,0.67,SPY191011P00282500,282.5,0,0.0,0.0,,0.0,normalDay
2019-09-26,5159.0,88.0,0.0,0,297.0,0.0,1,1.48,0.6,SPY191011P00282500,282.5,0,0.0,0.0,,0.0,normalDay
2019-09-27,5159.0,68.0,0.0,0,295.4,0.0,1,1.48,0.8,SPY191011P00282500,282.5,0,0.0,0.0,,0.0,normalDay
2019-09-30,5159.0,106.0,0.0,0,296.77,0.0,1,1.48,0.42,SPY191011P00282500,282.5,0,0.0,0.0,,0.0,normalDay
2019-10-01,5159.0,60.0,0.0,0,293.24,0.0,1,1.48,0.88,SPY191011P00282500,282.5,0,0.0,0.0,,0.0,normalDay
2019-10-02,5159.0,-56.0,0.0,0,288.06,0.0,1,1.48,2.04,SPY191011P00282500,282.5,0,0.0,0.0,,0.0,normalDay
2019-10-03,5159.0,40.0,0.0,0,290.42,0.0,1,1.48,1.08,SPY191011P00282500,282.5,0,0.0,0.0,,0.0,normalDay
2019-10-04,5159.0,120.0,0.0,0,294.35,0.0,1,1.48,0.28,SPY191011P00282500,282.5,0,0.0,0.0,,0.0,normalDay
2019-10-07,5159.0,126.0,0.0,0,293.08,0.0,1,1.48,0.22,SPY191011P00282500,282.5,0,0.0,0.0,,0.0,normalDay
2019-10-08,5159.0,83.0,0.0,0,288.53,0.0,1,1.48,0.65,SPY191011P00282500,282.5,0,0.0,0.0,,0.0,normalDay
2019-10-09,5159.0,133.0,0.0,0,291.27,0.0,1,1.48,0.15,SPY191011P00282500,282.5,0,0.0,0.0,,0.0,normalDay
2019-10-10,5159.0,144.0,0.0,0,293.24,0.0,1,1.48,0.04,SPY191011P00282500,282.5,0,0.0,0.0,,0.0,normalDay
2019-10-11,5307.0,0.0,148.0,0,296.28,0.0,1,1.48,0.0,SPY191011P00282500,282.5,0,0.0,0.0,,0.0,expirationDay
2019-10-14,5307.0,-3.0,0.0,0,295.95,0.0,1,2.34,2.37,SPY191115P00288000,288.0,0,0.0,0.0,,0.0,normalDay
2019-10-15,5307.0,83.0,0.0,0,298.88,0.0,1,2.34,1.51,SPY191115P00288000,288.0,0,0.0,0.0,,0.0,normalDay
2019-10-16,5307.0,82.0,0.0,0,298.4,0.0,1,2.34,1.52,SPY191115P00288000,288.0,0,0.0,0.0,,0.0,normalDay
2019-10-17,5307.0,96.0,0.0,0,299.28,0.0,1,2.34,1.38,SPY191115P00288000,288.0,0,0.0,0.0,,0.0,normalDay
2019-10-18,5307.0,80.0,0.0,0,297.97,0.0,1,2.34,1.54,SPY191115P00288000,288.0,0,0.0,0.0,,0.0,normalDay
2019-10-21,5307.0,130.0,0.0,0,299.99,0.0,1,2.34,1.04,SPY191115P00288000,288.0,0,0.0,0.0,,0.0,normalDay
2019-10-22,5307.0,116.0,0.0,0,299.01,0.0,1,2.34,1.18,SPY191115P00288000,288.0,0,0.0,0.0,,0.0,normalDay
2019-10-23,5307.0,142.0,0.0,0,299.88,0.0,1,2.34,0.92,SPY191115P00288000,288.0,0,0.0,0.0,,0.0,normalDay
2019-10-24,5307.0,155.0,0.0,0,300.37,0.0,1,2.34,0.79,SPY191115P00288000,288.0,0,0.0,0.0,,0.0,normalDay
2019-10-25,5307.0,181.0,0.0,0,301.6,0.0,1,2.34,0.53,SPY191115P00288000,288.0,0,0.0,0.0,,0.0,normalDay
2019-10-28,5307.0,194.0,0.0,0,303.3,0.0,1,2.34,0.4,SPY191115P00288000,288.0,0,0.0,0.0,,0.0,normalDay
2019-10-29,5307.0,197.0,0.0,0,303.21,0.0,1,2.34,0.37,SPY191115P00288000,288.0,0,0.0,0.0,,0.0,normalDay
2019-10-30,5307.0,209.0,0.0,0,304.14,0.0,1,2.34,0.25,SPY191115P00288000,288.0,0,0.0,0.0,,0.0,normalDay
2019-10-31,5307.0,200.0,0.0,0,303.33,0.0,1,2.34,0.34,SPY191115P00288000,288.0,0,0.0,0.0,,0.0,normalDay
2019-11-01,5307.0,219.0,0.0,0,306.14,0.0,1,2.34,0.15,SPY191115P00288000,288.0,0,0.0,0.0,,0.0,normalDay
2019-11-04,5307.0,223.0,0.0,0,307.37,0.0,1,2.34,0.11,SPY191115P00288000,288.0,0,0.0,0.0,,0.0,normalDay
2019-11-05,5307.0,224.0,0.0,0,307.03,0.0,1,2.34,0.1,SPY191115P00288000,288.0,0,0.0,0.0,,0.0,normalDay
2019-11-06,5307.0,228.0,0.0,0,307.1,0.0,1,2.34,0.06,SPY191115P00288000,288.0,0,0.0,0.0,,0.0,normalDay
2019-11-07,5307.0,230.0,0.0,0,308.18,0.0,1,2.34,0.04,SPY191115P00288000,288.0,0,0.0,0.0,,0.0,normalDay
2019-11-08,5307.0,231.0,0.0,0,308.94,0.0,1,2.34,0.03,SPY191115P00288000,288.0,0,0.0,0.0,,0.0,normalDay
2019-11-11,5307.0,232.0,0.0,0,308.35,0.0,1,2.34,0.02,SPY191115P00288000,288.0,0,0.0,0.0,,0.0,normalDay
2019-11-12,5307.0,232.0,0.0,0,309.0,0.0,1,2.34,0.02,SPY191115P00288000,288.0,0,0.0,0.0,,0.0,normalDay
2019-11-13,5307.0,232.0,0.0,0,309.1,0.0,1,2.34,0.02,SPY191115P00288000,288.0,0,0.0,0.0,,0.0,normalDay
2019-11-14,5307.0,233.0,0.0,0,309.55,0.0,1,2.34,0.01,SPY191115P00288000,288.0,0,0.0,0.0,,0.0,normalDay
2019-11-15,5541.0,0.0,234.0,0,311.79,0.0,1,2.34,0.0,SPY191115P00288000,288.0,0,0.0,0.0,,0.0,expirationDay
2019-11-18,5541.0,-3.0,0.0,0,312.02,0.0,1,1.24,1.27,SPY191220P00298000,298.0,0,0.0,0.0,,0.0,normalDay
2019-11-19,5541.0,-10.0,0.0,0,311.93,0.0,1,1.24,1.34,SPY191220P00298000,298.0,0,0.0,0.0,,0.0,normalDay
2019-11-20,5541.0,-21.0,0.0,0,310.77,0.0,1,1.24,1.45,SPY191220P00298000,298.0,0,0.0,0.0,,0.0,normalDay
2019-11-21,5541.0,-26.0,0.0,0,310.27,0.0,1,1.24,1.5,SPY191220P00298000,298.0,0,0.0,0.0,,0.0,normalDay
2019-11-22,5541.0,1.0,0.0,0,310.96,0.0,1,1.24,1.23,SPY191220P00298000,298.0,0,0.0,0.0,,0.0,normalDay
2019-11-25,5541.0,44.0,0.0,0,313.37,0.0,1,1.24,0.8,SPY191220P00298000,298.0,0,0.0,0.0,,0.0,normalDay
2019-11-26,5541.0,58.0,0.0,0,314.08,0.0,1,1.24,0.66,SPY191220P00298000,298.0,0,0.0,0.0,,0.0,normalDay
2019-11-27,5541.0,69.0,0.0,0,315.48,0.0,1,1.24,0.55,SPY191220P00298000,298.0,0,0.0,0.0,,0.0,normalDay
2019-11-29,5541.0,54.0,0.0,0,314.31,0.0,1,1.24,0.7,SPY191220P00298000,298.0,0,0.0,0.0,,0.0,normalDay
2019-12-02,5541.0,12.0,0.0,0,311.64,0.0,1,1.24,1.12,SPY191220P00298000,298.0,0,0.0,0.0,,0.0,normalDay
2019-12-03,5541.0,-28.0,0.0,0,309.55,0.0,1,1.24,1.52,SPY191220P00298000,298.0,0,0.0,0.0,,0.0,normalDay
2019-12-04,5541.0,19.0,0.0,0,311.46,0.0,1,1.24,1.05,SPY191220P00298000,298.0,0,0.0,0.0,,0.0,normalDay
2019-12-05,5541.0,43.0,0.0,0,312.02,0.0,1,1.24,0.81,SPY191220P00298000,298.0,0,0.0,0.0,,0.0,normalDay
2019-12-06,5541.0,78.0,0.0,0,314.87,0.0,1,1.24,0.46,SPY191220P00298000,298.0,0,0.0,0.0,,0.0,normalDay
2019-12-09,5541.0,60.0,0.0,0,313.88,0.0,1,1.24,0.64,SPY191220P00298000,298.0,0,0.0,0.0,,0.0,normalDay
2019-12-10,5541.0,72.0,0.0,0,313.53,0.0,1,1.24,0.52,SPY191220P00298000,298.0,0,0.0,0.0,,0.0,normalDay
2019-12-11,5541.0,87.0,0.0,0,314.42,0.0,1,1.24,0.37,SPY191220P00298000,298.0,0,0.0,0.0,,0.0,normalDay
2019-12-12,5541.0,101.0,0.0,0,317.13,0.0,1,1.24,0.23,SPY191220P00298000,298.0,0,0.0,0.0,,0.0,normalDay
2019-12-13,5541.0,107.0,0.0,0,317.32,0.0,1,1.24,0.17,SPY191220P00298000,298.0,0,0.0,0.0,,0.0,normalDay
2019-12-16,5541.0,116.0,0.0,0,319.5,0.0,1,1.24,0.08,SPY191220P00298000,298.0,0,0.0,0.0,,0.0,normalDay
2019-12-17,5541.0,120.0,0.0,0,319.57,0.0,1,1.24,0.04,SPY191220P00298000,298.0,0,0.0,0.0,,0.0,normalDay
2019-12-18,5541.0,121.0,0.0,0,319.59,0.0,1,1.24,0.03,SPY191220P00298000,298.0,0,0.0,0.0,,0.0,normalDay
2019-12-19,5541.0,122.0,0.0,0,320.9,0.0,1,1.24,0.02,SPY191220P00298000,298.0,0,0.0,0.0,,0.0,normalDay
2019-12-20,5665.0,0.0,124.0,0,320.73,0.0,1,1.24,0.0,SPY191220P00298000,298.0,0,0.0,0.0,,0.0,expirationDay
2019-12-23,5665.0,-3.0,0.0,0,321.22,0.0,1,1.22,1.25,SPY200124P00308500,308.5,0,0.0,0.0,,0.0,normalDay
2019-12-24,5665.0,0.0,0.0,0,321.23,0.0,1,1.22,1.22,SPY200124P00308500,308.5,0,0.0,0.0,,0.0,normalDay
2019-12-26,5665.0,24.0,0.0,0,322.94,0.0,1,1.22,0.98,SPY200124P00308500,308.5,0,0.0,0.0,,0.0,normalDay
2019-12-27,5665.0,13.0,0.0,0,322.86,0.0,1,1.22,1.09,SPY200124P00308500,308.5,0,0.0,0.0,,0.0,normalDay
2019-12-30,5665.0,-10.0,0.0,0,321.08,0.0,1,1.22,1.32,SPY200124P00308500,308.5,0,0.0,0.0,,0.0,normalDay
2019-12-31,5665.0,21.0,0.0,0,321.86,0.0,1,1.22,1.01,SPY200124P00308500,308.5,0,0.0,0.0,,0.0,normalDay
2020-01-02,5665.0,68.0,0.0,0,324.87,0.0,1,1.22,0.54,SPY200124P00308500,308.5,0,0.0,0.0,,0.0,normalDay
2020-01-03,5665.0,34.0,0.0,0,322.41,0.0,1,1.22,0.88,SPY200124P00308500,308.5,0,0.0,0.0,,0.0,normalDay
2020-01-06,5665.0,67.0,0.0,0,323.64,0.0,1,1.22,0.55,SPY200124P00308500,308.5,0,0.0,0.0,,0.0,normalDay
2020-01-07,5665.0,63.0,0.0,0,322.73,0.0,1,1.22,0.59,SPY200124P00308500,308.5,0,0.0,0.0,,0.0,normalDay
2020-01-08,5665.0,78.0,0.0,0,324.45,0.0,1,1.22,0.44,SPY200124P00308500,308.5,0,0.0,0.0,,0.0,normalDay
2020-01-09,5665.0,96.0,0.0,0,326.65,0.0,1,1.22,0.26,SPY200124P00308500,308.5,0,0.0,0.0,,0.0,normalDay
2020-01-10,5665.0,100.0,0.0,0,325.71,0.0,1,1.22,0.22,SPY200124P00308500,308.5,0,0.0,0.0,,0.0,normalDay
2020-01-13,5665.0,113.0,0.0,0,327.95,0.0,1,1.22,0.09,SPY200124P00308500,308.5,0,0.0,0.0,,0.0,normalDay
2020-01-14,5665.0,113.0,0.0,0,327.45,0.0,1,1.22,0.09,SPY200124P00308500,308.5,0,0.0,0.0,,0.0,normalDay
2020-01-15,5665.0,115.0,0.0,0,328.19,0.0,1,1.22,0.07,SPY200124P00308500,308.5,0,0.0,0.0,,0.0,normalDay
2020-01-16,5665.0,117.0,0.0,0,330.92,0.0,1,1.22,0.05,SPY200124P00308500,308.5,0,0.0,0.0,,0.0,normalDay
2020-01-17,5665.0,120.0,0.0,0,331.95,0.0,1,1.22,0.02,SPY200124P00308500,308.5,0,0.0,0.0,,0.0,normalDay
2020-01-21,5665.0,120.0,0.0,0,331.3,0.0,1,1.22,0.02,SPY200124P00308500,308.5,0,0.0,0.0,,0.0,normalDay
2020-01-22,5665.0,121.0,0.0,0,331.34,0.0,1,1.22,0.01,SPY200124P00308500,308.5,0,0.0,0.0,,0.0,normalDay
2020-01-23,5665.0,121.0,0.0,0,331.72,0.0,1,1.22,0.01,SPY200124P00308500,308.5,0,0.0,0.0,,0.0,normalDay
2020-01-24,5787.0,0.0,122.0,0,328.77,0.0,1,1.22,0.0,SPY200124P00308500,308.5,0,0.0,0.0,,0.0,expirationDay
2020-01-27,5787.0,-5.0,0.0,0,323.5,0.0,1,4.58,4.63,SPY200228P00319000,319.0,0,0.0,0.0,,0.0,normalDay
2020-01-28,5787.0,154.0,0.0,0,326.89,0.0,1,4.58,3.04,SPY200228P00319000,319.0,0,0.0,0.0,,0.0,normalDay
2020-01-29,5787.0,150.0,0.0,0,326.62,0.0,1,4.58,3.08,SPY200228P00319000,319.0,0,0.0,0.0,,0.0,normalDay
2020-01-30,5787.0,223.0,0.0,0,327.68,0.0,1,4.58,2.35,SPY200228P00319000,319.0,0,0.0,0.0,,0.0,normalDay
2020-01-31,5787.0,-7.0,0.0,0,321.73,0.0,1,4.58,4.65,SPY200228P00319000,319.0,0,0.0,0.0,,0.0,normalDay
2020-02-03,5787.0,90.0,0.0,0,324.12,0.0,1,4.58,3.68,SPY200228P00319000,319.0,0,0.0,0.0,,0.0,normalDay
2020-02-04,5787.0,275.0,0.0,0,329.06,0.0,1,4.58,1.83,SPY200228P00319000,319.0,0,0.0,0.0,,0.0,normalDay
2020-02-05,5787.0,351.0,0.0,0,332.86,0.0,1,4.58,1.07,SPY200228P00319000,319.0,0,0.0,0.0,,0.0,normalDay
2020-02-06,5787.0,362.0,0.0,0,333.98,0.0,1,4.58,0.96,SPY200228P00319000,319.0,0,0.0,0.0,,0.0,normalDay
2020-02-07,5787.0,344.0,0.0,0,332.2,0.0,1,4.58,1.14,SPY200228P00319000,319.0,0,0.0,0.0,,0.0,normalDay
2020-02-10,5787.0,389.0,0.0,0,334.68,0.0,1,4.58,0.69,SPY200228P00319000,319.0,0,0.0,0.0,,0.0,normalDay
2020-02-11,5787.0,394.0,0.0,0,335.26,0.0,1,4.58,0.64,SPY200228P00319000,319.0,0,0.0,0.0,,0.0,normalDay
2020-02-12,5787.0,422.0,0.0,0,337.42,0.0,1,4.58,0.36,SPY200228P00319000,319.0,0,0.0,0.0,,0.0,normalDay
2020-02-13,5787.0,420.0,0.0,0,337.06,0.0,1,4.58,0.38,SPY200228P00319000,319.0,0,0.0,0.0,,0.0,normalDay
2020-02-14,5787.0,432.0,0.0,0,337.6,0.0,1,4.58,0.26,SPY200228P00319000,319.0,0,0.0,0.0,,0.0,normalDay
2020-02-18,5787.0,436.0,0.0,0,336.73,0.0,1,4.58,0.22,SPY200228P00319000,319.0,0,0.0,0.0,,0.0,normalDay
2020-02-19,5787.0,445.0,0.0,0,338.34,0.0,1,4.58,0.13,SPY200228P00319000,319.0,0,0.0,0.0,,0.0,normalDay
2020-02-20,5787.0,444.0,0.0,0,336.95,0.0,1,4.58,0.14,SPY200228P00319000,319.0,0,0.0,0.0,,0.0,normalDay
2020-02-21,5787.0,439.0,0.0,0,333.48,0.0,1,4.58,0.19,SPY200228P00319000,319.0,0,0.0,0.0,,0.0,normalDay
2020-02-24,5787.0,141.0,0.0,0,322.42,0.0,1,4.58,3.17,SPY200228P00319000,319.0,0,0.0,0.0,,0.0,normalDay
2020-02-25,5787.0,-286.0,0.0,0,312.65,0.0,1,4.58,7.44,SPY200228P00319000,319.0,0,0.0,0.0,,0.0,normalDay
2020-02-26,5787.0,-391.0,0.0,0,311.5,0.0,1,4.58,8.49,SPY200228P00319000,319.0,0,0.0,0.0,,0.0,normalDay
2020-02-27,5787.0,-1723.0,0.0,0,297.51,0.0,1,4.58,21.81,SPY200228P00319000,319.0,0,0.0,0.0,,0.0,normalDay
2020-02-28,6245.0,-2274.0,458.0,100,296.26,319.0,1,4.58,0.0,SPY200228P00319000,319.0,0,0.0,0.0,,0.0,expirationDay
2020-03-02,6245.0,-991.0,0.0,100,309.09,319.0,0,0.0,0.0,,0.0,0,0.0,0.0,,0.0,bidTooLow
2020-03-03,6245.0,-1876.0,0.0,100,300.24,319.0,0,0.0,0.0,,0.0,0,0.0,0.0,,0.0,bidTooLow
2020-03-04,6245.0,-614.0,0.0,100,312.86,319.0,0,0.0,0.0,,0.0,0,0.0,0.0,,0.0,bidTooLow
2020-03-05,6245.0,-1654.0,0.0,100,302.46,319.0,0,0.0,0.0,,0.0,0,0.0,0.0,,0.0,bidTooLow
2020-03-06,6245.0,-2154.0,0.0,100,297.46,319.0,0,0.0,0.0,,0.0,0,0.0,0.0,,0.0,bidTooLow
2020-03-09,6245.0,-4477.0,0.0,100,274.23,319.0,0,0.0,0.0,,0.0,0,0.0,0.0,,0.0,bidTooLow
2020-03-10,6245.0,-3058.0,0.0,100,288.42,319.0,0,0.0,0.0,,0.0,0,0.0,0.0,,0.0,bidTooLow
2020-03-11,6245.0,-4464.0,0.0,100,274.36,319.0,0,0.0,0.0,,0.0,0,0.0,0.0,,0.0,bidTooLow
2020-03-12,6245.0,-7089.0,0.0,100,248.11,319.0,0,0.0,0.0,,0.0,0,0.0,0.0,,0.0,bidTooLow
2020-03-13,6245.0,-4968.0,0.0,100,269.32,319.0,0,0.0,0.0,,0.0,0,0.0,0.0,,0.0,bidTooLow
2020-03-16,6245.0,-7915.0,0.0,100,239.85,319.0,0,0.0,0.0,,0.0,0,0.0,0.0,,0.0,bidTooLow
2020-03-17,6245.0,-6620.0,0.0,100,252.8,319.0,0,0.0,0.0,,0.0,0,0.0,0.0,,0.0,bidTooLow
2020-03-18,6245.0,-7900.0,0.0,100,240.0,319.0,0,0.0,0.0,,0.0,0,0.0,0.0,,0.0,bidTooLow
2020-03-19,6245.0,-7852.0,0.0,100,240.51,319.0,0,0.0,0.0,,0.0,1,0.01,0.04,SPY200406C00340000,340.0,normalDay
2020-03-20,6245.0,-9021.0,0.0,100,228.8,319.0,0,0.0,0.0,,0.0,1,0.01,0.02,SPY200406C00340000,340.0,normalDay
2020-03-23,6245.0,-9606.0,0.0,100,222.95,319.0,0,0.0,0.0,,0.0,1,0.01,0.02,SPY200406C00340000,340.0,normalDay
2020-03-24,6245.0,-7588.0,0.0,100,243.15,319.0,0,0.0,0.0,,0.0,1,0.01,0.04,SPY200406C00340000,340.0,normalDay
2020-03-25,6245.0,-7222.0,0.0,100,246.79,319.0,0,0.0,0.0,,0.0,1,0.01,0.02,SPY200406C00340000,340.0,normalDay
2020-03-26,6245.0,-5781.0,0.0,100,261.2,319.0,0,0.0,0.0,,0.0,1,0.01,0.02,SPY200406C00340000,340.0,normalDay
2020-03-27,6245.0,-6559.0,0.0,100,253.42,319.0,0,0.0,0.0,,0.0,1,0.01,0.02,SPY200406C00340000,340.0,normalDay
2020-03-30,6245.0,-5735.0,0.0,100,261.65,319.0,0,0.0,0.0,,0.0,1,0.01,0.01,SPY200406C00340000,340.0,normalDay
2020-03-31,6245.0,-6125.0,0.0,100,257.75,319.0,0,0.0,0.0,,0.0,1,0.01,0.01,SPY200406C00340000,340.0,normalDay
2020-04-01,6245.0,-7285.0,0.0,100,246.15,319.0,0,0.0,0.0,,0.0,1,0.01,0.01,SPY200406C00340000,340.0,normalDay
2020-04-02,6245.0,-6717.0,0.0,100,251.83,319.0,0,0.0,0.0,,0.0,1,0.01,0.01,SPY200406C00340000,340.0,normalDay
2020-04-03,6245.0,-7081.0,0.0,100,248.19,319.0,0,0.0,0.0,,0.0,1,0.01,0.01,SPY200406C00340000,340.0,normalDay
2020-04-06,6246.0,-5414.0,1.0,100,264.86,319.0,0,0.0,0.0,,0.0,1,0.01,0.0,SPY200406C00340000,340.0,expirationDay
2020-04-07,6246.0,-5391.0,0.0,100,265.13,319.0,0,0.0,0.0,,0.0,1,0.39,0.43,SPY200424C00296000,296.0,normalDay
2020-04-08,6246.0,-4552.0,0.0,100,274.03,319.0,0,0.0,0.0,,0.0,1,0.39,0.94,SPY200424C00296000,296.0,normalDay
2020-04-09,6246.0,-4196.0,0.0,100,278.2,319.0,0,0.0,0.0,,0.0,1,0.39,1.55,SPY200424C00296000,296.0,normalDay
2020-04-13,6246.0,-4363.0,0.0,100,275.66,319.0,0,0.0,0.0,,0.0,1,0.39,0.68,SPY200424C00296000,296.0,normalDay
2020-04-14,6246.0,-3658.0,0.0,100,283.79,319.0,0,0.0,0.0,,0.0,1,0.39,1.76,SPY200424C00296000,296.0,normalDay
2020-04-15,6246.0,-4151.0,0.0,100,277.76,319.0,0,0.0,0.0,,0.0,1,0.39,0.66,SPY200424C00296000,296.0,normalDay
2020-04-16,6246.0,-4005.0,0.0,100,279.1,319.0,0,0.0,0.0,,0.0,1,0.39,0.54,SPY200424C00296000,296.0,normalDay
2020-04-17,6246.0,-3342.0,0.0,100,286.64,319.0,0,0.0,0.0,,0.0,1,0.39,1.45,SPY200424C00296000,296.0,normalDay
2020-04-20,6246.0,-3740.0,0.0,100,281.59,319.0,0,0.0,0.0,,0.0,1,0.39,0.38,SPY200424C00296000,296.0,normalDay
2020-04-21,6246.0,-4563.0,0.0,100,273.04,319.0,0,0.0,0.0,,0.0,1,0.39,0.06,SPY200424C00296000,296.0,normalDay
2020-04-22,6246.0,-3954.0,0.0,100,279.1,319.0,0,0.0,0.0,,0.0,1,0.39,0.03,SPY200424C00296000,296.0,normalDay
2020-04-23,6246.0,-3955.0,0.0,100,279.08,319.0,0,0.0,0.0,,0.0,1,0.39,0.02,SPY200424C00296000,296.0,normalDay
2020-04-24,6285.0,-3603.0,39.0,100,282.97,319.0,0,0.0,0.0,,0.0,1,0.39,0.0,SPY200424C00296000,296.0,expirationDay
2020-04-27,6285.0,-3198.0,0.0,100,287.05,319.0,0,0.0,0.0,,0.0,1,0.14,0.17,SPY200515C00315000,315.0,normalDay
2020-04-28,6285.0,-3326.0,0.0,100,285.73,319.0,0,0.0,0.0,,0.0,1,0.14,0.13,SPY200515C00315000,315.0,normalDay
2020-04-29,6285.0,-2596.0,0.0,100,293.21,319.0,0,0.0,0.0,,0.0,1,0.14,0.31,SPY200515C00315000,315.0,normalDay
2020-04-30,6285.0,-2859.0,0.0,100,290.48,319.0,0,0.0,0.0,,0.0,1,0.14,0.21,SPY200515C00315000,315.0,normalDay
2020-05-01,6285.0,-3613.0,0.0,100,282.79,319.0,0,0.0,0.0,,0.0,1,0.14,0.06,SPY200515C00315000,315.0,normalDay
2020-05-04,6285.0,-3534.0,0.0,100,283.57,319.0,0,0.0,0.0,,0.0,1,0.14,0.05,SPY200515C00315000,315.0,normalDay
2020-05-05,6285.0,-3271.0,0.0,100,286.19,319.0,0,0.0,0.0,,0.0,1,0.14,0.04,SPY200515C00315000,315.0,normalDay
2020-05-06,6285.0,-3464.0,0.0,100,284.25,319.0,0,0.0,0.0,,0.0,1,0.14,0.03,SPY200515C00315000,315.0,normalDay
2020-05-07,6285.0,-3121.0,0.0,100,287.68,319.0,0,0.0,0.0,,0.0,1,0.14,0.03,SPY200515C00315000,315.0,normalDay
2020-05-08,6285.0,-2644.0,0.0,100,292.44,319.0,0,0.0,0.0,,0.0,1,0.14,0.02,SPY200515C00315000,315.0,normalDay
2020-05-11,6285.0,-2639.0,0.0,100,292.5,319.0,0,0.0,0.0,,0.0,1,0.14,0.03,SPY200515C00315000,315.0,normalDay
2020-05-12,6285.0,-3220.0,0.0,100,286.67,319.0,0,0.0,0.0,,0.0,1,0.14,0.01,SPY200515C00315000,315.0,normalDay
2020-05-13,6285.0,-3727.0,0.0,100,281.6,319.0,0,0.0,0.0,,0.0,1,0.14,0.01,SPY200515C00315000,315.0,normalDay
2020-05-14,6285.0,-3390.0,0.0,100,284.97,319.0,0,0.0,0.0,,0.0,1,0.14,0.01,SPY200515C00315000,315.0,normalDay
2020-05-15,6299.0,-3272.0,14.0,100,286.28,319.0,0,0.0,0.0,,0.0,1,0.14,0.0,SPY200515C00315000,315.0,expirationDay
2020-05-18,6299.0,-2405.0,0.0,100,295.0,319.0,0,0.0,0.0,,0.0,1,2.12,2.17,SPY200605C00304000,304.0,normalDay
2020-05-19,6299.0,-2643.0,0.0,100,291.97,319.0,0,0.0,0.0,,0.0,1,2.12,1.52,SPY200605C00304000,304.0,normalDay
2020-05-20,6299.0,-2251.0,0.0,100,296.93,319.0,0,0.0,0.0,,0.0,1,2.12,2.56,SPY200605C00304000,304.0,normalDay
2020-05-21,6299.0,-2369.0,0.0,100,294.88,319.0,0,0.0,0.0,,0.0,1,2.12,1.69,SPY200605C00304000,304.0,normalDay
2020-05-22,6299.0,-2297.0,0.0,100,295.44,319.0,0,0.0,0.0,,0.0,1,2.12,1.53,SPY200605C00304000,304.0,normalDay
2020-05-26,6299.0,-2003.0,0.0,100,299.08,319.0,0,0.0,0.0,,0.0,1,2.12,2.23,SPY200605C00304000,304.0,normalDay
2020-05-27,6299.0,-1737.0,0.0,100,303.53,319.0,0,0.0,0.0,,0.0,1,2.12,4.02,SPY200605C00304000,304.0,normalDay
2020-05-28,6299.0,-1793.0,0.0,100,302.97,319.0,0,0.0,0.0,,0.0,1,2.12,4.02,SPY200605C00304000,304.0,normalDay
2020-05-29,6299.0,-1688.0,0.0,100,304.32,319.0,0,0.0,0.0,,0.0,1,2.12,4.32,SPY200605C00304000,304.0,normalDay
2020-06-01,6299.0,-1534.0,0.0,100,305.55,319.0,0,0.0,0.0,,0.0,1,2.12,4.01,SPY200605C00304000,304.0,normalDay
2020-06-02,6299.0,-1387.0,0.0,100,308.08,319.0,0,0.0,0.0,,0.0,1,2.12,5.07,SPY200605C00304000,304.0,normalDay
2020-06-03,6299.0,-1312.0,0.0,100,312.18,319.0,0,0.0,0.0,,0.0,1,2.12,8.42,SPY200605C00304000,304.0,normalDay
2020-06-04,6299.0,-1311.0,0.0,100,311.36,319.0,0,0.0,0.0,,0.0,1,2.12,7.59,SPY200605C00304000,304.0,normalDay
2020-06-05,5011.0,-1311.0,-1288.0,0,319.34,0.0,0,0.0,0.0,,0.0,1,2.12,0.0,SPY200605C00304000,304.0,expirationDay
2020-06-08,5011.0,-4.0,0.0,0,323.2,0.0,1,1.05,1.09,SPY200710P00277000,277.0,0,0.0,0.0,,0.0,normalDay
2020-06-09,5011.0,-26.0,0.0,0,320.79,0.0,1,1.05,1.31,SPY200710P00277000,277.0,0,0.0,0.0,,0.0,normalDay
2020-06-10,5011.0,-40.0,0.0,0,319.0,0.0,1,1.05,1.45,SPY200710P00277000,277.0,0,0.0,0.0,,0.0,normalDay
2020-06-11,5011.0,-437.0,0.0,0,300.61,0.0,1,1.05,5.42,SPY200710P00277000,277.0,0,0.0,0.0,,0.0,normalDay
2020-06-12,5011.0,-279.0,0.0,0,304.21,0.0,1,1.05,3.84,SPY200710P00277000,277.0,0,0.0,0.0,,0.0,normalDay
2020-06-15,5011.0,-174.0,0.0,0,307.05,0.0,1,1.05,2.79,SPY200710P00277000,277.0,0,0.0,0.0,,0.0,normalDay
2020-06-16,5011.0,-106.0,0.0,0,312.96,0.0,1,1.05,2.11,SPY200710P00277000,277.0,0,0.0,0.0,,0.0,normalDay
2020-06-17,5011.0,-92.0,0.0,0,311.66,0.0,1,1.05,1.97,SPY200710P00277000,277.0,0,0.0,0.0,,0.0,normalDay
2020-06-18,5011.0,-64.0,0.0,0,311.78,0.0,1,1.05,1.69,SPY200710P00277000,277.0,0,0.0,0.0,,0.0,normalDay
2020-06-19,5011.0,-99.0,0.0,0,308.64,0.0,1,1.05,2.04,SPY200710P00277000,277.0,0,0.0,0.0,,0.0,normalDay
2020-06-22,5011.0,-10.0,0.0,0,310.62,0.0,1,1.05,1.15,SPY200710P00277000,277.0,0,0.0,0.0,,0.0,normalDay
2020-06-23,5011.0,9.0,0.0,0,312.05,0.0,1,1.05,0.96,SPY200710P00277000,277.0,0,0.0,0.0,,0.0,normalDay
2020-06-24,5011.0,-43.0,0.0,0,304.09,0.0,1,1.05,1.48,SPY200710P00277000,277.0,0,0.0,0.0,,0.0,normalDay
2020-06-25,5011.0,14.0,0.0,0,307.35,0.0,1,1.05,0.91,SPY200710P00277000,277.0,0,0.0,0.0,,0.0,normalDay
2020-06-26,5011.0,-44.0,0.0,0,300.05,0.0,1,1.05,1.49,SPY200710P00277000,277.0,0,0.0,0.0,,0.0,normalDay
2020-06-29,5011.0,35.0,0.0,0,304.46,0.0,1,1.05,0.7,SPY200710P00277000,277.0,0,0.0,0.0,,0.0,normalDay
2020-06-30,5011.0,63.0,0.0,0,308.36,0.0,1,1.05,0.42,SPY200710P00277000,277.0,0,0.0,0.0,,0.0,normalDay
2020-07-01,5011.0,83.0,0.0,0,310.52,0.0,1,1.05,0.22,SPY200710P00277000,277.0,0,0.0,0.0,,0.0,normalDay
2020-07-02,5011.0,93.0,0.0,0,312.23,0.0,1,1.05,0.12,SPY200710P00277000,277.0,0,0.0,0.0,,0.0,normalDay
2020-07-06,5011.0,102.0,0.0,0,317.05,0.0,1,1.05,0.03,SPY200710P00277000,277.0,0,0.0,0.0,,0.0,normalDay
2020-07-07,5011.0,103.0,0.0,0,313.78,0.0,1,1.05,0.02,SPY200710P00277000,277.0,0,0.0,0.0,,0.0,normalDay
2020-07-08,5011.0,104.0,0.0,0,316.18,0.0,1,1.05,0.01,SPY200710P00277000,277.0,0,0.0,0.0,,0.0,normalDay
2020-07-09,5011.0,104.0,0.0,0,314.38,0.0,1,1.05,0.01,SPY200710P00277000,277.0,0,0.0,0.0,,0.0,normalDay
2020-07-10,5116.0,0.0,105.0,0,317.59,0.0,1,1.05,0.0,SPY200710P00277000,277.0,0,0.0,0.0,,0.0,expirationDay
2020-07-13,5116.0,-8.0,0.0,0,314.84,0.0,1,6.14,6.22,SPY200814P00302000,302.0,0,0.0,0.0,,0.0,normalDay
2020-07-14,5116.0,157.0,0.0,0,318.92,0.0,1,6.14,4.57,SPY200814P00302000,302.0,0,0.0,0.0,,0.0,normalDay
2020-07-15,5116.0,264.0,0.0,0,321.85,0.0,1,6.14,3.5,SPY200814P00302000,302.0,0,0.0,0.0,,0.0,normalDay
2020-07-16,5116.0,240.0,0.0,0,320.79,0.0,1,6.14,3.74,SPY200814P00302000,302.0,0,0.0,0.0,,0.0,normalDay
2020-07-17,5116.0,347.0,0.0,0,321.72,0.0,1,6.14,2.67,SPY200814P00302000,302.0,0,0.0,0.0,,0.0,normalDay
2020-07-20,5116.0,418.0,0.0,0,324.32,0.0,1,6.14,1.96,SPY200814P00302000,302.0,0,0.0,0.0,,0.0,normalDay
2020-07-21,5116.0,423.0,0.0,0,325.01,0.0,1,6.14,1.91,SPY200814P00302000,302.0,0,0.0,0.0,,0.0,normalDay
2020-07-22,5116.0,455.0,0.0,0,326.86,0.0,1,6.14,1.59,SPY200814P00302000,302.0,0,0.0,0.0,,0.0,normalDay
2020-07-23,5116.0,390.0,0.0,0,322.96,0.0,1,6.14,2.24,SPY200814P00302000,302.0,0,0.0,0.0,,0.0,normalDay
2020-07-24,5116.0,409.0,0.0,0,320.88,0.0,1,6.14,2.05,SPY200814P00302000,302.0,0,0.0,0.0,,0.0,normalDay
2020-07-27,5116.0,477.0,0.0,0,323.22,0.0,1,6.14,1.37,SPY200814P00302000,302.0,0,0.0,0.0,,0.0,normalDay
2020-07-28,5116.0,456.0,0.0,0,321.17,0.0,1,6.14,1.58,SPY200814P00302000,302.0,0,0.0,0.0,,0.0,normalDay
2020-07-29,5116.0,518.0,0.0,0,325.12,0.0,1,6.14,0.96,SPY200814P00302000,302.0,0,0.0,0.0,,0.0,normalDay
2020-07-30,5116.0,510.0,0.0,0,323.96,0.0,1,6.14,1.04,SPY200814P00302000,302.0,0,0.0,0.0,,0.0,normalDay
2020-07-31,5116.0,556.0,0.0,0,326.52,0.0,1,6.14,0.58,SPY200814P00302000,302.0,0,0.0,0.0,,0.0,normalDay
2020-08-03,5116.0,578.0,0.0,0,328.79,0.0,1,6.14,0.36,SPY200814P00302000,302.0,0,0.0,0.0,,0.0,normalDay
2020-08-04,5116.0,587.0,0.0,0,330.06,0.0,1,6.14,0.27,SPY200814P00302000,302.0,0,0.0,0.0,,0.0,normalDay
2020-08-05,5116.0,596.0,0.0,0,332.11,0.0,1,6.14,0.18,SPY200814P00302000,302.0,0,0.0,0.0,,0.0,normalDay
2020-08-06,5116.0,598.0,0.0,0,334.33,0.0,1,6.14,0.16,SPY200814P00302000,302.0,0,0.0,0.0,,0.0,normalDay
2020-08-07,5116.0,606.0,0.0,0,334.57,0.0,1,6.14,0.08,SPY200814P00302000,302.0,0,0.0,0.0,,0.0,normalDay
2020-08-10,5116.0,610.0,0.0,0,335.57,0.0,1,6.14,0.04,SPY200814P00302000,302.0,0,0.0,0.0,,0.0,normalDay
2020-08-11,5116.0,608.0,0.0,0,332.8,0.0,1,6.14,0.06,SPY200814P00302000,302.0,0,0.0,0.0,,0.0,normalDay
2020-08-12,5116.0,612.0,0.0,0,337.44,0.0,1,6.14,0.02,SPY200814P00302000,302.0,0,0.0,0.0,,0.0,normalDay
2020-08-13,5116.0,613.0,0.0,0,336.83,0.0,1,6.14,0.01,SPY200814P00302000,302.0,0,0.0,0.0,,0.0,normalDay
2020-08-14,5730.0,0.0,614.0,0,336.84,0.0,1,6.14,0.0,SPY200814P00302000,302.0,0,0.0,0.0,,0.0,expirationDay
2020-08-17,5730.0,-4.0,0.0,0,337.91,0.0,1,2.76,2.8,SPY200918P00318000,318.0,0,0.0,0.0,,0.0,normalDay
2020-08-18,5730.0,16.0,0.0,0,338.64,0.0,1,2.76,2.6,SPY200918P00318000,318.0,0,0.0,0.0,,0.0,normalDay
2020-08-19,5730.0,-8.0,0.0,0,337.23,0.0,1,2.76,2.84,SPY200918P00318000,318.0,0,0.0,0.0,,0.0,normalDay
2020-08-20,5730.0,13.0,0.0,0,338.28,0.0,1,2.76,2.63,SPY200918P00318000,318.0,0,0.0,0.0,,0.0,normalDay
2020-08-21,5730.0,51.0,0.0,0,339.48,0.0,1,2.76,2.25,SPY200918P00318000,318.0,0,0.0,0.0,,0.0,normalDay
2020-08-24,5730.0,107.0,0.0,0,342.92,0.0,1,2.76,1.69,SPY200918P00318000,318.0,0,0.0,0.0,,0.0,normalDay
2020-08-25,5730.0,131.0,0.0,0,344.12,0.0,1,2.76,1.45,SPY200918P00318000,318.0,0,0.0,0.0,,0.0,normalDay
2020-08-26,5730.0,144.0,0.0,0,347.57,0.0,1,2.76,1.32,SPY200918P00318000,318.0,0,0.0,0.0,,0.0,normalDay
2020-08-27,5730.0,146.0,0.0,0,348.33,0.0,1,2.76,1.3,SPY200918P00318000,318.0,0,0.0,0.0,,0.0,normalDay
2020-08-28,5730.0,183.0,0.0,0,350.58,0.0,1,2.76,0.93,SPY200918P00318000,318.0,0,0.0,0.0,,0.0,normalDay
2020-08-31,5730.0,160.0,0.0,0,349.31,0.0,1,2.76,1.16,SPY200918P00318000,318.0,0,0.0,0.0,,0.0,normalDay
2020-09-01,5730.0,189.0,0.0,0,352.6,0.0,1,2.76,0.87,SPY200918P00318000,318.0,0,0.0,0.0,,0.0,normalDay
2020-09-02,5730.0,211.0,0.0,0,357.7,0.0,1,2.76,0.65,SPY200918P00318000,318.0,0,0.0,0.0,,0.0,normalDay
2020-09-03,5730.0,92.0,0.0,0,345.39,0.0,1,2.76,1.84,SPY200918P00318000,318.0,0,0.0,0.0,,0.0,normalDay
2020-09-04,5730.0,81.0,0.0,0,342.57,0.0,1,2.76,1.95,SPY200918P00318000,318.0,0,0.0,0.0,,0.0,normalDay
2020-09-08,5730.0,25.0,0.0,0,333.21,0.0,1,2.76,2.51,SPY200918P00318000,318.0,0,0.0,0.0,,0.0,normalDay
2020-09-09,5730.0,158.0,0.0,0,339.79,0.0,1,2.76,1.18,SPY200918P00318000,318.0,0,0.0,0.0,,0.0,normalDay
2020-09-10,5730.0,112.0,0.0,0,333.89,0.0,1,2.76,1.64,SPY200918P00318000,318.0,0,0.0,0.0,,0.0,normalDay
2020-09-11,5730.0,173.0,0.0,0,334.06,0.0,1,2.76,1.03,SPY200918P00318000,318.0,0,0.0,0.0,,0.0,normalDay
2020-09-14,5730.0,252.0,0.0,0,338.46,0.0,1,2.76,0.24,SPY200918P00318000,318.0,0,0.0,0.0,,0.0,normalDay
2020-09-15,5730.0,264.0,0.0,0,340.17,0.0,1,2.76,0.12,SPY200918P00318000,318.0,0,0.0,0.0,,0.0,normalDay
2020-09-16,5730.0,264.0,0.0,0,338.82,0.0,1,2.76,0.12,SPY200918P00318000,318.0,0,0.0,0.0,,0.0,normalDay
2020-09-17,5730.0,265.0,0.0,0,335.84,0.0,1,2.76,0.11,SPY200918P00318000,318.0,0,0.0,0.0,,0.0,normalDay
2020-09-18,6006.0,0.0,276.0,0,330.65,0.0,1,2.76,0.0,SPY200918P00318000,318.0,0,0.0,0.0,,0.0,expirationDay
2020-09-21,6006.0,-8.0,0.0,0,326.97,0.0,1,8.55,8.63,SPY201023P00326000,326.0,0,0.0,0.0,,0.0,normalDay
2020-09-22,6006.0,121.0,0.0,0,330.3,0.0,1,8.55,7.34,SPY201023P00326000,326.0,0,0.0,0.0,,0.0,normalDay
2020-09-23,6006.0,-222.0,0.0,0,322.64,0.0,1,8.55,10.77,SPY201023P00326000,326.0,0,0.0,0.0,,0.0,normalDay
2020-09-24,6006.0,-138.0,0.0,0,323.5,0.0,1,8.55,9.93,SPY201023P00326000,326.0,0,0.0,0.0,,0.0,normalDay
2020-09-25,6006.0,134.0,0.0,0,328.73,0.0,1,8.55,7.21,SPY201023P00326000,326.0,0,0.0,0.0,,0.0,normalDay
2020-09-28,6006.0,347.0,0.0,0,334.19,0.0,1,8.55,5.08,SPY201023P00326000,326.0,0,0.0,0.0,,0.0,normalDay
2020-09-29,6006.0,311.0,0.0,0,332.37,0.0,1,8.55,5.44,SPY201023P00326000,326.0,0,0.0,0.0,,0.0,normalDay
2020-09-30,6006.0,343.0,0.0,0,334.89,0.0,1,8.55,5.12,SPY201023P00326000,326.0,0,0.0,0.0,,0.0,normalDay
2020-10-01,6006.0,440.0,0.0,0,337.04,0.0,1,8.55,4.15,SPY201023P00326000,326.0,0,0.0,0.0,,0.0,normalDay
2020-10-02,6006.0,368.0,0.0,0,333.84,0.0,1,8.55,4.87,SPY201023P00326000,326.0,0,0.0,0.0,,0.0,normalDay
2020-10-05,6006.0,569.0,0.0,0,339.76,0.0,1,8.55,2.86,SPY201023P00326000,326.0,0,0.0,0.0,,0.0,normalDay
2020-10-06,6006.0,469.0,0.0,0,334.93,0.0,1,8.55,3.86,SPY201023P00326000,326.0,0,0.0,0.0,,0.0,normalDay
2020-10-07,6006.0,643.0,0.0,0,340.76,0.0,1,8.55,2.12,SPY201023P00326000,326.0,0,0.0,0.0,,0.0,normalDay
2020-10-08,6006.0,726.0,0.0,0,343.78,0.0,1,8.55,1.29,SPY201023P00326000,326.0,0,0.0,0.0,,0.0,normalDay
2020-10-09,6006.0,786.0,0.0,0,346.85,0.0,1,8.55,0.69,SPY201023P00326000,326.0,0,0.0,0.0,,0.0,normalDay
2020-10-12,6006.0,817.0,0.0,0,352.43,0.0,1,8.55,0.38,SPY201023P00326000,326.0,0,0.0,0.0,,0.0,normalDay
2020-10-13,6006.0,816.0,0.0,0,350.13,0.0,1,8.55,0.39,SPY201023P00326000,326.0,0,0.0,0.0,,0.0,normalDay
2020-10-14,6006.0,817.0,0.0,0,347.93,0.0,1,8.55,0.38,SPY201023P00326000,326.0,0,0.0,0.0,,0.0,normalDay
2020-10-15,6006.0,826.0,0.0,0,347.5,0.0,1,8.55,0.29,SPY201023P00326000,326.0,0,0.0,0.0,,0.0,normalDay
2020-10-16,6006.0,834.0,0.0,0,347.29,0.0,1,8.55,0.21,SPY201023P00326000,326.0,0,0.0,0.0,,0.0,normalDay
2020-10-19,6006.0,828.0,0.0,0,342.01,0.0,1,8.55,0.27,SPY201023P00326000,326.0,0,0.0,0.0,,0.0,normalDay
2020-10-20,6006.0,844.0,0.0,0,343.38,0.0,1,8.55,0.11,SPY201023P00326000,326.0,0,0.0,0.0,,0.0,normalDay
2020-10-21,6006.0,851.0,0.0,0,342.73,0.0,1,8.55,0.04,SPY201023P00326000,326.0,0,0.0,0.0,,0.0,normalDay
2020-10-22,6006.0,853.0,0.0,0,344.61,0.0,1,8.55,0.02,SPY201023P00326000,326.0,0,0.0,0.0,,0.0,normalDay
2020-10-23,6861.0,0.0,855.0,0,345.78,0.0,1,8.55,0.0,SPY201023P00326000,326.0,0,0.0,0.0,,0.0,expirationDay
2020-10-26,6861.0,-10.0,0.0,0,339.39,0.0,1,8.31,8.41,SPY201127P00331000,331.0,0,0.0,0.0,,0.0,normalDay
2020-10-27,6861.0,-41.0,0.0,0,338.22,0.0,1,8.31,8.72,SPY201127P00331000,331.0,0,0.0,0.0,,0.0,normalDay
2020-10-28,6861.0,-702.0,0.0,0,326.66,0.0,1,8.31,15.33,SPY201127P00331000,331.0,0,0.0,0.0,,0.0,normalDay
2020-10-29,6861.0,-389.0,0.0,0,329.98,0.0,1,8.31,12.2,SPY201127P00331000,331.0,0,0.0,0.0,,0.0,normalDay
2020-10-30,6861.0,-537.0,0.0,0,326.54,0.0,1,8.31,13.68,SPY201127P00331000,331.0,0,0.0,0.0,,0.0,normalDay
2020-11-02,6861.0,-295.0,0.0,0,330.2,0.0,1,8.31,11.26,SPY201127P00331000,331.0,0,0.0,0.0,,0.0,normalDay
2020-11-03,6861.0,-62.0,0.0,0,336.03,0.0,1,8.31,8.93,SPY201127P00331000,331.0,0,0.0,0.0,,0.0,normalDay
2020-11-04,6861.0,347.0,0.0,0,343.54,0.0,1,8.31,4.84,SPY201127P00331000,331.0,0,0.0,0.0,,0.0,normalDay
2020-11-05,6861.0,520.0,0.0,0,350.24,0.0,1,8.31,3.11,SPY201127P00331000,331.0,0,0.0,0.0,,0.0,normalDay
2020-11-06,6861.0,595.0,0.0,0,350.16,0.0,1,8.31,2.36,SPY201127P00331000,331.0,0,0.0,0.0,,0.0,normalDay
2020-11-09,6861.0,679.0,0.0,0,354.56,0.0,1,8.31,1.52,SPY201127P00331000,331.0,0,0.0,0.0,,0.0,normalDay
2020-11-10,6861.0,697.0,0.0,0,354.04,0.0,1,8.31,1.34,SPY201127P00331000,331.0,0,0.0,0.0,,0.0,normalDay
2020-11-11,6861.0,743.0,0.0,0,356.67,0.0,1,8.31,0.88,SPY201127P00331000,331.0,0,0.0,0.0,,0.0,normalDay
2020-11-12,6861.0,706.0,0.0,0,353.21,0.0,1,8.31,1.25,SPY201127P00331000,331.0,0,0.0,0.0,,0.0,normalDay
2020-11-13,6861.0,765.0,0.0,0,358.1,0.0,1,8.31,0.66,SPY201127P00331000,331.0,0,0.0,0.0,,0.0,normalDay
2020-11-16,6861.0,804.0,0.0,0,362.57,0.0,1,8.31,0.27,SPY201127P00331000,331.0,0,0.0,0.0,,0.0,normalDay
2020-11-17,6861.0,810.0,0.0,0,360.62,0.0,1,8.31,0.21,SPY201127P00331000,331.0,0,0.0,0.0,,0.0,normalDay
2020-11-18,6861.0,805.0,0.0,0,356.28,0.0,1,8.31,0.26,SPY201127P00331000,331.0,0,0.0,0.0,,0.0,normalDay
2020-11-19,6861.0,812.0,0.0,0,357.78,0.0,1,8.31,0.19,SPY201127P00331000,331.0,0,0.0,0.0,,0.0,normalDay
2020-11-20,6861.0,820.0,0.0,0,355.33,0.0,1,8.31,0.11,SPY201127P00331000,331.0,0,0.0,0.0,,0.0,normalDay
2020-11-23,6861.0,828.0,0.0,0,357.46,0.0,1,8.31,0.03,SPY201127P00331000,331.0,0,0.0,0.0,,0.0,normalDay
2020-11-24,6861.0,829.0,0.0,0,363.22,0.0,1,8.31,0.02,SPY201127P00331000,331.0,0,0.0,0.0,,0.0,normalDay
2020-11-25,6861.0,830.0,0.0,0,362.66,0.0,1,8.31,0.01,SPY201127P00331000,331.0,0,0.0,0.0,,0.0,normalDay
2020-11-27,7692.0,0.0,831.0,0,363.67,0.0,1,8.31,0.0,SPY201127P00331000,331.0,0,0.0,0.0,,0.0,expirationDay
2020-11-30,7692.0,-5.0,0.0,0,362.06,0.0,1,1.97,2.02,SPY201231P00337000,337.0,0,0.0,0.0,,0.0,normalDay
2020-12-01,7692.0,25.0,0.0,0,366.02,0.0,1,1.97,1.72,SPY201231P00337000,337.0,0,0.0,0.0,,0.0,normalDay
2020-12-02,7692.0,38.0,0.0,0,366.79,0.0,1,1.97,1.59,SPY201231P00337000,337.0,0,0.0,0.0,,0.0,normalDay
2020-12-03,7692.0,38.0,0.0,0,366.69,0.0,1,1.97,1.59,SPY201231P00337000,337.0,0,0.0,0.0,,0.0,normalDay
2020-12-04,7692.0,79.0,0.0,0,369.85,0.0,1,1.97,1.18,SPY201231P00337000,337.0,0,0.0,0.0,,0.0,normalDay
2020-12-07,7692.0,90.0,0.0,0,369.09,0.0,1,1.97,1.07,SPY201231P00337000,337.0,0,0.0,0.0,,0.0,normalDay
2020-12-08,7692.0,114.0,0.0,0,370.17,0.0,1,1.97,0.83,SPY201231P00337000,337.0,0,0.0,0.0,,0.0,normalDay
2020-12-09,7692.0,81.0,0.0,0,366.85,0.0,1,1.97,1.16,SPY201231P00337000,337.0,0,0.0,0.0,,0.0,normalDay
2020-12-10,7692.0,87.0,0.0,0,366.73,0.0,1,1.97,1.1,SPY201231P00337000,337.0,0,0.0,0.0,,0.0,normalDay
2020-12-11,7692.0,84.0,0.0,0,366.3,0.0,1,1.97,1.13,SPY201231P00337000,337.0,0,0.0,0.0,,0.0,normalDay
2020-12-14,7692.0,73.0,0.0,0,364.66,0.0,1,1.97,1.24,SPY201231P00337000,337.0,0,0.0,0.0,,0.0,normalDay
2020-12-15,7692.0,121.0,0.0,0,369.59,0.0,1,1.97,0.76,SPY201231P00337000,337.0,0,0.0,0.0,,0.0,normalDay
2020-12-16,7692.0,138.0,0.0,0,370.17,0.0,1,1.97,0.59,SPY201231P00337000,337.0,0,0.0,0.0,,0.0,normalDay
2020-12-17,7692.0,151.0,0.0,0,372.24,0.0,1,1.97,0.46,SPY201231P00337000,337.0,0,0.0,0.0,,0.0,normalDay
2020-12-18,7692.0,166.0,0.0,0,369.18,0.0,1,1.97,0.31,SPY201231P00337000,337.0,0,0.0,0.0,,0.0,normalDay
2020-12-21,7692.0,155.0,0.0,0,367.86,0.0,1,1.97,0.42,SPY201231P00337000,337.0,0,0.0,0.0,,0.0,normalDay
2020-12-22,7692.0,166.0,0.0,0,367.24,0.0,1,1.97,0.31,SPY201231P00337000,337.0,0,0.0,0.0,,0.0,normalDay
2020-12-23,7692.0,177.0,0.0,0,367.57,0.0,1,1.97,0.2,SPY201231P00337000,337.0,0,0.0,0.0,,0.0,normalDay
2020-12-24,7692.0,189.0,0.0,0,369.0,0.0,1,1.97,0.08,SPY201231P00337000,337.0,0,0.0,0.0,,0.0,normalDay
2020-12-28,7692.0,194.0,0.0,0,372.17,0.0,1,1.97,0.03,SPY201231P00337000,337.0,0,0.0,0.0,,0.0,normalDay
2020-12-29,7692.0,194.0,0.0,0,371.46,0.0,1,1.97,0.03,SPY201231P00337000,337.0,0,0.0,0.0,,0.0,normalDay
2020-12-30,7692.0,195.0,0.0,0,371.99,0.0,1,1.97,0.02,SPY201231P00337000,337.0,0,0.0,0.0,,0.0,normalDay
2020-12-31,7889.0,0.0,197.0,0,373.88,0.0,1,1.97,0.0,SPY201231P00337000,337.0,0,0.0,0.0,,0.0,expirationDay
2021-01-04,7889.0,-8.0,0.0,0,368.79,0.0,1,7.75,7.83,SPY210205P00365000,365.0,0,0.0,0.0,,0.0,normalDay
2021-01-05,7889.0,117.0,0.0,0,371.33,0.0,1,7.75,6.58,SPY210205P00365000,365.0,0,0.0,0.0,,0.0,normalDay
2021-01-06,7889.0,177.0,0.0,0,373.55,0.0,1,7.75,5.98,SPY210205P00365000,365.0,0,0.0,0.0,,0.0,normalDay
2021-01-07,7889.0,392.0,0.0,0,379.1,0.0,1,7.75,3.83,SPY210205P00365000,365.0,0,0.0,0.0,,0.0,normalDay
2021-01-08,7889.0,457.0,0.0,0,381.26,0.0,1,7.75,3.18,SPY210205P00365000,365.0,0,0.0,0.0,,0.0,normalDay
2021-01-11,7889.0,380.0,0.0,0,378.69,0.0,1,7.75,3.95,SPY210205P00365000,365.0,0,0.0,0.0,,0.0,normalDay
2021-01-12,7889.0,410.0,0.0,0,378.77,0.0,1,7.75,3.65,SPY210205P00365000,365.0,0,0.0,0.0,,0.0,normalDay
2021-01-13,7889.0,477.0,0.0,0,379.79,0.0,1,7.75,2.98,SPY210205P00365000,365.0,0,0.0,0.0,,0.0,normalDay
2021-01-14,7889.0,438.0,0.0,0,378.46,0.0,1,7.75,3.37,SPY210205P00365000,365.0,0,0.0,0.0,,0.0,normalDay
2021-01-15,7889.0,358.0,0.0,0,375.7,0.0,1,7.75,4.17,SPY210205P00365000,365.0,0,0.0,0.0,,0.0,normalDay
2021-01-19,7889.0,503.0,0.0,0,378.65,0.0,1,7.75,2.72,SPY210205P00365000,365.0,0,0.0,0.0,,0.0,normalDay
2021-01-20,7889.0,620.0,0.0,0,383.89,0.0,1,7.75,1.55,SPY210205P00365000,365.0,0,0.0,0.0,,0.0,normalDay
2021-01-21,7889.0,643.0,0.0,0,384.24,0.0,1,7.75,1.32,SPY210205P00365000,365.0,0,0.0,0.0,,0.0,normalDay
2021-01-22,7889.0,646.0,0.0,0,382.88,0.0,1,7.75,1.29,SPY210205P00365000,365.0,0,0.0,0.0,,0.0,normalDay
2021-01-25,7889.0,671.0,0.0,0,384.39,0.0,1,7.75,1.04,SPY210205P00365000,365.0,0,0.0,0.0,,0.0,normalDay
2021-01-26,7889.0,686.0,0.0,0,383.79,0.0,1,7.75,0.89,SPY210205P00365000,365.0,0,0.0,0.0,,0.0,normalDay
2021-01-27,7889.0,345.0,0.0,0,374.41,0.0,1,7.75,4.3,SPY210205P00365000,365.0,0,0.0,0.0,,0.0,normalDay
2021-01-28,7889.0,545.0,0.0,0,377.63,0.0,1,7.75,2.3,SPY210205P00365000,365.0,0,0.0,0.0,,0.0,normalDay
2021-01-29,7889.0,298.0,0.0,0,370.07,0.0,1,7.75,4.77,SPY210205P00365000,365.0,0,0.0,0.0,,0.0,normalDay
2021-02-01,7889.0,632.0,0.0,0,376.23,0.0,1,7.75,1.43,SPY210205P00365000,365.0,0,0.0,0.0,,0.0,normalDay
2021-02-02,7889.0,751.0,0.0,0,381.55,0.0,1,7.75,0.24,SPY210205P00365000,365.0,0,0.0,0.0,,0.0,normalDay
2021-02-03,7889.0,767.0,0.0,0,381.85,0.0,1,7.75,0.08,SPY210205P00365000,365.0,0,0.0,0.0,,0.0,normalDay
2021-02-04,7889.0,773.0,0.0,0,386.19,0.0,1,7.75,0.02,SPY210205P00365000,365.0,0,0.0,0.0,,0.0,normalDay
2021-02-05,8664.0,0.0,775.0,0,387.71,0.0,1,7.75,0.0,SPY210205P00365000,365.0,0,0.0,0.0,,0.0,expirationDay
2021-02-08,8664.0,-5.0,0.0,0,390.51,0.0,1,3.27,3.32,SPY210312P00371000,371.0,0,0.0,0.0,,0.0,normalDay
2021-02-09,8664.0,2.0,0.0,0,390.25,0.0,1,3.27,3.25,SPY210312P00371000,371.0,0,0.0,0.0,,0.0,normalDay
2021-02-10,8664.0,-4.0,0.0,0,390.08,0.0,1,3.27,3.31,SPY210312P00371000,371.0,0,0.0,0.0,,0.0,normalDay
2021-02-11,8664.0,26.0,0.0,0,390.71,0.0,1,3.27,3.01,SPY210312P00371000,371.0,0,0.0,0.0,,0.0,normalDay
2021-02-12,8664.0,96.0,0.0,0,392.64,0.0,1,3.27,2.31,SPY210312P00371000,371.0,0,0.0,0.0,,0.0,normalDay
2021-02-16,8664.0,99.0,0.0,0,392.3,0.0,1,3.27,2.28,SPY210312P00371000,371.0,0,0.0,0.0,,0.0,normalDay
2021-02-17,8664.0,118.0,0.0,0,392.39,0.0,1,3.27,2.09,SPY210312P00371000,371.0,0,0.0,0.0,,0.0,normalDay
2021-02-18,8664.0,90.0,0.0,0,390.72,0.0,1,3.27,2.37,SPY210312P00371000,371.0,0,0.0,0.0,,0.0,normalDay
2021-02-19,8664.0,103.0,0.0,0,390.03,0.0,1,3.27,2.24,SPY210312P00371000,371.0,0,0.0,0.0,,0.0,normalDay
2021-02-22,8664.0,74.0,0.0,0,387.03,0.0,1,3.27,2.53,SPY210312P00371000,371.0,0,0.0,0.0,,0.0,normalDay
2021-02-23,8664.0,95.0,0.0,0,387.5,0.0,1,3.27,2.32,SPY210312P00371000,371.0,0,0.0,0.0,,0.0,normalDay
2021-02-24,8664.0,190.0,0.0,0,391.77,0.0,1,3.27,1.37,SPY210312P00371000,371.0,0,0.0,0.0,,0.0,normalDay
2021-02-25,8664.0,-91.0,0.0,0,382.33,0.0,1,3.27,4.18,SPY210312P00371000,371.0,0,0.0,0.0,,0.0,normalDay
2021-02-26,8664.0,-97.0,0.0,0,380.36,0.0,1,3.27,4.24,SPY210312P00371000,371.0,0,0.0,0.0,,0.0,normalDay
2021-03-01,8664.0,187.0,0.0,0,389.58,0.0,1,3.27,1.4,SPY210312P00371000,371.0,0,0.0,0.0,,0.0,normalDay
2021-03-02,8664.0,157.0,0.0,0,386.54,0.0,1,3.27,1.7,SPY210312P00371000,371.0,0,0.0,0.0,,0.0,normalDay
2021-03-03,8664.0,63.0,0.0,0,381.42,0.0,1,3.27,2.64,SPY210312P00371000,371.0,0,0.0,0.0,,0.0,normalDay
2021-03-04,8664.0,-68.0,0.0,0,376.7,0.0,1,3.27,3.95,SPY210312P00371000,371.0,0,0.0,0.0,,0.0,normalDay
2021-03-05,8664.0,180.0,0.0,0,383.63,0.0,1,3.27,1.47,SPY210312P00371000,371.0,0,0.0,0.0,,0.0,normalDay
2021-03-08,8664.0,196.0,0.0,0,381.72,0.0,1,3.27,1.31,SPY210312P00371000,371.0,0,0.0,0.0,,0.0,normalDay
2021-03-09,8664.0,292.0,0.0,0,387.17,0.0,1,3.27,0.35,SPY210312P00371000,371.0,0,0.0,0.0,,0.0,normalDay
2021-03-10,8664.0,321.0,0.0,0,389.58,0.0,1,3.27,0.06,SPY210312P00371000,371.0,0,0.0,0.0,,0.0,normalDay
2021-03-11,8664.0,325.0,0.0,0,393.53,0.0,1,3.27,0.02,SPY210312P00371000,371.0,0,0.0,0.0,,0.0,normalDay
2021-03-12,8991.0,0.0,327.0,0,394.06,0.0,1,3.27,0.0,SPY210312P00371000,371.0,0,0.0,0.0,,0.0,expirationDay
2021-03-15,8991.0,-4.0,0.0,0,396.41,0.0,1,2.96,3.0,SPY210416P00377000,377.0,0,0.0,0.0,,0.0,normalDay
2021-03-16,8991.0,-6.0,0.0,0,395.91,0.0,1,2.96,3.02,SPY210416P00377000,377.0,0,0.0,0.0,,0.0,normalDay
2021-03-17,8991.0,41.0,0.0,0,397.26,0.0,1,2.96,2.55,SPY210416P00377000,377.0,0,0.0,0.0,,0.0,normalDay
2021-03-18,8991.0,-67.0,0.0,0,391.48,0.0,1,2.96,3.63,SPY210416P00377000,377.0,0,0.0,0.0,,0.0,normalDay
2021-03-19,8991.0,-79.0,0.0,0,389.48,0.0,1,2.96,3.75,SPY210416P00377000,377.0,0,0.0,0.0,,0.0,normalDay
2021-03-22,8991.0,65.0,0.0,0,392.59,0.0,1,2.96,2.31,SPY210416P00377000,377.0,0,0.0,0.0,,0.0,normalDay
2021-03-23,8991.0,-12.0,0.0,0,389.5,0.0,1,2.96,3.08,SPY210416P00377000,377.0,0,0.0,0.0,,0.0,normalDay
2021-03-24,8991.0,-54.0,0.0,0,387.52,0.0,1,2.96,3.5,SPY210416P00377000,377.0,0,0.0,0.0,,0.0,normalDay
2021-03-25,8991.0,31.0,0.0,0,389.7,0.0,1,2.96,2.65,SPY210416P00377000,377.0,0,0.0,0.0,,0.0,normalDay
2021-03-26,8991.0,131.0,0.0,0,395.98,0.0,1,2.96,1.65,SPY210416P00377000,377.0,0,0.0,0.0,,0.0,normalDay
2021-03-29,8991.0,119.0,0.0,0,395.78,0.0,1,2.96,1.77,SPY210416P00377000,377.0,0,0.0,0.0,,0.0,normalDay
2021-03-30,8991.0,140.0,0.0,0,394.73,0.0,1,2.96,1.56,SPY210416P00377000,377.0,0,0.0,0.0,,0.0,normalDay
2021-03-31,8991.0,180.0,0.0,0,396.33,0.0,1,2.96,1.16,SPY210416P00377000,377.0,0,0.0,0.0,,0.0,normalDay
2021-04-01,8991.0,240.0,0.0,0,400.61,0.0,1,2.96,0.56,SPY210416P00377000,377.0,0,0.0,0.0,,0.0,normalDay
2021-04-05,8991.0,266.0,0.0,0,406.36,0.0,1,2.96,0.3,SPY210416P00377000,377.0,0,0.0,0.0,,0.0,normalDay
2021-04-06,8991.0,268.0,0.0,0,406.12,0.0,1,2.96,0.28,SPY210416P00377000,377.0,0,0.0,0.0,,0.0,normalDay
2021-04-07,8991.0,279.0,0.0,0,406.59,0.0,1,2.96,0.17,SPY210416P00377000,377.0,0,0.0,0.0,,0.0,normalDay
2021-04-08,8991.0,284.0,0.0,0,408.52,0.0,1,2.96,0.12,SPY210416P00377000,377.0,0,0.0,0.0,,0.0,normalDay
2021-04-09,8991.0,290.0,0.0,0,411.49,0.0,1,2.96,0.06,SPY210416P00377000,377.0,0,0.0,0.0,,0.0,normalDay
2021-04-12,8991.0,293.0,0.0,0,411.64,0.0,1,2.96,0.03,SPY210416P00377000,377.0,0,0.0,0.0,,0.0,normalDay
2021-04-13,8991.0,293.0,0.0,0,412.86,0.0,1,2.96,0.03,SPY210416P00377000,377.0,0,0.0,0.0,,0.0,normalDay
2021-04-14,8991.0,294.0,0.0,0,411.45,0.0,1,2.96,0.02,SPY210416P00377000,377.0,0,0.0,0.0,,0.0,normalDay
2021-04-15,8991.0,295.0,0.0,0,415.87,0.0,1,2.96,0.01,SPY210416P00377000,377.0,0,0.0,0.0,,0.0,normalDay
2021-04-16,9287.0,0.0,296.0,0,417.26,0.0,1,2.96,0.0,SPY210416P00377000,377.0,0,0.0,0.0,,0.0,expirationDay
2021-04-19,9287.0,-4.0,0.0,0,415.21,0.0,1,1.48,1.52,SPY210521P00384000,384.0,0,0.0,0.0,,0.0,normalDay
2021-04-20,9287.0,-51.0,0.0,0,412.17,0.0,1,1.48,1.99,SPY210521P00384000,384.0,0,0.0,0.0,,0.0,normalDay
2021-04-21,9287.0,14.0,0.0,0,416.07,0.0,1,1.48,1.34,SPY210521P00384000,384.0,0,0.0,0.0,,0.0,normalDay
2021-04-22,9287.0,-33.0,0.0,0,412.27,0.0,1,1.48,1.81,SPY210521P00384000,384.0,0,0.0,0.0,,0.0,normalDay
2021-04-23,9287.0,36.0,0.0,0,416.74,0.0,1,1.48,1.12,SPY210521P00384000,384.0,0,0.0,0.0,,0.0,normalDay
2021-04-26,9287.0,55.0,0.0,0,417.61,0.0,1,1.48,0.93,SPY210521P00384000,384.0,0,0.0,0.0,,0.0,normalDay
2021-04-27,9287.0,60.0,0.0,0,417.52,0.0,1,1.48,0.88,SPY210521P00384000,384.0,0,0.0,0.0,,0.0,normalDay
2021-04-28,9287.0,73.0,0.0,0,417.4,0.0,1,1.48,0.75,SPY210521P00384000,384.0,0,0.0,0.0,,0.0,normalDay
2021-04-29,9287.0,80.0,0.0,0,420.06,0.0,1,1.48,0.68,SPY210521P00384000,384.0,0,0.0,0.0,,0.0,normalDay
2021-04-30,9287.0,65.0,0.0,0,417.3,0.0,1,1.48,0.83,SPY210521P00384000,384.0,0,0.0,0.0,,0.0,normalDay
2021-05-03,9287.0,82.0,0.0,0,418.2,0.0,1,1.48,0.66,SPY210521P00384000,384.0,0,0.0,0.0,,0.0,normalDay
2021-05-04,9287.0,69.0,0.0,0,415.62,0.0,1,1.48,0.79,SPY210521P00384000,384.0,0,0.0,0.0,,0.0,normalDay
2021-05-05,9287.0,74.0,0.0,0,415.75,0.0,1,1.48,0.74,SPY210521P00384000,384.0,0,0.0,0.0,,0.0,normalDay
2021-05-06,9287.0,96.0,0.0,0,419.07,0.0,1,1.48,0.52,SPY210521P00384000,384.0,0,0.0,0.0,,0.0,normalDay
2021-05-07,9287.0,113.0,0.0,0,422.12,0.0,1,1.48,0.35,SPY210521P00384000,384.0,0,0.0,0.0,,0.0,normalDay
2021-05-10,9287.0,98.0,0.0,0,417.94,0.0,1,1.48,0.5,SPY210521P00384000,384.0,0,0.0,0.0,,0.0,normalDay
2021-05-11,9287.0,86.0,0.0,0,414.21,0.0,1,1.48,0.62,SPY210521P00384000,384.0,0,0.0,0.0,,0.0,normalDay
2021-05-12,9287.0,-22.0,0.0,0,405.41,0.0,1,1.48,1.7,SPY210521P00384000,384.0,0,0.0,0.0,,0.0,normalDay
2021-05-13,9287.0,79.0,0.0,0,410.28,0.0,1,1.48,0.69,SPY210521P00384000,384.0,0,0.0,0.0,,0.0,normalDay
2021-05-14,9287.0,129.0,0.0,0,416.58,0.0,1,1.48,0.19,SPY210521P00384000,384.0,0,0.0,0.0,,0.0,normalDay
2021-05-17,9287.0,138.0,0.0,0,415.52,0.0,1,1.48,0.1,SPY210521P00384000,384.0,0,0.0,0.0,,0.0,normalDay
2021-05-18,9287.0,138.0,0.0,0,411.94,0.0,1,1.48,0.1,SPY210521P00384000,384.0,0,0.0,0.0,,0.0,normalDay
2021-05-19,9287.0,139.0,0.0,0,410.86,0.0,1,1.48,0.09,SPY210521P00384000,384.0,0,0.0,0.0,,0.0,normalDay
2021-05-20,9287.0,146.0,0.0,0,415.28,0.0,1,1.48,0.02,SPY210521P00384000,384.0,0,0.0,0.0,,0.0,normalDay
2021-05-21,9435.0,0.0,148.0,0,414.94,0.0,1,1.48,0.0,SPY210521P00384000,384.0,0,0.0,0.0,,0.0,expirationDay
2021-05-24,9435.0,-4.0,0.0,0,419.17,0.0,1,4.3,4.34,SPY210625P00408000,408.0,0,0.0,0.0,,0.0,normalDay
2021-05-25,9435.0,-28.0,0.0,0,418.24,0.0,1,4.3,4.58,SPY210625P00408000,408.0,0,0.0,0.0,,0.0,normalDay
2021-05-26,9435.0,48.0,0.0,0,419.07,0.0,1,4.3,3.82,SPY210625P00408000,408.0,0,0.0,0.0,,0.0,normalDay
2021-05-27,9435.0,103.0,0.0,0,419.29,0.0,1,4.3,3.27,SPY210625P00408000,408.0,0,0.0,0.0,,0.0,normalDay
2021-05-28,9435.0,126.0,0.0,0,420.04,0.0,1,4.3,3.04,SPY210625P00408000,408.0,0,0.0,0.0,,0.0,normalDay
2021-06-01,9435.0,119.0,0.0,0,419.67,0.0,1,4.3,3.11,SPY210625P00408000,408.0,0,0.0,0.0,,0.0,normalDay
2021-06-02,9435.0,162.0,0.0,0,420.33,0.0,1,4.3,2.68,SPY210625P00408000,408.0,0,0.0,0.0,,0.0,normalDay
2021-06-03,9435.0,122.0,0.0,0,418.77,0.0,1,4.3,3.08,SPY210625P00408000,408.0,0,0.0,0.0,,0.0,normalDay
2021-06-04,9435.0,234.0,0.0,0,422.6,0.0,1,4.3,1.96,SPY210625P00408000,408.0,0,0.0,0.0,,0.0,normalDay
2021-06-07,9435.0,268.0,0.0,0,422.19,0.0,1,4.3,1.62,SPY210625P00408000,408.0,0,0.0,0.0,,0.0,normalDay
2021-06-08,9435.0,258.0,0.0,0,422.28,0.0,1,4.3,1.72,SPY210625P00408000,408.0,0,0.0,0.0,,0.0,normalDay
2021-06-09,9435.0,237.0,0.0,0,421.65,0.0,1,4.3,1.93,SPY210625P00408000,408.0,0,0.0,0.0,,0.0,normalDay
2021-06-10,9435.0,315.0,0.0,0,423.61,0.0,1,4.3,1.15,SPY210625P00408000,408.0,0,0.0,0.0,,0.0,normalDay
2021-06-11,9435.0,337.0,0.0,0,424.31,0.0,1,4.3,0.93,SPY210625P00408000,408.0,0,0.0,0.0,,0.0,normalDay
2021-06-14,9435.0,355.0,0.0,0,425.26,0.0,1,4.3,0.75,SPY210625P00408000,408.0,0,0.0,0.0,,0.0,normalDay
2021-06-15,9435.0,346.0,0.0,0,424.48,0.0,1,4.3,0.84,SPY210625P00408000,408.0,0,0.0,0.0,,0.0,normalDay
2021-06-16,9435.0,314.0,0.0,0,422.11,0.0,1,4.3,1.16,SPY210625P00408000,408.0,0,0.0,0.0,,0.0,normalDay
2021-06-17,9435.0,347.0,0.0,0,421.97,0.0,1,4.3,0.83,SPY210625P00408000,408.0,0,0.0,0.0,,0.0,normalDay
2021-06-18,9435.0,237.0,0.0,0,414.92,0.0,1,4.3,1.93,SPY210625P00408000,408.0,0,0.0,0.0,,0.0,normalDay
2021-06-21,9435.0,394.0,0.0,0,420.86,0.0,1,4.3,0.36,SPY210625P00408000,408.0,0,0.0,0.0,,0.0,normalDay
2021-06-22,9435.0,417.0,0.0,0,423.11,0.0,1,4.3,0.13,SPY210625P00408000,408.0,0,0.0,0.0,,0.0,normalDay
2021-06-23,9435.0,424.0,0.0,0,422.6,0.0,1,4.3,0.06,SPY210625P00408000,408.0,0,0.0,0.0,,0.0,normalDay
2021-06-24,9435.0,428.0,0.0,0,425.1,0.0,1,4.3,0.02,SPY210625P00408000,408.0,0,0.0,0.0,,0.0,normalDay
2021-06-25,9865.0,0.0,430.0,0,426.61,0.0,1,4.3,0.0,SPY210625P00408000,408.0,0,0.0,0.0,,0.0,expirationDay
2021-06-28,9865.0,-4.0,0.0,0,427.47,0.0,1,3.23,3.27,SPY210730P00417000,417.0,0,0.0,0.0,,0.0,normalDay
2021-06-29,9865.0,9.0,0.0,0,427.7,0.0,1,3.23,3.14,SPY210730P00417000,417.0,0,0.0,0.0,,0.0,normalDay
2021-06-30,9865.0,36.0,0.0,0,428.06,0.0,1,3.23,2.87,SPY210730P00417000,417.0,0,0.0,0.0,,0.0,normalDay
2021-07-01,9865.0,73.0,0.0,0,430.43,0.0,1,3.23,2.5,SPY210730P00417000,417.0,0,0.0,0.0,,0.0,normalDay
2021-07-02,9865.0,129.0,0.0,0,433.72,0.0,1,3.23,1.94,SPY210730P00417000,417.0,0,0.0,0.0,,0.0,normalDay
2021-07-06,9865.0,117.0,0.0,0,432.93,0.0,1,3.23,2.06,SPY210730P00417000,417.0,0,0.0,0.0,,0.0,normalDay
2021-07-07,9865.0,147.0,0.0,0,434.46,0.0,1,3.23,1.76,SPY210730P00417000,417.0,0,0.0,0.0,,0.0,normalDay
2021-07-08,9865.0,38.0,0.0,0,430.92,0.0,1,3.23,2.85,SPY210730P00417000,417.0,0,0.0,0.0,,0.0,normalDay
2021-07-09,9865.0,173.0,0.0,0,435.52,0.0,1,3.23,1.5,SPY210730P00417000,417.0,0,0.0,0.0,,0.0,normalDay
2021-07-12,9865.0,209.0,0.0,0,437.08,0.0,1,3.23,1.14,SPY210730P00417000,417.0,0,0.0,0.0,,0.0,normalDay
2021-07-13,9865.0,182.0,0.0,0,435.59,0.0,1,3.23,1.41,SPY210730P00417000,417.0,0,0.0,0.0,,0.0,normalDay
2021-07-14,9865.0,222.0,0.0,0,436.24,0.0,1,3.23,1.01,SPY210730P00417000,417.0,0,0.0,0.0,,0.0,normalDay
2021-07-15,9865.0,203.0,0.0,0,434.75,0.0,1,3.23,1.2,SPY210730P00417000,417.0,0,0.0,0.0,,0.0,normalDay
2021-07-16,9865.0,154.0,0.0,0,431.34,0.0,1,3.23,1.69,SPY210730P00417000,417.0,0,0.0,0.0,,0.0,normalDay
2021-07-19,9865.0,1.0,0.0,0,424.97,0.0,1,3.23,3.22,SPY210730P00417000,417.0,0,0.0,0.0,,0.0,normalDay
2021-07-20,9865.0,178.0,0.0,0,431.06,0.0,1,3.23,1.45,SPY210730P00417000,417.0,0,0.0,0.0,,0.0,normalDay
2021-07-21,9865.0,267.0,0.0,0,434.55,0.0,1,3.23,0.56,SPY210730P00417000,417.0,0,0.0,0.0,,0.0,normalDay
2021-07-22,9865.0,285.0,0.0,0,435.46,0.0,1,3.23,0.38,SPY210730P00417000,417.0,0,0.0,0.0,,0.0,normalDay
2021-07-23,9865.0,310.0,0.0,0,439.94,0.0,1,3.23,0.13,SPY210730P00417000,417.0,0,0.0,0.0,,0.0,normalDay
2021-07-26,9865.0,318.0,0.0,0,441.02,0.0,1,3.23,0.05,SPY210730P00417000,417.0,0,0.0,0.0,,0.0,normalDay
2021-07-27,9865.0,312.0,0.0,0,439.01,0.0,1,3.23,0.11,SPY210730P00417000,417.0,0,0.0,0.0,,0.0,normalDay
2021-07-28,9865.0,319.0,0.0,0,438.83,0.0,1,3.23,0.04,SPY210730P00417000,417.0,0,0.0,0.0,,0.0,normalDay
2021-07-29,9865.0,321.0,0.0,0,440.65,0.0,1,3.23,0.02,SPY210730P00417000,417.0,0,0.0,0.0,,0.0,normalDay
2021-07-30,10188.0,0.0,323.0,0,438.51,0.0,1,3.23,0.0,SPY210730P00417000,417.0,0,0.0,0.0,,0.0,expirationDay
2021-08-02,10188.0,-5.0,0.0,0,437.59,0.0,1,5.04,5.09,SPY210903P00428000,428.0,0,0.0,0.0,,0.0,normalDay
2021-08-03,10188.0,121.0,0.0,0,441.15,0.0,1,5.04,3.83,SPY210903P00428000,428.0,0,0.0,0.0,,0.0,normalDay
2021-08-04,10188.0,98.0,0.0,0,438.98,0.0,1,5.04,4.06,SPY210903P00428000,428.0,0,0.0,0.0,,0.0,normalDay
2021-08-05,10188.0,174.0,0.0,0,441.76,0.0,1,5.04,3.3,SPY210903P00428000,428.0,0,0.0,0.0,,0.0,normalDay
2021-08-06,10188.0,230.0,0.0,0,442.49,0.0,1,5.04,2.74,SPY210903P00428000,428.0,0,0.0,0.0,,0.0,normalDay
2021-08-09,10188.0,243.0,0.0,0,442.13,0.0,1,5.04,2.61,SPY210903P00428000,428.0,0,0.0,0.0,,0.0,normalDay
2021-08-10,10188.0,248.0,0.0,0,442.68,0.0,1,5.04,2.56,SPY210903P00428000,428.0,0,0.0,0.0,,0.0,normalDay
2021-08-11,10188.0,294.0,0.0,0,443.78,0.0,1,5.04,2.1,SPY210903P00428000,428.0,0,0.0,0.0,,0.0,normalDay
2021-08-12,10188.0,332.0,0.0,0,445.11,0.0,1,5.04,1.72,SPY210903P00428000,428.0,0,0.0,0.0,,0.0,normalDay
2021-08-13,10188.0,360.0,0.0,0,445.92,0.0,1,5.04,1.44,SPY210903P00428000,428.0,0,0.0,0.0,,0.0,normalDay
2021-08-16,10188.0,379.0,0.0,0,446.97,0.0,1,5.04,1.25,SPY210903P00428000,428.0,0,0.0,0.0,,0.0,normalDay
2021-08-17,10188.0,309.0,0.0,0,444.04,0.0,1,5.04,1.95,SPY210903P00428000,428.0,0,0.0,0.0,,0.0,normalDay
2021-08-18,10188.0,161.0,0.0,0,439.18,0.0,1,5.04,3.43,SPY210903P00428000,428.0,0,0.0,0.0,,0.0,normalDay
2021-08-19,10188.0,196.0,0.0,0,439.86,0.0,1,5.04,3.08,SPY210903P00428000,428.0,0,0.0,0.0,,0.0,normalDay
2021-08-20,10188.0,348.0,0.0,0,443.36,0.0,1,5.04,1.56,SPY210903P00428000,428.0,0,0.0,0.0,,0.0,normalDay
2021-08-23,10188.0,439.0,0.0,0,447.26,0.0,1,5.04,0.65,SPY210903P00428000,428.0,0,0.0,0.0,,0.0,normalDay
2021-08-24,10188.0,448.0,0.0,0,447.97,0.0,1,5.04,0.56,SPY210903P00428000,428.0,0,0.0,0.0,,0.0,normalDay
2021-08-25,10188.0,465.0,0.0,0,448.91,0.0,1,5.04,0.39,SPY210903P00428000,428.0,0,0.0,0.0,,0.0,normalDay
2021-08-26,10188.0,430.0,0.0,0,446.26,0.0,1,5.04,0.74,SPY210903P00428000,428.0,0,0.0,0.0,,0.0,normalDay
2021-08-27,10188.0,483.0,0.0,0,450.25,0.0,1,5.04,0.21,SPY210903P00428000,428.0,0,0.0,0.0,,0.0,normalDay
2021-08-30,10188.0,497.0,0.0,0,452.23,0.0,1,5.04,0.07,SPY210903P00428000,428.0,0,0.0,0.0,,0.0,normalDay
2021-08-31,10188.0,497.0,0.0,0,451.56,0.0,1,5.04,0.07,SPY210903P00428000,428.0,0,0.0,0.0,,0.0,normalDay
2021-09-01,10188.0,500.0,0.0,0,451.8,0.0,1,5.04,0.04,SPY210903P00428000,428.0,0,0.0,0.0,,0.0,normalDay
2021-09-02,10188.0,502.0,0.0,0,453.19,0.0,1,5.04,0.02,SPY210903P00428000,428.0,0,0.0,0.0,,0.0,normalDay
2021-09-03,10692.0,0.0,504.0,0,453.08,0.0,1,5.04,0.0,SPY210903P00428000,428.0,0,0.0,0.0,,0.0,expirationDay
2021-09-07,10692.0,-4.0,0.0,0,451.46,0.0,1,4.02,4.06,SPY211008P00439000,439.0,0,0.0,0.0,,0.0,normalDay
2021-09-08,10692.0,-3.0,0.0,0,450.91,0.0,1,4.02,4.05,SPY211008P00439000,439.0,0,0.0,0.0,,0.0,normalDay
2021-09-09,10692.0,-76.0,0.0,0,448.98,0.0,1,4.02,4.78,SPY211008P00439000,439.0,0,0.0,0.0,,0.0,normalDay
2021-09-10,10692.0,-192.0,0.0,0,445.44,0.0,1,4.02,5.94,SPY211008P00439000,439.0,0,0.0,0.0,,0.0,normalDay
2021-09-13,10692.0,-82.0,0.0,0,446.58,0.0,1,4.02,4.84,SPY211008P00439000,439.0,0,0.0,0.0,,0.0,normalDay
2021-09-14,10692.0,-152.0,0.0,0,444.17,0.0,1,4.02,5.54,SPY211008P00439000,439.0,0,0.0,0.0,,0.0,normalDay
2021-09-15,10692.0,15.0,0.0,0,447.88,0.0,1,4.02,3.87,SPY211008P00439000,439.0,0,0.0,0.0,,0.0,normalDay
2021-09-16,10692.0,-7.0,0.0,0,447.17,0.0,1,4.02,4.09,SPY211008P00439000,439.0,0,0.0,0.0,,0.0,normalDay
2021-09-17,10692.0,-180.0,0.0,0,441.4,0.0,1,4.02,5.82,SPY211008P00439000,439.0,0,0.0,0.0,,0.0,normalDay
2021-09-20,10692.0,-602.0,0.0,0,434.04,0.0,1,4.02,10.04,SPY211008P00439000,439.0,0,0.0,0.0,,0.0,normalDay
2021-09-21,10692.0,-581.0,0.0,0,433.63,0.0,1,4.02,9.83,SPY211008P00439000,439.0,0,0.0,0.0,,0.0,normalDay
2021-09-22,10692.0,-238.0,0.0,0,437.86,0.0,1,4.02,6.4,SPY211008P00439000,439.0,0,0.0,0.0,,0.0,normalDay
2021-09-23,10692.0,37.0,0.0,0,443.18,0.0,1,4.02,3.65,SPY211008P00439000,439.0,0,0.0,0.0,,0.0,normalDay
2021-09-24,10692.0,109.0,0.0,0,443.91,0.0,1,4.02,2.93,SPY211008P00439000,439.0,0,0.0,0.0,,0.0,normalDay
2021-09-27,10692.0,99.0,0.0,0,442.64,0.0,1,4.02,3.03,SPY211008P00439000,439.0,0,0.0,0.0,,0.0,normalDay
2021-09-28,10692.0,-390.0,0.0,0,433.72,0.0,1,4.02,7.92,SPY211008P00439000,439.0,0,0.0,0.0,,0.0,normalDay
2021-09-29,10692.0,-299.0,0.0,0,434.45,0.0,1,4.02,7.01,SPY211008P00439000,439.0,0,0.0,0.0,,0.0,normalDay
2021-09-30,10692.0,-664.0,0.0,0,429.14,0.0,1,4.02,10.66,SPY211008P00439000,439.0,0,0.0,0.0,,0.0,normalDay
2021-10-01,10692.0,-237.0,0.0,0,434.24,0.0,1,4.02,6.39,SPY211008P00439000,439.0,0,0.0,0.0,,0.0,normalDay
2021-10-04,10692.0,-664.0,0.0,0,428.64,0.0,1,4.02,10.66,SPY211008P00439000,439.0,0,0.0,0.0,,0.0,normalDay
2021-10-05,10692.0,-253.0,0.0,0,433.1,0.0,1,4.02,6.55,SPY211008P00439000,439.0,0,0.0,0.0,,0.0,normalDay
2021-10-06,10692.0,-113.0,0.0,0,434.9,0.0,1,4.02,5.15,SPY211008P00439000,439.0,0,0.0,0.0,,0.0,normalDay
2021-10-07,10692.0,229.0,0.0,0,438.66,0.0,1,4.02,1.73,SPY211008P00439000,439.0,0,0.0,0.0,,0.0,normalDay
2021-10-08,11094.0,-114.0,402.0,100,437.86,439.0,1,4.02,0.0,SPY211008P00439000,439.0,0,0.0,0.0,,0.0,expirationDay
2021-10-11,11094.0,-434.0,0.0,100,434.69,439.0,0,0.0,0.0,,0.0,1,0.06,0.09,SPY211029C00457000,457.0,normalDay
2021-10-12,11094.0,-539.0,0.0,100,433.62,439.0,0,0.0,0.0,,0.0,1,0.06,0.07,SPY211029C00457000,457.0,normalDay
2021-10-13,11094.0,-385.0,0.0,100,435.18,439.0,0,0.0,0.0,,0.0,1,0.06,0.09,SPY211029C00457000,457.0,normalDay
2021-10-14,11094.0,333.0,0.0,100,442.5,439.0,0,0.0,0.0,,0.0,1,0.06,0.23,SPY211029C00457000,457.0,normalDay
2021-10-15,11094.0,659.0,0.0,100,445.87,439.0,0,0.0,0.0,,0.0,1,0.06,0.34,SPY211029C00457000,457.0,normalDay
2021-10-18,11094.0,789.0,0.0,100,447.19,439.0,0,0.0,0.0,,0.0,1,0.06,0.36,SPY211029C00457000,457.0,normalDay
2021-10-19,11094.0,1092.0,0.0,100,450.64,439.0,0,0.0,0.0,,0.0,1,0.06,0.78,SPY211029C00457000,457.0,normalDay
2021-10-20,11094.0,1256.0,0.0,100,452.41,439.0,0,0.0,0.0,,0.0,1,0.06,0.91,SPY211029C00457000,457.0,normalDay
2021-10-21,11094.0,1365.0,0.0,100,453.59,439.0,0,0.0,0.0,,0.0,1,0.06,1.0,SPY211029C00457000,457.0,normalDay
2021-10-22,11094.0,1352.0,0.0,100,453.12,439.0,0,0.0,0.0,,0.0,1,0.06,0.66,SPY211029C00457000,457.0,normalDay
2021-10-25,11094.0,1560.0,0.0,100,455.55,439.0,0,0.0,0.0,,0.0,1,0.06,1.01,SPY211029C00457000,457.0,normalDay
2021-10-26,11094.0,1556.0,0.0,100,455.96,439.0,0,0.0,0.0,,0.0,1,0.06,1.46,SPY211029C00457000,457.0,normalDay
2021-10-27,11094.0,1447.0,0.0,100,453.94,439.0,0,0.0,0.0,,0.0,1,0.06,0.53,SPY211029C00457000,457.0,normalDay
2021-10-28,11094.0,1770.0,0.0,100,458.32,439.0,0,0.0,0.0,,0.0,1,0.06,1.68,SPY211029C00457000,457.0,normalDay
2021-10-29,12900.0,1770.0,1806.0,0,459.25,0.0,0,0.0,0.0,,0.0,1,0.06,0.0,SPY211029C00457000,457.0,expirationDay
2021-11-01,12900.0,-3.0,0.0,0,460.04,0.0,1,1.67,1.7,SPY211203P00427500,427.5,0,0.0,0.0,,0.0,normalDay
2021-11-02,12900.0,22.0,0.0,0,461.9,0.0,1,1.67,1.45,SPY211203P00427500,427.5,0,0.0,0.0,,0.0,normalDay
2021-11-03,12900.0,62.0,0.0,0,464.72,0.0,1,1.67,1.05,SPY211203P00427500,427.5,0,0.0,0.0,,0.0,normalDay
2021-11-04,12900.0,72.0,0.0,0,466.91,0.0,1,1.67,0.95,SPY211203P00427500,427.5,0,0.0,0.0,,0.0,normalDay
2021-11-05,12900.0,68.0,0.0,0,468.53,0.0,1,1.67,0.99,SPY211203P00427500,427.5,0,0.0,0.0,,0.0,normalDay
2021-11-08,12900.0,72.0,0.0,0,468.93,0.0,1,1.67,0.95,SPY211203P00427500,427.5,0,0.0,0.0,,0.0,normalDay
2021-11-09,12900.0,67.0,0.0,0,467.38,0.0,1,1.67,1.0,SPY211203P00427500,427.5,0,0.0,0.0,,0.0,normalDay
2021-11-10,12900.0,47.0,0.0,0,463.62,0.0,1,1.67,1.2,SPY211203P00427500,427.5,0,0.0,0.0,,0.0,normalDay
2021-11-11,12900.0,78.0,0.0,0,463.77,0.0,1,1.67,0.89,SPY211203P00427500,427.5,0,0.0,0.0,,0.0,normalDay
2021-11-12,12900.0,112.0,0.0,0,467.27,0.0,1,1.67,0.55,SPY211203P00427500,427.5,0,0.0,0.0,,0.0,normalDay
2021-11-15,12900.0,125.0,0.0,0,467.43,0.0,1,1.67,0.42,SPY211203P00427500,427.5,0,0.0,0.0,,0.0,normalDay
2021-11-16,12900.0,131.0,0.0,0,469.28,0.0,1,1.67,0.36,SPY211203P00427500,427.5,0,0.0,0.0,,0.0,normalDay
2021-11-17,12900.0,131.0,0.0,0,468.14,0.0,1,1.67,0.36,SPY211203P00427500,427.5,0,0.0,0.0,,0.0,normalDay
2021-11-18,12900.0,134.0,0.0,0,469.73,0.0,1,1.67,0.33,SPY211203P00427500,427.5,0,0.0,0.0,,0.0,normalDay
2021-11-19,12900.0,132.0,0.0,0,468.89,0.0,1,1.67,0.35,SPY211203P00427500,427.5,0,0.0,0.0,,0.0,normalDay
2021-11-22,12900.0,133.0,0.0,0,467.57,0.0,1,1.67,0.34,SPY211203P00427500,427.5,0,0.0,0.0,,0.0,normalDay
2021-11-23,12900.0,136.0,0.0,0,468.19,0.0,1,1.67,0.31,SPY211203P00427500,427.5,0,0.0,0.0,,0.0,normalDay
2021-11-24,12900.0,146.0,0.0,0,469.44,0.0,1,1.67,0.21,SPY211203P00427500,427.5,0,0.0,0.0,,0.0,normalDay
2021-11-26,12900.0,27.0,0.0,0,458.97,0.0,1,1.67,1.4,SPY211203P00427500,427.5,0,0.0,0.0,,0.0,normalDay
2021-11-29,12900.0,154.0,0.0,0,464.6,0.0,1,1.67,0.13,SPY211203P00427500,427.5,0,0.0,0.0,,0.0,normalDay
2021-11-30,12900.0,141.0,0.0,0,455.56,0.0,1,1.67,0.26,SPY211203P00427500,427.5,0,0.0,0.0,,0.0,normalDay
2021-12-01,12900.0,121.0,0.0,0,450.5,0.0,1,1.67,0.46,SPY211203P00427500,427.5,0,0.0,0.0,,0.0,normalDay
2021-12-02,12900.0,163.0,0.0,0,457.4,0.0,1,1.67,0.04,SPY211203P00427500,427.5,0,0.0,0.0,,0.0,normalDay
2021-12-03,13067.0,0.0,167.0,0,453.42,0.0,1,1.67,0.0,SPY211203P00427500,427.5,0,0.0,0.0,,0.0,expirationDay
2021-12-06,13067.0,-8.0,0.0,0,458.79,0.0,1,9.22,9.3,SPY220107P00452000,452.0,0,0.0,0.0,,0.0,normalDay
2021-12-07,13067.0,407.0,0.0,0,468.28,0.0,1,9.22,5.15,SPY220107P00452000,452.0,0,0.0,0.0,,0.0,normalDay
2021-12-08,13067.0,506.0,0.0,0,469.52,0.0,1,9.22,4.16,SPY220107P00452000,452.0,0,0.0,0.0,,0.0,normalDay
2021-12-09,13067.0,414.0,0.0,0,466.35,0.0,1,9.22,5.08,SPY220107P00452000,452.0,0,0.0,0.0,,0.0,normalDay
2021-12-10,13067.0,586.0,0.0,0,470.74,0.0,1,9.22,3.36,SPY220107P00452000,452.0,0,0.0,0.0,,0.0,normalDay
2021-12-13,13067.0,494.0,0.0,0,466.57,0.0,1,9.22,4.28,SPY220107P00452000,452.0,0,0.0,0.0,,0.0,normalDay
2021-12-14,13067.0,385.0,0.0,0,463.36,0.0,1,9.22,5.37,SPY220107P00452000,452.0,0,0.0,0.0,,0.0,normalDay
2021-12-15,13067.0,632.0,0.0,0,470.6,0.0,1,9.22,2.9,SPY220107P00452000,452.0,0,0.0,0.0,,0.0,normalDay
2021-12-16,13067.0,543.0,0.0,0,466.45,0.0,1,9.22,3.79,SPY220107P00452000,452.0,0,0.0,0.0,,0.0,normalDay
2021-12-17,13067.0,396.0,0.0,0,459.87,0.0,1,9.22,5.26,SPY220107P00452000,452.0,0,0.0,0.0,,0.0,normalDay
2021-12-20,13067.0,244.0,0.0,0,454.98,0.0,1,9.22,6.78,SPY220107P00452000,452.0,0,0.0,0.0,,0.0,normalDay
2021-12-21,13067.0,552.0,0.0,0,463.06,0.0,1,9.22,3.7,SPY220107P00452000,452.0,0,0.0,0.0,,0.0,normalDay
2021-12-22,13067.0,727.0,0.0,0,467.69,0.0,1,9.22,1.95,SPY220107P00452000,452.0,0,0.0,0.0,,0.0,normalDay
2021-12-23,13067.0,800.0,0.0,0,470.6,0.0,1,9.22,1.22,SPY220107P00452000,452.0,0,0.0,0.0,,0.0,normalDay
2021-12-27,13067.0,876.0,0.0,0,477.26,0.0,1,9.22,0.46,SPY220107P00452000,452.0,0,0.0,0.0,,0.0,normalDay
2021-12-28,13067.0,881.0,0.0,0,476.87,0.0,1,9.22,0.41,SPY220107P00452000,452.0,0,0.0,0.0,,0.0,normalDay
2021-12-29,13067.0,900.0,0.0,0,477.48,0.0,1,9.22,0.22,SPY220107P00452000,452.0,0,0.0,0.0,,0.0,normalDay
2021-12-30,13067.0,897.0,0.0,0,476.16,0.0,1,9.22,0.25,SPY220107P00452000,452.0,0,0.0,0.0,,0.0,normalDay
2021-12-31,13067.0,908.0,0.0,0,474.96,0.0,1,9.22,0.14,SPY220107P00452000,452.0,0,0.0,0.0,,0.0,normalDay
2022-01-03,13067.0,918.0,0.0,0,477.71,0.0,1,9.22,0.04,SPY220107P00452000,452.0,0,0.0,0.0,,0.0,normalDay
2022-01-04,13067.0,919.0,0.0,0,477.55,0.0,1,9.22,0.03,SPY220107P00452000,452.0,0,0.0,0.0,,0.0,normalDay
2022-01-05,13067.0,909.0,0.0,0,468.38,0.0,1,9.22,0.13,SPY220107P00452000,452.0,0,0.0,0.0,,0.0,normalDay
2022-01-06,13067.0,919.0,0.0,0,467.94,0.0,1,9.22,0.03,SPY220107P00452000,452.0,0,0.0,0.0,,0.0,normalDay
2022-01-07,13989.0,0.0,922.0,0,466.09,0.0,1,9.22,0.0,SPY220107P00452000,452.0,0,0.0,0.0,,0.0,expirationDay
2022-01-10,13989.0,-5.0,0.0,0,465.51,0.0,1,5.78,5.83,SPY220211P00456000,456.0,0,0.0,0.0,,0.0,normalDay
2022-01-11,13989.0,129.0,0.0,0,469.75,0.0,1,5.78,4.49,SPY220211P00456000,456.0,0,0.0,0.0,,0.0,normalDay
2022-01-12,13989.0,193.0,0.0,0,471.02,0.0,1,5.78,3.85,SPY220211P00456000,456.0,0,0.0,0.0,,0.0,normalDay
2022-01-13,13989.0,-45.0,0.0,0,464.53,0.0,1,5.78,6.23,SPY220211P00456000,456.0,0,0.0,0.0,,0.0,normalDay
2022-01-14,13989.0,18.0,0.0,0,464.72,0.0,1,5.78,5.6,SPY220211P00456000,456.0,0,0.0,0.0,,0.0,normalDay
2022-01-18,13989.0,-360.0,0.0,0,456.49,0.0,1,5.78,9.38,SPY220211P00456000,456.0,0,0.0,0.0,,0.0,normalDay
2022-01-19,13989.0,-543.0,0.0,0,451.75,0.0,1,5.78,11.21,SPY220211P00456000,456.0,0,0.0,0.0,,0.0,normalDay
2022-01-20,13989.0,-885.0,0.0,0,446.75,0.0,1,5.78,14.63,SPY220211P00456000,456.0,0,0.0,0.0,,0.0,normalDay
2022-01-21,13989.0,-1495.0,0.0,0,437.98,0.0,1,5.78,20.73,SPY220211P00456000,456.0,0,0.0,0.0,,0.0,normalDay
2022-01-24,13989.0,-1471.0,0.0,0,439.84,0.0,1,5.78,20.49,SPY220211P00456000,456.0,0,0.0,0.0,,0.0,normalDay
2022-01-25,13989.0,-1921.0,0.0,0,434.47,0.0,1,5.78,24.99,SPY220211P00456000,456.0,0,0.0,0.0,,0.0,normalDay
2022-01-26,13989.0,-1908.0,0.0,0,433.38,0.0,1,5.78,24.86,SPY220211P00456000,456.0,0,0.0,0.0,,0.0,normalDay
2022-01-27,13989.0,-1968.0,0.0,0,431.24,0.0,1,5.78,25.46,SPY220211P00456000,456.0,0,0.0,0.0,,0.0,normalDay
2022-01-28,13989.0,-1091.0,0.0,0,441.95,0.0,1,5.78,16.69,SPY220211P00456000,456.0,0,0.0,0.0,,0.0,normalDay
2022-01-31,13989.0,-465.0,0.0,0,449.91,0.0,1,5.78,10.43,SPY220211P00456000,456.0,0,0.0,0.0,,0.0,normalDay
2022-02-01,13989.0,-107.0,0.0,0,452.95,0.0,1,5.78,6.85,SPY220211P00456000,456.0,0,0.0,0.0,,0.0,normalDay
2022-02-02,13989.0,21.0,0.0,0,457.35,0.0,1,5.78,5.57,SPY220211P00456000,456.0,0,0.0,0.0,,0.0,normalDay
2022-02-03,13989.0,-340.0,0.0,0,446.6,0.0,1,5.78,9.18,SPY220211P00456000,456.0,0,0.0,0.0,,0.0,normalDay
2022-02-04,13989.0,-391.0,0.0,0,448.7,0.0,1,5.78,9.69,SPY220211P00456000,456.0,0,0.0,0.0,,0.0,normalDay
2022-02-07,13989.0,-356.0,0.0,0,447.26,0.0,1,5.78,9.34,SPY220211P00456000,456.0,0,0.0,0.0,,0.0,normalDay
2022-02-08,13989.0,-23.0,0.0,0,450.94,0.0,1,5.78,6.01,SPY220211P00456000,456.0,0,0.0,0.0,,0.0,normalDay
2022-02-09,13989.0,358.0,0.0,0,457.54,0.0,1,5.78,2.2,SPY220211P00456000,456.0,0,0.0,0.0,,0.0,normalDay
2022-02-10,13989.0,-156.0,0.0,0,449.32,0.0,1,5.78,7.34,SPY220211P00456000,456.0,0,0.0,0.0,,0.0,normalDay
2022-02-11,14567.0,-1554.0,578.0,100,440.46,456.0,1,5.78,0.0,SPY220211P00456000,456.0,0,0.0,0.0,,0.0,expirationDay
2022-02-14,14567.0,-1701.0,0.0,100,439.02,456.0,0,0.0,0.0,,0.0,1,0.17,0.2,SPY220304C00473000,473.0,normalDay
2022-02-15,14567.0,-997.0,0.0,100,446.1,456.0,0,0.0,0.0,,0.0,1,0.17,0.24,SPY220304C00473000,473.0,normalDay
2022-02-16,14567.0,-939.0,0.0,100,446.6,456.0,0,0.0,0.0,,0.0,1,0.17,0.16,SPY220304C00473000,473.0,normalDay
2022-02-17,14567.0,-1884.0,0.0,100,437.06,456.0,0,0.0,0.0,,0.0,1,0.17,0.07,SPY220304C00473000,473.0,normalDay
2022-02-18,14567.0,-2163.0,0.0,100,434.23,456.0,0,0.0,0.0,,0.0,1,0.17,0.03,SPY220304C00473000,473.0,normalDay
2022-02-22,14567.0,-2629.0,0.0,100,429.57,456.0,0,0.0,0.0,,0.0,1,0.17,0.03,SPY220304C00473000,473.0,normalDay
2022-02-23,14567.0,-3391.0,0.0,100,421.95,456.0,0,0.0,0.0,,0.0,1,0.17,0.03,SPY220304C00473000,473.0,normalDay
2022-02-24,14567.0,-2757.0,0.0,100,428.3,456.0,0,0.0,0.0,,0.0,1,0.17,0.04,SPY220304C00473000,473.0,normalDay
2022-02-25,14567.0,-1811.0,0.0,100,437.75,456.0,0,0.0,0.0,,0.0,1,0.17,0.03,SPY220304C00473000,473.0,normalDay
2022-02-28,14567.0,-1922.0,0.0,100,436.63,456.0,0,0.0,0.0,,0.0,1,0.17,0.02,SPY220304C00473000,473.0,normalDay
2022-03-01,14567.0,-2586.0,0.0,100,429.98,456.0,0,0.0,0.0,,0.0,1,0.17,0.01,SPY220304C00473000,473.0,normalDay
2022-03-02,14567.0,-1795.0,0.0,100,437.89,456.0,0,0.0,0.0,,0.0,1,0.17,0.01,SPY220304C00473000,473.0,normalDay
2022-03-03,14567.0,-2013.0,0.0,100,435.71,456.0,0,0.0,0.0,,0.0,1,0.17,0.01,SPY220304C00473000,473.0,normalDay
2022-03-04,14584.0,-2383.0,17.0,100,432.17,456.0,0,0.0,0.0,,0.0,1,0.17,0.0,SPY220304C00473000,473.0,expirationDay
2022-03-07,14584.0,-3660.0,0.0,100,419.43,456.0,0,0.0,0.0,,0.0,1,0.02,0.05,SPY220325C00471000,471.0,normalDay
2022-03-08,14584.0,-3978.0,0.0,100,416.25,456.0,0,0.0,0.0,,0.0,1,0.02,0.05,SPY220325C00471000,471.0,normalDay
2022-03-09,14584.0,-2865.0,0.0,100,427.41,456.0,0,0.0,0.0,,0.0,1,0.02,0.08,SPY220325C00471000,471.0,normalDay
2022-03-10,14584.0,-3055.0,0.0,100,425.48,456.0,0,0.0,0.0,,0.0,1,0.02,0.05,SPY220325C00471000,471.0,normalDay
2022-03-11,14584.0,-3594.0,0.0,100,420.07,456.0,0,0.0,0.0,,0.0,1,0.02,0.03,SPY220325C00471000,471.0,normalDay
2022-03-14,14584.0,-3901.0,0.0,100,417.0,456.0,0,0.0,0.0,,0.0,1,0.02,0.03,SPY220325C00471000,471.0,normalDay
2022-03-15,14584.0,-2983.0,0.0,100,426.17,456.0,0,0.0,0.0,,0.0,1,0.02,0.02,SPY220325C00471000,471.0,normalDay
2022-03-16,14584.0,-2038.0,0.0,100,435.62,456.0,0,0.0,0.0,,0.0,1,0.02,0.02,SPY220325C00471000,471.0,normalDay
2022-03-17,14584.0,-1494.0,0.0,100,441.07,456.0,0,0.0,0.0,,0.0,1,0.02,0.03,SPY220325C00471000,471.0,normalDay
2022-03-18,14584.0,-1148.0,0.0,100,444.52,456.0,0,0.0,0.0,,0.0,1,0.02,0.02,SPY220325C00471000,471.0,normalDay
2022-03-21,14584.0,-1161.0,0.0,100,444.39,456.0,0,0.0,0.0,,0.0,1,0.02,0.02,SPY220325C00471000,471.0,normalDay
2022-03-22,14584.0,-640.0,0.0,100,449.59,456.0,0,0.0,0.0,,0.0,1,0.02,0.01,SPY220325C00471000,471.0,normalDay
2022-03-23,14584.0,-1219.0,0.0,100,443.8,456.0,0,0.0,0.0,,0.0,1,0.02,0.01,SPY220325C00471000,471.0,normalDay
2022-03-24,14584.0,-550.0,0.0,100,450.49,456.0,0,0.0,0.0,,0.0,1,0.02,0.01,SPY220325C00471000,471.0,normalDay
2022-03-25,14586.0,-331.0,2.0,100,452.69,456.0,0,0.0,0.0,,0.0,1,0.02,0.0,SPY220325C00471000,471.0,expirationDay
2022-03-28,14586.0,-12.0,0.0,100,455.91,456.0,0,0.0,0.0,,0.0,1,0.21,0.24,SPY220414C00477000,477.0,normalDay
2022-03-29,14586.0,510.0,0.0,100,461.55,456.0,0,0.0,0.0,,0.0,1,0.21,0.66,SPY220414C00477000,477.0,normalDay
2022-03-30,14586.0,248.0,0.0,100,458.7,456.0,0,0.0,0.0,,0.0,1,0.21,0.43,SPY220414C00477000,477.0,normalDay
2022-03-31,14586.0,-427.0,0.0,100,451.64,456.0,0,0.0,0.0,,0.0,1,0.21,0.12,SPY220414C00477000,477.0,normalDay
2022-04-01,14586.0,-292.0,0.0,100,452.92,456.0,0,0.0,0.0,,0.0,1,0.21,0.05,SPY220414C00477000,477.0,normalDay
2022-04-04,14586.0,96.0,0.0,100,456.8,456.0,0,0.0,0.0,,0.0,1,0.21,0.05,SPY220414C00477000,477.0,normalDay
2022-04-05,14586.0,-479.0,0.0,100,451.03,456.0,0,0.0,0.0,,0.0,1,0.21,0.03,SPY220414C00477000,477.0,normalDay
2022-04-06,14586.0,-929.0,0.0,100,446.52,456.0,0,0.0,0.0,,0.0,1,0.21,0.02,SPY220414C00477000,477.0,normalDay
2022-04-07,14586.0,-703.0,0.0,100,448.77,456.0,0,0.0,0.0,,0.0,1,0.21,0.01,SPY220414C00477000,477.0,normalDay
2022-04-08,14586.0,-823.0,0.0,100,447.57,456.0,0,0.0,0.0,,0.0,1,0.21,0.01,SPY220414C00477000,477.0,normalDay
2022-04-11,14586.0,-1588.0,0.0,100,439.92,456.0,0,0.0,0.0,,0.0,1,0.21,0.01,SPY220414C00477000,477.0,normalDay
2022-04-12,14586.0,-1751.0,0.0,100,438.29,456.0,0,0.0,0.0,,0.0,1,0.21,0.01,SPY220414C00477000,477.0,normalDay
2022-04-13,14586.0,-1249.0,0.0,100,443.31,456.0,0,0.0,0.0,,0.0,1,0.21,0.01,SPY220414C00477000,477.0,normalDay
2022-04-14,14607.0,-1821.0,21.0,100,437.79,456.0,0,0.0,0.0,,0.0,1,0.21,0.0,SPY220414C00477000,477.0,expirationDay
2022-04-18,14607.0,-1806.0,0.0,100,437.97,456.0,0,0.0,0.0,,0.0,1,0.04,0.07,SPY220506C00472000,472.0,normalDay
2022-04-19,14607.0,-1103.0,0.0,100,445.04,456.0,0,0.0,0.0,,0.0,1,0.04,0.11,SPY220506C00472000,472.0,normalDay
2022-04-20,14607.0,-1135.0,0.0,100,444.71,456.0,0,0.0,0.0,,0.0,1,0.04,0.1,SPY220506C00472000,472.0,normalDay
2022-04-21,14607.0,-1793.0,0.0,100,438.06,456.0,0,0.0,0.0,,0.0,1,0.04,0.03,SPY220506C00472000,472.0,normalDay
2022-04-22,14607.0,-2994.0,0.0,100,426.04,456.0,0,0.0,0.0,,0.0,1,0.04,0.02,SPY220506C00472000,472.0,normalDay
2022-04-25,14607.0,-2747.0,0.0,100,428.51,456.0,0,0.0,0.0,,0.0,1,0.04,0.02,SPY220506C00472000,472.0,normalDay
2022-04-26,14607.0,-3988.0,0.0,100,416.1,456.0,0,0.0,0.0,,0.0,1,0.04,0.02,SPY220506C00472000,472.0,normalDay
2022-04-27,14607.0,-3871.0,0.0,100,417.27,456.0,0,0.0,0.0,,0.0,1,0.04,0.02,SPY220506C00472000,472.0,normalDay
2022-04-28,14607.0,-2816.0,0.0,100,427.81,456.0,0,0.0,0.0,,0.0,1,0.04,0.01,SPY220506C00472000,472.0,normalDay
2022-04-29,14607.0,-4397.0,0.0,100,412.0,456.0,0,0.0,0.0,,0.0,1,0.04,0.01,SPY220506C00472000,472.0,normalDay
2022-05-02,14607.0,-4149.0,0.0,100,414.48,456.0,0,0.0,0.0,,0.0,1,0.04,0.01,SPY220506C00472000,472.0,normalDay
2022-05-03,14607.0,-3959.0,0.0,100,416.38,456.0,0,0.0,0.0,,0.0,1,0.04,0.01,SPY220506C00472000,472.0,normalDay
2022-05-04,14607.0,-2691.0,0.0,100,429.06,456.0,0,0.0,0.0,,0.0,1,0.04,0.01,SPY220506C00472000,472.0,normalDay
2022-05-05,14607.0,-4216.0,0.0,100,413.81,456.0,0,0.0,0.0,,0.0,1,0.04,0.01,SPY220506C00472000,472.0,normalDay
2022-05-06,14611.0,-4466.0,4.0,100,411.34,456.0,0,0.0,0.0,,0.0,1,0.04,0.0,SPY220506C00472000,472.0,expirationDay
2022-05-09,14611.0,-5783.0,0.0,100,398.17,456.0,0,0.0,0.0,,0.0,0,0.0,0.0,,0.0,bidTooLow
2022-05-10,14611.0,-5691.0,0.0,100,399.09,456.0,0,0.0,0.0,,0.0,0,0.0,0.0,,0.0,bidTooLow
2022-05-11,14611.0,-6325.0,0.0,100,392.75,456.0,0,0.0,0.0,,0.0,0,0.0,0.0,,0.0,bidTooLow
2022-05-12,14611.0,-6366.0,0.0,100,392.34,456.0,0,0.0,0.0,,0.0,0,0.0,0.0,,0.0,bidTooLow
2022-05-13,14611.0,-5428.0,0.0,100,401.72,456.0,0,0.0,0.0,,0.0,0,0.0,0.0,,0.0,bidTooLow
2022-05-16,14611.0,-5591.0,0.0,100,400.09,456.0,0,0.0,0.0,,0.0,0,0.0,0.0,,0.0,bidTooLow
2022-05-17,14611.0,-4768.0,0.0,100,408.32,456.0,0,0.0,0.0,,0.0,0,0.0,0.0,,0.0,bidTooLow
2022-05-18,14611.0,-6414.0,0.0,100,391.86,456.0,0,0.0,0.0,,0.0,0,0.0,0.0,,0.0,bidTooLow
2022-05-19,14611.0,-6654.0,0.0,100,389.46,456.0,0,0.0,0.0,,0.0,0,0.0,0.0,,0.0,bidTooLow
2022-05-20,14611.0,-6637.0,0.0,100,389.63,456.0,0,0.0,0.0,,0.0,0,0.0,0.0,,0.0,bidTooLow
2022-05-23,14611.0,-5911.0,0.0,100,396.92,456.0,0,0.0,0.0,,0.0,1,0.03,0.06,SPY220610C00448000,448.0,normalDay
2022-05-24,14611.0,-6213.0,0.0,100,393.89,456.0,0,0.0,0.0,,0.0,1,0.03,0.05,SPY220610C00448000,448.0,normalDay
2022-05-25,14611.0,-5865.0,0.0,100,397.37,456.0,0,0.0,0.0,,0.0,1,0.03,0.05,SPY220610C00448000,448.0,normalDay
2022-05-26,14611.0,-5073.0,0.0,100,405.31,456.0,0,0.0,0.0,,0.0,1,0.03,0.07,SPY220610C00448000,448.0,normalDay
2022-05-27,14611.0,-4086.0,0.0,100,415.26,456.0,0,0.0,0.0,,0.0,1,0.03,0.15,SPY220610C00448000,448.0,normalDay
2022-05-31,14611.0,-4310.0,0.0,100,412.93,456.0,0,0.0,0.0,,0.0,1,0.03,0.06,SPY220610C00448000,448.0,normalDay
2022-06-01,14611.0,-4641.0,0.0,100,409.59,456.0,0,0.0,0.0,,0.0,1,0.03,0.03,SPY220610C00448000,448.0,normalDay
2022-06-02,14611.0,-3862.0,0.0,100,417.39,456.0,0,0.0,0.0,,0.0,1,0.03,0.04,SPY220610C00448000,448.0,normalDay
2022-06-03,14611.0,-4545.0,0.0,100,410.54,456.0,0,0.0,0.0,,0.0,1,0.03,0.02,SPY220610C00448000,448.0,normalDay
2022-06-06,14611.0,-4420.0,0.0,100,411.79,456.0,0,0.0,0.0,,0.0,1,0.03,0.02,SPY220610C00448000,448.0,normalDay
2022-06-07,14611.0,-4024.0,0.0,100,415.74,456.0,0,0.0,0.0,,0.0,1,0.03,0.01,SPY220610C00448000,448.0,normalDay
2022-06-08,14611.0,-4476.0,0.0,100,411.22,456.0,0,0.0,0.0,,0.0,1,0.03,0.01,SPY220610C00448000,448.0,normalDay
2022-06-09,14611.0,-5454.0,0.0,100,401.44,456.0,0,0.0,0.0,,0.0,1,0.03,0.01,SPY220610C00448000,448.0,normalDay
2022-06-10,14614.0,-6620.0,3.0,100,389.8,456.0,0,0.0,0.0,,0.0,1,0.03,0.0,SPY220610C00448000,448.0,expirationDay
2022-06-13,14614.0,-8103.0,0.0,100,375.0,456.0,0,0.0,0.0,,0.0,1,0.03,0.06,SPY220701C00441000,441.0,normalDay
2022-06-14,14614.0,-8216.0,0.0,100,373.87,456.0,0,0.0,0.0,,0.0,1,0.03,0.06,SPY220701C00441000,441.0,normalDay
2022-06-15,14614.0,-7681.0,0.0,100,379.2,456.0,0,0.0,0.0,,0.0,1,0.03,0.04,SPY220701C00441000,441.0,normalDay
2022-06-16,14614.0,-8935.0,0.0,100,366.65,456.0,0,0.0,0.0,,0.0,1,0.03,0.03,SPY220701C00441000,441.0,normalDay
2022-06-17,14614.0,-9014.0,0.0,100,365.86,456.0,0,0.0,0.0,,0.0,1,0.03,0.03,SPY220701C00441000,441.0,normalDay
2022-06-21,14614.0,-8092.0,0.0,100,375.07,456.0,0,0.0,0.0,,0.0,1,0.03,0.02,SPY220701C00441000,441.0,normalDay
2022-06-22,14614.0,-8160.0,0.0,100,374.39,456.0,0,0.0,0.0,,0.0,1,0.03,0.02,SPY220701C00441000,441.0,normalDay
2022-06-23,14614.0,-7792.0,0.0,100,378.06,456.0,0,0.0,0.0,,0.0,1,0.03,0.01,SPY220701C00441000,441.0,normalDay
2022-06-24,14614.0,-6591.0,0.0,100,390.08,456.0,0,0.0,0.0,,0.0,1,0.03,0.02,SPY220701C00441000,441.0,normalDay
2022-06-27,14614.0,-6739.0,0.0,100,388.59,456.0,0,0.0,0.0,,0.0,1,0.03,0.01,SPY220701C00441000,441.0,normalDay
2022-06-28,14614.0,-7533.0,0.0,100,380.65,456.0,0,0.0,0.0,,0.0,1,0.03,0.01,SPY220701C00441000,441.0,normalDay
2022-06-29,14614.0,-7564.0,0.0,100,380.34,456.0,0,0.0,0.0,,0.0,1,0.03,0.01,SPY220701C00441000,441.0,normalDay
2022-06-30,14614.0,-7873.0,0.0,100,377.25,456.0,0,0.0,0.0,,0.0,1,0.03,0.01,SPY220701C00441000,441.0,normalDay
2022-07-01,14617.0,-7476.0,3.0,100,381.24,456.0,0,0.0,0.0,,0.0,1,0.03,0.0,SPY220701C00441000,441.0,expirationDay
2022-07-05,14617.0,-7404.0,0.0,100,381.96,456.0,0,0.0,0.0,,0.0,0,0.0,0.0,,0.0,bidTooLow
2022-07-06,14617.0,-7278.0,0.0,100,383.25,456.0,0,0.0,0.0,,0.0,1,0.02,0.05,SPY220725C00430000,430.0,normalDay
2022-07-07,14617.0,-6704.0,0.0,100,388.99,456.0,0,0.0,0.0,,0.0,1,0.02,0.05,SPY220725C00430000,430.0,normalDay
2022-07-08,14617.0,-6734.0,0.0,100,388.67,456.0,0,0.0,0.0,,0.0,1,0.02,0.03,SPY220725C00430000,430.0,normalDay
2022-07-11,14617.0,-7177.0,0.0,100,384.23,456.0,0,0.0,0.0,,0.0,1,0.02,0.02,SPY220725C00430000,430.0,normalDay
2022-07-12,14617.0,-7517.0,0.0,100,380.83,456.0,0,0.0,0.0,,0.0,1,0.02,0.02,SPY220725C00430000,430.0,normalDay
2022-07-13,14617.0,-7717.0,0.0,100,378.83,456.0,0,0.0,0.0,,0.0,1,0.02,0.02,SPY220725C00430000,430.0,normalDay
2022-07-14,14617.0,-7808.0,0.0,100,377.91,456.0,0,0.0,0.0,,0.0,1,0.02,0.01,SPY220725C00430000,430.0,normalDay
2022-07-15,14617.0,-7086.0,0.0,100,385.13,456.0,0,0.0,0.0,,0.0,1,0.02,0.01,SPY220725C00430000,430.0,normalDay
2022-07-18,14617.0,-7404.0,0.0,100,381.95,456.0,0,0.0,0.0,,0.0,1,0.02,0.01,SPY220725C00430000,430.0,normalDay
2022-07-19,14617.0,-6372.0,0.0,100,392.27,456.0,0,0.0,0.0,,0.0,1,0.02,0.01,SPY220725C00430000,430.0,normalDay
2022-07-20,14617.0,-6122.0,0.0,100,394.77,456.0,0,0.0,0.0,,0.0,1,0.02,0.01,SPY220725C00430000,430.0,normalDay
2022-07-21,14617.0,-5720.0,0.0,100,398.79,456.0,0,0.0,0.0,,0.0,1,0.02,0.01,SPY220725C00430000,430.0,normalDay
2022-07-22,14617.0,-6090.0,0.0,100,395.09,456.0,0,0.0,0.0,,0.0,1,0.02,0.01,SPY220725C00430000,430.0,normalDay
2022-07-25,14619.0,-6043.0,2.0,100,395.57,456.0,0,0.0,0.0,,0.0,1,0.02,0.0,SPY220725C00430000,430.0,expirationDay
2022-07-26,14619.0,-6515.0,0.0,100,390.89,456.0,0,0.0,0.0,,0.0,1,1.37,1.41,SPY220812C00409000,409.0,normalDay
2022-07-27,14619.0,-5671.0,0.0,100,401.04,456.0,0,0.0,0.0,,0.0,1,1.37,3.12,SPY220812C00409000,409.0,normalDay
2022-07-28,14619.0,-5416.0,0.0,100,406.07,456.0,0,0.0,0.0,,0.0,1,1.37,5.6,SPY220812C00409000,409.0,normalDay
2022-07-29,14619.0,-5047.0,0.0,100,411.99,456.0,0,0.0,0.0,,0.0,1,1.37,7.83,SPY220812C00409000,409.0,normalDay
2022-08-01,14619.0,-5092.0,0.0,100,410.77,456.0,0,0.0,0.0,,0.0,1,1.37,7.06,SPY220812C00409000,409.0,normalDay
2022-08-02,14619.0,-5199.0,0.0,100,408.06,456.0,0,0.0,0.0,,0.0,1,1.37,5.42,SPY220812C00409000,409.0,normalDay
2022-08-03,14619.0,-4854.0,0.0,100,414.45,456.0,0,0.0,0.0,,0.0,1,1.37,8.36,SPY220812C00409000,409.0,normalDay
2022-08-04,14619.0,-4857.0,0.0,100,414.17,456.0,0,0.0,0.0,,0.0,1,1.37,8.11,SPY220812C00409000,409.0,normalDay
2022-08-05,14619.0,-4800.0,0.0,100,413.47,456.0,0,0.0,0.0,,0.0,1,1.37,6.84,SPY220812C00409000,409.0,normalDay
2022-08-08,14619.0,-4803.0,0.0,100,412.99,456.0,0,0.0,0.0,,0.0,1,1.37,6.39,SPY220812C00409000,409.0,normalDay
2022-08-09,14619.0,-4848.0,0.0,100,411.35,456.0,0,0.0,0.0,,0.0,1,1.37,5.2,SPY220812C00409000,409.0,normalDay
2022-08-10,14619.0,-4571.0,0.0,100,419.99,456.0,0,0.0,0.0,,0.0,1,1.37,11.07,SPY220812C00409000,409.0,normalDay
2022-08-11,14619.0,-4634.0,0.0,100,419.99,456.0,0,0.0,0.0,,0.0,1,1.37,11.7,SPY220812C00409000,409.0,normalDay
2022-08-12,10056.0,-4634.0,-4563.0,0,427.1,0.0,0,0.0,0.0,,0.0,1,1.37,0.0,SPY220812C00409000,409.0,expirationDay
2022-08-15,10056.0,-3.0,0.0,0,428.86,0.0,1,1.13,1.16,SPY220916P00386000,386.0,0,0.0,0.0,,0.0,normalDay
2022-08-16,10056.0,8.0,0.0,0,429.7,0.0,1,1.13,1.05,SPY220916P00386000,386.0,0,0.0,0.0,,0.0,normalDay
2022-08-17,10056.0,-3.0,0.0,0,426.65,0.0,1,1.13,1.16,SPY220916P00386000,386.0,0,0.0,0.0,,0.0,normalDay
2022-08-18,10056.0,19.0,0.0,0,427.89,0.0,1,1.13,0.94,SPY220916P00386000,386.0,0,0.0,0.0,,0.0,normalDay
2022-08-19,10056.0,-19.0,0.0,0,422.14,0.0,1,1.13,1.32,SPY220916P00386000,386.0,0,0.0,0.0,,0.0,normalDay
2022-08-22,10056.0,-122.0,0.0,0,413.35,0.0,1,1.13,2.35,SPY220916P00386000,386.0,0,0.0,0.0,,0.0,normalDay
2022-08-23,10056.0,-131.0,0.0,0,412.35,0.0,1,1.13,2.44,SPY220916P00386000,386.0,0,0.0,0.0,,0.0,normalDay
2022-08-24,10056.0,-74.0,0.0,0,413.67,0.0,1,1.13,1.87,SPY220916P00386000,386.0,0,0.0,0.0,,0.0,normalDay
2022-08-25,10056.0,-5.0,0.0,0,419.51,0.0,1,1.13,1.18,SPY220916P00386000,386.0,0,0.0,0.0,,0.0,normalDay
2022-08-26,10056.0,-230.0,0.0,0,405.31,0.0,1,1.13,3.43,SPY220916P00386000,386.0,0,0.0,0.0,,0.0,normalDay
2022-08-29,10056.0,-249.0,0.0,0,402.63,0.0,1,1.13,3.62,SPY220916P00386000,386.0,0,0.0,0.0,,0.0,normalDay
2022-08-30,10056.0,-329.0,0.0,0,398.21,0.0,1,1.13,4.42,SPY220916P00386000,386.0,0,0.0,0.0,,0.0,normalDay
2022-08-31,10056.0,-375.0,0.0,0,395.18,0.0,1,1.13,4.88,SPY220916P00386000,386.0,0,0.0,0.0,,0.0,normalDay
2022-09-01,10056.0,-305.0,0.0,0,396.42,0.0,1,1.13,4.18,SPY220916P00386000,386.0,0,0.0,0.0,,0.0,normalDay
2022-09-02,10056.0,-391.0,0.0,0,392.24,0.0,1,1.13,5.04,SPY220916P00386000,386.0,0,0.0,0.0,,0.0,normalDay
2022-09-06,10056.0,-431.0,0.0,0,390.76,0.0,1,1.13,5.44,SPY220916P00386000,386.0,0,0.0,0.0,,0.0,normalDay
2022-09-07,10056.0,-139.0,0.0,0,397.78,0.0,1,1.13,2.52,SPY220916P00386000,386.0,0,0.0,0.0,,0.0,normalDay
2022-09-08,10056.0,-27.0,0.0,0,400.38,0.0,1,1.13,1.4,SPY220916P00386000,386.0,0,0.0,0.0,,0.0,normalDay
2022-09-09,10056.0,58.0,0.0,0,406.6,0.0,1,1.13,0.55,SPY220916P00386000,386.0,0,0.0,0.0,,0.0,normalDay
2022-09-12,10056.0,91.0,0.0,0,410.97,0.0,1,1.13,0.22,SPY220916P00386000,386.0,0,0.0,0.0,,0.0,normalDay
2022-09-13,10056.0,-86.0,0.0,0,393.1,0.0,1,1.13,1.99,SPY220916P00386000,386.0,0,0.0,0.0,,0.0,normalDay
2022-09-14,10056.0,12.0,0.0,0,394.6,0.0,1,1.13,1.01,SPY220916P00386000,386.0,0,0.0,0.0,,0.0,normalDay
2022-09-15,10056.0,9.0,0.0,0,390.12,0.0,1,1.13,1.04,SPY220916P00386000,386.0,0,0.0,0.0,,0.0,normalDay
2022-09-16,10169.0,-44.0,113.0,100,385.56,386.0,1,1.13,0.0,SPY220916P00386000,386.0,0,0.0,0.0,,0.0,expirationDay
2022-09-19,10169.0,252.0,0.0,100,388.55,386.0,0,0.0,0.0,,0.0,1,0.07,0.1,SPY221007C00433000,433.0,normalDay
2022-09-20,10169.0,-191.0,0.0,100,384.09,386.0,0,0.0,0.0,,0.0,1,0.07,0.07,SPY221007C00433000,433.0,normalDay
2022-09-21,10169.0,-858.0,0.0,100,377.39,386.0,0,0.0,0.0,,0.0,1,0.07,0.04,SPY221007C00433000,433.0,normalDay
2022-09-22,10169.0,-1173.0,0.0,100,374.22,386.0,0,0.0,0.0,,0.0,1,0.07,0.02,SPY221007C00433000,433.0,normalDay
2022-09-23,10169.0,-1800.0,0.0,100,367.95,386.0,0,0.0,0.0,,0.0,1,0.07,0.02,SPY221007C00433000,433.0,normalDay
2022-09-26,10169.0,-2163.0,0.0,100,364.31,386.0,0,0.0,0.0,,0.0,1,0.07,0.01,SPY221007C00433000,433.0,normalDay
2022-09-27,10169.0,-2256.0,0.0,100,363.38,386.0,0,0.0,0.0,,0.0,1,0.07,0.01,SPY221007C00433000,433.0,normalDay
2022-09-28,10169.0,-1541.0,0.0,100,370.53,386.0,0,0.0,0.0,,0.0,1,0.07,0.01,SPY221007C00433000,433.0,normalDay
2022-09-29,10169.0,-2315.0,0.0,100,362.79,386.0,0,0.0,0.0,,0.0,1,0.07,0.01,SPY221007C00433000,433.0,normalDay
2022-09-30,10169.0,-2876.0,0.0,100,357.18,386.0,0,0.0,0.0,,0.0,1,0.07,0.01,SPY221007C00433000,433.0,normalDay
2022-10-03,10169.0,-1933.0,0.0,100,366.61,386.0,0,0.0,0.0,,0.0,1,0.07,0.01,SPY221007C00433000,433.0,normalDay
2022-10-04,10169.0,-797.0,0.0,100,377.97,386.0,0,0.0,0.0,,0.0,1,0.07,0.01,SPY221007C00433000,433.0,normalDay
2022-10-05,10169.0,-885.0,0.0,100,377.09,386.0,0,0.0,0.0,,0.0,1,0.07,0.01,SPY221007C00433000,433.0,normalDay
2022-10-06,10169.0,-1274.0,0.0,100,373.2,386.0,0,0.0,0.0,,0.0,1,0.07,0.01,SPY221007C00433000,433.0,normalDay
2022-10-07,10176.0,-2321.0,7.0,100,362.79,386.0,0,0.0,0.0,,0.0,1,0.07,0.0,SPY221007C00433000,433.0,expirationDay
2022-10-10,10176.0,-2601.0,0.0,100,360.02,386.0,0,0.0,0.0,,0.0,1,0.05,0.08,SPY221028C00414000,414.0,normalDay
2022-10-11,10176.0,-2829.0,0.0,100,357.74,386.0,0,0.0,0.0,,0.0,1,0.05,0.08,SPY221028C00414000,414.0,normalDay
2022-10-12,10176.0,-2946.0,0.0,100,356.56,386.0,0,0.0,0.0,,0.0,1,0.05,0.07,SPY221028C00414000,414.0,normalDay
2022-10-13,10176.0,-2012.0,0.0,100,365.97,386.0,0,0.0,0.0,,0.0,1,0.05,0.14,SPY221028C00414000,414.0,normalDay
2022-10-14,10176.0,-2837.0,0.0,100,357.63,386.0,0,0.0,0.0,,0.0,1,0.05,0.05,SPY221028C00414000,414.0,normalDay
2022-10-17,10176.0,-1919.0,0.0,100,366.82,386.0,0,0.0,0.0,,0.0,1,0.05,0.06,SPY221028C00414000,414.0,normalDay
2022-10-18,10176.0,-1490.0,0.0,100,371.13,386.0,0,0.0,0.0,,0.0,1,0.05,0.08,SPY221028C00414000,414.0,normalDay
2022-10-19,10176.0,-1749.0,0.0,100,368.5,386.0,0,0.0,0.0,,0.0,1,0.05,0.04,SPY221028C00414000,414.0,normalDay
2022-10-20,10176.0,-2056.0,0.0,100,365.41,386.0,0,0.0,0.0,,0.0,1,0.05,0.02,SPY221028C00414000,414.0,normalDay
2022-10-21,10176.0,-1170.0,0.0,100,374.29,386.0,0,0.0,0.0,,0.0,1,0.05,0.04,SPY221028C00414000,414.0,normalDay
2022-10-24,10176.0,-711.0,0.0,100,378.87,386.0,0,0.0,0.0,,0.0,1,0.05,0.03,SPY221028C00414000,414.0,normalDay
2022-10-25,10176.0,-105.0,0.0,100,384.92,386.0,0,0.0,0.0,,0.0,1,0.05,0.02,SPY221028C00414000,414.0,normalDay
2022-10-26,10176.0,-394.0,0.0,100,382.02,386.0,0,0.0,0.0,,0.0,1,0.05,0.01,SPY221028C00414000,414.0,normalDay
2022-10-27,10176.0,-598.0,0.0,100,379.98,386.0,0,0.0,0.0,,0.0,1,0.05,0.01,SPY221028C00414000,414.0,normalDay
2022-10-28,10181.0,302.0,5.0,100,389.02,386.0,0,0.0,0.0,,0.0,1,0.05,0.0,SPY221028C00414000,414.0,expirationDay
2022-10-31,10181.0,18.0,0.0,100,386.21,386.0,0,0.0,0.0,,0.0,1,2.29,2.32,SPY221118C00406000,406.0,normalDay
2022-11-01,10181.0,-99.0,0.0,100,384.52,386.0,0,0.0,0.0,,0.0,1,2.29,1.8,SPY221118C00406000,406.0,normalDay
2022-11-02,10181.0,-937.0,0.0,100,374.87,386.0,0,0.0,0.0,,0.0,1,2.29,0.53,SPY221118C00406000,406.0,normalDay
2022-11-03,10181.0,-1300.0,0.0,100,371.01,386.0,0,0.0,0.0,,0.0,1,2.29,0.3,SPY221118C00406000,406.0,normalDay
2022-11-04,10181.0,-774.0,0.0,100,376.35,386.0,0,0.0,0.0,,0.0,1,2.29,0.38,SPY221118C00406000,406.0,normalDay
2022-11-07,10181.0,-416.0,0.0,100,379.95,386.0,0,0.0,0.0,,0.0,1,2.29,0.4,SPY221118C00406000,406.0,normalDay
2022-11-08,10181.0,-222.0,0.0,100,382.0,386.0,0,0.0,0.0,,0.0,1,2.29,0.51,SPY221118C00406000,406.0,normalDay
2022-11-09,10181.0,-973.0,0.0,100,374.13,386.0,0,0.0,0.0,,0.0,1,2.29,0.15,SPY221118C00406000,406.0,normalDay
2022-11-10,10181.0,921.0,0.0,100,394.69,386.0,0,0.0,0.0,,0.0,1,2.29,1.77,SPY221118C00406000,406.0,normalDay
2022-11-11,10181.0,1312.0,0.0,100,398.51,386.0,0,0.0,0.0,,0.0,1,2.29,1.68,SPY221118C00406000,406.0,normalDay
2022-11-14,10181.0,1069.0,0.0,100,395.12,386.0,0,0.0,0.0,,0.0,1,2.29,0.72,SPY221118C00406000,406.0,normalDay
2022-11-15,10181.0,1371.0,0.0,100,398.49,386.0,0,0.0,0.0,,0.0,1,2.29,1.07,SPY221118C00406000,406.0,normalDay
2022-11-16,10181.0,1151.0,0.0,100,395.45,386.0,0,0.0,0.0,,0.0,1,2.29,0.23,SPY221118C00406000,406.0,normalDay
2022-11-17,10181.0,1049.0,0.0,100,394.24,386.0,0,0.0,0.0,,0.0,1,2.29,0.04,SPY221118C00406000,406.0,normalDay
2022-11-18,10410.0,1003.0,229.0,100,396.03,386.0,0,0.0,0.0,,0.0,1,2.29,0.0,SPY221118C00406000,406.0,expirationDay
2022-11-21,10410.0,856.0,0.0,100,394.59,386.0,0,0.0,0.0,,0.0,1,0.48,0.51,SPY221209C00417000,417.0,normalDay
2022-11-22,10410.0,1360.0,0.0,100,399.9,386.0,0,0.0,0.0,,0.0,1,0.48,0.78,SPY221209C00417000,417.0,normalDay
2022-11-23,10410.0,1615.0,0.0,100,402.42,386.0,0,0.0,0.0,,0.0,1,0.48,0.75,SPY221209C00417000,417.0,normalDay
2022-11-25,10410.0,1625.0,0.0,100,402.33,386.0,0,0.0,0.0,,0.0,1,0.48,0.56,SPY221209C00417000,417.0,normalDay
2022-11-28,10410.0,1022.0,0.0,100,395.91,386.0,0,0.0,0.0,,0.0,1,0.48,0.17,SPY221209C00417000,417.0,normalDay
2022-11-29,10410.0,959.0,0.0,100,395.23,386.0,0,0.0,0.0,,0.0,1,0.48,0.12,SPY221209C00417000,417.0,normalDay
2022-11-30,10410.0,2092.0,0.0,100,407.68,386.0,0,0.0,0.0,,0.0,1,0.48,1.24,SPY221209C00417000,417.0,normalDay
2022-12-01,10410.0,2108.0,0.0,100,407.38,386.0,0,0.0,0.0,,0.0,1,0.48,0.78,SPY221209C00417000,417.0,normalDay
2022-12-02,10410.0,2109.0,0.0,100,406.91,386.0,0,0.0,0.0,,0.0,1,0.48,0.3,SPY221209C00417000,417.0,normalDay
2022-12-05,10410.0,1402.0,0.0,100,399.59,386.0,0,0.0,0.0,,0.0,1,0.48,0.05,SPY221209C00417000,417.0,normalDay
2022-12-06,10410.0,829.0,0.0,100,393.83,386.0,0,0.0,0.0,,0.0,1,0.48,0.02,SPY221209C00417000,417.0,normalDay
2022-12-07,10410.0,762.0,0.0,100,393.16,386.0,0,0.0,0.0,,0.0,1,0.48,0.02,SPY221209C00417000,417.0,normalDay
2022-12-08,10410.0,1071.0,0.0,100,396.24,386.0,0,0.0,0.0,,0.0,1,0.48,0.01,SPY221209C00417000,417.0,normalDay
2022-12-09,10458.0,728.0,48.0,100,393.28,386.0,0,0.0,0.0,,0.0,1,0.48,0.0,SPY221209C00417000,417.0,expirationDay
2022-12-12,10458.0,1290.0,0.0,100,398.95,386.0,0,0.0,0.0,,0.0,1,2.14,2.19,SPY221230C00414000,414.0,normalDay
2022-12-13,10458.0,1601.0,0.0,100,401.97,386.0,0,0.0,0.0,,0.0,1,2.14,2.1,SPY221230C00414000,414.0,normalDay
2022-12-14,10458.0,1449.0,0.0,100,399.4,386.0,0,0.0,0.0,,0.0,1,2.14,1.05,SPY221230C00414000,414.0,normalDay
2022-12-15,10458.0,553.0,0.0,100,389.63,386.0,0,0.0,0.0,,0.0,1,2.14,0.24,SPY221230C00414000,414.0,normalDay
2022-12-16,10458.0,-69.0,0.0,100,383.27,386.0,0,0.0,0.0,,0.0,1,2.14,0.1,SPY221230C00414000,414.0,normalDay
2022-12-19,10458.0,-389.0,0.0,100,380.02,386.0,0,0.0,0.0,,0.0,1,2.14,0.05,SPY221230C00414000,414.0,normalDay
2022-12-20,10458.0,-337.0,0.0,100,380.54,386.0,0,0.0,0.0,,0.0,1,2.14,0.05,SPY221230C00414000,414.0,normalDay
2022-12-21,10458.0,232.0,0.0,100,386.23,386.0,0,0.0,0.0,,0.0,1,2.14,0.05,SPY221230C00414000,414.0,normalDay
2022-12-22,10458.0,-317.0,0.0,100,380.72,386.0,0,0.0,0.0,,0.0,1,2.14,0.03,SPY221230C00414000,414.0,normalDay
2022-12-23,10458.0,-97.0,0.0,100,382.91,386.0,0,0.0,0.0,,0.0,1,2.14,0.02,SPY221230C00414000,414.0,normalDay
2022-12-27,10458.0,-247.0,0.0,100,381.4,386.0,0,0.0,0.0,,0.0,1,2.14,0.01,SPY221230C00414000,414.0,normalDay
2022-12-28,10458.0,-721.0,0.0,100,376.66,386.0,0,0.0,0.0,,0.0,1,2.14,0.01,SPY221230C00414000,414.0,normalDay
2022-12-29,10458.0,-43.0,0.0,100,383.44,386.0,0,0.0,0.0,,0.0,1,2.14,0.01,SPY221230C00414000,414.0,normalDay
2022-12-30,10672.0,-357.0,214.0,100,382.43,386.0,0,0.0,0.0,,0.0,1,2.14,0.0,SPY221230C00414000,414.0,expirationDay
2023-01-03,10672.0,-521.0,0.0,100,380.82,386.0,0,0.0,0.0,,0.0,1,0.08,0.11,SPY230120C00416000,416.0,normalDay
2023-01-04,10672.0,-230.0,0.0,100,383.76,386.0,0,0.0,0.0,,0.0,1,0.08,0.14,SPY230120C00416000,416.0,normalDay
2023-01-05,10672.0,-662.0,0.0,100,379.38,386.0,0,0.0,0.0,,0.0,1,0.08,0.08,SPY230120C00416000,416.0,normalDay
2023-01-06,10672.0,202.0,0.0,100,388.08,386.0,0,0.0,0.0,,0.0,1,0.08,0.14,SPY230120C00416000,416.0,normalDay
2023-01-09,10672.0,181.0,0.0,100,387.86,386.0,0,0.0,0.0,,0.0,1,0.08,0.13,SPY230120C00416000,416.0,normalDay
2023-01-10,10672.0,454.0,0.0,100,390.58,386.0,0,0.0,0.0,,0.0,1,0.08,0.12,SPY230120C00416000,416.0,normalDay
2023-01-11,10672.0,928.0,0.0,100,395.52,386.0,0,0.0,0.0,,0.0,1,0.08,0.32,SPY230120C00416000,416.0,normalDay
2023-01-12,10672.0,1096.0,0.0,100,396.96,386.0,0,0.0,0.0,,0.0,1,0.08,0.08,SPY230120C00416000,416.0,normalDay
2023-01-13,10672.0,1254.0,0.0,100,398.5,386.0,0,0.0,0.0,,0.0,1,0.08,0.04,SPY230120C00416000,416.0,normalDay
2023-01-17,10672.0,1183.0,0.0,100,397.77,386.0,0,0.0,0.0,,0.0,1,0.08,0.02,SPY230120C00416000,416.0,normalDay
2023-01-18,10672.0,556.0,0.0,100,391.49,386.0,0,0.0,0.0,,0.0,1,0.08,0.01,SPY230120C00416000,416.0,normalDay
2023-01-19,10672.0,271.0,0.0,100,388.64,386.0,0,0.0,0.0,,0.0,1,0.08,0.01,SPY230120C00416000,416.0,normalDay
2023-01-20,10680.0,988.0,8.0,100,395.88,386.0,0,0.0,0.0,,0.0,1,0.08,0.0,SPY230120C00416000,416.0,expirationDay
2023-01-23,10680.0,1459.0,0.0,100,400.63,386.0,0,0.0,0.0,,0.0,1,1.91,1.95,SPY230210C00413000,413.0,normalDay
2023-01-24,10680.0,1413.0,0.0,100,400.2,386.0,0,0.0,0.0,,0.0,1,1.91,1.98,SPY230210C00413000,413.0,normalDay
2023-01-25,10680.0,1463.0,0.0,100,400.35,386.0,0,0.0,0.0,,0.0,1,1.91,1.63,SPY230210C00413000,413.0,normalDay
2023-01-26,10680.0,1812.0,0.0,100,404.75,386.0,0,0.0,0.0,,0.0,1,1.91,2.54,SPY230210C00413000,413.0,normalDay
2023-01-27,10680.0,1893.0,0.0,100,405.68,386.0,0,0.0,0.0,,0.0,1,1.91,2.66,SPY230210C00413000,413.0,normalDay
2023-01-30,10680.0,1495.0,0.0,100,400.59,386.0,0,0.0,0.0,,0.0,1,1.91,1.55,SPY230210C00413000,413.0,normalDay
2023-01-31,10680.0,1972.0,0.0,100,406.48,386.0,0,0.0,0.0,,0.0,1,1.91,2.67,SPY230210C00413000,413.0,normalDay
2023-02-01,10680.0,2262.0,0.0,100,410.8,386.0,0,0.0,0.0,,0.0,1,1.91,4.09,SPY230210C00413000,413.0,normalDay
2023-02-02,10680.0,2671.0,0.0,100,416.78,386.0,0,0.0,0.0,,0.0,1,1.91,5.98,SPY230210C00413000,413.0,normalDay
2023-02-03,10680.0,2475.0,0.0,100,412.35,386.0,0,0.0,0.0,,0.0,1,1.91,3.51,SPY230210C00413000,413.0,normalDay
2023-02-06,10680.0,2360.0,0.0,100,409.83,386.0,0,0.0,0.0,,0.0,1,1.91,2.14,SPY230210C00413000,413.0,normalDay
2023-02-07,10680.0,2739.0,0.0,100,415.19,386.0,0,0.0,0.0,,0.0,1,1.91,3.71,SPY230210C00413000,413.0,normalDay
2023-02-08,10680.0,2504.0,0.0,100,410.65,386.0,0,0.0,0.0,,0.0,1,1.91,1.52,SPY230210C00413000,413.0,normalDay
2023-02-09,10680.0,2277.0,0.0,100,407.09,386.0,0,0.0,0.0,,0.0,1,1.91,0.23,SPY230210C00413000,413.0,normalDay
2023-02-10,10871.0,2204.0,191.0,100,408.04,386.0,0,0.0,0.0,,0.0,1,1.91,0.0,SPY230210C00413000,413.0,expirationDay
2023-02-13,10871.0,2680.0,0.0,100,412.83,386.0,0,0.0,0.0,,0.0,1,0.87,0.9,SPY230303C00431000,431.0,normalDay
2023-02-14,10871.0,2706.0,0.0,100,412.64,386.0,0,0.0,0.0,,0.0,1,0.87,0.45,SPY230303C00431000,431.0,normalDay
2023-02-15,10871.0,2842.0,0.0,100,413.98,386.0,0,0.0,0.0,,0.0,1,0.87,0.43,SPY230303C00431000,431.0,normalDay
2023-02-16,10871.0,2299.0,0.0,100,408.28,386.0,0,0.0,0.0,,0.0,1,0.87,0.16,SPY230303C00431000,431.0,normalDay
2023-02-17,10871.0,2206.0,0.0,100,407.26,386.0,0,0.0,0.0,,0.0,1,0.87,0.07,SPY230303C00431000,431.0,normalDay
2023-02-21,10871.0,1393.0,0.0,100,399.09,386.0,0,0.0,0.0,,0.0,1,0.87,0.03,SPY230303C00431000,431.0,normalDay
2023-02-22,10871.0,1340.0,0.0,100,398.54,386.0,0,0.0,0.0,,0.0,1,0.87,0.01,SPY230303C00431000,431.0,normalDay
2023-02-23,10871.0,1552.0,0.0,100,400.66,386.0,0,0.0,0.0,,0.0,1,0.87,0.01,SPY230303C00431000,431.0,normalDay
2023-02-24,10871.0,1124.0,0.0,100,396.38,386.0,0,0.0,0.0,,0.0,1,0.87,0.01,SPY230303C00431000,431.0,normalDay
2023-02-27,10871.0,1259.0,0.0,100,397.73,386.0,0,0.0,0.0,,0.0,1,0.87,0.01,SPY230303C00431000,431.0,normalDay
2023-02-28,10871.0,1112.0,0.0,100,396.26,386.0,0,0.0,0.0,,0.0,1,0.87,0.01,SPY230303C00431000,431.0,normalDay
2023-03-01,10871.0,960.0,0.0,100,394.74,386.0,0,0.0,0.0,,0.0,1,0.87,0.01,SPY230303C00431000,431.0,normalDay
2023-03-02,10871.0,1267.0,0.0,100,397.81,386.0,0,0.0,0.0,,0.0,1,0.87,0.01,SPY230303C00431000,431.0,normalDay
2023-03-03,10958.0,1819.0,87.0,100,404.19,386.0,0,0.0,0.0,,0.0,1,0.87,0.0,SPY230303C00431000,431.0,expirationDay
2023-03-06,10958.0,1844.0,0.0,100,404.47,386.0,0,0.0,0.0,,0.0,1,0.38,0.41,SPY230324C00427000,427.0,normalDay
2023-03-07,10958.0,1249.0,0.0,100,398.27,386.0,0,0.0,0.0,,0.0,1,0.38,0.16,SPY230324C00427000,427.0,normalDay
2023-03-08,10958.0,1316.0,0.0,100,398.92,386.0,0,0.0,0.0,,0.0,1,0.38,0.14,SPY230324C00427000,427.0,normalDay
2023-03-09,10958.0,586.0,0.0,100,391.56,386.0,0,0.0,0.0,,0.0,1,0.38,0.08,SPY230324C00427000,427.0,normalDay
2023-03-10,10958.0,26.0,0.0,100,385.91,386.0,0,0.0,0.0,,0.0,1,0.38,0.03,SPY230324C00427000,427.0,normalDay
2023-03-13,10958.0,-30.0,0.0,100,385.36,386.0,0,0.0,0.0,,0.0,1,0.38,0.04,SPY230324C00427000,427.0,normalDay
2023-03-14,10958.0,609.0,0.0,100,391.73,386.0,0,0.0,0.0,,0.0,1,0.38,0.02,SPY230324C00427000,427.0,normalDay
2023-03-15,10958.0,364.0,0.0,100,389.28,386.0,0,0.0,0.0,,0.0,1,0.38,0.02,SPY230324C00427000,427.0,normalDay
2023-03-16,10958.0,1045.0,0.0,100,396.11,386.0,0,0.0,0.0,,0.0,1,0.38,0.04,SPY230324C00427000,427.0,normalDay
2023-03-17,10958.0,435.0,0.0,100,389.99,386.0,0,0.0,0.0,,0.0,1,0.38,0.02,SPY230324C00427000,427.0,normalDay
2023-03-20,10958.0,810.0,0.0,100,393.74,386.0,0,0.0,0.0,,0.0,1,0.38,0.02,SPY230324C00427000,427.0,normalDay
2023-03-21,10958.0,1328.0,0.0,100,398.91,386.0,0,0.0,0.0,,0.0,1,0.38,0.01,SPY230324C00427000,427.0,normalDay
2023-03-22,10958.0,648.0,0.0,100,392.11,386.0,0,0.0,0.0,,0.0,1,0.38,0.01,SPY230324C00427000,427.0,normalDay
2023-03-23,10958.0,754.0,0.0,100,393.17,386.0,0,0.0,0.0,,0.0,1,0.38,0.01,SPY230324C00427000,427.0,normalDay
2023-03-24,10996.0,975.0,38.0,100,395.75,386.0,0,0.0,0.0,,0.0,1,0.38,0.0,SPY230324C00427000,427.0,expirationDay
2023-03-27,10996.0,1045.0,0.0,100,396.49,386.0,0,0.0,0.0,,0.0,1,1.1,1.14,SPY230414C00412000,412.0,normalDay
2023-03-28,10996.0,982.0,0.0,100,395.6,386.0,0,0.0,0.0,,0.0,1,1.1,0.88,SPY230414C00412000,412.0,normalDay
2023-03-29,10996.0,1479.0,0.0,100,401.35,386.0,0,0.0,0.0,,0.0,1,1.1,1.66,SPY230414C00412000,412.0,normalDay
2023-03-30,10996.0,1671.0,0.0,100,403.7,386.0,0,0.0,0.0,,0.0,1,1.1,2.09,SPY230414C00412000,412.0,normalDay
2023-03-31,10996.0,2021.0,0.0,100,409.39,386.0,0,0.0,0.0,,0.0,1,1.1,4.28,SPY230414C00412000,412.0,normalDay
2023-04-03,10996.0,2168.0,0.0,100,410.95,386.0,0,0.0,0.0,,0.0,1,1.1,4.37,SPY230414C00412000,412.0,normalDay
2023-04-04,10996.0,2068.0,0.0,100,408.67,386.0,0,0.0,0.0,,0.0,1,1.1,3.09,SPY230414C00412000,412.0,normalDay
2023-04-05,10996.0,2040.0,0.0,100,407.6,386.0,0,0.0,0.0,,0.0,1,1.1,2.3,SPY230414C00412000,412.0,normalDay
2023-04-06,10996.0,2185.0,0.0,100,409.19,386.0,0,0.0,0.0,,0.0,1,1.1,2.44,SPY230414C00412000,412.0,normalDay
2023-04-10,10996.0,2254.0,0.0,100,409.61,386.0,0,0.0,0.0,,0.0,1,1.1,2.17,SPY230414C00412000,412.0,normalDay
2023-04-11,10996.0,2287.0,0.0,100,409.72,386.0,0,0.0,0.0,,0.0,1,1.1,1.95,SPY230414C00412000,412.0,normalDay
2023-04-12,10996.0,2262.0,0.0,100,408.05,386.0,0,0.0,0.0,,0.0,1,1.1,0.53,SPY230414C00412000,412.0,normalDay
2023-04-13,10996.0,2632.0,0.0,100,413.47,386.0,0,0.0,0.0,,0.0,1,1.1,2.25,SPY230414C00412000,412.0,normalDay
2023-04-14,13706.0,2632.0,2710.0,0,412.46,0.0,0,0.0,0.0,,0.0,1,1.1,0.0,SPY230414C00412000,412.0,expirationDay
2023-04-17,13706.0,-3.0,0.0,0,413.94,0.0,1,1.51,1.54,SPY230519P00389000,389.0,0,0.0,0.0,,0.0,normalDay
2023-04-18,13706.0,-1.0,0.0,0,414.21,0.0,1,1.51,1.52,SPY230519P00389000,389.0,0,0.0,0.0,,0.0,normalDay
2023-04-19,13706.0,6.0,0.0,0,414.14,0.0,1,1.51,1.45,SPY230519P00389000,389.0,0,0.0,0.0,,0.0,normalDay
2023-04-20,13706.0,-17.0,0.0,0,411.88,0.0,1,1.51,1.68,SPY230519P00389000,389.0,0,0.0,0.0,,0.0,normalDay
2023-04-21,13706.0,-2.0,0.0,0,412.2,0.0,1,1.51,1.53,SPY230519P00389000,389.0,0,0.0,0.0,,0.0,normalDay
2023-04-24,13706.0,21.0,0.0,0,412.63,0.0,1,1.51,1.3,SPY230519P00389000,389.0,0,0.0,0.0,,0.0,normalDay
2023-04-25,13706.0,-74.0,0.0,0,406.08,0.0,1,1.51,2.25,SPY230519P00389000,389.0,0,0.0,0.0,,0.0,normalDay
2023-04-26,13706.0,-104.0,0.0,0,404.36,0.0,1,1.51,2.55,SPY230519P00389000,389.0,0,0.0,0.0,,0.0,normalDay
2023-04-27,13706.0,49.0,0.0,0,412.41,0.0,1,1.51,1.02,SPY230519P00389000,389.0,0,0.0,0.0,,0.0,normalDay
2023-04-28,13706.0,84.0,0.0,0,415.93,0.0,1,1.51,0.67,SPY230519P00389000,389.0,0,0.0,0.0,,0.0,normalDay
2023-05-01,13706.0,91.0,0.0,0,415.51,0.0,1,1.51,0.6,SPY230519P00389000,389.0,0,0.0,0.0,,0.0,normalDay
2023-05-02,13706.0,48.0,0.0,0,410.84,0.0,1,1.51,1.03,SPY230519P00389000,389.0,0,0.0,0.0,,0.0,normalDay
2023-05-03,13706.0,28.0,0.0,0,408.02,0.0,1,1.51,1.23,SPY230519P00389000,389.0,0,0.0,0.0,,0.0,normalDay
2023-05-04,13706.0,-34.0,0.0,0,405.13,0.0,1,1.51,1.85,SPY230519P00389000,389.0,0,0.0,0.0,,0.0,normalDay
2023-05-05,13706.0,94.0,0.0,0,412.63,0.0,1,1.51,0.57,SPY230519P00389000,389.0,0,0.0,0.0,,0.0,normalDay
2023-05-08,13706.0,115.0,0.0,0,412.74,0.0,1,1.51,0.36,SPY230519P00389000,389.0,0,0.0,0.0,,0.0,normalDay
2023-05-09,13706.0,113.0,0.0,0,410.93,0.0,1,1.51,0.38,SPY230519P00389000,389.0,0,0.0,0.0,,0.0,normalDay
2023-05-10,13706.0,128.0,0.0,0,412.85,0.0,1,1.51,0.23,SPY230519P00389000,389.0,0,0.0,0.0,,0.0,normalDay
2023-05-11,13706.0,131.0,0.0,0,412.13,0.0,1,1.51,0.2,SPY230519P00389000,389.0,0,0.0,0.0,,0.0,normalDay
2023-05-12,13706.0,134.0,0.0,0,411.59,0.0,1,1.51,0.17,SPY230519P00389000,389.0,0,0.0,0.0,,0.0,normalDay
2023-05-15,13706.0,143.0,0.0,0,413.01,0.0,1,1.51,0.08,SPY230519P00389000,389.0,0,0.0,0.0,,0.0,normalDay
2023-05-16,13706.0,141.0,0.0,0,410.25,0.0,1,1.51,0.1,SPY230519P00389000,389.0,0,0.0,0.0,,0.0,normalDay
2023-05-17,13706.0,146.0,0.0,0,415.23,0.0,1,1.51,0.05,SPY230519P00389000,389.0,0,0.0,0.0,,0.0,normalDay
2023-05-18,13706.0,148.0,0.0,0,419.23,0.0,1,1.51,0.03,SPY230519P00389000,389.0,0,0.0,0.0,,0.0,normalDay
2023-05-19,13857.0,0.0,151.0,0,418.62,0.0,1,1.51,0.0,SPY230519P00389000,389.0,0,0.0,0.0,,0.0,expirationDay
2023-05-22,13857.0,-4.0,0.0,0,418.79,0.0,1,3.1,3.14,SPY230623P00404000,404.0,0,0.0,0.0,,0.0,normalDay
2023-05-23,13857.0,-129.0,0.0,0,414.09,0.0,1,3.1,4.39,SPY230623P00404000,404.0,0,0.0,0.0,,0.0,normalDay
2023-05-24,13857.0,-235.0,0.0,0,411.09,0.0,1,3.1,5.45,SPY230623P00404000,404.0,0,0.0,0.0,,0.0,normalDay
2023-05-25,13857.0,-110.0,0.0,0,414.65,0.0,1,3.1,4.2,SPY230623P00404000,404.0,0,0.0,0.0,,0.0,normalDay
2023-05-26,13857.0,35.0,0.0,0,420.02,0.0,1,3.1,2.75,SPY230623P00404000,404.0,0,0.0,0.0,,0.0,normalDay
2023-05-30,13857.0,86.0,0.0,0,420.18,0.0,1,3.1,2.24,SPY230623P00404000,404.0,0,0.0,0.0,,0.0,normalDay
2023-05-31,13857.0,64.0,0.0,0,417.85,0.0,1,3.1,2.46,SPY230623P00404000,404.0,0,0.0,0.0,,0.0,normalDay
2023-06-01,13857.0,172.0,0.0,0,421.82,0.0,1,3.1,1.38,SPY230623P00404000,404.0,0,0.0,0.0,,0.0,normalDay
2023-06-02,13857.0,240.0,0.0,0,427.92,0.0,1,3.1,0.7,SPY230623P00404000,404.0,0,0.0,0.0,,0.0,normalDay
2023-06-05,13857.0,249.0,0.0,0,427.1,0.0,1,3.1,0.61,SPY230623P00404000,404.0,0,0.0,0.0,,0.0,normalDay
2023-06-06,13857.0,262.0,0.0,0,428.03,0.0,1,3.1,0.48,SPY230623P00404000,404.0,0,0.0,0.0,,0.0,normalDay
2023-06-07,13857.0,260.0,0.0,0,426.55,0.0,1,3.1,0.5,SPY230623P00404000,404.0,0,0.0,0.0,,0.0,normalDay
2023-06-08,13857.0,274.0,0.0,0,429.13,0.0,1,3.1,0.36,SPY230623P00404000,404.0,0,0.0,0.0,,0.0,normalDay
2023-06-09,13857.0,280.0,0.0,0,429.9,0.0,1,3.1,0.3,SPY230623P00404000,404.0,0,0.0,0.0,,0.0,normalDay
2023-06-12,13857.0,288.0,0.0,0,433.8,0.0,1,3.1,0.22,SPY230623P00404000,404.0,0,0.0,0.0,,0.0,normalDay
2023-06-13,13857.0,292.0,0.0,0,436.66,0.0,1,3.1,0.18,SPY230623P00404000,404.0,0,0.0,0.0,,0.0,normalDay
2023-06-14,13857.0,299.0,0.0,0,437.18,0.0,1,3.1,0.11,SPY230623P00404000,404.0,0,0.0,0.0,,0.0,normalDay
2023-06-15,13857.0,300.0,0.0,0,442.6,0.0,1,3.1,0.1,SPY230623P00404000,404.0,0,0.0,0.0,,0.0,normalDay
2023-06-16,13857.0,306.0,0.0,0,439.46,0.0,1,3.1,0.04,SPY230623P00404000,404.0,0,0.0,0.0,,0.0,normalDay
2023-06-20,13857.0,307.0,0.0,0,437.18,0.0,1,3.1,0.03,SPY230623P00404000,404.0,0,0.0,0.0,,0.0,normalDay
2023-06-21,13857.0,308.0,0.0,0,434.94,0.0,1,3.1,0.02,SPY230623P00404000,404.0,0,0.0,0.0,,0.0,normalDay
2023-06-22,13857.0,309.0,0.0,0,436.51,0.0,1,3.1,0.01,SPY230623P00404000,404.0,0,0.0,0.0,,0.0,normalDay
2023-06-23,14167.0,0.0,310.0,0,433.21,0.0,1,3.1,0.0,SPY230623P00404000,404.0,0,0.0,0.0,,0.0,expirationDay
2023-06-26,14167.0,-4.0,0.0,0,431.44,0.0,1,2.08,2.12,SPY230728P00417000,417.0,0,0.0,0.0,,0.0,normalDay
2023-06-27,14167.0,64.0,0.0,0,436.17,0.0,1,2.08,1.44,SPY230728P00417000,417.0,0,0.0,0.0,,0.0,normalDay
2023-06-28,14167.0,84.0,0.0,0,436.39,0.0,1,2.08,1.24,SPY230728P00417000,417.0,0,0.0,0.0,,0.0,normalDay
2023-06-29,14167.0,98.0,0.0,0,438.11,0.0,1,2.08,1.1,SPY230728P00417000,417.0,0,0.0,0.0,,0.0,normalDay
2023-06-30,14167.0,135.0,0.0,0,443.28,0.0,1,2.08,0.73,SPY230728P00417000,417.0,0,0.0,0.0,,0.0,normalDay
2023-07-03,14167.0,145.0,0.0,0,443.79,0.0,1,2.08,0.63,SPY230728P00417000,417.0,0,0.0,0.0,,0.0,normalDay
2023-07-05,14167.0,142.0,0.0,0,443.13,0.0,1,2.08,0.66,SPY230728P00417000,417.0,0,0.0,0.0,,0.0,normalDay
2023-07-06,14167.0,112.0,0.0,0,439.66,0.0,1,2.08,0.96,SPY230728P00417000,417.0,0,0.0,0.0,,0.0,normalDay
2023-07-07,14167.0,127.0,0.0,0,438.55,0.0,1,2.08,0.81,SPY230728P00417000,417.0,0,0.0,0.0,,0.0,normalDay
2023-07-10,14167.0,142.0,0.0,0,439.66,0.0,1,2.08,0.66,SPY230728P00417000,417.0,0,0.0,0.0,,0.0,normalDay
2023-07-11,14167.0,158.0,0.0,0,442.46,0.0,1,2.08,0.5,SPY230728P00417000,417.0,0,0.0,0.0,,0.0,normalDay
2023-07-12,14167.0,181.0,0.0,0,446.02,0.0,1,2.08,0.27,SPY230728P00417000,417.0,0,0.0,0.0,,0.0,normalDay
2023-07-13,14167.0,183.0,0.0,0,449.56,0.0,1,2.08,0.25,SPY230728P00417000,417.0,0,0.0,0.0,,0.0,normalDay
2023-07-14,14167.0,188.0,0.0,0,449.28,0.0,1,2.08,0.2,SPY230728P00417000,417.0,0,0.0,0.0,,0.0,normalDay
2023-07-17,14167.0,194.0,0.0,0,450.84,0.0,1,2.08,0.14,SPY230728P00417000,417.0,0,0.0,0.0,,0.0,normalDay
2023-07-18,14167.0,196.0,0.0,0,454.19,0.0,1,2.08,0.12,SPY230728P00417000,417.0,0,0.0,0.0,,0.0,normalDay
2023-07-19,14167.0,198.0,0.0,0,455.2,0.0,1,2.08,0.1,SPY230728P00417000,417.0,0,0.0,0.0,,0.0,normalDay
2023-07-20,14167.0,198.0,0.0,0,452.18,0.0,1,2.08,0.1,SPY230728P00417000,417.0,0,0.0,0.0,,0.0,normalDay
2023-07-21,14167.0,203.0,0.0,0,452.18,0.0,1,2.08,0.05,SPY230728P00417000,417.0,0,0.0,0.0,,0.0,normalDay
2023-07-24,14167.0,205.0,0.0,0,454.2,0.0,1,2.08,0.03,SPY230728P00417000,417.0,0,0.0,0.0,,0.0,normalDay
2023-07-25,14167.0,205.0,0.0,0,455.44,0.0,1,2.08,0.03,SPY230728P00417000,417.0,0,0.0,0.0,,0.0,normalDay
2023-07-26,14167.0,206.0,0.0,0,455.51,0.0,1,2.08,0.02,SPY230728P00417000,417.0,0,0.0,0.0,,0.0,normalDay
2023-07-27,14167.0,205.0,0.0,0,452.49,0.0,1,2.08,0.03,SPY230728P00417000,417.0,0,0.0,0.0,,0.0,normalDay
2023-07-28,14375.0,0.0,208.0,0,456.92,0.0,1,2.08,0.0,SPY230728P00417000,417.0,0,0.0,0.0,,0.0,expirationDay
2023-07-31,14375.0,-3.0,0.0,0,457.79,0.0,1,1.31,1.34,SPY230901P00437000,437.0,0,0.0,0.0,,0.0,normalDay
2023-08-01,14375.0,-16.0,0.0,0,456.48,0.0,1,1.31,1.47,SPY230901P00437000,437.0,0,0.0,0.0,,0.0,normalDay
2023-08-02,14375.0,-146.0,0.0,0,450.13,0.0,1,1.31,2.77,SPY230901P00437000,437.0,0,0.0,0.0,,0.0,normalDay
2023-08-03,14375.0,-139.0,0.0,0,448.84,0.0,1,1.31,2.7,SPY230901P00437000,437.0,0,0.0,0.0,,0.0,normalDay
2023-08-04,14375.0,-222.0,0.0,0,446.81,0.0,1,1.31,3.53,SPY230901P00437000,437.0,0,0.0,0.0,,0.0,normalDay
2023-08-07,14375.0,-89.0,0.0,0,450.71,0.0,1,1.31,2.2,SPY230901P00437000,437.0,0,0.0,0.0,,0.0,normalDay
2023-08-08,14375.0,-124.0,0.0,0,448.75,0.0,1,1.31,2.55,SPY230901P00437000,437.0,0,0.0,0.0,,0.0,normalDay
2023-08-09,14375.0,-168.0,0.0,0,445.75,0.0,1,1.31,2.99,SPY230901P00437000,437.0,0,0.0,0.0,,0.0,normalDay
2023-08-10,14375.0,-165.0,0.0,0,445.91,0.0,1,1.31,2.96,SPY230901P00437000,437.0,0,0.0,0.0,,0.0,normalDay
2023-08-11,14375.0,-121.0,0.0,0,445.65,0.0,1,1.31,2.52,SPY230901P00437000,437.0,0,0.0,0.0,,0.0,normalDay
2023-08-14,14375.0,-46.0,0.0,0,448.11,0.0,1,1.31,1.77,SPY230901P00437000,437.0,0,0.0,0.0,,0.0,normalDay
2023-08-15,14375.0,-188.0,0.0,0,442.89,0.0,1,1.31,3.19,SPY230901P00437000,437.0,0,0.0,0.0,,0.0,normalDay
2023-08-16,14375.0,-268.0,0.0,0,439.64,0.0,1,1.31,3.99,SPY230901P00437000,437.0,0,0.0,0.0,,0.0,normalDay
2023-08-17,14375.0,-425.0,0.0,0,436.29,0.0,1,1.31,5.56,SPY230901P00437000,437.0,0,0.0,0.0,,0.0,normalDay
2023-08-18,14375.0,-368.0,0.0,0,436.5,0.0,1,1.31,4.99,SPY230901P00437000,437.0,0,0.0,0.0,,0.0,normalDay
2023-08-21,14375.0,-219.0,0.0,0,439.34,0.0,1,1.31,3.5,SPY230901P00437000,437.0,0,0.0,0.0,,0.0,normalDay
2023-08-22,14375.0,-230.0,0.0,0,438.15,0.0,1,1.31,3.61,SPY230901P00437000,437.0,0,0.0,0.0,,0.0,normalDay
2023-08-23,14375.0,-44.0,0.0,0,443.03,0.0,1,1.31,1.75,SPY230901P00437000,437.0,0,0.0,0.0,,0.0,normalDay
2023-08-24,14375.0,-240.0,0.0,0,436.89,0.0,1,1.31,3.71,SPY230901P00437000,437.0,0,0.0,0.0,,0.0,normalDay
2023-08-25,14375.0,-54.0,0.0,0,439.97,0.0,1,1.31,1.85,SPY230901P00437000,437.0,0,0.0,0.0,,0.0,normalDay
2023-08-28,14375.0,58.0,0.0,0,442.76,0.0,1,1.31,0.73,SPY230901P00437000,437.0,0,0.0,0.0,,0.0,normalDay
2023-08-29,14375.0,116.0,0.0,0,449.16,0.0,1,1.31,0.15,SPY230901P00437000,437.0,0,0.0,0.0,,0.0,normalDay
2023-08-30,14375.0,124.0,0.0,0,451.01,0.0,1,1.31,0.07,SPY230901P00437000,437.0,0,0.0,0.0,,0.0,normalDay
2023-08-31,14375.0,128.0,0.0,0,450.35,0.0,1,1.31,0.03,SPY230901P00437000,437.0,0,0.0,0.0,,0.0,normalDay
2023-09-01,14506.0,0.0,131.0,0,451.19,0.0,1,1.31,0.0,SPY230901P00437000,437.0,0,0.0,0.0,,0.0,expirationDay
2023-09-05,14506.0,-3.0,0.0,0,449.24,0.0,1,2.17,2.2,SPY231006P00434000,434.0,0,0.0,0.0,,0.0,normalDay
2023-09-06,14506.0,-64.0,0.0,0,446.22,0.0,1,2.17,2.81,SPY231006P00434000,434.0,0,0.0,0.0,,0.0,normalDay
2023-09-07,14506.0,-82.0,0.0,0,444.85,0.0,1,2.17,2.99,SPY231006P00434000,434.0,0,0.0,0.0,,0.0,normalDay
2023-09-08,14506.0,-27.0,0.0,0,445.52,0.0,1,2.17,2.44,SPY231006P00434000,434.0,0,0.0,0.0,,0.0,normalDay
2023-09-11,14506.0,41.0,0.0,0,448.45,0.0,1,2.17,1.76,SPY231006P00434000,434.0,0,0.0,0.0,,0.0,normalDay
2023-09-12,14506.0,2.0,0.0,0,445.99,0.0,1,2.17,2.15,SPY231006P00434000,434.0,0,0.0,0.0,,0.0,normalDay
2023-09-13,14506.0,47.0,0.0,0,446.51,0.0,1,2.17,1.7,SPY231006P00434000,434.0,0,0.0,0.0,,0.0,normalDay
2023-09-14,14506.0,117.0,0.0,0,450.36,0.0,1,2.17,1.0,SPY231006P00434000,434.0,0,0.0,0.0,,0.0,normalDay
2023-09-15,14506.0,32.0,0.0,0,443.37,0.0,1,2.17,1.85,SPY231006P00434000,434.0,0,0.0,0.0,,0.0,normalDay
2023-09-18,14506.0,49.0,0.0,0,443.63,0.0,1,2.17,1.68,SPY231006P00434000,434.0,0,0.0,0.0,,0.0,normalDay
2023-09-19,14506.0,37.0,0.0,0,442.71,0.0,1,2.17,1.8,SPY231006P00434000,434.0,0,0.0,0.0,,0.0,normalDay
2023-09-20,14506.0,-76.0,0.0,0,438.64,0.0,1,2.17,2.93,SPY231006P00434000,434.0,0,0.0,0.0,,0.0,normalDay
2023-09-21,14506.0,-405.0,0.0,0,431.39,0.0,1,2.17,6.22,SPY231006P00434000,434.0,0,0.0,0.0,,0.0,normalDay
2023-09-22,14506.0,-421.0,0.0,0,430.42,0.0,1,2.17,6.38,SPY231006P00434000,434.0,0,0.0,0.0,,0.0,normalDay
2023-09-25,14506.0,-290.0,0.0,0,432.23,0.0,1,2.17,5.07,SPY231006P00434000,434.0,0,0.0,0.0,,0.0,normalDay
2023-09-26,14506.0,-687.0,0.0,0,425.88,0.0,1,2.17,9.04,SPY231006P00434000,434.0,0,0.0,0.0,,0.0,normalDay
2023-09-27,14506.0,-657.0,0.0,0,426.05,0.0,1,2.17,8.74,SPY231006P00434000,434.0,0,0.0,0.0,,0.0,normalDay
2023-09-28,14506.0,-488.0,0.0,0,428.52,0.0,1,2.17,7.05,SPY231006P00434000,434.0,0,0.0,0.0,,0.0,normalDay
2023-09-29,14506.0,-509.0,0.0,0,427.48,0.0,1,2.17,7.26,SPY231006P00434000,434.0,0,0.0,0.0,,0.0,normalDay
2023-10-02,14506.0,-486.0,0.0,0,427.31,0.0,1,2.17,7.03,SPY231006P00434000,434.0,0,0.0,0.0,,0.0,normalDay
2023-10-03,14506.0,-1007.0,0.0,0,421.59,0.0,1,2.17,12.24,SPY231006P00434000,434.0,0,0.0,0.0,,0.0,normalDay
2023-10-04,14506.0,-750.0,0.0,0,424.66,0.0,1,2.17,9.67,SPY231006P00434000,434.0,0,0.0,0.0,,0.0,normalDay
2023-10-05,14506.0,-774.0,0.0,0,424.5,0.0,1,2.17,9.91,SPY231006P00434000,434.0,0,0.0,0.0,,0.0,normalDay
2023-10-06,14723.0,-446.0,217.0,100,429.54,434.0,1,2.17,0.0,SPY231006P00434000,434.0,0,0.0,0.0,,0.0,expirationDay
2023-10-09,14723.0,-174.0,0.0,100,432.29,434.0,0,0.0,0.0,,0.0,1,0.02,0.05,SPY231027C00464000,464.0,normalDay
2023-10-10,14723.0,51.0,0.0,100,434.54,434.0,0,0.0,0.0,,0.0,1,0.02,0.05,SPY231027C00464000,464.0,normalDay
2023-10-11,14723.0,230.0,0.0,100,436.32,434.0,0,0.0,0.0,,0.0,1,0.02,0.04,SPY231027C00464000,464.0,normalDay
2023-10-12,14723.0,-35.0,0.0,100,433.66,434.0,0,0.0,0.0,,0.0,1,0.02,0.03,SPY231027C00464000,464.0,normalDay
2023-10-13,14723.0,-250.0,0.0,100,431.5,434.0,0,0.0,0.0,,0.0,1,0.02,0.02,SPY231027C00464000,464.0,normalDay
2023-10-16,14723.0,203.0,0.0,100,436.04,434.0,0,0.0,0.0,,0.0,1,0.02,0.03,SPY231027C00464000,464.0,normalDay
2023-10-17,14723.0,202.0,0.0,100,436.02,434.0,0,0.0,0.0,,0.0,1,0.02,0.02,SPY231027C00464000,464.0,normalDay
2023-10-18,14723.0,-379.0,0.0,100,430.21,434.0,0,0.0,0.0,,0.0,1,0.02,0.02,SPY231027C00464000,464.0,normalDay
2023-10-19,14723.0,-757.0,0.0,100,426.43,434.0,0,0.0,0.0,,0.0,1,0.02,0.02,SPY231027C00464000,464.0,normalDay
2023-10-20,14723.0,-1281.0,0.0,100,421.19,434.0,0,0.0,0.0,,0.0,1,0.02,0.02,SPY231027C00464000,464.0,normalDay
2023-10-23,14723.0,-1353.0,0.0,100,420.46,434.0,0,0.0,0.0,,0.0,1,0.02,0.01,SPY231027C00464000,464.0,normalDay
2023-10-24,14723.0,-1036.0,0.0,100,423.63,434.0,0,0.0,0.0,,0.0,1,0.02,0.01,SPY231027C00464000,464.0,normalDay
2023-10-25,14723.0,-1644.0,0.0,100,417.55,434.0,0,0.0,0.0,,0.0,1,0.02,0.01,SPY231027C00464000,464.0,normalDay
2023-10-26,14723.0,-2144.0,0.0,100,412.55,434.0,0,0.0,0.0,,0.0,1,0.02,0.01,SPY231027C00464000,464.0,normalDay
2023-10-27,14725.0,-2332.0,2.0,100,410.68,434.0,0,0.0,0.0,,0.0,1,0.02,0.0,SPY231027C00464000,464.0,expirationDay
2023-10-30,14725.0,-1844.0,0.0,100,415.59,434.0,0,0.0,0.0,,0.0,1,0.02,0.05,SPY231117C00453000,453.0,normalDay
2023-10-31,14725.0,-1582.0,0.0,100,418.2,434.0,0,0.0,0.0,,0.0,1,0.02,0.04,SPY231117C00453000,453.0,normalDay
2023-11-01,14725.0,-1137.0,0.0,100,422.66,434.0,0,0.0,0.0,,0.0,1,0.02,0.05,SPY231117C00453000,453.0,normalDay
2023-11-02,14725.0,-333.0,0.0,100,430.76,434.0,0,0.0,0.0,,0.0,1,0.02,0.11,SPY231117C00453000,453.0,normalDay
2023-11-03,14725.0,52.0,0.0,100,434.69,434.0,0,0.0,0.0,,0.0,1,0.02,0.19,SPY231117C00453000,453.0,normalDay
2023-11-06,14725.0,161.0,0.0,100,435.69,434.0,0,0.0,0.0,,0.0,1,0.02,0.1,SPY231117C00453000,453.0,normalDay
2023-11-07,14725.0,283.0,0.0,100,436.93,434.0,0,0.0,0.0,,0.0,1,0.02,0.12,SPY231117C00453000,453.0,normalDay
2023-11-08,14725.0,319.0,0.0,100,437.25,434.0,0,0.0,0.0,,0.0,1,0.02,0.08,SPY231117C00453000,453.0,normalDay
2023-11-09,14725.0,-18.0,0.0,100,433.84,434.0,0,0.0,0.0,,0.0,1,0.02,0.04,SPY231117C00453000,453.0,normalDay
2023-11-10,14725.0,652.0,0.0,100,440.61,434.0,0,0.0,0.0,,0.0,1,0.02,0.11,SPY231117C00453000,453.0,normalDay
2023-11-13,14725.0,614.0,0.0,100,440.19,434.0,0,0.0,0.0,,0.0,1,0.02,0.07,SPY231117C00453000,453.0,normalDay
2023-11-14,14725.0,1394.0,0.0,100,448.73,434.0,0,0.0,0.0,,0.0,1,0.02,0.81,SPY231117C00453000,453.0,normalDay
2023-11-15,14725.0,1518.0,0.0,100,449.68,434.0,0,0.0,0.0,,0.0,1,0.02,0.52,SPY231117C00453000,453.0,normalDay
2023-11-16,14725.0,1598.0,0.0,100,450.23,434.0,0,0.0,0.0,,0.0,1,0.02,0.27,SPY231117C00453000,453.0,normalDay
2023-11-17,14727.0,1679.0,2.0,100,450.79,434.0,0,0.0,0.0,,0.0,1,0.02,0.0,SPY231117C00453000,453.0,expirationDay
2023-11-20,14727.0,2023.0,0.0,100,454.26,434.0,0,0.0,0.0,,0.0,1,0.03,0.06,SPY231208C00480000,480.0,normalDay
2023-11-21,14727.0,1925.0,0.0,100,453.27,434.0,0,0.0,0.0,,0.0,1,0.03,0.05,SPY231208C00480000,480.0,normalDay
2023-11-22,14727.0,2101.0,0.0,100,455.02,434.0,0,0.0,0.0,,0.0,1,0.03,0.04,SPY231208C00480000,480.0,normalDay
2023-11-24,14727.0,2130.0,0.0,100,455.3,434.0,0,0.0,0.0,,0.0,1,0.03,0.03,SPY231208C00480000,480.0,normalDay
2023-11-27,14727.0,2049.0,0.0,100,454.48,434.0,0,0.0,0.0,,0.0,1,0.03,0.02,SPY231208C00480000,480.0,normalDay
2023-11-28,14727.0,2094.0,0.0,100,454.93,434.0,0,0.0,0.0,,0.0,1,0.03,0.02,SPY231208C00480000,480.0,normalDay
2023-11-29,14727.0,2062.0,0.0,100,454.61,434.0,0,0.0,0.0,,0.0,1,0.03,0.02,SPY231208C00480000,480.0,normalDay
2023-11-30,14727.0,2241.0,0.0,100,456.4,434.0,0,0.0,0.0,,0.0,1,0.03,0.02,SPY231208C00480000,480.0,normalDay
