date,totalCapital,unrializedPnL,rializedPnL,stocksOwned,stocksPriceToday,stocksPriceBoughtAt,putOwned,putOwnedSoldAt,putPriceToday,putOwnedContract,putOwnedStrike,callOwned,callOwnedSoldAt,callPriceToday,callOwnedContract,callOwnedStrike,trackType
2018-11-01,0.0,-3.0,0.0,0,273.51,0.0,1,0.02,0.05,SPY181102P00263000,263.0,0,0.0,0.0,,0.0,normalDay
2018-11-02,2.0,0.0,2.0,0,271.89,0.0,1,0.02,0.0,SPY181102P00263000,263.0,0,0.0,0.0,,0.0,expirationDay
2018-11-05,2.0,-3.0,0.0,0,273.39,0.0,1,0.21,0.24,SPY181107P00264000,264.0,0,0.0,0.0,,0.0,normalDay
2018-11-06,2.0,10.0,0.0,0,275.12,0.0,1,0.21,0.11,SPY181107P00264000,264.0,0,0.0,0.0,,0.0,normalDay
2018-11-07,23.0,0.0,21.0,0,281.01,0.0,1,0.21,0.0,SPY181107P00264000,264.0,0,0.0,0.0,,0.0,expirationDay
2018-11-08,23.0,0.0,0.0,0,280.5,0.0,0,0.0,0.0,,0.0,0,0.0,0.0,,0.0,bidTooLow
2018-11-09,23.0,0.0,0.0,0,277.76,0.0,0,0.0,0.0,,0.0,0,0.0,0.0,,0.0,bidTooLow
2018-11-12,23.0,-4.0,0.0,0,272.57,0.0,1,0.23,0.27,SPY181114P00264500,264.5,0,0.0,0.0,,0.0,normalDay
2018-11-13,23.0,15.0,0.0,0,272.06,0.0,1,0.23,0.08,SPY181114P00264500,264.5,0,0.0,0.0,,0.0,normalDay
2018-11-14,46.0,0.0,23.0,0,270.2,0.0,1,0.23,0.0,SPY181114P00264500,264.5,0,0.0,0.0,,0.0,expirationDay
2018-11-15,46.0,-3.0,0.0,0,273.02,0.0,1,0.04,0.07,SPY181116P00264500,264.5,0,0.0,0.0,,0.0,normalDay
2018-11-16,50.0,0.0,4.0,0,273.73,0.0,1,0.04,0.0,SPY181116P00264500,264.5,0,0.0,0.0,,0.0,expirationDay
2018-11-19,50.0,-5.0,0.0,0,269.1,0.0,1,0.37,0.42,SPY181121P00264000,264.0,0,0.0,0.0,,0.0,normalDay
2018-11-20,50.0,-116.0,0.0,0,264.12,0.0,1,0.37,1.53,SPY181121P00264000,264.0,0,0.0,0.0,,0.0,normalDay
2018-11-21,87.0,0.0,37.0,0,265.02,0.0,1,0.37,0.0,SPY181121P00264000,264.0,0,0.0,0.0,,0.0,expirationDay
2018-11-23,87.0,-7.0,0.0,0,263.25,0.0,1,1.23,1.3,SPY181126P00262500,262.5,0,0.0,0.0,,0.0,normalDay
2018-11-26,210.0,0.0,123.0,0,267.5,0.0,1,1.23,0.0,SPY181126P00262500,262.5,0,0.0,0.0,,0.0,expirationDay
2018-11-27,210.0,-4.0,0.0,0,268.4,0.0,1,0.48,0.52,SPY181130P00263000,263.0,0,0.0,0.0,,0.0,normalDay
2018-11-28,210.0,42.0,0.0,0,274.58,0.0,1,0.48,0.06,SPY181130P00263000,263.0,0,0.0,0.0,,0.0,normalDay
2018-11-29,210.0,46.0,0.0,0,273.98,0.0,1,0.48,0.02,SPY181130P00263000,263.0,0,0.0,0.0,,0.0,normalDay
2018-11-30,258.0,0.0,48.0,0,275.65,0.0,1,0.48,0.0,SPY181130P00263000,263.0,0,0.0,0.0,,0.0,expirationDay
2018-12-03,258.0,0.0,0.0,0,279.3,0.0,0,0.0,0.0,,0.0,0,0.0,0.0,,0.0,bidTooLow
2018-12-04,258.0,-6.0,0.0,0,270.25,0.0,1,0.62,0.68,SPY181207P00263500,263.5,0,0.0,0.0,,0.0,normalDay
2018-12-06,258.0,45.0,0.0,0,269.84,0.0,1,0.62,0.17,SPY181207P00263500,263.5,0,0.0,0.0,,0.0,normalDay
2018-12-07,320.0,0.0,62.0,0,263.57,0.0,1,0.62,0.0,SPY181207P00263500,263.5,0,0.0,0.0,,0.0,expirationDay
2018-12-10,320.0,-6.0,0.0,0,264.07,0.0,1,1.17,1.23,SPY181212P00262000,262.0,0,0.0,0.0,,0.0,normalDay
2018-12-11,320.0,39.0,0.0,0,264.13,0.0,1,1.17,0.78,SPY181212P00262000,262.0,0,0.0,0.0,,0.0,normalDay
2018-12-12,437.0,0.0,117.0,0,265.46,0.0,1,1.17,0.0,SPY181212P00262000,262.0,0,0.0,0.0,,0.0,expirationDay
2018-12-13,437.0,-3.0,0.0,0,265.37,0.0,1,0.22,0.25,SPY181214P00261000,261.0,0,0.0,0.0,,0.0,normalDay
2018-12-14,459.0,-53.0,22.0,100,260.47,261.0,1,0.22,0.0,SPY181214P00261000,261.0,0,0.0,0.0,,0.0,expirationDay
2018-12-17,459.0,-564.0,0.0,100,255.36,261.0,0,0.0,0.0,,0.0,0,0.0,0.0,,0.0,bidTooLow
2018-12-18,459.0,-592.0,0.0,100,255.08,261.0,0,0.0,0.0,,0.0,0,0.0,0.0,,0.0,bidTooLow
2018-12-19,459.0,-974.0,0.0,100,251.26,261.0,0,0.0,0.0,,0.0,0,0.0,0.0,,0.0,bidTooLow
2018-12-20,459.0,-1383.0,0.0,100,247.17,261.0,0,0.0,0.0,,0.0,0,0.0,0.0,,0.0,bidTooLow
2018-12-21,459.0,-2030.0,0.0,100,240.7,261.0,0,0.0,0.0,,0.0,0,0.0,0.0,,0.0,bidTooLow
2018-12-24,459.0,-2666.0,0.0,100,234.34,261.0,0,0.0,0.0,,0.0,0,0.0,0.0,,0.0,bidTooLow
2018-12-26,459.0,-1482.0,0.0,100,246.18,261.0,0,0.0,0.0,,0.0,0,0.0,0.0,,0.0,bidTooLow
2018-12-27,459.0,-1293.0,0.0,100,248.07,261.0,0,0.0,0.0,,0.0,0,0.0,0.0,,0.0,bidTooLow
2018-12-28,459.0,-1325.0,0.0,100,247.75,261.0,0,0.0,0.0,,0.0,0,0.0,0.0,,0.0,bidTooLow
2018-12-31,459.0,-1108.0,0.0,100,249.92,261.0,0,0.0,0.0,,0.0,0,0.0,0.0,,0.0,bidTooLow
2019-01-02,459.0,-1082.0,0.0,100,250.18,261.0,0,0.0,0.0,,0.0,0,0.0,0.0,,0.0,bidTooLow
2019-01-03,459.0,-1679.0,0.0,100,244.21,261.0,0,0.0,0.0,,0.0,0,0.0,0.0,,0.0,bidTooLow
2019-01-04,459.0,-861.0,0.0,100,252.39,261.0,0,0.0,0.0,,0.0,0,0.0,0.0,,0.0,bidTooLow
2019-01-07,459.0,-662.0,0.0,100,254.38,261.0,0,0.0,0.0,,0.0,0,0.0,0.0,,0.0,bidTooLow
2019-01-08,459.0,-423.0,0.0,100,256.77,261.0,0,0.0,0.0,,0.0,0,0.0,0.0,,0.0,bidTooLow
2019-01-09,459.0,-303.0,0.0,100,257.97,261.0,0,0.0,0.0,,0.0,0,0.0,0.0,,0.0,bidTooLow
2019-01-10,459.0,-212.0,0.0,100,258.88,261.0,0,0.0,0.0,,0.0,0,0.0,0.0,,0.0,bidTooLow
2019-01-11,459.0,-202.0,0.0,100,258.98,261.0,0,0.0,0.0,,0.0,0,0.0,0.0,,0.0,bidTooLow
2019-01-14,459.0,-363.0,0.0,100,257.4,261.0,0,0.0,0.0,,0.0,1,0.01,0.04,SPY190125C00273000,273.0,normalDay
2019-01-15,459.0,-70.0,0.0,100,260.35,261.0,0,0.0,0.0,,0.0,1,0.01,0.06,SPY190125C00273000,273.0,normalDay
2019-01-16,459.0,-8.0,0.0,100,260.98,261.0,0,0.0,0.0,,0.0,1,0.01,0.07,SPY190125C00273000,273.0,normalDay
2019-01-17,459.0,188.0,0.0,100,262.96,261.0,0,0.0,0.0,,0.0,1,0.01,0.09,SPY190125C00273000,273.0,normalDay
2019-01-18,459.0,523.0,0.0,100,266.46,261.0,0,0.0,0.0,,0.0,1,0.01,0.24,SPY190125C00273000,273.0,normalDay
2019-01-22,459.0,184.0,0.0,100,262.86,261.0,0,0.0,0.0,,0.0,1,0.01,0.03,SPY190125C00273000,273.0,normalDay
2019-01-23,459.0,241.0,0.0,100,263.41,261.0,0,0.0,0.0,,0.0,1,0.01,0.01,SPY190125C00273000,273.0,normalDay
2019-01-24,459.0,255.0,0.0,100,263.55,261.0,0,0.0,0.0,,0.0,1,0.01,0.01,SPY190125C00273000,273.0,normalDay
2019-01-25,460.0,478.0,1.0,100,265.78,261.0,0,0.0,0.0,,0.0,1,0.01,0.0,SPY190125C00273000,273.0,expirationDay
2019-01-28,460.0,273.0,0.0,100,263.76,261.0,0,0.0,0.0,,0.0,1,0.02,0.05,SPY190208C00278000,278.0,normalDay
2019-01-29,460.0,238.0,0.0,100,263.41,261.0,0,0.0,0.0,,0.0,1,0.02,0.05,SPY190208C00278000,278.0,normalDay
2019-01-30,460.0,649.0,0.0,100,267.58,261.0,0,0.0,0.0,,0.0,1,0.02,0.11,SPY190208C00278000,278.0,normalDay
2019-01-31,460.0,876.0,0.0,100,269.93,261.0,0,0.0,0.0,,0.0,1,0.02,0.19,SPY190208C00278000,278.0,normalDay
2019-02-01,460.0,900.0,0.0,100,270.06,261.0,0,0.0,0.0,,0.0,1,0.02,0.08,SPY190208C00278000,278.0,normalDay
2019-02-04,460.0,1092.0,0.0,100,271.96,261.0,0,0.0,0.0,,0.0,1,0.02,0.06,SPY190208C00278000,278.0,normalDay
2019-02-05,460.0,1203.0,0.0,100,273.1,261.0,0,0.0,0.0,,0.0,1,0.02,0.09,SPY190208C00278000,278.0,normalDay
2019-02-06,460.0,1174.0,0.0,100,272.74,261.0,0,0.0,0.0,,0.0,1,0.02,0.02,SPY190208C00278000,278.0,normalDay
2019-02-07,460.0,915.0,0.0,100,270.14,261.0,0,0.0,0.0,,0.0,1,0.02,0.01,SPY190208C00278000,278.0,normalDay
2019-02-08,462.0,947.0,2.0,100,270.47,261.0,0,0.0,0.0,,0.0,1,0.02,0.0,SPY190208C00278000,278.0,expirationDay
2019-02-11,462.0,959.0,0.0,100,270.62,261.0,0,0.0,0.0,,0.0,1,0.02,0.05,SPY190222C00281000,281.0,normalDay
2019-02-12,462.0,1292.0,0.0,100,274.1,261.0,0,0.0,0.0,,0.0,1,0.02,0.2,SPY190222C00281000,281.0,normalDay
2019-02-13,462.0,1379.0,0.0,100,274.99,261.0,0,0.0,0.0,,0.0,1,0.02,0.22,SPY190222C00281000,281.0,normalDay
2019-02-14,462.0,1325.0,0.0,100,274.38,261.0,0,0.0,0.0,,0.0,1,0.02,0.15,SPY190222C00281000,281.0,normalDay
2019-02-15,462.0,1604.0,0.0,100,277.37,261.0,0,0.0,0.0,,0.0,1,0.02,0.35,SPY190222C00281000,281.0,normalDay
2019-02-19,462.0,1671.0,0.0,100,277.85,261.0,0,0.0,0.0,,0.0,1,0.02,0.16,SPY190222C00281000,281.0,normalDay
2019-02-20,462.0,1727.0,0.0,100,278.41,261.0,0,0.0,0.0,,0.0,1,0.02,0.16,SPY190222C00281000,281.0,normalDay
2019-02-21,462.0,1641.0,0.0,100,277.42,261.0,0,0.0,0.0,,0.0,1,0.02,0.03,SPY190222C00281000,281.0,normalDay
2019-02-22,464.0,1814.0,2.0,100,279.14,261.0,0,0.0,0.0,,0.0,1,0.02,0.0,SPY190222C00281000,281.0,expirationDay
2019-02-25,464.0,1849.0,0.0,100,279.52,261.0,0,0.0,0.0,,0.0,1,0.08,0.11,SPY190308C00288000,288.0,normalDay
2019-02-26,464.0,1833.0,0.0,100,279.32,261.0,0,0.0,0.0,,0.0,1,0.08,0.07,SPY190308C00288000,288.0,normalDay
2019-02-27,464.0,1823.0,0.0,100,279.2,261.0,0,0.0,0.0,,0.0,1,0.08,0.05,SPY190308C00288000,288.0,normalDay
2019-02-28,464.0,1774.0,0.0,100,278.68,261.0,0,0.0,0.0,,0.0,1,0.08,0.02,SPY190308C00288000,288.0,normalDay
2019-03-01,464.0,1948.0,0.0,100,280.42,261.0,0,0.0,0.0,,0.0,1,0.08,0.02,SPY190308C00288000,288.0,normalDay
2019-03-04,464.0,1847.0,0.0,100,279.4,261.0,0,0.0,0.0,,0.0,1,0.08,0.01,SPY190308C00288000,288.0,normalDay
2019-03-05,464.0,1809.0,0.0,100,279.02,261.0,0,0.0,0.0,,0.0,1,0.08,0.01,SPY190308C00288000,288.0,normalDay
2019-03-06,464.0,1640.0,0.0,100,277.33,261.0,0,0.0,0.0,,0.0,1,0.08,0.01,SPY190308C00288000,288.0,normalDay
2019-03-07,464.0,1408.0,0.0,100,275.01,261.0,0,0.0,0.0,,0.0,1,0.08,0.01,SPY190308C00288000,288.0,normalDay
2019-03-08,472.0,1346.0,8.0,100,274.46,261.0,0,0.0,0.0,,0.0,1,0.08,0.0,SPY190308C00288000,288.0,expirationDay
2019-03-11,472.0,1741.0,0.0,100,278.44,261.0,0,0.0,0.0,,0.0,1,0.09,0.12,SPY190322C00285000,285.0,normalDay
2019-03-12,472.0,1845.0,0.0,100,279.49,261.0,0,0.0,0.0,,0.0,1,0.09,0.13,SPY190322C00285000,285.0,normalDay
2019-03-13,472.0,2007.0,0.0,100,281.34,261.0,0,0.0,0.0,,0.0,1,0.09,0.36,SPY190322C00285000,285.0,normalDay
2019-03-14,472.0,2004.0,0.0,100,281.16,261.0,0,0.0,0.0,,0.0,1,0.09,0.21,SPY190322C00285000,285.0,normalDay
2019-03-15,472.0,2012.0,0.0,100,281.31,261.0,0,0.0,0.0,,0.0,1,0.09,0.28,SPY190322C00285000,285.0,normalDay
2019-03-18,472.0,2101.0,0.0,100,282.33,261.0,0,0.0,0.0,,0.0,1,0.09,0.41,SPY190322C00285000,285.0,normalDay
2019-03-19,472.0,2113.0,0.0,100,282.4,261.0,0,0.0,0.0,,0.0,1,0.09,0.36,SPY190322C00285000,285.0,normalDay
2019-03-20,472.0,2054.0,0.0,100,281.55,261.0,0,0.0,0.0,,0.0,1,0.09,0.1,SPY190322C00285000,285.0,normalDay
2019-03-21,472.0,2328.0,0.0,100,284.73,261.0,0,0.0,0.0,,0.0,1,0.09,0.54,SPY190322C00285000,285.0,normalDay
2019-03-22,481.0,1825.0,9.0,100,279.25,261.0,0,0.0,0.0,,0.0,1,0.09,0.0,SPY190322C00285000,285.0,expirationDay
2019-03-25,481.0,1801.0,0.0,100,279.04,261.0,0,0.0,0.0,,0.0,1,0.22,0.25,SPY190405C00287500,287.5,normalDay
2019-03-26,481.0,2009.0,0.0,100,281.12,261.0,0,0.0,0.0,,0.0,1,0.22,0.25,SPY190405C00287500,287.5,normalDay
2019-03-27,481.0,1874.0,0.0,100,279.65,261.0,0,0.0,0.0,,0.0,1,0.22,0.13,SPY190405C00287500,287.5,normalDay
2019-03-28,481.0,1980.0,0.0,100,280.71,261.0,0,0.0,0.0,,0.0,1,0.22,0.13,SPY190405C00287500,287.5,normalDay
2019-03-29,481.0,2151.0,0.0,100,282.48,261.0,0,0.0,0.0,,0.0,1,0.22,0.19,SPY190405C00287500,287.5,normalDay
2019-04-01,481.0,2448.0,0.0,100,285.83,261.0,0,0.0,0.0,,0.0,1,0.22,0.57,SPY190405C00287500,287.5,normalDay
2019-04-02,481.0,2472.0,0.0,100,285.97,261.0,0,0.0,0.0,,0.0,1,0.22,0.47,SPY190405C00287500,287.5,normalDay
2019-04-03,481.0,2499.0,0.0,100,286.42,261.0,0,0.0,0.0,,0.0,1,0.22,0.65,SPY190405C00287500,287.5,normalDay
2019-04-04,481.0,2573.0,0.0,100,287.18,261.0,0,0.0,0.0,,0.0,1,0.22,0.67,SPY190405C00287500,287.5,normalDay
2019-04-05,3153.0,2573.0,2672.0,0,288.57,0.0,0,0.0,0.0,,0.0,1,0.22,0.0,SPY190405C00287500,287.5,expirationDay
2019-04-08,3153.0,0.0,0.0,0,288.79,0.0,0,0.0,0.0,,0.0,0,0.0,0.0,,0.0,bidTooLow
2019-04-09,3153.0,-3.0,0.0,0,287.31,0.0,1,0.02,0.05,SPY190412P00278000,278.0,0,0.0,0.0,,0.0,normalDay
2019-04-10,3153.0,0.0,0.0,0,288.29,0.0,1,0.02,0.02,SPY190412P00278000,278.0,0,0.0,0.0,,0.0,normalDay
2019-04-11,3153.0,1.0,0.0,0,288.21,0.0,1,0.02,0.01,SPY190412P00278000,278.0,0,0.0,0.0,,0.0,normalDay
2019-04-12,3155.0,0.0,2.0,0,290.16,0.0,1,0.02,0.0,SPY190412P00278000,278.0,0,0.0,0.0,,0.0,expirationDay
2019-04-15,3155.0,0.0,0.0,0,289.97,0.0,0,0.0,0.0,,0.0,0,0.0,0.0,,0.0,bidTooLow
2019-04-16,3155.0,0.0,0.0,0,290.16,0.0,0,0.0,0.0,,0.0,0,0.0,0.0,,0.0,bidTooLow
2019-04-17,3155.0,0.0,0.0,0,289.45,0.0,0,0.0,0.0,,0.0,0,0.0,0.0,,0.0,bidTooLow
2019-04-18,3155.0,0.0,0.0,0,290.02,0.0,0,0.0,0.0,,0.0,0,0.0,0.0,,0.0,bidTooLow
2019-04-22,3155.0,0.0,0.0,0,290.27,0.0,0,0.0,0.0,,0.0,0,0.0,0.0,,0.0,bidTooLow
2019-04-23,3155.0,0.0,0.0,0,292.88,0.0,0,0.0,0.0,,0.0,0,0.0,0.0,,0.0,bidTooLow
2019-04-24,3155.0,0.0,0.0,0,292.23,0.0,0,0.0,0.0,,0.0,0,0.0,0.0,,0.0,bidTooLow
2019-04-25,3155.0,0.0,0.0,0,292.05,0.0,0,0.0,0.0,,0.0,0,0.0,0.0,,0.0,bidTooLow
2019-04-26,3155.0,0.0,0.0,0,293.41,0.0,0,0.0,0.0,,0.0,0,0.0,0.0,,0.0,bidTooLow
2019-04-29,3155.0,-3.0,0.0,0,293.87,0.0,1,0.02,0.05,SPY190501P00285500,285.5,0,0.0,0.0,,0.0,normalDay
2019-04-30,3155.0,0.0,0.0,0,294.02,0.0,1,0.02,0.02,SPY190501P00285500,285.5,0,0.0,0.0,,0.0,normalDay
2019-05-01,3157.0,0.0,2.0,0,291.81,0.0,1,0.02,0.0,SPY190501P00285500,285.5,0,0.0,0.0,,0.0,expirationDay
2019-05-02,3157.0,-3.0,0.0,0,291.18,0.0,1,0.07,0.1,SPY190503P00287000,287.0,0,0.0,0.0,,0.0,normalDay
2019-05-03,3164.0,0.0,7.0,0,294.03,0.0,1,0.07,0.0,SPY190503P00287000,287.0,0,0.0,0.0,,0.0,expirationDay
2019-05-06,3164.0,-3.0,0.0,0,292.82,0.0,1,0.16,0.19,SPY190508P00287500,287.5,0,0.0,0.0,,0.0,normalDay
2019-05-07,3164.0,-95.0,0.0,0,287.93,0.0,1,0.16,1.11,SPY190508P00287500,287.5,0,0.0,0.0,,0.0,normalDay
2019-05-08,3180.0,0.0,16.0,0,287.53,0.0,1,0.16,0.0,SPY190508P00287500,287.5,0,0.0,0.0,,0.0,expirationDay
2019-05-09,3180.0,-6.0,0.0,0,286.66,0.0,1,1.96,2.02,SPY190510P00287000,287.0,0,0.0,0.0,,0.0,normalDay
2019-05-10,3376.0,0.0,196.0,0,288.1,0.0,1,1.96,0.0,SPY190510P00287000,287.0,0,0.0,0.0,,0.0,expirationDay
2019-05-13,3376.0,-40.0,0.0,0,280.86,0.0,1,4.49,4.89,SPY190515P00285000,285.0,0,0.0,0.0,,0.0,normalDay
2019-05-14,3376.0,242.0,0.0,0,283.4,0.0,1,4.49,2.07,SPY190515P00285000,285.0,0,0.0,0.0,,0.0,normalDay
2019-05-15,3825.0,0.0,449.0,0,285.06,0.0,1,4.49,0.0,SPY190515P00285000,285.0,0,0.0,0.0,,0.0,expirationDay
2019-05-16,3825.0,-3.0,0.0,0,287.7,0.0,1,0.11,0.14,SPY190517P00283500,283.5,0,0.0,0.0,,0.0,normalDay
2019-05-17,3836.0,0.0,11.0,0,285.84,0.0,1,0.11,0.0,SPY190517P00283500,283.5,0,0.0,0.0,,0.0,expirationDay
2019-05-20,3836.0,-4.0,0.0,0,283.95,0.0,1,0.71,0.75,SPY190522P00282000,282.0,0,0.0,0.0,,0.0,normalDay
2019-05-21,3836.0,62.0,0.0,0,286.51,0.0,1,0.71,0.09,SPY190522P00282000,282.0,0,0.0,0.0,,0.0,normalDay
2019-05-22,3907.0,0.0,71.0,0,285.63,0.0,1,0.71,0.0,SPY190522P00282000,282.0,0,0.0,0.0,,0.0,expirationDay
2019-05-23,3907.0,-3.0,0.0,0,282.14,0.0,1,0.77,0.8,SPY190524P00281000,281.0,0,0.0,0.0,,0.0,normalDay
2019-05-24,3984.0,0.0,77.0,0,282.78,0.0,1,0.77,0.0,SPY190524P00281000,281.0,0,0.0,0.0,,0.0,expirationDay
2019-05-28,3984.0,-4.0,0.0,0,280.15,0.0,1,1.77,1.81,SPY190531P00280000,280.0,0,0.0,0.0,,0.0,normalDay
2019-05-29,3984.0,-77.0,0.0,0,278.27,0.0,1,1.77,2.54,SPY190531P00280000,280.0,0,0.0,0.0,,0.0,normalDay
2019-05-30,3984.0,23.0,0.0,0,279.03,0.0,1,1.77,1.54,SPY190531P00280000,280.0,0,0.0,0.0,,0.0,normalDay
2019-05-31,4161.0,-473.0,177.0,100,275.27,280.0,1,1.77,0.0,SPY190531P00280000,280.0,0,0.0,0.0,,0.0,expirationDay
2019-06-03,4161.0,-543.0,0.0,100,274.57,280.0,0,0.0,0.0,,0.0,0,0.0,0.0,,0.0,bidTooLow
2019-06-04,4161.0,53.0,0.0,100,280.53,280.0,0,0.0,0.0,,0.0,0,0.0,0.0,,0.0,bidTooLow
2019-06-05,4161.0,293.0,0.0,100,282.96,280.0,0,0.0,0.0,,0.0,1,0.01,0.04,SPY190614C00296000,296.0,normalDay
2019-06-06,4161.0,475.0,0.0,100,284.8,280.0,0,0.0,0.0,,0.0,1,0.01,0.06,SPY190614C00296000,296.0,normalDay
2019-06-07,4161.0,756.0,0.0,100,287.65,280.0,0,0.0,0.0,,0.0,1,0.01,0.1,SPY190614C00296000,296.0,normalDay
2019-06-10,4161.0,890.0,0.0,100,288.97,280.0,0,0.0,0.0,,0.0,1,0.01,0.08,SPY190614C00296000,296.0,normalDay
2019-06-11,4161.0,887.0,0.0,100,288.9,280.0,0,0.0,0.0,,0.0,1,0.01,0.04,SPY190614C00296000,296.0,normalDay
2019-06-12,4161.0,839.0,0.0,100,288.39,280.0,0,0.0,0.0,,0.0,1,0.01,0.01,SPY190614C00296000,296.0,normalDay
2019-06-13,4161.0,958.0,0.0,100,289.58,280.0,0,0.0,0.0,,0.0,1,0.01,0.01,SPY190614C00296000,296.0,normalDay
2019-06-14,4162.0,926.0,1.0,100,289.26,280.0,0,0.0,0.0,,0.0,1,0.01,0.0,SPY190614C00296000,296.0,expirationDay
2019-06-17,4162.0,933.0,0.0,100,289.37,280.0,0,0.0,0.0,,0.0,1,0.05,0.09,SPY190628C00299000,299.0,normalDay
2019-06-18,4162.0,1219.0,0.0,100,292.4,280.0,0,0.0,0.0,,0.0,1,0.05,0.26,SPY190628C00299000,299.0,normalDay
2019-06-19,4162.0,1287.0,0.0,100,293.06,280.0,0,0.0,0.0,,0.0,1,0.05,0.24,SPY190628C00299000,299.0,normalDay
2019-06-20,4162.0,1530.0,0.0,100,295.86,280.0,0,0.0,0.0,,0.0,1,0.05,0.61,SPY190628C00299000,299.0,normalDay
2019-06-21,4162.0,1368.0,0.0,100,294.0,280.0,0,0.0,0.0,,0.0,1,0.05,0.37,SPY190628C00299000,299.0,normalDay
2019-06-24,4162.0,1355.0,0.0,100,293.64,280.0,0,0.0,0.0,,0.0,1,0.05,0.14,SPY190628C00299000,299.0,normalDay
2019-06-25,4162.0,1079.0,0.0,100,290.76,280.0,0,0.0,0.0,,0.0,1,0.05,0.02,SPY190628C00299000,299.0,normalDay
2019-06-26,4162.0,1051.0,0.0,100,290.47,280.0,0,0.0,0.0,,0.0,1,0.05,0.01,SPY190628C00299000,299.0,normalDay
2019-06-27,4162.0,1154.0,0.0,100,291.5,280.0,0,0.0,0.0,,0.0,1,0.05,0.01,SPY190628C00299000,299.0,normalDay
2019-06-28,4167.0,1300.0,5.0,100,293.0,280.0,0,0.0,0.0,,0.0,1,0.05,0.0,SPY190628C00299000,299.0,expirationDay
2019-07-01,4167.0,1563.0,0.0,100,295.66,280.0,0,0.0,0.0,,0.0,1,0.12,0.15,SPY190712C00303000,303.0,normalDay
2019-07-02,4167.0,1646.0,0.0,100,296.43,280.0,0,0.0,0.0,,0.0,1,0.12,0.09,SPY190712C00303000,303.0,normalDay
2019-07-03,4167.0,1862.0,0.0,100,298.8,280.0,0,0.0,0.0,,0.0,1,0.12,0.3,SPY190712C00303000,303.0,normalDay
2019-07-05,4167.0,1848.0,0.0,100,298.46,280.0,0,0.0,0.0,,0.0,1,0.12,0.1,SPY190712C00303000,303.0,normalDay
2019-07-08,4167.0,1691.0,0.0,100,296.82,280.0,0,0.0,0.0,,0.0,1,0.12,0.03,SPY190712C00303000,303.0,normalDay
2019-07-09,4167.0,1728.0,0.0,100,297.19,280.0,0,0.0,0.0,,0.0,1,0.12,0.03,SPY190712C00303000,303.0,normalDay
2019-07-10,4167.0,1870.0,0.0,100,298.61,280.0,0,0.0,0.0,,0.0,1,0.12,0.03,SPY190712C00303000,303.0,normalDay
2019-07-11,4167.0,1942.0,0.0,100,299.31,280.0,0,0.0,0.0,,0.0,1,0.12,0.01,SPY190712C00303000,303.0,normalDay
2019-07-12,4179.0,2065.0,12.0,100,300.65,280.0,0,0.0,0.0,,0.0,1,0.12,0.0,SPY190712C00303000,303.0,expirationDay
2019-07-15,4179.0,2072.0,0.0,100,300.75,280.0,0,0.0,0.0,,0.0,1,0.08,0.11,SPY190726C00307000,307.0,normalDay
2019-07-16,4179.0,1980.0,0.0,100,299.78,280.0,0,0.0,0.0,,0.0,1,0.08,0.06,SPY190726C00307000,307.0,normalDay
2019-07-17,4179.0,1779.0,0.0,100,297.74,280.0,0,0.0,0.0,,0.0,1,0.08,0.03,SPY190726C00307000,307.0,normalDay
2019-07-18,4179.0,1887.0,0.0,100,298.83,280.0,0,0.0,0.0,,0.0,1,0.08,0.04,SPY190726C00307000,307.0,normalDay
2019-07-19,4179.0,1723.0,0.0,100,297.17,280.0,0,0.0,0.0,,0.0,1,0.08,0.02,SPY190726C00307000,307.0,normalDay
2019-07-22,4179.0,1797.0,0.0,100,297.9,280.0,0,0.0,0.0,,0.0,1,0.08,0.01,SPY190726C00307000,307.0,normalDay
2019-07-23,4179.0,2010.0,0.0,100,300.03,280.0,0,0.0,0.0,,0.0,1,0.08,0.01,SPY190726C00307000,307.0,normalDay
2019-07-24,4179.0,2151.0,0.0,100,301.44,280.0,0,0.0,0.0,,0.0,1,0.08,0.01,SPY190726C00307000,307.0,normalDay
2019-07-25,4179.0,2007.0,0.0,100,300.0,280.0,0,0.0,0.0,,0.0,1,0.08,0.01,SPY190726C00307000,307.0,normalDay
2019-07-26,4187.0,2201.0,8.0,100,302.01,280.0,0,0.0,0.0,,0.0,1,0.08,0.0,SPY190726C00307000,307.0,expirationDay
2019-07-29,4187.0,2143.0,0.0,100,301.46,280.0,0,0.0,0.0,,0.0,1,0.75,0.78,SPY190809C00305000,305.0,normalDay
2019-07-30,4187.0,2077.0,0.0,100,300.72,280.0,0,0.0,0.0,,0.0,1,0.75,0.7,SPY190809C00305000,305.0,normalDay
2019-07-31,4187.0,1801.0,0.0,100,297.43,280.0,0,0.0,0.0,,0.0,1,0.75,0.17,SPY190809C00305000,305.0,normalDay
2019-08-01,4187.0,1553.0,0.0,100,294.84,280.0,0,0.0,0.0,,0.0,1,0.75,0.06,SPY190809C00305000,305.0,normalDay
2019-08-02,4187.0,1335.0,0.0,100,292.62,280.0,0,0.0,0.0,,0.0,1,0.75,0.02,SPY190809C00305000,305.0,normalDay
2019-08-05,4187.0,456.0,0.0,100,283.82,280.0,0,0.0,0.0,,0.0,1,0.75,0.01,SPY190809C00305000,305.0,normalDay
2019-08-06,4187.0,854.0,0.0,100,287.8,280.0,0,0.0,0.0,,0.0,1,0.75,0.01,SPY190809C00305000,305.0,normalDay
2019-08-07,4187.0,871.0,0.0,100,287.97,280.0,0,0.0,0.0,,0.0,1,0.75,0.01,SPY190809C00305000,305.0,normalDay
2019-08-08,4187.0,1436.0,0.0,100,293.62,280.0,0,0.0,0.0,,0.0,1,0.75,0.01,SPY190809C00305000,305.0,normalDay
2019-08-09,4262.0,1162.0,75.0,100,291.62,280.0,0,0.0,0.0,,0.0,1,0.75,0.0,SPY190809C00305000,305.0,expirationDay
2019-08-12,4262.0,807.0,0.0,100,288.07,280.0,0,0.0,0.0,,0.0,0,0.0,0.0,,0.0,bidTooLow
2019-08-13,4262.0,1255.0,0.0,100,292.55,280.0,0,0.0,0.0,,0.0,0,0.0,0.0,,0.0,bidTooLow
2019-08-14,4262.0,390.0,0.0,100,283.9,280.0,0,0.0,0.0,,0.0,0,0.0,0.0,,0.0,bidTooLow
2019-08-15,4262.0,465.0,0.0,100,284.65,280.0,0,0.0,0.0,,0.0,0,0.0,0.0,,0.0,bidTooLow
2019-08-16,4262.0,885.0,0.0,100,288.85,280.0,0,0.0,0.0,,0.0,0,0.0,0.0,,0.0,bidTooLow
2019-08-19,4262.0,1233.0,0.0,100,292.33,280.0,0,0.0,0.0,,0.0,0,0.0,0.0,,0.0,bidTooLow
2019-08-20,4262.0,1009.0,0.0,100,290.09,280.0,0,0.0,0.0,,0.0,0,0.0,0.0,,0.0,bidTooLow
2019-08-21,4262.0,1245.0,0.0,100,292.45,280.0,0,0.0,0.0,,0.0,0,0.0,0.0,,0.0,bidTooLow
2019-08-22,4262.0,1236.0,0.0,100,292.36,280.0,0,0.0,0.0,,0.0,0,0.0,0.0,,0.0,bidTooLow
2019-08-23,4262.0,485.0,0.0,100,284.85,280.0,0,0.0,0.0,,0.0,0,0.0,0.0,,0.0,bidTooLow
2019-08-26,4262.0,800.0,0.0,100,288.0,280.0,0,0.0,0.0,,0.0,0,0.0,0.0,,0.0,bidTooLow
2019-08-27,4262.0,684.0,0.0,100,286.87,280.0,0,0.0,0.0,,0.0,1,0.01,0.04,SPY190906C00302000,302.0,normalDay
2019-08-28,4262.0,885.0,0.0,100,288.89,280.0,0,0.0,0.0,,0.0,1,0.01,0.05,SPY190906C00302000,302.0,normalDay
2019-08-29,4262.0,1251.0,0.0,100,292.58,280.0,0,0.0,0.0,,0.0,1,0.01,0.08,SPY190906C00302000,302.0,normalDay
2019-08-30,4262.0,1240.0,0.0,100,292.45,280.0,0,0.0,0.0,,0.0,1,0.01,0.06,SPY190906C00302000,302.0,normalDay
2019-09-03,4262.0,1073.0,0.0,100,290.74,280.0,0,0.0,0.0,,0.0,1,0.01,0.02,SPY190906C00302000,302.0,normalDay
2019-09-04,4262.0,1404.0,0.0,100,294.04,280.0,0,0.0,0.0,,0.0,1,0.01,0.01,SPY190906C00302000,302.0,normalDay
2019-09-05,4262.0,1780.0,0.0,100,297.82,280.0,0,0.0,0.0,,0.0,1,0.01,0.03,SPY190906C00302000,302.0,normalDay
2019-09-06,4263.0,1805.0,1.0,100,298.05,280.0,0,0.0,0.0,,0.0,1,0.01,0.0,SPY190906C00302000,302.0,expirationDay
2019-09-09,4263.0,1817.0,0.0,100,298.2,280.0,0,0.0,0.0,,0.0,1,0.32,0.35,SPY190920C00304000,304.0,normalDay
2019-09-10,4263.0,1816.0,0.0,100,298.13,280.0,0,0.0,0.0,,0.0,1,0.32,0.29,SPY190920C00304000,304.0,normalDay
2019-09-11,4263.0,1995.0,0.0,100,300.25,280.0,0,0.0,0.0,,0.0,1,0.32,0.62,SPY190920C00304000,304.0,normalDay
2019-09-12,4263.0,2077.0,0.0,100,301.29,280.0,0,0.0,0.0,,0.0,1,0.32,0.84,SPY190920C00304000,304.0,normalDay
2019-09-13,4263.0,2083.0,0.0,100,301.09,280.0,0,0.0,0.0,,0.0,1,0.32,0.58,SPY190920C00304000,304.0,normalDay
2019-09-16,4263.0,2019.0,0.0,100,300.16,280.0,0,0.0,0.0,,0.0,1,0.32,0.29,SPY190920C00304000,304.0,normalDay
2019-09-17,4263.0,2091.0,0.0,100,300.92,280.0,0,0.0,0.0,,0.0,1,0.32,0.33,SPY190920C00304000,304.0,normalDay
2019-09-18,4263.0,2119.0,0.0,100,301.1,280.0,0,0.0,0.0,,0.0,1,0.32,0.23,SPY190920C00304000,304.0,normalDay
2019-09-19,4263.0,2136.0,0.0,100,301.08,280.0,0,0.0,0.0,,0.0,1,0.32,0.04,SPY190920C00304000,304.0,normalDay
2019-09-20,4295.0,1828.0,32.0,100,298.28,280.0,0,0.0,0.0,,0.0,1,0.32,0.0,SPY190920C00304000,304.0,expirationDay
2019-09-23,4295.0,1821.0,0.0,100,298.21,280.0,0,0.0,0.0,,0.0,0,0.0,0.0,,0.0,bidTooLow
2019-09-24,4295.0,1587.0,0.0,100,295.87,280.0,0,0.0,0.0,,0.0,0,0.0,0.0,,0.0,bidTooLow
2019-09-25,4295.0,1762.0,0.0,100,297.62,280.0,0,0.0,0.0,,0.0,0,0.0,0.0,,0.0,bidTooLow
2019-09-26,4295.0,1700.0,0.0,100,297.0,280.0,0,0.0,0.0,,0.0,0,0.0,0.0,,0.0,bidTooLow
2019-09-27,4295.0,1540.0,0.0,100,295.4,280.0,0,0.0,0.0,,0.0,0,0.0,0.0,,0.0,bidTooLow
2019-09-30,4295.0,1674.0,0.0,100,296.77,280.0,0,0.0,0.0,,0.0,1,0.03,0.06,SPY191011C00307000,307.0,normalDay
2019-10-01,4295.0,1324.0,0.0,100,293.24,280.0,0,0.0,0.0,,0.0,1,0.03,0.03,SPY191011C00307000,307.0,normalDay
2019-10-02,4295.0,807.0,0.0,100,288.06,280.0,0,0.0,0.0,,0.0,1,0.03,0.02,SPY191011C00307000,307.0,normalDay
2019-10-03,4295.0,1043.0,0.0,100,290.42,280.0,0,0.0,0.0,,0.0,1,0.03,0.02,SPY191011C00307000,307.0,normalDay
2019-10-04,4295.0,1437.0,0.0,100,294.35,280.0,0,0.0,0.0,,0.0,1,0.03,0.01,SPY191011C00307000,307.0,normalDay
2019-10-07,4295.0,1310.0,0.0,100,293.08,280.0,0,0.0,0.0,,0.0,1,0.03,0.01,SPY191011C00307000,307.0,normalDay
2019-10-08,4295.0,855.0,0.0,100,288.53,280.0,0,0.0,0.0,,0.0,1,0.03,0.01,SPY191011C00307000,307.0,normalDay
2019-10-09,4295.0,1129.0,0.0,100,291.27,280.0,0,0.0,0.0,,0.0,1,0.03,0.01,SPY191011C00307000,307.0,normalDay
2019-10-10,4295.0,1326.0,0.0,100,293.24,280.0,0,0.0,0.0,,0.0,1,0.03,0.01,SPY191011C00307000,307.0,normalDay
2019-10-11,4298.0,1628.0,3.0,100,296.28,280.0,0,0.0,0.0,,0.0,1,0.03,0.0,SPY191011C00307000,307.0,expirationDay
2019-10-14,4298.0,1595.0,0.0,100,295.95,280.0,0,0.0,0.0,,0.0,0,0.0,0.0,,0.0,bidTooLow
2019-10-15,4298.0,1885.0,0.0,100,298.88,280.0,0,0.0,0.0,,0.0,1,0.06,0.09,SPY191025C00307000,307.0,normalDay
2019-10-16,4298.0,1842.0,0.0,100,298.4,280.0,0,0.0,0.0,,0.0,1,0.06,0.04,SPY191025C00307000,307.0,normalDay
2019-10-17,4298.0,1930.0,0.0,100,299.28,280.0,0,0.0,0.0,,0.0,1,0.06,0.04,SPY191025C00307000,307.0,normalDay
2019-10-18,4298.0,1801.0,0.0,100,297.97,280.0,0,0.0,0.0,,0.0,1,0.06,0.02,SPY191025C00307000,307.0,normalDay
2019-10-21,4298.0,2003.0,0.0,100,299.99,280.0,0,0.0,0.0,,0.0,1,0.06,0.02,SPY191025C00307000,307.0,normalDay
2019-10-22,4298.0,1906.0,0.0,100,299.01,280.0,0,0.0,0.0,,0.0,1,0.06,0.01,SPY191025C00307000,307.0,normalDay
2019-10-23,4298.0,1993.0,0.0,100,299.88,280.0,0,0.0,0.0,,0.0,1,0.06,0.01,SPY191025C00307000,307.0,normalDay
2019-10-24,4298.0,2042.0,0.0,100,300.37,280.0,0,0.0,0.0,,0.0,1,0.06,0.01,SPY191025C00307000,307.0,normalDay
2019-10-25,4304.0,2160.0,6.0,100,301.6,280.0,0,0.0,0.0,,0.0,1,0.06,0.0,SPY191025C00307000,307.0,expirationDay
2019-10-28,4304.0,2326.0,0.0,100,303.3,280.0,0,0.0,0.0,,0.0,1,0.16,0.2,SPY191108C00310000,310.0,normalDay
2019-10-29,4304.0,2322.0,0.0,100,303.21,280.0,0,0.0,0.0,,0.0,1,0.16,0.15,SPY191108C00310000,310.0,normalDay
2019-10-30,4304.0,2415.0,0.0,100,304.14,280.0,0,0.0,0.0,,0.0,1,0.16,0.15,SPY191108C00310000,310.0,normalDay
2019-10-31,4304.0,2341.0,0.0,100,303.33,280.0,0,0.0,0.0,,0.0,1,0.16,0.08,SPY191108C00310000,310.0,normalDay
2019-11-01,4304.0,2607.0,0.0,100,306.14,280.0,0,0.0,0.0,,0.0,1,0.16,0.23,SPY191108C00310000,310.0,normalDay
2019-11-04,4304.0,2726.0,0.0,100,307.37,280.0,0,0.0,0.0,,0.0,1,0.16,0.27,SPY191108C00310000,310.0,normalDay
2019-11-05,4304.0,2703.0,0.0,100,307.03,280.0,0,0.0,0.0,,0.0,1,0.16,0.16,SPY191108C00310000,310.0,normalDay
2019-11-06,4304.0,2719.0,0.0,100,307.1,280.0,0,0.0,0.0,,0.0,1,0.16,0.07,SPY191108C00310000,310.0,normalDay
2019-11-07,4304.0,2826.0,0.0,100,308.18,280.0,0,0.0,0.0,,0.0,1,0.16,0.08,SPY191108C00310000,310.0,normalDay
2019-11-08,4320.0,2894.0,16.0,100,308.94,280.0,0,0.0,0.0,,0.0,1,0.16,0.0,SPY191108C00310000,310.0,expirationDay
2019-11-11,4320.0,2832.0,0.0,100,308.35,280.0,0,0.0,0.0,,0.0,1,0.15,0.18,SPY191122C00315000,315.0,normalDay
2019-11-12,4320.0,2897.0,0.0,100,309.0,280.0,0,0.0,0.0,,0.0,1,0.15,0.18,SPY191122C00315000,315.0,normalDay
2019-11-13,4320.0,2910.0,0.0,100,309.1,280.0,0,0.0,0.0,,0.0,1,0.15,0.15,SPY191122C00315000,315.0,normalDay
2019-11-14,4320.0,2957.0,0.0,100,309.55,280.0,0,0.0,0.0,,0.0,1,0.15,0.13,SPY191122C00315000,315.0,normalDay
2019-11-15,4320.0,3167.0,0.0,100,311.79,280.0,0,0.0,0.0,,0.0,1,0.15,0.27,SPY191122C00315000,315.0,normalDay
2019-11-18,4320.0,3197.0,0.0,100,312.02,280.0,0,0.0,0.0,,0.0,1,0.15,0.2,SPY191122C00315000,315.0,normalDay
2019-11-19,4320.0,3197.0,0.0,100,311.93,280.0,0,0.0,0.0,,0.0,1,0.15,0.11,SPY191122C00315000,315.0,normalDay
2019-11-20,4320.0,3090.0,0.0,100,310.77,280.0,0,0.0,0.0,,0.0,1,0.15,0.02,SPY191122C00315000,315.0,normalDay
2019-11-21,4320.0,3041.0,0.0,100,310.27,280.0,0,0.0,0.0,,0.0,1,0.15,0.01,SPY191122C00315000,315.0,normalDay
2019-11-22,4335.0,3096.0,15.0,100,310.96,280.0,0,0.0,0.0,,0.0,1,0.15,0.0,SPY191122C00315000,315.0,expirationDay
2019-11-25,4335.0,3334.0,0.0,100,313.37,280.0,0,0.0,0.0,,0.0,1,0.18,0.21,SPY191206C00318000,318.0,normalDay
2019-11-26,4335.0,3397.0,0.0,100,314.08,280.0,0,0.0,0.0,,0.0,1,0.18,0.29,SPY191206C00318000,318.0,normalDay
2019-11-27,4335.0,3508.0,0.0,100,315.48,280.0,0,0.0,0.0,,0.0,1,0.18,0.58,SPY191206C00318000,318.0,normalDay
2019-11-29,4335.0,3422.0,0.0,100,314.31,280.0,0,0.0,0.0,,0.0,1,0.18,0.27,SPY191206C00318000,318.0,normalDay
2019-12-02,4335.0,3177.0,0.0,100,311.64,280.0,0,0.0,0.0,,0.0,1,0.18,0.05,SPY191206C00318000,318.0,normalDay
2019-12-03,4335.0,2971.0,0.0,100,309.55,280.0,0,0.0,0.0,,0.0,1,0.18,0.02,SPY191206C00318000,318.0,normalDay
2019-12-04,4335.0,3163.0,0.0,100,311.46,280.0,0,0.0,0.0,,0.0,1,0.18,0.01,SPY191206C00318000,318.0,normalDay
2019-12-05,4335.0,3219.0,0.0,100,312.02,280.0,0,0.0,0.0,,0.0,1,0.18,0.01,SPY191206C00318000,318.0,normalDay
2019-12-06,4353.0,3487.0,18.0,100,314.87,280.0,0,0.0,0.0,,0.0,1,0.18,0.0,SPY191206C00318000,318.0,expirationDay
2019-12-09,4353.0,3384.0,0.0,100,313.88,280.0,0,0.0,0.0,,0.0,1,0.76,0.8,SPY191220C00318000,318.0,normalDay
2019-12-10,4353.0,3361.0,0.0,100,313.53,280.0,0,0.0,0.0,,0.0,1,0.76,0.68,SPY191220C00318000,318.0,normalDay
2019-12-11,4353.0,3444.0,0.0,100,314.42,280.0,0,0.0,0.0,,0.0,1,0.76,0.74,SPY191220C00318000,318.0,normalDay
2019-12-12,4353.0,3631.0,0.0,100,317.13,280.0,0,0.0,0.0,,0.0,1,0.76,1.58,SPY191220C00318000,318.0,normalDay
2019-12-13,4353.0,3695.0,0.0,100,317.32,280.0,0,0.0,0.0,,0.0,1,0.76,1.13,SPY191220C00318000,318.0,normalDay
2019-12-16,4353.0,3799.0,0.0,100,319.5,280.0,0,0.0,0.0,,0.0,1,0.76,2.27,SPY191220C00318000,318.0,normalDay
2019-12-17,4353.0,3839.0,0.0,100,319.57,280.0,0,0.0,0.0,,0.0,1,0.76,1.94,SPY191220C00318000,318.0,normalDay
2019-12-18,4353.0,3847.0,0.0,100,319.59,280.0,0,0.0,0.0,,0.0,1,0.76,1.88,SPY191220C00318000,318.0,normalDay
2019-12-19,4353.0,3857.0,0.0,100,320.9,280.0,0,0.0,0.0,,0.0,1,0.76,3.09,SPY191220C00318000,318.0,normalDay
2019-12-20,8229.0,3857.0,3876.0,0,320.73,0.0,0,0.0,0.0,,0.0,1,0.76,0.0,SPY191220C00318000,318.0,expirationDay
2019-12-23,8229.0,0.0,0.0,0,321.22,0.0,0,0.0,0.0,,0.0,0,0.0,0.0,,0.0,bidTooLow
2019-12-24,8229.0,0.0,0.0,0,321.23,0.0,0,0.0,0.0,,0.0,0,0.0,0.0,,0.0,bidTooLow
2019-12-26,8229.0,0.0,0.0,0,322.94,0.0,0,0.0,0.0,,0.0,0,0.0,0.0,,0.0,bidTooLow
2019-12-27,8229.0,0.0,0.0,0,322.86,0.0,0,0.0,0.0,,0.0,0,0.0,0.0,,0.0,bidTooLow
2019-12-30,8229.0,0.0,0.0,0,321.08,0.0,0,0.0,0.0,,0.0,0,0.0,0.0,,0.0,bidTooLow
2019-12-31,8229.0,-3.0,0.0,0,321.86,0.0,1,0.07,0.1,SPY200103P00310500,310.5,0,0.0,0.0,,0.0,normalDay
2020-01-02,8229.0,6.0,0.0,0,324.87,0.0,1,0.07,0.01,SPY200103P00310500,310.5,0,0.0,0.0,,0.0,normalDay
2020-01-03,8236.0,0.0,7.0,0,322.41,0.0,1,0.07,0.0,SPY200103P00310500,310.5,0,0.0,0.0,,0.0,expirationDay
2020-01-06,8236.0,0.0,0.0,0,323.64,0.0,0,0.0,0.0,,0.0,0,0.0,0.0,,0.0,bidTooLow
2020-01-07,8236.0,-3.0,0.0,0,322.73,0.0,1,0.09,0.12,SPY200110P00315000,315.0,0,0.0,0.0,,0.0,normalDay
2020-01-08,8236.0,0.0,0.0,0,324.45,0.0,1,0.09,0.09,SPY200110P00315000,315.0,0,0.0,0.0,,0.0,normalDay
2020-01-09,8236.0,7.0,0.0,0,326.65,0.0,1,0.09,0.02,SPY200110P00315000,315.0,0,0.0,0.0,,0.0,normalDay
2020-01-10,8245.0,0.0,9.0,0,325.71,0.0,1,0.09,0.0,SPY200110P00315000,315.0,0,0.0,0.0,,0.0,expirationDay
2020-01-13,8245.0,0.0,0.0,0,327.95,0.0,0,0.0,0.0,,0.0,0,0.0,0.0,,0.0,bidTooLow
2020-01-14,8245.0,-3.0,0.0,0,327.45,0.0,1,0.06,0.09,SPY200117P00318500,318.5,0,0.0,0.0,,0.0,normalDay
2020-01-15,8245.0,2.0,0.0,0,328.19,0.0,1,0.06,0.04,SPY200117P00318500,318.5,0,0.0,0.0,,0.0,normalDay
2020-01-16,8245.0,4.0,0.0,0,330.92,0.0,1,0.06,0.02,SPY200117P00318500,318.5,0,0.0,0.0,,0.0,normalDay
2020-01-17,8251.0,0.0,6.0,0,331.95,0.0,1,0.06,0.0,SPY200117P00318500,318.5,0,0.0,0.0,,0.0,expirationDay
2020-01-21,8251.0,-3.0,0.0,0,331.3,0.0,1,0.01,0.04,SPY200124P00319000,319.0,0,0.0,0.0,,0.0,normalDay
2020-01-22,8251.0,-1.0,0.0,0,331.34,0.0,1,0.01,0.02,SPY200124P00319000,319.0,0,0.0,0.0,,0.0,normalDay
2020-01-23,8251.0,0.0,0.0,0,331.72,0.0,1,0.01,0.01,SPY200124P00319000,319.0,0,0.0,0.0,,0.0,normalDay
2020-01-24,8252.0,0.0,1.0,0,328.77,0.0,1,0.01,0.0,SPY200124P00319000,319.0,0,0.0,0.0,,0.0,expirationDay
2020-01-27,8252.0,-3.0,0.0,0,323.5,0.0,1,1.05,1.08,SPY200129P00320000,320.0,0,0.0,0.0,,0.0,normalDay
2020-01-28,8252.0,93.0,0.0,0,326.89,0.0,1,1.05,0.12,SPY200129P00320000,320.0,0,0.0,0.0,,0.0,normalDay
2020-01-29,8357.0,0.0,105.0,0,326.62,0.0,1,1.05,0.0,SPY200129P00320000,320.0,0,0.0,0.0,,0.0,expirationDay
2020-01-30,8357.0,-3.0,0.0,0,327.68,0.0,1,0.05,0.08,SPY200131P00322000,322.0,0,0.0,0.0,,0.0,normalDay
2020-01-31,8362.0,-27.0,5.0,100,321.73,322.0,1,0.05,0.0,SPY200131P00322000,322.0,0,0.0,0.0,,0.0,expirationDay
2020-02-03,8362.0,209.0,0.0,100,324.12,322.0,0,0.0,0.0,,0.0,1,0.03,0.06,SPY200214C00337500,337.5,normalDay
2020-02-04,8362.0,683.0,0.0,100,329.06,322.0,0,0.0,0.0,,0.0,1,0.03,0.26,SPY200214C00337500,337.5,normalDay
2020-02-05,8362.0,1026.0,0.0,100,332.86,322.0,0,0.0,0.0,,0.0,1,0.03,0.63,SPY200214C00337500,337.5,normalDay
2020-02-06,8362.0,1142.0,0.0,100,333.98,322.0,0,0.0,0.0,,0.0,1,0.03,0.59,SPY200214C00337500,337.5,normalDay
2020-02-07,8362.0,992.0,0.0,100,332.2,322.0,0,0.0,0.0,,0.0,1,0.03,0.31,SPY200214C00337500,337.5,normalDay
2020-02-10,8362.0,1217.0,0.0,100,334.68,322.0,0,0.0,0.0,,0.0,1,0.03,0.54,SPY200214C00337500,337.5,normalDay
2020-02-11,8362.0,1274.0,0.0,100,335.26,322.0,0,0.0,0.0,,0.0,1,0.03,0.55,SPY200214C00337500,337.5,normalDay
2020-02-12,8362.0,1445.0,0.0,100,337.42,322.0,0,0.0,0.0,,0.0,1,0.03,1.0,SPY200214C00337500,337.5,normalDay
2020-02-13,8362.0,1436.0,0.0,100,337.06,322.0,0,0.0,0.0,,0.0,1,0.03,0.73,SPY200214C00337500,337.5,normalDay
2020-02-14,9915.0,1436.0,1553.0,0,337.6,0.0,0,0.0,0.0,,0.0,1,0.03,0.0,SPY200214C00337500,337.5,expirationDay
2020-02-18,9915.0,-3.0,0.0,0,336.73,0.0,1,0.03,0.06,SPY200221P00323000,323.0,0,0.0,0.0,,0.0,normalDay
2020-02-19,9915.0,-1.0,0.0,0,338.34,0.0,1,0.03,0.04,SPY200221P00323000,323.0,0,0.0,0.0,,0.0,normalDay
2020-02-20,9915.0,1.0,0.0,0,336.95,0.0,1,0.03,0.02,SPY200221P00323000,323.0,0,0.0,0.0,,0.0,normalDay
2020-02-21,9918.0,0.0,3.0,0,333.48,0.0,1,0.03,0.0,SPY200221P00323000,323.0,0,0.0,0.0,,0.0,expirationDay
2020-02-24,9918.0,-5.0,0.0,0,322.42,0.0,1,3.11,3.16,SPY200226P00322000,322.0,0,0.0,0.0,,0.0,normalDay
2020-02-25,9918.0,-593.0,0.0,0,312.65,0.0,1,3.11,9.04,SPY200226P00322000,322.0,0,0.0,0.0,,0.0,normalDay
2020-02-26,10229.0,-1050.0,311.0,100,311.5,322.0,1,3.11,0.0,SPY200226P00322000,322.0,0,0.0,0.0,,0.0,expirationDay
2020-02-27,10229.0,-2449.0,0.0,100,297.51,322.0,0,0.0,0.0,,0.0,0,0.0,0.0,,0.0,bidTooLow
2020-02-28,10229.0,-2574.0,0.0,100,296.26,322.0,0,0.0,0.0,,0.0,0,0.0,0.0,,0.0,bidTooLow
2020-03-02,10229.0,-1291.0,0.0,100,309.09,322.0,0,0.0,0.0,,0.0,0,0.0,0.0,,0.0,bidTooLow
2020-03-03,10229.0,-2176.0,0.0,100,300.24,322.0,0,0.0,0.0,,0.0,0,0.0,0.0,,0.0,bidTooLow
2020-03-04,10229.0,-914.0,0.0,100,312.86,322.0,0,0.0,0.0,,0.0,0,0.0,0.0,,0.0,bidTooLow
2020-03-05,10229.0,-1954.0,0.0,100,302.46,322.0,0,0.0,0.0,,0.0,0,0.0,0.0,,0.0,bidTooLow
2020-03-06,10229.0,-2454.0,0.0,100,297.46,322.0,0,0.0,0.0,,0.0,0,0.0,0.0,,0.0,bidTooLow
2020-03-09,10229.0,-4777.0,0.0,100,274.23,322.0,0,0.0,0.0,,0.0,0,0.0,0.0,,0.0,bidTooLow
2020-03-10,10229.0,-3358.0,0.0,100,288.42,322.0,0,0.0,0.0,,0.0,0,0.0,0.0,,0.0,bidTooLow
2020-03-11,10229.0,-4764.0,0.0,100,274.36,322.0,0,0.0,0.0,,0.0,0,0.0,0.0,,0.0,bidTooLow
2020-03-12,10229.0,-7389.0,0.0,100,248.11,322.0,0,0.0,0.0,,0.0,0,0.0,0.0,,0.0,bidTooLow
2020-03-13,10229.0,-5268.0,0.0,100,269.32,322.0,0,0.0,0.0,,0.0,0,0.0,0.0,,0.0,bidTooLow
2020-03-16,10229.0,-8215.0,0.0,100,239.85,322.0,0,0.0,0.0,,0.0,0,0.0,0.0,,0.0,bidTooLow
2020-03-17,10229.0,-6920.0,0.0,100,252.8,322.0,0,0.0,0.0,,0.0,0,0.0,0.0,,0.0,bidTooLow
2020-03-18,10229.0,-8200.0,0.0,100,240.0,322.0,0,0.0,0.0,,0.0,0,0.0,0.0,,0.0,bidTooLow
2020-03-19,10229.0,-8149.0,0.0,100,240.51,322.0,0,0.0,0.0,,0.0,0,0.0,0.0,,0.0,bidTooLow
2020-03-20,10229.0,-9320.0,0.0,100,228.8,322.0,0,0.0,0.0,,0.0,0,0.0,0.0,,0.0,bidTooLow
2020-03-23,10229.0,-9905.0,0.0,100,222.95,322.0,0,0.0,0.0,,0.0,0,0.0,0.0,,0.0,bidTooLow
2020-03-24,10229.0,-7885.0,0.0,100,243.15,322.0,0,0.0,0.0,,0.0,0,0.0,0.0,,0.0,bidTooLow
2020-03-25,10229.0,-7521.0,0.0,100,246.79,322.0,0,0.0,0.0,,0.0,0,0.0,0.0,,0.0,bidTooLow
2020-03-26,10229.0,-6080.0,0.0,100,261.2,322.0,0,0.0,0.0,,0.0,0,0.0,0.0,,0.0,bidTooLow
2020-03-27,10229.0,-6858.0,0.0,100,253.42,322.0,0,0.0,0.0,,0.0,0,0.0,0.0,,0.0,bidTooLow
2020-03-30,10229.0,-6035.0,0.0,100,261.65,322.0,0,0.0,0.0,,0.0,0,0.0,0.0,,0.0,bidTooLow
2020-03-31,10229.0,-6425.0,0.0,100,257.75,322.0,0,0.0,0.0,,0.0,0,0.0,0.0,,0.0,bidTooLow
2020-04-01,10229.0,-7585.0,0.0,100,246.15,322.0,0,0.0,0.0,,0.0,0,0.0,0.0,,0.0,bidTooLow
2020-04-02,10229.0,-7017.0,0.0,100,251.83,322.0,0,0.0,0.0,,0.0,0,0.0,0.0,,0.0,bidTooLow
2020-04-03,10229.0,-7381.0,0.0,100,248.19,322.0,0,0.0,0.0,,0.0,0,0.0,0.0,,0.0,bidTooLow
2020-04-06,10229.0,-5717.0,0.0,100,264.86,322.0,0,0.0,0.0,,0.0,1,0.1,0.13,SPY200417C00301000,301.0,normalDay
2020-04-07,10229.0,-5689.0,0.0,100,265.13,322.0,0,0.0,0.0,,0.0,1,0.1,0.12,SPY200417C00301000,301.0,normalDay
2020-04-08,10229.0,-4804.0,0.0,100,274.03,322.0,0,0.0,0.0,,0.0,1,0.1,0.17,SPY200417C00301000,301.0,normalDay
2020-04-09,10229.0,-4397.0,0.0,100,278.2,322.0,0,0.0,0.0,,0.0,1,0.1,0.27,SPY200417C00301000,301.0,normalDay
2020-04-13,10229.0,-4630.0,0.0,100,275.66,322.0,0,0.0,0.0,,0.0,1,0.1,0.06,SPY200417C00301000,301.0,normalDay
2020-04-14,10229.0,-3824.0,0.0,100,283.79,322.0,0,0.0,0.0,,0.0,1,0.1,0.13,SPY200417C00301000,301.0,normalDay
2020-04-15,10229.0,-4416.0,0.0,100,277.76,322.0,0,0.0,0.0,,0.0,1,0.1,0.02,SPY200417C00301000,301.0,normalDay
2020-04-16,10229.0,-4281.0,0.0,100,279.1,322.0,0,0.0,0.0,,0.0,1,0.1,0.01,SPY200417C00301000,301.0,normalDay
2020-04-17,10239.0,-3536.0,10.0,100,286.64,322.0,0,0.0,0.0,,0.0,1,0.1,0.0,SPY200417C00301000,301.0,expirationDay
2020-04-20,10239.0,-4044.0,0.0,100,281.59,322.0,0,0.0,0.0,,0.0,1,0.05,0.08,SPY200501C00315000,315.0,normalDay
2020-04-21,10239.0,-4895.0,0.0,100,273.04,322.0,0,0.0,0.0,,0.0,1,0.05,0.04,SPY200501C00315000,315.0,normalDay
2020-04-22,10239.0,-4288.0,0.0,100,279.1,322.0,0,0.0,0.0,,0.0,1,0.05,0.03,SPY200501C00315000,315.0,normalDay
2020-04-23,10239.0,-4290.0,0.0,100,279.08,322.0,0,0.0,0.0,,0.0,1,0.05,0.03,SPY200501C00315000,315.0,normalDay
2020-04-24,10239.0,-3900.0,0.0,100,282.97,322.0,0,0.0,0.0,,0.0,1,0.05,0.02,SPY200501C00315000,315.0,normalDay
2020-04-27,10239.0,-3491.0,0.0,100,287.05,322.0,0,0.0,0.0,,0.0,1,0.05,0.01,SPY200501C00315000,315.0,normalDay
2020-04-28,10239.0,-3624.0,0.0,100,285.73,322.0,0,0.0,0.0,,0.0,1,0.05,0.02,SPY200501C00315000,315.0,normalDay
2020-04-29,10239.0,-2876.0,0.0,100,293.21,322.0,0,0.0,0.0,,0.0,1,0.05,0.02,SPY200501C00315000,315.0,normalDay
2020-04-30,10239.0,-3148.0,0.0,100,290.48,322.0,0,0.0,0.0,,0.0,1,0.05,0.01,SPY200501C00315000,315.0,normalDay
2020-05-01,10244.0,-3921.0,5.0,100,282.79,322.0,0,0.0,0.0,,0.0,1,0.05,0.0,SPY200501C00315000,315.0,expirationDay
2020-05-04,10244.0,-3846.0,0.0,100,283.57,322.0,0,0.0,0.0,,0.0,1,0.19,0.22,SPY200515C00304000,304.0,normalDay
2020-05-05,10244.0,-3585.0,0.0,100,286.19,322.0,0,0.0,0.0,,0.0,1,0.19,0.23,SPY200515C00304000,304.0,normalDay
2020-05-06,10244.0,-3769.0,0.0,100,284.25,322.0,0,0.0,0.0,,0.0,1,0.19,0.13,SPY200515C00304000,304.0,normalDay
2020-05-07,10244.0,-3428.0,0.0,100,287.68,322.0,0,0.0,0.0,,0.0,1,0.19,0.15,SPY200515C00304000,304.0,normalDay
2020-05-08,10244.0,-2964.0,0.0,100,292.44,322.0,0,0.0,0.0,,0.0,1,0.19,0.27,SPY200515C00304000,304.0,normalDay
2020-05-11,10244.0,-2944.0,0.0,100,292.5,322.0,0,0.0,0.0,,0.0,1,0.19,0.13,SPY200515C00304000,304.0,normalDay
2020-05-12,10244.0,-3519.0,0.0,100,286.67,322.0,0,0.0,0.0,,0.0,1,0.19,0.05,SPY200515C00304000,304.0,normalDay
2020-05-13,10244.0,-4023.0,0.0,100,281.6,322.0,0,0.0,0.0,,0.0,1,0.19,0.02,SPY200515C00304000,304.0,normalDay
2020-05-14,10244.0,-3685.0,0.0,100,284.97,322.0,0,0.0,0.0,,0.0,1,0.19,0.01,SPY200515C00304000,304.0,normalDay
2020-05-15,10263.0,-3572.0,19.0,100,286.28,322.0,0,0.0,0.0,,0.0,1,0.19,0.0,SPY200515C00304000,304.0,expirationDay
2020-05-18,10263.0,-2704.0,0.0,100,295.0,322.0,0,0.0,0.0,,0.0,1,1.44,1.48,SPY200529C00303000,303.0,normalDay
2020-05-19,10263.0,-2951.0,0.0,100,291.97,322.0,0,0.0,0.0,,0.0,1,1.44,0.92,SPY200529C00303000,303.0,normalDay
2020-05-20,10263.0,-2530.0,0.0,100,296.93,322.0,0,0.0,0.0,,0.0,1,1.44,1.67,SPY200529C00303000,303.0,normalDay
2020-05-21,10263.0,-2654.0,0.0,100,294.88,322.0,0,0.0,0.0,,0.0,1,1.44,0.86,SPY200529C00303000,303.0,normalDay
2020-05-22,10263.0,-2572.0,0.0,100,295.44,322.0,0,0.0,0.0,,0.0,1,1.44,0.6,SPY200529C00303000,303.0,normalDay
2020-05-26,10263.0,-2244.0,0.0,100,299.08,322.0,0,0.0,0.0,,0.0,1,1.44,0.96,SPY200529C00303000,303.0,normalDay
2020-05-27,10263.0,-1960.0,0.0,100,303.53,322.0,0,0.0,0.0,,0.0,1,1.44,2.57,SPY200529C00303000,303.0,normalDay
2020-05-28,10263.0,-1975.0,0.0,100,302.97,322.0,0,0.0,0.0,,0.0,1,1.44,2.16,SPY200529C00303000,303.0,normalDay
2020-05-29,8507.0,-1975.0,-1756.0,0,304.32,0.0,0,0.0,0.0,,0.0,1,1.44,0.0,SPY200529C00303000,303.0,expirationDay
2020-06-01,8507.0,0.0,0.0,0,305.55,0.0,0,0.0,0.0,,0.0,0,0.0,0.0,,0.0,bidTooLow
2020-06-02,8507.0,0.0,0.0,0,308.08,0.0,0,0.0,0.0,,0.0,0,0.0,0.0,,0.0,bidTooLow
2020-06-03,8507.0,0.0,0.0,0,312.18,0.0,0,0.0,0.0,,0.0,0,0.0,0.0,,0.0,bidTooLow
2020-06-04,8507.0,0.0,0.0,0,311.36,0.0,0,0.0,0.0,,0.0,0,0.0,0.0,,0.0,bidTooLow
2020-06-05,8507.0,0.0,0.0,0,319.34,0.0,0,0.0,0.0,,0.0,0,0.0,0.0,,0.0,bidTooLow
2020-06-08,8507.0,0.0,0.0,0,323.2,0.0,0,0.0,0.0,,0.0,0,0.0,0.0,,0.0,bidTooLow
2020-06-09,8507.0,-3.0,0.0,0,320.79,0.0,1,0.01,0.04,SPY200612P00281000,281.0,0,0.0,0.0,,0.0,normalDay
2020-06-10,8507.0,-1.0,0.0,0,319.0,0.0,1,0.01,0.02,SPY200612P00281000,281.0,0,0.0,0.0,,0.0,normalDay
2020-06-11,8507.0,-16.0,0.0,0,300.61,0.0,1,0.01,0.17,SPY200612P00281000,281.0,0,0.0,0.0,,0.0,normalDay
2020-06-12,8508.0,0.0,1.0,0,304.21,0.0,1,0.01,0.0,SPY200612P00281000,281.0,0,0.0,0.0,,0.0,expirationDay
2020-06-15,8508.0,-3.0,0.0,0,307.05,0.0,1,0.2,0.23,SPY200617P00290000,290.0,0,0.0,0.0,,0.0,normalDay
2020-06-16,8508.0,18.0,0.0,0,312.96,0.0,1,0.2,0.02,SPY200617P00290000,290.0,0,0.0,0.0,,0.0,normalDay
2020-06-17,8528.0,0.0,20.0,0,311.66,0.0,1,0.2,0.0,SPY200617P00290000,290.0,0,0.0,0.0,,0.0,expirationDay
2020-06-18,8528.0,-3.0,0.0,0,311.78,0.0,1,0.05,0.08,SPY200619P00295000,295.0,0,0.0,0.0,,0.0,normalDay
2020-06-19,8533.0,0.0,5.0,0,308.64,0.0,1,0.05,0.0,SPY200619P00295000,295.0,0,0.0,0.0,,0.0,expirationDay
2020-06-22,8533.0,-3.0,0.0,0,310.62,0.0,1,0.18,0.21,SPY200624P00298000,298.0,0,0.0,0.0,,0.0,normalDay
2020-06-23,8533.0,14.0,0.0,0,312.05,0.0,1,0.18,0.04,SPY200624P00298000,298.0,0,0.0,0.0,,0.0,normalDay
2020-06-24,8551.0,0.0,18.0,0,304.09,0.0,1,0.18,0.0,SPY200624P00298000,298.0,0,0.0,0.0,,0.0,expirationDay
2020-06-25,8551.0,-3.0,0.0,0,307.35,0.0,1,0.22,0.25,SPY200626P00300000,300.0,0,0.0,0.0,,0.0,normalDay
2020-06-26,8573.0,0.0,22.0,0,300.05,0.0,1,0.22,0.0,SPY200626P00300000,300.0,0,0.0,0.0,,0.0,expirationDay
2020-06-29,8573.0,-5.0,0.0,0,304.46,0.0,1,1.78,1.83,SPY200702P00300000,300.0,0,0.0,0.0,,0.0,normalDay
2020-06-30,8573.0,117.0,0.0,0,308.36,0.0,1,1.78,0.61,SPY200702P00300000,300.0,0,0.0,0.0,,0.0,normalDay
2020-07-01,8573.0,166.0,0.0,0,310.52,0.0,1,1.78,0.12,SPY200702P00300000,300.0,0,0.0,0.0,,0.0,normalDay
2020-07-02,8751.0,0.0,178.0,0,312.23,0.0,1,1.78,0.0,SPY200702P00300000,300.0,0,0.0,0.0,,0.0,expirationDay
2020-07-06,8751.0,-3.0,0.0,0,317.05,0.0,1,0.01,0.04,SPY200708P00300000,300.0,0,0.0,0.0,,0.0,normalDay
2020-07-07,8751.0,-2.0,0.0,0,313.78,0.0,1,0.01,0.03,SPY200708P00300000,300.0,0,0.0,0.0,,0.0,normalDay
2020-07-08,8752.0,0.0,1.0,0,316.18,0.0,1,0.01,0.0,SPY200708P00300000,300.0,0,0.0,0.0,,0.0,expirationDay
2020-07-09,8752.0,-3.0,0.0,0,314.38,0.0,1,0.02,0.05,SPY200710P00301000,301.0,0,0.0,0.0,,0.0,normalDay
2020-07-10,8754.0,0.0,2.0,0,317.59,0.0,1,0.02,0.0,SPY200710P00301000,301.0,0,0.0,0.0,,0.0,expirationDay
2020-07-13,8754.0,-3.0,0.0,0,314.84,0.0,1,0.31,0.34,SPY200715P00303000,303.0,0,0.0,0.0,,0.0,normalDay
2020-07-14,8754.0,27.0,0.0,0,318.92,0.0,1,0.31,0.04,SPY200715P00303000,303.0,0,0.0,0.0,,0.0,normalDay
2020-07-15,8785.0,0.0,31.0,0,321.85,0.0,1,0.31,0.0,SPY200715P00303000,303.0,0,0.0,0.0,,0.0,expirationDay
2020-07-16,8785.0,-3.0,0.0,0,320.79,0.0,1,0.01,0.04,SPY200717P00303000,303.0,0,0.0,0.0,,0.0,normalDay
2020-07-17,8786.0,0.0,1.0,0,321.72,0.0,1,0.01,0.0,SPY200717P00303000,303.0,0,0.0,0.0,,0.0,expirationDay
2020-07-20,8786.0,0.0,0.0,0,324.32,0.0,0,0.0,0.0,,0.0,0,0.0,0.0,,0.0,bidTooLow
2020-07-21,8786.0,-3.0,0.0,0,325.01,0.0,1,0.01,0.04,SPY200724P00302000,302.0,0,0.0,0.0,,0.0,normalDay
2020-07-22,8786.0,-1.0,0.0,0,326.86,0.0,1,0.01,0.02,SPY200724P00302000,302.0,0,0.0,0.0,,0.0,normalDay
2020-07-23,8786.0,0.0,0.0,0,322.96,0.0,1,0.01,0.01,SPY200724P00302000,302.0,0,0.0,0.0,,0.0,normalDay
2020-07-24,8787.0,0.0,1.0,0,320.88,0.0,1,0.01,0.0,SPY200724P00302000,302.0,0,0.0,0.0,,0.0,expirationDay
2020-07-27,8787.0,0.0,0.0,0,323.22,0.0,0,0.0,0.0,,0.0,0,0.0,0.0,,0.0,bidTooLow
2020-07-28,8787.0,-3.0,0.0,0,321.17,0.0,1,0.34,0.37,SPY200731P00310000,310.0,0,0.0,0.0,,0.0,normalDay
2020-07-29,8787.0,25.0,0.0,0,325.12,0.0,1,0.34,0.09,SPY200731P00310000,310.0,0,0.0,0.0,,0.0,normalDay
2020-07-30,8787.0,28.0,0.0,0,323.96,0.0,1,0.34,0.06,SPY200731P00310000,310.0,0,0.0,0.0,,0.0,normalDay
2020-07-31,8821.0,0.0,34.0,0,326.52,0.0,1,0.34,0.0,SPY200731P00310000,310.0,0,0.0,0.0,,0.0,expirationDay
2020-08-03,8821.0,-3.0,0.0,0,328.79,0.0,1,0.03,0.06,SPY200805P00314000,314.0,0,0.0,0.0,,0.0,normalDay
2020-08-04,8821.0,1.0,0.0,0,330.06,0.0,1,0.03,0.02,SPY200805P00314000,314.0,0,0.0,0.0,,0.0,normalDay
2020-08-05,8824.0,0.0,3.0,0,332.11,0.0,1,0.03,0.0,SPY200805P00314000,314.0,0,0.0,0.0,,0.0,expirationDay
2020-08-06,8824.0,-3.0,0.0,0,334.33,0.0,1,0.01,0.04,SPY200807P00316000,316.0,0,0.0,0.0,,0.0,normalDay
2020-08-07,8825.0,0.0,1.0,0,334.57,0.0,1,0.01,0.0,SPY200807P00316000,316.0,0,0.0,0.0,,0.0,expirationDay
2020-08-10,8825.0,-3.0,0.0,0,335.57,0.0,1,0.01,0.04,SPY200812P00317000,317.0,0,0.0,0.0,,0.0,normalDay
2020-08-11,8825.0,-5.0,0.0,0,332.8,0.0,1,0.01,0.06,SPY200812P00317000,317.0,0,0.0,0.0,,0.0,normalDay
2020-08-12,8826.0,0.0,1.0,0,337.44,0.0,1,0.01,0.0,SPY200812P00317000,317.0,0,0.0,0.0,,0.0,expirationDay
2020-08-13,8826.0,0.0,0.0,0,336.83,0.0,0,0.0,0.0,,0.0,0,0.0,0.0,,0.0,bidTooLow
2020-08-14,8826.0,0.0,0.0,0,336.84,0.0,0,0.0,0.0,,0.0,0,0.0,0.0,,0.0,bidTooLow
2020-08-17,8826.0,-3.0,0.0,0,337.91,0.0,1,0.01,0.04,SPY200819P00320000,320.0,0,0.0,0.0,,0.0,normalDay
2020-08-18,8826.0,-2.0,0.0,0,338.64,0.0,1,0.01,0.03,SPY200819P00320000,320.0,0,0.0,0.0,,0.0,normalDay
2020-08-19,8827.0,0.0,1.0,0,337.23,0.0,1,0.01,0.0,SPY200819P00320000,320.0,0,0.0,0.0,,0.0,expirationDay
2020-08-20,8827.0,-3.0,0.0,0,338.28,0.0,1,0.01,0.04,SPY200821P00321000,321.0,0,0.0,0.0,,0.0,normalDay
2020-08-21,8828.0,0.0,1.0,0,339.48,0.0,1,0.01,0.0,SPY200821P00321000,321.0,0,0.0,0.0,,0.0,expirationDay
2020-08-24,8828.0,-3.0,0.0,0,342.92,0.0,1,0.02,0.05,SPY200826P00324000,324.0,0,0.0,0.0,,0.0,normalDay
2020-08-25,8828.0,0.0,0.0,0,344.12,0.0,1,0.02,0.02,SPY200826P00324000,324.0,0,0.0,0.0,,0.0,normalDay
2020-08-26,8830.0,0.0,2.0,0,347.57,0.0,1,0.02,0.0,SPY200826P00324000,324.0,0,0.0,0.0,,0.0,expirationDay
2020-08-27,8830.0,0.0,0.0,0,348.33,0.0,0,0.0,0.0,,0.0,0,0.0,0.0,,0.0,bidTooLow
2020-08-28,8830.0,-3.0,0.0,0,350.58,0.0,1,0.01,0.04,SPY200831P00328000,328.0,0,0.0,0.0,,0.0,normalDay
2020-08-31,8831.0,0.0,1.0,0,349.31,0.0,1,0.01,0.0,SPY200831P00328000,328.0,0,0.0,0.0,,0.0,expirationDay
2020-09-01,8831.0,-3.0,0.0,0,352.6,0.0,1,0.04,0.07,SPY200904P00330000,330.0,0,0.0,0.0,,0.0,normalDay
2020-09-02,8831.0,-1.0,0.0,0,357.7,0.0,1,0.04,0.05,SPY200904P00330000,330.0,0,0.0,0.0,,0.0,normalDay
2020-09-03,8831.0,-10.0,0.0,0,345.39,0.0,1,0.04,0.14,SPY200904P00330000,330.0,0,0.0,0.0,,0.0,normalDay
2020-09-04,8835.0,0.0,4.0,0,342.57,0.0,1,0.04,0.0,SPY200904P00330000,330.0,0,0.0,0.0,,0.0,expirationDay
2020-09-08,8835.0,-6.0,0.0,0,333.21,0.0,1,3.16,3.22,SPY200911P00331000,331.0,0,0.0,0.0,,0.0,normalDay
2020-09-09,8835.0,228.0,0.0,0,339.79,0.0,1,3.16,0.88,SPY200911P00331000,331.0,0,0.0,0.0,,0.0,normalDay
2020-09-10,8835.0,197.0,0.0,0,333.89,0.0,1,3.16,1.19,SPY200911P00331000,331.0,0,0.0,0.0,,0.0,normalDay
2020-09-11,9151.0,0.0,316.0,0,334.06,0.0,1,3.16,0.0,SPY200911P00331000,331.0,0,0.0,0.0,,0.0,expirationDay
2020-09-14,9151.0,-3.0,0.0,0,338.46,0.0,1,0.53,0.56,SPY200916P00331000,331.0,0,0.0,0.0,,0.0,normalDay
2020-09-15,9151.0,43.0,0.0,0,340.17,0.0,1,0.53,0.1,SPY200916P00331000,331.0,0,0.0,0.0,,0.0,normalDay
2020-09-16,9204.0,0.0,53.0,0,338.82,0.0,1,0.53,0.0,SPY200916P00331000,331.0,0,0.0,0.0,,0.0,expirationDay
2020-09-17,9204.0,-4.0,0.0,0,335.84,0.0,1,0.73,0.77,SPY200918P00331000,331.0,0,0.0,0.0,,0.0,normalDay
2020-09-18,9277.0,-35.0,73.0,100,330.65,331.0,1,0.73,0.0,SPY200918P00331000,331.0,0,0.0,0.0,,0.0,expirationDay
2020-09-21,9277.0,-403.0,0.0,100,326.97,331.0,0,0.0,0.0,,0.0,0,0.0,0.0,,0.0,bidTooLow
2020-09-22,9277.0,-70.0,0.0,100,330.3,331.0,0,0.0,0.0,,0.0,0,0.0,0.0,,0.0,bidTooLow
2020-09-23,9277.0,-836.0,0.0,100,322.64,331.0,0,0.0,0.0,,0.0,0,0.0,0.0,,0.0,bidTooLow
2020-09-24,9277.0,-750.0,0.0,100,323.5,331.0,0,0.0,0.0,,0.0,0,0.0,0.0,,0.0,bidTooLow
2020-09-25,9277.0,-227.0,0.0,100,328.73,331.0,0,0.0,0.0,,0.0,0,0.0,0.0,,0.0,bidTooLow
2020-09-28,9277.0,316.0,0.0,100,334.19,331.0,0,0.0,0.0,,0.0,1,0.02,0.05,SPY201009C00367000,367.0,normalDay
2020-09-29,9277.0,135.0,0.0,100,332.37,331.0,0,0.0,0.0,,0.0,1,0.02,0.04,SPY201009C00367000,367.0,normalDay
2020-09-30,9277.0,387.0,0.0,100,334.89,331.0,0,0.0,0.0,,0.0,1,0.02,0.04,SPY201009C00367000,367.0,normalDay
2020-10-01,9277.0,601.0,0.0,100,337.04,331.0,0,0.0,0.0,,0.0,1,0.02,0.05,SPY201009C00367000,367.0,normalDay
2020-10-02,9277.0,284.0,0.0,100,333.84,331.0,0,0.0,0.0,,0.0,1,0.02,0.02,SPY201009C00367000,367.0,normalDay
2020-10-05,9277.0,877.0,0.0,100,339.76,331.0,0,0.0,0.0,,0.0,1,0.02,0.01,SPY201009C00367000,367.0,normalDay
2020-10-06,9277.0,394.0,0.0,100,334.93,331.0,0,0.0,0.0,,0.0,1,0.02,0.01,SPY201009C00367000,367.0,normalDay
2020-10-07,9277.0,977.0,0.0,100,340.76,331.0,0,0.0,0.0,,0.0,1,0.02,0.01,SPY201009C00367000,367.0,normalDay
2020-10-08,9277.0,1279.0,0.0,100,343.78,331.0,0,0.0,0.0,,0.0,1,0.02,0.01,SPY201009C00367000,367.0,normalDay
2020-10-09,9279.0,1585.0,2.0,100,346.85,331.0,0,0.0,0.0,,0.0,1,0.02,0.0,SPY201009C00367000,367.0,expirationDay
2020-10-12,9279.0,2139.0,0.0,100,352.43,331.0,0,0.0,0.0,,0.0,1,1.66,1.7,SPY201023C00359000,359.0,normalDay
2020-10-13,9279.0,1964.0,0.0,100,350.13,331.0,0,0.0,0.0,,0.0,1,1.66,1.15,SPY201023C00359000,359.0,normalDay
2020-10-14,9279.0,1797.0,0.0,100,347.93,331.0,0,0.0,0.0,,0.0,1,1.66,0.62,SPY201023C00359000,359.0,normalDay
2020-10-15,9279.0,1769.0,0.0,100,347.5,331.0,0,0.0,0.0,,0.0,1,1.66,0.47,SPY201023C00359000,359.0,normalDay
2020-10-16,9279.0,1767.0,0.0,100,347.29,331.0,0,0.0,0.0,,0.0,1,1.66,0.28,SPY201023C00359000,359.0,normalDay
2020-10-19,9279.0,1260.0,0.0,100,342.01,331.0,0,0.0,0.0,,0.0,1,1.66,0.07,SPY201023C00359000,359.0,normalDay
2020-10-20,9279.0,1398.0,0.0,100,343.38,331.0,0,0.0,0.0,,0.0,1,1.66,0.06,SPY201023C00359000,359.0,normalDay
2020-10-21,9279.0,1336.0,0.0,100,342.73,331.0,0,0.0,0.0,,0.0,1,1.66,0.03,SPY201023C00359000,359.0,normalDay
2020-10-22,9279.0,1526.0,0.0,100,344.61,331.0,0,0.0,0.0,,0.0,1,1.66,0.01,SPY201023C00359000,359.0,normalDay
2020-10-23,9445.0,1478.0,166.0,100,345.78,331.0,0,0.0,0.0,,0.0,1,1.66,0.0,SPY201023C00359000,359.0,expirationDay
2020-10-26,9445.0,833.0,0.0,100,339.39,331.0,0,0.0,0.0,,0.0,1,0.61,0.67,SPY201106C00361000,361.0,normalDay
2020-10-27,9445.0,740.0,0.0,100,338.22,331.0,0,0.0,0.0,,0.0,1,0.61,0.43,SPY201106C00361000,361.0,normalDay
2020-10-28,9445.0,-380.0,0.0,100,326.66,331.0,0,0.0,0.0,,0.0,1,0.61,0.07,SPY201106C00361000,361.0,normalDay
2020-10-29,9445.0,-48.0,0.0,100,329.98,331.0,0,0.0,0.0,,0.0,1,0.61,0.07,SPY201106C00361000,361.0,normalDay
2020-10-30,9445.0,-390.0,0.0,100,326.54,331.0,0,0.0,0.0,,0.0,1,0.61,0.05,SPY201106C00361000,361.0,normalDay
2020-11-02,9445.0,-25.0,0.0,100,330.2,331.0,0,0.0,0.0,,0.0,1,0.61,0.06,SPY201106C00361000,361.0,normalDay
2020-11-03,9445.0,545.0,0.0,100,336.03,331.0,0,0.0,0.0,,0.0,1,0.61,0.19,SPY201106C00361000,361.0,normalDay
2020-11-04,9445.0,1311.0,0.0,100,343.54,331.0,0,0.0,0.0,,0.0,1,0.61,0.04,SPY201106C00361000,361.0,normalDay
2020-11-05,9445.0,1981.0,0.0,100,350.24,331.0,0,0.0,0.0,,0.0,1,0.61,0.04,SPY201106C00361000,361.0,normalDay
2020-11-06,9506.0,1916.0,61.0,100,350.16,331.0,0,0.0,0.0,,0.0,1,0.61,0.0,SPY201106C00361000,361.0,expirationDay
2020-11-09,9506.0,2353.0,0.0,100,354.56,331.0,0,0.0,0.0,,0.0,1,1.07,1.1,SPY201120C00368000,368.0,normalDay
2020-11-10,9506.0,2349.0,0.0,100,354.04,331.0,0,0.0,0.0,,0.0,1,1.07,0.62,SPY201120C00368000,368.0,normalDay
2020-11-11,9506.0,2611.0,0.0,100,356.67,331.0,0,0.0,0.0,,0.0,1,1.07,0.63,SPY201120C00368000,368.0,normalDay
2020-11-12,9506.0,2306.0,0.0,100,353.21,331.0,0,0.0,0.0,,0.0,1,1.07,0.22,SPY201120C00368000,368.0,normalDay
2020-11-13,9506.0,2764.0,0.0,100,358.1,331.0,0,0.0,0.0,,0.0,1,1.07,0.53,SPY201120C00368000,368.0,normalDay
2020-11-16,9506.0,3197.0,0.0,100,362.57,331.0,0,0.0,0.0,,0.0,1,1.07,0.67,SPY201120C00368000,368.0,normalDay
2020-11-17,9506.0,3043.0,0.0,100,360.62,331.0,0,0.0,0.0,,0.0,1,1.07,0.26,SPY201120C00368000,368.0,normalDay
2020-11-18,9506.0,2631.0,0.0,100,356.28,331.0,0,0.0,0.0,,0.0,1,1.07,0.04,SPY201120C00368000,368.0,normalDay
2020-11-19,9506.0,2783.0,0.0,100,357.78,331.0,0,0.0,0.0,,0.0,1,1.07,0.02,SPY201120C00368000,368.0,normalDay
2020-11-20,9613.0,2433.0,107.0,100,355.33,331.0,0,0.0,0.0,,0.0,1,1.07,0.0,SPY201120C00368000,368.0,expirationDay
2020-11-23,9613.0,2646.0,0.0,100,357.46,331.0,0,0.0,0.0,,0.0,0,0.0,0.0,,0.0,bidTooLow
2020-11-24,9613.0,3219.0,0.0,100,363.22,331.0,0,0.0,0.0,,0.0,1,0.01,0.04,SPY201204C00389000,389.0,normalDay
2020-11-25,9613.0,3164.0,0.0,100,362.66,331.0,0,0.0,0.0,,0.0,1,0.01,0.03,SPY201204C00389000,389.0,normalDay
2020-11-27,9613.0,3266.0,0.0,100,363.67,331.0,0,0.0,0.0,,0.0,1,0.01,0.02,SPY201204C00389000,389.0,normalDay
2020-11-30,9613.0,3106.0,0.0,100,362.06,331.0,0,0.0,0.0,,0.0,1,0.01,0.01,SPY201204C00389000,389.0,normalDay
2020-12-01,9613.0,3502.0,0.0,100,366.02,331.0,0,0.0,0.0,,0.0,1,0.01,0.01,SPY201204C00389000,389.0,normalDay
2020-12-02,9613.0,3579.0,0.0,100,366.79,331.0,0,0.0,0.0,,0.0,1,0.01,0.01,SPY201204C00389000,389.0,normalDay
2020-12-03,9613.0,3569.0,0.0,100,366.69,331.0,0,0.0,0.0,,0.0,1,0.01,0.01,SPY201204C00389000,389.0,normalDay
2020-12-04,9614.0,3885.0,1.0,100,369.85,331.0,0,0.0,0.0,,0.0,1,0.01,0.0,SPY201204C00389000,389.0,expirationDay
2020-12-07,9614.0,3806.0,0.0,100,369.09,331.0,0,0.0,0.0,,0.0,1,0.77,0.8,SPY201218C00377000,377.0,normalDay
2020-12-08,9614.0,3903.0,0.0,100,370.17,331.0,0,0.0,0.0,,0.0,1,0.77,0.91,SPY201218C00377000,377.0,normalDay
2020-12-09,9614.0,3621.0,0.0,100,366.85,331.0,0,0.0,0.0,,0.0,1,0.77,0.41,SPY201218C00377000,377.0,normalDay
2020-12-10,9614.0,3621.0,0.0,100,366.73,331.0,0,0.0,0.0,,0.0,1,0.77,0.29,SPY201218C00377000,377.0,normalDay
2020-12-11,9614.0,3589.0,0.0,100,366.3,331.0,0,0.0,0.0,,0.0,1,0.77,0.18,SPY201218C00377000,377.0,normalDay
2020-12-14,9614.0,3428.0,0.0,100,364.66,331.0,0,0.0,0.0,,0.0,1,0.77,0.15,SPY201218C00377000,377.0,normalDay
2020-12-15,9614.0,3916.0,0.0,100,369.59,331.0,0,0.0,0.0,,0.0,1,0.77,0.2,SPY201218C00377000,377.0,normalDay
2020-12-16,9614.0,3975.0,0.0,100,370.17,331.0,0,0.0,0.0,,0.0,1,0.77,0.19,SPY201218C00377000,377.0,normalDay
2020-12-17,9614.0,4188.0,0.0,100,372.24,331.0,0,0.0,0.0,,0.0,1,0.77,0.13,SPY201218C00377000,377.0,normalDay
2020-12-18,9691.0,3818.0,77.0,100,369.18,331.0,0,0.0,0.0,,0.0,1,0.77,0.0,SPY201218C00377000,377.0,expirationDay
2020-12-21,9691.0,3682.0,0.0,100,367.86,331.0,0,0.0,0.0,,0.0,1,0.59,0.63,SPY201231C00378000,378.0,normalDay
2020-12-22,9691.0,3649.0,0.0,100,367.24,331.0,0,0.0,0.0,,0.0,1,0.59,0.34,SPY201231C00378000,378.0,normalDay
2020-12-23,9691.0,3694.0,0.0,100,367.57,331.0,0,0.0,0.0,,0.0,1,0.59,0.22,SPY201231C00378000,378.0,normalDay
2020-12-24,9691.0,3841.0,0.0,100,369.0,331.0,0,0.0,0.0,,0.0,1,0.59,0.18,SPY201231C00378000,378.0,normalDay
2020-12-28,9691.0,4152.0,0.0,100,372.17,331.0,0,0.0,0.0,,0.0,1,0.59,0.24,SPY201231C00378000,378.0,normalDay
2020-12-29,9691.0,4096.0,0.0,100,371.46,331.0,0,0.0,0.0,,0.0,1,0.59,0.09,SPY201231C00378000,378.0,normalDay
2020-12-30,9691.0,4155.0,0.0,100,371.99,331.0,0,0.0,0.0,,0.0,1,0.59,0.03,SPY201231C00378000,378.0,normalDay
2020-12-31,9750.0,4288.0,59.0,100,373.88,331.0,0,0.0,0.0,,0.0,1,0.59,0.0,SPY201231C00378000,378.0,expirationDay
2021-01-04,9750.0,3776.0,0.0,100,368.79,331.0,0,0.0,0.0,,0.0,1,1.73,1.76,SPY210115C00377000,377.0,normalDay
2021-01-05,9750.0,3998.0,0.0,100,371.33,331.0,0,0.0,0.0,,0.0,1,1.73,2.08,SPY210115C00377000,377.0,normalDay
2021-01-06,9750.0,4143.0,0.0,100,373.55,331.0,0,0.0,0.0,,0.0,1,1.73,2.85,SPY210115C00377000,377.0,normalDay
2021-01-07,9750.0,4516.0,0.0,100,379.1,331.0,0,0.0,0.0,,0.0,1,1.73,4.67,SPY210115C00377000,377.0,normalDay
2021-01-08,9750.0,4568.0,0.0,100,381.26,331.0,0,0.0,0.0,,0.0,1,1.73,6.31,SPY210115C00377000,377.0,normalDay
2021-01-11,9750.0,4509.0,0.0,100,378.69,331.0,0,0.0,0.0,,0.0,1,1.73,4.33,SPY210115C00377000,377.0,normalDay
2021-01-12,9750.0,4602.0,0.0,100,378.77,331.0,0,0.0,0.0,,0.0,1,1.73,3.48,SPY210115C00377000,377.0,normalDay
2021-01-13,9750.0,4668.0,0.0,100,379.79,331.0,0,0.0,0.0,,0.0,1,1.73,3.84,SPY210115C00377000,377.0,normalDay
2021-01-14,9750.0,4673.0,0.0,100,378.46,331.0,0,0.0,0.0,,0.0,1,1.73,2.46,SPY210115C00377000,377.0,normalDay
2021-01-15,9923.0,4470.0,173.0,100,375.7,331.0,0,0.0,0.0,,0.0,1,1.73,0.0,SPY210115C00377000,377.0,expirationDay
2021-01-19,9923.0,4762.0,0.0,100,378.65,331.0,0,0.0,0.0,,0.0,1,0.5,0.53,SPY210129C00389000,389.0,normalDay
2021-01-20,9923.0,5205.0,0.0,100,383.89,331.0,0,0.0,0.0,,0.0,1,0.5,1.34,SPY210129C00389000,389.0,normalDay
2021-01-21,9923.0,5264.0,0.0,100,384.24,331.0,0,0.0,0.0,,0.0,1,0.5,1.1,SPY210129C00389000,389.0,normalDay
2021-01-22,9923.0,5183.0,0.0,100,382.88,331.0,0,0.0,0.0,,0.0,1,0.5,0.55,SPY210129C00389000,389.0,normalDay
2021-01-25,9923.0,5319.0,0.0,100,384.39,331.0,0,0.0,0.0,,0.0,1,0.5,0.7,SPY210129C00389000,389.0,normalDay
2021-01-26,9923.0,5276.0,0.0,100,383.79,331.0,0,0.0,0.0,,0.0,1,0.5,0.53,SPY210129C00389000,389.0,normalDay
2021-01-27,9923.0,4377.0,0.0,100,374.41,331.0,0,0.0,0.0,,0.0,1,0.5,0.14,SPY210129C00389000,389.0,normalDay
2021-01-28,9923.0,4711.0,0.0,100,377.63,331.0,0,0.0,0.0,,0.0,1,0.5,0.02,SPY210129C00389000,389.0,normalDay
2021-01-29,9973.0,3907.0,50.0,100,370.07,331.0,0,0.0,0.0,,0.0,1,0.5,0.0,SPY210129C00389000,389.0,expirationDay
2021-02-01,9973.0,4519.0,0.0,100,376.23,331.0,0,0.0,0.0,,0.0,1,0.29,0.33,SPY210212C00393000,393.0,normalDay
2021-02-02,9973.0,5024.0,0.0,100,381.55,331.0,0,0.0,0.0,,0.0,1,0.29,0.6,SPY210212C00393000,393.0,normalDay
2021-02-03,9973.0,5079.0,0.0,100,381.85,331.0,0,0.0,0.0,,0.0,1,0.29,0.35,SPY210212C00393000,393.0,normalDay
2021-02-04,9973.0,5482.0,0.0,100,386.19,331.0,0,0.0,0.0,,0.0,1,0.29,0.66,SPY210212C00393000,393.0,normalDay
2021-02-05,9973.0,5628.0,0.0,100,387.71,331.0,0,0.0,0.0,,0.0,1,0.29,0.72,SPY210212C00393000,393.0,normalDay
2021-02-08,9973.0,5867.0,0.0,100,390.51,331.0,0,0.0,0.0,,0.0,1,0.29,1.13,SPY210212C00393000,393.0,normalDay
2021-02-09,9973.0,5863.0,0.0,100,390.25,331.0,0,0.0,0.0,,0.0,1,0.29,0.91,SPY210212C00393000,393.0,normalDay
2021-02-10,9973.0,5867.0,0.0,100,390.08,331.0,0,0.0,0.0,,0.0,1,0.29,0.7,SPY210212C00393000,393.0,normalDay
2021-02-11,9973.0,5975.0,0.0,100,390.71,331.0,0,0.0,0.0,,0.0,1,0.29,0.25,SPY210212C00393000,393.0,normalDay
2021-02-12,10002.0,6164.0,29.0,100,392.64,331.0,0,0.0,0.0,,0.0,1,0.29,0.0,SPY210212C00393000,393.0,expirationDay
2021-02-16,10002.0,6127.0,0.0,100,392.3,331.0,0,0.0,0.0,,0.0,1,0.28,0.31,SPY210226C00404000,404.0,normalDay
2021-02-17,10002.0,6145.0,0.0,100,392.39,331.0,0,0.0,0.0,,0.0,1,0.28,0.22,SPY210226C00404000,404.0,normalDay
2021-02-18,10002.0,5988.0,0.0,100,390.72,331.0,0,0.0,0.0,,0.0,1,0.28,0.12,SPY210226C00404000,404.0,normalDay
2021-02-19,10002.0,5926.0,0.0,100,390.03,331.0,0,0.0,0.0,,0.0,1,0.28,0.05,SPY210226C00404000,404.0,normalDay
2021-02-22,10002.0,5629.0,0.0,100,387.03,331.0,0,0.0,0.0,,0.0,1,0.28,0.02,SPY210226C00404000,404.0,normalDay
2021-02-23,10002.0,5676.0,0.0,100,387.5,331.0,0,0.0,0.0,,0.0,1,0.28,0.02,SPY210226C00404000,404.0,normalDay
2021-02-24,10002.0,6102.0,0.0,100,391.77,331.0,0,0.0,0.0,,0.0,1,0.28,0.03,SPY210226C00404000,404.0,normalDay
2021-02-25,10002.0,5160.0,0.0,100,382.33,331.0,0,0.0,0.0,,0.0,1,0.28,0.01,SPY210226C00404000,404.0,normalDay
2021-02-26,10030.0,4936.0,28.0,100,380.36,331.0,0,0.0,0.0,,0.0,1,0.28,0.0,SPY210226C00404000,404.0,expirationDay
2021-03-01,10030.0,5855.0,0.0,100,389.58,331.0,0,0.0,0.0,,0.0,1,0.42,0.45,SPY210312C00402500,402.5,normalDay
2021-03-02,10030.0,5573.0,0.0,100,386.54,331.0,0,0.0,0.0,,0.0,1,0.42,0.23,SPY210312C00402500,402.5,normalDay
2021-03-03,10030.0,5073.0,0.0,100,381.42,331.0,0,0.0,0.0,,0.0,1,0.42,0.11,SPY210312C00402500,402.5,normalDay
2021-03-04,10030.0,4607.0,0.0,100,376.7,331.0,0,0.0,0.0,,0.0,1,0.42,0.05,SPY210312C00402500,402.5,normalDay
2021-03-05,10030.0,5299.0,0.0,100,383.63,331.0,0,0.0,0.0,,0.0,1,0.42,0.06,SPY210312C00402500,402.5,normalDay
2021-03-08,10030.0,5110.0,0.0,100,381.72,331.0,0,0.0,0.0,,0.0,1,0.42,0.04,SPY210312C00402500,402.5,normalDay
2021-03-09,10030.0,5655.0,0.0,100,387.17,331.0,0,0.0,0.0,,0.0,1,0.42,0.04,SPY210312C00402500,402.5,normalDay
2021-03-10,10030.0,5897.0,0.0,100,389.58,331.0,0,0.0,0.0,,0.0,1,0.42,0.03,SPY210312C00402500,402.5,normalDay
2021-03-11,10030.0,6293.0,0.0,100,393.53,331.0,0,0.0,0.0,,0.0,1,0.42,0.02,SPY210312C00402500,402.5,normalDay
2021-03-12,10072.0,6306.0,42.0,100,394.06,331.0,0,0.0,0.0,,0.0,1,0.42,0.0,SPY210312C00402500,402.5,expirationDay
2021-03-15,10072.0,6538.0,0.0,100,396.41,331.0,0,0.0,0.0,,0.0,1,0.66,0.69,SPY210326C00405000,405.0,normalDay
2021-03-16,10072.0,6504.0,0.0,100,395.91,331.0,0,0.0,0.0,,0.0,1,0.66,0.53,SPY210326C00405000,405.0,normalDay
2021-03-17,10072.0,6636.0,0.0,100,397.26,331.0,0,0.0,0.0,,0.0,1,0.66,0.56,SPY210326C00405000,405.0,normalDay
2021-03-18,10072.0,6096.0,0.0,100,391.48,331.0,0,0.0,0.0,,0.0,1,0.66,0.18,SPY210326C00405000,405.0,normalDay
2021-03-19,10072.0,5907.0,0.0,100,389.48,331.0,0,0.0,0.0,,0.0,1,0.66,0.07,SPY210326C00405000,405.0,normalDay
2021-03-22,10072.0,6220.0,0.0,100,392.59,331.0,0,0.0,0.0,,0.0,1,0.66,0.05,SPY210326C00405000,405.0,normalDay
2021-03-23,10072.0,5914.0,0.0,100,389.5,331.0,0,0.0,0.0,,0.0,1,0.66,0.02,SPY210326C00405000,405.0,normalDay
2021-03-24,10072.0,5717.0,0.0,100,387.52,331.0,0,0.0,0.0,,0.0,1,0.66,0.01,SPY210326C00405000,405.0,normalDay
2021-03-25,10072.0,5935.0,0.0,100,389.7,331.0,0,0.0,0.0,,0.0,1,0.66,0.01,SPY210326C00405000,405.0,normalDay
2021-03-26,10138.0,6498.0,66.0,100,395.98,331.0,0,0.0,0.0,,0.0,1,0.66,0.0,SPY210326C00405000,405.0,expirationDay
2021-03-29,10138.0,6474.0,0.0,100,395.78,331.0,0,0.0,0.0,,0.0,1,0.36,0.4,SPY210409C00408000,408.0,normalDay
2021-03-30,10138.0,6392.0,0.0,100,394.73,331.0,0,0.0,0.0,,0.0,1,0.36,0.17,SPY210409C00408000,408.0,normalDay
2021-03-31,10138.0,6548.0,0.0,100,396.33,331.0,0,0.0,0.0,,0.0,1,0.36,0.21,SPY210409C00408000,408.0,normalDay
2021-04-01,10138.0,6958.0,0.0,100,400.61,331.0,0,0.0,0.0,,0.0,1,0.36,0.39,SPY210409C00408000,408.0,normalDay
2021-04-05,10138.0,7425.0,0.0,100,406.36,331.0,0,0.0,0.0,,0.0,1,0.36,1.47,SPY210409C00408000,408.0,normalDay
2021-04-06,10138.0,7440.0,0.0,100,406.12,331.0,0,0.0,0.0,,0.0,1,0.36,1.08,SPY210409C00408000,408.0,normalDay
2021-04-07,10138.0,7501.0,0.0,100,406.59,331.0,0,0.0,0.0,,0.0,1,0.36,0.94,SPY210409C00408000,408.0,normalDay
2021-04-08,10138.0,7640.0,0.0,100,408.52,331.0,0,0.0,0.0,,0.0,1,0.36,1.48,SPY210409C00408000,408.0,normalDay
2021-04-09,17874.0,7640.0,7736.0,0,411.49,0.0,0,0.0,0.0,,0.0,1,0.36,0.0,SPY210409C00408000,408.0,expirationDay
2021-04-12,17874.0,0.0,0.0,0,411.64,0.0,0,0.0,0.0,,0.0,0,0.0,0.0,,0.0,bidTooLow
2021-04-13,17874.0,0.0,0.0,0,412.86,0.0,0,0.0,0.0,,0.0,0,0.0,0.0,,0.0,bidTooLow
2021-04-14,17874.0,0.0,0.0,0,411.45,0.0,0,0.0,0.0,,0.0,0,0.0,0.0,,0.0,bidTooLow
2021-04-15,17874.0,0.0,0.0,0,415.87,0.0,0,0.0,0.0,,0.0,0,0.0,0.0,,0.0,bidTooLow
2021-04-16,17874.0,0.0,0.0,0,417.26,0.0,0,0.0,0.0,,0.0,0,0.0,0.0,,0.0,bidTooLow
2021-04-19,17874.0,0.0,0.0,0,415.21,0.0,0,0.0,0.0,,0.0,0,0.0,0.0,,0.0,bidTooLow
2021-04-20,17874.0,-3.0,0.0,0,412.17,0.0,1,0.01,0.04,SPY210423P00388000,388.0,0,0.0,0.0,,0.0,normalDay
2021-04-21,17874.0,-1.0,0.0,0,416.07,0.0,1,0.01,0.02,SPY210423P00388000,388.0,0,0.0,0.0,,0.0,normalDay
2021-04-22,17874.0,-1.0,0.0,0,412.27,0.0,1,0.01,0.02,SPY210423P00388000,388.0,0,0.0,0.0,,0.0,normalDay
2021-04-23,17875.0,0.0,1.0,0,416.74,0.0,1,0.01,0.0,SPY210423P00388000,388.0,0,0.0,0.0,,0.0,expirationDay
2021-04-26,17875.0,0.0,0.0,0,417.61,0.0,0,0.0,0.0,,0.0,0,0.0,0.0,,0.0,bidTooLow
2021-04-27,17875.0,-3.0,0.0,0,417.52,0.0,1,0.03,0.06,SPY210430P00399000,399.0,0,0.0,0.0,,0.0,normalDay
2021-04-28,17875.0,0.0,0.0,0,417.4,0.0,1,0.03,0.03,SPY210430P00399000,399.0,0,0.0,0.0,,0.0,normalDay
2021-04-29,17875.0,1.0,0.0,0,420.06,0.0,1,0.03,0.02,SPY210430P00399000,399.0,0,0.0,0.0,,0.0,normalDay
2021-04-30,17878.0,0.0,3.0,0,417.3,0.0,1,0.03,0.0,SPY210430P00399000,399.0,0,0.0,0.0,,0.0,expirationDay
2021-05-03,17878.0,-3.0,0.0,0,418.2,0.0,1,0.06,0.09,SPY210505P00407000,407.0,0,0.0,0.0,,0.0,normalDay
2021-05-04,17878.0,-1.0,0.0,0,415.62,0.0,1,0.06,0.07,SPY210505P00407000,407.0,0,0.0,0.0,,0.0,normalDay
2021-05-05,17884.0,0.0,6.0,0,415.75,0.0,1,0.06,0.0,SPY210505P00407000,407.0,0,0.0,0.0,,0.0,expirationDay
2021-05-06,17884.0,-3.0,0.0,0,419.07,0.0,1,0.05,0.08,SPY210507P00411000,411.0,0,0.0,0.0,,0.0,normalDay
2021-05-07,17889.0,0.0,5.0,0,422.12,0.0,1,0.05,0.0,SPY210507P00411000,411.0,0,0.0,0.0,,0.0,expirationDay
2021-05-10,17889.0,-3.0,0.0,0,417.94,0.0,1,0.64,0.67,SPY210512P00412000,412.0,0,0.0,0.0,,0.0,normalDay
2021-05-11,17889.0,-41.0,0.0,0,414.21,0.0,1,0.64,1.05,SPY210512P00412000,412.0,0,0.0,0.0,,0.0,normalDay
2021-05-12,17953.0,-659.0,64.0,100,405.41,412.0,1,0.64,0.0,SPY210512P00412000,412.0,0,0.0,0.0,,0.0,expirationDay
2021-05-13,17953.0,-175.0,0.0,100,410.28,412.0,0,0.0,0.0,,0.0,1,0.09,0.12,SPY210524C00428000,428.0,normalDay
2021-05-14,17953.0,448.0,0.0,100,416.58,412.0,0,0.0,0.0,,0.0,1,0.09,0.19,SPY210524C00428000,428.0,normalDay
2021-05-17,17953.0,354.0,0.0,100,415.52,412.0,0,0.0,0.0,,0.0,1,0.09,0.07,SPY210524C00428000,428.0,normalDay
2021-05-18,17953.0,0.0,0.0,100,411.94,412.0,0,0.0,0.0,,0.0,1,0.09,0.03,SPY210524C00428000,428.0,normalDay
2021-05-19,17953.0,-107.0,0.0,100,410.86,412.0,0,0.0,0.0,,0.0,1,0.09,0.02,SPY210524C00428000,428.0,normalDay
2021-05-20,17953.0,335.0,0.0,100,415.28,412.0,0,0.0,0.0,,0.0,1,0.09,0.02,SPY210524C00428000,428.0,normalDay
2021-05-21,17953.0,302.0,0.0,100,414.94,412.0,0,0.0,0.0,,0.0,1,0.09,0.01,SPY210524C00428000,428.0,normalDay
2021-05-24,17962.0,717.0,9.0,100,419.17,412.0,0,0.0,0.0,,0.0,1,0.09,0.0,SPY210524C00428000,428.0,expirationDay
2021-05-25,17962.0,621.0,0.0,100,418.24,412.0,0,0.0,0.0,,0.0,1,0.23,0.26,SPY210604C00428000,428.0,normalDay
2021-05-26,17962.0,713.0,0.0,100,419.07,412.0,0,0.0,0.0,,0.0,1,0.23,0.17,SPY210604C00428000,428.0,normalDay
2021-05-27,17962.0,737.0,0.0,100,419.29,412.0,0,0.0,0.0,,0.0,1,0.23,0.15,SPY210604C00428000,428.0,normalDay
2021-05-28,17962.0,816.0,0.0,100,420.04,412.0,0,0.0,0.0,,0.0,1,0.23,0.11,SPY210604C00428000,428.0,normalDay
2021-06-01,17962.0,784.0,0.0,100,419.67,412.0,0,0.0,0.0,,0.0,1,0.23,0.06,SPY210604C00428000,428.0,normalDay
2021-06-02,17962.0,853.0,0.0,100,420.33,412.0,0,0.0,0.0,,0.0,1,0.23,0.03,SPY210604C00428000,428.0,normalDay
2021-06-03,17962.0,699.0,0.0,100,418.77,412.0,0,0.0,0.0,,0.0,1,0.23,0.01,SPY210604C00428000,428.0,normalDay
2021-06-04,17985.0,1060.0,23.0,100,422.6,412.0,0,0.0,0.0,,0.0,1,0.23,0.0,SPY210604C00428000,428.0,expirationDay
2021-06-07,17985.0,1016.0,0.0,100,422.19,412.0,0,0.0,0.0,,0.0,1,0.3,0.33,SPY210618C00431000,431.0,normalDay
2021-06-08,17985.0,1021.0,0.0,100,422.28,412.0,0,0.0,0.0,,0.0,1,0.3,0.37,SPY210618C00431000,431.0,normalDay
2021-06-09,17985.0,959.0,0.0,100,421.65,412.0,0,0.0,0.0,,0.0,1,0.3,0.36,SPY210618C00431000,431.0,normalDay
2021-06-10,17985.0,1162.0,0.0,100,423.61,412.0,0,0.0,0.0,,0.0,1,0.3,0.29,SPY210618C00431000,431.0,normalDay
2021-06-11,17985.0,1241.0,0.0,100,424.31,412.0,0,0.0,0.0,,0.0,1,0.3,0.2,SPY210618C00431000,431.0,normalDay
2021-06-14,17985.0,1330.0,0.0,100,425.26,412.0,0,0.0,0.0,,0.0,1,0.3,0.26,SPY210618C00431000,431.0,normalDay
2021-06-15,17985.0,1261.0,0.0,100,424.48,412.0,0,0.0,0.0,,0.0,1,0.3,0.17,SPY210618C00431000,431.0,normalDay
2021-06-16,17985.0,1035.0,0.0,100,422.11,412.0,0,0.0,0.0,,0.0,1,0.3,0.06,SPY210618C00431000,431.0,normalDay
2021-06-17,17985.0,1025.0,0.0,100,421.97,412.0,0,0.0,0.0,,0.0,1,0.3,0.02,SPY210618C00431000,431.0,normalDay
2021-06-18,18015.0,292.0,30.0,100,414.92,412.0,0,0.0,0.0,,0.0,1,0.3,0.0,SPY210618C00431000,431.0,expirationDay
2021-06-21,18015.0,883.0,0.0,100,420.86,412.0,0,0.0,0.0,,0.0,1,0.45,0.48,SPY210702C00429000,429.0,normalDay
2021-06-22,18015.0,1095.0,0.0,100,423.11,412.0,0,0.0,0.0,,0.0,1,0.45,0.61,SPY210702C00429000,429.0,normalDay
2021-06-23,18015.0,1060.0,0.0,100,422.6,412.0,0,0.0,0.0,,0.0,1,0.45,0.45,SPY210702C00429000,429.0,normalDay
2021-06-24,18015.0,1280.0,0.0,100,425.1,412.0,0,0.0,0.0,,0.0,1,0.45,0.75,SPY210702C00429000,429.0,normalDay
2021-06-25,18015.0,1417.0,0.0,100,426.61,412.0,0,0.0,0.0,,0.0,1,0.45,0.89,SPY210702C00429000,429.0,normalDay
2021-06-28,18015.0,1508.0,0.0,100,427.47,412.0,0,0.0,0.0,,0.0,1,0.45,0.84,SPY210702C00429000,429.0,normalDay
2021-06-29,18015.0,1529.0,0.0,100,427.7,412.0,0,0.0,0.0,,0.0,1,0.45,0.86,SPY210702C00429000,429.0,normalDay
2021-06-30,18015.0,1554.0,0.0,100,428.06,412.0,0,0.0,0.0,,0.0,1,0.45,0.97,SPY210702C00429000,429.0,normalDay
2021-07-01,18015.0,1700.0,0.0,100,430.43,412.0,0,0.0,0.0,,0.0,1,0.45,1.88,SPY210702C00429000,429.0,normalDay
2021-07-02,19760.0,1700.0,1745.0,0,433.72,0.0,0,0.0,0.0,,0.0,1,0.45,0.0,SPY210702C00429000,429.0,expirationDay
2021-07-06,19760.0,-3.0,0.0,0,432.93,0.0,1,0.03,0.06,SPY210709P00417500,417.5,0,0.0,0.0,,0.0,normalDay
2021-07-07,19760.0,0.0,0.0,0,434.46,0.0,1,0.03,0.03,SPY210709P00417500,417.5,0,0.0,0.0,,0.0,normalDay
2021-07-08,19760.0,0.0,0.0,0,430.92,0.0,1,0.03,0.03,SPY210709P00417500,417.5,0,0.0,0.0,,0.0,normalDay
2021-07-09,19763.0,0.0,3.0,0,435.52,0.0,1,0.03,0.0,SPY210709P00417500,417.5,0,0.0,0.0,,0.0,expirationDay
2021-07-12,19763.0,-3.0,0.0,0,437.08,0.0,1,0.01,0.04,SPY210714P00418000,418.0,0,0.0,0.0,,0.0,normalDay
2021-07-13,19763.0,-3.0,0.0,0,435.59,0.0,1,0.01,0.04,SPY210714P00418000,418.0,0,0.0,0.0,,0.0,normalDay
2021-07-14,19764.0,0.0,1.0,0,436.24,0.0,1,0.01,0.0,SPY210714P00418000,418.0,0,0.0,0.0,,0.0,expirationDay
2021-07-15,19764.0,-3.0,0.0,0,434.75,0.0,1,0.01,0.04,SPY210716P00418000,418.0,0,0.0,0.0,,0.0,normalDay
2021-07-16,19765.0,0.0,1.0,0,431.34,0.0,1,0.01,0.0,SPY210716P00418000,418.0,0,0.0,0.0,,0.0,expirationDay
2021-07-19,19765.0,-4.0,0.0,0,424.97,0.0,1,1.37,1.41,SPY210721P00421000,421.0,0,0.0,0.0,,0.0,normalDay
2021-07-20,19765.0,130.0,0.0,0,431.06,0.0,1,1.37,0.07,SPY210721P00421000,421.0,0,0.0,0.0,,0.0,normalDay
2021-07-21,19902.0,0.0,137.0,0,434.55,0.0,1,1.37,0.0,SPY210721P00421000,421.0,0,0.0,0.0,,0.0,expirationDay
2021-07-22,19902.0,-3.0,0.0,0,435.46,0.0,1,0.01,0.04,SPY210723P00425000,425.0,0,0.0,0.0,,0.0,normalDay
2021-07-23,19903.0,0.0,1.0,0,439.94,0.0,1,0.01,0.0,SPY210723P00425000,425.0,0,0.0,0.0,,0.0,expirationDay
2021-07-26,19903.0,-3.0,0.0,0,441.02,0.0,1,0.02,0.05,SPY210728P00426000,426.0,0,0.0,0.0,,0.0,normalDay
2021-07-27,19903.0,-3.0,0.0,0,439.01,0.0,1,0.02,0.05,SPY210728P00426000,426.0,0,0.0,0.0,,0.0,normalDay
2021-07-28,19905.0,0.0,2.0,0,438.83,0.0,1,0.02,0.0,SPY210728P00426000,426.0,0,0.0,0.0,,0.0,expirationDay
2021-07-29,19905.0,0.0,0.0,0,440.65,0.0,0,0.0,0.0,,0.0,0,0.0,0.0,,0.0,bidTooLow
2021-07-30,19905.0,-3.0,0.0,0,438.51,0.0,1,0.04,0.07,SPY210802P00429000,429.0,0,0.0,0.0,,0.0,normalDay
2021-08-02,19909.0,0.0,4.0,0,437.59,0.0,1,0.04,0.0,SPY210802P00429000,429.0,0,0.0,0.0,,0.0,expirationDay
2021-08-03,19909.0,-3.0,0.0,0,441.15,0.0,1,0.1,0.13,SPY210806P00429000,429.0,0,0.0,0.0,,0.0,normalDay
2021-08-04,19909.0,-2.0,0.0,0,438.98,0.0,1,0.1,0.12,SPY210806P00429000,429.0,0,0.0,0.0,,0.0,normalDay
2021-08-05,19909.0,7.0,0.0,0,441.76,0.0,1,0.1,0.03,SPY210806P00429000,429.0,0,0.0,0.0,,0.0,normalDay
2021-08-06,19919.0,0.0,10.0,0,442.49,0.0,1,0.1,0.0,SPY210806P00429000,429.0,0,0.0,0.0,,0.0,expirationDay
2021-08-09,19919.0,-3.0,0.0,0,442.13,0.0,1,0.02,0.05,SPY210811P00430000,430.0,0,0.0,0.0,,0.0,normalDay
2021-08-10,19919.0,-1.0,0.0,0,442.68,0.0,1,0.02,0.03,SPY210811P00430000,430.0,0,0.0,0.0,,0.0,normalDay
2021-08-11,19921.0,0.0,2.0,0,443.78,0.0,1,0.02,0.0,SPY210811P00430000,430.0,0,0.0,0.0,,0.0,expirationDay
2021-08-12,19921.0,-3.0,0.0,0,445.11,0.0,1,0.01,0.04,SPY210813P00430000,430.0,0,0.0,0.0,,0.0,normalDay
2021-08-13,19922.0,0.0,1.0,0,445.92,0.0,1,0.01,0.0,SPY210813P00430000,430.0,0,0.0,0.0,,0.0,expirationDay
2021-08-16,19922.0,-3.0,0.0,0,446.97,0.0,1,0.05,0.08,SPY210818P00434000,434.0,0,0.0,0.0,,0.0,normalDay
2021-08-17,19922.0,-4.0,0.0,0,444.04,0.0,1,0.05,0.09,SPY210818P00434000,434.0,0,0.0,0.0,,0.0,normalDay
2021-08-18,19927.0,0.0,5.0,0,439.18,0.0,1,0.05,0.0,SPY210818P00434000,434.0,0,0.0,0.0,,0.0,expirationDay
2021-08-19,19927.0,-4.0,0.0,0,439.86,0.0,1,0.77,0.81,SPY210820P00437000,437.0,0,0.0,0.0,,0.0,normalDay
2021-08-20,20004.0,0.0,77.0,0,443.36,0.0,1,0.77,0.0,SPY210820P00437000,437.0,0,0.0,0.0,,0.0,expirationDay
2021-08-23,20004.0,-3.0,0.0,0,447.26,0.0,1,0.05,0.08,SPY210825P00437000,437.0,0,0.0,0.0,,0.0,normalDay
2021-08-24,20004.0,1.0,0.0,0,447.97,0.0,1,0.05,0.04,SPY210825P00437000,437.0,0,0.0,0.0,,0.0,normalDay
2021-08-25,20009.0,0.0,5.0,0,448.91,0.0,1,0.05,0.0,SPY210825P00437000,437.0,0,0.0,0.0,,0.0,expirationDay
2021-08-26,20009.0,-3.0,0.0,0,446.26,0.0,1,0.08,0.11,SPY210827P00437000,437.0,0,0.0,0.0,,0.0,normalDay
2021-08-27,20017.0,0.0,8.0,0,450.25,0.0,1,0.08,0.0,SPY210827P00437000,437.0,0,0.0,0.0,,0.0,expirationDay
2021-08-30,20017.0,-3.0,0.0,0,452.23,0.0,1,0.02,0.05,SPY210901P00438000,438.0,0,0.0,0.0,,0.0,normalDay
2021-08-31,20017.0,-2.0,0.0,0,451.56,0.0,1,0.02,0.04,SPY210901P00438000,438.0,0,0.0,0.0,,0.0,normalDay
2021-09-01,20019.0,0.0,2.0,0,451.8,0.0,1,0.02,0.0,SPY210901P00438000,438.0,0,0.0,0.0,,0.0,expirationDay
2021-09-02,20019.0,-3.0,0.0,0,453.19,0.0,1,0.01,0.04,SPY210903P00439000,439.0,0,0.0,0.0,,0.0,normalDay
2021-09-03,20020.0,0.0,1.0,0,453.08,0.0,1,0.01,0.0,SPY210903P00439000,439.0,0,0.0,0.0,,0.0,expirationDay
2021-09-07,20020.0,-3.0,0.0,0,451.46,0.0,1,0.18,0.21,SPY210910P00440000,440.0,0,0.0,0.0,,0.0,normalDay
2021-09-08,20020.0,7.0,0.0,0,450.91,0.0,1,0.18,0.11,SPY210910P00440000,440.0,0,0.0,0.0,,0.0,normalDay
2021-09-09,20020.0,10.0,0.0,0,448.98,0.0,1,0.18,0.08,SPY210910P00440000,440.0,0,0.0,0.0,,0.0,normalDay
2021-09-10,20038.0,0.0,18.0,0,445.44,0.0,1,0.18,0.0,SPY210910P00440000,440.0,0,0.0,0.0,,0.0,expirationDay
2021-09-13,20038.0,-3.0,0.0,0,446.58,0.0,1,0.69,0.72,SPY210915P00441000,441.0,0,0.0,0.0,,0.0,normalDay
2021-09-14,20038.0,18.0,0.0,0,444.17,0.0,1,0.69,0.51,SPY210915P00441000,441.0,0,0.0,0.0,,0.0,normalDay
2021-09-15,20107.0,0.0,69.0,0,447.88,0.0,1,0.69,0.0,SPY210915P00441000,441.0,0,0.0,0.0,,0.0,expirationDay
2021-09-16,20107.0,-3.0,0.0,0,447.17,0.0,1,0.32,0.35,SPY210917P00442000,442.0,0,0.0,0.0,,0.0,normalDay
2021-09-17,20139.0,-60.0,32.0,100,441.4,442.0,1,0.32,0.0,SPY210917P00442000,442.0,0,0.0,0.0,,0.0,expirationDay
2021-09-20,20139.0,-799.0,0.0,100,434.04,442.0,0,0.0,0.0,,0.0,1,0.02,0.05,SPY211001C00463000,463.0,normalDay
2021-09-21,20139.0,-838.0,0.0,100,433.63,442.0,0,0.0,0.0,,0.0,1,0.02,0.03,SPY211001C00463000,463.0,normalDay
2021-09-22,20139.0,-416.0,0.0,100,437.86,442.0,0,0.0,0.0,,0.0,1,0.02,0.04,SPY211001C00463000,463.0,normalDay
2021-09-23,20139.0,115.0,0.0,100,443.18,442.0,0,0.0,0.0,,0.0,1,0.02,0.05,SPY211001C00463000,463.0,normalDay
2021-09-24,20139.0,190.0,0.0,100,443.91,442.0,0,0.0,0.0,,0.0,1,0.02,0.03,SPY211001C00463000,463.0,normalDay
2021-09-27,20139.0,64.0,0.0,100,442.64,442.0,0,0.0,0.0,,0.0,1,0.02,0.02,SPY211001C00463000,463.0,normalDay
2021-09-28,20139.0,-828.0,0.0,100,433.72,442.0,0,0.0,0.0,,0.0,1,0.02,0.02,SPY211001C00463000,463.0,normalDay
2021-09-29,20139.0,-754.0,0.0,100,434.45,442.0,0,0.0,0.0,,0.0,1,0.02,0.01,SPY211001C00463000,463.0,normalDay
2021-09-30,20139.0,-1285.0,0.0,100,429.14,442.0,0,0.0,0.0,,0.0,1,0.02,0.01,SPY211001C00463000,463.0,normalDay
2021-10-01,20141.0,-776.0,2.0,100,434.24,442.0,0,0.0,0.0,,0.0,1,0.02,0.0,SPY211001C00463000,463.0,expirationDay
2021-10-04,20141.0,-1339.0,0.0,100,428.64,442.0,0,0.0,0.0,,0.0,1,0.01,0.04,SPY211015C00464000,464.0,normalDay
2021-10-05,20141.0,-892.0,0.0,100,433.1,442.0,0,0.0,0.0,,0.0,1,0.01,0.03,SPY211015C00464000,464.0,normalDay
2021-10-06,20141.0,-712.0,0.0,100,434.9,442.0,0,0.0,0.0,,0.0,1,0.01,0.03,SPY211015C00464000,464.0,normalDay
2021-10-07,20141.0,-335.0,0.0,100,438.66,442.0,0,0.0,0.0,,0.0,1,0.01,0.02,SPY211015C00464000,464.0,normalDay
2021-10-08,20141.0,-415.0,0.0,100,437.86,442.0,0,0.0,0.0,,0.0,1,0.01,0.02,SPY211015C00464000,464.0,normalDay
2021-10-11,20141.0,-732.0,0.0,100,434.69,442.0,0,0.0,0.0,,0.0,1,0.01,0.02,SPY211015C00464000,464.0,normalDay
2021-10-12,20141.0,-838.0,0.0,100,433.62,442.0,0,0.0,0.0,,0.0,1,0.01,0.01,SPY211015C00464000,464.0,normalDay
2021-10-13,20141.0,-682.0,0.0,100,435.18,442.0,0,0.0,0.0,,0.0,1,0.01,0.01,SPY211015C00464000,464.0,normalDay
2021-10-14,20141.0,50.0,0.0,100,442.5,442.0,0,0.0,0.0,,0.0,1,0.01,0.01,SPY211015C00464000,464.0,normalDay
2021-10-15,20142.0,387.0,1.0,100,445.87,442.0,0,0.0,0.0,,0.0,1,0.01,0.0,SPY211015C00464000,464.0,expirationDay
2021-10-18,20142.0,516.0,0.0,100,447.19,442.0,0,0.0,0.0,,0.0,1,0.74,0.77,SPY211029C00454000,454.0,normalDay
2021-10-19,20142.0,771.0,0.0,100,450.64,442.0,0,0.0,0.0,,0.0,1,0.74,1.67,SPY211029C00454000,454.0,normalDay
2021-10-20,20142.0,922.0,0.0,100,452.41,442.0,0,0.0,0.0,,0.0,1,0.74,1.93,SPY211029C00454000,454.0,normalDay
2021-10-21,20142.0,1008.0,0.0,100,453.59,442.0,0,0.0,0.0,,0.0,1,0.74,2.25,SPY211029C00454000,454.0,normalDay
2021-10-22,20142.0,1011.0,0.0,100,453.12,442.0,0,0.0,0.0,,0.0,1,0.74,1.75,SPY211029C00454000,454.0,normalDay
2021-10-25,20142.0,1177.0,0.0,100,455.55,442.0,0,0.0,0.0,,0.0,1,0.74,2.52,SPY211029C00454000,454.0,normalDay
2021-10-26,20142.0,1137.0,0.0,100,455.96,442.0,0,0.0,0.0,,0.0,1,0.74,3.33,SPY211029C00454000,454.0,normalDay
2021-10-27,20142.0,1090.0,0.0,100,453.94,442.0,0,0.0,0.0,,0.0,1,0.74,1.78,SPY211029C00454000,454.0,normalDay
2021-10-28,20142.0,1291.0,0.0,100,458.32,442.0,0,0.0,0.0,,0.0,1,0.74,4.15,SPY211029C00454000,454.0,normalDay
2021-10-29,21416.0,1291.0,1274.0,0,459.25,0.0,0,0.0,0.0,,0.0,1,0.74,0.0,SPY211029C00454000,454.0,expirationDay
2021-11-01,21416.0,0.0,0.0,0,460.04,0.0,0,0.0,0.0,,0.0,0,0.0,0.0,,0.0,bidTooLow
2021-11-02,21416.0,-3.0,0.0,0,461.9,0.0,1,0.02,0.05,SPY211105P00432000,432.0,0,0.0,0.0,,0.0,normalDay
2021-11-03,21416.0,-1.0,0.0,0,464.72,0.0,1,0.02,0.03,SPY211105P00432000,432.0,0,0.0,0.0,,0.0,normalDay
2021-11-04,21416.0,0.0,0.0,0,466.91,0.0,1,0.02,0.02,SPY211105P00432000,432.0,0,0.0,0.0,,0.0,normalDay
2021-11-05,21418.0,0.0,2.0,0,468.53,0.0,1,0.02,0.0,SPY211105P00432000,432.0,0,0.0,0.0,,0.0,expirationDay
2021-11-08,21418.0,0.0,0.0,0,468.93,0.0,0,0.0,0.0,,0.0,0,0.0,0.0,,0.0,bidTooLow
2021-11-09,21418.0,-3.0,0.0,0,467.38,0.0,1,0.02,0.05,SPY211112P00441000,441.0,0,0.0,0.0,,0.0,normalDay
2021-11-10,21418.0,-3.0,0.0,0,463.62,0.0,1,0.02,0.05,SPY211112P00441000,441.0,0,0.0,0.0,,0.0,normalDay
2021-11-11,21418.0,0.0,0.0,0,463.77,0.0,1,0.02,0.02,SPY211112P00441000,441.0,0,0.0,0.0,,0.0,normalDay
2021-11-12,21420.0,0.0,2.0,0,467.27,0.0,1,0.02,0.0,SPY211112P00441000,441.0,0,0.0,0.0,,0.0,expirationDay
2021-11-15,21420.0,-3.0,0.0,0,467.43,0.0,1,0.01,0.04,SPY211117P00450000,450.0,0,0.0,0.0,,0.0,normalDay
2021-11-16,21420.0,-2.0,0.0,0,469.28,0.0,1,0.01,0.03,SPY211117P00450000,450.0,0,0.0,0.0,,0.0,normalDay
2021-11-17,21421.0,0.0,1.0,0,468.14,0.0,1,0.01,0.0,SPY211117P00450000,450.0,0,0.0,0.0,,0.0,expirationDay
2021-11-18,21421.0,-3.0,0.0,0,469.73,0.0,1,0.01,0.04,SPY211119P00454000,454.0,0,0.0,0.0,,0.0,normalDay
2021-11-19,21422.0,0.0,1.0,0,468.89,0.0,1,0.01,0.0,SPY211119P00454000,454.0,0,0.0,0.0,,0.0,expirationDay
2021-11-22,21422.0,-3.0,0.0,0,467.57,0.0,1,0.14,0.17,SPY211124P00456000,456.0,0,0.0,0.0,,0.0,normalDay
2021-11-23,21422.0,8.0,0.0,0,468.19,0.0,1,0.14,0.06,SPY211124P00456000,456.0,0,0.0,0.0,,0.0,normalDay
2021-11-24,21436.0,0.0,14.0,0,469.44,0.0,1,0.14,0.0,SPY211124P00456000,456.0,0,0.0,0.0,,0.0,expirationDay
2021-11-26,21436.0,-24.0,0.0,0,458.97,0.0,1,4.43,4.67,SPY211129P00460000,460.0,0,0.0,0.0,,0.0,normalDay
2021-11-29,21879.0,0.0,443.0,0,464.6,0.0,1,4.43,0.0,SPY211129P00460000,460.0,0,0.0,0.0,,0.0,expirationDay
2021-11-30,21879.0,-16.0,0.0,0,455.56,0.0,1,4.97,5.13,SPY211203P00460000,460.0,0,0.0,0.0,,0.0,normalDay
2021-12-01,21879.0,-544.0,0.0,0,450.5,0.0,1,4.97,10.41,SPY211203P00460000,460.0,0,0.0,0.0,,0.0,normalDay
2021-12-02,21879.0,110.0,0.0,0,457.4,0.0,1,4.97,3.87,SPY211203P00460000,460.0,0,0.0,0.0,,0.0,normalDay
2021-12-03,22376.0,-658.0,497.0,100,453.42,460.0,1,4.97,0.0,SPY211203P00460000,460.0,0,0.0,0.0,,0.0,expirationDay
2021-12-06,22376.0,-124.0,0.0,100,458.79,460.0,0,0.0,0.0,,0.0,1,0.08,0.11,SPY211217C00483000,483.0,normalDay
2021-12-07,22376.0,807.0,0.0,100,468.28,460.0,0,0.0,0.0,,0.0,1,0.08,0.29,SPY211217C00483000,483.0,normalDay
2021-12-08,22376.0,936.0,0.0,100,469.52,460.0,0,0.0,0.0,,0.0,1,0.08,0.24,SPY211217C00483000,483.0,normalDay
2021-12-09,22376.0,630.0,0.0,100,466.35,460.0,0,0.0,0.0,,0.0,1,0.08,0.13,SPY211217C00483000,483.0,normalDay
2021-12-10,22376.0,1071.0,0.0,100,470.74,460.0,0,0.0,0.0,,0.0,1,0.08,0.11,SPY211217C00483000,483.0,normalDay
2021-12-13,22376.0,662.0,0.0,100,466.57,460.0,0,0.0,0.0,,0.0,1,0.08,0.03,SPY211217C00483000,483.0,normalDay
2021-12-14,22376.0,341.0,0.0,100,463.36,460.0,0,0.0,0.0,,0.0,1,0.08,0.03,SPY211217C00483000,483.0,normalDay
2021-12-15,22376.0,1065.0,0.0,100,470.6,460.0,0,0.0,0.0,,0.0,1,0.08,0.03,SPY211217C00483000,483.0,normalDay
2021-12-16,22376.0,651.0,0.0,100,466.45,460.0,0,0.0,0.0,,0.0,1,0.08,0.02,SPY211217C00483000,483.0,normalDay
2021-12-17,22384.0,-13.0,8.0,100,459.87,460.0,0,0.0,0.0,,0.0,1,0.08,0.0,SPY211217C00483000,483.0,expirationDay
2021-12-20,22384.0,-505.0,0.0,100,454.98,460.0,0,0.0,0.0,,0.0,1,0.04,0.07,SPY211231C00483000,483.0,normalDay
2021-12-21,22384.0,299.0,0.0,100,463.06,460.0,0,0.0,0.0,,0.0,1,0.04,0.11,SPY211231C00483000,483.0,normalDay
2021-12-22,22384.0,764.0,0.0,100,467.69,460.0,0,0.0,0.0,,0.0,1,0.04,0.09,SPY211231C00483000,483.0,normalDay
2021-12-23,22384.0,1052.0,0.0,100,470.6,460.0,0,0.0,0.0,,0.0,1,0.04,0.12,SPY211231C00483000,483.0,normalDay
2021-12-27,22384.0,1691.0,0.0,100,477.26,460.0,0,0.0,0.0,,0.0,1,0.04,0.39,SPY211231C00483000,483.0,normalDay
2021-12-28,22384.0,1658.0,0.0,100,476.87,460.0,0,0.0,0.0,,0.0,1,0.04,0.33,SPY211231C00483000,483.0,normalDay
2021-12-29,22384.0,1738.0,0.0,100,477.48,460.0,0,0.0,0.0,,0.0,1,0.04,0.14,SPY211231C00483000,483.0,normalDay
2021-12-30,22384.0,1617.0,0.0,100,476.16,460.0,0,0.0,0.0,,0.0,1,0.04,0.03,SPY211231C00483000,483.0,normalDay
2021-12-31,22388.0,1496.0,4.0,100,474.96,460.0,0,0.0,0.0,,0.0,1,0.04,0.0,SPY211231C00483000,483.0,expirationDay
2022-01-03,22388.0,1768.0,0.0,100,477.71,460.0,0,0.0,0.0,,0.0,1,0.19,0.22,SPY220114C00490000,490.0,normalDay
2022-01-04,22388.0,1757.0,0.0,100,477.55,460.0,0,0.0,0.0,,0.0,1,0.19,0.17,SPY220114C00490000,490.0,normalDay
2022-01-05,22388.0,852.0,0.0,100,468.38,460.0,0,0.0,0.0,,0.0,1,0.19,0.05,SPY220114C00490000,490.0,normalDay
2022-01-06,22388.0,810.0,0.0,100,467.94,460.0,0,0.0,0.0,,0.0,1,0.19,0.03,SPY220114C00490000,490.0,normalDay
2022-01-07,22388.0,625.0,0.0,100,466.09,460.0,0,0.0,0.0,,0.0,1,0.19,0.03,SPY220114C00490000,490.0,normalDay
2022-01-10,22388.0,569.0,0.0,100,465.51,460.0,0,0.0,0.0,,0.0,1,0.19,0.01,SPY220114C00490000,490.0,normalDay
2022-01-11,22388.0,992.0,0.0,100,469.75,460.0,0,0.0,0.0,,0.0,1,0.19,0.02,SPY220114C00490000,490.0,normalDay
2022-01-12,22388.0,1119.0,0.0,100,471.02,460.0,0,0.0,0.0,,0.0,1,0.19,0.02,SPY220114C00490000,490.0,normalDay
2022-01-13,22388.0,471.0,0.0,100,464.53,460.0,0,0.0,0.0,,0.0,1,0.19,0.01,SPY220114C00490000,490.0,normalDay
2022-01-14,22407.0,472.0,19.0,100,464.72,460.0,0,0.0,0.0,,0.0,1,0.19,0.0,SPY220114C00490000,490.0,expirationDay
2022-01-18,22407.0,-351.0,0.0,100,456.49,460.0,0,0.0,0.0,,0.0,0,0.0,0.0,,0.0,bidTooLow
2022-01-19,22407.0,-825.0,0.0,100,451.75,460.0,0,0.0,0.0,,0.0,0,0.0,0.0,,0.0,bidTooLow
2022-01-20,22407.0,-1325.0,0.0,100,446.75,460.0,0,0.0,0.0,,0.0,0,0.0,0.0,,0.0,bidTooLow
2022-01-21,22407.0,-2202.0,0.0,100,437.98,460.0,0,0.0,0.0,,0.0,0,0.0,0.0,,0.0,bidTooLow
2022-01-24,22407.0,-2016.0,0.0,100,439.84,460.0,0,0.0,0.0,,0.0,0,0.0,0.0,,0.0,bidTooLow
2022-01-25,22407.0,-2553.0,0.0,100,434.47,460.0,0,0.0,0.0,,0.0,0,0.0,0.0,,0.0,bidTooLow
2022-01-26,22407.0,-2662.0,0.0,100,433.38,460.0,0,0.0,0.0,,0.0,0,0.0,0.0,,0.0,bidTooLow
2022-01-27,22407.0,-2876.0,0.0,100,431.24,460.0,0,0.0,0.0,,0.0,0,0.0,0.0,,0.0,bidTooLow
2022-01-28,22407.0,-1805.0,0.0,100,441.95,460.0,0,0.0,0.0,,0.0,0,0.0,0.0,,0.0,bidTooLow
2022-01-31,22407.0,-1009.0,0.0,100,449.91,460.0,0,0.0,0.0,,0.0,0,0.0,0.0,,0.0,bidTooLow
2022-02-01,22407.0,-705.0,0.0,100,452.95,460.0,0,0.0,0.0,,0.0,0,0.0,0.0,,0.0,bidTooLow
2022-02-02,22407.0,-265.0,0.0,100,457.35,460.0,0,0.0,0.0,,0.0,0,0.0,0.0,,0.0,bidTooLow
2022-02-03,22407.0,-1340.0,0.0,100,446.6,460.0,0,0.0,0.0,,0.0,0,0.0,0.0,,0.0,bidTooLow
2022-02-04,22407.0,-1130.0,0.0,100,448.7,460.0,0,0.0,0.0,,0.0,0,0.0,0.0,,0.0,bidTooLow
2022-02-07,22407.0,-1274.0,0.0,100,447.26,460.0,0,0.0,0.0,,0.0,0,0.0,0.0,,0.0,bidTooLow
2022-02-08,22407.0,-906.0,0.0,100,450.94,460.0,0,0.0,0.0,,0.0,0,0.0,0.0,,0.0,bidTooLow
2022-02-09,22407.0,-249.0,0.0,100,457.54,460.0,0,0.0,0.0,,0.0,1,0.02,0.05,SPY220218C00484000,484.0,normalDay
2022-02-10,22407.0,-1068.0,0.0,100,449.32,460.0,0,0.0,0.0,,0.0,1,0.02,0.02,SPY220218C00484000,484.0,normalDay
2022-02-11,22407.0,-1954.0,0.0,100,440.46,460.0,0,0.0,0.0,,0.0,1,0.02,0.02,SPY220218C00484000,484.0,normalDay
2022-02-14,22407.0,-2098.0,0.0,100,439.02,460.0,0,0.0,0.0,,0.0,1,0.02,0.02,SPY220218C00484000,484.0,normalDay
2022-02-15,22407.0,-1389.0,0.0,100,446.1,460.0,0,0.0,0.0,,0.0,1,0.02,0.01,SPY220218C00484000,484.0,normalDay
2022-02-16,22407.0,-1339.0,0.0,100,446.6,460.0,0,0.0,0.0,,0.0,1,0.02,0.01,SPY220218C00484000,484.0,normalDay
2022-02-17,22407.0,-2293.0,0.0,100,437.06,460.0,0,0.0,0.0,,0.0,1,0.02,0.01,SPY220218C00484000,484.0,normalDay
2022-02-18,22409.0,-2577.0,2.0,100,434.23,460.0,0,0.0,0.0,,0.0,1,0.02,0.0,SPY220218C00484000,484.0,expirationDay
2022-02-22,22409.0,-3046.0,0.0,100,429.57,460.0,0,0.0,0.0,,0.0,1,0.01,0.04,SPY220304C00471000,471.0,normalDay
2022-02-23,22409.0,-3807.0,0.0,100,421.95,460.0,0,0.0,0.0,,0.0,1,0.01,0.03,SPY220304C00471000,471.0,normalDay
2022-02-24,22409.0,-3173.0,0.0,100,428.3,460.0,0,0.0,0.0,,0.0,1,0.01,0.04,SPY220304C00471000,471.0,normalDay
2022-02-25,22409.0,-2228.0,0.0,100,437.75,460.0,0,0.0,0.0,,0.0,1,0.01,0.04,SPY220304C00471000,471.0,normalDay
2022-02-28,22409.0,-2338.0,0.0,100,436.63,460.0,0,0.0,0.0,,0.0,1,0.01,0.02,SPY220304C00471000,471.0,normalDay
2022-03-01,22409.0,-3002.0,0.0,100,429.98,460.0,0,0.0,0.0,,0.0,1,0.01,0.01,SPY220304C00471000,471.0,normalDay
2022-03-02,22409.0,-2211.0,0.0,100,437.89,460.0,0,0.0,0.0,,0.0,1,0.01,0.01,SPY220304C00471000,471.0,normalDay
2022-03-03,22409.0,-2429.0,0.0,100,435.71,460.0,0,0.0,0.0,,0.0,1,0.01,0.01,SPY220304C00471000,471.0,normalDay
2022-03-04,22410.0,-2783.0,1.0,100,432.17,460.0,0,0.0,0.0,,0.0,1,0.01,0.0,SPY220304C00471000,471.0,expirationDay
2022-03-07,22410.0,-4060.0,0.0,100,419.43,460.0,0,0.0,0.0,,0.0,1,0.01,0.04,SPY220318C00469000,469.0,normalDay
2022-03-08,22410.0,-4378.0,0.0,100,416.25,460.0,0,0.0,0.0,,0.0,1,0.01,0.04,SPY220318C00469000,469.0,normalDay
2022-03-09,22410.0,-3263.0,0.0,100,427.41,460.0,0,0.0,0.0,,0.0,1,0.01,0.05,SPY220318C00469000,469.0,normalDay
2022-03-10,22410.0,-3454.0,0.0,100,425.48,460.0,0,0.0,0.0,,0.0,1,0.01,0.03,SPY220318C00469000,469.0,normalDay
2022-03-11,22410.0,-3994.0,0.0,100,420.07,460.0,0,0.0,0.0,,0.0,1,0.01,0.02,SPY220318C00469000,469.0,normalDay
2022-03-14,22410.0,-4301.0,0.0,100,417.0,460.0,0,0.0,0.0,,0.0,1,0.01,0.02,SPY220318C00469000,469.0,normalDay
2022-03-15,22410.0,-3383.0,0.0,100,426.17,460.0,0,0.0,0.0,,0.0,1,0.01,0.01,SPY220318C00469000,469.0,normalDay
2022-03-16,22410.0,-2438.0,0.0,100,435.62,460.0,0,0.0,0.0,,0.0,1,0.01,0.01,SPY220318C00469000,469.0,normalDay
2022-03-17,22410.0,-1893.0,0.0,100,441.07,460.0,0,0.0,0.0,,0.0,1,0.01,0.01,SPY220318C00469000,469.0,normalDay
2022-03-18,22411.0,-1548.0,1.0,100,444.52,460.0,0,0.0,0.0,,0.0,1,0.01,0.0,SPY220318C00469000,469.0,expirationDay
2022-03-21,22411.0,-1565.0,0.0,100,444.39,460.0,0,0.0,0.0,,0.0,1,1.17,1.21,SPY220401C00458000,458.0,normalDay
2022-03-22,22411.0,-1125.0,0.0,100,449.59,460.0,0,0.0,0.0,,0.0,1,1.17,2.01,SPY220401C00458000,458.0,normalDay
2022-03-23,22411.0,-1579.0,0.0,100,443.8,460.0,0,0.0,0.0,,0.0,1,1.17,0.76,SPY220401C00458000,458.0,normalDay
2022-03-24,22411.0,-990.0,0.0,100,450.49,460.0,0,0.0,0.0,,0.0,1,1.17,1.56,SPY220401C00458000,458.0,normalDay
2022-03-25,22411.0,-773.0,0.0,100,452.69,460.0,0,0.0,0.0,,0.0,1,1.17,1.59,SPY220401C00458000,458.0,normalDay
2022-03-28,22411.0,-499.0,0.0,100,455.91,460.0,0,0.0,0.0,,0.0,1,1.17,2.07,SPY220401C00458000,458.0,normalDay
2022-03-29,22411.0,-212.0,0.0,100,461.55,460.0,0,0.0,0.0,,0.0,1,1.17,4.84,SPY220401C00458000,458.0,normalDay
2022-03-30,22411.0,-308.0,0.0,100,458.7,460.0,0,0.0,0.0,,0.0,1,1.17,2.95,SPY220401C00458000,458.0,normalDay
2022-03-31,22411.0,-750.0,0.0,100,451.64,460.0,0,0.0,0.0,,0.0,1,1.17,0.31,SPY220401C00458000,458.0,normalDay
2022-04-01,22528.0,-708.0,117.0,100,452.92,460.0,0,0.0,0.0,,0.0,1,1.17,0.0,SPY220401C00458000,458.0,expirationDay
2022-04-04,22528.0,-320.0,0.0,100,456.8,460.0,0,0.0,0.0,,0.0,0,0.0,0.0,,0.0,bidTooLow
2022-04-05,22528.0,-897.0,0.0,100,451.03,460.0,0,0.0,0.0,,0.0,0,0.0,0.0,,0.0,bidTooLow
2022-04-06,22528.0,-1348.0,0.0,100,446.52,460.0,0,0.0,0.0,,0.0,0,0.0,0.0,,0.0,bidTooLow
2022-04-07,22528.0,-1123.0,0.0,100,448.77,460.0,0,0.0,0.0,,0.0,0,0.0,0.0,,0.0,bidTooLow
2022-04-08,22528.0,-1243.0,0.0,100,447.57,460.0,0,0.0,0.0,,0.0,0,0.0,0.0,,0.0,bidTooLow
2022-04-11,22528.0,-2008.0,0.0,100,439.92,460.0,0,0.0,0.0,,0.0,0,0.0,0.0,,0.0,bidTooLow
2022-04-12,22528.0,-2171.0,0.0,100,438.29,460.0,0,0.0,0.0,,0.0,0,0.0,0.0,,0.0,bidTooLow
2022-04-13,22528.0,-1669.0,0.0,100,443.31,460.0,0,0.0,0.0,,0.0,0,0.0,0.0,,0.0,bidTooLow
2022-04-14,22528.0,-2221.0,0.0,100,437.79,460.0,0,0.0,0.0,,0.0,0,0.0,0.0,,0.0,bidTooLow
2022-04-18,22528.0,-2203.0,0.0,100,437.97,460.0,0,0.0,0.0,,0.0,0,0.0,0.0,,0.0,bidTooLow
2022-04-19,22528.0,-1496.0,0.0,100,445.04,460.0,0,0.0,0.0,,0.0,0,0.0,0.0,,0.0,bidTooLow
2022-04-20,22528.0,-1529.0,0.0,100,444.71,460.0,0,0.0,0.0,,0.0,0,0.0,0.0,,0.0,bidTooLow
2022-04-21,22528.0,-2194.0,0.0,100,438.06,460.0,0,0.0,0.0,,0.0,0,0.0,0.0,,0.0,bidTooLow
2022-04-22,22528.0,-3396.0,0.0,100,426.04,460.0,0,0.0,0.0,,0.0,0,0.0,0.0,,0.0,bidTooLow
2022-04-25,22528.0,-3149.0,0.0,100,428.51,460.0,0,0.0,0.0,,0.0,0,0.0,0.0,,0.0,bidTooLow
2022-04-26,22528.0,-4390.0,0.0,100,416.1,460.0,0,0.0,0.0,,0.0,0,0.0,0.0,,0.0,bidTooLow
2022-04-27,22528.0,-4273.0,0.0,100,417.27,460.0,0,0.0,0.0,,0.0,0,0.0,0.0,,0.0,bidTooLow
2022-04-28,22528.0,-3219.0,0.0,100,427.81,460.0,0,0.0,0.0,,0.0,0,0.0,0.0,,0.0,bidTooLow
2022-04-29,22528.0,-4800.0,0.0,100,412.0,460.0,0,0.0,0.0,,0.0,0,0.0,0.0,,0.0,bidTooLow
2022-05-02,22528.0,-4552.0,0.0,100,414.48,460.0,0,0.0,0.0,,0.0,0,0.0,0.0,,0.0,bidTooLow
2022-05-03,22528.0,-4362.0,0.0,100,416.38,460.0,0,0.0,0.0,,0.0,0,0.0,0.0,,0.0,bidTooLow
2022-05-04,22528.0,-3094.0,0.0,100,429.06,460.0,0,0.0,0.0,,0.0,0,0.0,0.0,,0.0,bidTooLow
2022-05-05,22528.0,-4619.0,0.0,100,413.81,460.0,0,0.0,0.0,,0.0,0,0.0,0.0,,0.0,bidTooLow
2022-05-06,22528.0,-4866.0,0.0,100,411.34,460.0,0,0.0,0.0,,0.0,0,0.0,0.0,,0.0,bidTooLow
2022-05-09,22528.0,-6183.0,0.0,100,398.17,460.0,0,0.0,0.0,,0.0,0,0.0,0.0,,0.0,bidTooLow
2022-05-10,22528.0,-6091.0,0.0,100,399.09,460.0,0,0.0,0.0,,0.0,0,0.0,0.0,,0.0,bidTooLow
2022-05-11,22528.0,-6725.0,0.0,100,392.75,460.0,0,0.0,0.0,,0.0,0,0.0,0.0,,0.0,bidTooLow
2022-05-12,22528.0,-6766.0,0.0,100,392.34,460.0,0,0.0,0.0,,0.0,0,0.0,0.0,,0.0,bidTooLow
2022-05-13,22528.0,-5828.0,0.0,100,401.72,460.0,0,0.0,0.0,,0.0,0,0.0,0.0,,0.0,bidTooLow
2022-05-16,22528.0,-5991.0,0.0,100,400.09,460.0,0,0.0,0.0,,0.0,0,0.0,0.0,,0.0,bidTooLow
2022-05-17,22528.0,-5168.0,0.0,100,408.32,460.0,0,0.0,0.0,,0.0,0,0.0,0.0,,0.0,bidTooLow
2022-05-18,22528.0,-6814.0,0.0,100,391.86,460.0,0,0.0,0.0,,0.0,0,0.0,0.0,,0.0,bidTooLow
2022-05-19,22528.0,-7054.0,0.0,100,389.46,460.0,0,0.0,0.0,,0.0,0,0.0,0.0,,0.0,bidTooLow
2022-05-20,22528.0,-7037.0,0.0,100,389.63,460.0,0,0.0,0.0,,0.0,0,0.0,0.0,,0.0,bidTooLow
2022-05-23,22528.0,-6308.0,0.0,100,396.92,460.0,0,0.0,0.0,,0.0,0,0.0,0.0,,0.0,bidTooLow
2022-05-24,22528.0,-6611.0,0.0,100,393.89,460.0,0,0.0,0.0,,0.0,0,0.0,0.0,,0.0,bidTooLow
2022-05-25,22528.0,-6263.0,0.0,100,397.37,460.0,0,0.0,0.0,,0.0,0,0.0,0.0,,0.0,bidTooLow
2022-05-26,22528.0,-5472.0,0.0,100,405.31,460.0,0,0.0,0.0,,0.0,1,0.04,0.07,SPY220606C00437000,437.0,normalDay
2022-05-27,22528.0,-4488.0,0.0,100,415.26,460.0,0,0.0,0.0,,0.0,1,0.04,0.18,SPY220606C00437000,437.0,normalDay
2022-05-31,22528.0,-4708.0,0.0,100,412.93,460.0,0,0.0,0.0,,0.0,1,0.04,0.05,SPY220606C00437000,437.0,normalDay
2022-06-01,22528.0,-5039.0,0.0,100,409.59,460.0,0,0.0,0.0,,0.0,1,0.04,0.02,SPY220606C00437000,437.0,normalDay
2022-06-02,22528.0,-4259.0,0.0,100,417.39,460.0,0,0.0,0.0,,0.0,1,0.04,0.02,SPY220606C00437000,437.0,normalDay
2022-06-03,22528.0,-4943.0,0.0,100,410.54,460.0,0,0.0,0.0,,0.0,1,0.04,0.01,SPY220606C00437000,437.0,normalDay
2022-06-06,22532.0,-4821.0,4.0,100,411.79,460.0,0,0.0,0.0,,0.0,1,0.04,0.0,SPY220606C00437000,437.0,expirationDay
2022-06-07,22532.0,-4429.0,0.0,100,415.74,460.0,0,0.0,0.0,,0.0,1,0.62,0.65,SPY220617C00433000,433.0,normalDay
2022-06-08,22532.0,-4842.0,0.0,100,411.22,460.0,0,0.0,0.0,,0.0,1,0.62,0.26,SPY220617C00433000,433.0,normalDay
2022-06-09,22532.0,-5805.0,0.0,100,401.44,460.0,0,0.0,0.0,,0.0,1,0.62,0.11,SPY220617C00433000,433.0,normalDay
2022-06-10,22532.0,-6961.0,0.0,100,389.8,460.0,0,0.0,0.0,,0.0,1,0.62,0.03,SPY220617C00433000,433.0,normalDay
2022-06-13,22532.0,-8440.0,0.0,100,375.0,460.0,0,0.0,0.0,,0.0,1,0.62,0.02,SPY220617C00433000,433.0,normalDay
2022-06-14,22532.0,-8553.0,0.0,100,373.87,460.0,0,0.0,0.0,,0.0,1,0.62,0.02,SPY220617C00433000,433.0,normalDay
2022-06-15,22532.0,-8019.0,0.0,100,379.2,460.0,0,0.0,0.0,,0.0,1,0.62,0.01,SPY220617C00433000,433.0,normalDay
2022-06-16,22532.0,-9274.0,0.0,100,366.65,460.0,0,0.0,0.0,,0.0,1,0.62,0.01,SPY220617C00433000,433.0,normalDay
2022-06-17,22594.0,-9414.0,62.0,100,365.86,460.0,0,0.0,0.0,,0.0,1,0.62,0.0,SPY220617C00433000,433.0,expirationDay
2022-06-21,22594.0,-8493.0,0.0,100,375.07,460.0,0,0.0,0.0,,0.0,0,0.0,0.0,,0.0,bidTooLow
2022-06-22,22594.0,-8561.0,0.0,100,374.39,460.0,0,0.0,0.0,,0.0,0,0.0,0.0,,0.0,bidTooLow
2022-06-23,22594.0,-8194.0,0.0,100,378.06,460.0,0,0.0,0.0,,0.0,0,0.0,0.0,,0.0,bidTooLow
2022-06-24,22594.0,-6992.0,0.0,100,390.08,460.0,0,0.0,0.0,,0.0,0,0.0,0.0,,0.0,bidTooLow
2022-06-27,22594.0,-7141.0,0.0,100,388.59,460.0,0,0.0,0.0,,0.0,0,0.0,0.0,,0.0,bidTooLow
2022-06-28,22594.0,-7935.0,0.0,100,380.65,460.0,0,0.0,0.0,,0.0,0,0.0,0.0,,0.0,bidTooLow
2022-06-29,22594.0,-7966.0,0.0,100,380.34,460.0,0,0.0,0.0,,0.0,0,0.0,0.0,,0.0,bidTooLow
2022-06-30,22594.0,-8275.0,0.0,100,377.25,460.0,0,0.0,0.0,,0.0,0,0.0,0.0,,0.0,bidTooLow
2022-07-01,22594.0,-7876.0,0.0,100,381.24,460.0,0,0.0,0.0,,0.0,0,0.0,0.0,,0.0,bidTooLow
2022-07-05,22594.0,-7804.0,0.0,100,381.96,460.0,0,0.0,0.0,,0.0,0,0.0,0.0,,0.0,bidTooLow
2022-07-06,22594.0,-7675.0,0.0,100,383.25,460.0,0,0.0,0.0,,0.0,0,0.0,0.0,,0.0,bidTooLow
2022-07-07,22594.0,-7104.0,0.0,100,388.99,460.0,0,0.0,0.0,,0.0,1,0.07,0.1,SPY220718C00416000,416.0,normalDay
2022-07-08,22594.0,-7130.0,0.0,100,388.67,460.0,0,0.0,0.0,,0.0,1,0.07,0.04,SPY220718C00416000,416.0,normalDay
2022-07-11,22594.0,-7572.0,0.0,100,384.23,460.0,0,0.0,0.0,,0.0,1,0.07,0.02,SPY220718C00416000,416.0,normalDay
2022-07-12,22594.0,-7912.0,0.0,100,380.83,460.0,0,0.0,0.0,,0.0,1,0.07,0.02,SPY220718C00416000,416.0,normalDay
2022-07-13,22594.0,-8111.0,0.0,100,378.83,460.0,0,0.0,0.0,,0.0,1,0.07,0.01,SPY220718C00416000,416.0,normalDay
2022-07-14,22594.0,-8203.0,0.0,100,377.91,460.0,0,0.0,0.0,,0.0,1,0.07,0.01,SPY220718C00416000,416.0,normalDay
2022-07-15,22594.0,-7481.0,0.0,100,385.13,460.0,0,0.0,0.0,,0.0,1,0.07,0.01,SPY220718C00416000,416.0,normalDay
2022-07-18,22601.0,-7805.0,7.0,100,381.95,460.0,0,0.0,0.0,,0.0,1,0.07,0.0,SPY220718C00416000,416.0,expirationDay
2022-07-19,22601.0,-6777.0,0.0,100,392.27,460.0,0,0.0,0.0,,0.0,1,3.54,3.58,SPY220729C00399000,399.0,normalDay
2022-07-20,22601.0,-6584.0,0.0,100,394.77,460.0,0,0.0,0.0,,0.0,1,3.54,4.15,SPY220729C00399000,399.0,normalDay
2022-07-21,22601.0,-6272.0,0.0,100,398.79,460.0,0,0.0,0.0,,0.0,1,3.54,5.05,SPY220729C00399000,399.0,normalDay
2022-07-22,22601.0,-6420.0,0.0,100,395.09,460.0,0,0.0,0.0,,0.0,1,3.54,2.83,SPY220729C00399000,399.0,normalDay
2022-07-25,22601.0,-6380.0,0.0,100,395.57,460.0,0,0.0,0.0,,0.0,1,3.54,2.91,SPY220729C00399000,399.0,normalDay
2022-07-26,22601.0,-6700.0,0.0,100,390.89,460.0,0,0.0,0.0,,0.0,1,3.54,1.43,SPY220729C00399000,399.0,normalDay
2022-07-27,22601.0,-5930.0,0.0,100,401.04,460.0,0,0.0,0.0,,0.0,1,3.54,3.88,SPY220729C00399000,399.0,normalDay
2022-07-28,22601.0,-5893.0,0.0,100,406.07,460.0,0,0.0,0.0,,0.0,1,3.54,8.54,SPY220729C00399000,399.0,normalDay
2022-07-29,16855.0,-5893.0,-5746.0,0,411.99,0.0,0,0.0,0.0,,0.0,1,3.54,0.0,SPY220729C00399000,399.0,expirationDay
2022-08-01,16855.0,0.0,0.0,0,410.77,0.0,0,0.0,0.0,,0.0,0,0.0,0.0,,0.0,bidTooLow
2022-08-02,16855.0,-3.0,0.0,0,408.06,0.0,1,0.02,0.05,SPY220805P00375000,375.0,0,0.0,0.0,,0.0,normalDay
2022-08-03,16855.0,0.0,0.0,0,414.45,0.0,1,0.02,0.02,SPY220805P00375000,375.0,0,0.0,0.0,,0.0,normalDay
2022-08-04,16855.0,1.0,0.0,0,414.17,0.0,1,0.02,0.01,SPY220805P00375000,375.0,0,0.0,0.0,,0.0,normalDay
2022-08-05,16857.0,0.0,2.0,0,413.47,0.0,1,0.02,0.0,SPY220805P00375000,375.0,0,0.0,0.0,,0.0,expirationDay
2022-08-08,16857.0,0.0,0.0,0,412.99,0.0,0,0.0,0.0,,0.0,0,0.0,0.0,,0.0,bidTooLow
2022-08-09,16857.0,-3.0,0.0,0,411.35,0.0,1,0.01,0.04,SPY220812P00379000,379.0,0,0.0,0.0,,0.0,normalDay
2022-08-10,16857.0,-1.0,0.0,0,419.99,0.0,1,0.01,0.02,SPY220812P00379000,379.0,0,0.0,0.0,,0.0,normalDay
2022-08-11,16857.0,0.0,0.0,0,419.99,0.0,1,0.01,0.01,SPY220812P00379000,379.0,0,0.0,0.0,,0.0,normalDay
2022-08-12,16858.0,0.0,1.0,0,427.1,0.0,1,0.01,0.0,SPY220812P00379000,379.0,0,0.0,0.0,,0.0,expirationDay
2022-08-15,16858.0,0.0,0.0,0,428.86,0.0,0,0.0,0.0,,0.0,0,0.0,0.0,,0.0,bidTooLow
2022-08-16,16858.0,0.0,0.0,0,429.7,0.0,0,0.0,0.0,,0.0,0,0.0,0.0,,0.0,bidTooLow
2022-08-17,16858.0,0.0,0.0,0,426.65,0.0,0,0.0,0.0,,0.0,0,0.0,0.0,,0.0,bidTooLow
2022-08-18,16858.0,0.0,0.0,0,427.89,0.0,0,0.0,0.0,,0.0,0,0.0,0.0,,0.0,bidTooLow
2022-08-19,16858.0,0.0,0.0,0,422.14,0.0,0,0.0,0.0,,0.0,0,0.0,0.0,,0.0,bidTooLow
2022-08-22,16858.0,-3.0,0.0,0,413.35,0.0,1,0.07,0.1,SPY220824P00399000,399.0,0,0.0,0.0,,0.0,normalDay
2022-08-23,16858.0,3.0,0.0,0,412.35,0.0,1,0.07,0.04,SPY220824P00399000,399.0,0,0.0,0.0,,0.0,normalDay
2022-08-24,16865.0,0.0,7.0,0,413.67,0.0,1,0.07,0.0,SPY220824P00399000,399.0,0,0.0,0.0,,0.0,expirationDay
2022-08-25,16865.0,-3.0,0.0,0,419.51,0.0,1,0.08,0.11,SPY220826P00406000,406.0,0,0.0,0.0,,0.0,normalDay
2022-08-26,16873.0,-69.0,8.0,100,405.31,406.0,1,0.08,0.0,SPY220826P00406000,406.0,0,0.0,0.0,,0.0,expirationDay
2022-08-29,16873.0,-337.0,0.0,100,402.63,406.0,0,0.0,0.0,,0.0,0,0.0,0.0,,0.0,bidTooLow
2022-08-30,16873.0,-779.0,0.0,100,398.21,406.0,0,0.0,0.0,,0.0,0,0.0,0.0,,0.0,bidTooLow
2022-08-31,16873.0,-1082.0,0.0,100,395.18,406.0,0,0.0,0.0,,0.0,0,0.0,0.0,,0.0,bidTooLow
2022-09-01,16873.0,-958.0,0.0,100,396.42,406.0,0,0.0,0.0,,0.0,0,0.0,0.0,,0.0,bidTooLow
2022-09-02,16873.0,-1376.0,0.0,100,392.24,406.0,0,0.0,0.0,,0.0,0,0.0,0.0,,0.0,bidTooLow
2022-09-06,16873.0,-1524.0,0.0,100,390.76,406.0,0,0.0,0.0,,0.0,0,0.0,0.0,,0.0,bidTooLow
2022-09-07,16873.0,-822.0,0.0,100,397.78,406.0,0,0.0,0.0,,0.0,0,0.0,0.0,,0.0,bidTooLow
2022-09-08,16873.0,-562.0,0.0,100,400.38,406.0,0,0.0,0.0,,0.0,0,0.0,0.0,,0.0,bidTooLow
2022-09-09,16873.0,60.0,0.0,100,406.6,406.0,0,0.0,0.0,,0.0,0,0.0,0.0,,0.0,bidTooLow
2022-09-12,16873.0,494.0,0.0,100,410.97,406.0,0,0.0,0.0,,0.0,1,0.02,0.05,SPY220923C00450000,450.0,normalDay
2022-09-13,16873.0,-1290.0,0.0,100,393.1,406.0,0,0.0,0.0,,0.0,1,0.02,0.02,SPY220923C00450000,450.0,normalDay
2022-09-14,16873.0,-1140.0,0.0,100,394.6,406.0,0,0.0,0.0,,0.0,1,0.02,0.02,SPY220923C00450000,450.0,normalDay
2022-09-15,16873.0,-1587.0,0.0,100,390.12,406.0,0,0.0,0.0,,0.0,1,0.02,0.01,SPY220923C00450000,450.0,normalDay
2022-09-16,16873.0,-2043.0,0.0,100,385.56,406.0,0,0.0,0.0,,0.0,1,0.02,0.01,SPY220923C00450000,450.0,normalDay
2022-09-19,16873.0,-1744.0,0.0,100,388.55,406.0,0,0.0,0.0,,0.0,1,0.02,0.01,SPY220923C00450000,450.0,normalDay
2022-09-20,16873.0,-2190.0,0.0,100,384.09,406.0,0,0.0,0.0,,0.0,1,0.02,0.01,SPY220923C00450000,450.0,normalDay
2022-09-21,16873.0,-2860.0,0.0,100,377.39,406.0,0,0.0,0.0,,0.0,1,0.02,0.01,SPY220923C00450000,450.0,normalDay
2022-09-22,16873.0,-3177.0,0.0,100,374.22,406.0,0,0.0,0.0,,0.0,1,0.02,0.01,SPY220923C00450000,450.0,normalDay
2022-09-23,16875.0,-3805.0,2.0,100,367.95,406.0,0,0.0,0.0,,0.0,1,0.02,0.0,SPY220923C00450000,450.0,expirationDay
2022-09-26,16875.0,-4169.0,0.0,100,364.31,406.0,0,0.0,0.0,,0.0,0,0.0,0.0,,0.0,bidTooLow
2022-09-27,16875.0,-4262.0,0.0,100,363.38,406.0,0,0.0,0.0,,0.0,0,0.0,0.0,,0.0,bidTooLow
2022-09-28,16875.0,-3547.0,0.0,100,370.53,406.0,0,0.0,0.0,,0.0,0,0.0,0.0,,0.0,bidTooLow
2022-09-29,16875.0,-4321.0,0.0,100,362.79,406.0,0,0.0,0.0,,0.0,0,0.0,0.0,,0.0,bidTooLow
2022-09-30,16875.0,-4882.0,0.0,100,357.18,406.0,0,0.0,0.0,,0.0,0,0.0,0.0,,0.0,bidTooLow
2022-10-03,16875.0,-3939.0,0.0,100,366.61,406.0,0,0.0,0.0,,0.0,0,0.0,0.0,,0.0,bidTooLow
2022-10-04,16875.0,-2803.0,0.0,100,377.97,406.0,0,0.0,0.0,,0.0,0,0.0,0.0,,0.0,bidTooLow
2022-10-05,16875.0,-2891.0,0.0,100,377.09,406.0,0,0.0,0.0,,0.0,0,0.0,0.0,,0.0,bidTooLow
2022-10-06,16875.0,-3280.0,0.0,100,373.2,406.0,0,0.0,0.0,,0.0,0,0.0,0.0,,0.0,bidTooLow
2022-10-07,16875.0,-4321.0,0.0,100,362.79,406.0,0,0.0,0.0,,0.0,0,0.0,0.0,,0.0,bidTooLow
2022-10-10,16875.0,-4598.0,0.0,100,360.02,406.0,0,0.0,0.0,,0.0,0,0.0,0.0,,0.0,bidTooLow
2022-10-11,16875.0,-4829.0,0.0,100,357.74,406.0,0,0.0,0.0,,0.0,1,0.02,0.05,SPY221021C00409000,409.0,normalDay
2022-10-12,16875.0,-4946.0,0.0,100,356.56,406.0,0,0.0,0.0,,0.0,1,0.02,0.04,SPY221021C00409000,409.0,normalDay
2022-10-13,16875.0,-4008.0,0.0,100,365.97,406.0,0,0.0,0.0,,0.0,1,0.02,0.07,SPY221021C00409000,409.0,normalDay
2022-10-14,16875.0,-4837.0,0.0,100,357.63,406.0,0,0.0,0.0,,0.0,1,0.02,0.02,SPY221021C00409000,409.0,normalDay
2022-10-17,16875.0,-3918.0,0.0,100,366.82,406.0,0,0.0,0.0,,0.0,1,0.02,0.02,SPY221021C00409000,409.0,normalDay
2022-10-18,16875.0,-3487.0,0.0,100,371.13,406.0,0,0.0,0.0,,0.0,1,0.02,0.02,SPY221021C00409000,409.0,normalDay
2022-10-19,16875.0,-3749.0,0.0,100,368.5,406.0,0,0.0,0.0,,0.0,1,0.02,0.01,SPY221021C00409000,409.0,normalDay
2022-10-20,16875.0,-4058.0,0.0,100,365.41,406.0,0,0.0,0.0,,0.0,1,0.02,0.01,SPY221021C00409000,409.0,normalDay
2022-10-21,16877.0,-3171.0,2.0,100,374.29,406.0,0,0.0,0.0,,0.0,1,0.02,0.0,SPY221021C00409000,409.0,expirationDay
2022-10-24,16877.0,-2717.0,0.0,100,378.87,406.0,0,0.0,0.0,,0.0,1,3.69,3.73,SPY221104C00390000,390.0,normalDay
2022-10-25,16877.0,-2209.0,0.0,100,384.92,406.0,0,0.0,0.0,,0.0,1,3.69,4.7,SPY221104C00390000,390.0,normalDay
2022-10-26,16877.0,-2423.0,0.0,100,382.02,406.0,0,0.0,0.0,,0.0,1,3.69,3.94,SPY221104C00390000,390.0,normalDay
2022-10-27,16877.0,-2407.0,0.0,100,379.98,406.0,0,0.0,0.0,,0.0,1,3.69,1.74,SPY221104C00390000,390.0,normalDay
2022-10-28,16877.0,-1897.0,0.0,100,389.02,406.0,0,0.0,0.0,,0.0,1,3.69,5.68,SPY221104C00390000,390.0,normalDay
2022-10-31,16877.0,-1974.0,0.0,100,386.21,406.0,0,0.0,0.0,,0.0,1,3.69,3.64,SPY221104C00390000,390.0,normalDay
2022-11-01,16877.0,-2034.0,0.0,100,384.52,406.0,0,0.0,0.0,,0.0,1,3.69,2.55,SPY221104C00390000,390.0,normalDay
2022-11-02,16877.0,-2766.0,0.0,100,374.87,406.0,0,0.0,0.0,,0.0,1,3.69,0.22,SPY221104C00390000,390.0,normalDay
2022-11-03,16877.0,-3133.0,0.0,100,371.01,406.0,0,0.0,0.0,,0.0,1,3.69,0.03,SPY221104C00390000,390.0,normalDay
2022-11-04,17246.0,-2965.0,369.0,100,376.35,406.0,0,0.0,0.0,,0.0,1,3.69,0.0,SPY221104C00390000,390.0,expirationDay
2022-11-07,17246.0,-2608.0,0.0,100,379.95,406.0,0,0.0,0.0,,0.0,1,0.43,0.46,SPY221118C00405000,405.0,normalDay
2022-11-08,17246.0,-2416.0,0.0,100,382.0,406.0,0,0.0,0.0,,0.0,1,0.43,0.59,SPY221118C00405000,405.0,normalDay
2022-11-09,17246.0,-3162.0,0.0,100,374.13,406.0,0,0.0,0.0,,0.0,1,0.43,0.18,SPY221118C00405000,405.0,normalDay
2022-11-10,17246.0,-1290.0,0.0,100,394.69,406.0,0,0.0,0.0,,0.0,1,0.43,2.02,SPY221118C00405000,405.0,normalDay
2022-11-11,17246.0,-902.0,0.0,100,398.51,406.0,0,0.0,0.0,,0.0,1,0.43,1.96,SPY221118C00405000,405.0,normalDay
2022-11-14,17246.0,-1133.0,0.0,100,395.12,406.0,0,0.0,0.0,,0.0,1,0.43,0.88,SPY221118C00405000,405.0,normalDay
2022-11-15,17246.0,-838.0,0.0,100,398.49,406.0,0,0.0,0.0,,0.0,1,0.43,1.3,SPY221118C00405000,405.0,normalDay
2022-11-16,17246.0,-1042.0,0.0,100,395.45,406.0,0,0.0,0.0,,0.0,1,0.43,0.3,SPY221118C00405000,405.0,normalDay
2022-11-17,17246.0,-1139.0,0.0,100,394.24,406.0,0,0.0,0.0,,0.0,1,0.43,0.06,SPY221118C00405000,405.0,normalDay
2022-11-18,17289.0,-997.0,43.0,100,396.03,406.0,0,0.0,0.0,,0.0,1,0.43,0.0,SPY221118C00405000,405.0,expirationDay
2022-11-21,17289.0,-1144.0,0.0,100,394.59,406.0,0,0.0,0.0,,0.0,1,0.24,0.27,SPY221202C00415000,415.0,normalDay
2022-11-22,17289.0,-631.0,0.0,100,399.9,406.0,0,0.0,0.0,,0.0,1,0.24,0.45,SPY221202C00415000,415.0,normalDay
2022-11-23,17289.0,-367.0,0.0,100,402.42,406.0,0,0.0,0.0,,0.0,1,0.24,0.33,SPY221202C00415000,415.0,normalDay
2022-11-25,17289.0,-363.0,0.0,100,402.33,406.0,0,0.0,0.0,,0.0,1,0.24,0.2,SPY221202C00415000,415.0,normalDay
2022-11-28,17289.0,-989.0,0.0,100,395.91,406.0,0,0.0,0.0,,0.0,1,0.24,0.04,SPY221202C00415000,415.0,normalDay
2022-11-29,17289.0,-1056.0,0.0,100,395.23,406.0,0,0.0,0.0,,0.0,1,0.24,0.03,SPY221202C00415000,415.0,normalDay
2022-11-30,17289.0,138.0,0.0,100,407.68,406.0,0,0.0,0.0,,0.0,1,0.24,0.54,SPY221202C00415000,415.0,normalDay
2022-12-01,17289.0,146.0,0.0,100,407.38,406.0,0,0.0,0.0,,0.0,1,0.24,0.16,SPY221202C00415000,415.0,normalDay
2022-12-02,17313.0,91.0,24.0,100,406.91,406.0,0,0.0,0.0,,0.0,1,0.24,0.0,SPY221202C00415000,415.0,expirationDay
2022-12-05,17313.0,-644.0,0.0,100,399.59,406.0,0,0.0,0.0,,0.0,1,0.26,0.29,SPY221216C00424000,424.0,normalDay
2022-12-06,17313.0,-1209.0,0.0,100,393.83,406.0,0,0.0,0.0,,0.0,1,0.26,0.18,SPY221216C00424000,424.0,normalDay
2022-12-07,17313.0,-1271.0,0.0,100,393.16,406.0,0,0.0,0.0,,0.0,1,0.26,0.13,SPY221216C00424000,424.0,normalDay
2022-12-08,17313.0,-966.0,0.0,100,396.24,406.0,0,0.0,0.0,,0.0,1,0.26,0.16,SPY221216C00424000,424.0,normalDay
2022-12-09,17313.0,-1254.0,0.0,100,393.28,406.0,0,0.0,0.0,,0.0,1,0.26,0.08,SPY221216C00424000,424.0,normalDay
2022-12-12,17313.0,-713.0,0.0,100,398.95,406.0,0,0.0,0.0,,0.0,1,0.26,0.34,SPY221216C00424000,424.0,normalDay
2022-12-13,17313.0,-389.0,0.0,100,401.97,406.0,0,0.0,0.0,,0.0,1,0.26,0.12,SPY221216C00424000,424.0,normalDay
2022-12-14,17313.0,-635.0,0.0,100,399.4,406.0,0,0.0,0.0,,0.0,1,0.26,0.01,SPY221216C00424000,424.0,normalDay
2022-12-15,17313.0,-1612.0,0.0,100,389.63,406.0,0,0.0,0.0,,0.0,1,0.26,0.01,SPY221216C00424000,424.0,normalDay
2022-12-16,17339.0,-2273.0,26.0,100,383.27,406.0,0,0.0,0.0,,0.0,1,0.26,0.0,SPY221216C00424000,424.0,expirationDay
2022-12-19,17339.0,-2598.0,0.0,100,380.02,406.0,0,0.0,0.0,,0.0,0,0.0,0.0,,0.0,bidTooLow
2022-12-20,17339.0,-2546.0,0.0,100,380.54,406.0,0,0.0,0.0,,0.0,0,0.0,0.0,,0.0,bidTooLow
2022-12-21,17339.0,-1977.0,0.0,100,386.23,406.0,0,0.0,0.0,,0.0,0,0.0,0.0,,0.0,bidTooLow
2022-12-22,17339.0,-2528.0,0.0,100,380.72,406.0,0,0.0,0.0,,0.0,0,0.0,0.0,,0.0,bidTooLow
2022-12-23,17339.0,-2309.0,0.0,100,382.91,406.0,0,0.0,0.0,,0.0,0,0.0,0.0,,0.0,bidTooLow
2022-12-27,17339.0,-2460.0,0.0,100,381.4,406.0,0,0.0,0.0,,0.0,0,0.0,0.0,,0.0,bidTooLow
2022-12-28,17339.0,-2934.0,0.0,100,376.66,406.0,0,0.0,0.0,,0.0,0,0.0,0.0,,0.0,bidTooLow
2022-12-29,17339.0,-2256.0,0.0,100,383.44,406.0,0,0.0,0.0,,0.0,0,0.0,0.0,,0.0,bidTooLow
2022-12-30,17339.0,-2357.0,0.0,100,382.43,406.0,0,0.0,0.0,,0.0,0,0.0,0.0,,0.0,bidTooLow
2023-01-03,17339.0,-2521.0,0.0,100,380.82,406.0,0,0.0,0.0,,0.0,1,0.03,0.06,SPY230113C00414000,414.0,normalDay
2023-01-04,17339.0,-2227.0,0.0,100,383.76,406.0,0,0.0,0.0,,0.0,1,0.03,0.06,SPY230113C00414000,414.0,normalDay
2023-01-05,17339.0,-2662.0,0.0,100,379.38,406.0,0,0.0,0.0,,0.0,1,0.03,0.03,SPY230113C00414000,414.0,normalDay
2023-01-06,17339.0,-1793.0,0.0,100,388.08,406.0,0,0.0,0.0,,0.0,1,0.03,0.04,SPY230113C00414000,414.0,normalDay
2023-01-09,17339.0,-1815.0,0.0,100,387.86,406.0,0,0.0,0.0,,0.0,1,0.03,0.04,SPY230113C00414000,414.0,normalDay
2023-01-10,17339.0,-1542.0,0.0,100,390.58,406.0,0,0.0,0.0,,0.0,1,0.03,0.03,SPY230113C00414000,414.0,normalDay
2023-01-11,17339.0,-1052.0,0.0,100,395.52,406.0,0,0.0,0.0,,0.0,1,0.03,0.07,SPY230113C00414000,414.0,normalDay
2023-01-12,17339.0,-902.0,0.0,100,396.96,406.0,0,0.0,0.0,,0.0,1,0.03,0.01,SPY230113C00414000,414.0,normalDay
2023-01-13,17342.0,-750.0,3.0,100,398.5,406.0,0,0.0,0.0,,0.0,1,0.03,0.0,SPY230113C00414000,414.0,expirationDay
2023-01-17,17342.0,-826.0,0.0,100,397.77,406.0,0,0.0,0.0,,0.0,1,0.9,0.93,SPY230127C00407000,407.0,normalDay
2023-01-18,17342.0,-1380.0,0.0,100,391.49,406.0,0,0.0,0.0,,0.0,1,0.9,0.19,SPY230127C00407000,407.0,normalDay
2023-01-19,17342.0,-1654.0,0.0,100,388.64,406.0,0,0.0,0.0,,0.0,1,0.9,0.08,SPY230127C00407000,407.0,normalDay
2023-01-20,17342.0,-949.0,0.0,100,395.88,406.0,0,0.0,0.0,,0.0,1,0.9,0.27,SPY230127C00407000,407.0,normalDay
2023-01-23,17342.0,-522.0,0.0,100,400.63,406.0,0,0.0,0.0,,0.0,1,0.9,0.75,SPY230127C00407000,407.0,normalDay
2023-01-24,17342.0,-559.0,0.0,100,400.2,406.0,0,0.0,0.0,,0.0,1,0.9,0.69,SPY230127C00407000,407.0,normalDay
2023-01-25,17342.0,-507.0,0.0,100,400.35,406.0,0,0.0,0.0,,0.0,1,0.9,0.32,SPY230127C00407000,407.0,normalDay
2023-01-26,17342.0,-104.0,0.0,100,404.75,406.0,0,0.0,0.0,,0.0,1,0.9,0.69,SPY230127C00407000,407.0,normalDay
2023-01-27,17432.0,-32.0,90.0,100,405.68,406.0,0,0.0,0.0,,0.0,1,0.9,0.0,SPY230127C00407000,407.0,expirationDay
2023-01-30,17432.0,-544.0,0.0,100,400.59,406.0,0,0.0,0.0,,0.0,1,0.55,0.58,SPY230210C00419000,419.0,normalDay
2023-01-31,17432.0,-4.0,0.0,100,406.48,406.0,0,0.0,0.0,,0.0,1,0.55,1.07,SPY230210C00419000,419.0,normalDay
2023-02-01,17432.0,361.0,0.0,100,410.8,406.0,0,0.0,0.0,,0.0,1,0.55,1.74,SPY230210C00419000,419.0,normalDay
2023-02-02,17432.0,847.0,0.0,100,416.78,406.0,0,0.0,0.0,,0.0,1,0.55,2.86,SPY230210C00419000,419.0,normalDay
2023-02-03,17432.0,562.0,0.0,100,412.35,406.0,0,0.0,0.0,,0.0,1,0.55,1.28,SPY230210C00419000,419.0,normalDay
2023-02-06,17432.0,378.0,0.0,100,409.83,406.0,0,0.0,0.0,,0.0,1,0.55,0.6,SPY230210C00419000,419.0,normalDay
2023-02-07,17432.0,869.0,0.0,100,415.19,406.0,0,0.0,0.0,,0.0,1,0.55,1.05,SPY230210C00419000,419.0,normalDay
2023-02-08,17432.0,496.0,0.0,100,410.65,406.0,0,0.0,0.0,,0.0,1,0.55,0.24,SPY230210C00419000,419.0,normalDay
2023-02-09,17432.0,162.0,0.0,100,407.09,406.0,0,0.0,0.0,,0.0,1,0.55,0.02,SPY230210C00419000,419.0,normalDay
2023-02-10,17487.0,204.0,55.0,100,408.04,406.0,0,0.0,0.0,,0.0,1,0.55,0.0,SPY230210C00419000,419.0,expirationDay
2023-02-13,17487.0,680.0,0.0,100,412.83,406.0,0,0.0,0.0,,0.0,1,0.63,0.66,SPY230224C00429000,429.0,normalDay
2023-02-14,17487.0,705.0,0.0,100,412.64,406.0,0,0.0,0.0,,0.0,1,0.63,0.22,SPY230224C00429000,429.0,normalDay
2023-02-15,17487.0,843.0,0.0,100,413.98,406.0,0,0.0,0.0,,0.0,1,0.63,0.18,SPY230224C00429000,429.0,normalDay
2023-02-16,17487.0,287.0,0.0,100,408.28,406.0,0,0.0,0.0,,0.0,1,0.63,0.04,SPY230224C00429000,429.0,normalDay
2023-02-17,17487.0,187.0,0.0,100,407.26,406.0,0,0.0,0.0,,0.0,1,0.63,0.02,SPY230224C00429000,429.0,normalDay
2023-02-21,17487.0,-629.0,0.0,100,399.09,406.0,0,0.0,0.0,,0.0,1,0.63,0.01,SPY230224C00429000,429.0,normalDay
2023-02-22,17487.0,-684.0,0.0,100,398.54,406.0,0,0.0,0.0,,0.0,1,0.63,0.01,SPY230224C00429000,429.0,normalDay
2023-02-23,17487.0,-472.0,0.0,100,400.66,406.0,0,0.0,0.0,,0.0,1,0.63,0.01,SPY230224C00429000,429.0,normalDay
2023-02-24,17550.0,-962.0,63.0,100,396.38,406.0,0,0.0,0.0,,0.0,1,0.63,0.0,SPY230224C00429000,429.0,expirationDay
2023-02-27,17550.0,-830.0,0.0,100,397.73,406.0,0,0.0,0.0,,0.0,1,0.01,0.04,SPY230310C00427000,427.0,normalDay
2023-02-28,17550.0,-976.0,0.0,100,396.26,406.0,0,0.0,0.0,,0.0,1,0.01,0.03,SPY230310C00427000,427.0,normalDay
2023-03-01,17550.0,-1127.0,0.0,100,394.74,406.0,0,0.0,0.0,,0.0,1,0.01,0.02,SPY230310C00427000,427.0,normalDay
2023-03-02,17550.0,-820.0,0.0,100,397.81,406.0,0,0.0,0.0,,0.0,1,0.01,0.02,SPY230310C00427000,427.0,normalDay
2023-03-03,17550.0,-183.0,0.0,100,404.19,406.0,0,0.0,0.0,,0.0,1,0.01,0.03,SPY230310C00427000,427.0,normalDay
2023-03-06,17550.0,-154.0,0.0,100,404.47,406.0,0,0.0,0.0,,0.0,1,0.01,0.02,SPY230310C00427000,427.0,normalDay
2023-03-07,17550.0,-773.0,0.0,100,398.27,406.0,0,0.0,0.0,,0.0,1,0.01,0.01,SPY230310C00427000,427.0,normalDay
2023-03-08,17550.0,-708.0,0.0,100,398.92,406.0,0,0.0,0.0,,0.0,1,0.01,0.01,SPY230310C00427000,427.0,normalDay
2023-03-09,17550.0,-1444.0,0.0,100,391.56,406.0,0,0.0,0.0,,0.0,1,0.01,0.01,SPY230310C00427000,427.0,normalDay
2023-03-10,17551.0,-2009.0,1.0,100,385.91,406.0,0,0.0,0.0,,0.0,1,0.01,0.0,SPY230310C00427000,427.0,expirationDay
2023-03-13,17551.0,-2067.0,0.0,100,385.36,406.0,0,0.0,0.0,,0.0,1,0.02,0.05,SPY230324C00426000,426.0,normalDay
2023-03-14,17551.0,-1428.0,0.0,100,391.73,406.0,0,0.0,0.0,,0.0,1,0.02,0.03,SPY230324C00426000,426.0,normalDay
2023-03-15,17551.0,-1672.0,0.0,100,389.28,406.0,0,0.0,0.0,,0.0,1,0.02,0.02,SPY230324C00426000,426.0,normalDay
2023-03-16,17551.0,-991.0,0.0,100,396.11,406.0,0,0.0,0.0,,0.0,1,0.02,0.04,SPY230324C00426000,426.0,normalDay
2023-03-17,17551.0,-1601.0,0.0,100,389.99,406.0,0,0.0,0.0,,0.0,1,0.02,0.02,SPY230324C00426000,426.0,normalDay
2023-03-20,17551.0,-1226.0,0.0,100,393.74,406.0,0,0.0,0.0,,0.0,1,0.02,0.02,SPY230324C00426000,426.0,normalDay
2023-03-21,17551.0,-709.0,0.0,100,398.91,406.0,0,0.0,0.0,,0.0,1,0.02,0.02,SPY230324C00426000,426.0,normalDay
2023-03-22,17551.0,-1388.0,0.0,100,392.11,406.0,0,0.0,0.0,,0.0,1,0.02,0.01,SPY230324C00426000,426.0,normalDay
2023-03-23,17551.0,-1282.0,0.0,100,393.17,406.0,0,0.0,0.0,,0.0,1,0.02,0.01,SPY230324C00426000,426.0,normalDay
2023-03-24,17553.0,-1025.0,2.0,100,395.75,406.0,0,0.0,0.0,,0.0,1,0.02,0.0,SPY230324C00426000,426.0,expirationDay
2023-03-27,17553.0,-954.0,0.0,100,396.49,406.0,0,0.0,0.0,,0.0,1,0.37,0.4,SPY230406C00411000,411.0,normalDay
2023-03-28,17553.0,-1028.0,0.0,100,395.6,406.0,0,0.0,0.0,,0.0,1,0.37,0.25,SPY230406C00411000,411.0,normalDay
2023-03-29,17553.0,-488.0,0.0,100,401.35,406.0,0,0.0,0.0,,0.0,1,0.37,0.6,SPY230406C00411000,411.0,normalDay
2023-03-30,17553.0,-267.0,0.0,100,403.7,406.0,0,0.0,0.0,,0.0,1,0.37,0.74,SPY230406C00411000,411.0,normalDay
2023-03-31,17553.0,143.0,0.0,100,409.39,406.0,0,0.0,0.0,,0.0,1,0.37,2.33,SPY230406C00411000,411.0,normalDay
2023-04-03,17553.0,296.0,0.0,100,410.95,406.0,0,0.0,0.0,,0.0,1,0.37,2.36,SPY230406C00411000,411.0,normalDay
2023-04-04,17553.0,209.0,0.0,100,408.67,406.0,0,0.0,0.0,,0.0,1,0.37,0.95,SPY230406C00411000,411.0,normalDay
2023-04-05,17553.0,177.0,0.0,100,407.6,406.0,0,0.0,0.0,,0.0,1,0.37,0.2,SPY230406C00411000,411.0,normalDay
2023-04-06,17590.0,319.0,37.0,100,409.19,406.0,0,0.0,0.0,,0.0,1,0.37,0.0,SPY230406C00411000,411.0,expirationDay
2023-04-10,17590.0,358.0,0.0,100,409.61,406.0,0,0.0,0.0,,0.0,1,0.26,0.29,SPY230421C00425000,425.0,normalDay
2023-04-11,17590.0,369.0,0.0,100,409.72,406.0,0,0.0,0.0,,0.0,1,0.26,0.29,SPY230421C00425000,425.0,normalDay
2023-04-12,17590.0,223.0,0.0,100,408.05,406.0,0,0.0,0.0,,0.0,1,0.26,0.08,SPY230421C00425000,425.0,normalDay
2023-04-13,17590.0,749.0,0.0,100,413.47,406.0,0,0.0,0.0,,0.0,1,0.26,0.24,SPY230421C00425000,425.0,normalDay
2023-04-14,17590.0,665.0,0.0,100,412.46,406.0,0,0.0,0.0,,0.0,1,0.26,0.07,SPY230421C00425000,425.0,normalDay
2023-04-17,17590.0,814.0,0.0,100,413.94,406.0,0,0.0,0.0,,0.0,1,0.26,0.06,SPY230421C00425000,425.0,normalDay
2023-04-18,17590.0,843.0,0.0,100,414.21,406.0,0,0.0,0.0,,0.0,1,0.26,0.04,SPY230421C00425000,425.0,normalDay
2023-04-19,17590.0,837.0,0.0,100,414.14,406.0,0,0.0,0.0,,0.0,1,0.26,0.03,SPY230421C00425000,425.0,normalDay
2023-04-20,17590.0,613.0,0.0,100,411.88,406.0,0,0.0,0.0,,0.0,1,0.26,0.01,SPY230421C00425000,425.0,normalDay
2023-04-21,17616.0,620.0,26.0,100,412.2,406.0,0,0.0,0.0,,0.0,1,0.26,0.0,SPY230421C00425000,425.0,expirationDay
2023-04-24,17616.0,660.0,0.0,100,412.63,406.0,0,0.0,0.0,,0.0,1,0.32,0.35,SPY230505C00426000,426.0,normalDay
2023-04-25,17616.0,28.0,0.0,100,406.08,406.0,0,0.0,0.0,,0.0,1,0.32,0.12,SPY230505C00426000,426.0,normalDay
2023-04-26,17616.0,-137.0,0.0,100,404.36,406.0,0,0.0,0.0,,0.0,1,0.32,0.05,SPY230505C00426000,426.0,normalDay
2023-04-27,17616.0,648.0,0.0,100,412.41,406.0,0,0.0,0.0,,0.0,1,0.32,0.25,SPY230505C00426000,426.0,normalDay
2023-04-28,17616.0,992.0,0.0,100,415.93,406.0,0,0.0,0.0,,0.0,1,0.32,0.33,SPY230505C00426000,426.0,normalDay
2023-05-01,17616.0,968.0,0.0,100,415.51,406.0,0,0.0,0.0,,0.0,1,0.32,0.15,SPY230505C00426000,426.0,normalDay
2023-05-02,17616.0,512.0,0.0,100,410.84,406.0,0,0.0,0.0,,0.0,1,0.32,0.04,SPY230505C00426000,426.0,normalDay
2023-05-03,17616.0,232.0,0.0,100,408.02,406.0,0,0.0,0.0,,0.0,1,0.32,0.02,SPY230505C00426000,426.0,normalDay
2023-05-04,17616.0,-56.0,0.0,100,405.13,406.0,0,0.0,0.0,,0.0,1,0.32,0.01,SPY230505C00426000,426.0,normalDay
2023-05-05,17648.0,663.0,32.0,100,412.63,406.0,0,0.0,0.0,,0.0,1,0.32,0.0,SPY230505C00426000,426.0,expirationDay
2023-05-08,17648.0,671.0,0.0,100,412.74,406.0,0,0.0,0.0,,0.0,1,0.58,0.61,SPY230519C00422000,422.0,normalDay
2023-05-09,17648.0,505.0,0.0,100,410.93,406.0,0,0.0,0.0,,0.0,1,0.58,0.46,SPY230519C00422000,422.0,normalDay
2023-05-10,17648.0,700.0,0.0,100,412.85,406.0,0,0.0,0.0,,0.0,1,0.58,0.43,SPY230519C00422000,422.0,normalDay
2023-05-11,17648.0,651.0,0.0,100,412.13,406.0,0,0.0,0.0,,0.0,1,0.58,0.2,SPY230519C00422000,422.0,normalDay
2023-05-12,17648.0,610.0,0.0,100,411.59,406.0,0,0.0,0.0,,0.0,1,0.58,0.07,SPY230519C00422000,422.0,normalDay
2023-05-15,17648.0,752.0,0.0,100,413.01,406.0,0,0.0,0.0,,0.0,1,0.58,0.07,SPY230519C00422000,422.0,normalDay
2023-05-16,17648.0,479.0,0.0,100,410.25,406.0,0,0.0,0.0,,0.0,1,0.58,0.04,SPY230519C00422000,422.0,normalDay
2023-05-17,17648.0,971.0,0.0,100,415.23,406.0,0,0.0,0.0,,0.0,1,0.58,0.1,SPY230519C00422000,422.0,normalDay
2023-05-18,17648.0,1353.0,0.0,100,419.23,406.0,0,0.0,0.0,,0.0,1,0.58,0.28,SPY230519C00422000,422.0,normalDay
2023-05-19,17706.0,1262.0,58.0,100,418.62,406.0,0,0.0,0.0,,0.0,1,0.58,0.0,SPY230519C00422000,422.0,expirationDay
2023-05-22,17706.0,1276.0,0.0,100,418.79,406.0,0,0.0,0.0,,0.0,1,1.21,1.24,SPY230602C00426000,426.0,normalDay
2023-05-23,17706.0,886.0,0.0,100,414.09,406.0,0,0.0,0.0,,0.0,1,1.21,0.44,SPY230602C00426000,426.0,normalDay
2023-05-24,17706.0,607.0,0.0,100,411.09,406.0,0,0.0,0.0,,0.0,1,1.21,0.23,SPY230602C00426000,426.0,normalDay
2023-05-25,17706.0,950.0,0.0,100,414.65,406.0,0,0.0,0.0,,0.0,1,1.21,0.36,SPY230602C00426000,426.0,normalDay
2023-05-26,17706.0,1426.0,0.0,100,420.02,406.0,0,0.0,0.0,,0.0,1,1.21,0.97,SPY230602C00426000,426.0,normalDay
2023-05-30,17706.0,1484.0,0.0,100,420.18,406.0,0,0.0,0.0,,0.0,1,1.21,0.55,SPY230602C00426000,426.0,normalDay
2023-05-31,17706.0,1296.0,0.0,100,417.85,406.0,0,0.0,0.0,,0.0,1,1.21,0.1,SPY230602C00426000,426.0,normalDay
2023-06-01,17706.0,1686.0,0.0,100,421.82,406.0,0,0.0,0.0,,0.0,1,1.21,0.17,SPY230602C00426000,426.0,normalDay
2023-06-02,19827.0,1686.0,2121.0,0,427.92,0.0,0,0.0,0.0,,0.0,1,1.21,0.0,SPY230602C00426000,426.0,expirationDay
2023-06-05,19827.0,-3.0,0.0,0,427.1,0.0,1,0.01,0.04,SPY230608P00408000,408.0,0,0.0,0.0,,0.0,normalDay
2023-06-06,19827.0,-2.0,0.0,0,428.03,0.0,1,0.01,0.03,SPY230608P00408000,408.0,0,0.0,0.0,,0.0,normalDay
2023-06-07,19827.0,-1.0,0.0,0,426.55,0.0,1,0.01,0.02,SPY230608P00408000,408.0,0,0.0,0.0,,0.0,normalDay
2023-06-08,19828.0,0.0,1.0,0,429.13,0.0,1,0.01,0.0,SPY230608P00408000,408.0,0,0.0,0.0,,0.0,expirationDay
2023-06-09,19828.0,0.0,0.0,0,429.9,0.0,0,0.0,0.0,,0.0,0,0.0,0.0,,0.0,bidTooLow
2023-06-12,19828.0,-3.0,0.0,0,433.8,0.0,1,0.07,0.1,SPY230615P00409000,409.0,0,0.0,0.0,,0.0,normalDay
2023-06-13,19828.0,1.0,0.0,0,436.66,0.0,1,0.07,0.06,SPY230615P00409000,409.0,0,0.0,0.0,,0.0,normalDay
2023-06-14,19828.0,4.0,0.0,0,437.18,0.0,1,0.07,0.03,SPY230615P00409000,409.0,0,0.0,0.0,,0.0,normalDay
2023-06-15,19835.0,0.0,7.0,0,442.6,0.0,1,0.07,0.0,SPY230615P00409000,409.0,0,0.0,0.0,,0.0,expirationDay
2023-06-16,19835.0,0.0,0.0,0,439.46,0.0,0,0.0,0.0,,0.0,0,0.0,0.0,,0.0,bidTooLow
2023-06-20,19835.0,0.0,0.0,0,437.18,0.0,0,0.0,0.0,,0.0,0,0.0,0.0,,0.0,bidTooLow
2023-06-21,19835.0,0.0,0.0,0,434.94,0.0,0,0.0,0.0,,0.0,0,0.0,0.0,,0.0,bidTooLow
2023-06-22,19835.0,0.0,0.0,0,436.51,0.0,0,0.0,0.0,,0.0,0,0.0,0.0,,0.0,bidTooLow
2023-06-23,19835.0,0.0,0.0,0,433.21,0.0,0,0.0,0.0,,0.0,0,0.0,0.0,,0.0,bidTooLow
2023-06-26,19835.0,-3.0,0.0,0,431.44,0.0,1,0.05,0.08,SPY230629P00418000,418.0,0,0.0,0.0,,0.0,normalDay
2023-06-27,19835.0,1.0,0.0,0,436.17,0.0,1,0.05,0.04,SPY230629P00418000,418.0,0,0.0,0.0,,0.0,normalDay
2023-06-28,19835.0,3.0,0.0,0,436.39,0.0,1,0.05,0.02,SPY230629P00418000,418.0,0,0.0,0.0,,0.0,normalDay
2023-06-29,19840.0,0.0,5.0,0,438.11,0.0,1,0.05,0.0,SPY230629P00418000,418.0,0,0.0,0.0,,0.0,expirationDay
2023-06-30,19840.0,0.0,0.0,0,443.28,0.0,0,0.0,0.0,,0.0,0,0.0,0.0,,0.0,bidTooLow
2023-07-03,19840.0,-3.0,0.0,0,443.79,0.0,1,0.02,0.05,SPY230706P00426000,426.0,0,0.0,0.0,,0.0,normalDay
2023-07-05,19840.0,-1.0,0.0,0,443.13,0.0,1,0.02,0.03,SPY230706P00426000,426.0,0,0.0,0.0,,0.0,normalDay
2023-07-06,19842.0,0.0,2.0,0,439.66,0.0,1,0.02,0.0,SPY230706P00426000,426.0,0,0.0,0.0,,0.0,expirationDay
2023-07-07,19842.0,-3.0,0.0,0,438.55,0.0,1,0.01,0.04,SPY230710P00430000,430.0,0,0.0,0.0,,0.0,normalDay
2023-07-10,19843.0,0.0,1.0,0,439.66,0.0,1,0.01,0.0,SPY230710P00430000,430.0,0,0.0,0.0,,0.0,expirationDay
2023-07-11,19843.0,-3.0,0.0,0,442.46,0.0,1,0.19,0.22,SPY230714P00432000,432.0,0,0.0,0.0,,0.0,normalDay
2023-07-12,19843.0,14.0,0.0,0,446.02,0.0,1,0.19,0.05,SPY230714P00432000,432.0,0,0.0,0.0,,0.0,normalDay
2023-07-13,19843.0,15.0,0.0,0,449.56,0.0,1,0.19,0.04,SPY230714P00432000,432.0,0,0.0,0.0,,0.0,normalDay
2023-07-14,19862.0,0.0,19.0,0,449.28,0.0,1,0.19,0.0,SPY230714P00432000,432.0,0,0.0,0.0,,0.0,expirationDay
2023-07-17,19862.0,-3.0,0.0,0,450.84,0.0,1,0.02,0.05,SPY230720P00431000,431.0,0,0.0,0.0,,0.0,normalDay
2023-07-18,19862.0,-2.0,0.0,0,454.19,0.0,1,0.02,0.04,SPY230720P00431000,431.0,0,0.0,0.0,,0.0,normalDay
2023-07-19,19862.0,0.0,0.0,0,455.2,0.0,1,0.02,0.02,SPY230720P00431000,431.0,0,0.0,0.0,,0.0,normalDay
2023-07-20,19864.0,0.0,2.0,0,452.18,0.0,1,0.02,0.0,SPY230720P00431000,431.0,0,0.0,0.0,,0.0,expirationDay
2023-07-21,19864.0,0.0,0.0,0,452.18,0.0,0,0.0,0.0,,0.0,0,0.0,0.0,,0.0,bidTooLow
2023-07-24,19864.0,-3.0,0.0,0,454.2,0.0,1,0.01,0.04,SPY230727P00433000,433.0,0,0.0,0.0,,0.0,normalDay
2023-07-25,19864.0,-2.0,0.0,0,455.44,0.0,1,0.01,0.03,SPY230727P00433000,433.0,0,0.0,0.0,,0.0,normalDay
2023-07-26,19864.0,-1.0,0.0,0,455.51,0.0,1,0.01,0.02,SPY230727P00433000,433.0,0,0.0,0.0,,0.0,normalDay
2023-07-27,19865.0,0.0,1.0,0,452.49,0.0,1,0.01,0.0,SPY230727P00433000,433.0,0,0.0,0.0,,0.0,expirationDay
2023-07-28,19865.0,0.0,0.0,0,456.92,0.0,0,0.0,0.0,,0.0,0,0.0,0.0,,0.0,bidTooLow
2023-07-31,19865.0,-3.0,0.0,0,457.79,0.0,1,0.02,0.05,SPY230803P00439000,439.0,0,0.0,0.0,,0.0,normalDay
2023-08-01,19865.0,-2.0,0.0,0,456.48,0.0,1,0.02,0.04,SPY230803P00439000,439.0,0,0.0,0.0,,0.0,normalDay
2023-08-02,19865.0,-5.0,0.0,0,450.13,0.0,1,0.02,0.07,SPY230803P00439000,439.0,0,0.0,0.0,,0.0,normalDay
2023-08-03,19867.0,0.0,2.0,0,448.84,0.0,1,0.02,0.0,SPY230803P00439000,439.0,0,0.0,0.0,,0.0,expirationDay
2023-08-04,19867.0,-3.0,0.0,0,446.81,0.0,1,0.36,0.39,SPY230807P00443000,443.0,0,0.0,0.0,,0.0,normalDay
2023-08-07,19903.0,0.0,36.0,0,450.71,0.0,1,0.36,0.0,SPY230807P00443000,443.0,0,0.0,0.0,,0.0,expirationDay
2023-08-08,19903.0,-3.0,0.0,0,448.75,0.0,1,1.27,1.3,SPY230811P00446000,446.0,0,0.0,0.0,,0.0,normalDay
2023-08-09,19903.0,-94.0,0.0,0,445.75,0.0,1,1.27,2.21,SPY230811P00446000,446.0,0,0.0,0.0,,0.0,normalDay
2023-08-10,19903.0,-34.0,0.0,0,445.91,0.0,1,1.27,1.61,SPY230811P00446000,446.0,0,0.0,0.0,,0.0,normalDay
2023-08-11,20030.0,-35.0,127.0,100,445.65,446.0,1,1.27,0.0,SPY230811P00446000,446.0,0,0.0,0.0,,0.0,expirationDay
2023-08-14,20030.0,208.0,0.0,100,448.11,446.0,0,0.0,0.0,,0.0,1,0.12,0.15,SPY230825C00464000,464.0,normalDay
2023-08-15,20030.0,-305.0,0.0,100,442.89,446.0,0,0.0,0.0,,0.0,1,0.12,0.06,SPY230825C00464000,464.0,normalDay
2023-08-16,20030.0,-627.0,0.0,100,439.64,446.0,0,0.0,0.0,,0.0,1,0.12,0.03,SPY230825C00464000,464.0,normalDay
2023-08-17,20030.0,-961.0,0.0,100,436.29,446.0,0,0.0,0.0,,0.0,1,0.12,0.02,SPY230825C00464000,464.0,normalDay
2023-08-18,20030.0,-940.0,0.0,100,436.5,446.0,0,0.0,0.0,,0.0,1,0.12,0.02,SPY230825C00464000,464.0,normalDay
2023-08-21,20030.0,-655.0,0.0,100,439.34,446.0,0,0.0,0.0,,0.0,1,0.12,0.01,SPY230825C00464000,464.0,normalDay
2023-08-22,20030.0,-774.0,0.0,100,438.15,446.0,0,0.0,0.0,,0.0,1,0.12,0.01,SPY230825C00464000,464.0,normalDay
2023-08-23,20030.0,-286.0,0.0,100,443.03,446.0,0,0.0,0.0,,0.0,1,0.12,0.01,SPY230825C00464000,464.0,normalDay
2023-08-24,20030.0,-900.0,0.0,100,436.89,446.0,0,0.0,0.0,,0.0,1,0.12,0.01,SPY230825C00464000,464.0,normalDay
2023-08-25,20042.0,-603.0,12.0,100,439.97,446.0,0,0.0,0.0,,0.0,1,0.12,0.0,SPY230825C00464000,464.0,expirationDay
2023-08-28,20042.0,-327.0,0.0,100,442.76,446.0,0,0.0,0.0,,0.0,1,0.04,0.07,SPY230908C00462000,462.0,normalDay
2023-08-29,20042.0,295.0,0.0,100,449.16,446.0,0,0.0,0.0,,0.0,1,0.04,0.25,SPY230908C00462000,462.0,normalDay
2023-08-30,20042.0,481.0,0.0,100,451.01,446.0,0,0.0,0.0,,0.0,1,0.04,0.24,SPY230908C00462000,462.0,normalDay
2023-08-31,20042.0,425.0,0.0,100,450.35,446.0,0,0.0,0.0,,0.0,1,0.04,0.14,SPY230908C00462000,462.0,normalDay
2023-09-01,20042.0,519.0,0.0,100,451.19,446.0,0,0.0,0.0,,0.0,1,0.04,0.04,SPY230908C00462000,462.0,normalDay
2023-09-05,20042.0,326.0,0.0,100,449.24,446.0,0,0.0,0.0,,0.0,1,0.04,0.02,SPY230908C00462000,462.0,normalDay
2023-09-06,20042.0,25.0,0.0,100,446.22,446.0,0,0.0,0.0,,0.0,1,0.04,0.01,SPY230908C00462000,462.0,normalDay
2023-09-07,20042.0,-112.0,0.0,100,444.85,446.0,0,0.0,0.0,,0.0,1,0.04,0.01,SPY230908C00462000,462.0,normalDay
2023-09-08,20046.0,-48.0,4.0,100,445.52,446.0,0,0.0,0.0,,0.0,1,0.04,0.0,SPY230908C00462000,462.0,expirationDay
2023-09-11,20046.0,242.0,0.0,100,448.45,446.0,0,0.0,0.0,,0.0,1,0.21,0.24,SPY230922C00460000,460.0,normalDay
2023-09-12,20046.0,9.0,0.0,100,445.99,446.0,0,0.0,0.0,,0.0,1,0.21,0.11,SPY230922C00460000,460.0,normalDay
2023-09-13,20046.0,66.0,0.0,100,446.51,446.0,0,0.0,0.0,,0.0,1,0.21,0.06,SPY230922C00460000,460.0,normalDay
2023-09-14,20046.0,444.0,0.0,100,450.36,446.0,0,0.0,0.0,,0.0,1,0.21,0.13,SPY230922C00460000,460.0,normalDay
2023-09-15,20046.0,-244.0,0.0,100,443.37,446.0,0,0.0,0.0,,0.0,1,0.21,0.02,SPY230922C00460000,460.0,normalDay
2023-09-18,20046.0,-218.0,0.0,100,443.63,446.0,0,0.0,0.0,,0.0,1,0.21,0.02,SPY230922C00460000,460.0,normalDay
2023-09-19,20046.0,-309.0,0.0,100,442.71,446.0,0,0.0,0.0,,0.0,1,0.21,0.01,SPY230922C00460000,460.0,normalDay
2023-09-20,20046.0,-716.0,0.0,100,438.64,446.0,0,0.0,0.0,,0.0,1,0.21,0.01,SPY230922C00460000,460.0,normalDay
2023-09-21,20046.0,-1441.0,0.0,100,431.39,446.0,0,0.0,0.0,,0.0,1,0.21,0.01,SPY230922C00460000,460.0,normalDay
2023-09-22,20067.0,-1558.0,21.0,100,430.42,446.0,0,0.0,0.0,,0.0,1,0.21,0.0,SPY230922C00460000,460.0,expirationDay
2023-09-25,20067.0,-1377.0,0.0,100,432.23,446.0,0,0.0,0.0,,0.0,0,0.0,0.0,,0.0,bidTooLow
2023-09-26,20067.0,-2012.0,0.0,100,425.88,446.0,0,0.0,0.0,,0.0,0,0.0,0.0,,0.0,bidTooLow
2023-09-27,20067.0,-1995.0,0.0,100,426.05,446.0,0,0.0,0.0,,0.0,0,0.0,0.0,,0.0,bidTooLow
2023-09-28,20067.0,-1748.0,0.0,100,428.52,446.0,0,0.0,0.0,,0.0,0,0.0,0.0,,0.0,bidTooLow
2023-09-29,20067.0,-1852.0,0.0,100,427.48,446.0,0,0.0,0.0,,0.0,0,0.0,0.0,,0.0,bidTooLow
2023-10-02,20067.0,-1869.0,0.0,100,427.31,446.0,0,0.0,0.0,,0.0,0,0.0,0.0,,0.0,bidTooLow
2023-10-03,20067.0,-2441.0,0.0,100,421.59,446.0,0,0.0,0.0,,0.0,0,0.0,0.0,,0.0,bidTooLow
2023-10-04,20067.0,-2134.0,0.0,100,424.66,446.0,0,0.0,0.0,,0.0,0,0.0,0.0,,0.0,bidTooLow
2023-10-05,20067.0,-2150.0,0.0,100,424.5,446.0,0,0.0,0.0,,0.0,0,0.0,0.0,,0.0,bidTooLow
2023-10-06,20067.0,-1646.0,0.0,100,429.54,446.0,0,0.0,0.0,,0.0,0,0.0,0.0,,0.0,bidTooLow
2023-10-09,20067.0,-1371.0,0.0,100,432.29,446.0,0,0.0,0.0,,0.0,0,0.0,0.0,,0.0,bidTooLow
2023-10-10,20067.0,-1146.0,0.0,100,434.54,446.0,0,0.0,0.0,,0.0,0,0.0,0.0,,0.0,bidTooLow
2023-10-11,20067.0,-971.0,0.0,100,436.32,446.0,0,0.0,0.0,,0.0,1,0.01,0.04,SPY231020C00457000,457.0,normalDay
2023-10-12,20067.0,-1235.0,0.0,100,433.66,446.0,0,0.0,0.0,,0.0,1,0.01,0.02,SPY231020C00457000,457.0,normalDay
2023-10-13,20067.0,-1451.0,0.0,100,431.5,446.0,0,0.0,0.0,,0.0,1,0.01,0.02,SPY231020C00457000,457.0,normalDay
2023-10-16,20067.0,-997.0,0.0,100,436.04,446.0,0,0.0,0.0,,0.0,1,0.01,0.02,SPY231020C00457000,457.0,normalDay
2023-10-17,20067.0,-999.0,0.0,100,436.02,446.0,0,0.0,0.0,,0.0,1,0.01,0.02,SPY231020C00457000,457.0,normalDay
2023-10-18,20067.0,-1579.0,0.0,100,430.21,446.0,0,0.0,0.0,,0.0,1,0.01,0.01,SPY231020C00457000,457.0,normalDay
2023-10-19,20067.0,-1957.0,0.0,100,426.43,446.0,0,0.0,0.0,,0.0,1,0.01,0.01,SPY231020C00457000,457.0,normalDay
2023-10-20,20068.0,-2481.0,1.0,100,421.19,446.0,0,0.0,0.0,,0.0,1,0.01,0.0,SPY231020C00457000,457.0,expirationDay
2023-10-23,20068.0,-2557.0,0.0,100,420.46,446.0,0,0.0,0.0,,0.0,1,0.06,0.09,SPY231103C00445000,445.0,normalDay
2023-10-24,20068.0,-2240.0,0.0,100,423.63,446.0,0,0.0,0.0,,0.0,1,0.06,0.09,SPY231103C00445000,445.0,normalDay
2023-10-25,20068.0,-2842.0,0.0,100,417.55,446.0,0,0.0,0.0,,0.0,1,0.06,0.03,SPY231103C00445000,445.0,normalDay
2023-10-26,20068.0,-3342.0,0.0,100,412.55,446.0,0,0.0,0.0,,0.0,1,0.06,0.03,SPY231103C00445000,445.0,normalDay
2023-10-27,20068.0,-3528.0,0.0,100,410.68,446.0,0,0.0,0.0,,0.0,1,0.06,0.02,SPY231103C00445000,445.0,normalDay
2023-10-30,20068.0,-3037.0,0.0,100,415.59,446.0,0,0.0,0.0,,0.0,1,0.06,0.02,SPY231103C00445000,445.0,normalDay
2023-10-31,20068.0,-2776.0,0.0,100,418.2,446.0,0,0.0,0.0,,0.0,1,0.06,0.02,SPY231103C00445000,445.0,normalDay
2023-11-01,20068.0,-2329.0,0.0,100,422.66,446.0,0,0.0,0.0,,0.0,1,0.06,0.01,SPY231103C00445000,445.0,normalDay
2023-11-02,20068.0,-1519.0,0.0,100,430.76,446.0,0,0.0,0.0,,0.0,1,0.06,0.01,SPY231103C00445000,445.0,normalDay
2023-11-03,20074.0,-1131.0,6.0,100,434.69,446.0,0,0.0,0.0,,0.0,1,0.06,0.0,SPY231103C00445000,445.0,expirationDay
2023-11-06,20074.0,-1034.0,0.0,100,435.69,446.0,0,0.0,0.0,,0.0,1,0.05,0.08,SPY231117C00454000,454.0,normalDay
2023-11-07,20074.0,-912.0,0.0,100,436.93,446.0,0,0.0,0.0,,0.0,1,0.05,0.1,SPY231117C00454000,454.0,normalDay
2023-11-08,20074.0,-876.0,0.0,100,437.25,446.0,0,0.0,0.0,,0.0,1,0.05,0.06,SPY231117C00454000,454.0,normalDay
2023-11-09,20074.0,-1214.0,0.0,100,433.84,446.0,0,0.0,0.0,,0.0,1,0.05,0.03,SPY231117C00454000,454.0,normalDay
2023-11-10,20074.0,-542.0,0.0,100,440.61,446.0,0,0.0,0.0,,0.0,1,0.05,0.08,SPY231117C00454000,454.0,normalDay
2023-11-13,20074.0,-581.0,0.0,100,440.19,446.0,0,0.0,0.0,,0.0,1,0.05,0.05,SPY231117C00454000,454.0,normalDay
2023-11-14,20074.0,218.0,0.0,100,448.73,446.0,0,0.0,0.0,,0.0,1,0.05,0.6,SPY231117C00454000,454.0,normalDay
2023-11-15,20074.0,339.0,0.0,100,449.68,446.0,0,0.0,0.0,,0.0,1,0.05,0.34,SPY231117C00454000,454.0,normalDay
2023-11-16,20074.0,414.0,0.0,100,450.23,446.0,0,0.0,0.0,,0.0,1,0.05,0.14,SPY231117C00454000,454.0,normalDay
2023-11-17,20079.0,479.0,5.0,100,450.79,446.0,0,0.0,0.0,,0.0,1,0.05,0.0,SPY231117C00454000,454.0,expirationDay
2023-11-20,20079.0,826.0,0.0,100,454.26,446.0,0,0.0,0.0,,0.0,0,0.0,0.0,,0.0,bidTooLow
2023-11-21,20079.0,727.0,0.0,100,453.27,446.0,0,0.0,0.0,,0.0,0,0.0,0.0,,0.0,bidTooLow
2023-11-22,20079.0,902.0,0.0,100,455.02,446.0,0,0.0,0.0,,0.0,0,0.0,0.0,,0.0,bidTooLow
2023-11-24,20079.0,930.0,0.0,100,455.3,446.0,0,0.0,0.0,,0.0,0,0.0,0.0,,0.0,bidTooLow
2023-11-27,20079.0,848.0,0.0,100,454.48,446.0,0,0.0,0.0,,0.0,0,0.0,0.0,,0.0,bidTooLow
2023-11-28,20079.0,893.0,0.0,100,454.93,446.0,0,0.0,0.0,,0.0,0,0.0,0.0,,0.0,bidTooLow
2023-11-29,20079.0,861.0,0.0,100,454.61,446.0,0,0.0,0.0,,0.0,0,0.0,0.0,,0.0,bidTooLow
2023-11-30,20079.0,1037.0,0.0,100,456.4,446.0,0,0.0,0.0,,0.0,1,0.01,0.04,SPY231211C00475000,475.0,normalDay
