date,totalCapital,unrializedPnL,rializedPnL,stocksOwned,stocksPriceToday,stocksPriceBoughtAt,putOwned,putOwnedSoldAt,putPriceToday,putOwnedContract,putOwnedStrike,callOwned,callOwnedSoldAt,callPriceToday,callOwnedContract,callOwnedStrike,trackType
2018-11-01,0.0,-10.0,0.0,0,273.51,0.0,1,7.96,8.06,SPY190315P00264000,264.0,0,0.0,0.0,,0.0,normalDay
2018-11-02,0.0,-55.0,0.0,0,271.89,0.0,1,7.96,8.51,SPY190315P00264000,264.0,0,0.0,0.0,,0.0,normalDay
2018-11-05,0.0,15.0,0.0,0,273.39,0.0,1,7.96,7.81,SPY190315P00264000,264.0,0,0.0,0.0,,0.0,normalDay
2018-11-06,0.0,82.0,0.0,0,275.12,0.0,1,7.96,7.14,SPY190315P00264000,264.0,0,0.0,0.0,,0.0,normalDay
2018-11-07,0.0,284.0,0.0,0,281.01,0.0,1,7.96,5.12,SPY190315P00264000,264.0,0,0.0,0.0,,0.0,normalDay
2018-11-08,0.0,287.0,0.0,0,280.5,0.0,1,7.96,5.09,SPY190315P00264000,264.0,0,0.0,0.0,,0.0,normalDay
2018-11-09,0.0,194.0,0.0,0,277.76,0.0,1,7.96,6.02,SPY190315P00264000,264.0,0,0.0,0.0,,0.0,normalDay
2018-11-12,0.0,21.0,0.0,0,272.57,0.0,1,7.96,7.75,SPY190315P00264000,264.0,0,0.0,0.0,,0.0,normalDay
2018-11-13,0.0,-13.0,0.0,0,272.06,0.0,1,7.96,8.09,SPY190315P00264000,264.0,0,0.0,0.0,,0.0,normalDay
2018-11-14,0.0,-112.0,0.0,0,270.2,0.0,1,7.96,9.08,SPY190315P00264000,264.0,0,0.0,0.0,,0.0,normalDay
2018-11-15,0.0,9.0,0.0,0,273.02,0.0,1,7.96,7.87,SPY190315P00264000,264.0,0,0.0,0.0,,0.0,normalDay
2018-11-16,0.0,80.0,0.0,0,273.73,0.0,1,7.96,7.16,SPY190315P00264000,264.0,0,0.0,0.0,,0.0,normalDay
2018-11-19,0.0,-101.0,0.0,0,269.1,0.0,1,7.96,8.97,SPY190315P00264000,264.0,0,0.0,0.0,,0.0,normalDay
2018-11-20,0.0,-353.0,0.0,0,264.12,0.0,1,7.96,11.49,SPY190315P00264000,264.0,0,0.0,0.0,,0.0,normalDay
2018-11-21,0.0,-264.0,0.0,0,265.02,0.0,1,7.96,10.6,SPY190315P00264000,264.0,0,0.0,0.0,,0.0,normalDay
2018-11-23,0.0,-354.0,0.0,0,263.25,0.0,1,7.96,11.5,SPY190315P00264000,264.0,0,0.0,0.0,,0.0,normalDay
2018-11-26,0.0,-88.0,0.0,0,267.5,0.0,1,7.96,8.84,SPY190315P00264000,264.0,0,0.0,0.0,,0.0,normalDay
2018-11-27,0.0,-64.0,0.0,0,268.4,0.0,1,7.96,8.6,SPY190315P00264000,264.0,0,0.0,0.0,,0.0,normalDay
2018-11-28,0.0,137.0,0.0,0,274.58,0.0,1,7.96,6.59,SPY190315P00264000,264.0,0,0.0,0.0,,0.0,normalDay
2018-11-29,0.0,121.0,0.0,0,273.98,0.0,1,7.96,6.75,SPY190315P00264000,264.0,0,0.0,0.0,,0.0,normalDay
2018-11-30,0.0,192.0,0.0,0,275.65,0.0,1,7.96,6.04,SPY190315P00264000,264.0,0,0.0,0.0,,0.0,normalDay
2018-12-03,0.0,317.0,0.0,0,279.3,0.0,1,7.96,4.79,SPY190315P00264000,264.0,0,0.0,0.0,,0.0,normalDay
2018-12-04,0.0,-12.0,0.0,0,270.25,0.0,1,7.96,8.08,SPY190315P00264000,264.0,0,0.0,0.0,,0.0,normalDay
2018-12-06,0.0,-31.0,0.0,0,269.84,0.0,1,7.96,8.27,SPY190315P00264000,264.0,0,0.0,0.0,,0.0,normalDay
2018-12-07,0.0,-328.0,0.0,0,263.57,0.0,1,7.96,11.24,SPY190315P00264000,264.0,0,0.0,0.0,,0.0,normalDay
2018-12-10,0.0,-256.0,0.0,0,264.07,0.0,1,7.96,10.52,SPY190315P00264000,264.0,0,0.0,0.0,,0.0,normalDay
2018-12-11,0.0,-246.0,0.0,0,264.13,0.0,1,7.96,10.42,SPY190315P00264000,264.0,0,0.0,0.0,,0.0,normalDay
2018-12-12,0.0,-201.0,0.0,0,265.46,0.0,1,7.96,9.97,SPY190315P00264000,264.0,0,0.0,0.0,,0.0,normalDay
2018-12-13,0.0,-185.0,0.0,0,265.37,0.0,1,7.96,9.81,SPY190315P00264000,264.0,0,0.0,0.0,,0.0,normalDay
2018-12-14,0.0,-418.0,0.0,0,260.47,0.0,1,7.96,12.14,SPY190315P00264000,264.0,0,0.0,0.0,,0.0,normalDay
2018-12-17,0.0,-714.0,0.0,0,255.36,0.0,1,7.96,15.1,SPY190315P00264000,264.0,0,0.0,0.0,,0.0,normalDay
2018-12-18,0.0,-788.0,0.0,0,255.08,0.0,1,7.96,15.84,SPY190315P00264000,264.0,0,0.0,0.0,,0.0,normalDay
2018-12-19,0.0,-976.0,0.0,0,251.26,0.0,1,7.96,17.72,SPY190315P00264000,264.0,0,0.0,0.0,,0.0,normalDay
2018-12-20,0.0,-1253.0,0.0,0,247.17,0.0,1,7.96,20.49,SPY190315P00264000,264.0,0,0.0,0.0,,0.0,normalDay
2018-12-21,0.0,-1766.0,0.0,0,240.7,0.0,1,7.96,25.62,SPY190315P00264000,264.0,0,0.0,0.0,,0.0,normalDay
2018-12-24,0.0,-2489.0,0.0,0,234.34,0.0,1,7.96,32.85,SPY190315P00264000,264.0,0,0.0,0.0,,0.0,normalDay
2018-12-26,0.0,-1264.0,0.0,0,246.18,0.0,1,7.96,20.6,SPY190315P00264000,264.0,0,0.0,0.0,,0.0,normalDay
2018-12-27,0.0,-1126.0,0.0,0,248.07,0.0,1,7.96,19.22,SPY190315P00264000,264.0,0,0.0,0.0,,0.0,normalDay
2018-12-28,0.0,-1163.0,0.0,0,247.75,0.0,1,7.96,19.59,SPY190315P00264000,264.0,0,0.0,0.0,,0.0,normalDay
2018-12-31,0.0,-952.0,0.0,0,249.92,0.0,1,7.96,17.48,SPY190315P00264000,264.0,0,0.0,0.0,,0.0,normalDay
2019-01-02,0.0,-873.0,0.0,0,250.18,0.0,1,7.96,16.69,SPY190315P00264000,264.0,0,0.0,0.0,,0.0,normalDay
2019-01-03,0.0,-1379.0,0.0,0,244.21,0.0,1,7.96,21.75,SPY190315P00264000,264.0,0,0.0,0.0,,0.0,normalDay
2019-01-04,0.0,-702.0,0.0,0,252.39,0.0,1,7.96,14.98,SPY190315P00264000,264.0,0,0.0,0.0,,0.0,normalDay
2019-01-07,0.0,-566.0,0.0,0,254.38,0.0,1,7.96,13.62,SPY190315P00264000,264.0,0,0.0,0.0,,0.0,normalDay
2019-01-08,0.0,-384.0,0.0,0,256.77,0.0,1,7.96,11.8,SPY190315P00264000,264.0,0,0.0,0.0,,0.0,normalDay
2019-01-09,0.0,-294.0,0.0,0,257.97,0.0,1,7.96,10.9,SPY190315P00264000,264.0,0,0.0,0.0,,0.0,normalDay
2019-01-10,0.0,-217.0,0.0,0,258.88,0.0,1,7.96,10.13,SPY190315P00264000,264.0,0,0.0,0.0,,0.0,normalDay
2019-01-11,0.0,-173.0,0.0,0,258.98,0.0,1,7.96,9.69,SPY190315P00264000,264.0,0,0.0,0.0,,0.0,normalDay
2019-01-14,0.0,-240.0,0.0,0,257.4,0.0,1,7.96,10.36,SPY190315P00264000,264.0,0,0.0,0.0,,0.0,normalDay
2019-01-15,0.0,-46.0,0.0,0,260.35,0.0,1,7.96,8.42,SPY190315P00264000,264.0,0,0.0,0.0,,0.0,normalDay
2019-01-16,0.0,-6.0,0.0,0,260.98,0.0,1,7.96,8.02,SPY190315P00264000,264.0,0,0.0,0.0,,0.0,normalDay
2019-01-17,0.0,101.0,0.0,0,262.96,0.0,1,7.96,6.95,SPY190315P00264000,264.0,0,0.0,0.0,,0.0,normalDay
2019-01-18,0.0,239.0,0.0,0,266.46,0.0,1,7.96,5.57,SPY190315P00264000,264.0,0,0.0,0.0,,0.0,normalDay
2019-01-22,0.0,62.0,0.0,0,262.86,0.0,1,7.96,7.34,SPY190315P00264000,264.0,0,0.0,0.0,,0.0,normalDay
2019-01-23,0.0,83.0,0.0,0,263.41,0.0,1,7.96,7.13,SPY190315P00264000,264.0,0,0.0,0.0,,0.0,normalDay
2019-01-24,0.0,110.0,0.0,0,263.55,0.0,1,7.96,6.86,SPY190315P00264000,264.0,0,0.0,0.0,,0.0,normalDay
2019-01-25,0.0,250.0,0.0,0,265.78,0.0,1,7.96,5.46,SPY190315P00264000,264.0,0,0.0,0.0,,0.0,normalDay
2019-01-28,0.0,152.0,0.0,0,263.76,0.0,1,7.96,6.44,SPY190315P00264000,264.0,0,0.0,0.0,,0.0,normalDay
2019-01-29,0.0,133.0,0.0,0,263.41,0.0,1,7.96,6.63,SPY190315P00264000,264.0,0,0.0,0.0,,0.0,normalDay
2019-01-30,0.0,338.0,0.0,0,267.58,0.0,1,7.96,4.58,SPY190315P00264000,264.0,0,0.0,0.0,,0.0,normalDay
2019-01-31,0.0,462.0,0.0,0,269.93,0.0,1,7.96,3.34,SPY190315P00264000,264.0,0,0.0,0.0,,0.0,normalDay
2019-02-01,0.0,477.0,0.0,0,270.06,0.0,1,7.96,3.19,SPY190315P00264000,264.0,0,0.0,0.0,,0.0,normalDay
2019-02-04,0.0,550.0,0.0,0,271.96,0.0,1,7.96,2.46,SPY190315P00264000,264.0,0,0.0,0.0,,0.0,normalDay
2019-02-05,0.0,572.0,0.0,0,273.1,0.0,1,7.96,2.24,SPY190315P00264000,264.0,0,0.0,0.0,,0.0,normalDay
2019-02-06,0.0,577.0,0.0,0,272.74,0.0,1,7.96,2.19,SPY190315P00264000,264.0,0,0.0,0.0,,0.0,normalDay
2019-02-07,0.0,506.0,0.0,0,270.14,0.0,1,7.96,2.9,SPY190315P00264000,264.0,0,0.0,0.0,,0.0,normalDay
2019-02-08,0.0,525.0,0.0,0,270.47,0.0,1,7.96,2.71,SPY190315P00264000,264.0,0,0.0,0.0,,0.0,normalDay
2019-02-11,0.0,544.0,0.0,0,270.62,0.0,1,7.96,2.52,SPY190315P00264000,264.0,0,0.0,0.0,,0.0,normalDay
2019-02-12,0.0,634.0,0.0,0,274.1,0.0,1,7.96,1.62,SPY190315P00264000,264.0,0,0.0,0.0,,0.0,normalDay
2019-02-13,0.0,645.0,0.0,0,274.99,0.0,1,7.96,1.51,SPY190315P00264000,264.0,0,0.0,0.0,,0.0,normalDay
2019-02-14,0.0,629.0,0.0,0,274.38,0.0,1,7.96,1.67,SPY190315P00264000,264.0,0,0.0,0.0,,0.0,normalDay
2019-02-15,0.0,691.0,0.0,0,277.37,0.0,1,7.96,1.05,SPY190315P00264000,264.0,0,0.0,0.0,,0.0,normalDay
2019-02-19,0.0,710.0,0.0,0,277.85,0.0,1,7.96,0.86,SPY190315P00264000,264.0,0,0.0,0.0,,0.0,normalDay
2019-02-20,0.0,730.0,0.0,0,278.41,0.0,1,7.96,0.66,SPY190315P00264000,264.0,0,0.0,0.0,,0.0,normalDay
2019-02-21,0.0,722.0,0.0,0,277.42,0.0,1,7.96,0.74,SPY190315P00264000,264.0,0,0.0,0.0,,0.0,normalDay
2019-02-22,0.0,746.0,0.0,0,279.14,0.0,1,7.96,0.5,SPY190315P00264000,264.0,0,0.0,0.0,,0.0,normalDay
2019-02-25,0.0,746.0,0.0,0,279.52,0.0,1,7.96,0.5,SPY190315P00264000,264.0,0,0.0,0.0,,0.0,normalDay
2019-02-26,0.0,746.0,0.0,0,279.32,0.0,1,7.96,0.5,SPY190315P00264000,264.0,0,0.0,0.0,,0.0,normalDay
2019-02-27,0.0,751.0,0.0,0,279.2,0.0,1,7.96,0.45,SPY190315P00264000,264.0,0,0.0,0.0,,0.0,normalDay
2019-02-28,0.0,750.0,0.0,0,278.68,0.0,1,7.96,0.46,SPY190315P00264000,264.0,0,0.0,0.0,,0.0,normalDay
2019-03-01,0.0,770.0,0.0,0,280.42,0.0,1,7.96,0.26,SPY190315P00264000,264.0,0,0.0,0.0,,0.0,normalDay
2019-03-04,0.0,768.0,0.0,0,279.4,0.0,1,7.96,0.28,SPY190315P00264000,264.0,0,0.0,0.0,,0.0,normalDay
2019-03-05,0.0,771.0,0.0,0,279.02,0.0,1,7.96,0.25,SPY190315P00264000,264.0,0,0.0,0.0,,0.0,normalDay
2019-03-06,0.0,762.0,0.0,0,277.33,0.0,1,7.96,0.34,SPY190315P00264000,264.0,0,0.0,0.0,,0.0,normalDay
2019-03-07,0.0,752.0,0.0,0,275.01,0.0,1,7.96,0.44,SPY190315P00264000,264.0,0,0.0,0.0,,0.0,normalDay
2019-03-08,0.0,770.0,0.0,0,274.46,0.0,1,7.96,0.26,SPY190315P00264000,264.0,0,0.0,0.0,,0.0,normalDay
2019-03-11,0.0,790.0,0.0,0,278.44,0.0,1,7.96,0.06,SPY190315P00264000,264.0,0,0.0,0.0,,0.0,normalDay
2019-03-12,0.0,792.0,0.0,0,279.49,0.0,1,7.96,0.04,SPY190315P00264000,264.0,0,0.0,0.0,,0.0,normalDay
2019-03-13,0.0,794.0,0.0,0,281.34,0.0,1,7.96,0.02,SPY190315P00264000,264.0,0,0.0,0.0,,0.0,normalDay
2019-03-14,0.0,794.0,0.0,0,281.16,0.0,1,7.96,0.02,SPY190315P00264000,264.0,0,0.0,0.0,,0.0,normalDay
2019-03-15,796.0,0.0,796.0,0,281.31,0.0,1,7.96,0.0,SPY190315P00264000,264.0,0,0.0,0.0,,0.0,expirationDay
2019-03-18,796.0,-5.0,0.0,0,282.33,0.0,1,6.0,6.05,SPY190719P00276000,276.0,0,0.0,0.0,,0.0,normalDay
2019-03-19,796.0,-26.0,0.0,0,282.4,0.0,1,6.0,6.26,SPY190719P00276000,276.0,0,0.0,0.0,,0.0,normalDay
2019-03-20,796.0,-56.0,0.0,0,281.55,0.0,1,6.0,6.56,SPY190719P00276000,276.0,0,0.0,0.0,,0.0,normalDay
2019-03-21,796.0,41.0,0.0,0,284.73,0.0,1,6.0,5.59,SPY190719P00276000,276.0,0,0.0,0.0,,0.0,normalDay
2019-03-22,796.0,-168.0,0.0,0,279.25,0.0,1,6.0,7.68,SPY190719P00276000,276.0,0,0.0,0.0,,0.0,normalDay
2019-03-25,796.0,-195.0,0.0,0,279.04,0.0,1,6.0,7.95,SPY190719P00276000,276.0,0,0.0,0.0,,0.0,normalDay
2019-03-26,796.0,-96.0,0.0,0,281.12,0.0,1,6.0,6.96,SPY190719P00276000,276.0,0,0.0,0.0,,0.0,normalDay
2019-03-27,796.0,-146.0,0.0,0,279.65,0.0,1,6.0,7.46,SPY190719P00276000,276.0,0,0.0,0.0,,0.0,normalDay
2019-03-28,796.0,-86.0,0.0,0,280.71,0.0,1,6.0,6.86,SPY190719P00276000,276.0,0,0.0,0.0,,0.0,normalDay
2019-03-29,796.0,-8.0,0.0,0,282.48,0.0,1,6.0,6.08,SPY190719P00276000,276.0,0,0.0,0.0,,0.0,normalDay
2019-04-01,796.0,93.0,0.0,0,285.83,0.0,1,6.0,5.07,SPY190719P00276000,276.0,0,0.0,0.0,,0.0,normalDay
2019-04-02,796.0,102.0,0.0,0,285.97,0.0,1,6.0,4.98,SPY190719P00276000,276.0,0,0.0,0.0,,0.0,normalDay
2019-04-03,796.0,120.0,0.0,0,286.42,0.0,1,6.0,4.8,SPY190719P00276000,276.0,0,0.0,0.0,,0.0,normalDay
2019-04-04,796.0,142.0,0.0,0,287.18,0.0,1,6.0,4.58,SPY190719P00276000,276.0,0,0.0,0.0,,0.0,normalDay
2019-04-05,796.0,192.0,0.0,0,288.57,0.0,1,6.0,4.08,SPY190719P00276000,276.0,0,0.0,0.0,,0.0,normalDay
2019-04-08,796.0,200.0,0.0,0,288.79,0.0,1,6.0,4.0,SPY190719P00276000,276.0,0,0.0,0.0,,0.0,normalDay
2019-04-09,796.0,139.0,0.0,0,287.31,0.0,1,6.0,4.61,SPY190719P00276000,276.0,0,0.0,0.0,,0.0,normalDay
2019-04-10,796.0,193.0,0.0,0,288.29,0.0,1,6.0,4.07,SPY190719P00276000,276.0,0,0.0,0.0,,0.0,normalDay
2019-04-11,796.0,195.0,0.0,0,288.21,0.0,1,6.0,4.05,SPY190719P00276000,276.0,0,0.0,0.0,,0.0,normalDay
2019-04-12,796.0,265.0,0.0,0,290.16,0.0,1,6.0,3.35,SPY190719P00276000,276.0,0,0.0,0.0,,0.0,normalDay
2019-04-15,796.0,272.0,0.0,0,289.97,0.0,1,6.0,3.28,SPY190719P00276000,276.0,0,0.0,0.0,,0.0,normalDay
2019-04-16,796.0,277.0,0.0,0,290.16,0.0,1,6.0,3.23,SPY190719P00276000,276.0,0,0.0,0.0,,0.0,normalDay
2019-04-17,796.0,258.0,0.0,0,289.45,0.0,1,6.0,3.42,SPY190719P00276000,276.0,0,0.0,0.0,,0.0,normalDay
2019-04-18,796.0,279.0,0.0,0,290.02,0.0,1,6.0,3.21,SPY190719P00276000,276.0,0,0.0,0.0,,0.0,normalDay
2019-04-22,796.0,297.0,0.0,0,290.27,0.0,1,6.0,3.03,SPY190719P00276000,276.0,0,0.0,0.0,,0.0,normalDay
2019-04-23,796.0,340.0,0.0,0,292.88,0.0,1,6.0,2.6,SPY190719P00276000,276.0,0,0.0,0.0,,0.0,normalDay
2019-04-24,796.0,322.0,0.0,0,292.23,0.0,1,6.0,2.78,SPY190719P00276000,276.0,0,0.0,0.0,,0.0,normalDay
2019-04-25,796.0,315.0,0.0,0,292.05,0.0,1,6.0,2.85,SPY190719P00276000,276.0,0,0.0,0.0,,0.0,normalDay
2019-04-26,796.0,345.0,0.0,0,293.41,0.0,1,6.0,2.55,SPY190719P00276000,276.0,0,0.0,0.0,,0.0,normalDay
2019-04-29,796.0,353.0,0.0,0,293.87,0.0,1,6.0,2.47,SPY190719P00276000,276.0,0,0.0,0.0,,0.0,normalDay
2019-04-30,796.0,358.0,0.0,0,294.02,0.0,1,6.0,2.42,SPY190719P00276000,276.0,0,0.0,0.0,,0.0,normalDay
2019-05-01,796.0,302.0,0.0,0,291.81,0.0,1,6.0,2.98,SPY190719P00276000,276.0,0,0.0,0.0,,0.0,normalDay
2019-05-02,796.0,293.0,0.0,0,291.18,0.0,1,6.0,3.07,SPY190719P00276000,276.0,0,0.0,0.0,,0.0,normalDay
2019-05-03,796.0,367.0,0.0,0,294.03,0.0,1,6.0,2.33,SPY190719P00276000,276.0,0,0.0,0.0,,0.0,normalDay
2019-05-06,796.0,316.0,0.0,0,292.82,0.0,1,6.0,2.84,SPY190719P00276000,276.0,0,0.0,0.0,,0.0,normalDay
2019-05-07,796.0,133.0,0.0,0,287.93,0.0,1,6.0,4.67,SPY190719P00276000,276.0,0,0.0,0.0,,0.0,normalDay
2019-05-08,796.0,139.0,0.0,0,287.53,0.0,1,6.0,4.61,SPY190719P00276000,276.0,0,0.0,0.0,,0.0,normalDay
2019-05-09,796.0,133.0,0.0,0,286.66,0.0,1,6.0,4.67,SPY190719P00276000,276.0,0,0.0,0.0,,0.0,normalDay
2019-05-10,796.0,222.0,0.0,0,288.1,0.0,1,6.0,3.78,SPY190719P00276000,276.0,0,0.0,0.0,,0.0,normalDay
2019-05-13,796.0,-65.0,0.0,0,280.86,0.0,1,6.0,6.65,SPY190719P00276000,276.0,0,0.0,0.0,,0.0,normalDay
2019-05-14,796.0,71.0,0.0,0,283.4,0.0,1,6.0,5.29,SPY190719P00276000,276.0,0,0.0,0.0,,0.0,normalDay
2019-05-15,796.0,163.0,0.0,0,285.06,0.0,1,6.0,4.37,SPY190719P00276000,276.0,0,0.0,0.0,,0.0,normalDay
2019-05-16,796.0,255.0,0.0,0,287.7,0.0,1,6.0,3.45,SPY190719P00276000,276.0,0,0.0,0.0,,0.0,normalDay
2019-05-17,796.0,203.0,0.0,0,285.84,0.0,1,6.0,3.97,SPY190719P00276000,276.0,0,0.0,0.0,,0.0,normalDay
2019-05-20,796.0,166.0,0.0,0,283.95,0.0,1,6.0,4.34,SPY190719P00276000,276.0,0,0.0,0.0,,0.0,normalDay
2019-05-21,796.0,262.0,0.0,0,286.51,0.0,1,6.0,3.38,SPY190719P00276000,276.0,0,0.0,0.0,,0.0,normalDay
2019-05-22,796.0,250.0,0.0,0,285.63,0.0,1,6.0,3.5,SPY190719P00276000,276.0,0,0.0,0.0,,0.0,normalDay
2019-05-23,796.0,109.0,0.0,0,282.14,0.0,1,6.0,4.91,SPY190719P00276000,276.0,0,0.0,0.0,,0.0,normalDay
2019-05-24,796.0,162.0,0.0,0,282.78,0.0,1,6.0,4.38,SPY190719P00276000,276.0,0,0.0,0.0,,0.0,normalDay
2019-05-28,796.0,76.0,0.0,0,280.15,0.0,1,6.0,5.24,SPY190719P00276000,276.0,0,0.0,0.0,,0.0,normalDay
2019-05-29,796.0,-1.0,0.0,0,278.27,0.0,1,6.0,6.01,SPY190719P00276000,276.0,0,0.0,0.0,,0.0,normalDay
2019-05-30,796.0,40.0,0.0,0,279.03,0.0,1,6.0,5.6,SPY190719P00276000,276.0,0,0.0,0.0,,0.0,normalDay
2019-05-31,796.0,-139.0,0.0,0,275.27,0.0,1,6.0,7.39,SPY190719P00276000,276.0,0,0.0,0.0,,0.0,normalDay
2019-06-03,796.0,-137.0,0.0,0,274.57,0.0,1,6.0,7.37,SPY190719P00276000,276.0,0,0.0,0.0,,0.0,normalDay
2019-06-04,796.0,135.0,0.0,0,280.53,0.0,1,6.0,4.65,SPY190719P00276000,276.0,0,0.0,0.0,,0.0,normalDay
2019-06-05,796.0,241.0,0.0,0,282.96,0.0,1,6.0,3.59,SPY190719P00276000,276.0,0,0.0,0.0,,0.0,normalDay
2019-06-06,796.0,300.0,0.0,0,284.8,0.0,1,6.0,3.0,SPY190719P00276000,276.0,0,0.0,0.0,,0.0,normalDay
2019-06-07,796.0,350.0,0.0,0,287.65,0.0,1,6.0,2.5,SPY190719P00276000,276.0,0,0.0,0.0,,0.0,normalDay
2019-06-10,796.0,393.0,0.0,0,288.97,0.0,1,6.0,2.07,SPY190719P00276000,276.0,0,0.0,0.0,,0.0,normalDay
2019-06-11,796.0,390.0,0.0,0,288.9,0.0,1,6.0,2.1,SPY190719P00276000,276.0,0,0.0,0.0,,0.0,normalDay
2019-06-12,796.0,390.0,0.0,0,288.39,0.0,1,6.0,2.1,SPY190719P00276000,276.0,0,0.0,0.0,,0.0,normalDay
2019-06-13,796.0,415.0,0.0,0,289.58,0.0,1,6.0,1.85,SPY190719P00276000,276.0,0,0.0,0.0,,0.0,normalDay
2019-06-14,796.0,429.0,0.0,0,289.26,0.0,1,6.0,1.71,SPY190719P00276000,276.0,0,0.0,0.0,,0.0,normalDay
2019-06-17,796.0,444.0,0.0,0,289.37,0.0,1,6.0,1.56,SPY190719P00276000,276.0,0,0.0,0.0,,0.0,normalDay
2019-06-18,796.0,484.0,0.0,0,292.4,0.0,1,6.0,1.16,SPY190719P00276000,276.0,0,0.0,0.0,,0.0,normalDay
2019-06-19,796.0,508.0,0.0,0,293.06,0.0,1,6.0,0.92,SPY190719P00276000,276.0,0,0.0,0.0,,0.0,normalDay
2019-06-20,796.0,528.0,0.0,0,295.86,0.0,1,6.0,0.72,SPY190719P00276000,276.0,0,0.0,0.0,,0.0,normalDay
2019-06-21,796.0,522.0,0.0,0,294.0,0.0,1,6.0,0.78,SPY190719P00276000,276.0,0,0.0,0.0,,0.0,normalDay
2019-06-24,796.0,532.0,0.0,0,293.64,0.0,1,6.0,0.68,SPY190719P00276000,276.0,0,0.0,0.0,,0.0,normalDay
2019-06-25,796.0,500.0,0.0,0,290.76,0.0,1,6.0,1.0,SPY190719P00276000,276.0,0,0.0,0.0,,0.0,normalDay
2019-06-26,796.0,501.0,0.0,0,290.47,0.0,1,6.0,0.99,SPY190719P00276000,276.0,0,0.0,0.0,,0.0,normalDay
2019-06-27,796.0,524.0,0.0,0,291.5,0.0,1,6.0,0.76,SPY190719P00276000,276.0,0,0.0,0.0,,0.0,normalDay
2019-06-28,796.0,541.0,0.0,0,293.0,0.0,1,6.0,0.59,SPY190719P00276000,276.0,0,0.0,0.0,,0.0,normalDay
2019-07-01,796.0,573.0,0.0,0,295.66,0.0,1,6.0,0.27,SPY190719P00276000,276.0,0,0.0,0.0,,0.0,normalDay
2019-07-02,796.0,583.0,0.0,0,296.43,0.0,1,6.0,0.17,SPY190719P00276000,276.0,0,0.0,0.0,,0.0,normalDay
2019-07-03,796.0,589.0,0.0,0,298.8,0.0,1,6.0,0.11,SPY190719P00276000,276.0,0,0.0,0.0,,0.0,normalDay
2019-07-05,796.0,587.0,0.0,0,298.46,0.0,1,6.0,0.13,SPY190719P00276000,276.0,0,0.0,0.0,,0.0,normalDay
2019-07-08,796.0,591.0,0.0,0,296.82,0.0,1,6.0,0.09,SPY190719P00276000,276.0,0,0.0,0.0,,0.0,normalDay
2019-07-09,796.0,593.0,0.0,0,297.19,0.0,1,6.0,0.07,SPY190719P00276000,276.0,0,0.0,0.0,,0.0,normalDay
2019-07-10,796.0,595.0,0.0,0,298.61,0.0,1,6.0,0.05,SPY190719P00276000,276.0,0,0.0,0.0,,0.0,normalDay
2019-07-11,796.0,595.0,0.0,0,299.31,0.0,1,6.0,0.05,SPY190719P00276000,276.0,0,0.0,0.0,,0.0,normalDay
2019-07-12,796.0,597.0,0.0,0,300.65,0.0,1,6.0,0.03,SPY190719P00276000,276.0,0,0.0,0.0,,0.0,normalDay
2019-07-15,796.0,597.0,0.0,0,300.75,0.0,1,6.0,0.03,SPY190719P00276000,276.0,0,0.0,0.0,,0.0,normalDay
2019-07-16,796.0,598.0,0.0,0,299.78,0.0,1,6.0,0.02,SPY190719P00276000,276.0,0,0.0,0.0,,0.0,normalDay
2019-07-17,796.0,598.0,0.0,0,297.74,0.0,1,6.0,0.02,SPY190719P00276000,276.0,0,0.0,0.0,,0.0,normalDay
2019-07-18,796.0,599.0,0.0,0,298.83,0.0,1,6.0,0.01,SPY190719P00276000,276.0,0,0.0,0.0,,0.0,normalDay
2019-07-19,1396.0,0.0,600.0,0,297.17,0.0,1,6.0,0.0,SPY190719P00276000,276.0,0,0.0,0.0,,0.0,expirationDay
2019-07-22,1396.0,-7.0,0.0,0,297.9,0.0,1,6.77,6.84,SPY191115P00292000,292.0,0,0.0,0.0,,0.0,normalDay
2019-07-23,1396.0,78.0,0.0,0,300.03,0.0,1,6.77,5.99,SPY191115P00292000,292.0,0,0.0,0.0,,0.0,normalDay
2019-07-24,1396.0,129.0,0.0,0,301.44,0.0,1,6.77,5.48,SPY191115P00292000,292.0,0,0.0,0.0,,0.0,normalDay
2019-07-25,1396.0,77.0,0.0,0,300.0,0.0,1,6.77,6.0,SPY191115P00292000,292.0,0,0.0,0.0,,0.0,normalDay
2019-07-26,1396.0,145.0,0.0,0,302.01,0.0,1,6.77,5.32,SPY191115P00292000,292.0,0,0.0,0.0,,0.0,normalDay
2019-07-29,1396.0,142.0,0.0,0,301.46,0.0,1,6.77,5.35,SPY191115P00292000,292.0,0,0.0,0.0,,0.0,normalDay
2019-07-30,1396.0,91.0,0.0,0,300.72,0.0,1,6.77,5.86,SPY191115P00292000,292.0,0,0.0,0.0,,0.0,normalDay
2019-07-31,1396.0,-52.0,0.0,0,297.43,0.0,1,6.77,7.29,SPY191115P00292000,292.0,0,0.0,0.0,,0.0,normalDay
2019-08-01,1396.0,-178.0,0.0,0,294.84,0.0,1,6.77,8.55,SPY191115P00292000,292.0,0,0.0,0.0,,0.0,normalDay
2019-08-02,1396.0,-264.0,0.0,0,292.62,0.0,1,6.77,9.41,SPY191115P00292000,292.0,0,0.0,0.0,,0.0,normalDay
2019-08-05,1396.0,-845.0,0.0,0,283.82,0.0,1,6.77,15.22,SPY191115P00292000,292.0,0,0.0,0.0,,0.0,normalDay
2019-08-06,1396.0,-523.0,0.0,0,287.8,0.0,1,6.77,12.0,SPY191115P00292000,292.0,0,0.0,0.0,,0.0,normalDay
2019-08-07,1396.0,-513.0,0.0,0,287.97,0.0,1,6.77,11.9,SPY191115P00292000,292.0,0,0.0,0.0,,0.0,normalDay
2019-08-08,1396.0,-195.0,0.0,0,293.62,0.0,1,6.77,8.72,SPY191115P00292000,292.0,0,0.0,0.0,,0.0,normalDay
2019-08-09,1396.0,-296.0,0.0,0,291.62,0.0,1,6.77,9.73,SPY191115P00292000,292.0,0,0.0,0.0,,0.0,normalDay
2019-08-12,1396.0,-545.0,0.0,0,288.07,0.0,1,6.77,12.22,SPY191115P00292000,292.0,0,0.0,0.0,,0.0,normalDay
2019-08-13,1396.0,-260.0,0.0,0,292.55,0.0,1,6.77,9.37,SPY191115P00292000,292.0,0,0.0,0.0,,0.0,normalDay
2019-08-14,1396.0,-781.0,0.0,0,283.9,0.0,1,6.77,14.58,SPY191115P00292000,292.0,0,0.0,0.0,,0.0,normalDay
2019-08-15,1396.0,-719.0,0.0,0,284.65,0.0,1,6.77,13.96,SPY191115P00292000,292.0,0,0.0,0.0,,0.0,normalDay
2019-08-16,1396.0,-458.0,0.0,0,288.85,0.0,1,6.77,11.35,SPY191115P00292000,292.0,0,0.0,0.0,,0.0,normalDay
2019-08-19,1396.0,-237.0,0.0,0,292.33,0.0,1,6.77,9.14,SPY191115P00292000,292.0,0,0.0,0.0,,0.0,normalDay
2019-08-20,1396.0,-354.0,0.0,0,290.09,0.0,1,6.77,10.31,SPY191115P00292000,292.0,0,0.0,0.0,,0.0,normalDay
2019-08-21,1396.0,-178.0,0.0,0,292.45,0.0,1,6.77,8.55,SPY191115P00292000,292.0,0,0.0,0.0,,0.0,normalDay
2019-08-22,1396.0,-209.0,0.0,0,292.36,0.0,1,6.77,8.86,SPY191115P00292000,292.0,0,0.0,0.0,,0.0,normalDay
2019-08-23,1396.0,-600.0,0.0,0,284.85,0.0,1,6.77,12.77,SPY191115P00292000,292.0,0,0.0,0.0,,0.0,normalDay
2019-08-26,1396.0,-441.0,0.0,0,288.0,0.0,1,6.77,11.18,SPY191115P00292000,292.0,0,0.0,0.0,,0.0,normalDay
2019-08-27,1396.0,-532.0,0.0,0,286.87,0.0,1,6.77,12.09,SPY191115P00292000,292.0,0,0.0,0.0,,0.0,normalDay
2019-08-28,1396.0,-399.0,0.0,0,288.89,0.0,1,6.77,10.76,SPY191115P00292000,292.0,0,0.0,0.0,,0.0,normalDay
2019-08-29,1396.0,-203.0,0.0,0,292.58,0.0,1,6.77,8.8,SPY191115P00292000,292.0,0,0.0,0.0,,0.0,normalDay
2019-08-30,1396.0,-218.0,0.0,0,292.45,0.0,1,6.77,8.95,SPY191115P00292000,292.0,0,0.0,0.0,,0.0,normalDay
2019-09-03,1396.0,-301.0,0.0,0,290.74,0.0,1,6.77,9.78,SPY191115P00292000,292.0,0,0.0,0.0,,0.0,normalDay
2019-09-04,1396.0,-98.0,0.0,0,294.04,0.0,1,6.77,7.75,SPY191115P00292000,292.0,0,0.0,0.0,,0.0,normalDay
2019-09-05,1396.0,61.0,0.0,0,297.82,0.0,1,6.77,6.16,SPY191115P00292000,292.0,0,0.0,0.0,,0.0,normalDay
2019-09-06,1396.0,119.0,0.0,0,298.05,0.0,1,6.77,5.58,SPY191115P00292000,292.0,0,0.0,0.0,,0.0,normalDay
2019-09-09,1396.0,128.0,0.0,0,298.2,0.0,1,6.77,5.49,SPY191115P00292000,292.0,0,0.0,0.0,,0.0,normalDay
2019-09-10,1396.0,135.0,0.0,0,298.13,0.0,1,6.77,5.42,SPY191115P00292000,292.0,0,0.0,0.0,,0.0,normalDay
2019-09-11,1396.0,219.0,0.0,0,300.25,0.0,1,6.77,4.58,SPY191115P00292000,292.0,0,0.0,0.0,,0.0,normalDay
2019-09-12,1396.0,273.0,0.0,0,301.29,0.0,1,6.77,4.04,SPY191115P00292000,292.0,0,0.0,0.0,,0.0,normalDay
2019-09-13,1396.0,276.0,0.0,0,301.09,0.0,1,6.77,4.01,SPY191115P00292000,292.0,0,0.0,0.0,,0.0,normalDay
2019-09-16,1396.0,250.0,0.0,0,300.16,0.0,1,6.77,4.27,SPY191115P00292000,292.0,0,0.0,0.0,,0.0,normalDay
2019-09-17,1396.0,266.0,0.0,0,300.92,0.0,1,6.77,4.11,SPY191115P00292000,292.0,0,0.0,0.0,,0.0,normalDay
2019-09-18,1396.0,297.0,0.0,0,301.1,0.0,1,6.77,3.8,SPY191115P00292000,292.0,0,0.0,0.0,,0.0,normalDay
2019-09-19,1396.0,298.0,0.0,0,301.08,0.0,1,6.77,3.79,SPY191115P00292000,292.0,0,0.0,0.0,,0.0,normalDay
2019-09-20,1396.0,229.0,0.0,0,298.28,0.0,1,6.77,4.48,SPY191115P00292000,292.0,0,0.0,0.0,,0.0,normalDay
2019-09-23,1396.0,262.0,0.0,0,298.21,0.0,1,6.77,4.15,SPY191115P00292000,292.0,0,0.0,0.0,,0.0,normalDay
2019-09-24,1396.0,154.0,0.0,0,295.87,0.0,1,6.77,5.23,SPY191115P00292000,292.0,0,0.0,0.0,,0.0,normalDay
2019-09-25,1396.0,221.0,0.0,0,297.62,0.0,1,6.77,4.56,SPY191115P00292000,292.0,0,0.0,0.0,,0.0,normalDay
2019-09-26,1396.0,220.0,0.0,0,297.0,0.0,1,6.77,4.57,SPY191115P00292000,292.0,0,0.0,0.0,,0.0,normalDay
2019-09-27,1396.0,143.0,0.0,0,295.4,0.0,1,6.77,5.34,SPY191115P00292000,292.0,0,0.0,0.0,,0.0,normalDay
2019-09-30,1396.0,238.0,0.0,0,296.77,0.0,1,6.77,4.39,SPY191115P00292000,292.0,0,0.0,0.0,,0.0,normalDay
2019-10-01,1396.0,67.0,0.0,0,293.24,0.0,1,6.77,6.1,SPY191115P00292000,292.0,0,0.0,0.0,,0.0,normalDay
2019-10-02,1396.0,-240.0,0.0,0,288.06,0.0,1,6.77,9.17,SPY191115P00292000,292.0,0,0.0,0.0,,0.0,normalDay
2019-10-03,1396.0,-62.0,0.0,0,290.42,0.0,1,6.77,7.39,SPY191115P00292000,292.0,0,0.0,0.0,,0.0,normalDay
2019-10-04,1396.0,158.0,0.0,0,294.35,0.0,1,6.77,5.19,SPY191115P00292000,292.0,0,0.0,0.0,,0.0,normalDay
2019-10-07,1396.0,112.0,0.0,0,293.08,0.0,1,6.77,5.65,SPY191115P00292000,292.0,0,0.0,0.0,,0.0,normalDay
2019-10-08,1396.0,-131.0,0.0,0,288.53,0.0,1,6.77,8.08,SPY191115P00292000,292.0,0,0.0,0.0,,0.0,normalDay
2019-10-09,1396.0,31.0,0.0,0,291.27,0.0,1,6.77,6.46,SPY191115P00292000,292.0,0,0.0,0.0,,0.0,normalDay
2019-10-10,1396.0,153.0,0.0,0,293.24,0.0,1,6.77,5.24,SPY191115P00292000,292.0,0,0.0,0.0,,0.0,normalDay
2019-10-11,1396.0,317.0,0.0,0,296.28,0.0,1,6.77,3.6,SPY191115P00292000,292.0,0,0.0,0.0,,0.0,normalDay
2019-10-14,1396.0,348.0,0.0,0,295.95,0.0,1,6.77,3.29,SPY191115P00292000,292.0,0,0.0,0.0,,0.0,normalDay
2019-10-15,1396.0,462.0,0.0,0,298.88,0.0,1,6.77,2.15,SPY191115P00292000,292.0,0,0.0,0.0,,0.0,normalDay
2019-10-16,1396.0,459.0,0.0,0,298.4,0.0,1,6.77,2.18,SPY191115P00292000,292.0,0,0.0,0.0,,0.0,normalDay
2019-10-17,1396.0,477.0,0.0,0,299.28,0.0,1,6.77,2.0,SPY191115P00292000,292.0,0,0.0,0.0,,0.0,normalDay
2019-10-18,1396.0,453.0,0.0,0,297.97,0.0,1,6.77,2.24,SPY191115P00292000,292.0,0,0.0,0.0,,0.0,normalDay
2019-10-21,1396.0,523.0,0.0,0,299.99,0.0,1,6.77,1.54,SPY191115P00292000,292.0,0,0.0,0.0,,0.0,normalDay
2019-10-22,1396.0,501.0,0.0,0,299.01,0.0,1,6.77,1.76,SPY191115P00292000,292.0,0,0.0,0.0,,0.0,normalDay
2019-10-23,1396.0,537.0,0.0,0,299.88,0.0,1,6.77,1.4,SPY191115P00292000,292.0,0,0.0,0.0,,0.0,normalDay
2019-10-24,1396.0,555.0,0.0,0,300.37,0.0,1,6.77,1.22,SPY191115P00292000,292.0,0,0.0,0.0,,0.0,normalDay
2019-10-25,1396.0,593.0,0.0,0,301.6,0.0,1,6.77,0.84,SPY191115P00292000,292.0,0,0.0,0.0,,0.0,normalDay
2019-10-28,1396.0,615.0,0.0,0,303.3,0.0,1,6.77,0.62,SPY191115P00292000,292.0,0,0.0,0.0,,0.0,normalDay
2019-10-29,1396.0,617.0,0.0,0,303.21,0.0,1,6.77,0.6,SPY191115P00292000,292.0,0,0.0,0.0,,0.0,normalDay
2019-10-30,1396.0,637.0,0.0,0,304.14,0.0,1,6.77,0.4,SPY191115P00292000,292.0,0,0.0,0.0,,0.0,normalDay
2019-10-31,1396.0,624.0,0.0,0,303.33,0.0,1,6.77,0.53,SPY191115P00292000,292.0,0,0.0,0.0,,0.0,normalDay
2019-11-01,1396.0,654.0,0.0,0,306.14,0.0,1,6.77,0.23,SPY191115P00292000,292.0,0,0.0,0.0,,0.0,normalDay
2019-11-04,1396.0,660.0,0.0,0,307.37,0.0,1,6.77,0.17,SPY191115P00292000,292.0,0,0.0,0.0,,0.0,normalDay
2019-11-05,1396.0,663.0,0.0,0,307.03,0.0,1,6.77,0.14,SPY191115P00292000,292.0,0,0.0,0.0,,0.0,normalDay
2019-11-06,1396.0,669.0,0.0,0,307.1,0.0,1,6.77,0.08,SPY191115P00292000,292.0,0,0.0,0.0,,0.0,normalDay
2019-11-07,1396.0,671.0,0.0,0,308.18,0.0,1,6.77,0.06,SPY191115P00292000,292.0,0,0.0,0.0,,0.0,normalDay
2019-11-08,1396.0,674.0,0.0,0,308.94,0.0,1,6.77,0.03,SPY191115P00292000,292.0,0,0.0,0.0,,0.0,normalDay
2019-11-11,1396.0,674.0,0.0,0,308.35,0.0,1,6.77,0.03,SPY191115P00292000,292.0,0,0.0,0.0,,0.0,normalDay
2019-11-12,1396.0,675.0,0.0,0,309.0,0.0,1,6.77,0.02,SPY191115P00292000,292.0,0,0.0,0.0,,0.0,normalDay
2019-11-13,1396.0,675.0,0.0,0,309.1,0.0,1,6.77,0.02,SPY191115P00292000,292.0,0,0.0,0.0,,0.0,normalDay
2019-11-14,1396.0,676.0,0.0,0,309.55,0.0,1,6.77,0.01,SPY191115P00292000,292.0,0,0.0,0.0,,0.0,normalDay
2019-11-15,2073.0,0.0,677.0,0,311.79,0.0,1,6.77,0.0,SPY191115P00292000,292.0,0,0.0,0.0,,0.0,expirationDay
2019-11-18,2073.0,-5.0,0.0,0,312.02,0.0,1,6.85,6.9,SPY200331P00300000,300.0,0,0.0,0.0,,0.0,normalDay
2019-11-19,2073.0,-21.0,0.0,0,311.93,0.0,1,6.85,7.06,SPY200331P00300000,300.0,0,0.0,0.0,,0.0,normalDay
2019-11-20,2073.0,-63.0,0.0,0,310.77,0.0,1,6.85,7.48,SPY200331P00300000,300.0,0,0.0,0.0,,0.0,normalDay
2019-11-21,2073.0,-79.0,0.0,0,310.27,0.0,1,6.85,7.64,SPY200331P00300000,300.0,0,0.0,0.0,,0.0,normalDay
2019-11-22,2073.0,-40.0,0.0,0,310.96,0.0,1,6.85,7.25,SPY200331P00300000,300.0,0,0.0,0.0,,0.0,normalDay
2019-11-25,2073.0,48.0,0.0,0,313.37,0.0,1,6.85,6.37,SPY200331P00300000,300.0,0,0.0,0.0,,0.0,normalDay
2019-11-26,2073.0,84.0,0.0,0,314.08,0.0,1,6.85,6.01,SPY200331P00300000,300.0,0,0.0,0.0,,0.0,normalDay
2019-11-27,2073.0,113.0,0.0,0,315.48,0.0,1,6.85,5.72,SPY200331P00300000,300.0,0,0.0,0.0,,0.0,normalDay
2019-11-29,2073.0,69.0,0.0,0,314.31,0.0,1,6.85,6.16,SPY200331P00300000,300.0,0,0.0,0.0,,0.0,normalDay
2019-12-02,2073.0,-41.0,0.0,0,311.64,0.0,1,6.85,7.26,SPY200331P00300000,300.0,0,0.0,0.0,,0.0,normalDay
2019-12-03,2073.0,-137.0,0.0,0,309.55,0.0,1,6.85,8.22,SPY200331P00300000,300.0,0,0.0,0.0,,0.0,normalDay
2019-12-04,2073.0,-60.0,0.0,0,311.46,0.0,1,6.85,7.45,SPY200331P00300000,300.0,0,0.0,0.0,,0.0,normalDay
2019-12-05,2073.0,-18.0,0.0,0,312.02,0.0,1,6.85,7.03,SPY200331P00300000,300.0,0,0.0,0.0,,0.0,normalDay
2019-12-06,2073.0,79.0,0.0,0,314.87,0.0,1,6.85,6.06,SPY200331P00300000,300.0,0,0.0,0.0,,0.0,normalDay
2019-12-09,2073.0,27.0,0.0,0,313.88,0.0,1,6.85,6.58,SPY200331P00300000,300.0,0,0.0,0.0,,0.0,normalDay
2019-12-10,2073.0,41.0,0.0,0,313.53,0.0,1,6.85,6.44,SPY200331P00300000,300.0,0,0.0,0.0,,0.0,normalDay
2019-12-11,2073.0,79.0,0.0,0,314.42,0.0,1,6.85,6.06,SPY200331P00300000,300.0,0,0.0,0.0,,0.0,normalDay
2019-12-12,2073.0,167.0,0.0,0,317.13,0.0,1,6.85,5.18,SPY200331P00300000,300.0,0,0.0,0.0,,0.0,normalDay
2019-12-13,2073.0,216.0,0.0,0,317.32,0.0,1,6.85,4.69,SPY200331P00300000,300.0,0,0.0,0.0,,0.0,normalDay
2019-12-16,2073.0,287.0,0.0,0,319.5,0.0,1,6.85,3.98,SPY200331P00300000,300.0,0,0.0,0.0,,0.0,normalDay
2019-12-17,2073.0,283.0,0.0,0,319.57,0.0,1,6.85,4.02,SPY200331P00300000,300.0,0,0.0,0.0,,0.0,normalDay
2019-12-18,2073.0,284.0,0.0,0,319.59,0.0,1,6.85,4.01,SPY200331P00300000,300.0,0,0.0,0.0,,0.0,normalDay
2019-12-19,2073.0,313.0,0.0,0,320.9,0.0,1,6.85,3.72,SPY200331P00300000,300.0,0,0.0,0.0,,0.0,normalDay
2019-12-20,2073.0,329.0,0.0,0,320.73,0.0,1,6.85,3.56,SPY200331P00300000,300.0,0,0.0,0.0,,0.0,normalDay
2019-12-23,2073.0,330.0,0.0,0,321.22,0.0,1,6.85,3.55,SPY200331P00300000,300.0,0,0.0,0.0,,0.0,normalDay
2019-12-24,2073.0,335.0,0.0,0,321.23,0.0,1,6.85,3.5,SPY200331P00300000,300.0,0,0.0,0.0,,0.0,normalDay
2019-12-26,2073.0,368.0,0.0,0,322.94,0.0,1,6.85,3.17,SPY200331P00300000,300.0,0,0.0,0.0,,0.0,normalDay
2019-12-27,2073.0,352.0,0.0,0,322.86,0.0,1,6.85,3.33,SPY200331P00300000,300.0,0,0.0,0.0,,0.0,normalDay
2019-12-30,2073.0,313.0,0.0,0,321.08,0.0,1,6.85,3.72,SPY200331P00300000,300.0,0,0.0,0.0,,0.0,normalDay
2019-12-31,2073.0,353.0,0.0,0,321.86,0.0,1,6.85,3.32,SPY200331P00300000,300.0,0,0.0,0.0,,0.0,normalDay
2020-01-02,2073.0,416.0,0.0,0,324.87,0.0,1,6.85,2.69,SPY200331P00300000,300.0,0,0.0,0.0,,0.0,normalDay
2020-01-03,2073.0,356.0,0.0,0,322.41,0.0,1,6.85,3.29,SPY200331P00300000,300.0,0,0.0,0.0,,0.0,normalDay
2020-01-06,2073.0,391.0,0.0,0,323.64,0.0,1,6.85,2.94,SPY200331P00300000,300.0,0,0.0,0.0,,0.0,normalDay
2020-01-07,2073.0,379.0,0.0,0,322.73,0.0,1,6.85,3.06,SPY200331P00300000,300.0,0,0.0,0.0,,0.0,normalDay
2020-01-08,2073.0,421.0,0.0,0,324.45,0.0,1,6.85,2.64,SPY200331P00300000,300.0,0,0.0,0.0,,0.0,normalDay
2020-01-09,2073.0,464.0,0.0,0,326.65,0.0,1,6.85,2.21,SPY200331P00300000,300.0,0,0.0,0.0,,0.0,normalDay
2020-01-10,2073.0,453.0,0.0,0,325.71,0.0,1,6.85,2.32,SPY200331P00300000,300.0,0,0.0,0.0,,0.0,normalDay
2020-01-13,2073.0,495.0,0.0,0,327.95,0.0,1,6.85,1.9,SPY200331P00300000,300.0,0,0.0,0.0,,0.0,normalDay
2020-01-14,2073.0,498.0,0.0,0,327.45,0.0,1,6.85,1.87,SPY200331P00300000,300.0,0,0.0,0.0,,0.0,normalDay
2020-01-15,2073.0,507.0,0.0,0,328.19,0.0,1,6.85,1.78,SPY200331P00300000,300.0,0,0.0,0.0,,0.0,normalDay
2020-01-16,2073.0,532.0,0.0,0,330.92,0.0,1,6.85,1.53,SPY200331P00300000,300.0,0,0.0,0.0,,0.0,normalDay
2020-01-17,2073.0,544.0,0.0,0,331.95,0.0,1,6.85,1.41,SPY200331P00300000,300.0,0,0.0,0.0,,0.0,normalDay
2020-01-21,2073.0,540.0,0.0,0,331.3,0.0,1,6.85,1.45,SPY200331P00300000,300.0,0,0.0,0.0,,0.0,normalDay
2020-01-22,2073.0,541.0,0.0,0,331.34,0.0,1,6.85,1.44,SPY200331P00300000,300.0,0,0.0,0.0,,0.0,normalDay
2020-01-23,2073.0,543.0,0.0,0,331.72,0.0,1,6.85,1.42,SPY200331P00300000,300.0,0,0.0,0.0,,0.0,normalDay
2020-01-24,2073.0,499.0,0.0,0,328.77,0.0,1,6.85,1.86,SPY200331P00300000,300.0,0,0.0,0.0,,0.0,normalDay
2020-01-27,2073.0,372.0,0.0,0,323.5,0.0,1,6.85,3.13,SPY200331P00300000,300.0,0,0.0,0.0,,0.0,normalDay
2020-01-28,2073.0,462.0,0.0,0,326.89,0.0,1,6.85,2.23,SPY200331P00300000,300.0,0,0.0,0.0,,0.0,normalDay
2020-01-29,2073.0,463.0,0.0,0,326.62,0.0,1,6.85,2.22,SPY200331P00300000,300.0,0,0.0,0.0,,0.0,normalDay
2020-01-30,2073.0,500.0,0.0,0,327.68,0.0,1,6.85,1.85,SPY200331P00300000,300.0,0,0.0,0.0,,0.0,normalDay
2020-01-31,2073.0,375.0,0.0,0,321.73,0.0,1,6.85,3.1,SPY200331P00300000,300.0,0,0.0,0.0,,0.0,normalDay
2020-02-03,2073.0,424.0,0.0,0,324.12,0.0,1,6.85,2.61,SPY200331P00300000,300.0,0,0.0,0.0,,0.0,normalDay
2020-02-04,2073.0,524.0,0.0,0,329.06,0.0,1,6.85,1.61,SPY200331P00300000,300.0,0,0.0,0.0,,0.0,normalDay
2020-02-05,2073.0,566.0,0.0,0,332.86,0.0,1,6.85,1.19,SPY200331P00300000,300.0,0,0.0,0.0,,0.0,normalDay
2020-02-06,2073.0,572.0,0.0,0,333.98,0.0,1,6.85,1.13,SPY200331P00300000,300.0,0,0.0,0.0,,0.0,normalDay
2020-02-07,2073.0,559.0,0.0,0,332.2,0.0,1,6.85,1.26,SPY200331P00300000,300.0,0,0.0,0.0,,0.0,normalDay
2020-02-10,2073.0,584.0,0.0,0,334.68,0.0,1,6.85,1.01,SPY200331P00300000,300.0,0,0.0,0.0,,0.0,normalDay
2020-02-11,2073.0,589.0,0.0,0,335.26,0.0,1,6.85,0.96,SPY200331P00300000,300.0,0,0.0,0.0,,0.0,normalDay
2020-02-12,2073.0,611.0,0.0,0,337.42,0.0,1,6.85,0.74,SPY200331P00300000,300.0,0,0.0,0.0,,0.0,normalDay
2020-02-13,2073.0,609.0,0.0,0,337.06,0.0,1,6.85,0.76,SPY200331P00300000,300.0,0,0.0,0.0,,0.0,normalDay
2020-02-14,2073.0,617.0,0.0,0,337.6,0.0,1,6.85,0.68,SPY200331P00300000,300.0,0,0.0,0.0,,0.0,normalDay
2020-02-18,2073.0,615.0,0.0,0,336.73,0.0,1,6.85,0.7,SPY200331P00300000,300.0,0,0.0,0.0,,0.0,normalDay
2020-02-19,2073.0,625.0,0.0,0,338.34,0.0,1,6.85,0.6,SPY200331P00300000,300.0,0,0.0,0.0,,0.0,normalDay
2020-02-20,2073.0,612.0,0.0,0,336.95,0.0,1,6.85,0.73,SPY200331P00300000,300.0,0,0.0,0.0,,0.0,normalDay
2020-02-21,2073.0,584.0,0.0,0,333.48,0.0,1,6.85,1.01,SPY200331P00300000,300.0,0,0.0,0.0,,0.0,normalDay
2020-02-24,2073.0,362.0,0.0,0,322.42,0.0,1,6.85,3.23,SPY200331P00300000,300.0,0,0.0,0.0,,0.0,normalDay
2020-02-25,2073.0,160.0,0.0,0,312.65,0.0,1,6.85,5.25,SPY200331P00300000,300.0,0,0.0,0.0,,0.0,normalDay
2020-02-26,2073.0,135.0,0.0,0,311.5,0.0,1,6.85,5.5,SPY200331P00300000,300.0,0,0.0,0.0,,0.0,normalDay
2020-02-27,2073.0,-715.0,0.0,0,297.51,0.0,1,6.85,14.0,SPY200331P00300000,300.0,0,0.0,0.0,,0.0,normalDay
2020-02-28,2073.0,-784.0,0.0,0,296.26,0.0,1,6.85,14.69,SPY200331P00300000,300.0,0,0.0,0.0,,0.0,normalDay
2020-03-02,2073.0,-3.0,0.0,0,309.09,0.0,1,6.85,6.88,SPY200331P00300000,300.0,0,0.0,0.0,,0.0,normalDay
2020-03-03,2073.0,-369.0,0.0,0,300.24,0.0,1,6.85,10.54,SPY200331P00300000,300.0,0,0.0,0.0,,0.0,normalDay
2020-03-04,2073.0,100.0,0.0,0,312.86,0.0,1,6.85,5.85,SPY200331P00300000,300.0,0,0.0,0.0,,0.0,normalDay
2020-03-05,2073.0,-415.0,0.0,0,302.46,0.0,1,6.85,11.0,SPY200331P00300000,300.0,0,0.0,0.0,,0.0,normalDay
2020-03-06,2073.0,-651.0,0.0,0,297.46,0.0,1,6.85,13.36,SPY200331P00300000,300.0,0,0.0,0.0,,0.0,normalDay
2020-03-09,2073.0,-2329.0,0.0,0,274.23,0.0,1,6.85,30.14,SPY200331P00300000,300.0,0,0.0,0.0,,0.0,normalDay
2020-03-10,2073.0,-1166.0,0.0,0,288.42,0.0,1,6.85,18.51,SPY200331P00300000,300.0,0,0.0,0.0,,0.0,normalDay
2020-03-11,2073.0,-2259.0,0.0,0,274.36,0.0,1,6.85,29.44,SPY200331P00300000,300.0,0,0.0,0.0,,0.0,normalDay
2020-03-12,2073.0,-4737.0,0.0,0,248.11,0.0,1,6.85,54.22,SPY200331P00300000,300.0,0,0.0,0.0,,0.0,normalDay
2020-03-13,2073.0,-2650.0,0.0,0,269.32,0.0,1,6.85,33.35,SPY200331P00300000,300.0,0,0.0,0.0,,0.0,normalDay
2020-03-16,2073.0,-5182.0,0.0,0,239.85,0.0,1,6.85,58.67,SPY200331P00300000,300.0,0,0.0,0.0,,0.0,normalDay
2020-03-17,2073.0,-4357.0,0.0,0,252.8,0.0,1,6.85,50.42,SPY200331P00300000,300.0,0,0.0,0.0,,0.0,normalDay
2020-03-18,2073.0,-5572.0,0.0,0,240.0,0.0,1,6.85,62.57,SPY200331P00300000,300.0,0,0.0,0.0,,0.0,normalDay
2020-03-19,2073.0,-5524.0,0.0,0,240.51,0.0,1,6.85,62.09,SPY200331P00300000,300.0,0,0.0,0.0,,0.0,normalDay
2020-03-20,2073.0,-6461.0,0.0,0,228.8,0.0,1,6.85,71.46,SPY200331P00300000,300.0,0,0.0,0.0,,0.0,normalDay
2020-03-23,2073.0,-7255.0,0.0,0,222.95,0.0,1,6.85,79.4,SPY200331P00300000,300.0,0,0.0,0.0,,0.0,normalDay
2020-03-24,2073.0,-5111.0,0.0,0,243.15,0.0,1,6.85,57.96,SPY200331P00300000,300.0,0,0.0,0.0,,0.0,normalDay
2020-03-25,2073.0,-4638.0,0.0,0,246.79,0.0,1,6.85,53.23,SPY200331P00300000,300.0,0,0.0,0.0,,0.0,normalDay
2020-03-26,2073.0,-3282.0,0.0,0,261.2,0.0,1,6.85,39.67,SPY200331P00300000,300.0,0,0.0,0.0,,0.0,normalDay
2020-03-27,2073.0,-4061.0,0.0,0,253.42,0.0,1,6.85,47.46,SPY200331P00300000,300.0,0,0.0,0.0,,0.0,normalDay
2020-03-30,2073.0,-3254.0,0.0,0,261.65,0.0,1,6.85,39.39,SPY200331P00300000,300.0,0,0.0,0.0,,0.0,normalDay
2020-03-31,2758.0,-4225.0,685.0,100,257.75,300.0,1,6.85,0.0,SPY200331P00300000,300.0,0,0.0,0.0,,0.0,expirationDay
2020-04-01,2758.0,-5397.0,0.0,100,246.15,300.0,0,0.0,0.0,,0.0,1,11.05,11.17,SPY200515C00257000,257.0,normalDay
2020-04-02,2758.0,-5009.0,0.0,100,251.83,300.0,0,0.0,0.0,,0.0,1,11.05,12.97,SPY200515C00257000,257.0,normalDay
2020-04-03,2758.0,-5032.0,0.0,100,248.19,300.0,0,0.0,0.0,,0.0,1,11.05,9.56,SPY200515C00257000,257.0,normalDay
2020-04-06,2758.0,-4280.0,0.0,100,264.86,300.0,0,0.0,0.0,,0.0,1,11.05,18.71,SPY200515C00257000,257.0,normalDay
2020-04-07,2758.0,-4237.0,0.0,100,265.13,300.0,0,0.0,0.0,,0.0,1,11.05,18.55,SPY200515C00257000,257.0,normalDay
2020-04-08,2758.0,-3990.0,0.0,100,274.03,300.0,0,0.0,0.0,,0.0,1,11.05,24.98,SPY200515C00257000,257.0,normalDay
2020-04-09,2758.0,-3879.0,0.0,100,278.2,300.0,0,0.0,0.0,,0.0,1,11.05,28.04,SPY200515C00257000,257.0,normalDay
2020-04-13,2758.0,-3848.0,0.0,100,275.66,300.0,0,0.0,0.0,,0.0,1,11.05,25.19,SPY200515C00257000,257.0,normalDay
2020-04-14,2758.0,-3634.0,0.0,100,283.79,300.0,0,0.0,0.0,,0.0,1,11.05,31.18,SPY200515C00257000,257.0,normalDay
2020-04-15,2758.0,-3749.0,0.0,100,277.76,300.0,0,0.0,0.0,,0.0,1,11.05,26.3,SPY200515C00257000,257.0,normalDay
2020-04-16,2758.0,-3711.0,0.0,100,279.1,300.0,0,0.0,0.0,,0.0,1,11.05,27.26,SPY200515C00257000,257.0,normalDay
2020-04-17,2758.0,-3566.0,0.0,100,286.64,300.0,0,0.0,0.0,,0.0,1,11.05,33.35,SPY200515C00257000,257.0,normalDay
2020-04-20,2758.0,-3668.0,0.0,100,281.59,300.0,0,0.0,0.0,,0.0,1,11.05,29.32,SPY200515C00257000,257.0,normalDay
2020-04-21,2758.0,-3865.0,0.0,100,273.04,300.0,0,0.0,0.0,,0.0,1,11.05,22.74,SPY200515C00257000,257.0,normalDay
2020-04-22,2758.0,-3606.0,0.0,100,279.1,300.0,0,0.0,0.0,,0.0,1,11.05,26.21,SPY200515C00257000,257.0,normalDay
2020-04-23,2758.0,-3570.0,0.0,100,279.08,300.0,0,0.0,0.0,,0.0,1,11.05,25.83,SPY200515C00257000,257.0,normalDay
2020-04-24,2758.0,-3425.0,0.0,100,282.97,300.0,0,0.0,0.0,,0.0,1,11.05,28.27,SPY200515C00257000,257.0,normalDay
2020-04-27,2758.0,-3343.0,0.0,100,287.05,300.0,0,0.0,0.0,,0.0,1,11.05,31.53,SPY200515C00257000,257.0,normalDay
2020-04-28,2758.0,-3388.0,0.0,100,285.73,300.0,0,0.0,0.0,,0.0,1,11.05,30.66,SPY200515C00257000,257.0,normalDay
2020-04-29,2758.0,-3289.0,0.0,100,293.21,300.0,0,0.0,0.0,,0.0,1,11.05,37.15,SPY200515C00257000,257.0,normalDay
2020-04-30,2758.0,-3216.0,0.0,100,290.48,300.0,0,0.0,0.0,,0.0,1,11.05,33.69,SPY200515C00257000,257.0,normalDay
2020-05-01,2758.0,-3341.0,0.0,100,282.79,300.0,0,0.0,0.0,,0.0,1,11.05,27.25,SPY200515C00257000,257.0,normalDay
2020-05-04,2758.0,-3244.0,0.0,100,283.57,300.0,0,0.0,0.0,,0.0,1,11.05,27.06,SPY200515C00257000,257.0,normalDay
2020-05-05,2758.0,-3243.0,0.0,100,286.19,300.0,0,0.0,0.0,,0.0,1,11.05,29.67,SPY200515C00257000,257.0,normalDay
2020-05-06,2758.0,-3219.0,0.0,100,284.25,300.0,0,0.0,0.0,,0.0,1,11.05,27.49,SPY200515C00257000,257.0,normalDay
2020-05-07,2758.0,-3260.0,0.0,100,287.68,300.0,0,0.0,0.0,,0.0,1,11.05,31.33,SPY200515C00257000,257.0,normalDay
2020-05-08,2758.0,-3252.0,0.0,100,292.44,300.0,0,0.0,0.0,,0.0,1,11.05,36.01,SPY200515C00257000,257.0,normalDay
2020-05-11,2758.0,-3168.0,0.0,100,292.5,300.0,0,0.0,0.0,,0.0,1,11.05,35.23,SPY200515C00257000,257.0,normalDay
2020-05-12,2758.0,-3134.0,0.0,100,286.67,300.0,0,0.0,0.0,,0.0,1,11.05,29.06,SPY200515C00257000,257.0,normalDay
2020-05-13,2758.0,-3275.0,0.0,100,281.6,300.0,0,0.0,0.0,,0.0,1,11.05,25.4,SPY200515C00257000,257.0,normalDay
2020-05-14,2758.0,-3248.0,0.0,100,284.97,300.0,0,0.0,0.0,,0.0,1,11.05,28.5,SPY200515C00257000,257.0,normalDay
2020-05-15,-437.0,-3248.0,-3195.0,0,286.28,0.0,0,0.0,0.0,,0.0,1,11.05,0.0,SPY200515C00257000,257.0,expirationDay
2020-05-18,-437.0,-39.0,0.0,0,295.0,0.0,1,13.61,14.0,SPY200930P00278000,278.0,0,0.0,0.0,,0.0,normalDay
2020-05-19,-437.0,-141.0,0.0,0,291.97,0.0,1,13.61,15.02,SPY200930P00278000,278.0,0,0.0,0.0,,0.0,normalDay
2020-05-20,-437.0,81.0,0.0,0,296.93,0.0,1,13.61,12.8,SPY200930P00278000,278.0,0,0.0,0.0,,0.0,normalDay
2020-05-21,-437.0,-40.0,0.0,0,294.88,0.0,1,13.61,14.01,SPY200930P00278000,278.0,0,0.0,0.0,,0.0,normalDay
2020-05-22,-437.0,4.0,0.0,0,295.44,0.0,1,13.61,13.57,SPY200930P00278000,278.0,0,0.0,0.0,,0.0,normalDay
2020-05-26,-437.0,159.0,0.0,0,299.08,0.0,1,13.61,12.02,SPY200930P00278000,278.0,0,0.0,0.0,,0.0,normalDay
2020-05-27,-437.0,300.0,0.0,0,303.53,0.0,1,13.61,10.61,SPY200930P00278000,278.0,0,0.0,0.0,,0.0,normalDay
2020-05-28,-437.0,279.0,0.0,0,302.97,0.0,1,13.61,10.82,SPY200930P00278000,278.0,0,0.0,0.0,,0.0,normalDay
2020-05-29,-437.0,336.0,0.0,0,304.32,0.0,1,13.61,10.25,SPY200930P00278000,278.0,0,0.0,0.0,,0.0,normalDay
2020-06-01,-437.0,333.0,0.0,0,305.55,0.0,1,13.61,10.28,SPY200930P00278000,278.0,0,0.0,0.0,,0.0,normalDay
2020-06-02,-437.0,424.0,0.0,0,308.08,0.0,1,13.61,9.37,SPY200930P00278000,278.0,0,0.0,0.0,,0.0,normalDay
2020-06-03,-437.0,534.0,0.0,0,312.18,0.0,1,13.61,8.27,SPY200930P00278000,278.0,0,0.0,0.0,,0.0,normalDay
2020-06-04,-437.0,535.0,0.0,0,311.36,0.0,1,13.61,8.26,SPY200930P00278000,278.0,0,0.0,0.0,,0.0,normalDay
2020-06-05,-437.0,712.0,0.0,0,319.34,0.0,1,13.61,6.49,SPY200930P00278000,278.0,0,0.0,0.0,,0.0,normalDay
2020-06-08,-437.0,752.0,0.0,0,323.2,0.0,1,13.61,6.09,SPY200930P00278000,278.0,0,0.0,0.0,,0.0,normalDay
2020-06-09,-437.0,671.0,0.0,0,320.79,0.0,1,13.61,6.9,SPY200930P00278000,278.0,0,0.0,0.0,,0.0,normalDay
2020-06-10,-437.0,624.0,0.0,0,319.0,0.0,1,13.61,7.37,SPY200930P00278000,278.0,0,0.0,0.0,,0.0,normalDay
2020-06-11,-437.0,-120.0,0.0,0,300.61,0.0,1,13.61,14.81,SPY200930P00278000,278.0,0,0.0,0.0,,0.0,normalDay
2020-06-12,-437.0,69.0,0.0,0,304.21,0.0,1,13.61,12.92,SPY200930P00278000,278.0,0,0.0,0.0,,0.0,normalDay
2020-06-15,-437.0,228.0,0.0,0,307.05,0.0,1,13.61,11.33,SPY200930P00278000,278.0,0,0.0,0.0,,0.0,normalDay
2020-06-16,-437.0,372.0,0.0,0,312.96,0.0,1,13.61,9.89,SPY200930P00278000,278.0,0,0.0,0.0,,0.0,normalDay
2020-06-17,-437.0,370.0,0.0,0,311.66,0.0,1,13.61,9.91,SPY200930P00278000,278.0,0,0.0,0.0,,0.0,normalDay
2020-06-18,-437.0,388.0,0.0,0,311.78,0.0,1,13.61,9.73,SPY200930P00278000,278.0,0,0.0,0.0,,0.0,normalDay
2020-06-19,-437.0,288.0,0.0,0,308.64,0.0,1,13.61,10.73,SPY200930P00278000,278.0,0,0.0,0.0,,0.0,normalDay
2020-06-22,-437.0,473.0,0.0,0,310.62,0.0,1,13.61,8.88,SPY200930P00278000,278.0,0,0.0,0.0,,0.0,normalDay
2020-06-23,-437.0,513.0,0.0,0,312.05,0.0,1,13.61,8.48,SPY200930P00278000,278.0,0,0.0,0.0,,0.0,normalDay
2020-06-24,-437.0,313.0,0.0,0,304.09,0.0,1,13.61,10.48,SPY200930P00278000,278.0,0,0.0,0.0,,0.0,normalDay
2020-06-25,-437.0,455.0,0.0,0,307.35,0.0,1,13.61,9.06,SPY200930P00278000,278.0,0,0.0,0.0,,0.0,normalDay
2020-06-26,-437.0,258.0,0.0,0,300.05,0.0,1,13.61,11.03,SPY200930P00278000,278.0,0,0.0,0.0,,0.0,normalDay
2020-06-29,-437.0,431.0,0.0,0,304.46,0.0,1,13.61,9.3,SPY200930P00278000,278.0,0,0.0,0.0,,0.0,normalDay
2020-06-30,-437.0,565.0,0.0,0,308.36,0.0,1,13.61,7.96,SPY200930P00278000,278.0,0,0.0,0.0,,0.0,normalDay
2020-07-01,-437.0,641.0,0.0,0,310.52,0.0,1,13.61,7.2,SPY200930P00278000,278.0,0,0.0,0.0,,0.0,normalDay
2020-07-02,-437.0,703.0,0.0,0,312.23,0.0,1,13.61,6.58,SPY200930P00278000,278.0,0,0.0,0.0,,0.0,normalDay
2020-07-06,-437.0,786.0,0.0,0,317.05,0.0,1,13.61,5.75,SPY200930P00278000,278.0,0,0.0,0.0,,0.0,normalDay
2020-07-07,-437.0,711.0,0.0,0,313.78,0.0,1,13.61,6.5,SPY200930P00278000,278.0,0,0.0,0.0,,0.0,normalDay
2020-07-08,-437.0,782.0,0.0,0,316.18,0.0,1,13.61,5.79,SPY200930P00278000,278.0,0,0.0,0.0,,0.0,normalDay
2020-07-09,-437.0,729.0,0.0,0,314.38,0.0,1,13.61,6.32,SPY200930P00278000,278.0,0,0.0,0.0,,0.0,normalDay
2020-07-10,-437.0,817.0,0.0,0,317.59,0.0,1,13.61,5.44,SPY200930P00278000,278.0,0,0.0,0.0,,0.0,normalDay
2020-07-13,-437.0,672.0,0.0,0,314.84,0.0,1,13.61,6.89,SPY200930P00278000,278.0,0,0.0,0.0,,0.0,normalDay
2020-07-14,-437.0,811.0,0.0,0,318.92,0.0,1,13.61,5.5,SPY200930P00278000,278.0,0,0.0,0.0,,0.0,normalDay
2020-07-15,-437.0,884.0,0.0,0,321.85,0.0,1,13.61,4.77,SPY200930P00278000,278.0,0,0.0,0.0,,0.0,normalDay
2020-07-16,-437.0,870.0,0.0,0,320.79,0.0,1,13.61,4.91,SPY200930P00278000,278.0,0,0.0,0.0,,0.0,normalDay
2020-07-17,-437.0,957.0,0.0,0,321.72,0.0,1,13.61,4.04,SPY200930P00278000,278.0,0,0.0,0.0,,0.0,normalDay
2020-07-20,-437.0,1024.0,0.0,0,324.32,0.0,1,13.61,3.37,SPY200930P00278000,278.0,0,0.0,0.0,,0.0,normalDay
2020-07-21,-437.0,1029.0,0.0,0,325.01,0.0,1,13.61,3.32,SPY200930P00278000,278.0,0,0.0,0.0,,0.0,normalDay
2020-07-22,-437.0,1054.0,0.0,0,326.86,0.0,1,13.61,3.07,SPY200930P00278000,278.0,0,0.0,0.0,,0.0,normalDay
2020-07-23,-437.0,989.0,0.0,0,322.96,0.0,1,13.61,3.72,SPY200930P00278000,278.0,0,0.0,0.0,,0.0,normalDay
2020-07-24,-437.0,993.0,0.0,0,320.88,0.0,1,13.61,3.68,SPY200930P00278000,278.0,0,0.0,0.0,,0.0,normalDay
2020-07-27,-437.0,1048.0,0.0,0,323.22,0.0,1,13.61,3.13,SPY200930P00278000,278.0,0,0.0,0.0,,0.0,normalDay
2020-07-28,-437.0,1028.0,0.0,0,321.17,0.0,1,13.61,3.33,SPY200930P00278000,278.0,0,0.0,0.0,,0.0,normalDay
2020-07-29,-437.0,1087.0,0.0,0,325.12,0.0,1,13.61,2.74,SPY200930P00278000,278.0,0,0.0,0.0,,0.0,normalDay
2020-07-30,-437.0,1068.0,0.0,0,323.96,0.0,1,13.61,2.93,SPY200930P00278000,278.0,0,0.0,0.0,,0.0,normalDay
2020-07-31,-437.0,1110.0,0.0,0,326.52,0.0,1,13.61,2.51,SPY200930P00278000,278.0,0,0.0,0.0,,0.0,normalDay
2020-08-03,-437.0,1137.0,0.0,0,328.79,0.0,1,13.61,2.24,SPY200930P00278000,278.0,0,0.0,0.0,,0.0,normalDay
2020-08-04,-437.0,1162.0,0.0,0,330.06,0.0,1,13.61,1.99,SPY200930P00278000,278.0,0,0.0,0.0,,0.0,normalDay
2020-08-05,-437.0,1184.0,0.0,0,332.11,0.0,1,13.61,1.77,SPY200930P00278000,278.0,0,0.0,0.0,,0.0,normalDay
2020-08-06,-437.0,1199.0,0.0,0,334.33,0.0,1,13.61,1.62,SPY200930P00278000,278.0,0,0.0,0.0,,0.0,normalDay
2020-08-07,-437.0,1206.0,0.0,0,334.57,0.0,1,13.61,1.55,SPY200930P00278000,278.0,0,0.0,0.0,,0.0,normalDay
2020-08-10,-437.0,1223.0,0.0,0,335.57,0.0,1,13.61,1.38,SPY200930P00278000,278.0,0,0.0,0.0,,0.0,normalDay
2020-08-11,-437.0,1189.0,0.0,0,332.8,0.0,1,13.61,1.72,SPY200930P00278000,278.0,0,0.0,0.0,,0.0,normalDay
2020-08-12,-437.0,1234.0,0.0,0,337.44,0.0,1,13.61,1.27,SPY200930P00278000,278.0,0,0.0,0.0,,0.0,normalDay
2020-08-13,-437.0,1234.0,0.0,0,336.83,0.0,1,13.61,1.27,SPY200930P00278000,278.0,0,0.0,0.0,,0.0,normalDay
2020-08-14,-437.0,1242.0,0.0,0,336.84,0.0,1,13.61,1.19,SPY200930P00278000,278.0,0,0.0,0.0,,0.0,normalDay
2020-08-17,-437.0,1263.0,0.0,0,337.91,0.0,1,13.61,0.98,SPY200930P00278000,278.0,0,0.0,0.0,,0.0,normalDay
2020-08-18,-437.0,1269.0,0.0,0,338.64,0.0,1,13.61,0.92,SPY200930P00278000,278.0,0,0.0,0.0,,0.0,normalDay
2020-08-19,-437.0,1259.0,0.0,0,337.23,0.0,1,13.61,1.02,SPY200930P00278000,278.0,0,0.0,0.0,,0.0,normalDay
2020-08-20,-437.0,1263.0,0.0,0,338.28,0.0,1,13.61,0.98,SPY200930P00278000,278.0,0,0.0,0.0,,0.0,normalDay
2020-08-21,-437.0,1272.0,0.0,0,339.48,0.0,1,13.61,0.89,SPY200930P00278000,278.0,0,0.0,0.0,,0.0,normalDay
2020-08-24,-437.0,1288.0,0.0,0,342.92,0.0,1,13.61,0.73,SPY200930P00278000,278.0,0,0.0,0.0,,0.0,normalDay
2020-08-25,-437.0,1297.0,0.0,0,344.12,0.0,1,13.61,0.64,SPY200930P00278000,278.0,0,0.0,0.0,,0.0,normalDay
2020-08-26,-437.0,1297.0,0.0,0,347.57,0.0,1,13.61,0.64,SPY200930P00278000,278.0,0,0.0,0.0,,0.0,normalDay
2020-08-27,-437.0,1293.0,0.0,0,348.33,0.0,1,13.61,0.68,SPY200930P00278000,278.0,0,0.0,0.0,,0.0,normalDay
2020-08-28,-437.0,1309.0,0.0,0,350.58,0.0,1,13.61,0.52,SPY200930P00278000,278.0,0,0.0,0.0,,0.0,normalDay
2020-08-31,-437.0,1296.0,0.0,0,349.31,0.0,1,13.61,0.65,SPY200930P00278000,278.0,0,0.0,0.0,,0.0,normalDay
2020-09-01,-437.0,1303.0,0.0,0,352.6,0.0,1,13.61,0.58,SPY200930P00278000,278.0,0,0.0,0.0,,0.0,normalDay
2020-09-02,-437.0,1314.0,0.0,0,357.7,0.0,1,13.61,0.47,SPY200930P00278000,278.0,0,0.0,0.0,,0.0,normalDay
2020-09-03,-437.0,1261.0,0.0,0,345.39,0.0,1,13.61,1.0,SPY200930P00278000,278.0,0,0.0,0.0,,0.0,normalDay
2020-09-04,-437.0,1276.0,0.0,0,342.57,0.0,1,13.61,0.85,SPY200930P00278000,278.0,0,0.0,0.0,,0.0,normalDay
2020-09-08,-437.0,1275.0,0.0,0,333.21,0.0,1,13.61,0.86,SPY200930P00278000,278.0,0,0.0,0.0,,0.0,normalDay
2020-09-09,-437.0,1310.0,0.0,0,339.79,0.0,1,13.61,0.51,SPY200930P00278000,278.0,0,0.0,0.0,,0.0,normalDay
2020-09-10,-437.0,1299.0,0.0,0,333.89,0.0,1,13.61,0.62,SPY200930P00278000,278.0,0,0.0,0.0,,0.0,normalDay
2020-09-11,-437.0,1328.0,0.0,0,334.06,0.0,1,13.61,0.33,SPY200930P00278000,278.0,0,0.0,0.0,,0.0,normalDay
2020-09-14,-437.0,1343.0,0.0,0,338.46,0.0,1,13.61,0.18,SPY200930P00278000,278.0,0,0.0,0.0,,0.0,normalDay
2020-09-15,-437.0,1346.0,0.0,0,340.17,0.0,1,13.61,0.15,SPY200930P00278000,278.0,0,0.0,0.0,,0.0,normalDay
2020-09-16,-437.0,1345.0,0.0,0,338.82,0.0,1,13.61,0.16,SPY200930P00278000,278.0,0,0.0,0.0,,0.0,normalDay
2020-09-17,-437.0,1345.0,0.0,0,335.84,0.0,1,13.61,0.16,SPY200930P00278000,278.0,0,0.0,0.0,,0.0,normalDay
2020-09-18,-437.0,1347.0,0.0,0,330.65,0.0,1,13.61,0.14,SPY200930P00278000,278.0,0,0.0,0.0,,0.0,normalDay
2020-09-21,-437.0,1351.0,0.0,0,326.97,0.0,1,13.61,0.1,SPY200930P00278000,278.0,0,0.0,0.0,,0.0,normalDay
2020-09-22,-437.0,1356.0,0.0,0,330.3,0.0,1,13.61,0.05,SPY200930P00278000,278.0,0,0.0,0.0,,0.0,normalDay
2020-09-23,-437.0,1354.0,0.0,0,322.64,0.0,1,13.61,0.07,SPY200930P00278000,278.0,0,0.0,0.0,,0.0,normalDay
2020-09-24,-437.0,1356.0,0.0,0,323.5,0.0,1,13.61,0.05,SPY200930P00278000,278.0,0,0.0,0.0,,0.0,normalDay
2020-09-25,-437.0,1359.0,0.0,0,328.73,0.0,1,13.61,0.02,SPY200930P00278000,278.0,0,0.0,0.0,,0.0,normalDay
2020-09-28,-437.0,1360.0,0.0,0,334.19,0.0,1,13.61,0.01,SPY200930P00278000,278.0,0,0.0,0.0,,0.0,normalDay
2020-09-29,-437.0,1360.0,0.0,0,332.37,0.0,1,13.61,0.01,SPY200930P00278000,278.0,0,0.0,0.0,,0.0,normalDay
2020-09-30,924.0,0.0,1361.0,0,334.89,0.0,1,13.61,0.0,SPY200930P00278000,278.0,0,0.0,0.0,,0.0,expirationDay
2020-10-01,924.0,-11.0,0.0,0,337.04,0.0,1,17.95,18.06,SPY210219P00325000,325.0,0,0.0,0.0,,0.0,normalDay
2020-10-02,924.0,-139.0,0.0,0,333.84,0.0,1,17.95,19.34,SPY210219P00325000,325.0,0,0.0,0.0,,0.0,normalDay
2020-10-05,924.0,105.0,0.0,0,339.76,0.0,1,17.95,16.9,SPY210219P00325000,325.0,0,0.0,0.0,,0.0,normalDay
2020-10-06,924.0,-44.0,0.0,0,334.93,0.0,1,17.95,18.39,SPY210219P00325000,325.0,0,0.0,0.0,,0.0,normalDay
2020-10-07,924.0,207.0,0.0,0,340.76,0.0,1,17.95,15.88,SPY210219P00325000,325.0,0,0.0,0.0,,0.0,normalDay
2020-10-08,924.0,356.0,0.0,0,343.78,0.0,1,17.95,14.39,SPY210219P00325000,325.0,0,0.0,0.0,,0.0,normalDay
2020-10-09,924.0,533.0,0.0,0,346.85,0.0,1,17.95,12.62,SPY210219P00325000,325.0,0,0.0,0.0,,0.0,normalDay
2020-10-12,924.0,690.0,0.0,0,352.43,0.0,1,17.95,11.05,SPY210219P00325000,325.0,0,0.0,0.0,,0.0,normalDay
2020-10-13,924.0,624.0,0.0,0,350.13,0.0,1,17.95,11.71,SPY210219P00325000,325.0,0,0.0,0.0,,0.0,normalDay
2020-10-14,924.0,587.0,0.0,0,347.93,0.0,1,17.95,12.08,SPY210219P00325000,325.0,0,0.0,0.0,,0.0,normalDay
2020-10-15,924.0,572.0,0.0,0,347.5,0.0,1,17.95,12.23,SPY210219P00325000,325.0,0,0.0,0.0,,0.0,normalDay
2020-10-16,924.0,528.0,0.0,0,347.29,0.0,1,17.95,12.67,SPY210219P00325000,325.0,0,0.0,0.0,,0.0,normalDay
2020-10-19,924.0,370.0,0.0,0,342.01,0.0,1,17.95,14.25,SPY210219P00325000,325.0,0,0.0,0.0,,0.0,normalDay
2020-10-20,924.0,394.0,0.0,0,343.38,0.0,1,17.95,14.01,SPY210219P00325000,325.0,0,0.0,0.0,,0.0,normalDay
2020-10-21,924.0,449.0,0.0,0,342.73,0.0,1,17.95,13.46,SPY210219P00325000,325.0,0,0.0,0.0,,0.0,normalDay
2020-10-22,924.0,503.0,0.0,0,344.61,0.0,1,17.95,12.92,SPY210219P00325000,325.0,0,0.0,0.0,,0.0,normalDay
2020-10-23,924.0,547.0,0.0,0,345.78,0.0,1,17.95,12.48,SPY210219P00325000,325.0,0,0.0,0.0,,0.0,normalDay
2020-10-26,924.0,286.0,0.0,0,339.39,0.0,1,17.95,15.09,SPY210219P00325000,325.0,0,0.0,0.0,,0.0,normalDay
2020-10-27,924.0,249.0,0.0,0,338.22,0.0,1,17.95,15.46,SPY210219P00325000,325.0,0,0.0,0.0,,0.0,normalDay
2020-10-28,924.0,-393.0,0.0,0,326.66,0.0,1,17.95,21.88,SPY210219P00325000,325.0,0,0.0,0.0,,0.0,normalDay
2020-10-29,924.0,-107.0,0.0,0,329.98,0.0,1,17.95,19.02,SPY210219P00325000,325.0,0,0.0,0.0,,0.0,normalDay
2020-10-30,924.0,-265.0,0.0,0,326.54,0.0,1,17.95,20.6,SPY210219P00325000,325.0,0,0.0,0.0,,0.0,normalDay
2020-11-02,924.0,-36.0,0.0,0,330.2,0.0,1,17.95,18.31,SPY210219P00325000,325.0,0,0.0,0.0,,0.0,normalDay
2020-11-03,924.0,204.0,0.0,0,336.03,0.0,1,17.95,15.91,SPY210219P00325000,325.0,0,0.0,0.0,,0.0,normalDay
2020-11-04,924.0,588.0,0.0,0,343.54,0.0,1,17.95,12.07,SPY210219P00325000,325.0,0,0.0,0.0,,0.0,normalDay
2020-11-05,924.0,754.0,0.0,0,350.24,0.0,1,17.95,10.41,SPY210219P00325000,325.0,0,0.0,0.0,,0.0,normalDay
2020-11-06,924.0,824.0,0.0,0,350.16,0.0,1,17.95,9.71,SPY210219P00325000,325.0,0,0.0,0.0,,0.0,normalDay
2020-11-09,924.0,979.0,0.0,0,354.56,0.0,1,17.95,8.16,SPY210219P00325000,325.0,0,0.0,0.0,,0.0,normalDay
2020-11-10,924.0,992.0,0.0,0,354.04,0.0,1,17.95,8.03,SPY210219P00325000,325.0,0,0.0,0.0,,0.0,normalDay
2020-11-11,924.0,1081.0,0.0,0,356.67,0.0,1,17.95,7.14,SPY210219P00325000,325.0,0,0.0,0.0,,0.0,normalDay
2020-11-12,924.0,959.0,0.0,0,353.21,0.0,1,17.95,8.36,SPY210219P00325000,325.0,0,0.0,0.0,,0.0,normalDay
2020-11-13,924.0,1094.0,0.0,0,358.1,0.0,1,17.95,7.01,SPY210219P00325000,325.0,0,0.0,0.0,,0.0,normalDay
2020-11-16,924.0,1186.0,0.0,0,362.57,0.0,1,17.95,6.09,SPY210219P00325000,325.0,0,0.0,0.0,,0.0,normalDay
2020-11-17,924.0,1170.0,0.0,0,360.62,0.0,1,17.95,6.25,SPY210219P00325000,325.0,0,0.0,0.0,,0.0,normalDay
2020-11-18,924.0,1085.0,0.0,0,356.28,0.0,1,17.95,7.1,SPY210219P00325000,325.0,0,0.0,0.0,,0.0,normalDay
2020-11-19,924.0,1142.0,0.0,0,357.78,0.0,1,17.95,6.53,SPY210219P00325000,325.0,0,0.0,0.0,,0.0,normalDay
2020-11-20,924.0,1089.0,0.0,0,355.33,0.0,1,17.95,7.06,SPY210219P00325000,325.0,0,0.0,0.0,,0.0,normalDay
2020-11-23,924.0,1169.0,0.0,0,357.46,0.0,1,17.95,6.26,SPY210219P00325000,325.0,0,0.0,0.0,,0.0,normalDay
2020-11-24,924.0,1278.0,0.0,0,363.22,0.0,1,17.95,5.17,SPY210219P00325000,325.0,0,0.0,0.0,,0.0,normalDay
2020-11-25,924.0,1294.0,0.0,0,362.66,0.0,1,17.95,5.01,SPY210219P00325000,325.0,0,0.0,0.0,,0.0,normalDay
2020-11-27,924.0,1320.0,0.0,0,363.67,0.0,1,17.95,4.75,SPY210219P00325000,325.0,0,0.0,0.0,,0.0,normalDay
2020-11-30,924.0,1337.0,0.0,0,362.06,0.0,1,17.95,4.58,SPY210219P00325000,325.0,0,0.0,0.0,,0.0,normalDay
2020-12-01,924.0,1371.0,0.0,0,366.02,0.0,1,17.95,4.24,SPY210219P00325000,325.0,0,0.0,0.0,,0.0,normalDay
2020-12-02,924.0,1388.0,0.0,0,366.79,0.0,1,17.95,4.07,SPY210219P00325000,325.0,0,0.0,0.0,,0.0,normalDay
2020-12-03,924.0,1384.0,0.0,0,366.69,0.0,1,17.95,4.11,SPY210219P00325000,325.0,0,0.0,0.0,,0.0,normalDay
2020-12-04,924.0,1435.0,0.0,0,369.85,0.0,1,17.95,3.6,SPY210219P00325000,325.0,0,0.0,0.0,,0.0,normalDay
2020-12-07,924.0,1431.0,0.0,0,369.09,0.0,1,17.95,3.64,SPY210219P00325000,325.0,0,0.0,0.0,,0.0,normalDay
2020-12-08,924.0,1475.0,0.0,0,370.17,0.0,1,17.95,3.2,SPY210219P00325000,325.0,0,0.0,0.0,,0.0,normalDay
2020-12-09,924.0,1416.0,0.0,0,366.85,0.0,1,17.95,3.79,SPY210219P00325000,325.0,0,0.0,0.0,,0.0,normalDay
2020-12-10,924.0,1419.0,0.0,0,366.73,0.0,1,17.95,3.76,SPY210219P00325000,325.0,0,0.0,0.0,,0.0,normalDay
2020-12-11,924.0,1392.0,0.0,0,366.3,0.0,1,17.95,4.03,SPY210219P00325000,325.0,0,0.0,0.0,,0.0,normalDay
2020-12-14,924.0,1366.0,0.0,0,364.66,0.0,1,17.95,4.29,SPY210219P00325000,325.0,0,0.0,0.0,,0.0,normalDay
2020-12-15,924.0,1441.0,0.0,0,369.59,0.0,1,17.95,3.54,SPY210219P00325000,325.0,0,0.0,0.0,,0.0,normalDay
2020-12-16,924.0,1476.0,0.0,0,370.17,0.0,1,17.95,3.19,SPY210219P00325000,325.0,0,0.0,0.0,,0.0,normalDay
2020-12-17,924.0,1516.0,0.0,0,372.24,0.0,1,17.95,2.79,SPY210219P00325000,325.0,0,0.0,0.0,,0.0,normalDay
2020-12-18,924.0,1514.0,0.0,0,369.18,0.0,1,17.95,2.81,SPY210219P00325000,325.0,0,0.0,0.0,,0.0,normalDay
2020-12-21,924.0,1440.0,0.0,0,367.86,0.0,1,17.95,3.55,SPY210219P00325000,325.0,0,0.0,0.0,,0.0,normalDay
2020-12-22,924.0,1463.0,0.0,0,367.24,0.0,1,17.95,3.32,SPY210219P00325000,325.0,0,0.0,0.0,,0.0,normalDay
2020-12-23,924.0,1496.0,0.0,0,367.57,0.0,1,17.95,2.99,SPY210219P00325000,325.0,0,0.0,0.0,,0.0,normalDay
2020-12-24,924.0,1544.0,0.0,0,369.0,0.0,1,17.95,2.51,SPY210219P00325000,325.0,0,0.0,0.0,,0.0,normalDay
2020-12-28,924.0,1586.0,0.0,0,372.17,0.0,1,17.95,2.09,SPY210219P00325000,325.0,0,0.0,0.0,,0.0,normalDay
2020-12-29,924.0,1559.0,0.0,0,371.46,0.0,1,17.95,2.36,SPY210219P00325000,325.0,0,0.0,0.0,,0.0,normalDay
2020-12-30,924.0,1589.0,0.0,0,371.99,0.0,1,17.95,2.06,SPY210219P00325000,325.0,0,0.0,0.0,,0.0,normalDay
2020-12-31,924.0,1608.0,0.0,0,373.88,0.0,1,17.95,1.87,SPY210219P00325000,325.0,0,0.0,0.0,,0.0,normalDay
2021-01-04,924.0,1539.0,0.0,0,368.79,0.0,1,17.95,2.56,SPY210219P00325000,325.0,0,0.0,0.0,,0.0,normalDay
2021-01-05,924.0,1580.0,0.0,0,371.33,0.0,1,17.95,2.15,SPY210219P00325000,325.0,0,0.0,0.0,,0.0,normalDay
2021-01-06,924.0,1594.0,0.0,0,373.55,0.0,1,17.95,2.01,SPY210219P00325000,325.0,0,0.0,0.0,,0.0,normalDay
2021-01-07,924.0,1668.0,0.0,0,379.1,0.0,1,17.95,1.27,SPY210219P00325000,325.0,0,0.0,0.0,,0.0,normalDay
2021-01-08,924.0,1682.0,0.0,0,381.26,0.0,1,17.95,1.13,SPY210219P00325000,325.0,0,0.0,0.0,,0.0,normalDay
2021-01-11,924.0,1658.0,0.0,0,378.69,0.0,1,17.95,1.37,SPY210219P00325000,325.0,0,0.0,0.0,,0.0,normalDay
2021-01-12,924.0,1673.0,0.0,0,378.77,0.0,1,17.95,1.22,SPY210219P00325000,325.0,0,0.0,0.0,,0.0,normalDay
2021-01-13,924.0,1691.0,0.0,0,379.79,0.0,1,17.95,1.04,SPY210219P00325000,325.0,0,0.0,0.0,,0.0,normalDay
2021-01-14,924.0,1679.0,0.0,0,378.46,0.0,1,17.95,1.16,SPY210219P00325000,325.0,0,0.0,0.0,,0.0,normalDay
2021-01-15,924.0,1658.0,0.0,0,375.7,0.0,1,17.95,1.37,SPY210219P00325000,325.0,0,0.0,0.0,,0.0,normalDay
2021-01-19,924.0,1698.0,0.0,0,378.65,0.0,1,17.95,0.97,SPY210219P00325000,325.0,0,0.0,0.0,,0.0,normalDay
2021-01-20,924.0,1726.0,0.0,0,383.89,0.0,1,17.95,0.69,SPY210219P00325000,325.0,0,0.0,0.0,,0.0,normalDay
2021-01-21,924.0,1735.0,0.0,0,384.24,0.0,1,17.95,0.6,SPY210219P00325000,325.0,0,0.0,0.0,,0.0,normalDay
2021-01-22,924.0,1732.0,0.0,0,382.88,0.0,1,17.95,0.63,SPY210219P00325000,325.0,0,0.0,0.0,,0.0,normalDay
2021-01-25,924.0,1738.0,0.0,0,384.39,0.0,1,17.95,0.57,SPY210219P00325000,325.0,0,0.0,0.0,,0.0,normalDay
2021-01-26,924.0,1745.0,0.0,0,383.79,0.0,1,17.95,0.5,SPY210219P00325000,325.0,0,0.0,0.0,,0.0,normalDay
2021-01-27,924.0,1631.0,0.0,0,374.41,0.0,1,17.95,1.64,SPY210219P00325000,325.0,0,0.0,0.0,,0.0,normalDay
2021-01-28,924.0,1682.0,0.0,0,377.63,0.0,1,17.95,1.13,SPY210219P00325000,325.0,0,0.0,0.0,,0.0,normalDay
2021-01-29,924.0,1607.0,0.0,0,370.07,0.0,1,17.95,1.88,SPY210219P00325000,325.0,0,0.0,0.0,,0.0,normalDay
2021-02-01,924.0,1712.0,0.0,0,376.23,0.0,1,17.95,0.83,SPY210219P00325000,325.0,0,0.0,0.0,,0.0,normalDay
2021-02-02,924.0,1755.0,0.0,0,381.55,0.0,1,17.95,0.4,SPY210219P00325000,325.0,0,0.0,0.0,,0.0,normalDay
2021-02-03,924.0,1771.0,0.0,0,381.85,0.0,1,17.95,0.24,SPY210219P00325000,325.0,0,0.0,0.0,,0.0,normalDay
2021-02-04,924.0,1780.0,0.0,0,386.19,0.0,1,17.95,0.15,SPY210219P00325000,325.0,0,0.0,0.0,,0.0,normalDay
2021-02-05,924.0,1785.0,0.0,0,387.71,0.0,1,17.95,0.1,SPY210219P00325000,325.0,0,0.0,0.0,,0.0,normalDay
2021-02-08,924.0,1788.0,0.0,0,390.51,0.0,1,17.95,0.07,SPY210219P00325000,325.0,0,0.0,0.0,,0.0,normalDay
2021-02-09,924.0,1788.0,0.0,0,390.25,0.0,1,17.95,0.07,SPY210219P00325000,325.0,0,0.0,0.0,,0.0,normalDay
2021-02-10,924.0,1787.0,0.0,0,390.08,0.0,1,17.95,0.08,SPY210219P00325000,325.0,0,0.0,0.0,,0.0,normalDay
2021-02-11,924.0,1790.0,0.0,0,390.71,0.0,1,17.95,0.05,SPY210219P00325000,325.0,0,0.0,0.0,,0.0,normalDay
2021-02-12,924.0,1792.0,0.0,0,392.64,0.0,1,17.95,0.03,SPY210219P00325000,325.0,0,0.0,0.0,,0.0,normalDay
2021-02-16,924.0,1792.0,0.0,0,392.3,0.0,1,17.95,0.03,SPY210219P00325000,325.0,0,0.0,0.0,,0.0,normalDay
2021-02-17,924.0,1794.0,0.0,0,392.39,0.0,1,17.95,0.01,SPY210219P00325000,325.0,0,0.0,0.0,,0.0,normalDay
2021-02-18,924.0,1794.0,0.0,0,390.72,0.0,1,17.95,0.01,SPY210219P00325000,325.0,0,0.0,0.0,,0.0,normalDay
2021-02-19,2719.0,0.0,1795.0,0,390.03,0.0,1,17.95,0.0,SPY210219P00325000,325.0,0,0.0,0.0,,0.0,expirationDay
2021-02-22,2719.0,-12.0,0.0,0,387.03,0.0,1,16.52,16.64,SPY210630P00376000,376.0,0,0.0,0.0,,0.0,normalDay
2021-02-23,2719.0,44.0,0.0,0,387.5,0.0,1,16.52,16.08,SPY210630P00376000,376.0,0,0.0,0.0,,0.0,normalDay
2021-02-24,2719.0,241.0,0.0,0,391.77,0.0,1,16.52,14.11,SPY210630P00376000,376.0,0,0.0,0.0,,0.0,normalDay
2021-02-25,2719.0,-228.0,0.0,0,382.33,0.0,1,16.52,18.8,SPY210630P00376000,376.0,0,0.0,0.0,,0.0,normalDay
2021-02-26,2719.0,-230.0,0.0,0,380.36,0.0,1,16.52,18.82,SPY210630P00376000,376.0,0,0.0,0.0,,0.0,normalDay
2021-03-01,2719.0,207.0,0.0,0,389.58,0.0,1,16.52,14.45,SPY210630P00376000,376.0,0,0.0,0.0,,0.0,normalDay
2021-03-02,2719.0,84.0,0.0,0,386.54,0.0,1,16.52,15.68,SPY210630P00376000,376.0,0,0.0,0.0,,0.0,normalDay
2021-03-03,2719.0,-133.0,0.0,0,381.42,0.0,1,16.52,17.85,SPY210630P00376000,376.0,0,0.0,0.0,,0.0,normalDay
2021-03-04,2719.0,-343.0,0.0,0,376.7,0.0,1,16.52,19.95,SPY210630P00376000,376.0,0,0.0,0.0,,0.0,normalDay
2021-03-05,2719.0,25.0,0.0,0,383.63,0.0,1,16.52,16.27,SPY210630P00376000,376.0,0,0.0,0.0,,0.0,normalDay
2021-03-08,2719.0,-20.0,0.0,0,381.72,0.0,1,16.52,16.72,SPY210630P00376000,376.0,0,0.0,0.0,,0.0,normalDay
2021-03-09,2719.0,183.0,0.0,0,387.17,0.0,1,16.52,14.69,SPY210630P00376000,376.0,0,0.0,0.0,,0.0,normalDay
2021-03-10,2719.0,305.0,0.0,0,389.58,0.0,1,16.52,13.47,SPY210630P00376000,376.0,0,0.0,0.0,,0.0,normalDay
2021-03-11,2719.0,427.0,0.0,0,393.53,0.0,1,16.52,12.25,SPY210630P00376000,376.0,0,0.0,0.0,,0.0,normalDay
2021-03-12,2719.0,486.0,0.0,0,394.06,0.0,1,16.52,11.66,SPY210630P00376000,376.0,0,0.0,0.0,,0.0,normalDay
2021-03-15,2719.0,605.0,0.0,0,396.41,0.0,1,16.52,10.47,SPY210630P00376000,376.0,0,0.0,0.0,,0.0,normalDay
2021-03-16,2719.0,592.0,0.0,0,395.91,0.0,1,16.52,10.6,SPY210630P00376000,376.0,0,0.0,0.0,,0.0,normalDay
2021-03-17,2719.0,672.0,0.0,0,397.26,0.0,1,16.52,9.8,SPY210630P00376000,376.0,0,0.0,0.0,,0.0,normalDay
2021-03-18,2719.0,494.0,0.0,0,391.48,0.0,1,16.52,11.58,SPY210630P00376000,376.0,0,0.0,0.0,,0.0,normalDay
2021-03-19,2719.0,480.0,0.0,0,389.48,0.0,1,16.52,11.72,SPY210630P00376000,376.0,0,0.0,0.0,,0.0,normalDay
2021-03-22,2719.0,699.0,0.0,0,392.59,0.0,1,16.52,9.53,SPY210630P00376000,376.0,0,0.0,0.0,,0.0,normalDay
2021-03-23,2719.0,588.0,0.0,0,389.5,0.0,1,16.52,10.64,SPY210630P00376000,376.0,0,0.0,0.0,,0.0,normalDay
2021-03-24,2719.0,517.0,0.0,0,387.52,0.0,1,16.52,11.35,SPY210630P00376000,376.0,0,0.0,0.0,,0.0,normalDay
2021-03-25,2719.0,636.0,0.0,0,389.7,0.0,1,16.52,10.16,SPY210630P00376000,376.0,0,0.0,0.0,,0.0,normalDay
2021-03-26,2719.0,826.0,0.0,0,395.98,0.0,1,16.52,8.26,SPY210630P00376000,376.0,0,0.0,0.0,,0.0,normalDay
2021-03-29,2719.0,800.0,0.0,0,395.78,0.0,1,16.52,8.52,SPY210630P00376000,376.0,0,0.0,0.0,,0.0,normalDay
2021-03-30,2719.0,818.0,0.0,0,394.73,0.0,1,16.52,8.34,SPY210630P00376000,376.0,0,0.0,0.0,,0.0,normalDay
2021-03-31,2719.0,870.0,0.0,0,396.33,0.0,1,16.52,7.82,SPY210630P00376000,376.0,0,0.0,0.0,,0.0,normalDay
2021-04-01,2719.0,1018.0,0.0,0,400.61,0.0,1,16.52,6.34,SPY210630P00376000,376.0,0,0.0,0.0,,0.0,normalDay
2021-04-05,2719.0,1131.0,0.0,0,406.36,0.0,1,16.52,5.21,SPY210630P00376000,376.0,0,0.0,0.0,,0.0,normalDay
2021-04-06,2719.0,1119.0,0.0,0,406.12,0.0,1,16.52,5.33,SPY210630P00376000,376.0,0,0.0,0.0,,0.0,normalDay
2021-04-07,2719.0,1153.0,0.0,0,406.59,0.0,1,16.52,4.99,SPY210630P00376000,376.0,0,0.0,0.0,,0.0,normalDay
2021-04-08,2719.0,1179.0,0.0,0,408.52,0.0,1,16.52,4.73,SPY210630P00376000,376.0,0,0.0,0.0,,0.0,normalDay
2021-04-09,2719.0,1208.0,0.0,0,411.49,0.0,1,16.52,4.44,SPY210630P00376000,376.0,0,0.0,0.0,,0.0,normalDay
2021-04-12,2719.0,1227.0,0.0,0,411.64,0.0,1,16.52,4.25,SPY210630P00376000,376.0,0,0.0,0.0,,0.0,normalDay
2021-04-13,2719.0,1260.0,0.0,0,412.86,0.0,1,16.52,3.92,SPY210630P00376000,376.0,0,0.0,0.0,,0.0,normalDay
2021-04-14,2719.0,1239.0,0.0,0,411.45,0.0,1,16.52,4.13,SPY210630P00376000,376.0,0,0.0,0.0,,0.0,normalDay
2021-04-15,2719.0,1296.0,0.0,0,415.87,0.0,1,16.52,3.56,SPY210630P00376000,376.0,0,0.0,0.0,,0.0,normalDay
2021-04-16,2719.0,1313.0,0.0,0,417.26,0.0,1,16.52,3.39,SPY210630P00376000,376.0,0,0.0,0.0,,0.0,normalDay
2021-04-19,2719.0,1278.0,0.0,0,415.21,0.0,1,16.52,3.74,SPY210630P00376000,376.0,0,0.0,0.0,,0.0,normalDay
2021-04-20,2719.0,1211.0,0.0,0,412.17,0.0,1,16.52,4.41,SPY210630P00376000,376.0,0,0.0,0.0,,0.0,normalDay
2021-04-21,2719.0,1295.0,0.0,0,416.07,0.0,1,16.52,3.57,SPY210630P00376000,376.0,0,0.0,0.0,,0.0,normalDay
2021-04-22,2719.0,1216.0,0.0,0,412.27,0.0,1,16.52,4.36,SPY210630P00376000,376.0,0,0.0,0.0,,0.0,normalDay
2021-04-23,2719.0,1312.0,0.0,0,416.74,0.0,1,16.52,3.4,SPY210630P00376000,376.0,0,0.0,0.0,,0.0,normalDay
2021-04-26,2719.0,1337.0,0.0,0,417.61,0.0,1,16.52,3.15,SPY210630P00376000,376.0,0,0.0,0.0,,0.0,normalDay
2021-04-27,2719.0,1346.0,0.0,0,417.52,0.0,1,16.52,3.06,SPY210630P00376000,376.0,0,0.0,0.0,,0.0,normalDay
2021-04-28,2719.0,1365.0,0.0,0,417.4,0.0,1,16.52,2.87,SPY210630P00376000,376.0,0,0.0,0.0,,0.0,normalDay
2021-04-29,2719.0,1377.0,0.0,0,420.06,0.0,1,16.52,2.75,SPY210630P00376000,376.0,0,0.0,0.0,,0.0,normalDay
2021-04-30,2719.0,1341.0,0.0,0,417.3,0.0,1,16.52,3.11,SPY210630P00376000,376.0,0,0.0,0.0,,0.0,normalDay
2021-05-03,2719.0,1372.0,0.0,0,418.2,0.0,1,16.52,2.8,SPY210630P00376000,376.0,0,0.0,0.0,,0.0,normalDay
2021-05-04,2719.0,1326.0,0.0,0,415.62,0.0,1,16.52,3.26,SPY210630P00376000,376.0,0,0.0,0.0,,0.0,normalDay
2021-05-05,2719.0,1342.0,0.0,0,415.75,0.0,1,16.52,3.1,SPY210630P00376000,376.0,0,0.0,0.0,,0.0,normalDay
2021-05-06,2719.0,1393.0,0.0,0,419.07,0.0,1,16.52,2.59,SPY210630P00376000,376.0,0,0.0,0.0,,0.0,normalDay
2021-05-07,2719.0,1446.0,0.0,0,422.12,0.0,1,16.52,2.06,SPY210630P00376000,376.0,0,0.0,0.0,,0.0,normalDay
2021-05-10,2719.0,1387.0,0.0,0,417.94,0.0,1,16.52,2.65,SPY210630P00376000,376.0,0,0.0,0.0,,0.0,normalDay
2021-05-11,2719.0,1320.0,0.0,0,414.21,0.0,1,16.52,3.32,SPY210630P00376000,376.0,0,0.0,0.0,,0.0,normalDay
2021-05-12,2719.0,1067.0,0.0,0,405.41,0.0,1,16.52,5.85,SPY210630P00376000,376.0,0,0.0,0.0,,0.0,normalDay
2021-05-13,2719.0,1250.0,0.0,0,410.28,0.0,1,16.52,4.02,SPY210630P00376000,376.0,0,0.0,0.0,,0.0,normalDay
2021-05-14,2719.0,1420.0,0.0,0,416.58,0.0,1,16.52,2.32,SPY210630P00376000,376.0,0,0.0,0.0,,0.0,normalDay
2021-05-17,2719.0,1407.0,0.0,0,415.52,0.0,1,16.52,2.45,SPY210630P00376000,376.0,0,0.0,0.0,,0.0,normalDay
2021-05-18,2719.0,1352.0,0.0,0,411.94,0.0,1,16.52,3.0,SPY210630P00376000,376.0,0,0.0,0.0,,0.0,normalDay
2021-05-19,2719.0,1333.0,0.0,0,410.86,0.0,1,16.52,3.19,SPY210630P00376000,376.0,0,0.0,0.0,,0.0,normalDay
2021-05-20,2719.0,1409.0,0.0,0,415.28,0.0,1,16.52,2.43,SPY210630P00376000,376.0,0,0.0,0.0,,0.0,normalDay
2021-05-21,2719.0,1425.0,0.0,0,414.94,0.0,1,16.52,2.27,SPY210630P00376000,376.0,0,0.0,0.0,,0.0,normalDay
2021-05-24,2719.0,1501.0,0.0,0,419.17,0.0,1,16.52,1.51,SPY210630P00376000,376.0,0,0.0,0.0,,0.0,normalDay
2021-05-25,2719.0,1500.0,0.0,0,418.24,0.0,1,16.52,1.52,SPY210630P00376000,376.0,0,0.0,0.0,,0.0,normalDay
2021-05-26,2719.0,1536.0,0.0,0,419.07,0.0,1,16.52,1.16,SPY210630P00376000,376.0,0,0.0,0.0,,0.0,normalDay
2021-05-27,2719.0,1554.0,0.0,0,419.29,0.0,1,16.52,0.98,SPY210630P00376000,376.0,0,0.0,0.0,,0.0,normalDay
2021-05-28,2719.0,1555.0,0.0,0,420.04,0.0,1,16.52,0.97,SPY210630P00376000,376.0,0,0.0,0.0,,0.0,normalDay
2021-06-01,2719.0,1557.0,0.0,0,419.67,0.0,1,16.52,0.95,SPY210630P00376000,376.0,0,0.0,0.0,,0.0,normalDay
2021-06-02,2719.0,1569.0,0.0,0,420.33,0.0,1,16.52,0.83,SPY210630P00376000,376.0,0,0.0,0.0,,0.0,normalDay
2021-06-03,2719.0,1563.0,0.0,0,418.77,0.0,1,16.52,0.89,SPY210630P00376000,376.0,0,0.0,0.0,,0.0,normalDay
2021-06-04,2719.0,1591.0,0.0,0,422.6,0.0,1,16.52,0.61,SPY210630P00376000,376.0,0,0.0,0.0,,0.0,normalDay
2021-06-07,2719.0,1601.0,0.0,0,422.19,0.0,1,16.52,0.51,SPY210630P00376000,376.0,0,0.0,0.0,,0.0,normalDay
2021-06-08,2719.0,1597.0,0.0,0,422.28,0.0,1,16.52,0.55,SPY210630P00376000,376.0,0,0.0,0.0,,0.0,normalDay
2021-06-09,2719.0,1590.0,0.0,0,421.65,0.0,1,16.52,0.62,SPY210630P00376000,376.0,0,0.0,0.0,,0.0,normalDay
2021-06-10,2719.0,1611.0,0.0,0,423.61,0.0,1,16.52,0.41,SPY210630P00376000,376.0,0,0.0,0.0,,0.0,normalDay
2021-06-11,2719.0,1616.0,0.0,0,424.31,0.0,1,16.52,0.36,SPY210630P00376000,376.0,0,0.0,0.0,,0.0,normalDay
2021-06-14,2719.0,1623.0,0.0,0,425.26,0.0,1,16.52,0.29,SPY210630P00376000,376.0,0,0.0,0.0,,0.0,normalDay
2021-06-15,2719.0,1620.0,0.0,0,424.48,0.0,1,16.52,0.32,SPY210630P00376000,376.0,0,0.0,0.0,,0.0,normalDay
2021-06-16,2719.0,1614.0,0.0,0,422.11,0.0,1,16.52,0.38,SPY210630P00376000,376.0,0,0.0,0.0,,0.0,normalDay
2021-06-17,2719.0,1621.0,0.0,0,421.97,0.0,1,16.52,0.31,SPY210630P00376000,376.0,0,0.0,0.0,,0.0,normalDay
2021-06-18,2719.0,1600.0,0.0,0,414.92,0.0,1,16.52,0.52,SPY210630P00376000,376.0,0,0.0,0.0,,0.0,normalDay
2021-06-21,2719.0,1633.0,0.0,0,420.86,0.0,1,16.52,0.19,SPY210630P00376000,376.0,0,0.0,0.0,,0.0,normalDay
2021-06-22,2719.0,1640.0,0.0,0,423.11,0.0,1,16.52,0.12,SPY210630P00376000,376.0,0,0.0,0.0,,0.0,normalDay
2021-06-23,2719.0,1646.0,0.0,0,422.6,0.0,1,16.52,0.06,SPY210630P00376000,376.0,0,0.0,0.0,,0.0,normalDay
2021-06-24,2719.0,1647.0,0.0,0,425.1,0.0,1,16.52,0.05,SPY210630P00376000,376.0,0,0.0,0.0,,0.0,normalDay
2021-06-25,2719.0,1648.0,0.0,0,426.61,0.0,1,16.52,0.04,SPY210630P00376000,376.0,0,0.0,0.0,,0.0,normalDay
2021-06-28,2719.0,1650.0,0.0,0,427.47,0.0,1,16.52,0.02,SPY210630P00376000,376.0,0,0.0,0.0,,0.0,normalDay
2021-06-29,2719.0,1651.0,0.0,0,427.7,0.0,1,16.52,0.01,SPY210630P00376000,376.0,0,0.0,0.0,,0.0,normalDay
2021-06-30,4371.0,0.0,1652.0,0,428.06,0.0,1,16.52,0.0,SPY210630P00376000,376.0,0,0.0,0.0,,0.0,expirationDay
2021-07-01,4371.0,-7.0,0.0,0,430.43,0.0,1,12.94,13.01,SPY211119P00419000,419.0,0,0.0,0.0,,0.0,normalDay
2021-07-02,4371.0,88.0,0.0,0,433.72,0.0,1,12.94,12.06,SPY211119P00419000,419.0,0,0.0,0.0,,0.0,normalDay
2021-07-06,4371.0,45.0,0.0,0,432.93,0.0,1,12.94,12.49,SPY211119P00419000,419.0,0,0.0,0.0,,0.0,normalDay
2021-07-07,4371.0,68.0,0.0,0,434.46,0.0,1,12.94,12.26,SPY211119P00419000,419.0,0,0.0,0.0,,0.0,normalDay
2021-07-08,4371.0,-93.0,0.0,0,430.92,0.0,1,12.94,13.87,SPY211119P00419000,419.0,0,0.0,0.0,,0.0,normalDay
2021-07-09,4371.0,124.0,0.0,0,435.52,0.0,1,12.94,11.7,SPY211119P00419000,419.0,0,0.0,0.0,,0.0,normalDay
2021-07-12,4371.0,159.0,0.0,0,437.08,0.0,1,12.94,11.35,SPY211119P00419000,419.0,0,0.0,0.0,,0.0,normalDay
2021-07-13,4371.0,80.0,0.0,0,435.59,0.0,1,12.94,12.14,SPY211119P00419000,419.0,0,0.0,0.0,,0.0,normalDay
2021-07-14,4371.0,122.0,0.0,0,436.24,0.0,1,12.94,11.72,SPY211119P00419000,419.0,0,0.0,0.0,,0.0,normalDay
2021-07-15,4371.0,55.0,0.0,0,434.75,0.0,1,12.94,12.39,SPY211119P00419000,419.0,0,0.0,0.0,,0.0,normalDay
2021-07-16,4371.0,-71.0,0.0,0,431.34,0.0,1,12.94,13.65,SPY211119P00419000,419.0,0,0.0,0.0,,0.0,normalDay
2021-07-19,4371.0,-364.0,0.0,0,424.97,0.0,1,12.94,16.58,SPY211119P00419000,419.0,0,0.0,0.0,,0.0,normalDay
2021-07-20,4371.0,-83.0,0.0,0,431.06,0.0,1,12.94,13.77,SPY211119P00419000,419.0,0,0.0,0.0,,0.0,normalDay
2021-07-21,4371.0,89.0,0.0,0,434.55,0.0,1,12.94,12.05,SPY211119P00419000,419.0,0,0.0,0.0,,0.0,normalDay
2021-07-22,4371.0,118.0,0.0,0,435.46,0.0,1,12.94,11.76,SPY211119P00419000,419.0,0,0.0,0.0,,0.0,normalDay
2021-07-23,4371.0,224.0,0.0,0,439.94,0.0,1,12.94,10.7,SPY211119P00419000,419.0,0,0.0,0.0,,0.0,normalDay
2021-07-26,4371.0,260.0,0.0,0,441.02,0.0,1,12.94,10.34,SPY211119P00419000,419.0,0,0.0,0.0,,0.0,normalDay
2021-07-27,4371.0,159.0,0.0,0,439.01,0.0,1,12.94,11.35,SPY211119P00419000,419.0,0,0.0,0.0,,0.0,normalDay
2021-07-28,4371.0,195.0,0.0,0,438.83,0.0,1,12.94,10.99,SPY211119P00419000,419.0,0,0.0,0.0,,0.0,normalDay
2021-07-29,4371.0,272.0,0.0,0,440.65,0.0,1,12.94,10.22,SPY211119P00419000,419.0,0,0.0,0.0,,0.0,normalDay
2021-07-30,4371.0,231.0,0.0,0,438.51,0.0,1,12.94,10.63,SPY211119P00419000,419.0,0,0.0,0.0,,0.0,normalDay
2021-08-02,4371.0,173.0,0.0,0,437.59,0.0,1,12.94,11.21,SPY211119P00419000,419.0,0,0.0,0.0,,0.0,normalDay
2021-08-03,4371.0,302.0,0.0,0,441.15,0.0,1,12.94,9.92,SPY211119P00419000,419.0,0,0.0,0.0,,0.0,normalDay
2021-08-04,4371.0,268.0,0.0,0,438.98,0.0,1,12.94,10.26,SPY211119P00419000,419.0,0,0.0,0.0,,0.0,normalDay
2021-08-05,4371.0,350.0,0.0,0,441.76,0.0,1,12.94,9.44,SPY211119P00419000,419.0,0,0.0,0.0,,0.0,normalDay
2021-08-06,4371.0,417.0,0.0,0,442.49,0.0,1,12.94,8.77,SPY211119P00419000,419.0,0,0.0,0.0,,0.0,normalDay
2021-08-09,4371.0,409.0,0.0,0,442.13,0.0,1,12.94,8.85,SPY211119P00419000,419.0,0,0.0,0.0,,0.0,normalDay
2021-08-10,4371.0,416.0,0.0,0,442.68,0.0,1,12.94,8.78,SPY211119P00419000,419.0,0,0.0,0.0,,0.0,normalDay
2021-08-11,4371.0,471.0,0.0,0,443.78,0.0,1,12.94,8.23,SPY211119P00419000,419.0,0,0.0,0.0,,0.0,normalDay
2021-08-12,4371.0,526.0,0.0,0,445.11,0.0,1,12.94,7.68,SPY211119P00419000,419.0,0,0.0,0.0,,0.0,normalDay
2021-08-13,4371.0,552.0,0.0,0,445.92,0.0,1,12.94,7.42,SPY211119P00419000,419.0,0,0.0,0.0,,0.0,normalDay
2021-08-16,4371.0,576.0,0.0,0,446.97,0.0,1,12.94,7.18,SPY211119P00419000,419.0,0,0.0,0.0,,0.0,normalDay
2021-08-17,4371.0,460.0,0.0,0,444.04,0.0,1,12.94,8.34,SPY211119P00419000,419.0,0,0.0,0.0,,0.0,normalDay
2021-08-18,4371.0,269.0,0.0,0,439.18,0.0,1,12.94,10.25,SPY211119P00419000,419.0,0,0.0,0.0,,0.0,normalDay
2021-08-19,4371.0,276.0,0.0,0,439.86,0.0,1,12.94,10.18,SPY211119P00419000,419.0,0,0.0,0.0,,0.0,normalDay
2021-08-20,4371.0,444.0,0.0,0,443.36,0.0,1,12.94,8.5,SPY211119P00419000,419.0,0,0.0,0.0,,0.0,normalDay
2021-08-23,4371.0,600.0,0.0,0,447.26,0.0,1,12.94,6.94,SPY211119P00419000,419.0,0,0.0,0.0,,0.0,normalDay
2021-08-24,4371.0,610.0,0.0,0,447.97,0.0,1,12.94,6.84,SPY211119P00419000,419.0,0,0.0,0.0,,0.0,normalDay
2021-08-25,4371.0,655.0,0.0,0,448.91,0.0,1,12.94,6.39,SPY211119P00419000,419.0,0,0.0,0.0,,0.0,normalDay
2021-08-26,4371.0,564.0,0.0,0,446.26,0.0,1,12.94,7.3,SPY211119P00419000,419.0,0,0.0,0.0,,0.0,normalDay
2021-08-27,4371.0,696.0,0.0,0,450.25,0.0,1,12.94,5.98,SPY211119P00419000,419.0,0,0.0,0.0,,0.0,normalDay
2021-08-30,4371.0,742.0,0.0,0,452.23,0.0,1,12.94,5.52,SPY211119P00419000,419.0,0,0.0,0.0,,0.0,normalDay
2021-08-31,4371.0,740.0,0.0,0,451.56,0.0,1,12.94,5.54,SPY211119P00419000,419.0,0,0.0,0.0,,0.0,normalDay
2021-09-01,4371.0,769.0,0.0,0,451.8,0.0,1,12.94,5.25,SPY211119P00419000,419.0,0,0.0,0.0,,0.0,normalDay
2021-09-02,4371.0,795.0,0.0,0,453.19,0.0,1,12.94,4.99,SPY211119P00419000,419.0,0,0.0,0.0,,0.0,normalDay
2021-09-03,4371.0,789.0,0.0,0,453.08,0.0,1,12.94,5.05,SPY211119P00419000,419.0,0,0.0,0.0,,0.0,normalDay
2021-09-07,4371.0,749.0,0.0,0,451.46,0.0,1,12.94,5.45,SPY211119P00419000,419.0,0,0.0,0.0,,0.0,normalDay
2021-09-08,4371.0,747.0,0.0,0,450.91,0.0,1,12.94,5.47,SPY211119P00419000,419.0,0,0.0,0.0,,0.0,normalDay
2021-09-09,4371.0,696.0,0.0,0,448.98,0.0,1,12.94,5.98,SPY211119P00419000,419.0,0,0.0,0.0,,0.0,normalDay
2021-09-10,4371.0,616.0,0.0,0,445.44,0.0,1,12.94,6.78,SPY211119P00419000,419.0,0,0.0,0.0,,0.0,normalDay
2021-09-13,4371.0,695.0,0.0,0,446.58,0.0,1,12.94,5.99,SPY211119P00419000,419.0,0,0.0,0.0,,0.0,normalDay
2021-09-14,4371.0,653.0,0.0,0,444.17,0.0,1,12.94,6.41,SPY211119P00419000,419.0,0,0.0,0.0,,0.0,normalDay
2021-09-15,4371.0,764.0,0.0,0,447.88,0.0,1,12.94,5.3,SPY211119P00419000,419.0,0,0.0,0.0,,0.0,normalDay
2021-09-16,4371.0,745.0,0.0,0,447.17,0.0,1,12.94,5.49,SPY211119P00419000,419.0,0,0.0,0.0,,0.0,normalDay
2021-09-17,4371.0,609.0,0.0,0,441.4,0.0,1,12.94,6.85,SPY211119P00419000,419.0,0,0.0,0.0,,0.0,normalDay
2021-09-20,4371.0,321.0,0.0,0,434.04,0.0,1,12.94,9.73,SPY211119P00419000,419.0,0,0.0,0.0,,0.0,normalDay
2021-09-21,4371.0,361.0,0.0,0,433.63,0.0,1,12.94,9.33,SPY211119P00419000,419.0,0,0.0,0.0,,0.0,normalDay
2021-09-22,4371.0,589.0,0.0,0,437.86,0.0,1,12.94,7.05,SPY211119P00419000,419.0,0,0.0,0.0,,0.0,normalDay
2021-09-23,4371.0,772.0,0.0,0,443.18,0.0,1,12.94,5.22,SPY211119P00419000,419.0,0,0.0,0.0,,0.0,normalDay
2021-09-24,4371.0,819.0,0.0,0,443.91,0.0,1,12.94,4.75,SPY211119P00419000,419.0,0,0.0,0.0,,0.0,normalDay
2021-09-27,4371.0,790.0,0.0,0,442.64,0.0,1,12.94,5.04,SPY211119P00419000,419.0,0,0.0,0.0,,0.0,normalDay
2021-09-28,4371.0,501.0,0.0,0,433.72,0.0,1,12.94,7.93,SPY211119P00419000,419.0,0,0.0,0.0,,0.0,normalDay
2021-09-29,4371.0,532.0,0.0,0,434.45,0.0,1,12.94,7.62,SPY211119P00419000,419.0,0,0.0,0.0,,0.0,normalDay
2021-09-30,4371.0,395.0,0.0,0,429.14,0.0,1,12.94,8.99,SPY211119P00419000,419.0,0,0.0,0.0,,0.0,normalDay
2021-10-01,4371.0,595.0,0.0,0,434.24,0.0,1,12.94,6.99,SPY211119P00419000,419.0,0,0.0,0.0,,0.0,normalDay
2021-10-04,4371.0,428.0,0.0,0,428.64,0.0,1,12.94,8.66,SPY211119P00419000,419.0,0,0.0,0.0,,0.0,normalDay
2021-10-05,4371.0,605.0,0.0,0,433.1,0.0,1,12.94,6.89,SPY211119P00419000,419.0,0,0.0,0.0,,0.0,normalDay
2021-10-06,4371.0,663.0,0.0,0,434.9,0.0,1,12.94,6.31,SPY211119P00419000,419.0,0,0.0,0.0,,0.0,normalDay
2021-10-07,4371.0,810.0,0.0,0,438.66,0.0,1,12.94,4.84,SPY211119P00419000,419.0,0,0.0,0.0,,0.0,normalDay
2021-10-08,4371.0,808.0,0.0,0,437.86,0.0,1,12.94,4.86,SPY211119P00419000,419.0,0,0.0,0.0,,0.0,normalDay
2021-10-11,4371.0,753.0,0.0,0,434.69,0.0,1,12.94,5.41,SPY211119P00419000,419.0,0,0.0,0.0,,0.0,normalDay
2021-10-12,4371.0,742.0,0.0,0,433.62,0.0,1,12.94,5.52,SPY211119P00419000,419.0,0,0.0,0.0,,0.0,normalDay
2021-10-13,4371.0,853.0,0.0,0,435.18,0.0,1,12.94,4.41,SPY211119P00419000,419.0,0,0.0,0.0,,0.0,normalDay
2021-10-14,4371.0,1023.0,0.0,0,442.5,0.0,1,12.94,2.71,SPY211119P00419000,419.0,0,0.0,0.0,,0.0,normalDay
2021-10-15,4371.0,1071.0,0.0,0,445.87,0.0,1,12.94,2.23,SPY211119P00419000,419.0,0,0.0,0.0,,0.0,normalDay
2021-10-18,4371.0,1105.0,0.0,0,447.19,0.0,1,12.94,1.89,SPY211119P00419000,419.0,0,0.0,0.0,,0.0,normalDay
2021-10-19,4371.0,1149.0,0.0,0,450.64,0.0,1,12.94,1.45,SPY211119P00419000,419.0,0,0.0,0.0,,0.0,normalDay
2021-10-20,4371.0,1163.0,0.0,0,452.41,0.0,1,12.94,1.31,SPY211119P00419000,419.0,0,0.0,0.0,,0.0,normalDay
2021-10-21,4371.0,1183.0,0.0,0,453.59,0.0,1,12.94,1.11,SPY211119P00419000,419.0,0,0.0,0.0,,0.0,normalDay
2021-10-22,4371.0,1177.0,0.0,0,453.12,0.0,1,12.94,1.17,SPY211119P00419000,419.0,0,0.0,0.0,,0.0,normalDay
2021-10-25,4371.0,1208.0,0.0,0,455.55,0.0,1,12.94,0.86,SPY211119P00419000,419.0,0,0.0,0.0,,0.0,normalDay
2021-10-26,4371.0,1203.0,0.0,0,455.96,0.0,1,12.94,0.91,SPY211119P00419000,419.0,0,0.0,0.0,,0.0,normalDay
2021-10-27,4371.0,1186.0,0.0,0,453.94,0.0,1,12.94,1.08,SPY211119P00419000,419.0,0,0.0,0.0,,0.0,normalDay
2021-10-28,4371.0,1216.0,0.0,0,458.32,0.0,1,12.94,0.78,SPY211119P00419000,419.0,0,0.0,0.0,,0.0,normalDay
2021-10-29,4371.0,1226.0,0.0,0,459.25,0.0,1,12.94,0.68,SPY211119P00419000,419.0,0,0.0,0.0,,0.0,normalDay
2021-11-01,4371.0,1243.0,0.0,0,460.04,0.0,1,12.94,0.51,SPY211119P00419000,419.0,0,0.0,0.0,,0.0,normalDay
2021-11-02,4371.0,1251.0,0.0,0,461.9,0.0,1,12.94,0.43,SPY211119P00419000,419.0,0,0.0,0.0,,0.0,normalDay
2021-11-03,4371.0,1265.0,0.0,0,464.72,0.0,1,12.94,0.29,SPY211119P00419000,419.0,0,0.0,0.0,,0.0,normalDay
2021-11-04,4371.0,1265.0,0.0,0,466.91,0.0,1,12.94,0.29,SPY211119P00419000,419.0,0,0.0,0.0,,0.0,normalDay
2021-11-05,4371.0,1268.0,0.0,0,468.53,0.0,1,12.94,0.26,SPY211119P00419000,419.0,0,0.0,0.0,,0.0,normalDay
2021-11-08,4371.0,1273.0,0.0,0,468.93,0.0,1,12.94,0.21,SPY211119P00419000,419.0,0,0.0,0.0,,0.0,normalDay
2021-11-09,4371.0,1276.0,0.0,0,467.38,0.0,1,12.94,0.18,SPY211119P00419000,419.0,0,0.0,0.0,,0.0,normalDay
2021-11-10,4371.0,1276.0,0.0,0,463.62,0.0,1,12.94,0.18,SPY211119P00419000,419.0,0,0.0,0.0,,0.0,normalDay
2021-11-11,4371.0,1282.0,0.0,0,463.77,0.0,1,12.94,0.12,SPY211119P00419000,419.0,0,0.0,0.0,,0.0,normalDay
2021-11-12,4371.0,1288.0,0.0,0,467.27,0.0,1,12.94,0.06,SPY211119P00419000,419.0,0,0.0,0.0,,0.0,normalDay
2021-11-15,4371.0,1291.0,0.0,0,467.43,0.0,1,12.94,0.03,SPY211119P00419000,419.0,0,0.0,0.0,,0.0,normalDay
2021-11-16,4371.0,1292.0,0.0,0,469.28,0.0,1,12.94,0.02,SPY211119P00419000,419.0,0,0.0,0.0,,0.0,normalDay
2021-11-17,4371.0,1293.0,0.0,0,468.14,0.0,1,12.94,0.01,SPY211119P00419000,419.0,0,0.0,0.0,,0.0,normalDay
2021-11-18,4371.0,1293.0,0.0,0,469.73,0.0,1,12.94,0.01,SPY211119P00419000,419.0,0,0.0,0.0,,0.0,normalDay
2021-11-19,5665.0,0.0,1294.0,0,468.89,0.0,1,12.94,0.0,SPY211119P00419000,419.0,0,0.0,0.0,,0.0,expirationDay
2021-11-22,5665.0,-35.0,0.0,0,467.57,0.0,1,16.37,16.72,SPY220331P00457000,457.0,0,0.0,0.0,,0.0,normalDay
2021-11-23,5665.0,-1.0,0.0,0,468.19,0.0,1,16.37,16.38,SPY220331P00457000,457.0,0,0.0,0.0,,0.0,normalDay
2021-11-24,5665.0,88.0,0.0,0,469.44,0.0,1,16.37,15.49,SPY220331P00457000,457.0,0,0.0,0.0,,0.0,normalDay
2021-11-26,5665.0,-932.0,0.0,0,458.97,0.0,1,16.37,25.69,SPY220331P00457000,457.0,0,0.0,0.0,,0.0,normalDay
2021-11-29,5665.0,-175.0,0.0,0,464.6,0.0,1,16.37,18.12,SPY220331P00457000,457.0,0,0.0,0.0,,0.0,normalDay
2021-11-30,5665.0,-619.0,0.0,0,455.56,0.0,1,16.37,22.56,SPY220331P00457000,457.0,0,0.0,0.0,,0.0,normalDay
2021-12-01,5665.0,-1079.0,0.0,0,450.5,0.0,1,16.37,27.16,SPY220331P00457000,457.0,0,0.0,0.0,,0.0,normalDay
2021-12-02,5665.0,-653.0,0.0,0,457.4,0.0,1,16.37,22.9,SPY220331P00457000,457.0,0,0.0,0.0,,0.0,normalDay
2021-12-03,5665.0,-936.0,0.0,0,453.42,0.0,1,16.37,25.73,SPY220331P00457000,457.0,0,0.0,0.0,,0.0,normalDay
2021-12-06,5665.0,-548.0,0.0,0,458.79,0.0,1,16.37,21.85,SPY220331P00457000,457.0,0,0.0,0.0,,0.0,normalDay
2021-12-07,5665.0,-17.0,0.0,0,468.28,0.0,1,16.37,16.54,SPY220331P00457000,457.0,0,0.0,0.0,,0.0,normalDay
2021-12-08,5665.0,107.0,0.0,0,469.52,0.0,1,16.37,15.3,SPY220331P00457000,457.0,0,0.0,0.0,,0.0,normalDay
2021-12-09,5665.0,-41.0,0.0,0,466.35,0.0,1,16.37,16.78,SPY220331P00457000,457.0,0,0.0,0.0,,0.0,normalDay
2021-12-10,5665.0,202.0,0.0,0,470.74,0.0,1,16.37,14.35,SPY220331P00457000,457.0,0,0.0,0.0,,0.0,normalDay
2021-12-13,5665.0,-1.0,0.0,0,466.57,0.0,1,16.37,16.38,SPY220331P00457000,457.0,0,0.0,0.0,,0.0,normalDay
2021-12-14,5665.0,-150.0,0.0,0,463.36,0.0,1,16.37,17.87,SPY220331P00457000,457.0,0,0.0,0.0,,0.0,normalDay
2021-12-15,5665.0,229.0,0.0,0,470.6,0.0,1,16.37,14.08,SPY220331P00457000,457.0,0,0.0,0.0,,0.0,normalDay
2021-12-16,5665.0,23.0,0.0,0,466.45,0.0,1,16.37,16.14,SPY220331P00457000,457.0,0,0.0,0.0,,0.0,normalDay
2021-12-17,5665.0,-179.0,0.0,0,459.87,0.0,1,16.37,18.16,SPY220331P00457000,457.0,0,0.0,0.0,,0.0,normalDay
2021-12-20,5665.0,-399.0,0.0,0,454.98,0.0,1,16.37,20.36,SPY220331P00457000,457.0,0,0.0,0.0,,0.0,normalDay
2021-12-21,5665.0,-7.0,0.0,0,463.06,0.0,1,16.37,16.44,SPY220331P00457000,457.0,0,0.0,0.0,,0.0,normalDay
2021-12-22,5665.0,237.0,0.0,0,467.69,0.0,1,16.37,14.0,SPY220331P00457000,457.0,0,0.0,0.0,,0.0,normalDay
2021-12-23,5665.0,366.0,0.0,0,470.6,0.0,1,16.37,12.71,SPY220331P00457000,457.0,0,0.0,0.0,,0.0,normalDay
2021-12-27,5665.0,591.0,0.0,0,477.26,0.0,1,16.37,10.46,SPY220331P00457000,457.0,0,0.0,0.0,,0.0,normalDay
2021-12-28,5665.0,625.0,0.0,0,476.87,0.0,1,16.37,10.12,SPY220331P00457000,457.0,0,0.0,0.0,,0.0,normalDay
2021-12-29,5665.0,674.0,0.0,0,477.48,0.0,1,16.37,9.63,SPY220331P00457000,457.0,0,0.0,0.0,,0.0,normalDay
2021-12-30,5665.0,628.0,0.0,0,476.16,0.0,1,16.37,10.09,SPY220331P00457000,457.0,0,0.0,0.0,,0.0,normalDay
2021-12-31,5665.0,637.0,0.0,0,474.96,0.0,1,16.37,10.0,SPY220331P00457000,457.0,0,0.0,0.0,,0.0,normalDay
2022-01-03,5665.0,732.0,0.0,0,477.71,0.0,1,16.37,9.05,SPY220331P00457000,457.0,0,0.0,0.0,,0.0,normalDay
2022-01-04,5665.0,717.0,0.0,0,477.55,0.0,1,16.37,9.2,SPY220331P00457000,457.0,0,0.0,0.0,,0.0,normalDay
2022-01-05,5665.0,393.0,0.0,0,468.38,0.0,1,16.37,12.44,SPY220331P00457000,457.0,0,0.0,0.0,,0.0,normalDay
2022-01-06,5665.0,393.0,0.0,0,467.94,0.0,1,16.37,12.44,SPY220331P00457000,457.0,0,0.0,0.0,,0.0,normalDay
2022-01-07,5665.0,408.0,0.0,0,466.09,0.0,1,16.37,12.29,SPY220331P00457000,457.0,0,0.0,0.0,,0.0,normalDay
2022-01-10,5665.0,407.0,0.0,0,465.51,0.0,1,16.37,12.3,SPY220331P00457000,457.0,0,0.0,0.0,,0.0,normalDay
2022-01-11,5665.0,579.0,0.0,0,469.75,0.0,1,16.37,10.58,SPY220331P00457000,457.0,0,0.0,0.0,,0.0,normalDay
2022-01-12,5665.0,654.0,0.0,0,471.02,0.0,1,16.37,9.83,SPY220331P00457000,457.0,0,0.0,0.0,,0.0,normalDay
2022-01-13,5665.0,345.0,0.0,0,464.53,0.0,1,16.37,12.92,SPY220331P00457000,457.0,0,0.0,0.0,,0.0,normalDay
2022-01-14,5665.0,417.0,0.0,0,464.72,0.0,1,16.37,12.2,SPY220331P00457000,457.0,0,0.0,0.0,,0.0,normalDay
2022-01-18,5665.0,-12.0,0.0,0,456.49,0.0,1,16.37,16.49,SPY220331P00457000,457.0,0,0.0,0.0,,0.0,normalDay
2022-01-19,5665.0,-234.0,0.0,0,451.75,0.0,1,16.37,18.71,SPY220331P00457000,457.0,0,0.0,0.0,,0.0,normalDay
2022-01-20,5665.0,-557.0,0.0,0,446.75,0.0,1,16.37,21.94,SPY220331P00457000,457.0,0,0.0,0.0,,0.0,normalDay
2022-01-21,5665.0,-1127.0,0.0,0,437.98,0.0,1,16.37,27.64,SPY220331P00457000,457.0,0,0.0,0.0,,0.0,normalDay
2022-01-24,5665.0,-1107.0,0.0,0,439.84,0.0,1,16.37,27.44,SPY220331P00457000,457.0,0,0.0,0.0,,0.0,normalDay
2022-01-25,5665.0,-1503.0,0.0,0,434.47,0.0,1,16.37,31.4,SPY220331P00457000,457.0,0,0.0,0.0,,0.0,normalDay
2022-01-26,5665.0,-1520.0,0.0,0,433.38,0.0,1,16.37,31.57,SPY220331P00457000,457.0,0,0.0,0.0,,0.0,normalDay
2022-01-27,5665.0,-1533.0,0.0,0,431.24,0.0,1,16.37,31.7,SPY220331P00457000,457.0,0,0.0,0.0,,0.0,normalDay
2022-01-28,5665.0,-786.0,0.0,0,441.95,0.0,1,16.37,24.23,SPY220331P00457000,457.0,0,0.0,0.0,,0.0,normalDay
2022-01-31,5665.0,-276.0,0.0,0,449.91,0.0,1,16.37,19.13,SPY220331P00457000,457.0,0,0.0,0.0,,0.0,normalDay
2022-02-01,5665.0,90.0,0.0,0,452.95,0.0,1,16.37,15.47,SPY220331P00457000,457.0,0,0.0,0.0,,0.0,normalDay
2022-02-02,5665.0,188.0,0.0,0,457.35,0.0,1,16.37,14.49,SPY220331P00457000,457.0,0,0.0,0.0,,0.0,normalDay
2022-02-03,5665.0,-199.0,0.0,0,446.6,0.0,1,16.37,18.36,SPY220331P00457000,457.0,0,0.0,0.0,,0.0,normalDay
2022-02-04,5665.0,-279.0,0.0,0,448.7,0.0,1,16.37,19.16,SPY220331P00457000,457.0,0,0.0,0.0,,0.0,normalDay
2022-02-07,5665.0,-226.0,0.0,0,447.26,0.0,1,16.37,18.63,SPY220331P00457000,457.0,0,0.0,0.0,,0.0,normalDay
2022-02-08,5665.0,71.0,0.0,0,450.94,0.0,1,16.37,15.66,SPY220331P00457000,457.0,0,0.0,0.0,,0.0,normalDay
2022-02-09,5665.0,407.0,0.0,0,457.54,0.0,1,16.37,12.3,SPY220331P00457000,457.0,0,0.0,0.0,,0.0,normalDay
2022-02-10,5665.0,-133.0,0.0,0,449.32,0.0,1,16.37,17.7,SPY220331P00457000,457.0,0,0.0,0.0,,0.0,normalDay
2022-02-11,5665.0,-715.0,0.0,0,440.46,0.0,1,16.37,23.52,SPY220331P00457000,457.0,0,0.0,0.0,,0.0,normalDay
2022-02-14,5665.0,-807.0,0.0,0,439.02,0.0,1,16.37,24.44,SPY220331P00457000,457.0,0,0.0,0.0,,0.0,normalDay
2022-02-15,5665.0,-331.0,0.0,0,446.1,0.0,1,16.37,19.68,SPY220331P00457000,457.0,0,0.0,0.0,,0.0,normalDay
2022-02-16,5665.0,-186.0,0.0,0,446.6,0.0,1,16.37,18.23,SPY220331P00457000,457.0,0,0.0,0.0,,0.0,normalDay
2022-02-17,5665.0,-896.0,0.0,0,437.06,0.0,1,16.37,25.33,SPY220331P00457000,457.0,0,0.0,0.0,,0.0,normalDay
2022-02-18,5665.0,-1066.0,0.0,0,434.23,0.0,1,16.37,27.03,SPY220331P00457000,457.0,0,0.0,0.0,,0.0,normalDay
2022-02-22,5665.0,-1368.0,0.0,0,429.57,0.0,1,16.37,30.05,SPY220331P00457000,457.0,0,0.0,0.0,,0.0,normalDay
2022-02-23,5665.0,-2140.0,0.0,0,421.95,0.0,1,16.37,37.77,SPY220331P00457000,457.0,0,0.0,0.0,,0.0,normalDay
2022-02-24,5665.0,-1686.0,0.0,0,428.3,0.0,1,16.37,33.23,SPY220331P00457000,457.0,0,0.0,0.0,,0.0,normalDay
2022-02-25,5665.0,-769.0,0.0,0,437.75,0.0,1,16.37,24.06,SPY220331P00457000,457.0,0,0.0,0.0,,0.0,normalDay
2022-02-28,5665.0,-869.0,0.0,0,436.63,0.0,1,16.37,25.06,SPY220331P00457000,457.0,0,0.0,0.0,,0.0,normalDay
2022-03-01,5665.0,-1420.0,0.0,0,429.98,0.0,1,16.37,30.57,SPY220331P00457000,457.0,0,0.0,0.0,,0.0,normalDay
2022-03-02,5665.0,-798.0,0.0,0,437.89,0.0,1,16.37,24.35,SPY220331P00457000,457.0,0,0.0,0.0,,0.0,normalDay
2022-03-03,5665.0,-905.0,0.0,0,435.71,0.0,1,16.37,25.42,SPY220331P00457000,457.0,0,0.0,0.0,,0.0,normalDay
2022-03-04,5665.0,-1239.0,0.0,0,432.17,0.0,1,16.37,28.76,SPY220331P00457000,457.0,0,0.0,0.0,,0.0,normalDay
2022-03-07,5665.0,-2444.0,0.0,0,419.43,0.0,1,16.37,40.81,SPY220331P00457000,457.0,0,0.0,0.0,,0.0,normalDay
2022-03-08,5665.0,-2754.0,0.0,0,416.25,0.0,1,16.37,43.91,SPY220331P00457000,457.0,0,0.0,0.0,,0.0,normalDay
2022-03-09,5665.0,-1555.0,0.0,0,427.41,0.0,1,16.37,31.92,SPY220331P00457000,457.0,0,0.0,0.0,,0.0,normalDay
2022-03-10,5665.0,-1744.0,0.0,0,425.48,0.0,1,16.37,33.81,SPY220331P00457000,457.0,0,0.0,0.0,,0.0,normalDay
2022-03-11,5665.0,-2242.0,0.0,0,420.07,0.0,1,16.37,38.79,SPY220331P00457000,457.0,0,0.0,0.0,,0.0,normalDay
2022-03-14,5665.0,-2498.0,0.0,0,417.0,0.0,1,16.37,41.35,SPY220331P00457000,457.0,0,0.0,0.0,,0.0,normalDay
2022-03-15,5665.0,-1714.0,0.0,0,426.17,0.0,1,16.37,33.51,SPY220331P00457000,457.0,0,0.0,0.0,,0.0,normalDay
2022-03-16,5665.0,-778.0,0.0,0,435.62,0.0,1,16.37,24.15,SPY220331P00457000,457.0,0,0.0,0.0,,0.0,normalDay
2022-03-17,5665.0,-298.0,0.0,0,441.07,0.0,1,16.37,19.35,SPY220331P00457000,457.0,0,0.0,0.0,,0.0,normalDay
2022-03-18,5665.0,234.0,0.0,0,444.52,0.0,1,16.37,14.03,SPY220331P00457000,457.0,0,0.0,0.0,,0.0,normalDay
2022-03-21,5665.0,266.0,0.0,0,444.39,0.0,1,16.37,13.71,SPY220331P00457000,457.0,0,0.0,0.0,,0.0,normalDay
2022-03-22,5665.0,678.0,0.0,0,449.59,0.0,1,16.37,9.59,SPY220331P00457000,457.0,0,0.0,0.0,,0.0,normalDay
2022-03-23,5665.0,217.0,0.0,0,443.8,0.0,1,16.37,14.2,SPY220331P00457000,457.0,0,0.0,0.0,,0.0,normalDay
2022-03-24,5665.0,807.0,0.0,0,450.49,0.0,1,16.37,8.3,SPY220331P00457000,457.0,0,0.0,0.0,,0.0,normalDay
2022-03-25,5665.0,1011.0,0.0,0,452.69,0.0,1,16.37,6.26,SPY220331P00457000,457.0,0,0.0,0.0,,0.0,normalDay
2022-03-28,5665.0,1311.0,0.0,0,455.91,0.0,1,16.37,3.26,SPY220331P00457000,457.0,0,0.0,0.0,,0.0,normalDay
2022-03-29,5665.0,1531.0,0.0,0,461.55,0.0,1,16.37,1.06,SPY220331P00457000,457.0,0,0.0,0.0,,0.0,normalDay
2022-03-30,5665.0,1538.0,0.0,0,458.7,0.0,1,16.37,0.99,SPY220331P00457000,457.0,0,0.0,0.0,,0.0,normalDay
2022-03-31,7302.0,-536.0,1637.0,100,451.64,457.0,1,16.37,0.0,SPY220331P00457000,457.0,0,0.0,0.0,,0.0,expirationDay
2022-04-01,7302.0,-462.0,0.0,100,452.92,457.0,0,0.0,0.0,,0.0,1,20.23,20.77,SPY220520C00440000,440.0,normalDay
2022-04-04,7302.0,-292.0,0.0,100,456.8,457.0,0,0.0,0.0,,0.0,1,20.23,22.95,SPY220520C00440000,440.0,normalDay
2022-04-05,7302.0,-528.0,0.0,100,451.03,457.0,0,0.0,0.0,,0.0,1,20.23,19.54,SPY220520C00440000,440.0,normalDay
2022-04-06,7302.0,-649.0,0.0,100,446.52,457.0,0,0.0,0.0,,0.0,1,20.23,16.24,SPY220520C00440000,440.0,normalDay
2022-04-07,7302.0,-557.0,0.0,100,448.77,457.0,0,0.0,0.0,,0.0,1,20.23,17.57,SPY220520C00440000,440.0,normalDay
2022-04-08,7302.0,-565.0,0.0,100,447.57,457.0,0,0.0,0.0,,0.0,1,20.23,16.45,SPY220520C00440000,440.0,normalDay
2022-04-11,7302.0,-879.0,0.0,100,439.92,457.0,0,0.0,0.0,,0.0,1,20.23,11.94,SPY220520C00440000,440.0,normalDay
2022-04-12,7302.0,-938.0,0.0,100,438.29,457.0,0,0.0,0.0,,0.0,1,20.23,10.9,SPY220520C00440000,440.0,normalDay
2022-04-13,7302.0,-608.0,0.0,100,443.31,457.0,0,0.0,0.0,,0.0,1,20.23,12.62,SPY220520C00440000,440.0,normalDay
2022-04-14,7302.0,-861.0,0.0,100,437.79,457.0,0,0.0,0.0,,0.0,1,20.23,9.63,SPY220520C00440000,440.0,normalDay
2022-04-18,7302.0,-854.0,0.0,100,437.97,457.0,0,0.0,0.0,,0.0,1,20.23,9.74,SPY220520C00440000,440.0,normalDay
2022-04-19,7302.0,-352.0,0.0,100,445.04,457.0,0,0.0,0.0,,0.0,1,20.23,11.79,SPY220520C00440000,440.0,normalDay
2022-04-20,7302.0,-516.0,0.0,100,444.71,457.0,0,0.0,0.0,,0.0,1,20.23,13.1,SPY220520C00440000,440.0,normalDay
2022-04-21,7302.0,-735.0,0.0,100,438.06,457.0,0,0.0,0.0,,0.0,1,20.23,8.64,SPY220520C00440000,440.0,normalDay
2022-04-22,7302.0,-1493.0,0.0,100,426.04,457.0,0,0.0,0.0,,0.0,1,20.23,4.2,SPY220520C00440000,440.0,normalDay
2022-04-25,7302.0,-1304.0,0.0,100,428.51,457.0,0,0.0,0.0,,0.0,1,20.23,4.78,SPY220520C00440000,440.0,normalDay
2022-04-26,7302.0,-2264.0,0.0,100,416.1,457.0,0,0.0,0.0,,0.0,1,20.23,1.97,SPY220520C00440000,440.0,normalDay
2022-04-27,7302.0,-2162.0,0.0,100,417.27,457.0,0,0.0,0.0,,0.0,1,20.23,2.12,SPY220520C00440000,440.0,normalDay
2022-04-28,7302.0,-1279.0,0.0,100,427.81,457.0,0,0.0,0.0,,0.0,1,20.23,3.83,SPY220520C00440000,440.0,normalDay
2022-04-29,7302.0,-2619.0,0.0,100,412.0,457.0,0,0.0,0.0,,0.0,1,20.23,1.42,SPY220520C00440000,440.0,normalDay
2022-05-02,7302.0,-2372.0,0.0,100,414.48,457.0,0,0.0,0.0,,0.0,1,20.23,1.43,SPY220520C00440000,440.0,normalDay
2022-05-03,7302.0,-2167.0,0.0,100,416.38,457.0,0,0.0,0.0,,0.0,1,20.23,1.28,SPY220520C00440000,440.0,normalDay
2022-05-04,7302.0,-1087.0,0.0,100,429.06,457.0,0,0.0,0.0,,0.0,1,20.23,3.16,SPY220520C00440000,440.0,normalDay
2022-05-05,7302.0,-2398.0,0.0,100,413.81,457.0,0,0.0,0.0,,0.0,1,20.23,1.02,SPY220520C00440000,440.0,normalDay
2022-05-06,7302.0,-2588.0,0.0,100,411.34,457.0,0,0.0,0.0,,0.0,1,20.23,0.45,SPY220520C00440000,440.0,normalDay
2022-05-09,7302.0,-3879.0,0.0,100,398.17,457.0,0,0.0,0.0,,0.0,1,20.23,0.19,SPY220520C00440000,440.0,normalDay
2022-05-10,7302.0,-3778.0,0.0,100,399.09,457.0,0,0.0,0.0,,0.0,1,20.23,0.1,SPY220520C00440000,440.0,normalDay
2022-05-11,7302.0,-4408.0,0.0,100,392.75,457.0,0,0.0,0.0,,0.0,1,20.23,0.06,SPY220520C00440000,440.0,normalDay
2022-05-12,7302.0,-4447.0,0.0,100,392.34,457.0,0,0.0,0.0,,0.0,1,20.23,0.04,SPY220520C00440000,440.0,normalDay
2022-05-13,7302.0,-3508.0,0.0,100,401.72,457.0,0,0.0,0.0,,0.0,1,20.23,0.03,SPY220520C00440000,440.0,normalDay
2022-05-16,7302.0,-3670.0,0.0,100,400.09,457.0,0,0.0,0.0,,0.0,1,20.23,0.02,SPY220520C00440000,440.0,normalDay
2022-05-17,7302.0,-2847.0,0.0,100,408.32,457.0,0,0.0,0.0,,0.0,1,20.23,0.02,SPY220520C00440000,440.0,normalDay
2022-05-18,7302.0,-4492.0,0.0,100,391.86,457.0,0,0.0,0.0,,0.0,1,20.23,0.01,SPY220520C00440000,440.0,normalDay
2022-05-19,7302.0,-4732.0,0.0,100,389.46,457.0,0,0.0,0.0,,0.0,1,20.23,0.01,SPY220520C00440000,440.0,normalDay
2022-05-20,9325.0,-6737.0,2023.0,100,389.63,457.0,0,0.0,0.0,,0.0,1,20.23,0.0,SPY220520C00440000,440.0,expirationDay
2022-05-23,9325.0,-6014.0,0.0,100,396.92,457.0,0,0.0,0.0,,0.0,1,10.44,10.5,SPY220715C00406000,406.0,normalDay
2022-05-24,9325.0,-6200.0,0.0,100,393.89,457.0,0,0.0,0.0,,0.0,1,10.44,9.33,SPY220715C00406000,406.0,normalDay
2022-05-25,9325.0,-5937.0,0.0,100,397.37,457.0,0,0.0,0.0,,0.0,1,10.44,10.18,SPY220715C00406000,406.0,normalDay
2022-05-26,9325.0,-5466.0,0.0,100,405.31,457.0,0,0.0,0.0,,0.0,1,10.44,13.41,SPY220715C00406000,406.0,normalDay
2022-05-27,9325.0,-5077.0,0.0,100,415.26,457.0,0,0.0,0.0,,0.0,1,10.44,19.47,SPY220715C00406000,406.0,normalDay
2022-05-31,9325.0,-5071.0,0.0,100,412.93,457.0,0,0.0,0.0,,0.0,1,10.44,17.08,SPY220715C00406000,406.0,normalDay
2022-06-01,9325.0,-5157.0,0.0,100,409.59,457.0,0,0.0,0.0,,0.0,1,10.44,14.6,SPY220715C00406000,406.0,normalDay
2022-06-02,9325.0,-4842.0,0.0,100,417.39,457.0,0,0.0,0.0,,0.0,1,10.44,19.25,SPY220715C00406000,406.0,normalDay
2022-06-03,9325.0,-5081.0,0.0,100,410.54,457.0,0,0.0,0.0,,0.0,1,10.44,14.79,SPY220715C00406000,406.0,normalDay
2022-06-06,9325.0,-4973.0,0.0,100,411.79,457.0,0,0.0,0.0,,0.0,1,10.44,14.96,SPY220715C00406000,406.0,normalDay
2022-06-07,9325.0,-4773.0,0.0,100,415.74,457.0,0,0.0,0.0,,0.0,1,10.44,16.91,SPY220715C00406000,406.0,normalDay
2022-06-08,9325.0,-4944.0,0.0,100,411.22,457.0,0,0.0,0.0,,0.0,1,10.44,14.1,SPY220715C00406000,406.0,normalDay
2022-06-09,9325.0,-5443.0,0.0,100,401.44,457.0,0,0.0,0.0,,0.0,1,10.44,9.31,SPY220715C00406000,406.0,normalDay
2022-06-10,9325.0,-6177.0,0.0,100,389.8,457.0,0,0.0,0.0,,0.0,1,10.44,5.01,SPY220715C00406000,406.0,normalDay
2022-06-13,9325.0,-7359.0,0.0,100,375.0,457.0,0,0.0,0.0,,0.0,1,10.44,2.03,SPY220715C00406000,406.0,normalDay
2022-06-14,9325.0,-7422.0,0.0,100,373.87,457.0,0,0.0,0.0,,0.0,1,10.44,1.53,SPY220715C00406000,406.0,normalDay
2022-06-15,9325.0,-6935.0,0.0,100,379.2,457.0,0,0.0,0.0,,0.0,1,10.44,1.99,SPY220715C00406000,406.0,normalDay
2022-06-16,9325.0,-8073.0,0.0,100,366.65,457.0,0,0.0,0.0,,0.0,1,10.44,0.82,SPY220715C00406000,406.0,normalDay
2022-06-17,9325.0,-8152.0,0.0,100,365.86,457.0,0,0.0,0.0,,0.0,1,10.44,0.82,SPY220715C00406000,406.0,normalDay
2022-06-21,9325.0,-7263.0,0.0,100,375.07,457.0,0,0.0,0.0,,0.0,1,10.44,1.14,SPY220715C00406000,406.0,normalDay
2022-06-22,9325.0,-7317.0,0.0,100,374.39,457.0,0,0.0,0.0,,0.0,1,10.44,1.0,SPY220715C00406000,406.0,normalDay
2022-06-23,9325.0,-6960.0,0.0,100,378.06,457.0,0,0.0,0.0,,0.0,1,10.44,1.1,SPY220715C00406000,406.0,normalDay
2022-06-24,9325.0,-5916.0,0.0,100,390.08,457.0,0,0.0,0.0,,0.0,1,10.44,2.68,SPY220715C00406000,406.0,normalDay
2022-06-27,9325.0,-6019.0,0.0,100,388.59,457.0,0,0.0,0.0,,0.0,1,10.44,2.22,SPY220715C00406000,406.0,normalDay
2022-06-28,9325.0,-6677.0,0.0,100,380.65,457.0,0,0.0,0.0,,0.0,1,10.44,0.86,SPY220715C00406000,406.0,normalDay
2022-06-29,9325.0,-6703.0,0.0,100,380.34,457.0,0,0.0,0.0,,0.0,1,10.44,0.81,SPY220715C00406000,406.0,normalDay
2022-06-30,9325.0,-6973.0,0.0,100,377.25,457.0,0,0.0,0.0,,0.0,1,10.44,0.42,SPY220715C00406000,406.0,normalDay
2022-07-01,9325.0,-6575.0,0.0,100,381.24,457.0,0,0.0,0.0,,0.0,1,10.44,0.43,SPY220715C00406000,406.0,normalDay
2022-07-05,9325.0,-6492.0,0.0,100,381.96,457.0,0,0.0,0.0,,0.0,1,10.44,0.32,SPY220715C00406000,406.0,normalDay
2022-07-06,9325.0,-6362.0,0.0,100,383.25,457.0,0,0.0,0.0,,0.0,1,10.44,0.31,SPY220715C00406000,406.0,normalDay
2022-07-07,9325.0,-5801.0,0.0,100,388.99,457.0,0,0.0,0.0,,0.0,1,10.44,0.44,SPY220715C00406000,406.0,normalDay
2022-07-08,9325.0,-5808.0,0.0,100,388.67,457.0,0,0.0,0.0,,0.0,1,10.44,0.19,SPY220715C00406000,406.0,normalDay
2022-07-11,9325.0,-6239.0,0.0,100,384.23,457.0,0,0.0,0.0,,0.0,1,10.44,0.06,SPY220715C00406000,406.0,normalDay
2022-07-12,9325.0,-6577.0,0.0,100,380.83,457.0,0,0.0,0.0,,0.0,1,10.44,0.04,SPY220715C00406000,406.0,normalDay
2022-07-13,9325.0,-6774.0,0.0,100,378.83,457.0,0,0.0,0.0,,0.0,1,10.44,0.01,SPY220715C00406000,406.0,normalDay
2022-07-14,9325.0,-6866.0,0.0,100,377.91,457.0,0,0.0,0.0,,0.0,1,10.44,0.01,SPY220715C00406000,406.0,normalDay
2022-07-15,10369.0,-7187.0,1044.0,100,385.13,457.0,0,0.0,0.0,,0.0,1,10.44,0.0,SPY220715C00406000,406.0,expirationDay
2022-07-18,10369.0,-7512.0,0.0,100,381.95,457.0,0,0.0,0.0,,0.0,1,13.03,13.1,SPY220826C00381000,381.0,normalDay
2022-07-19,10369.0,-7162.0,0.0,100,392.27,457.0,0,0.0,0.0,,0.0,1,13.03,19.92,SPY220826C00381000,381.0,normalDay
2022-07-20,10369.0,-7050.0,0.0,100,394.77,457.0,0,0.0,0.0,,0.0,1,13.03,21.3,SPY220826C00381000,381.0,normalDay
2022-07-21,10369.0,-6853.0,0.0,100,398.79,457.0,0,0.0,0.0,,0.0,1,13.03,23.35,SPY220826C00381000,381.0,normalDay
2022-07-22,10369.0,-6905.0,0.0,100,395.09,457.0,0,0.0,0.0,,0.0,1,13.03,20.17,SPY220826C00381000,381.0,normalDay
2022-07-25,10369.0,-6918.0,0.0,100,395.57,457.0,0,0.0,0.0,,0.0,1,13.03,20.78,SPY220826C00381000,381.0,normalDay
2022-07-26,10369.0,-7102.0,0.0,100,390.89,457.0,0,0.0,0.0,,0.0,1,13.03,17.94,SPY220826C00381000,381.0,normalDay
2022-07-27,10369.0,-6692.0,0.0,100,401.04,457.0,0,0.0,0.0,,0.0,1,13.03,23.99,SPY220826C00381000,381.0,normalDay
2022-07-28,10369.0,-6731.0,0.0,100,406.07,457.0,0,0.0,0.0,,0.0,1,13.03,29.41,SPY220826C00381000,381.0,normalDay
2022-07-29,10369.0,-6542.0,0.0,100,411.99,457.0,0,0.0,0.0,,0.0,1,13.03,33.44,SPY220826C00381000,381.0,normalDay
2022-08-01,10369.0,-6571.0,0.0,100,410.77,457.0,0,0.0,0.0,,0.0,1,13.03,32.51,SPY220826C00381000,381.0,normalDay
2022-08-02,10369.0,-6584.0,0.0,100,408.06,457.0,0,0.0,0.0,,0.0,1,13.03,29.93,SPY220826C00381000,381.0,normalDay
2022-08-03,10369.0,-6445.0,0.0,100,414.45,457.0,0,0.0,0.0,,0.0,1,13.03,34.93,SPY220826C00381000,381.0,normalDay
2022-08-04,10369.0,-6479.0,0.0,100,414.17,457.0,0,0.0,0.0,,0.0,1,13.03,34.99,SPY220826C00381000,381.0,normalDay
2022-08-05,10369.0,-6409.0,0.0,100,413.47,457.0,0,0.0,0.0,,0.0,1,13.03,33.59,SPY220826C00381000,381.0,normalDay
2022-08-08,10369.0,-6450.0,0.0,100,412.99,457.0,0,0.0,0.0,,0.0,1,13.03,33.52,SPY220826C00381000,381.0,normalDay
2022-08-09,10369.0,-6466.0,0.0,100,411.35,457.0,0,0.0,0.0,,0.0,1,13.03,32.04,SPY220826C00381000,381.0,normalDay
2022-08-10,10369.0,-6350.0,0.0,100,419.99,457.0,0,0.0,0.0,,0.0,1,13.03,39.52,SPY220826C00381000,381.0,normalDay
2022-08-11,10369.0,-6425.0,0.0,100,419.99,457.0,0,0.0,0.0,,0.0,1,13.03,40.27,SPY220826C00381000,381.0,normalDay
2022-08-12,10369.0,-6331.0,0.0,100,427.1,457.0,0,0.0,0.0,,0.0,1,13.03,46.44,SPY220826C00381000,381.0,normalDay
2022-08-15,10369.0,-6325.0,0.0,100,428.86,457.0,0,0.0,0.0,,0.0,1,13.03,48.14,SPY220826C00381000,381.0,normalDay
2022-08-16,10369.0,-6310.0,0.0,100,429.7,457.0,0,0.0,0.0,,0.0,1,13.03,48.83,SPY220826C00381000,381.0,normalDay
2022-08-17,10369.0,-6354.0,0.0,100,426.65,457.0,0,0.0,0.0,,0.0,1,13.03,46.22,SPY220826C00381000,381.0,normalDay
2022-08-18,10369.0,-6313.0,0.0,100,427.89,457.0,0,0.0,0.0,,0.0,1,13.03,47.05,SPY220826C00381000,381.0,normalDay
2022-08-19,10369.0,-6328.0,0.0,100,422.14,457.0,0,0.0,0.0,,0.0,1,13.03,41.45,SPY220826C00381000,381.0,normalDay
2022-08-22,10369.0,-6358.0,0.0,100,413.35,457.0,0,0.0,0.0,,0.0,1,13.03,32.96,SPY220826C00381000,381.0,normalDay
2022-08-23,10369.0,-6305.0,0.0,100,412.35,457.0,0,0.0,0.0,,0.0,1,13.03,31.43,SPY220826C00381000,381.0,normalDay
2022-08-24,10369.0,-6324.0,0.0,100,413.67,457.0,0,0.0,0.0,,0.0,1,13.03,32.94,SPY220826C00381000,381.0,normalDay
2022-08-25,10369.0,-6265.0,0.0,100,419.51,457.0,0,0.0,0.0,,0.0,1,13.03,38.19,SPY220826C00381000,381.0,normalDay
2022-08-26,4072.0,-6265.0,-6297.0,0,405.31,0.0,0,0.0,0.0,,0.0,1,13.03,0.0,SPY220826C00381000,381.0,expirationDay
2022-08-29,4072.0,-36.0,0.0,0,402.63,0.0,1,22.2,22.56,SPY221230P00405000,405.0,0,0.0,0.0,,0.0,normalDay
2022-08-30,4072.0,-227.0,0.0,0,398.21,0.0,1,22.2,24.47,SPY221230P00405000,405.0,0,0.0,0.0,,0.0,normalDay
2022-08-31,4072.0,-333.0,0.0,0,395.18,0.0,1,22.2,25.53,SPY221230P00405000,405.0,0,0.0,0.0,,0.0,normalDay
2022-09-01,4072.0,-251.0,0.0,0,396.42,0.0,1,22.2,24.71,SPY221230P00405000,405.0,0,0.0,0.0,,0.0,normalDay
2022-09-02,4072.0,-446.0,0.0,0,392.24,0.0,1,22.2,26.66,SPY221230P00405000,405.0,0,0.0,0.0,,0.0,normalDay
2022-09-06,4072.0,-583.0,0.0,0,390.76,0.0,1,22.2,28.03,SPY221230P00405000,405.0,0,0.0,0.0,,0.0,normalDay
2022-09-07,4072.0,-154.0,0.0,0,397.78,0.0,1,22.2,23.74,SPY221230P00405000,405.0,0,0.0,0.0,,0.0,normalDay
2022-09-08,4072.0,51.0,0.0,0,400.38,0.0,1,22.2,21.69,SPY221230P00405000,405.0,0,0.0,0.0,,0.0,normalDay
2022-09-09,4072.0,314.0,0.0,0,406.6,0.0,1,22.2,19.06,SPY221230P00405000,405.0,0,0.0,0.0,,0.0,normalDay
2022-09-12,4072.0,514.0,0.0,0,410.97,0.0,1,22.2,17.06,SPY221230P00405000,405.0,0,0.0,0.0,,0.0,normalDay
2022-09-13,4072.0,-359.0,0.0,0,393.1,0.0,1,22.2,25.79,SPY221230P00405000,405.0,0,0.0,0.0,,0.0,normalDay
2022-09-14,4072.0,-279.0,0.0,0,394.6,0.0,1,22.2,24.99,SPY221230P00405000,405.0,0,0.0,0.0,,0.0,normalDay
2022-09-15,4072.0,-463.0,0.0,0,390.12,0.0,1,22.2,26.83,SPY221230P00405000,405.0,0,0.0,0.0,,0.0,normalDay
2022-09-16,4072.0,-644.0,0.0,0,385.56,0.0,1,22.2,28.64,SPY221230P00405000,405.0,0,0.0,0.0,,0.0,normalDay
2022-09-19,4072.0,-471.0,0.0,0,388.55,0.0,1,22.2,26.91,SPY221230P00405000,405.0,0,0.0,0.0,,0.0,normalDay
2022-09-20,4072.0,-722.0,0.0,0,384.09,0.0,1,22.2,29.42,SPY221230P00405000,405.0,0,0.0,0.0,,0.0,normalDay
2022-09-21,4072.0,-1211.0,0.0,0,377.39,0.0,1,22.2,34.31,SPY221230P00405000,405.0,0,0.0,0.0,,0.0,normalDay
2022-09-22,4072.0,-1370.0,0.0,0,374.22,0.0,1,22.2,35.9,SPY221230P00405000,405.0,0,0.0,0.0,,0.0,normalDay
2022-09-23,4072.0,-1925.0,0.0,0,367.95,0.0,1,22.2,41.45,SPY221230P00405000,405.0,0,0.0,0.0,,0.0,normalDay
2022-09-26,4072.0,-2252.0,0.0,0,364.31,0.0,1,22.2,44.72,SPY221230P00405000,405.0,0,0.0,0.0,,0.0,normalDay
2022-09-27,4072.0,-2262.0,0.0,0,363.38,0.0,1,22.2,44.82,SPY221230P00405000,405.0,0,0.0,0.0,,0.0,normalDay
2022-09-28,4072.0,-1670.0,0.0,0,370.53,0.0,1,22.2,38.9,SPY221230P00405000,405.0,0,0.0,0.0,,0.0,normalDay
2022-09-29,4072.0,-2283.0,0.0,0,362.79,0.0,1,22.2,45.03,SPY221230P00405000,405.0,0,0.0,0.0,,0.0,normalDay
2022-09-30,4072.0,-2664.0,0.0,0,357.18,0.0,1,22.2,48.84,SPY221230P00405000,405.0,0,0.0,0.0,,0.0,normalDay
2022-10-03,4072.0,-1879.0,0.0,0,366.61,0.0,1,22.2,40.99,SPY221230P00405000,405.0,0,0.0,0.0,,0.0,normalDay
2022-10-04,4072.0,-1066.0,0.0,0,377.97,0.0,1,22.2,32.86,SPY221230P00405000,405.0,0,0.0,0.0,,0.0,normalDay
2022-10-05,4072.0,-1076.0,0.0,0,377.09,0.0,1,22.2,32.96,SPY221230P00405000,405.0,0,0.0,0.0,,0.0,normalDay
2022-10-06,4072.0,-1415.0,0.0,0,373.2,0.0,1,22.2,36.35,SPY221230P00405000,405.0,0,0.0,0.0,,0.0,normalDay
2022-10-07,4072.0,-2286.0,0.0,0,362.79,0.0,1,22.2,45.06,SPY221230P00405000,405.0,0,0.0,0.0,,0.0,normalDay
2022-10-10,4072.0,-2482.0,0.0,0,360.02,0.0,1,22.2,47.02,SPY221230P00405000,405.0,0,0.0,0.0,,0.0,normalDay
2022-10-11,4072.0,-2703.0,0.0,0,357.74,0.0,1,22.2,49.23,SPY221230P00405000,405.0,0,0.0,0.0,,0.0,normalDay
2022-10-12,4072.0,-2816.0,0.0,0,356.56,0.0,1,22.2,50.36,SPY221230P00405000,405.0,0,0.0,0.0,,0.0,normalDay
2022-10-13,4072.0,-2033.0,0.0,0,365.97,0.0,1,22.2,42.53,SPY221230P00405000,405.0,0,0.0,0.0,,0.0,normalDay
2022-10-14,4072.0,-2726.0,0.0,0,357.63,0.0,1,22.2,49.46,SPY221230P00405000,405.0,0,0.0,0.0,,0.0,normalDay
2022-10-17,4072.0,-1918.0,0.0,0,366.82,0.0,1,22.2,41.38,SPY221230P00405000,405.0,0,0.0,0.0,,0.0,normalDay
2022-10-18,4072.0,-1518.0,0.0,0,371.13,0.0,1,22.2,37.38,SPY221230P00405000,405.0,0,0.0,0.0,,0.0,normalDay
2022-10-19,4072.0,-1825.0,0.0,0,368.5,0.0,1,22.2,40.45,SPY221230P00405000,405.0,0,0.0,0.0,,0.0,normalDay
2022-10-20,4072.0,-1997.0,0.0,0,365.41,0.0,1,22.2,42.17,SPY221230P00405000,405.0,0,0.0,0.0,,0.0,normalDay
2022-10-21,4072.0,-1348.0,0.0,0,374.29,0.0,1,22.2,35.68,SPY221230P00405000,405.0,0,0.0,0.0,,0.0,normalDay
2022-10-24,4072.0,-1034.0,0.0,0,378.87,0.0,1,22.2,32.54,SPY221230P00405000,405.0,0,0.0,0.0,,0.0,normalDay
2022-10-25,4072.0,-676.0,0.0,0,384.92,0.0,1,22.2,28.96,SPY221230P00405000,405.0,0,0.0,0.0,,0.0,normalDay
2022-10-26,4072.0,-684.0,0.0,0,382.02,0.0,1,22.2,29.04,SPY221230P00405000,405.0,0,0.0,0.0,,0.0,normalDay
2022-10-27,4072.0,-1130.0,0.0,0,379.98,0.0,1,22.2,33.5,SPY221230P00405000,405.0,0,0.0,0.0,,0.0,normalDay
2022-10-28,4072.0,-188.0,0.0,0,389.02,0.0,1,22.2,24.08,SPY221230P00405000,405.0,0,0.0,0.0,,0.0,normalDay
2022-10-31,4072.0,-321.0,0.0,0,386.21,0.0,1,22.2,25.41,SPY221230P00405000,405.0,0,0.0,0.0,,0.0,normalDay
2022-11-01,4072.0,-453.0,0.0,0,384.52,0.0,1,22.2,26.73,SPY221230P00405000,405.0,0,0.0,0.0,,0.0,normalDay
2022-11-02,4072.0,-1166.0,0.0,0,374.87,0.0,1,22.2,33.86,SPY221230P00405000,405.0,0,0.0,0.0,,0.0,normalDay
2022-11-03,4072.0,-1453.0,0.0,0,371.01,0.0,1,22.2,36.73,SPY221230P00405000,405.0,0,0.0,0.0,,0.0,normalDay
2022-11-04,4072.0,-1019.0,0.0,0,376.35,0.0,1,22.2,32.39,SPY221230P00405000,405.0,0,0.0,0.0,,0.0,normalDay
2022-11-07,4072.0,-695.0,0.0,0,379.95,0.0,1,22.2,29.15,SPY221230P00405000,405.0,0,0.0,0.0,,0.0,normalDay
2022-11-08,4072.0,-612.0,0.0,0,382.0,0.0,1,22.2,28.32,SPY221230P00405000,405.0,0,0.0,0.0,,0.0,normalDay
2022-11-09,4072.0,-1152.0,0.0,0,374.13,0.0,1,22.2,33.72,SPY221230P00405000,405.0,0,0.0,0.0,,0.0,normalDay
2022-11-10,4072.0,352.0,0.0,0,394.69,0.0,1,22.2,18.68,SPY221230P00405000,405.0,0,0.0,0.0,,0.0,normalDay
2022-11-11,4072.0,618.0,0.0,0,398.51,0.0,1,22.2,16.02,SPY221230P00405000,405.0,0,0.0,0.0,,0.0,normalDay
2022-11-14,4072.0,504.0,0.0,0,395.12,0.0,1,22.2,17.16,SPY221230P00405000,405.0,0,0.0,0.0,,0.0,normalDay
2022-11-15,4072.0,685.0,0.0,0,398.49,0.0,1,22.2,15.35,SPY221230P00405000,405.0,0,0.0,0.0,,0.0,normalDay
2022-11-16,4072.0,544.0,0.0,0,395.45,0.0,1,22.2,16.76,SPY221230P00405000,405.0,0,0.0,0.0,,0.0,normalDay
2022-11-17,4072.0,468.0,0.0,0,394.24,0.0,1,22.2,17.52,SPY221230P00405000,405.0,0,0.0,0.0,,0.0,normalDay
2022-11-18,4072.0,588.0,0.0,0,396.03,0.0,1,22.2,16.32,SPY221230P00405000,405.0,0,0.0,0.0,,0.0,normalDay
2022-11-21,4072.0,592.0,0.0,0,394.59,0.0,1,22.2,16.28,SPY221230P00405000,405.0,0,0.0,0.0,,0.0,normalDay
2022-11-22,4072.0,942.0,0.0,0,399.9,0.0,1,22.2,12.78,SPY221230P00405000,405.0,0,0.0,0.0,,0.0,normalDay
2022-11-23,4072.0,1126.0,0.0,0,402.42,0.0,1,22.2,10.94,SPY221230P00405000,405.0,0,0.0,0.0,,0.0,normalDay
2022-11-25,4072.0,1147.0,0.0,0,402.33,0.0,1,22.2,10.73,SPY221230P00405000,405.0,0,0.0,0.0,,0.0,normalDay
2022-11-28,4072.0,764.0,0.0,0,395.91,0.0,1,22.2,14.56,SPY221230P00405000,405.0,0,0.0,0.0,,0.0,normalDay
2022-11-29,4072.0,717.0,0.0,0,395.23,0.0,1,22.2,15.03,SPY221230P00405000,405.0,0,0.0,0.0,,0.0,normalDay
2022-11-30,4072.0,1425.0,0.0,0,407.68,0.0,1,22.2,7.95,SPY221230P00405000,405.0,0,0.0,0.0,,0.0,normalDay
2022-12-01,4072.0,1431.0,0.0,0,407.38,0.0,1,22.2,7.89,SPY221230P00405000,405.0,0,0.0,0.0,,0.0,normalDay
2022-12-02,4072.0,1455.0,0.0,0,406.91,0.0,1,22.2,7.65,SPY221230P00405000,405.0,0,0.0,0.0,,0.0,normalDay
2022-12-05,4072.0,1094.0,0.0,0,399.59,0.0,1,22.2,11.26,SPY221230P00405000,405.0,0,0.0,0.0,,0.0,normalDay
2022-12-06,4072.0,690.0,0.0,0,393.83,0.0,1,22.2,15.3,SPY221230P00405000,405.0,0,0.0,0.0,,0.0,normalDay
2022-12-07,4072.0,627.0,0.0,0,393.16,0.0,1,22.2,15.93,SPY221230P00405000,405.0,0,0.0,0.0,,0.0,normalDay
2022-12-08,4072.0,860.0,0.0,0,396.24,0.0,1,22.2,13.6,SPY221230P00405000,405.0,0,0.0,0.0,,0.0,normalDay
2022-12-09,4072.0,666.0,0.0,0,393.28,0.0,1,22.2,15.54,SPY221230P00405000,405.0,0,0.0,0.0,,0.0,normalDay
2022-12-12,4072.0,975.0,0.0,0,398.95,0.0,1,22.2,12.45,SPY221230P00405000,405.0,0,0.0,0.0,,0.0,normalDay
2022-12-13,4072.0,1317.0,0.0,0,401.97,0.0,1,22.2,9.03,SPY221230P00405000,405.0,0,0.0,0.0,,0.0,normalDay
2022-12-14,4072.0,1282.0,0.0,0,399.4,0.0,1,22.2,9.38,SPY221230P00405000,405.0,0,0.0,0.0,,0.0,normalDay
2022-12-15,4072.0,462.0,0.0,0,389.63,0.0,1,22.2,17.58,SPY221230P00405000,405.0,0,0.0,0.0,,0.0,normalDay
2022-12-16,4072.0,25.0,0.0,0,383.27,0.0,1,22.2,21.95,SPY221230P00405000,405.0,0,0.0,0.0,,0.0,normalDay
2022-12-19,4072.0,-311.0,0.0,0,380.02,0.0,1,22.2,25.31,SPY221230P00405000,405.0,0,0.0,0.0,,0.0,normalDay
2022-12-20,4072.0,-221.0,0.0,0,380.54,0.0,1,22.2,24.41,SPY221230P00405000,405.0,0,0.0,0.0,,0.0,normalDay
2022-12-21,4072.0,334.0,0.0,0,386.23,0.0,1,22.2,18.86,SPY221230P00405000,405.0,0,0.0,0.0,,0.0,normalDay
2022-12-22,4072.0,-212.0,0.0,0,380.72,0.0,1,22.2,24.32,SPY221230P00405000,405.0,0,0.0,0.0,,0.0,normalDay
2022-12-23,4072.0,-8.0,0.0,0,382.91,0.0,1,22.2,22.28,SPY221230P00405000,405.0,0,0.0,0.0,,0.0,normalDay
2022-12-27,4072.0,-140.0,0.0,0,381.4,0.0,1,22.2,23.6,SPY221230P00405000,405.0,0,0.0,0.0,,0.0,normalDay
2022-12-28,4072.0,-611.0,0.0,0,376.66,0.0,1,22.2,28.31,SPY221230P00405000,405.0,0,0.0,0.0,,0.0,normalDay
2022-12-29,4072.0,43.0,0.0,0,383.44,0.0,1,22.2,21.77,SPY221230P00405000,405.0,0,0.0,0.0,,0.0,normalDay
2022-12-30,6292.0,-2257.0,2220.0,100,382.43,405.0,1,22.2,0.0,SPY221230P00405000,405.0,0,0.0,0.0,,0.0,expirationDay
2023-01-03,6292.0,-2423.0,0.0,100,380.82,405.0,0,0.0,0.0,,0.0,1,8.93,8.98,SPY230217C00388000,388.0,normalDay
2023-01-04,6292.0,-2252.0,0.0,100,383.76,405.0,0,0.0,0.0,,0.0,1,8.93,10.21,SPY230217C00388000,388.0,normalDay
2023-01-05,6292.0,-2462.0,0.0,100,379.38,405.0,0,0.0,0.0,,0.0,1,8.93,7.93,SPY230217C00388000,388.0,normalDay
2023-01-06,6292.0,-1977.0,0.0,100,388.08,405.0,0,0.0,0.0,,0.0,1,8.93,11.78,SPY230217C00388000,388.0,normalDay
2023-01-09,6292.0,-1976.0,0.0,100,387.86,405.0,0,0.0,0.0,,0.0,1,8.93,11.55,SPY230217C00388000,388.0,normalDay
2023-01-10,6292.0,-1818.0,0.0,100,390.58,405.0,0,0.0,0.0,,0.0,1,8.93,12.69,SPY230217C00388000,388.0,normalDay
2023-01-11,6292.0,-1655.0,0.0,100,395.52,405.0,0,0.0,0.0,,0.0,1,8.93,16.0,SPY230217C00388000,388.0,normalDay
2023-01-12,6292.0,-1499.0,0.0,100,396.96,405.0,0,0.0,0.0,,0.0,1,8.93,15.88,SPY230217C00388000,388.0,normalDay
2023-01-13,6292.0,-1390.0,0.0,100,398.5,405.0,0,0.0,0.0,,0.0,1,8.93,16.33,SPY230217C00388000,388.0,normalDay
2023-01-17,6292.0,-1408.0,0.0,100,397.77,405.0,0,0.0,0.0,,0.0,1,8.93,15.78,SPY230217C00388000,388.0,normalDay
2023-01-18,6292.0,-1600.0,0.0,100,391.49,405.0,0,0.0,0.0,,0.0,1,8.93,11.42,SPY230217C00388000,388.0,normalDay
2023-01-19,6292.0,-1706.0,0.0,100,388.64,405.0,0,0.0,0.0,,0.0,1,8.93,9.63,SPY230217C00388000,388.0,normalDay
2023-01-20,6292.0,-1402.0,0.0,100,395.88,405.0,0,0.0,0.0,,0.0,1,8.93,13.83,SPY230217C00388000,388.0,normalDay
2023-01-23,6292.0,-1251.0,0.0,100,400.63,405.0,0,0.0,0.0,,0.0,1,8.93,17.07,SPY230217C00388000,388.0,normalDay
2023-01-24,6292.0,-1336.0,0.0,100,400.2,405.0,0,0.0,0.0,,0.0,1,8.93,17.49,SPY230217C00388000,388.0,normalDay
2023-01-25,6292.0,-1237.0,0.0,100,400.35,405.0,0,0.0,0.0,,0.0,1,8.93,16.65,SPY230217C00388000,388.0,normalDay
2023-01-26,6292.0,-1135.0,0.0,100,404.75,405.0,0,0.0,0.0,,0.0,1,8.93,20.03,SPY230217C00388000,388.0,normalDay
2023-01-27,6292.0,-1091.0,0.0,100,405.68,405.0,0,0.0,0.0,,0.0,1,8.93,20.52,SPY230217C00388000,388.0,normalDay
2023-01-30,6292.0,-1247.0,0.0,100,400.59,405.0,0,0.0,0.0,,0.0,1,8.93,16.99,SPY230217C00388000,388.0,normalDay
2023-01-31,6292.0,-1057.0,0.0,100,406.48,405.0,0,0.0,0.0,,0.0,1,8.93,20.98,SPY230217C00388000,388.0,normalDay
2023-02-01,6292.0,-1098.0,0.0,100,410.8,405.0,0,0.0,0.0,,0.0,1,8.93,25.71,SPY230217C00388000,388.0,normalDay
2023-02-02,6292.0,-868.0,0.0,100,416.78,405.0,0,0.0,0.0,,0.0,1,8.93,29.39,SPY230217C00388000,388.0,normalDay
2023-02-03,6292.0,-941.0,0.0,100,412.35,405.0,0,0.0,0.0,,0.0,1,8.93,25.69,SPY230217C00388000,388.0,normalDay
2023-02-06,6292.0,-955.0,0.0,100,409.83,405.0,0,0.0,0.0,,0.0,1,8.93,23.31,SPY230217C00388000,388.0,normalDay
2023-02-07,6292.0,-832.0,0.0,100,415.19,405.0,0,0.0,0.0,,0.0,1,8.93,27.44,SPY230217C00388000,388.0,normalDay
2023-02-08,6292.0,-926.0,0.0,100,410.65,405.0,0,0.0,0.0,,0.0,1,8.93,23.84,SPY230217C00388000,388.0,normalDay
2023-02-09,6292.0,-956.0,0.0,100,407.09,405.0,0,0.0,0.0,,0.0,1,8.93,20.58,SPY230217C00388000,388.0,normalDay
2023-02-10,6292.0,-879.0,0.0,100,408.04,405.0,0,0.0,0.0,,0.0,1,8.93,20.76,SPY230217C00388000,388.0,normalDay
2023-02-13,6292.0,-870.0,0.0,100,412.83,405.0,0,0.0,0.0,,0.0,1,8.93,25.46,SPY230217C00388000,388.0,normalDay
2023-02-14,6292.0,-790.0,0.0,100,412.64,405.0,0,0.0,0.0,,0.0,1,8.93,24.47,SPY230217C00388000,388.0,normalDay
2023-02-15,6292.0,-852.0,0.0,100,413.98,405.0,0,0.0,0.0,,0.0,1,8.93,26.43,SPY230217C00388000,388.0,normalDay
2023-02-16,6292.0,-823.0,0.0,100,408.28,405.0,0,0.0,0.0,,0.0,1,8.93,20.44,SPY230217C00388000,388.0,normalDay
2023-02-17,5485.0,-823.0,-807.0,0,407.26,0.0,0,0.0,0.0,,0.0,1,8.93,0.0,SPY230217C00388000,388.0,expirationDay
2023-02-21,5485.0,-6.0,0.0,0,399.09,0.0,1,17.3,17.36,SPY230630P00400000,400.0,0,0.0,0.0,,0.0,normalDay
2023-02-22,5485.0,6.0,0.0,0,398.54,0.0,1,17.3,17.24,SPY230630P00400000,400.0,0,0.0,0.0,,0.0,normalDay
2023-02-23,5485.0,128.0,0.0,0,400.66,0.0,1,17.3,16.02,SPY230630P00400000,400.0,0,0.0,0.0,,0.0,normalDay
2023-02-24,5485.0,-90.0,0.0,0,396.38,0.0,1,17.3,18.2,SPY230630P00400000,400.0,0,0.0,0.0,,0.0,normalDay
2023-02-27,5485.0,40.0,0.0,0,397.73,0.0,1,17.3,16.9,SPY230630P00400000,400.0,0,0.0,0.0,,0.0,normalDay
2023-02-28,5485.0,-20.0,0.0,0,396.26,0.0,1,17.3,17.5,SPY230630P00400000,400.0,0,0.0,0.0,,0.0,normalDay
2023-03-01,5485.0,-79.0,0.0,0,394.74,0.0,1,17.3,18.09,SPY230630P00400000,400.0,0,0.0,0.0,,0.0,normalDay
2023-03-02,5485.0,87.0,0.0,0,397.81,0.0,1,17.3,16.43,SPY230630P00400000,400.0,0,0.0,0.0,,0.0,normalDay
2023-03-03,5485.0,381.0,0.0,0,404.19,0.0,1,17.3,13.49,SPY230630P00400000,400.0,0,0.0,0.0,,0.0,normalDay
2023-03-06,5485.0,414.0,0.0,0,404.47,0.0,1,17.3,13.16,SPY230630P00400000,400.0,0,0.0,0.0,,0.0,normalDay
2023-03-07,5485.0,161.0,0.0,0,398.27,0.0,1,17.3,15.69,SPY230630P00400000,400.0,0,0.0,0.0,,0.0,normalDay
2023-03-08,5485.0,220.0,0.0,0,398.92,0.0,1,17.3,15.1,SPY230630P00400000,400.0,0,0.0,0.0,,0.0,normalDay
2023-03-09,5485.0,-251.0,0.0,0,391.56,0.0,1,17.3,19.81,SPY230630P00400000,400.0,0,0.0,0.0,,0.0,normalDay
2023-03-10,5485.0,-579.0,0.0,0,385.91,0.0,1,17.3,23.09,SPY230630P00400000,400.0,0,0.0,0.0,,0.0,normalDay
2023-03-13,5485.0,-632.0,0.0,0,385.36,0.0,1,17.3,23.62,SPY230630P00400000,400.0,0,0.0,0.0,,0.0,normalDay
2023-03-14,5485.0,-250.0,0.0,0,391.73,0.0,1,17.3,19.8,SPY230630P00400000,400.0,0,0.0,0.0,,0.0,normalDay
2023-03-15,5485.0,-459.0,0.0,0,389.28,0.0,1,17.3,21.89,SPY230630P00400000,400.0,0,0.0,0.0,,0.0,normalDay
2023-03-16,5485.0,-49.0,0.0,0,396.11,0.0,1,17.3,17.79,SPY230630P00400000,400.0,0,0.0,0.0,,0.0,normalDay
2023-03-17,5485.0,-332.0,0.0,0,389.99,0.0,1,17.3,20.62,SPY230630P00400000,400.0,0,0.0,0.0,,0.0,normalDay
2023-03-20,5485.0,-106.0,0.0,0,393.74,0.0,1,17.3,18.36,SPY230630P00400000,400.0,0,0.0,0.0,,0.0,normalDay
2023-03-21,5485.0,216.0,0.0,0,398.91,0.0,1,17.3,15.14,SPY230630P00400000,400.0,0,0.0,0.0,,0.0,normalDay
2023-03-22,5485.0,-120.0,0.0,0,392.11,0.0,1,17.3,18.5,SPY230630P00400000,400.0,0,0.0,0.0,,0.0,normalDay
2023-03-23,5485.0,-95.0,0.0,0,393.17,0.0,1,17.3,18.25,SPY230630P00400000,400.0,0,0.0,0.0,,0.0,normalDay
2023-03-24,5485.0,61.0,0.0,0,395.75,0.0,1,17.3,16.69,SPY230630P00400000,400.0,0,0.0,0.0,,0.0,normalDay
2023-03-27,5485.0,185.0,0.0,0,396.49,0.0,1,17.3,15.45,SPY230630P00400000,400.0,0,0.0,0.0,,0.0,normalDay
2023-03-28,5485.0,189.0,0.0,0,395.6,0.0,1,17.3,15.41,SPY230630P00400000,400.0,0,0.0,0.0,,0.0,normalDay
2023-03-29,5485.0,434.0,0.0,0,401.35,0.0,1,17.3,12.96,SPY230630P00400000,400.0,0,0.0,0.0,,0.0,normalDay
2023-03-30,5485.0,528.0,0.0,0,403.7,0.0,1,17.3,12.02,SPY230630P00400000,400.0,0,0.0,0.0,,0.0,normalDay
2023-03-31,5485.0,712.0,0.0,0,409.39,0.0,1,17.3,10.18,SPY230630P00400000,400.0,0,0.0,0.0,,0.0,normalDay
2023-04-03,5485.0,806.0,0.0,0,410.95,0.0,1,17.3,9.24,SPY230630P00400000,400.0,0,0.0,0.0,,0.0,normalDay
2023-04-04,5485.0,726.0,0.0,0,408.67,0.0,1,17.3,10.04,SPY230630P00400000,400.0,0,0.0,0.0,,0.0,normalDay
2023-04-05,5485.0,682.0,0.0,0,407.6,0.0,1,17.3,10.48,SPY230630P00400000,400.0,0,0.0,0.0,,0.0,normalDay
2023-04-06,5485.0,756.0,0.0,0,409.19,0.0,1,17.3,9.74,SPY230630P00400000,400.0,0,0.0,0.0,,0.0,normalDay
2023-04-10,5485.0,808.0,0.0,0,409.61,0.0,1,17.3,9.22,SPY230630P00400000,400.0,0,0.0,0.0,,0.0,normalDay
2023-04-11,5485.0,822.0,0.0,0,409.72,0.0,1,17.3,9.08,SPY230630P00400000,400.0,0,0.0,0.0,,0.0,normalDay
2023-04-12,5485.0,777.0,0.0,0,408.05,0.0,1,17.3,9.53,SPY230630P00400000,400.0,0,0.0,0.0,,0.0,normalDay
2023-04-13,5485.0,973.0,0.0,0,413.47,0.0,1,17.3,7.57,SPY230630P00400000,400.0,0,0.0,0.0,,0.0,normalDay
2023-04-14,5485.0,988.0,0.0,0,412.46,0.0,1,17.3,7.42,SPY230630P00400000,400.0,0,0.0,0.0,,0.0,normalDay
2023-04-17,5485.0,1073.0,0.0,0,413.94,0.0,1,17.3,6.57,SPY230630P00400000,400.0,0,0.0,0.0,,0.0,normalDay
2023-04-18,5485.0,1080.0,0.0,0,414.21,0.0,1,17.3,6.5,SPY230630P00400000,400.0,0,0.0,0.0,,0.0,normalDay
2023-04-19,5485.0,1087.0,0.0,0,414.14,0.0,1,17.3,6.43,SPY230630P00400000,400.0,0,0.0,0.0,,0.0,normalDay
2023-04-20,5485.0,1024.0,0.0,0,411.88,0.0,1,17.3,7.06,SPY230630P00400000,400.0,0,0.0,0.0,,0.0,normalDay
2023-04-21,5485.0,1039.0,0.0,0,412.2,0.0,1,17.3,6.91,SPY230630P00400000,400.0,0,0.0,0.0,,0.0,normalDay
2023-04-24,5485.0,1068.0,0.0,0,412.63,0.0,1,17.3,6.62,SPY230630P00400000,400.0,0,0.0,0.0,,0.0,normalDay
2023-04-25,5485.0,853.0,0.0,0,406.08,0.0,1,17.3,8.77,SPY230630P00400000,400.0,0,0.0,0.0,,0.0,normalDay
2023-04-26,5485.0,778.0,0.0,0,404.36,0.0,1,17.3,9.52,SPY230630P00400000,400.0,0,0.0,0.0,,0.0,normalDay
2023-04-27,5485.0,1100.0,0.0,0,412.41,0.0,1,17.3,6.3,SPY230630P00400000,400.0,0,0.0,0.0,,0.0,normalDay
2023-04-28,5485.0,1208.0,0.0,0,415.93,0.0,1,17.3,5.22,SPY230630P00400000,400.0,0,0.0,0.0,,0.0,normalDay
2023-05-01,5485.0,1215.0,0.0,0,415.51,0.0,1,17.3,5.15,SPY230630P00400000,400.0,0,0.0,0.0,,0.0,normalDay
2023-05-02,5485.0,1049.0,0.0,0,410.84,0.0,1,17.3,6.81,SPY230630P00400000,400.0,0,0.0,0.0,,0.0,normalDay
2023-05-03,5485.0,971.0,0.0,0,408.02,0.0,1,17.3,7.59,SPY230630P00400000,400.0,0,0.0,0.0,,0.0,normalDay
2023-05-04,5485.0,789.0,0.0,0,405.13,0.0,1,17.3,9.41,SPY230630P00400000,400.0,0,0.0,0.0,,0.0,normalDay
2023-05-05,5485.0,1111.0,0.0,0,412.63,0.0,1,17.3,6.19,SPY230630P00400000,400.0,0,0.0,0.0,,0.0,normalDay
2023-05-08,5485.0,1153.0,0.0,0,412.74,0.0,1,17.3,5.77,SPY230630P00400000,400.0,0,0.0,0.0,,0.0,normalDay
2023-05-09,5485.0,1103.0,0.0,0,410.93,0.0,1,17.3,6.27,SPY230630P00400000,400.0,0,0.0,0.0,,0.0,normalDay
2023-05-10,5485.0,1189.0,0.0,0,412.85,0.0,1,17.3,5.41,SPY230630P00400000,400.0,0,0.0,0.0,,0.0,normalDay
2023-05-11,5485.0,1181.0,0.0,0,412.13,0.0,1,17.3,5.49,SPY230630P00400000,400.0,0,0.0,0.0,,0.0,normalDay
2023-05-12,5485.0,1175.0,0.0,0,411.59,0.0,1,17.3,5.55,SPY230630P00400000,400.0,0,0.0,0.0,,0.0,normalDay
2023-05-15,5485.0,1255.0,0.0,0,413.01,0.0,1,17.3,4.75,SPY230630P00400000,400.0,0,0.0,0.0,,0.0,normalDay
2023-05-16,5485.0,1175.0,0.0,0,410.25,0.0,1,17.3,5.55,SPY230630P00400000,400.0,0,0.0,0.0,,0.0,normalDay
2023-05-17,5485.0,1326.0,0.0,0,415.23,0.0,1,17.3,4.04,SPY230630P00400000,400.0,0,0.0,0.0,,0.0,normalDay
2023-05-18,5485.0,1431.0,0.0,0,419.23,0.0,1,17.3,2.99,SPY230630P00400000,400.0,0,0.0,0.0,,0.0,normalDay
2023-05-19,5485.0,1400.0,0.0,0,418.62,0.0,1,17.3,3.3,SPY230630P00400000,400.0,0,0.0,0.0,,0.0,normalDay
2023-05-22,5485.0,1411.0,0.0,0,418.79,0.0,1,17.3,3.19,SPY230630P00400000,400.0,0,0.0,0.0,,0.0,normalDay
2023-05-23,5485.0,1299.0,0.0,0,414.09,0.0,1,17.3,4.31,SPY230630P00400000,400.0,0,0.0,0.0,,0.0,normalDay
2023-05-24,5485.0,1203.0,0.0,0,411.09,0.0,1,17.3,5.27,SPY230630P00400000,400.0,0,0.0,0.0,,0.0,normalDay
2023-05-25,5485.0,1316.0,0.0,0,414.65,0.0,1,17.3,4.14,SPY230630P00400000,400.0,0,0.0,0.0,,0.0,normalDay
2023-05-26,5485.0,1445.0,0.0,0,420.02,0.0,1,17.3,2.85,SPY230630P00400000,400.0,0,0.0,0.0,,0.0,normalDay
2023-05-30,5485.0,1492.0,0.0,0,420.18,0.0,1,17.3,2.38,SPY230630P00400000,400.0,0,0.0,0.0,,0.0,normalDay
2023-05-31,5485.0,1470.0,0.0,0,417.85,0.0,1,17.3,2.6,SPY230630P00400000,400.0,0,0.0,0.0,,0.0,normalDay
2023-06-01,5485.0,1569.0,0.0,0,421.82,0.0,1,17.3,1.61,SPY230630P00400000,400.0,0,0.0,0.0,,0.0,normalDay
2023-06-02,5485.0,1637.0,0.0,0,427.92,0.0,1,17.3,0.93,SPY230630P00400000,400.0,0,0.0,0.0,,0.0,normalDay
2023-06-05,5485.0,1644.0,0.0,0,427.1,0.0,1,17.3,0.86,SPY230630P00400000,400.0,0,0.0,0.0,,0.0,normalDay
2023-06-06,5485.0,1662.0,0.0,0,428.03,0.0,1,17.3,0.68,SPY230630P00400000,400.0,0,0.0,0.0,,0.0,normalDay
2023-06-07,5485.0,1660.0,0.0,0,426.55,0.0,1,17.3,0.7,SPY230630P00400000,400.0,0,0.0,0.0,,0.0,normalDay
2023-06-08,5485.0,1676.0,0.0,0,429.13,0.0,1,17.3,0.54,SPY230630P00400000,400.0,0,0.0,0.0,,0.0,normalDay
2023-06-09,5485.0,1681.0,0.0,0,429.9,0.0,1,17.3,0.49,SPY230630P00400000,400.0,0,0.0,0.0,,0.0,normalDay
2023-06-12,5485.0,1691.0,0.0,0,433.8,0.0,1,17.3,0.39,SPY230630P00400000,400.0,0,0.0,0.0,,0.0,normalDay
2023-06-13,5485.0,1699.0,0.0,0,436.66,0.0,1,17.3,0.31,SPY230630P00400000,400.0,0,0.0,0.0,,0.0,normalDay
2023-06-14,5485.0,1708.0,0.0,0,437.18,0.0,1,17.3,0.22,SPY230630P00400000,400.0,0,0.0,0.0,,0.0,normalDay
2023-06-15,5485.0,1710.0,0.0,0,442.6,0.0,1,17.3,0.2,SPY230630P00400000,400.0,0,0.0,0.0,,0.0,normalDay
2023-06-16,5485.0,1718.0,0.0,0,439.46,0.0,1,17.3,0.12,SPY230630P00400000,400.0,0,0.0,0.0,,0.0,normalDay
2023-06-20,5485.0,1721.0,0.0,0,437.18,0.0,1,17.3,0.09,SPY230630P00400000,400.0,0,0.0,0.0,,0.0,normalDay
2023-06-21,5485.0,1723.0,0.0,0,434.94,0.0,1,17.3,0.07,SPY230630P00400000,400.0,0,0.0,0.0,,0.0,normalDay
2023-06-22,5485.0,1726.0,0.0,0,436.51,0.0,1,17.3,0.04,SPY230630P00400000,400.0,0,0.0,0.0,,0.0,normalDay
2023-06-23,5485.0,1725.0,0.0,0,433.21,0.0,1,17.3,0.05,SPY230630P00400000,400.0,0,0.0,0.0,,0.0,normalDay
2023-06-26,5485.0,1724.0,0.0,0,431.44,0.0,1,17.3,0.06,SPY230630P00400000,400.0,0,0.0,0.0,,0.0,normalDay
2023-06-27,5485.0,1726.0,0.0,0,436.17,0.0,1,17.3,0.04,SPY230630P00400000,400.0,0,0.0,0.0,,0.0,normalDay
2023-06-28,5485.0,1728.0,0.0,0,436.39,0.0,1,17.3,0.02,SPY230630P00400000,400.0,0,0.0,0.0,,0.0,normalDay
2023-06-29,5485.0,1728.0,0.0,0,438.11,0.0,1,17.3,0.02,SPY230630P00400000,400.0,0,0.0,0.0,,0.0,normalDay
2023-06-30,7215.0,0.0,1730.0,0,443.28,0.0,1,17.3,0.0,SPY230630P00400000,400.0,0,0.0,0.0,,0.0,expirationDay
2023-07-03,7215.0,-20.0,0.0,0,443.79,0.0,1,7.6,7.8,SPY231117P00427000,427.0,0,0.0,0.0,,0.0,normalDay
2023-07-05,7215.0,-48.0,0.0,0,443.13,0.0,1,7.6,8.08,SPY231117P00427000,427.0,0,0.0,0.0,,0.0,normalDay
2023-07-06,7215.0,-168.0,0.0,0,439.66,0.0,1,7.6,9.28,SPY231117P00427000,427.0,0,0.0,0.0,,0.0,normalDay
2023-07-07,7215.0,-169.0,0.0,0,438.55,0.0,1,7.6,9.29,SPY231117P00427000,427.0,0,0.0,0.0,,0.0,normalDay
2023-07-10,7215.0,-133.0,0.0,0,439.66,0.0,1,7.6,8.93,SPY231117P00427000,427.0,0,0.0,0.0,,0.0,normalDay
2023-07-11,7215.0,-50.0,0.0,0,442.46,0.0,1,7.6,8.1,SPY231117P00427000,427.0,0,0.0,0.0,,0.0,normalDay
2023-07-12,7215.0,78.0,0.0,0,446.02,0.0,1,7.6,6.82,SPY231117P00427000,427.0,0,0.0,0.0,,0.0,normalDay
2023-07-13,7215.0,135.0,0.0,0,449.56,0.0,1,7.6,6.25,SPY231117P00427000,427.0,0,0.0,0.0,,0.0,normalDay
2023-07-14,7215.0,130.0,0.0,0,449.28,0.0,1,7.6,6.3,SPY231117P00427000,427.0,0,0.0,0.0,,0.0,normalDay
2023-07-17,7215.0,155.0,0.0,0,450.84,0.0,1,7.6,6.05,SPY231117P00427000,427.0,0,0.0,0.0,,0.0,normalDay
2023-07-18,7215.0,219.0,0.0,0,454.19,0.0,1,7.6,5.41,SPY231117P00427000,427.0,0,0.0,0.0,,0.0,normalDay
2023-07-19,7215.0,214.0,0.0,0,455.2,0.0,1,7.6,5.46,SPY231117P00427000,427.0,0,0.0,0.0,,0.0,normalDay
2023-07-20,7215.0,178.0,0.0,0,452.18,0.0,1,7.6,5.82,SPY231117P00427000,427.0,0,0.0,0.0,,0.0,normalDay
2023-07-21,7215.0,195.0,0.0,0,452.18,0.0,1,7.6,5.65,SPY231117P00427000,427.0,0,0.0,0.0,,0.0,normalDay
2023-07-24,7215.0,243.0,0.0,0,454.2,0.0,1,7.6,5.17,SPY231117P00427000,427.0,0,0.0,0.0,,0.0,normalDay
2023-07-25,7215.0,257.0,0.0,0,455.44,0.0,1,7.6,5.03,SPY231117P00427000,427.0,0,0.0,0.0,,0.0,normalDay
2023-07-26,7215.0,280.0,0.0,0,455.51,0.0,1,7.6,4.8,SPY231117P00427000,427.0,0,0.0,0.0,,0.0,normalDay
2023-07-27,7215.0,203.0,0.0,0,452.49,0.0,1,7.6,5.57,SPY231117P00427000,427.0,0,0.0,0.0,,0.0,normalDay
2023-07-28,7215.0,287.0,0.0,0,456.92,0.0,1,7.6,4.73,SPY231117P00427000,427.0,0,0.0,0.0,,0.0,normalDay
2023-07-31,7215.0,304.0,0.0,0,457.79,0.0,1,7.6,4.56,SPY231117P00427000,427.0,0,0.0,0.0,,0.0,normalDay
2023-08-01,7215.0,276.0,0.0,0,456.48,0.0,1,7.6,4.84,SPY231117P00427000,427.0,0,0.0,0.0,,0.0,normalDay
2023-08-02,7215.0,112.0,0.0,0,450.13,0.0,1,7.6,6.48,SPY231117P00427000,427.0,0,0.0,0.0,,0.0,normalDay
2023-08-03,7215.0,119.0,0.0,0,448.84,0.0,1,7.6,6.41,SPY231117P00427000,427.0,0,0.0,0.0,,0.0,normalDay
2023-08-04,7215.0,25.0,0.0,0,446.81,0.0,1,7.6,7.35,SPY231117P00427000,427.0,0,0.0,0.0,,0.0,normalDay
2023-08-07,7215.0,164.0,0.0,0,450.71,0.0,1,7.6,5.96,SPY231117P00427000,427.0,0,0.0,0.0,,0.0,normalDay
2023-08-08,7215.0,110.0,0.0,0,448.75,0.0,1,7.6,6.5,SPY231117P00427000,427.0,0,0.0,0.0,,0.0,normalDay
2023-08-09,7215.0,76.0,0.0,0,445.75,0.0,1,7.6,6.84,SPY231117P00427000,427.0,0,0.0,0.0,,0.0,normalDay
2023-08-10,7215.0,67.0,0.0,0,445.91,0.0,1,7.6,6.93,SPY231117P00427000,427.0,0,0.0,0.0,,0.0,normalDay
2023-08-11,7215.0,101.0,0.0,0,445.65,0.0,1,7.6,6.59,SPY231117P00427000,427.0,0,0.0,0.0,,0.0,normalDay
2023-08-14,7215.0,174.0,0.0,0,448.11,0.0,1,7.6,5.86,SPY231117P00427000,427.0,0,0.0,0.0,,0.0,normalDay
2023-08-15,7215.0,20.0,0.0,0,442.89,0.0,1,7.6,7.4,SPY231117P00427000,427.0,0,0.0,0.0,,0.0,normalDay
2023-08-16,7215.0,-67.0,0.0,0,439.64,0.0,1,7.6,8.27,SPY231117P00427000,427.0,0,0.0,0.0,,0.0,normalDay
2023-08-17,7215.0,-196.0,0.0,0,436.29,0.0,1,7.6,9.56,SPY231117P00427000,427.0,0,0.0,0.0,,0.0,normalDay
2023-08-18,7215.0,-148.0,0.0,0,436.5,0.0,1,7.6,9.08,SPY231117P00427000,427.0,0,0.0,0.0,,0.0,normalDay
2023-08-21,7215.0,-46.0,0.0,0,439.34,0.0,1,7.6,8.06,SPY231117P00427000,427.0,0,0.0,0.0,,0.0,normalDay
2023-08-22,7215.0,-52.0,0.0,0,438.15,0.0,1,7.6,8.12,SPY231117P00427000,427.0,0,0.0,0.0,,0.0,normalDay
2023-08-23,7215.0,100.0,0.0,0,443.03,0.0,1,7.6,6.6,SPY231117P00427000,427.0,0,0.0,0.0,,0.0,normalDay
2023-08-24,7215.0,-89.0,0.0,0,436.89,0.0,1,7.6,8.49,SPY231117P00427000,427.0,0,0.0,0.0,,0.0,normalDay
2023-08-25,7215.0,50.0,0.0,0,439.97,0.0,1,7.6,7.1,SPY231117P00427000,427.0,0,0.0,0.0,,0.0,normalDay
2023-08-28,7215.0,162.0,0.0,0,442.76,0.0,1,7.6,5.98,SPY231117P00427000,427.0,0,0.0,0.0,,0.0,normalDay
2023-08-29,7215.0,307.0,0.0,0,449.16,0.0,1,7.6,4.53,SPY231117P00427000,427.0,0,0.0,0.0,,0.0,normalDay
2023-08-30,7215.0,365.0,0.0,0,451.01,0.0,1,7.6,3.95,SPY231117P00427000,427.0,0,0.0,0.0,,0.0,normalDay
2023-08-31,7215.0,380.0,0.0,0,450.35,0.0,1,7.6,3.8,SPY231117P00427000,427.0,0,0.0,0.0,,0.0,normalDay
2023-09-01,7215.0,397.0,0.0,0,451.19,0.0,1,7.6,3.63,SPY231117P00427000,427.0,0,0.0,0.0,,0.0,normalDay
2023-09-05,7215.0,370.0,0.0,0,449.24,0.0,1,7.6,3.9,SPY231117P00427000,427.0,0,0.0,0.0,,0.0,normalDay
2023-09-06,7215.0,305.0,0.0,0,446.22,0.0,1,7.6,4.55,SPY231117P00427000,427.0,0,0.0,0.0,,0.0,normalDay
2023-09-07,7215.0,290.0,0.0,0,444.85,0.0,1,7.6,4.7,SPY231117P00427000,427.0,0,0.0,0.0,,0.0,normalDay
2023-09-08,7215.0,341.0,0.0,0,445.52,0.0,1,7.6,4.19,SPY231117P00427000,427.0,0,0.0,0.0,,0.0,normalDay
2023-09-11,7215.0,409.0,0.0,0,448.45,0.0,1,7.6,3.51,SPY231117P00427000,427.0,0,0.0,0.0,,0.0,normalDay
2023-09-12,7215.0,371.0,0.0,0,445.99,0.0,1,7.6,3.89,SPY231117P00427000,427.0,0,0.0,0.0,,0.0,normalDay
2023-09-13,7215.0,407.0,0.0,0,446.51,0.0,1,7.6,3.53,SPY231117P00427000,427.0,0,0.0,0.0,,0.0,normalDay
2023-09-14,7215.0,489.0,0.0,0,450.36,0.0,1,7.6,2.71,SPY231117P00427000,427.0,0,0.0,0.0,,0.0,normalDay
2023-09-15,7215.0,384.0,0.0,0,443.37,0.0,1,7.6,3.76,SPY231117P00427000,427.0,0,0.0,0.0,,0.0,normalDay
2023-09-18,7215.0,399.0,0.0,0,443.63,0.0,1,7.6,3.61,SPY231117P00427000,427.0,0,0.0,0.0,,0.0,normalDay
2023-09-19,7215.0,390.0,0.0,0,442.71,0.0,1,7.6,3.7,SPY231117P00427000,427.0,0,0.0,0.0,,0.0,normalDay
2023-09-20,7215.0,277.0,0.0,0,438.64,0.0,1,7.6,4.83,SPY231117P00427000,427.0,0,0.0,0.0,,0.0,normalDay
2023-09-21,7215.0,14.0,0.0,0,431.39,0.0,1,7.6,7.46,SPY231117P00427000,427.0,0,0.0,0.0,,0.0,normalDay
2023-09-22,7215.0,-4.0,0.0,0,430.42,0.0,1,7.6,7.64,SPY231117P00427000,427.0,0,0.0,0.0,,0.0,normalDay
2023-09-25,7215.0,76.0,0.0,0,432.23,0.0,1,7.6,6.84,SPY231117P00427000,427.0,0,0.0,0.0,,0.0,normalDay
2023-09-26,7215.0,-209.0,0.0,0,425.88,0.0,1,7.6,9.69,SPY231117P00427000,427.0,0,0.0,0.0,,0.0,normalDay
2023-09-27,7215.0,-163.0,0.0,0,426.05,0.0,1,7.6,9.23,SPY231117P00427000,427.0,0,0.0,0.0,,0.0,normalDay
2023-09-28,7215.0,-47.0,0.0,0,428.52,0.0,1,7.6,8.07,SPY231117P00427000,427.0,0,0.0,0.0,,0.0,normalDay
2023-09-29,7215.0,-78.0,0.0,0,427.48,0.0,1,7.6,8.38,SPY231117P00427000,427.0,0,0.0,0.0,,0.0,normalDay
2023-10-02,7215.0,-61.0,0.0,0,427.31,0.0,1,7.6,8.21,SPY231117P00427000,427.0,0,0.0,0.0,,0.0,normalDay
2023-10-03,7215.0,-377.0,0.0,0,421.59,0.0,1,7.6,11.37,SPY231117P00427000,427.0,0,0.0,0.0,,0.0,normalDay
2023-10-04,7215.0,-209.0,0.0,0,424.66,0.0,1,7.6,9.69,SPY231117P00427000,427.0,0,0.0,0.0,,0.0,normalDay
2023-10-05,7215.0,-213.0,0.0,0,424.5,0.0,1,7.6,9.73,SPY231117P00427000,427.0,0,0.0,0.0,,0.0,normalDay
2023-10-06,7215.0,63.0,0.0,0,429.54,0.0,1,7.6,6.97,SPY231117P00427000,427.0,0,0.0,0.0,,0.0,normalDay
2023-10-09,7215.0,169.0,0.0,0,432.29,0.0,1,7.6,5.91,SPY231117P00427000,427.0,0,0.0,0.0,,0.0,normalDay
2023-10-10,7215.0,261.0,0.0,0,434.54,0.0,1,7.6,4.99,SPY231117P00427000,427.0,0,0.0,0.0,,0.0,normalDay
2023-10-11,7215.0,360.0,0.0,0,436.32,0.0,1,7.6,4.0,SPY231117P00427000,427.0,0,0.0,0.0,,0.0,normalDay
2023-10-12,7215.0,277.0,0.0,0,433.66,0.0,1,7.6,4.83,SPY231117P00427000,427.0,0,0.0,0.0,,0.0,normalDay
2023-10-13,7215.0,118.0,0.0,0,431.5,0.0,1,7.6,6.42,SPY231117P00427000,427.0,0,0.0,0.0,,0.0,normalDay
2023-10-16,7215.0,346.0,0.0,0,436.04,0.0,1,7.6,4.14,SPY231117P00427000,427.0,0,0.0,0.0,,0.0,normalDay
2023-10-17,7215.0,326.0,0.0,0,436.02,0.0,1,7.6,4.34,SPY231117P00427000,427.0,0,0.0,0.0,,0.0,normalDay
2023-10-18,7215.0,143.0,0.0,0,430.21,0.0,1,7.6,6.17,SPY231117P00427000,427.0,0,0.0,0.0,,0.0,normalDay
2023-10-19,7215.0,-107.0,0.0,0,426.43,0.0,1,7.6,8.67,SPY231117P00427000,427.0,0,0.0,0.0,,0.0,normalDay
2023-10-20,7215.0,-298.0,0.0,0,421.19,0.0,1,7.6,10.58,SPY231117P00427000,427.0,0,0.0,0.0,,0.0,normalDay
2023-10-23,7215.0,-237.0,0.0,0,420.46,0.0,1,7.6,9.97,SPY231117P00427000,427.0,0,0.0,0.0,,0.0,normalDay
2023-10-24,7215.0,-48.0,0.0,0,423.63,0.0,1,7.6,8.08,SPY231117P00427000,427.0,0,0.0,0.0,,0.0,normalDay
2023-10-25,7215.0,-446.0,0.0,0,417.55,0.0,1,7.6,12.06,SPY231117P00427000,427.0,0,0.0,0.0,,0.0,normalDay
2023-10-26,7215.0,-849.0,0.0,0,412.55,0.0,1,7.6,16.09,SPY231117P00427000,427.0,0,0.0,0.0,,0.0,normalDay
2023-10-27,7215.0,-987.0,0.0,0,410.68,0.0,1,7.6,17.47,SPY231117P00427000,427.0,0,0.0,0.0,,0.0,normalDay
2023-10-30,7215.0,-543.0,0.0,0,415.59,0.0,1,7.6,13.03,SPY231117P00427000,427.0,0,0.0,0.0,,0.0,normalDay
2023-10-31,7215.0,-319.0,0.0,0,418.2,0.0,1,7.6,10.79,SPY231117P00427000,427.0,0,0.0,0.0,,0.0,normalDay
2023-11-01,7215.0,40.0,0.0,0,422.66,0.0,1,7.6,7.2,SPY231117P00427000,427.0,0,0.0,0.0,,0.0,normalDay
2023-11-02,7215.0,442.0,0.0,0,430.76,0.0,1,7.6,3.18,SPY231117P00427000,427.0,0,0.0,0.0,,0.0,normalDay
2023-11-03,7215.0,594.0,0.0,0,434.69,0.0,1,7.6,1.66,SPY231117P00427000,427.0,0,0.0,0.0,,0.0,normalDay
2023-11-06,7215.0,632.0,0.0,0,435.69,0.0,1,7.6,1.28,SPY231117P00427000,427.0,0,0.0,0.0,,0.0,normalDay
2023-11-07,7215.0,667.0,0.0,0,436.93,0.0,1,7.6,0.93,SPY231117P00427000,427.0,0,0.0,0.0,,0.0,normalDay
2023-11-08,7215.0,688.0,0.0,0,437.25,0.0,1,7.6,0.72,SPY231117P00427000,427.0,0,0.0,0.0,,0.0,normalDay
2023-11-09,7215.0,644.0,0.0,0,433.84,0.0,1,7.6,1.16,SPY231117P00427000,427.0,0,0.0,0.0,,0.0,normalDay
2023-11-10,7215.0,735.0,0.0,0,440.61,0.0,1,7.6,0.25,SPY231117P00427000,427.0,0,0.0,0.0,,0.0,normalDay
2023-11-13,7215.0,742.0,0.0,0,440.19,0.0,1,7.6,0.18,SPY231117P00427000,427.0,0,0.0,0.0,,0.0,normalDay
2023-11-14,7215.0,752.0,0.0,0,448.73,0.0,1,7.6,0.08,SPY231117P00427000,427.0,0,0.0,0.0,,0.0,normalDay
2023-11-15,7215.0,756.0,0.0,0,449.68,0.0,1,7.6,0.04,SPY231117P00427000,427.0,0,0.0,0.0,,0.0,normalDay
2023-11-16,7215.0,758.0,0.0,0,450.23,0.0,1,7.6,0.02,SPY231117P00427000,427.0,0,0.0,0.0,,0.0,normalDay
2023-11-17,7975.0,0.0,760.0,0,450.79,0.0,1,7.6,0.0,SPY231117P00427000,427.0,0,0.0,0.0,,0.0,expirationDay
2023-11-20,7975.0,-10.0,0.0,0,454.26,0.0,1,3.87,3.97,SPY240328P00413000,413.0,0,0.0,0.0,,0.0,normalDay
2023-11-21,7975.0,-7.0,0.0,0,453.27,0.0,1,3.87,3.94,SPY240328P00413000,413.0,0,0.0,0.0,,0.0,normalDay
2023-11-22,7975.0,13.0,0.0,0,455.02,0.0,1,3.87,3.74,SPY240328P00413000,413.0,0,0.0,0.0,,0.0,normalDay
2023-11-24,7975.0,30.0,0.0,0,455.3,0.0,1,3.87,3.57,SPY240328P00413000,413.0,0,0.0,0.0,,0.0,normalDay
2023-11-27,7975.0,28.0,0.0,0,454.48,0.0,1,3.87,3.59,SPY240328P00413000,413.0,0,0.0,0.0,,0.0,normalDay
2023-11-28,7975.0,40.0,0.0,0,454.93,0.0,1,3.87,3.47,SPY240328P00413000,413.0,0,0.0,0.0,,0.0,normalDay
2023-11-29,7975.0,31.0,0.0,0,454.61,0.0,1,3.87,3.56,SPY240328P00413000,413.0,0,0.0,0.0,,0.0,normalDay
2023-11-30,7975.0,41.0,0.0,0,456.4,0.0,1,3.87,3.46,SPY240328P00413000,413.0,0,0.0,0.0,,0.0,normalDay
