date,totalCapital,unrializedPnL,rializedPnL,stocksOwned,stocksPriceToday,stocksPriceBoughtAt,putOwned,putOwnedSoldAt,putPriceToday,putOwnedContract,putOwnedStrike,callOwned,callOwnedSoldAt,callPriceToday,callOwnedContract,callOwnedStrike,trackType
2018-11-01,0.0,-9.0,0.0,0,273.51,0.0,1,5.82,5.91,SPY190315P00255000,255.0,0,0.0,0.0,,0.0,normalDay
2018-11-02,0.0,-42.0,0.0,0,271.89,0.0,1,5.82,6.24,SPY190315P00255000,255.0,0,0.0,0.0,,0.0,normalDay
2018-11-05,0.0,10.0,0.0,0,273.39,0.0,1,5.82,5.72,SPY190315P00255000,255.0,0,0.0,0.0,,0.0,normalDay
2018-11-06,0.0,62.0,0.0,0,275.12,0.0,1,5.82,5.2,SPY190315P00255000,255.0,0,0.0,0.0,,0.0,normalDay
2018-11-07,0.0,213.0,0.0,0,281.01,0.0,1,5.82,3.69,SPY190315P00255000,255.0,0,0.0,0.0,,0.0,normalDay
2018-11-08,0.0,216.0,0.0,0,280.5,0.0,1,5.82,3.66,SPY190315P00255000,255.0,0,0.0,0.0,,0.0,normalDay
2018-11-09,0.0,146.0,0.0,0,277.76,0.0,1,5.82,4.36,SPY190315P00255000,255.0,0,0.0,0.0,,0.0,normalDay
2018-11-12,0.0,14.0,0.0,0,272.57,0.0,1,5.82,5.68,SPY190315P00255000,255.0,0,0.0,0.0,,0.0,normalDay
2018-11-13,0.0,-10.0,0.0,0,272.06,0.0,1,5.82,5.92,SPY190315P00255000,255.0,0,0.0,0.0,,0.0,normalDay
2018-11-14,0.0,-84.0,0.0,0,270.2,0.0,1,5.82,6.66,SPY190315P00255000,255.0,0,0.0,0.0,,0.0,normalDay
2018-11-15,0.0,9.0,0.0,0,273.02,0.0,1,5.82,5.73,SPY190315P00255000,255.0,0,0.0,0.0,,0.0,normalDay
2018-11-16,0.0,65.0,0.0,0,273.73,0.0,1,5.82,5.17,SPY190315P00255000,255.0,0,0.0,0.0,,0.0,normalDay
2018-11-19,0.0,-67.0,0.0,0,269.1,0.0,1,5.82,6.49,SPY190315P00255000,255.0,0,0.0,0.0,,0.0,normalDay
2018-11-20,0.0,-259.0,0.0,0,264.12,0.0,1,5.82,8.41,SPY190315P00255000,255.0,0,0.0,0.0,,0.0,normalDay
2018-11-21,0.0,-185.0,0.0,0,265.02,0.0,1,5.82,7.67,SPY190315P00255000,255.0,0,0.0,0.0,,0.0,normalDay
2018-11-23,0.0,-249.0,0.0,0,263.25,0.0,1,5.82,8.31,SPY190315P00255000,255.0,0,0.0,0.0,,0.0,normalDay
2018-11-26,0.0,-38.0,0.0,0,267.5,0.0,1,5.82,6.2,SPY190315P00255000,255.0,0,0.0,0.0,,0.0,normalDay
2018-11-27,0.0,-20.0,0.0,0,268.4,0.0,1,5.82,6.02,SPY190315P00255000,255.0,0,0.0,0.0,,0.0,normalDay
2018-11-28,0.0,125.0,0.0,0,274.58,0.0,1,5.82,4.57,SPY190315P00255000,255.0,0,0.0,0.0,,0.0,normalDay
2018-11-29,0.0,109.0,0.0,0,273.98,0.0,1,5.82,4.73,SPY190315P00255000,255.0,0,0.0,0.0,,0.0,normalDay
2018-11-30,0.0,160.0,0.0,0,275.65,0.0,1,5.82,4.22,SPY190315P00255000,255.0,0,0.0,0.0,,0.0,normalDay
2018-12-03,0.0,252.0,0.0,0,279.3,0.0,1,5.82,3.3,SPY190315P00255000,255.0,0,0.0,0.0,,0.0,normalDay
2018-12-04,0.0,11.0,0.0,0,270.25,0.0,1,5.82,5.71,SPY190315P00255000,255.0,0,0.0,0.0,,0.0,normalDay
2018-12-06,0.0,-1.0,0.0,0,269.84,0.0,1,5.82,5.83,SPY190315P00255000,255.0,0,0.0,0.0,,0.0,normalDay
2018-12-07,0.0,-220.0,0.0,0,263.57,0.0,1,5.82,8.02,SPY190315P00255000,255.0,0,0.0,0.0,,0.0,normalDay
2018-12-10,0.0,-160.0,0.0,0,264.07,0.0,1,5.82,7.42,SPY190315P00255000,255.0,0,0.0,0.0,,0.0,normalDay
2018-12-11,0.0,-148.0,0.0,0,264.13,0.0,1,5.82,7.3,SPY190315P00255000,255.0,0,0.0,0.0,,0.0,normalDay
2018-12-12,0.0,-113.0,0.0,0,265.46,0.0,1,5.82,6.95,SPY190315P00255000,255.0,0,0.0,0.0,,0.0,normalDay
2018-12-13,0.0,-92.0,0.0,0,265.37,0.0,1,5.82,6.74,SPY190315P00255000,255.0,0,0.0,0.0,,0.0,normalDay
2018-12-14,0.0,-258.0,0.0,0,260.47,0.0,1,5.82,8.4,SPY190315P00255000,255.0,0,0.0,0.0,,0.0,normalDay
2018-12-17,0.0,-481.0,0.0,0,255.36,0.0,1,5.82,10.63,SPY190315P00255000,255.0,0,0.0,0.0,,0.0,normalDay
2018-12-18,0.0,-537.0,0.0,0,255.08,0.0,1,5.82,11.19,SPY190315P00255000,255.0,0,0.0,0.0,,0.0,normalDay
2018-12-19,0.0,-651.0,0.0,0,251.26,0.0,1,5.82,12.33,SPY190315P00255000,255.0,0,0.0,0.0,,0.0,normalDay
2018-12-20,0.0,-889.0,0.0,0,247.17,0.0,1,5.82,14.71,SPY190315P00255000,255.0,0,0.0,0.0,,0.0,normalDay
2018-12-21,0.0,-1311.0,0.0,0,240.7,0.0,1,5.82,18.93,SPY190315P00255000,255.0,0,0.0,0.0,,0.0,normalDay
2018-12-24,0.0,-1947.0,0.0,0,234.34,0.0,1,5.82,25.29,SPY190315P00255000,255.0,0,0.0,0.0,,0.0,normalDay
2018-12-26,0.0,-884.0,0.0,0,246.18,0.0,1,5.82,14.66,SPY190315P00255000,255.0,0,0.0,0.0,,0.0,normalDay
2018-12-27,0.0,-795.0,0.0,0,248.07,0.0,1,5.82,13.77,SPY190315P00255000,255.0,0,0.0,0.0,,0.0,normalDay
2018-12-28,0.0,-813.0,0.0,0,247.75,0.0,1,5.82,13.95,SPY190315P00255000,255.0,0,0.0,0.0,,0.0,normalDay
2018-12-31,0.0,-617.0,0.0,0,249.92,0.0,1,5.82,11.99,SPY190315P00255000,255.0,0,0.0,0.0,,0.0,normalDay
2019-01-02,0.0,-537.0,0.0,0,250.18,0.0,1,5.82,11.19,SPY190315P00255000,255.0,0,0.0,0.0,,0.0,normalDay
2019-01-03,0.0,-949.0,0.0,0,244.21,0.0,1,5.82,15.31,SPY190315P00255000,255.0,0,0.0,0.0,,0.0,normalDay
2019-01-04,0.0,-402.0,0.0,0,252.39,0.0,1,5.82,9.84,SPY190315P00255000,255.0,0,0.0,0.0,,0.0,normalDay
2019-01-07,0.0,-299.0,0.0,0,254.38,0.0,1,5.82,8.81,SPY190315P00255000,255.0,0,0.0,0.0,,0.0,normalDay
2019-01-08,0.0,-168.0,0.0,0,256.77,0.0,1,5.82,7.5,SPY190315P00255000,255.0,0,0.0,0.0,,0.0,normalDay
2019-01-09,0.0,-100.0,0.0,0,257.97,0.0,1,5.82,6.82,SPY190315P00255000,255.0,0,0.0,0.0,,0.0,normalDay
2019-01-10,0.0,-46.0,0.0,0,258.88,0.0,1,5.82,6.28,SPY190315P00255000,255.0,0,0.0,0.0,,0.0,normalDay
2019-01-11,0.0,-2.0,0.0,0,258.98,0.0,1,5.82,5.84,SPY190315P00255000,255.0,0,0.0,0.0,,0.0,normalDay
2019-01-14,0.0,-37.0,0.0,0,257.4,0.0,1,5.82,6.19,SPY190315P00255000,255.0,0,0.0,0.0,,0.0,normalDay
2019-01-15,0.0,92.0,0.0,0,260.35,0.0,1,5.82,4.9,SPY190315P00255000,255.0,0,0.0,0.0,,0.0,normalDay
2019-01-16,0.0,116.0,0.0,0,260.98,0.0,1,5.82,4.66,SPY190315P00255000,255.0,0,0.0,0.0,,0.0,normalDay
2019-01-17,0.0,183.0,0.0,0,262.96,0.0,1,5.82,3.99,SPY190315P00255000,255.0,0,0.0,0.0,,0.0,normalDay
2019-01-18,0.0,265.0,0.0,0,266.46,0.0,1,5.82,3.17,SPY190315P00255000,255.0,0,0.0,0.0,,0.0,normalDay
2019-01-22,0.0,146.0,0.0,0,262.86,0.0,1,5.82,4.36,SPY190315P00255000,255.0,0,0.0,0.0,,0.0,normalDay
2019-01-23,0.0,163.0,0.0,0,263.41,0.0,1,5.82,4.19,SPY190315P00255000,255.0,0,0.0,0.0,,0.0,normalDay
2019-01-24,0.0,191.0,0.0,0,263.55,0.0,1,5.82,3.91,SPY190315P00255000,255.0,0,0.0,0.0,,0.0,normalDay
2019-01-25,0.0,282.0,0.0,0,265.78,0.0,1,5.82,3.0,SPY190315P00255000,255.0,0,0.0,0.0,,0.0,normalDay
2019-01-28,0.0,222.0,0.0,0,263.76,0.0,1,5.82,3.6,SPY190315P00255000,255.0,0,0.0,0.0,,0.0,normalDay
2019-01-29,0.0,213.0,0.0,0,263.41,0.0,1,5.82,3.69,SPY190315P00255000,255.0,0,0.0,0.0,,0.0,normalDay
2019-01-30,0.0,339.0,0.0,0,267.58,0.0,1,5.82,2.43,SPY190315P00255000,255.0,0,0.0,0.0,,0.0,normalDay
2019-01-31,0.0,412.0,0.0,0,269.93,0.0,1,5.82,1.7,SPY190315P00255000,255.0,0,0.0,0.0,,0.0,normalDay
2019-02-01,0.0,422.0,0.0,0,270.06,0.0,1,5.82,1.6,SPY190315P00255000,255.0,0,0.0,0.0,,0.0,normalDay
2019-02-04,0.0,462.0,0.0,0,271.96,0.0,1,5.82,1.2,SPY190315P00255000,255.0,0,0.0,0.0,,0.0,normalDay
2019-02-05,0.0,471.0,0.0,0,273.1,0.0,1,5.82,1.11,SPY190315P00255000,255.0,0,0.0,0.0,,0.0,normalDay
2019-02-06,0.0,475.0,0.0,0,272.74,0.0,1,5.82,1.07,SPY190315P00255000,255.0,0,0.0,0.0,,0.0,normalDay
2019-02-07,0.0,442.0,0.0,0,270.14,0.0,1,5.82,1.4,SPY190315P00255000,255.0,0,0.0,0.0,,0.0,normalDay
2019-02-08,0.0,456.0,0.0,0,270.47,0.0,1,5.82,1.26,SPY190315P00255000,255.0,0,0.0,0.0,,0.0,normalDay
2019-02-11,0.0,469.0,0.0,0,270.62,0.0,1,5.82,1.13,SPY190315P00255000,255.0,0,0.0,0.0,,0.0,normalDay
2019-02-12,0.0,507.0,0.0,0,274.1,0.0,1,5.82,0.75,SPY190315P00255000,255.0,0,0.0,0.0,,0.0,normalDay
2019-02-13,0.0,512.0,0.0,0,274.99,0.0,1,5.82,0.7,SPY190315P00255000,255.0,0,0.0,0.0,,0.0,normalDay
2019-02-14,0.0,504.0,0.0,0,274.38,0.0,1,5.82,0.78,SPY190315P00255000,255.0,0,0.0,0.0,,0.0,normalDay
2019-02-15,0.0,532.0,0.0,0,277.37,0.0,1,5.82,0.5,SPY190315P00255000,255.0,0,0.0,0.0,,0.0,normalDay
2019-02-19,0.0,543.0,0.0,0,277.85,0.0,1,5.82,0.39,SPY190315P00255000,255.0,0,0.0,0.0,,0.0,normalDay
2019-02-20,0.0,553.0,0.0,0,278.41,0.0,1,5.82,0.29,SPY190315P00255000,255.0,0,0.0,0.0,,0.0,normalDay
2019-02-21,0.0,551.0,0.0,0,277.42,0.0,1,5.82,0.31,SPY190315P00255000,255.0,0,0.0,0.0,,0.0,normalDay
2019-02-22,0.0,561.0,0.0,0,279.14,0.0,1,5.82,0.21,SPY190315P00255000,255.0,0,0.0,0.0,,0.0,normalDay
2019-02-25,0.0,558.0,0.0,0,279.52,0.0,1,5.82,0.24,SPY190315P00255000,255.0,0,0.0,0.0,,0.0,normalDay
2019-02-26,0.0,559.0,0.0,0,279.32,0.0,1,5.82,0.23,SPY190315P00255000,255.0,0,0.0,0.0,,0.0,normalDay
2019-02-27,0.0,561.0,0.0,0,279.2,0.0,1,5.82,0.21,SPY190315P00255000,255.0,0,0.0,0.0,,0.0,normalDay
2019-02-28,0.0,560.0,0.0,0,278.68,0.0,1,5.82,0.22,SPY190315P00255000,255.0,0,0.0,0.0,,0.0,normalDay
2019-03-01,0.0,570.0,0.0,0,280.42,0.0,1,5.82,0.12,SPY190315P00255000,255.0,0,0.0,0.0,,0.0,normalDay
2019-03-04,0.0,571.0,0.0,0,279.4,0.0,1,5.82,0.11,SPY190315P00255000,255.0,0,0.0,0.0,,0.0,normalDay
2019-03-05,0.0,572.0,0.0,0,279.02,0.0,1,5.82,0.1,SPY190315P00255000,255.0,0,0.0,0.0,,0.0,normalDay
2019-03-06,0.0,569.0,0.0,0,277.33,0.0,1,5.82,0.13,SPY190315P00255000,255.0,0,0.0,0.0,,0.0,normalDay
2019-03-07,0.0,568.0,0.0,0,275.01,0.0,1,5.82,0.14,SPY190315P00255000,255.0,0,0.0,0.0,,0.0,normalDay
2019-03-08,0.0,574.0,0.0,0,274.46,0.0,1,5.82,0.08,SPY190315P00255000,255.0,0,0.0,0.0,,0.0,normalDay
2019-03-11,0.0,579.0,0.0,0,278.44,0.0,1,5.82,0.03,SPY190315P00255000,255.0,0,0.0,0.0,,0.0,normalDay
2019-03-12,0.0,580.0,0.0,0,279.49,0.0,1,5.82,0.02,SPY190315P00255000,255.0,0,0.0,0.0,,0.0,normalDay
2019-03-13,0.0,581.0,0.0,0,281.34,0.0,1,5.82,0.01,SPY190315P00255000,255.0,0,0.0,0.0,,0.0,normalDay
2019-03-14,0.0,581.0,0.0,0,281.16,0.0,1,5.82,0.01,SPY190315P00255000,255.0,0,0.0,0.0,,0.0,normalDay
2019-03-15,582.0,0.0,582.0,0,281.31,0.0,1,5.82,0.0,SPY190315P00255000,255.0,0,0.0,0.0,,0.0,expirationDay
2019-03-18,582.0,-5.0,0.0,0,282.33,0.0,1,5.25,5.3,SPY190719P00273000,273.0,0,0.0,0.0,,0.0,normalDay
2019-03-19,582.0,-24.0,0.0,0,282.4,0.0,1,5.25,5.49,SPY190719P00273000,273.0,0,0.0,0.0,,0.0,normalDay
2019-03-20,582.0,-51.0,0.0,0,281.55,0.0,1,5.25,5.76,SPY190719P00273000,273.0,0,0.0,0.0,,0.0,normalDay
2019-03-21,582.0,34.0,0.0,0,284.73,0.0,1,5.25,4.91,SPY190719P00273000,273.0,0,0.0,0.0,,0.0,normalDay
2019-03-22,582.0,-155.0,0.0,0,279.25,0.0,1,5.25,6.8,SPY190719P00273000,273.0,0,0.0,0.0,,0.0,normalDay
2019-03-25,582.0,-178.0,0.0,0,279.04,0.0,1,5.25,7.03,SPY190719P00273000,273.0,0,0.0,0.0,,0.0,normalDay
2019-03-26,582.0,-87.0,0.0,0,281.12,0.0,1,5.25,6.12,SPY190719P00273000,273.0,0,0.0,0.0,,0.0,normalDay
2019-03-27,582.0,-132.0,0.0,0,279.65,0.0,1,5.25,6.57,SPY190719P00273000,273.0,0,0.0,0.0,,0.0,normalDay
2019-03-28,582.0,-77.0,0.0,0,280.71,0.0,1,5.25,6.02,SPY190719P00273000,273.0,0,0.0,0.0,,0.0,normalDay
2019-03-29,582.0,-8.0,0.0,0,282.48,0.0,1,5.25,5.33,SPY190719P00273000,273.0,0,0.0,0.0,,0.0,normalDay
2019-04-01,582.0,82.0,0.0,0,285.83,0.0,1,5.25,4.43,SPY190719P00273000,273.0,0,0.0,0.0,,0.0,normalDay
2019-04-02,582.0,90.0,0.0,0,285.97,0.0,1,5.25,4.35,SPY190719P00273000,273.0,0,0.0,0.0,,0.0,normalDay
2019-04-03,582.0,106.0,0.0,0,286.42,0.0,1,5.25,4.19,SPY190719P00273000,273.0,0,0.0,0.0,,0.0,normalDay
2019-04-04,582.0,125.0,0.0,0,287.18,0.0,1,5.25,4.0,SPY190719P00273000,273.0,0,0.0,0.0,,0.0,normalDay
2019-04-05,582.0,169.0,0.0,0,288.57,0.0,1,5.25,3.56,SPY190719P00273000,273.0,0,0.0,0.0,,0.0,normalDay
2019-04-08,582.0,175.0,0.0,0,288.79,0.0,1,5.25,3.5,SPY190719P00273000,273.0,0,0.0,0.0,,0.0,normalDay
2019-04-09,582.0,121.0,0.0,0,287.31,0.0,1,5.25,4.04,SPY190719P00273000,273.0,0,0.0,0.0,,0.0,normalDay
2019-04-10,582.0,170.0,0.0,0,288.29,0.0,1,5.25,3.55,SPY190719P00273000,273.0,0,0.0,0.0,,0.0,normalDay
2019-04-11,582.0,173.0,0.0,0,288.21,0.0,1,5.25,3.52,SPY190719P00273000,273.0,0,0.0,0.0,,0.0,normalDay
2019-04-12,582.0,235.0,0.0,0,290.16,0.0,1,5.25,2.9,SPY190719P00273000,273.0,0,0.0,0.0,,0.0,normalDay
2019-04-15,582.0,242.0,0.0,0,289.97,0.0,1,5.25,2.83,SPY190719P00273000,273.0,0,0.0,0.0,,0.0,normalDay
2019-04-16,582.0,246.0,0.0,0,290.16,0.0,1,5.25,2.79,SPY190719P00273000,273.0,0,0.0,0.0,,0.0,normalDay
2019-04-17,582.0,230.0,0.0,0,289.45,0.0,1,5.25,2.95,SPY190719P00273000,273.0,0,0.0,0.0,,0.0,normalDay
2019-04-18,582.0,248.0,0.0,0,290.02,0.0,1,5.25,2.77,SPY190719P00273000,273.0,0,0.0,0.0,,0.0,normalDay
2019-04-22,582.0,264.0,0.0,0,290.27,0.0,1,5.25,2.61,SPY190719P00273000,273.0,0,0.0,0.0,,0.0,normalDay
2019-04-23,582.0,300.0,0.0,0,292.88,0.0,1,5.25,2.25,SPY190719P00273000,273.0,0,0.0,0.0,,0.0,normalDay
2019-04-24,582.0,284.0,0.0,0,292.23,0.0,1,5.25,2.41,SPY190719P00273000,273.0,0,0.0,0.0,,0.0,normalDay
2019-04-25,582.0,277.0,0.0,0,292.05,0.0,1,5.25,2.48,SPY190719P00273000,273.0,0,0.0,0.0,,0.0,normalDay
2019-04-26,582.0,303.0,0.0,0,293.41,0.0,1,5.25,2.22,SPY190719P00273000,273.0,0,0.0,0.0,,0.0,normalDay
2019-04-29,582.0,310.0,0.0,0,293.87,0.0,1,5.25,2.15,SPY190719P00273000,273.0,0,0.0,0.0,,0.0,normalDay
2019-04-30,582.0,315.0,0.0,0,294.02,0.0,1,5.25,2.1,SPY190719P00273000,273.0,0,0.0,0.0,,0.0,normalDay
2019-05-01,582.0,267.0,0.0,0,291.81,0.0,1,5.25,2.58,SPY190719P00273000,273.0,0,0.0,0.0,,0.0,normalDay
2019-05-02,582.0,260.0,0.0,0,291.18,0.0,1,5.25,2.65,SPY190719P00273000,273.0,0,0.0,0.0,,0.0,normalDay
2019-05-03,582.0,325.0,0.0,0,294.03,0.0,1,5.25,2.0,SPY190719P00273000,273.0,0,0.0,0.0,,0.0,normalDay
2019-05-06,582.0,277.0,0.0,0,292.82,0.0,1,5.25,2.48,SPY190719P00273000,273.0,0,0.0,0.0,,0.0,normalDay
2019-05-07,582.0,116.0,0.0,0,287.93,0.0,1,5.25,4.09,SPY190719P00273000,273.0,0,0.0,0.0,,0.0,normalDay
2019-05-08,582.0,123.0,0.0,0,287.53,0.0,1,5.25,4.02,SPY190719P00273000,273.0,0,0.0,0.0,,0.0,normalDay
2019-05-09,582.0,120.0,0.0,0,286.66,0.0,1,5.25,4.05,SPY190719P00273000,273.0,0,0.0,0.0,,0.0,normalDay
2019-05-10,582.0,201.0,0.0,0,288.1,0.0,1,5.25,3.24,SPY190719P00273000,273.0,0,0.0,0.0,,0.0,normalDay
2019-05-13,582.0,-52.0,0.0,0,280.86,0.0,1,5.25,5.77,SPY190719P00273000,273.0,0,0.0,0.0,,0.0,normalDay
2019-05-14,582.0,70.0,0.0,0,283.4,0.0,1,5.25,4.55,SPY190719P00273000,273.0,0,0.0,0.0,,0.0,normalDay
2019-05-15,582.0,154.0,0.0,0,285.06,0.0,1,5.25,3.71,SPY190719P00273000,273.0,0,0.0,0.0,,0.0,normalDay
2019-05-16,582.0,234.0,0.0,0,287.7,0.0,1,5.25,2.91,SPY190719P00273000,273.0,0,0.0,0.0,,0.0,normalDay
2019-05-17,582.0,189.0,0.0,0,285.84,0.0,1,5.25,3.36,SPY190719P00273000,273.0,0,0.0,0.0,,0.0,normalDay
2019-05-20,582.0,161.0,0.0,0,283.95,0.0,1,5.25,3.64,SPY190719P00273000,273.0,0,0.0,0.0,,0.0,normalDay
2019-05-21,582.0,244.0,0.0,0,286.51,0.0,1,5.25,2.81,SPY190719P00273000,273.0,0,0.0,0.0,,0.0,normalDay
2019-05-22,582.0,235.0,0.0,0,285.63,0.0,1,5.25,2.9,SPY190719P00273000,273.0,0,0.0,0.0,,0.0,normalDay
2019-05-23,582.0,114.0,0.0,0,282.14,0.0,1,5.25,4.11,SPY190719P00273000,273.0,0,0.0,0.0,,0.0,normalDay
2019-05-24,582.0,160.0,0.0,0,282.78,0.0,1,5.25,3.65,SPY190719P00273000,273.0,0,0.0,0.0,,0.0,normalDay
2019-05-28,582.0,90.0,0.0,0,280.15,0.0,1,5.25,4.35,SPY190719P00273000,273.0,0,0.0,0.0,,0.0,normalDay
2019-05-29,582.0,27.0,0.0,0,278.27,0.0,1,5.25,4.98,SPY190719P00273000,273.0,0,0.0,0.0,,0.0,normalDay
2019-05-30,582.0,63.0,0.0,0,279.03,0.0,1,5.25,4.62,SPY190719P00273000,273.0,0,0.0,0.0,,0.0,normalDay
2019-05-31,582.0,-91.0,0.0,0,275.27,0.0,1,5.25,6.16,SPY190719P00273000,273.0,0,0.0,0.0,,0.0,normalDay
2019-06-03,582.0,-85.0,0.0,0,274.57,0.0,1,5.25,6.1,SPY190719P00273000,273.0,0,0.0,0.0,,0.0,normalDay
2019-06-04,582.0,149.0,0.0,0,280.53,0.0,1,5.25,3.76,SPY190719P00273000,273.0,0,0.0,0.0,,0.0,normalDay
2019-06-05,582.0,239.0,0.0,0,282.96,0.0,1,5.25,2.86,SPY190719P00273000,273.0,0,0.0,0.0,,0.0,normalDay
2019-06-06,582.0,286.0,0.0,0,284.8,0.0,1,5.25,2.39,SPY190719P00273000,273.0,0,0.0,0.0,,0.0,normalDay
2019-06-07,582.0,324.0,0.0,0,287.65,0.0,1,5.25,2.01,SPY190719P00273000,273.0,0,0.0,0.0,,0.0,normalDay
2019-06-10,582.0,360.0,0.0,0,288.97,0.0,1,5.25,1.65,SPY190719P00273000,273.0,0,0.0,0.0,,0.0,normalDay
2019-06-11,582.0,358.0,0.0,0,288.9,0.0,1,5.25,1.67,SPY190719P00273000,273.0,0,0.0,0.0,,0.0,normalDay
2019-06-12,582.0,359.0,0.0,0,288.39,0.0,1,5.25,1.66,SPY190719P00273000,273.0,0,0.0,0.0,,0.0,normalDay
2019-06-13,582.0,380.0,0.0,0,289.58,0.0,1,5.25,1.45,SPY190719P00273000,273.0,0,0.0,0.0,,0.0,normalDay
2019-06-14,582.0,392.0,0.0,0,289.26,0.0,1,5.25,1.33,SPY190719P00273000,273.0,0,0.0,0.0,,0.0,normalDay
2019-06-17,582.0,405.0,0.0,0,289.37,0.0,1,5.25,1.2,SPY190719P00273000,273.0,0,0.0,0.0,,0.0,normalDay
2019-06-18,582.0,435.0,0.0,0,292.4,0.0,1,5.25,0.9,SPY190719P00273000,273.0,0,0.0,0.0,,0.0,normalDay
2019-06-19,582.0,454.0,0.0,0,293.06,0.0,1,5.25,0.71,SPY190719P00273000,273.0,0,0.0,0.0,,0.0,normalDay
2019-06-20,582.0,468.0,0.0,0,295.86,0.0,1,5.25,0.57,SPY190719P00273000,273.0,0,0.0,0.0,,0.0,normalDay
2019-06-21,582.0,464.0,0.0,0,294.0,0.0,1,5.25,0.61,SPY190719P00273000,273.0,0,0.0,0.0,,0.0,normalDay
2019-06-24,582.0,473.0,0.0,0,293.64,0.0,1,5.25,0.52,SPY190719P00273000,273.0,0,0.0,0.0,,0.0,normalDay
2019-06-25,582.0,449.0,0.0,0,290.76,0.0,1,5.25,0.76,SPY190719P00273000,273.0,0,0.0,0.0,,0.0,normalDay
2019-06-26,582.0,450.0,0.0,0,290.47,0.0,1,5.25,0.75,SPY190719P00273000,273.0,0,0.0,0.0,,0.0,normalDay
2019-06-27,582.0,467.0,0.0,0,291.5,0.0,1,5.25,0.58,SPY190719P00273000,273.0,0,0.0,0.0,,0.0,normalDay
2019-06-28,582.0,480.0,0.0,0,293.0,0.0,1,5.25,0.45,SPY190719P00273000,273.0,0,0.0,0.0,,0.0,normalDay
2019-07-01,582.0,504.0,0.0,0,295.66,0.0,1,5.25,0.21,SPY190719P00273000,273.0,0,0.0,0.0,,0.0,normalDay
2019-07-02,582.0,512.0,0.0,0,296.43,0.0,1,5.25,0.13,SPY190719P00273000,273.0,0,0.0,0.0,,0.0,normalDay
2019-07-03,582.0,516.0,0.0,0,298.8,0.0,1,5.25,0.09,SPY190719P00273000,273.0,0,0.0,0.0,,0.0,normalDay
2019-07-05,582.0,514.0,0.0,0,298.46,0.0,1,5.25,0.11,SPY190719P00273000,273.0,0,0.0,0.0,,0.0,normalDay
2019-07-08,582.0,518.0,0.0,0,296.82,0.0,1,5.25,0.07,SPY190719P00273000,273.0,0,0.0,0.0,,0.0,normalDay
2019-07-09,582.0,519.0,0.0,0,297.19,0.0,1,5.25,0.06,SPY190719P00273000,273.0,0,0.0,0.0,,0.0,normalDay
2019-07-10,582.0,521.0,0.0,0,298.61,0.0,1,5.25,0.04,SPY190719P00273000,273.0,0,0.0,0.0,,0.0,normalDay
2019-07-11,582.0,521.0,0.0,0,299.31,0.0,1,5.25,0.04,SPY190719P00273000,273.0,0,0.0,0.0,,0.0,normalDay
2019-07-12,582.0,522.0,0.0,0,300.65,0.0,1,5.25,0.03,SPY190719P00273000,273.0,0,0.0,0.0,,0.0,normalDay
2019-07-15,582.0,523.0,0.0,0,300.75,0.0,1,5.25,0.02,SPY190719P00273000,273.0,0,0.0,0.0,,0.0,normalDay
2019-07-16,582.0,523.0,0.0,0,299.78,0.0,1,5.25,0.02,SPY190719P00273000,273.0,0,0.0,0.0,,0.0,normalDay
2019-07-17,582.0,523.0,0.0,0,297.74,0.0,1,5.25,0.02,SPY190719P00273000,273.0,0,0.0,0.0,,0.0,normalDay
2019-07-18,582.0,524.0,0.0,0,298.83,0.0,1,5.25,0.01,SPY190719P00273000,273.0,0,0.0,0.0,,0.0,normalDay
2019-07-19,1107.0,0.0,525.0,0,297.17,0.0,1,5.25,0.0,SPY190719P00273000,273.0,0,0.0,0.0,,0.0,expirationDay
2019-07-22,1107.0,-7.0,0.0,0,297.9,0.0,1,5.74,5.81,SPY191115P00288000,288.0,0,0.0,0.0,,0.0,normalDay
2019-07-23,1107.0,67.0,0.0,0,300.03,0.0,1,5.74,5.07,SPY191115P00288000,288.0,0,0.0,0.0,,0.0,normalDay
2019-07-24,1107.0,112.0,0.0,0,301.44,0.0,1,5.74,4.62,SPY191115P00288000,288.0,0,0.0,0.0,,0.0,normalDay
2019-07-25,1107.0,67.0,0.0,0,300.0,0.0,1,5.74,5.07,SPY191115P00288000,288.0,0,0.0,0.0,,0.0,normalDay
2019-07-26,1107.0,125.0,0.0,0,302.01,0.0,1,5.74,4.49,SPY191115P00288000,288.0,0,0.0,0.0,,0.0,normalDay
2019-07-29,1107.0,122.0,0.0,0,301.46,0.0,1,5.74,4.52,SPY191115P00288000,288.0,0,0.0,0.0,,0.0,normalDay
2019-07-30,1107.0,76.0,0.0,0,300.72,0.0,1,5.74,4.98,SPY191115P00288000,288.0,0,0.0,0.0,,0.0,normalDay
2019-07-31,1107.0,-48.0,0.0,0,297.43,0.0,1,5.74,6.22,SPY191115P00288000,288.0,0,0.0,0.0,,0.0,normalDay
2019-08-01,1107.0,-161.0,0.0,0,294.84,0.0,1,5.74,7.35,SPY191115P00288000,288.0,0,0.0,0.0,,0.0,normalDay
2019-08-02,1107.0,-235.0,0.0,0,292.62,0.0,1,5.74,8.09,SPY191115P00288000,288.0,0,0.0,0.0,,0.0,normalDay
2019-08-05,1107.0,-756.0,0.0,0,283.82,0.0,1,5.74,13.3,SPY191115P00288000,288.0,0,0.0,0.0,,0.0,normalDay
2019-08-06,1107.0,-463.0,0.0,0,287.8,0.0,1,5.74,10.37,SPY191115P00288000,288.0,0,0.0,0.0,,0.0,normalDay
2019-08-07,1107.0,-451.0,0.0,0,287.97,0.0,1,5.74,10.25,SPY191115P00288000,288.0,0,0.0,0.0,,0.0,normalDay
2019-08-08,1107.0,-172.0,0.0,0,293.62,0.0,1,5.74,7.46,SPY191115P00288000,288.0,0,0.0,0.0,,0.0,normalDay
2019-08-09,1107.0,-262.0,0.0,0,291.62,0.0,1,5.74,8.36,SPY191115P00288000,288.0,0,0.0,0.0,,0.0,normalDay
2019-08-12,1107.0,-486.0,0.0,0,288.07,0.0,1,5.74,10.6,SPY191115P00288000,288.0,0,0.0,0.0,,0.0,normalDay
2019-08-13,1107.0,-231.0,0.0,0,292.55,0.0,1,5.74,8.05,SPY191115P00288000,288.0,0,0.0,0.0,,0.0,normalDay
2019-08-14,1107.0,-692.0,0.0,0,283.9,0.0,1,5.74,12.66,SPY191115P00288000,288.0,0,0.0,0.0,,0.0,normalDay
2019-08-15,1107.0,-636.0,0.0,0,284.65,0.0,1,5.74,12.1,SPY191115P00288000,288.0,0,0.0,0.0,,0.0,normalDay
2019-08-16,1107.0,-401.0,0.0,0,288.85,0.0,1,5.74,9.75,SPY191115P00288000,288.0,0,0.0,0.0,,0.0,normalDay
2019-08-19,1107.0,-201.0,0.0,0,292.33,0.0,1,5.74,7.75,SPY191115P00288000,288.0,0,0.0,0.0,,0.0,normalDay
2019-08-20,1107.0,-305.0,0.0,0,290.09,0.0,1,5.74,8.79,SPY191115P00288000,288.0,0,0.0,0.0,,0.0,normalDay
2019-08-21,1107.0,-147.0,0.0,0,292.45,0.0,1,5.74,7.21,SPY191115P00288000,288.0,0,0.0,0.0,,0.0,normalDay
2019-08-22,1107.0,-177.0,0.0,0,292.36,0.0,1,5.74,7.51,SPY191115P00288000,288.0,0,0.0,0.0,,0.0,normalDay
2019-08-23,1107.0,-524.0,0.0,0,284.85,0.0,1,5.74,10.98,SPY191115P00288000,288.0,0,0.0,0.0,,0.0,normalDay
2019-08-26,1107.0,-383.0,0.0,0,288.0,0.0,1,5.74,9.57,SPY191115P00288000,288.0,0,0.0,0.0,,0.0,normalDay
2019-08-27,1107.0,-465.0,0.0,0,286.87,0.0,1,5.74,10.39,SPY191115P00288000,288.0,0,0.0,0.0,,0.0,normalDay
2019-08-28,1107.0,-347.0,0.0,0,288.89,0.0,1,5.74,9.21,SPY191115P00288000,288.0,0,0.0,0.0,,0.0,normalDay
2019-08-29,1107.0,-174.0,0.0,0,292.58,0.0,1,5.74,7.48,SPY191115P00288000,288.0,0,0.0,0.0,,0.0,normalDay
2019-08-30,1107.0,-189.0,0.0,0,292.45,0.0,1,5.74,7.63,SPY191115P00288000,288.0,0,0.0,0.0,,0.0,normalDay
2019-09-03,1107.0,-260.0,0.0,0,290.74,0.0,1,5.74,8.34,SPY191115P00288000,288.0,0,0.0,0.0,,0.0,normalDay
2019-09-04,1107.0,-79.0,0.0,0,294.04,0.0,1,5.74,6.53,SPY191115P00288000,288.0,0,0.0,0.0,,0.0,normalDay
2019-09-05,1107.0,58.0,0.0,0,297.82,0.0,1,5.74,5.16,SPY191115P00288000,288.0,0,0.0,0.0,,0.0,normalDay
2019-09-06,1107.0,109.0,0.0,0,298.05,0.0,1,5.74,4.65,SPY191115P00288000,288.0,0,0.0,0.0,,0.0,normalDay
2019-09-09,1107.0,118.0,0.0,0,298.2,0.0,1,5.74,4.56,SPY191115P00288000,288.0,0,0.0,0.0,,0.0,normalDay
2019-09-10,1107.0,126.0,0.0,0,298.13,0.0,1,5.74,4.48,SPY191115P00288000,288.0,0,0.0,0.0,,0.0,normalDay
2019-09-11,1107.0,197.0,0.0,0,300.25,0.0,1,5.74,3.77,SPY191115P00288000,288.0,0,0.0,0.0,,0.0,normalDay
2019-09-12,1107.0,243.0,0.0,0,301.29,0.0,1,5.74,3.31,SPY191115P00288000,288.0,0,0.0,0.0,,0.0,normalDay
2019-09-13,1107.0,248.0,0.0,0,301.09,0.0,1,5.74,3.26,SPY191115P00288000,288.0,0,0.0,0.0,,0.0,normalDay
2019-09-16,1107.0,227.0,0.0,0,300.16,0.0,1,5.74,3.47,SPY191115P00288000,288.0,0,0.0,0.0,,0.0,normalDay
2019-09-17,1107.0,241.0,0.0,0,300.92,0.0,1,5.74,3.33,SPY191115P00288000,288.0,0,0.0,0.0,,0.0,normalDay
2019-09-18,1107.0,269.0,0.0,0,301.1,0.0,1,5.74,3.05,SPY191115P00288000,288.0,0,0.0,0.0,,0.0,normalDay
2019-09-19,1107.0,271.0,0.0,0,301.08,0.0,1,5.74,3.03,SPY191115P00288000,288.0,0,0.0,0.0,,0.0,normalDay
2019-09-20,1107.0,214.0,0.0,0,298.28,0.0,1,5.74,3.6,SPY191115P00288000,288.0,0,0.0,0.0,,0.0,normalDay
2019-09-23,1107.0,241.0,0.0,0,298.21,0.0,1,5.74,3.33,SPY191115P00288000,288.0,0,0.0,0.0,,0.0,normalDay
2019-09-24,1107.0,150.0,0.0,0,295.87,0.0,1,5.74,4.24,SPY191115P00288000,288.0,0,0.0,0.0,,0.0,normalDay
2019-09-25,1107.0,208.0,0.0,0,297.62,0.0,1,5.74,3.66,SPY191115P00288000,288.0,0,0.0,0.0,,0.0,normalDay
2019-09-26,1107.0,208.0,0.0,0,297.0,0.0,1,5.74,3.66,SPY191115P00288000,288.0,0,0.0,0.0,,0.0,normalDay
2019-09-27,1107.0,144.0,0.0,0,295.4,0.0,1,5.74,4.3,SPY191115P00288000,288.0,0,0.0,0.0,,0.0,normalDay
2019-09-30,1107.0,224.0,0.0,0,296.77,0.0,1,5.74,3.5,SPY191115P00288000,288.0,0,0.0,0.0,,0.0,normalDay
2019-10-01,1107.0,81.0,0.0,0,293.24,0.0,1,5.74,4.93,SPY191115P00288000,288.0,0,0.0,0.0,,0.0,normalDay
2019-10-02,1107.0,-176.0,0.0,0,288.06,0.0,1,5.74,7.5,SPY191115P00288000,288.0,0,0.0,0.0,,0.0,normalDay
2019-10-03,1107.0,-25.0,0.0,0,290.42,0.0,1,5.74,5.99,SPY191115P00288000,288.0,0,0.0,0.0,,0.0,normalDay
2019-10-04,1107.0,161.0,0.0,0,294.35,0.0,1,5.74,4.13,SPY191115P00288000,288.0,0,0.0,0.0,,0.0,normalDay
2019-10-07,1107.0,125.0,0.0,0,293.08,0.0,1,5.74,4.49,SPY191115P00288000,288.0,0,0.0,0.0,,0.0,normalDay
2019-10-08,1107.0,-80.0,0.0,0,288.53,0.0,1,5.74,6.54,SPY191115P00288000,288.0,0,0.0,0.0,,0.0,normalDay
2019-10-09,1107.0,63.0,0.0,0,291.27,0.0,1,5.74,5.11,SPY191115P00288000,288.0,0,0.0,0.0,,0.0,normalDay
2019-10-10,1107.0,167.0,0.0,0,293.24,0.0,1,5.74,4.07,SPY191115P00288000,288.0,0,0.0,0.0,,0.0,normalDay
2019-10-11,1107.0,307.0,0.0,0,296.28,0.0,1,5.74,2.67,SPY191115P00288000,288.0,0,0.0,0.0,,0.0,normalDay
2019-10-14,1107.0,337.0,0.0,0,295.95,0.0,1,5.74,2.37,SPY191115P00288000,288.0,0,0.0,0.0,,0.0,normalDay
2019-10-15,1107.0,423.0,0.0,0,298.88,0.0,1,5.74,1.51,SPY191115P00288000,288.0,0,0.0,0.0,,0.0,normalDay
2019-10-16,1107.0,422.0,0.0,0,298.4,0.0,1,5.74,1.52,SPY191115P00288000,288.0,0,0.0,0.0,,0.0,normalDay
2019-10-17,1107.0,436.0,0.0,0,299.28,0.0,1,5.74,1.38,SPY191115P00288000,288.0,0,0.0,0.0,,0.0,normalDay
2019-10-18,1107.0,420.0,0.0,0,297.97,0.0,1,5.74,1.54,SPY191115P00288000,288.0,0,0.0,0.0,,0.0,normalDay
2019-10-21,1107.0,470.0,0.0,0,299.99,0.0,1,5.74,1.04,SPY191115P00288000,288.0,0,0.0,0.0,,0.0,normalDay
2019-10-22,1107.0,456.0,0.0,0,299.01,0.0,1,5.74,1.18,SPY191115P00288000,288.0,0,0.0,0.0,,0.0,normalDay
2019-10-23,1107.0,482.0,0.0,0,299.88,0.0,1,5.74,0.92,SPY191115P00288000,288.0,0,0.0,0.0,,0.0,normalDay
2019-10-24,1107.0,495.0,0.0,0,300.37,0.0,1,5.74,0.79,SPY191115P00288000,288.0,0,0.0,0.0,,0.0,normalDay
2019-10-25,1107.0,521.0,0.0,0,301.6,0.0,1,5.74,0.53,SPY191115P00288000,288.0,0,0.0,0.0,,0.0,normalDay
2019-10-28,1107.0,534.0,0.0,0,303.3,0.0,1,5.74,0.4,SPY191115P00288000,288.0,0,0.0,0.0,,0.0,normalDay
2019-10-29,1107.0,537.0,0.0,0,303.21,0.0,1,5.74,0.37,SPY191115P00288000,288.0,0,0.0,0.0,,0.0,normalDay
2019-10-30,1107.0,549.0,0.0,0,304.14,0.0,1,5.74,0.25,SPY191115P00288000,288.0,0,0.0,0.0,,0.0,normalDay
2019-10-31,1107.0,540.0,0.0,0,303.33,0.0,1,5.74,0.34,SPY191115P00288000,288.0,0,0.0,0.0,,0.0,normalDay
2019-11-01,1107.0,559.0,0.0,0,306.14,0.0,1,5.74,0.15,SPY191115P00288000,288.0,0,0.0,0.0,,0.0,normalDay
2019-11-04,1107.0,563.0,0.0,0,307.37,0.0,1,5.74,0.11,SPY191115P00288000,288.0,0,0.0,0.0,,0.0,normalDay
2019-11-05,1107.0,564.0,0.0,0,307.03,0.0,1,5.74,0.1,SPY191115P00288000,288.0,0,0.0,0.0,,0.0,normalDay
2019-11-06,1107.0,568.0,0.0,0,307.1,0.0,1,5.74,0.06,SPY191115P00288000,288.0,0,0.0,0.0,,0.0,normalDay
2019-11-07,1107.0,570.0,0.0,0,308.18,0.0,1,5.74,0.04,SPY191115P00288000,288.0,0,0.0,0.0,,0.0,normalDay
2019-11-08,1107.0,571.0,0.0,0,308.94,0.0,1,5.74,0.03,SPY191115P00288000,288.0,0,0.0,0.0,,0.0,normalDay
2019-11-11,1107.0,572.0,0.0,0,308.35,0.0,1,5.74,0.02,SPY191115P00288000,288.0,0,0.0,0.0,,0.0,normalDay
2019-11-12,1107.0,572.0,0.0,0,309.0,0.0,1,5.74,0.02,SPY191115P00288000,288.0,0,0.0,0.0,,0.0,normalDay
2019-11-13,1107.0,572.0,0.0,0,309.1,0.0,1,5.74,0.02,SPY191115P00288000,288.0,0,0.0,0.0,,0.0,normalDay
2019-11-14,1107.0,573.0,0.0,0,309.55,0.0,1,5.74,0.01,SPY191115P00288000,288.0,0,0.0,0.0,,0.0,normalDay
2019-11-15,1681.0,0.0,574.0,0,311.79,0.0,1,5.74,0.0,SPY191115P00288000,288.0,0,0.0,0.0,,0.0,expirationDay
2019-11-18,1681.0,-6.0,0.0,0,312.02,0.0,1,5.79,5.85,SPY200331P00295000,295.0,0,0.0,0.0,,0.0,normalDay
2019-11-19,1681.0,-20.0,0.0,0,311.93,0.0,1,5.79,5.99,SPY200331P00295000,295.0,0,0.0,0.0,,0.0,normalDay
2019-11-20,1681.0,-57.0,0.0,0,310.77,0.0,1,5.79,6.36,SPY200331P00295000,295.0,0,0.0,0.0,,0.0,normalDay
2019-11-21,1681.0,-71.0,0.0,0,310.27,0.0,1,5.79,6.5,SPY200331P00295000,295.0,0,0.0,0.0,,0.0,normalDay
2019-11-22,1681.0,-35.0,0.0,0,310.96,0.0,1,5.79,6.14,SPY200331P00295000,295.0,0,0.0,0.0,,0.0,normalDay
2019-11-25,1681.0,43.0,0.0,0,313.37,0.0,1,5.79,5.36,SPY200331P00295000,295.0,0,0.0,0.0,,0.0,normalDay
2019-11-26,1681.0,74.0,0.0,0,314.08,0.0,1,5.79,5.05,SPY200331P00295000,295.0,0,0.0,0.0,,0.0,normalDay
2019-11-27,1681.0,99.0,0.0,0,315.48,0.0,1,5.79,4.8,SPY200331P00295000,295.0,0,0.0,0.0,,0.0,normalDay
2019-11-29,1681.0,60.0,0.0,0,314.31,0.0,1,5.79,5.19,SPY200331P00295000,295.0,0,0.0,0.0,,0.0,normalDay
2019-12-02,1681.0,-35.0,0.0,0,311.64,0.0,1,5.79,6.14,SPY200331P00295000,295.0,0,0.0,0.0,,0.0,normalDay
2019-12-03,1681.0,-118.0,0.0,0,309.55,0.0,1,5.79,6.97,SPY200331P00295000,295.0,0,0.0,0.0,,0.0,normalDay
2019-12-04,1681.0,-51.0,0.0,0,311.46,0.0,1,5.79,6.3,SPY200331P00295000,295.0,0,0.0,0.0,,0.0,normalDay
2019-12-05,1681.0,-13.0,0.0,0,312.02,0.0,1,5.79,5.92,SPY200331P00295000,295.0,0,0.0,0.0,,0.0,normalDay
2019-12-06,1681.0,70.0,0.0,0,314.87,0.0,1,5.79,5.09,SPY200331P00295000,295.0,0,0.0,0.0,,0.0,normalDay
2019-12-09,1681.0,24.0,0.0,0,313.88,0.0,1,5.79,5.55,SPY200331P00295000,295.0,0,0.0,0.0,,0.0,normalDay
2019-12-10,1681.0,36.0,0.0,0,313.53,0.0,1,5.79,5.43,SPY200331P00295000,295.0,0,0.0,0.0,,0.0,normalDay
2019-12-11,1681.0,70.0,0.0,0,314.42,0.0,1,5.79,5.09,SPY200331P00295000,295.0,0,0.0,0.0,,0.0,normalDay
2019-12-12,1681.0,147.0,0.0,0,317.13,0.0,1,5.79,4.32,SPY200331P00295000,295.0,0,0.0,0.0,,0.0,normalDay
2019-12-13,1681.0,191.0,0.0,0,317.32,0.0,1,5.79,3.88,SPY200331P00295000,295.0,0,0.0,0.0,,0.0,normalDay
2019-12-16,1681.0,250.0,0.0,0,319.5,0.0,1,5.79,3.29,SPY200331P00295000,295.0,0,0.0,0.0,,0.0,normalDay
2019-12-17,1681.0,247.0,0.0,0,319.57,0.0,1,5.79,3.32,SPY200331P00295000,295.0,0,0.0,0.0,,0.0,normalDay
2019-12-18,1681.0,248.0,0.0,0,319.59,0.0,1,5.79,3.31,SPY200331P00295000,295.0,0,0.0,0.0,,0.0,normalDay
2019-12-19,1681.0,272.0,0.0,0,320.9,0.0,1,5.79,3.07,SPY200331P00295000,295.0,0,0.0,0.0,,0.0,normalDay
2019-12-20,1681.0,284.0,0.0,0,320.73,0.0,1,5.79,2.95,SPY200331P00295000,295.0,0,0.0,0.0,,0.0,normalDay
2019-12-23,1681.0,286.0,0.0,0,321.22,0.0,1,5.79,2.93,SPY200331P00295000,295.0,0,0.0,0.0,,0.0,normalDay
2019-12-24,1681.0,291.0,0.0,0,321.23,0.0,1,5.79,2.88,SPY200331P00295000,295.0,0,0.0,0.0,,0.0,normalDay
2019-12-26,1681.0,319.0,0.0,0,322.94,0.0,1,5.79,2.6,SPY200331P00295000,295.0,0,0.0,0.0,,0.0,normalDay
2019-12-27,1681.0,306.0,0.0,0,322.86,0.0,1,5.79,2.73,SPY200331P00295000,295.0,0,0.0,0.0,,0.0,normalDay
2019-12-30,1681.0,275.0,0.0,0,321.08,0.0,1,5.79,3.04,SPY200331P00295000,295.0,0,0.0,0.0,,0.0,normalDay
2019-12-31,1681.0,309.0,0.0,0,321.86,0.0,1,5.79,2.7,SPY200331P00295000,295.0,0,0.0,0.0,,0.0,normalDay
2020-01-02,1681.0,362.0,0.0,0,324.87,0.0,1,5.79,2.17,SPY200331P00295000,295.0,0,0.0,0.0,,0.0,normalDay
2020-01-03,1681.0,312.0,0.0,0,322.41,0.0,1,5.79,2.67,SPY200331P00295000,295.0,0,0.0,0.0,,0.0,normalDay
2020-01-06,1681.0,342.0,0.0,0,323.64,0.0,1,5.79,2.37,SPY200331P00295000,295.0,0,0.0,0.0,,0.0,normalDay
2020-01-07,1681.0,332.0,0.0,0,322.73,0.0,1,5.79,2.47,SPY200331P00295000,295.0,0,0.0,0.0,,0.0,normalDay
2020-01-08,1681.0,366.0,0.0,0,324.45,0.0,1,5.79,2.13,SPY200331P00295000,295.0,0,0.0,0.0,,0.0,normalDay
2020-01-09,1681.0,401.0,0.0,0,326.65,0.0,1,5.79,1.78,SPY200331P00295000,295.0,0,0.0,0.0,,0.0,normalDay
2020-01-10,1681.0,394.0,0.0,0,325.71,0.0,1,5.79,1.85,SPY200331P00295000,295.0,0,0.0,0.0,,0.0,normalDay
2020-01-13,1681.0,429.0,0.0,0,327.95,0.0,1,5.79,1.5,SPY200331P00295000,295.0,0,0.0,0.0,,0.0,normalDay
2020-01-14,1681.0,430.0,0.0,0,327.45,0.0,1,5.79,1.49,SPY200331P00295000,295.0,0,0.0,0.0,,0.0,normalDay
2020-01-15,1681.0,438.0,0.0,0,328.19,0.0,1,5.79,1.41,SPY200331P00295000,295.0,0,0.0,0.0,,0.0,normalDay
2020-01-16,1681.0,458.0,0.0,0,330.92,0.0,1,5.79,1.21,SPY200331P00295000,295.0,0,0.0,0.0,,0.0,normalDay
2020-01-17,1681.0,467.0,0.0,0,331.95,0.0,1,5.79,1.12,SPY200331P00295000,295.0,0,0.0,0.0,,0.0,normalDay
2020-01-21,1681.0,465.0,0.0,0,331.3,0.0,1,5.79,1.14,SPY200331P00295000,295.0,0,0.0,0.0,,0.0,normalDay
2020-01-22,1681.0,465.0,0.0,0,331.34,0.0,1,5.79,1.14,SPY200331P00295000,295.0,0,0.0,0.0,,0.0,normalDay
2020-01-23,1681.0,467.0,0.0,0,331.72,0.0,1,5.79,1.12,SPY200331P00295000,295.0,0,0.0,0.0,,0.0,normalDay
2020-01-24,1681.0,433.0,0.0,0,328.77,0.0,1,5.79,1.46,SPY200331P00295000,295.0,0,0.0,0.0,,0.0,normalDay
2020-01-27,1681.0,329.0,0.0,0,323.5,0.0,1,5.79,2.5,SPY200331P00295000,295.0,0,0.0,0.0,,0.0,normalDay
2020-01-28,1681.0,403.0,0.0,0,326.89,0.0,1,5.79,1.76,SPY200331P00295000,295.0,0,0.0,0.0,,0.0,normalDay
2020-01-29,1681.0,404.0,0.0,0,326.62,0.0,1,5.79,1.75,SPY200331P00295000,295.0,0,0.0,0.0,,0.0,normalDay
2020-01-30,1681.0,434.0,0.0,0,327.68,0.0,1,5.79,1.45,SPY200331P00295000,295.0,0,0.0,0.0,,0.0,normalDay
2020-01-31,1681.0,332.0,0.0,0,321.73,0.0,1,5.79,2.47,SPY200331P00295000,295.0,0,0.0,0.0,,0.0,normalDay
2020-02-03,1681.0,374.0,0.0,0,324.12,0.0,1,5.79,2.05,SPY200331P00295000,295.0,0,0.0,0.0,,0.0,normalDay
2020-02-04,1681.0,453.0,0.0,0,329.06,0.0,1,5.79,1.26,SPY200331P00295000,295.0,0,0.0,0.0,,0.0,normalDay
2020-02-05,1681.0,486.0,0.0,0,332.86,0.0,1,5.79,0.93,SPY200331P00295000,295.0,0,0.0,0.0,,0.0,normalDay
2020-02-06,1681.0,490.0,0.0,0,333.98,0.0,1,5.79,0.89,SPY200331P00295000,295.0,0,0.0,0.0,,0.0,normalDay
2020-02-07,1681.0,481.0,0.0,0,332.2,0.0,1,5.79,0.98,SPY200331P00295000,295.0,0,0.0,0.0,,0.0,normalDay
2020-02-10,1681.0,500.0,0.0,0,334.68,0.0,1,5.79,0.79,SPY200331P00295000,295.0,0,0.0,0.0,,0.0,normalDay
2020-02-11,1681.0,503.0,0.0,0,335.26,0.0,1,5.79,0.76,SPY200331P00295000,295.0,0,0.0,0.0,,0.0,normalDay
2020-02-12,1681.0,520.0,0.0,0,337.42,0.0,1,5.79,0.59,SPY200331P00295000,295.0,0,0.0,0.0,,0.0,normalDay
2020-02-13,1681.0,519.0,0.0,0,337.06,0.0,1,5.79,0.6,SPY200331P00295000,295.0,0,0.0,0.0,,0.0,normalDay
2020-02-14,1681.0,526.0,0.0,0,337.6,0.0,1,5.79,0.53,SPY200331P00295000,295.0,0,0.0,0.0,,0.0,normalDay
2020-02-18,1681.0,523.0,0.0,0,336.73,0.0,1,5.79,0.56,SPY200331P00295000,295.0,0,0.0,0.0,,0.0,normalDay
2020-02-19,1681.0,532.0,0.0,0,338.34,0.0,1,5.79,0.47,SPY200331P00295000,295.0,0,0.0,0.0,,0.0,normalDay
2020-02-20,1681.0,522.0,0.0,0,336.95,0.0,1,5.79,0.57,SPY200331P00295000,295.0,0,0.0,0.0,,0.0,normalDay
2020-02-21,1681.0,501.0,0.0,0,333.48,0.0,1,5.79,0.78,SPY200331P00295000,295.0,0,0.0,0.0,,0.0,normalDay
2020-02-24,1681.0,322.0,0.0,0,322.42,0.0,1,5.79,2.57,SPY200331P00295000,295.0,0,0.0,0.0,,0.0,normalDay
2020-02-25,1681.0,161.0,0.0,0,312.65,0.0,1,5.79,4.18,SPY200331P00295000,295.0,0,0.0,0.0,,0.0,normalDay
2020-02-26,1681.0,149.0,0.0,0,311.5,0.0,1,5.79,4.3,SPY200331P00295000,295.0,0,0.0,0.0,,0.0,normalDay
2020-02-27,1681.0,-575.0,0.0,0,297.51,0.0,1,5.79,11.54,SPY200331P00295000,295.0,0,0.0,0.0,,0.0,normalDay
2020-02-28,1681.0,-660.0,0.0,0,296.26,0.0,1,5.79,12.39,SPY200331P00295000,295.0,0,0.0,0.0,,0.0,normalDay
2020-03-02,1681.0,9.0,0.0,0,309.09,0.0,1,5.79,5.7,SPY200331P00295000,295.0,0,0.0,0.0,,0.0,normalDay
2020-03-03,1681.0,-310.0,0.0,0,300.24,0.0,1,5.79,8.89,SPY200331P00295000,295.0,0,0.0,0.0,,0.0,normalDay
2020-03-04,1681.0,97.0,0.0,0,312.86,0.0,1,5.79,4.82,SPY200331P00295000,295.0,0,0.0,0.0,,0.0,normalDay
2020-03-05,1681.0,-355.0,0.0,0,302.46,0.0,1,5.79,9.34,SPY200331P00295000,295.0,0,0.0,0.0,,0.0,normalDay
2020-03-06,1681.0,-557.0,0.0,0,297.46,0.0,1,5.79,11.36,SPY200331P00295000,295.0,0,0.0,0.0,,0.0,normalDay
2020-03-09,1681.0,-2068.0,0.0,0,274.23,0.0,1,5.79,26.47,SPY200331P00295000,295.0,0,0.0,0.0,,0.0,normalDay
2020-03-10,1681.0,-1005.0,0.0,0,288.42,0.0,1,5.79,15.84,SPY200331P00295000,295.0,0,0.0,0.0,,0.0,normalDay
2020-03-11,1681.0,-1995.0,0.0,0,274.36,0.0,1,5.79,25.74,SPY200331P00295000,295.0,0,0.0,0.0,,0.0,normalDay
2020-03-12,1681.0,-4324.0,0.0,0,248.11,0.0,1,5.79,49.03,SPY200331P00295000,295.0,0,0.0,0.0,,0.0,normalDay
2020-03-13,1681.0,-2316.0,0.0,0,269.32,0.0,1,5.79,28.95,SPY200331P00295000,295.0,0,0.0,0.0,,0.0,normalDay
2020-03-16,1681.0,-4792.0,0.0,0,239.85,0.0,1,5.79,53.71,SPY200331P00295000,295.0,0,0.0,0.0,,0.0,normalDay
2020-03-17,1681.0,-3972.0,0.0,0,252.8,0.0,1,5.79,45.51,SPY200331P00295000,295.0,0,0.0,0.0,,0.0,normalDay
2020-03-18,1681.0,-5183.0,0.0,0,240.0,0.0,1,5.79,57.62,SPY200331P00295000,295.0,0,0.0,0.0,,0.0,normalDay
2020-03-19,1681.0,-5136.0,0.0,0,240.51,0.0,1,5.79,57.15,SPY200331P00295000,295.0,0,0.0,0.0,,0.0,normalDay
2020-03-20,1681.0,-6070.0,0.0,0,228.8,0.0,1,5.79,66.49,SPY200331P00295000,295.0,0,0.0,0.0,,0.0,normalDay
2020-03-23,1681.0,-6852.0,0.0,0,222.95,0.0,1,5.79,74.31,SPY200331P00295000,295.0,0,0.0,0.0,,0.0,normalDay
2020-03-24,1681.0,-4723.0,0.0,0,243.15,0.0,1,5.79,53.02,SPY200331P00295000,295.0,0,0.0,0.0,,0.0,normalDay
2020-03-25,1681.0,-4241.0,0.0,0,246.79,0.0,1,5.79,48.2,SPY200331P00295000,295.0,0,0.0,0.0,,0.0,normalDay
2020-03-26,1681.0,-2893.0,0.0,0,261.2,0.0,1,5.79,34.72,SPY200331P00295000,295.0,0,0.0,0.0,,0.0,normalDay
2020-03-27,1681.0,-3668.0,0.0,0,253.42,0.0,1,5.79,42.47,SPY200331P00295000,295.0,0,0.0,0.0,,0.0,normalDay
2020-03-30,1681.0,-2860.0,0.0,0,261.65,0.0,1,5.79,34.39,SPY200331P00295000,295.0,0,0.0,0.0,,0.0,normalDay
2020-03-31,2260.0,-3725.0,579.0,100,257.75,295.0,1,5.79,0.0,SPY200331P00295000,295.0,0,0.0,0.0,,0.0,expirationDay
2020-04-01,2260.0,-4892.0,0.0,100,246.15,295.0,0,0.0,0.0,,0.0,1,0.03,0.1,SPY200717C00359000,359.0,normalDay
2020-04-02,2260.0,-4326.0,0.0,100,251.83,295.0,0,0.0,0.0,,0.0,1,0.03,0.12,SPY200717C00359000,359.0,normalDay
2020-04-03,2260.0,-4688.0,0.0,100,248.19,295.0,0,0.0,0.0,,0.0,1,0.03,0.1,SPY200717C00359000,359.0,normalDay
2020-04-06,2260.0,-3027.0,0.0,100,264.86,295.0,0,0.0,0.0,,0.0,1,0.03,0.16,SPY200717C00359000,359.0,normalDay
2020-04-07,2260.0,-2999.0,0.0,100,265.13,295.0,0,0.0,0.0,,0.0,1,0.03,0.15,SPY200717C00359000,359.0,normalDay
2020-04-08,2260.0,-2115.0,0.0,100,274.03,295.0,0,0.0,0.0,,0.0,1,0.03,0.21,SPY200717C00359000,359.0,normalDay
2020-04-09,2260.0,-1701.0,0.0,100,278.2,295.0,0,0.0,0.0,,0.0,1,0.03,0.24,SPY200717C00359000,359.0,normalDay
2020-04-13,2260.0,-1951.0,0.0,100,275.66,295.0,0,0.0,0.0,,0.0,1,0.03,0.2,SPY200717C00359000,359.0,normalDay
2020-04-14,2260.0,-1142.0,0.0,100,283.79,295.0,0,0.0,0.0,,0.0,1,0.03,0.24,SPY200717C00359000,359.0,normalDay
2020-04-15,2260.0,-1739.0,0.0,100,277.76,295.0,0,0.0,0.0,,0.0,1,0.03,0.18,SPY200717C00359000,359.0,normalDay
2020-04-16,2260.0,-1605.0,0.0,100,279.1,295.0,0,0.0,0.0,,0.0,1,0.03,0.18,SPY200717C00359000,359.0,normalDay
2020-04-17,2260.0,-858.0,0.0,100,286.64,295.0,0,0.0,0.0,,0.0,1,0.03,0.25,SPY200717C00359000,359.0,normalDay
2020-04-20,2260.0,-1358.0,0.0,100,281.59,295.0,0,0.0,0.0,,0.0,1,0.03,0.2,SPY200717C00359000,359.0,normalDay
2020-04-21,2260.0,-2207.0,0.0,100,273.04,295.0,0,0.0,0.0,,0.0,1,0.03,0.14,SPY200717C00359000,359.0,normalDay
2020-04-22,2260.0,-1602.0,0.0,100,279.1,295.0,0,0.0,0.0,,0.0,1,0.03,0.15,SPY200717C00359000,359.0,normalDay
2020-04-23,2260.0,-1604.0,0.0,100,279.08,295.0,0,0.0,0.0,,0.0,1,0.03,0.15,SPY200717C00359000,359.0,normalDay
2020-04-24,2260.0,-1217.0,0.0,100,282.97,295.0,0,0.0,0.0,,0.0,1,0.03,0.17,SPY200717C00359000,359.0,normalDay
2020-04-27,2260.0,-809.0,0.0,100,287.05,295.0,0,0.0,0.0,,0.0,1,0.03,0.17,SPY200717C00359000,359.0,normalDay
2020-04-28,2260.0,-937.0,0.0,100,285.73,295.0,0,0.0,0.0,,0.0,1,0.03,0.13,SPY200717C00359000,359.0,normalDay
2020-04-29,2260.0,-192.0,0.0,100,293.21,295.0,0,0.0,0.0,,0.0,1,0.03,0.16,SPY200717C00359000,359.0,normalDay
2020-04-30,2260.0,-463.0,0.0,100,290.48,295.0,0,0.0,0.0,,0.0,1,0.03,0.14,SPY200717C00359000,359.0,normalDay
2020-05-01,2260.0,-1228.0,0.0,100,282.79,295.0,0,0.0,0.0,,0.0,1,0.03,0.1,SPY200717C00359000,359.0,normalDay
2020-05-04,2260.0,-1150.0,0.0,100,283.57,295.0,0,0.0,0.0,,0.0,1,0.03,0.1,SPY200717C00359000,359.0,normalDay
2020-05-05,2260.0,-888.0,0.0,100,286.19,295.0,0,0.0,0.0,,0.0,1,0.03,0.1,SPY200717C00359000,359.0,normalDay
2020-05-06,2260.0,-1080.0,0.0,100,284.25,295.0,0,0.0,0.0,,0.0,1,0.03,0.08,SPY200717C00359000,359.0,normalDay
2020-05-07,2260.0,-738.0,0.0,100,287.68,295.0,0,0.0,0.0,,0.0,1,0.03,0.09,SPY200717C00359000,359.0,normalDay
2020-05-08,2260.0,-262.0,0.0,100,292.44,295.0,0,0.0,0.0,,0.0,1,0.03,0.09,SPY200717C00359000,359.0,normalDay
2020-05-11,2260.0,-255.0,0.0,100,292.5,295.0,0,0.0,0.0,,0.0,1,0.03,0.08,SPY200717C00359000,359.0,normalDay
2020-05-12,2260.0,-836.0,0.0,100,286.67,295.0,0,0.0,0.0,,0.0,1,0.03,0.06,SPY200717C00359000,359.0,normalDay
2020-05-13,2260.0,-1342.0,0.0,100,281.6,295.0,0,0.0,0.0,,0.0,1,0.03,0.05,SPY200717C00359000,359.0,normalDay
2020-05-14,2260.0,-1005.0,0.0,100,284.97,295.0,0,0.0,0.0,,0.0,1,0.03,0.05,SPY200717C00359000,359.0,normalDay
2020-05-15,2260.0,-873.0,0.0,100,286.28,295.0,0,0.0,0.0,,0.0,1,0.03,0.04,SPY200717C00359000,359.0,normalDay
2020-05-18,2260.0,-5.0,0.0,100,295.0,295.0,0,0.0,0.0,,0.0,1,0.03,0.08,SPY200717C00359000,359.0,normalDay
2020-05-19,2260.0,-307.0,0.0,100,291.97,295.0,0,0.0,0.0,,0.0,1,0.03,0.07,SPY200717C00359000,359.0,normalDay
2020-05-20,2260.0,188.0,0.0,100,296.93,295.0,0,0.0,0.0,,0.0,1,0.03,0.08,SPY200717C00359000,359.0,normalDay
2020-05-21,2260.0,-17.0,0.0,100,294.88,295.0,0,0.0,0.0,,0.0,1,0.03,0.08,SPY200717C00359000,359.0,normalDay
2020-05-22,2260.0,40.0,0.0,100,295.44,295.0,0,0.0,0.0,,0.0,1,0.03,0.07,SPY200717C00359000,359.0,normalDay
2020-05-26,2260.0,404.0,0.0,100,299.08,295.0,0,0.0,0.0,,0.0,1,0.03,0.07,SPY200717C00359000,359.0,normalDay
2020-05-27,2260.0,849.0,0.0,100,303.53,295.0,0,0.0,0.0,,0.0,1,0.03,0.07,SPY200717C00359000,359.0,normalDay
2020-05-28,2260.0,792.0,0.0,100,302.97,295.0,0,0.0,0.0,,0.0,1,0.03,0.08,SPY200717C00359000,359.0,normalDay
2020-05-29,2260.0,926.0,0.0,100,304.32,295.0,0,0.0,0.0,,0.0,1,0.03,0.09,SPY200717C00359000,359.0,normalDay
2020-06-01,2260.0,1050.0,0.0,100,305.55,295.0,0,0.0,0.0,,0.0,1,0.03,0.08,SPY200717C00359000,359.0,normalDay
2020-06-02,2260.0,1303.0,0.0,100,308.08,295.0,0,0.0,0.0,,0.0,1,0.03,0.08,SPY200717C00359000,359.0,normalDay
2020-06-03,2260.0,1709.0,0.0,100,312.18,295.0,0,0.0,0.0,,0.0,1,0.03,0.12,SPY200717C00359000,359.0,normalDay
2020-06-04,2260.0,1629.0,0.0,100,311.36,295.0,0,0.0,0.0,,0.0,1,0.03,0.1,SPY200717C00359000,359.0,normalDay
2020-06-05,2260.0,2416.0,0.0,100,319.34,295.0,0,0.0,0.0,,0.0,1,0.03,0.21,SPY200717C00359000,359.0,normalDay
2020-06-08,2260.0,2792.0,0.0,100,323.2,295.0,0,0.0,0.0,,0.0,1,0.03,0.31,SPY200717C00359000,359.0,normalDay
2020-06-09,2260.0,2552.0,0.0,100,320.79,295.0,0,0.0,0.0,,0.0,1,0.03,0.3,SPY200717C00359000,359.0,normalDay
2020-06-10,2260.0,2382.0,0.0,100,319.0,295.0,0,0.0,0.0,,0.0,1,0.03,0.21,SPY200717C00359000,359.0,normalDay
2020-06-11,2260.0,552.0,0.0,100,300.61,295.0,0,0.0,0.0,,0.0,1,0.03,0.12,SPY200717C00359000,359.0,normalDay
2020-06-12,2260.0,913.0,0.0,100,304.21,295.0,0,0.0,0.0,,0.0,1,0.03,0.11,SPY200717C00359000,359.0,normalDay
2020-06-15,2260.0,1195.0,0.0,100,307.05,295.0,0,0.0,0.0,,0.0,1,0.03,0.13,SPY200717C00359000,359.0,normalDay
2020-06-16,2260.0,1781.0,0.0,100,312.96,295.0,0,0.0,0.0,,0.0,1,0.03,0.18,SPY200717C00359000,359.0,normalDay
2020-06-17,2260.0,1654.0,0.0,100,311.66,295.0,0,0.0,0.0,,0.0,1,0.03,0.15,SPY200717C00359000,359.0,normalDay
2020-06-18,2260.0,1670.0,0.0,100,311.78,295.0,0,0.0,0.0,,0.0,1,0.03,0.11,SPY200717C00359000,359.0,normalDay
2020-06-19,2260.0,1360.0,0.0,100,308.64,295.0,0,0.0,0.0,,0.0,1,0.03,0.07,SPY200717C00359000,359.0,normalDay
2020-06-22,2260.0,1559.0,0.0,100,310.62,295.0,0,0.0,0.0,,0.0,1,0.03,0.06,SPY200717C00359000,359.0,normalDay
2020-06-23,2260.0,1702.0,0.0,100,312.05,295.0,0,0.0,0.0,,0.0,1,0.03,0.06,SPY200717C00359000,359.0,normalDay
2020-06-24,2260.0,908.0,0.0,100,304.09,295.0,0,0.0,0.0,,0.0,1,0.03,0.04,SPY200717C00359000,359.0,normalDay
2020-06-25,2260.0,1234.0,0.0,100,307.35,295.0,0,0.0,0.0,,0.0,1,0.03,0.04,SPY200717C00359000,359.0,normalDay
2020-06-26,2260.0,505.0,0.0,100,300.05,295.0,0,0.0,0.0,,0.0,1,0.03,0.03,SPY200717C00359000,359.0,normalDay
2020-06-29,2260.0,946.0,0.0,100,304.46,295.0,0,0.0,0.0,,0.0,1,0.03,0.03,SPY200717C00359000,359.0,normalDay
2020-06-30,2260.0,1336.0,0.0,100,308.36,295.0,0,0.0,0.0,,0.0,1,0.03,0.03,SPY200717C00359000,359.0,normalDay
2020-07-01,2260.0,1553.0,0.0,100,310.52,295.0,0,0.0,0.0,,0.0,1,0.03,0.02,SPY200717C00359000,359.0,normalDay
2020-07-02,2260.0,1724.0,0.0,100,312.23,295.0,0,0.0,0.0,,0.0,1,0.03,0.02,SPY200717C00359000,359.0,normalDay
2020-07-06,2260.0,2206.0,0.0,100,317.05,295.0,0,0.0,0.0,,0.0,1,0.03,0.02,SPY200717C00359000,359.0,normalDay
2020-07-07,2260.0,1879.0,0.0,100,313.78,295.0,0,0.0,0.0,,0.0,1,0.03,0.02,SPY200717C00359000,359.0,normalDay
2020-07-08,2260.0,2120.0,0.0,100,316.18,295.0,0,0.0,0.0,,0.0,1,0.03,0.01,SPY200717C00359000,359.0,normalDay
2020-07-09,2260.0,1940.0,0.0,100,314.38,295.0,0,0.0,0.0,,0.0,1,0.03,0.01,SPY200717C00359000,359.0,normalDay
2020-07-10,2260.0,2261.0,0.0,100,317.59,295.0,0,0.0,0.0,,0.0,1,0.03,0.01,SPY200717C00359000,359.0,normalDay
2020-07-13,2260.0,1986.0,0.0,100,314.84,295.0,0,0.0,0.0,,0.0,1,0.03,0.01,SPY200717C00359000,359.0,normalDay
2020-07-14,2260.0,2394.0,0.0,100,318.92,295.0,0,0.0,0.0,,0.0,1,0.03,0.01,SPY200717C00359000,359.0,normalDay
2020-07-15,2260.0,2687.0,0.0,100,321.85,295.0,0,0.0,0.0,,0.0,1,0.03,0.01,SPY200717C00359000,359.0,normalDay
2020-07-16,2260.0,2581.0,0.0,100,320.79,295.0,0,0.0,0.0,,0.0,1,0.03,0.01,SPY200717C00359000,359.0,normalDay
2020-07-17,2263.0,2672.0,3.0,100,321.72,295.0,0,0.0,0.0,,0.0,1,0.03,0.0,SPY200717C00359000,359.0,expirationDay
2020-07-20,2263.0,2921.0,0.0,100,324.32,295.0,0,0.0,0.0,,0.0,1,7.27,7.38,SPY201120C00344000,344.0,normalDay
2020-07-21,2263.0,2963.0,0.0,100,325.01,295.0,0,0.0,0.0,,0.0,1,7.27,7.65,SPY201120C00344000,344.0,normalDay
2020-07-22,2263.0,3112.0,0.0,100,326.86,295.0,0,0.0,0.0,,0.0,1,7.27,8.01,SPY201120C00344000,344.0,normalDay
2020-07-23,2263.0,2864.0,0.0,100,322.96,295.0,0,0.0,0.0,,0.0,1,7.27,6.59,SPY201120C00344000,344.0,normalDay
2020-07-24,2263.0,2701.0,0.0,100,320.88,295.0,0,0.0,0.0,,0.0,1,7.27,6.14,SPY201120C00344000,344.0,normalDay
2020-07-27,2263.0,2891.0,0.0,100,323.22,295.0,0,0.0,0.0,,0.0,1,7.27,6.58,SPY201120C00344000,344.0,normalDay
2020-07-28,2263.0,2753.0,0.0,100,321.17,295.0,0,0.0,0.0,,0.0,1,7.27,5.91,SPY201120C00344000,344.0,normalDay
2020-07-29,2263.0,3028.0,0.0,100,325.12,295.0,0,0.0,0.0,,0.0,1,7.27,7.11,SPY201120C00344000,344.0,normalDay
2020-07-30,2263.0,2913.0,0.0,100,323.96,295.0,0,0.0,0.0,,0.0,1,7.27,7.1,SPY201120C00344000,344.0,normalDay
2020-07-31,2263.0,3095.0,0.0,100,326.52,295.0,0,0.0,0.0,,0.0,1,7.27,7.84,SPY201120C00344000,344.0,normalDay
2020-08-03,2263.0,3255.0,0.0,100,328.79,295.0,0,0.0,0.0,,0.0,1,7.27,8.51,SPY201120C00344000,344.0,normalDay
2020-08-04,2263.0,3367.0,0.0,100,330.06,295.0,0,0.0,0.0,,0.0,1,7.27,8.66,SPY201120C00344000,344.0,normalDay
2020-08-05,2263.0,3506.0,0.0,100,332.11,295.0,0,0.0,0.0,,0.0,1,7.27,9.32,SPY201120C00344000,344.0,normalDay
2020-08-06,2263.0,3629.0,0.0,100,334.33,295.0,0,0.0,0.0,,0.0,1,7.27,10.31,SPY201120C00344000,344.0,normalDay
2020-08-07,2263.0,3654.0,0.0,100,334.57,295.0,0,0.0,0.0,,0.0,1,7.27,10.3,SPY201120C00344000,344.0,normalDay
2020-08-10,2263.0,3740.0,0.0,100,335.57,295.0,0,0.0,0.0,,0.0,1,7.27,10.44,SPY201120C00344000,344.0,normalDay
2020-08-11,2263.0,3537.0,0.0,100,332.8,295.0,0,0.0,0.0,,0.0,1,7.27,9.7,SPY201120C00344000,344.0,normalDay
2020-08-12,2263.0,3841.0,0.0,100,337.44,295.0,0,0.0,0.0,,0.0,1,7.27,11.3,SPY201120C00344000,344.0,normalDay
2020-08-13,2263.0,3814.0,0.0,100,336.83,295.0,0,0.0,0.0,,0.0,1,7.27,10.96,SPY201120C00344000,344.0,normalDay
2020-08-14,2263.0,3824.0,0.0,100,336.84,295.0,0,0.0,0.0,,0.0,1,7.27,10.87,SPY201120C00344000,344.0,normalDay
2020-08-17,2263.0,3933.0,0.0,100,337.91,295.0,0,0.0,0.0,,0.0,1,7.27,10.85,SPY201120C00344000,344.0,normalDay
2020-08-18,2263.0,3987.0,0.0,100,338.64,295.0,0,0.0,0.0,,0.0,1,7.27,11.04,SPY201120C00344000,344.0,normalDay
2020-08-19,2263.0,3903.0,0.0,100,337.23,295.0,0,0.0,0.0,,0.0,1,7.27,10.47,SPY201120C00344000,344.0,normalDay
2020-08-20,2263.0,3983.0,0.0,100,338.28,295.0,0,0.0,0.0,,0.0,1,7.27,10.72,SPY201120C00344000,344.0,normalDay
2020-08-21,2263.0,4045.0,0.0,100,339.48,295.0,0,0.0,0.0,,0.0,1,7.27,11.3,SPY201120C00344000,344.0,normalDay
2020-08-24,2263.0,4215.0,0.0,100,342.92,295.0,0,0.0,0.0,,0.0,1,7.27,13.04,SPY201120C00344000,344.0,normalDay
2020-08-25,2263.0,4257.0,0.0,100,344.12,295.0,0,0.0,0.0,,0.0,1,7.27,13.82,SPY201120C00344000,344.0,normalDay
2020-08-26,2263.0,4338.0,0.0,100,347.57,295.0,0,0.0,0.0,,0.0,1,7.27,16.46,SPY201120C00344000,344.0,normalDay
2020-08-27,2263.0,4318.0,0.0,100,348.33,295.0,0,0.0,0.0,,0.0,1,7.27,17.42,SPY201120C00344000,344.0,normalDay
2020-08-28,2263.0,4450.0,0.0,100,350.58,295.0,0,0.0,0.0,,0.0,1,7.27,18.35,SPY201120C00344000,344.0,normalDay
2020-08-31,2263.0,4275.0,0.0,100,349.31,295.0,0,0.0,0.0,,0.0,1,7.27,18.83,SPY201120C00344000,344.0,normalDay
2020-09-01,2263.0,4408.0,0.0,100,352.6,295.0,0,0.0,0.0,,0.0,1,7.27,20.79,SPY201120C00344000,344.0,normalDay
2020-09-02,2263.0,4488.0,0.0,100,357.7,295.0,0,0.0,0.0,,0.0,1,7.27,25.09,SPY201120C00344000,344.0,normalDay
2020-09-03,2263.0,3872.0,0.0,100,345.39,295.0,0,0.0,0.0,,0.0,1,7.27,18.94,SPY201120C00344000,344.0,normalDay
2020-09-04,2263.0,3941.0,0.0,100,342.57,295.0,0,0.0,0.0,,0.0,1,7.27,15.43,SPY201120C00344000,344.0,normalDay
2020-09-08,2263.0,3533.0,0.0,100,333.21,295.0,0,0.0,0.0,,0.0,1,7.27,10.15,SPY201120C00344000,344.0,normalDay
2020-09-09,2263.0,3953.0,0.0,100,339.79,295.0,0,0.0,0.0,,0.0,1,7.27,12.53,SPY201120C00344000,344.0,normalDay
2020-09-10,2263.0,3627.0,0.0,100,333.89,295.0,0,0.0,0.0,,0.0,1,7.27,9.89,SPY201120C00344000,344.0,normalDay
2020-09-11,2263.0,3762.0,0.0,100,334.06,295.0,0,0.0,0.0,,0.0,1,7.27,8.71,SPY201120C00344000,344.0,normalDay
2020-09-14,2263.0,4005.0,0.0,100,338.46,295.0,0,0.0,0.0,,0.0,1,7.27,10.68,SPY201120C00344000,344.0,normalDay
2020-09-15,2263.0,4096.0,0.0,100,340.17,295.0,0,0.0,0.0,,0.0,1,7.27,11.48,SPY201120C00344000,344.0,normalDay
2020-09-16,2263.0,4067.0,0.0,100,338.82,295.0,0,0.0,0.0,,0.0,1,7.27,10.42,SPY201120C00344000,344.0,normalDay
2020-09-17,2263.0,3902.0,0.0,100,335.84,295.0,0,0.0,0.0,,0.0,1,7.27,9.09,SPY201120C00344000,344.0,normalDay
2020-09-18,2263.0,3589.0,0.0,100,330.65,295.0,0,0.0,0.0,,0.0,1,7.27,7.03,SPY201120C00344000,344.0,normalDay
2020-09-21,2263.0,3328.0,0.0,100,326.97,295.0,0,0.0,0.0,,0.0,1,7.27,5.96,SPY201120C00344000,344.0,normalDay
2020-09-22,2263.0,3567.0,0.0,100,330.3,295.0,0,0.0,0.0,,0.0,1,7.27,6.9,SPY201120C00344000,344.0,normalDay
2020-09-23,2263.0,3028.0,0.0,100,322.64,295.0,0,0.0,0.0,,0.0,1,7.27,4.63,SPY201120C00344000,344.0,normalDay
2020-09-24,2263.0,3109.0,0.0,100,323.5,295.0,0,0.0,0.0,,0.0,1,7.27,4.68,SPY201120C00344000,344.0,normalDay
2020-09-25,2263.0,3501.0,0.0,100,328.73,295.0,0,0.0,0.0,,0.0,1,7.27,5.99,SPY201120C00344000,344.0,normalDay
2020-09-28,2263.0,3817.0,0.0,100,334.19,295.0,0,0.0,0.0,,0.0,1,7.27,8.29,SPY201120C00344000,344.0,normalDay
2020-09-29,2263.0,3707.0,0.0,100,332.37,295.0,0,0.0,0.0,,0.0,1,7.27,7.57,SPY201120C00344000,344.0,normalDay
2020-09-30,2263.0,3941.0,0.0,100,334.89,295.0,0,0.0,0.0,,0.0,1,7.27,7.75,SPY201120C00344000,344.0,normalDay
2020-10-01,2263.0,3991.0,0.0,100,337.04,295.0,0,0.0,0.0,,0.0,1,7.27,9.4,SPY201120C00344000,344.0,normalDay
2020-10-02,2263.0,3816.0,0.0,100,333.84,295.0,0,0.0,0.0,,0.0,1,7.27,7.95,SPY201120C00344000,344.0,normalDay
2020-10-05,2263.0,4198.0,0.0,100,339.76,295.0,0,0.0,0.0,,0.0,1,7.27,10.05,SPY201120C00344000,344.0,normalDay
2020-10-06,2263.0,3938.0,0.0,100,334.93,295.0,0,0.0,0.0,,0.0,1,7.27,7.82,SPY201120C00344000,344.0,normalDay
2020-10-07,2263.0,4307.0,0.0,100,340.76,295.0,0,0.0,0.0,,0.0,1,7.27,9.96,SPY201120C00344000,344.0,normalDay
2020-10-08,2263.0,4514.0,0.0,100,343.78,295.0,0,0.0,0.0,,0.0,1,7.27,10.91,SPY201120C00344000,344.0,normalDay
2020-10-09,2263.0,4702.0,0.0,100,346.85,295.0,0,0.0,0.0,,0.0,1,7.27,12.1,SPY201120C00344000,344.0,normalDay
2020-10-12,2263.0,4900.0,0.0,100,352.43,295.0,0,0.0,0.0,,0.0,1,7.27,15.7,SPY201120C00344000,344.0,normalDay
2020-10-13,2263.0,4811.0,0.0,100,350.13,295.0,0,0.0,0.0,,0.0,1,7.27,14.29,SPY201120C00344000,344.0,normalDay
2020-10-14,2263.0,4753.0,0.0,100,347.93,295.0,0,0.0,0.0,,0.0,1,7.27,12.67,SPY201120C00344000,344.0,normalDay
2020-10-15,2263.0,4729.0,0.0,100,347.5,295.0,0,0.0,0.0,,0.0,1,7.27,12.48,SPY201120C00344000,344.0,normalDay
2020-10-16,2263.0,4763.0,0.0,100,347.29,295.0,0,0.0,0.0,,0.0,1,7.27,11.93,SPY201120C00344000,344.0,normalDay
2020-10-19,2263.0,4485.0,0.0,100,342.01,295.0,0,0.0,0.0,,0.0,1,7.27,9.43,SPY201120C00344000,344.0,normalDay
2020-10-20,2263.0,4583.0,0.0,100,343.38,295.0,0,0.0,0.0,,0.0,1,7.27,9.82,SPY201120C00344000,344.0,normalDay
2020-10-21,2263.0,4544.0,0.0,100,342.73,295.0,0,0.0,0.0,,0.0,1,7.27,9.56,SPY201120C00344000,344.0,normalDay
2020-10-22,2263.0,4693.0,0.0,100,344.61,295.0,0,0.0,0.0,,0.0,1,7.27,9.95,SPY201120C00344000,344.0,normalDay
2020-10-23,2263.0,4791.0,0.0,100,345.78,295.0,0,0.0,0.0,,0.0,1,7.27,10.14,SPY201120C00344000,344.0,normalDay
2020-10-26,2263.0,4371.0,0.0,100,339.39,295.0,0,0.0,0.0,,0.0,1,7.27,7.95,SPY201120C00344000,344.0,normalDay
2020-10-27,2263.0,4323.0,0.0,100,338.22,295.0,0,0.0,0.0,,0.0,1,7.27,7.26,SPY201120C00344000,344.0,normalDay
2020-10-28,2263.0,3485.0,0.0,100,326.66,295.0,0,0.0,0.0,,0.0,1,7.27,4.08,SPY201120C00344000,344.0,normalDay
2020-10-29,2263.0,3785.0,0.0,100,329.98,295.0,0,0.0,0.0,,0.0,1,7.27,4.4,SPY201120C00344000,344.0,normalDay
2020-10-30,2263.0,3566.0,0.0,100,326.54,295.0,0,0.0,0.0,,0.0,1,7.27,3.15,SPY201120C00344000,344.0,normalDay
2020-11-02,2263.0,3894.0,0.0,100,330.2,295.0,0,0.0,0.0,,0.0,1,7.27,3.53,SPY201120C00344000,344.0,normalDay
2020-11-03,2263.0,4333.0,0.0,100,336.03,295.0,0,0.0,0.0,,0.0,1,7.27,4.97,SPY201120C00344000,344.0,normalDay
2020-11-04,2263.0,4838.0,0.0,100,343.54,295.0,0,0.0,0.0,,0.0,1,7.27,7.43,SPY201120C00344000,344.0,normalDay
2020-11-05,2263.0,5135.0,0.0,100,350.24,295.0,0,0.0,0.0,,0.0,1,7.27,11.16,SPY201120C00344000,344.0,normalDay
2020-11-06,2263.0,5233.0,0.0,100,350.16,295.0,0,0.0,0.0,,0.0,1,7.27,10.1,SPY201120C00344000,344.0,normalDay
2020-11-09,2263.0,5290.0,0.0,100,354.56,295.0,0,0.0,0.0,,0.0,1,7.27,13.93,SPY201120C00344000,344.0,normalDay
2020-11-10,2263.0,5366.0,0.0,100,354.04,295.0,0,0.0,0.0,,0.0,1,7.27,12.65,SPY201120C00344000,344.0,normalDay
2020-11-11,2263.0,5457.0,0.0,100,356.67,295.0,0,0.0,0.0,,0.0,1,7.27,14.37,SPY201120C00344000,344.0,normalDay
2020-11-12,2263.0,5396.0,0.0,100,353.21,295.0,0,0.0,0.0,,0.0,1,7.27,11.52,SPY201120C00344000,344.0,normalDay
2020-11-13,2263.0,5539.0,0.0,100,358.1,295.0,0,0.0,0.0,,0.0,1,7.27,14.98,SPY201120C00344000,344.0,normalDay
2020-11-16,2263.0,5620.0,0.0,100,362.57,295.0,0,0.0,0.0,,0.0,1,7.27,18.64,SPY201120C00344000,344.0,normalDay
2020-11-17,2263.0,5602.0,0.0,100,360.62,295.0,0,0.0,0.0,,0.0,1,7.27,16.87,SPY201120C00344000,344.0,normalDay
2020-11-18,2263.0,5585.0,0.0,100,356.28,295.0,0,0.0,0.0,,0.0,1,7.27,12.7,SPY201120C00344000,344.0,normalDay
2020-11-19,2263.0,5604.0,0.0,100,357.78,295.0,0,0.0,0.0,,0.0,1,7.27,14.01,SPY201120C00344000,344.0,normalDay
2020-11-20,7890.0,5604.0,5627.0,0,355.33,0.0,0,0.0,0.0,,0.0,1,7.27,0.0,SPY201120C00344000,344.0,expirationDay
2020-11-23,7890.0,-8.0,0.0,0,357.46,0.0,1,7.12,7.2,SPY210331P00314000,314.0,0,0.0,0.0,,0.0,normalDay
2020-11-24,7890.0,91.0,0.0,0,363.22,0.0,1,7.12,6.21,SPY210331P00314000,314.0,0,0.0,0.0,,0.0,normalDay
2020-11-25,7890.0,106.0,0.0,0,362.66,0.0,1,7.12,6.06,SPY210331P00314000,314.0,0,0.0,0.0,,0.0,normalDay
2020-11-27,7890.0,130.0,0.0,0,363.67,0.0,1,7.12,5.82,SPY210331P00314000,314.0,0,0.0,0.0,,0.0,normalDay
2020-11-30,7890.0,149.0,0.0,0,362.06,0.0,1,7.12,5.63,SPY210331P00314000,314.0,0,0.0,0.0,,0.0,normalDay
2020-12-01,7890.0,180.0,0.0,0,366.02,0.0,1,7.12,5.32,SPY210331P00314000,314.0,0,0.0,0.0,,0.0,normalDay
2020-12-02,7890.0,196.0,0.0,0,366.79,0.0,1,7.12,5.16,SPY210331P00314000,314.0,0,0.0,0.0,,0.0,normalDay
2020-12-03,7890.0,189.0,0.0,0,366.69,0.0,1,7.12,5.23,SPY210331P00314000,314.0,0,0.0,0.0,,0.0,normalDay
2020-12-04,7890.0,234.0,0.0,0,369.85,0.0,1,7.12,4.78,SPY210331P00314000,314.0,0,0.0,0.0,,0.0,normalDay
2020-12-07,7890.0,225.0,0.0,0,369.09,0.0,1,7.12,4.87,SPY210331P00314000,314.0,0,0.0,0.0,,0.0,normalDay
2020-12-08,7890.0,269.0,0.0,0,370.17,0.0,1,7.12,4.43,SPY210331P00314000,314.0,0,0.0,0.0,,0.0,normalDay
2020-12-09,7890.0,206.0,0.0,0,366.85,0.0,1,7.12,5.06,SPY210331P00314000,314.0,0,0.0,0.0,,0.0,normalDay
2020-12-10,7890.0,205.0,0.0,0,366.73,0.0,1,7.12,5.07,SPY210331P00314000,314.0,0,0.0,0.0,,0.0,normalDay
2020-12-11,7890.0,176.0,0.0,0,366.3,0.0,1,7.12,5.36,SPY210331P00314000,314.0,0,0.0,0.0,,0.0,normalDay
2020-12-14,7890.0,141.0,0.0,0,364.66,0.0,1,7.12,5.71,SPY210331P00314000,314.0,0,0.0,0.0,,0.0,normalDay
2020-12-15,7890.0,217.0,0.0,0,369.59,0.0,1,7.12,4.95,SPY210331P00314000,314.0,0,0.0,0.0,,0.0,normalDay
2020-12-16,7890.0,254.0,0.0,0,370.17,0.0,1,7.12,4.58,SPY210331P00314000,314.0,0,0.0,0.0,,0.0,normalDay
2020-12-17,7890.0,292.0,0.0,0,372.24,0.0,1,7.12,4.2,SPY210331P00314000,314.0,0,0.0,0.0,,0.0,normalDay
2020-12-18,7890.0,288.0,0.0,0,369.18,0.0,1,7.12,4.24,SPY210331P00314000,314.0,0,0.0,0.0,,0.0,normalDay
2020-12-21,7890.0,205.0,0.0,0,367.86,0.0,1,7.12,5.07,SPY210331P00314000,314.0,0,0.0,0.0,,0.0,normalDay
2020-12-22,7890.0,217.0,0.0,0,367.24,0.0,1,7.12,4.95,SPY210331P00314000,314.0,0,0.0,0.0,,0.0,normalDay
2020-12-23,7890.0,254.0,0.0,0,367.57,0.0,1,7.12,4.58,SPY210331P00314000,314.0,0,0.0,0.0,,0.0,normalDay
2020-12-24,7890.0,305.0,0.0,0,369.0,0.0,1,7.12,4.07,SPY210331P00314000,314.0,0,0.0,0.0,,0.0,normalDay
2020-12-28,7890.0,351.0,0.0,0,372.17,0.0,1,7.12,3.61,SPY210331P00314000,314.0,0,0.0,0.0,,0.0,normalDay
2020-12-29,7890.0,313.0,0.0,0,371.46,0.0,1,7.12,3.99,SPY210331P00314000,314.0,0,0.0,0.0,,0.0,normalDay
2020-12-30,7890.0,352.0,0.0,0,371.99,0.0,1,7.12,3.6,SPY210331P00314000,314.0,0,0.0,0.0,,0.0,normalDay
2020-12-31,7890.0,373.0,0.0,0,373.88,0.0,1,7.12,3.39,SPY210331P00314000,314.0,0,0.0,0.0,,0.0,normalDay
2021-01-04,7890.0,284.0,0.0,0,368.79,0.0,1,7.12,4.28,SPY210331P00314000,314.0,0,0.0,0.0,,0.0,normalDay
2021-01-05,7890.0,330.0,0.0,0,371.33,0.0,1,7.12,3.82,SPY210331P00314000,314.0,0,0.0,0.0,,0.0,normalDay
2021-01-06,7890.0,344.0,0.0,0,373.55,0.0,1,7.12,3.68,SPY210331P00314000,314.0,0,0.0,0.0,,0.0,normalDay
2021-01-07,7890.0,440.0,0.0,0,379.1,0.0,1,7.12,2.72,SPY210331P00314000,314.0,0,0.0,0.0,,0.0,normalDay
2021-01-08,7890.0,459.0,0.0,0,381.26,0.0,1,7.12,2.53,SPY210331P00314000,314.0,0,0.0,0.0,,0.0,normalDay
2021-01-11,7890.0,416.0,0.0,0,378.69,0.0,1,7.12,2.96,SPY210331P00314000,314.0,0,0.0,0.0,,0.0,normalDay
2021-01-12,7890.0,434.0,0.0,0,378.77,0.0,1,7.12,2.78,SPY210331P00314000,314.0,0,0.0,0.0,,0.0,normalDay
2021-01-13,7890.0,458.0,0.0,0,379.79,0.0,1,7.12,2.54,SPY210331P00314000,314.0,0,0.0,0.0,,0.0,normalDay
2021-01-14,7890.0,439.0,0.0,0,378.46,0.0,1,7.12,2.73,SPY210331P00314000,314.0,0,0.0,0.0,,0.0,normalDay
2021-01-15,7890.0,404.0,0.0,0,375.7,0.0,1,7.12,3.08,SPY210331P00314000,314.0,0,0.0,0.0,,0.0,normalDay
2021-01-19,7890.0,458.0,0.0,0,378.65,0.0,1,7.12,2.54,SPY210331P00314000,314.0,0,0.0,0.0,,0.0,normalDay
2021-01-20,7890.0,508.0,0.0,0,383.89,0.0,1,7.12,2.04,SPY210331P00314000,314.0,0,0.0,0.0,,0.0,normalDay
2021-01-21,7890.0,519.0,0.0,0,384.24,0.0,1,7.12,1.93,SPY210331P00314000,314.0,0,0.0,0.0,,0.0,normalDay
2021-01-22,7890.0,513.0,0.0,0,382.88,0.0,1,7.12,1.99,SPY210331P00314000,314.0,0,0.0,0.0,,0.0,normalDay
2021-01-25,7890.0,511.0,0.0,0,384.39,0.0,1,7.12,2.01,SPY210331P00314000,314.0,0,0.0,0.0,,0.0,normalDay
2021-01-26,7890.0,520.0,0.0,0,383.79,0.0,1,7.12,1.92,SPY210331P00314000,314.0,0,0.0,0.0,,0.0,normalDay
2021-01-27,7890.0,302.0,0.0,0,374.41,0.0,1,7.12,4.1,SPY210331P00314000,314.0,0,0.0,0.0,,0.0,normalDay
2021-01-28,7890.0,381.0,0.0,0,377.63,0.0,1,7.12,3.31,SPY210331P00314000,314.0,0,0.0,0.0,,0.0,normalDay
2021-01-29,7890.0,239.0,0.0,0,370.07,0.0,1,7.12,4.73,SPY210331P00314000,314.0,0,0.0,0.0,,0.0,normalDay
2021-02-01,7890.0,382.0,0.0,0,376.23,0.0,1,7.12,3.3,SPY210331P00314000,314.0,0,0.0,0.0,,0.0,normalDay
2021-02-02,7890.0,491.0,0.0,0,381.55,0.0,1,7.12,2.21,SPY210331P00314000,314.0,0,0.0,0.0,,0.0,normalDay
2021-02-03,7890.0,537.0,0.0,0,381.85,0.0,1,7.12,1.75,SPY210331P00314000,314.0,0,0.0,0.0,,0.0,normalDay
2021-02-04,7890.0,578.0,0.0,0,386.19,0.0,1,7.12,1.34,SPY210331P00314000,314.0,0,0.0,0.0,,0.0,normalDay
2021-02-05,7890.0,586.0,0.0,0,387.71,0.0,1,7.12,1.26,SPY210331P00314000,314.0,0,0.0,0.0,,0.0,normalDay
2021-02-08,7890.0,602.0,0.0,0,390.51,0.0,1,7.12,1.1,SPY210331P00314000,314.0,0,0.0,0.0,,0.0,normalDay
2021-02-09,7890.0,605.0,0.0,0,390.25,0.0,1,7.12,1.07,SPY210331P00314000,314.0,0,0.0,0.0,,0.0,normalDay
2021-02-10,7890.0,602.0,0.0,0,390.08,0.0,1,7.12,1.1,SPY210331P00314000,314.0,0,0.0,0.0,,0.0,normalDay
2021-02-11,7890.0,614.0,0.0,0,390.71,0.0,1,7.12,0.98,SPY210331P00314000,314.0,0,0.0,0.0,,0.0,normalDay
2021-02-12,7890.0,634.0,0.0,0,392.64,0.0,1,7.12,0.78,SPY210331P00314000,314.0,0,0.0,0.0,,0.0,normalDay
2021-02-16,7890.0,632.0,0.0,0,392.3,0.0,1,7.12,0.8,SPY210331P00314000,314.0,0,0.0,0.0,,0.0,normalDay
2021-02-17,7890.0,635.0,0.0,0,392.39,0.0,1,7.12,0.77,SPY210331P00314000,314.0,0,0.0,0.0,,0.0,normalDay
2021-02-18,7890.0,630.0,0.0,0,390.72,0.0,1,7.12,0.82,SPY210331P00314000,314.0,0,0.0,0.0,,0.0,normalDay
2021-02-19,7890.0,639.0,0.0,0,390.03,0.0,1,7.12,0.73,SPY210331P00314000,314.0,0,0.0,0.0,,0.0,normalDay
2021-02-22,7890.0,634.0,0.0,0,387.03,0.0,1,7.12,0.78,SPY210331P00314000,314.0,0,0.0,0.0,,0.0,normalDay
2021-02-23,7890.0,645.0,0.0,0,387.5,0.0,1,7.12,0.67,SPY210331P00314000,314.0,0,0.0,0.0,,0.0,normalDay
2021-02-24,7890.0,663.0,0.0,0,391.77,0.0,1,7.12,0.49,SPY210331P00314000,314.0,0,0.0,0.0,,0.0,normalDay
2021-02-25,7890.0,594.0,0.0,0,382.33,0.0,1,7.12,1.18,SPY210331P00314000,314.0,0,0.0,0.0,,0.0,normalDay
2021-02-26,7890.0,606.0,0.0,0,380.36,0.0,1,7.12,1.06,SPY210331P00314000,314.0,0,0.0,0.0,,0.0,normalDay
2021-03-01,7890.0,658.0,0.0,0,389.58,0.0,1,7.12,0.54,SPY210331P00314000,314.0,0,0.0,0.0,,0.0,normalDay
2021-03-02,7890.0,652.0,0.0,0,386.54,0.0,1,7.12,0.6,SPY210331P00314000,314.0,0,0.0,0.0,,0.0,normalDay
2021-03-03,7890.0,638.0,0.0,0,381.42,0.0,1,7.12,0.74,SPY210331P00314000,314.0,0,0.0,0.0,,0.0,normalDay
2021-03-04,7890.0,615.0,0.0,0,376.7,0.0,1,7.12,0.97,SPY210331P00314000,314.0,0,0.0,0.0,,0.0,normalDay
2021-03-05,7890.0,657.0,0.0,0,383.63,0.0,1,7.12,0.55,SPY210331P00314000,314.0,0,0.0,0.0,,0.0,normalDay
2021-03-08,7890.0,659.0,0.0,0,381.72,0.0,1,7.12,0.53,SPY210331P00314000,314.0,0,0.0,0.0,,0.0,normalDay
2021-03-09,7890.0,679.0,0.0,0,387.17,0.0,1,7.12,0.33,SPY210331P00314000,314.0,0,0.0,0.0,,0.0,normalDay
2021-03-10,7890.0,689.0,0.0,0,389.58,0.0,1,7.12,0.23,SPY210331P00314000,314.0,0,0.0,0.0,,0.0,normalDay
2021-03-11,7890.0,694.0,0.0,0,393.53,0.0,1,7.12,0.18,SPY210331P00314000,314.0,0,0.0,0.0,,0.0,normalDay
2021-03-12,7890.0,701.0,0.0,0,394.06,0.0,1,7.12,0.11,SPY210331P00314000,314.0,0,0.0,0.0,,0.0,normalDay
2021-03-15,7890.0,706.0,0.0,0,396.41,0.0,1,7.12,0.06,SPY210331P00314000,314.0,0,0.0,0.0,,0.0,normalDay
2021-03-16,7890.0,705.0,0.0,0,395.91,0.0,1,7.12,0.07,SPY210331P00314000,314.0,0,0.0,0.0,,0.0,normalDay
2021-03-17,7890.0,707.0,0.0,0,397.26,0.0,1,7.12,0.05,SPY210331P00314000,314.0,0,0.0,0.0,,0.0,normalDay
2021-03-18,7890.0,702.0,0.0,0,391.48,0.0,1,7.12,0.1,SPY210331P00314000,314.0,0,0.0,0.0,,0.0,normalDay
2021-03-19,7890.0,706.0,0.0,0,389.48,0.0,1,7.12,0.06,SPY210331P00314000,314.0,0,0.0,0.0,,0.0,normalDay
2021-03-22,7890.0,710.0,0.0,0,392.59,0.0,1,7.12,0.02,SPY210331P00314000,314.0,0,0.0,0.0,,0.0,normalDay
2021-03-23,7890.0,709.0,0.0,0,389.5,0.0,1,7.12,0.03,SPY210331P00314000,314.0,0,0.0,0.0,,0.0,normalDay
2021-03-24,7890.0,710.0,0.0,0,387.52,0.0,1,7.12,0.02,SPY210331P00314000,314.0,0,0.0,0.0,,0.0,normalDay
2021-03-25,7890.0,711.0,0.0,0,389.7,0.0,1,7.12,0.01,SPY210331P00314000,314.0,0,0.0,0.0,,0.0,normalDay
2021-03-26,7890.0,711.0,0.0,0,395.98,0.0,1,7.12,0.01,SPY210331P00314000,314.0,0,0.0,0.0,,0.0,normalDay
2021-03-29,7890.0,711.0,0.0,0,395.78,0.0,1,7.12,0.01,SPY210331P00314000,314.0,0,0.0,0.0,,0.0,normalDay
2021-03-30,7890.0,711.0,0.0,0,394.73,0.0,1,7.12,0.01,SPY210331P00314000,314.0,0,0.0,0.0,,0.0,normalDay
2021-03-31,8602.0,0.0,712.0,0,396.33,0.0,1,7.12,0.0,SPY210331P00314000,314.0,0,0.0,0.0,,0.0,expirationDay
2021-04-01,8602.0,-7.0,0.0,0,400.61,0.0,1,10.72,10.79,SPY210820P00380000,380.0,0,0.0,0.0,,0.0,normalDay
2021-04-05,8602.0,136.0,0.0,0,406.36,0.0,1,10.72,9.36,SPY210820P00380000,380.0,0,0.0,0.0,,0.0,normalDay
2021-04-06,8602.0,119.0,0.0,0,406.12,0.0,1,10.72,9.53,SPY210820P00380000,380.0,0,0.0,0.0,,0.0,normalDay
2021-04-07,8602.0,159.0,0.0,0,406.59,0.0,1,10.72,9.13,SPY210820P00380000,380.0,0,0.0,0.0,,0.0,normalDay
2021-04-08,8602.0,189.0,0.0,0,408.52,0.0,1,10.72,8.83,SPY210820P00380000,380.0,0,0.0,0.0,,0.0,normalDay
2021-04-09,8602.0,226.0,0.0,0,411.49,0.0,1,10.72,8.46,SPY210820P00380000,380.0,0,0.0,0.0,,0.0,normalDay
2021-04-12,8602.0,245.0,0.0,0,411.64,0.0,1,10.72,8.27,SPY210820P00380000,380.0,0,0.0,0.0,,0.0,normalDay
2021-04-13,8602.0,283.0,0.0,0,412.86,0.0,1,10.72,7.89,SPY210820P00380000,380.0,0,0.0,0.0,,0.0,normalDay
2021-04-14,8602.0,255.0,0.0,0,411.45,0.0,1,10.72,8.17,SPY210820P00380000,380.0,0,0.0,0.0,,0.0,normalDay
2021-04-15,8602.0,337.0,0.0,0,415.87,0.0,1,10.72,7.35,SPY210820P00380000,380.0,0,0.0,0.0,,0.0,normalDay
2021-04-16,8602.0,362.0,0.0,0,417.26,0.0,1,10.72,7.1,SPY210820P00380000,380.0,0,0.0,0.0,,0.0,normalDay
2021-04-19,8602.0,304.0,0.0,0,415.21,0.0,1,10.72,7.68,SPY210820P00380000,380.0,0,0.0,0.0,,0.0,normalDay
2021-04-20,8602.0,213.0,0.0,0,412.17,0.0,1,10.72,8.59,SPY210820P00380000,380.0,0,0.0,0.0,,0.0,normalDay
2021-04-21,8602.0,322.0,0.0,0,416.07,0.0,1,10.72,7.5,SPY210820P00380000,380.0,0,0.0,0.0,,0.0,normalDay
2021-04-22,8602.0,209.0,0.0,0,412.27,0.0,1,10.72,8.63,SPY210820P00380000,380.0,0,0.0,0.0,,0.0,normalDay
2021-04-23,8602.0,338.0,0.0,0,416.74,0.0,1,10.72,7.34,SPY210820P00380000,380.0,0,0.0,0.0,,0.0,normalDay
2021-04-26,8602.0,368.0,0.0,0,417.61,0.0,1,10.72,7.04,SPY210820P00380000,380.0,0,0.0,0.0,,0.0,normalDay
2021-04-27,8602.0,380.0,0.0,0,417.52,0.0,1,10.72,6.92,SPY210820P00380000,380.0,0,0.0,0.0,,0.0,normalDay
2021-04-28,8602.0,400.0,0.0,0,417.4,0.0,1,10.72,6.72,SPY210820P00380000,380.0,0,0.0,0.0,,0.0,normalDay
2021-04-29,8602.0,423.0,0.0,0,420.06,0.0,1,10.72,6.49,SPY210820P00380000,380.0,0,0.0,0.0,,0.0,normalDay
2021-04-30,8602.0,366.0,0.0,0,417.3,0.0,1,10.72,7.06,SPY210820P00380000,380.0,0,0.0,0.0,,0.0,normalDay
2021-05-03,8602.0,408.0,0.0,0,418.2,0.0,1,10.72,6.64,SPY210820P00380000,380.0,0,0.0,0.0,,0.0,normalDay
2021-05-04,8602.0,331.0,0.0,0,415.62,0.0,1,10.72,7.41,SPY210820P00380000,380.0,0,0.0,0.0,,0.0,normalDay
2021-05-05,8602.0,354.0,0.0,0,415.75,0.0,1,10.72,7.18,SPY210820P00380000,380.0,0,0.0,0.0,,0.0,normalDay
2021-05-06,8602.0,432.0,0.0,0,419.07,0.0,1,10.72,6.4,SPY210820P00380000,380.0,0,0.0,0.0,,0.0,normalDay
2021-05-07,8602.0,512.0,0.0,0,422.12,0.0,1,10.72,5.6,SPY210820P00380000,380.0,0,0.0,0.0,,0.0,normalDay
2021-05-10,8602.0,403.0,0.0,0,417.94,0.0,1,10.72,6.69,SPY210820P00380000,380.0,0,0.0,0.0,,0.0,normalDay
2021-05-11,8602.0,292.0,0.0,0,414.21,0.0,1,10.72,7.8,SPY210820P00380000,380.0,0,0.0,0.0,,0.0,normalDay
2021-05-12,8602.0,-58.0,0.0,0,405.41,0.0,1,10.72,11.3,SPY210820P00380000,380.0,0,0.0,0.0,,0.0,normalDay
2021-05-13,8602.0,186.0,0.0,0,410.28,0.0,1,10.72,8.86,SPY210820P00380000,380.0,0,0.0,0.0,,0.0,normalDay
2021-05-14,8602.0,435.0,0.0,0,416.58,0.0,1,10.72,6.37,SPY210820P00380000,380.0,0,0.0,0.0,,0.0,normalDay
2021-05-17,8602.0,395.0,0.0,0,415.52,0.0,1,10.72,6.77,SPY210820P00380000,380.0,0,0.0,0.0,,0.0,normalDay
2021-05-18,8602.0,298.0,0.0,0,411.94,0.0,1,10.72,7.74,SPY210820P00380000,380.0,0,0.0,0.0,,0.0,normalDay
2021-05-19,8602.0,257.0,0.0,0,410.86,0.0,1,10.72,8.15,SPY210820P00380000,380.0,0,0.0,0.0,,0.0,normalDay
2021-05-20,8602.0,379.0,0.0,0,415.28,0.0,1,10.72,6.93,SPY210820P00380000,380.0,0,0.0,0.0,,0.0,normalDay
2021-05-21,8602.0,409.0,0.0,0,414.94,0.0,1,10.72,6.63,SPY210820P00380000,380.0,0,0.0,0.0,,0.0,normalDay
2021-05-24,8602.0,534.0,0.0,0,419.17,0.0,1,10.72,5.38,SPY210820P00380000,380.0,0,0.0,0.0,,0.0,normalDay
2021-05-25,8602.0,527.0,0.0,0,418.24,0.0,1,10.72,5.45,SPY210820P00380000,380.0,0,0.0,0.0,,0.0,normalDay
2021-05-26,8602.0,592.0,0.0,0,419.07,0.0,1,10.72,4.8,SPY210820P00380000,380.0,0,0.0,0.0,,0.0,normalDay
2021-05-27,8602.0,647.0,0.0,0,419.29,0.0,1,10.72,4.25,SPY210820P00380000,380.0,0,0.0,0.0,,0.0,normalDay
2021-05-28,8602.0,657.0,0.0,0,420.04,0.0,1,10.72,4.15,SPY210820P00380000,380.0,0,0.0,0.0,,0.0,normalDay
2021-06-01,8602.0,640.0,0.0,0,419.67,0.0,1,10.72,4.32,SPY210820P00380000,380.0,0,0.0,0.0,,0.0,normalDay
2021-06-02,8602.0,661.0,0.0,0,420.33,0.0,1,10.72,4.11,SPY210820P00380000,380.0,0,0.0,0.0,,0.0,normalDay
2021-06-03,8602.0,632.0,0.0,0,418.77,0.0,1,10.72,4.4,SPY210820P00380000,380.0,0,0.0,0.0,,0.0,normalDay
2021-06-04,8602.0,712.0,0.0,0,422.6,0.0,1,10.72,3.6,SPY210820P00380000,380.0,0,0.0,0.0,,0.0,normalDay
2021-06-07,8602.0,737.0,0.0,0,422.19,0.0,1,10.72,3.35,SPY210820P00380000,380.0,0,0.0,0.0,,0.0,normalDay
2021-06-08,8602.0,731.0,0.0,0,422.28,0.0,1,10.72,3.41,SPY210820P00380000,380.0,0,0.0,0.0,,0.0,normalDay
2021-06-09,8602.0,717.0,0.0,0,421.65,0.0,1,10.72,3.55,SPY210820P00380000,380.0,0,0.0,0.0,,0.0,normalDay
2021-06-10,8602.0,781.0,0.0,0,423.61,0.0,1,10.72,2.91,SPY210820P00380000,380.0,0,0.0,0.0,,0.0,normalDay
2021-06-11,8602.0,804.0,0.0,0,424.31,0.0,1,10.72,2.68,SPY210820P00380000,380.0,0,0.0,0.0,,0.0,normalDay
2021-06-14,8602.0,811.0,0.0,0,425.26,0.0,1,10.72,2.61,SPY210820P00380000,380.0,0,0.0,0.0,,0.0,normalDay
2021-06-15,8602.0,795.0,0.0,0,424.48,0.0,1,10.72,2.77,SPY210820P00380000,380.0,0,0.0,0.0,,0.0,normalDay
2021-06-16,8602.0,768.0,0.0,0,422.11,0.0,1,10.72,3.04,SPY210820P00380000,380.0,0,0.0,0.0,,0.0,normalDay
2021-06-17,8602.0,786.0,0.0,0,421.97,0.0,1,10.72,2.86,SPY210820P00380000,380.0,0,0.0,0.0,,0.0,normalDay
2021-06-18,8602.0,661.0,0.0,0,414.92,0.0,1,10.72,4.11,SPY210820P00380000,380.0,0,0.0,0.0,,0.0,normalDay
2021-06-21,8602.0,804.0,0.0,0,420.86,0.0,1,10.72,2.68,SPY210820P00380000,380.0,0,0.0,0.0,,0.0,normalDay
2021-06-22,8602.0,847.0,0.0,0,423.11,0.0,1,10.72,2.25,SPY210820P00380000,380.0,0,0.0,0.0,,0.0,normalDay
2021-06-23,8602.0,860.0,0.0,0,422.6,0.0,1,10.72,2.12,SPY210820P00380000,380.0,0,0.0,0.0,,0.0,normalDay
2021-06-24,8602.0,889.0,0.0,0,425.1,0.0,1,10.72,1.83,SPY210820P00380000,380.0,0,0.0,0.0,,0.0,normalDay
2021-06-25,8602.0,910.0,0.0,0,426.61,0.0,1,10.72,1.62,SPY210820P00380000,380.0,0,0.0,0.0,,0.0,normalDay
2021-06-28,8602.0,921.0,0.0,0,427.47,0.0,1,10.72,1.51,SPY210820P00380000,380.0,0,0.0,0.0,,0.0,normalDay
2021-06-29,8602.0,918.0,0.0,0,427.7,0.0,1,10.72,1.54,SPY210820P00380000,380.0,0,0.0,0.0,,0.0,normalDay
2021-06-30,8602.0,928.0,0.0,0,428.06,0.0,1,10.72,1.44,SPY210820P00380000,380.0,0,0.0,0.0,,0.0,normalDay
2021-07-01,8602.0,942.0,0.0,0,430.43,0.0,1,10.72,1.3,SPY210820P00380000,380.0,0,0.0,0.0,,0.0,normalDay
2021-07-02,8602.0,958.0,0.0,0,433.72,0.0,1,10.72,1.14,SPY210820P00380000,380.0,0,0.0,0.0,,0.0,normalDay
2021-07-06,8602.0,952.0,0.0,0,432.93,0.0,1,10.72,1.2,SPY210820P00380000,380.0,0,0.0,0.0,,0.0,normalDay
2021-07-07,8602.0,963.0,0.0,0,434.46,0.0,1,10.72,1.09,SPY210820P00380000,380.0,0,0.0,0.0,,0.0,normalDay
2021-07-08,8602.0,919.0,0.0,0,430.92,0.0,1,10.72,1.53,SPY210820P00380000,380.0,0,0.0,0.0,,0.0,normalDay
2021-07-09,8602.0,972.0,0.0,0,435.52,0.0,1,10.72,1.0,SPY210820P00380000,380.0,0,0.0,0.0,,0.0,normalDay
2021-07-12,8602.0,987.0,0.0,0,437.08,0.0,1,10.72,0.85,SPY210820P00380000,380.0,0,0.0,0.0,,0.0,normalDay
2021-07-13,8602.0,978.0,0.0,0,435.59,0.0,1,10.72,0.94,SPY210820P00380000,380.0,0,0.0,0.0,,0.0,normalDay
2021-07-14,8602.0,995.0,0.0,0,436.24,0.0,1,10.72,0.77,SPY210820P00380000,380.0,0,0.0,0.0,,0.0,normalDay
2021-07-15,8602.0,988.0,0.0,0,434.75,0.0,1,10.72,0.84,SPY210820P00380000,380.0,0,0.0,0.0,,0.0,normalDay
2021-07-16,8602.0,971.0,0.0,0,431.34,0.0,1,10.72,1.01,SPY210820P00380000,380.0,0,0.0,0.0,,0.0,normalDay
2021-07-19,8602.0,904.0,0.0,0,424.97,0.0,1,10.72,1.68,SPY210820P00380000,380.0,0,0.0,0.0,,0.0,normalDay
2021-07-20,8602.0,963.0,0.0,0,431.06,0.0,1,10.72,1.09,SPY210820P00380000,380.0,0,0.0,0.0,,0.0,normalDay
2021-07-21,8602.0,999.0,0.0,0,434.55,0.0,1,10.72,0.73,SPY210820P00380000,380.0,0,0.0,0.0,,0.0,normalDay
2021-07-22,8602.0,1007.0,0.0,0,435.46,0.0,1,10.72,0.65,SPY210820P00380000,380.0,0,0.0,0.0,,0.0,normalDay
2021-07-23,8602.0,1019.0,0.0,0,439.94,0.0,1,10.72,0.53,SPY210820P00380000,380.0,0,0.0,0.0,,0.0,normalDay
2021-07-26,8602.0,1032.0,0.0,0,441.02,0.0,1,10.72,0.4,SPY210820P00380000,380.0,0,0.0,0.0,,0.0,normalDay
2021-07-27,8602.0,1022.0,0.0,0,439.01,0.0,1,10.72,0.5,SPY210820P00380000,380.0,0,0.0,0.0,,0.0,normalDay
2021-07-28,8602.0,1032.0,0.0,0,438.83,0.0,1,10.72,0.4,SPY210820P00380000,380.0,0,0.0,0.0,,0.0,normalDay
2021-07-29,8602.0,1041.0,0.0,0,440.65,0.0,1,10.72,0.31,SPY210820P00380000,380.0,0,0.0,0.0,,0.0,normalDay
2021-07-30,8602.0,1036.0,0.0,0,438.51,0.0,1,10.72,0.36,SPY210820P00380000,380.0,0,0.0,0.0,,0.0,normalDay
2021-08-02,8602.0,1040.0,0.0,0,437.59,0.0,1,10.72,0.32,SPY210820P00380000,380.0,0,0.0,0.0,,0.0,normalDay
2021-08-03,8602.0,1053.0,0.0,0,441.15,0.0,1,10.72,0.19,SPY210820P00380000,380.0,0,0.0,0.0,,0.0,normalDay
2021-08-04,8602.0,1054.0,0.0,0,438.98,0.0,1,10.72,0.18,SPY210820P00380000,380.0,0,0.0,0.0,,0.0,normalDay
2021-08-05,8602.0,1059.0,0.0,0,441.76,0.0,1,10.72,0.13,SPY210820P00380000,380.0,0,0.0,0.0,,0.0,normalDay
2021-08-06,8602.0,1064.0,0.0,0,442.49,0.0,1,10.72,0.08,SPY210820P00380000,380.0,0,0.0,0.0,,0.0,normalDay
2021-08-09,8602.0,1065.0,0.0,0,442.13,0.0,1,10.72,0.07,SPY210820P00380000,380.0,0,0.0,0.0,,0.0,normalDay
2021-08-10,8602.0,1064.0,0.0,0,442.68,0.0,1,10.72,0.08,SPY210820P00380000,380.0,0,0.0,0.0,,0.0,normalDay
2021-08-11,8602.0,1067.0,0.0,0,443.78,0.0,1,10.72,0.05,SPY210820P00380000,380.0,0,0.0,0.0,,0.0,normalDay
2021-08-12,8602.0,1068.0,0.0,0,445.11,0.0,1,10.72,0.04,SPY210820P00380000,380.0,0,0.0,0.0,,0.0,normalDay
2021-08-13,8602.0,1068.0,0.0,0,445.92,0.0,1,10.72,0.04,SPY210820P00380000,380.0,0,0.0,0.0,,0.0,normalDay
2021-08-16,8602.0,1070.0,0.0,0,446.97,0.0,1,10.72,0.02,SPY210820P00380000,380.0,0,0.0,0.0,,0.0,normalDay
2021-08-17,8602.0,1070.0,0.0,0,444.04,0.0,1,10.72,0.02,SPY210820P00380000,380.0,0,0.0,0.0,,0.0,normalDay
2021-08-18,8602.0,1067.0,0.0,0,439.18,0.0,1,10.72,0.05,SPY210820P00380000,380.0,0,0.0,0.0,,0.0,normalDay
2021-08-19,8602.0,1071.0,0.0,0,439.86,0.0,1,10.72,0.01,SPY210820P00380000,380.0,0,0.0,0.0,,0.0,normalDay
2021-08-20,9674.0,0.0,1072.0,0,443.36,0.0,1,10.72,0.0,SPY210820P00380000,380.0,0,0.0,0.0,,0.0,expirationDay
2021-08-23,9674.0,-6.0,0.0,0,447.26,0.0,1,13.7,13.76,SPY211231P00434000,434.0,0,0.0,0.0,,0.0,normalDay
2021-08-24,9674.0,6.0,0.0,0,447.97,0.0,1,13.7,13.64,SPY211231P00434000,434.0,0,0.0,0.0,,0.0,normalDay
2021-08-25,9674.0,68.0,0.0,0,448.91,0.0,1,13.7,13.02,SPY211231P00434000,434.0,0,0.0,0.0,,0.0,normalDay
2021-08-26,9674.0,-58.0,0.0,0,446.26,0.0,1,13.7,14.28,SPY211231P00434000,434.0,0,0.0,0.0,,0.0,normalDay
2021-08-27,9674.0,120.0,0.0,0,450.25,0.0,1,13.7,12.5,SPY211231P00434000,434.0,0,0.0,0.0,,0.0,normalDay
2021-08-30,9674.0,189.0,0.0,0,452.23,0.0,1,13.7,11.81,SPY211231P00434000,434.0,0,0.0,0.0,,0.0,normalDay
2021-08-31,9674.0,183.0,0.0,0,451.56,0.0,1,13.7,11.87,SPY211231P00434000,434.0,0,0.0,0.0,,0.0,normalDay
2021-09-01,9674.0,213.0,0.0,0,451.8,0.0,1,13.7,11.57,SPY211231P00434000,434.0,0,0.0,0.0,,0.0,normalDay
2021-09-02,9674.0,252.0,0.0,0,453.19,0.0,1,13.7,11.18,SPY211231P00434000,434.0,0,0.0,0.0,,0.0,normalDay
2021-09-03,9674.0,240.0,0.0,0,453.08,0.0,1,13.7,11.3,SPY211231P00434000,434.0,0,0.0,0.0,,0.0,normalDay
2021-09-07,9674.0,170.0,0.0,0,451.46,0.0,1,13.7,12.0,SPY211231P00434000,434.0,0,0.0,0.0,,0.0,normalDay
2021-09-08,9674.0,157.0,0.0,0,450.91,0.0,1,13.7,12.13,SPY211231P00434000,434.0,0,0.0,0.0,,0.0,normalDay
2021-09-09,9674.0,71.0,0.0,0,448.98,0.0,1,13.7,12.99,SPY211231P00434000,434.0,0,0.0,0.0,,0.0,normalDay
2021-09-10,9674.0,-40.0,0.0,0,445.44,0.0,1,13.7,14.1,SPY211231P00434000,434.0,0,0.0,0.0,,0.0,normalDay
2021-09-13,9674.0,57.0,0.0,0,446.58,0.0,1,13.7,13.13,SPY211231P00434000,434.0,0,0.0,0.0,,0.0,normalDay
2021-09-14,9674.0,-27.0,0.0,0,444.17,0.0,1,13.7,13.97,SPY211231P00434000,434.0,0,0.0,0.0,,0.0,normalDay
2021-09-15,9674.0,138.0,0.0,0,447.88,0.0,1,13.7,12.32,SPY211231P00434000,434.0,0,0.0,0.0,,0.0,normalDay
2021-09-16,9674.0,107.0,0.0,0,447.17,0.0,1,13.7,12.63,SPY211231P00434000,434.0,0,0.0,0.0,,0.0,normalDay
2021-09-17,9674.0,-100.0,0.0,0,441.4,0.0,1,13.7,14.7,SPY211231P00434000,434.0,0,0.0,0.0,,0.0,normalDay
2021-09-20,9674.0,-495.0,0.0,0,434.04,0.0,1,13.7,18.65,SPY211231P00434000,434.0,0,0.0,0.0,,0.0,normalDay
2021-09-21,9674.0,-462.0,0.0,0,433.63,0.0,1,13.7,18.32,SPY211231P00434000,434.0,0,0.0,0.0,,0.0,normalDay
2021-09-22,9674.0,-166.0,0.0,0,437.86,0.0,1,13.7,15.36,SPY211231P00434000,434.0,0,0.0,0.0,,0.0,normalDay
2021-09-23,9674.0,103.0,0.0,0,443.18,0.0,1,13.7,12.67,SPY211231P00434000,434.0,0,0.0,0.0,,0.0,normalDay
2021-09-24,9674.0,162.0,0.0,0,443.91,0.0,1,13.7,12.08,SPY211231P00434000,434.0,0,0.0,0.0,,0.0,normalDay
2021-09-27,9674.0,113.0,0.0,0,442.64,0.0,1,13.7,12.57,SPY211231P00434000,434.0,0,0.0,0.0,,0.0,normalDay
2021-09-28,9674.0,-332.0,0.0,0,433.72,0.0,1,13.7,17.02,SPY211231P00434000,434.0,0,0.0,0.0,,0.0,normalDay
2021-09-29,9674.0,-256.0,0.0,0,434.45,0.0,1,13.7,16.26,SPY211231P00434000,434.0,0,0.0,0.0,,0.0,normalDay
2021-09-30,9674.0,-532.0,0.0,0,429.14,0.0,1,13.7,19.02,SPY211231P00434000,434.0,0,0.0,0.0,,0.0,normalDay
2021-10-01,9674.0,-213.0,0.0,0,434.24,0.0,1,13.7,15.83,SPY211231P00434000,434.0,0,0.0,0.0,,0.0,normalDay
2021-10-04,9674.0,-505.0,0.0,0,428.64,0.0,1,13.7,18.75,SPY211231P00434000,434.0,0,0.0,0.0,,0.0,normalDay
2021-10-05,9674.0,-251.0,0.0,0,433.1,0.0,1,13.7,16.21,SPY211231P00434000,434.0,0,0.0,0.0,,0.0,normalDay
2021-10-06,9674.0,-169.0,0.0,0,434.9,0.0,1,13.7,15.39,SPY211231P00434000,434.0,0,0.0,0.0,,0.0,normalDay
2021-10-07,9674.0,41.0,0.0,0,438.66,0.0,1,13.7,13.29,SPY211231P00434000,434.0,0,0.0,0.0,,0.0,normalDay
2021-10-08,9674.0,14.0,0.0,0,437.86,0.0,1,13.7,13.56,SPY211231P00434000,434.0,0,0.0,0.0,,0.0,normalDay
2021-10-11,9674.0,-103.0,0.0,0,434.69,0.0,1,13.7,14.73,SPY211231P00434000,434.0,0,0.0,0.0,,0.0,normalDay
2021-10-12,9674.0,-144.0,0.0,0,433.62,0.0,1,13.7,15.14,SPY211231P00434000,434.0,0,0.0,0.0,,0.0,normalDay
2021-10-13,9674.0,28.0,0.0,0,435.18,0.0,1,13.7,13.42,SPY211231P00434000,434.0,0,0.0,0.0,,0.0,normalDay
2021-10-14,9674.0,361.0,0.0,0,442.5,0.0,1,13.7,10.09,SPY211231P00434000,434.0,0,0.0,0.0,,0.0,normalDay
2021-10-15,9674.0,471.0,0.0,0,445.87,0.0,1,13.7,8.99,SPY211231P00434000,434.0,0,0.0,0.0,,0.0,normalDay
2021-10-18,9674.0,528.0,0.0,0,447.19,0.0,1,13.7,8.42,SPY211231P00434000,434.0,0,0.0,0.0,,0.0,normalDay
2021-10-19,9674.0,652.0,0.0,0,450.64,0.0,1,13.7,7.18,SPY211231P00434000,434.0,0,0.0,0.0,,0.0,normalDay
2021-10-20,9674.0,681.0,0.0,0,452.41,0.0,1,13.7,6.89,SPY211231P00434000,434.0,0,0.0,0.0,,0.0,normalDay
2021-10-21,9674.0,733.0,0.0,0,453.59,0.0,1,13.7,6.37,SPY211231P00434000,434.0,0,0.0,0.0,,0.0,normalDay
2021-10-22,9674.0,694.0,0.0,0,453.12,0.0,1,13.7,6.76,SPY211231P00434000,434.0,0,0.0,0.0,,0.0,normalDay
2021-10-25,9674.0,773.0,0.0,0,455.55,0.0,1,13.7,5.97,SPY211231P00434000,434.0,0,0.0,0.0,,0.0,normalDay
2021-10-26,9674.0,781.0,0.0,0,455.96,0.0,1,13.7,5.89,SPY211231P00434000,434.0,0,0.0,0.0,,0.0,normalDay
2021-10-27,9674.0,705.0,0.0,0,453.94,0.0,1,13.7,6.65,SPY211231P00434000,434.0,0,0.0,0.0,,0.0,normalDay
2021-10-28,9674.0,808.0,0.0,0,458.32,0.0,1,13.7,5.62,SPY211231P00434000,434.0,0,0.0,0.0,,0.0,normalDay
2021-10-29,9674.0,836.0,0.0,0,459.25,0.0,1,13.7,5.34,SPY211231P00434000,434.0,0,0.0,0.0,,0.0,normalDay
2021-11-01,9674.0,871.0,0.0,0,460.04,0.0,1,13.7,4.99,SPY211231P00434000,434.0,0,0.0,0.0,,0.0,normalDay
2021-11-02,9674.0,913.0,0.0,0,461.9,0.0,1,13.7,4.57,SPY211231P00434000,434.0,0,0.0,0.0,,0.0,normalDay
2021-11-03,9674.0,987.0,0.0,0,464.72,0.0,1,13.7,3.83,SPY211231P00434000,434.0,0,0.0,0.0,,0.0,normalDay
2021-11-04,9674.0,1018.0,0.0,0,466.91,0.0,1,13.7,3.52,SPY211231P00434000,434.0,0,0.0,0.0,,0.0,normalDay
2021-11-05,9674.0,1016.0,0.0,0,468.53,0.0,1,13.7,3.54,SPY211231P00434000,434.0,0,0.0,0.0,,0.0,normalDay
2021-11-08,9674.0,1016.0,0.0,0,468.93,0.0,1,13.7,3.54,SPY211231P00434000,434.0,0,0.0,0.0,,0.0,normalDay
2021-11-09,9674.0,995.0,0.0,0,467.38,0.0,1,13.7,3.75,SPY211231P00434000,434.0,0,0.0,0.0,,0.0,normalDay
2021-11-10,9674.0,938.0,0.0,0,463.62,0.0,1,13.7,4.32,SPY211231P00434000,434.0,0,0.0,0.0,,0.0,normalDay
2021-11-11,9674.0,988.0,0.0,0,463.77,0.0,1,13.7,3.82,SPY211231P00434000,434.0,0,0.0,0.0,,0.0,normalDay
2021-11-12,9674.0,1064.0,0.0,0,467.27,0.0,1,13.7,3.06,SPY211231P00434000,434.0,0,0.0,0.0,,0.0,normalDay
2021-11-15,9674.0,1079.0,0.0,0,467.43,0.0,1,13.7,2.91,SPY211231P00434000,434.0,0,0.0,0.0,,0.0,normalDay
2021-11-16,9674.0,1106.0,0.0,0,469.28,0.0,1,13.7,2.64,SPY211231P00434000,434.0,0,0.0,0.0,,0.0,normalDay
2021-11-17,9674.0,1085.0,0.0,0,468.14,0.0,1,13.7,2.85,SPY211231P00434000,434.0,0,0.0,0.0,,0.0,normalDay
2021-11-18,9674.0,1099.0,0.0,0,469.73,0.0,1,13.7,2.71,SPY211231P00434000,434.0,0,0.0,0.0,,0.0,normalDay
2021-11-19,9674.0,1091.0,0.0,0,468.89,0.0,1,13.7,2.79,SPY211231P00434000,434.0,0,0.0,0.0,,0.0,normalDay
2021-11-22,9674.0,1073.0,0.0,0,467.57,0.0,1,13.7,2.97,SPY211231P00434000,434.0,0,0.0,0.0,,0.0,normalDay
2021-11-23,9674.0,1094.0,0.0,0,468.19,0.0,1,13.7,2.76,SPY211231P00434000,434.0,0,0.0,0.0,,0.0,normalDay
2021-11-24,9674.0,1131.0,0.0,0,469.44,0.0,1,13.7,2.39,SPY211231P00434000,434.0,0,0.0,0.0,,0.0,normalDay
2021-11-26,9674.0,633.0,0.0,0,458.97,0.0,1,13.7,7.37,SPY211231P00434000,434.0,0,0.0,0.0,,0.0,normalDay
2021-11-29,9674.0,1019.0,0.0,0,464.6,0.0,1,13.7,3.51,SPY211231P00434000,434.0,0,0.0,0.0,,0.0,normalDay
2021-11-30,9674.0,824.0,0.0,0,455.56,0.0,1,13.7,5.46,SPY211231P00434000,434.0,0,0.0,0.0,,0.0,normalDay
2021-12-01,9674.0,552.0,0.0,0,450.5,0.0,1,13.7,8.18,SPY211231P00434000,434.0,0,0.0,0.0,,0.0,normalDay
2021-12-02,9674.0,814.0,0.0,0,457.4,0.0,1,13.7,5.56,SPY211231P00434000,434.0,0,0.0,0.0,,0.0,normalDay
2021-12-03,9674.0,690.0,0.0,0,453.42,0.0,1,13.7,6.8,SPY211231P00434000,434.0,0,0.0,0.0,,0.0,normalDay
2021-12-06,9674.0,926.0,0.0,0,458.79,0.0,1,13.7,4.44,SPY211231P00434000,434.0,0,0.0,0.0,,0.0,normalDay
2021-12-07,9674.0,1165.0,0.0,0,468.28,0.0,1,13.7,2.05,SPY211231P00434000,434.0,0,0.0,0.0,,0.0,normalDay
2021-12-08,9674.0,1232.0,0.0,0,469.52,0.0,1,13.7,1.38,SPY211231P00434000,434.0,0,0.0,0.0,,0.0,normalDay
2021-12-09,9674.0,1187.0,0.0,0,466.35,0.0,1,13.7,1.83,SPY211231P00434000,434.0,0,0.0,0.0,,0.0,normalDay
2021-12-10,9674.0,1268.0,0.0,0,470.74,0.0,1,13.7,1.02,SPY211231P00434000,434.0,0,0.0,0.0,,0.0,normalDay
2021-12-13,9674.0,1252.0,0.0,0,466.57,0.0,1,13.7,1.18,SPY211231P00434000,434.0,0,0.0,0.0,,0.0,normalDay
2021-12-14,9674.0,1218.0,0.0,0,463.36,0.0,1,13.7,1.52,SPY211231P00434000,434.0,0,0.0,0.0,,0.0,normalDay
2021-12-15,9674.0,1301.0,0.0,0,470.6,0.0,1,13.7,0.69,SPY211231P00434000,434.0,0,0.0,0.0,,0.0,normalDay
2021-12-16,9674.0,1277.0,0.0,0,466.45,0.0,1,13.7,0.93,SPY211231P00434000,434.0,0,0.0,0.0,,0.0,normalDay
2021-12-17,9674.0,1254.0,0.0,0,459.87,0.0,1,13.7,1.16,SPY211231P00434000,434.0,0,0.0,0.0,,0.0,normalDay
2021-12-20,9674.0,1231.0,0.0,0,454.98,0.0,1,13.7,1.39,SPY211231P00434000,434.0,0,0.0,0.0,,0.0,normalDay
2021-12-21,9674.0,1319.0,0.0,0,463.06,0.0,1,13.7,0.51,SPY211231P00434000,434.0,0,0.0,0.0,,0.0,normalDay
2021-12-22,9674.0,1355.0,0.0,0,467.69,0.0,1,13.7,0.15,SPY211231P00434000,434.0,0,0.0,0.0,,0.0,normalDay
2021-12-23,9674.0,1361.0,0.0,0,470.6,0.0,1,13.7,0.09,SPY211231P00434000,434.0,0,0.0,0.0,,0.0,normalDay
2021-12-27,9674.0,1366.0,0.0,0,477.26,0.0,1,13.7,0.04,SPY211231P00434000,434.0,0,0.0,0.0,,0.0,normalDay
2021-12-28,9674.0,1368.0,0.0,0,476.87,0.0,1,13.7,0.02,SPY211231P00434000,434.0,0,0.0,0.0,,0.0,normalDay
2021-12-29,9674.0,1369.0,0.0,0,477.48,0.0,1,13.7,0.01,SPY211231P00434000,434.0,0,0.0,0.0,,0.0,normalDay
2021-12-30,9674.0,1369.0,0.0,0,476.16,0.0,1,13.7,0.01,SPY211231P00434000,434.0,0,0.0,0.0,,0.0,normalDay
2021-12-31,11044.0,0.0,1370.0,0,474.96,0.0,1,13.7,0.0,SPY211231P00434000,434.0,0,0.0,0.0,,0.0,expirationDay
2022-01-03,11044.0,-8.0,0.0,0,477.71,0.0,1,12.36,12.44,SPY220520P00450000,450.0,0,0.0,0.0,,0.0,normalDay
2022-01-04,11044.0,-22.0,0.0,0,477.55,0.0,1,12.36,12.58,SPY220520P00450000,450.0,0,0.0,0.0,,0.0,normalDay
2022-01-05,11044.0,-326.0,0.0,0,468.38,0.0,1,12.36,15.62,SPY220520P00450000,450.0,0,0.0,0.0,,0.0,normalDay
2022-01-06,11044.0,-325.0,0.0,0,467.94,0.0,1,12.36,15.61,SPY220520P00450000,450.0,0,0.0,0.0,,0.0,normalDay
2022-01-07,11044.0,-305.0,0.0,0,466.09,0.0,1,12.36,15.41,SPY220520P00450000,450.0,0,0.0,0.0,,0.0,normalDay
2022-01-10,11044.0,-309.0,0.0,0,465.51,0.0,1,12.36,15.45,SPY220520P00450000,450.0,0,0.0,0.0,,0.0,normalDay
2022-01-11,11044.0,-147.0,0.0,0,469.75,0.0,1,12.36,13.83,SPY220520P00450000,450.0,0,0.0,0.0,,0.0,normalDay
2022-01-12,11044.0,-76.0,0.0,0,471.02,0.0,1,12.36,13.12,SPY220520P00450000,450.0,0,0.0,0.0,,0.0,normalDay
2022-01-13,11044.0,-361.0,0.0,0,464.53,0.0,1,12.36,15.97,SPY220520P00450000,450.0,0,0.0,0.0,,0.0,normalDay
2022-01-14,11044.0,-294.0,0.0,0,464.72,0.0,1,12.36,15.3,SPY220520P00450000,450.0,0,0.0,0.0,,0.0,normalDay
2022-01-18,11044.0,-668.0,0.0,0,456.49,0.0,1,12.36,19.04,SPY220520P00450000,450.0,0,0.0,0.0,,0.0,normalDay
2022-01-19,11044.0,-826.0,0.0,0,451.75,0.0,1,12.36,20.62,SPY220520P00450000,450.0,0,0.0,0.0,,0.0,normalDay
2022-01-20,11044.0,-1104.0,0.0,0,446.75,0.0,1,12.36,23.4,SPY220520P00450000,450.0,0,0.0,0.0,,0.0,normalDay
2022-01-21,11044.0,-1624.0,0.0,0,437.98,0.0,1,12.36,28.6,SPY220520P00450000,450.0,0,0.0,0.0,,0.0,normalDay
2022-01-24,11044.0,-1615.0,0.0,0,439.84,0.0,1,12.36,28.51,SPY220520P00450000,450.0,0,0.0,0.0,,0.0,normalDay
2022-01-25,11044.0,-1954.0,0.0,0,434.47,0.0,1,12.36,31.9,SPY220520P00450000,450.0,0,0.0,0.0,,0.0,normalDay
2022-01-26,11044.0,-1954.0,0.0,0,433.38,0.0,1,12.36,31.9,SPY220520P00450000,450.0,0,0.0,0.0,,0.0,normalDay
2022-01-27,11044.0,-1930.0,0.0,0,431.24,0.0,1,12.36,31.66,SPY220520P00450000,450.0,0,0.0,0.0,,0.0,normalDay
2022-01-28,11044.0,-1251.0,0.0,0,441.95,0.0,1,12.36,24.87,SPY220520P00450000,450.0,0,0.0,0.0,,0.0,normalDay
2022-01-31,11044.0,-837.0,0.0,0,449.91,0.0,1,12.36,20.73,SPY220520P00450000,450.0,0,0.0,0.0,,0.0,normalDay
2022-02-01,11044.0,-543.0,0.0,0,452.95,0.0,1,12.36,17.79,SPY220520P00450000,450.0,0,0.0,0.0,,0.0,normalDay
2022-02-02,11044.0,-486.0,0.0,0,457.35,0.0,1,12.36,17.22,SPY220520P00450000,450.0,0,0.0,0.0,,0.0,normalDay
2022-02-03,11044.0,-804.0,0.0,0,446.6,0.0,1,12.36,20.4,SPY220520P00450000,450.0,0,0.0,0.0,,0.0,normalDay
2022-02-04,11044.0,-858.0,0.0,0,448.7,0.0,1,12.36,20.94,SPY220520P00450000,450.0,0,0.0,0.0,,0.0,normalDay
2022-02-07,11044.0,-798.0,0.0,0,447.26,0.0,1,12.36,20.34,SPY220520P00450000,450.0,0,0.0,0.0,,0.0,normalDay
2022-02-08,11044.0,-564.0,0.0,0,450.94,0.0,1,12.36,18.0,SPY220520P00450000,450.0,0,0.0,0.0,,0.0,normalDay
2022-02-09,11044.0,-289.0,0.0,0,457.54,0.0,1,12.36,15.25,SPY220520P00450000,450.0,0,0.0,0.0,,0.0,normalDay
2022-02-10,11044.0,-729.0,0.0,0,449.32,0.0,1,12.36,19.65,SPY220520P00450000,450.0,0,0.0,0.0,,0.0,normalDay
2022-02-11,11044.0,-1236.0,0.0,0,440.46,0.0,1,12.36,24.72,SPY220520P00450000,450.0,0,0.0,0.0,,0.0,normalDay
2022-02-14,11044.0,-1268.0,0.0,0,439.02,0.0,1,12.36,25.04,SPY220520P00450000,450.0,0,0.0,0.0,,0.0,normalDay
2022-02-15,11044.0,-913.0,0.0,0,446.1,0.0,1,12.36,21.49,SPY220520P00450000,450.0,0,0.0,0.0,,0.0,normalDay
2022-02-16,11044.0,-753.0,0.0,0,446.6,0.0,1,12.36,19.89,SPY220520P00450000,450.0,0,0.0,0.0,,0.0,normalDay
2022-02-17,11044.0,-1364.0,0.0,0,437.06,0.0,1,12.36,26.0,SPY220520P00450000,450.0,0,0.0,0.0,,0.0,normalDay
2022-02-18,11044.0,-1507.0,0.0,0,434.23,0.0,1,12.36,27.43,SPY220520P00450000,450.0,0,0.0,0.0,,0.0,normalDay
2022-02-22,11044.0,-1702.0,0.0,0,429.57,0.0,1,12.36,29.38,SPY220520P00450000,450.0,0,0.0,0.0,,0.0,normalDay
2022-02-23,11044.0,-2329.0,0.0,0,421.95,0.0,1,12.36,35.65,SPY220520P00450000,450.0,0,0.0,0.0,,0.0,normalDay
2022-02-24,11044.0,-1951.0,0.0,0,428.3,0.0,1,12.36,31.87,SPY220520P00450000,450.0,0,0.0,0.0,,0.0,normalDay
2022-02-25,11044.0,-1235.0,0.0,0,437.75,0.0,1,12.36,24.71,SPY220520P00450000,450.0,0,0.0,0.0,,0.0,normalDay
2022-02-28,11044.0,-1343.0,0.0,0,436.63,0.0,1,12.36,25.79,SPY220520P00450000,450.0,0,0.0,0.0,,0.0,normalDay
2022-03-01,11044.0,-1834.0,0.0,0,429.98,0.0,1,12.36,30.7,SPY220520P00450000,450.0,0,0.0,0.0,,0.0,normalDay
2022-03-02,11044.0,-1329.0,0.0,0,437.89,0.0,1,12.36,25.65,SPY220520P00450000,450.0,0,0.0,0.0,,0.0,normalDay
2022-03-03,11044.0,-1418.0,0.0,0,435.71,0.0,1,12.36,26.54,SPY220520P00450000,450.0,0,0.0,0.0,,0.0,normalDay
2022-03-04,11044.0,-1718.0,0.0,0,432.17,0.0,1,12.36,29.54,SPY220520P00450000,450.0,0,0.0,0.0,,0.0,normalDay
2022-03-07,11044.0,-2673.0,0.0,0,419.43,0.0,1,12.36,39.09,SPY220520P00450000,450.0,0,0.0,0.0,,0.0,normalDay
2022-03-08,11044.0,-2876.0,0.0,0,416.25,0.0,1,12.36,41.12,SPY220520P00450000,450.0,0,0.0,0.0,,0.0,normalDay
2022-03-09,11044.0,-1991.0,0.0,0,427.41,0.0,1,12.36,32.27,SPY220520P00450000,450.0,0,0.0,0.0,,0.0,normalDay
2022-03-10,11044.0,-2033.0,0.0,0,425.48,0.0,1,12.36,32.69,SPY220520P00450000,450.0,0,0.0,0.0,,0.0,normalDay
2022-03-11,11044.0,-2392.0,0.0,0,420.07,0.0,1,12.36,36.28,SPY220520P00450000,450.0,0,0.0,0.0,,0.0,normalDay
2022-03-14,11044.0,-2589.0,0.0,0,417.0,0.0,1,12.36,38.25,SPY220520P00450000,450.0,0,0.0,0.0,,0.0,normalDay
2022-03-15,11044.0,-1953.0,0.0,0,426.17,0.0,1,12.36,31.89,SPY220520P00450000,450.0,0,0.0,0.0,,0.0,normalDay
2022-03-16,11044.0,-1195.0,0.0,0,435.62,0.0,1,12.36,24.31,SPY220520P00450000,450.0,0,0.0,0.0,,0.0,normalDay
2022-03-17,11044.0,-843.0,0.0,0,441.07,0.0,1,12.36,20.79,SPY220520P00450000,450.0,0,0.0,0.0,,0.0,normalDay
2022-03-18,11044.0,-450.0,0.0,0,444.52,0.0,1,12.36,16.86,SPY220520P00450000,450.0,0,0.0,0.0,,0.0,normalDay
2022-03-21,11044.0,-407.0,0.0,0,444.39,0.0,1,12.36,16.43,SPY220520P00450000,450.0,0,0.0,0.0,,0.0,normalDay
2022-03-22,11044.0,-146.0,0.0,0,449.59,0.0,1,12.36,13.82,SPY220520P00450000,450.0,0,0.0,0.0,,0.0,normalDay
2022-03-23,11044.0,-435.0,0.0,0,443.8,0.0,1,12.36,16.71,SPY220520P00450000,450.0,0,0.0,0.0,,0.0,normalDay
2022-03-24,11044.0,-68.0,0.0,0,450.49,0.0,1,12.36,13.04,SPY220520P00450000,450.0,0,0.0,0.0,,0.0,normalDay
2022-03-25,11044.0,53.0,0.0,0,452.69,0.0,1,12.36,11.83,SPY220520P00450000,450.0,0,0.0,0.0,,0.0,normalDay
2022-03-28,11044.0,246.0,0.0,0,455.91,0.0,1,12.36,9.9,SPY220520P00450000,450.0,0,0.0,0.0,,0.0,normalDay
2022-03-29,11044.0,429.0,0.0,0,461.55,0.0,1,12.36,8.07,SPY220520P00450000,450.0,0,0.0,0.0,,0.0,normalDay
2022-03-30,11044.0,358.0,0.0,0,458.7,0.0,1,12.36,8.78,SPY220520P00450000,450.0,0,0.0,0.0,,0.0,normalDay
2022-03-31,11044.0,91.0,0.0,0,451.64,0.0,1,12.36,11.45,SPY220520P00450000,450.0,0,0.0,0.0,,0.0,normalDay
2022-04-01,11044.0,202.0,0.0,0,452.92,0.0,1,12.36,10.34,SPY220520P00450000,450.0,0,0.0,0.0,,0.0,normalDay
2022-04-04,11044.0,435.0,0.0,0,456.8,0.0,1,12.36,8.01,SPY220520P00450000,450.0,0,0.0,0.0,,0.0,normalDay
2022-04-05,11044.0,172.0,0.0,0,451.03,0.0,1,12.36,10.64,SPY220520P00450000,450.0,0,0.0,0.0,,0.0,normalDay
2022-04-06,11044.0,-38.0,0.0,0,446.52,0.0,1,12.36,12.74,SPY220520P00450000,450.0,0,0.0,0.0,,0.0,normalDay
2022-04-07,11044.0,74.0,0.0,0,448.77,0.0,1,12.36,11.62,SPY220520P00450000,450.0,0,0.0,0.0,,0.0,normalDay
2022-04-08,11044.0,57.0,0.0,0,447.57,0.0,1,12.36,11.79,SPY220520P00450000,450.0,0,0.0,0.0,,0.0,normalDay
2022-04-11,11044.0,-414.0,0.0,0,439.92,0.0,1,12.36,16.5,SPY220520P00450000,450.0,0,0.0,0.0,,0.0,normalDay
2022-04-12,11044.0,-472.0,0.0,0,438.29,0.0,1,12.36,17.08,SPY220520P00450000,450.0,0,0.0,0.0,,0.0,normalDay
2022-04-13,11044.0,-110.0,0.0,0,443.31,0.0,1,12.36,13.46,SPY220520P00450000,450.0,0,0.0,0.0,,0.0,normalDay
2022-04-14,11044.0,-434.0,0.0,0,437.79,0.0,1,12.36,16.7,SPY220520P00450000,450.0,0,0.0,0.0,,0.0,normalDay
2022-04-18,11044.0,-283.0,0.0,0,437.97,0.0,1,12.36,15.19,SPY220520P00450000,450.0,0,0.0,0.0,,0.0,normalDay
2022-04-19,11044.0,-17.0,0.0,0,445.04,0.0,1,12.36,12.53,SPY220520P00450000,450.0,0,0.0,0.0,,0.0,normalDay
2022-04-20,11044.0,149.0,0.0,0,444.71,0.0,1,12.36,10.87,SPY220520P00450000,450.0,0,0.0,0.0,,0.0,normalDay
2022-04-21,11044.0,-367.0,0.0,0,438.06,0.0,1,12.36,16.03,SPY220520P00450000,450.0,0,0.0,0.0,,0.0,normalDay
2022-04-22,11044.0,-1408.0,0.0,0,426.04,0.0,1,12.36,26.44,SPY220520P00450000,450.0,0,0.0,0.0,,0.0,normalDay
2022-04-25,11044.0,-1070.0,0.0,0,428.51,0.0,1,12.36,23.06,SPY220520P00450000,450.0,0,0.0,0.0,,0.0,normalDay
2022-04-26,11044.0,-2346.0,0.0,0,416.1,0.0,1,12.36,35.82,SPY220520P00450000,450.0,0,0.0,0.0,,0.0,normalDay
2022-04-27,11044.0,-2014.0,0.0,0,417.27,0.0,1,12.36,32.5,SPY220520P00450000,450.0,0,0.0,0.0,,0.0,normalDay
2022-04-28,11044.0,-1320.0,0.0,0,427.81,0.0,1,12.36,25.56,SPY220520P00450000,450.0,0,0.0,0.0,,0.0,normalDay
2022-04-29,11044.0,-2529.0,0.0,0,412.0,0.0,1,12.36,37.65,SPY220520P00450000,450.0,0,0.0,0.0,,0.0,normalDay
2022-05-02,11044.0,-2337.0,0.0,0,414.48,0.0,1,12.36,35.73,SPY220520P00450000,450.0,0,0.0,0.0,,0.0,normalDay
2022-05-03,11044.0,-2092.0,0.0,0,416.38,0.0,1,12.36,33.28,SPY220520P00450000,450.0,0,0.0,0.0,,0.0,normalDay
2022-05-04,11044.0,-989.0,0.0,0,429.06,0.0,1,12.36,22.25,SPY220520P00450000,450.0,0,0.0,0.0,,0.0,normalDay
2022-05-05,11044.0,-2412.0,0.0,0,413.81,0.0,1,12.36,36.48,SPY220520P00450000,450.0,0,0.0,0.0,,0.0,normalDay
2022-05-06,11044.0,-2759.0,0.0,0,411.34,0.0,1,12.36,39.95,SPY220520P00450000,450.0,0,0.0,0.0,,0.0,normalDay
2022-05-09,11044.0,-3857.0,0.0,0,398.17,0.0,1,12.36,50.93,SPY220520P00450000,450.0,0,0.0,0.0,,0.0,normalDay
2022-05-10,11044.0,-3851.0,0.0,0,399.09,0.0,1,12.36,50.87,SPY220520P00450000,450.0,0,0.0,0.0,,0.0,normalDay
2022-05-11,11044.0,-4444.0,0.0,0,392.75,0.0,1,12.36,56.8,SPY220520P00450000,450.0,0,0.0,0.0,,0.0,normalDay
2022-05-12,11044.0,-4547.0,0.0,0,392.34,0.0,1,12.36,57.83,SPY220520P00450000,450.0,0,0.0,0.0,,0.0,normalDay
2022-05-13,11044.0,-3686.0,0.0,0,401.72,0.0,1,12.36,49.22,SPY220520P00450000,450.0,0,0.0,0.0,,0.0,normalDay
2022-05-16,11044.0,-3812.0,0.0,0,400.09,0.0,1,12.36,50.48,SPY220520P00450000,450.0,0,0.0,0.0,,0.0,normalDay
2022-05-17,11044.0,-2953.0,0.0,0,408.32,0.0,1,12.36,41.89,SPY220520P00450000,450.0,0,0.0,0.0,,0.0,normalDay
2022-05-18,11044.0,-4698.0,0.0,0,391.86,0.0,1,12.36,59.34,SPY220520P00450000,450.0,0,0.0,0.0,,0.0,normalDay
2022-05-19,11044.0,-4878.0,0.0,0,389.46,0.0,1,12.36,61.14,SPY220520P00450000,450.0,0,0.0,0.0,,0.0,normalDay
2022-05-20,12280.0,-6037.0,1236.0,100,389.63,450.0,1,12.36,0.0,SPY220520P00450000,450.0,0,0.0,0.0,,0.0,expirationDay
2022-05-23,12280.0,-5316.0,0.0,100,396.92,450.0,0,0.0,0.0,,0.0,1,1.76,1.84,SPY220930C00464000,464.0,normalDay
2022-05-24,12280.0,-5601.0,0.0,100,393.89,450.0,0,0.0,0.0,,0.0,1,1.76,1.66,SPY220930C00464000,464.0,normalDay
2022-05-25,12280.0,-5268.0,0.0,100,397.37,450.0,0,0.0,0.0,,0.0,1,1.76,1.81,SPY220930C00464000,464.0,normalDay
2022-05-26,12280.0,-4549.0,0.0,100,405.31,450.0,0,0.0,0.0,,0.0,1,1.76,2.56,SPY220930C00464000,464.0,normalDay
2022-05-27,12280.0,-3678.0,0.0,100,415.26,450.0,0,0.0,0.0,,0.0,1,1.76,3.8,SPY220930C00464000,464.0,normalDay
2022-05-31,12280.0,-3828.0,0.0,100,412.93,450.0,0,0.0,0.0,,0.0,1,1.76,2.97,SPY220930C00464000,464.0,normalDay
2022-06-01,12280.0,-4101.0,0.0,100,409.59,450.0,0,0.0,0.0,,0.0,1,1.76,2.36,SPY220930C00464000,464.0,normalDay
2022-06-02,12280.0,-3424.0,0.0,100,417.39,450.0,0,0.0,0.0,,0.0,1,1.76,3.39,SPY220930C00464000,464.0,normalDay
2022-06-03,12280.0,-4010.0,0.0,100,410.54,450.0,0,0.0,0.0,,0.0,1,1.76,2.4,SPY220930C00464000,464.0,normalDay
2022-06-06,12280.0,-3883.0,0.0,100,411.79,450.0,0,0.0,0.0,,0.0,1,1.76,2.38,SPY220930C00464000,464.0,normalDay
2022-06-07,12280.0,-3522.0,0.0,100,415.74,450.0,0,0.0,0.0,,0.0,1,1.76,2.72,SPY220930C00464000,464.0,normalDay
2022-06-08,12280.0,-3917.0,0.0,100,411.22,450.0,0,0.0,0.0,,0.0,1,1.76,2.15,SPY220930C00464000,464.0,normalDay
2022-06-09,12280.0,-4819.0,0.0,100,401.44,450.0,0,0.0,0.0,,0.0,1,1.76,1.39,SPY220930C00464000,464.0,normalDay
2022-06-10,12280.0,-5925.0,0.0,100,389.8,450.0,0,0.0,0.0,,0.0,1,1.76,0.81,SPY220930C00464000,464.0,normalDay
2022-06-13,12280.0,-7371.0,0.0,100,375.0,450.0,0,0.0,0.0,,0.0,1,1.76,0.47,SPY220930C00464000,464.0,normalDay
2022-06-14,12280.0,-7475.0,0.0,100,373.87,450.0,0,0.0,0.0,,0.0,1,1.76,0.38,SPY220930C00464000,464.0,normalDay
2022-06-15,12280.0,-6948.0,0.0,100,379.2,450.0,0,0.0,0.0,,0.0,1,1.76,0.44,SPY220930C00464000,464.0,normalDay
2022-06-16,12280.0,-8189.0,0.0,100,366.65,450.0,0,0.0,0.0,,0.0,1,1.76,0.3,SPY220930C00464000,464.0,normalDay
2022-06-17,12280.0,-8269.0,0.0,100,365.86,450.0,0,0.0,0.0,,0.0,1,1.76,0.31,SPY220930C00464000,464.0,normalDay
2022-06-21,12280.0,-7355.0,0.0,100,375.07,450.0,0,0.0,0.0,,0.0,1,1.76,0.38,SPY220930C00464000,464.0,normalDay
2022-06-22,12280.0,-7422.0,0.0,100,374.39,450.0,0,0.0,0.0,,0.0,1,1.76,0.37,SPY220930C00464000,464.0,normalDay
2022-06-23,12280.0,-7057.0,0.0,100,378.06,450.0,0,0.0,0.0,,0.0,1,1.76,0.39,SPY220930C00464000,464.0,normalDay
2022-06-24,12280.0,-5884.0,0.0,100,390.08,450.0,0,0.0,0.0,,0.0,1,1.76,0.68,SPY220930C00464000,464.0,normalDay
2022-06-27,12280.0,-6025.0,0.0,100,388.59,450.0,0,0.0,0.0,,0.0,1,1.76,0.6,SPY220930C00464000,464.0,normalDay
2022-06-28,12280.0,-6796.0,0.0,100,380.65,450.0,0,0.0,0.0,,0.0,1,1.76,0.37,SPY220930C00464000,464.0,normalDay
2022-06-29,12280.0,-6826.0,0.0,100,380.34,450.0,0,0.0,0.0,,0.0,1,1.76,0.36,SPY220930C00464000,464.0,normalDay
2022-06-30,12280.0,-7128.0,0.0,100,377.25,450.0,0,0.0,0.0,,0.0,1,1.76,0.29,SPY220930C00464000,464.0,normalDay
2022-07-01,12280.0,-6728.0,0.0,100,381.24,450.0,0,0.0,0.0,,0.0,1,1.76,0.28,SPY220930C00464000,464.0,normalDay
2022-07-05,12280.0,-6653.0,0.0,100,381.96,450.0,0,0.0,0.0,,0.0,1,1.76,0.25,SPY220930C00464000,464.0,normalDay
2022-07-06,12280.0,-6525.0,0.0,100,383.25,450.0,0,0.0,0.0,,0.0,1,1.76,0.26,SPY220930C00464000,464.0,normalDay
2022-07-07,12280.0,-5958.0,0.0,100,388.99,450.0,0,0.0,0.0,,0.0,1,1.76,0.33,SPY220930C00464000,464.0,normalDay
2022-07-08,12280.0,-5988.0,0.0,100,388.67,450.0,0,0.0,0.0,,0.0,1,1.76,0.31,SPY220930C00464000,464.0,normalDay
2022-07-11,12280.0,-6424.0,0.0,100,384.23,450.0,0,0.0,0.0,,0.0,1,1.76,0.23,SPY220930C00464000,464.0,normalDay
2022-07-12,12280.0,-6758.0,0.0,100,380.83,450.0,0,0.0,0.0,,0.0,1,1.76,0.17,SPY220930C00464000,464.0,normalDay
2022-07-13,12280.0,-6957.0,0.0,100,378.83,450.0,0,0.0,0.0,,0.0,1,1.76,0.16,SPY220930C00464000,464.0,normalDay
2022-07-14,12280.0,-7049.0,0.0,100,377.91,450.0,0,0.0,0.0,,0.0,1,1.76,0.16,SPY220930C00464000,464.0,normalDay
2022-07-15,12280.0,-6331.0,0.0,100,385.13,450.0,0,0.0,0.0,,0.0,1,1.76,0.2,SPY220930C00464000,464.0,normalDay
2022-07-18,12280.0,-6646.0,0.0,100,381.95,450.0,0,0.0,0.0,,0.0,1,1.76,0.17,SPY220930C00464000,464.0,normalDay
2022-07-19,12280.0,-5633.0,0.0,100,392.27,450.0,0,0.0,0.0,,0.0,1,1.76,0.36,SPY220930C00464000,464.0,normalDay
2022-07-20,12280.0,-5388.0,0.0,100,394.77,450.0,0,0.0,0.0,,0.0,1,1.76,0.41,SPY220930C00464000,464.0,normalDay
2022-07-21,12280.0,-4990.0,0.0,100,398.79,450.0,0,0.0,0.0,,0.0,1,1.76,0.45,SPY220930C00464000,464.0,normalDay
2022-07-22,12280.0,-5345.0,0.0,100,395.09,450.0,0,0.0,0.0,,0.0,1,1.76,0.3,SPY220930C00464000,464.0,normalDay
2022-07-25,12280.0,-5292.0,0.0,100,395.57,450.0,0,0.0,0.0,,0.0,1,1.76,0.25,SPY220930C00464000,464.0,normalDay
2022-07-26,12280.0,-5753.0,0.0,100,390.89,450.0,0,0.0,0.0,,0.0,1,1.76,0.18,SPY220930C00464000,464.0,normalDay
2022-07-27,12280.0,-4751.0,0.0,100,401.04,450.0,0,0.0,0.0,,0.0,1,1.76,0.31,SPY220930C00464000,464.0,normalDay
2022-07-28,12280.0,-4259.0,0.0,100,406.07,450.0,0,0.0,0.0,,0.0,1,1.76,0.42,SPY220930C00464000,464.0,normalDay
2022-07-29,12280.0,-3675.0,0.0,100,411.99,450.0,0,0.0,0.0,,0.0,1,1.76,0.5,SPY220930C00464000,464.0,normalDay
2022-08-01,12280.0,-3790.0,0.0,100,410.77,450.0,0,0.0,0.0,,0.0,1,1.76,0.43,SPY220930C00464000,464.0,normalDay
2022-08-02,12280.0,-4051.0,0.0,100,408.06,450.0,0,0.0,0.0,,0.0,1,1.76,0.33,SPY220930C00464000,464.0,normalDay
2022-08-03,12280.0,-3427.0,0.0,100,414.45,450.0,0,0.0,0.0,,0.0,1,1.76,0.48,SPY220930C00464000,464.0,normalDay
2022-08-04,12280.0,-3450.0,0.0,100,414.17,450.0,0,0.0,0.0,,0.0,1,1.76,0.43,SPY220930C00464000,464.0,normalDay
2022-08-05,12280.0,-3507.0,0.0,100,413.47,450.0,0,0.0,0.0,,0.0,1,1.76,0.3,SPY220930C00464000,464.0,normalDay
2022-08-08,12280.0,-3553.0,0.0,100,412.99,450.0,0,0.0,0.0,,0.0,1,1.76,0.28,SPY220930C00464000,464.0,normalDay
2022-08-09,12280.0,-3712.0,0.0,100,411.35,450.0,0,0.0,0.0,,0.0,1,1.76,0.23,SPY220930C00464000,464.0,normalDay
2022-08-10,12280.0,-2868.0,0.0,100,419.99,450.0,0,0.0,0.0,,0.0,1,1.76,0.43,SPY220930C00464000,464.0,normalDay
2022-08-11,12280.0,-2866.0,0.0,100,419.99,450.0,0,0.0,0.0,,0.0,1,1.76,0.41,SPY220930C00464000,464.0,normalDay
2022-08-12,12280.0,-2188.0,0.0,100,427.1,450.0,0,0.0,0.0,,0.0,1,1.76,0.74,SPY220930C00464000,464.0,normalDay
2022-08-15,12280.0,-2016.0,0.0,100,428.86,450.0,0,0.0,0.0,,0.0,1,1.76,0.78,SPY220930C00464000,464.0,normalDay
2022-08-16,12280.0,-1928.0,0.0,100,429.7,450.0,0,0.0,0.0,,0.0,1,1.76,0.74,SPY220930C00464000,464.0,normalDay
2022-08-17,12280.0,-2212.0,0.0,100,426.65,450.0,0,0.0,0.0,,0.0,1,1.76,0.53,SPY220930C00464000,464.0,normalDay
2022-08-18,12280.0,-2080.0,0.0,100,427.89,450.0,0,0.0,0.0,,0.0,1,1.76,0.45,SPY220930C00464000,464.0,normalDay
2022-08-19,12280.0,-2634.0,0.0,100,422.14,450.0,0,0.0,0.0,,0.0,1,1.76,0.24,SPY220930C00464000,464.0,normalDay
2022-08-22,12280.0,-3500.0,0.0,100,413.35,450.0,0,0.0,0.0,,0.0,1,1.76,0.11,SPY220930C00464000,464.0,normalDay
2022-08-23,12280.0,-3599.0,0.0,100,412.35,450.0,0,0.0,0.0,,0.0,1,1.76,0.1,SPY220930C00464000,464.0,normalDay
2022-08-24,12280.0,-3466.0,0.0,100,413.67,450.0,0,0.0,0.0,,0.0,1,1.76,0.09,SPY220930C00464000,464.0,normalDay
2022-08-25,12280.0,-2885.0,0.0,100,419.51,450.0,0,0.0,0.0,,0.0,1,1.76,0.12,SPY220930C00464000,464.0,normalDay
2022-08-26,12280.0,-4297.0,0.0,100,405.31,450.0,0,0.0,0.0,,0.0,1,1.76,0.04,SPY220930C00464000,464.0,normalDay
2022-08-29,12280.0,-4565.0,0.0,100,402.63,450.0,0,0.0,0.0,,0.0,1,1.76,0.04,SPY220930C00464000,464.0,normalDay
2022-08-30,12280.0,-5006.0,0.0,100,398.21,450.0,0,0.0,0.0,,0.0,1,1.76,0.03,SPY220930C00464000,464.0,normalDay
2022-08-31,12280.0,-5309.0,0.0,100,395.18,450.0,0,0.0,0.0,,0.0,1,1.76,0.03,SPY220930C00464000,464.0,normalDay
2022-09-01,12280.0,-5184.0,0.0,100,396.42,450.0,0,0.0,0.0,,0.0,1,1.76,0.02,SPY220930C00464000,464.0,normalDay
2022-09-02,12280.0,-5602.0,0.0,100,392.24,450.0,0,0.0,0.0,,0.0,1,1.76,0.02,SPY220930C00464000,464.0,normalDay
2022-09-06,12280.0,-5750.0,0.0,100,390.76,450.0,0,0.0,0.0,,0.0,1,1.76,0.02,SPY220930C00464000,464.0,normalDay
2022-09-07,12280.0,-5049.0,0.0,100,397.78,450.0,0,0.0,0.0,,0.0,1,1.76,0.03,SPY220930C00464000,464.0,normalDay
2022-09-08,12280.0,-4788.0,0.0,100,400.38,450.0,0,0.0,0.0,,0.0,1,1.76,0.02,SPY220930C00464000,464.0,normalDay
2022-09-09,12280.0,-4166.0,0.0,100,406.6,450.0,0,0.0,0.0,,0.0,1,1.76,0.02,SPY220930C00464000,464.0,normalDay
2022-09-12,12280.0,-3730.0,0.0,100,410.97,450.0,0,0.0,0.0,,0.0,1,1.76,0.03,SPY220930C00464000,464.0,normalDay
2022-09-13,12280.0,-5516.0,0.0,100,393.1,450.0,0,0.0,0.0,,0.0,1,1.76,0.02,SPY220930C00464000,464.0,normalDay
2022-09-14,12280.0,-5366.0,0.0,100,394.6,450.0,0,0.0,0.0,,0.0,1,1.76,0.02,SPY220930C00464000,464.0,normalDay
2022-09-15,12280.0,-5813.0,0.0,100,390.12,450.0,0,0.0,0.0,,0.0,1,1.76,0.01,SPY220930C00464000,464.0,normalDay
2022-09-16,12280.0,-6269.0,0.0,100,385.56,450.0,0,0.0,0.0,,0.0,1,1.76,0.01,SPY220930C00464000,464.0,normalDay
2022-09-19,12280.0,-5970.0,0.0,100,388.55,450.0,0,0.0,0.0,,0.0,1,1.76,0.01,SPY220930C00464000,464.0,normalDay
2022-09-20,12280.0,-6416.0,0.0,100,384.09,450.0,0,0.0,0.0,,0.0,1,1.76,0.01,SPY220930C00464000,464.0,normalDay
2022-09-21,12280.0,-7086.0,0.0,100,377.39,450.0,0,0.0,0.0,,0.0,1,1.76,0.01,SPY220930C00464000,464.0,normalDay
2022-09-22,12280.0,-7403.0,0.0,100,374.22,450.0,0,0.0,0.0,,0.0,1,1.76,0.01,SPY220930C00464000,464.0,normalDay
2022-09-23,12280.0,-8030.0,0.0,100,367.95,450.0,0,0.0,0.0,,0.0,1,1.76,0.01,SPY220930C00464000,464.0,normalDay
2022-09-26,12280.0,-8394.0,0.0,100,364.31,450.0,0,0.0,0.0,,0.0,1,1.76,0.01,SPY220930C00464000,464.0,normalDay
2022-09-27,12280.0,-8487.0,0.0,100,363.38,450.0,0,0.0,0.0,,0.0,1,1.76,0.01,SPY220930C00464000,464.0,normalDay
2022-09-28,12280.0,-7772.0,0.0,100,370.53,450.0,0,0.0,0.0,,0.0,1,1.76,0.01,SPY220930C00464000,464.0,normalDay
2022-09-29,12280.0,-8546.0,0.0,100,362.79,450.0,0,0.0,0.0,,0.0,1,1.76,0.01,SPY220930C00464000,464.0,normalDay
2022-09-30,12456.0,-9282.0,176.0,100,357.18,450.0,0,0.0,0.0,,0.0,1,1.76,0.0,SPY220930C00464000,464.0,expirationDay
2022-10-03,12456.0,-8342.0,0.0,100,366.61,450.0,0,0.0,0.0,,0.0,1,0.5,0.53,SPY230120C00455000,455.0,normalDay
2022-10-04,12456.0,-7249.0,0.0,100,377.97,450.0,0,0.0,0.0,,0.0,1,0.5,0.96,SPY230120C00455000,455.0,normalDay
2022-10-05,12456.0,-7322.0,0.0,100,377.09,450.0,0,0.0,0.0,,0.0,1,0.5,0.81,SPY230120C00455000,455.0,normalDay
2022-10-06,12456.0,-7698.0,0.0,100,373.2,450.0,0,0.0,0.0,,0.0,1,0.5,0.68,SPY230120C00455000,455.0,normalDay
2022-10-07,12456.0,-8713.0,0.0,100,362.79,450.0,0,0.0,0.0,,0.0,1,0.5,0.42,SPY230120C00455000,455.0,normalDay
2022-10-10,12456.0,-8992.0,0.0,100,360.02,450.0,0,0.0,0.0,,0.0,1,0.5,0.44,SPY230120C00455000,455.0,normalDay
2022-10-11,12456.0,-9219.0,0.0,100,357.74,450.0,0,0.0,0.0,,0.0,1,0.5,0.43,SPY230120C00455000,455.0,normalDay
2022-10-12,12456.0,-9336.0,0.0,100,356.56,450.0,0,0.0,0.0,,0.0,1,0.5,0.42,SPY230120C00455000,455.0,normalDay
2022-10-13,12456.0,-8418.0,0.0,100,365.97,450.0,0,0.0,0.0,,0.0,1,0.5,0.65,SPY230120C00455000,455.0,normalDay
2022-10-14,12456.0,-9229.0,0.0,100,357.63,450.0,0,0.0,0.0,,0.0,1,0.5,0.42,SPY230120C00455000,455.0,normalDay
2022-10-17,12456.0,-8331.0,0.0,100,366.82,450.0,0,0.0,0.0,,0.0,1,0.5,0.63,SPY230120C00455000,455.0,normalDay
2022-10-18,12456.0,-7912.0,0.0,100,371.13,450.0,0,0.0,0.0,,0.0,1,0.5,0.75,SPY230120C00455000,455.0,normalDay
2022-10-19,12456.0,-8160.0,0.0,100,368.5,450.0,0,0.0,0.0,,0.0,1,0.5,0.6,SPY230120C00455000,455.0,normalDay
2022-10-20,12456.0,-8453.0,0.0,100,365.41,450.0,0,0.0,0.0,,0.0,1,0.5,0.44,SPY230120C00455000,455.0,normalDay
2022-10-21,12456.0,-7602.0,0.0,100,374.29,450.0,0,0.0,0.0,,0.0,1,0.5,0.81,SPY230120C00455000,455.0,normalDay
2022-10-24,12456.0,-7162.0,0.0,100,378.87,450.0,0,0.0,0.0,,0.0,1,0.5,0.99,SPY230120C00455000,455.0,normalDay
2022-10-25,12456.0,-6563.0,0.0,100,384.92,450.0,0,0.0,0.0,,0.0,1,0.5,1.05,SPY230120C00455000,455.0,normalDay
2022-10-26,12456.0,-6831.0,0.0,100,382.02,450.0,0,0.0,0.0,,0.0,1,0.5,0.83,SPY230120C00455000,455.0,normalDay
2022-10-27,12456.0,-7002.0,0.0,100,379.98,450.0,0,0.0,0.0,,0.0,1,0.5,0.5,SPY230120C00455000,455.0,normalDay
2022-10-28,12456.0,-6147.0,0.0,100,389.02,450.0,0,0.0,0.0,,0.0,1,0.5,0.99,SPY230120C00455000,455.0,normalDay
2022-10-31,12456.0,-6401.0,0.0,100,386.21,450.0,0,0.0,0.0,,0.0,1,0.5,0.72,SPY230120C00455000,455.0,normalDay
2022-11-01,12456.0,-6559.0,0.0,100,384.52,450.0,0,0.0,0.0,,0.0,1,0.5,0.61,SPY230120C00455000,455.0,normalDay
2022-11-02,12456.0,-7495.0,0.0,100,374.87,450.0,0,0.0,0.0,,0.0,1,0.5,0.32,SPY230120C00455000,455.0,normalDay
2022-11-03,12456.0,-7871.0,0.0,100,371.01,450.0,0,0.0,0.0,,0.0,1,0.5,0.22,SPY230120C00455000,455.0,normalDay
2022-11-04,12456.0,-7342.0,0.0,100,376.35,450.0,0,0.0,0.0,,0.0,1,0.5,0.27,SPY230120C00455000,455.0,normalDay
2022-11-07,12456.0,-6986.0,0.0,100,379.95,450.0,0,0.0,0.0,,0.0,1,0.5,0.31,SPY230120C00455000,455.0,normalDay
2022-11-08,12456.0,-6786.0,0.0,100,382.0,450.0,0,0.0,0.0,,0.0,1,0.5,0.36,SPY230120C00455000,455.0,normalDay
2022-11-09,12456.0,-7559.0,0.0,100,374.13,450.0,0,0.0,0.0,,0.0,1,0.5,0.22,SPY230120C00455000,455.0,normalDay
2022-11-10,12456.0,-5561.0,0.0,100,394.69,450.0,0,0.0,0.0,,0.0,1,0.5,0.8,SPY230120C00455000,455.0,normalDay
2022-11-11,12456.0,-5173.0,0.0,100,398.51,450.0,0,0.0,0.0,,0.0,1,0.5,0.74,SPY230120C00455000,455.0,normalDay
2022-11-14,12456.0,-5491.0,0.0,100,395.12,450.0,0,0.0,0.0,,0.0,1,0.5,0.53,SPY230120C00455000,455.0,normalDay
2022-11-15,12456.0,-5164.0,0.0,100,398.49,450.0,0,0.0,0.0,,0.0,1,0.5,0.63,SPY230120C00455000,455.0,normalDay
2022-11-16,12456.0,-5450.0,0.0,100,395.45,450.0,0,0.0,0.0,,0.0,1,0.5,0.45,SPY230120C00455000,455.0,normalDay
2022-11-17,12456.0,-5564.0,0.0,100,394.24,450.0,0,0.0,0.0,,0.0,1,0.5,0.38,SPY230120C00455000,455.0,normalDay
2022-11-18,12456.0,-5383.0,0.0,100,396.03,450.0,0,0.0,0.0,,0.0,1,0.5,0.36,SPY230120C00455000,455.0,normalDay
2022-11-21,12456.0,-5516.0,0.0,100,394.59,450.0,0,0.0,0.0,,0.0,1,0.5,0.25,SPY230120C00455000,455.0,normalDay
2022-11-22,12456.0,-4989.0,0.0,100,399.9,450.0,0,0.0,0.0,,0.0,1,0.5,0.29,SPY230120C00455000,455.0,normalDay
2022-11-23,12456.0,-4735.0,0.0,100,402.42,450.0,0,0.0,0.0,,0.0,1,0.5,0.27,SPY230120C00455000,455.0,normalDay
2022-11-25,12456.0,-4741.0,0.0,100,402.33,450.0,0,0.0,0.0,,0.0,1,0.5,0.24,SPY230120C00455000,455.0,normalDay
2022-11-28,12456.0,-5374.0,0.0,100,395.91,450.0,0,0.0,0.0,,0.0,1,0.5,0.15,SPY230120C00455000,455.0,normalDay
2022-11-29,12456.0,-5440.0,0.0,100,395.23,450.0,0,0.0,0.0,,0.0,1,0.5,0.13,SPY230120C00455000,455.0,normalDay
2022-11-30,12456.0,-4219.0,0.0,100,407.68,450.0,0,0.0,0.0,,0.0,1,0.5,0.37,SPY230120C00455000,455.0,normalDay
2022-12-01,12456.0,-4245.0,0.0,100,407.38,450.0,0,0.0,0.0,,0.0,1,0.5,0.33,SPY230120C00455000,455.0,normalDay
2022-12-02,12456.0,-4281.0,0.0,100,406.91,450.0,0,0.0,0.0,,0.0,1,0.5,0.22,SPY230120C00455000,455.0,normalDay
2022-12-05,12456.0,-5004.0,0.0,100,399.59,450.0,0,0.0,0.0,,0.0,1,0.5,0.13,SPY230120C00455000,455.0,normalDay
2022-12-06,12456.0,-5578.0,0.0,100,393.83,450.0,0,0.0,0.0,,0.0,1,0.5,0.11,SPY230120C00455000,455.0,normalDay
2022-12-07,12456.0,-5644.0,0.0,100,393.16,450.0,0,0.0,0.0,,0.0,1,0.5,0.1,SPY230120C00455000,455.0,normalDay
2022-12-08,12456.0,-5338.0,0.0,100,396.24,450.0,0,0.0,0.0,,0.0,1,0.5,0.12,SPY230120C00455000,455.0,normalDay
2022-12-09,12456.0,-5632.0,0.0,100,393.28,450.0,0,0.0,0.0,,0.0,1,0.5,0.1,SPY230120C00455000,455.0,normalDay
2022-12-12,12456.0,-5076.0,0.0,100,398.95,450.0,0,0.0,0.0,,0.0,1,0.5,0.21,SPY230120C00455000,455.0,normalDay
2022-12-13,12456.0,-4768.0,0.0,100,401.97,450.0,0,0.0,0.0,,0.0,1,0.5,0.15,SPY230120C00455000,455.0,normalDay
2022-12-14,12456.0,-5018.0,0.0,100,399.4,450.0,0,0.0,0.0,,0.0,1,0.5,0.08,SPY230120C00455000,455.0,normalDay
2022-12-15,12456.0,-5993.0,0.0,100,389.63,450.0,0,0.0,0.0,,0.0,1,0.5,0.06,SPY230120C00455000,455.0,normalDay
2022-12-16,12456.0,-6628.0,0.0,100,383.27,450.0,0,0.0,0.0,,0.0,1,0.5,0.05,SPY230120C00455000,455.0,normalDay
2022-12-19,12456.0,-6951.0,0.0,100,380.02,450.0,0,0.0,0.0,,0.0,1,0.5,0.03,SPY230120C00455000,455.0,normalDay
2022-12-20,12456.0,-6899.0,0.0,100,380.54,450.0,0,0.0,0.0,,0.0,1,0.5,0.03,SPY230120C00455000,455.0,normalDay
2022-12-21,12456.0,-6330.0,0.0,100,386.23,450.0,0,0.0,0.0,,0.0,1,0.5,0.03,SPY230120C00455000,455.0,normalDay
2022-12-22,12456.0,-6881.0,0.0,100,380.72,450.0,0,0.0,0.0,,0.0,1,0.5,0.03,SPY230120C00455000,455.0,normalDay
2022-12-23,12456.0,-6661.0,0.0,100,382.91,450.0,0,0.0,0.0,,0.0,1,0.5,0.02,SPY230120C00455000,455.0,normalDay
2022-12-27,12456.0,-6812.0,0.0,100,381.4,450.0,0,0.0,0.0,,0.0,1,0.5,0.02,SPY230120C00455000,455.0,normalDay
2022-12-28,12456.0,-7286.0,0.0,100,376.66,450.0,0,0.0,0.0,,0.0,1,0.5,0.02,SPY230120C00455000,455.0,normalDay
2022-12-29,12456.0,-6608.0,0.0,100,383.44,450.0,0,0.0,0.0,,0.0,1,0.5,0.02,SPY230120C00455000,455.0,normalDay
2022-12-30,12456.0,-6709.0,0.0,100,382.43,450.0,0,0.0,0.0,,0.0,1,0.5,0.02,SPY230120C00455000,455.0,normalDay
2023-01-03,12456.0,-6869.0,0.0,100,380.82,450.0,0,0.0,0.0,,0.0,1,0.5,0.01,SPY230120C00455000,455.0,normalDay
2023-01-04,12456.0,-6575.0,0.0,100,383.76,450.0,0,0.0,0.0,,0.0,1,0.5,0.01,SPY230120C00455000,455.0,normalDay
2023-01-05,12456.0,-7013.0,0.0,100,379.38,450.0,0,0.0,0.0,,0.0,1,0.5,0.01,SPY230120C00455000,455.0,normalDay
2023-01-06,12456.0,-6143.0,0.0,100,388.08,450.0,0,0.0,0.0,,0.0,1,0.5,0.01,SPY230120C00455000,455.0,normalDay
2023-01-09,12456.0,-6165.0,0.0,100,387.86,450.0,0,0.0,0.0,,0.0,1,0.5,0.01,SPY230120C00455000,455.0,normalDay
2023-01-10,12456.0,-5893.0,0.0,100,390.58,450.0,0,0.0,0.0,,0.0,1,0.5,0.01,SPY230120C00455000,455.0,normalDay
2023-01-11,12456.0,-5399.0,0.0,100,395.52,450.0,0,0.0,0.0,,0.0,1,0.5,0.01,SPY230120C00455000,455.0,normalDay
2023-01-12,12456.0,-5255.0,0.0,100,396.96,450.0,0,0.0,0.0,,0.0,1,0.5,0.01,SPY230120C00455000,455.0,normalDay
2023-01-13,12456.0,-5101.0,0.0,100,398.5,450.0,0,0.0,0.0,,0.0,1,0.5,0.01,SPY230120C00455000,455.0,normalDay
2023-01-17,12456.0,-5174.0,0.0,100,397.77,450.0,0,0.0,0.0,,0.0,1,0.5,0.01,SPY230120C00455000,455.0,normalDay
2023-01-18,12456.0,-5802.0,0.0,100,391.49,450.0,0,0.0,0.0,,0.0,1,0.5,0.01,SPY230120C00455000,455.0,normalDay
2023-01-19,12456.0,-6087.0,0.0,100,388.64,450.0,0,0.0,0.0,,0.0,1,0.5,0.01,SPY230120C00455000,455.0,normalDay
2023-01-20,12506.0,-5412.0,50.0,100,395.88,450.0,0,0.0,0.0,,0.0,1,0.5,0.0,SPY230120C00455000,455.0,expirationDay
2023-01-23,12506.0,-4945.0,0.0,100,400.63,450.0,0,0.0,0.0,,0.0,1,6.92,7.0,SPY230519C00425000,425.0,normalDay
2023-01-24,12506.0,-4979.0,0.0,100,400.2,450.0,0,0.0,0.0,,0.0,1,6.92,6.91,SPY230519C00425000,425.0,normalDay
2023-01-25,12506.0,-4910.0,0.0,100,400.35,450.0,0,0.0,0.0,,0.0,1,6.92,6.37,SPY230519C00425000,425.0,normalDay
2023-01-26,12506.0,-4605.0,0.0,100,404.75,450.0,0,0.0,0.0,,0.0,1,6.92,7.72,SPY230519C00425000,425.0,normalDay
2023-01-27,12506.0,-4537.0,0.0,100,405.68,450.0,0,0.0,0.0,,0.0,1,6.92,7.97,SPY230519C00425000,425.0,normalDay
2023-01-30,12506.0,-4897.0,0.0,100,400.59,450.0,0,0.0,0.0,,0.0,1,6.92,6.48,SPY230519C00425000,425.0,normalDay
2023-01-31,12506.0,-4465.0,0.0,100,406.48,450.0,0,0.0,0.0,,0.0,1,6.92,8.05,SPY230519C00425000,425.0,normalDay
2023-02-01,12506.0,-4234.0,0.0,100,410.8,450.0,0,0.0,0.0,,0.0,1,6.92,10.06,SPY230519C00425000,425.0,normalDay
2023-02-02,12506.0,-3881.0,0.0,100,416.78,450.0,0,0.0,0.0,,0.0,1,6.92,12.51,SPY230519C00425000,425.0,normalDay
2023-02-03,12506.0,-4129.0,0.0,100,412.35,450.0,0,0.0,0.0,,0.0,1,6.92,10.56,SPY230519C00425000,425.0,normalDay
2023-02-06,12506.0,-4286.0,0.0,100,409.83,450.0,0,0.0,0.0,,0.0,1,6.92,9.61,SPY230519C00425000,425.0,normalDay
2023-02-07,12506.0,-3936.0,0.0,100,415.19,450.0,0,0.0,0.0,,0.0,1,6.92,11.47,SPY230519C00425000,425.0,normalDay
2023-02-08,12506.0,-4256.0,0.0,100,410.65,450.0,0,0.0,0.0,,0.0,1,6.92,10.13,SPY230519C00425000,425.0,normalDay
2023-02-09,12506.0,-4483.0,0.0,100,407.09,450.0,0,0.0,0.0,,0.0,1,6.92,8.84,SPY230519C00425000,425.0,normalDay
2023-02-10,12506.0,-4413.0,0.0,100,408.04,450.0,0,0.0,0.0,,0.0,1,6.92,9.09,SPY230519C00425000,425.0,normalDay
2023-02-13,12506.0,-4120.0,0.0,100,412.83,450.0,0,0.0,0.0,,0.0,1,6.92,10.95,SPY230519C00425000,425.0,normalDay
2023-02-14,12506.0,-4028.0,0.0,100,412.64,450.0,0,0.0,0.0,,0.0,1,6.92,9.84,SPY230519C00425000,425.0,normalDay
2023-02-15,12506.0,-3947.0,0.0,100,413.98,450.0,0,0.0,0.0,,0.0,1,6.92,10.37,SPY230519C00425000,425.0,normalDay
2023-02-16,12506.0,-4282.0,0.0,100,408.28,450.0,0,0.0,0.0,,0.0,1,6.92,8.02,SPY230519C00425000,425.0,normalDay
2023-02-17,12506.0,-4328.0,0.0,100,407.26,450.0,0,0.0,0.0,,0.0,1,6.92,7.46,SPY230519C00425000,425.0,normalDay
2023-02-21,12506.0,-4908.0,0.0,100,399.09,450.0,0,0.0,0.0,,0.0,1,6.92,5.09,SPY230519C00425000,425.0,normalDay
2023-02-22,12506.0,-4913.0,0.0,100,398.54,450.0,0,0.0,0.0,,0.0,1,6.92,4.59,SPY230519C00425000,425.0,normalDay
2023-02-23,12506.0,-4709.0,0.0,100,400.66,450.0,0,0.0,0.0,,0.0,1,6.92,4.67,SPY230519C00425000,425.0,normalDay
2023-02-24,12506.0,-5051.0,0.0,100,396.38,450.0,0,0.0,0.0,,0.0,1,6.92,3.81,SPY230519C00425000,425.0,normalDay
2023-02-27,12506.0,-4915.0,0.0,100,397.73,450.0,0,0.0,0.0,,0.0,1,6.92,3.8,SPY230519C00425000,425.0,normalDay
2023-02-28,12506.0,-4995.0,0.0,100,396.26,450.0,0,0.0,0.0,,0.0,1,6.92,3.13,SPY230519C00425000,425.0,normalDay
2023-03-01,12506.0,-5131.0,0.0,100,394.74,450.0,0,0.0,0.0,,0.0,1,6.92,2.97,SPY230519C00425000,425.0,normalDay
2023-03-02,12506.0,-4865.0,0.0,100,397.81,450.0,0,0.0,0.0,,0.0,1,6.92,3.38,SPY230519C00425000,425.0,normalDay
2023-03-03,12506.0,-4382.0,0.0,100,404.19,450.0,0,0.0,0.0,,0.0,1,6.92,4.93,SPY230519C00425000,425.0,normalDay
2023-03-06,12506.0,-4342.0,0.0,100,404.47,450.0,0,0.0,0.0,,0.0,1,6.92,4.81,SPY230519C00425000,425.0,normalDay
2023-03-07,12506.0,-4807.0,0.0,100,398.27,450.0,0,0.0,0.0,,0.0,1,6.92,3.26,SPY230519C00425000,425.0,normalDay
2023-03-08,12506.0,-4731.0,0.0,100,398.92,450.0,0,0.0,0.0,,0.0,1,6.92,3.15,SPY230519C00425000,425.0,normalDay
2023-03-09,12506.0,-5375.0,0.0,100,391.56,450.0,0,0.0,0.0,,0.0,1,6.92,2.23,SPY230519C00425000,425.0,normalDay
2023-03-10,12506.0,-5859.0,0.0,100,385.91,450.0,0,0.0,0.0,,0.0,1,6.92,1.42,SPY230519C00425000,425.0,normalDay
2023-03-13,12506.0,-5924.0,0.0,100,385.36,450.0,0,0.0,0.0,,0.0,1,6.92,1.52,SPY230519C00425000,425.0,normalDay
2023-03-14,12506.0,-5317.0,0.0,100,391.73,450.0,0,0.0,0.0,,0.0,1,6.92,1.82,SPY230519C00425000,425.0,normalDay
2023-03-15,12506.0,-5544.0,0.0,100,389.28,450.0,0,0.0,0.0,,0.0,1,6.92,1.64,SPY230519C00425000,425.0,normalDay
2023-03-16,12506.0,-4934.0,0.0,100,396.11,450.0,0,0.0,0.0,,0.0,1,6.92,2.37,SPY230519C00425000,425.0,normalDay
2023-03-17,12506.0,-5515.0,0.0,100,389.99,450.0,0,0.0,0.0,,0.0,1,6.92,2.06,SPY230519C00425000,425.0,normalDay
2023-03-20,12506.0,-5154.0,0.0,100,393.74,450.0,0,0.0,0.0,,0.0,1,6.92,2.2,SPY230519C00425000,425.0,normalDay
2023-03-21,12506.0,-4708.0,0.0,100,398.91,450.0,0,0.0,0.0,,0.0,1,6.92,2.91,SPY230519C00425000,425.0,normalDay
2023-03-22,12506.0,-5263.0,0.0,100,392.11,450.0,0,0.0,0.0,,0.0,1,6.92,1.66,SPY230519C00425000,425.0,normalDay
2023-03-23,12506.0,-5170.0,0.0,100,393.17,450.0,0,0.0,0.0,,0.0,1,6.92,1.79,SPY230519C00425000,425.0,normalDay
2023-03-24,12506.0,-4932.0,0.0,100,395.75,450.0,0,0.0,0.0,,0.0,1,6.92,1.99,SPY230519C00425000,425.0,normalDay
2023-03-27,12506.0,-4833.0,0.0,100,396.49,450.0,0,0.0,0.0,,0.0,1,6.92,1.74,SPY230519C00425000,425.0,normalDay
2023-03-28,12506.0,-4901.0,0.0,100,395.6,450.0,0,0.0,0.0,,0.0,1,6.92,1.53,SPY230519C00425000,425.0,normalDay
2023-03-29,12506.0,-4398.0,0.0,100,401.35,450.0,0,0.0,0.0,,0.0,1,6.92,2.25,SPY230519C00425000,425.0,normalDay
2023-03-30,12506.0,-4201.0,0.0,100,403.7,450.0,0,0.0,0.0,,0.0,1,6.92,2.63,SPY230519C00425000,425.0,normalDay
2023-03-31,12506.0,-3789.0,0.0,100,409.39,450.0,0,0.0,0.0,,0.0,1,6.92,4.2,SPY230519C00425000,425.0,normalDay
2023-04-03,12506.0,-3640.0,0.0,100,410.95,450.0,0,0.0,0.0,,0.0,1,6.92,4.27,SPY230519C00425000,425.0,normalDay
2023-04-04,12506.0,-3785.0,0.0,100,408.67,450.0,0,0.0,0.0,,0.0,1,6.92,3.44,SPY230519C00425000,425.0,normalDay
2023-04-05,12506.0,-3846.0,0.0,100,407.6,450.0,0,0.0,0.0,,0.0,1,6.92,2.98,SPY230519C00425000,425.0,normalDay
2023-04-06,12506.0,-3703.0,0.0,100,409.19,450.0,0,0.0,0.0,,0.0,1,6.92,3.14,SPY230519C00425000,425.0,normalDay
2023-04-10,12506.0,-3659.0,0.0,100,409.61,450.0,0,0.0,0.0,,0.0,1,6.92,3.12,SPY230519C00425000,425.0,normalDay
2023-04-11,12506.0,-3638.0,0.0,100,409.72,450.0,0,0.0,0.0,,0.0,1,6.92,3.02,SPY230519C00425000,425.0,normalDay
2023-04-12,12506.0,-3723.0,0.0,100,408.05,450.0,0,0.0,0.0,,0.0,1,6.92,2.2,SPY230519C00425000,425.0,normalDay
2023-04-13,12506.0,-3309.0,0.0,100,413.47,450.0,0,0.0,0.0,,0.0,1,6.92,3.48,SPY230519C00425000,425.0,normalDay
2023-04-14,12506.0,-3346.0,0.0,100,412.46,450.0,0,0.0,0.0,,0.0,1,6.92,2.84,SPY230519C00425000,425.0,normalDay
2023-04-17,12506.0,-3204.0,0.0,100,413.94,450.0,0,0.0,0.0,,0.0,1,6.92,2.9,SPY230519C00425000,425.0,normalDay
2023-04-18,12506.0,-3149.0,0.0,100,414.21,450.0,0,0.0,0.0,,0.0,1,6.92,2.62,SPY230519C00425000,425.0,normalDay
2023-04-19,12506.0,-3133.0,0.0,100,414.14,450.0,0,0.0,0.0,,0.0,1,6.92,2.39,SPY230519C00425000,425.0,normalDay
2023-04-20,12506.0,-3297.0,0.0,100,411.88,450.0,0,0.0,0.0,,0.0,1,6.92,1.77,SPY230519C00425000,425.0,normalDay
2023-04-21,12506.0,-3245.0,0.0,100,412.2,450.0,0,0.0,0.0,,0.0,1,6.92,1.57,SPY230519C00425000,425.0,normalDay
2023-04-24,12506.0,-3190.0,0.0,100,412.63,450.0,0,0.0,0.0,,0.0,1,6.92,1.45,SPY230519C00425000,425.0,normalDay
2023-04-25,12506.0,-3771.0,0.0,100,406.08,450.0,0,0.0,0.0,,0.0,1,6.92,0.71,SPY230519C00425000,425.0,normalDay
2023-04-26,12506.0,-3910.0,0.0,100,404.36,450.0,0,0.0,0.0,,0.0,1,6.92,0.38,SPY230519C00425000,425.0,normalDay
2023-04-27,12506.0,-3199.0,0.0,100,412.41,450.0,0,0.0,0.0,,0.0,1,6.92,1.32,SPY230519C00425000,425.0,normalDay
2023-04-28,12506.0,-2886.0,0.0,100,415.93,450.0,0,0.0,0.0,,0.0,1,6.92,1.71,SPY230519C00425000,425.0,normalDay
2023-05-01,12506.0,-2897.0,0.0,100,415.51,450.0,0,0.0,0.0,,0.0,1,6.92,1.4,SPY230519C00425000,425.0,normalDay
2023-05-02,12506.0,-3289.0,0.0,100,410.84,450.0,0,0.0,0.0,,0.0,1,6.92,0.65,SPY230519C00425000,425.0,normalDay
2023-05-03,12506.0,-3549.0,0.0,100,408.02,450.0,0,0.0,0.0,,0.0,1,6.92,0.43,SPY230519C00425000,425.0,normalDay
2023-05-04,12506.0,-3814.0,0.0,100,405.13,450.0,0,0.0,0.0,,0.0,1,6.92,0.19,SPY230519C00425000,425.0,normalDay
2023-05-05,12506.0,-3085.0,0.0,100,412.63,450.0,0,0.0,0.0,,0.0,1,6.92,0.4,SPY230519C00425000,425.0,normalDay
2023-05-08,12506.0,-3059.0,0.0,100,412.74,450.0,0,0.0,0.0,,0.0,1,6.92,0.25,SPY230519C00425000,425.0,normalDay
2023-05-09,12506.0,-3233.0,0.0,100,410.93,450.0,0,0.0,0.0,,0.0,1,6.92,0.18,SPY230519C00425000,425.0,normalDay
2023-05-10,12506.0,-3040.0,0.0,100,412.85,450.0,0,0.0,0.0,,0.0,1,6.92,0.17,SPY230519C00425000,425.0,normalDay
2023-05-11,12506.0,-3102.0,0.0,100,412.13,450.0,0,0.0,0.0,,0.0,1,6.92,0.07,SPY230519C00425000,425.0,normalDay
2023-05-12,12506.0,-3152.0,0.0,100,411.59,450.0,0,0.0,0.0,,0.0,1,6.92,0.03,SPY230519C00425000,425.0,normalDay
2023-05-15,12506.0,-3010.0,0.0,100,413.01,450.0,0,0.0,0.0,,0.0,1,6.92,0.03,SPY230519C00425000,425.0,normalDay
2023-05-16,12506.0,-3286.0,0.0,100,410.25,450.0,0,0.0,0.0,,0.0,1,6.92,0.03,SPY230519C00425000,425.0,normalDay
2023-05-17,12506.0,-2789.0,0.0,100,415.23,450.0,0,0.0,0.0,,0.0,1,6.92,0.04,SPY230519C00425000,425.0,normalDay
2023-05-18,12506.0,-2391.0,0.0,100,419.23,450.0,0,0.0,0.0,,0.0,1,6.92,0.06,SPY230519C00425000,425.0,normalDay
2023-05-19,13198.0,-3138.0,692.0,100,418.62,450.0,0,0.0,0.0,,0.0,1,6.92,0.0,SPY230519C00425000,425.0,expirationDay
2023-05-22,13198.0,-3132.0,0.0,100,418.79,450.0,0,0.0,0.0,,0.0,1,11.91,12.02,SPY230929C00430000,430.0,normalDay
2023-05-23,13198.0,-3380.0,0.0,100,414.09,450.0,0,0.0,0.0,,0.0,1,11.91,9.8,SPY230929C00430000,430.0,normalDay
2023-05-24,13198.0,-3569.0,0.0,100,411.09,450.0,0,0.0,0.0,,0.0,1,11.91,8.69,SPY230929C00430000,430.0,normalDay
2023-05-25,13198.0,-3325.0,0.0,100,414.65,450.0,0,0.0,0.0,,0.0,1,11.91,9.81,SPY230929C00430000,430.0,normalDay
2023-05-26,13198.0,-3042.0,0.0,100,420.02,450.0,0,0.0,0.0,,0.0,1,11.91,12.35,SPY230929C00430000,430.0,normalDay
2023-05-30,13198.0,-2995.0,0.0,100,420.18,450.0,0,0.0,0.0,,0.0,1,11.91,12.04,SPY230929C00430000,430.0,normalDay
2023-05-31,13198.0,-3068.0,0.0,100,417.85,450.0,0,0.0,0.0,,0.0,1,11.91,10.44,SPY230929C00430000,430.0,normalDay
2023-06-01,13198.0,-2824.0,0.0,100,421.82,450.0,0,0.0,0.0,,0.0,1,11.91,11.97,SPY230929C00430000,430.0,normalDay
2023-06-02,13198.0,-2544.0,0.0,100,427.92,450.0,0,0.0,0.0,,0.0,1,11.91,15.27,SPY230929C00430000,430.0,normalDay
2023-06-05,13198.0,-2545.0,0.0,100,427.1,450.0,0,0.0,0.0,,0.0,1,11.91,14.46,SPY230929C00430000,430.0,normalDay
2023-06-06,13198.0,-2466.0,0.0,100,428.03,450.0,0,0.0,0.0,,0.0,1,11.91,14.6,SPY230929C00430000,430.0,normalDay
2023-06-07,13198.0,-2489.0,0.0,100,426.55,450.0,0,0.0,0.0,,0.0,1,11.91,13.35,SPY230929C00430000,430.0,normalDay
2023-06-08,13198.0,-2340.0,0.0,100,429.13,450.0,0,0.0,0.0,,0.0,1,11.91,14.44,SPY230929C00430000,430.0,normalDay
2023-06-09,13198.0,-2343.0,0.0,100,429.9,450.0,0,0.0,0.0,,0.0,1,11.91,15.24,SPY230929C00430000,430.0,normalDay
2023-06-12,13198.0,-2192.0,0.0,100,433.8,450.0,0,0.0,0.0,,0.0,1,11.91,17.63,SPY230929C00430000,430.0,normalDay
2023-06-13,13198.0,-2123.0,0.0,100,436.66,450.0,0,0.0,0.0,,0.0,1,11.91,19.8,SPY230929C00430000,430.0,normalDay
2023-06-14,13198.0,-2107.0,0.0,100,437.18,450.0,0,0.0,0.0,,0.0,1,11.91,20.16,SPY230929C00430000,430.0,normalDay
2023-06-15,13198.0,-1921.0,0.0,100,442.6,450.0,0,0.0,0.0,,0.0,1,11.91,23.72,SPY230929C00430000,430.0,normalDay
2023-06-16,13198.0,-2165.0,0.0,100,439.46,450.0,0,0.0,0.0,,0.0,1,11.91,23.02,SPY230929C00430000,430.0,normalDay
2023-06-20,13198.0,-2161.0,0.0,100,437.18,450.0,0,0.0,0.0,,0.0,1,11.91,20.7,SPY230929C00430000,430.0,normalDay
2023-06-21,13198.0,-2222.0,0.0,100,434.94,450.0,0,0.0,0.0,,0.0,1,11.91,19.07,SPY230929C00430000,430.0,normalDay
2023-06-22,13198.0,-2118.0,0.0,100,436.51,450.0,0,0.0,0.0,,0.0,1,11.91,19.6,SPY230929C00430000,430.0,normalDay
2023-06-23,13198.0,-2224.0,0.0,100,433.21,450.0,0,0.0,0.0,,0.0,1,11.91,17.36,SPY230929C00430000,430.0,normalDay
2023-06-26,13198.0,-2267.0,0.0,100,431.44,450.0,0,0.0,0.0,,0.0,1,11.91,16.02,SPY230929C00430000,430.0,normalDay
2023-06-27,13198.0,-2053.0,0.0,100,436.17,450.0,0,0.0,0.0,,0.0,1,11.91,18.61,SPY230929C00430000,430.0,normalDay
2023-06-28,13198.0,-2057.0,0.0,100,436.39,450.0,0,0.0,0.0,,0.0,1,11.91,18.87,SPY230929C00430000,430.0,normalDay
2023-06-29,13198.0,-1988.0,0.0,100,438.11,450.0,0,0.0,0.0,,0.0,1,11.91,19.9,SPY230929C00430000,430.0,normalDay
2023-06-30,13198.0,-1871.0,0.0,100,443.28,450.0,0,0.0,0.0,,0.0,1,11.91,23.9,SPY230929C00430000,430.0,normalDay
2023-07-03,13198.0,-1900.0,0.0,100,443.79,450.0,0,0.0,0.0,,0.0,1,11.91,24.7,SPY230929C00430000,430.0,normalDay
2023-07-05,13198.0,-1855.0,0.0,100,443.13,450.0,0,0.0,0.0,,0.0,1,11.91,23.59,SPY230929C00430000,430.0,normalDay
2023-07-06,13198.0,-1961.0,0.0,100,439.66,450.0,0,0.0,0.0,,0.0,1,11.91,21.18,SPY230929C00430000,430.0,normalDay
2023-07-07,13198.0,-1988.0,0.0,100,438.55,450.0,0,0.0,0.0,,0.0,1,11.91,20.34,SPY230929C00430000,430.0,normalDay
2023-07-10,13198.0,-1923.0,0.0,100,439.66,450.0,0,0.0,0.0,,0.0,1,11.91,20.8,SPY230929C00430000,430.0,normalDay
2023-07-11,13198.0,-1806.0,0.0,100,442.46,450.0,0,0.0,0.0,,0.0,1,11.91,22.43,SPY230929C00430000,430.0,normalDay
2023-07-12,13198.0,-1716.0,0.0,100,446.02,450.0,0,0.0,0.0,,0.0,1,11.91,25.09,SPY230929C00430000,430.0,normalDay
2023-07-13,13198.0,-1626.0,0.0,100,449.56,450.0,0,0.0,0.0,,0.0,1,11.91,27.73,SPY230929C00430000,430.0,normalDay
2023-07-14,13198.0,-1597.0,0.0,100,449.28,450.0,0,0.0,0.0,,0.0,1,11.91,27.16,SPY230929C00430000,430.0,normalDay
2023-07-17,13198.0,-1552.0,0.0,100,450.84,450.0,0,0.0,0.0,,0.0,1,11.91,28.27,SPY230929C00430000,430.0,normalDay
2023-07-18,13198.0,-1513.0,0.0,100,454.19,450.0,0,0.0,0.0,,0.0,1,11.91,31.23,SPY230929C00430000,430.0,normalDay
2023-07-19,13198.0,-1520.0,0.0,100,455.2,450.0,0,0.0,0.0,,0.0,1,11.91,32.31,SPY230929C00430000,430.0,normalDay
2023-07-20,13198.0,-1573.0,0.0,100,452.18,450.0,0,0.0,0.0,,0.0,1,11.91,29.82,SPY230929C00430000,430.0,normalDay
2023-07-21,13198.0,-1522.0,0.0,100,452.18,450.0,0,0.0,0.0,,0.0,1,11.91,29.31,SPY230929C00430000,430.0,normalDay
2023-07-24,13198.0,-1494.0,0.0,100,454.2,450.0,0,0.0,0.0,,0.0,1,11.91,31.05,SPY230929C00430000,430.0,normalDay
2023-07-25,13198.0,-1523.0,0.0,100,455.44,450.0,0,0.0,0.0,,0.0,1,11.91,32.58,SPY230929C00430000,430.0,normalDay
2023-07-26,13198.0,-1523.0,0.0,100,455.51,450.0,0,0.0,0.0,,0.0,1,11.91,32.65,SPY230929C00430000,430.0,normalDay
2023-07-27,13198.0,-1514.0,0.0,100,452.49,450.0,0,0.0,0.0,,0.0,1,11.91,29.54,SPY230929C00430000,430.0,normalDay
2023-07-28,13198.0,-1393.0,0.0,100,456.92,450.0,0,0.0,0.0,,0.0,1,11.91,32.76,SPY230929C00430000,430.0,normalDay
2023-07-31,13198.0,-1371.0,0.0,100,457.79,450.0,0,0.0,0.0,,0.0,1,11.91,33.41,SPY230929C00430000,430.0,normalDay
2023-08-01,13198.0,-1357.0,0.0,100,456.48,450.0,0,0.0,0.0,,0.0,1,11.91,31.96,SPY230929C00430000,430.0,normalDay
2023-08-02,13198.0,-1514.0,0.0,100,450.13,450.0,0,0.0,0.0,,0.0,1,11.91,27.18,SPY230929C00430000,430.0,normalDay
2023-08-03,13198.0,-1670.0,0.0,100,448.84,450.0,0,0.0,0.0,,0.0,1,11.91,27.45,SPY230929C00430000,430.0,normalDay
2023-08-04,13198.0,-1533.0,0.0,100,446.81,450.0,0,0.0,0.0,,0.0,1,11.91,24.05,SPY230929C00430000,430.0,normalDay
2023-08-07,13198.0,-1431.0,0.0,100,450.71,450.0,0,0.0,0.0,,0.0,1,11.91,26.93,SPY230929C00430000,430.0,normalDay
2023-08-08,13198.0,-1445.0,0.0,100,448.75,450.0,0,0.0,0.0,,0.0,1,11.91,25.11,SPY230929C00430000,430.0,normalDay
2023-08-09,13198.0,-1526.0,0.0,100,445.75,450.0,0,0.0,0.0,,0.0,1,11.91,22.92,SPY230929C00430000,430.0,normalDay
2023-08-10,13198.0,-1441.0,0.0,100,445.91,450.0,0,0.0,0.0,,0.0,1,11.91,22.23,SPY230929C00430000,430.0,normalDay
2023-08-11,13198.0,-1434.0,0.0,100,445.65,450.0,0,0.0,0.0,,0.0,1,11.91,21.9,SPY230929C00430000,430.0,normalDay
2023-08-14,13198.0,-1338.0,0.0,100,448.11,450.0,0,0.0,0.0,,0.0,1,11.91,23.4,SPY230929C00430000,430.0,normalDay
2023-08-15,13198.0,-1450.0,0.0,100,442.89,450.0,0,0.0,0.0,,0.0,1,11.91,19.3,SPY230929C00430000,430.0,normalDay
2023-08-16,13198.0,-1541.0,0.0,100,439.64,450.0,0,0.0,0.0,,0.0,1,11.91,16.96,SPY230929C00430000,430.0,normalDay
2023-08-17,13198.0,-1617.0,0.0,100,436.29,450.0,0,0.0,0.0,,0.0,1,11.91,14.37,SPY230929C00430000,430.0,normalDay
2023-08-18,13198.0,-1570.0,0.0,100,436.5,450.0,0,0.0,0.0,,0.0,1,11.91,14.11,SPY230929C00430000,430.0,normalDay
2023-08-21,13198.0,-1412.0,0.0,100,439.34,450.0,0,0.0,0.0,,0.0,1,11.91,15.37,SPY230929C00430000,430.0,normalDay
2023-08-22,13198.0,-1450.0,0.0,100,438.15,450.0,0,0.0,0.0,,0.0,1,11.91,14.56,SPY230929C00430000,430.0,normalDay
2023-08-23,13198.0,-1313.0,0.0,100,443.03,450.0,0,0.0,0.0,,0.0,1,11.91,18.07,SPY230929C00430000,430.0,normalDay
2023-08-24,13198.0,-1463.0,0.0,100,436.89,450.0,0,0.0,0.0,,0.0,1,11.91,13.43,SPY230929C00430000,430.0,normalDay
2023-08-25,13198.0,-1315.0,0.0,100,439.97,450.0,0,0.0,0.0,,0.0,1,11.91,15.03,SPY230929C00430000,430.0,normalDay
2023-08-28,13198.0,-1214.0,0.0,100,442.76,450.0,0,0.0,0.0,,0.0,1,11.91,16.81,SPY230929C00430000,430.0,normalDay
2023-08-29,13198.0,-1102.0,0.0,100,449.16,450.0,0,0.0,0.0,,0.0,1,11.91,22.09,SPY230929C00430000,430.0,normalDay
2023-08-30,13198.0,-1053.0,0.0,100,451.01,450.0,0,0.0,0.0,,0.0,1,11.91,23.45,SPY230929C00430000,430.0,normalDay
2023-08-31,13198.0,-1051.0,0.0,100,450.35,450.0,0,0.0,0.0,,0.0,1,11.91,22.77,SPY230929C00430000,430.0,normalDay
2023-09-01,13198.0,-962.0,0.0,100,451.19,450.0,0,0.0,0.0,,0.0,1,11.91,22.72,SPY230929C00430000,430.0,normalDay
2023-09-05,13198.0,-988.0,0.0,100,449.24,450.0,0,0.0,0.0,,0.0,1,11.91,21.03,SPY230929C00430000,430.0,normalDay
2023-09-06,13198.0,-999.0,0.0,100,446.22,450.0,0,0.0,0.0,,0.0,1,11.91,18.12,SPY230929C00430000,430.0,normalDay
2023-09-07,13198.0,-1004.0,0.0,100,444.85,450.0,0,0.0,0.0,,0.0,1,11.91,16.8,SPY230929C00430000,430.0,normalDay
2023-09-08,13198.0,-993.0,0.0,100,445.52,450.0,0,0.0,0.0,,0.0,1,11.91,17.36,SPY230929C00430000,430.0,normalDay
2023-09-11,13198.0,-913.0,0.0,100,448.45,450.0,0,0.0,0.0,,0.0,1,11.91,19.49,SPY230929C00430000,430.0,normalDay
2023-09-12,13198.0,-936.0,0.0,100,445.99,450.0,0,0.0,0.0,,0.0,1,11.91,17.26,SPY230929C00430000,430.0,normalDay
2023-09-13,13198.0,-900.0,0.0,100,446.51,450.0,0,0.0,0.0,,0.0,1,11.91,17.42,SPY230929C00430000,430.0,normalDay
2023-09-14,13198.0,-850.0,0.0,100,450.36,450.0,0,0.0,0.0,,0.0,1,11.91,20.77,SPY230929C00430000,430.0,normalDay
2023-09-15,13198.0,-982.0,0.0,100,443.37,450.0,0,0.0,0.0,,0.0,1,11.91,15.1,SPY230929C00430000,430.0,normalDay
2023-09-18,13198.0,-970.0,0.0,100,443.63,450.0,0,0.0,0.0,,0.0,1,11.91,15.24,SPY230929C00430000,430.0,normalDay
2023-09-19,13198.0,-971.0,0.0,100,442.71,450.0,0,0.0,0.0,,0.0,1,11.91,14.33,SPY230929C00430000,430.0,normalDay
2023-09-20,13198.0,-965.0,0.0,100,438.64,450.0,0,0.0,0.0,,0.0,1,11.91,10.2,SPY230929C00430000,430.0,normalDay
2023-09-21,13198.0,-1186.0,0.0,100,431.39,450.0,0,0.0,0.0,,0.0,1,11.91,5.16,SPY230929C00430000,430.0,normalDay
2023-09-22,13198.0,-1187.0,0.0,100,430.42,450.0,0,0.0,0.0,,0.0,1,11.91,4.2,SPY230929C00430000,430.0,normalDay
2023-09-25,13198.0,-1060.0,0.0,100,432.23,450.0,0,0.0,0.0,,0.0,1,11.91,4.74,SPY230929C00430000,430.0,normalDay
2023-09-26,13198.0,-1372.0,0.0,100,425.88,450.0,0,0.0,0.0,,0.0,1,11.91,1.51,SPY230929C00430000,430.0,normalDay
2023-09-27,13198.0,-1319.0,0.0,100,426.05,450.0,0,0.0,0.0,,0.0,1,11.91,1.15,SPY230929C00430000,430.0,normalDay
2023-09-28,13198.0,-1068.0,0.0,100,428.52,450.0,0,0.0,0.0,,0.0,1,11.91,1.11,SPY230929C00430000,430.0,normalDay
2023-09-29,14389.0,-2252.0,1191.0,100,427.48,450.0,0,0.0,0.0,,0.0,1,11.91,0.0,SPY230929C00430000,430.0,expirationDay
2023-10-02,14389.0,-2275.0,0.0,100,427.31,450.0,0,0.0,0.0,,0.0,1,1.32,1.38,SPY240216C00480000,480.0,normalDay
2023-10-03,14389.0,-2825.0,0.0,100,421.59,450.0,0,0.0,0.0,,0.0,1,1.32,1.16,SPY240216C00480000,480.0,normalDay
2023-10-04,14389.0,-2530.0,0.0,100,424.66,450.0,0,0.0,0.0,,0.0,1,1.32,1.28,SPY240216C00480000,480.0,normalDay
2023-10-05,14389.0,-2538.0,0.0,100,424.5,450.0,0,0.0,0.0,,0.0,1,1.32,1.2,SPY240216C00480000,480.0,normalDay
2023-10-06,14389.0,-2080.0,0.0,100,429.54,450.0,0,0.0,0.0,,0.0,1,1.32,1.66,SPY240216C00480000,480.0,normalDay
2023-10-09,14389.0,-1831.0,0.0,100,432.29,450.0,0,0.0,0.0,,0.0,1,1.32,1.92,SPY240216C00480000,480.0,normalDay
2023-10-10,14389.0,-1616.0,0.0,100,434.54,450.0,0,0.0,0.0,,0.0,1,1.32,2.02,SPY240216C00480000,480.0,normalDay
2023-10-11,14389.0,-1451.0,0.0,100,436.32,450.0,0,0.0,0.0,,0.0,1,1.32,2.15,SPY240216C00480000,480.0,normalDay
2023-10-12,14389.0,-1665.0,0.0,100,433.66,450.0,0,0.0,0.0,,0.0,1,1.32,1.63,SPY240216C00480000,480.0,normalDay
2023-10-13,14389.0,-1874.0,0.0,100,431.5,450.0,0,0.0,0.0,,0.0,1,1.32,1.56,SPY240216C00480000,480.0,normalDay
2023-10-16,14389.0,-1448.0,0.0,100,436.04,450.0,0,0.0,0.0,,0.0,1,1.32,1.84,SPY240216C00480000,480.0,normalDay
2023-10-17,14389.0,-1449.0,0.0,100,436.02,450.0,0,0.0,0.0,,0.0,1,1.32,1.83,SPY240216C00480000,480.0,normalDay
2023-10-18,14389.0,-1984.0,0.0,100,430.21,450.0,0,0.0,0.0,,0.0,1,1.32,1.37,SPY240216C00480000,480.0,normalDay
2023-10-19,14389.0,-2330.0,0.0,100,426.43,450.0,0,0.0,0.0,,0.0,1,1.32,1.05,SPY240216C00480000,480.0,normalDay
2023-10-20,14389.0,-2827.0,0.0,100,421.19,450.0,0,0.0,0.0,,0.0,1,1.32,0.78,SPY240216C00480000,480.0,normalDay
2023-10-23,14389.0,-2889.0,0.0,100,420.46,450.0,0,0.0,0.0,,0.0,1,1.32,0.67,SPY240216C00480000,480.0,normalDay
2023-10-24,14389.0,-2580.0,0.0,100,423.63,450.0,0,0.0,0.0,,0.0,1,1.32,0.75,SPY240216C00480000,480.0,normalDay
2023-10-25,14389.0,-3165.0,0.0,100,417.55,450.0,0,0.0,0.0,,0.0,1,1.32,0.52,SPY240216C00480000,480.0,normalDay
2023-10-26,14389.0,-3653.0,0.0,100,412.55,450.0,0,0.0,0.0,,0.0,1,1.32,0.4,SPY240216C00480000,480.0,normalDay
2023-10-27,14389.0,-3838.0,0.0,100,410.68,450.0,0,0.0,0.0,,0.0,1,1.32,0.38,SPY240216C00480000,480.0,normalDay
2023-10-30,14389.0,-3350.0,0.0,100,415.59,450.0,0,0.0,0.0,,0.0,1,1.32,0.41,SPY240216C00480000,480.0,normalDay
2023-10-31,14389.0,-3084.0,0.0,100,418.2,450.0,0,0.0,0.0,,0.0,1,1.32,0.36,SPY240216C00480000,480.0,normalDay
2023-11-01,14389.0,-2649.0,0.0,100,422.66,450.0,0,0.0,0.0,,0.0,1,1.32,0.47,SPY240216C00480000,480.0,normalDay
2023-11-02,14389.0,-1866.0,0.0,100,430.76,450.0,0,0.0,0.0,,0.0,1,1.32,0.74,SPY240216C00480000,480.0,normalDay
2023-11-03,14389.0,-1490.0,0.0,100,434.69,450.0,0,0.0,0.0,,0.0,1,1.32,0.91,SPY240216C00480000,480.0,normalDay
2023-11-06,14389.0,-1381.0,0.0,100,435.69,450.0,0,0.0,0.0,,0.0,1,1.32,0.82,SPY240216C00480000,480.0,normalDay
2023-11-07,14389.0,-1265.0,0.0,100,436.93,450.0,0,0.0,0.0,,0.0,1,1.32,0.9,SPY240216C00480000,480.0,normalDay
2023-11-08,14389.0,-1228.0,0.0,100,437.25,450.0,0,0.0,0.0,,0.0,1,1.32,0.85,SPY240216C00480000,480.0,normalDay
2023-11-09,14389.0,-1551.0,0.0,100,433.84,450.0,0,0.0,0.0,,0.0,1,1.32,0.67,SPY240216C00480000,480.0,normalDay
2023-11-10,14389.0,-911.0,0.0,100,440.61,450.0,0,0.0,0.0,,0.0,1,1.32,1.04,SPY240216C00480000,480.0,normalDay
2023-11-13,14389.0,-946.0,0.0,100,440.19,450.0,0,0.0,0.0,,0.0,1,1.32,0.97,SPY240216C00480000,480.0,normalDay
2023-11-14,14389.0,-210.0,0.0,100,448.73,450.0,0,0.0,0.0,,0.0,1,1.32,2.15,SPY240216C00480000,480.0,normalDay
2023-11-15,14389.0,-110.0,0.0,100,449.68,450.0,0,0.0,0.0,,0.0,1,1.32,2.1,SPY240216C00480000,480.0,normalDay
2023-11-16,14389.0,-50.0,0.0,100,450.23,450.0,0,0.0,0.0,,0.0,1,1.32,2.05,SPY240216C00480000,480.0,normalDay
2023-11-17,14389.0,4.0,0.0,100,450.79,450.0,0,0.0,0.0,,0.0,1,1.32,2.07,SPY240216C00480000,480.0,normalDay
2023-11-20,14389.0,300.0,0.0,100,454.26,450.0,0,0.0,0.0,,0.0,1,1.32,2.58,SPY240216C00480000,480.0,normalDay
2023-11-21,14389.0,237.0,0.0,100,453.27,450.0,0,0.0,0.0,,0.0,1,1.32,2.22,SPY240216C00480000,480.0,normalDay
2023-11-22,14389.0,386.0,0.0,100,455.02,450.0,0,0.0,0.0,,0.0,1,1.32,2.48,SPY240216C00480000,480.0,normalDay
2023-11-24,14389.0,431.0,0.0,100,455.3,450.0,0,0.0,0.0,,0.0,1,1.32,2.31,SPY240216C00480000,480.0,normalDay
2023-11-27,14389.0,367.0,0.0,100,454.48,450.0,0,0.0,0.0,,0.0,1,1.32,2.13,SPY240216C00480000,480.0,normalDay
2023-11-28,14389.0,411.0,0.0,100,454.93,450.0,0,0.0,0.0,,0.0,1,1.32,2.14,SPY240216C00480000,480.0,normalDay
2023-11-29,14389.0,368.0,0.0,100,454.61,450.0,0,0.0,0.0,,0.0,1,1.32,2.25,SPY240216C00480000,480.0,normalDay
2023-11-30,14389.0,539.0,0.0,100,456.4,450.0,0,0.0,0.0,,0.0,1,1.32,2.33,SPY240216C00480000,480.0,normalDay
