date,totalCapital,unrializedPnL,rializedPnL,stocksOwned,stocksPriceToday,stocksPriceBoughtAt,putOwned,putOwnedSoldAt,putPriceToday,putOwnedContract,putOwnedStrike,callOwned,callOwnedSoldAt,callPriceToday,callOwnedContract,callOwnedStrike,trackType
2018-11-01,0.0,-5.0,0.0,0,273.51,0.0,1,2.13,2.18,SPY190118P00244000,244.0,0,0.0,0.0,,0.0,normalDay
2018-11-02,0.0,-19.0,0.0,0,271.89,0.0,1,2.13,2.32,SPY190118P00244000,244.0,0,0.0,0.0,,0.0,normalDay
2018-11-05,0.0,7.0,0.0,0,273.39,0.0,1,2.13,2.06,SPY190118P00244000,244.0,0,0.0,0.0,,0.0,normalDay
2018-11-06,0.0,32.0,0.0,0,275.12,0.0,1,2.13,1.81,SPY190118P00244000,244.0,0,0.0,0.0,,0.0,normalDay
2018-11-07,0.0,104.0,0.0,0,281.01,0.0,1,2.13,1.09,SPY190118P00244000,244.0,0,0.0,0.0,,0.0,normalDay
2018-11-08,0.0,104.0,0.0,0,280.5,0.0,1,2.13,1.09,SPY190118P00244000,244.0,0,0.0,0.0,,0.0,normalDay
2018-11-09,0.0,76.0,0.0,0,277.76,0.0,1,2.13,1.37,SPY190118P00244000,244.0,0,0.0,0.0,,0.0,normalDay
2018-11-12,0.0,16.0,0.0,0,272.57,0.0,1,2.13,1.97,SPY190118P00244000,244.0,0,0.0,0.0,,0.0,normalDay
2018-11-13,0.0,12.0,0.0,0,272.06,0.0,1,2.13,2.01,SPY190118P00244000,244.0,0,0.0,0.0,,0.0,normalDay
2018-11-14,0.0,-20.0,0.0,0,270.2,0.0,1,2.13,2.33,SPY190118P00244000,244.0,0,0.0,0.0,,0.0,normalDay
2018-11-15,0.0,31.0,0.0,0,273.02,0.0,1,2.13,1.82,SPY190118P00244000,244.0,0,0.0,0.0,,0.0,normalDay
2018-11-16,0.0,65.0,0.0,0,273.73,0.0,1,2.13,1.48,SPY190118P00244000,244.0,0,0.0,0.0,,0.0,normalDay
2018-11-19,0.0,7.0,0.0,0,269.1,0.0,1,2.13,2.06,SPY190118P00244000,244.0,0,0.0,0.0,,0.0,normalDay
2018-11-20,0.0,-90.0,0.0,0,264.12,0.0,1,2.13,3.03,SPY190118P00244000,244.0,0,0.0,0.0,,0.0,normalDay
2018-11-21,0.0,-41.0,0.0,0,265.02,0.0,1,2.13,2.54,SPY190118P00244000,244.0,0,0.0,0.0,,0.0,normalDay
2018-11-23,0.0,-68.0,0.0,0,263.25,0.0,1,2.13,2.81,SPY190118P00244000,244.0,0,0.0,0.0,,0.0,normalDay
2018-11-26,0.0,48.0,0.0,0,267.5,0.0,1,2.13,1.65,SPY190118P00244000,244.0,0,0.0,0.0,,0.0,normalDay
2018-11-27,0.0,56.0,0.0,0,268.4,0.0,1,2.13,1.57,SPY190118P00244000,244.0,0,0.0,0.0,,0.0,normalDay
2018-11-28,0.0,112.0,0.0,0,274.58,0.0,1,2.13,1.01,SPY190118P00244000,244.0,0,0.0,0.0,,0.0,normalDay
2018-11-29,0.0,103.0,0.0,0,273.98,0.0,1,2.13,1.1,SPY190118P00244000,244.0,0,0.0,0.0,,0.0,normalDay
2018-11-30,0.0,124.0,0.0,0,275.65,0.0,1,2.13,0.89,SPY190118P00244000,244.0,0,0.0,0.0,,0.0,normalDay
2018-12-03,0.0,155.0,0.0,0,279.3,0.0,1,2.13,0.58,SPY190118P00244000,244.0,0,0.0,0.0,,0.0,normalDay
2018-12-04,0.0,69.0,0.0,0,270.25,0.0,1,2.13,1.44,SPY190118P00244000,244.0,0,0.0,0.0,,0.0,normalDay
2018-12-06,0.0,65.0,0.0,0,269.84,0.0,1,2.13,1.48,SPY190118P00244000,244.0,0,0.0,0.0,,0.0,normalDay
2018-12-07,0.0,-35.0,0.0,0,263.57,0.0,1,2.13,2.48,SPY190118P00244000,244.0,0,0.0,0.0,,0.0,normalDay
2018-12-10,0.0,14.0,0.0,0,264.07,0.0,1,2.13,1.99,SPY190118P00244000,244.0,0,0.0,0.0,,0.0,normalDay
2018-12-11,0.0,32.0,0.0,0,264.13,0.0,1,2.13,1.81,SPY190118P00244000,244.0,0,0.0,0.0,,0.0,normalDay
2018-12-12,0.0,51.0,0.0,0,265.46,0.0,1,2.13,1.62,SPY190118P00244000,244.0,0,0.0,0.0,,0.0,normalDay
2018-12-13,0.0,74.0,0.0,0,265.37,0.0,1,2.13,1.39,SPY190118P00244000,244.0,0,0.0,0.0,,0.0,normalDay
2018-12-14,0.0,13.0,0.0,0,260.47,0.0,1,2.13,2.0,SPY190118P00244000,244.0,0,0.0,0.0,,0.0,normalDay
2018-12-17,0.0,-92.0,0.0,0,255.36,0.0,1,2.13,3.05,SPY190118P00244000,244.0,0,0.0,0.0,,0.0,normalDay
2018-12-18,0.0,-124.0,0.0,0,255.08,0.0,1,2.13,3.37,SPY190118P00244000,244.0,0,0.0,0.0,,0.0,normalDay
2018-12-19,0.0,-177.0,0.0,0,251.26,0.0,1,2.13,3.9,SPY190118P00244000,244.0,0,0.0,0.0,,0.0,normalDay
2018-12-20,0.0,-348.0,0.0,0,247.17,0.0,1,2.13,5.61,SPY190118P00244000,244.0,0,0.0,0.0,,0.0,normalDay
2018-12-21,0.0,-662.0,0.0,0,240.7,0.0,1,2.13,8.75,SPY190118P00244000,244.0,0,0.0,0.0,,0.0,normalDay
2018-12-24,0.0,-1157.0,0.0,0,234.34,0.0,1,2.13,13.7,SPY190118P00244000,244.0,0,0.0,0.0,,0.0,normalDay
2018-12-26,0.0,-364.0,0.0,0,246.18,0.0,1,2.13,5.77,SPY190118P00244000,244.0,0,0.0,0.0,,0.0,normalDay
2018-12-27,0.0,-294.0,0.0,0,248.07,0.0,1,2.13,5.07,SPY190118P00244000,244.0,0,0.0,0.0,,0.0,normalDay
2018-12-28,0.0,-272.0,0.0,0,247.75,0.0,1,2.13,4.85,SPY190118P00244000,244.0,0,0.0,0.0,,0.0,normalDay
2018-12-31,0.0,-106.0,0.0,0,249.92,0.0,1,2.13,3.19,SPY190118P00244000,244.0,0,0.0,0.0,,0.0,normalDay
2019-01-02,0.0,-16.0,0.0,0,250.18,0.0,1,2.13,2.29,SPY190118P00244000,244.0,0,0.0,0.0,,0.0,normalDay
2019-01-03,0.0,-252.0,0.0,0,244.21,0.0,1,2.13,4.65,SPY190118P00244000,244.0,0,0.0,0.0,,0.0,normalDay
2019-01-04,0.0,75.0,0.0,0,252.39,0.0,1,2.13,1.38,SPY190118P00244000,244.0,0,0.0,0.0,,0.0,normalDay
2019-01-07,0.0,119.0,0.0,0,254.38,0.0,1,2.13,0.94,SPY190118P00244000,244.0,0,0.0,0.0,,0.0,normalDay
2019-01-08,0.0,158.0,0.0,0,256.77,0.0,1,2.13,0.55,SPY190118P00244000,244.0,0,0.0,0.0,,0.0,normalDay
2019-01-09,0.0,179.0,0.0,0,257.97,0.0,1,2.13,0.34,SPY190118P00244000,244.0,0,0.0,0.0,,0.0,normalDay
2019-01-10,0.0,194.0,0.0,0,258.88,0.0,1,2.13,0.19,SPY190118P00244000,244.0,0,0.0,0.0,,0.0,normalDay
2019-01-11,0.0,206.0,0.0,0,258.98,0.0,1,2.13,0.07,SPY190118P00244000,244.0,0,0.0,0.0,,0.0,normalDay
2019-01-14,0.0,206.0,0.0,0,257.4,0.0,1,2.13,0.07,SPY190118P00244000,244.0,0,0.0,0.0,,0.0,normalDay
2019-01-15,0.0,209.0,0.0,0,260.35,0.0,1,2.13,0.04,SPY190118P00244000,244.0,0,0.0,0.0,,0.0,normalDay
2019-01-16,0.0,212.0,0.0,0,260.98,0.0,1,2.13,0.01,SPY190118P00244000,244.0,0,0.0,0.0,,0.0,normalDay
2019-01-17,0.0,212.0,0.0,0,262.96,0.0,1,2.13,0.01,SPY190118P00244000,244.0,0,0.0,0.0,,0.0,normalDay
2019-01-18,213.0,0.0,213.0,0,266.46,0.0,1,2.13,0.0,SPY190118P00244000,244.0,0,0.0,0.0,,0.0,expirationDay
2019-01-22,213.0,-5.0,0.0,0,262.86,0.0,1,1.17,1.22,SPY190418P00218000,218.0,0,0.0,0.0,,0.0,normalDay
2019-01-23,213.0,5.0,0.0,0,263.41,0.0,1,1.17,1.12,SPY190418P00218000,218.0,0,0.0,0.0,,0.0,normalDay
2019-01-24,213.0,12.0,0.0,0,263.55,0.0,1,1.17,1.05,SPY190418P00218000,218.0,0,0.0,0.0,,0.0,normalDay
2019-01-25,213.0,38.0,0.0,0,265.78,0.0,1,1.17,0.79,SPY190418P00218000,218.0,0,0.0,0.0,,0.0,normalDay
2019-01-28,213.0,27.0,0.0,0,263.76,0.0,1,1.17,0.9,SPY190418P00218000,218.0,0,0.0,0.0,,0.0,normalDay
2019-01-29,213.0,25.0,0.0,0,263.41,0.0,1,1.17,0.92,SPY190418P00218000,218.0,0,0.0,0.0,,0.0,normalDay
2019-01-30,213.0,51.0,0.0,0,267.58,0.0,1,1.17,0.66,SPY190418P00218000,218.0,0,0.0,0.0,,0.0,normalDay
2019-01-31,213.0,65.0,0.0,0,269.93,0.0,1,1.17,0.52,SPY190418P00218000,218.0,0,0.0,0.0,,0.0,normalDay
2019-02-01,213.0,69.0,0.0,0,270.06,0.0,1,1.17,0.48,SPY190418P00218000,218.0,0,0.0,0.0,,0.0,normalDay
2019-02-04,213.0,77.0,0.0,0,271.96,0.0,1,1.17,0.4,SPY190418P00218000,218.0,0,0.0,0.0,,0.0,normalDay
2019-02-05,213.0,78.0,0.0,0,273.1,0.0,1,1.17,0.39,SPY190418P00218000,218.0,0,0.0,0.0,,0.0,normalDay
2019-02-06,213.0,79.0,0.0,0,272.74,0.0,1,1.17,0.38,SPY190418P00218000,218.0,0,0.0,0.0,,0.0,normalDay
2019-02-07,213.0,73.0,0.0,0,270.14,0.0,1,1.17,0.44,SPY190418P00218000,218.0,0,0.0,0.0,,0.0,normalDay
2019-02-08,213.0,77.0,0.0,0,270.47,0.0,1,1.17,0.4,SPY190418P00218000,218.0,0,0.0,0.0,,0.0,normalDay
2019-02-11,213.0,81.0,0.0,0,270.62,0.0,1,1.17,0.36,SPY190418P00218000,218.0,0,0.0,0.0,,0.0,normalDay
2019-02-12,213.0,86.0,0.0,0,274.1,0.0,1,1.17,0.31,SPY190418P00218000,218.0,0,0.0,0.0,,0.0,normalDay
2019-02-13,213.0,87.0,0.0,0,274.99,0.0,1,1.17,0.3,SPY190418P00218000,218.0,0,0.0,0.0,,0.0,normalDay
2019-02-14,213.0,85.0,0.0,0,274.38,0.0,1,1.17,0.32,SPY190418P00218000,218.0,0,0.0,0.0,,0.0,normalDay
2019-02-15,213.0,91.0,0.0,0,277.37,0.0,1,1.17,0.26,SPY190418P00218000,218.0,0,0.0,0.0,,0.0,normalDay
2019-02-19,213.0,94.0,0.0,0,277.85,0.0,1,1.17,0.23,SPY190418P00218000,218.0,0,0.0,0.0,,0.0,normalDay
2019-02-20,213.0,98.0,0.0,0,278.41,0.0,1,1.17,0.19,SPY190418P00218000,218.0,0,0.0,0.0,,0.0,normalDay
2019-02-21,213.0,97.0,0.0,0,277.42,0.0,1,1.17,0.2,SPY190418P00218000,218.0,0,0.0,0.0,,0.0,normalDay
2019-02-22,213.0,100.0,0.0,0,279.14,0.0,1,1.17,0.17,SPY190418P00218000,218.0,0,0.0,0.0,,0.0,normalDay
2019-02-25,213.0,97.0,0.0,0,279.52,0.0,1,1.17,0.2,SPY190418P00218000,218.0,0,0.0,0.0,,0.0,normalDay
2019-02-26,213.0,99.0,0.0,0,279.32,0.0,1,1.17,0.18,SPY190418P00218000,218.0,0,0.0,0.0,,0.0,normalDay
2019-02-27,213.0,100.0,0.0,0,279.2,0.0,1,1.17,0.17,SPY190418P00218000,218.0,0,0.0,0.0,,0.0,normalDay
2019-02-28,213.0,98.0,0.0,0,278.68,0.0,1,1.17,0.19,SPY190418P00218000,218.0,0,0.0,0.0,,0.0,normalDay
2019-03-01,213.0,103.0,0.0,0,280.42,0.0,1,1.17,0.14,SPY190418P00218000,218.0,0,0.0,0.0,,0.0,normalDay
2019-03-04,213.0,103.0,0.0,0,279.4,0.0,1,1.17,0.14,SPY190418P00218000,218.0,0,0.0,0.0,,0.0,normalDay
2019-03-05,213.0,102.0,0.0,0,279.02,0.0,1,1.17,0.15,SPY190418P00218000,218.0,0,0.0,0.0,,0.0,normalDay
2019-03-06,213.0,101.0,0.0,0,277.33,0.0,1,1.17,0.16,SPY190418P00218000,218.0,0,0.0,0.0,,0.0,normalDay
2019-03-07,213.0,99.0,0.0,0,275.01,0.0,1,1.17,0.18,SPY190418P00218000,218.0,0,0.0,0.0,,0.0,normalDay
2019-03-08,213.0,100.0,0.0,0,274.46,0.0,1,1.17,0.17,SPY190418P00218000,218.0,0,0.0,0.0,,0.0,normalDay
2019-03-11,213.0,107.0,0.0,0,278.44,0.0,1,1.17,0.1,SPY190418P00218000,218.0,0,0.0,0.0,,0.0,normalDay
2019-03-12,213.0,108.0,0.0,0,279.49,0.0,1,1.17,0.09,SPY190418P00218000,218.0,0,0.0,0.0,,0.0,normalDay
2019-03-13,213.0,109.0,0.0,0,281.34,0.0,1,1.17,0.08,SPY190418P00218000,218.0,0,0.0,0.0,,0.0,normalDay
2019-03-14,213.0,110.0,0.0,0,281.16,0.0,1,1.17,0.07,SPY190418P00218000,218.0,0,0.0,0.0,,0.0,normalDay
2019-03-15,213.0,111.0,0.0,0,281.31,0.0,1,1.17,0.06,SPY190418P00218000,218.0,0,0.0,0.0,,0.0,normalDay
2019-03-18,213.0,112.0,0.0,0,282.33,0.0,1,1.17,0.05,SPY190418P00218000,218.0,0,0.0,0.0,,0.0,normalDay
2019-03-19,213.0,112.0,0.0,0,282.4,0.0,1,1.17,0.05,SPY190418P00218000,218.0,0,0.0,0.0,,0.0,normalDay
2019-03-20,213.0,112.0,0.0,0,281.55,0.0,1,1.17,0.05,SPY190418P00218000,218.0,0,0.0,0.0,,0.0,normalDay
2019-03-21,213.0,113.0,0.0,0,284.73,0.0,1,1.17,0.04,SPY190418P00218000,218.0,0,0.0,0.0,,0.0,normalDay
2019-03-22,213.0,112.0,0.0,0,279.25,0.0,1,1.17,0.05,SPY190418P00218000,218.0,0,0.0,0.0,,0.0,normalDay
2019-03-25,213.0,113.0,0.0,0,279.04,0.0,1,1.17,0.04,SPY190418P00218000,218.0,0,0.0,0.0,,0.0,normalDay
2019-03-26,213.0,114.0,0.0,0,281.12,0.0,1,1.17,0.03,SPY190418P00218000,218.0,0,0.0,0.0,,0.0,normalDay
2019-03-27,213.0,114.0,0.0,0,279.65,0.0,1,1.17,0.03,SPY190418P00218000,218.0,0,0.0,0.0,,0.0,normalDay
2019-03-28,213.0,114.0,0.0,0,280.71,0.0,1,1.17,0.03,SPY190418P00218000,218.0,0,0.0,0.0,,0.0,normalDay
2019-03-29,213.0,114.0,0.0,0,282.48,0.0,1,1.17,0.03,SPY190418P00218000,218.0,0,0.0,0.0,,0.0,normalDay
2019-04-01,213.0,115.0,0.0,0,285.83,0.0,1,1.17,0.02,SPY190418P00218000,218.0,0,0.0,0.0,,0.0,normalDay
2019-04-02,213.0,115.0,0.0,0,285.97,0.0,1,1.17,0.02,SPY190418P00218000,218.0,0,0.0,0.0,,0.0,normalDay
2019-04-03,213.0,115.0,0.0,0,286.42,0.0,1,1.17,0.02,SPY190418P00218000,218.0,0,0.0,0.0,,0.0,normalDay
2019-04-04,213.0,116.0,0.0,0,287.18,0.0,1,1.17,0.01,SPY190418P00218000,218.0,0,0.0,0.0,,0.0,normalDay
2019-04-05,213.0,116.0,0.0,0,288.57,0.0,1,1.17,0.01,SPY190418P00218000,218.0,0,0.0,0.0,,0.0,normalDay
2019-04-08,213.0,116.0,0.0,0,288.79,0.0,1,1.17,0.01,SPY190418P00218000,218.0,0,0.0,0.0,,0.0,normalDay
2019-04-09,213.0,116.0,0.0,0,287.31,0.0,1,1.17,0.01,SPY190418P00218000,218.0,0,0.0,0.0,,0.0,normalDay
2019-04-10,213.0,116.0,0.0,0,288.29,0.0,1,1.17,0.01,SPY190418P00218000,218.0,0,0.0,0.0,,0.0,normalDay
2019-04-11,213.0,116.0,0.0,0,288.21,0.0,1,1.17,0.01,SPY190418P00218000,218.0,0,0.0,0.0,,0.0,normalDay
2019-04-12,213.0,116.0,0.0,0,290.16,0.0,1,1.17,0.01,SPY190418P00218000,218.0,0,0.0,0.0,,0.0,normalDay
2019-04-15,213.0,116.0,0.0,0,289.97,0.0,1,1.17,0.01,SPY190418P00218000,218.0,0,0.0,0.0,,0.0,normalDay
2019-04-16,213.0,116.0,0.0,0,290.16,0.0,1,1.17,0.01,SPY190418P00218000,218.0,0,0.0,0.0,,0.0,normalDay
2019-04-17,213.0,116.0,0.0,0,289.45,0.0,1,1.17,0.01,SPY190418P00218000,218.0,0,0.0,0.0,,0.0,normalDay
2019-04-18,330.0,0.0,117.0,0,290.02,0.0,1,1.17,0.0,SPY190418P00218000,218.0,0,0.0,0.0,,0.0,expirationDay
2019-04-22,330.0,-3.0,0.0,0,290.27,0.0,1,1.57,1.6,SPY190628P00270000,270.0,0,0.0,0.0,,0.0,normalDay
2019-04-23,330.0,20.0,0.0,0,292.88,0.0,1,1.57,1.37,SPY190628P00270000,270.0,0,0.0,0.0,,0.0,normalDay
2019-04-24,330.0,7.0,0.0,0,292.23,0.0,1,1.57,1.5,SPY190628P00270000,270.0,0,0.0,0.0,,0.0,normalDay
2019-04-25,330.0,2.0,0.0,0,292.05,0.0,1,1.57,1.55,SPY190628P00270000,270.0,0,0.0,0.0,,0.0,normalDay
2019-04-26,330.0,22.0,0.0,0,293.41,0.0,1,1.57,1.35,SPY190628P00270000,270.0,0,0.0,0.0,,0.0,normalDay
2019-04-29,330.0,28.0,0.0,0,293.87,0.0,1,1.57,1.29,SPY190628P00270000,270.0,0,0.0,0.0,,0.0,normalDay
2019-04-30,330.0,31.0,0.0,0,294.02,0.0,1,1.57,1.26,SPY190628P00270000,270.0,0,0.0,0.0,,0.0,normalDay
2019-05-01,330.0,-4.0,0.0,0,291.81,0.0,1,1.57,1.61,SPY190628P00270000,270.0,0,0.0,0.0,,0.0,normalDay
2019-05-02,330.0,-6.0,0.0,0,291.18,0.0,1,1.57,1.63,SPY190628P00270000,270.0,0,0.0,0.0,,0.0,normalDay
2019-05-03,330.0,41.0,0.0,0,294.03,0.0,1,1.57,1.16,SPY190628P00270000,270.0,0,0.0,0.0,,0.0,normalDay
2019-05-06,330.0,5.0,0.0,0,292.82,0.0,1,1.57,1.52,SPY190628P00270000,270.0,0,0.0,0.0,,0.0,normalDay
2019-05-07,330.0,-122.0,0.0,0,287.93,0.0,1,1.57,2.79,SPY190628P00270000,270.0,0,0.0,0.0,,0.0,normalDay
2019-05-08,330.0,-121.0,0.0,0,287.53,0.0,1,1.57,2.78,SPY190628P00270000,270.0,0,0.0,0.0,,0.0,normalDay
2019-05-09,330.0,-117.0,0.0,0,286.66,0.0,1,1.57,2.74,SPY190628P00270000,270.0,0,0.0,0.0,,0.0,normalDay
2019-05-10,330.0,-45.0,0.0,0,288.1,0.0,1,1.57,2.02,SPY190628P00270000,270.0,0,0.0,0.0,,0.0,normalDay
2019-05-13,330.0,-244.0,0.0,0,280.86,0.0,1,1.57,4.01,SPY190628P00270000,270.0,0,0.0,0.0,,0.0,normalDay
2019-05-14,330.0,-140.0,0.0,0,283.4,0.0,1,1.57,2.97,SPY190628P00270000,270.0,0,0.0,0.0,,0.0,normalDay
2019-05-15,330.0,-65.0,0.0,0,285.06,0.0,1,1.57,2.22,SPY190628P00270000,270.0,0,0.0,0.0,,0.0,normalDay
2019-05-16,330.0,-7.0,0.0,0,287.7,0.0,1,1.57,1.64,SPY190628P00270000,270.0,0,0.0,0.0,,0.0,normalDay
2019-05-17,330.0,-39.0,0.0,0,285.84,0.0,1,1.57,1.96,SPY190628P00270000,270.0,0,0.0,0.0,,0.0,normalDay
2019-05-20,330.0,-54.0,0.0,0,283.95,0.0,1,1.57,2.11,SPY190628P00270000,270.0,0,0.0,0.0,,0.0,normalDay
2019-05-21,330.0,10.0,0.0,0,286.51,0.0,1,1.57,1.47,SPY190628P00270000,270.0,0,0.0,0.0,,0.0,normalDay
2019-05-22,330.0,4.0,0.0,0,285.63,0.0,1,1.57,1.53,SPY190628P00270000,270.0,0,0.0,0.0,,0.0,normalDay
2019-05-23,330.0,-83.0,0.0,0,282.14,0.0,1,1.57,2.4,SPY190628P00270000,270.0,0,0.0,0.0,,0.0,normalDay
2019-05-24,330.0,-43.0,0.0,0,282.78,0.0,1,1.57,2.0,SPY190628P00270000,270.0,0,0.0,0.0,,0.0,normalDay
2019-05-28,330.0,-87.0,0.0,0,280.15,0.0,1,1.57,2.44,SPY190628P00270000,270.0,0,0.0,0.0,,0.0,normalDay
2019-05-29,330.0,-130.0,0.0,0,278.27,0.0,1,1.57,2.87,SPY190628P00270000,270.0,0,0.0,0.0,,0.0,normalDay
2019-05-30,330.0,-93.0,0.0,0,279.03,0.0,1,1.57,2.5,SPY190628P00270000,270.0,0,0.0,0.0,,0.0,normalDay
2019-05-31,330.0,-214.0,0.0,0,275.27,0.0,1,1.57,3.71,SPY190628P00270000,270.0,0,0.0,0.0,,0.0,normalDay
2019-06-03,330.0,-203.0,0.0,0,274.57,0.0,1,1.57,3.6,SPY190628P00270000,270.0,0,0.0,0.0,,0.0,normalDay
2019-06-04,330.0,-17.0,0.0,0,280.53,0.0,1,1.57,1.74,SPY190628P00270000,270.0,0,0.0,0.0,,0.0,normalDay
2019-06-05,330.0,47.0,0.0,0,282.96,0.0,1,1.57,1.1,SPY190628P00270000,270.0,0,0.0,0.0,,0.0,normalDay
2019-06-06,330.0,70.0,0.0,0,284.8,0.0,1,1.57,0.87,SPY190628P00270000,270.0,0,0.0,0.0,,0.0,normalDay
2019-06-07,330.0,88.0,0.0,0,287.65,0.0,1,1.57,0.69,SPY190628P00270000,270.0,0,0.0,0.0,,0.0,normalDay
2019-06-10,330.0,111.0,0.0,0,288.97,0.0,1,1.57,0.46,SPY190628P00270000,270.0,0,0.0,0.0,,0.0,normalDay
2019-06-11,330.0,113.0,0.0,0,288.9,0.0,1,1.57,0.44,SPY190628P00270000,270.0,0,0.0,0.0,,0.0,normalDay
2019-06-12,330.0,115.0,0.0,0,288.39,0.0,1,1.57,0.42,SPY190628P00270000,270.0,0,0.0,0.0,,0.0,normalDay
2019-06-13,330.0,126.0,0.0,0,289.58,0.0,1,1.57,0.31,SPY190628P00270000,270.0,0,0.0,0.0,,0.0,normalDay
2019-06-14,330.0,135.0,0.0,0,289.26,0.0,1,1.57,0.22,SPY190628P00270000,270.0,0,0.0,0.0,,0.0,normalDay
2019-06-17,330.0,139.0,0.0,0,289.37,0.0,1,1.57,0.18,SPY190628P00270000,270.0,0,0.0,0.0,,0.0,normalDay
2019-06-18,330.0,146.0,0.0,0,292.4,0.0,1,1.57,0.11,SPY190628P00270000,270.0,0,0.0,0.0,,0.0,normalDay
2019-06-19,330.0,150.0,0.0,0,293.06,0.0,1,1.57,0.07,SPY190628P00270000,270.0,0,0.0,0.0,,0.0,normalDay
2019-06-20,330.0,150.0,0.0,0,295.86,0.0,1,1.57,0.07,SPY190628P00270000,270.0,0,0.0,0.0,,0.0,normalDay
2019-06-21,330.0,151.0,0.0,0,294.0,0.0,1,1.57,0.06,SPY190628P00270000,270.0,0,0.0,0.0,,0.0,normalDay
2019-06-24,330.0,155.0,0.0,0,293.64,0.0,1,1.57,0.02,SPY190628P00270000,270.0,0,0.0,0.0,,0.0,normalDay
2019-06-25,330.0,155.0,0.0,0,290.76,0.0,1,1.57,0.02,SPY190628P00270000,270.0,0,0.0,0.0,,0.0,normalDay
2019-06-26,330.0,155.0,0.0,0,290.47,0.0,1,1.57,0.02,SPY190628P00270000,270.0,0,0.0,0.0,,0.0,normalDay
2019-06-27,330.0,156.0,0.0,0,291.5,0.0,1,1.57,0.01,SPY190628P00270000,270.0,0,0.0,0.0,,0.0,normalDay
2019-06-28,487.0,0.0,157.0,0,293.0,0.0,1,1.57,0.0,SPY190628P00270000,270.0,0,0.0,0.0,,0.0,expirationDay
2019-07-01,487.0,-4.0,0.0,0,295.66,0.0,1,2.17,2.21,SPY190920P00273000,273.0,0,0.0,0.0,,0.0,normalDay
2019-07-02,487.0,28.0,0.0,0,296.43,0.0,1,2.17,1.89,SPY190920P00273000,273.0,0,0.0,0.0,,0.0,normalDay
2019-07-03,487.0,58.0,0.0,0,298.8,0.0,1,2.17,1.59,SPY190920P00273000,273.0,0,0.0,0.0,,0.0,normalDay
2019-07-05,487.0,48.0,0.0,0,298.46,0.0,1,2.17,1.69,SPY190920P00273000,273.0,0,0.0,0.0,,0.0,normalDay
2019-07-08,487.0,35.0,0.0,0,296.82,0.0,1,2.17,1.82,SPY190920P00273000,273.0,0,0.0,0.0,,0.0,normalDay
2019-07-09,487.0,33.0,0.0,0,297.19,0.0,1,2.17,1.84,SPY190920P00273000,273.0,0,0.0,0.0,,0.0,normalDay
2019-07-10,487.0,62.0,0.0,0,298.61,0.0,1,2.17,1.55,SPY190920P00273000,273.0,0,0.0,0.0,,0.0,normalDay
2019-07-11,487.0,71.0,0.0,0,299.31,0.0,1,2.17,1.46,SPY190920P00273000,273.0,0,0.0,0.0,,0.0,normalDay
2019-07-12,487.0,89.0,0.0,0,300.65,0.0,1,2.17,1.28,SPY190920P00273000,273.0,0,0.0,0.0,,0.0,normalDay
2019-07-15,487.0,91.0,0.0,0,300.75,0.0,1,2.17,1.26,SPY190920P00273000,273.0,0,0.0,0.0,,0.0,normalDay
2019-07-16,487.0,84.0,0.0,0,299.78,0.0,1,2.17,1.33,SPY190920P00273000,273.0,0,0.0,0.0,,0.0,normalDay
2019-07-17,487.0,58.0,0.0,0,297.74,0.0,1,2.17,1.59,SPY190920P00273000,273.0,0,0.0,0.0,,0.0,normalDay
2019-07-18,487.0,76.0,0.0,0,298.83,0.0,1,2.17,1.41,SPY190920P00273000,273.0,0,0.0,0.0,,0.0,normalDay
2019-07-19,487.0,59.0,0.0,0,297.17,0.0,1,2.17,1.58,SPY190920P00273000,273.0,0,0.0,0.0,,0.0,normalDay
2019-07-22,487.0,84.0,0.0,0,297.9,0.0,1,2.17,1.33,SPY190920P00273000,273.0,0,0.0,0.0,,0.0,normalDay
2019-07-23,487.0,112.0,0.0,0,300.03,0.0,1,2.17,1.05,SPY190920P00273000,273.0,0,0.0,0.0,,0.0,normalDay
2019-07-24,487.0,128.0,0.0,0,301.44,0.0,1,2.17,0.89,SPY190920P00273000,273.0,0,0.0,0.0,,0.0,normalDay
2019-07-25,487.0,114.0,0.0,0,300.0,0.0,1,2.17,1.03,SPY190920P00273000,273.0,0,0.0,0.0,,0.0,normalDay
2019-07-26,487.0,132.0,0.0,0,302.01,0.0,1,2.17,0.85,SPY190920P00273000,273.0,0,0.0,0.0,,0.0,normalDay
2019-07-29,487.0,132.0,0.0,0,301.46,0.0,1,2.17,0.85,SPY190920P00273000,273.0,0,0.0,0.0,,0.0,normalDay
2019-07-30,487.0,116.0,0.0,0,300.72,0.0,1,2.17,1.01,SPY190920P00273000,273.0,0,0.0,0.0,,0.0,normalDay
2019-07-31,487.0,73.0,0.0,0,297.43,0.0,1,2.17,1.44,SPY190920P00273000,273.0,0,0.0,0.0,,0.0,normalDay
2019-08-01,487.0,18.0,0.0,0,294.84,0.0,1,2.17,1.99,SPY190920P00273000,273.0,0,0.0,0.0,,0.0,normalDay
2019-08-02,487.0,-11.0,0.0,0,292.62,0.0,1,2.17,2.28,SPY190920P00273000,273.0,0,0.0,0.0,,0.0,normalDay
2019-08-05,487.0,-316.0,0.0,0,283.82,0.0,1,2.17,5.33,SPY190920P00273000,273.0,0,0.0,0.0,,0.0,normalDay
2019-08-06,487.0,-121.0,0.0,0,287.8,0.0,1,2.17,3.38,SPY190920P00273000,273.0,0,0.0,0.0,,0.0,normalDay
2019-08-07,487.0,-108.0,0.0,0,287.97,0.0,1,2.17,3.25,SPY190920P00273000,273.0,0,0.0,0.0,,0.0,normalDay
2019-08-08,487.0,28.0,0.0,0,293.62,0.0,1,2.17,1.89,SPY190920P00273000,273.0,0,0.0,0.0,,0.0,normalDay
2019-08-09,487.0,-7.0,0.0,0,291.62,0.0,1,2.17,2.24,SPY190920P00273000,273.0,0,0.0,0.0,,0.0,normalDay
2019-08-12,487.0,-116.0,0.0,0,288.07,0.0,1,2.17,3.33,SPY190920P00273000,273.0,0,0.0,0.0,,0.0,normalDay
2019-08-13,487.0,26.0,0.0,0,292.55,0.0,1,2.17,1.91,SPY190920P00273000,273.0,0,0.0,0.0,,0.0,normalDay
2019-08-14,487.0,-200.0,0.0,0,283.9,0.0,1,2.17,4.17,SPY190920P00273000,273.0,0,0.0,0.0,,0.0,normalDay
2019-08-15,487.0,-156.0,0.0,0,284.65,0.0,1,2.17,3.73,SPY190920P00273000,273.0,0,0.0,0.0,,0.0,normalDay
2019-08-16,487.0,-13.0,0.0,0,288.85,0.0,1,2.17,2.3,SPY190920P00273000,273.0,0,0.0,0.0,,0.0,normalDay
2019-08-19,487.0,80.0,0.0,0,292.33,0.0,1,2.17,1.37,SPY190920P00273000,273.0,0,0.0,0.0,,0.0,normalDay
2019-08-20,487.0,48.0,0.0,0,290.09,0.0,1,2.17,1.69,SPY190920P00273000,273.0,0,0.0,0.0,,0.0,normalDay
2019-08-21,487.0,115.0,0.0,0,292.45,0.0,1,2.17,1.02,SPY190920P00273000,273.0,0,0.0,0.0,,0.0,normalDay
2019-08-22,487.0,102.0,0.0,0,292.36,0.0,1,2.17,1.15,SPY190920P00273000,273.0,0,0.0,0.0,,0.0,normalDay
2019-08-23,487.0,-31.0,0.0,0,284.85,0.0,1,2.17,2.48,SPY190920P00273000,273.0,0,0.0,0.0,,0.0,normalDay
2019-08-26,487.0,38.0,0.0,0,288.0,0.0,1,2.17,1.79,SPY190920P00273000,273.0,0,0.0,0.0,,0.0,normalDay
2019-08-27,487.0,8.0,0.0,0,286.87,0.0,1,2.17,2.09,SPY190920P00273000,273.0,0,0.0,0.0,,0.0,normalDay
2019-08-28,487.0,62.0,0.0,0,288.89,0.0,1,2.17,1.55,SPY190920P00273000,273.0,0,0.0,0.0,,0.0,normalDay
2019-08-29,487.0,117.0,0.0,0,292.58,0.0,1,2.17,1.0,SPY190920P00273000,273.0,0,0.0,0.0,,0.0,normalDay
2019-08-30,487.0,112.0,0.0,0,292.45,0.0,1,2.17,1.05,SPY190920P00273000,273.0,0,0.0,0.0,,0.0,normalDay
2019-09-03,487.0,115.0,0.0,0,290.74,0.0,1,2.17,1.02,SPY190920P00273000,273.0,0,0.0,0.0,,0.0,normalDay
2019-09-04,487.0,170.0,0.0,0,294.04,0.0,1,2.17,0.47,SPY190920P00273000,273.0,0,0.0,0.0,,0.0,normalDay
2019-09-05,487.0,189.0,0.0,0,297.82,0.0,1,2.17,0.28,SPY190920P00273000,273.0,0,0.0,0.0,,0.0,normalDay
2019-09-06,487.0,201.0,0.0,0,298.05,0.0,1,2.17,0.16,SPY190920P00273000,273.0,0,0.0,0.0,,0.0,normalDay
2019-09-09,487.0,204.0,0.0,0,298.2,0.0,1,2.17,0.13,SPY190920P00273000,273.0,0,0.0,0.0,,0.0,normalDay
2019-09-10,487.0,205.0,0.0,0,298.13,0.0,1,2.17,0.12,SPY190920P00273000,273.0,0,0.0,0.0,,0.0,normalDay
2019-09-11,487.0,209.0,0.0,0,300.25,0.0,1,2.17,0.08,SPY190920P00273000,273.0,0,0.0,0.0,,0.0,normalDay
2019-09-12,487.0,210.0,0.0,0,301.29,0.0,1,2.17,0.07,SPY190920P00273000,273.0,0,0.0,0.0,,0.0,normalDay
2019-09-13,487.0,211.0,0.0,0,301.09,0.0,1,2.17,0.06,SPY190920P00273000,273.0,0,0.0,0.0,,0.0,normalDay
2019-09-16,487.0,212.0,0.0,0,300.16,0.0,1,2.17,0.05,SPY190920P00273000,273.0,0,0.0,0.0,,0.0,normalDay
2019-09-17,487.0,213.0,0.0,0,300.92,0.0,1,2.17,0.04,SPY190920P00273000,273.0,0,0.0,0.0,,0.0,normalDay
2019-09-18,487.0,214.0,0.0,0,301.1,0.0,1,2.17,0.03,SPY190920P00273000,273.0,0,0.0,0.0,,0.0,normalDay
2019-09-19,487.0,215.0,0.0,0,301.08,0.0,1,2.17,0.02,SPY190920P00273000,273.0,0,0.0,0.0,,0.0,normalDay
2019-09-20,704.0,0.0,217.0,0,298.28,0.0,1,2.17,0.0,SPY190920P00273000,273.0,0,0.0,0.0,,0.0,expirationDay
2019-09-23,704.0,-4.0,0.0,0,298.21,0.0,1,1.66,1.7,SPY191115P00276000,276.0,0,0.0,0.0,,0.0,normalDay
2019-09-24,704.0,-55.0,0.0,0,295.87,0.0,1,1.66,2.21,SPY191115P00276000,276.0,0,0.0,0.0,,0.0,normalDay
2019-09-25,704.0,-21.0,0.0,0,297.62,0.0,1,1.66,1.87,SPY191115P00276000,276.0,0,0.0,0.0,,0.0,normalDay
2019-09-26,704.0,-19.0,0.0,0,297.0,0.0,1,1.66,1.85,SPY191115P00276000,276.0,0,0.0,0.0,,0.0,normalDay
2019-09-27,704.0,-55.0,0.0,0,295.4,0.0,1,1.66,2.21,SPY191115P00276000,276.0,0,0.0,0.0,,0.0,normalDay
2019-09-30,704.0,-7.0,0.0,0,296.77,0.0,1,1.66,1.73,SPY191115P00276000,276.0,0,0.0,0.0,,0.0,normalDay
2019-10-01,704.0,-84.0,0.0,0,293.24,0.0,1,1.66,2.5,SPY191115P00276000,276.0,0,0.0,0.0,,0.0,normalDay
2019-10-02,704.0,-229.0,0.0,0,288.06,0.0,1,1.66,3.95,SPY191115P00276000,276.0,0,0.0,0.0,,0.0,normalDay
2019-10-03,704.0,-138.0,0.0,0,290.42,0.0,1,1.66,3.04,SPY191115P00276000,276.0,0,0.0,0.0,,0.0,normalDay
2019-10-04,704.0,-33.0,0.0,0,294.35,0.0,1,1.66,1.99,SPY191115P00276000,276.0,0,0.0,0.0,,0.0,normalDay
2019-10-07,704.0,-49.0,0.0,0,293.08,0.0,1,1.66,2.15,SPY191115P00276000,276.0,0,0.0,0.0,,0.0,normalDay
2019-10-08,704.0,-165.0,0.0,0,288.53,0.0,1,1.66,3.31,SPY191115P00276000,276.0,0,0.0,0.0,,0.0,normalDay
2019-10-09,704.0,-73.0,0.0,0,291.27,0.0,1,1.66,2.39,SPY191115P00276000,276.0,0,0.0,0.0,,0.0,normalDay
2019-10-10,704.0,-13.0,0.0,0,293.24,0.0,1,1.66,1.79,SPY191115P00276000,276.0,0,0.0,0.0,,0.0,normalDay
2019-10-11,704.0,63.0,0.0,0,296.28,0.0,1,1.66,1.03,SPY191115P00276000,276.0,0,0.0,0.0,,0.0,normalDay
2019-10-14,704.0,83.0,0.0,0,295.95,0.0,1,1.66,0.83,SPY191115P00276000,276.0,0,0.0,0.0,,0.0,normalDay
2019-10-15,704.0,116.0,0.0,0,298.88,0.0,1,1.66,0.5,SPY191115P00276000,276.0,0,0.0,0.0,,0.0,normalDay
2019-10-16,704.0,116.0,0.0,0,298.4,0.0,1,1.66,0.5,SPY191115P00276000,276.0,0,0.0,0.0,,0.0,normalDay
2019-10-17,704.0,121.0,0.0,0,299.28,0.0,1,1.66,0.45,SPY191115P00276000,276.0,0,0.0,0.0,,0.0,normalDay
2019-10-18,704.0,115.0,0.0,0,297.97,0.0,1,1.66,0.51,SPY191115P00276000,276.0,0,0.0,0.0,,0.0,normalDay
2019-10-21,704.0,133.0,0.0,0,299.99,0.0,1,1.66,0.33,SPY191115P00276000,276.0,0,0.0,0.0,,0.0,normalDay
2019-10-22,704.0,130.0,0.0,0,299.01,0.0,1,1.66,0.36,SPY191115P00276000,276.0,0,0.0,0.0,,0.0,normalDay
2019-10-23,704.0,138.0,0.0,0,299.88,0.0,1,1.66,0.28,SPY191115P00276000,276.0,0,0.0,0.0,,0.0,normalDay
2019-10-24,704.0,143.0,0.0,0,300.37,0.0,1,1.66,0.23,SPY191115P00276000,276.0,0,0.0,0.0,,0.0,normalDay
2019-10-25,704.0,150.0,0.0,0,301.6,0.0,1,1.66,0.16,SPY191115P00276000,276.0,0,0.0,0.0,,0.0,normalDay
2019-10-28,704.0,153.0,0.0,0,303.3,0.0,1,1.66,0.13,SPY191115P00276000,276.0,0,0.0,0.0,,0.0,normalDay
2019-10-29,704.0,154.0,0.0,0,303.21,0.0,1,1.66,0.12,SPY191115P00276000,276.0,0,0.0,0.0,,0.0,normalDay
2019-10-30,704.0,157.0,0.0,0,304.14,0.0,1,1.66,0.09,SPY191115P00276000,276.0,0,0.0,0.0,,0.0,normalDay
2019-10-31,704.0,154.0,0.0,0,303.33,0.0,1,1.66,0.12,SPY191115P00276000,276.0,0,0.0,0.0,,0.0,normalDay
2019-11-01,704.0,160.0,0.0,0,306.14,0.0,1,1.66,0.06,SPY191115P00276000,276.0,0,0.0,0.0,,0.0,normalDay
2019-11-04,704.0,161.0,0.0,0,307.37,0.0,1,1.66,0.05,SPY191115P00276000,276.0,0,0.0,0.0,,0.0,normalDay
2019-11-05,704.0,162.0,0.0,0,307.03,0.0,1,1.66,0.04,SPY191115P00276000,276.0,0,0.0,0.0,,0.0,normalDay
2019-11-06,704.0,163.0,0.0,0,307.1,0.0,1,1.66,0.03,SPY191115P00276000,276.0,0,0.0,0.0,,0.0,normalDay
2019-11-07,704.0,164.0,0.0,0,308.18,0.0,1,1.66,0.02,SPY191115P00276000,276.0,0,0.0,0.0,,0.0,normalDay
2019-11-08,704.0,164.0,0.0,0,308.94,0.0,1,1.66,0.02,SPY191115P00276000,276.0,0,0.0,0.0,,0.0,normalDay
2019-11-11,704.0,165.0,0.0,0,308.35,0.0,1,1.66,0.01,SPY191115P00276000,276.0,0,0.0,0.0,,0.0,normalDay
2019-11-12,704.0,165.0,0.0,0,309.0,0.0,1,1.66,0.01,SPY191115P00276000,276.0,0,0.0,0.0,,0.0,normalDay
2019-11-13,704.0,165.0,0.0,0,309.1,0.0,1,1.66,0.01,SPY191115P00276000,276.0,0,0.0,0.0,,0.0,normalDay
2019-11-14,704.0,165.0,0.0,0,309.55,0.0,1,1.66,0.01,SPY191115P00276000,276.0,0,0.0,0.0,,0.0,normalDay
2019-11-15,870.0,0.0,166.0,0,311.79,0.0,1,1.66,0.0,SPY191115P00276000,276.0,0,0.0,0.0,,0.0,expirationDay
2019-11-18,870.0,-4.0,0.0,0,312.02,0.0,1,1.57,1.61,SPY200117P00289000,289.0,0,0.0,0.0,,0.0,normalDay
2019-11-19,870.0,-12.0,0.0,0,311.93,0.0,1,1.57,1.69,SPY200117P00289000,289.0,0,0.0,0.0,,0.0,normalDay
2019-11-20,870.0,-26.0,0.0,0,310.77,0.0,1,1.57,1.83,SPY200117P00289000,289.0,0,0.0,0.0,,0.0,normalDay
2019-11-21,870.0,-30.0,0.0,0,310.27,0.0,1,1.57,1.87,SPY200117P00289000,289.0,0,0.0,0.0,,0.0,normalDay
2019-11-22,870.0,-7.0,0.0,0,310.96,0.0,1,1.57,1.64,SPY200117P00289000,289.0,0,0.0,0.0,,0.0,normalDay
2019-11-25,870.0,35.0,0.0,0,313.37,0.0,1,1.57,1.22,SPY200117P00289000,289.0,0,0.0,0.0,,0.0,normalDay
2019-11-26,870.0,48.0,0.0,0,314.08,0.0,1,1.57,1.09,SPY200117P00289000,289.0,0,0.0,0.0,,0.0,normalDay
2019-11-27,870.0,58.0,0.0,0,315.48,0.0,1,1.57,0.99,SPY200117P00289000,289.0,0,0.0,0.0,,0.0,normalDay
2019-11-29,870.0,43.0,0.0,0,314.31,0.0,1,1.57,1.14,SPY200117P00289000,289.0,0,0.0,0.0,,0.0,normalDay
2019-12-02,870.0,-3.0,0.0,0,311.64,0.0,1,1.57,1.6,SPY200117P00289000,289.0,0,0.0,0.0,,0.0,normalDay
2019-12-03,870.0,-43.0,0.0,0,309.55,0.0,1,1.57,2.0,SPY200117P00289000,289.0,0,0.0,0.0,,0.0,normalDay
2019-12-04,870.0,-4.0,0.0,0,311.46,0.0,1,1.57,1.61,SPY200117P00289000,289.0,0,0.0,0.0,,0.0,normalDay
2019-12-05,870.0,18.0,0.0,0,312.02,0.0,1,1.57,1.39,SPY200117P00289000,289.0,0,0.0,0.0,,0.0,normalDay
2019-12-06,870.0,53.0,0.0,0,314.87,0.0,1,1.57,1.04,SPY200117P00289000,289.0,0,0.0,0.0,,0.0,normalDay
2019-12-09,870.0,29.0,0.0,0,313.88,0.0,1,1.57,1.28,SPY200117P00289000,289.0,0,0.0,0.0,,0.0,normalDay
2019-12-10,870.0,38.0,0.0,0,313.53,0.0,1,1.57,1.19,SPY200117P00289000,289.0,0,0.0,0.0,,0.0,normalDay
2019-12-11,870.0,57.0,0.0,0,314.42,0.0,1,1.57,1.0,SPY200117P00289000,289.0,0,0.0,0.0,,0.0,normalDay
2019-12-12,870.0,87.0,0.0,0,317.13,0.0,1,1.57,0.7,SPY200117P00289000,289.0,0,0.0,0.0,,0.0,normalDay
2019-12-13,870.0,104.0,0.0,0,317.32,0.0,1,1.57,0.53,SPY200117P00289000,289.0,0,0.0,0.0,,0.0,normalDay
2019-12-16,870.0,119.0,0.0,0,319.5,0.0,1,1.57,0.38,SPY200117P00289000,289.0,0,0.0,0.0,,0.0,normalDay
2019-12-17,870.0,119.0,0.0,0,319.57,0.0,1,1.57,0.38,SPY200117P00289000,289.0,0,0.0,0.0,,0.0,normalDay
2019-12-18,870.0,120.0,0.0,0,319.59,0.0,1,1.57,0.37,SPY200117P00289000,289.0,0,0.0,0.0,,0.0,normalDay
2019-12-19,870.0,124.0,0.0,0,320.9,0.0,1,1.57,0.33,SPY200117P00289000,289.0,0,0.0,0.0,,0.0,normalDay
2019-12-20,870.0,125.0,0.0,0,320.73,0.0,1,1.57,0.32,SPY200117P00289000,289.0,0,0.0,0.0,,0.0,normalDay
2019-12-23,870.0,129.0,0.0,0,321.22,0.0,1,1.57,0.28,SPY200117P00289000,289.0,0,0.0,0.0,,0.0,normalDay
2019-12-24,870.0,131.0,0.0,0,321.23,0.0,1,1.57,0.26,SPY200117P00289000,289.0,0,0.0,0.0,,0.0,normalDay
2019-12-26,870.0,138.0,0.0,0,322.94,0.0,1,1.57,0.19,SPY200117P00289000,289.0,0,0.0,0.0,,0.0,normalDay
2019-12-27,870.0,138.0,0.0,0,322.86,0.0,1,1.57,0.19,SPY200117P00289000,289.0,0,0.0,0.0,,0.0,normalDay
2019-12-30,870.0,136.0,0.0,0,321.08,0.0,1,1.57,0.21,SPY200117P00289000,289.0,0,0.0,0.0,,0.0,normalDay
2019-12-31,870.0,139.0,0.0,0,321.86,0.0,1,1.57,0.18,SPY200117P00289000,289.0,0,0.0,0.0,,0.0,normalDay
2020-01-02,870.0,150.0,0.0,0,324.87,0.0,1,1.57,0.07,SPY200117P00289000,289.0,0,0.0,0.0,,0.0,normalDay
2020-01-03,870.0,147.0,0.0,0,322.41,0.0,1,1.57,0.1,SPY200117P00289000,289.0,0,0.0,0.0,,0.0,normalDay
2020-01-06,870.0,152.0,0.0,0,323.64,0.0,1,1.57,0.05,SPY200117P00289000,289.0,0,0.0,0.0,,0.0,normalDay
2020-01-07,870.0,153.0,0.0,0,322.73,0.0,1,1.57,0.04,SPY200117P00289000,289.0,0,0.0,0.0,,0.0,normalDay
2020-01-08,870.0,152.0,0.0,0,324.45,0.0,1,1.57,0.05,SPY200117P00289000,289.0,0,0.0,0.0,,0.0,normalDay
2020-01-09,870.0,154.0,0.0,0,326.65,0.0,1,1.57,0.03,SPY200117P00289000,289.0,0,0.0,0.0,,0.0,normalDay
2020-01-10,870.0,155.0,0.0,0,325.71,0.0,1,1.57,0.02,SPY200117P00289000,289.0,0,0.0,0.0,,0.0,normalDay
2020-01-13,870.0,156.0,0.0,0,327.95,0.0,1,1.57,0.01,SPY200117P00289000,289.0,0,0.0,0.0,,0.0,normalDay
2020-01-14,870.0,156.0,0.0,0,327.45,0.0,1,1.57,0.01,SPY200117P00289000,289.0,0,0.0,0.0,,0.0,normalDay
2020-01-15,870.0,156.0,0.0,0,328.19,0.0,1,1.57,0.01,SPY200117P00289000,289.0,0,0.0,0.0,,0.0,normalDay
2020-01-16,870.0,156.0,0.0,0,330.92,0.0,1,1.57,0.01,SPY200117P00289000,289.0,0,0.0,0.0,,0.0,normalDay
2020-01-17,1027.0,0.0,157.0,0,331.95,0.0,1,1.57,0.0,SPY200117P00289000,289.0,0,0.0,0.0,,0.0,expirationDay
2020-01-21,1027.0,-4.0,0.0,0,331.3,0.0,1,2.98,3.02,SPY200417P00310000,310.0,0,0.0,0.0,,0.0,normalDay
2020-01-22,1027.0,-5.0,0.0,0,331.34,0.0,1,2.98,3.03,SPY200417P00310000,310.0,0,0.0,0.0,,0.0,normalDay
2020-01-23,1027.0,0.0,0.0,0,331.72,0.0,1,2.98,2.98,SPY200417P00310000,310.0,0,0.0,0.0,,0.0,normalDay
2020-01-24,1027.0,-77.0,0.0,0,328.77,0.0,1,2.98,3.75,SPY200417P00310000,310.0,0,0.0,0.0,,0.0,normalDay
2020-01-27,1027.0,-269.0,0.0,0,323.5,0.0,1,2.98,5.67,SPY200417P00310000,310.0,0,0.0,0.0,,0.0,normalDay
2020-01-28,1027.0,-135.0,0.0,0,326.89,0.0,1,2.98,4.33,SPY200417P00310000,310.0,0,0.0,0.0,,0.0,normalDay
2020-01-29,1027.0,-137.0,0.0,0,326.62,0.0,1,2.98,4.35,SPY200417P00310000,310.0,0,0.0,0.0,,0.0,normalDay
2020-01-30,1027.0,-80.0,0.0,0,327.68,0.0,1,2.98,3.78,SPY200417P00310000,310.0,0,0.0,0.0,,0.0,normalDay
2020-01-31,1027.0,-280.0,0.0,0,321.73,0.0,1,2.98,5.78,SPY200417P00310000,310.0,0,0.0,0.0,,0.0,normalDay
2020-02-03,1027.0,-204.0,0.0,0,324.12,0.0,1,2.98,5.02,SPY200417P00310000,310.0,0,0.0,0.0,,0.0,normalDay
2020-02-04,1027.0,-43.0,0.0,0,329.06,0.0,1,2.98,3.41,SPY200417P00310000,310.0,0,0.0,0.0,,0.0,normalDay
2020-02-05,1027.0,34.0,0.0,0,332.86,0.0,1,2.98,2.64,SPY200417P00310000,310.0,0,0.0,0.0,,0.0,normalDay
2020-02-06,1027.0,50.0,0.0,0,333.98,0.0,1,2.98,2.48,SPY200417P00310000,310.0,0,0.0,0.0,,0.0,normalDay
2020-02-07,1027.0,21.0,0.0,0,332.2,0.0,1,2.98,2.77,SPY200417P00310000,310.0,0,0.0,0.0,,0.0,normalDay
2020-02-10,1027.0,65.0,0.0,0,334.68,0.0,1,2.98,2.33,SPY200417P00310000,310.0,0,0.0,0.0,,0.0,normalDay
2020-02-11,1027.0,75.0,0.0,0,335.26,0.0,1,2.98,2.23,SPY200417P00310000,310.0,0,0.0,0.0,,0.0,normalDay
2020-02-12,1027.0,118.0,0.0,0,337.42,0.0,1,2.98,1.8,SPY200417P00310000,310.0,0,0.0,0.0,,0.0,normalDay
2020-02-13,1027.0,111.0,0.0,0,337.06,0.0,1,2.98,1.87,SPY200417P00310000,310.0,0,0.0,0.0,,0.0,normalDay
2020-02-14,1027.0,125.0,0.0,0,337.6,0.0,1,2.98,1.73,SPY200417P00310000,310.0,0,0.0,0.0,,0.0,normalDay
2020-02-18,1027.0,116.0,0.0,0,336.73,0.0,1,2.98,1.82,SPY200417P00310000,310.0,0,0.0,0.0,,0.0,normalDay
2020-02-19,1027.0,141.0,0.0,0,338.34,0.0,1,2.98,1.57,SPY200417P00310000,310.0,0,0.0,0.0,,0.0,normalDay
2020-02-20,1027.0,113.0,0.0,0,336.95,0.0,1,2.98,1.85,SPY200417P00310000,310.0,0,0.0,0.0,,0.0,normalDay
2020-02-21,1027.0,44.0,0.0,0,333.48,0.0,1,2.98,2.54,SPY200417P00310000,310.0,0,0.0,0.0,,0.0,normalDay
2020-02-24,1027.0,-323.0,0.0,0,322.42,0.0,1,2.98,6.21,SPY200417P00310000,310.0,0,0.0,0.0,,0.0,normalDay
2020-02-25,1027.0,-658.0,0.0,0,312.65,0.0,1,2.98,9.56,SPY200417P00310000,310.0,0,0.0,0.0,,0.0,normalDay
2020-02-26,1027.0,-721.0,0.0,0,311.5,0.0,1,2.98,10.19,SPY200417P00310000,310.0,0,0.0,0.0,,0.0,normalDay
2020-02-27,1027.0,-1702.0,0.0,0,297.51,0.0,1,2.98,20.0,SPY200417P00310000,310.0,0,0.0,0.0,,0.0,normalDay
2020-02-28,1027.0,-1786.0,0.0,0,296.26,0.0,1,2.98,20.84,SPY200417P00310000,310.0,0,0.0,0.0,,0.0,normalDay
2020-03-02,1027.0,-900.0,0.0,0,309.09,0.0,1,2.98,11.98,SPY200417P00310000,310.0,0,0.0,0.0,,0.0,normalDay
2020-03-03,1027.0,-1373.0,0.0,0,300.24,0.0,1,2.98,16.71,SPY200417P00310000,310.0,0,0.0,0.0,,0.0,normalDay
2020-03-04,1027.0,-777.0,0.0,0,312.86,0.0,1,2.98,10.75,SPY200417P00310000,310.0,0,0.0,0.0,,0.0,normalDay
2020-03-05,1027.0,-1450.0,0.0,0,302.46,0.0,1,2.98,17.48,SPY200417P00310000,310.0,0,0.0,0.0,,0.0,normalDay
2020-03-06,1027.0,-1806.0,0.0,0,297.46,0.0,1,2.98,21.04,SPY200417P00310000,310.0,0,0.0,0.0,,0.0,normalDay
2020-03-09,1027.0,-3698.0,0.0,0,274.23,0.0,1,2.98,39.96,SPY200417P00310000,310.0,0,0.0,0.0,,0.0,normalDay
2020-03-10,1027.0,-2443.0,0.0,0,288.42,0.0,1,2.98,27.41,SPY200417P00310000,310.0,0,0.0,0.0,,0.0,normalDay
2020-03-11,1027.0,-3616.0,0.0,0,274.36,0.0,1,2.98,39.14,SPY200417P00310000,310.0,0,0.0,0.0,,0.0,normalDay
2020-03-12,1027.0,-6078.0,0.0,0,248.11,0.0,1,2.98,63.76,SPY200417P00310000,310.0,0,0.0,0.0,,0.0,normalDay
2020-03-13,1027.0,-3991.0,0.0,0,269.32,0.0,1,2.98,42.89,SPY200417P00310000,310.0,0,0.0,0.0,,0.0,normalDay
2020-03-16,1027.0,-6609.0,0.0,0,239.85,0.0,1,2.98,69.07,SPY200417P00310000,310.0,0,0.0,0.0,,0.0,normalDay
2020-03-17,1027.0,-5771.0,0.0,0,252.8,0.0,1,2.98,60.69,SPY200417P00310000,310.0,0,0.0,0.0,,0.0,normalDay
2020-03-18,1027.0,-6857.0,0.0,0,240.0,0.0,1,2.98,71.55,SPY200417P00310000,310.0,0,0.0,0.0,,0.0,normalDay
2020-03-19,1027.0,-6864.0,0.0,0,240.51,0.0,1,2.98,71.62,SPY200417P00310000,310.0,0,0.0,0.0,,0.0,normalDay
2020-03-20,1027.0,-7817.0,0.0,0,228.8,0.0,1,2.98,81.15,SPY200417P00310000,310.0,0,0.0,0.0,,0.0,normalDay
2020-03-23,1027.0,-8614.0,0.0,0,222.95,0.0,1,2.98,89.12,SPY200417P00310000,310.0,0,0.0,0.0,,0.0,normalDay
2020-03-24,1027.0,-6500.0,0.0,0,243.15,0.0,1,2.98,67.98,SPY200417P00310000,310.0,0,0.0,0.0,,0.0,normalDay
2020-03-25,1027.0,-6032.0,0.0,0,246.79,0.0,1,2.98,63.3,SPY200417P00310000,310.0,0,0.0,0.0,,0.0,normalDay
2020-03-26,1027.0,-4680.0,0.0,0,261.2,0.0,1,2.98,49.78,SPY200417P00310000,310.0,0,0.0,0.0,,0.0,normalDay
2020-03-27,1027.0,-5456.0,0.0,0,253.42,0.0,1,2.98,57.54,SPY200417P00310000,310.0,0,0.0,0.0,,0.0,normalDay
2020-03-30,1027.0,-4658.0,0.0,0,261.65,0.0,1,2.98,49.56,SPY200417P00310000,310.0,0,0.0,0.0,,0.0,normalDay
2020-03-31,1027.0,-5058.0,0.0,0,257.75,0.0,1,2.98,53.56,SPY200417P00310000,310.0,0,0.0,0.0,,0.0,normalDay
2020-04-01,1027.0,-6138.0,0.0,0,246.15,0.0,1,2.98,64.36,SPY200417P00310000,310.0,0,0.0,0.0,,0.0,normalDay
2020-04-02,1027.0,-5474.0,0.0,0,251.83,0.0,1,2.98,57.72,SPY200417P00310000,310.0,0,0.0,0.0,,0.0,normalDay
2020-04-03,1027.0,-5879.0,0.0,0,248.19,0.0,1,2.98,61.77,SPY200417P00310000,310.0,0,0.0,0.0,,0.0,normalDay
2020-04-06,1027.0,-4212.0,0.0,0,264.86,0.0,1,2.98,45.1,SPY200417P00310000,310.0,0,0.0,0.0,,0.0,normalDay
2020-04-07,1027.0,-4309.0,0.0,0,265.13,0.0,1,2.98,46.07,SPY200417P00310000,310.0,0,0.0,0.0,,0.0,normalDay
2020-04-08,1027.0,-3325.0,0.0,0,274.03,0.0,1,2.98,36.23,SPY200417P00310000,310.0,0,0.0,0.0,,0.0,normalDay
2020-04-09,1027.0,-2915.0,0.0,0,278.2,0.0,1,2.98,32.13,SPY200417P00310000,310.0,0,0.0,0.0,,0.0,normalDay
2020-04-13,1027.0,-3165.0,0.0,0,275.66,0.0,1,2.98,34.63,SPY200417P00310000,310.0,0,0.0,0.0,,0.0,normalDay
2020-04-14,1027.0,-2315.0,0.0,0,283.79,0.0,1,2.98,26.13,SPY200417P00310000,310.0,0,0.0,0.0,,0.0,normalDay
2020-04-15,1027.0,-2948.0,0.0,0,277.76,0.0,1,2.98,32.46,SPY200417P00310000,310.0,0,0.0,0.0,,0.0,normalDay
2020-04-16,1027.0,-2795.0,0.0,0,279.1,0.0,1,2.98,30.93,SPY200417P00310000,310.0,0,0.0,0.0,,0.0,normalDay
2020-04-17,1325.0,-2336.0,298.0,100,286.64,310.0,1,2.98,0.0,SPY200417P00310000,310.0,0,0.0,0.0,,0.0,expirationDay
2020-04-20,1325.0,-2845.0,0.0,100,281.59,310.0,0,0.0,0.0,,0.0,1,0.11,0.15,SPY200522C00330000,330.0,normalDay
2020-04-21,1325.0,-3694.0,0.0,100,273.04,310.0,0,0.0,0.0,,0.0,1,0.11,0.09,SPY200522C00330000,330.0,normalDay
2020-04-22,1325.0,-3087.0,0.0,100,279.1,310.0,0,0.0,0.0,,0.0,1,0.11,0.08,SPY200522C00330000,330.0,normalDay
2020-04-23,1325.0,-3089.0,0.0,100,279.08,310.0,0,0.0,0.0,,0.0,1,0.11,0.08,SPY200522C00330000,330.0,normalDay
2020-04-24,1325.0,-2699.0,0.0,100,282.97,310.0,0,0.0,0.0,,0.0,1,0.11,0.07,SPY200522C00330000,330.0,normalDay
2020-04-27,1325.0,-2291.0,0.0,100,287.05,310.0,0,0.0,0.0,,0.0,1,0.11,0.07,SPY200522C00330000,330.0,normalDay
2020-04-28,1325.0,-2423.0,0.0,100,285.73,310.0,0,0.0,0.0,,0.0,1,0.11,0.07,SPY200522C00330000,330.0,normalDay
2020-04-29,1325.0,-1678.0,0.0,100,293.21,310.0,0,0.0,0.0,,0.0,1,0.11,0.1,SPY200522C00330000,330.0,normalDay
2020-04-30,1325.0,-1950.0,0.0,100,290.48,310.0,0,0.0,0.0,,0.0,1,0.11,0.09,SPY200522C00330000,330.0,normalDay
2020-05-01,1325.0,-2714.0,0.0,100,282.79,310.0,0,0.0,0.0,,0.0,1,0.11,0.04,SPY200522C00330000,330.0,normalDay
2020-05-04,1325.0,-2636.0,0.0,100,283.57,310.0,0,0.0,0.0,,0.0,1,0.11,0.04,SPY200522C00330000,330.0,normalDay
2020-05-05,1325.0,-2374.0,0.0,100,286.19,310.0,0,0.0,0.0,,0.0,1,0.11,0.04,SPY200522C00330000,330.0,normalDay
2020-05-06,1325.0,-2567.0,0.0,100,284.25,310.0,0,0.0,0.0,,0.0,1,0.11,0.03,SPY200522C00330000,330.0,normalDay
2020-05-07,1325.0,-2223.0,0.0,100,287.68,310.0,0,0.0,0.0,,0.0,1,0.11,0.02,SPY200522C00330000,330.0,normalDay
2020-05-08,1325.0,-1747.0,0.0,100,292.44,310.0,0,0.0,0.0,,0.0,1,0.11,0.02,SPY200522C00330000,330.0,normalDay
2020-05-11,1325.0,-1742.0,0.0,100,292.5,310.0,0,0.0,0.0,,0.0,1,0.11,0.03,SPY200522C00330000,330.0,normalDay
2020-05-12,1325.0,-2324.0,0.0,100,286.67,310.0,0,0.0,0.0,,0.0,1,0.11,0.02,SPY200522C00330000,330.0,normalDay
2020-05-13,1325.0,-2830.0,0.0,100,281.6,310.0,0,0.0,0.0,,0.0,1,0.11,0.01,SPY200522C00330000,330.0,normalDay
2020-05-14,1325.0,-2493.0,0.0,100,284.97,310.0,0,0.0,0.0,,0.0,1,0.11,0.01,SPY200522C00330000,330.0,normalDay
2020-05-15,1325.0,-2362.0,0.0,100,286.28,310.0,0,0.0,0.0,,0.0,1,0.11,0.01,SPY200522C00330000,330.0,normalDay
2020-05-18,1325.0,-1490.0,0.0,100,295.0,310.0,0,0.0,0.0,,0.0,1,0.11,0.01,SPY200522C00330000,330.0,normalDay
2020-05-19,1325.0,-1793.0,0.0,100,291.97,310.0,0,0.0,0.0,,0.0,1,0.11,0.01,SPY200522C00330000,330.0,normalDay
2020-05-20,1325.0,-1297.0,0.0,100,296.93,310.0,0,0.0,0.0,,0.0,1,0.11,0.01,SPY200522C00330000,330.0,normalDay
2020-05-21,1325.0,-1502.0,0.0,100,294.88,310.0,0,0.0,0.0,,0.0,1,0.11,0.01,SPY200522C00330000,330.0,normalDay
2020-05-22,1336.0,-1456.0,11.0,100,295.44,310.0,0,0.0,0.0,,0.0,1,0.11,0.0,SPY200522C00330000,330.0,expirationDay
2020-05-26,1336.0,-1098.0,0.0,100,299.08,310.0,0,0.0,0.0,,0.0,1,2.63,2.69,SPY200626C00310000,310.0,normalDay
2020-05-27,1336.0,-788.0,0.0,100,303.53,310.0,0,0.0,0.0,,0.0,1,2.63,4.04,SPY200626C00310000,310.0,normalDay
2020-05-28,1336.0,-866.0,0.0,100,302.97,310.0,0,0.0,0.0,,0.0,1,2.63,4.26,SPY200626C00310000,310.0,normalDay
2020-05-29,1336.0,-758.0,0.0,100,304.32,310.0,0,0.0,0.0,,0.0,1,2.63,4.53,SPY200626C00310000,310.0,normalDay
2020-06-01,1336.0,-627.0,0.0,100,305.55,310.0,0,0.0,0.0,,0.0,1,2.63,4.45,SPY200626C00310000,310.0,normalDay
2020-06-02,1336.0,-445.0,0.0,100,308.08,310.0,0,0.0,0.0,,0.0,1,2.63,5.16,SPY200626C00310000,310.0,normalDay
2020-06-03,1336.0,-257.0,0.0,100,312.18,310.0,0,0.0,0.0,,0.0,1,2.63,7.38,SPY200626C00310000,310.0,normalDay
2020-06-04,1336.0,-284.0,0.0,100,311.36,310.0,0,0.0,0.0,,0.0,1,2.63,6.83,SPY200626C00310000,310.0,normalDay
2020-06-05,1336.0,3.0,0.0,100,319.34,310.0,0,0.0,0.0,,0.0,1,2.63,11.94,SPY200626C00310000,310.0,normalDay
2020-06-08,1336.0,101.0,0.0,100,323.2,310.0,0,0.0,0.0,,0.0,1,2.63,14.82,SPY200626C00310000,310.0,normalDay
2020-06-09,1336.0,-53.0,0.0,100,320.79,310.0,0,0.0,0.0,,0.0,1,2.63,13.95,SPY200626C00310000,310.0,normalDay
2020-06-10,1336.0,10.0,0.0,100,319.0,310.0,0,0.0,0.0,,0.0,1,2.63,11.53,SPY200626C00310000,310.0,normalDay
2020-06-11,1336.0,-1077.0,0.0,100,300.61,310.0,0,0.0,0.0,,0.0,1,2.63,4.01,SPY200626C00310000,310.0,normalDay
2020-06-12,1336.0,-712.0,0.0,100,304.21,310.0,0,0.0,0.0,,0.0,1,2.63,3.96,SPY200626C00310000,310.0,normalDay
2020-06-15,1336.0,-508.0,0.0,100,307.05,310.0,0,0.0,0.0,,0.0,1,2.63,4.76,SPY200626C00310000,310.0,normalDay
2020-06-16,1336.0,-188.0,0.0,100,312.96,310.0,0,0.0,0.0,,0.0,1,2.63,7.47,SPY200626C00310000,310.0,normalDay
2020-06-17,1336.0,-209.0,0.0,100,311.66,310.0,0,0.0,0.0,,0.0,1,2.63,6.38,SPY200626C00310000,310.0,normalDay
2020-06-18,1336.0,-100.0,0.0,100,311.78,310.0,0,0.0,0.0,,0.0,1,2.63,5.41,SPY200626C00310000,310.0,normalDay
2020-06-19,1336.0,-242.0,0.0,100,308.64,310.0,0,0.0,0.0,,0.0,1,2.63,3.69,SPY200626C00310000,310.0,normalDay
2020-06-22,1336.0,-103.0,0.0,100,310.62,310.0,0,0.0,0.0,,0.0,1,2.63,4.28,SPY200626C00310000,310.0,normalDay
2020-06-23,1336.0,23.0,0.0,100,312.05,310.0,0,0.0,0.0,,0.0,1,2.63,4.45,SPY200626C00310000,310.0,normalDay
2020-06-24,1336.0,-420.0,0.0,100,304.09,310.0,0,0.0,0.0,,0.0,1,2.63,0.92,SPY200626C00310000,310.0,normalDay
2020-06-25,1336.0,-101.0,0.0,100,307.35,310.0,0,0.0,0.0,,0.0,1,2.63,0.99,SPY200626C00310000,310.0,normalDay
2020-06-26,1599.0,-995.0,263.0,100,300.05,310.0,0,0.0,0.0,,0.0,1,2.63,0.0,SPY200626C00310000,310.0,expirationDay
2020-06-29,1599.0,-557.0,0.0,100,304.46,310.0,0,0.0,0.0,,0.0,1,0.38,0.41,SPY200731C00336000,336.0,normalDay
2020-06-30,1599.0,-181.0,0.0,100,308.36,310.0,0,0.0,0.0,,0.0,1,0.38,0.55,SPY200731C00336000,336.0,normalDay
2020-07-01,1599.0,29.0,0.0,100,310.52,310.0,0,0.0,0.0,,0.0,1,0.38,0.61,SPY200731C00336000,336.0,normalDay
2020-07-02,1599.0,201.0,0.0,100,312.23,310.0,0,0.0,0.0,,0.0,1,0.38,0.6,SPY200731C00336000,336.0,normalDay
2020-07-06,1599.0,644.0,0.0,100,317.05,310.0,0,0.0,0.0,,0.0,1,0.38,0.99,SPY200731C00336000,336.0,normalDay
2020-07-07,1599.0,351.0,0.0,100,313.78,310.0,0,0.0,0.0,,0.0,1,0.38,0.65,SPY200731C00336000,336.0,normalDay
2020-07-08,1599.0,591.0,0.0,100,316.18,310.0,0,0.0,0.0,,0.0,1,0.38,0.65,SPY200731C00336000,336.0,normalDay
2020-07-09,1599.0,430.0,0.0,100,314.38,310.0,0,0.0,0.0,,0.0,1,0.38,0.46,SPY200731C00336000,336.0,normalDay
2020-07-10,1599.0,732.0,0.0,100,317.59,310.0,0,0.0,0.0,,0.0,1,0.38,0.65,SPY200731C00336000,336.0,normalDay
2020-07-13,1599.0,469.0,0.0,100,314.84,310.0,0,0.0,0.0,,0.0,1,0.38,0.53,SPY200731C00336000,336.0,normalDay
2020-07-14,1599.0,865.0,0.0,100,318.92,310.0,0,0.0,0.0,,0.0,1,0.38,0.65,SPY200731C00336000,336.0,normalDay
2020-07-15,1599.0,1129.0,0.0,100,321.85,310.0,0,0.0,0.0,,0.0,1,0.38,0.94,SPY200731C00336000,336.0,normalDay
2020-07-16,1599.0,1061.0,0.0,100,320.79,310.0,0,0.0,0.0,,0.0,1,0.38,0.56,SPY200731C00336000,336.0,normalDay
2020-07-17,1599.0,1154.0,0.0,100,321.72,310.0,0,0.0,0.0,,0.0,1,0.38,0.56,SPY200731C00336000,336.0,normalDay
2020-07-20,1599.0,1411.0,0.0,100,324.32,310.0,0,0.0,0.0,,0.0,1,0.38,0.59,SPY200731C00336000,336.0,normalDay
2020-07-21,1599.0,1473.0,0.0,100,325.01,310.0,0,0.0,0.0,,0.0,1,0.38,0.66,SPY200731C00336000,336.0,normalDay
2020-07-22,1599.0,1668.0,0.0,100,326.86,310.0,0,0.0,0.0,,0.0,1,0.38,0.56,SPY200731C00336000,336.0,normalDay
2020-07-23,1599.0,1313.0,0.0,100,322.96,310.0,0,0.0,0.0,,0.0,1,0.38,0.21,SPY200731C00336000,336.0,normalDay
2020-07-24,1599.0,1121.0,0.0,100,320.88,310.0,0,0.0,0.0,,0.0,1,0.38,0.05,SPY200731C00336000,336.0,normalDay
2020-07-27,1599.0,1357.0,0.0,100,323.22,310.0,0,0.0,0.0,,0.0,1,0.38,0.03,SPY200731C00336000,336.0,normalDay
2020-07-28,1599.0,1153.0,0.0,100,321.17,310.0,0,0.0,0.0,,0.0,1,0.38,0.02,SPY200731C00336000,336.0,normalDay
2020-07-29,1599.0,1548.0,0.0,100,325.12,310.0,0,0.0,0.0,,0.0,1,0.38,0.02,SPY200731C00336000,336.0,normalDay
2020-07-30,1599.0,1433.0,0.0,100,323.96,310.0,0,0.0,0.0,,0.0,1,0.38,0.01,SPY200731C00336000,336.0,normalDay
2020-07-31,1637.0,1652.0,38.0,100,326.52,310.0,0,0.0,0.0,,0.0,1,0.38,0.0,SPY200731C00336000,336.0,expirationDay
2020-08-03,1637.0,1875.0,0.0,100,328.79,310.0,0,0.0,0.0,,0.0,1,3.09,3.13,SPY200904C00338000,338.0,normalDay
2020-08-04,1637.0,1980.0,0.0,100,330.06,310.0,0,0.0,0.0,,0.0,1,3.09,3.35,SPY200904C00338000,338.0,normalDay
2020-08-05,1637.0,2137.0,0.0,100,332.11,310.0,0,0.0,0.0,,0.0,1,3.09,3.83,SPY200904C00338000,338.0,normalDay
2020-08-06,1637.0,2275.0,0.0,100,334.33,310.0,0,0.0,0.0,,0.0,1,3.09,4.67,SPY200904C00338000,338.0,normalDay
2020-08-07,1637.0,2314.0,0.0,100,334.57,310.0,0,0.0,0.0,,0.0,1,3.09,4.52,SPY200904C00338000,338.0,normalDay
2020-08-10,1637.0,2408.0,0.0,100,335.57,310.0,0,0.0,0.0,,0.0,1,3.09,4.58,SPY200904C00338000,338.0,normalDay
2020-08-11,1637.0,2208.0,0.0,100,332.8,310.0,0,0.0,0.0,,0.0,1,3.09,3.81,SPY200904C00338000,338.0,normalDay
2020-08-12,1637.0,2511.0,0.0,100,337.44,310.0,0,0.0,0.0,,0.0,1,3.09,5.42,SPY200904C00338000,338.0,normalDay
2020-08-13,1637.0,2496.0,0.0,100,336.83,310.0,0,0.0,0.0,,0.0,1,3.09,4.96,SPY200904C00338000,338.0,normalDay
2020-08-14,1637.0,2526.0,0.0,100,336.84,310.0,0,0.0,0.0,,0.0,1,3.09,4.67,SPY200904C00338000,338.0,normalDay
2020-08-17,1637.0,2624.0,0.0,100,337.91,310.0,0,0.0,0.0,,0.0,1,3.09,4.76,SPY200904C00338000,338.0,normalDay
2020-08-18,1637.0,2665.0,0.0,100,338.64,310.0,0,0.0,0.0,,0.0,1,3.09,5.08,SPY200904C00338000,338.0,normalDay
2020-08-19,1637.0,2602.0,0.0,100,337.23,310.0,0,0.0,0.0,,0.0,1,3.09,4.3,SPY200904C00338000,338.0,normalDay
2020-08-20,1637.0,2687.0,0.0,100,338.28,310.0,0,0.0,0.0,,0.0,1,3.09,4.5,SPY200904C00338000,338.0,normalDay
2020-08-21,1637.0,2744.0,0.0,100,339.48,310.0,0,0.0,0.0,,0.0,1,3.09,5.13,SPY200904C00338000,338.0,normalDay
2020-08-24,1637.0,2898.0,0.0,100,342.92,310.0,0,0.0,0.0,,0.0,1,3.09,7.03,SPY200904C00338000,338.0,normalDay
2020-08-25,1637.0,2932.0,0.0,100,344.12,310.0,0,0.0,0.0,,0.0,1,3.09,7.89,SPY200904C00338000,338.0,normalDay
2020-08-26,1637.0,2971.0,0.0,100,347.57,310.0,0,0.0,0.0,,0.0,1,3.09,10.95,SPY200904C00338000,338.0,normalDay
2020-08-27,1637.0,2968.0,0.0,100,348.33,310.0,0,0.0,0.0,,0.0,1,3.09,11.74,SPY200904C00338000,338.0,normalDay
2020-08-28,1637.0,3072.0,0.0,100,350.58,310.0,0,0.0,0.0,,0.0,1,3.09,12.95,SPY200904C00338000,338.0,normalDay
2020-08-31,1637.0,3008.0,0.0,100,349.31,310.0,0,0.0,0.0,,0.0,1,3.09,12.32,SPY200904C00338000,338.0,normalDay
2020-09-01,1637.0,3091.0,0.0,100,352.6,310.0,0,0.0,0.0,,0.0,1,3.09,14.78,SPY200904C00338000,338.0,normalDay
2020-09-02,1637.0,3076.0,0.0,100,357.7,310.0,0,0.0,0.0,,0.0,1,3.09,20.03,SPY200904C00338000,338.0,normalDay
2020-09-03,1637.0,2947.0,0.0,100,345.39,310.0,0,0.0,0.0,,0.0,1,3.09,9.01,SPY200904C00338000,338.0,normalDay
2020-09-04,4746.0,2947.0,3109.0,0,342.57,0.0,0,0.0,0.0,,0.0,1,3.09,0.0,SPY200904C00338000,338.0,expirationDay
2020-09-08,4746.0,-14.0,0.0,0,333.21,0.0,1,10.35,10.49,SPY201120P00313000,313.0,0,0.0,0.0,,0.0,normalDay
2020-09-09,4746.0,206.0,0.0,0,339.79,0.0,1,10.35,8.29,SPY201120P00313000,313.0,0,0.0,0.0,,0.0,normalDay
2020-09-10,4746.0,80.0,0.0,0,333.89,0.0,1,10.35,9.55,SPY201120P00313000,313.0,0,0.0,0.0,,0.0,normalDay
2020-09-11,4746.0,140.0,0.0,0,334.06,0.0,1,10.35,8.95,SPY201120P00313000,313.0,0,0.0,0.0,,0.0,normalDay
2020-09-14,4746.0,324.0,0.0,0,338.46,0.0,1,10.35,7.11,SPY201120P00313000,313.0,0,0.0,0.0,,0.0,normalDay
2020-09-15,4746.0,371.0,0.0,0,340.17,0.0,1,10.35,6.64,SPY201120P00313000,313.0,0,0.0,0.0,,0.0,normalDay
2020-09-16,4746.0,335.0,0.0,0,338.82,0.0,1,10.35,7.0,SPY201120P00313000,313.0,0,0.0,0.0,,0.0,normalDay
2020-09-17,4746.0,292.0,0.0,0,335.84,0.0,1,10.35,7.43,SPY201120P00313000,313.0,0,0.0,0.0,,0.0,normalDay
2020-09-18,4746.0,228.0,0.0,0,330.65,0.0,1,10.35,8.07,SPY201120P00313000,313.0,0,0.0,0.0,,0.0,normalDay
2020-09-21,4746.0,120.0,0.0,0,326.97,0.0,1,10.35,9.15,SPY201120P00313000,313.0,0,0.0,0.0,,0.0,normalDay
2020-09-22,4746.0,195.0,0.0,0,330.3,0.0,1,10.35,8.4,SPY201120P00313000,313.0,0,0.0,0.0,,0.0,normalDay
2020-09-23,4746.0,-69.0,0.0,0,322.64,0.0,1,10.35,11.04,SPY201120P00313000,313.0,0,0.0,0.0,,0.0,normalDay
2020-09-24,4746.0,5.0,0.0,0,323.5,0.0,1,10.35,10.3,SPY201120P00313000,313.0,0,0.0,0.0,,0.0,normalDay
2020-09-25,4746.0,195.0,0.0,0,328.73,0.0,1,10.35,8.4,SPY201120P00313000,313.0,0,0.0,0.0,,0.0,normalDay
2020-09-28,4746.0,352.0,0.0,0,334.19,0.0,1,10.35,6.83,SPY201120P00313000,313.0,0,0.0,0.0,,0.0,normalDay
2020-09-29,4746.0,338.0,0.0,0,332.37,0.0,1,10.35,6.97,SPY201120P00313000,313.0,0,0.0,0.0,,0.0,normalDay
2020-09-30,4746.0,349.0,0.0,0,334.89,0.0,1,10.35,6.86,SPY201120P00313000,313.0,0,0.0,0.0,,0.0,normalDay
2020-10-01,4746.0,422.0,0.0,0,337.04,0.0,1,10.35,6.13,SPY201120P00313000,313.0,0,0.0,0.0,,0.0,normalDay
2020-10-02,4746.0,340.0,0.0,0,333.84,0.0,1,10.35,6.95,SPY201120P00313000,313.0,0,0.0,0.0,,0.0,normalDay
2020-10-05,4746.0,511.0,0.0,0,339.76,0.0,1,10.35,5.24,SPY201120P00313000,313.0,0,0.0,0.0,,0.0,normalDay
2020-10-06,4746.0,424.0,0.0,0,334.93,0.0,1,10.35,6.11,SPY201120P00313000,313.0,0,0.0,0.0,,0.0,normalDay
2020-10-07,4746.0,579.0,0.0,0,340.76,0.0,1,10.35,4.56,SPY201120P00313000,313.0,0,0.0,0.0,,0.0,normalDay
2020-10-08,4746.0,678.0,0.0,0,343.78,0.0,1,10.35,3.57,SPY201120P00313000,313.0,0,0.0,0.0,,0.0,normalDay
2020-10-09,4746.0,754.0,0.0,0,346.85,0.0,1,10.35,2.81,SPY201120P00313000,313.0,0,0.0,0.0,,0.0,normalDay
2020-10-12,4746.0,815.0,0.0,0,352.43,0.0,1,10.35,2.2,SPY201120P00313000,313.0,0,0.0,0.0,,0.0,normalDay
2020-10-13,4746.0,794.0,0.0,0,350.13,0.0,1,10.35,2.41,SPY201120P00313000,313.0,0,0.0,0.0,,0.0,normalDay
2020-10-14,4746.0,779.0,0.0,0,347.93,0.0,1,10.35,2.56,SPY201120P00313000,313.0,0,0.0,0.0,,0.0,normalDay
2020-10-15,4746.0,775.0,0.0,0,347.5,0.0,1,10.35,2.6,SPY201120P00313000,313.0,0,0.0,0.0,,0.0,normalDay
2020-10-16,4746.0,768.0,0.0,0,347.29,0.0,1,10.35,2.67,SPY201120P00313000,313.0,0,0.0,0.0,,0.0,normalDay
2020-10-19,4746.0,713.0,0.0,0,342.01,0.0,1,10.35,3.22,SPY201120P00313000,313.0,0,0.0,0.0,,0.0,normalDay
2020-10-20,4746.0,725.0,0.0,0,343.38,0.0,1,10.35,3.1,SPY201120P00313000,313.0,0,0.0,0.0,,0.0,normalDay
2020-10-21,4746.0,759.0,0.0,0,342.73,0.0,1,10.35,2.76,SPY201120P00313000,313.0,0,0.0,0.0,,0.0,normalDay
2020-10-22,4746.0,791.0,0.0,0,344.61,0.0,1,10.35,2.44,SPY201120P00313000,313.0,0,0.0,0.0,,0.0,normalDay
2020-10-23,4746.0,816.0,0.0,0,345.78,0.0,1,10.35,2.19,SPY201120P00313000,313.0,0,0.0,0.0,,0.0,normalDay
2020-10-26,4746.0,685.0,0.0,0,339.39,0.0,1,10.35,3.5,SPY201120P00313000,313.0,0,0.0,0.0,,0.0,normalDay
2020-10-27,4746.0,664.0,0.0,0,338.22,0.0,1,10.35,3.71,SPY201120P00313000,313.0,0,0.0,0.0,,0.0,normalDay
2020-10-28,4746.0,266.0,0.0,0,326.66,0.0,1,10.35,7.69,SPY201120P00313000,313.0,0,0.0,0.0,,0.0,normalDay
2020-10-29,4746.0,478.0,0.0,0,329.98,0.0,1,10.35,5.57,SPY201120P00313000,313.0,0,0.0,0.0,,0.0,normalDay
2020-10-30,4746.0,385.0,0.0,0,326.54,0.0,1,10.35,6.5,SPY201120P00313000,313.0,0,0.0,0.0,,0.0,normalDay
2020-11-02,4746.0,546.0,0.0,0,330.2,0.0,1,10.35,4.89,SPY201120P00313000,313.0,0,0.0,0.0,,0.0,normalDay
2020-11-03,4746.0,681.0,0.0,0,336.03,0.0,1,10.35,3.54,SPY201120P00313000,313.0,0,0.0,0.0,,0.0,normalDay
2020-11-04,4746.0,889.0,0.0,0,343.54,0.0,1,10.35,1.46,SPY201120P00313000,313.0,0,0.0,0.0,,0.0,normalDay
2020-11-05,4746.0,950.0,0.0,0,350.24,0.0,1,10.35,0.85,SPY201120P00313000,313.0,0,0.0,0.0,,0.0,normalDay
2020-11-06,4746.0,989.0,0.0,0,350.16,0.0,1,10.35,0.46,SPY201120P00313000,313.0,0,0.0,0.0,,0.0,normalDay
2020-11-09,4746.0,1002.0,0.0,0,354.56,0.0,1,10.35,0.33,SPY201120P00313000,313.0,0,0.0,0.0,,0.0,normalDay
2020-11-10,4746.0,1011.0,0.0,0,354.04,0.0,1,10.35,0.24,SPY201120P00313000,313.0,0,0.0,0.0,,0.0,normalDay
2020-11-11,4746.0,1019.0,0.0,0,356.67,0.0,1,10.35,0.16,SPY201120P00313000,313.0,0,0.0,0.0,,0.0,normalDay
2020-11-12,4746.0,1011.0,0.0,0,353.21,0.0,1,10.35,0.24,SPY201120P00313000,313.0,0,0.0,0.0,,0.0,normalDay
2020-11-13,4746.0,1025.0,0.0,0,358.1,0.0,1,10.35,0.1,SPY201120P00313000,313.0,0,0.0,0.0,,0.0,normalDay
2020-11-16,4746.0,1031.0,0.0,0,362.57,0.0,1,10.35,0.04,SPY201120P00313000,313.0,0,0.0,0.0,,0.0,normalDay
2020-11-17,4746.0,1032.0,0.0,0,360.62,0.0,1,10.35,0.03,SPY201120P00313000,313.0,0,0.0,0.0,,0.0,normalDay
2020-11-18,4746.0,1033.0,0.0,0,356.28,0.0,1,10.35,0.02,SPY201120P00313000,313.0,0,0.0,0.0,,0.0,normalDay
2020-11-19,4746.0,1034.0,0.0,0,357.78,0.0,1,10.35,0.01,SPY201120P00313000,313.0,0,0.0,0.0,,0.0,normalDay
2020-11-20,5781.0,0.0,1035.0,0,355.33,0.0,1,10.35,0.0,SPY201120P00313000,313.0,0,0.0,0.0,,0.0,expirationDay
2020-11-23,5781.0,-4.0,0.0,0,357.46,0.0,1,1.35,1.39,SPY210115P00296000,296.0,0,0.0,0.0,,0.0,normalDay
2020-11-24,5781.0,28.0,0.0,0,363.22,0.0,1,1.35,1.07,SPY210115P00296000,296.0,0,0.0,0.0,,0.0,normalDay
2020-11-25,5781.0,39.0,0.0,0,362.66,0.0,1,1.35,0.96,SPY210115P00296000,296.0,0,0.0,0.0,,0.0,normalDay
2020-11-27,5781.0,51.0,0.0,0,363.67,0.0,1,1.35,0.84,SPY210115P00296000,296.0,0,0.0,0.0,,0.0,normalDay
2020-11-30,5781.0,60.0,0.0,0,362.06,0.0,1,1.35,0.75,SPY210115P00296000,296.0,0,0.0,0.0,,0.0,normalDay
2020-12-01,5781.0,63.0,0.0,0,366.02,0.0,1,1.35,0.72,SPY210115P00296000,296.0,0,0.0,0.0,,0.0,normalDay
2020-12-02,5781.0,65.0,0.0,0,366.79,0.0,1,1.35,0.7,SPY210115P00296000,296.0,0,0.0,0.0,,0.0,normalDay
2020-12-03,5781.0,63.0,0.0,0,366.69,0.0,1,1.35,0.72,SPY210115P00296000,296.0,0,0.0,0.0,,0.0,normalDay
2020-12-04,5781.0,80.0,0.0,0,369.85,0.0,1,1.35,0.55,SPY210115P00296000,296.0,0,0.0,0.0,,0.0,normalDay
2020-12-07,5781.0,84.0,0.0,0,369.09,0.0,1,1.35,0.51,SPY210115P00296000,296.0,0,0.0,0.0,,0.0,normalDay
2020-12-08,5781.0,93.0,0.0,0,370.17,0.0,1,1.35,0.42,SPY210115P00296000,296.0,0,0.0,0.0,,0.0,normalDay
2020-12-09,5781.0,85.0,0.0,0,366.85,0.0,1,1.35,0.5,SPY210115P00296000,296.0,0,0.0,0.0,,0.0,normalDay
2020-12-10,5781.0,85.0,0.0,0,366.73,0.0,1,1.35,0.5,SPY210115P00296000,296.0,0,0.0,0.0,,0.0,normalDay
2020-12-11,5781.0,79.0,0.0,0,366.3,0.0,1,1.35,0.56,SPY210115P00296000,296.0,0,0.0,0.0,,0.0,normalDay
2020-12-14,5781.0,73.0,0.0,0,364.66,0.0,1,1.35,0.62,SPY210115P00296000,296.0,0,0.0,0.0,,0.0,normalDay
2020-12-15,5781.0,90.0,0.0,0,369.59,0.0,1,1.35,0.45,SPY210115P00296000,296.0,0,0.0,0.0,,0.0,normalDay
2020-12-16,5781.0,94.0,0.0,0,370.17,0.0,1,1.35,0.41,SPY210115P00296000,296.0,0,0.0,0.0,,0.0,normalDay
2020-12-17,5781.0,100.0,0.0,0,372.24,0.0,1,1.35,0.35,SPY210115P00296000,296.0,0,0.0,0.0,,0.0,normalDay
2020-12-18,5781.0,102.0,0.0,0,369.18,0.0,1,1.35,0.33,SPY210115P00296000,296.0,0,0.0,0.0,,0.0,normalDay
2020-12-21,5781.0,91.0,0.0,0,367.86,0.0,1,1.35,0.44,SPY210115P00296000,296.0,0,0.0,0.0,,0.0,normalDay
2020-12-22,5781.0,97.0,0.0,0,367.24,0.0,1,1.35,0.38,SPY210115P00296000,296.0,0,0.0,0.0,,0.0,normalDay
2020-12-23,5781.0,103.0,0.0,0,367.57,0.0,1,1.35,0.32,SPY210115P00296000,296.0,0,0.0,0.0,,0.0,normalDay
2020-12-24,5781.0,110.0,0.0,0,369.0,0.0,1,1.35,0.25,SPY210115P00296000,296.0,0,0.0,0.0,,0.0,normalDay
2020-12-28,5781.0,118.0,0.0,0,372.17,0.0,1,1.35,0.17,SPY210115P00296000,296.0,0,0.0,0.0,,0.0,normalDay
2020-12-29,5781.0,116.0,0.0,0,371.46,0.0,1,1.35,0.19,SPY210115P00296000,296.0,0,0.0,0.0,,0.0,normalDay
2020-12-30,5781.0,118.0,0.0,0,371.99,0.0,1,1.35,0.17,SPY210115P00296000,296.0,0,0.0,0.0,,0.0,normalDay
2020-12-31,5781.0,118.0,0.0,0,373.88,0.0,1,1.35,0.17,SPY210115P00296000,296.0,0,0.0,0.0,,0.0,normalDay
2021-01-04,5781.0,119.0,0.0,0,368.79,0.0,1,1.35,0.16,SPY210115P00296000,296.0,0,0.0,0.0,,0.0,normalDay
2021-01-05,5781.0,125.0,0.0,0,371.33,0.0,1,1.35,0.1,SPY210115P00296000,296.0,0,0.0,0.0,,0.0,normalDay
2021-01-06,5781.0,122.0,0.0,0,373.55,0.0,1,1.35,0.13,SPY210115P00296000,296.0,0,0.0,0.0,,0.0,normalDay
2021-01-07,5781.0,130.0,0.0,0,379.1,0.0,1,1.35,0.05,SPY210115P00296000,296.0,0,0.0,0.0,,0.0,normalDay
2021-01-08,5781.0,132.0,0.0,0,381.26,0.0,1,1.35,0.03,SPY210115P00296000,296.0,0,0.0,0.0,,0.0,normalDay
2021-01-11,5781.0,133.0,0.0,0,378.69,0.0,1,1.35,0.02,SPY210115P00296000,296.0,0,0.0,0.0,,0.0,normalDay
2021-01-12,5781.0,133.0,0.0,0,378.77,0.0,1,1.35,0.02,SPY210115P00296000,296.0,0,0.0,0.0,,0.0,normalDay
2021-01-13,5781.0,134.0,0.0,0,379.79,0.0,1,1.35,0.01,SPY210115P00296000,296.0,0,0.0,0.0,,0.0,normalDay
2021-01-14,5781.0,134.0,0.0,0,378.46,0.0,1,1.35,0.01,SPY210115P00296000,296.0,0,0.0,0.0,,0.0,normalDay
2021-01-15,5916.0,0.0,135.0,0,375.7,0.0,1,1.35,0.0,SPY210115P00296000,296.0,0,0.0,0.0,,0.0,expirationDay
2021-01-19,5916.0,-7.0,0.0,0,378.65,0.0,1,8.35,8.42,SPY210416P00353000,353.0,0,0.0,0.0,,0.0,normalDay
2021-01-20,5916.0,134.0,0.0,0,383.89,0.0,1,8.35,7.01,SPY210416P00353000,353.0,0,0.0,0.0,,0.0,normalDay
2021-01-21,5916.0,151.0,0.0,0,384.24,0.0,1,8.35,6.84,SPY210416P00353000,353.0,0,0.0,0.0,,0.0,normalDay
2021-01-22,5916.0,121.0,0.0,0,382.88,0.0,1,8.35,7.14,SPY210416P00353000,353.0,0,0.0,0.0,,0.0,normalDay
2021-01-25,5916.0,124.0,0.0,0,384.39,0.0,1,8.35,7.11,SPY210416P00353000,353.0,0,0.0,0.0,,0.0,normalDay
2021-01-26,5916.0,124.0,0.0,0,383.79,0.0,1,8.35,7.11,SPY210416P00353000,353.0,0,0.0,0.0,,0.0,normalDay
2021-01-27,5916.0,-366.0,0.0,0,374.41,0.0,1,8.35,12.01,SPY210416P00353000,353.0,0,0.0,0.0,,0.0,normalDay
2021-01-28,5916.0,-173.0,0.0,0,377.63,0.0,1,8.35,10.08,SPY210416P00353000,353.0,0,0.0,0.0,,0.0,normalDay
2021-01-29,5916.0,-504.0,0.0,0,370.07,0.0,1,8.35,13.39,SPY210416P00353000,353.0,0,0.0,0.0,,0.0,normalDay
2021-02-01,5916.0,-205.0,0.0,0,376.23,0.0,1,8.35,10.4,SPY210416P00353000,353.0,0,0.0,0.0,,0.0,normalDay
2021-02-02,5916.0,72.0,0.0,0,381.55,0.0,1,8.35,7.63,SPY210416P00353000,353.0,0,0.0,0.0,,0.0,normalDay
2021-02-03,5916.0,151.0,0.0,0,381.85,0.0,1,8.35,6.84,SPY210416P00353000,353.0,0,0.0,0.0,,0.0,normalDay
2021-02-04,5916.0,261.0,0.0,0,386.19,0.0,1,8.35,5.74,SPY210416P00353000,353.0,0,0.0,0.0,,0.0,normalDay
2021-02-05,5916.0,297.0,0.0,0,387.71,0.0,1,8.35,5.38,SPY210416P00353000,353.0,0,0.0,0.0,,0.0,normalDay
2021-02-08,5916.0,351.0,0.0,0,390.51,0.0,1,8.35,4.84,SPY210416P00353000,353.0,0,0.0,0.0,,0.0,normalDay
2021-02-09,5916.0,351.0,0.0,0,390.25,0.0,1,8.35,4.84,SPY210416P00353000,353.0,0,0.0,0.0,,0.0,normalDay
2021-02-10,5916.0,342.0,0.0,0,390.08,0.0,1,8.35,4.93,SPY210416P00353000,353.0,0,0.0,0.0,,0.0,normalDay
2021-02-11,5916.0,375.0,0.0,0,390.71,0.0,1,8.35,4.6,SPY210416P00353000,353.0,0,0.0,0.0,,0.0,normalDay
2021-02-12,5916.0,437.0,0.0,0,392.64,0.0,1,8.35,3.98,SPY210416P00353000,353.0,0,0.0,0.0,,0.0,normalDay
2021-02-16,5916.0,435.0,0.0,0,392.3,0.0,1,8.35,4.0,SPY210416P00353000,353.0,0,0.0,0.0,,0.0,normalDay
2021-02-17,5916.0,453.0,0.0,0,392.39,0.0,1,8.35,3.82,SPY210416P00353000,353.0,0,0.0,0.0,,0.0,normalDay
2021-02-18,5916.0,423.0,0.0,0,390.72,0.0,1,8.35,4.12,SPY210416P00353000,353.0,0,0.0,0.0,,0.0,normalDay
2021-02-19,5916.0,436.0,0.0,0,390.03,0.0,1,8.35,3.99,SPY210416P00353000,353.0,0,0.0,0.0,,0.0,normalDay
2021-02-22,5916.0,397.0,0.0,0,387.03,0.0,1,8.35,4.38,SPY210416P00353000,353.0,0,0.0,0.0,,0.0,normalDay
2021-02-23,5916.0,434.0,0.0,0,387.5,0.0,1,8.35,4.01,SPY210416P00353000,353.0,0,0.0,0.0,,0.0,normalDay
2021-02-24,5916.0,528.0,0.0,0,391.77,0.0,1,8.35,3.07,SPY210416P00353000,353.0,0,0.0,0.0,,0.0,normalDay
2021-02-25,5916.0,271.0,0.0,0,382.33,0.0,1,8.35,5.64,SPY210416P00353000,353.0,0,0.0,0.0,,0.0,normalDay
2021-02-26,5916.0,277.0,0.0,0,380.36,0.0,1,8.35,5.58,SPY210416P00353000,353.0,0,0.0,0.0,,0.0,normalDay
2021-03-01,5916.0,509.0,0.0,0,389.58,0.0,1,8.35,3.26,SPY210416P00353000,353.0,0,0.0,0.0,,0.0,normalDay
2021-03-02,5916.0,464.0,0.0,0,386.54,0.0,1,8.35,3.71,SPY210416P00353000,353.0,0,0.0,0.0,,0.0,normalDay
2021-03-03,5916.0,374.0,0.0,0,381.42,0.0,1,8.35,4.61,SPY210416P00353000,353.0,0,0.0,0.0,,0.0,normalDay
2021-03-04,5916.0,263.0,0.0,0,376.7,0.0,1,8.35,5.72,SPY210416P00353000,353.0,0,0.0,0.0,,0.0,normalDay
2021-03-05,5916.0,456.0,0.0,0,383.63,0.0,1,8.35,3.79,SPY210416P00353000,353.0,0,0.0,0.0,,0.0,normalDay
2021-03-08,5916.0,440.0,0.0,0,381.72,0.0,1,8.35,3.95,SPY210416P00353000,353.0,0,0.0,0.0,,0.0,normalDay
2021-03-09,5916.0,549.0,0.0,0,387.17,0.0,1,8.35,2.86,SPY210416P00353000,353.0,0,0.0,0.0,,0.0,normalDay
2021-03-10,5916.0,606.0,0.0,0,389.58,0.0,1,8.35,2.29,SPY210416P00353000,353.0,0,0.0,0.0,,0.0,normalDay
2021-03-11,5916.0,647.0,0.0,0,393.53,0.0,1,8.35,1.88,SPY210416P00353000,353.0,0,0.0,0.0,,0.0,normalDay
2021-03-12,5916.0,684.0,0.0,0,394.06,0.0,1,8.35,1.51,SPY210416P00353000,353.0,0,0.0,0.0,,0.0,normalDay
2021-03-15,5916.0,721.0,0.0,0,396.41,0.0,1,8.35,1.14,SPY210416P00353000,353.0,0,0.0,0.0,,0.0,normalDay
2021-03-16,5916.0,723.0,0.0,0,395.91,0.0,1,8.35,1.12,SPY210416P00353000,353.0,0,0.0,0.0,,0.0,normalDay
2021-03-17,5916.0,744.0,0.0,0,397.26,0.0,1,8.35,0.91,SPY210416P00353000,353.0,0,0.0,0.0,,0.0,normalDay
2021-03-18,5916.0,706.0,0.0,0,391.48,0.0,1,8.35,1.29,SPY210416P00353000,353.0,0,0.0,0.0,,0.0,normalDay
2021-03-19,5916.0,708.0,0.0,0,389.48,0.0,1,8.35,1.27,SPY210416P00353000,353.0,0,0.0,0.0,,0.0,normalDay
2021-03-22,5916.0,762.0,0.0,0,392.59,0.0,1,8.35,0.73,SPY210416P00353000,353.0,0,0.0,0.0,,0.0,normalDay
2021-03-23,5916.0,738.0,0.0,0,389.5,0.0,1,8.35,0.97,SPY210416P00353000,353.0,0,0.0,0.0,,0.0,normalDay
2021-03-24,5916.0,727.0,0.0,0,387.52,0.0,1,8.35,1.08,SPY210416P00353000,353.0,0,0.0,0.0,,0.0,normalDay
2021-03-25,5916.0,757.0,0.0,0,389.7,0.0,1,8.35,0.78,SPY210416P00353000,353.0,0,0.0,0.0,,0.0,normalDay
2021-03-26,5916.0,781.0,0.0,0,395.98,0.0,1,8.35,0.54,SPY210416P00353000,353.0,0,0.0,0.0,,0.0,normalDay
2021-03-29,5916.0,778.0,0.0,0,395.78,0.0,1,8.35,0.57,SPY210416P00353000,353.0,0,0.0,0.0,,0.0,normalDay
2021-03-30,5916.0,793.0,0.0,0,394.73,0.0,1,8.35,0.42,SPY210416P00353000,353.0,0,0.0,0.0,,0.0,normalDay
2021-03-31,5916.0,804.0,0.0,0,396.33,0.0,1,8.35,0.31,SPY210416P00353000,353.0,0,0.0,0.0,,0.0,normalDay
2021-04-01,5916.0,821.0,0.0,0,400.61,0.0,1,8.35,0.14,SPY210416P00353000,353.0,0,0.0,0.0,,0.0,normalDay
2021-04-05,5916.0,825.0,0.0,0,406.36,0.0,1,8.35,0.1,SPY210416P00353000,353.0,0,0.0,0.0,,0.0,normalDay
2021-04-06,5916.0,825.0,0.0,0,406.12,0.0,1,8.35,0.1,SPY210416P00353000,353.0,0,0.0,0.0,,0.0,normalDay
2021-04-07,5916.0,830.0,0.0,0,406.59,0.0,1,8.35,0.05,SPY210416P00353000,353.0,0,0.0,0.0,,0.0,normalDay
2021-04-08,5916.0,830.0,0.0,0,408.52,0.0,1,8.35,0.05,SPY210416P00353000,353.0,0,0.0,0.0,,0.0,normalDay
2021-04-09,5916.0,832.0,0.0,0,411.49,0.0,1,8.35,0.03,SPY210416P00353000,353.0,0,0.0,0.0,,0.0,normalDay
2021-04-12,5916.0,833.0,0.0,0,411.64,0.0,1,8.35,0.02,SPY210416P00353000,353.0,0,0.0,0.0,,0.0,normalDay
2021-04-13,5916.0,834.0,0.0,0,412.86,0.0,1,8.35,0.01,SPY210416P00353000,353.0,0,0.0,0.0,,0.0,normalDay
2021-04-14,5916.0,834.0,0.0,0,411.45,0.0,1,8.35,0.01,SPY210416P00353000,353.0,0,0.0,0.0,,0.0,normalDay
2021-04-15,5916.0,834.0,0.0,0,415.87,0.0,1,8.35,0.01,SPY210416P00353000,353.0,0,0.0,0.0,,0.0,normalDay
2021-04-16,6751.0,0.0,835.0,0,417.26,0.0,1,8.35,0.0,SPY210416P00353000,353.0,0,0.0,0.0,,0.0,expirationDay
2021-04-19,6751.0,-4.0,0.0,0,415.21,0.0,1,2.47,2.51,SPY210630P00361000,361.0,0,0.0,0.0,,0.0,normalDay
2021-04-20,6751.0,-48.0,0.0,0,412.17,0.0,1,2.47,2.95,SPY210630P00361000,361.0,0,0.0,0.0,,0.0,normalDay
2021-04-21,6751.0,9.0,0.0,0,416.07,0.0,1,2.47,2.38,SPY210630P00361000,361.0,0,0.0,0.0,,0.0,normalDay
2021-04-22,6751.0,-44.0,0.0,0,412.27,0.0,1,2.47,2.91,SPY210630P00361000,361.0,0,0.0,0.0,,0.0,normalDay
2021-04-23,6751.0,23.0,0.0,0,416.74,0.0,1,2.47,2.24,SPY210630P00361000,361.0,0,0.0,0.0,,0.0,normalDay
2021-04-26,6751.0,40.0,0.0,0,417.61,0.0,1,2.47,2.07,SPY210630P00361000,361.0,0,0.0,0.0,,0.0,normalDay
2021-04-27,6751.0,48.0,0.0,0,417.52,0.0,1,2.47,1.99,SPY210630P00361000,361.0,0,0.0,0.0,,0.0,normalDay
2021-04-28,6751.0,62.0,0.0,0,417.4,0.0,1,2.47,1.85,SPY210630P00361000,361.0,0,0.0,0.0,,0.0,normalDay
2021-04-29,6751.0,68.0,0.0,0,420.06,0.0,1,2.47,1.79,SPY210630P00361000,361.0,0,0.0,0.0,,0.0,normalDay
2021-04-30,6751.0,43.0,0.0,0,417.3,0.0,1,2.47,2.04,SPY210630P00361000,361.0,0,0.0,0.0,,0.0,normalDay
2021-05-03,6751.0,63.0,0.0,0,418.2,0.0,1,2.47,1.84,SPY210630P00361000,361.0,0,0.0,0.0,,0.0,normalDay
2021-05-04,6751.0,36.0,0.0,0,415.62,0.0,1,2.47,2.11,SPY210630P00361000,361.0,0,0.0,0.0,,0.0,normalDay
2021-05-05,6751.0,47.0,0.0,0,415.75,0.0,1,2.47,2.0,SPY210630P00361000,361.0,0,0.0,0.0,,0.0,normalDay
2021-05-06,6751.0,79.0,0.0,0,419.07,0.0,1,2.47,1.68,SPY210630P00361000,361.0,0,0.0,0.0,,0.0,normalDay
2021-05-07,6751.0,115.0,0.0,0,422.12,0.0,1,2.47,1.32,SPY210630P00361000,361.0,0,0.0,0.0,,0.0,normalDay
2021-05-10,6751.0,78.0,0.0,0,417.94,0.0,1,2.47,1.69,SPY210630P00361000,361.0,0,0.0,0.0,,0.0,normalDay
2021-05-11,6751.0,36.0,0.0,0,414.21,0.0,1,2.47,2.11,SPY210630P00361000,361.0,0,0.0,0.0,,0.0,normalDay
2021-05-12,6751.0,-144.0,0.0,0,405.41,0.0,1,2.47,3.91,SPY210630P00361000,361.0,0,0.0,0.0,,0.0,normalDay
2021-05-13,6751.0,-8.0,0.0,0,410.28,0.0,1,2.47,2.55,SPY210630P00361000,361.0,0,0.0,0.0,,0.0,normalDay
2021-05-14,6751.0,104.0,0.0,0,416.58,0.0,1,2.47,1.43,SPY210630P00361000,361.0,0,0.0,0.0,,0.0,normalDay
2021-05-17,6751.0,96.0,0.0,0,415.52,0.0,1,2.47,1.51,SPY210630P00361000,361.0,0,0.0,0.0,,0.0,normalDay
2021-05-18,6751.0,63.0,0.0,0,411.94,0.0,1,2.47,1.84,SPY210630P00361000,361.0,0,0.0,0.0,,0.0,normalDay
2021-05-19,6751.0,50.0,0.0,0,410.86,0.0,1,2.47,1.97,SPY210630P00361000,361.0,0,0.0,0.0,,0.0,normalDay
2021-05-20,6751.0,97.0,0.0,0,415.28,0.0,1,2.47,1.5,SPY210630P00361000,361.0,0,0.0,0.0,,0.0,normalDay
2021-05-21,6751.0,109.0,0.0,0,414.94,0.0,1,2.47,1.38,SPY210630P00361000,361.0,0,0.0,0.0,,0.0,normalDay
2021-05-24,6751.0,156.0,0.0,0,419.17,0.0,1,2.47,0.91,SPY210630P00361000,361.0,0,0.0,0.0,,0.0,normalDay
2021-05-25,6751.0,156.0,0.0,0,418.24,0.0,1,2.47,0.91,SPY210630P00361000,361.0,0,0.0,0.0,,0.0,normalDay
2021-05-26,6751.0,178.0,0.0,0,419.07,0.0,1,2.47,0.69,SPY210630P00361000,361.0,0,0.0,0.0,,0.0,normalDay
2021-05-27,6751.0,188.0,0.0,0,419.29,0.0,1,2.47,0.59,SPY210630P00361000,361.0,0,0.0,0.0,,0.0,normalDay
2021-05-28,6751.0,188.0,0.0,0,420.04,0.0,1,2.47,0.59,SPY210630P00361000,361.0,0,0.0,0.0,,0.0,normalDay
2021-06-01,6751.0,191.0,0.0,0,419.67,0.0,1,2.47,0.56,SPY210630P00361000,361.0,0,0.0,0.0,,0.0,normalDay
2021-06-02,6751.0,198.0,0.0,0,420.33,0.0,1,2.47,0.49,SPY210630P00361000,361.0,0,0.0,0.0,,0.0,normalDay
2021-06-03,6751.0,195.0,0.0,0,418.77,0.0,1,2.47,0.52,SPY210630P00361000,361.0,0,0.0,0.0,,0.0,normalDay
2021-06-04,6751.0,210.0,0.0,0,422.6,0.0,1,2.47,0.37,SPY210630P00361000,361.0,0,0.0,0.0,,0.0,normalDay
2021-06-07,6751.0,216.0,0.0,0,422.19,0.0,1,2.47,0.31,SPY210630P00361000,361.0,0,0.0,0.0,,0.0,normalDay
2021-06-08,6751.0,214.0,0.0,0,422.28,0.0,1,2.47,0.33,SPY210630P00361000,361.0,0,0.0,0.0,,0.0,normalDay
2021-06-09,6751.0,210.0,0.0,0,421.65,0.0,1,2.47,0.37,SPY210630P00361000,361.0,0,0.0,0.0,,0.0,normalDay
2021-06-10,6751.0,222.0,0.0,0,423.61,0.0,1,2.47,0.25,SPY210630P00361000,361.0,0,0.0,0.0,,0.0,normalDay
2021-06-11,6751.0,225.0,0.0,0,424.31,0.0,1,2.47,0.22,SPY210630P00361000,361.0,0,0.0,0.0,,0.0,normalDay
2021-06-14,6751.0,229.0,0.0,0,425.26,0.0,1,2.47,0.18,SPY210630P00361000,361.0,0,0.0,0.0,,0.0,normalDay
2021-06-15,6751.0,227.0,0.0,0,424.48,0.0,1,2.47,0.2,SPY210630P00361000,361.0,0,0.0,0.0,,0.0,normalDay
2021-06-16,6751.0,224.0,0.0,0,422.11,0.0,1,2.47,0.23,SPY210630P00361000,361.0,0,0.0,0.0,,0.0,normalDay
2021-06-17,6751.0,227.0,0.0,0,421.97,0.0,1,2.47,0.2,SPY210630P00361000,361.0,0,0.0,0.0,,0.0,normalDay
2021-06-18,6751.0,217.0,0.0,0,414.92,0.0,1,2.47,0.3,SPY210630P00361000,361.0,0,0.0,0.0,,0.0,normalDay
2021-06-21,6751.0,235.0,0.0,0,420.86,0.0,1,2.47,0.12,SPY210630P00361000,361.0,0,0.0,0.0,,0.0,normalDay
2021-06-22,6751.0,240.0,0.0,0,423.11,0.0,1,2.47,0.07,SPY210630P00361000,361.0,0,0.0,0.0,,0.0,normalDay
2021-06-23,6751.0,243.0,0.0,0,422.6,0.0,1,2.47,0.04,SPY210630P00361000,361.0,0,0.0,0.0,,0.0,normalDay
2021-06-24,6751.0,244.0,0.0,0,425.1,0.0,1,2.47,0.03,SPY210630P00361000,361.0,0,0.0,0.0,,0.0,normalDay
2021-06-25,6751.0,244.0,0.0,0,426.61,0.0,1,2.47,0.03,SPY210630P00361000,361.0,0,0.0,0.0,,0.0,normalDay
2021-06-28,6751.0,246.0,0.0,0,427.47,0.0,1,2.47,0.01,SPY210630P00361000,361.0,0,0.0,0.0,,0.0,normalDay
2021-06-29,6751.0,246.0,0.0,0,427.7,0.0,1,2.47,0.01,SPY210630P00361000,361.0,0,0.0,0.0,,0.0,normalDay
2021-06-30,6998.0,0.0,247.0,0,428.06,0.0,1,2.47,0.0,SPY210630P00361000,361.0,0,0.0,0.0,,0.0,expirationDay
2021-07-01,6998.0,-4.0,0.0,0,430.43,0.0,1,6.04,6.08,SPY210917P00410000,410.0,0,0.0,0.0,,0.0,normalDay
2021-07-02,6998.0,63.0,0.0,0,433.72,0.0,1,6.04,5.41,SPY210917P00410000,410.0,0,0.0,0.0,,0.0,normalDay
2021-07-06,6998.0,33.0,0.0,0,432.93,0.0,1,6.04,5.71,SPY210917P00410000,410.0,0,0.0,0.0,,0.0,normalDay
2021-07-07,6998.0,56.0,0.0,0,434.46,0.0,1,6.04,5.48,SPY210917P00410000,410.0,0,0.0,0.0,,0.0,normalDay
2021-07-08,6998.0,-72.0,0.0,0,430.92,0.0,1,6.04,6.76,SPY210917P00410000,410.0,0,0.0,0.0,,0.0,normalDay
2021-07-09,6998.0,92.0,0.0,0,435.52,0.0,1,6.04,5.12,SPY210917P00410000,410.0,0,0.0,0.0,,0.0,normalDay
2021-07-12,6998.0,131.0,0.0,0,437.08,0.0,1,6.04,4.73,SPY210917P00410000,410.0,0,0.0,0.0,,0.0,normalDay
2021-07-13,6998.0,74.0,0.0,0,435.59,0.0,1,6.04,5.3,SPY210917P00410000,410.0,0,0.0,0.0,,0.0,normalDay
2021-07-14,6998.0,116.0,0.0,0,436.24,0.0,1,6.04,4.88,SPY210917P00410000,410.0,0,0.0,0.0,,0.0,normalDay
2021-07-15,6998.0,73.0,0.0,0,434.75,0.0,1,6.04,5.31,SPY210917P00410000,410.0,0,0.0,0.0,,0.0,normalDay
2021-07-16,6998.0,-16.0,0.0,0,431.34,0.0,1,6.04,6.2,SPY210917P00410000,410.0,0,0.0,0.0,,0.0,normalDay
2021-07-19,6998.0,-251.0,0.0,0,424.97,0.0,1,6.04,8.55,SPY210917P00410000,410.0,0,0.0,0.0,,0.0,normalDay
2021-07-20,6998.0,-27.0,0.0,0,431.06,0.0,1,6.04,6.31,SPY210917P00410000,410.0,0,0.0,0.0,,0.0,normalDay
2021-07-21,6998.0,108.0,0.0,0,434.55,0.0,1,6.04,4.96,SPY210917P00410000,410.0,0,0.0,0.0,,0.0,normalDay
2021-07-22,6998.0,127.0,0.0,0,435.46,0.0,1,6.04,4.77,SPY210917P00410000,410.0,0,0.0,0.0,,0.0,normalDay
2021-07-23,6998.0,203.0,0.0,0,439.94,0.0,1,6.04,4.01,SPY210917P00410000,410.0,0,0.0,0.0,,0.0,normalDay
2021-07-26,6998.0,238.0,0.0,0,441.02,0.0,1,6.04,3.66,SPY210917P00410000,410.0,0,0.0,0.0,,0.0,normalDay
2021-07-27,6998.0,167.0,0.0,0,439.01,0.0,1,6.04,4.37,SPY210917P00410000,410.0,0,0.0,0.0,,0.0,normalDay
2021-07-28,6998.0,205.0,0.0,0,438.83,0.0,1,6.04,3.99,SPY210917P00410000,410.0,0,0.0,0.0,,0.0,normalDay
2021-07-29,6998.0,261.0,0.0,0,440.65,0.0,1,6.04,3.43,SPY210917P00410000,410.0,0,0.0,0.0,,0.0,normalDay
2021-07-30,6998.0,237.0,0.0,0,438.51,0.0,1,6.04,3.67,SPY210917P00410000,410.0,0,0.0,0.0,,0.0,normalDay
2021-08-02,6998.0,206.0,0.0,0,437.59,0.0,1,6.04,3.98,SPY210917P00410000,410.0,0,0.0,0.0,,0.0,normalDay
2021-08-03,6998.0,293.0,0.0,0,441.15,0.0,1,6.04,3.11,SPY210917P00410000,410.0,0,0.0,0.0,,0.0,normalDay
2021-08-04,6998.0,281.0,0.0,0,438.98,0.0,1,6.04,3.23,SPY210917P00410000,410.0,0,0.0,0.0,,0.0,normalDay
2021-08-05,6998.0,331.0,0.0,0,441.76,0.0,1,6.04,2.73,SPY210917P00410000,410.0,0,0.0,0.0,,0.0,normalDay
2021-08-06,6998.0,369.0,0.0,0,442.49,0.0,1,6.04,2.35,SPY210917P00410000,410.0,0,0.0,0.0,,0.0,normalDay
2021-08-09,6998.0,377.0,0.0,0,442.13,0.0,1,6.04,2.27,SPY210917P00410000,410.0,0,0.0,0.0,,0.0,normalDay
2021-08-10,6998.0,384.0,0.0,0,442.68,0.0,1,6.04,2.2,SPY210917P00410000,410.0,0,0.0,0.0,,0.0,normalDay
2021-08-11,6998.0,412.0,0.0,0,443.78,0.0,1,6.04,1.92,SPY210917P00410000,410.0,0,0.0,0.0,,0.0,normalDay
2021-08-12,6998.0,437.0,0.0,0,445.11,0.0,1,6.04,1.67,SPY210917P00410000,410.0,0,0.0,0.0,,0.0,normalDay
2021-08-13,6998.0,452.0,0.0,0,445.92,0.0,1,6.04,1.52,SPY210917P00410000,410.0,0,0.0,0.0,,0.0,normalDay
2021-08-16,6998.0,464.0,0.0,0,446.97,0.0,1,6.04,1.4,SPY210917P00410000,410.0,0,0.0,0.0,,0.0,normalDay
2021-08-17,6998.0,414.0,0.0,0,444.04,0.0,1,6.04,1.9,SPY210917P00410000,410.0,0,0.0,0.0,,0.0,normalDay
2021-08-18,6998.0,309.0,0.0,0,439.18,0.0,1,6.04,2.95,SPY210917P00410000,410.0,0,0.0,0.0,,0.0,normalDay
2021-08-19,6998.0,319.0,0.0,0,439.86,0.0,1,6.04,2.85,SPY210917P00410000,410.0,0,0.0,0.0,,0.0,normalDay
2021-08-20,6998.0,427.0,0.0,0,443.36,0.0,1,6.04,1.77,SPY210917P00410000,410.0,0,0.0,0.0,,0.0,normalDay
2021-08-23,6998.0,499.0,0.0,0,447.26,0.0,1,6.04,1.05,SPY210917P00410000,410.0,0,0.0,0.0,,0.0,normalDay
2021-08-24,6998.0,507.0,0.0,0,447.97,0.0,1,6.04,0.97,SPY210917P00410000,410.0,0,0.0,0.0,,0.0,normalDay
2021-08-25,6998.0,521.0,0.0,0,448.91,0.0,1,6.04,0.83,SPY210917P00410000,410.0,0,0.0,0.0,,0.0,normalDay
2021-08-26,6998.0,487.0,0.0,0,446.26,0.0,1,6.04,1.17,SPY210917P00410000,410.0,0,0.0,0.0,,0.0,normalDay
2021-08-27,6998.0,538.0,0.0,0,450.25,0.0,1,6.04,0.66,SPY210917P00410000,410.0,0,0.0,0.0,,0.0,normalDay
2021-08-30,6998.0,559.0,0.0,0,452.23,0.0,1,6.04,0.45,SPY210917P00410000,410.0,0,0.0,0.0,,0.0,normalDay
2021-08-31,6998.0,555.0,0.0,0,451.56,0.0,1,6.04,0.49,SPY210917P00410000,410.0,0,0.0,0.0,,0.0,normalDay
2021-09-01,6998.0,564.0,0.0,0,451.8,0.0,1,6.04,0.4,SPY210917P00410000,410.0,0,0.0,0.0,,0.0,normalDay
2021-09-02,6998.0,563.0,0.0,0,453.19,0.0,1,6.04,0.41,SPY210917P00410000,410.0,0,0.0,0.0,,0.0,normalDay
2021-09-03,6998.0,569.0,0.0,0,453.08,0.0,1,6.04,0.35,SPY210917P00410000,410.0,0,0.0,0.0,,0.0,normalDay
2021-09-07,6998.0,573.0,0.0,0,451.46,0.0,1,6.04,0.31,SPY210917P00410000,410.0,0,0.0,0.0,,0.0,normalDay
2021-09-08,6998.0,579.0,0.0,0,450.91,0.0,1,6.04,0.25,SPY210917P00410000,410.0,0,0.0,0.0,,0.0,normalDay
2021-09-09,6998.0,576.0,0.0,0,448.98,0.0,1,6.04,0.28,SPY210917P00410000,410.0,0,0.0,0.0,,0.0,normalDay
2021-09-10,6998.0,543.0,0.0,0,445.44,0.0,1,6.04,0.61,SPY210917P00410000,410.0,0,0.0,0.0,,0.0,normalDay
2021-09-13,6998.0,578.0,0.0,0,446.58,0.0,1,6.04,0.26,SPY210917P00410000,410.0,0,0.0,0.0,,0.0,normalDay
2021-09-14,6998.0,588.0,0.0,0,444.17,0.0,1,6.04,0.16,SPY210917P00410000,410.0,0,0.0,0.0,,0.0,normalDay
2021-09-15,6998.0,597.0,0.0,0,447.88,0.0,1,6.04,0.07,SPY210917P00410000,410.0,0,0.0,0.0,,0.0,normalDay
2021-09-16,6998.0,601.0,0.0,0,447.17,0.0,1,6.04,0.03,SPY210917P00410000,410.0,0,0.0,0.0,,0.0,normalDay
2021-09-17,7602.0,0.0,604.0,0,441.4,0.0,1,6.04,0.0,SPY210917P00410000,410.0,0,0.0,0.0,,0.0,expirationDay
2021-09-20,7602.0,-7.0,0.0,0,434.04,0.0,1,12.24,12.31,SPY211119P00429000,429.0,0,0.0,0.0,,0.0,normalDay
2021-09-21,7602.0,27.0,0.0,0,433.63,0.0,1,12.24,11.97,SPY211119P00429000,429.0,0,0.0,0.0,,0.0,normalDay
2021-09-22,7602.0,297.0,0.0,0,437.86,0.0,1,12.24,9.27,SPY211119P00429000,429.0,0,0.0,0.0,,0.0,normalDay
2021-09-23,7602.0,526.0,0.0,0,443.18,0.0,1,12.24,6.98,SPY211119P00429000,429.0,0,0.0,0.0,,0.0,normalDay
2021-09-24,7602.0,583.0,0.0,0,443.91,0.0,1,12.24,6.41,SPY211119P00429000,429.0,0,0.0,0.0,,0.0,normalDay
2021-09-27,7602.0,546.0,0.0,0,442.64,0.0,1,12.24,6.78,SPY211119P00429000,429.0,0,0.0,0.0,,0.0,normalDay
2021-09-28,7602.0,173.0,0.0,0,433.72,0.0,1,12.24,10.51,SPY211119P00429000,429.0,0,0.0,0.0,,0.0,normalDay
2021-09-29,7602.0,216.0,0.0,0,434.45,0.0,1,12.24,10.08,SPY211119P00429000,429.0,0,0.0,0.0,,0.0,normalDay
2021-09-30,7602.0,29.0,0.0,0,429.14,0.0,1,12.24,11.95,SPY211119P00429000,429.0,0,0.0,0.0,,0.0,normalDay
2021-10-01,7602.0,280.0,0.0,0,434.24,0.0,1,12.24,9.44,SPY211119P00429000,429.0,0,0.0,0.0,,0.0,normalDay
2021-10-04,7602.0,50.0,0.0,0,428.64,0.0,1,12.24,11.74,SPY211119P00429000,429.0,0,0.0,0.0,,0.0,normalDay
2021-10-05,7602.0,275.0,0.0,0,433.1,0.0,1,12.24,9.49,SPY211119P00429000,429.0,0,0.0,0.0,,0.0,normalDay
2021-10-06,7602.0,349.0,0.0,0,434.9,0.0,1,12.24,8.75,SPY211119P00429000,429.0,0,0.0,0.0,,0.0,normalDay
2021-10-07,7602.0,540.0,0.0,0,438.66,0.0,1,12.24,6.84,SPY211119P00429000,429.0,0,0.0,0.0,,0.0,normalDay
2021-10-08,7602.0,527.0,0.0,0,437.86,0.0,1,12.24,6.97,SPY211119P00429000,429.0,0,0.0,0.0,,0.0,normalDay
2021-10-11,7602.0,441.0,0.0,0,434.69,0.0,1,12.24,7.83,SPY211119P00429000,429.0,0,0.0,0.0,,0.0,normalDay
2021-10-12,7602.0,416.0,0.0,0,433.62,0.0,1,12.24,8.08,SPY211119P00429000,429.0,0,0.0,0.0,,0.0,normalDay
2021-10-13,7602.0,563.0,0.0,0,435.18,0.0,1,12.24,6.61,SPY211119P00429000,429.0,0,0.0,0.0,,0.0,normalDay
2021-10-14,7602.0,815.0,0.0,0,442.5,0.0,1,12.24,4.09,SPY211119P00429000,429.0,0,0.0,0.0,,0.0,normalDay
2021-10-15,7602.0,890.0,0.0,0,445.87,0.0,1,12.24,3.34,SPY211119P00429000,429.0,0,0.0,0.0,,0.0,normalDay
2021-10-18,7602.0,936.0,0.0,0,447.19,0.0,1,12.24,2.88,SPY211119P00429000,429.0,0,0.0,0.0,,0.0,normalDay
2021-10-19,7602.0,1004.0,0.0,0,450.64,0.0,1,12.24,2.2,SPY211119P00429000,429.0,0,0.0,0.0,,0.0,normalDay
2021-10-20,7602.0,1026.0,0.0,0,452.41,0.0,1,12.24,1.98,SPY211119P00429000,429.0,0,0.0,0.0,,0.0,normalDay
2021-10-21,7602.0,1053.0,0.0,0,453.59,0.0,1,12.24,1.71,SPY211119P00429000,429.0,0,0.0,0.0,,0.0,normalDay
2021-10-22,7602.0,1044.0,0.0,0,453.12,0.0,1,12.24,1.8,SPY211119P00429000,429.0,0,0.0,0.0,,0.0,normalDay
2021-10-25,7602.0,1087.0,0.0,0,455.55,0.0,1,12.24,1.37,SPY211119P00429000,429.0,0,0.0,0.0,,0.0,normalDay
2021-10-26,7602.0,1084.0,0.0,0,455.96,0.0,1,12.24,1.4,SPY211119P00429000,429.0,0,0.0,0.0,,0.0,normalDay
2021-10-27,7602.0,1055.0,0.0,0,453.94,0.0,1,12.24,1.69,SPY211119P00429000,429.0,0,0.0,0.0,,0.0,normalDay
2021-10-28,7602.0,1103.0,0.0,0,458.32,0.0,1,12.24,1.21,SPY211119P00429000,429.0,0,0.0,0.0,,0.0,normalDay
2021-10-29,7602.0,1118.0,0.0,0,459.25,0.0,1,12.24,1.06,SPY211119P00429000,429.0,0,0.0,0.0,,0.0,normalDay
2021-11-01,7602.0,1144.0,0.0,0,460.04,0.0,1,12.24,0.8,SPY211119P00429000,429.0,0,0.0,0.0,,0.0,normalDay
2021-11-02,7602.0,1158.0,0.0,0,461.9,0.0,1,12.24,0.66,SPY211119P00429000,429.0,0,0.0,0.0,,0.0,normalDay
2021-11-03,7602.0,1182.0,0.0,0,464.72,0.0,1,12.24,0.42,SPY211119P00429000,429.0,0,0.0,0.0,,0.0,normalDay
2021-11-04,7602.0,1185.0,0.0,0,466.91,0.0,1,12.24,0.39,SPY211119P00429000,429.0,0,0.0,0.0,,0.0,normalDay
2021-11-05,7602.0,1189.0,0.0,0,468.53,0.0,1,12.24,0.35,SPY211119P00429000,429.0,0,0.0,0.0,,0.0,normalDay
2021-11-08,7602.0,1196.0,0.0,0,468.93,0.0,1,12.24,0.28,SPY211119P00429000,429.0,0,0.0,0.0,,0.0,normalDay
2021-11-09,7602.0,1198.0,0.0,0,467.38,0.0,1,12.24,0.26,SPY211119P00429000,429.0,0,0.0,0.0,,0.0,normalDay
2021-11-10,7602.0,1197.0,0.0,0,463.62,0.0,1,12.24,0.27,SPY211119P00429000,429.0,0,0.0,0.0,,0.0,normalDay
2021-11-11,7602.0,1208.0,0.0,0,463.77,0.0,1,12.24,0.16,SPY211119P00429000,429.0,0,0.0,0.0,,0.0,normalDay
2021-11-12,7602.0,1216.0,0.0,0,467.27,0.0,1,12.24,0.08,SPY211119P00429000,429.0,0,0.0,0.0,,0.0,normalDay
2021-11-15,7602.0,1220.0,0.0,0,467.43,0.0,1,12.24,0.04,SPY211119P00429000,429.0,0,0.0,0.0,,0.0,normalDay
2021-11-16,7602.0,1220.0,0.0,0,469.28,0.0,1,12.24,0.04,SPY211119P00429000,429.0,0,0.0,0.0,,0.0,normalDay
2021-11-17,7602.0,1222.0,0.0,0,468.14,0.0,1,12.24,0.02,SPY211119P00429000,429.0,0,0.0,0.0,,0.0,normalDay
2021-11-18,7602.0,1222.0,0.0,0,469.73,0.0,1,12.24,0.02,SPY211119P00429000,429.0,0,0.0,0.0,,0.0,normalDay
2021-11-19,8826.0,0.0,1224.0,0,468.89,0.0,1,12.24,0.0,SPY211119P00429000,429.0,0,0.0,0.0,,0.0,expirationDay
2021-11-22,8826.0,-5.0,0.0,0,467.57,0.0,1,6.24,6.29,SPY220121P00444000,444.0,0,0.0,0.0,,0.0,normalDay
2021-11-23,8826.0,20.0,0.0,0,468.19,0.0,1,6.24,6.04,SPY220121P00444000,444.0,0,0.0,0.0,,0.0,normalDay
2021-11-24,8826.0,81.0,0.0,0,469.44,0.0,1,6.24,5.43,SPY220121P00444000,444.0,0,0.0,0.0,,0.0,normalDay
2021-11-26,8826.0,-628.0,0.0,0,458.97,0.0,1,6.24,12.52,SPY220121P00444000,444.0,0,0.0,0.0,,0.0,normalDay
2021-11-29,8826.0,-103.0,0.0,0,464.6,0.0,1,6.24,7.27,SPY220121P00444000,444.0,0,0.0,0.0,,0.0,normalDay
2021-11-30,8826.0,-393.0,0.0,0,455.56,0.0,1,6.24,10.17,SPY220121P00444000,444.0,0,0.0,0.0,,0.0,normalDay
2021-12-01,8826.0,-765.0,0.0,0,450.5,0.0,1,6.24,13.89,SPY220121P00444000,444.0,0,0.0,0.0,,0.0,normalDay
2021-12-02,8826.0,-419.0,0.0,0,457.4,0.0,1,6.24,10.43,SPY220121P00444000,444.0,0,0.0,0.0,,0.0,normalDay
2021-12-03,8826.0,-606.0,0.0,0,453.42,0.0,1,6.24,12.3,SPY220121P00444000,444.0,0,0.0,0.0,,0.0,normalDay
2021-12-06,8826.0,-300.0,0.0,0,458.79,0.0,1,6.24,9.24,SPY220121P00444000,444.0,0,0.0,0.0,,0.0,normalDay
2021-12-07,8826.0,70.0,0.0,0,468.28,0.0,1,6.24,5.54,SPY220121P00444000,444.0,0,0.0,0.0,,0.0,normalDay
2021-12-08,8826.0,164.0,0.0,0,469.52,0.0,1,6.24,4.6,SPY220121P00444000,444.0,0,0.0,0.0,,0.0,normalDay
2021-12-09,8826.0,84.0,0.0,0,466.35,0.0,1,6.24,5.4,SPY220121P00444000,444.0,0,0.0,0.0,,0.0,normalDay
2021-12-10,8826.0,229.0,0.0,0,470.74,0.0,1,6.24,3.95,SPY220121P00444000,444.0,0,0.0,0.0,,0.0,normalDay
2021-12-13,8826.0,148.0,0.0,0,466.57,0.0,1,6.24,4.76,SPY220121P00444000,444.0,0,0.0,0.0,,0.0,normalDay
2021-12-14,8826.0,52.0,0.0,0,463.36,0.0,1,6.24,5.72,SPY220121P00444000,444.0,0,0.0,0.0,,0.0,normalDay
2021-12-15,8826.0,271.0,0.0,0,470.6,0.0,1,6.24,3.53,SPY220121P00444000,444.0,0,0.0,0.0,,0.0,normalDay
2021-12-16,8826.0,192.0,0.0,0,466.45,0.0,1,6.24,4.32,SPY220121P00444000,444.0,0,0.0,0.0,,0.0,normalDay
2021-12-17,8826.0,62.0,0.0,0,459.87,0.0,1,6.24,5.62,SPY220121P00444000,444.0,0,0.0,0.0,,0.0,normalDay
2021-12-20,8826.0,-64.0,0.0,0,454.98,0.0,1,6.24,6.88,SPY220121P00444000,444.0,0,0.0,0.0,,0.0,normalDay
2021-12-21,8826.0,179.0,0.0,0,463.06,0.0,1,6.24,4.45,SPY220121P00444000,444.0,0,0.0,0.0,,0.0,normalDay
2021-12-22,8826.0,335.0,0.0,0,467.69,0.0,1,6.24,2.89,SPY220121P00444000,444.0,0,0.0,0.0,,0.0,normalDay
2021-12-23,8826.0,403.0,0.0,0,470.6,0.0,1,6.24,2.21,SPY220121P00444000,444.0,0,0.0,0.0,,0.0,normalDay
2021-12-27,8826.0,496.0,0.0,0,477.26,0.0,1,6.24,1.28,SPY220121P00444000,444.0,0,0.0,0.0,,0.0,normalDay
2021-12-28,8826.0,504.0,0.0,0,476.87,0.0,1,6.24,1.2,SPY220121P00444000,444.0,0,0.0,0.0,,0.0,normalDay
2021-12-29,8826.0,530.0,0.0,0,477.48,0.0,1,6.24,0.94,SPY220121P00444000,444.0,0,0.0,0.0,,0.0,normalDay
2021-12-30,8826.0,519.0,0.0,0,476.16,0.0,1,6.24,1.05,SPY220121P00444000,444.0,0,0.0,0.0,,0.0,normalDay
2021-12-31,8826.0,529.0,0.0,0,474.96,0.0,1,6.24,0.95,SPY220121P00444000,444.0,0,0.0,0.0,,0.0,normalDay
2022-01-03,8826.0,565.0,0.0,0,477.71,0.0,1,6.24,0.59,SPY220121P00444000,444.0,0,0.0,0.0,,0.0,normalDay
2022-01-04,8826.0,566.0,0.0,0,477.55,0.0,1,6.24,0.58,SPY220121P00444000,444.0,0,0.0,0.0,,0.0,normalDay
2022-01-05,8826.0,476.0,0.0,0,468.38,0.0,1,6.24,1.48,SPY220121P00444000,444.0,0,0.0,0.0,,0.0,normalDay
2022-01-06,8826.0,497.0,0.0,0,467.94,0.0,1,6.24,1.27,SPY220121P00444000,444.0,0,0.0,0.0,,0.0,normalDay
2022-01-07,8826.0,527.0,0.0,0,466.09,0.0,1,6.24,0.97,SPY220121P00444000,444.0,0,0.0,0.0,,0.0,normalDay
2022-01-10,8826.0,526.0,0.0,0,465.51,0.0,1,6.24,0.98,SPY220121P00444000,444.0,0,0.0,0.0,,0.0,normalDay
2022-01-11,8826.0,567.0,0.0,0,469.75,0.0,1,6.24,0.57,SPY220121P00444000,444.0,0,0.0,0.0,,0.0,normalDay
2022-01-12,8826.0,596.0,0.0,0,471.02,0.0,1,6.24,0.28,SPY220121P00444000,444.0,0,0.0,0.0,,0.0,normalDay
2022-01-13,8826.0,548.0,0.0,0,464.53,0.0,1,6.24,0.76,SPY220121P00444000,444.0,0,0.0,0.0,,0.0,normalDay
2022-01-14,8826.0,583.0,0.0,0,464.72,0.0,1,6.24,0.41,SPY220121P00444000,444.0,0,0.0,0.0,,0.0,normalDay
2022-01-18,8826.0,534.0,0.0,0,456.49,0.0,1,6.24,0.9,SPY220121P00444000,444.0,0,0.0,0.0,,0.0,normalDay
2022-01-19,8826.0,534.0,0.0,0,451.75,0.0,1,6.24,0.9,SPY220121P00444000,444.0,0,0.0,0.0,,0.0,normalDay
2022-01-20,8826.0,453.0,0.0,0,446.75,0.0,1,6.24,1.71,SPY220121P00444000,444.0,0,0.0,0.0,,0.0,normalDay
2022-01-21,9450.0,-602.0,624.0,100,437.98,444.0,1,6.24,0.0,SPY220121P00444000,444.0,0,0.0,0.0,,0.0,expirationDay
2022-01-24,9450.0,-419.0,0.0,100,439.84,444.0,0,0.0,0.0,,0.0,1,0.01,0.04,SPY220225C00515000,515.0,normalDay
2022-01-25,9450.0,-956.0,0.0,100,434.47,444.0,0,0.0,0.0,,0.0,1,0.01,0.04,SPY220225C00515000,515.0,normalDay
2022-01-26,9450.0,-1066.0,0.0,100,433.38,444.0,0,0.0,0.0,,0.0,1,0.01,0.05,SPY220225C00515000,515.0,normalDay
2022-01-27,9450.0,-1278.0,0.0,100,431.24,444.0,0,0.0,0.0,,0.0,1,0.01,0.03,SPY220225C00515000,515.0,normalDay
2022-01-28,9450.0,-208.0,0.0,100,441.95,444.0,0,0.0,0.0,,0.0,1,0.01,0.04,SPY220225C00515000,515.0,normalDay
2022-01-31,9450.0,590.0,0.0,100,449.91,444.0,0,0.0,0.0,,0.0,1,0.01,0.02,SPY220225C00515000,515.0,normalDay
2022-02-01,9450.0,894.0,0.0,100,452.95,444.0,0,0.0,0.0,,0.0,1,0.01,0.02,SPY220225C00515000,515.0,normalDay
2022-02-02,9450.0,1334.0,0.0,100,457.35,444.0,0,0.0,0.0,,0.0,1,0.01,0.02,SPY220225C00515000,515.0,normalDay
2022-02-03,9450.0,259.0,0.0,100,446.6,444.0,0,0.0,0.0,,0.0,1,0.01,0.02,SPY220225C00515000,515.0,normalDay
2022-02-04,9450.0,470.0,0.0,100,448.7,444.0,0,0.0,0.0,,0.0,1,0.01,0.01,SPY220225C00515000,515.0,normalDay
2022-02-07,9450.0,326.0,0.0,100,447.26,444.0,0,0.0,0.0,,0.0,1,0.01,0.01,SPY220225C00515000,515.0,normalDay
2022-02-08,9450.0,694.0,0.0,100,450.94,444.0,0,0.0,0.0,,0.0,1,0.01,0.01,SPY220225C00515000,515.0,normalDay
2022-02-09,9450.0,1354.0,0.0,100,457.54,444.0,0,0.0,0.0,,0.0,1,0.01,0.01,SPY220225C00515000,515.0,normalDay
2022-02-10,9450.0,532.0,0.0,100,449.32,444.0,0,0.0,0.0,,0.0,1,0.01,0.01,SPY220225C00515000,515.0,normalDay
2022-02-11,9450.0,-354.0,0.0,100,440.46,444.0,0,0.0,0.0,,0.0,1,0.01,0.01,SPY220225C00515000,515.0,normalDay
2022-02-14,9450.0,-498.0,0.0,100,439.02,444.0,0,0.0,0.0,,0.0,1,0.01,0.01,SPY220225C00515000,515.0,normalDay
2022-02-15,9450.0,210.0,0.0,100,446.1,444.0,0,0.0,0.0,,0.0,1,0.01,0.01,SPY220225C00515000,515.0,normalDay
2022-02-16,9450.0,260.0,0.0,100,446.6,444.0,0,0.0,0.0,,0.0,1,0.01,0.01,SPY220225C00515000,515.0,normalDay
2022-02-17,9450.0,-694.0,0.0,100,437.06,444.0,0,0.0,0.0,,0.0,1,0.01,0.01,SPY220225C00515000,515.0,normalDay
2022-02-18,9450.0,-977.0,0.0,100,434.23,444.0,0,0.0,0.0,,0.0,1,0.01,0.01,SPY220225C00515000,515.0,normalDay
2022-02-22,9450.0,-1443.0,0.0,100,429.57,444.0,0,0.0,0.0,,0.0,1,0.01,0.01,SPY220225C00515000,515.0,normalDay
2022-02-23,9450.0,-2205.0,0.0,100,421.95,444.0,0,0.0,0.0,,0.0,1,0.01,0.01,SPY220225C00515000,515.0,normalDay
2022-02-24,9450.0,-1570.0,0.0,100,428.3,444.0,0,0.0,0.0,,0.0,1,0.01,0.01,SPY220225C00515000,515.0,normalDay
2022-02-25,9451.0,-625.0,1.0,100,437.75,444.0,0,0.0,0.0,,0.0,1,0.01,0.0,SPY220225C00515000,515.0,expirationDay
2022-02-28,9451.0,-740.0,0.0,100,436.63,444.0,0,0.0,0.0,,0.0,1,0.26,0.29,SPY220401C00480000,480.0,normalDay
2022-03-01,9451.0,-1398.0,0.0,100,429.98,444.0,0,0.0,0.0,,0.0,1,0.26,0.22,SPY220401C00480000,480.0,normalDay
2022-03-02,9451.0,-611.0,0.0,100,437.89,444.0,0,0.0,0.0,,0.0,1,0.26,0.26,SPY220401C00480000,480.0,normalDay
2022-03-03,9451.0,-820.0,0.0,100,435.71,444.0,0,0.0,0.0,,0.0,1,0.26,0.17,SPY220401C00480000,480.0,normalDay
2022-03-04,9451.0,-1167.0,0.0,100,432.17,444.0,0,0.0,0.0,,0.0,1,0.26,0.1,SPY220401C00480000,480.0,normalDay
2022-03-07,9451.0,-2436.0,0.0,100,419.43,444.0,0,0.0,0.0,,0.0,1,0.26,0.05,SPY220401C00480000,480.0,normalDay
2022-03-08,9451.0,-2754.0,0.0,100,416.25,444.0,0,0.0,0.0,,0.0,1,0.26,0.05,SPY220401C00480000,480.0,normalDay
2022-03-09,9451.0,-1641.0,0.0,100,427.41,444.0,0,0.0,0.0,,0.0,1,0.26,0.08,SPY220401C00480000,480.0,normalDay
2022-03-10,9451.0,-1831.0,0.0,100,425.48,444.0,0,0.0,0.0,,0.0,1,0.26,0.05,SPY220401C00480000,480.0,normalDay
2022-03-11,9451.0,-2371.0,0.0,100,420.07,444.0,0,0.0,0.0,,0.0,1,0.26,0.04,SPY220401C00480000,480.0,normalDay
2022-03-14,9451.0,-2677.0,0.0,100,417.0,444.0,0,0.0,0.0,,0.0,1,0.26,0.03,SPY220401C00480000,480.0,normalDay
2022-03-15,9451.0,-1760.0,0.0,100,426.17,444.0,0,0.0,0.0,,0.0,1,0.26,0.03,SPY220401C00480000,480.0,normalDay
2022-03-16,9451.0,-816.0,0.0,100,435.62,444.0,0,0.0,0.0,,0.0,1,0.26,0.04,SPY220401C00480000,480.0,normalDay
2022-03-17,9451.0,-272.0,0.0,100,441.07,444.0,0,0.0,0.0,,0.0,1,0.26,0.05,SPY220401C00480000,480.0,normalDay
2022-03-18,9451.0,73.0,0.0,100,444.52,444.0,0,0.0,0.0,,0.0,1,0.26,0.05,SPY220401C00480000,480.0,normalDay
2022-03-21,9451.0,62.0,0.0,100,444.39,444.0,0,0.0,0.0,,0.0,1,0.26,0.03,SPY220401C00480000,480.0,normalDay
2022-03-22,9451.0,582.0,0.0,100,449.59,444.0,0,0.0,0.0,,0.0,1,0.26,0.03,SPY220401C00480000,480.0,normalDay
2022-03-23,9451.0,4.0,0.0,100,443.8,444.0,0,0.0,0.0,,0.0,1,0.26,0.02,SPY220401C00480000,480.0,normalDay
2022-03-24,9451.0,673.0,0.0,100,450.49,444.0,0,0.0,0.0,,0.0,1,0.26,0.02,SPY220401C00480000,480.0,normalDay
2022-03-25,9451.0,894.0,0.0,100,452.69,444.0,0,0.0,0.0,,0.0,1,0.26,0.01,SPY220401C00480000,480.0,normalDay
2022-03-28,9451.0,1216.0,0.0,100,455.91,444.0,0,0.0,0.0,,0.0,1,0.26,0.01,SPY220401C00480000,480.0,normalDay
2022-03-29,9451.0,1779.0,0.0,100,461.55,444.0,0,0.0,0.0,,0.0,1,0.26,0.02,SPY220401C00480000,480.0,normalDay
2022-03-30,9451.0,1495.0,0.0,100,458.7,444.0,0,0.0,0.0,,0.0,1,0.26,0.01,SPY220401C00480000,480.0,normalDay
2022-03-31,9451.0,789.0,0.0,100,451.64,444.0,0,0.0,0.0,,0.0,1,0.26,0.01,SPY220401C00480000,480.0,normalDay
2022-04-01,9477.0,892.0,26.0,100,452.92,444.0,0,0.0,0.0,,0.0,1,0.26,0.0,SPY220401C00480000,480.0,expirationDay
2022-04-04,9477.0,1277.0,0.0,100,456.8,444.0,0,0.0,0.0,,0.0,1,0.03,0.06,SPY220506C00498000,498.0,normalDay
2022-04-05,9477.0,702.0,0.0,100,451.03,444.0,0,0.0,0.0,,0.0,1,0.03,0.04,SPY220506C00498000,498.0,normalDay
2022-04-06,9477.0,252.0,0.0,100,446.52,444.0,0,0.0,0.0,,0.0,1,0.03,0.03,SPY220506C00498000,498.0,normalDay
2022-04-07,9477.0,477.0,0.0,100,448.77,444.0,0,0.0,0.0,,0.0,1,0.03,0.03,SPY220506C00498000,498.0,normalDay
2022-04-08,9477.0,358.0,0.0,100,447.57,444.0,0,0.0,0.0,,0.0,1,0.03,0.02,SPY220506C00498000,498.0,normalDay
2022-04-11,9477.0,-407.0,0.0,100,439.92,444.0,0,0.0,0.0,,0.0,1,0.03,0.02,SPY220506C00498000,498.0,normalDay
2022-04-12,9477.0,-570.0,0.0,100,438.29,444.0,0,0.0,0.0,,0.0,1,0.03,0.02,SPY220506C00498000,498.0,normalDay
2022-04-13,9477.0,-67.0,0.0,100,443.31,444.0,0,0.0,0.0,,0.0,1,0.03,0.01,SPY220506C00498000,498.0,normalDay
2022-04-14,9477.0,-619.0,0.0,100,437.79,444.0,0,0.0,0.0,,0.0,1,0.03,0.01,SPY220506C00498000,498.0,normalDay
2022-04-18,9477.0,-601.0,0.0,100,437.97,444.0,0,0.0,0.0,,0.0,1,0.03,0.01,SPY220506C00498000,498.0,normalDay
2022-04-19,9477.0,106.0,0.0,100,445.04,444.0,0,0.0,0.0,,0.0,1,0.03,0.01,SPY220506C00498000,498.0,normalDay
2022-04-20,9477.0,73.0,0.0,100,444.71,444.0,0,0.0,0.0,,0.0,1,0.03,0.01,SPY220506C00498000,498.0,normalDay
2022-04-21,9477.0,-592.0,0.0,100,438.06,444.0,0,0.0,0.0,,0.0,1,0.03,0.01,SPY220506C00498000,498.0,normalDay
2022-04-22,9477.0,-1794.0,0.0,100,426.04,444.0,0,0.0,0.0,,0.0,1,0.03,0.01,SPY220506C00498000,498.0,normalDay
2022-04-25,9477.0,-1547.0,0.0,100,428.51,444.0,0,0.0,0.0,,0.0,1,0.03,0.01,SPY220506C00498000,498.0,normalDay
2022-04-26,9477.0,-2788.0,0.0,100,416.1,444.0,0,0.0,0.0,,0.0,1,0.03,0.01,SPY220506C00498000,498.0,normalDay
2022-04-27,9477.0,-2671.0,0.0,100,417.27,444.0,0,0.0,0.0,,0.0,1,0.03,0.01,SPY220506C00498000,498.0,normalDay
2022-04-28,9477.0,-1617.0,0.0,100,427.81,444.0,0,0.0,0.0,,0.0,1,0.03,0.01,SPY220506C00498000,498.0,normalDay
2022-04-29,9477.0,-3198.0,0.0,100,412.0,444.0,0,0.0,0.0,,0.0,1,0.03,0.01,SPY220506C00498000,498.0,normalDay
2022-05-02,9477.0,-2950.0,0.0,100,414.48,444.0,0,0.0,0.0,,0.0,1,0.03,0.01,SPY220506C00498000,498.0,normalDay
2022-05-03,9477.0,-2760.0,0.0,100,416.38,444.0,0,0.0,0.0,,0.0,1,0.03,0.01,SPY220506C00498000,498.0,normalDay
2022-05-04,9477.0,-1492.0,0.0,100,429.06,444.0,0,0.0,0.0,,0.0,1,0.03,0.01,SPY220506C00498000,498.0,normalDay
2022-05-05,9477.0,-3017.0,0.0,100,413.81,444.0,0,0.0,0.0,,0.0,1,0.03,0.01,SPY220506C00498000,498.0,normalDay
2022-05-06,9480.0,-3266.0,3.0,100,411.34,444.0,0,0.0,0.0,,0.0,1,0.03,0.0,SPY220506C00498000,498.0,expirationDay
2022-05-09,9480.0,-4586.0,0.0,100,398.17,444.0,0,0.0,0.0,,0.0,1,0.02,0.05,SPY220610C00480000,480.0,normalDay
2022-05-10,9480.0,-4492.0,0.0,100,399.09,444.0,0,0.0,0.0,,0.0,1,0.02,0.03,SPY220610C00480000,480.0,normalDay
2022-05-11,9480.0,-5126.0,0.0,100,392.75,444.0,0,0.0,0.0,,0.0,1,0.02,0.03,SPY220610C00480000,480.0,normalDay
2022-05-12,9480.0,-5167.0,0.0,100,392.34,444.0,0,0.0,0.0,,0.0,1,0.02,0.03,SPY220610C00480000,480.0,normalDay
2022-05-13,9480.0,-4229.0,0.0,100,401.72,444.0,0,0.0,0.0,,0.0,1,0.02,0.03,SPY220610C00480000,480.0,normalDay
2022-05-16,9480.0,-4391.0,0.0,100,400.09,444.0,0,0.0,0.0,,0.0,1,0.02,0.02,SPY220610C00480000,480.0,normalDay
2022-05-17,9480.0,-3568.0,0.0,100,408.32,444.0,0,0.0,0.0,,0.0,1,0.02,0.02,SPY220610C00480000,480.0,normalDay
2022-05-18,9480.0,-5214.0,0.0,100,391.86,444.0,0,0.0,0.0,,0.0,1,0.02,0.02,SPY220610C00480000,480.0,normalDay
2022-05-19,9480.0,-5454.0,0.0,100,389.46,444.0,0,0.0,0.0,,0.0,1,0.02,0.02,SPY220610C00480000,480.0,normalDay
2022-05-20,9480.0,-5437.0,0.0,100,389.63,444.0,0,0.0,0.0,,0.0,1,0.02,0.02,SPY220610C00480000,480.0,normalDay
2022-05-23,9480.0,-4708.0,0.0,100,396.92,444.0,0,0.0,0.0,,0.0,1,0.02,0.02,SPY220610C00480000,480.0,normalDay
2022-05-24,9480.0,-5011.0,0.0,100,393.89,444.0,0,0.0,0.0,,0.0,1,0.02,0.02,SPY220610C00480000,480.0,normalDay
2022-05-25,9480.0,-4663.0,0.0,100,397.37,444.0,0,0.0,0.0,,0.0,1,0.02,0.02,SPY220610C00480000,480.0,normalDay
2022-05-26,9480.0,-3869.0,0.0,100,405.31,444.0,0,0.0,0.0,,0.0,1,0.02,0.02,SPY220610C00480000,480.0,normalDay
2022-05-27,9480.0,-2874.0,0.0,100,415.26,444.0,0,0.0,0.0,,0.0,1,0.02,0.02,SPY220610C00480000,480.0,normalDay
2022-05-31,9480.0,-3107.0,0.0,100,412.93,444.0,0,0.0,0.0,,0.0,1,0.02,0.02,SPY220610C00480000,480.0,normalDay
2022-06-01,9480.0,-3440.0,0.0,100,409.59,444.0,0,0.0,0.0,,0.0,1,0.02,0.01,SPY220610C00480000,480.0,normalDay
2022-06-02,9480.0,-2660.0,0.0,100,417.39,444.0,0,0.0,0.0,,0.0,1,0.02,0.01,SPY220610C00480000,480.0,normalDay
2022-06-03,9480.0,-3345.0,0.0,100,410.54,444.0,0,0.0,0.0,,0.0,1,0.02,0.01,SPY220610C00480000,480.0,normalDay
2022-06-06,9480.0,-3220.0,0.0,100,411.79,444.0,0,0.0,0.0,,0.0,1,0.02,0.01,SPY220610C00480000,480.0,normalDay
2022-06-07,9480.0,-2825.0,0.0,100,415.74,444.0,0,0.0,0.0,,0.0,1,0.02,0.01,SPY220610C00480000,480.0,normalDay
2022-06-08,9480.0,-3277.0,0.0,100,411.22,444.0,0,0.0,0.0,,0.0,1,0.02,0.01,SPY220610C00480000,480.0,normalDay
2022-06-09,9480.0,-4255.0,0.0,100,401.44,444.0,0,0.0,0.0,,0.0,1,0.02,0.01,SPY220610C00480000,480.0,normalDay
2022-06-10,9482.0,-5420.0,2.0,100,389.8,444.0,0,0.0,0.0,,0.0,1,0.02,0.0,SPY220610C00480000,480.0,expirationDay
2022-06-13,9482.0,-6903.0,0.0,100,375.0,444.0,0,0.0,0.0,,0.0,1,0.08,0.11,SPY220715C00447000,447.0,normalDay
2022-06-14,9482.0,-7014.0,0.0,100,373.87,444.0,0,0.0,0.0,,0.0,1,0.08,0.09,SPY220715C00447000,447.0,normalDay
2022-06-15,9482.0,-6480.0,0.0,100,379.2,444.0,0,0.0,0.0,,0.0,1,0.08,0.08,SPY220715C00447000,447.0,normalDay
2022-06-16,9482.0,-7733.0,0.0,100,366.65,444.0,0,0.0,0.0,,0.0,1,0.08,0.06,SPY220715C00447000,447.0,normalDay
2022-06-17,9482.0,-7813.0,0.0,100,365.86,444.0,0,0.0,0.0,,0.0,1,0.08,0.07,SPY220715C00447000,447.0,normalDay
2022-06-21,9482.0,-6891.0,0.0,100,375.07,444.0,0,0.0,0.0,,0.0,1,0.08,0.06,SPY220715C00447000,447.0,normalDay
2022-06-22,9482.0,-6958.0,0.0,100,374.39,444.0,0,0.0,0.0,,0.0,1,0.08,0.05,SPY220715C00447000,447.0,normalDay
2022-06-23,9482.0,-6591.0,0.0,100,378.06,444.0,0,0.0,0.0,,0.0,1,0.08,0.05,SPY220715C00447000,447.0,normalDay
2022-06-24,9482.0,-5391.0,0.0,100,390.08,444.0,0,0.0,0.0,,0.0,1,0.08,0.07,SPY220715C00447000,447.0,normalDay
2022-06-27,9482.0,-5538.0,0.0,100,388.59,444.0,0,0.0,0.0,,0.0,1,0.08,0.05,SPY220715C00447000,447.0,normalDay
2022-06-28,9482.0,-6330.0,0.0,100,380.65,444.0,0,0.0,0.0,,0.0,1,0.08,0.03,SPY220715C00447000,447.0,normalDay
2022-06-29,9482.0,-6361.0,0.0,100,380.34,444.0,0,0.0,0.0,,0.0,1,0.08,0.03,SPY220715C00447000,447.0,normalDay
2022-06-30,9482.0,-6669.0,0.0,100,377.25,444.0,0,0.0,0.0,,0.0,1,0.08,0.02,SPY220715C00447000,447.0,normalDay
2022-07-01,9482.0,-6270.0,0.0,100,381.24,444.0,0,0.0,0.0,,0.0,1,0.08,0.02,SPY220715C00447000,447.0,normalDay
2022-07-05,9482.0,-6197.0,0.0,100,381.96,444.0,0,0.0,0.0,,0.0,1,0.08,0.01,SPY220715C00447000,447.0,normalDay
2022-07-06,9482.0,-6068.0,0.0,100,383.25,444.0,0,0.0,0.0,,0.0,1,0.08,0.01,SPY220715C00447000,447.0,normalDay
2022-07-07,9482.0,-5494.0,0.0,100,388.99,444.0,0,0.0,0.0,,0.0,1,0.08,0.01,SPY220715C00447000,447.0,normalDay
2022-07-08,9482.0,-5526.0,0.0,100,388.67,444.0,0,0.0,0.0,,0.0,1,0.08,0.01,SPY220715C00447000,447.0,normalDay
2022-07-11,9482.0,-5970.0,0.0,100,384.23,444.0,0,0.0,0.0,,0.0,1,0.08,0.01,SPY220715C00447000,447.0,normalDay
2022-07-12,9482.0,-6310.0,0.0,100,380.83,444.0,0,0.0,0.0,,0.0,1,0.08,0.01,SPY220715C00447000,447.0,normalDay
2022-07-13,9482.0,-6510.0,0.0,100,378.83,444.0,0,0.0,0.0,,0.0,1,0.08,0.01,SPY220715C00447000,447.0,normalDay
2022-07-14,9482.0,-6602.0,0.0,100,377.91,444.0,0,0.0,0.0,,0.0,1,0.08,0.01,SPY220715C00447000,447.0,normalDay
2022-07-15,9490.0,-5887.0,8.0,100,385.13,444.0,0,0.0,0.0,,0.0,1,0.08,0.0,SPY220715C00447000,447.0,expirationDay
2022-07-18,9490.0,-6208.0,0.0,100,381.95,444.0,0,0.0,0.0,,0.0,1,2.12,2.15,SPY220819C00404000,404.0,normalDay
2022-07-19,9490.0,-5474.0,0.0,100,392.27,444.0,0,0.0,0.0,,0.0,1,2.12,5.13,SPY220819C00404000,404.0,normalDay
2022-07-20,9490.0,-5298.0,0.0,100,394.77,444.0,0,0.0,0.0,,0.0,1,2.12,5.87,SPY220819C00404000,404.0,normalDay
2022-07-21,9490.0,-4985.0,0.0,100,398.79,444.0,0,0.0,0.0,,0.0,1,2.12,6.76,SPY220819C00404000,404.0,normalDay
2022-07-22,9490.0,-5170.0,0.0,100,395.09,444.0,0,0.0,0.0,,0.0,1,2.12,4.91,SPY220819C00404000,404.0,normalDay
2022-07-25,9490.0,-5131.0,0.0,100,395.57,444.0,0,0.0,0.0,,0.0,1,2.12,5.0,SPY220819C00404000,404.0,normalDay
2022-07-26,9490.0,-5466.0,0.0,100,390.89,444.0,0,0.0,0.0,,0.0,1,2.12,3.67,SPY220819C00404000,404.0,normalDay
2022-07-27,9490.0,-4732.0,0.0,100,401.04,444.0,0,0.0,0.0,,0.0,1,2.12,6.48,SPY220819C00404000,404.0,normalDay
2022-07-28,9490.0,-4568.0,0.0,100,406.07,444.0,0,0.0,0.0,,0.0,1,2.12,9.87,SPY220819C00404000,404.0,normalDay
2022-07-29,9490.0,-4257.0,0.0,100,411.99,444.0,0,0.0,0.0,,0.0,1,2.12,12.68,SPY220819C00404000,404.0,normalDay
2022-08-01,9490.0,-4305.0,0.0,100,410.77,444.0,0,0.0,0.0,,0.0,1,2.12,11.94,SPY220819C00404000,404.0,normalDay
2022-08-02,9490.0,-4392.0,0.0,100,408.06,444.0,0,0.0,0.0,,0.0,1,2.12,10.1,SPY220819C00404000,404.0,normalDay
2022-08-03,9490.0,-4109.0,0.0,100,414.45,444.0,0,0.0,0.0,,0.0,1,2.12,13.66,SPY220819C00404000,404.0,normalDay
2022-08-04,9490.0,-4119.0,0.0,100,414.17,444.0,0,0.0,0.0,,0.0,1,2.12,13.48,SPY220819C00404000,404.0,normalDay
2022-08-05,9490.0,-4060.0,0.0,100,413.47,444.0,0,0.0,0.0,,0.0,1,2.12,12.19,SPY220819C00404000,404.0,normalDay
2022-08-08,9490.0,-4069.0,0.0,100,412.99,444.0,0,0.0,0.0,,0.0,1,2.12,11.8,SPY220819C00404000,404.0,normalDay
2022-08-09,9490.0,-4113.0,0.0,100,411.35,444.0,0,0.0,0.0,,0.0,1,2.12,10.6,SPY220819C00404000,404.0,normalDay
2022-08-10,9490.0,-3861.0,0.0,100,419.99,444.0,0,0.0,0.0,,0.0,1,2.12,16.72,SPY220819C00404000,404.0,normalDay
2022-08-11,9490.0,-3920.0,0.0,100,419.99,444.0,0,0.0,0.0,,0.0,1,2.12,17.31,SPY220819C00404000,404.0,normalDay
2022-08-12,9490.0,-3795.0,0.0,100,427.1,444.0,0,0.0,0.0,,0.0,1,2.12,23.17,SPY220819C00404000,404.0,normalDay
2022-08-15,9490.0,-3797.0,0.0,100,428.86,444.0,0,0.0,0.0,,0.0,1,2.12,24.95,SPY220819C00404000,404.0,normalDay
2022-08-16,9490.0,-3783.0,0.0,100,429.7,444.0,0,0.0,0.0,,0.0,1,2.12,25.65,SPY220819C00404000,404.0,normalDay
2022-08-17,9490.0,-3827.0,0.0,100,426.65,444.0,0,0.0,0.0,,0.0,1,2.12,23.04,SPY220819C00404000,404.0,normalDay
2022-08-18,9490.0,-3787.0,0.0,100,427.89,444.0,0,0.0,0.0,,0.0,1,2.12,23.88,SPY220819C00404000,404.0,normalDay
2022-08-19,5702.0,-3787.0,-3788.0,0,422.14,0.0,0,0.0,0.0,,0.0,1,2.12,0.0,SPY220819C00404000,404.0,expirationDay
2022-08-22,5702.0,-4.0,0.0,0,413.35,0.0,1,4.05,4.09,SPY221021P00372000,372.0,0,0.0,0.0,,0.0,normalDay
2022-08-23,5702.0,-9.0,0.0,0,412.35,0.0,1,4.05,4.14,SPY221021P00372000,372.0,0,0.0,0.0,,0.0,normalDay
2022-08-24,5702.0,52.0,0.0,0,413.67,0.0,1,4.05,3.53,SPY221021P00372000,372.0,0,0.0,0.0,,0.0,normalDay
2022-08-25,5702.0,136.0,0.0,0,419.51,0.0,1,4.05,2.69,SPY221021P00372000,372.0,0,0.0,0.0,,0.0,normalDay
2022-08-26,5702.0,-110.0,0.0,0,405.31,0.0,1,4.05,5.15,SPY221021P00372000,372.0,0,0.0,0.0,,0.0,normalDay
2022-08-29,5702.0,-131.0,0.0,0,402.63,0.0,1,4.05,5.36,SPY221021P00372000,372.0,0,0.0,0.0,,0.0,normalDay
2022-08-30,5702.0,-204.0,0.0,0,398.21,0.0,1,4.05,6.09,SPY221021P00372000,372.0,0,0.0,0.0,,0.0,normalDay
2022-08-31,5702.0,-233.0,0.0,0,395.18,0.0,1,4.05,6.38,SPY221021P00372000,372.0,0,0.0,0.0,,0.0,normalDay
2022-09-01,5702.0,-182.0,0.0,0,396.42,0.0,1,4.05,5.87,SPY221021P00372000,372.0,0,0.0,0.0,,0.0,normalDay
2022-09-02,5702.0,-255.0,0.0,0,392.24,0.0,1,4.05,6.6,SPY221021P00372000,372.0,0,0.0,0.0,,0.0,normalDay
2022-09-06,5702.0,-307.0,0.0,0,390.76,0.0,1,4.05,7.12,SPY221021P00372000,372.0,0,0.0,0.0,,0.0,normalDay
2022-09-07,5702.0,-82.0,0.0,0,397.78,0.0,1,4.05,4.87,SPY221021P00372000,372.0,0,0.0,0.0,,0.0,normalDay
2022-09-08,5702.0,18.0,0.0,0,400.38,0.0,1,4.05,3.87,SPY221021P00372000,372.0,0,0.0,0.0,,0.0,normalDay
2022-09-09,5702.0,115.0,0.0,0,406.6,0.0,1,4.05,2.9,SPY221021P00372000,372.0,0,0.0,0.0,,0.0,normalDay
2022-09-12,5702.0,172.0,0.0,0,410.97,0.0,1,4.05,2.33,SPY221021P00372000,372.0,0,0.0,0.0,,0.0,normalDay
2022-09-13,5702.0,-134.0,0.0,0,393.1,0.0,1,4.05,5.39,SPY221021P00372000,372.0,0,0.0,0.0,,0.0,normalDay
2022-09-14,5702.0,-95.0,0.0,0,394.6,0.0,1,4.05,5.0,SPY221021P00372000,372.0,0,0.0,0.0,,0.0,normalDay
2022-09-15,5702.0,-152.0,0.0,0,390.12,0.0,1,4.05,5.57,SPY221021P00372000,372.0,0,0.0,0.0,,0.0,normalDay
2022-09-16,5702.0,-224.0,0.0,0,385.56,0.0,1,4.05,6.29,SPY221021P00372000,372.0,0,0.0,0.0,,0.0,normalDay
2022-09-19,5702.0,-114.0,0.0,0,388.55,0.0,1,4.05,5.19,SPY221021P00372000,372.0,0,0.0,0.0,,0.0,normalDay
2022-09-20,5702.0,-249.0,0.0,0,384.09,0.0,1,4.05,6.54,SPY221021P00372000,372.0,0,0.0,0.0,,0.0,normalDay
2022-09-21,5702.0,-483.0,0.0,0,377.39,0.0,1,4.05,8.88,SPY221021P00372000,372.0,0,0.0,0.0,,0.0,normalDay
2022-09-22,5702.0,-534.0,0.0,0,374.22,0.0,1,4.05,9.39,SPY221021P00372000,372.0,0,0.0,0.0,,0.0,normalDay
2022-09-23,5702.0,-893.0,0.0,0,367.95,0.0,1,4.05,12.98,SPY221021P00372000,372.0,0,0.0,0.0,,0.0,normalDay
2022-09-26,5702.0,-1130.0,0.0,0,364.31,0.0,1,4.05,15.35,SPY221021P00372000,372.0,0,0.0,0.0,,0.0,normalDay
2022-09-27,5702.0,-1131.0,0.0,0,363.38,0.0,1,4.05,15.36,SPY221021P00372000,372.0,0,0.0,0.0,,0.0,normalDay
2022-09-28,5702.0,-676.0,0.0,0,370.53,0.0,1,4.05,10.81,SPY221021P00372000,372.0,0,0.0,0.0,,0.0,normalDay
2022-09-29,5702.0,-1073.0,0.0,0,362.79,0.0,1,4.05,14.78,SPY221021P00372000,372.0,0,0.0,0.0,,0.0,normalDay
2022-09-30,5702.0,-1337.0,0.0,0,357.18,0.0,1,4.05,17.42,SPY221021P00372000,372.0,0,0.0,0.0,,0.0,normalDay
2022-10-03,5702.0,-714.0,0.0,0,366.61,0.0,1,4.05,11.19,SPY221021P00372000,372.0,0,0.0,0.0,,0.0,normalDay
2022-10-04,5702.0,-209.0,0.0,0,377.97,0.0,1,4.05,6.14,SPY221021P00372000,372.0,0,0.0,0.0,,0.0,normalDay
2022-10-05,5702.0,-184.0,0.0,0,377.09,0.0,1,4.05,5.89,SPY221021P00372000,372.0,0,0.0,0.0,,0.0,normalDay
2022-10-06,5702.0,-368.0,0.0,0,373.2,0.0,1,4.05,7.73,SPY221021P00372000,372.0,0,0.0,0.0,,0.0,normalDay
2022-10-07,5702.0,-916.0,0.0,0,362.79,0.0,1,4.05,13.21,SPY221021P00372000,372.0,0,0.0,0.0,,0.0,normalDay
2022-10-10,5702.0,-1046.0,0.0,0,360.02,0.0,1,4.05,14.51,SPY221021P00372000,372.0,0,0.0,0.0,,0.0,normalDay
2022-10-11,5702.0,-1233.0,0.0,0,357.74,0.0,1,4.05,16.38,SPY221021P00372000,372.0,0,0.0,0.0,,0.0,normalDay
2022-10-12,5702.0,-1321.0,0.0,0,356.56,0.0,1,4.05,17.26,SPY221021P00372000,372.0,0,0.0,0.0,,0.0,normalDay
2022-10-13,5702.0,-576.0,0.0,0,365.97,0.0,1,4.05,9.81,SPY221021P00372000,372.0,0,0.0,0.0,,0.0,normalDay
2022-10-14,5702.0,-1121.0,0.0,0,357.63,0.0,1,4.05,15.26,SPY221021P00372000,372.0,0,0.0,0.0,,0.0,normalDay
2022-10-17,5702.0,-340.0,0.0,0,366.82,0.0,1,4.05,7.45,SPY221021P00372000,372.0,0,0.0,0.0,,0.0,normalDay
2022-10-18,5702.0,-12.0,0.0,0,371.13,0.0,1,4.05,4.17,SPY221021P00372000,372.0,0,0.0,0.0,,0.0,normalDay
2022-10-19,5702.0,-143.0,0.0,0,368.5,0.0,1,4.05,5.48,SPY221021P00372000,372.0,0,0.0,0.0,,0.0,normalDay
2022-10-20,5702.0,-263.0,0.0,0,365.41,0.0,1,4.05,6.68,SPY221021P00372000,372.0,0,0.0,0.0,,0.0,normalDay
2022-10-21,6107.0,0.0,405.0,0,374.29,0.0,1,4.05,0.0,SPY221021P00372000,372.0,0,0.0,0.0,,0.0,expirationDay
2022-10-24,6107.0,-4.0,0.0,0,378.87,0.0,1,4.83,4.87,SPY221230P00336000,336.0,0,0.0,0.0,,0.0,normalDay
2022-10-25,6107.0,84.0,0.0,0,384.92,0.0,1,4.83,3.99,SPY221230P00336000,336.0,0,0.0,0.0,,0.0,normalDay
2022-10-26,6107.0,117.0,0.0,0,382.02,0.0,1,4.83,3.66,SPY221230P00336000,336.0,0,0.0,0.0,,0.0,normalDay
2022-10-27,6107.0,52.0,0.0,0,379.98,0.0,1,4.83,4.31,SPY221230P00336000,336.0,0,0.0,0.0,,0.0,normalDay
2022-10-28,6107.0,216.0,0.0,0,389.02,0.0,1,4.83,2.67,SPY221230P00336000,336.0,0,0.0,0.0,,0.0,normalDay
2022-10-31,6107.0,216.0,0.0,0,386.21,0.0,1,4.83,2.67,SPY221230P00336000,336.0,0,0.0,0.0,,0.0,normalDay
2022-11-01,6107.0,214.0,0.0,0,384.52,0.0,1,4.83,2.69,SPY221230P00336000,336.0,0,0.0,0.0,,0.0,normalDay
2022-11-02,6107.0,110.0,0.0,0,374.87,0.0,1,4.83,3.73,SPY221230P00336000,336.0,0,0.0,0.0,,0.0,normalDay
2022-11-03,6107.0,100.0,0.0,0,371.01,0.0,1,4.83,3.83,SPY221230P00336000,336.0,0,0.0,0.0,,0.0,normalDay
2022-11-04,6107.0,180.0,0.0,0,376.35,0.0,1,4.83,3.03,SPY221230P00336000,336.0,0,0.0,0.0,,0.0,normalDay
2022-11-07,6107.0,246.0,0.0,0,379.95,0.0,1,4.83,2.37,SPY221230P00336000,336.0,0,0.0,0.0,,0.0,normalDay
2022-11-08,6107.0,230.0,0.0,0,382.0,0.0,1,4.83,2.53,SPY221230P00336000,336.0,0,0.0,0.0,,0.0,normalDay
2022-11-09,6107.0,158.0,0.0,0,374.13,0.0,1,4.83,3.25,SPY221230P00336000,336.0,0,0.0,0.0,,0.0,normalDay
2022-11-10,6107.0,353.0,0.0,0,394.69,0.0,1,4.83,1.3,SPY221230P00336000,336.0,0,0.0,0.0,,0.0,normalDay
2022-11-11,6107.0,370.0,0.0,0,398.51,0.0,1,4.83,1.13,SPY221230P00336000,336.0,0,0.0,0.0,,0.0,normalDay
2022-11-14,6107.0,365.0,0.0,0,395.12,0.0,1,4.83,1.18,SPY221230P00336000,336.0,0,0.0,0.0,,0.0,normalDay
2022-11-15,6107.0,372.0,0.0,0,398.49,0.0,1,4.83,1.11,SPY221230P00336000,336.0,0,0.0,0.0,,0.0,normalDay
2022-11-16,6107.0,374.0,0.0,0,395.45,0.0,1,4.83,1.09,SPY221230P00336000,336.0,0,0.0,0.0,,0.0,normalDay
2022-11-17,6107.0,384.0,0.0,0,394.24,0.0,1,4.83,0.99,SPY221230P00336000,336.0,0,0.0,0.0,,0.0,normalDay
2022-11-18,6107.0,399.0,0.0,0,396.03,0.0,1,4.83,0.84,SPY221230P00336000,336.0,0,0.0,0.0,,0.0,normalDay
2022-11-21,6107.0,416.0,0.0,0,394.59,0.0,1,4.83,0.67,SPY221230P00336000,336.0,0,0.0,0.0,,0.0,normalDay
2022-11-22,6107.0,436.0,0.0,0,399.9,0.0,1,4.83,0.47,SPY221230P00336000,336.0,0,0.0,0.0,,0.0,normalDay
2022-11-23,6107.0,443.0,0.0,0,402.42,0.0,1,4.83,0.4,SPY221230P00336000,336.0,0,0.0,0.0,,0.0,normalDay
2022-11-25,6107.0,443.0,0.0,0,402.33,0.0,1,4.83,0.4,SPY221230P00336000,336.0,0,0.0,0.0,,0.0,normalDay
2022-11-28,6107.0,433.0,0.0,0,395.91,0.0,1,4.83,0.5,SPY221230P00336000,336.0,0,0.0,0.0,,0.0,normalDay
2022-11-29,6107.0,439.0,0.0,0,395.23,0.0,1,4.83,0.44,SPY221230P00336000,336.0,0,0.0,0.0,,0.0,normalDay
2022-11-30,6107.0,459.0,0.0,0,407.68,0.0,1,4.83,0.24,SPY221230P00336000,336.0,0,0.0,0.0,,0.0,normalDay
2022-12-01,6107.0,463.0,0.0,0,407.38,0.0,1,4.83,0.2,SPY221230P00336000,336.0,0,0.0,0.0,,0.0,normalDay
2022-12-02,6107.0,465.0,0.0,0,406.91,0.0,1,4.83,0.18,SPY221230P00336000,336.0,0,0.0,0.0,,0.0,normalDay
2022-12-05,6107.0,460.0,0.0,0,399.59,0.0,1,4.83,0.23,SPY221230P00336000,336.0,0,0.0,0.0,,0.0,normalDay
2022-12-06,6107.0,452.0,0.0,0,393.83,0.0,1,4.83,0.31,SPY221230P00336000,336.0,0,0.0,0.0,,0.0,normalDay
2022-12-07,6107.0,453.0,0.0,0,393.16,0.0,1,4.83,0.3,SPY221230P00336000,336.0,0,0.0,0.0,,0.0,normalDay
2022-12-08,6107.0,460.0,0.0,0,396.24,0.0,1,4.83,0.23,SPY221230P00336000,336.0,0,0.0,0.0,,0.0,normalDay
2022-12-09,6107.0,458.0,0.0,0,393.28,0.0,1,4.83,0.25,SPY221230P00336000,336.0,0,0.0,0.0,,0.0,normalDay
2022-12-12,6107.0,462.0,0.0,0,398.95,0.0,1,4.83,0.21,SPY221230P00336000,336.0,0,0.0,0.0,,0.0,normalDay
2022-12-13,6107.0,471.0,0.0,0,401.97,0.0,1,4.83,0.12,SPY221230P00336000,336.0,0,0.0,0.0,,0.0,normalDay
2022-12-14,6107.0,473.0,0.0,0,399.4,0.0,1,4.83,0.1,SPY221230P00336000,336.0,0,0.0,0.0,,0.0,normalDay
2022-12-15,6107.0,464.0,0.0,0,389.63,0.0,1,4.83,0.19,SPY221230P00336000,336.0,0,0.0,0.0,,0.0,normalDay
2022-12-16,6107.0,468.0,0.0,0,383.27,0.0,1,4.83,0.15,SPY221230P00336000,336.0,0,0.0,0.0,,0.0,normalDay
2022-12-19,6107.0,471.0,0.0,0,380.02,0.0,1,4.83,0.12,SPY221230P00336000,336.0,0,0.0,0.0,,0.0,normalDay
2022-12-20,6107.0,475.0,0.0,0,380.54,0.0,1,4.83,0.08,SPY221230P00336000,336.0,0,0.0,0.0,,0.0,normalDay
2022-12-21,6107.0,478.0,0.0,0,386.23,0.0,1,4.83,0.05,SPY221230P00336000,336.0,0,0.0,0.0,,0.0,normalDay
2022-12-22,6107.0,476.0,0.0,0,380.72,0.0,1,4.83,0.07,SPY221230P00336000,336.0,0,0.0,0.0,,0.0,normalDay
2022-12-23,6107.0,480.0,0.0,0,382.91,0.0,1,4.83,0.03,SPY221230P00336000,336.0,0,0.0,0.0,,0.0,normalDay
2022-12-27,6107.0,481.0,0.0,0,381.4,0.0,1,4.83,0.02,SPY221230P00336000,336.0,0,0.0,0.0,,0.0,normalDay
2022-12-28,6107.0,481.0,0.0,0,376.66,0.0,1,4.83,0.02,SPY221230P00336000,336.0,0,0.0,0.0,,0.0,normalDay
2022-12-29,6107.0,482.0,0.0,0,383.44,0.0,1,4.83,0.01,SPY221230P00336000,336.0,0,0.0,0.0,,0.0,normalDay
2022-12-30,6590.0,0.0,483.0,0,382.43,0.0,1,4.83,0.0,SPY221230P00336000,336.0,0,0.0,0.0,,0.0,expirationDay
2023-01-03,6590.0,-6.0,0.0,0,380.82,0.0,1,7.34,7.4,SPY230331P00355000,355.0,0,0.0,0.0,,0.0,normalDay
2023-01-04,6590.0,113.0,0.0,0,383.76,0.0,1,7.34,6.21,SPY230331P00355000,355.0,0,0.0,0.0,,0.0,normalDay
2023-01-05,6590.0,20.0,0.0,0,379.38,0.0,1,7.34,7.14,SPY230331P00355000,355.0,0,0.0,0.0,,0.0,normalDay
2023-01-06,6590.0,223.0,0.0,0,388.08,0.0,1,7.34,5.11,SPY230331P00355000,355.0,0,0.0,0.0,,0.0,normalDay
2023-01-09,6590.0,210.0,0.0,0,387.86,0.0,1,7.34,5.24,SPY230331P00355000,355.0,0,0.0,0.0,,0.0,normalDay
2023-01-10,6590.0,302.0,0.0,0,390.58,0.0,1,7.34,4.32,SPY230331P00355000,355.0,0,0.0,0.0,,0.0,normalDay
2023-01-11,6590.0,358.0,0.0,0,395.52,0.0,1,7.34,3.76,SPY230331P00355000,355.0,0,0.0,0.0,,0.0,normalDay
2023-01-12,6590.0,425.0,0.0,0,396.96,0.0,1,7.34,3.09,SPY230331P00355000,355.0,0,0.0,0.0,,0.0,normalDay
2023-01-13,6590.0,452.0,0.0,0,398.5,0.0,1,7.34,2.82,SPY230331P00355000,355.0,0,0.0,0.0,,0.0,normalDay
2023-01-17,6590.0,452.0,0.0,0,397.77,0.0,1,7.34,2.82,SPY230331P00355000,355.0,0,0.0,0.0,,0.0,normalDay
2023-01-18,6590.0,369.0,0.0,0,391.49,0.0,1,7.34,3.65,SPY230331P00355000,355.0,0,0.0,0.0,,0.0,normalDay
2023-01-19,6590.0,337.0,0.0,0,388.64,0.0,1,7.34,3.97,SPY230331P00355000,355.0,0,0.0,0.0,,0.0,normalDay
2023-01-20,6590.0,439.0,0.0,0,395.88,0.0,1,7.34,2.95,SPY230331P00355000,355.0,0,0.0,0.0,,0.0,normalDay
2023-01-23,6590.0,491.0,0.0,0,400.63,0.0,1,7.34,2.43,SPY230331P00355000,355.0,0,0.0,0.0,,0.0,normalDay
2023-01-24,6590.0,516.0,0.0,0,400.2,0.0,1,7.34,2.18,SPY230331P00355000,355.0,0,0.0,0.0,,0.0,normalDay
2023-01-25,6590.0,512.0,0.0,0,400.35,0.0,1,7.34,2.22,SPY230331P00355000,355.0,0,0.0,0.0,,0.0,normalDay
2023-01-26,6590.0,548.0,0.0,0,404.75,0.0,1,7.34,1.86,SPY230331P00355000,355.0,0,0.0,0.0,,0.0,normalDay
2023-01-27,6590.0,559.0,0.0,0,405.68,0.0,1,7.34,1.75,SPY230331P00355000,355.0,0,0.0,0.0,,0.0,normalDay
2023-01-30,6590.0,524.0,0.0,0,400.59,0.0,1,7.34,2.1,SPY230331P00355000,355.0,0,0.0,0.0,,0.0,normalDay
2023-01-31,6590.0,566.0,0.0,0,406.48,0.0,1,7.34,1.68,SPY230331P00355000,355.0,0,0.0,0.0,,0.0,normalDay
2023-02-01,6590.0,608.0,0.0,0,410.8,0.0,1,7.34,1.26,SPY230331P00355000,355.0,0,0.0,0.0,,0.0,normalDay
2023-02-02,6590.0,601.0,0.0,0,416.78,0.0,1,7.34,1.33,SPY230331P00355000,355.0,0,0.0,0.0,,0.0,normalDay
2023-02-03,6590.0,602.0,0.0,0,412.35,0.0,1,7.34,1.32,SPY230331P00355000,355.0,0,0.0,0.0,,0.0,normalDay
2023-02-06,6590.0,594.0,0.0,0,409.83,0.0,1,7.34,1.4,SPY230331P00355000,355.0,0,0.0,0.0,,0.0,normalDay
2023-02-07,6590.0,626.0,0.0,0,415.19,0.0,1,7.34,1.08,SPY230331P00355000,355.0,0,0.0,0.0,,0.0,normalDay
2023-02-08,6590.0,601.0,0.0,0,410.65,0.0,1,7.34,1.33,SPY230331P00355000,355.0,0,0.0,0.0,,0.0,normalDay
2023-02-09,6590.0,578.0,0.0,0,407.09,0.0,1,7.34,1.56,SPY230331P00355000,355.0,0,0.0,0.0,,0.0,normalDay
2023-02-10,6590.0,591.0,0.0,0,408.04,0.0,1,7.34,1.43,SPY230331P00355000,355.0,0,0.0,0.0,,0.0,normalDay
2023-02-13,6590.0,631.0,0.0,0,412.83,0.0,1,7.34,1.03,SPY230331P00355000,355.0,0,0.0,0.0,,0.0,normalDay
2023-02-14,6590.0,648.0,0.0,0,412.64,0.0,1,7.34,0.86,SPY230331P00355000,355.0,0,0.0,0.0,,0.0,normalDay
2023-02-15,6590.0,661.0,0.0,0,413.98,0.0,1,7.34,0.73,SPY230331P00355000,355.0,0,0.0,0.0,,0.0,normalDay
2023-02-16,6590.0,624.0,0.0,0,408.28,0.0,1,7.34,1.1,SPY230331P00355000,355.0,0,0.0,0.0,,0.0,normalDay
2023-02-17,6590.0,630.0,0.0,0,407.26,0.0,1,7.34,1.04,SPY230331P00355000,355.0,0,0.0,0.0,,0.0,normalDay
2023-02-21,6590.0,585.0,0.0,0,399.09,0.0,1,7.34,1.49,SPY230331P00355000,355.0,0,0.0,0.0,,0.0,normalDay
2023-02-22,6590.0,600.0,0.0,0,398.54,0.0,1,7.34,1.34,SPY230331P00355000,355.0,0,0.0,0.0,,0.0,normalDay
2023-02-23,6590.0,631.0,0.0,0,400.66,0.0,1,7.34,1.03,SPY230331P00355000,355.0,0,0.0,0.0,,0.0,normalDay
2023-02-24,6590.0,612.0,0.0,0,396.38,0.0,1,7.34,1.22,SPY230331P00355000,355.0,0,0.0,0.0,,0.0,normalDay
2023-02-27,6590.0,648.0,0.0,0,397.73,0.0,1,7.34,0.86,SPY230331P00355000,355.0,0,0.0,0.0,,0.0,normalDay
2023-02-28,6590.0,651.0,0.0,0,396.26,0.0,1,7.34,0.83,SPY230331P00355000,355.0,0,0.0,0.0,,0.0,normalDay
2023-03-01,6590.0,653.0,0.0,0,394.74,0.0,1,7.34,0.81,SPY230331P00355000,355.0,0,0.0,0.0,,0.0,normalDay
2023-03-02,6590.0,680.0,0.0,0,397.81,0.0,1,7.34,0.54,SPY230331P00355000,355.0,0,0.0,0.0,,0.0,normalDay
2023-03-03,6590.0,701.0,0.0,0,404.19,0.0,1,7.34,0.33,SPY230331P00355000,355.0,0,0.0,0.0,,0.0,normalDay
2023-03-06,6590.0,705.0,0.0,0,404.47,0.0,1,7.34,0.29,SPY230331P00355000,355.0,0,0.0,0.0,,0.0,normalDay
2023-03-07,6590.0,691.0,0.0,0,398.27,0.0,1,7.34,0.43,SPY230331P00355000,355.0,0,0.0,0.0,,0.0,normalDay
2023-03-08,6590.0,699.0,0.0,0,398.92,0.0,1,7.34,0.35,SPY230331P00355000,355.0,0,0.0,0.0,,0.0,normalDay
2023-03-09,6590.0,644.0,0.0,0,391.56,0.0,1,7.34,0.9,SPY230331P00355000,355.0,0,0.0,0.0,,0.0,normalDay
2023-03-10,6590.0,581.0,0.0,0,385.91,0.0,1,7.34,1.53,SPY230331P00355000,355.0,0,0.0,0.0,,0.0,normalDay
2023-03-13,6590.0,570.0,0.0,0,385.36,0.0,1,7.34,1.64,SPY230331P00355000,355.0,0,0.0,0.0,,0.0,normalDay
2023-03-14,6590.0,661.0,0.0,0,391.73,0.0,1,7.34,0.73,SPY230331P00355000,355.0,0,0.0,0.0,,0.0,normalDay
2023-03-15,6590.0,609.0,0.0,0,389.28,0.0,1,7.34,1.25,SPY230331P00355000,355.0,0,0.0,0.0,,0.0,normalDay
2023-03-16,6590.0,680.0,0.0,0,396.11,0.0,1,7.34,0.54,SPY230331P00355000,355.0,0,0.0,0.0,,0.0,normalDay
2023-03-17,6590.0,661.0,0.0,0,389.99,0.0,1,7.34,0.73,SPY230331P00355000,355.0,0,0.0,0.0,,0.0,normalDay
2023-03-20,6590.0,695.0,0.0,0,393.74,0.0,1,7.34,0.39,SPY230331P00355000,355.0,0,0.0,0.0,,0.0,normalDay
2023-03-21,6590.0,717.0,0.0,0,398.91,0.0,1,7.34,0.17,SPY230331P00355000,355.0,0,0.0,0.0,,0.0,normalDay
2023-03-22,6590.0,709.0,0.0,0,392.11,0.0,1,7.34,0.25,SPY230331P00355000,355.0,0,0.0,0.0,,0.0,normalDay
2023-03-23,6590.0,714.0,0.0,0,393.17,0.0,1,7.34,0.2,SPY230331P00355000,355.0,0,0.0,0.0,,0.0,normalDay
2023-03-24,6590.0,726.0,0.0,0,395.75,0.0,1,7.34,0.08,SPY230331P00355000,355.0,0,0.0,0.0,,0.0,normalDay
2023-03-27,6590.0,731.0,0.0,0,396.49,0.0,1,7.34,0.03,SPY230331P00355000,355.0,0,0.0,0.0,,0.0,normalDay
2023-03-28,6590.0,731.0,0.0,0,395.6,0.0,1,7.34,0.03,SPY230331P00355000,355.0,0,0.0,0.0,,0.0,normalDay
2023-03-29,6590.0,732.0,0.0,0,401.35,0.0,1,7.34,0.02,SPY230331P00355000,355.0,0,0.0,0.0,,0.0,normalDay
2023-03-30,6590.0,732.0,0.0,0,403.7,0.0,1,7.34,0.02,SPY230331P00355000,355.0,0,0.0,0.0,,0.0,normalDay
2023-03-31,7324.0,0.0,734.0,0,409.39,0.0,1,7.34,0.0,SPY230331P00355000,355.0,0,0.0,0.0,,0.0,expirationDay
2023-04-03,7324.0,-3.0,0.0,0,410.95,0.0,1,2.84,2.87,SPY230616P00367000,367.0,0,0.0,0.0,,0.0,normalDay
2023-04-04,7324.0,-29.0,0.0,0,408.67,0.0,1,2.84,3.13,SPY230616P00367000,367.0,0,0.0,0.0,,0.0,normalDay
2023-04-05,7324.0,-41.0,0.0,0,407.6,0.0,1,2.84,3.25,SPY230616P00367000,367.0,0,0.0,0.0,,0.0,normalDay
2023-04-06,7324.0,-6.0,0.0,0,409.19,0.0,1,2.84,2.9,SPY230616P00367000,367.0,0,0.0,0.0,,0.0,normalDay
2023-04-10,7324.0,17.0,0.0,0,409.61,0.0,1,2.84,2.67,SPY230616P00367000,367.0,0,0.0,0.0,,0.0,normalDay
2023-04-11,7324.0,24.0,0.0,0,409.72,0.0,1,2.84,2.6,SPY230616P00367000,367.0,0,0.0,0.0,,0.0,normalDay
2023-04-12,7324.0,9.0,0.0,0,408.05,0.0,1,2.84,2.75,SPY230616P00367000,367.0,0,0.0,0.0,,0.0,normalDay
2023-04-13,7324.0,80.0,0.0,0,413.47,0.0,1,2.84,2.04,SPY230616P00367000,367.0,0,0.0,0.0,,0.0,normalDay
2023-04-14,7324.0,89.0,0.0,0,412.46,0.0,1,2.84,1.95,SPY230616P00367000,367.0,0,0.0,0.0,,0.0,normalDay
2023-04-17,7324.0,116.0,0.0,0,413.94,0.0,1,2.84,1.68,SPY230616P00367000,367.0,0,0.0,0.0,,0.0,normalDay
2023-04-18,7324.0,112.0,0.0,0,414.21,0.0,1,2.84,1.72,SPY230616P00367000,367.0,0,0.0,0.0,,0.0,normalDay
2023-04-19,7324.0,113.0,0.0,0,414.14,0.0,1,2.84,1.71,SPY230616P00367000,367.0,0,0.0,0.0,,0.0,normalDay
2023-04-20,7324.0,93.0,0.0,0,411.88,0.0,1,2.84,1.91,SPY230616P00367000,367.0,0,0.0,0.0,,0.0,normalDay
2023-04-21,7324.0,103.0,0.0,0,412.2,0.0,1,2.84,1.81,SPY230616P00367000,367.0,0,0.0,0.0,,0.0,normalDay
2023-04-24,7324.0,118.0,0.0,0,412.63,0.0,1,2.84,1.66,SPY230616P00367000,367.0,0,0.0,0.0,,0.0,normalDay
2023-04-25,7324.0,53.0,0.0,0,406.08,0.0,1,2.84,2.31,SPY230616P00367000,367.0,0,0.0,0.0,,0.0,normalDay
2023-04-26,7324.0,44.0,0.0,0,404.36,0.0,1,2.84,2.4,SPY230616P00367000,367.0,0,0.0,0.0,,0.0,normalDay
2023-04-27,7324.0,140.0,0.0,0,412.41,0.0,1,2.84,1.44,SPY230616P00367000,367.0,0,0.0,0.0,,0.0,normalDay
2023-04-28,7324.0,171.0,0.0,0,415.93,0.0,1,2.84,1.13,SPY230616P00367000,367.0,0,0.0,0.0,,0.0,normalDay
2023-05-01,7324.0,175.0,0.0,0,415.51,0.0,1,2.84,1.09,SPY230616P00367000,367.0,0,0.0,0.0,,0.0,normalDay
2023-05-02,7324.0,133.0,0.0,0,410.84,0.0,1,2.84,1.51,SPY230616P00367000,367.0,0,0.0,0.0,,0.0,normalDay
2023-05-03,7324.0,114.0,0.0,0,408.02,0.0,1,2.84,1.7,SPY230616P00367000,367.0,0,0.0,0.0,,0.0,normalDay
2023-05-04,7324.0,61.0,0.0,0,405.13,0.0,1,2.84,2.23,SPY230616P00367000,367.0,0,0.0,0.0,,0.0,normalDay
2023-05-05,7324.0,156.0,0.0,0,412.63,0.0,1,2.84,1.28,SPY230616P00367000,367.0,0,0.0,0.0,,0.0,normalDay
2023-05-08,7324.0,169.0,0.0,0,412.74,0.0,1,2.84,1.15,SPY230616P00367000,367.0,0,0.0,0.0,,0.0,normalDay
2023-05-09,7324.0,160.0,0.0,0,410.93,0.0,1,2.84,1.24,SPY230616P00367000,367.0,0,0.0,0.0,,0.0,normalDay
2023-05-10,7324.0,182.0,0.0,0,412.85,0.0,1,2.84,1.02,SPY230616P00367000,367.0,0,0.0,0.0,,0.0,normalDay
2023-05-11,7324.0,184.0,0.0,0,412.13,0.0,1,2.84,1.0,SPY230616P00367000,367.0,0,0.0,0.0,,0.0,normalDay
2023-05-12,7324.0,187.0,0.0,0,411.59,0.0,1,2.84,0.97,SPY230616P00367000,367.0,0,0.0,0.0,,0.0,normalDay
2023-05-15,7324.0,204.0,0.0,0,413.01,0.0,1,2.84,0.8,SPY230616P00367000,367.0,0,0.0,0.0,,0.0,normalDay
2023-05-16,7324.0,193.0,0.0,0,410.25,0.0,1,2.84,0.91,SPY230616P00367000,367.0,0,0.0,0.0,,0.0,normalDay
2023-05-17,7324.0,222.0,0.0,0,415.23,0.0,1,2.84,0.62,SPY230616P00367000,367.0,0,0.0,0.0,,0.0,normalDay
2023-05-18,7324.0,237.0,0.0,0,419.23,0.0,1,2.84,0.47,SPY230616P00367000,367.0,0,0.0,0.0,,0.0,normalDay
2023-05-19,7324.0,233.0,0.0,0,418.62,0.0,1,2.84,0.51,SPY230616P00367000,367.0,0,0.0,0.0,,0.0,normalDay
2023-05-22,7324.0,235.0,0.0,0,418.79,0.0,1,2.84,0.49,SPY230616P00367000,367.0,0,0.0,0.0,,0.0,normalDay
2023-05-23,7324.0,218.0,0.0,0,414.09,0.0,1,2.84,0.66,SPY230616P00367000,367.0,0,0.0,0.0,,0.0,normalDay
2023-05-24,7324.0,200.0,0.0,0,411.09,0.0,1,2.84,0.84,SPY230616P00367000,367.0,0,0.0,0.0,,0.0,normalDay
2023-05-25,7324.0,220.0,0.0,0,414.65,0.0,1,2.84,0.64,SPY230616P00367000,367.0,0,0.0,0.0,,0.0,normalDay
2023-05-26,7324.0,236.0,0.0,0,420.02,0.0,1,2.84,0.48,SPY230616P00367000,367.0,0,0.0,0.0,,0.0,normalDay
2023-05-30,7324.0,256.0,0.0,0,420.18,0.0,1,2.84,0.28,SPY230616P00367000,367.0,0,0.0,0.0,,0.0,normalDay
2023-05-31,7324.0,253.0,0.0,0,417.85,0.0,1,2.84,0.31,SPY230616P00367000,367.0,0,0.0,0.0,,0.0,normalDay
2023-06-01,7324.0,264.0,0.0,0,421.82,0.0,1,2.84,0.2,SPY230616P00367000,367.0,0,0.0,0.0,,0.0,normalDay
2023-06-02,7324.0,273.0,0.0,0,427.92,0.0,1,2.84,0.11,SPY230616P00367000,367.0,0,0.0,0.0,,0.0,normalDay
2023-06-05,7324.0,277.0,0.0,0,427.1,0.0,1,2.84,0.07,SPY230616P00367000,367.0,0,0.0,0.0,,0.0,normalDay
2023-06-06,7324.0,277.0,0.0,0,428.03,0.0,1,2.84,0.07,SPY230616P00367000,367.0,0,0.0,0.0,,0.0,normalDay
2023-06-07,7324.0,277.0,0.0,0,426.55,0.0,1,2.84,0.07,SPY230616P00367000,367.0,0,0.0,0.0,,0.0,normalDay
2023-06-08,7324.0,277.0,0.0,0,429.13,0.0,1,2.84,0.07,SPY230616P00367000,367.0,0,0.0,0.0,,0.0,normalDay
2023-06-09,7324.0,279.0,0.0,0,429.9,0.0,1,2.84,0.05,SPY230616P00367000,367.0,0,0.0,0.0,,0.0,normalDay
2023-06-12,7324.0,279.0,0.0,0,433.8,0.0,1,2.84,0.05,SPY230616P00367000,367.0,0,0.0,0.0,,0.0,normalDay
2023-06-13,7324.0,281.0,0.0,0,436.66,0.0,1,2.84,0.03,SPY230616P00367000,367.0,0,0.0,0.0,,0.0,normalDay
2023-06-14,7324.0,282.0,0.0,0,437.18,0.0,1,2.84,0.02,SPY230616P00367000,367.0,0,0.0,0.0,,0.0,normalDay
2023-06-15,7324.0,283.0,0.0,0,442.6,0.0,1,2.84,0.01,SPY230616P00367000,367.0,0,0.0,0.0,,0.0,normalDay
2023-06-16,7608.0,0.0,284.0,0,439.46,0.0,1,2.84,0.0,SPY230616P00367000,367.0,0,0.0,0.0,,0.0,expirationDay
2023-06-20,7608.0,-5.0,0.0,0,437.18,0.0,1,2.14,2.19,SPY230915P00387000,387.0,0,0.0,0.0,,0.0,normalDay
2023-06-21,7608.0,-6.0,0.0,0,434.94,0.0,1,2.14,2.2,SPY230915P00387000,387.0,0,0.0,0.0,,0.0,normalDay
2023-06-22,7608.0,19.0,0.0,0,436.51,0.0,1,2.14,1.95,SPY230915P00387000,387.0,0,0.0,0.0,,0.0,normalDay
2023-06-23,7608.0,-6.0,0.0,0,433.21,0.0,1,2.14,2.2,SPY230915P00387000,387.0,0,0.0,0.0,,0.0,normalDay
2023-06-26,7608.0,-10.0,0.0,0,431.44,0.0,1,2.14,2.24,SPY230915P00387000,387.0,0,0.0,0.0,,0.0,normalDay
2023-06-27,7608.0,34.0,0.0,0,436.17,0.0,1,2.14,1.8,SPY230915P00387000,387.0,0,0.0,0.0,,0.0,normalDay
2023-06-28,7608.0,56.0,0.0,0,436.39,0.0,1,2.14,1.58,SPY230915P00387000,387.0,0,0.0,0.0,,0.0,normalDay
2023-06-29,7608.0,57.0,0.0,0,438.11,0.0,1,2.14,1.57,SPY230915P00387000,387.0,0,0.0,0.0,,0.0,normalDay
2023-06-30,7608.0,81.0,0.0,0,443.28,0.0,1,2.14,1.33,SPY230915P00387000,387.0,0,0.0,0.0,,0.0,normalDay
2023-07-03,7608.0,88.0,0.0,0,443.79,0.0,1,2.14,1.26,SPY230915P00387000,387.0,0,0.0,0.0,,0.0,normalDay
2023-07-05,7608.0,82.0,0.0,0,443.13,0.0,1,2.14,1.32,SPY230915P00387000,387.0,0,0.0,0.0,,0.0,normalDay
2023-07-06,7608.0,51.0,0.0,0,439.66,0.0,1,2.14,1.63,SPY230915P00387000,387.0,0,0.0,0.0,,0.0,normalDay
2023-07-07,7608.0,59.0,0.0,0,438.55,0.0,1,2.14,1.55,SPY230915P00387000,387.0,0,0.0,0.0,,0.0,normalDay
2023-07-10,7608.0,70.0,0.0,0,439.66,0.0,1,2.14,1.44,SPY230915P00387000,387.0,0,0.0,0.0,,0.0,normalDay
2023-07-11,7608.0,85.0,0.0,0,442.46,0.0,1,2.14,1.29,SPY230915P00387000,387.0,0,0.0,0.0,,0.0,normalDay
2023-07-12,7608.0,116.0,0.0,0,446.02,0.0,1,2.14,0.98,SPY230915P00387000,387.0,0,0.0,0.0,,0.0,normalDay
2023-07-13,7608.0,120.0,0.0,0,449.56,0.0,1,2.14,0.94,SPY230915P00387000,387.0,0,0.0,0.0,,0.0,normalDay
2023-07-14,7608.0,125.0,0.0,0,449.28,0.0,1,2.14,0.89,SPY230915P00387000,387.0,0,0.0,0.0,,0.0,normalDay
2023-07-17,7608.0,133.0,0.0,0,450.84,0.0,1,2.14,0.81,SPY230915P00387000,387.0,0,0.0,0.0,,0.0,normalDay
2023-07-18,7608.0,145.0,0.0,0,454.19,0.0,1,2.14,0.69,SPY230915P00387000,387.0,0,0.0,0.0,,0.0,normalDay
2023-07-19,7608.0,140.0,0.0,0,455.2,0.0,1,2.14,0.74,SPY230915P00387000,387.0,0,0.0,0.0,,0.0,normalDay
2023-07-20,7608.0,135.0,0.0,0,452.18,0.0,1,2.14,0.79,SPY230915P00387000,387.0,0,0.0,0.0,,0.0,normalDay
2023-07-21,7608.0,138.0,0.0,0,452.18,0.0,1,2.14,0.76,SPY230915P00387000,387.0,0,0.0,0.0,,0.0,normalDay
2023-07-24,7608.0,147.0,0.0,0,454.2,0.0,1,2.14,0.67,SPY230915P00387000,387.0,0,0.0,0.0,,0.0,normalDay
2023-07-25,7608.0,152.0,0.0,0,455.44,0.0,1,2.14,0.62,SPY230915P00387000,387.0,0,0.0,0.0,,0.0,normalDay
2023-07-26,7608.0,161.0,0.0,0,455.51,0.0,1,2.14,0.53,SPY230915P00387000,387.0,0,0.0,0.0,,0.0,normalDay
2023-07-27,7608.0,145.0,0.0,0,452.49,0.0,1,2.14,0.69,SPY230915P00387000,387.0,0,0.0,0.0,,0.0,normalDay
2023-07-28,7608.0,165.0,0.0,0,456.92,0.0,1,2.14,0.49,SPY230915P00387000,387.0,0,0.0,0.0,,0.0,normalDay
2023-07-31,7608.0,170.0,0.0,0,457.79,0.0,1,2.14,0.44,SPY230915P00387000,387.0,0,0.0,0.0,,0.0,normalDay
2023-08-01,7608.0,169.0,0.0,0,456.48,0.0,1,2.14,0.45,SPY230915P00387000,387.0,0,0.0,0.0,,0.0,normalDay
2023-08-02,7608.0,143.0,0.0,0,450.13,0.0,1,2.14,0.71,SPY230915P00387000,387.0,0,0.0,0.0,,0.0,normalDay
2023-08-03,7608.0,146.0,0.0,0,448.84,0.0,1,2.14,0.68,SPY230915P00387000,387.0,0,0.0,0.0,,0.0,normalDay
2023-08-04,7608.0,126.0,0.0,0,446.81,0.0,1,2.14,0.88,SPY230915P00387000,387.0,0,0.0,0.0,,0.0,normalDay
2023-08-07,7608.0,155.0,0.0,0,450.71,0.0,1,2.14,0.59,SPY230915P00387000,387.0,0,0.0,0.0,,0.0,normalDay
2023-08-08,7608.0,153.0,0.0,0,448.75,0.0,1,2.14,0.61,SPY230915P00387000,387.0,0,0.0,0.0,,0.0,normalDay
2023-08-09,7608.0,155.0,0.0,0,445.75,0.0,1,2.14,0.59,SPY230915P00387000,387.0,0,0.0,0.0,,0.0,normalDay
2023-08-10,7608.0,157.0,0.0,0,445.91,0.0,1,2.14,0.57,SPY230915P00387000,387.0,0,0.0,0.0,,0.0,normalDay
2023-08-11,7608.0,168.0,0.0,0,445.65,0.0,1,2.14,0.46,SPY230915P00387000,387.0,0,0.0,0.0,,0.0,normalDay
2023-08-14,7608.0,178.0,0.0,0,448.11,0.0,1,2.14,0.36,SPY230915P00387000,387.0,0,0.0,0.0,,0.0,normalDay
2023-08-15,7608.0,164.0,0.0,0,442.89,0.0,1,2.14,0.5,SPY230915P00387000,387.0,0,0.0,0.0,,0.0,normalDay
2023-08-16,7608.0,161.0,0.0,0,439.64,0.0,1,2.14,0.53,SPY230915P00387000,387.0,0,0.0,0.0,,0.0,normalDay
2023-08-17,7608.0,146.0,0.0,0,436.29,0.0,1,2.14,0.68,SPY230915P00387000,387.0,0,0.0,0.0,,0.0,normalDay
2023-08-18,7608.0,160.0,0.0,0,436.5,0.0,1,2.14,0.54,SPY230915P00387000,387.0,0,0.0,0.0,,0.0,normalDay
2023-08-21,7608.0,173.0,0.0,0,439.34,0.0,1,2.14,0.41,SPY230915P00387000,387.0,0,0.0,0.0,,0.0,normalDay
2023-08-22,7608.0,177.0,0.0,0,438.15,0.0,1,2.14,0.37,SPY230915P00387000,387.0,0,0.0,0.0,,0.0,normalDay
2023-08-23,7608.0,190.0,0.0,0,443.03,0.0,1,2.14,0.24,SPY230915P00387000,387.0,0,0.0,0.0,,0.0,normalDay
2023-08-24,7608.0,181.0,0.0,0,436.89,0.0,1,2.14,0.33,SPY230915P00387000,387.0,0,0.0,0.0,,0.0,normalDay
2023-08-25,7608.0,192.0,0.0,0,439.97,0.0,1,2.14,0.22,SPY230915P00387000,387.0,0,0.0,0.0,,0.0,normalDay
2023-08-28,7608.0,200.0,0.0,0,442.76,0.0,1,2.14,0.14,SPY230915P00387000,387.0,0,0.0,0.0,,0.0,normalDay
2023-08-29,7608.0,202.0,0.0,0,449.16,0.0,1,2.14,0.12,SPY230915P00387000,387.0,0,0.0,0.0,,0.0,normalDay
2023-08-30,7608.0,202.0,0.0,0,451.01,0.0,1,2.14,0.12,SPY230915P00387000,387.0,0,0.0,0.0,,0.0,normalDay
2023-08-31,7608.0,204.0,0.0,0,450.35,0.0,1,2.14,0.1,SPY230915P00387000,387.0,0,0.0,0.0,,0.0,normalDay
2023-09-01,7608.0,206.0,0.0,0,451.19,0.0,1,2.14,0.08,SPY230915P00387000,387.0,0,0.0,0.0,,0.0,normalDay
2023-09-05,7608.0,208.0,0.0,0,449.24,0.0,1,2.14,0.06,SPY230915P00387000,387.0,0,0.0,0.0,,0.0,normalDay
2023-09-06,7608.0,208.0,0.0,0,446.22,0.0,1,2.14,0.06,SPY230915P00387000,387.0,0,0.0,0.0,,0.0,normalDay
2023-09-07,7608.0,209.0,0.0,0,444.85,0.0,1,2.14,0.05,SPY230915P00387000,387.0,0,0.0,0.0,,0.0,normalDay
2023-09-08,7608.0,210.0,0.0,0,445.52,0.0,1,2.14,0.04,SPY230915P00387000,387.0,0,0.0,0.0,,0.0,normalDay
2023-09-11,7608.0,211.0,0.0,0,448.45,0.0,1,2.14,0.03,SPY230915P00387000,387.0,0,0.0,0.0,,0.0,normalDay
2023-09-12,7608.0,212.0,0.0,0,445.99,0.0,1,2.14,0.02,SPY230915P00387000,387.0,0,0.0,0.0,,0.0,normalDay
2023-09-13,7608.0,212.0,0.0,0,446.51,0.0,1,2.14,0.02,SPY230915P00387000,387.0,0,0.0,0.0,,0.0,normalDay
2023-09-14,7608.0,213.0,0.0,0,450.36,0.0,1,2.14,0.01,SPY230915P00387000,387.0,0,0.0,0.0,,0.0,normalDay
2023-09-15,7822.0,0.0,214.0,0,443.37,0.0,1,2.14,0.0,SPY230915P00387000,387.0,0,0.0,0.0,,0.0,expirationDay
2023-09-18,7822.0,-3.0,0.0,0,443.63,0.0,1,3.43,3.46,SPY231117P00426000,426.0,0,0.0,0.0,,0.0,normalDay
2023-09-19,7822.0,-11.0,0.0,0,442.71,0.0,1,3.43,3.54,SPY231117P00426000,426.0,0,0.0,0.0,,0.0,normalDay
2023-09-20,7822.0,-119.0,0.0,0,438.64,0.0,1,3.43,4.62,SPY231117P00426000,426.0,0,0.0,0.0,,0.0,normalDay
2023-09-21,7822.0,-372.0,0.0,0,431.39,0.0,1,3.43,7.15,SPY231117P00426000,426.0,0,0.0,0.0,,0.0,normalDay
2023-09-22,7822.0,-389.0,0.0,0,430.42,0.0,1,3.43,7.32,SPY231117P00426000,426.0,0,0.0,0.0,,0.0,normalDay
2023-09-25,7822.0,-312.0,0.0,0,432.23,0.0,1,3.43,6.55,SPY231117P00426000,426.0,0,0.0,0.0,,0.0,normalDay
2023-09-26,7822.0,-588.0,0.0,0,425.88,0.0,1,3.43,9.31,SPY231117P00426000,426.0,0,0.0,0.0,,0.0,normalDay
2023-09-27,7822.0,-542.0,0.0,0,426.05,0.0,1,3.43,8.85,SPY231117P00426000,426.0,0,0.0,0.0,,0.0,normalDay
2023-09-28,7822.0,-429.0,0.0,0,428.52,0.0,1,3.43,7.72,SPY231117P00426000,426.0,0,0.0,0.0,,0.0,normalDay
2023-09-29,7822.0,-457.0,0.0,0,427.48,0.0,1,3.43,8.0,SPY231117P00426000,426.0,0,0.0,0.0,,0.0,normalDay
2023-10-02,7822.0,-441.0,0.0,0,427.31,0.0,1,3.43,7.84,SPY231117P00426000,426.0,0,0.0,0.0,,0.0,normalDay
2023-10-03,7822.0,-746.0,0.0,0,421.59,0.0,1,3.43,10.89,SPY231117P00426000,426.0,0,0.0,0.0,,0.0,normalDay
2023-10-04,7822.0,-583.0,0.0,0,424.66,0.0,1,3.43,9.26,SPY231117P00426000,426.0,0,0.0,0.0,,0.0,normalDay
2023-10-05,7822.0,-586.0,0.0,0,424.5,0.0,1,3.43,9.29,SPY231117P00426000,426.0,0,0.0,0.0,,0.0,normalDay
2023-10-06,7822.0,-320.0,0.0,0,429.54,0.0,1,3.43,6.63,SPY231117P00426000,426.0,0,0.0,0.0,,0.0,normalDay
2023-10-09,7822.0,-219.0,0.0,0,432.29,0.0,1,3.43,5.62,SPY231117P00426000,426.0,0,0.0,0.0,,0.0,normalDay
2023-10-10,7822.0,-131.0,0.0,0,434.54,0.0,1,3.43,4.74,SPY231117P00426000,426.0,0,0.0,0.0,,0.0,normalDay
2023-10-11,7822.0,-36.0,0.0,0,436.32,0.0,1,3.43,3.79,SPY231117P00426000,426.0,0,0.0,0.0,,0.0,normalDay
2023-10-12,7822.0,-114.0,0.0,0,433.66,0.0,1,3.43,4.57,SPY231117P00426000,426.0,0,0.0,0.0,,0.0,normalDay
2023-10-13,7822.0,-269.0,0.0,0,431.5,0.0,1,3.43,6.12,SPY231117P00426000,426.0,0,0.0,0.0,,0.0,normalDay
2023-10-16,7822.0,-49.0,0.0,0,436.04,0.0,1,3.43,3.92,SPY231117P00426000,426.0,0,0.0,0.0,,0.0,normalDay
2023-10-17,7822.0,-68.0,0.0,0,436.02,0.0,1,3.43,4.11,SPY231117P00426000,426.0,0,0.0,0.0,,0.0,normalDay
2023-10-18,7822.0,-243.0,0.0,0,430.21,0.0,1,3.43,5.86,SPY231117P00426000,426.0,0,0.0,0.0,,0.0,normalDay
2023-10-19,7822.0,-484.0,0.0,0,426.43,0.0,1,3.43,8.27,SPY231117P00426000,426.0,0,0.0,0.0,,0.0,normalDay
2023-10-20,7822.0,-665.0,0.0,0,421.19,0.0,1,3.43,10.08,SPY231117P00426000,426.0,0,0.0,0.0,,0.0,normalDay
2023-10-23,7822.0,-603.0,0.0,0,420.46,0.0,1,3.43,9.46,SPY231117P00426000,426.0,0,0.0,0.0,,0.0,normalDay
2023-10-24,7822.0,-419.0,0.0,0,423.63,0.0,1,3.43,7.62,SPY231117P00426000,426.0,0,0.0,0.0,,0.0,normalDay
2023-10-25,7822.0,-804.0,0.0,0,417.55,0.0,1,3.43,11.47,SPY231117P00426000,426.0,0,0.0,0.0,,0.0,normalDay
2023-10-26,7822.0,-1190.0,0.0,0,412.55,0.0,1,3.43,15.33,SPY231117P00426000,426.0,0,0.0,0.0,,0.0,normalDay
2023-10-27,7822.0,-1322.0,0.0,0,410.68,0.0,1,3.43,16.65,SPY231117P00426000,426.0,0,0.0,0.0,,0.0,normalDay
2023-10-30,7822.0,-889.0,0.0,0,415.59,0.0,1,3.43,12.32,SPY231117P00426000,426.0,0,0.0,0.0,,0.0,normalDay
2023-10-31,7822.0,-671.0,0.0,0,418.2,0.0,1,3.43,10.14,SPY231117P00426000,426.0,0,0.0,0.0,,0.0,normalDay
2023-11-01,7822.0,-319.0,0.0,0,422.66,0.0,1,3.43,6.62,SPY231117P00426000,426.0,0,0.0,0.0,,0.0,normalDay
2023-11-02,7822.0,54.0,0.0,0,430.76,0.0,1,3.43,2.89,SPY231117P00426000,426.0,0,0.0,0.0,,0.0,normalDay
2023-11-03,7822.0,194.0,0.0,0,434.69,0.0,1,3.43,1.49,SPY231117P00426000,426.0,0,0.0,0.0,,0.0,normalDay
2023-11-06,7822.0,229.0,0.0,0,435.69,0.0,1,3.43,1.14,SPY231117P00426000,426.0,0,0.0,0.0,,0.0,normalDay
2023-11-07,7822.0,261.0,0.0,0,436.93,0.0,1,3.43,0.82,SPY231117P00426000,426.0,0,0.0,0.0,,0.0,normalDay
2023-11-08,7822.0,280.0,0.0,0,437.25,0.0,1,3.43,0.63,SPY231117P00426000,426.0,0,0.0,0.0,,0.0,normalDay
2023-11-09,7822.0,244.0,0.0,0,433.84,0.0,1,3.43,0.99,SPY231117P00426000,426.0,0,0.0,0.0,,0.0,normalDay
2023-11-10,7822.0,321.0,0.0,0,440.61,0.0,1,3.43,0.22,SPY231117P00426000,426.0,0,0.0,0.0,,0.0,normalDay
2023-11-13,7822.0,328.0,0.0,0,440.19,0.0,1,3.43,0.15,SPY231117P00426000,426.0,0,0.0,0.0,,0.0,normalDay
2023-11-14,7822.0,335.0,0.0,0,448.73,0.0,1,3.43,0.08,SPY231117P00426000,426.0,0,0.0,0.0,,0.0,normalDay
2023-11-15,7822.0,339.0,0.0,0,449.68,0.0,1,3.43,0.04,SPY231117P00426000,426.0,0,0.0,0.0,,0.0,normalDay
2023-11-16,7822.0,341.0,0.0,0,450.23,0.0,1,3.43,0.02,SPY231117P00426000,426.0,0,0.0,0.0,,0.0,normalDay
2023-11-17,8165.0,0.0,343.0,0,450.79,0.0,1,3.43,0.0,SPY231117P00426000,426.0,0,0.0,0.0,,0.0,expirationDay
2023-11-20,8165.0,-3.0,0.0,0,454.26,0.0,1,0.57,0.6,SPY240131P00370000,370.0,0,0.0,0.0,,0.0,normalDay
2023-11-21,8165.0,-1.0,0.0,0,453.27,0.0,1,0.57,0.58,SPY240131P00370000,370.0,0,0.0,0.0,,0.0,normalDay
2023-11-22,8165.0,1.0,0.0,0,455.02,0.0,1,0.57,0.56,SPY240131P00370000,370.0,0,0.0,0.0,,0.0,normalDay
2023-11-24,8165.0,8.0,0.0,0,455.3,0.0,1,0.57,0.49,SPY240131P00370000,370.0,0,0.0,0.0,,0.0,normalDay
2023-11-27,8165.0,8.0,0.0,0,454.48,0.0,1,0.57,0.49,SPY240131P00370000,370.0,0,0.0,0.0,,0.0,normalDay
2023-11-28,8165.0,11.0,0.0,0,454.93,0.0,1,0.57,0.46,SPY240131P00370000,370.0,0,0.0,0.0,,0.0,normalDay
2023-11-29,8165.0,11.0,0.0,0,454.61,0.0,1,0.57,0.46,SPY240131P00370000,370.0,0,0.0,0.0,,0.0,normalDay
2023-11-30,8165.0,15.0,0.0,0,456.4,0.0,1,0.57,0.42,SPY240131P00370000,370.0,0,0.0,0.0,,0.0,normalDay
