date,totalCapital,unrializedPnL,rializedPnL,stocksOwned,stocksPriceToday,stocksPriceBoughtAt,putOwned,putOwnedSoldAt,putPriceToday,putOwnedContract,putOwnedStrike,callOwned,callOwnedSoldAt,callPriceToday,callOwnedContract,callOwnedStrike,trackType
2018-11-01,0.0,-11.0,0.0,0,273.51,0.0,1,10.51,10.62,SPY190315P00272000,272.0,0,0.0,0.0,,0.0,normalDay
2018-11-02,0.0,-71.0,0.0,0,271.89,0.0,1,10.51,11.22,SPY190315P00272000,272.0,0,0.0,0.0,,0.0,normalDay
2018-11-05,0.0,19.0,0.0,0,273.39,0.0,1,10.51,10.32,SPY190315P00272000,272.0,0,0.0,0.0,,0.0,normalDay
2018-11-06,0.0,104.0,0.0,0,275.12,0.0,1,10.51,9.47,SPY190315P00272000,272.0,0,0.0,0.0,,0.0,normalDay
2018-11-07,0.0,360.0,0.0,0,281.01,0.0,1,10.51,6.91,SPY190315P00272000,272.0,0,0.0,0.0,,0.0,normalDay
2018-11-08,0.0,365.0,0.0,0,280.5,0.0,1,10.51,6.86,SPY190315P00272000,272.0,0,0.0,0.0,,0.0,normalDay
2018-11-09,0.0,250.0,0.0,0,277.76,0.0,1,10.51,8.01,SPY190315P00272000,272.0,0,0.0,0.0,,0.0,normalDay
2018-11-12,0.0,24.0,0.0,0,272.57,0.0,1,10.51,10.27,SPY190315P00272000,272.0,0,0.0,0.0,,0.0,normalDay
2018-11-13,0.0,-16.0,0.0,0,272.06,0.0,1,10.51,10.67,SPY190315P00272000,272.0,0,0.0,0.0,,0.0,normalDay
2018-11-14,0.0,-141.0,0.0,0,270.2,0.0,1,10.51,11.92,SPY190315P00272000,272.0,0,0.0,0.0,,0.0,normalDay
2018-11-15,0.0,9.0,0.0,0,273.02,0.0,1,10.51,10.42,SPY190315P00272000,272.0,0,0.0,0.0,,0.0,normalDay
2018-11-16,0.0,90.0,0.0,0,273.73,0.0,1,10.51,9.61,SPY190315P00272000,272.0,0,0.0,0.0,,0.0,normalDay
2018-11-19,0.0,-142.0,0.0,0,269.1,0.0,1,10.51,11.93,SPY190315P00272000,272.0,0,0.0,0.0,,0.0,normalDay
2018-11-20,0.0,-465.0,0.0,0,264.12,0.0,1,10.51,15.16,SPY190315P00272000,272.0,0,0.0,0.0,,0.0,normalDay
2018-11-21,0.0,-363.0,0.0,0,265.02,0.0,1,10.51,14.14,SPY190315P00272000,272.0,0,0.0,0.0,,0.0,normalDay
2018-11-23,0.0,-485.0,0.0,0,263.25,0.0,1,10.51,15.36,SPY190315P00272000,272.0,0,0.0,0.0,,0.0,normalDay
2018-11-26,0.0,-156.0,0.0,0,267.5,0.0,1,10.51,12.07,SPY190315P00272000,272.0,0,0.0,0.0,,0.0,normalDay
2018-11-27,0.0,-125.0,0.0,0,268.4,0.0,1,10.51,11.76,SPY190315P00272000,272.0,0,0.0,0.0,,0.0,normalDay
2018-11-28,0.0,143.0,0.0,0,274.58,0.0,1,10.51,9.08,SPY190315P00272000,272.0,0,0.0,0.0,,0.0,normalDay
2018-11-29,0.0,128.0,0.0,0,273.98,0.0,1,10.51,9.23,SPY190315P00272000,272.0,0,0.0,0.0,,0.0,normalDay
2018-11-30,0.0,220.0,0.0,0,275.65,0.0,1,10.51,8.31,SPY190315P00272000,272.0,0,0.0,0.0,,0.0,normalDay
2018-12-03,0.0,383.0,0.0,0,279.3,0.0,1,10.51,6.68,SPY190315P00272000,272.0,0,0.0,0.0,,0.0,normalDay
2018-12-04,0.0,-44.0,0.0,0,270.25,0.0,1,10.51,10.95,SPY190315P00272000,272.0,0,0.0,0.0,,0.0,normalDay
2018-12-06,0.0,-72.0,0.0,0,269.84,0.0,1,10.51,11.23,SPY190315P00272000,272.0,0,0.0,0.0,,0.0,normalDay
2018-12-07,0.0,-466.0,0.0,0,263.57,0.0,1,10.51,15.17,SPY190315P00272000,272.0,0,0.0,0.0,,0.0,normalDay
2018-12-10,0.0,-375.0,0.0,0,264.07,0.0,1,10.51,14.26,SPY190315P00272000,272.0,0,0.0,0.0,,0.0,normalDay
2018-12-11,0.0,-373.0,0.0,0,264.13,0.0,1,10.51,14.24,SPY190315P00272000,272.0,0,0.0,0.0,,0.0,normalDay
2018-12-12,0.0,-320.0,0.0,0,265.46,0.0,1,10.51,13.71,SPY190315P00272000,272.0,0,0.0,0.0,,0.0,normalDay
2018-12-13,0.0,-310.0,0.0,0,265.37,0.0,1,10.51,13.61,SPY190315P00272000,272.0,0,0.0,0.0,,0.0,normalDay
2018-12-14,0.0,-619.0,0.0,0,260.47,0.0,1,10.51,16.7,SPY190315P00272000,272.0,0,0.0,0.0,,0.0,normalDay
2018-12-17,0.0,-982.0,0.0,0,255.36,0.0,1,10.51,20.33,SPY190315P00272000,272.0,0,0.0,0.0,,0.0,normalDay
2018-12-18,0.0,-1075.0,0.0,0,255.08,0.0,1,10.51,21.26,SPY190315P00272000,272.0,0,0.0,0.0,,0.0,normalDay
2018-12-19,0.0,-1313.0,0.0,0,251.26,0.0,1,10.51,23.64,SPY190315P00272000,272.0,0,0.0,0.0,,0.0,normalDay
2018-12-20,0.0,-1626.0,0.0,0,247.17,0.0,1,10.51,26.77,SPY190315P00272000,272.0,0,0.0,0.0,,0.0,normalDay
2018-12-21,0.0,-2205.0,0.0,0,240.7,0.0,1,10.51,32.56,SPY190315P00272000,272.0,0,0.0,0.0,,0.0,normalDay
2018-12-24,0.0,-2999.0,0.0,0,234.34,0.0,1,10.51,40.5,SPY190315P00272000,272.0,0,0.0,0.0,,0.0,normalDay
2018-12-26,0.0,-1641.0,0.0,0,246.18,0.0,1,10.51,26.92,SPY190315P00272000,272.0,0,0.0,0.0,,0.0,normalDay
2018-12-27,0.0,-1467.0,0.0,0,248.07,0.0,1,10.51,25.18,SPY190315P00272000,272.0,0,0.0,0.0,,0.0,normalDay
2018-12-28,0.0,-1527.0,0.0,0,247.75,0.0,1,10.51,25.78,SPY190315P00272000,272.0,0,0.0,0.0,,0.0,normalDay
2018-12-31,0.0,-1312.0,0.0,0,249.92,0.0,1,10.51,23.63,SPY190315P00272000,272.0,0,0.0,0.0,,0.0,normalDay
2019-01-02,0.0,-1243.0,0.0,0,250.18,0.0,1,10.51,22.94,SPY190315P00272000,272.0,0,0.0,0.0,,0.0,normalDay
2019-01-03,0.0,-1815.0,0.0,0,244.21,0.0,1,10.51,28.66,SPY190315P00272000,272.0,0,0.0,0.0,,0.0,normalDay
2019-01-04,0.0,-1046.0,0.0,0,252.39,0.0,1,10.51,20.97,SPY190315P00272000,272.0,0,0.0,0.0,,0.0,normalDay
2019-01-07,0.0,-886.0,0.0,0,254.38,0.0,1,10.51,19.37,SPY190315P00272000,272.0,0,0.0,0.0,,0.0,normalDay
2019-01-08,0.0,-681.0,0.0,0,256.77,0.0,1,10.51,17.32,SPY190315P00272000,272.0,0,0.0,0.0,,0.0,normalDay
2019-01-09,0.0,-561.0,0.0,0,257.97,0.0,1,10.51,16.12,SPY190315P00272000,272.0,0,0.0,0.0,,0.0,normalDay
2019-01-10,0.0,-476.0,0.0,0,258.88,0.0,1,10.51,15.27,SPY190315P00272000,272.0,0,0.0,0.0,,0.0,normalDay
2019-01-11,0.0,-433.0,0.0,0,258.98,0.0,1,10.51,14.84,SPY190315P00272000,272.0,0,0.0,0.0,,0.0,normalDay
2019-01-14,0.0,-546.0,0.0,0,257.4,0.0,1,10.51,15.97,SPY190315P00272000,272.0,0,0.0,0.0,,0.0,normalDay
2019-01-15,0.0,-297.0,0.0,0,260.35,0.0,1,10.51,13.48,SPY190315P00272000,272.0,0,0.0,0.0,,0.0,normalDay
2019-01-16,0.0,-249.0,0.0,0,260.98,0.0,1,10.51,13.0,SPY190315P00272000,272.0,0,0.0,0.0,,0.0,normalDay
2019-01-17,0.0,-98.0,0.0,0,262.96,0.0,1,10.51,11.49,SPY190315P00272000,272.0,0,0.0,0.0,,0.0,normalDay
2019-01-18,0.0,116.0,0.0,0,266.46,0.0,1,10.51,9.35,SPY190315P00272000,272.0,0,0.0,0.0,,0.0,normalDay
2019-01-22,0.0,-132.0,0.0,0,262.86,0.0,1,10.51,11.83,SPY190315P00272000,272.0,0,0.0,0.0,,0.0,normalDay
2019-01-23,0.0,-106.0,0.0,0,263.41,0.0,1,10.51,11.57,SPY190315P00272000,272.0,0,0.0,0.0,,0.0,normalDay
2019-01-24,0.0,-96.0,0.0,0,263.55,0.0,1,10.51,11.47,SPY190315P00272000,272.0,0,0.0,0.0,,0.0,normalDay
2019-01-25,0.0,109.0,0.0,0,265.78,0.0,1,10.51,9.42,SPY190315P00272000,272.0,0,0.0,0.0,,0.0,normalDay
2019-01-28,0.0,-30.0,0.0,0,263.76,0.0,1,10.51,10.81,SPY190315P00272000,272.0,0,0.0,0.0,,0.0,normalDay
2019-01-29,0.0,-68.0,0.0,0,263.41,0.0,1,10.51,11.19,SPY190315P00272000,272.0,0,0.0,0.0,,0.0,normalDay
2019-01-30,0.0,234.0,0.0,0,267.58,0.0,1,10.51,8.17,SPY190315P00272000,272.0,0,0.0,0.0,,0.0,normalDay
2019-01-31,0.0,423.0,0.0,0,269.93,0.0,1,10.51,6.28,SPY190315P00272000,272.0,0,0.0,0.0,,0.0,normalDay
2019-02-01,0.0,437.0,0.0,0,270.06,0.0,1,10.51,6.14,SPY190315P00272000,272.0,0,0.0,0.0,,0.0,normalDay
2019-02-04,0.0,551.0,0.0,0,271.96,0.0,1,10.51,5.0,SPY190315P00272000,272.0,0,0.0,0.0,,0.0,normalDay
2019-02-05,0.0,595.0,0.0,0,273.1,0.0,1,10.51,4.56,SPY190315P00272000,272.0,0,0.0,0.0,,0.0,normalDay
2019-02-06,0.0,600.0,0.0,0,272.74,0.0,1,10.51,4.51,SPY190315P00272000,272.0,0,0.0,0.0,,0.0,normalDay
2019-02-07,0.0,473.0,0.0,0,270.14,0.0,1,10.51,5.78,SPY190315P00272000,272.0,0,0.0,0.0,,0.0,normalDay
2019-02-08,0.0,497.0,0.0,0,270.47,0.0,1,10.51,5.54,SPY190315P00272000,272.0,0,0.0,0.0,,0.0,normalDay
2019-02-11,0.0,521.0,0.0,0,270.62,0.0,1,10.51,5.3,SPY190315P00272000,272.0,0,0.0,0.0,,0.0,normalDay
2019-02-12,0.0,697.0,0.0,0,274.1,0.0,1,10.51,3.54,SPY190315P00272000,272.0,0,0.0,0.0,,0.0,normalDay
2019-02-13,0.0,722.0,0.0,0,274.99,0.0,1,10.51,3.29,SPY190315P00272000,272.0,0,0.0,0.0,,0.0,normalDay
2019-02-14,0.0,694.0,0.0,0,274.38,0.0,1,10.51,3.57,SPY190315P00272000,272.0,0,0.0,0.0,,0.0,normalDay
2019-02-15,0.0,823.0,0.0,0,277.37,0.0,1,10.51,2.28,SPY190315P00272000,272.0,0,0.0,0.0,,0.0,normalDay
2019-02-19,0.0,851.0,0.0,0,277.85,0.0,1,10.51,2.0,SPY190315P00272000,272.0,0,0.0,0.0,,0.0,normalDay
2019-02-20,0.0,891.0,0.0,0,278.41,0.0,1,10.51,1.6,SPY190315P00272000,272.0,0,0.0,0.0,,0.0,normalDay
2019-02-21,0.0,867.0,0.0,0,277.42,0.0,1,10.51,1.84,SPY190315P00272000,272.0,0,0.0,0.0,,0.0,normalDay
2019-02-22,0.0,926.0,0.0,0,279.14,0.0,1,10.51,1.25,SPY190315P00272000,272.0,0,0.0,0.0,,0.0,normalDay
2019-02-25,0.0,934.0,0.0,0,279.52,0.0,1,10.51,1.17,SPY190315P00272000,272.0,0,0.0,0.0,,0.0,normalDay
2019-02-26,0.0,930.0,0.0,0,279.32,0.0,1,10.51,1.21,SPY190315P00272000,272.0,0,0.0,0.0,,0.0,normalDay
2019-02-27,0.0,944.0,0.0,0,279.2,0.0,1,10.51,1.07,SPY190315P00272000,272.0,0,0.0,0.0,,0.0,normalDay
2019-02-28,0.0,938.0,0.0,0,278.68,0.0,1,10.51,1.13,SPY190315P00272000,272.0,0,0.0,0.0,,0.0,normalDay
2019-03-01,0.0,987.0,0.0,0,280.42,0.0,1,10.51,0.64,SPY190315P00272000,272.0,0,0.0,0.0,,0.0,normalDay
2019-03-04,0.0,972.0,0.0,0,279.4,0.0,1,10.51,0.79,SPY190315P00272000,272.0,0,0.0,0.0,,0.0,normalDay
2019-03-05,0.0,977.0,0.0,0,279.02,0.0,1,10.51,0.74,SPY190315P00272000,272.0,0,0.0,0.0,,0.0,normalDay
2019-03-06,0.0,944.0,0.0,0,277.33,0.0,1,10.51,1.07,SPY190315P00272000,272.0,0,0.0,0.0,,0.0,normalDay
2019-03-07,0.0,891.0,0.0,0,275.01,0.0,1,10.51,1.6,SPY190315P00272000,272.0,0,0.0,0.0,,0.0,normalDay
2019-03-08,0.0,914.0,0.0,0,274.46,0.0,1,10.51,1.37,SPY190315P00272000,272.0,0,0.0,0.0,,0.0,normalDay
2019-03-11,0.0,1020.0,0.0,0,278.44,0.0,1,10.51,0.31,SPY190315P00272000,272.0,0,0.0,0.0,,0.0,normalDay
2019-03-12,0.0,1037.0,0.0,0,279.49,0.0,1,10.51,0.14,SPY190315P00272000,272.0,0,0.0,0.0,,0.0,normalDay
2019-03-13,0.0,1046.0,0.0,0,281.34,0.0,1,10.51,0.05,SPY190315P00272000,272.0,0,0.0,0.0,,0.0,normalDay
2019-03-14,0.0,1047.0,0.0,0,281.16,0.0,1,10.51,0.04,SPY190315P00272000,272.0,0,0.0,0.0,,0.0,normalDay
2019-03-15,1051.0,0.0,1051.0,0,281.31,0.0,1,10.51,0.0,SPY190315P00272000,272.0,0,0.0,0.0,,0.0,expirationDay
2019-03-18,1051.0,-5.0,0.0,0,282.33,0.0,1,6.56,6.61,SPY190719P00278000,278.0,0,0.0,0.0,,0.0,normalDay
2019-03-19,1051.0,-27.0,0.0,0,282.4,0.0,1,6.56,6.83,SPY190719P00278000,278.0,0,0.0,0.0,,0.0,normalDay
2019-03-20,1051.0,-60.0,0.0,0,281.55,0.0,1,6.56,7.16,SPY190719P00278000,278.0,0,0.0,0.0,,0.0,normalDay
2019-03-21,1051.0,45.0,0.0,0,284.73,0.0,1,6.56,6.11,SPY190719P00278000,278.0,0,0.0,0.0,,0.0,normalDay
2019-03-22,1051.0,-178.0,0.0,0,279.25,0.0,1,6.56,8.34,SPY190719P00278000,278.0,0,0.0,0.0,,0.0,normalDay
2019-03-25,1051.0,-207.0,0.0,0,279.04,0.0,1,6.56,8.63,SPY190719P00278000,278.0,0,0.0,0.0,,0.0,normalDay
2019-03-26,1051.0,-103.0,0.0,0,281.12,0.0,1,6.56,7.59,SPY190719P00278000,278.0,0,0.0,0.0,,0.0,normalDay
2019-03-27,1051.0,-156.0,0.0,0,279.65,0.0,1,6.56,8.12,SPY190719P00278000,278.0,0,0.0,0.0,,0.0,normalDay
2019-03-28,1051.0,-92.0,0.0,0,280.71,0.0,1,6.56,7.48,SPY190719P00278000,278.0,0,0.0,0.0,,0.0,normalDay
2019-03-29,1051.0,-7.0,0.0,0,282.48,0.0,1,6.56,6.63,SPY190719P00278000,278.0,0,0.0,0.0,,0.0,normalDay
2019-04-01,1051.0,101.0,0.0,0,285.83,0.0,1,6.56,5.55,SPY190719P00278000,278.0,0,0.0,0.0,,0.0,normalDay
2019-04-02,1051.0,110.0,0.0,0,285.97,0.0,1,6.56,5.46,SPY190719P00278000,278.0,0,0.0,0.0,,0.0,normalDay
2019-04-03,1051.0,131.0,0.0,0,286.42,0.0,1,6.56,5.25,SPY190719P00278000,278.0,0,0.0,0.0,,0.0,normalDay
2019-04-04,1051.0,155.0,0.0,0,287.18,0.0,1,6.56,5.01,SPY190719P00278000,278.0,0,0.0,0.0,,0.0,normalDay
2019-04-05,1051.0,209.0,0.0,0,288.57,0.0,1,6.56,4.47,SPY190719P00278000,278.0,0,0.0,0.0,,0.0,normalDay
2019-04-08,1051.0,218.0,0.0,0,288.79,0.0,1,6.56,4.38,SPY190719P00278000,278.0,0,0.0,0.0,,0.0,normalDay
2019-04-09,1051.0,152.0,0.0,0,287.31,0.0,1,6.56,5.04,SPY190719P00278000,278.0,0,0.0,0.0,,0.0,normalDay
2019-04-10,1051.0,210.0,0.0,0,288.29,0.0,1,6.56,4.46,SPY190719P00278000,278.0,0,0.0,0.0,,0.0,normalDay
2019-04-11,1051.0,211.0,0.0,0,288.21,0.0,1,6.56,4.45,SPY190719P00278000,278.0,0,0.0,0.0,,0.0,normalDay
2019-04-12,1051.0,286.0,0.0,0,290.16,0.0,1,6.56,3.7,SPY190719P00278000,278.0,0,0.0,0.0,,0.0,normalDay
2019-04-15,1051.0,294.0,0.0,0,289.97,0.0,1,6.56,3.62,SPY190719P00278000,278.0,0,0.0,0.0,,0.0,normalDay
2019-04-16,1051.0,299.0,0.0,0,290.16,0.0,1,6.56,3.57,SPY190719P00278000,278.0,0,0.0,0.0,,0.0,normalDay
2019-04-17,1051.0,278.0,0.0,0,289.45,0.0,1,6.56,3.78,SPY190719P00278000,278.0,0,0.0,0.0,,0.0,normalDay
2019-04-18,1051.0,301.0,0.0,0,290.02,0.0,1,6.56,3.55,SPY190719P00278000,278.0,0,0.0,0.0,,0.0,normalDay
2019-04-22,1051.0,322.0,0.0,0,290.27,0.0,1,6.56,3.34,SPY190719P00278000,278.0,0,0.0,0.0,,0.0,normalDay
2019-04-23,1051.0,370.0,0.0,0,292.88,0.0,1,6.56,2.86,SPY190719P00278000,278.0,0,0.0,0.0,,0.0,normalDay
2019-04-24,1051.0,350.0,0.0,0,292.23,0.0,1,6.56,3.06,SPY190719P00278000,278.0,0,0.0,0.0,,0.0,normalDay
2019-04-25,1051.0,343.0,0.0,0,292.05,0.0,1,6.56,3.13,SPY190719P00278000,278.0,0,0.0,0.0,,0.0,normalDay
2019-04-26,1051.0,375.0,0.0,0,293.41,0.0,1,6.56,2.81,SPY190719P00278000,278.0,0,0.0,0.0,,0.0,normalDay
2019-04-29,1051.0,384.0,0.0,0,293.87,0.0,1,6.56,2.72,SPY190719P00278000,278.0,0,0.0,0.0,,0.0,normalDay
2019-04-30,1051.0,390.0,0.0,0,294.02,0.0,1,6.56,2.66,SPY190719P00278000,278.0,0,0.0,0.0,,0.0,normalDay
2019-05-01,1051.0,328.0,0.0,0,291.81,0.0,1,6.56,3.28,SPY190719P00278000,278.0,0,0.0,0.0,,0.0,normalDay
2019-05-02,1051.0,317.0,0.0,0,291.18,0.0,1,6.56,3.39,SPY190719P00278000,278.0,0,0.0,0.0,,0.0,normalDay
2019-05-03,1051.0,398.0,0.0,0,294.03,0.0,1,6.56,2.58,SPY190719P00278000,278.0,0,0.0,0.0,,0.0,normalDay
2019-05-06,1051.0,343.0,0.0,0,292.82,0.0,1,6.56,3.13,SPY190719P00278000,278.0,0,0.0,0.0,,0.0,normalDay
2019-05-07,1051.0,145.0,0.0,0,287.93,0.0,1,6.56,5.11,SPY190719P00278000,278.0,0,0.0,0.0,,0.0,normalDay
2019-05-08,1051.0,153.0,0.0,0,287.53,0.0,1,6.56,5.03,SPY190719P00278000,278.0,0,0.0,0.0,,0.0,normalDay
2019-05-09,1051.0,142.0,0.0,0,286.66,0.0,1,6.56,5.14,SPY190719P00278000,278.0,0,0.0,0.0,,0.0,normalDay
2019-05-10,1051.0,236.0,0.0,0,288.1,0.0,1,6.56,4.2,SPY190719P00278000,278.0,0,0.0,0.0,,0.0,normalDay
2019-05-13,1051.0,-75.0,0.0,0,280.86,0.0,1,6.56,7.31,SPY190719P00278000,278.0,0,0.0,0.0,,0.0,normalDay
2019-05-14,1051.0,71.0,0.0,0,283.4,0.0,1,6.56,5.85,SPY190719P00278000,278.0,0,0.0,0.0,,0.0,normalDay
2019-05-15,1051.0,169.0,0.0,0,285.06,0.0,1,6.56,4.87,SPY190719P00278000,278.0,0,0.0,0.0,,0.0,normalDay
2019-05-16,1051.0,269.0,0.0,0,287.7,0.0,1,6.56,3.87,SPY190719P00278000,278.0,0,0.0,0.0,,0.0,normalDay
2019-05-17,1051.0,212.0,0.0,0,285.84,0.0,1,6.56,4.44,SPY190719P00278000,278.0,0,0.0,0.0,,0.0,normalDay
2019-05-20,1051.0,170.0,0.0,0,283.95,0.0,1,6.56,4.86,SPY190719P00278000,278.0,0,0.0,0.0,,0.0,normalDay
2019-05-21,1051.0,274.0,0.0,0,286.51,0.0,1,6.56,3.82,SPY190719P00278000,278.0,0,0.0,0.0,,0.0,normalDay
2019-05-22,1051.0,259.0,0.0,0,285.63,0.0,1,6.56,3.97,SPY190719P00278000,278.0,0,0.0,0.0,,0.0,normalDay
2019-05-23,1051.0,103.0,0.0,0,282.14,0.0,1,6.56,5.53,SPY190719P00278000,278.0,0,0.0,0.0,,0.0,normalDay
2019-05-24,1051.0,161.0,0.0,0,282.78,0.0,1,6.56,4.95,SPY190719P00278000,278.0,0,0.0,0.0,,0.0,normalDay
2019-05-28,1051.0,66.0,0.0,0,280.15,0.0,1,6.56,5.9,SPY190719P00278000,278.0,0,0.0,0.0,,0.0,normalDay
2019-05-29,1051.0,-23.0,0.0,0,278.27,0.0,1,6.56,6.79,SPY190719P00278000,278.0,0,0.0,0.0,,0.0,normalDay
2019-05-30,1051.0,21.0,0.0,0,279.03,0.0,1,6.56,6.35,SPY190719P00278000,278.0,0,0.0,0.0,,0.0,normalDay
2019-05-31,1051.0,-177.0,0.0,0,275.27,0.0,1,6.56,8.33,SPY190719P00278000,278.0,0,0.0,0.0,,0.0,normalDay
2019-06-03,1051.0,-177.0,0.0,0,274.57,0.0,1,6.56,8.33,SPY190719P00278000,278.0,0,0.0,0.0,,0.0,normalDay
2019-06-04,1051.0,123.0,0.0,0,280.53,0.0,1,6.56,5.33,SPY190719P00278000,278.0,0,0.0,0.0,,0.0,normalDay
2019-06-05,1051.0,239.0,0.0,0,282.96,0.0,1,6.56,4.17,SPY190719P00278000,278.0,0,0.0,0.0,,0.0,normalDay
2019-06-06,1051.0,307.0,0.0,0,284.8,0.0,1,6.56,3.49,SPY190719P00278000,278.0,0,0.0,0.0,,0.0,normalDay
2019-06-07,1051.0,366.0,0.0,0,287.65,0.0,1,6.56,2.9,SPY190719P00278000,278.0,0,0.0,0.0,,0.0,normalDay
2019-06-10,1051.0,415.0,0.0,0,288.97,0.0,1,6.56,2.41,SPY190719P00278000,278.0,0,0.0,0.0,,0.0,normalDay
2019-06-11,1051.0,411.0,0.0,0,288.9,0.0,1,6.56,2.45,SPY190719P00278000,278.0,0,0.0,0.0,,0.0,normalDay
2019-06-12,1051.0,410.0,0.0,0,288.39,0.0,1,6.56,2.46,SPY190719P00278000,278.0,0,0.0,0.0,,0.0,normalDay
2019-06-13,1051.0,439.0,0.0,0,289.58,0.0,1,6.56,2.17,SPY190719P00278000,278.0,0,0.0,0.0,,0.0,normalDay
2019-06-14,1051.0,454.0,0.0,0,289.26,0.0,1,6.56,2.02,SPY190719P00278000,278.0,0,0.0,0.0,,0.0,normalDay
2019-06-17,1051.0,471.0,0.0,0,289.37,0.0,1,6.56,1.85,SPY190719P00278000,278.0,0,0.0,0.0,,0.0,normalDay
2019-06-18,1051.0,518.0,0.0,0,292.4,0.0,1,6.56,1.38,SPY190719P00278000,278.0,0,0.0,0.0,,0.0,normalDay
2019-06-19,1051.0,547.0,0.0,0,293.06,0.0,1,6.56,1.09,SPY190719P00278000,278.0,0,0.0,0.0,,0.0,normalDay
2019-06-20,1051.0,571.0,0.0,0,295.86,0.0,1,6.56,0.85,SPY190719P00278000,278.0,0,0.0,0.0,,0.0,normalDay
2019-06-21,1051.0,565.0,0.0,0,294.0,0.0,1,6.56,0.91,SPY190719P00278000,278.0,0,0.0,0.0,,0.0,normalDay
2019-06-24,1051.0,574.0,0.0,0,293.64,0.0,1,6.56,0.82,SPY190719P00278000,278.0,0,0.0,0.0,,0.0,normalDay
2019-06-25,1051.0,536.0,0.0,0,290.76,0.0,1,6.56,1.2,SPY190719P00278000,278.0,0,0.0,0.0,,0.0,normalDay
2019-06-26,1051.0,537.0,0.0,0,290.47,0.0,1,6.56,1.19,SPY190719P00278000,278.0,0,0.0,0.0,,0.0,normalDay
2019-06-27,1051.0,564.0,0.0,0,291.5,0.0,1,6.56,0.92,SPY190719P00278000,278.0,0,0.0,0.0,,0.0,normalDay
2019-06-28,1051.0,585.0,0.0,0,293.0,0.0,1,6.56,0.71,SPY190719P00278000,278.0,0,0.0,0.0,,0.0,normalDay
2019-07-01,1051.0,623.0,0.0,0,295.66,0.0,1,6.56,0.33,SPY190719P00278000,278.0,0,0.0,0.0,,0.0,normalDay
2019-07-02,1051.0,636.0,0.0,0,296.43,0.0,1,6.56,0.2,SPY190719P00278000,278.0,0,0.0,0.0,,0.0,normalDay
2019-07-03,1051.0,643.0,0.0,0,298.8,0.0,1,6.56,0.13,SPY190719P00278000,278.0,0,0.0,0.0,,0.0,normalDay
2019-07-05,1051.0,641.0,0.0,0,298.46,0.0,1,6.56,0.15,SPY190719P00278000,278.0,0,0.0,0.0,,0.0,normalDay
2019-07-08,1051.0,645.0,0.0,0,296.82,0.0,1,6.56,0.11,SPY190719P00278000,278.0,0,0.0,0.0,,0.0,normalDay
2019-07-09,1051.0,647.0,0.0,0,297.19,0.0,1,6.56,0.09,SPY190719P00278000,278.0,0,0.0,0.0,,0.0,normalDay
2019-07-10,1051.0,651.0,0.0,0,298.61,0.0,1,6.56,0.05,SPY190719P00278000,278.0,0,0.0,0.0,,0.0,normalDay
2019-07-11,1051.0,651.0,0.0,0,299.31,0.0,1,6.56,0.05,SPY190719P00278000,278.0,0,0.0,0.0,,0.0,normalDay
2019-07-12,1051.0,653.0,0.0,0,300.65,0.0,1,6.56,0.03,SPY190719P00278000,278.0,0,0.0,0.0,,0.0,normalDay
2019-07-15,1051.0,653.0,0.0,0,300.75,0.0,1,6.56,0.03,SPY190719P00278000,278.0,0,0.0,0.0,,0.0,normalDay
2019-07-16,1051.0,654.0,0.0,0,299.78,0.0,1,6.56,0.02,SPY190719P00278000,278.0,0,0.0,0.0,,0.0,normalDay
2019-07-17,1051.0,654.0,0.0,0,297.74,0.0,1,6.56,0.02,SPY190719P00278000,278.0,0,0.0,0.0,,0.0,normalDay
2019-07-18,1051.0,655.0,0.0,0,298.83,0.0,1,6.56,0.01,SPY190719P00278000,278.0,0,0.0,0.0,,0.0,normalDay
2019-07-19,1707.0,0.0,656.0,0,297.17,0.0,1,6.56,0.0,SPY190719P00278000,278.0,0,0.0,0.0,,0.0,expirationDay
2019-07-22,1707.0,-6.0,0.0,0,297.9,0.0,1,7.67,7.73,SPY191115P00295000,295.0,0,0.0,0.0,,0.0,normalDay
2019-07-23,1707.0,87.0,0.0,0,300.03,0.0,1,7.67,6.8,SPY191115P00295000,295.0,0,0.0,0.0,,0.0,normalDay
2019-07-24,1707.0,144.0,0.0,0,301.44,0.0,1,7.67,6.23,SPY191115P00295000,295.0,0,0.0,0.0,,0.0,normalDay
2019-07-25,1707.0,86.0,0.0,0,300.0,0.0,1,7.67,6.81,SPY191115P00295000,295.0,0,0.0,0.0,,0.0,normalDay
2019-07-26,1707.0,163.0,0.0,0,302.01,0.0,1,7.67,6.04,SPY191115P00295000,295.0,0,0.0,0.0,,0.0,normalDay
2019-07-29,1707.0,159.0,0.0,0,301.46,0.0,1,7.67,6.08,SPY191115P00295000,295.0,0,0.0,0.0,,0.0,normalDay
2019-07-30,1707.0,103.0,0.0,0,300.72,0.0,1,7.67,6.64,SPY191115P00295000,295.0,0,0.0,0.0,,0.0,normalDay
2019-07-31,1707.0,-56.0,0.0,0,297.43,0.0,1,7.67,8.23,SPY191115P00295000,295.0,0,0.0,0.0,,0.0,normalDay
2019-08-01,1707.0,-193.0,0.0,0,294.84,0.0,1,7.67,9.6,SPY191115P00295000,295.0,0,0.0,0.0,,0.0,normalDay
2019-08-02,1707.0,-289.0,0.0,0,292.62,0.0,1,7.67,10.56,SPY191115P00295000,295.0,0,0.0,0.0,,0.0,normalDay
2019-08-05,1707.0,-917.0,0.0,0,283.82,0.0,1,7.67,16.84,SPY191115P00295000,295.0,0,0.0,0.0,,0.0,normalDay
2019-08-06,1707.0,-573.0,0.0,0,287.8,0.0,1,7.67,13.4,SPY191115P00295000,295.0,0,0.0,0.0,,0.0,normalDay
2019-08-07,1707.0,-563.0,0.0,0,287.97,0.0,1,7.67,13.3,SPY191115P00295000,295.0,0,0.0,0.0,,0.0,normalDay
2019-08-08,1707.0,-214.0,0.0,0,293.62,0.0,1,7.67,9.81,SPY191115P00295000,295.0,0,0.0,0.0,,0.0,normalDay
2019-08-09,1707.0,-324.0,0.0,0,291.62,0.0,1,7.67,10.91,SPY191115P00295000,295.0,0,0.0,0.0,,0.0,normalDay
2019-08-12,1707.0,-596.0,0.0,0,288.07,0.0,1,7.67,13.63,SPY191115P00295000,295.0,0,0.0,0.0,,0.0,normalDay
2019-08-13,1707.0,-285.0,0.0,0,292.55,0.0,1,7.67,10.52,SPY191115P00295000,295.0,0,0.0,0.0,,0.0,normalDay
2019-08-14,1707.0,-849.0,0.0,0,283.9,0.0,1,7.67,16.16,SPY191115P00295000,295.0,0,0.0,0.0,,0.0,normalDay
2019-08-15,1707.0,-788.0,0.0,0,284.65,0.0,1,7.67,15.55,SPY191115P00295000,295.0,0,0.0,0.0,,0.0,normalDay
2019-08-16,1707.0,-509.0,0.0,0,288.85,0.0,1,7.67,12.76,SPY191115P00295000,295.0,0,0.0,0.0,,0.0,normalDay
2019-08-19,1707.0,-267.0,0.0,0,292.33,0.0,1,7.67,10.34,SPY191115P00295000,295.0,0,0.0,0.0,,0.0,normalDay
2019-08-20,1707.0,-397.0,0.0,0,290.09,0.0,1,7.67,11.64,SPY191115P00295000,295.0,0,0.0,0.0,,0.0,normalDay
2019-08-21,1707.0,-207.0,0.0,0,292.45,0.0,1,7.67,9.74,SPY191115P00295000,295.0,0,0.0,0.0,,0.0,normalDay
2019-08-22,1707.0,-239.0,0.0,0,292.36,0.0,1,7.67,10.06,SPY191115P00295000,295.0,0,0.0,0.0,,0.0,normalDay
2019-08-23,1707.0,-680.0,0.0,0,284.85,0.0,1,7.67,14.47,SPY191115P00295000,295.0,0,0.0,0.0,,0.0,normalDay
2019-08-26,1707.0,-495.0,0.0,0,288.0,0.0,1,7.67,12.62,SPY191115P00295000,295.0,0,0.0,0.0,,0.0,normalDay
2019-08-27,1707.0,-596.0,0.0,0,286.87,0.0,1,7.67,13.63,SPY191115P00295000,295.0,0,0.0,0.0,,0.0,normalDay
2019-08-28,1707.0,-449.0,0.0,0,288.89,0.0,1,7.67,12.16,SPY191115P00295000,295.0,0,0.0,0.0,,0.0,normalDay
2019-08-29,1707.0,-231.0,0.0,0,292.58,0.0,1,7.67,9.98,SPY191115P00295000,295.0,0,0.0,0.0,,0.0,normalDay
2019-08-30,1707.0,-245.0,0.0,0,292.45,0.0,1,7.67,10.12,SPY191115P00295000,295.0,0,0.0,0.0,,0.0,normalDay
2019-09-03,1707.0,-337.0,0.0,0,290.74,0.0,1,7.67,11.04,SPY191115P00295000,295.0,0,0.0,0.0,,0.0,normalDay
2019-09-04,1707.0,-117.0,0.0,0,294.04,0.0,1,7.67,8.84,SPY191115P00295000,295.0,0,0.0,0.0,,0.0,normalDay
2019-09-05,1707.0,61.0,0.0,0,297.82,0.0,1,7.67,7.06,SPY191115P00295000,295.0,0,0.0,0.0,,0.0,normalDay
2019-09-06,1707.0,124.0,0.0,0,298.05,0.0,1,7.67,6.43,SPY191115P00295000,295.0,0,0.0,0.0,,0.0,normalDay
2019-09-09,1707.0,133.0,0.0,0,298.2,0.0,1,7.67,6.34,SPY191115P00295000,295.0,0,0.0,0.0,,0.0,normalDay
2019-09-10,1707.0,140.0,0.0,0,298.13,0.0,1,7.67,6.27,SPY191115P00295000,295.0,0,0.0,0.0,,0.0,normalDay
2019-09-11,1707.0,235.0,0.0,0,300.25,0.0,1,7.67,5.32,SPY191115P00295000,295.0,0,0.0,0.0,,0.0,normalDay
2019-09-12,1707.0,296.0,0.0,0,301.29,0.0,1,7.67,4.71,SPY191115P00295000,295.0,0,0.0,0.0,,0.0,normalDay
2019-09-13,1707.0,298.0,0.0,0,301.09,0.0,1,7.67,4.69,SPY191115P00295000,295.0,0,0.0,0.0,,0.0,normalDay
2019-09-16,1707.0,267.0,0.0,0,300.16,0.0,1,7.67,5.0,SPY191115P00295000,295.0,0,0.0,0.0,,0.0,normalDay
2019-09-17,1707.0,285.0,0.0,0,300.92,0.0,1,7.67,4.82,SPY191115P00295000,295.0,0,0.0,0.0,,0.0,normalDay
2019-09-18,1707.0,318.0,0.0,0,301.1,0.0,1,7.67,4.49,SPY191115P00295000,295.0,0,0.0,0.0,,0.0,normalDay
2019-09-19,1707.0,317.0,0.0,0,301.08,0.0,1,7.67,4.5,SPY191115P00295000,295.0,0,0.0,0.0,,0.0,normalDay
2019-09-20,1707.0,240.0,0.0,0,298.28,0.0,1,7.67,5.27,SPY191115P00295000,295.0,0,0.0,0.0,,0.0,normalDay
2019-09-23,1707.0,275.0,0.0,0,298.21,0.0,1,7.67,4.92,SPY191115P00295000,295.0,0,0.0,0.0,,0.0,normalDay
2019-09-24,1707.0,154.0,0.0,0,295.87,0.0,1,7.67,6.13,SPY191115P00295000,295.0,0,0.0,0.0,,0.0,normalDay
2019-09-25,1707.0,228.0,0.0,0,297.62,0.0,1,7.67,5.39,SPY191115P00295000,295.0,0,0.0,0.0,,0.0,normalDay
2019-09-26,1707.0,227.0,0.0,0,297.0,0.0,1,7.67,5.4,SPY191115P00295000,295.0,0,0.0,0.0,,0.0,normalDay
2019-09-27,1707.0,139.0,0.0,0,295.4,0.0,1,7.67,6.28,SPY191115P00295000,295.0,0,0.0,0.0,,0.0,normalDay
2019-09-30,1707.0,245.0,0.0,0,296.77,0.0,1,7.67,5.22,SPY191115P00295000,295.0,0,0.0,0.0,,0.0,normalDay
2019-10-01,1707.0,51.0,0.0,0,293.24,0.0,1,7.67,7.16,SPY191115P00295000,295.0,0,0.0,0.0,,0.0,normalDay
2019-10-02,1707.0,-299.0,0.0,0,288.06,0.0,1,7.67,10.66,SPY191115P00295000,295.0,0,0.0,0.0,,0.0,normalDay
2019-10-03,1707.0,-98.0,0.0,0,290.42,0.0,1,7.67,8.65,SPY191115P00295000,295.0,0,0.0,0.0,,0.0,normalDay
2019-10-04,1707.0,150.0,0.0,0,294.35,0.0,1,7.67,6.17,SPY191115P00295000,295.0,0,0.0,0.0,,0.0,normalDay
2019-10-07,1707.0,95.0,0.0,0,293.08,0.0,1,7.67,6.72,SPY191115P00295000,295.0,0,0.0,0.0,,0.0,normalDay
2019-10-08,1707.0,-183.0,0.0,0,288.53,0.0,1,7.67,9.5,SPY191115P00295000,295.0,0,0.0,0.0,,0.0,normalDay
2019-10-09,1707.0,-3.0,0.0,0,291.27,0.0,1,7.67,7.7,SPY191115P00295000,295.0,0,0.0,0.0,,0.0,normalDay
2019-10-10,1707.0,135.0,0.0,0,293.24,0.0,1,7.67,6.32,SPY191115P00295000,295.0,0,0.0,0.0,,0.0,normalDay
2019-10-11,1707.0,318.0,0.0,0,296.28,0.0,1,7.67,4.49,SPY191115P00295000,295.0,0,0.0,0.0,,0.0,normalDay
2019-10-14,1707.0,349.0,0.0,0,295.95,0.0,1,7.67,4.18,SPY191115P00295000,295.0,0,0.0,0.0,,0.0,normalDay
2019-10-15,1707.0,487.0,0.0,0,298.88,0.0,1,7.67,2.8,SPY191115P00295000,295.0,0,0.0,0.0,,0.0,normalDay
2019-10-16,1707.0,481.0,0.0,0,298.4,0.0,1,7.67,2.86,SPY191115P00295000,295.0,0,0.0,0.0,,0.0,normalDay
2019-10-17,1707.0,503.0,0.0,0,299.28,0.0,1,7.67,2.64,SPY191115P00295000,295.0,0,0.0,0.0,,0.0,normalDay
2019-10-18,1707.0,472.0,0.0,0,297.97,0.0,1,7.67,2.95,SPY191115P00295000,295.0,0,0.0,0.0,,0.0,normalDay
2019-10-21,1707.0,559.0,0.0,0,299.99,0.0,1,7.67,2.08,SPY191115P00295000,295.0,0,0.0,0.0,,0.0,normalDay
2019-10-22,1707.0,530.0,0.0,0,299.01,0.0,1,7.67,2.37,SPY191115P00295000,295.0,0,0.0,0.0,,0.0,normalDay
2019-10-23,1707.0,575.0,0.0,0,299.88,0.0,1,7.67,1.92,SPY191115P00295000,295.0,0,0.0,0.0,,0.0,normalDay
2019-10-24,1707.0,596.0,0.0,0,300.37,0.0,1,7.67,1.71,SPY191115P00295000,295.0,0,0.0,0.0,,0.0,normalDay
2019-10-25,1707.0,646.0,0.0,0,301.6,0.0,1,7.67,1.21,SPY191115P00295000,295.0,0,0.0,0.0,,0.0,normalDay
2019-10-28,1707.0,678.0,0.0,0,303.3,0.0,1,7.67,0.89,SPY191115P00295000,295.0,0,0.0,0.0,,0.0,normalDay
2019-10-29,1707.0,679.0,0.0,0,303.21,0.0,1,7.67,0.88,SPY191115P00295000,295.0,0,0.0,0.0,,0.0,normalDay
2019-10-30,1707.0,709.0,0.0,0,304.14,0.0,1,7.67,0.58,SPY191115P00295000,295.0,0,0.0,0.0,,0.0,normalDay
2019-10-31,1707.0,690.0,0.0,0,303.33,0.0,1,7.67,0.77,SPY191115P00295000,295.0,0,0.0,0.0,,0.0,normalDay
2019-11-01,1707.0,733.0,0.0,0,306.14,0.0,1,7.67,0.34,SPY191115P00295000,295.0,0,0.0,0.0,,0.0,normalDay
2019-11-04,1707.0,743.0,0.0,0,307.37,0.0,1,7.67,0.24,SPY191115P00295000,295.0,0,0.0,0.0,,0.0,normalDay
2019-11-05,1707.0,746.0,0.0,0,307.03,0.0,1,7.67,0.21,SPY191115P00295000,295.0,0,0.0,0.0,,0.0,normalDay
2019-11-06,1707.0,755.0,0.0,0,307.1,0.0,1,7.67,0.12,SPY191115P00295000,295.0,0,0.0,0.0,,0.0,normalDay
2019-11-07,1707.0,758.0,0.0,0,308.18,0.0,1,7.67,0.09,SPY191115P00295000,295.0,0,0.0,0.0,,0.0,normalDay
2019-11-08,1707.0,763.0,0.0,0,308.94,0.0,1,7.67,0.04,SPY191115P00295000,295.0,0,0.0,0.0,,0.0,normalDay
2019-11-11,1707.0,764.0,0.0,0,308.35,0.0,1,7.67,0.03,SPY191115P00295000,295.0,0,0.0,0.0,,0.0,normalDay
2019-11-12,1707.0,765.0,0.0,0,309.0,0.0,1,7.67,0.02,SPY191115P00295000,295.0,0,0.0,0.0,,0.0,normalDay
2019-11-13,1707.0,765.0,0.0,0,309.1,0.0,1,7.67,0.02,SPY191115P00295000,295.0,0,0.0,0.0,,0.0,normalDay
2019-11-14,1707.0,766.0,0.0,0,309.55,0.0,1,7.67,0.01,SPY191115P00295000,295.0,0,0.0,0.0,,0.0,normalDay
2019-11-15,2474.0,0.0,767.0,0,311.79,0.0,1,7.67,0.0,SPY191115P00295000,295.0,0,0.0,0.0,,0.0,expirationDay
2019-11-18,2474.0,-6.0,0.0,0,312.02,0.0,1,7.82,7.88,SPY200331P00304000,304.0,0,0.0,0.0,,0.0,normalDay
2019-11-19,2474.0,-23.0,0.0,0,311.93,0.0,1,7.82,8.05,SPY200331P00304000,304.0,0,0.0,0.0,,0.0,normalDay
2019-11-20,2474.0,-70.0,0.0,0,310.77,0.0,1,7.82,8.52,SPY200331P00304000,304.0,0,0.0,0.0,,0.0,normalDay
2019-11-21,2474.0,-88.0,0.0,0,310.27,0.0,1,7.82,8.7,SPY200331P00304000,304.0,0,0.0,0.0,,0.0,normalDay
2019-11-22,2474.0,-45.0,0.0,0,310.96,0.0,1,7.82,8.27,SPY200331P00304000,304.0,0,0.0,0.0,,0.0,normalDay
2019-11-25,2474.0,52.0,0.0,0,313.37,0.0,1,7.82,7.3,SPY200331P00304000,304.0,0,0.0,0.0,,0.0,normalDay
2019-11-26,2474.0,92.0,0.0,0,314.08,0.0,1,7.82,6.9,SPY200331P00304000,304.0,0,0.0,0.0,,0.0,normalDay
2019-11-27,2474.0,125.0,0.0,0,315.48,0.0,1,7.82,6.57,SPY200331P00304000,304.0,0,0.0,0.0,,0.0,normalDay
2019-11-29,2474.0,76.0,0.0,0,314.31,0.0,1,7.82,7.06,SPY200331P00304000,304.0,0,0.0,0.0,,0.0,normalDay
2019-12-02,2474.0,-48.0,0.0,0,311.64,0.0,1,7.82,8.3,SPY200331P00304000,304.0,0,0.0,0.0,,0.0,normalDay
2019-12-03,2474.0,-154.0,0.0,0,309.55,0.0,1,7.82,9.36,SPY200331P00304000,304.0,0,0.0,0.0,,0.0,normalDay
2019-12-04,2474.0,-70.0,0.0,0,311.46,0.0,1,7.82,8.52,SPY200331P00304000,304.0,0,0.0,0.0,,0.0,normalDay
2019-12-05,2474.0,-24.0,0.0,0,312.02,0.0,1,7.82,8.06,SPY200331P00304000,304.0,0,0.0,0.0,,0.0,normalDay
2019-12-06,2474.0,85.0,0.0,0,314.87,0.0,1,7.82,6.97,SPY200331P00304000,304.0,0,0.0,0.0,,0.0,normalDay
2019-12-09,2474.0,29.0,0.0,0,313.88,0.0,1,7.82,7.53,SPY200331P00304000,304.0,0,0.0,0.0,,0.0,normalDay
2019-12-10,2474.0,43.0,0.0,0,313.53,0.0,1,7.82,7.39,SPY200331P00304000,304.0,0,0.0,0.0,,0.0,normalDay
2019-12-11,2474.0,85.0,0.0,0,314.42,0.0,1,7.82,6.97,SPY200331P00304000,304.0,0,0.0,0.0,,0.0,normalDay
2019-12-12,2474.0,184.0,0.0,0,317.13,0.0,1,7.82,5.98,SPY200331P00304000,304.0,0,0.0,0.0,,0.0,normalDay
2019-12-13,2474.0,236.0,0.0,0,317.32,0.0,1,7.82,5.46,SPY200331P00304000,304.0,0,0.0,0.0,,0.0,normalDay
2019-12-16,2474.0,318.0,0.0,0,319.5,0.0,1,7.82,4.64,SPY200331P00304000,304.0,0,0.0,0.0,,0.0,normalDay
2019-12-17,2474.0,313.0,0.0,0,319.57,0.0,1,7.82,4.69,SPY200331P00304000,304.0,0,0.0,0.0,,0.0,normalDay
2019-12-18,2474.0,312.0,0.0,0,319.59,0.0,1,7.82,4.7,SPY200331P00304000,304.0,0,0.0,0.0,,0.0,normalDay
2019-12-19,2474.0,348.0,0.0,0,320.9,0.0,1,7.82,4.34,SPY200331P00304000,304.0,0,0.0,0.0,,0.0,normalDay
2019-12-20,2474.0,368.0,0.0,0,320.73,0.0,1,7.82,4.14,SPY200331P00304000,304.0,0,0.0,0.0,,0.0,normalDay
2019-12-23,2474.0,369.0,0.0,0,321.22,0.0,1,7.82,4.13,SPY200331P00304000,304.0,0,0.0,0.0,,0.0,normalDay
2019-12-24,2474.0,373.0,0.0,0,321.23,0.0,1,7.82,4.09,SPY200331P00304000,304.0,0,0.0,0.0,,0.0,normalDay
2019-12-26,2474.0,410.0,0.0,0,322.94,0.0,1,7.82,3.72,SPY200331P00304000,304.0,0,0.0,0.0,,0.0,normalDay
2019-12-27,2474.0,391.0,0.0,0,322.86,0.0,1,7.82,3.91,SPY200331P00304000,304.0,0,0.0,0.0,,0.0,normalDay
2019-12-30,2474.0,345.0,0.0,0,321.08,0.0,1,7.82,4.37,SPY200331P00304000,304.0,0,0.0,0.0,,0.0,normalDay
2019-12-31,2474.0,391.0,0.0,0,321.86,0.0,1,7.82,3.91,SPY200331P00304000,304.0,0,0.0,0.0,,0.0,normalDay
2020-01-02,2474.0,463.0,0.0,0,324.87,0.0,1,7.82,3.19,SPY200331P00304000,304.0,0,0.0,0.0,,0.0,normalDay
2020-01-03,2474.0,394.0,0.0,0,322.41,0.0,1,7.82,3.88,SPY200331P00304000,304.0,0,0.0,0.0,,0.0,normalDay
2020-01-06,2474.0,433.0,0.0,0,323.64,0.0,1,7.82,3.49,SPY200331P00304000,304.0,0,0.0,0.0,,0.0,normalDay
2020-01-07,2474.0,418.0,0.0,0,322.73,0.0,1,7.82,3.64,SPY200331P00304000,304.0,0,0.0,0.0,,0.0,normalDay
2020-01-08,2474.0,468.0,0.0,0,324.45,0.0,1,7.82,3.14,SPY200331P00304000,304.0,0,0.0,0.0,,0.0,normalDay
2020-01-09,2474.0,518.0,0.0,0,326.65,0.0,1,7.82,2.64,SPY200331P00304000,304.0,0,0.0,0.0,,0.0,normalDay
2020-01-10,2474.0,504.0,0.0,0,325.71,0.0,1,7.82,2.78,SPY200331P00304000,304.0,0,0.0,0.0,,0.0,normalDay
2020-01-13,2474.0,554.0,0.0,0,327.95,0.0,1,7.82,2.28,SPY200331P00304000,304.0,0,0.0,0.0,,0.0,normalDay
2020-01-14,2474.0,556.0,0.0,0,327.45,0.0,1,7.82,2.26,SPY200331P00304000,304.0,0,0.0,0.0,,0.0,normalDay
2020-01-15,2474.0,567.0,0.0,0,328.19,0.0,1,7.82,2.15,SPY200331P00304000,304.0,0,0.0,0.0,,0.0,normalDay
2020-01-16,2474.0,598.0,0.0,0,330.92,0.0,1,7.82,1.84,SPY200331P00304000,304.0,0,0.0,0.0,,0.0,normalDay
2020-01-17,2474.0,612.0,0.0,0,331.95,0.0,1,7.82,1.7,SPY200331P00304000,304.0,0,0.0,0.0,,0.0,normalDay
2020-01-21,2474.0,606.0,0.0,0,331.3,0.0,1,7.82,1.76,SPY200331P00304000,304.0,0,0.0,0.0,,0.0,normalDay
2020-01-22,2474.0,607.0,0.0,0,331.34,0.0,1,7.82,1.75,SPY200331P00304000,304.0,0,0.0,0.0,,0.0,normalDay
2020-01-23,2474.0,610.0,0.0,0,331.72,0.0,1,7.82,1.72,SPY200331P00304000,304.0,0,0.0,0.0,,0.0,normalDay
2020-01-24,2474.0,556.0,0.0,0,328.77,0.0,1,7.82,2.26,SPY200331P00304000,304.0,0,0.0,0.0,,0.0,normalDay
2020-01-27,2474.0,408.0,0.0,0,323.5,0.0,1,7.82,3.74,SPY200331P00304000,304.0,0,0.0,0.0,,0.0,normalDay
2020-01-28,2474.0,513.0,0.0,0,326.89,0.0,1,7.82,2.69,SPY200331P00304000,304.0,0,0.0,0.0,,0.0,normalDay
2020-01-29,2474.0,514.0,0.0,0,326.62,0.0,1,7.82,2.68,SPY200331P00304000,304.0,0,0.0,0.0,,0.0,normalDay
2020-01-30,2474.0,557.0,0.0,0,327.68,0.0,1,7.82,2.25,SPY200331P00304000,304.0,0,0.0,0.0,,0.0,normalDay
2020-01-31,2474.0,409.0,0.0,0,321.73,0.0,1,7.82,3.73,SPY200331P00304000,304.0,0,0.0,0.0,,0.0,normalDay
2020-02-03,2474.0,467.0,0.0,0,324.12,0.0,1,7.82,3.15,SPY200331P00304000,304.0,0,0.0,0.0,,0.0,normalDay
2020-02-04,2474.0,586.0,0.0,0,329.06,0.0,1,7.82,1.96,SPY200331P00304000,304.0,0,0.0,0.0,,0.0,normalDay
2020-02-05,2474.0,637.0,0.0,0,332.86,0.0,1,7.82,1.45,SPY200331P00304000,304.0,0,0.0,0.0,,0.0,normalDay
2020-02-06,2474.0,646.0,0.0,0,333.98,0.0,1,7.82,1.36,SPY200331P00304000,304.0,0,0.0,0.0,,0.0,normalDay
2020-02-07,2474.0,629.0,0.0,0,332.2,0.0,1,7.82,1.53,SPY200331P00304000,304.0,0,0.0,0.0,,0.0,normalDay
2020-02-10,2474.0,660.0,0.0,0,334.68,0.0,1,7.82,1.22,SPY200331P00304000,304.0,0,0.0,0.0,,0.0,normalDay
2020-02-11,2474.0,665.0,0.0,0,335.26,0.0,1,7.82,1.17,SPY200331P00304000,304.0,0,0.0,0.0,,0.0,normalDay
2020-02-12,2474.0,692.0,0.0,0,337.42,0.0,1,7.82,0.9,SPY200331P00304000,304.0,0,0.0,0.0,,0.0,normalDay
2020-02-13,2474.0,689.0,0.0,0,337.06,0.0,1,7.82,0.93,SPY200331P00304000,304.0,0,0.0,0.0,,0.0,normalDay
2020-02-14,2474.0,700.0,0.0,0,337.6,0.0,1,7.82,0.82,SPY200331P00304000,304.0,0,0.0,0.0,,0.0,normalDay
2020-02-18,2474.0,696.0,0.0,0,336.73,0.0,1,7.82,0.86,SPY200331P00304000,304.0,0,0.0,0.0,,0.0,normalDay
2020-02-19,2474.0,709.0,0.0,0,338.34,0.0,1,7.82,0.73,SPY200331P00304000,304.0,0,0.0,0.0,,0.0,normalDay
2020-02-20,2474.0,694.0,0.0,0,336.95,0.0,1,7.82,0.88,SPY200331P00304000,304.0,0,0.0,0.0,,0.0,normalDay
2020-02-21,2474.0,657.0,0.0,0,333.48,0.0,1,7.82,1.25,SPY200331P00304000,304.0,0,0.0,0.0,,0.0,normalDay
2020-02-24,2474.0,394.0,0.0,0,322.42,0.0,1,7.82,3.88,SPY200331P00304000,304.0,0,0.0,0.0,,0.0,normalDay
2020-02-25,2474.0,151.0,0.0,0,312.65,0.0,1,7.82,6.31,SPY200331P00304000,304.0,0,0.0,0.0,,0.0,normalDay
2020-02-26,2474.0,115.0,0.0,0,311.5,0.0,1,7.82,6.67,SPY200331P00304000,304.0,0,0.0,0.0,,0.0,normalDay
2020-02-27,2474.0,-859.0,0.0,0,297.51,0.0,1,7.82,16.41,SPY200331P00304000,304.0,0,0.0,0.0,,0.0,normalDay
2020-02-28,2474.0,-924.0,0.0,0,296.26,0.0,1,7.82,17.06,SPY200331P00304000,304.0,0,0.0,0.0,,0.0,normalDay
2020-03-02,2474.0,-17.0,0.0,0,309.09,0.0,1,7.82,7.99,SPY200331P00304000,304.0,0,0.0,0.0,,0.0,normalDay
2020-03-03,2474.0,-439.0,0.0,0,300.24,0.0,1,7.82,12.21,SPY200331P00304000,304.0,0,0.0,0.0,,0.0,normalDay
2020-03-04,2474.0,98.0,0.0,0,312.86,0.0,1,7.82,6.84,SPY200331P00304000,304.0,0,0.0,0.0,,0.0,normalDay
2020-03-05,2474.0,-486.0,0.0,0,302.46,0.0,1,7.82,12.68,SPY200331P00304000,304.0,0,0.0,0.0,,0.0,normalDay
2020-03-06,2474.0,-749.0,0.0,0,297.46,0.0,1,7.82,15.31,SPY200331P00304000,304.0,0,0.0,0.0,,0.0,normalDay
2020-03-09,2474.0,-2555.0,0.0,0,274.23,0.0,1,7.82,33.37,SPY200331P00304000,304.0,0,0.0,0.0,,0.0,normalDay
2020-03-10,2474.0,-1317.0,0.0,0,288.42,0.0,1,7.82,20.99,SPY200331P00304000,304.0,0,0.0,0.0,,0.0,normalDay
2020-03-11,2474.0,-2515.0,0.0,0,274.36,0.0,1,7.82,32.97,SPY200331P00304000,304.0,0,0.0,0.0,,0.0,normalDay
2020-03-12,2474.0,-5035.0,0.0,0,248.11,0.0,1,7.82,58.17,SPY200331P00304000,304.0,0,0.0,0.0,,0.0,normalDay
2020-03-13,2474.0,-2932.0,0.0,0,269.32,0.0,1,7.82,37.14,SPY200331P00304000,304.0,0,0.0,0.0,,0.0,normalDay
2020-03-16,2474.0,-5482.0,0.0,0,239.85,0.0,1,7.82,62.64,SPY200331P00304000,304.0,0,0.0,0.0,,0.0,normalDay
2020-03-17,2474.0,-4650.0,0.0,0,252.8,0.0,1,7.82,54.32,SPY200331P00304000,304.0,0,0.0,0.0,,0.0,normalDay
2020-03-18,2474.0,-5867.0,0.0,0,240.0,0.0,1,7.82,66.49,SPY200331P00304000,304.0,0,0.0,0.0,,0.0,normalDay
2020-03-19,2474.0,-5825.0,0.0,0,240.51,0.0,1,7.82,66.07,SPY200331P00304000,304.0,0,0.0,0.0,,0.0,normalDay
2020-03-20,2474.0,-6767.0,0.0,0,228.8,0.0,1,7.82,75.49,SPY200331P00304000,304.0,0,0.0,0.0,,0.0,normalDay
2020-03-23,2474.0,-7557.0,0.0,0,222.95,0.0,1,7.82,83.39,SPY200331P00304000,304.0,0,0.0,0.0,,0.0,normalDay
2020-03-24,2474.0,-5415.0,0.0,0,243.15,0.0,1,7.82,61.97,SPY200331P00304000,304.0,0,0.0,0.0,,0.0,normalDay
2020-03-25,2474.0,-4935.0,0.0,0,246.79,0.0,1,7.82,57.17,SPY200331P00304000,304.0,0,0.0,0.0,,0.0,normalDay
2020-03-26,2474.0,-3582.0,0.0,0,261.2,0.0,1,7.82,43.64,SPY200331P00304000,304.0,0,0.0,0.0,,0.0,normalDay
2020-03-27,2474.0,-4363.0,0.0,0,253.42,0.0,1,7.82,51.45,SPY200331P00304000,304.0,0,0.0,0.0,,0.0,normalDay
2020-03-30,2474.0,-3557.0,0.0,0,261.65,0.0,1,7.82,43.39,SPY200331P00304000,304.0,0,0.0,0.0,,0.0,normalDay
2020-03-31,3256.0,-4625.0,782.0,100,257.75,304.0,1,7.82,0.0,SPY200331P00304000,304.0,0,0.0,0.0,,0.0,expirationDay
2020-04-01,3256.0,-5788.0,0.0,100,246.15,304.0,0,0.0,0.0,,0.0,1,0.03,0.06,SPY200515C00337000,337.0,normalDay
2020-04-02,3256.0,-5220.0,0.0,100,251.83,304.0,0,0.0,0.0,,0.0,1,0.03,0.06,SPY200515C00337000,337.0,normalDay
2020-04-03,3256.0,-5583.0,0.0,100,248.19,304.0,0,0.0,0.0,,0.0,1,0.03,0.05,SPY200515C00337000,337.0,normalDay
2020-04-06,3256.0,-3917.0,0.0,100,264.86,304.0,0,0.0,0.0,,0.0,1,0.03,0.06,SPY200515C00337000,337.0,normalDay
2020-04-07,3256.0,-3891.0,0.0,100,265.13,304.0,0,0.0,0.0,,0.0,1,0.03,0.07,SPY200515C00337000,337.0,normalDay
2020-04-08,3256.0,-3004.0,0.0,100,274.03,304.0,0,0.0,0.0,,0.0,1,0.03,0.1,SPY200515C00337000,337.0,normalDay
2020-04-09,3256.0,-2590.0,0.0,100,278.2,304.0,0,0.0,0.0,,0.0,1,0.03,0.13,SPY200515C00337000,337.0,normalDay
2020-04-13,3256.0,-2838.0,0.0,100,275.66,304.0,0,0.0,0.0,,0.0,1,0.03,0.07,SPY200515C00337000,337.0,normalDay
2020-04-14,3256.0,-2029.0,0.0,100,283.79,304.0,0,0.0,0.0,,0.0,1,0.03,0.11,SPY200515C00337000,337.0,normalDay
2020-04-15,3256.0,-2628.0,0.0,100,277.76,304.0,0,0.0,0.0,,0.0,1,0.03,0.07,SPY200515C00337000,337.0,normalDay
2020-04-16,3256.0,-2493.0,0.0,100,279.1,304.0,0,0.0,0.0,,0.0,1,0.03,0.06,SPY200515C00337000,337.0,normalDay
2020-04-17,3256.0,-1741.0,0.0,100,286.64,304.0,0,0.0,0.0,,0.0,1,0.03,0.08,SPY200515C00337000,337.0,normalDay
2020-04-20,3256.0,-2244.0,0.0,100,281.59,304.0,0,0.0,0.0,,0.0,1,0.03,0.06,SPY200515C00337000,337.0,normalDay
2020-04-21,3256.0,-3097.0,0.0,100,273.04,304.0,0,0.0,0.0,,0.0,1,0.03,0.04,SPY200515C00337000,337.0,normalDay
2020-04-22,3256.0,-2490.0,0.0,100,279.1,304.0,0,0.0,0.0,,0.0,1,0.03,0.03,SPY200515C00337000,337.0,normalDay
2020-04-23,3256.0,-2492.0,0.0,100,279.08,304.0,0,0.0,0.0,,0.0,1,0.03,0.03,SPY200515C00337000,337.0,normalDay
2020-04-24,3256.0,-2102.0,0.0,100,282.97,304.0,0,0.0,0.0,,0.0,1,0.03,0.02,SPY200515C00337000,337.0,normalDay
2020-04-27,3256.0,-1694.0,0.0,100,287.05,304.0,0,0.0,0.0,,0.0,1,0.03,0.02,SPY200515C00337000,337.0,normalDay
2020-04-28,3256.0,-1827.0,0.0,100,285.73,304.0,0,0.0,0.0,,0.0,1,0.03,0.03,SPY200515C00337000,337.0,normalDay
2020-04-29,3256.0,-1080.0,0.0,100,293.21,304.0,0,0.0,0.0,,0.0,1,0.03,0.04,SPY200515C00337000,337.0,normalDay
2020-04-30,3256.0,-1353.0,0.0,100,290.48,304.0,0,0.0,0.0,,0.0,1,0.03,0.04,SPY200515C00337000,337.0,normalDay
2020-05-01,3256.0,-2119.0,0.0,100,282.79,304.0,0,0.0,0.0,,0.0,1,0.03,0.01,SPY200515C00337000,337.0,normalDay
2020-05-04,3256.0,-2041.0,0.0,100,283.57,304.0,0,0.0,0.0,,0.0,1,0.03,0.01,SPY200515C00337000,337.0,normalDay
2020-05-05,3256.0,-1779.0,0.0,100,286.19,304.0,0,0.0,0.0,,0.0,1,0.03,0.01,SPY200515C00337000,337.0,normalDay
2020-05-06,3256.0,-1973.0,0.0,100,284.25,304.0,0,0.0,0.0,,0.0,1,0.03,0.01,SPY200515C00337000,337.0,normalDay
2020-05-07,3256.0,-1630.0,0.0,100,287.68,304.0,0,0.0,0.0,,0.0,1,0.03,0.01,SPY200515C00337000,337.0,normalDay
2020-05-08,3256.0,-1154.0,0.0,100,292.44,304.0,0,0.0,0.0,,0.0,1,0.03,0.01,SPY200515C00337000,337.0,normalDay
2020-05-11,3256.0,-1148.0,0.0,100,292.5,304.0,0,0.0,0.0,,0.0,1,0.03,0.01,SPY200515C00337000,337.0,normalDay
2020-05-12,3256.0,-1731.0,0.0,100,286.67,304.0,0,0.0,0.0,,0.0,1,0.03,0.01,SPY200515C00337000,337.0,normalDay
2020-05-13,3256.0,-2238.0,0.0,100,281.6,304.0,0,0.0,0.0,,0.0,1,0.03,0.01,SPY200515C00337000,337.0,normalDay
2020-05-14,3256.0,-1901.0,0.0,100,284.97,304.0,0,0.0,0.0,,0.0,1,0.03,0.01,SPY200515C00337000,337.0,normalDay
2020-05-15,3259.0,-1772.0,3.0,100,286.28,304.0,0,0.0,0.0,,0.0,1,0.03,0.0,SPY200515C00337000,337.0,expirationDay
2020-05-18,3259.0,-907.0,0.0,100,295.0,304.0,0,0.0,0.0,,0.0,1,3.79,3.86,SPY200630C00306000,306.0,normalDay
2020-05-19,3259.0,-1141.0,0.0,100,291.97,304.0,0,0.0,0.0,,0.0,1,3.79,3.17,SPY200630C00306000,306.0,normalDay
2020-05-20,3259.0,-779.0,0.0,100,296.93,304.0,0,0.0,0.0,,0.0,1,3.79,4.51,SPY200630C00306000,306.0,normalDay
2020-05-21,3259.0,-903.0,0.0,100,294.88,304.0,0,0.0,0.0,,0.0,1,3.79,3.7,SPY200630C00306000,306.0,normalDay
2020-05-22,3259.0,-847.0,0.0,100,295.44,304.0,0,0.0,0.0,,0.0,1,3.79,3.7,SPY200630C00306000,306.0,normalDay
2020-05-26,3259.0,-567.0,0.0,100,299.08,304.0,0,0.0,0.0,,0.0,1,3.79,4.54,SPY200630C00306000,306.0,normalDay
2020-05-27,3259.0,-306.0,0.0,100,303.53,304.0,0,0.0,0.0,,0.0,1,3.79,6.38,SPY200630C00306000,306.0,normalDay
2020-05-28,3259.0,-388.0,0.0,100,302.97,304.0,0,0.0,0.0,,0.0,1,3.79,6.64,SPY200630C00306000,306.0,normalDay
2020-05-29,3259.0,-289.0,0.0,100,304.32,304.0,0,0.0,0.0,,0.0,1,3.79,7.0,SPY200630C00306000,306.0,normalDay
2020-06-01,3259.0,-162.0,0.0,100,305.55,304.0,0,0.0,0.0,,0.0,1,3.79,6.96,SPY200630C00306000,306.0,normalDay
2020-06-02,3259.0,-5.0,0.0,100,308.08,304.0,0,0.0,0.0,,0.0,1,3.79,7.92,SPY200630C00306000,306.0,normalDay
2020-06-03,3259.0,148.0,0.0,100,312.18,304.0,0,0.0,0.0,,0.0,1,3.79,10.49,SPY200630C00306000,306.0,normalDay
2020-06-04,3259.0,125.0,0.0,100,311.36,304.0,0,0.0,0.0,,0.0,1,3.79,9.9,SPY200630C00306000,306.0,normalDay
2020-06-05,3259.0,356.0,0.0,100,319.34,304.0,0,0.0,0.0,,0.0,1,3.79,15.57,SPY200630C00306000,306.0,normalDay
2020-06-08,3259.0,445.0,0.0,100,323.2,304.0,0,0.0,0.0,,0.0,1,3.79,18.54,SPY200630C00306000,306.0,normalDay
2020-06-09,3259.0,283.0,0.0,100,320.79,304.0,0,0.0,0.0,,0.0,1,3.79,17.75,SPY200630C00306000,306.0,normalDay
2020-06-10,3259.0,357.0,0.0,100,319.0,304.0,0,0.0,0.0,,0.0,1,3.79,15.22,SPY200630C00306000,306.0,normalDay
2020-06-11,3259.0,-601.0,0.0,100,300.61,304.0,0,0.0,0.0,,0.0,1,3.79,6.41,SPY200630C00306000,306.0,normalDay
2020-06-12,3259.0,-245.0,0.0,100,304.21,304.0,0,0.0,0.0,,0.0,1,3.79,6.45,SPY200630C00306000,306.0,normalDay
2020-06-15,3259.0,-76.0,0.0,100,307.05,304.0,0,0.0,0.0,,0.0,1,3.79,7.6,SPY200630C00306000,306.0,normalDay
2020-06-16,3259.0,191.0,0.0,100,312.96,304.0,0,0.0,0.0,,0.0,1,3.79,10.84,SPY200630C00306000,306.0,normalDay
2020-06-17,3259.0,160.0,0.0,100,311.66,304.0,0,0.0,0.0,,0.0,1,3.79,9.85,SPY200630C00306000,306.0,normalDay
2020-06-18,3259.0,260.0,0.0,100,311.78,304.0,0,0.0,0.0,,0.0,1,3.79,8.97,SPY200630C00306000,306.0,normalDay
2020-06-19,3259.0,149.0,0.0,100,308.64,304.0,0,0.0,0.0,,0.0,1,3.79,6.94,SPY200630C00306000,306.0,normalDay
2020-06-22,3259.0,235.0,0.0,100,310.62,304.0,0,0.0,0.0,,0.0,1,3.79,8.06,SPY200630C00306000,306.0,normalDay
2020-06-23,3259.0,338.0,0.0,100,312.05,304.0,0,0.0,0.0,,0.0,1,3.79,8.46,SPY200630C00306000,306.0,normalDay
2020-06-24,3259.0,8.0,0.0,100,304.09,304.0,0,0.0,0.0,,0.0,1,3.79,3.8,SPY200630C00306000,306.0,normalDay
2020-06-25,3259.0,243.0,0.0,100,307.35,304.0,0,0.0,0.0,,0.0,1,3.79,4.71,SPY200630C00306000,306.0,normalDay
2020-06-26,3259.0,-125.0,0.0,100,300.05,304.0,0,0.0,0.0,,0.0,1,3.79,1.09,SPY200630C00306000,306.0,normalDay
2020-06-29,3259.0,329.0,0.0,100,304.46,304.0,0,0.0,0.0,,0.0,1,3.79,0.96,SPY200630C00306000,306.0,normalDay
2020-06-30,3838.0,329.0,579.0,0,308.36,0.0,0,0.0,0.0,,0.0,1,3.79,0.0,SPY200630C00306000,306.0,expirationDay
2020-07-01,3838.0,-12.0,0.0,0,310.52,0.0,1,19.46,19.58,SPY201120P00307000,307.0,0,0.0,0.0,,0.0,normalDay
2020-07-02,3838.0,95.0,0.0,0,312.23,0.0,1,19.46,18.51,SPY201120P00307000,307.0,0,0.0,0.0,,0.0,normalDay
2020-07-06,3838.0,258.0,0.0,0,317.05,0.0,1,19.46,16.88,SPY201120P00307000,307.0,0,0.0,0.0,,0.0,normalDay
2020-07-07,3838.0,104.0,0.0,0,313.78,0.0,1,19.46,18.42,SPY201120P00307000,307.0,0,0.0,0.0,,0.0,normalDay
2020-07-08,3838.0,225.0,0.0,0,316.18,0.0,1,19.46,17.21,SPY201120P00307000,307.0,0,0.0,0.0,,0.0,normalDay
2020-07-09,3838.0,114.0,0.0,0,314.38,0.0,1,19.46,18.32,SPY201120P00307000,307.0,0,0.0,0.0,,0.0,normalDay
2020-07-10,3838.0,276.0,0.0,0,317.59,0.0,1,19.46,16.7,SPY201120P00307000,307.0,0,0.0,0.0,,0.0,normalDay
2020-07-13,3838.0,27.0,0.0,0,314.84,0.0,1,19.46,19.19,SPY201120P00307000,307.0,0,0.0,0.0,,0.0,normalDay
2020-07-14,3838.0,263.0,0.0,0,318.92,0.0,1,19.46,16.83,SPY201120P00307000,307.0,0,0.0,0.0,,0.0,normalDay
2020-07-15,3838.0,396.0,0.0,0,321.85,0.0,1,19.46,15.5,SPY201120P00307000,307.0,0,0.0,0.0,,0.0,normalDay
2020-07-16,3838.0,346.0,0.0,0,320.79,0.0,1,19.46,16.0,SPY201120P00307000,307.0,0,0.0,0.0,,0.0,normalDay
2020-07-17,3838.0,494.0,0.0,0,321.72,0.0,1,19.46,14.52,SPY201120P00307000,307.0,0,0.0,0.0,,0.0,normalDay
2020-07-20,3838.0,647.0,0.0,0,324.32,0.0,1,19.46,12.99,SPY201120P00307000,307.0,0,0.0,0.0,,0.0,normalDay
2020-07-21,3838.0,658.0,0.0,0,325.01,0.0,1,19.46,12.88,SPY201120P00307000,307.0,0,0.0,0.0,,0.0,normalDay
2020-07-22,3838.0,717.0,0.0,0,326.86,0.0,1,19.46,12.29,SPY201120P00307000,307.0,0,0.0,0.0,,0.0,normalDay
2020-07-23,3838.0,561.0,0.0,0,322.96,0.0,1,19.46,13.85,SPY201120P00307000,307.0,0,0.0,0.0,,0.0,normalDay
2020-07-24,3838.0,526.0,0.0,0,320.88,0.0,1,19.46,14.2,SPY201120P00307000,307.0,0,0.0,0.0,,0.0,normalDay
2020-07-27,3838.0,643.0,0.0,0,323.22,0.0,1,19.46,13.03,SPY201120P00307000,307.0,0,0.0,0.0,,0.0,normalDay
2020-07-28,3838.0,564.0,0.0,0,321.17,0.0,1,19.46,13.82,SPY201120P00307000,307.0,0,0.0,0.0,,0.0,normalDay
2020-07-29,3838.0,708.0,0.0,0,325.12,0.0,1,19.46,12.38,SPY201120P00307000,307.0,0,0.0,0.0,,0.0,normalDay
2020-07-30,3838.0,651.0,0.0,0,323.96,0.0,1,19.46,12.95,SPY201120P00307000,307.0,0,0.0,0.0,,0.0,normalDay
2020-07-31,3838.0,749.0,0.0,0,326.52,0.0,1,19.46,11.97,SPY201120P00307000,307.0,0,0.0,0.0,,0.0,normalDay
2020-08-03,3838.0,814.0,0.0,0,328.79,0.0,1,19.46,11.32,SPY201120P00307000,307.0,0,0.0,0.0,,0.0,normalDay
2020-08-04,3838.0,879.0,0.0,0,330.06,0.0,1,19.46,10.67,SPY201120P00307000,307.0,0,0.0,0.0,,0.0,normalDay
2020-08-05,3838.0,958.0,0.0,0,332.11,0.0,1,19.46,9.88,SPY201120P00307000,307.0,0,0.0,0.0,,0.0,normalDay
2020-08-06,3838.0,1023.0,0.0,0,334.33,0.0,1,19.46,9.23,SPY201120P00307000,307.0,0,0.0,0.0,,0.0,normalDay
2020-08-07,3838.0,1024.0,0.0,0,334.57,0.0,1,19.46,9.22,SPY201120P00307000,307.0,0,0.0,0.0,,0.0,normalDay
2020-08-10,3838.0,1066.0,0.0,0,335.57,0.0,1,19.46,8.8,SPY201120P00307000,307.0,0,0.0,0.0,,0.0,normalDay
2020-08-11,3838.0,961.0,0.0,0,332.8,0.0,1,19.46,9.85,SPY201120P00307000,307.0,0,0.0,0.0,,0.0,normalDay
2020-08-12,3838.0,1113.0,0.0,0,337.44,0.0,1,19.46,8.33,SPY201120P00307000,307.0,0,0.0,0.0,,0.0,normalDay
2020-08-13,3838.0,1100.0,0.0,0,336.83,0.0,1,19.46,8.46,SPY201120P00307000,307.0,0,0.0,0.0,,0.0,normalDay
2020-08-14,3838.0,1109.0,0.0,0,336.84,0.0,1,19.46,8.37,SPY201120P00307000,307.0,0,0.0,0.0,,0.0,normalDay
2020-08-17,3838.0,1184.0,0.0,0,337.91,0.0,1,19.46,7.62,SPY201120P00307000,307.0,0,0.0,0.0,,0.0,normalDay
2020-08-18,3838.0,1222.0,0.0,0,338.64,0.0,1,19.46,7.24,SPY201120P00307000,307.0,0,0.0,0.0,,0.0,normalDay
2020-08-19,3838.0,1176.0,0.0,0,337.23,0.0,1,19.46,7.7,SPY201120P00307000,307.0,0,0.0,0.0,,0.0,normalDay
2020-08-20,3838.0,1204.0,0.0,0,338.28,0.0,1,19.46,7.42,SPY201120P00307000,307.0,0,0.0,0.0,,0.0,normalDay
2020-08-21,3838.0,1242.0,0.0,0,339.48,0.0,1,19.46,7.04,SPY201120P00307000,307.0,0,0.0,0.0,,0.0,normalDay
2020-08-24,3838.0,1306.0,0.0,0,342.92,0.0,1,19.46,6.4,SPY201120P00307000,307.0,0,0.0,0.0,,0.0,normalDay
2020-08-25,3838.0,1339.0,0.0,0,344.12,0.0,1,19.46,6.07,SPY201120P00307000,307.0,0,0.0,0.0,,0.0,normalDay
2020-08-26,3838.0,1359.0,0.0,0,347.57,0.0,1,19.46,5.87,SPY201120P00307000,307.0,0,0.0,0.0,,0.0,normalDay
2020-08-27,3838.0,1342.0,0.0,0,348.33,0.0,1,19.46,6.04,SPY201120P00307000,307.0,0,0.0,0.0,,0.0,normalDay
2020-08-28,3838.0,1392.0,0.0,0,350.58,0.0,1,19.46,5.54,SPY201120P00307000,307.0,0,0.0,0.0,,0.0,normalDay
2020-08-31,3838.0,1316.0,0.0,0,349.31,0.0,1,19.46,6.3,SPY201120P00307000,307.0,0,0.0,0.0,,0.0,normalDay
2020-09-01,3838.0,1345.0,0.0,0,352.6,0.0,1,19.46,6.01,SPY201120P00307000,307.0,0,0.0,0.0,,0.0,normalDay
2020-09-02,3838.0,1382.0,0.0,0,357.7,0.0,1,19.46,5.64,SPY201120P00307000,307.0,0,0.0,0.0,,0.0,normalDay
2020-09-03,3838.0,1116.0,0.0,0,345.39,0.0,1,19.46,8.3,SPY201120P00307000,307.0,0,0.0,0.0,,0.0,normalDay
2020-09-04,3838.0,1144.0,0.0,0,342.57,0.0,1,19.46,8.02,SPY201120P00307000,307.0,0,0.0,0.0,,0.0,normalDay
2020-09-08,3838.0,1040.0,0.0,0,333.21,0.0,1,19.46,9.06,SPY201120P00307000,307.0,0,0.0,0.0,,0.0,normalDay
2020-09-09,3838.0,1237.0,0.0,0,339.79,0.0,1,19.46,7.09,SPY201120P00307000,307.0,0,0.0,0.0,,0.0,normalDay
2020-09-10,3838.0,1130.0,0.0,0,333.89,0.0,1,19.46,8.16,SPY201120P00307000,307.0,0,0.0,0.0,,0.0,normalDay
2020-09-11,3838.0,1189.0,0.0,0,334.06,0.0,1,19.46,7.57,SPY201120P00307000,307.0,0,0.0,0.0,,0.0,normalDay
2020-09-14,3838.0,1353.0,0.0,0,338.46,0.0,1,19.46,5.93,SPY201120P00307000,307.0,0,0.0,0.0,,0.0,normalDay
2020-09-15,3838.0,1391.0,0.0,0,340.17,0.0,1,19.46,5.55,SPY201120P00307000,307.0,0,0.0,0.0,,0.0,normalDay
2020-09-16,3838.0,1361.0,0.0,0,338.82,0.0,1,19.46,5.85,SPY201120P00307000,307.0,0,0.0,0.0,,0.0,normalDay
2020-09-17,3838.0,1328.0,0.0,0,335.84,0.0,1,19.46,6.18,SPY201120P00307000,307.0,0,0.0,0.0,,0.0,normalDay
2020-09-18,3838.0,1281.0,0.0,0,330.65,0.0,1,19.46,6.65,SPY201120P00307000,307.0,0,0.0,0.0,,0.0,normalDay
2020-09-21,3838.0,1189.0,0.0,0,326.97,0.0,1,19.46,7.57,SPY201120P00307000,307.0,0,0.0,0.0,,0.0,normalDay
2020-09-22,3838.0,1253.0,0.0,0,330.3,0.0,1,19.46,6.93,SPY201120P00307000,307.0,0,0.0,0.0,,0.0,normalDay
2020-09-23,3838.0,1025.0,0.0,0,322.64,0.0,1,19.46,9.21,SPY201120P00307000,307.0,0,0.0,0.0,,0.0,normalDay
2020-09-24,3838.0,1093.0,0.0,0,323.5,0.0,1,19.46,8.53,SPY201120P00307000,307.0,0,0.0,0.0,,0.0,normalDay
2020-09-25,3838.0,1260.0,0.0,0,328.73,0.0,1,19.46,6.86,SPY201120P00307000,307.0,0,0.0,0.0,,0.0,normalDay
2020-09-28,3838.0,1393.0,0.0,0,334.19,0.0,1,19.46,5.53,SPY201120P00307000,307.0,0,0.0,0.0,,0.0,normalDay
2020-09-29,3838.0,1382.0,0.0,0,332.37,0.0,1,19.46,5.64,SPY201120P00307000,307.0,0,0.0,0.0,,0.0,normalDay
2020-09-30,3838.0,1388.0,0.0,0,334.89,0.0,1,19.46,5.58,SPY201120P00307000,307.0,0,0.0,0.0,,0.0,normalDay
2020-10-01,3838.0,1449.0,0.0,0,337.04,0.0,1,19.46,4.97,SPY201120P00307000,307.0,0,0.0,0.0,,0.0,normalDay
2020-10-02,3838.0,1381.0,0.0,0,333.84,0.0,1,19.46,5.65,SPY201120P00307000,307.0,0,0.0,0.0,,0.0,normalDay
2020-10-05,3838.0,1527.0,0.0,0,339.76,0.0,1,19.46,4.19,SPY201120P00307000,307.0,0,0.0,0.0,,0.0,normalDay
2020-10-06,3838.0,1455.0,0.0,0,334.93,0.0,1,19.46,4.91,SPY201120P00307000,307.0,0,0.0,0.0,,0.0,normalDay
2020-10-07,3838.0,1584.0,0.0,0,340.76,0.0,1,19.46,3.62,SPY201120P00307000,307.0,0,0.0,0.0,,0.0,normalDay
2020-10-08,3838.0,1667.0,0.0,0,343.78,0.0,1,19.46,2.79,SPY201120P00307000,307.0,0,0.0,0.0,,0.0,normalDay
2020-10-09,3838.0,1726.0,0.0,0,346.85,0.0,1,19.46,2.2,SPY201120P00307000,307.0,0,0.0,0.0,,0.0,normalDay
2020-10-12,3838.0,1773.0,0.0,0,352.43,0.0,1,19.46,1.73,SPY201120P00307000,307.0,0,0.0,0.0,,0.0,normalDay
2020-10-13,3838.0,1759.0,0.0,0,350.13,0.0,1,19.46,1.87,SPY201120P00307000,307.0,0,0.0,0.0,,0.0,normalDay
2020-10-14,3838.0,1748.0,0.0,0,347.93,0.0,1,19.46,1.98,SPY201120P00307000,307.0,0,0.0,0.0,,0.0,normalDay
2020-10-15,3838.0,1745.0,0.0,0,347.5,0.0,1,19.46,2.01,SPY201120P00307000,307.0,0,0.0,0.0,,0.0,normalDay
2020-10-16,3838.0,1741.0,0.0,0,347.29,0.0,1,19.46,2.05,SPY201120P00307000,307.0,0,0.0,0.0,,0.0,normalDay
2020-10-19,3838.0,1700.0,0.0,0,342.01,0.0,1,19.46,2.46,SPY201120P00307000,307.0,0,0.0,0.0,,0.0,normalDay
2020-10-20,3838.0,1710.0,0.0,0,343.38,0.0,1,19.46,2.36,SPY201120P00307000,307.0,0,0.0,0.0,,0.0,normalDay
2020-10-21,3838.0,1738.0,0.0,0,342.73,0.0,1,19.46,2.08,SPY201120P00307000,307.0,0,0.0,0.0,,0.0,normalDay
2020-10-22,3838.0,1762.0,0.0,0,344.61,0.0,1,19.46,1.84,SPY201120P00307000,307.0,0,0.0,0.0,,0.0,normalDay
2020-10-23,3838.0,1782.0,0.0,0,345.78,0.0,1,19.46,1.64,SPY201120P00307000,307.0,0,0.0,0.0,,0.0,normalDay
2020-10-26,3838.0,1679.0,0.0,0,339.39,0.0,1,19.46,2.67,SPY201120P00307000,307.0,0,0.0,0.0,,0.0,normalDay
2020-10-27,3838.0,1660.0,0.0,0,338.22,0.0,1,19.46,2.86,SPY201120P00307000,307.0,0,0.0,0.0,,0.0,normalDay
2020-10-28,3838.0,1331.0,0.0,0,326.66,0.0,1,19.46,6.15,SPY201120P00307000,307.0,0,0.0,0.0,,0.0,normalDay
2020-10-29,3838.0,1514.0,0.0,0,329.98,0.0,1,19.46,4.32,SPY201120P00307000,307.0,0,0.0,0.0,,0.0,normalDay
2020-10-30,3838.0,1437.0,0.0,0,326.54,0.0,1,19.46,5.09,SPY201120P00307000,307.0,0,0.0,0.0,,0.0,normalDay
2020-11-02,3838.0,1573.0,0.0,0,330.2,0.0,1,19.46,3.73,SPY201120P00307000,307.0,0,0.0,0.0,,0.0,normalDay
2020-11-03,3838.0,1680.0,0.0,0,336.03,0.0,1,19.46,2.66,SPY201120P00307000,307.0,0,0.0,0.0,,0.0,normalDay
2020-11-04,3838.0,1841.0,0.0,0,343.54,0.0,1,19.46,1.05,SPY201120P00307000,307.0,0,0.0,0.0,,0.0,normalDay
2020-11-05,3838.0,1883.0,0.0,0,350.24,0.0,1,19.46,0.63,SPY201120P00307000,307.0,0,0.0,0.0,,0.0,normalDay
2020-11-06,3838.0,1914.0,0.0,0,350.16,0.0,1,19.46,0.32,SPY201120P00307000,307.0,0,0.0,0.0,,0.0,normalDay
2020-11-09,3838.0,1921.0,0.0,0,354.56,0.0,1,19.46,0.25,SPY201120P00307000,307.0,0,0.0,0.0,,0.0,normalDay
2020-11-10,3838.0,1927.0,0.0,0,354.04,0.0,1,19.46,0.19,SPY201120P00307000,307.0,0,0.0,0.0,,0.0,normalDay
2020-11-11,3838.0,1933.0,0.0,0,356.67,0.0,1,19.46,0.13,SPY201120P00307000,307.0,0,0.0,0.0,,0.0,normalDay
2020-11-12,3838.0,1927.0,0.0,0,353.21,0.0,1,19.46,0.19,SPY201120P00307000,307.0,0,0.0,0.0,,0.0,normalDay
2020-11-13,3838.0,1938.0,0.0,0,358.1,0.0,1,19.46,0.08,SPY201120P00307000,307.0,0,0.0,0.0,,0.0,normalDay
2020-11-16,3838.0,1943.0,0.0,0,362.57,0.0,1,19.46,0.03,SPY201120P00307000,307.0,0,0.0,0.0,,0.0,normalDay
2020-11-17,3838.0,1944.0,0.0,0,360.62,0.0,1,19.46,0.02,SPY201120P00307000,307.0,0,0.0,0.0,,0.0,normalDay
2020-11-18,3838.0,1944.0,0.0,0,356.28,0.0,1,19.46,0.02,SPY201120P00307000,307.0,0,0.0,0.0,,0.0,normalDay
2020-11-19,3838.0,1945.0,0.0,0,357.78,0.0,1,19.46,0.01,SPY201120P00307000,307.0,0,0.0,0.0,,0.0,normalDay
2020-11-20,5784.0,0.0,1946.0,0,355.33,0.0,1,19.46,0.0,SPY201120P00307000,307.0,0,0.0,0.0,,0.0,expirationDay
2020-11-23,5784.0,-9.0,0.0,0,357.46,0.0,1,12.89,12.98,SPY210331P00342000,342.0,0,0.0,0.0,,0.0,normalDay
2020-11-24,5784.0,166.0,0.0,0,363.22,0.0,1,12.89,11.23,SPY210331P00342000,342.0,0,0.0,0.0,,0.0,normalDay
2020-11-25,5784.0,178.0,0.0,0,362.66,0.0,1,12.89,11.11,SPY210331P00342000,342.0,0,0.0,0.0,,0.0,normalDay
2020-11-27,5784.0,207.0,0.0,0,363.67,0.0,1,12.89,10.82,SPY210331P00342000,342.0,0,0.0,0.0,,0.0,normalDay
2020-11-30,5784.0,221.0,0.0,0,362.06,0.0,1,12.89,10.68,SPY210331P00342000,342.0,0,0.0,0.0,,0.0,normalDay
2020-12-01,5784.0,282.0,0.0,0,366.02,0.0,1,12.89,10.07,SPY210331P00342000,342.0,0,0.0,0.0,,0.0,normalDay
2020-12-02,5784.0,309.0,0.0,0,366.79,0.0,1,12.89,9.8,SPY210331P00342000,342.0,0,0.0,0.0,,0.0,normalDay
2020-12-03,5784.0,301.0,0.0,0,366.69,0.0,1,12.89,9.88,SPY210331P00342000,342.0,0,0.0,0.0,,0.0,normalDay
2020-12-04,5784.0,383.0,0.0,0,369.85,0.0,1,12.89,9.06,SPY210331P00342000,342.0,0,0.0,0.0,,0.0,normalDay
2020-12-07,5784.0,365.0,0.0,0,369.09,0.0,1,12.89,9.24,SPY210331P00342000,342.0,0,0.0,0.0,,0.0,normalDay
2020-12-08,5784.0,436.0,0.0,0,370.17,0.0,1,12.89,8.53,SPY210331P00342000,342.0,0,0.0,0.0,,0.0,normalDay
2020-12-09,5784.0,322.0,0.0,0,366.85,0.0,1,12.89,9.67,SPY210331P00342000,342.0,0,0.0,0.0,,0.0,normalDay
2020-12-10,5784.0,320.0,0.0,0,366.73,0.0,1,12.89,9.69,SPY210331P00342000,342.0,0,0.0,0.0,,0.0,normalDay
2020-12-11,5784.0,284.0,0.0,0,366.3,0.0,1,12.89,10.05,SPY210331P00342000,342.0,0,0.0,0.0,,0.0,normalDay
2020-12-14,5784.0,238.0,0.0,0,364.66,0.0,1,12.89,10.51,SPY210331P00342000,342.0,0,0.0,0.0,,0.0,normalDay
2020-12-15,5784.0,374.0,0.0,0,369.59,0.0,1,12.89,9.15,SPY210331P00342000,342.0,0,0.0,0.0,,0.0,normalDay
2020-12-16,5784.0,428.0,0.0,0,370.17,0.0,1,12.89,8.61,SPY210331P00342000,342.0,0,0.0,0.0,,0.0,normalDay
2020-12-17,5784.0,492.0,0.0,0,372.24,0.0,1,12.89,7.97,SPY210331P00342000,342.0,0,0.0,0.0,,0.0,normalDay
2020-12-18,5784.0,477.0,0.0,0,369.18,0.0,1,12.89,8.12,SPY210331P00342000,342.0,0,0.0,0.0,,0.0,normalDay
2020-12-21,5784.0,349.0,0.0,0,367.86,0.0,1,12.89,9.4,SPY210331P00342000,342.0,0,0.0,0.0,,0.0,normalDay
2020-12-22,5784.0,359.0,0.0,0,367.24,0.0,1,12.89,9.3,SPY210331P00342000,342.0,0,0.0,0.0,,0.0,normalDay
2020-12-23,5784.0,415.0,0.0,0,367.57,0.0,1,12.89,8.74,SPY210331P00342000,342.0,0,0.0,0.0,,0.0,normalDay
2020-12-24,5784.0,495.0,0.0,0,369.0,0.0,1,12.89,7.94,SPY210331P00342000,342.0,0,0.0,0.0,,0.0,normalDay
2020-12-28,5784.0,585.0,0.0,0,372.17,0.0,1,12.89,7.04,SPY210331P00342000,342.0,0,0.0,0.0,,0.0,normalDay
2020-12-29,5784.0,519.0,0.0,0,371.46,0.0,1,12.89,7.7,SPY210331P00342000,342.0,0,0.0,0.0,,0.0,normalDay
2020-12-30,5784.0,570.0,0.0,0,371.99,0.0,1,12.89,7.19,SPY210331P00342000,342.0,0,0.0,0.0,,0.0,normalDay
2020-12-31,5784.0,612.0,0.0,0,373.88,0.0,1,12.89,6.77,SPY210331P00342000,342.0,0,0.0,0.0,,0.0,normalDay
2021-01-04,5784.0,443.0,0.0,0,368.79,0.0,1,12.89,8.46,SPY210331P00342000,342.0,0,0.0,0.0,,0.0,normalDay
2021-01-05,5784.0,533.0,0.0,0,371.33,0.0,1,12.89,7.56,SPY210331P00342000,342.0,0,0.0,0.0,,0.0,normalDay
2021-01-06,5784.0,568.0,0.0,0,373.55,0.0,1,12.89,7.21,SPY210331P00342000,342.0,0,0.0,0.0,,0.0,normalDay
2021-01-07,5784.0,736.0,0.0,0,379.1,0.0,1,12.89,5.53,SPY210331P00342000,342.0,0,0.0,0.0,,0.0,normalDay
2021-01-08,5784.0,782.0,0.0,0,381.26,0.0,1,12.89,5.07,SPY210331P00342000,342.0,0,0.0,0.0,,0.0,normalDay
2021-01-11,5784.0,700.0,0.0,0,378.69,0.0,1,12.89,5.89,SPY210331P00342000,342.0,0,0.0,0.0,,0.0,normalDay
2021-01-12,5784.0,728.0,0.0,0,378.77,0.0,1,12.89,5.61,SPY210331P00342000,342.0,0,0.0,0.0,,0.0,normalDay
2021-01-13,5784.0,774.0,0.0,0,379.79,0.0,1,12.89,5.15,SPY210331P00342000,342.0,0,0.0,0.0,,0.0,normalDay
2021-01-14,5784.0,737.0,0.0,0,378.46,0.0,1,12.89,5.52,SPY210331P00342000,342.0,0,0.0,0.0,,0.0,normalDay
2021-01-15,5784.0,663.0,0.0,0,375.7,0.0,1,12.89,6.26,SPY210331P00342000,342.0,0,0.0,0.0,,0.0,normalDay
2021-01-19,5784.0,765.0,0.0,0,378.65,0.0,1,12.89,5.24,SPY210331P00342000,342.0,0,0.0,0.0,,0.0,normalDay
2021-01-20,5784.0,869.0,0.0,0,383.89,0.0,1,12.89,4.2,SPY210331P00342000,342.0,0,0.0,0.0,,0.0,normalDay
2021-01-21,5784.0,886.0,0.0,0,384.24,0.0,1,12.89,4.03,SPY210331P00342000,342.0,0,0.0,0.0,,0.0,normalDay
2021-01-22,5784.0,866.0,0.0,0,382.88,0.0,1,12.89,4.23,SPY210331P00342000,342.0,0,0.0,0.0,,0.0,normalDay
2021-01-25,5784.0,868.0,0.0,0,384.39,0.0,1,12.89,4.21,SPY210331P00342000,342.0,0,0.0,0.0,,0.0,normalDay
2021-01-26,5784.0,874.0,0.0,0,383.79,0.0,1,12.89,4.15,SPY210331P00342000,342.0,0,0.0,0.0,,0.0,normalDay
2021-01-27,5784.0,492.0,0.0,0,374.41,0.0,1,12.89,7.97,SPY210331P00342000,342.0,0,0.0,0.0,,0.0,normalDay
2021-01-28,5784.0,640.0,0.0,0,377.63,0.0,1,12.89,6.49,SPY210331P00342000,342.0,0,0.0,0.0,,0.0,normalDay
2021-01-29,5784.0,380.0,0.0,0,370.07,0.0,1,12.89,9.09,SPY210331P00342000,342.0,0,0.0,0.0,,0.0,normalDay
2021-02-01,5784.0,632.0,0.0,0,376.23,0.0,1,12.89,6.57,SPY210331P00342000,342.0,0,0.0,0.0,,0.0,normalDay
2021-02-02,5784.0,840.0,0.0,0,381.55,0.0,1,12.89,4.49,SPY210331P00342000,342.0,0,0.0,0.0,,0.0,normalDay
2021-02-03,5784.0,906.0,0.0,0,381.85,0.0,1,12.89,3.83,SPY210331P00342000,342.0,0,0.0,0.0,,0.0,normalDay
2021-02-04,5784.0,984.0,0.0,0,386.19,0.0,1,12.89,3.05,SPY210331P00342000,342.0,0,0.0,0.0,,0.0,normalDay
2021-02-05,5784.0,1006.0,0.0,0,387.71,0.0,1,12.89,2.83,SPY210331P00342000,342.0,0,0.0,0.0,,0.0,normalDay
2021-02-08,5784.0,1042.0,0.0,0,390.51,0.0,1,12.89,2.47,SPY210331P00342000,342.0,0,0.0,0.0,,0.0,normalDay
2021-02-09,5784.0,1045.0,0.0,0,390.25,0.0,1,12.89,2.44,SPY210331P00342000,342.0,0,0.0,0.0,,0.0,normalDay
2021-02-10,5784.0,1042.0,0.0,0,390.08,0.0,1,12.89,2.47,SPY210331P00342000,342.0,0,0.0,0.0,,0.0,normalDay
2021-02-11,5784.0,1065.0,0.0,0,390.71,0.0,1,12.89,2.24,SPY210331P00342000,342.0,0,0.0,0.0,,0.0,normalDay
2021-02-12,5784.0,1108.0,0.0,0,392.64,0.0,1,12.89,1.81,SPY210331P00342000,342.0,0,0.0,0.0,,0.0,normalDay
2021-02-16,5784.0,1106.0,0.0,0,392.3,0.0,1,12.89,1.83,SPY210331P00342000,342.0,0,0.0,0.0,,0.0,normalDay
2021-02-17,5784.0,1115.0,0.0,0,392.39,0.0,1,12.89,1.74,SPY210331P00342000,342.0,0,0.0,0.0,,0.0,normalDay
2021-02-18,5784.0,1099.0,0.0,0,390.72,0.0,1,12.89,1.9,SPY210331P00342000,342.0,0,0.0,0.0,,0.0,normalDay
2021-02-19,5784.0,1109.0,0.0,0,390.03,0.0,1,12.89,1.8,SPY210331P00342000,342.0,0,0.0,0.0,,0.0,normalDay
2021-02-22,5784.0,1091.0,0.0,0,387.03,0.0,1,12.89,1.98,SPY210331P00342000,342.0,0,0.0,0.0,,0.0,normalDay
2021-02-23,5784.0,1114.0,0.0,0,387.5,0.0,1,12.89,1.75,SPY210331P00342000,342.0,0,0.0,0.0,,0.0,normalDay
2021-02-24,5784.0,1165.0,0.0,0,391.77,0.0,1,12.89,1.24,SPY210331P00342000,342.0,0,0.0,0.0,,0.0,normalDay
2021-02-25,5784.0,1008.0,0.0,0,382.33,0.0,1,12.89,2.81,SPY210331P00342000,342.0,0,0.0,0.0,,0.0,normalDay
2021-02-26,5784.0,1018.0,0.0,0,380.36,0.0,1,12.89,2.71,SPY210331P00342000,342.0,0,0.0,0.0,,0.0,normalDay
2021-03-01,5784.0,1158.0,0.0,0,389.58,0.0,1,12.89,1.31,SPY210331P00342000,342.0,0,0.0,0.0,,0.0,normalDay
2021-03-02,5784.0,1137.0,0.0,0,386.54,0.0,1,12.89,1.52,SPY210331P00342000,342.0,0,0.0,0.0,,0.0,normalDay
2021-03-03,5784.0,1091.0,0.0,0,381.42,0.0,1,12.89,1.98,SPY210331P00342000,342.0,0,0.0,0.0,,0.0,normalDay
2021-03-04,5784.0,1024.0,0.0,0,376.7,0.0,1,12.89,2.65,SPY210331P00342000,342.0,0,0.0,0.0,,0.0,normalDay
2021-03-05,5784.0,1141.0,0.0,0,383.63,0.0,1,12.89,1.48,SPY210331P00342000,342.0,0,0.0,0.0,,0.0,normalDay
2021-03-08,5784.0,1135.0,0.0,0,381.72,0.0,1,12.89,1.54,SPY210331P00342000,342.0,0,0.0,0.0,,0.0,normalDay
2021-03-09,5784.0,1191.0,0.0,0,387.17,0.0,1,12.89,0.98,SPY210331P00342000,342.0,0,0.0,0.0,,0.0,normalDay
2021-03-10,5784.0,1221.0,0.0,0,389.58,0.0,1,12.89,0.68,SPY210331P00342000,342.0,0,0.0,0.0,,0.0,normalDay
2021-03-11,5784.0,1237.0,0.0,0,393.53,0.0,1,12.89,0.52,SPY210331P00342000,342.0,0,0.0,0.0,,0.0,normalDay
2021-03-12,5784.0,1255.0,0.0,0,394.06,0.0,1,12.89,0.34,SPY210331P00342000,342.0,0,0.0,0.0,,0.0,normalDay
2021-03-15,5784.0,1268.0,0.0,0,396.41,0.0,1,12.89,0.21,SPY210331P00342000,342.0,0,0.0,0.0,,0.0,normalDay
2021-03-16,5784.0,1267.0,0.0,0,395.91,0.0,1,12.89,0.22,SPY210331P00342000,342.0,0,0.0,0.0,,0.0,normalDay
2021-03-17,5784.0,1275.0,0.0,0,397.26,0.0,1,12.89,0.14,SPY210331P00342000,342.0,0,0.0,0.0,,0.0,normalDay
2021-03-18,5784.0,1262.0,0.0,0,391.48,0.0,1,12.89,0.27,SPY210331P00342000,342.0,0,0.0,0.0,,0.0,normalDay
2021-03-19,5784.0,1271.0,0.0,0,389.48,0.0,1,12.89,0.18,SPY210331P00342000,342.0,0,0.0,0.0,,0.0,normalDay
2021-03-22,5784.0,1283.0,0.0,0,392.59,0.0,1,12.89,0.06,SPY210331P00342000,342.0,0,0.0,0.0,,0.0,normalDay
2021-03-23,5784.0,1279.0,0.0,0,389.5,0.0,1,12.89,0.1,SPY210331P00342000,342.0,0,0.0,0.0,,0.0,normalDay
2021-03-24,5784.0,1281.0,0.0,0,387.52,0.0,1,12.89,0.08,SPY210331P00342000,342.0,0,0.0,0.0,,0.0,normalDay
2021-03-25,5784.0,1285.0,0.0,0,389.7,0.0,1,12.89,0.04,SPY210331P00342000,342.0,0,0.0,0.0,,0.0,normalDay
2021-03-26,5784.0,1287.0,0.0,0,395.98,0.0,1,12.89,0.02,SPY210331P00342000,342.0,0,0.0,0.0,,0.0,normalDay
2021-03-29,5784.0,1288.0,0.0,0,395.78,0.0,1,12.89,0.01,SPY210331P00342000,342.0,0,0.0,0.0,,0.0,normalDay
2021-03-30,5784.0,1288.0,0.0,0,394.73,0.0,1,12.89,0.01,SPY210331P00342000,342.0,0,0.0,0.0,,0.0,normalDay
2021-03-31,7073.0,0.0,1289.0,0,396.33,0.0,1,12.89,0.0,SPY210331P00342000,342.0,0,0.0,0.0,,0.0,expirationDay
2021-04-01,7073.0,-8.0,0.0,0,400.61,0.0,1,13.19,13.27,SPY210820P00390000,390.0,0,0.0,0.0,,0.0,normalDay
2021-04-05,7073.0,166.0,0.0,0,406.36,0.0,1,13.19,11.53,SPY210820P00390000,390.0,0,0.0,0.0,,0.0,normalDay
2021-04-06,7073.0,147.0,0.0,0,406.12,0.0,1,13.19,11.72,SPY210820P00390000,390.0,0,0.0,0.0,,0.0,normalDay
2021-04-07,7073.0,191.0,0.0,0,406.59,0.0,1,13.19,11.28,SPY210820P00390000,390.0,0,0.0,0.0,,0.0,normalDay
2021-04-08,7073.0,229.0,0.0,0,408.52,0.0,1,13.19,10.9,SPY210820P00390000,390.0,0,0.0,0.0,,0.0,normalDay
2021-04-09,7073.0,280.0,0.0,0,411.49,0.0,1,13.19,10.39,SPY210820P00390000,390.0,0,0.0,0.0,,0.0,normalDay
2021-04-12,7073.0,300.0,0.0,0,411.64,0.0,1,13.19,10.19,SPY210820P00390000,390.0,0,0.0,0.0,,0.0,normalDay
2021-04-13,7073.0,346.0,0.0,0,412.86,0.0,1,13.19,9.73,SPY210820P00390000,390.0,0,0.0,0.0,,0.0,normalDay
2021-04-14,7073.0,312.0,0.0,0,411.45,0.0,1,13.19,10.07,SPY210820P00390000,390.0,0,0.0,0.0,,0.0,normalDay
2021-04-15,7073.0,417.0,0.0,0,415.87,0.0,1,13.19,9.02,SPY210820P00390000,390.0,0,0.0,0.0,,0.0,normalDay
2021-04-16,7073.0,447.0,0.0,0,417.26,0.0,1,13.19,8.72,SPY210820P00390000,390.0,0,0.0,0.0,,0.0,normalDay
2021-04-19,7073.0,377.0,0.0,0,415.21,0.0,1,13.19,9.42,SPY210820P00390000,390.0,0,0.0,0.0,,0.0,normalDay
2021-04-20,7073.0,265.0,0.0,0,412.17,0.0,1,13.19,10.54,SPY210820P00390000,390.0,0,0.0,0.0,,0.0,normalDay
2021-04-21,7073.0,398.0,0.0,0,416.07,0.0,1,13.19,9.21,SPY210820P00390000,390.0,0,0.0,0.0,,0.0,normalDay
2021-04-22,7073.0,262.0,0.0,0,412.27,0.0,1,13.19,10.57,SPY210820P00390000,390.0,0,0.0,0.0,,0.0,normalDay
2021-04-23,7073.0,417.0,0.0,0,416.74,0.0,1,13.19,9.02,SPY210820P00390000,390.0,0,0.0,0.0,,0.0,normalDay
2021-04-26,7073.0,453.0,0.0,0,417.61,0.0,1,13.19,8.66,SPY210820P00390000,390.0,0,0.0,0.0,,0.0,normalDay
2021-04-27,7073.0,467.0,0.0,0,417.52,0.0,1,13.19,8.52,SPY210820P00390000,390.0,0,0.0,0.0,,0.0,normalDay
2021-04-28,7073.0,489.0,0.0,0,417.4,0.0,1,13.19,8.3,SPY210820P00390000,390.0,0,0.0,0.0,,0.0,normalDay
2021-04-29,7073.0,520.0,0.0,0,420.06,0.0,1,13.19,7.99,SPY210820P00390000,390.0,0,0.0,0.0,,0.0,normalDay
2021-04-30,7073.0,451.0,0.0,0,417.3,0.0,1,13.19,8.68,SPY210820P00390000,390.0,0,0.0,0.0,,0.0,normalDay
2021-05-03,7073.0,500.0,0.0,0,418.2,0.0,1,13.19,8.19,SPY210820P00390000,390.0,0,0.0,0.0,,0.0,normalDay
2021-05-04,7073.0,406.0,0.0,0,415.62,0.0,1,13.19,9.13,SPY210820P00390000,390.0,0,0.0,0.0,,0.0,normalDay
2021-05-05,7073.0,432.0,0.0,0,415.75,0.0,1,13.19,8.87,SPY210820P00390000,390.0,0,0.0,0.0,,0.0,normalDay
2021-05-06,7073.0,530.0,0.0,0,419.07,0.0,1,13.19,7.89,SPY210820P00390000,390.0,0,0.0,0.0,,0.0,normalDay
2021-05-07,7073.0,628.0,0.0,0,422.12,0.0,1,13.19,6.91,SPY210820P00390000,390.0,0,0.0,0.0,,0.0,normalDay
2021-05-10,7073.0,494.0,0.0,0,417.94,0.0,1,13.19,8.25,SPY210820P00390000,390.0,0,0.0,0.0,,0.0,normalDay
2021-05-11,7073.0,359.0,0.0,0,414.21,0.0,1,13.19,9.6,SPY210820P00390000,390.0,0,0.0,0.0,,0.0,normalDay
2021-05-12,7073.0,-50.0,0.0,0,405.41,0.0,1,13.19,13.69,SPY210820P00390000,390.0,0,0.0,0.0,,0.0,normalDay
2021-05-13,7073.0,228.0,0.0,0,410.28,0.0,1,13.19,10.91,SPY210820P00390000,390.0,0,0.0,0.0,,0.0,normalDay
2021-05-14,7073.0,530.0,0.0,0,416.58,0.0,1,13.19,7.89,SPY210820P00390000,390.0,0,0.0,0.0,,0.0,normalDay
2021-05-17,7073.0,483.0,0.0,0,415.52,0.0,1,13.19,8.36,SPY210820P00390000,390.0,0,0.0,0.0,,0.0,normalDay
2021-05-18,7073.0,364.0,0.0,0,411.94,0.0,1,13.19,9.55,SPY210820P00390000,390.0,0,0.0,0.0,,0.0,normalDay
2021-05-19,7073.0,315.0,0.0,0,410.86,0.0,1,13.19,10.04,SPY210820P00390000,390.0,0,0.0,0.0,,0.0,normalDay
2021-05-20,7073.0,463.0,0.0,0,415.28,0.0,1,13.19,8.56,SPY210820P00390000,390.0,0,0.0,0.0,,0.0,normalDay
2021-05-21,7073.0,498.0,0.0,0,414.94,0.0,1,13.19,8.21,SPY210820P00390000,390.0,0,0.0,0.0,,0.0,normalDay
2021-05-24,7073.0,650.0,0.0,0,419.17,0.0,1,13.19,6.69,SPY210820P00390000,390.0,0,0.0,0.0,,0.0,normalDay
2021-05-25,7073.0,637.0,0.0,0,418.24,0.0,1,13.19,6.82,SPY210820P00390000,390.0,0,0.0,0.0,,0.0,normalDay
2021-05-26,7073.0,711.0,0.0,0,419.07,0.0,1,13.19,6.08,SPY210820P00390000,390.0,0,0.0,0.0,,0.0,normalDay
2021-05-27,7073.0,778.0,0.0,0,419.29,0.0,1,13.19,5.41,SPY210820P00390000,390.0,0,0.0,0.0,,0.0,normalDay
2021-05-28,7073.0,791.0,0.0,0,420.04,0.0,1,13.19,5.28,SPY210820P00390000,390.0,0,0.0,0.0,,0.0,normalDay
2021-06-01,7073.0,771.0,0.0,0,419.67,0.0,1,13.19,5.48,SPY210820P00390000,390.0,0,0.0,0.0,,0.0,normalDay
2021-06-02,7073.0,796.0,0.0,0,420.33,0.0,1,13.19,5.23,SPY210820P00390000,390.0,0,0.0,0.0,,0.0,normalDay
2021-06-03,7073.0,756.0,0.0,0,418.77,0.0,1,13.19,5.63,SPY210820P00390000,390.0,0,0.0,0.0,,0.0,normalDay
2021-06-04,7073.0,857.0,0.0,0,422.6,0.0,1,13.19,4.62,SPY210820P00390000,390.0,0,0.0,0.0,,0.0,normalDay
2021-06-07,7073.0,888.0,0.0,0,422.19,0.0,1,13.19,4.31,SPY210820P00390000,390.0,0,0.0,0.0,,0.0,normalDay
2021-06-08,7073.0,881.0,0.0,0,422.28,0.0,1,13.19,4.38,SPY210820P00390000,390.0,0,0.0,0.0,,0.0,normalDay
2021-06-09,7073.0,862.0,0.0,0,421.65,0.0,1,13.19,4.57,SPY210820P00390000,390.0,0,0.0,0.0,,0.0,normalDay
2021-06-10,7073.0,942.0,0.0,0,423.61,0.0,1,13.19,3.77,SPY210820P00390000,390.0,0,0.0,0.0,,0.0,normalDay
2021-06-11,7073.0,969.0,0.0,0,424.31,0.0,1,13.19,3.5,SPY210820P00390000,390.0,0,0.0,0.0,,0.0,normalDay
2021-06-14,7073.0,979.0,0.0,0,425.26,0.0,1,13.19,3.4,SPY210820P00390000,390.0,0,0.0,0.0,,0.0,normalDay
2021-06-15,7073.0,958.0,0.0,0,424.48,0.0,1,13.19,3.61,SPY210820P00390000,390.0,0,0.0,0.0,,0.0,normalDay
2021-06-16,7073.0,919.0,0.0,0,422.11,0.0,1,13.19,4.0,SPY210820P00390000,390.0,0,0.0,0.0,,0.0,normalDay
2021-06-17,7073.0,940.0,0.0,0,421.97,0.0,1,13.19,3.79,SPY210820P00390000,390.0,0,0.0,0.0,,0.0,normalDay
2021-06-18,7073.0,773.0,0.0,0,414.92,0.0,1,13.19,5.46,SPY210820P00390000,390.0,0,0.0,0.0,,0.0,normalDay
2021-06-21,7073.0,958.0,0.0,0,420.86,0.0,1,13.19,3.61,SPY210820P00390000,390.0,0,0.0,0.0,,0.0,normalDay
2021-06-22,7073.0,1015.0,0.0,0,423.11,0.0,1,13.19,3.04,SPY210820P00390000,390.0,0,0.0,0.0,,0.0,normalDay
2021-06-23,7073.0,1030.0,0.0,0,422.6,0.0,1,13.19,2.89,SPY210820P00390000,390.0,0,0.0,0.0,,0.0,normalDay
2021-06-24,7073.0,1069.0,0.0,0,425.1,0.0,1,13.19,2.5,SPY210820P00390000,390.0,0,0.0,0.0,,0.0,normalDay
2021-06-25,7073.0,1099.0,0.0,0,426.61,0.0,1,13.19,2.2,SPY210820P00390000,390.0,0,0.0,0.0,,0.0,normalDay
2021-06-28,7073.0,1114.0,0.0,0,427.47,0.0,1,13.19,2.05,SPY210820P00390000,390.0,0,0.0,0.0,,0.0,normalDay
2021-06-29,7073.0,1112.0,0.0,0,427.7,0.0,1,13.19,2.07,SPY210820P00390000,390.0,0,0.0,0.0,,0.0,normalDay
2021-06-30,7073.0,1125.0,0.0,0,428.06,0.0,1,13.19,1.94,SPY210820P00390000,390.0,0,0.0,0.0,,0.0,normalDay
2021-07-01,7073.0,1144.0,0.0,0,430.43,0.0,1,13.19,1.75,SPY210820P00390000,390.0,0,0.0,0.0,,0.0,normalDay
2021-07-02,7073.0,1169.0,0.0,0,433.72,0.0,1,13.19,1.5,SPY210820P00390000,390.0,0,0.0,0.0,,0.0,normalDay
2021-07-06,7073.0,1160.0,0.0,0,432.93,0.0,1,13.19,1.59,SPY210820P00390000,390.0,0,0.0,0.0,,0.0,normalDay
2021-07-07,7073.0,1174.0,0.0,0,434.46,0.0,1,13.19,1.45,SPY210820P00390000,390.0,0,0.0,0.0,,0.0,normalDay
2021-07-08,7073.0,1114.0,0.0,0,430.92,0.0,1,13.19,2.05,SPY210820P00390000,390.0,0,0.0,0.0,,0.0,normalDay
2021-07-09,7073.0,1186.0,0.0,0,435.52,0.0,1,13.19,1.33,SPY210820P00390000,390.0,0,0.0,0.0,,0.0,normalDay
2021-07-12,7073.0,1205.0,0.0,0,437.08,0.0,1,13.19,1.14,SPY210820P00390000,390.0,0,0.0,0.0,,0.0,normalDay
2021-07-13,7073.0,1190.0,0.0,0,435.59,0.0,1,13.19,1.29,SPY210820P00390000,390.0,0,0.0,0.0,,0.0,normalDay
2021-07-14,7073.0,1213.0,0.0,0,436.24,0.0,1,13.19,1.06,SPY210820P00390000,390.0,0,0.0,0.0,,0.0,normalDay
2021-07-15,7073.0,1202.0,0.0,0,434.75,0.0,1,13.19,1.17,SPY210820P00390000,390.0,0,0.0,0.0,,0.0,normalDay
2021-07-16,7073.0,1176.0,0.0,0,431.34,0.0,1,13.19,1.43,SPY210820P00390000,390.0,0,0.0,0.0,,0.0,normalDay
2021-07-19,7073.0,1081.0,0.0,0,424.97,0.0,1,13.19,2.38,SPY210820P00390000,390.0,0,0.0,0.0,,0.0,normalDay
2021-07-20,7073.0,1165.0,0.0,0,431.06,0.0,1,13.19,1.54,SPY210820P00390000,390.0,0,0.0,0.0,,0.0,normalDay
2021-07-21,7073.0,1218.0,0.0,0,434.55,0.0,1,13.19,1.01,SPY210820P00390000,390.0,0,0.0,0.0,,0.0,normalDay
2021-07-22,7073.0,1227.0,0.0,0,435.46,0.0,1,13.19,0.92,SPY210820P00390000,390.0,0,0.0,0.0,,0.0,normalDay
2021-07-23,7073.0,1247.0,0.0,0,439.94,0.0,1,13.19,0.72,SPY210820P00390000,390.0,0,0.0,0.0,,0.0,normalDay
2021-07-26,7073.0,1264.0,0.0,0,441.02,0.0,1,13.19,0.55,SPY210820P00390000,390.0,0,0.0,0.0,,0.0,normalDay
2021-07-27,7073.0,1248.0,0.0,0,439.01,0.0,1,13.19,0.71,SPY210820P00390000,390.0,0,0.0,0.0,,0.0,normalDay
2021-07-28,7073.0,1262.0,0.0,0,438.83,0.0,1,13.19,0.57,SPY210820P00390000,390.0,0,0.0,0.0,,0.0,normalDay
2021-07-29,7073.0,1275.0,0.0,0,440.65,0.0,1,13.19,0.44,SPY210820P00390000,390.0,0,0.0,0.0,,0.0,normalDay
2021-07-30,7073.0,1269.0,0.0,0,438.51,0.0,1,13.19,0.5,SPY210820P00390000,390.0,0,0.0,0.0,,0.0,normalDay
2021-08-02,7073.0,1272.0,0.0,0,437.59,0.0,1,13.19,0.47,SPY210820P00390000,390.0,0,0.0,0.0,,0.0,normalDay
2021-08-03,7073.0,1292.0,0.0,0,441.15,0.0,1,13.19,0.27,SPY210820P00390000,390.0,0,0.0,0.0,,0.0,normalDay
2021-08-04,7073.0,1293.0,0.0,0,438.98,0.0,1,13.19,0.26,SPY210820P00390000,390.0,0,0.0,0.0,,0.0,normalDay
2021-08-05,7073.0,1300.0,0.0,0,441.76,0.0,1,13.19,0.19,SPY210820P00390000,390.0,0,0.0,0.0,,0.0,normalDay
2021-08-06,7073.0,1307.0,0.0,0,442.49,0.0,1,13.19,0.12,SPY210820P00390000,390.0,0,0.0,0.0,,0.0,normalDay
2021-08-09,7073.0,1309.0,0.0,0,442.13,0.0,1,13.19,0.1,SPY210820P00390000,390.0,0,0.0,0.0,,0.0,normalDay
2021-08-10,7073.0,1308.0,0.0,0,442.68,0.0,1,13.19,0.11,SPY210820P00390000,390.0,0,0.0,0.0,,0.0,normalDay
2021-08-11,7073.0,1313.0,0.0,0,443.78,0.0,1,13.19,0.06,SPY210820P00390000,390.0,0,0.0,0.0,,0.0,normalDay
2021-08-12,7073.0,1313.0,0.0,0,445.11,0.0,1,13.19,0.06,SPY210820P00390000,390.0,0,0.0,0.0,,0.0,normalDay
2021-08-13,7073.0,1314.0,0.0,0,445.92,0.0,1,13.19,0.05,SPY210820P00390000,390.0,0,0.0,0.0,,0.0,normalDay
2021-08-16,7073.0,1316.0,0.0,0,446.97,0.0,1,13.19,0.03,SPY210820P00390000,390.0,0,0.0,0.0,,0.0,normalDay
2021-08-17,7073.0,1316.0,0.0,0,444.04,0.0,1,13.19,0.03,SPY210820P00390000,390.0,0,0.0,0.0,,0.0,normalDay
2021-08-18,7073.0,1311.0,0.0,0,439.18,0.0,1,13.19,0.08,SPY210820P00390000,390.0,0,0.0,0.0,,0.0,normalDay
2021-08-19,7073.0,1317.0,0.0,0,439.86,0.0,1,13.19,0.02,SPY210820P00390000,390.0,0,0.0,0.0,,0.0,normalDay
2021-08-20,8392.0,0.0,1319.0,0,443.36,0.0,1,13.19,0.0,SPY210820P00390000,390.0,0,0.0,0.0,,0.0,expirationDay
2021-08-23,8392.0,-10.0,0.0,0,447.26,0.0,1,15.72,15.82,SPY211231P00441000,441.0,0,0.0,0.0,,0.0,normalDay
2021-08-24,8392.0,7.0,0.0,0,447.97,0.0,1,15.72,15.65,SPY211231P00441000,441.0,0,0.0,0.0,,0.0,normalDay
2021-08-25,8392.0,72.0,0.0,0,448.91,0.0,1,15.72,15.0,SPY211231P00441000,441.0,0,0.0,0.0,,0.0,normalDay
2021-08-26,8392.0,-65.0,0.0,0,446.26,0.0,1,15.72,16.37,SPY211231P00441000,441.0,0,0.0,0.0,,0.0,normalDay
2021-08-27,8392.0,133.0,0.0,0,450.25,0.0,1,15.72,14.39,SPY211231P00441000,441.0,0,0.0,0.0,,0.0,normalDay
2021-08-30,8392.0,210.0,0.0,0,452.23,0.0,1,15.72,13.62,SPY211231P00441000,441.0,0,0.0,0.0,,0.0,normalDay
2021-08-31,8392.0,206.0,0.0,0,451.56,0.0,1,15.72,13.66,SPY211231P00441000,441.0,0,0.0,0.0,,0.0,normalDay
2021-09-01,8392.0,236.0,0.0,0,451.8,0.0,1,15.72,13.36,SPY211231P00441000,441.0,0,0.0,0.0,,0.0,normalDay
2021-09-02,8392.0,282.0,0.0,0,453.19,0.0,1,15.72,12.9,SPY211231P00441000,441.0,0,0.0,0.0,,0.0,normalDay
2021-09-03,8392.0,272.0,0.0,0,453.08,0.0,1,15.72,13.0,SPY211231P00441000,441.0,0,0.0,0.0,,0.0,normalDay
2021-09-07,8392.0,190.0,0.0,0,451.46,0.0,1,15.72,13.82,SPY211231P00441000,441.0,0,0.0,0.0,,0.0,normalDay
2021-09-08,8392.0,174.0,0.0,0,450.91,0.0,1,15.72,13.98,SPY211231P00441000,441.0,0,0.0,0.0,,0.0,normalDay
2021-09-09,8392.0,73.0,0.0,0,448.98,0.0,1,15.72,14.99,SPY211231P00441000,441.0,0,0.0,0.0,,0.0,normalDay
2021-09-10,8392.0,-50.0,0.0,0,445.44,0.0,1,15.72,16.22,SPY211231P00441000,441.0,0,0.0,0.0,,0.0,normalDay
2021-09-13,8392.0,55.0,0.0,0,446.58,0.0,1,15.72,15.17,SPY211231P00441000,441.0,0,0.0,0.0,,0.0,normalDay
2021-09-14,8392.0,-42.0,0.0,0,444.17,0.0,1,15.72,16.14,SPY211231P00441000,441.0,0,0.0,0.0,,0.0,normalDay
2021-09-15,8392.0,141.0,0.0,0,447.88,0.0,1,15.72,14.31,SPY211231P00441000,441.0,0,0.0,0.0,,0.0,normalDay
2021-09-16,8392.0,107.0,0.0,0,447.17,0.0,1,15.72,14.65,SPY211231P00441000,441.0,0,0.0,0.0,,0.0,normalDay
2021-09-17,8392.0,-103.0,0.0,0,441.4,0.0,1,15.72,16.75,SPY211231P00441000,441.0,0,0.0,0.0,,0.0,normalDay
2021-09-20,8392.0,-574.0,0.0,0,434.04,0.0,1,15.72,21.46,SPY211231P00441000,441.0,0,0.0,0.0,,0.0,normalDay
2021-09-21,8392.0,-569.0,0.0,0,433.63,0.0,1,15.72,21.41,SPY211231P00441000,441.0,0,0.0,0.0,,0.0,normalDay
2021-09-22,8392.0,-215.0,0.0,0,437.86,0.0,1,15.72,17.87,SPY211231P00441000,441.0,0,0.0,0.0,,0.0,normalDay
2021-09-23,8392.0,93.0,0.0,0,443.18,0.0,1,15.72,14.79,SPY211231P00441000,441.0,0,0.0,0.0,,0.0,normalDay
2021-09-24,8392.0,157.0,0.0,0,443.91,0.0,1,15.72,14.15,SPY211231P00441000,441.0,0,0.0,0.0,,0.0,normalDay
2021-09-27,8392.0,100.0,0.0,0,442.64,0.0,1,15.72,14.72,SPY211231P00441000,441.0,0,0.0,0.0,,0.0,normalDay
2021-09-28,8392.0,-405.0,0.0,0,433.72,0.0,1,15.72,19.77,SPY211231P00441000,441.0,0,0.0,0.0,,0.0,normalDay
2021-09-29,8392.0,-358.0,0.0,0,434.45,0.0,1,15.72,19.3,SPY211231P00441000,441.0,0,0.0,0.0,,0.0,normalDay
2021-09-30,8392.0,-654.0,0.0,0,429.14,0.0,1,15.72,22.26,SPY211231P00441000,441.0,0,0.0,0.0,,0.0,normalDay
2021-10-01,8392.0,-292.0,0.0,0,434.24,0.0,1,15.72,18.64,SPY211231P00441000,441.0,0,0.0,0.0,,0.0,normalDay
2021-10-04,8392.0,-634.0,0.0,0,428.64,0.0,1,15.72,22.06,SPY211231P00441000,441.0,0,0.0,0.0,,0.0,normalDay
2021-10-05,8392.0,-360.0,0.0,0,433.1,0.0,1,15.72,19.32,SPY211231P00441000,441.0,0,0.0,0.0,,0.0,normalDay
2021-10-06,8392.0,-257.0,0.0,0,434.9,0.0,1,15.72,18.29,SPY211231P00441000,441.0,0,0.0,0.0,,0.0,normalDay
2021-10-07,8392.0,-15.0,0.0,0,438.66,0.0,1,15.72,15.87,SPY211231P00441000,441.0,0,0.0,0.0,,0.0,normalDay
2021-10-08,8392.0,-50.0,0.0,0,437.86,0.0,1,15.72,16.22,SPY211231P00441000,441.0,0,0.0,0.0,,0.0,normalDay
2021-10-11,8392.0,-203.0,0.0,0,434.69,0.0,1,15.72,17.75,SPY211231P00441000,441.0,0,0.0,0.0,,0.0,normalDay
2021-10-12,8392.0,-251.0,0.0,0,433.62,0.0,1,15.72,18.23,SPY211231P00441000,441.0,0,0.0,0.0,,0.0,normalDay
2021-10-13,8392.0,-72.0,0.0,0,435.18,0.0,1,15.72,16.44,SPY211231P00441000,441.0,0,0.0,0.0,,0.0,normalDay
2021-10-14,8392.0,341.0,0.0,0,442.5,0.0,1,15.72,12.31,SPY211231P00441000,441.0,0,0.0,0.0,,0.0,normalDay
2021-10-15,8392.0,479.0,0.0,0,445.87,0.0,1,15.72,10.93,SPY211231P00441000,441.0,0,0.0,0.0,,0.0,normalDay
2021-10-18,8392.0,547.0,0.0,0,447.19,0.0,1,15.72,10.25,SPY211231P00441000,441.0,0,0.0,0.0,,0.0,normalDay
2021-10-19,8392.0,700.0,0.0,0,450.64,0.0,1,15.72,8.72,SPY211231P00441000,441.0,0,0.0,0.0,,0.0,normalDay
2021-10-20,8392.0,734.0,0.0,0,452.41,0.0,1,15.72,8.38,SPY211231P00441000,441.0,0,0.0,0.0,,0.0,normalDay
2021-10-21,8392.0,797.0,0.0,0,453.59,0.0,1,15.72,7.75,SPY211231P00441000,441.0,0,0.0,0.0,,0.0,normalDay
2021-10-22,8392.0,753.0,0.0,0,453.12,0.0,1,15.72,8.19,SPY211231P00441000,441.0,0,0.0,0.0,,0.0,normalDay
2021-10-25,8392.0,842.0,0.0,0,455.55,0.0,1,15.72,7.3,SPY211231P00441000,441.0,0,0.0,0.0,,0.0,normalDay
2021-10-26,8392.0,857.0,0.0,0,455.96,0.0,1,15.72,7.15,SPY211231P00441000,441.0,0,0.0,0.0,,0.0,normalDay
2021-10-27,8392.0,767.0,0.0,0,453.94,0.0,1,15.72,8.05,SPY211231P00441000,441.0,0,0.0,0.0,,0.0,normalDay
2021-10-28,8392.0,892.0,0.0,0,458.32,0.0,1,15.72,6.8,SPY211231P00441000,441.0,0,0.0,0.0,,0.0,normalDay
2021-10-29,8392.0,926.0,0.0,0,459.25,0.0,1,15.72,6.46,SPY211231P00441000,441.0,0,0.0,0.0,,0.0,normalDay
2021-11-01,8392.0,965.0,0.0,0,460.04,0.0,1,15.72,6.07,SPY211231P00441000,441.0,0,0.0,0.0,,0.0,normalDay
2021-11-02,8392.0,1015.0,0.0,0,461.9,0.0,1,15.72,5.57,SPY211231P00441000,441.0,0,0.0,0.0,,0.0,normalDay
2021-11-03,8392.0,1102.0,0.0,0,464.72,0.0,1,15.72,4.7,SPY211231P00441000,441.0,0,0.0,0.0,,0.0,normalDay
2021-11-04,8392.0,1141.0,0.0,0,466.91,0.0,1,15.72,4.31,SPY211231P00441000,441.0,0,0.0,0.0,,0.0,normalDay
2021-11-05,8392.0,1140.0,0.0,0,468.53,0.0,1,15.72,4.32,SPY211231P00441000,441.0,0,0.0,0.0,,0.0,normalDay
2021-11-08,8392.0,1140.0,0.0,0,468.93,0.0,1,15.72,4.32,SPY211231P00441000,441.0,0,0.0,0.0,,0.0,normalDay
2021-11-09,8392.0,1113.0,0.0,0,467.38,0.0,1,15.72,4.59,SPY211231P00441000,441.0,0,0.0,0.0,,0.0,normalDay
2021-11-10,8392.0,1042.0,0.0,0,463.62,0.0,1,15.72,5.3,SPY211231P00441000,441.0,0,0.0,0.0,,0.0,normalDay
2021-11-11,8392.0,1097.0,0.0,0,463.77,0.0,1,15.72,4.75,SPY211231P00441000,441.0,0,0.0,0.0,,0.0,normalDay
2021-11-12,8392.0,1191.0,0.0,0,467.27,0.0,1,15.72,3.81,SPY211231P00441000,441.0,0,0.0,0.0,,0.0,normalDay
2021-11-15,8392.0,1209.0,0.0,0,467.43,0.0,1,15.72,3.63,SPY211231P00441000,441.0,0,0.0,0.0,,0.0,normalDay
2021-11-16,8392.0,1243.0,0.0,0,469.28,0.0,1,15.72,3.29,SPY211231P00441000,441.0,0,0.0,0.0,,0.0,normalDay
2021-11-17,8392.0,1216.0,0.0,0,468.14,0.0,1,15.72,3.56,SPY211231P00441000,441.0,0,0.0,0.0,,0.0,normalDay
2021-11-18,8392.0,1237.0,0.0,0,469.73,0.0,1,15.72,3.35,SPY211231P00441000,441.0,0,0.0,0.0,,0.0,normalDay
2021-11-19,8392.0,1226.0,0.0,0,468.89,0.0,1,15.72,3.46,SPY211231P00441000,441.0,0,0.0,0.0,,0.0,normalDay
2021-11-22,8392.0,1202.0,0.0,0,467.57,0.0,1,15.72,3.7,SPY211231P00441000,441.0,0,0.0,0.0,,0.0,normalDay
2021-11-23,8392.0,1224.0,0.0,0,468.19,0.0,1,15.72,3.48,SPY211231P00441000,441.0,0,0.0,0.0,,0.0,normalDay
2021-11-24,8392.0,1269.0,0.0,0,469.44,0.0,1,15.72,3.03,SPY211231P00441000,441.0,0,0.0,0.0,,0.0,normalDay
2021-11-26,8392.0,679.0,0.0,0,458.97,0.0,1,15.72,8.93,SPY211231P00441000,441.0,0,0.0,0.0,,0.0,normalDay
2021-11-29,8392.0,1132.0,0.0,0,464.6,0.0,1,15.72,4.4,SPY211231P00441000,441.0,0,0.0,0.0,,0.0,normalDay
2021-11-30,8392.0,897.0,0.0,0,455.56,0.0,1,15.72,6.75,SPY211231P00441000,441.0,0,0.0,0.0,,0.0,normalDay
2021-12-01,8392.0,575.0,0.0,0,450.5,0.0,1,15.72,9.97,SPY211231P00441000,441.0,0,0.0,0.0,,0.0,normalDay
2021-12-02,8392.0,885.0,0.0,0,457.4,0.0,1,15.72,6.87,SPY211231P00441000,441.0,0,0.0,0.0,,0.0,normalDay
2021-12-03,8392.0,742.0,0.0,0,453.42,0.0,1,15.72,8.3,SPY211231P00441000,441.0,0,0.0,0.0,,0.0,normalDay
2021-12-06,8392.0,1014.0,0.0,0,458.79,0.0,1,15.72,5.58,SPY211231P00441000,441.0,0,0.0,0.0,,0.0,normalDay
2021-12-07,8392.0,1307.0,0.0,0,468.28,0.0,1,15.72,2.65,SPY211231P00441000,441.0,0,0.0,0.0,,0.0,normalDay
2021-12-08,8392.0,1385.0,0.0,0,469.52,0.0,1,15.72,1.87,SPY211231P00441000,441.0,0,0.0,0.0,,0.0,normalDay
2021-12-09,8392.0,1328.0,0.0,0,466.35,0.0,1,15.72,2.44,SPY211231P00441000,441.0,0,0.0,0.0,,0.0,normalDay
2021-12-10,8392.0,1433.0,0.0,0,470.74,0.0,1,15.72,1.39,SPY211231P00441000,441.0,0,0.0,0.0,,0.0,normalDay
2021-12-13,8392.0,1403.0,0.0,0,466.57,0.0,1,15.72,1.69,SPY211231P00441000,441.0,0,0.0,0.0,,0.0,normalDay
2021-12-14,8392.0,1352.0,0.0,0,463.36,0.0,1,15.72,2.2,SPY211231P00441000,441.0,0,0.0,0.0,,0.0,normalDay
2021-12-15,8392.0,1474.0,0.0,0,470.6,0.0,1,15.72,0.98,SPY211231P00441000,441.0,0,0.0,0.0,,0.0,normalDay
2021-12-16,8392.0,1438.0,0.0,0,466.45,0.0,1,15.72,1.34,SPY211231P00441000,441.0,0,0.0,0.0,,0.0,normalDay
2021-12-17,8392.0,1391.0,0.0,0,459.87,0.0,1,15.72,1.81,SPY211231P00441000,441.0,0,0.0,0.0,,0.0,normalDay
2021-12-20,8392.0,1340.0,0.0,0,454.98,0.0,1,15.72,2.32,SPY211231P00441000,441.0,0,0.0,0.0,,0.0,normalDay
2021-12-21,8392.0,1487.0,0.0,0,463.06,0.0,1,15.72,0.85,SPY211231P00441000,441.0,0,0.0,0.0,,0.0,normalDay
2021-12-22,8392.0,1549.0,0.0,0,467.69,0.0,1,15.72,0.23,SPY211231P00441000,441.0,0,0.0,0.0,,0.0,normalDay
2021-12-23,8392.0,1560.0,0.0,0,470.6,0.0,1,15.72,0.12,SPY211231P00441000,441.0,0,0.0,0.0,,0.0,normalDay
2021-12-27,8392.0,1568.0,0.0,0,477.26,0.0,1,15.72,0.04,SPY211231P00441000,441.0,0,0.0,0.0,,0.0,normalDay
2021-12-28,8392.0,1568.0,0.0,0,476.87,0.0,1,15.72,0.04,SPY211231P00441000,441.0,0,0.0,0.0,,0.0,normalDay
2021-12-29,8392.0,1570.0,0.0,0,477.48,0.0,1,15.72,0.02,SPY211231P00441000,441.0,0,0.0,0.0,,0.0,normalDay
2021-12-30,8392.0,1570.0,0.0,0,476.16,0.0,1,15.72,0.02,SPY211231P00441000,441.0,0,0.0,0.0,,0.0,normalDay
2021-12-31,9964.0,0.0,1572.0,0,474.96,0.0,1,15.72,0.0,SPY211231P00441000,441.0,0,0.0,0.0,,0.0,expirationDay
2022-01-03,9964.0,-7.0,0.0,0,477.71,0.0,1,16.15,16.22,SPY220520P00466000,466.0,0,0.0,0.0,,0.0,normalDay
2022-01-04,9964.0,-27.0,0.0,0,477.55,0.0,1,16.15,16.42,SPY220520P00466000,466.0,0,0.0,0.0,,0.0,normalDay
2022-01-05,9964.0,-424.0,0.0,0,468.38,0.0,1,16.15,20.39,SPY220520P00466000,466.0,0,0.0,0.0,,0.0,normalDay
2022-01-06,9964.0,-427.0,0.0,0,467.94,0.0,1,16.15,20.42,SPY220520P00466000,466.0,0,0.0,0.0,,0.0,normalDay
2022-01-07,9964.0,-421.0,0.0,0,466.09,0.0,1,16.15,20.36,SPY220520P00466000,466.0,0,0.0,0.0,,0.0,normalDay
2022-01-10,9964.0,-433.0,0.0,0,465.51,0.0,1,16.15,20.48,SPY220520P00466000,466.0,0,0.0,0.0,,0.0,normalDay
2022-01-11,9964.0,-226.0,0.0,0,469.75,0.0,1,16.15,18.41,SPY220520P00466000,466.0,0,0.0,0.0,,0.0,normalDay
2022-01-12,9964.0,-139.0,0.0,0,471.02,0.0,1,16.15,17.54,SPY220520P00466000,466.0,0,0.0,0.0,,0.0,normalDay
2022-01-13,9964.0,-502.0,0.0,0,464.53,0.0,1,16.15,21.17,SPY220520P00466000,466.0,0,0.0,0.0,,0.0,normalDay
2022-01-14,9964.0,-427.0,0.0,0,464.72,0.0,1,16.15,20.42,SPY220520P00466000,466.0,0,0.0,0.0,,0.0,normalDay
2022-01-18,9964.0,-954.0,0.0,0,456.49,0.0,1,16.15,25.69,SPY220520P00466000,466.0,0,0.0,0.0,,0.0,normalDay
2022-01-19,9964.0,-1160.0,0.0,0,451.75,0.0,1,16.15,27.75,SPY220520P00466000,466.0,0,0.0,0.0,,0.0,normalDay
2022-01-20,9964.0,-1570.0,0.0,0,446.75,0.0,1,16.15,31.85,SPY220520P00466000,466.0,0,0.0,0.0,,0.0,normalDay
2022-01-21,9964.0,-2122.0,0.0,0,437.98,0.0,1,16.15,37.37,SPY220520P00466000,466.0,0,0.0,0.0,,0.0,normalDay
2022-01-24,9964.0,-2116.0,0.0,0,439.84,0.0,1,16.15,37.31,SPY220520P00466000,466.0,0,0.0,0.0,,0.0,normalDay
2022-01-25,9964.0,-2530.0,0.0,0,434.47,0.0,1,16.15,41.45,SPY220520P00466000,466.0,0,0.0,0.0,,0.0,normalDay
2022-01-26,9964.0,-2548.0,0.0,0,433.38,0.0,1,16.15,41.63,SPY220520P00466000,466.0,0,0.0,0.0,,0.0,normalDay
2022-01-27,9964.0,-2552.0,0.0,0,431.24,0.0,1,16.15,41.67,SPY220520P00466000,466.0,0,0.0,0.0,,0.0,normalDay
2022-01-28,9964.0,-1769.0,0.0,0,441.95,0.0,1,16.15,33.84,SPY220520P00466000,466.0,0,0.0,0.0,,0.0,normalDay
2022-01-31,9964.0,-1244.0,0.0,0,449.91,0.0,1,16.15,28.59,SPY220520P00466000,466.0,0,0.0,0.0,,0.0,normalDay
2022-02-01,9964.0,-874.0,0.0,0,452.95,0.0,1,16.15,24.89,SPY220520P00466000,466.0,0,0.0,0.0,,0.0,normalDay
2022-02-02,9964.0,-800.0,0.0,0,457.35,0.0,1,16.15,24.15,SPY220520P00466000,466.0,0,0.0,0.0,,0.0,normalDay
2022-02-03,9964.0,-1179.0,0.0,0,446.6,0.0,1,16.15,27.94,SPY220520P00466000,466.0,0,0.0,0.0,,0.0,normalDay
2022-02-04,9964.0,-1274.0,0.0,0,448.7,0.0,1,16.15,28.89,SPY220520P00466000,466.0,0,0.0,0.0,,0.0,normalDay
2022-02-07,9964.0,-1241.0,0.0,0,447.26,0.0,1,16.15,28.56,SPY220520P00466000,466.0,0,0.0,0.0,,0.0,normalDay
2022-02-08,9964.0,-939.0,0.0,0,450.94,0.0,1,16.15,25.54,SPY220520P00466000,466.0,0,0.0,0.0,,0.0,normalDay
2022-02-09,9964.0,-532.0,0.0,0,457.54,0.0,1,16.15,21.47,SPY220520P00466000,466.0,0,0.0,0.0,,0.0,normalDay
2022-02-10,9964.0,-1134.0,0.0,0,449.32,0.0,1,16.15,27.49,SPY220520P00466000,466.0,0,0.0,0.0,,0.0,normalDay
2022-02-11,9964.0,-1791.0,0.0,0,440.46,0.0,1,16.15,34.06,SPY220520P00466000,466.0,0,0.0,0.0,,0.0,normalDay
2022-02-14,9964.0,-1840.0,0.0,0,439.02,0.0,1,16.15,34.55,SPY220520P00466000,466.0,0,0.0,0.0,,0.0,normalDay
2022-02-15,9964.0,-1362.0,0.0,0,446.1,0.0,1,16.15,29.77,SPY220520P00466000,466.0,0,0.0,0.0,,0.0,normalDay
2022-02-16,9964.0,-1230.0,0.0,0,446.6,0.0,1,16.15,28.45,SPY220520P00466000,466.0,0,0.0,0.0,,0.0,normalDay
2022-02-17,9964.0,-1962.0,0.0,0,437.06,0.0,1,16.15,35.77,SPY220520P00466000,466.0,0,0.0,0.0,,0.0,normalDay
2022-02-18,9964.0,-2126.0,0.0,0,434.23,0.0,1,16.15,37.41,SPY220520P00466000,466.0,0,0.0,0.0,,0.0,normalDay
2022-02-22,9964.0,-2438.0,0.0,0,429.57,0.0,1,16.15,40.53,SPY220520P00466000,466.0,0,0.0,0.0,,0.0,normalDay
2022-02-23,9964.0,-3196.0,0.0,0,421.95,0.0,1,16.15,48.11,SPY220520P00466000,466.0,0,0.0,0.0,,0.0,normalDay
2022-02-24,9964.0,-2808.0,0.0,0,428.3,0.0,1,16.15,44.23,SPY220520P00466000,466.0,0,0.0,0.0,,0.0,normalDay
2022-02-25,9964.0,-1855.0,0.0,0,437.75,0.0,1,16.15,34.7,SPY220520P00466000,466.0,0,0.0,0.0,,0.0,normalDay
2022-02-28,9964.0,-1974.0,0.0,0,436.63,0.0,1,16.15,35.89,SPY220520P00466000,466.0,0,0.0,0.0,,0.0,normalDay
2022-03-01,9964.0,-2526.0,0.0,0,429.98,0.0,1,16.15,41.41,SPY220520P00466000,466.0,0,0.0,0.0,,0.0,normalDay
2022-03-02,9964.0,-1918.0,0.0,0,437.89,0.0,1,16.15,35.33,SPY220520P00466000,466.0,0,0.0,0.0,,0.0,normalDay
2022-03-03,9964.0,-2060.0,0.0,0,435.71,0.0,1,16.15,36.75,SPY220520P00466000,466.0,0,0.0,0.0,,0.0,normalDay
2022-03-04,9964.0,-2389.0,0.0,0,432.17,0.0,1,16.15,40.04,SPY220520P00466000,466.0,0,0.0,0.0,,0.0,normalDay
2022-03-07,9964.0,-3544.0,0.0,0,419.43,0.0,1,16.15,51.59,SPY220520P00466000,466.0,0,0.0,0.0,,0.0,normalDay
2022-03-08,9964.0,-3818.0,0.0,0,416.25,0.0,1,16.15,54.33,SPY220520P00466000,466.0,0,0.0,0.0,,0.0,normalDay
2022-03-09,9964.0,-2736.0,0.0,0,427.41,0.0,1,16.15,43.51,SPY220520P00466000,466.0,0,0.0,0.0,,0.0,normalDay
2022-03-10,9964.0,-2886.0,0.0,0,425.48,0.0,1,16.15,45.01,SPY220520P00466000,466.0,0,0.0,0.0,,0.0,normalDay
2022-03-11,9964.0,-3320.0,0.0,0,420.07,0.0,1,16.15,49.35,SPY220520P00466000,466.0,0,0.0,0.0,,0.0,normalDay
2022-03-14,9964.0,-3561.0,0.0,0,417.0,0.0,1,16.15,51.76,SPY220520P00466000,466.0,0,0.0,0.0,,0.0,normalDay
2022-03-15,9964.0,-2823.0,0.0,0,426.17,0.0,1,16.15,44.38,SPY220520P00466000,466.0,0,0.0,0.0,,0.0,normalDay
2022-03-16,9964.0,-1928.0,0.0,0,435.62,0.0,1,16.15,35.43,SPY220520P00466000,466.0,0,0.0,0.0,,0.0,normalDay
2022-03-17,9964.0,-1487.0,0.0,0,441.07,0.0,1,16.15,31.02,SPY220520P00466000,466.0,0,0.0,0.0,,0.0,normalDay
2022-03-18,9964.0,-976.0,0.0,0,444.52,0.0,1,16.15,25.91,SPY220520P00466000,466.0,0,0.0,0.0,,0.0,normalDay
2022-03-21,9964.0,-928.0,0.0,0,444.39,0.0,1,16.15,25.43,SPY220520P00466000,466.0,0,0.0,0.0,,0.0,normalDay
2022-03-22,9964.0,-563.0,0.0,0,449.59,0.0,1,16.15,21.78,SPY220520P00466000,466.0,0,0.0,0.0,,0.0,normalDay
2022-03-23,9964.0,-985.0,0.0,0,443.8,0.0,1,16.15,26.0,SPY220520P00466000,466.0,0,0.0,0.0,,0.0,normalDay
2022-03-24,9964.0,-471.0,0.0,0,450.49,0.0,1,16.15,20.86,SPY220520P00466000,466.0,0,0.0,0.0,,0.0,normalDay
2022-03-25,9964.0,-311.0,0.0,0,452.69,0.0,1,16.15,19.26,SPY220520P00466000,466.0,0,0.0,0.0,,0.0,normalDay
2022-03-28,9964.0,-28.0,0.0,0,455.91,0.0,1,16.15,16.43,SPY220520P00466000,466.0,0,0.0,0.0,,0.0,normalDay
2022-03-29,9964.0,273.0,0.0,0,461.55,0.0,1,16.15,13.42,SPY220520P00466000,466.0,0,0.0,0.0,,0.0,normalDay
2022-03-30,9964.0,149.0,0.0,0,458.7,0.0,1,16.15,14.66,SPY220520P00466000,466.0,0,0.0,0.0,,0.0,normalDay
2022-03-31,9964.0,-312.0,0.0,0,451.64,0.0,1,16.15,19.27,SPY220520P00466000,466.0,0,0.0,0.0,,0.0,normalDay
2022-04-01,9964.0,-183.0,0.0,0,452.92,0.0,1,16.15,17.98,SPY220520P00466000,466.0,0,0.0,0.0,,0.0,normalDay
2022-04-04,9964.0,154.0,0.0,0,456.8,0.0,1,16.15,14.61,SPY220520P00466000,466.0,0,0.0,0.0,,0.0,normalDay
2022-04-05,9964.0,-235.0,0.0,0,451.03,0.0,1,16.15,18.5,SPY220520P00466000,466.0,0,0.0,0.0,,0.0,normalDay
2022-04-06,9964.0,-578.0,0.0,0,446.52,0.0,1,16.15,21.93,SPY220520P00466000,466.0,0,0.0,0.0,,0.0,normalDay
2022-04-07,9964.0,-415.0,0.0,0,448.77,0.0,1,16.15,20.3,SPY220520P00466000,466.0,0,0.0,0.0,,0.0,normalDay
2022-04-08,9964.0,-461.0,0.0,0,447.57,0.0,1,16.15,20.76,SPY220520P00466000,466.0,0,0.0,0.0,,0.0,normalDay
2022-04-11,9964.0,-1146.0,0.0,0,439.92,0.0,1,16.15,27.61,SPY220520P00466000,466.0,0,0.0,0.0,,0.0,normalDay
2022-04-12,9964.0,-1260.0,0.0,0,438.29,0.0,1,16.15,28.75,SPY220520P00466000,466.0,0,0.0,0.0,,0.0,normalDay
2022-04-13,9964.0,-819.0,0.0,0,443.31,0.0,1,16.15,24.34,SPY220520P00466000,466.0,0,0.0,0.0,,0.0,normalDay
2022-04-14,9964.0,-1295.0,0.0,0,437.79,0.0,1,16.15,29.1,SPY220520P00466000,466.0,0,0.0,0.0,,0.0,normalDay
2022-04-18,9964.0,-1142.0,0.0,0,437.97,0.0,1,16.15,27.57,SPY220520P00466000,466.0,0,0.0,0.0,,0.0,normalDay
2022-04-19,9964.0,-769.0,0.0,0,445.04,0.0,1,16.15,23.84,SPY220520P00466000,466.0,0,0.0,0.0,,0.0,normalDay
2022-04-20,9964.0,-539.0,0.0,0,444.71,0.0,1,16.15,21.54,SPY220520P00466000,466.0,0,0.0,0.0,,0.0,normalDay
2022-04-21,9964.0,-1272.0,0.0,0,438.06,0.0,1,16.15,28.87,SPY220520P00466000,466.0,0,0.0,0.0,,0.0,normalDay
2022-04-22,9964.0,-2516.0,0.0,0,426.04,0.0,1,16.15,41.31,SPY220520P00466000,466.0,0,0.0,0.0,,0.0,normalDay
2022-04-25,9964.0,-2160.0,0.0,0,428.51,0.0,1,16.15,37.75,SPY220520P00466000,466.0,0,0.0,0.0,,0.0,normalDay
2022-04-26,9964.0,-3527.0,0.0,0,416.1,0.0,1,16.15,51.42,SPY220520P00466000,466.0,0,0.0,0.0,,0.0,normalDay
2022-04-27,9964.0,-3192.0,0.0,0,417.27,0.0,1,16.15,48.07,SPY220520P00466000,466.0,0,0.0,0.0,,0.0,normalDay
2022-04-28,9964.0,-2443.0,0.0,0,427.81,0.0,1,16.15,40.58,SPY220520P00466000,466.0,0,0.0,0.0,,0.0,normalDay
2022-04-29,9964.0,-3720.0,0.0,0,412.0,0.0,1,16.15,53.35,SPY220520P00466000,466.0,0,0.0,0.0,,0.0,normalDay
2022-05-02,9964.0,-3527.0,0.0,0,414.48,0.0,1,16.15,51.42,SPY220520P00466000,466.0,0,0.0,0.0,,0.0,normalDay
2022-05-03,9964.0,-3290.0,0.0,0,416.38,0.0,1,16.15,49.05,SPY220520P00466000,466.0,0,0.0,0.0,,0.0,normalDay
2022-05-04,9964.0,-2139.0,0.0,0,429.06,0.0,1,16.15,37.54,SPY220520P00466000,466.0,0,0.0,0.0,,0.0,normalDay
2022-05-05,9964.0,-3625.0,0.0,0,413.81,0.0,1,16.15,52.4,SPY220520P00466000,466.0,0,0.0,0.0,,0.0,normalDay
2022-05-06,9964.0,-3972.0,0.0,0,411.34,0.0,1,16.15,55.87,SPY220520P00466000,466.0,0,0.0,0.0,,0.0,normalDay
2022-05-09,9964.0,-5077.0,0.0,0,398.17,0.0,1,16.15,66.92,SPY220520P00466000,466.0,0,0.0,0.0,,0.0,normalDay
2022-05-10,9964.0,-5071.0,0.0,0,399.09,0.0,1,16.15,66.86,SPY220520P00466000,466.0,0,0.0,0.0,,0.0,normalDay
2022-05-11,9964.0,-5665.0,0.0,0,392.75,0.0,1,16.15,72.8,SPY220520P00466000,466.0,0,0.0,0.0,,0.0,normalDay
2022-05-12,9964.0,-5768.0,0.0,0,392.34,0.0,1,16.15,73.83,SPY220520P00466000,466.0,0,0.0,0.0,,0.0,normalDay
2022-05-13,9964.0,-4907.0,0.0,0,401.72,0.0,1,16.15,65.22,SPY220520P00466000,466.0,0,0.0,0.0,,0.0,normalDay
2022-05-16,9964.0,-5033.0,0.0,0,400.09,0.0,1,16.15,66.48,SPY220520P00466000,466.0,0,0.0,0.0,,0.0,normalDay
2022-05-17,9964.0,-4174.0,0.0,0,408.32,0.0,1,16.15,57.89,SPY220520P00466000,466.0,0,0.0,0.0,,0.0,normalDay
2022-05-18,9964.0,-5919.0,0.0,0,391.86,0.0,1,16.15,75.34,SPY220520P00466000,466.0,0,0.0,0.0,,0.0,normalDay
2022-05-19,9964.0,-6098.0,0.0,0,389.46,0.0,1,16.15,77.13,SPY220520P00466000,466.0,0,0.0,0.0,,0.0,normalDay
2022-05-20,11579.0,-7637.0,1615.0,100,389.63,466.0,1,16.15,0.0,SPY220520P00466000,466.0,0,0.0,0.0,,0.0,expirationDay
2022-05-23,11579.0,-6911.0,0.0,100,396.92,466.0,0,0.0,0.0,,0.0,1,0.53,0.56,SPY220715C00452000,452.0,normalDay
2022-05-24,11579.0,-7209.0,0.0,100,393.89,466.0,0,0.0,0.0,,0.0,1,0.53,0.51,SPY220715C00452000,452.0,normalDay
2022-05-25,11579.0,-6864.0,0.0,100,397.37,466.0,0,0.0,0.0,,0.0,1,0.53,0.54,SPY220715C00452000,452.0,normalDay
2022-05-26,11579.0,-6100.0,0.0,100,405.31,466.0,0,0.0,0.0,,0.0,1,0.53,0.84,SPY220715C00452000,452.0,normalDay
2022-05-27,11579.0,-5168.0,0.0,100,415.26,466.0,0,0.0,0.0,,0.0,1,0.53,1.47,SPY220715C00452000,452.0,normalDay
2022-05-31,11579.0,-5344.0,0.0,100,412.93,466.0,0,0.0,0.0,,0.0,1,0.53,0.9,SPY220715C00452000,452.0,normalDay
2022-06-01,11579.0,-5645.0,0.0,100,409.59,466.0,0,0.0,0.0,,0.0,1,0.53,0.57,SPY220715C00452000,452.0,normalDay
2022-06-02,11579.0,-4907.0,0.0,100,417.39,466.0,0,0.0,0.0,,0.0,1,0.53,0.99,SPY220715C00452000,452.0,normalDay
2022-06-03,11579.0,-5544.0,0.0,100,410.54,466.0,0,0.0,0.0,,0.0,1,0.53,0.51,SPY220715C00452000,452.0,normalDay
2022-06-06,11579.0,-5418.0,0.0,100,411.79,466.0,0,0.0,0.0,,0.0,1,0.53,0.5,SPY220715C00452000,452.0,normalDay
2022-06-07,11579.0,-5029.0,0.0,100,415.74,466.0,0,0.0,0.0,,0.0,1,0.53,0.56,SPY220715C00452000,452.0,normalDay
2022-06-08,11579.0,-5460.0,0.0,100,411.22,466.0,0,0.0,0.0,,0.0,1,0.53,0.35,SPY220715C00452000,452.0,normalDay
2022-06-09,11579.0,-6424.0,0.0,100,401.44,466.0,0,0.0,0.0,,0.0,1,0.53,0.21,SPY220715C00452000,452.0,normalDay
2022-06-10,11579.0,-7578.0,0.0,100,389.8,466.0,0,0.0,0.0,,0.0,1,0.53,0.11,SPY220715C00452000,452.0,normalDay
2022-06-13,11579.0,-9055.0,0.0,100,375.0,466.0,0,0.0,0.0,,0.0,1,0.53,0.08,SPY220715C00452000,452.0,normalDay
2022-06-14,11579.0,-9168.0,0.0,100,373.87,466.0,0,0.0,0.0,,0.0,1,0.53,0.08,SPY220715C00452000,452.0,normalDay
2022-06-15,11579.0,-8634.0,0.0,100,379.2,466.0,0,0.0,0.0,,0.0,1,0.53,0.07,SPY220715C00452000,452.0,normalDay
2022-06-16,11579.0,-9887.0,0.0,100,366.65,466.0,0,0.0,0.0,,0.0,1,0.53,0.05,SPY220715C00452000,452.0,normalDay
2022-06-17,11579.0,-9967.0,0.0,100,365.86,466.0,0,0.0,0.0,,0.0,1,0.53,0.06,SPY220715C00452000,452.0,normalDay
2022-06-21,11579.0,-9045.0,0.0,100,375.07,466.0,0,0.0,0.0,,0.0,1,0.53,0.05,SPY220715C00452000,452.0,normalDay
2022-06-22,11579.0,-9112.0,0.0,100,374.39,466.0,0,0.0,0.0,,0.0,1,0.53,0.04,SPY220715C00452000,452.0,normalDay
2022-06-23,11579.0,-8745.0,0.0,100,378.06,466.0,0,0.0,0.0,,0.0,1,0.53,0.04,SPY220715C00452000,452.0,normalDay
2022-06-24,11579.0,-7545.0,0.0,100,390.08,466.0,0,0.0,0.0,,0.0,1,0.53,0.06,SPY220715C00452000,452.0,normalDay
2022-06-27,11579.0,-7692.0,0.0,100,388.59,466.0,0,0.0,0.0,,0.0,1,0.53,0.04,SPY220715C00452000,452.0,normalDay
2022-06-28,11579.0,-8485.0,0.0,100,380.65,466.0,0,0.0,0.0,,0.0,1,0.53,0.03,SPY220715C00452000,452.0,normalDay
2022-06-29,11579.0,-8515.0,0.0,100,380.34,466.0,0,0.0,0.0,,0.0,1,0.53,0.02,SPY220715C00452000,452.0,normalDay
2022-06-30,11579.0,-8823.0,0.0,100,377.25,466.0,0,0.0,0.0,,0.0,1,0.53,0.01,SPY220715C00452000,452.0,normalDay
2022-07-01,11579.0,-8424.0,0.0,100,381.24,466.0,0,0.0,0.0,,0.0,1,0.53,0.01,SPY220715C00452000,452.0,normalDay
2022-07-05,11579.0,-8352.0,0.0,100,381.96,466.0,0,0.0,0.0,,0.0,1,0.53,0.01,SPY220715C00452000,452.0,normalDay
2022-07-06,11579.0,-8223.0,0.0,100,383.25,466.0,0,0.0,0.0,,0.0,1,0.53,0.01,SPY220715C00452000,452.0,normalDay
2022-07-07,11579.0,-7649.0,0.0,100,388.99,466.0,0,0.0,0.0,,0.0,1,0.53,0.01,SPY220715C00452000,452.0,normalDay
2022-07-08,11579.0,-7681.0,0.0,100,388.67,466.0,0,0.0,0.0,,0.0,1,0.53,0.01,SPY220715C00452000,452.0,normalDay
2022-07-11,11579.0,-8125.0,0.0,100,384.23,466.0,0,0.0,0.0,,0.0,1,0.53,0.01,SPY220715C00452000,452.0,normalDay
2022-07-12,11579.0,-8465.0,0.0,100,380.83,466.0,0,0.0,0.0,,0.0,1,0.53,0.01,SPY220715C00452000,452.0,normalDay
2022-07-13,11579.0,-8665.0,0.0,100,378.83,466.0,0,0.0,0.0,,0.0,1,0.53,0.01,SPY220715C00452000,452.0,normalDay
2022-07-14,11579.0,-8757.0,0.0,100,377.91,466.0,0,0.0,0.0,,0.0,1,0.53,0.01,SPY220715C00452000,452.0,normalDay
2022-07-15,11632.0,-8087.0,53.0,100,385.13,466.0,0,0.0,0.0,,0.0,1,0.53,0.0,SPY220715C00452000,452.0,expirationDay
2022-07-18,11632.0,-8410.0,0.0,100,381.95,466.0,0,0.0,0.0,,0.0,1,3.23,3.28,SPY220826C00403000,403.0,normalDay
2022-07-19,11632.0,-7734.0,0.0,100,392.27,466.0,0,0.0,0.0,,0.0,1,3.23,6.84,SPY220826C00403000,403.0,normalDay
2022-07-20,11632.0,-7566.0,0.0,100,394.77,466.0,0,0.0,0.0,,0.0,1,3.23,7.66,SPY220826C00403000,403.0,normalDay
2022-07-21,11632.0,-7267.0,0.0,100,398.79,466.0,0,0.0,0.0,,0.0,1,3.23,8.69,SPY220826C00403000,403.0,normalDay
2022-07-22,11632.0,-7435.0,0.0,100,395.09,466.0,0,0.0,0.0,,0.0,1,3.23,6.67,SPY220826C00403000,403.0,normalDay
2022-07-25,11632.0,-7399.0,0.0,100,395.57,466.0,0,0.0,0.0,,0.0,1,3.23,6.79,SPY220826C00403000,403.0,normalDay
2022-07-26,11632.0,-7716.0,0.0,100,390.89,466.0,0,0.0,0.0,,0.0,1,3.23,5.28,SPY220826C00403000,403.0,normalDay
2022-07-27,11632.0,-7019.0,0.0,100,401.04,466.0,0,0.0,0.0,,0.0,1,3.23,8.46,SPY220826C00403000,403.0,normalDay
2022-07-28,11632.0,-6866.0,0.0,100,406.07,466.0,0,0.0,0.0,,0.0,1,3.23,11.96,SPY220826C00403000,403.0,normalDay
2022-07-29,11632.0,-6562.0,0.0,100,411.99,466.0,0,0.0,0.0,,0.0,1,3.23,14.84,SPY220826C00403000,403.0,normalDay
2022-08-01,11632.0,-6617.0,0.0,100,410.77,466.0,0,0.0,0.0,,0.0,1,3.23,14.17,SPY220826C00403000,403.0,normalDay
2022-08-02,11632.0,-6711.0,0.0,100,408.06,466.0,0,0.0,0.0,,0.0,1,3.23,12.4,SPY220826C00403000,403.0,normalDay
2022-08-03,11632.0,-6426.0,0.0,100,414.45,466.0,0,0.0,0.0,,0.0,1,3.23,15.94,SPY220826C00403000,403.0,normalDay
2022-08-04,11632.0,-6437.0,0.0,100,414.17,466.0,0,0.0,0.0,,0.0,1,3.23,15.77,SPY220826C00403000,403.0,normalDay
2022-08-05,11632.0,-6380.0,0.0,100,413.47,466.0,0,0.0,0.0,,0.0,1,3.23,14.5,SPY220826C00403000,403.0,normalDay
2022-08-08,11632.0,-6394.0,0.0,100,412.99,466.0,0,0.0,0.0,,0.0,1,3.23,14.16,SPY220826C00403000,403.0,normalDay
2022-08-09,11632.0,-6447.0,0.0,100,411.35,466.0,0,0.0,0.0,,0.0,1,3.23,13.05,SPY220826C00403000,403.0,normalDay
2022-08-10,11632.0,-6159.0,0.0,100,419.99,466.0,0,0.0,0.0,,0.0,1,3.23,18.81,SPY220826C00403000,403.0,normalDay
2022-08-11,11632.0,-6221.0,0.0,100,419.99,466.0,0,0.0,0.0,,0.0,1,3.23,19.43,SPY220826C00403000,403.0,normalDay
2022-08-12,11632.0,-6062.0,0.0,100,427.1,466.0,0,0.0,0.0,,0.0,1,3.23,24.95,SPY220826C00403000,403.0,normalDay
2022-08-15,11632.0,-6036.0,0.0,100,428.86,466.0,0,0.0,0.0,,0.0,1,3.23,26.45,SPY220826C00403000,403.0,normalDay
2022-08-16,11632.0,-6017.0,0.0,100,429.7,466.0,0,0.0,0.0,,0.0,1,3.23,27.1,SPY220826C00403000,403.0,normalDay
2022-08-17,11632.0,-6060.0,0.0,100,426.65,466.0,0,0.0,0.0,,0.0,1,3.23,24.48,SPY220826C00403000,403.0,normalDay
2022-08-18,11632.0,-6007.0,0.0,100,427.89,466.0,0,0.0,0.0,,0.0,1,3.23,25.19,SPY220826C00403000,403.0,normalDay
2022-08-19,11632.0,-6031.0,0.0,100,422.14,466.0,0,0.0,0.0,,0.0,1,3.23,19.68,SPY220826C00403000,403.0,normalDay
2022-08-22,11632.0,-6119.0,0.0,100,413.35,466.0,0,0.0,0.0,,0.0,1,3.23,11.77,SPY220826C00403000,403.0,normalDay
2022-08-23,11632.0,-6058.0,0.0,100,412.35,466.0,0,0.0,0.0,,0.0,1,3.23,10.16,SPY220826C00403000,403.0,normalDay
2022-08-24,11632.0,-6034.0,0.0,100,413.67,466.0,0,0.0,0.0,,0.0,1,3.23,11.24,SPY220826C00403000,403.0,normalDay
2022-08-25,11632.0,-5948.0,0.0,100,419.51,466.0,0,0.0,0.0,,0.0,1,3.23,16.22,SPY220826C00403000,403.0,normalDay
2022-08-26,5655.0,-5948.0,-5977.0,0,405.31,0.0,0,0.0,0.0,,0.0,1,3.23,0.0,SPY220826C00403000,403.0,expirationDay
2022-08-29,5655.0,-45.0,0.0,0,402.63,0.0,1,26.79,27.24,SPY221230P00415000,415.0,0,0.0,0.0,,0.0,normalDay
2022-08-30,5655.0,-274.0,0.0,0,398.21,0.0,1,26.79,29.53,SPY221230P00415000,415.0,0,0.0,0.0,,0.0,normalDay
2022-08-31,5655.0,-404.0,0.0,0,395.18,0.0,1,26.79,30.83,SPY221230P00415000,415.0,0,0.0,0.0,,0.0,normalDay
2022-09-01,5655.0,-321.0,0.0,0,396.42,0.0,1,26.79,30.0,SPY221230P00415000,415.0,0,0.0,0.0,,0.0,normalDay
2022-09-02,5655.0,-554.0,0.0,0,392.24,0.0,1,26.79,32.33,SPY221230P00415000,415.0,0,0.0,0.0,,0.0,normalDay
2022-09-06,5655.0,-712.0,0.0,0,390.76,0.0,1,26.79,33.91,SPY221230P00415000,415.0,0,0.0,0.0,,0.0,normalDay
2022-09-07,5655.0,-224.0,0.0,0,397.78,0.0,1,26.79,29.03,SPY221230P00415000,415.0,0,0.0,0.0,,0.0,normalDay
2022-09-08,5655.0,8.0,0.0,0,400.38,0.0,1,26.79,26.71,SPY221230P00415000,415.0,0,0.0,0.0,,0.0,normalDay
2022-09-09,5655.0,308.0,0.0,0,406.6,0.0,1,26.79,23.71,SPY221230P00415000,415.0,0,0.0,0.0,,0.0,normalDay
2022-09-12,5655.0,546.0,0.0,0,410.97,0.0,1,26.79,21.33,SPY221230P00415000,415.0,0,0.0,0.0,,0.0,normalDay
2022-09-13,5655.0,-468.0,0.0,0,393.1,0.0,1,26.79,31.47,SPY221230P00415000,415.0,0,0.0,0.0,,0.0,normalDay
2022-09-14,5655.0,-379.0,0.0,0,394.6,0.0,1,26.79,30.58,SPY221230P00415000,415.0,0,0.0,0.0,,0.0,normalDay
2022-09-15,5655.0,-602.0,0.0,0,390.12,0.0,1,26.79,32.81,SPY221230P00415000,415.0,0,0.0,0.0,,0.0,normalDay
2022-09-16,5655.0,-819.0,0.0,0,385.56,0.0,1,26.79,34.98,SPY221230P00415000,415.0,0,0.0,0.0,,0.0,normalDay
2022-09-19,5655.0,-629.0,0.0,0,388.55,0.0,1,26.79,33.08,SPY221230P00415000,415.0,0,0.0,0.0,,0.0,normalDay
2022-09-20,5655.0,-911.0,0.0,0,384.09,0.0,1,26.79,35.9,SPY221230P00415000,415.0,0,0.0,0.0,,0.0,normalDay
2022-09-21,5655.0,-1467.0,0.0,0,377.39,0.0,1,26.79,41.46,SPY221230P00415000,415.0,0,0.0,0.0,,0.0,normalDay
2022-09-22,5655.0,-1662.0,0.0,0,374.22,0.0,1,26.79,43.41,SPY221230P00415000,415.0,0,0.0,0.0,,0.0,normalDay
2022-09-23,5655.0,-2272.0,0.0,0,367.95,0.0,1,26.79,49.51,SPY221230P00415000,415.0,0,0.0,0.0,,0.0,normalDay
2022-09-26,5655.0,-2627.0,0.0,0,364.31,0.0,1,26.79,53.06,SPY221230P00415000,415.0,0,0.0,0.0,,0.0,normalDay
2022-09-27,5655.0,-2643.0,0.0,0,363.38,0.0,1,26.79,53.22,SPY221230P00415000,415.0,0,0.0,0.0,,0.0,normalDay
2022-09-28,5655.0,-2005.0,0.0,0,370.53,0.0,1,26.79,46.84,SPY221230P00415000,415.0,0,0.0,0.0,,0.0,normalDay
2022-09-29,5655.0,-2675.0,0.0,0,362.79,0.0,1,26.79,53.54,SPY221230P00415000,415.0,0,0.0,0.0,,0.0,normalDay
2022-09-30,5655.0,-3104.0,0.0,0,357.18,0.0,1,26.79,57.83,SPY221230P00415000,415.0,0,0.0,0.0,,0.0,normalDay
2022-10-03,5655.0,-2255.0,0.0,0,366.61,0.0,1,26.79,49.34,SPY221230P00415000,415.0,0,0.0,0.0,,0.0,normalDay
2022-10-04,5655.0,-1348.0,0.0,0,377.97,0.0,1,26.79,40.27,SPY221230P00415000,415.0,0,0.0,0.0,,0.0,normalDay
2022-10-05,5655.0,-1363.0,0.0,0,377.09,0.0,1,26.79,40.42,SPY221230P00415000,415.0,0,0.0,0.0,,0.0,normalDay
2022-10-06,5655.0,-1732.0,0.0,0,373.2,0.0,1,26.79,44.11,SPY221230P00415000,415.0,0,0.0,0.0,,0.0,normalDay
2022-10-07,5655.0,-2696.0,0.0,0,362.79,0.0,1,26.79,53.75,SPY221230P00415000,415.0,0,0.0,0.0,,0.0,normalDay
2022-10-10,5655.0,-2898.0,0.0,0,360.02,0.0,1,26.79,55.77,SPY221230P00415000,415.0,0,0.0,0.0,,0.0,normalDay
2022-10-11,5655.0,-3131.0,0.0,0,357.74,0.0,1,26.79,58.1,SPY221230P00415000,415.0,0,0.0,0.0,,0.0,normalDay
2022-10-12,5655.0,-3253.0,0.0,0,356.56,0.0,1,26.79,59.32,SPY221230P00415000,415.0,0,0.0,0.0,,0.0,normalDay
2022-10-13,5655.0,-2411.0,0.0,0,365.97,0.0,1,26.79,50.9,SPY221230P00415000,415.0,0,0.0,0.0,,0.0,normalDay
2022-10-14,5655.0,-3157.0,0.0,0,357.63,0.0,1,26.79,58.36,SPY221230P00415000,415.0,0,0.0,0.0,,0.0,normalDay
2022-10-17,5655.0,-2293.0,0.0,0,366.82,0.0,1,26.79,49.72,SPY221230P00415000,415.0,0,0.0,0.0,,0.0,normalDay
2022-10-18,5655.0,-1860.0,0.0,0,371.13,0.0,1,26.79,45.39,SPY221230P00415000,415.0,0,0.0,0.0,,0.0,normalDay
2022-10-19,5655.0,-2199.0,0.0,0,368.5,0.0,1,26.79,48.78,SPY221230P00415000,415.0,0,0.0,0.0,,0.0,normalDay
2022-10-20,5655.0,-2393.0,0.0,0,365.41,0.0,1,26.79,50.72,SPY221230P00415000,415.0,0,0.0,0.0,,0.0,normalDay
2022-10-21,5655.0,-1681.0,0.0,0,374.29,0.0,1,26.79,43.6,SPY221230P00415000,415.0,0,0.0,0.0,,0.0,normalDay
2022-10-24,5655.0,-1330.0,0.0,0,378.87,0.0,1,26.79,40.09,SPY221230P00415000,415.0,0,0.0,0.0,,0.0,normalDay
2022-10-25,5655.0,-941.0,0.0,0,384.92,0.0,1,26.79,36.2,SPY221230P00415000,415.0,0,0.0,0.0,,0.0,normalDay
2022-10-26,5655.0,-970.0,0.0,0,382.02,0.0,1,26.79,36.49,SPY221230P00415000,415.0,0,0.0,0.0,,0.0,normalDay
2022-10-27,5655.0,-1473.0,0.0,0,379.98,0.0,1,26.79,41.52,SPY221230P00415000,415.0,0,0.0,0.0,,0.0,normalDay
2022-10-28,5655.0,-410.0,0.0,0,389.02,0.0,1,26.79,30.89,SPY221230P00415000,415.0,0,0.0,0.0,,0.0,normalDay
2022-10-31,5655.0,-580.0,0.0,0,386.21,0.0,1,26.79,32.59,SPY221230P00415000,415.0,0,0.0,0.0,,0.0,normalDay
2022-11-01,5655.0,-737.0,0.0,0,384.52,0.0,1,26.79,34.16,SPY221230P00415000,415.0,0,0.0,0.0,,0.0,normalDay
2022-11-02,5655.0,-1543.0,0.0,0,374.87,0.0,1,26.79,42.22,SPY221230P00415000,415.0,0,0.0,0.0,,0.0,normalDay
2022-11-03,5655.0,-1861.0,0.0,0,371.01,0.0,1,26.79,45.4,SPY221230P00415000,415.0,0,0.0,0.0,,0.0,normalDay
2022-11-04,5655.0,-1394.0,0.0,0,376.35,0.0,1,26.79,40.73,SPY221230P00415000,415.0,0,0.0,0.0,,0.0,normalDay
2022-11-07,5655.0,-1047.0,0.0,0,379.95,0.0,1,26.79,37.26,SPY221230P00415000,415.0,0,0.0,0.0,,0.0,normalDay
2022-11-08,5655.0,-943.0,0.0,0,382.0,0.0,1,26.79,36.22,SPY221230P00415000,415.0,0,0.0,0.0,,0.0,normalDay
2022-11-09,5655.0,-1550.0,0.0,0,374.13,0.0,1,26.79,42.29,SPY221230P00415000,415.0,0,0.0,0.0,,0.0,normalDay
2022-11-10,5655.0,157.0,0.0,0,394.69,0.0,1,26.79,25.22,SPY221230P00415000,415.0,0,0.0,0.0,,0.0,normalDay
2022-11-11,5655.0,458.0,0.0,0,398.51,0.0,1,26.79,22.21,SPY221230P00415000,415.0,0,0.0,0.0,,0.0,normalDay
2022-11-14,5655.0,310.0,0.0,0,395.12,0.0,1,26.79,23.69,SPY221230P00415000,415.0,0,0.0,0.0,,0.0,normalDay
2022-11-15,5655.0,532.0,0.0,0,398.49,0.0,1,26.79,21.47,SPY221230P00415000,415.0,0,0.0,0.0,,0.0,normalDay
2022-11-16,5655.0,342.0,0.0,0,395.45,0.0,1,26.79,23.37,SPY221230P00415000,415.0,0,0.0,0.0,,0.0,normalDay
2022-11-17,5655.0,240.0,0.0,0,394.24,0.0,1,26.79,24.39,SPY221230P00415000,415.0,0,0.0,0.0,,0.0,normalDay
2022-11-18,5655.0,374.0,0.0,0,396.03,0.0,1,26.79,23.05,SPY221230P00415000,415.0,0,0.0,0.0,,0.0,normalDay
2022-11-21,5655.0,344.0,0.0,0,394.59,0.0,1,26.79,23.35,SPY221230P00415000,415.0,0,0.0,0.0,,0.0,normalDay
2022-11-22,5655.0,768.0,0.0,0,399.9,0.0,1,26.79,19.11,SPY221230P00415000,415.0,0,0.0,0.0,,0.0,normalDay
2022-11-23,5655.0,964.0,0.0,0,402.42,0.0,1,26.79,17.15,SPY221230P00415000,415.0,0,0.0,0.0,,0.0,normalDay
2022-11-25,5655.0,796.0,0.0,0,402.33,0.0,1,26.79,18.83,SPY221230P00415000,415.0,0,0.0,0.0,,0.0,normalDay
2022-11-28,5655.0,515.0,0.0,0,395.91,0.0,1,26.79,21.64,SPY221230P00415000,415.0,0,0.0,0.0,,0.0,normalDay
2022-11-29,5655.0,441.0,0.0,0,395.23,0.0,1,26.79,22.38,SPY221230P00415000,415.0,0,0.0,0.0,,0.0,normalDay
2022-11-30,5655.0,1363.0,0.0,0,407.68,0.0,1,26.79,13.16,SPY221230P00415000,415.0,0,0.0,0.0,,0.0,normalDay
2022-12-01,5655.0,1352.0,0.0,0,407.38,0.0,1,26.79,13.27,SPY221230P00415000,415.0,0,0.0,0.0,,0.0,normalDay
2022-12-02,5655.0,1370.0,0.0,0,406.91,0.0,1,26.79,13.09,SPY221230P00415000,415.0,0,0.0,0.0,,0.0,normalDay
2022-12-05,5655.0,858.0,0.0,0,399.59,0.0,1,26.79,18.21,SPY221230P00415000,415.0,0,0.0,0.0,,0.0,normalDay
2022-12-06,5655.0,352.0,0.0,0,393.83,0.0,1,26.79,23.27,SPY221230P00415000,415.0,0,0.0,0.0,,0.0,normalDay
2022-12-07,5655.0,277.0,0.0,0,393.16,0.0,1,26.79,24.02,SPY221230P00415000,415.0,0,0.0,0.0,,0.0,normalDay
2022-12-08,5655.0,549.0,0.0,0,396.24,0.0,1,26.79,21.3,SPY221230P00415000,415.0,0,0.0,0.0,,0.0,normalDay
2022-12-09,5655.0,296.0,0.0,0,393.28,0.0,1,26.79,23.83,SPY221230P00415000,415.0,0,0.0,0.0,,0.0,normalDay
2022-12-12,5655.0,707.0,0.0,0,398.95,0.0,1,26.79,19.72,SPY221230P00415000,415.0,0,0.0,0.0,,0.0,normalDay
2022-12-13,5655.0,1082.0,0.0,0,401.97,0.0,1,26.79,15.97,SPY221230P00415000,415.0,0,0.0,0.0,,0.0,normalDay
2022-12-14,5655.0,967.0,0.0,0,399.4,0.0,1,26.79,17.12,SPY221230P00415000,415.0,0,0.0,0.0,,0.0,normalDay
2022-12-15,5655.0,-41.0,0.0,0,389.63,0.0,1,26.79,27.2,SPY221230P00415000,415.0,0,0.0,0.0,,0.0,normalDay
2022-12-16,5655.0,-514.0,0.0,0,383.27,0.0,1,26.79,31.93,SPY221230P00415000,415.0,0,0.0,0.0,,0.0,normalDay
2022-12-19,5655.0,-852.0,0.0,0,380.02,0.0,1,26.79,35.31,SPY221230P00415000,415.0,0,0.0,0.0,,0.0,normalDay
2022-12-20,5655.0,-762.0,0.0,0,380.54,0.0,1,26.79,34.41,SPY221230P00415000,415.0,0,0.0,0.0,,0.0,normalDay
2022-12-21,5655.0,-207.0,0.0,0,386.23,0.0,1,26.79,28.86,SPY221230P00415000,415.0,0,0.0,0.0,,0.0,normalDay
2022-12-22,5655.0,-752.0,0.0,0,380.72,0.0,1,26.79,34.31,SPY221230P00415000,415.0,0,0.0,0.0,,0.0,normalDay
2022-12-23,5655.0,-549.0,0.0,0,382.91,0.0,1,26.79,32.28,SPY221230P00415000,415.0,0,0.0,0.0,,0.0,normalDay
2022-12-27,5655.0,-681.0,0.0,0,381.4,0.0,1,26.79,33.6,SPY221230P00415000,415.0,0,0.0,0.0,,0.0,normalDay
2022-12-28,5655.0,-1152.0,0.0,0,376.66,0.0,1,26.79,38.31,SPY221230P00415000,415.0,0,0.0,0.0,,0.0,normalDay
2022-12-29,5655.0,-498.0,0.0,0,383.44,0.0,1,26.79,31.77,SPY221230P00415000,415.0,0,0.0,0.0,,0.0,normalDay
2022-12-30,8334.0,-3257.0,2679.0,100,382.43,415.0,1,26.79,0.0,SPY221230P00415000,415.0,0,0.0,0.0,,0.0,expirationDay
2023-01-03,8334.0,-3422.0,0.0,100,380.82,415.0,0,0.0,0.0,,0.0,1,1.01,1.05,SPY230217C00418000,418.0,normalDay
2023-01-04,8334.0,-3143.0,0.0,100,383.76,415.0,0,0.0,0.0,,0.0,1,1.01,1.2,SPY230217C00418000,418.0,normalDay
2023-01-05,8334.0,-3540.0,0.0,100,379.38,415.0,0,0.0,0.0,,0.0,1,1.01,0.79,SPY230217C00418000,418.0,normalDay
2023-01-06,8334.0,-2736.0,0.0,100,388.08,415.0,0,0.0,0.0,,0.0,1,1.01,1.45,SPY230217C00418000,418.0,normalDay
2023-01-09,8334.0,-2753.0,0.0,100,387.86,415.0,0,0.0,0.0,,0.0,1,1.01,1.4,SPY230217C00418000,418.0,normalDay
2023-01-10,8334.0,-2487.0,0.0,100,390.58,415.0,0,0.0,0.0,,0.0,1,1.01,1.46,SPY230217C00418000,418.0,normalDay
2023-01-11,8334.0,-2089.0,0.0,100,395.52,415.0,0,0.0,0.0,,0.0,1,1.01,2.42,SPY230217C00418000,418.0,normalDay
2023-01-12,8334.0,-1901.0,0.0,100,396.96,415.0,0,0.0,0.0,,0.0,1,1.01,1.98,SPY230217C00418000,418.0,normalDay
2023-01-13,8334.0,-1731.0,0.0,100,398.5,415.0,0,0.0,0.0,,0.0,1,1.01,1.82,SPY230217C00418000,418.0,normalDay
2023-01-17,8334.0,-1775.0,0.0,100,397.77,415.0,0,0.0,0.0,,0.0,1,1.01,1.53,SPY230217C00418000,418.0,normalDay
2023-01-18,8334.0,-2325.0,0.0,100,391.49,415.0,0,0.0,0.0,,0.0,1,1.01,0.75,SPY230217C00418000,418.0,normalDay
2023-01-19,8334.0,-2581.0,0.0,100,388.64,415.0,0,0.0,0.0,,0.0,1,1.01,0.46,SPY230217C00418000,418.0,normalDay
2023-01-20,8334.0,-1912.0,0.0,100,395.88,415.0,0,0.0,0.0,,0.0,1,1.01,1.01,SPY230217C00418000,418.0,normalDay
2023-01-23,8334.0,-1503.0,0.0,100,400.63,415.0,0,0.0,0.0,,0.0,1,1.01,1.67,SPY230217C00418000,418.0,normalDay
2023-01-24,8334.0,-1545.0,0.0,100,400.2,415.0,0,0.0,0.0,,0.0,1,1.01,1.66,SPY230217C00418000,418.0,normalDay
2023-01-25,8334.0,-1503.0,0.0,100,400.35,415.0,0,0.0,0.0,,0.0,1,1.01,1.39,SPY230217C00418000,418.0,normalDay
2023-01-26,8334.0,-1134.0,0.0,100,404.75,415.0,0,0.0,0.0,,0.0,1,1.01,2.1,SPY230217C00418000,418.0,normalDay
2023-01-27,8334.0,-1054.0,0.0,100,405.68,415.0,0,0.0,0.0,,0.0,1,1.01,2.23,SPY230217C00418000,418.0,normalDay
2023-01-30,8334.0,-1475.0,0.0,100,400.59,415.0,0,0.0,0.0,,0.0,1,1.01,1.35,SPY230217C00418000,418.0,normalDay
2023-01-31,8334.0,-972.0,0.0,100,406.48,415.0,0,0.0,0.0,,0.0,1,1.01,2.21,SPY230217C00418000,418.0,normalDay
2023-02-01,8334.0,-660.0,0.0,100,410.8,415.0,0,0.0,0.0,,0.0,1,1.01,3.41,SPY230217C00418000,418.0,normalDay
2023-02-02,8334.0,-230.0,0.0,100,416.78,415.0,0,0.0,0.0,,0.0,1,1.01,5.09,SPY230217C00418000,418.0,normalDay
2023-02-03,8334.0,-505.0,0.0,100,412.35,415.0,0,0.0,0.0,,0.0,1,1.01,3.41,SPY230217C00418000,418.0,normalDay
2023-02-06,8334.0,-658.0,0.0,100,409.83,415.0,0,0.0,0.0,,0.0,1,1.01,2.42,SPY230217C00418000,418.0,normalDay
2023-02-07,8334.0,-252.0,0.0,100,415.19,415.0,0,0.0,0.0,,0.0,1,1.01,3.72,SPY230217C00418000,418.0,normalDay
2023-02-08,8334.0,-570.0,0.0,100,410.65,415.0,0,0.0,0.0,,0.0,1,1.01,2.36,SPY230217C00418000,418.0,normalDay
2023-02-09,8334.0,-844.0,0.0,100,407.09,415.0,0,0.0,0.0,,0.0,1,1.01,1.54,SPY230217C00418000,418.0,normalDay
2023-02-10,8334.0,-722.0,0.0,100,408.04,415.0,0,0.0,0.0,,0.0,1,1.01,1.27,SPY230217C00418000,418.0,normalDay
2023-02-13,8334.0,-347.0,0.0,100,412.83,415.0,0,0.0,0.0,,0.0,1,1.01,2.31,SPY230217C00418000,418.0,normalDay
2023-02-14,8334.0,-215.0,0.0,100,412.64,415.0,0,0.0,0.0,,0.0,1,1.01,0.8,SPY230217C00418000,418.0,normalDay
2023-02-15,8334.0,-75.0,0.0,100,413.98,415.0,0,0.0,0.0,,0.0,1,1.01,0.74,SPY230217C00418000,418.0,normalDay
2023-02-16,8334.0,-575.0,0.0,100,408.28,415.0,0,0.0,0.0,,0.0,1,1.01,0.04,SPY230217C00418000,418.0,normalDay
2023-02-17,8435.0,-774.0,101.0,100,407.26,415.0,0,0.0,0.0,,0.0,1,1.01,0.0,SPY230217C00418000,418.0,expirationDay
2023-02-21,8435.0,-1594.0,0.0,100,399.09,415.0,0,0.0,0.0,,0.0,1,1.0,1.03,SPY230331C00427000,427.0,normalDay
2023-02-22,8435.0,-1623.0,0.0,100,398.54,415.0,0,0.0,0.0,,0.0,1,1.0,0.77,SPY230331C00427000,427.0,normalDay
2023-02-23,8435.0,-1415.0,0.0,100,400.66,415.0,0,0.0,0.0,,0.0,1,1.0,0.81,SPY230331C00427000,427.0,normalDay
2023-02-24,8435.0,-1813.0,0.0,100,396.38,415.0,0,0.0,0.0,,0.0,1,1.0,0.51,SPY230331C00427000,427.0,normalDay
2023-02-27,8435.0,-1675.0,0.0,100,397.73,415.0,0,0.0,0.0,,0.0,1,1.0,0.48,SPY230331C00427000,427.0,normalDay
2023-02-28,8435.0,-1807.0,0.0,100,396.26,415.0,0,0.0,0.0,,0.0,1,1.0,0.33,SPY230331C00427000,427.0,normalDay
2023-03-01,8435.0,-1953.0,0.0,100,394.74,415.0,0,0.0,0.0,,0.0,1,1.0,0.27,SPY230331C00427000,427.0,normalDay
2023-03-02,8435.0,-1652.0,0.0,100,397.81,415.0,0,0.0,0.0,,0.0,1,1.0,0.33,SPY230331C00427000,427.0,normalDay
2023-03-03,8435.0,-1052.0,0.0,100,404.19,415.0,0,0.0,0.0,,0.0,1,1.0,0.71,SPY230331C00427000,427.0,normalDay
2023-03-06,8435.0,-1020.0,0.0,100,404.47,415.0,0,0.0,0.0,,0.0,1,1.0,0.67,SPY230331C00427000,427.0,normalDay
2023-03-07,8435.0,-1603.0,0.0,100,398.27,415.0,0,0.0,0.0,,0.0,1,1.0,0.3,SPY230331C00427000,427.0,normalDay
2023-03-08,8435.0,-1534.0,0.0,100,398.92,415.0,0,0.0,0.0,,0.0,1,1.0,0.26,SPY230331C00427000,427.0,normalDay
2023-03-09,8435.0,-2259.0,0.0,100,391.56,415.0,0,0.0,0.0,,0.0,1,1.0,0.15,SPY230331C00427000,427.0,normalDay
2023-03-10,8435.0,-2816.0,0.0,100,385.91,415.0,0,0.0,0.0,,0.0,1,1.0,0.07,SPY230331C00427000,427.0,normalDay
2023-03-13,8435.0,-2872.0,0.0,100,385.36,415.0,0,0.0,0.0,,0.0,1,1.0,0.08,SPY230331C00427000,427.0,normalDay
2023-03-14,8435.0,-2233.0,0.0,100,391.73,415.0,0,0.0,0.0,,0.0,1,1.0,0.06,SPY230331C00427000,427.0,normalDay
2023-03-15,8435.0,-2477.0,0.0,100,389.28,415.0,0,0.0,0.0,,0.0,1,1.0,0.05,SPY230331C00427000,427.0,normalDay
2023-03-16,8435.0,-1798.0,0.0,100,396.11,415.0,0,0.0,0.0,,0.0,1,1.0,0.09,SPY230331C00427000,427.0,normalDay
2023-03-17,8435.0,-2405.0,0.0,100,389.99,415.0,0,0.0,0.0,,0.0,1,1.0,0.04,SPY230331C00427000,427.0,normalDay
2023-03-20,8435.0,-2030.0,0.0,100,393.74,415.0,0,0.0,0.0,,0.0,1,1.0,0.04,SPY230331C00427000,427.0,normalDay
2023-03-21,8435.0,-1517.0,0.0,100,398.91,415.0,0,0.0,0.0,,0.0,1,1.0,0.08,SPY230331C00427000,427.0,normalDay
2023-03-22,8435.0,-2191.0,0.0,100,392.11,415.0,0,0.0,0.0,,0.0,1,1.0,0.02,SPY230331C00427000,427.0,normalDay
2023-03-23,8435.0,-2085.0,0.0,100,393.17,415.0,0,0.0,0.0,,0.0,1,1.0,0.02,SPY230331C00427000,427.0,normalDay
2023-03-24,8435.0,-1826.0,0.0,100,395.75,415.0,0,0.0,0.0,,0.0,1,1.0,0.01,SPY230331C00427000,427.0,normalDay
2023-03-27,8435.0,-1752.0,0.0,100,396.49,415.0,0,0.0,0.0,,0.0,1,1.0,0.01,SPY230331C00427000,427.0,normalDay
2023-03-28,8435.0,-1841.0,0.0,100,395.6,415.0,0,0.0,0.0,,0.0,1,1.0,0.01,SPY230331C00427000,427.0,normalDay
2023-03-29,8435.0,-1266.0,0.0,100,401.35,415.0,0,0.0,0.0,,0.0,1,1.0,0.01,SPY230331C00427000,427.0,normalDay
2023-03-30,8435.0,-1031.0,0.0,100,403.7,415.0,0,0.0,0.0,,0.0,1,1.0,0.01,SPY230331C00427000,427.0,normalDay
2023-03-31,8535.0,-561.0,100.0,100,409.39,415.0,0,0.0,0.0,,0.0,1,1.0,0.0,SPY230331C00427000,427.0,expirationDay
2023-04-03,8535.0,-409.0,0.0,100,410.95,415.0,0,0.0,0.0,,0.0,1,5.82,5.86,SPY230519C00421000,421.0,normalDay
2023-04-04,8535.0,-537.0,0.0,100,408.67,415.0,0,0.0,0.0,,0.0,1,5.82,4.86,SPY230519C00421000,421.0,normalDay
2023-04-05,8535.0,-588.0,0.0,100,407.6,415.0,0,0.0,0.0,,0.0,1,5.82,4.3,SPY230519C00421000,421.0,normalDay
2023-04-06,8535.0,-452.0,0.0,100,409.19,415.0,0,0.0,0.0,,0.0,1,5.82,4.53,SPY230519C00421000,421.0,normalDay
2023-04-10,8535.0,-412.0,0.0,100,409.61,415.0,0,0.0,0.0,,0.0,1,5.82,4.55,SPY230519C00421000,421.0,normalDay
2023-04-11,8535.0,-389.0,0.0,100,409.72,415.0,0,0.0,0.0,,0.0,1,5.82,4.43,SPY230519C00421000,421.0,normalDay
2023-04-12,8535.0,-455.0,0.0,100,408.05,415.0,0,0.0,0.0,,0.0,1,5.82,3.42,SPY230519C00421000,421.0,normalDay
2023-04-13,8535.0,-82.0,0.0,100,413.47,415.0,0,0.0,0.0,,0.0,1,5.82,5.11,SPY230519C00421000,421.0,normalDay
2023-04-14,8535.0,-105.0,0.0,100,412.46,415.0,0,0.0,0.0,,0.0,1,5.82,4.33,SPY230519C00421000,421.0,normalDay
2023-04-17,8535.0,28.0,0.0,100,413.94,415.0,0,0.0,0.0,,0.0,1,5.82,4.48,SPY230519C00421000,421.0,normalDay
2023-04-18,8535.0,85.0,0.0,100,414.21,415.0,0,0.0,0.0,,0.0,1,5.82,4.18,SPY230519C00421000,421.0,normalDay
2023-04-19,8535.0,103.0,0.0,100,414.14,415.0,0,0.0,0.0,,0.0,1,5.82,3.93,SPY230519C00421000,421.0,normalDay
2023-04-20,8535.0,-41.0,0.0,100,411.88,415.0,0,0.0,0.0,,0.0,1,5.82,3.11,SPY230519C00421000,421.0,normalDay
2023-04-21,8535.0,19.0,0.0,100,412.2,415.0,0,0.0,0.0,,0.0,1,5.82,2.83,SPY230519C00421000,421.0,normalDay
2023-04-24,8535.0,73.0,0.0,100,412.63,415.0,0,0.0,0.0,,0.0,1,5.82,2.72,SPY230519C00421000,421.0,normalDay
2023-04-25,8535.0,-458.0,0.0,100,406.08,415.0,0,0.0,0.0,,0.0,1,5.82,1.48,SPY230519C00421000,421.0,normalDay
2023-04-26,8535.0,-567.0,0.0,100,404.36,415.0,0,0.0,0.0,,0.0,1,5.82,0.85,SPY230519C00421000,421.0,normalDay
2023-04-27,8535.0,71.0,0.0,100,412.41,415.0,0,0.0,0.0,,0.0,1,5.82,2.52,SPY230519C00421000,421.0,normalDay
2023-04-28,8535.0,354.0,0.0,100,415.93,415.0,0,0.0,0.0,,0.0,1,5.82,3.21,SPY230519C00421000,421.0,normalDay
2023-05-01,8535.0,357.0,0.0,100,415.51,415.0,0,0.0,0.0,,0.0,1,5.82,2.76,SPY230519C00421000,421.0,normalDay
2023-05-02,8535.0,18.0,0.0,100,410.84,415.0,0,0.0,0.0,,0.0,1,5.82,1.48,SPY230519C00421000,421.0,normalDay
2023-05-03,8535.0,-215.0,0.0,100,408.02,415.0,0,0.0,0.0,,0.0,1,5.82,0.99,SPY230519C00421000,421.0,normalDay
2023-05-04,8535.0,-452.0,0.0,100,405.13,415.0,0,0.0,0.0,,0.0,1,5.82,0.47,SPY230519C00421000,421.0,normalDay
2023-05-05,8535.0,238.0,0.0,100,412.63,415.0,0,0.0,0.0,,0.0,1,5.82,1.07,SPY230519C00421000,421.0,normalDay
2023-05-08,8535.0,276.0,0.0,100,412.74,415.0,0,0.0,0.0,,0.0,1,5.82,0.8,SPY230519C00421000,421.0,normalDay
2023-05-09,8535.0,114.0,0.0,100,410.93,415.0,0,0.0,0.0,,0.0,1,5.82,0.61,SPY230519C00421000,421.0,normalDay
2023-05-10,8535.0,309.0,0.0,100,412.85,415.0,0,0.0,0.0,,0.0,1,5.82,0.58,SPY230519C00421000,421.0,normalDay
2023-05-11,8535.0,266.0,0.0,100,412.13,415.0,0,0.0,0.0,,0.0,1,5.82,0.29,SPY230519C00421000,421.0,normalDay
2023-05-12,8535.0,231.0,0.0,100,411.59,415.0,0,0.0,0.0,,0.0,1,5.82,0.1,SPY230519C00421000,421.0,normalDay
2023-05-15,8535.0,371.0,0.0,100,413.01,415.0,0,0.0,0.0,,0.0,1,5.82,0.12,SPY230519C00421000,421.0,normalDay
2023-05-16,8535.0,102.0,0.0,100,410.25,415.0,0,0.0,0.0,,0.0,1,5.82,0.05,SPY230519C00421000,421.0,normalDay
2023-05-17,8535.0,589.0,0.0,100,415.23,415.0,0,0.0,0.0,,0.0,1,5.82,0.16,SPY230519C00421000,421.0,normalDay
2023-05-18,8535.0,955.0,0.0,100,419.23,415.0,0,0.0,0.0,,0.0,1,5.82,0.5,SPY230519C00421000,421.0,normalDay
2023-05-19,9117.0,362.0,582.0,100,418.62,415.0,0,0.0,0.0,,0.0,1,5.82,0.0,SPY230519C00421000,421.0,expirationDay
2023-05-22,9117.0,374.0,0.0,100,418.79,415.0,0,0.0,0.0,,0.0,1,3.28,3.33,SPY230630C00428000,428.0,normalDay
2023-05-23,9117.0,42.0,0.0,100,414.09,415.0,0,0.0,0.0,,0.0,1,3.28,1.95,SPY230630C00428000,428.0,normalDay
2023-05-24,9117.0,-208.0,0.0,100,411.09,415.0,0,0.0,0.0,,0.0,1,3.28,1.45,SPY230630C00428000,428.0,normalDay
2023-05-25,9117.0,101.0,0.0,100,414.65,415.0,0,0.0,0.0,,0.0,1,3.28,1.92,SPY230630C00428000,428.0,normalDay
2023-05-26,9117.0,484.0,0.0,100,420.02,415.0,0,0.0,0.0,,0.0,1,3.28,3.46,SPY230630C00428000,428.0,normalDay
2023-05-30,9117.0,538.0,0.0,100,420.18,415.0,0,0.0,0.0,,0.0,1,3.28,3.08,SPY230630C00428000,428.0,normalDay
2023-05-31,9117.0,413.0,0.0,100,417.85,415.0,0,0.0,0.0,,0.0,1,3.28,2.0,SPY230630C00428000,428.0,normalDay
2023-06-01,9117.0,719.0,0.0,100,421.82,415.0,0,0.0,0.0,,0.0,1,3.28,2.91,SPY230630C00428000,428.0,normalDay
2023-06-02,9117.0,1061.0,0.0,100,427.92,415.0,0,0.0,0.0,,0.0,1,3.28,5.59,SPY230630C00428000,428.0,normalDay
2023-06-05,9117.0,1049.0,0.0,100,427.1,415.0,0,0.0,0.0,,0.0,1,3.28,4.89,SPY230630C00428000,428.0,normalDay
2023-06-06,9117.0,1122.0,0.0,100,428.03,415.0,0,0.0,0.0,,0.0,1,3.28,5.09,SPY230630C00428000,428.0,normalDay
2023-06-07,9117.0,1086.0,0.0,100,426.55,415.0,0,0.0,0.0,,0.0,1,3.28,3.97,SPY230630C00428000,428.0,normalDay
2023-06-08,9117.0,1245.0,0.0,100,429.13,415.0,0,0.0,0.0,,0.0,1,3.28,4.96,SPY230630C00428000,428.0,normalDay
2023-06-09,9117.0,1256.0,0.0,100,429.9,415.0,0,0.0,0.0,,0.0,1,3.28,5.62,SPY230630C00428000,428.0,normalDay
2023-06-12,9117.0,1385.0,0.0,100,433.8,415.0,0,0.0,0.0,,0.0,1,3.28,8.23,SPY230630C00428000,428.0,normalDay
2023-06-13,9117.0,1466.0,0.0,100,436.66,415.0,0,0.0,0.0,,0.0,1,3.28,10.28,SPY230630C00428000,428.0,normalDay
2023-06-14,9117.0,1483.0,0.0,100,437.18,415.0,0,0.0,0.0,,0.0,1,3.28,10.63,SPY230630C00428000,428.0,normalDay
2023-06-15,9117.0,1635.0,0.0,100,442.6,415.0,0,0.0,0.0,,0.0,1,3.28,14.53,SPY230630C00428000,428.0,normalDay
2023-06-16,9117.0,1421.0,0.0,100,439.46,415.0,0,0.0,0.0,,0.0,1,3.28,13.53,SPY230630C00428000,428.0,normalDay
2023-06-20,9117.0,1502.0,0.0,100,437.18,415.0,0,0.0,0.0,,0.0,1,3.28,10.44,SPY230630C00428000,428.0,normalDay
2023-06-21,9117.0,1455.0,0.0,100,434.94,415.0,0,0.0,0.0,,0.0,1,3.28,8.67,SPY230630C00428000,428.0,normalDay
2023-06-22,9117.0,1545.0,0.0,100,436.51,415.0,0,0.0,0.0,,0.0,1,3.28,9.34,SPY230630C00428000,428.0,normalDay
2023-06-23,9117.0,1495.0,0.0,100,433.21,415.0,0,0.0,0.0,,0.0,1,3.28,6.54,SPY230630C00428000,428.0,normalDay
2023-06-26,9117.0,1484.0,0.0,100,431.44,415.0,0,0.0,0.0,,0.0,1,3.28,4.88,SPY230630C00428000,428.0,normalDay
2023-06-27,9117.0,1587.0,0.0,100,436.17,415.0,0,0.0,0.0,,0.0,1,3.28,8.58,SPY230630C00428000,428.0,normalDay
2023-06-28,9117.0,1537.0,0.0,100,436.39,415.0,0,0.0,0.0,,0.0,1,3.28,9.3,SPY230630C00428000,428.0,normalDay
2023-06-29,9117.0,1594.0,0.0,100,438.11,415.0,0,0.0,0.0,,0.0,1,3.28,10.45,SPY230630C00428000,428.0,normalDay
2023-06-30,10745.0,1594.0,1628.0,0,443.28,0.0,0,0.0,0.0,,0.0,1,3.28,0.0,SPY230630C00428000,428.0,expirationDay
2023-07-03,10745.0,-21.0,0.0,0,443.79,0.0,1,8.62,8.83,SPY231117P00432000,432.0,0,0.0,0.0,,0.0,normalDay
2023-07-05,10745.0,-53.0,0.0,0,443.13,0.0,1,8.62,9.15,SPY231117P00432000,432.0,0,0.0,0.0,,0.0,normalDay
2023-07-06,10745.0,-185.0,0.0,0,439.66,0.0,1,8.62,10.47,SPY231117P00432000,432.0,0,0.0,0.0,,0.0,normalDay
2023-07-07,10745.0,-189.0,0.0,0,438.55,0.0,1,8.62,10.51,SPY231117P00432000,432.0,0,0.0,0.0,,0.0,normalDay
2023-07-10,10745.0,-149.0,0.0,0,439.66,0.0,1,8.62,10.11,SPY231117P00432000,432.0,0,0.0,0.0,,0.0,normalDay
2023-07-11,10745.0,-56.0,0.0,0,442.46,0.0,1,8.62,9.18,SPY231117P00432000,432.0,0,0.0,0.0,,0.0,normalDay
2023-07-12,10745.0,87.0,0.0,0,446.02,0.0,1,8.62,7.75,SPY231117P00432000,432.0,0,0.0,0.0,,0.0,normalDay
2023-07-13,10745.0,155.0,0.0,0,449.56,0.0,1,8.62,7.07,SPY231117P00432000,432.0,0,0.0,0.0,,0.0,normalDay
2023-07-14,10745.0,148.0,0.0,0,449.28,0.0,1,8.62,7.14,SPY231117P00432000,432.0,0,0.0,0.0,,0.0,normalDay
2023-07-17,10745.0,177.0,0.0,0,450.84,0.0,1,8.62,6.85,SPY231117P00432000,432.0,0,0.0,0.0,,0.0,normalDay
2023-07-18,10745.0,249.0,0.0,0,454.19,0.0,1,8.62,6.13,SPY231117P00432000,432.0,0,0.0,0.0,,0.0,normalDay
2023-07-19,10745.0,246.0,0.0,0,455.2,0.0,1,8.62,6.16,SPY231117P00432000,432.0,0,0.0,0.0,,0.0,normalDay
2023-07-20,10745.0,203.0,0.0,0,452.18,0.0,1,8.62,6.59,SPY231117P00432000,432.0,0,0.0,0.0,,0.0,normalDay
2023-07-21,10745.0,222.0,0.0,0,452.18,0.0,1,8.62,6.4,SPY231117P00432000,432.0,0,0.0,0.0,,0.0,normalDay
2023-07-24,10745.0,276.0,0.0,0,454.2,0.0,1,8.62,5.86,SPY231117P00432000,432.0,0,0.0,0.0,,0.0,normalDay
2023-07-25,10745.0,292.0,0.0,0,455.44,0.0,1,8.62,5.7,SPY231117P00432000,432.0,0,0.0,0.0,,0.0,normalDay
2023-07-26,10745.0,318.0,0.0,0,455.51,0.0,1,8.62,5.44,SPY231117P00432000,432.0,0,0.0,0.0,,0.0,normalDay
2023-07-27,10745.0,231.0,0.0,0,452.49,0.0,1,8.62,6.31,SPY231117P00432000,432.0,0,0.0,0.0,,0.0,normalDay
2023-07-28,10745.0,325.0,0.0,0,456.92,0.0,1,8.62,5.37,SPY231117P00432000,432.0,0,0.0,0.0,,0.0,normalDay
2023-07-31,10745.0,343.0,0.0,0,457.79,0.0,1,8.62,5.19,SPY231117P00432000,432.0,0,0.0,0.0,,0.0,normalDay
2023-08-01,10745.0,310.0,0.0,0,456.48,0.0,1,8.62,5.52,SPY231117P00432000,432.0,0,0.0,0.0,,0.0,normalDay
2023-08-02,10745.0,127.0,0.0,0,450.13,0.0,1,8.62,7.35,SPY231117P00432000,432.0,0,0.0,0.0,,0.0,normalDay
2023-08-03,10745.0,132.0,0.0,0,448.84,0.0,1,8.62,7.3,SPY231117P00432000,432.0,0,0.0,0.0,,0.0,normalDay
2023-08-04,10745.0,27.0,0.0,0,446.81,0.0,1,8.62,8.35,SPY231117P00432000,432.0,0,0.0,0.0,,0.0,normalDay
2023-08-07,10745.0,183.0,0.0,0,450.71,0.0,1,8.62,6.79,SPY231117P00432000,432.0,0,0.0,0.0,,0.0,normalDay
2023-08-08,10745.0,121.0,0.0,0,448.75,0.0,1,8.62,7.41,SPY231117P00432000,432.0,0,0.0,0.0,,0.0,normalDay
2023-08-09,10745.0,79.0,0.0,0,445.75,0.0,1,8.62,7.83,SPY231117P00432000,432.0,0,0.0,0.0,,0.0,normalDay
2023-08-10,10745.0,68.0,0.0,0,445.91,0.0,1,8.62,7.94,SPY231117P00432000,432.0,0,0.0,0.0,,0.0,normalDay
2023-08-11,10745.0,102.0,0.0,0,445.65,0.0,1,8.62,7.6,SPY231117P00432000,432.0,0,0.0,0.0,,0.0,normalDay
2023-08-14,10745.0,186.0,0.0,0,448.11,0.0,1,8.62,6.76,SPY231117P00432000,432.0,0,0.0,0.0,,0.0,normalDay
2023-08-15,10745.0,8.0,0.0,0,442.89,0.0,1,8.62,8.54,SPY231117P00432000,432.0,0,0.0,0.0,,0.0,normalDay
2023-08-16,10745.0,-93.0,0.0,0,439.64,0.0,1,8.62,9.55,SPY231117P00432000,432.0,0,0.0,0.0,,0.0,normalDay
2023-08-17,10745.0,-242.0,0.0,0,436.29,0.0,1,8.62,11.04,SPY231117P00432000,432.0,0,0.0,0.0,,0.0,normalDay
2023-08-18,10745.0,-192.0,0.0,0,436.5,0.0,1,8.62,10.54,SPY231117P00432000,432.0,0,0.0,0.0,,0.0,normalDay
2023-08-21,10745.0,-76.0,0.0,0,439.34,0.0,1,8.62,9.38,SPY231117P00432000,432.0,0,0.0,0.0,,0.0,normalDay
2023-08-22,10745.0,-87.0,0.0,0,438.15,0.0,1,8.62,9.49,SPY231117P00432000,432.0,0,0.0,0.0,,0.0,normalDay
2023-08-23,10745.0,90.0,0.0,0,443.03,0.0,1,8.62,7.72,SPY231117P00432000,432.0,0,0.0,0.0,,0.0,normalDay
2023-08-24,10745.0,-131.0,0.0,0,436.89,0.0,1,8.62,9.93,SPY231117P00432000,432.0,0,0.0,0.0,,0.0,normalDay
2023-08-25,10745.0,26.0,0.0,0,439.97,0.0,1,8.62,8.36,SPY231117P00432000,432.0,0,0.0,0.0,,0.0,normalDay
2023-08-28,10745.0,154.0,0.0,0,442.76,0.0,1,8.62,7.08,SPY231117P00432000,432.0,0,0.0,0.0,,0.0,normalDay
2023-08-29,10745.0,325.0,0.0,0,449.16,0.0,1,8.62,5.37,SPY231117P00432000,432.0,0,0.0,0.0,,0.0,normalDay
2023-08-30,10745.0,392.0,0.0,0,451.01,0.0,1,8.62,4.7,SPY231117P00432000,432.0,0,0.0,0.0,,0.0,normalDay
2023-08-31,10745.0,408.0,0.0,0,450.35,0.0,1,8.62,4.54,SPY231117P00432000,432.0,0,0.0,0.0,,0.0,normalDay
2023-09-01,10745.0,427.0,0.0,0,451.19,0.0,1,8.62,4.35,SPY231117P00432000,432.0,0,0.0,0.0,,0.0,normalDay
2023-09-05,10745.0,394.0,0.0,0,449.24,0.0,1,8.62,4.68,SPY231117P00432000,432.0,0,0.0,0.0,,0.0,normalDay
2023-09-06,10745.0,315.0,0.0,0,446.22,0.0,1,8.62,5.47,SPY231117P00432000,432.0,0,0.0,0.0,,0.0,normalDay
2023-09-07,10745.0,294.0,0.0,0,444.85,0.0,1,8.62,5.68,SPY231117P00432000,432.0,0,0.0,0.0,,0.0,normalDay
2023-09-08,10745.0,353.0,0.0,0,445.52,0.0,1,8.62,5.09,SPY231117P00432000,432.0,0,0.0,0.0,,0.0,normalDay
2023-09-11,10745.0,434.0,0.0,0,448.45,0.0,1,8.62,4.28,SPY231117P00432000,432.0,0,0.0,0.0,,0.0,normalDay
2023-09-12,10745.0,386.0,0.0,0,445.99,0.0,1,8.62,4.76,SPY231117P00432000,432.0,0,0.0,0.0,,0.0,normalDay
2023-09-13,10745.0,428.0,0.0,0,446.51,0.0,1,8.62,4.34,SPY231117P00432000,432.0,0,0.0,0.0,,0.0,normalDay
2023-09-14,10745.0,528.0,0.0,0,450.36,0.0,1,8.62,3.34,SPY231117P00432000,432.0,0,0.0,0.0,,0.0,normalDay
2023-09-15,10745.0,397.0,0.0,0,443.37,0.0,1,8.62,4.65,SPY231117P00432000,432.0,0,0.0,0.0,,0.0,normalDay
2023-09-18,10745.0,413.0,0.0,0,443.63,0.0,1,8.62,4.49,SPY231117P00432000,432.0,0,0.0,0.0,,0.0,normalDay
2023-09-19,10745.0,399.0,0.0,0,442.71,0.0,1,8.62,4.63,SPY231117P00432000,432.0,0,0.0,0.0,,0.0,normalDay
2023-09-20,10745.0,257.0,0.0,0,438.64,0.0,1,8.62,6.05,SPY231117P00432000,432.0,0,0.0,0.0,,0.0,normalDay
2023-09-21,10745.0,-57.0,0.0,0,431.39,0.0,1,8.62,9.19,SPY231117P00432000,432.0,0,0.0,0.0,,0.0,normalDay
2023-09-22,10745.0,-82.0,0.0,0,430.42,0.0,1,8.62,9.44,SPY231117P00432000,432.0,0,0.0,0.0,,0.0,normalDay
2023-09-25,10745.0,13.0,0.0,0,432.23,0.0,1,8.62,8.49,SPY231117P00432000,432.0,0,0.0,0.0,,0.0,normalDay
2023-09-26,10745.0,-323.0,0.0,0,425.88,0.0,1,8.62,11.85,SPY231117P00432000,432.0,0,0.0,0.0,,0.0,normalDay
2023-09-27,10745.0,-280.0,0.0,0,426.05,0.0,1,8.62,11.42,SPY231117P00432000,432.0,0,0.0,0.0,,0.0,normalDay
2023-09-28,10745.0,-148.0,0.0,0,428.52,0.0,1,8.62,10.1,SPY231117P00432000,432.0,0,0.0,0.0,,0.0,normalDay
2023-09-29,10745.0,-185.0,0.0,0,427.48,0.0,1,8.62,10.47,SPY231117P00432000,432.0,0,0.0,0.0,,0.0,normalDay
2023-10-02,10745.0,-171.0,0.0,0,427.31,0.0,1,8.62,10.33,SPY231117P00432000,432.0,0,0.0,0.0,,0.0,normalDay
2023-10-03,10745.0,-541.0,0.0,0,421.59,0.0,1,8.62,14.03,SPY231117P00432000,432.0,0,0.0,0.0,,0.0,normalDay
2023-10-04,10745.0,-349.0,0.0,0,424.66,0.0,1,8.62,12.11,SPY231117P00432000,432.0,0,0.0,0.0,,0.0,normalDay
2023-10-05,10745.0,-359.0,0.0,0,424.5,0.0,1,8.62,12.21,SPY231117P00432000,432.0,0,0.0,0.0,,0.0,normalDay
2023-10-06,10745.0,-29.0,0.0,0,429.54,0.0,1,8.62,8.91,SPY231117P00432000,432.0,0,0.0,0.0,,0.0,normalDay
2023-10-09,10745.0,101.0,0.0,0,432.29,0.0,1,8.62,7.61,SPY231117P00432000,432.0,0,0.0,0.0,,0.0,normalDay
2023-10-10,10745.0,212.0,0.0,0,434.54,0.0,1,8.62,6.5,SPY231117P00432000,432.0,0,0.0,0.0,,0.0,normalDay
2023-10-11,10745.0,335.0,0.0,0,436.32,0.0,1,8.62,5.27,SPY231117P00432000,432.0,0,0.0,0.0,,0.0,normalDay
2023-10-12,10745.0,229.0,0.0,0,433.66,0.0,1,8.62,6.33,SPY231117P00432000,432.0,0,0.0,0.0,,0.0,normalDay
2023-10-13,10745.0,47.0,0.0,0,431.5,0.0,1,8.62,8.15,SPY231117P00432000,432.0,0,0.0,0.0,,0.0,normalDay
2023-10-16,10745.0,320.0,0.0,0,436.04,0.0,1,8.62,5.42,SPY231117P00432000,432.0,0,0.0,0.0,,0.0,normalDay
2023-10-17,10745.0,295.0,0.0,0,436.02,0.0,1,8.62,5.67,SPY231117P00432000,432.0,0,0.0,0.0,,0.0,normalDay
2023-10-18,10745.0,67.0,0.0,0,430.21,0.0,1,8.62,7.95,SPY231117P00432000,432.0,0,0.0,0.0,,0.0,normalDay
2023-10-19,10745.0,-231.0,0.0,0,426.43,0.0,1,8.62,10.93,SPY231117P00432000,432.0,0,0.0,0.0,,0.0,normalDay
2023-10-20,10745.0,-479.0,0.0,0,421.19,0.0,1,8.62,13.41,SPY231117P00432000,432.0,0,0.0,0.0,,0.0,normalDay
2023-10-23,10745.0,-429.0,0.0,0,420.46,0.0,1,8.62,12.91,SPY231117P00432000,432.0,0,0.0,0.0,,0.0,normalDay
2023-10-24,10745.0,-212.0,0.0,0,423.63,0.0,1,8.62,10.74,SPY231117P00432000,432.0,0,0.0,0.0,,0.0,normalDay
2023-10-25,10745.0,-698.0,0.0,0,417.55,0.0,1,8.62,15.6,SPY231117P00432000,432.0,0,0.0,0.0,,0.0,normalDay
2023-10-26,10745.0,-1159.0,0.0,0,412.55,0.0,1,8.62,20.21,SPY231117P00432000,432.0,0,0.0,0.0,,0.0,normalDay
2023-10-27,10745.0,-1329.0,0.0,0,410.68,0.0,1,8.62,21.91,SPY231117P00432000,432.0,0,0.0,0.0,,0.0,normalDay
2023-10-30,10745.0,-844.0,0.0,0,415.59,0.0,1,8.62,17.06,SPY231117P00432000,432.0,0,0.0,0.0,,0.0,normalDay
2023-10-31,10745.0,-601.0,0.0,0,418.2,0.0,1,8.62,14.63,SPY231117P00432000,432.0,0,0.0,0.0,,0.0,normalDay
2023-11-01,10745.0,-186.0,0.0,0,422.66,0.0,1,8.62,10.48,SPY231117P00432000,432.0,0,0.0,0.0,,0.0,normalDay
2023-11-02,10745.0,353.0,0.0,0,430.76,0.0,1,8.62,5.09,SPY231117P00432000,432.0,0,0.0,0.0,,0.0,normalDay
2023-11-03,10745.0,578.0,0.0,0,434.69,0.0,1,8.62,2.84,SPY231117P00432000,432.0,0,0.0,0.0,,0.0,normalDay
2023-11-06,10745.0,628.0,0.0,0,435.69,0.0,1,8.62,2.34,SPY231117P00432000,432.0,0,0.0,0.0,,0.0,normalDay
2023-11-07,10745.0,683.0,0.0,0,436.93,0.0,1,8.62,1.79,SPY231117P00432000,432.0,0,0.0,0.0,,0.0,normalDay
2023-11-08,10745.0,712.0,0.0,0,437.25,0.0,1,8.62,1.5,SPY231117P00432000,432.0,0,0.0,0.0,,0.0,normalDay
2023-11-09,10745.0,619.0,0.0,0,433.84,0.0,1,8.62,2.43,SPY231117P00432000,432.0,0,0.0,0.0,,0.0,normalDay
2023-11-10,10745.0,809.0,0.0,0,440.61,0.0,1,8.62,0.53,SPY231117P00432000,432.0,0,0.0,0.0,,0.0,normalDay
2023-11-13,10745.0,814.0,0.0,0,440.19,0.0,1,8.62,0.48,SPY231117P00432000,432.0,0,0.0,0.0,,0.0,normalDay
2023-11-14,10745.0,852.0,0.0,0,448.73,0.0,1,8.62,0.1,SPY231117P00432000,432.0,0,0.0,0.0,,0.0,normalDay
2023-11-15,10745.0,857.0,0.0,0,449.68,0.0,1,8.62,0.05,SPY231117P00432000,432.0,0,0.0,0.0,,0.0,normalDay
2023-11-16,10745.0,860.0,0.0,0,450.23,0.0,1,8.62,0.02,SPY231117P00432000,432.0,0,0.0,0.0,,0.0,normalDay
2023-11-17,11607.0,0.0,862.0,0,450.79,0.0,1,8.62,0.0,SPY231117P00432000,432.0,0,0.0,0.0,,0.0,expirationDay
2023-11-20,11607.0,-13.0,0.0,0,454.26,0.0,1,5.35,5.48,SPY240328P00426000,426.0,0,0.0,0.0,,0.0,normalDay
2023-11-21,11607.0,-17.0,0.0,0,453.27,0.0,1,5.35,5.52,SPY240328P00426000,426.0,0,0.0,0.0,,0.0,normalDay
2023-11-22,11607.0,18.0,0.0,0,455.02,0.0,1,5.35,5.17,SPY240328P00426000,426.0,0,0.0,0.0,,0.0,normalDay
2023-11-24,11607.0,41.0,0.0,0,455.3,0.0,1,5.35,4.94,SPY240328P00426000,426.0,0,0.0,0.0,,0.0,normalDay
2023-11-27,11607.0,35.0,0.0,0,454.48,0.0,1,5.35,5.0,SPY240328P00426000,426.0,0,0.0,0.0,,0.0,normalDay
2023-11-28,11607.0,46.0,0.0,0,454.93,0.0,1,5.35,4.89,SPY240328P00426000,426.0,0,0.0,0.0,,0.0,normalDay
2023-11-29,11607.0,35.0,0.0,0,454.61,0.0,1,5.35,5.0,SPY240328P00426000,426.0,0,0.0,0.0,,0.0,normalDay
2023-11-30,11607.0,51.0,0.0,0,456.4,0.0,1,5.35,4.84,SPY240328P00426000,426.0,0,0.0,0.0,,0.0,normalDay
