date,totalCapital,unrializedPnL,rializedPnL,stocksOwned,stocksPriceToday,stocksPriceBoughtAt,putOwned,putOwnedSoldAt,putPriceToday,putOwnedContract,putOwnedStrike,callOwned,callOwnedSoldAt,callPriceToday,callOwnedContract,callOwnedStrike,trackType
2018-11-01,0.0,-9.0,0.0,0,273.51,0.0,1,7.28,7.37,SPY190118P00270000,270.0,0,0.0,0.0,,0.0,normalDay
2018-11-02,0.0,-63.0,0.0,0,271.89,0.0,1,7.28,7.91,SPY190118P00270000,270.0,0,0.0,0.0,,0.0,normalDay
2018-11-05,0.0,17.0,0.0,0,273.39,0.0,1,7.28,7.11,SPY190118P00270000,270.0,0,0.0,0.0,,0.0,normalDay
2018-11-06,0.0,95.0,0.0,0,275.12,0.0,1,7.28,6.33,SPY190118P00270000,270.0,0,0.0,0.0,,0.0,normalDay
2018-11-07,0.0,330.0,0.0,0,281.01,0.0,1,7.28,3.98,SPY190118P00270000,270.0,0,0.0,0.0,,0.0,normalDay
2018-11-08,0.0,326.0,0.0,0,280.5,0.0,1,7.28,4.02,SPY190118P00270000,270.0,0,0.0,0.0,,0.0,normalDay
2018-11-09,0.0,231.0,0.0,0,277.76,0.0,1,7.28,4.97,SPY190118P00270000,270.0,0,0.0,0.0,,0.0,normalDay
2018-11-12,0.0,29.0,0.0,0,272.57,0.0,1,7.28,6.99,SPY190118P00270000,270.0,0,0.0,0.0,,0.0,normalDay
2018-11-13,0.0,4.0,0.0,0,272.06,0.0,1,7.28,7.24,SPY190118P00270000,270.0,0,0.0,0.0,,0.0,normalDay
2018-11-14,0.0,-112.0,0.0,0,270.2,0.0,1,7.28,8.4,SPY190118P00270000,270.0,0,0.0,0.0,,0.0,normalDay
2018-11-15,0.0,43.0,0.0,0,273.02,0.0,1,7.28,6.85,SPY190118P00270000,270.0,0,0.0,0.0,,0.0,normalDay
2018-11-16,0.0,128.0,0.0,0,273.73,0.0,1,7.28,6.0,SPY190118P00270000,270.0,0,0.0,0.0,,0.0,normalDay
2018-11-19,0.0,-89.0,0.0,0,269.1,0.0,1,7.28,8.17,SPY190118P00270000,270.0,0,0.0,0.0,,0.0,normalDay
2018-11-20,0.0,-411.0,0.0,0,264.12,0.0,1,7.28,11.39,SPY190118P00270000,270.0,0,0.0,0.0,,0.0,normalDay
2018-11-21,0.0,-312.0,0.0,0,265.02,0.0,1,7.28,10.4,SPY190118P00270000,270.0,0,0.0,0.0,,0.0,normalDay
2018-11-23,0.0,-426.0,0.0,0,263.25,0.0,1,7.28,11.54,SPY190118P00270000,270.0,0,0.0,0.0,,0.0,normalDay
2018-11-26,0.0,-84.0,0.0,0,267.5,0.0,1,7.28,8.12,SPY190118P00270000,270.0,0,0.0,0.0,,0.0,normalDay
2018-11-27,0.0,-57.0,0.0,0,268.4,0.0,1,7.28,7.85,SPY190118P00270000,270.0,0,0.0,0.0,,0.0,normalDay
2018-11-28,0.0,200.0,0.0,0,274.58,0.0,1,7.28,5.28,SPY190118P00270000,270.0,0,0.0,0.0,,0.0,normalDay
2018-11-29,0.0,184.0,0.0,0,273.98,0.0,1,7.28,5.44,SPY190118P00270000,270.0,0,0.0,0.0,,0.0,normalDay
2018-11-30,0.0,265.0,0.0,0,275.65,0.0,1,7.28,4.63,SPY190118P00270000,270.0,0,0.0,0.0,,0.0,normalDay
2018-12-03,0.0,413.0,0.0,0,279.3,0.0,1,7.28,3.15,SPY190118P00270000,270.0,0,0.0,0.0,,0.0,normalDay
2018-12-04,0.0,29.0,0.0,0,270.25,0.0,1,7.28,6.99,SPY190118P00270000,270.0,0,0.0,0.0,,0.0,normalDay
2018-12-06,0.0,12.0,0.0,0,269.84,0.0,1,7.28,7.16,SPY190118P00270000,270.0,0,0.0,0.0,,0.0,normalDay
2018-12-07,0.0,-391.0,0.0,0,263.57,0.0,1,7.28,11.19,SPY190118P00270000,270.0,0,0.0,0.0,,0.0,normalDay
2018-12-10,0.0,-280.0,0.0,0,264.07,0.0,1,7.28,10.08,SPY190118P00270000,270.0,0,0.0,0.0,,0.0,normalDay
2018-12-11,0.0,-267.0,0.0,0,264.13,0.0,1,7.28,9.95,SPY190118P00270000,270.0,0,0.0,0.0,,0.0,normalDay
2018-12-12,0.0,-202.0,0.0,0,265.46,0.0,1,7.28,9.3,SPY190118P00270000,270.0,0,0.0,0.0,,0.0,normalDay
2018-12-13,0.0,-184.0,0.0,0,265.37,0.0,1,7.28,9.12,SPY190118P00270000,270.0,0,0.0,0.0,,0.0,normalDay
2018-12-14,0.0,-506.0,0.0,0,260.47,0.0,1,7.28,12.34,SPY190118P00270000,270.0,0,0.0,0.0,,0.0,normalDay
2018-12-17,0.0,-925.0,0.0,0,255.36,0.0,1,7.28,16.53,SPY190118P00270000,270.0,0,0.0,0.0,,0.0,normalDay
2018-12-18,0.0,-1018.0,0.0,0,255.08,0.0,1,7.28,17.46,SPY190118P00270000,270.0,0,0.0,0.0,,0.0,normalDay
2018-12-19,0.0,-1304.0,0.0,0,251.26,0.0,1,7.28,20.32,SPY190118P00270000,270.0,0,0.0,0.0,,0.0,normalDay
2018-12-20,0.0,-1642.0,0.0,0,247.17,0.0,1,7.28,23.7,SPY190118P00270000,270.0,0,0.0,0.0,,0.0,normalDay
2018-12-21,0.0,-2277.0,0.0,0,240.7,0.0,1,7.28,30.05,SPY190118P00270000,270.0,0,0.0,0.0,,0.0,normalDay
2018-12-24,0.0,-3072.0,0.0,0,234.34,0.0,1,7.28,38.0,SPY190118P00270000,270.0,0,0.0,0.0,,0.0,normalDay
2018-12-26,0.0,-1656.0,0.0,0,246.18,0.0,1,7.28,23.84,SPY190118P00270000,270.0,0,0.0,0.0,,0.0,normalDay
2018-12-27,0.0,-1444.0,0.0,0,248.07,0.0,1,7.28,21.72,SPY190118P00270000,270.0,0,0.0,0.0,,0.0,normalDay
2018-12-28,0.0,-1517.0,0.0,0,247.75,0.0,1,7.28,22.45,SPY190118P00270000,270.0,0,0.0,0.0,,0.0,normalDay
2018-12-31,0.0,-1308.0,0.0,0,249.92,0.0,1,7.28,20.36,SPY190118P00270000,270.0,0,0.0,0.0,,0.0,normalDay
2019-01-02,0.0,-1257.0,0.0,0,250.18,0.0,1,7.28,19.85,SPY190118P00270000,270.0,0,0.0,0.0,,0.0,normalDay
2019-01-03,0.0,-1879.0,0.0,0,244.21,0.0,1,7.28,26.07,SPY190118P00270000,270.0,0,0.0,0.0,,0.0,normalDay
2019-01-04,0.0,-1041.0,0.0,0,252.39,0.0,1,7.28,17.69,SPY190118P00270000,270.0,0,0.0,0.0,,0.0,normalDay
2019-01-07,0.0,-863.0,0.0,0,254.38,0.0,1,7.28,15.91,SPY190118P00270000,270.0,0,0.0,0.0,,0.0,normalDay
2019-01-08,0.0,-624.0,0.0,0,256.77,0.0,1,7.28,13.52,SPY190118P00270000,270.0,0,0.0,0.0,,0.0,normalDay
2019-01-09,0.0,-505.0,0.0,0,257.97,0.0,1,7.28,12.33,SPY190118P00270000,270.0,0,0.0,0.0,,0.0,normalDay
2019-01-10,0.0,-406.0,0.0,0,258.88,0.0,1,7.28,11.34,SPY190118P00270000,270.0,0,0.0,0.0,,0.0,normalDay
2019-01-11,0.0,-396.0,0.0,0,258.98,0.0,1,7.28,11.24,SPY190118P00270000,270.0,0,0.0,0.0,,0.0,normalDay
2019-01-14,0.0,-545.0,0.0,0,257.4,0.0,1,7.28,12.73,SPY190118P00270000,270.0,0,0.0,0.0,,0.0,normalDay
2019-01-15,0.0,-264.0,0.0,0,260.35,0.0,1,7.28,9.92,SPY190118P00270000,270.0,0,0.0,0.0,,0.0,normalDay
2019-01-16,0.0,-196.0,0.0,0,260.98,0.0,1,7.28,9.24,SPY190118P00270000,270.0,0,0.0,0.0,,0.0,normalDay
2019-01-17,0.0,6.0,0.0,0,262.96,0.0,1,7.28,7.22,SPY190118P00270000,270.0,0,0.0,0.0,,0.0,normalDay
2019-01-18,728.0,-354.0,728.0,100,266.46,270.0,1,7.28,0.0,SPY190118P00270000,270.0,0,0.0,0.0,,0.0,expirationDay
2019-01-22,728.0,-718.0,0.0,100,262.86,270.0,0,0.0,0.0,,0.0,1,0.55,0.59,SPY190125C00266000,266.0,normalDay
2019-01-23,728.0,-639.0,0.0,100,263.41,270.0,0,0.0,0.0,,0.0,1,0.55,0.35,SPY190125C00266000,266.0,normalDay
2019-01-24,728.0,-599.0,0.0,100,263.55,270.0,0,0.0,0.0,,0.0,1,0.55,0.09,SPY190125C00266000,266.0,normalDay
2019-01-25,783.0,-422.0,55.0,100,265.78,270.0,0,0.0,0.0,,0.0,1,0.55,0.0,SPY190125C00266000,266.0,expirationDay
2019-01-28,783.0,-627.0,0.0,100,263.76,270.0,0,0.0,0.0,,0.0,1,0.2,0.23,SPY190130C00267500,267.5,normalDay
2019-01-29,783.0,-648.0,0.0,100,263.41,270.0,0,0.0,0.0,,0.0,1,0.2,0.09,SPY190130C00267500,267.5,normalDay
2019-01-30,553.0,-648.0,-230.0,0,267.58,0.0,0,0.0,0.0,,0.0,1,0.2,0.0,SPY190130C00267500,267.5,expirationDay
2019-01-31,553.0,-7.0,0.0,0,269.93,0.0,1,3.33,3.4,SPY190418P00256000,256.0,0,0.0,0.0,,0.0,normalDay
2019-02-01,553.0,7.0,0.0,0,270.06,0.0,1,3.33,3.26,SPY190418P00256000,256.0,0,0.0,0.0,,0.0,normalDay
2019-02-04,553.0,62.0,0.0,0,271.96,0.0,1,3.33,2.71,SPY190418P00256000,256.0,0,0.0,0.0,,0.0,normalDay
2019-02-05,553.0,80.0,0.0,0,273.1,0.0,1,3.33,2.53,SPY190418P00256000,256.0,0,0.0,0.0,,0.0,normalDay
2019-02-06,553.0,84.0,0.0,0,272.74,0.0,1,3.33,2.49,SPY190418P00256000,256.0,0,0.0,0.0,,0.0,normalDay
2019-02-07,553.0,28.0,0.0,0,270.14,0.0,1,3.33,3.05,SPY190418P00256000,256.0,0,0.0,0.0,,0.0,normalDay
2019-02-08,553.0,42.0,0.0,0,270.47,0.0,1,3.33,2.91,SPY190418P00256000,256.0,0,0.0,0.0,,0.0,normalDay
2019-02-11,553.0,60.0,0.0,0,270.62,0.0,1,3.33,2.73,SPY190418P00256000,256.0,0,0.0,0.0,,0.0,normalDay
2019-02-12,553.0,126.0,0.0,0,274.1,0.0,1,3.33,2.07,SPY190418P00256000,256.0,0,0.0,0.0,,0.0,normalDay
2019-02-13,553.0,133.0,0.0,0,274.99,0.0,1,3.33,2.0,SPY190418P00256000,256.0,0,0.0,0.0,,0.0,normalDay
2019-02-14,553.0,120.0,0.0,0,274.38,0.0,1,3.33,2.13,SPY190418P00256000,256.0,0,0.0,0.0,,0.0,normalDay
2019-02-15,553.0,176.0,0.0,0,277.37,0.0,1,3.33,1.57,SPY190418P00256000,256.0,0,0.0,0.0,,0.0,normalDay
2019-02-19,553.0,189.0,0.0,0,277.85,0.0,1,3.33,1.44,SPY190418P00256000,256.0,0,0.0,0.0,,0.0,normalDay
2019-02-20,553.0,213.0,0.0,0,278.41,0.0,1,3.33,1.2,SPY190418P00256000,256.0,0,0.0,0.0,,0.0,normalDay
2019-02-21,553.0,205.0,0.0,0,277.42,0.0,1,3.33,1.28,SPY190418P00256000,256.0,0,0.0,0.0,,0.0,normalDay
2019-02-22,553.0,232.0,0.0,0,279.14,0.0,1,3.33,1.01,SPY190418P00256000,256.0,0,0.0,0.0,,0.0,normalDay
2019-02-25,553.0,229.0,0.0,0,279.52,0.0,1,3.33,1.04,SPY190418P00256000,256.0,0,0.0,0.0,,0.0,normalDay
2019-02-26,553.0,225.0,0.0,0,279.32,0.0,1,3.33,1.08,SPY190418P00256000,256.0,0,0.0,0.0,,0.0,normalDay
2019-02-27,553.0,229.0,0.0,0,279.2,0.0,1,3.33,1.04,SPY190418P00256000,256.0,0,0.0,0.0,,0.0,normalDay
2019-02-28,553.0,226.0,0.0,0,278.68,0.0,1,3.33,1.07,SPY190418P00256000,256.0,0,0.0,0.0,,0.0,normalDay
2019-03-01,553.0,252.0,0.0,0,280.42,0.0,1,3.33,0.81,SPY190418P00256000,256.0,0,0.0,0.0,,0.0,normalDay
2019-03-04,553.0,241.0,0.0,0,279.4,0.0,1,3.33,0.92,SPY190418P00256000,256.0,0,0.0,0.0,,0.0,normalDay
2019-03-05,553.0,239.0,0.0,0,279.02,0.0,1,3.33,0.94,SPY190418P00256000,256.0,0,0.0,0.0,,0.0,normalDay
2019-03-06,553.0,224.0,0.0,0,277.33,0.0,1,3.33,1.09,SPY190418P00256000,256.0,0,0.0,0.0,,0.0,normalDay
2019-03-07,553.0,198.0,0.0,0,275.01,0.0,1,3.33,1.35,SPY190418P00256000,256.0,0,0.0,0.0,,0.0,normalDay
2019-03-08,553.0,206.0,0.0,0,274.46,0.0,1,3.33,1.27,SPY190418P00256000,256.0,0,0.0,0.0,,0.0,normalDay
2019-03-11,553.0,261.0,0.0,0,278.44,0.0,1,3.33,0.72,SPY190418P00256000,256.0,0,0.0,0.0,,0.0,normalDay
2019-03-12,553.0,275.0,0.0,0,279.49,0.0,1,3.33,0.58,SPY190418P00256000,256.0,0,0.0,0.0,,0.0,normalDay
2019-03-13,553.0,288.0,0.0,0,281.34,0.0,1,3.33,0.45,SPY190418P00256000,256.0,0,0.0,0.0,,0.0,normalDay
2019-03-14,553.0,289.0,0.0,0,281.16,0.0,1,3.33,0.44,SPY190418P00256000,256.0,0,0.0,0.0,,0.0,normalDay
2019-03-15,553.0,297.0,0.0,0,281.31,0.0,1,3.33,0.36,SPY190418P00256000,256.0,0,0.0,0.0,,0.0,normalDay
2019-03-18,553.0,305.0,0.0,0,282.33,0.0,1,3.33,0.28,SPY190418P00256000,256.0,0,0.0,0.0,,0.0,normalDay
2019-03-19,553.0,303.0,0.0,0,282.4,0.0,1,3.33,0.3,SPY190418P00256000,256.0,0,0.0,0.0,,0.0,normalDay
2019-03-20,553.0,301.0,0.0,0,281.55,0.0,1,3.33,0.32,SPY190418P00256000,256.0,0,0.0,0.0,,0.0,normalDay
2019-03-21,553.0,310.0,0.0,0,284.73,0.0,1,3.33,0.23,SPY190418P00256000,256.0,0,0.0,0.0,,0.0,normalDay
2019-03-22,553.0,282.0,0.0,0,279.25,0.0,1,3.33,0.51,SPY190418P00256000,256.0,0,0.0,0.0,,0.0,normalDay
2019-03-25,553.0,291.0,0.0,0,279.04,0.0,1,3.33,0.42,SPY190418P00256000,256.0,0,0.0,0.0,,0.0,normalDay
2019-03-26,553.0,311.0,0.0,0,281.12,0.0,1,3.33,0.22,SPY190418P00256000,256.0,0,0.0,0.0,,0.0,normalDay
2019-03-27,553.0,307.0,0.0,0,279.65,0.0,1,3.33,0.26,SPY190418P00256000,256.0,0,0.0,0.0,,0.0,normalDay
2019-03-28,553.0,314.0,0.0,0,280.71,0.0,1,3.33,0.19,SPY190418P00256000,256.0,0,0.0,0.0,,0.0,normalDay
2019-03-29,553.0,321.0,0.0,0,282.48,0.0,1,3.33,0.12,SPY190418P00256000,256.0,0,0.0,0.0,,0.0,normalDay
2019-04-01,553.0,324.0,0.0,0,285.83,0.0,1,3.33,0.09,SPY190418P00256000,256.0,0,0.0,0.0,,0.0,normalDay
2019-04-02,553.0,325.0,0.0,0,285.97,0.0,1,3.33,0.08,SPY190418P00256000,256.0,0,0.0,0.0,,0.0,normalDay
2019-04-03,553.0,326.0,0.0,0,286.42,0.0,1,3.33,0.07,SPY190418P00256000,256.0,0,0.0,0.0,,0.0,normalDay
2019-04-04,553.0,327.0,0.0,0,287.18,0.0,1,3.33,0.06,SPY190418P00256000,256.0,0,0.0,0.0,,0.0,normalDay
2019-04-05,553.0,329.0,0.0,0,288.57,0.0,1,3.33,0.04,SPY190418P00256000,256.0,0,0.0,0.0,,0.0,normalDay
2019-04-08,553.0,330.0,0.0,0,288.79,0.0,1,3.33,0.03,SPY190418P00256000,256.0,0,0.0,0.0,,0.0,normalDay
2019-04-09,553.0,330.0,0.0,0,287.31,0.0,1,3.33,0.03,SPY190418P00256000,256.0,0,0.0,0.0,,0.0,normalDay
2019-04-10,553.0,331.0,0.0,0,288.29,0.0,1,3.33,0.02,SPY190418P00256000,256.0,0,0.0,0.0,,0.0,normalDay
2019-04-11,553.0,331.0,0.0,0,288.21,0.0,1,3.33,0.02,SPY190418P00256000,256.0,0,0.0,0.0,,0.0,normalDay
2019-04-12,553.0,332.0,0.0,0,290.16,0.0,1,3.33,0.01,SPY190418P00256000,256.0,0,0.0,0.0,,0.0,normalDay
2019-04-15,553.0,332.0,0.0,0,289.97,0.0,1,3.33,0.01,SPY190418P00256000,256.0,0,0.0,0.0,,0.0,normalDay
2019-04-16,553.0,332.0,0.0,0,290.16,0.0,1,3.33,0.01,SPY190418P00256000,256.0,0,0.0,0.0,,0.0,normalDay
2019-04-17,553.0,332.0,0.0,0,289.45,0.0,1,3.33,0.01,SPY190418P00256000,256.0,0,0.0,0.0,,0.0,normalDay
2019-04-18,886.0,0.0,333.0,0,290.02,0.0,1,3.33,0.0,SPY190418P00256000,256.0,0,0.0,0.0,,0.0,expirationDay
2019-04-22,886.0,-5.0,0.0,0,290.27,0.0,1,3.55,3.6,SPY190628P00284000,284.0,0,0.0,0.0,,0.0,normalDay
2019-04-23,886.0,58.0,0.0,0,292.88,0.0,1,3.55,2.97,SPY190628P00284000,284.0,0,0.0,0.0,,0.0,normalDay
2019-04-24,886.0,34.0,0.0,0,292.23,0.0,1,3.55,3.21,SPY190628P00284000,284.0,0,0.0,0.0,,0.0,normalDay
2019-04-25,886.0,23.0,0.0,0,292.05,0.0,1,3.55,3.32,SPY190628P00284000,284.0,0,0.0,0.0,,0.0,normalDay
2019-04-26,886.0,65.0,0.0,0,293.41,0.0,1,3.55,2.9,SPY190628P00284000,284.0,0,0.0,0.0,,0.0,normalDay
2019-04-29,886.0,76.0,0.0,0,293.87,0.0,1,3.55,2.79,SPY190628P00284000,284.0,0,0.0,0.0,,0.0,normalDay
2019-04-30,886.0,83.0,0.0,0,294.02,0.0,1,3.55,2.72,SPY190628P00284000,284.0,0,0.0,0.0,,0.0,normalDay
2019-05-01,886.0,5.0,0.0,0,291.81,0.0,1,3.55,3.5,SPY190628P00284000,284.0,0,0.0,0.0,,0.0,normalDay
2019-05-02,886.0,-9.0,0.0,0,291.18,0.0,1,3.55,3.64,SPY190628P00284000,284.0,0,0.0,0.0,,0.0,normalDay
2019-05-03,886.0,89.0,0.0,0,294.03,0.0,1,3.55,2.66,SPY190628P00284000,284.0,0,0.0,0.0,,0.0,normalDay
2019-05-06,886.0,23.0,0.0,0,292.82,0.0,1,3.55,3.32,SPY190628P00284000,284.0,0,0.0,0.0,,0.0,normalDay
2019-05-07,886.0,-216.0,0.0,0,287.93,0.0,1,3.55,5.71,SPY190628P00284000,284.0,0,0.0,0.0,,0.0,normalDay
2019-05-08,886.0,-210.0,0.0,0,287.53,0.0,1,3.55,5.65,SPY190628P00284000,284.0,0,0.0,0.0,,0.0,normalDay
2019-05-09,886.0,-233.0,0.0,0,286.66,0.0,1,3.55,5.88,SPY190628P00284000,284.0,0,0.0,0.0,,0.0,normalDay
2019-05-10,886.0,-120.0,0.0,0,288.1,0.0,1,3.55,4.75,SPY190628P00284000,284.0,0,0.0,0.0,,0.0,normalDay
2019-05-13,886.0,-508.0,0.0,0,280.86,0.0,1,3.55,8.63,SPY190628P00284000,284.0,0,0.0,0.0,,0.0,normalDay
2019-05-14,886.0,-330.0,0.0,0,283.4,0.0,1,3.55,6.85,SPY190628P00284000,284.0,0,0.0,0.0,,0.0,normalDay
2019-05-15,886.0,-205.0,0.0,0,285.06,0.0,1,3.55,5.6,SPY190628P00284000,284.0,0,0.0,0.0,,0.0,normalDay
2019-05-16,886.0,-80.0,0.0,0,287.7,0.0,1,3.55,4.35,SPY190628P00284000,284.0,0,0.0,0.0,,0.0,normalDay
2019-05-17,886.0,-153.0,0.0,0,285.84,0.0,1,3.55,5.08,SPY190628P00284000,284.0,0,0.0,0.0,,0.0,normalDay
2019-05-20,886.0,-217.0,0.0,0,283.95,0.0,1,3.55,5.72,SPY190628P00284000,284.0,0,0.0,0.0,,0.0,normalDay
2019-05-21,886.0,-83.0,0.0,0,286.51,0.0,1,3.55,4.38,SPY190628P00284000,284.0,0,0.0,0.0,,0.0,normalDay
2019-05-22,886.0,-104.0,0.0,0,285.63,0.0,1,3.55,4.59,SPY190628P00284000,284.0,0,0.0,0.0,,0.0,normalDay
2019-05-23,886.0,-313.0,0.0,0,282.14,0.0,1,3.55,6.68,SPY190628P00284000,284.0,0,0.0,0.0,,0.0,normalDay
2019-05-24,886.0,-239.0,0.0,0,282.78,0.0,1,3.55,5.94,SPY190628P00284000,284.0,0,0.0,0.0,,0.0,normalDay
2019-05-28,886.0,-373.0,0.0,0,280.15,0.0,1,3.55,7.28,SPY190628P00284000,284.0,0,0.0,0.0,,0.0,normalDay
2019-05-29,886.0,-510.0,0.0,0,278.27,0.0,1,3.55,8.65,SPY190628P00284000,284.0,0,0.0,0.0,,0.0,normalDay
2019-05-30,886.0,-448.0,0.0,0,279.03,0.0,1,3.55,8.03,SPY190628P00284000,284.0,0,0.0,0.0,,0.0,normalDay
2019-05-31,886.0,-741.0,0.0,0,275.27,0.0,1,3.55,10.96,SPY190628P00284000,284.0,0,0.0,0.0,,0.0,normalDay
2019-06-03,886.0,-761.0,0.0,0,274.57,0.0,1,3.55,11.16,SPY190628P00284000,284.0,0,0.0,0.0,,0.0,normalDay
2019-06-04,886.0,-320.0,0.0,0,280.53,0.0,1,3.55,6.75,SPY190628P00284000,284.0,0,0.0,0.0,,0.0,normalDay
2019-06-05,886.0,-151.0,0.0,0,282.96,0.0,1,3.55,5.06,SPY190628P00284000,284.0,0,0.0,0.0,,0.0,normalDay
2019-06-06,886.0,-52.0,0.0,0,284.8,0.0,1,3.55,4.07,SPY190628P00284000,284.0,0,0.0,0.0,,0.0,normalDay
2019-06-07,886.0,54.0,0.0,0,287.65,0.0,1,3.55,3.01,SPY190628P00284000,284.0,0,0.0,0.0,,0.0,normalDay
2019-06-10,886.0,125.0,0.0,0,288.97,0.0,1,3.55,2.3,SPY190628P00284000,284.0,0,0.0,0.0,,0.0,normalDay
2019-06-11,886.0,125.0,0.0,0,288.9,0.0,1,3.55,2.3,SPY190628P00284000,284.0,0,0.0,0.0,,0.0,normalDay
2019-06-12,886.0,128.0,0.0,0,288.39,0.0,1,3.55,2.27,SPY190628P00284000,284.0,0,0.0,0.0,,0.0,normalDay
2019-06-13,886.0,169.0,0.0,0,289.58,0.0,1,3.55,1.86,SPY190628P00284000,284.0,0,0.0,0.0,,0.0,normalDay
2019-06-14,886.0,191.0,0.0,0,289.26,0.0,1,3.55,1.64,SPY190628P00284000,284.0,0,0.0,0.0,,0.0,normalDay
2019-06-17,886.0,212.0,0.0,0,289.37,0.0,1,3.55,1.43,SPY190628P00284000,284.0,0,0.0,0.0,,0.0,normalDay
2019-06-18,886.0,274.0,0.0,0,292.4,0.0,1,3.55,0.81,SPY190628P00284000,284.0,0,0.0,0.0,,0.0,normalDay
2019-06-19,886.0,307.0,0.0,0,293.06,0.0,1,3.55,0.48,SPY190628P00284000,284.0,0,0.0,0.0,,0.0,normalDay
2019-06-20,886.0,328.0,0.0,0,295.86,0.0,1,3.55,0.27,SPY190628P00284000,284.0,0,0.0,0.0,,0.0,normalDay
2019-06-21,886.0,333.0,0.0,0,294.0,0.0,1,3.55,0.22,SPY190628P00284000,284.0,0,0.0,0.0,,0.0,normalDay
2019-06-24,886.0,344.0,0.0,0,293.64,0.0,1,3.55,0.11,SPY190628P00284000,284.0,0,0.0,0.0,,0.0,normalDay
2019-06-25,886.0,337.0,0.0,0,290.76,0.0,1,3.55,0.18,SPY190628P00284000,284.0,0,0.0,0.0,,0.0,normalDay
2019-06-26,886.0,346.0,0.0,0,290.47,0.0,1,3.55,0.09,SPY190628P00284000,284.0,0,0.0,0.0,,0.0,normalDay
2019-06-27,886.0,352.0,0.0,0,291.5,0.0,1,3.55,0.03,SPY190628P00284000,284.0,0,0.0,0.0,,0.0,normalDay
2019-06-28,1241.0,0.0,355.0,0,293.0,0.0,1,3.55,0.0,SPY190628P00284000,284.0,0,0.0,0.0,,0.0,expirationDay
2019-07-01,1241.0,-4.0,0.0,0,295.66,0.0,1,4.4,4.44,SPY190920P00287000,287.0,0,0.0,0.0,,0.0,normalDay
2019-07-02,1241.0,56.0,0.0,0,296.43,0.0,1,4.4,3.84,SPY190920P00287000,287.0,0,0.0,0.0,,0.0,normalDay
2019-07-03,1241.0,115.0,0.0,0,298.8,0.0,1,4.4,3.25,SPY190920P00287000,287.0,0,0.0,0.0,,0.0,normalDay
2019-07-05,1241.0,96.0,0.0,0,298.46,0.0,1,4.4,3.44,SPY190920P00287000,287.0,0,0.0,0.0,,0.0,normalDay
2019-07-08,1241.0,64.0,0.0,0,296.82,0.0,1,4.4,3.76,SPY190920P00287000,287.0,0,0.0,0.0,,0.0,normalDay
2019-07-09,1241.0,61.0,0.0,0,297.19,0.0,1,4.4,3.79,SPY190920P00287000,287.0,0,0.0,0.0,,0.0,normalDay
2019-07-10,1241.0,116.0,0.0,0,298.61,0.0,1,4.4,3.24,SPY190920P00287000,287.0,0,0.0,0.0,,0.0,normalDay
2019-07-11,1241.0,138.0,0.0,0,299.31,0.0,1,4.4,3.02,SPY190920P00287000,287.0,0,0.0,0.0,,0.0,normalDay
2019-07-12,1241.0,172.0,0.0,0,300.65,0.0,1,4.4,2.68,SPY190920P00287000,287.0,0,0.0,0.0,,0.0,normalDay
2019-07-15,1241.0,179.0,0.0,0,300.75,0.0,1,4.4,2.61,SPY190920P00287000,287.0,0,0.0,0.0,,0.0,normalDay
2019-07-16,1241.0,166.0,0.0,0,299.78,0.0,1,4.4,2.74,SPY190920P00287000,287.0,0,0.0,0.0,,0.0,normalDay
2019-07-17,1241.0,112.0,0.0,0,297.74,0.0,1,4.4,3.28,SPY190920P00287000,287.0,0,0.0,0.0,,0.0,normalDay
2019-07-18,1241.0,143.0,0.0,0,298.83,0.0,1,4.4,2.97,SPY190920P00287000,287.0,0,0.0,0.0,,0.0,normalDay
2019-07-19,1241.0,101.0,0.0,0,297.17,0.0,1,4.4,3.39,SPY190920P00287000,287.0,0,0.0,0.0,,0.0,normalDay
2019-07-22,1241.0,143.0,0.0,0,297.9,0.0,1,4.4,2.97,SPY190920P00287000,287.0,0,0.0,0.0,,0.0,normalDay
2019-07-23,1241.0,201.0,0.0,0,300.03,0.0,1,4.4,2.39,SPY190920P00287000,287.0,0,0.0,0.0,,0.0,normalDay
2019-07-24,1241.0,237.0,0.0,0,301.44,0.0,1,4.4,2.03,SPY190920P00287000,287.0,0,0.0,0.0,,0.0,normalDay
2019-07-25,1241.0,205.0,0.0,0,300.0,0.0,1,4.4,2.35,SPY190920P00287000,287.0,0,0.0,0.0,,0.0,normalDay
2019-07-26,1241.0,248.0,0.0,0,302.01,0.0,1,4.4,1.92,SPY190920P00287000,287.0,0,0.0,0.0,,0.0,normalDay
2019-07-29,1241.0,248.0,0.0,0,301.46,0.0,1,4.4,1.92,SPY190920P00287000,287.0,0,0.0,0.0,,0.0,normalDay
2019-07-30,1241.0,214.0,0.0,0,300.72,0.0,1,4.4,2.26,SPY190920P00287000,287.0,0,0.0,0.0,,0.0,normalDay
2019-07-31,1241.0,119.0,0.0,0,297.43,0.0,1,4.4,3.21,SPY190920P00287000,287.0,0,0.0,0.0,,0.0,normalDay
2019-08-01,1241.0,11.0,0.0,0,294.84,0.0,1,4.4,4.29,SPY190920P00287000,287.0,0,0.0,0.0,,0.0,normalDay
2019-08-02,1241.0,-56.0,0.0,0,292.62,0.0,1,4.4,4.96,SPY190920P00287000,287.0,0,0.0,0.0,,0.0,normalDay
2019-08-05,1241.0,-576.0,0.0,0,283.82,0.0,1,4.4,10.16,SPY190920P00287000,287.0,0,0.0,0.0,,0.0,normalDay
2019-08-06,1241.0,-264.0,0.0,0,287.8,0.0,1,4.4,7.04,SPY190920P00287000,287.0,0,0.0,0.0,,0.0,normalDay
2019-08-07,1241.0,-247.0,0.0,0,287.97,0.0,1,4.4,6.87,SPY190920P00287000,287.0,0,0.0,0.0,,0.0,normalDay
2019-08-08,1241.0,17.0,0.0,0,293.62,0.0,1,4.4,4.23,SPY190920P00287000,287.0,0,0.0,0.0,,0.0,normalDay
2019-08-09,1241.0,-57.0,0.0,0,291.62,0.0,1,4.4,4.97,SPY190920P00287000,287.0,0,0.0,0.0,,0.0,normalDay
2019-08-12,1241.0,-266.0,0.0,0,288.07,0.0,1,4.4,7.06,SPY190920P00287000,287.0,0,0.0,0.0,,0.0,normalDay
2019-08-13,1241.0,-11.0,0.0,0,292.55,0.0,1,4.4,4.51,SPY190920P00287000,287.0,0,0.0,0.0,,0.0,normalDay
2019-08-14,1241.0,-454.0,0.0,0,283.9,0.0,1,4.4,8.94,SPY190920P00287000,287.0,0,0.0,0.0,,0.0,normalDay
2019-08-15,1241.0,-390.0,0.0,0,284.65,0.0,1,4.4,8.3,SPY190920P00287000,287.0,0,0.0,0.0,,0.0,normalDay
2019-08-16,1241.0,-136.0,0.0,0,288.85,0.0,1,4.4,5.76,SPY190920P00287000,287.0,0,0.0,0.0,,0.0,normalDay
2019-08-19,1241.0,55.0,0.0,0,292.33,0.0,1,4.4,3.85,SPY190920P00287000,287.0,0,0.0,0.0,,0.0,normalDay
2019-08-20,1241.0,-36.0,0.0,0,290.09,0.0,1,4.4,4.76,SPY190920P00287000,287.0,0,0.0,0.0,,0.0,normalDay
2019-08-21,1241.0,108.0,0.0,0,292.45,0.0,1,4.4,3.32,SPY190920P00287000,287.0,0,0.0,0.0,,0.0,normalDay
2019-08-22,1241.0,83.0,0.0,0,292.36,0.0,1,4.4,3.57,SPY190920P00287000,287.0,0,0.0,0.0,,0.0,normalDay
2019-08-23,1241.0,-237.0,0.0,0,284.85,0.0,1,4.4,6.77,SPY190920P00287000,287.0,0,0.0,0.0,,0.0,normalDay
2019-08-26,1241.0,-87.0,0.0,0,288.0,0.0,1,4.4,5.27,SPY190920P00287000,287.0,0,0.0,0.0,,0.0,normalDay
2019-08-27,1241.0,-163.0,0.0,0,286.87,0.0,1,4.4,6.03,SPY190920P00287000,287.0,0,0.0,0.0,,0.0,normalDay
2019-08-28,1241.0,-32.0,0.0,0,288.89,0.0,1,4.4,4.72,SPY190920P00287000,287.0,0,0.0,0.0,,0.0,normalDay
2019-08-29,1241.0,124.0,0.0,0,292.58,0.0,1,4.4,3.16,SPY190920P00287000,287.0,0,0.0,0.0,,0.0,normalDay
2019-08-30,1241.0,112.0,0.0,0,292.45,0.0,1,4.4,3.28,SPY190920P00287000,287.0,0,0.0,0.0,,0.0,normalDay
2019-09-03,1241.0,80.0,0.0,0,290.74,0.0,1,4.4,3.6,SPY190920P00287000,287.0,0,0.0,0.0,,0.0,normalDay
2019-09-04,1241.0,235.0,0.0,0,294.04,0.0,1,4.4,2.05,SPY190920P00287000,287.0,0,0.0,0.0,,0.0,normalDay
2019-09-05,1241.0,329.0,0.0,0,297.82,0.0,1,4.4,1.11,SPY190920P00287000,287.0,0,0.0,0.0,,0.0,normalDay
2019-09-06,1241.0,367.0,0.0,0,298.05,0.0,1,4.4,0.73,SPY190920P00287000,287.0,0,0.0,0.0,,0.0,normalDay
2019-09-09,1241.0,381.0,0.0,0,298.2,0.0,1,4.4,0.59,SPY190920P00287000,287.0,0,0.0,0.0,,0.0,normalDay
2019-09-10,1241.0,388.0,0.0,0,298.13,0.0,1,4.4,0.52,SPY190920P00287000,287.0,0,0.0,0.0,,0.0,normalDay
2019-09-11,1241.0,411.0,0.0,0,300.25,0.0,1,4.4,0.29,SPY190920P00287000,287.0,0,0.0,0.0,,0.0,normalDay
2019-09-12,1241.0,418.0,0.0,0,301.29,0.0,1,4.4,0.22,SPY190920P00287000,287.0,0,0.0,0.0,,0.0,normalDay
2019-09-13,1241.0,423.0,0.0,0,301.09,0.0,1,4.4,0.17,SPY190920P00287000,287.0,0,0.0,0.0,,0.0,normalDay
2019-09-16,1241.0,426.0,0.0,0,300.16,0.0,1,4.4,0.14,SPY190920P00287000,287.0,0,0.0,0.0,,0.0,normalDay
2019-09-17,1241.0,429.0,0.0,0,300.92,0.0,1,4.4,0.11,SPY190920P00287000,287.0,0,0.0,0.0,,0.0,normalDay
2019-09-18,1241.0,431.0,0.0,0,301.1,0.0,1,4.4,0.09,SPY190920P00287000,287.0,0,0.0,0.0,,0.0,normalDay
2019-09-19,1241.0,434.0,0.0,0,301.08,0.0,1,4.4,0.06,SPY190920P00287000,287.0,0,0.0,0.0,,0.0,normalDay
2019-09-20,1681.0,0.0,440.0,0,298.28,0.0,1,4.4,0.0,SPY190920P00287000,287.0,0,0.0,0.0,,0.0,expirationDay
2019-09-23,1681.0,-4.0,0.0,0,298.21,0.0,1,4.36,4.4,SPY191115P00293000,293.0,0,0.0,0.0,,0.0,normalDay
2019-09-24,1681.0,-115.0,0.0,0,295.87,0.0,1,4.36,5.51,SPY191115P00293000,293.0,0,0.0,0.0,,0.0,normalDay
2019-09-25,1681.0,-46.0,0.0,0,297.62,0.0,1,4.36,4.82,SPY191115P00293000,293.0,0,0.0,0.0,,0.0,normalDay
2019-09-26,1681.0,-47.0,0.0,0,297.0,0.0,1,4.36,4.83,SPY191115P00293000,293.0,0,0.0,0.0,,0.0,normalDay
2019-09-27,1681.0,-127.0,0.0,0,295.4,0.0,1,4.36,5.63,SPY191115P00293000,293.0,0,0.0,0.0,,0.0,normalDay
2019-09-30,1681.0,-30.0,0.0,0,296.77,0.0,1,4.36,4.66,SPY191115P00293000,293.0,0,0.0,0.0,,0.0,normalDay
2019-10-01,1681.0,-208.0,0.0,0,293.24,0.0,1,4.36,6.44,SPY191115P00293000,293.0,0,0.0,0.0,,0.0,normalDay
2019-10-02,1681.0,-528.0,0.0,0,288.06,0.0,1,4.36,9.64,SPY191115P00293000,293.0,0,0.0,0.0,,0.0,normalDay
2019-10-03,1681.0,-343.0,0.0,0,290.42,0.0,1,4.36,7.79,SPY191115P00293000,293.0,0,0.0,0.0,,0.0,normalDay
2019-10-04,1681.0,-114.0,0.0,0,294.35,0.0,1,4.36,5.5,SPY191115P00293000,293.0,0,0.0,0.0,,0.0,normalDay
2019-10-07,1681.0,-163.0,0.0,0,293.08,0.0,1,4.36,5.99,SPY191115P00293000,293.0,0,0.0,0.0,,0.0,normalDay
2019-10-08,1681.0,-417.0,0.0,0,288.53,0.0,1,4.36,8.53,SPY191115P00293000,293.0,0,0.0,0.0,,0.0,normalDay
2019-10-09,1681.0,-250.0,0.0,0,291.27,0.0,1,4.36,6.86,SPY191115P00293000,293.0,0,0.0,0.0,,0.0,normalDay
2019-10-10,1681.0,-121.0,0.0,0,293.24,0.0,1,4.36,5.57,SPY191115P00293000,293.0,0,0.0,0.0,,0.0,normalDay
2019-10-11,1681.0,49.0,0.0,0,296.28,0.0,1,4.36,3.87,SPY191115P00293000,293.0,0,0.0,0.0,,0.0,normalDay
2019-10-14,1681.0,80.0,0.0,0,295.95,0.0,1,4.36,3.56,SPY191115P00293000,293.0,0,0.0,0.0,,0.0,normalDay
2019-10-15,1681.0,201.0,0.0,0,298.88,0.0,1,4.36,2.35,SPY191115P00293000,293.0,0,0.0,0.0,,0.0,normalDay
2019-10-16,1681.0,197.0,0.0,0,298.4,0.0,1,4.36,2.39,SPY191115P00293000,293.0,0,0.0,0.0,,0.0,normalDay
2019-10-17,1681.0,217.0,0.0,0,299.28,0.0,1,4.36,2.19,SPY191115P00293000,293.0,0,0.0,0.0,,0.0,normalDay
2019-10-18,1681.0,191.0,0.0,0,297.97,0.0,1,4.36,2.45,SPY191115P00293000,293.0,0,0.0,0.0,,0.0,normalDay
2019-10-21,1681.0,265.0,0.0,0,299.99,0.0,1,4.36,1.71,SPY191115P00293000,293.0,0,0.0,0.0,,0.0,normalDay
2019-10-22,1681.0,242.0,0.0,0,299.01,0.0,1,4.36,1.94,SPY191115P00293000,293.0,0,0.0,0.0,,0.0,normalDay
2019-10-23,1681.0,280.0,0.0,0,299.88,0.0,1,4.36,1.56,SPY191115P00293000,293.0,0,0.0,0.0,,0.0,normalDay
2019-10-24,1681.0,299.0,0.0,0,300.37,0.0,1,4.36,1.37,SPY191115P00293000,293.0,0,0.0,0.0,,0.0,normalDay
2019-10-25,1681.0,341.0,0.0,0,301.6,0.0,1,4.36,0.95,SPY191115P00293000,293.0,0,0.0,0.0,,0.0,normalDay
2019-10-28,1681.0,366.0,0.0,0,303.3,0.0,1,4.36,0.7,SPY191115P00293000,293.0,0,0.0,0.0,,0.0,normalDay
2019-10-29,1681.0,368.0,0.0,0,303.21,0.0,1,4.36,0.68,SPY191115P00293000,293.0,0,0.0,0.0,,0.0,normalDay
2019-10-30,1681.0,390.0,0.0,0,304.14,0.0,1,4.36,0.46,SPY191115P00293000,293.0,0,0.0,0.0,,0.0,normalDay
2019-10-31,1681.0,376.0,0.0,0,303.33,0.0,1,4.36,0.6,SPY191115P00293000,293.0,0,0.0,0.0,,0.0,normalDay
2019-11-01,1681.0,410.0,0.0,0,306.14,0.0,1,4.36,0.26,SPY191115P00293000,293.0,0,0.0,0.0,,0.0,normalDay
2019-11-04,1681.0,417.0,0.0,0,307.37,0.0,1,4.36,0.19,SPY191115P00293000,293.0,0,0.0,0.0,,0.0,normalDay
2019-11-05,1681.0,420.0,0.0,0,307.03,0.0,1,4.36,0.16,SPY191115P00293000,293.0,0,0.0,0.0,,0.0,normalDay
2019-11-06,1681.0,427.0,0.0,0,307.1,0.0,1,4.36,0.09,SPY191115P00293000,293.0,0,0.0,0.0,,0.0,normalDay
2019-11-07,1681.0,429.0,0.0,0,308.18,0.0,1,4.36,0.07,SPY191115P00293000,293.0,0,0.0,0.0,,0.0,normalDay
2019-11-08,1681.0,432.0,0.0,0,308.94,0.0,1,4.36,0.04,SPY191115P00293000,293.0,0,0.0,0.0,,0.0,normalDay
2019-11-11,1681.0,433.0,0.0,0,308.35,0.0,1,4.36,0.03,SPY191115P00293000,293.0,0,0.0,0.0,,0.0,normalDay
2019-11-12,1681.0,434.0,0.0,0,309.0,0.0,1,4.36,0.02,SPY191115P00293000,293.0,0,0.0,0.0,,0.0,normalDay
2019-11-13,1681.0,434.0,0.0,0,309.1,0.0,1,4.36,0.02,SPY191115P00293000,293.0,0,0.0,0.0,,0.0,normalDay
2019-11-14,1681.0,435.0,0.0,0,309.55,0.0,1,4.36,0.01,SPY191115P00293000,293.0,0,0.0,0.0,,0.0,normalDay
2019-11-15,2117.0,0.0,436.0,0,311.79,0.0,1,4.36,0.0,SPY191115P00293000,293.0,0,0.0,0.0,,0.0,expirationDay
2019-11-18,2117.0,-3.0,0.0,0,312.02,0.0,1,3.46,3.49,SPY200117P00303000,303.0,0,0.0,0.0,,0.0,normalDay
2019-11-19,2117.0,-17.0,0.0,0,311.93,0.0,1,3.46,3.63,SPY200117P00303000,303.0,0,0.0,0.0,,0.0,normalDay
2019-11-20,2117.0,-47.0,0.0,0,310.77,0.0,1,3.46,3.93,SPY200117P00303000,303.0,0,0.0,0.0,,0.0,normalDay
2019-11-21,2117.0,-63.0,0.0,0,310.27,0.0,1,3.46,4.09,SPY200117P00303000,303.0,0,0.0,0.0,,0.0,normalDay
2019-11-22,2117.0,-23.0,0.0,0,310.96,0.0,1,3.46,3.69,SPY200117P00303000,303.0,0,0.0,0.0,,0.0,normalDay
2019-11-25,2117.0,58.0,0.0,0,313.37,0.0,1,3.46,2.88,SPY200117P00303000,303.0,0,0.0,0.0,,0.0,normalDay
2019-11-26,2117.0,89.0,0.0,0,314.08,0.0,1,3.46,2.57,SPY200117P00303000,303.0,0,0.0,0.0,,0.0,normalDay
2019-11-27,2117.0,112.0,0.0,0,315.48,0.0,1,3.46,2.34,SPY200117P00303000,303.0,0,0.0,0.0,,0.0,normalDay
2019-11-29,2117.0,79.0,0.0,0,314.31,0.0,1,3.46,2.67,SPY200117P00303000,303.0,0,0.0,0.0,,0.0,normalDay
2019-12-02,2117.0,-24.0,0.0,0,311.64,0.0,1,3.46,3.7,SPY200117P00303000,303.0,0,0.0,0.0,,0.0,normalDay
2019-12-03,2117.0,-113.0,0.0,0,309.55,0.0,1,3.46,4.59,SPY200117P00303000,303.0,0,0.0,0.0,,0.0,normalDay
2019-12-04,2117.0,-34.0,0.0,0,311.46,0.0,1,3.46,3.8,SPY200117P00303000,303.0,0,0.0,0.0,,0.0,normalDay
2019-12-05,2117.0,6.0,0.0,0,312.02,0.0,1,3.46,3.4,SPY200117P00303000,303.0,0,0.0,0.0,,0.0,normalDay
2019-12-06,2117.0,93.0,0.0,0,314.87,0.0,1,3.46,2.53,SPY200117P00303000,303.0,0,0.0,0.0,,0.0,normalDay
2019-12-09,2117.0,49.0,0.0,0,313.88,0.0,1,3.46,2.97,SPY200117P00303000,303.0,0,0.0,0.0,,0.0,normalDay
2019-12-10,2117.0,64.0,0.0,0,313.53,0.0,1,3.46,2.82,SPY200117P00303000,303.0,0,0.0,0.0,,0.0,normalDay
2019-12-11,2117.0,101.0,0.0,0,314.42,0.0,1,3.46,2.45,SPY200117P00303000,303.0,0,0.0,0.0,,0.0,normalDay
2019-12-12,2117.0,167.0,0.0,0,317.13,0.0,1,3.46,1.79,SPY200117P00303000,303.0,0,0.0,0.0,,0.0,normalDay
2019-12-13,2117.0,211.0,0.0,0,317.32,0.0,1,3.46,1.35,SPY200117P00303000,303.0,0,0.0,0.0,,0.0,normalDay
2019-12-16,2117.0,255.0,0.0,0,319.5,0.0,1,3.46,0.91,SPY200117P00303000,303.0,0,0.0,0.0,,0.0,normalDay
2019-12-17,2117.0,255.0,0.0,0,319.57,0.0,1,3.46,0.91,SPY200117P00303000,303.0,0,0.0,0.0,,0.0,normalDay
2019-12-18,2117.0,256.0,0.0,0,319.59,0.0,1,3.46,0.9,SPY200117P00303000,303.0,0,0.0,0.0,,0.0,normalDay
2019-12-19,2117.0,268.0,0.0,0,320.9,0.0,1,3.46,0.78,SPY200117P00303000,303.0,0,0.0,0.0,,0.0,normalDay
2019-12-20,2117.0,275.0,0.0,0,320.73,0.0,1,3.46,0.71,SPY200117P00303000,303.0,0,0.0,0.0,,0.0,normalDay
2019-12-23,2117.0,280.0,0.0,0,321.22,0.0,1,3.46,0.66,SPY200117P00303000,303.0,0,0.0,0.0,,0.0,normalDay
2019-12-24,2117.0,283.0,0.0,0,321.23,0.0,1,3.46,0.63,SPY200117P00303000,303.0,0,0.0,0.0,,0.0,normalDay
2019-12-26,2117.0,299.0,0.0,0,322.94,0.0,1,3.46,0.47,SPY200117P00303000,303.0,0,0.0,0.0,,0.0,normalDay
2019-12-27,2117.0,297.0,0.0,0,322.86,0.0,1,3.46,0.49,SPY200117P00303000,303.0,0,0.0,0.0,,0.0,normalDay
2019-12-30,2117.0,288.0,0.0,0,321.08,0.0,1,3.46,0.58,SPY200117P00303000,303.0,0,0.0,0.0,,0.0,normalDay
2019-12-31,2117.0,303.0,0.0,0,321.86,0.0,1,3.46,0.43,SPY200117P00303000,303.0,0,0.0,0.0,,0.0,normalDay
2020-01-02,2117.0,328.0,0.0,0,324.87,0.0,1,3.46,0.18,SPY200117P00303000,303.0,0,0.0,0.0,,0.0,normalDay
2020-01-03,2117.0,316.0,0.0,0,322.41,0.0,1,3.46,0.3,SPY200117P00303000,303.0,0,0.0,0.0,,0.0,normalDay
2020-01-06,2117.0,332.0,0.0,0,323.64,0.0,1,3.46,0.14,SPY200117P00303000,303.0,0,0.0,0.0,,0.0,normalDay
2020-01-07,2117.0,333.0,0.0,0,322.73,0.0,1,3.46,0.13,SPY200117P00303000,303.0,0,0.0,0.0,,0.0,normalDay
2020-01-08,2117.0,334.0,0.0,0,324.45,0.0,1,3.46,0.12,SPY200117P00303000,303.0,0,0.0,0.0,,0.0,normalDay
2020-01-09,2117.0,339.0,0.0,0,326.65,0.0,1,3.46,0.07,SPY200117P00303000,303.0,0,0.0,0.0,,0.0,normalDay
2020-01-10,2117.0,342.0,0.0,0,325.71,0.0,1,3.46,0.04,SPY200117P00303000,303.0,0,0.0,0.0,,0.0,normalDay
2020-01-13,2117.0,344.0,0.0,0,327.95,0.0,1,3.46,0.02,SPY200117P00303000,303.0,0,0.0,0.0,,0.0,normalDay
2020-01-14,2117.0,344.0,0.0,0,327.45,0.0,1,3.46,0.02,SPY200117P00303000,303.0,0,0.0,0.0,,0.0,normalDay
2020-01-15,2117.0,344.0,0.0,0,328.19,0.0,1,3.46,0.02,SPY200117P00303000,303.0,0,0.0,0.0,,0.0,normalDay
2020-01-16,2117.0,345.0,0.0,0,330.92,0.0,1,3.46,0.01,SPY200117P00303000,303.0,0,0.0,0.0,,0.0,normalDay
2020-01-17,2463.0,0.0,346.0,0,331.95,0.0,1,3.46,0.0,SPY200117P00303000,303.0,0,0.0,0.0,,0.0,expirationDay
2020-01-21,2463.0,-5.0,0.0,0,331.3,0.0,1,5.04,5.09,SPY200417P00322000,322.0,0,0.0,0.0,,0.0,normalDay
2020-01-22,2463.0,-7.0,0.0,0,331.34,0.0,1,5.04,5.11,SPY200417P00322000,322.0,0,0.0,0.0,,0.0,normalDay
2020-01-23,2463.0,5.0,0.0,0,331.72,0.0,1,5.04,4.99,SPY200417P00322000,322.0,0,0.0,0.0,,0.0,normalDay
2020-01-24,2463.0,-115.0,0.0,0,328.77,0.0,1,5.04,6.19,SPY200417P00322000,322.0,0,0.0,0.0,,0.0,normalDay
2020-01-27,2463.0,-395.0,0.0,0,323.5,0.0,1,5.04,8.99,SPY200417P00322000,322.0,0,0.0,0.0,,0.0,normalDay
2020-01-28,2463.0,-202.0,0.0,0,326.89,0.0,1,5.04,7.06,SPY200417P00322000,322.0,0,0.0,0.0,,0.0,normalDay
2020-01-29,2463.0,-209.0,0.0,0,326.62,0.0,1,5.04,7.13,SPY200417P00322000,322.0,0,0.0,0.0,,0.0,normalDay
2020-01-30,2463.0,-121.0,0.0,0,327.68,0.0,1,5.04,6.25,SPY200417P00322000,322.0,0,0.0,0.0,,0.0,normalDay
2020-01-31,2463.0,-425.0,0.0,0,321.73,0.0,1,5.04,9.29,SPY200417P00322000,322.0,0,0.0,0.0,,0.0,normalDay
2020-02-03,2463.0,-320.0,0.0,0,324.12,0.0,1,5.04,8.24,SPY200417P00322000,322.0,0,0.0,0.0,,0.0,normalDay
2020-02-04,2463.0,-75.0,0.0,0,329.06,0.0,1,5.04,5.79,SPY200417P00322000,322.0,0,0.0,0.0,,0.0,normalDay
2020-02-05,2463.0,55.0,0.0,0,332.86,0.0,1,5.04,4.49,SPY200417P00322000,322.0,0,0.0,0.0,,0.0,normalDay
2020-02-06,2463.0,84.0,0.0,0,333.98,0.0,1,5.04,4.2,SPY200417P00322000,322.0,0,0.0,0.0,,0.0,normalDay
2020-02-07,2463.0,33.0,0.0,0,332.2,0.0,1,5.04,4.71,SPY200417P00322000,322.0,0,0.0,0.0,,0.0,normalDay
2020-02-10,2463.0,107.0,0.0,0,334.68,0.0,1,5.04,3.97,SPY200417P00322000,322.0,0,0.0,0.0,,0.0,normalDay
2020-02-11,2463.0,125.0,0.0,0,335.26,0.0,1,5.04,3.79,SPY200417P00322000,322.0,0,0.0,0.0,,0.0,normalDay
2020-02-12,2463.0,196.0,0.0,0,337.42,0.0,1,5.04,3.08,SPY200417P00322000,322.0,0,0.0,0.0,,0.0,normalDay
2020-02-13,2463.0,182.0,0.0,0,337.06,0.0,1,5.04,3.22,SPY200417P00322000,322.0,0,0.0,0.0,,0.0,normalDay
2020-02-14,2463.0,204.0,0.0,0,337.6,0.0,1,5.04,3.0,SPY200417P00322000,322.0,0,0.0,0.0,,0.0,normalDay
2020-02-18,2463.0,186.0,0.0,0,336.73,0.0,1,5.04,3.18,SPY200417P00322000,322.0,0,0.0,0.0,,0.0,normalDay
2020-02-19,2463.0,230.0,0.0,0,338.34,0.0,1,5.04,2.74,SPY200417P00322000,322.0,0,0.0,0.0,,0.0,normalDay
2020-02-20,2463.0,183.0,0.0,0,336.95,0.0,1,5.04,3.21,SPY200417P00322000,322.0,0,0.0,0.0,,0.0,normalDay
2020-02-21,2463.0,65.0,0.0,0,333.48,0.0,1,5.04,4.39,SPY200417P00322000,322.0,0,0.0,0.0,,0.0,normalDay
2020-02-24,2463.0,-481.0,0.0,0,322.42,0.0,1,5.04,9.85,SPY200417P00322000,322.0,0,0.0,0.0,,0.0,normalDay
2020-02-25,2463.0,-989.0,0.0,0,312.65,0.0,1,5.04,14.93,SPY200417P00322000,322.0,0,0.0,0.0,,0.0,normalDay
2020-02-26,2463.0,-1097.0,0.0,0,311.5,0.0,1,5.04,16.01,SPY200417P00322000,322.0,0,0.0,0.0,,0.0,normalDay
2020-02-27,2463.0,-2257.0,0.0,0,297.51,0.0,1,5.04,27.61,SPY200417P00322000,322.0,0,0.0,0.0,,0.0,normalDay
2020-02-28,2463.0,-2369.0,0.0,0,296.26,0.0,1,5.04,28.73,SPY200417P00322000,322.0,0,0.0,0.0,,0.0,normalDay
2020-03-02,2463.0,-1289.0,0.0,0,309.09,0.0,1,5.04,17.93,SPY200417P00322000,322.0,0,0.0,0.0,,0.0,normalDay
2020-03-03,2463.0,-1896.0,0.0,0,300.24,0.0,1,5.04,24.0,SPY200417P00322000,322.0,0,0.0,0.0,,0.0,normalDay
2020-03-04,2463.0,-1123.0,0.0,0,312.86,0.0,1,5.04,16.27,SPY200417P00322000,322.0,0,0.0,0.0,,0.0,normalDay
2020-03-05,2463.0,-1950.0,0.0,0,302.46,0.0,1,5.04,24.54,SPY200417P00322000,322.0,0,0.0,0.0,,0.0,normalDay
2020-03-06,2463.0,-2387.0,0.0,0,297.46,0.0,1,5.04,28.91,SPY200417P00322000,322.0,0,0.0,0.0,,0.0,normalDay
2020-03-09,2463.0,-4558.0,0.0,0,274.23,0.0,1,5.04,50.62,SPY200417P00322000,322.0,0,0.0,0.0,,0.0,normalDay
2020-03-10,2463.0,-3194.0,0.0,0,288.42,0.0,1,5.04,36.98,SPY200417P00322000,322.0,0,0.0,0.0,,0.0,normalDay
2020-03-11,2463.0,-4504.0,0.0,0,274.36,0.0,1,5.04,50.08,SPY200417P00322000,322.0,0,0.0,0.0,,0.0,normalDay
2020-03-12,2463.0,-7058.0,0.0,0,248.11,0.0,1,5.04,75.62,SPY200417P00322000,322.0,0,0.0,0.0,,0.0,normalDay
2020-03-13,2463.0,-5038.0,0.0,0,269.32,0.0,1,5.04,55.42,SPY200417P00322000,322.0,0,0.0,0.0,,0.0,normalDay
2020-03-16,2463.0,-7581.0,0.0,0,239.85,0.0,1,5.04,80.85,SPY200417P00322000,322.0,0,0.0,0.0,,0.0,normalDay
2020-03-17,2463.0,-6732.0,0.0,0,252.8,0.0,1,5.04,72.36,SPY200417P00322000,322.0,0,0.0,0.0,,0.0,normalDay
2020-03-18,2463.0,-7840.0,0.0,0,240.0,0.0,1,5.04,83.44,SPY200417P00322000,322.0,0,0.0,0.0,,0.0,normalDay
2020-03-19,2463.0,-7845.0,0.0,0,240.51,0.0,1,5.04,83.49,SPY200417P00322000,322.0,0,0.0,0.0,,0.0,normalDay
2020-03-20,2463.0,-8804.0,0.0,0,228.8,0.0,1,5.04,93.08,SPY200417P00322000,322.0,0,0.0,0.0,,0.0,normalDay
2020-03-23,2463.0,-9603.0,0.0,0,222.95,0.0,1,5.04,101.07,SPY200417P00322000,322.0,0,0.0,0.0,,0.0,normalDay
2020-03-24,2463.0,-7472.0,0.0,0,243.15,0.0,1,5.04,79.76,SPY200417P00322000,322.0,0,0.0,0.0,,0.0,normalDay
2020-03-25,2463.0,-7011.0,0.0,0,246.79,0.0,1,5.04,75.15,SPY200417P00322000,322.0,0,0.0,0.0,,0.0,normalDay
2020-03-26,2463.0,-5657.0,0.0,0,261.2,0.0,1,5.04,61.61,SPY200417P00322000,322.0,0,0.0,0.0,,0.0,normalDay
2020-03-27,2463.0,-6444.0,0.0,0,253.42,0.0,1,5.04,69.48,SPY200417P00322000,322.0,0,0.0,0.0,,0.0,normalDay
2020-03-30,2463.0,-5644.0,0.0,0,261.65,0.0,1,5.04,61.48,SPY200417P00322000,322.0,0,0.0,0.0,,0.0,normalDay
2020-03-31,2463.0,-6045.0,0.0,0,257.75,0.0,1,5.04,65.49,SPY200417P00322000,322.0,0,0.0,0.0,,0.0,normalDay
2020-04-01,2463.0,-7149.0,0.0,0,246.15,0.0,1,5.04,76.53,SPY200417P00322000,322.0,0,0.0,0.0,,0.0,normalDay
2020-04-02,2463.0,-6468.0,0.0,0,251.83,0.0,1,5.04,69.72,SPY200417P00322000,322.0,0,0.0,0.0,,0.0,normalDay
2020-04-03,2463.0,-6874.0,0.0,0,248.19,0.0,1,5.04,73.78,SPY200417P00322000,322.0,0,0.0,0.0,,0.0,normalDay
2020-04-06,2463.0,-5223.0,0.0,0,264.86,0.0,1,5.04,57.27,SPY200417P00322000,322.0,0,0.0,0.0,,0.0,normalDay
2020-04-07,2463.0,-5320.0,0.0,0,265.13,0.0,1,5.04,58.24,SPY200417P00322000,322.0,0,0.0,0.0,,0.0,normalDay
2020-04-08,2463.0,-4315.0,0.0,0,274.03,0.0,1,5.04,48.19,SPY200417P00322000,322.0,0,0.0,0.0,,0.0,normalDay
2020-04-09,2463.0,-3902.0,0.0,0,278.2,0.0,1,5.04,44.06,SPY200417P00322000,322.0,0,0.0,0.0,,0.0,normalDay
2020-04-13,2463.0,-4160.0,0.0,0,275.66,0.0,1,5.04,46.64,SPY200417P00322000,322.0,0,0.0,0.0,,0.0,normalDay
2020-04-14,2463.0,-3307.0,0.0,0,283.79,0.0,1,5.04,38.11,SPY200417P00322000,322.0,0,0.0,0.0,,0.0,normalDay
2020-04-15,2463.0,-3942.0,0.0,0,277.76,0.0,1,5.04,44.46,SPY200417P00322000,322.0,0,0.0,0.0,,0.0,normalDay
2020-04-16,2463.0,-3793.0,0.0,0,279.1,0.0,1,5.04,42.97,SPY200417P00322000,322.0,0,0.0,0.0,,0.0,normalDay
2020-04-17,2967.0,-3536.0,504.0,100,286.64,322.0,1,5.04,0.0,SPY200417P00322000,322.0,0,0.0,0.0,,0.0,expirationDay
2020-04-20,2967.0,-4045.0,0.0,100,281.59,322.0,0,0.0,0.0,,0.0,1,0.89,0.93,SPY200422C00288000,288.0,normalDay
2020-04-21,2967.0,-4810.0,0.0,100,273.04,322.0,0,0.0,0.0,,0.0,1,0.89,0.03,SPY200422C00288000,288.0,normalDay
2020-04-22,3056.0,-4290.0,89.0,100,279.1,322.0,0,0.0,0.0,,0.0,1,0.89,0.0,SPY200422C00288000,288.0,expirationDay
2020-04-23,3056.0,-4295.0,0.0,100,279.08,322.0,0,0.0,0.0,,0.0,1,0.05,0.08,SPY200424C00288000,288.0,normalDay
2020-04-24,3061.0,-3903.0,5.0,100,282.97,322.0,0,0.0,0.0,,0.0,1,0.05,0.0,SPY200424C00288000,288.0,expirationDay
2020-04-27,3061.0,-3498.0,0.0,100,287.05,322.0,0,0.0,0.0,,0.0,1,0.75,0.78,SPY200429C00291000,291.0,normalDay
2020-04-28,3061.0,-3585.0,0.0,100,285.73,322.0,0,0.0,0.0,,0.0,1,0.75,0.33,SPY200429C00291000,291.0,normalDay
2020-04-29,36.0,-3585.0,-3025.0,0,293.21,0.0,0,0.0,0.0,,0.0,1,0.75,0.0,SPY200429C00291000,291.0,expirationDay
2020-04-30,36.0,-10.0,0.0,0,290.48,0.0,1,9.95,10.05,SPY200717P00269000,269.0,0,0.0,0.0,,0.0,normalDay
2020-05-01,36.0,-271.0,0.0,0,282.79,0.0,1,9.95,12.66,SPY200717P00269000,269.0,0,0.0,0.0,,0.0,normalDay
2020-05-04,36.0,-190.0,0.0,0,283.57,0.0,1,9.95,11.85,SPY200717P00269000,269.0,0,0.0,0.0,,0.0,normalDay
2020-05-05,36.0,-44.0,0.0,0,286.19,0.0,1,9.95,10.39,SPY200717P00269000,269.0,0,0.0,0.0,,0.0,normalDay
2020-05-06,36.0,-99.0,0.0,0,284.25,0.0,1,9.95,10.94,SPY200717P00269000,269.0,0,0.0,0.0,,0.0,normalDay
2020-05-07,36.0,75.0,0.0,0,287.68,0.0,1,9.95,9.2,SPY200717P00269000,269.0,0,0.0,0.0,,0.0,normalDay
2020-05-08,36.0,295.0,0.0,0,292.44,0.0,1,9.95,7.0,SPY200717P00269000,269.0,0,0.0,0.0,,0.0,normalDay
2020-05-11,36.0,346.0,0.0,0,292.5,0.0,1,9.95,6.49,SPY200717P00269000,269.0,0,0.0,0.0,,0.0,normalDay
2020-05-12,36.0,97.0,0.0,0,286.67,0.0,1,9.95,8.98,SPY200717P00269000,269.0,0,0.0,0.0,,0.0,normalDay
2020-05-13,36.0,-50.0,0.0,0,281.6,0.0,1,9.95,10.45,SPY200717P00269000,269.0,0,0.0,0.0,,0.0,normalDay
2020-05-14,36.0,95.0,0.0,0,284.97,0.0,1,9.95,9.0,SPY200717P00269000,269.0,0,0.0,0.0,,0.0,normalDay
2020-05-15,36.0,135.0,0.0,0,286.28,0.0,1,9.95,8.6,SPY200717P00269000,269.0,0,0.0,0.0,,0.0,normalDay
2020-05-18,36.0,422.0,0.0,0,295.0,0.0,1,9.95,5.73,SPY200717P00269000,269.0,0,0.0,0.0,,0.0,normalDay
2020-05-19,36.0,357.0,0.0,0,291.97,0.0,1,9.95,6.38,SPY200717P00269000,269.0,0,0.0,0.0,,0.0,normalDay
2020-05-20,36.0,517.0,0.0,0,296.93,0.0,1,9.95,4.78,SPY200717P00269000,269.0,0,0.0,0.0,,0.0,normalDay
2020-05-21,36.0,448.0,0.0,0,294.88,0.0,1,9.95,5.47,SPY200717P00269000,269.0,0,0.0,0.0,,0.0,normalDay
2020-05-22,36.0,488.0,0.0,0,295.44,0.0,1,9.95,5.07,SPY200717P00269000,269.0,0,0.0,0.0,,0.0,normalDay
2020-05-26,36.0,586.0,0.0,0,299.08,0.0,1,9.95,4.09,SPY200717P00269000,269.0,0,0.0,0.0,,0.0,normalDay
2020-05-27,36.0,656.0,0.0,0,303.53,0.0,1,9.95,3.39,SPY200717P00269000,269.0,0,0.0,0.0,,0.0,normalDay
2020-05-28,36.0,646.0,0.0,0,302.97,0.0,1,9.95,3.49,SPY200717P00269000,269.0,0,0.0,0.0,,0.0,normalDay
2020-05-29,36.0,692.0,0.0,0,304.32,0.0,1,9.95,3.03,SPY200717P00269000,269.0,0,0.0,0.0,,0.0,normalDay
2020-06-01,36.0,698.0,0.0,0,305.55,0.0,1,9.95,2.97,SPY200717P00269000,269.0,0,0.0,0.0,,0.0,normalDay
2020-06-02,36.0,755.0,0.0,0,308.08,0.0,1,9.95,2.4,SPY200717P00269000,269.0,0,0.0,0.0,,0.0,normalDay
2020-06-03,36.0,815.0,0.0,0,312.18,0.0,1,9.95,1.8,SPY200717P00269000,269.0,0,0.0,0.0,,0.0,normalDay
2020-06-04,36.0,818.0,0.0,0,311.36,0.0,1,9.95,1.77,SPY200717P00269000,269.0,0,0.0,0.0,,0.0,normalDay
2020-06-05,36.0,876.0,0.0,0,319.34,0.0,1,9.95,1.19,SPY200717P00269000,269.0,0,0.0,0.0,,0.0,normalDay
2020-06-08,36.0,886.0,0.0,0,323.2,0.0,1,9.95,1.09,SPY200717P00269000,269.0,0,0.0,0.0,,0.0,normalDay
2020-06-09,36.0,866.0,0.0,0,320.79,0.0,1,9.95,1.29,SPY200717P00269000,269.0,0,0.0,0.0,,0.0,normalDay
2020-06-10,36.0,853.0,0.0,0,319.0,0.0,1,9.95,1.42,SPY200717P00269000,269.0,0,0.0,0.0,,0.0,normalDay
2020-06-11,36.0,500.0,0.0,0,300.61,0.0,1,9.95,4.95,SPY200717P00269000,269.0,0,0.0,0.0,,0.0,normalDay
2020-06-12,36.0,635.0,0.0,0,304.21,0.0,1,9.95,3.6,SPY200717P00269000,269.0,0,0.0,0.0,,0.0,normalDay
2020-06-15,36.0,727.0,0.0,0,307.05,0.0,1,9.95,2.68,SPY200717P00269000,269.0,0,0.0,0.0,,0.0,normalDay
2020-06-16,36.0,784.0,0.0,0,312.96,0.0,1,9.95,2.11,SPY200717P00269000,269.0,0,0.0,0.0,,0.0,normalDay
2020-06-17,36.0,795.0,0.0,0,311.66,0.0,1,9.95,2.0,SPY200717P00269000,269.0,0,0.0,0.0,,0.0,normalDay
2020-06-18,36.0,820.0,0.0,0,311.78,0.0,1,9.95,1.75,SPY200717P00269000,269.0,0,0.0,0.0,,0.0,normalDay
2020-06-19,36.0,786.0,0.0,0,308.64,0.0,1,9.95,2.09,SPY200717P00269000,269.0,0,0.0,0.0,,0.0,normalDay
2020-06-22,36.0,867.0,0.0,0,310.62,0.0,1,9.95,1.28,SPY200717P00269000,269.0,0,0.0,0.0,,0.0,normalDay
2020-06-23,36.0,881.0,0.0,0,312.05,0.0,1,9.95,1.14,SPY200717P00269000,269.0,0,0.0,0.0,,0.0,normalDay
2020-06-24,36.0,834.0,0.0,0,304.09,0.0,1,9.95,1.61,SPY200717P00269000,269.0,0,0.0,0.0,,0.0,normalDay
2020-06-25,36.0,885.0,0.0,0,307.35,0.0,1,9.95,1.1,SPY200717P00269000,269.0,0,0.0,0.0,,0.0,normalDay
2020-06-26,36.0,826.0,0.0,0,300.05,0.0,1,9.95,1.69,SPY200717P00269000,269.0,0,0.0,0.0,,0.0,normalDay
2020-06-29,36.0,899.0,0.0,0,304.46,0.0,1,9.95,0.96,SPY200717P00269000,269.0,0,0.0,0.0,,0.0,normalDay
2020-06-30,36.0,930.0,0.0,0,308.36,0.0,1,9.95,0.65,SPY200717P00269000,269.0,0,0.0,0.0,,0.0,normalDay
2020-07-01,36.0,952.0,0.0,0,310.52,0.0,1,9.95,0.43,SPY200717P00269000,269.0,0,0.0,0.0,,0.0,normalDay
2020-07-02,36.0,962.0,0.0,0,312.23,0.0,1,9.95,0.33,SPY200717P00269000,269.0,0,0.0,0.0,,0.0,normalDay
2020-07-06,36.0,977.0,0.0,0,317.05,0.0,1,9.95,0.18,SPY200717P00269000,269.0,0,0.0,0.0,,0.0,normalDay
2020-07-07,36.0,976.0,0.0,0,313.78,0.0,1,9.95,0.19,SPY200717P00269000,269.0,0,0.0,0.0,,0.0,normalDay
2020-07-08,36.0,985.0,0.0,0,316.18,0.0,1,9.95,0.1,SPY200717P00269000,269.0,0,0.0,0.0,,0.0,normalDay
2020-07-09,36.0,985.0,0.0,0,314.38,0.0,1,9.95,0.1,SPY200717P00269000,269.0,0,0.0,0.0,,0.0,normalDay
2020-07-10,36.0,991.0,0.0,0,317.59,0.0,1,9.95,0.04,SPY200717P00269000,269.0,0,0.0,0.0,,0.0,normalDay
2020-07-13,36.0,990.0,0.0,0,314.84,0.0,1,9.95,0.05,SPY200717P00269000,269.0,0,0.0,0.0,,0.0,normalDay
2020-07-14,36.0,993.0,0.0,0,318.92,0.0,1,9.95,0.02,SPY200717P00269000,269.0,0,0.0,0.0,,0.0,normalDay
2020-07-15,36.0,994.0,0.0,0,321.85,0.0,1,9.95,0.01,SPY200717P00269000,269.0,0,0.0,0.0,,0.0,normalDay
2020-07-16,36.0,994.0,0.0,0,320.79,0.0,1,9.95,0.01,SPY200717P00269000,269.0,0,0.0,0.0,,0.0,normalDay
2020-07-17,1031.0,0.0,995.0,0,321.72,0.0,1,9.95,0.0,SPY200717P00269000,269.0,0,0.0,0.0,,0.0,expirationDay
2020-07-20,1031.0,-8.0,0.0,0,324.32,0.0,1,8.07,8.15,SPY200930P00309000,309.0,0,0.0,0.0,,0.0,normalDay
2020-07-21,1031.0,7.0,0.0,0,325.01,0.0,1,8.07,8.0,SPY200930P00309000,309.0,0,0.0,0.0,,0.0,normalDay
2020-07-22,1031.0,63.0,0.0,0,326.86,0.0,1,8.07,7.44,SPY200930P00309000,309.0,0,0.0,0.0,,0.0,normalDay
2020-07-23,1031.0,-84.0,0.0,0,322.96,0.0,1,8.07,8.91,SPY200930P00309000,309.0,0,0.0,0.0,,0.0,normalDay
2020-07-24,1031.0,-104.0,0.0,0,320.88,0.0,1,8.07,9.11,SPY200930P00309000,309.0,0,0.0,0.0,,0.0,normalDay
2020-07-27,1031.0,17.0,0.0,0,323.22,0.0,1,8.07,7.9,SPY200930P00309000,309.0,0,0.0,0.0,,0.0,normalDay
2020-07-28,1031.0,-51.0,0.0,0,321.17,0.0,1,8.07,8.58,SPY200930P00309000,309.0,0,0.0,0.0,,0.0,normalDay
2020-07-29,1031.0,88.0,0.0,0,325.12,0.0,1,8.07,7.19,SPY200930P00309000,309.0,0,0.0,0.0,,0.0,normalDay
2020-07-30,1031.0,35.0,0.0,0,323.96,0.0,1,8.07,7.72,SPY200930P00309000,309.0,0,0.0,0.0,,0.0,normalDay
2020-07-31,1031.0,128.0,0.0,0,326.52,0.0,1,8.07,6.79,SPY200930P00309000,309.0,0,0.0,0.0,,0.0,normalDay
2020-08-03,1031.0,196.0,0.0,0,328.79,0.0,1,8.07,6.11,SPY200930P00309000,309.0,0,0.0,0.0,,0.0,normalDay
2020-08-04,1031.0,250.0,0.0,0,330.06,0.0,1,8.07,5.57,SPY200930P00309000,309.0,0,0.0,0.0,,0.0,normalDay
2020-08-05,1031.0,318.0,0.0,0,332.11,0.0,1,8.07,4.89,SPY200930P00309000,309.0,0,0.0,0.0,,0.0,normalDay
2020-08-06,1031.0,372.0,0.0,0,334.33,0.0,1,8.07,4.35,SPY200930P00309000,309.0,0,0.0,0.0,,0.0,normalDay
2020-08-07,1031.0,382.0,0.0,0,334.57,0.0,1,8.07,4.25,SPY200930P00309000,309.0,0,0.0,0.0,,0.0,normalDay
2020-08-10,1031.0,420.0,0.0,0,335.57,0.0,1,8.07,3.87,SPY200930P00309000,309.0,0,0.0,0.0,,0.0,normalDay
2020-08-11,1031.0,337.0,0.0,0,332.8,0.0,1,8.07,4.7,SPY200930P00309000,309.0,0,0.0,0.0,,0.0,normalDay
2020-08-12,1031.0,456.0,0.0,0,337.44,0.0,1,8.07,3.51,SPY200930P00309000,309.0,0,0.0,0.0,,0.0,normalDay
2020-08-13,1031.0,451.0,0.0,0,336.83,0.0,1,8.07,3.56,SPY200930P00309000,309.0,0,0.0,0.0,,0.0,normalDay
2020-08-14,1031.0,467.0,0.0,0,336.84,0.0,1,8.07,3.4,SPY200930P00309000,309.0,0,0.0,0.0,,0.0,normalDay
2020-08-17,1031.0,519.0,0.0,0,337.91,0.0,1,8.07,2.88,SPY200930P00309000,309.0,0,0.0,0.0,,0.0,normalDay
2020-08-18,1031.0,537.0,0.0,0,338.64,0.0,1,8.07,2.7,SPY200930P00309000,309.0,0,0.0,0.0,,0.0,normalDay
2020-08-19,1031.0,515.0,0.0,0,337.23,0.0,1,8.07,2.92,SPY200930P00309000,309.0,0,0.0,0.0,,0.0,normalDay
2020-08-20,1031.0,534.0,0.0,0,338.28,0.0,1,8.07,2.73,SPY200930P00309000,309.0,0,0.0,0.0,,0.0,normalDay
2020-08-21,1031.0,563.0,0.0,0,339.48,0.0,1,8.07,2.44,SPY200930P00309000,309.0,0,0.0,0.0,,0.0,normalDay
2020-08-24,1031.0,611.0,0.0,0,342.92,0.0,1,8.07,1.96,SPY200930P00309000,309.0,0,0.0,0.0,,0.0,normalDay
2020-08-25,1031.0,634.0,0.0,0,344.12,0.0,1,8.07,1.73,SPY200930P00309000,309.0,0,0.0,0.0,,0.0,normalDay
2020-08-26,1031.0,643.0,0.0,0,347.57,0.0,1,8.07,1.64,SPY200930P00309000,309.0,0,0.0,0.0,,0.0,normalDay
2020-08-27,1031.0,640.0,0.0,0,348.33,0.0,1,8.07,1.67,SPY200930P00309000,309.0,0,0.0,0.0,,0.0,normalDay
2020-08-28,1031.0,676.0,0.0,0,350.58,0.0,1,8.07,1.31,SPY200930P00309000,309.0,0,0.0,0.0,,0.0,normalDay
2020-08-31,1031.0,645.0,0.0,0,349.31,0.0,1,8.07,1.62,SPY200930P00309000,309.0,0,0.0,0.0,,0.0,normalDay
2020-09-01,1031.0,665.0,0.0,0,352.6,0.0,1,8.07,1.42,SPY200930P00309000,309.0,0,0.0,0.0,,0.0,normalDay
2020-09-02,1031.0,694.0,0.0,0,357.7,0.0,1,8.07,1.13,SPY200930P00309000,309.0,0,0.0,0.0,,0.0,normalDay
2020-09-03,1031.0,561.0,0.0,0,345.39,0.0,1,8.07,2.46,SPY200930P00309000,309.0,0,0.0,0.0,,0.0,normalDay
2020-09-04,1031.0,570.0,0.0,0,342.57,0.0,1,8.07,2.37,SPY200930P00309000,309.0,0,0.0,0.0,,0.0,normalDay
2020-09-08,1031.0,518.0,0.0,0,333.21,0.0,1,8.07,2.89,SPY200930P00309000,309.0,0,0.0,0.0,,0.0,normalDay
2020-09-09,1031.0,632.0,0.0,0,339.79,0.0,1,8.07,1.75,SPY200930P00309000,309.0,0,0.0,0.0,,0.0,normalDay
2020-09-10,1031.0,584.0,0.0,0,333.89,0.0,1,8.07,2.23,SPY200930P00309000,309.0,0,0.0,0.0,,0.0,normalDay
2020-09-11,1031.0,638.0,0.0,0,334.06,0.0,1,8.07,1.69,SPY200930P00309000,309.0,0,0.0,0.0,,0.0,normalDay
2020-09-14,1031.0,721.0,0.0,0,338.46,0.0,1,8.07,0.86,SPY200930P00309000,309.0,0,0.0,0.0,,0.0,normalDay
2020-09-15,1031.0,735.0,0.0,0,340.17,0.0,1,8.07,0.72,SPY200930P00309000,309.0,0,0.0,0.0,,0.0,normalDay
2020-09-16,1031.0,735.0,0.0,0,338.82,0.0,1,8.07,0.72,SPY200930P00309000,309.0,0,0.0,0.0,,0.0,normalDay
2020-09-17,1031.0,732.0,0.0,0,335.84,0.0,1,8.07,0.75,SPY200930P00309000,309.0,0,0.0,0.0,,0.0,normalDay
2020-09-18,1031.0,734.0,0.0,0,330.65,0.0,1,8.07,0.73,SPY200930P00309000,309.0,0,0.0,0.0,,0.0,normalDay
2020-09-21,1031.0,725.0,0.0,0,326.97,0.0,1,8.07,0.82,SPY200930P00309000,309.0,0,0.0,0.0,,0.0,normalDay
2020-09-22,1031.0,768.0,0.0,0,330.3,0.0,1,8.07,0.39,SPY200930P00309000,309.0,0,0.0,0.0,,0.0,normalDay
2020-09-23,1031.0,714.0,0.0,0,322.64,0.0,1,8.07,0.93,SPY200930P00309000,309.0,0,0.0,0.0,,0.0,normalDay
2020-09-24,1031.0,749.0,0.0,0,323.5,0.0,1,8.07,0.58,SPY200930P00309000,309.0,0,0.0,0.0,,0.0,normalDay
2020-09-25,1031.0,794.0,0.0,0,328.73,0.0,1,8.07,0.13,SPY200930P00309000,309.0,0,0.0,0.0,,0.0,normalDay
2020-09-28,1031.0,804.0,0.0,0,334.19,0.0,1,8.07,0.03,SPY200930P00309000,309.0,0,0.0,0.0,,0.0,normalDay
2020-09-29,1031.0,805.0,0.0,0,332.37,0.0,1,8.07,0.02,SPY200930P00309000,309.0,0,0.0,0.0,,0.0,normalDay
2020-09-30,1838.0,0.0,807.0,0,334.89,0.0,1,8.07,0.0,SPY200930P00309000,309.0,0,0.0,0.0,,0.0,expirationDay
2020-10-01,1838.0,-6.0,0.0,0,337.04,0.0,1,14.8,14.86,SPY201218P00330000,330.0,0,0.0,0.0,,0.0,normalDay
2020-10-02,1838.0,-141.0,0.0,0,333.84,0.0,1,14.8,16.21,SPY201218P00330000,330.0,0,0.0,0.0,,0.0,normalDay
2020-10-05,1838.0,130.0,0.0,0,339.76,0.0,1,14.8,13.5,SPY201218P00330000,330.0,0,0.0,0.0,,0.0,normalDay
2020-10-06,1838.0,-14.0,0.0,0,334.93,0.0,1,14.8,14.94,SPY201218P00330000,330.0,0,0.0,0.0,,0.0,normalDay
2020-10-07,1838.0,242.0,0.0,0,340.76,0.0,1,14.8,12.38,SPY201218P00330000,330.0,0,0.0,0.0,,0.0,normalDay
2020-10-08,1838.0,402.0,0.0,0,343.78,0.0,1,14.8,10.78,SPY201218P00330000,330.0,0,0.0,0.0,,0.0,normalDay
2020-10-09,1838.0,580.0,0.0,0,346.85,0.0,1,14.8,9.0,SPY201218P00330000,330.0,0,0.0,0.0,,0.0,normalDay
2020-10-12,1838.0,731.0,0.0,0,352.43,0.0,1,14.8,7.49,SPY201218P00330000,330.0,0,0.0,0.0,,0.0,normalDay
2020-10-13,1838.0,668.0,0.0,0,350.13,0.0,1,14.8,8.12,SPY201218P00330000,330.0,0,0.0,0.0,,0.0,normalDay
2020-10-14,1838.0,628.0,0.0,0,347.93,0.0,1,14.8,8.52,SPY201218P00330000,330.0,0,0.0,0.0,,0.0,normalDay
2020-10-15,1838.0,611.0,0.0,0,347.5,0.0,1,14.8,8.69,SPY201218P00330000,330.0,0,0.0,0.0,,0.0,normalDay
2020-10-16,1838.0,578.0,0.0,0,347.29,0.0,1,14.8,9.02,SPY201218P00330000,330.0,0,0.0,0.0,,0.0,normalDay
2020-10-19,1838.0,435.0,0.0,0,342.01,0.0,1,14.8,10.45,SPY201218P00330000,330.0,0,0.0,0.0,,0.0,normalDay
2020-10-20,1838.0,459.0,0.0,0,343.38,0.0,1,14.8,10.21,SPY201218P00330000,330.0,0,0.0,0.0,,0.0,normalDay
2020-10-21,1838.0,509.0,0.0,0,342.73,0.0,1,14.8,9.71,SPY201218P00330000,330.0,0,0.0,0.0,,0.0,normalDay
2020-10-22,1838.0,567.0,0.0,0,344.61,0.0,1,14.8,9.13,SPY201218P00330000,330.0,0,0.0,0.0,,0.0,normalDay
2020-10-23,1838.0,607.0,0.0,0,345.78,0.0,1,14.8,8.73,SPY201218P00330000,330.0,0,0.0,0.0,,0.0,normalDay
2020-10-26,1838.0,328.0,0.0,0,339.39,0.0,1,14.8,11.52,SPY201218P00330000,330.0,0,0.0,0.0,,0.0,normalDay
2020-10-27,1838.0,292.0,0.0,0,338.22,0.0,1,14.8,11.88,SPY201218P00330000,330.0,0,0.0,0.0,,0.0,normalDay
2020-10-28,1838.0,-398.0,0.0,0,326.66,0.0,1,14.8,18.78,SPY201218P00330000,330.0,0,0.0,0.0,,0.0,normalDay
2020-10-29,1838.0,-70.0,0.0,0,329.98,0.0,1,14.8,15.5,SPY201218P00330000,330.0,0,0.0,0.0,,0.0,normalDay
2020-10-30,1838.0,-240.0,0.0,0,326.54,0.0,1,14.8,17.2,SPY201218P00330000,330.0,0,0.0,0.0,,0.0,normalDay
2020-11-02,1838.0,13.0,0.0,0,330.2,0.0,1,14.8,14.67,SPY201218P00330000,330.0,0,0.0,0.0,,0.0,normalDay
2020-11-03,1838.0,262.0,0.0,0,336.03,0.0,1,14.8,12.18,SPY201218P00330000,330.0,0,0.0,0.0,,0.0,normalDay
2020-11-04,1838.0,682.0,0.0,0,343.54,0.0,1,14.8,7.98,SPY201218P00330000,330.0,0,0.0,0.0,,0.0,normalDay
2020-11-05,1838.0,876.0,0.0,0,350.24,0.0,1,14.8,6.04,SPY201218P00330000,330.0,0,0.0,0.0,,0.0,normalDay
2020-11-06,1838.0,960.0,0.0,0,350.16,0.0,1,14.8,5.2,SPY201218P00330000,330.0,0,0.0,0.0,,0.0,normalDay
2020-11-09,1838.0,1079.0,0.0,0,354.56,0.0,1,14.8,4.01,SPY201218P00330000,330.0,0,0.0,0.0,,0.0,normalDay
2020-11-10,1838.0,1101.0,0.0,0,354.04,0.0,1,14.8,3.79,SPY201218P00330000,330.0,0,0.0,0.0,,0.0,normalDay
2020-11-11,1838.0,1170.0,0.0,0,356.67,0.0,1,14.8,3.1,SPY201218P00330000,330.0,0,0.0,0.0,,0.0,normalDay
2020-11-12,1838.0,1089.0,0.0,0,353.21,0.0,1,14.8,3.91,SPY201218P00330000,330.0,0,0.0,0.0,,0.0,normalDay
2020-11-13,1838.0,1201.0,0.0,0,358.1,0.0,1,14.8,2.79,SPY201218P00330000,330.0,0,0.0,0.0,,0.0,normalDay
2020-11-16,1838.0,1277.0,0.0,0,362.57,0.0,1,14.8,2.03,SPY201218P00330000,330.0,0,0.0,0.0,,0.0,normalDay
2020-11-17,1838.0,1267.0,0.0,0,360.62,0.0,1,14.8,2.13,SPY201218P00330000,330.0,0,0.0,0.0,,0.0,normalDay
2020-11-18,1838.0,1226.0,0.0,0,356.28,0.0,1,14.8,2.54,SPY201218P00330000,330.0,0,0.0,0.0,,0.0,normalDay
2020-11-19,1838.0,1265.0,0.0,0,357.78,0.0,1,14.8,2.15,SPY201218P00330000,330.0,0,0.0,0.0,,0.0,normalDay
2020-11-20,1838.0,1237.0,0.0,0,355.33,0.0,1,14.8,2.43,SPY201218P00330000,330.0,0,0.0,0.0,,0.0,normalDay
2020-11-23,1838.0,1296.0,0.0,0,357.46,0.0,1,14.8,1.84,SPY201218P00330000,330.0,0,0.0,0.0,,0.0,normalDay
2020-11-24,1838.0,1361.0,0.0,0,363.22,0.0,1,14.8,1.19,SPY201218P00330000,330.0,0,0.0,0.0,,0.0,normalDay
2020-11-25,1838.0,1367.0,0.0,0,362.66,0.0,1,14.8,1.13,SPY201218P00330000,330.0,0,0.0,0.0,,0.0,normalDay
2020-11-27,1838.0,1388.0,0.0,0,363.67,0.0,1,14.8,0.92,SPY201218P00330000,330.0,0,0.0,0.0,,0.0,normalDay
2020-11-30,1838.0,1402.0,0.0,0,362.06,0.0,1,14.8,0.78,SPY201218P00330000,330.0,0,0.0,0.0,,0.0,normalDay
2020-12-01,1838.0,1416.0,0.0,0,366.02,0.0,1,14.8,0.64,SPY201218P00330000,330.0,0,0.0,0.0,,0.0,normalDay
2020-12-02,1838.0,1421.0,0.0,0,366.79,0.0,1,14.8,0.59,SPY201218P00330000,330.0,0,0.0,0.0,,0.0,normalDay
2020-12-03,1838.0,1423.0,0.0,0,366.69,0.0,1,14.8,0.57,SPY201218P00330000,330.0,0,0.0,0.0,,0.0,normalDay
2020-12-04,1838.0,1444.0,0.0,0,369.85,0.0,1,14.8,0.36,SPY201218P00330000,330.0,0,0.0,0.0,,0.0,normalDay
2020-12-07,1838.0,1454.0,0.0,0,369.09,0.0,1,14.8,0.26,SPY201218P00330000,330.0,0,0.0,0.0,,0.0,normalDay
2020-12-08,1838.0,1460.0,0.0,0,370.17,0.0,1,14.8,0.2,SPY201218P00330000,330.0,0,0.0,0.0,,0.0,normalDay
2020-12-09,1838.0,1454.0,0.0,0,366.85,0.0,1,14.8,0.26,SPY201218P00330000,330.0,0,0.0,0.0,,0.0,normalDay
2020-12-10,1838.0,1458.0,0.0,0,366.73,0.0,1,14.8,0.22,SPY201218P00330000,330.0,0,0.0,0.0,,0.0,normalDay
2020-12-11,1838.0,1457.0,0.0,0,366.3,0.0,1,14.8,0.23,SPY201218P00330000,330.0,0,0.0,0.0,,0.0,normalDay
2020-12-14,1838.0,1456.0,0.0,0,364.66,0.0,1,14.8,0.24,SPY201218P00330000,330.0,0,0.0,0.0,,0.0,normalDay
2020-12-15,1838.0,1468.0,0.0,0,369.59,0.0,1,14.8,0.12,SPY201218P00330000,330.0,0,0.0,0.0,,0.0,normalDay
2020-12-16,1838.0,1474.0,0.0,0,370.17,0.0,1,14.8,0.06,SPY201218P00330000,330.0,0,0.0,0.0,,0.0,normalDay
2020-12-17,1838.0,1477.0,0.0,0,372.24,0.0,1,14.8,0.03,SPY201218P00330000,330.0,0,0.0,0.0,,0.0,normalDay
2020-12-18,3318.0,0.0,1480.0,0,369.18,0.0,1,14.8,0.0,SPY201218P00330000,330.0,0,0.0,0.0,,0.0,expirationDay
2020-12-21,3318.0,-8.0,0.0,0,367.86,0.0,1,10.73,10.81,SPY210219P00364000,364.0,0,0.0,0.0,,0.0,normalDay
2020-12-22,3318.0,4.0,0.0,0,367.24,0.0,1,10.73,10.69,SPY210219P00364000,364.0,0,0.0,0.0,,0.0,normalDay
2020-12-23,3318.0,73.0,0.0,0,367.57,0.0,1,10.73,10.0,SPY210219P00364000,364.0,0,0.0,0.0,,0.0,normalDay
2020-12-24,3318.0,185.0,0.0,0,369.0,0.0,1,10.73,8.88,SPY210219P00364000,364.0,0,0.0,0.0,,0.0,normalDay
2020-12-28,3318.0,330.0,0.0,0,372.17,0.0,1,10.73,7.43,SPY210219P00364000,364.0,0,0.0,0.0,,0.0,normalDay
2020-12-29,3318.0,254.0,0.0,0,371.46,0.0,1,10.73,8.19,SPY210219P00364000,364.0,0,0.0,0.0,,0.0,normalDay
2020-12-30,3318.0,302.0,0.0,0,371.99,0.0,1,10.73,7.71,SPY210219P00364000,364.0,0,0.0,0.0,,0.0,normalDay
2020-12-31,3318.0,378.0,0.0,0,373.88,0.0,1,10.73,6.95,SPY210219P00364000,364.0,0,0.0,0.0,,0.0,normalDay
2021-01-04,3318.0,147.0,0.0,0,368.79,0.0,1,10.73,9.26,SPY210219P00364000,364.0,0,0.0,0.0,,0.0,normalDay
2021-01-05,3318.0,274.0,0.0,0,371.33,0.0,1,10.73,7.99,SPY210219P00364000,364.0,0,0.0,0.0,,0.0,normalDay
2021-01-06,3318.0,337.0,0.0,0,373.55,0.0,1,10.73,7.36,SPY210219P00364000,364.0,0,0.0,0.0,,0.0,normalDay
2021-01-07,3318.0,562.0,0.0,0,379.1,0.0,1,10.73,5.11,SPY210219P00364000,364.0,0,0.0,0.0,,0.0,normalDay
2021-01-08,3318.0,627.0,0.0,0,381.26,0.0,1,10.73,4.46,SPY210219P00364000,364.0,0,0.0,0.0,,0.0,normalDay
2021-01-11,3318.0,533.0,0.0,0,378.69,0.0,1,10.73,5.4,SPY210219P00364000,364.0,0,0.0,0.0,,0.0,normalDay
2021-01-12,3318.0,565.0,0.0,0,378.77,0.0,1,10.73,5.08,SPY210219P00364000,364.0,0,0.0,0.0,,0.0,normalDay
2021-01-13,3318.0,639.0,0.0,0,379.79,0.0,1,10.73,4.34,SPY210219P00364000,364.0,0,0.0,0.0,,0.0,normalDay
2021-01-14,3318.0,596.0,0.0,0,378.46,0.0,1,10.73,4.77,SPY210219P00364000,364.0,0,0.0,0.0,,0.0,normalDay
2021-01-15,3318.0,498.0,0.0,0,375.7,0.0,1,10.73,5.75,SPY210219P00364000,364.0,0,0.0,0.0,,0.0,normalDay
2021-01-19,3318.0,642.0,0.0,0,378.65,0.0,1,10.73,4.31,SPY210219P00364000,364.0,0,0.0,0.0,,0.0,normalDay
2021-01-20,3318.0,775.0,0.0,0,383.89,0.0,1,10.73,2.98,SPY210219P00364000,364.0,0,0.0,0.0,,0.0,normalDay
2021-01-21,3318.0,796.0,0.0,0,384.24,0.0,1,10.73,2.77,SPY210219P00364000,364.0,0,0.0,0.0,,0.0,normalDay
2021-01-22,3318.0,781.0,0.0,0,382.88,0.0,1,10.73,2.92,SPY210219P00364000,364.0,0,0.0,0.0,,0.0,normalDay
2021-01-25,3318.0,807.0,0.0,0,384.39,0.0,1,10.73,2.66,SPY210219P00364000,364.0,0,0.0,0.0,,0.0,normalDay
2021-01-26,3318.0,821.0,0.0,0,383.79,0.0,1,10.73,2.52,SPY210219P00364000,364.0,0,0.0,0.0,,0.0,normalDay
2021-01-27,3318.0,392.0,0.0,0,374.41,0.0,1,10.73,6.81,SPY210219P00364000,364.0,0,0.0,0.0,,0.0,normalDay
2021-01-28,3318.0,593.0,0.0,0,377.63,0.0,1,10.73,4.8,SPY210219P00364000,364.0,0,0.0,0.0,,0.0,normalDay
2021-01-29,3318.0,264.0,0.0,0,370.07,0.0,1,10.73,8.09,SPY210219P00364000,364.0,0,0.0,0.0,,0.0,normalDay
2021-02-01,3318.0,613.0,0.0,0,376.23,0.0,1,10.73,4.6,SPY210219P00364000,364.0,0,0.0,0.0,,0.0,normalDay
2021-02-02,3318.0,849.0,0.0,0,381.55,0.0,1,10.73,2.24,SPY210219P00364000,364.0,0,0.0,0.0,,0.0,normalDay
2021-02-03,3318.0,909.0,0.0,0,381.85,0.0,1,10.73,1.64,SPY210219P00364000,364.0,0,0.0,0.0,,0.0,normalDay
2021-02-04,3318.0,974.0,0.0,0,386.19,0.0,1,10.73,0.99,SPY210219P00364000,364.0,0,0.0,0.0,,0.0,normalDay
2021-02-05,3318.0,1011.0,0.0,0,387.71,0.0,1,10.73,0.62,SPY210219P00364000,364.0,0,0.0,0.0,,0.0,normalDay
2021-02-08,3318.0,1036.0,0.0,0,390.51,0.0,1,10.73,0.37,SPY210219P00364000,364.0,0,0.0,0.0,,0.0,normalDay
2021-02-09,3318.0,1038.0,0.0,0,390.25,0.0,1,10.73,0.35,SPY210219P00364000,364.0,0,0.0,0.0,,0.0,normalDay
2021-02-10,3318.0,1037.0,0.0,0,390.08,0.0,1,10.73,0.36,SPY210219P00364000,364.0,0,0.0,0.0,,0.0,normalDay
2021-02-11,3318.0,1048.0,0.0,0,390.71,0.0,1,10.73,0.25,SPY210219P00364000,364.0,0,0.0,0.0,,0.0,normalDay
2021-02-12,3318.0,1062.0,0.0,0,392.64,0.0,1,10.73,0.11,SPY210219P00364000,364.0,0,0.0,0.0,,0.0,normalDay
2021-02-16,3318.0,1063.0,0.0,0,392.3,0.0,1,10.73,0.1,SPY210219P00364000,364.0,0,0.0,0.0,,0.0,normalDay
2021-02-17,3318.0,1068.0,0.0,0,392.39,0.0,1,10.73,0.05,SPY210219P00364000,364.0,0,0.0,0.0,,0.0,normalDay
2021-02-18,3318.0,1070.0,0.0,0,390.72,0.0,1,10.73,0.03,SPY210219P00364000,364.0,0,0.0,0.0,,0.0,normalDay
2021-02-19,4391.0,0.0,1073.0,0,390.03,0.0,1,10.73,0.0,SPY210219P00364000,364.0,0,0.0,0.0,,0.0,expirationDay
2021-02-22,4391.0,-6.0,0.0,0,387.03,0.0,1,9.67,9.73,SPY210416P00381000,381.0,0,0.0,0.0,,0.0,normalDay
2021-02-23,4391.0,42.0,0.0,0,387.5,0.0,1,9.67,9.25,SPY210416P00381000,381.0,0,0.0,0.0,,0.0,normalDay
2021-02-24,4391.0,232.0,0.0,0,391.77,0.0,1,9.67,7.35,SPY210416P00381000,381.0,0,0.0,0.0,,0.0,normalDay
2021-02-25,4391.0,-246.0,0.0,0,382.33,0.0,1,9.67,12.13,SPY210416P00381000,381.0,0,0.0,0.0,,0.0,normalDay
2021-02-26,4391.0,-293.0,0.0,0,380.36,0.0,1,9.67,12.6,SPY210416P00381000,381.0,0,0.0,0.0,,0.0,normalDay
2021-03-01,4391.0,187.0,0.0,0,389.58,0.0,1,9.67,7.8,SPY210416P00381000,381.0,0,0.0,0.0,,0.0,normalDay
2021-03-02,4391.0,63.0,0.0,0,386.54,0.0,1,9.67,9.04,SPY210416P00381000,381.0,0,0.0,0.0,,0.0,normalDay
2021-03-03,4391.0,-169.0,0.0,0,381.42,0.0,1,9.67,11.36,SPY210416P00381000,381.0,0,0.0,0.0,,0.0,normalDay
2021-03-04,4391.0,-413.0,0.0,0,376.7,0.0,1,9.67,13.8,SPY210416P00381000,381.0,0,0.0,0.0,,0.0,normalDay
2021-03-05,4391.0,-4.0,0.0,0,383.63,0.0,1,9.67,9.71,SPY210416P00381000,381.0,0,0.0,0.0,,0.0,normalDay
2021-03-08,4391.0,-65.0,0.0,0,381.72,0.0,1,9.67,10.32,SPY210416P00381000,381.0,0,0.0,0.0,,0.0,normalDay
2021-03-09,4391.0,174.0,0.0,0,387.17,0.0,1,9.67,7.93,SPY210416P00381000,381.0,0,0.0,0.0,,0.0,normalDay
2021-03-10,4391.0,319.0,0.0,0,389.58,0.0,1,9.67,6.48,SPY210416P00381000,381.0,0,0.0,0.0,,0.0,normalDay
2021-03-11,4391.0,434.0,0.0,0,393.53,0.0,1,9.67,5.33,SPY210416P00381000,381.0,0,0.0,0.0,,0.0,normalDay
2021-03-12,4391.0,508.0,0.0,0,394.06,0.0,1,9.67,4.59,SPY210416P00381000,381.0,0,0.0,0.0,,0.0,normalDay
2021-03-15,4391.0,608.0,0.0,0,396.41,0.0,1,9.67,3.59,SPY210416P00381000,381.0,0,0.0,0.0,,0.0,normalDay
2021-03-16,4391.0,604.0,0.0,0,395.91,0.0,1,9.67,3.63,SPY210416P00381000,381.0,0,0.0,0.0,,0.0,normalDay
2021-03-17,4391.0,659.0,0.0,0,397.26,0.0,1,9.67,3.08,SPY210416P00381000,381.0,0,0.0,0.0,,0.0,normalDay
2021-03-18,4391.0,528.0,0.0,0,391.48,0.0,1,9.67,4.39,SPY210416P00381000,381.0,0,0.0,0.0,,0.0,normalDay
2021-03-19,4391.0,512.0,0.0,0,389.48,0.0,1,9.67,4.55,SPY210416P00381000,381.0,0,0.0,0.0,,0.0,normalDay
2021-03-22,4391.0,680.0,0.0,0,392.59,0.0,1,9.67,2.87,SPY210416P00381000,381.0,0,0.0,0.0,,0.0,normalDay
2021-03-23,4391.0,586.0,0.0,0,389.5,0.0,1,9.67,3.81,SPY210416P00381000,381.0,0,0.0,0.0,,0.0,normalDay
2021-03-24,4391.0,532.0,0.0,0,387.52,0.0,1,9.67,4.35,SPY210416P00381000,381.0,0,0.0,0.0,,0.0,normalDay
2021-03-25,4391.0,634.0,0.0,0,389.7,0.0,1,9.67,3.33,SPY210416P00381000,381.0,0,0.0,0.0,,0.0,normalDay
2021-03-26,4391.0,762.0,0.0,0,395.98,0.0,1,9.67,2.05,SPY210416P00381000,381.0,0,0.0,0.0,,0.0,normalDay
2021-03-29,4391.0,748.0,0.0,0,395.78,0.0,1,9.67,2.19,SPY210416P00381000,381.0,0,0.0,0.0,,0.0,normalDay
2021-03-30,4391.0,768.0,0.0,0,394.73,0.0,1,9.67,1.99,SPY210416P00381000,381.0,0,0.0,0.0,,0.0,normalDay
2021-03-31,4391.0,816.0,0.0,0,396.33,0.0,1,9.67,1.51,SPY210416P00381000,381.0,0,0.0,0.0,,0.0,normalDay
2021-04-01,4391.0,892.0,0.0,0,400.61,0.0,1,9.67,0.75,SPY210416P00381000,381.0,0,0.0,0.0,,0.0,normalDay
2021-04-05,4391.0,928.0,0.0,0,406.36,0.0,1,9.67,0.39,SPY210416P00381000,381.0,0,0.0,0.0,,0.0,normalDay
2021-04-06,4391.0,932.0,0.0,0,406.12,0.0,1,9.67,0.35,SPY210416P00381000,381.0,0,0.0,0.0,,0.0,normalDay
2021-04-07,4391.0,945.0,0.0,0,406.59,0.0,1,9.67,0.22,SPY210416P00381000,381.0,0,0.0,0.0,,0.0,normalDay
2021-04-08,4391.0,952.0,0.0,0,408.52,0.0,1,9.67,0.15,SPY210416P00381000,381.0,0,0.0,0.0,,0.0,normalDay
2021-04-09,4391.0,960.0,0.0,0,411.49,0.0,1,9.67,0.07,SPY210416P00381000,381.0,0,0.0,0.0,,0.0,normalDay
2021-04-12,4391.0,964.0,0.0,0,411.64,0.0,1,9.67,0.03,SPY210416P00381000,381.0,0,0.0,0.0,,0.0,normalDay
2021-04-13,4391.0,964.0,0.0,0,412.86,0.0,1,9.67,0.03,SPY210416P00381000,381.0,0,0.0,0.0,,0.0,normalDay
2021-04-14,4391.0,964.0,0.0,0,411.45,0.0,1,9.67,0.03,SPY210416P00381000,381.0,0,0.0,0.0,,0.0,normalDay
2021-04-15,4391.0,966.0,0.0,0,415.87,0.0,1,9.67,0.01,SPY210416P00381000,381.0,0,0.0,0.0,,0.0,normalDay
2021-04-16,5358.0,0.0,967.0,0,417.26,0.0,1,9.67,0.0,SPY210416P00381000,381.0,0,0.0,0.0,,0.0,expirationDay
2021-04-19,5358.0,-5.0,0.0,0,415.21,0.0,1,6.43,6.48,SPY210630P00396000,396.0,0,0.0,0.0,,0.0,normalDay
2021-04-20,5358.0,-119.0,0.0,0,412.17,0.0,1,6.43,7.62,SPY210630P00396000,396.0,0,0.0,0.0,,0.0,normalDay
2021-04-21,5358.0,20.0,0.0,0,416.07,0.0,1,6.43,6.23,SPY210630P00396000,396.0,0,0.0,0.0,,0.0,normalDay
2021-04-22,5358.0,-112.0,0.0,0,412.27,0.0,1,6.43,7.55,SPY210630P00396000,396.0,0,0.0,0.0,,0.0,normalDay
2021-04-23,5358.0,42.0,0.0,0,416.74,0.0,1,6.43,6.01,SPY210630P00396000,396.0,0,0.0,0.0,,0.0,normalDay
2021-04-26,5358.0,84.0,0.0,0,417.61,0.0,1,6.43,5.59,SPY210630P00396000,396.0,0,0.0,0.0,,0.0,normalDay
2021-04-27,5358.0,95.0,0.0,0,417.52,0.0,1,6.43,5.48,SPY210630P00396000,396.0,0,0.0,0.0,,0.0,normalDay
2021-04-28,5358.0,121.0,0.0,0,417.4,0.0,1,6.43,5.22,SPY210630P00396000,396.0,0,0.0,0.0,,0.0,normalDay
2021-04-29,5358.0,149.0,0.0,0,420.06,0.0,1,6.43,4.94,SPY210630P00396000,396.0,0,0.0,0.0,,0.0,normalDay
2021-04-30,5358.0,87.0,0.0,0,417.3,0.0,1,6.43,5.56,SPY210630P00396000,396.0,0,0.0,0.0,,0.0,normalDay
2021-05-03,5358.0,136.0,0.0,0,418.2,0.0,1,6.43,5.07,SPY210630P00396000,396.0,0,0.0,0.0,,0.0,normalDay
2021-05-04,5358.0,50.0,0.0,0,415.62,0.0,1,6.43,5.93,SPY210630P00396000,396.0,0,0.0,0.0,,0.0,normalDay
2021-05-05,5358.0,73.0,0.0,0,415.75,0.0,1,6.43,5.7,SPY210630P00396000,396.0,0,0.0,0.0,,0.0,normalDay
2021-05-06,5358.0,172.0,0.0,0,419.07,0.0,1,6.43,4.71,SPY210630P00396000,396.0,0,0.0,0.0,,0.0,normalDay
2021-05-07,5358.0,264.0,0.0,0,422.12,0.0,1,6.43,3.79,SPY210630P00396000,396.0,0,0.0,0.0,,0.0,normalDay
2021-05-10,5358.0,152.0,0.0,0,417.94,0.0,1,6.43,4.91,SPY210630P00396000,396.0,0,0.0,0.0,,0.0,normalDay
2021-05-11,5358.0,29.0,0.0,0,414.21,0.0,1,6.43,6.14,SPY210630P00396000,396.0,0,0.0,0.0,,0.0,normalDay
2021-05-12,5358.0,-366.0,0.0,0,405.41,0.0,1,6.43,10.09,SPY210630P00396000,396.0,0,0.0,0.0,,0.0,normalDay
2021-05-13,5358.0,-96.0,0.0,0,410.28,0.0,1,6.43,7.39,SPY210630P00396000,396.0,0,0.0,0.0,,0.0,normalDay
2021-05-14,5358.0,195.0,0.0,0,416.58,0.0,1,6.43,4.48,SPY210630P00396000,396.0,0,0.0,0.0,,0.0,normalDay
2021-05-17,5358.0,167.0,0.0,0,415.52,0.0,1,6.43,4.76,SPY210630P00396000,396.0,0,0.0,0.0,,0.0,normalDay
2021-05-18,5358.0,63.0,0.0,0,411.94,0.0,1,6.43,5.8,SPY210630P00396000,396.0,0,0.0,0.0,,0.0,normalDay
2021-05-19,5358.0,30.0,0.0,0,410.86,0.0,1,6.43,6.13,SPY210630P00396000,396.0,0,0.0,0.0,,0.0,normalDay
2021-05-20,5358.0,170.0,0.0,0,415.28,0.0,1,6.43,4.73,SPY210630P00396000,396.0,0,0.0,0.0,,0.0,normalDay
2021-05-21,5358.0,200.0,0.0,0,414.94,0.0,1,6.43,4.43,SPY210630P00396000,396.0,0,0.0,0.0,,0.0,normalDay
2021-05-24,5358.0,337.0,0.0,0,419.17,0.0,1,6.43,3.06,SPY210630P00396000,396.0,0,0.0,0.0,,0.0,normalDay
2021-05-25,5358.0,328.0,0.0,0,418.24,0.0,1,6.43,3.15,SPY210630P00396000,396.0,0,0.0,0.0,,0.0,normalDay
2021-05-26,5358.0,387.0,0.0,0,419.07,0.0,1,6.43,2.56,SPY210630P00396000,396.0,0,0.0,0.0,,0.0,normalDay
2021-05-27,5358.0,424.0,0.0,0,419.29,0.0,1,6.43,2.19,SPY210630P00396000,396.0,0,0.0,0.0,,0.0,normalDay
2021-05-28,5358.0,435.0,0.0,0,420.04,0.0,1,6.43,2.08,SPY210630P00396000,396.0,0,0.0,0.0,,0.0,normalDay
2021-06-01,5358.0,432.0,0.0,0,419.67,0.0,1,6.43,2.11,SPY210630P00396000,396.0,0,0.0,0.0,,0.0,normalDay
2021-06-02,5358.0,460.0,0.0,0,420.33,0.0,1,6.43,1.83,SPY210630P00396000,396.0,0,0.0,0.0,,0.0,normalDay
2021-06-03,5358.0,437.0,0.0,0,418.77,0.0,1,6.43,2.06,SPY210630P00396000,396.0,0,0.0,0.0,,0.0,normalDay
2021-06-04,5358.0,504.0,0.0,0,422.6,0.0,1,6.43,1.39,SPY210630P00396000,396.0,0,0.0,0.0,,0.0,normalDay
2021-06-07,5358.0,526.0,0.0,0,422.19,0.0,1,6.43,1.17,SPY210630P00396000,396.0,0,0.0,0.0,,0.0,normalDay
2021-06-08,5358.0,518.0,0.0,0,422.28,0.0,1,6.43,1.25,SPY210630P00396000,396.0,0,0.0,0.0,,0.0,normalDay
2021-06-09,5358.0,504.0,0.0,0,421.65,0.0,1,6.43,1.39,SPY210630P00396000,396.0,0,0.0,0.0,,0.0,normalDay
2021-06-10,5358.0,553.0,0.0,0,423.61,0.0,1,6.43,0.9,SPY210630P00396000,396.0,0,0.0,0.0,,0.0,normalDay
2021-06-11,5358.0,568.0,0.0,0,424.31,0.0,1,6.43,0.75,SPY210630P00396000,396.0,0,0.0,0.0,,0.0,normalDay
2021-06-14,5358.0,580.0,0.0,0,425.26,0.0,1,6.43,0.63,SPY210630P00396000,396.0,0,0.0,0.0,,0.0,normalDay
2021-06-15,5358.0,575.0,0.0,0,424.48,0.0,1,6.43,0.68,SPY210630P00396000,396.0,0,0.0,0.0,,0.0,normalDay
2021-06-16,5358.0,558.0,0.0,0,422.11,0.0,1,6.43,0.85,SPY210630P00396000,396.0,0,0.0,0.0,,0.0,normalDay
2021-06-17,5358.0,576.0,0.0,0,421.97,0.0,1,6.43,0.67,SPY210630P00396000,396.0,0,0.0,0.0,,0.0,normalDay
2021-06-18,5358.0,510.0,0.0,0,414.92,0.0,1,6.43,1.33,SPY210630P00396000,396.0,0,0.0,0.0,,0.0,normalDay
2021-06-21,5358.0,601.0,0.0,0,420.86,0.0,1,6.43,0.42,SPY210630P00396000,396.0,0,0.0,0.0,,0.0,normalDay
2021-06-22,5358.0,620.0,0.0,0,423.11,0.0,1,6.43,0.23,SPY210630P00396000,396.0,0,0.0,0.0,,0.0,normalDay
2021-06-23,5358.0,631.0,0.0,0,422.6,0.0,1,6.43,0.12,SPY210630P00396000,396.0,0,0.0,0.0,,0.0,normalDay
2021-06-24,5358.0,634.0,0.0,0,425.1,0.0,1,6.43,0.09,SPY210630P00396000,396.0,0,0.0,0.0,,0.0,normalDay
2021-06-25,5358.0,636.0,0.0,0,426.61,0.0,1,6.43,0.07,SPY210630P00396000,396.0,0,0.0,0.0,,0.0,normalDay
2021-06-28,5358.0,640.0,0.0,0,427.47,0.0,1,6.43,0.03,SPY210630P00396000,396.0,0,0.0,0.0,,0.0,normalDay
2021-06-29,5358.0,641.0,0.0,0,427.7,0.0,1,6.43,0.02,SPY210630P00396000,396.0,0,0.0,0.0,,0.0,normalDay
2021-06-30,6001.0,0.0,643.0,0,428.06,0.0,1,6.43,0.0,SPY210630P00396000,396.0,0,0.0,0.0,,0.0,expirationDay
2021-07-01,6001.0,-5.0,0.0,0,430.43,0.0,1,8.46,8.51,SPY210917P00422000,422.0,0,0.0,0.0,,0.0,normalDay
2021-07-02,6001.0,88.0,0.0,0,433.72,0.0,1,8.46,7.58,SPY210917P00422000,422.0,0,0.0,0.0,,0.0,normalDay
2021-07-06,6001.0,48.0,0.0,0,432.93,0.0,1,8.46,7.98,SPY210917P00422000,422.0,0,0.0,0.0,,0.0,normalDay
2021-07-07,6001.0,81.0,0.0,0,434.46,0.0,1,8.46,7.65,SPY210917P00422000,422.0,0,0.0,0.0,,0.0,normalDay
2021-07-08,6001.0,-84.0,0.0,0,430.92,0.0,1,8.46,9.3,SPY210917P00422000,422.0,0,0.0,0.0,,0.0,normalDay
2021-07-09,6001.0,137.0,0.0,0,435.52,0.0,1,8.46,7.09,SPY210917P00422000,422.0,0,0.0,0.0,,0.0,normalDay
2021-07-12,6001.0,188.0,0.0,0,437.08,0.0,1,8.46,6.58,SPY210917P00422000,422.0,0,0.0,0.0,,0.0,normalDay
2021-07-13,6001.0,113.0,0.0,0,435.59,0.0,1,8.46,7.33,SPY210917P00422000,422.0,0,0.0,0.0,,0.0,normalDay
2021-07-14,6001.0,164.0,0.0,0,436.24,0.0,1,8.46,6.82,SPY210917P00422000,422.0,0,0.0,0.0,,0.0,normalDay
2021-07-15,6001.0,103.0,0.0,0,434.75,0.0,1,8.46,7.43,SPY210917P00422000,422.0,0,0.0,0.0,,0.0,normalDay
2021-07-16,6001.0,-19.0,0.0,0,431.34,0.0,1,8.46,8.65,SPY210917P00422000,422.0,0,0.0,0.0,,0.0,normalDay
2021-07-19,6001.0,-323.0,0.0,0,424.97,0.0,1,8.46,11.69,SPY210917P00422000,422.0,0,0.0,0.0,,0.0,normalDay
2021-07-20,6001.0,-26.0,0.0,0,431.06,0.0,1,8.46,8.72,SPY210917P00422000,422.0,0,0.0,0.0,,0.0,normalDay
2021-07-21,6001.0,146.0,0.0,0,434.55,0.0,1,8.46,7.0,SPY210917P00422000,422.0,0,0.0,0.0,,0.0,normalDay
2021-07-22,6001.0,174.0,0.0,0,435.46,0.0,1,8.46,6.72,SPY210917P00422000,422.0,0,0.0,0.0,,0.0,normalDay
2021-07-23,6001.0,280.0,0.0,0,439.94,0.0,1,8.46,5.66,SPY210917P00422000,422.0,0,0.0,0.0,,0.0,normalDay
2021-07-26,6001.0,323.0,0.0,0,441.02,0.0,1,8.46,5.23,SPY210917P00422000,422.0,0,0.0,0.0,,0.0,normalDay
2021-07-27,6001.0,230.0,0.0,0,439.01,0.0,1,8.46,6.16,SPY210917P00422000,422.0,0,0.0,0.0,,0.0,normalDay
2021-07-28,6001.0,272.0,0.0,0,438.83,0.0,1,8.46,5.74,SPY210917P00422000,422.0,0,0.0,0.0,,0.0,normalDay
2021-07-29,6001.0,347.0,0.0,0,440.65,0.0,1,8.46,4.99,SPY210917P00422000,422.0,0,0.0,0.0,,0.0,normalDay
2021-07-30,6001.0,314.0,0.0,0,438.51,0.0,1,8.46,5.32,SPY210917P00422000,422.0,0,0.0,0.0,,0.0,normalDay
2021-08-02,6001.0,269.0,0.0,0,437.59,0.0,1,8.46,5.77,SPY210917P00422000,422.0,0,0.0,0.0,,0.0,normalDay
2021-08-03,6001.0,388.0,0.0,0,441.15,0.0,1,8.46,4.58,SPY210917P00422000,422.0,0,0.0,0.0,,0.0,normalDay
2021-08-04,6001.0,365.0,0.0,0,438.98,0.0,1,8.46,4.81,SPY210917P00422000,422.0,0,0.0,0.0,,0.0,normalDay
2021-08-05,6001.0,438.0,0.0,0,441.76,0.0,1,8.46,4.08,SPY210917P00422000,422.0,0,0.0,0.0,,0.0,normalDay
2021-08-06,6001.0,490.0,0.0,0,442.49,0.0,1,8.46,3.56,SPY210917P00422000,422.0,0,0.0,0.0,,0.0,normalDay
2021-08-09,6001.0,502.0,0.0,0,442.13,0.0,1,8.46,3.44,SPY210917P00422000,422.0,0,0.0,0.0,,0.0,normalDay
2021-08-10,6001.0,509.0,0.0,0,442.68,0.0,1,8.46,3.37,SPY210917P00422000,422.0,0,0.0,0.0,,0.0,normalDay
2021-08-11,6001.0,550.0,0.0,0,443.78,0.0,1,8.46,2.96,SPY210917P00422000,422.0,0,0.0,0.0,,0.0,normalDay
2021-08-12,6001.0,588.0,0.0,0,445.11,0.0,1,8.46,2.58,SPY210917P00422000,422.0,0,0.0,0.0,,0.0,normalDay
2021-08-13,6001.0,613.0,0.0,0,445.92,0.0,1,8.46,2.33,SPY210917P00422000,422.0,0,0.0,0.0,,0.0,normalDay
2021-08-16,6001.0,629.0,0.0,0,446.97,0.0,1,8.46,2.17,SPY210917P00422000,422.0,0,0.0,0.0,,0.0,normalDay
2021-08-17,6001.0,554.0,0.0,0,444.04,0.0,1,8.46,2.92,SPY210917P00422000,422.0,0,0.0,0.0,,0.0,normalDay
2021-08-18,6001.0,400.0,0.0,0,439.18,0.0,1,8.46,4.46,SPY210917P00422000,422.0,0,0.0,0.0,,0.0,normalDay
2021-08-19,6001.0,422.0,0.0,0,439.86,0.0,1,8.46,4.24,SPY210917P00422000,422.0,0,0.0,0.0,,0.0,normalDay
2021-08-20,6001.0,570.0,0.0,0,443.36,0.0,1,8.46,2.76,SPY210917P00422000,422.0,0,0.0,0.0,,0.0,normalDay
2021-08-23,6001.0,679.0,0.0,0,447.26,0.0,1,8.46,1.67,SPY210917P00422000,422.0,0,0.0,0.0,,0.0,normalDay
2021-08-24,6001.0,690.0,0.0,0,447.97,0.0,1,8.46,1.56,SPY210917P00422000,422.0,0,0.0,0.0,,0.0,normalDay
2021-08-25,6001.0,713.0,0.0,0,448.91,0.0,1,8.46,1.33,SPY210917P00422000,422.0,0,0.0,0.0,,0.0,normalDay
2021-08-26,6001.0,662.0,0.0,0,446.26,0.0,1,8.46,1.84,SPY210917P00422000,422.0,0,0.0,0.0,,0.0,normalDay
2021-08-27,6001.0,742.0,0.0,0,450.25,0.0,1,8.46,1.04,SPY210917P00422000,422.0,0,0.0,0.0,,0.0,normalDay
2021-08-30,6001.0,774.0,0.0,0,452.23,0.0,1,8.46,0.72,SPY210917P00422000,422.0,0,0.0,0.0,,0.0,normalDay
2021-08-31,6001.0,769.0,0.0,0,451.56,0.0,1,8.46,0.77,SPY210917P00422000,422.0,0,0.0,0.0,,0.0,normalDay
2021-09-01,6001.0,783.0,0.0,0,451.8,0.0,1,8.46,0.63,SPY210917P00422000,422.0,0,0.0,0.0,,0.0,normalDay
2021-09-02,6001.0,783.0,0.0,0,453.19,0.0,1,8.46,0.63,SPY210917P00422000,422.0,0,0.0,0.0,,0.0,normalDay
2021-09-03,6001.0,795.0,0.0,0,453.08,0.0,1,8.46,0.51,SPY210917P00422000,422.0,0,0.0,0.0,,0.0,normalDay
2021-09-07,6001.0,797.0,0.0,0,451.46,0.0,1,8.46,0.49,SPY210917P00422000,422.0,0,0.0,0.0,,0.0,normalDay
2021-09-08,6001.0,805.0,0.0,0,450.91,0.0,1,8.46,0.41,SPY210917P00422000,422.0,0,0.0,0.0,,0.0,normalDay
2021-09-09,6001.0,799.0,0.0,0,448.98,0.0,1,8.46,0.47,SPY210917P00422000,422.0,0,0.0,0.0,,0.0,normalDay
2021-09-10,6001.0,755.0,0.0,0,445.44,0.0,1,8.46,0.91,SPY210917P00422000,422.0,0,0.0,0.0,,0.0,normalDay
2021-09-13,6001.0,807.0,0.0,0,446.58,0.0,1,8.46,0.39,SPY210917P00422000,422.0,0,0.0,0.0,,0.0,normalDay
2021-09-14,6001.0,819.0,0.0,0,444.17,0.0,1,8.46,0.27,SPY210917P00422000,422.0,0,0.0,0.0,,0.0,normalDay
2021-09-15,6001.0,836.0,0.0,0,447.88,0.0,1,8.46,0.1,SPY210917P00422000,422.0,0,0.0,0.0,,0.0,normalDay
2021-09-16,6001.0,840.0,0.0,0,447.17,0.0,1,8.46,0.06,SPY210917P00422000,422.0,0,0.0,0.0,,0.0,normalDay
2021-09-17,6847.0,0.0,846.0,0,441.4,0.0,1,8.46,0.0,SPY210917P00422000,422.0,0,0.0,0.0,,0.0,expirationDay
2021-09-20,6847.0,-30.0,0.0,0,434.04,0.0,1,18.08,18.38,SPY211119P00445000,445.0,0,0.0,0.0,,0.0,normalDay
2021-09-21,6847.0,-17.0,0.0,0,433.63,0.0,1,18.08,18.25,SPY211119P00445000,445.0,0,0.0,0.0,,0.0,normalDay
2021-09-22,6847.0,340.0,0.0,0,437.86,0.0,1,18.08,14.68,SPY211119P00445000,445.0,0,0.0,0.0,,0.0,normalDay
2021-09-23,6847.0,674.0,0.0,0,443.18,0.0,1,18.08,11.34,SPY211119P00445000,445.0,0,0.0,0.0,,0.0,normalDay
2021-09-24,6847.0,750.0,0.0,0,443.91,0.0,1,18.08,10.58,SPY211119P00445000,445.0,0,0.0,0.0,,0.0,normalDay
2021-09-27,6847.0,690.0,0.0,0,442.64,0.0,1,18.08,11.18,SPY211119P00445000,445.0,0,0.0,0.0,,0.0,normalDay
2021-09-28,6847.0,128.0,0.0,0,433.72,0.0,1,18.08,16.8,SPY211119P00445000,445.0,0,0.0,0.0,,0.0,normalDay
2021-09-29,6847.0,201.0,0.0,0,434.45,0.0,1,18.08,16.07,SPY211119P00445000,445.0,0,0.0,0.0,,0.0,normalDay
2021-09-30,6847.0,-123.0,0.0,0,429.14,0.0,1,18.08,19.31,SPY211119P00445000,445.0,0,0.0,0.0,,0.0,normalDay
2021-10-01,6847.0,232.0,0.0,0,434.24,0.0,1,18.08,15.76,SPY211119P00445000,445.0,0,0.0,0.0,,0.0,normalDay
2021-10-04,6847.0,-161.0,0.0,0,428.64,0.0,1,18.08,19.69,SPY211119P00445000,445.0,0,0.0,0.0,,0.0,normalDay
2021-10-05,6847.0,179.0,0.0,0,433.1,0.0,1,18.08,16.29,SPY211119P00445000,445.0,0,0.0,0.0,,0.0,normalDay
2021-10-06,6847.0,282.0,0.0,0,434.9,0.0,1,18.08,15.26,SPY211119P00445000,445.0,0,0.0,0.0,,0.0,normalDay
2021-10-07,6847.0,574.0,0.0,0,438.66,0.0,1,18.08,12.34,SPY211119P00445000,445.0,0,0.0,0.0,,0.0,normalDay
2021-10-08,6847.0,530.0,0.0,0,437.86,0.0,1,18.08,12.78,SPY211119P00445000,445.0,0,0.0,0.0,,0.0,normalDay
2021-10-11,6847.0,364.0,0.0,0,434.69,0.0,1,18.08,14.44,SPY211119P00445000,445.0,0,0.0,0.0,,0.0,normalDay
2021-10-12,6847.0,281.0,0.0,0,433.62,0.0,1,18.08,15.27,SPY211119P00445000,445.0,0,0.0,0.0,,0.0,normalDay
2021-10-13,6847.0,483.0,0.0,0,435.18,0.0,1,18.08,13.25,SPY211119P00445000,445.0,0,0.0,0.0,,0.0,normalDay
2021-10-14,6847.0,967.0,0.0,0,442.5,0.0,1,18.08,8.41,SPY211119P00445000,445.0,0,0.0,0.0,,0.0,normalDay
2021-10-15,6847.0,1129.0,0.0,0,445.87,0.0,1,18.08,6.79,SPY211119P00445000,445.0,0,0.0,0.0,,0.0,normalDay
2021-10-18,6847.0,1209.0,0.0,0,447.19,0.0,1,18.08,5.99,SPY211119P00445000,445.0,0,0.0,0.0,,0.0,normalDay
2021-10-19,6847.0,1355.0,0.0,0,450.64,0.0,1,18.08,4.53,SPY211119P00445000,445.0,0,0.0,0.0,,0.0,normalDay
2021-10-20,6847.0,1394.0,0.0,0,452.41,0.0,1,18.08,4.14,SPY211119P00445000,445.0,0,0.0,0.0,,0.0,normalDay
2021-10-21,6847.0,1451.0,0.0,0,453.59,0.0,1,18.08,3.57,SPY211119P00445000,445.0,0,0.0,0.0,,0.0,normalDay
2021-10-22,6847.0,1426.0,0.0,0,453.12,0.0,1,18.08,3.82,SPY211119P00445000,445.0,0,0.0,0.0,,0.0,normalDay
2021-10-25,6847.0,1502.0,0.0,0,455.55,0.0,1,18.08,3.06,SPY211119P00445000,445.0,0,0.0,0.0,,0.0,normalDay
2021-10-26,6847.0,1511.0,0.0,0,455.96,0.0,1,18.08,2.97,SPY211119P00445000,445.0,0,0.0,0.0,,0.0,normalDay
2021-10-27,6847.0,1447.0,0.0,0,453.94,0.0,1,18.08,3.61,SPY211119P00445000,445.0,0,0.0,0.0,,0.0,normalDay
2021-10-28,6847.0,1548.0,0.0,0,458.32,0.0,1,18.08,2.6,SPY211119P00445000,445.0,0,0.0,0.0,,0.0,normalDay
2021-10-29,6847.0,1576.0,0.0,0,459.25,0.0,1,18.08,2.32,SPY211119P00445000,445.0,0,0.0,0.0,,0.0,normalDay
2021-11-01,6847.0,1617.0,0.0,0,460.04,0.0,1,18.08,1.91,SPY211119P00445000,445.0,0,0.0,0.0,,0.0,normalDay
2021-11-02,6847.0,1650.0,0.0,0,461.9,0.0,1,18.08,1.58,SPY211119P00445000,445.0,0,0.0,0.0,,0.0,normalDay
2021-11-03,6847.0,1710.0,0.0,0,464.72,0.0,1,18.08,0.98,SPY211119P00445000,445.0,0,0.0,0.0,,0.0,normalDay
2021-11-04,6847.0,1728.0,0.0,0,466.91,0.0,1,18.08,0.8,SPY211119P00445000,445.0,0,0.0,0.0,,0.0,normalDay
2021-11-05,6847.0,1738.0,0.0,0,468.53,0.0,1,18.08,0.7,SPY211119P00445000,445.0,0,0.0,0.0,,0.0,normalDay
2021-11-08,6847.0,1752.0,0.0,0,468.93,0.0,1,18.08,0.56,SPY211119P00445000,445.0,0,0.0,0.0,,0.0,normalDay
2021-11-09,6847.0,1749.0,0.0,0,467.38,0.0,1,18.08,0.59,SPY211119P00445000,445.0,0,0.0,0.0,,0.0,normalDay
2021-11-10,6847.0,1734.0,0.0,0,463.62,0.0,1,18.08,0.74,SPY211119P00445000,445.0,0,0.0,0.0,,0.0,normalDay
2021-11-11,6847.0,1766.0,0.0,0,463.77,0.0,1,18.08,0.42,SPY211119P00445000,445.0,0,0.0,0.0,,0.0,normalDay
2021-11-12,6847.0,1792.0,0.0,0,467.27,0.0,1,18.08,0.16,SPY211119P00445000,445.0,0,0.0,0.0,,0.0,normalDay
2021-11-15,6847.0,1801.0,0.0,0,467.43,0.0,1,18.08,0.07,SPY211119P00445000,445.0,0,0.0,0.0,,0.0,normalDay
2021-11-16,6847.0,1801.0,0.0,0,469.28,0.0,1,18.08,0.07,SPY211119P00445000,445.0,0,0.0,0.0,,0.0,normalDay
2021-11-17,6847.0,1804.0,0.0,0,468.14,0.0,1,18.08,0.04,SPY211119P00445000,445.0,0,0.0,0.0,,0.0,normalDay
2021-11-18,6847.0,1805.0,0.0,0,469.73,0.0,1,18.08,0.03,SPY211119P00445000,445.0,0,0.0,0.0,,0.0,normalDay
2021-11-19,8655.0,0.0,1808.0,0,468.89,0.0,1,18.08,0.0,SPY211119P00445000,445.0,0,0.0,0.0,,0.0,expirationDay
2021-11-22,8655.0,-5.0,0.0,0,467.57,0.0,1,9.98,10.03,SPY220121P00461000,461.0,0,0.0,0.0,,0.0,normalDay
2021-11-23,8655.0,28.0,0.0,0,468.19,0.0,1,9.98,9.7,SPY220121P00461000,461.0,0,0.0,0.0,,0.0,normalDay
2021-11-24,8655.0,115.0,0.0,0,469.44,0.0,1,9.98,8.83,SPY220121P00461000,461.0,0,0.0,0.0,,0.0,normalDay
2021-11-26,8655.0,-818.0,0.0,0,458.97,0.0,1,9.98,18.16,SPY220121P00461000,461.0,0,0.0,0.0,,0.0,normalDay
2021-11-29,8655.0,-146.0,0.0,0,464.6,0.0,1,9.98,11.44,SPY220121P00461000,461.0,0,0.0,0.0,,0.0,normalDay
2021-11-30,8655.0,-587.0,0.0,0,455.56,0.0,1,9.98,15.85,SPY220121P00461000,461.0,0,0.0,0.0,,0.0,normalDay
2021-12-01,8655.0,-1100.0,0.0,0,450.5,0.0,1,9.98,20.98,SPY220121P00461000,461.0,0,0.0,0.0,,0.0,normalDay
2021-12-02,8655.0,-592.0,0.0,0,457.4,0.0,1,9.98,15.9,SPY220121P00461000,461.0,0,0.0,0.0,,0.0,normalDay
2021-12-03,8655.0,-842.0,0.0,0,453.42,0.0,1,9.98,18.4,SPY220121P00461000,461.0,0,0.0,0.0,,0.0,normalDay
2021-12-06,8655.0,-468.0,0.0,0,458.79,0.0,1,9.98,14.66,SPY220121P00461000,461.0,0,0.0,0.0,,0.0,normalDay
2021-12-07,8655.0,92.0,0.0,0,468.28,0.0,1,9.98,9.06,SPY220121P00461000,461.0,0,0.0,0.0,,0.0,normalDay
2021-12-08,8655.0,203.0,0.0,0,469.52,0.0,1,9.98,7.95,SPY220121P00461000,461.0,0,0.0,0.0,,0.0,normalDay
2021-12-09,8655.0,75.0,0.0,0,466.35,0.0,1,9.98,9.23,SPY220121P00461000,461.0,0,0.0,0.0,,0.0,normalDay
2021-12-10,8655.0,313.0,0.0,0,470.74,0.0,1,9.98,6.85,SPY220121P00461000,461.0,0,0.0,0.0,,0.0,normalDay
2021-12-13,8655.0,150.0,0.0,0,466.57,0.0,1,9.98,8.48,SPY220121P00461000,461.0,0,0.0,0.0,,0.0,normalDay
2021-12-14,8655.0,-13.0,0.0,0,463.36,0.0,1,9.98,10.11,SPY220121P00461000,461.0,0,0.0,0.0,,0.0,normalDay
2021-12-15,8655.0,353.0,0.0,0,470.6,0.0,1,9.98,6.45,SPY220121P00461000,461.0,0,0.0,0.0,,0.0,normalDay
2021-12-16,8655.0,208.0,0.0,0,466.45,0.0,1,9.98,7.9,SPY220121P00461000,461.0,0,0.0,0.0,,0.0,normalDay
2021-12-17,8655.0,-19.0,0.0,0,459.87,0.0,1,9.98,10.17,SPY220121P00461000,461.0,0,0.0,0.0,,0.0,normalDay
2021-12-20,8655.0,-265.0,0.0,0,454.98,0.0,1,9.98,12.63,SPY220121P00461000,461.0,0,0.0,0.0,,0.0,normalDay
2021-12-21,8655.0,155.0,0.0,0,463.06,0.0,1,9.98,8.43,SPY220121P00461000,461.0,0,0.0,0.0,,0.0,normalDay
2021-12-22,8655.0,420.0,0.0,0,467.69,0.0,1,9.98,5.78,SPY220121P00461000,461.0,0,0.0,0.0,,0.0,normalDay
2021-12-23,8655.0,552.0,0.0,0,470.6,0.0,1,9.98,4.46,SPY220121P00461000,461.0,0,0.0,0.0,,0.0,normalDay
2021-12-27,8655.0,734.0,0.0,0,477.26,0.0,1,9.98,2.64,SPY220121P00461000,461.0,0,0.0,0.0,,0.0,normalDay
2021-12-28,8655.0,755.0,0.0,0,476.87,0.0,1,9.98,2.43,SPY220121P00461000,461.0,0,0.0,0.0,,0.0,normalDay
2021-12-29,8655.0,792.0,0.0,0,477.48,0.0,1,9.98,2.06,SPY220121P00461000,461.0,0,0.0,0.0,,0.0,normalDay
2021-12-30,8655.0,765.0,0.0,0,476.16,0.0,1,9.98,2.33,SPY220121P00461000,461.0,0,0.0,0.0,,0.0,normalDay
2021-12-31,8655.0,772.0,0.0,0,474.96,0.0,1,9.98,2.26,SPY220121P00461000,461.0,0,0.0,0.0,,0.0,normalDay
2022-01-03,8655.0,849.0,0.0,0,477.71,0.0,1,9.98,1.49,SPY220121P00461000,461.0,0,0.0,0.0,,0.0,normalDay
2022-01-04,8655.0,849.0,0.0,0,477.55,0.0,1,9.98,1.49,SPY220121P00461000,461.0,0,0.0,0.0,,0.0,normalDay
2022-01-05,8655.0,615.0,0.0,0,468.38,0.0,1,9.98,3.83,SPY220121P00461000,461.0,0,0.0,0.0,,0.0,normalDay
2022-01-06,8655.0,636.0,0.0,0,467.94,0.0,1,9.98,3.62,SPY220121P00461000,461.0,0,0.0,0.0,,0.0,normalDay
2022-01-07,8655.0,663.0,0.0,0,466.09,0.0,1,9.98,3.35,SPY220121P00461000,461.0,0,0.0,0.0,,0.0,normalDay
2022-01-10,8655.0,648.0,0.0,0,465.51,0.0,1,9.98,3.5,SPY220121P00461000,461.0,0,0.0,0.0,,0.0,normalDay
2022-01-11,8655.0,787.0,0.0,0,469.75,0.0,1,9.98,2.11,SPY220121P00461000,461.0,0,0.0,0.0,,0.0,normalDay
2022-01-12,8655.0,861.0,0.0,0,471.02,0.0,1,9.98,1.37,SPY220121P00461000,461.0,0,0.0,0.0,,0.0,normalDay
2022-01-13,8655.0,653.0,0.0,0,464.53,0.0,1,9.98,3.45,SPY220121P00461000,461.0,0,0.0,0.0,,0.0,normalDay
2022-01-14,8655.0,739.0,0.0,0,464.72,0.0,1,9.98,2.59,SPY220121P00461000,461.0,0,0.0,0.0,,0.0,normalDay
2022-01-18,8655.0,337.0,0.0,0,456.49,0.0,1,9.98,6.61,SPY220121P00461000,461.0,0,0.0,0.0,,0.0,normalDay
2022-01-19,8655.0,60.0,0.0,0,451.75,0.0,1,9.98,9.38,SPY220121P00461000,461.0,0,0.0,0.0,,0.0,normalDay
2022-01-20,8655.0,-493.0,0.0,0,446.75,0.0,1,9.98,14.91,SPY220121P00461000,461.0,0,0.0,0.0,,0.0,normalDay
2022-01-21,9653.0,-2302.0,998.0,100,437.98,461.0,1,9.98,0.0,SPY220121P00461000,461.0,0,0.0,0.0,,0.0,expirationDay
2022-01-24,9653.0,-2116.0,0.0,100,439.84,461.0,0,0.0,0.0,,0.0,0,0.0,0.0,,0.0,bidTooLow
2022-01-25,9653.0,-2653.0,0.0,100,434.47,461.0,0,0.0,0.0,,0.0,0,0.0,0.0,,0.0,bidTooLow
2022-01-26,9653.0,-2762.0,0.0,100,433.38,461.0,0,0.0,0.0,,0.0,0,0.0,0.0,,0.0,bidTooLow
2022-01-27,9653.0,-2976.0,0.0,100,431.24,461.0,0,0.0,0.0,,0.0,0,0.0,0.0,,0.0,bidTooLow
2022-01-28,9653.0,-1905.0,0.0,100,441.95,461.0,0,0.0,0.0,,0.0,0,0.0,0.0,,0.0,bidTooLow
2022-01-31,9653.0,-1109.0,0.0,100,449.91,461.0,0,0.0,0.0,,0.0,0,0.0,0.0,,0.0,bidTooLow
2022-02-01,9653.0,-805.0,0.0,100,452.95,461.0,0,0.0,0.0,,0.0,0,0.0,0.0,,0.0,bidTooLow
2022-02-02,9653.0,-365.0,0.0,100,457.35,461.0,0,0.0,0.0,,0.0,0,0.0,0.0,,0.0,bidTooLow
2022-02-03,9653.0,-1440.0,0.0,100,446.6,461.0,0,0.0,0.0,,0.0,0,0.0,0.0,,0.0,bidTooLow
2022-02-04,9653.0,-1230.0,0.0,100,448.7,461.0,0,0.0,0.0,,0.0,0,0.0,0.0,,0.0,bidTooLow
2022-02-07,9653.0,-1374.0,0.0,100,447.26,461.0,0,0.0,0.0,,0.0,0,0.0,0.0,,0.0,bidTooLow
2022-02-08,9653.0,-1009.0,0.0,100,450.94,461.0,0,0.0,0.0,,0.0,1,0.02,0.05,SPY220211C00467000,467.0,normalDay
2022-02-09,9653.0,-369.0,0.0,100,457.54,461.0,0,0.0,0.0,,0.0,1,0.02,0.25,SPY220211C00467000,467.0,normalDay
2022-02-10,9653.0,-1168.0,0.0,100,449.32,461.0,0,0.0,0.0,,0.0,1,0.02,0.02,SPY220211C00467000,467.0,normalDay
2022-02-11,9655.0,-2054.0,2.0,100,440.46,461.0,0,0.0,0.0,,0.0,1,0.02,0.0,SPY220211C00467000,467.0,expirationDay
2022-02-14,9655.0,-2201.0,0.0,100,439.02,461.0,0,0.0,0.0,,0.0,1,0.02,0.05,SPY220216C00458000,458.0,normalDay
2022-02-15,9655.0,-1490.0,0.0,100,446.1,461.0,0,0.0,0.0,,0.0,1,0.02,0.02,SPY220216C00458000,458.0,normalDay
2022-02-16,9657.0,-1440.0,2.0,100,446.6,461.0,0,0.0,0.0,,0.0,1,0.02,0.0,SPY220216C00458000,458.0,expirationDay
2022-02-17,9657.0,-2394.0,0.0,100,437.06,461.0,0,0.0,0.0,,0.0,0,0.0,0.0,,0.0,bidTooLow
2022-02-18,9657.0,-2677.0,0.0,100,434.23,461.0,0,0.0,0.0,,0.0,0,0.0,0.0,,0.0,bidTooLow
2022-02-22,9657.0,-3143.0,0.0,100,429.57,461.0,0,0.0,0.0,,0.0,0,0.0,0.0,,0.0,bidTooLow
2022-02-23,9657.0,-3905.0,0.0,100,421.95,461.0,0,0.0,0.0,,0.0,0,0.0,0.0,,0.0,bidTooLow
2022-02-24,9657.0,-3270.0,0.0,100,428.3,461.0,0,0.0,0.0,,0.0,0,0.0,0.0,,0.0,bidTooLow
2022-02-25,9657.0,-2325.0,0.0,100,437.75,461.0,0,0.0,0.0,,0.0,0,0.0,0.0,,0.0,bidTooLow
2022-02-28,9657.0,-2440.0,0.0,100,436.63,461.0,0,0.0,0.0,,0.0,1,0.01,0.04,SPY220302C00457000,457.0,normalDay
2022-03-01,9657.0,-3102.0,0.0,100,429.98,461.0,0,0.0,0.0,,0.0,1,0.01,0.01,SPY220302C00457000,457.0,normalDay
2022-03-02,9658.0,-2311.0,1.0,100,437.89,461.0,0,0.0,0.0,,0.0,1,0.01,0.0,SPY220302C00457000,457.0,expirationDay
2022-03-03,9658.0,-2529.0,0.0,100,435.71,461.0,0,0.0,0.0,,0.0,0,0.0,0.0,,0.0,bidTooLow
2022-03-04,9658.0,-2883.0,0.0,100,432.17,461.0,0,0.0,0.0,,0.0,0,0.0,0.0,,0.0,bidTooLow
2022-03-07,9658.0,-4157.0,0.0,100,419.43,461.0,0,0.0,0.0,,0.0,0,0.0,0.0,,0.0,bidTooLow
2022-03-08,9658.0,-4475.0,0.0,100,416.25,461.0,0,0.0,0.0,,0.0,0,0.0,0.0,,0.0,bidTooLow
2022-03-09,9658.0,-3359.0,0.0,100,427.41,461.0,0,0.0,0.0,,0.0,0,0.0,0.0,,0.0,bidTooLow
2022-03-10,9658.0,-3552.0,0.0,100,425.48,461.0,0,0.0,0.0,,0.0,0,0.0,0.0,,0.0,bidTooLow
2022-03-11,9658.0,-4093.0,0.0,100,420.07,461.0,0,0.0,0.0,,0.0,0,0.0,0.0,,0.0,bidTooLow
2022-03-14,9658.0,-4400.0,0.0,100,417.0,461.0,0,0.0,0.0,,0.0,0,0.0,0.0,,0.0,bidTooLow
2022-03-15,9658.0,-3486.0,0.0,100,426.17,461.0,0,0.0,0.0,,0.0,1,0.15,0.18,SPY220318C00444000,444.0,normalDay
2022-03-16,9658.0,-2564.0,0.0,100,435.62,461.0,0,0.0,0.0,,0.0,1,0.15,0.41,SPY220318C00444000,444.0,normalDay
2022-03-17,9658.0,-2025.0,0.0,100,441.07,461.0,0,0.0,0.0,,0.0,1,0.15,0.47,SPY220318C00444000,444.0,normalDay
2022-03-18,7973.0,-2025.0,-1685.0,0,444.52,0.0,0,0.0,0.0,,0.0,1,0.15,0.0,SPY220318C00444000,444.0,expirationDay
2022-03-21,7973.0,-5.0,0.0,0,444.39,0.0,1,8.5,8.55,SPY220520P00424000,424.0,0,0.0,0.0,,0.0,normalDay
2022-03-22,7973.0,143.0,0.0,0,449.59,0.0,1,8.5,7.07,SPY220520P00424000,424.0,0,0.0,0.0,,0.0,normalDay
2022-03-23,7973.0,12.0,0.0,0,443.8,0.0,1,8.5,8.38,SPY220520P00424000,424.0,0,0.0,0.0,,0.0,normalDay
2022-03-24,7973.0,203.0,0.0,0,450.49,0.0,1,8.5,6.47,SPY220520P00424000,424.0,0,0.0,0.0,,0.0,normalDay
2022-03-25,7973.0,270.0,0.0,0,452.69,0.0,1,8.5,5.8,SPY220520P00424000,424.0,0,0.0,0.0,,0.0,normalDay
2022-03-28,7973.0,379.0,0.0,0,455.91,0.0,1,8.5,4.71,SPY220520P00424000,424.0,0,0.0,0.0,,0.0,normalDay
2022-03-29,7973.0,476.0,0.0,0,461.55,0.0,1,8.5,3.74,SPY220520P00424000,424.0,0,0.0,0.0,,0.0,normalDay
2022-03-30,7973.0,451.0,0.0,0,458.7,0.0,1,8.5,3.99,SPY220520P00424000,424.0,0,0.0,0.0,,0.0,normalDay
2022-03-31,7973.0,332.0,0.0,0,451.64,0.0,1,8.5,5.18,SPY220520P00424000,424.0,0,0.0,0.0,,0.0,normalDay
2022-04-01,7973.0,398.0,0.0,0,452.92,0.0,1,8.5,4.52,SPY220520P00424000,424.0,0,0.0,0.0,,0.0,normalDay
2022-04-04,7973.0,522.0,0.0,0,456.8,0.0,1,8.5,3.28,SPY220520P00424000,424.0,0,0.0,0.0,,0.0,normalDay
2022-04-05,7973.0,390.0,0.0,0,451.03,0.0,1,8.5,4.6,SPY220520P00424000,424.0,0,0.0,0.0,,0.0,normalDay
2022-04-06,7973.0,296.0,0.0,0,446.52,0.0,1,8.5,5.54,SPY220520P00424000,424.0,0,0.0,0.0,,0.0,normalDay
2022-04-07,7973.0,353.0,0.0,0,448.77,0.0,1,8.5,4.97,SPY220520P00424000,424.0,0,0.0,0.0,,0.0,normalDay
2022-04-08,7973.0,362.0,0.0,0,447.57,0.0,1,8.5,4.88,SPY220520P00424000,424.0,0,0.0,0.0,,0.0,normalDay
2022-04-11,7973.0,147.0,0.0,0,439.92,0.0,1,8.5,7.03,SPY220520P00424000,424.0,0,0.0,0.0,,0.0,normalDay
2022-04-12,7973.0,127.0,0.0,0,438.29,0.0,1,8.5,7.23,SPY220520P00424000,424.0,0,0.0,0.0,,0.0,normalDay
2022-04-13,7973.0,331.0,0.0,0,443.31,0.0,1,8.5,5.19,SPY220520P00424000,424.0,0,0.0,0.0,,0.0,normalDay
2022-04-14,7973.0,202.0,0.0,0,437.79,0.0,1,8.5,6.48,SPY220520P00424000,424.0,0,0.0,0.0,,0.0,normalDay
2022-04-18,7973.0,304.0,0.0,0,437.97,0.0,1,8.5,5.46,SPY220520P00424000,424.0,0,0.0,0.0,,0.0,normalDay
2022-04-19,7973.0,420.0,0.0,0,445.04,0.0,1,8.5,4.3,SPY220520P00424000,424.0,0,0.0,0.0,,0.0,normalDay
2022-04-20,7973.0,499.0,0.0,0,444.71,0.0,1,8.5,3.51,SPY220520P00424000,424.0,0,0.0,0.0,,0.0,normalDay
2022-04-21,7973.0,286.0,0.0,0,438.06,0.0,1,8.5,5.64,SPY220520P00424000,424.0,0,0.0,0.0,,0.0,normalDay
2022-04-22,7973.0,-261.0,0.0,0,426.04,0.0,1,8.5,11.11,SPY220520P00424000,424.0,0,0.0,0.0,,0.0,normalDay
2022-04-25,7973.0,-51.0,0.0,0,428.51,0.0,1,8.5,9.01,SPY220520P00424000,424.0,0,0.0,0.0,,0.0,normalDay
2022-04-26,7973.0,-816.0,0.0,0,416.1,0.0,1,8.5,16.66,SPY220520P00424000,424.0,0,0.0,0.0,,0.0,normalDay
2022-04-27,7973.0,-551.0,0.0,0,417.27,0.0,1,8.5,14.01,SPY220520P00424000,424.0,0,0.0,0.0,,0.0,normalDay
2022-04-28,7973.0,-139.0,0.0,0,427.81,0.0,1,8.5,9.89,SPY220520P00424000,424.0,0,0.0,0.0,,0.0,normalDay
2022-04-29,7973.0,-857.0,0.0,0,412.0,0.0,1,8.5,17.07,SPY220520P00424000,424.0,0,0.0,0.0,,0.0,normalDay
2022-05-02,7973.0,-678.0,0.0,0,414.48,0.0,1,8.5,15.28,SPY220520P00424000,424.0,0,0.0,0.0,,0.0,normalDay
2022-05-03,7973.0,-455.0,0.0,0,416.38,0.0,1,8.5,13.05,SPY220520P00424000,424.0,0,0.0,0.0,,0.0,normalDay
2022-05-04,7973.0,202.0,0.0,0,429.06,0.0,1,8.5,6.48,SPY220520P00424000,424.0,0,0.0,0.0,,0.0,normalDay
2022-05-05,7973.0,-671.0,0.0,0,413.81,0.0,1,8.5,15.21,SPY220520P00424000,424.0,0,0.0,0.0,,0.0,normalDay
2022-05-06,7973.0,-845.0,0.0,0,411.34,0.0,1,8.5,16.95,SPY220520P00424000,424.0,0,0.0,0.0,,0.0,normalDay
2022-05-09,7973.0,-1757.0,0.0,0,398.17,0.0,1,8.5,26.07,SPY220520P00424000,424.0,0,0.0,0.0,,0.0,normalDay
2022-05-10,7973.0,-1713.0,0.0,0,399.09,0.0,1,8.5,25.63,SPY220520P00424000,424.0,0,0.0,0.0,,0.0,normalDay
2022-05-11,7973.0,-2265.0,0.0,0,392.75,0.0,1,8.5,31.15,SPY220520P00424000,424.0,0,0.0,0.0,,0.0,normalDay
2022-05-12,7973.0,-2353.0,0.0,0,392.34,0.0,1,8.5,32.03,SPY220520P00424000,424.0,0,0.0,0.0,,0.0,normalDay
2022-05-13,7973.0,-1492.0,0.0,0,401.72,0.0,1,8.5,23.42,SPY220520P00424000,424.0,0,0.0,0.0,,0.0,normalDay
2022-05-16,7973.0,-1600.0,0.0,0,400.09,0.0,1,8.5,24.5,SPY220520P00424000,424.0,0,0.0,0.0,,0.0,normalDay
2022-05-17,7973.0,-750.0,0.0,0,408.32,0.0,1,8.5,16.0,SPY220520P00424000,424.0,0,0.0,0.0,,0.0,normalDay
2022-05-18,7973.0,-2484.0,0.0,0,391.86,0.0,1,8.5,33.34,SPY220520P00424000,424.0,0,0.0,0.0,,0.0,normalDay
2022-05-19,7973.0,-2664.0,0.0,0,389.46,0.0,1,8.5,35.14,SPY220520P00424000,424.0,0,0.0,0.0,,0.0,normalDay
2022-05-20,8823.0,-3437.0,850.0,100,389.63,424.0,1,8.5,0.0,SPY220520P00424000,424.0,0,0.0,0.0,,0.0,expirationDay
2022-05-23,8823.0,-2708.0,0.0,100,396.92,424.0,0,0.0,0.0,,0.0,0,0.0,0.0,,0.0,bidTooLow
2022-05-24,8823.0,-3011.0,0.0,100,393.89,424.0,0,0.0,0.0,,0.0,0,0.0,0.0,,0.0,bidTooLow
2022-05-25,8823.0,-2663.0,0.0,100,397.37,424.0,0,0.0,0.0,,0.0,0,0.0,0.0,,0.0,bidTooLow
2022-05-26,8823.0,-1869.0,0.0,100,405.31,424.0,0,0.0,0.0,,0.0,0,0.0,0.0,,0.0,bidTooLow
2022-05-27,8823.0,-874.0,0.0,100,415.26,424.0,0,0.0,0.0,,0.0,0,0.0,0.0,,0.0,bidTooLow
2022-05-31,8823.0,-1142.0,0.0,100,412.93,424.0,0,0.0,0.0,,0.0,1,1.5,1.85,SPY220603C00419000,419.0,normalDay
2022-06-01,8823.0,-1336.0,0.0,100,409.59,424.0,0,0.0,0.0,,0.0,1,1.5,0.45,SPY220603C00419000,419.0,normalDay
2022-06-02,8823.0,-658.0,0.0,100,417.39,424.0,0,0.0,0.0,,0.0,1,1.5,1.47,SPY220603C00419000,419.0,normalDay
2022-06-03,8973.0,-1346.0,150.0,100,410.54,424.0,0,0.0,0.0,,0.0,1,1.5,0.0,SPY220603C00419000,419.0,expirationDay
2022-06-06,8973.0,-1224.0,0.0,100,411.79,424.0,0,0.0,0.0,,0.0,1,1.44,1.47,SPY220608C00415000,415.0,normalDay
2022-06-07,8973.0,-892.0,0.0,100,415.74,424.0,0,0.0,0.0,,0.0,1,1.44,2.1,SPY220608C00415000,415.0,normalDay
2022-06-08,9117.0,-1278.0,144.0,100,411.22,424.0,0,0.0,0.0,,0.0,1,1.44,0.0,SPY220608C00415000,415.0,expirationDay
2022-06-09,9117.0,-2259.0,0.0,100,401.44,424.0,0,0.0,0.0,,0.0,1,0.07,0.1,SPY220610C00417500,417.5,normalDay
2022-06-10,9124.0,-3420.0,7.0,100,389.8,424.0,0,0.0,0.0,,0.0,1,0.07,0.0,SPY220610C00417500,417.5,expirationDay
2022-06-13,9124.0,-4900.0,0.0,100,375.0,424.0,0,0.0,0.0,,0.0,0,0.0,0.0,,0.0,bidTooLow
2022-06-14,9124.0,-5013.0,0.0,100,373.87,424.0,0,0.0,0.0,,0.0,0,0.0,0.0,,0.0,bidTooLow
2022-06-15,9124.0,-4480.0,0.0,100,379.2,424.0,0,0.0,0.0,,0.0,0,0.0,0.0,,0.0,bidTooLow
2022-06-16,9124.0,-5735.0,0.0,100,366.65,424.0,0,0.0,0.0,,0.0,0,0.0,0.0,,0.0,bidTooLow
2022-06-17,9124.0,-5814.0,0.0,100,365.86,424.0,0,0.0,0.0,,0.0,0,0.0,0.0,,0.0,bidTooLow
2022-06-21,9124.0,-4893.0,0.0,100,375.07,424.0,0,0.0,0.0,,0.0,0,0.0,0.0,,0.0,bidTooLow
2022-06-22,9124.0,-4961.0,0.0,100,374.39,424.0,0,0.0,0.0,,0.0,0,0.0,0.0,,0.0,bidTooLow
2022-06-23,9124.0,-4594.0,0.0,100,378.06,424.0,0,0.0,0.0,,0.0,0,0.0,0.0,,0.0,bidTooLow
2022-06-24,9124.0,-3392.0,0.0,100,390.08,424.0,0,0.0,0.0,,0.0,0,0.0,0.0,,0.0,bidTooLow
2022-06-27,9124.0,-3541.0,0.0,100,388.59,424.0,0,0.0,0.0,,0.0,0,0.0,0.0,,0.0,bidTooLow
2022-06-28,9124.0,-4335.0,0.0,100,380.65,424.0,0,0.0,0.0,,0.0,0,0.0,0.0,,0.0,bidTooLow
2022-06-29,9124.0,-4366.0,0.0,100,380.34,424.0,0,0.0,0.0,,0.0,0,0.0,0.0,,0.0,bidTooLow
2022-06-30,9124.0,-4675.0,0.0,100,377.25,424.0,0,0.0,0.0,,0.0,0,0.0,0.0,,0.0,bidTooLow
2022-07-01,9124.0,-4276.0,0.0,100,381.24,424.0,0,0.0,0.0,,0.0,0,0.0,0.0,,0.0,bidTooLow
2022-07-05,9124.0,-4204.0,0.0,100,381.96,424.0,0,0.0,0.0,,0.0,0,0.0,0.0,,0.0,bidTooLow
2022-07-06,9124.0,-4075.0,0.0,100,383.25,424.0,0,0.0,0.0,,0.0,0,0.0,0.0,,0.0,bidTooLow
2022-07-07,9124.0,-3504.0,0.0,100,388.99,424.0,0,0.0,0.0,,0.0,1,0.05,0.08,SPY220708C00398000,398.0,normalDay
2022-07-08,9129.0,-3533.0,5.0,100,388.67,424.0,0,0.0,0.0,,0.0,1,0.05,0.0,SPY220708C00398000,398.0,expirationDay
2022-07-11,9129.0,-3980.0,0.0,100,384.23,424.0,0,0.0,0.0,,0.0,1,0.84,0.87,SPY220713C00391000,391.0,normalDay
2022-07-12,9129.0,-4255.0,0.0,100,380.83,424.0,0,0.0,0.0,,0.0,1,0.84,0.22,SPY220713C00391000,391.0,normalDay
2022-07-13,9213.0,-4517.0,84.0,100,378.83,424.0,0,0.0,0.0,,0.0,1,0.84,0.0,SPY220713C00391000,391.0,expirationDay
2022-07-14,9213.0,-4612.0,0.0,100,377.91,424.0,0,0.0,0.0,,0.0,1,0.02,0.05,SPY220715C00390000,390.0,normalDay
2022-07-15,9215.0,-3887.0,2.0,100,385.13,424.0,0,0.0,0.0,,0.0,1,0.02,0.0,SPY220715C00390000,390.0,expirationDay
2022-07-18,9215.0,-4208.0,0.0,100,381.95,424.0,0,0.0,0.0,,0.0,1,0.3,0.33,SPY220720C00390000,390.0,normalDay
2022-07-19,9215.0,-3525.0,0.0,100,392.27,424.0,0,0.0,0.0,,0.0,1,0.3,3.82,SPY220720C00390000,390.0,normalDay
2022-07-20,5845.0,-3525.0,-3370.0,0,394.77,0.0,0,0.0,0.0,,0.0,1,0.3,0.0,SPY220720C00390000,390.0,expirationDay
2022-07-21,5845.0,-6.0,0.0,0,398.79,0.0,1,9.07,9.13,SPY220930P00380000,380.0,0,0.0,0.0,,0.0,normalDay
2022-07-22,5845.0,-96.0,0.0,0,395.09,0.0,1,9.07,10.03,SPY220930P00380000,380.0,0,0.0,0.0,,0.0,normalDay
2022-07-25,5845.0,-23.0,0.0,0,395.57,0.0,1,9.07,9.3,SPY220930P00380000,380.0,0,0.0,0.0,,0.0,normalDay
2022-07-26,5845.0,-173.0,0.0,0,390.89,0.0,1,9.07,10.8,SPY220930P00380000,380.0,0,0.0,0.0,,0.0,normalDay
2022-07-27,5845.0,113.0,0.0,0,401.04,0.0,1,9.07,7.94,SPY220930P00380000,380.0,0,0.0,0.0,,0.0,normalDay
2022-07-28,5845.0,305.0,0.0,0,406.07,0.0,1,9.07,6.02,SPY220930P00380000,380.0,0,0.0,0.0,,0.0,normalDay
2022-07-29,5845.0,408.0,0.0,0,411.99,0.0,1,9.07,4.99,SPY220930P00380000,380.0,0,0.0,0.0,,0.0,normalDay
2022-08-01,5845.0,357.0,0.0,0,410.77,0.0,1,9.07,5.5,SPY220930P00380000,380.0,0,0.0,0.0,,0.0,normalDay
2022-08-02,5845.0,258.0,0.0,0,408.06,0.0,1,9.07,6.49,SPY220930P00380000,380.0,0,0.0,0.0,,0.0,normalDay
2022-08-03,5845.0,439.0,0.0,0,414.45,0.0,1,9.07,4.68,SPY220930P00380000,380.0,0,0.0,0.0,,0.0,normalDay
2022-08-04,5845.0,456.0,0.0,0,414.17,0.0,1,9.07,4.51,SPY220930P00380000,380.0,0,0.0,0.0,,0.0,normalDay
2022-08-05,5845.0,455.0,0.0,0,413.47,0.0,1,9.07,4.52,SPY220930P00380000,380.0,0,0.0,0.0,,0.0,normalDay
2022-08-08,5845.0,472.0,0.0,0,412.99,0.0,1,9.07,4.35,SPY220930P00380000,380.0,0,0.0,0.0,,0.0,normalDay
2022-08-09,5845.0,452.0,0.0,0,411.35,0.0,1,9.07,4.55,SPY220930P00380000,380.0,0,0.0,0.0,,0.0,normalDay
2022-08-10,5845.0,612.0,0.0,0,419.99,0.0,1,9.07,2.95,SPY220930P00380000,380.0,0,0.0,0.0,,0.0,normalDay
2022-08-11,5845.0,622.0,0.0,0,419.99,0.0,1,9.07,2.85,SPY220930P00380000,380.0,0,0.0,0.0,,0.0,normalDay
2022-08-12,5845.0,696.0,0.0,0,427.1,0.0,1,9.07,2.11,SPY220930P00380000,380.0,0,0.0,0.0,,0.0,normalDay
2022-08-15,5845.0,726.0,0.0,0,428.86,0.0,1,9.07,1.81,SPY220930P00380000,380.0,0,0.0,0.0,,0.0,normalDay
2022-08-16,5845.0,739.0,0.0,0,429.7,0.0,1,9.07,1.68,SPY220930P00380000,380.0,0,0.0,0.0,,0.0,normalDay
2022-08-17,5845.0,724.0,0.0,0,426.65,0.0,1,9.07,1.83,SPY220930P00380000,380.0,0,0.0,0.0,,0.0,normalDay
2022-08-18,5845.0,751.0,0.0,0,427.89,0.0,1,9.07,1.56,SPY220930P00380000,380.0,0,0.0,0.0,,0.0,normalDay
2022-08-19,5845.0,700.0,0.0,0,422.14,0.0,1,9.07,2.07,SPY220930P00380000,380.0,0,0.0,0.0,,0.0,normalDay
2022-08-22,5845.0,582.0,0.0,0,413.35,0.0,1,9.07,3.25,SPY220930P00380000,380.0,0,0.0,0.0,,0.0,normalDay
2022-08-23,5845.0,573.0,0.0,0,412.35,0.0,1,9.07,3.34,SPY220930P00380000,380.0,0,0.0,0.0,,0.0,normalDay
2022-08-24,5845.0,633.0,0.0,0,413.67,0.0,1,9.07,2.74,SPY220930P00380000,380.0,0,0.0,0.0,,0.0,normalDay
2022-08-25,5845.0,717.0,0.0,0,419.51,0.0,1,9.07,1.9,SPY220930P00380000,380.0,0,0.0,0.0,,0.0,normalDay
2022-08-26,5845.0,472.0,0.0,0,405.31,0.0,1,9.07,4.35,SPY220930P00380000,380.0,0,0.0,0.0,,0.0,normalDay
2022-08-29,5845.0,448.0,0.0,0,402.63,0.0,1,9.07,4.59,SPY220930P00380000,380.0,0,0.0,0.0,,0.0,normalDay
2022-08-30,5845.0,367.0,0.0,0,398.21,0.0,1,9.07,5.4,SPY220930P00380000,380.0,0,0.0,0.0,,0.0,normalDay
2022-08-31,5845.0,327.0,0.0,0,395.18,0.0,1,9.07,5.8,SPY220930P00380000,380.0,0,0.0,0.0,,0.0,normalDay
2022-09-01,5845.0,386.0,0.0,0,396.42,0.0,1,9.07,5.21,SPY220930P00380000,380.0,0,0.0,0.0,,0.0,normalDay
2022-09-02,5845.0,304.0,0.0,0,392.24,0.0,1,9.07,6.03,SPY220930P00380000,380.0,0,0.0,0.0,,0.0,normalDay
2022-09-06,5845.0,254.0,0.0,0,390.76,0.0,1,9.07,6.53,SPY220930P00380000,380.0,0,0.0,0.0,,0.0,normalDay
2022-09-07,5845.0,510.0,0.0,0,397.78,0.0,1,9.07,3.97,SPY220930P00380000,380.0,0,0.0,0.0,,0.0,normalDay
2022-09-08,5845.0,620.0,0.0,0,400.38,0.0,1,9.07,2.87,SPY220930P00380000,380.0,0,0.0,0.0,,0.0,normalDay
2022-09-09,5845.0,725.0,0.0,0,406.6,0.0,1,9.07,1.82,SPY220930P00380000,380.0,0,0.0,0.0,,0.0,normalDay
2022-09-12,5845.0,781.0,0.0,0,410.97,0.0,1,9.07,1.26,SPY220930P00380000,380.0,0,0.0,0.0,,0.0,normalDay
2022-09-13,5845.0,483.0,0.0,0,393.1,0.0,1,9.07,4.24,SPY220930P00380000,380.0,0,0.0,0.0,,0.0,normalDay
2022-09-14,5845.0,536.0,0.0,0,394.6,0.0,1,9.07,3.71,SPY220930P00380000,380.0,0,0.0,0.0,,0.0,normalDay
2022-09-15,5845.0,473.0,0.0,0,390.12,0.0,1,9.07,4.34,SPY220930P00380000,380.0,0,0.0,0.0,,0.0,normalDay
2022-09-16,5845.0,388.0,0.0,0,385.56,0.0,1,9.07,5.19,SPY220930P00380000,380.0,0,0.0,0.0,,0.0,normalDay
2022-09-19,5845.0,519.0,0.0,0,388.55,0.0,1,9.07,3.88,SPY220930P00380000,380.0,0,0.0,0.0,,0.0,normalDay
2022-09-20,5845.0,366.0,0.0,0,384.09,0.0,1,9.07,5.41,SPY220930P00380000,380.0,0,0.0,0.0,,0.0,normalDay
2022-09-21,5845.0,90.0,0.0,0,377.39,0.0,1,9.07,8.17,SPY220930P00380000,380.0,0,0.0,0.0,,0.0,normalDay
2022-09-22,5845.0,31.0,0.0,0,374.22,0.0,1,9.07,8.76,SPY220930P00380000,380.0,0,0.0,0.0,,0.0,normalDay
2022-09-23,5845.0,-468.0,0.0,0,367.95,0.0,1,9.07,13.75,SPY220930P00380000,380.0,0,0.0,0.0,,0.0,normalDay
2022-09-26,5845.0,-794.0,0.0,0,364.31,0.0,1,9.07,17.01,SPY220930P00380000,380.0,0,0.0,0.0,,0.0,normalDay
2022-09-27,5845.0,-794.0,0.0,0,363.38,0.0,1,9.07,17.01,SPY220930P00380000,380.0,0,0.0,0.0,,0.0,normalDay
2022-09-28,5845.0,-106.0,0.0,0,370.53,0.0,1,9.07,10.13,SPY220930P00380000,380.0,0,0.0,0.0,,0.0,normalDay
2022-09-29,5845.0,-797.0,0.0,0,362.79,0.0,1,9.07,17.04,SPY220930P00380000,380.0,0,0.0,0.0,,0.0,normalDay
2022-09-30,6752.0,-2282.0,907.0,100,357.18,380.0,1,9.07,0.0,SPY220930P00380000,380.0,0,0.0,0.0,,0.0,expirationDay
2022-10-03,6752.0,-1339.0,0.0,100,366.61,380.0,0,0.0,0.0,,0.0,0,0.0,0.0,,0.0,bidTooLow
2022-10-04,6752.0,-203.0,0.0,100,377.97,380.0,0,0.0,0.0,,0.0,0,0.0,0.0,,0.0,bidTooLow
2022-10-05,6752.0,-291.0,0.0,100,377.09,380.0,0,0.0,0.0,,0.0,0,0.0,0.0,,0.0,bidTooLow
2022-10-06,6752.0,-680.0,0.0,100,373.2,380.0,0,0.0,0.0,,0.0,0,0.0,0.0,,0.0,bidTooLow
2022-10-07,6752.0,-1721.0,0.0,100,362.79,380.0,0,0.0,0.0,,0.0,0,0.0,0.0,,0.0,bidTooLow
2022-10-10,6752.0,-1998.0,0.0,100,360.02,380.0,0,0.0,0.0,,0.0,0,0.0,0.0,,0.0,bidTooLow
2022-10-11,6752.0,-2229.0,0.0,100,357.74,380.0,0,0.0,0.0,,0.0,1,0.01,0.04,SPY221014C00390000,390.0,normalDay
2022-10-12,6752.0,-2345.0,0.0,100,356.56,380.0,0,0.0,0.0,,0.0,1,0.01,0.02,SPY221014C00390000,390.0,normalDay
2022-10-13,6752.0,-1403.0,0.0,100,365.97,380.0,0,0.0,0.0,,0.0,1,0.01,0.01,SPY221014C00390000,390.0,normalDay
2022-10-14,6753.0,-2237.0,1.0,100,357.63,380.0,0,0.0,0.0,,0.0,1,0.01,0.0,SPY221014C00390000,390.0,expirationDay
2022-10-17,6753.0,-1321.0,0.0,100,366.82,380.0,0,0.0,0.0,,0.0,1,0.28,0.31,SPY221019C00379000,379.0,normalDay
2022-10-18,6753.0,-896.0,0.0,100,371.13,380.0,0,0.0,0.0,,0.0,1,0.28,0.37,SPY221019C00379000,379.0,normalDay
2022-10-19,6781.0,-1150.0,28.0,100,368.5,380.0,0,0.0,0.0,,0.0,1,0.28,0.0,SPY221019C00379000,379.0,expirationDay
2022-10-20,6781.0,-1462.0,0.0,100,365.41,380.0,0,0.0,0.0,,0.0,1,0.13,0.16,SPY221021C00375000,375.0,normalDay
2022-10-21,6794.0,-571.0,13.0,100,374.29,380.0,0,0.0,0.0,,0.0,1,0.13,0.0,SPY221021C00375000,375.0,expirationDay
2022-10-24,6794.0,-116.0,0.0,100,378.87,380.0,0,0.0,0.0,,0.0,1,4.37,4.4,SPY221026C00377000,377.0,normalDay
2022-10-25,6794.0,239.0,0.0,100,384.92,380.0,0,0.0,0.0,,0.0,1,4.37,6.9,SPY221026C00377000,377.0,normalDay
2022-10-26,6931.0,239.0,137.0,0,382.02,0.0,0,0.0,0.0,,0.0,1,4.37,0.0,SPY221026C00377000,377.0,expirationDay
2022-10-27,6931.0,-6.0,0.0,0,379.98,0.0,1,12.0,12.06,SPY230120P00362000,362.0,0,0.0,0.0,,0.0,normalDay
2022-10-28,6931.0,375.0,0.0,0,389.02,0.0,1,12.0,8.25,SPY230120P00362000,362.0,0,0.0,0.0,,0.0,normalDay
2022-10-31,6931.0,346.0,0.0,0,386.21,0.0,1,12.0,8.54,SPY230120P00362000,362.0,0,0.0,0.0,,0.0,normalDay
2022-11-01,6931.0,315.0,0.0,0,384.52,0.0,1,12.0,8.85,SPY230120P00362000,362.0,0,0.0,0.0,,0.0,normalDay
2022-11-02,6931.0,38.0,0.0,0,374.87,0.0,1,12.0,11.62,SPY230120P00362000,362.0,0,0.0,0.0,,0.0,normalDay
2022-11-03,6931.0,-50.0,0.0,0,371.01,0.0,1,12.0,12.5,SPY230120P00362000,362.0,0,0.0,0.0,,0.0,normalDay
2022-11-04,6931.0,156.0,0.0,0,376.35,0.0,1,12.0,10.44,SPY230120P00362000,362.0,0,0.0,0.0,,0.0,normalDay
2022-11-07,6931.0,301.0,0.0,0,379.95,0.0,1,12.0,8.99,SPY230120P00362000,362.0,0,0.0,0.0,,0.0,normalDay
2022-11-08,6931.0,302.0,0.0,0,382.0,0.0,1,12.0,8.98,SPY230120P00362000,362.0,0,0.0,0.0,,0.0,normalDay
2022-11-09,6931.0,97.0,0.0,0,374.13,0.0,1,12.0,11.03,SPY230120P00362000,362.0,0,0.0,0.0,,0.0,normalDay
2022-11-10,6931.0,650.0,0.0,0,394.69,0.0,1,12.0,5.5,SPY230120P00362000,362.0,0,0.0,0.0,,0.0,normalDay
2022-11-11,6931.0,727.0,0.0,0,398.51,0.0,1,12.0,4.73,SPY230120P00362000,362.0,0,0.0,0.0,,0.0,normalDay
2022-11-14,6931.0,702.0,0.0,0,395.12,0.0,1,12.0,4.98,SPY230120P00362000,362.0,0,0.0,0.0,,0.0,normalDay
2022-11-15,6931.0,734.0,0.0,0,398.49,0.0,1,12.0,4.66,SPY230120P00362000,362.0,0,0.0,0.0,,0.0,normalDay
2022-11-16,6931.0,722.0,0.0,0,395.45,0.0,1,12.0,4.78,SPY230120P00362000,362.0,0,0.0,0.0,,0.0,normalDay
2022-11-17,6931.0,723.0,0.0,0,394.24,0.0,1,12.0,4.77,SPY230120P00362000,362.0,0,0.0,0.0,,0.0,normalDay
2022-11-18,6931.0,767.0,0.0,0,396.03,0.0,1,12.0,4.33,SPY230120P00362000,362.0,0,0.0,0.0,,0.0,normalDay
2022-11-21,6931.0,801.0,0.0,0,394.59,0.0,1,12.0,3.99,SPY230120P00362000,362.0,0,0.0,0.0,,0.0,normalDay
2022-11-22,6931.0,899.0,0.0,0,399.9,0.0,1,12.0,3.01,SPY230120P00362000,362.0,0,0.0,0.0,,0.0,normalDay
2022-11-23,6931.0,935.0,0.0,0,402.42,0.0,1,12.0,2.65,SPY230120P00362000,362.0,0,0.0,0.0,,0.0,normalDay
2022-11-25,6931.0,940.0,0.0,0,402.33,0.0,1,12.0,2.6,SPY230120P00362000,362.0,0,0.0,0.0,,0.0,normalDay
2022-11-28,6931.0,855.0,0.0,0,395.91,0.0,1,12.0,3.45,SPY230120P00362000,362.0,0,0.0,0.0,,0.0,normalDay
2022-11-29,6931.0,869.0,0.0,0,395.23,0.0,1,12.0,3.31,SPY230120P00362000,362.0,0,0.0,0.0,,0.0,normalDay
2022-11-30,6931.0,1019.0,0.0,0,407.68,0.0,1,12.0,1.81,SPY230120P00362000,362.0,0,0.0,0.0,,0.0,normalDay
2022-12-01,6931.0,1028.0,0.0,0,407.38,0.0,1,12.0,1.72,SPY230120P00362000,362.0,0,0.0,0.0,,0.0,normalDay
2022-12-02,6931.0,1043.0,0.0,0,406.91,0.0,1,12.0,1.57,SPY230120P00362000,362.0,0,0.0,0.0,,0.0,normalDay
2022-12-05,6931.0,984.0,0.0,0,399.59,0.0,1,12.0,2.16,SPY230120P00362000,362.0,0,0.0,0.0,,0.0,normalDay
2022-12-06,6931.0,899.0,0.0,0,393.83,0.0,1,12.0,3.01,SPY230120P00362000,362.0,0,0.0,0.0,,0.0,normalDay
2022-12-07,6931.0,884.0,0.0,0,393.16,0.0,1,12.0,3.16,SPY230120P00362000,362.0,0,0.0,0.0,,0.0,normalDay
2022-12-08,6931.0,940.0,0.0,0,396.24,0.0,1,12.0,2.6,SPY230120P00362000,362.0,0,0.0,0.0,,0.0,normalDay
2022-12-09,6931.0,909.0,0.0,0,393.28,0.0,1,12.0,2.91,SPY230120P00362000,362.0,0,0.0,0.0,,0.0,normalDay
2022-12-12,6931.0,963.0,0.0,0,398.95,0.0,1,12.0,2.37,SPY230120P00362000,362.0,0,0.0,0.0,,0.0,normalDay
2022-12-13,6931.0,1051.0,0.0,0,401.97,0.0,1,12.0,1.49,SPY230120P00362000,362.0,0,0.0,0.0,,0.0,normalDay
2022-12-14,6931.0,1071.0,0.0,0,399.4,0.0,1,12.0,1.29,SPY230120P00362000,362.0,0,0.0,0.0,,0.0,normalDay
2022-12-15,6931.0,957.0,0.0,0,389.63,0.0,1,12.0,2.43,SPY230120P00362000,362.0,0,0.0,0.0,,0.0,normalDay
2022-12-16,6931.0,897.0,0.0,0,383.27,0.0,1,12.0,3.03,SPY230120P00362000,362.0,0,0.0,0.0,,0.0,normalDay
2022-12-19,6931.0,872.0,0.0,0,380.02,0.0,1,12.0,3.28,SPY230120P00362000,362.0,0,0.0,0.0,,0.0,normalDay
2022-12-20,6931.0,918.0,0.0,0,380.54,0.0,1,12.0,2.82,SPY230120P00362000,362.0,0,0.0,0.0,,0.0,normalDay
2022-12-21,6931.0,1034.0,0.0,0,386.23,0.0,1,12.0,1.66,SPY230120P00362000,362.0,0,0.0,0.0,,0.0,normalDay
2022-12-22,6931.0,920.0,0.0,0,380.72,0.0,1,12.0,2.8,SPY230120P00362000,362.0,0,0.0,0.0,,0.0,normalDay
2022-12-23,6931.0,983.0,0.0,0,382.91,0.0,1,12.0,2.17,SPY230120P00362000,362.0,0,0.0,0.0,,0.0,normalDay
2022-12-27,6931.0,989.0,0.0,0,381.4,0.0,1,12.0,2.11,SPY230120P00362000,362.0,0,0.0,0.0,,0.0,normalDay
2022-12-28,6931.0,908.0,0.0,0,376.66,0.0,1,12.0,2.92,SPY230120P00362000,362.0,0,0.0,0.0,,0.0,normalDay
2022-12-29,6931.0,1039.0,0.0,0,383.44,0.0,1,12.0,1.61,SPY230120P00362000,362.0,0,0.0,0.0,,0.0,normalDay
2022-12-30,6931.0,1039.0,0.0,0,382.43,0.0,1,12.0,1.61,SPY230120P00362000,362.0,0,0.0,0.0,,0.0,normalDay
2023-01-03,6931.0,1036.0,0.0,0,380.82,0.0,1,12.0,1.64,SPY230120P00362000,362.0,0,0.0,0.0,,0.0,normalDay
2023-01-04,6931.0,1108.0,0.0,0,383.76,0.0,1,12.0,0.92,SPY230120P00362000,362.0,0,0.0,0.0,,0.0,normalDay
2023-01-05,6931.0,1062.0,0.0,0,379.38,0.0,1,12.0,1.38,SPY230120P00362000,362.0,0,0.0,0.0,,0.0,normalDay
2023-01-06,6931.0,1159.0,0.0,0,388.08,0.0,1,12.0,0.41,SPY230120P00362000,362.0,0,0.0,0.0,,0.0,normalDay
2023-01-09,6931.0,1160.0,0.0,0,387.86,0.0,1,12.0,0.4,SPY230120P00362000,362.0,0,0.0,0.0,,0.0,normalDay
2023-01-10,6931.0,1180.0,0.0,0,390.58,0.0,1,12.0,0.2,SPY230120P00362000,362.0,0,0.0,0.0,,0.0,normalDay
2023-01-11,6931.0,1184.0,0.0,0,395.52,0.0,1,12.0,0.16,SPY230120P00362000,362.0,0,0.0,0.0,,0.0,normalDay
2023-01-12,6931.0,1192.0,0.0,0,396.96,0.0,1,12.0,0.08,SPY230120P00362000,362.0,0,0.0,0.0,,0.0,normalDay
2023-01-13,6931.0,1194.0,0.0,0,398.5,0.0,1,12.0,0.06,SPY230120P00362000,362.0,0,0.0,0.0,,0.0,normalDay
2023-01-17,6931.0,1197.0,0.0,0,397.77,0.0,1,12.0,0.03,SPY230120P00362000,362.0,0,0.0,0.0,,0.0,normalDay
2023-01-18,6931.0,1197.0,0.0,0,391.49,0.0,1,12.0,0.03,SPY230120P00362000,362.0,0,0.0,0.0,,0.0,normalDay
2023-01-19,6931.0,1198.0,0.0,0,388.64,0.0,1,12.0,0.02,SPY230120P00362000,362.0,0,0.0,0.0,,0.0,normalDay
2023-01-20,8131.0,0.0,1200.0,0,395.88,0.0,1,12.0,0.0,SPY230120P00362000,362.0,0,0.0,0.0,,0.0,expirationDay
2023-01-23,8131.0,-5.0,0.0,0,400.63,0.0,1,6.47,6.52,SPY230331P00383000,383.0,0,0.0,0.0,,0.0,normalDay
2023-01-24,8131.0,49.0,0.0,0,400.2,0.0,1,6.47,5.98,SPY230331P00383000,383.0,0,0.0,0.0,,0.0,normalDay
2023-01-25,8131.0,32.0,0.0,0,400.35,0.0,1,6.47,6.15,SPY230331P00383000,383.0,0,0.0,0.0,,0.0,normalDay
2023-01-26,8131.0,138.0,0.0,0,404.75,0.0,1,6.47,5.09,SPY230331P00383000,383.0,0,0.0,0.0,,0.0,normalDay
2023-01-27,8131.0,168.0,0.0,0,405.68,0.0,1,6.47,4.79,SPY230331P00383000,383.0,0,0.0,0.0,,0.0,normalDay
2023-01-30,8131.0,65.0,0.0,0,400.59,0.0,1,6.47,5.82,SPY230331P00383000,383.0,0,0.0,0.0,,0.0,normalDay
2023-01-31,8131.0,184.0,0.0,0,406.48,0.0,1,6.47,4.63,SPY230331P00383000,383.0,0,0.0,0.0,,0.0,normalDay
2023-02-01,8131.0,298.0,0.0,0,410.8,0.0,1,6.47,3.49,SPY230331P00383000,383.0,0,0.0,0.0,,0.0,normalDay
2023-02-02,8131.0,320.0,0.0,0,416.78,0.0,1,6.47,3.27,SPY230331P00383000,383.0,0,0.0,0.0,,0.0,normalDay
2023-02-03,8131.0,295.0,0.0,0,412.35,0.0,1,6.47,3.52,SPY230331P00383000,383.0,0,0.0,0.0,,0.0,normalDay
2023-02-06,8131.0,258.0,0.0,0,409.83,0.0,1,6.47,3.89,SPY230331P00383000,383.0,0,0.0,0.0,,0.0,normalDay
2023-02-07,8131.0,345.0,0.0,0,415.19,0.0,1,6.47,3.02,SPY230331P00383000,383.0,0,0.0,0.0,,0.0,normalDay
2023-02-08,8131.0,270.0,0.0,0,410.65,0.0,1,6.47,3.77,SPY230331P00383000,383.0,0,0.0,0.0,,0.0,normalDay
2023-02-09,8131.0,196.0,0.0,0,407.09,0.0,1,6.47,4.51,SPY230331P00383000,383.0,0,0.0,0.0,,0.0,normalDay
2023-02-10,8131.0,215.0,0.0,0,408.04,0.0,1,6.47,4.32,SPY230331P00383000,383.0,0,0.0,0.0,,0.0,normalDay
2023-02-13,8131.0,326.0,0.0,0,412.83,0.0,1,6.47,3.21,SPY230331P00383000,383.0,0,0.0,0.0,,0.0,normalDay
2023-02-14,8131.0,362.0,0.0,0,412.64,0.0,1,6.47,2.85,SPY230331P00383000,383.0,0,0.0,0.0,,0.0,normalDay
2023-02-15,8131.0,407.0,0.0,0,413.98,0.0,1,6.47,2.4,SPY230331P00383000,383.0,0,0.0,0.0,,0.0,normalDay
2023-02-16,8131.0,299.0,0.0,0,408.28,0.0,1,6.47,3.48,SPY230331P00383000,383.0,0,0.0,0.0,,0.0,normalDay
2023-02-17,8131.0,301.0,0.0,0,407.26,0.0,1,6.47,3.46,SPY230331P00383000,383.0,0,0.0,0.0,,0.0,normalDay
2023-02-21,8131.0,131.0,0.0,0,399.09,0.0,1,6.47,5.16,SPY230331P00383000,383.0,0,0.0,0.0,,0.0,normalDay
2023-02-22,8131.0,147.0,0.0,0,398.54,0.0,1,6.47,5.0,SPY230331P00383000,383.0,0,0.0,0.0,,0.0,normalDay
2023-02-23,8131.0,226.0,0.0,0,400.66,0.0,1,6.47,4.21,SPY230331P00383000,383.0,0,0.0,0.0,,0.0,normalDay
2023-02-24,8131.0,121.0,0.0,0,396.38,0.0,1,6.47,5.26,SPY230331P00383000,383.0,0,0.0,0.0,,0.0,normalDay
2023-02-27,8131.0,219.0,0.0,0,397.73,0.0,1,6.47,4.28,SPY230331P00383000,383.0,0,0.0,0.0,,0.0,normalDay
2023-02-28,8131.0,197.0,0.0,0,396.26,0.0,1,6.47,4.5,SPY230331P00383000,383.0,0,0.0,0.0,,0.0,normalDay
2023-03-01,8131.0,171.0,0.0,0,394.74,0.0,1,6.47,4.76,SPY230331P00383000,383.0,0,0.0,0.0,,0.0,normalDay
2023-03-02,8131.0,281.0,0.0,0,397.81,0.0,1,6.47,3.66,SPY230331P00383000,383.0,0,0.0,0.0,,0.0,normalDay
2023-03-03,8131.0,435.0,0.0,0,404.19,0.0,1,6.47,2.12,SPY230331P00383000,383.0,0,0.0,0.0,,0.0,normalDay
2023-03-06,8131.0,455.0,0.0,0,404.47,0.0,1,6.47,1.92,SPY230331P00383000,383.0,0,0.0,0.0,,0.0,normalDay
2023-03-07,8131.0,341.0,0.0,0,398.27,0.0,1,6.47,3.06,SPY230331P00383000,383.0,0,0.0,0.0,,0.0,normalDay
2023-03-08,8131.0,376.0,0.0,0,398.92,0.0,1,6.47,2.71,SPY230331P00383000,383.0,0,0.0,0.0,,0.0,normalDay
2023-03-09,8131.0,93.0,0.0,0,391.56,0.0,1,6.47,5.54,SPY230331P00383000,383.0,0,0.0,0.0,,0.0,normalDay
2023-03-10,8131.0,-121.0,0.0,0,385.91,0.0,1,6.47,7.68,SPY230331P00383000,383.0,0,0.0,0.0,,0.0,normalDay
2023-03-13,8131.0,-156.0,0.0,0,385.36,0.0,1,6.47,8.03,SPY230331P00383000,383.0,0,0.0,0.0,,0.0,normalDay
2023-03-14,8131.0,176.0,0.0,0,391.73,0.0,1,6.47,4.71,SPY230331P00383000,383.0,0,0.0,0.0,,0.0,normalDay
2023-03-15,8131.0,39.0,0.0,0,389.28,0.0,1,6.47,6.08,SPY230331P00383000,383.0,0,0.0,0.0,,0.0,normalDay
2023-03-16,8131.0,330.0,0.0,0,396.11,0.0,1,6.47,3.17,SPY230331P00383000,383.0,0,0.0,0.0,,0.0,normalDay
2023-03-17,8131.0,190.0,0.0,0,389.99,0.0,1,6.47,4.57,SPY230331P00383000,383.0,0,0.0,0.0,,0.0,normalDay
2023-03-20,8131.0,341.0,0.0,0,393.74,0.0,1,6.47,3.06,SPY230331P00383000,383.0,0,0.0,0.0,,0.0,normalDay
2023-03-21,8131.0,505.0,0.0,0,398.91,0.0,1,6.47,1.42,SPY230331P00383000,383.0,0,0.0,0.0,,0.0,normalDay
2023-03-22,8131.0,397.0,0.0,0,392.11,0.0,1,6.47,2.5,SPY230331P00383000,383.0,0,0.0,0.0,,0.0,normalDay
2023-03-23,8131.0,436.0,0.0,0,393.17,0.0,1,6.47,2.11,SPY230331P00383000,383.0,0,0.0,0.0,,0.0,normalDay
2023-03-24,8131.0,539.0,0.0,0,395.75,0.0,1,6.47,1.08,SPY230331P00383000,383.0,0,0.0,0.0,,0.0,normalDay
2023-03-27,8131.0,608.0,0.0,0,396.49,0.0,1,6.47,0.39,SPY230331P00383000,383.0,0,0.0,0.0,,0.0,normalDay
2023-03-28,8131.0,626.0,0.0,0,395.6,0.0,1,6.47,0.21,SPY230331P00383000,383.0,0,0.0,0.0,,0.0,normalDay
2023-03-29,8131.0,641.0,0.0,0,401.35,0.0,1,6.47,0.06,SPY230331P00383000,383.0,0,0.0,0.0,,0.0,normalDay
2023-03-30,8131.0,643.0,0.0,0,403.7,0.0,1,6.47,0.04,SPY230331P00383000,383.0,0,0.0,0.0,,0.0,normalDay
2023-03-31,8778.0,0.0,647.0,0,409.39,0.0,1,6.47,0.0,SPY230331P00383000,383.0,0,0.0,0.0,,0.0,expirationDay
2023-04-03,8778.0,-4.0,0.0,0,410.95,0.0,1,6.19,6.23,SPY230616P00391000,391.0,0,0.0,0.0,,0.0,normalDay
2023-04-04,8778.0,-62.0,0.0,0,408.67,0.0,1,6.19,6.81,SPY230616P00391000,391.0,0,0.0,0.0,,0.0,normalDay
2023-04-05,8778.0,-94.0,0.0,0,407.6,0.0,1,6.19,7.13,SPY230616P00391000,391.0,0,0.0,0.0,,0.0,normalDay
2023-04-06,8778.0,-35.0,0.0,0,409.19,0.0,1,6.19,6.54,SPY230616P00391000,391.0,0,0.0,0.0,,0.0,normalDay
2023-04-10,8778.0,9.0,0.0,0,409.61,0.0,1,6.19,6.1,SPY230616P00391000,391.0,0,0.0,0.0,,0.0,normalDay
2023-04-11,8778.0,21.0,0.0,0,409.72,0.0,1,6.19,5.98,SPY230616P00391000,391.0,0,0.0,0.0,,0.0,normalDay
2023-04-12,8778.0,-11.0,0.0,0,408.05,0.0,1,6.19,6.3,SPY230616P00391000,391.0,0,0.0,0.0,,0.0,normalDay
2023-04-13,8778.0,142.0,0.0,0,413.47,0.0,1,6.19,4.77,SPY230616P00391000,391.0,0,0.0,0.0,,0.0,normalDay
2023-04-14,8778.0,158.0,0.0,0,412.46,0.0,1,6.19,4.61,SPY230616P00391000,391.0,0,0.0,0.0,,0.0,normalDay
2023-04-17,8778.0,221.0,0.0,0,413.94,0.0,1,6.19,3.98,SPY230616P00391000,391.0,0,0.0,0.0,,0.0,normalDay
2023-04-18,8778.0,224.0,0.0,0,414.21,0.0,1,6.19,3.95,SPY230616P00391000,391.0,0,0.0,0.0,,0.0,normalDay
2023-04-19,8778.0,228.0,0.0,0,414.14,0.0,1,6.19,3.91,SPY230616P00391000,391.0,0,0.0,0.0,,0.0,normalDay
2023-04-20,8778.0,182.0,0.0,0,411.88,0.0,1,6.19,4.37,SPY230616P00391000,391.0,0,0.0,0.0,,0.0,normalDay
2023-04-21,8778.0,197.0,0.0,0,412.2,0.0,1,6.19,4.22,SPY230616P00391000,391.0,0,0.0,0.0,,0.0,normalDay
2023-04-24,8778.0,221.0,0.0,0,412.63,0.0,1,6.19,3.98,SPY230616P00391000,391.0,0,0.0,0.0,,0.0,normalDay
2023-04-25,8778.0,67.0,0.0,0,406.08,0.0,1,6.19,5.52,SPY230616P00391000,391.0,0,0.0,0.0,,0.0,normalDay
2023-04-26,8778.0,19.0,0.0,0,404.36,0.0,1,6.19,6.0,SPY230616P00391000,391.0,0,0.0,0.0,,0.0,normalDay
2023-04-27,8778.0,254.0,0.0,0,412.41,0.0,1,6.19,3.65,SPY230616P00391000,391.0,0,0.0,0.0,,0.0,normalDay
2023-04-28,8778.0,330.0,0.0,0,415.93,0.0,1,6.19,2.89,SPY230616P00391000,391.0,0,0.0,0.0,,0.0,normalDay
2023-05-01,8778.0,337.0,0.0,0,415.51,0.0,1,6.19,2.82,SPY230616P00391000,391.0,0,0.0,0.0,,0.0,normalDay
2023-05-02,8778.0,220.0,0.0,0,410.84,0.0,1,6.19,3.99,SPY230616P00391000,391.0,0,0.0,0.0,,0.0,normalDay
2023-05-03,8778.0,170.0,0.0,0,408.02,0.0,1,6.19,4.49,SPY230616P00391000,391.0,0,0.0,0.0,,0.0,normalDay
2023-05-04,8778.0,42.0,0.0,0,405.13,0.0,1,6.19,5.77,SPY230616P00391000,391.0,0,0.0,0.0,,0.0,normalDay
2023-05-05,8778.0,272.0,0.0,0,412.63,0.0,1,6.19,3.47,SPY230616P00391000,391.0,0,0.0,0.0,,0.0,normalDay
2023-05-08,8778.0,303.0,0.0,0,412.74,0.0,1,6.19,3.16,SPY230616P00391000,391.0,0,0.0,0.0,,0.0,normalDay
2023-05-09,8778.0,274.0,0.0,0,410.93,0.0,1,6.19,3.45,SPY230616P00391000,391.0,0,0.0,0.0,,0.0,normalDay
2023-05-10,8778.0,335.0,0.0,0,412.85,0.0,1,6.19,2.84,SPY230616P00391000,391.0,0,0.0,0.0,,0.0,normalDay
2023-05-11,8778.0,335.0,0.0,0,412.13,0.0,1,6.19,2.84,SPY230616P00391000,391.0,0,0.0,0.0,,0.0,normalDay
2023-05-12,8778.0,337.0,0.0,0,411.59,0.0,1,6.19,2.82,SPY230616P00391000,391.0,0,0.0,0.0,,0.0,normalDay
2023-05-15,8778.0,388.0,0.0,0,413.01,0.0,1,6.19,2.31,SPY230616P00391000,391.0,0,0.0,0.0,,0.0,normalDay
2023-05-16,8778.0,344.0,0.0,0,410.25,0.0,1,6.19,2.75,SPY230616P00391000,391.0,0,0.0,0.0,,0.0,normalDay
2023-05-17,8778.0,436.0,0.0,0,415.23,0.0,1,6.19,1.83,SPY230616P00391000,391.0,0,0.0,0.0,,0.0,normalDay
2023-05-18,8778.0,490.0,0.0,0,419.23,0.0,1,6.19,1.29,SPY230616P00391000,391.0,0,0.0,0.0,,0.0,normalDay
2023-05-19,8778.0,475.0,0.0,0,418.62,0.0,1,6.19,1.44,SPY230616P00391000,391.0,0,0.0,0.0,,0.0,normalDay
2023-05-22,8778.0,480.0,0.0,0,418.79,0.0,1,6.19,1.39,SPY230616P00391000,391.0,0,0.0,0.0,,0.0,normalDay
2023-05-23,8778.0,423.0,0.0,0,414.09,0.0,1,6.19,1.96,SPY230616P00391000,391.0,0,0.0,0.0,,0.0,normalDay
2023-05-24,8778.0,368.0,0.0,0,411.09,0.0,1,6.19,2.51,SPY230616P00391000,391.0,0,0.0,0.0,,0.0,normalDay
2023-05-25,8778.0,436.0,0.0,0,414.65,0.0,1,6.19,1.83,SPY230616P00391000,391.0,0,0.0,0.0,,0.0,normalDay
2023-05-26,8778.0,503.0,0.0,0,420.02,0.0,1,6.19,1.16,SPY230616P00391000,391.0,0,0.0,0.0,,0.0,normalDay
2023-05-30,8778.0,543.0,0.0,0,420.18,0.0,1,6.19,0.76,SPY230616P00391000,391.0,0,0.0,0.0,,0.0,normalDay
2023-05-31,8778.0,539.0,0.0,0,417.85,0.0,1,6.19,0.8,SPY230616P00391000,391.0,0,0.0,0.0,,0.0,normalDay
2023-06-01,8778.0,577.0,0.0,0,421.82,0.0,1,6.19,0.42,SPY230616P00391000,391.0,0,0.0,0.0,,0.0,normalDay
2023-06-02,8778.0,598.0,0.0,0,427.92,0.0,1,6.19,0.21,SPY230616P00391000,391.0,0,0.0,0.0,,0.0,normalDay
2023-06-05,8778.0,602.0,0.0,0,427.1,0.0,1,6.19,0.17,SPY230616P00391000,391.0,0,0.0,0.0,,0.0,normalDay
2023-06-06,8778.0,605.0,0.0,0,428.03,0.0,1,6.19,0.14,SPY230616P00391000,391.0,0,0.0,0.0,,0.0,normalDay
2023-06-07,8778.0,606.0,0.0,0,426.55,0.0,1,6.19,0.13,SPY230616P00391000,391.0,0,0.0,0.0,,0.0,normalDay
2023-06-08,8778.0,606.0,0.0,0,429.13,0.0,1,6.19,0.13,SPY230616P00391000,391.0,0,0.0,0.0,,0.0,normalDay
2023-06-09,8778.0,610.0,0.0,0,429.9,0.0,1,6.19,0.09,SPY230616P00391000,391.0,0,0.0,0.0,,0.0,normalDay
2023-06-12,8778.0,611.0,0.0,0,433.8,0.0,1,6.19,0.08,SPY230616P00391000,391.0,0,0.0,0.0,,0.0,normalDay
2023-06-13,8778.0,613.0,0.0,0,436.66,0.0,1,6.19,0.06,SPY230616P00391000,391.0,0,0.0,0.0,,0.0,normalDay
2023-06-14,8778.0,616.0,0.0,0,437.18,0.0,1,6.19,0.03,SPY230616P00391000,391.0,0,0.0,0.0,,0.0,normalDay
2023-06-15,8778.0,617.0,0.0,0,442.6,0.0,1,6.19,0.02,SPY230616P00391000,391.0,0,0.0,0.0,,0.0,normalDay
2023-06-16,9397.0,0.0,619.0,0,439.46,0.0,1,6.19,0.0,SPY230616P00391000,391.0,0,0.0,0.0,,0.0,expirationDay
2023-06-20,9397.0,-6.0,0.0,0,437.18,0.0,1,5.49,5.55,SPY230915P00420000,420.0,0,0.0,0.0,,0.0,normalDay
2023-06-21,9397.0,-15.0,0.0,0,434.94,0.0,1,5.49,5.64,SPY230915P00420000,420.0,0,0.0,0.0,,0.0,normalDay
2023-06-22,9397.0,26.0,0.0,0,436.51,0.0,1,5.49,5.23,SPY230915P00420000,420.0,0,0.0,0.0,,0.0,normalDay
2023-06-23,9397.0,-39.0,0.0,0,433.21,0.0,1,5.49,5.88,SPY230915P00420000,420.0,0,0.0,0.0,,0.0,normalDay
2023-06-26,9397.0,-58.0,0.0,0,431.44,0.0,1,5.49,6.07,SPY230915P00420000,420.0,0,0.0,0.0,,0.0,normalDay
2023-06-27,9397.0,61.0,0.0,0,436.17,0.0,1,5.49,4.88,SPY230915P00420000,420.0,0,0.0,0.0,,0.0,normalDay
2023-06-28,9397.0,106.0,0.0,0,436.39,0.0,1,5.49,4.43,SPY230915P00420000,420.0,0,0.0,0.0,,0.0,normalDay
2023-06-29,9397.0,118.0,0.0,0,438.11,0.0,1,5.49,4.31,SPY230915P00420000,420.0,0,0.0,0.0,,0.0,normalDay
2023-06-30,9397.0,197.0,0.0,0,443.28,0.0,1,5.49,3.52,SPY230915P00420000,420.0,0,0.0,0.0,,0.0,normalDay
2023-07-03,9397.0,209.0,0.0,0,443.79,0.0,1,5.49,3.4,SPY230915P00420000,420.0,0,0.0,0.0,,0.0,normalDay
2023-07-05,9397.0,188.0,0.0,0,443.13,0.0,1,5.49,3.61,SPY230915P00420000,420.0,0,0.0,0.0,,0.0,normalDay
2023-07-06,9397.0,105.0,0.0,0,439.66,0.0,1,5.49,4.44,SPY230915P00420000,420.0,0,0.0,0.0,,0.0,normalDay
2023-07-07,9397.0,114.0,0.0,0,438.55,0.0,1,5.49,4.35,SPY230915P00420000,420.0,0,0.0,0.0,,0.0,normalDay
2023-07-10,9397.0,139.0,0.0,0,439.66,0.0,1,5.49,4.1,SPY230915P00420000,420.0,0,0.0,0.0,,0.0,normalDay
2023-07-11,9397.0,192.0,0.0,0,442.46,0.0,1,5.49,3.57,SPY230915P00420000,420.0,0,0.0,0.0,,0.0,normalDay
2023-07-12,9397.0,278.0,0.0,0,446.02,0.0,1,5.49,2.71,SPY230915P00420000,420.0,0,0.0,0.0,,0.0,normalDay
2023-07-13,9397.0,307.0,0.0,0,449.56,0.0,1,5.49,2.42,SPY230915P00420000,420.0,0,0.0,0.0,,0.0,normalDay
2023-07-14,9397.0,313.0,0.0,0,449.28,0.0,1,5.49,2.36,SPY230915P00420000,420.0,0,0.0,0.0,,0.0,normalDay
2023-07-17,9397.0,333.0,0.0,0,450.84,0.0,1,5.49,2.16,SPY230915P00420000,420.0,0,0.0,0.0,,0.0,normalDay
2023-07-18,9397.0,371.0,0.0,0,454.19,0.0,1,5.49,1.78,SPY230915P00420000,420.0,0,0.0,0.0,,0.0,normalDay
2023-07-19,9397.0,366.0,0.0,0,455.2,0.0,1,5.49,1.83,SPY230915P00420000,420.0,0,0.0,0.0,,0.0,normalDay
2023-07-20,9397.0,350.0,0.0,0,452.18,0.0,1,5.49,1.99,SPY230915P00420000,420.0,0,0.0,0.0,,0.0,normalDay
2023-07-21,9397.0,359.0,0.0,0,452.18,0.0,1,5.49,1.9,SPY230915P00420000,420.0,0,0.0,0.0,,0.0,normalDay
2023-07-24,9397.0,383.0,0.0,0,454.2,0.0,1,5.49,1.66,SPY230915P00420000,420.0,0,0.0,0.0,,0.0,normalDay
2023-07-25,9397.0,392.0,0.0,0,455.44,0.0,1,5.49,1.57,SPY230915P00420000,420.0,0,0.0,0.0,,0.0,normalDay
2023-07-26,9397.0,413.0,0.0,0,455.51,0.0,1,5.49,1.36,SPY230915P00420000,420.0,0,0.0,0.0,,0.0,normalDay
2023-07-27,9397.0,371.0,0.0,0,452.49,0.0,1,5.49,1.78,SPY230915P00420000,420.0,0,0.0,0.0,,0.0,normalDay
2023-07-28,9397.0,422.0,0.0,0,456.92,0.0,1,5.49,1.27,SPY230915P00420000,420.0,0,0.0,0.0,,0.0,normalDay
2023-07-31,9397.0,436.0,0.0,0,457.79,0.0,1,5.49,1.13,SPY230915P00420000,420.0,0,0.0,0.0,,0.0,normalDay
2023-08-01,9397.0,428.0,0.0,0,456.48,0.0,1,5.49,1.21,SPY230915P00420000,420.0,0,0.0,0.0,,0.0,normalDay
2023-08-02,9397.0,346.0,0.0,0,450.13,0.0,1,5.49,2.03,SPY230915P00420000,420.0,0,0.0,0.0,,0.0,normalDay
2023-08-03,9397.0,352.0,0.0,0,448.84,0.0,1,5.49,1.97,SPY230915P00420000,420.0,0,0.0,0.0,,0.0,normalDay
2023-08-04,9397.0,300.0,0.0,0,446.81,0.0,1,5.49,2.49,SPY230915P00420000,420.0,0,0.0,0.0,,0.0,normalDay
2023-08-07,9397.0,380.0,0.0,0,450.71,0.0,1,5.49,1.69,SPY230915P00420000,420.0,0,0.0,0.0,,0.0,normalDay
2023-08-08,9397.0,361.0,0.0,0,448.75,0.0,1,5.49,1.88,SPY230915P00420000,420.0,0,0.0,0.0,,0.0,normalDay
2023-08-09,9397.0,348.0,0.0,0,445.75,0.0,1,5.49,2.01,SPY230915P00420000,420.0,0,0.0,0.0,,0.0,normalDay
2023-08-10,9397.0,353.0,0.0,0,445.91,0.0,1,5.49,1.96,SPY230915P00420000,420.0,0,0.0,0.0,,0.0,normalDay
2023-08-11,9397.0,380.0,0.0,0,445.65,0.0,1,5.49,1.69,SPY230915P00420000,420.0,0,0.0,0.0,,0.0,normalDay
2023-08-14,9397.0,419.0,0.0,0,448.11,0.0,1,5.49,1.3,SPY230915P00420000,420.0,0,0.0,0.0,,0.0,normalDay
2023-08-15,9397.0,354.0,0.0,0,442.89,0.0,1,5.49,1.95,SPY230915P00420000,420.0,0,0.0,0.0,,0.0,normalDay
2023-08-16,9397.0,317.0,0.0,0,439.64,0.0,1,5.49,2.32,SPY230915P00420000,420.0,0,0.0,0.0,,0.0,normalDay
2023-08-17,9397.0,243.0,0.0,0,436.29,0.0,1,5.49,3.06,SPY230915P00420000,420.0,0,0.0,0.0,,0.0,normalDay
2023-08-18,9397.0,287.0,0.0,0,436.5,0.0,1,5.49,2.62,SPY230915P00420000,420.0,0,0.0,0.0,,0.0,normalDay
2023-08-21,9397.0,354.0,0.0,0,439.34,0.0,1,5.49,1.95,SPY230915P00420000,420.0,0,0.0,0.0,,0.0,normalDay
2023-08-22,9397.0,359.0,0.0,0,438.15,0.0,1,5.49,1.9,SPY230915P00420000,420.0,0,0.0,0.0,,0.0,normalDay
2023-08-23,9397.0,432.0,0.0,0,443.03,0.0,1,5.49,1.17,SPY230915P00420000,420.0,0,0.0,0.0,,0.0,normalDay
2023-08-24,9397.0,358.0,0.0,0,436.89,0.0,1,5.49,1.91,SPY230915P00420000,420.0,0,0.0,0.0,,0.0,normalDay
2023-08-25,9397.0,433.0,0.0,0,439.97,0.0,1,5.49,1.16,SPY230915P00420000,420.0,0,0.0,0.0,,0.0,normalDay
2023-08-28,9397.0,481.0,0.0,0,442.76,0.0,1,5.49,0.68,SPY230915P00420000,420.0,0,0.0,0.0,,0.0,normalDay
2023-08-29,9397.0,511.0,0.0,0,449.16,0.0,1,5.49,0.38,SPY230915P00420000,420.0,0,0.0,0.0,,0.0,normalDay
2023-08-30,9397.0,520.0,0.0,0,451.01,0.0,1,5.49,0.29,SPY230915P00420000,420.0,0,0.0,0.0,,0.0,normalDay
2023-08-31,9397.0,525.0,0.0,0,450.35,0.0,1,5.49,0.24,SPY230915P00420000,420.0,0,0.0,0.0,,0.0,normalDay
2023-09-01,9397.0,530.0,0.0,0,451.19,0.0,1,5.49,0.19,SPY230915P00420000,420.0,0,0.0,0.0,,0.0,normalDay
2023-09-05,9397.0,531.0,0.0,0,449.24,0.0,1,5.49,0.18,SPY230915P00420000,420.0,0,0.0,0.0,,0.0,normalDay
2023-09-06,9397.0,530.0,0.0,0,446.22,0.0,1,5.49,0.19,SPY230915P00420000,420.0,0,0.0,0.0,,0.0,normalDay
2023-09-07,9397.0,534.0,0.0,0,444.85,0.0,1,5.49,0.15,SPY230915P00420000,420.0,0,0.0,0.0,,0.0,normalDay
2023-09-08,9397.0,539.0,0.0,0,445.52,0.0,1,5.49,0.1,SPY230915P00420000,420.0,0,0.0,0.0,,0.0,normalDay
2023-09-11,9397.0,544.0,0.0,0,448.45,0.0,1,5.49,0.05,SPY230915P00420000,420.0,0,0.0,0.0,,0.0,normalDay
2023-09-12,9397.0,543.0,0.0,0,445.99,0.0,1,5.49,0.06,SPY230915P00420000,420.0,0,0.0,0.0,,0.0,normalDay
2023-09-13,9397.0,546.0,0.0,0,446.51,0.0,1,5.49,0.03,SPY230915P00420000,420.0,0,0.0,0.0,,0.0,normalDay
2023-09-14,9397.0,546.0,0.0,0,450.36,0.0,1,5.49,0.03,SPY230915P00420000,420.0,0,0.0,0.0,,0.0,normalDay
2023-09-15,9946.0,0.0,549.0,0,443.37,0.0,1,5.49,0.0,SPY230915P00420000,420.0,0,0.0,0.0,,0.0,expirationDay
2023-09-18,9946.0,-4.0,0.0,0,443.63,0.0,1,7.02,7.06,SPY231117P00442000,442.0,0,0.0,0.0,,0.0,normalDay
2023-09-19,9946.0,-33.0,0.0,0,442.71,0.0,1,7.02,7.35,SPY231117P00442000,442.0,0,0.0,0.0,,0.0,normalDay
2023-09-20,9946.0,-254.0,0.0,0,438.64,0.0,1,7.02,9.56,SPY231117P00442000,442.0,0,0.0,0.0,,0.0,normalDay
2023-09-21,9946.0,-699.0,0.0,0,431.39,0.0,1,7.02,14.01,SPY231117P00442000,442.0,0,0.0,0.0,,0.0,normalDay
2023-09-22,9946.0,-743.0,0.0,0,430.42,0.0,1,7.02,14.45,SPY231117P00442000,442.0,0,0.0,0.0,,0.0,normalDay
2023-09-25,9946.0,-612.0,0.0,0,432.23,0.0,1,7.02,13.14,SPY231117P00442000,442.0,0,0.0,0.0,,0.0,normalDay
2023-09-26,9946.0,-1068.0,0.0,0,425.88,0.0,1,7.02,17.7,SPY231117P00442000,442.0,0,0.0,0.0,,0.0,normalDay
2023-09-27,9946.0,-1033.0,0.0,0,426.05,0.0,1,7.02,17.35,SPY231117P00442000,442.0,0,0.0,0.0,,0.0,normalDay
2023-09-28,9946.0,-870.0,0.0,0,428.52,0.0,1,7.02,15.72,SPY231117P00442000,442.0,0,0.0,0.0,,0.0,normalDay
2023-09-29,9946.0,-922.0,0.0,0,427.48,0.0,1,7.02,16.24,SPY231117P00442000,442.0,0,0.0,0.0,,0.0,normalDay
2023-10-02,9946.0,-917.0,0.0,0,427.31,0.0,1,7.02,16.19,SPY231117P00442000,442.0,0,0.0,0.0,,0.0,normalDay
2023-10-03,9946.0,-1392.0,0.0,0,421.59,0.0,1,7.02,20.94,SPY231117P00442000,442.0,0,0.0,0.0,,0.0,normalDay
2023-10-04,9946.0,-1162.0,0.0,0,424.66,0.0,1,7.02,18.64,SPY231117P00442000,442.0,0,0.0,0.0,,0.0,normalDay
2023-10-05,9946.0,-1188.0,0.0,0,424.5,0.0,1,7.02,18.9,SPY231117P00442000,442.0,0,0.0,0.0,,0.0,normalDay
2023-10-06,9946.0,-737.0,0.0,0,429.54,0.0,1,7.02,14.39,SPY231117P00442000,442.0,0,0.0,0.0,,0.0,normalDay
2023-10-09,9946.0,-548.0,0.0,0,432.29,0.0,1,7.02,12.5,SPY231117P00442000,442.0,0,0.0,0.0,,0.0,normalDay
2023-10-10,9946.0,-397.0,0.0,0,434.54,0.0,1,7.02,10.99,SPY231117P00442000,442.0,0,0.0,0.0,,0.0,normalDay
2023-10-11,9946.0,-215.0,0.0,0,436.32,0.0,1,7.02,9.17,SPY231117P00442000,442.0,0,0.0,0.0,,0.0,normalDay
2023-10-12,9946.0,-390.0,0.0,0,433.66,0.0,1,7.02,10.92,SPY231117P00442000,442.0,0,0.0,0.0,,0.0,normalDay
2023-10-13,9946.0,-622.0,0.0,0,431.5,0.0,1,7.02,13.24,SPY231117P00442000,442.0,0,0.0,0.0,,0.0,normalDay
2023-10-16,9946.0,-239.0,0.0,0,436.04,0.0,1,7.02,9.41,SPY231117P00442000,442.0,0,0.0,0.0,,0.0,normalDay
2023-10-17,9946.0,-273.0,0.0,0,436.02,0.0,1,7.02,9.75,SPY231117P00442000,442.0,0,0.0,0.0,,0.0,normalDay
2023-10-18,9946.0,-619.0,0.0,0,430.21,0.0,1,7.02,13.21,SPY231117P00442000,442.0,0,0.0,0.0,,0.0,normalDay
2023-10-19,9946.0,-1032.0,0.0,0,426.43,0.0,1,7.02,17.34,SPY231117P00442000,442.0,0,0.0,0.0,,0.0,normalDay
2023-10-20,9946.0,-1404.0,0.0,0,421.19,0.0,1,7.02,21.06,SPY231117P00442000,442.0,0,0.0,0.0,,0.0,normalDay
2023-10-23,9946.0,-1386.0,0.0,0,420.46,0.0,1,7.02,20.88,SPY231117P00442000,442.0,0,0.0,0.0,,0.0,normalDay
2023-10-24,9946.0,-1124.0,0.0,0,423.63,0.0,1,7.02,18.26,SPY231117P00442000,442.0,0,0.0,0.0,,0.0,normalDay
2023-10-25,9946.0,-1812.0,0.0,0,417.55,0.0,1,7.02,25.14,SPY231117P00442000,442.0,0,0.0,0.0,,0.0,normalDay
2023-10-26,9946.0,-2294.0,0.0,0,412.55,0.0,1,7.02,29.96,SPY231117P00442000,442.0,0,0.0,0.0,,0.0,normalDay
2023-10-27,9946.0,-2479.0,0.0,0,410.68,0.0,1,7.02,31.81,SPY231117P00442000,442.0,0,0.0,0.0,,0.0,normalDay
2023-10-30,9946.0,-1977.0,0.0,0,415.59,0.0,1,7.02,26.79,SPY231117P00442000,442.0,0,0.0,0.0,,0.0,normalDay
2023-10-31,9946.0,-1727.0,0.0,0,418.2,0.0,1,7.02,24.29,SPY231117P00442000,442.0,0,0.0,0.0,,0.0,normalDay
2023-11-01,9946.0,-1253.0,0.0,0,422.66,0.0,1,7.02,19.55,SPY231117P00442000,442.0,0,0.0,0.0,,0.0,normalDay
2023-11-02,9946.0,-490.0,0.0,0,430.76,0.0,1,7.02,11.92,SPY231117P00442000,442.0,0,0.0,0.0,,0.0,normalDay
2023-11-03,9946.0,-94.0,0.0,0,434.69,0.0,1,7.02,7.96,SPY231117P00442000,442.0,0,0.0,0.0,,0.0,normalDay
2023-11-06,9946.0,-37.0,0.0,0,435.69,0.0,1,7.02,7.39,SPY231117P00442000,442.0,0,0.0,0.0,,0.0,normalDay
2023-11-07,9946.0,79.0,0.0,0,436.93,0.0,1,7.02,6.23,SPY231117P00442000,442.0,0,0.0,0.0,,0.0,normalDay
2023-11-08,9946.0,105.0,0.0,0,437.25,0.0,1,7.02,5.97,SPY231117P00442000,442.0,0,0.0,0.0,,0.0,normalDay
2023-11-09,9946.0,-140.0,0.0,0,433.84,0.0,1,7.02,8.42,SPY231117P00442000,442.0,0,0.0,0.0,,0.0,normalDay
2023-11-10,9946.0,381.0,0.0,0,440.61,0.0,1,7.02,3.21,SPY231117P00442000,442.0,0,0.0,0.0,,0.0,normalDay
2023-11-13,9946.0,359.0,0.0,0,440.19,0.0,1,7.02,3.43,SPY231117P00442000,442.0,0,0.0,0.0,,0.0,normalDay
2023-11-14,9946.0,663.0,0.0,0,448.73,0.0,1,7.02,0.39,SPY231117P00442000,442.0,0,0.0,0.0,,0.0,normalDay
2023-11-15,9946.0,684.0,0.0,0,449.68,0.0,1,7.02,0.18,SPY231117P00442000,442.0,0,0.0,0.0,,0.0,normalDay
2023-11-16,9946.0,697.0,0.0,0,450.23,0.0,1,7.02,0.05,SPY231117P00442000,442.0,0,0.0,0.0,,0.0,normalDay
2023-11-17,10648.0,0.0,702.0,0,450.79,0.0,1,7.02,0.0,SPY231117P00442000,442.0,0,0.0,0.0,,0.0,expirationDay
2023-11-20,10648.0,-4.0,0.0,0,454.26,0.0,1,2.44,2.48,SPY240131P00424000,424.0,0,0.0,0.0,,0.0,normalDay
2023-11-21,10648.0,-5.0,0.0,0,453.27,0.0,1,2.44,2.49,SPY240131P00424000,424.0,0,0.0,0.0,,0.0,normalDay
2023-11-22,10648.0,18.0,0.0,0,455.02,0.0,1,2.44,2.26,SPY240131P00424000,424.0,0,0.0,0.0,,0.0,normalDay
2023-11-24,10648.0,38.0,0.0,0,455.3,0.0,1,2.44,2.06,SPY240131P00424000,424.0,0,0.0,0.0,,0.0,normalDay
2023-11-27,10648.0,39.0,0.0,0,454.48,0.0,1,2.44,2.05,SPY240131P00424000,424.0,0,0.0,0.0,,0.0,normalDay
2023-11-28,10648.0,49.0,0.0,0,454.93,0.0,1,2.44,1.95,SPY240131P00424000,424.0,0,0.0,0.0,,0.0,normalDay
2023-11-29,10648.0,43.0,0.0,0,454.61,0.0,1,2.44,2.01,SPY240131P00424000,424.0,0,0.0,0.0,,0.0,normalDay
2023-11-30,10648.0,55.0,0.0,0,456.4,0.0,1,2.44,1.89,SPY240131P00424000,424.0,0,0.0,0.0,,0.0,normalDay
