date,totalCapital,unrializedPnL,rializedPnL,stocksOwned,stocksPriceToday,stocksPriceBoughtAt,putOwned,putOwnedSoldAt,putPriceToday,putOwnedContract,putOwnedStrike,callOwned,callOwnedSoldAt,callPriceToday,callOwnedContract,callOwnedStrike,trackType
2018-11-01,0.0,0.0,0.0,0,273.51,0.0,0,0.0,0.0,,0.0,0,0.0,0.0,,0.0,bidTooLow
2018-11-02,0.0,0.0,0.0,0,271.89,0.0,0,0.0,0.0,,0.0,0,0.0,0.0,,0.0,bidTooLow
2018-11-05,0.0,-3.0,0.0,0,273.39,0.0,1,0.12,0.15,SPY181107P00262000,262.0,0,0.0,0.0,,0.0,normalDay
2018-11-06,0.0,5.0,0.0,0,275.12,0.0,1,0.12,0.07,SPY181107P00262000,262.0,0,0.0,0.0,,0.0,normalDay
2018-11-07,12.0,0.0,12.0,0,281.01,0.0,1,0.12,0.0,SPY181107P00262000,262.0,0,0.0,0.0,,0.0,expirationDay
2018-11-08,12.0,0.0,0.0,0,280.5,0.0,0,0.0,0.0,,0.0,0,0.0,0.0,,0.0,bidTooLow
2018-11-09,12.0,0.0,0.0,0,277.76,0.0,0,0.0,0.0,,0.0,0,0.0,0.0,,0.0,bidTooLow
2018-11-12,12.0,-3.0,0.0,0,272.57,0.0,1,0.16,0.19,SPY181114P00263000,263.0,0,0.0,0.0,,0.0,normalDay
2018-11-13,12.0,12.0,0.0,0,272.06,0.0,1,0.16,0.04,SPY181114P00263000,263.0,0,0.0,0.0,,0.0,normalDay
2018-11-14,28.0,0.0,16.0,0,270.2,0.0,1,0.16,0.0,SPY181114P00263000,263.0,0,0.0,0.0,,0.0,expirationDay
2018-11-15,28.0,-3.0,0.0,0,273.02,0.0,1,0.02,0.05,SPY181116P00263000,263.0,0,0.0,0.0,,0.0,normalDay
2018-11-16,30.0,0.0,2.0,0,273.73,0.0,1,0.02,0.0,SPY181116P00263000,263.0,0,0.0,0.0,,0.0,expirationDay
2018-11-19,30.0,-4.0,0.0,0,269.1,0.0,1,0.27,0.31,SPY181121P00263000,263.0,0,0.0,0.0,,0.0,normalDay
2018-11-20,30.0,-85.0,0.0,0,264.12,0.0,1,0.27,1.12,SPY181121P00263000,263.0,0,0.0,0.0,,0.0,normalDay
2018-11-21,57.0,0.0,27.0,0,265.02,0.0,1,0.27,0.0,SPY181121P00263000,263.0,0,0.0,0.0,,0.0,expirationDay
2018-11-23,57.0,-5.0,0.0,0,263.25,0.0,1,0.66,0.71,SPY181126P00260500,260.5,0,0.0,0.0,,0.0,normalDay
2018-11-26,123.0,0.0,66.0,0,267.5,0.0,1,0.66,0.0,SPY181126P00260500,260.5,0,0.0,0.0,,0.0,expirationDay
2018-11-27,123.0,-3.0,0.0,0,268.4,0.0,1,0.36,0.39,SPY181130P00262000,262.0,0,0.0,0.0,,0.0,normalDay
2018-11-28,123.0,31.0,0.0,0,274.58,0.0,1,0.36,0.05,SPY181130P00262000,262.0,0,0.0,0.0,,0.0,normalDay
2018-11-29,123.0,34.0,0.0,0,273.98,0.0,1,0.36,0.02,SPY181130P00262000,262.0,0,0.0,0.0,,0.0,normalDay
2018-11-30,159.0,0.0,36.0,0,275.65,0.0,1,0.36,0.0,SPY181130P00262000,262.0,0,0.0,0.0,,0.0,expirationDay
2018-12-03,159.0,0.0,0.0,0,279.3,0.0,0,0.0,0.0,,0.0,0,0.0,0.0,,0.0,bidTooLow
2018-12-04,159.0,-6.0,0.0,0,270.25,0.0,1,0.45,0.51,SPY181207P00262000,262.0,0,0.0,0.0,,0.0,normalDay
2018-12-06,159.0,35.0,0.0,0,269.84,0.0,1,0.45,0.1,SPY181207P00262000,262.0,0,0.0,0.0,,0.0,normalDay
2018-12-07,204.0,0.0,45.0,0,263.57,0.0,1,0.45,0.0,SPY181207P00262000,262.0,0,0.0,0.0,,0.0,expirationDay
2018-12-10,204.0,-5.0,0.0,0,264.07,0.0,1,0.92,0.97,SPY181212P00261000,261.0,0,0.0,0.0,,0.0,normalDay
2018-12-11,204.0,35.0,0.0,0,264.13,0.0,1,0.92,0.57,SPY181212P00261000,261.0,0,0.0,0.0,,0.0,normalDay
2018-12-12,296.0,0.0,92.0,0,265.46,0.0,1,0.92,0.0,SPY181212P00261000,261.0,0,0.0,0.0,,0.0,expirationDay
2018-12-13,296.0,-3.0,0.0,0,265.37,0.0,1,0.1,0.13,SPY181214P00259500,259.5,0,0.0,0.0,,0.0,normalDay
2018-12-14,306.0,0.0,10.0,0,260.47,0.0,1,0.1,0.0,SPY181214P00259500,259.5,0,0.0,0.0,,0.0,expirationDay
2018-12-17,306.0,-10.0,0.0,0,255.36,0.0,1,2.57,2.67,SPY181219P00256000,256.0,0,0.0,0.0,,0.0,normalDay
2018-12-18,306.0,-47.0,0.0,0,255.08,0.0,1,2.57,3.04,SPY181219P00256000,256.0,0,0.0,0.0,,0.0,normalDay
2018-12-19,563.0,-474.0,257.0,100,251.26,256.0,1,2.57,0.0,SPY181219P00256000,256.0,0,0.0,0.0,,0.0,expirationDay
2018-12-20,563.0,-883.0,0.0,100,247.17,256.0,0,0.0,0.0,,0.0,0,0.0,0.0,,0.0,bidTooLow
2018-12-21,563.0,-1530.0,0.0,100,240.7,256.0,0,0.0,0.0,,0.0,0,0.0,0.0,,0.0,bidTooLow
2018-12-24,563.0,-2166.0,0.0,100,234.34,256.0,0,0.0,0.0,,0.0,0,0.0,0.0,,0.0,bidTooLow
2018-12-26,563.0,-982.0,0.0,100,246.18,256.0,0,0.0,0.0,,0.0,0,0.0,0.0,,0.0,bidTooLow
2018-12-27,563.0,-793.0,0.0,100,248.07,256.0,0,0.0,0.0,,0.0,0,0.0,0.0,,0.0,bidTooLow
2018-12-28,563.0,-825.0,0.0,100,247.75,256.0,0,0.0,0.0,,0.0,0,0.0,0.0,,0.0,bidTooLow
2018-12-31,563.0,-608.0,0.0,100,249.92,256.0,0,0.0,0.0,,0.0,0,0.0,0.0,,0.0,bidTooLow
2019-01-02,563.0,-582.0,0.0,100,250.18,256.0,0,0.0,0.0,,0.0,0,0.0,0.0,,0.0,bidTooLow
2019-01-03,563.0,-1179.0,0.0,100,244.21,256.0,0,0.0,0.0,,0.0,0,0.0,0.0,,0.0,bidTooLow
2019-01-04,563.0,-361.0,0.0,100,252.39,256.0,0,0.0,0.0,,0.0,0,0.0,0.0,,0.0,bidTooLow
2019-01-07,563.0,-162.0,0.0,100,254.38,256.0,0,0.0,0.0,,0.0,0,0.0,0.0,,0.0,bidTooLow
2019-01-08,563.0,77.0,0.0,100,256.77,256.0,0,0.0,0.0,,0.0,0,0.0,0.0,,0.0,bidTooLow
2019-01-09,563.0,197.0,0.0,100,257.97,256.0,0,0.0,0.0,,0.0,0,0.0,0.0,,0.0,bidTooLow
2019-01-10,563.0,288.0,0.0,100,258.88,256.0,0,0.0,0.0,,0.0,0,0.0,0.0,,0.0,bidTooLow
2019-01-11,563.0,298.0,0.0,100,258.98,256.0,0,0.0,0.0,,0.0,0,0.0,0.0,,0.0,bidTooLow
2019-01-14,563.0,140.0,0.0,100,257.4,256.0,0,0.0,0.0,,0.0,0,0.0,0.0,,0.0,bidTooLow
2019-01-15,563.0,435.0,0.0,100,260.35,256.0,0,0.0,0.0,,0.0,0,0.0,0.0,,0.0,bidTooLow
2019-01-16,563.0,498.0,0.0,100,260.98,256.0,0,0.0,0.0,,0.0,0,0.0,0.0,,0.0,bidTooLow
2019-01-17,563.0,696.0,0.0,100,262.96,256.0,0,0.0,0.0,,0.0,0,0.0,0.0,,0.0,bidTooLow
2019-01-18,563.0,1046.0,0.0,100,266.46,256.0,0,0.0,0.0,,0.0,0,0.0,0.0,,0.0,bidTooLow
2019-01-22,563.0,686.0,0.0,100,262.86,256.0,0,0.0,0.0,,0.0,0,0.0,0.0,,0.0,bidTooLow
2019-01-23,563.0,741.0,0.0,100,263.41,256.0,0,0.0,0.0,,0.0,0,0.0,0.0,,0.0,bidTooLow
2019-01-24,563.0,755.0,0.0,100,263.55,256.0,0,0.0,0.0,,0.0,0,0.0,0.0,,0.0,bidTooLow
2019-01-25,563.0,978.0,0.0,100,265.78,256.0,0,0.0,0.0,,0.0,0,0.0,0.0,,0.0,bidTooLow
2019-01-28,563.0,776.0,0.0,100,263.76,256.0,0,0.0,0.0,,0.0,0,0.0,0.0,,0.0,bidTooLow
2019-01-29,563.0,741.0,0.0,100,263.41,256.0,0,0.0,0.0,,0.0,0,0.0,0.0,,0.0,bidTooLow
2019-01-30,563.0,1158.0,0.0,100,267.58,256.0,0,0.0,0.0,,0.0,0,0.0,0.0,,0.0,bidTooLow
2019-01-31,563.0,1390.0,0.0,100,269.93,256.0,0,0.0,0.0,,0.0,1,0.01,0.04,SPY190208C00282500,282.5,normalDay
2019-02-01,563.0,1405.0,0.0,100,270.06,256.0,0,0.0,0.0,,0.0,1,0.01,0.02,SPY190208C00282500,282.5,normalDay
2019-02-04,563.0,1595.0,0.0,100,271.96,256.0,0,0.0,0.0,,0.0,1,0.01,0.02,SPY190208C00282500,282.5,normalDay
2019-02-05,563.0,1710.0,0.0,100,273.1,256.0,0,0.0,0.0,,0.0,1,0.01,0.01,SPY190208C00282500,282.5,normalDay
2019-02-06,563.0,1674.0,0.0,100,272.74,256.0,0,0.0,0.0,,0.0,1,0.01,0.01,SPY190208C00282500,282.5,normalDay
2019-02-07,563.0,1414.0,0.0,100,270.14,256.0,0,0.0,0.0,,0.0,1,0.01,0.01,SPY190208C00282500,282.5,normalDay
2019-02-08,564.0,1447.0,1.0,100,270.47,256.0,0,0.0,0.0,,0.0,1,0.01,0.0,SPY190208C00282500,282.5,expirationDay
2019-02-11,564.0,1462.0,0.0,100,270.62,256.0,0,0.0,0.0,,0.0,0,0.0,0.0,,0.0,bidTooLow
2019-02-12,564.0,1807.0,0.0,100,274.1,256.0,0,0.0,0.0,,0.0,1,0.01,0.04,SPY190220C00283000,283.0,normalDay
2019-02-13,564.0,1896.0,0.0,100,274.99,256.0,0,0.0,0.0,,0.0,1,0.01,0.04,SPY190220C00283000,283.0,normalDay
2019-02-14,564.0,1837.0,0.0,100,274.38,256.0,0,0.0,0.0,,0.0,1,0.01,0.02,SPY190220C00283000,283.0,normalDay
2019-02-15,564.0,2136.0,0.0,100,277.37,256.0,0,0.0,0.0,,0.0,1,0.01,0.02,SPY190220C00283000,283.0,normalDay
2019-02-19,564.0,2185.0,0.0,100,277.85,256.0,0,0.0,0.0,,0.0,1,0.01,0.01,SPY190220C00283000,283.0,normalDay
2019-02-20,565.0,2241.0,1.0,100,278.41,256.0,0,0.0,0.0,,0.0,1,0.01,0.0,SPY190220C00283000,283.0,expirationDay
2019-02-21,565.0,2142.0,0.0,100,277.42,256.0,0,0.0,0.0,,0.0,0,0.0,0.0,,0.0,bidTooLow
2019-02-22,565.0,2314.0,0.0,100,279.14,256.0,0,0.0,0.0,,0.0,0,0.0,0.0,,0.0,bidTooLow
2019-02-25,565.0,2352.0,0.0,100,279.52,256.0,0,0.0,0.0,,0.0,0,0.0,0.0,,0.0,bidTooLow
2019-02-26,565.0,2332.0,0.0,100,279.32,256.0,0,0.0,0.0,,0.0,0,0.0,0.0,,0.0,bidTooLow
2019-02-27,565.0,2320.0,0.0,100,279.2,256.0,0,0.0,0.0,,0.0,0,0.0,0.0,,0.0,bidTooLow
2019-02-28,565.0,2268.0,0.0,100,278.68,256.0,0,0.0,0.0,,0.0,0,0.0,0.0,,0.0,bidTooLow
2019-03-01,565.0,2442.0,0.0,100,280.42,256.0,0,0.0,0.0,,0.0,0,0.0,0.0,,0.0,bidTooLow
2019-03-04,565.0,2340.0,0.0,100,279.4,256.0,0,0.0,0.0,,0.0,0,0.0,0.0,,0.0,bidTooLow
2019-03-05,565.0,2302.0,0.0,100,279.02,256.0,0,0.0,0.0,,0.0,0,0.0,0.0,,0.0,bidTooLow
2019-03-06,565.0,2133.0,0.0,100,277.33,256.0,0,0.0,0.0,,0.0,0,0.0,0.0,,0.0,bidTooLow
2019-03-07,565.0,1901.0,0.0,100,275.01,256.0,0,0.0,0.0,,0.0,0,0.0,0.0,,0.0,bidTooLow
2019-03-08,565.0,1846.0,0.0,100,274.46,256.0,0,0.0,0.0,,0.0,0,0.0,0.0,,0.0,bidTooLow
2019-03-11,565.0,2244.0,0.0,100,278.44,256.0,0,0.0,0.0,,0.0,0,0.0,0.0,,0.0,bidTooLow
2019-03-12,565.0,2346.0,0.0,100,279.49,256.0,0,0.0,0.0,,0.0,1,0.05,0.08,SPY190320C00285000,285.0,normalDay
2019-03-13,565.0,2516.0,0.0,100,281.34,256.0,0,0.0,0.0,,0.0,1,0.05,0.23,SPY190320C00285000,285.0,normalDay
2019-03-14,565.0,2510.0,0.0,100,281.16,256.0,0,0.0,0.0,,0.0,1,0.05,0.11,SPY190320C00285000,285.0,normalDay
2019-03-15,565.0,2523.0,0.0,100,281.31,256.0,0,0.0,0.0,,0.0,1,0.05,0.13,SPY190320C00285000,285.0,normalDay
2019-03-18,565.0,2622.0,0.0,100,282.33,256.0,0,0.0,0.0,,0.0,1,0.05,0.16,SPY190320C00285000,285.0,normalDay
2019-03-19,565.0,2636.0,0.0,100,282.4,256.0,0,0.0,0.0,,0.0,1,0.05,0.09,SPY190320C00285000,285.0,normalDay
2019-03-20,570.0,2555.0,5.0,100,281.55,256.0,0,0.0,0.0,,0.0,1,0.05,0.0,SPY190320C00285000,285.0,expirationDay
2019-03-21,570.0,2870.0,0.0,100,284.73,256.0,0,0.0,0.0,,0.0,1,0.4,0.43,SPY190329C00289000,289.0,normalDay
2019-03-22,570.0,2358.0,0.0,100,279.25,256.0,0,0.0,0.0,,0.0,1,0.4,0.07,SPY190329C00289000,289.0,normalDay
2019-03-25,570.0,2342.0,0.0,100,279.04,256.0,0,0.0,0.0,,0.0,1,0.4,0.02,SPY190329C00289000,289.0,normalDay
2019-03-26,570.0,2550.0,0.0,100,281.12,256.0,0,0.0,0.0,,0.0,1,0.4,0.02,SPY190329C00289000,289.0,normalDay
2019-03-27,570.0,2404.0,0.0,100,279.65,256.0,0,0.0,0.0,,0.0,1,0.4,0.01,SPY190329C00289000,289.0,normalDay
2019-03-28,570.0,2510.0,0.0,100,280.71,256.0,0,0.0,0.0,,0.0,1,0.4,0.01,SPY190329C00289000,289.0,normalDay
2019-03-29,610.0,2648.0,40.0,100,282.48,256.0,0,0.0,0.0,,0.0,1,0.4,0.0,SPY190329C00289000,289.0,expirationDay
2019-04-01,610.0,2980.0,0.0,100,285.83,256.0,0,0.0,0.0,,0.0,1,0.07,0.1,SPY190408C00291000,291.0,normalDay
2019-04-02,610.0,2997.0,0.0,100,285.97,256.0,0,0.0,0.0,,0.0,1,0.07,0.07,SPY190408C00291000,291.0,normalDay
2019-04-03,610.0,3037.0,0.0,100,286.42,256.0,0,0.0,0.0,,0.0,1,0.07,0.12,SPY190408C00291000,291.0,normalDay
2019-04-04,610.0,3115.0,0.0,100,287.18,256.0,0,0.0,0.0,,0.0,1,0.07,0.1,SPY190408C00291000,291.0,normalDay
2019-04-05,610.0,3260.0,0.0,100,288.57,256.0,0,0.0,0.0,,0.0,1,0.07,0.04,SPY190408C00291000,291.0,normalDay
2019-04-08,617.0,3279.0,7.0,100,288.79,256.0,0,0.0,0.0,,0.0,1,0.07,0.0,SPY190408C00291000,291.0,expirationDay
2019-04-09,617.0,3128.0,0.0,100,287.31,256.0,0,0.0,0.0,,0.0,1,0.02,0.05,SPY190417C00295000,295.0,normalDay
2019-04-10,617.0,3226.0,0.0,100,288.29,256.0,0,0.0,0.0,,0.0,1,0.02,0.05,SPY190417C00295000,295.0,normalDay
2019-04-11,617.0,3221.0,0.0,100,288.21,256.0,0,0.0,0.0,,0.0,1,0.02,0.02,SPY190417C00295000,295.0,normalDay
2019-04-12,617.0,3414.0,0.0,100,290.16,256.0,0,0.0,0.0,,0.0,1,0.02,0.04,SPY190417C00295000,295.0,normalDay
2019-04-15,617.0,3398.0,0.0,100,289.97,256.0,0,0.0,0.0,,0.0,1,0.02,0.01,SPY190417C00295000,295.0,normalDay
2019-04-16,617.0,3417.0,0.0,100,290.16,256.0,0,0.0,0.0,,0.0,1,0.02,0.01,SPY190417C00295000,295.0,normalDay
2019-04-17,619.0,3345.0,2.0,100,289.45,256.0,0,0.0,0.0,,0.0,1,0.02,0.0,SPY190417C00295000,295.0,expirationDay
2019-04-18,619.0,3402.0,0.0,100,290.02,256.0,0,0.0,0.0,,0.0,0,0.0,0.0,,0.0,bidTooLow
2019-04-22,619.0,3427.0,0.0,100,290.27,256.0,0,0.0,0.0,,0.0,0,0.0,0.0,,0.0,bidTooLow
2019-04-23,619.0,3688.0,0.0,100,292.88,256.0,0,0.0,0.0,,0.0,0,0.0,0.0,,0.0,bidTooLow
2019-04-24,619.0,3623.0,0.0,100,292.23,256.0,0,0.0,0.0,,0.0,0,0.0,0.0,,0.0,bidTooLow
2019-04-25,619.0,3602.0,0.0,100,292.05,256.0,0,0.0,0.0,,0.0,1,0.02,0.05,SPY190503C00300000,300.0,normalDay
2019-04-26,619.0,3739.0,0.0,100,293.41,256.0,0,0.0,0.0,,0.0,1,0.02,0.04,SPY190503C00300000,300.0,normalDay
2019-04-29,619.0,3786.0,0.0,100,293.87,256.0,0,0.0,0.0,,0.0,1,0.02,0.03,SPY190503C00300000,300.0,normalDay
2019-04-30,619.0,3803.0,0.0,100,294.02,256.0,0,0.0,0.0,,0.0,1,0.02,0.01,SPY190503C00300000,300.0,normalDay
2019-05-01,619.0,3582.0,0.0,100,291.81,256.0,0,0.0,0.0,,0.0,1,0.02,0.01,SPY190503C00300000,300.0,normalDay
2019-05-02,619.0,3519.0,0.0,100,291.18,256.0,0,0.0,0.0,,0.0,1,0.02,0.01,SPY190503C00300000,300.0,normalDay
2019-05-03,621.0,3803.0,2.0,100,294.03,256.0,0,0.0,0.0,,0.0,1,0.02,0.0,SPY190503C00300000,300.0,expirationDay
2019-05-06,621.0,3679.0,0.0,100,292.82,256.0,0,0.0,0.0,,0.0,1,0.05,0.08,SPY190513C00299000,299.0,normalDay
2019-05-07,621.0,3194.0,0.0,100,287.93,256.0,0,0.0,0.0,,0.0,1,0.05,0.04,SPY190513C00299000,299.0,normalDay
2019-05-08,621.0,3156.0,0.0,100,287.53,256.0,0,0.0,0.0,,0.0,1,0.05,0.02,SPY190513C00299000,299.0,normalDay
2019-05-09,621.0,3068.0,0.0,100,286.66,256.0,0,0.0,0.0,,0.0,1,0.05,0.03,SPY190513C00299000,299.0,normalDay
2019-05-10,621.0,3214.0,0.0,100,288.1,256.0,0,0.0,0.0,,0.0,1,0.05,0.01,SPY190513C00299000,299.0,normalDay
2019-05-13,626.0,2486.0,5.0,100,280.86,256.0,0,0.0,0.0,,0.0,1,0.05,0.0,SPY190513C00299000,299.0,expirationDay
2019-05-14,626.0,2740.0,0.0,100,283.4,256.0,0,0.0,0.0,,0.0,0,0.0,0.0,,0.0,bidTooLow
2019-05-15,626.0,2906.0,0.0,100,285.06,256.0,0,0.0,0.0,,0.0,0,0.0,0.0,,0.0,bidTooLow
2019-05-16,626.0,3170.0,0.0,100,287.7,256.0,0,0.0,0.0,,0.0,0,0.0,0.0,,0.0,bidTooLow
2019-05-17,626.0,2984.0,0.0,100,285.84,256.0,0,0.0,0.0,,0.0,0,0.0,0.0,,0.0,bidTooLow
2019-05-20,626.0,2795.0,0.0,100,283.95,256.0,0,0.0,0.0,,0.0,0,0.0,0.0,,0.0,bidTooLow
2019-05-21,626.0,3051.0,0.0,100,286.51,256.0,0,0.0,0.0,,0.0,0,0.0,0.0,,0.0,bidTooLow
2019-05-22,626.0,2963.0,0.0,100,285.63,256.0,0,0.0,0.0,,0.0,0,0.0,0.0,,0.0,bidTooLow
2019-05-23,626.0,2614.0,0.0,100,282.14,256.0,0,0.0,0.0,,0.0,0,0.0,0.0,,0.0,bidTooLow
2019-05-24,626.0,2678.0,0.0,100,282.78,256.0,0,0.0,0.0,,0.0,0,0.0,0.0,,0.0,bidTooLow
2019-05-28,626.0,2415.0,0.0,100,280.15,256.0,0,0.0,0.0,,0.0,0,0.0,0.0,,0.0,bidTooLow
2019-05-29,626.0,2227.0,0.0,100,278.27,256.0,0,0.0,0.0,,0.0,0,0.0,0.0,,0.0,bidTooLow
2019-05-30,626.0,2303.0,0.0,100,279.03,256.0,0,0.0,0.0,,0.0,0,0.0,0.0,,0.0,bidTooLow
2019-05-31,626.0,1927.0,0.0,100,275.27,256.0,0,0.0,0.0,,0.0,0,0.0,0.0,,0.0,bidTooLow
2019-06-03,626.0,1857.0,0.0,100,274.57,256.0,0,0.0,0.0,,0.0,0,0.0,0.0,,0.0,bidTooLow
2019-06-04,626.0,2453.0,0.0,100,280.53,256.0,0,0.0,0.0,,0.0,0,0.0,0.0,,0.0,bidTooLow
2019-06-05,626.0,2696.0,0.0,100,282.96,256.0,0,0.0,0.0,,0.0,0,0.0,0.0,,0.0,bidTooLow
2019-06-06,626.0,2877.0,0.0,100,284.8,256.0,0,0.0,0.0,,0.0,1,0.02,0.05,SPY190614C00297000,297.0,normalDay
2019-06-07,626.0,3160.0,0.0,100,287.65,256.0,0,0.0,0.0,,0.0,1,0.02,0.07,SPY190614C00297000,297.0,normalDay
2019-06-10,626.0,3295.0,0.0,100,288.97,256.0,0,0.0,0.0,,0.0,1,0.02,0.04,SPY190614C00297000,297.0,normalDay
2019-06-11,626.0,3290.0,0.0,100,288.9,256.0,0,0.0,0.0,,0.0,1,0.02,0.02,SPY190614C00297000,297.0,normalDay
2019-06-12,626.0,3240.0,0.0,100,288.39,256.0,0,0.0,0.0,,0.0,1,0.02,0.01,SPY190614C00297000,297.0,normalDay
2019-06-13,626.0,3359.0,0.0,100,289.58,256.0,0,0.0,0.0,,0.0,1,0.02,0.01,SPY190614C00297000,297.0,normalDay
2019-06-14,628.0,3326.0,2.0,100,289.26,256.0,0,0.0,0.0,,0.0,1,0.02,0.0,SPY190614C00297000,297.0,expirationDay
2019-06-17,628.0,3337.0,0.0,100,289.37,256.0,0,0.0,0.0,,0.0,0,0.0,0.0,,0.0,bidTooLow
2019-06-18,628.0,3637.0,0.0,100,292.4,256.0,0,0.0,0.0,,0.0,1,0.01,0.04,SPY190626C00303000,303.0,normalDay
2019-06-19,628.0,3703.0,0.0,100,293.06,256.0,0,0.0,0.0,,0.0,1,0.01,0.04,SPY190626C00303000,303.0,normalDay
2019-06-20,628.0,3978.0,0.0,100,295.86,256.0,0,0.0,0.0,,0.0,1,0.01,0.09,SPY190626C00303000,303.0,normalDay
2019-06-21,628.0,3799.0,0.0,100,294.0,256.0,0,0.0,0.0,,0.0,1,0.01,0.02,SPY190626C00303000,303.0,normalDay
2019-06-24,628.0,3764.0,0.0,100,293.64,256.0,0,0.0,0.0,,0.0,1,0.01,0.01,SPY190626C00303000,303.0,normalDay
2019-06-25,628.0,3476.0,0.0,100,290.76,256.0,0,0.0,0.0,,0.0,1,0.01,0.01,SPY190626C00303000,303.0,normalDay
2019-06-26,629.0,3447.0,1.0,100,290.47,256.0,0,0.0,0.0,,0.0,1,0.01,0.0,SPY190626C00303000,303.0,expirationDay
2019-06-27,629.0,3550.0,0.0,100,291.5,256.0,0,0.0,0.0,,0.0,0,0.0,0.0,,0.0,bidTooLow
2019-06-28,629.0,3700.0,0.0,100,293.0,256.0,0,0.0,0.0,,0.0,0,0.0,0.0,,0.0,bidTooLow
2019-07-01,629.0,3966.0,0.0,100,295.66,256.0,0,0.0,0.0,,0.0,0,0.0,0.0,,0.0,bidTooLow
2019-07-02,629.0,4040.0,0.0,100,296.43,256.0,0,0.0,0.0,,0.0,1,0.01,0.04,SPY190710C00304000,304.0,normalDay
2019-07-03,629.0,4270.0,0.0,100,298.8,256.0,0,0.0,0.0,,0.0,1,0.01,0.11,SPY190710C00304000,304.0,normalDay
2019-07-05,629.0,4245.0,0.0,100,298.46,256.0,0,0.0,0.0,,0.0,1,0.01,0.02,SPY190710C00304000,304.0,normalDay
2019-07-08,629.0,4082.0,0.0,100,296.82,256.0,0,0.0,0.0,,0.0,1,0.01,0.01,SPY190710C00304000,304.0,normalDay
2019-07-09,629.0,4119.0,0.0,100,297.19,256.0,0,0.0,0.0,,0.0,1,0.01,0.01,SPY190710C00304000,304.0,normalDay
2019-07-10,630.0,4261.0,1.0,100,298.61,256.0,0,0.0,0.0,,0.0,1,0.01,0.0,SPY190710C00304000,304.0,expirationDay
2019-07-11,630.0,4331.0,0.0,100,299.31,256.0,0,0.0,0.0,,0.0,0,0.0,0.0,,0.0,bidTooLow
2019-07-12,630.0,4462.0,0.0,100,300.65,256.0,0,0.0,0.0,,0.0,1,0.01,0.04,SPY190719C00307500,307.5,normalDay
2019-07-15,630.0,4474.0,0.0,100,300.75,256.0,0,0.0,0.0,,0.0,1,0.01,0.02,SPY190719C00307500,307.5,normalDay
2019-07-16,630.0,4378.0,0.0,100,299.78,256.0,0,0.0,0.0,,0.0,1,0.01,0.01,SPY190719C00307500,307.5,normalDay
2019-07-17,630.0,4174.0,0.0,100,297.74,256.0,0,0.0,0.0,,0.0,1,0.01,0.01,SPY190719C00307500,307.5,normalDay
2019-07-18,630.0,4283.0,0.0,100,298.83,256.0,0,0.0,0.0,,0.0,1,0.01,0.01,SPY190719C00307500,307.5,normalDay
2019-07-19,631.0,4117.0,1.0,100,297.17,256.0,0,0.0,0.0,,0.0,1,0.01,0.0,SPY190719C00307500,307.5,expirationDay
2019-07-22,631.0,4190.0,0.0,100,297.9,256.0,0,0.0,0.0,,0.0,0,0.0,0.0,,0.0,bidTooLow
2019-07-23,631.0,4403.0,0.0,100,300.03,256.0,0,0.0,0.0,,0.0,0,0.0,0.0,,0.0,bidTooLow
2019-07-24,631.0,4541.0,0.0,100,301.44,256.0,0,0.0,0.0,,0.0,1,0.02,0.05,SPY190731C00308500,308.5,normalDay
2019-07-25,631.0,4400.0,0.0,100,300.0,256.0,0,0.0,0.0,,0.0,1,0.02,0.02,SPY190731C00308500,308.5,normalDay
2019-07-26,631.0,4601.0,0.0,100,302.01,256.0,0,0.0,0.0,,0.0,1,0.02,0.02,SPY190731C00308500,308.5,normalDay
2019-07-29,631.0,4547.0,0.0,100,301.46,256.0,0,0.0,0.0,,0.0,1,0.02,0.01,SPY190731C00308500,308.5,normalDay
2019-07-30,631.0,4473.0,0.0,100,300.72,256.0,0,0.0,0.0,,0.0,1,0.02,0.01,SPY190731C00308500,308.5,normalDay
2019-07-31,633.0,4143.0,2.0,100,297.43,256.0,0,0.0,0.0,,0.0,1,0.02,0.0,SPY190731C00308500,308.5,expirationDay
2019-08-01,633.0,3881.0,0.0,100,294.84,256.0,0,0.0,0.0,,0.0,1,0.01,0.04,SPY190809C00306000,306.0,normalDay
2019-08-02,633.0,3661.0,0.0,100,292.62,256.0,0,0.0,0.0,,0.0,1,0.01,0.02,SPY190809C00306000,306.0,normalDay
2019-08-05,633.0,2782.0,0.0,100,283.82,256.0,0,0.0,0.0,,0.0,1,0.01,0.01,SPY190809C00306000,306.0,normalDay
2019-08-06,633.0,3180.0,0.0,100,287.8,256.0,0,0.0,0.0,,0.0,1,0.01,0.01,SPY190809C00306000,306.0,normalDay
2019-08-07,633.0,3197.0,0.0,100,287.97,256.0,0,0.0,0.0,,0.0,1,0.01,0.01,SPY190809C00306000,306.0,normalDay
2019-08-08,633.0,3762.0,0.0,100,293.62,256.0,0,0.0,0.0,,0.0,1,0.01,0.01,SPY190809C00306000,306.0,normalDay
2019-08-09,634.0,3562.0,1.0,100,291.62,256.0,0,0.0,0.0,,0.0,1,0.01,0.0,SPY190809C00306000,306.0,expirationDay
2019-08-12,634.0,3207.0,0.0,100,288.07,256.0,0,0.0,0.0,,0.0,0,0.0,0.0,,0.0,bidTooLow
2019-08-13,634.0,3655.0,0.0,100,292.55,256.0,0,0.0,0.0,,0.0,0,0.0,0.0,,0.0,bidTooLow
2019-08-14,634.0,2790.0,0.0,100,283.9,256.0,0,0.0,0.0,,0.0,0,0.0,0.0,,0.0,bidTooLow
2019-08-15,634.0,2865.0,0.0,100,284.65,256.0,0,0.0,0.0,,0.0,0,0.0,0.0,,0.0,bidTooLow
2019-08-16,634.0,3285.0,0.0,100,288.85,256.0,0,0.0,0.0,,0.0,0,0.0,0.0,,0.0,bidTooLow
2019-08-19,634.0,3633.0,0.0,100,292.33,256.0,0,0.0,0.0,,0.0,0,0.0,0.0,,0.0,bidTooLow
2019-08-20,634.0,3409.0,0.0,100,290.09,256.0,0,0.0,0.0,,0.0,0,0.0,0.0,,0.0,bidTooLow
2019-08-21,634.0,3645.0,0.0,100,292.45,256.0,0,0.0,0.0,,0.0,0,0.0,0.0,,0.0,bidTooLow
2019-08-22,634.0,3636.0,0.0,100,292.36,256.0,0,0.0,0.0,,0.0,0,0.0,0.0,,0.0,bidTooLow
2019-08-23,634.0,2885.0,0.0,100,284.85,256.0,0,0.0,0.0,,0.0,0,0.0,0.0,,0.0,bidTooLow
2019-08-26,634.0,3200.0,0.0,100,288.0,256.0,0,0.0,0.0,,0.0,0,0.0,0.0,,0.0,bidTooLow
2019-08-27,634.0,3087.0,0.0,100,286.87,256.0,0,0.0,0.0,,0.0,0,0.0,0.0,,0.0,bidTooLow
2019-08-28,634.0,3289.0,0.0,100,288.89,256.0,0,0.0,0.0,,0.0,0,0.0,0.0,,0.0,bidTooLow
2019-08-29,634.0,3655.0,0.0,100,292.58,256.0,0,0.0,0.0,,0.0,1,0.1,0.13,SPY190906C00301000,301.0,normalDay
2019-08-30,634.0,3645.0,0.0,100,292.45,256.0,0,0.0,0.0,,0.0,1,0.1,0.1,SPY190906C00301000,301.0,normalDay
2019-09-03,634.0,3482.0,0.0,100,290.74,256.0,0,0.0,0.0,,0.0,1,0.1,0.02,SPY190906C00301000,301.0,normalDay
2019-09-04,634.0,3812.0,0.0,100,294.04,256.0,0,0.0,0.0,,0.0,1,0.1,0.02,SPY190906C00301000,301.0,normalDay
2019-09-05,634.0,4185.0,0.0,100,297.82,256.0,0,0.0,0.0,,0.0,1,0.1,0.07,SPY190906C00301000,301.0,normalDay
2019-09-06,644.0,4205.0,10.0,100,298.05,256.0,0,0.0,0.0,,0.0,1,0.1,0.0,SPY190906C00301000,301.0,expirationDay
2019-09-09,644.0,4220.0,0.0,100,298.2,256.0,0,0.0,0.0,,0.0,0,0.0,0.0,,0.0,bidTooLow
2019-09-10,644.0,4210.0,0.0,100,298.13,256.0,0,0.0,0.0,,0.0,1,0.02,0.05,SPY190918C00308000,308.0,normalDay
2019-09-11,644.0,4420.0,0.0,100,300.25,256.0,0,0.0,0.0,,0.0,1,0.02,0.07,SPY190918C00308000,308.0,normalDay
2019-09-12,644.0,4521.0,0.0,100,301.29,256.0,0,0.0,0.0,,0.0,1,0.02,0.1,SPY190918C00308000,308.0,normalDay
2019-09-13,644.0,4507.0,0.0,100,301.09,256.0,0,0.0,0.0,,0.0,1,0.02,0.04,SPY190918C00308000,308.0,normalDay
2019-09-16,644.0,4416.0,0.0,100,300.16,256.0,0,0.0,0.0,,0.0,1,0.02,0.02,SPY190918C00308000,308.0,normalDay
2019-09-17,644.0,4493.0,0.0,100,300.92,256.0,0,0.0,0.0,,0.0,1,0.02,0.01,SPY190918C00308000,308.0,normalDay
2019-09-18,646.0,4510.0,2.0,100,301.1,256.0,0,0.0,0.0,,0.0,1,0.02,0.0,SPY190918C00308000,308.0,expirationDay
2019-09-19,646.0,4508.0,0.0,100,301.08,256.0,0,0.0,0.0,,0.0,0,0.0,0.0,,0.0,bidTooLow
2019-09-20,646.0,4228.0,0.0,100,298.28,256.0,0,0.0,0.0,,0.0,0,0.0,0.0,,0.0,bidTooLow
2019-09-23,646.0,4221.0,0.0,100,298.21,256.0,0,0.0,0.0,,0.0,0,0.0,0.0,,0.0,bidTooLow
2019-09-24,646.0,3987.0,0.0,100,295.87,256.0,0,0.0,0.0,,0.0,0,0.0,0.0,,0.0,bidTooLow
2019-09-25,646.0,4162.0,0.0,100,297.62,256.0,0,0.0,0.0,,0.0,0,0.0,0.0,,0.0,bidTooLow
2019-09-26,646.0,4100.0,0.0,100,297.0,256.0,0,0.0,0.0,,0.0,0,0.0,0.0,,0.0,bidTooLow
2019-09-27,646.0,3940.0,0.0,100,295.4,256.0,0,0.0,0.0,,0.0,0,0.0,0.0,,0.0,bidTooLow
2019-09-30,646.0,4077.0,0.0,100,296.77,256.0,0,0.0,0.0,,0.0,0,0.0,0.0,,0.0,bidTooLow
2019-10-01,646.0,3724.0,0.0,100,293.24,256.0,0,0.0,0.0,,0.0,0,0.0,0.0,,0.0,bidTooLow
2019-10-02,646.0,3206.0,0.0,100,288.06,256.0,0,0.0,0.0,,0.0,0,0.0,0.0,,0.0,bidTooLow
2019-10-03,646.0,3442.0,0.0,100,290.42,256.0,0,0.0,0.0,,0.0,0,0.0,0.0,,0.0,bidTooLow
2019-10-04,646.0,3835.0,0.0,100,294.35,256.0,0,0.0,0.0,,0.0,0,0.0,0.0,,0.0,bidTooLow
2019-10-07,646.0,3708.0,0.0,100,293.08,256.0,0,0.0,0.0,,0.0,0,0.0,0.0,,0.0,bidTooLow
2019-10-08,646.0,3253.0,0.0,100,288.53,256.0,0,0.0,0.0,,0.0,0,0.0,0.0,,0.0,bidTooLow
2019-10-09,646.0,3527.0,0.0,100,291.27,256.0,0,0.0,0.0,,0.0,0,0.0,0.0,,0.0,bidTooLow
2019-10-10,646.0,3724.0,0.0,100,293.24,256.0,0,0.0,0.0,,0.0,0,0.0,0.0,,0.0,bidTooLow
2019-10-11,646.0,4028.0,0.0,100,296.28,256.0,0,0.0,0.0,,0.0,0,0.0,0.0,,0.0,bidTooLow
2019-10-14,646.0,3995.0,0.0,100,295.95,256.0,0,0.0,0.0,,0.0,0,0.0,0.0,,0.0,bidTooLow
2019-10-15,646.0,4288.0,0.0,100,298.88,256.0,0,0.0,0.0,,0.0,0,0.0,0.0,,0.0,bidTooLow
2019-10-16,646.0,4240.0,0.0,100,298.4,256.0,0,0.0,0.0,,0.0,0,0.0,0.0,,0.0,bidTooLow
2019-10-17,646.0,4328.0,0.0,100,299.28,256.0,0,0.0,0.0,,0.0,0,0.0,0.0,,0.0,bidTooLow
2019-10-18,646.0,4197.0,0.0,100,297.97,256.0,0,0.0,0.0,,0.0,0,0.0,0.0,,0.0,bidTooLow
2019-10-21,646.0,4399.0,0.0,100,299.99,256.0,0,0.0,0.0,,0.0,0,0.0,0.0,,0.0,bidTooLow
2019-10-22,646.0,4301.0,0.0,100,299.01,256.0,0,0.0,0.0,,0.0,0,0.0,0.0,,0.0,bidTooLow
2019-10-23,646.0,4388.0,0.0,100,299.88,256.0,0,0.0,0.0,,0.0,0,0.0,0.0,,0.0,bidTooLow
2019-10-24,646.0,4437.0,0.0,100,300.37,256.0,0,0.0,0.0,,0.0,0,0.0,0.0,,0.0,bidTooLow
2019-10-25,646.0,4560.0,0.0,100,301.6,256.0,0,0.0,0.0,,0.0,0,0.0,0.0,,0.0,bidTooLow
2019-10-28,646.0,4730.0,0.0,100,303.3,256.0,0,0.0,0.0,,0.0,0,0.0,0.0,,0.0,bidTooLow
2019-10-29,646.0,4721.0,0.0,100,303.21,256.0,0,0.0,0.0,,0.0,0,0.0,0.0,,0.0,bidTooLow
2019-10-30,646.0,4814.0,0.0,100,304.14,256.0,0,0.0,0.0,,0.0,0,0.0,0.0,,0.0,bidTooLow
2019-10-31,646.0,4733.0,0.0,100,303.33,256.0,0,0.0,0.0,,0.0,0,0.0,0.0,,0.0,bidTooLow
2019-11-01,646.0,5014.0,0.0,100,306.14,256.0,0,0.0,0.0,,0.0,0,0.0,0.0,,0.0,bidTooLow
2019-11-04,646.0,5137.0,0.0,100,307.37,256.0,0,0.0,0.0,,0.0,0,0.0,0.0,,0.0,bidTooLow
2019-11-05,646.0,5100.0,0.0,100,307.03,256.0,0,0.0,0.0,,0.0,1,0.02,0.05,SPY191113C00316000,316.0,normalDay
2019-11-06,646.0,5110.0,0.0,100,307.1,256.0,0,0.0,0.0,,0.0,1,0.02,0.02,SPY191113C00316000,316.0,normalDay
2019-11-07,646.0,5217.0,0.0,100,308.18,256.0,0,0.0,0.0,,0.0,1,0.02,0.03,SPY191113C00316000,316.0,normalDay
2019-11-08,646.0,5295.0,0.0,100,308.94,256.0,0,0.0,0.0,,0.0,1,0.02,0.01,SPY191113C00316000,316.0,normalDay
2019-11-11,646.0,5236.0,0.0,100,308.35,256.0,0,0.0,0.0,,0.0,1,0.02,0.01,SPY191113C00316000,316.0,normalDay
2019-11-12,646.0,5301.0,0.0,100,309.0,256.0,0,0.0,0.0,,0.0,1,0.02,0.01,SPY191113C00316000,316.0,normalDay
2019-11-13,648.0,5310.0,2.0,100,309.1,256.0,0,0.0,0.0,,0.0,1,0.02,0.0,SPY191113C00316000,316.0,expirationDay
2019-11-14,648.0,5355.0,0.0,100,309.55,256.0,0,0.0,0.0,,0.0,0,0.0,0.0,,0.0,bidTooLow
2019-11-15,648.0,5579.0,0.0,100,311.79,256.0,0,0.0,0.0,,0.0,0,0.0,0.0,,0.0,bidTooLow
2019-11-18,648.0,5602.0,0.0,100,312.02,256.0,0,0.0,0.0,,0.0,0,0.0,0.0,,0.0,bidTooLow
2019-11-19,648.0,5593.0,0.0,100,311.93,256.0,0,0.0,0.0,,0.0,0,0.0,0.0,,0.0,bidTooLow
2019-11-20,648.0,5477.0,0.0,100,310.77,256.0,0,0.0,0.0,,0.0,0,0.0,0.0,,0.0,bidTooLow
2019-11-21,648.0,5427.0,0.0,100,310.27,256.0,0,0.0,0.0,,0.0,0,0.0,0.0,,0.0,bidTooLow
2019-11-22,648.0,5496.0,0.0,100,310.96,256.0,0,0.0,0.0,,0.0,0,0.0,0.0,,0.0,bidTooLow
2019-11-25,648.0,5734.0,0.0,100,313.37,256.0,0,0.0,0.0,,0.0,1,0.01,0.04,SPY191202C00319000,319.0,normalDay
2019-11-26,648.0,5805.0,0.0,100,314.08,256.0,0,0.0,0.0,,0.0,1,0.01,0.04,SPY191202C00319000,319.0,normalDay
2019-11-27,648.0,5943.0,0.0,100,315.48,256.0,0,0.0,0.0,,0.0,1,0.01,0.06,SPY191202C00319000,319.0,normalDay
2019-11-29,648.0,5831.0,0.0,100,314.31,256.0,0,0.0,0.0,,0.0,1,0.01,0.01,SPY191202C00319000,319.0,normalDay
2019-12-02,649.0,5564.0,1.0,100,311.64,256.0,0,0.0,0.0,,0.0,1,0.01,0.0,SPY191202C00319000,319.0,expirationDay
2019-12-03,649.0,5355.0,0.0,100,309.55,256.0,0,0.0,0.0,,0.0,0,0.0,0.0,,0.0,bidTooLow
2019-12-04,649.0,5543.0,0.0,100,311.46,256.0,0,0.0,0.0,,0.0,1,0.02,0.05,SPY191211C00319000,319.0,normalDay
2019-12-05,649.0,5601.0,0.0,100,312.02,256.0,0,0.0,0.0,,0.0,1,0.02,0.03,SPY191211C00319000,319.0,normalDay
2019-12-06,649.0,5880.0,0.0,100,314.87,256.0,0,0.0,0.0,,0.0,1,0.02,0.09,SPY191211C00319000,319.0,normalDay
2019-12-09,649.0,5787.0,0.0,100,313.88,256.0,0,0.0,0.0,,0.0,1,0.02,0.03,SPY191211C00319000,319.0,normalDay
2019-12-10,649.0,5754.0,0.0,100,313.53,256.0,0,0.0,0.0,,0.0,1,0.02,0.01,SPY191211C00319000,319.0,normalDay
2019-12-11,651.0,5842.0,2.0,100,314.42,256.0,0,0.0,0.0,,0.0,1,0.02,0.0,SPY191211C00319000,319.0,expirationDay
2019-12-12,651.0,6110.0,0.0,100,317.13,256.0,0,0.0,0.0,,0.0,1,0.74,0.77,SPY191220C00320000,320.0,normalDay
2019-12-13,651.0,6164.0,0.0,100,317.32,256.0,0,0.0,0.0,,0.0,1,0.74,0.42,SPY191220C00320000,320.0,normalDay
2019-12-16,651.0,6324.0,0.0,100,319.5,256.0,0,0.0,0.0,,0.0,1,0.74,1.0,SPY191220C00320000,320.0,normalDay
2019-12-17,651.0,6360.0,0.0,100,319.57,256.0,0,0.0,0.0,,0.0,1,0.74,0.71,SPY191220C00320000,320.0,normalDay
2019-12-18,651.0,6383.0,0.0,100,319.59,256.0,0,0.0,0.0,,0.0,1,0.74,0.5,SPY191220C00320000,320.0,normalDay
2019-12-19,651.0,6463.0,0.0,100,320.9,256.0,0,0.0,0.0,,0.0,1,0.74,1.01,SPY191220C00320000,320.0,normalDay
2019-12-20,7125.0,6463.0,6474.0,0,320.73,0.0,0,0.0,0.0,,0.0,1,0.74,0.0,SPY191220C00320000,320.0,expirationDay
2019-12-23,7125.0,0.0,0.0,0,321.22,0.0,0,0.0,0.0,,0.0,0,0.0,0.0,,0.0,bidTooLow
2019-12-24,7125.0,0.0,0.0,0,321.23,0.0,0,0.0,0.0,,0.0,0,0.0,0.0,,0.0,bidTooLow
2019-12-26,7125.0,0.0,0.0,0,322.94,0.0,0,0.0,0.0,,0.0,0,0.0,0.0,,0.0,bidTooLow
2019-12-27,7125.0,0.0,0.0,0,322.86,0.0,0,0.0,0.0,,0.0,0,0.0,0.0,,0.0,bidTooLow
2019-12-30,7125.0,0.0,0.0,0,321.08,0.0,0,0.0,0.0,,0.0,0,0.0,0.0,,0.0,bidTooLow
2019-12-31,7125.0,-3.0,0.0,0,321.86,0.0,1,0.07,0.1,SPY200103P00309500,309.5,0,0.0,0.0,,0.0,normalDay
2020-01-02,7125.0,6.0,0.0,0,324.87,0.0,1,0.07,0.01,SPY200103P00309500,309.5,0,0.0,0.0,,0.0,normalDay
2020-01-03,7132.0,0.0,7.0,0,322.41,0.0,1,0.07,0.0,SPY200103P00309500,309.5,0,0.0,0.0,,0.0,expirationDay
2020-01-06,7132.0,0.0,0.0,0,323.64,0.0,0,0.0,0.0,,0.0,0,0.0,0.0,,0.0,bidTooLow
2020-01-07,7132.0,-3.0,0.0,0,322.73,0.0,1,0.06,0.09,SPY200110P00314000,314.0,0,0.0,0.0,,0.0,normalDay
2020-01-08,7132.0,-2.0,0.0,0,324.45,0.0,1,0.06,0.08,SPY200110P00314000,314.0,0,0.0,0.0,,0.0,normalDay
2020-01-09,7132.0,4.0,0.0,0,326.65,0.0,1,0.06,0.02,SPY200110P00314000,314.0,0,0.0,0.0,,0.0,normalDay
2020-01-10,7138.0,0.0,6.0,0,325.71,0.0,1,0.06,0.0,SPY200110P00314000,314.0,0,0.0,0.0,,0.0,expirationDay
2020-01-13,7138.0,0.0,0.0,0,327.95,0.0,0,0.0,0.0,,0.0,0,0.0,0.0,,0.0,bidTooLow
2020-01-14,7138.0,-3.0,0.0,0,327.45,0.0,1,0.04,0.07,SPY200117P00317500,317.5,0,0.0,0.0,,0.0,normalDay
2020-01-15,7138.0,0.0,0.0,0,328.19,0.0,1,0.04,0.04,SPY200117P00317500,317.5,0,0.0,0.0,,0.0,normalDay
2020-01-16,7138.0,2.0,0.0,0,330.92,0.0,1,0.04,0.02,SPY200117P00317500,317.5,0,0.0,0.0,,0.0,normalDay
2020-01-17,7142.0,0.0,4.0,0,331.95,0.0,1,0.04,0.0,SPY200117P00317500,317.5,0,0.0,0.0,,0.0,expirationDay
2020-01-21,7142.0,0.0,0.0,0,331.3,0.0,0,0.0,0.0,,0.0,0,0.0,0.0,,0.0,bidTooLow
2020-01-22,7142.0,0.0,0.0,0,331.34,0.0,0,0.0,0.0,,0.0,0,0.0,0.0,,0.0,bidTooLow
2020-01-23,7142.0,0.0,0.0,0,331.72,0.0,0,0.0,0.0,,0.0,0,0.0,0.0,,0.0,bidTooLow
2020-01-24,7142.0,-3.0,0.0,0,328.77,0.0,1,0.04,0.07,SPY200127P00319000,319.0,0,0.0,0.0,,0.0,normalDay
2020-01-27,7146.0,0.0,4.0,0,323.5,0.0,1,0.04,0.0,SPY200127P00319000,319.0,0,0.0,0.0,,0.0,expirationDay
2020-01-28,7146.0,-3.0,0.0,0,326.89,0.0,1,0.41,0.44,SPY200131P00319500,319.5,0,0.0,0.0,,0.0,normalDay
2020-01-29,7146.0,19.0,0.0,0,326.62,0.0,1,0.41,0.22,SPY200131P00319500,319.5,0,0.0,0.0,,0.0,normalDay
2020-01-30,7146.0,36.0,0.0,0,327.68,0.0,1,0.41,0.05,SPY200131P00319500,319.5,0,0.0,0.0,,0.0,normalDay
2020-01-31,7187.0,0.0,41.0,0,321.73,0.0,1,0.41,0.0,SPY200131P00319500,319.5,0,0.0,0.0,,0.0,expirationDay
2020-02-03,7187.0,-3.0,0.0,0,324.12,0.0,1,1.1,1.13,SPY200205P00321000,321.0,0,0.0,0.0,,0.0,normalDay
2020-02-04,7187.0,106.0,0.0,0,329.06,0.0,1,1.1,0.04,SPY200205P00321000,321.0,0,0.0,0.0,,0.0,normalDay
2020-02-05,7297.0,0.0,110.0,0,332.86,0.0,1,1.1,0.0,SPY200205P00321000,321.0,0,0.0,0.0,,0.0,expirationDay
2020-02-06,7297.0,0.0,0.0,0,333.98,0.0,0,0.0,0.0,,0.0,0,0.0,0.0,,0.0,bidTooLow
2020-02-07,7297.0,0.0,0.0,0,332.2,0.0,0,0.0,0.0,,0.0,0,0.0,0.0,,0.0,bidTooLow
2020-02-10,7297.0,0.0,0.0,0,334.68,0.0,0,0.0,0.0,,0.0,0,0.0,0.0,,0.0,bidTooLow
2020-02-11,7297.0,-3.0,0.0,0,335.26,0.0,1,0.03,0.06,SPY200214P00322000,322.0,0,0.0,0.0,,0.0,normalDay
2020-02-12,7297.0,1.0,0.0,0,337.42,0.0,1,0.03,0.02,SPY200214P00322000,322.0,0,0.0,0.0,,0.0,normalDay
2020-02-13,7297.0,2.0,0.0,0,337.06,0.0,1,0.03,0.01,SPY200214P00322000,322.0,0,0.0,0.0,,0.0,normalDay
2020-02-14,7300.0,0.0,3.0,0,337.6,0.0,1,0.03,0.0,SPY200214P00322000,322.0,0,0.0,0.0,,0.0,expirationDay
2020-02-18,7300.0,-3.0,0.0,0,336.73,0.0,1,0.01,0.04,SPY200221P00321000,321.0,0,0.0,0.0,,0.0,normalDay
2020-02-19,7300.0,-2.0,0.0,0,338.34,0.0,1,0.01,0.03,SPY200221P00321000,321.0,0,0.0,0.0,,0.0,normalDay
2020-02-20,7300.0,-1.0,0.0,0,336.95,0.0,1,0.01,0.02,SPY200221P00321000,321.0,0,0.0,0.0,,0.0,normalDay
2020-02-21,7301.0,0.0,1.0,0,333.48,0.0,1,0.01,0.0,SPY200221P00321000,321.0,0,0.0,0.0,,0.0,expirationDay
2020-02-24,7301.0,-5.0,0.0,0,322.42,0.0,1,2.42,2.47,SPY200226P00320000,320.0,0,0.0,0.0,,0.0,normalDay
2020-02-25,7301.0,-476.0,0.0,0,312.65,0.0,1,2.42,7.18,SPY200226P00320000,320.0,0,0.0,0.0,,0.0,normalDay
2020-02-26,7543.0,-850.0,242.0,100,311.5,320.0,1,2.42,0.0,SPY200226P00320000,320.0,0,0.0,0.0,,0.0,expirationDay
2020-02-27,7543.0,-2249.0,0.0,100,297.51,320.0,0,0.0,0.0,,0.0,0,0.0,0.0,,0.0,bidTooLow
2020-02-28,7543.0,-2374.0,0.0,100,296.26,320.0,0,0.0,0.0,,0.0,0,0.0,0.0,,0.0,bidTooLow
2020-03-02,7543.0,-1091.0,0.0,100,309.09,320.0,0,0.0,0.0,,0.0,0,0.0,0.0,,0.0,bidTooLow
2020-03-03,7543.0,-1976.0,0.0,100,300.24,320.0,0,0.0,0.0,,0.0,0,0.0,0.0,,0.0,bidTooLow
2020-03-04,7543.0,-714.0,0.0,100,312.86,320.0,0,0.0,0.0,,0.0,0,0.0,0.0,,0.0,bidTooLow
2020-03-05,7543.0,-1754.0,0.0,100,302.46,320.0,0,0.0,0.0,,0.0,0,0.0,0.0,,0.0,bidTooLow
2020-03-06,7543.0,-2254.0,0.0,100,297.46,320.0,0,0.0,0.0,,0.0,0,0.0,0.0,,0.0,bidTooLow
2020-03-09,7543.0,-4577.0,0.0,100,274.23,320.0,0,0.0,0.0,,0.0,0,0.0,0.0,,0.0,bidTooLow
2020-03-10,7543.0,-3158.0,0.0,100,288.42,320.0,0,0.0,0.0,,0.0,0,0.0,0.0,,0.0,bidTooLow
2020-03-11,7543.0,-4564.0,0.0,100,274.36,320.0,0,0.0,0.0,,0.0,0,0.0,0.0,,0.0,bidTooLow
2020-03-12,7543.0,-7189.0,0.0,100,248.11,320.0,0,0.0,0.0,,0.0,0,0.0,0.0,,0.0,bidTooLow
2020-03-13,7543.0,-5068.0,0.0,100,269.32,320.0,0,0.0,0.0,,0.0,0,0.0,0.0,,0.0,bidTooLow
2020-03-16,7543.0,-8015.0,0.0,100,239.85,320.0,0,0.0,0.0,,0.0,0,0.0,0.0,,0.0,bidTooLow
2020-03-17,7543.0,-6720.0,0.0,100,252.8,320.0,0,0.0,0.0,,0.0,0,0.0,0.0,,0.0,bidTooLow
2020-03-18,7543.0,-8000.0,0.0,100,240.0,320.0,0,0.0,0.0,,0.0,0,0.0,0.0,,0.0,bidTooLow
2020-03-19,7543.0,-7949.0,0.0,100,240.51,320.0,0,0.0,0.0,,0.0,0,0.0,0.0,,0.0,bidTooLow
2020-03-20,7543.0,-9120.0,0.0,100,228.8,320.0,0,0.0,0.0,,0.0,0,0.0,0.0,,0.0,bidTooLow
2020-03-23,7543.0,-9705.0,0.0,100,222.95,320.0,0,0.0,0.0,,0.0,0,0.0,0.0,,0.0,bidTooLow
2020-03-24,7543.0,-7685.0,0.0,100,243.15,320.0,0,0.0,0.0,,0.0,0,0.0,0.0,,0.0,bidTooLow
2020-03-25,7543.0,-7321.0,0.0,100,246.79,320.0,0,0.0,0.0,,0.0,0,0.0,0.0,,0.0,bidTooLow
2020-03-26,7543.0,-5880.0,0.0,100,261.2,320.0,0,0.0,0.0,,0.0,0,0.0,0.0,,0.0,bidTooLow
2020-03-27,7543.0,-6658.0,0.0,100,253.42,320.0,0,0.0,0.0,,0.0,0,0.0,0.0,,0.0,bidTooLow
2020-03-30,7543.0,-5835.0,0.0,100,261.65,320.0,0,0.0,0.0,,0.0,0,0.0,0.0,,0.0,bidTooLow
2020-03-31,7543.0,-6225.0,0.0,100,257.75,320.0,0,0.0,0.0,,0.0,0,0.0,0.0,,0.0,bidTooLow
2020-04-01,7543.0,-7385.0,0.0,100,246.15,320.0,0,0.0,0.0,,0.0,0,0.0,0.0,,0.0,bidTooLow
2020-04-02,7543.0,-6817.0,0.0,100,251.83,320.0,0,0.0,0.0,,0.0,0,0.0,0.0,,0.0,bidTooLow
2020-04-03,7543.0,-7181.0,0.0,100,248.19,320.0,0,0.0,0.0,,0.0,0,0.0,0.0,,0.0,bidTooLow
2020-04-06,7543.0,-5514.0,0.0,100,264.86,320.0,0,0.0,0.0,,0.0,0,0.0,0.0,,0.0,bidTooLow
2020-04-07,7543.0,-5490.0,0.0,100,265.13,320.0,0,0.0,0.0,,0.0,1,0.06,0.09,SPY200415C00300000,300.0,normalDay
2020-04-08,7543.0,-4601.0,0.0,100,274.03,320.0,0,0.0,0.0,,0.0,1,0.06,0.1,SPY200415C00300000,300.0,normalDay
2020-04-09,7543.0,-4188.0,0.0,100,278.2,320.0,0,0.0,0.0,,0.0,1,0.06,0.14,SPY200415C00300000,300.0,normalDay
2020-04-13,7543.0,-4430.0,0.0,100,275.66,320.0,0,0.0,0.0,,0.0,1,0.06,0.02,SPY200415C00300000,300.0,normalDay
2020-04-14,7543.0,-3616.0,0.0,100,283.79,320.0,0,0.0,0.0,,0.0,1,0.06,0.01,SPY200415C00300000,300.0,normalDay
2020-04-15,7549.0,-4224.0,6.0,100,277.76,320.0,0,0.0,0.0,,0.0,1,0.06,0.0,SPY200415C00300000,300.0,expirationDay
2020-04-16,7549.0,-4090.0,0.0,100,279.1,320.0,0,0.0,0.0,,0.0,0,0.0,0.0,,0.0,bidTooLow
2020-04-17,7549.0,-3336.0,0.0,100,286.64,320.0,0,0.0,0.0,,0.0,0,0.0,0.0,,0.0,bidTooLow
2020-04-20,7549.0,-3841.0,0.0,100,281.59,320.0,0,0.0,0.0,,0.0,0,0.0,0.0,,0.0,bidTooLow
2020-04-21,7549.0,-4696.0,0.0,100,273.04,320.0,0,0.0,0.0,,0.0,0,0.0,0.0,,0.0,bidTooLow
2020-04-22,7549.0,-4090.0,0.0,100,279.1,320.0,0,0.0,0.0,,0.0,0,0.0,0.0,,0.0,bidTooLow
2020-04-23,7549.0,-4092.0,0.0,100,279.08,320.0,0,0.0,0.0,,0.0,0,0.0,0.0,,0.0,bidTooLow
2020-04-24,7549.0,-3703.0,0.0,100,282.97,320.0,0,0.0,0.0,,0.0,0,0.0,0.0,,0.0,bidTooLow
2020-04-27,7549.0,-3295.0,0.0,100,287.05,320.0,0,0.0,0.0,,0.0,0,0.0,0.0,,0.0,bidTooLow
2020-04-28,7549.0,-3427.0,0.0,100,285.73,320.0,0,0.0,0.0,,0.0,0,0.0,0.0,,0.0,bidTooLow
2020-04-29,7549.0,-2679.0,0.0,100,293.21,320.0,0,0.0,0.0,,0.0,0,0.0,0.0,,0.0,bidTooLow
2020-04-30,7549.0,-2955.0,0.0,100,290.48,320.0,0,0.0,0.0,,0.0,1,0.01,0.04,SPY200508C00320000,320.0,normalDay
2020-05-01,7549.0,-3721.0,0.0,100,282.79,320.0,0,0.0,0.0,,0.0,1,0.01,0.01,SPY200508C00320000,320.0,normalDay
2020-05-04,7549.0,-3643.0,0.0,100,283.57,320.0,0,0.0,0.0,,0.0,1,0.01,0.01,SPY200508C00320000,320.0,normalDay
2020-05-05,7549.0,-3381.0,0.0,100,286.19,320.0,0,0.0,0.0,,0.0,1,0.01,0.01,SPY200508C00320000,320.0,normalDay
2020-05-06,7549.0,-3575.0,0.0,100,284.25,320.0,0,0.0,0.0,,0.0,1,0.01,0.01,SPY200508C00320000,320.0,normalDay
2020-05-07,7549.0,-3232.0,0.0,100,287.68,320.0,0,0.0,0.0,,0.0,1,0.01,0.01,SPY200508C00320000,320.0,normalDay
2020-05-08,7550.0,-2756.0,1.0,100,292.44,320.0,0,0.0,0.0,,0.0,1,0.01,0.0,SPY200508C00320000,320.0,expirationDay
2020-05-11,7550.0,-2753.0,0.0,100,292.5,320.0,0,0.0,0.0,,0.0,1,0.18,0.21,SPY200518C00304000,304.0,normalDay
2020-05-12,7550.0,-3323.0,0.0,100,286.67,320.0,0,0.0,0.0,,0.0,1,0.18,0.08,SPY200518C00304000,304.0,normalDay
2020-05-13,7550.0,-3825.0,0.0,100,281.6,320.0,0,0.0,0.0,,0.0,1,0.18,0.03,SPY200518C00304000,304.0,normalDay
2020-05-14,7550.0,-3487.0,0.0,100,284.97,320.0,0,0.0,0.0,,0.0,1,0.18,0.02,SPY200518C00304000,304.0,normalDay
2020-05-15,7550.0,-3355.0,0.0,100,286.28,320.0,0,0.0,0.0,,0.0,1,0.18,0.01,SPY200518C00304000,304.0,normalDay
2020-05-18,7568.0,-2500.0,18.0,100,295.0,320.0,0,0.0,0.0,,0.0,1,0.18,0.0,SPY200518C00304000,304.0,expirationDay
2020-05-19,7568.0,-2807.0,0.0,100,291.97,320.0,0,0.0,0.0,,0.0,1,0.43,0.47,SPY200527C00304000,304.0,normalDay
2020-05-20,7568.0,-2350.0,0.0,100,296.93,320.0,0,0.0,0.0,,0.0,1,0.43,0.86,SPY200527C00304000,304.0,normalDay
2020-05-21,7568.0,-2501.0,0.0,100,294.88,320.0,0,0.0,0.0,,0.0,1,0.43,0.32,SPY200527C00304000,304.0,normalDay
2020-05-22,7568.0,-2428.0,0.0,100,295.44,320.0,0,0.0,0.0,,0.0,1,0.43,0.15,SPY200527C00304000,304.0,normalDay
2020-05-26,7568.0,-2061.0,0.0,100,299.08,320.0,0,0.0,0.0,,0.0,1,0.43,0.12,SPY200527C00304000,304.0,normalDay
2020-05-27,7611.0,-1647.0,43.0,100,303.53,320.0,0,0.0,0.0,,0.0,1,0.43,0.0,SPY200527C00304000,304.0,expirationDay
2020-05-28,7611.0,-1706.0,0.0,100,302.97,320.0,0,0.0,0.0,,0.0,1,0.37,0.4,SPY200605C00315000,315.0,normalDay
2020-05-29,7611.0,-1566.0,0.0,100,304.32,320.0,0,0.0,0.0,,0.0,1,0.37,0.35,SPY200605C00315000,315.0,normalDay
2020-06-01,7611.0,-1434.0,0.0,100,305.55,320.0,0,0.0,0.0,,0.0,1,0.37,0.26,SPY200605C00315000,315.0,normalDay
2020-06-02,7611.0,-1181.0,0.0,100,308.08,320.0,0,0.0,0.0,,0.0,1,0.37,0.26,SPY200605C00315000,315.0,normalDay
2020-06-03,7611.0,-833.0,0.0,100,312.18,320.0,0,0.0,0.0,,0.0,1,0.37,0.88,SPY200605C00315000,315.0,normalDay
2020-06-04,7611.0,-855.0,0.0,100,311.36,320.0,0,0.0,0.0,,0.0,1,0.37,0.28,SPY200605C00315000,315.0,normalDay
2020-06-05,7148.0,-855.0,-463.0,0,319.34,0.0,0,0.0,0.0,,0.0,1,0.37,0.0,SPY200605C00315000,315.0,expirationDay
2020-06-08,7148.0,0.0,0.0,0,323.2,0.0,0,0.0,0.0,,0.0,0,0.0,0.0,,0.0,bidTooLow
2020-06-09,7148.0,-3.0,0.0,0,320.79,0.0,1,0.01,0.04,SPY200612P00277000,277.0,0,0.0,0.0,,0.0,normalDay
2020-06-10,7148.0,-1.0,0.0,0,319.0,0.0,1,0.01,0.02,SPY200612P00277000,277.0,0,0.0,0.0,,0.0,normalDay
2020-06-11,7148.0,-11.0,0.0,0,300.61,0.0,1,0.01,0.12,SPY200612P00277000,277.0,0,0.0,0.0,,0.0,normalDay
2020-06-12,7149.0,0.0,1.0,0,304.21,0.0,1,0.01,0.0,SPY200612P00277000,277.0,0,0.0,0.0,,0.0,expirationDay
2020-06-15,7149.0,-3.0,0.0,0,307.05,0.0,1,0.12,0.15,SPY200617P00287000,287.0,0,0.0,0.0,,0.0,normalDay
2020-06-16,7149.0,10.0,0.0,0,312.96,0.0,1,0.12,0.02,SPY200617P00287000,287.0,0,0.0,0.0,,0.0,normalDay
2020-06-17,7161.0,0.0,12.0,0,311.66,0.0,1,0.12,0.0,SPY200617P00287000,287.0,0,0.0,0.0,,0.0,expirationDay
2020-06-18,7161.0,-3.0,0.0,0,311.78,0.0,1,0.03,0.06,SPY200619P00292000,292.0,0,0.0,0.0,,0.0,normalDay
2020-06-19,7164.0,0.0,3.0,0,308.64,0.0,1,0.03,0.0,SPY200619P00292000,292.0,0,0.0,0.0,,0.0,expirationDay
2020-06-22,7164.0,-3.0,0.0,0,310.62,0.0,1,0.11,0.14,SPY200624P00296000,296.0,0,0.0,0.0,,0.0,normalDay
2020-06-23,7164.0,8.0,0.0,0,312.05,0.0,1,0.11,0.03,SPY200624P00296000,296.0,0,0.0,0.0,,0.0,normalDay
2020-06-24,7175.0,0.0,11.0,0,304.09,0.0,1,0.11,0.0,SPY200624P00296000,296.0,0,0.0,0.0,,0.0,expirationDay
2020-06-25,7175.0,-3.0,0.0,0,307.35,0.0,1,0.15,0.18,SPY200626P00299000,299.0,0,0.0,0.0,,0.0,normalDay
2020-06-26,7190.0,0.0,15.0,0,300.05,0.0,1,0.15,0.0,SPY200626P00299000,299.0,0,0.0,0.0,,0.0,expirationDay
2020-06-29,7190.0,-5.0,0.0,0,304.46,0.0,1,1.34,1.39,SPY200702P00298000,298.0,0,0.0,0.0,,0.0,normalDay
2020-06-30,7190.0,92.0,0.0,0,308.36,0.0,1,1.34,0.42,SPY200702P00298000,298.0,0,0.0,0.0,,0.0,normalDay
2020-07-01,7190.0,126.0,0.0,0,310.52,0.0,1,1.34,0.08,SPY200702P00298000,298.0,0,0.0,0.0,,0.0,normalDay
2020-07-02,7324.0,0.0,134.0,0,312.23,0.0,1,1.34,0.0,SPY200702P00298000,298.0,0,0.0,0.0,,0.0,expirationDay
2020-07-06,7324.0,0.0,0.0,0,317.05,0.0,0,0.0,0.0,,0.0,0,0.0,0.0,,0.0,bidTooLow
2020-07-07,7324.0,-3.0,0.0,0,313.78,0.0,1,0.19,0.22,SPY200710P00299000,299.0,0,0.0,0.0,,0.0,normalDay
2020-07-08,7324.0,14.0,0.0,0,316.18,0.0,1,0.19,0.05,SPY200710P00299000,299.0,0,0.0,0.0,,0.0,normalDay
2020-07-09,7324.0,15.0,0.0,0,314.38,0.0,1,0.19,0.04,SPY200710P00299000,299.0,0,0.0,0.0,,0.0,normalDay
2020-07-10,7343.0,0.0,19.0,0,317.59,0.0,1,0.19,0.0,SPY200710P00299000,299.0,0,0.0,0.0,,0.0,expirationDay
2020-07-13,7343.0,-3.0,0.0,0,314.84,0.0,1,0.26,0.29,SPY200715P00302000,302.0,0,0.0,0.0,,0.0,normalDay
2020-07-14,7343.0,23.0,0.0,0,318.92,0.0,1,0.26,0.03,SPY200715P00302000,302.0,0,0.0,0.0,,0.0,normalDay
2020-07-15,7369.0,0.0,26.0,0,321.85,0.0,1,0.26,0.0,SPY200715P00302000,302.0,0,0.0,0.0,,0.0,expirationDay
2020-07-16,7369.0,0.0,0.0,0,320.79,0.0,0,0.0,0.0,,0.0,0,0.0,0.0,,0.0,bidTooLow
2020-07-17,7369.0,0.0,0.0,0,321.72,0.0,0,0.0,0.0,,0.0,0,0.0,0.0,,0.0,bidTooLow
2020-07-20,7369.0,0.0,0.0,0,324.32,0.0,0,0.0,0.0,,0.0,0,0.0,0.0,,0.0,bidTooLow
2020-07-21,7369.0,0.0,0.0,0,325.01,0.0,0,0.0,0.0,,0.0,0,0.0,0.0,,0.0,bidTooLow
2020-07-22,7369.0,0.0,0.0,0,326.86,0.0,0,0.0,0.0,,0.0,0,0.0,0.0,,0.0,bidTooLow
2020-07-23,7369.0,0.0,0.0,0,322.96,0.0,0,0.0,0.0,,0.0,0,0.0,0.0,,0.0,bidTooLow
2020-07-24,7369.0,0.0,0.0,0,320.88,0.0,0,0.0,0.0,,0.0,0,0.0,0.0,,0.0,bidTooLow
2020-07-27,7369.0,0.0,0.0,0,323.22,0.0,0,0.0,0.0,,0.0,0,0.0,0.0,,0.0,bidTooLow
2020-07-28,7369.0,-3.0,0.0,0,321.17,0.0,1,0.22,0.25,SPY200731P00308000,308.0,0,0.0,0.0,,0.0,normalDay
2020-07-29,7369.0,16.0,0.0,0,325.12,0.0,1,0.22,0.06,SPY200731P00308000,308.0,0,0.0,0.0,,0.0,normalDay
2020-07-30,7369.0,17.0,0.0,0,323.96,0.0,1,0.22,0.05,SPY200731P00308000,308.0,0,0.0,0.0,,0.0,normalDay
2020-07-31,7391.0,0.0,22.0,0,326.52,0.0,1,0.22,0.0,SPY200731P00308000,308.0,0,0.0,0.0,,0.0,expirationDay
2020-08-03,7391.0,-3.0,0.0,0,328.79,0.0,1,0.02,0.05,SPY200805P00313000,313.0,0,0.0,0.0,,0.0,normalDay
2020-08-04,7391.0,0.0,0.0,0,330.06,0.0,1,0.02,0.02,SPY200805P00313000,313.0,0,0.0,0.0,,0.0,normalDay
2020-08-05,7393.0,0.0,2.0,0,332.11,0.0,1,0.02,0.0,SPY200805P00313000,313.0,0,0.0,0.0,,0.0,expirationDay
2020-08-06,7393.0,0.0,0.0,0,334.33,0.0,0,0.0,0.0,,0.0,0,0.0,0.0,,0.0,bidTooLow
2020-08-07,7393.0,0.0,0.0,0,334.57,0.0,0,0.0,0.0,,0.0,0,0.0,0.0,,0.0,bidTooLow
2020-08-10,7393.0,0.0,0.0,0,335.57,0.0,0,0.0,0.0,,0.0,0,0.0,0.0,,0.0,bidTooLow
2020-08-11,7393.0,-3.0,0.0,0,332.8,0.0,1,0.19,0.22,SPY200814P00317000,317.0,0,0.0,0.0,,0.0,normalDay
2020-08-12,7393.0,15.0,0.0,0,337.44,0.0,1,0.19,0.04,SPY200814P00317000,317.0,0,0.0,0.0,,0.0,normalDay
2020-08-13,7393.0,16.0,0.0,0,336.83,0.0,1,0.19,0.03,SPY200814P00317000,317.0,0,0.0,0.0,,0.0,normalDay
2020-08-14,7412.0,0.0,19.0,0,336.84,0.0,1,0.19,0.0,SPY200814P00317000,317.0,0,0.0,0.0,,0.0,expirationDay
2020-08-17,7412.0,0.0,0.0,0,337.91,0.0,0,0.0,0.0,,0.0,0,0.0,0.0,,0.0,bidTooLow
2020-08-18,7412.0,-3.0,0.0,0,338.64,0.0,1,0.04,0.07,SPY200821P00318000,318.0,0,0.0,0.0,,0.0,normalDay
2020-08-19,7412.0,-5.0,0.0,0,337.23,0.0,1,0.04,0.09,SPY200821P00318000,318.0,0,0.0,0.0,,0.0,normalDay
2020-08-20,7412.0,1.0,0.0,0,338.28,0.0,1,0.04,0.03,SPY200821P00318000,318.0,0,0.0,0.0,,0.0,normalDay
2020-08-21,7416.0,0.0,4.0,0,339.48,0.0,1,0.04,0.0,SPY200821P00318000,318.0,0,0.0,0.0,,0.0,expirationDay
2020-08-24,7416.0,-3.0,0.0,0,342.92,0.0,1,0.01,0.04,SPY200826P00322000,322.0,0,0.0,0.0,,0.0,normalDay
2020-08-25,7416.0,0.0,0.0,0,344.12,0.0,1,0.01,0.01,SPY200826P00322000,322.0,0,0.0,0.0,,0.0,normalDay
2020-08-26,7417.0,0.0,1.0,0,347.57,0.0,1,0.01,0.0,SPY200826P00322000,322.0,0,0.0,0.0,,0.0,expirationDay
2020-08-27,7417.0,0.0,0.0,0,348.33,0.0,0,0.0,0.0,,0.0,0,0.0,0.0,,0.0,bidTooLow
2020-08-28,7417.0,0.0,0.0,0,350.58,0.0,0,0.0,0.0,,0.0,0,0.0,0.0,,0.0,bidTooLow
2020-08-31,7417.0,-3.0,0.0,0,349.31,0.0,1,0.03,0.06,SPY200902P00327000,327.0,0,0.0,0.0,,0.0,normalDay
2020-09-01,7417.0,2.0,0.0,0,352.6,0.0,1,0.03,0.01,SPY200902P00327000,327.0,0,0.0,0.0,,0.0,normalDay
2020-09-02,7420.0,0.0,3.0,0,357.7,0.0,1,0.03,0.0,SPY200902P00327000,327.0,0,0.0,0.0,,0.0,expirationDay
2020-09-03,7420.0,-4.0,0.0,0,345.39,0.0,1,0.08,0.12,SPY200904P00328000,328.0,0,0.0,0.0,,0.0,normalDay
2020-09-04,7428.0,0.0,8.0,0,342.57,0.0,1,0.08,0.0,SPY200904P00328000,328.0,0,0.0,0.0,,0.0,expirationDay
2020-09-08,7428.0,-6.0,0.0,0,333.21,0.0,1,2.5,2.56,SPY200911P00329000,329.0,0,0.0,0.0,,0.0,normalDay
2020-09-09,7428.0,185.0,0.0,0,339.79,0.0,1,2.5,0.65,SPY200911P00329000,329.0,0,0.0,0.0,,0.0,normalDay
2020-09-10,7428.0,174.0,0.0,0,333.89,0.0,1,2.5,0.76,SPY200911P00329000,329.0,0,0.0,0.0,,0.0,normalDay
2020-09-11,7678.0,0.0,250.0,0,334.06,0.0,1,2.5,0.0,SPY200911P00329000,329.0,0,0.0,0.0,,0.0,expirationDay
2020-09-14,7678.0,-3.0,0.0,0,338.46,0.0,1,0.35,0.38,SPY200916P00329000,329.0,0,0.0,0.0,,0.0,normalDay
2020-09-15,7678.0,28.0,0.0,0,340.17,0.0,1,0.35,0.07,SPY200916P00329000,329.0,0,0.0,0.0,,0.0,normalDay
2020-09-16,7713.0,0.0,35.0,0,338.82,0.0,1,0.35,0.0,SPY200916P00329000,329.0,0,0.0,0.0,,0.0,expirationDay
2020-09-17,7713.0,-4.0,0.0,0,335.84,0.0,1,0.45,0.49,SPY200918P00329000,329.0,0,0.0,0.0,,0.0,normalDay
2020-09-18,7758.0,0.0,45.0,0,330.65,0.0,1,0.45,0.0,SPY200918P00329000,329.0,0,0.0,0.0,,0.0,expirationDay
2020-09-21,7758.0,-4.0,0.0,0,326.97,0.0,1,2.06,2.1,SPY200923P00326000,326.0,0,0.0,0.0,,0.0,normalDay
2020-09-22,7758.0,159.0,0.0,0,330.3,0.0,1,2.06,0.47,SPY200923P00326000,326.0,0,0.0,0.0,,0.0,normalDay
2020-09-23,7964.0,-336.0,206.0,100,322.64,326.0,1,2.06,0.0,SPY200923P00326000,326.0,0,0.0,0.0,,0.0,expirationDay
2020-09-24,7964.0,-250.0,0.0,100,323.5,326.0,0,0.0,0.0,,0.0,0,0.0,0.0,,0.0,bidTooLow
2020-09-25,7964.0,273.0,0.0,100,328.73,326.0,0,0.0,0.0,,0.0,0,0.0,0.0,,0.0,bidTooLow
2020-09-28,7964.0,819.0,0.0,100,334.19,326.0,0,0.0,0.0,,0.0,0,0.0,0.0,,0.0,bidTooLow
2020-09-29,7964.0,637.0,0.0,100,332.37,326.0,0,0.0,0.0,,0.0,0,0.0,0.0,,0.0,bidTooLow
2020-09-30,7964.0,889.0,0.0,100,334.89,326.0,0,0.0,0.0,,0.0,0,0.0,0.0,,0.0,bidTooLow
2020-10-01,7964.0,1101.0,0.0,100,337.04,326.0,0,0.0,0.0,,0.0,1,0.2,0.23,SPY201009C00356000,356.0,normalDay
2020-10-02,7964.0,799.0,0.0,100,333.84,326.0,0,0.0,0.0,,0.0,1,0.2,0.05,SPY201009C00356000,356.0,normalDay
2020-10-05,7964.0,1391.0,0.0,100,339.76,326.0,0,0.0,0.0,,0.0,1,0.2,0.05,SPY201009C00356000,356.0,normalDay
2020-10-06,7964.0,911.0,0.0,100,334.93,326.0,0,0.0,0.0,,0.0,1,0.2,0.02,SPY201009C00356000,356.0,normalDay
2020-10-07,7964.0,1494.0,0.0,100,340.76,326.0,0,0.0,0.0,,0.0,1,0.2,0.02,SPY201009C00356000,356.0,normalDay
2020-10-08,7964.0,1797.0,0.0,100,343.78,326.0,0,0.0,0.0,,0.0,1,0.2,0.01,SPY201009C00356000,356.0,normalDay
2020-10-09,7984.0,2085.0,20.0,100,346.85,326.0,0,0.0,0.0,,0.0,1,0.2,0.0,SPY201009C00356000,356.0,expirationDay
2020-10-12,7984.0,2640.0,0.0,100,352.43,326.0,0,0.0,0.0,,0.0,1,0.27,0.3,SPY201019C00363000,363.0,normalDay
2020-10-13,7984.0,2429.0,0.0,100,350.13,326.0,0,0.0,0.0,,0.0,1,0.27,0.11,SPY201019C00363000,363.0,normalDay
2020-10-14,7984.0,2216.0,0.0,100,347.93,326.0,0,0.0,0.0,,0.0,1,0.27,0.04,SPY201019C00363000,363.0,normalDay
2020-10-15,7984.0,2175.0,0.0,100,347.5,326.0,0,0.0,0.0,,0.0,1,0.27,0.02,SPY201019C00363000,363.0,normalDay
2020-10-16,7984.0,2155.0,0.0,100,347.29,326.0,0,0.0,0.0,,0.0,1,0.27,0.01,SPY201019C00363000,363.0,normalDay
2020-10-19,8011.0,1601.0,27.0,100,342.01,326.0,0,0.0,0.0,,0.0,1,0.27,0.0,SPY201019C00363000,363.0,expirationDay
2020-10-20,8011.0,1738.0,0.0,100,343.38,326.0,0,0.0,0.0,,0.0,0,0.0,0.0,,0.0,bidTooLow
2020-10-21,8011.0,1673.0,0.0,100,342.73,326.0,0,0.0,0.0,,0.0,0,0.0,0.0,,0.0,bidTooLow
2020-10-22,8011.0,1858.0,0.0,100,344.61,326.0,0,0.0,0.0,,0.0,1,0.04,0.07,SPY201030C00366000,366.0,normalDay
2020-10-23,8011.0,1980.0,0.0,100,345.78,326.0,0,0.0,0.0,,0.0,1,0.04,0.02,SPY201030C00366000,366.0,normalDay
2020-10-26,8011.0,1341.0,0.0,100,339.39,326.0,0,0.0,0.0,,0.0,1,0.04,0.02,SPY201030C00366000,366.0,normalDay
2020-10-27,8011.0,1225.0,0.0,100,338.22,326.0,0,0.0,0.0,,0.0,1,0.04,0.01,SPY201030C00366000,366.0,normalDay
2020-10-28,8011.0,69.0,0.0,100,326.66,326.0,0,0.0,0.0,,0.0,1,0.04,0.01,SPY201030C00366000,366.0,normalDay
2020-10-29,8011.0,401.0,0.0,100,329.98,326.0,0,0.0,0.0,,0.0,1,0.04,0.01,SPY201030C00366000,366.0,normalDay
2020-10-30,8015.0,54.0,4.0,100,326.54,326.0,0,0.0,0.0,,0.0,1,0.04,0.0,SPY201030C00366000,366.0,expirationDay
2020-11-02,8015.0,417.0,0.0,100,330.2,326.0,0,0.0,0.0,,0.0,1,0.02,0.05,SPY201109C00370000,370.0,normalDay
2020-11-03,8015.0,996.0,0.0,100,336.03,326.0,0,0.0,0.0,,0.0,1,0.02,0.09,SPY201109C00370000,370.0,normalDay
2020-11-04,8015.0,1753.0,0.0,100,343.54,326.0,0,0.0,0.0,,0.0,1,0.02,0.03,SPY201109C00370000,370.0,normalDay
2020-11-05,8015.0,2424.0,0.0,100,350.24,326.0,0,0.0,0.0,,0.0,1,0.02,0.02,SPY201109C00370000,370.0,normalDay
2020-11-06,8015.0,2417.0,0.0,100,350.16,326.0,0,0.0,0.0,,0.0,1,0.02,0.01,SPY201109C00370000,370.0,normalDay
2020-11-09,8017.0,2856.0,2.0,100,354.56,326.0,0,0.0,0.0,,0.0,1,0.02,0.0,SPY201109C00370000,370.0,expirationDay
2020-11-10,8017.0,2800.0,0.0,100,354.04,326.0,0,0.0,0.0,,0.0,1,0.1,0.14,SPY201118C00373000,373.0,normalDay
2020-11-11,8017.0,3067.0,0.0,100,356.67,326.0,0,0.0,0.0,,0.0,1,0.1,0.1,SPY201118C00373000,373.0,normalDay
2020-11-12,8017.0,2728.0,0.0,100,353.21,326.0,0,0.0,0.0,,0.0,1,0.1,0.03,SPY201118C00373000,373.0,normalDay
2020-11-13,8017.0,3213.0,0.0,100,358.1,326.0,0,0.0,0.0,,0.0,1,0.1,0.07,SPY201118C00373000,373.0,normalDay
2020-11-16,8017.0,3664.0,0.0,100,362.57,326.0,0,0.0,0.0,,0.0,1,0.1,0.03,SPY201118C00373000,373.0,normalDay
2020-11-17,8017.0,3471.0,0.0,100,360.62,326.0,0,0.0,0.0,,0.0,1,0.1,0.01,SPY201118C00373000,373.0,normalDay
2020-11-18,8027.0,3028.0,10.0,100,356.28,326.0,0,0.0,0.0,,0.0,1,0.1,0.0,SPY201118C00373000,373.0,expirationDay
2020-11-19,8027.0,3178.0,0.0,100,357.78,326.0,0,0.0,0.0,,0.0,0,0.0,0.0,,0.0,bidTooLow
2020-11-20,8027.0,2933.0,0.0,100,355.33,326.0,0,0.0,0.0,,0.0,0,0.0,0.0,,0.0,bidTooLow
2020-11-23,8027.0,3146.0,0.0,100,357.46,326.0,0,0.0,0.0,,0.0,0,0.0,0.0,,0.0,bidTooLow
2020-11-24,8027.0,3722.0,0.0,100,363.22,326.0,0,0.0,0.0,,0.0,0,0.0,0.0,,0.0,bidTooLow
2020-11-25,8027.0,3666.0,0.0,100,362.66,326.0,0,0.0,0.0,,0.0,0,0.0,0.0,,0.0,bidTooLow
2020-11-27,8027.0,3767.0,0.0,100,363.67,326.0,0,0.0,0.0,,0.0,0,0.0,0.0,,0.0,bidTooLow
2020-11-30,8027.0,3606.0,0.0,100,362.06,326.0,0,0.0,0.0,,0.0,0,0.0,0.0,,0.0,bidTooLow
2020-12-01,8027.0,3999.0,0.0,100,366.02,326.0,0,0.0,0.0,,0.0,1,0.06,0.09,SPY201209C00383000,383.0,normalDay
2020-12-02,8027.0,4077.0,0.0,100,366.79,326.0,0,0.0,0.0,,0.0,1,0.06,0.08,SPY201209C00383000,383.0,normalDay
2020-12-03,8027.0,4070.0,0.0,100,366.69,326.0,0,0.0,0.0,,0.0,1,0.06,0.05,SPY201209C00383000,383.0,normalDay
2020-12-04,8027.0,4387.0,0.0,100,369.85,326.0,0,0.0,0.0,,0.0,1,0.06,0.04,SPY201209C00383000,383.0,normalDay
2020-12-07,8027.0,4314.0,0.0,100,369.09,326.0,0,0.0,0.0,,0.0,1,0.06,0.01,SPY201209C00383000,383.0,normalDay
2020-12-08,8027.0,4422.0,0.0,100,370.17,326.0,0,0.0,0.0,,0.0,1,0.06,0.01,SPY201209C00383000,383.0,normalDay
2020-12-09,8033.0,4085.0,6.0,100,366.85,326.0,0,0.0,0.0,,0.0,1,0.06,0.0,SPY201209C00383000,383.0,expirationDay
2020-12-10,8033.0,4070.0,0.0,100,366.73,326.0,0,0.0,0.0,,0.0,1,0.07,0.1,SPY201218C00382000,382.0,normalDay
2020-12-11,8033.0,4030.0,0.0,100,366.3,326.0,0,0.0,0.0,,0.0,1,0.07,0.07,SPY201218C00382000,382.0,normalDay
2020-12-14,8033.0,3866.0,0.0,100,364.66,326.0,0,0.0,0.0,,0.0,1,0.07,0.07,SPY201218C00382000,382.0,normalDay
2020-12-15,8033.0,4359.0,0.0,100,369.59,326.0,0,0.0,0.0,,0.0,1,0.07,0.07,SPY201218C00382000,382.0,normalDay
2020-12-16,8033.0,4417.0,0.0,100,370.17,326.0,0,0.0,0.0,,0.0,1,0.07,0.07,SPY201218C00382000,382.0,normalDay
2020-12-17,8033.0,4627.0,0.0,100,372.24,326.0,0,0.0,0.0,,0.0,1,0.07,0.04,SPY201218C00382000,382.0,normalDay
2020-12-18,8040.0,4318.0,7.0,100,369.18,326.0,0,0.0,0.0,,0.0,1,0.07,0.0,SPY201218C00382000,382.0,expirationDay
2020-12-21,8040.0,4183.0,0.0,100,367.86,326.0,0,0.0,0.0,,0.0,1,0.08,0.11,SPY201228C00380000,380.0,normalDay
2020-12-22,8040.0,4128.0,0.0,100,367.24,326.0,0,0.0,0.0,,0.0,1,0.08,0.04,SPY201228C00380000,380.0,normalDay
2020-12-23,8040.0,4162.0,0.0,100,367.57,326.0,0,0.0,0.0,,0.0,1,0.08,0.03,SPY201228C00380000,380.0,normalDay
2020-12-24,8040.0,4307.0,0.0,100,369.0,326.0,0,0.0,0.0,,0.0,1,0.08,0.01,SPY201228C00380000,380.0,normalDay
2020-12-28,8048.0,4617.0,8.0,100,372.17,326.0,0,0.0,0.0,,0.0,1,0.08,0.0,SPY201228C00380000,380.0,expirationDay
2020-12-29,8048.0,4541.0,0.0,100,371.46,326.0,0,0.0,0.0,,0.0,1,1.48,1.53,SPY210106C00376000,376.0,normalDay
2020-12-30,8048.0,4617.0,0.0,100,371.99,326.0,0,0.0,0.0,,0.0,1,1.48,1.3,SPY210106C00376000,376.0,normalDay
2020-12-31,8048.0,4737.0,0.0,100,373.88,326.0,0,0.0,0.0,,0.0,1,1.48,1.99,SPY210106C00376000,376.0,normalDay
2021-01-04,8048.0,4387.0,0.0,100,368.79,326.0,0,0.0,0.0,,0.0,1,1.48,0.4,SPY210106C00376000,376.0,normalDay
2021-01-05,8048.0,4649.0,0.0,100,371.33,326.0,0,0.0,0.0,,0.0,1,1.48,0.32,SPY210106C00376000,376.0,normalDay
2021-01-06,8196.0,4755.0,148.0,100,373.55,326.0,0,0.0,0.0,,0.0,1,1.48,0.0,SPY210106C00376000,376.0,expirationDay
2021-01-07,8196.0,5306.0,0.0,100,379.1,326.0,0,0.0,0.0,,0.0,1,1.89,1.93,SPY210115C00382000,382.0,normalDay
2021-01-08,8196.0,5426.0,0.0,100,381.26,326.0,0,0.0,0.0,,0.0,1,1.89,2.89,SPY210115C00382000,382.0,normalDay
2021-01-11,8196.0,5300.0,0.0,100,378.69,326.0,0,0.0,0.0,,0.0,1,1.89,1.58,SPY210115C00382000,382.0,normalDay
2021-01-12,8196.0,5375.0,0.0,100,378.77,326.0,0,0.0,0.0,,0.0,1,1.89,0.91,SPY210115C00382000,382.0,normalDay
2021-01-13,8196.0,5492.0,0.0,100,379.79,326.0,0,0.0,0.0,,0.0,1,1.89,0.76,SPY210115C00382000,382.0,normalDay
2021-01-14,8196.0,5412.0,0.0,100,378.46,326.0,0,0.0,0.0,,0.0,1,1.89,0.23,SPY210115C00382000,382.0,normalDay
2021-01-15,8385.0,4970.0,189.0,100,375.7,326.0,0,0.0,0.0,,0.0,1,1.89,0.0,SPY210115C00382000,382.0,expirationDay
2021-01-19,8385.0,5262.0,0.0,100,378.65,326.0,0,0.0,0.0,,0.0,1,0.13,0.16,SPY210127C00391000,391.0,normalDay
2021-01-20,8385.0,5752.0,0.0,100,383.89,326.0,0,0.0,0.0,,0.0,1,0.13,0.5,SPY210127C00391000,391.0,normalDay
2021-01-21,8385.0,5807.0,0.0,100,384.24,326.0,0,0.0,0.0,,0.0,1,0.13,0.3,SPY210127C00391000,391.0,normalDay
2021-01-22,8385.0,5691.0,0.0,100,382.88,326.0,0,0.0,0.0,,0.0,1,0.13,0.1,SPY210127C00391000,391.0,normalDay
2021-01-25,8385.0,5843.0,0.0,100,384.39,326.0,0,0.0,0.0,,0.0,1,0.13,0.09,SPY210127C00391000,391.0,normalDay
2021-01-26,8385.0,5789.0,0.0,100,383.79,326.0,0,0.0,0.0,,0.0,1,0.13,0.03,SPY210127C00391000,391.0,normalDay
2021-01-27,8398.0,4841.0,13.0,100,374.41,326.0,0,0.0,0.0,,0.0,1,0.13,0.0,SPY210127C00391000,391.0,expirationDay
2021-01-28,8398.0,5159.0,0.0,100,377.63,326.0,0,0.0,0.0,,0.0,1,0.08,0.12,SPY210205C00395000,395.0,normalDay
2021-01-29,8398.0,4411.0,0.0,100,370.07,326.0,0,0.0,0.0,,0.0,1,0.08,0.04,SPY210205C00395000,395.0,normalDay
2021-02-01,8398.0,5027.0,0.0,100,376.23,326.0,0,0.0,0.0,,0.0,1,0.08,0.04,SPY210205C00395000,395.0,normalDay
2021-02-02,8398.0,5558.0,0.0,100,381.55,326.0,0,0.0,0.0,,0.0,1,0.08,0.05,SPY210205C00395000,395.0,normalDay
2021-02-03,8398.0,5591.0,0.0,100,381.85,326.0,0,0.0,0.0,,0.0,1,0.08,0.02,SPY210205C00395000,395.0,normalDay
2021-02-04,8398.0,6026.0,0.0,100,386.19,326.0,0,0.0,0.0,,0.0,1,0.08,0.01,SPY210205C00395000,395.0,normalDay
2021-02-05,8406.0,6171.0,8.0,100,387.71,326.0,0,0.0,0.0,,0.0,1,0.08,0.0,SPY210205C00395000,395.0,expirationDay
2021-02-08,8406.0,6448.0,0.0,100,390.51,326.0,0,0.0,0.0,,0.0,1,0.28,0.31,SPY210216C00399000,399.0,normalDay
2021-02-09,8406.0,6430.0,0.0,100,390.25,326.0,0,0.0,0.0,,0.0,1,0.28,0.23,SPY210216C00399000,399.0,normalDay
2021-02-10,8406.0,6420.0,0.0,100,390.08,326.0,0,0.0,0.0,,0.0,1,0.28,0.16,SPY210216C00399000,399.0,normalDay
2021-02-11,8406.0,6493.0,0.0,100,390.71,326.0,0,0.0,0.0,,0.0,1,0.28,0.06,SPY210216C00399000,399.0,normalDay
2021-02-12,8406.0,6684.0,0.0,100,392.64,326.0,0,0.0,0.0,,0.0,1,0.28,0.08,SPY210216C00399000,399.0,normalDay
2021-02-16,8434.0,6630.0,28.0,100,392.3,326.0,0,0.0,0.0,,0.0,1,0.28,0.0,SPY210216C00399000,399.0,expirationDay
2021-02-17,8434.0,6636.0,0.0,100,392.39,326.0,0,0.0,0.0,,0.0,1,0.02,0.05,SPY210224C00408000,408.0,normalDay
2021-02-18,8434.0,6471.0,0.0,100,390.72,326.0,0,0.0,0.0,,0.0,1,0.02,0.03,SPY210224C00408000,408.0,normalDay
2021-02-19,8434.0,6404.0,0.0,100,390.03,326.0,0,0.0,0.0,,0.0,1,0.02,0.01,SPY210224C00408000,408.0,normalDay
2021-02-22,8434.0,6104.0,0.0,100,387.03,326.0,0,0.0,0.0,,0.0,1,0.02,0.01,SPY210224C00408000,408.0,normalDay
2021-02-23,8434.0,6151.0,0.0,100,387.5,326.0,0,0.0,0.0,,0.0,1,0.02,0.01,SPY210224C00408000,408.0,normalDay
2021-02-24,8436.0,6577.0,2.0,100,391.77,326.0,0,0.0,0.0,,0.0,1,0.02,0.0,SPY210224C00408000,408.0,expirationDay
2021-02-25,8436.0,5633.0,0.0,100,382.33,326.0,0,0.0,0.0,,0.0,0,0.0,0.0,,0.0,bidTooLow
2021-02-26,8436.0,5436.0,0.0,100,380.36,326.0,0,0.0,0.0,,0.0,0,0.0,0.0,,0.0,bidTooLow
2021-03-01,8436.0,6355.0,0.0,100,389.58,326.0,0,0.0,0.0,,0.0,1,0.06,0.09,SPY210308C00405000,405.0,normalDay
2021-03-02,8436.0,6057.0,0.0,100,386.54,326.0,0,0.0,0.0,,0.0,1,0.06,0.03,SPY210308C00405000,405.0,normalDay
2021-03-03,8436.0,5546.0,0.0,100,381.42,326.0,0,0.0,0.0,,0.0,1,0.06,0.02,SPY210308C00405000,405.0,normalDay
2021-03-04,8436.0,5075.0,0.0,100,376.7,326.0,0,0.0,0.0,,0.0,1,0.06,0.01,SPY210308C00405000,405.0,normalDay
2021-03-05,8436.0,5768.0,0.0,100,383.63,326.0,0,0.0,0.0,,0.0,1,0.06,0.01,SPY210308C00405000,405.0,normalDay
2021-03-08,8442.0,5572.0,6.0,100,381.72,326.0,0,0.0,0.0,,0.0,1,0.06,0.0,SPY210308C00405000,405.0,expirationDay
2021-03-09,8442.0,6114.0,0.0,100,387.17,326.0,0,0.0,0.0,,0.0,1,0.1,0.13,SPY210317C00405000,405.0,normalDay
2021-03-10,8442.0,6356.0,0.0,100,389.58,326.0,0,0.0,0.0,,0.0,1,0.1,0.12,SPY210317C00405000,405.0,normalDay
2021-03-11,8442.0,6744.0,0.0,100,393.53,326.0,0,0.0,0.0,,0.0,1,0.1,0.19,SPY210317C00405000,405.0,normalDay
2021-03-12,8442.0,6806.0,0.0,100,394.06,326.0,0,0.0,0.0,,0.0,1,0.1,0.1,SPY210317C00405000,405.0,normalDay
2021-03-15,8442.0,7041.0,0.0,100,396.41,326.0,0,0.0,0.0,,0.0,1,0.1,0.1,SPY210317C00405000,405.0,normalDay
2021-03-16,8442.0,6999.0,0.0,100,395.91,326.0,0,0.0,0.0,,0.0,1,0.1,0.02,SPY210317C00405000,405.0,normalDay
2021-03-17,8452.0,7126.0,10.0,100,397.26,326.0,0,0.0,0.0,,0.0,1,0.1,0.0,SPY210317C00405000,405.0,expirationDay
2021-03-18,8452.0,6544.0,0.0,100,391.48,326.0,0,0.0,0.0,,0.0,1,0.03,0.07,SPY210326C00410000,410.0,normalDay
2021-03-19,8452.0,6348.0,0.0,100,389.48,326.0,0,0.0,0.0,,0.0,1,0.03,0.03,SPY210326C00410000,410.0,normalDay
2021-03-22,8452.0,6660.0,0.0,100,392.59,326.0,0,0.0,0.0,,0.0,1,0.03,0.02,SPY210326C00410000,410.0,normalDay
2021-03-23,8452.0,6352.0,0.0,100,389.5,326.0,0,0.0,0.0,,0.0,1,0.03,0.01,SPY210326C00410000,410.0,normalDay
2021-03-24,8452.0,6154.0,0.0,100,387.52,326.0,0,0.0,0.0,,0.0,1,0.03,0.01,SPY210326C00410000,410.0,normalDay
2021-03-25,8452.0,6372.0,0.0,100,389.7,326.0,0,0.0,0.0,,0.0,1,0.03,0.01,SPY210326C00410000,410.0,normalDay
2021-03-26,8455.0,6998.0,3.0,100,395.98,326.0,0,0.0,0.0,,0.0,1,0.03,0.0,SPY210326C00410000,410.0,expirationDay
2021-03-29,8455.0,6975.0,0.0,100,395.78,326.0,0,0.0,0.0,,0.0,1,0.01,0.04,SPY210405C00411000,411.0,normalDay
2021-03-30,8455.0,6872.0,0.0,100,394.73,326.0,0,0.0,0.0,,0.0,1,0.01,0.02,SPY210405C00411000,411.0,normalDay
2021-03-31,8455.0,7032.0,0.0,100,396.33,326.0,0,0.0,0.0,,0.0,1,0.01,0.02,SPY210405C00411000,411.0,normalDay
2021-04-01,8455.0,7461.0,0.0,100,400.61,326.0,0,0.0,0.0,,0.0,1,0.01,0.01,SPY210405C00411000,411.0,normalDay
2021-04-05,8456.0,8036.0,1.0,100,406.36,326.0,0,0.0,0.0,,0.0,1,0.01,0.0,SPY210405C00411000,411.0,expirationDay
2021-04-06,8456.0,8009.0,0.0,100,406.12,326.0,0,0.0,0.0,,0.0,1,0.34,0.37,SPY210414C00415000,415.0,normalDay
2021-04-07,8456.0,8064.0,0.0,100,406.59,326.0,0,0.0,0.0,,0.0,1,0.34,0.29,SPY210414C00415000,415.0,normalDay
2021-04-08,8456.0,8253.0,0.0,100,408.52,326.0,0,0.0,0.0,,0.0,1,0.34,0.33,SPY210414C00415000,415.0,normalDay
2021-04-09,8456.0,8528.0,0.0,100,411.49,326.0,0,0.0,0.0,,0.0,1,0.34,0.55,SPY210414C00415000,415.0,normalDay
2021-04-12,8456.0,8563.0,0.0,100,411.64,326.0,0,0.0,0.0,,0.0,1,0.34,0.35,SPY210414C00415000,415.0,normalDay
2021-04-13,8456.0,8696.0,0.0,100,412.86,326.0,0,0.0,0.0,,0.0,1,0.34,0.24,SPY210414C00415000,415.0,normalDay
2021-04-14,8490.0,8545.0,34.0,100,411.45,326.0,0,0.0,0.0,,0.0,1,0.34,0.0,SPY210414C00415000,415.0,expirationDay
2021-04-15,8490.0,8987.0,0.0,100,415.87,326.0,0,0.0,0.0,,0.0,0,0.0,0.0,,0.0,bidTooLow
2021-04-16,8490.0,9126.0,0.0,100,417.26,326.0,0,0.0,0.0,,0.0,0,0.0,0.0,,0.0,bidTooLow
2021-04-19,8490.0,8921.0,0.0,100,415.21,326.0,0,0.0,0.0,,0.0,0,0.0,0.0,,0.0,bidTooLow
2021-04-20,8490.0,8617.0,0.0,100,412.17,326.0,0,0.0,0.0,,0.0,0,0.0,0.0,,0.0,bidTooLow
2021-04-21,8490.0,9007.0,0.0,100,416.07,326.0,0,0.0,0.0,,0.0,0,0.0,0.0,,0.0,bidTooLow
2021-04-22,8490.0,8627.0,0.0,100,412.27,326.0,0,0.0,0.0,,0.0,0,0.0,0.0,,0.0,bidTooLow
2021-04-23,8490.0,9074.0,0.0,100,416.74,326.0,0,0.0,0.0,,0.0,0,0.0,0.0,,0.0,bidTooLow
2021-04-26,8490.0,9161.0,0.0,100,417.61,326.0,0,0.0,0.0,,0.0,0,0.0,0.0,,0.0,bidTooLow
2021-04-27,8490.0,9152.0,0.0,100,417.52,326.0,0,0.0,0.0,,0.0,0,0.0,0.0,,0.0,bidTooLow
2021-04-28,8490.0,9140.0,0.0,100,417.4,326.0,0,0.0,0.0,,0.0,0,0.0,0.0,,0.0,bidTooLow
2021-04-29,8490.0,9403.0,0.0,100,420.06,326.0,0,0.0,0.0,,0.0,1,0.08,0.11,SPY210507C00431000,431.0,normalDay
2021-04-30,8490.0,9135.0,0.0,100,417.3,326.0,0,0.0,0.0,,0.0,1,0.08,0.03,SPY210507C00431000,431.0,normalDay
2021-05-03,8490.0,9225.0,0.0,100,418.2,326.0,0,0.0,0.0,,0.0,1,0.08,0.03,SPY210507C00431000,431.0,normalDay
2021-05-04,8490.0,8969.0,0.0,100,415.62,326.0,0,0.0,0.0,,0.0,1,0.08,0.01,SPY210507C00431000,431.0,normalDay
2021-05-05,8490.0,8982.0,0.0,100,415.75,326.0,0,0.0,0.0,,0.0,1,0.08,0.01,SPY210507C00431000,431.0,normalDay
2021-05-06,8490.0,9314.0,0.0,100,419.07,326.0,0,0.0,0.0,,0.0,1,0.08,0.01,SPY210507C00431000,431.0,normalDay
2021-05-07,8498.0,9612.0,8.0,100,422.12,326.0,0,0.0,0.0,,0.0,1,0.08,0.0,SPY210507C00431000,431.0,expirationDay
2021-05-10,8498.0,9191.0,0.0,100,417.94,326.0,0,0.0,0.0,,0.0,1,0.3,0.33,SPY210517C00426000,426.0,normalDay
2021-05-11,8498.0,8840.0,0.0,100,414.21,326.0,0,0.0,0.0,,0.0,1,0.3,0.11,SPY210517C00426000,426.0,normalDay
2021-05-12,8498.0,7968.0,0.0,100,405.41,326.0,0,0.0,0.0,,0.0,1,0.3,0.03,SPY210517C00426000,426.0,normalDay
2021-05-13,8498.0,8456.0,0.0,100,410.28,326.0,0,0.0,0.0,,0.0,1,0.3,0.02,SPY210517C00426000,426.0,normalDay
2021-05-14,8498.0,9087.0,0.0,100,416.58,326.0,0,0.0,0.0,,0.0,1,0.3,0.01,SPY210517C00426000,426.0,normalDay
2021-05-17,8528.0,8952.0,30.0,100,415.52,326.0,0,0.0,0.0,,0.0,1,0.3,0.0,SPY210517C00426000,426.0,expirationDay
2021-05-18,8528.0,8591.0,0.0,100,411.94,326.0,0,0.0,0.0,,0.0,1,0.01,0.04,SPY210526C00430000,430.0,normalDay
2021-05-19,8528.0,8484.0,0.0,100,410.86,326.0,0,0.0,0.0,,0.0,1,0.01,0.03,SPY210526C00430000,430.0,normalDay
2021-05-20,8528.0,8925.0,0.0,100,415.28,326.0,0,0.0,0.0,,0.0,1,0.01,0.04,SPY210526C00430000,430.0,normalDay
2021-05-21,8528.0,8893.0,0.0,100,414.94,326.0,0,0.0,0.0,,0.0,1,0.01,0.02,SPY210526C00430000,430.0,normalDay
2021-05-24,8528.0,9316.0,0.0,100,419.17,326.0,0,0.0,0.0,,0.0,1,0.01,0.02,SPY210526C00430000,430.0,normalDay
2021-05-25,8528.0,9224.0,0.0,100,418.24,326.0,0,0.0,0.0,,0.0,1,0.01,0.01,SPY210526C00430000,430.0,normalDay
2021-05-26,8529.0,9307.0,1.0,100,419.07,326.0,0,0.0,0.0,,0.0,1,0.01,0.0,SPY210526C00430000,430.0,expirationDay
2021-05-27,8529.0,9326.0,0.0,100,419.29,326.0,0,0.0,0.0,,0.0,1,0.04,0.07,SPY210604C00430000,430.0,normalDay
2021-05-28,8529.0,9402.0,0.0,100,420.04,326.0,0,0.0,0.0,,0.0,1,0.04,0.06,SPY210604C00430000,430.0,normalDay
2021-06-01,8529.0,9368.0,0.0,100,419.67,326.0,0,0.0,0.0,,0.0,1,0.04,0.03,SPY210604C00430000,430.0,normalDay
2021-06-02,8529.0,9435.0,0.0,100,420.33,326.0,0,0.0,0.0,,0.0,1,0.04,0.02,SPY210604C00430000,430.0,normalDay
2021-06-03,8529.0,9280.0,0.0,100,418.77,326.0,0,0.0,0.0,,0.0,1,0.04,0.01,SPY210604C00430000,430.0,normalDay
2021-06-04,8533.0,9660.0,4.0,100,422.6,326.0,0,0.0,0.0,,0.0,1,0.04,0.0,SPY210604C00430000,430.0,expirationDay
2021-06-07,8533.0,9616.0,0.0,100,422.19,326.0,0,0.0,0.0,,0.0,1,0.01,0.04,SPY210614C00433000,433.0,normalDay
2021-06-08,8533.0,9625.0,0.0,100,422.28,326.0,0,0.0,0.0,,0.0,1,0.01,0.04,SPY210614C00433000,433.0,normalDay
2021-06-09,8533.0,9562.0,0.0,100,421.65,326.0,0,0.0,0.0,,0.0,1,0.01,0.04,SPY210614C00433000,433.0,normalDay
2021-06-10,8533.0,9759.0,0.0,100,423.61,326.0,0,0.0,0.0,,0.0,1,0.01,0.03,SPY210614C00433000,433.0,normalDay
2021-06-11,8533.0,9831.0,0.0,100,424.31,326.0,0,0.0,0.0,,0.0,1,0.01,0.01,SPY210614C00433000,433.0,normalDay
2021-06-14,8534.0,9926.0,1.0,100,425.26,326.0,0,0.0,0.0,,0.0,1,0.01,0.0,SPY210614C00433000,433.0,expirationDay
2021-06-15,8534.0,9845.0,0.0,100,424.48,326.0,0,0.0,0.0,,0.0,1,0.1,0.13,SPY210623C00434000,434.0,normalDay
2021-06-16,8534.0,9616.0,0.0,100,422.11,326.0,0,0.0,0.0,,0.0,1,0.1,0.05,SPY210623C00434000,434.0,normalDay
2021-06-17,8534.0,9603.0,0.0,100,421.97,326.0,0,0.0,0.0,,0.0,1,0.1,0.04,SPY210623C00434000,434.0,normalDay
2021-06-18,8534.0,8900.0,0.0,100,414.92,326.0,0,0.0,0.0,,0.0,1,0.1,0.02,SPY210623C00434000,434.0,normalDay
2021-06-21,8534.0,9495.0,0.0,100,420.86,326.0,0,0.0,0.0,,0.0,1,0.1,0.01,SPY210623C00434000,434.0,normalDay
2021-06-22,8534.0,9720.0,0.0,100,423.11,326.0,0,0.0,0.0,,0.0,1,0.1,0.01,SPY210623C00434000,434.0,normalDay
2021-06-23,8544.0,9660.0,10.0,100,422.6,326.0,0,0.0,0.0,,0.0,1,0.1,0.0,SPY210623C00434000,434.0,expirationDay
2021-06-24,8544.0,9907.0,0.0,100,425.1,326.0,0,0.0,0.0,,0.0,1,0.35,0.38,SPY210702C00431000,431.0,normalDay
2021-06-25,8544.0,10057.0,0.0,100,426.61,326.0,0,0.0,0.0,,0.0,1,0.35,0.39,SPY210702C00431000,431.0,normalDay
2021-06-28,8544.0,10151.0,0.0,100,427.47,326.0,0,0.0,0.0,,0.0,1,0.35,0.31,SPY210702C00431000,431.0,normalDay
2021-06-29,8544.0,10177.0,0.0,100,427.7,326.0,0,0.0,0.0,,0.0,1,0.35,0.28,SPY210702C00431000,431.0,normalDay
2021-06-30,8544.0,10213.0,0.0,100,428.06,326.0,0,0.0,0.0,,0.0,1,0.35,0.28,SPY210702C00431000,431.0,normalDay
2021-07-01,8544.0,10418.0,0.0,100,430.43,326.0,0,0.0,0.0,,0.0,1,0.35,0.6,SPY210702C00431000,431.0,normalDay
2021-07-02,19079.0,10418.0,10535.0,0,433.72,0.0,0,0.0,0.0,,0.0,1,0.35,0.0,SPY210702C00431000,431.0,expirationDay
2021-07-06,19079.0,-3.0,0.0,0,432.93,0.0,1,0.02,0.05,SPY210709P00416000,416.0,0,0.0,0.0,,0.0,normalDay
2021-07-07,19079.0,-1.0,0.0,0,434.46,0.0,1,0.02,0.03,SPY210709P00416000,416.0,0,0.0,0.0,,0.0,normalDay
2021-07-08,19079.0,-1.0,0.0,0,430.92,0.0,1,0.02,0.03,SPY210709P00416000,416.0,0,0.0,0.0,,0.0,normalDay
2021-07-09,19081.0,0.0,2.0,0,435.52,0.0,1,0.02,0.0,SPY210709P00416000,416.0,0,0.0,0.0,,0.0,expirationDay
2021-07-12,19081.0,-3.0,0.0,0,437.08,0.0,1,0.01,0.04,SPY210714P00416000,416.0,0,0.0,0.0,,0.0,normalDay
2021-07-13,19081.0,-3.0,0.0,0,435.59,0.0,1,0.01,0.04,SPY210714P00416000,416.0,0,0.0,0.0,,0.0,normalDay
2021-07-14,19082.0,0.0,1.0,0,436.24,0.0,1,0.01,0.0,SPY210714P00416000,416.0,0,0.0,0.0,,0.0,expirationDay
2021-07-15,19082.0,-3.0,0.0,0,434.75,0.0,1,0.01,0.04,SPY210716P00417000,417.0,0,0.0,0.0,,0.0,normalDay
2021-07-16,19083.0,0.0,1.0,0,431.34,0.0,1,0.01,0.0,SPY210716P00417000,417.0,0,0.0,0.0,,0.0,expirationDay
2021-07-19,19083.0,-4.0,0.0,0,424.97,0.0,1,1.16,1.2,SPY210721P00420000,420.0,0,0.0,0.0,,0.0,normalDay
2021-07-20,19083.0,110.0,0.0,0,431.06,0.0,1,1.16,0.06,SPY210721P00420000,420.0,0,0.0,0.0,,0.0,normalDay
2021-07-21,19199.0,0.0,116.0,0,434.55,0.0,1,1.16,0.0,SPY210721P00420000,420.0,0,0.0,0.0,,0.0,expirationDay
2021-07-22,19199.0,0.0,0.0,0,435.46,0.0,0,0.0,0.0,,0.0,0,0.0,0.0,,0.0,bidTooLow
2021-07-23,19199.0,0.0,0.0,0,439.94,0.0,0,0.0,0.0,,0.0,0,0.0,0.0,,0.0,bidTooLow
2021-07-26,19199.0,-3.0,0.0,0,441.02,0.0,1,0.01,0.04,SPY210728P00425000,425.0,0,0.0,0.0,,0.0,normalDay
2021-07-27,19199.0,-3.0,0.0,0,439.01,0.0,1,0.01,0.04,SPY210728P00425000,425.0,0,0.0,0.0,,0.0,normalDay
2021-07-28,19200.0,0.0,1.0,0,438.83,0.0,1,0.01,0.0,SPY210728P00425000,425.0,0,0.0,0.0,,0.0,expirationDay
2021-07-29,19200.0,0.0,0.0,0,440.65,0.0,0,0.0,0.0,,0.0,0,0.0,0.0,,0.0,bidTooLow
2021-07-30,19200.0,-3.0,0.0,0,438.51,0.0,1,0.03,0.06,SPY210802P00427000,427.0,0,0.0,0.0,,0.0,normalDay
2021-08-02,19203.0,0.0,3.0,0,437.59,0.0,1,0.03,0.0,SPY210802P00427000,427.0,0,0.0,0.0,,0.0,expirationDay
2021-08-03,19203.0,-3.0,0.0,0,441.15,0.0,1,0.08,0.11,SPY210806P00428000,428.0,0,0.0,0.0,,0.0,normalDay
2021-08-04,19203.0,-2.0,0.0,0,438.98,0.0,1,0.08,0.1,SPY210806P00428000,428.0,0,0.0,0.0,,0.0,normalDay
2021-08-05,19203.0,5.0,0.0,0,441.76,0.0,1,0.08,0.03,SPY210806P00428000,428.0,0,0.0,0.0,,0.0,normalDay
2021-08-06,19211.0,0.0,8.0,0,442.49,0.0,1,0.08,0.0,SPY210806P00428000,428.0,0,0.0,0.0,,0.0,expirationDay
2021-08-09,19211.0,-3.0,0.0,0,442.13,0.0,1,0.01,0.04,SPY210811P00428000,428.0,0,0.0,0.0,,0.0,normalDay
2021-08-10,19211.0,-2.0,0.0,0,442.68,0.0,1,0.01,0.03,SPY210811P00428000,428.0,0,0.0,0.0,,0.0,normalDay
2021-08-11,19212.0,0.0,1.0,0,443.78,0.0,1,0.01,0.0,SPY210811P00428000,428.0,0,0.0,0.0,,0.0,expirationDay
2021-08-12,19212.0,-3.0,0.0,0,445.11,0.0,1,0.01,0.04,SPY210813P00429000,429.0,0,0.0,0.0,,0.0,normalDay
2021-08-13,19213.0,0.0,1.0,0,445.92,0.0,1,0.01,0.0,SPY210813P00429000,429.0,0,0.0,0.0,,0.0,expirationDay
2021-08-16,19213.0,-3.0,0.0,0,446.97,0.0,1,0.04,0.07,SPY210818P00433000,433.0,0,0.0,0.0,,0.0,normalDay
2021-08-17,19213.0,-4.0,0.0,0,444.04,0.0,1,0.04,0.08,SPY210818P00433000,433.0,0,0.0,0.0,,0.0,normalDay
2021-08-18,19217.0,0.0,4.0,0,439.18,0.0,1,0.04,0.0,SPY210818P00433000,433.0,0,0.0,0.0,,0.0,expirationDay
2021-08-19,19217.0,-4.0,0.0,0,439.86,0.0,1,0.6,0.64,SPY210820P00436000,436.0,0,0.0,0.0,,0.0,normalDay
2021-08-20,19277.0,0.0,60.0,0,443.36,0.0,1,0.6,0.0,SPY210820P00436000,436.0,0,0.0,0.0,,0.0,expirationDay
2021-08-23,19277.0,-3.0,0.0,0,447.26,0.0,1,0.04,0.07,SPY210825P00436000,436.0,0,0.0,0.0,,0.0,normalDay
2021-08-24,19277.0,0.0,0.0,0,447.97,0.0,1,0.04,0.04,SPY210825P00436000,436.0,0,0.0,0.0,,0.0,normalDay
2021-08-25,19281.0,0.0,4.0,0,448.91,0.0,1,0.04,0.0,SPY210825P00436000,436.0,0,0.0,0.0,,0.0,expirationDay
2021-08-26,19281.0,-3.0,0.0,0,446.26,0.0,1,0.06,0.09,SPY210827P00436000,436.0,0,0.0,0.0,,0.0,normalDay
2021-08-27,19287.0,0.0,6.0,0,450.25,0.0,1,0.06,0.0,SPY210827P00436000,436.0,0,0.0,0.0,,0.0,expirationDay
2021-08-30,19287.0,-3.0,0.0,0,452.23,0.0,1,0.02,0.05,SPY210901P00437000,437.0,0,0.0,0.0,,0.0,normalDay
2021-08-31,19287.0,-2.0,0.0,0,451.56,0.0,1,0.02,0.04,SPY210901P00437000,437.0,0,0.0,0.0,,0.0,normalDay
2021-09-01,19289.0,0.0,2.0,0,451.8,0.0,1,0.02,0.0,SPY210901P00437000,437.0,0,0.0,0.0,,0.0,expirationDay
2021-09-02,19289.0,0.0,0.0,0,453.19,0.0,0,0.0,0.0,,0.0,0,0.0,0.0,,0.0,bidTooLow
2021-09-03,19289.0,0.0,0.0,0,453.08,0.0,0,0.0,0.0,,0.0,0,0.0,0.0,,0.0,bidTooLow
2021-09-07,19289.0,-3.0,0.0,0,451.46,0.0,1,0.16,0.19,SPY210910P00439000,439.0,0,0.0,0.0,,0.0,normalDay
2021-09-08,19289.0,6.0,0.0,0,450.91,0.0,1,0.16,0.1,SPY210910P00439000,439.0,0,0.0,0.0,,0.0,normalDay
2021-09-09,19289.0,9.0,0.0,0,448.98,0.0,1,0.16,0.07,SPY210910P00439000,439.0,0,0.0,0.0,,0.0,normalDay
2021-09-10,19305.0,0.0,16.0,0,445.44,0.0,1,0.16,0.0,SPY210910P00439000,439.0,0,0.0,0.0,,0.0,expirationDay
2021-09-13,19305.0,-3.0,0.0,0,446.58,0.0,1,0.59,0.62,SPY210915P00440000,440.0,0,0.0,0.0,,0.0,normalDay
2021-09-14,19305.0,20.0,0.0,0,444.17,0.0,1,0.59,0.39,SPY210915P00440000,440.0,0,0.0,0.0,,0.0,normalDay
2021-09-15,19364.0,0.0,59.0,0,447.88,0.0,1,0.59,0.0,SPY210915P00440000,440.0,0,0.0,0.0,,0.0,expirationDay
2021-09-16,19364.0,-3.0,0.0,0,447.17,0.0,1,0.24,0.27,SPY210917P00441000,441.0,0,0.0,0.0,,0.0,normalDay
2021-09-17,19388.0,0.0,24.0,0,441.4,0.0,1,0.24,0.0,SPY210917P00441000,441.0,0,0.0,0.0,,0.0,expirationDay
2021-09-20,19388.0,-20.0,0.0,0,434.04,0.0,1,5.98,6.18,SPY210922P00439000,439.0,0,0.0,0.0,,0.0,normalDay
2021-09-21,19388.0,4.0,0.0,0,433.63,0.0,1,5.98,5.94,SPY210922P00439000,439.0,0,0.0,0.0,,0.0,normalDay
2021-09-22,19986.0,-114.0,598.0,100,437.86,439.0,1,5.98,0.0,SPY210922P00439000,439.0,0,0.0,0.0,,0.0,expirationDay
2021-09-23,19986.0,418.0,0.0,100,443.18,439.0,0,0.0,0.0,,0.0,0,0.0,0.0,,0.0,bidTooLow
2021-09-24,19986.0,491.0,0.0,100,443.91,439.0,0,0.0,0.0,,0.0,0,0.0,0.0,,0.0,bidTooLow
2021-09-27,19986.0,364.0,0.0,100,442.64,439.0,0,0.0,0.0,,0.0,0,0.0,0.0,,0.0,bidTooLow
2021-09-28,19986.0,-528.0,0.0,100,433.72,439.0,0,0.0,0.0,,0.0,0,0.0,0.0,,0.0,bidTooLow
2021-09-29,19986.0,-455.0,0.0,100,434.45,439.0,0,0.0,0.0,,0.0,0,0.0,0.0,,0.0,bidTooLow
2021-09-30,19986.0,-986.0,0.0,100,429.14,439.0,0,0.0,0.0,,0.0,0,0.0,0.0,,0.0,bidTooLow
2021-10-01,19986.0,-476.0,0.0,100,434.24,439.0,0,0.0,0.0,,0.0,0,0.0,0.0,,0.0,bidTooLow
2021-10-04,19986.0,-1036.0,0.0,100,428.64,439.0,0,0.0,0.0,,0.0,0,0.0,0.0,,0.0,bidTooLow
2021-10-05,19986.0,-590.0,0.0,100,433.1,439.0,0,0.0,0.0,,0.0,0,0.0,0.0,,0.0,bidTooLow
2021-10-06,19986.0,-410.0,0.0,100,434.9,439.0,0,0.0,0.0,,0.0,0,0.0,0.0,,0.0,bidTooLow
2021-10-07,19986.0,-34.0,0.0,100,438.66,439.0,0,0.0,0.0,,0.0,0,0.0,0.0,,0.0,bidTooLow
2021-10-08,19986.0,-114.0,0.0,100,437.86,439.0,0,0.0,0.0,,0.0,0,0.0,0.0,,0.0,bidTooLow
2021-10-11,19986.0,-431.0,0.0,100,434.69,439.0,0,0.0,0.0,,0.0,0,0.0,0.0,,0.0,bidTooLow
2021-10-12,19986.0,-538.0,0.0,100,433.62,439.0,0,0.0,0.0,,0.0,0,0.0,0.0,,0.0,bidTooLow
2021-10-13,19986.0,-382.0,0.0,100,435.18,439.0,0,0.0,0.0,,0.0,0,0.0,0.0,,0.0,bidTooLow
2021-10-14,19986.0,347.0,0.0,100,442.5,439.0,0,0.0,0.0,,0.0,1,0.15,0.18,SPY211022C00453000,453.0,normalDay
2021-10-15,19986.0,675.0,0.0,100,445.87,439.0,0,0.0,0.0,,0.0,1,0.15,0.27,SPY211022C00453000,453.0,normalDay
2021-10-18,19986.0,806.0,0.0,100,447.19,439.0,0,0.0,0.0,,0.0,1,0.15,0.28,SPY211022C00453000,453.0,normalDay
2021-10-19,19986.0,1103.0,0.0,100,450.64,439.0,0,0.0,0.0,,0.0,1,0.15,0.76,SPY211022C00453000,453.0,normalDay
2021-10-20,19986.0,1266.0,0.0,100,452.41,439.0,0,0.0,0.0,,0.0,1,0.15,0.9,SPY211022C00453000,453.0,normalDay
2021-10-21,19986.0,1350.0,0.0,100,453.59,439.0,0,0.0,0.0,,0.0,1,0.15,1.24,SPY211022C00453000,453.0,normalDay
2021-10-22,21401.0,1350.0,1415.0,0,453.12,0.0,0,0.0,0.0,,0.0,1,0.15,0.0,SPY211022C00453000,453.0,expirationDay
2021-10-25,21401.0,0.0,0.0,0,455.55,0.0,0,0.0,0.0,,0.0,0,0.0,0.0,,0.0,bidTooLow
2021-10-26,21401.0,-3.0,0.0,0,455.96,0.0,1,0.01,0.04,SPY211029P00423000,423.0,0,0.0,0.0,,0.0,normalDay
2021-10-27,21401.0,-2.0,0.0,0,453.94,0.0,1,0.01,0.03,SPY211029P00423000,423.0,0,0.0,0.0,,0.0,normalDay
2021-10-28,21401.0,0.0,0.0,0,458.32,0.0,1,0.01,0.01,SPY211029P00423000,423.0,0,0.0,0.0,,0.0,normalDay
2021-10-29,21402.0,0.0,1.0,0,459.25,0.0,1,0.01,0.0,SPY211029P00423000,423.0,0,0.0,0.0,,0.0,expirationDay
2021-11-01,21402.0,0.0,0.0,0,460.04,0.0,0,0.0,0.0,,0.0,0,0.0,0.0,,0.0,bidTooLow
2021-11-02,21402.0,-3.0,0.0,0,461.9,0.0,1,0.01,0.04,SPY211105P00429000,429.0,0,0.0,0.0,,0.0,normalDay
2021-11-03,21402.0,-1.0,0.0,0,464.72,0.0,1,0.01,0.02,SPY211105P00429000,429.0,0,0.0,0.0,,0.0,normalDay
2021-11-04,21402.0,-1.0,0.0,0,466.91,0.0,1,0.01,0.02,SPY211105P00429000,429.0,0,0.0,0.0,,0.0,normalDay
2021-11-05,21403.0,0.0,1.0,0,468.53,0.0,1,0.01,0.0,SPY211105P00429000,429.0,0,0.0,0.0,,0.0,expirationDay
2021-11-08,21403.0,0.0,0.0,0,468.93,0.0,0,0.0,0.0,,0.0,0,0.0,0.0,,0.0,bidTooLow
2021-11-09,21403.0,-3.0,0.0,0,467.38,0.0,1,0.01,0.04,SPY211112P00438000,438.0,0,0.0,0.0,,0.0,normalDay
2021-11-10,21403.0,-3.0,0.0,0,463.62,0.0,1,0.01,0.04,SPY211112P00438000,438.0,0,0.0,0.0,,0.0,normalDay
2021-11-11,21403.0,-1.0,0.0,0,463.77,0.0,1,0.01,0.02,SPY211112P00438000,438.0,0,0.0,0.0,,0.0,normalDay
2021-11-12,21404.0,0.0,1.0,0,467.27,0.0,1,0.01,0.0,SPY211112P00438000,438.0,0,0.0,0.0,,0.0,expirationDay
2021-11-15,21404.0,-3.0,0.0,0,467.43,0.0,1,0.01,0.04,SPY211117P00448000,448.0,0,0.0,0.0,,0.0,normalDay
2021-11-16,21404.0,-1.0,0.0,0,469.28,0.0,1,0.01,0.02,SPY211117P00448000,448.0,0,0.0,0.0,,0.0,normalDay
2021-11-17,21405.0,0.0,1.0,0,468.14,0.0,1,0.01,0.0,SPY211117P00448000,448.0,0,0.0,0.0,,0.0,expirationDay
2021-11-18,21405.0,-3.0,0.0,0,469.73,0.0,1,0.01,0.04,SPY211119P00452000,452.0,0,0.0,0.0,,0.0,normalDay
2021-11-19,21406.0,0.0,1.0,0,468.89,0.0,1,0.01,0.0,SPY211119P00452000,452.0,0,0.0,0.0,,0.0,expirationDay
2021-11-22,21406.0,-3.0,0.0,0,467.57,0.0,1,0.12,0.15,SPY211124P00455000,455.0,0,0.0,0.0,,0.0,normalDay
2021-11-23,21406.0,7.0,0.0,0,468.19,0.0,1,0.12,0.05,SPY211124P00455000,455.0,0,0.0,0.0,,0.0,normalDay
2021-11-24,21418.0,0.0,12.0,0,469.44,0.0,1,0.12,0.0,SPY211124P00455000,455.0,0,0.0,0.0,,0.0,expirationDay
2021-11-26,21418.0,-12.0,0.0,0,458.97,0.0,1,4.08,4.2,SPY211129P00459000,459.0,0,0.0,0.0,,0.0,normalDay
2021-11-29,21826.0,0.0,408.0,0,464.6,0.0,1,4.08,0.0,SPY211129P00459000,459.0,0,0.0,0.0,,0.0,expirationDay
2021-11-30,21826.0,-11.0,0.0,0,455.56,0.0,1,4.49,4.6,SPY211203P00459000,459.0,0,0.0,0.0,,0.0,normalDay
2021-12-01,21826.0,-515.0,0.0,0,450.5,0.0,1,4.49,9.64,SPY211203P00459000,459.0,0,0.0,0.0,,0.0,normalDay
2021-12-02,21826.0,122.0,0.0,0,457.4,0.0,1,4.49,3.27,SPY211203P00459000,459.0,0,0.0,0.0,,0.0,normalDay
2021-12-03,22275.0,-558.0,449.0,100,453.42,459.0,1,4.49,0.0,SPY211203P00459000,459.0,0,0.0,0.0,,0.0,expirationDay
2021-12-06,22275.0,-21.0,0.0,100,458.79,459.0,0,0.0,0.0,,0.0,0,0.0,0.0,,0.0,bidTooLow
2021-12-07,22275.0,925.0,0.0,100,468.28,459.0,0,0.0,0.0,,0.0,1,0.07,0.1,SPY211215C00486000,486.0,normalDay
2021-12-08,22275.0,1053.0,0.0,100,469.52,459.0,0,0.0,0.0,,0.0,1,0.07,0.06,SPY211215C00486000,486.0,normalDay
2021-12-09,22275.0,739.0,0.0,100,466.35,459.0,0,0.0,0.0,,0.0,1,0.07,0.03,SPY211215C00486000,486.0,normalDay
2021-12-10,22275.0,1178.0,0.0,100,470.74,459.0,0,0.0,0.0,,0.0,1,0.07,0.03,SPY211215C00486000,486.0,normalDay
2021-12-13,22275.0,763.0,0.0,100,466.57,459.0,0,0.0,0.0,,0.0,1,0.07,0.01,SPY211215C00486000,486.0,normalDay
2021-12-14,22275.0,442.0,0.0,100,463.36,459.0,0,0.0,0.0,,0.0,1,0.07,0.01,SPY211215C00486000,486.0,normalDay
2021-12-15,22282.0,1160.0,7.0,100,470.6,459.0,0,0.0,0.0,,0.0,1,0.07,0.0,SPY211215C00486000,486.0,expirationDay
2021-12-16,22282.0,742.0,0.0,100,466.45,459.0,0,0.0,0.0,,0.0,1,0.01,0.04,SPY211223C00487000,487.0,normalDay
2021-12-17,22282.0,86.0,0.0,100,459.87,459.0,0,0.0,0.0,,0.0,1,0.01,0.02,SPY211223C00487000,487.0,normalDay
2021-12-20,22282.0,-402.0,0.0,100,454.98,459.0,0,0.0,0.0,,0.0,1,0.01,0.01,SPY211223C00487000,487.0,normalDay
2021-12-21,22282.0,406.0,0.0,100,463.06,459.0,0,0.0,0.0,,0.0,1,0.01,0.01,SPY211223C00487000,487.0,normalDay
2021-12-22,22282.0,869.0,0.0,100,467.69,459.0,0,0.0,0.0,,0.0,1,0.01,0.01,SPY211223C00487000,487.0,normalDay
2021-12-23,22283.0,1160.0,1.0,100,470.6,459.0,0,0.0,0.0,,0.0,1,0.01,0.0,SPY211223C00487000,487.0,expirationDay
2021-12-27,22283.0,1823.0,0.0,100,477.26,459.0,0,0.0,0.0,,0.0,1,0.04,0.07,SPY220103C00490000,490.0,normalDay
2021-12-28,22283.0,1782.0,0.0,100,476.87,459.0,0,0.0,0.0,,0.0,1,0.04,0.09,SPY220103C00490000,490.0,normalDay
2021-12-29,22283.0,1847.0,0.0,100,477.48,459.0,0,0.0,0.0,,0.0,1,0.04,0.05,SPY220103C00490000,490.0,normalDay
2021-12-30,22283.0,1717.0,0.0,100,476.16,459.0,0,0.0,0.0,,0.0,1,0.04,0.03,SPY220103C00490000,490.0,normalDay
2021-12-31,22283.0,1599.0,0.0,100,474.96,459.0,0,0.0,0.0,,0.0,1,0.04,0.01,SPY220103C00490000,490.0,normalDay
2022-01-03,22287.0,1871.0,4.0,100,477.71,459.0,0,0.0,0.0,,0.0,1,0.04,0.0,SPY220103C00490000,490.0,expirationDay
2022-01-04,22287.0,1855.0,0.0,100,477.55,459.0,0,0.0,0.0,,0.0,0,0.0,0.0,,0.0,bidTooLow
2022-01-05,22287.0,938.0,0.0,100,468.38,459.0,0,0.0,0.0,,0.0,0,0.0,0.0,,0.0,bidTooLow
2022-01-06,22287.0,894.0,0.0,100,467.94,459.0,0,0.0,0.0,,0.0,0,0.0,0.0,,0.0,bidTooLow
2022-01-07,22287.0,709.0,0.0,100,466.09,459.0,0,0.0,0.0,,0.0,0,0.0,0.0,,0.0,bidTooLow
2022-01-10,22287.0,651.0,0.0,100,465.51,459.0,0,0.0,0.0,,0.0,0,0.0,0.0,,0.0,bidTooLow
2022-01-11,22287.0,1075.0,0.0,100,469.75,459.0,0,0.0,0.0,,0.0,0,0.0,0.0,,0.0,bidTooLow
2022-01-12,22287.0,1202.0,0.0,100,471.02,459.0,0,0.0,0.0,,0.0,0,0.0,0.0,,0.0,bidTooLow
2022-01-13,22287.0,553.0,0.0,100,464.53,459.0,0,0.0,0.0,,0.0,0,0.0,0.0,,0.0,bidTooLow
2022-01-14,22287.0,572.0,0.0,100,464.72,459.0,0,0.0,0.0,,0.0,0,0.0,0.0,,0.0,bidTooLow
2022-01-18,22287.0,-251.0,0.0,100,456.49,459.0,0,0.0,0.0,,0.0,0,0.0,0.0,,0.0,bidTooLow
2022-01-19,22287.0,-725.0,0.0,100,451.75,459.0,0,0.0,0.0,,0.0,0,0.0,0.0,,0.0,bidTooLow
2022-01-20,22287.0,-1225.0,0.0,100,446.75,459.0,0,0.0,0.0,,0.0,0,0.0,0.0,,0.0,bidTooLow
2022-01-21,22287.0,-2102.0,0.0,100,437.98,459.0,0,0.0,0.0,,0.0,0,0.0,0.0,,0.0,bidTooLow
2022-01-24,22287.0,-1916.0,0.0,100,439.84,459.0,0,0.0,0.0,,0.0,0,0.0,0.0,,0.0,bidTooLow
2022-01-25,22287.0,-2453.0,0.0,100,434.47,459.0,0,0.0,0.0,,0.0,0,0.0,0.0,,0.0,bidTooLow
2022-01-26,22287.0,-2562.0,0.0,100,433.38,459.0,0,0.0,0.0,,0.0,0,0.0,0.0,,0.0,bidTooLow
2022-01-27,22287.0,-2776.0,0.0,100,431.24,459.0,0,0.0,0.0,,0.0,0,0.0,0.0,,0.0,bidTooLow
2022-01-28,22287.0,-1705.0,0.0,100,441.95,459.0,0,0.0,0.0,,0.0,0,0.0,0.0,,0.0,bidTooLow
2022-01-31,22287.0,-909.0,0.0,100,449.91,459.0,0,0.0,0.0,,0.0,0,0.0,0.0,,0.0,bidTooLow
2022-02-01,22287.0,-605.0,0.0,100,452.95,459.0,0,0.0,0.0,,0.0,0,0.0,0.0,,0.0,bidTooLow
2022-02-02,22287.0,-165.0,0.0,100,457.35,459.0,0,0.0,0.0,,0.0,0,0.0,0.0,,0.0,bidTooLow
2022-02-03,22287.0,-1240.0,0.0,100,446.6,459.0,0,0.0,0.0,,0.0,0,0.0,0.0,,0.0,bidTooLow
2022-02-04,22287.0,-1030.0,0.0,100,448.7,459.0,0,0.0,0.0,,0.0,0,0.0,0.0,,0.0,bidTooLow
2022-02-07,22287.0,-1174.0,0.0,100,447.26,459.0,0,0.0,0.0,,0.0,0,0.0,0.0,,0.0,bidTooLow
2022-02-08,22287.0,-806.0,0.0,100,450.94,459.0,0,0.0,0.0,,0.0,0,0.0,0.0,,0.0,bidTooLow
2022-02-09,22287.0,-146.0,0.0,100,457.54,459.0,0,0.0,0.0,,0.0,0,0.0,0.0,,0.0,bidTooLow
2022-02-10,22287.0,-968.0,0.0,100,449.32,459.0,0,0.0,0.0,,0.0,0,0.0,0.0,,0.0,bidTooLow
2022-02-11,22287.0,-1854.0,0.0,100,440.46,459.0,0,0.0,0.0,,0.0,0,0.0,0.0,,0.0,bidTooLow
2022-02-14,22287.0,-1998.0,0.0,100,439.02,459.0,0,0.0,0.0,,0.0,0,0.0,0.0,,0.0,bidTooLow
2022-02-15,22287.0,-1293.0,0.0,100,446.1,459.0,0,0.0,0.0,,0.0,1,0.01,0.04,SPY220223C00473000,473.0,normalDay
2022-02-16,22287.0,-1241.0,0.0,100,446.6,459.0,0,0.0,0.0,,0.0,1,0.01,0.02,SPY220223C00473000,473.0,normalDay
2022-02-17,22287.0,-2195.0,0.0,100,437.06,459.0,0,0.0,0.0,,0.0,1,0.01,0.02,SPY220223C00473000,473.0,normalDay
2022-02-18,22287.0,-2477.0,0.0,100,434.23,459.0,0,0.0,0.0,,0.0,1,0.01,0.01,SPY220223C00473000,473.0,normalDay
2022-02-22,22287.0,-2943.0,0.0,100,429.57,459.0,0,0.0,0.0,,0.0,1,0.01,0.01,SPY220223C00473000,473.0,normalDay
2022-02-23,22288.0,-3705.0,1.0,100,421.95,459.0,0,0.0,0.0,,0.0,1,0.01,0.0,SPY220223C00473000,473.0,expirationDay
2022-02-24,22288.0,-3070.0,0.0,100,428.3,459.0,0,0.0,0.0,,0.0,0,0.0,0.0,,0.0,bidTooLow
2022-02-25,22288.0,-2125.0,0.0,100,437.75,459.0,0,0.0,0.0,,0.0,0,0.0,0.0,,0.0,bidTooLow
2022-02-28,22288.0,-2237.0,0.0,100,436.63,459.0,0,0.0,0.0,,0.0,0,0.0,0.0,,0.0,bidTooLow
2022-03-01,22288.0,-2902.0,0.0,100,429.98,459.0,0,0.0,0.0,,0.0,0,0.0,0.0,,0.0,bidTooLow
2022-03-02,22288.0,-2111.0,0.0,100,437.89,459.0,0,0.0,0.0,,0.0,0,0.0,0.0,,0.0,bidTooLow
2022-03-03,22288.0,-2329.0,0.0,100,435.71,459.0,0,0.0,0.0,,0.0,0,0.0,0.0,,0.0,bidTooLow
2022-03-04,22288.0,-2683.0,0.0,100,432.17,459.0,0,0.0,0.0,,0.0,0,0.0,0.0,,0.0,bidTooLow
2022-03-07,22288.0,-3957.0,0.0,100,419.43,459.0,0,0.0,0.0,,0.0,0,0.0,0.0,,0.0,bidTooLow
2022-03-08,22288.0,-4275.0,0.0,100,416.25,459.0,0,0.0,0.0,,0.0,0,0.0,0.0,,0.0,bidTooLow
2022-03-09,22288.0,-3159.0,0.0,100,427.41,459.0,0,0.0,0.0,,0.0,0,0.0,0.0,,0.0,bidTooLow
2022-03-10,22288.0,-3352.0,0.0,100,425.48,459.0,0,0.0,0.0,,0.0,0,0.0,0.0,,0.0,bidTooLow
2022-03-11,22288.0,-3893.0,0.0,100,420.07,459.0,0,0.0,0.0,,0.0,0,0.0,0.0,,0.0,bidTooLow
2022-03-14,22288.0,-4200.0,0.0,100,417.0,459.0,0,0.0,0.0,,0.0,0,0.0,0.0,,0.0,bidTooLow
2022-03-15,22288.0,-3283.0,0.0,100,426.17,459.0,0,0.0,0.0,,0.0,0,0.0,0.0,,0.0,bidTooLow
2022-03-16,22288.0,-2341.0,0.0,100,435.62,459.0,0,0.0,0.0,,0.0,1,0.03,0.06,SPY220323C00460000,460.0,normalDay
2022-03-17,22288.0,-1799.0,0.0,100,441.07,459.0,0,0.0,0.0,,0.0,1,0.03,0.09,SPY220323C00460000,460.0,normalDay
2022-03-18,22288.0,-1455.0,0.0,100,444.52,459.0,0,0.0,0.0,,0.0,1,0.03,0.1,SPY220323C00460000,460.0,normalDay
2022-03-21,22288.0,-1460.0,0.0,100,444.39,459.0,0,0.0,0.0,,0.0,1,0.03,0.02,SPY220323C00460000,460.0,normalDay
2022-03-22,22288.0,-940.0,0.0,100,449.59,459.0,0,0.0,0.0,,0.0,1,0.03,0.02,SPY220323C00460000,460.0,normalDay
2022-03-23,22291.0,-1520.0,3.0,100,443.8,459.0,0,0.0,0.0,,0.0,1,0.03,0.0,SPY220323C00460000,460.0,expirationDay
2022-03-24,22291.0,-854.0,0.0,100,450.49,459.0,0,0.0,0.0,,0.0,1,0.02,0.05,SPY220401C00473000,473.0,normalDay
2022-03-25,22291.0,-632.0,0.0,100,452.69,459.0,0,0.0,0.0,,0.0,1,0.02,0.03,SPY220401C00473000,473.0,normalDay
2022-03-28,22291.0,-310.0,0.0,100,455.91,459.0,0,0.0,0.0,,0.0,1,0.02,0.03,SPY220401C00473000,473.0,normalDay
2022-03-29,22291.0,246.0,0.0,100,461.55,459.0,0,0.0,0.0,,0.0,1,0.02,0.11,SPY220401C00473000,473.0,normalDay
2022-03-30,22291.0,-31.0,0.0,100,458.7,459.0,0,0.0,0.0,,0.0,1,0.02,0.03,SPY220401C00473000,473.0,normalDay
2022-03-31,22291.0,-735.0,0.0,100,451.64,459.0,0,0.0,0.0,,0.0,1,0.02,0.01,SPY220401C00473000,473.0,normalDay
2022-04-01,22293.0,-608.0,2.0,100,452.92,459.0,0,0.0,0.0,,0.0,1,0.02,0.0,SPY220401C00473000,473.0,expirationDay
2022-04-04,22293.0,-220.0,0.0,100,456.8,459.0,0,0.0,0.0,,0.0,0,0.0,0.0,,0.0,bidTooLow
2022-04-05,22293.0,-797.0,0.0,100,451.03,459.0,0,0.0,0.0,,0.0,0,0.0,0.0,,0.0,bidTooLow
2022-04-06,22293.0,-1248.0,0.0,100,446.52,459.0,0,0.0,0.0,,0.0,0,0.0,0.0,,0.0,bidTooLow
2022-04-07,22293.0,-1023.0,0.0,100,448.77,459.0,0,0.0,0.0,,0.0,0,0.0,0.0,,0.0,bidTooLow
2022-04-08,22293.0,-1143.0,0.0,100,447.57,459.0,0,0.0,0.0,,0.0,0,0.0,0.0,,0.0,bidTooLow
2022-04-11,22293.0,-1908.0,0.0,100,439.92,459.0,0,0.0,0.0,,0.0,0,0.0,0.0,,0.0,bidTooLow
2022-04-12,22293.0,-2071.0,0.0,100,438.29,459.0,0,0.0,0.0,,0.0,0,0.0,0.0,,0.0,bidTooLow
2022-04-13,22293.0,-1569.0,0.0,100,443.31,459.0,0,0.0,0.0,,0.0,0,0.0,0.0,,0.0,bidTooLow
2022-04-14,22293.0,-2121.0,0.0,100,437.79,459.0,0,0.0,0.0,,0.0,0,0.0,0.0,,0.0,bidTooLow
2022-04-18,22293.0,-2103.0,0.0,100,437.97,459.0,0,0.0,0.0,,0.0,0,0.0,0.0,,0.0,bidTooLow
2022-04-19,22293.0,-1396.0,0.0,100,445.04,459.0,0,0.0,0.0,,0.0,0,0.0,0.0,,0.0,bidTooLow
2022-04-20,22293.0,-1429.0,0.0,100,444.71,459.0,0,0.0,0.0,,0.0,0,0.0,0.0,,0.0,bidTooLow
2022-04-21,22293.0,-2094.0,0.0,100,438.06,459.0,0,0.0,0.0,,0.0,0,0.0,0.0,,0.0,bidTooLow
2022-04-22,22293.0,-3296.0,0.0,100,426.04,459.0,0,0.0,0.0,,0.0,0,0.0,0.0,,0.0,bidTooLow
2022-04-25,22293.0,-3049.0,0.0,100,428.51,459.0,0,0.0,0.0,,0.0,0,0.0,0.0,,0.0,bidTooLow
2022-04-26,22293.0,-4290.0,0.0,100,416.1,459.0,0,0.0,0.0,,0.0,0,0.0,0.0,,0.0,bidTooLow
2022-04-27,22293.0,-4173.0,0.0,100,417.27,459.0,0,0.0,0.0,,0.0,0,0.0,0.0,,0.0,bidTooLow
2022-04-28,22293.0,-3119.0,0.0,100,427.81,459.0,0,0.0,0.0,,0.0,0,0.0,0.0,,0.0,bidTooLow
2022-04-29,22293.0,-4700.0,0.0,100,412.0,459.0,0,0.0,0.0,,0.0,0,0.0,0.0,,0.0,bidTooLow
2022-05-02,22293.0,-4452.0,0.0,100,414.48,459.0,0,0.0,0.0,,0.0,0,0.0,0.0,,0.0,bidTooLow
2022-05-03,22293.0,-4262.0,0.0,100,416.38,459.0,0,0.0,0.0,,0.0,0,0.0,0.0,,0.0,bidTooLow
2022-05-04,22293.0,-2994.0,0.0,100,429.06,459.0,0,0.0,0.0,,0.0,0,0.0,0.0,,0.0,bidTooLow
2022-05-05,22293.0,-4519.0,0.0,100,413.81,459.0,0,0.0,0.0,,0.0,0,0.0,0.0,,0.0,bidTooLow
2022-05-06,22293.0,-4766.0,0.0,100,411.34,459.0,0,0.0,0.0,,0.0,0,0.0,0.0,,0.0,bidTooLow
2022-05-09,22293.0,-6083.0,0.0,100,398.17,459.0,0,0.0,0.0,,0.0,0,0.0,0.0,,0.0,bidTooLow
2022-05-10,22293.0,-5991.0,0.0,100,399.09,459.0,0,0.0,0.0,,0.0,0,0.0,0.0,,0.0,bidTooLow
2022-05-11,22293.0,-6625.0,0.0,100,392.75,459.0,0,0.0,0.0,,0.0,0,0.0,0.0,,0.0,bidTooLow
2022-05-12,22293.0,-6666.0,0.0,100,392.34,459.0,0,0.0,0.0,,0.0,0,0.0,0.0,,0.0,bidTooLow
2022-05-13,22293.0,-5728.0,0.0,100,401.72,459.0,0,0.0,0.0,,0.0,0,0.0,0.0,,0.0,bidTooLow
2022-05-16,22293.0,-5891.0,0.0,100,400.09,459.0,0,0.0,0.0,,0.0,0,0.0,0.0,,0.0,bidTooLow
2022-05-17,22293.0,-5068.0,0.0,100,408.32,459.0,0,0.0,0.0,,0.0,0,0.0,0.0,,0.0,bidTooLow
2022-05-18,22293.0,-6714.0,0.0,100,391.86,459.0,0,0.0,0.0,,0.0,0,0.0,0.0,,0.0,bidTooLow
2022-05-19,22293.0,-6954.0,0.0,100,389.46,459.0,0,0.0,0.0,,0.0,0,0.0,0.0,,0.0,bidTooLow
2022-05-20,22293.0,-6937.0,0.0,100,389.63,459.0,0,0.0,0.0,,0.0,0,0.0,0.0,,0.0,bidTooLow
2022-05-23,22293.0,-6208.0,0.0,100,396.92,459.0,0,0.0,0.0,,0.0,0,0.0,0.0,,0.0,bidTooLow
2022-05-24,22293.0,-6511.0,0.0,100,393.89,459.0,0,0.0,0.0,,0.0,0,0.0,0.0,,0.0,bidTooLow
2022-05-25,22293.0,-6163.0,0.0,100,397.37,459.0,0,0.0,0.0,,0.0,0,0.0,0.0,,0.0,bidTooLow
2022-05-26,22293.0,-5369.0,0.0,100,405.31,459.0,0,0.0,0.0,,0.0,0,0.0,0.0,,0.0,bidTooLow
2022-05-27,22293.0,-4377.0,0.0,100,415.26,459.0,0,0.0,0.0,,0.0,1,0.01,0.04,SPY220603C00443000,443.0,normalDay
2022-05-31,22293.0,-4608.0,0.0,100,412.93,459.0,0,0.0,0.0,,0.0,1,0.01,0.02,SPY220603C00443000,443.0,normalDay
2022-06-01,22293.0,-4941.0,0.0,100,409.59,459.0,0,0.0,0.0,,0.0,1,0.01,0.01,SPY220603C00443000,443.0,normalDay
2022-06-02,22293.0,-4161.0,0.0,100,417.39,459.0,0,0.0,0.0,,0.0,1,0.01,0.01,SPY220603C00443000,443.0,normalDay
2022-06-03,22294.0,-4846.0,1.0,100,410.54,459.0,0,0.0,0.0,,0.0,1,0.01,0.0,SPY220603C00443000,443.0,expirationDay
2022-06-06,22294.0,-4724.0,0.0,100,411.79,459.0,0,0.0,0.0,,0.0,1,0.05,0.08,SPY220613C00435000,435.0,normalDay
2022-06-07,22294.0,-4330.0,0.0,100,415.74,459.0,0,0.0,0.0,,0.0,1,0.05,0.09,SPY220613C00435000,435.0,normalDay
2022-06-08,22294.0,-4776.0,0.0,100,411.22,459.0,0,0.0,0.0,,0.0,1,0.05,0.03,SPY220613C00435000,435.0,normalDay
2022-06-09,22294.0,-5753.0,0.0,100,401.44,459.0,0,0.0,0.0,,0.0,1,0.05,0.02,SPY220613C00435000,435.0,normalDay
2022-06-10,22294.0,-6916.0,0.0,100,389.8,459.0,0,0.0,0.0,,0.0,1,0.05,0.01,SPY220613C00435000,435.0,normalDay
2022-06-13,22299.0,-8400.0,5.0,100,375.0,459.0,0,0.0,0.0,,0.0,1,0.05,0.0,SPY220613C00435000,435.0,expirationDay
2022-06-14,22299.0,-8513.0,0.0,100,373.87,459.0,0,0.0,0.0,,0.0,0,0.0,0.0,,0.0,bidTooLow
2022-06-15,22299.0,-7980.0,0.0,100,379.2,459.0,0,0.0,0.0,,0.0,0,0.0,0.0,,0.0,bidTooLow
2022-06-16,22299.0,-9235.0,0.0,100,366.65,459.0,0,0.0,0.0,,0.0,0,0.0,0.0,,0.0,bidTooLow
2022-06-17,22299.0,-9314.0,0.0,100,365.86,459.0,0,0.0,0.0,,0.0,0,0.0,0.0,,0.0,bidTooLow
2022-06-21,22299.0,-8393.0,0.0,100,375.07,459.0,0,0.0,0.0,,0.0,0,0.0,0.0,,0.0,bidTooLow
2022-06-22,22299.0,-8461.0,0.0,100,374.39,459.0,0,0.0,0.0,,0.0,0,0.0,0.0,,0.0,bidTooLow
2022-06-23,22299.0,-8094.0,0.0,100,378.06,459.0,0,0.0,0.0,,0.0,0,0.0,0.0,,0.0,bidTooLow
2022-06-24,22299.0,-6892.0,0.0,100,390.08,459.0,0,0.0,0.0,,0.0,0,0.0,0.0,,0.0,bidTooLow
2022-06-27,22299.0,-7041.0,0.0,100,388.59,459.0,0,0.0,0.0,,0.0,0,0.0,0.0,,0.0,bidTooLow
2022-06-28,22299.0,-7835.0,0.0,100,380.65,459.0,0,0.0,0.0,,0.0,0,0.0,0.0,,0.0,bidTooLow
2022-06-29,22299.0,-7866.0,0.0,100,380.34,459.0,0,0.0,0.0,,0.0,0,0.0,0.0,,0.0,bidTooLow
2022-06-30,22299.0,-8175.0,0.0,100,377.25,459.0,0,0.0,0.0,,0.0,0,0.0,0.0,,0.0,bidTooLow
2022-07-01,22299.0,-7776.0,0.0,100,381.24,459.0,0,0.0,0.0,,0.0,0,0.0,0.0,,0.0,bidTooLow
2022-07-05,22299.0,-7704.0,0.0,100,381.96,459.0,0,0.0,0.0,,0.0,0,0.0,0.0,,0.0,bidTooLow
2022-07-06,22299.0,-7575.0,0.0,100,383.25,459.0,0,0.0,0.0,,0.0,0,0.0,0.0,,0.0,bidTooLow
2022-07-07,22299.0,-7001.0,0.0,100,388.99,459.0,0,0.0,0.0,,0.0,0,0.0,0.0,,0.0,bidTooLow
2022-07-08,22299.0,-7036.0,0.0,100,388.67,459.0,0,0.0,0.0,,0.0,1,0.01,0.04,SPY220715C00413000,413.0,normalDay
2022-07-11,22299.0,-7478.0,0.0,100,384.23,459.0,0,0.0,0.0,,0.0,1,0.01,0.02,SPY220715C00413000,413.0,normalDay
2022-07-12,22299.0,-7818.0,0.0,100,380.83,459.0,0,0.0,0.0,,0.0,1,0.01,0.02,SPY220715C00413000,413.0,normalDay
2022-07-13,22299.0,-8017.0,0.0,100,378.83,459.0,0,0.0,0.0,,0.0,1,0.01,0.01,SPY220715C00413000,413.0,normalDay
2022-07-14,22299.0,-8109.0,0.0,100,377.91,459.0,0,0.0,0.0,,0.0,1,0.01,0.01,SPY220715C00413000,413.0,normalDay
2022-07-15,22300.0,-7387.0,1.0,100,385.13,459.0,0,0.0,0.0,,0.0,1,0.01,0.0,SPY220715C00413000,413.0,expirationDay
2022-07-18,22300.0,-7708.0,0.0,100,381.95,459.0,0,0.0,0.0,,0.0,1,0.04,0.07,SPY220725C00403000,403.0,normalDay
2022-07-19,22300.0,-6732.0,0.0,100,392.27,459.0,0,0.0,0.0,,0.0,1,0.04,0.63,SPY220725C00403000,403.0,normalDay
2022-07-20,22300.0,-6498.0,0.0,100,394.77,459.0,0,0.0,0.0,,0.0,1,0.04,0.79,SPY220725C00403000,403.0,normalDay
2022-07-21,22300.0,-6109.0,0.0,100,398.79,459.0,0,0.0,0.0,,0.0,1,0.04,0.92,SPY220725C00403000,403.0,normalDay
2022-07-22,22300.0,-6394.0,0.0,100,395.09,459.0,0,0.0,0.0,,0.0,1,0.04,0.07,SPY220725C00403000,403.0,normalDay
2022-07-25,22304.0,-6343.0,4.0,100,395.57,459.0,0,0.0,0.0,,0.0,1,0.04,0.0,SPY220725C00403000,403.0,expirationDay
2022-07-26,22304.0,-6814.0,0.0,100,390.89,459.0,0,0.0,0.0,,0.0,1,0.22,0.25,SPY220803C00411000,411.0,normalDay
2022-07-27,22304.0,-5849.0,0.0,100,401.04,459.0,0,0.0,0.0,,0.0,1,0.22,0.75,SPY220803C00411000,411.0,normalDay
2022-07-28,22304.0,-5469.0,0.0,100,406.07,459.0,0,0.0,0.0,,0.0,1,0.22,1.98,SPY220803C00411000,411.0,normalDay
2022-07-29,22304.0,-5041.0,0.0,100,411.99,459.0,0,0.0,0.0,,0.0,1,0.22,3.62,SPY220803C00411000,411.0,normalDay
2022-08-01,22304.0,-5055.0,0.0,100,410.77,459.0,0,0.0,0.0,,0.0,1,0.22,2.54,SPY220803C00411000,411.0,normalDay
2022-08-02,22304.0,-5149.0,0.0,100,408.06,459.0,0,0.0,0.0,,0.0,1,0.22,0.77,SPY220803C00411000,411.0,normalDay
2022-08-03,17526.0,-5149.0,-4778.0,0,414.45,0.0,0,0.0,0.0,,0.0,1,0.22,0.0,SPY220803C00411000,411.0,expirationDay
2022-08-04,17526.0,0.0,0.0,0,414.17,0.0,0,0.0,0.0,,0.0,0,0.0,0.0,,0.0,bidTooLow
2022-08-05,17526.0,0.0,0.0,0,413.47,0.0,0,0.0,0.0,,0.0,0,0.0,0.0,,0.0,bidTooLow
2022-08-08,17526.0,0.0,0.0,0,412.99,0.0,0,0.0,0.0,,0.0,0,0.0,0.0,,0.0,bidTooLow
2022-08-09,17526.0,0.0,0.0,0,411.35,0.0,0,0.0,0.0,,0.0,0,0.0,0.0,,0.0,bidTooLow
2022-08-10,17526.0,0.0,0.0,0,419.99,0.0,0,0.0,0.0,,0.0,0,0.0,0.0,,0.0,bidTooLow
2022-08-11,17526.0,0.0,0.0,0,419.99,0.0,0,0.0,0.0,,0.0,0,0.0,0.0,,0.0,bidTooLow
2022-08-12,17526.0,0.0,0.0,0,427.1,0.0,0,0.0,0.0,,0.0,0,0.0,0.0,,0.0,bidTooLow
2022-08-15,17526.0,0.0,0.0,0,428.86,0.0,0,0.0,0.0,,0.0,0,0.0,0.0,,0.0,bidTooLow
2022-08-16,17526.0,0.0,0.0,0,429.7,0.0,0,0.0,0.0,,0.0,0,0.0,0.0,,0.0,bidTooLow
2022-08-17,17526.0,0.0,0.0,0,426.65,0.0,0,0.0,0.0,,0.0,0,0.0,0.0,,0.0,bidTooLow
2022-08-18,17526.0,0.0,0.0,0,427.89,0.0,0,0.0,0.0,,0.0,0,0.0,0.0,,0.0,bidTooLow
2022-08-19,17526.0,0.0,0.0,0,422.14,0.0,0,0.0,0.0,,0.0,0,0.0,0.0,,0.0,bidTooLow
2022-08-22,17526.0,-3.0,0.0,0,413.35,0.0,1,0.03,0.06,SPY220824P00396000,396.0,0,0.0,0.0,,0.0,normalDay
2022-08-23,17526.0,0.0,0.0,0,412.35,0.0,1,0.03,0.03,SPY220824P00396000,396.0,0,0.0,0.0,,0.0,normalDay
2022-08-24,17529.0,0.0,3.0,0,413.67,0.0,1,0.03,0.0,SPY220824P00396000,396.0,0,0.0,0.0,,0.0,expirationDay
2022-08-25,17529.0,-3.0,0.0,0,419.51,0.0,1,0.04,0.07,SPY220826P00404000,404.0,0,0.0,0.0,,0.0,normalDay
2022-08-26,17533.0,0.0,4.0,0,405.31,0.0,1,0.04,0.0,SPY220826P00404000,404.0,0,0.0,0.0,,0.0,expirationDay
2022-08-29,17533.0,-3.0,0.0,0,402.63,0.0,1,2.31,2.34,SPY220831P00401000,401.0,0,0.0,0.0,,0.0,normalDay
2022-08-30,17533.0,-146.0,0.0,0,398.21,0.0,1,2.31,3.77,SPY220831P00401000,401.0,0,0.0,0.0,,0.0,normalDay
2022-08-31,17764.0,-582.0,231.0,100,395.18,401.0,1,2.31,0.0,SPY220831P00401000,401.0,0,0.0,0.0,,0.0,expirationDay
2022-09-01,17764.0,-458.0,0.0,100,396.42,401.0,0,0.0,0.0,,0.0,0,0.0,0.0,,0.0,bidTooLow
2022-09-02,17764.0,-876.0,0.0,100,392.24,401.0,0,0.0,0.0,,0.0,0,0.0,0.0,,0.0,bidTooLow
2022-09-06,17764.0,-1024.0,0.0,100,390.76,401.0,0,0.0,0.0,,0.0,0,0.0,0.0,,0.0,bidTooLow
2022-09-07,17764.0,-322.0,0.0,100,397.78,401.0,0,0.0,0.0,,0.0,0,0.0,0.0,,0.0,bidTooLow
2022-09-08,17764.0,-62.0,0.0,100,400.38,401.0,0,0.0,0.0,,0.0,0,0.0,0.0,,0.0,bidTooLow
2022-09-09,17764.0,560.0,0.0,100,406.6,401.0,0,0.0,0.0,,0.0,0,0.0,0.0,,0.0,bidTooLow
2022-09-12,17764.0,997.0,0.0,100,410.97,401.0,0,0.0,0.0,,0.0,0,0.0,0.0,,0.0,bidTooLow
2022-09-13,17764.0,-790.0,0.0,100,393.1,401.0,0,0.0,0.0,,0.0,0,0.0,0.0,,0.0,bidTooLow
2022-09-14,17764.0,-640.0,0.0,100,394.6,401.0,0,0.0,0.0,,0.0,0,0.0,0.0,,0.0,bidTooLow
2022-09-15,17764.0,-1088.0,0.0,100,390.12,401.0,0,0.0,0.0,,0.0,0,0.0,0.0,,0.0,bidTooLow
2022-09-16,17764.0,-1544.0,0.0,100,385.56,401.0,0,0.0,0.0,,0.0,0,0.0,0.0,,0.0,bidTooLow
2022-09-19,17764.0,-1245.0,0.0,100,388.55,401.0,0,0.0,0.0,,0.0,0,0.0,0.0,,0.0,bidTooLow
2022-09-20,17764.0,-1691.0,0.0,100,384.09,401.0,0,0.0,0.0,,0.0,0,0.0,0.0,,0.0,bidTooLow
2022-09-21,17764.0,-2361.0,0.0,100,377.39,401.0,0,0.0,0.0,,0.0,0,0.0,0.0,,0.0,bidTooLow
2022-09-22,17764.0,-2678.0,0.0,100,374.22,401.0,0,0.0,0.0,,0.0,0,0.0,0.0,,0.0,bidTooLow
2022-09-23,17764.0,-3305.0,0.0,100,367.95,401.0,0,0.0,0.0,,0.0,0,0.0,0.0,,0.0,bidTooLow
2022-09-26,17764.0,-3669.0,0.0,100,364.31,401.0,0,0.0,0.0,,0.0,0,0.0,0.0,,0.0,bidTooLow
2022-09-27,17764.0,-3762.0,0.0,100,363.38,401.0,0,0.0,0.0,,0.0,0,0.0,0.0,,0.0,bidTooLow
2022-09-28,17764.0,-3047.0,0.0,100,370.53,401.0,0,0.0,0.0,,0.0,0,0.0,0.0,,0.0,bidTooLow
2022-09-29,17764.0,-3821.0,0.0,100,362.79,401.0,0,0.0,0.0,,0.0,0,0.0,0.0,,0.0,bidTooLow
2022-09-30,17764.0,-4382.0,0.0,100,357.18,401.0,0,0.0,0.0,,0.0,0,0.0,0.0,,0.0,bidTooLow
2022-10-03,17764.0,-3439.0,0.0,100,366.61,401.0,0,0.0,0.0,,0.0,0,0.0,0.0,,0.0,bidTooLow
2022-10-04,17764.0,-2303.0,0.0,100,377.97,401.0,0,0.0,0.0,,0.0,0,0.0,0.0,,0.0,bidTooLow
2022-10-05,17764.0,-2391.0,0.0,100,377.09,401.0,0,0.0,0.0,,0.0,0,0.0,0.0,,0.0,bidTooLow
2022-10-06,17764.0,-2780.0,0.0,100,373.2,401.0,0,0.0,0.0,,0.0,0,0.0,0.0,,0.0,bidTooLow
2022-10-07,17764.0,-3821.0,0.0,100,362.79,401.0,0,0.0,0.0,,0.0,0,0.0,0.0,,0.0,bidTooLow
2022-10-10,17764.0,-4098.0,0.0,100,360.02,401.0,0,0.0,0.0,,0.0,0,0.0,0.0,,0.0,bidTooLow
2022-10-11,17764.0,-4326.0,0.0,100,357.74,401.0,0,0.0,0.0,,0.0,0,0.0,0.0,,0.0,bidTooLow
2022-10-12,17764.0,-4444.0,0.0,100,356.56,401.0,0,0.0,0.0,,0.0,0,0.0,0.0,,0.0,bidTooLow
2022-10-13,17764.0,-3506.0,0.0,100,365.97,401.0,0,0.0,0.0,,0.0,1,0.05,0.08,SPY221021C00406000,406.0,normalDay
2022-10-14,17764.0,-4334.0,0.0,100,357.63,401.0,0,0.0,0.0,,0.0,1,0.05,0.02,SPY221021C00406000,406.0,normalDay
2022-10-17,17764.0,-3415.0,0.0,100,366.82,401.0,0,0.0,0.0,,0.0,1,0.05,0.02,SPY221021C00406000,406.0,normalDay
2022-10-18,17764.0,-2984.0,0.0,100,371.13,401.0,0,0.0,0.0,,0.0,1,0.05,0.02,SPY221021C00406000,406.0,normalDay
2022-10-19,17764.0,-3246.0,0.0,100,368.5,401.0,0,0.0,0.0,,0.0,1,0.05,0.01,SPY221021C00406000,406.0,normalDay
2022-10-20,17764.0,-3555.0,0.0,100,365.41,401.0,0,0.0,0.0,,0.0,1,0.05,0.01,SPY221021C00406000,406.0,normalDay
2022-10-21,17769.0,-2671.0,5.0,100,374.29,401.0,0,0.0,0.0,,0.0,1,0.05,0.0,SPY221021C00406000,406.0,expirationDay
2022-10-24,17769.0,-2216.0,0.0,100,378.87,401.0,0,0.0,0.0,,0.0,1,1.1,1.13,SPY221031C00393000,393.0,normalDay
2022-10-25,17769.0,-1640.0,0.0,100,384.92,401.0,0,0.0,0.0,,0.0,1,1.1,1.42,SPY221031C00393000,393.0,normalDay
2022-10-26,17769.0,-1867.0,0.0,100,382.02,401.0,0,0.0,0.0,,0.0,1,1.1,0.79,SPY221031C00393000,393.0,normalDay
2022-10-27,17769.0,-2003.0,0.0,100,379.98,401.0,0,0.0,0.0,,0.0,1,1.1,0.11,SPY221031C00393000,393.0,normalDay
2022-10-28,17769.0,-1177.0,0.0,100,389.02,401.0,0,0.0,0.0,,0.0,1,1.1,0.89,SPY221031C00393000,393.0,normalDay
2022-10-31,17879.0,-1479.0,110.0,100,386.21,401.0,0,0.0,0.0,,0.0,1,1.1,0.0,SPY221031C00393000,393.0,expirationDay
2022-11-01,17879.0,-1651.0,0.0,100,384.52,401.0,0,0.0,0.0,,0.0,1,0.24,0.27,SPY221109C00411000,411.0,normalDay
2022-11-02,17879.0,-2593.0,0.0,100,374.87,401.0,0,0.0,0.0,,0.0,1,0.24,0.04,SPY221109C00411000,411.0,normalDay
2022-11-03,17879.0,-2977.0,0.0,100,371.01,401.0,0,0.0,0.0,,0.0,1,0.24,0.02,SPY221109C00411000,411.0,normalDay
2022-11-04,17879.0,-2442.0,0.0,100,376.35,401.0,0,0.0,0.0,,0.0,1,0.24,0.01,SPY221109C00411000,411.0,normalDay
2022-11-07,17879.0,-2082.0,0.0,100,379.95,401.0,0,0.0,0.0,,0.0,1,0.24,0.01,SPY221109C00411000,411.0,normalDay
2022-11-08,17879.0,-1877.0,0.0,100,382.0,401.0,0,0.0,0.0,,0.0,1,0.24,0.01,SPY221109C00411000,411.0,normalDay
2022-11-09,17903.0,-2687.0,24.0,100,374.13,401.0,0,0.0,0.0,,0.0,1,0.24,0.0,SPY221109C00411000,411.0,expirationDay
2022-11-10,17903.0,-634.0,0.0,100,394.69,401.0,0,0.0,0.0,,0.0,1,0.98,1.01,SPY221118C00410000,410.0,normalDay
2022-11-11,17903.0,-238.0,0.0,100,398.51,401.0,0,0.0,0.0,,0.0,1,0.98,0.87,SPY221118C00410000,410.0,normalDay
2022-11-14,17903.0,-520.0,0.0,100,395.12,401.0,0,0.0,0.0,,0.0,1,0.98,0.3,SPY221118C00410000,410.0,normalDay
2022-11-15,17903.0,-199.0,0.0,100,398.49,401.0,0,0.0,0.0,,0.0,1,0.98,0.46,SPY221118C00410000,410.0,normalDay
2022-11-16,17903.0,-465.0,0.0,100,395.45,401.0,0,0.0,0.0,,0.0,1,0.98,0.08,SPY221118C00410000,410.0,normalDay
2022-11-17,17903.0,-580.0,0.0,100,394.24,401.0,0,0.0,0.0,,0.0,1,0.98,0.02,SPY221118C00410000,410.0,normalDay
2022-11-18,18001.0,-497.0,98.0,100,396.03,401.0,0,0.0,0.0,,0.0,1,0.98,0.0,SPY221118C00410000,410.0,expirationDay
2022-11-21,18001.0,-641.0,0.0,100,394.59,401.0,0,0.0,0.0,,0.0,0,0.0,0.0,,0.0,bidTooLow
2022-11-22,18001.0,-113.0,0.0,100,399.9,401.0,0,0.0,0.0,,0.0,1,0.02,0.05,SPY221130C00422000,422.0,normalDay
2022-11-23,18001.0,142.0,0.0,100,402.42,401.0,0,0.0,0.0,,0.0,1,0.02,0.02,SPY221130C00422000,422.0,normalDay
2022-11-25,18001.0,134.0,0.0,100,402.33,401.0,0,0.0,0.0,,0.0,1,0.02,0.01,SPY221130C00422000,422.0,normalDay
2022-11-28,18001.0,-508.0,0.0,100,395.91,401.0,0,0.0,0.0,,0.0,1,0.02,0.01,SPY221130C00422000,422.0,normalDay
2022-11-29,18001.0,-576.0,0.0,100,395.23,401.0,0,0.0,0.0,,0.0,1,0.02,0.01,SPY221130C00422000,422.0,normalDay
2022-11-30,18003.0,668.0,2.0,100,407.68,401.0,0,0.0,0.0,,0.0,1,0.02,0.0,SPY221130C00422000,422.0,expirationDay
2022-12-01,18003.0,635.0,0.0,100,407.38,401.0,0,0.0,0.0,,0.0,1,0.01,0.04,SPY221209C00432000,432.0,normalDay
2022-12-02,18003.0,590.0,0.0,100,406.91,401.0,0,0.0,0.0,,0.0,1,0.01,0.02,SPY221209C00432000,432.0,normalDay
2022-12-05,18003.0,-141.0,0.0,100,399.59,401.0,0,0.0,0.0,,0.0,1,0.01,0.01,SPY221209C00432000,432.0,normalDay
2022-12-06,18003.0,-717.0,0.0,100,393.83,401.0,0,0.0,0.0,,0.0,1,0.01,0.01,SPY221209C00432000,432.0,normalDay
2022-12-07,18003.0,-784.0,0.0,100,393.16,401.0,0,0.0,0.0,,0.0,1,0.01,0.01,SPY221209C00432000,432.0,normalDay
2022-12-08,18003.0,-476.0,0.0,100,396.24,401.0,0,0.0,0.0,,0.0,1,0.01,0.01,SPY221209C00432000,432.0,normalDay
2022-12-09,18004.0,-772.0,1.0,100,393.28,401.0,0,0.0,0.0,,0.0,1,0.01,0.0,SPY221209C00432000,432.0,expirationDay
2022-12-12,18004.0,-209.0,0.0,100,398.95,401.0,0,0.0,0.0,,0.0,1,1.04,1.08,SPY221220C00416000,416.0,normalDay
2022-12-13,18004.0,126.0,0.0,100,401.97,401.0,0,0.0,0.0,,0.0,1,1.04,0.75,SPY221220C00416000,416.0,normalDay
2022-12-14,18004.0,-67.0,0.0,100,399.4,401.0,0,0.0,0.0,,0.0,1,1.04,0.11,SPY221220C00416000,416.0,normalDay
2022-12-15,18004.0,-1036.0,0.0,100,389.63,401.0,0,0.0,0.0,,0.0,1,1.04,0.03,SPY221220C00416000,416.0,normalDay
2022-12-16,18004.0,-1670.0,0.0,100,383.27,401.0,0,0.0,0.0,,0.0,1,1.04,0.01,SPY221220C00416000,416.0,normalDay
2022-12-19,18004.0,-1995.0,0.0,100,380.02,401.0,0,0.0,0.0,,0.0,1,1.04,0.01,SPY221220C00416000,416.0,normalDay
2022-12-20,18108.0,-2046.0,104.0,100,380.54,401.0,0,0.0,0.0,,0.0,1,1.04,0.0,SPY221220C00416000,416.0,expirationDay
2022-12-21,18108.0,-1477.0,0.0,100,386.23,401.0,0,0.0,0.0,,0.0,0,0.0,0.0,,0.0,bidTooLow
2022-12-22,18108.0,-2028.0,0.0,100,380.72,401.0,0,0.0,0.0,,0.0,0,0.0,0.0,,0.0,bidTooLow
2022-12-23,18108.0,-1809.0,0.0,100,382.91,401.0,0,0.0,0.0,,0.0,0,0.0,0.0,,0.0,bidTooLow
2022-12-27,18108.0,-1960.0,0.0,100,381.4,401.0,0,0.0,0.0,,0.0,0,0.0,0.0,,0.0,bidTooLow
2022-12-28,18108.0,-2434.0,0.0,100,376.66,401.0,0,0.0,0.0,,0.0,0,0.0,0.0,,0.0,bidTooLow
2022-12-29,18108.0,-1756.0,0.0,100,383.44,401.0,0,0.0,0.0,,0.0,0,0.0,0.0,,0.0,bidTooLow
2022-12-30,18108.0,-1857.0,0.0,100,382.43,401.0,0,0.0,0.0,,0.0,0,0.0,0.0,,0.0,bidTooLow
2023-01-03,18108.0,-2018.0,0.0,100,380.82,401.0,0,0.0,0.0,,0.0,0,0.0,0.0,,0.0,bidTooLow
2023-01-04,18108.0,-1727.0,0.0,100,383.76,401.0,0,0.0,0.0,,0.0,1,0.01,0.04,SPY230112C00416000,416.0,normalDay
2023-01-05,18108.0,-2163.0,0.0,100,379.38,401.0,0,0.0,0.0,,0.0,1,0.01,0.02,SPY230112C00416000,416.0,normalDay
2023-01-06,18108.0,-1294.0,0.0,100,388.08,401.0,0,0.0,0.0,,0.0,1,0.01,0.03,SPY230112C00416000,416.0,normalDay
2023-01-09,18108.0,-1315.0,0.0,100,387.86,401.0,0,0.0,0.0,,0.0,1,0.01,0.02,SPY230112C00416000,416.0,normalDay
2023-01-10,18108.0,-1043.0,0.0,100,390.58,401.0,0,0.0,0.0,,0.0,1,0.01,0.02,SPY230112C00416000,416.0,normalDay
2023-01-11,18108.0,-549.0,0.0,100,395.52,401.0,0,0.0,0.0,,0.0,1,0.01,0.02,SPY230112C00416000,416.0,normalDay
2023-01-12,18109.0,-404.0,1.0,100,396.96,401.0,0,0.0,0.0,,0.0,1,0.01,0.0,SPY230112C00416000,416.0,expirationDay
2023-01-13,18109.0,-253.0,0.0,100,398.5,401.0,0,0.0,0.0,,0.0,1,0.23,0.26,SPY230120C00408000,408.0,normalDay
2023-01-17,18109.0,-311.0,0.0,100,397.77,401.0,0,0.0,0.0,,0.0,1,0.23,0.11,SPY230120C00408000,408.0,normalDay
2023-01-18,18109.0,-930.0,0.0,100,391.49,401.0,0,0.0,0.0,,0.0,1,0.23,0.02,SPY230120C00408000,408.0,normalDay
2023-01-19,18109.0,-1214.0,0.0,100,388.64,401.0,0,0.0,0.0,,0.0,1,0.23,0.01,SPY230120C00408000,408.0,normalDay
2023-01-20,18132.0,-512.0,23.0,100,395.88,401.0,0,0.0,0.0,,0.0,1,0.23,0.0,SPY230120C00408000,408.0,expirationDay
2023-01-23,18132.0,-40.0,0.0,100,400.63,401.0,0,0.0,0.0,,0.0,1,0.16,0.19,SPY230131C00415000,415.0,normalDay
2023-01-24,18132.0,-81.0,0.0,100,400.2,401.0,0,0.0,0.0,,0.0,1,0.16,0.17,SPY230131C00415000,415.0,normalDay
2023-01-25,18132.0,-57.0,0.0,100,400.35,401.0,0,0.0,0.0,,0.0,1,0.16,0.08,SPY230131C00415000,415.0,normalDay
2023-01-26,18132.0,376.0,0.0,100,404.75,401.0,0,0.0,0.0,,0.0,1,0.16,0.15,SPY230131C00415000,415.0,normalDay
2023-01-27,18132.0,476.0,0.0,100,405.68,401.0,0,0.0,0.0,,0.0,1,0.16,0.08,SPY230131C00415000,415.0,normalDay
2023-01-30,18132.0,-26.0,0.0,100,400.59,401.0,0,0.0,0.0,,0.0,1,0.16,0.01,SPY230131C00415000,415.0,normalDay
2023-01-31,18148.0,548.0,16.0,100,406.48,401.0,0,0.0,0.0,,0.0,1,0.16,0.0,SPY230131C00415000,415.0,expirationDay
2023-02-01,18148.0,976.0,0.0,100,410.8,401.0,0,0.0,0.0,,0.0,1,0.33,0.37,SPY230209C00426000,426.0,normalDay
2023-02-02,18148.0,1540.0,0.0,100,416.78,401.0,0,0.0,0.0,,0.0,1,0.33,0.71,SPY230209C00426000,426.0,normalDay
2023-02-03,18148.0,1152.0,0.0,100,412.35,401.0,0,0.0,0.0,,0.0,1,0.33,0.16,SPY230209C00426000,426.0,normalDay
2023-02-06,18148.0,912.0,0.0,100,409.83,401.0,0,0.0,0.0,,0.0,1,0.33,0.04,SPY230209C00426000,426.0,normalDay
2023-02-07,18148.0,1447.0,0.0,100,415.19,401.0,0,0.0,0.0,,0.0,1,0.33,0.05,SPY230209C00426000,426.0,normalDay
2023-02-08,18148.0,997.0,0.0,100,410.65,401.0,0,0.0,0.0,,0.0,1,0.33,0.01,SPY230209C00426000,426.0,normalDay
2023-02-09,18181.0,609.0,33.0,100,407.09,401.0,0,0.0,0.0,,0.0,1,0.33,0.0,SPY230209C00426000,426.0,expirationDay
2023-02-10,18181.0,701.0,0.0,100,408.04,401.0,0,0.0,0.0,,0.0,1,0.03,0.06,SPY230217C00432000,432.0,normalDay
2023-02-13,18181.0,1174.0,0.0,100,412.83,401.0,0,0.0,0.0,,0.0,1,0.03,0.12,SPY230217C00432000,432.0,normalDay
2023-02-14,18181.0,1165.0,0.0,100,412.64,401.0,0,0.0,0.0,,0.0,1,0.03,0.02,SPY230217C00432000,432.0,normalDay
2023-02-15,18181.0,1300.0,0.0,100,413.98,401.0,0,0.0,0.0,,0.0,1,0.03,0.01,SPY230217C00432000,432.0,normalDay
2023-02-16,18181.0,730.0,0.0,100,408.28,401.0,0,0.0,0.0,,0.0,1,0.03,0.01,SPY230217C00432000,432.0,normalDay
2023-02-17,18184.0,626.0,3.0,100,407.26,401.0,0,0.0,0.0,,0.0,1,0.03,0.0,SPY230217C00432000,432.0,expirationDay
2023-02-21,18184.0,-191.0,0.0,100,399.09,401.0,0,0.0,0.0,,0.0,0,0.0,0.0,,0.0,bidTooLow
2023-02-22,18184.0,-246.0,0.0,100,398.54,401.0,0,0.0,0.0,,0.0,0,0.0,0.0,,0.0,bidTooLow
2023-02-23,18184.0,-34.0,0.0,100,400.66,401.0,0,0.0,0.0,,0.0,0,0.0,0.0,,0.0,bidTooLow
2023-02-24,18184.0,-462.0,0.0,100,396.38,401.0,0,0.0,0.0,,0.0,0,0.0,0.0,,0.0,bidTooLow
2023-02-27,18184.0,-327.0,0.0,100,397.73,401.0,0,0.0,0.0,,0.0,0,0.0,0.0,,0.0,bidTooLow
2023-02-28,18184.0,-474.0,0.0,100,396.26,401.0,0,0.0,0.0,,0.0,0,0.0,0.0,,0.0,bidTooLow
2023-03-01,18184.0,-626.0,0.0,100,394.74,401.0,0,0.0,0.0,,0.0,0,0.0,0.0,,0.0,bidTooLow
2023-03-02,18184.0,-319.0,0.0,100,397.81,401.0,0,0.0,0.0,,0.0,0,0.0,0.0,,0.0,bidTooLow
2023-03-03,18184.0,319.0,0.0,100,404.19,401.0,0,0.0,0.0,,0.0,0,0.0,0.0,,0.0,bidTooLow
2023-03-06,18184.0,344.0,0.0,100,404.47,401.0,0,0.0,0.0,,0.0,1,0.02,0.05,SPY230314C00429000,429.0,normalDay
2023-03-07,18184.0,-273.0,0.0,100,398.27,401.0,0,0.0,0.0,,0.0,1,0.02,0.02,SPY230314C00429000,429.0,normalDay
2023-03-08,18184.0,-208.0,0.0,100,398.92,401.0,0,0.0,0.0,,0.0,1,0.02,0.02,SPY230314C00429000,429.0,normalDay
2023-03-09,18184.0,-943.0,0.0,100,391.56,401.0,0,0.0,0.0,,0.0,1,0.02,0.01,SPY230314C00429000,429.0,normalDay
2023-03-10,18184.0,-1508.0,0.0,100,385.91,401.0,0,0.0,0.0,,0.0,1,0.02,0.01,SPY230314C00429000,429.0,normalDay
2023-03-13,18184.0,-1563.0,0.0,100,385.36,401.0,0,0.0,0.0,,0.0,1,0.02,0.01,SPY230314C00429000,429.0,normalDay
2023-03-14,18186.0,-927.0,2.0,100,391.73,401.0,0,0.0,0.0,,0.0,1,0.02,0.0,SPY230314C00429000,429.0,expirationDay
2023-03-15,18186.0,-1172.0,0.0,100,389.28,401.0,0,0.0,0.0,,0.0,0,0.0,0.0,,0.0,bidTooLow
2023-03-16,18186.0,-492.0,0.0,100,396.11,401.0,0,0.0,0.0,,0.0,1,0.05,0.08,SPY230324C00420000,420.0,normalDay
2023-03-17,18186.0,-1099.0,0.0,100,389.99,401.0,0,0.0,0.0,,0.0,1,0.05,0.03,SPY230324C00420000,420.0,normalDay
2023-03-20,18186.0,-724.0,0.0,100,393.74,401.0,0,0.0,0.0,,0.0,1,0.05,0.03,SPY230324C00420000,420.0,normalDay
2023-03-21,18186.0,-208.0,0.0,100,398.91,401.0,0,0.0,0.0,,0.0,1,0.05,0.04,SPY230324C00420000,420.0,normalDay
2023-03-22,18186.0,-885.0,0.0,100,392.11,401.0,0,0.0,0.0,,0.0,1,0.05,0.01,SPY230324C00420000,420.0,normalDay
2023-03-23,18186.0,-779.0,0.0,100,393.17,401.0,0,0.0,0.0,,0.0,1,0.05,0.01,SPY230324C00420000,420.0,normalDay
2023-03-24,18191.0,-525.0,5.0,100,395.75,401.0,0,0.0,0.0,,0.0,1,0.05,0.0,SPY230324C00420000,420.0,expirationDay
2023-03-27,18191.0,-454.0,0.0,100,396.49,401.0,0,0.0,0.0,,0.0,1,0.06,0.09,SPY230404C00414000,414.0,normalDay
2023-03-28,18191.0,-539.0,0.0,100,395.6,401.0,0,0.0,0.0,,0.0,1,0.06,0.05,SPY230404C00414000,414.0,normalDay
2023-03-29,18191.0,30.0,0.0,100,401.35,401.0,0,0.0,0.0,,0.0,1,0.06,0.11,SPY230404C00414000,414.0,normalDay
2023-03-30,18191.0,266.0,0.0,100,403.7,401.0,0,0.0,0.0,,0.0,1,0.06,0.1,SPY230404C00414000,414.0,normalDay
2023-03-31,18191.0,794.0,0.0,100,409.39,401.0,0,0.0,0.0,,0.0,1,0.06,0.51,SPY230404C00414000,414.0,normalDay
2023-04-03,18191.0,974.0,0.0,100,410.95,401.0,0,0.0,0.0,,0.0,1,0.06,0.27,SPY230404C00414000,414.0,normalDay
2023-04-04,18197.0,767.0,6.0,100,408.67,401.0,0,0.0,0.0,,0.0,1,0.06,0.0,SPY230404C00414000,414.0,expirationDay
2023-04-05,18197.0,657.0,0.0,100,407.6,401.0,0,0.0,0.0,,0.0,1,0.04,0.07,SPY230413C00426000,426.0,normalDay
2023-04-06,18197.0,818.0,0.0,100,409.19,401.0,0,0.0,0.0,,0.0,1,0.04,0.05,SPY230413C00426000,426.0,normalDay
2023-04-10,18197.0,863.0,0.0,100,409.61,401.0,0,0.0,0.0,,0.0,1,0.04,0.02,SPY230413C00426000,426.0,normalDay
2023-04-11,18197.0,874.0,0.0,100,409.72,401.0,0,0.0,0.0,,0.0,1,0.04,0.02,SPY230413C00426000,426.0,normalDay
2023-04-12,18197.0,708.0,0.0,100,408.05,401.0,0,0.0,0.0,,0.0,1,0.04,0.01,SPY230413C00426000,426.0,normalDay
2023-04-13,18201.0,1247.0,4.0,100,413.47,401.0,0,0.0,0.0,,0.0,1,0.04,0.0,SPY230413C00426000,426.0,expirationDay
2023-04-14,18201.0,1146.0,0.0,100,412.46,401.0,0,0.0,0.0,,0.0,0,0.0,0.0,,0.0,bidTooLow
2023-04-17,18201.0,1294.0,0.0,100,413.94,401.0,0,0.0,0.0,,0.0,0,0.0,0.0,,0.0,bidTooLow
2023-04-18,18201.0,1321.0,0.0,100,414.21,401.0,0,0.0,0.0,,0.0,0,0.0,0.0,,0.0,bidTooLow
2023-04-19,18201.0,1314.0,0.0,100,414.14,401.0,0,0.0,0.0,,0.0,0,0.0,0.0,,0.0,bidTooLow
2023-04-20,18201.0,1088.0,0.0,100,411.88,401.0,0,0.0,0.0,,0.0,0,0.0,0.0,,0.0,bidTooLow
2023-04-21,18201.0,1120.0,0.0,100,412.2,401.0,0,0.0,0.0,,0.0,0,0.0,0.0,,0.0,bidTooLow
2023-04-24,18201.0,1163.0,0.0,100,412.63,401.0,0,0.0,0.0,,0.0,0,0.0,0.0,,0.0,bidTooLow
2023-04-25,18201.0,505.0,0.0,100,406.08,401.0,0,0.0,0.0,,0.0,1,0.02,0.05,SPY230503C00427000,427.0,normalDay
2023-04-26,18201.0,336.0,0.0,100,404.36,401.0,0,0.0,0.0,,0.0,1,0.02,0.02,SPY230503C00427000,427.0,normalDay
2023-04-27,18201.0,1135.0,0.0,100,412.41,401.0,0,0.0,0.0,,0.0,1,0.02,0.08,SPY230503C00427000,427.0,normalDay
2023-04-28,18201.0,1485.0,0.0,100,415.93,401.0,0,0.0,0.0,,0.0,1,0.02,0.1,SPY230503C00427000,427.0,normalDay
2023-05-01,18201.0,1450.0,0.0,100,415.51,401.0,0,0.0,0.0,,0.0,1,0.02,0.03,SPY230503C00427000,427.0,normalDay
2023-05-02,18201.0,985.0,0.0,100,410.84,401.0,0,0.0,0.0,,0.0,1,0.02,0.01,SPY230503C00427000,427.0,normalDay
2023-05-03,18203.0,702.0,2.0,100,408.02,401.0,0,0.0,0.0,,0.0,1,0.02,0.0,SPY230503C00427000,427.0,expirationDay
2023-05-04,18203.0,410.0,0.0,100,405.13,401.0,0,0.0,0.0,,0.0,1,0.06,0.09,SPY230512C00423000,423.0,normalDay
2023-05-05,18203.0,1153.0,0.0,100,412.63,401.0,0,0.0,0.0,,0.0,1,0.06,0.16,SPY230512C00423000,423.0,normalDay
2023-05-08,18203.0,1172.0,0.0,100,412.74,401.0,0,0.0,0.0,,0.0,1,0.06,0.08,SPY230512C00423000,423.0,normalDay
2023-05-09,18203.0,993.0,0.0,100,410.93,401.0,0,0.0,0.0,,0.0,1,0.06,0.06,SPY230512C00423000,423.0,normalDay
2023-05-10,18203.0,1188.0,0.0,100,412.85,401.0,0,0.0,0.0,,0.0,1,0.06,0.03,SPY230512C00423000,423.0,normalDay
2023-05-11,18203.0,1118.0,0.0,100,412.13,401.0,0,0.0,0.0,,0.0,1,0.06,0.01,SPY230512C00423000,423.0,normalDay
2023-05-12,18209.0,1059.0,6.0,100,411.59,401.0,0,0.0,0.0,,0.0,1,0.06,0.0,SPY230512C00423000,423.0,expirationDay
2023-05-15,18209.0,1198.0,0.0,100,413.01,401.0,0,0.0,0.0,,0.0,1,0.12,0.15,SPY230523C00423000,423.0,normalDay
2023-05-16,18209.0,929.0,0.0,100,410.25,401.0,0,0.0,0.0,,0.0,1,0.12,0.08,SPY230523C00423000,423.0,normalDay
2023-05-17,18209.0,1410.0,0.0,100,415.23,401.0,0,0.0,0.0,,0.0,1,0.12,0.25,SPY230523C00423000,423.0,normalDay
2023-05-18,18209.0,1763.0,0.0,100,419.23,401.0,0,0.0,0.0,,0.0,1,0.12,0.72,SPY230523C00423000,423.0,normalDay
2023-05-19,18209.0,1736.0,0.0,100,418.62,401.0,0,0.0,0.0,,0.0,1,0.12,0.38,SPY230523C00423000,423.0,normalDay
2023-05-22,18209.0,1779.0,0.0,100,418.79,401.0,0,0.0,0.0,,0.0,1,0.12,0.12,SPY230523C00423000,423.0,normalDay
2023-05-23,18221.0,1309.0,12.0,100,414.09,401.0,0,0.0,0.0,,0.0,1,0.12,0.0,SPY230523C00423000,423.0,expirationDay
2023-05-24,18221.0,1006.0,0.0,100,411.09,401.0,0,0.0,0.0,,0.0,1,0.11,0.14,SPY230601C00426000,426.0,normalDay
2023-05-25,18221.0,1354.0,0.0,100,414.65,401.0,0,0.0,0.0,,0.0,1,0.11,0.22,SPY230601C00426000,426.0,normalDay
2023-05-26,18221.0,1848.0,0.0,100,420.02,401.0,0,0.0,0.0,,0.0,1,0.11,0.65,SPY230601C00426000,426.0,normalDay
2023-05-30,18221.0,1902.0,0.0,100,420.18,401.0,0,0.0,0.0,,0.0,1,0.11,0.27,SPY230601C00426000,426.0,normalDay
2023-05-31,18221.0,1693.0,0.0,100,417.85,401.0,0,0.0,0.0,,0.0,1,0.11,0.03,SPY230601C00426000,426.0,normalDay
2023-06-01,18232.0,2082.0,11.0,100,421.82,401.0,0,0.0,0.0,,0.0,1,0.11,0.0,SPY230601C00426000,426.0,expirationDay
2023-06-02,18232.0,2689.0,0.0,100,427.92,401.0,0,0.0,0.0,,0.0,1,0.72,0.75,SPY230609C00433000,433.0,normalDay
2023-06-05,18232.0,2643.0,0.0,100,427.1,401.0,0,0.0,0.0,,0.0,1,0.72,0.39,SPY230609C00433000,433.0,normalDay
2023-06-06,18232.0,2737.0,0.0,100,428.03,401.0,0,0.0,0.0,,0.0,1,0.72,0.38,SPY230609C00433000,433.0,normalDay
2023-06-07,18232.0,2619.0,0.0,100,426.55,401.0,0,0.0,0.0,,0.0,1,0.72,0.08,SPY230609C00433000,433.0,normalDay
2023-06-08,18232.0,2875.0,0.0,100,429.13,401.0,0,0.0,0.0,,0.0,1,0.72,0.1,SPY230609C00433000,433.0,normalDay
2023-06-09,18304.0,2890.0,72.0,100,429.9,401.0,0,0.0,0.0,,0.0,1,0.72,0.0,SPY230609C00433000,433.0,expirationDay
2023-06-12,18304.0,3277.0,0.0,100,433.8,401.0,0,0.0,0.0,,0.0,1,0.12,0.15,SPY230620C00446000,446.0,normalDay
2023-06-13,18304.0,3553.0,0.0,100,436.66,401.0,0,0.0,0.0,,0.0,1,0.12,0.25,SPY230620C00446000,446.0,normalDay
2023-06-14,18304.0,3617.0,0.0,100,437.18,401.0,0,0.0,0.0,,0.0,1,0.12,0.13,SPY230620C00446000,446.0,normalDay
2023-06-15,18304.0,4130.0,0.0,100,442.6,401.0,0,0.0,0.0,,0.0,1,0.12,0.42,SPY230620C00446000,446.0,normalDay
2023-06-16,18304.0,3854.0,0.0,100,439.46,401.0,0,0.0,0.0,,0.0,1,0.12,0.04,SPY230620C00446000,446.0,normalDay
2023-06-20,18316.0,3618.0,12.0,100,437.18,401.0,0,0.0,0.0,,0.0,1,0.12,0.0,SPY230620C00446000,446.0,expirationDay
2023-06-21,18316.0,3394.0,0.0,100,434.94,401.0,0,0.0,0.0,,0.0,0,0.0,0.0,,0.0,bidTooLow
2023-06-22,18316.0,3551.0,0.0,100,436.51,401.0,0,0.0,0.0,,0.0,0,0.0,0.0,,0.0,bidTooLow
2023-06-23,18316.0,3221.0,0.0,100,433.21,401.0,0,0.0,0.0,,0.0,0,0.0,0.0,,0.0,bidTooLow
2023-06-26,18316.0,3044.0,0.0,100,431.44,401.0,0,0.0,0.0,,0.0,0,0.0,0.0,,0.0,bidTooLow
2023-06-27,18316.0,3517.0,0.0,100,436.17,401.0,0,0.0,0.0,,0.0,0,0.0,0.0,,0.0,bidTooLow
2023-06-28,18316.0,3539.0,0.0,100,436.39,401.0,0,0.0,0.0,,0.0,0,0.0,0.0,,0.0,bidTooLow
2023-06-29,18316.0,3708.0,0.0,100,438.11,401.0,0,0.0,0.0,,0.0,1,0.02,0.05,SPY230707C00453000,453.0,normalDay
2023-06-30,18316.0,4220.0,0.0,100,443.28,401.0,0,0.0,0.0,,0.0,1,0.02,0.1,SPY230707C00453000,453.0,normalDay
2023-07-03,18316.0,4275.0,0.0,100,443.79,401.0,0,0.0,0.0,,0.0,1,0.02,0.06,SPY230707C00453000,453.0,normalDay
2023-07-05,18316.0,4212.0,0.0,100,443.13,401.0,0,0.0,0.0,,0.0,1,0.02,0.03,SPY230707C00453000,453.0,normalDay
2023-07-06,18316.0,3867.0,0.0,100,439.66,401.0,0,0.0,0.0,,0.0,1,0.02,0.01,SPY230707C00453000,453.0,normalDay
2023-07-07,18318.0,3755.0,2.0,100,438.55,401.0,0,0.0,0.0,,0.0,1,0.02,0.0,SPY230707C00453000,453.0,expirationDay
2023-07-10,18318.0,3863.0,0.0,100,439.66,401.0,0,0.0,0.0,,0.0,1,0.11,0.14,SPY230718C00452000,452.0,normalDay
2023-07-11,18318.0,4128.0,0.0,100,442.46,401.0,0,0.0,0.0,,0.0,1,0.11,0.29,SPY230718C00452000,452.0,normalDay
2023-07-12,18318.0,4471.0,0.0,100,446.02,401.0,0,0.0,0.0,,0.0,1,0.11,0.42,SPY230718C00452000,452.0,normalDay
2023-07-13,18318.0,4775.0,0.0,100,449.56,401.0,0,0.0,0.0,,0.0,1,0.11,0.92,SPY230718C00452000,452.0,normalDay
2023-07-14,18318.0,4798.0,0.0,100,449.28,401.0,0,0.0,0.0,,0.0,1,0.11,0.41,SPY230718C00452000,452.0,normalDay
2023-07-17,18318.0,4954.0,0.0,100,450.84,401.0,0,0.0,0.0,,0.0,1,0.11,0.41,SPY230718C00452000,452.0,normalDay
2023-07-18,23429.0,4954.0,5111.0,0,454.19,0.0,0,0.0,0.0,,0.0,1,0.11,0.0,SPY230718C00452000,452.0,expirationDay
2023-07-19,23429.0,-3.0,0.0,0,455.2,0.0,1,0.01,0.04,SPY230721P00428000,428.0,0,0.0,0.0,,0.0,normalDay
2023-07-20,23429.0,-2.0,0.0,0,452.18,0.0,1,0.01,0.03,SPY230721P00428000,428.0,0,0.0,0.0,,0.0,normalDay
2023-07-21,23430.0,0.0,1.0,0,452.18,0.0,1,0.01,0.0,SPY230721P00428000,428.0,0,0.0,0.0,,0.0,expirationDay
2023-07-24,23430.0,-3.0,0.0,0,454.2,0.0,1,0.01,0.04,SPY230727P00431000,431.0,0,0.0,0.0,,0.0,normalDay
2023-07-25,23430.0,-2.0,0.0,0,455.44,0.0,1,0.01,0.03,SPY230727P00431000,431.0,0,0.0,0.0,,0.0,normalDay
2023-07-26,23430.0,-1.0,0.0,0,455.51,0.0,1,0.01,0.02,SPY230727P00431000,431.0,0,0.0,0.0,,0.0,normalDay
2023-07-27,23431.0,0.0,1.0,0,452.49,0.0,1,0.01,0.0,SPY230727P00431000,431.0,0,0.0,0.0,,0.0,expirationDay
2023-07-28,23431.0,0.0,0.0,0,456.92,0.0,0,0.0,0.0,,0.0,0,0.0,0.0,,0.0,bidTooLow
2023-07-31,23431.0,-3.0,0.0,0,457.79,0.0,1,0.01,0.04,SPY230803P00437000,437.0,0,0.0,0.0,,0.0,normalDay
2023-08-01,23431.0,-2.0,0.0,0,456.48,0.0,1,0.01,0.03,SPY230803P00437000,437.0,0,0.0,0.0,,0.0,normalDay
2023-08-02,23431.0,-5.0,0.0,0,450.13,0.0,1,0.01,0.06,SPY230803P00437000,437.0,0,0.0,0.0,,0.0,normalDay
2023-08-03,23432.0,0.0,1.0,0,448.84,0.0,1,0.01,0.0,SPY230803P00437000,437.0,0,0.0,0.0,,0.0,expirationDay
2023-08-04,23432.0,-3.0,0.0,0,446.81,0.0,1,0.24,0.27,SPY230807P00442000,442.0,0,0.0,0.0,,0.0,normalDay
2023-08-07,23456.0,0.0,24.0,0,450.71,0.0,1,0.24,0.0,SPY230807P00442000,442.0,0,0.0,0.0,,0.0,expirationDay
2023-08-08,23456.0,-3.0,0.0,0,448.75,0.0,1,1.02,1.05,SPY230811P00445000,445.0,0,0.0,0.0,,0.0,normalDay
2023-08-09,23456.0,-78.0,0.0,0,445.75,0.0,1,1.02,1.8,SPY230811P00445000,445.0,0,0.0,0.0,,0.0,normalDay
2023-08-10,23456.0,-17.0,0.0,0,445.91,0.0,1,1.02,1.19,SPY230811P00445000,445.0,0,0.0,0.0,,0.0,normalDay
2023-08-11,23558.0,0.0,102.0,0,445.65,0.0,1,1.02,0.0,SPY230811P00445000,445.0,0,0.0,0.0,,0.0,expirationDay
2023-08-14,23558.0,-3.0,0.0,0,448.11,0.0,1,0.74,0.77,SPY230817P00444000,444.0,0,0.0,0.0,,0.0,normalDay
2023-08-15,23558.0,-183.0,0.0,0,442.89,0.0,1,0.74,2.57,SPY230817P00444000,444.0,0,0.0,0.0,,0.0,normalDay
2023-08-16,23558.0,-355.0,0.0,0,439.64,0.0,1,0.74,4.29,SPY230817P00444000,444.0,0,0.0,0.0,,0.0,normalDay
2023-08-17,23632.0,-771.0,74.0,100,436.29,444.0,1,0.74,0.0,SPY230817P00444000,444.0,0,0.0,0.0,,0.0,expirationDay
2023-08-18,23632.0,-750.0,0.0,100,436.5,444.0,0,0.0,0.0,,0.0,0,0.0,0.0,,0.0,bidTooLow
2023-08-21,23632.0,-466.0,0.0,100,439.34,444.0,0,0.0,0.0,,0.0,0,0.0,0.0,,0.0,bidTooLow
2023-08-22,23632.0,-585.0,0.0,100,438.15,444.0,0,0.0,0.0,,0.0,0,0.0,0.0,,0.0,bidTooLow
2023-08-23,23632.0,-97.0,0.0,100,443.03,444.0,0,0.0,0.0,,0.0,0,0.0,0.0,,0.0,bidTooLow
2023-08-24,23632.0,-711.0,0.0,100,436.89,444.0,0,0.0,0.0,,0.0,0,0.0,0.0,,0.0,bidTooLow
2023-08-25,23632.0,-403.0,0.0,100,439.97,444.0,0,0.0,0.0,,0.0,0,0.0,0.0,,0.0,bidTooLow
2023-08-28,23632.0,-124.0,0.0,100,442.76,444.0,0,0.0,0.0,,0.0,0,0.0,0.0,,0.0,bidTooLow
2023-08-29,23632.0,513.0,0.0,100,449.16,444.0,0,0.0,0.0,,0.0,1,0.1,0.13,SPY230906C00462000,462.0,normalDay
2023-08-30,23632.0,701.0,0.0,100,451.01,444.0,0,0.0,0.0,,0.0,1,0.1,0.1,SPY230906C00462000,462.0,normalDay
2023-08-31,23632.0,641.0,0.0,100,450.35,444.0,0,0.0,0.0,,0.0,1,0.1,0.04,SPY230906C00462000,462.0,normalDay
2023-09-01,23632.0,727.0,0.0,100,451.19,444.0,0,0.0,0.0,,0.0,1,0.1,0.02,SPY230906C00462000,462.0,normalDay
2023-09-05,23632.0,533.0,0.0,100,449.24,444.0,0,0.0,0.0,,0.0,1,0.1,0.01,SPY230906C00462000,462.0,normalDay
2023-09-06,23642.0,222.0,10.0,100,446.22,444.0,0,0.0,0.0,,0.0,1,0.1,0.0,SPY230906C00462000,462.0,expirationDay
2023-09-07,23642.0,85.0,0.0,100,444.85,444.0,0,0.0,0.0,,0.0,0,0.0,0.0,,0.0,bidTooLow
2023-09-08,23642.0,152.0,0.0,100,445.52,444.0,0,0.0,0.0,,0.0,0,0.0,0.0,,0.0,bidTooLow
2023-09-11,23642.0,445.0,0.0,100,448.45,444.0,0,0.0,0.0,,0.0,0,0.0,0.0,,0.0,bidTooLow
2023-09-12,23642.0,199.0,0.0,100,445.99,444.0,0,0.0,0.0,,0.0,0,0.0,0.0,,0.0,bidTooLow
2023-09-13,23642.0,251.0,0.0,100,446.51,444.0,0,0.0,0.0,,0.0,0,0.0,0.0,,0.0,bidTooLow
2023-09-14,23642.0,633.0,0.0,100,450.36,444.0,0,0.0,0.0,,0.0,1,0.01,0.04,SPY230922C00464000,464.0,normalDay
2023-09-15,23642.0,-64.0,0.0,100,443.37,444.0,0,0.0,0.0,,0.0,1,0.01,0.02,SPY230922C00464000,464.0,normalDay
2023-09-18,23642.0,-37.0,0.0,100,443.63,444.0,0,0.0,0.0,,0.0,1,0.01,0.01,SPY230922C00464000,464.0,normalDay
2023-09-19,23642.0,-129.0,0.0,100,442.71,444.0,0,0.0,0.0,,0.0,1,0.01,0.01,SPY230922C00464000,464.0,normalDay
2023-09-20,23642.0,-536.0,0.0,100,438.64,444.0,0,0.0,0.0,,0.0,1,0.01,0.01,SPY230922C00464000,464.0,normalDay
2023-09-21,23642.0,-1261.0,0.0,100,431.39,444.0,0,0.0,0.0,,0.0,1,0.01,0.01,SPY230922C00464000,464.0,normalDay
2023-09-22,23643.0,-1358.0,1.0,100,430.42,444.0,0,0.0,0.0,,0.0,1,0.01,0.0,SPY230922C00464000,464.0,expirationDay
2023-09-25,23643.0,-1177.0,0.0,100,432.23,444.0,0,0.0,0.0,,0.0,0,0.0,0.0,,0.0,bidTooLow
2023-09-26,23643.0,-1812.0,0.0,100,425.88,444.0,0,0.0,0.0,,0.0,0,0.0,0.0,,0.0,bidTooLow
2023-09-27,23643.0,-1795.0,0.0,100,426.05,444.0,0,0.0,0.0,,0.0,0,0.0,0.0,,0.0,bidTooLow
2023-09-28,23643.0,-1548.0,0.0,100,428.52,444.0,0,0.0,0.0,,0.0,0,0.0,0.0,,0.0,bidTooLow
2023-09-29,23643.0,-1652.0,0.0,100,427.48,444.0,0,0.0,0.0,,0.0,0,0.0,0.0,,0.0,bidTooLow
2023-10-02,23643.0,-1669.0,0.0,100,427.31,444.0,0,0.0,0.0,,0.0,0,0.0,0.0,,0.0,bidTooLow
2023-10-03,23643.0,-2241.0,0.0,100,421.59,444.0,0,0.0,0.0,,0.0,0,0.0,0.0,,0.0,bidTooLow
2023-10-04,23643.0,-1934.0,0.0,100,424.66,444.0,0,0.0,0.0,,0.0,0,0.0,0.0,,0.0,bidTooLow
2023-10-05,23643.0,-1950.0,0.0,100,424.5,444.0,0,0.0,0.0,,0.0,0,0.0,0.0,,0.0,bidTooLow
2023-10-06,23643.0,-1446.0,0.0,100,429.54,444.0,0,0.0,0.0,,0.0,0,0.0,0.0,,0.0,bidTooLow
2023-10-09,23643.0,-1171.0,0.0,100,432.29,444.0,0,0.0,0.0,,0.0,0,0.0,0.0,,0.0,bidTooLow
2023-10-10,23643.0,-946.0,0.0,100,434.54,444.0,0,0.0,0.0,,0.0,0,0.0,0.0,,0.0,bidTooLow
2023-10-11,23643.0,-768.0,0.0,100,436.32,444.0,0,0.0,0.0,,0.0,0,0.0,0.0,,0.0,bidTooLow
2023-10-12,23643.0,-1034.0,0.0,100,433.66,444.0,0,0.0,0.0,,0.0,0,0.0,0.0,,0.0,bidTooLow
2023-10-13,23643.0,-1250.0,0.0,100,431.5,444.0,0,0.0,0.0,,0.0,0,0.0,0.0,,0.0,bidTooLow
2023-10-16,23643.0,-799.0,0.0,100,436.04,444.0,0,0.0,0.0,,0.0,1,0.09,0.12,SPY231024C00450000,450.0,normalDay
2023-10-17,23643.0,-798.0,0.0,100,436.02,444.0,0,0.0,0.0,,0.0,1,0.09,0.09,SPY231024C00450000,450.0,normalDay
2023-10-18,23643.0,-1373.0,0.0,100,430.21,444.0,0,0.0,0.0,,0.0,1,0.09,0.03,SPY231024C00450000,450.0,normalDay
2023-10-19,23643.0,-1750.0,0.0,100,426.43,444.0,0,0.0,0.0,,0.0,1,0.09,0.02,SPY231024C00450000,450.0,normalDay
2023-10-20,23643.0,-2273.0,0.0,100,421.19,444.0,0,0.0,0.0,,0.0,1,0.09,0.01,SPY231024C00450000,450.0,normalDay
2023-10-23,23643.0,-2346.0,0.0,100,420.46,444.0,0,0.0,0.0,,0.0,1,0.09,0.01,SPY231024C00450000,450.0,normalDay
2023-10-24,23652.0,-2037.0,9.0,100,423.63,444.0,0,0.0,0.0,,0.0,1,0.09,0.0,SPY231024C00450000,450.0,expirationDay
2023-10-25,23652.0,-2645.0,0.0,100,417.55,444.0,0,0.0,0.0,,0.0,0,0.0,0.0,,0.0,bidTooLow
2023-10-26,23652.0,-3145.0,0.0,100,412.55,444.0,0,0.0,0.0,,0.0,0,0.0,0.0,,0.0,bidTooLow
2023-10-27,23652.0,-3332.0,0.0,100,410.68,444.0,0,0.0,0.0,,0.0,0,0.0,0.0,,0.0,bidTooLow
2023-10-30,23652.0,-2841.0,0.0,100,415.59,444.0,0,0.0,0.0,,0.0,0,0.0,0.0,,0.0,bidTooLow
2023-10-31,23652.0,-2580.0,0.0,100,418.2,444.0,0,0.0,0.0,,0.0,0,0.0,0.0,,0.0,bidTooLow
2023-11-01,23652.0,-2134.0,0.0,100,422.66,444.0,0,0.0,0.0,,0.0,0,0.0,0.0,,0.0,bidTooLow
2023-11-02,23652.0,-1324.0,0.0,100,430.76,444.0,0,0.0,0.0,,0.0,0,0.0,0.0,,0.0,bidTooLow
2023-11-03,23652.0,-931.0,0.0,100,434.69,444.0,0,0.0,0.0,,0.0,0,0.0,0.0,,0.0,bidTooLow
2023-11-06,23652.0,-831.0,0.0,100,435.69,444.0,0,0.0,0.0,,0.0,0,0.0,0.0,,0.0,bidTooLow
2023-11-07,23652.0,-707.0,0.0,100,436.93,444.0,0,0.0,0.0,,0.0,0,0.0,0.0,,0.0,bidTooLow
2023-11-08,23652.0,-675.0,0.0,100,437.25,444.0,0,0.0,0.0,,0.0,0,0.0,0.0,,0.0,bidTooLow
2023-11-09,23652.0,-1016.0,0.0,100,433.84,444.0,0,0.0,0.0,,0.0,0,0.0,0.0,,0.0,bidTooLow
2023-11-10,23652.0,-339.0,0.0,100,440.61,444.0,0,0.0,0.0,,0.0,0,0.0,0.0,,0.0,bidTooLow
2023-11-13,23652.0,-381.0,0.0,100,440.19,444.0,0,0.0,0.0,,0.0,0,0.0,0.0,,0.0,bidTooLow
2023-11-14,23652.0,470.0,0.0,100,448.73,444.0,0,0.0,0.0,,0.0,1,0.04,0.07,SPY231122C00467000,467.0,normalDay
2023-11-15,23652.0,569.0,0.0,100,449.68,444.0,0,0.0,0.0,,0.0,1,0.04,0.03,SPY231122C00467000,467.0,normalDay
2023-11-16,23652.0,625.0,0.0,100,450.23,444.0,0,0.0,0.0,,0.0,1,0.04,0.02,SPY231122C00467000,467.0,normalDay
2023-11-17,23652.0,681.0,0.0,100,450.79,444.0,0,0.0,0.0,,0.0,1,0.04,0.02,SPY231122C00467000,467.0,normalDay
2023-11-20,23652.0,1028.0,0.0,100,454.26,444.0,0,0.0,0.0,,0.0,1,0.04,0.02,SPY231122C00467000,467.0,normalDay
2023-11-21,23652.0,930.0,0.0,100,453.27,444.0,0,0.0,0.0,,0.0,1,0.04,0.01,SPY231122C00467000,467.0,normalDay
2023-11-22,23656.0,1102.0,4.0,100,455.02,444.0,0,0.0,0.0,,0.0,1,0.04,0.0,SPY231122C00467000,467.0,expirationDay
2023-11-24,23656.0,1130.0,0.0,100,455.3,444.0,0,0.0,0.0,,0.0,0,0.0,0.0,,0.0,bidTooLow
2023-11-27,23656.0,1048.0,0.0,100,454.48,444.0,0,0.0,0.0,,0.0,0,0.0,0.0,,0.0,bidTooLow
2023-11-28,23656.0,1093.0,0.0,100,454.93,444.0,0,0.0,0.0,,0.0,0,0.0,0.0,,0.0,bidTooLow
2023-11-29,23656.0,1061.0,0.0,100,454.61,444.0,0,0.0,0.0,,0.0,0,0.0,0.0,,0.0,bidTooLow
2023-11-30,23656.0,1240.0,0.0,100,456.4,444.0,0,0.0,0.0,,0.0,0,0.0,0.0,,0.0,bidTooLow
