date,totalCapital,unrializedPnL,rializedPnL,stocksOwned,stocksPriceToday,stocksPriceBoughtAt,putOwned,putOwnedSoldAt,putPriceToday,putOwnedContract,putOwnedStrike,callOwned,callOwnedSoldAt,callPriceToday,callOwnedContract,callOwnedStrike,trackType
2018-11-01,0.0,-4.0,0.0,0,273.51,0.0,1,0.72,0.76,SPY181112P00261000,261.0,0,0.0,0.0,,0.0,normalDay
2018-11-02,0.0,-1.0,0.0,0,271.89,0.0,1,0.72,0.73,SPY181112P00261000,261.0,0,0.0,0.0,,0.0,normalDay
2018-11-05,0.0,28.0,0.0,0,273.39,0.0,1,0.72,0.44,SPY181112P00261000,261.0,0,0.0,0.0,,0.0,normalDay
2018-11-06,0.0,39.0,0.0,0,275.12,0.0,1,0.72,0.33,SPY181112P00261000,261.0,0,0.0,0.0,,0.0,normalDay
2018-11-07,0.0,68.0,0.0,0,281.01,0.0,1,0.72,0.04,SPY181112P00261000,261.0,0,0.0,0.0,,0.0,normalDay
2018-11-08,0.0,69.0,0.0,0,280.5,0.0,1,0.72,0.03,SPY181112P00261000,261.0,0,0.0,0.0,,0.0,normalDay
2018-11-09,0.0,70.0,0.0,0,277.76,0.0,1,0.72,0.02,SPY181112P00261000,261.0,0,0.0,0.0,,0.0,normalDay
2018-11-12,72.0,0.0,72.0,0,272.57,0.0,1,0.72,0.0,SPY181112P00261000,261.0,0,0.0,0.0,,0.0,expirationDay
2018-11-13,72.0,-5.0,0.0,0,272.06,0.0,1,0.89,0.94,SPY181123P00263000,263.0,0,0.0,0.0,,0.0,normalDay
2018-11-14,72.0,-41.0,0.0,0,270.2,0.0,1,0.89,1.3,SPY181123P00263000,263.0,0,0.0,0.0,,0.0,normalDay
2018-11-15,72.0,34.0,0.0,0,273.02,0.0,1,0.89,0.55,SPY181123P00263000,263.0,0,0.0,0.0,,0.0,normalDay
2018-11-16,72.0,67.0,0.0,0,273.73,0.0,1,0.89,0.22,SPY181123P00263000,263.0,0,0.0,0.0,,0.0,normalDay
2018-11-19,72.0,39.0,0.0,0,269.1,0.0,1,0.89,0.5,SPY181123P00263000,263.0,0,0.0,0.0,,0.0,normalDay
2018-11-20,72.0,-77.0,0.0,0,264.12,0.0,1,0.89,1.66,SPY181123P00263000,263.0,0,0.0,0.0,,0.0,normalDay
2018-11-21,72.0,46.0,0.0,0,265.02,0.0,1,0.89,0.43,SPY181123P00263000,263.0,0,0.0,0.0,,0.0,normalDay
2018-11-23,161.0,0.0,89.0,0,263.25,0.0,1,0.89,0.0,SPY181123P00263000,263.0,0,0.0,0.0,,0.0,expirationDay
2018-11-26,161.0,-4.0,0.0,0,267.5,0.0,1,1.25,1.29,SPY181207P00261000,261.0,0,0.0,0.0,,0.0,normalDay
2018-11-27,161.0,-2.0,0.0,0,268.4,0.0,1,1.25,1.27,SPY181207P00261000,261.0,0,0.0,0.0,,0.0,normalDay
2018-11-28,161.0,76.0,0.0,0,274.58,0.0,1,1.25,0.49,SPY181207P00261000,261.0,0,0.0,0.0,,0.0,normalDay
2018-11-29,161.0,73.0,0.0,0,273.98,0.0,1,1.25,0.52,SPY181207P00261000,261.0,0,0.0,0.0,,0.0,normalDay
2018-11-30,161.0,95.0,0.0,0,275.65,0.0,1,1.25,0.3,SPY181207P00261000,261.0,0,0.0,0.0,,0.0,normalDay
2018-12-03,161.0,121.0,0.0,0,279.3,0.0,1,1.25,0.04,SPY181207P00261000,261.0,0,0.0,0.0,,0.0,normalDay
2018-12-04,161.0,83.0,0.0,0,270.25,0.0,1,1.25,0.42,SPY181207P00261000,261.0,0,0.0,0.0,,0.0,normalDay
2018-12-06,161.0,118.0,0.0,0,269.84,0.0,1,1.25,0.07,SPY181207P00261000,261.0,0,0.0,0.0,,0.0,normalDay
2018-12-07,286.0,0.0,125.0,0,263.57,0.0,1,1.25,0.0,SPY181207P00261000,261.0,0,0.0,0.0,,0.0,expirationDay
2018-12-10,286.0,-7.0,0.0,0,264.07,0.0,1,3.2,3.27,SPY181221P00261000,261.0,0,0.0,0.0,,0.0,normalDay
2018-12-11,286.0,22.0,0.0,0,264.13,0.0,1,3.2,2.98,SPY181221P00261000,261.0,0,0.0,0.0,,0.0,normalDay
2018-12-12,286.0,73.0,0.0,0,265.46,0.0,1,3.2,2.47,SPY181221P00261000,261.0,0,0.0,0.0,,0.0,normalDay
2018-12-13,286.0,120.0,0.0,0,265.37,0.0,1,3.2,2.0,SPY181221P00261000,261.0,0,0.0,0.0,,0.0,normalDay
2018-12-14,286.0,-79.0,0.0,0,260.47,0.0,1,3.2,3.99,SPY181221P00261000,261.0,0,0.0,0.0,,0.0,normalDay
2018-12-17,286.0,-442.0,0.0,0,255.36,0.0,1,3.2,7.62,SPY181221P00261000,261.0,0,0.0,0.0,,0.0,normalDay
2018-12-18,286.0,-531.0,0.0,0,255.08,0.0,1,3.2,8.51,SPY181221P00261000,261.0,0,0.0,0.0,,0.0,normalDay
2018-12-19,286.0,-796.0,0.0,0,251.26,0.0,1,3.2,11.16,SPY181221P00261000,261.0,0,0.0,0.0,,0.0,normalDay
2018-12-20,286.0,-1137.0,0.0,0,247.17,0.0,1,3.2,14.57,SPY181221P00261000,261.0,0,0.0,0.0,,0.0,normalDay
2018-12-21,606.0,-2030.0,320.0,100,240.7,261.0,1,3.2,0.0,SPY181221P00261000,261.0,0,0.0,0.0,,0.0,expirationDay
2018-12-24,606.0,-2675.0,0.0,100,234.34,261.0,0,0.0,0.0,,0.0,1,0.12,0.21,SPY190628C00310000,310.0,normalDay
2018-12-26,606.0,-1504.0,0.0,100,246.18,261.0,0,0.0,0.0,,0.0,1,0.12,0.34,SPY190628C00310000,310.0,normalDay
2018-12-27,606.0,-1323.0,0.0,100,248.07,261.0,0,0.0,0.0,,0.0,1,0.12,0.42,SPY190628C00310000,310.0,normalDay
2018-12-28,606.0,-1353.0,0.0,100,247.75,261.0,0,0.0,0.0,,0.0,1,0.12,0.4,SPY190628C00310000,310.0,normalDay
2018-12-31,606.0,-1133.0,0.0,100,249.92,261.0,0,0.0,0.0,,0.0,1,0.12,0.37,SPY190628C00310000,310.0,normalDay
2019-01-02,606.0,-1099.0,0.0,100,250.18,261.0,0,0.0,0.0,,0.0,1,0.12,0.29,SPY190628C00310000,310.0,normalDay
2019-01-03,606.0,-1684.0,0.0,100,244.21,261.0,0,0.0,0.0,,0.0,1,0.12,0.17,SPY190628C00310000,310.0,normalDay
2019-01-04,606.0,-873.0,0.0,100,252.39,261.0,0,0.0,0.0,,0.0,1,0.12,0.24,SPY190628C00310000,310.0,normalDay
2019-01-07,606.0,-675.0,0.0,100,254.38,261.0,0,0.0,0.0,,0.0,1,0.12,0.25,SPY190628C00310000,310.0,normalDay
2019-01-08,606.0,-436.0,0.0,100,256.77,261.0,0,0.0,0.0,,0.0,1,0.12,0.25,SPY190628C00310000,310.0,normalDay
2019-01-09,606.0,-313.0,0.0,100,257.97,261.0,0,0.0,0.0,,0.0,1,0.12,0.22,SPY190628C00310000,310.0,normalDay
2019-01-10,606.0,-224.0,0.0,100,258.88,261.0,0,0.0,0.0,,0.0,1,0.12,0.24,SPY190628C00310000,310.0,normalDay
2019-01-11,606.0,-208.0,0.0,100,258.98,261.0,0,0.0,0.0,,0.0,1,0.12,0.18,SPY190628C00310000,310.0,normalDay
2019-01-14,606.0,-363.0,0.0,100,257.4,261.0,0,0.0,0.0,,0.0,1,0.12,0.15,SPY190628C00310000,310.0,normalDay
2019-01-15,606.0,-69.0,0.0,100,260.35,261.0,0,0.0,0.0,,0.0,1,0.12,0.16,SPY190628C00310000,310.0,normalDay
2019-01-16,606.0,-8.0,0.0,100,260.98,261.0,0,0.0,0.0,,0.0,1,0.12,0.18,SPY190628C00310000,310.0,normalDay
2019-01-17,606.0,188.0,0.0,100,262.96,261.0,0,0.0,0.0,,0.0,1,0.12,0.2,SPY190628C00310000,310.0,normalDay
2019-01-18,606.0,530.0,0.0,100,266.46,261.0,0,0.0,0.0,,0.0,1,0.12,0.28,SPY190628C00310000,310.0,normalDay
2019-01-22,606.0,170.0,0.0,100,262.86,261.0,0,0.0,0.0,,0.0,1,0.12,0.28,SPY190628C00310000,310.0,normalDay
2019-01-23,606.0,228.0,0.0,100,263.41,261.0,0,0.0,0.0,,0.0,1,0.12,0.25,SPY190628C00310000,310.0,normalDay
2019-01-24,606.0,243.0,0.0,100,263.55,261.0,0,0.0,0.0,,0.0,1,0.12,0.24,SPY190628C00310000,310.0,normalDay
2019-01-25,606.0,463.0,0.0,100,265.78,261.0,0,0.0,0.0,,0.0,1,0.12,0.27,SPY190628C00310000,310.0,normalDay
2019-01-28,606.0,264.0,0.0,100,263.76,261.0,0,0.0,0.0,,0.0,1,0.12,0.24,SPY190628C00310000,310.0,normalDay
2019-01-29,606.0,229.0,0.0,100,263.41,261.0,0,0.0,0.0,,0.0,1,0.12,0.24,SPY190628C00310000,310.0,normalDay
2019-01-30,606.0,641.0,0.0,100,267.58,261.0,0,0.0,0.0,,0.0,1,0.12,0.29,SPY190628C00310000,310.0,normalDay
2019-01-31,606.0,873.0,0.0,100,269.93,261.0,0,0.0,0.0,,0.0,1,0.12,0.32,SPY190628C00310000,310.0,normalDay
2019-02-01,606.0,886.0,0.0,100,270.06,261.0,0,0.0,0.0,,0.0,1,0.12,0.32,SPY190628C00310000,310.0,normalDay
2019-02-04,606.0,1072.0,0.0,100,271.96,261.0,0,0.0,0.0,,0.0,1,0.12,0.36,SPY190628C00310000,310.0,normalDay
2019-02-05,606.0,1186.0,0.0,100,273.1,261.0,0,0.0,0.0,,0.0,1,0.12,0.36,SPY190628C00310000,310.0,normalDay
2019-02-06,606.0,1154.0,0.0,100,272.74,261.0,0,0.0,0.0,,0.0,1,0.12,0.32,SPY190628C00310000,310.0,normalDay
2019-02-07,606.0,900.0,0.0,100,270.14,261.0,0,0.0,0.0,,0.0,1,0.12,0.26,SPY190628C00310000,310.0,normalDay
2019-02-08,606.0,933.0,0.0,100,270.47,261.0,0,0.0,0.0,,0.0,1,0.12,0.26,SPY190628C00310000,310.0,normalDay
2019-02-11,606.0,948.0,0.0,100,270.62,261.0,0,0.0,0.0,,0.0,1,0.12,0.26,SPY190628C00310000,310.0,normalDay
2019-02-12,606.0,1286.0,0.0,100,274.1,261.0,0,0.0,0.0,,0.0,1,0.12,0.36,SPY190628C00310000,310.0,normalDay
2019-02-13,606.0,1374.0,0.0,100,274.99,261.0,0,0.0,0.0,,0.0,1,0.12,0.37,SPY190628C00310000,310.0,normalDay
2019-02-14,606.0,1315.0,0.0,100,274.38,261.0,0,0.0,0.0,,0.0,1,0.12,0.35,SPY190628C00310000,310.0,normalDay
2019-02-15,606.0,1609.0,0.0,100,277.37,261.0,0,0.0,0.0,,0.0,1,0.12,0.4,SPY190628C00310000,310.0,normalDay
2019-02-19,606.0,1661.0,0.0,100,277.85,261.0,0,0.0,0.0,,0.0,1,0.12,0.36,SPY190628C00310000,310.0,normalDay
2019-02-20,606.0,1720.0,0.0,100,278.41,261.0,0,0.0,0.0,,0.0,1,0.12,0.33,SPY190628C00310000,310.0,normalDay
2019-02-21,606.0,1626.0,0.0,100,277.42,261.0,0,0.0,0.0,,0.0,1,0.12,0.28,SPY190628C00310000,310.0,normalDay
2019-02-22,606.0,1796.0,0.0,100,279.14,261.0,0,0.0,0.0,,0.0,1,0.12,0.3,SPY190628C00310000,310.0,normalDay
2019-02-25,606.0,1830.0,0.0,100,279.52,261.0,0,0.0,0.0,,0.0,1,0.12,0.34,SPY190628C00310000,310.0,normalDay
2019-02-26,606.0,1813.0,0.0,100,279.32,261.0,0,0.0,0.0,,0.0,1,0.12,0.31,SPY190628C00310000,310.0,normalDay
2019-02-27,606.0,1803.0,0.0,100,279.2,261.0,0,0.0,0.0,,0.0,1,0.12,0.29,SPY190628C00310000,310.0,normalDay
2019-02-28,606.0,1753.0,0.0,100,278.68,261.0,0,0.0,0.0,,0.0,1,0.12,0.27,SPY190628C00310000,310.0,normalDay
2019-03-01,606.0,1926.0,0.0,100,280.42,261.0,0,0.0,0.0,,0.0,1,0.12,0.28,SPY190628C00310000,310.0,normalDay
2019-03-04,606.0,1826.0,0.0,100,279.4,261.0,0,0.0,0.0,,0.0,1,0.12,0.26,SPY190628C00310000,310.0,normalDay
2019-03-05,606.0,1788.0,0.0,100,279.02,261.0,0,0.0,0.0,,0.0,1,0.12,0.26,SPY190628C00310000,310.0,normalDay
2019-03-06,606.0,1621.0,0.0,100,277.33,261.0,0,0.0,0.0,,0.0,1,0.12,0.24,SPY190628C00310000,310.0,normalDay
2019-03-07,606.0,1390.0,0.0,100,275.01,261.0,0,0.0,0.0,,0.0,1,0.12,0.23,SPY190628C00310000,310.0,normalDay
2019-03-08,606.0,1338.0,0.0,100,274.46,261.0,0,0.0,0.0,,0.0,1,0.12,0.2,SPY190628C00310000,310.0,normalDay
2019-03-11,606.0,1733.0,0.0,100,278.44,261.0,0,0.0,0.0,,0.0,1,0.12,0.23,SPY190628C00310000,310.0,normalDay
2019-03-12,606.0,1839.0,0.0,100,279.49,261.0,0,0.0,0.0,,0.0,1,0.12,0.22,SPY190628C00310000,310.0,normalDay
2019-03-13,606.0,2019.0,0.0,100,281.34,261.0,0,0.0,0.0,,0.0,1,0.12,0.27,SPY190628C00310000,310.0,normalDay
2019-03-14,606.0,2001.0,0.0,100,281.16,261.0,0,0.0,0.0,,0.0,1,0.12,0.27,SPY190628C00310000,310.0,normalDay
2019-03-15,606.0,2015.0,0.0,100,281.31,261.0,0,0.0,0.0,,0.0,1,0.12,0.28,SPY190628C00310000,310.0,normalDay
2019-03-18,606.0,2112.0,0.0,100,282.33,261.0,0,0.0,0.0,,0.0,1,0.12,0.33,SPY190628C00310000,310.0,normalDay
2019-03-19,606.0,2119.0,0.0,100,282.4,261.0,0,0.0,0.0,,0.0,1,0.12,0.33,SPY190628C00310000,310.0,normalDay
2019-03-20,606.0,2038.0,0.0,100,281.55,261.0,0,0.0,0.0,,0.0,1,0.12,0.29,SPY190628C00310000,310.0,normalDay
2019-03-21,606.0,2344.0,0.0,100,284.73,261.0,0,0.0,0.0,,0.0,1,0.12,0.41,SPY190628C00310000,310.0,normalDay
2019-03-22,606.0,1808.0,0.0,100,279.25,261.0,0,0.0,0.0,,0.0,1,0.12,0.29,SPY190628C00310000,310.0,normalDay
2019-03-25,606.0,1792.0,0.0,100,279.04,261.0,0,0.0,0.0,,0.0,1,0.12,0.24,SPY190628C00310000,310.0,normalDay
2019-03-26,606.0,2001.0,0.0,100,281.12,261.0,0,0.0,0.0,,0.0,1,0.12,0.23,SPY190628C00310000,310.0,normalDay
2019-03-27,606.0,1854.0,0.0,100,279.65,261.0,0,0.0,0.0,,0.0,1,0.12,0.23,SPY190628C00310000,310.0,normalDay
2019-03-28,606.0,1959.0,0.0,100,280.71,261.0,0,0.0,0.0,,0.0,1,0.12,0.24,SPY190628C00310000,310.0,normalDay
2019-03-29,606.0,2135.0,0.0,100,282.48,261.0,0,0.0,0.0,,0.0,1,0.12,0.25,SPY190628C00310000,310.0,normalDay
2019-04-01,606.0,2460.0,0.0,100,285.83,261.0,0,0.0,0.0,,0.0,1,0.12,0.35,SPY190628C00310000,310.0,normalDay
2019-04-02,606.0,2474.0,0.0,100,285.97,261.0,0,0.0,0.0,,0.0,1,0.12,0.35,SPY190628C00310000,310.0,normalDay
2019-04-03,606.0,2519.0,0.0,100,286.42,261.0,0,0.0,0.0,,0.0,1,0.12,0.35,SPY190628C00310000,310.0,normalDay
2019-04-04,606.0,2594.0,0.0,100,287.18,261.0,0,0.0,0.0,,0.0,1,0.12,0.36,SPY190628C00310000,310.0,normalDay
2019-04-05,606.0,2731.0,0.0,100,288.57,261.0,0,0.0,0.0,,0.0,1,0.12,0.38,SPY190628C00310000,310.0,normalDay
2019-04-08,606.0,2753.0,0.0,100,288.79,261.0,0,0.0,0.0,,0.0,1,0.12,0.38,SPY190628C00310000,310.0,normalDay
2019-04-09,606.0,2609.0,0.0,100,287.31,261.0,0,0.0,0.0,,0.0,1,0.12,0.34,SPY190628C00310000,310.0,normalDay
2019-04-10,606.0,2705.0,0.0,100,288.29,261.0,0,0.0,0.0,,0.0,1,0.12,0.36,SPY190628C00310000,310.0,normalDay
2019-04-11,606.0,2698.0,0.0,100,288.21,261.0,0,0.0,0.0,,0.0,1,0.12,0.35,SPY190628C00310000,310.0,normalDay
2019-04-12,606.0,2888.0,0.0,100,290.16,261.0,0,0.0,0.0,,0.0,1,0.12,0.4,SPY190628C00310000,310.0,normalDay
2019-04-15,606.0,2874.0,0.0,100,289.97,261.0,0,0.0,0.0,,0.0,1,0.12,0.35,SPY190628C00310000,310.0,normalDay
2019-04-16,606.0,2897.0,0.0,100,290.16,261.0,0,0.0,0.0,,0.0,1,0.12,0.31,SPY190628C00310000,310.0,normalDay
2019-04-17,606.0,2827.0,0.0,100,289.45,261.0,0,0.0,0.0,,0.0,1,0.12,0.3,SPY190628C00310000,310.0,normalDay
2019-04-18,606.0,2882.0,0.0,100,290.02,261.0,0,0.0,0.0,,0.0,1,0.12,0.32,SPY190628C00310000,310.0,normalDay
2019-04-22,606.0,2911.0,0.0,100,290.27,261.0,0,0.0,0.0,,0.0,1,0.12,0.28,SPY190628C00310000,310.0,normalDay
2019-04-23,606.0,3161.0,0.0,100,292.88,261.0,0,0.0,0.0,,0.0,1,0.12,0.39,SPY190628C00310000,310.0,normalDay
2019-04-24,606.0,3097.0,0.0,100,292.23,261.0,0,0.0,0.0,,0.0,1,0.12,0.38,SPY190628C00310000,310.0,normalDay
2019-04-25,606.0,3082.0,0.0,100,292.05,261.0,0,0.0,0.0,,0.0,1,0.12,0.35,SPY190628C00310000,310.0,normalDay
2019-04-26,606.0,3213.0,0.0,100,293.41,261.0,0,0.0,0.0,,0.0,1,0.12,0.4,SPY190628C00310000,310.0,normalDay
2019-04-29,606.0,3258.0,0.0,100,293.87,261.0,0,0.0,0.0,,0.0,1,0.12,0.41,SPY190628C00310000,310.0,normalDay
2019-04-30,606.0,3272.0,0.0,100,294.02,261.0,0,0.0,0.0,,0.0,1,0.12,0.42,SPY190628C00310000,310.0,normalDay
2019-05-01,606.0,3063.0,0.0,100,291.81,261.0,0,0.0,0.0,,0.0,1,0.12,0.3,SPY190628C00310000,310.0,normalDay
2019-05-02,606.0,3004.0,0.0,100,291.18,261.0,0,0.0,0.0,,0.0,1,0.12,0.26,SPY190628C00310000,310.0,normalDay
2019-05-03,606.0,3276.0,0.0,100,294.03,261.0,0,0.0,0.0,,0.0,1,0.12,0.39,SPY190628C00310000,310.0,normalDay
2019-05-06,606.0,3164.0,0.0,100,292.82,261.0,0,0.0,0.0,,0.0,1,0.12,0.3,SPY190628C00310000,310.0,normalDay
2019-05-07,606.0,2683.0,0.0,100,287.93,261.0,0,0.0,0.0,,0.0,1,0.12,0.22,SPY190628C00310000,310.0,normalDay
2019-05-08,606.0,2648.0,0.0,100,287.53,261.0,0,0.0,0.0,,0.0,1,0.12,0.17,SPY190628C00310000,310.0,normalDay
2019-05-09,606.0,2564.0,0.0,100,286.66,261.0,0,0.0,0.0,,0.0,1,0.12,0.14,SPY190628C00310000,310.0,normalDay
2019-05-10,606.0,2711.0,0.0,100,288.1,261.0,0,0.0,0.0,,0.0,1,0.12,0.11,SPY190628C00310000,310.0,normalDay
2019-05-13,606.0,1994.0,0.0,100,280.86,261.0,0,0.0,0.0,,0.0,1,0.12,0.04,SPY190628C00310000,310.0,normalDay
2019-05-14,606.0,2248.0,0.0,100,283.4,261.0,0,0.0,0.0,,0.0,1,0.12,0.04,SPY190628C00310000,310.0,normalDay
2019-05-15,606.0,2412.0,0.0,100,285.06,261.0,0,0.0,0.0,,0.0,1,0.12,0.06,SPY190628C00310000,310.0,normalDay
2019-05-16,606.0,2673.0,0.0,100,287.7,261.0,0,0.0,0.0,,0.0,1,0.12,0.09,SPY190628C00310000,310.0,normalDay
2019-05-17,606.0,2489.0,0.0,100,285.84,261.0,0,0.0,0.0,,0.0,1,0.12,0.07,SPY190628C00310000,310.0,normalDay
2019-05-20,606.0,2302.0,0.0,100,283.95,261.0,0,0.0,0.0,,0.0,1,0.12,0.05,SPY190628C00310000,310.0,normalDay
2019-05-21,606.0,2558.0,0.0,100,286.51,261.0,0,0.0,0.0,,0.0,1,0.12,0.05,SPY190628C00310000,310.0,normalDay
2019-05-22,606.0,2471.0,0.0,100,285.63,261.0,0,0.0,0.0,,0.0,1,0.12,0.04,SPY190628C00310000,310.0,normalDay
2019-05-23,606.0,2122.0,0.0,100,282.14,261.0,0,0.0,0.0,,0.0,1,0.12,0.04,SPY190628C00310000,310.0,normalDay
2019-05-24,606.0,2187.0,0.0,100,282.78,261.0,0,0.0,0.0,,0.0,1,0.12,0.03,SPY190628C00310000,310.0,normalDay
2019-05-28,606.0,1925.0,0.0,100,280.15,261.0,0,0.0,0.0,,0.0,1,0.12,0.02,SPY190628C00310000,310.0,normalDay
2019-05-29,606.0,1737.0,0.0,100,278.27,261.0,0,0.0,0.0,,0.0,1,0.12,0.02,SPY190628C00310000,310.0,normalDay
2019-05-30,606.0,1813.0,0.0,100,279.03,261.0,0,0.0,0.0,,0.0,1,0.12,0.02,SPY190628C00310000,310.0,normalDay
2019-05-31,606.0,1438.0,0.0,100,275.27,261.0,0,0.0,0.0,,0.0,1,0.12,0.01,SPY190628C00310000,310.0,normalDay
2019-06-03,606.0,1368.0,0.0,100,274.57,261.0,0,0.0,0.0,,0.0,1,0.12,0.01,SPY190628C00310000,310.0,normalDay
2019-06-04,606.0,1963.0,0.0,100,280.53,261.0,0,0.0,0.0,,0.0,1,0.12,0.02,SPY190628C00310000,310.0,normalDay
2019-06-05,606.0,2205.0,0.0,100,282.96,261.0,0,0.0,0.0,,0.0,1,0.12,0.03,SPY190628C00310000,310.0,normalDay
2019-06-06,606.0,2388.0,0.0,100,284.8,261.0,0,0.0,0.0,,0.0,1,0.12,0.04,SPY190628C00310000,310.0,normalDay
2019-06-07,606.0,2672.0,0.0,100,287.65,261.0,0,0.0,0.0,,0.0,1,0.12,0.05,SPY190628C00310000,310.0,normalDay
2019-06-10,606.0,2804.0,0.0,100,288.97,261.0,0,0.0,0.0,,0.0,1,0.12,0.05,SPY190628C00310000,310.0,normalDay
2019-06-11,606.0,2799.0,0.0,100,288.9,261.0,0,0.0,0.0,,0.0,1,0.12,0.03,SPY190628C00310000,310.0,normalDay
2019-06-12,606.0,2749.0,0.0,100,288.39,261.0,0,0.0,0.0,,0.0,1,0.12,0.02,SPY190628C00310000,310.0,normalDay
2019-06-13,606.0,2868.0,0.0,100,289.58,261.0,0,0.0,0.0,,0.0,1,0.12,0.02,SPY190628C00310000,310.0,normalDay
2019-06-14,606.0,2837.0,0.0,100,289.26,261.0,0,0.0,0.0,,0.0,1,0.12,0.01,SPY190628C00310000,310.0,normalDay
2019-06-17,606.0,2848.0,0.0,100,289.37,261.0,0,0.0,0.0,,0.0,1,0.12,0.01,SPY190628C00310000,310.0,normalDay
2019-06-18,606.0,3150.0,0.0,100,292.4,261.0,0,0.0,0.0,,0.0,1,0.12,0.02,SPY190628C00310000,310.0,normalDay
2019-06-19,606.0,3216.0,0.0,100,293.06,261.0,0,0.0,0.0,,0.0,1,0.12,0.02,SPY190628C00310000,310.0,normalDay
2019-06-20,606.0,3494.0,0.0,100,295.86,261.0,0,0.0,0.0,,0.0,1,0.12,0.04,SPY190628C00310000,310.0,normalDay
2019-06-21,606.0,3310.0,0.0,100,294.0,261.0,0,0.0,0.0,,0.0,1,0.12,0.02,SPY190628C00310000,310.0,normalDay
2019-06-24,606.0,3275.0,0.0,100,293.64,261.0,0,0.0,0.0,,0.0,1,0.12,0.01,SPY190628C00310000,310.0,normalDay
2019-06-25,606.0,2987.0,0.0,100,290.76,261.0,0,0.0,0.0,,0.0,1,0.12,0.01,SPY190628C00310000,310.0,normalDay
2019-06-26,606.0,2958.0,0.0,100,290.47,261.0,0,0.0,0.0,,0.0,1,0.12,0.01,SPY190628C00310000,310.0,normalDay
2019-06-27,606.0,3061.0,0.0,100,291.5,261.0,0,0.0,0.0,,0.0,1,0.12,0.01,SPY190628C00310000,310.0,normalDay
2019-06-28,618.0,3200.0,12.0,100,293.0,261.0,0,0.0,0.0,,0.0,1,0.12,0.0,SPY190628C00310000,310.0,expirationDay
2019-07-01,618.0,3455.0,0.0,100,295.66,261.0,0,0.0,0.0,,0.0,1,6.06,6.17,SPY200117C00307000,307.0,normalDay
2019-07-02,618.0,3533.0,0.0,100,296.43,261.0,0,0.0,0.0,,0.0,1,6.06,6.16,SPY200117C00307000,307.0,normalDay
2019-07-03,618.0,3660.0,0.0,100,298.8,261.0,0,0.0,0.0,,0.0,1,6.06,7.26,SPY200117C00307000,307.0,normalDay
2019-07-05,618.0,3661.0,0.0,100,298.46,261.0,0,0.0,0.0,,0.0,1,6.06,6.91,SPY200117C00307000,307.0,normalDay
2019-07-08,618.0,3538.0,0.0,100,296.82,261.0,0,0.0,0.0,,0.0,1,6.06,6.5,SPY200117C00307000,307.0,normalDay
2019-07-09,618.0,3558.0,0.0,100,297.19,261.0,0,0.0,0.0,,0.0,1,6.06,6.67,SPY200117C00307000,307.0,normalDay
2019-07-10,618.0,3640.0,0.0,100,298.61,261.0,0,0.0,0.0,,0.0,1,6.06,7.27,SPY200117C00307000,307.0,normalDay
2019-07-11,618.0,3688.0,0.0,100,299.31,261.0,0,0.0,0.0,,0.0,1,6.06,7.49,SPY200117C00307000,307.0,normalDay
2019-07-12,618.0,3760.0,0.0,100,300.65,261.0,0,0.0,0.0,,0.0,1,6.06,8.11,SPY200117C00307000,307.0,normalDay
2019-07-15,618.0,3767.0,0.0,100,300.75,261.0,0,0.0,0.0,,0.0,1,6.06,8.14,SPY200117C00307000,307.0,normalDay
2019-07-16,618.0,3710.0,0.0,100,299.78,261.0,0,0.0,0.0,,0.0,1,6.06,7.74,SPY200117C00307000,307.0,normalDay
2019-07-17,618.0,3587.0,0.0,100,297.74,261.0,0,0.0,0.0,,0.0,1,6.06,6.93,SPY200117C00307000,307.0,normalDay
2019-07-18,618.0,3650.0,0.0,100,298.83,261.0,0,0.0,0.0,,0.0,1,6.06,7.39,SPY200117C00307000,307.0,normalDay
2019-07-19,618.0,3556.0,0.0,100,297.17,261.0,0,0.0,0.0,,0.0,1,6.06,6.67,SPY200117C00307000,307.0,normalDay
2019-07-22,618.0,3623.0,0.0,100,297.9,261.0,0,0.0,0.0,,0.0,1,6.06,6.73,SPY200117C00307000,307.0,normalDay
2019-07-23,618.0,3763.0,0.0,100,300.03,261.0,0,0.0,0.0,,0.0,1,6.06,7.46,SPY200117C00307000,307.0,normalDay
2019-07-24,618.0,3842.0,0.0,100,301.44,261.0,0,0.0,0.0,,0.0,1,6.06,8.08,SPY200117C00307000,307.0,normalDay
2019-07-25,618.0,3758.0,0.0,100,300.0,261.0,0,0.0,0.0,,0.0,1,6.06,7.48,SPY200117C00307000,307.0,normalDay
2019-07-26,618.0,3884.0,0.0,100,302.01,261.0,0,0.0,0.0,,0.0,1,6.06,8.23,SPY200117C00307000,307.0,normalDay
2019-07-29,618.0,3849.0,0.0,100,301.46,261.0,0,0.0,0.0,,0.0,1,6.06,8.03,SPY200117C00307000,307.0,normalDay
2019-07-30,618.0,3799.0,0.0,100,300.72,261.0,0,0.0,0.0,,0.0,1,6.06,7.79,SPY200117C00307000,307.0,normalDay
2019-07-31,618.0,3585.0,0.0,100,297.43,261.0,0,0.0,0.0,,0.0,1,6.06,6.64,SPY200117C00307000,307.0,normalDay
2019-08-01,618.0,3398.0,0.0,100,294.84,261.0,0,0.0,0.0,,0.0,1,6.06,5.92,SPY200117C00307000,307.0,normalDay
2019-08-02,618.0,3274.0,0.0,100,292.62,261.0,0,0.0,0.0,,0.0,1,6.06,4.94,SPY200117C00307000,307.0,normalDay
2019-08-05,618.0,2595.0,0.0,100,283.82,261.0,0,0.0,0.0,,0.0,1,6.06,2.93,SPY200117C00307000,307.0,normalDay
2019-08-06,618.0,2936.0,0.0,100,287.8,261.0,0,0.0,0.0,,0.0,1,6.06,3.5,SPY200117C00307000,307.0,normalDay
2019-08-07,618.0,2954.0,0.0,100,287.97,261.0,0,0.0,0.0,,0.0,1,6.06,3.49,SPY200117C00307000,307.0,normalDay
2019-08-08,618.0,3383.0,0.0,100,293.62,261.0,0,0.0,0.0,,0.0,1,6.06,4.85,SPY200117C00307000,307.0,normalDay
2019-08-09,618.0,3226.0,0.0,100,291.62,261.0,0,0.0,0.0,,0.0,1,6.06,4.42,SPY200117C00307000,307.0,normalDay
2019-08-12,618.0,2951.0,0.0,100,288.07,261.0,0,0.0,0.0,,0.0,1,6.06,3.62,SPY200117C00307000,307.0,normalDay
2019-08-13,618.0,3297.0,0.0,100,292.55,261.0,0,0.0,0.0,,0.0,1,6.06,4.64,SPY200117C00307000,307.0,normalDay
2019-08-14,618.0,2599.0,0.0,100,283.9,261.0,0,0.0,0.0,,0.0,1,6.06,2.97,SPY200117C00307000,307.0,normalDay
2019-08-15,618.0,2669.0,0.0,100,284.65,261.0,0,0.0,0.0,,0.0,1,6.06,3.02,SPY200117C00307000,307.0,normalDay
2019-08-16,618.0,3015.0,0.0,100,288.85,261.0,0,0.0,0.0,,0.0,1,6.06,3.76,SPY200117C00307000,307.0,normalDay
2019-08-19,618.0,3306.0,0.0,100,292.33,261.0,0,0.0,0.0,,0.0,1,6.06,4.33,SPY200117C00307000,307.0,normalDay
2019-08-20,618.0,3148.0,0.0,100,290.09,261.0,0,0.0,0.0,,0.0,1,6.06,3.67,SPY200117C00307000,307.0,normalDay
2019-08-21,618.0,3325.0,0.0,100,292.45,261.0,0,0.0,0.0,,0.0,1,6.06,4.26,SPY200117C00307000,307.0,normalDay
2019-08-22,618.0,3327.0,0.0,100,292.36,261.0,0,0.0,0.0,,0.0,1,6.06,4.15,SPY200117C00307000,307.0,normalDay
2019-08-23,618.0,2706.0,0.0,100,284.85,261.0,0,0.0,0.0,,0.0,1,6.06,2.85,SPY200117C00307000,307.0,normalDay
2019-08-26,618.0,2971.0,0.0,100,288.0,261.0,0,0.0,0.0,,0.0,1,6.06,3.35,SPY200117C00307000,307.0,normalDay
2019-08-27,618.0,2883.0,0.0,100,286.87,261.0,0,0.0,0.0,,0.0,1,6.06,3.1,SPY200117C00307000,307.0,normalDay
2019-08-28,618.0,3035.0,0.0,100,288.89,261.0,0,0.0,0.0,,0.0,1,6.06,3.6,SPY200117C00307000,307.0,normalDay
2019-08-29,618.0,3325.0,0.0,100,292.58,261.0,0,0.0,0.0,,0.0,1,6.06,4.39,SPY200117C00307000,307.0,normalDay
2019-08-30,618.0,3309.0,0.0,100,292.45,261.0,0,0.0,0.0,,0.0,1,6.06,4.42,SPY200117C00307000,307.0,normalDay
2019-09-03,618.0,3194.0,0.0,100,290.74,261.0,0,0.0,0.0,,0.0,1,6.06,3.86,SPY200117C00307000,307.0,normalDay
2019-09-04,618.0,3456.0,0.0,100,294.04,261.0,0,0.0,0.0,,0.0,1,6.06,4.54,SPY200117C00307000,307.0,normalDay
2019-09-05,618.0,3725.0,0.0,100,297.82,261.0,0,0.0,0.0,,0.0,1,6.06,5.63,SPY200117C00307000,307.0,normalDay
2019-09-06,618.0,3751.0,0.0,100,298.05,261.0,0,0.0,0.0,,0.0,1,6.06,5.6,SPY200117C00307000,307.0,normalDay
2019-09-09,618.0,3782.0,0.0,100,298.2,261.0,0,0.0,0.0,,0.0,1,6.06,5.44,SPY200117C00307000,307.0,normalDay
2019-09-10,618.0,3782.0,0.0,100,298.13,261.0,0,0.0,0.0,,0.0,1,6.06,5.37,SPY200117C00307000,307.0,normalDay
2019-09-11,618.0,3897.0,0.0,100,300.25,261.0,0,0.0,0.0,,0.0,1,6.06,6.34,SPY200117C00307000,307.0,normalDay
2019-09-12,618.0,3968.0,0.0,100,301.29,261.0,0,0.0,0.0,,0.0,1,6.06,6.67,SPY200117C00307000,307.0,normalDay
2019-09-13,618.0,3971.0,0.0,100,301.09,261.0,0,0.0,0.0,,0.0,1,6.06,6.44,SPY200117C00307000,307.0,normalDay
2019-09-16,618.0,3902.0,0.0,100,300.16,261.0,0,0.0,0.0,,0.0,1,6.06,6.2,SPY200117C00307000,307.0,normalDay
2019-09-17,618.0,3941.0,0.0,100,300.92,261.0,0,0.0,0.0,,0.0,1,6.06,6.57,SPY200117C00307000,307.0,normalDay
2019-09-18,618.0,3962.0,0.0,100,301.1,261.0,0,0.0,0.0,,0.0,1,6.06,6.54,SPY200117C00307000,307.0,normalDay
2019-09-19,618.0,3980.0,0.0,100,301.08,261.0,0,0.0,0.0,,0.0,1,6.06,6.34,SPY200117C00307000,307.0,normalDay
2019-09-20,618.0,3745.0,0.0,100,298.28,261.0,0,0.0,0.0,,0.0,1,6.06,5.89,SPY200117C00307000,307.0,normalDay
2019-09-23,618.0,3756.0,0.0,100,298.21,261.0,0,0.0,0.0,,0.0,1,6.06,5.71,SPY200117C00307000,307.0,normalDay
2019-09-24,618.0,3586.0,0.0,100,295.87,261.0,0,0.0,0.0,,0.0,1,6.06,5.07,SPY200117C00307000,307.0,normalDay
2019-09-25,618.0,3730.0,0.0,100,297.62,261.0,0,0.0,0.0,,0.0,1,6.06,5.38,SPY200117C00307000,307.0,normalDay
2019-09-26,618.0,3690.0,0.0,100,297.0,261.0,0,0.0,0.0,,0.0,1,6.06,5.16,SPY200117C00307000,307.0,normalDay
2019-09-27,618.0,3581.0,0.0,100,295.4,261.0,0,0.0,0.0,,0.0,1,6.06,4.65,SPY200117C00307000,307.0,normalDay
2019-09-30,618.0,3697.0,0.0,100,296.77,261.0,0,0.0,0.0,,0.0,1,6.06,4.86,SPY200117C00307000,307.0,normalDay
2019-10-01,618.0,3461.0,0.0,100,293.24,261.0,0,0.0,0.0,,0.0,1,6.06,3.69,SPY200117C00307000,307.0,normalDay
2019-10-02,618.0,3073.0,0.0,100,288.06,261.0,0,0.0,0.0,,0.0,1,6.06,2.39,SPY200117C00307000,307.0,normalDay
2019-10-03,618.0,3267.0,0.0,100,290.42,261.0,0,0.0,0.0,,0.0,1,6.06,2.81,SPY200117C00307000,307.0,normalDay
2019-10-04,618.0,3583.0,0.0,100,294.35,261.0,0,0.0,0.0,,0.0,1,6.06,3.58,SPY200117C00307000,307.0,normalDay
2019-10-07,618.0,3508.0,0.0,100,293.08,261.0,0,0.0,0.0,,0.0,1,6.06,3.06,SPY200117C00307000,307.0,normalDay
2019-10-08,618.0,3137.0,0.0,100,288.53,261.0,0,0.0,0.0,,0.0,1,6.06,2.22,SPY200117C00307000,307.0,normalDay
2019-10-09,618.0,3370.0,0.0,100,291.27,261.0,0,0.0,0.0,,0.0,1,6.06,2.63,SPY200117C00307000,307.0,normalDay
2019-10-10,618.0,3518.0,0.0,100,293.24,261.0,0,0.0,0.0,,0.0,1,6.06,3.12,SPY200117C00307000,307.0,normalDay
2019-10-11,618.0,3757.0,0.0,100,296.28,261.0,0,0.0,0.0,,0.0,1,6.06,3.77,SPY200117C00307000,307.0,normalDay
2019-10-14,618.0,3781.0,0.0,100,295.95,261.0,0,0.0,0.0,,0.0,1,6.06,3.2,SPY200117C00307000,307.0,normalDay
2019-10-15,618.0,3984.0,0.0,100,298.88,261.0,0,0.0,0.0,,0.0,1,6.06,4.1,SPY200117C00307000,307.0,normalDay
2019-10-16,618.0,3961.0,0.0,100,298.4,261.0,0,0.0,0.0,,0.0,1,6.06,3.85,SPY200117C00307000,307.0,normalDay
2019-10-17,618.0,4027.0,0.0,100,299.28,261.0,0,0.0,0.0,,0.0,1,6.06,4.07,SPY200117C00307000,307.0,normalDay
2019-10-18,618.0,3933.0,0.0,100,297.97,261.0,0,0.0,0.0,,0.0,1,6.06,3.7,SPY200117C00307000,307.0,normalDay
2019-10-21,618.0,4085.0,0.0,100,299.99,261.0,0,0.0,0.0,,0.0,1,6.06,4.2,SPY200117C00307000,307.0,normalDay
2019-10-22,618.0,4029.0,0.0,100,299.01,261.0,0,0.0,0.0,,0.0,1,6.06,3.78,SPY200117C00307000,307.0,normalDay
2019-10-23,618.0,4086.0,0.0,100,299.88,261.0,0,0.0,0.0,,0.0,1,6.06,4.08,SPY200117C00307000,307.0,normalDay
2019-10-24,618.0,4140.0,0.0,100,300.37,261.0,0,0.0,0.0,,0.0,1,6.06,4.03,SPY200117C00307000,307.0,normalDay
2019-10-25,618.0,4229.0,0.0,100,301.6,261.0,0,0.0,0.0,,0.0,1,6.06,4.37,SPY200117C00307000,307.0,normalDay
2019-10-28,618.0,4324.0,0.0,100,303.3,261.0,0,0.0,0.0,,0.0,1,6.06,5.12,SPY200117C00307000,307.0,normalDay
2019-10-29,618.0,4323.0,0.0,100,303.21,261.0,0,0.0,0.0,,0.0,1,6.06,5.04,SPY200117C00307000,307.0,normalDay
2019-10-30,618.0,4375.0,0.0,100,304.14,261.0,0,0.0,0.0,,0.0,1,6.06,5.45,SPY200117C00307000,307.0,normalDay
2019-10-31,618.0,4350.0,0.0,100,303.33,261.0,0,0.0,0.0,,0.0,1,6.06,4.89,SPY200117C00307000,307.0,normalDay
2019-11-01,618.0,4508.0,0.0,100,306.14,261.0,0,0.0,0.0,,0.0,1,6.06,6.12,SPY200117C00307000,307.0,normalDay
2019-11-04,618.0,4563.0,0.0,100,307.37,261.0,0,0.0,0.0,,0.0,1,6.06,6.8,SPY200117C00307000,307.0,normalDay
2019-11-05,618.0,4542.0,0.0,100,307.03,261.0,0,0.0,0.0,,0.0,1,6.06,6.67,SPY200117C00307000,307.0,normalDay
2019-11-06,618.0,4542.0,0.0,100,307.1,261.0,0,0.0,0.0,,0.0,1,6.06,6.74,SPY200117C00307000,307.0,normalDay
2019-11-07,618.0,4591.0,0.0,100,308.18,261.0,0,0.0,0.0,,0.0,1,6.06,7.33,SPY200117C00307000,307.0,normalDay
2019-11-08,618.0,4633.0,0.0,100,308.94,261.0,0,0.0,0.0,,0.0,1,6.06,7.67,SPY200117C00307000,307.0,normalDay
2019-11-11,618.0,4614.0,0.0,100,308.35,261.0,0,0.0,0.0,,0.0,1,6.06,7.27,SPY200117C00307000,307.0,normalDay
2019-11-12,618.0,4667.0,0.0,100,309.0,261.0,0,0.0,0.0,,0.0,1,6.06,7.39,SPY200117C00307000,307.0,normalDay
2019-11-13,618.0,4657.0,0.0,100,309.1,261.0,0,0.0,0.0,,0.0,1,6.06,7.59,SPY200117C00307000,307.0,normalDay
2019-11-14,618.0,4682.0,0.0,100,309.55,261.0,0,0.0,0.0,,0.0,1,6.06,7.79,SPY200117C00307000,307.0,normalDay
2019-11-15,618.0,4793.0,0.0,100,311.79,261.0,0,0.0,0.0,,0.0,1,6.06,8.92,SPY200117C00307000,307.0,normalDay
2019-11-18,618.0,4804.0,0.0,100,312.02,261.0,0,0.0,0.0,,0.0,1,6.06,9.04,SPY200117C00307000,307.0,normalDay
2019-11-19,618.0,4810.0,0.0,100,311.93,261.0,0,0.0,0.0,,0.0,1,6.06,8.89,SPY200117C00307000,307.0,normalDay
2019-11-20,618.0,4771.0,0.0,100,310.77,261.0,0,0.0,0.0,,0.0,1,6.06,8.12,SPY200117C00307000,307.0,normalDay
2019-11-21,618.0,4742.0,0.0,100,310.27,261.0,0,0.0,0.0,,0.0,1,6.06,7.91,SPY200117C00307000,307.0,normalDay
2019-11-22,618.0,4783.0,0.0,100,310.96,261.0,0,0.0,0.0,,0.0,1,6.06,8.19,SPY200117C00307000,307.0,normalDay
2019-11-25,618.0,4908.0,0.0,100,313.37,261.0,0,0.0,0.0,,0.0,1,6.06,9.35,SPY200117C00307000,307.0,normalDay
2019-11-26,618.0,4914.0,0.0,100,314.08,261.0,0,0.0,0.0,,0.0,1,6.06,10.0,SPY200117C00307000,307.0,normalDay
2019-11-27,618.0,4953.0,0.0,100,315.48,261.0,0,0.0,0.0,,0.0,1,6.06,11.01,SPY200117C00307000,307.0,normalDay
2019-11-29,618.0,4903.0,0.0,100,314.31,261.0,0,0.0,0.0,,0.0,1,6.06,10.34,SPY200117C00307000,307.0,normalDay
2019-12-02,618.0,4814.0,0.0,100,311.64,261.0,0,0.0,0.0,,0.0,1,6.06,8.56,SPY200117C00307000,307.0,normalDay
2019-12-03,618.0,4719.0,0.0,100,309.55,261.0,0,0.0,0.0,,0.0,1,6.06,7.42,SPY200117C00307000,307.0,normalDay
2019-12-04,618.0,4830.0,0.0,100,311.46,261.0,0,0.0,0.0,,0.0,1,6.06,8.22,SPY200117C00307000,307.0,normalDay
2019-12-05,618.0,4846.0,0.0,100,312.02,261.0,0,0.0,0.0,,0.0,1,6.06,8.62,SPY200117C00307000,307.0,normalDay
2019-12-06,618.0,4964.0,0.0,100,314.87,261.0,0,0.0,0.0,,0.0,1,6.06,10.29,SPY200117C00307000,307.0,normalDay
2019-12-09,618.0,4926.0,0.0,100,313.88,261.0,0,0.0,0.0,,0.0,1,6.06,9.68,SPY200117C00307000,307.0,normalDay
2019-12-10,618.0,4892.0,0.0,100,313.53,261.0,0,0.0,0.0,,0.0,1,6.06,9.67,SPY200117C00307000,307.0,normalDay
2019-12-11,618.0,4944.0,0.0,100,314.42,261.0,0,0.0,0.0,,0.0,1,6.06,10.04,SPY200117C00307000,307.0,normalDay
2019-12-12,618.0,5054.0,0.0,100,317.13,261.0,0,0.0,0.0,,0.0,1,6.06,11.65,SPY200117C00307000,307.0,normalDay
2019-12-13,618.0,5094.0,0.0,100,317.32,261.0,0,0.0,0.0,,0.0,1,6.06,11.44,SPY200117C00307000,307.0,normalDay
2019-12-16,618.0,5116.0,0.0,100,319.5,261.0,0,0.0,0.0,,0.0,1,6.06,13.4,SPY200117C00307000,307.0,normalDay
2019-12-17,618.0,5149.0,0.0,100,319.57,261.0,0,0.0,0.0,,0.0,1,6.06,13.14,SPY200117C00307000,307.0,normalDay
2019-12-18,618.0,5144.0,0.0,100,319.59,261.0,0,0.0,0.0,,0.0,1,6.06,13.21,SPY200117C00307000,307.0,normalDay
2019-12-19,618.0,5165.0,0.0,100,320.9,261.0,0,0.0,0.0,,0.0,1,6.06,14.31,SPY200117C00307000,307.0,normalDay
2019-12-20,618.0,5007.0,0.0,100,320.73,261.0,0,0.0,0.0,,0.0,1,6.06,15.72,SPY200117C00307000,307.0,normalDay
2019-12-23,618.0,5058.0,0.0,100,321.22,261.0,0,0.0,0.0,,0.0,1,6.06,15.7,SPY200117C00307000,307.0,normalDay
2019-12-24,618.0,5056.0,0.0,100,321.23,261.0,0,0.0,0.0,,0.0,1,6.06,15.73,SPY200117C00307000,307.0,normalDay
2019-12-26,618.0,5084.0,0.0,100,322.94,261.0,0,0.0,0.0,,0.0,1,6.06,17.16,SPY200117C00307000,307.0,normalDay
2019-12-27,618.0,5108.0,0.0,100,322.86,261.0,0,0.0,0.0,,0.0,1,6.06,16.84,SPY200117C00307000,307.0,normalDay
2019-12-30,618.0,5068.0,0.0,100,321.08,261.0,0,0.0,0.0,,0.0,1,6.06,15.46,SPY200117C00307000,307.0,normalDay
2019-12-31,618.0,5072.0,0.0,100,321.86,261.0,0,0.0,0.0,,0.0,1,6.06,16.2,SPY200117C00307000,307.0,normalDay
2020-01-02,618.0,5146.0,0.0,100,324.87,261.0,0,0.0,0.0,,0.0,1,6.06,18.47,SPY200117C00307000,307.0,normalDay
2020-01-03,618.0,5108.0,0.0,100,322.41,261.0,0,0.0,0.0,,0.0,1,6.06,16.39,SPY200117C00307000,307.0,normalDay
2020-01-06,618.0,5143.0,0.0,100,323.64,261.0,0,0.0,0.0,,0.0,1,6.06,17.27,SPY200117C00307000,307.0,normalDay
2020-01-07,618.0,5174.0,0.0,100,322.73,261.0,0,0.0,0.0,,0.0,1,6.06,16.05,SPY200117C00307000,307.0,normalDay
2020-01-08,618.0,5138.0,0.0,100,324.45,261.0,0,0.0,0.0,,0.0,1,6.06,18.13,SPY200117C00307000,307.0,normalDay
2020-01-09,618.0,5177.0,0.0,100,326.65,261.0,0,0.0,0.0,,0.0,1,6.06,19.94,SPY200117C00307000,307.0,normalDay
2020-01-10,618.0,5195.0,0.0,100,325.71,261.0,0,0.0,0.0,,0.0,1,6.06,18.82,SPY200117C00307000,307.0,normalDay
2020-01-13,618.0,5181.0,0.0,100,327.95,261.0,0,0.0,0.0,,0.0,1,6.06,21.2,SPY200117C00307000,307.0,normalDay
2020-01-14,618.0,5165.0,0.0,100,327.45,261.0,0,0.0,0.0,,0.0,1,6.06,20.86,SPY200117C00307000,307.0,normalDay
2020-01-15,618.0,5183.0,0.0,100,328.19,261.0,0,0.0,0.0,,0.0,1,6.06,21.42,SPY200117C00307000,307.0,normalDay
2020-01-16,618.0,5210.0,0.0,100,330.92,261.0,0,0.0,0.0,,0.0,1,6.06,23.88,SPY200117C00307000,307.0,normalDay
2020-01-17,5824.0,5210.0,5206.0,0,331.95,0.0,0,0.0,0.0,,0.0,1,6.06,0.0,SPY200117C00307000,307.0,expirationDay
2020-01-21,5824.0,-3.0,0.0,0,331.3,0.0,1,0.23,0.26,SPY200131P00318000,318.0,0,0.0,0.0,,0.0,normalDay
2020-01-22,5824.0,5.0,0.0,0,331.34,0.0,1,0.23,0.18,SPY200131P00318000,318.0,0,0.0,0.0,,0.0,normalDay
2020-01-23,5824.0,8.0,0.0,0,331.72,0.0,1,0.23,0.15,SPY200131P00318000,318.0,0,0.0,0.0,,0.0,normalDay
2020-01-24,5824.0,-15.0,0.0,0,328.77,0.0,1,0.23,0.38,SPY200131P00318000,318.0,0,0.0,0.0,,0.0,normalDay
2020-01-27,5824.0,-103.0,0.0,0,323.5,0.0,1,0.23,1.26,SPY200131P00318000,318.0,0,0.0,0.0,,0.0,normalDay
2020-01-28,5824.0,-9.0,0.0,0,326.89,0.0,1,0.23,0.32,SPY200131P00318000,318.0,0,0.0,0.0,,0.0,normalDay
2020-01-29,5824.0,8.0,0.0,0,326.62,0.0,1,0.23,0.15,SPY200131P00318000,318.0,0,0.0,0.0,,0.0,normalDay
2020-01-30,5824.0,19.0,0.0,0,327.68,0.0,1,0.23,0.04,SPY200131P00318000,318.0,0,0.0,0.0,,0.0,normalDay
2020-01-31,5847.0,0.0,23.0,0,321.73,0.0,1,0.23,0.0,SPY200131P00318000,318.0,0,0.0,0.0,,0.0,expirationDay
2020-02-03,5847.0,-4.0,0.0,0,324.12,0.0,1,2.87,2.91,SPY200214P00321000,321.0,0,0.0,0.0,,0.0,normalDay
2020-02-04,5847.0,182.0,0.0,0,329.06,0.0,1,2.87,1.05,SPY200214P00321000,321.0,0,0.0,0.0,,0.0,normalDay
2020-02-05,5847.0,248.0,0.0,0,332.86,0.0,1,2.87,0.39,SPY200214P00321000,321.0,0,0.0,0.0,,0.0,normalDay
2020-02-06,5847.0,258.0,0.0,0,333.98,0.0,1,2.87,0.29,SPY200214P00321000,321.0,0,0.0,0.0,,0.0,normalDay
2020-02-07,5847.0,255.0,0.0,0,332.2,0.0,1,2.87,0.32,SPY200214P00321000,321.0,0,0.0,0.0,,0.0,normalDay
2020-02-10,5847.0,279.0,0.0,0,334.68,0.0,1,2.87,0.08,SPY200214P00321000,321.0,0,0.0,0.0,,0.0,normalDay
2020-02-11,5847.0,282.0,0.0,0,335.26,0.0,1,2.87,0.05,SPY200214P00321000,321.0,0,0.0,0.0,,0.0,normalDay
2020-02-12,5847.0,285.0,0.0,0,337.42,0.0,1,2.87,0.02,SPY200214P00321000,321.0,0,0.0,0.0,,0.0,normalDay
2020-02-13,5847.0,286.0,0.0,0,337.06,0.0,1,2.87,0.01,SPY200214P00321000,321.0,0,0.0,0.0,,0.0,normalDay
2020-02-14,6134.0,0.0,287.0,0,337.6,0.0,1,2.87,0.0,SPY200214P00321000,321.0,0,0.0,0.0,,0.0,expirationDay
2020-02-18,6134.0,-3.0,0.0,0,336.73,0.0,1,0.24,0.27,SPY200228P00321000,321.0,0,0.0,0.0,,0.0,normalDay
2020-02-19,6134.0,9.0,0.0,0,338.34,0.0,1,0.24,0.15,SPY200228P00321000,321.0,0,0.0,0.0,,0.0,normalDay
2020-02-20,6134.0,7.0,0.0,0,336.95,0.0,1,0.24,0.17,SPY200228P00321000,321.0,0,0.0,0.0,,0.0,normalDay
2020-02-21,6134.0,-2.0,0.0,0,333.48,0.0,1,0.24,0.26,SPY200228P00321000,321.0,0,0.0,0.0,,0.0,normalDay
2020-02-24,6134.0,-357.0,0.0,0,322.42,0.0,1,0.24,3.81,SPY200228P00321000,321.0,0,0.0,0.0,,0.0,normalDay
2020-02-25,6134.0,-860.0,0.0,0,312.65,0.0,1,0.24,8.84,SPY200228P00321000,321.0,0,0.0,0.0,,0.0,normalDay
2020-02-26,6134.0,-1011.0,0.0,0,311.5,0.0,1,0.24,10.35,SPY200228P00321000,321.0,0,0.0,0.0,,0.0,normalDay
2020-02-27,6134.0,-2357.0,0.0,0,297.51,0.0,1,0.24,23.81,SPY200228P00321000,321.0,0,0.0,0.0,,0.0,normalDay
2020-02-28,6158.0,-2474.0,24.0,100,296.26,321.0,1,0.24,0.0,SPY200228P00321000,321.0,0,0.0,0.0,,0.0,expirationDay
2020-03-02,6158.0,-1191.0,0.0,100,309.09,321.0,0,0.0,0.0,,0.0,0,0.0,0.0,,0.0,bidTooLow
2020-03-03,6158.0,-2126.0,0.0,100,300.24,321.0,0,0.0,0.0,,0.0,1,0.01,0.51,SPY201016C00390000,390.0,normalDay
2020-03-04,6158.0,-841.0,0.0,100,312.86,321.0,0,0.0,0.0,,0.0,1,0.01,0.28,SPY201016C00390000,390.0,normalDay
2020-03-05,6158.0,-1888.0,0.0,100,302.46,321.0,0,0.0,0.0,,0.0,1,0.01,0.35,SPY201016C00390000,390.0,normalDay
2020-03-06,6158.0,-2395.0,0.0,100,297.46,321.0,0,0.0,0.0,,0.0,1,0.01,0.42,SPY201016C00390000,390.0,normalDay
2020-03-09,6158.0,-4741.0,0.0,100,274.23,321.0,0,0.0,0.0,,0.0,1,0.01,0.65,SPY201016C00390000,390.0,normalDay
2020-03-10,6158.0,-3302.0,0.0,100,288.42,321.0,0,0.0,0.0,,0.0,1,0.01,0.45,SPY201016C00390000,390.0,normalDay
2020-03-11,6158.0,-4695.0,0.0,100,274.36,321.0,0,0.0,0.0,,0.0,1,0.01,0.32,SPY201016C00390000,390.0,normalDay
2020-03-12,6158.0,-7310.0,0.0,100,248.11,321.0,0,0.0,0.0,,0.0,1,0.01,0.22,SPY201016C00390000,390.0,normalDay
2020-03-13,6158.0,-5206.0,0.0,100,269.32,321.0,0,0.0,0.0,,0.0,1,0.01,0.39,SPY201016C00390000,390.0,normalDay
2020-03-16,6158.0,-8168.0,0.0,100,239.85,321.0,0,0.0,0.0,,0.0,1,0.01,0.54,SPY201016C00390000,390.0,normalDay
2020-03-17,6158.0,-6847.0,0.0,100,252.8,321.0,0,0.0,0.0,,0.0,1,0.01,0.28,SPY201016C00390000,390.0,normalDay
2020-03-18,6158.0,-8134.0,0.0,100,240.0,321.0,0,0.0,0.0,,0.0,1,0.01,0.35,SPY201016C00390000,390.0,normalDay
2020-03-19,6158.0,-8091.0,0.0,100,240.51,321.0,0,0.0,0.0,,0.0,1,0.01,0.43,SPY201016C00390000,390.0,normalDay
2020-03-20,6158.0,-9237.0,0.0,100,228.8,321.0,0,0.0,0.0,,0.0,1,0.01,0.18,SPY201016C00390000,390.0,normalDay
2020-03-23,6158.0,-9823.0,0.0,100,222.95,321.0,0,0.0,0.0,,0.0,1,0.01,0.19,SPY201016C00390000,390.0,normalDay
2020-03-24,6158.0,-7814.0,0.0,100,243.15,321.0,0,0.0,0.0,,0.0,1,0.01,0.3,SPY201016C00390000,390.0,normalDay
2020-03-25,6158.0,-7464.0,0.0,100,246.79,321.0,0,0.0,0.0,,0.0,1,0.01,0.44,SPY201016C00390000,390.0,normalDay
2020-03-26,6158.0,-6006.0,0.0,100,261.2,321.0,0,0.0,0.0,,0.0,1,0.01,0.27,SPY201016C00390000,390.0,normalDay
2020-03-27,6158.0,-6779.0,0.0,100,253.42,321.0,0,0.0,0.0,,0.0,1,0.01,0.22,SPY201016C00390000,390.0,normalDay
2020-03-30,6158.0,-5952.0,0.0,100,261.65,321.0,0,0.0,0.0,,0.0,1,0.01,0.18,SPY201016C00390000,390.0,normalDay
2020-03-31,6158.0,-6342.0,0.0,100,257.75,321.0,0,0.0,0.0,,0.0,1,0.01,0.18,SPY201016C00390000,390.0,normalDay
2020-04-01,6158.0,-7501.0,0.0,100,246.15,321.0,0,0.0,0.0,,0.0,1,0.01,0.17,SPY201016C00390000,390.0,normalDay
2020-04-02,6158.0,-6937.0,0.0,100,251.83,321.0,0,0.0,0.0,,0.0,1,0.01,0.21,SPY201016C00390000,390.0,normalDay
2020-04-03,6158.0,-7298.0,0.0,100,248.19,321.0,0,0.0,0.0,,0.0,1,0.01,0.18,SPY201016C00390000,390.0,normalDay
2020-04-06,6158.0,-5638.0,0.0,100,264.86,321.0,0,0.0,0.0,,0.0,1,0.01,0.25,SPY201016C00390000,390.0,normalDay
2020-04-07,6158.0,-5607.0,0.0,100,265.13,321.0,0,0.0,0.0,,0.0,1,0.01,0.21,SPY201016C00390000,390.0,normalDay
2020-04-08,6158.0,-4721.0,0.0,100,274.03,321.0,0,0.0,0.0,,0.0,1,0.01,0.25,SPY201016C00390000,390.0,normalDay
2020-04-09,6158.0,-4305.0,0.0,100,278.2,321.0,0,0.0,0.0,,0.0,1,0.01,0.26,SPY201016C00390000,390.0,normalDay
2020-04-13,6158.0,-4555.0,0.0,100,275.66,321.0,0,0.0,0.0,,0.0,1,0.01,0.22,SPY201016C00390000,390.0,normalDay
2020-04-14,6158.0,-3746.0,0.0,100,283.79,321.0,0,0.0,0.0,,0.0,1,0.01,0.26,SPY201016C00390000,390.0,normalDay
2020-04-15,6158.0,-4340.0,0.0,100,277.76,321.0,0,0.0,0.0,,0.0,1,0.01,0.17,SPY201016C00390000,390.0,normalDay
2020-04-16,6158.0,-4211.0,0.0,100,279.1,321.0,0,0.0,0.0,,0.0,1,0.01,0.22,SPY201016C00390000,390.0,normalDay
2020-04-17,6158.0,-3455.0,0.0,100,286.64,321.0,0,0.0,0.0,,0.0,1,0.01,0.2,SPY201016C00390000,390.0,normalDay
2020-04-20,6158.0,-3959.0,0.0,100,281.59,321.0,0,0.0,0.0,,0.0,1,0.01,0.19,SPY201016C00390000,390.0,normalDay
2020-04-21,6158.0,-4812.0,0.0,100,273.04,321.0,0,0.0,0.0,,0.0,1,0.01,0.17,SPY201016C00390000,390.0,normalDay
2020-04-22,6158.0,-4207.0,0.0,100,279.1,321.0,0,0.0,0.0,,0.0,1,0.01,0.18,SPY201016C00390000,390.0,normalDay
2020-04-23,6158.0,-4209.0,0.0,100,279.08,321.0,0,0.0,0.0,,0.0,1,0.01,0.18,SPY201016C00390000,390.0,normalDay
2020-04-24,6158.0,-3818.0,0.0,100,282.97,321.0,0,0.0,0.0,,0.0,1,0.01,0.16,SPY201016C00390000,390.0,normalDay
2020-04-27,6158.0,-3412.0,0.0,100,287.05,321.0,0,0.0,0.0,,0.0,1,0.01,0.18,SPY201016C00390000,390.0,normalDay
2020-04-28,6158.0,-3540.0,0.0,100,285.73,321.0,0,0.0,0.0,,0.0,1,0.01,0.14,SPY201016C00390000,390.0,normalDay
2020-04-29,6158.0,-2792.0,0.0,100,293.21,321.0,0,0.0,0.0,,0.0,1,0.01,0.14,SPY201016C00390000,390.0,normalDay
2020-04-30,6158.0,-3065.0,0.0,100,290.48,321.0,0,0.0,0.0,,0.0,1,0.01,0.14,SPY201016C00390000,390.0,normalDay
2020-05-01,6158.0,-3835.0,0.0,100,282.79,321.0,0,0.0,0.0,,0.0,1,0.01,0.15,SPY201016C00390000,390.0,normalDay
2020-05-04,6158.0,-3757.0,0.0,100,283.57,321.0,0,0.0,0.0,,0.0,1,0.01,0.15,SPY201016C00390000,390.0,normalDay
2020-05-05,6158.0,-3491.0,0.0,100,286.19,321.0,0,0.0,0.0,,0.0,1,0.01,0.11,SPY201016C00390000,390.0,normalDay
2020-05-06,6158.0,-3684.0,0.0,100,284.25,321.0,0,0.0,0.0,,0.0,1,0.01,0.1,SPY201016C00390000,390.0,normalDay
2020-05-07,6158.0,-3341.0,0.0,100,287.68,321.0,0,0.0,0.0,,0.0,1,0.01,0.1,SPY201016C00390000,390.0,normalDay
2020-05-08,6158.0,-2865.0,0.0,100,292.44,321.0,0,0.0,0.0,,0.0,1,0.01,0.1,SPY201016C00390000,390.0,normalDay
2020-05-11,6158.0,-2858.0,0.0,100,292.5,321.0,0,0.0,0.0,,0.0,1,0.01,0.09,SPY201016C00390000,390.0,normalDay
2020-05-12,6158.0,-3445.0,0.0,100,286.67,321.0,0,0.0,0.0,,0.0,1,0.01,0.13,SPY201016C00390000,390.0,normalDay
2020-05-13,6158.0,-3946.0,0.0,100,281.6,321.0,0,0.0,0.0,,0.0,1,0.01,0.07,SPY201016C00390000,390.0,normalDay
2020-05-14,6158.0,-3610.0,0.0,100,284.97,321.0,0,0.0,0.0,,0.0,1,0.01,0.08,SPY201016C00390000,390.0,normalDay
2020-05-15,6158.0,-3478.0,0.0,100,286.28,321.0,0,0.0,0.0,,0.0,1,0.01,0.07,SPY201016C00390000,390.0,normalDay
2020-05-18,6158.0,-2609.0,0.0,100,295.0,321.0,0,0.0,0.0,,0.0,1,0.01,0.1,SPY201016C00390000,390.0,normalDay
2020-05-19,6158.0,-2910.0,0.0,100,291.97,321.0,0,0.0,0.0,,0.0,1,0.01,0.08,SPY201016C00390000,390.0,normalDay
2020-05-20,6158.0,-2417.0,0.0,100,296.93,321.0,0,0.0,0.0,,0.0,1,0.01,0.11,SPY201016C00390000,390.0,normalDay
2020-05-21,6158.0,-2621.0,0.0,100,294.88,321.0,0,0.0,0.0,,0.0,1,0.01,0.1,SPY201016C00390000,390.0,normalDay
2020-05-22,6158.0,-2566.0,0.0,100,295.44,321.0,0,0.0,0.0,,0.0,1,0.01,0.11,SPY201016C00390000,390.0,normalDay
2020-05-26,6158.0,-2202.0,0.0,100,299.08,321.0,0,0.0,0.0,,0.0,1,0.01,0.11,SPY201016C00390000,390.0,normalDay
2020-05-27,6158.0,-1759.0,0.0,100,303.53,321.0,0,0.0,0.0,,0.0,1,0.01,0.13,SPY201016C00390000,390.0,normalDay
2020-05-28,6158.0,-1814.0,0.0,100,302.97,321.0,0,0.0,0.0,,0.0,1,0.01,0.12,SPY201016C00390000,390.0,normalDay
2020-05-29,6158.0,-1682.0,0.0,100,304.32,321.0,0,0.0,0.0,,0.0,1,0.01,0.15,SPY201016C00390000,390.0,normalDay
2020-06-01,6158.0,-1559.0,0.0,100,305.55,321.0,0,0.0,0.0,,0.0,1,0.01,0.15,SPY201016C00390000,390.0,normalDay
2020-06-02,6158.0,-1307.0,0.0,100,308.08,321.0,0,0.0,0.0,,0.0,1,0.01,0.16,SPY201016C00390000,390.0,normalDay
2020-06-03,6158.0,-901.0,0.0,100,312.18,321.0,0,0.0,0.0,,0.0,1,0.01,0.2,SPY201016C00390000,390.0,normalDay
2020-06-04,6158.0,-981.0,0.0,100,311.36,321.0,0,0.0,0.0,,0.0,1,0.01,0.18,SPY201016C00390000,390.0,normalDay
2020-06-05,6158.0,-195.0,0.0,100,319.34,321.0,0,0.0,0.0,,0.0,1,0.01,0.3,SPY201016C00390000,390.0,normalDay
2020-06-08,6158.0,179.0,0.0,100,323.2,321.0,0,0.0,0.0,,0.0,1,0.01,0.42,SPY201016C00390000,390.0,normalDay
2020-06-09,6158.0,-56.0,0.0,100,320.79,321.0,0,0.0,0.0,,0.0,1,0.01,0.36,SPY201016C00390000,390.0,normalDay
2020-06-10,6158.0,-234.0,0.0,100,319.0,321.0,0,0.0,0.0,,0.0,1,0.01,0.35,SPY201016C00390000,390.0,normalDay
2020-06-11,6158.0,-2070.0,0.0,100,300.61,321.0,0,0.0,0.0,,0.0,1,0.01,0.32,SPY201016C00390000,390.0,normalDay
2020-06-12,6158.0,-1704.0,0.0,100,304.21,321.0,0,0.0,0.0,,0.0,1,0.01,0.26,SPY201016C00390000,390.0,normalDay
2020-06-15,6158.0,-1426.0,0.0,100,307.05,321.0,0,0.0,0.0,,0.0,1,0.01,0.32,SPY201016C00390000,390.0,normalDay
2020-06-16,6158.0,-843.0,0.0,100,312.96,321.0,0,0.0,0.0,,0.0,1,0.01,0.4,SPY201016C00390000,390.0,normalDay
2020-06-17,6158.0,-970.0,0.0,100,311.66,321.0,0,0.0,0.0,,0.0,1,0.01,0.37,SPY201016C00390000,390.0,normalDay
2020-06-18,6158.0,-957.0,0.0,100,311.78,321.0,0,0.0,0.0,,0.0,1,0.01,0.36,SPY201016C00390000,390.0,normalDay
2020-06-19,6158.0,-1268.0,0.0,100,308.64,321.0,0,0.0,0.0,,0.0,1,0.01,0.33,SPY201016C00390000,390.0,normalDay
2020-06-22,6158.0,-1070.0,0.0,100,310.62,321.0,0,0.0,0.0,,0.0,1,0.01,0.33,SPY201016C00390000,390.0,normalDay
2020-06-23,6158.0,-927.0,0.0,100,312.05,321.0,0,0.0,0.0,,0.0,1,0.01,0.33,SPY201016C00390000,390.0,normalDay
2020-06-24,6158.0,-1717.0,0.0,100,304.09,321.0,0,0.0,0.0,,0.0,1,0.01,0.27,SPY201016C00390000,390.0,normalDay
2020-06-25,6158.0,-1391.0,0.0,100,307.35,321.0,0,0.0,0.0,,0.0,1,0.01,0.27,SPY201016C00390000,390.0,normalDay
2020-06-26,6158.0,-2117.0,0.0,100,300.05,321.0,0,0.0,0.0,,0.0,1,0.01,0.23,SPY201016C00390000,390.0,normalDay
2020-06-29,6158.0,-1675.0,0.0,100,304.46,321.0,0,0.0,0.0,,0.0,1,0.01,0.22,SPY201016C00390000,390.0,normalDay
2020-06-30,6158.0,-1286.0,0.0,100,308.36,321.0,0,0.0,0.0,,0.0,1,0.01,0.23,SPY201016C00390000,390.0,normalDay
2020-07-01,6158.0,-1071.0,0.0,100,310.52,321.0,0,0.0,0.0,,0.0,1,0.01,0.24,SPY201016C00390000,390.0,normalDay
2020-07-02,6158.0,-900.0,0.0,100,312.23,321.0,0,0.0,0.0,,0.0,1,0.01,0.24,SPY201016C00390000,390.0,normalDay
2020-07-06,6158.0,-423.0,0.0,100,317.05,321.0,0,0.0,0.0,,0.0,1,0.01,0.29,SPY201016C00390000,390.0,normalDay
2020-07-07,6158.0,-744.0,0.0,100,313.78,321.0,0,0.0,0.0,,0.0,1,0.01,0.23,SPY201016C00390000,390.0,normalDay
2020-07-08,6158.0,-505.0,0.0,100,316.18,321.0,0,0.0,0.0,,0.0,1,0.01,0.24,SPY201016C00390000,390.0,normalDay
2020-07-09,6158.0,-683.0,0.0,100,314.38,321.0,0,0.0,0.0,,0.0,1,0.01,0.22,SPY201016C00390000,390.0,normalDay
2020-07-10,6158.0,-365.0,0.0,100,317.59,321.0,0,0.0,0.0,,0.0,1,0.01,0.25,SPY201016C00390000,390.0,normalDay
2020-07-13,6158.0,-640.0,0.0,100,314.84,321.0,0,0.0,0.0,,0.0,1,0.01,0.25,SPY201016C00390000,390.0,normalDay
2020-07-14,6158.0,-236.0,0.0,100,318.92,321.0,0,0.0,0.0,,0.0,1,0.01,0.29,SPY201016C00390000,390.0,normalDay
2020-07-15,6158.0,52.0,0.0,100,321.85,321.0,0,0.0,0.0,,0.0,1,0.01,0.34,SPY201016C00390000,390.0,normalDay
2020-07-16,6158.0,-49.0,0.0,100,320.79,321.0,0,0.0,0.0,,0.0,1,0.01,0.29,SPY201016C00390000,390.0,normalDay
2020-07-17,6158.0,44.0,0.0,100,321.72,321.0,0,0.0,0.0,,0.0,1,0.01,0.29,SPY201016C00390000,390.0,normalDay
2020-07-20,6158.0,303.0,0.0,100,324.32,321.0,0,0.0,0.0,,0.0,1,0.01,0.3,SPY201016C00390000,390.0,normalDay
2020-07-21,6158.0,376.0,0.0,100,325.01,321.0,0,0.0,0.0,,0.0,1,0.01,0.26,SPY201016C00390000,390.0,normalDay
2020-07-22,6158.0,562.0,0.0,100,326.86,321.0,0,0.0,0.0,,0.0,1,0.01,0.25,SPY201016C00390000,390.0,normalDay
2020-07-23,6158.0,181.0,0.0,100,322.96,321.0,0,0.0,0.0,,0.0,1,0.01,0.16,SPY201016C00390000,390.0,normalDay
2020-07-24,6158.0,-27.0,0.0,100,320.88,321.0,0,0.0,0.0,,0.0,1,0.01,0.16,SPY201016C00390000,390.0,normalDay
2020-07-27,6158.0,207.0,0.0,100,323.22,321.0,0,0.0,0.0,,0.0,1,0.01,0.16,SPY201016C00390000,390.0,normalDay
2020-07-28,6158.0,5.0,0.0,100,321.17,321.0,0,0.0,0.0,,0.0,1,0.01,0.13,SPY201016C00390000,390.0,normalDay
2020-07-29,6158.0,397.0,0.0,100,325.12,321.0,0,0.0,0.0,,0.0,1,0.01,0.16,SPY201016C00390000,390.0,normalDay
2020-07-30,6158.0,282.0,0.0,100,323.96,321.0,0,0.0,0.0,,0.0,1,0.01,0.15,SPY201016C00390000,390.0,normalDay
2020-07-31,6158.0,537.0,0.0,100,326.52,321.0,0,0.0,0.0,,0.0,1,0.01,0.16,SPY201016C00390000,390.0,normalDay
2020-08-03,6158.0,763.0,0.0,100,328.79,321.0,0,0.0,0.0,,0.0,1,0.01,0.17,SPY201016C00390000,390.0,normalDay
2020-08-04,6158.0,891.0,0.0,100,330.06,321.0,0,0.0,0.0,,0.0,1,0.01,0.16,SPY201016C00390000,390.0,normalDay
2020-08-05,6158.0,1094.0,0.0,100,332.11,321.0,0,0.0,0.0,,0.0,1,0.01,0.18,SPY201016C00390000,390.0,normalDay
2020-08-06,6158.0,1313.0,0.0,100,334.33,321.0,0,0.0,0.0,,0.0,1,0.01,0.21,SPY201016C00390000,390.0,normalDay
2020-08-07,6158.0,1340.0,0.0,100,334.57,321.0,0,0.0,0.0,,0.0,1,0.01,0.18,SPY201016C00390000,390.0,normalDay
2020-08-10,6158.0,1441.0,0.0,100,335.57,321.0,0,0.0,0.0,,0.0,1,0.01,0.17,SPY201016C00390000,390.0,normalDay
2020-08-11,6158.0,1169.0,0.0,100,332.8,321.0,0,0.0,0.0,,0.0,1,0.01,0.12,SPY201016C00390000,390.0,normalDay
2020-08-12,6158.0,1628.0,0.0,100,337.44,321.0,0,0.0,0.0,,0.0,1,0.01,0.17,SPY201016C00390000,390.0,normalDay
2020-08-13,6158.0,1569.0,0.0,100,336.83,321.0,0,0.0,0.0,,0.0,1,0.01,0.15,SPY201016C00390000,390.0,normalDay
2020-08-14,6158.0,1573.0,0.0,100,336.84,321.0,0,0.0,0.0,,0.0,1,0.01,0.12,SPY201016C00390000,390.0,normalDay
2020-08-17,6158.0,1681.0,0.0,100,337.91,321.0,0,0.0,0.0,,0.0,1,0.01,0.11,SPY201016C00390000,390.0,normalDay
2020-08-18,6158.0,1754.0,0.0,100,338.64,321.0,0,0.0,0.0,,0.0,1,0.01,0.11,SPY201016C00390000,390.0,normalDay
2020-08-19,6158.0,1615.0,0.0,100,337.23,321.0,0,0.0,0.0,,0.0,1,0.01,0.09,SPY201016C00390000,390.0,normalDay
2020-08-20,6158.0,1719.0,0.0,100,338.28,321.0,0,0.0,0.0,,0.0,1,0.01,0.1,SPY201016C00390000,390.0,normalDay
2020-08-21,6158.0,1839.0,0.0,100,339.48,321.0,0,0.0,0.0,,0.0,1,0.01,0.1,SPY201016C00390000,390.0,normalDay
2020-08-24,6158.0,2181.0,0.0,100,342.92,321.0,0,0.0,0.0,,0.0,1,0.01,0.12,SPY201016C00390000,390.0,normalDay
2020-08-25,6158.0,2300.0,0.0,100,344.12,321.0,0,0.0,0.0,,0.0,1,0.01,0.13,SPY201016C00390000,390.0,normalDay
2020-08-26,6158.0,2637.0,0.0,100,347.57,321.0,0,0.0,0.0,,0.0,1,0.01,0.21,SPY201016C00390000,390.0,normalDay
2020-08-27,6158.0,2705.0,0.0,100,348.33,321.0,0,0.0,0.0,,0.0,1,0.01,0.29,SPY201016C00390000,390.0,normalDay
2020-08-28,6158.0,2928.0,0.0,100,350.58,321.0,0,0.0,0.0,,0.0,1,0.01,0.31,SPY201016C00390000,390.0,normalDay
2020-08-31,6158.0,2796.0,0.0,100,349.31,321.0,0,0.0,0.0,,0.0,1,0.01,0.36,SPY201016C00390000,390.0,normalDay
2020-09-01,6158.0,3119.0,0.0,100,352.6,321.0,0,0.0,0.0,,0.0,1,0.01,0.42,SPY201016C00390000,390.0,normalDay
2020-09-02,6158.0,3565.0,0.0,100,357.7,321.0,0,0.0,0.0,,0.0,1,0.01,1.06,SPY201016C00390000,390.0,normalDay
2020-09-03,6158.0,2391.0,0.0,100,345.39,321.0,0,0.0,0.0,,0.0,1,0.01,0.49,SPY201016C00390000,390.0,normalDay
2020-09-04,6158.0,2129.0,0.0,100,342.57,321.0,0,0.0,0.0,,0.0,1,0.01,0.29,SPY201016C00390000,390.0,normalDay
2020-09-08,6158.0,1206.0,0.0,100,333.21,321.0,0,0.0,0.0,,0.0,1,0.01,0.16,SPY201016C00390000,390.0,normalDay
2020-09-09,6158.0,1861.0,0.0,100,339.79,321.0,0,0.0,0.0,,0.0,1,0.01,0.19,SPY201016C00390000,390.0,normalDay
2020-09-10,6158.0,1277.0,0.0,100,333.89,321.0,0,0.0,0.0,,0.0,1,0.01,0.13,SPY201016C00390000,390.0,normalDay
2020-09-11,6158.0,1298.0,0.0,100,334.06,321.0,0,0.0,0.0,,0.0,1,0.01,0.09,SPY201016C00390000,390.0,normalDay
2020-09-14,6158.0,1737.0,0.0,100,338.46,321.0,0,0.0,0.0,,0.0,1,0.01,0.1,SPY201016C00390000,390.0,normalDay
2020-09-15,6158.0,1909.0,0.0,100,340.17,321.0,0,0.0,0.0,,0.0,1,0.01,0.09,SPY201016C00390000,390.0,normalDay
2020-09-16,6158.0,1776.0,0.0,100,338.82,321.0,0,0.0,0.0,,0.0,1,0.01,0.07,SPY201016C00390000,390.0,normalDay
2020-09-17,6158.0,1479.0,0.0,100,335.84,321.0,0,0.0,0.0,,0.0,1,0.01,0.06,SPY201016C00390000,390.0,normalDay
2020-09-18,6158.0,961.0,0.0,100,330.65,321.0,0,0.0,0.0,,0.0,1,0.01,0.05,SPY201016C00390000,390.0,normalDay
2020-09-21,6158.0,594.0,0.0,100,326.97,321.0,0,0.0,0.0,,0.0,1,0.01,0.04,SPY201016C00390000,390.0,normalDay
2020-09-22,6158.0,927.0,0.0,100,330.3,321.0,0,0.0,0.0,,0.0,1,0.01,0.04,SPY201016C00390000,390.0,normalDay
2020-09-23,6158.0,161.0,0.0,100,322.64,321.0,0,0.0,0.0,,0.0,1,0.01,0.04,SPY201016C00390000,390.0,normalDay
2020-09-24,6158.0,248.0,0.0,100,323.5,321.0,0,0.0,0.0,,0.0,1,0.01,0.03,SPY201016C00390000,390.0,normalDay
2020-09-25,6158.0,772.0,0.0,100,328.73,321.0,0,0.0,0.0,,0.0,1,0.01,0.02,SPY201016C00390000,390.0,normalDay
2020-09-28,6158.0,1317.0,0.0,100,334.19,321.0,0,0.0,0.0,,0.0,1,0.01,0.03,SPY201016C00390000,390.0,normalDay
2020-09-29,6158.0,1136.0,0.0,100,332.37,321.0,0,0.0,0.0,,0.0,1,0.01,0.02,SPY201016C00390000,390.0,normalDay
2020-09-30,6158.0,1387.0,0.0,100,334.89,321.0,0,0.0,0.0,,0.0,1,0.01,0.03,SPY201016C00390000,390.0,normalDay
2020-10-01,6158.0,1602.0,0.0,100,337.04,321.0,0,0.0,0.0,,0.0,1,0.01,0.03,SPY201016C00390000,390.0,normalDay
2020-10-02,6158.0,1283.0,0.0,100,333.84,321.0,0,0.0,0.0,,0.0,1,0.01,0.02,SPY201016C00390000,390.0,normalDay
2020-10-05,6158.0,1876.0,0.0,100,339.76,321.0,0,0.0,0.0,,0.0,1,0.01,0.01,SPY201016C00390000,390.0,normalDay
2020-10-06,6158.0,1393.0,0.0,100,334.93,321.0,0,0.0,0.0,,0.0,1,0.01,0.01,SPY201016C00390000,390.0,normalDay
2020-10-07,6158.0,1976.0,0.0,100,340.76,321.0,0,0.0,0.0,,0.0,1,0.01,0.01,SPY201016C00390000,390.0,normalDay
2020-10-08,6158.0,2278.0,0.0,100,343.78,321.0,0,0.0,0.0,,0.0,1,0.01,0.01,SPY201016C00390000,390.0,normalDay
2020-10-09,6158.0,2585.0,0.0,100,346.85,321.0,0,0.0,0.0,,0.0,1,0.01,0.01,SPY201016C00390000,390.0,normalDay
2020-10-12,6158.0,3143.0,0.0,100,352.43,321.0,0,0.0,0.0,,0.0,1,0.01,0.01,SPY201016C00390000,390.0,normalDay
2020-10-13,6158.0,2913.0,0.0,100,350.13,321.0,0,0.0,0.0,,0.0,1,0.01,0.01,SPY201016C00390000,390.0,normalDay
2020-10-14,6158.0,2693.0,0.0,100,347.93,321.0,0,0.0,0.0,,0.0,1,0.01,0.01,SPY201016C00390000,390.0,normalDay
2020-10-15,6158.0,2650.0,0.0,100,347.5,321.0,0,0.0,0.0,,0.0,1,0.01,0.01,SPY201016C00390000,390.0,normalDay
2020-10-16,6159.0,2629.0,1.0,100,347.29,321.0,0,0.0,0.0,,0.0,1,0.01,0.0,SPY201016C00390000,390.0,expirationDay
2020-10-19,6159.0,2071.0,0.0,100,342.01,321.0,0,0.0,0.0,,0.0,1,8.34,8.64,SPY210521C00375000,375.0,normalDay
2020-10-20,6159.0,2198.0,0.0,100,343.38,321.0,0,0.0,0.0,,0.0,1,8.34,8.74,SPY210521C00375000,375.0,normalDay
2020-10-21,6159.0,2166.0,0.0,100,342.73,321.0,0,0.0,0.0,,0.0,1,8.34,8.41,SPY210521C00375000,375.0,normalDay
2020-10-22,6159.0,2336.0,0.0,100,344.61,321.0,0,0.0,0.0,,0.0,1,8.34,8.59,SPY210521C00375000,375.0,normalDay
2020-10-23,6159.0,2451.0,0.0,100,345.78,321.0,0,0.0,0.0,,0.0,1,8.34,8.61,SPY210521C00375000,375.0,normalDay
2020-10-26,6159.0,1921.0,0.0,100,339.39,321.0,0,0.0,0.0,,0.0,1,8.34,7.52,SPY210521C00375000,375.0,normalDay
2020-10-27,6159.0,1847.0,0.0,100,338.22,321.0,0,0.0,0.0,,0.0,1,8.34,7.09,SPY210521C00375000,375.0,normalDay
2020-10-28,6159.0,879.0,0.0,100,326.66,321.0,0,0.0,0.0,,0.0,1,8.34,5.21,SPY210521C00375000,375.0,normalDay
2020-10-29,6159.0,1167.0,0.0,100,329.98,321.0,0,0.0,0.0,,0.0,1,8.34,5.65,SPY210521C00375000,375.0,normalDay
2020-10-30,6159.0,909.0,0.0,100,326.54,321.0,0,0.0,0.0,,0.0,1,8.34,4.79,SPY210521C00375000,375.0,normalDay
2020-11-02,6159.0,1249.0,0.0,100,330.2,321.0,0,0.0,0.0,,0.0,1,8.34,5.05,SPY210521C00375000,375.0,normalDay
2020-11-03,6159.0,1742.0,0.0,100,336.03,321.0,0,0.0,0.0,,0.0,1,8.34,5.95,SPY210521C00375000,375.0,normalDay
2020-11-04,6159.0,2344.0,0.0,100,343.54,321.0,0,0.0,0.0,,0.0,1,8.34,7.44,SPY210521C00375000,375.0,normalDay
2020-11-05,6159.0,2755.0,0.0,100,350.24,321.0,0,0.0,0.0,,0.0,1,8.34,10.03,SPY210521C00375000,375.0,normalDay
2020-11-06,6159.0,2810.0,0.0,100,350.16,321.0,0,0.0,0.0,,0.0,1,8.34,9.4,SPY210521C00375000,375.0,normalDay
2020-11-09,6159.0,3098.0,0.0,100,354.56,321.0,0,0.0,0.0,,0.0,1,8.34,10.92,SPY210521C00375000,375.0,normalDay
2020-11-10,6159.0,3125.0,0.0,100,354.04,321.0,0,0.0,0.0,,0.0,1,8.34,10.13,SPY210521C00375000,375.0,normalDay
2020-11-11,6159.0,3305.0,0.0,100,356.67,321.0,0,0.0,0.0,,0.0,1,8.34,10.96,SPY210521C00375000,375.0,normalDay
2020-11-12,6159.0,3062.0,0.0,100,353.21,321.0,0,0.0,0.0,,0.0,1,8.34,9.93,SPY210521C00375000,375.0,normalDay
2020-11-13,6159.0,3399.0,0.0,100,358.1,321.0,0,0.0,0.0,,0.0,1,8.34,11.45,SPY210521C00375000,375.0,normalDay
2020-11-16,6159.0,3644.0,0.0,100,362.57,321.0,0,0.0,0.0,,0.0,1,8.34,13.47,SPY210521C00375000,375.0,normalDay
2020-11-17,6159.0,3540.0,0.0,100,360.62,321.0,0,0.0,0.0,,0.0,1,8.34,12.56,SPY210521C00375000,375.0,normalDay
2020-11-18,6159.0,3276.0,0.0,100,356.28,321.0,0,0.0,0.0,,0.0,1,8.34,10.86,SPY210521C00375000,375.0,normalDay
2020-11-19,6159.0,3403.0,0.0,100,357.78,321.0,0,0.0,0.0,,0.0,1,8.34,11.09,SPY210521C00375000,375.0,normalDay
2020-11-20,6159.0,3267.0,0.0,100,355.33,321.0,0,0.0,0.0,,0.0,1,8.34,10.0,SPY210521C00375000,375.0,normalDay
2020-11-23,6159.0,3427.0,0.0,100,357.46,321.0,0,0.0,0.0,,0.0,1,8.34,10.53,SPY210521C00375000,375.0,normalDay
2020-11-24,6159.0,3760.0,0.0,100,363.22,321.0,0,0.0,0.0,,0.0,1,8.34,12.96,SPY210521C00375000,375.0,normalDay
2020-11-25,6159.0,3774.0,0.0,100,362.66,321.0,0,0.0,0.0,,0.0,1,8.34,12.26,SPY210521C00375000,375.0,normalDay
2020-11-27,6159.0,3821.0,0.0,100,363.67,321.0,0,0.0,0.0,,0.0,1,8.34,12.8,SPY210521C00375000,375.0,normalDay
2020-11-30,6159.0,3730.0,0.0,100,362.06,321.0,0,0.0,0.0,,0.0,1,8.34,12.1,SPY210521C00375000,375.0,normalDay
2020-12-01,6159.0,3933.0,0.0,100,366.02,321.0,0,0.0,0.0,,0.0,1,8.34,14.03,SPY210521C00375000,375.0,normalDay
2020-12-02,6159.0,3963.0,0.0,100,366.79,321.0,0,0.0,0.0,,0.0,1,8.34,14.5,SPY210521C00375000,375.0,normalDay
2020-12-03,6159.0,3986.0,0.0,100,366.69,321.0,0,0.0,0.0,,0.0,1,8.34,14.17,SPY210521C00375000,375.0,normalDay
2020-12-04,6159.0,4167.0,0.0,100,369.85,321.0,0,0.0,0.0,,0.0,1,8.34,15.52,SPY210521C00375000,375.0,normalDay
2020-12-07,6159.0,4128.0,0.0,100,369.09,321.0,0,0.0,0.0,,0.0,1,8.34,15.15,SPY210521C00375000,375.0,normalDay
2020-12-08,6159.0,4196.0,0.0,100,370.17,321.0,0,0.0,0.0,,0.0,1,8.34,15.55,SPY210521C00375000,375.0,normalDay
2020-12-09,6159.0,4018.0,0.0,100,366.85,321.0,0,0.0,0.0,,0.0,1,8.34,14.01,SPY210521C00375000,375.0,normalDay
2020-12-10,6159.0,4004.0,0.0,100,366.73,321.0,0,0.0,0.0,,0.0,1,8.34,14.03,SPY210521C00375000,375.0,normalDay
2020-12-11,6159.0,3951.0,0.0,100,366.3,321.0,0,0.0,0.0,,0.0,1,8.34,14.13,SPY210521C00375000,375.0,normalDay
2020-12-14,6159.0,3832.0,0.0,100,364.66,321.0,0,0.0,0.0,,0.0,1,8.34,13.68,SPY210521C00375000,375.0,normalDay
2020-12-15,6159.0,4155.0,0.0,100,369.59,321.0,0,0.0,0.0,,0.0,1,8.34,15.38,SPY210521C00375000,375.0,normalDay
2020-12-16,6159.0,4198.0,0.0,100,370.17,321.0,0,0.0,0.0,,0.0,1,8.34,15.53,SPY210521C00375000,375.0,normalDay
2020-12-17,6159.0,4308.0,0.0,100,372.24,321.0,0,0.0,0.0,,0.0,1,8.34,16.5,SPY210521C00375000,375.0,normalDay
2020-12-18,6159.0,4036.0,0.0,100,369.18,321.0,0,0.0,0.0,,0.0,1,8.34,16.16,SPY210521C00375000,375.0,normalDay
2020-12-21,6159.0,3964.0,0.0,100,367.86,321.0,0,0.0,0.0,,0.0,1,8.34,15.56,SPY210521C00375000,375.0,normalDay
2020-12-22,6159.0,3968.0,0.0,100,367.24,321.0,0,0.0,0.0,,0.0,1,8.34,14.9,SPY210521C00375000,375.0,normalDay
2020-12-23,6159.0,4052.0,0.0,100,367.57,321.0,0,0.0,0.0,,0.0,1,8.34,14.39,SPY210521C00375000,375.0,normalDay
2020-12-24,6159.0,4162.0,0.0,100,369.0,321.0,0,0.0,0.0,,0.0,1,8.34,14.72,SPY210521C00375000,375.0,normalDay
2020-12-28,6159.0,4301.0,0.0,100,372.17,321.0,0,0.0,0.0,,0.0,1,8.34,16.5,SPY210521C00375000,375.0,normalDay
2020-12-29,6159.0,4209.0,0.0,100,371.46,321.0,0,0.0,0.0,,0.0,1,8.34,16.71,SPY210521C00375000,375.0,normalDay
2020-12-30,6159.0,4286.0,0.0,100,371.99,321.0,0,0.0,0.0,,0.0,1,8.34,16.47,SPY210521C00375000,375.0,normalDay
2020-12-31,6159.0,4345.0,0.0,100,373.88,321.0,0,0.0,0.0,,0.0,1,8.34,17.77,SPY210521C00375000,375.0,normalDay
2021-01-04,6159.0,4037.0,0.0,100,368.79,321.0,0,0.0,0.0,,0.0,1,8.34,15.76,SPY210521C00375000,375.0,normalDay
2021-01-05,6159.0,4215.0,0.0,100,371.33,321.0,0,0.0,0.0,,0.0,1,8.34,16.52,SPY210521C00375000,375.0,normalDay
2021-01-06,6159.0,4296.0,0.0,100,373.55,321.0,0,0.0,0.0,,0.0,1,8.34,17.93,SPY210521C00375000,375.0,normalDay
2021-01-07,6159.0,4607.0,0.0,100,379.1,321.0,0,0.0,0.0,,0.0,1,8.34,20.37,SPY210521C00375000,375.0,normalDay
2021-01-08,6159.0,4665.0,0.0,100,381.26,321.0,0,0.0,0.0,,0.0,1,8.34,21.95,SPY210521C00375000,375.0,normalDay
2021-01-11,6159.0,4499.0,0.0,100,378.69,321.0,0,0.0,0.0,,0.0,1,8.34,21.04,SPY210521C00375000,375.0,normalDay
2021-01-12,6159.0,4574.0,0.0,100,378.77,321.0,0,0.0,0.0,,0.0,1,8.34,20.37,SPY210521C00375000,375.0,normalDay
2021-01-13,6159.0,4620.0,0.0,100,379.79,321.0,0,0.0,0.0,,0.0,1,8.34,20.93,SPY210521C00375000,375.0,normalDay
2021-01-14,6159.0,4548.0,0.0,100,378.46,321.0,0,0.0,0.0,,0.0,1,8.34,20.32,SPY210521C00375000,375.0,normalDay
2021-01-15,6159.0,4470.0,0.0,100,375.7,321.0,0,0.0,0.0,,0.0,1,8.34,18.34,SPY210521C00375000,375.0,normalDay
2021-01-19,6159.0,4584.0,0.0,100,378.65,321.0,0,0.0,0.0,,0.0,1,8.34,20.15,SPY210521C00375000,375.0,normalDay
2021-01-20,6159.0,4804.0,0.0,100,383.89,321.0,0,0.0,0.0,,0.0,1,8.34,23.19,SPY210521C00375000,375.0,normalDay
2021-01-21,6159.0,4821.0,0.0,100,384.24,321.0,0,0.0,0.0,,0.0,1,8.34,23.37,SPY210521C00375000,375.0,normalDay
2021-01-22,6159.0,4767.0,0.0,100,382.88,321.0,0,0.0,0.0,,0.0,1,8.34,22.55,SPY210521C00375000,375.0,normalDay
2021-01-25,6159.0,4788.0,0.0,100,384.39,321.0,0,0.0,0.0,,0.0,1,8.34,23.85,SPY210521C00375000,375.0,normalDay
2021-01-26,6159.0,4713.0,0.0,100,383.79,321.0,0,0.0,0.0,,0.0,1,8.34,24.0,SPY210521C00375000,375.0,normalDay
2021-01-27,6159.0,4138.0,0.0,100,374.41,321.0,0,0.0,0.0,,0.0,1,8.34,20.37,SPY210521C00375000,375.0,normalDay
2021-01-28,6159.0,4332.0,0.0,100,377.63,321.0,0,0.0,0.0,,0.0,1,8.34,21.65,SPY210521C00375000,375.0,normalDay
2021-01-29,6159.0,3968.0,0.0,100,370.07,321.0,0,0.0,0.0,,0.0,1,8.34,17.73,SPY210521C00375000,375.0,normalDay
2021-02-01,6159.0,4348.0,0.0,100,376.23,321.0,0,0.0,0.0,,0.0,1,8.34,20.09,SPY210521C00375000,375.0,normalDay
2021-02-02,6159.0,4617.0,0.0,100,381.55,321.0,0,0.0,0.0,,0.0,1,8.34,22.72,SPY210521C00375000,375.0,normalDay
2021-02-03,6159.0,4718.0,0.0,100,381.85,321.0,0,0.0,0.0,,0.0,1,8.34,22.01,SPY210521C00375000,375.0,normalDay
2021-02-04,6159.0,4949.0,0.0,100,386.19,321.0,0,0.0,0.0,,0.0,1,8.34,24.04,SPY210521C00375000,375.0,normalDay
2021-02-05,6159.0,5001.0,0.0,100,387.71,321.0,0,0.0,0.0,,0.0,1,8.34,25.04,SPY210521C00375000,375.0,normalDay
2021-02-08,6159.0,5114.0,0.0,100,390.51,321.0,0,0.0,0.0,,0.0,1,8.34,26.71,SPY210521C00375000,375.0,normalDay
2021-02-09,6159.0,5065.0,0.0,100,390.25,321.0,0,0.0,0.0,,0.0,1,8.34,26.94,SPY210521C00375000,375.0,normalDay
2021-02-10,6159.0,5054.0,0.0,100,390.08,321.0,0,0.0,0.0,,0.0,1,8.34,26.88,SPY210521C00375000,375.0,normalDay
2021-02-11,6159.0,5127.0,0.0,100,390.71,321.0,0,0.0,0.0,,0.0,1,8.34,26.78,SPY210521C00375000,375.0,normalDay
2021-02-12,6159.0,5192.0,0.0,100,392.64,321.0,0,0.0,0.0,,0.0,1,8.34,28.06,SPY210521C00375000,375.0,normalDay
2021-02-16,6159.0,5207.0,0.0,100,392.3,321.0,0,0.0,0.0,,0.0,1,8.34,27.57,SPY210521C00375000,375.0,normalDay
2021-02-17,6159.0,5244.0,0.0,100,392.39,321.0,0,0.0,0.0,,0.0,1,8.34,27.29,SPY210521C00375000,375.0,normalDay
2021-02-18,6159.0,5172.0,0.0,100,390.72,321.0,0,0.0,0.0,,0.0,1,8.34,26.34,SPY210521C00375000,375.0,normalDay
2021-02-19,6159.0,5206.0,0.0,100,390.03,321.0,0,0.0,0.0,,0.0,1,8.34,25.31,SPY210521C00375000,375.0,normalDay
2021-02-22,6159.0,5094.0,0.0,100,387.03,321.0,0,0.0,0.0,,0.0,1,8.34,23.43,SPY210521C00375000,375.0,normalDay
2021-02-23,6159.0,5154.0,0.0,100,387.5,321.0,0,0.0,0.0,,0.0,1,8.34,23.3,SPY210521C00375000,375.0,normalDay
2021-02-24,6159.0,5306.0,0.0,100,391.77,321.0,0,0.0,0.0,,0.0,1,8.34,26.05,SPY210521C00375000,375.0,normalDay
2021-02-25,6159.0,4777.0,0.0,100,382.33,321.0,0,0.0,0.0,,0.0,1,8.34,21.9,SPY210521C00375000,375.0,normalDay
2021-02-26,6159.0,4834.0,0.0,100,380.36,321.0,0,0.0,0.0,,0.0,1,8.34,19.36,SPY210521C00375000,375.0,normalDay
2021-03-01,6159.0,5315.0,0.0,100,389.58,321.0,0,0.0,0.0,,0.0,1,8.34,23.77,SPY210521C00375000,375.0,normalDay
2021-03-02,6159.0,5199.0,0.0,100,386.54,321.0,0,0.0,0.0,,0.0,1,8.34,21.89,SPY210521C00375000,375.0,normalDay
2021-03-03,6159.0,4985.0,0.0,100,381.42,321.0,0,0.0,0.0,,0.0,1,8.34,18.91,SPY210521C00375000,375.0,normalDay
2021-03-04,6159.0,4752.0,0.0,100,376.7,321.0,0,0.0,0.0,,0.0,1,8.34,16.52,SPY210521C00375000,375.0,normalDay
2021-03-05,6159.0,5127.0,0.0,100,383.63,321.0,0,0.0,0.0,,0.0,1,8.34,19.7,SPY210521C00375000,375.0,normalDay
2021-03-08,6159.0,5048.0,0.0,100,381.72,321.0,0,0.0,0.0,,0.0,1,8.34,18.58,SPY210521C00375000,375.0,normalDay
2021-03-09,6159.0,5284.0,0.0,100,387.17,321.0,0,0.0,0.0,,0.0,1,8.34,21.67,SPY210521C00375000,375.0,normalDay
2021-03-10,6159.0,5358.0,0.0,100,389.58,321.0,0,0.0,0.0,,0.0,1,8.34,23.34,SPY210521C00375000,375.0,normalDay
2021-03-11,6159.0,5541.0,0.0,100,393.53,321.0,0,0.0,0.0,,0.0,1,8.34,25.46,SPY210521C00375000,375.0,normalDay
2021-03-12,6159.0,5557.0,0.0,100,394.06,321.0,0,0.0,0.0,,0.0,1,8.34,25.83,SPY210521C00375000,375.0,normalDay
2021-03-15,6159.0,5674.0,0.0,100,396.41,321.0,0,0.0,0.0,,0.0,1,8.34,27.01,SPY210521C00375000,375.0,normalDay
2021-03-16,6159.0,5678.0,0.0,100,395.91,321.0,0,0.0,0.0,,0.0,1,8.34,26.47,SPY210521C00375000,375.0,normalDay
2021-03-17,6159.0,5772.0,0.0,100,397.26,321.0,0,0.0,0.0,,0.0,1,8.34,26.88,SPY210521C00375000,375.0,normalDay
2021-03-18,6159.0,5547.0,0.0,100,391.48,321.0,0,0.0,0.0,,0.0,1,8.34,23.35,SPY210521C00375000,375.0,normalDay
2021-03-19,6159.0,5480.0,0.0,100,389.48,321.0,0,0.0,0.0,,0.0,1,8.34,22.02,SPY210521C00375000,375.0,normalDay
2021-03-22,6159.0,5646.0,0.0,100,392.59,321.0,0,0.0,0.0,,0.0,1,8.34,23.47,SPY210521C00375000,375.0,normalDay
2021-03-23,6159.0,5538.0,0.0,100,389.5,321.0,0,0.0,0.0,,0.0,1,8.34,21.46,SPY210521C00375000,375.0,normalDay
2021-03-24,6159.0,5490.0,0.0,100,387.52,321.0,0,0.0,0.0,,0.0,1,8.34,19.96,SPY210521C00375000,375.0,normalDay
2021-03-25,6159.0,5594.0,0.0,100,389.7,321.0,0,0.0,0.0,,0.0,1,8.34,21.1,SPY210521C00375000,375.0,normalDay
2021-03-26,6159.0,5769.0,0.0,100,395.98,321.0,0,0.0,0.0,,0.0,1,8.34,25.63,SPY210521C00375000,375.0,normalDay
2021-03-29,6159.0,5745.0,0.0,100,395.78,321.0,0,0.0,0.0,,0.0,1,8.34,25.67,SPY210521C00375000,375.0,normalDay
2021-03-30,6159.0,5785.0,0.0,100,394.73,321.0,0,0.0,0.0,,0.0,1,8.34,24.22,SPY210521C00375000,375.0,normalDay
2021-03-31,6159.0,5812.0,0.0,100,396.33,321.0,0,0.0,0.0,,0.0,1,8.34,25.55,SPY210521C00375000,375.0,normalDay
2021-04-01,6159.0,5895.0,0.0,100,400.61,321.0,0,0.0,0.0,,0.0,1,8.34,29.0,SPY210521C00375000,375.0,normalDay
2021-04-05,6159.0,5995.0,0.0,100,406.36,321.0,0,0.0,0.0,,0.0,1,8.34,33.75,SPY210521C00375000,375.0,normalDay
2021-04-06,6159.0,5993.0,0.0,100,406.12,321.0,0,0.0,0.0,,0.0,1,8.34,33.53,SPY210521C00375000,375.0,normalDay
2021-04-07,6159.0,5989.0,0.0,100,406.59,321.0,0,0.0,0.0,,0.0,1,8.34,34.04,SPY210521C00375000,375.0,normalDay
2021-04-08,6159.0,6010.0,0.0,100,408.52,321.0,0,0.0,0.0,,0.0,1,8.34,35.76,SPY210521C00375000,375.0,normalDay
2021-04-09,6159.0,6107.0,0.0,100,411.49,321.0,0,0.0,0.0,,0.0,1,8.34,37.76,SPY210521C00375000,375.0,normalDay
2021-04-12,6159.0,6085.0,0.0,100,411.64,321.0,0,0.0,0.0,,0.0,1,8.34,38.13,SPY210521C00375000,375.0,normalDay
2021-04-13,6159.0,6103.0,0.0,100,412.86,321.0,0,0.0,0.0,,0.0,1,8.34,39.17,SPY210521C00375000,375.0,normalDay
2021-04-14,6159.0,6053.0,0.0,100,411.45,321.0,0,0.0,0.0,,0.0,1,8.34,38.26,SPY210521C00375000,375.0,normalDay
2021-04-15,6159.0,6108.0,0.0,100,415.87,321.0,0,0.0,0.0,,0.0,1,8.34,42.13,SPY210521C00375000,375.0,normalDay
2021-04-16,6159.0,6141.0,0.0,100,417.26,321.0,0,0.0,0.0,,0.0,1,8.34,43.19,SPY210521C00375000,375.0,normalDay
2021-04-19,6159.0,6121.0,0.0,100,415.21,321.0,0,0.0,0.0,,0.0,1,8.34,41.34,SPY210521C00375000,375.0,normalDay
2021-04-20,6159.0,6120.0,0.0,100,412.17,321.0,0,0.0,0.0,,0.0,1,8.34,38.31,SPY210521C00375000,375.0,normalDay
2021-04-21,6159.0,6187.0,0.0,100,416.07,321.0,0,0.0,0.0,,0.0,1,8.34,41.54,SPY210521C00375000,375.0,normalDay
2021-04-22,6159.0,6130.0,0.0,100,412.27,321.0,0,0.0,0.0,,0.0,1,8.34,38.31,SPY210521C00375000,375.0,normalDay
2021-04-23,6159.0,6174.0,0.0,100,416.74,321.0,0,0.0,0.0,,0.0,1,8.34,42.34,SPY210521C00375000,375.0,normalDay
2021-04-26,6159.0,6150.0,0.0,100,417.61,321.0,0,0.0,0.0,,0.0,1,8.34,43.45,SPY210521C00375000,375.0,normalDay
2021-04-27,6159.0,6159.0,0.0,100,417.52,321.0,0,0.0,0.0,,0.0,1,8.34,43.27,SPY210521C00375000,375.0,normalDay
2021-04-28,6159.0,6133.0,0.0,100,417.4,321.0,0,0.0,0.0,,0.0,1,8.34,43.41,SPY210521C00375000,375.0,normalDay
2021-04-29,6159.0,6184.0,0.0,100,420.06,321.0,0,0.0,0.0,,0.0,1,8.34,45.56,SPY210521C00375000,375.0,normalDay
2021-04-30,6159.0,6137.0,0.0,100,417.3,321.0,0,0.0,0.0,,0.0,1,8.34,43.27,SPY210521C00375000,375.0,normalDay
2021-05-03,6159.0,6175.0,0.0,100,418.2,321.0,0,0.0,0.0,,0.0,1,8.34,43.79,SPY210521C00375000,375.0,normalDay
2021-05-04,6159.0,6181.0,0.0,100,415.62,321.0,0,0.0,0.0,,0.0,1,8.34,41.15,SPY210521C00375000,375.0,normalDay
2021-05-05,6159.0,6188.0,0.0,100,415.75,321.0,0,0.0,0.0,,0.0,1,8.34,41.21,SPY210521C00375000,375.0,normalDay
2021-05-06,6159.0,6184.0,0.0,100,419.07,321.0,0,0.0,0.0,,0.0,1,8.34,44.57,SPY210521C00375000,375.0,normalDay
2021-05-07,6159.0,6191.0,0.0,100,422.12,321.0,0,0.0,0.0,,0.0,1,8.34,47.55,SPY210521C00375000,375.0,normalDay
2021-05-10,6159.0,6222.0,0.0,100,417.94,321.0,0,0.0,0.0,,0.0,1,8.34,43.06,SPY210521C00375000,375.0,normalDay
2021-05-11,6159.0,6198.0,0.0,100,414.21,321.0,0,0.0,0.0,,0.0,1,8.34,39.57,SPY210521C00375000,375.0,normalDay
2021-05-12,6159.0,6110.0,0.0,100,405.41,321.0,0,0.0,0.0,,0.0,1,8.34,31.65,SPY210521C00375000,375.0,normalDay
2021-05-13,6159.0,6214.0,0.0,100,410.28,321.0,0,0.0,0.0,,0.0,1,8.34,35.48,SPY210521C00375000,375.0,normalDay
2021-05-14,6159.0,6163.0,0.0,100,416.58,321.0,0,0.0,0.0,,0.0,1,8.34,42.29,SPY210521C00375000,375.0,normalDay
2021-05-17,6159.0,6194.0,0.0,100,415.52,321.0,0,0.0,0.0,,0.0,1,8.34,40.92,SPY210521C00375000,375.0,normalDay
2021-05-18,6159.0,6218.0,0.0,100,411.94,321.0,0,0.0,0.0,,0.0,1,8.34,37.1,SPY210521C00375000,375.0,normalDay
2021-05-19,6159.0,6218.0,0.0,100,410.86,321.0,0,0.0,0.0,,0.0,1,8.34,36.02,SPY210521C00375000,375.0,normalDay
2021-05-20,6159.0,6251.0,0.0,100,415.28,321.0,0,0.0,0.0,,0.0,1,8.34,40.11,SPY210521C00375000,375.0,normalDay
2021-05-21,12393.0,6251.0,6234.0,0,414.94,0.0,0,0.0,0.0,,0.0,1,8.34,0.0,SPY210521C00375000,375.0,expirationDay
2021-05-24,12393.0,-3.0,0.0,0,419.17,0.0,1,1.11,1.14,SPY210604P00408000,408.0,0,0.0,0.0,,0.0,normalDay
2021-05-25,12393.0,-16.0,0.0,0,418.24,0.0,1,1.11,1.27,SPY210604P00408000,408.0,0,0.0,0.0,,0.0,normalDay
2021-05-26,12393.0,31.0,0.0,0,419.07,0.0,1,1.11,0.8,SPY210604P00408000,408.0,0,0.0,0.0,,0.0,normalDay
2021-05-27,12393.0,62.0,0.0,0,419.29,0.0,1,1.11,0.49,SPY210604P00408000,408.0,0,0.0,0.0,,0.0,normalDay
2021-05-28,12393.0,78.0,0.0,0,420.04,0.0,1,1.11,0.33,SPY210604P00408000,408.0,0,0.0,0.0,,0.0,normalDay
2021-06-01,12393.0,96.0,0.0,0,419.67,0.0,1,1.11,0.15,SPY210604P00408000,408.0,0,0.0,0.0,,0.0,normalDay
2021-06-02,12393.0,106.0,0.0,0,420.33,0.0,1,1.11,0.05,SPY210604P00408000,408.0,0,0.0,0.0,,0.0,normalDay
2021-06-03,12393.0,106.0,0.0,0,418.77,0.0,1,1.11,0.05,SPY210604P00408000,408.0,0,0.0,0.0,,0.0,normalDay
2021-06-04,12504.0,0.0,111.0,0,422.6,0.0,1,1.11,0.0,SPY210604P00408000,408.0,0,0.0,0.0,,0.0,expirationDay
2021-06-07,12504.0,-3.0,0.0,0,422.19,0.0,1,0.83,0.86,SPY210618P00408000,408.0,0,0.0,0.0,,0.0,normalDay
2021-06-08,12504.0,-14.0,0.0,0,422.28,0.0,1,0.83,0.97,SPY210618P00408000,408.0,0,0.0,0.0,,0.0,normalDay
2021-06-09,12504.0,-29.0,0.0,0,421.65,0.0,1,0.83,1.12,SPY210618P00408000,408.0,0,0.0,0.0,,0.0,normalDay
2021-06-10,12504.0,31.0,0.0,0,423.61,0.0,1,0.83,0.52,SPY210618P00408000,408.0,0,0.0,0.0,,0.0,normalDay
2021-06-11,12504.0,45.0,0.0,0,424.31,0.0,1,0.83,0.38,SPY210618P00408000,408.0,0,0.0,0.0,,0.0,normalDay
2021-06-14,12504.0,60.0,0.0,0,425.26,0.0,1,0.83,0.23,SPY210618P00408000,408.0,0,0.0,0.0,,0.0,normalDay
2021-06-15,12504.0,54.0,0.0,0,424.48,0.0,1,0.83,0.29,SPY210618P00408000,408.0,0,0.0,0.0,,0.0,normalDay
2021-06-16,12504.0,44.0,0.0,0,422.11,0.0,1,0.83,0.39,SPY210618P00408000,408.0,0,0.0,0.0,,0.0,normalDay
2021-06-17,12504.0,69.0,0.0,0,421.97,0.0,1,0.83,0.14,SPY210618P00408000,408.0,0,0.0,0.0,,0.0,normalDay
2021-06-18,12587.0,0.0,83.0,0,414.92,0.0,1,0.83,0.0,SPY210618P00408000,408.0,0,0.0,0.0,,0.0,expirationDay
2021-06-21,12587.0,-4.0,0.0,0,420.86,0.0,1,2.18,2.22,SPY210702P00416000,416.0,0,0.0,0.0,,0.0,normalDay
2021-06-22,12587.0,78.0,0.0,0,423.11,0.0,1,2.18,1.4,SPY210702P00416000,416.0,0,0.0,0.0,,0.0,normalDay
2021-06-23,12587.0,101.0,0.0,0,422.6,0.0,1,2.18,1.17,SPY210702P00416000,416.0,0,0.0,0.0,,0.0,normalDay
2021-06-24,12587.0,151.0,0.0,0,425.1,0.0,1,2.18,0.67,SPY210702P00416000,416.0,0,0.0,0.0,,0.0,normalDay
2021-06-25,12587.0,179.0,0.0,0,426.61,0.0,1,2.18,0.39,SPY210702P00416000,416.0,0,0.0,0.0,,0.0,normalDay
2021-06-28,12587.0,201.0,0.0,0,427.47,0.0,1,2.18,0.17,SPY210702P00416000,416.0,0,0.0,0.0,,0.0,normalDay
2021-06-29,12587.0,207.0,0.0,0,427.7,0.0,1,2.18,0.11,SPY210702P00416000,416.0,0,0.0,0.0,,0.0,normalDay
2021-06-30,12587.0,212.0,0.0,0,428.06,0.0,1,2.18,0.06,SPY210702P00416000,416.0,0,0.0,0.0,,0.0,normalDay
2021-07-01,12587.0,215.0,0.0,0,430.43,0.0,1,2.18,0.03,SPY210702P00416000,416.0,0,0.0,0.0,,0.0,normalDay
2021-07-02,12805.0,0.0,218.0,0,433.72,0.0,1,2.18,0.0,SPY210702P00416000,416.0,0,0.0,0.0,,0.0,expirationDay
2021-07-06,12805.0,-3.0,0.0,0,432.93,0.0,1,0.6,0.63,SPY210716P00416000,416.0,0,0.0,0.0,,0.0,normalDay
2021-07-07,12805.0,17.0,0.0,0,434.46,0.0,1,0.6,0.43,SPY210716P00416000,416.0,0,0.0,0.0,,0.0,normalDay
2021-07-08,12805.0,-38.0,0.0,0,430.92,0.0,1,0.6,0.98,SPY210716P00416000,416.0,0,0.0,0.0,,0.0,normalDay
2021-07-09,12805.0,33.0,0.0,0,435.52,0.0,1,0.6,0.27,SPY210716P00416000,416.0,0,0.0,0.0,,0.0,normalDay
2021-07-12,12805.0,49.0,0.0,0,437.08,0.0,1,0.6,0.11,SPY210716P00416000,416.0,0,0.0,0.0,,0.0,normalDay
2021-07-13,12805.0,47.0,0.0,0,435.59,0.0,1,0.6,0.13,SPY210716P00416000,416.0,0,0.0,0.0,,0.0,normalDay
2021-07-14,12805.0,55.0,0.0,0,436.24,0.0,1,0.6,0.05,SPY210716P00416000,416.0,0,0.0,0.0,,0.0,normalDay
2021-07-15,12805.0,57.0,0.0,0,434.75,0.0,1,0.6,0.03,SPY210716P00416000,416.0,0,0.0,0.0,,0.0,normalDay
2021-07-16,12865.0,0.0,60.0,0,431.34,0.0,1,0.6,0.0,SPY210716P00416000,416.0,0,0.0,0.0,,0.0,expirationDay
2021-07-19,12865.0,-5.0,0.0,0,424.97,0.0,1,3.88,3.93,SPY210730P00420000,420.0,0,0.0,0.0,,0.0,normalDay
2021-07-20,12865.0,207.0,0.0,0,431.06,0.0,1,3.88,1.81,SPY210730P00420000,420.0,0,0.0,0.0,,0.0,normalDay
2021-07-21,12865.0,314.0,0.0,0,434.55,0.0,1,3.88,0.74,SPY210730P00420000,420.0,0,0.0,0.0,,0.0,normalDay
2021-07-22,12865.0,338.0,0.0,0,435.46,0.0,1,3.88,0.5,SPY210730P00420000,420.0,0,0.0,0.0,,0.0,normalDay
2021-07-23,12865.0,371.0,0.0,0,439.94,0.0,1,3.88,0.17,SPY210730P00420000,420.0,0,0.0,0.0,,0.0,normalDay
2021-07-26,12865.0,381.0,0.0,0,441.02,0.0,1,3.88,0.07,SPY210730P00420000,420.0,0,0.0,0.0,,0.0,normalDay
2021-07-27,12865.0,374.0,0.0,0,439.01,0.0,1,3.88,0.14,SPY210730P00420000,420.0,0,0.0,0.0,,0.0,normalDay
2021-07-28,12865.0,383.0,0.0,0,438.83,0.0,1,3.88,0.05,SPY210730P00420000,420.0,0,0.0,0.0,,0.0,normalDay
2021-07-29,12865.0,386.0,0.0,0,440.65,0.0,1,3.88,0.02,SPY210730P00420000,420.0,0,0.0,0.0,,0.0,normalDay
2021-07-30,13253.0,0.0,388.0,0,438.51,0.0,1,3.88,0.0,SPY210730P00420000,420.0,0,0.0,0.0,,0.0,expirationDay
2021-08-02,13253.0,-4.0,0.0,0,437.59,0.0,1,1.67,1.71,SPY210813P00427500,427.5,0,0.0,0.0,,0.0,normalDay
2021-08-03,13253.0,86.0,0.0,0,441.15,0.0,1,1.67,0.81,SPY210813P00427500,427.5,0,0.0,0.0,,0.0,normalDay
2021-08-04,13253.0,83.0,0.0,0,438.98,0.0,1,1.67,0.84,SPY210813P00427500,427.5,0,0.0,0.0,,0.0,normalDay
2021-08-05,13253.0,118.0,0.0,0,441.76,0.0,1,1.67,0.49,SPY210813P00427500,427.5,0,0.0,0.0,,0.0,normalDay
2021-08-06,13253.0,150.0,0.0,0,442.49,0.0,1,1.67,0.17,SPY210813P00427500,427.5,0,0.0,0.0,,0.0,normalDay
2021-08-09,13253.0,155.0,0.0,0,442.13,0.0,1,1.67,0.12,SPY210813P00427500,427.5,0,0.0,0.0,,0.0,normalDay
2021-08-10,13253.0,156.0,0.0,0,442.68,0.0,1,1.67,0.11,SPY210813P00427500,427.5,0,0.0,0.0,,0.0,normalDay
2021-08-11,13253.0,162.0,0.0,0,443.78,0.0,1,1.67,0.05,SPY210813P00427500,427.5,0,0.0,0.0,,0.0,normalDay
2021-08-12,13253.0,163.0,0.0,0,445.11,0.0,1,1.67,0.04,SPY210813P00427500,427.5,0,0.0,0.0,,0.0,normalDay
2021-08-13,13420.0,0.0,167.0,0,445.92,0.0,1,1.67,0.0,SPY210813P00427500,427.5,0,0.0,0.0,,0.0,expirationDay
2021-08-16,13420.0,-3.0,0.0,0,446.97,0.0,1,0.75,0.78,SPY210827P00433000,433.0,0,0.0,0.0,,0.0,normalDay
2021-08-17,13420.0,-72.0,0.0,0,444.04,0.0,1,0.75,1.47,SPY210827P00433000,433.0,0,0.0,0.0,,0.0,normalDay
2021-08-18,13420.0,-228.0,0.0,0,439.18,0.0,1,0.75,3.03,SPY210827P00433000,433.0,0,0.0,0.0,,0.0,normalDay
2021-08-19,13420.0,-173.0,0.0,0,439.86,0.0,1,0.75,2.48,SPY210827P00433000,433.0,0,0.0,0.0,,0.0,normalDay
2021-08-20,13420.0,-7.0,0.0,0,443.36,0.0,1,0.75,0.82,SPY210827P00433000,433.0,0,0.0,0.0,,0.0,normalDay
2021-08-23,13420.0,59.0,0.0,0,447.26,0.0,1,0.75,0.16,SPY210827P00433000,433.0,0,0.0,0.0,,0.0,normalDay
2021-08-24,13420.0,64.0,0.0,0,447.97,0.0,1,0.75,0.11,SPY210827P00433000,433.0,0,0.0,0.0,,0.0,normalDay
2021-08-25,13420.0,69.0,0.0,0,448.91,0.0,1,0.75,0.06,SPY210827P00433000,433.0,0,0.0,0.0,,0.0,normalDay
2021-08-26,13420.0,68.0,0.0,0,446.26,0.0,1,0.75,0.07,SPY210827P00433000,433.0,0,0.0,0.0,,0.0,normalDay
2021-08-27,13495.0,0.0,75.0,0,450.25,0.0,1,0.75,0.0,SPY210827P00433000,433.0,0,0.0,0.0,,0.0,expirationDay
2021-08-30,13495.0,-3.0,0.0,0,452.23,0.0,1,0.54,0.57,SPY210910P00437000,437.0,0,0.0,0.0,,0.0,normalDay
2021-08-31,13495.0,-5.0,0.0,0,451.56,0.0,1,0.54,0.59,SPY210910P00437000,437.0,0,0.0,0.0,,0.0,normalDay
2021-09-01,13495.0,12.0,0.0,0,451.8,0.0,1,0.54,0.42,SPY210910P00437000,437.0,0,0.0,0.0,,0.0,normalDay
2021-09-02,13495.0,15.0,0.0,0,453.19,0.0,1,0.54,0.39,SPY210910P00437000,437.0,0,0.0,0.0,,0.0,normalDay
2021-09-03,13495.0,32.0,0.0,0,453.08,0.0,1,0.54,0.22,SPY210910P00437000,437.0,0,0.0,0.0,,0.0,normalDay
2021-09-07,13495.0,39.0,0.0,0,451.46,0.0,1,0.54,0.15,SPY210910P00437000,437.0,0,0.0,0.0,,0.0,normalDay
2021-09-08,13495.0,46.0,0.0,0,450.91,0.0,1,0.54,0.08,SPY210910P00437000,437.0,0,0.0,0.0,,0.0,normalDay
2021-09-09,13495.0,49.0,0.0,0,448.98,0.0,1,0.54,0.05,SPY210910P00437000,437.0,0,0.0,0.0,,0.0,normalDay
2021-09-10,13549.0,0.0,54.0,0,445.44,0.0,1,0.54,0.0,SPY210910P00437000,437.0,0,0.0,0.0,,0.0,expirationDay
2021-09-13,13549.0,-4.0,0.0,0,446.58,0.0,1,2.97,3.01,SPY210924P00440000,440.0,0,0.0,0.0,,0.0,normalDay
2021-09-14,13549.0,-54.0,0.0,0,444.17,0.0,1,2.97,3.51,SPY210924P00440000,440.0,0,0.0,0.0,,0.0,normalDay
2021-09-15,13549.0,115.0,0.0,0,447.88,0.0,1,2.97,1.82,SPY210924P00440000,440.0,0,0.0,0.0,,0.0,normalDay
2021-09-16,13549.0,107.0,0.0,0,447.17,0.0,1,2.97,1.9,SPY210924P00440000,440.0,0,0.0,0.0,,0.0,normalDay
2021-09-17,13549.0,-57.0,0.0,0,441.4,0.0,1,2.97,3.54,SPY210924P00440000,440.0,0,0.0,0.0,,0.0,normalDay
2021-09-20,13549.0,-465.0,0.0,0,434.04,0.0,1,2.97,7.62,SPY210924P00440000,440.0,0,0.0,0.0,,0.0,normalDay
2021-09-21,13549.0,-451.0,0.0,0,433.63,0.0,1,2.97,7.48,SPY210924P00440000,440.0,0,0.0,0.0,,0.0,normalDay
2021-09-22,13549.0,-46.0,0.0,0,437.86,0.0,1,2.97,3.43,SPY210924P00440000,440.0,0,0.0,0.0,,0.0,normalDay
2021-09-23,13549.0,252.0,0.0,0,443.18,0.0,1,2.97,0.45,SPY210924P00440000,440.0,0,0.0,0.0,,0.0,normalDay
2021-09-24,13846.0,0.0,297.0,0,443.91,0.0,1,2.97,0.0,SPY210924P00440000,440.0,0,0.0,0.0,,0.0,expirationDay
2021-09-27,13846.0,-3.0,0.0,0,442.64,0.0,1,2.02,2.05,SPY211008P00434000,434.0,0,0.0,0.0,,0.0,normalDay
2021-09-28,13846.0,-371.0,0.0,0,433.72,0.0,1,2.02,5.73,SPY211008P00434000,434.0,0,0.0,0.0,,0.0,normalDay
2021-09-29,13846.0,-282.0,0.0,0,434.45,0.0,1,2.02,4.84,SPY211008P00434000,434.0,0,0.0,0.0,,0.0,normalDay
2021-09-30,13846.0,-520.0,0.0,0,429.14,0.0,1,2.02,7.22,SPY211008P00434000,434.0,0,0.0,0.0,,0.0,normalDay
2021-10-01,13846.0,-189.0,0.0,0,434.24,0.0,1,2.02,3.91,SPY211008P00434000,434.0,0,0.0,0.0,,0.0,normalDay
2021-10-04,13846.0,-481.0,0.0,0,428.64,0.0,1,2.02,6.83,SPY211008P00434000,434.0,0,0.0,0.0,,0.0,normalDay
2021-10-05,13846.0,-136.0,0.0,0,433.1,0.0,1,2.02,3.38,SPY211008P00434000,434.0,0,0.0,0.0,,0.0,normalDay
2021-10-06,13846.0,-35.0,0.0,0,434.9,0.0,1,2.02,2.37,SPY211008P00434000,434.0,0,0.0,0.0,,0.0,normalDay
2021-10-07,13846.0,162.0,0.0,0,438.66,0.0,1,2.02,0.4,SPY211008P00434000,434.0,0,0.0,0.0,,0.0,normalDay
2021-10-08,14048.0,0.0,202.0,0,437.86,0.0,1,2.02,0.0,SPY211008P00434000,434.0,0,0.0,0.0,,0.0,expirationDay
2021-10-11,14048.0,-3.0,0.0,0,434.69,0.0,1,2.81,2.84,SPY211022P00426000,426.0,0,0.0,0.0,,0.0,normalDay
2021-10-12,14048.0,-8.0,0.0,0,433.62,0.0,1,2.81,2.89,SPY211022P00426000,426.0,0,0.0,0.0,,0.0,normalDay
2021-10-13,14048.0,111.0,0.0,0,435.18,0.0,1,2.81,1.7,SPY211022P00426000,426.0,0,0.0,0.0,,0.0,normalDay
2021-10-14,14048.0,231.0,0.0,0,442.5,0.0,1,2.81,0.5,SPY211022P00426000,426.0,0,0.0,0.0,,0.0,normalDay
2021-10-15,14048.0,258.0,0.0,0,445.87,0.0,1,2.81,0.23,SPY211022P00426000,426.0,0,0.0,0.0,,0.0,normalDay
2021-10-18,14048.0,273.0,0.0,0,447.19,0.0,1,2.81,0.08,SPY211022P00426000,426.0,0,0.0,0.0,,0.0,normalDay
2021-10-19,14048.0,277.0,0.0,0,450.64,0.0,1,2.81,0.04,SPY211022P00426000,426.0,0,0.0,0.0,,0.0,normalDay
2021-10-20,14048.0,278.0,0.0,0,452.41,0.0,1,2.81,0.03,SPY211022P00426000,426.0,0,0.0,0.0,,0.0,normalDay
2021-10-21,14048.0,280.0,0.0,0,453.59,0.0,1,2.81,0.01,SPY211022P00426000,426.0,0,0.0,0.0,,0.0,normalDay
2021-10-22,14329.0,0.0,281.0,0,453.12,0.0,1,2.81,0.0,SPY211022P00426000,426.0,0,0.0,0.0,,0.0,expirationDay
2021-10-25,14329.0,-3.0,0.0,0,455.55,0.0,1,0.2,0.23,SPY211105P00423000,423.0,0,0.0,0.0,,0.0,normalDay
2021-10-26,14329.0,-5.0,0.0,0,455.96,0.0,1,0.2,0.25,SPY211105P00423000,423.0,0,0.0,0.0,,0.0,normalDay
2021-10-27,14329.0,-6.0,0.0,0,453.94,0.0,1,0.2,0.26,SPY211105P00423000,423.0,0,0.0,0.0,,0.0,normalDay
2021-10-28,14329.0,5.0,0.0,0,458.32,0.0,1,0.2,0.15,SPY211105P00423000,423.0,0,0.0,0.0,,0.0,normalDay
2021-10-29,14329.0,12.0,0.0,0,459.25,0.0,1,0.2,0.08,SPY211105P00423000,423.0,0,0.0,0.0,,0.0,normalDay
2021-11-01,14329.0,15.0,0.0,0,460.04,0.0,1,0.2,0.05,SPY211105P00423000,423.0,0,0.0,0.0,,0.0,normalDay
2021-11-02,14329.0,16.0,0.0,0,461.9,0.0,1,0.2,0.04,SPY211105P00423000,423.0,0,0.0,0.0,,0.0,normalDay
2021-11-03,14329.0,18.0,0.0,0,464.72,0.0,1,0.2,0.02,SPY211105P00423000,423.0,0,0.0,0.0,,0.0,normalDay
2021-11-04,14329.0,19.0,0.0,0,466.91,0.0,1,0.2,0.01,SPY211105P00423000,423.0,0,0.0,0.0,,0.0,normalDay
2021-11-05,14349.0,0.0,20.0,0,468.53,0.0,1,0.2,0.0,SPY211105P00423000,423.0,0,0.0,0.0,,0.0,expirationDay
2021-11-08,14349.0,-3.0,0.0,0,468.93,0.0,1,0.3,0.33,SPY211119P00434000,434.0,0,0.0,0.0,,0.0,normalDay
2021-11-09,14349.0,-2.0,0.0,0,467.38,0.0,1,0.3,0.32,SPY211119P00434000,434.0,0,0.0,0.0,,0.0,normalDay
2021-11-10,14349.0,-5.0,0.0,0,463.62,0.0,1,0.3,0.35,SPY211119P00434000,434.0,0,0.0,0.0,,0.0,normalDay
2021-11-11,14349.0,10.0,0.0,0,463.77,0.0,1,0.3,0.2,SPY211119P00434000,434.0,0,0.0,0.0,,0.0,normalDay
2021-11-12,14349.0,20.0,0.0,0,467.27,0.0,1,0.3,0.1,SPY211119P00434000,434.0,0,0.0,0.0,,0.0,normalDay
2021-11-15,14349.0,26.0,0.0,0,467.43,0.0,1,0.3,0.04,SPY211119P00434000,434.0,0,0.0,0.0,,0.0,normalDay
2021-11-16,14349.0,26.0,0.0,0,469.28,0.0,1,0.3,0.04,SPY211119P00434000,434.0,0,0.0,0.0,,0.0,normalDay
2021-11-17,14349.0,27.0,0.0,0,468.14,0.0,1,0.3,0.03,SPY211119P00434000,434.0,0,0.0,0.0,,0.0,normalDay
2021-11-18,14349.0,28.0,0.0,0,469.73,0.0,1,0.3,0.02,SPY211119P00434000,434.0,0,0.0,0.0,,0.0,normalDay
2021-11-19,14379.0,0.0,30.0,0,468.89,0.0,1,0.3,0.0,SPY211119P00434000,434.0,0,0.0,0.0,,0.0,expirationDay
2021-11-22,14379.0,-4.0,0.0,0,467.57,0.0,1,1.42,1.46,SPY211203P00455000,455.0,0,0.0,0.0,,0.0,normalDay
2021-11-23,14379.0,12.0,0.0,0,468.19,0.0,1,1.42,1.3,SPY211203P00455000,455.0,0,0.0,0.0,,0.0,normalDay
2021-11-24,14379.0,57.0,0.0,0,469.44,0.0,1,1.42,0.85,SPY211203P00455000,455.0,0,0.0,0.0,,0.0,normalDay
2021-11-26,14379.0,-426.0,0.0,0,458.97,0.0,1,1.42,5.68,SPY211203P00455000,455.0,0,0.0,0.0,,0.0,normalDay
2021-11-29,14379.0,27.0,0.0,0,464.6,0.0,1,1.42,1.15,SPY211203P00455000,455.0,0,0.0,0.0,,0.0,normalDay
2021-11-30,14379.0,-168.0,0.0,0,455.56,0.0,1,1.42,3.1,SPY211203P00455000,455.0,0,0.0,0.0,,0.0,normalDay
2021-12-01,14379.0,-548.0,0.0,0,450.5,0.0,1,1.42,6.9,SPY211203P00455000,455.0,0,0.0,0.0,,0.0,normalDay
2021-12-02,14379.0,-17.0,0.0,0,457.4,0.0,1,1.42,1.59,SPY211203P00455000,455.0,0,0.0,0.0,,0.0,normalDay
2021-12-03,14521.0,-158.0,142.0,100,453.42,455.0,1,1.42,0.0,SPY211203P00455000,455.0,0,0.0,0.0,,0.0,expirationDay
2021-12-06,14521.0,321.0,0.0,100,458.79,455.0,0,0.0,0.0,,0.0,1,11.62,12.2,SPY220630C00489000,489.0,normalDay
2021-12-07,14521.0,1022.0,0.0,100,468.28,455.0,0,0.0,0.0,,0.0,1,11.62,14.68,SPY220630C00489000,489.0,normalDay
2021-12-08,14521.0,1150.0,0.0,100,469.52,455.0,0,0.0,0.0,,0.0,1,11.62,14.64,SPY220630C00489000,489.0,normalDay
2021-12-09,14521.0,961.0,0.0,100,466.35,455.0,0,0.0,0.0,,0.0,1,11.62,13.36,SPY220630C00489000,489.0,normalDay
2021-12-10,14521.0,1278.0,0.0,100,470.74,455.0,0,0.0,0.0,,0.0,1,11.62,14.58,SPY220630C00489000,489.0,normalDay
2021-12-13,14521.0,997.0,0.0,100,466.57,455.0,0,0.0,0.0,,0.0,1,11.62,13.22,SPY220630C00489000,489.0,normalDay
2021-12-14,14521.0,769.0,0.0,100,463.36,455.0,0,0.0,0.0,,0.0,1,11.62,12.29,SPY220630C00489000,489.0,normalDay
2021-12-15,14521.0,1254.0,0.0,100,470.6,455.0,0,0.0,0.0,,0.0,1,11.62,14.68,SPY220630C00489000,489.0,normalDay
2021-12-16,14521.0,951.0,0.0,100,466.45,455.0,0,0.0,0.0,,0.0,1,11.62,13.56,SPY220630C00489000,489.0,normalDay
2021-12-17,14521.0,470.0,0.0,100,459.87,455.0,0,0.0,0.0,,0.0,1,11.62,11.79,SPY220630C00489000,489.0,normalDay
2021-12-20,14521.0,181.0,0.0,100,454.98,455.0,0,0.0,0.0,,0.0,1,11.62,9.79,SPY220630C00489000,489.0,normalDay
2021-12-21,14521.0,738.0,0.0,100,463.06,455.0,0,0.0,0.0,,0.0,1,11.62,12.3,SPY220630C00489000,489.0,normalDay
2021-12-22,14521.0,1075.0,0.0,100,467.69,455.0,0,0.0,0.0,,0.0,1,11.62,13.56,SPY220630C00489000,489.0,normalDay
2021-12-23,14521.0,1245.0,0.0,100,470.6,455.0,0,0.0,0.0,,0.0,1,11.62,14.77,SPY220630C00489000,489.0,normalDay
2021-12-27,14521.0,1632.0,0.0,100,477.26,455.0,0,0.0,0.0,,0.0,1,11.62,17.56,SPY220630C00489000,489.0,normalDay
2021-12-28,14521.0,1623.0,0.0,100,476.87,455.0,0,0.0,0.0,,0.0,1,11.62,17.26,SPY220630C00489000,489.0,normalDay
2021-12-29,14521.0,1697.0,0.0,100,477.48,455.0,0,0.0,0.0,,0.0,1,11.62,17.13,SPY220630C00489000,489.0,normalDay
2021-12-30,14521.0,1664.0,0.0,100,476.16,455.0,0,0.0,0.0,,0.0,1,11.62,16.14,SPY220630C00489000,489.0,normalDay
2021-12-31,14521.0,1625.0,0.0,100,474.96,455.0,0,0.0,0.0,,0.0,1,11.62,15.33,SPY220630C00489000,489.0,normalDay
2022-01-03,14521.0,1808.0,0.0,100,477.71,455.0,0,0.0,0.0,,0.0,1,11.62,16.25,SPY220630C00489000,489.0,normalDay
2022-01-04,14521.0,1802.0,0.0,100,477.55,455.0,0,0.0,0.0,,0.0,1,11.62,16.15,SPY220630C00489000,489.0,normalDay
2022-01-05,14521.0,1237.0,0.0,100,468.38,455.0,0,0.0,0.0,,0.0,1,11.62,12.63,SPY220630C00489000,489.0,normalDay
2022-01-06,14521.0,1220.0,0.0,100,467.94,455.0,0,0.0,0.0,,0.0,1,11.62,12.36,SPY220630C00489000,489.0,normalDay
2022-01-07,14521.0,1145.0,0.0,100,466.09,455.0,0,0.0,0.0,,0.0,1,11.62,11.26,SPY220630C00489000,489.0,normalDay
2022-01-10,14521.0,1172.0,0.0,100,465.51,455.0,0,0.0,0.0,,0.0,1,11.62,10.41,SPY220630C00489000,489.0,normalDay
2022-01-11,14521.0,1450.0,0.0,100,469.75,455.0,0,0.0,0.0,,0.0,1,11.62,11.87,SPY220630C00489000,489.0,normalDay
2022-01-12,14521.0,1518.0,0.0,100,471.02,455.0,0,0.0,0.0,,0.0,1,11.62,12.46,SPY220630C00489000,489.0,normalDay
2022-01-13,14521.0,1103.0,0.0,100,464.53,455.0,0,0.0,0.0,,0.0,1,11.62,10.12,SPY220630C00489000,489.0,normalDay
2022-01-14,14521.0,1150.0,0.0,100,464.72,455.0,0,0.0,0.0,,0.0,1,11.62,9.84,SPY220630C00489000,489.0,normalDay
2022-01-18,14521.0,555.0,0.0,100,456.49,455.0,0,0.0,0.0,,0.0,1,11.62,7.56,SPY220630C00489000,489.0,normalDay
2022-01-19,14521.0,219.0,0.0,100,451.75,455.0,0,0.0,0.0,,0.0,1,11.62,6.18,SPY220630C00489000,489.0,normalDay
2022-01-20,14521.0,-219.0,0.0,100,446.75,455.0,0,0.0,0.0,,0.0,1,11.62,5.56,SPY220630C00489000,489.0,normalDay
2022-01-21,14521.0,-947.0,0.0,100,437.98,455.0,0,0.0,0.0,,0.0,1,11.62,4.07,SPY220630C00489000,489.0,normalDay
2022-01-24,14521.0,-774.0,0.0,100,439.84,455.0,0,0.0,0.0,,0.0,1,11.62,4.2,SPY220630C00489000,489.0,normalDay
2022-01-25,14521.0,-1218.0,0.0,100,434.47,455.0,0,0.0,0.0,,0.0,1,11.62,3.27,SPY220630C00489000,489.0,normalDay
2022-01-26,14521.0,-1327.0,0.0,100,433.38,455.0,0,0.0,0.0,,0.0,1,11.62,3.27,SPY220630C00489000,489.0,normalDay
2022-01-27,14521.0,-1516.0,0.0,100,431.24,455.0,0,0.0,0.0,,0.0,1,11.62,3.02,SPY220630C00489000,489.0,normalDay
2022-01-28,14521.0,-553.0,0.0,100,441.95,455.0,0,0.0,0.0,,0.0,1,11.62,4.1,SPY220630C00489000,489.0,normalDay
2022-01-31,14521.0,140.0,0.0,100,449.91,455.0,0,0.0,0.0,,0.0,1,11.62,5.13,SPY220630C00489000,489.0,normalDay
2022-02-01,14521.0,429.0,0.0,100,452.95,455.0,0,0.0,0.0,,0.0,1,11.62,5.28,SPY220630C00489000,489.0,normalDay
2022-02-02,14521.0,805.0,0.0,100,457.35,455.0,0,0.0,0.0,,0.0,1,11.62,5.92,SPY220630C00489000,489.0,normalDay
2022-02-03,14521.0,-199.0,0.0,100,446.6,455.0,0,0.0,0.0,,0.0,1,11.62,5.21,SPY220630C00489000,489.0,normalDay
2022-02-04,14521.0,56.0,0.0,100,448.7,455.0,0,0.0,0.0,,0.0,1,11.62,4.76,SPY220630C00489000,489.0,normalDay
2022-02-07,14521.0,-67.0,0.0,100,447.26,455.0,0,0.0,0.0,,0.0,1,11.62,4.55,SPY220630C00489000,489.0,normalDay
2022-02-08,14521.0,278.0,0.0,100,450.94,455.0,0,0.0,0.0,,0.0,1,11.62,4.78,SPY220630C00489000,489.0,normalDay
2022-02-09,14521.0,827.0,0.0,100,457.54,455.0,0,0.0,0.0,,0.0,1,11.62,5.89,SPY220630C00489000,489.0,normalDay
2022-02-10,14521.0,148.0,0.0,100,449.32,455.0,0,0.0,0.0,,0.0,1,11.62,4.46,SPY220630C00489000,489.0,normalDay
2022-02-11,14521.0,-645.0,0.0,100,440.46,455.0,0,0.0,0.0,,0.0,1,11.62,3.53,SPY220630C00489000,489.0,normalDay
2022-02-14,14521.0,-761.0,0.0,100,439.02,455.0,0,0.0,0.0,,0.0,1,11.62,3.25,SPY220630C00489000,489.0,normalDay
2022-02-15,14521.0,-93.0,0.0,100,446.1,455.0,0,0.0,0.0,,0.0,1,11.62,3.65,SPY220630C00489000,489.0,normalDay
2022-02-16,14521.0,-30.0,0.0,100,446.6,455.0,0,0.0,0.0,,0.0,1,11.62,3.52,SPY220630C00489000,489.0,normalDay
2022-02-17,14521.0,-876.0,0.0,100,437.06,455.0,0,0.0,0.0,,0.0,1,11.62,2.44,SPY220630C00489000,489.0,normalDay
2022-02-18,14521.0,-1154.0,0.0,100,434.23,455.0,0,0.0,0.0,,0.0,1,11.62,2.39,SPY220630C00489000,489.0,normalDay
2022-02-22,14521.0,-1563.0,0.0,100,429.57,455.0,0,0.0,0.0,,0.0,1,11.62,1.82,SPY220630C00489000,489.0,normalDay
2022-02-23,14521.0,-2279.0,0.0,100,421.95,455.0,0,0.0,0.0,,0.0,1,11.62,1.36,SPY220630C00489000,489.0,normalDay
2022-02-24,14521.0,-1674.0,0.0,100,428.3,455.0,0,0.0,0.0,,0.0,1,11.62,1.66,SPY220630C00489000,489.0,normalDay
2022-02-25,14521.0,-817.0,0.0,100,437.75,455.0,0,0.0,0.0,,0.0,1,11.62,2.54,SPY220630C00489000,489.0,normalDay
2022-02-28,14521.0,-939.0,0.0,100,436.63,455.0,0,0.0,0.0,,0.0,1,11.62,2.64,SPY220630C00489000,489.0,normalDay
2022-03-01,14521.0,-1564.0,0.0,100,429.98,455.0,0,0.0,0.0,,0.0,1,11.62,2.24,SPY220630C00489000,489.0,normalDay
2022-03-02,14521.0,-823.0,0.0,100,437.89,455.0,0,0.0,0.0,,0.0,1,11.62,2.74,SPY220630C00489000,489.0,normalDay
2022-03-03,14521.0,-1008.0,0.0,100,435.71,455.0,0,0.0,0.0,,0.0,1,11.62,2.41,SPY220630C00489000,489.0,normalDay
2022-03-04,14521.0,-1324.0,0.0,100,432.17,455.0,0,0.0,0.0,,0.0,1,11.62,2.03,SPY220630C00489000,489.0,normalDay
2022-03-07,14521.0,-2532.0,0.0,100,419.43,455.0,0,0.0,0.0,,0.0,1,11.62,1.37,SPY220630C00489000,489.0,normalDay
2022-03-08,14521.0,-2825.0,0.0,100,416.25,455.0,0,0.0,0.0,,0.0,1,11.62,1.12,SPY220630C00489000,489.0,normalDay
2022-03-09,14521.0,-1770.0,0.0,100,427.41,455.0,0,0.0,0.0,,0.0,1,11.62,1.73,SPY220630C00489000,489.0,normalDay
2022-03-10,14521.0,-1928.0,0.0,100,425.48,455.0,0,0.0,0.0,,0.0,1,11.62,1.38,SPY220630C00489000,489.0,normalDay
2022-03-11,14521.0,-2436.0,0.0,100,420.07,455.0,0,0.0,0.0,,0.0,1,11.62,1.05,SPY220630C00489000,489.0,normalDay
2022-03-14,14521.0,-2734.0,0.0,100,417.0,455.0,0,0.0,0.0,,0.0,1,11.62,0.96,SPY220630C00489000,489.0,normalDay
2022-03-15,14521.0,-1850.0,0.0,100,426.17,455.0,0,0.0,0.0,,0.0,1,11.62,1.29,SPY220630C00489000,489.0,normalDay
2022-03-16,14521.0,-935.0,0.0,100,435.62,455.0,0,0.0,0.0,,0.0,1,11.62,1.59,SPY220630C00489000,489.0,normalDay
2022-03-17,14521.0,-406.0,0.0,100,441.07,455.0,0,0.0,0.0,,0.0,1,11.62,1.75,SPY220630C00489000,489.0,normalDay
2022-03-18,14521.0,-87.0,0.0,100,444.52,455.0,0,0.0,0.0,,0.0,1,11.62,2.01,SPY220630C00489000,489.0,normalDay
2022-03-21,14521.0,-80.0,0.0,100,444.39,455.0,0,0.0,0.0,,0.0,1,11.62,1.81,SPY220630C00489000,489.0,normalDay
2022-03-22,14521.0,380.0,0.0,100,449.59,455.0,0,0.0,0.0,,0.0,1,11.62,2.41,SPY220630C00489000,489.0,normalDay
2022-03-23,14521.0,-123.0,0.0,100,443.8,455.0,0,0.0,0.0,,0.0,1,11.62,1.65,SPY220630C00489000,489.0,normalDay
2022-03-24,14521.0,485.0,0.0,100,450.49,455.0,0,0.0,0.0,,0.0,1,11.62,2.26,SPY220630C00489000,489.0,normalDay
2022-03-25,14521.0,688.0,0.0,100,452.69,455.0,0,0.0,0.0,,0.0,1,11.62,2.43,SPY220630C00489000,489.0,normalDay
2022-03-28,14521.0,983.0,0.0,100,455.91,455.0,0,0.0,0.0,,0.0,1,11.62,2.7,SPY220630C00489000,489.0,normalDay
2022-03-29,14521.0,1458.0,0.0,100,461.55,455.0,0,0.0,0.0,,0.0,1,11.62,3.59,SPY220630C00489000,489.0,normalDay
2022-03-30,14521.0,1211.0,0.0,100,458.7,455.0,0,0.0,0.0,,0.0,1,11.62,3.21,SPY220630C00489000,489.0,normalDay
2022-03-31,14521.0,602.0,0.0,100,451.64,455.0,0,0.0,0.0,,0.0,1,11.62,2.24,SPY220630C00489000,489.0,normalDay
2022-04-01,14521.0,759.0,0.0,100,452.92,455.0,0,0.0,0.0,,0.0,1,11.62,1.95,SPY220630C00489000,489.0,normalDay
2022-04-04,14521.0,1121.0,0.0,100,456.8,455.0,0,0.0,0.0,,0.0,1,11.62,2.21,SPY220630C00489000,489.0,normalDay
2022-04-05,14521.0,596.0,0.0,100,451.03,455.0,0,0.0,0.0,,0.0,1,11.62,1.69,SPY220630C00489000,489.0,normalDay
2022-04-06,14521.0,191.0,0.0,100,446.52,455.0,0,0.0,0.0,,0.0,1,11.62,1.23,SPY220630C00489000,489.0,normalDay
2022-04-07,14521.0,404.0,0.0,100,448.77,455.0,0,0.0,0.0,,0.0,1,11.62,1.35,SPY220630C00489000,489.0,normalDay
2022-04-08,14521.0,301.0,0.0,100,447.57,455.0,0,0.0,0.0,,0.0,1,11.62,1.18,SPY220630C00489000,489.0,normalDay
2022-04-11,14521.0,-422.0,0.0,100,439.92,455.0,0,0.0,0.0,,0.0,1,11.62,0.76,SPY220630C00489000,489.0,normalDay
2022-04-12,14521.0,-577.0,0.0,100,438.29,455.0,0,0.0,0.0,,0.0,1,11.62,0.68,SPY220630C00489000,489.0,normalDay
2022-04-13,14521.0,-85.0,0.0,100,443.31,455.0,0,0.0,0.0,,0.0,1,11.62,0.78,SPY220630C00489000,489.0,normalDay
2022-04-14,14521.0,-615.0,0.0,100,437.79,455.0,0,0.0,0.0,,0.0,1,11.62,0.56,SPY220630C00489000,489.0,normalDay
2022-04-18,14521.0,-590.0,0.0,100,437.97,455.0,0,0.0,0.0,,0.0,1,11.62,0.49,SPY220630C00489000,489.0,normalDay
2022-04-19,14521.0,104.0,0.0,100,445.04,455.0,0,0.0,0.0,,0.0,1,11.62,0.62,SPY220630C00489000,489.0,normalDay
2022-04-20,14521.0,66.0,0.0,100,444.71,455.0,0,0.0,0.0,,0.0,1,11.62,0.67,SPY220630C00489000,489.0,normalDay
2022-04-21,14521.0,-574.0,0.0,100,438.06,455.0,0,0.0,0.0,,0.0,1,11.62,0.42,SPY220630C00489000,489.0,normalDay
2022-04-22,14521.0,-1757.0,0.0,100,426.04,455.0,0,0.0,0.0,,0.0,1,11.62,0.23,SPY220630C00489000,489.0,normalDay
2022-04-25,14521.0,-1508.0,0.0,100,428.51,455.0,0,0.0,0.0,,0.0,1,11.62,0.21,SPY220630C00489000,489.0,normalDay
2022-04-26,14521.0,-2741.0,0.0,100,416.1,455.0,0,0.0,0.0,,0.0,1,11.62,0.13,SPY220630C00489000,489.0,normalDay
2022-04-27,14521.0,-2624.0,0.0,100,417.27,455.0,0,0.0,0.0,,0.0,1,11.62,0.13,SPY220630C00489000,489.0,normalDay
2022-04-28,14521.0,-1578.0,0.0,100,427.81,455.0,0,0.0,0.0,,0.0,1,11.62,0.21,SPY220630C00489000,489.0,normalDay
2022-04-29,14521.0,-3151.0,0.0,100,412.0,455.0,0,0.0,0.0,,0.0,1,11.62,0.13,SPY220630C00489000,489.0,normalDay
2022-05-02,14521.0,-2904.0,0.0,100,414.48,455.0,0,0.0,0.0,,0.0,1,11.62,0.14,SPY220630C00489000,489.0,normalDay
2022-05-03,14521.0,-2710.0,0.0,100,416.38,455.0,0,0.0,0.0,,0.0,1,11.62,0.1,SPY220630C00489000,489.0,normalDay
2022-05-04,14521.0,-1447.0,0.0,100,429.06,455.0,0,0.0,0.0,,0.0,1,11.62,0.15,SPY220630C00489000,489.0,normalDay
2022-05-05,14521.0,-2966.0,0.0,100,413.81,455.0,0,0.0,0.0,,0.0,1,11.62,0.09,SPY220630C00489000,489.0,normalDay
2022-05-06,14521.0,-3210.0,0.0,100,411.34,455.0,0,0.0,0.0,,0.0,1,11.62,0.06,SPY220630C00489000,489.0,normalDay
2022-05-09,14521.0,-4527.0,0.0,100,398.17,455.0,0,0.0,0.0,,0.0,1,11.62,0.06,SPY220630C00489000,489.0,normalDay
2022-05-10,14521.0,-4433.0,0.0,100,399.09,455.0,0,0.0,0.0,,0.0,1,11.62,0.04,SPY220630C00489000,489.0,normalDay
2022-05-11,14521.0,-5067.0,0.0,100,392.75,455.0,0,0.0,0.0,,0.0,1,11.62,0.04,SPY220630C00489000,489.0,normalDay
2022-05-12,14521.0,-5108.0,0.0,100,392.34,455.0,0,0.0,0.0,,0.0,1,11.62,0.04,SPY220630C00489000,489.0,normalDay
2022-05-13,14521.0,-4170.0,0.0,100,401.72,455.0,0,0.0,0.0,,0.0,1,11.62,0.04,SPY220630C00489000,489.0,normalDay
2022-05-16,14521.0,-4332.0,0.0,100,400.09,455.0,0,0.0,0.0,,0.0,1,11.62,0.03,SPY220630C00489000,489.0,normalDay
2022-05-17,14521.0,-3509.0,0.0,100,408.32,455.0,0,0.0,0.0,,0.0,1,11.62,0.03,SPY220630C00489000,489.0,normalDay
2022-05-18,14521.0,-5154.0,0.0,100,391.86,455.0,0,0.0,0.0,,0.0,1,11.62,0.02,SPY220630C00489000,489.0,normalDay
2022-05-19,14521.0,-5394.0,0.0,100,389.46,455.0,0,0.0,0.0,,0.0,1,11.62,0.02,SPY220630C00489000,489.0,normalDay
2022-05-20,14521.0,-5378.0,0.0,100,389.63,455.0,0,0.0,0.0,,0.0,1,11.62,0.03,SPY220630C00489000,489.0,normalDay
2022-05-23,14521.0,-4649.0,0.0,100,396.92,455.0,0,0.0,0.0,,0.0,1,11.62,0.03,SPY220630C00489000,489.0,normalDay
2022-05-24,14521.0,-4953.0,0.0,100,393.89,455.0,0,0.0,0.0,,0.0,1,11.62,0.04,SPY220630C00489000,489.0,normalDay
2022-05-25,14521.0,-4604.0,0.0,100,397.37,455.0,0,0.0,0.0,,0.0,1,11.62,0.03,SPY220630C00489000,489.0,normalDay
2022-05-26,14521.0,-3811.0,0.0,100,405.31,455.0,0,0.0,0.0,,0.0,1,11.62,0.04,SPY220630C00489000,489.0,normalDay
2022-05-27,14521.0,-2818.0,0.0,100,415.26,455.0,0,0.0,0.0,,0.0,1,11.62,0.06,SPY220630C00489000,489.0,normalDay
2022-05-31,14521.0,-3049.0,0.0,100,412.93,455.0,0,0.0,0.0,,0.0,1,11.62,0.04,SPY220630C00489000,489.0,normalDay
2022-06-01,14521.0,-3382.0,0.0,100,409.59,455.0,0,0.0,0.0,,0.0,1,11.62,0.03,SPY220630C00489000,489.0,normalDay
2022-06-02,14521.0,-2602.0,0.0,100,417.39,455.0,0,0.0,0.0,,0.0,1,11.62,0.03,SPY220630C00489000,489.0,normalDay
2022-06-03,14521.0,-3287.0,0.0,100,410.54,455.0,0,0.0,0.0,,0.0,1,11.62,0.03,SPY220630C00489000,489.0,normalDay
2022-06-06,14521.0,-3162.0,0.0,100,411.79,455.0,0,0.0,0.0,,0.0,1,11.62,0.03,SPY220630C00489000,489.0,normalDay
2022-06-07,14521.0,-2766.0,0.0,100,415.74,455.0,0,0.0,0.0,,0.0,1,11.62,0.02,SPY220630C00489000,489.0,normalDay
2022-06-08,14521.0,-3218.0,0.0,100,411.22,455.0,0,0.0,0.0,,0.0,1,11.62,0.02,SPY220630C00489000,489.0,normalDay
2022-06-09,14521.0,-4196.0,0.0,100,401.44,455.0,0,0.0,0.0,,0.0,1,11.62,0.02,SPY220630C00489000,489.0,normalDay
2022-06-10,14521.0,-5360.0,0.0,100,389.8,455.0,0,0.0,0.0,,0.0,1,11.62,0.02,SPY220630C00489000,489.0,normalDay
2022-06-13,14521.0,-6840.0,0.0,100,375.0,455.0,0,0.0,0.0,,0.0,1,11.62,0.02,SPY220630C00489000,489.0,normalDay
2022-06-14,14521.0,-6953.0,0.0,100,373.87,455.0,0,0.0,0.0,,0.0,1,11.62,0.02,SPY220630C00489000,489.0,normalDay
2022-06-15,14521.0,-6419.0,0.0,100,379.2,455.0,0,0.0,0.0,,0.0,1,11.62,0.01,SPY220630C00489000,489.0,normalDay
2022-06-16,14521.0,-7674.0,0.0,100,366.65,455.0,0,0.0,0.0,,0.0,1,11.62,0.01,SPY220630C00489000,489.0,normalDay
2022-06-17,14521.0,-7753.0,0.0,100,365.86,455.0,0,0.0,0.0,,0.0,1,11.62,0.01,SPY220630C00489000,489.0,normalDay
2022-06-21,14521.0,-6832.0,0.0,100,375.07,455.0,0,0.0,0.0,,0.0,1,11.62,0.01,SPY220630C00489000,489.0,normalDay
2022-06-22,14521.0,-6900.0,0.0,100,374.39,455.0,0,0.0,0.0,,0.0,1,11.62,0.01,SPY220630C00489000,489.0,normalDay
2022-06-23,14521.0,-6533.0,0.0,100,378.06,455.0,0,0.0,0.0,,0.0,1,11.62,0.01,SPY220630C00489000,489.0,normalDay
2022-06-24,14521.0,-5331.0,0.0,100,390.08,455.0,0,0.0,0.0,,0.0,1,11.62,0.01,SPY220630C00489000,489.0,normalDay
2022-06-27,14521.0,-5480.0,0.0,100,388.59,455.0,0,0.0,0.0,,0.0,1,11.62,0.01,SPY220630C00489000,489.0,normalDay
2022-06-28,14521.0,-6274.0,0.0,100,380.65,455.0,0,0.0,0.0,,0.0,1,11.62,0.01,SPY220630C00489000,489.0,normalDay
2022-06-29,14521.0,-6305.0,0.0,100,380.34,455.0,0,0.0,0.0,,0.0,1,11.62,0.01,SPY220630C00489000,489.0,normalDay
2022-06-30,15683.0,-7775.0,1162.0,100,377.25,455.0,0,0.0,0.0,,0.0,1,11.62,0.0,SPY220630C00489000,489.0,expirationDay
2022-07-01,15683.0,-7386.0,0.0,100,381.24,455.0,0,0.0,0.0,,0.0,1,3.58,3.68,SPY230120C00450000,450.0,normalDay
2022-07-05,15683.0,-7302.0,0.0,100,381.96,455.0,0,0.0,0.0,,0.0,1,3.58,3.56,SPY230120C00450000,450.0,normalDay
2022-07-06,15683.0,-7204.0,0.0,100,383.25,455.0,0,0.0,0.0,,0.0,1,3.58,3.87,SPY230120C00450000,450.0,normalDay
2022-07-07,15683.0,-6710.0,0.0,100,388.99,455.0,0,0.0,0.0,,0.0,1,3.58,4.67,SPY230120C00450000,450.0,normalDay
2022-07-08,15683.0,-6732.0,0.0,100,388.67,455.0,0,0.0,0.0,,0.0,1,3.58,4.57,SPY230120C00450000,450.0,normalDay
2022-07-11,15683.0,-7103.0,0.0,100,384.23,455.0,0,0.0,0.0,,0.0,1,3.58,3.84,SPY230120C00450000,450.0,normalDay
2022-07-12,15683.0,-7379.0,0.0,100,380.83,455.0,0,0.0,0.0,,0.0,1,3.58,3.2,SPY230120C00450000,450.0,normalDay
2022-07-13,15683.0,-7554.0,0.0,100,378.83,455.0,0,0.0,0.0,,0.0,1,3.58,2.95,SPY230120C00450000,450.0,normalDay
2022-07-14,15683.0,-7642.0,0.0,100,377.91,455.0,0,0.0,0.0,,0.0,1,3.58,2.91,SPY230120C00450000,450.0,normalDay
2022-07-15,15683.0,-6981.0,0.0,100,385.13,455.0,0,0.0,0.0,,0.0,1,3.58,3.52,SPY230120C00450000,450.0,normalDay
2022-07-18,15683.0,-7267.0,0.0,100,381.95,455.0,0,0.0,0.0,,0.0,1,3.58,3.2,SPY230120C00450000,450.0,normalDay
2022-07-19,15683.0,-6419.0,0.0,100,392.27,455.0,0,0.0,0.0,,0.0,1,3.58,5.04,SPY230120C00450000,450.0,normalDay
2022-07-20,15683.0,-6218.0,0.0,100,394.77,455.0,0,0.0,0.0,,0.0,1,3.58,5.53,SPY230120C00450000,450.0,normalDay
2022-07-21,15683.0,-5876.0,0.0,100,398.79,455.0,0,0.0,0.0,,0.0,1,3.58,6.13,SPY230120C00450000,450.0,normalDay
2022-07-22,15683.0,-6154.0,0.0,100,395.09,455.0,0,0.0,0.0,,0.0,1,3.58,5.21,SPY230120C00450000,450.0,normalDay
2022-07-25,15683.0,-6113.0,0.0,100,395.57,455.0,0,0.0,0.0,,0.0,1,3.58,5.28,SPY230120C00450000,450.0,normalDay
2022-07-26,15683.0,-6505.0,0.0,100,390.89,455.0,0,0.0,0.0,,0.0,1,3.58,4.52,SPY230120C00450000,450.0,normalDay
2022-07-27,15683.0,-5637.0,0.0,100,401.04,455.0,0,0.0,0.0,,0.0,1,3.58,5.99,SPY230120C00450000,450.0,normalDay
2022-07-28,15683.0,-5276.0,0.0,100,406.07,455.0,0,0.0,0.0,,0.0,1,3.58,7.41,SPY230120C00450000,450.0,normalDay
2022-07-29,15683.0,-4809.0,0.0,100,411.99,455.0,0,0.0,0.0,,0.0,1,3.58,8.66,SPY230120C00450000,450.0,normalDay
2022-08-01,15683.0,-4917.0,0.0,100,410.77,455.0,0,0.0,0.0,,0.0,1,3.58,8.52,SPY230120C00450000,450.0,normalDay
2022-08-02,15683.0,-5124.0,0.0,100,408.06,455.0,0,0.0,0.0,,0.0,1,3.58,7.88,SPY230120C00450000,450.0,normalDay
2022-08-03,15683.0,-4620.0,0.0,100,414.45,455.0,0,0.0,0.0,,0.0,1,3.58,9.23,SPY230120C00450000,450.0,normalDay
2022-08-04,15683.0,-4659.0,0.0,100,414.17,455.0,0,0.0,0.0,,0.0,1,3.58,9.34,SPY230120C00450000,450.0,normalDay
2022-08-05,15683.0,-4673.0,0.0,100,413.47,455.0,0,0.0,0.0,,0.0,1,3.58,8.78,SPY230120C00450000,450.0,normalDay
2022-08-08,15683.0,-4724.0,0.0,100,412.99,455.0,0,0.0,0.0,,0.0,1,3.58,8.81,SPY230120C00450000,450.0,normalDay
2022-08-09,15683.0,-4832.0,0.0,100,411.35,455.0,0,0.0,0.0,,0.0,1,3.58,8.25,SPY230120C00450000,450.0,normalDay
2022-08-10,15683.0,-4180.0,0.0,100,419.99,455.0,0,0.0,0.0,,0.0,1,3.58,10.37,SPY230120C00450000,450.0,normalDay
2022-08-11,15683.0,-4194.0,0.0,100,419.99,455.0,0,0.0,0.0,,0.0,1,3.58,10.51,SPY230120C00450000,450.0,normalDay
2022-08-12,15683.0,-3719.0,0.0,100,427.1,455.0,0,0.0,0.0,,0.0,1,3.58,12.87,SPY230120C00450000,450.0,normalDay
2022-08-15,15683.0,-3602.0,0.0,100,428.86,455.0,0,0.0,0.0,,0.0,1,3.58,13.46,SPY230120C00450000,450.0,normalDay
2022-08-16,15683.0,-3536.0,0.0,100,429.7,455.0,0,0.0,0.0,,0.0,1,3.58,13.64,SPY230120C00450000,450.0,normalDay
2022-08-17,15683.0,-3750.0,0.0,100,426.65,455.0,0,0.0,0.0,,0.0,1,3.58,12.73,SPY230120C00450000,450.0,normalDay
2022-08-18,15683.0,-3623.0,0.0,100,427.89,455.0,0,0.0,0.0,,0.0,1,3.58,12.7,SPY230120C00450000,450.0,normalDay
2022-08-19,15683.0,-3985.0,0.0,100,422.14,455.0,0,0.0,0.0,,0.0,1,3.58,10.57,SPY230120C00450000,450.0,normalDay
2022-08-22,15683.0,-4613.0,0.0,100,413.35,455.0,0,0.0,0.0,,0.0,1,3.58,8.06,SPY230120C00450000,450.0,normalDay
2022-08-23,15683.0,-4660.0,0.0,100,412.35,455.0,0,0.0,0.0,,0.0,1,3.58,7.53,SPY230120C00450000,450.0,normalDay
2022-08-24,15683.0,-4530.0,0.0,100,413.67,455.0,0,0.0,0.0,,0.0,1,3.58,7.55,SPY230120C00450000,450.0,normalDay
2022-08-25,15683.0,-4089.0,0.0,100,419.51,455.0,0,0.0,0.0,,0.0,1,3.58,8.98,SPY230120C00450000,450.0,normalDay
2022-08-26,15683.0,-5155.0,0.0,100,405.31,455.0,0,0.0,0.0,,0.0,1,3.58,5.44,SPY230120C00450000,450.0,normalDay
2022-08-29,15683.0,-5360.0,0.0,100,402.63,455.0,0,0.0,0.0,,0.0,1,3.58,4.81,SPY230120C00450000,450.0,normalDay
2022-08-30,15683.0,-5710.0,0.0,100,398.21,455.0,0,0.0,0.0,,0.0,1,3.58,3.89,SPY230120C00450000,450.0,normalDay
2022-08-31,15683.0,-5955.0,0.0,100,395.18,455.0,0,0.0,0.0,,0.0,1,3.58,3.31,SPY230120C00450000,450.0,normalDay
2022-09-01,15683.0,-5837.0,0.0,100,396.42,455.0,0,0.0,0.0,,0.0,1,3.58,3.37,SPY230120C00450000,450.0,normalDay
2022-09-02,15683.0,-6201.0,0.0,100,392.24,455.0,0,0.0,0.0,,0.0,1,3.58,2.83,SPY230120C00450000,450.0,normalDay
2022-09-06,15683.0,-6324.0,0.0,100,390.76,455.0,0,0.0,0.0,,0.0,1,3.58,2.58,SPY230120C00450000,450.0,normalDay
2022-09-07,15683.0,-5700.0,0.0,100,397.78,455.0,0,0.0,0.0,,0.0,1,3.58,3.36,SPY230120C00450000,450.0,normalDay
2022-09-08,15683.0,-5480.0,0.0,100,400.38,455.0,0,0.0,0.0,,0.0,1,3.58,3.76,SPY230120C00450000,450.0,normalDay
2022-09-09,15683.0,-4954.0,0.0,100,406.6,455.0,0,0.0,0.0,,0.0,1,3.58,4.72,SPY230120C00450000,450.0,normalDay
2022-09-12,15683.0,-4643.0,0.0,100,410.97,455.0,0,0.0,0.0,,0.0,1,3.58,5.98,SPY230120C00450000,450.0,normalDay
2022-09-13,15683.0,-6131.0,0.0,100,393.1,455.0,0,0.0,0.0,,0.0,1,3.58,2.99,SPY230120C00450000,450.0,normalDay
2022-09-14,15683.0,-5979.0,0.0,100,394.6,455.0,0,0.0,0.0,,0.0,1,3.58,2.97,SPY230120C00450000,450.0,normalDay
2022-09-15,15683.0,-6373.0,0.0,100,390.12,455.0,0,0.0,0.0,,0.0,1,3.58,2.43,SPY230120C00450000,450.0,normalDay
2022-09-16,15683.0,-6795.0,0.0,100,385.56,455.0,0,0.0,0.0,,0.0,1,3.58,2.09,SPY230120C00450000,450.0,normalDay
2022-09-19,15683.0,-6512.0,0.0,100,388.55,455.0,0,0.0,0.0,,0.0,1,3.58,2.25,SPY230120C00450000,450.0,normalDay
2022-09-20,15683.0,-6921.0,0.0,100,384.09,455.0,0,0.0,0.0,,0.0,1,3.58,1.88,SPY230120C00450000,450.0,normalDay
2022-09-21,15683.0,-7535.0,0.0,100,377.39,455.0,0,0.0,0.0,,0.0,1,3.58,1.32,SPY230120C00450000,450.0,normalDay
2022-09-22,15683.0,-7830.0,0.0,100,374.22,455.0,0,0.0,0.0,,0.0,1,3.58,1.1,SPY230120C00450000,450.0,normalDay
2022-09-23,15683.0,-8436.0,0.0,100,367.95,455.0,0,0.0,0.0,,0.0,1,3.58,0.89,SPY230120C00450000,450.0,normalDay
2022-09-26,15683.0,-8789.0,0.0,100,364.31,455.0,0,0.0,0.0,,0.0,1,3.58,0.78,SPY230120C00450000,450.0,normalDay
2022-09-27,15683.0,-8873.0,0.0,100,363.38,455.0,0,0.0,0.0,,0.0,1,3.58,0.69,SPY230120C00450000,450.0,normalDay
2022-09-28,15683.0,-8182.0,0.0,100,370.53,455.0,0,0.0,0.0,,0.0,1,3.58,0.93,SPY230120C00450000,450.0,normalDay
2022-09-29,15683.0,-8924.0,0.0,100,362.79,455.0,0,0.0,0.0,,0.0,1,3.58,0.61,SPY230120C00450000,450.0,normalDay
2022-09-30,15683.0,-9469.0,0.0,100,357.18,455.0,0,0.0,0.0,,0.0,1,3.58,0.45,SPY230120C00450000,450.0,normalDay
2022-10-03,15683.0,-8549.0,0.0,100,366.61,455.0,0,0.0,0.0,,0.0,1,3.58,0.68,SPY230120C00450000,450.0,normalDay
2022-10-04,15683.0,-7465.0,0.0,100,377.97,455.0,0,0.0,0.0,,0.0,1,3.58,1.2,SPY230120C00450000,450.0,normalDay
2022-10-05,15683.0,-7538.0,0.0,100,377.09,455.0,0,0.0,0.0,,0.0,1,3.58,1.05,SPY230120C00450000,450.0,normalDay
2022-10-06,15683.0,-7910.0,0.0,100,373.2,455.0,0,0.0,0.0,,0.0,1,3.58,0.88,SPY230120C00450000,450.0,normalDay
2022-10-07,15683.0,-8916.0,0.0,100,362.79,455.0,0,0.0,0.0,,0.0,1,3.58,0.53,SPY230120C00450000,450.0,normalDay
2022-10-10,15683.0,-9196.0,0.0,100,360.02,455.0,0,0.0,0.0,,0.0,1,3.58,0.56,SPY230120C00450000,450.0,normalDay
2022-10-11,15683.0,-9422.0,0.0,100,357.74,455.0,0,0.0,0.0,,0.0,1,3.58,0.54,SPY230120C00450000,450.0,normalDay
2022-10-12,15683.0,-9538.0,0.0,100,356.56,455.0,0,0.0,0.0,,0.0,1,3.58,0.52,SPY230120C00450000,450.0,normalDay
2022-10-13,15683.0,-8626.0,0.0,100,365.97,455.0,0,0.0,0.0,,0.0,1,3.58,0.81,SPY230120C00450000,450.0,normalDay
2022-10-14,15683.0,-9432.0,0.0,100,357.63,455.0,0,0.0,0.0,,0.0,1,3.58,0.53,SPY230120C00450000,450.0,normalDay
2022-10-17,15683.0,-8540.0,0.0,100,366.82,455.0,0,0.0,0.0,,0.0,1,3.58,0.8,SPY230120C00450000,450.0,normalDay
2022-10-18,15683.0,-8124.0,0.0,100,371.13,455.0,0,0.0,0.0,,0.0,1,3.58,0.95,SPY230120C00450000,450.0,normalDay
2022-10-19,15683.0,-8368.0,0.0,100,368.5,455.0,0,0.0,0.0,,0.0,1,3.58,0.76,SPY230120C00450000,450.0,normalDay
2022-10-20,15683.0,-8658.0,0.0,100,365.41,455.0,0,0.0,0.0,,0.0,1,3.58,0.57,SPY230120C00450000,450.0,normalDay
2022-10-21,15683.0,-7816.0,0.0,100,374.29,455.0,0,0.0,0.0,,0.0,1,3.58,1.03,SPY230120C00450000,450.0,normalDay
2022-10-24,15683.0,-7381.0,0.0,100,378.87,455.0,0,0.0,0.0,,0.0,1,3.58,1.26,SPY230120C00450000,450.0,normalDay
2022-10-25,15683.0,-6786.0,0.0,100,384.92,455.0,0,0.0,0.0,,0.0,1,3.58,1.36,SPY230120C00450000,450.0,normalDay
2022-10-26,15683.0,-7050.0,0.0,100,382.02,455.0,0,0.0,0.0,,0.0,1,3.58,1.1,SPY230120C00450000,450.0,normalDay
2022-10-27,15683.0,-7211.0,0.0,100,379.98,455.0,0,0.0,0.0,,0.0,1,3.58,0.67,SPY230120C00450000,450.0,normalDay
2022-10-28,15683.0,-6372.0,0.0,100,389.02,455.0,0,0.0,0.0,,0.0,1,3.58,1.32,SPY230120C00450000,450.0,normalDay
2022-10-31,15683.0,-6618.0,0.0,100,386.21,455.0,0,0.0,0.0,,0.0,1,3.58,0.97,SPY230120C00450000,450.0,normalDay
2022-11-01,15683.0,-6772.0,0.0,100,384.52,455.0,0,0.0,0.0,,0.0,1,3.58,0.82,SPY230120C00450000,450.0,normalDay
2022-11-02,15683.0,-7698.0,0.0,100,374.87,455.0,0,0.0,0.0,,0.0,1,3.58,0.43,SPY230120C00450000,450.0,normalDay
2022-11-03,15683.0,-8071.0,0.0,100,371.01,455.0,0,0.0,0.0,,0.0,1,3.58,0.3,SPY230120C00450000,450.0,normalDay
2022-11-04,15683.0,-7544.0,0.0,100,376.35,455.0,0,0.0,0.0,,0.0,1,3.58,0.37,SPY230120C00450000,450.0,normalDay
2022-11-07,15683.0,-7191.0,0.0,100,379.95,455.0,0,0.0,0.0,,0.0,1,3.58,0.44,SPY230120C00450000,450.0,normalDay
2022-11-08,15683.0,-6993.0,0.0,100,382.0,455.0,0,0.0,0.0,,0.0,1,3.58,0.51,SPY230120C00450000,450.0,normalDay
2022-11-09,15683.0,-7760.0,0.0,100,374.13,455.0,0,0.0,0.0,,0.0,1,3.58,0.31,SPY230120C00450000,450.0,normalDay
2022-11-10,15683.0,-5784.0,0.0,100,394.69,455.0,0,0.0,0.0,,0.0,1,3.58,1.11,SPY230120C00450000,450.0,normalDay
2022-11-11,15683.0,-5395.0,0.0,100,398.51,455.0,0,0.0,0.0,,0.0,1,3.58,1.04,SPY230120C00450000,450.0,normalDay
2022-11-14,15683.0,-5705.0,0.0,100,395.12,455.0,0,0.0,0.0,,0.0,1,3.58,0.75,SPY230120C00450000,450.0,normalDay
2022-11-15,15683.0,-5383.0,0.0,100,398.49,455.0,0,0.0,0.0,,0.0,1,3.58,0.9,SPY230120C00450000,450.0,normalDay
2022-11-16,15683.0,-5662.0,0.0,100,395.45,455.0,0,0.0,0.0,,0.0,1,3.58,0.65,SPY230120C00450000,450.0,normalDay
2022-11-17,15683.0,-5773.0,0.0,100,394.24,455.0,0,0.0,0.0,,0.0,1,3.58,0.55,SPY230120C00450000,450.0,normalDay
2022-11-18,15683.0,-5592.0,0.0,100,396.03,455.0,0,0.0,0.0,,0.0,1,3.58,0.53,SPY230120C00450000,450.0,normalDay
2022-11-21,15683.0,-5720.0,0.0,100,394.59,455.0,0,0.0,0.0,,0.0,1,3.58,0.37,SPY230120C00450000,450.0,normalDay
2022-11-22,15683.0,-5196.0,0.0,100,399.9,455.0,0,0.0,0.0,,0.0,1,3.58,0.44,SPY230120C00450000,450.0,normalDay
2022-11-23,15683.0,-4942.0,0.0,100,402.42,455.0,0,0.0,0.0,,0.0,1,3.58,0.42,SPY230120C00450000,450.0,normalDay
2022-11-25,15683.0,-4946.0,0.0,100,402.33,455.0,0,0.0,0.0,,0.0,1,3.58,0.37,SPY230120C00450000,450.0,normalDay
2022-11-28,15683.0,-5574.0,0.0,100,395.91,455.0,0,0.0,0.0,,0.0,1,3.58,0.23,SPY230120C00450000,450.0,normalDay
2022-11-29,15683.0,-5639.0,0.0,100,395.23,455.0,0,0.0,0.0,,0.0,1,3.58,0.2,SPY230120C00450000,450.0,normalDay
2022-11-30,15683.0,-4432.0,0.0,100,407.68,455.0,0,0.0,0.0,,0.0,1,3.58,0.58,SPY230120C00450000,450.0,normalDay
2022-12-01,15683.0,-4456.0,0.0,100,407.38,455.0,0,0.0,0.0,,0.0,1,3.58,0.52,SPY230120C00450000,450.0,normalDay
2022-12-02,15683.0,-4487.0,0.0,100,406.91,455.0,0,0.0,0.0,,0.0,1,3.58,0.36,SPY230120C00450000,450.0,normalDay
2022-12-05,15683.0,-5203.0,0.0,100,399.59,455.0,0,0.0,0.0,,0.0,1,3.58,0.2,SPY230120C00450000,450.0,normalDay
2022-12-06,15683.0,-5774.0,0.0,100,393.83,455.0,0,0.0,0.0,,0.0,1,3.58,0.15,SPY230120C00450000,450.0,normalDay
2022-12-07,15683.0,-5841.0,0.0,100,393.16,455.0,0,0.0,0.0,,0.0,1,3.58,0.15,SPY230120C00450000,450.0,normalDay
2022-12-08,15683.0,-5536.0,0.0,100,396.24,455.0,0,0.0,0.0,,0.0,1,3.58,0.18,SPY230120C00450000,450.0,normalDay
2022-12-09,15683.0,-5829.0,0.0,100,393.28,455.0,0,0.0,0.0,,0.0,1,3.58,0.15,SPY230120C00450000,450.0,normalDay
2022-12-12,15683.0,-5277.0,0.0,100,398.95,455.0,0,0.0,0.0,,0.0,1,3.58,0.3,SPY230120C00450000,450.0,normalDay
2022-12-13,15683.0,-4968.0,0.0,100,401.97,455.0,0,0.0,0.0,,0.0,1,3.58,0.23,SPY230120C00450000,450.0,normalDay
2022-12-14,15683.0,-5214.0,0.0,100,399.4,455.0,0,0.0,0.0,,0.0,1,3.58,0.12,SPY230120C00450000,450.0,normalDay
2022-12-15,15683.0,-6187.0,0.0,100,389.63,455.0,0,0.0,0.0,,0.0,1,3.58,0.08,SPY230120C00450000,450.0,normalDay
2022-12-16,15683.0,-6821.0,0.0,100,383.27,455.0,0,0.0,0.0,,0.0,1,3.58,0.06,SPY230120C00450000,450.0,normalDay
2022-12-19,15683.0,-7144.0,0.0,100,380.02,455.0,0,0.0,0.0,,0.0,1,3.58,0.04,SPY230120C00450000,450.0,normalDay
2022-12-20,15683.0,-7092.0,0.0,100,380.54,455.0,0,0.0,0.0,,0.0,1,3.58,0.04,SPY230120C00450000,450.0,normalDay
2022-12-21,15683.0,-6523.0,0.0,100,386.23,455.0,0,0.0,0.0,,0.0,1,3.58,0.04,SPY230120C00450000,450.0,normalDay
2022-12-22,15683.0,-7073.0,0.0,100,380.72,455.0,0,0.0,0.0,,0.0,1,3.58,0.03,SPY230120C00450000,450.0,normalDay
2022-12-23,15683.0,-6854.0,0.0,100,382.91,455.0,0,0.0,0.0,,0.0,1,3.58,0.03,SPY230120C00450000,450.0,normalDay
2022-12-27,15683.0,-7005.0,0.0,100,381.4,455.0,0,0.0,0.0,,0.0,1,3.58,0.03,SPY230120C00450000,450.0,normalDay
2022-12-28,15683.0,-7478.0,0.0,100,376.66,455.0,0,0.0,0.0,,0.0,1,3.58,0.02,SPY230120C00450000,450.0,normalDay
2022-12-29,15683.0,-6800.0,0.0,100,383.44,455.0,0,0.0,0.0,,0.0,1,3.58,0.02,SPY230120C00450000,450.0,normalDay
2022-12-30,15683.0,-6901.0,0.0,100,382.43,455.0,0,0.0,0.0,,0.0,1,3.58,0.02,SPY230120C00450000,450.0,normalDay
2023-01-03,15683.0,-7062.0,0.0,100,380.82,455.0,0,0.0,0.0,,0.0,1,3.58,0.02,SPY230120C00450000,450.0,normalDay
2023-01-04,15683.0,-6768.0,0.0,100,383.76,455.0,0,0.0,0.0,,0.0,1,3.58,0.02,SPY230120C00450000,450.0,normalDay
2023-01-05,15683.0,-7206.0,0.0,100,379.38,455.0,0,0.0,0.0,,0.0,1,3.58,0.02,SPY230120C00450000,450.0,normalDay
2023-01-06,15683.0,-6336.0,0.0,100,388.08,455.0,0,0.0,0.0,,0.0,1,3.58,0.02,SPY230120C00450000,450.0,normalDay
2023-01-09,15683.0,-6358.0,0.0,100,387.86,455.0,0,0.0,0.0,,0.0,1,3.58,0.02,SPY230120C00450000,450.0,normalDay
2023-01-10,15683.0,-6085.0,0.0,100,390.58,455.0,0,0.0,0.0,,0.0,1,3.58,0.01,SPY230120C00450000,450.0,normalDay
2023-01-11,15683.0,-5591.0,0.0,100,395.52,455.0,0,0.0,0.0,,0.0,1,3.58,0.01,SPY230120C00450000,450.0,normalDay
2023-01-12,15683.0,-5447.0,0.0,100,396.96,455.0,0,0.0,0.0,,0.0,1,3.58,0.01,SPY230120C00450000,450.0,normalDay
2023-01-13,15683.0,-5293.0,0.0,100,398.5,455.0,0,0.0,0.0,,0.0,1,3.58,0.01,SPY230120C00450000,450.0,normalDay
2023-01-17,15683.0,-5366.0,0.0,100,397.77,455.0,0,0.0,0.0,,0.0,1,3.58,0.01,SPY230120C00450000,450.0,normalDay
2023-01-18,15683.0,-5994.0,0.0,100,391.49,455.0,0,0.0,0.0,,0.0,1,3.58,0.01,SPY230120C00450000,450.0,normalDay
2023-01-19,15683.0,-6279.0,0.0,100,388.64,455.0,0,0.0,0.0,,0.0,1,3.58,0.01,SPY230120C00450000,450.0,normalDay
2023-01-20,16041.0,-5912.0,358.0,100,395.88,455.0,0,0.0,0.0,,0.0,1,3.58,0.0,SPY230120C00450000,450.0,expirationDay
2023-01-23,16041.0,-5469.0,0.0,100,400.63,455.0,0,0.0,0.0,,0.0,1,13.52,13.84,SPY230721C00420000,420.0,normalDay
2023-01-24,16041.0,-5546.0,0.0,100,400.2,455.0,0,0.0,0.0,,0.0,1,13.52,14.18,SPY230721C00420000,420.0,normalDay
2023-01-25,16041.0,-5395.0,0.0,100,400.35,455.0,0,0.0,0.0,,0.0,1,13.52,12.82,SPY230721C00420000,420.0,normalDay
2023-01-26,16041.0,-5172.0,0.0,100,404.75,455.0,0,0.0,0.0,,0.0,1,13.52,14.99,SPY230721C00420000,420.0,normalDay
2023-01-27,16041.0,-5091.0,0.0,100,405.68,455.0,0,0.0,0.0,,0.0,1,13.52,15.11,SPY230721C00420000,420.0,normalDay
2023-01-30,16041.0,-5389.0,0.0,100,400.59,455.0,0,0.0,0.0,,0.0,1,13.52,13.0,SPY230721C00420000,420.0,normalDay
2023-01-31,16041.0,-5031.0,0.0,100,406.48,455.0,0,0.0,0.0,,0.0,1,13.52,15.31,SPY230721C00420000,420.0,normalDay
2023-02-01,16041.0,-4910.0,0.0,100,410.8,455.0,0,0.0,0.0,,0.0,1,13.52,18.42,SPY230721C00420000,420.0,normalDay
2023-02-02,16041.0,-4571.0,0.0,100,416.78,455.0,0,0.0,0.0,,0.0,1,13.52,21.01,SPY230721C00420000,420.0,normalDay
2023-02-03,16041.0,-4802.0,0.0,100,412.35,455.0,0,0.0,0.0,,0.0,1,13.52,18.89,SPY230721C00420000,420.0,normalDay
2023-02-06,16041.0,-4925.0,0.0,100,409.83,455.0,0,0.0,0.0,,0.0,1,13.52,17.6,SPY230721C00420000,420.0,normalDay
2023-02-07,16041.0,-4633.0,0.0,100,415.19,455.0,0,0.0,0.0,,0.0,1,13.52,20.04,SPY230721C00420000,420.0,normalDay
2023-02-08,16041.0,-4881.0,0.0,100,410.65,455.0,0,0.0,0.0,,0.0,1,13.52,17.98,SPY230721C00420000,420.0,normalDay
2023-02-09,16041.0,-5075.0,0.0,100,407.09,455.0,0,0.0,0.0,,0.0,1,13.52,16.36,SPY230721C00420000,420.0,normalDay
2023-02-10,16041.0,-5037.0,0.0,100,408.04,455.0,0,0.0,0.0,,0.0,1,13.52,16.93,SPY230721C00420000,420.0,normalDay
2023-02-13,16041.0,-4786.0,0.0,100,412.83,455.0,0,0.0,0.0,,0.0,1,13.52,19.21,SPY230721C00420000,420.0,normalDay
2023-02-14,16041.0,-4699.0,0.0,100,412.64,455.0,0,0.0,0.0,,0.0,1,13.52,18.15,SPY230721C00420000,420.0,normalDay
2023-02-15,16041.0,-4647.0,0.0,100,413.98,455.0,0,0.0,0.0,,0.0,1,13.52,18.97,SPY230721C00420000,420.0,normalDay
2023-02-16,16041.0,-4900.0,0.0,100,408.28,455.0,0,0.0,0.0,,0.0,1,13.52,15.8,SPY230721C00420000,420.0,normalDay
2023-02-17,16041.0,-4937.0,0.0,100,407.26,455.0,0,0.0,0.0,,0.0,1,13.52,15.15,SPY230721C00420000,420.0,normalDay
2023-02-21,16041.0,-5423.0,0.0,100,399.09,455.0,0,0.0,0.0,,0.0,1,13.52,11.84,SPY230721C00420000,420.0,normalDay
2023-02-22,16041.0,-5412.0,0.0,100,398.54,455.0,0,0.0,0.0,,0.0,1,13.52,11.18,SPY230721C00420000,420.0,normalDay
2023-02-23,16041.0,-5211.0,0.0,100,400.66,455.0,0,0.0,0.0,,0.0,1,13.52,11.29,SPY230721C00420000,420.0,normalDay
2023-02-24,16041.0,-5492.0,0.0,100,396.38,455.0,0,0.0,0.0,,0.0,1,13.52,9.82,SPY230721C00420000,420.0,normalDay
2023-02-27,16041.0,-5374.0,0.0,100,397.73,455.0,0,0.0,0.0,,0.0,1,13.52,9.99,SPY230721C00420000,420.0,normalDay
2023-02-28,16041.0,-5414.0,0.0,100,396.26,455.0,0,0.0,0.0,,0.0,1,13.52,8.92,SPY230721C00420000,420.0,normalDay
2023-03-01,16041.0,-5530.0,0.0,100,394.74,455.0,0,0.0,0.0,,0.0,1,13.52,8.56,SPY230721C00420000,420.0,normalDay
2023-03-02,16041.0,-5304.0,0.0,100,397.81,455.0,0,0.0,0.0,,0.0,1,13.52,9.37,SPY230721C00420000,420.0,normalDay
2023-03-03,16041.0,-4925.0,0.0,100,404.19,455.0,0,0.0,0.0,,0.0,1,13.52,11.96,SPY230721C00420000,420.0,normalDay
2023-03-06,16041.0,-4880.0,0.0,100,404.47,455.0,0,0.0,0.0,,0.0,1,13.52,11.79,SPY230721C00420000,420.0,normalDay
2023-03-07,16041.0,-5248.0,0.0,100,398.27,455.0,0,0.0,0.0,,0.0,1,13.52,9.27,SPY230721C00420000,420.0,normalDay
2023-03-08,16041.0,-5171.0,0.0,100,398.92,455.0,0,0.0,0.0,,0.0,1,13.52,9.15,SPY230721C00420000,420.0,normalDay
2023-03-09,16041.0,-5705.0,0.0,100,391.56,455.0,0,0.0,0.0,,0.0,1,13.52,7.13,SPY230721C00420000,420.0,normalDay
2023-03-10,16041.0,-6116.0,0.0,100,385.91,455.0,0,0.0,0.0,,0.0,1,13.52,5.59,SPY230721C00420000,420.0,normalDay
2023-03-13,16041.0,-6186.0,0.0,100,385.36,455.0,0,0.0,0.0,,0.0,1,13.52,5.74,SPY230721C00420000,420.0,normalDay
2023-03-14,16041.0,-5659.0,0.0,100,391.73,455.0,0,0.0,0.0,,0.0,1,13.52,6.84,SPY230721C00420000,420.0,normalDay
2023-03-15,16041.0,-5882.0,0.0,100,389.28,455.0,0,0.0,0.0,,0.0,1,13.52,6.62,SPY230721C00420000,420.0,normalDay
2023-03-16,16041.0,-5362.0,0.0,100,396.11,455.0,0,0.0,0.0,,0.0,1,13.52,8.25,SPY230721C00420000,420.0,normalDay
2023-03-17,16041.0,-5912.0,0.0,100,389.99,455.0,0,0.0,0.0,,0.0,1,13.52,7.63,SPY230721C00420000,420.0,normalDay
2023-03-20,16041.0,-5583.0,0.0,100,393.74,455.0,0,0.0,0.0,,0.0,1,13.52,8.09,SPY230721C00420000,420.0,normalDay
2023-03-21,16041.0,-5198.0,0.0,100,398.91,455.0,0,0.0,0.0,,0.0,1,13.52,9.41,SPY230721C00420000,420.0,normalDay
2023-03-22,16041.0,-5627.0,0.0,100,392.11,455.0,0,0.0,0.0,,0.0,1,13.52,6.9,SPY230721C00420000,420.0,normalDay
2023-03-23,16041.0,-5565.0,0.0,100,393.17,455.0,0,0.0,0.0,,0.0,1,13.52,7.34,SPY230721C00420000,420.0,normalDay
2023-03-24,16041.0,-5371.0,0.0,100,395.75,455.0,0,0.0,0.0,,0.0,1,13.52,7.98,SPY230721C00420000,420.0,normalDay
2023-03-27,16041.0,-5259.0,0.0,100,396.49,455.0,0,0.0,0.0,,0.0,1,13.52,7.6,SPY230721C00420000,420.0,normalDay
2023-03-28,16041.0,-5306.0,0.0,100,395.6,455.0,0,0.0,0.0,,0.0,1,13.52,7.18,SPY230721C00420000,420.0,normalDay
2023-03-29,16041.0,-4914.0,0.0,100,401.35,455.0,0,0.0,0.0,,0.0,1,13.52,9.01,SPY230721C00420000,420.0,normalDay
2023-03-30,16041.0,-4775.0,0.0,100,403.7,455.0,0,0.0,0.0,,0.0,1,13.52,9.97,SPY230721C00420000,420.0,normalDay
2023-03-31,16041.0,-4472.0,0.0,100,409.39,455.0,0,0.0,0.0,,0.0,1,13.52,12.63,SPY230721C00420000,420.0,normalDay
2023-04-03,16041.0,-4337.0,0.0,100,410.95,455.0,0,0.0,0.0,,0.0,1,13.52,12.84,SPY230721C00420000,420.0,normalDay
2023-04-04,16041.0,-4452.0,0.0,100,408.67,455.0,0,0.0,0.0,,0.0,1,13.52,11.71,SPY230721C00420000,420.0,normalDay
2023-04-05,16041.0,-4495.0,0.0,100,407.6,455.0,0,0.0,0.0,,0.0,1,13.52,11.07,SPY230721C00420000,420.0,normalDay
2023-04-06,16041.0,-4378.0,0.0,100,409.19,455.0,0,0.0,0.0,,0.0,1,13.52,11.49,SPY230721C00420000,420.0,normalDay
2023-04-10,16041.0,-4355.0,0.0,100,409.61,455.0,0,0.0,0.0,,0.0,1,13.52,11.68,SPY230721C00420000,420.0,normalDay
2023-04-11,16041.0,-4326.0,0.0,100,409.72,455.0,0,0.0,0.0,,0.0,1,13.52,11.5,SPY230721C00420000,420.0,normalDay
2023-04-12,16041.0,-4366.0,0.0,100,408.05,455.0,0,0.0,0.0,,0.0,1,13.52,10.23,SPY230721C00420000,420.0,normalDay
2023-04-13,16041.0,-4065.0,0.0,100,413.47,455.0,0,0.0,0.0,,0.0,1,13.52,12.64,SPY230721C00420000,420.0,normalDay
2023-04-14,16041.0,-4084.0,0.0,100,412.46,455.0,0,0.0,0.0,,0.0,1,13.52,11.82,SPY230721C00420000,420.0,normalDay
2023-04-17,16041.0,-3954.0,0.0,100,413.94,455.0,0,0.0,0.0,,0.0,1,13.52,12.0,SPY230721C00420000,420.0,normalDay
2023-04-18,16041.0,-3905.0,0.0,100,414.21,455.0,0,0.0,0.0,,0.0,1,13.52,11.78,SPY230721C00420000,420.0,normalDay
2023-04-19,16041.0,-3892.0,0.0,100,414.14,455.0,0,0.0,0.0,,0.0,1,13.52,11.58,SPY230721C00420000,420.0,normalDay
2023-04-20,16041.0,-4016.0,0.0,100,411.88,455.0,0,0.0,0.0,,0.0,1,13.52,10.56,SPY230721C00420000,420.0,normalDay
2023-04-21,16041.0,-3958.0,0.0,100,412.2,455.0,0,0.0,0.0,,0.0,1,13.52,10.3,SPY230721C00420000,420.0,normalDay
2023-04-24,16041.0,-3918.0,0.0,100,412.63,455.0,0,0.0,0.0,,0.0,1,13.52,10.33,SPY230721C00420000,420.0,normalDay
2023-04-25,16041.0,-4364.0,0.0,100,406.08,455.0,0,0.0,0.0,,0.0,1,13.52,8.24,SPY230721C00420000,420.0,normalDay
2023-04-26,16041.0,-4396.0,0.0,100,404.36,455.0,0,0.0,0.0,,0.0,1,13.52,6.84,SPY230721C00420000,420.0,normalDay
2023-04-27,16041.0,-3935.0,0.0,100,412.41,455.0,0,0.0,0.0,,0.0,1,13.52,10.28,SPY230721C00420000,420.0,normalDay
2023-04-28,16041.0,-3691.0,0.0,100,415.93,455.0,0,0.0,0.0,,0.0,1,13.52,11.36,SPY230721C00420000,420.0,normalDay
2023-05-01,16041.0,-3681.0,0.0,100,415.51,455.0,0,0.0,0.0,,0.0,1,13.52,10.84,SPY230721C00420000,420.0,normalDay
2023-05-02,16041.0,-3940.0,0.0,100,410.84,455.0,0,0.0,0.0,,0.0,1,13.52,8.76,SPY230721C00420000,420.0,normalDay
2023-05-03,16041.0,-4124.0,0.0,100,408.02,455.0,0,0.0,0.0,,0.0,1,13.52,7.78,SPY230721C00420000,420.0,normalDay
2023-05-04,16041.0,-4290.0,0.0,100,405.13,455.0,0,0.0,0.0,,0.0,1,13.52,6.55,SPY230721C00420000,420.0,normalDay
2023-05-05,16041.0,-3786.0,0.0,100,412.63,455.0,0,0.0,0.0,,0.0,1,13.52,9.01,SPY230721C00420000,420.0,normalDay
2023-05-08,16041.0,-3754.0,0.0,100,412.74,455.0,0,0.0,0.0,,0.0,1,13.52,8.8,SPY230721C00420000,420.0,normalDay
2023-05-09,16041.0,-3874.0,0.0,100,410.93,455.0,0,0.0,0.0,,0.0,1,13.52,8.19,SPY230721C00420000,420.0,normalDay
2023-05-10,16041.0,-3727.0,0.0,100,412.85,455.0,0,0.0,0.0,,0.0,1,13.52,8.64,SPY230721C00420000,420.0,normalDay
2023-05-11,16041.0,-3720.0,0.0,100,412.13,455.0,0,0.0,0.0,,0.0,1,13.52,7.85,SPY230721C00420000,420.0,normalDay
2023-05-12,16041.0,-3715.0,0.0,100,411.59,455.0,0,0.0,0.0,,0.0,1,13.52,7.26,SPY230721C00420000,420.0,normalDay
2023-05-15,16041.0,-3604.0,0.0,100,413.01,455.0,0,0.0,0.0,,0.0,1,13.52,7.57,SPY230721C00420000,420.0,normalDay
2023-05-16,16041.0,-3771.0,0.0,100,410.25,455.0,0,0.0,0.0,,0.0,1,13.52,6.48,SPY230721C00420000,420.0,normalDay
2023-05-17,16041.0,-3463.0,0.0,100,415.23,455.0,0,0.0,0.0,,0.0,1,13.52,8.38,SPY230721C00420000,420.0,normalDay
2023-05-18,16041.0,-3258.0,0.0,100,419.23,455.0,0,0.0,0.0,,0.0,1,13.52,10.33,SPY230721C00420000,420.0,normalDay
2023-05-19,16041.0,-3297.0,0.0,100,418.62,455.0,0,0.0,0.0,,0.0,1,13.52,10.11,SPY230721C00420000,420.0,normalDay
2023-05-22,16041.0,-3291.0,0.0,100,418.79,455.0,0,0.0,0.0,,0.0,1,13.52,10.22,SPY230721C00420000,420.0,normalDay
2023-05-23,16041.0,-3512.0,0.0,100,414.09,455.0,0,0.0,0.0,,0.0,1,13.52,7.73,SPY230721C00420000,420.0,normalDay
2023-05-24,16041.0,-3698.0,0.0,100,411.09,455.0,0,0.0,0.0,,0.0,1,13.52,6.59,SPY230721C00420000,420.0,normalDay
2023-05-25,16041.0,-3462.0,0.0,100,414.65,455.0,0,0.0,0.0,,0.0,1,13.52,7.79,SPY230721C00420000,420.0,normalDay
2023-05-26,16041.0,-3204.0,0.0,100,420.02,455.0,0,0.0,0.0,,0.0,1,13.52,10.58,SPY230721C00420000,420.0,normalDay
2023-05-30,16041.0,-3145.0,0.0,100,420.18,455.0,0,0.0,0.0,,0.0,1,13.52,10.15,SPY230721C00420000,420.0,normalDay
2023-05-31,16041.0,-3201.0,0.0,100,417.85,455.0,0,0.0,0.0,,0.0,1,13.52,8.38,SPY230721C00420000,420.0,normalDay
2023-06-01,16041.0,-2989.0,0.0,100,421.82,455.0,0,0.0,0.0,,0.0,1,13.52,10.23,SPY230721C00420000,420.0,normalDay
2023-06-02,16041.0,-2756.0,0.0,100,427.92,455.0,0,0.0,0.0,,0.0,1,13.52,14.0,SPY230721C00420000,420.0,normalDay
2023-06-05,16041.0,-2768.0,0.0,100,427.1,455.0,0,0.0,0.0,,0.0,1,13.52,13.3,SPY230721C00420000,420.0,normalDay
2023-06-06,16041.0,-2717.0,0.0,100,428.03,455.0,0,0.0,0.0,,0.0,1,13.52,13.72,SPY230721C00420000,420.0,normalDay
2023-06-07,16041.0,-2713.0,0.0,100,426.55,455.0,0,0.0,0.0,,0.0,1,13.52,12.2,SPY230721C00420000,420.0,normalDay
2023-06-08,16041.0,-2601.0,0.0,100,429.13,455.0,0,0.0,0.0,,0.0,1,13.52,13.66,SPY230721C00420000,420.0,normalDay
2023-06-09,16041.0,-2606.0,0.0,100,429.9,455.0,0,0.0,0.0,,0.0,1,13.52,14.48,SPY230721C00420000,420.0,normalDay
2023-06-12,16041.0,-2520.0,0.0,100,433.8,455.0,0,0.0,0.0,,0.0,1,13.52,17.52,SPY230721C00420000,420.0,normalDay
2023-06-13,16041.0,-2472.0,0.0,100,436.66,455.0,0,0.0,0.0,,0.0,1,13.52,19.9,SPY230721C00420000,420.0,normalDay
2023-06-14,16041.0,-2464.0,0.0,100,437.18,455.0,0,0.0,0.0,,0.0,1,13.52,20.34,SPY230721C00420000,420.0,normalDay
2023-06-15,16041.0,-2330.0,0.0,100,442.6,455.0,0,0.0,0.0,,0.0,1,13.52,24.42,SPY230721C00420000,420.0,normalDay
2023-06-16,16041.0,-2565.0,0.0,100,439.46,455.0,0,0.0,0.0,,0.0,1,13.52,23.63,SPY230721C00420000,420.0,normalDay
2023-06-20,16041.0,-2491.0,0.0,100,437.18,455.0,0,0.0,0.0,,0.0,1,13.52,20.61,SPY230721C00420000,420.0,normalDay
2023-06-21,16041.0,-2545.0,0.0,100,434.94,455.0,0,0.0,0.0,,0.0,1,13.52,18.91,SPY230721C00420000,420.0,normalDay
2023-06-22,16041.0,-2459.0,0.0,100,436.51,455.0,0,0.0,0.0,,0.0,1,13.52,19.62,SPY230721C00420000,420.0,normalDay
2023-06-23,16041.0,-2518.0,0.0,100,433.21,455.0,0,0.0,0.0,,0.0,1,13.52,16.91,SPY230721C00420000,420.0,normalDay
2023-06-26,16041.0,-2537.0,0.0,100,431.44,455.0,0,0.0,0.0,,0.0,1,13.52,15.33,SPY230721C00420000,420.0,normalDay
2023-06-27,16041.0,-2417.0,0.0,100,436.17,455.0,0,0.0,0.0,,0.0,1,13.52,18.86,SPY230721C00420000,420.0,normalDay
2023-06-28,16041.0,-2456.0,0.0,100,436.39,455.0,0,0.0,0.0,,0.0,1,13.52,19.47,SPY230721C00420000,420.0,normalDay
2023-06-29,16041.0,-2382.0,0.0,100,438.11,455.0,0,0.0,0.0,,0.0,1,13.52,20.45,SPY230721C00420000,420.0,normalDay
2023-06-30,16041.0,-2357.0,0.0,100,443.28,455.0,0,0.0,0.0,,0.0,1,13.52,25.37,SPY230721C00420000,420.0,normalDay
2023-07-03,16041.0,-2341.0,0.0,100,443.79,455.0,0,0.0,0.0,,0.0,1,13.52,25.72,SPY230721C00420000,420.0,normalDay
2023-07-05,16041.0,-2299.0,0.0,100,443.13,455.0,0,0.0,0.0,,0.0,1,13.52,24.64,SPY230721C00420000,420.0,normalDay
2023-07-06,16041.0,-2317.0,0.0,100,439.66,455.0,0,0.0,0.0,,0.0,1,13.52,21.35,SPY230721C00420000,420.0,normalDay
2023-07-07,16041.0,-2324.0,0.0,100,438.55,455.0,0,0.0,0.0,,0.0,1,13.52,20.31,SPY230721C00420000,420.0,normalDay
2023-07-10,16041.0,-2288.0,0.0,100,439.66,455.0,0,0.0,0.0,,0.0,1,13.52,21.06,SPY230721C00420000,420.0,normalDay
2023-07-11,16041.0,-2237.0,0.0,100,442.46,455.0,0,0.0,0.0,,0.0,1,13.52,23.35,SPY230721C00420000,420.0,normalDay
2023-07-12,16041.0,-2264.0,0.0,100,446.02,455.0,0,0.0,0.0,,0.0,1,13.52,27.18,SPY230721C00420000,420.0,normalDay
2023-07-13,16041.0,-2202.0,0.0,100,449.56,455.0,0,0.0,0.0,,0.0,1,13.52,30.1,SPY230721C00420000,420.0,normalDay
2023-07-14,16041.0,-2173.0,0.0,100,449.28,455.0,0,0.0,0.0,,0.0,1,13.52,29.53,SPY230721C00420000,420.0,normalDay
2023-07-17,16041.0,-2155.0,0.0,100,450.84,455.0,0,0.0,0.0,,0.0,1,13.52,30.91,SPY230721C00420000,420.0,normalDay
2023-07-18,16041.0,-2173.0,0.0,100,454.19,455.0,0,0.0,0.0,,0.0,1,13.52,34.44,SPY230721C00420000,420.0,normalDay
2023-07-19,16041.0,-2168.0,0.0,100,455.2,455.0,0,0.0,0.0,,0.0,1,13.52,35.4,SPY230721C00420000,420.0,normalDay
2023-07-20,16041.0,-2196.0,0.0,100,452.18,455.0,0,0.0,0.0,,0.0,1,13.52,32.66,SPY230721C00420000,420.0,normalDay
2023-07-21,13893.0,-2196.0,-2148.0,0,452.18,0.0,0,0.0,0.0,,0.0,1,13.52,0.0,SPY230721C00420000,420.0,expirationDay
2023-07-24,13893.0,-3.0,0.0,0,454.2,0.0,1,0.21,0.24,SPY230804P00431000,431.0,0,0.0,0.0,,0.0,normalDay
2023-07-25,13893.0,1.0,0.0,0,455.44,0.0,1,0.21,0.2,SPY230804P00431000,431.0,0,0.0,0.0,,0.0,normalDay
2023-07-26,13893.0,8.0,0.0,0,455.51,0.0,1,0.21,0.13,SPY230804P00431000,431.0,0,0.0,0.0,,0.0,normalDay
2023-07-27,13893.0,0.0,0.0,0,452.49,0.0,1,0.21,0.21,SPY230804P00431000,431.0,0,0.0,0.0,,0.0,normalDay
2023-07-28,13893.0,15.0,0.0,0,456.92,0.0,1,0.21,0.06,SPY230804P00431000,431.0,0,0.0,0.0,,0.0,normalDay
2023-07-31,13893.0,16.0,0.0,0,457.79,0.0,1,0.21,0.05,SPY230804P00431000,431.0,0,0.0,0.0,,0.0,normalDay
2023-08-01,13893.0,17.0,0.0,0,456.48,0.0,1,0.21,0.04,SPY230804P00431000,431.0,0,0.0,0.0,,0.0,normalDay
2023-08-02,13893.0,14.0,0.0,0,450.13,0.0,1,0.21,0.07,SPY230804P00431000,431.0,0,0.0,0.0,,0.0,normalDay
2023-08-03,13893.0,19.0,0.0,0,448.84,0.0,1,0.21,0.02,SPY230804P00431000,431.0,0,0.0,0.0,,0.0,normalDay
2023-08-04,13914.0,0.0,21.0,0,446.81,0.0,1,0.21,0.0,SPY230804P00431000,431.0,0,0.0,0.0,,0.0,expirationDay
2023-08-07,13914.0,-3.0,0.0,0,450.71,0.0,1,1.65,1.68,SPY230818P00444000,444.0,0,0.0,0.0,,0.0,normalDay
2023-08-08,13914.0,-43.0,0.0,0,448.75,0.0,1,1.65,2.08,SPY230818P00444000,444.0,0,0.0,0.0,,0.0,normalDay
2023-08-09,13914.0,-122.0,0.0,0,445.75,0.0,1,1.65,2.87,SPY230818P00444000,444.0,0,0.0,0.0,,0.0,normalDay
2023-08-10,13914.0,-113.0,0.0,0,445.91,0.0,1,1.65,2.78,SPY230818P00444000,444.0,0,0.0,0.0,,0.0,normalDay
2023-08-11,13914.0,-56.0,0.0,0,445.65,0.0,1,1.65,2.21,SPY230818P00444000,444.0,0,0.0,0.0,,0.0,normalDay
2023-08-14,13914.0,60.0,0.0,0,448.11,0.0,1,1.65,1.05,SPY230818P00444000,444.0,0,0.0,0.0,,0.0,normalDay
2023-08-15,13914.0,-132.0,0.0,0,442.89,0.0,1,1.65,2.97,SPY230818P00444000,444.0,0,0.0,0.0,,0.0,normalDay
2023-08-16,13914.0,-288.0,0.0,0,439.64,0.0,1,1.65,4.53,SPY230818P00444000,444.0,0,0.0,0.0,,0.0,normalDay
2023-08-17,13914.0,-622.0,0.0,0,436.29,0.0,1,1.65,7.87,SPY230818P00444000,444.0,0,0.0,0.0,,0.0,normalDay
2023-08-18,14079.0,-750.0,165.0,100,436.5,444.0,1,1.65,0.0,SPY230818P00444000,444.0,0,0.0,0.0,,0.0,expirationDay
2023-08-21,14079.0,-476.0,0.0,100,439.34,444.0,0,0.0,0.0,,0.0,1,8.96,9.06,SPY240328C00475000,475.0,normalDay
2023-08-22,14079.0,-549.0,0.0,100,438.15,444.0,0,0.0,0.0,,0.0,1,8.96,8.6,SPY240328C00475000,475.0,normalDay
2023-08-23,14079.0,-214.0,0.0,100,443.03,444.0,0,0.0,0.0,,0.0,1,8.96,10.13,SPY240328C00475000,475.0,normalDay
2023-08-24,14079.0,-631.0,0.0,100,436.89,444.0,0,0.0,0.0,,0.0,1,8.96,8.16,SPY240328C00475000,475.0,normalDay
2023-08-25,14079.0,-369.0,0.0,100,439.97,444.0,0,0.0,0.0,,0.0,1,8.96,8.62,SPY240328C00475000,475.0,normalDay
2023-08-28,14079.0,-166.0,0.0,100,442.76,444.0,0,0.0,0.0,,0.0,1,8.96,9.38,SPY240328C00475000,475.0,normalDay
2023-08-29,14079.0,239.0,0.0,100,449.16,444.0,0,0.0,0.0,,0.0,1,8.96,11.73,SPY240328C00475000,475.0,normalDay
2023-08-30,14079.0,368.0,0.0,100,451.01,444.0,0,0.0,0.0,,0.0,1,8.96,12.29,SPY240328C00475000,475.0,normalDay
2023-08-31,14079.0,348.0,0.0,100,450.35,444.0,0,0.0,0.0,,0.0,1,8.96,11.83,SPY240328C00475000,475.0,normalDay
2023-09-01,14079.0,440.0,0.0,100,451.19,444.0,0,0.0,0.0,,0.0,1,8.96,11.75,SPY240328C00475000,475.0,normalDay
2023-09-05,14079.0,328.0,0.0,100,449.24,444.0,0,0.0,0.0,,0.0,1,8.96,10.92,SPY240328C00475000,475.0,normalDay
2023-09-06,14079.0,149.0,0.0,100,446.22,444.0,0,0.0,0.0,,0.0,1,8.96,9.69,SPY240328C00475000,475.0,normalDay
2023-09-07,14079.0,80.0,0.0,100,444.85,444.0,0,0.0,0.0,,0.0,1,8.96,9.01,SPY240328C00475000,475.0,normalDay
2023-09-08,14079.0,136.0,0.0,100,445.52,444.0,0,0.0,0.0,,0.0,1,8.96,9.12,SPY240328C00475000,475.0,normalDay
2023-09-11,14079.0,352.0,0.0,100,448.45,444.0,0,0.0,0.0,,0.0,1,8.96,9.89,SPY240328C00475000,475.0,normalDay
2023-09-12,14079.0,200.0,0.0,100,445.99,444.0,0,0.0,0.0,,0.0,1,8.96,8.95,SPY240328C00475000,475.0,normalDay
2023-09-13,14079.0,255.0,0.0,100,446.51,444.0,0,0.0,0.0,,0.0,1,8.96,8.92,SPY240328C00475000,475.0,normalDay
2023-09-14,14079.0,526.0,0.0,100,450.36,444.0,0,0.0,0.0,,0.0,1,8.96,10.06,SPY240328C00475000,475.0,normalDay
2023-09-15,14079.0,30.0,0.0,100,443.37,444.0,0,0.0,0.0,,0.0,1,8.96,8.03,SPY240328C00475000,475.0,normalDay
2023-09-18,14079.0,61.0,0.0,100,443.63,444.0,0,0.0,0.0,,0.0,1,8.96,7.98,SPY240328C00475000,475.0,normalDay
2023-09-19,14079.0,5.0,0.0,100,442.71,444.0,0,0.0,0.0,,0.0,1,8.96,7.62,SPY240328C00475000,475.0,normalDay
2023-09-20,14079.0,-267.0,0.0,100,438.64,444.0,0,0.0,0.0,,0.0,1,8.96,6.27,SPY240328C00475000,475.0,normalDay
2023-09-21,14079.0,-846.0,0.0,100,431.39,444.0,0,0.0,0.0,,0.0,1,8.96,4.81,SPY240328C00475000,475.0,normalDay
2023-09-22,14079.0,-934.0,0.0,100,430.42,444.0,0,0.0,0.0,,0.0,1,8.96,4.72,SPY240328C00475000,475.0,normalDay
2023-09-25,14079.0,-772.0,0.0,100,432.23,444.0,0,0.0,0.0,,0.0,1,8.96,4.91,SPY240328C00475000,475.0,normalDay
2023-09-26,14079.0,-1349.0,0.0,100,425.88,444.0,0,0.0,0.0,,0.0,1,8.96,4.33,SPY240328C00475000,475.0,normalDay
2023-09-27,14079.0,-1302.0,0.0,100,426.05,444.0,0,0.0,0.0,,0.0,1,8.96,4.03,SPY240328C00475000,475.0,normalDay
2023-09-28,14079.0,-1054.0,0.0,100,428.52,444.0,0,0.0,0.0,,0.0,1,8.96,4.02,SPY240328C00475000,475.0,normalDay
2023-09-29,14079.0,-1187.0,0.0,100,427.48,444.0,0,0.0,0.0,,0.0,1,8.96,4.31,SPY240328C00475000,475.0,normalDay
2023-10-02,14079.0,-1145.0,0.0,100,427.31,444.0,0,0.0,0.0,,0.0,1,8.96,3.72,SPY240328C00475000,475.0,normalDay
2023-10-03,14079.0,-1649.0,0.0,100,421.59,444.0,0,0.0,0.0,,0.0,1,8.96,3.04,SPY240328C00475000,475.0,normalDay
2023-10-04,14079.0,-1384.0,0.0,100,424.66,444.0,0,0.0,0.0,,0.0,1,8.96,3.46,SPY240328C00475000,475.0,normalDay
2023-10-05,14079.0,-1372.0,0.0,100,424.5,444.0,0,0.0,0.0,,0.0,1,8.96,3.18,SPY240328C00475000,475.0,normalDay
2023-10-06,14079.0,-962.0,0.0,100,429.54,444.0,0,0.0,0.0,,0.0,1,8.96,4.12,SPY240328C00475000,475.0,normalDay
2023-10-09,14079.0,-746.0,0.0,100,432.29,444.0,0,0.0,0.0,,0.0,1,8.96,4.71,SPY240328C00475000,475.0,normalDay
2023-10-10,14079.0,-550.0,0.0,100,434.54,444.0,0,0.0,0.0,,0.0,1,8.96,5.0,SPY240328C00475000,475.0,normalDay
2023-10-11,14079.0,-407.0,0.0,100,436.32,444.0,0,0.0,0.0,,0.0,1,8.96,5.35,SPY240328C00475000,475.0,normalDay
2023-10-12,14079.0,-569.0,0.0,100,433.66,444.0,0,0.0,0.0,,0.0,1,8.96,4.31,SPY240328C00475000,475.0,normalDay
2023-10-13,14079.0,-767.0,0.0,100,431.5,444.0,0,0.0,0.0,,0.0,1,8.96,4.13,SPY240328C00475000,475.0,normalDay
2023-10-16,14079.0,-368.0,0.0,100,436.04,444.0,0,0.0,0.0,,0.0,1,8.96,4.68,SPY240328C00475000,475.0,normalDay
2023-10-17,14079.0,-367.0,0.0,100,436.02,444.0,0,0.0,0.0,,0.0,1,8.96,4.65,SPY240328C00475000,475.0,normalDay
2023-10-18,14079.0,-855.0,0.0,100,430.21,444.0,0,0.0,0.0,,0.0,1,8.96,3.72,SPY240328C00475000,475.0,normalDay
2023-10-19,14079.0,-1166.0,0.0,100,426.43,444.0,0,0.0,0.0,,0.0,1,8.96,3.05,SPY240328C00475000,475.0,normalDay
2023-10-20,14079.0,-1622.0,0.0,100,421.19,444.0,0,0.0,0.0,,0.0,1,8.96,2.37,SPY240328C00475000,475.0,normalDay
2023-10-23,14079.0,-1667.0,0.0,100,420.46,444.0,0,0.0,0.0,,0.0,1,8.96,2.09,SPY240328C00475000,475.0,normalDay
2023-10-24,14079.0,-1403.0,0.0,100,423.63,444.0,0,0.0,0.0,,0.0,1,8.96,2.62,SPY240328C00475000,475.0,normalDay
2023-10-25,14079.0,-1916.0,0.0,100,417.55,444.0,0,0.0,0.0,,0.0,1,8.96,1.67,SPY240328C00475000,475.0,normalDay
2023-10-26,14079.0,-2374.0,0.0,100,412.55,444.0,0,0.0,0.0,,0.0,1,8.96,1.25,SPY240328C00475000,475.0,normalDay
2023-10-27,14079.0,-2553.0,0.0,100,410.68,444.0,0,0.0,0.0,,0.0,1,8.96,1.17,SPY240328C00475000,475.0,normalDay
2023-10-30,14079.0,-2083.0,0.0,100,415.59,444.0,0,0.0,0.0,,0.0,1,8.96,1.38,SPY240328C00475000,475.0,normalDay
2023-10-31,14079.0,-1813.0,0.0,100,418.2,444.0,0,0.0,0.0,,0.0,1,8.96,1.29,SPY240328C00475000,475.0,normalDay
2023-11-01,14079.0,-1396.0,0.0,100,422.66,444.0,0,0.0,0.0,,0.0,1,8.96,1.58,SPY240328C00475000,475.0,normalDay
2023-11-02,14079.0,-670.0,0.0,100,430.76,444.0,0,0.0,0.0,,0.0,1,8.96,2.42,SPY240328C00475000,475.0,normalDay
2023-11-03,14079.0,-321.0,0.0,100,434.69,444.0,0,0.0,0.0,,0.0,1,8.96,2.86,SPY240328C00475000,475.0,normalDay
2023-11-06,14079.0,-207.0,0.0,100,435.69,444.0,0,0.0,0.0,,0.0,1,8.96,2.72,SPY240328C00475000,475.0,normalDay
2023-11-07,14079.0,-106.0,0.0,100,436.93,444.0,0,0.0,0.0,,0.0,1,8.96,2.95,SPY240328C00475000,475.0,normalDay
2023-11-08,14079.0,-68.0,0.0,100,437.25,444.0,0,0.0,0.0,,0.0,1,8.96,2.89,SPY240328C00475000,475.0,normalDay
2023-11-09,14079.0,-360.0,0.0,100,433.84,444.0,0,0.0,0.0,,0.0,1,8.96,2.4,SPY240328C00475000,475.0,normalDay
2023-11-10,14079.0,215.0,0.0,100,440.61,444.0,0,0.0,0.0,,0.0,1,8.96,3.42,SPY240328C00475000,475.0,normalDay
2023-11-13,14079.0,188.0,0.0,100,440.19,444.0,0,0.0,0.0,,0.0,1,8.96,3.27,SPY240328C00475000,475.0,normalDay
2023-11-14,14079.0,814.0,0.0,100,448.73,444.0,0,0.0,0.0,,0.0,1,8.96,5.55,SPY240328C00475000,475.0,normalDay
2023-11-15,14079.0,908.0,0.0,100,449.68,444.0,0,0.0,0.0,,0.0,1,8.96,5.56,SPY240328C00475000,475.0,normalDay
2023-11-16,14079.0,961.0,0.0,100,450.23,444.0,0,0.0,0.0,,0.0,1,8.96,5.58,SPY240328C00475000,475.0,normalDay
2023-11-17,14079.0,1014.0,0.0,100,450.79,444.0,0,0.0,0.0,,0.0,1,8.96,5.61,SPY240328C00475000,475.0,normalDay
2023-11-20,14079.0,1255.0,0.0,100,454.26,444.0,0,0.0,0.0,,0.0,1,8.96,6.67,SPY240328C00475000,475.0,normalDay
2023-11-21,14079.0,1221.0,0.0,100,453.27,444.0,0,0.0,0.0,,0.0,1,8.96,6.02,SPY240328C00475000,475.0,normalDay
2023-11-22,14079.0,1331.0,0.0,100,455.02,444.0,0,0.0,0.0,,0.0,1,8.96,6.67,SPY240328C00475000,475.0,normalDay
2023-11-24,14079.0,1379.0,0.0,100,455.3,444.0,0,0.0,0.0,,0.0,1,8.96,6.47,SPY240328C00475000,475.0,normalDay
2023-11-27,14079.0,1334.0,0.0,100,454.48,444.0,0,0.0,0.0,,0.0,1,8.96,6.1,SPY240328C00475000,475.0,normalDay
2023-11-28,14079.0,1371.0,0.0,100,454.93,444.0,0,0.0,0.0,,0.0,1,8.96,6.18,SPY240328C00475000,475.0,normalDay
2023-11-29,14079.0,1324.0,0.0,100,454.61,444.0,0,0.0,0.0,,0.0,1,8.96,6.33,SPY240328C00475000,475.0,normalDay
2023-11-30,14079.0,1479.0,0.0,100,456.4,444.0,0,0.0,0.0,,0.0,1,8.96,6.57,SPY240328C00475000,475.0,normalDay
