date,totalCapital,unrializedPnL,rializedPnL,stocksOwned,stocksPriceToday,stocksPriceBoughtAt,putOwned,putOwnedSoldAt,putPriceToday,putOwnedContract,putOwnedStrike,callOwned,callOwnedSoldAt,callPriceToday,callOwnedContract,callOwnedStrike,trackType
2018-11-01,0.0,-10.0,0.0,0,273.51,0.0,1,7.42,7.52,SPY190329P00260000,260.0,0,0.0,0.0,,0.0,normalDay
2018-11-02,0.0,-53.0,0.0,0,271.89,0.0,1,7.42,7.95,SPY190329P00260000,260.0,0,0.0,0.0,,0.0,normalDay
2018-11-05,0.0,10.0,0.0,0,273.39,0.0,1,7.42,7.32,SPY190329P00260000,260.0,0,0.0,0.0,,0.0,normalDay
2018-11-06,0.0,72.0,0.0,0,275.12,0.0,1,7.42,6.7,SPY190329P00260000,260.0,0,0.0,0.0,,0.0,normalDay
2018-11-07,0.0,252.0,0.0,0,281.01,0.0,1,7.42,4.9,SPY190329P00260000,260.0,0,0.0,0.0,,0.0,normalDay
2018-11-08,0.0,256.0,0.0,0,280.5,0.0,1,7.42,4.86,SPY190329P00260000,260.0,0,0.0,0.0,,0.0,normalDay
2018-11-09,0.0,172.0,0.0,0,277.76,0.0,1,7.42,5.7,SPY190329P00260000,260.0,0,0.0,0.0,,0.0,normalDay
2018-11-12,0.0,14.0,0.0,0,272.57,0.0,1,7.42,7.28,SPY190329P00260000,260.0,0,0.0,0.0,,0.0,normalDay
2018-11-13,0.0,-17.0,0.0,0,272.06,0.0,1,7.42,7.59,SPY190329P00260000,260.0,0,0.0,0.0,,0.0,normalDay
2018-11-14,0.0,-105.0,0.0,0,270.2,0.0,1,7.42,8.47,SPY190329P00260000,260.0,0,0.0,0.0,,0.0,normalDay
2018-11-15,0.0,4.0,0.0,0,273.02,0.0,1,7.42,7.38,SPY190329P00260000,260.0,0,0.0,0.0,,0.0,normalDay
2018-11-16,0.0,65.0,0.0,0,273.73,0.0,1,7.42,6.77,SPY190329P00260000,260.0,0,0.0,0.0,,0.0,normalDay
2018-11-19,0.0,-94.0,0.0,0,269.1,0.0,1,7.42,8.36,SPY190329P00260000,260.0,0,0.0,0.0,,0.0,normalDay
2018-11-20,0.0,-321.0,0.0,0,264.12,0.0,1,7.42,10.63,SPY190329P00260000,260.0,0,0.0,0.0,,0.0,normalDay
2018-11-21,0.0,-243.0,0.0,0,265.02,0.0,1,7.42,9.85,SPY190329P00260000,260.0,0,0.0,0.0,,0.0,normalDay
2018-11-23,0.0,-318.0,0.0,0,263.25,0.0,1,7.42,10.6,SPY190329P00260000,260.0,0,0.0,0.0,,0.0,normalDay
2018-11-26,0.0,-77.0,0.0,0,267.5,0.0,1,7.42,8.19,SPY190329P00260000,260.0,0,0.0,0.0,,0.0,normalDay
2018-11-27,0.0,-56.0,0.0,0,268.4,0.0,1,7.42,7.98,SPY190329P00260000,260.0,0,0.0,0.0,,0.0,normalDay
2018-11-28,0.0,123.0,0.0,0,274.58,0.0,1,7.42,6.19,SPY190329P00260000,260.0,0,0.0,0.0,,0.0,normalDay
2018-11-29,0.0,107.0,0.0,0,273.98,0.0,1,7.42,6.35,SPY190329P00260000,260.0,0,0.0,0.0,,0.0,normalDay
2018-11-30,0.0,169.0,0.0,0,275.65,0.0,1,7.42,5.73,SPY190329P00260000,260.0,0,0.0,0.0,,0.0,normalDay
2018-12-03,0.0,282.0,0.0,0,279.3,0.0,1,7.42,4.6,SPY190329P00260000,260.0,0,0.0,0.0,,0.0,normalDay
2018-12-04,0.0,-14.0,0.0,0,270.25,0.0,1,7.42,7.56,SPY190329P00260000,260.0,0,0.0,0.0,,0.0,normalDay
2018-12-06,0.0,-29.0,0.0,0,269.84,0.0,1,7.42,7.71,SPY190329P00260000,260.0,0,0.0,0.0,,0.0,normalDay
2018-12-07,0.0,-293.0,0.0,0,263.57,0.0,1,7.42,10.35,SPY190329P00260000,260.0,0,0.0,0.0,,0.0,normalDay
2018-12-10,0.0,-227.0,0.0,0,264.07,0.0,1,7.42,9.69,SPY190329P00260000,260.0,0,0.0,0.0,,0.0,normalDay
2018-12-11,0.0,-218.0,0.0,0,264.13,0.0,1,7.42,9.6,SPY190329P00260000,260.0,0,0.0,0.0,,0.0,normalDay
2018-12-12,0.0,-179.0,0.0,0,265.46,0.0,1,7.42,9.21,SPY190329P00260000,260.0,0,0.0,0.0,,0.0,normalDay
2018-12-13,0.0,-163.0,0.0,0,265.37,0.0,1,7.42,9.05,SPY190329P00260000,260.0,0,0.0,0.0,,0.0,normalDay
2018-12-14,0.0,-365.0,0.0,0,260.47,0.0,1,7.42,11.07,SPY190329P00260000,260.0,0,0.0,0.0,,0.0,normalDay
2018-12-17,0.0,-625.0,0.0,0,255.36,0.0,1,7.42,13.67,SPY190329P00260000,260.0,0,0.0,0.0,,0.0,normalDay
2018-12-18,0.0,-689.0,0.0,0,255.08,0.0,1,7.42,14.31,SPY190329P00260000,260.0,0,0.0,0.0,,0.0,normalDay
2018-12-19,0.0,-842.0,0.0,0,251.26,0.0,1,7.42,15.84,SPY190329P00260000,260.0,0,0.0,0.0,,0.0,normalDay
2018-12-20,0.0,-1103.0,0.0,0,247.17,0.0,1,7.42,18.45,SPY190329P00260000,260.0,0,0.0,0.0,,0.0,normalDay
2018-12-21,0.0,-1556.0,0.0,0,240.7,0.0,1,7.42,22.98,SPY190329P00260000,260.0,0,0.0,0.0,,0.0,normalDay
2018-12-24,0.0,-2208.0,0.0,0,234.34,0.0,1,7.42,29.5,SPY190329P00260000,260.0,0,0.0,0.0,,0.0,normalDay
2018-12-26,0.0,-1089.0,0.0,0,246.18,0.0,1,7.42,18.31,SPY190329P00260000,260.0,0,0.0,0.0,,0.0,normalDay
2018-12-27,0.0,-990.0,0.0,0,248.07,0.0,1,7.42,17.32,SPY190329P00260000,260.0,0,0.0,0.0,,0.0,normalDay
2018-12-28,0.0,-1014.0,0.0,0,247.75,0.0,1,7.42,17.56,SPY190329P00260000,260.0,0,0.0,0.0,,0.0,normalDay
2018-12-31,0.0,-805.0,0.0,0,249.92,0.0,1,7.42,15.47,SPY190329P00260000,260.0,0,0.0,0.0,,0.0,normalDay
2019-01-02,0.0,-732.0,0.0,0,250.18,0.0,1,7.42,14.74,SPY190329P00260000,260.0,0,0.0,0.0,,0.0,normalDay
2019-01-03,0.0,-1191.0,0.0,0,244.21,0.0,1,7.42,19.33,SPY190329P00260000,260.0,0,0.0,0.0,,0.0,normalDay
2019-01-04,0.0,-586.0,0.0,0,252.39,0.0,1,7.42,13.28,SPY190329P00260000,260.0,0,0.0,0.0,,0.0,normalDay
2019-01-07,0.0,-459.0,0.0,0,254.38,0.0,1,7.42,12.01,SPY190329P00260000,260.0,0,0.0,0.0,,0.0,normalDay
2019-01-08,0.0,-314.0,0.0,0,256.77,0.0,1,7.42,10.56,SPY190329P00260000,260.0,0,0.0,0.0,,0.0,normalDay
2019-01-09,0.0,-231.0,0.0,0,257.97,0.0,1,7.42,9.73,SPY190329P00260000,260.0,0,0.0,0.0,,0.0,normalDay
2019-01-10,0.0,-169.0,0.0,0,258.88,0.0,1,7.42,9.11,SPY190329P00260000,260.0,0,0.0,0.0,,0.0,normalDay
2019-01-11,0.0,-125.0,0.0,0,258.98,0.0,1,7.42,8.67,SPY190329P00260000,260.0,0,0.0,0.0,,0.0,normalDay
2019-01-14,0.0,-171.0,0.0,0,257.4,0.0,1,7.42,9.13,SPY190329P00260000,260.0,0,0.0,0.0,,0.0,normalDay
2019-01-15,0.0,-7.0,0.0,0,260.35,0.0,1,7.42,7.49,SPY190329P00260000,260.0,0,0.0,0.0,,0.0,normalDay
2019-01-16,0.0,25.0,0.0,0,260.98,0.0,1,7.42,7.17,SPY190329P00260000,260.0,0,0.0,0.0,,0.0,normalDay
2019-01-17,0.0,108.0,0.0,0,262.96,0.0,1,7.42,6.34,SPY190329P00260000,260.0,0,0.0,0.0,,0.0,normalDay
2019-01-18,0.0,224.0,0.0,0,266.46,0.0,1,7.42,5.18,SPY190329P00260000,260.0,0,0.0,0.0,,0.0,normalDay
2019-01-22,0.0,71.0,0.0,0,262.86,0.0,1,7.42,6.71,SPY190329P00260000,260.0,0,0.0,0.0,,0.0,normalDay
2019-01-23,0.0,89.0,0.0,0,263.41,0.0,1,7.42,6.53,SPY190329P00260000,260.0,0,0.0,0.0,,0.0,normalDay
2019-01-24,0.0,118.0,0.0,0,263.55,0.0,1,7.42,6.24,SPY190329P00260000,260.0,0,0.0,0.0,,0.0,normalDay
2019-01-25,0.0,237.0,0.0,0,265.78,0.0,1,7.42,5.05,SPY190329P00260000,260.0,0,0.0,0.0,,0.0,normalDay
2019-01-28,0.0,156.0,0.0,0,263.76,0.0,1,7.42,5.86,SPY190329P00260000,260.0,0,0.0,0.0,,0.0,normalDay
2019-01-29,0.0,142.0,0.0,0,263.41,0.0,1,7.42,6.0,SPY190329P00260000,260.0,0,0.0,0.0,,0.0,normalDay
2019-01-30,0.0,313.0,0.0,0,267.58,0.0,1,7.42,4.29,SPY190329P00260000,260.0,0,0.0,0.0,,0.0,normalDay
2019-01-31,0.0,421.0,0.0,0,269.93,0.0,1,7.42,3.21,SPY190329P00260000,260.0,0,0.0,0.0,,0.0,normalDay
2019-02-01,0.0,434.0,0.0,0,270.06,0.0,1,7.42,3.08,SPY190329P00260000,260.0,0,0.0,0.0,,0.0,normalDay
2019-02-04,0.0,494.0,0.0,0,271.96,0.0,1,7.42,2.48,SPY190329P00260000,260.0,0,0.0,0.0,,0.0,normalDay
2019-02-05,0.0,513.0,0.0,0,273.1,0.0,1,7.42,2.29,SPY190329P00260000,260.0,0,0.0,0.0,,0.0,normalDay
2019-02-06,0.0,517.0,0.0,0,272.74,0.0,1,7.42,2.25,SPY190329P00260000,260.0,0,0.0,0.0,,0.0,normalDay
2019-02-07,0.0,455.0,0.0,0,270.14,0.0,1,7.42,2.87,SPY190329P00260000,260.0,0,0.0,0.0,,0.0,normalDay
2019-02-08,0.0,473.0,0.0,0,270.47,0.0,1,7.42,2.69,SPY190329P00260000,260.0,0,0.0,0.0,,0.0,normalDay
2019-02-11,0.0,490.0,0.0,0,270.62,0.0,1,7.42,2.52,SPY190329P00260000,260.0,0,0.0,0.0,,0.0,normalDay
2019-02-12,0.0,566.0,0.0,0,274.1,0.0,1,7.42,1.76,SPY190329P00260000,260.0,0,0.0,0.0,,0.0,normalDay
2019-02-13,0.0,574.0,0.0,0,274.99,0.0,1,7.42,1.68,SPY190329P00260000,260.0,0,0.0,0.0,,0.0,normalDay
2019-02-14,0.0,559.0,0.0,0,274.38,0.0,1,7.42,1.83,SPY190329P00260000,260.0,0,0.0,0.0,,0.0,normalDay
2019-02-15,0.0,617.0,0.0,0,277.37,0.0,1,7.42,1.25,SPY190329P00260000,260.0,0,0.0,0.0,,0.0,normalDay
2019-02-19,0.0,632.0,0.0,0,277.85,0.0,1,7.42,1.1,SPY190329P00260000,260.0,0,0.0,0.0,,0.0,normalDay
2019-02-20,0.0,654.0,0.0,0,278.41,0.0,1,7.42,0.88,SPY190329P00260000,260.0,0,0.0,0.0,,0.0,normalDay
2019-02-21,0.0,645.0,0.0,0,277.42,0.0,1,7.42,0.97,SPY190329P00260000,260.0,0,0.0,0.0,,0.0,normalDay
2019-02-22,0.0,670.0,0.0,0,279.14,0.0,1,7.42,0.72,SPY190329P00260000,260.0,0,0.0,0.0,,0.0,normalDay
2019-02-25,0.0,666.0,0.0,0,279.52,0.0,1,7.42,0.76,SPY190329P00260000,260.0,0,0.0,0.0,,0.0,normalDay
2019-02-26,0.0,664.0,0.0,0,279.32,0.0,1,7.42,0.78,SPY190329P00260000,260.0,0,0.0,0.0,,0.0,normalDay
2019-02-27,0.0,668.0,0.0,0,279.2,0.0,1,7.42,0.74,SPY190329P00260000,260.0,0,0.0,0.0,,0.0,normalDay
2019-02-28,0.0,666.0,0.0,0,278.68,0.0,1,7.42,0.76,SPY190329P00260000,260.0,0,0.0,0.0,,0.0,normalDay
2019-03-01,0.0,690.0,0.0,0,280.42,0.0,1,7.42,0.52,SPY190329P00260000,260.0,0,0.0,0.0,,0.0,normalDay
2019-03-04,0.0,681.0,0.0,0,279.4,0.0,1,7.42,0.61,SPY190329P00260000,260.0,0,0.0,0.0,,0.0,normalDay
2019-03-05,0.0,681.0,0.0,0,279.02,0.0,1,7.42,0.61,SPY190329P00260000,260.0,0,0.0,0.0,,0.0,normalDay
2019-03-06,0.0,667.0,0.0,0,277.33,0.0,1,7.42,0.75,SPY190329P00260000,260.0,0,0.0,0.0,,0.0,normalDay
2019-03-07,0.0,646.0,0.0,0,275.01,0.0,1,7.42,0.96,SPY190329P00260000,260.0,0,0.0,0.0,,0.0,normalDay
2019-03-08,0.0,658.0,0.0,0,274.46,0.0,1,7.42,0.84,SPY190329P00260000,260.0,0,0.0,0.0,,0.0,normalDay
2019-03-11,0.0,706.0,0.0,0,278.44,0.0,1,7.42,0.36,SPY190329P00260000,260.0,0,0.0,0.0,,0.0,normalDay
2019-03-12,0.0,717.0,0.0,0,279.49,0.0,1,7.42,0.25,SPY190329P00260000,260.0,0,0.0,0.0,,0.0,normalDay
2019-03-13,0.0,725.0,0.0,0,281.34,0.0,1,7.42,0.17,SPY190329P00260000,260.0,0,0.0,0.0,,0.0,normalDay
2019-03-14,0.0,726.0,0.0,0,281.16,0.0,1,7.42,0.16,SPY190329P00260000,260.0,0,0.0,0.0,,0.0,normalDay
2019-03-15,0.0,732.0,0.0,0,281.31,0.0,1,7.42,0.1,SPY190329P00260000,260.0,0,0.0,0.0,,0.0,normalDay
2019-03-18,0.0,735.0,0.0,0,282.33,0.0,1,7.42,0.07,SPY190329P00260000,260.0,0,0.0,0.0,,0.0,normalDay
2019-03-19,0.0,734.0,0.0,0,282.4,0.0,1,7.42,0.08,SPY190329P00260000,260.0,0,0.0,0.0,,0.0,normalDay
2019-03-20,0.0,736.0,0.0,0,281.55,0.0,1,7.42,0.06,SPY190329P00260000,260.0,0,0.0,0.0,,0.0,normalDay
2019-03-21,0.0,738.0,0.0,0,284.73,0.0,1,7.42,0.04,SPY190329P00260000,260.0,0,0.0,0.0,,0.0,normalDay
2019-03-22,0.0,734.0,0.0,0,279.25,0.0,1,7.42,0.08,SPY190329P00260000,260.0,0,0.0,0.0,,0.0,normalDay
2019-03-25,0.0,738.0,0.0,0,279.04,0.0,1,7.42,0.04,SPY190329P00260000,260.0,0,0.0,0.0,,0.0,normalDay
2019-03-26,0.0,740.0,0.0,0,281.12,0.0,1,7.42,0.02,SPY190329P00260000,260.0,0,0.0,0.0,,0.0,normalDay
2019-03-27,0.0,740.0,0.0,0,279.65,0.0,1,7.42,0.02,SPY190329P00260000,260.0,0,0.0,0.0,,0.0,normalDay
2019-03-28,0.0,741.0,0.0,0,280.71,0.0,1,7.42,0.01,SPY190329P00260000,260.0,0,0.0,0.0,,0.0,normalDay
2019-03-29,742.0,0.0,742.0,0,282.48,0.0,1,7.42,0.0,SPY190329P00260000,260.0,0,0.0,0.0,,0.0,expirationDay
2019-04-01,742.0,-6.0,0.0,0,285.83,0.0,1,7.17,7.23,SPY190930P00274000,274.0,0,0.0,0.0,,0.0,normalDay
2019-04-02,742.0,1.0,0.0,0,285.97,0.0,1,7.17,7.16,SPY190930P00274000,274.0,0,0.0,0.0,,0.0,normalDay
2019-04-03,742.0,23.0,0.0,0,286.42,0.0,1,7.17,6.94,SPY190930P00274000,274.0,0,0.0,0.0,,0.0,normalDay
2019-04-04,742.0,42.0,0.0,0,287.18,0.0,1,7.17,6.75,SPY190930P00274000,274.0,0,0.0,0.0,,0.0,normalDay
2019-04-05,742.0,94.0,0.0,0,288.57,0.0,1,7.17,6.23,SPY190930P00274000,274.0,0,0.0,0.0,,0.0,normalDay
2019-04-08,742.0,103.0,0.0,0,288.79,0.0,1,7.17,6.14,SPY190930P00274000,274.0,0,0.0,0.0,,0.0,normalDay
2019-04-09,742.0,37.0,0.0,0,287.31,0.0,1,7.17,6.8,SPY190930P00274000,274.0,0,0.0,0.0,,0.0,normalDay
2019-04-10,742.0,92.0,0.0,0,288.29,0.0,1,7.17,6.25,SPY190930P00274000,274.0,0,0.0,0.0,,0.0,normalDay
2019-04-11,742.0,90.0,0.0,0,288.21,0.0,1,7.17,6.27,SPY190930P00274000,274.0,0,0.0,0.0,,0.0,normalDay
2019-04-12,742.0,161.0,0.0,0,290.16,0.0,1,7.17,5.56,SPY190930P00274000,274.0,0,0.0,0.0,,0.0,normalDay
2019-04-15,742.0,164.0,0.0,0,289.97,0.0,1,7.17,5.53,SPY190930P00274000,274.0,0,0.0,0.0,,0.0,normalDay
2019-04-16,742.0,169.0,0.0,0,290.16,0.0,1,7.17,5.48,SPY190930P00274000,274.0,0,0.0,0.0,,0.0,normalDay
2019-04-17,742.0,147.0,0.0,0,289.45,0.0,1,7.17,5.7,SPY190930P00274000,274.0,0,0.0,0.0,,0.0,normalDay
2019-04-18,742.0,167.0,0.0,0,290.02,0.0,1,7.17,5.5,SPY190930P00274000,274.0,0,0.0,0.0,,0.0,normalDay
2019-04-22,742.0,184.0,0.0,0,290.27,0.0,1,7.17,5.33,SPY190930P00274000,274.0,0,0.0,0.0,,0.0,normalDay
2019-04-23,742.0,240.0,0.0,0,292.88,0.0,1,7.17,4.77,SPY190930P00274000,274.0,0,0.0,0.0,,0.0,normalDay
2019-04-24,742.0,219.0,0.0,0,292.23,0.0,1,7.17,4.98,SPY190930P00274000,274.0,0,0.0,0.0,,0.0,normalDay
2019-04-25,742.0,207.0,0.0,0,292.05,0.0,1,7.17,5.1,SPY190930P00274000,274.0,0,0.0,0.0,,0.0,normalDay
2019-04-26,742.0,244.0,0.0,0,293.41,0.0,1,7.17,4.73,SPY190930P00274000,274.0,0,0.0,0.0,,0.0,normalDay
2019-04-29,742.0,249.0,0.0,0,293.87,0.0,1,7.17,4.68,SPY190930P00274000,274.0,0,0.0,0.0,,0.0,normalDay
2019-04-30,742.0,256.0,0.0,0,294.02,0.0,1,7.17,4.61,SPY190930P00274000,274.0,0,0.0,0.0,,0.0,normalDay
2019-05-01,742.0,185.0,0.0,0,291.81,0.0,1,7.17,5.32,SPY190930P00274000,274.0,0,0.0,0.0,,0.0,normalDay
2019-05-02,742.0,176.0,0.0,0,291.18,0.0,1,7.17,5.41,SPY190930P00274000,274.0,0,0.0,0.0,,0.0,normalDay
2019-05-03,742.0,259.0,0.0,0,294.03,0.0,1,7.17,4.58,SPY190930P00274000,274.0,0,0.0,0.0,,0.0,normalDay
2019-05-06,742.0,207.0,0.0,0,292.82,0.0,1,7.17,5.1,SPY190930P00274000,274.0,0,0.0,0.0,,0.0,normalDay
2019-05-07,742.0,12.0,0.0,0,287.93,0.0,1,7.17,7.05,SPY190930P00274000,274.0,0,0.0,0.0,,0.0,normalDay
2019-05-08,742.0,24.0,0.0,0,287.53,0.0,1,7.17,6.93,SPY190930P00274000,274.0,0,0.0,0.0,,0.0,normalDay
2019-05-09,742.0,18.0,0.0,0,286.66,0.0,1,7.17,6.99,SPY190930P00274000,274.0,0,0.0,0.0,,0.0,normalDay
2019-05-10,742.0,98.0,0.0,0,288.1,0.0,1,7.17,6.19,SPY190930P00274000,274.0,0,0.0,0.0,,0.0,normalDay
2019-05-13,742.0,-189.0,0.0,0,280.86,0.0,1,7.17,9.06,SPY190930P00274000,274.0,0,0.0,0.0,,0.0,normalDay
2019-05-14,742.0,-55.0,0.0,0,283.4,0.0,1,7.17,7.72,SPY190930P00274000,274.0,0,0.0,0.0,,0.0,normalDay
2019-05-15,742.0,32.0,0.0,0,285.06,0.0,1,7.17,6.85,SPY190930P00274000,274.0,0,0.0,0.0,,0.0,normalDay
2019-05-16,742.0,129.0,0.0,0,287.7,0.0,1,7.17,5.88,SPY190930P00274000,274.0,0,0.0,0.0,,0.0,normalDay
2019-05-17,742.0,72.0,0.0,0,285.84,0.0,1,7.17,6.45,SPY190930P00274000,274.0,0,0.0,0.0,,0.0,normalDay
2019-05-20,742.0,28.0,0.0,0,283.95,0.0,1,7.17,6.89,SPY190930P00274000,274.0,0,0.0,0.0,,0.0,normalDay
2019-05-21,742.0,126.0,0.0,0,286.51,0.0,1,7.17,5.91,SPY190930P00274000,274.0,0,0.0,0.0,,0.0,normalDay
2019-05-22,742.0,109.0,0.0,0,285.63,0.0,1,7.17,6.08,SPY190930P00274000,274.0,0,0.0,0.0,,0.0,normalDay
2019-05-23,742.0,-44.0,0.0,0,282.14,0.0,1,7.17,7.61,SPY190930P00274000,274.0,0,0.0,0.0,,0.0,normalDay
2019-05-24,742.0,3.0,0.0,0,282.78,0.0,1,7.17,7.14,SPY190930P00274000,274.0,0,0.0,0.0,,0.0,normalDay
2019-05-28,742.0,-87.0,0.0,0,280.15,0.0,1,7.17,8.04,SPY190930P00274000,274.0,0,0.0,0.0,,0.0,normalDay
2019-05-29,742.0,-171.0,0.0,0,278.27,0.0,1,7.17,8.88,SPY190930P00274000,274.0,0,0.0,0.0,,0.0,normalDay
2019-05-30,742.0,-136.0,0.0,0,279.03,0.0,1,7.17,8.53,SPY190930P00274000,274.0,0,0.0,0.0,,0.0,normalDay
2019-05-31,742.0,-311.0,0.0,0,275.27,0.0,1,7.17,10.28,SPY190930P00274000,274.0,0,0.0,0.0,,0.0,normalDay
2019-06-03,742.0,-314.0,0.0,0,274.57,0.0,1,7.17,10.31,SPY190930P00274000,274.0,0,0.0,0.0,,0.0,normalDay
2019-06-04,742.0,-56.0,0.0,0,280.53,0.0,1,7.17,7.73,SPY190930P00274000,274.0,0,0.0,0.0,,0.0,normalDay
2019-06-05,742.0,39.0,0.0,0,282.96,0.0,1,7.17,6.78,SPY190930P00274000,274.0,0,0.0,0.0,,0.0,normalDay
2019-06-06,742.0,100.0,0.0,0,284.8,0.0,1,7.17,6.17,SPY190930P00274000,274.0,0,0.0,0.0,,0.0,normalDay
2019-06-07,742.0,159.0,0.0,0,287.65,0.0,1,7.17,5.58,SPY190930P00274000,274.0,0,0.0,0.0,,0.0,normalDay
2019-06-10,742.0,210.0,0.0,0,288.97,0.0,1,7.17,5.07,SPY190930P00274000,274.0,0,0.0,0.0,,0.0,normalDay
2019-06-11,742.0,198.0,0.0,0,288.9,0.0,1,7.17,5.19,SPY190930P00274000,274.0,0,0.0,0.0,,0.0,normalDay
2019-06-12,742.0,195.0,0.0,0,288.39,0.0,1,7.17,5.22,SPY190930P00274000,274.0,0,0.0,0.0,,0.0,normalDay
2019-06-13,742.0,231.0,0.0,0,289.58,0.0,1,7.17,4.86,SPY190930P00274000,274.0,0,0.0,0.0,,0.0,normalDay
2019-06-14,742.0,239.0,0.0,0,289.26,0.0,1,7.17,4.78,SPY190930P00274000,274.0,0,0.0,0.0,,0.0,normalDay
2019-06-17,742.0,248.0,0.0,0,289.37,0.0,1,7.17,4.69,SPY190930P00274000,274.0,0,0.0,0.0,,0.0,normalDay
2019-06-18,742.0,308.0,0.0,0,292.4,0.0,1,7.17,4.09,SPY190930P00274000,274.0,0,0.0,0.0,,0.0,normalDay
2019-06-19,742.0,344.0,0.0,0,293.06,0.0,1,7.17,3.73,SPY190930P00274000,274.0,0,0.0,0.0,,0.0,normalDay
2019-06-20,742.0,384.0,0.0,0,295.86,0.0,1,7.17,3.33,SPY190930P00274000,274.0,0,0.0,0.0,,0.0,normalDay
2019-06-21,742.0,367.0,0.0,0,294.0,0.0,1,7.17,3.5,SPY190930P00274000,274.0,0,0.0,0.0,,0.0,normalDay
2019-06-24,742.0,374.0,0.0,0,293.64,0.0,1,7.17,3.43,SPY190930P00274000,274.0,0,0.0,0.0,,0.0,normalDay
2019-06-25,742.0,309.0,0.0,0,290.76,0.0,1,7.17,4.08,SPY190930P00274000,274.0,0,0.0,0.0,,0.0,normalDay
2019-06-26,742.0,305.0,0.0,0,290.47,0.0,1,7.17,4.12,SPY190930P00274000,274.0,0,0.0,0.0,,0.0,normalDay
2019-06-27,742.0,345.0,0.0,0,291.5,0.0,1,7.17,3.72,SPY190930P00274000,274.0,0,0.0,0.0,,0.0,normalDay
2019-06-28,742.0,394.0,0.0,0,293.0,0.0,1,7.17,3.23,SPY190930P00274000,274.0,0,0.0,0.0,,0.0,normalDay
2019-07-01,742.0,458.0,0.0,0,295.66,0.0,1,7.17,2.59,SPY190930P00274000,274.0,0,0.0,0.0,,0.0,normalDay
2019-07-02,742.0,491.0,0.0,0,296.43,0.0,1,7.17,2.26,SPY190930P00274000,274.0,0,0.0,0.0,,0.0,normalDay
2019-07-03,742.0,524.0,0.0,0,298.8,0.0,1,7.17,1.93,SPY190930P00274000,274.0,0,0.0,0.0,,0.0,normalDay
2019-07-05,742.0,514.0,0.0,0,298.46,0.0,1,7.17,2.03,SPY190930P00274000,274.0,0,0.0,0.0,,0.0,normalDay
2019-07-08,742.0,497.0,0.0,0,296.82,0.0,1,7.17,2.2,SPY190930P00274000,274.0,0,0.0,0.0,,0.0,normalDay
2019-07-09,742.0,495.0,0.0,0,297.19,0.0,1,7.17,2.22,SPY190930P00274000,274.0,0,0.0,0.0,,0.0,normalDay
2019-07-10,742.0,527.0,0.0,0,298.61,0.0,1,7.17,1.9,SPY190930P00274000,274.0,0,0.0,0.0,,0.0,normalDay
2019-07-11,742.0,538.0,0.0,0,299.31,0.0,1,7.17,1.79,SPY190930P00274000,274.0,0,0.0,0.0,,0.0,normalDay
2019-07-12,742.0,557.0,0.0,0,300.65,0.0,1,7.17,1.6,SPY190930P00274000,274.0,0,0.0,0.0,,0.0,normalDay
2019-07-15,742.0,559.0,0.0,0,300.75,0.0,1,7.17,1.58,SPY190930P00274000,274.0,0,0.0,0.0,,0.0,normalDay
2019-07-16,742.0,551.0,0.0,0,299.78,0.0,1,7.17,1.66,SPY190930P00274000,274.0,0,0.0,0.0,,0.0,normalDay
2019-07-17,742.0,521.0,0.0,0,297.74,0.0,1,7.17,1.96,SPY190930P00274000,274.0,0,0.0,0.0,,0.0,normalDay
2019-07-18,742.0,541.0,0.0,0,298.83,0.0,1,7.17,1.76,SPY190930P00274000,274.0,0,0.0,0.0,,0.0,normalDay
2019-07-19,742.0,521.0,0.0,0,297.17,0.0,1,7.17,1.96,SPY190930P00274000,274.0,0,0.0,0.0,,0.0,normalDay
2019-07-22,742.0,548.0,0.0,0,297.9,0.0,1,7.17,1.69,SPY190930P00274000,274.0,0,0.0,0.0,,0.0,normalDay
2019-07-23,742.0,580.0,0.0,0,300.03,0.0,1,7.17,1.37,SPY190930P00274000,274.0,0,0.0,0.0,,0.0,normalDay
2019-07-24,742.0,600.0,0.0,0,301.44,0.0,1,7.17,1.17,SPY190930P00274000,274.0,0,0.0,0.0,,0.0,normalDay
2019-07-25,742.0,582.0,0.0,0,300.0,0.0,1,7.17,1.35,SPY190930P00274000,274.0,0,0.0,0.0,,0.0,normalDay
2019-07-26,742.0,605.0,0.0,0,302.01,0.0,1,7.17,1.12,SPY190930P00274000,274.0,0,0.0,0.0,,0.0,normalDay
2019-07-29,742.0,604.0,0.0,0,301.46,0.0,1,7.17,1.13,SPY190930P00274000,274.0,0,0.0,0.0,,0.0,normalDay
2019-07-30,742.0,585.0,0.0,0,300.72,0.0,1,7.17,1.32,SPY190930P00274000,274.0,0,0.0,0.0,,0.0,normalDay
2019-07-31,742.0,533.0,0.0,0,297.43,0.0,1,7.17,1.84,SPY190930P00274000,274.0,0,0.0,0.0,,0.0,normalDay
2019-08-01,742.0,472.0,0.0,0,294.84,0.0,1,7.17,2.45,SPY190930P00274000,274.0,0,0.0,0.0,,0.0,normalDay
2019-08-02,742.0,437.0,0.0,0,292.62,0.0,1,7.17,2.8,SPY190930P00274000,274.0,0,0.0,0.0,,0.0,normalDay
2019-08-05,742.0,107.0,0.0,0,283.82,0.0,1,7.17,6.1,SPY190930P00274000,274.0,0,0.0,0.0,,0.0,normalDay
2019-08-06,742.0,311.0,0.0,0,287.8,0.0,1,7.17,4.06,SPY190930P00274000,274.0,0,0.0,0.0,,0.0,normalDay
2019-08-07,742.0,322.0,0.0,0,287.97,0.0,1,7.17,3.95,SPY190930P00274000,274.0,0,0.0,0.0,,0.0,normalDay
2019-08-08,742.0,476.0,0.0,0,293.62,0.0,1,7.17,2.41,SPY190930P00274000,274.0,0,0.0,0.0,,0.0,normalDay
2019-08-09,742.0,434.0,0.0,0,291.62,0.0,1,7.17,2.83,SPY190930P00274000,274.0,0,0.0,0.0,,0.0,normalDay
2019-08-12,742.0,310.0,0.0,0,288.07,0.0,1,7.17,4.07,SPY190930P00274000,274.0,0,0.0,0.0,,0.0,normalDay
2019-08-13,742.0,464.0,0.0,0,292.55,0.0,1,7.17,2.53,SPY190930P00274000,274.0,0,0.0,0.0,,0.0,normalDay
2019-08-14,742.0,207.0,0.0,0,283.9,0.0,1,7.17,5.1,SPY190930P00274000,274.0,0,0.0,0.0,,0.0,normalDay
2019-08-15,742.0,252.0,0.0,0,284.65,0.0,1,7.17,4.65,SPY190930P00274000,274.0,0,0.0,0.0,,0.0,normalDay
2019-08-16,742.0,408.0,0.0,0,288.85,0.0,1,7.17,3.09,SPY190930P00274000,274.0,0,0.0,0.0,,0.0,normalDay
2019-08-19,742.0,520.0,0.0,0,292.33,0.0,1,7.17,1.97,SPY190930P00274000,274.0,0,0.0,0.0,,0.0,normalDay
2019-08-20,742.0,476.0,0.0,0,290.09,0.0,1,7.17,2.41,SPY190930P00274000,274.0,0,0.0,0.0,,0.0,normalDay
2019-08-21,742.0,557.0,0.0,0,292.45,0.0,1,7.17,1.6,SPY190930P00274000,274.0,0,0.0,0.0,,0.0,normalDay
2019-08-22,742.0,538.0,0.0,0,292.36,0.0,1,7.17,1.79,SPY190930P00274000,274.0,0,0.0,0.0,,0.0,normalDay
2019-08-23,742.0,372.0,0.0,0,284.85,0.0,1,7.17,3.45,SPY190930P00274000,274.0,0,0.0,0.0,,0.0,normalDay
2019-08-26,742.0,454.0,0.0,0,288.0,0.0,1,7.17,2.63,SPY190930P00274000,274.0,0,0.0,0.0,,0.0,normalDay
2019-08-27,742.0,412.0,0.0,0,286.87,0.0,1,7.17,3.05,SPY190930P00274000,274.0,0,0.0,0.0,,0.0,normalDay
2019-08-28,742.0,479.0,0.0,0,288.89,0.0,1,7.17,2.38,SPY190930P00274000,274.0,0,0.0,0.0,,0.0,normalDay
2019-08-29,742.0,553.0,0.0,0,292.58,0.0,1,7.17,1.64,SPY190930P00274000,274.0,0,0.0,0.0,,0.0,normalDay
2019-08-30,742.0,544.0,0.0,0,292.45,0.0,1,7.17,1.73,SPY190930P00274000,274.0,0,0.0,0.0,,0.0,normalDay
2019-09-03,742.0,535.0,0.0,0,290.74,0.0,1,7.17,1.82,SPY190930P00274000,274.0,0,0.0,0.0,,0.0,normalDay
2019-09-04,742.0,616.0,0.0,0,294.04,0.0,1,7.17,1.01,SPY190930P00274000,274.0,0,0.0,0.0,,0.0,normalDay
2019-09-05,742.0,652.0,0.0,0,297.82,0.0,1,7.17,0.65,SPY190930P00274000,274.0,0,0.0,0.0,,0.0,normalDay
2019-09-06,742.0,673.0,0.0,0,298.05,0.0,1,7.17,0.44,SPY190930P00274000,274.0,0,0.0,0.0,,0.0,normalDay
2019-09-09,742.0,678.0,0.0,0,298.2,0.0,1,7.17,0.39,SPY190930P00274000,274.0,0,0.0,0.0,,0.0,normalDay
2019-09-10,742.0,682.0,0.0,0,298.13,0.0,1,7.17,0.35,SPY190930P00274000,274.0,0,0.0,0.0,,0.0,normalDay
2019-09-11,742.0,693.0,0.0,0,300.25,0.0,1,7.17,0.24,SPY190930P00274000,274.0,0,0.0,0.0,,0.0,normalDay
2019-09-12,742.0,697.0,0.0,0,301.29,0.0,1,7.17,0.2,SPY190930P00274000,274.0,0,0.0,0.0,,0.0,normalDay
2019-09-13,742.0,700.0,0.0,0,301.09,0.0,1,7.17,0.17,SPY190930P00274000,274.0,0,0.0,0.0,,0.0,normalDay
2019-09-16,742.0,701.0,0.0,0,300.16,0.0,1,7.17,0.16,SPY190930P00274000,274.0,0,0.0,0.0,,0.0,normalDay
2019-09-17,742.0,702.0,0.0,0,300.92,0.0,1,7.17,0.15,SPY190930P00274000,274.0,0,0.0,0.0,,0.0,normalDay
2019-09-18,742.0,705.0,0.0,0,301.1,0.0,1,7.17,0.12,SPY190930P00274000,274.0,0,0.0,0.0,,0.0,normalDay
2019-09-19,742.0,706.0,0.0,0,301.08,0.0,1,7.17,0.11,SPY190930P00274000,274.0,0,0.0,0.0,,0.0,normalDay
2019-09-20,742.0,707.0,0.0,0,298.28,0.0,1,7.17,0.1,SPY190930P00274000,274.0,0,0.0,0.0,,0.0,normalDay
2019-09-23,742.0,713.0,0.0,0,298.21,0.0,1,7.17,0.04,SPY190930P00274000,274.0,0,0.0,0.0,,0.0,normalDay
2019-09-24,742.0,708.0,0.0,0,295.87,0.0,1,7.17,0.09,SPY190930P00274000,274.0,0,0.0,0.0,,0.0,normalDay
2019-09-25,742.0,713.0,0.0,0,297.62,0.0,1,7.17,0.04,SPY190930P00274000,274.0,0,0.0,0.0,,0.0,normalDay
2019-09-26,742.0,715.0,0.0,0,297.0,0.0,1,7.17,0.02,SPY190930P00274000,274.0,0,0.0,0.0,,0.0,normalDay
2019-09-27,742.0,715.0,0.0,0,295.4,0.0,1,7.17,0.02,SPY190930P00274000,274.0,0,0.0,0.0,,0.0,normalDay
2019-09-30,1459.0,0.0,717.0,0,296.77,0.0,1,7.17,0.0,SPY190930P00274000,274.0,0,0.0,0.0,,0.0,expirationDay
2019-10-01,1459.0,-10.0,0.0,0,293.24,0.0,1,13.92,14.02,SPY200331P00293000,293.0,0,0.0,0.0,,0.0,normalDay
2019-10-02,1459.0,-314.0,0.0,0,288.06,0.0,1,13.92,17.06,SPY200331P00293000,293.0,0,0.0,0.0,,0.0,normalDay
2019-10-03,1459.0,-157.0,0.0,0,290.42,0.0,1,13.92,15.49,SPY200331P00293000,293.0,0,0.0,0.0,,0.0,normalDay
2019-10-04,1459.0,67.0,0.0,0,294.35,0.0,1,13.92,13.25,SPY200331P00293000,293.0,0,0.0,0.0,,0.0,normalDay
2019-10-07,1459.0,19.0,0.0,0,293.08,0.0,1,13.92,13.73,SPY200331P00293000,293.0,0,0.0,0.0,,0.0,normalDay
2019-10-08,1459.0,-229.0,0.0,0,288.53,0.0,1,13.92,16.21,SPY200331P00293000,293.0,0,0.0,0.0,,0.0,normalDay
2019-10-09,1459.0,-83.0,0.0,0,291.27,0.0,1,13.92,14.75,SPY200331P00293000,293.0,0,0.0,0.0,,0.0,normalDay
2019-10-10,1459.0,45.0,0.0,0,293.24,0.0,1,13.92,13.47,SPY200331P00293000,293.0,0,0.0,0.0,,0.0,normalDay
2019-10-11,1459.0,218.0,0.0,0,296.28,0.0,1,13.92,11.74,SPY200331P00293000,293.0,0,0.0,0.0,,0.0,normalDay
2019-10-14,1459.0,233.0,0.0,0,295.95,0.0,1,13.92,11.59,SPY200331P00293000,293.0,0,0.0,0.0,,0.0,normalDay
2019-10-15,1459.0,369.0,0.0,0,298.88,0.0,1,13.92,10.23,SPY200331P00293000,293.0,0,0.0,0.0,,0.0,normalDay
2019-10-16,1459.0,363.0,0.0,0,298.4,0.0,1,13.92,10.29,SPY200331P00293000,293.0,0,0.0,0.0,,0.0,normalDay
2019-10-17,1459.0,388.0,0.0,0,299.28,0.0,1,13.92,10.04,SPY200331P00293000,293.0,0,0.0,0.0,,0.0,normalDay
2019-10-18,1459.0,346.0,0.0,0,297.97,0.0,1,13.92,10.46,SPY200331P00293000,293.0,0,0.0,0.0,,0.0,normalDay
2019-10-21,1459.0,441.0,0.0,0,299.99,0.0,1,13.92,9.51,SPY200331P00293000,293.0,0,0.0,0.0,,0.0,normalDay
2019-10-22,1459.0,399.0,0.0,0,299.01,0.0,1,13.92,9.93,SPY200331P00293000,293.0,0,0.0,0.0,,0.0,normalDay
2019-10-23,1459.0,446.0,0.0,0,299.88,0.0,1,13.92,9.46,SPY200331P00293000,293.0,0,0.0,0.0,,0.0,normalDay
2019-10-24,1459.0,459.0,0.0,0,300.37,0.0,1,13.92,9.33,SPY200331P00293000,293.0,0,0.0,0.0,,0.0,normalDay
2019-10-25,1459.0,525.0,0.0,0,301.6,0.0,1,13.92,8.67,SPY200331P00293000,293.0,0,0.0,0.0,,0.0,normalDay
2019-10-28,1459.0,575.0,0.0,0,303.3,0.0,1,13.92,8.17,SPY200331P00293000,293.0,0,0.0,0.0,,0.0,normalDay
2019-10-29,1459.0,564.0,0.0,0,303.21,0.0,1,13.92,8.28,SPY200331P00293000,293.0,0,0.0,0.0,,0.0,normalDay
2019-10-30,1459.0,614.0,0.0,0,304.14,0.0,1,13.92,7.78,SPY200331P00293000,293.0,0,0.0,0.0,,0.0,normalDay
2019-10-31,1459.0,568.0,0.0,0,303.33,0.0,1,13.92,8.24,SPY200331P00293000,293.0,0,0.0,0.0,,0.0,normalDay
2019-11-01,1459.0,660.0,0.0,0,306.14,0.0,1,13.92,7.32,SPY200331P00293000,293.0,0,0.0,0.0,,0.0,normalDay
2019-11-04,1459.0,696.0,0.0,0,307.37,0.0,1,13.92,6.96,SPY200331P00293000,293.0,0,0.0,0.0,,0.0,normalDay
2019-11-05,1459.0,677.0,0.0,0,307.03,0.0,1,13.92,7.15,SPY200331P00293000,293.0,0,0.0,0.0,,0.0,normalDay
2019-11-06,1459.0,684.0,0.0,0,307.1,0.0,1,13.92,7.08,SPY200331P00293000,293.0,0,0.0,0.0,,0.0,normalDay
2019-11-07,1459.0,706.0,0.0,0,308.18,0.0,1,13.92,6.86,SPY200331P00293000,293.0,0,0.0,0.0,,0.0,normalDay
2019-11-08,1459.0,741.0,0.0,0,308.94,0.0,1,13.92,6.51,SPY200331P00293000,293.0,0,0.0,0.0,,0.0,normalDay
2019-11-11,1459.0,734.0,0.0,0,308.35,0.0,1,13.92,6.58,SPY200331P00293000,293.0,0,0.0,0.0,,0.0,normalDay
2019-11-12,1459.0,744.0,0.0,0,309.0,0.0,1,13.92,6.48,SPY200331P00293000,293.0,0,0.0,0.0,,0.0,normalDay
2019-11-13,1459.0,748.0,0.0,0,309.1,0.0,1,13.92,6.44,SPY200331P00293000,293.0,0,0.0,0.0,,0.0,normalDay
2019-11-14,1459.0,761.0,0.0,0,309.55,0.0,1,13.92,6.31,SPY200331P00293000,293.0,0,0.0,0.0,,0.0,normalDay
2019-11-15,1459.0,832.0,0.0,0,311.79,0.0,1,13.92,5.6,SPY200331P00293000,293.0,0,0.0,0.0,,0.0,normalDay
2019-11-18,1459.0,845.0,0.0,0,312.02,0.0,1,13.92,5.47,SPY200331P00293000,293.0,0,0.0,0.0,,0.0,normalDay
2019-11-19,1459.0,831.0,0.0,0,311.93,0.0,1,13.92,5.61,SPY200331P00293000,293.0,0,0.0,0.0,,0.0,normalDay
2019-11-20,1459.0,796.0,0.0,0,310.77,0.0,1,13.92,5.96,SPY200331P00293000,293.0,0,0.0,0.0,,0.0,normalDay
2019-11-21,1459.0,783.0,0.0,0,310.27,0.0,1,13.92,6.09,SPY200331P00293000,293.0,0,0.0,0.0,,0.0,normalDay
2019-11-22,1459.0,818.0,0.0,0,310.96,0.0,1,13.92,5.74,SPY200331P00293000,293.0,0,0.0,0.0,,0.0,normalDay
2019-11-25,1459.0,892.0,0.0,0,313.37,0.0,1,13.92,5.0,SPY200331P00293000,293.0,0,0.0,0.0,,0.0,normalDay
2019-11-26,1459.0,922.0,0.0,0,314.08,0.0,1,13.92,4.7,SPY200331P00293000,293.0,0,0.0,0.0,,0.0,normalDay
2019-11-27,1459.0,944.0,0.0,0,315.48,0.0,1,13.92,4.48,SPY200331P00293000,293.0,0,0.0,0.0,,0.0,normalDay
2019-11-29,1459.0,908.0,0.0,0,314.31,0.0,1,13.92,4.84,SPY200331P00293000,293.0,0,0.0,0.0,,0.0,normalDay
2019-12-02,1459.0,818.0,0.0,0,311.64,0.0,1,13.92,5.74,SPY200331P00293000,293.0,0,0.0,0.0,,0.0,normalDay
2019-12-03,1459.0,740.0,0.0,0,309.55,0.0,1,13.92,6.52,SPY200331P00293000,293.0,0,0.0,0.0,,0.0,normalDay
2019-12-04,1459.0,804.0,0.0,0,311.46,0.0,1,13.92,5.88,SPY200331P00293000,293.0,0,0.0,0.0,,0.0,normalDay
2019-12-05,1459.0,840.0,0.0,0,312.02,0.0,1,13.92,5.52,SPY200331P00293000,293.0,0,0.0,0.0,,0.0,normalDay
2019-12-06,1459.0,918.0,0.0,0,314.87,0.0,1,13.92,4.74,SPY200331P00293000,293.0,0,0.0,0.0,,0.0,normalDay
2019-12-09,1459.0,874.0,0.0,0,313.88,0.0,1,13.92,5.18,SPY200331P00293000,293.0,0,0.0,0.0,,0.0,normalDay
2019-12-10,1459.0,886.0,0.0,0,313.53,0.0,1,13.92,5.06,SPY200331P00293000,293.0,0,0.0,0.0,,0.0,normalDay
2019-12-11,1459.0,918.0,0.0,0,314.42,0.0,1,13.92,4.74,SPY200331P00293000,293.0,0,0.0,0.0,,0.0,normalDay
2019-12-12,1459.0,990.0,0.0,0,317.13,0.0,1,13.92,4.02,SPY200331P00293000,293.0,0,0.0,0.0,,0.0,normalDay
2019-12-13,1459.0,1032.0,0.0,0,317.32,0.0,1,13.92,3.6,SPY200331P00293000,293.0,0,0.0,0.0,,0.0,normalDay
2019-12-16,1459.0,1087.0,0.0,0,319.5,0.0,1,13.92,3.05,SPY200331P00293000,293.0,0,0.0,0.0,,0.0,normalDay
2019-12-17,1459.0,1085.0,0.0,0,319.57,0.0,1,13.92,3.07,SPY200331P00293000,293.0,0,0.0,0.0,,0.0,normalDay
2019-12-18,1459.0,1086.0,0.0,0,319.59,0.0,1,13.92,3.06,SPY200331P00293000,293.0,0,0.0,0.0,,0.0,normalDay
2019-12-19,1459.0,1108.0,0.0,0,320.9,0.0,1,13.92,2.84,SPY200331P00293000,293.0,0,0.0,0.0,,0.0,normalDay
2019-12-20,1459.0,1119.0,0.0,0,320.73,0.0,1,13.92,2.73,SPY200331P00293000,293.0,0,0.0,0.0,,0.0,normalDay
2019-12-23,1459.0,1120.0,0.0,0,321.22,0.0,1,13.92,2.72,SPY200331P00293000,293.0,0,0.0,0.0,,0.0,normalDay
2019-12-24,1459.0,1126.0,0.0,0,321.23,0.0,1,13.92,2.66,SPY200331P00293000,293.0,0,0.0,0.0,,0.0,normalDay
2019-12-26,1459.0,1152.0,0.0,0,322.94,0.0,1,13.92,2.4,SPY200331P00293000,293.0,0,0.0,0.0,,0.0,normalDay
2019-12-27,1459.0,1140.0,0.0,0,322.86,0.0,1,13.92,2.52,SPY200331P00293000,293.0,0,0.0,0.0,,0.0,normalDay
2019-12-30,1459.0,1111.0,0.0,0,321.08,0.0,1,13.92,2.81,SPY200331P00293000,293.0,0,0.0,0.0,,0.0,normalDay
2019-12-31,1459.0,1143.0,0.0,0,321.86,0.0,1,13.92,2.49,SPY200331P00293000,293.0,0,0.0,0.0,,0.0,normalDay
2020-01-02,1459.0,1192.0,0.0,0,324.87,0.0,1,13.92,2.0,SPY200331P00293000,293.0,0,0.0,0.0,,0.0,normalDay
2020-01-03,1459.0,1147.0,0.0,0,322.41,0.0,1,13.92,2.45,SPY200331P00293000,293.0,0,0.0,0.0,,0.0,normalDay
2020-01-06,1459.0,1175.0,0.0,0,323.64,0.0,1,13.92,2.17,SPY200331P00293000,293.0,0,0.0,0.0,,0.0,normalDay
2020-01-07,1459.0,1166.0,0.0,0,322.73,0.0,1,13.92,2.26,SPY200331P00293000,293.0,0,0.0,0.0,,0.0,normalDay
2020-01-08,1459.0,1197.0,0.0,0,324.45,0.0,1,13.92,1.95,SPY200331P00293000,293.0,0,0.0,0.0,,0.0,normalDay
2020-01-09,1459.0,1229.0,0.0,0,326.65,0.0,1,13.92,1.63,SPY200331P00293000,293.0,0,0.0,0.0,,0.0,normalDay
2020-01-10,1459.0,1223.0,0.0,0,325.71,0.0,1,13.92,1.69,SPY200331P00293000,293.0,0,0.0,0.0,,0.0,normalDay
2020-01-13,1459.0,1255.0,0.0,0,327.95,0.0,1,13.92,1.37,SPY200331P00293000,293.0,0,0.0,0.0,,0.0,normalDay
2020-01-14,1459.0,1257.0,0.0,0,327.45,0.0,1,13.92,1.35,SPY200331P00293000,293.0,0,0.0,0.0,,0.0,normalDay
2020-01-15,1459.0,1264.0,0.0,0,328.19,0.0,1,13.92,1.28,SPY200331P00293000,293.0,0,0.0,0.0,,0.0,normalDay
2020-01-16,1459.0,1281.0,0.0,0,330.92,0.0,1,13.92,1.11,SPY200331P00293000,293.0,0,0.0,0.0,,0.0,normalDay
2020-01-17,1459.0,1290.0,0.0,0,331.95,0.0,1,13.92,1.02,SPY200331P00293000,293.0,0,0.0,0.0,,0.0,normalDay
2020-01-21,1459.0,1288.0,0.0,0,331.3,0.0,1,13.92,1.04,SPY200331P00293000,293.0,0,0.0,0.0,,0.0,normalDay
2020-01-22,1459.0,1289.0,0.0,0,331.34,0.0,1,13.92,1.03,SPY200331P00293000,293.0,0,0.0,0.0,,0.0,normalDay
2020-01-23,1459.0,1291.0,0.0,0,331.72,0.0,1,13.92,1.01,SPY200331P00293000,293.0,0,0.0,0.0,,0.0,normalDay
2020-01-24,1459.0,1259.0,0.0,0,328.77,0.0,1,13.92,1.33,SPY200331P00293000,293.0,0,0.0,0.0,,0.0,normalDay
2020-01-27,1459.0,1163.0,0.0,0,323.5,0.0,1,13.92,2.29,SPY200331P00293000,293.0,0,0.0,0.0,,0.0,normalDay
2020-01-28,1459.0,1232.0,0.0,0,326.89,0.0,1,13.92,1.6,SPY200331P00293000,293.0,0,0.0,0.0,,0.0,normalDay
2020-01-29,1459.0,1233.0,0.0,0,326.62,0.0,1,13.92,1.59,SPY200331P00293000,293.0,0,0.0,0.0,,0.0,normalDay
2020-01-30,1459.0,1260.0,0.0,0,327.68,0.0,1,13.92,1.32,SPY200331P00293000,293.0,0,0.0,0.0,,0.0,normalDay
2020-01-31,1459.0,1167.0,0.0,0,321.73,0.0,1,13.92,2.25,SPY200331P00293000,293.0,0,0.0,0.0,,0.0,normalDay
2020-02-03,1459.0,1205.0,0.0,0,324.12,0.0,1,13.92,1.87,SPY200331P00293000,293.0,0,0.0,0.0,,0.0,normalDay
2020-02-04,1459.0,1278.0,0.0,0,329.06,0.0,1,13.92,1.14,SPY200331P00293000,293.0,0,0.0,0.0,,0.0,normalDay
2020-02-05,1459.0,1307.0,0.0,0,332.86,0.0,1,13.92,0.85,SPY200331P00293000,293.0,0,0.0,0.0,,0.0,normalDay
2020-02-06,1459.0,1311.0,0.0,0,333.98,0.0,1,13.92,0.81,SPY200331P00293000,293.0,0,0.0,0.0,,0.0,normalDay
2020-02-07,1459.0,1303.0,0.0,0,332.2,0.0,1,13.92,0.89,SPY200331P00293000,293.0,0,0.0,0.0,,0.0,normalDay
2020-02-10,1459.0,1321.0,0.0,0,334.68,0.0,1,13.92,0.71,SPY200331P00293000,293.0,0,0.0,0.0,,0.0,normalDay
2020-02-11,1459.0,1323.0,0.0,0,335.26,0.0,1,13.92,0.69,SPY200331P00293000,293.0,0,0.0,0.0,,0.0,normalDay
2020-02-12,1459.0,1338.0,0.0,0,337.42,0.0,1,13.92,0.54,SPY200331P00293000,293.0,0,0.0,0.0,,0.0,normalDay
2020-02-13,1459.0,1337.0,0.0,0,337.06,0.0,1,13.92,0.55,SPY200331P00293000,293.0,0,0.0,0.0,,0.0,normalDay
2020-02-14,1459.0,1343.0,0.0,0,337.6,0.0,1,13.92,0.49,SPY200331P00293000,293.0,0,0.0,0.0,,0.0,normalDay
2020-02-18,1459.0,1341.0,0.0,0,336.73,0.0,1,13.92,0.51,SPY200331P00293000,293.0,0,0.0,0.0,,0.0,normalDay
2020-02-19,1459.0,1349.0,0.0,0,338.34,0.0,1,13.92,0.43,SPY200331P00293000,293.0,0,0.0,0.0,,0.0,normalDay
2020-02-20,1459.0,1340.0,0.0,0,336.95,0.0,1,13.92,0.52,SPY200331P00293000,293.0,0,0.0,0.0,,0.0,normalDay
2020-02-21,1459.0,1321.0,0.0,0,333.48,0.0,1,13.92,0.71,SPY200331P00293000,293.0,0,0.0,0.0,,0.0,normalDay
2020-02-24,1459.0,1157.0,0.0,0,322.42,0.0,1,13.92,2.35,SPY200331P00293000,293.0,0,0.0,0.0,,0.0,normalDay
2020-02-25,1459.0,1011.0,0.0,0,312.65,0.0,1,13.92,3.81,SPY200331P00293000,293.0,0,0.0,0.0,,0.0,normalDay
2020-02-26,1459.0,1003.0,0.0,0,311.5,0.0,1,13.92,3.89,SPY200331P00293000,293.0,0,0.0,0.0,,0.0,normalDay
2020-02-27,1459.0,326.0,0.0,0,297.51,0.0,1,13.92,10.66,SPY200331P00293000,293.0,0,0.0,0.0,,0.0,normalDay
2020-02-28,1459.0,223.0,0.0,0,296.26,0.0,1,13.92,11.69,SPY200331P00293000,293.0,0,0.0,0.0,,0.0,normalDay
2020-03-02,1459.0,864.0,0.0,0,309.09,0.0,1,13.92,5.28,SPY200331P00293000,293.0,0,0.0,0.0,,0.0,normalDay
2020-03-03,1459.0,562.0,0.0,0,300.24,0.0,1,13.92,8.3,SPY200331P00293000,293.0,0,0.0,0.0,,0.0,normalDay
2020-03-04,1459.0,946.0,0.0,0,312.86,0.0,1,13.92,4.46,SPY200331P00293000,293.0,0,0.0,0.0,,0.0,normalDay
2020-03-05,1459.0,518.0,0.0,0,302.46,0.0,1,13.92,8.74,SPY200331P00293000,293.0,0,0.0,0.0,,0.0,normalDay
2020-03-06,1459.0,325.0,0.0,0,297.46,0.0,1,13.92,10.67,SPY200331P00293000,293.0,0,0.0,0.0,,0.0,normalDay
2020-03-09,1459.0,-1124.0,0.0,0,274.23,0.0,1,13.92,25.16,SPY200331P00293000,293.0,0,0.0,0.0,,0.0,normalDay
2020-03-10,1459.0,-95.0,0.0,0,288.42,0.0,1,13.92,14.87,SPY200331P00293000,293.0,0,0.0,0.0,,0.0,normalDay
2020-03-11,1459.0,-1065.0,0.0,0,274.36,0.0,1,13.92,24.57,SPY200331P00293000,293.0,0,0.0,0.0,,0.0,normalDay
2020-03-12,1459.0,-3322.0,0.0,0,248.11,0.0,1,13.92,47.14,SPY200331P00293000,293.0,0,0.0,0.0,,0.0,normalDay
2020-03-13,1459.0,-1342.0,0.0,0,269.32,0.0,1,13.92,27.34,SPY200331P00293000,293.0,0,0.0,0.0,,0.0,normalDay
2020-03-16,1459.0,-3789.0,0.0,0,239.85,0.0,1,13.92,51.81,SPY200331P00293000,293.0,0,0.0,0.0,,0.0,normalDay
2020-03-17,1459.0,-2969.0,0.0,0,252.8,0.0,1,13.92,43.61,SPY200331P00293000,293.0,0,0.0,0.0,,0.0,normalDay
2020-03-18,1459.0,-4167.0,0.0,0,240.0,0.0,1,13.92,55.59,SPY200331P00293000,293.0,0,0.0,0.0,,0.0,normalDay
2020-03-19,1459.0,-4126.0,0.0,0,240.51,0.0,1,13.92,55.18,SPY200331P00293000,293.0,0,0.0,0.0,,0.0,normalDay
2020-03-20,1459.0,-5058.0,0.0,0,228.8,0.0,1,13.92,64.5,SPY200331P00293000,293.0,0,0.0,0.0,,0.0,normalDay
2020-03-23,1459.0,-5850.0,0.0,0,222.95,0.0,1,13.92,72.42,SPY200331P00293000,293.0,0,0.0,0.0,,0.0,normalDay
2020-03-24,1459.0,-3713.0,0.0,0,243.15,0.0,1,13.92,51.05,SPY200331P00293000,293.0,0,0.0,0.0,,0.0,normalDay
2020-03-25,1459.0,-3236.0,0.0,0,246.79,0.0,1,13.92,46.28,SPY200331P00293000,293.0,0,0.0,0.0,,0.0,normalDay
2020-03-26,1459.0,-1884.0,0.0,0,261.2,0.0,1,13.92,32.76,SPY200331P00293000,293.0,0,0.0,0.0,,0.0,normalDay
2020-03-27,1459.0,-2632.0,0.0,0,253.42,0.0,1,13.92,40.24,SPY200331P00293000,293.0,0,0.0,0.0,,0.0,normalDay
2020-03-30,1459.0,-1846.0,0.0,0,261.65,0.0,1,13.92,32.38,SPY200331P00293000,293.0,0,0.0,0.0,,0.0,normalDay
2020-03-31,2851.0,-3525.0,1392.0,100,257.75,293.0,1,13.92,0.0,SPY200331P00293000,293.0,0,0.0,0.0,,0.0,expirationDay
2020-04-01,2851.0,-4694.0,0.0,100,246.15,293.0,0,0.0,0.0,,0.0,1,0.84,0.93,SPY200619C00301000,301.0,normalDay
2020-04-02,2851.0,-4136.0,0.0,100,251.83,293.0,0,0.0,0.0,,0.0,1,0.84,1.03,SPY200619C00301000,301.0,normalDay
2020-04-03,2851.0,-4468.0,0.0,100,248.19,293.0,0,0.0,0.0,,0.0,1,0.84,0.71,SPY200619C00301000,301.0,normalDay
2020-04-06,2851.0,-2947.0,0.0,100,264.86,293.0,0,0.0,0.0,,0.0,1,0.84,2.17,SPY200619C00301000,301.0,normalDay
2020-04-07,2851.0,-2931.0,0.0,100,265.13,293.0,0,0.0,0.0,,0.0,1,0.84,2.28,SPY200619C00301000,301.0,normalDay
2020-04-08,2851.0,-2258.0,0.0,100,274.03,293.0,0,0.0,0.0,,0.0,1,0.84,4.45,SPY200619C00301000,301.0,normalDay
2020-04-09,2851.0,-1966.0,0.0,100,278.2,293.0,0,0.0,0.0,,0.0,1,0.84,5.7,SPY200619C00301000,301.0,normalDay
2020-04-13,2851.0,-2101.0,0.0,100,275.66,293.0,0,0.0,0.0,,0.0,1,0.84,4.51,SPY200619C00301000,301.0,normalDay
2020-04-14,2851.0,-1497.0,0.0,100,283.79,293.0,0,0.0,0.0,,0.0,1,0.84,6.6,SPY200619C00301000,301.0,normalDay
2020-04-15,2851.0,-1917.0,0.0,100,277.76,293.0,0,0.0,0.0,,0.0,1,0.84,4.77,SPY200619C00301000,301.0,normalDay
2020-04-16,2851.0,-1822.0,0.0,100,279.1,293.0,0,0.0,0.0,,0.0,1,0.84,5.16,SPY200619C00301000,301.0,normalDay
2020-04-17,2851.0,-1316.0,0.0,100,286.64,293.0,0,0.0,0.0,,0.0,1,0.84,7.64,SPY200619C00301000,301.0,normalDay
2020-04-20,2851.0,-1692.0,0.0,100,281.59,293.0,0,0.0,0.0,,0.0,1,0.84,6.35,SPY200619C00301000,301.0,normalDay
2020-04-21,2851.0,-2327.0,0.0,100,273.04,293.0,0,0.0,0.0,,0.0,1,0.84,4.15,SPY200619C00301000,301.0,normalDay
2020-04-22,2851.0,-1786.0,0.0,100,279.1,293.0,0,0.0,0.0,,0.0,1,0.84,4.8,SPY200619C00301000,301.0,normalDay
2020-04-23,2851.0,-1767.0,0.0,100,279.08,293.0,0,0.0,0.0,,0.0,1,0.84,4.59,SPY200619C00301000,301.0,normalDay
2020-04-24,2851.0,-1416.0,0.0,100,282.97,293.0,0,0.0,0.0,,0.0,1,0.84,4.97,SPY200619C00301000,301.0,normalDay
2020-04-27,2851.0,-1053.0,0.0,100,287.05,293.0,0,0.0,0.0,,0.0,1,0.84,5.42,SPY200619C00301000,301.0,normalDay
2020-04-28,2851.0,-1133.0,0.0,100,285.73,293.0,0,0.0,0.0,,0.0,1,0.84,4.9,SPY200619C00301000,301.0,normalDay
2020-04-29,2851.0,-632.0,0.0,100,293.21,293.0,0,0.0,0.0,,0.0,1,0.84,7.37,SPY200619C00301000,301.0,normalDay
2020-04-30,2851.0,-787.0,0.0,100,290.48,293.0,0,0.0,0.0,,0.0,1,0.84,6.19,SPY200619C00301000,301.0,normalDay
2020-05-01,2851.0,-1332.0,0.0,100,282.79,293.0,0,0.0,0.0,,0.0,1,0.84,3.95,SPY200619C00301000,301.0,normalDay
2020-05-04,2851.0,-1219.0,0.0,100,283.57,293.0,0,0.0,0.0,,0.0,1,0.84,3.6,SPY200619C00301000,301.0,normalDay
2020-05-05,2851.0,-1014.0,0.0,100,286.19,293.0,0,0.0,0.0,,0.0,1,0.84,4.17,SPY200619C00301000,301.0,normalDay
2020-05-06,2851.0,-1132.0,0.0,100,284.25,293.0,0,0.0,0.0,,0.0,1,0.84,3.41,SPY200619C00301000,301.0,normalDay
2020-05-07,2851.0,-877.0,0.0,100,287.68,293.0,0,0.0,0.0,,0.0,1,0.84,4.29,SPY200619C00301000,301.0,normalDay
2020-05-08,2851.0,-500.0,0.0,100,292.44,293.0,0,0.0,0.0,,0.0,1,0.84,5.28,SPY200619C00301000,301.0,normalDay
2020-05-11,2851.0,-398.0,0.0,100,292.5,293.0,0,0.0,0.0,,0.0,1,0.84,4.32,SPY200619C00301000,301.0,normalDay
2020-05-12,2851.0,-846.0,0.0,100,286.67,293.0,0,0.0,0.0,,0.0,1,0.84,2.97,SPY200619C00301000,301.0,normalDay
2020-05-13,2851.0,-1276.0,0.0,100,281.6,293.0,0,0.0,0.0,,0.0,1,0.84,2.2,SPY200619C00301000,301.0,normalDay
2020-05-14,2851.0,-970.0,0.0,100,284.97,293.0,0,0.0,0.0,,0.0,1,0.84,2.51,SPY200619C00301000,301.0,normalDay
2020-05-15,2851.0,-813.0,0.0,100,286.28,293.0,0,0.0,0.0,,0.0,1,0.84,2.25,SPY200619C00301000,301.0,normalDay
2020-05-18,2851.0,-221.0,0.0,100,295.0,293.0,0,0.0,0.0,,0.0,1,0.84,5.05,SPY200619C00301000,301.0,normalDay
2020-05-19,2851.0,-429.0,0.0,100,291.97,293.0,0,0.0,0.0,,0.0,1,0.84,4.1,SPY200619C00301000,301.0,normalDay
2020-05-20,2851.0,-110.0,0.0,100,296.93,293.0,0,0.0,0.0,,0.0,1,0.84,5.87,SPY200619C00301000,301.0,normalDay
2020-05-21,2851.0,-206.0,0.0,100,294.88,293.0,0,0.0,0.0,,0.0,1,0.84,4.78,SPY200619C00301000,301.0,normalDay
2020-05-22,2851.0,-151.0,0.0,100,295.44,293.0,0,0.0,0.0,,0.0,1,0.84,4.79,SPY200619C00301000,301.0,normalDay
2020-05-26,2851.0,92.0,0.0,100,299.08,293.0,0,0.0,0.0,,0.0,1,0.84,6.0,SPY200619C00301000,301.0,normalDay
2020-05-27,2851.0,297.0,0.0,100,303.53,293.0,0,0.0,0.0,,0.0,1,0.84,8.4,SPY200619C00301000,301.0,normalDay
2020-05-28,2851.0,219.0,0.0,100,302.97,293.0,0,0.0,0.0,,0.0,1,0.84,8.62,SPY200619C00301000,301.0,normalDay
2020-05-29,2851.0,306.0,0.0,100,304.32,293.0,0,0.0,0.0,,0.0,1,0.84,9.1,SPY200619C00301000,301.0,normalDay
2020-06-01,2851.0,432.0,0.0,100,305.55,293.0,0,0.0,0.0,,0.0,1,0.84,9.07,SPY200619C00301000,301.0,normalDay
2020-06-02,2851.0,560.0,0.0,100,308.08,293.0,0,0.0,0.0,,0.0,1,0.84,10.32,SPY200619C00301000,301.0,normalDay
2020-06-03,2851.0,665.0,0.0,100,312.18,293.0,0,0.0,0.0,,0.0,1,0.84,13.37,SPY200619C00301000,301.0,normalDay
2020-06-04,2851.0,655.0,0.0,100,311.36,293.0,0,0.0,0.0,,0.0,1,0.84,12.65,SPY200619C00301000,301.0,normalDay
2020-06-05,2851.0,800.0,0.0,100,319.34,293.0,0,0.0,0.0,,0.0,1,0.84,19.18,SPY200619C00301000,301.0,normalDay
2020-06-08,2851.0,866.0,0.0,100,323.2,293.0,0,0.0,0.0,,0.0,1,0.84,22.38,SPY200619C00301000,301.0,normalDay
2020-06-09,2851.0,733.0,0.0,100,320.79,293.0,0,0.0,0.0,,0.0,1,0.84,21.3,SPY200619C00301000,301.0,normalDay
2020-06-10,2851.0,838.0,0.0,100,319.0,293.0,0,0.0,0.0,,0.0,1,0.84,18.46,SPY200619C00301000,301.0,normalDay
2020-06-11,2851.0,167.0,0.0,100,300.61,293.0,0,0.0,0.0,,0.0,1,0.84,6.78,SPY200619C00301000,301.0,normalDay
2020-06-12,2851.0,490.0,0.0,100,304.21,293.0,0,0.0,0.0,,0.0,1,0.84,7.15,SPY200619C00301000,301.0,normalDay
2020-06-15,2851.0,646.0,0.0,100,307.05,293.0,0,0.0,0.0,,0.0,1,0.84,8.43,SPY200619C00301000,301.0,normalDay
2020-06-16,2851.0,844.0,0.0,100,312.96,293.0,0,0.0,0.0,,0.0,1,0.84,12.36,SPY200619C00301000,301.0,normalDay
2020-06-17,2851.0,809.0,0.0,100,311.66,293.0,0,0.0,0.0,,0.0,1,0.84,11.41,SPY200619C00301000,301.0,normalDay
2020-06-18,2851.0,855.0,0.0,100,311.78,293.0,0,0.0,0.0,,0.0,1,0.84,11.07,SPY200619C00301000,301.0,normalDay
2020-06-19,3735.0,855.0,884.0,0,308.64,0.0,0,0.0,0.0,,0.0,1,0.84,0.0,SPY200619C00301000,301.0,expirationDay
2020-06-22,3735.0,-72.0,0.0,0,310.62,0.0,1,20.47,21.19,SPY210115P00296000,296.0,0,0.0,0.0,,0.0,normalDay
2020-06-23,3735.0,-7.0,0.0,0,312.05,0.0,1,20.47,20.54,SPY210115P00296000,296.0,0,0.0,0.0,,0.0,normalDay
2020-06-24,3735.0,-339.0,0.0,0,304.09,0.0,1,20.47,23.86,SPY210115P00296000,296.0,0,0.0,0.0,,0.0,normalDay
2020-06-25,3735.0,-134.0,0.0,0,307.35,0.0,1,20.47,21.81,SPY210115P00296000,296.0,0,0.0,0.0,,0.0,normalDay
2020-06-26,3735.0,-434.0,0.0,0,300.05,0.0,1,20.47,24.81,SPY210115P00296000,296.0,0,0.0,0.0,,0.0,normalDay
2020-06-29,3735.0,-200.0,0.0,0,304.46,0.0,1,20.47,22.47,SPY210115P00296000,296.0,0,0.0,0.0,,0.0,normalDay
2020-06-30,3735.0,-17.0,0.0,0,308.36,0.0,1,20.47,20.64,SPY210115P00296000,296.0,0,0.0,0.0,,0.0,normalDay
2020-07-01,3735.0,89.0,0.0,0,310.52,0.0,1,20.47,19.58,SPY210115P00296000,296.0,0,0.0,0.0,,0.0,normalDay
2020-07-02,3735.0,187.0,0.0,0,312.23,0.0,1,20.47,18.6,SPY210115P00296000,296.0,0,0.0,0.0,,0.0,normalDay
2020-07-06,3735.0,335.0,0.0,0,317.05,0.0,1,20.47,17.12,SPY210115P00296000,296.0,0,0.0,0.0,,0.0,normalDay
2020-07-07,3735.0,196.0,0.0,0,313.78,0.0,1,20.47,18.51,SPY210115P00296000,296.0,0,0.0,0.0,,0.0,normalDay
2020-07-08,3735.0,305.0,0.0,0,316.18,0.0,1,20.47,17.42,SPY210115P00296000,296.0,0,0.0,0.0,,0.0,normalDay
2020-07-09,3735.0,201.0,0.0,0,314.38,0.0,1,20.47,18.46,SPY210115P00296000,296.0,0,0.0,0.0,,0.0,normalDay
2020-07-10,3735.0,346.0,0.0,0,317.59,0.0,1,20.47,17.01,SPY210115P00296000,296.0,0,0.0,0.0,,0.0,normalDay
2020-07-13,3735.0,93.0,0.0,0,314.84,0.0,1,20.47,19.54,SPY210115P00296000,296.0,0,0.0,0.0,,0.0,normalDay
2020-07-14,3735.0,319.0,0.0,0,318.92,0.0,1,20.47,17.28,SPY210115P00296000,296.0,0,0.0,0.0,,0.0,normalDay
2020-07-15,3735.0,443.0,0.0,0,321.85,0.0,1,20.47,16.04,SPY210115P00296000,296.0,0,0.0,0.0,,0.0,normalDay
2020-07-16,3735.0,399.0,0.0,0,320.79,0.0,1,20.47,16.48,SPY210115P00296000,296.0,0,0.0,0.0,,0.0,normalDay
2020-07-17,3735.0,528.0,0.0,0,321.72,0.0,1,20.47,15.19,SPY210115P00296000,296.0,0,0.0,0.0,,0.0,normalDay
2020-07-20,3735.0,671.0,0.0,0,324.32,0.0,1,20.47,13.76,SPY210115P00296000,296.0,0,0.0,0.0,,0.0,normalDay
2020-07-21,3735.0,674.0,0.0,0,325.01,0.0,1,20.47,13.73,SPY210115P00296000,296.0,0,0.0,0.0,,0.0,normalDay
2020-07-22,3735.0,724.0,0.0,0,326.86,0.0,1,20.47,13.23,SPY210115P00296000,296.0,0,0.0,0.0,,0.0,normalDay
2020-07-23,3735.0,579.0,0.0,0,322.96,0.0,1,20.47,14.68,SPY210115P00296000,296.0,0,0.0,0.0,,0.0,normalDay
2020-07-24,3735.0,543.0,0.0,0,320.88,0.0,1,20.47,15.04,SPY210115P00296000,296.0,0,0.0,0.0,,0.0,normalDay
2020-07-27,3735.0,651.0,0.0,0,323.22,0.0,1,20.47,13.96,SPY210115P00296000,296.0,0,0.0,0.0,,0.0,normalDay
2020-07-28,3735.0,568.0,0.0,0,321.17,0.0,1,20.47,14.79,SPY210115P00296000,296.0,0,0.0,0.0,,0.0,normalDay
2020-07-29,3735.0,698.0,0.0,0,325.12,0.0,1,20.47,13.49,SPY210115P00296000,296.0,0,0.0,0.0,,0.0,normalDay
2020-07-30,3735.0,641.0,0.0,0,323.96,0.0,1,20.47,14.06,SPY210115P00296000,296.0,0,0.0,0.0,,0.0,normalDay
2020-07-31,3735.0,727.0,0.0,0,326.52,0.0,1,20.47,13.2,SPY210115P00296000,296.0,0,0.0,0.0,,0.0,normalDay
2020-08-03,3735.0,793.0,0.0,0,328.79,0.0,1,20.47,12.54,SPY210115P00296000,296.0,0,0.0,0.0,,0.0,normalDay
2020-08-04,3735.0,859.0,0.0,0,330.06,0.0,1,20.47,11.88,SPY210115P00296000,296.0,0,0.0,0.0,,0.0,normalDay
2020-08-05,3735.0,923.0,0.0,0,332.11,0.0,1,20.47,11.24,SPY210115P00296000,296.0,0,0.0,0.0,,0.0,normalDay
2020-08-06,3735.0,979.0,0.0,0,334.33,0.0,1,20.47,10.68,SPY210115P00296000,296.0,0,0.0,0.0,,0.0,normalDay
2020-08-07,3735.0,977.0,0.0,0,334.57,0.0,1,20.47,10.7,SPY210115P00296000,296.0,0,0.0,0.0,,0.0,normalDay
2020-08-10,3735.0,1012.0,0.0,0,335.57,0.0,1,20.47,10.35,SPY210115P00296000,296.0,0,0.0,0.0,,0.0,normalDay
2020-08-11,3735.0,904.0,0.0,0,332.8,0.0,1,20.47,11.43,SPY210115P00296000,296.0,0,0.0,0.0,,0.0,normalDay
2020-08-12,3735.0,1050.0,0.0,0,337.44,0.0,1,20.47,9.97,SPY210115P00296000,296.0,0,0.0,0.0,,0.0,normalDay
2020-08-13,3735.0,1036.0,0.0,0,336.83,0.0,1,20.47,10.11,SPY210115P00296000,296.0,0,0.0,0.0,,0.0,normalDay
2020-08-14,3735.0,1034.0,0.0,0,336.84,0.0,1,20.47,10.13,SPY210115P00296000,296.0,0,0.0,0.0,,0.0,normalDay
2020-08-17,3735.0,1100.0,0.0,0,337.91,0.0,1,20.47,9.47,SPY210115P00296000,296.0,0,0.0,0.0,,0.0,normalDay
2020-08-18,3735.0,1137.0,0.0,0,338.64,0.0,1,20.47,9.1,SPY210115P00296000,296.0,0,0.0,0.0,,0.0,normalDay
2020-08-19,3735.0,1090.0,0.0,0,337.23,0.0,1,20.47,9.57,SPY210115P00296000,296.0,0,0.0,0.0,,0.0,normalDay
2020-08-20,3735.0,1121.0,0.0,0,338.28,0.0,1,20.47,9.26,SPY210115P00296000,296.0,0,0.0,0.0,,0.0,normalDay
2020-08-21,3735.0,1152.0,0.0,0,339.48,0.0,1,20.47,8.95,SPY210115P00296000,296.0,0,0.0,0.0,,0.0,normalDay
2020-08-24,3735.0,1211.0,0.0,0,342.92,0.0,1,20.47,8.36,SPY210115P00296000,296.0,0,0.0,0.0,,0.0,normalDay
2020-08-25,3735.0,1242.0,0.0,0,344.12,0.0,1,20.47,8.05,SPY210115P00296000,296.0,0,0.0,0.0,,0.0,normalDay
2020-08-26,3735.0,1257.0,0.0,0,347.57,0.0,1,20.47,7.9,SPY210115P00296000,296.0,0,0.0,0.0,,0.0,normalDay
2020-08-27,3735.0,1240.0,0.0,0,348.33,0.0,1,20.47,8.07,SPY210115P00296000,296.0,0,0.0,0.0,,0.0,normalDay
2020-08-28,3735.0,1287.0,0.0,0,350.58,0.0,1,20.47,7.6,SPY210115P00296000,296.0,0,0.0,0.0,,0.0,normalDay
2020-08-31,3735.0,1200.0,0.0,0,349.31,0.0,1,20.47,8.47,SPY210115P00296000,296.0,0,0.0,0.0,,0.0,normalDay
2020-09-01,3735.0,1226.0,0.0,0,352.6,0.0,1,20.47,8.21,SPY210115P00296000,296.0,0,0.0,0.0,,0.0,normalDay
2020-09-02,3735.0,1245.0,0.0,0,357.7,0.0,1,20.47,8.02,SPY210115P00296000,296.0,0,0.0,0.0,,0.0,normalDay
2020-09-03,3735.0,985.0,0.0,0,345.39,0.0,1,20.47,10.62,SPY210115P00296000,296.0,0,0.0,0.0,,0.0,normalDay
2020-09-04,3735.0,1011.0,0.0,0,342.57,0.0,1,20.47,10.36,SPY210115P00296000,296.0,0,0.0,0.0,,0.0,normalDay
2020-09-08,3735.0,929.0,0.0,0,333.21,0.0,1,20.47,11.18,SPY210115P00296000,296.0,0,0.0,0.0,,0.0,normalDay
2020-09-09,3735.0,1118.0,0.0,0,339.79,0.0,1,20.47,9.29,SPY210115P00296000,296.0,0,0.0,0.0,,0.0,normalDay
2020-09-10,3735.0,1005.0,0.0,0,333.89,0.0,1,20.47,10.42,SPY210115P00296000,296.0,0,0.0,0.0,,0.0,normalDay
2020-09-11,3735.0,1067.0,0.0,0,334.06,0.0,1,20.47,9.8,SPY210115P00296000,296.0,0,0.0,0.0,,0.0,normalDay
2020-09-14,3735.0,1214.0,0.0,0,338.46,0.0,1,20.47,8.33,SPY210115P00296000,296.0,0,0.0,0.0,,0.0,normalDay
2020-09-15,3735.0,1246.0,0.0,0,340.17,0.0,1,20.47,8.01,SPY210115P00296000,296.0,0,0.0,0.0,,0.0,normalDay
2020-09-16,3735.0,1211.0,0.0,0,338.82,0.0,1,20.47,8.36,SPY210115P00296000,296.0,0,0.0,0.0,,0.0,normalDay
2020-09-17,3735.0,1166.0,0.0,0,335.84,0.0,1,20.47,8.81,SPY210115P00296000,296.0,0,0.0,0.0,,0.0,normalDay
2020-09-18,3735.0,1115.0,0.0,0,330.65,0.0,1,20.47,9.32,SPY210115P00296000,296.0,0,0.0,0.0,,0.0,normalDay
2020-09-21,3735.0,1031.0,0.0,0,326.97,0.0,1,20.47,10.16,SPY210115P00296000,296.0,0,0.0,0.0,,0.0,normalDay
2020-09-22,3735.0,1067.0,0.0,0,330.3,0.0,1,20.47,9.8,SPY210115P00296000,296.0,0,0.0,0.0,,0.0,normalDay
2020-09-23,3735.0,855.0,0.0,0,322.64,0.0,1,20.47,11.92,SPY210115P00296000,296.0,0,0.0,0.0,,0.0,normalDay
2020-09-24,3735.0,909.0,0.0,0,323.5,0.0,1,20.47,11.38,SPY210115P00296000,296.0,0,0.0,0.0,,0.0,normalDay
2020-09-25,3735.0,1058.0,0.0,0,328.73,0.0,1,20.47,9.89,SPY210115P00296000,296.0,0,0.0,0.0,,0.0,normalDay
2020-09-28,3735.0,1189.0,0.0,0,334.19,0.0,1,20.47,8.58,SPY210115P00296000,296.0,0,0.0,0.0,,0.0,normalDay
2020-09-29,3735.0,1181.0,0.0,0,332.37,0.0,1,20.47,8.66,SPY210115P00296000,296.0,0,0.0,0.0,,0.0,normalDay
2020-09-30,3735.0,1185.0,0.0,0,334.89,0.0,1,20.47,8.62,SPY210115P00296000,296.0,0,0.0,0.0,,0.0,normalDay
2020-10-01,3735.0,1233.0,0.0,0,337.04,0.0,1,20.47,8.14,SPY210115P00296000,296.0,0,0.0,0.0,,0.0,normalDay
2020-10-02,3735.0,1158.0,0.0,0,333.84,0.0,1,20.47,8.89,SPY210115P00296000,296.0,0,0.0,0.0,,0.0,normalDay
2020-10-05,3735.0,1311.0,0.0,0,339.76,0.0,1,20.47,7.36,SPY210115P00296000,296.0,0,0.0,0.0,,0.0,normalDay
2020-10-06,3735.0,1227.0,0.0,0,334.93,0.0,1,20.47,8.2,SPY210115P00296000,296.0,0,0.0,0.0,,0.0,normalDay
2020-10-07,3735.0,1373.0,0.0,0,340.76,0.0,1,20.47,6.74,SPY210115P00296000,296.0,0,0.0,0.0,,0.0,normalDay
2020-10-08,3735.0,1471.0,0.0,0,343.78,0.0,1,20.47,5.76,SPY210115P00296000,296.0,0,0.0,0.0,,0.0,normalDay
2020-10-09,3735.0,1559.0,0.0,0,346.85,0.0,1,20.47,4.88,SPY210115P00296000,296.0,0,0.0,0.0,,0.0,normalDay
2020-10-12,3735.0,1626.0,0.0,0,352.43,0.0,1,20.47,4.21,SPY210115P00296000,296.0,0,0.0,0.0,,0.0,normalDay
2020-10-13,3735.0,1598.0,0.0,0,350.13,0.0,1,20.47,4.49,SPY210115P00296000,296.0,0,0.0,0.0,,0.0,normalDay
2020-10-14,3735.0,1587.0,0.0,0,347.93,0.0,1,20.47,4.6,SPY210115P00296000,296.0,0,0.0,0.0,,0.0,normalDay
2020-10-15,3735.0,1577.0,0.0,0,347.5,0.0,1,20.47,4.7,SPY210115P00296000,296.0,0,0.0,0.0,,0.0,normalDay
2020-10-16,3735.0,1555.0,0.0,0,347.29,0.0,1,20.47,4.92,SPY210115P00296000,296.0,0,0.0,0.0,,0.0,normalDay
2020-10-19,3735.0,1476.0,0.0,0,342.01,0.0,1,20.47,5.71,SPY210115P00296000,296.0,0,0.0,0.0,,0.0,normalDay
2020-10-20,3735.0,1490.0,0.0,0,343.38,0.0,1,20.47,5.57,SPY210115P00296000,296.0,0,0.0,0.0,,0.0,normalDay
2020-10-21,3735.0,1528.0,0.0,0,342.73,0.0,1,20.47,5.19,SPY210115P00296000,296.0,0,0.0,0.0,,0.0,normalDay
2020-10-22,3735.0,1555.0,0.0,0,344.61,0.0,1,20.47,4.92,SPY210115P00296000,296.0,0,0.0,0.0,,0.0,normalDay
2020-10-23,3735.0,1579.0,0.0,0,345.78,0.0,1,20.47,4.68,SPY210115P00296000,296.0,0,0.0,0.0,,0.0,normalDay
2020-10-26,3735.0,1428.0,0.0,0,339.39,0.0,1,20.47,6.19,SPY210115P00296000,296.0,0,0.0,0.0,,0.0,normalDay
2020-10-27,3735.0,1400.0,0.0,0,338.22,0.0,1,20.47,6.47,SPY210115P00296000,296.0,0,0.0,0.0,,0.0,normalDay
2020-10-28,3735.0,1002.0,0.0,0,326.66,0.0,1,20.47,10.45,SPY210115P00296000,296.0,0,0.0,0.0,,0.0,normalDay
2020-10-29,3735.0,1208.0,0.0,0,329.98,0.0,1,20.47,8.39,SPY210115P00296000,296.0,0,0.0,0.0,,0.0,normalDay
2020-10-30,3735.0,1114.0,0.0,0,326.54,0.0,1,20.47,9.33,SPY210115P00296000,296.0,0,0.0,0.0,,0.0,normalDay
2020-11-02,3735.0,1256.0,0.0,0,330.2,0.0,1,20.47,7.91,SPY210115P00296000,296.0,0,0.0,0.0,,0.0,normalDay
2020-11-03,3735.0,1396.0,0.0,0,336.03,0.0,1,20.47,6.51,SPY210115P00296000,296.0,0,0.0,0.0,,0.0,normalDay
2020-11-04,3735.0,1608.0,0.0,0,343.54,0.0,1,20.47,4.39,SPY210115P00296000,296.0,0,0.0,0.0,,0.0,normalDay
2020-11-05,3735.0,1685.0,0.0,0,350.24,0.0,1,20.47,3.62,SPY210115P00296000,296.0,0,0.0,0.0,,0.0,normalDay
2020-11-06,3735.0,1740.0,0.0,0,350.16,0.0,1,20.47,3.07,SPY210115P00296000,296.0,0,0.0,0.0,,0.0,normalDay
2020-11-09,3735.0,1800.0,0.0,0,354.56,0.0,1,20.47,2.47,SPY210115P00296000,296.0,0,0.0,0.0,,0.0,normalDay
2020-11-10,3735.0,1811.0,0.0,0,354.04,0.0,1,20.47,2.36,SPY210115P00296000,296.0,0,0.0,0.0,,0.0,normalDay
2020-11-11,3735.0,1843.0,0.0,0,356.67,0.0,1,20.47,2.04,SPY210115P00296000,296.0,0,0.0,0.0,,0.0,normalDay
2020-11-12,3735.0,1791.0,0.0,0,353.21,0.0,1,20.47,2.56,SPY210115P00296000,296.0,0,0.0,0.0,,0.0,normalDay
2020-11-13,3735.0,1857.0,0.0,0,358.1,0.0,1,20.47,1.9,SPY210115P00296000,296.0,0,0.0,0.0,,0.0,normalDay
2020-11-16,3735.0,1893.0,0.0,0,362.57,0.0,1,20.47,1.54,SPY210115P00296000,296.0,0,0.0,0.0,,0.0,normalDay
2020-11-17,3735.0,1894.0,0.0,0,360.62,0.0,1,20.47,1.53,SPY210115P00296000,296.0,0,0.0,0.0,,0.0,normalDay
2020-11-18,3735.0,1867.0,0.0,0,356.28,0.0,1,20.47,1.8,SPY210115P00296000,296.0,0,0.0,0.0,,0.0,normalDay
2020-11-19,3735.0,1891.0,0.0,0,357.78,0.0,1,20.47,1.56,SPY210115P00296000,296.0,0,0.0,0.0,,0.0,normalDay
2020-11-20,3735.0,1879.0,0.0,0,355.33,0.0,1,20.47,1.68,SPY210115P00296000,296.0,0,0.0,0.0,,0.0,normalDay
2020-11-23,3735.0,1908.0,0.0,0,357.46,0.0,1,20.47,1.39,SPY210115P00296000,296.0,0,0.0,0.0,,0.0,normalDay
2020-11-24,3735.0,1940.0,0.0,0,363.22,0.0,1,20.47,1.07,SPY210115P00296000,296.0,0,0.0,0.0,,0.0,normalDay
2020-11-25,3735.0,1951.0,0.0,0,362.66,0.0,1,20.47,0.96,SPY210115P00296000,296.0,0,0.0,0.0,,0.0,normalDay
2020-11-27,3735.0,1963.0,0.0,0,363.67,0.0,1,20.47,0.84,SPY210115P00296000,296.0,0,0.0,0.0,,0.0,normalDay
2020-11-30,3735.0,1972.0,0.0,0,362.06,0.0,1,20.47,0.75,SPY210115P00296000,296.0,0,0.0,0.0,,0.0,normalDay
2020-12-01,3735.0,1975.0,0.0,0,366.02,0.0,1,20.47,0.72,SPY210115P00296000,296.0,0,0.0,0.0,,0.0,normalDay
2020-12-02,3735.0,1977.0,0.0,0,366.79,0.0,1,20.47,0.7,SPY210115P00296000,296.0,0,0.0,0.0,,0.0,normalDay
2020-12-03,3735.0,1975.0,0.0,0,366.69,0.0,1,20.47,0.72,SPY210115P00296000,296.0,0,0.0,0.0,,0.0,normalDay
2020-12-04,3735.0,1992.0,0.0,0,369.85,0.0,1,20.47,0.55,SPY210115P00296000,296.0,0,0.0,0.0,,0.0,normalDay
2020-12-07,3735.0,1996.0,0.0,0,369.09,0.0,1,20.47,0.51,SPY210115P00296000,296.0,0,0.0,0.0,,0.0,normalDay
2020-12-08,3735.0,2005.0,0.0,0,370.17,0.0,1,20.47,0.42,SPY210115P00296000,296.0,0,0.0,0.0,,0.0,normalDay
2020-12-09,3735.0,1997.0,0.0,0,366.85,0.0,1,20.47,0.5,SPY210115P00296000,296.0,0,0.0,0.0,,0.0,normalDay
2020-12-10,3735.0,1997.0,0.0,0,366.73,0.0,1,20.47,0.5,SPY210115P00296000,296.0,0,0.0,0.0,,0.0,normalDay
2020-12-11,3735.0,1991.0,0.0,0,366.3,0.0,1,20.47,0.56,SPY210115P00296000,296.0,0,0.0,0.0,,0.0,normalDay
2020-12-14,3735.0,1985.0,0.0,0,364.66,0.0,1,20.47,0.62,SPY210115P00296000,296.0,0,0.0,0.0,,0.0,normalDay
2020-12-15,3735.0,2002.0,0.0,0,369.59,0.0,1,20.47,0.45,SPY210115P00296000,296.0,0,0.0,0.0,,0.0,normalDay
2020-12-16,3735.0,2006.0,0.0,0,370.17,0.0,1,20.47,0.41,SPY210115P00296000,296.0,0,0.0,0.0,,0.0,normalDay
2020-12-17,3735.0,2012.0,0.0,0,372.24,0.0,1,20.47,0.35,SPY210115P00296000,296.0,0,0.0,0.0,,0.0,normalDay
2020-12-18,3735.0,2014.0,0.0,0,369.18,0.0,1,20.47,0.33,SPY210115P00296000,296.0,0,0.0,0.0,,0.0,normalDay
2020-12-21,3735.0,2003.0,0.0,0,367.86,0.0,1,20.47,0.44,SPY210115P00296000,296.0,0,0.0,0.0,,0.0,normalDay
2020-12-22,3735.0,2009.0,0.0,0,367.24,0.0,1,20.47,0.38,SPY210115P00296000,296.0,0,0.0,0.0,,0.0,normalDay
2020-12-23,3735.0,2015.0,0.0,0,367.57,0.0,1,20.47,0.32,SPY210115P00296000,296.0,0,0.0,0.0,,0.0,normalDay
2020-12-24,3735.0,2022.0,0.0,0,369.0,0.0,1,20.47,0.25,SPY210115P00296000,296.0,0,0.0,0.0,,0.0,normalDay
2020-12-28,3735.0,2030.0,0.0,0,372.17,0.0,1,20.47,0.17,SPY210115P00296000,296.0,0,0.0,0.0,,0.0,normalDay
2020-12-29,3735.0,2028.0,0.0,0,371.46,0.0,1,20.47,0.19,SPY210115P00296000,296.0,0,0.0,0.0,,0.0,normalDay
2020-12-30,3735.0,2030.0,0.0,0,371.99,0.0,1,20.47,0.17,SPY210115P00296000,296.0,0,0.0,0.0,,0.0,normalDay
2020-12-31,3735.0,2030.0,0.0,0,373.88,0.0,1,20.47,0.17,SPY210115P00296000,296.0,0,0.0,0.0,,0.0,normalDay
2021-01-04,3735.0,2031.0,0.0,0,368.79,0.0,1,20.47,0.16,SPY210115P00296000,296.0,0,0.0,0.0,,0.0,normalDay
2021-01-05,3735.0,2037.0,0.0,0,371.33,0.0,1,20.47,0.1,SPY210115P00296000,296.0,0,0.0,0.0,,0.0,normalDay
2021-01-06,3735.0,2034.0,0.0,0,373.55,0.0,1,20.47,0.13,SPY210115P00296000,296.0,0,0.0,0.0,,0.0,normalDay
2021-01-07,3735.0,2042.0,0.0,0,379.1,0.0,1,20.47,0.05,SPY210115P00296000,296.0,0,0.0,0.0,,0.0,normalDay
2021-01-08,3735.0,2044.0,0.0,0,381.26,0.0,1,20.47,0.03,SPY210115P00296000,296.0,0,0.0,0.0,,0.0,normalDay
2021-01-11,3735.0,2045.0,0.0,0,378.69,0.0,1,20.47,0.02,SPY210115P00296000,296.0,0,0.0,0.0,,0.0,normalDay
2021-01-12,3735.0,2045.0,0.0,0,378.77,0.0,1,20.47,0.02,SPY210115P00296000,296.0,0,0.0,0.0,,0.0,normalDay
2021-01-13,3735.0,2046.0,0.0,0,379.79,0.0,1,20.47,0.01,SPY210115P00296000,296.0,0,0.0,0.0,,0.0,normalDay
2021-01-14,3735.0,2046.0,0.0,0,378.46,0.0,1,20.47,0.01,SPY210115P00296000,296.0,0,0.0,0.0,,0.0,normalDay
2021-01-15,5782.0,0.0,2047.0,0,375.7,0.0,1,20.47,0.0,SPY210115P00296000,296.0,0,0.0,0.0,,0.0,expirationDay
2021-01-19,5782.0,-23.0,0.0,0,378.65,0.0,1,18.28,18.51,SPY210716P00365000,365.0,0,0.0,0.0,,0.0,normalDay
2021-01-20,5782.0,166.0,0.0,0,383.89,0.0,1,18.28,16.62,SPY210716P00365000,365.0,0,0.0,0.0,,0.0,normalDay
2021-01-21,5782.0,172.0,0.0,0,384.24,0.0,1,18.28,16.56,SPY210716P00365000,365.0,0,0.0,0.0,,0.0,normalDay
2021-01-22,5782.0,123.0,0.0,0,382.88,0.0,1,18.28,17.05,SPY210716P00365000,365.0,0,0.0,0.0,,0.0,normalDay
2021-01-25,5782.0,126.0,0.0,0,384.39,0.0,1,18.28,17.02,SPY210716P00365000,365.0,0,0.0,0.0,,0.0,normalDay
2021-01-26,5782.0,115.0,0.0,0,383.79,0.0,1,18.28,17.13,SPY210716P00365000,365.0,0,0.0,0.0,,0.0,normalDay
2021-01-27,5782.0,-569.0,0.0,0,374.41,0.0,1,18.28,23.97,SPY210716P00365000,365.0,0,0.0,0.0,,0.0,normalDay
2021-01-28,5782.0,-293.0,0.0,0,377.63,0.0,1,18.28,21.21,SPY210716P00365000,365.0,0,0.0,0.0,,0.0,normalDay
2021-01-29,5782.0,-687.0,0.0,0,370.07,0.0,1,18.28,25.15,SPY210716P00365000,365.0,0,0.0,0.0,,0.0,normalDay
2021-02-01,5782.0,-336.0,0.0,0,376.23,0.0,1,18.28,21.64,SPY210716P00365000,365.0,0,0.0,0.0,,0.0,normalDay
2021-02-02,5782.0,9.0,0.0,0,381.55,0.0,1,18.28,18.19,SPY210716P00365000,365.0,0,0.0,0.0,,0.0,normalDay
2021-02-03,5782.0,91.0,0.0,0,381.85,0.0,1,18.28,17.37,SPY210716P00365000,365.0,0,0.0,0.0,,0.0,normalDay
2021-02-04,5782.0,244.0,0.0,0,386.19,0.0,1,18.28,15.84,SPY210716P00365000,365.0,0,0.0,0.0,,0.0,normalDay
2021-02-05,5782.0,289.0,0.0,0,387.71,0.0,1,18.28,15.39,SPY210716P00365000,365.0,0,0.0,0.0,,0.0,normalDay
2021-02-08,5782.0,372.0,0.0,0,390.51,0.0,1,18.28,14.56,SPY210716P00365000,365.0,0,0.0,0.0,,0.0,normalDay
2021-02-09,5782.0,367.0,0.0,0,390.25,0.0,1,18.28,14.61,SPY210716P00365000,365.0,0,0.0,0.0,,0.0,normalDay
2021-02-10,5782.0,330.0,0.0,0,390.08,0.0,1,18.28,14.98,SPY210716P00365000,365.0,0,0.0,0.0,,0.0,normalDay
2021-02-11,5782.0,357.0,0.0,0,390.71,0.0,1,18.28,14.71,SPY210716P00365000,365.0,0,0.0,0.0,,0.0,normalDay
2021-02-12,5782.0,458.0,0.0,0,392.64,0.0,1,18.28,13.7,SPY210716P00365000,365.0,0,0.0,0.0,,0.0,normalDay
2021-02-16,5782.0,431.0,0.0,0,392.3,0.0,1,18.28,13.97,SPY210716P00365000,365.0,0,0.0,0.0,,0.0,normalDay
2021-02-17,5782.0,448.0,0.0,0,392.39,0.0,1,18.28,13.8,SPY210716P00365000,365.0,0,0.0,0.0,,0.0,normalDay
2021-02-18,5782.0,394.0,0.0,0,390.72,0.0,1,18.28,14.34,SPY210716P00365000,365.0,0,0.0,0.0,,0.0,normalDay
2021-02-19,5782.0,407.0,0.0,0,390.03,0.0,1,18.28,14.21,SPY210716P00365000,365.0,0,0.0,0.0,,0.0,normalDay
2021-02-22,5782.0,319.0,0.0,0,387.03,0.0,1,18.28,15.09,SPY210716P00365000,365.0,0,0.0,0.0,,0.0,normalDay
2021-02-23,5782.0,376.0,0.0,0,387.5,0.0,1,18.28,14.52,SPY210716P00365000,365.0,0,0.0,0.0,,0.0,normalDay
2021-02-24,5782.0,543.0,0.0,0,391.77,0.0,1,18.28,12.85,SPY210716P00365000,365.0,0,0.0,0.0,,0.0,normalDay
2021-02-25,5782.0,144.0,0.0,0,382.33,0.0,1,18.28,16.84,SPY210716P00365000,365.0,0,0.0,0.0,,0.0,normalDay
2021-02-26,5782.0,152.0,0.0,0,380.36,0.0,1,18.28,16.76,SPY210716P00365000,365.0,0,0.0,0.0,,0.0,normalDay
2021-03-01,5782.0,529.0,0.0,0,389.58,0.0,1,18.28,12.99,SPY210716P00365000,365.0,0,0.0,0.0,,0.0,normalDay
2021-03-02,5782.0,429.0,0.0,0,386.54,0.0,1,18.28,13.99,SPY210716P00365000,365.0,0,0.0,0.0,,0.0,normalDay
2021-03-03,5782.0,252.0,0.0,0,381.42,0.0,1,18.28,15.76,SPY210716P00365000,365.0,0,0.0,0.0,,0.0,normalDay
2021-03-04,5782.0,79.0,0.0,0,376.7,0.0,1,18.28,17.49,SPY210716P00365000,365.0,0,0.0,0.0,,0.0,normalDay
2021-03-05,5782.0,400.0,0.0,0,383.63,0.0,1,18.28,14.28,SPY210716P00365000,365.0,0,0.0,0.0,,0.0,normalDay
2021-03-08,5782.0,361.0,0.0,0,381.72,0.0,1,18.28,14.67,SPY210716P00365000,365.0,0,0.0,0.0,,0.0,normalDay
2021-03-09,5782.0,529.0,0.0,0,387.17,0.0,1,18.28,12.99,SPY210716P00365000,365.0,0,0.0,0.0,,0.0,normalDay
2021-03-10,5782.0,627.0,0.0,0,389.58,0.0,1,18.28,12.01,SPY210716P00365000,365.0,0,0.0,0.0,,0.0,normalDay
2021-03-11,5782.0,728.0,0.0,0,393.53,0.0,1,18.28,11.0,SPY210716P00365000,365.0,0,0.0,0.0,,0.0,normalDay
2021-03-12,5782.0,779.0,0.0,0,394.06,0.0,1,18.28,10.49,SPY210716P00365000,365.0,0,0.0,0.0,,0.0,normalDay
2021-03-15,5782.0,875.0,0.0,0,396.41,0.0,1,18.28,9.53,SPY210716P00365000,365.0,0,0.0,0.0,,0.0,normalDay
2021-03-16,5782.0,869.0,0.0,0,395.91,0.0,1,18.28,9.59,SPY210716P00365000,365.0,0,0.0,0.0,,0.0,normalDay
2021-03-17,5782.0,940.0,0.0,0,397.26,0.0,1,18.28,8.88,SPY210716P00365000,365.0,0,0.0,0.0,,0.0,normalDay
2021-03-18,5782.0,793.0,0.0,0,391.48,0.0,1,18.28,10.35,SPY210716P00365000,365.0,0,0.0,0.0,,0.0,normalDay
2021-03-19,5782.0,788.0,0.0,0,389.48,0.0,1,18.28,10.4,SPY210716P00365000,365.0,0,0.0,0.0,,0.0,normalDay
2021-03-22,5782.0,975.0,0.0,0,392.59,0.0,1,18.28,8.53,SPY210716P00365000,365.0,0,0.0,0.0,,0.0,normalDay
2021-03-23,5782.0,883.0,0.0,0,389.5,0.0,1,18.28,9.45,SPY210716P00365000,365.0,0,0.0,0.0,,0.0,normalDay
2021-03-24,5782.0,823.0,0.0,0,387.52,0.0,1,18.28,10.05,SPY210716P00365000,365.0,0,0.0,0.0,,0.0,normalDay
2021-03-25,5782.0,925.0,0.0,0,389.7,0.0,1,18.28,9.03,SPY210716P00365000,365.0,0,0.0,0.0,,0.0,normalDay
2021-03-26,5782.0,1074.0,0.0,0,395.98,0.0,1,18.28,7.54,SPY210716P00365000,365.0,0,0.0,0.0,,0.0,normalDay
2021-03-29,5782.0,1053.0,0.0,0,395.78,0.0,1,18.28,7.75,SPY210716P00365000,365.0,0,0.0,0.0,,0.0,normalDay
2021-03-30,5782.0,1074.0,0.0,0,394.73,0.0,1,18.28,7.54,SPY210716P00365000,365.0,0,0.0,0.0,,0.0,normalDay
2021-03-31,5782.0,1123.0,0.0,0,396.33,0.0,1,18.28,7.05,SPY210716P00365000,365.0,0,0.0,0.0,,0.0,normalDay
2021-04-01,5782.0,1242.0,0.0,0,400.61,0.0,1,18.28,5.86,SPY210716P00365000,365.0,0,0.0,0.0,,0.0,normalDay
2021-04-05,5782.0,1337.0,0.0,0,406.36,0.0,1,18.28,4.91,SPY210716P00365000,365.0,0,0.0,0.0,,0.0,normalDay
2021-04-06,5782.0,1327.0,0.0,0,406.12,0.0,1,18.28,5.01,SPY210716P00365000,365.0,0,0.0,0.0,,0.0,normalDay
2021-04-07,5782.0,1355.0,0.0,0,406.59,0.0,1,18.28,4.73,SPY210716P00365000,365.0,0,0.0,0.0,,0.0,normalDay
2021-04-08,5782.0,1375.0,0.0,0,408.52,0.0,1,18.28,4.53,SPY210716P00365000,365.0,0,0.0,0.0,,0.0,normalDay
2021-04-09,5782.0,1397.0,0.0,0,411.49,0.0,1,18.28,4.31,SPY210716P00365000,365.0,0,0.0,0.0,,0.0,normalDay
2021-04-12,5782.0,1411.0,0.0,0,411.64,0.0,1,18.28,4.17,SPY210716P00365000,365.0,0,0.0,0.0,,0.0,normalDay
2021-04-13,5782.0,1438.0,0.0,0,412.86,0.0,1,18.28,3.9,SPY210716P00365000,365.0,0,0.0,0.0,,0.0,normalDay
2021-04-14,5782.0,1419.0,0.0,0,411.45,0.0,1,18.28,4.09,SPY210716P00365000,365.0,0,0.0,0.0,,0.0,normalDay
2021-04-15,5782.0,1466.0,0.0,0,415.87,0.0,1,18.28,3.62,SPY210716P00365000,365.0,0,0.0,0.0,,0.0,normalDay
2021-04-16,5782.0,1484.0,0.0,0,417.26,0.0,1,18.28,3.44,SPY210716P00365000,365.0,0,0.0,0.0,,0.0,normalDay
2021-04-19,5782.0,1451.0,0.0,0,415.21,0.0,1,18.28,3.77,SPY210716P00365000,365.0,0,0.0,0.0,,0.0,normalDay
2021-04-20,5782.0,1393.0,0.0,0,412.17,0.0,1,18.28,4.35,SPY210716P00365000,365.0,0,0.0,0.0,,0.0,normalDay
2021-04-21,5782.0,1464.0,0.0,0,416.07,0.0,1,18.28,3.64,SPY210716P00365000,365.0,0,0.0,0.0,,0.0,normalDay
2021-04-22,5782.0,1394.0,0.0,0,412.27,0.0,1,18.28,4.34,SPY210716P00365000,365.0,0,0.0,0.0,,0.0,normalDay
2021-04-23,5782.0,1479.0,0.0,0,416.74,0.0,1,18.28,3.49,SPY210716P00365000,365.0,0,0.0,0.0,,0.0,normalDay
2021-04-26,5782.0,1499.0,0.0,0,417.61,0.0,1,18.28,3.29,SPY210716P00365000,365.0,0,0.0,0.0,,0.0,normalDay
2021-04-27,5782.0,1510.0,0.0,0,417.52,0.0,1,18.28,3.18,SPY210716P00365000,365.0,0,0.0,0.0,,0.0,normalDay
2021-04-28,5782.0,1528.0,0.0,0,417.4,0.0,1,18.28,3.0,SPY210716P00365000,365.0,0,0.0,0.0,,0.0,normalDay
2021-04-29,5782.0,1539.0,0.0,0,420.06,0.0,1,18.28,2.89,SPY210716P00365000,365.0,0,0.0,0.0,,0.0,normalDay
2021-04-30,5782.0,1506.0,0.0,0,417.3,0.0,1,18.28,3.22,SPY210716P00365000,365.0,0,0.0,0.0,,0.0,normalDay
2021-05-03,5782.0,1532.0,0.0,0,418.2,0.0,1,18.28,2.96,SPY210716P00365000,365.0,0,0.0,0.0,,0.0,normalDay
2021-05-04,5782.0,1491.0,0.0,0,415.62,0.0,1,18.28,3.37,SPY210716P00365000,365.0,0,0.0,0.0,,0.0,normalDay
2021-05-05,5782.0,1506.0,0.0,0,415.75,0.0,1,18.28,3.22,SPY210716P00365000,365.0,0,0.0,0.0,,0.0,normalDay
2021-05-06,5782.0,1549.0,0.0,0,419.07,0.0,1,18.28,2.79,SPY210716P00365000,365.0,0,0.0,0.0,,0.0,normalDay
2021-05-07,5782.0,1597.0,0.0,0,422.12,0.0,1,18.28,2.31,SPY210716P00365000,365.0,0,0.0,0.0,,0.0,normalDay
2021-05-10,5782.0,1541.0,0.0,0,417.94,0.0,1,18.28,2.87,SPY210716P00365000,365.0,0,0.0,0.0,,0.0,normalDay
2021-05-11,5782.0,1478.0,0.0,0,414.21,0.0,1,18.28,3.5,SPY210716P00365000,365.0,0,0.0,0.0,,0.0,normalDay
2021-05-12,5782.0,1250.0,0.0,0,405.41,0.0,1,18.28,5.78,SPY210716P00365000,365.0,0,0.0,0.0,,0.0,normalDay
2021-05-13,5782.0,1416.0,0.0,0,410.28,0.0,1,18.28,4.12,SPY210716P00365000,365.0,0,0.0,0.0,,0.0,normalDay
2021-05-14,5782.0,1569.0,0.0,0,416.58,0.0,1,18.28,2.59,SPY210716P00365000,365.0,0,0.0,0.0,,0.0,normalDay
2021-05-17,5782.0,1553.0,0.0,0,415.52,0.0,1,18.28,2.75,SPY210716P00365000,365.0,0,0.0,0.0,,0.0,normalDay
2021-05-18,5782.0,1505.0,0.0,0,411.94,0.0,1,18.28,3.23,SPY210716P00365000,365.0,0,0.0,0.0,,0.0,normalDay
2021-05-19,5782.0,1481.0,0.0,0,410.86,0.0,1,18.28,3.47,SPY210716P00365000,365.0,0,0.0,0.0,,0.0,normalDay
2021-05-20,5782.0,1550.0,0.0,0,415.28,0.0,1,18.28,2.78,SPY210716P00365000,365.0,0,0.0,0.0,,0.0,normalDay
2021-05-21,5782.0,1567.0,0.0,0,414.94,0.0,1,18.28,2.61,SPY210716P00365000,365.0,0,0.0,0.0,,0.0,normalDay
2021-05-24,5782.0,1637.0,0.0,0,419.17,0.0,1,18.28,1.91,SPY210716P00365000,365.0,0,0.0,0.0,,0.0,normalDay
2021-05-25,5782.0,1637.0,0.0,0,418.24,0.0,1,18.28,1.91,SPY210716P00365000,365.0,0,0.0,0.0,,0.0,normalDay
2021-05-26,5782.0,1676.0,0.0,0,419.07,0.0,1,18.28,1.52,SPY210716P00365000,365.0,0,0.0,0.0,,0.0,normalDay
2021-05-27,5782.0,1699.0,0.0,0,419.29,0.0,1,18.28,1.29,SPY210716P00365000,365.0,0,0.0,0.0,,0.0,normalDay
2021-05-28,5782.0,1700.0,0.0,0,420.04,0.0,1,18.28,1.28,SPY210716P00365000,365.0,0,0.0,0.0,,0.0,normalDay
2021-06-01,5782.0,1699.0,0.0,0,419.67,0.0,1,18.28,1.29,SPY210716P00365000,365.0,0,0.0,0.0,,0.0,normalDay
2021-06-02,5782.0,1711.0,0.0,0,420.33,0.0,1,18.28,1.17,SPY210716P00365000,365.0,0,0.0,0.0,,0.0,normalDay
2021-06-03,5782.0,1703.0,0.0,0,418.77,0.0,1,18.28,1.25,SPY210716P00365000,365.0,0,0.0,0.0,,0.0,normalDay
2021-06-04,5782.0,1736.0,0.0,0,422.6,0.0,1,18.28,0.92,SPY210716P00365000,365.0,0,0.0,0.0,,0.0,normalDay
2021-06-07,5782.0,1747.0,0.0,0,422.19,0.0,1,18.28,0.81,SPY210716P00365000,365.0,0,0.0,0.0,,0.0,normalDay
2021-06-08,5782.0,1743.0,0.0,0,422.28,0.0,1,18.28,0.85,SPY210716P00365000,365.0,0,0.0,0.0,,0.0,normalDay
2021-06-09,5782.0,1736.0,0.0,0,421.65,0.0,1,18.28,0.92,SPY210716P00365000,365.0,0,0.0,0.0,,0.0,normalDay
2021-06-10,5782.0,1758.0,0.0,0,423.61,0.0,1,18.28,0.7,SPY210716P00365000,365.0,0,0.0,0.0,,0.0,normalDay
2021-06-11,5782.0,1763.0,0.0,0,424.31,0.0,1,18.28,0.65,SPY210716P00365000,365.0,0,0.0,0.0,,0.0,normalDay
2021-06-14,5782.0,1770.0,0.0,0,425.26,0.0,1,18.28,0.58,SPY210716P00365000,365.0,0,0.0,0.0,,0.0,normalDay
2021-06-15,5782.0,1765.0,0.0,0,424.48,0.0,1,18.28,0.63,SPY210716P00365000,365.0,0,0.0,0.0,,0.0,normalDay
2021-06-16,5782.0,1757.0,0.0,0,422.11,0.0,1,18.28,0.71,SPY210716P00365000,365.0,0,0.0,0.0,,0.0,normalDay
2021-06-17,5782.0,1764.0,0.0,0,421.97,0.0,1,18.28,0.64,SPY210716P00365000,365.0,0,0.0,0.0,,0.0,normalDay
2021-06-18,5782.0,1729.0,0.0,0,414.92,0.0,1,18.28,0.99,SPY210716P00365000,365.0,0,0.0,0.0,,0.0,normalDay
2021-06-21,5782.0,1778.0,0.0,0,420.86,0.0,1,18.28,0.5,SPY210716P00365000,365.0,0,0.0,0.0,,0.0,normalDay
2021-06-22,5782.0,1788.0,0.0,0,423.11,0.0,1,18.28,0.4,SPY210716P00365000,365.0,0,0.0,0.0,,0.0,normalDay
2021-06-23,5782.0,1794.0,0.0,0,422.6,0.0,1,18.28,0.34,SPY210716P00365000,365.0,0,0.0,0.0,,0.0,normalDay
2021-06-24,5782.0,1799.0,0.0,0,425.1,0.0,1,18.28,0.29,SPY210716P00365000,365.0,0,0.0,0.0,,0.0,normalDay
2021-06-25,5782.0,1803.0,0.0,0,426.61,0.0,1,18.28,0.25,SPY210716P00365000,365.0,0,0.0,0.0,,0.0,normalDay
2021-06-28,5782.0,1810.0,0.0,0,427.47,0.0,1,18.28,0.18,SPY210716P00365000,365.0,0,0.0,0.0,,0.0,normalDay
2021-06-29,5782.0,1810.0,0.0,0,427.7,0.0,1,18.28,0.18,SPY210716P00365000,365.0,0,0.0,0.0,,0.0,normalDay
2021-06-30,5782.0,1813.0,0.0,0,428.06,0.0,1,18.28,0.15,SPY210716P00365000,365.0,0,0.0,0.0,,0.0,normalDay
2021-07-01,5782.0,1817.0,0.0,0,430.43,0.0,1,18.28,0.11,SPY210716P00365000,365.0,0,0.0,0.0,,0.0,normalDay
2021-07-02,5782.0,1820.0,0.0,0,433.72,0.0,1,18.28,0.08,SPY210716P00365000,365.0,0,0.0,0.0,,0.0,normalDay
2021-07-06,5782.0,1821.0,0.0,0,432.93,0.0,1,18.28,0.07,SPY210716P00365000,365.0,0,0.0,0.0,,0.0,normalDay
2021-07-07,5782.0,1823.0,0.0,0,434.46,0.0,1,18.28,0.05,SPY210716P00365000,365.0,0,0.0,0.0,,0.0,normalDay
2021-07-08,5782.0,1820.0,0.0,0,430.92,0.0,1,18.28,0.08,SPY210716P00365000,365.0,0,0.0,0.0,,0.0,normalDay
2021-07-09,5782.0,1825.0,0.0,0,435.52,0.0,1,18.28,0.03,SPY210716P00365000,365.0,0,0.0,0.0,,0.0,normalDay
2021-07-12,5782.0,1826.0,0.0,0,437.08,0.0,1,18.28,0.02,SPY210716P00365000,365.0,0,0.0,0.0,,0.0,normalDay
2021-07-13,5782.0,1826.0,0.0,0,435.59,0.0,1,18.28,0.02,SPY210716P00365000,365.0,0,0.0,0.0,,0.0,normalDay
2021-07-14,5782.0,1827.0,0.0,0,436.24,0.0,1,18.28,0.01,SPY210716P00365000,365.0,0,0.0,0.0,,0.0,normalDay
2021-07-15,5782.0,1827.0,0.0,0,434.75,0.0,1,18.28,0.01,SPY210716P00365000,365.0,0,0.0,0.0,,0.0,normalDay
2021-07-16,7610.0,0.0,1828.0,0,431.34,0.0,1,18.28,0.0,SPY210716P00365000,365.0,0,0.0,0.0,,0.0,expirationDay
2021-07-19,7610.0,-28.0,0.0,0,424.97,0.0,1,22.85,23.13,SPY220218P00419000,419.0,0,0.0,0.0,,0.0,normalDay
2021-07-20,7610.0,251.0,0.0,0,431.06,0.0,1,22.85,20.34,SPY220218P00419000,419.0,0,0.0,0.0,,0.0,normalDay
2021-07-21,7610.0,429.0,0.0,0,434.55,0.0,1,22.85,18.56,SPY220218P00419000,419.0,0,0.0,0.0,,0.0,normalDay
2021-07-22,7610.0,463.0,0.0,0,435.46,0.0,1,22.85,18.22,SPY220218P00419000,419.0,0,0.0,0.0,,0.0,normalDay
2021-07-23,7610.0,577.0,0.0,0,439.94,0.0,1,22.85,17.08,SPY220218P00419000,419.0,0,0.0,0.0,,0.0,normalDay
2021-07-26,7610.0,610.0,0.0,0,441.02,0.0,1,22.85,16.75,SPY220218P00419000,419.0,0,0.0,0.0,,0.0,normalDay
2021-07-27,7610.0,504.0,0.0,0,439.01,0.0,1,22.85,17.81,SPY220218P00419000,419.0,0,0.0,0.0,,0.0,normalDay
2021-07-28,7610.0,530.0,0.0,0,438.83,0.0,1,22.85,17.55,SPY220218P00419000,419.0,0,0.0,0.0,,0.0,normalDay
2021-07-29,7610.0,616.0,0.0,0,440.65,0.0,1,22.85,16.69,SPY220218P00419000,419.0,0,0.0,0.0,,0.0,normalDay
2021-07-30,7610.0,569.0,0.0,0,438.51,0.0,1,22.85,17.16,SPY220218P00419000,419.0,0,0.0,0.0,,0.0,normalDay
2021-08-02,7610.0,508.0,0.0,0,437.59,0.0,1,22.85,17.77,SPY220218P00419000,419.0,0,0.0,0.0,,0.0,normalDay
2021-08-03,7610.0,643.0,0.0,0,441.15,0.0,1,22.85,16.42,SPY220218P00419000,419.0,0,0.0,0.0,,0.0,normalDay
2021-08-04,7610.0,597.0,0.0,0,438.98,0.0,1,22.85,16.88,SPY220218P00419000,419.0,0,0.0,0.0,,0.0,normalDay
2021-08-05,7610.0,693.0,0.0,0,441.76,0.0,1,22.85,15.92,SPY220218P00419000,419.0,0,0.0,0.0,,0.0,normalDay
2021-08-06,7610.0,759.0,0.0,0,442.49,0.0,1,22.85,15.26,SPY220218P00419000,419.0,0,0.0,0.0,,0.0,normalDay
2021-08-09,7610.0,735.0,0.0,0,442.13,0.0,1,22.85,15.5,SPY220218P00419000,419.0,0,0.0,0.0,,0.0,normalDay
2021-08-10,7610.0,734.0,0.0,0,442.68,0.0,1,22.85,15.51,SPY220218P00419000,419.0,0,0.0,0.0,,0.0,normalDay
2021-08-11,7610.0,793.0,0.0,0,443.78,0.0,1,22.85,14.92,SPY220218P00419000,419.0,0,0.0,0.0,,0.0,normalDay
2021-08-12,7610.0,847.0,0.0,0,445.11,0.0,1,22.85,14.38,SPY220218P00419000,419.0,0,0.0,0.0,,0.0,normalDay
2021-08-13,7610.0,870.0,0.0,0,445.92,0.0,1,22.85,14.15,SPY220218P00419000,419.0,0,0.0,0.0,,0.0,normalDay
2021-08-16,7610.0,898.0,0.0,0,446.97,0.0,1,22.85,13.87,SPY220218P00419000,419.0,0,0.0,0.0,,0.0,normalDay
2021-08-17,7610.0,757.0,0.0,0,444.04,0.0,1,22.85,15.28,SPY220218P00419000,419.0,0,0.0,0.0,,0.0,normalDay
2021-08-18,7610.0,542.0,0.0,0,439.18,0.0,1,22.85,17.43,SPY220218P00419000,419.0,0,0.0,0.0,,0.0,normalDay
2021-08-19,7610.0,563.0,0.0,0,439.86,0.0,1,22.85,17.22,SPY220218P00419000,419.0,0,0.0,0.0,,0.0,normalDay
2021-08-20,7610.0,722.0,0.0,0,443.36,0.0,1,22.85,15.63,SPY220218P00419000,419.0,0,0.0,0.0,,0.0,normalDay
2021-08-23,7610.0,892.0,0.0,0,447.26,0.0,1,22.85,13.93,SPY220218P00419000,419.0,0,0.0,0.0,,0.0,normalDay
2021-08-24,7610.0,888.0,0.0,0,447.97,0.0,1,22.85,13.97,SPY220218P00419000,419.0,0,0.0,0.0,,0.0,normalDay
2021-08-25,7610.0,943.0,0.0,0,448.91,0.0,1,22.85,13.42,SPY220218P00419000,419.0,0,0.0,0.0,,0.0,normalDay
2021-08-26,7610.0,836.0,0.0,0,446.26,0.0,1,22.85,14.49,SPY220218P00419000,419.0,0,0.0,0.0,,0.0,normalDay
2021-08-27,7610.0,989.0,0.0,0,450.25,0.0,1,22.85,12.96,SPY220218P00419000,419.0,0,0.0,0.0,,0.0,normalDay
2021-08-30,7610.0,1042.0,0.0,0,452.23,0.0,1,22.85,12.43,SPY220218P00419000,419.0,0,0.0,0.0,,0.0,normalDay
2021-08-31,7610.0,1033.0,0.0,0,451.56,0.0,1,22.85,12.52,SPY220218P00419000,419.0,0,0.0,0.0,,0.0,normalDay
2021-09-01,7610.0,1060.0,0.0,0,451.8,0.0,1,22.85,12.25,SPY220218P00419000,419.0,0,0.0,0.0,,0.0,normalDay
2021-09-02,7610.0,1094.0,0.0,0,453.19,0.0,1,22.85,11.91,SPY220218P00419000,419.0,0,0.0,0.0,,0.0,normalDay
2021-09-03,7610.0,1078.0,0.0,0,453.08,0.0,1,22.85,12.07,SPY220218P00419000,419.0,0,0.0,0.0,,0.0,normalDay
2021-09-07,7610.0,1012.0,0.0,0,451.46,0.0,1,22.85,12.73,SPY220218P00419000,419.0,0,0.0,0.0,,0.0,normalDay
2021-09-08,7610.0,1000.0,0.0,0,450.91,0.0,1,22.85,12.85,SPY220218P00419000,419.0,0,0.0,0.0,,0.0,normalDay
2021-09-09,7610.0,930.0,0.0,0,448.98,0.0,1,22.85,13.55,SPY220218P00419000,419.0,0,0.0,0.0,,0.0,normalDay
2021-09-10,7610.0,839.0,0.0,0,445.44,0.0,1,22.85,14.46,SPY220218P00419000,419.0,0,0.0,0.0,,0.0,normalDay
2021-09-13,7610.0,919.0,0.0,0,446.58,0.0,1,22.85,13.66,SPY220218P00419000,419.0,0,0.0,0.0,,0.0,normalDay
2021-09-14,7610.0,855.0,0.0,0,444.17,0.0,1,22.85,14.3,SPY220218P00419000,419.0,0,0.0,0.0,,0.0,normalDay
2021-09-15,7610.0,985.0,0.0,0,447.88,0.0,1,22.85,13.0,SPY220218P00419000,419.0,0,0.0,0.0,,0.0,normalDay
2021-09-16,7610.0,958.0,0.0,0,447.17,0.0,1,22.85,13.27,SPY220218P00419000,419.0,0,0.0,0.0,,0.0,normalDay
2021-09-17,7610.0,806.0,0.0,0,441.4,0.0,1,22.85,14.79,SPY220218P00419000,419.0,0,0.0,0.0,,0.0,normalDay
2021-09-20,7610.0,476.0,0.0,0,434.04,0.0,1,22.85,18.09,SPY220218P00419000,419.0,0,0.0,0.0,,0.0,normalDay
2021-09-21,7610.0,508.0,0.0,0,433.63,0.0,1,22.85,17.77,SPY220218P00419000,419.0,0,0.0,0.0,,0.0,normalDay
2021-09-22,7610.0,751.0,0.0,0,437.86,0.0,1,22.85,15.34,SPY220218P00419000,419.0,0,0.0,0.0,,0.0,normalDay
2021-09-23,7610.0,967.0,0.0,0,443.18,0.0,1,22.85,13.18,SPY220218P00419000,419.0,0,0.0,0.0,,0.0,normalDay
2021-09-24,7610.0,1009.0,0.0,0,443.91,0.0,1,22.85,12.76,SPY220218P00419000,419.0,0,0.0,0.0,,0.0,normalDay
2021-09-27,7610.0,967.0,0.0,0,442.64,0.0,1,22.85,13.18,SPY220218P00419000,419.0,0,0.0,0.0,,0.0,normalDay
2021-09-28,7610.0,627.0,0.0,0,433.72,0.0,1,22.85,16.58,SPY220218P00419000,419.0,0,0.0,0.0,,0.0,normalDay
2021-09-29,7610.0,667.0,0.0,0,434.45,0.0,1,22.85,16.18,SPY220218P00419000,419.0,0,0.0,0.0,,0.0,normalDay
2021-09-30,7610.0,510.0,0.0,0,429.14,0.0,1,22.85,17.75,SPY220218P00419000,419.0,0,0.0,0.0,,0.0,normalDay
2021-10-01,7610.0,716.0,0.0,0,434.24,0.0,1,22.85,15.69,SPY220218P00419000,419.0,0,0.0,0.0,,0.0,normalDay
2021-10-04,7610.0,508.0,0.0,0,428.64,0.0,1,22.85,17.77,SPY220218P00419000,419.0,0,0.0,0.0,,0.0,normalDay
2021-10-05,7610.0,702.0,0.0,0,433.1,0.0,1,22.85,15.83,SPY220218P00419000,419.0,0,0.0,0.0,,0.0,normalDay
2021-10-06,7610.0,765.0,0.0,0,434.9,0.0,1,22.85,15.2,SPY220218P00419000,419.0,0,0.0,0.0,,0.0,normalDay
2021-10-07,7610.0,929.0,0.0,0,438.66,0.0,1,22.85,13.56,SPY220218P00419000,419.0,0,0.0,0.0,,0.0,normalDay
2021-10-08,7610.0,912.0,0.0,0,437.86,0.0,1,22.85,13.73,SPY220218P00419000,419.0,0,0.0,0.0,,0.0,normalDay
2021-10-11,7610.0,835.0,0.0,0,434.69,0.0,1,22.85,14.5,SPY220218P00419000,419.0,0,0.0,0.0,,0.0,normalDay
2021-10-12,7610.0,817.0,0.0,0,433.62,0.0,1,22.85,14.68,SPY220218P00419000,419.0,0,0.0,0.0,,0.0,normalDay
2021-10-13,7610.0,954.0,0.0,0,435.18,0.0,1,22.85,13.31,SPY220218P00419000,419.0,0,0.0,0.0,,0.0,normalDay
2021-10-14,7610.0,1193.0,0.0,0,442.5,0.0,1,22.85,10.92,SPY220218P00419000,419.0,0,0.0,0.0,,0.0,normalDay
2021-10-15,7610.0,1267.0,0.0,0,445.87,0.0,1,22.85,10.18,SPY220218P00419000,419.0,0,0.0,0.0,,0.0,normalDay
2021-10-18,7610.0,1306.0,0.0,0,447.19,0.0,1,22.85,9.79,SPY220218P00419000,419.0,0,0.0,0.0,,0.0,normalDay
2021-10-19,7610.0,1408.0,0.0,0,450.64,0.0,1,22.85,8.77,SPY220218P00419000,419.0,0,0.0,0.0,,0.0,normalDay
2021-10-20,7610.0,1434.0,0.0,0,452.41,0.0,1,22.85,8.51,SPY220218P00419000,419.0,0,0.0,0.0,,0.0,normalDay
2021-10-21,7610.0,1475.0,0.0,0,453.59,0.0,1,22.85,8.1,SPY220218P00419000,419.0,0,0.0,0.0,,0.0,normalDay
2021-10-22,7610.0,1436.0,0.0,0,453.12,0.0,1,22.85,8.49,SPY220218P00419000,419.0,0,0.0,0.0,,0.0,normalDay
2021-10-25,7610.0,1514.0,0.0,0,455.55,0.0,1,22.85,7.71,SPY220218P00419000,419.0,0,0.0,0.0,,0.0,normalDay
2021-10-26,7610.0,1522.0,0.0,0,455.96,0.0,1,22.85,7.63,SPY220218P00419000,419.0,0,0.0,0.0,,0.0,normalDay
2021-10-27,7610.0,1449.0,0.0,0,453.94,0.0,1,22.85,8.36,SPY220218P00419000,419.0,0,0.0,0.0,,0.0,normalDay
2021-10-28,7610.0,1535.0,0.0,0,458.32,0.0,1,22.85,7.5,SPY220218P00419000,419.0,0,0.0,0.0,,0.0,normalDay
2021-10-29,7610.0,1561.0,0.0,0,459.25,0.0,1,22.85,7.24,SPY220218P00419000,419.0,0,0.0,0.0,,0.0,normalDay
2021-11-01,7610.0,1587.0,0.0,0,460.04,0.0,1,22.85,6.98,SPY220218P00419000,419.0,0,0.0,0.0,,0.0,normalDay
2021-11-02,7610.0,1627.0,0.0,0,461.9,0.0,1,22.85,6.58,SPY220218P00419000,419.0,0,0.0,0.0,,0.0,normalDay
2021-11-03,7610.0,1698.0,0.0,0,464.72,0.0,1,22.85,5.87,SPY220218P00419000,419.0,0,0.0,0.0,,0.0,normalDay
2021-11-04,7610.0,1726.0,0.0,0,466.91,0.0,1,22.85,5.59,SPY220218P00419000,419.0,0,0.0,0.0,,0.0,normalDay
2021-11-05,7610.0,1716.0,0.0,0,468.53,0.0,1,22.85,5.69,SPY220218P00419000,419.0,0,0.0,0.0,,0.0,normalDay
2021-11-08,7610.0,1711.0,0.0,0,468.93,0.0,1,22.85,5.74,SPY220218P00419000,419.0,0,0.0,0.0,,0.0,normalDay
2021-11-09,7610.0,1688.0,0.0,0,467.38,0.0,1,22.85,5.97,SPY220218P00419000,419.0,0,0.0,0.0,,0.0,normalDay
2021-11-10,7610.0,1634.0,0.0,0,463.62,0.0,1,22.85,6.51,SPY220218P00419000,419.0,0,0.0,0.0,,0.0,normalDay
2021-11-11,7610.0,1683.0,0.0,0,463.77,0.0,1,22.85,6.02,SPY220218P00419000,419.0,0,0.0,0.0,,0.0,normalDay
2021-11-12,7610.0,1756.0,0.0,0,467.27,0.0,1,22.85,5.29,SPY220218P00419000,419.0,0,0.0,0.0,,0.0,normalDay
2021-11-15,7610.0,1768.0,0.0,0,467.43,0.0,1,22.85,5.17,SPY220218P00419000,419.0,0,0.0,0.0,,0.0,normalDay
2021-11-16,7610.0,1796.0,0.0,0,469.28,0.0,1,22.85,4.89,SPY220218P00419000,419.0,0,0.0,0.0,,0.0,normalDay
2021-11-17,7610.0,1757.0,0.0,0,468.14,0.0,1,22.85,5.28,SPY220218P00419000,419.0,0,0.0,0.0,,0.0,normalDay
2021-11-18,7610.0,1773.0,0.0,0,469.73,0.0,1,22.85,5.12,SPY220218P00419000,419.0,0,0.0,0.0,,0.0,normalDay
2021-11-19,7610.0,1760.0,0.0,0,468.89,0.0,1,22.85,5.25,SPY220218P00419000,419.0,0,0.0,0.0,,0.0,normalDay
2021-11-22,7610.0,1733.0,0.0,0,467.57,0.0,1,22.85,5.52,SPY220218P00419000,419.0,0,0.0,0.0,,0.0,normalDay
2021-11-23,7610.0,1753.0,0.0,0,468.19,0.0,1,22.85,5.32,SPY220218P00419000,419.0,0,0.0,0.0,,0.0,normalDay
2021-11-24,7610.0,1798.0,0.0,0,469.44,0.0,1,22.85,4.87,SPY220218P00419000,419.0,0,0.0,0.0,,0.0,normalDay
2021-11-26,7610.0,1242.0,0.0,0,458.97,0.0,1,22.85,10.43,SPY220218P00419000,419.0,0,0.0,0.0,,0.0,normalDay
2021-11-29,7610.0,1668.0,0.0,0,464.6,0.0,1,22.85,6.17,SPY220218P00419000,419.0,0,0.0,0.0,,0.0,normalDay
2021-11-30,7610.0,1447.0,0.0,0,455.56,0.0,1,22.85,8.38,SPY220218P00419000,419.0,0,0.0,0.0,,0.0,normalDay
2021-12-01,7610.0,1177.0,0.0,0,450.5,0.0,1,22.85,11.08,SPY220218P00419000,419.0,0,0.0,0.0,,0.0,normalDay
2021-12-02,7610.0,1406.0,0.0,0,457.4,0.0,1,22.85,8.79,SPY220218P00419000,419.0,0,0.0,0.0,,0.0,normalDay
2021-12-03,7610.0,1246.0,0.0,0,453.42,0.0,1,22.85,10.39,SPY220218P00419000,419.0,0,0.0,0.0,,0.0,normalDay
2021-12-06,7610.0,1475.0,0.0,0,458.79,0.0,1,22.85,8.1,SPY220218P00419000,419.0,0,0.0,0.0,,0.0,normalDay
2021-12-07,7610.0,1762.0,0.0,0,468.28,0.0,1,22.85,5.23,SPY220218P00419000,419.0,0,0.0,0.0,,0.0,normalDay
2021-12-08,7610.0,1842.0,0.0,0,469.52,0.0,1,22.85,4.43,SPY220218P00419000,419.0,0,0.0,0.0,,0.0,normalDay
2021-12-09,7610.0,1781.0,0.0,0,466.35,0.0,1,22.85,5.04,SPY220218P00419000,419.0,0,0.0,0.0,,0.0,normalDay
2021-12-10,7610.0,1882.0,0.0,0,470.74,0.0,1,22.85,4.03,SPY220218P00419000,419.0,0,0.0,0.0,,0.0,normalDay
2021-12-13,7610.0,1823.0,0.0,0,466.57,0.0,1,22.85,4.62,SPY220218P00419000,419.0,0,0.0,0.0,,0.0,normalDay
2021-12-14,7610.0,1762.0,0.0,0,463.36,0.0,1,22.85,5.23,SPY220218P00419000,419.0,0,0.0,0.0,,0.0,normalDay
2021-12-15,7610.0,1917.0,0.0,0,470.6,0.0,1,22.85,3.68,SPY220218P00419000,419.0,0,0.0,0.0,,0.0,normalDay
2021-12-16,7610.0,1850.0,0.0,0,466.45,0.0,1,22.85,4.35,SPY220218P00419000,419.0,0,0.0,0.0,,0.0,normalDay
2021-12-17,7610.0,1763.0,0.0,0,459.87,0.0,1,22.85,5.22,SPY220218P00419000,419.0,0,0.0,0.0,,0.0,normalDay
2021-12-20,7610.0,1695.0,0.0,0,454.98,0.0,1,22.85,5.9,SPY220218P00419000,419.0,0,0.0,0.0,,0.0,normalDay
2021-12-21,7610.0,1854.0,0.0,0,463.06,0.0,1,22.85,4.31,SPY220218P00419000,419.0,0,0.0,0.0,,0.0,normalDay
2021-12-22,7610.0,1961.0,0.0,0,467.69,0.0,1,22.85,3.24,SPY220218P00419000,419.0,0,0.0,0.0,,0.0,normalDay
2021-12-23,7610.0,2005.0,0.0,0,470.6,0.0,1,22.85,2.8,SPY220218P00419000,419.0,0,0.0,0.0,,0.0,normalDay
2021-12-27,7610.0,2080.0,0.0,0,477.26,0.0,1,22.85,2.05,SPY220218P00419000,419.0,0,0.0,0.0,,0.0,normalDay
2021-12-28,7610.0,2090.0,0.0,0,476.87,0.0,1,22.85,1.95,SPY220218P00419000,419.0,0,0.0,0.0,,0.0,normalDay
2021-12-29,7610.0,2117.0,0.0,0,477.48,0.0,1,22.85,1.68,SPY220218P00419000,419.0,0,0.0,0.0,,0.0,normalDay
2021-12-30,7610.0,2108.0,0.0,0,476.16,0.0,1,22.85,1.77,SPY220218P00419000,419.0,0,0.0,0.0,,0.0,normalDay
2021-12-31,7610.0,2117.0,0.0,0,474.96,0.0,1,22.85,1.68,SPY220218P00419000,419.0,0,0.0,0.0,,0.0,normalDay
2022-01-03,7610.0,2152.0,0.0,0,477.71,0.0,1,22.85,1.33,SPY220218P00419000,419.0,0,0.0,0.0,,0.0,normalDay
2022-01-04,7610.0,2150.0,0.0,0,477.55,0.0,1,22.85,1.35,SPY220218P00419000,419.0,0,0.0,0.0,,0.0,normalDay
2022-01-05,7610.0,2061.0,0.0,0,468.38,0.0,1,22.85,2.24,SPY220218P00419000,419.0,0,0.0,0.0,,0.0,normalDay
2022-01-06,7610.0,2072.0,0.0,0,467.94,0.0,1,22.85,2.13,SPY220218P00419000,419.0,0,0.0,0.0,,0.0,normalDay
2022-01-07,7610.0,2094.0,0.0,0,466.09,0.0,1,22.85,1.91,SPY220218P00419000,419.0,0,0.0,0.0,,0.0,normalDay
2022-01-10,7610.0,2097.0,0.0,0,465.51,0.0,1,22.85,1.88,SPY220218P00419000,419.0,0,0.0,0.0,,0.0,normalDay
2022-01-11,7610.0,2139.0,0.0,0,469.75,0.0,1,22.85,1.46,SPY220218P00419000,419.0,0,0.0,0.0,,0.0,normalDay
2022-01-12,7610.0,2162.0,0.0,0,471.02,0.0,1,22.85,1.23,SPY220218P00419000,419.0,0,0.0,0.0,,0.0,normalDay
2022-01-13,7610.0,2096.0,0.0,0,464.53,0.0,1,22.85,1.89,SPY220218P00419000,419.0,0,0.0,0.0,,0.0,normalDay
2022-01-14,7610.0,2128.0,0.0,0,464.72,0.0,1,22.85,1.57,SPY220218P00419000,419.0,0,0.0,0.0,,0.0,normalDay
2022-01-18,7610.0,2026.0,0.0,0,456.49,0.0,1,22.85,2.59,SPY220218P00419000,419.0,0,0.0,0.0,,0.0,normalDay
2022-01-19,7610.0,1985.0,0.0,0,451.75,0.0,1,22.85,3.0,SPY220218P00419000,419.0,0,0.0,0.0,,0.0,normalDay
2022-01-20,7610.0,1884.0,0.0,0,446.75,0.0,1,22.85,4.01,SPY220218P00419000,419.0,0,0.0,0.0,,0.0,normalDay
2022-01-21,7610.0,1660.0,0.0,0,437.98,0.0,1,22.85,6.25,SPY220218P00419000,419.0,0,0.0,0.0,,0.0,normalDay
2022-01-24,7610.0,1656.0,0.0,0,439.84,0.0,1,22.85,6.29,SPY220218P00419000,419.0,0,0.0,0.0,,0.0,normalDay
2022-01-25,7610.0,1495.0,0.0,0,434.47,0.0,1,22.85,7.9,SPY220218P00419000,419.0,0,0.0,0.0,,0.0,normalDay
2022-01-26,7610.0,1511.0,0.0,0,433.38,0.0,1,22.85,7.74,SPY220218P00419000,419.0,0,0.0,0.0,,0.0,normalDay
2022-01-27,7610.0,1550.0,0.0,0,431.24,0.0,1,22.85,7.35,SPY220218P00419000,419.0,0,0.0,0.0,,0.0,normalDay
2022-01-28,7610.0,1865.0,0.0,0,441.95,0.0,1,22.85,4.2,SPY220218P00419000,419.0,0,0.0,0.0,,0.0,normalDay
2022-01-31,7610.0,2062.0,0.0,0,449.91,0.0,1,22.85,2.23,SPY220218P00419000,419.0,0,0.0,0.0,,0.0,normalDay
2022-02-01,7610.0,2159.0,0.0,0,452.95,0.0,1,22.85,1.26,SPY220218P00419000,419.0,0,0.0,0.0,,0.0,normalDay
2022-02-02,7610.0,2189.0,0.0,0,457.35,0.0,1,22.85,0.96,SPY220218P00419000,419.0,0,0.0,0.0,,0.0,normalDay
2022-02-03,7610.0,2125.0,0.0,0,446.6,0.0,1,22.85,1.6,SPY220218P00419000,419.0,0,0.0,0.0,,0.0,normalDay
2022-02-04,7610.0,2157.0,0.0,0,448.7,0.0,1,22.85,1.28,SPY220218P00419000,419.0,0,0.0,0.0,,0.0,normalDay
2022-02-07,7610.0,2205.0,0.0,0,447.26,0.0,1,22.85,0.8,SPY220218P00419000,419.0,0,0.0,0.0,,0.0,normalDay
2022-02-08,7610.0,2236.0,0.0,0,450.94,0.0,1,22.85,0.49,SPY220218P00419000,419.0,0,0.0,0.0,,0.0,normalDay
2022-02-09,7610.0,2263.0,0.0,0,457.54,0.0,1,22.85,0.22,SPY220218P00419000,419.0,0,0.0,0.0,,0.0,normalDay
2022-02-10,7610.0,2223.0,0.0,0,449.32,0.0,1,22.85,0.62,SPY220218P00419000,419.0,0,0.0,0.0,,0.0,normalDay
2022-02-11,7610.0,2160.0,0.0,0,440.46,0.0,1,22.85,1.25,SPY220218P00419000,419.0,0,0.0,0.0,,0.0,normalDay
2022-02-14,7610.0,2213.0,0.0,0,439.02,0.0,1,22.85,0.72,SPY220218P00419000,419.0,0,0.0,0.0,,0.0,normalDay
2022-02-15,7610.0,2259.0,0.0,0,446.1,0.0,1,22.85,0.26,SPY220218P00419000,419.0,0,0.0,0.0,,0.0,normalDay
2022-02-16,7610.0,2278.0,0.0,0,446.6,0.0,1,22.85,0.07,SPY220218P00419000,419.0,0,0.0,0.0,,0.0,normalDay
2022-02-17,7610.0,2275.0,0.0,0,437.06,0.0,1,22.85,0.1,SPY220218P00419000,419.0,0,0.0,0.0,,0.0,normalDay
2022-02-18,9895.0,0.0,2285.0,0,434.23,0.0,1,22.85,0.0,SPY220218P00419000,419.0,0,0.0,0.0,,0.0,expirationDay
2022-02-22,9895.0,-113.0,0.0,0,429.57,0.0,1,28.29,29.42,SPY220930P00426000,426.0,0,0.0,0.0,,0.0,normalDay
2022-02-23,9895.0,-522.0,0.0,0,421.95,0.0,1,28.29,33.51,SPY220930P00426000,426.0,0,0.0,0.0,,0.0,normalDay
2022-02-24,9895.0,-263.0,0.0,0,428.3,0.0,1,28.29,30.92,SPY220930P00426000,426.0,0,0.0,0.0,,0.0,normalDay
2022-02-25,9895.0,200.0,0.0,0,437.75,0.0,1,28.29,26.29,SPY220930P00426000,426.0,0,0.0,0.0,,0.0,normalDay
2022-02-28,9895.0,108.0,0.0,0,436.63,0.0,1,28.29,27.21,SPY220930P00426000,426.0,0,0.0,0.0,,0.0,normalDay
2022-03-01,9895.0,-295.0,0.0,0,429.98,0.0,1,28.29,31.24,SPY220930P00426000,426.0,0,0.0,0.0,,0.0,normalDay
2022-03-02,9895.0,66.0,0.0,0,437.89,0.0,1,28.29,27.63,SPY220930P00426000,426.0,0,0.0,0.0,,0.0,normalDay
2022-03-03,9895.0,1.0,0.0,0,435.71,0.0,1,28.29,28.28,SPY220930P00426000,426.0,0,0.0,0.0,,0.0,normalDay
2022-03-04,9895.0,-227.0,0.0,0,432.17,0.0,1,28.29,30.56,SPY220930P00426000,426.0,0,0.0,0.0,,0.0,normalDay
2022-03-07,9895.0,-909.0,0.0,0,419.43,0.0,1,28.29,37.38,SPY220930P00426000,426.0,0,0.0,0.0,,0.0,normalDay
2022-03-08,9895.0,-1027.0,0.0,0,416.25,0.0,1,28.29,38.56,SPY220930P00426000,426.0,0,0.0,0.0,,0.0,normalDay
2022-03-09,9895.0,-454.0,0.0,0,427.41,0.0,1,28.29,32.83,SPY220930P00426000,426.0,0,0.0,0.0,,0.0,normalDay
2022-03-10,9895.0,-425.0,0.0,0,425.48,0.0,1,28.29,32.54,SPY220930P00426000,426.0,0,0.0,0.0,,0.0,normalDay
2022-03-11,9895.0,-698.0,0.0,0,420.07,0.0,1,28.29,35.27,SPY220930P00426000,426.0,0,0.0,0.0,,0.0,normalDay
2022-03-14,9895.0,-811.0,0.0,0,417.0,0.0,1,28.29,36.4,SPY220930P00426000,426.0,0,0.0,0.0,,0.0,normalDay
2022-03-15,9895.0,-399.0,0.0,0,426.17,0.0,1,28.29,32.28,SPY220930P00426000,426.0,0,0.0,0.0,,0.0,normalDay
2022-03-16,9895.0,135.0,0.0,0,435.62,0.0,1,28.29,26.94,SPY220930P00426000,426.0,0,0.0,0.0,,0.0,normalDay
2022-03-17,9895.0,377.0,0.0,0,441.07,0.0,1,28.29,24.52,SPY220930P00426000,426.0,0,0.0,0.0,,0.0,normalDay
2022-03-18,9895.0,649.0,0.0,0,444.52,0.0,1,28.29,21.8,SPY220930P00426000,426.0,0,0.0,0.0,,0.0,normalDay
2022-03-21,9895.0,674.0,0.0,0,444.39,0.0,1,28.29,21.55,SPY220930P00426000,426.0,0,0.0,0.0,,0.0,normalDay
2022-03-22,9895.0,873.0,0.0,0,449.59,0.0,1,28.29,19.56,SPY220930P00426000,426.0,0,0.0,0.0,,0.0,normalDay
2022-03-23,9895.0,678.0,0.0,0,443.8,0.0,1,28.29,21.51,SPY220930P00426000,426.0,0,0.0,0.0,,0.0,normalDay
2022-03-24,9895.0,911.0,0.0,0,450.49,0.0,1,28.29,19.18,SPY220930P00426000,426.0,0,0.0,0.0,,0.0,normalDay
2022-03-25,9895.0,992.0,0.0,0,452.69,0.0,1,28.29,18.37,SPY220930P00426000,426.0,0,0.0,0.0,,0.0,normalDay
2022-03-28,9895.0,1123.0,0.0,0,455.91,0.0,1,28.29,17.06,SPY220930P00426000,426.0,0,0.0,0.0,,0.0,normalDay
2022-03-29,9895.0,1280.0,0.0,0,461.55,0.0,1,28.29,15.49,SPY220930P00426000,426.0,0,0.0,0.0,,0.0,normalDay
2022-03-30,9895.0,1207.0,0.0,0,458.7,0.0,1,28.29,16.22,SPY220930P00426000,426.0,0,0.0,0.0,,0.0,normalDay
2022-03-31,9895.0,993.0,0.0,0,451.64,0.0,1,28.29,18.36,SPY220930P00426000,426.0,0,0.0,0.0,,0.0,normalDay
2022-04-01,9895.0,1064.0,0.0,0,452.92,0.0,1,28.29,17.65,SPY220930P00426000,426.0,0,0.0,0.0,,0.0,normalDay
2022-04-04,9895.0,1232.0,0.0,0,456.8,0.0,1,28.29,15.97,SPY220930P00426000,426.0,0,0.0,0.0,,0.0,normalDay
2022-04-05,9895.0,979.0,0.0,0,451.03,0.0,1,28.29,18.5,SPY220930P00426000,426.0,0,0.0,0.0,,0.0,normalDay
2022-04-06,9895.0,854.0,0.0,0,446.52,0.0,1,28.29,19.75,SPY220930P00426000,426.0,0,0.0,0.0,,0.0,normalDay
2022-04-07,9895.0,930.0,0.0,0,448.77,0.0,1,28.29,18.99,SPY220930P00426000,426.0,0,0.0,0.0,,0.0,normalDay
2022-04-08,9895.0,920.0,0.0,0,447.57,0.0,1,28.29,19.09,SPY220930P00426000,426.0,0,0.0,0.0,,0.0,normalDay
2022-04-11,9895.0,634.0,0.0,0,439.92,0.0,1,28.29,21.95,SPY220930P00426000,426.0,0,0.0,0.0,,0.0,normalDay
2022-04-12,9895.0,580.0,0.0,0,438.29,0.0,1,28.29,22.49,SPY220930P00426000,426.0,0,0.0,0.0,,0.0,normalDay
2022-04-13,9895.0,832.0,0.0,0,443.31,0.0,1,28.29,19.97,SPY220930P00426000,426.0,0,0.0,0.0,,0.0,normalDay
2022-04-14,9895.0,631.0,0.0,0,437.79,0.0,1,28.29,21.98,SPY220930P00426000,426.0,0,0.0,0.0,,0.0,normalDay
2022-04-18,9895.0,730.0,0.0,0,437.97,0.0,1,28.29,20.99,SPY220930P00426000,426.0,0,0.0,0.0,,0.0,normalDay
2022-04-19,9895.0,896.0,0.0,0,445.04,0.0,1,28.29,19.33,SPY220930P00426000,426.0,0,0.0,0.0,,0.0,normalDay
2022-04-20,9895.0,1018.0,0.0,0,444.71,0.0,1,28.29,18.11,SPY220930P00426000,426.0,0,0.0,0.0,,0.0,normalDay
2022-04-21,9895.0,686.0,0.0,0,438.06,0.0,1,28.29,21.43,SPY220930P00426000,426.0,0,0.0,0.0,,0.0,normalDay
2022-04-22,9895.0,72.0,0.0,0,426.04,0.0,1,28.29,27.57,SPY220930P00426000,426.0,0,0.0,0.0,,0.0,normalDay
2022-04-25,9895.0,284.0,0.0,0,428.51,0.0,1,28.29,25.45,SPY220930P00426000,426.0,0,0.0,0.0,,0.0,normalDay
2022-04-26,9895.0,-534.0,0.0,0,416.1,0.0,1,28.29,33.63,SPY220930P00426000,426.0,0,0.0,0.0,,0.0,normalDay
2022-04-27,9895.0,-276.0,0.0,0,417.27,0.0,1,28.29,31.05,SPY220930P00426000,426.0,0,0.0,0.0,,0.0,normalDay
2022-04-28,9895.0,144.0,0.0,0,427.81,0.0,1,28.29,26.85,SPY220930P00426000,426.0,0,0.0,0.0,,0.0,normalDay
2022-04-29,9895.0,-533.0,0.0,0,412.0,0.0,1,28.29,33.62,SPY220930P00426000,426.0,0,0.0,0.0,,0.0,normalDay
2022-05-02,9895.0,-380.0,0.0,0,414.48,0.0,1,28.29,32.09,SPY220930P00426000,426.0,0,0.0,0.0,,0.0,normalDay
2022-05-03,9895.0,-167.0,0.0,0,416.38,0.0,1,28.29,29.96,SPY220930P00426000,426.0,0,0.0,0.0,,0.0,normalDay
2022-05-04,9895.0,448.0,0.0,0,429.06,0.0,1,28.29,23.81,SPY220930P00426000,426.0,0,0.0,0.0,,0.0,normalDay
2022-05-05,9895.0,-422.0,0.0,0,413.81,0.0,1,28.29,32.51,SPY220930P00426000,426.0,0,0.0,0.0,,0.0,normalDay
2022-05-06,9895.0,-594.0,0.0,0,411.34,0.0,1,28.29,34.23,SPY220930P00426000,426.0,0,0.0,0.0,,0.0,normalDay
2022-05-09,9895.0,-1271.0,0.0,0,398.17,0.0,1,28.29,41.0,SPY220930P00426000,426.0,0,0.0,0.0,,0.0,normalDay
2022-05-10,9895.0,-1212.0,0.0,0,399.09,0.0,1,28.29,40.41,SPY220930P00426000,426.0,0,0.0,0.0,,0.0,normalDay
2022-05-11,9895.0,-1593.0,0.0,0,392.75,0.0,1,28.29,44.22,SPY220930P00426000,426.0,0,0.0,0.0,,0.0,normalDay
2022-05-12,9895.0,-1615.0,0.0,0,392.34,0.0,1,28.29,44.44,SPY220930P00426000,426.0,0,0.0,0.0,,0.0,normalDay
2022-05-13,9895.0,-981.0,0.0,0,401.72,0.0,1,28.29,38.1,SPY220930P00426000,426.0,0,0.0,0.0,,0.0,normalDay
2022-05-16,9895.0,-1009.0,0.0,0,400.09,0.0,1,28.29,38.38,SPY220930P00426000,426.0,0,0.0,0.0,,0.0,normalDay
2022-05-17,9895.0,-455.0,0.0,0,408.32,0.0,1,28.29,32.84,SPY220930P00426000,426.0,0,0.0,0.0,,0.0,normalDay
2022-05-18,9895.0,-1645.0,0.0,0,391.86,0.0,1,28.29,44.74,SPY220930P00426000,426.0,0,0.0,0.0,,0.0,normalDay
2022-05-19,9895.0,-1709.0,0.0,0,389.46,0.0,1,28.29,45.38,SPY220930P00426000,426.0,0,0.0,0.0,,0.0,normalDay
2022-05-20,9895.0,-1708.0,0.0,0,389.63,0.0,1,28.29,45.37,SPY220930P00426000,426.0,0,0.0,0.0,,0.0,normalDay
2022-05-23,9895.0,-1139.0,0.0,0,396.92,0.0,1,28.29,39.68,SPY220930P00426000,426.0,0,0.0,0.0,,0.0,normalDay
2022-05-24,9895.0,-1358.0,0.0,0,393.89,0.0,1,28.29,41.87,SPY220930P00426000,426.0,0,0.0,0.0,,0.0,normalDay
2022-05-25,9895.0,-1130.0,0.0,0,397.37,0.0,1,28.29,39.59,SPY220930P00426000,426.0,0,0.0,0.0,,0.0,normalDay
2022-05-26,9895.0,-654.0,0.0,0,405.31,0.0,1,28.29,34.83,SPY220930P00426000,426.0,0,0.0,0.0,,0.0,normalDay
2022-05-27,9895.0,-116.0,0.0,0,415.26,0.0,1,28.29,29.45,SPY220930P00426000,426.0,0,0.0,0.0,,0.0,normalDay
2022-05-31,9895.0,-119.0,0.0,0,412.93,0.0,1,28.29,29.48,SPY220930P00426000,426.0,0,0.0,0.0,,0.0,normalDay
2022-06-01,9895.0,-259.0,0.0,0,409.59,0.0,1,28.29,30.88,SPY220930P00426000,426.0,0,0.0,0.0,,0.0,normalDay
2022-06-02,9895.0,203.0,0.0,0,417.39,0.0,1,28.29,26.26,SPY220930P00426000,426.0,0,0.0,0.0,,0.0,normalDay
2022-06-03,9895.0,-166.0,0.0,0,410.54,0.0,1,28.29,29.95,SPY220930P00426000,426.0,0,0.0,0.0,,0.0,normalDay
2022-06-06,9895.0,-77.0,0.0,0,411.79,0.0,1,28.29,29.06,SPY220930P00426000,426.0,0,0.0,0.0,,0.0,normalDay
2022-06-07,9895.0,145.0,0.0,0,415.74,0.0,1,28.29,26.84,SPY220930P00426000,426.0,0,0.0,0.0,,0.0,normalDay
2022-06-08,9895.0,-62.0,0.0,0,411.22,0.0,1,28.29,28.91,SPY220930P00426000,426.0,0,0.0,0.0,,0.0,normalDay
2022-06-09,9895.0,-695.0,0.0,0,401.44,0.0,1,28.29,35.24,SPY220930P00426000,426.0,0,0.0,0.0,,0.0,normalDay
2022-06-10,9895.0,-1516.0,0.0,0,389.8,0.0,1,28.29,43.45,SPY220930P00426000,426.0,0,0.0,0.0,,0.0,normalDay
2022-06-13,9895.0,-2773.0,0.0,0,375.0,0.0,1,28.29,56.02,SPY220930P00426000,426.0,0,0.0,0.0,,0.0,normalDay
2022-06-14,9895.0,-2913.0,0.0,0,373.87,0.0,1,28.29,57.42,SPY220930P00426000,426.0,0,0.0,0.0,,0.0,normalDay
2022-06-15,9895.0,-2361.0,0.0,0,379.2,0.0,1,28.29,51.9,SPY220930P00426000,426.0,0,0.0,0.0,,0.0,normalDay
2022-06-16,9895.0,-3413.0,0.0,0,366.65,0.0,1,28.29,62.42,SPY220930P00426000,426.0,0,0.0,0.0,,0.0,normalDay
2022-06-17,9895.0,-3307.0,0.0,0,365.86,0.0,1,28.29,61.36,SPY220930P00426000,426.0,0,0.0,0.0,,0.0,normalDay
2022-06-21,9895.0,-2523.0,0.0,0,375.07,0.0,1,28.29,53.52,SPY220930P00426000,426.0,0,0.0,0.0,,0.0,normalDay
2022-06-22,9895.0,-2539.0,0.0,0,374.39,0.0,1,28.29,53.68,SPY220930P00426000,426.0,0,0.0,0.0,,0.0,normalDay
2022-06-23,9895.0,-2340.0,0.0,0,378.06,0.0,1,28.29,51.69,SPY220930P00426000,426.0,0,0.0,0.0,,0.0,normalDay
2022-06-24,9895.0,-1334.0,0.0,0,390.08,0.0,1,28.29,41.63,SPY220930P00426000,426.0,0,0.0,0.0,,0.0,normalDay
2022-06-27,9895.0,-1284.0,0.0,0,388.59,0.0,1,28.29,41.13,SPY220930P00426000,426.0,0,0.0,0.0,,0.0,normalDay
2022-06-28,9895.0,-1997.0,0.0,0,380.65,0.0,1,28.29,48.26,SPY220930P00426000,426.0,0,0.0,0.0,,0.0,normalDay
2022-06-29,9895.0,-1984.0,0.0,0,380.34,0.0,1,28.29,48.13,SPY220930P00426000,426.0,0,0.0,0.0,,0.0,normalDay
2022-06-30,9895.0,-2357.0,0.0,0,377.25,0.0,1,28.29,51.86,SPY220930P00426000,426.0,0,0.0,0.0,,0.0,normalDay
2022-07-01,9895.0,-1942.0,0.0,0,381.24,0.0,1,28.29,47.71,SPY220930P00426000,426.0,0,0.0,0.0,,0.0,normalDay
2022-07-05,9895.0,-1890.0,0.0,0,381.96,0.0,1,28.29,47.19,SPY220930P00426000,426.0,0,0.0,0.0,,0.0,normalDay
2022-07-06,9895.0,-1698.0,0.0,0,383.25,0.0,1,28.29,45.27,SPY220930P00426000,426.0,0,0.0,0.0,,0.0,normalDay
2022-07-07,9895.0,-1255.0,0.0,0,388.99,0.0,1,28.29,40.84,SPY220930P00426000,426.0,0,0.0,0.0,,0.0,normalDay
2022-07-08,9895.0,-1203.0,0.0,0,388.67,0.0,1,28.29,40.32,SPY220930P00426000,426.0,0,0.0,0.0,,0.0,normalDay
2022-07-11,9895.0,-1573.0,0.0,0,384.23,0.0,1,28.29,44.02,SPY220930P00426000,426.0,0,0.0,0.0,,0.0,normalDay
2022-07-12,9895.0,-1925.0,0.0,0,380.83,0.0,1,28.29,47.54,SPY220930P00426000,426.0,0,0.0,0.0,,0.0,normalDay
2022-07-13,9895.0,-2096.0,0.0,0,378.83,0.0,1,28.29,49.25,SPY220930P00426000,426.0,0,0.0,0.0,,0.0,normalDay
2022-07-14,9895.0,-2135.0,0.0,0,377.91,0.0,1,28.29,49.64,SPY220930P00426000,426.0,0,0.0,0.0,,0.0,normalDay
2022-07-15,9895.0,-1480.0,0.0,0,385.13,0.0,1,28.29,43.09,SPY220930P00426000,426.0,0,0.0,0.0,,0.0,normalDay
2022-07-18,9895.0,-1757.0,0.0,0,381.95,0.0,1,28.29,45.86,SPY220930P00426000,426.0,0,0.0,0.0,,0.0,normalDay
2022-07-19,9895.0,-850.0,0.0,0,392.27,0.0,1,28.29,36.79,SPY220930P00426000,426.0,0,0.0,0.0,,0.0,normalDay
2022-07-20,9895.0,-662.0,0.0,0,394.77,0.0,1,28.29,34.91,SPY220930P00426000,426.0,0,0.0,0.0,,0.0,normalDay
2022-07-21,9895.0,-375.0,0.0,0,398.79,0.0,1,28.29,32.04,SPY220930P00426000,426.0,0,0.0,0.0,,0.0,normalDay
2022-07-22,9895.0,-671.0,0.0,0,395.09,0.0,1,28.29,35.0,SPY220930P00426000,426.0,0,0.0,0.0,,0.0,normalDay
2022-07-25,9895.0,-532.0,0.0,0,395.57,0.0,1,28.29,33.61,SPY220930P00426000,426.0,0,0.0,0.0,,0.0,normalDay
2022-07-26,9895.0,-898.0,0.0,0,390.89,0.0,1,28.29,37.27,SPY220930P00426000,426.0,0,0.0,0.0,,0.0,normalDay
2022-07-27,9895.0,-167.0,0.0,0,401.04,0.0,1,28.29,29.96,SPY220930P00426000,426.0,0,0.0,0.0,,0.0,normalDay
2022-07-28,9895.0,349.0,0.0,0,406.07,0.0,1,28.29,24.8,SPY220930P00426000,426.0,0,0.0,0.0,,0.0,normalDay
2022-07-29,9895.0,726.0,0.0,0,411.99,0.0,1,28.29,21.03,SPY220930P00426000,426.0,0,0.0,0.0,,0.0,normalDay
2022-08-01,9895.0,633.0,0.0,0,410.77,0.0,1,28.29,21.96,SPY220930P00426000,426.0,0,0.0,0.0,,0.0,normalDay
2022-08-02,9895.0,405.0,0.0,0,408.06,0.0,1,28.29,24.24,SPY220930P00426000,426.0,0,0.0,0.0,,0.0,normalDay
2022-08-03,9895.0,862.0,0.0,0,414.45,0.0,1,28.29,19.67,SPY220930P00426000,426.0,0,0.0,0.0,,0.0,normalDay
2022-08-04,9895.0,891.0,0.0,0,414.17,0.0,1,28.29,19.38,SPY220930P00426000,426.0,0,0.0,0.0,,0.0,normalDay
2022-08-05,9895.0,829.0,0.0,0,413.47,0.0,1,28.29,20.0,SPY220930P00426000,426.0,0,0.0,0.0,,0.0,normalDay
2022-08-08,9895.0,868.0,0.0,0,412.99,0.0,1,28.29,19.61,SPY220930P00426000,426.0,0,0.0,0.0,,0.0,normalDay
2022-08-09,9895.0,775.0,0.0,0,411.35,0.0,1,28.29,20.54,SPY220930P00426000,426.0,0,0.0,0.0,,0.0,normalDay
2022-08-10,9895.0,1317.0,0.0,0,419.99,0.0,1,28.29,15.12,SPY220930P00426000,426.0,0,0.0,0.0,,0.0,normalDay
2022-08-11,9895.0,1361.0,0.0,0,419.99,0.0,1,28.29,14.68,SPY220930P00426000,426.0,0,0.0,0.0,,0.0,normalDay
2022-08-12,9895.0,1679.0,0.0,0,427.1,0.0,1,28.29,11.5,SPY220930P00426000,426.0,0,0.0,0.0,,0.0,normalDay
2022-08-15,9895.0,1781.0,0.0,0,428.86,0.0,1,28.29,10.48,SPY220930P00426000,426.0,0,0.0,0.0,,0.0,normalDay
2022-08-16,9895.0,1826.0,0.0,0,429.7,0.0,1,28.29,10.03,SPY220930P00426000,426.0,0,0.0,0.0,,0.0,normalDay
2022-08-17,9895.0,1702.0,0.0,0,426.65,0.0,1,28.29,11.27,SPY220930P00426000,426.0,0,0.0,0.0,,0.0,normalDay
2022-08-18,9895.0,1787.0,0.0,0,427.89,0.0,1,28.29,10.42,SPY220930P00426000,426.0,0,0.0,0.0,,0.0,normalDay
2022-08-19,9895.0,1502.0,0.0,0,422.14,0.0,1,28.29,13.27,SPY220930P00426000,426.0,0,0.0,0.0,,0.0,normalDay
2022-08-22,9895.0,967.0,0.0,0,413.35,0.0,1,28.29,18.62,SPY220930P00426000,426.0,0,0.0,0.0,,0.0,normalDay
2022-08-23,9895.0,869.0,0.0,0,412.35,0.0,1,28.29,19.6,SPY220930P00426000,426.0,0,0.0,0.0,,0.0,normalDay
2022-08-24,9895.0,1045.0,0.0,0,413.67,0.0,1,28.29,17.84,SPY220930P00426000,426.0,0,0.0,0.0,,0.0,normalDay
2022-08-25,9895.0,1404.0,0.0,0,419.51,0.0,1,28.29,14.25,SPY220930P00426000,426.0,0,0.0,0.0,,0.0,normalDay
2022-08-26,9895.0,356.0,0.0,0,405.31,0.0,1,28.29,24.73,SPY220930P00426000,426.0,0,0.0,0.0,,0.0,normalDay
2022-08-29,9895.0,185.0,0.0,0,402.63,0.0,1,28.29,26.44,SPY220930P00426000,426.0,0,0.0,0.0,,0.0,normalDay
2022-08-30,9895.0,-179.0,0.0,0,398.21,0.0,1,28.29,30.08,SPY220930P00426000,426.0,0,0.0,0.0,,0.0,normalDay
2022-08-31,9895.0,-429.0,0.0,0,395.18,0.0,1,28.29,32.58,SPY220930P00426000,426.0,0,0.0,0.0,,0.0,normalDay
2022-09-01,9895.0,-333.0,0.0,0,396.42,0.0,1,28.29,31.62,SPY220930P00426000,426.0,0,0.0,0.0,,0.0,normalDay
2022-09-02,9895.0,-684.0,0.0,0,392.24,0.0,1,28.29,35.13,SPY220930P00426000,426.0,0,0.0,0.0,,0.0,normalDay
2022-09-06,9895.0,-924.0,0.0,0,390.76,0.0,1,28.29,37.53,SPY220930P00426000,426.0,0,0.0,0.0,,0.0,normalDay
2022-09-07,9895.0,-228.0,0.0,0,397.78,0.0,1,28.29,30.57,SPY220930P00426000,426.0,0,0.0,0.0,,0.0,normalDay
2022-09-08,9895.0,91.0,0.0,0,400.38,0.0,1,28.29,27.38,SPY220930P00426000,426.0,0,0.0,0.0,,0.0,normalDay
2022-09-09,9895.0,588.0,0.0,0,406.6,0.0,1,28.29,22.41,SPY220930P00426000,426.0,0,0.0,0.0,,0.0,normalDay
2022-09-12,9895.0,991.0,0.0,0,410.97,0.0,1,28.29,18.38,SPY220930P00426000,426.0,0,0.0,0.0,,0.0,normalDay
2022-09-13,9895.0,-619.0,0.0,0,393.1,0.0,1,28.29,34.48,SPY220930P00426000,426.0,0,0.0,0.0,,0.0,normalDay
2022-09-14,9895.0,-482.0,0.0,0,394.6,0.0,1,28.29,33.11,SPY220930P00426000,426.0,0,0.0,0.0,,0.0,normalDay
2022-09-15,9895.0,-842.0,0.0,0,390.12,0.0,1,28.29,36.71,SPY220930P00426000,426.0,0,0.0,0.0,,0.0,normalDay
2022-09-16,9895.0,-1195.0,0.0,0,385.56,0.0,1,28.29,40.24,SPY220930P00426000,426.0,0,0.0,0.0,,0.0,normalDay
2022-09-19,9895.0,-946.0,0.0,0,388.55,0.0,1,28.29,37.75,SPY220930P00426000,426.0,0,0.0,0.0,,0.0,normalDay
2022-09-20,9895.0,-1314.0,0.0,0,384.09,0.0,1,28.29,41.43,SPY220930P00426000,426.0,0,0.0,0.0,,0.0,normalDay
2022-09-21,9895.0,-2045.0,0.0,0,377.39,0.0,1,28.29,48.74,SPY220930P00426000,426.0,0,0.0,0.0,,0.0,normalDay
2022-09-22,9895.0,-2317.0,0.0,0,374.22,0.0,1,28.29,51.46,SPY220930P00426000,426.0,0,0.0,0.0,,0.0,normalDay
2022-09-23,9895.0,-3024.0,0.0,0,367.95,0.0,1,28.29,58.53,SPY220930P00426000,426.0,0,0.0,0.0,,0.0,normalDay
2022-09-26,9895.0,-3415.0,0.0,0,364.31,0.0,1,28.29,62.44,SPY220930P00426000,426.0,0,0.0,0.0,,0.0,normalDay
2022-09-27,9895.0,-3451.0,0.0,0,363.38,0.0,1,28.29,62.8,SPY220930P00426000,426.0,0,0.0,0.0,,0.0,normalDay
2022-09-28,9895.0,-2738.0,0.0,0,370.53,0.0,1,28.29,55.67,SPY220930P00426000,426.0,0,0.0,0.0,,0.0,normalDay
2022-09-29,9895.0,-3490.0,0.0,0,362.79,0.0,1,28.29,63.19,SPY220930P00426000,426.0,0,0.0,0.0,,0.0,normalDay
2022-09-30,12724.0,-6882.0,2829.0,100,357.18,426.0,1,28.29,0.0,SPY220930P00426000,426.0,0,0.0,0.0,,0.0,expirationDay
2022-10-03,12724.0,-5943.0,0.0,100,366.61,426.0,0,0.0,0.0,,0.0,1,2.23,2.27,SPY221216C00414000,414.0,normalDay
2022-10-04,12724.0,-4982.0,0.0,100,377.97,426.0,0,0.0,0.0,,0.0,1,2.23,4.02,SPY221216C00414000,414.0,normalDay
2022-10-05,12724.0,-5047.0,0.0,100,377.09,426.0,0,0.0,0.0,,0.0,1,2.23,3.79,SPY221216C00414000,414.0,normalDay
2022-10-06,12724.0,-5377.0,0.0,100,373.2,426.0,0,0.0,0.0,,0.0,1,2.23,3.2,SPY221216C00414000,414.0,normalDay
2022-10-07,12724.0,-6267.0,0.0,100,362.79,426.0,0,0.0,0.0,,0.0,1,2.23,1.69,SPY221216C00414000,414.0,normalDay
2022-10-10,12724.0,-6537.0,0.0,100,360.02,426.0,0,0.0,0.0,,0.0,1,2.23,1.62,SPY221216C00414000,414.0,normalDay
2022-10-11,12724.0,-6754.0,0.0,100,357.74,426.0,0,0.0,0.0,,0.0,1,2.23,1.51,SPY221216C00414000,414.0,normalDay
2022-10-12,12724.0,-6861.0,0.0,100,356.56,426.0,0,0.0,0.0,,0.0,1,2.23,1.4,SPY221216C00414000,414.0,normalDay
2022-10-13,12724.0,-6020.0,0.0,100,365.97,426.0,0,0.0,0.0,,0.0,1,2.23,2.4,SPY221216C00414000,414.0,normalDay
2022-10-14,12724.0,-6757.0,0.0,100,357.63,426.0,0,0.0,0.0,,0.0,1,2.23,1.43,SPY221216C00414000,414.0,normalDay
2022-10-17,12724.0,-5929.0,0.0,100,366.82,426.0,0,0.0,0.0,,0.0,1,2.23,2.34,SPY221216C00414000,414.0,normalDay
2022-10-18,12724.0,-5552.0,0.0,100,371.13,426.0,0,0.0,0.0,,0.0,1,2.23,2.88,SPY221216C00414000,414.0,normalDay
2022-10-19,12724.0,-5751.0,0.0,100,368.5,426.0,0,0.0,0.0,,0.0,1,2.23,2.24,SPY221216C00414000,414.0,normalDay
2022-10-20,12724.0,-6008.0,0.0,100,365.41,426.0,0,0.0,0.0,,0.0,1,2.23,1.72,SPY221216C00414000,414.0,normalDay
2022-10-21,12724.0,-5255.0,0.0,100,374.29,426.0,0,0.0,0.0,,0.0,1,2.23,3.07,SPY221216C00414000,414.0,normalDay
2022-10-24,12724.0,-4878.0,0.0,100,378.87,426.0,0,0.0,0.0,,0.0,1,2.23,3.88,SPY221216C00414000,414.0,normalDay
2022-10-25,12724.0,-4329.0,0.0,100,384.92,426.0,0,0.0,0.0,,0.0,1,2.23,4.44,SPY221216C00414000,414.0,normalDay
2022-10-26,12724.0,-4559.0,0.0,100,382.02,426.0,0,0.0,0.0,,0.0,1,2.23,3.84,SPY221216C00414000,414.0,normalDay
2022-10-27,12724.0,-4620.0,0.0,100,379.98,426.0,0,0.0,0.0,,0.0,1,2.23,2.41,SPY221216C00414000,414.0,normalDay
2022-10-28,12724.0,-3966.0,0.0,100,389.02,426.0,0,0.0,0.0,,0.0,1,2.23,4.91,SPY221216C00414000,414.0,normalDay
2022-10-31,12724.0,-4132.0,0.0,100,386.21,426.0,0,0.0,0.0,,0.0,1,2.23,3.76,SPY221216C00414000,414.0,normalDay
2022-11-01,12724.0,-4247.0,0.0,100,384.52,426.0,0,0.0,0.0,,0.0,1,2.23,3.22,SPY221216C00414000,414.0,normalDay
2022-11-02,12724.0,-5046.0,0.0,100,374.87,426.0,0,0.0,0.0,,0.0,1,2.23,1.56,SPY221216C00414000,414.0,normalDay
2022-11-03,12724.0,-5386.0,0.0,100,371.01,426.0,0,0.0,0.0,,0.0,1,2.23,1.1,SPY221216C00414000,414.0,normalDay
2022-11-04,12724.0,-4893.0,0.0,100,376.35,426.0,0,0.0,0.0,,0.0,1,2.23,1.51,SPY221216C00414000,414.0,normalDay
2022-11-07,12724.0,-4555.0,0.0,100,379.95,426.0,0,0.0,0.0,,0.0,1,2.23,1.73,SPY221216C00414000,414.0,normalDay
2022-11-08,12724.0,-4376.0,0.0,100,382.0,426.0,0,0.0,0.0,,0.0,1,2.23,1.99,SPY221216C00414000,414.0,normalDay
2022-11-09,12724.0,-5073.0,0.0,100,374.13,426.0,0,0.0,0.0,,0.0,1,2.23,1.09,SPY221216C00414000,414.0,normalDay
2022-11-10,12724.0,-3356.0,0.0,100,394.69,426.0,0,0.0,0.0,,0.0,1,2.23,4.48,SPY221216C00414000,414.0,normalDay
2022-11-11,12724.0,-2985.0,0.0,100,398.51,426.0,0,0.0,0.0,,0.0,1,2.23,4.59,SPY221216C00414000,414.0,normalDay
2022-11-14,12724.0,-3217.0,0.0,100,395.12,426.0,0,0.0,0.0,,0.0,1,2.23,3.52,SPY221216C00414000,414.0,normalDay
2022-11-15,12724.0,-2955.0,0.0,100,398.49,426.0,0,0.0,0.0,,0.0,1,2.23,4.27,SPY221216C00414000,414.0,normalDay
2022-11-16,12724.0,-3150.0,0.0,100,395.45,426.0,0,0.0,0.0,,0.0,1,2.23,3.18,SPY221216C00414000,414.0,normalDay
2022-11-17,12724.0,-3222.0,0.0,100,394.24,426.0,0,0.0,0.0,,0.0,1,2.23,2.69,SPY221216C00414000,414.0,normalDay
2022-11-18,12724.0,-3036.0,0.0,100,396.03,426.0,0,0.0,0.0,,0.0,1,2.23,2.62,SPY221216C00414000,414.0,normalDay
2022-11-21,12724.0,-3109.0,0.0,100,394.59,426.0,0,0.0,0.0,,0.0,1,2.23,1.91,SPY221216C00414000,414.0,normalDay
2022-11-22,12724.0,-2656.0,0.0,100,399.9,426.0,0,0.0,0.0,,0.0,1,2.23,2.69,SPY221216C00414000,414.0,normalDay
2022-11-23,12724.0,-2430.0,0.0,100,402.42,426.0,0,0.0,0.0,,0.0,1,2.23,2.95,SPY221216C00414000,414.0,normalDay
2022-11-25,12724.0,-2408.0,0.0,100,402.33,426.0,0,0.0,0.0,,0.0,1,2.23,2.64,SPY221216C00414000,414.0,normalDay
2022-11-28,12724.0,-2923.0,0.0,100,395.91,426.0,0,0.0,0.0,,0.0,1,2.23,1.37,SPY221216C00414000,414.0,normalDay
2022-11-29,12724.0,-2973.0,0.0,100,395.23,426.0,0,0.0,0.0,,0.0,1,2.23,1.19,SPY221216C00414000,414.0,normalDay
2022-11-30,12724.0,-2060.0,0.0,100,407.68,426.0,0,0.0,0.0,,0.0,1,2.23,4.51,SPY221216C00414000,414.0,normalDay
2022-12-01,12724.0,-2030.0,0.0,100,407.38,426.0,0,0.0,0.0,,0.0,1,2.23,3.91,SPY221216C00414000,414.0,normalDay
2022-12-02,12724.0,-2004.0,0.0,100,406.91,426.0,0,0.0,0.0,,0.0,1,2.23,3.18,SPY221216C00414000,414.0,normalDay
2022-12-05,12724.0,-2549.0,0.0,100,399.59,426.0,0,0.0,0.0,,0.0,1,2.23,1.31,SPY221216C00414000,414.0,normalDay
2022-12-06,12724.0,-3065.0,0.0,100,393.83,426.0,0,0.0,0.0,,0.0,1,2.23,0.71,SPY221216C00414000,414.0,normalDay
2022-12-07,12724.0,-3115.0,0.0,100,393.16,426.0,0,0.0,0.0,,0.0,1,2.23,0.54,SPY221216C00414000,414.0,normalDay
2022-12-08,12724.0,-2825.0,0.0,100,396.24,426.0,0,0.0,0.0,,0.0,1,2.23,0.72,SPY221216C00414000,414.0,normalDay
2022-12-09,12724.0,-3087.0,0.0,100,393.28,426.0,0,0.0,0.0,,0.0,1,2.23,0.38,SPY221216C00414000,414.0,normalDay
2022-12-12,12724.0,-2610.0,0.0,100,398.95,426.0,0,0.0,0.0,,0.0,1,2.23,1.28,SPY221216C00414000,414.0,normalDay
2022-12-13,12724.0,-2260.0,0.0,100,401.97,426.0,0,0.0,0.0,,0.0,1,2.23,0.8,SPY221216C00414000,414.0,normalDay
2022-12-14,12724.0,-2442.0,0.0,100,399.4,426.0,0,0.0,0.0,,0.0,1,2.23,0.05,SPY221216C00414000,414.0,normalDay
2022-12-15,12724.0,-3415.0,0.0,100,389.63,426.0,0,0.0,0.0,,0.0,1,2.23,0.01,SPY221216C00414000,414.0,normalDay
2022-12-16,12947.0,-4273.0,223.0,100,383.27,426.0,0,0.0,0.0,,0.0,1,2.23,0.0,SPY221216C00414000,414.0,expirationDay
2022-12-19,12947.0,-4602.0,0.0,100,380.02,426.0,0,0.0,0.0,,0.0,1,2.68,2.72,SPY230217C00412000,412.0,normalDay
2022-12-20,12947.0,-4544.0,0.0,100,380.54,426.0,0,0.0,0.0,,0.0,1,2.68,2.66,SPY230217C00412000,412.0,normalDay
2022-12-21,12947.0,-4060.0,0.0,100,386.23,426.0,0,0.0,0.0,,0.0,1,2.68,3.51,SPY230217C00412000,412.0,normalDay
2022-12-22,12947.0,-4523.0,0.0,100,380.72,426.0,0,0.0,0.0,,0.0,1,2.68,2.63,SPY230217C00412000,412.0,normalDay
2022-12-23,12947.0,-4312.0,0.0,100,382.91,426.0,0,0.0,0.0,,0.0,1,2.68,2.71,SPY230217C00412000,412.0,normalDay
2022-12-27,12947.0,-4432.0,0.0,100,381.4,426.0,0,0.0,0.0,,0.0,1,2.68,2.4,SPY230217C00412000,412.0,normalDay
2022-12-28,12947.0,-4833.0,0.0,100,376.66,426.0,0,0.0,0.0,,0.0,1,2.68,1.67,SPY230217C00412000,412.0,normalDay
2022-12-29,12947.0,-4238.0,0.0,100,383.44,426.0,0,0.0,0.0,,0.0,1,2.68,2.5,SPY230217C00412000,412.0,normalDay
2022-12-30,12947.0,-4316.0,0.0,100,382.43,426.0,0,0.0,0.0,,0.0,1,2.68,2.27,SPY230217C00412000,412.0,normalDay
2023-01-03,12947.0,-4423.0,0.0,100,380.82,426.0,0,0.0,0.0,,0.0,1,2.68,1.73,SPY230217C00412000,412.0,normalDay
2023-01-04,12947.0,-4159.0,0.0,100,383.76,426.0,0,0.0,0.0,,0.0,1,2.68,2.03,SPY230217C00412000,412.0,normalDay
2023-01-05,12947.0,-4529.0,0.0,100,379.38,426.0,0,0.0,0.0,,0.0,1,2.68,1.35,SPY230217C00412000,412.0,normalDay
2023-01-06,12947.0,-3768.0,0.0,100,388.08,426.0,0,0.0,0.0,,0.0,1,2.68,2.44,SPY230217C00412000,412.0,normalDay
2023-01-09,12947.0,-3783.0,0.0,100,387.86,426.0,0,0.0,0.0,,0.0,1,2.68,2.37,SPY230217C00412000,412.0,normalDay
2023-01-10,12947.0,-3527.0,0.0,100,390.58,426.0,0,0.0,0.0,,0.0,1,2.68,2.53,SPY230217C00412000,412.0,normalDay
2023-01-11,12947.0,-3175.0,0.0,100,395.52,426.0,0,0.0,0.0,,0.0,1,2.68,3.95,SPY230217C00412000,412.0,normalDay
2023-01-12,12947.0,-2977.0,0.0,100,396.96,426.0,0,0.0,0.0,,0.0,1,2.68,3.41,SPY230217C00412000,412.0,normalDay
2023-01-13,12947.0,-2809.0,0.0,100,398.5,426.0,0,0.0,0.0,,0.0,1,2.68,3.27,SPY230217C00412000,412.0,normalDay
2023-01-17,12947.0,-2844.0,0.0,100,397.77,426.0,0,0.0,0.0,,0.0,1,2.68,2.89,SPY230217C00412000,412.0,normalDay
2023-01-18,12947.0,-3336.0,0.0,100,391.49,426.0,0,0.0,0.0,,0.0,1,2.68,1.53,SPY230217C00412000,412.0,normalDay
2023-01-19,12947.0,-3568.0,0.0,100,388.64,426.0,0,0.0,0.0,,0.0,1,2.68,1.0,SPY230217C00412000,412.0,normalDay
2023-01-20,12947.0,-2953.0,0.0,100,395.88,426.0,0,0.0,0.0,,0.0,1,2.68,2.09,SPY230217C00412000,412.0,normalDay
2023-01-23,12947.0,-2589.0,0.0,100,400.63,426.0,0,0.0,0.0,,0.0,1,2.68,3.2,SPY230217C00412000,412.0,normalDay
2023-01-24,12947.0,-2636.0,0.0,100,400.2,426.0,0,0.0,0.0,,0.0,1,2.68,3.24,SPY230217C00412000,412.0,normalDay
2023-01-25,12947.0,-2577.0,0.0,100,400.35,426.0,0,0.0,0.0,,0.0,1,2.68,2.8,SPY230217C00412000,412.0,normalDay
2023-01-26,12947.0,-2261.0,0.0,100,404.75,426.0,0,0.0,0.0,,0.0,1,2.68,4.04,SPY230217C00412000,412.0,normalDay
2023-01-27,12947.0,-2194.0,0.0,100,405.68,426.0,0,0.0,0.0,,0.0,1,2.68,4.3,SPY230217C00412000,412.0,normalDay
2023-01-30,12947.0,-2558.0,0.0,100,400.59,426.0,0,0.0,0.0,,0.0,1,2.68,2.85,SPY230217C00412000,412.0,normalDay
2023-01-31,12947.0,-2120.0,0.0,100,406.48,426.0,0,0.0,0.0,,0.0,1,2.68,4.36,SPY230217C00412000,412.0,normalDay
2023-02-01,12947.0,-1880.0,0.0,100,410.8,426.0,0,0.0,0.0,,0.0,1,2.68,6.28,SPY230217C00412000,412.0,normalDay
2023-02-02,12947.0,-1509.0,0.0,100,416.78,426.0,0,0.0,0.0,,0.0,1,2.68,8.55,SPY230217C00412000,412.0,normalDay
2023-02-03,12947.0,-1723.0,0.0,100,412.35,426.0,0,0.0,0.0,,0.0,1,2.68,6.26,SPY230217C00412000,412.0,normalDay
2023-02-06,12947.0,-1834.0,0.0,100,409.83,426.0,0,0.0,0.0,,0.0,1,2.68,4.85,SPY230217C00412000,412.0,normalDay
2023-02-07,12947.0,-1509.0,0.0,100,415.19,426.0,0,0.0,0.0,,0.0,1,2.68,6.96,SPY230217C00412000,412.0,normalDay
2023-02-08,12947.0,-1757.0,0.0,100,410.65,426.0,0,0.0,0.0,,0.0,1,2.68,4.9,SPY230217C00412000,412.0,normalDay
2023-02-09,12947.0,-1974.0,0.0,100,407.09,426.0,0,0.0,0.0,,0.0,1,2.68,3.51,SPY230217C00412000,412.0,normalDay
2023-02-10,12947.0,-1852.0,0.0,100,408.04,426.0,0,0.0,0.0,,0.0,1,2.68,3.24,SPY230217C00412000,412.0,normalDay
2023-02-13,12947.0,-1569.0,0.0,100,412.83,426.0,0,0.0,0.0,,0.0,1,2.68,5.2,SPY230217C00412000,412.0,normalDay
2023-02-14,12947.0,-1382.0,0.0,100,412.64,426.0,0,0.0,0.0,,0.0,1,2.68,3.14,SPY230217C00412000,412.0,normalDay
2023-02-15,12947.0,-1297.0,0.0,100,413.98,426.0,0,0.0,0.0,,0.0,1,2.68,3.63,SPY230217C00412000,412.0,normalDay
2023-02-16,12947.0,-1566.0,0.0,100,408.28,426.0,0,0.0,0.0,,0.0,1,2.68,0.62,SPY230217C00412000,412.0,normalDay
2023-02-17,13215.0,-1874.0,268.0,100,407.26,426.0,0,0.0,0.0,,0.0,1,2.68,0.0,SPY230217C00412000,412.0,expirationDay
2023-02-21,13215.0,-2697.0,0.0,100,399.09,426.0,0,0.0,0.0,,0.0,1,7.13,7.19,SPY230519C00419000,419.0,normalDay
2023-02-22,13215.0,-2693.0,0.0,100,398.54,426.0,0,0.0,0.0,,0.0,1,7.13,6.6,SPY230519C00419000,419.0,normalDay
2023-02-23,13215.0,-2494.0,0.0,100,400.66,426.0,0,0.0,0.0,,0.0,1,7.13,6.73,SPY230519C00419000,419.0,normalDay
2023-02-24,13215.0,-2804.0,0.0,100,396.38,426.0,0,0.0,0.0,,0.0,1,7.13,5.55,SPY230519C00419000,419.0,normalDay
2023-02-27,13215.0,-2675.0,0.0,100,397.73,426.0,0,0.0,0.0,,0.0,1,7.13,5.61,SPY230519C00419000,419.0,normalDay
2023-02-28,13215.0,-2737.0,0.0,100,396.26,426.0,0,0.0,0.0,,0.0,1,7.13,4.76,SPY230519C00419000,419.0,normalDay
2023-03-01,13215.0,-2860.0,0.0,100,394.74,426.0,0,0.0,0.0,,0.0,1,7.13,4.47,SPY230519C00419000,419.0,normalDay
2023-03-02,13215.0,-2612.0,0.0,100,397.81,426.0,0,0.0,0.0,,0.0,1,7.13,5.06,SPY230519C00419000,419.0,normalDay
2023-03-03,13215.0,-2177.0,0.0,100,404.19,426.0,0,0.0,0.0,,0.0,1,7.13,7.09,SPY230519C00419000,419.0,normalDay
2023-03-06,13215.0,-2132.0,0.0,100,404.47,426.0,0,0.0,0.0,,0.0,1,7.13,6.92,SPY230519C00419000,419.0,normalDay
2023-03-07,13215.0,-2550.0,0.0,100,398.27,426.0,0,0.0,0.0,,0.0,1,7.13,4.9,SPY230519C00419000,419.0,normalDay
2023-03-08,13215.0,-2472.0,0.0,100,398.92,426.0,0,0.0,0.0,,0.0,1,7.13,4.77,SPY230519C00419000,419.0,normalDay
2023-03-09,13215.0,-3074.0,0.0,100,391.56,426.0,0,0.0,0.0,,0.0,1,7.13,3.43,SPY230519C00419000,419.0,normalDay
2023-03-10,13215.0,-3529.0,0.0,100,385.91,426.0,0,0.0,0.0,,0.0,1,7.13,2.33,SPY230519C00419000,419.0,normalDay
2023-03-13,13215.0,-3599.0,0.0,100,385.36,426.0,0,0.0,0.0,,0.0,1,7.13,2.48,SPY230519C00419000,419.0,normalDay
2023-03-14,13215.0,-3014.0,0.0,100,391.73,426.0,0,0.0,0.0,,0.0,1,7.13,3.0,SPY230519C00419000,419.0,normalDay
2023-03-15,13215.0,-3231.0,0.0,100,389.28,426.0,0,0.0,0.0,,0.0,1,7.13,2.72,SPY230519C00419000,419.0,normalDay
2023-03-16,13215.0,-2656.0,0.0,100,396.11,426.0,0,0.0,0.0,,0.0,1,7.13,3.8,SPY230519C00419000,419.0,normalDay
2023-03-17,13215.0,-3223.0,0.0,100,389.99,426.0,0,0.0,0.0,,0.0,1,7.13,3.35,SPY230519C00419000,419.0,normalDay
2023-03-20,13215.0,-2874.0,0.0,100,393.74,426.0,0,0.0,0.0,,0.0,1,7.13,3.61,SPY230519C00419000,419.0,normalDay
2023-03-21,13215.0,-2457.0,0.0,100,398.91,426.0,0,0.0,0.0,,0.0,1,7.13,4.61,SPY230519C00419000,419.0,normalDay
2023-03-22,13215.0,-2955.0,0.0,100,392.11,426.0,0,0.0,0.0,,0.0,1,7.13,2.79,SPY230519C00419000,419.0,normalDay
2023-03-23,13215.0,-2872.0,0.0,100,393.17,426.0,0,0.0,0.0,,0.0,1,7.13,3.02,SPY230519C00419000,419.0,normalDay
2023-03-24,13215.0,-2649.0,0.0,100,395.75,426.0,0,0.0,0.0,,0.0,1,7.13,3.37,SPY230519C00419000,419.0,normalDay
2023-03-27,13215.0,-2542.0,0.0,100,396.49,426.0,0,0.0,0.0,,0.0,1,7.13,3.04,SPY230519C00419000,419.0,normalDay
2023-03-28,13215.0,-2597.0,0.0,100,395.6,426.0,0,0.0,0.0,,0.0,1,7.13,2.7,SPY230519C00419000,419.0,normalDay
2023-03-29,13215.0,-2137.0,0.0,100,401.35,426.0,0,0.0,0.0,,0.0,1,7.13,3.85,SPY230519C00419000,419.0,normalDay
2023-03-30,13215.0,-1959.0,0.0,100,403.7,426.0,0,0.0,0.0,,0.0,1,7.13,4.42,SPY230519C00419000,419.0,normalDay
2023-03-31,13215.0,-1611.0,0.0,100,409.39,426.0,0,0.0,0.0,,0.0,1,7.13,6.63,SPY230519C00419000,419.0,normalDay
2023-04-03,13215.0,-1470.0,0.0,100,410.95,426.0,0,0.0,0.0,,0.0,1,7.13,6.78,SPY230519C00419000,419.0,normalDay
2023-04-04,13215.0,-1590.0,0.0,100,408.67,426.0,0,0.0,0.0,,0.0,1,7.13,5.7,SPY230519C00419000,419.0,normalDay
2023-04-05,13215.0,-1635.0,0.0,100,407.6,426.0,0,0.0,0.0,,0.0,1,7.13,5.08,SPY230519C00419000,419.0,normalDay
2023-04-06,13215.0,-1504.0,0.0,100,409.19,426.0,0,0.0,0.0,,0.0,1,7.13,5.36,SPY230519C00419000,419.0,normalDay
2023-04-10,13215.0,-1465.0,0.0,100,409.61,426.0,0,0.0,0.0,,0.0,1,7.13,5.39,SPY230519C00419000,419.0,normalDay
2023-04-11,13215.0,-1442.0,0.0,100,409.72,426.0,0,0.0,0.0,,0.0,1,7.13,5.27,SPY230519C00419000,419.0,normalDay
2023-04-12,13215.0,-1499.0,0.0,100,408.05,426.0,0,0.0,0.0,,0.0,1,7.13,4.17,SPY230519C00419000,419.0,normalDay
2023-04-13,13215.0,-1147.0,0.0,100,413.47,426.0,0,0.0,0.0,,0.0,1,7.13,6.07,SPY230519C00419000,419.0,normalDay
2023-04-14,13215.0,-1165.0,0.0,100,412.46,426.0,0,0.0,0.0,,0.0,1,7.13,5.24,SPY230519C00419000,419.0,normalDay
2023-04-17,13215.0,-1036.0,0.0,100,413.94,426.0,0,0.0,0.0,,0.0,1,7.13,5.43,SPY230519C00419000,419.0,normalDay
2023-04-18,13215.0,-979.0,0.0,100,414.21,426.0,0,0.0,0.0,,0.0,1,7.13,5.13,SPY230519C00419000,419.0,normalDay
2023-04-19,13215.0,-962.0,0.0,100,414.14,426.0,0,0.0,0.0,,0.0,1,7.13,4.89,SPY230519C00419000,419.0,normalDay
2023-04-20,13215.0,-1097.0,0.0,100,411.88,426.0,0,0.0,0.0,,0.0,1,7.13,3.98,SPY230519C00419000,419.0,normalDay
2023-04-21,13215.0,-1034.0,0.0,100,412.2,426.0,0,0.0,0.0,,0.0,1,7.13,3.67,SPY230519C00419000,419.0,normalDay
2023-04-24,13215.0,-980.0,0.0,100,412.63,426.0,0,0.0,0.0,,0.0,1,7.13,3.56,SPY230519C00419000,419.0,normalDay
2023-04-25,13215.0,-1483.0,0.0,100,406.08,426.0,0,0.0,0.0,,0.0,1,7.13,2.04,SPY230519C00419000,419.0,normalDay
2023-04-26,13215.0,-1576.0,0.0,100,404.36,426.0,0,0.0,0.0,,0.0,1,7.13,1.25,SPY230519C00419000,419.0,normalDay
2023-04-27,13215.0,-980.0,0.0,100,412.41,426.0,0,0.0,0.0,,0.0,1,7.13,3.34,SPY230519C00419000,419.0,normalDay
2023-04-28,13215.0,-715.0,0.0,100,415.93,426.0,0,0.0,0.0,,0.0,1,7.13,4.21,SPY230519C00419000,419.0,normalDay
2023-05-01,13215.0,-704.0,0.0,100,415.51,426.0,0,0.0,0.0,,0.0,1,7.13,3.68,SPY230519C00419000,419.0,normalDay
2023-05-02,13215.0,-1014.0,0.0,100,410.84,426.0,0,0.0,0.0,,0.0,1,7.13,2.11,SPY230519C00419000,419.0,normalDay
2023-05-03,13215.0,-1229.0,0.0,100,408.02,426.0,0,0.0,0.0,,0.0,1,7.13,1.44,SPY230519C00419000,419.0,normalDay
2023-05-04,13215.0,-1447.0,0.0,100,405.13,426.0,0,0.0,0.0,,0.0,1,7.13,0.73,SPY230519C00419000,419.0,normalDay
2023-05-05,13215.0,-790.0,0.0,100,412.63,426.0,0,0.0,0.0,,0.0,1,7.13,1.66,SPY230519C00419000,419.0,normalDay
2023-05-08,13215.0,-746.0,0.0,100,412.74,426.0,0,0.0,0.0,,0.0,1,7.13,1.33,SPY230519C00419000,419.0,normalDay
2023-05-09,13215.0,-897.0,0.0,100,410.93,426.0,0,0.0,0.0,,0.0,1,7.13,1.03,SPY230519C00419000,419.0,normalDay
2023-05-10,13215.0,-706.0,0.0,100,412.85,426.0,0,0.0,0.0,,0.0,1,7.13,1.04,SPY230519C00419000,419.0,normalDay
2023-05-11,13215.0,-731.0,0.0,100,412.13,426.0,0,0.0,0.0,,0.0,1,7.13,0.57,SPY230519C00419000,419.0,normalDay
2023-05-12,13215.0,-753.0,0.0,100,411.59,426.0,0,0.0,0.0,,0.0,1,7.13,0.25,SPY230519C00419000,419.0,normalDay
2023-05-15,13215.0,-616.0,0.0,100,413.01,426.0,0,0.0,0.0,,0.0,1,7.13,0.3,SPY230519C00419000,419.0,normalDay
2023-05-16,13215.0,-872.0,0.0,100,410.25,426.0,0,0.0,0.0,,0.0,1,7.13,0.1,SPY230519C00419000,419.0,normalDay
2023-05-17,13215.0,-405.0,0.0,100,415.23,426.0,0,0.0,0.0,,0.0,1,7.13,0.41,SPY230519C00419000,419.0,normalDay
2023-05-18,13215.0,-101.0,0.0,100,419.23,426.0,0,0.0,0.0,,0.0,1,7.13,1.37,SPY230519C00419000,419.0,normalDay
2023-05-19,13928.0,-738.0,713.0,100,418.62,426.0,0,0.0,0.0,,0.0,1,7.13,0.0,SPY230519C00419000,419.0,expirationDay
2023-05-22,13928.0,-726.0,0.0,100,418.79,426.0,0,0.0,0.0,,0.0,1,9.53,9.58,SPY230721C00421000,421.0,normalDay
2023-05-23,13928.0,-955.0,0.0,100,414.09,426.0,0,0.0,0.0,,0.0,1,9.53,7.17,SPY230721C00421000,421.0,normalDay
2023-05-24,13928.0,-1147.0,0.0,100,411.09,426.0,0,0.0,0.0,,0.0,1,9.53,6.09,SPY230721C00421000,421.0,normalDay
2023-05-25,13928.0,-905.0,0.0,100,414.65,426.0,0,0.0,0.0,,0.0,1,9.53,7.23,SPY230721C00421000,421.0,normalDay
2023-05-26,13928.0,-638.0,0.0,100,420.02,426.0,0,0.0,0.0,,0.0,1,9.53,9.93,SPY230721C00421000,421.0,normalDay
2023-05-30,13928.0,-580.0,0.0,100,420.18,426.0,0,0.0,0.0,,0.0,1,9.53,9.51,SPY230721C00421000,421.0,normalDay
2023-05-31,13928.0,-640.0,0.0,100,417.85,426.0,0,0.0,0.0,,0.0,1,9.53,7.78,SPY230721C00421000,421.0,normalDay
2023-06-01,13928.0,-421.0,0.0,100,421.82,426.0,0,0.0,0.0,,0.0,1,9.53,9.56,SPY230721C00421000,421.0,normalDay
2023-06-02,13928.0,-195.0,0.0,100,427.92,426.0,0,0.0,0.0,,0.0,1,9.53,13.4,SPY230721C00421000,421.0,normalDay
2023-06-05,13928.0,-191.0,0.0,100,427.1,426.0,0,0.0,0.0,,0.0,1,9.53,12.54,SPY230721C00421000,421.0,normalDay
2023-06-06,13928.0,-139.0,0.0,100,428.03,426.0,0,0.0,0.0,,0.0,1,9.53,12.95,SPY230721C00421000,421.0,normalDay
2023-06-07,13928.0,-142.0,0.0,100,426.55,426.0,0,0.0,0.0,,0.0,1,9.53,11.5,SPY230721C00421000,421.0,normalDay
2023-06-08,13928.0,-22.0,0.0,100,429.13,426.0,0,0.0,0.0,,0.0,1,9.53,12.88,SPY230721C00421000,421.0,normalDay
2023-06-09,13928.0,-41.0,0.0,100,429.9,426.0,0,0.0,0.0,,0.0,1,9.53,13.84,SPY230721C00421000,421.0,normalDay
2023-06-12,13928.0,66.0,0.0,100,433.8,426.0,0,0.0,0.0,,0.0,1,9.53,16.67,SPY230721C00421000,421.0,normalDay
2023-06-13,13928.0,116.0,0.0,100,436.66,426.0,0,0.0,0.0,,0.0,1,9.53,19.03,SPY230721C00421000,421.0,normalDay
2023-06-14,13928.0,126.0,0.0,100,437.18,426.0,0,0.0,0.0,,0.0,1,9.53,19.45,SPY230721C00421000,421.0,normalDay
2023-06-15,13928.0,262.0,0.0,100,442.6,426.0,0,0.0,0.0,,0.0,1,9.53,23.51,SPY230721C00421000,421.0,normalDay
2023-06-16,13928.0,26.0,0.0,100,439.46,426.0,0,0.0,0.0,,0.0,1,9.53,22.73,SPY230721C00421000,421.0,normalDay
2023-06-20,13928.0,100.0,0.0,100,437.18,426.0,0,0.0,0.0,,0.0,1,9.53,19.71,SPY230721C00421000,421.0,normalDay
2023-06-21,13928.0,45.0,0.0,100,434.94,426.0,0,0.0,0.0,,0.0,1,9.53,18.02,SPY230721C00421000,421.0,normalDay
2023-06-22,13928.0,132.0,0.0,100,436.51,426.0,0,0.0,0.0,,0.0,1,9.53,18.72,SPY230721C00421000,421.0,normalDay
2023-06-23,13928.0,71.0,0.0,100,433.21,426.0,0,0.0,0.0,,0.0,1,9.53,16.03,SPY230721C00421000,421.0,normalDay
2023-06-26,13928.0,51.0,0.0,100,431.44,426.0,0,0.0,0.0,,0.0,1,9.53,14.46,SPY230721C00421000,421.0,normalDay
2023-06-27,13928.0,175.0,0.0,100,436.17,426.0,0,0.0,0.0,,0.0,1,9.53,17.95,SPY230721C00421000,421.0,normalDay
2023-06-28,13928.0,138.0,0.0,100,436.39,426.0,0,0.0,0.0,,0.0,1,9.53,18.54,SPY230721C00421000,421.0,normalDay
2023-06-29,13928.0,213.0,0.0,100,438.11,426.0,0,0.0,0.0,,0.0,1,9.53,19.51,SPY230721C00421000,421.0,normalDay
2023-06-30,13928.0,241.0,0.0,100,443.28,426.0,0,0.0,0.0,,0.0,1,9.53,24.4,SPY230721C00421000,421.0,normalDay
2023-07-03,13928.0,248.0,0.0,100,443.79,426.0,0,0.0,0.0,,0.0,1,9.53,24.84,SPY230721C00421000,421.0,normalDay
2023-07-05,13928.0,299.0,0.0,100,443.13,426.0,0,0.0,0.0,,0.0,1,9.53,23.67,SPY230721C00421000,421.0,normalDay
2023-07-06,13928.0,279.0,0.0,100,439.66,426.0,0,0.0,0.0,,0.0,1,9.53,20.4,SPY230721C00421000,421.0,normalDay
2023-07-07,13928.0,274.0,0.0,100,438.55,426.0,0,0.0,0.0,,0.0,1,9.53,19.34,SPY230721C00421000,421.0,normalDay
2023-07-10,13928.0,310.0,0.0,100,439.66,426.0,0,0.0,0.0,,0.0,1,9.53,20.09,SPY230721C00421000,421.0,normalDay
2023-07-11,13928.0,362.0,0.0,100,442.46,426.0,0,0.0,0.0,,0.0,1,9.53,22.37,SPY230721C00421000,421.0,normalDay
2023-07-12,13928.0,336.0,0.0,100,446.02,426.0,0,0.0,0.0,,0.0,1,9.53,26.19,SPY230721C00421000,421.0,normalDay
2023-07-13,13928.0,399.0,0.0,100,449.56,426.0,0,0.0,0.0,,0.0,1,9.53,29.1,SPY230721C00421000,421.0,normalDay
2023-07-14,13928.0,428.0,0.0,100,449.28,426.0,0,0.0,0.0,,0.0,1,9.53,28.53,SPY230721C00421000,421.0,normalDay
2023-07-17,13928.0,445.0,0.0,100,450.84,426.0,0,0.0,0.0,,0.0,1,9.53,29.92,SPY230721C00421000,421.0,normalDay
2023-07-18,13928.0,428.0,0.0,100,454.19,426.0,0,0.0,0.0,,0.0,1,9.53,33.44,SPY230721C00421000,421.0,normalDay
2023-07-19,13928.0,433.0,0.0,100,455.2,426.0,0,0.0,0.0,,0.0,1,9.53,34.4,SPY230721C00421000,421.0,normalDay
2023-07-20,13928.0,405.0,0.0,100,452.18,426.0,0,0.0,0.0,,0.0,1,9.53,31.66,SPY230721C00421000,421.0,normalDay
2023-07-21,14381.0,405.0,453.0,0,452.18,0.0,0,0.0,0.0,,0.0,1,9.53,0.0,SPY230721C00421000,421.0,expirationDay
2023-07-24,14381.0,-11.0,0.0,0,454.2,0.0,1,8.19,8.3,SPY240119P00430000,430.0,0,0.0,0.0,,0.0,normalDay
2023-07-25,14381.0,9.0,0.0,0,455.44,0.0,1,8.19,8.1,SPY240119P00430000,430.0,0,0.0,0.0,,0.0,normalDay
2023-07-26,14381.0,28.0,0.0,0,455.51,0.0,1,8.19,7.91,SPY240119P00430000,430.0,0,0.0,0.0,,0.0,normalDay
2023-07-27,14381.0,-62.0,0.0,0,452.49,0.0,1,8.19,8.81,SPY240119P00430000,430.0,0,0.0,0.0,,0.0,normalDay
2023-07-28,14381.0,34.0,0.0,0,456.92,0.0,1,8.19,7.85,SPY240119P00430000,430.0,0,0.0,0.0,,0.0,normalDay
2023-07-31,14381.0,46.0,0.0,0,457.79,0.0,1,8.19,7.73,SPY240119P00430000,430.0,0,0.0,0.0,,0.0,normalDay
2023-08-01,14381.0,8.0,0.0,0,456.48,0.0,1,8.19,8.11,SPY240119P00430000,430.0,0,0.0,0.0,,0.0,normalDay
2023-08-02,14381.0,-184.0,0.0,0,450.13,0.0,1,8.19,10.03,SPY240119P00430000,430.0,0,0.0,0.0,,0.0,normalDay
2023-08-03,14381.0,-178.0,0.0,0,448.84,0.0,1,8.19,9.97,SPY240119P00430000,430.0,0,0.0,0.0,,0.0,normalDay
2023-08-04,14381.0,-286.0,0.0,0,446.81,0.0,1,8.19,11.05,SPY240119P00430000,430.0,0,0.0,0.0,,0.0,normalDay
2023-08-07,14381.0,-130.0,0.0,0,450.71,0.0,1,8.19,9.49,SPY240119P00430000,430.0,0,0.0,0.0,,0.0,normalDay
2023-08-08,14381.0,-199.0,0.0,0,448.75,0.0,1,8.19,10.18,SPY240119P00430000,430.0,0,0.0,0.0,,0.0,normalDay
2023-08-09,14381.0,-244.0,0.0,0,445.75,0.0,1,8.19,10.63,SPY240119P00430000,430.0,0,0.0,0.0,,0.0,normalDay
2023-08-10,14381.0,-255.0,0.0,0,445.91,0.0,1,8.19,10.74,SPY240119P00430000,430.0,0,0.0,0.0,,0.0,normalDay
2023-08-11,14381.0,-225.0,0.0,0,445.65,0.0,1,8.19,10.44,SPY240119P00430000,430.0,0,0.0,0.0,,0.0,normalDay
2023-08-14,14381.0,-141.0,0.0,0,448.11,0.0,1,8.19,9.6,SPY240119P00430000,430.0,0,0.0,0.0,,0.0,normalDay
2023-08-15,14381.0,-322.0,0.0,0,442.89,0.0,1,8.19,11.41,SPY240119P00430000,430.0,0,0.0,0.0,,0.0,normalDay
2023-08-16,14381.0,-425.0,0.0,0,439.64,0.0,1,8.19,12.44,SPY240119P00430000,430.0,0,0.0,0.0,,0.0,normalDay
2023-08-17,14381.0,-571.0,0.0,0,436.29,0.0,1,8.19,13.9,SPY240119P00430000,430.0,0,0.0,0.0,,0.0,normalDay
2023-08-18,14381.0,-529.0,0.0,0,436.5,0.0,1,8.19,13.48,SPY240119P00430000,430.0,0,0.0,0.0,,0.0,normalDay
2023-08-21,14381.0,-423.0,0.0,0,439.34,0.0,1,8.19,12.42,SPY240119P00430000,430.0,0,0.0,0.0,,0.0,normalDay
2023-08-22,14381.0,-437.0,0.0,0,438.15,0.0,1,8.19,12.56,SPY240119P00430000,430.0,0,0.0,0.0,,0.0,normalDay
2023-08-23,14381.0,-267.0,0.0,0,443.03,0.0,1,8.19,10.86,SPY240119P00430000,430.0,0,0.0,0.0,,0.0,normalDay
2023-08-24,14381.0,-477.0,0.0,0,436.89,0.0,1,8.19,12.96,SPY240119P00430000,430.0,0,0.0,0.0,,0.0,normalDay
2023-08-25,14381.0,-321.0,0.0,0,439.97,0.0,1,8.19,11.4,SPY240119P00430000,430.0,0,0.0,0.0,,0.0,normalDay
2023-08-28,14381.0,-200.0,0.0,0,442.76,0.0,1,8.19,10.19,SPY240119P00430000,430.0,0,0.0,0.0,,0.0,normalDay
2023-08-29,14381.0,-17.0,0.0,0,449.16,0.0,1,8.19,8.36,SPY240119P00430000,430.0,0,0.0,0.0,,0.0,normalDay
2023-08-30,14381.0,48.0,0.0,0,451.01,0.0,1,8.19,7.71,SPY240119P00430000,430.0,0,0.0,0.0,,0.0,normalDay
2023-08-31,14381.0,63.0,0.0,0,450.35,0.0,1,8.19,7.56,SPY240119P00430000,430.0,0,0.0,0.0,,0.0,normalDay
2023-09-01,14381.0,83.0,0.0,0,451.19,0.0,1,8.19,7.36,SPY240119P00430000,430.0,0,0.0,0.0,,0.0,normalDay
2023-09-05,14381.0,49.0,0.0,0,449.24,0.0,1,8.19,7.7,SPY240119P00430000,430.0,0,0.0,0.0,,0.0,normalDay
2023-09-06,14381.0,-44.0,0.0,0,446.22,0.0,1,8.19,8.63,SPY240119P00430000,430.0,0,0.0,0.0,,0.0,normalDay
2023-09-07,14381.0,-67.0,0.0,0,444.85,0.0,1,8.19,8.86,SPY240119P00430000,430.0,0,0.0,0.0,,0.0,normalDay
2023-09-08,14381.0,-7.0,0.0,0,445.52,0.0,1,8.19,8.26,SPY240119P00430000,430.0,0,0.0,0.0,,0.0,normalDay
2023-09-11,14381.0,81.0,0.0,0,448.45,0.0,1,8.19,7.38,SPY240119P00430000,430.0,0,0.0,0.0,,0.0,normalDay
2023-09-12,14381.0,27.0,0.0,0,445.99,0.0,1,8.19,7.92,SPY240119P00430000,430.0,0,0.0,0.0,,0.0,normalDay
2023-09-13,14381.0,65.0,0.0,0,446.51,0.0,1,8.19,7.54,SPY240119P00430000,430.0,0,0.0,0.0,,0.0,normalDay
2023-09-14,14381.0,176.0,0.0,0,450.36,0.0,1,8.19,6.43,SPY240119P00430000,430.0,0,0.0,0.0,,0.0,normalDay
2023-09-15,14381.0,25.0,0.0,0,443.37,0.0,1,8.19,7.94,SPY240119P00430000,430.0,0,0.0,0.0,,0.0,normalDay
2023-09-18,14381.0,45.0,0.0,0,443.63,0.0,1,8.19,7.74,SPY240119P00430000,430.0,0,0.0,0.0,,0.0,normalDay
2023-09-19,14381.0,34.0,0.0,0,442.71,0.0,1,8.19,7.85,SPY240119P00430000,430.0,0,0.0,0.0,,0.0,normalDay
2023-09-20,14381.0,-113.0,0.0,0,438.64,0.0,1,8.19,9.32,SPY240119P00430000,430.0,0,0.0,0.0,,0.0,normalDay
2023-09-21,14381.0,-409.0,0.0,0,431.39,0.0,1,8.19,12.28,SPY240119P00430000,430.0,0,0.0,0.0,,0.0,normalDay
2023-09-22,14381.0,-443.0,0.0,0,430.42,0.0,1,8.19,12.62,SPY240119P00430000,430.0,0,0.0,0.0,,0.0,normalDay
2023-09-25,14381.0,-369.0,0.0,0,432.23,0.0,1,8.19,11.88,SPY240119P00430000,430.0,0,0.0,0.0,,0.0,normalDay
2023-09-26,14381.0,-688.0,0.0,0,425.88,0.0,1,8.19,15.07,SPY240119P00430000,430.0,0,0.0,0.0,,0.0,normalDay
2023-09-27,14381.0,-640.0,0.0,0,426.05,0.0,1,8.19,14.59,SPY240119P00430000,430.0,0,0.0,0.0,,0.0,normalDay
2023-09-28,14381.0,-519.0,0.0,0,428.52,0.0,1,8.19,13.38,SPY240119P00430000,430.0,0,0.0,0.0,,0.0,normalDay
2023-09-29,14381.0,-546.0,0.0,0,427.48,0.0,1,8.19,13.65,SPY240119P00430000,430.0,0,0.0,0.0,,0.0,normalDay
2023-10-02,14381.0,-540.0,0.0,0,427.31,0.0,1,8.19,13.59,SPY240119P00430000,430.0,0,0.0,0.0,,0.0,normalDay
2023-10-03,14381.0,-880.0,0.0,0,421.59,0.0,1,8.19,16.99,SPY240119P00430000,430.0,0,0.0,0.0,,0.0,normalDay
2023-10-04,14381.0,-718.0,0.0,0,424.66,0.0,1,8.19,15.37,SPY240119P00430000,430.0,0,0.0,0.0,,0.0,normalDay
2023-10-05,14381.0,-729.0,0.0,0,424.5,0.0,1,8.19,15.48,SPY240119P00430000,430.0,0,0.0,0.0,,0.0,normalDay
2023-10-06,14381.0,-446.0,0.0,0,429.54,0.0,1,8.19,12.65,SPY240119P00430000,430.0,0,0.0,0.0,,0.0,normalDay
2023-10-09,14381.0,-340.0,0.0,0,432.29,0.0,1,8.19,11.59,SPY240119P00430000,430.0,0,0.0,0.0,,0.0,normalDay
2023-10-10,14381.0,-231.0,0.0,0,434.54,0.0,1,8.19,10.5,SPY240119P00430000,430.0,0,0.0,0.0,,0.0,normalDay
2023-10-11,14381.0,-116.0,0.0,0,436.32,0.0,1,8.19,9.35,SPY240119P00430000,430.0,0,0.0,0.0,,0.0,normalDay
2023-10-12,14381.0,-226.0,0.0,0,433.66,0.0,1,8.19,10.45,SPY240119P00430000,430.0,0,0.0,0.0,,0.0,normalDay
2023-10-13,14381.0,-432.0,0.0,0,431.5,0.0,1,8.19,12.51,SPY240119P00430000,430.0,0,0.0,0.0,,0.0,normalDay
2023-10-16,14381.0,-157.0,0.0,0,436.04,0.0,1,8.19,9.76,SPY240119P00430000,430.0,0,0.0,0.0,,0.0,normalDay
2023-10-17,14381.0,-187.0,0.0,0,436.02,0.0,1,8.19,10.06,SPY240119P00430000,430.0,0,0.0,0.0,,0.0,normalDay
2023-10-18,14381.0,-424.0,0.0,0,430.21,0.0,1,8.19,12.43,SPY240119P00430000,430.0,0,0.0,0.0,,0.0,normalDay
2023-10-19,14381.0,-708.0,0.0,0,426.43,0.0,1,8.19,15.27,SPY240119P00430000,430.0,0,0.0,0.0,,0.0,normalDay
2023-10-20,14381.0,-910.0,0.0,0,421.19,0.0,1,8.19,17.29,SPY240119P00430000,430.0,0,0.0,0.0,,0.0,normalDay
2023-10-23,14381.0,-847.0,0.0,0,420.46,0.0,1,8.19,16.66,SPY240119P00430000,430.0,0,0.0,0.0,,0.0,normalDay
2023-10-24,14381.0,-659.0,0.0,0,423.63,0.0,1,8.19,14.78,SPY240119P00430000,430.0,0,0.0,0.0,,0.0,normalDay
2023-10-25,14381.0,-1033.0,0.0,0,417.55,0.0,1,8.19,18.52,SPY240119P00430000,430.0,0,0.0,0.0,,0.0,normalDay
2023-10-26,14381.0,-1366.0,0.0,0,412.55,0.0,1,8.19,21.85,SPY240119P00430000,430.0,0,0.0,0.0,,0.0,normalDay
2023-10-27,14381.0,-1539.0,0.0,0,410.68,0.0,1,8.19,23.58,SPY240119P00430000,430.0,0,0.0,0.0,,0.0,normalDay
2023-10-30,14381.0,-1154.0,0.0,0,415.59,0.0,1,8.19,19.73,SPY240119P00430000,430.0,0,0.0,0.0,,0.0,normalDay
2023-10-31,14381.0,-940.0,0.0,0,418.2,0.0,1,8.19,17.59,SPY240119P00430000,430.0,0,0.0,0.0,,0.0,normalDay
2023-11-01,14381.0,-601.0,0.0,0,422.66,0.0,1,8.19,14.2,SPY240119P00430000,430.0,0,0.0,0.0,,0.0,normalDay
2023-11-02,14381.0,-191.0,0.0,0,430.76,0.0,1,8.19,10.1,SPY240119P00430000,430.0,0,0.0,0.0,,0.0,normalDay
2023-11-03,14381.0,3.0,0.0,0,434.69,0.0,1,8.19,8.16,SPY240119P00430000,430.0,0,0.0,0.0,,0.0,normalDay
2023-11-06,14381.0,53.0,0.0,0,435.69,0.0,1,8.19,7.66,SPY240119P00430000,430.0,0,0.0,0.0,,0.0,normalDay
2023-11-07,14381.0,105.0,0.0,0,436.93,0.0,1,8.19,7.14,SPY240119P00430000,430.0,0,0.0,0.0,,0.0,normalDay
2023-11-08,14381.0,138.0,0.0,0,437.25,0.0,1,8.19,6.81,SPY240119P00430000,430.0,0,0.0,0.0,,0.0,normalDay
2023-11-09,14381.0,9.0,0.0,0,433.84,0.0,1,8.19,8.1,SPY240119P00430000,430.0,0,0.0,0.0,,0.0,normalDay
2023-11-10,14381.0,262.0,0.0,0,440.61,0.0,1,8.19,5.57,SPY240119P00430000,430.0,0,0.0,0.0,,0.0,normalDay
2023-11-13,14381.0,254.0,0.0,0,440.19,0.0,1,8.19,5.65,SPY240119P00430000,430.0,0,0.0,0.0,,0.0,normalDay
2023-11-14,14381.0,457.0,0.0,0,448.73,0.0,1,8.19,3.62,SPY240119P00430000,430.0,0,0.0,0.0,,0.0,normalDay
2023-11-15,14381.0,468.0,0.0,0,449.68,0.0,1,8.19,3.51,SPY240119P00430000,430.0,0,0.0,0.0,,0.0,normalDay
2023-11-16,14381.0,494.0,0.0,0,450.23,0.0,1,8.19,3.25,SPY240119P00430000,430.0,0,0.0,0.0,,0.0,normalDay
2023-11-17,14381.0,516.0,0.0,0,450.79,0.0,1,8.19,3.03,SPY240119P00430000,430.0,0,0.0,0.0,,0.0,normalDay
2023-11-20,14381.0,576.0,0.0,0,454.26,0.0,1,8.19,2.43,SPY240119P00430000,430.0,0,0.0,0.0,,0.0,normalDay
2023-11-21,14381.0,572.0,0.0,0,453.27,0.0,1,8.19,2.47,SPY240119P00430000,430.0,0,0.0,0.0,,0.0,normalDay
2023-11-22,14381.0,600.0,0.0,0,455.02,0.0,1,8.19,2.19,SPY240119P00430000,430.0,0,0.0,0.0,,0.0,normalDay
2023-11-24,14381.0,623.0,0.0,0,455.3,0.0,1,8.19,1.96,SPY240119P00430000,430.0,0,0.0,0.0,,0.0,normalDay
2023-11-27,14381.0,623.0,0.0,0,454.48,0.0,1,8.19,1.96,SPY240119P00430000,430.0,0,0.0,0.0,,0.0,normalDay
2023-11-28,14381.0,632.0,0.0,0,454.93,0.0,1,8.19,1.87,SPY240119P00430000,430.0,0,0.0,0.0,,0.0,normalDay
2023-11-29,14381.0,627.0,0.0,0,454.61,0.0,1,8.19,1.92,SPY240119P00430000,430.0,0,0.0,0.0,,0.0,normalDay
2023-11-30,14381.0,640.0,0.0,0,456.4,0.0,1,8.19,1.79,SPY240119P00430000,430.0,0,0.0,0.0,,0.0,normalDay
