date,totalCapital,unrializedPnL,rializedPnL,stocksOwned,stocksPriceToday,stocksPriceBoughtAt,putOwned,putOwnedSoldAt,putPriceToday,putOwnedContract,putOwnedStrike,callOwned,callOwnedSoldAt,callPriceToday,callOwnedContract,callOwnedStrike,trackType
2018-11-01,0.0,-4.0,0.0,0,273.51,0.0,1,0.21,0.25,SPY181112P00251000,251.0,0,0.0,0.0,,0.0,normalDay
2018-11-02,0.0,2.0,0.0,0,271.89,0.0,1,0.21,0.19,SPY181112P00251000,251.0,0,0.0,0.0,,0.0,normalDay
2018-11-05,0.0,10.0,0.0,0,273.39,0.0,1,0.21,0.11,SPY181112P00251000,251.0,0,0.0,0.0,,0.0,normalDay
2018-11-06,0.0,10.0,0.0,0,275.12,0.0,1,0.21,0.11,SPY181112P00251000,251.0,0,0.0,0.0,,0.0,normalDay
2018-11-07,0.0,18.0,0.0,0,281.01,0.0,1,0.21,0.03,SPY181112P00251000,251.0,0,0.0,0.0,,0.0,normalDay
2018-11-08,0.0,19.0,0.0,0,280.5,0.0,1,0.21,0.02,SPY181112P00251000,251.0,0,0.0,0.0,,0.0,normalDay
2018-11-09,0.0,20.0,0.0,0,277.76,0.0,1,0.21,0.01,SPY181112P00251000,251.0,0,0.0,0.0,,0.0,normalDay
2018-11-12,21.0,0.0,21.0,0,272.57,0.0,1,0.21,0.0,SPY181112P00251000,251.0,0,0.0,0.0,,0.0,expirationDay
2018-11-13,21.0,-4.0,0.0,0,272.06,0.0,1,0.4,0.44,SPY181123P00257000,257.0,0,0.0,0.0,,0.0,normalDay
2018-11-14,21.0,-16.0,0.0,0,270.2,0.0,1,0.4,0.56,SPY181123P00257000,257.0,0,0.0,0.0,,0.0,normalDay
2018-11-15,21.0,15.0,0.0,0,273.02,0.0,1,0.4,0.25,SPY181123P00257000,257.0,0,0.0,0.0,,0.0,normalDay
2018-11-16,21.0,31.0,0.0,0,273.73,0.0,1,0.4,0.09,SPY181123P00257000,257.0,0,0.0,0.0,,0.0,normalDay
2018-11-19,21.0,27.0,0.0,0,269.1,0.0,1,0.4,0.13,SPY181123P00257000,257.0,0,0.0,0.0,,0.0,normalDay
2018-11-20,21.0,2.0,0.0,0,264.12,0.0,1,0.4,0.38,SPY181123P00257000,257.0,0,0.0,0.0,,0.0,normalDay
2018-11-21,21.0,35.0,0.0,0,265.02,0.0,1,0.4,0.05,SPY181123P00257000,257.0,0,0.0,0.0,,0.0,normalDay
2018-11-23,61.0,0.0,40.0,0,263.25,0.0,1,0.4,0.0,SPY181123P00257000,257.0,0,0.0,0.0,,0.0,expirationDay
2018-11-26,61.0,-3.0,0.0,0,267.5,0.0,1,0.42,0.45,SPY181207P00254000,254.0,0,0.0,0.0,,0.0,normalDay
2018-11-27,61.0,-2.0,0.0,0,268.4,0.0,1,0.42,0.44,SPY181207P00254000,254.0,0,0.0,0.0,,0.0,normalDay
2018-11-28,61.0,23.0,0.0,0,274.58,0.0,1,0.42,0.19,SPY181207P00254000,254.0,0,0.0,0.0,,0.0,normalDay
2018-11-29,61.0,22.0,0.0,0,273.98,0.0,1,0.42,0.2,SPY181207P00254000,254.0,0,0.0,0.0,,0.0,normalDay
2018-11-30,61.0,32.0,0.0,0,275.65,0.0,1,0.42,0.1,SPY181207P00254000,254.0,0,0.0,0.0,,0.0,normalDay
2018-12-03,61.0,40.0,0.0,0,279.3,0.0,1,0.42,0.02,SPY181207P00254000,254.0,0,0.0,0.0,,0.0,normalDay
2018-12-04,61.0,28.0,0.0,0,270.25,0.0,1,0.42,0.14,SPY181207P00254000,254.0,0,0.0,0.0,,0.0,normalDay
2018-12-06,61.0,40.0,0.0,0,269.84,0.0,1,0.42,0.02,SPY181207P00254000,254.0,0,0.0,0.0,,0.0,normalDay
2018-12-07,103.0,0.0,42.0,0,263.57,0.0,1,0.42,0.0,SPY181207P00254000,254.0,0,0.0,0.0,,0.0,expirationDay
2018-12-10,103.0,-4.0,0.0,0,264.07,0.0,1,1.63,1.67,SPY181221P00255000,255.0,0,0.0,0.0,,0.0,normalDay
2018-12-11,103.0,20.0,0.0,0,264.13,0.0,1,1.63,1.43,SPY181221P00255000,255.0,0,0.0,0.0,,0.0,normalDay
2018-12-12,103.0,55.0,0.0,0,265.46,0.0,1,1.63,1.08,SPY181221P00255000,255.0,0,0.0,0.0,,0.0,normalDay
2018-12-13,103.0,87.0,0.0,0,265.37,0.0,1,1.63,0.76,SPY181221P00255000,255.0,0,0.0,0.0,,0.0,normalDay
2018-12-14,103.0,3.0,0.0,0,260.47,0.0,1,1.63,1.6,SPY181221P00255000,255.0,0,0.0,0.0,,0.0,normalDay
2018-12-17,103.0,-198.0,0.0,0,255.36,0.0,1,1.63,3.61,SPY181221P00255000,255.0,0,0.0,0.0,,0.0,normalDay
2018-12-18,103.0,-249.0,0.0,0,255.08,0.0,1,1.63,4.12,SPY181221P00255000,255.0,0,0.0,0.0,,0.0,normalDay
2018-12-19,103.0,-402.0,0.0,0,251.26,0.0,1,1.63,5.65,SPY181221P00255000,255.0,0,0.0,0.0,,0.0,normalDay
2018-12-20,103.0,-705.0,0.0,0,247.17,0.0,1,1.63,8.68,SPY181221P00255000,255.0,0,0.0,0.0,,0.0,normalDay
2018-12-21,266.0,-1430.0,163.0,100,240.7,255.0,1,1.63,0.0,SPY181221P00255000,255.0,0,0.0,0.0,,0.0,expirationDay
2018-12-24,266.0,-2074.0,0.0,100,234.34,255.0,0,0.0,0.0,,0.0,1,0.06,0.14,SPY190329C00295000,295.0,normalDay
2018-12-26,266.0,-898.0,0.0,100,246.18,255.0,0,0.0,0.0,,0.0,1,0.06,0.22,SPY190329C00295000,295.0,normalDay
2018-12-27,266.0,-716.0,0.0,100,248.07,255.0,0,0.0,0.0,,0.0,1,0.06,0.29,SPY190329C00295000,295.0,normalDay
2018-12-28,266.0,-746.0,0.0,100,247.75,255.0,0,0.0,0.0,,0.0,1,0.06,0.27,SPY190329C00295000,295.0,normalDay
2018-12-31,266.0,-524.0,0.0,100,249.92,255.0,0,0.0,0.0,,0.0,1,0.06,0.22,SPY190329C00295000,295.0,normalDay
2019-01-02,266.0,-493.0,0.0,100,250.18,255.0,0,0.0,0.0,,0.0,1,0.06,0.17,SPY190329C00295000,295.0,normalDay
2019-01-03,266.0,-1081.0,0.0,100,244.21,255.0,0,0.0,0.0,,0.0,1,0.06,0.08,SPY190329C00295000,295.0,normalDay
2019-01-04,266.0,-269.0,0.0,100,252.39,255.0,0,0.0,0.0,,0.0,1,0.06,0.14,SPY190329C00295000,295.0,normalDay
2019-01-07,266.0,-70.0,0.0,100,254.38,255.0,0,0.0,0.0,,0.0,1,0.06,0.14,SPY190329C00295000,295.0,normalDay
2019-01-08,266.0,168.0,0.0,100,256.77,255.0,0,0.0,0.0,,0.0,1,0.06,0.15,SPY190329C00295000,295.0,normalDay
2019-01-09,266.0,290.0,0.0,100,257.97,255.0,0,0.0,0.0,,0.0,1,0.06,0.13,SPY190329C00295000,295.0,normalDay
2019-01-10,266.0,380.0,0.0,100,258.88,255.0,0,0.0,0.0,,0.0,1,0.06,0.14,SPY190329C00295000,295.0,normalDay
2019-01-11,266.0,395.0,0.0,100,258.98,255.0,0,0.0,0.0,,0.0,1,0.06,0.09,SPY190329C00295000,295.0,normalDay
2019-01-14,266.0,237.0,0.0,100,257.4,255.0,0,0.0,0.0,,0.0,1,0.06,0.09,SPY190329C00295000,295.0,normalDay
2019-01-15,266.0,531.0,0.0,100,260.35,255.0,0,0.0,0.0,,0.0,1,0.06,0.1,SPY190329C00295000,295.0,normalDay
2019-01-16,266.0,592.0,0.0,100,260.98,255.0,0,0.0,0.0,,0.0,1,0.06,0.12,SPY190329C00295000,295.0,normalDay
2019-01-17,266.0,789.0,0.0,100,262.96,255.0,0,0.0,0.0,,0.0,1,0.06,0.13,SPY190329C00295000,295.0,normalDay
2019-01-18,266.0,1131.0,0.0,100,266.46,255.0,0,0.0,0.0,,0.0,1,0.06,0.21,SPY190329C00295000,295.0,normalDay
2019-01-22,266.0,777.0,0.0,100,262.86,255.0,0,0.0,0.0,,0.0,1,0.06,0.15,SPY190329C00295000,295.0,normalDay
2019-01-23,266.0,834.0,0.0,100,263.41,255.0,0,0.0,0.0,,0.0,1,0.06,0.13,SPY190329C00295000,295.0,normalDay
2019-01-24,266.0,849.0,0.0,100,263.55,255.0,0,0.0,0.0,,0.0,1,0.06,0.12,SPY190329C00295000,295.0,normalDay
2019-01-25,266.0,1070.0,0.0,100,265.78,255.0,0,0.0,0.0,,0.0,1,0.06,0.14,SPY190329C00295000,295.0,normalDay
2019-01-28,266.0,871.0,0.0,100,263.76,255.0,0,0.0,0.0,,0.0,1,0.06,0.11,SPY190329C00295000,295.0,normalDay
2019-01-29,266.0,837.0,0.0,100,263.41,255.0,0,0.0,0.0,,0.0,1,0.06,0.1,SPY190329C00295000,295.0,normalDay
2019-01-30,266.0,1249.0,0.0,100,267.58,255.0,0,0.0,0.0,,0.0,1,0.06,0.15,SPY190329C00295000,295.0,normalDay
2019-01-31,266.0,1481.0,0.0,100,269.93,255.0,0,0.0,0.0,,0.0,1,0.06,0.18,SPY190329C00295000,295.0,normalDay
2019-02-01,266.0,1497.0,0.0,100,270.06,255.0,0,0.0,0.0,,0.0,1,0.06,0.15,SPY190329C00295000,295.0,normalDay
2019-02-04,266.0,1686.0,0.0,100,271.96,255.0,0,0.0,0.0,,0.0,1,0.06,0.16,SPY190329C00295000,295.0,normalDay
2019-02-05,266.0,1798.0,0.0,100,273.1,255.0,0,0.0,0.0,,0.0,1,0.06,0.18,SPY190329C00295000,295.0,normalDay
2019-02-06,266.0,1767.0,0.0,100,272.74,255.0,0,0.0,0.0,,0.0,1,0.06,0.13,SPY190329C00295000,295.0,normalDay
2019-02-07,266.0,1512.0,0.0,100,270.14,255.0,0,0.0,0.0,,0.0,1,0.06,0.08,SPY190329C00295000,295.0,normalDay
2019-02-08,266.0,1545.0,0.0,100,270.47,255.0,0,0.0,0.0,,0.0,1,0.06,0.08,SPY190329C00295000,295.0,normalDay
2019-02-11,266.0,1560.0,0.0,100,270.62,255.0,0,0.0,0.0,,0.0,1,0.06,0.08,SPY190329C00295000,295.0,normalDay
2019-02-12,266.0,1902.0,0.0,100,274.1,255.0,0,0.0,0.0,,0.0,1,0.06,0.14,SPY190329C00295000,295.0,normalDay
2019-02-13,266.0,1990.0,0.0,100,274.99,255.0,0,0.0,0.0,,0.0,1,0.06,0.15,SPY190329C00295000,295.0,normalDay
2019-02-14,266.0,1931.0,0.0,100,274.38,255.0,0,0.0,0.0,,0.0,1,0.06,0.13,SPY190329C00295000,295.0,normalDay
2019-02-15,266.0,2228.0,0.0,100,277.37,255.0,0,0.0,0.0,,0.0,1,0.06,0.15,SPY190329C00295000,295.0,normalDay
2019-02-19,266.0,2279.0,0.0,100,277.85,255.0,0,0.0,0.0,,0.0,1,0.06,0.12,SPY190329C00295000,295.0,normalDay
2019-02-20,266.0,2336.0,0.0,100,278.41,255.0,0,0.0,0.0,,0.0,1,0.06,0.11,SPY190329C00295000,295.0,normalDay
2019-02-21,266.0,2241.0,0.0,100,277.42,255.0,0,0.0,0.0,,0.0,1,0.06,0.07,SPY190329C00295000,295.0,normalDay
2019-02-22,266.0,2410.0,0.0,100,279.14,255.0,0,0.0,0.0,,0.0,1,0.06,0.1,SPY190329C00295000,295.0,normalDay
2019-02-25,266.0,2448.0,0.0,100,279.52,255.0,0,0.0,0.0,,0.0,1,0.06,0.1,SPY190329C00295000,295.0,normalDay
2019-02-26,266.0,2429.0,0.0,100,279.32,255.0,0,0.0,0.0,,0.0,1,0.06,0.09,SPY190329C00295000,295.0,normalDay
2019-02-27,266.0,2419.0,0.0,100,279.2,255.0,0,0.0,0.0,,0.0,1,0.06,0.07,SPY190329C00295000,295.0,normalDay
2019-02-28,266.0,2369.0,0.0,100,278.68,255.0,0,0.0,0.0,,0.0,1,0.06,0.05,SPY190329C00295000,295.0,normalDay
2019-03-01,266.0,2543.0,0.0,100,280.42,255.0,0,0.0,0.0,,0.0,1,0.06,0.05,SPY190329C00295000,295.0,normalDay
2019-03-04,266.0,2442.0,0.0,100,279.4,255.0,0,0.0,0.0,,0.0,1,0.06,0.04,SPY190329C00295000,295.0,normalDay
2019-03-05,266.0,2404.0,0.0,100,279.02,255.0,0,0.0,0.0,,0.0,1,0.06,0.04,SPY190329C00295000,295.0,normalDay
2019-03-06,266.0,2236.0,0.0,100,277.33,255.0,0,0.0,0.0,,0.0,1,0.06,0.03,SPY190329C00295000,295.0,normalDay
2019-03-07,266.0,2005.0,0.0,100,275.01,255.0,0,0.0,0.0,,0.0,1,0.06,0.02,SPY190329C00295000,295.0,normalDay
2019-03-08,266.0,1950.0,0.0,100,274.46,255.0,0,0.0,0.0,,0.0,1,0.06,0.02,SPY190329C00295000,295.0,normalDay
2019-03-11,266.0,2347.0,0.0,100,278.44,255.0,0,0.0,0.0,,0.0,1,0.06,0.03,SPY190329C00295000,295.0,normalDay
2019-03-12,266.0,2452.0,0.0,100,279.49,255.0,0,0.0,0.0,,0.0,1,0.06,0.03,SPY190329C00295000,295.0,normalDay
2019-03-13,266.0,2636.0,0.0,100,281.34,255.0,0,0.0,0.0,,0.0,1,0.06,0.04,SPY190329C00295000,295.0,normalDay
2019-03-14,266.0,2619.0,0.0,100,281.16,255.0,0,0.0,0.0,,0.0,1,0.06,0.03,SPY190329C00295000,295.0,normalDay
2019-03-15,266.0,2635.0,0.0,100,281.31,255.0,0,0.0,0.0,,0.0,1,0.06,0.02,SPY190329C00295000,295.0,normalDay
2019-03-18,266.0,2737.0,0.0,100,282.33,255.0,0,0.0,0.0,,0.0,1,0.06,0.02,SPY190329C00295000,295.0,normalDay
2019-03-19,266.0,2744.0,0.0,100,282.4,255.0,0,0.0,0.0,,0.0,1,0.06,0.02,SPY190329C00295000,295.0,normalDay
2019-03-20,266.0,2660.0,0.0,100,281.55,255.0,0,0.0,0.0,,0.0,1,0.06,0.01,SPY190329C00295000,295.0,normalDay
2019-03-21,266.0,2976.0,0.0,100,284.73,255.0,0,0.0,0.0,,0.0,1,0.06,0.03,SPY190329C00295000,295.0,normalDay
2019-03-22,266.0,2430.0,0.0,100,279.25,255.0,0,0.0,0.0,,0.0,1,0.06,0.01,SPY190329C00295000,295.0,normalDay
2019-03-25,266.0,2409.0,0.0,100,279.04,255.0,0,0.0,0.0,,0.0,1,0.06,0.01,SPY190329C00295000,295.0,normalDay
2019-03-26,266.0,2617.0,0.0,100,281.12,255.0,0,0.0,0.0,,0.0,1,0.06,0.01,SPY190329C00295000,295.0,normalDay
2019-03-27,266.0,2470.0,0.0,100,279.65,255.0,0,0.0,0.0,,0.0,1,0.06,0.01,SPY190329C00295000,295.0,normalDay
2019-03-28,266.0,2576.0,0.0,100,280.71,255.0,0,0.0,0.0,,0.0,1,0.06,0.01,SPY190329C00295000,295.0,normalDay
2019-03-29,272.0,2748.0,6.0,100,282.48,255.0,0,0.0,0.0,,0.0,1,0.06,0.0,SPY190329C00295000,295.0,expirationDay
2019-04-01,272.0,3075.0,0.0,100,285.83,255.0,0,0.0,0.0,,0.0,1,8.7,8.78,SPY190816C00288000,288.0,normalDay
2019-04-02,272.0,3095.0,0.0,100,285.97,255.0,0,0.0,0.0,,0.0,1,8.7,8.72,SPY190816C00288000,288.0,normalDay
2019-04-03,272.0,3091.0,0.0,100,286.42,255.0,0,0.0,0.0,,0.0,1,8.7,9.21,SPY190816C00288000,288.0,normalDay
2019-04-04,272.0,3141.0,0.0,100,287.18,255.0,0,0.0,0.0,,0.0,1,8.7,9.47,SPY190816C00288000,288.0,normalDay
2019-04-05,272.0,3221.0,0.0,100,288.57,255.0,0,0.0,0.0,,0.0,1,8.7,10.06,SPY190816C00288000,288.0,normalDay
2019-04-08,272.0,3242.0,0.0,100,288.79,255.0,0,0.0,0.0,,0.0,1,8.7,10.07,SPY190816C00288000,288.0,normalDay
2019-04-09,272.0,3170.0,0.0,100,287.31,255.0,0,0.0,0.0,,0.0,1,8.7,9.31,SPY190816C00288000,288.0,normalDay
2019-04-10,272.0,3217.0,0.0,100,288.29,255.0,0,0.0,0.0,,0.0,1,8.7,9.82,SPY190816C00288000,288.0,normalDay
2019-04-11,272.0,3236.0,0.0,100,288.21,255.0,0,0.0,0.0,,0.0,1,8.7,9.55,SPY190816C00288000,288.0,normalDay
2019-04-12,272.0,3330.0,0.0,100,290.16,255.0,0,0.0,0.0,,0.0,1,8.7,10.56,SPY190816C00288000,288.0,normalDay
2019-04-15,272.0,3337.0,0.0,100,289.97,255.0,0,0.0,0.0,,0.0,1,8.7,10.3,SPY190816C00288000,288.0,normalDay
2019-04-16,272.0,3357.0,0.0,100,290.16,255.0,0,0.0,0.0,,0.0,1,8.7,10.29,SPY190816C00288000,288.0,normalDay
2019-04-17,272.0,3336.0,0.0,100,289.45,255.0,0,0.0,0.0,,0.0,1,8.7,9.79,SPY190816C00288000,288.0,normalDay
2019-04-18,272.0,3352.0,0.0,100,290.02,255.0,0,0.0,0.0,,0.0,1,8.7,10.2,SPY190816C00288000,288.0,normalDay
2019-04-22,272.0,3373.0,0.0,100,290.27,255.0,0,0.0,0.0,,0.0,1,8.7,10.24,SPY190816C00288000,288.0,normalDay
2019-04-23,272.0,3475.0,0.0,100,292.88,255.0,0,0.0,0.0,,0.0,1,8.7,11.83,SPY190816C00288000,288.0,normalDay
2019-04-24,272.0,3435.0,0.0,100,292.23,255.0,0,0.0,0.0,,0.0,1,8.7,11.58,SPY190816C00288000,288.0,normalDay
2019-04-25,272.0,3439.0,0.0,100,292.05,255.0,0,0.0,0.0,,0.0,1,8.7,11.36,SPY190816C00288000,288.0,normalDay
2019-04-26,272.0,3492.0,0.0,100,293.41,255.0,0,0.0,0.0,,0.0,1,8.7,12.19,SPY190816C00288000,288.0,normalDay
2019-04-29,272.0,3518.0,0.0,100,293.87,255.0,0,0.0,0.0,,0.0,1,8.7,12.39,SPY190816C00288000,288.0,normalDay
2019-04-30,272.0,3502.0,0.0,100,294.02,255.0,0,0.0,0.0,,0.0,1,8.7,12.7,SPY190816C00288000,288.0,normalDay
2019-05-01,272.0,3431.0,0.0,100,291.81,255.0,0,0.0,0.0,,0.0,1,8.7,11.2,SPY190816C00288000,288.0,normalDay
2019-05-02,272.0,3422.0,0.0,100,291.18,255.0,0,0.0,0.0,,0.0,1,8.7,10.66,SPY190816C00288000,288.0,normalDay
2019-05-03,272.0,3535.0,0.0,100,294.03,255.0,0,0.0,0.0,,0.0,1,8.7,12.38,SPY190816C00288000,288.0,normalDay
2019-05-06,272.0,3468.0,0.0,100,292.82,255.0,0,0.0,0.0,,0.0,1,8.7,11.84,SPY190816C00288000,288.0,normalDay
2019-05-07,272.0,3151.0,0.0,100,287.93,255.0,0,0.0,0.0,,0.0,1,8.7,10.12,SPY190816C00288000,288.0,normalDay
2019-05-08,272.0,3160.0,0.0,100,287.53,255.0,0,0.0,0.0,,0.0,1,8.7,9.63,SPY190816C00288000,288.0,normalDay
2019-05-09,272.0,3150.0,0.0,100,286.66,255.0,0,0.0,0.0,,0.0,1,8.7,8.86,SPY190816C00288000,288.0,normalDay
2019-05-10,272.0,3305.0,0.0,100,288.1,255.0,0,0.0,0.0,,0.0,1,8.7,8.75,SPY190816C00288000,288.0,normalDay
2019-05-13,272.0,2885.0,0.0,100,280.86,255.0,0,0.0,0.0,,0.0,1,8.7,5.71,SPY190816C00288000,288.0,normalDay
2019-05-14,272.0,3061.0,0.0,100,283.4,255.0,0,0.0,0.0,,0.0,1,8.7,6.49,SPY190816C00288000,288.0,normalDay
2019-05-15,272.0,3169.0,0.0,100,285.06,255.0,0,0.0,0.0,,0.0,1,8.7,7.07,SPY190816C00288000,288.0,normalDay
2019-05-16,272.0,3333.0,0.0,100,287.7,255.0,0,0.0,0.0,,0.0,1,8.7,8.07,SPY190816C00288000,288.0,normalDay
2019-05-17,272.0,3239.0,0.0,100,285.84,255.0,0,0.0,0.0,,0.0,1,8.7,7.15,SPY190816C00288000,288.0,normalDay
2019-05-20,272.0,3146.0,0.0,100,283.95,255.0,0,0.0,0.0,,0.0,1,8.7,6.19,SPY190816C00288000,288.0,normalDay
2019-05-21,272.0,3317.0,0.0,100,286.51,255.0,0,0.0,0.0,,0.0,1,8.7,7.04,SPY190816C00288000,288.0,normalDay
2019-05-22,272.0,3294.0,0.0,100,285.63,255.0,0,0.0,0.0,,0.0,1,8.7,6.39,SPY190816C00288000,288.0,normalDay
2019-05-23,272.0,3078.0,0.0,100,282.14,255.0,0,0.0,0.0,,0.0,1,8.7,5.06,SPY190816C00288000,288.0,normalDay
2019-05-24,272.0,3121.0,0.0,100,282.78,255.0,0,0.0,0.0,,0.0,1,8.7,5.27,SPY190816C00288000,288.0,normalDay
2019-05-28,272.0,2957.0,0.0,100,280.15,255.0,0,0.0,0.0,,0.0,1,8.7,4.28,SPY190816C00288000,288.0,normalDay
2019-05-29,272.0,2847.0,0.0,100,278.27,255.0,0,0.0,0.0,,0.0,1,8.7,3.5,SPY190816C00288000,288.0,normalDay
2019-05-30,272.0,2909.0,0.0,100,279.03,255.0,0,0.0,0.0,,0.0,1,8.7,3.64,SPY190816C00288000,288.0,normalDay
2019-05-31,272.0,2636.0,0.0,100,275.27,255.0,0,0.0,0.0,,0.0,1,8.7,2.61,SPY190816C00288000,288.0,normalDay
2019-06-03,272.0,2593.0,0.0,100,274.57,255.0,0,0.0,0.0,,0.0,1,8.7,2.34,SPY190816C00288000,288.0,normalDay
2019-06-04,272.0,3038.0,0.0,100,280.53,255.0,0,0.0,0.0,,0.0,1,8.7,3.85,SPY190816C00288000,288.0,normalDay
2019-06-05,272.0,3199.0,0.0,100,282.96,255.0,0,0.0,0.0,,0.0,1,8.7,4.67,SPY190816C00288000,288.0,normalDay
2019-06-06,272.0,3317.0,0.0,100,284.8,255.0,0,0.0,0.0,,0.0,1,8.7,5.33,SPY190816C00288000,288.0,normalDay
2019-06-07,272.0,3447.0,0.0,100,287.65,255.0,0,0.0,0.0,,0.0,1,8.7,6.88,SPY190816C00288000,288.0,normalDay
2019-06-10,272.0,3517.0,0.0,100,288.97,255.0,0,0.0,0.0,,0.0,1,8.7,7.5,SPY190816C00288000,288.0,normalDay
2019-06-11,272.0,3516.0,0.0,100,288.9,255.0,0,0.0,0.0,,0.0,1,8.7,7.44,SPY190816C00288000,288.0,normalDay
2019-06-12,272.0,3499.0,0.0,100,288.39,255.0,0,0.0,0.0,,0.0,1,8.7,7.1,SPY190816C00288000,288.0,normalDay
2019-06-13,272.0,3550.0,0.0,100,289.58,255.0,0,0.0,0.0,,0.0,1,8.7,7.78,SPY190816C00288000,288.0,normalDay
2019-06-14,272.0,3545.0,0.0,100,289.26,255.0,0,0.0,0.0,,0.0,1,8.7,7.51,SPY190816C00288000,288.0,normalDay
2019-06-17,272.0,3572.0,0.0,100,289.37,255.0,0,0.0,0.0,,0.0,1,8.7,7.35,SPY190816C00288000,288.0,normalDay
2019-06-18,272.0,3690.0,0.0,100,292.4,255.0,0,0.0,0.0,,0.0,1,8.7,9.2,SPY190816C00288000,288.0,normalDay
2019-06-19,272.0,3731.0,0.0,100,293.06,255.0,0,0.0,0.0,,0.0,1,8.7,9.45,SPY190816C00288000,288.0,normalDay
2019-06-20,272.0,3820.0,0.0,100,295.86,255.0,0,0.0,0.0,,0.0,1,8.7,11.36,SPY190816C00288000,288.0,normalDay
2019-06-21,272.0,3650.0,0.0,100,294.0,255.0,0,0.0,0.0,,0.0,1,8.7,11.2,SPY190816C00288000,288.0,normalDay
2019-06-24,272.0,3660.0,0.0,100,293.64,255.0,0,0.0,0.0,,0.0,1,8.7,10.74,SPY190816C00288000,288.0,normalDay
2019-06-25,272.0,3556.0,0.0,100,290.76,255.0,0,0.0,0.0,,0.0,1,8.7,8.9,SPY190816C00288000,288.0,normalDay
2019-06-26,272.0,3575.0,0.0,100,290.47,255.0,0,0.0,0.0,,0.0,1,8.7,8.42,SPY190816C00288000,288.0,normalDay
2019-06-27,272.0,3602.0,0.0,100,291.5,255.0,0,0.0,0.0,,0.0,1,8.7,9.18,SPY190816C00288000,288.0,normalDay
2019-06-28,272.0,3638.0,0.0,100,293.0,255.0,0,0.0,0.0,,0.0,1,8.7,10.32,SPY190816C00288000,288.0,normalDay
2019-07-01,272.0,3812.0,0.0,100,295.66,255.0,0,0.0,0.0,,0.0,1,8.7,11.24,SPY190816C00288000,288.0,normalDay
2019-07-02,272.0,3849.0,0.0,100,296.43,255.0,0,0.0,0.0,,0.0,1,8.7,11.64,SPY190816C00288000,288.0,normalDay
2019-07-03,272.0,3901.0,0.0,100,298.8,255.0,0,0.0,0.0,,0.0,1,8.7,13.49,SPY190816C00288000,288.0,normalDay
2019-07-05,272.0,3944.0,0.0,100,298.46,255.0,0,0.0,0.0,,0.0,1,8.7,12.72,SPY190816C00288000,288.0,normalDay
2019-07-08,272.0,3875.0,0.0,100,296.82,255.0,0,0.0,0.0,,0.0,1,8.7,11.77,SPY190816C00288000,288.0,normalDay
2019-07-09,272.0,3895.0,0.0,100,297.19,255.0,0,0.0,0.0,,0.0,1,8.7,11.94,SPY190816C00288000,288.0,normalDay
2019-07-10,272.0,3931.0,0.0,100,298.61,255.0,0,0.0,0.0,,0.0,1,8.7,13.0,SPY190816C00288000,288.0,normalDay
2019-07-11,272.0,3951.0,0.0,100,299.31,255.0,0,0.0,0.0,,0.0,1,8.7,13.5,SPY190816C00288000,288.0,normalDay
2019-07-12,272.0,3991.0,0.0,100,300.65,255.0,0,0.0,0.0,,0.0,1,8.7,14.44,SPY190816C00288000,288.0,normalDay
2019-07-15,272.0,4000.0,0.0,100,300.75,255.0,0,0.0,0.0,,0.0,1,8.7,14.45,SPY190816C00288000,288.0,normalDay
2019-07-16,272.0,3981.0,0.0,100,299.78,255.0,0,0.0,0.0,,0.0,1,8.7,13.67,SPY190816C00288000,288.0,normalDay
2019-07-17,272.0,3950.0,0.0,100,297.74,255.0,0,0.0,0.0,,0.0,1,8.7,11.94,SPY190816C00288000,288.0,normalDay
2019-07-18,272.0,3978.0,0.0,100,298.83,255.0,0,0.0,0.0,,0.0,1,8.7,12.75,SPY190816C00288000,288.0,normalDay
2019-07-19,272.0,3961.0,0.0,100,297.17,255.0,0,0.0,0.0,,0.0,1,8.7,11.26,SPY190816C00288000,288.0,normalDay
2019-07-22,272.0,4006.0,0.0,100,297.9,255.0,0,0.0,0.0,,0.0,1,8.7,11.54,SPY190816C00288000,288.0,normalDay
2019-07-23,272.0,4055.0,0.0,100,300.03,255.0,0,0.0,0.0,,0.0,1,8.7,13.18,SPY190816C00288000,288.0,normalDay
2019-07-24,272.0,4075.0,0.0,100,301.44,255.0,0,0.0,0.0,,0.0,1,8.7,14.39,SPY190816C00288000,288.0,normalDay
2019-07-25,272.0,4061.0,0.0,100,300.0,255.0,0,0.0,0.0,,0.0,1,8.7,13.09,SPY190816C00288000,288.0,normalDay
2019-07-26,272.0,4091.0,0.0,100,302.01,255.0,0,0.0,0.0,,0.0,1,8.7,14.8,SPY190816C00288000,288.0,normalDay
2019-07-29,272.0,4071.0,0.0,100,301.46,255.0,0,0.0,0.0,,0.0,1,8.7,14.45,SPY190816C00288000,288.0,normalDay
2019-07-30,272.0,4079.0,0.0,100,300.72,255.0,0,0.0,0.0,,0.0,1,8.7,13.63,SPY190816C00288000,288.0,normalDay
2019-07-31,272.0,4025.0,0.0,100,297.43,255.0,0,0.0,0.0,,0.0,1,8.7,10.88,SPY190816C00288000,288.0,normalDay
2019-08-01,272.0,3934.0,0.0,100,294.84,255.0,0,0.0,0.0,,0.0,1,8.7,9.2,SPY190816C00288000,288.0,normalDay
2019-08-02,272.0,3909.0,0.0,100,292.62,255.0,0,0.0,0.0,,0.0,1,8.7,7.23,SPY190816C00288000,288.0,normalDay
2019-08-05,272.0,3476.0,0.0,100,283.82,255.0,0,0.0,0.0,,0.0,1,8.7,2.76,SPY190816C00288000,288.0,normalDay
2019-08-06,272.0,3768.0,0.0,100,287.8,255.0,0,0.0,0.0,,0.0,1,8.7,3.82,SPY190816C00288000,288.0,normalDay
2019-08-07,272.0,3802.0,0.0,100,287.97,255.0,0,0.0,0.0,,0.0,1,8.7,3.65,SPY190816C00288000,288.0,normalDay
2019-08-08,272.0,4042.0,0.0,100,293.62,255.0,0,0.0,0.0,,0.0,1,8.7,6.9,SPY190816C00288000,288.0,normalDay
2019-08-09,272.0,3990.0,0.0,100,291.62,255.0,0,0.0,0.0,,0.0,1,8.7,5.42,SPY190816C00288000,288.0,normalDay
2019-08-12,272.0,3900.0,0.0,100,288.07,255.0,0,0.0,0.0,,0.0,1,8.7,2.77,SPY190816C00288000,288.0,normalDay
2019-08-13,272.0,4093.0,0.0,100,292.55,255.0,0,0.0,0.0,,0.0,1,8.7,5.32,SPY190816C00288000,288.0,normalDay
2019-08-14,272.0,3678.0,0.0,100,283.9,255.0,0,0.0,0.0,,0.0,1,8.7,0.82,SPY190816C00288000,288.0,normalDay
2019-08-15,272.0,3802.0,0.0,100,284.65,255.0,0,0.0,0.0,,0.0,1,8.7,0.33,SPY190816C00288000,288.0,normalDay
2019-08-16,4442.0,3802.0,4170.0,0,288.85,0.0,0,0.0,0.0,,0.0,1,8.7,0.0,SPY190816C00288000,288.0,expirationDay
2019-08-19,4442.0,-3.0,0.0,0,292.33,0.0,1,0.22,0.25,SPY190830P00272500,272.5,0,0.0,0.0,,0.0,normalDay
2019-08-20,4442.0,-9.0,0.0,0,290.09,0.0,1,0.22,0.31,SPY190830P00272500,272.5,0,0.0,0.0,,0.0,normalDay
2019-08-21,4442.0,10.0,0.0,0,292.45,0.0,1,0.22,0.12,SPY190830P00272500,272.5,0,0.0,0.0,,0.0,normalDay
2019-08-22,4442.0,11.0,0.0,0,292.36,0.0,1,0.22,0.11,SPY190830P00272500,272.5,0,0.0,0.0,,0.0,normalDay
2019-08-23,4442.0,-21.0,0.0,0,284.85,0.0,1,0.22,0.43,SPY190830P00272500,272.5,0,0.0,0.0,,0.0,normalDay
2019-08-26,4442.0,12.0,0.0,0,288.0,0.0,1,0.22,0.1,SPY190830P00272500,272.5,0,0.0,0.0,,0.0,normalDay
2019-08-27,4442.0,13.0,0.0,0,286.87,0.0,1,0.22,0.09,SPY190830P00272500,272.5,0,0.0,0.0,,0.0,normalDay
2019-08-28,4442.0,19.0,0.0,0,288.89,0.0,1,0.22,0.03,SPY190830P00272500,272.5,0,0.0,0.0,,0.0,normalDay
2019-08-29,4442.0,21.0,0.0,0,292.58,0.0,1,0.22,0.01,SPY190830P00272500,272.5,0,0.0,0.0,,0.0,normalDay
2019-08-30,4464.0,0.0,22.0,0,292.45,0.0,1,0.22,0.0,SPY190830P00272500,272.5,0,0.0,0.0,,0.0,expirationDay
2019-09-03,4464.0,-3.0,0.0,0,290.74,0.0,1,0.89,0.92,SPY190913P00280000,280.0,0,0.0,0.0,,0.0,normalDay
2019-09-04,4464.0,59.0,0.0,0,294.04,0.0,1,0.89,0.3,SPY190913P00280000,280.0,0,0.0,0.0,,0.0,normalDay
2019-09-05,4464.0,75.0,0.0,0,297.82,0.0,1,0.89,0.14,SPY190913P00280000,280.0,0,0.0,0.0,,0.0,normalDay
2019-09-06,4464.0,84.0,0.0,0,298.05,0.0,1,0.89,0.05,SPY190913P00280000,280.0,0,0.0,0.0,,0.0,normalDay
2019-09-09,4464.0,86.0,0.0,0,298.2,0.0,1,0.89,0.03,SPY190913P00280000,280.0,0,0.0,0.0,,0.0,normalDay
2019-09-10,4464.0,86.0,0.0,0,298.13,0.0,1,0.89,0.03,SPY190913P00280000,280.0,0,0.0,0.0,,0.0,normalDay
2019-09-11,4464.0,87.0,0.0,0,300.25,0.0,1,0.89,0.02,SPY190913P00280000,280.0,0,0.0,0.0,,0.0,normalDay
2019-09-12,4464.0,88.0,0.0,0,301.29,0.0,1,0.89,0.01,SPY190913P00280000,280.0,0,0.0,0.0,,0.0,normalDay
2019-09-13,4553.0,0.0,89.0,0,301.09,0.0,1,0.89,0.0,SPY190913P00280000,280.0,0,0.0,0.0,,0.0,expirationDay
2019-09-16,4553.0,-3.0,0.0,0,300.16,0.0,1,0.15,0.18,SPY190927P00277500,277.5,0,0.0,0.0,,0.0,normalDay
2019-09-17,4553.0,-1.0,0.0,0,300.92,0.0,1,0.15,0.16,SPY190927P00277500,277.5,0,0.0,0.0,,0.0,normalDay
2019-09-18,4553.0,2.0,0.0,0,301.1,0.0,1,0.15,0.13,SPY190927P00277500,277.5,0,0.0,0.0,,0.0,normalDay
2019-09-19,4553.0,4.0,0.0,0,301.08,0.0,1,0.15,0.11,SPY190927P00277500,277.5,0,0.0,0.0,,0.0,normalDay
2019-09-20,4553.0,6.0,0.0,0,298.28,0.0,1,0.15,0.09,SPY190927P00277500,277.5,0,0.0,0.0,,0.0,normalDay
2019-09-23,4553.0,12.0,0.0,0,298.21,0.0,1,0.15,0.03,SPY190927P00277500,277.5,0,0.0,0.0,,0.0,normalDay
2019-09-24,4553.0,8.0,0.0,0,295.87,0.0,1,0.15,0.07,SPY190927P00277500,277.5,0,0.0,0.0,,0.0,normalDay
2019-09-25,4553.0,12.0,0.0,0,297.62,0.0,1,0.15,0.03,SPY190927P00277500,277.5,0,0.0,0.0,,0.0,normalDay
2019-09-26,4553.0,14.0,0.0,0,297.0,0.0,1,0.15,0.01,SPY190927P00277500,277.5,0,0.0,0.0,,0.0,normalDay
2019-09-27,4568.0,0.0,15.0,0,295.4,0.0,1,0.15,0.0,SPY190927P00277500,277.5,0,0.0,0.0,,0.0,expirationDay
2019-09-30,4568.0,-3.0,0.0,0,296.77,0.0,1,0.95,0.98,SPY191011P00289000,289.0,0,0.0,0.0,,0.0,normalDay
2019-10-01,4568.0,-104.0,0.0,0,293.24,0.0,1,0.95,1.99,SPY191011P00289000,289.0,0,0.0,0.0,,0.0,normalDay
2019-10-02,4568.0,-339.0,0.0,0,288.06,0.0,1,0.95,4.34,SPY191011P00289000,289.0,0,0.0,0.0,,0.0,normalDay
2019-10-03,4568.0,-171.0,0.0,0,290.42,0.0,1,0.95,2.66,SPY191011P00289000,289.0,0,0.0,0.0,,0.0,normalDay
2019-10-04,4568.0,-8.0,0.0,0,294.35,0.0,1,0.95,1.03,SPY191011P00289000,289.0,0,0.0,0.0,,0.0,normalDay
2019-10-07,4568.0,-9.0,0.0,0,293.08,0.0,1,0.95,1.04,SPY191011P00289000,289.0,0,0.0,0.0,,0.0,normalDay
2019-10-08,4568.0,-166.0,0.0,0,288.53,0.0,1,0.95,2.61,SPY191011P00289000,289.0,0,0.0,0.0,,0.0,normalDay
2019-10-09,4568.0,-19.0,0.0,0,291.27,0.0,1,0.95,1.14,SPY191011P00289000,289.0,0,0.0,0.0,,0.0,normalDay
2019-10-10,4568.0,56.0,0.0,0,293.24,0.0,1,0.95,0.39,SPY191011P00289000,289.0,0,0.0,0.0,,0.0,normalDay
2019-10-11,4663.0,0.0,95.0,0,296.28,0.0,1,0.95,0.0,SPY191011P00289000,289.0,0,0.0,0.0,,0.0,expirationDay
2019-10-14,4663.0,-3.0,0.0,0,295.95,0.0,1,0.3,0.33,SPY191025P00282500,282.5,0,0.0,0.0,,0.0,normalDay
2019-10-15,4663.0,16.0,0.0,0,298.88,0.0,1,0.3,0.14,SPY191025P00282500,282.5,0,0.0,0.0,,0.0,normalDay
2019-10-16,4663.0,20.0,0.0,0,298.4,0.0,1,0.3,0.1,SPY191025P00282500,282.5,0,0.0,0.0,,0.0,normalDay
2019-10-17,4663.0,23.0,0.0,0,299.28,0.0,1,0.3,0.07,SPY191025P00282500,282.5,0,0.0,0.0,,0.0,normalDay
2019-10-18,4663.0,25.0,0.0,0,297.97,0.0,1,0.3,0.05,SPY191025P00282500,282.5,0,0.0,0.0,,0.0,normalDay
2019-10-21,4663.0,27.0,0.0,0,299.99,0.0,1,0.3,0.03,SPY191025P00282500,282.5,0,0.0,0.0,,0.0,normalDay
2019-10-22,4663.0,28.0,0.0,0,299.01,0.0,1,0.3,0.02,SPY191025P00282500,282.5,0,0.0,0.0,,0.0,normalDay
2019-10-23,4663.0,29.0,0.0,0,299.88,0.0,1,0.3,0.01,SPY191025P00282500,282.5,0,0.0,0.0,,0.0,normalDay
2019-10-24,4663.0,29.0,0.0,0,300.37,0.0,1,0.3,0.01,SPY191025P00282500,282.5,0,0.0,0.0,,0.0,normalDay
2019-10-25,4693.0,0.0,30.0,0,301.6,0.0,1,0.3,0.0,SPY191025P00282500,282.5,0,0.0,0.0,,0.0,expirationDay
2019-10-28,4693.0,-3.0,0.0,0,303.3,0.0,1,0.05,0.08,SPY191108P00282000,282.0,0,0.0,0.0,,0.0,normalDay
2019-10-29,4693.0,-2.0,0.0,0,303.21,0.0,1,0.05,0.07,SPY191108P00282000,282.0,0,0.0,0.0,,0.0,normalDay
2019-10-30,4693.0,0.0,0.0,0,304.14,0.0,1,0.05,0.05,SPY191108P00282000,282.0,0,0.0,0.0,,0.0,normalDay
2019-10-31,4693.0,-1.0,0.0,0,303.33,0.0,1,0.05,0.06,SPY191108P00282000,282.0,0,0.0,0.0,,0.0,normalDay
2019-11-01,4693.0,2.0,0.0,0,306.14,0.0,1,0.05,0.03,SPY191108P00282000,282.0,0,0.0,0.0,,0.0,normalDay
2019-11-04,4693.0,4.0,0.0,0,307.37,0.0,1,0.05,0.01,SPY191108P00282000,282.0,0,0.0,0.0,,0.0,normalDay
2019-11-05,4693.0,4.0,0.0,0,307.03,0.0,1,0.05,0.01,SPY191108P00282000,282.0,0,0.0,0.0,,0.0,normalDay
2019-11-06,4693.0,4.0,0.0,0,307.1,0.0,1,0.05,0.01,SPY191108P00282000,282.0,0,0.0,0.0,,0.0,normalDay
2019-11-07,4693.0,4.0,0.0,0,308.18,0.0,1,0.05,0.01,SPY191108P00282000,282.0,0,0.0,0.0,,0.0,normalDay
2019-11-08,4698.0,0.0,5.0,0,308.94,0.0,1,0.05,0.0,SPY191108P00282000,282.0,0,0.0,0.0,,0.0,expirationDay
2019-11-11,4698.0,-3.0,0.0,0,308.35,0.0,1,0.07,0.1,SPY191122P00291000,291.0,0,0.0,0.0,,0.0,normalDay
2019-11-12,4698.0,-2.0,0.0,0,309.0,0.0,1,0.07,0.09,SPY191122P00291000,291.0,0,0.0,0.0,,0.0,normalDay
2019-11-13,4698.0,-1.0,0.0,0,309.1,0.0,1,0.07,0.08,SPY191122P00291000,291.0,0,0.0,0.0,,0.0,normalDay
2019-11-14,4698.0,-1.0,0.0,0,309.55,0.0,1,0.07,0.08,SPY191122P00291000,291.0,0,0.0,0.0,,0.0,normalDay
2019-11-15,4698.0,4.0,0.0,0,311.79,0.0,1,0.07,0.03,SPY191122P00291000,291.0,0,0.0,0.0,,0.0,normalDay
2019-11-18,4698.0,5.0,0.0,0,312.02,0.0,1,0.07,0.02,SPY191122P00291000,291.0,0,0.0,0.0,,0.0,normalDay
2019-11-19,4698.0,5.0,0.0,0,311.93,0.0,1,0.07,0.02,SPY191122P00291000,291.0,0,0.0,0.0,,0.0,normalDay
2019-11-20,4698.0,4.0,0.0,0,310.77,0.0,1,0.07,0.03,SPY191122P00291000,291.0,0,0.0,0.0,,0.0,normalDay
2019-11-21,4698.0,6.0,0.0,0,310.27,0.0,1,0.07,0.01,SPY191122P00291000,291.0,0,0.0,0.0,,0.0,normalDay
2019-11-22,4705.0,0.0,7.0,0,310.96,0.0,1,0.07,0.0,SPY191122P00291000,291.0,0,0.0,0.0,,0.0,expirationDay
2019-11-25,4705.0,-3.0,0.0,0,313.37,0.0,1,0.14,0.17,SPY191206P00299000,299.0,0,0.0,0.0,,0.0,normalDay
2019-11-26,4705.0,1.0,0.0,0,314.08,0.0,1,0.14,0.13,SPY191206P00299000,299.0,0,0.0,0.0,,0.0,normalDay
2019-11-27,4705.0,5.0,0.0,0,315.48,0.0,1,0.14,0.09,SPY191206P00299000,299.0,0,0.0,0.0,,0.0,normalDay
2019-11-29,4705.0,3.0,0.0,0,314.31,0.0,1,0.14,0.11,SPY191206P00299000,299.0,0,0.0,0.0,,0.0,normalDay
2019-12-02,4705.0,0.0,0.0,0,311.64,0.0,1,0.14,0.14,SPY191206P00299000,299.0,0,0.0,0.0,,0.0,normalDay
2019-12-03,4705.0,0.0,0.0,0,309.55,0.0,1,0.14,0.14,SPY191206P00299000,299.0,0,0.0,0.0,,0.0,normalDay
2019-12-04,4705.0,10.0,0.0,0,311.46,0.0,1,0.14,0.04,SPY191206P00299000,299.0,0,0.0,0.0,,0.0,normalDay
2019-12-05,4705.0,13.0,0.0,0,312.02,0.0,1,0.14,0.01,SPY191206P00299000,299.0,0,0.0,0.0,,0.0,normalDay
2019-12-06,4719.0,0.0,14.0,0,314.87,0.0,1,0.14,0.0,SPY191206P00299000,299.0,0,0.0,0.0,,0.0,expirationDay
2019-12-09,4719.0,-3.0,0.0,0,313.88,0.0,1,1.27,1.3,SPY191220P00305000,305.0,0,0.0,0.0,,0.0,normalDay
2019-12-10,4719.0,16.0,0.0,0,313.53,0.0,1,1.27,1.11,SPY191220P00305000,305.0,0,0.0,0.0,,0.0,normalDay
2019-12-11,4719.0,45.0,0.0,0,314.42,0.0,1,1.27,0.82,SPY191220P00305000,305.0,0,0.0,0.0,,0.0,normalDay
2019-12-12,4719.0,79.0,0.0,0,317.13,0.0,1,1.27,0.48,SPY191220P00305000,305.0,0,0.0,0.0,,0.0,normalDay
2019-12-13,4719.0,97.0,0.0,0,317.32,0.0,1,1.27,0.3,SPY191220P00305000,305.0,0,0.0,0.0,,0.0,normalDay
2019-12-16,4719.0,115.0,0.0,0,319.5,0.0,1,1.27,0.12,SPY191220P00305000,305.0,0,0.0,0.0,,0.0,normalDay
2019-12-17,4719.0,120.0,0.0,0,319.57,0.0,1,1.27,0.07,SPY191220P00305000,305.0,0,0.0,0.0,,0.0,normalDay
2019-12-18,4719.0,122.0,0.0,0,319.59,0.0,1,1.27,0.05,SPY191220P00305000,305.0,0,0.0,0.0,,0.0,normalDay
2019-12-19,4719.0,124.0,0.0,0,320.9,0.0,1,1.27,0.03,SPY191220P00305000,305.0,0,0.0,0.0,,0.0,normalDay
2019-12-20,4846.0,0.0,127.0,0,320.73,0.0,1,1.27,0.0,SPY191220P00305000,305.0,0,0.0,0.0,,0.0,expirationDay
2019-12-23,4846.0,-3.0,0.0,0,321.22,0.0,1,0.13,0.16,SPY200103P00304000,304.0,0,0.0,0.0,,0.0,normalDay
2019-12-24,4846.0,0.0,0.0,0,321.23,0.0,1,0.13,0.13,SPY200103P00304000,304.0,0,0.0,0.0,,0.0,normalDay
2019-12-26,4846.0,5.0,0.0,0,322.94,0.0,1,0.13,0.08,SPY200103P00304000,304.0,0,0.0,0.0,,0.0,normalDay
2019-12-27,4846.0,8.0,0.0,0,322.86,0.0,1,0.13,0.05,SPY200103P00304000,304.0,0,0.0,0.0,,0.0,normalDay
2019-12-30,4846.0,8.0,0.0,0,321.08,0.0,1,0.13,0.05,SPY200103P00304000,304.0,0,0.0,0.0,,0.0,normalDay
2019-12-31,4846.0,6.0,0.0,0,321.86,0.0,1,0.13,0.07,SPY200103P00304000,304.0,0,0.0,0.0,,0.0,normalDay
2020-01-02,4846.0,12.0,0.0,0,324.87,0.0,1,0.13,0.01,SPY200103P00304000,304.0,0,0.0,0.0,,0.0,normalDay
2020-01-03,4859.0,0.0,13.0,0,322.41,0.0,1,0.13,0.0,SPY200103P00304000,304.0,0,0.0,0.0,,0.0,expirationDay
2020-01-06,4859.0,-3.0,0.0,0,323.64,0.0,1,0.21,0.24,SPY200117P00308000,308.0,0,0.0,0.0,,0.0,normalDay
2020-01-07,4859.0,-3.0,0.0,0,322.73,0.0,1,0.21,0.24,SPY200117P00308000,308.0,0,0.0,0.0,,0.0,normalDay
2020-01-08,4859.0,3.0,0.0,0,324.45,0.0,1,0.21,0.18,SPY200117P00308000,308.0,0,0.0,0.0,,0.0,normalDay
2020-01-09,4859.0,11.0,0.0,0,326.65,0.0,1,0.21,0.1,SPY200117P00308000,308.0,0,0.0,0.0,,0.0,normalDay
2020-01-10,4859.0,15.0,0.0,0,325.71,0.0,1,0.21,0.06,SPY200117P00308000,308.0,0,0.0,0.0,,0.0,normalDay
2020-01-13,4859.0,18.0,0.0,0,327.95,0.0,1,0.21,0.03,SPY200117P00308000,308.0,0,0.0,0.0,,0.0,normalDay
2020-01-14,4859.0,18.0,0.0,0,327.45,0.0,1,0.21,0.03,SPY200117P00308000,308.0,0,0.0,0.0,,0.0,normalDay
2020-01-15,4859.0,19.0,0.0,0,328.19,0.0,1,0.21,0.02,SPY200117P00308000,308.0,0,0.0,0.0,,0.0,normalDay
2020-01-16,4859.0,20.0,0.0,0,330.92,0.0,1,0.21,0.01,SPY200117P00308000,308.0,0,0.0,0.0,,0.0,normalDay
2020-01-17,4880.0,0.0,21.0,0,331.95,0.0,1,0.21,0.0,SPY200117P00308000,308.0,0,0.0,0.0,,0.0,expirationDay
2020-01-21,4880.0,-3.0,0.0,0,331.3,0.0,1,0.12,0.15,SPY200131P00313000,313.0,0,0.0,0.0,,0.0,normalDay
2020-01-22,4880.0,3.0,0.0,0,331.34,0.0,1,0.12,0.09,SPY200131P00313000,313.0,0,0.0,0.0,,0.0,normalDay
2020-01-23,4880.0,3.0,0.0,0,331.72,0.0,1,0.12,0.09,SPY200131P00313000,313.0,0,0.0,0.0,,0.0,normalDay
2020-01-24,4880.0,-5.0,0.0,0,328.77,0.0,1,0.12,0.17,SPY200131P00313000,313.0,0,0.0,0.0,,0.0,normalDay
2020-01-27,4880.0,-46.0,0.0,0,323.5,0.0,1,0.12,0.58,SPY200131P00313000,313.0,0,0.0,0.0,,0.0,normalDay
2020-01-28,4880.0,0.0,0.0,0,326.89,0.0,1,0.12,0.12,SPY200131P00313000,313.0,0,0.0,0.0,,0.0,normalDay
2020-01-29,4880.0,7.0,0.0,0,326.62,0.0,1,0.12,0.05,SPY200131P00313000,313.0,0,0.0,0.0,,0.0,normalDay
2020-01-30,4880.0,10.0,0.0,0,327.68,0.0,1,0.12,0.02,SPY200131P00313000,313.0,0,0.0,0.0,,0.0,normalDay
2020-01-31,4892.0,0.0,12.0,0,321.73,0.0,1,0.12,0.0,SPY200131P00313000,313.0,0,0.0,0.0,,0.0,expirationDay
2020-02-03,4892.0,-4.0,0.0,0,324.12,0.0,1,1.86,1.9,SPY200214P00317000,317.0,0,0.0,0.0,,0.0,normalDay
2020-02-04,4892.0,124.0,0.0,0,329.06,0.0,1,1.86,0.62,SPY200214P00317000,317.0,0,0.0,0.0,,0.0,normalDay
2020-02-05,4892.0,163.0,0.0,0,332.86,0.0,1,1.86,0.23,SPY200214P00317000,317.0,0,0.0,0.0,,0.0,normalDay
2020-02-06,4892.0,169.0,0.0,0,333.98,0.0,1,1.86,0.17,SPY200214P00317000,317.0,0,0.0,0.0,,0.0,normalDay
2020-02-07,4892.0,170.0,0.0,0,332.2,0.0,1,1.86,0.16,SPY200214P00317000,317.0,0,0.0,0.0,,0.0,normalDay
2020-02-10,4892.0,182.0,0.0,0,334.68,0.0,1,1.86,0.04,SPY200214P00317000,317.0,0,0.0,0.0,,0.0,normalDay
2020-02-11,4892.0,183.0,0.0,0,335.26,0.0,1,1.86,0.03,SPY200214P00317000,317.0,0,0.0,0.0,,0.0,normalDay
2020-02-12,4892.0,184.0,0.0,0,337.42,0.0,1,1.86,0.02,SPY200214P00317000,317.0,0,0.0,0.0,,0.0,normalDay
2020-02-13,4892.0,185.0,0.0,0,337.06,0.0,1,1.86,0.01,SPY200214P00317000,317.0,0,0.0,0.0,,0.0,normalDay
2020-02-14,5078.0,0.0,186.0,0,337.6,0.0,1,1.86,0.0,SPY200214P00317000,317.0,0,0.0,0.0,,0.0,expirationDay
2020-02-18,5078.0,-3.0,0.0,0,336.73,0.0,1,0.12,0.15,SPY200228P00315000,315.0,0,0.0,0.0,,0.0,normalDay
2020-02-19,5078.0,2.0,0.0,0,338.34,0.0,1,0.12,0.1,SPY200228P00315000,315.0,0,0.0,0.0,,0.0,normalDay
2020-02-20,5078.0,2.0,0.0,0,336.95,0.0,1,0.12,0.1,SPY200228P00315000,315.0,0,0.0,0.0,,0.0,normalDay
2020-02-21,5078.0,1.0,0.0,0,333.48,0.0,1,0.12,0.11,SPY200228P00315000,315.0,0,0.0,0.0,,0.0,normalDay
2020-02-24,5078.0,-210.0,0.0,0,322.42,0.0,1,0.12,2.22,SPY200228P00315000,315.0,0,0.0,0.0,,0.0,normalDay
2020-02-25,5078.0,-499.0,0.0,0,312.65,0.0,1,0.12,5.11,SPY200228P00315000,315.0,0,0.0,0.0,,0.0,normalDay
2020-02-26,5078.0,-533.0,0.0,0,311.5,0.0,1,0.12,5.45,SPY200228P00315000,315.0,0,0.0,0.0,,0.0,normalDay
2020-02-27,5078.0,-1773.0,0.0,0,297.51,0.0,1,0.12,17.85,SPY200228P00315000,315.0,0,0.0,0.0,,0.0,normalDay
2020-02-28,5090.0,-1874.0,12.0,100,296.26,315.0,1,0.12,0.0,SPY200228P00315000,315.0,0,0.0,0.0,,0.0,expirationDay
2020-03-02,5090.0,-606.0,0.0,100,309.09,315.0,0,0.0,0.0,,0.0,1,0.18,0.33,SPY200717C00366000,366.0,normalDay
2020-03-03,5090.0,-1488.0,0.0,100,300.24,315.0,0,0.0,0.0,,0.0,1,0.18,0.3,SPY200717C00366000,366.0,normalDay
2020-03-04,5090.0,-244.0,0.0,100,312.86,315.0,0,0.0,0.0,,0.0,1,0.18,0.48,SPY200717C00366000,366.0,normalDay
2020-03-05,5090.0,-1296.0,0.0,100,302.46,315.0,0,0.0,0.0,,0.0,1,0.18,0.6,SPY200717C00366000,366.0,normalDay
2020-03-06,5090.0,-1791.0,0.0,100,297.46,315.0,0,0.0,0.0,,0.0,1,0.18,0.55,SPY200717C00366000,366.0,normalDay
2020-03-09,5090.0,-4100.0,0.0,100,274.23,315.0,0,0.0,0.0,,0.0,1,0.18,0.41,SPY200717C00366000,366.0,normalDay
2020-03-10,5090.0,-2675.0,0.0,100,288.42,315.0,0,0.0,0.0,,0.0,1,0.18,0.35,SPY200717C00366000,366.0,normalDay
2020-03-11,5090.0,-4071.0,0.0,100,274.36,315.0,0,0.0,0.0,,0.0,1,0.18,0.25,SPY200717C00366000,366.0,normalDay
2020-03-12,5090.0,-6698.0,0.0,100,248.11,315.0,0,0.0,0.0,,0.0,1,0.18,0.27,SPY200717C00366000,366.0,normalDay
2020-03-13,5090.0,-4639.0,0.0,100,269.32,315.0,0,0.0,0.0,,0.0,1,0.18,0.89,SPY200717C00366000,366.0,normalDay
2020-03-16,5090.0,-7543.0,0.0,100,239.85,315.0,0,0.0,0.0,,0.0,1,0.18,0.46,SPY200717C00366000,366.0,normalDay
2020-03-17,5090.0,-6223.0,0.0,100,252.8,315.0,0,0.0,0.0,,0.0,1,0.18,0.21,SPY200717C00366000,366.0,normalDay
2020-03-18,5090.0,-7517.0,0.0,100,240.0,315.0,0,0.0,0.0,,0.0,1,0.18,0.35,SPY200717C00366000,366.0,normalDay
2020-03-19,5090.0,-7466.0,0.0,100,240.51,315.0,0,0.0,0.0,,0.0,1,0.18,0.35,SPY200717C00366000,366.0,normalDay
2020-03-20,5090.0,-8619.0,0.0,100,228.8,315.0,0,0.0,0.0,,0.0,1,0.18,0.17,SPY200717C00366000,366.0,normalDay
2020-03-23,5090.0,-9205.0,0.0,100,222.95,315.0,0,0.0,0.0,,0.0,1,0.18,0.18,SPY200717C00366000,366.0,normalDay
2020-03-24,5090.0,-7186.0,0.0,100,243.15,315.0,0,0.0,0.0,,0.0,1,0.18,0.19,SPY200717C00366000,366.0,normalDay
2020-03-25,5090.0,-6824.0,0.0,100,246.79,315.0,0,0.0,0.0,,0.0,1,0.18,0.21,SPY200717C00366000,366.0,normalDay
2020-03-26,5090.0,-5382.0,0.0,100,261.2,315.0,0,0.0,0.0,,0.0,1,0.18,0.2,SPY200717C00366000,366.0,normalDay
2020-03-27,5090.0,-6154.0,0.0,100,253.42,315.0,0,0.0,0.0,,0.0,1,0.18,0.14,SPY200717C00366000,366.0,normalDay
2020-03-30,5090.0,-5332.0,0.0,100,261.65,315.0,0,0.0,0.0,,0.0,1,0.18,0.15,SPY200717C00366000,366.0,normalDay
2020-03-31,5090.0,-5716.0,0.0,100,257.75,315.0,0,0.0,0.0,,0.0,1,0.18,0.09,SPY200717C00366000,366.0,normalDay
2020-04-01,5090.0,-6876.0,0.0,100,246.15,315.0,0,0.0,0.0,,0.0,1,0.18,0.09,SPY200717C00366000,366.0,normalDay
2020-04-02,5090.0,-6309.0,0.0,100,251.83,315.0,0,0.0,0.0,,0.0,1,0.18,0.1,SPY200717C00366000,366.0,normalDay
2020-04-03,5090.0,-6672.0,0.0,100,248.19,315.0,0,0.0,0.0,,0.0,1,0.18,0.09,SPY200717C00366000,366.0,normalDay
2020-04-06,5090.0,-5009.0,0.0,100,264.86,315.0,0,0.0,0.0,,0.0,1,0.18,0.13,SPY200717C00366000,366.0,normalDay
2020-04-07,5090.0,-4981.0,0.0,100,265.13,315.0,0,0.0,0.0,,0.0,1,0.18,0.12,SPY200717C00366000,366.0,normalDay
2020-04-08,5090.0,-4095.0,0.0,100,274.03,315.0,0,0.0,0.0,,0.0,1,0.18,0.16,SPY200717C00366000,366.0,normalDay
2020-04-09,5090.0,-3681.0,0.0,100,278.2,315.0,0,0.0,0.0,,0.0,1,0.18,0.19,SPY200717C00366000,366.0,normalDay
2020-04-13,5090.0,-3931.0,0.0,100,275.66,315.0,0,0.0,0.0,,0.0,1,0.18,0.15,SPY200717C00366000,366.0,normalDay
2020-04-14,5090.0,-3121.0,0.0,100,283.79,315.0,0,0.0,0.0,,0.0,1,0.18,0.18,SPY200717C00366000,366.0,normalDay
2020-04-15,5090.0,-3720.0,0.0,100,277.76,315.0,0,0.0,0.0,,0.0,1,0.18,0.14,SPY200717C00366000,366.0,normalDay
2020-04-16,5090.0,-3586.0,0.0,100,279.1,315.0,0,0.0,0.0,,0.0,1,0.18,0.14,SPY200717C00366000,366.0,normalDay
2020-04-17,5090.0,-2836.0,0.0,100,286.64,315.0,0,0.0,0.0,,0.0,1,0.18,0.18,SPY200717C00366000,366.0,normalDay
2020-04-20,5090.0,-3338.0,0.0,100,281.59,315.0,0,0.0,0.0,,0.0,1,0.18,0.15,SPY200717C00366000,366.0,normalDay
2020-04-21,5090.0,-4189.0,0.0,100,273.04,315.0,0,0.0,0.0,,0.0,1,0.18,0.11,SPY200717C00366000,366.0,normalDay
2020-04-22,5090.0,-3583.0,0.0,100,279.1,315.0,0,0.0,0.0,,0.0,1,0.18,0.11,SPY200717C00366000,366.0,normalDay
2020-04-23,5090.0,-3585.0,0.0,100,279.08,315.0,0,0.0,0.0,,0.0,1,0.18,0.11,SPY200717C00366000,366.0,normalDay
2020-04-24,5090.0,-3197.0,0.0,100,282.97,315.0,0,0.0,0.0,,0.0,1,0.18,0.12,SPY200717C00366000,366.0,normalDay
2020-04-27,5090.0,-2789.0,0.0,100,287.05,315.0,0,0.0,0.0,,0.0,1,0.18,0.12,SPY200717C00366000,366.0,normalDay
2020-04-28,5090.0,-2918.0,0.0,100,285.73,315.0,0,0.0,0.0,,0.0,1,0.18,0.09,SPY200717C00366000,366.0,normalDay
2020-04-29,5090.0,-2173.0,0.0,100,293.21,315.0,0,0.0,0.0,,0.0,1,0.18,0.12,SPY200717C00366000,366.0,normalDay
2020-04-30,5090.0,-2444.0,0.0,100,290.48,315.0,0,0.0,0.0,,0.0,1,0.18,0.1,SPY200717C00366000,366.0,normalDay
2020-05-01,5090.0,-3211.0,0.0,100,282.79,315.0,0,0.0,0.0,,0.0,1,0.18,0.08,SPY200717C00366000,366.0,normalDay
2020-05-04,5090.0,-3133.0,0.0,100,283.57,315.0,0,0.0,0.0,,0.0,1,0.18,0.08,SPY200717C00366000,366.0,normalDay
2020-05-05,5090.0,-2871.0,0.0,100,286.19,315.0,0,0.0,0.0,,0.0,1,0.18,0.08,SPY200717C00366000,366.0,normalDay
2020-05-06,5090.0,-3063.0,0.0,100,284.25,315.0,0,0.0,0.0,,0.0,1,0.18,0.06,SPY200717C00366000,366.0,normalDay
2020-05-07,5090.0,-2721.0,0.0,100,287.68,315.0,0,0.0,0.0,,0.0,1,0.18,0.07,SPY200717C00366000,366.0,normalDay
2020-05-08,5090.0,-2244.0,0.0,100,292.44,315.0,0,0.0,0.0,,0.0,1,0.18,0.06,SPY200717C00366000,366.0,normalDay
2020-05-11,5090.0,-2237.0,0.0,100,292.5,315.0,0,0.0,0.0,,0.0,1,0.18,0.05,SPY200717C00366000,366.0,normalDay
2020-05-12,5090.0,-2819.0,0.0,100,286.67,315.0,0,0.0,0.0,,0.0,1,0.18,0.04,SPY200717C00366000,366.0,normalDay
2020-05-13,5090.0,-3326.0,0.0,100,281.6,315.0,0,0.0,0.0,,0.0,1,0.18,0.04,SPY200717C00366000,366.0,normalDay
2020-05-14,5090.0,-2988.0,0.0,100,284.97,315.0,0,0.0,0.0,,0.0,1,0.18,0.03,SPY200717C00366000,366.0,normalDay
2020-05-15,5090.0,-2857.0,0.0,100,286.28,315.0,0,0.0,0.0,,0.0,1,0.18,0.03,SPY200717C00366000,366.0,normalDay
2020-05-18,5090.0,-1987.0,0.0,100,295.0,315.0,0,0.0,0.0,,0.0,1,0.18,0.05,SPY200717C00366000,366.0,normalDay
2020-05-19,5090.0,-2290.0,0.0,100,291.97,315.0,0,0.0,0.0,,0.0,1,0.18,0.05,SPY200717C00366000,366.0,normalDay
2020-05-20,5090.0,-1795.0,0.0,100,296.93,315.0,0,0.0,0.0,,0.0,1,0.18,0.06,SPY200717C00366000,366.0,normalDay
2020-05-21,5090.0,-1999.0,0.0,100,294.88,315.0,0,0.0,0.0,,0.0,1,0.18,0.05,SPY200717C00366000,366.0,normalDay
2020-05-22,5090.0,-1943.0,0.0,100,295.44,315.0,0,0.0,0.0,,0.0,1,0.18,0.05,SPY200717C00366000,366.0,normalDay
2020-05-26,5090.0,-1579.0,0.0,100,299.08,315.0,0,0.0,0.0,,0.0,1,0.18,0.05,SPY200717C00366000,366.0,normalDay
2020-05-27,5090.0,-1134.0,0.0,100,303.53,315.0,0,0.0,0.0,,0.0,1,0.18,0.05,SPY200717C00366000,366.0,normalDay
2020-05-28,5090.0,-1191.0,0.0,100,302.97,315.0,0,0.0,0.0,,0.0,1,0.18,0.06,SPY200717C00366000,366.0,normalDay
2020-05-29,5090.0,-1056.0,0.0,100,304.32,315.0,0,0.0,0.0,,0.0,1,0.18,0.06,SPY200717C00366000,366.0,normalDay
2020-06-01,5090.0,-932.0,0.0,100,305.55,315.0,0,0.0,0.0,,0.0,1,0.18,0.05,SPY200717C00366000,366.0,normalDay
2020-06-02,5090.0,-679.0,0.0,100,308.08,315.0,0,0.0,0.0,,0.0,1,0.18,0.05,SPY200717C00366000,366.0,normalDay
2020-06-03,5090.0,-271.0,0.0,100,312.18,315.0,0,0.0,0.0,,0.0,1,0.18,0.07,SPY200717C00366000,366.0,normalDay
2020-06-04,5090.0,-352.0,0.0,100,311.36,315.0,0,0.0,0.0,,0.0,1,0.18,0.06,SPY200717C00366000,366.0,normalDay
2020-06-05,5090.0,439.0,0.0,100,319.34,315.0,0,0.0,0.0,,0.0,1,0.18,0.13,SPY200717C00366000,366.0,normalDay
2020-06-08,5090.0,819.0,0.0,100,323.2,315.0,0,0.0,0.0,,0.0,1,0.18,0.19,SPY200717C00366000,366.0,normalDay
2020-06-09,5090.0,579.0,0.0,100,320.79,315.0,0,0.0,0.0,,0.0,1,0.18,0.18,SPY200717C00366000,366.0,normalDay
2020-06-10,5090.0,404.0,0.0,100,319.0,315.0,0,0.0,0.0,,0.0,1,0.18,0.14,SPY200717C00366000,366.0,normalDay
2020-06-11,5090.0,-1429.0,0.0,100,300.61,315.0,0,0.0,0.0,,0.0,1,0.18,0.08,SPY200717C00366000,366.0,normalDay
2020-06-12,5090.0,-1069.0,0.0,100,304.21,315.0,0,0.0,0.0,,0.0,1,0.18,0.08,SPY200717C00366000,366.0,normalDay
2020-06-15,5090.0,-785.0,0.0,100,307.05,315.0,0,0.0,0.0,,0.0,1,0.18,0.08,SPY200717C00366000,366.0,normalDay
2020-06-16,5090.0,-197.0,0.0,100,312.96,315.0,0,0.0,0.0,,0.0,1,0.18,0.11,SPY200717C00366000,366.0,normalDay
2020-06-17,5090.0,-326.0,0.0,100,311.66,315.0,0,0.0,0.0,,0.0,1,0.18,0.1,SPY200717C00366000,366.0,normalDay
2020-06-18,5090.0,-311.0,0.0,100,311.78,315.0,0,0.0,0.0,,0.0,1,0.18,0.07,SPY200717C00366000,366.0,normalDay
2020-06-19,5090.0,-622.0,0.0,100,308.64,315.0,0,0.0,0.0,,0.0,1,0.18,0.04,SPY200717C00366000,366.0,normalDay
2020-06-22,5090.0,-423.0,0.0,100,310.62,315.0,0,0.0,0.0,,0.0,1,0.18,0.03,SPY200717C00366000,366.0,normalDay
2020-06-23,5090.0,-280.0,0.0,100,312.05,315.0,0,0.0,0.0,,0.0,1,0.18,0.03,SPY200717C00366000,366.0,normalDay
2020-06-24,5090.0,-1076.0,0.0,100,304.09,315.0,0,0.0,0.0,,0.0,1,0.18,0.03,SPY200717C00366000,366.0,normalDay
2020-06-25,5090.0,-750.0,0.0,100,307.35,315.0,0,0.0,0.0,,0.0,1,0.18,0.03,SPY200717C00366000,366.0,normalDay
2020-06-26,5090.0,-1479.0,0.0,100,300.05,315.0,0,0.0,0.0,,0.0,1,0.18,0.02,SPY200717C00366000,366.0,normalDay
2020-06-29,5090.0,-1038.0,0.0,100,304.46,315.0,0,0.0,0.0,,0.0,1,0.18,0.02,SPY200717C00366000,366.0,normalDay
2020-06-30,5090.0,-648.0,0.0,100,308.36,315.0,0,0.0,0.0,,0.0,1,0.18,0.02,SPY200717C00366000,366.0,normalDay
2020-07-01,5090.0,-431.0,0.0,100,310.52,315.0,0,0.0,0.0,,0.0,1,0.18,0.01,SPY200717C00366000,366.0,normalDay
2020-07-02,5090.0,-260.0,0.0,100,312.23,315.0,0,0.0,0.0,,0.0,1,0.18,0.01,SPY200717C00366000,366.0,normalDay
2020-07-06,5090.0,222.0,0.0,100,317.05,315.0,0,0.0,0.0,,0.0,1,0.18,0.01,SPY200717C00366000,366.0,normalDay
2020-07-07,5090.0,-105.0,0.0,100,313.78,315.0,0,0.0,0.0,,0.0,1,0.18,0.01,SPY200717C00366000,366.0,normalDay
2020-07-08,5090.0,135.0,0.0,100,316.18,315.0,0,0.0,0.0,,0.0,1,0.18,0.01,SPY200717C00366000,366.0,normalDay
2020-07-09,5090.0,-45.0,0.0,100,314.38,315.0,0,0.0,0.0,,0.0,1,0.18,0.01,SPY200717C00366000,366.0,normalDay
2020-07-10,5090.0,276.0,0.0,100,317.59,315.0,0,0.0,0.0,,0.0,1,0.18,0.01,SPY200717C00366000,366.0,normalDay
2020-07-13,5090.0,1.0,0.0,100,314.84,315.0,0,0.0,0.0,,0.0,1,0.18,0.01,SPY200717C00366000,366.0,normalDay
2020-07-14,5090.0,409.0,0.0,100,318.92,315.0,0,0.0,0.0,,0.0,1,0.18,0.01,SPY200717C00366000,366.0,normalDay
2020-07-15,5090.0,702.0,0.0,100,321.85,315.0,0,0.0,0.0,,0.0,1,0.18,0.01,SPY200717C00366000,366.0,normalDay
2020-07-16,5090.0,596.0,0.0,100,320.79,315.0,0,0.0,0.0,,0.0,1,0.18,0.01,SPY200717C00366000,366.0,normalDay
2020-07-17,5108.0,672.0,18.0,100,321.72,315.0,0,0.0,0.0,,0.0,1,0.18,0.0,SPY200717C00366000,366.0,expirationDay
2020-07-20,5108.0,921.0,0.0,100,324.32,315.0,0,0.0,0.0,,0.0,1,12.38,12.49,SPY201120C00333000,333.0,normalDay
2020-07-21,5108.0,950.0,0.0,100,325.01,315.0,0,0.0,0.0,,0.0,1,12.38,12.89,SPY201120C00333000,333.0,normalDay
2020-07-22,5108.0,1083.0,0.0,100,326.86,315.0,0,0.0,0.0,,0.0,1,12.38,13.41,SPY201120C00333000,333.0,normalDay
2020-07-23,5108.0,884.0,0.0,100,322.96,315.0,0,0.0,0.0,,0.0,1,12.38,11.5,SPY201120C00333000,333.0,normalDay
2020-07-24,5108.0,744.0,0.0,100,320.88,315.0,0,0.0,0.0,,0.0,1,12.38,10.82,SPY201120C00333000,333.0,normalDay
2020-07-27,5108.0,910.0,0.0,100,323.22,315.0,0,0.0,0.0,,0.0,1,12.38,11.5,SPY201120C00333000,333.0,normalDay
2020-07-28,5108.0,795.0,0.0,100,321.17,315.0,0,0.0,0.0,,0.0,1,12.38,10.6,SPY201120C00333000,333.0,normalDay
2020-07-29,5108.0,1027.0,0.0,100,325.12,315.0,0,0.0,0.0,,0.0,1,12.38,12.23,SPY201120C00333000,333.0,normalDay
2020-07-30,5108.0,917.0,0.0,100,323.96,315.0,0,0.0,0.0,,0.0,1,12.38,12.17,SPY201120C00333000,333.0,normalDay
2020-07-31,5108.0,1064.0,0.0,100,326.52,315.0,0,0.0,0.0,,0.0,1,12.38,13.26,SPY201120C00333000,333.0,normalDay
2020-08-03,5108.0,1202.0,0.0,100,328.79,315.0,0,0.0,0.0,,0.0,1,12.38,14.15,SPY201120C00333000,333.0,normalDay
2020-08-04,5108.0,1302.0,0.0,100,330.06,315.0,0,0.0,0.0,,0.0,1,12.38,14.42,SPY201120C00333000,333.0,normalDay
2020-08-05,5108.0,1418.0,0.0,100,332.11,315.0,0,0.0,0.0,,0.0,1,12.38,15.31,SPY201120C00333000,333.0,normalDay
2020-08-06,5108.0,1512.0,0.0,100,334.33,315.0,0,0.0,0.0,,0.0,1,12.38,16.59,SPY201120C00333000,333.0,normalDay
2020-08-07,5108.0,1535.0,0.0,100,334.57,315.0,0,0.0,0.0,,0.0,1,12.38,16.6,SPY201120C00333000,333.0,normalDay
2020-08-10,5108.0,1611.0,0.0,100,335.57,315.0,0,0.0,0.0,,0.0,1,12.38,16.84,SPY201120C00333000,333.0,normalDay
2020-08-11,5108.0,1438.0,0.0,100,332.8,315.0,0,0.0,0.0,,0.0,1,12.38,15.8,SPY201120C00333000,333.0,normalDay
2020-08-12,5108.0,1691.0,0.0,100,337.44,315.0,0,0.0,0.0,,0.0,1,12.38,17.91,SPY201120C00333000,333.0,normalDay
2020-08-13,5108.0,1673.0,0.0,100,336.83,315.0,0,0.0,0.0,,0.0,1,12.38,17.48,SPY201120C00333000,333.0,normalDay
2020-08-14,5108.0,1681.0,0.0,100,336.84,315.0,0,0.0,0.0,,0.0,1,12.38,17.41,SPY201120C00333000,333.0,normalDay
2020-08-17,5108.0,1779.0,0.0,100,337.91,315.0,0,0.0,0.0,,0.0,1,12.38,17.5,SPY201120C00333000,333.0,normalDay
2020-08-18,5108.0,1822.0,0.0,100,338.64,315.0,0,0.0,0.0,,0.0,1,12.38,17.8,SPY201120C00333000,333.0,normalDay
2020-08-19,5108.0,1752.0,0.0,100,337.23,315.0,0,0.0,0.0,,0.0,1,12.38,17.09,SPY201120C00333000,333.0,normalDay
2020-08-20,5108.0,1822.0,0.0,100,338.28,315.0,0,0.0,0.0,,0.0,1,12.38,17.44,SPY201120C00333000,333.0,normalDay
2020-08-21,5108.0,1862.0,0.0,100,339.48,315.0,0,0.0,0.0,,0.0,1,12.38,18.24,SPY201120C00333000,333.0,normalDay
2020-08-24,5108.0,1995.0,0.0,100,342.92,315.0,0,0.0,0.0,,0.0,1,12.38,20.35,SPY201120C00333000,333.0,normalDay
2020-08-25,5108.0,2022.0,0.0,100,344.12,315.0,0,0.0,0.0,,0.0,1,12.38,21.28,SPY201120C00333000,333.0,normalDay
2020-08-26,5108.0,2075.0,0.0,100,347.57,315.0,0,0.0,0.0,,0.0,1,12.38,24.2,SPY201120C00333000,333.0,normalDay
2020-08-27,5108.0,2047.0,0.0,100,348.33,315.0,0,0.0,0.0,,0.0,1,12.38,25.24,SPY201120C00333000,333.0,normalDay
2020-08-28,5108.0,2161.0,0.0,100,350.58,315.0,0,0.0,0.0,,0.0,1,12.38,26.35,SPY201120C00333000,333.0,normalDay
2020-08-31,5108.0,1996.0,0.0,100,349.31,315.0,0,0.0,0.0,,0.0,1,12.38,26.73,SPY201120C00333000,333.0,normalDay
2020-09-01,5108.0,2109.0,0.0,100,352.6,315.0,0,0.0,0.0,,0.0,1,12.38,28.89,SPY201120C00333000,333.0,normalDay
2020-09-02,5108.0,2161.0,0.0,100,357.7,315.0,0,0.0,0.0,,0.0,1,12.38,33.47,SPY201120C00333000,333.0,normalDay
2020-09-03,5108.0,1642.0,0.0,100,345.39,315.0,0,0.0,0.0,,0.0,1,12.38,26.35,SPY201120C00333000,333.0,normalDay
2020-09-04,5108.0,1742.0,0.0,100,342.57,315.0,0,0.0,0.0,,0.0,1,12.38,22.53,SPY201120C00333000,333.0,normalDay
2020-09-08,5108.0,1441.0,0.0,100,333.21,315.0,0,0.0,0.0,,0.0,1,12.38,16.18,SPY201120C00333000,333.0,normalDay
2020-09-09,5108.0,1802.0,0.0,100,339.79,315.0,0,0.0,0.0,,0.0,1,12.38,19.15,SPY201120C00333000,333.0,normalDay
2020-09-10,5108.0,1540.0,0.0,100,333.89,315.0,0,0.0,0.0,,0.0,1,12.38,15.87,SPY201120C00333000,333.0,normalDay
2020-09-11,5108.0,1687.0,0.0,100,334.06,315.0,0,0.0,0.0,,0.0,1,12.38,14.57,SPY201120C00333000,333.0,normalDay
2020-09-14,5108.0,1865.0,0.0,100,338.46,315.0,0,0.0,0.0,,0.0,1,12.38,17.19,SPY201120C00333000,333.0,normalDay
2020-09-15,5108.0,1931.0,0.0,100,340.17,315.0,0,0.0,0.0,,0.0,1,12.38,18.24,SPY201120C00333000,333.0,normalDay
2020-09-16,5108.0,1923.0,0.0,100,338.82,315.0,0,0.0,0.0,,0.0,1,12.38,16.97,SPY201120C00333000,333.0,normalDay
2020-09-17,5108.0,1795.0,0.0,100,335.84,315.0,0,0.0,0.0,,0.0,1,12.38,15.27,SPY201120C00333000,333.0,normalDay
2020-09-18,5108.0,1547.0,0.0,100,330.65,315.0,0,0.0,0.0,,0.0,1,12.38,12.56,SPY201120C00333000,333.0,normalDay
2020-09-21,5108.0,1328.0,0.0,100,326.97,315.0,0,0.0,0.0,,0.0,1,12.38,11.07,SPY201120C00333000,333.0,normalDay
2020-09-22,5108.0,1527.0,0.0,100,330.3,315.0,0,0.0,0.0,,0.0,1,12.38,12.41,SPY201120C00333000,333.0,normalDay
2020-09-23,5108.0,1092.0,0.0,100,322.64,315.0,0,0.0,0.0,,0.0,1,12.38,9.1,SPY201120C00333000,333.0,normalDay
2020-09-24,5108.0,1166.0,0.0,100,323.5,315.0,0,0.0,0.0,,0.0,1,12.38,9.22,SPY201120C00333000,333.0,normalDay
2020-09-25,5108.0,1489.0,0.0,100,328.73,315.0,0,0.0,0.0,,0.0,1,12.38,11.22,SPY201120C00333000,333.0,normalDay
2020-09-28,5108.0,1730.0,0.0,100,334.19,315.0,0,0.0,0.0,,0.0,1,12.38,14.27,SPY201120C00333000,333.0,normalDay
2020-09-29,5108.0,1633.0,0.0,100,332.37,315.0,0,0.0,0.0,,0.0,1,12.38,13.42,SPY201120C00333000,333.0,normalDay
2020-09-30,5108.0,1856.0,0.0,100,334.89,315.0,0,0.0,0.0,,0.0,1,12.38,13.71,SPY201120C00333000,333.0,normalDay
2020-10-01,5108.0,1863.0,0.0,100,337.04,315.0,0,0.0,0.0,,0.0,1,12.38,15.79,SPY201120C00333000,333.0,normalDay
2020-10-02,5108.0,1726.0,0.0,100,333.84,315.0,0,0.0,0.0,,0.0,1,12.38,13.96,SPY201120C00333000,333.0,normalDay
2020-10-05,5108.0,2034.0,0.0,100,339.76,315.0,0,0.0,0.0,,0.0,1,12.38,16.8,SPY201120C00333000,333.0,normalDay
2020-10-06,5108.0,1829.0,0.0,100,334.93,315.0,0,0.0,0.0,,0.0,1,12.38,14.02,SPY201120C00333000,333.0,normalDay
2020-10-07,5108.0,2125.0,0.0,100,340.76,315.0,0,0.0,0.0,,0.0,1,12.38,16.89,SPY201120C00333000,333.0,normalDay
2020-10-08,5108.0,2288.0,0.0,100,343.78,315.0,0,0.0,0.0,,0.0,1,12.38,18.28,SPY201120C00333000,333.0,normalDay
2020-10-09,5108.0,2418.0,0.0,100,346.85,315.0,0,0.0,0.0,,0.0,1,12.38,20.05,SPY201120C00333000,333.0,normalDay
2020-10-12,5108.0,2551.0,0.0,100,352.43,315.0,0,0.0,0.0,,0.0,1,12.38,24.3,SPY201120C00333000,333.0,normalDay
2020-10-13,5108.0,2492.0,0.0,100,350.13,315.0,0,0.0,0.0,,0.0,1,12.38,22.59,SPY201120C00333000,333.0,normalDay
2020-10-14,5108.0,2459.0,0.0,100,347.93,315.0,0,0.0,0.0,,0.0,1,12.38,20.72,SPY201120C00333000,333.0,normalDay
2020-10-15,5108.0,2442.0,0.0,100,347.5,315.0,0,0.0,0.0,,0.0,1,12.38,20.46,SPY201120C00333000,333.0,normalDay
2020-10-16,5108.0,2488.0,0.0,100,347.29,315.0,0,0.0,0.0,,0.0,1,12.38,19.79,SPY201120C00333000,333.0,normalDay
2020-10-19,5108.0,2269.0,0.0,100,342.01,315.0,0,0.0,0.0,,0.0,1,12.38,16.7,SPY201120C00333000,333.0,normalDay
2020-10-20,5108.0,2363.0,0.0,100,343.38,315.0,0,0.0,0.0,,0.0,1,12.38,17.13,SPY201120C00333000,333.0,normalDay
2020-10-21,5108.0,2322.0,0.0,100,342.73,315.0,0,0.0,0.0,,0.0,1,12.38,16.89,SPY201120C00333000,333.0,normalDay
2020-10-22,5108.0,2447.0,0.0,100,344.61,315.0,0,0.0,0.0,,0.0,1,12.38,17.52,SPY201120C00333000,333.0,normalDay
2020-10-23,5108.0,2533.0,0.0,100,345.78,315.0,0,0.0,0.0,,0.0,1,12.38,17.83,SPY201120C00333000,333.0,normalDay
2020-10-26,5108.0,2209.0,0.0,100,339.39,315.0,0,0.0,0.0,,0.0,1,12.38,14.68,SPY201120C00333000,333.0,normalDay
2020-10-27,5108.0,2178.0,0.0,100,338.22,315.0,0,0.0,0.0,,0.0,1,12.38,13.82,SPY201120C00333000,333.0,normalDay
2020-10-28,5108.0,1528.0,0.0,100,326.66,315.0,0,0.0,0.0,,0.0,1,12.38,8.76,SPY201120C00333000,333.0,normalDay
2020-10-29,5108.0,1767.0,0.0,100,329.98,315.0,0,0.0,0.0,,0.0,1,12.38,9.69,SPY201120C00333000,333.0,normalDay
2020-10-30,5108.0,1605.0,0.0,100,326.54,315.0,0,0.0,0.0,,0.0,1,12.38,7.87,SPY201120C00333000,333.0,normalDay
2020-11-02,5108.0,1888.0,0.0,100,330.2,315.0,0,0.0,0.0,,0.0,1,12.38,8.7,SPY201120C00333000,333.0,normalDay
2020-11-03,5108.0,2253.0,0.0,100,336.03,315.0,0,0.0,0.0,,0.0,1,12.38,10.88,SPY201120C00333000,333.0,normalDay
2020-11-04,5108.0,2586.0,0.0,100,343.54,315.0,0,0.0,0.0,,0.0,1,12.38,15.06,SPY201120C00333000,333.0,normalDay
2020-11-05,5108.0,2763.0,0.0,100,350.24,315.0,0,0.0,0.0,,0.0,1,12.38,19.99,SPY201120C00333000,333.0,normalDay
2020-11-06,5108.0,2847.0,0.0,100,350.16,315.0,0,0.0,0.0,,0.0,1,12.38,19.07,SPY201120C00333000,333.0,normalDay
2020-11-09,5108.0,2825.0,0.0,100,354.56,315.0,0,0.0,0.0,,0.0,1,12.38,23.69,SPY201120C00333000,333.0,normalDay
2020-11-10,5108.0,2895.0,0.0,100,354.04,315.0,0,0.0,0.0,,0.0,1,12.38,22.47,SPY201120C00333000,333.0,normalDay
2020-11-11,5108.0,2934.0,0.0,100,356.67,315.0,0,0.0,0.0,,0.0,1,12.38,24.71,SPY201120C00333000,333.0,normalDay
2020-11-12,5108.0,2912.0,0.0,100,353.21,315.0,0,0.0,0.0,,0.0,1,12.38,21.47,SPY201120C00333000,333.0,normalDay
2020-11-13,5108.0,2996.0,0.0,100,358.1,315.0,0,0.0,0.0,,0.0,1,12.38,25.52,SPY201120C00333000,333.0,normalDay
2020-11-16,5108.0,3039.0,0.0,100,362.57,315.0,0,0.0,0.0,,0.0,1,12.38,29.56,SPY201120C00333000,333.0,normalDay
2020-11-17,5108.0,3019.0,0.0,100,360.62,315.0,0,0.0,0.0,,0.0,1,12.38,27.81,SPY201120C00333000,333.0,normalDay
2020-11-18,5108.0,3004.0,0.0,100,356.28,315.0,0,0.0,0.0,,0.0,1,12.38,23.62,SPY201120C00333000,333.0,normalDay
2020-11-19,5108.0,3016.0,0.0,100,357.78,315.0,0,0.0,0.0,,0.0,1,12.38,25.0,SPY201120C00333000,333.0,normalDay
2020-11-20,8146.0,3016.0,3038.0,0,355.33,0.0,0,0.0,0.0,,0.0,1,12.38,0.0,SPY201120C00333000,333.0,expirationDay
2020-11-23,8146.0,-3.0,0.0,0,357.46,0.0,1,0.1,0.13,SPY201204P00308000,308.0,0,0.0,0.0,,0.0,normalDay
2020-11-24,8146.0,3.0,0.0,0,363.22,0.0,1,0.1,0.07,SPY201204P00308000,308.0,0,0.0,0.0,,0.0,normalDay
2020-11-25,8146.0,5.0,0.0,0,362.66,0.0,1,0.1,0.05,SPY201204P00308000,308.0,0,0.0,0.0,,0.0,normalDay
2020-11-27,8146.0,7.0,0.0,0,363.67,0.0,1,0.1,0.03,SPY201204P00308000,308.0,0,0.0,0.0,,0.0,normalDay
2020-11-30,8146.0,7.0,0.0,0,362.06,0.0,1,0.1,0.03,SPY201204P00308000,308.0,0,0.0,0.0,,0.0,normalDay
2020-12-01,8146.0,8.0,0.0,0,366.02,0.0,1,0.1,0.02,SPY201204P00308000,308.0,0,0.0,0.0,,0.0,normalDay
2020-12-02,8146.0,9.0,0.0,0,366.79,0.0,1,0.1,0.01,SPY201204P00308000,308.0,0,0.0,0.0,,0.0,normalDay
2020-12-03,8146.0,9.0,0.0,0,366.69,0.0,1,0.1,0.01,SPY201204P00308000,308.0,0,0.0,0.0,,0.0,normalDay
2020-12-04,8156.0,0.0,10.0,0,369.85,0.0,1,0.1,0.0,SPY201204P00308000,308.0,0,0.0,0.0,,0.0,expirationDay
2020-12-07,8156.0,-3.0,0.0,0,369.09,0.0,1,0.54,0.57,SPY201218P00344000,344.0,0,0.0,0.0,,0.0,normalDay
2020-12-08,8156.0,15.0,0.0,0,370.17,0.0,1,0.54,0.39,SPY201218P00344000,344.0,0,0.0,0.0,,0.0,normalDay
2020-12-09,8156.0,-2.0,0.0,0,366.85,0.0,1,0.54,0.56,SPY201218P00344000,344.0,0,0.0,0.0,,0.0,normalDay
2020-12-10,8156.0,9.0,0.0,0,366.73,0.0,1,0.54,0.45,SPY201218P00344000,344.0,0,0.0,0.0,,0.0,normalDay
2020-12-11,8156.0,10.0,0.0,0,366.3,0.0,1,0.54,0.44,SPY201218P00344000,344.0,0,0.0,0.0,,0.0,normalDay
2020-12-14,8156.0,13.0,0.0,0,364.66,0.0,1,0.54,0.41,SPY201218P00344000,344.0,0,0.0,0.0,,0.0,normalDay
2020-12-15,8156.0,35.0,0.0,0,369.59,0.0,1,0.54,0.19,SPY201218P00344000,344.0,0,0.0,0.0,,0.0,normalDay
2020-12-16,8156.0,45.0,0.0,0,370.17,0.0,1,0.54,0.09,SPY201218P00344000,344.0,0,0.0,0.0,,0.0,normalDay
2020-12-17,8156.0,48.0,0.0,0,372.24,0.0,1,0.54,0.06,SPY201218P00344000,344.0,0,0.0,0.0,,0.0,normalDay
2020-12-18,8210.0,0.0,54.0,0,369.18,0.0,1,0.54,0.0,SPY201218P00344000,344.0,0,0.0,0.0,,0.0,expirationDay
2020-12-21,8210.0,-3.0,0.0,0,367.86,0.0,1,1.47,1.5,SPY201231P00355000,355.0,0,0.0,0.0,,0.0,normalDay
2020-12-22,8210.0,25.0,0.0,0,367.24,0.0,1,1.47,1.22,SPY201231P00355000,355.0,0,0.0,0.0,,0.0,normalDay
2020-12-23,8210.0,63.0,0.0,0,367.57,0.0,1,1.47,0.84,SPY201231P00355000,355.0,0,0.0,0.0,,0.0,normalDay
2020-12-24,8210.0,111.0,0.0,0,369.0,0.0,1,1.47,0.36,SPY201231P00355000,355.0,0,0.0,0.0,,0.0,normalDay
2020-12-28,8210.0,138.0,0.0,0,372.17,0.0,1,1.47,0.09,SPY201231P00355000,355.0,0,0.0,0.0,,0.0,normalDay
2020-12-29,8210.0,138.0,0.0,0,371.46,0.0,1,1.47,0.09,SPY201231P00355000,355.0,0,0.0,0.0,,0.0,normalDay
2020-12-30,8210.0,143.0,0.0,0,371.99,0.0,1,1.47,0.04,SPY201231P00355000,355.0,0,0.0,0.0,,0.0,normalDay
2020-12-31,8357.0,0.0,147.0,0,373.88,0.0,1,1.47,0.0,SPY201231P00355000,355.0,0,0.0,0.0,,0.0,expirationDay
2021-01-04,8357.0,-4.0,0.0,0,368.79,0.0,1,3.45,3.49,SPY210115P00362000,362.0,0,0.0,0.0,,0.0,normalDay
2021-01-05,8357.0,95.0,0.0,0,371.33,0.0,1,3.45,2.5,SPY210115P00362000,362.0,0,0.0,0.0,,0.0,normalDay
2021-01-06,8357.0,143.0,0.0,0,373.55,0.0,1,3.45,2.02,SPY210115P00362000,362.0,0,0.0,0.0,,0.0,normalDay
2021-01-07,8357.0,278.0,0.0,0,379.1,0.0,1,3.45,0.67,SPY210115P00362000,362.0,0,0.0,0.0,,0.0,normalDay
2021-01-08,8357.0,306.0,0.0,0,381.26,0.0,1,3.45,0.39,SPY210115P00362000,362.0,0,0.0,0.0,,0.0,normalDay
2021-01-11,8357.0,308.0,0.0,0,378.69,0.0,1,3.45,0.37,SPY210115P00362000,362.0,0,0.0,0.0,,0.0,normalDay
2021-01-12,8357.0,325.0,0.0,0,378.77,0.0,1,3.45,0.2,SPY210115P00362000,362.0,0,0.0,0.0,,0.0,normalDay
2021-01-13,8357.0,335.0,0.0,0,379.79,0.0,1,3.45,0.1,SPY210115P00362000,362.0,0,0.0,0.0,,0.0,normalDay
2021-01-14,8357.0,337.0,0.0,0,378.46,0.0,1,3.45,0.08,SPY210115P00362000,362.0,0,0.0,0.0,,0.0,normalDay
2021-01-15,8702.0,0.0,345.0,0,375.7,0.0,1,3.45,0.0,SPY210115P00362000,362.0,0,0.0,0.0,,0.0,expirationDay
2021-01-19,8702.0,-3.0,0.0,0,378.65,0.0,1,0.88,0.91,SPY210129P00358000,358.0,0,0.0,0.0,,0.0,normalDay
2021-01-20,8702.0,48.0,0.0,0,383.89,0.0,1,0.88,0.4,SPY210129P00358000,358.0,0,0.0,0.0,,0.0,normalDay
2021-01-21,8702.0,60.0,0.0,0,384.24,0.0,1,0.88,0.28,SPY210129P00358000,358.0,0,0.0,0.0,,0.0,normalDay
2021-01-22,8702.0,66.0,0.0,0,382.88,0.0,1,0.88,0.22,SPY210129P00358000,358.0,0,0.0,0.0,,0.0,normalDay
2021-01-25,8702.0,76.0,0.0,0,384.39,0.0,1,0.88,0.12,SPY210129P00358000,358.0,0,0.0,0.0,,0.0,normalDay
2021-01-26,8702.0,80.0,0.0,0,383.79,0.0,1,0.88,0.08,SPY210129P00358000,358.0,0,0.0,0.0,,0.0,normalDay
2021-01-27,8702.0,18.0,0.0,0,374.41,0.0,1,0.88,0.7,SPY210129P00358000,358.0,0,0.0,0.0,,0.0,normalDay
2021-01-28,8702.0,82.0,0.0,0,377.63,0.0,1,0.88,0.06,SPY210129P00358000,358.0,0,0.0,0.0,,0.0,normalDay
2021-01-29,8790.0,0.0,88.0,0,370.07,0.0,1,0.88,0.0,SPY210129P00358000,358.0,0,0.0,0.0,,0.0,expirationDay
2021-02-01,8790.0,-6.0,0.0,0,376.23,0.0,1,2.92,2.98,SPY210212P00362500,362.5,0,0.0,0.0,,0.0,normalDay
2021-02-02,8790.0,179.0,0.0,0,381.55,0.0,1,2.92,1.13,SPY210212P00362500,362.5,0,0.0,0.0,,0.0,normalDay
2021-02-03,8790.0,224.0,0.0,0,381.85,0.0,1,2.92,0.68,SPY210212P00362500,362.5,0,0.0,0.0,,0.0,normalDay
2021-02-04,8790.0,260.0,0.0,0,386.19,0.0,1,2.92,0.32,SPY210212P00362500,362.5,0,0.0,0.0,,0.0,normalDay
2021-02-05,8790.0,279.0,0.0,0,387.71,0.0,1,2.92,0.13,SPY210212P00362500,362.5,0,0.0,0.0,,0.0,normalDay
2021-02-08,8790.0,286.0,0.0,0,390.51,0.0,1,2.92,0.06,SPY210212P00362500,362.5,0,0.0,0.0,,0.0,normalDay
2021-02-09,8790.0,287.0,0.0,0,390.25,0.0,1,2.92,0.05,SPY210212P00362500,362.5,0,0.0,0.0,,0.0,normalDay
2021-02-10,8790.0,288.0,0.0,0,390.08,0.0,1,2.92,0.04,SPY210212P00362500,362.5,0,0.0,0.0,,0.0,normalDay
2021-02-11,8790.0,291.0,0.0,0,390.71,0.0,1,2.92,0.01,SPY210212P00362500,362.5,0,0.0,0.0,,0.0,normalDay
2021-02-12,9082.0,0.0,292.0,0,392.64,0.0,1,2.92,0.0,SPY210212P00362500,362.5,0,0.0,0.0,,0.0,expirationDay
2021-02-16,9082.0,-3.0,0.0,0,392.3,0.0,1,0.38,0.41,SPY210226P00363000,363.0,0,0.0,0.0,,0.0,normalDay
2021-02-17,9082.0,8.0,0.0,0,392.39,0.0,1,0.38,0.3,SPY210226P00363000,363.0,0,0.0,0.0,,0.0,normalDay
2021-02-18,9082.0,5.0,0.0,0,390.72,0.0,1,0.38,0.33,SPY210226P00363000,363.0,0,0.0,0.0,,0.0,normalDay
2021-02-19,9082.0,22.0,0.0,0,390.03,0.0,1,0.38,0.16,SPY210226P00363000,363.0,0,0.0,0.0,,0.0,normalDay
2021-02-22,9082.0,24.0,0.0,0,387.03,0.0,1,0.38,0.14,SPY210226P00363000,363.0,0,0.0,0.0,,0.0,normalDay
2021-02-23,9082.0,30.0,0.0,0,387.5,0.0,1,0.38,0.08,SPY210226P00363000,363.0,0,0.0,0.0,,0.0,normalDay
2021-02-24,9082.0,35.0,0.0,0,391.77,0.0,1,0.38,0.03,SPY210226P00363000,363.0,0,0.0,0.0,,0.0,normalDay
2021-02-25,9082.0,29.0,0.0,0,382.33,0.0,1,0.38,0.09,SPY210226P00363000,363.0,0,0.0,0.0,,0.0,normalDay
2021-02-26,9120.0,0.0,38.0,0,380.36,0.0,1,0.38,0.0,SPY210226P00363000,363.0,0,0.0,0.0,,0.0,expirationDay
2021-03-01,9120.0,-5.0,0.0,0,389.58,0.0,1,1.44,1.49,SPY210312P00372000,372.0,0,0.0,0.0,,0.0,normalDay
2021-03-02,9120.0,-38.0,0.0,0,386.54,0.0,1,1.44,1.82,SPY210312P00372000,372.0,0,0.0,0.0,,0.0,normalDay
2021-03-03,9120.0,-139.0,0.0,0,381.42,0.0,1,1.44,2.83,SPY210312P00372000,372.0,0,0.0,0.0,,0.0,normalDay
2021-03-04,9120.0,-279.0,0.0,0,376.7,0.0,1,1.44,4.23,SPY210312P00372000,372.0,0,0.0,0.0,,0.0,normalDay
2021-03-05,9120.0,-17.0,0.0,0,383.63,0.0,1,1.44,1.61,SPY210312P00372000,372.0,0,0.0,0.0,,0.0,normalDay
2021-03-08,9120.0,-2.0,0.0,0,381.72,0.0,1,1.44,1.46,SPY210312P00372000,372.0,0,0.0,0.0,,0.0,normalDay
2021-03-09,9120.0,104.0,0.0,0,387.17,0.0,1,1.44,0.4,SPY210312P00372000,372.0,0,0.0,0.0,,0.0,normalDay
2021-03-10,9120.0,138.0,0.0,0,389.58,0.0,1,1.44,0.06,SPY210312P00372000,372.0,0,0.0,0.0,,0.0,normalDay
2021-03-11,9120.0,142.0,0.0,0,393.53,0.0,1,1.44,0.02,SPY210312P00372000,372.0,0,0.0,0.0,,0.0,normalDay
2021-03-12,9264.0,0.0,144.0,0,394.06,0.0,1,1.44,0.0,SPY210312P00372000,372.0,0,0.0,0.0,,0.0,expirationDay
2021-03-15,9264.0,-3.0,0.0,0,396.41,0.0,1,0.48,0.51,SPY210326P00370000,370.0,0,0.0,0.0,,0.0,normalDay
2021-03-16,9264.0,-2.0,0.0,0,395.91,0.0,1,0.48,0.5,SPY210326P00370000,370.0,0,0.0,0.0,,0.0,normalDay
2021-03-17,9264.0,19.0,0.0,0,397.26,0.0,1,0.48,0.29,SPY210326P00370000,370.0,0,0.0,0.0,,0.0,normalDay
2021-03-18,9264.0,-13.0,0.0,0,391.48,0.0,1,0.48,0.61,SPY210326P00370000,370.0,0,0.0,0.0,,0.0,normalDay
2021-03-19,9264.0,9.0,0.0,0,389.48,0.0,1,0.48,0.39,SPY210326P00370000,370.0,0,0.0,0.0,,0.0,normalDay
2021-03-22,9264.0,41.0,0.0,0,392.59,0.0,1,0.48,0.07,SPY210326P00370000,370.0,0,0.0,0.0,,0.0,normalDay
2021-03-23,9264.0,37.0,0.0,0,389.5,0.0,1,0.48,0.11,SPY210326P00370000,370.0,0,0.0,0.0,,0.0,normalDay
2021-03-24,9264.0,40.0,0.0,0,387.52,0.0,1,0.48,0.08,SPY210326P00370000,370.0,0,0.0,0.0,,0.0,normalDay
2021-03-25,9264.0,46.0,0.0,0,389.7,0.0,1,0.48,0.02,SPY210326P00370000,370.0,0,0.0,0.0,,0.0,normalDay
2021-03-26,9312.0,0.0,48.0,0,395.98,0.0,1,0.48,0.0,SPY210326P00370000,370.0,0,0.0,0.0,,0.0,expirationDay
2021-03-29,9312.0,-3.0,0.0,0,395.78,0.0,1,0.61,0.64,SPY210409P00371000,371.0,0,0.0,0.0,,0.0,normalDay
2021-03-30,9312.0,14.0,0.0,0,394.73,0.0,1,0.61,0.47,SPY210409P00371000,371.0,0,0.0,0.0,,0.0,normalDay
2021-03-31,9312.0,36.0,0.0,0,396.33,0.0,1,0.61,0.25,SPY210409P00371000,371.0,0,0.0,0.0,,0.0,normalDay
2021-04-01,9312.0,55.0,0.0,0,400.61,0.0,1,0.61,0.06,SPY210409P00371000,371.0,0,0.0,0.0,,0.0,normalDay
2021-04-05,9312.0,56.0,0.0,0,406.36,0.0,1,0.61,0.05,SPY210409P00371000,371.0,0,0.0,0.0,,0.0,normalDay
2021-04-06,9312.0,57.0,0.0,0,406.12,0.0,1,0.61,0.04,SPY210409P00371000,371.0,0,0.0,0.0,,0.0,normalDay
2021-04-07,9312.0,59.0,0.0,0,406.59,0.0,1,0.61,0.02,SPY210409P00371000,371.0,0,0.0,0.0,,0.0,normalDay
2021-04-08,9312.0,60.0,0.0,0,408.52,0.0,1,0.61,0.01,SPY210409P00371000,371.0,0,0.0,0.0,,0.0,normalDay
2021-04-09,9373.0,0.0,61.0,0,411.49,0.0,1,0.61,0.0,SPY210409P00371000,371.0,0,0.0,0.0,,0.0,expirationDay
2021-04-12,9373.0,-3.0,0.0,0,411.64,0.0,1,0.08,0.11,SPY210423P00373000,373.0,0,0.0,0.0,,0.0,normalDay
2021-04-13,9373.0,0.0,0.0,0,412.86,0.0,1,0.08,0.08,SPY210423P00373000,373.0,0,0.0,0.0,,0.0,normalDay
2021-04-14,9373.0,-1.0,0.0,0,411.45,0.0,1,0.08,0.09,SPY210423P00373000,373.0,0,0.0,0.0,,0.0,normalDay
2021-04-15,9373.0,1.0,0.0,0,415.87,0.0,1,0.08,0.07,SPY210423P00373000,373.0,0,0.0,0.0,,0.0,normalDay
2021-04-16,9373.0,5.0,0.0,0,417.26,0.0,1,0.08,0.03,SPY210423P00373000,373.0,0,0.0,0.0,,0.0,normalDay
2021-04-19,9373.0,6.0,0.0,0,415.21,0.0,1,0.08,0.02,SPY210423P00373000,373.0,0,0.0,0.0,,0.0,normalDay
2021-04-20,9373.0,6.0,0.0,0,412.17,0.0,1,0.08,0.02,SPY210423P00373000,373.0,0,0.0,0.0,,0.0,normalDay
2021-04-21,9373.0,7.0,0.0,0,416.07,0.0,1,0.08,0.01,SPY210423P00373000,373.0,0,0.0,0.0,,0.0,normalDay
2021-04-22,9373.0,7.0,0.0,0,412.27,0.0,1,0.08,0.01,SPY210423P00373000,373.0,0,0.0,0.0,,0.0,normalDay
2021-04-23,9381.0,0.0,8.0,0,416.74,0.0,1,0.08,0.0,SPY210423P00373000,373.0,0,0.0,0.0,,0.0,expirationDay
2021-04-26,9381.0,-3.0,0.0,0,417.61,0.0,1,0.16,0.19,SPY210507P00385000,385.0,0,0.0,0.0,,0.0,normalDay
2021-04-27,9381.0,1.0,0.0,0,417.52,0.0,1,0.16,0.15,SPY210507P00385000,385.0,0,0.0,0.0,,0.0,normalDay
2021-04-28,9381.0,7.0,0.0,0,417.4,0.0,1,0.16,0.09,SPY210507P00385000,385.0,0,0.0,0.0,,0.0,normalDay
2021-04-29,9381.0,8.0,0.0,0,420.06,0.0,1,0.16,0.08,SPY210507P00385000,385.0,0,0.0,0.0,,0.0,normalDay
2021-04-30,9381.0,5.0,0.0,0,417.3,0.0,1,0.16,0.11,SPY210507P00385000,385.0,0,0.0,0.0,,0.0,normalDay
2021-05-03,9381.0,9.0,0.0,0,418.2,0.0,1,0.16,0.07,SPY210507P00385000,385.0,0,0.0,0.0,,0.0,normalDay
2021-05-04,9381.0,9.0,0.0,0,415.62,0.0,1,0.16,0.07,SPY210507P00385000,385.0,0,0.0,0.0,,0.0,normalDay
2021-05-05,9381.0,10.0,0.0,0,415.75,0.0,1,0.16,0.06,SPY210507P00385000,385.0,0,0.0,0.0,,0.0,normalDay
2021-05-06,9381.0,14.0,0.0,0,419.07,0.0,1,0.16,0.02,SPY210507P00385000,385.0,0,0.0,0.0,,0.0,normalDay
2021-05-07,9397.0,0.0,16.0,0,422.12,0.0,1,0.16,0.0,SPY210507P00385000,385.0,0,0.0,0.0,,0.0,expirationDay
2021-05-10,9397.0,-3.0,0.0,0,417.94,0.0,1,1.95,1.98,SPY210521P00407000,407.0,0,0.0,0.0,,0.0,normalDay
2021-05-11,9397.0,-94.0,0.0,0,414.21,0.0,1,1.95,2.89,SPY210521P00407000,407.0,0,0.0,0.0,,0.0,normalDay
2021-05-12,9397.0,-498.0,0.0,0,405.41,0.0,1,1.95,6.93,SPY210521P00407000,407.0,0,0.0,0.0,,0.0,normalDay
2021-05-13,9397.0,-191.0,0.0,0,410.28,0.0,1,1.95,3.86,SPY210521P00407000,407.0,0,0.0,0.0,,0.0,normalDay
2021-05-14,9397.0,83.0,0.0,0,416.58,0.0,1,1.95,1.12,SPY210521P00407000,407.0,0,0.0,0.0,,0.0,normalDay
2021-05-17,9397.0,103.0,0.0,0,415.52,0.0,1,1.95,0.92,SPY210521P00407000,407.0,0,0.0,0.0,,0.0,normalDay
2021-05-18,9397.0,59.0,0.0,0,411.94,0.0,1,1.95,1.36,SPY210521P00407000,407.0,0,0.0,0.0,,0.0,normalDay
2021-05-19,9397.0,73.0,0.0,0,410.86,0.0,1,1.95,1.22,SPY210521P00407000,407.0,0,0.0,0.0,,0.0,normalDay
2021-05-20,9397.0,185.0,0.0,0,415.28,0.0,1,1.95,0.1,SPY210521P00407000,407.0,0,0.0,0.0,,0.0,normalDay
2021-05-21,9592.0,0.0,195.0,0,414.94,0.0,1,1.95,0.0,SPY210521P00407000,407.0,0,0.0,0.0,,0.0,expirationDay
2021-05-24,9592.0,-3.0,0.0,0,419.17,0.0,1,0.73,0.76,SPY210604P00403000,403.0,0,0.0,0.0,,0.0,normalDay
2021-05-25,9592.0,-10.0,0.0,0,418.24,0.0,1,0.73,0.83,SPY210604P00403000,403.0,0,0.0,0.0,,0.0,normalDay
2021-05-26,9592.0,23.0,0.0,0,419.07,0.0,1,0.73,0.5,SPY210604P00403000,403.0,0,0.0,0.0,,0.0,normalDay
2021-05-27,9592.0,42.0,0.0,0,419.29,0.0,1,0.73,0.31,SPY210604P00403000,403.0,0,0.0,0.0,,0.0,normalDay
2021-05-28,9592.0,53.0,0.0,0,420.04,0.0,1,0.73,0.2,SPY210604P00403000,403.0,0,0.0,0.0,,0.0,normalDay
2021-06-01,9592.0,64.0,0.0,0,419.67,0.0,1,0.73,0.09,SPY210604P00403000,403.0,0,0.0,0.0,,0.0,normalDay
2021-06-02,9592.0,69.0,0.0,0,420.33,0.0,1,0.73,0.04,SPY210604P00403000,403.0,0,0.0,0.0,,0.0,normalDay
2021-06-03,9592.0,70.0,0.0,0,418.77,0.0,1,0.73,0.03,SPY210604P00403000,403.0,0,0.0,0.0,,0.0,normalDay
2021-06-04,9665.0,0.0,73.0,0,422.6,0.0,1,0.73,0.0,SPY210604P00403000,403.0,0,0.0,0.0,,0.0,expirationDay
2021-06-07,9665.0,-3.0,0.0,0,422.19,0.0,1,0.5,0.53,SPY210618P00402000,402.0,0,0.0,0.0,,0.0,normalDay
2021-06-08,9665.0,-12.0,0.0,0,422.28,0.0,1,0.5,0.62,SPY210618P00402000,402.0,0,0.0,0.0,,0.0,normalDay
2021-06-09,9665.0,-22.0,0.0,0,421.65,0.0,1,0.5,0.72,SPY210618P00402000,402.0,0,0.0,0.0,,0.0,normalDay
2021-06-10,9665.0,16.0,0.0,0,423.61,0.0,1,0.5,0.34,SPY210618P00402000,402.0,0,0.0,0.0,,0.0,normalDay
2021-06-11,9665.0,24.0,0.0,0,424.31,0.0,1,0.5,0.26,SPY210618P00402000,402.0,0,0.0,0.0,,0.0,normalDay
2021-06-14,9665.0,35.0,0.0,0,425.26,0.0,1,0.5,0.15,SPY210618P00402000,402.0,0,0.0,0.0,,0.0,normalDay
2021-06-15,9665.0,31.0,0.0,0,424.48,0.0,1,0.5,0.19,SPY210618P00402000,402.0,0,0.0,0.0,,0.0,normalDay
2021-06-16,9665.0,26.0,0.0,0,422.11,0.0,1,0.5,0.24,SPY210618P00402000,402.0,0,0.0,0.0,,0.0,normalDay
2021-06-17,9665.0,40.0,0.0,0,421.97,0.0,1,0.5,0.1,SPY210618P00402000,402.0,0,0.0,0.0,,0.0,normalDay
2021-06-18,9715.0,0.0,50.0,0,414.92,0.0,1,0.5,0.0,SPY210618P00402000,402.0,0,0.0,0.0,,0.0,expirationDay
2021-06-21,9715.0,-4.0,0.0,0,420.86,0.0,1,1.72,1.76,SPY210702P00413000,413.0,0,0.0,0.0,,0.0,normalDay
2021-06-22,9715.0,65.0,0.0,0,423.11,0.0,1,1.72,1.07,SPY210702P00413000,413.0,0,0.0,0.0,,0.0,normalDay
2021-06-23,9715.0,86.0,0.0,0,422.6,0.0,1,1.72,0.86,SPY210702P00413000,413.0,0,0.0,0.0,,0.0,normalDay
2021-06-24,9715.0,123.0,0.0,0,425.1,0.0,1,1.72,0.49,SPY210702P00413000,413.0,0,0.0,0.0,,0.0,normalDay
2021-06-25,9715.0,144.0,0.0,0,426.61,0.0,1,1.72,0.28,SPY210702P00413000,413.0,0,0.0,0.0,,0.0,normalDay
2021-06-28,9715.0,160.0,0.0,0,427.47,0.0,1,1.72,0.12,SPY210702P00413000,413.0,0,0.0,0.0,,0.0,normalDay
2021-06-29,9715.0,164.0,0.0,0,427.7,0.0,1,1.72,0.08,SPY210702P00413000,413.0,0,0.0,0.0,,0.0,normalDay
2021-06-30,9715.0,167.0,0.0,0,428.06,0.0,1,1.72,0.05,SPY210702P00413000,413.0,0,0.0,0.0,,0.0,normalDay
2021-07-01,9715.0,170.0,0.0,0,430.43,0.0,1,1.72,0.02,SPY210702P00413000,413.0,0,0.0,0.0,,0.0,normalDay
2021-07-02,9887.0,0.0,172.0,0,433.72,0.0,1,1.72,0.0,SPY210702P00413000,413.0,0,0.0,0.0,,0.0,expirationDay
2021-07-06,9887.0,-3.0,0.0,0,432.93,0.0,1,0.42,0.45,SPY210716P00411000,411.0,0,0.0,0.0,,0.0,normalDay
2021-07-07,9887.0,11.0,0.0,0,434.46,0.0,1,0.42,0.31,SPY210716P00411000,411.0,0,0.0,0.0,,0.0,normalDay
2021-07-08,9887.0,-25.0,0.0,0,430.92,0.0,1,0.42,0.67,SPY210716P00411000,411.0,0,0.0,0.0,,0.0,normalDay
2021-07-09,9887.0,23.0,0.0,0,435.52,0.0,1,0.42,0.19,SPY210716P00411000,411.0,0,0.0,0.0,,0.0,normalDay
2021-07-12,9887.0,34.0,0.0,0,437.08,0.0,1,0.42,0.08,SPY210716P00411000,411.0,0,0.0,0.0,,0.0,normalDay
2021-07-13,9887.0,32.0,0.0,0,435.59,0.0,1,0.42,0.1,SPY210716P00411000,411.0,0,0.0,0.0,,0.0,normalDay
2021-07-14,9887.0,38.0,0.0,0,436.24,0.0,1,0.42,0.04,SPY210716P00411000,411.0,0,0.0,0.0,,0.0,normalDay
2021-07-15,9887.0,40.0,0.0,0,434.75,0.0,1,0.42,0.02,SPY210716P00411000,411.0,0,0.0,0.0,,0.0,normalDay
2021-07-16,9929.0,0.0,42.0,0,431.34,0.0,1,0.42,0.0,SPY210716P00411000,411.0,0,0.0,0.0,,0.0,expirationDay
2021-07-19,9929.0,-5.0,0.0,0,424.97,0.0,1,2.42,2.47,SPY210730P00413000,413.0,0,0.0,0.0,,0.0,normalDay
2021-07-20,9929.0,134.0,0.0,0,431.06,0.0,1,2.42,1.08,SPY210730P00413000,413.0,0,0.0,0.0,,0.0,normalDay
2021-07-21,9929.0,203.0,0.0,0,434.55,0.0,1,2.42,0.39,SPY210730P00413000,413.0,0,0.0,0.0,,0.0,normalDay
2021-07-22,9929.0,215.0,0.0,0,435.46,0.0,1,2.42,0.27,SPY210730P00413000,413.0,0,0.0,0.0,,0.0,normalDay
2021-07-23,9929.0,233.0,0.0,0,439.94,0.0,1,2.42,0.09,SPY210730P00413000,413.0,0,0.0,0.0,,0.0,normalDay
2021-07-26,9929.0,238.0,0.0,0,441.02,0.0,1,2.42,0.04,SPY210730P00413000,413.0,0,0.0,0.0,,0.0,normalDay
2021-07-27,9929.0,233.0,0.0,0,439.01,0.0,1,2.42,0.09,SPY210730P00413000,413.0,0,0.0,0.0,,0.0,normalDay
2021-07-28,9929.0,239.0,0.0,0,438.83,0.0,1,2.42,0.03,SPY210730P00413000,413.0,0,0.0,0.0,,0.0,normalDay
2021-07-29,9929.0,241.0,0.0,0,440.65,0.0,1,2.42,0.01,SPY210730P00413000,413.0,0,0.0,0.0,,0.0,normalDay
2021-07-30,10171.0,0.0,242.0,0,438.51,0.0,1,2.42,0.0,SPY210730P00413000,413.0,0,0.0,0.0,,0.0,expirationDay
2021-08-02,10171.0,-4.0,0.0,0,437.59,0.0,1,1.15,1.19,SPY210813P00422500,422.5,0,0.0,0.0,,0.0,normalDay
2021-08-03,10171.0,62.0,0.0,0,441.15,0.0,1,1.15,0.53,SPY210813P00422500,422.5,0,0.0,0.0,,0.0,normalDay
2021-08-04,10171.0,63.0,0.0,0,438.98,0.0,1,1.15,0.52,SPY210813P00422500,422.5,0,0.0,0.0,,0.0,normalDay
2021-08-05,10171.0,84.0,0.0,0,441.76,0.0,1,1.15,0.31,SPY210813P00422500,422.5,0,0.0,0.0,,0.0,normalDay
2021-08-06,10171.0,105.0,0.0,0,442.49,0.0,1,1.15,0.1,SPY210813P00422500,422.5,0,0.0,0.0,,0.0,normalDay
2021-08-09,10171.0,108.0,0.0,0,442.13,0.0,1,1.15,0.07,SPY210813P00422500,422.5,0,0.0,0.0,,0.0,normalDay
2021-08-10,10171.0,108.0,0.0,0,442.68,0.0,1,1.15,0.07,SPY210813P00422500,422.5,0,0.0,0.0,,0.0,normalDay
2021-08-11,10171.0,111.0,0.0,0,443.78,0.0,1,1.15,0.04,SPY210813P00422500,422.5,0,0.0,0.0,,0.0,normalDay
2021-08-12,10171.0,112.0,0.0,0,445.11,0.0,1,1.15,0.03,SPY210813P00422500,422.5,0,0.0,0.0,,0.0,normalDay
2021-08-13,10286.0,0.0,115.0,0,445.92,0.0,1,1.15,0.0,SPY210813P00422500,422.5,0,0.0,0.0,,0.0,expirationDay
2021-08-16,10286.0,-3.0,0.0,0,446.97,0.0,1,0.53,0.56,SPY210827P00428000,428.0,0,0.0,0.0,,0.0,normalDay
2021-08-17,10286.0,-50.0,0.0,0,444.04,0.0,1,0.53,1.03,SPY210827P00428000,428.0,0,0.0,0.0,,0.0,normalDay
2021-08-18,10286.0,-164.0,0.0,0,439.18,0.0,1,0.53,2.17,SPY210827P00428000,428.0,0,0.0,0.0,,0.0,normalDay
2021-08-19,10286.0,-122.0,0.0,0,439.86,0.0,1,0.53,1.75,SPY210827P00428000,428.0,0,0.0,0.0,,0.0,normalDay
2021-08-20,10286.0,5.0,0.0,0,443.36,0.0,1,0.53,0.48,SPY210827P00428000,428.0,0,0.0,0.0,,0.0,normalDay
2021-08-23,10286.0,42.0,0.0,0,447.26,0.0,1,0.53,0.11,SPY210827P00428000,428.0,0,0.0,0.0,,0.0,normalDay
2021-08-24,10286.0,45.0,0.0,0,447.97,0.0,1,0.53,0.08,SPY210827P00428000,428.0,0,0.0,0.0,,0.0,normalDay
2021-08-25,10286.0,48.0,0.0,0,448.91,0.0,1,0.53,0.05,SPY210827P00428000,428.0,0,0.0,0.0,,0.0,normalDay
2021-08-26,10286.0,47.0,0.0,0,446.26,0.0,1,0.53,0.06,SPY210827P00428000,428.0,0,0.0,0.0,,0.0,normalDay
2021-08-27,10339.0,0.0,53.0,0,450.25,0.0,1,0.53,0.0,SPY210827P00428000,428.0,0,0.0,0.0,,0.0,expirationDay
2021-08-30,10339.0,-3.0,0.0,0,452.23,0.0,1,0.39,0.42,SPY210910P00432500,432.5,0,0.0,0.0,,0.0,normalDay
2021-08-31,10339.0,-5.0,0.0,0,451.56,0.0,1,0.39,0.44,SPY210910P00432500,432.5,0,0.0,0.0,,0.0,normalDay
2021-09-01,10339.0,9.0,0.0,0,451.8,0.0,1,0.39,0.3,SPY210910P00432500,432.5,0,0.0,0.0,,0.0,normalDay
2021-09-02,10339.0,11.0,0.0,0,453.19,0.0,1,0.39,0.28,SPY210910P00432500,432.5,0,0.0,0.0,,0.0,normalDay
2021-09-03,10339.0,22.0,0.0,0,453.08,0.0,1,0.39,0.17,SPY210910P00432500,432.5,0,0.0,0.0,,0.0,normalDay
2021-09-07,10339.0,29.0,0.0,0,451.46,0.0,1,0.39,0.1,SPY210910P00432500,432.5,0,0.0,0.0,,0.0,normalDay
2021-09-08,10339.0,33.0,0.0,0,450.91,0.0,1,0.39,0.06,SPY210910P00432500,432.5,0,0.0,0.0,,0.0,normalDay
2021-09-09,10339.0,35.0,0.0,0,448.98,0.0,1,0.39,0.04,SPY210910P00432500,432.5,0,0.0,0.0,,0.0,normalDay
2021-09-10,10378.0,0.0,39.0,0,445.44,0.0,1,0.39,0.0,SPY210910P00432500,432.5,0,0.0,0.0,,0.0,expirationDay
2021-09-13,10378.0,-3.0,0.0,0,446.58,0.0,1,2.06,2.09,SPY210924P00434000,434.0,0,0.0,0.0,,0.0,normalDay
2021-09-14,10378.0,-25.0,0.0,0,444.17,0.0,1,2.06,2.31,SPY210924P00434000,434.0,0,0.0,0.0,,0.0,normalDay
2021-09-15,10378.0,94.0,0.0,0,447.88,0.0,1,2.06,1.12,SPY210924P00434000,434.0,0,0.0,0.0,,0.0,normalDay
2021-09-16,10378.0,94.0,0.0,0,447.17,0.0,1,2.06,1.12,SPY210924P00434000,434.0,0,0.0,0.0,,0.0,normalDay
2021-09-17,10378.0,17.0,0.0,0,441.4,0.0,1,2.06,1.89,SPY210924P00434000,434.0,0,0.0,0.0,,0.0,normalDay
2021-09-20,10378.0,-237.0,0.0,0,434.04,0.0,1,2.06,4.43,SPY210924P00434000,434.0,0,0.0,0.0,,0.0,normalDay
2021-09-21,10378.0,-184.0,0.0,0,433.63,0.0,1,2.06,3.9,SPY210924P00434000,434.0,0,0.0,0.0,,0.0,normalDay
2021-09-22,10378.0,90.0,0.0,0,437.86,0.0,1,2.06,1.16,SPY210924P00434000,434.0,0,0.0,0.0,,0.0,normalDay
2021-09-23,10378.0,197.0,0.0,0,443.18,0.0,1,2.06,0.09,SPY210924P00434000,434.0,0,0.0,0.0,,0.0,normalDay
2021-09-24,10584.0,0.0,206.0,0,443.91,0.0,1,2.06,0.0,SPY210924P00434000,434.0,0,0.0,0.0,,0.0,expirationDay
2021-09-27,10584.0,-3.0,0.0,0,442.64,0.0,1,1.13,1.16,SPY211008P00426000,426.0,0,0.0,0.0,,0.0,normalDay
2021-09-28,10584.0,-229.0,0.0,0,433.72,0.0,1,1.13,3.42,SPY211008P00426000,426.0,0,0.0,0.0,,0.0,normalDay
2021-09-29,10584.0,-158.0,0.0,0,434.45,0.0,1,1.13,2.71,SPY211008P00426000,426.0,0,0.0,0.0,,0.0,normalDay
2021-09-30,10584.0,-283.0,0.0,0,429.14,0.0,1,1.13,3.96,SPY211008P00426000,426.0,0,0.0,0.0,,0.0,normalDay
2021-10-01,10584.0,-59.0,0.0,0,434.24,0.0,1,1.13,1.72,SPY211008P00426000,426.0,0,0.0,0.0,,0.0,normalDay
2021-10-04,10584.0,-188.0,0.0,0,428.64,0.0,1,1.13,3.01,SPY211008P00426000,426.0,0,0.0,0.0,,0.0,normalDay
2021-10-05,10584.0,7.0,0.0,0,433.1,0.0,1,1.13,1.06,SPY211008P00426000,426.0,0,0.0,0.0,,0.0,normalDay
2021-10-06,10584.0,59.0,0.0,0,434.9,0.0,1,1.13,0.54,SPY211008P00426000,426.0,0,0.0,0.0,,0.0,normalDay
2021-10-07,10584.0,107.0,0.0,0,438.66,0.0,1,1.13,0.06,SPY211008P00426000,426.0,0,0.0,0.0,,0.0,normalDay
2021-10-08,10697.0,0.0,113.0,0,437.86,0.0,1,1.13,0.0,SPY211008P00426000,426.0,0,0.0,0.0,,0.0,expirationDay
2021-10-11,10697.0,-3.0,0.0,0,434.69,0.0,1,1.64,1.67,SPY211022P00419000,419.0,0,0.0,0.0,,0.0,normalDay
2021-10-12,10697.0,2.0,0.0,0,433.62,0.0,1,1.64,1.62,SPY211022P00419000,419.0,0,0.0,0.0,,0.0,normalDay
2021-10-13,10697.0,79.0,0.0,0,435.18,0.0,1,1.64,0.85,SPY211022P00419000,419.0,0,0.0,0.0,,0.0,normalDay
2021-10-14,10697.0,136.0,0.0,0,442.5,0.0,1,1.64,0.28,SPY211022P00419000,419.0,0,0.0,0.0,,0.0,normalDay
2021-10-15,10697.0,150.0,0.0,0,445.87,0.0,1,1.64,0.14,SPY211022P00419000,419.0,0,0.0,0.0,,0.0,normalDay
2021-10-18,10697.0,159.0,0.0,0,447.19,0.0,1,1.64,0.05,SPY211022P00419000,419.0,0,0.0,0.0,,0.0,normalDay
2021-10-19,10697.0,161.0,0.0,0,450.64,0.0,1,1.64,0.03,SPY211022P00419000,419.0,0,0.0,0.0,,0.0,normalDay
2021-10-20,10697.0,162.0,0.0,0,452.41,0.0,1,1.64,0.02,SPY211022P00419000,419.0,0,0.0,0.0,,0.0,normalDay
2021-10-21,10697.0,163.0,0.0,0,453.59,0.0,1,1.64,0.01,SPY211022P00419000,419.0,0,0.0,0.0,,0.0,normalDay
2021-10-22,10861.0,0.0,164.0,0,453.12,0.0,1,1.64,0.0,SPY211022P00419000,419.0,0,0.0,0.0,,0.0,expirationDay
2021-10-25,10861.0,-3.0,0.0,0,455.55,0.0,1,0.1,0.13,SPY211105P00411000,411.0,0,0.0,0.0,,0.0,normalDay
2021-10-26,10861.0,-5.0,0.0,0,455.96,0.0,1,0.1,0.15,SPY211105P00411000,411.0,0,0.0,0.0,,0.0,normalDay
2021-10-27,10861.0,-4.0,0.0,0,453.94,0.0,1,0.1,0.14,SPY211105P00411000,411.0,0,0.0,0.0,,0.0,normalDay
2021-10-28,10861.0,1.0,0.0,0,458.32,0.0,1,0.1,0.09,SPY211105P00411000,411.0,0,0.0,0.0,,0.0,normalDay
2021-10-29,10861.0,5.0,0.0,0,459.25,0.0,1,0.1,0.05,SPY211105P00411000,411.0,0,0.0,0.0,,0.0,normalDay
2021-11-01,10861.0,7.0,0.0,0,460.04,0.0,1,0.1,0.03,SPY211105P00411000,411.0,0,0.0,0.0,,0.0,normalDay
2021-11-02,10861.0,7.0,0.0,0,461.9,0.0,1,0.1,0.03,SPY211105P00411000,411.0,0,0.0,0.0,,0.0,normalDay
2021-11-03,10861.0,9.0,0.0,0,464.72,0.0,1,0.1,0.01,SPY211105P00411000,411.0,0,0.0,0.0,,0.0,normalDay
2021-11-04,10861.0,9.0,0.0,0,466.91,0.0,1,0.1,0.01,SPY211105P00411000,411.0,0,0.0,0.0,,0.0,normalDay
2021-11-05,10871.0,0.0,10.0,0,468.53,0.0,1,0.1,0.0,SPY211105P00411000,411.0,0,0.0,0.0,,0.0,expirationDay
2021-11-08,10871.0,-3.0,0.0,0,468.93,0.0,1,0.19,0.22,SPY211119P00421000,421.0,0,0.0,0.0,,0.0,normalDay
2021-11-09,10871.0,-1.0,0.0,0,467.38,0.0,1,0.19,0.2,SPY211119P00421000,421.0,0,0.0,0.0,,0.0,normalDay
2021-11-10,10871.0,-1.0,0.0,0,463.62,0.0,1,0.19,0.2,SPY211119P00421000,421.0,0,0.0,0.0,,0.0,normalDay
2021-11-11,10871.0,7.0,0.0,0,463.77,0.0,1,0.19,0.12,SPY211119P00421000,421.0,0,0.0,0.0,,0.0,normalDay
2021-11-12,10871.0,13.0,0.0,0,467.27,0.0,1,0.19,0.06,SPY211119P00421000,421.0,0,0.0,0.0,,0.0,normalDay
2021-11-15,10871.0,16.0,0.0,0,467.43,0.0,1,0.19,0.03,SPY211119P00421000,421.0,0,0.0,0.0,,0.0,normalDay
2021-11-16,10871.0,16.0,0.0,0,469.28,0.0,1,0.19,0.03,SPY211119P00421000,421.0,0,0.0,0.0,,0.0,normalDay
2021-11-17,10871.0,17.0,0.0,0,468.14,0.0,1,0.19,0.02,SPY211119P00421000,421.0,0,0.0,0.0,,0.0,normalDay
2021-11-18,10871.0,18.0,0.0,0,469.73,0.0,1,0.19,0.01,SPY211119P00421000,421.0,0,0.0,0.0,,0.0,normalDay
2021-11-19,10890.0,0.0,19.0,0,468.89,0.0,1,0.19,0.0,SPY211119P00421000,421.0,0,0.0,0.0,,0.0,expirationDay
2021-11-22,10890.0,-5.0,0.0,0,467.57,0.0,1,0.92,0.97,SPY211203P00449000,449.0,0,0.0,0.0,,0.0,normalDay
2021-11-23,10890.0,7.0,0.0,0,468.19,0.0,1,0.92,0.85,SPY211203P00449000,449.0,0,0.0,0.0,,0.0,normalDay
2021-11-24,10890.0,37.0,0.0,0,469.44,0.0,1,0.92,0.55,SPY211203P00449000,449.0,0,0.0,0.0,,0.0,normalDay
2021-11-26,10890.0,-320.0,0.0,0,458.97,0.0,1,0.92,4.12,SPY211203P00449000,449.0,0,0.0,0.0,,0.0,normalDay
2021-11-29,10890.0,31.0,0.0,0,464.6,0.0,1,0.92,0.61,SPY211203P00449000,449.0,0,0.0,0.0,,0.0,normalDay
2021-11-30,10890.0,-76.0,0.0,0,455.56,0.0,1,0.92,1.68,SPY211203P00449000,449.0,0,0.0,0.0,,0.0,normalDay
2021-12-01,10890.0,-295.0,0.0,0,450.5,0.0,1,0.92,3.87,SPY211203P00449000,449.0,0,0.0,0.0,,0.0,normalDay
2021-12-02,10890.0,44.0,0.0,0,457.4,0.0,1,0.92,0.48,SPY211203P00449000,449.0,0,0.0,0.0,,0.0,normalDay
2021-12-03,10982.0,0.0,92.0,0,453.42,0.0,1,0.92,0.0,SPY211203P00449000,449.0,0,0.0,0.0,,0.0,expirationDay
2021-12-06,10982.0,-4.0,0.0,0,458.79,0.0,1,3.58,3.62,SPY211217P00444000,444.0,0,0.0,0.0,,0.0,normalDay
2021-12-07,10982.0,237.0,0.0,0,468.28,0.0,1,3.58,1.21,SPY211217P00444000,444.0,0,0.0,0.0,,0.0,normalDay
2021-12-08,10982.0,299.0,0.0,0,469.52,0.0,1,3.58,0.59,SPY211217P00444000,444.0,0,0.0,0.0,,0.0,normalDay
2021-12-09,10982.0,261.0,0.0,0,466.35,0.0,1,3.58,0.97,SPY211217P00444000,444.0,0,0.0,0.0,,0.0,normalDay
2021-12-10,10982.0,331.0,0.0,0,470.74,0.0,1,3.58,0.27,SPY211217P00444000,444.0,0,0.0,0.0,,0.0,normalDay
2021-12-13,10982.0,334.0,0.0,0,466.57,0.0,1,3.58,0.24,SPY211217P00444000,444.0,0,0.0,0.0,,0.0,normalDay
2021-12-14,10982.0,327.0,0.0,0,463.36,0.0,1,3.58,0.31,SPY211217P00444000,444.0,0,0.0,0.0,,0.0,normalDay
2021-12-15,10982.0,350.0,0.0,0,470.6,0.0,1,3.58,0.08,SPY211217P00444000,444.0,0,0.0,0.0,,0.0,normalDay
2021-12-16,10982.0,352.0,0.0,0,466.45,0.0,1,3.58,0.06,SPY211217P00444000,444.0,0,0.0,0.0,,0.0,normalDay
2021-12-17,11340.0,0.0,358.0,0,459.87,0.0,1,3.58,0.0,SPY211217P00444000,444.0,0,0.0,0.0,,0.0,expirationDay
2021-12-20,11340.0,-4.0,0.0,0,454.98,0.0,1,2.46,2.5,SPY211231P00442000,442.0,0,0.0,0.0,,0.0,normalDay
2021-12-21,11340.0,154.0,0.0,0,463.06,0.0,1,2.46,0.92,SPY211231P00442000,442.0,0,0.0,0.0,,0.0,normalDay
2021-12-22,11340.0,222.0,0.0,0,467.69,0.0,1,2.46,0.24,SPY211231P00442000,442.0,0,0.0,0.0,,0.0,normalDay
2021-12-23,11340.0,233.0,0.0,0,470.6,0.0,1,2.46,0.13,SPY211231P00442000,442.0,0,0.0,0.0,,0.0,normalDay
2021-12-27,11340.0,242.0,0.0,0,477.26,0.0,1,2.46,0.04,SPY211231P00442000,442.0,0,0.0,0.0,,0.0,normalDay
2021-12-28,11340.0,243.0,0.0,0,476.87,0.0,1,2.46,0.03,SPY211231P00442000,442.0,0,0.0,0.0,,0.0,normalDay
2021-12-29,11340.0,244.0,0.0,0,477.48,0.0,1,2.46,0.02,SPY211231P00442000,442.0,0,0.0,0.0,,0.0,normalDay
2021-12-30,11340.0,244.0,0.0,0,476.16,0.0,1,2.46,0.02,SPY211231P00442000,442.0,0,0.0,0.0,,0.0,normalDay
2021-12-31,11586.0,0.0,246.0,0,474.96,0.0,1,2.46,0.0,SPY211231P00442000,442.0,0,0.0,0.0,,0.0,expirationDay
2022-01-03,11586.0,-3.0,0.0,0,477.71,0.0,1,0.24,0.27,SPY220114P00447000,447.0,0,0.0,0.0,,0.0,normalDay
2022-01-04,11586.0,-1.0,0.0,0,477.55,0.0,1,0.24,0.25,SPY220114P00447000,447.0,0,0.0,0.0,,0.0,normalDay
2022-01-05,11586.0,-59.0,0.0,0,468.38,0.0,1,0.24,0.83,SPY220114P00447000,447.0,0,0.0,0.0,,0.0,normalDay
2022-01-06,11586.0,-34.0,0.0,0,467.94,0.0,1,0.24,0.58,SPY220114P00447000,447.0,0,0.0,0.0,,0.0,normalDay
2022-01-07,11586.0,-6.0,0.0,0,466.09,0.0,1,0.24,0.3,SPY220114P00447000,447.0,0,0.0,0.0,,0.0,normalDay
2022-01-10,11586.0,-8.0,0.0,0,465.51,0.0,1,0.24,0.32,SPY220114P00447000,447.0,0,0.0,0.0,,0.0,normalDay
2022-01-11,11586.0,13.0,0.0,0,469.75,0.0,1,0.24,0.11,SPY220114P00447000,447.0,0,0.0,0.0,,0.0,normalDay
2022-01-12,11586.0,21.0,0.0,0,471.02,0.0,1,0.24,0.03,SPY220114P00447000,447.0,0,0.0,0.0,,0.0,normalDay
2022-01-13,11586.0,19.0,0.0,0,464.53,0.0,1,0.24,0.05,SPY220114P00447000,447.0,0,0.0,0.0,,0.0,normalDay
2022-01-14,11610.0,0.0,24.0,0,464.72,0.0,1,0.24,0.0,SPY220114P00447000,447.0,0,0.0,0.0,,0.0,expirationDay
2022-01-18,11610.0,-3.0,0.0,0,456.49,0.0,1,3.65,3.68,SPY220128P00447000,447.0,0,0.0,0.0,,0.0,normalDay
2022-01-19,11610.0,-76.0,0.0,0,451.75,0.0,1,3.65,4.41,SPY220128P00447000,447.0,0,0.0,0.0,,0.0,normalDay
2022-01-20,11610.0,-300.0,0.0,0,446.75,0.0,1,3.65,6.65,SPY220128P00447000,447.0,0,0.0,0.0,,0.0,normalDay
2022-01-21,11610.0,-816.0,0.0,0,437.98,0.0,1,3.65,11.81,SPY220128P00447000,447.0,0,0.0,0.0,,0.0,normalDay
2022-01-24,11610.0,-769.0,0.0,0,439.84,0.0,1,3.65,11.34,SPY220128P00447000,447.0,0,0.0,0.0,,0.0,normalDay
2022-01-25,11610.0,-1168.0,0.0,0,434.47,0.0,1,3.65,15.33,SPY220128P00447000,447.0,0,0.0,0.0,,0.0,normalDay
2022-01-26,11610.0,-1127.0,0.0,0,433.38,0.0,1,3.65,14.92,SPY220128P00447000,447.0,0,0.0,0.0,,0.0,normalDay
2022-01-27,11610.0,-1181.0,0.0,0,431.24,0.0,1,3.65,15.46,SPY220128P00447000,447.0,0,0.0,0.0,,0.0,normalDay
2022-01-28,11975.0,-505.0,365.0,100,441.95,447.0,1,3.65,0.0,SPY220128P00447000,447.0,0,0.0,0.0,,0.0,expirationDay
2022-01-31,11975.0,283.0,0.0,100,449.91,447.0,0,0.0,0.0,,0.0,1,2.57,2.65,SPY220617C00500000,500.0,normalDay
2022-02-01,11975.0,587.0,0.0,100,452.95,447.0,0,0.0,0.0,,0.0,1,2.57,2.65,SPY220617C00500000,500.0,normalDay
2022-02-02,11975.0,993.0,0.0,100,457.35,447.0,0,0.0,0.0,,0.0,1,2.57,2.99,SPY220617C00500000,500.0,normalDay
2022-02-03,11975.0,-46.0,0.0,100,446.6,447.0,0,0.0,0.0,,0.0,1,2.57,2.63,SPY220617C00500000,500.0,normalDay
2022-02-04,11975.0,196.0,0.0,100,448.7,447.0,0,0.0,0.0,,0.0,1,2.57,2.31,SPY220617C00500000,500.0,normalDay
2022-02-07,11975.0,64.0,0.0,100,447.26,447.0,0,0.0,0.0,,0.0,1,2.57,2.19,SPY220617C00500000,500.0,normalDay
2022-02-08,11975.0,422.0,0.0,100,450.94,447.0,0,0.0,0.0,,0.0,1,2.57,2.29,SPY220617C00500000,500.0,normalDay
2022-02-09,11975.0,1026.0,0.0,100,457.54,447.0,0,0.0,0.0,,0.0,1,2.57,2.85,SPY220617C00500000,500.0,normalDay
2022-02-10,11975.0,275.0,0.0,100,449.32,447.0,0,0.0,0.0,,0.0,1,2.57,2.14,SPY220617C00500000,500.0,normalDay
2022-02-11,11975.0,-562.0,0.0,100,440.46,447.0,0,0.0,0.0,,0.0,1,2.57,1.65,SPY220617C00500000,500.0,normalDay
2022-02-14,11975.0,-696.0,0.0,100,439.02,447.0,0,0.0,0.0,,0.0,1,2.57,1.55,SPY220617C00500000,500.0,normalDay
2022-02-15,11975.0,-5.0,0.0,100,446.1,447.0,0,0.0,0.0,,0.0,1,2.57,1.72,SPY220617C00500000,500.0,normalDay
2022-02-16,11975.0,54.0,0.0,100,446.6,447.0,0,0.0,0.0,,0.0,1,2.57,1.63,SPY220617C00500000,500.0,normalDay
2022-02-17,11975.0,-858.0,0.0,100,437.06,447.0,0,0.0,0.0,,0.0,1,2.57,1.21,SPY220617C00500000,500.0,normalDay
2022-02-18,11975.0,-1136.0,0.0,100,434.23,447.0,0,0.0,0.0,,0.0,1,2.57,1.16,SPY220617C00500000,500.0,normalDay
2022-02-22,11975.0,-1578.0,0.0,100,429.57,447.0,0,0.0,0.0,,0.0,1,2.57,0.92,SPY220617C00500000,500.0,normalDay
2022-02-23,11975.0,-2317.0,0.0,100,421.95,447.0,0,0.0,0.0,,0.0,1,2.57,0.69,SPY220617C00500000,500.0,normalDay
2022-02-24,11975.0,-1699.0,0.0,100,428.3,447.0,0,0.0,0.0,,0.0,1,2.57,0.86,SPY220617C00500000,500.0,normalDay
2022-02-25,11975.0,-783.0,0.0,100,437.75,447.0,0,0.0,0.0,,0.0,1,2.57,1.15,SPY220617C00500000,500.0,normalDay
2022-02-28,11975.0,-900.0,0.0,100,436.63,447.0,0,0.0,0.0,,0.0,1,2.57,1.2,SPY220617C00500000,500.0,normalDay
2022-03-01,11975.0,-1559.0,0.0,100,429.98,447.0,0,0.0,0.0,,0.0,1,2.57,1.14,SPY220617C00500000,500.0,normalDay
2022-03-02,11975.0,-784.0,0.0,100,437.89,447.0,0,0.0,0.0,,0.0,1,2.57,1.3,SPY220617C00500000,500.0,normalDay
2022-03-03,11975.0,-985.0,0.0,100,435.71,447.0,0,0.0,0.0,,0.0,1,2.57,1.13,SPY220617C00500000,500.0,normalDay
2022-03-04,11975.0,-1322.0,0.0,100,432.17,447.0,0,0.0,0.0,,0.0,1,2.57,0.96,SPY220617C00500000,500.0,normalDay
2022-03-07,11975.0,-2567.0,0.0,100,419.43,447.0,0,0.0,0.0,,0.0,1,2.57,0.67,SPY220617C00500000,500.0,normalDay
2022-03-08,11975.0,-2876.0,0.0,100,416.25,447.0,0,0.0,0.0,,0.0,1,2.57,0.58,SPY220617C00500000,500.0,normalDay
2022-03-09,11975.0,-1785.0,0.0,100,427.41,447.0,0,0.0,0.0,,0.0,1,2.57,0.83,SPY220617C00500000,500.0,normalDay
2022-03-10,11975.0,-1963.0,0.0,100,425.48,447.0,0,0.0,0.0,,0.0,1,2.57,0.68,SPY220617C00500000,500.0,normalDay
2022-03-11,11975.0,-2488.0,0.0,100,420.07,447.0,0,0.0,0.0,,0.0,1,2.57,0.52,SPY220617C00500000,500.0,normalDay
2022-03-14,11975.0,-2791.0,0.0,100,417.0,447.0,0,0.0,0.0,,0.0,1,2.57,0.48,SPY220617C00500000,500.0,normalDay
2022-03-15,11975.0,-1887.0,0.0,100,426.17,447.0,0,0.0,0.0,,0.0,1,2.57,0.61,SPY220617C00500000,500.0,normalDay
2022-03-16,11975.0,-956.0,0.0,100,435.62,447.0,0,0.0,0.0,,0.0,1,2.57,0.75,SPY220617C00500000,500.0,normalDay
2022-03-17,11975.0,-414.0,0.0,100,441.07,447.0,0,0.0,0.0,,0.0,1,2.57,0.78,SPY220617C00500000,500.0,normalDay
2022-03-18,11975.0,-76.0,0.0,100,444.52,447.0,0,0.0,0.0,,0.0,1,2.57,0.85,SPY220617C00500000,500.0,normalDay
2022-03-21,11975.0,-77.0,0.0,100,444.39,447.0,0,0.0,0.0,,0.0,1,2.57,0.73,SPY220617C00500000,500.0,normalDay
2022-03-22,11975.0,417.0,0.0,100,449.59,447.0,0,0.0,0.0,,0.0,1,2.57,0.99,SPY220617C00500000,500.0,normalDay
2022-03-23,11975.0,-130.0,0.0,100,443.8,447.0,0,0.0,0.0,,0.0,1,2.57,0.67,SPY220617C00500000,500.0,normalDay
2022-03-24,11975.0,515.0,0.0,100,450.49,447.0,0,0.0,0.0,,0.0,1,2.57,0.91,SPY220617C00500000,500.0,normalDay
2022-03-25,11975.0,733.0,0.0,100,452.69,447.0,0,0.0,0.0,,0.0,1,2.57,0.93,SPY220617C00500000,500.0,normalDay
2022-03-28,11975.0,1049.0,0.0,100,455.91,447.0,0,0.0,0.0,,0.0,1,2.57,0.99,SPY220617C00500000,500.0,normalDay
2022-03-29,11975.0,1571.0,0.0,100,461.55,447.0,0,0.0,0.0,,0.0,1,2.57,1.41,SPY220617C00500000,500.0,normalDay
2022-03-30,11975.0,1306.0,0.0,100,458.7,447.0,0,0.0,0.0,,0.0,1,2.57,1.21,SPY220617C00500000,500.0,normalDay
2022-03-31,11975.0,643.0,0.0,100,451.64,447.0,0,0.0,0.0,,0.0,1,2.57,0.78,SPY220617C00500000,500.0,normalDay
2022-04-01,11975.0,786.0,0.0,100,452.92,447.0,0,0.0,0.0,,0.0,1,2.57,0.63,SPY220617C00500000,500.0,normalDay
2022-04-04,11975.0,1166.0,0.0,100,456.8,447.0,0,0.0,0.0,,0.0,1,2.57,0.71,SPY220617C00500000,500.0,normalDay
2022-04-05,11975.0,607.0,0.0,100,451.03,447.0,0,0.0,0.0,,0.0,1,2.57,0.53,SPY220617C00500000,500.0,normalDay
2022-04-06,11975.0,171.0,0.0,100,446.52,447.0,0,0.0,0.0,,0.0,1,2.57,0.38,SPY220617C00500000,500.0,normalDay
2022-04-07,11975.0,393.0,0.0,100,448.77,447.0,0,0.0,0.0,,0.0,1,2.57,0.41,SPY220617C00500000,500.0,normalDay
2022-04-08,11975.0,279.0,0.0,100,447.57,447.0,0,0.0,0.0,,0.0,1,2.57,0.35,SPY220617C00500000,500.0,normalDay
2022-04-11,11975.0,-475.0,0.0,100,439.92,447.0,0,0.0,0.0,,0.0,1,2.57,0.24,SPY220617C00500000,500.0,normalDay
2022-04-12,11975.0,-633.0,0.0,100,438.29,447.0,0,0.0,0.0,,0.0,1,2.57,0.19,SPY220617C00500000,500.0,normalDay
2022-04-13,11975.0,-134.0,0.0,100,443.31,447.0,0,0.0,0.0,,0.0,1,2.57,0.22,SPY220617C00500000,500.0,normalDay
2022-04-14,11975.0,-680.0,0.0,100,437.79,447.0,0,0.0,0.0,,0.0,1,2.57,0.16,SPY220617C00500000,500.0,normalDay
2022-04-18,11975.0,-660.0,0.0,100,437.97,447.0,0,0.0,0.0,,0.0,1,2.57,0.14,SPY220617C00500000,500.0,normalDay
2022-04-19,11975.0,44.0,0.0,100,445.04,447.0,0,0.0,0.0,,0.0,1,2.57,0.17,SPY220617C00500000,500.0,normalDay
2022-04-20,11975.0,12.0,0.0,100,444.71,447.0,0,0.0,0.0,,0.0,1,2.57,0.16,SPY220617C00500000,500.0,normalDay
2022-04-21,11975.0,-648.0,0.0,100,438.06,447.0,0,0.0,0.0,,0.0,1,2.57,0.11,SPY220617C00500000,500.0,normalDay
2022-04-22,11975.0,-1846.0,0.0,100,426.04,447.0,0,0.0,0.0,,0.0,1,2.57,0.07,SPY220617C00500000,500.0,normalDay
2022-04-25,11975.0,-1598.0,0.0,100,428.51,447.0,0,0.0,0.0,,0.0,1,2.57,0.06,SPY220617C00500000,500.0,normalDay
2022-04-26,11975.0,-2838.0,0.0,100,416.1,447.0,0,0.0,0.0,,0.0,1,2.57,0.05,SPY220617C00500000,500.0,normalDay
2022-04-27,11975.0,-2720.0,0.0,100,417.27,447.0,0,0.0,0.0,,0.0,1,2.57,0.04,SPY220617C00500000,500.0,normalDay
2022-04-28,11975.0,-1668.0,0.0,100,427.81,447.0,0,0.0,0.0,,0.0,1,2.57,0.06,SPY220617C00500000,500.0,normalDay
2022-04-29,11975.0,-3247.0,0.0,100,412.0,447.0,0,0.0,0.0,,0.0,1,2.57,0.04,SPY220617C00500000,500.0,normalDay
2022-05-02,11975.0,-2999.0,0.0,100,414.48,447.0,0,0.0,0.0,,0.0,1,2.57,0.04,SPY220617C00500000,500.0,normalDay
2022-05-03,11975.0,-2809.0,0.0,100,416.38,447.0,0,0.0,0.0,,0.0,1,2.57,0.04,SPY220617C00500000,500.0,normalDay
2022-05-04,11975.0,-1542.0,0.0,100,429.06,447.0,0,0.0,0.0,,0.0,1,2.57,0.05,SPY220617C00500000,500.0,normalDay
2022-05-05,11975.0,-3066.0,0.0,100,413.81,447.0,0,0.0,0.0,,0.0,1,2.57,0.04,SPY220617C00500000,500.0,normalDay
2022-05-06,11975.0,-3312.0,0.0,100,411.34,447.0,0,0.0,0.0,,0.0,1,2.57,0.03,SPY220617C00500000,500.0,normalDay
2022-05-09,11975.0,-4629.0,0.0,100,398.17,447.0,0,0.0,0.0,,0.0,1,2.57,0.03,SPY220617C00500000,500.0,normalDay
2022-05-10,11975.0,-4536.0,0.0,100,399.09,447.0,0,0.0,0.0,,0.0,1,2.57,0.02,SPY220617C00500000,500.0,normalDay
2022-05-11,11975.0,-5170.0,0.0,100,392.75,447.0,0,0.0,0.0,,0.0,1,2.57,0.02,SPY220617C00500000,500.0,normalDay
2022-05-12,11975.0,-5212.0,0.0,100,392.34,447.0,0,0.0,0.0,,0.0,1,2.57,0.03,SPY220617C00500000,500.0,normalDay
2022-05-13,11975.0,-4274.0,0.0,100,401.72,447.0,0,0.0,0.0,,0.0,1,2.57,0.03,SPY220617C00500000,500.0,normalDay
2022-05-16,11975.0,-4436.0,0.0,100,400.09,447.0,0,0.0,0.0,,0.0,1,2.57,0.02,SPY220617C00500000,500.0,normalDay
2022-05-17,11975.0,-3613.0,0.0,100,408.32,447.0,0,0.0,0.0,,0.0,1,2.57,0.02,SPY220617C00500000,500.0,normalDay
2022-05-18,11975.0,-5259.0,0.0,100,391.86,447.0,0,0.0,0.0,,0.0,1,2.57,0.02,SPY220617C00500000,500.0,normalDay
2022-05-19,11975.0,-5499.0,0.0,100,389.46,447.0,0,0.0,0.0,,0.0,1,2.57,0.02,SPY220617C00500000,500.0,normalDay
2022-05-20,11975.0,-5482.0,0.0,100,389.63,447.0,0,0.0,0.0,,0.0,1,2.57,0.02,SPY220617C00500000,500.0,normalDay
2022-05-23,11975.0,-4753.0,0.0,100,396.92,447.0,0,0.0,0.0,,0.0,1,2.57,0.02,SPY220617C00500000,500.0,normalDay
2022-05-24,11975.0,-5056.0,0.0,100,393.89,447.0,0,0.0,0.0,,0.0,1,2.57,0.02,SPY220617C00500000,500.0,normalDay
2022-05-25,11975.0,-4708.0,0.0,100,397.37,447.0,0,0.0,0.0,,0.0,1,2.57,0.02,SPY220617C00500000,500.0,normalDay
2022-05-26,11975.0,-3914.0,0.0,100,405.31,447.0,0,0.0,0.0,,0.0,1,2.57,0.02,SPY220617C00500000,500.0,normalDay
2022-05-27,11975.0,-2919.0,0.0,100,415.26,447.0,0,0.0,0.0,,0.0,1,2.57,0.02,SPY220617C00500000,500.0,normalDay
2022-05-31,11975.0,-3152.0,0.0,100,412.93,447.0,0,0.0,0.0,,0.0,1,2.57,0.02,SPY220617C00500000,500.0,normalDay
2022-06-01,11975.0,-3486.0,0.0,100,409.59,447.0,0,0.0,0.0,,0.0,1,2.57,0.02,SPY220617C00500000,500.0,normalDay
2022-06-02,11975.0,-2706.0,0.0,100,417.39,447.0,0,0.0,0.0,,0.0,1,2.57,0.02,SPY220617C00500000,500.0,normalDay
2022-06-03,11975.0,-3391.0,0.0,100,410.54,447.0,0,0.0,0.0,,0.0,1,2.57,0.02,SPY220617C00500000,500.0,normalDay
2022-06-06,11975.0,-3265.0,0.0,100,411.79,447.0,0,0.0,0.0,,0.0,1,2.57,0.01,SPY220617C00500000,500.0,normalDay
2022-06-07,11975.0,-2870.0,0.0,100,415.74,447.0,0,0.0,0.0,,0.0,1,2.57,0.01,SPY220617C00500000,500.0,normalDay
2022-06-08,11975.0,-3322.0,0.0,100,411.22,447.0,0,0.0,0.0,,0.0,1,2.57,0.01,SPY220617C00500000,500.0,normalDay
2022-06-09,11975.0,-4300.0,0.0,100,401.44,447.0,0,0.0,0.0,,0.0,1,2.57,0.01,SPY220617C00500000,500.0,normalDay
2022-06-10,11975.0,-5464.0,0.0,100,389.8,447.0,0,0.0,0.0,,0.0,1,2.57,0.01,SPY220617C00500000,500.0,normalDay
2022-06-13,11975.0,-6944.0,0.0,100,375.0,447.0,0,0.0,0.0,,0.0,1,2.57,0.01,SPY220617C00500000,500.0,normalDay
2022-06-14,11975.0,-7057.0,0.0,100,373.87,447.0,0,0.0,0.0,,0.0,1,2.57,0.01,SPY220617C00500000,500.0,normalDay
2022-06-15,11975.0,-6524.0,0.0,100,379.2,447.0,0,0.0,0.0,,0.0,1,2.57,0.01,SPY220617C00500000,500.0,normalDay
2022-06-16,11975.0,-7779.0,0.0,100,366.65,447.0,0,0.0,0.0,,0.0,1,2.57,0.01,SPY220617C00500000,500.0,normalDay
2022-06-17,12232.0,-8114.0,257.0,100,365.86,447.0,0,0.0,0.0,,0.0,1,2.57,0.0,SPY220617C00500000,500.0,expirationDay
2022-06-21,12232.0,-7198.0,0.0,100,375.07,447.0,0,0.0,0.0,,0.0,1,1.37,1.42,SPY221021C00448000,448.0,normalDay
2022-06-22,12232.0,-7259.0,0.0,100,374.39,447.0,0,0.0,0.0,,0.0,1,1.37,1.35,SPY221021C00448000,448.0,normalDay
2022-06-23,12232.0,-6900.0,0.0,100,378.06,447.0,0,0.0,0.0,,0.0,1,1.37,1.43,SPY221021C00448000,448.0,normalDay
2022-06-24,12232.0,-5796.0,0.0,100,390.08,447.0,0,0.0,0.0,,0.0,1,1.37,2.41,SPY221021C00448000,448.0,normalDay
2022-06-27,12232.0,-5921.0,0.0,100,388.59,447.0,0,0.0,0.0,,0.0,1,1.37,2.17,SPY221021C00448000,448.0,normalDay
2022-06-28,12232.0,-6641.0,0.0,100,380.65,447.0,0,0.0,0.0,,0.0,1,1.37,1.43,SPY221021C00448000,448.0,normalDay
2022-06-29,12232.0,-6671.0,0.0,100,380.34,447.0,0,0.0,0.0,,0.0,1,1.37,1.42,SPY221021C00448000,448.0,normalDay
2022-06-30,12232.0,-6953.0,0.0,100,377.25,447.0,0,0.0,0.0,,0.0,1,1.37,1.15,SPY221021C00448000,448.0,normalDay
2022-07-01,12232.0,-6558.0,0.0,100,381.24,447.0,0,0.0,0.0,,0.0,1,1.37,1.19,SPY221021C00448000,448.0,normalDay
2022-07-05,12232.0,-6477.0,0.0,100,381.96,447.0,0,0.0,0.0,,0.0,1,1.37,1.1,SPY221021C00448000,448.0,normalDay
2022-07-06,12232.0,-6358.0,0.0,100,383.25,447.0,0,0.0,0.0,,0.0,1,1.37,1.2,SPY221021C00448000,448.0,normalDay
2022-07-07,12232.0,-5819.0,0.0,100,388.99,447.0,0,0.0,0.0,,0.0,1,1.37,1.55,SPY221021C00448000,448.0,normalDay
2022-07-08,12232.0,-5842.0,0.0,100,388.67,447.0,0,0.0,0.0,,0.0,1,1.37,1.46,SPY221021C00448000,448.0,normalDay
2022-07-11,12232.0,-6253.0,0.0,100,384.23,447.0,0,0.0,0.0,,0.0,1,1.37,1.13,SPY221021C00448000,448.0,normalDay
2022-07-12,12232.0,-6566.0,0.0,100,380.83,447.0,0,0.0,0.0,,0.0,1,1.37,0.86,SPY221021C00448000,448.0,normalDay
2022-07-13,12232.0,-6757.0,0.0,100,378.83,447.0,0,0.0,0.0,,0.0,1,1.37,0.77,SPY221021C00448000,448.0,normalDay
2022-07-14,12232.0,-6847.0,0.0,100,377.91,447.0,0,0.0,0.0,,0.0,1,1.37,0.75,SPY221021C00448000,448.0,normalDay
2022-07-15,12232.0,-6146.0,0.0,100,385.13,447.0,0,0.0,0.0,,0.0,1,1.37,0.96,SPY221021C00448000,448.0,normalDay
2022-07-18,12232.0,-6450.0,0.0,100,381.95,447.0,0,0.0,0.0,,0.0,1,1.37,0.82,SPY221021C00448000,448.0,normalDay
2022-07-19,12232.0,-5498.0,0.0,100,392.27,447.0,0,0.0,0.0,,0.0,1,1.37,1.62,SPY221021C00448000,448.0,normalDay
2022-07-20,12232.0,-5269.0,0.0,100,394.77,447.0,0,0.0,0.0,,0.0,1,1.37,1.83,SPY221021C00448000,448.0,normalDay
2022-07-21,12232.0,-4892.0,0.0,100,398.79,447.0,0,0.0,0.0,,0.0,1,1.37,2.08,SPY221021C00448000,448.0,normalDay
2022-07-22,12232.0,-5214.0,0.0,100,395.09,447.0,0,0.0,0.0,,0.0,1,1.37,1.6,SPY221021C00448000,448.0,normalDay
2022-07-25,12232.0,-5159.0,0.0,100,395.57,447.0,0,0.0,0.0,,0.0,1,1.37,1.53,SPY221021C00448000,448.0,normalDay
2022-07-26,12232.0,-5594.0,0.0,100,390.89,447.0,0,0.0,0.0,,0.0,1,1.37,1.2,SPY221021C00448000,448.0,normalDay
2022-07-27,12232.0,-4642.0,0.0,100,401.04,447.0,0,0.0,0.0,,0.0,1,1.37,1.83,SPY221021C00448000,448.0,normalDay
2022-07-28,12232.0,-4205.0,0.0,100,406.07,447.0,0,0.0,0.0,,0.0,1,1.37,2.49,SPY221021C00448000,448.0,normalDay
2022-07-29,12232.0,-3675.0,0.0,100,411.99,447.0,0,0.0,0.0,,0.0,1,1.37,3.11,SPY221021C00448000,448.0,normalDay
2022-08-01,12232.0,-3784.0,0.0,100,410.77,447.0,0,0.0,0.0,,0.0,1,1.37,2.98,SPY221021C00448000,448.0,normalDay
2022-08-02,12232.0,-4012.0,0.0,100,408.06,447.0,0,0.0,0.0,,0.0,1,1.37,2.55,SPY221021C00448000,448.0,normalDay
2022-08-03,12232.0,-3447.0,0.0,100,414.45,447.0,0,0.0,0.0,,0.0,1,1.37,3.29,SPY221021C00448000,448.0,normalDay
2022-08-04,12232.0,-3472.0,0.0,100,414.17,447.0,0,0.0,0.0,,0.0,1,1.37,3.26,SPY221021C00448000,448.0,normalDay
2022-08-05,12232.0,-3491.0,0.0,100,413.47,447.0,0,0.0,0.0,,0.0,1,1.37,2.75,SPY221021C00448000,448.0,normalDay
2022-08-08,12232.0,-3528.0,0.0,100,412.99,447.0,0,0.0,0.0,,0.0,1,1.37,2.64,SPY221021C00448000,448.0,normalDay
2022-08-09,12232.0,-3660.0,0.0,100,411.35,447.0,0,0.0,0.0,,0.0,1,1.37,2.32,SPY221021C00448000,448.0,normalDay
2022-08-10,12232.0,-2908.0,0.0,100,419.99,447.0,0,0.0,0.0,,0.0,1,1.37,3.44,SPY221021C00448000,448.0,normalDay
2022-08-11,12232.0,-2916.0,0.0,100,419.99,447.0,0,0.0,0.0,,0.0,1,1.37,3.52,SPY221021C00448000,448.0,normalDay
2022-08-12,12232.0,-2362.0,0.0,100,427.1,447.0,0,0.0,0.0,,0.0,1,1.37,5.09,SPY221021C00448000,448.0,normalDay
2022-08-15,12232.0,-2221.0,0.0,100,428.86,447.0,0,0.0,0.0,,0.0,1,1.37,5.44,SPY221021C00448000,448.0,normalDay
2022-08-16,12232.0,-2142.0,0.0,100,429.7,447.0,0,0.0,0.0,,0.0,1,1.37,5.49,SPY221021C00448000,448.0,normalDay
2022-08-17,12232.0,-2367.0,0.0,100,426.65,447.0,0,0.0,0.0,,0.0,1,1.37,4.69,SPY221021C00448000,448.0,normalDay
2022-08-18,12232.0,-2235.0,0.0,100,427.89,447.0,0,0.0,0.0,,0.0,1,1.37,4.61,SPY221021C00448000,448.0,normalDay
2022-08-19,12232.0,-2670.0,0.0,100,422.14,447.0,0,0.0,0.0,,0.0,1,1.37,3.21,SPY221021C00448000,448.0,normalDay
2022-08-22,12232.0,-3421.0,0.0,100,413.35,447.0,0,0.0,0.0,,0.0,1,1.37,1.93,SPY221021C00448000,448.0,normalDay
2022-08-23,12232.0,-3495.0,0.0,100,412.35,447.0,0,0.0,0.0,,0.0,1,1.37,1.67,SPY221021C00448000,448.0,normalDay
2022-08-24,12232.0,-3353.0,0.0,100,413.67,447.0,0,0.0,0.0,,0.0,1,1.37,1.57,SPY221021C00448000,448.0,normalDay
2022-08-25,12232.0,-2831.0,0.0,100,419.51,447.0,0,0.0,0.0,,0.0,1,1.37,2.19,SPY221021C00448000,448.0,normalDay
2022-08-26,12232.0,-4122.0,0.0,100,405.31,447.0,0,0.0,0.0,,0.0,1,1.37,0.9,SPY221021C00448000,448.0,normalDay
2022-08-29,12232.0,-4370.0,0.0,100,402.63,447.0,0,0.0,0.0,,0.0,1,1.37,0.7,SPY221021C00448000,448.0,normalDay
2022-08-30,12232.0,-4787.0,0.0,100,398.21,447.0,0,0.0,0.0,,0.0,1,1.37,0.45,SPY221021C00448000,448.0,normalDay
2022-08-31,12232.0,-5078.0,0.0,100,395.18,447.0,0,0.0,0.0,,0.0,1,1.37,0.33,SPY221021C00448000,448.0,normalDay
2022-09-01,12232.0,-4956.0,0.0,100,396.42,447.0,0,0.0,0.0,,0.0,1,1.37,0.35,SPY221021C00448000,448.0,normalDay
2022-09-02,12232.0,-5363.0,0.0,100,392.24,447.0,0,0.0,0.0,,0.0,1,1.37,0.24,SPY221021C00448000,448.0,normalDay
2022-09-06,12232.0,-5510.0,0.0,100,390.76,447.0,0,0.0,0.0,,0.0,1,1.37,0.23,SPY221021C00448000,448.0,normalDay
2022-09-07,12232.0,-4818.0,0.0,100,397.78,447.0,0,0.0,0.0,,0.0,1,1.37,0.33,SPY221021C00448000,448.0,normalDay
2022-09-08,12232.0,-4562.0,0.0,100,400.38,447.0,0,0.0,0.0,,0.0,1,1.37,0.37,SPY221021C00448000,448.0,normalDay
2022-09-09,12232.0,-3955.0,0.0,100,406.6,447.0,0,0.0,0.0,,0.0,1,1.37,0.52,SPY221021C00448000,448.0,normalDay
2022-09-12,12232.0,-3552.0,0.0,100,410.97,447.0,0,0.0,0.0,,0.0,1,1.37,0.86,SPY221021C00448000,448.0,normalDay
2022-09-13,12232.0,-5274.0,0.0,100,393.1,447.0,0,0.0,0.0,,0.0,1,1.37,0.21,SPY221021C00448000,448.0,normalDay
2022-09-14,12232.0,-5123.0,0.0,100,394.6,447.0,0,0.0,0.0,,0.0,1,1.37,0.2,SPY221021C00448000,448.0,normalDay
2022-09-15,12232.0,-5563.0,0.0,100,390.12,447.0,0,0.0,0.0,,0.0,1,1.37,0.12,SPY221021C00448000,448.0,normalDay
2022-09-16,12232.0,-6017.0,0.0,100,385.56,447.0,0,0.0,0.0,,0.0,1,1.37,0.1,SPY221021C00448000,448.0,normalDay
2022-09-19,12232.0,-5718.0,0.0,100,388.55,447.0,0,0.0,0.0,,0.0,1,1.37,0.1,SPY221021C00448000,448.0,normalDay
2022-09-20,12232.0,-6161.0,0.0,100,384.09,447.0,0,0.0,0.0,,0.0,1,1.37,0.07,SPY221021C00448000,448.0,normalDay
2022-09-21,12232.0,-6829.0,0.0,100,377.39,447.0,0,0.0,0.0,,0.0,1,1.37,0.05,SPY221021C00448000,448.0,normalDay
2022-09-22,12232.0,-7144.0,0.0,100,374.22,447.0,0,0.0,0.0,,0.0,1,1.37,0.03,SPY221021C00448000,448.0,normalDay
2022-09-23,12232.0,-7771.0,0.0,100,367.95,447.0,0,0.0,0.0,,0.0,1,1.37,0.03,SPY221021C00448000,448.0,normalDay
2022-09-26,12232.0,-8134.0,0.0,100,364.31,447.0,0,0.0,0.0,,0.0,1,1.37,0.02,SPY221021C00448000,448.0,normalDay
2022-09-27,12232.0,-8227.0,0.0,100,363.38,447.0,0,0.0,0.0,,0.0,1,1.37,0.02,SPY221021C00448000,448.0,normalDay
2022-09-28,12232.0,-7513.0,0.0,100,370.53,447.0,0,0.0,0.0,,0.0,1,1.37,0.03,SPY221021C00448000,448.0,normalDay
2022-09-29,12232.0,-8286.0,0.0,100,362.79,447.0,0,0.0,0.0,,0.0,1,1.37,0.02,SPY221021C00448000,448.0,normalDay
2022-09-30,12232.0,-8847.0,0.0,100,357.18,447.0,0,0.0,0.0,,0.0,1,1.37,0.02,SPY221021C00448000,448.0,normalDay
2022-10-03,12232.0,-7904.0,0.0,100,366.61,447.0,0,0.0,0.0,,0.0,1,1.37,0.02,SPY221021C00448000,448.0,normalDay
2022-10-04,12232.0,-6769.0,0.0,100,377.97,447.0,0,0.0,0.0,,0.0,1,1.37,0.03,SPY221021C00448000,448.0,normalDay
2022-10-05,12232.0,-6856.0,0.0,100,377.09,447.0,0,0.0,0.0,,0.0,1,1.37,0.02,SPY221021C00448000,448.0,normalDay
2022-10-06,12232.0,-7244.0,0.0,100,373.2,447.0,0,0.0,0.0,,0.0,1,1.37,0.01,SPY221021C00448000,448.0,normalDay
2022-10-07,12232.0,-8285.0,0.0,100,362.79,447.0,0,0.0,0.0,,0.0,1,1.37,0.01,SPY221021C00448000,448.0,normalDay
2022-10-10,12232.0,-8562.0,0.0,100,360.02,447.0,0,0.0,0.0,,0.0,1,1.37,0.01,SPY221021C00448000,448.0,normalDay
2022-10-11,12232.0,-8790.0,0.0,100,357.74,447.0,0,0.0,0.0,,0.0,1,1.37,0.01,SPY221021C00448000,448.0,normalDay
2022-10-12,12232.0,-8908.0,0.0,100,356.56,447.0,0,0.0,0.0,,0.0,1,1.37,0.01,SPY221021C00448000,448.0,normalDay
2022-10-13,12232.0,-7967.0,0.0,100,365.97,447.0,0,0.0,0.0,,0.0,1,1.37,0.01,SPY221021C00448000,448.0,normalDay
2022-10-14,12232.0,-8801.0,0.0,100,357.63,447.0,0,0.0,0.0,,0.0,1,1.37,0.01,SPY221021C00448000,448.0,normalDay
2022-10-17,12232.0,-7882.0,0.0,100,366.82,447.0,0,0.0,0.0,,0.0,1,1.37,0.01,SPY221021C00448000,448.0,normalDay
2022-10-18,12232.0,-7451.0,0.0,100,371.13,447.0,0,0.0,0.0,,0.0,1,1.37,0.01,SPY221021C00448000,448.0,normalDay
2022-10-19,12232.0,-7714.0,0.0,100,368.5,447.0,0,0.0,0.0,,0.0,1,1.37,0.01,SPY221021C00448000,448.0,normalDay
2022-10-20,12232.0,-8023.0,0.0,100,365.41,447.0,0,0.0,0.0,,0.0,1,1.37,0.01,SPY221021C00448000,448.0,normalDay
2022-10-21,12369.0,-7271.0,137.0,100,374.29,447.0,0,0.0,0.0,,0.0,1,1.37,0.0,SPY221021C00448000,448.0,expirationDay
2022-10-24,12369.0,-6833.0,0.0,100,378.87,447.0,0,0.0,0.0,,0.0,1,19.74,19.94,SPY230217C00387000,387.0,normalDay
2022-10-25,12369.0,-6430.0,0.0,100,384.92,447.0,0,0.0,0.0,,0.0,1,19.74,21.96,SPY230217C00387000,387.0,normalDay
2022-10-26,12369.0,-6630.0,0.0,100,382.02,447.0,0,0.0,0.0,,0.0,1,19.74,21.06,SPY230217C00387000,387.0,normalDay
2022-10-27,12369.0,-6447.0,0.0,100,379.98,447.0,0,0.0,0.0,,0.0,1,19.74,17.19,SPY230217C00387000,387.0,normalDay
2022-10-28,12369.0,-6218.0,0.0,100,389.02,447.0,0,0.0,0.0,,0.0,1,19.74,23.94,SPY230217C00387000,387.0,normalDay
2022-10-31,12369.0,-6299.0,0.0,100,386.21,447.0,0,0.0,0.0,,0.0,1,19.74,21.94,SPY230217C00387000,387.0,normalDay
2022-11-01,12369.0,-6317.0,0.0,100,384.52,447.0,0,0.0,0.0,,0.0,1,19.74,20.43,SPY230217C00387000,387.0,normalDay
2022-11-02,12369.0,-6768.0,0.0,100,374.87,447.0,0,0.0,0.0,,0.0,1,19.74,15.29,SPY230217C00387000,387.0,normalDay
2022-11-03,12369.0,-6944.0,0.0,100,371.01,447.0,0,0.0,0.0,,0.0,1,19.74,13.19,SPY230217C00387000,387.0,normalDay
2022-11-04,12369.0,-6633.0,0.0,100,376.35,447.0,0,0.0,0.0,,0.0,1,19.74,15.42,SPY230217C00387000,387.0,normalDay
2022-11-07,12369.0,-6422.0,0.0,100,379.95,447.0,0,0.0,0.0,,0.0,1,19.74,16.91,SPY230217C00387000,387.0,normalDay
2022-11-08,12369.0,-6324.0,0.0,100,382.0,447.0,0,0.0,0.0,,0.0,1,19.74,17.98,SPY230217C00387000,387.0,normalDay
2022-11-09,12369.0,-6750.0,0.0,100,374.13,447.0,0,0.0,0.0,,0.0,1,19.74,14.37,SPY230217C00387000,387.0,normalDay
2022-11-10,12369.0,-5816.0,0.0,100,394.69,447.0,0,0.0,0.0,,0.0,1,19.74,25.59,SPY230217C00387000,387.0,normalDay
2022-11-11,12369.0,-5605.0,0.0,100,398.51,447.0,0,0.0,0.0,,0.0,1,19.74,27.3,SPY230217C00387000,387.0,normalDay
2022-11-14,12369.0,-5749.0,0.0,100,395.12,447.0,0,0.0,0.0,,0.0,1,19.74,25.35,SPY230217C00387000,387.0,normalDay
2022-11-15,12369.0,-5609.0,0.0,100,398.49,447.0,0,0.0,0.0,,0.0,1,19.74,27.32,SPY230217C00387000,387.0,normalDay
2022-11-16,12369.0,-5679.0,0.0,100,395.45,447.0,0,0.0,0.0,,0.0,1,19.74,24.98,SPY230217C00387000,387.0,normalDay
2022-11-17,12369.0,-5690.0,0.0,100,394.24,447.0,0,0.0,0.0,,0.0,1,19.74,23.88,SPY230217C00387000,387.0,normalDay
2022-11-18,12369.0,-5565.0,0.0,100,396.03,447.0,0,0.0,0.0,,0.0,1,19.74,24.42,SPY230217C00387000,387.0,normalDay
2022-11-21,12369.0,-5577.0,0.0,100,394.59,447.0,0,0.0,0.0,,0.0,1,19.74,23.1,SPY230217C00387000,387.0,normalDay
2022-11-22,12369.0,-5335.0,0.0,100,399.9,447.0,0,0.0,0.0,,0.0,1,19.74,25.99,SPY230217C00387000,387.0,normalDay
2022-11-23,12369.0,-5240.0,0.0,100,402.42,447.0,0,0.0,0.0,,0.0,1,19.74,27.56,SPY230217C00387000,387.0,normalDay
2022-11-25,12369.0,-5429.0,0.0,100,402.33,447.0,0,0.0,0.0,,0.0,1,19.74,29.36,SPY230217C00387000,387.0,normalDay
2022-11-28,12369.0,-5457.0,0.0,100,395.91,447.0,0,0.0,0.0,,0.0,1,19.74,23.22,SPY230217C00387000,387.0,normalDay
2022-11-29,12369.0,-5444.0,0.0,100,395.23,447.0,0,0.0,0.0,,0.0,1,19.74,22.41,SPY230217C00387000,387.0,normalDay
2022-11-30,12369.0,-5069.0,0.0,100,407.68,447.0,0,0.0,0.0,,0.0,1,19.74,31.11,SPY230217C00387000,387.0,normalDay
2022-12-01,12369.0,-4991.0,0.0,100,407.38,447.0,0,0.0,0.0,,0.0,1,19.74,30.03,SPY230217C00387000,387.0,normalDay
2022-12-02,12369.0,-4956.0,0.0,100,406.91,447.0,0,0.0,0.0,,0.0,1,19.74,29.21,SPY230217C00387000,387.0,normalDay
2022-12-05,12369.0,-5189.0,0.0,100,399.59,447.0,0,0.0,0.0,,0.0,1,19.74,24.22,SPY230217C00387000,387.0,normalDay
2022-12-06,12369.0,-5422.0,0.0,100,393.83,447.0,0,0.0,0.0,,0.0,1,19.74,20.79,SPY230217C00387000,387.0,normalDay
2022-12-07,12369.0,-5448.0,0.0,100,393.16,447.0,0,0.0,0.0,,0.0,1,19.74,20.38,SPY230217C00387000,387.0,normalDay
2022-12-08,12369.0,-5308.0,0.0,100,396.24,447.0,0,0.0,0.0,,0.0,1,19.74,22.06,SPY230217C00387000,387.0,normalDay
2022-12-09,12369.0,-5422.0,0.0,100,393.28,447.0,0,0.0,0.0,,0.0,1,19.74,20.24,SPY230217C00387000,387.0,normalDay
2022-12-12,12369.0,-5201.0,0.0,100,398.95,447.0,0,0.0,0.0,,0.0,1,19.74,23.7,SPY230217C00387000,387.0,normalDay
2022-12-13,12369.0,-5052.0,0.0,100,401.97,447.0,0,0.0,0.0,,0.0,1,19.74,25.23,SPY230217C00387000,387.0,normalDay
2022-12-14,12369.0,-5102.0,0.0,100,399.4,447.0,0,0.0,0.0,,0.0,1,19.74,23.16,SPY230217C00387000,387.0,normalDay
2022-12-15,12369.0,-5420.0,0.0,100,389.63,447.0,0,0.0,0.0,,0.0,1,19.74,16.57,SPY230217C00387000,387.0,normalDay
2022-12-16,12369.0,-5756.0,0.0,100,383.27,447.0,0,0.0,0.0,,0.0,1,19.74,13.57,SPY230217C00387000,387.0,normalDay
2022-12-19,12369.0,-5859.0,0.0,100,380.02,447.0,0,0.0,0.0,,0.0,1,19.74,11.35,SPY230217C00387000,387.0,normalDay
2022-12-20,12369.0,-5811.0,0.0,100,380.54,447.0,0,0.0,0.0,,0.0,1,19.74,11.39,SPY230217C00387000,387.0,normalDay
2022-12-21,12369.0,-5490.0,0.0,100,386.23,447.0,0,0.0,0.0,,0.0,1,19.74,13.87,SPY230217C00387000,387.0,normalDay
2022-12-22,12369.0,-5780.0,0.0,100,380.72,447.0,0,0.0,0.0,,0.0,1,19.74,11.26,SPY230217C00387000,387.0,normalDay
2022-12-23,12369.0,-5625.0,0.0,100,382.91,447.0,0,0.0,0.0,,0.0,1,19.74,11.9,SPY230217C00387000,387.0,normalDay
2022-12-27,12369.0,-5685.0,0.0,100,381.4,447.0,0,0.0,0.0,,0.0,1,19.74,10.99,SPY230217C00387000,387.0,normalDay
2022-12-28,12369.0,-5930.0,0.0,100,376.66,447.0,0,0.0,0.0,,0.0,1,19.74,8.7,SPY230217C00387000,387.0,normalDay
2022-12-29,12369.0,-5533.0,0.0,100,383.44,447.0,0,0.0,0.0,,0.0,1,19.74,11.51,SPY230217C00387000,387.0,normalDay
2022-12-30,12369.0,-5585.0,0.0,100,382.43,447.0,0,0.0,0.0,,0.0,1,19.74,11.02,SPY230217C00387000,387.0,normalDay
2023-01-03,12369.0,-5591.0,0.0,100,380.82,447.0,0,0.0,0.0,,0.0,1,19.74,9.47,SPY230217C00387000,387.0,normalDay
2023-01-04,12369.0,-5424.0,0.0,100,383.76,447.0,0,0.0,0.0,,0.0,1,19.74,10.74,SPY230217C00387000,387.0,normalDay
2023-01-05,12369.0,-5627.0,0.0,100,379.38,447.0,0,0.0,0.0,,0.0,1,19.74,8.39,SPY230217C00387000,387.0,normalDay
2023-01-06,12369.0,-5154.0,0.0,100,388.08,447.0,0,0.0,0.0,,0.0,1,19.74,12.36,SPY230217C00387000,387.0,normalDay
2023-01-09,12369.0,-5152.0,0.0,100,387.86,447.0,0,0.0,0.0,,0.0,1,19.74,12.12,SPY230217C00387000,387.0,normalDay
2023-01-10,12369.0,-4999.0,0.0,100,390.58,447.0,0,0.0,0.0,,0.0,1,19.74,13.31,SPY230217C00387000,387.0,normalDay
2023-01-11,12369.0,-4842.0,0.0,100,395.52,447.0,0,0.0,0.0,,0.0,1,19.74,16.68,SPY230217C00387000,387.0,normalDay
2023-01-12,12369.0,-4690.0,0.0,100,396.96,447.0,0,0.0,0.0,,0.0,1,19.74,16.6,SPY230217C00387000,387.0,normalDay
2023-01-13,12369.0,-4585.0,0.0,100,398.5,447.0,0,0.0,0.0,,0.0,1,19.74,17.09,SPY230217C00387000,387.0,normalDay
2023-01-17,12369.0,-4604.0,0.0,100,397.77,447.0,0,0.0,0.0,,0.0,1,19.74,16.55,SPY230217C00387000,387.0,normalDay
2023-01-18,12369.0,-4787.0,0.0,100,391.49,447.0,0,0.0,0.0,,0.0,1,19.74,12.1,SPY230217C00387000,387.0,normalDay
2023-01-19,12369.0,-4887.0,0.0,100,388.64,447.0,0,0.0,0.0,,0.0,1,19.74,10.25,SPY230217C00387000,387.0,normalDay
2023-01-20,12369.0,-4593.0,0.0,100,395.88,447.0,0,0.0,0.0,,0.0,1,19.74,14.55,SPY230217C00387000,387.0,normalDay
2023-01-23,12369.0,-4449.0,0.0,100,400.63,447.0,0,0.0,0.0,,0.0,1,19.74,17.86,SPY230217C00387000,387.0,normalDay
2023-01-24,12369.0,-4536.0,0.0,100,400.2,447.0,0,0.0,0.0,,0.0,1,19.74,18.3,SPY230217C00387000,387.0,normalDay
2023-01-25,12369.0,-4454.0,0.0,100,400.35,447.0,0,0.0,0.0,,0.0,1,19.74,17.63,SPY230217C00387000,387.0,normalDay
2023-01-26,12369.0,-4340.0,0.0,100,404.75,447.0,0,0.0,0.0,,0.0,1,19.74,20.89,SPY230217C00387000,387.0,normalDay
2023-01-27,12369.0,-4297.0,0.0,100,405.68,447.0,0,0.0,0.0,,0.0,1,19.74,21.39,SPY230217C00387000,387.0,normalDay
2023-01-30,12369.0,-4447.0,0.0,100,400.59,447.0,0,0.0,0.0,,0.0,1,19.74,17.8,SPY230217C00387000,387.0,normalDay
2023-01-31,12369.0,-4263.0,0.0,100,406.48,447.0,0,0.0,0.0,,0.0,1,19.74,21.85,SPY230217C00387000,387.0,normalDay
2023-02-01,12369.0,-4311.0,0.0,100,410.8,447.0,0,0.0,0.0,,0.0,1,19.74,26.65,SPY230217C00387000,387.0,normalDay
2023-02-02,12369.0,-4075.0,0.0,100,416.78,447.0,0,0.0,0.0,,0.0,1,19.74,30.27,SPY230217C00387000,387.0,normalDay
2023-02-03,12369.0,-4155.0,0.0,100,412.35,447.0,0,0.0,0.0,,0.0,1,19.74,26.64,SPY230217C00387000,387.0,normalDay
2023-02-06,12369.0,-4166.0,0.0,100,409.83,447.0,0,0.0,0.0,,0.0,1,19.74,24.23,SPY230217C00387000,387.0,normalDay
2023-02-07,12369.0,-4048.0,0.0,100,415.19,447.0,0,0.0,0.0,,0.0,1,19.74,28.41,SPY230217C00387000,387.0,normalDay
2023-02-08,12369.0,-4140.0,0.0,100,410.65,447.0,0,0.0,0.0,,0.0,1,19.74,24.79,SPY230217C00387000,387.0,normalDay
2023-02-09,12369.0,-4167.0,0.0,100,407.09,447.0,0,0.0,0.0,,0.0,1,19.74,21.5,SPY230217C00387000,387.0,normalDay
2023-02-10,12369.0,-4093.0,0.0,100,408.04,447.0,0,0.0,0.0,,0.0,1,19.74,21.71,SPY230217C00387000,387.0,normalDay
2023-02-13,12369.0,-4087.0,0.0,100,412.83,447.0,0,0.0,0.0,,0.0,1,19.74,26.44,SPY230217C00387000,387.0,normalDay
2023-02-14,12369.0,-4010.0,0.0,100,412.64,447.0,0,0.0,0.0,,0.0,1,19.74,25.48,SPY230217C00387000,387.0,normalDay
2023-02-15,12369.0,-4071.0,0.0,100,413.98,447.0,0,0.0,0.0,,0.0,1,19.74,27.43,SPY230217C00387000,387.0,normalDay
2023-02-16,12369.0,-4042.0,0.0,100,408.28,447.0,0,0.0,0.0,,0.0,1,19.74,21.44,SPY230217C00387000,387.0,normalDay
2023-02-17,8343.0,-4042.0,-4026.0,0,407.26,0.0,0,0.0,0.0,,0.0,1,19.74,0.0,SPY230217C00387000,387.0,expirationDay
2023-02-21,8343.0,-4.0,0.0,0,399.09,0.0,1,2.3,2.34,SPY230303P00391000,391.0,0,0.0,0.0,,0.0,normalDay
2023-02-22,8343.0,40.0,0.0,0,398.54,0.0,1,2.3,1.9,SPY230303P00391000,391.0,0,0.0,0.0,,0.0,normalDay
2023-02-23,8343.0,117.0,0.0,0,400.66,0.0,1,2.3,1.13,SPY230303P00391000,391.0,0,0.0,0.0,,0.0,normalDay
2023-02-24,8343.0,54.0,0.0,0,396.38,0.0,1,2.3,1.76,SPY230303P00391000,391.0,0,0.0,0.0,,0.0,normalDay
2023-02-27,8343.0,146.0,0.0,0,397.73,0.0,1,2.3,0.84,SPY230303P00391000,391.0,0,0.0,0.0,,0.0,normalDay
2023-02-28,8343.0,131.0,0.0,0,396.26,0.0,1,2.3,0.99,SPY230303P00391000,391.0,0,0.0,0.0,,0.0,normalDay
2023-03-01,8343.0,140.0,0.0,0,394.74,0.0,1,2.3,0.9,SPY230303P00391000,391.0,0,0.0,0.0,,0.0,normalDay
2023-03-02,8343.0,219.0,0.0,0,397.81,0.0,1,2.3,0.11,SPY230303P00391000,391.0,0,0.0,0.0,,0.0,normalDay
2023-03-03,8573.0,0.0,230.0,0,404.19,0.0,1,2.3,0.0,SPY230303P00391000,391.0,0,0.0,0.0,,0.0,expirationDay
2023-03-06,8573.0,-3.0,0.0,0,404.47,0.0,1,0.62,0.65,SPY230317P00383000,383.0,0,0.0,0.0,,0.0,normalDay
2023-03-07,8573.0,-67.0,0.0,0,398.27,0.0,1,0.62,1.29,SPY230317P00383000,383.0,0,0.0,0.0,,0.0,normalDay
2023-03-08,8573.0,-43.0,0.0,0,398.92,0.0,1,0.62,1.05,SPY230317P00383000,383.0,0,0.0,0.0,,0.0,normalDay
2023-03-09,8573.0,-247.0,0.0,0,391.56,0.0,1,0.62,3.09,SPY230317P00383000,383.0,0,0.0,0.0,,0.0,normalDay
2023-03-10,8573.0,-413.0,0.0,0,385.91,0.0,1,0.62,4.75,SPY230317P00383000,383.0,0,0.0,0.0,,0.0,normalDay
2023-03-13,8573.0,-415.0,0.0,0,385.36,0.0,1,0.62,4.77,SPY230317P00383000,383.0,0,0.0,0.0,,0.0,normalDay
2023-03-14,8573.0,-74.0,0.0,0,391.73,0.0,1,0.62,1.36,SPY230317P00383000,383.0,0,0.0,0.0,,0.0,normalDay
2023-03-15,8573.0,-113.0,0.0,0,389.28,0.0,1,0.62,1.75,SPY230317P00383000,383.0,0,0.0,0.0,,0.0,normalDay
2023-03-16,8573.0,50.0,0.0,0,396.11,0.0,1,0.62,0.12,SPY230317P00383000,383.0,0,0.0,0.0,,0.0,normalDay
2023-03-17,8635.0,0.0,62.0,0,389.99,0.0,1,0.62,0.0,SPY230317P00383000,383.0,0,0.0,0.0,,0.0,expirationDay
2023-03-20,8635.0,-5.0,0.0,0,393.74,0.0,1,2.11,2.16,SPY230331P00378000,378.0,0,0.0,0.0,,0.0,normalDay
2023-03-21,8635.0,119.0,0.0,0,398.91,0.0,1,2.11,0.92,SPY230331P00378000,378.0,0,0.0,0.0,,0.0,normalDay
2023-03-22,8635.0,50.0,0.0,0,392.11,0.0,1,2.11,1.61,SPY230331P00378000,378.0,0,0.0,0.0,,0.0,normalDay
2023-03-23,8635.0,79.0,0.0,0,393.17,0.0,1,2.11,1.32,SPY230331P00378000,378.0,0,0.0,0.0,,0.0,normalDay
2023-03-24,8635.0,153.0,0.0,0,395.75,0.0,1,2.11,0.58,SPY230331P00378000,378.0,0,0.0,0.0,,0.0,normalDay
2023-03-27,8635.0,195.0,0.0,0,396.49,0.0,1,2.11,0.16,SPY230331P00378000,378.0,0,0.0,0.0,,0.0,normalDay
2023-03-28,8635.0,202.0,0.0,0,395.6,0.0,1,2.11,0.09,SPY230331P00378000,378.0,0,0.0,0.0,,0.0,normalDay
2023-03-29,8635.0,207.0,0.0,0,401.35,0.0,1,2.11,0.04,SPY230331P00378000,378.0,0,0.0,0.0,,0.0,normalDay
2023-03-30,8635.0,208.0,0.0,0,403.7,0.0,1,2.11,0.03,SPY230331P00378000,378.0,0,0.0,0.0,,0.0,normalDay
2023-03-31,8846.0,0.0,211.0,0,409.39,0.0,1,2.11,0.0,SPY230331P00378000,378.0,0,0.0,0.0,,0.0,expirationDay
2023-04-03,8846.0,-3.0,0.0,0,410.95,0.0,1,0.1,0.13,SPY230414P00374000,374.0,0,0.0,0.0,,0.0,normalDay
2023-04-04,8846.0,-3.0,0.0,0,408.67,0.0,1,0.1,0.13,SPY230414P00374000,374.0,0,0.0,0.0,,0.0,normalDay
2023-04-05,8846.0,1.0,0.0,0,407.6,0.0,1,0.1,0.09,SPY230414P00374000,374.0,0,0.0,0.0,,0.0,normalDay
2023-04-06,8846.0,6.0,0.0,0,409.19,0.0,1,0.1,0.04,SPY230414P00374000,374.0,0,0.0,0.0,,0.0,normalDay
2023-04-10,8846.0,7.0,0.0,0,409.61,0.0,1,0.1,0.03,SPY230414P00374000,374.0,0,0.0,0.0,,0.0,normalDay
2023-04-11,8846.0,7.0,0.0,0,409.72,0.0,1,0.1,0.03,SPY230414P00374000,374.0,0,0.0,0.0,,0.0,normalDay
2023-04-12,8846.0,8.0,0.0,0,408.05,0.0,1,0.1,0.02,SPY230414P00374000,374.0,0,0.0,0.0,,0.0,normalDay
2023-04-13,8846.0,9.0,0.0,0,413.47,0.0,1,0.1,0.01,SPY230414P00374000,374.0,0,0.0,0.0,,0.0,normalDay
2023-04-14,8856.0,0.0,10.0,0,412.46,0.0,1,0.1,0.0,SPY230414P00374000,374.0,0,0.0,0.0,,0.0,expirationDay
2023-04-17,8856.0,-3.0,0.0,0,413.94,0.0,1,0.09,0.12,SPY230428P00379000,379.0,0,0.0,0.0,,0.0,normalDay
2023-04-18,8856.0,-2.0,0.0,0,414.21,0.0,1,0.09,0.11,SPY230428P00379000,379.0,0,0.0,0.0,,0.0,normalDay
2023-04-19,8856.0,1.0,0.0,0,414.14,0.0,1,0.09,0.08,SPY230428P00379000,379.0,0,0.0,0.0,,0.0,normalDay
2023-04-20,8856.0,1.0,0.0,0,411.88,0.0,1,0.09,0.08,SPY230428P00379000,379.0,0,0.0,0.0,,0.0,normalDay
2023-04-21,8856.0,3.0,0.0,0,412.2,0.0,1,0.09,0.06,SPY230428P00379000,379.0,0,0.0,0.0,,0.0,normalDay
2023-04-24,8856.0,6.0,0.0,0,412.63,0.0,1,0.09,0.03,SPY230428P00379000,379.0,0,0.0,0.0,,0.0,normalDay
2023-04-25,8856.0,5.0,0.0,0,406.08,0.0,1,0.09,0.04,SPY230428P00379000,379.0,0,0.0,0.0,,0.0,normalDay
2023-04-26,8856.0,6.0,0.0,0,404.36,0.0,1,0.09,0.03,SPY230428P00379000,379.0,0,0.0,0.0,,0.0,normalDay
2023-04-27,8856.0,7.0,0.0,0,412.41,0.0,1,0.09,0.02,SPY230428P00379000,379.0,0,0.0,0.0,,0.0,normalDay
2023-04-28,8865.0,0.0,9.0,0,415.93,0.0,1,0.09,0.0,SPY230428P00379000,379.0,0,0.0,0.0,,0.0,expirationDay
2023-05-01,8865.0,-3.0,0.0,0,415.51,0.0,1,0.75,0.78,SPY230512P00401000,401.0,0,0.0,0.0,,0.0,normalDay
2023-05-02,8865.0,-88.0,0.0,0,410.84,0.0,1,0.75,1.63,SPY230512P00401000,401.0,0,0.0,0.0,,0.0,normalDay
2023-05-03,8865.0,-116.0,0.0,0,408.02,0.0,1,0.75,1.91,SPY230512P00401000,401.0,0,0.0,0.0,,0.0,normalDay
2023-05-04,8865.0,-224.0,0.0,0,405.13,0.0,1,0.75,2.99,SPY230512P00401000,401.0,0,0.0,0.0,,0.0,normalDay
2023-05-05,8865.0,16.0,0.0,0,412.63,0.0,1,0.75,0.59,SPY230512P00401000,401.0,0,0.0,0.0,,0.0,normalDay
2023-05-08,8865.0,46.0,0.0,0,412.74,0.0,1,0.75,0.29,SPY230512P00401000,401.0,0,0.0,0.0,,0.0,normalDay
2023-05-09,8865.0,44.0,0.0,0,410.93,0.0,1,0.75,0.31,SPY230512P00401000,401.0,0,0.0,0.0,,0.0,normalDay
2023-05-10,8865.0,66.0,0.0,0,412.85,0.0,1,0.75,0.09,SPY230512P00401000,401.0,0,0.0,0.0,,0.0,normalDay
2023-05-11,8865.0,71.0,0.0,0,412.13,0.0,1,0.75,0.04,SPY230512P00401000,401.0,0,0.0,0.0,,0.0,normalDay
2023-05-12,8940.0,0.0,75.0,0,411.59,0.0,1,0.75,0.0,SPY230512P00401000,401.0,0,0.0,0.0,,0.0,expirationDay
2023-05-15,8940.0,-3.0,0.0,0,413.01,0.0,1,0.89,0.92,SPY230526P00401000,401.0,0,0.0,0.0,,0.0,normalDay
2023-05-16,8940.0,-42.0,0.0,0,410.25,0.0,1,0.89,1.31,SPY230526P00401000,401.0,0,0.0,0.0,,0.0,normalDay
2023-05-17,8940.0,37.0,0.0,0,415.23,0.0,1,0.89,0.52,SPY230526P00401000,401.0,0,0.0,0.0,,0.0,normalDay
2023-05-18,8940.0,65.0,0.0,0,419.23,0.0,1,0.89,0.24,SPY230526P00401000,401.0,0,0.0,0.0,,0.0,normalDay
2023-05-19,8940.0,72.0,0.0,0,418.62,0.0,1,0.89,0.17,SPY230526P00401000,401.0,0,0.0,0.0,,0.0,normalDay
2023-05-22,8940.0,80.0,0.0,0,418.79,0.0,1,0.89,0.09,SPY230526P00401000,401.0,0,0.0,0.0,,0.0,normalDay
2023-05-23,8940.0,74.0,0.0,0,414.09,0.0,1,0.89,0.15,SPY230526P00401000,401.0,0,0.0,0.0,,0.0,normalDay
2023-05-24,8940.0,71.0,0.0,0,411.09,0.0,1,0.89,0.18,SPY230526P00401000,401.0,0,0.0,0.0,,0.0,normalDay
2023-05-25,8940.0,83.0,0.0,0,414.65,0.0,1,0.89,0.06,SPY230526P00401000,401.0,0,0.0,0.0,,0.0,normalDay
2023-05-26,9029.0,0.0,89.0,0,420.02,0.0,1,0.89,0.0,SPY230526P00401000,401.0,0,0.0,0.0,,0.0,expirationDay
2023-05-30,9029.0,-3.0,0.0,0,420.18,0.0,1,0.42,0.45,SPY230609P00400000,400.0,0,0.0,0.0,,0.0,normalDay
2023-05-31,9029.0,-2.0,0.0,0,417.85,0.0,1,0.42,0.44,SPY230609P00400000,400.0,0,0.0,0.0,,0.0,normalDay
2023-06-01,9029.0,24.0,0.0,0,421.82,0.0,1,0.42,0.18,SPY230609P00400000,400.0,0,0.0,0.0,,0.0,normalDay
2023-06-02,9029.0,36.0,0.0,0,427.92,0.0,1,0.42,0.06,SPY230609P00400000,400.0,0,0.0,0.0,,0.0,normalDay
2023-06-05,9029.0,38.0,0.0,0,427.1,0.0,1,0.42,0.04,SPY230609P00400000,400.0,0,0.0,0.0,,0.0,normalDay
2023-06-06,9029.0,39.0,0.0,0,428.03,0.0,1,0.42,0.03,SPY230609P00400000,400.0,0,0.0,0.0,,0.0,normalDay
2023-06-07,9029.0,39.0,0.0,0,426.55,0.0,1,0.42,0.03,SPY230609P00400000,400.0,0,0.0,0.0,,0.0,normalDay
2023-06-08,9029.0,40.0,0.0,0,429.13,0.0,1,0.42,0.02,SPY230609P00400000,400.0,0,0.0,0.0,,0.0,normalDay
2023-06-09,9071.0,0.0,42.0,0,429.9,0.0,1,0.42,0.0,SPY230609P00400000,400.0,0,0.0,0.0,,0.0,expirationDay
2023-06-12,9071.0,-3.0,0.0,0,433.8,0.0,1,0.14,0.17,SPY230623P00398000,398.0,0,0.0,0.0,,0.0,normalDay
2023-06-13,9071.0,-1.0,0.0,0,436.66,0.0,1,0.14,0.15,SPY230623P00398000,398.0,0,0.0,0.0,,0.0,normalDay
2023-06-14,9071.0,5.0,0.0,0,437.18,0.0,1,0.14,0.09,SPY230623P00398000,398.0,0,0.0,0.0,,0.0,normalDay
2023-06-15,9071.0,6.0,0.0,0,442.6,0.0,1,0.14,0.08,SPY230623P00398000,398.0,0,0.0,0.0,,0.0,normalDay
2023-06-16,9071.0,11.0,0.0,0,439.46,0.0,1,0.14,0.03,SPY230623P00398000,398.0,0,0.0,0.0,,0.0,normalDay
2023-06-20,9071.0,12.0,0.0,0,437.18,0.0,1,0.14,0.02,SPY230623P00398000,398.0,0,0.0,0.0,,0.0,normalDay
2023-06-21,9071.0,12.0,0.0,0,434.94,0.0,1,0.14,0.02,SPY230623P00398000,398.0,0,0.0,0.0,,0.0,normalDay
2023-06-22,9071.0,13.0,0.0,0,436.51,0.0,1,0.14,0.01,SPY230623P00398000,398.0,0,0.0,0.0,,0.0,normalDay
2023-06-23,9085.0,0.0,14.0,0,433.21,0.0,1,0.14,0.0,SPY230623P00398000,398.0,0,0.0,0.0,,0.0,expirationDay
2023-06-26,9085.0,-3.0,0.0,0,431.44,0.0,1,0.18,0.21,SPY230707P00407500,407.5,0,0.0,0.0,,0.0,normalDay
2023-06-27,9085.0,5.0,0.0,0,436.17,0.0,1,0.18,0.13,SPY230707P00407500,407.5,0,0.0,0.0,,0.0,normalDay
2023-06-28,9085.0,10.0,0.0,0,436.39,0.0,1,0.18,0.08,SPY230707P00407500,407.5,0,0.0,0.0,,0.0,normalDay
2023-06-29,9085.0,11.0,0.0,0,438.11,0.0,1,0.18,0.07,SPY230707P00407500,407.5,0,0.0,0.0,,0.0,normalDay
2023-06-30,9085.0,13.0,0.0,0,443.28,0.0,1,0.18,0.05,SPY230707P00407500,407.5,0,0.0,0.0,,0.0,normalDay
2023-07-03,9085.0,14.0,0.0,0,443.79,0.0,1,0.18,0.04,SPY230707P00407500,407.5,0,0.0,0.0,,0.0,normalDay
2023-07-05,9085.0,16.0,0.0,0,443.13,0.0,1,0.18,0.02,SPY230707P00407500,407.5,0,0.0,0.0,,0.0,normalDay
2023-07-06,9085.0,16.0,0.0,0,439.66,0.0,1,0.18,0.02,SPY230707P00407500,407.5,0,0.0,0.0,,0.0,normalDay
2023-07-07,9103.0,0.0,18.0,0,438.55,0.0,1,0.18,0.0,SPY230707P00407500,407.5,0,0.0,0.0,,0.0,expirationDay
2023-07-10,9103.0,-3.0,0.0,0,439.66,0.0,1,0.49,0.52,SPY230721P00425000,425.0,0,0.0,0.0,,0.0,normalDay
2023-07-11,9103.0,12.0,0.0,0,442.46,0.0,1,0.49,0.37,SPY230721P00425000,425.0,0,0.0,0.0,,0.0,normalDay
2023-07-12,9103.0,34.0,0.0,0,446.02,0.0,1,0.49,0.15,SPY230721P00425000,425.0,0,0.0,0.0,,0.0,normalDay
2023-07-13,9103.0,35.0,0.0,0,449.56,0.0,1,0.49,0.14,SPY230721P00425000,425.0,0,0.0,0.0,,0.0,normalDay
2023-07-14,9103.0,40.0,0.0,0,449.28,0.0,1,0.49,0.09,SPY230721P00425000,425.0,0,0.0,0.0,,0.0,normalDay
2023-07-17,9103.0,44.0,0.0,0,450.84,0.0,1,0.49,0.05,SPY230721P00425000,425.0,0,0.0,0.0,,0.0,normalDay
2023-07-18,9103.0,44.0,0.0,0,454.19,0.0,1,0.49,0.05,SPY230721P00425000,425.0,0,0.0,0.0,,0.0,normalDay
2023-07-19,9103.0,46.0,0.0,0,455.2,0.0,1,0.49,0.03,SPY230721P00425000,425.0,0,0.0,0.0,,0.0,normalDay
2023-07-20,9103.0,46.0,0.0,0,452.18,0.0,1,0.49,0.03,SPY230721P00425000,425.0,0,0.0,0.0,,0.0,normalDay
2023-07-21,9152.0,0.0,49.0,0,452.18,0.0,1,0.49,0.0,SPY230721P00425000,425.0,0,0.0,0.0,,0.0,expirationDay
2023-07-24,9152.0,-3.0,0.0,0,454.2,0.0,1,0.12,0.15,SPY230804P00422000,422.0,0,0.0,0.0,,0.0,normalDay
2023-07-25,9152.0,-1.0,0.0,0,455.44,0.0,1,0.12,0.13,SPY230804P00422000,422.0,0,0.0,0.0,,0.0,normalDay
2023-07-26,9152.0,4.0,0.0,0,455.51,0.0,1,0.12,0.08,SPY230804P00422000,422.0,0,0.0,0.0,,0.0,normalDay
2023-07-27,9152.0,-1.0,0.0,0,452.49,0.0,1,0.12,0.13,SPY230804P00422000,422.0,0,0.0,0.0,,0.0,normalDay
2023-07-28,9152.0,8.0,0.0,0,456.92,0.0,1,0.12,0.04,SPY230804P00422000,422.0,0,0.0,0.0,,0.0,normalDay
2023-07-31,9152.0,8.0,0.0,0,457.79,0.0,1,0.12,0.04,SPY230804P00422000,422.0,0,0.0,0.0,,0.0,normalDay
2023-08-01,9152.0,9.0,0.0,0,456.48,0.0,1,0.12,0.03,SPY230804P00422000,422.0,0,0.0,0.0,,0.0,normalDay
2023-08-02,9152.0,7.0,0.0,0,450.13,0.0,1,0.12,0.05,SPY230804P00422000,422.0,0,0.0,0.0,,0.0,normalDay
2023-08-03,9152.0,10.0,0.0,0,448.84,0.0,1,0.12,0.02,SPY230804P00422000,422.0,0,0.0,0.0,,0.0,normalDay
2023-08-04,9164.0,0.0,12.0,0,446.81,0.0,1,0.12,0.0,SPY230804P00422000,422.0,0,0.0,0.0,,0.0,expirationDay
2023-08-07,9164.0,-3.0,0.0,0,450.71,0.0,1,0.97,1.0,SPY230818P00439000,439.0,0,0.0,0.0,,0.0,normalDay
2023-08-08,9164.0,-20.0,0.0,0,448.75,0.0,1,0.97,1.17,SPY230818P00439000,439.0,0,0.0,0.0,,0.0,normalDay
2023-08-09,9164.0,-61.0,0.0,0,445.75,0.0,1,0.97,1.58,SPY230818P00439000,439.0,0,0.0,0.0,,0.0,normalDay
2023-08-10,9164.0,-49.0,0.0,0,445.91,0.0,1,0.97,1.46,SPY230818P00439000,439.0,0,0.0,0.0,,0.0,normalDay
2023-08-11,9164.0,-2.0,0.0,0,445.65,0.0,1,0.97,0.99,SPY230818P00439000,439.0,0,0.0,0.0,,0.0,normalDay
2023-08-14,9164.0,59.0,0.0,0,448.11,0.0,1,0.97,0.38,SPY230818P00439000,439.0,0,0.0,0.0,,0.0,normalDay
2023-08-15,9164.0,-16.0,0.0,0,442.89,0.0,1,0.97,1.13,SPY230818P00439000,439.0,0,0.0,0.0,,0.0,normalDay
2023-08-16,9164.0,-67.0,0.0,0,439.64,0.0,1,0.97,1.64,SPY230818P00439000,439.0,0,0.0,0.0,,0.0,normalDay
2023-08-17,9164.0,-232.0,0.0,0,436.29,0.0,1,0.97,3.29,SPY230818P00439000,439.0,0,0.0,0.0,,0.0,normalDay
2023-08-18,9261.0,-250.0,97.0,100,436.5,439.0,1,0.97,0.0,SPY230818P00439000,439.0,0,0.0,0.0,,0.0,expirationDay
2023-08-21,9261.0,26.0,0.0,100,439.34,439.0,0,0.0,0.0,,0.0,1,6.04,6.12,SPY231229C00465000,465.0,normalDay
2023-08-22,9261.0,-50.0,0.0,100,438.15,439.0,0,0.0,0.0,,0.0,1,6.04,5.69,SPY231229C00465000,465.0,normalDay
2023-08-23,9261.0,297.0,0.0,100,443.03,439.0,0,0.0,0.0,,0.0,1,6.04,7.1,SPY231229C00465000,465.0,normalDay
2023-08-24,9261.0,-121.0,0.0,100,436.89,439.0,0,0.0,0.0,,0.0,1,6.04,5.14,SPY231229C00465000,465.0,normalDay
2023-08-25,9261.0,135.0,0.0,100,439.97,439.0,0,0.0,0.0,,0.0,1,6.04,5.66,SPY231229C00465000,465.0,normalDay
2023-08-28,9261.0,349.0,0.0,100,442.76,439.0,0,0.0,0.0,,0.0,1,6.04,6.31,SPY231229C00465000,465.0,normalDay
2023-08-29,9261.0,760.0,0.0,100,449.16,439.0,0,0.0,0.0,,0.0,1,6.04,8.6,SPY231229C00465000,465.0,normalDay
2023-08-30,9261.0,893.0,0.0,100,451.01,439.0,0,0.0,0.0,,0.0,1,6.04,9.12,SPY231229C00465000,465.0,normalDay
2023-08-31,9261.0,871.0,0.0,100,450.35,439.0,0,0.0,0.0,,0.0,1,6.04,8.68,SPY231229C00465000,465.0,normalDay
2023-09-01,9261.0,968.0,0.0,100,451.19,439.0,0,0.0,0.0,,0.0,1,6.04,8.55,SPY231229C00465000,465.0,normalDay
2023-09-05,9261.0,867.0,0.0,100,449.24,439.0,0,0.0,0.0,,0.0,1,6.04,7.61,SPY231229C00465000,465.0,normalDay
2023-09-06,9261.0,685.0,0.0,100,446.22,439.0,0,0.0,0.0,,0.0,1,6.04,6.41,SPY231229C00465000,465.0,normalDay
2023-09-07,9261.0,606.0,0.0,100,444.85,439.0,0,0.0,0.0,,0.0,1,6.04,5.83,SPY231229C00465000,465.0,normalDay
2023-09-08,9261.0,666.0,0.0,100,445.52,439.0,0,0.0,0.0,,0.0,1,6.04,5.9,SPY231229C00465000,465.0,normalDay
2023-09-11,9261.0,890.0,0.0,100,448.45,439.0,0,0.0,0.0,,0.0,1,6.04,6.59,SPY231229C00465000,465.0,normalDay
2023-09-12,9261.0,734.0,0.0,100,445.99,439.0,0,0.0,0.0,,0.0,1,6.04,5.69,SPY231229C00465000,465.0,normalDay
2023-09-13,9261.0,792.0,0.0,100,446.51,439.0,0,0.0,0.0,,0.0,1,6.04,5.63,SPY231229C00465000,465.0,normalDay
2023-09-14,9261.0,1073.0,0.0,100,450.36,439.0,0,0.0,0.0,,0.0,1,6.04,6.67,SPY231229C00465000,465.0,normalDay
2023-09-15,9261.0,565.0,0.0,100,443.37,439.0,0,0.0,0.0,,0.0,1,6.04,4.76,SPY231229C00465000,465.0,normalDay
2023-09-18,9261.0,593.0,0.0,100,443.63,439.0,0,0.0,0.0,,0.0,1,6.04,4.74,SPY231229C00465000,465.0,normalDay
2023-09-19,9261.0,534.0,0.0,100,442.71,439.0,0,0.0,0.0,,0.0,1,6.04,4.41,SPY231229C00465000,465.0,normalDay
2023-09-20,9261.0,235.0,0.0,100,438.64,439.0,0,0.0,0.0,,0.0,1,6.04,3.33,SPY231229C00465000,465.0,normalDay
2023-09-21,9261.0,-373.0,0.0,100,431.39,439.0,0,0.0,0.0,,0.0,1,6.04,2.16,SPY231229C00465000,465.0,normalDay
2023-09-22,9261.0,-451.0,0.0,100,430.42,439.0,0,0.0,0.0,,0.0,1,6.04,1.97,SPY231229C00465000,465.0,normalDay
2023-09-25,9261.0,-287.0,0.0,100,432.23,439.0,0,0.0,0.0,,0.0,1,6.04,2.14,SPY231229C00465000,465.0,normalDay
2023-09-26,9261.0,-867.0,0.0,100,425.88,439.0,0,0.0,0.0,,0.0,1,6.04,1.59,SPY231229C00465000,465.0,normalDay
2023-09-27,9261.0,-835.0,0.0,100,426.05,439.0,0,0.0,0.0,,0.0,1,6.04,1.44,SPY231229C00465000,465.0,normalDay
2023-09-28,9261.0,-598.0,0.0,100,428.52,439.0,0,0.0,0.0,,0.0,1,6.04,1.54,SPY231229C00465000,465.0,normalDay
2023-09-29,9261.0,-692.0,0.0,100,427.48,439.0,0,0.0,0.0,,0.0,1,6.04,1.44,SPY231229C00465000,465.0,normalDay
2023-10-02,9261.0,-698.0,0.0,100,427.31,439.0,0,0.0,0.0,,0.0,1,6.04,1.33,SPY231229C00465000,465.0,normalDay
2023-10-03,9261.0,-1245.0,0.0,100,421.59,439.0,0,0.0,0.0,,0.0,1,6.04,1.08,SPY231229C00465000,465.0,normalDay
2023-10-04,9261.0,-949.0,0.0,100,424.66,439.0,0,0.0,0.0,,0.0,1,6.04,1.19,SPY231229C00465000,465.0,normalDay
2023-10-05,9261.0,-955.0,0.0,100,424.5,439.0,0,0.0,0.0,,0.0,1,6.04,1.09,SPY231229C00465000,465.0,normalDay
2023-10-06,9261.0,-505.0,0.0,100,429.54,439.0,0,0.0,0.0,,0.0,1,6.04,1.63,SPY231229C00465000,465.0,normalDay
2023-10-09,9261.0,-258.0,0.0,100,432.29,439.0,0,0.0,0.0,,0.0,1,6.04,1.91,SPY231229C00465000,465.0,normalDay
2023-10-10,9261.0,-47.0,0.0,100,434.54,439.0,0,0.0,0.0,,0.0,1,6.04,2.05,SPY231229C00465000,465.0,normalDay
2023-10-11,9261.0,115.0,0.0,100,436.32,439.0,0,0.0,0.0,,0.0,1,6.04,2.21,SPY231229C00465000,465.0,normalDay
2023-10-12,9261.0,-88.0,0.0,100,433.66,439.0,0,0.0,0.0,,0.0,1,6.04,1.58,SPY231229C00465000,465.0,normalDay
2023-10-13,9261.0,-292.0,0.0,100,431.5,439.0,0,0.0,0.0,,0.0,1,6.04,1.46,SPY231229C00465000,465.0,normalDay
2023-10-16,9261.0,129.0,0.0,100,436.04,439.0,0,0.0,0.0,,0.0,1,6.04,1.79,SPY231229C00465000,465.0,normalDay
2023-10-17,9261.0,130.0,0.0,100,436.02,439.0,0,0.0,0.0,,0.0,1,6.04,1.76,SPY231229C00465000,465.0,normalDay
2023-10-18,9261.0,-396.0,0.0,100,430.21,439.0,0,0.0,0.0,,0.0,1,6.04,1.21,SPY231229C00465000,465.0,normalDay
2023-10-19,9261.0,-738.0,0.0,100,426.43,439.0,0,0.0,0.0,,0.0,1,6.04,0.85,SPY231229C00465000,465.0,normalDay
2023-10-20,9261.0,-1236.0,0.0,100,421.19,439.0,0,0.0,0.0,,0.0,1,6.04,0.59,SPY231229C00465000,465.0,normalDay
2023-10-23,9261.0,-1298.0,0.0,100,420.46,439.0,0,0.0,0.0,,0.0,1,6.04,0.48,SPY231229C00465000,465.0,normalDay
2023-10-24,9261.0,-987.0,0.0,100,423.63,439.0,0,0.0,0.0,,0.0,1,6.04,0.54,SPY231229C00465000,465.0,normalDay
2023-10-25,9261.0,-1574.0,0.0,100,417.55,439.0,0,0.0,0.0,,0.0,1,6.04,0.33,SPY231229C00465000,465.0,normalDay
2023-10-26,9261.0,-2065.0,0.0,100,412.55,439.0,0,0.0,0.0,,0.0,1,6.04,0.24,SPY231229C00465000,465.0,normalDay
2023-10-27,9261.0,-2249.0,0.0,100,410.68,439.0,0,0.0,0.0,,0.0,1,6.04,0.21,SPY231229C00465000,465.0,normalDay
2023-10-30,9261.0,-1760.0,0.0,100,415.59,439.0,0,0.0,0.0,,0.0,1,6.04,0.23,SPY231229C00465000,465.0,normalDay
2023-10-31,9261.0,-1495.0,0.0,100,418.2,439.0,0,0.0,0.0,,0.0,1,6.04,0.19,SPY231229C00465000,465.0,normalDay
2023-11-01,9261.0,-1057.0,0.0,100,422.66,439.0,0,0.0,0.0,,0.0,1,6.04,0.27,SPY231229C00465000,465.0,normalDay
2023-11-02,9261.0,-268.0,0.0,100,430.76,439.0,0,0.0,0.0,,0.0,1,6.04,0.48,SPY231229C00465000,465.0,normalDay
2023-11-03,9261.0,108.0,0.0,100,434.69,439.0,0,0.0,0.0,,0.0,1,6.04,0.65,SPY231229C00465000,465.0,normalDay
2023-11-06,9261.0,217.0,0.0,100,435.69,439.0,0,0.0,0.0,,0.0,1,6.04,0.56,SPY231229C00465000,465.0,normalDay
2023-11-07,9261.0,336.0,0.0,100,436.93,439.0,0,0.0,0.0,,0.0,1,6.04,0.61,SPY231229C00465000,465.0,normalDay
2023-11-08,9261.0,373.0,0.0,100,437.25,439.0,0,0.0,0.0,,0.0,1,6.04,0.56,SPY231229C00465000,465.0,normalDay
2023-11-09,9261.0,49.0,0.0,100,433.84,439.0,0,0.0,0.0,,0.0,1,6.04,0.39,SPY231229C00465000,465.0,normalDay
2023-11-10,9261.0,689.0,0.0,100,440.61,439.0,0,0.0,0.0,,0.0,1,6.04,0.76,SPY231229C00465000,465.0,normalDay
2023-11-13,9261.0,654.0,0.0,100,440.19,439.0,0,0.0,0.0,,0.0,1,6.04,0.69,SPY231229C00465000,465.0,normalDay
2023-11-14,9261.0,1378.0,0.0,100,448.73,439.0,0,0.0,0.0,,0.0,1,6.04,1.99,SPY231229C00465000,465.0,normalDay
2023-11-15,9261.0,1484.0,0.0,100,449.68,439.0,0,0.0,0.0,,0.0,1,6.04,1.88,SPY231229C00465000,465.0,normalDay
2023-11-16,9261.0,1542.0,0.0,100,450.23,439.0,0,0.0,0.0,,0.0,1,6.04,1.85,SPY231229C00465000,465.0,normalDay
2023-11-17,9261.0,1603.0,0.0,100,450.79,439.0,0,0.0,0.0,,0.0,1,6.04,1.8,SPY231229C00465000,465.0,normalDay
2023-11-20,9261.0,1885.0,0.0,100,454.26,439.0,0,0.0,0.0,,0.0,1,6.04,2.45,SPY231229C00465000,465.0,normalDay
2023-11-21,9261.0,1832.0,0.0,100,453.27,439.0,0,0.0,0.0,,0.0,1,6.04,1.99,SPY231229C00465000,465.0,normalDay
2023-11-22,9261.0,1979.0,0.0,100,455.02,439.0,0,0.0,0.0,,0.0,1,6.04,2.27,SPY231229C00465000,465.0,normalDay
2023-11-24,9261.0,2031.0,0.0,100,455.3,439.0,0,0.0,0.0,,0.0,1,6.04,2.03,SPY231229C00465000,465.0,normalDay
2023-11-27,9261.0,1978.0,0.0,100,454.48,439.0,0,0.0,0.0,,0.0,1,6.04,1.74,SPY231229C00465000,465.0,normalDay
2023-11-28,9261.0,2023.0,0.0,100,454.93,439.0,0,0.0,0.0,,0.0,1,6.04,1.74,SPY231229C00465000,465.0,normalDay
2023-11-29,9261.0,1983.0,0.0,100,454.61,439.0,0,0.0,0.0,,0.0,1,6.04,1.82,SPY231229C00465000,465.0,normalDay
2023-11-30,9261.0,2145.0,0.0,100,456.4,439.0,0,0.0,0.0,,0.0,1,6.04,1.99,SPY231229C00465000,465.0,normalDay
