date,totalCapital,unrializedPnL,rializedPnL,stocksOwned,stocksPriceToday,stocksPriceBoughtAt,putOwned,putOwnedSoldAt,putPriceToday,putOwnedContract,putOwnedStrike,callOwned,callOwnedSoldAt,callPriceToday,callOwnedContract,callOwnedStrike,trackType
2018-11-01,0.0,-4.0,0.0,0,273.51,0.0,1,1.76,1.8,SPY181221P00250000,250.0,0,0.0,0.0,,0.0,normalDay
2018-11-02,0.0,-17.0,0.0,0,271.89,0.0,1,1.76,1.93,SPY181221P00250000,250.0,0,0.0,0.0,,0.0,normalDay
2018-11-05,0.0,10.0,0.0,0,273.39,0.0,1,1.76,1.66,SPY181221P00250000,250.0,0,0.0,0.0,,0.0,normalDay
2018-11-06,0.0,33.0,0.0,0,275.12,0.0,1,1.76,1.43,SPY181221P00250000,250.0,0,0.0,0.0,,0.0,normalDay
2018-11-07,0.0,104.0,0.0,0,281.01,0.0,1,1.76,0.72,SPY181221P00250000,250.0,0,0.0,0.0,,0.0,normalDay
2018-11-08,0.0,101.0,0.0,0,280.5,0.0,1,1.76,0.75,SPY181221P00250000,250.0,0,0.0,0.0,,0.0,normalDay
2018-11-09,0.0,81.0,0.0,0,277.76,0.0,1,1.76,0.95,SPY181221P00250000,250.0,0,0.0,0.0,,0.0,normalDay
2018-11-12,0.0,24.0,0.0,0,272.57,0.0,1,1.76,1.52,SPY181221P00250000,250.0,0,0.0,0.0,,0.0,normalDay
2018-11-13,0.0,21.0,0.0,0,272.06,0.0,1,1.76,1.55,SPY181221P00250000,250.0,0,0.0,0.0,,0.0,normalDay
2018-11-14,0.0,-6.0,0.0,0,270.2,0.0,1,1.76,1.82,SPY181221P00250000,250.0,0,0.0,0.0,,0.0,normalDay
2018-11-15,0.0,48.0,0.0,0,273.02,0.0,1,1.76,1.28,SPY181221P00250000,250.0,0,0.0,0.0,,0.0,normalDay
2018-11-16,0.0,80.0,0.0,0,273.73,0.0,1,1.76,0.96,SPY181221P00250000,250.0,0,0.0,0.0,,0.0,normalDay
2018-11-19,0.0,32.0,0.0,0,269.1,0.0,1,1.76,1.44,SPY181221P00250000,250.0,0,0.0,0.0,,0.0,normalDay
2018-11-20,0.0,-69.0,0.0,0,264.12,0.0,1,1.76,2.45,SPY181221P00250000,250.0,0,0.0,0.0,,0.0,normalDay
2018-11-21,0.0,-16.0,0.0,0,265.02,0.0,1,1.76,1.92,SPY181221P00250000,250.0,0,0.0,0.0,,0.0,normalDay
2018-11-23,0.0,-47.0,0.0,0,263.25,0.0,1,1.76,2.23,SPY181221P00250000,250.0,0,0.0,0.0,,0.0,normalDay
2018-11-26,0.0,77.0,0.0,0,267.5,0.0,1,1.76,0.99,SPY181221P00250000,250.0,0,0.0,0.0,,0.0,normalDay
2018-11-27,0.0,81.0,0.0,0,268.4,0.0,1,1.76,0.95,SPY181221P00250000,250.0,0,0.0,0.0,,0.0,normalDay
2018-11-28,0.0,127.0,0.0,0,274.58,0.0,1,1.76,0.49,SPY181221P00250000,250.0,0,0.0,0.0,,0.0,normalDay
2018-11-29,0.0,120.0,0.0,0,273.98,0.0,1,1.76,0.56,SPY181221P00250000,250.0,0,0.0,0.0,,0.0,normalDay
2018-11-30,0.0,133.0,0.0,0,275.65,0.0,1,1.76,0.43,SPY181221P00250000,250.0,0,0.0,0.0,,0.0,normalDay
2018-12-03,0.0,155.0,0.0,0,279.3,0.0,1,1.76,0.21,SPY181221P00250000,250.0,0,0.0,0.0,,0.0,normalDay
2018-12-04,0.0,97.0,0.0,0,270.25,0.0,1,1.76,0.79,SPY181221P00250000,250.0,0,0.0,0.0,,0.0,normalDay
2018-12-06,0.0,100.0,0.0,0,269.84,0.0,1,1.76,0.76,SPY181221P00250000,250.0,0,0.0,0.0,,0.0,normalDay
2018-12-07,0.0,13.0,0.0,0,263.57,0.0,1,1.76,1.63,SPY181221P00250000,250.0,0,0.0,0.0,,0.0,normalDay
2018-12-10,0.0,80.0,0.0,0,264.07,0.0,1,1.76,0.96,SPY181221P00250000,250.0,0,0.0,0.0,,0.0,normalDay
2018-12-11,0.0,99.0,0.0,0,264.13,0.0,1,1.76,0.77,SPY181221P00250000,250.0,0,0.0,0.0,,0.0,normalDay
2018-12-12,0.0,123.0,0.0,0,265.46,0.0,1,1.76,0.53,SPY181221P00250000,250.0,0,0.0,0.0,,0.0,normalDay
2018-12-13,0.0,142.0,0.0,0,265.37,0.0,1,1.76,0.34,SPY181221P00250000,250.0,0,0.0,0.0,,0.0,normalDay
2018-12-14,0.0,108.0,0.0,0,260.47,0.0,1,1.76,0.68,SPY181221P00250000,250.0,0,0.0,0.0,,0.0,normalDay
2018-12-17,0.0,4.0,0.0,0,255.36,0.0,1,1.76,1.72,SPY181221P00250000,250.0,0,0.0,0.0,,0.0,normalDay
2018-12-18,0.0,-12.0,0.0,0,255.08,0.0,1,1.76,1.88,SPY181221P00250000,250.0,0,0.0,0.0,,0.0,normalDay
2018-12-19,0.0,-58.0,0.0,0,251.26,0.0,1,1.76,2.34,SPY181221P00250000,250.0,0,0.0,0.0,,0.0,normalDay
2018-12-20,0.0,-224.0,0.0,0,247.17,0.0,1,1.76,4.0,SPY181221P00250000,250.0,0,0.0,0.0,,0.0,normalDay
2018-12-21,176.0,-930.0,176.0,100,240.7,250.0,1,1.76,0.0,SPY181221P00250000,250.0,0,0.0,0.0,,0.0,expirationDay
2018-12-24,176.0,-1566.0,0.0,100,234.34,250.0,0,0.0,0.0,,0.0,0,0.0,0.0,,0.0,bidTooLow
2018-12-26,176.0,-382.0,0.0,100,246.18,250.0,0,0.0,0.0,,0.0,0,0.0,0.0,,0.0,bidTooLow
2018-12-27,176.0,-193.0,0.0,100,248.07,250.0,0,0.0,0.0,,0.0,0,0.0,0.0,,0.0,bidTooLow
2018-12-28,176.0,-225.0,0.0,100,247.75,250.0,0,0.0,0.0,,0.0,0,0.0,0.0,,0.0,bidTooLow
2018-12-31,176.0,-8.0,0.0,100,249.92,250.0,0,0.0,0.0,,0.0,0,0.0,0.0,,0.0,bidTooLow
2019-01-02,176.0,18.0,0.0,100,250.18,250.0,0,0.0,0.0,,0.0,0,0.0,0.0,,0.0,bidTooLow
2019-01-03,176.0,-579.0,0.0,100,244.21,250.0,0,0.0,0.0,,0.0,0,0.0,0.0,,0.0,bidTooLow
2019-01-04,176.0,239.0,0.0,100,252.39,250.0,0,0.0,0.0,,0.0,0,0.0,0.0,,0.0,bidTooLow
2019-01-07,176.0,435.0,0.0,100,254.38,250.0,0,0.0,0.0,,0.0,1,0.02,0.05,SPY190109C00263000,263.0,normalDay
2019-01-08,176.0,676.0,0.0,100,256.77,250.0,0,0.0,0.0,,0.0,1,0.02,0.03,SPY190109C00263000,263.0,normalDay
2019-01-09,178.0,797.0,2.0,100,257.97,250.0,0,0.0,0.0,,0.0,1,0.02,0.0,SPY190109C00263000,263.0,expirationDay
2019-01-10,178.0,884.0,0.0,100,258.88,250.0,0,0.0,0.0,,0.0,1,0.33,0.37,SPY190111C00260500,260.5,normalDay
2019-01-11,211.0,898.0,33.0,100,258.98,250.0,0,0.0,0.0,,0.0,1,0.33,0.0,SPY190111C00260500,260.5,expirationDay
2019-01-14,211.0,737.0,0.0,100,257.4,250.0,0,0.0,0.0,,0.0,1,0.57,0.6,SPY190116C00259000,259.0,normalDay
2019-01-15,211.0,924.0,0.0,100,260.35,250.0,0,0.0,0.0,,0.0,1,0.57,1.68,SPY190116C00259000,259.0,normalDay
2019-01-16,1168.0,924.0,957.0,0,260.98,0.0,0,0.0,0.0,,0.0,1,0.57,0.0,SPY190116C00259000,259.0,expirationDay
2019-01-17,1168.0,-4.0,0.0,0,262.96,0.0,1,0.44,0.48,SPY190301P00226000,226.0,0,0.0,0.0,,0.0,normalDay
2019-01-18,1168.0,4.0,0.0,0,266.46,0.0,1,0.44,0.4,SPY190301P00226000,226.0,0,0.0,0.0,,0.0,normalDay
2019-01-22,1168.0,-13.0,0.0,0,262.86,0.0,1,0.44,0.57,SPY190301P00226000,226.0,0,0.0,0.0,,0.0,normalDay
2019-01-23,1168.0,-4.0,0.0,0,263.41,0.0,1,0.44,0.48,SPY190301P00226000,226.0,0,0.0,0.0,,0.0,normalDay
2019-01-24,1168.0,0.0,0.0,0,263.55,0.0,1,0.44,0.44,SPY190301P00226000,226.0,0,0.0,0.0,,0.0,normalDay
2019-01-25,1168.0,17.0,0.0,0,265.78,0.0,1,0.44,0.27,SPY190301P00226000,226.0,0,0.0,0.0,,0.0,normalDay
2019-01-28,1168.0,13.0,0.0,0,263.76,0.0,1,0.44,0.31,SPY190301P00226000,226.0,0,0.0,0.0,,0.0,normalDay
2019-01-29,1168.0,12.0,0.0,0,263.41,0.0,1,0.44,0.32,SPY190301P00226000,226.0,0,0.0,0.0,,0.0,normalDay
2019-01-30,1168.0,23.0,0.0,0,267.58,0.0,1,0.44,0.21,SPY190301P00226000,226.0,0,0.0,0.0,,0.0,normalDay
2019-01-31,1168.0,28.0,0.0,0,269.93,0.0,1,0.44,0.16,SPY190301P00226000,226.0,0,0.0,0.0,,0.0,normalDay
2019-02-01,1168.0,31.0,0.0,0,270.06,0.0,1,0.44,0.13,SPY190301P00226000,226.0,0,0.0,0.0,,0.0,normalDay
2019-02-04,1168.0,35.0,0.0,0,271.96,0.0,1,0.44,0.09,SPY190301P00226000,226.0,0,0.0,0.0,,0.0,normalDay
2019-02-05,1168.0,37.0,0.0,0,273.1,0.0,1,0.44,0.07,SPY190301P00226000,226.0,0,0.0,0.0,,0.0,normalDay
2019-02-06,1168.0,37.0,0.0,0,272.74,0.0,1,0.44,0.07,SPY190301P00226000,226.0,0,0.0,0.0,,0.0,normalDay
2019-02-07,1168.0,36.0,0.0,0,270.14,0.0,1,0.44,0.08,SPY190301P00226000,226.0,0,0.0,0.0,,0.0,normalDay
2019-02-08,1168.0,38.0,0.0,0,270.47,0.0,1,0.44,0.06,SPY190301P00226000,226.0,0,0.0,0.0,,0.0,normalDay
2019-02-11,1168.0,40.0,0.0,0,270.62,0.0,1,0.44,0.04,SPY190301P00226000,226.0,0,0.0,0.0,,0.0,normalDay
2019-02-12,1168.0,40.0,0.0,0,274.1,0.0,1,0.44,0.04,SPY190301P00226000,226.0,0,0.0,0.0,,0.0,normalDay
2019-02-13,1168.0,40.0,0.0,0,274.99,0.0,1,0.44,0.04,SPY190301P00226000,226.0,0,0.0,0.0,,0.0,normalDay
2019-02-14,1168.0,40.0,0.0,0,274.38,0.0,1,0.44,0.04,SPY190301P00226000,226.0,0,0.0,0.0,,0.0,normalDay
2019-02-15,1168.0,42.0,0.0,0,277.37,0.0,1,0.44,0.02,SPY190301P00226000,226.0,0,0.0,0.0,,0.0,normalDay
2019-02-19,1168.0,42.0,0.0,0,277.85,0.0,1,0.44,0.02,SPY190301P00226000,226.0,0,0.0,0.0,,0.0,normalDay
2019-02-20,1168.0,43.0,0.0,0,278.41,0.0,1,0.44,0.01,SPY190301P00226000,226.0,0,0.0,0.0,,0.0,normalDay
2019-02-21,1168.0,43.0,0.0,0,277.42,0.0,1,0.44,0.01,SPY190301P00226000,226.0,0,0.0,0.0,,0.0,normalDay
2019-02-22,1168.0,43.0,0.0,0,279.14,0.0,1,0.44,0.01,SPY190301P00226000,226.0,0,0.0,0.0,,0.0,normalDay
2019-02-25,1168.0,43.0,0.0,0,279.52,0.0,1,0.44,0.01,SPY190301P00226000,226.0,0,0.0,0.0,,0.0,normalDay
2019-02-26,1168.0,43.0,0.0,0,279.32,0.0,1,0.44,0.01,SPY190301P00226000,226.0,0,0.0,0.0,,0.0,normalDay
2019-02-27,1168.0,43.0,0.0,0,279.2,0.0,1,0.44,0.01,SPY190301P00226000,226.0,0,0.0,0.0,,0.0,normalDay
2019-02-28,1168.0,43.0,0.0,0,278.68,0.0,1,0.44,0.01,SPY190301P00226000,226.0,0,0.0,0.0,,0.0,normalDay
2019-03-01,1212.0,0.0,44.0,0,280.42,0.0,1,0.44,0.0,SPY190301P00226000,226.0,0,0.0,0.0,,0.0,expirationDay
2019-03-04,1212.0,-3.0,0.0,0,279.4,0.0,1,1.51,1.54,SPY190418P00264000,264.0,0,0.0,0.0,,0.0,normalDay
2019-03-05,1212.0,-5.0,0.0,0,279.02,0.0,1,1.51,1.56,SPY190418P00264000,264.0,0,0.0,0.0,,0.0,normalDay
2019-03-06,1212.0,-35.0,0.0,0,277.33,0.0,1,1.51,1.86,SPY190418P00264000,264.0,0,0.0,0.0,,0.0,normalDay
2019-03-07,1212.0,-81.0,0.0,0,275.01,0.0,1,1.51,2.32,SPY190418P00264000,264.0,0,0.0,0.0,,0.0,normalDay
2019-03-08,1212.0,-76.0,0.0,0,274.46,0.0,1,1.51,2.27,SPY190418P00264000,264.0,0,0.0,0.0,,0.0,normalDay
2019-03-11,1212.0,19.0,0.0,0,278.44,0.0,1,1.51,1.32,SPY190418P00264000,264.0,0,0.0,0.0,,0.0,normalDay
2019-03-12,1212.0,44.0,0.0,0,279.49,0.0,1,1.51,1.07,SPY190418P00264000,264.0,0,0.0,0.0,,0.0,normalDay
2019-03-13,1212.0,72.0,0.0,0,281.34,0.0,1,1.51,0.79,SPY190418P00264000,264.0,0,0.0,0.0,,0.0,normalDay
2019-03-14,1212.0,72.0,0.0,0,281.16,0.0,1,1.51,0.79,SPY190418P00264000,264.0,0,0.0,0.0,,0.0,normalDay
2019-03-15,1212.0,87.0,0.0,0,281.31,0.0,1,1.51,0.64,SPY190418P00264000,264.0,0,0.0,0.0,,0.0,normalDay
2019-03-18,1212.0,99.0,0.0,0,282.33,0.0,1,1.51,0.52,SPY190418P00264000,264.0,0,0.0,0.0,,0.0,normalDay
2019-03-19,1212.0,95.0,0.0,0,282.4,0.0,1,1.51,0.56,SPY190418P00264000,264.0,0,0.0,0.0,,0.0,normalDay
2019-03-20,1212.0,90.0,0.0,0,281.55,0.0,1,1.51,0.61,SPY190418P00264000,264.0,0,0.0,0.0,,0.0,normalDay
2019-03-21,1212.0,109.0,0.0,0,284.73,0.0,1,1.51,0.42,SPY190418P00264000,264.0,0,0.0,0.0,,0.0,normalDay
2019-03-22,1212.0,52.0,0.0,0,279.25,0.0,1,1.51,0.99,SPY190418P00264000,264.0,0,0.0,0.0,,0.0,normalDay
2019-03-25,1212.0,62.0,0.0,0,279.04,0.0,1,1.51,0.89,SPY190418P00264000,264.0,0,0.0,0.0,,0.0,normalDay
2019-03-26,1212.0,100.0,0.0,0,281.12,0.0,1,1.51,0.51,SPY190418P00264000,264.0,0,0.0,0.0,,0.0,normalDay
2019-03-27,1212.0,91.0,0.0,0,279.65,0.0,1,1.51,0.6,SPY190418P00264000,264.0,0,0.0,0.0,,0.0,normalDay
2019-03-28,1212.0,109.0,0.0,0,280.71,0.0,1,1.51,0.42,SPY190418P00264000,264.0,0,0.0,0.0,,0.0,normalDay
2019-03-29,1212.0,125.0,0.0,0,282.48,0.0,1,1.51,0.26,SPY190418P00264000,264.0,0,0.0,0.0,,0.0,normalDay
2019-04-01,1212.0,135.0,0.0,0,285.83,0.0,1,1.51,0.16,SPY190418P00264000,264.0,0,0.0,0.0,,0.0,normalDay
2019-04-02,1212.0,137.0,0.0,0,285.97,0.0,1,1.51,0.14,SPY190418P00264000,264.0,0,0.0,0.0,,0.0,normalDay
2019-04-03,1212.0,138.0,0.0,0,286.42,0.0,1,1.51,0.13,SPY190418P00264000,264.0,0,0.0,0.0,,0.0,normalDay
2019-04-04,1212.0,141.0,0.0,0,287.18,0.0,1,1.51,0.1,SPY190418P00264000,264.0,0,0.0,0.0,,0.0,normalDay
2019-04-05,1212.0,145.0,0.0,0,288.57,0.0,1,1.51,0.06,SPY190418P00264000,264.0,0,0.0,0.0,,0.0,normalDay
2019-04-08,1212.0,147.0,0.0,0,288.79,0.0,1,1.51,0.04,SPY190418P00264000,264.0,0,0.0,0.0,,0.0,normalDay
2019-04-09,1212.0,146.0,0.0,0,287.31,0.0,1,1.51,0.05,SPY190418P00264000,264.0,0,0.0,0.0,,0.0,normalDay
2019-04-10,1212.0,147.0,0.0,0,288.29,0.0,1,1.51,0.04,SPY190418P00264000,264.0,0,0.0,0.0,,0.0,normalDay
2019-04-11,1212.0,148.0,0.0,0,288.21,0.0,1,1.51,0.03,SPY190418P00264000,264.0,0,0.0,0.0,,0.0,normalDay
2019-04-12,1212.0,149.0,0.0,0,290.16,0.0,1,1.51,0.02,SPY190418P00264000,264.0,0,0.0,0.0,,0.0,normalDay
2019-04-15,1212.0,150.0,0.0,0,289.97,0.0,1,1.51,0.01,SPY190418P00264000,264.0,0,0.0,0.0,,0.0,normalDay
2019-04-16,1212.0,150.0,0.0,0,290.16,0.0,1,1.51,0.01,SPY190418P00264000,264.0,0,0.0,0.0,,0.0,normalDay
2019-04-17,1212.0,150.0,0.0,0,289.45,0.0,1,1.51,0.01,SPY190418P00264000,264.0,0,0.0,0.0,,0.0,normalDay
2019-04-18,1363.0,0.0,151.0,0,290.02,0.0,1,1.51,0.0,SPY190418P00264000,264.0,0,0.0,0.0,,0.0,expirationDay
2019-04-22,1363.0,-3.0,0.0,0,290.27,0.0,1,0.77,0.8,SPY190531P00273000,273.0,0,0.0,0.0,,0.0,normalDay
2019-04-23,1363.0,11.0,0.0,0,292.88,0.0,1,0.77,0.66,SPY190531P00273000,273.0,0,0.0,0.0,,0.0,normalDay
2019-04-24,1363.0,3.0,0.0,0,292.23,0.0,1,0.77,0.74,SPY190531P00273000,273.0,0,0.0,0.0,,0.0,normalDay
2019-04-25,1363.0,-1.0,0.0,0,292.05,0.0,1,0.77,0.78,SPY190531P00273000,273.0,0,0.0,0.0,,0.0,normalDay
2019-04-26,1363.0,13.0,0.0,0,293.41,0.0,1,0.77,0.64,SPY190531P00273000,273.0,0,0.0,0.0,,0.0,normalDay
2019-04-29,1363.0,18.0,0.0,0,293.87,0.0,1,0.77,0.59,SPY190531P00273000,273.0,0,0.0,0.0,,0.0,normalDay
2019-04-30,1363.0,19.0,0.0,0,294.02,0.0,1,0.77,0.58,SPY190531P00273000,273.0,0,0.0,0.0,,0.0,normalDay
2019-05-01,1363.0,-4.0,0.0,0,291.81,0.0,1,0.77,0.81,SPY190531P00273000,273.0,0,0.0,0.0,,0.0,normalDay
2019-05-02,1363.0,-4.0,0.0,0,291.18,0.0,1,0.77,0.81,SPY190531P00273000,273.0,0,0.0,0.0,,0.0,normalDay
2019-05-03,1363.0,29.0,0.0,0,294.03,0.0,1,0.77,0.48,SPY190531P00273000,273.0,0,0.0,0.0,,0.0,normalDay
2019-05-06,1363.0,4.0,0.0,0,292.82,0.0,1,0.77,0.73,SPY190531P00273000,273.0,0,0.0,0.0,,0.0,normalDay
2019-05-07,1363.0,-88.0,0.0,0,287.93,0.0,1,0.77,1.65,SPY190531P00273000,273.0,0,0.0,0.0,,0.0,normalDay
2019-05-08,1363.0,-86.0,0.0,0,287.53,0.0,1,0.77,1.63,SPY190531P00273000,273.0,0,0.0,0.0,,0.0,normalDay
2019-05-09,1363.0,-77.0,0.0,0,286.66,0.0,1,0.77,1.54,SPY190531P00273000,273.0,0,0.0,0.0,,0.0,normalDay
2019-05-10,1363.0,-10.0,0.0,0,288.1,0.0,1,0.77,0.87,SPY190531P00273000,273.0,0,0.0,0.0,,0.0,normalDay
2019-05-13,1363.0,-166.0,0.0,0,280.86,0.0,1,0.77,2.43,SPY190531P00273000,273.0,0,0.0,0.0,,0.0,normalDay
2019-05-14,1363.0,-65.0,0.0,0,283.4,0.0,1,0.77,1.42,SPY190531P00273000,273.0,0,0.0,0.0,,0.0,normalDay
2019-05-15,1363.0,-4.0,0.0,0,285.06,0.0,1,0.77,0.81,SPY190531P00273000,273.0,0,0.0,0.0,,0.0,normalDay
2019-05-16,1363.0,31.0,0.0,0,287.7,0.0,1,0.77,0.46,SPY190531P00273000,273.0,0,0.0,0.0,,0.0,normalDay
2019-05-17,1363.0,12.0,0.0,0,285.84,0.0,1,0.77,0.65,SPY190531P00273000,273.0,0,0.0,0.0,,0.0,normalDay
2019-05-20,1363.0,20.0,0.0,0,283.95,0.0,1,0.77,0.57,SPY190531P00273000,273.0,0,0.0,0.0,,0.0,normalDay
2019-05-21,1363.0,55.0,0.0,0,286.51,0.0,1,0.77,0.22,SPY190531P00273000,273.0,0,0.0,0.0,,0.0,normalDay
2019-05-22,1363.0,56.0,0.0,0,285.63,0.0,1,0.77,0.21,SPY190531P00273000,273.0,0,0.0,0.0,,0.0,normalDay
2019-05-23,1363.0,21.0,0.0,0,282.14,0.0,1,0.77,0.56,SPY190531P00273000,273.0,0,0.0,0.0,,0.0,normalDay
2019-05-24,1363.0,51.0,0.0,0,282.78,0.0,1,0.77,0.26,SPY190531P00273000,273.0,0,0.0,0.0,,0.0,normalDay
2019-05-28,1363.0,49.0,0.0,0,280.15,0.0,1,0.77,0.28,SPY190531P00273000,273.0,0,0.0,0.0,,0.0,normalDay
2019-05-29,1363.0,49.0,0.0,0,278.27,0.0,1,0.77,0.28,SPY190531P00273000,273.0,0,0.0,0.0,,0.0,normalDay
2019-05-30,1363.0,71.0,0.0,0,279.03,0.0,1,0.77,0.06,SPY190531P00273000,273.0,0,0.0,0.0,,0.0,normalDay
2019-05-31,1440.0,0.0,77.0,0,275.27,0.0,1,0.77,0.0,SPY190531P00273000,273.0,0,0.0,0.0,,0.0,expirationDay
2019-06-03,1440.0,-5.0,0.0,0,274.57,0.0,1,4.07,4.12,SPY190719P00267000,267.0,0,0.0,0.0,,0.0,normalDay
2019-06-04,1440.0,164.0,0.0,0,280.53,0.0,1,4.07,2.43,SPY190719P00267000,267.0,0,0.0,0.0,,0.0,normalDay
2019-06-05,1440.0,228.0,0.0,0,282.96,0.0,1,4.07,1.79,SPY190719P00267000,267.0,0,0.0,0.0,,0.0,normalDay
2019-06-06,1440.0,257.0,0.0,0,284.8,0.0,1,4.07,1.5,SPY190719P00267000,267.0,0,0.0,0.0,,0.0,normalDay
2019-06-07,1440.0,276.0,0.0,0,287.65,0.0,1,4.07,1.31,SPY190719P00267000,267.0,0,0.0,0.0,,0.0,normalDay
2019-06-10,1440.0,302.0,0.0,0,288.97,0.0,1,4.07,1.05,SPY190719P00267000,267.0,0,0.0,0.0,,0.0,normalDay
2019-06-11,1440.0,302.0,0.0,0,288.9,0.0,1,4.07,1.05,SPY190719P00267000,267.0,0,0.0,0.0,,0.0,normalDay
2019-06-12,1440.0,303.0,0.0,0,288.39,0.0,1,4.07,1.04,SPY190719P00267000,267.0,0,0.0,0.0,,0.0,normalDay
2019-06-13,1440.0,317.0,0.0,0,289.58,0.0,1,4.07,0.9,SPY190719P00267000,267.0,0,0.0,0.0,,0.0,normalDay
2019-06-14,1440.0,326.0,0.0,0,289.26,0.0,1,4.07,0.81,SPY190719P00267000,267.0,0,0.0,0.0,,0.0,normalDay
2019-06-17,1440.0,335.0,0.0,0,289.37,0.0,1,4.07,0.72,SPY190719P00267000,267.0,0,0.0,0.0,,0.0,normalDay
2019-06-18,1440.0,352.0,0.0,0,292.4,0.0,1,4.07,0.55,SPY190719P00267000,267.0,0,0.0,0.0,,0.0,normalDay
2019-06-19,1440.0,363.0,0.0,0,293.06,0.0,1,4.07,0.44,SPY190719P00267000,267.0,0,0.0,0.0,,0.0,normalDay
2019-06-20,1440.0,370.0,0.0,0,295.86,0.0,1,4.07,0.37,SPY190719P00267000,267.0,0,0.0,0.0,,0.0,normalDay
2019-06-21,1440.0,368.0,0.0,0,294.0,0.0,1,4.07,0.39,SPY190719P00267000,267.0,0,0.0,0.0,,0.0,normalDay
2019-06-24,1440.0,375.0,0.0,0,293.64,0.0,1,4.07,0.32,SPY190719P00267000,267.0,0,0.0,0.0,,0.0,normalDay
2019-06-25,1440.0,362.0,0.0,0,290.76,0.0,1,4.07,0.45,SPY190719P00267000,267.0,0,0.0,0.0,,0.0,normalDay
2019-06-26,1440.0,363.0,0.0,0,290.47,0.0,1,4.07,0.44,SPY190719P00267000,267.0,0,0.0,0.0,,0.0,normalDay
2019-06-27,1440.0,373.0,0.0,0,291.5,0.0,1,4.07,0.34,SPY190719P00267000,267.0,0,0.0,0.0,,0.0,normalDay
2019-06-28,1440.0,379.0,0.0,0,293.0,0.0,1,4.07,0.28,SPY190719P00267000,267.0,0,0.0,0.0,,0.0,normalDay
2019-07-01,1440.0,394.0,0.0,0,295.66,0.0,1,4.07,0.13,SPY190719P00267000,267.0,0,0.0,0.0,,0.0,normalDay
2019-07-02,1440.0,398.0,0.0,0,296.43,0.0,1,4.07,0.09,SPY190719P00267000,267.0,0,0.0,0.0,,0.0,normalDay
2019-07-03,1440.0,401.0,0.0,0,298.8,0.0,1,4.07,0.06,SPY190719P00267000,267.0,0,0.0,0.0,,0.0,normalDay
2019-07-05,1440.0,399.0,0.0,0,298.46,0.0,1,4.07,0.08,SPY190719P00267000,267.0,0,0.0,0.0,,0.0,normalDay
2019-07-08,1440.0,402.0,0.0,0,296.82,0.0,1,4.07,0.05,SPY190719P00267000,267.0,0,0.0,0.0,,0.0,normalDay
2019-07-09,1440.0,403.0,0.0,0,297.19,0.0,1,4.07,0.04,SPY190719P00267000,267.0,0,0.0,0.0,,0.0,normalDay
2019-07-10,1440.0,404.0,0.0,0,298.61,0.0,1,4.07,0.03,SPY190719P00267000,267.0,0,0.0,0.0,,0.0,normalDay
2019-07-11,1440.0,404.0,0.0,0,299.31,0.0,1,4.07,0.03,SPY190719P00267000,267.0,0,0.0,0.0,,0.0,normalDay
2019-07-12,1440.0,405.0,0.0,0,300.65,0.0,1,4.07,0.02,SPY190719P00267000,267.0,0,0.0,0.0,,0.0,normalDay
2019-07-15,1440.0,405.0,0.0,0,300.75,0.0,1,4.07,0.02,SPY190719P00267000,267.0,0,0.0,0.0,,0.0,normalDay
2019-07-16,1440.0,406.0,0.0,0,299.78,0.0,1,4.07,0.01,SPY190719P00267000,267.0,0,0.0,0.0,,0.0,normalDay
2019-07-17,1440.0,406.0,0.0,0,297.74,0.0,1,4.07,0.01,SPY190719P00267000,267.0,0,0.0,0.0,,0.0,normalDay
2019-07-18,1440.0,406.0,0.0,0,298.83,0.0,1,4.07,0.01,SPY190719P00267000,267.0,0,0.0,0.0,,0.0,normalDay
2019-07-19,1847.0,0.0,407.0,0,297.17,0.0,1,4.07,0.0,SPY190719P00267000,267.0,0,0.0,0.0,,0.0,expirationDay
2019-07-22,1847.0,-4.0,0.0,0,297.9,0.0,1,1.6,1.64,SPY190830P00286000,286.0,0,0.0,0.0,,0.0,normalDay
2019-07-23,1847.0,40.0,0.0,0,300.03,0.0,1,1.6,1.2,SPY190830P00286000,286.0,0,0.0,0.0,,0.0,normalDay
2019-07-24,1847.0,63.0,0.0,0,301.44,0.0,1,1.6,0.97,SPY190830P00286000,286.0,0,0.0,0.0,,0.0,normalDay
2019-07-25,1847.0,42.0,0.0,0,300.0,0.0,1,1.6,1.18,SPY190830P00286000,286.0,0,0.0,0.0,,0.0,normalDay
2019-07-26,1847.0,72.0,0.0,0,302.01,0.0,1,1.6,0.88,SPY190830P00286000,286.0,0,0.0,0.0,,0.0,normalDay
2019-07-29,1847.0,70.0,0.0,0,301.46,0.0,1,1.6,0.9,SPY190830P00286000,286.0,0,0.0,0.0,,0.0,normalDay
2019-07-30,1847.0,50.0,0.0,0,300.72,0.0,1,1.6,1.1,SPY190830P00286000,286.0,0,0.0,0.0,,0.0,normalDay
2019-07-31,1847.0,-16.0,0.0,0,297.43,0.0,1,1.6,1.76,SPY190830P00286000,286.0,0,0.0,0.0,,0.0,normalDay
2019-08-01,1847.0,-95.0,0.0,0,294.84,0.0,1,1.6,2.55,SPY190830P00286000,286.0,0,0.0,0.0,,0.0,normalDay
2019-08-02,1847.0,-143.0,0.0,0,292.62,0.0,1,1.6,3.03,SPY190830P00286000,286.0,0,0.0,0.0,,0.0,normalDay
2019-08-05,1847.0,-615.0,0.0,0,283.82,0.0,1,1.6,7.75,SPY190830P00286000,286.0,0,0.0,0.0,,0.0,normalDay
2019-08-06,1847.0,-309.0,0.0,0,287.8,0.0,1,1.6,4.69,SPY190830P00286000,286.0,0,0.0,0.0,,0.0,normalDay
2019-08-07,1847.0,-284.0,0.0,0,287.97,0.0,1,1.6,4.44,SPY190830P00286000,286.0,0,0.0,0.0,,0.0,normalDay
2019-08-08,1847.0,-60.0,0.0,0,293.62,0.0,1,1.6,2.2,SPY190830P00286000,286.0,0,0.0,0.0,,0.0,normalDay
2019-08-09,1847.0,-115.0,0.0,0,291.62,0.0,1,1.6,2.75,SPY190830P00286000,286.0,0,0.0,0.0,,0.0,normalDay
2019-08-12,1847.0,-273.0,0.0,0,288.07,0.0,1,1.6,4.33,SPY190830P00286000,286.0,0,0.0,0.0,,0.0,normalDay
2019-08-13,1847.0,-59.0,0.0,0,292.55,0.0,1,1.6,2.19,SPY190830P00286000,286.0,0,0.0,0.0,,0.0,normalDay
2019-08-14,1847.0,-440.0,0.0,0,283.9,0.0,1,1.6,6.0,SPY190830P00286000,286.0,0,0.0,0.0,,0.0,normalDay
2019-08-15,1847.0,-364.0,0.0,0,284.65,0.0,1,1.6,5.24,SPY190830P00286000,286.0,0,0.0,0.0,,0.0,normalDay
2019-08-16,1847.0,-134.0,0.0,0,288.85,0.0,1,1.6,2.94,SPY190830P00286000,286.0,0,0.0,0.0,,0.0,normalDay
2019-08-19,1847.0,18.0,0.0,0,292.33,0.0,1,1.6,1.42,SPY190830P00286000,286.0,0,0.0,0.0,,0.0,normalDay
2019-08-20,1847.0,-41.0,0.0,0,290.09,0.0,1,1.6,2.01,SPY190830P00286000,286.0,0,0.0,0.0,,0.0,normalDay
2019-08-21,1847.0,62.0,0.0,0,292.45,0.0,1,1.6,0.98,SPY190830P00286000,286.0,0,0.0,0.0,,0.0,normalDay
2019-08-22,1847.0,56.0,0.0,0,292.36,0.0,1,1.6,1.04,SPY190830P00286000,286.0,0,0.0,0.0,,0.0,normalDay
2019-08-23,1847.0,-191.0,0.0,0,284.85,0.0,1,1.6,3.51,SPY190830P00286000,286.0,0,0.0,0.0,,0.0,normalDay
2019-08-26,1847.0,-13.0,0.0,0,288.0,0.0,1,1.6,1.73,SPY190830P00286000,286.0,0,0.0,0.0,,0.0,normalDay
2019-08-27,1847.0,-40.0,0.0,0,286.87,0.0,1,1.6,2.0,SPY190830P00286000,286.0,0,0.0,0.0,,0.0,normalDay
2019-08-28,1847.0,75.0,0.0,0,288.89,0.0,1,1.6,0.85,SPY190830P00286000,286.0,0,0.0,0.0,,0.0,normalDay
2019-08-29,1847.0,150.0,0.0,0,292.58,0.0,1,1.6,0.1,SPY190830P00286000,286.0,0,0.0,0.0,,0.0,normalDay
2019-08-30,2007.0,0.0,160.0,0,292.45,0.0,1,1.6,0.0,SPY190830P00286000,286.0,0,0.0,0.0,,0.0,expirationDay
2019-09-03,2007.0,-4.0,0.0,0,290.74,0.0,1,4.05,4.09,SPY191018P00279000,279.0,0,0.0,0.0,,0.0,normalDay
2019-09-04,2007.0,123.0,0.0,0,294.04,0.0,1,4.05,2.82,SPY191018P00279000,279.0,0,0.0,0.0,,0.0,normalDay
2019-09-05,2007.0,200.0,0.0,0,297.82,0.0,1,4.05,2.05,SPY191018P00279000,279.0,0,0.0,0.0,,0.0,normalDay
2019-09-06,2007.0,237.0,0.0,0,298.05,0.0,1,4.05,1.68,SPY191018P00279000,279.0,0,0.0,0.0,,0.0,normalDay
2019-09-09,2007.0,248.0,0.0,0,298.2,0.0,1,4.05,1.57,SPY191018P00279000,279.0,0,0.0,0.0,,0.0,normalDay
2019-09-10,2007.0,255.0,0.0,0,298.13,0.0,1,4.05,1.5,SPY191018P00279000,279.0,0,0.0,0.0,,0.0,normalDay
2019-09-11,2007.0,289.0,0.0,0,300.25,0.0,1,4.05,1.16,SPY191018P00279000,279.0,0,0.0,0.0,,0.0,normalDay
2019-09-12,2007.0,308.0,0.0,0,301.29,0.0,1,4.05,0.97,SPY191018P00279000,279.0,0,0.0,0.0,,0.0,normalDay
2019-09-13,2007.0,317.0,0.0,0,301.09,0.0,1,4.05,0.88,SPY191018P00279000,279.0,0,0.0,0.0,,0.0,normalDay
2019-09-16,2007.0,313.0,0.0,0,300.16,0.0,1,4.05,0.92,SPY191018P00279000,279.0,0,0.0,0.0,,0.0,normalDay
2019-09-17,2007.0,326.0,0.0,0,300.92,0.0,1,4.05,0.79,SPY191018P00279000,279.0,0,0.0,0.0,,0.0,normalDay
2019-09-18,2007.0,338.0,0.0,0,301.1,0.0,1,4.05,0.67,SPY191018P00279000,279.0,0,0.0,0.0,,0.0,normalDay
2019-09-19,2007.0,339.0,0.0,0,301.08,0.0,1,4.05,0.66,SPY191018P00279000,279.0,0,0.0,0.0,,0.0,normalDay
2019-09-20,2007.0,319.0,0.0,0,298.28,0.0,1,4.05,0.86,SPY191018P00279000,279.0,0,0.0,0.0,,0.0,normalDay
2019-09-23,2007.0,337.0,0.0,0,298.21,0.0,1,4.05,0.68,SPY191018P00279000,279.0,0,0.0,0.0,,0.0,normalDay
2019-09-24,2007.0,300.0,0.0,0,295.87,0.0,1,4.05,1.05,SPY191018P00279000,279.0,0,0.0,0.0,,0.0,normalDay
2019-09-25,2007.0,327.0,0.0,0,297.62,0.0,1,4.05,0.78,SPY191018P00279000,279.0,0,0.0,0.0,,0.0,normalDay
2019-09-26,2007.0,333.0,0.0,0,297.0,0.0,1,4.05,0.72,SPY191018P00279000,279.0,0,0.0,0.0,,0.0,normalDay
2019-09-27,2007.0,311.0,0.0,0,295.4,0.0,1,4.05,0.94,SPY191018P00279000,279.0,0,0.0,0.0,,0.0,normalDay
2019-09-30,2007.0,345.0,0.0,0,296.77,0.0,1,4.05,0.6,SPY191018P00279000,279.0,0,0.0,0.0,,0.0,normalDay
2019-10-01,2007.0,296.0,0.0,0,293.24,0.0,1,4.05,1.09,SPY191018P00279000,279.0,0,0.0,0.0,,0.0,normalDay
2019-10-02,2007.0,192.0,0.0,0,288.06,0.0,1,4.05,2.13,SPY191018P00279000,279.0,0,0.0,0.0,,0.0,normalDay
2019-10-03,2007.0,271.0,0.0,0,290.42,0.0,1,4.05,1.34,SPY191018P00279000,279.0,0,0.0,0.0,,0.0,normalDay
2019-10-04,2007.0,349.0,0.0,0,294.35,0.0,1,4.05,0.56,SPY191018P00279000,279.0,0,0.0,0.0,,0.0,normalDay
2019-10-07,2007.0,348.0,0.0,0,293.08,0.0,1,4.05,0.57,SPY191018P00279000,279.0,0,0.0,0.0,,0.0,normalDay
2019-10-08,2007.0,288.0,0.0,0,288.53,0.0,1,4.05,1.17,SPY191018P00279000,279.0,0,0.0,0.0,,0.0,normalDay
2019-10-09,2007.0,347.0,0.0,0,291.27,0.0,1,4.05,0.58,SPY191018P00279000,279.0,0,0.0,0.0,,0.0,normalDay
2019-10-10,2007.0,377.0,0.0,0,293.24,0.0,1,4.05,0.28,SPY191018P00279000,279.0,0,0.0,0.0,,0.0,normalDay
2019-10-11,2007.0,394.0,0.0,0,296.28,0.0,1,4.05,0.11,SPY191018P00279000,279.0,0,0.0,0.0,,0.0,normalDay
2019-10-14,2007.0,401.0,0.0,0,295.95,0.0,1,4.05,0.04,SPY191018P00279000,279.0,0,0.0,0.0,,0.0,normalDay
2019-10-15,2007.0,402.0,0.0,0,298.88,0.0,1,4.05,0.03,SPY191018P00279000,279.0,0,0.0,0.0,,0.0,normalDay
2019-10-16,2007.0,403.0,0.0,0,298.4,0.0,1,4.05,0.02,SPY191018P00279000,279.0,0,0.0,0.0,,0.0,normalDay
2019-10-17,2007.0,404.0,0.0,0,299.28,0.0,1,4.05,0.01,SPY191018P00279000,279.0,0,0.0,0.0,,0.0,normalDay
2019-10-18,2412.0,0.0,405.0,0,297.97,0.0,1,4.05,0.0,SPY191018P00279000,279.0,0,0.0,0.0,,0.0,expirationDay
2019-10-21,2412.0,-3.0,0.0,0,299.99,0.0,1,1.17,1.2,SPY191129P00283000,283.0,0,0.0,0.0,,0.0,normalDay
2019-10-22,2412.0,-18.0,0.0,0,299.01,0.0,1,1.17,1.35,SPY191129P00283000,283.0,0,0.0,0.0,,0.0,normalDay
2019-10-23,2412.0,4.0,0.0,0,299.88,0.0,1,1.17,1.13,SPY191129P00283000,283.0,0,0.0,0.0,,0.0,normalDay
2019-10-24,2412.0,15.0,0.0,0,300.37,0.0,1,1.17,1.02,SPY191129P00283000,283.0,0,0.0,0.0,,0.0,normalDay
2019-10-25,2412.0,40.0,0.0,0,301.6,0.0,1,1.17,0.77,SPY191129P00283000,283.0,0,0.0,0.0,,0.0,normalDay
2019-10-28,2412.0,52.0,0.0,0,303.3,0.0,1,1.17,0.65,SPY191129P00283000,283.0,0,0.0,0.0,,0.0,normalDay
2019-10-29,2412.0,53.0,0.0,0,303.21,0.0,1,1.17,0.64,SPY191129P00283000,283.0,0,0.0,0.0,,0.0,normalDay
2019-10-30,2412.0,70.0,0.0,0,304.14,0.0,1,1.17,0.47,SPY191129P00283000,283.0,0,0.0,0.0,,0.0,normalDay
2019-10-31,2412.0,57.0,0.0,0,303.33,0.0,1,1.17,0.6,SPY191129P00283000,283.0,0,0.0,0.0,,0.0,normalDay
2019-11-01,2412.0,81.0,0.0,0,306.14,0.0,1,1.17,0.36,SPY191129P00283000,283.0,0,0.0,0.0,,0.0,normalDay
2019-11-04,2412.0,86.0,0.0,0,307.37,0.0,1,1.17,0.31,SPY191129P00283000,283.0,0,0.0,0.0,,0.0,normalDay
2019-11-05,2412.0,87.0,0.0,0,307.03,0.0,1,1.17,0.3,SPY191129P00283000,283.0,0,0.0,0.0,,0.0,normalDay
2019-11-06,2412.0,94.0,0.0,0,307.1,0.0,1,1.17,0.23,SPY191129P00283000,283.0,0,0.0,0.0,,0.0,normalDay
2019-11-07,2412.0,97.0,0.0,0,308.18,0.0,1,1.17,0.2,SPY191129P00283000,283.0,0,0.0,0.0,,0.0,normalDay
2019-11-08,2412.0,105.0,0.0,0,308.94,0.0,1,1.17,0.12,SPY191129P00283000,283.0,0,0.0,0.0,,0.0,normalDay
2019-11-11,2412.0,106.0,0.0,0,308.35,0.0,1,1.17,0.11,SPY191129P00283000,283.0,0,0.0,0.0,,0.0,normalDay
2019-11-12,2412.0,107.0,0.0,0,309.0,0.0,1,1.17,0.1,SPY191129P00283000,283.0,0,0.0,0.0,,0.0,normalDay
2019-11-13,2412.0,107.0,0.0,0,309.1,0.0,1,1.17,0.1,SPY191129P00283000,283.0,0,0.0,0.0,,0.0,normalDay
2019-11-14,2412.0,107.0,0.0,0,309.55,0.0,1,1.17,0.1,SPY191129P00283000,283.0,0,0.0,0.0,,0.0,normalDay
2019-11-15,2412.0,112.0,0.0,0,311.79,0.0,1,1.17,0.05,SPY191129P00283000,283.0,0,0.0,0.0,,0.0,normalDay
2019-11-18,2412.0,113.0,0.0,0,312.02,0.0,1,1.17,0.04,SPY191129P00283000,283.0,0,0.0,0.0,,0.0,normalDay
2019-11-19,2412.0,113.0,0.0,0,311.93,0.0,1,1.17,0.04,SPY191129P00283000,283.0,0,0.0,0.0,,0.0,normalDay
2019-11-20,2412.0,112.0,0.0,0,310.77,0.0,1,1.17,0.05,SPY191129P00283000,283.0,0,0.0,0.0,,0.0,normalDay
2019-11-21,2412.0,113.0,0.0,0,310.27,0.0,1,1.17,0.04,SPY191129P00283000,283.0,0,0.0,0.0,,0.0,normalDay
2019-11-22,2412.0,115.0,0.0,0,310.96,0.0,1,1.17,0.02,SPY191129P00283000,283.0,0,0.0,0.0,,0.0,normalDay
2019-11-25,2412.0,116.0,0.0,0,313.37,0.0,1,1.17,0.01,SPY191129P00283000,283.0,0,0.0,0.0,,0.0,normalDay
2019-11-26,2412.0,116.0,0.0,0,314.08,0.0,1,1.17,0.01,SPY191129P00283000,283.0,0,0.0,0.0,,0.0,normalDay
2019-11-27,2412.0,116.0,0.0,0,315.48,0.0,1,1.17,0.01,SPY191129P00283000,283.0,0,0.0,0.0,,0.0,normalDay
2019-11-29,2529.0,0.0,117.0,0,314.31,0.0,1,1.17,0.0,SPY191129P00283000,283.0,0,0.0,0.0,,0.0,expirationDay
2019-12-02,2529.0,-4.0,0.0,0,311.64,0.0,1,3.45,3.49,SPY200117P00302000,302.0,0,0.0,0.0,,0.0,normalDay
2019-12-03,2529.0,-88.0,0.0,0,309.55,0.0,1,3.45,4.33,SPY200117P00302000,302.0,0,0.0,0.0,,0.0,normalDay
2019-12-04,2529.0,-14.0,0.0,0,311.46,0.0,1,3.45,3.59,SPY200117P00302000,302.0,0,0.0,0.0,,0.0,normalDay
2019-12-05,2529.0,26.0,0.0,0,312.02,0.0,1,3.45,3.19,SPY200117P00302000,302.0,0,0.0,0.0,,0.0,normalDay
2019-12-06,2529.0,108.0,0.0,0,314.87,0.0,1,3.45,2.37,SPY200117P00302000,302.0,0,0.0,0.0,,0.0,normalDay
2019-12-09,2529.0,66.0,0.0,0,313.88,0.0,1,3.45,2.79,SPY200117P00302000,302.0,0,0.0,0.0,,0.0,normalDay
2019-12-10,2529.0,80.0,0.0,0,313.53,0.0,1,3.45,2.65,SPY200117P00302000,302.0,0,0.0,0.0,,0.0,normalDay
2019-12-11,2529.0,115.0,0.0,0,314.42,0.0,1,3.45,2.3,SPY200117P00302000,302.0,0,0.0,0.0,,0.0,normalDay
2019-12-12,2529.0,178.0,0.0,0,317.13,0.0,1,3.45,1.67,SPY200117P00302000,302.0,0,0.0,0.0,,0.0,normalDay
2019-12-13,2529.0,219.0,0.0,0,317.32,0.0,1,3.45,1.26,SPY200117P00302000,302.0,0,0.0,0.0,,0.0,normalDay
2019-12-16,2529.0,261.0,0.0,0,319.5,0.0,1,3.45,0.84,SPY200117P00302000,302.0,0,0.0,0.0,,0.0,normalDay
2019-12-17,2529.0,260.0,0.0,0,319.57,0.0,1,3.45,0.85,SPY200117P00302000,302.0,0,0.0,0.0,,0.0,normalDay
2019-12-18,2529.0,261.0,0.0,0,319.59,0.0,1,3.45,0.84,SPY200117P00302000,302.0,0,0.0,0.0,,0.0,normalDay
2019-12-19,2529.0,272.0,0.0,0,320.9,0.0,1,3.45,0.73,SPY200117P00302000,302.0,0,0.0,0.0,,0.0,normalDay
2019-12-20,2529.0,279.0,0.0,0,320.73,0.0,1,3.45,0.66,SPY200117P00302000,302.0,0,0.0,0.0,,0.0,normalDay
2019-12-23,2529.0,283.0,0.0,0,321.22,0.0,1,3.45,0.62,SPY200117P00302000,302.0,0,0.0,0.0,,0.0,normalDay
2019-12-24,2529.0,286.0,0.0,0,321.23,0.0,1,3.45,0.59,SPY200117P00302000,302.0,0,0.0,0.0,,0.0,normalDay
2019-12-26,2529.0,302.0,0.0,0,322.94,0.0,1,3.45,0.43,SPY200117P00302000,302.0,0,0.0,0.0,,0.0,normalDay
2019-12-27,2529.0,299.0,0.0,0,322.86,0.0,1,3.45,0.46,SPY200117P00302000,302.0,0,0.0,0.0,,0.0,normalDay
2019-12-30,2529.0,292.0,0.0,0,321.08,0.0,1,3.45,0.53,SPY200117P00302000,302.0,0,0.0,0.0,,0.0,normalDay
2019-12-31,2529.0,305.0,0.0,0,321.86,0.0,1,3.45,0.4,SPY200117P00302000,302.0,0,0.0,0.0,,0.0,normalDay
2020-01-02,2529.0,328.0,0.0,0,324.87,0.0,1,3.45,0.17,SPY200117P00302000,302.0,0,0.0,0.0,,0.0,normalDay
2020-01-03,2529.0,318.0,0.0,0,322.41,0.0,1,3.45,0.27,SPY200117P00302000,302.0,0,0.0,0.0,,0.0,normalDay
2020-01-06,2529.0,332.0,0.0,0,323.64,0.0,1,3.45,0.13,SPY200117P00302000,302.0,0,0.0,0.0,,0.0,normalDay
2020-01-07,2529.0,333.0,0.0,0,322.73,0.0,1,3.45,0.12,SPY200117P00302000,302.0,0,0.0,0.0,,0.0,normalDay
2020-01-08,2529.0,334.0,0.0,0,324.45,0.0,1,3.45,0.11,SPY200117P00302000,302.0,0,0.0,0.0,,0.0,normalDay
2020-01-09,2529.0,339.0,0.0,0,326.65,0.0,1,3.45,0.06,SPY200117P00302000,302.0,0,0.0,0.0,,0.0,normalDay
2020-01-10,2529.0,341.0,0.0,0,325.71,0.0,1,3.45,0.04,SPY200117P00302000,302.0,0,0.0,0.0,,0.0,normalDay
2020-01-13,2529.0,343.0,0.0,0,327.95,0.0,1,3.45,0.02,SPY200117P00302000,302.0,0,0.0,0.0,,0.0,normalDay
2020-01-14,2529.0,343.0,0.0,0,327.45,0.0,1,3.45,0.02,SPY200117P00302000,302.0,0,0.0,0.0,,0.0,normalDay
2020-01-15,2529.0,343.0,0.0,0,328.19,0.0,1,3.45,0.02,SPY200117P00302000,302.0,0,0.0,0.0,,0.0,normalDay
2020-01-16,2529.0,344.0,0.0,0,330.92,0.0,1,3.45,0.01,SPY200117P00302000,302.0,0,0.0,0.0,,0.0,normalDay
2020-01-17,2874.0,0.0,345.0,0,331.95,0.0,1,3.45,0.0,SPY200117P00302000,302.0,0,0.0,0.0,,0.0,expirationDay
2020-01-21,2874.0,-3.0,0.0,0,331.3,0.0,1,1.13,1.16,SPY200228P00312500,312.5,0,0.0,0.0,,0.0,normalDay
2020-01-22,2874.0,-2.0,0.0,0,331.34,0.0,1,1.13,1.15,SPY200228P00312500,312.5,0,0.0,0.0,,0.0,normalDay
2020-01-23,2874.0,0.0,0.0,0,331.72,0.0,1,1.13,1.13,SPY200228P00312500,312.5,0,0.0,0.0,,0.0,normalDay
2020-01-24,2874.0,-51.0,0.0,0,328.77,0.0,1,1.13,1.64,SPY200228P00312500,312.5,0,0.0,0.0,,0.0,normalDay
2020-01-27,2874.0,-198.0,0.0,0,323.5,0.0,1,1.13,3.11,SPY200228P00312500,312.5,0,0.0,0.0,,0.0,normalDay
2020-01-28,2874.0,-82.0,0.0,0,326.89,0.0,1,1.13,1.95,SPY200228P00312500,312.5,0,0.0,0.0,,0.0,normalDay
2020-01-29,2874.0,-83.0,0.0,0,326.62,0.0,1,1.13,1.96,SPY200228P00312500,312.5,0,0.0,0.0,,0.0,normalDay
2020-01-30,2874.0,-31.0,0.0,0,327.68,0.0,1,1.13,1.44,SPY200228P00312500,312.5,0,0.0,0.0,,0.0,normalDay
2020-01-31,2874.0,-186.0,0.0,0,321.73,0.0,1,1.13,2.99,SPY200228P00312500,312.5,0,0.0,0.0,,0.0,normalDay
2020-02-03,2874.0,-113.0,0.0,0,324.12,0.0,1,1.13,2.26,SPY200228P00312500,312.5,0,0.0,0.0,,0.0,normalDay
2020-02-04,2874.0,8.0,0.0,0,329.06,0.0,1,1.13,1.05,SPY200228P00312500,312.5,0,0.0,0.0,,0.0,normalDay
2020-02-05,2874.0,52.0,0.0,0,332.86,0.0,1,1.13,0.61,SPY200228P00312500,312.5,0,0.0,0.0,,0.0,normalDay
2020-02-06,2874.0,57.0,0.0,0,333.98,0.0,1,1.13,0.56,SPY200228P00312500,312.5,0,0.0,0.0,,0.0,normalDay
2020-02-07,2874.0,47.0,0.0,0,332.2,0.0,1,1.13,0.66,SPY200228P00312500,312.5,0,0.0,0.0,,0.0,normalDay
2020-02-10,2874.0,74.0,0.0,0,334.68,0.0,1,1.13,0.39,SPY200228P00312500,312.5,0,0.0,0.0,,0.0,normalDay
2020-02-11,2874.0,76.0,0.0,0,335.26,0.0,1,1.13,0.37,SPY200228P00312500,312.5,0,0.0,0.0,,0.0,normalDay
2020-02-12,2874.0,92.0,0.0,0,337.42,0.0,1,1.13,0.21,SPY200228P00312500,312.5,0,0.0,0.0,,0.0,normalDay
2020-02-13,2874.0,91.0,0.0,0,337.06,0.0,1,1.13,0.22,SPY200228P00312500,312.5,0,0.0,0.0,,0.0,normalDay
2020-02-14,2874.0,98.0,0.0,0,337.6,0.0,1,1.13,0.15,SPY200228P00312500,312.5,0,0.0,0.0,,0.0,normalDay
2020-02-18,2874.0,101.0,0.0,0,336.73,0.0,1,1.13,0.12,SPY200228P00312500,312.5,0,0.0,0.0,,0.0,normalDay
2020-02-19,2874.0,105.0,0.0,0,338.34,0.0,1,1.13,0.08,SPY200228P00312500,312.5,0,0.0,0.0,,0.0,normalDay
2020-02-20,2874.0,104.0,0.0,0,336.95,0.0,1,1.13,0.09,SPY200228P00312500,312.5,0,0.0,0.0,,0.0,normalDay
2020-02-21,2874.0,105.0,0.0,0,333.48,0.0,1,1.13,0.08,SPY200228P00312500,312.5,0,0.0,0.0,,0.0,normalDay
2020-02-24,2874.0,-66.0,0.0,0,322.42,0.0,1,1.13,1.79,SPY200228P00312500,312.5,0,0.0,0.0,,0.0,normalDay
2020-02-25,2874.0,-288.0,0.0,0,312.65,0.0,1,1.13,4.01,SPY200228P00312500,312.5,0,0.0,0.0,,0.0,normalDay
2020-02-26,2874.0,-288.0,0.0,0,311.5,0.0,1,1.13,4.01,SPY200228P00312500,312.5,0,0.0,0.0,,0.0,normalDay
2020-02-27,2874.0,-1430.0,0.0,0,297.51,0.0,1,1.13,15.43,SPY200228P00312500,312.5,0,0.0,0.0,,0.0,normalDay
2020-02-28,2987.0,-1624.0,113.0,100,296.26,312.5,1,1.13,0.0,SPY200228P00312500,312.5,0,0.0,0.0,,0.0,expirationDay
2020-03-02,2987.0,-341.0,0.0,100,309.09,312.5,0,0.0,0.0,,0.0,0,0.0,0.0,,0.0,bidTooLow
2020-03-03,2987.0,-1226.0,0.0,100,300.24,312.5,0,0.0,0.0,,0.0,0,0.0,0.0,,0.0,bidTooLow
2020-03-04,2987.0,36.0,0.0,100,312.86,312.5,0,0.0,0.0,,0.0,0,0.0,0.0,,0.0,bidTooLow
2020-03-05,2987.0,-1004.0,0.0,100,302.46,312.5,0,0.0,0.0,,0.0,0,0.0,0.0,,0.0,bidTooLow
2020-03-06,2987.0,-1504.0,0.0,100,297.46,312.5,0,0.0,0.0,,0.0,0,0.0,0.0,,0.0,bidTooLow
2020-03-09,2987.0,-3827.0,0.0,100,274.23,312.5,0,0.0,0.0,,0.0,0,0.0,0.0,,0.0,bidTooLow
2020-03-10,2987.0,-2408.0,0.0,100,288.42,312.5,0,0.0,0.0,,0.0,0,0.0,0.0,,0.0,bidTooLow
2020-03-11,2987.0,-3814.0,0.0,100,274.36,312.5,0,0.0,0.0,,0.0,0,0.0,0.0,,0.0,bidTooLow
2020-03-12,2987.0,-6439.0,0.0,100,248.11,312.5,0,0.0,0.0,,0.0,0,0.0,0.0,,0.0,bidTooLow
2020-03-13,2987.0,-4318.0,0.0,100,269.32,312.5,0,0.0,0.0,,0.0,0,0.0,0.0,,0.0,bidTooLow
2020-03-16,2987.0,-7265.0,0.0,100,239.85,312.5,0,0.0,0.0,,0.0,0,0.0,0.0,,0.0,bidTooLow
2020-03-17,2987.0,-5970.0,0.0,100,252.8,312.5,0,0.0,0.0,,0.0,0,0.0,0.0,,0.0,bidTooLow
2020-03-18,2987.0,-7250.0,0.0,100,240.0,312.5,0,0.0,0.0,,0.0,0,0.0,0.0,,0.0,bidTooLow
2020-03-19,2987.0,-7199.0,0.0,100,240.51,312.5,0,0.0,0.0,,0.0,0,0.0,0.0,,0.0,bidTooLow
2020-03-20,2987.0,-8370.0,0.0,100,228.8,312.5,0,0.0,0.0,,0.0,0,0.0,0.0,,0.0,bidTooLow
2020-03-23,2987.0,-8955.0,0.0,100,222.95,312.5,0,0.0,0.0,,0.0,0,0.0,0.0,,0.0,bidTooLow
2020-03-24,2987.0,-6935.0,0.0,100,243.15,312.5,0,0.0,0.0,,0.0,0,0.0,0.0,,0.0,bidTooLow
2020-03-25,2987.0,-6571.0,0.0,100,246.79,312.5,0,0.0,0.0,,0.0,0,0.0,0.0,,0.0,bidTooLow
2020-03-26,2987.0,-5130.0,0.0,100,261.2,312.5,0,0.0,0.0,,0.0,0,0.0,0.0,,0.0,bidTooLow
2020-03-27,2987.0,-5908.0,0.0,100,253.42,312.5,0,0.0,0.0,,0.0,0,0.0,0.0,,0.0,bidTooLow
2020-03-30,2987.0,-5088.0,0.0,100,261.65,312.5,0,0.0,0.0,,0.0,1,0.01,0.04,SPY200401C00292000,292.0,normalDay
2020-03-31,2987.0,-5475.0,0.0,100,257.75,312.5,0,0.0,0.0,,0.0,1,0.01,0.01,SPY200401C00292000,292.0,normalDay
2020-04-01,2988.0,-6635.0,1.0,100,246.15,312.5,0,0.0,0.0,,0.0,1,0.01,0.0,SPY200401C00292000,292.0,expirationDay
2020-04-02,2988.0,-6067.0,0.0,100,251.83,312.5,0,0.0,0.0,,0.0,0,0.0,0.0,,0.0,bidTooLow
2020-04-03,2988.0,-6431.0,0.0,100,248.19,312.5,0,0.0,0.0,,0.0,0,0.0,0.0,,0.0,bidTooLow
2020-04-06,2988.0,-4768.0,0.0,100,264.86,312.5,0,0.0,0.0,,0.0,1,2.75,2.79,SPY200409C00269000,269.0,normalDay
2020-04-07,2988.0,-4685.0,0.0,100,265.13,312.5,0,0.0,0.0,,0.0,1,2.75,2.23,SPY200409C00269000,269.0,normalDay
2020-04-08,2988.0,-4193.0,0.0,100,274.03,312.5,0,0.0,0.0,,0.0,1,2.75,6.21,SPY200409C00269000,269.0,normalDay
2020-04-09,-1087.0,-4193.0,-4075.0,0,278.2,0.0,0,0.0,0.0,,0.0,1,2.75,0.0,SPY200409C00269000,269.0,expirationDay
2020-04-13,-1087.0,-5.0,0.0,0,275.66,0.0,1,1.08,1.13,SPY200529P00200000,200.0,0,0.0,0.0,,0.0,normalDay
2020-04-14,-1087.0,40.0,0.0,0,283.79,0.0,1,1.08,0.68,SPY200529P00200000,200.0,0,0.0,0.0,,0.0,normalDay
2020-04-15,-1087.0,9.0,0.0,0,277.76,0.0,1,1.08,0.99,SPY200529P00200000,200.0,0,0.0,0.0,,0.0,normalDay
2020-04-16,-1087.0,24.0,0.0,0,279.1,0.0,1,1.08,0.84,SPY200529P00200000,200.0,0,0.0,0.0,,0.0,normalDay
2020-04-17,-1087.0,46.0,0.0,0,286.64,0.0,1,1.08,0.62,SPY200529P00200000,200.0,0,0.0,0.0,,0.0,normalDay
2020-04-20,-1087.0,18.0,0.0,0,281.59,0.0,1,1.08,0.9,SPY200529P00200000,200.0,0,0.0,0.0,,0.0,normalDay
2020-04-21,-1087.0,0.0,0.0,0,273.04,0.0,1,1.08,1.08,SPY200529P00200000,200.0,0,0.0,0.0,,0.0,normalDay
2020-04-22,-1087.0,32.0,0.0,0,279.1,0.0,1,1.08,0.76,SPY200529P00200000,200.0,0,0.0,0.0,,0.0,normalDay
2020-04-23,-1087.0,39.0,0.0,0,279.08,0.0,1,1.08,0.69,SPY200529P00200000,200.0,0,0.0,0.0,,0.0,normalDay
2020-04-24,-1087.0,67.0,0.0,0,282.97,0.0,1,1.08,0.41,SPY200529P00200000,200.0,0,0.0,0.0,,0.0,normalDay
2020-04-27,-1087.0,81.0,0.0,0,287.05,0.0,1,1.08,0.27,SPY200529P00200000,200.0,0,0.0,0.0,,0.0,normalDay
2020-04-28,-1087.0,78.0,0.0,0,285.73,0.0,1,1.08,0.3,SPY200529P00200000,200.0,0,0.0,0.0,,0.0,normalDay
2020-04-29,-1087.0,85.0,0.0,0,293.21,0.0,1,1.08,0.23,SPY200529P00200000,200.0,0,0.0,0.0,,0.0,normalDay
2020-04-30,-1087.0,82.0,0.0,0,290.48,0.0,1,1.08,0.26,SPY200529P00200000,200.0,0,0.0,0.0,,0.0,normalDay
2020-05-01,-1087.0,77.0,0.0,0,282.79,0.0,1,1.08,0.31,SPY200529P00200000,200.0,0,0.0,0.0,,0.0,normalDay
2020-05-04,-1087.0,85.0,0.0,0,283.57,0.0,1,1.08,0.23,SPY200529P00200000,200.0,0,0.0,0.0,,0.0,normalDay
2020-05-05,-1087.0,92.0,0.0,0,286.19,0.0,1,1.08,0.16,SPY200529P00200000,200.0,0,0.0,0.0,,0.0,normalDay
2020-05-06,-1087.0,94.0,0.0,0,284.25,0.0,1,1.08,0.14,SPY200529P00200000,200.0,0,0.0,0.0,,0.0,normalDay
2020-05-07,-1087.0,98.0,0.0,0,287.68,0.0,1,1.08,0.1,SPY200529P00200000,200.0,0,0.0,0.0,,0.0,normalDay
2020-05-08,-1087.0,102.0,0.0,0,292.44,0.0,1,1.08,0.06,SPY200529P00200000,200.0,0,0.0,0.0,,0.0,normalDay
2020-05-11,-1087.0,104.0,0.0,0,292.5,0.0,1,1.08,0.04,SPY200529P00200000,200.0,0,0.0,0.0,,0.0,normalDay
2020-05-12,-1087.0,103.0,0.0,0,286.67,0.0,1,1.08,0.05,SPY200529P00200000,200.0,0,0.0,0.0,,0.0,normalDay
2020-05-13,-1087.0,103.0,0.0,0,281.6,0.0,1,1.08,0.05,SPY200529P00200000,200.0,0,0.0,0.0,,0.0,normalDay
2020-05-14,-1087.0,105.0,0.0,0,284.97,0.0,1,1.08,0.03,SPY200529P00200000,200.0,0,0.0,0.0,,0.0,normalDay
2020-05-15,-1087.0,105.0,0.0,0,286.28,0.0,1,1.08,0.03,SPY200529P00200000,200.0,0,0.0,0.0,,0.0,normalDay
2020-05-18,-1087.0,106.0,0.0,0,295.0,0.0,1,1.08,0.02,SPY200529P00200000,200.0,0,0.0,0.0,,0.0,normalDay
2020-05-19,-1087.0,107.0,0.0,0,291.97,0.0,1,1.08,0.01,SPY200529P00200000,200.0,0,0.0,0.0,,0.0,normalDay
2020-05-20,-1087.0,107.0,0.0,0,296.93,0.0,1,1.08,0.01,SPY200529P00200000,200.0,0,0.0,0.0,,0.0,normalDay
2020-05-21,-1087.0,107.0,0.0,0,294.88,0.0,1,1.08,0.01,SPY200529P00200000,200.0,0,0.0,0.0,,0.0,normalDay
2020-05-22,-1087.0,107.0,0.0,0,295.44,0.0,1,1.08,0.01,SPY200529P00200000,200.0,0,0.0,0.0,,0.0,normalDay
2020-05-26,-1087.0,107.0,0.0,0,299.08,0.0,1,1.08,0.01,SPY200529P00200000,200.0,0,0.0,0.0,,0.0,normalDay
2020-05-27,-1087.0,107.0,0.0,0,303.53,0.0,1,1.08,0.01,SPY200529P00200000,200.0,0,0.0,0.0,,0.0,normalDay
2020-05-28,-1087.0,107.0,0.0,0,302.97,0.0,1,1.08,0.01,SPY200529P00200000,200.0,0,0.0,0.0,,0.0,normalDay
2020-05-29,-979.0,0.0,108.0,0,304.32,0.0,1,1.08,0.0,SPY200529P00200000,200.0,0,0.0,0.0,,0.0,expirationDay
2020-06-01,-979.0,-4.0,0.0,0,305.55,0.0,1,2.62,2.66,SPY200717P00266000,266.0,0,0.0,0.0,,0.0,normalDay
2020-06-02,-979.0,48.0,0.0,0,308.08,0.0,1,2.62,2.14,SPY200717P00266000,266.0,0,0.0,0.0,,0.0,normalDay
2020-06-03,-979.0,102.0,0.0,0,312.18,0.0,1,2.62,1.6,SPY200717P00266000,266.0,0,0.0,0.0,,0.0,normalDay
2020-06-04,-979.0,105.0,0.0,0,311.36,0.0,1,2.62,1.57,SPY200717P00266000,266.0,0,0.0,0.0,,0.0,normalDay
2020-06-05,-979.0,156.0,0.0,0,319.34,0.0,1,2.62,1.06,SPY200717P00266000,266.0,0,0.0,0.0,,0.0,normalDay
2020-06-08,-979.0,165.0,0.0,0,323.2,0.0,1,2.62,0.97,SPY200717P00266000,266.0,0,0.0,0.0,,0.0,normalDay
2020-06-09,-979.0,147.0,0.0,0,320.79,0.0,1,2.62,1.15,SPY200717P00266000,266.0,0,0.0,0.0,,0.0,normalDay
2020-06-10,-979.0,136.0,0.0,0,319.0,0.0,1,2.62,1.26,SPY200717P00266000,266.0,0,0.0,0.0,,0.0,normalDay
2020-06-11,-979.0,-189.0,0.0,0,300.61,0.0,1,2.62,4.51,SPY200717P00266000,266.0,0,0.0,0.0,,0.0,normalDay
2020-06-12,-979.0,-62.0,0.0,0,304.21,0.0,1,2.62,3.24,SPY200717P00266000,266.0,0,0.0,0.0,,0.0,normalDay
2020-06-15,-979.0,23.0,0.0,0,307.05,0.0,1,2.62,2.39,SPY200717P00266000,266.0,0,0.0,0.0,,0.0,normalDay
2020-06-16,-979.0,74.0,0.0,0,312.96,0.0,1,2.62,1.88,SPY200717P00266000,266.0,0,0.0,0.0,,0.0,normalDay
2020-06-17,-979.0,85.0,0.0,0,311.66,0.0,1,2.62,1.77,SPY200717P00266000,266.0,0,0.0,0.0,,0.0,normalDay
2020-06-18,-979.0,108.0,0.0,0,311.78,0.0,1,2.62,1.54,SPY200717P00266000,266.0,0,0.0,0.0,,0.0,normalDay
2020-06-19,-979.0,78.0,0.0,0,308.64,0.0,1,2.62,1.84,SPY200717P00266000,266.0,0,0.0,0.0,,0.0,normalDay
2020-06-22,-979.0,150.0,0.0,0,310.62,0.0,1,2.62,1.12,SPY200717P00266000,266.0,0,0.0,0.0,,0.0,normalDay
2020-06-23,-979.0,163.0,0.0,0,312.05,0.0,1,2.62,0.99,SPY200717P00266000,266.0,0,0.0,0.0,,0.0,normalDay
2020-06-24,-979.0,123.0,0.0,0,304.09,0.0,1,2.62,1.39,SPY200717P00266000,266.0,0,0.0,0.0,,0.0,normalDay
2020-06-25,-979.0,168.0,0.0,0,307.35,0.0,1,2.62,0.94,SPY200717P00266000,266.0,0,0.0,0.0,,0.0,normalDay
2020-06-26,-979.0,117.0,0.0,0,300.05,0.0,1,2.62,1.45,SPY200717P00266000,266.0,0,0.0,0.0,,0.0,normalDay
2020-06-29,-979.0,181.0,0.0,0,304.46,0.0,1,2.62,0.81,SPY200717P00266000,266.0,0,0.0,0.0,,0.0,normalDay
2020-06-30,-979.0,206.0,0.0,0,308.36,0.0,1,2.62,0.56,SPY200717P00266000,266.0,0,0.0,0.0,,0.0,normalDay
2020-07-01,-979.0,224.0,0.0,0,310.52,0.0,1,2.62,0.38,SPY200717P00266000,266.0,0,0.0,0.0,,0.0,normalDay
2020-07-02,-979.0,233.0,0.0,0,312.23,0.0,1,2.62,0.29,SPY200717P00266000,266.0,0,0.0,0.0,,0.0,normalDay
2020-07-06,-979.0,247.0,0.0,0,317.05,0.0,1,2.62,0.15,SPY200717P00266000,266.0,0,0.0,0.0,,0.0,normalDay
2020-07-07,-979.0,246.0,0.0,0,313.78,0.0,1,2.62,0.16,SPY200717P00266000,266.0,0,0.0,0.0,,0.0,normalDay
2020-07-08,-979.0,253.0,0.0,0,316.18,0.0,1,2.62,0.09,SPY200717P00266000,266.0,0,0.0,0.0,,0.0,normalDay
2020-07-09,-979.0,253.0,0.0,0,314.38,0.0,1,2.62,0.09,SPY200717P00266000,266.0,0,0.0,0.0,,0.0,normalDay
2020-07-10,-979.0,258.0,0.0,0,317.59,0.0,1,2.62,0.04,SPY200717P00266000,266.0,0,0.0,0.0,,0.0,normalDay
2020-07-13,-979.0,257.0,0.0,0,314.84,0.0,1,2.62,0.05,SPY200717P00266000,266.0,0,0.0,0.0,,0.0,normalDay
2020-07-14,-979.0,260.0,0.0,0,318.92,0.0,1,2.62,0.02,SPY200717P00266000,266.0,0,0.0,0.0,,0.0,normalDay
2020-07-15,-979.0,261.0,0.0,0,321.85,0.0,1,2.62,0.01,SPY200717P00266000,266.0,0,0.0,0.0,,0.0,normalDay
2020-07-16,-979.0,261.0,0.0,0,320.79,0.0,1,2.62,0.01,SPY200717P00266000,266.0,0,0.0,0.0,,0.0,normalDay
2020-07-17,-717.0,0.0,262.0,0,321.72,0.0,1,2.62,0.0,SPY200717P00266000,266.0,0,0.0,0.0,,0.0,expirationDay
2020-07-20,-717.0,-4.0,0.0,0,324.32,0.0,1,2.11,2.15,SPY200828P00291000,291.0,0,0.0,0.0,,0.0,normalDay
2020-07-21,-717.0,-2.0,0.0,0,325.01,0.0,1,2.11,2.13,SPY200828P00291000,291.0,0,0.0,0.0,,0.0,normalDay
2020-07-22,-717.0,24.0,0.0,0,326.86,0.0,1,2.11,1.87,SPY200828P00291000,291.0,0,0.0,0.0,,0.0,normalDay
2020-07-23,-717.0,-33.0,0.0,0,322.96,0.0,1,2.11,2.44,SPY200828P00291000,291.0,0,0.0,0.0,,0.0,normalDay
2020-07-24,-717.0,-20.0,0.0,0,320.88,0.0,1,2.11,2.31,SPY200828P00291000,291.0,0,0.0,0.0,,0.0,normalDay
2020-07-27,-717.0,35.0,0.0,0,323.22,0.0,1,2.11,1.76,SPY200828P00291000,291.0,0,0.0,0.0,,0.0,normalDay
2020-07-28,-717.0,18.0,0.0,0,321.17,0.0,1,2.11,1.93,SPY200828P00291000,291.0,0,0.0,0.0,,0.0,normalDay
2020-07-29,-717.0,73.0,0.0,0,325.12,0.0,1,2.11,1.38,SPY200828P00291000,291.0,0,0.0,0.0,,0.0,normalDay
2020-07-30,-717.0,65.0,0.0,0,323.96,0.0,1,2.11,1.46,SPY200828P00291000,291.0,0,0.0,0.0,,0.0,normalDay
2020-07-31,-717.0,103.0,0.0,0,326.52,0.0,1,2.11,1.08,SPY200828P00291000,291.0,0,0.0,0.0,,0.0,normalDay
2020-08-03,-717.0,126.0,0.0,0,328.79,0.0,1,2.11,0.85,SPY200828P00291000,291.0,0,0.0,0.0,,0.0,normalDay
2020-08-04,-717.0,141.0,0.0,0,330.06,0.0,1,2.11,0.7,SPY200828P00291000,291.0,0,0.0,0.0,,0.0,normalDay
2020-08-05,-717.0,155.0,0.0,0,332.11,0.0,1,2.11,0.56,SPY200828P00291000,291.0,0,0.0,0.0,,0.0,normalDay
2020-08-06,-717.0,161.0,0.0,0,334.33,0.0,1,2.11,0.5,SPY200828P00291000,291.0,0,0.0,0.0,,0.0,normalDay
2020-08-07,-717.0,169.0,0.0,0,334.57,0.0,1,2.11,0.42,SPY200828P00291000,291.0,0,0.0,0.0,,0.0,normalDay
2020-08-10,-717.0,178.0,0.0,0,335.57,0.0,1,2.11,0.33,SPY200828P00291000,291.0,0,0.0,0.0,,0.0,normalDay
2020-08-11,-717.0,163.0,0.0,0,332.8,0.0,1,2.11,0.48,SPY200828P00291000,291.0,0,0.0,0.0,,0.0,normalDay
2020-08-12,-717.0,184.0,0.0,0,337.44,0.0,1,2.11,0.27,SPY200828P00291000,291.0,0,0.0,0.0,,0.0,normalDay
2020-08-13,-717.0,186.0,0.0,0,336.83,0.0,1,2.11,0.25,SPY200828P00291000,291.0,0,0.0,0.0,,0.0,normalDay
2020-08-14,-717.0,193.0,0.0,0,336.84,0.0,1,2.11,0.18,SPY200828P00291000,291.0,0,0.0,0.0,,0.0,normalDay
2020-08-17,-717.0,201.0,0.0,0,337.91,0.0,1,2.11,0.1,SPY200828P00291000,291.0,0,0.0,0.0,,0.0,normalDay
2020-08-18,-717.0,202.0,0.0,0,338.64,0.0,1,2.11,0.09,SPY200828P00291000,291.0,0,0.0,0.0,,0.0,normalDay
2020-08-19,-717.0,200.0,0.0,0,337.23,0.0,1,2.11,0.11,SPY200828P00291000,291.0,0,0.0,0.0,,0.0,normalDay
2020-08-20,-717.0,203.0,0.0,0,338.28,0.0,1,2.11,0.08,SPY200828P00291000,291.0,0,0.0,0.0,,0.0,normalDay
2020-08-21,-717.0,206.0,0.0,0,339.48,0.0,1,2.11,0.05,SPY200828P00291000,291.0,0,0.0,0.0,,0.0,normalDay
2020-08-24,-717.0,209.0,0.0,0,342.92,0.0,1,2.11,0.02,SPY200828P00291000,291.0,0,0.0,0.0,,0.0,normalDay
2020-08-25,-717.0,209.0,0.0,0,344.12,0.0,1,2.11,0.02,SPY200828P00291000,291.0,0,0.0,0.0,,0.0,normalDay
2020-08-26,-717.0,209.0,0.0,0,347.57,0.0,1,2.11,0.02,SPY200828P00291000,291.0,0,0.0,0.0,,0.0,normalDay
2020-08-27,-717.0,210.0,0.0,0,348.33,0.0,1,2.11,0.01,SPY200828P00291000,291.0,0,0.0,0.0,,0.0,normalDay
2020-08-28,-506.0,0.0,211.0,0,350.58,0.0,1,2.11,0.0,SPY200828P00291000,291.0,0,0.0,0.0,,0.0,expirationDay
2020-08-31,-506.0,-5.0,0.0,0,349.31,0.0,1,3.7,3.75,SPY201016P00318000,318.0,0,0.0,0.0,,0.0,normalDay
2020-09-01,-506.0,27.0,0.0,0,352.6,0.0,1,3.7,3.43,SPY201016P00318000,318.0,0,0.0,0.0,,0.0,normalDay
2020-09-02,-506.0,84.0,0.0,0,357.7,0.0,1,3.7,2.86,SPY201016P00318000,318.0,0,0.0,0.0,,0.0,normalDay
2020-09-03,-506.0,-168.0,0.0,0,345.39,0.0,1,3.7,5.38,SPY201016P00318000,318.0,0,0.0,0.0,,0.0,normalDay
2020-09-04,-506.0,-153.0,0.0,0,342.57,0.0,1,3.7,5.23,SPY201016P00318000,318.0,0,0.0,0.0,,0.0,normalDay
2020-09-08,-506.0,-294.0,0.0,0,333.21,0.0,1,3.7,6.64,SPY201016P00318000,318.0,0,0.0,0.0,,0.0,normalDay
2020-09-09,-506.0,-100.0,0.0,0,339.79,0.0,1,3.7,4.7,SPY201016P00318000,318.0,0,0.0,0.0,,0.0,normalDay
2020-09-10,-506.0,-207.0,0.0,0,333.89,0.0,1,3.7,5.77,SPY201016P00318000,318.0,0,0.0,0.0,,0.0,normalDay
2020-09-11,-506.0,-156.0,0.0,0,334.06,0.0,1,3.7,5.26,SPY201016P00318000,318.0,0,0.0,0.0,,0.0,normalDay
2020-09-14,-506.0,16.0,0.0,0,338.46,0.0,1,3.7,3.54,SPY201016P00318000,318.0,0,0.0,0.0,,0.0,normalDay
2020-09-15,-506.0,53.0,0.0,0,340.17,0.0,1,3.7,3.17,SPY201016P00318000,318.0,0,0.0,0.0,,0.0,normalDay
2020-09-16,-506.0,31.0,0.0,0,338.82,0.0,1,3.7,3.39,SPY201016P00318000,318.0,0,0.0,0.0,,0.0,normalDay
2020-09-17,-506.0,1.0,0.0,0,335.84,0.0,1,3.7,3.69,SPY201016P00318000,318.0,0,0.0,0.0,,0.0,normalDay
2020-09-18,-506.0,-45.0,0.0,0,330.65,0.0,1,3.7,4.15,SPY201016P00318000,318.0,0,0.0,0.0,,0.0,normalDay
2020-09-21,-506.0,-131.0,0.0,0,326.97,0.0,1,3.7,5.01,SPY201016P00318000,318.0,0,0.0,0.0,,0.0,normalDay
2020-09-22,-506.0,-33.0,0.0,0,330.3,0.0,1,3.7,4.03,SPY201016P00318000,318.0,0,0.0,0.0,,0.0,normalDay
2020-09-23,-506.0,-267.0,0.0,0,322.64,0.0,1,3.7,6.37,SPY201016P00318000,318.0,0,0.0,0.0,,0.0,normalDay
2020-09-24,-506.0,-201.0,0.0,0,323.5,0.0,1,3.7,5.71,SPY201016P00318000,318.0,0,0.0,0.0,,0.0,normalDay
2020-09-25,-506.0,-2.0,0.0,0,328.73,0.0,1,3.7,3.72,SPY201016P00318000,318.0,0,0.0,0.0,,0.0,normalDay
2020-09-28,-506.0,139.0,0.0,0,334.19,0.0,1,3.7,2.31,SPY201016P00318000,318.0,0,0.0,0.0,,0.0,normalDay
2020-09-29,-506.0,118.0,0.0,0,332.37,0.0,1,3.7,2.52,SPY201016P00318000,318.0,0,0.0,0.0,,0.0,normalDay
2020-09-30,-506.0,144.0,0.0,0,334.89,0.0,1,3.7,2.26,SPY201016P00318000,318.0,0,0.0,0.0,,0.0,normalDay
2020-10-01,-506.0,206.0,0.0,0,337.04,0.0,1,3.7,1.64,SPY201016P00318000,318.0,0,0.0,0.0,,0.0,normalDay
2020-10-02,-506.0,180.0,0.0,0,333.84,0.0,1,3.7,1.9,SPY201016P00318000,318.0,0,0.0,0.0,,0.0,normalDay
2020-10-05,-506.0,295.0,0.0,0,339.76,0.0,1,3.7,0.75,SPY201016P00318000,318.0,0,0.0,0.0,,0.0,normalDay
2020-10-06,-506.0,249.0,0.0,0,334.93,0.0,1,3.7,1.21,SPY201016P00318000,318.0,0,0.0,0.0,,0.0,normalDay
2020-10-07,-506.0,329.0,0.0,0,340.76,0.0,1,3.7,0.41,SPY201016P00318000,318.0,0,0.0,0.0,,0.0,normalDay
2020-10-08,-506.0,349.0,0.0,0,343.78,0.0,1,3.7,0.21,SPY201016P00318000,318.0,0,0.0,0.0,,0.0,normalDay
2020-10-09,-506.0,360.0,0.0,0,346.85,0.0,1,3.7,0.1,SPY201016P00318000,318.0,0,0.0,0.0,,0.0,normalDay
2020-10-12,-506.0,364.0,0.0,0,352.43,0.0,1,3.7,0.06,SPY201016P00318000,318.0,0,0.0,0.0,,0.0,normalDay
2020-10-13,-506.0,366.0,0.0,0,350.13,0.0,1,3.7,0.04,SPY201016P00318000,318.0,0,0.0,0.0,,0.0,normalDay
2020-10-14,-506.0,367.0,0.0,0,347.93,0.0,1,3.7,0.03,SPY201016P00318000,318.0,0,0.0,0.0,,0.0,normalDay
2020-10-15,-506.0,368.0,0.0,0,347.5,0.0,1,3.7,0.02,SPY201016P00318000,318.0,0,0.0,0.0,,0.0,normalDay
2020-10-16,-136.0,0.0,370.0,0,347.29,0.0,1,3.7,0.0,SPY201016P00318000,318.0,0,0.0,0.0,,0.0,expirationDay
2020-10-19,-136.0,-6.0,0.0,0,342.01,0.0,1,3.38,3.44,SPY201127P00310000,310.0,0,0.0,0.0,,0.0,normalDay
2020-10-20,-136.0,6.0,0.0,0,343.38,0.0,1,3.38,3.32,SPY201127P00310000,310.0,0,0.0,0.0,,0.0,normalDay
2020-10-21,-136.0,40.0,0.0,0,342.73,0.0,1,3.38,2.98,SPY201127P00310000,310.0,0,0.0,0.0,,0.0,normalDay
2020-10-22,-136.0,71.0,0.0,0,344.61,0.0,1,3.38,2.67,SPY201127P00310000,310.0,0,0.0,0.0,,0.0,normalDay
2020-10-23,-136.0,94.0,0.0,0,345.78,0.0,1,3.38,2.44,SPY201127P00310000,310.0,0,0.0,0.0,,0.0,normalDay
2020-10-26,-136.0,-40.0,0.0,0,339.39,0.0,1,3.38,3.78,SPY201127P00310000,310.0,0,0.0,0.0,,0.0,normalDay
2020-10-27,-136.0,-62.0,0.0,0,338.22,0.0,1,3.38,4.0,SPY201127P00310000,310.0,0,0.0,0.0,,0.0,normalDay
2020-10-28,-136.0,-451.0,0.0,0,326.66,0.0,1,3.38,7.89,SPY201127P00310000,310.0,0,0.0,0.0,,0.0,normalDay
2020-10-29,-136.0,-247.0,0.0,0,329.98,0.0,1,3.38,5.85,SPY201127P00310000,310.0,0,0.0,0.0,,0.0,normalDay
2020-10-30,-136.0,-327.0,0.0,0,326.54,0.0,1,3.38,6.65,SPY201127P00310000,310.0,0,0.0,0.0,,0.0,normalDay
2020-11-02,-136.0,-175.0,0.0,0,330.2,0.0,1,3.38,5.13,SPY201127P00310000,310.0,0,0.0,0.0,,0.0,normalDay
2020-11-03,-136.0,-47.0,0.0,0,336.03,0.0,1,3.38,3.85,SPY201127P00310000,310.0,0,0.0,0.0,,0.0,normalDay
2020-11-04,-136.0,156.0,0.0,0,343.54,0.0,1,3.38,1.82,SPY201127P00310000,310.0,0,0.0,0.0,,0.0,normalDay
2020-11-05,-136.0,224.0,0.0,0,350.24,0.0,1,3.38,1.14,SPY201127P00310000,310.0,0,0.0,0.0,,0.0,normalDay
2020-11-06,-136.0,268.0,0.0,0,350.16,0.0,1,3.38,0.7,SPY201127P00310000,310.0,0,0.0,0.0,,0.0,normalDay
2020-11-09,-136.0,285.0,0.0,0,354.56,0.0,1,3.38,0.53,SPY201127P00310000,310.0,0,0.0,0.0,,0.0,normalDay
2020-11-10,-136.0,295.0,0.0,0,354.04,0.0,1,3.38,0.43,SPY201127P00310000,310.0,0,0.0,0.0,,0.0,normalDay
2020-11-11,-136.0,308.0,0.0,0,356.67,0.0,1,3.38,0.3,SPY201127P00310000,310.0,0,0.0,0.0,,0.0,normalDay
2020-11-12,-136.0,296.0,0.0,0,353.21,0.0,1,3.38,0.42,SPY201127P00310000,310.0,0,0.0,0.0,,0.0,normalDay
2020-11-13,-136.0,315.0,0.0,0,358.1,0.0,1,3.38,0.23,SPY201127P00310000,310.0,0,0.0,0.0,,0.0,normalDay
2020-11-16,-136.0,327.0,0.0,0,362.57,0.0,1,3.38,0.11,SPY201127P00310000,310.0,0,0.0,0.0,,0.0,normalDay
2020-11-17,-136.0,331.0,0.0,0,360.62,0.0,1,3.38,0.07,SPY201127P00310000,310.0,0,0.0,0.0,,0.0,normalDay
2020-11-18,-136.0,329.0,0.0,0,356.28,0.0,1,3.38,0.09,SPY201127P00310000,310.0,0,0.0,0.0,,0.0,normalDay
2020-11-19,-136.0,330.0,0.0,0,357.78,0.0,1,3.38,0.08,SPY201127P00310000,310.0,0,0.0,0.0,,0.0,normalDay
2020-11-20,-136.0,334.0,0.0,0,355.33,0.0,1,3.38,0.04,SPY201127P00310000,310.0,0,0.0,0.0,,0.0,normalDay
2020-11-23,-136.0,336.0,0.0,0,357.46,0.0,1,3.38,0.02,SPY201127P00310000,310.0,0,0.0,0.0,,0.0,normalDay
2020-11-24,-136.0,337.0,0.0,0,363.22,0.0,1,3.38,0.01,SPY201127P00310000,310.0,0,0.0,0.0,,0.0,normalDay
2020-11-25,-136.0,337.0,0.0,0,362.66,0.0,1,3.38,0.01,SPY201127P00310000,310.0,0,0.0,0.0,,0.0,normalDay
2020-11-27,202.0,0.0,338.0,0,363.67,0.0,1,3.38,0.0,SPY201127P00310000,310.0,0,0.0,0.0,,0.0,expirationDay
2020-11-30,202.0,-3.0,0.0,0,362.06,0.0,1,2.03,2.06,SPY210115P00323000,323.0,0,0.0,0.0,,0.0,normalDay
2020-12-01,202.0,15.0,0.0,0,366.02,0.0,1,2.03,1.88,SPY210115P00323000,323.0,0,0.0,0.0,,0.0,normalDay
2020-12-02,202.0,24.0,0.0,0,366.79,0.0,1,2.03,1.79,SPY210115P00323000,323.0,0,0.0,0.0,,0.0,normalDay
2020-12-03,202.0,22.0,0.0,0,366.69,0.0,1,2.03,1.81,SPY210115P00323000,323.0,0,0.0,0.0,,0.0,normalDay
2020-12-04,202.0,61.0,0.0,0,369.85,0.0,1,2.03,1.42,SPY210115P00323000,323.0,0,0.0,0.0,,0.0,normalDay
2020-12-07,202.0,67.0,0.0,0,369.09,0.0,1,2.03,1.36,SPY210115P00323000,323.0,0,0.0,0.0,,0.0,normalDay
2020-12-08,202.0,94.0,0.0,0,370.17,0.0,1,2.03,1.09,SPY210115P00323000,323.0,0,0.0,0.0,,0.0,normalDay
2020-12-09,202.0,66.0,0.0,0,366.85,0.0,1,2.03,1.37,SPY210115P00323000,323.0,0,0.0,0.0,,0.0,normalDay
2020-12-10,202.0,70.0,0.0,0,366.73,0.0,1,2.03,1.33,SPY210115P00323000,323.0,0,0.0,0.0,,0.0,normalDay
2020-12-11,202.0,59.0,0.0,0,366.3,0.0,1,2.03,1.44,SPY210115P00323000,323.0,0,0.0,0.0,,0.0,normalDay
2020-12-14,202.0,45.0,0.0,0,364.66,0.0,1,2.03,1.58,SPY210115P00323000,323.0,0,0.0,0.0,,0.0,normalDay
2020-12-15,202.0,89.0,0.0,0,369.59,0.0,1,2.03,1.14,SPY210115P00323000,323.0,0,0.0,0.0,,0.0,normalDay
2020-12-16,202.0,104.0,0.0,0,370.17,0.0,1,2.03,0.99,SPY210115P00323000,323.0,0,0.0,0.0,,0.0,normalDay
2020-12-17,202.0,123.0,0.0,0,372.24,0.0,1,2.03,0.8,SPY210115P00323000,323.0,0,0.0,0.0,,0.0,normalDay
2020-12-18,202.0,128.0,0.0,0,369.18,0.0,1,2.03,0.75,SPY210115P00323000,323.0,0,0.0,0.0,,0.0,normalDay
2020-12-21,202.0,98.0,0.0,0,367.86,0.0,1,2.03,1.05,SPY210115P00323000,323.0,0,0.0,0.0,,0.0,normalDay
2020-12-22,202.0,111.0,0.0,0,367.24,0.0,1,2.03,0.92,SPY210115P00323000,323.0,0,0.0,0.0,,0.0,normalDay
2020-12-23,202.0,125.0,0.0,0,367.57,0.0,1,2.03,0.78,SPY210115P00323000,323.0,0,0.0,0.0,,0.0,normalDay
2020-12-24,202.0,146.0,0.0,0,369.0,0.0,1,2.03,0.57,SPY210115P00323000,323.0,0,0.0,0.0,,0.0,normalDay
2020-12-28,202.0,164.0,0.0,0,372.17,0.0,1,2.03,0.39,SPY210115P00323000,323.0,0,0.0,0.0,,0.0,normalDay
2020-12-29,202.0,159.0,0.0,0,371.46,0.0,1,2.03,0.44,SPY210115P00323000,323.0,0,0.0,0.0,,0.0,normalDay
2020-12-30,202.0,165.0,0.0,0,371.99,0.0,1,2.03,0.38,SPY210115P00323000,323.0,0,0.0,0.0,,0.0,normalDay
2020-12-31,202.0,170.0,0.0,0,373.88,0.0,1,2.03,0.33,SPY210115P00323000,323.0,0,0.0,0.0,,0.0,normalDay
2021-01-04,202.0,163.0,0.0,0,368.79,0.0,1,2.03,0.4,SPY210115P00323000,323.0,0,0.0,0.0,,0.0,normalDay
2021-01-05,202.0,177.0,0.0,0,371.33,0.0,1,2.03,0.26,SPY210115P00323000,323.0,0,0.0,0.0,,0.0,normalDay
2021-01-06,202.0,174.0,0.0,0,373.55,0.0,1,2.03,0.29,SPY210115P00323000,323.0,0,0.0,0.0,,0.0,normalDay
2021-01-07,202.0,191.0,0.0,0,379.1,0.0,1,2.03,0.12,SPY210115P00323000,323.0,0,0.0,0.0,,0.0,normalDay
2021-01-08,202.0,197.0,0.0,0,381.26,0.0,1,2.03,0.06,SPY210115P00323000,323.0,0,0.0,0.0,,0.0,normalDay
2021-01-11,202.0,198.0,0.0,0,378.69,0.0,1,2.03,0.05,SPY210115P00323000,323.0,0,0.0,0.0,,0.0,normalDay
2021-01-12,202.0,200.0,0.0,0,378.77,0.0,1,2.03,0.03,SPY210115P00323000,323.0,0,0.0,0.0,,0.0,normalDay
2021-01-13,202.0,201.0,0.0,0,379.79,0.0,1,2.03,0.02,SPY210115P00323000,323.0,0,0.0,0.0,,0.0,normalDay
2021-01-14,202.0,202.0,0.0,0,378.46,0.0,1,2.03,0.01,SPY210115P00323000,323.0,0,0.0,0.0,,0.0,normalDay
2021-01-15,405.0,0.0,203.0,0,375.7,0.0,1,2.03,0.0,SPY210115P00323000,323.0,0,0.0,0.0,,0.0,expirationDay
2021-01-19,405.0,-6.0,0.0,0,378.65,0.0,1,4.07,4.13,SPY210226P00357500,357.5,0,0.0,0.0,,0.0,normalDay
2021-01-20,405.0,107.0,0.0,0,383.89,0.0,1,4.07,3.0,SPY210226P00357500,357.5,0,0.0,0.0,,0.0,normalDay
2021-01-21,405.0,126.0,0.0,0,384.24,0.0,1,4.07,2.81,SPY210226P00357500,357.5,0,0.0,0.0,,0.0,normalDay
2021-01-22,405.0,111.0,0.0,0,382.88,0.0,1,4.07,2.96,SPY210226P00357500,357.5,0,0.0,0.0,,0.0,normalDay
2021-01-25,405.0,128.0,0.0,0,384.39,0.0,1,4.07,2.79,SPY210226P00357500,357.5,0,0.0,0.0,,0.0,normalDay
2021-01-26,405.0,142.0,0.0,0,383.79,0.0,1,4.07,2.65,SPY210226P00357500,357.5,0,0.0,0.0,,0.0,normalDay
2021-01-27,405.0,-249.0,0.0,0,374.41,0.0,1,4.07,6.56,SPY210226P00357500,357.5,0,0.0,0.0,,0.0,normalDay
2021-01-28,405.0,-77.0,0.0,0,377.63,0.0,1,4.07,4.84,SPY210226P00357500,357.5,0,0.0,0.0,,0.0,normalDay
2021-01-29,405.0,-368.0,0.0,0,370.07,0.0,1,4.07,7.75,SPY210226P00357500,357.5,0,0.0,0.0,,0.0,normalDay
2021-02-01,405.0,-64.0,0.0,0,376.23,0.0,1,4.07,4.71,SPY210226P00357500,357.5,0,0.0,0.0,,0.0,normalDay
2021-02-02,405.0,149.0,0.0,0,381.55,0.0,1,4.07,2.58,SPY210226P00357500,357.5,0,0.0,0.0,,0.0,normalDay
2021-02-03,405.0,206.0,0.0,0,381.85,0.0,1,4.07,2.01,SPY210226P00357500,357.5,0,0.0,0.0,,0.0,normalDay
2021-02-04,405.0,273.0,0.0,0,386.19,0.0,1,4.07,1.34,SPY210226P00357500,357.5,0,0.0,0.0,,0.0,normalDay
2021-02-05,405.0,305.0,0.0,0,387.71,0.0,1,4.07,1.02,SPY210226P00357500,357.5,0,0.0,0.0,,0.0,normalDay
2021-02-08,405.0,334.0,0.0,0,390.51,0.0,1,4.07,0.73,SPY210226P00357500,357.5,0,0.0,0.0,,0.0,normalDay
2021-02-09,405.0,338.0,0.0,0,390.25,0.0,1,4.07,0.69,SPY210226P00357500,357.5,0,0.0,0.0,,0.0,normalDay
2021-02-10,405.0,335.0,0.0,0,390.08,0.0,1,4.07,0.72,SPY210226P00357500,357.5,0,0.0,0.0,,0.0,normalDay
2021-02-11,405.0,350.0,0.0,0,390.71,0.0,1,4.07,0.57,SPY210226P00357500,357.5,0,0.0,0.0,,0.0,normalDay
2021-02-12,405.0,376.0,0.0,0,392.64,0.0,1,4.07,0.31,SPY210226P00357500,357.5,0,0.0,0.0,,0.0,normalDay
2021-02-16,405.0,376.0,0.0,0,392.3,0.0,1,4.07,0.31,SPY210226P00357500,357.5,0,0.0,0.0,,0.0,normalDay
2021-02-17,405.0,384.0,0.0,0,392.39,0.0,1,4.07,0.23,SPY210226P00357500,357.5,0,0.0,0.0,,0.0,normalDay
2021-02-18,405.0,383.0,0.0,0,390.72,0.0,1,4.07,0.24,SPY210226P00357500,357.5,0,0.0,0.0,,0.0,normalDay
2021-02-19,405.0,395.0,0.0,0,390.03,0.0,1,4.07,0.12,SPY210226P00357500,357.5,0,0.0,0.0,,0.0,normalDay
2021-02-22,405.0,397.0,0.0,0,387.03,0.0,1,4.07,0.1,SPY210226P00357500,357.5,0,0.0,0.0,,0.0,normalDay
2021-02-23,405.0,402.0,0.0,0,387.5,0.0,1,4.07,0.05,SPY210226P00357500,357.5,0,0.0,0.0,,0.0,normalDay
2021-02-24,405.0,405.0,0.0,0,391.77,0.0,1,4.07,0.02,SPY210226P00357500,357.5,0,0.0,0.0,,0.0,normalDay
2021-02-25,405.0,402.0,0.0,0,382.33,0.0,1,4.07,0.05,SPY210226P00357500,357.5,0,0.0,0.0,,0.0,normalDay
2021-02-26,812.0,0.0,407.0,0,380.36,0.0,1,4.07,0.0,SPY210226P00357500,357.5,0,0.0,0.0,,0.0,expirationDay
2021-03-01,812.0,-5.0,0.0,0,389.58,0.0,1,5.59,5.64,SPY210416P00371000,371.0,0,0.0,0.0,,0.0,normalDay
2021-03-02,812.0,-93.0,0.0,0,386.54,0.0,1,5.59,6.52,SPY210416P00371000,371.0,0,0.0,0.0,,0.0,normalDay
2021-03-03,812.0,-257.0,0.0,0,381.42,0.0,1,5.59,8.16,SPY210416P00371000,371.0,0,0.0,0.0,,0.0,normalDay
2021-03-04,812.0,-440.0,0.0,0,376.7,0.0,1,5.59,9.99,SPY210416P00371000,371.0,0,0.0,0.0,,0.0,normalDay
2021-03-05,812.0,-128.0,0.0,0,383.63,0.0,1,5.59,6.87,SPY210416P00371000,371.0,0,0.0,0.0,,0.0,normalDay
2021-03-08,812.0,-166.0,0.0,0,381.72,0.0,1,5.59,7.25,SPY210416P00371000,371.0,0,0.0,0.0,,0.0,normalDay
2021-03-09,812.0,14.0,0.0,0,387.17,0.0,1,5.59,5.45,SPY210416P00371000,371.0,0,0.0,0.0,,0.0,normalDay
2021-03-10,812.0,119.0,0.0,0,389.58,0.0,1,5.59,4.4,SPY210416P00371000,371.0,0,0.0,0.0,,0.0,normalDay
2021-03-11,812.0,199.0,0.0,0,393.53,0.0,1,5.59,3.6,SPY210416P00371000,371.0,0,0.0,0.0,,0.0,normalDay
2021-03-12,812.0,259.0,0.0,0,394.06,0.0,1,5.59,3.0,SPY210416P00371000,371.0,0,0.0,0.0,,0.0,normalDay
2021-03-15,812.0,327.0,0.0,0,396.41,0.0,1,5.59,2.32,SPY210416P00371000,371.0,0,0.0,0.0,,0.0,normalDay
2021-03-16,812.0,327.0,0.0,0,395.91,0.0,1,5.59,2.32,SPY210416P00371000,371.0,0,0.0,0.0,,0.0,normalDay
2021-03-17,812.0,365.0,0.0,0,397.26,0.0,1,5.59,1.94,SPY210416P00371000,371.0,0,0.0,0.0,,0.0,normalDay
2021-03-18,812.0,284.0,0.0,0,391.48,0.0,1,5.59,2.75,SPY210416P00371000,371.0,0,0.0,0.0,,0.0,normalDay
2021-03-19,812.0,278.0,0.0,0,389.48,0.0,1,5.59,2.81,SPY210416P00371000,371.0,0,0.0,0.0,,0.0,normalDay
2021-03-22,812.0,390.0,0.0,0,392.59,0.0,1,5.59,1.69,SPY210416P00371000,371.0,0,0.0,0.0,,0.0,normalDay
2021-03-23,812.0,333.0,0.0,0,389.5,0.0,1,5.59,2.26,SPY210416P00371000,371.0,0,0.0,0.0,,0.0,normalDay
2021-03-24,812.0,303.0,0.0,0,387.52,0.0,1,5.59,2.56,SPY210416P00371000,371.0,0,0.0,0.0,,0.0,normalDay
2021-03-25,812.0,369.0,0.0,0,389.7,0.0,1,5.59,1.9,SPY210416P00371000,371.0,0,0.0,0.0,,0.0,normalDay
2021-03-26,812.0,438.0,0.0,0,395.98,0.0,1,5.59,1.21,SPY210416P00371000,371.0,0,0.0,0.0,,0.0,normalDay
2021-03-29,812.0,429.0,0.0,0,395.78,0.0,1,5.59,1.3,SPY210416P00371000,371.0,0,0.0,0.0,,0.0,normalDay
2021-03-30,812.0,450.0,0.0,0,394.73,0.0,1,5.59,1.09,SPY210416P00371000,371.0,0,0.0,0.0,,0.0,normalDay
2021-03-31,812.0,480.0,0.0,0,396.33,0.0,1,5.59,0.79,SPY210416P00371000,371.0,0,0.0,0.0,,0.0,normalDay
2021-04-01,812.0,522.0,0.0,0,400.61,0.0,1,5.59,0.37,SPY210416P00371000,371.0,0,0.0,0.0,,0.0,normalDay
2021-04-05,812.0,537.0,0.0,0,406.36,0.0,1,5.59,0.22,SPY210416P00371000,371.0,0,0.0,0.0,,0.0,normalDay
2021-04-06,812.0,539.0,0.0,0,406.12,0.0,1,5.59,0.2,SPY210416P00371000,371.0,0,0.0,0.0,,0.0,normalDay
2021-04-07,812.0,548.0,0.0,0,406.59,0.0,1,5.59,0.11,SPY210416P00371000,371.0,0,0.0,0.0,,0.0,normalDay
2021-04-08,812.0,550.0,0.0,0,408.52,0.0,1,5.59,0.09,SPY210416P00371000,371.0,0,0.0,0.0,,0.0,normalDay
2021-04-09,812.0,554.0,0.0,0,411.49,0.0,1,5.59,0.05,SPY210416P00371000,371.0,0,0.0,0.0,,0.0,normalDay
2021-04-12,812.0,557.0,0.0,0,411.64,0.0,1,5.59,0.02,SPY210416P00371000,371.0,0,0.0,0.0,,0.0,normalDay
2021-04-13,812.0,557.0,0.0,0,412.86,0.0,1,5.59,0.02,SPY210416P00371000,371.0,0,0.0,0.0,,0.0,normalDay
2021-04-14,812.0,557.0,0.0,0,411.45,0.0,1,5.59,0.02,SPY210416P00371000,371.0,0,0.0,0.0,,0.0,normalDay
2021-04-15,812.0,558.0,0.0,0,415.87,0.0,1,5.59,0.01,SPY210416P00371000,371.0,0,0.0,0.0,,0.0,normalDay
2021-04-16,1371.0,0.0,559.0,0,417.26,0.0,1,5.59,0.0,SPY210416P00371000,371.0,0,0.0,0.0,,0.0,expirationDay
2021-04-19,1371.0,-4.0,0.0,0,415.21,0.0,1,1.16,1.2,SPY210528P00370000,370.0,0,0.0,0.0,,0.0,normalDay
2021-04-20,1371.0,-35.0,0.0,0,412.17,0.0,1,1.16,1.51,SPY210528P00370000,370.0,0,0.0,0.0,,0.0,normalDay
2021-04-21,1371.0,8.0,0.0,0,416.07,0.0,1,1.16,1.08,SPY210528P00370000,370.0,0,0.0,0.0,,0.0,normalDay
2021-04-22,1371.0,-23.0,0.0,0,412.27,0.0,1,1.16,1.39,SPY210528P00370000,370.0,0,0.0,0.0,,0.0,normalDay
2021-04-23,1371.0,25.0,0.0,0,416.74,0.0,1,1.16,0.91,SPY210528P00370000,370.0,0,0.0,0.0,,0.0,normalDay
2021-04-26,1371.0,37.0,0.0,0,417.61,0.0,1,1.16,0.79,SPY210528P00370000,370.0,0,0.0,0.0,,0.0,normalDay
2021-04-27,1371.0,43.0,0.0,0,417.52,0.0,1,1.16,0.73,SPY210528P00370000,370.0,0,0.0,0.0,,0.0,normalDay
2021-04-28,1371.0,51.0,0.0,0,417.4,0.0,1,1.16,0.65,SPY210528P00370000,370.0,0,0.0,0.0,,0.0,normalDay
2021-04-29,1371.0,54.0,0.0,0,420.06,0.0,1,1.16,0.62,SPY210528P00370000,370.0,0,0.0,0.0,,0.0,normalDay
2021-04-30,1371.0,40.0,0.0,0,417.3,0.0,1,1.16,0.76,SPY210528P00370000,370.0,0,0.0,0.0,,0.0,normalDay
2021-05-03,1371.0,52.0,0.0,0,418.2,0.0,1,1.16,0.64,SPY210528P00370000,370.0,0,0.0,0.0,,0.0,normalDay
2021-05-04,1371.0,41.0,0.0,0,415.62,0.0,1,1.16,0.75,SPY210528P00370000,370.0,0,0.0,0.0,,0.0,normalDay
2021-05-05,1371.0,46.0,0.0,0,415.75,0.0,1,1.16,0.7,SPY210528P00370000,370.0,0,0.0,0.0,,0.0,normalDay
2021-05-06,1371.0,62.0,0.0,0,419.07,0.0,1,1.16,0.54,SPY210528P00370000,370.0,0,0.0,0.0,,0.0,normalDay
2021-05-07,1371.0,77.0,0.0,0,422.12,0.0,1,1.16,0.39,SPY210528P00370000,370.0,0,0.0,0.0,,0.0,normalDay
2021-05-10,1371.0,61.0,0.0,0,417.94,0.0,1,1.16,0.55,SPY210528P00370000,370.0,0,0.0,0.0,,0.0,normalDay
2021-05-11,1371.0,49.0,0.0,0,414.21,0.0,1,1.16,0.67,SPY210528P00370000,370.0,0,0.0,0.0,,0.0,normalDay
2021-05-12,1371.0,-51.0,0.0,0,405.41,0.0,1,1.16,1.67,SPY210528P00370000,370.0,0,0.0,0.0,,0.0,normalDay
2021-05-13,1371.0,39.0,0.0,0,410.28,0.0,1,1.16,0.77,SPY210528P00370000,370.0,0,0.0,0.0,,0.0,normalDay
2021-05-14,1371.0,85.0,0.0,0,416.58,0.0,1,1.16,0.31,SPY210528P00370000,370.0,0,0.0,0.0,,0.0,normalDay
2021-05-17,1371.0,95.0,0.0,0,415.52,0.0,1,1.16,0.21,SPY210528P00370000,370.0,0,0.0,0.0,,0.0,normalDay
2021-05-18,1371.0,86.0,0.0,0,411.94,0.0,1,1.16,0.3,SPY210528P00370000,370.0,0,0.0,0.0,,0.0,normalDay
2021-05-19,1371.0,90.0,0.0,0,410.86,0.0,1,1.16,0.26,SPY210528P00370000,370.0,0,0.0,0.0,,0.0,normalDay
2021-05-20,1371.0,103.0,0.0,0,415.28,0.0,1,1.16,0.13,SPY210528P00370000,370.0,0,0.0,0.0,,0.0,normalDay
2021-05-21,1371.0,110.0,0.0,0,414.94,0.0,1,1.16,0.06,SPY210528P00370000,370.0,0,0.0,0.0,,0.0,normalDay
2021-05-24,1371.0,113.0,0.0,0,419.17,0.0,1,1.16,0.03,SPY210528P00370000,370.0,0,0.0,0.0,,0.0,normalDay
2021-05-25,1371.0,113.0,0.0,0,418.24,0.0,1,1.16,0.03,SPY210528P00370000,370.0,0,0.0,0.0,,0.0,normalDay
2021-05-26,1371.0,114.0,0.0,0,419.07,0.0,1,1.16,0.02,SPY210528P00370000,370.0,0,0.0,0.0,,0.0,normalDay
2021-05-27,1371.0,115.0,0.0,0,419.29,0.0,1,1.16,0.01,SPY210528P00370000,370.0,0,0.0,0.0,,0.0,normalDay
2021-05-28,1487.0,0.0,116.0,0,420.04,0.0,1,1.16,0.0,SPY210528P00370000,370.0,0,0.0,0.0,,0.0,expirationDay
2021-06-01,1487.0,-5.0,0.0,0,419.67,0.0,1,4.18,4.23,SPY210716P00402000,402.0,0,0.0,0.0,,0.0,normalDay
2021-06-02,1487.0,31.0,0.0,0,420.33,0.0,1,4.18,3.87,SPY210716P00402000,402.0,0,0.0,0.0,,0.0,normalDay
2021-06-03,1487.0,-10.0,0.0,0,418.77,0.0,1,4.18,4.28,SPY210716P00402000,402.0,0,0.0,0.0,,0.0,normalDay
2021-06-04,1487.0,97.0,0.0,0,422.6,0.0,1,4.18,3.21,SPY210716P00402000,402.0,0,0.0,0.0,,0.0,normalDay
2021-06-07,1487.0,131.0,0.0,0,422.19,0.0,1,4.18,2.87,SPY210716P00402000,402.0,0,0.0,0.0,,0.0,normalDay
2021-06-08,1487.0,123.0,0.0,0,422.28,0.0,1,4.18,2.95,SPY210716P00402000,402.0,0,0.0,0.0,,0.0,normalDay
2021-06-09,1487.0,98.0,0.0,0,421.65,0.0,1,4.18,3.2,SPY210716P00402000,402.0,0,0.0,0.0,,0.0,normalDay
2021-06-10,1487.0,180.0,0.0,0,423.61,0.0,1,4.18,2.38,SPY210716P00402000,402.0,0,0.0,0.0,,0.0,normalDay
2021-06-11,1487.0,203.0,0.0,0,424.31,0.0,1,4.18,2.15,SPY210716P00402000,402.0,0,0.0,0.0,,0.0,normalDay
2021-06-14,1487.0,220.0,0.0,0,425.26,0.0,1,4.18,1.98,SPY210716P00402000,402.0,0,0.0,0.0,,0.0,normalDay
2021-06-15,1487.0,205.0,0.0,0,424.48,0.0,1,4.18,2.13,SPY210716P00402000,402.0,0,0.0,0.0,,0.0,normalDay
2021-06-16,1487.0,163.0,0.0,0,422.11,0.0,1,4.18,2.55,SPY210716P00402000,402.0,0,0.0,0.0,,0.0,normalDay
2021-06-17,1487.0,186.0,0.0,0,421.97,0.0,1,4.18,2.32,SPY210716P00402000,402.0,0,0.0,0.0,,0.0,normalDay
2021-06-18,1487.0,20.0,0.0,0,414.92,0.0,1,4.18,3.98,SPY210716P00402000,402.0,0,0.0,0.0,,0.0,normalDay
2021-06-21,1487.0,217.0,0.0,0,420.86,0.0,1,4.18,2.01,SPY210716P00402000,402.0,0,0.0,0.0,,0.0,normalDay
2021-06-22,1487.0,268.0,0.0,0,423.11,0.0,1,4.18,1.5,SPY210716P00402000,402.0,0,0.0,0.0,,0.0,normalDay
2021-06-23,1487.0,281.0,0.0,0,422.6,0.0,1,4.18,1.37,SPY210716P00402000,402.0,0,0.0,0.0,,0.0,normalDay
2021-06-24,1487.0,313.0,0.0,0,425.1,0.0,1,4.18,1.05,SPY210716P00402000,402.0,0,0.0,0.0,,0.0,normalDay
2021-06-25,1487.0,335.0,0.0,0,426.61,0.0,1,4.18,0.83,SPY210716P00402000,402.0,0,0.0,0.0,,0.0,normalDay
2021-06-28,1487.0,352.0,0.0,0,427.47,0.0,1,4.18,0.66,SPY210716P00402000,402.0,0,0.0,0.0,,0.0,normalDay
2021-06-29,1487.0,353.0,0.0,0,427.7,0.0,1,4.18,0.65,SPY210716P00402000,402.0,0,0.0,0.0,,0.0,normalDay
2021-06-30,1487.0,366.0,0.0,0,428.06,0.0,1,4.18,0.52,SPY210716P00402000,402.0,0,0.0,0.0,,0.0,normalDay
2021-07-01,1487.0,375.0,0.0,0,430.43,0.0,1,4.18,0.43,SPY210716P00402000,402.0,0,0.0,0.0,,0.0,normalDay
2021-07-02,1487.0,388.0,0.0,0,433.72,0.0,1,4.18,0.3,SPY210716P00402000,402.0,0,0.0,0.0,,0.0,normalDay
2021-07-06,1487.0,392.0,0.0,0,432.93,0.0,1,4.18,0.26,SPY210716P00402000,402.0,0,0.0,0.0,,0.0,normalDay
2021-07-07,1487.0,400.0,0.0,0,434.46,0.0,1,4.18,0.18,SPY210716P00402000,402.0,0,0.0,0.0,,0.0,normalDay
2021-07-08,1487.0,382.0,0.0,0,430.92,0.0,1,4.18,0.36,SPY210716P00402000,402.0,0,0.0,0.0,,0.0,normalDay
2021-07-09,1487.0,407.0,0.0,0,435.52,0.0,1,4.18,0.11,SPY210716P00402000,402.0,0,0.0,0.0,,0.0,normalDay
2021-07-12,1487.0,413.0,0.0,0,437.08,0.0,1,4.18,0.05,SPY210716P00402000,402.0,0,0.0,0.0,,0.0,normalDay
2021-07-13,1487.0,412.0,0.0,0,435.59,0.0,1,4.18,0.06,SPY210716P00402000,402.0,0,0.0,0.0,,0.0,normalDay
2021-07-14,1487.0,415.0,0.0,0,436.24,0.0,1,4.18,0.03,SPY210716P00402000,402.0,0,0.0,0.0,,0.0,normalDay
2021-07-15,1487.0,416.0,0.0,0,434.75,0.0,1,4.18,0.02,SPY210716P00402000,402.0,0,0.0,0.0,,0.0,normalDay
2021-07-16,1905.0,0.0,418.0,0,431.34,0.0,1,4.18,0.0,SPY210716P00402000,402.0,0,0.0,0.0,,0.0,expirationDay
2021-07-19,1905.0,-5.0,0.0,0,424.97,0.0,1,6.3,6.35,SPY210827P00412000,412.0,0,0.0,0.0,,0.0,normalDay
2021-07-20,1905.0,193.0,0.0,0,431.06,0.0,1,6.3,4.37,SPY210827P00412000,412.0,0,0.0,0.0,,0.0,normalDay
2021-07-21,1905.0,311.0,0.0,0,434.55,0.0,1,6.3,3.19,SPY210827P00412000,412.0,0,0.0,0.0,,0.0,normalDay
2021-07-22,1905.0,330.0,0.0,0,435.46,0.0,1,6.3,3.0,SPY210827P00412000,412.0,0,0.0,0.0,,0.0,normalDay
2021-07-23,1905.0,395.0,0.0,0,439.94,0.0,1,6.3,2.35,SPY210827P00412000,412.0,0,0.0,0.0,,0.0,normalDay
2021-07-26,1905.0,427.0,0.0,0,441.02,0.0,1,6.3,2.03,SPY210827P00412000,412.0,0,0.0,0.0,,0.0,normalDay
2021-07-27,1905.0,374.0,0.0,0,439.01,0.0,1,6.3,2.56,SPY210827P00412000,412.0,0,0.0,0.0,,0.0,normalDay
2021-07-28,1905.0,409.0,0.0,0,438.83,0.0,1,6.3,2.21,SPY210827P00412000,412.0,0,0.0,0.0,,0.0,normalDay
2021-07-29,1905.0,453.0,0.0,0,440.65,0.0,1,6.3,1.77,SPY210827P00412000,412.0,0,0.0,0.0,,0.0,normalDay
2021-07-30,1905.0,437.0,0.0,0,438.51,0.0,1,6.3,1.93,SPY210827P00412000,412.0,0,0.0,0.0,,0.0,normalDay
2021-08-02,1905.0,422.0,0.0,0,437.59,0.0,1,6.3,2.08,SPY210827P00412000,412.0,0,0.0,0.0,,0.0,normalDay
2021-08-03,1905.0,490.0,0.0,0,441.15,0.0,1,6.3,1.4,SPY210827P00412000,412.0,0,0.0,0.0,,0.0,normalDay
2021-08-04,1905.0,487.0,0.0,0,438.98,0.0,1,6.3,1.43,SPY210827P00412000,412.0,0,0.0,0.0,,0.0,normalDay
2021-08-05,1905.0,520.0,0.0,0,441.76,0.0,1,6.3,1.1,SPY210827P00412000,412.0,0,0.0,0.0,,0.0,normalDay
2021-08-06,1905.0,549.0,0.0,0,442.49,0.0,1,6.3,0.81,SPY210827P00412000,412.0,0,0.0,0.0,,0.0,normalDay
2021-08-09,1905.0,558.0,0.0,0,442.13,0.0,1,6.3,0.72,SPY210827P00412000,412.0,0,0.0,0.0,,0.0,normalDay
2021-08-10,1905.0,560.0,0.0,0,442.68,0.0,1,6.3,0.7,SPY210827P00412000,412.0,0,0.0,0.0,,0.0,normalDay
2021-08-11,1905.0,582.0,0.0,0,443.78,0.0,1,6.3,0.48,SPY210827P00412000,412.0,0,0.0,0.0,,0.0,normalDay
2021-08-12,1905.0,594.0,0.0,0,445.11,0.0,1,6.3,0.36,SPY210827P00412000,412.0,0,0.0,0.0,,0.0,normalDay
2021-08-13,1905.0,599.0,0.0,0,445.92,0.0,1,6.3,0.31,SPY210827P00412000,412.0,0,0.0,0.0,,0.0,normalDay
2021-08-16,1905.0,605.0,0.0,0,446.97,0.0,1,6.3,0.25,SPY210827P00412000,412.0,0,0.0,0.0,,0.0,normalDay
2021-08-17,1905.0,590.0,0.0,0,444.04,0.0,1,6.3,0.4,SPY210827P00412000,412.0,0,0.0,0.0,,0.0,normalDay
2021-08-18,1905.0,546.0,0.0,0,439.18,0.0,1,6.3,0.84,SPY210827P00412000,412.0,0,0.0,0.0,,0.0,normalDay
2021-08-19,1905.0,563.0,0.0,0,439.86,0.0,1,6.3,0.67,SPY210827P00412000,412.0,0,0.0,0.0,,0.0,normalDay
2021-08-20,1905.0,617.0,0.0,0,443.36,0.0,1,6.3,0.13,SPY210827P00412000,412.0,0,0.0,0.0,,0.0,normalDay
2021-08-23,1905.0,624.0,0.0,0,447.26,0.0,1,6.3,0.06,SPY210827P00412000,412.0,0,0.0,0.0,,0.0,normalDay
2021-08-24,1905.0,626.0,0.0,0,447.97,0.0,1,6.3,0.04,SPY210827P00412000,412.0,0,0.0,0.0,,0.0,normalDay
2021-08-25,1905.0,627.0,0.0,0,448.91,0.0,1,6.3,0.03,SPY210827P00412000,412.0,0,0.0,0.0,,0.0,normalDay
2021-08-26,1905.0,627.0,0.0,0,446.26,0.0,1,6.3,0.03,SPY210827P00412000,412.0,0,0.0,0.0,,0.0,normalDay
2021-08-27,2535.0,0.0,630.0,0,450.25,0.0,1,6.3,0.0,SPY210827P00412000,412.0,0,0.0,0.0,,0.0,expirationDay
2021-08-30,2535.0,-3.0,0.0,0,452.23,0.0,1,4.0,4.03,SPY211015P00432000,432.0,0,0.0,0.0,,0.0,normalDay
2021-08-31,2535.0,-1.0,0.0,0,451.56,0.0,1,4.0,4.01,SPY211015P00432000,432.0,0,0.0,0.0,,0.0,normalDay
2021-09-01,2535.0,26.0,0.0,0,451.8,0.0,1,4.0,3.74,SPY211015P00432000,432.0,0,0.0,0.0,,0.0,normalDay
2021-09-02,2535.0,49.0,0.0,0,453.19,0.0,1,4.0,3.51,SPY211015P00432000,432.0,0,0.0,0.0,,0.0,normalDay
2021-09-03,2535.0,50.0,0.0,0,453.08,0.0,1,4.0,3.5,SPY211015P00432000,432.0,0,0.0,0.0,,0.0,normalDay
2021-09-07,2535.0,16.0,0.0,0,451.46,0.0,1,4.0,3.84,SPY211015P00432000,432.0,0,0.0,0.0,,0.0,normalDay
2021-09-08,2535.0,18.0,0.0,0,450.91,0.0,1,4.0,3.82,SPY211015P00432000,432.0,0,0.0,0.0,,0.0,normalDay
2021-09-09,2535.0,-38.0,0.0,0,448.98,0.0,1,4.0,4.38,SPY211015P00432000,432.0,0,0.0,0.0,,0.0,normalDay
2021-09-10,2535.0,-131.0,0.0,0,445.44,0.0,1,4.0,5.31,SPY211015P00432000,432.0,0,0.0,0.0,,0.0,normalDay
2021-09-13,2535.0,-36.0,0.0,0,446.58,0.0,1,4.0,4.36,SPY211015P00432000,432.0,0,0.0,0.0,,0.0,normalDay
2021-09-14,2535.0,-88.0,0.0,0,444.17,0.0,1,4.0,4.88,SPY211015P00432000,432.0,0,0.0,0.0,,0.0,normalDay
2021-09-15,2535.0,41.0,0.0,0,447.88,0.0,1,4.0,3.59,SPY211015P00432000,432.0,0,0.0,0.0,,0.0,normalDay
2021-09-16,2535.0,21.0,0.0,0,447.17,0.0,1,4.0,3.79,SPY211015P00432000,432.0,0,0.0,0.0,,0.0,normalDay
2021-09-17,2535.0,-128.0,0.0,0,441.4,0.0,1,4.0,5.28,SPY211015P00432000,432.0,0,0.0,0.0,,0.0,normalDay
2021-09-20,2535.0,-447.0,0.0,0,434.04,0.0,1,4.0,8.47,SPY211015P00432000,432.0,0,0.0,0.0,,0.0,normalDay
2021-09-21,2535.0,-420.0,0.0,0,433.63,0.0,1,4.0,8.2,SPY211015P00432000,432.0,0,0.0,0.0,,0.0,normalDay
2021-09-22,2535.0,-140.0,0.0,0,437.86,0.0,1,4.0,5.4,SPY211015P00432000,432.0,0,0.0,0.0,,0.0,normalDay
2021-09-23,2535.0,68.0,0.0,0,443.18,0.0,1,4.0,3.32,SPY211015P00432000,432.0,0,0.0,0.0,,0.0,normalDay
2021-09-24,2535.0,117.0,0.0,0,443.91,0.0,1,4.0,2.83,SPY211015P00432000,432.0,0,0.0,0.0,,0.0,normalDay
2021-09-27,2535.0,103.0,0.0,0,442.64,0.0,1,4.0,2.97,SPY211015P00432000,432.0,0,0.0,0.0,,0.0,normalDay
2021-09-28,2535.0,-247.0,0.0,0,433.72,0.0,1,4.0,6.47,SPY211015P00432000,432.0,0,0.0,0.0,,0.0,normalDay
2021-09-29,2535.0,-184.0,0.0,0,434.45,0.0,1,4.0,5.84,SPY211015P00432000,432.0,0,0.0,0.0,,0.0,normalDay
2021-09-30,2535.0,-388.0,0.0,0,429.14,0.0,1,4.0,7.88,SPY211015P00432000,432.0,0,0.0,0.0,,0.0,normalDay
2021-10-01,2535.0,-109.0,0.0,0,434.24,0.0,1,4.0,5.09,SPY211015P00432000,432.0,0,0.0,0.0,,0.0,normalDay
2021-10-04,2535.0,-350.0,0.0,0,428.64,0.0,1,4.0,7.5,SPY211015P00432000,432.0,0,0.0,0.0,,0.0,normalDay
2021-10-05,2535.0,-78.0,0.0,0,433.1,0.0,1,4.0,4.78,SPY211015P00432000,432.0,0,0.0,0.0,,0.0,normalDay
2021-10-06,2535.0,9.0,0.0,0,434.9,0.0,1,4.0,3.91,SPY211015P00432000,432.0,0,0.0,0.0,,0.0,normalDay
2021-10-07,2535.0,183.0,0.0,0,438.66,0.0,1,4.0,2.17,SPY211015P00432000,432.0,0,0.0,0.0,,0.0,normalDay
2021-10-08,2535.0,198.0,0.0,0,437.86,0.0,1,4.0,2.02,SPY211015P00432000,432.0,0,0.0,0.0,,0.0,normalDay
2021-10-11,2535.0,133.0,0.0,0,434.69,0.0,1,4.0,2.67,SPY211015P00432000,432.0,0,0.0,0.0,,0.0,normalDay
2021-10-12,2535.0,130.0,0.0,0,433.62,0.0,1,4.0,2.7,SPY211015P00432000,432.0,0,0.0,0.0,,0.0,normalDay
2021-10-13,2535.0,292.0,0.0,0,435.18,0.0,1,4.0,1.08,SPY211015P00432000,432.0,0,0.0,0.0,,0.0,normalDay
2021-10-14,2535.0,391.0,0.0,0,442.5,0.0,1,4.0,0.09,SPY211015P00432000,432.0,0,0.0,0.0,,0.0,normalDay
2021-10-15,2935.0,0.0,400.0,0,445.87,0.0,1,4.0,0.0,SPY211015P00432000,432.0,0,0.0,0.0,,0.0,expirationDay
2021-10-18,2935.0,-4.0,0.0,0,447.19,0.0,1,2.35,2.39,SPY211126P00419000,419.0,0,0.0,0.0,,0.0,normalDay
2021-10-19,2935.0,45.0,0.0,0,450.64,0.0,1,2.35,1.9,SPY211126P00419000,419.0,0,0.0,0.0,,0.0,normalDay
2021-10-20,2935.0,61.0,0.0,0,452.41,0.0,1,2.35,1.74,SPY211126P00419000,419.0,0,0.0,0.0,,0.0,normalDay
2021-10-21,2935.0,84.0,0.0,0,453.59,0.0,1,2.35,1.51,SPY211126P00419000,419.0,0,0.0,0.0,,0.0,normalDay
2021-10-22,2935.0,75.0,0.0,0,453.12,0.0,1,2.35,1.6,SPY211126P00419000,419.0,0,0.0,0.0,,0.0,normalDay
2021-10-25,2935.0,110.0,0.0,0,455.55,0.0,1,2.35,1.25,SPY211126P00419000,419.0,0,0.0,0.0,,0.0,normalDay
2021-10-26,2935.0,107.0,0.0,0,455.96,0.0,1,2.35,1.28,SPY211126P00419000,419.0,0,0.0,0.0,,0.0,normalDay
2021-10-27,2935.0,82.0,0.0,0,453.94,0.0,1,2.35,1.53,SPY211126P00419000,419.0,0,0.0,0.0,,0.0,normalDay
2021-10-28,2935.0,120.0,0.0,0,458.32,0.0,1,2.35,1.15,SPY211126P00419000,419.0,0,0.0,0.0,,0.0,normalDay
2021-10-29,2935.0,137.0,0.0,0,459.25,0.0,1,2.35,0.98,SPY211126P00419000,419.0,0,0.0,0.0,,0.0,normalDay
2021-11-01,2935.0,157.0,0.0,0,460.04,0.0,1,2.35,0.78,SPY211126P00419000,419.0,0,0.0,0.0,,0.0,normalDay
2021-11-02,2935.0,170.0,0.0,0,461.9,0.0,1,2.35,0.65,SPY211126P00419000,419.0,0,0.0,0.0,,0.0,normalDay
2021-11-03,2935.0,189.0,0.0,0,464.72,0.0,1,2.35,0.46,SPY211126P00419000,419.0,0,0.0,0.0,,0.0,normalDay
2021-11-04,2935.0,190.0,0.0,0,466.91,0.0,1,2.35,0.45,SPY211126P00419000,419.0,0,0.0,0.0,,0.0,normalDay
2021-11-05,2935.0,189.0,0.0,0,468.53,0.0,1,2.35,0.46,SPY211126P00419000,419.0,0,0.0,0.0,,0.0,normalDay
2021-11-08,2935.0,193.0,0.0,0,468.93,0.0,1,2.35,0.42,SPY211126P00419000,419.0,0,0.0,0.0,,0.0,normalDay
2021-11-09,2935.0,194.0,0.0,0,467.38,0.0,1,2.35,0.41,SPY211126P00419000,419.0,0,0.0,0.0,,0.0,normalDay
2021-11-10,2935.0,191.0,0.0,0,463.62,0.0,1,2.35,0.44,SPY211126P00419000,419.0,0,0.0,0.0,,0.0,normalDay
2021-11-11,2935.0,205.0,0.0,0,463.77,0.0,1,2.35,0.3,SPY211126P00419000,419.0,0,0.0,0.0,,0.0,normalDay
2021-11-12,2935.0,217.0,0.0,0,467.27,0.0,1,2.35,0.18,SPY211126P00419000,419.0,0,0.0,0.0,,0.0,normalDay
2021-11-15,2935.0,224.0,0.0,0,467.43,0.0,1,2.35,0.11,SPY211126P00419000,419.0,0,0.0,0.0,,0.0,normalDay
2021-11-16,2935.0,226.0,0.0,0,469.28,0.0,1,2.35,0.09,SPY211126P00419000,419.0,0,0.0,0.0,,0.0,normalDay
2021-11-17,2935.0,228.0,0.0,0,468.14,0.0,1,2.35,0.07,SPY211126P00419000,419.0,0,0.0,0.0,,0.0,normalDay
2021-11-18,2935.0,229.0,0.0,0,469.73,0.0,1,2.35,0.06,SPY211126P00419000,419.0,0,0.0,0.0,,0.0,normalDay
2021-11-19,2935.0,230.0,0.0,0,468.89,0.0,1,2.35,0.05,SPY211126P00419000,419.0,0,0.0,0.0,,0.0,normalDay
2021-11-22,2935.0,231.0,0.0,0,467.57,0.0,1,2.35,0.04,SPY211126P00419000,419.0,0,0.0,0.0,,0.0,normalDay
2021-11-23,2935.0,233.0,0.0,0,468.19,0.0,1,2.35,0.02,SPY211126P00419000,419.0,0,0.0,0.0,,0.0,normalDay
2021-11-24,2935.0,234.0,0.0,0,469.44,0.0,1,2.35,0.01,SPY211126P00419000,419.0,0,0.0,0.0,,0.0,normalDay
2021-11-26,3170.0,0.0,235.0,0,458.97,0.0,1,2.35,0.0,SPY211126P00419000,419.0,0,0.0,0.0,,0.0,expirationDay
2021-11-29,3170.0,-6.0,0.0,0,464.6,0.0,1,9.65,9.71,SPY220121P00455000,455.0,0,0.0,0.0,,0.0,normalDay
2021-11-30,3170.0,-367.0,0.0,0,455.56,0.0,1,9.65,13.32,SPY220121P00455000,455.0,0,0.0,0.0,,0.0,normalDay
2021-12-01,3170.0,-870.0,0.0,0,450.5,0.0,1,9.65,18.35,SPY220121P00455000,455.0,0,0.0,0.0,,0.0,normalDay
2021-12-02,3170.0,-397.0,0.0,0,457.4,0.0,1,9.65,13.62,SPY220121P00455000,455.0,0,0.0,0.0,,0.0,normalDay
2021-12-03,3170.0,-619.0,0.0,0,453.42,0.0,1,9.65,15.84,SPY220121P00455000,455.0,0,0.0,0.0,,0.0,normalDay
2021-12-06,3170.0,-261.0,0.0,0,458.79,0.0,1,9.65,12.26,SPY220121P00455000,455.0,0,0.0,0.0,,0.0,normalDay
2021-12-07,3170.0,206.0,0.0,0,468.28,0.0,1,9.65,7.59,SPY220121P00455000,455.0,0,0.0,0.0,,0.0,normalDay
2021-12-08,3170.0,312.0,0.0,0,469.52,0.0,1,9.65,6.53,SPY220121P00455000,455.0,0,0.0,0.0,,0.0,normalDay
2021-12-09,3170.0,205.0,0.0,0,466.35,0.0,1,9.65,7.6,SPY220121P00455000,455.0,0,0.0,0.0,,0.0,normalDay
2021-12-10,3170.0,404.0,0.0,0,470.74,0.0,1,9.65,5.61,SPY220121P00455000,455.0,0,0.0,0.0,,0.0,normalDay
2021-12-13,3170.0,277.0,0.0,0,466.57,0.0,1,9.65,6.88,SPY220121P00455000,455.0,0,0.0,0.0,,0.0,normalDay
2021-12-14,3170.0,142.0,0.0,0,463.36,0.0,1,9.65,8.23,SPY220121P00455000,455.0,0,0.0,0.0,,0.0,normalDay
2021-12-15,3170.0,445.0,0.0,0,470.6,0.0,1,9.65,5.2,SPY220121P00455000,455.0,0,0.0,0.0,,0.0,normalDay
2021-12-16,3170.0,329.0,0.0,0,466.45,0.0,1,9.65,6.36,SPY220121P00455000,455.0,0,0.0,0.0,,0.0,normalDay
2021-12-17,3170.0,141.0,0.0,0,459.87,0.0,1,9.65,8.24,SPY220121P00455000,455.0,0,0.0,0.0,,0.0,normalDay
2021-12-20,3170.0,-49.0,0.0,0,454.98,0.0,1,9.65,10.14,SPY220121P00455000,455.0,0,0.0,0.0,,0.0,normalDay
2021-12-21,3170.0,293.0,0.0,0,463.06,0.0,1,9.65,6.72,SPY220121P00455000,455.0,0,0.0,0.0,,0.0,normalDay
2021-12-22,3170.0,514.0,0.0,0,467.69,0.0,1,9.65,4.51,SPY220121P00455000,455.0,0,0.0,0.0,,0.0,normalDay
2021-12-23,3170.0,620.0,0.0,0,470.6,0.0,1,9.65,3.45,SPY220121P00455000,455.0,0,0.0,0.0,,0.0,normalDay
2021-12-27,3170.0,763.0,0.0,0,477.26,0.0,1,9.65,2.02,SPY220121P00455000,455.0,0,0.0,0.0,,0.0,normalDay
2021-12-28,3170.0,778.0,0.0,0,476.87,0.0,1,9.65,1.87,SPY220121P00455000,455.0,0,0.0,0.0,,0.0,normalDay
2021-12-29,3170.0,811.0,0.0,0,477.48,0.0,1,9.65,1.54,SPY220121P00455000,455.0,0,0.0,0.0,,0.0,normalDay
2021-12-30,3170.0,793.0,0.0,0,476.16,0.0,1,9.65,1.72,SPY220121P00455000,455.0,0,0.0,0.0,,0.0,normalDay
2021-12-31,3170.0,801.0,0.0,0,474.96,0.0,1,9.65,1.64,SPY220121P00455000,455.0,0,0.0,0.0,,0.0,normalDay
2022-01-03,3170.0,861.0,0.0,0,477.71,0.0,1,9.65,1.04,SPY220121P00455000,455.0,0,0.0,0.0,,0.0,normalDay
2022-01-04,3170.0,862.0,0.0,0,477.55,0.0,1,9.65,1.03,SPY220121P00455000,455.0,0,0.0,0.0,,0.0,normalDay
2022-01-05,3170.0,695.0,0.0,0,468.38,0.0,1,9.65,2.7,SPY220121P00455000,455.0,0,0.0,0.0,,0.0,normalDay
2022-01-06,3170.0,716.0,0.0,0,467.94,0.0,1,9.65,2.49,SPY220121P00455000,455.0,0,0.0,0.0,,0.0,normalDay
2022-01-07,3170.0,749.0,0.0,0,466.09,0.0,1,9.65,2.16,SPY220121P00455000,455.0,0,0.0,0.0,,0.0,normalDay
2022-01-10,3170.0,742.0,0.0,0,465.51,0.0,1,9.65,2.23,SPY220121P00455000,455.0,0,0.0,0.0,,0.0,normalDay
2022-01-11,3170.0,834.0,0.0,0,469.75,0.0,1,9.65,1.31,SPY220121P00455000,455.0,0,0.0,0.0,,0.0,normalDay
2022-01-12,3170.0,890.0,0.0,0,471.02,0.0,1,9.65,0.75,SPY220121P00455000,455.0,0,0.0,0.0,,0.0,normalDay
2022-01-13,3170.0,761.0,0.0,0,464.53,0.0,1,9.65,2.04,SPY220121P00455000,455.0,0,0.0,0.0,,0.0,normalDay
2022-01-14,3170.0,831.0,0.0,0,464.72,0.0,1,9.65,1.34,SPY220121P00455000,455.0,0,0.0,0.0,,0.0,normalDay
2022-01-18,3170.0,616.0,0.0,0,456.49,0.0,1,9.65,3.49,SPY220121P00455000,455.0,0,0.0,0.0,,0.0,normalDay
2022-01-19,3170.0,484.0,0.0,0,451.75,0.0,1,9.65,4.81,SPY220121P00455000,455.0,0,0.0,0.0,,0.0,normalDay
2022-01-20,3170.0,65.0,0.0,0,446.75,0.0,1,9.65,9.0,SPY220121P00455000,455.0,0,0.0,0.0,,0.0,normalDay
2022-01-21,4135.0,-1702.0,965.0,100,437.98,455.0,1,9.65,0.0,SPY220121P00455000,455.0,0,0.0,0.0,,0.0,expirationDay
2022-01-24,4135.0,-1516.0,0.0,100,439.84,455.0,0,0.0,0.0,,0.0,0,0.0,0.0,,0.0,bidTooLow
2022-01-25,4135.0,-2053.0,0.0,100,434.47,455.0,0,0.0,0.0,,0.0,0,0.0,0.0,,0.0,bidTooLow
2022-01-26,4135.0,-2162.0,0.0,100,433.38,455.0,0,0.0,0.0,,0.0,0,0.0,0.0,,0.0,bidTooLow
2022-01-27,4135.0,-2376.0,0.0,100,431.24,455.0,0,0.0,0.0,,0.0,0,0.0,0.0,,0.0,bidTooLow
2022-01-28,4135.0,-1305.0,0.0,100,441.95,455.0,0,0.0,0.0,,0.0,0,0.0,0.0,,0.0,bidTooLow
2022-01-31,4135.0,-509.0,0.0,100,449.91,455.0,0,0.0,0.0,,0.0,0,0.0,0.0,,0.0,bidTooLow
2022-02-01,4135.0,-208.0,0.0,100,452.95,455.0,0,0.0,0.0,,0.0,1,0.01,0.04,SPY220204C00471000,471.0,normalDay
2022-02-02,4135.0,233.0,0.0,100,457.35,455.0,0,0.0,0.0,,0.0,1,0.01,0.03,SPY220204C00471000,471.0,normalDay
2022-02-03,4135.0,-840.0,0.0,100,446.6,455.0,0,0.0,0.0,,0.0,1,0.01,0.01,SPY220204C00471000,471.0,normalDay
2022-02-04,4136.0,-630.0,1.0,100,448.7,455.0,0,0.0,0.0,,0.0,1,0.01,0.0,SPY220204C00471000,471.0,expirationDay
2022-02-07,4136.0,-774.0,0.0,100,447.26,455.0,0,0.0,0.0,,0.0,0,0.0,0.0,,0.0,bidTooLow
2022-02-08,4136.0,-409.0,0.0,100,450.94,455.0,0,0.0,0.0,,0.0,1,0.17,0.2,SPY220211C00463000,463.0,normalDay
2022-02-09,4136.0,192.0,0.0,100,457.54,455.0,0,0.0,0.0,,0.0,1,0.17,0.79,SPY220211C00463000,463.0,normalDay
2022-02-10,4136.0,-554.0,0.0,100,449.32,455.0,0,0.0,0.0,,0.0,1,0.17,0.03,SPY220211C00463000,463.0,normalDay
2022-02-11,4153.0,-1454.0,17.0,100,440.46,455.0,0,0.0,0.0,,0.0,1,0.17,0.0,SPY220211C00463000,463.0,expirationDay
2022-02-14,4153.0,-1601.0,0.0,100,439.02,455.0,0,0.0,0.0,,0.0,1,0.06,0.09,SPY220216C00455000,455.0,normalDay
2022-02-15,4153.0,-891.0,0.0,100,446.1,455.0,0,0.0,0.0,,0.0,1,0.06,0.07,SPY220216C00455000,455.0,normalDay
2022-02-16,4159.0,-840.0,6.0,100,446.6,455.0,0,0.0,0.0,,0.0,1,0.06,0.0,SPY220216C00455000,455.0,expirationDay
2022-02-17,4159.0,-1794.0,0.0,100,437.06,455.0,0,0.0,0.0,,0.0,0,0.0,0.0,,0.0,bidTooLow
2022-02-18,4159.0,-2077.0,0.0,100,434.23,455.0,0,0.0,0.0,,0.0,0,0.0,0.0,,0.0,bidTooLow
2022-02-22,4159.0,-2546.0,0.0,100,429.57,455.0,0,0.0,0.0,,0.0,1,0.02,0.05,SPY220225C00453000,453.0,normalDay
2022-02-23,4159.0,-3305.0,0.0,100,421.95,455.0,0,0.0,0.0,,0.0,1,0.02,0.02,SPY220225C00453000,453.0,normalDay
2022-02-24,4159.0,-2670.0,0.0,100,428.3,455.0,0,0.0,0.0,,0.0,1,0.02,0.02,SPY220225C00453000,453.0,normalDay
2022-02-25,4161.0,-1725.0,2.0,100,437.75,455.0,0,0.0,0.0,,0.0,1,0.02,0.0,SPY220225C00453000,453.0,expirationDay
2022-02-28,4161.0,-1840.0,0.0,100,436.63,455.0,0,0.0,0.0,,0.0,1,0.05,0.08,SPY220302C00454000,454.0,normalDay
2022-03-01,4161.0,-2499.0,0.0,100,429.98,455.0,0,0.0,0.0,,0.0,1,0.05,0.02,SPY220302C00454000,454.0,normalDay
2022-03-02,4166.0,-1711.0,5.0,100,437.89,455.0,0,0.0,0.0,,0.0,1,0.05,0.0,SPY220302C00454000,454.0,expirationDay
2022-03-03,4166.0,-1929.0,0.0,100,435.71,455.0,0,0.0,0.0,,0.0,0,0.0,0.0,,0.0,bidTooLow
2022-03-04,4166.0,-2283.0,0.0,100,432.17,455.0,0,0.0,0.0,,0.0,0,0.0,0.0,,0.0,bidTooLow
2022-03-07,4166.0,-3557.0,0.0,100,419.43,455.0,0,0.0,0.0,,0.0,0,0.0,0.0,,0.0,bidTooLow
2022-03-08,4166.0,-3878.0,0.0,100,416.25,455.0,0,0.0,0.0,,0.0,1,0.01,0.04,SPY220311C00448000,448.0,normalDay
2022-03-09,4166.0,-2763.0,0.0,100,427.41,455.0,0,0.0,0.0,,0.0,1,0.01,0.05,SPY220311C00448000,448.0,normalDay
2022-03-10,4166.0,-2952.0,0.0,100,425.48,455.0,0,0.0,0.0,,0.0,1,0.01,0.01,SPY220311C00448000,448.0,normalDay
2022-03-11,4167.0,-3493.0,1.0,100,420.07,455.0,0,0.0,0.0,,0.0,1,0.01,0.0,SPY220311C00448000,448.0,expirationDay
2022-03-14,4167.0,-3803.0,0.0,100,417.0,455.0,0,0.0,0.0,,0.0,1,0.02,0.05,SPY220316C00441000,441.0,normalDay
2022-03-15,4167.0,-2886.0,0.0,100,426.17,455.0,0,0.0,0.0,,0.0,1,0.02,0.05,SPY220316C00441000,441.0,normalDay
2022-03-16,4169.0,-1938.0,2.0,100,435.62,455.0,0,0.0,0.0,,0.0,1,0.02,0.0,SPY220316C00441000,441.0,expirationDay
2022-03-17,4169.0,-1399.0,0.0,100,441.07,455.0,0,0.0,0.0,,0.0,1,2.83,2.89,SPY220318C00438000,438.0,normalDay
2022-03-18,2752.0,-1399.0,-1417.0,0,444.52,0.0,0,0.0,0.0,,0.0,1,2.83,0.0,SPY220318C00438000,438.0,expirationDay
2022-03-21,2752.0,-5.0,0.0,0,444.39,0.0,1,2.64,2.69,SPY220429P00400000,400.0,0,0.0,0.0,,0.0,normalDay
2022-03-22,2752.0,51.0,0.0,0,449.59,0.0,1,2.64,2.13,SPY220429P00400000,400.0,0,0.0,0.0,,0.0,normalDay
2022-03-23,2752.0,13.0,0.0,0,443.8,0.0,1,2.64,2.51,SPY220429P00400000,400.0,0,0.0,0.0,,0.0,normalDay
2022-03-24,2752.0,97.0,0.0,0,450.49,0.0,1,2.64,1.67,SPY220429P00400000,400.0,0,0.0,0.0,,0.0,normalDay
2022-03-25,2752.0,121.0,0.0,0,452.69,0.0,1,2.64,1.43,SPY220429P00400000,400.0,0,0.0,0.0,,0.0,normalDay
2022-03-28,2752.0,166.0,0.0,0,455.91,0.0,1,2.64,0.98,SPY220429P00400000,400.0,0,0.0,0.0,,0.0,normalDay
2022-03-29,2752.0,192.0,0.0,0,461.55,0.0,1,2.64,0.72,SPY220429P00400000,400.0,0,0.0,0.0,,0.0,normalDay
2022-03-30,2752.0,191.0,0.0,0,458.7,0.0,1,2.64,0.73,SPY220429P00400000,400.0,0,0.0,0.0,,0.0,normalDay
2022-03-31,2752.0,167.0,0.0,0,451.64,0.0,1,2.64,0.97,SPY220429P00400000,400.0,0,0.0,0.0,,0.0,normalDay
2022-04-01,2752.0,188.0,0.0,0,452.92,0.0,1,2.64,0.76,SPY220429P00400000,400.0,0,0.0,0.0,,0.0,normalDay
2022-04-04,2752.0,217.0,0.0,0,456.8,0.0,1,2.64,0.47,SPY220429P00400000,400.0,0,0.0,0.0,,0.0,normalDay
2022-04-05,2752.0,189.0,0.0,0,451.03,0.0,1,2.64,0.75,SPY220429P00400000,400.0,0,0.0,0.0,,0.0,normalDay
2022-04-06,2752.0,176.0,0.0,0,446.52,0.0,1,2.64,0.88,SPY220429P00400000,400.0,0,0.0,0.0,,0.0,normalDay
2022-04-07,2752.0,191.0,0.0,0,448.77,0.0,1,2.64,0.73,SPY220429P00400000,400.0,0,0.0,0.0,,0.0,normalDay
2022-04-08,2752.0,198.0,0.0,0,447.57,0.0,1,2.64,0.66,SPY220429P00400000,400.0,0,0.0,0.0,,0.0,normalDay
2022-04-11,2752.0,154.0,0.0,0,439.92,0.0,1,2.64,1.1,SPY220429P00400000,400.0,0,0.0,0.0,,0.0,normalDay
2022-04-12,2752.0,152.0,0.0,0,438.29,0.0,1,2.64,1.12,SPY220429P00400000,400.0,0,0.0,0.0,,0.0,normalDay
2022-04-13,2752.0,212.0,0.0,0,443.31,0.0,1,2.64,0.52,SPY220429P00400000,400.0,0,0.0,0.0,,0.0,normalDay
2022-04-14,2752.0,206.0,0.0,0,437.79,0.0,1,2.64,0.58,SPY220429P00400000,400.0,0,0.0,0.0,,0.0,normalDay
2022-04-18,2752.0,236.0,0.0,0,437.97,0.0,1,2.64,0.28,SPY220429P00400000,400.0,0,0.0,0.0,,0.0,normalDay
2022-04-19,2752.0,241.0,0.0,0,445.04,0.0,1,2.64,0.23,SPY220429P00400000,400.0,0,0.0,0.0,,0.0,normalDay
2022-04-20,2752.0,249.0,0.0,0,444.71,0.0,1,2.64,0.15,SPY220429P00400000,400.0,0,0.0,0.0,,0.0,normalDay
2022-04-21,2752.0,239.0,0.0,0,438.06,0.0,1,2.64,0.25,SPY220429P00400000,400.0,0,0.0,0.0,,0.0,normalDay
2022-04-22,2752.0,179.0,0.0,0,426.04,0.0,1,2.64,0.85,SPY220429P00400000,400.0,0,0.0,0.0,,0.0,normalDay
2022-04-25,2752.0,241.0,0.0,0,428.51,0.0,1,2.64,0.23,SPY220429P00400000,400.0,0,0.0,0.0,,0.0,normalDay
2022-04-26,2752.0,130.0,0.0,0,416.1,0.0,1,2.64,1.34,SPY220429P00400000,400.0,0,0.0,0.0,,0.0,normalDay
2022-04-27,2752.0,223.0,0.0,0,417.27,0.0,1,2.64,0.41,SPY220429P00400000,400.0,0,0.0,0.0,,0.0,normalDay
2022-04-28,2752.0,257.0,0.0,0,427.81,0.0,1,2.64,0.07,SPY220429P00400000,400.0,0,0.0,0.0,,0.0,normalDay
2022-04-29,3016.0,0.0,264.0,0,412.0,0.0,1,2.64,0.0,SPY220429P00400000,400.0,0,0.0,0.0,,0.0,expirationDay
2022-05-02,3016.0,-5.0,0.0,0,414.48,0.0,1,8.15,8.2,SPY220617P00390000,390.0,0,0.0,0.0,,0.0,normalDay
2022-05-03,3016.0,132.0,0.0,0,416.38,0.0,1,8.15,6.83,SPY220617P00390000,390.0,0,0.0,0.0,,0.0,normalDay
2022-05-04,3016.0,403.0,0.0,0,429.06,0.0,1,8.15,4.12,SPY220617P00390000,390.0,0,0.0,0.0,,0.0,normalDay
2022-05-05,3016.0,3.0,0.0,0,413.81,0.0,1,8.15,8.12,SPY220617P00390000,390.0,0,0.0,0.0,,0.0,normalDay
2022-05-06,3016.0,-28.0,0.0,0,411.34,0.0,1,8.15,8.43,SPY220617P00390000,390.0,0,0.0,0.0,,0.0,normalDay
2022-05-09,3016.0,-438.0,0.0,0,398.17,0.0,1,8.15,12.53,SPY220617P00390000,390.0,0,0.0,0.0,,0.0,normalDay
2022-05-10,3016.0,-362.0,0.0,0,399.09,0.0,1,8.15,11.77,SPY220617P00390000,390.0,0,0.0,0.0,,0.0,normalDay
2022-05-11,3016.0,-556.0,0.0,0,392.75,0.0,1,8.15,13.71,SPY220617P00390000,390.0,0,0.0,0.0,,0.0,normalDay
2022-05-12,3016.0,-564.0,0.0,0,392.34,0.0,1,8.15,13.79,SPY220617P00390000,390.0,0,0.0,0.0,,0.0,normalDay
2022-05-13,3016.0,-133.0,0.0,0,401.72,0.0,1,8.15,9.48,SPY220617P00390000,390.0,0,0.0,0.0,,0.0,normalDay
2022-05-16,3016.0,-80.0,0.0,0,400.09,0.0,1,8.15,8.95,SPY220617P00390000,390.0,0,0.0,0.0,,0.0,normalDay
2022-05-17,3016.0,222.0,0.0,0,408.32,0.0,1,8.15,5.93,SPY220617P00390000,390.0,0,0.0,0.0,,0.0,normalDay
2022-05-18,3016.0,-465.0,0.0,0,391.86,0.0,1,8.15,12.8,SPY220617P00390000,390.0,0,0.0,0.0,,0.0,normalDay
2022-05-19,3016.0,-472.0,0.0,0,389.46,0.0,1,8.15,12.87,SPY220617P00390000,390.0,0,0.0,0.0,,0.0,normalDay
2022-05-20,3016.0,-446.0,0.0,0,389.63,0.0,1,8.15,12.61,SPY220617P00390000,390.0,0,0.0,0.0,,0.0,normalDay
2022-05-23,3016.0,-50.0,0.0,0,396.92,0.0,1,8.15,8.65,SPY220617P00390000,390.0,0,0.0,0.0,,0.0,normalDay
2022-05-24,3016.0,-168.0,0.0,0,393.89,0.0,1,8.15,9.83,SPY220617P00390000,390.0,0,0.0,0.0,,0.0,normalDay
2022-05-25,3016.0,-15.0,0.0,0,397.37,0.0,1,8.15,8.3,SPY220617P00390000,390.0,0,0.0,0.0,,0.0,normalDay
2022-05-26,3016.0,279.0,0.0,0,405.31,0.0,1,8.15,5.36,SPY220617P00390000,390.0,0,0.0,0.0,,0.0,normalDay
2022-05-27,3016.0,537.0,0.0,0,415.26,0.0,1,8.15,2.78,SPY220617P00390000,390.0,0,0.0,0.0,,0.0,normalDay
2022-05-31,3016.0,525.0,0.0,0,412.93,0.0,1,8.15,2.9,SPY220617P00390000,390.0,0,0.0,0.0,,0.0,normalDay
2022-06-01,3016.0,515.0,0.0,0,409.59,0.0,1,8.15,3.0,SPY220617P00390000,390.0,0,0.0,0.0,,0.0,normalDay
2022-06-02,3016.0,664.0,0.0,0,417.39,0.0,1,8.15,1.51,SPY220617P00390000,390.0,0,0.0,0.0,,0.0,normalDay
2022-06-03,3016.0,596.0,0.0,0,410.54,0.0,1,8.15,2.19,SPY220617P00390000,390.0,0,0.0,0.0,,0.0,normalDay
2022-06-06,3016.0,650.0,0.0,0,411.79,0.0,1,8.15,1.65,SPY220617P00390000,390.0,0,0.0,0.0,,0.0,normalDay
2022-06-07,3016.0,719.0,0.0,0,415.74,0.0,1,8.15,0.96,SPY220617P00390000,390.0,0,0.0,0.0,,0.0,normalDay
2022-06-08,3016.0,705.0,0.0,0,411.22,0.0,1,8.15,1.1,SPY220617P00390000,390.0,0,0.0,0.0,,0.0,normalDay
2022-06-09,3016.0,512.0,0.0,0,401.44,0.0,1,8.15,3.03,SPY220617P00390000,390.0,0,0.0,0.0,,0.0,normalDay
2022-06-10,3016.0,121.0,0.0,0,389.8,0.0,1,8.15,6.94,SPY220617P00390000,390.0,0,0.0,0.0,,0.0,normalDay
2022-06-13,3016.0,-988.0,0.0,0,375.0,0.0,1,8.15,18.03,SPY220617P00390000,390.0,0,0.0,0.0,,0.0,normalDay
2022-06-14,3016.0,-1119.0,0.0,0,373.87,0.0,1,8.15,19.34,SPY220617P00390000,390.0,0,0.0,0.0,,0.0,normalDay
2022-06-15,3016.0,-518.0,0.0,0,379.2,0.0,1,8.15,13.33,SPY220617P00390000,390.0,0,0.0,0.0,,0.0,normalDay
2022-06-16,3016.0,-1627.0,0.0,0,366.65,0.0,1,8.15,24.42,SPY220617P00390000,390.0,0,0.0,0.0,,0.0,normalDay
2022-06-17,3831.0,-2414.0,815.0,100,365.86,390.0,1,8.15,0.0,SPY220617P00390000,390.0,0,0.0,0.0,,0.0,expirationDay
2022-06-21,3831.0,-1493.0,0.0,100,375.07,390.0,0,0.0,0.0,,0.0,0,0.0,0.0,,0.0,bidTooLow
2022-06-22,3831.0,-1561.0,0.0,100,374.39,390.0,0,0.0,0.0,,0.0,0,0.0,0.0,,0.0,bidTooLow
2022-06-23,3831.0,-1194.0,0.0,100,378.06,390.0,0,0.0,0.0,,0.0,0,0.0,0.0,,0.0,bidTooLow
2022-06-24,3831.0,8.0,0.0,100,390.08,390.0,0,0.0,0.0,,0.0,0,0.0,0.0,,0.0,bidTooLow
2022-06-27,3831.0,-144.0,0.0,100,388.59,390.0,0,0.0,0.0,,0.0,1,0.04,0.07,SPY220630C00414000,414.0,normalDay
2022-06-28,3831.0,-933.0,0.0,100,380.65,390.0,0,0.0,0.0,,0.0,1,0.04,0.02,SPY220630C00414000,414.0,normalDay
2022-06-29,3831.0,-963.0,0.0,100,380.34,390.0,0,0.0,0.0,,0.0,1,0.04,0.01,SPY220630C00414000,414.0,normalDay
2022-06-30,3835.0,-1275.0,4.0,100,377.25,390.0,0,0.0,0.0,,0.0,1,0.04,0.0,SPY220630C00414000,414.0,expirationDay
2022-07-01,3835.0,-876.0,0.0,100,381.24,390.0,0,0.0,0.0,,0.0,0,0.0,0.0,,0.0,bidTooLow
2022-07-05,3835.0,-807.0,0.0,100,381.96,390.0,0,0.0,0.0,,0.0,1,0.03,0.06,SPY220708C00401000,401.0,normalDay
2022-07-06,3835.0,-675.0,0.0,100,383.25,390.0,0,0.0,0.0,,0.0,1,0.03,0.03,SPY220708C00401000,401.0,normalDay
2022-07-07,3835.0,-101.0,0.0,100,388.99,390.0,0,0.0,0.0,,0.0,1,0.03,0.03,SPY220708C00401000,401.0,normalDay
2022-07-08,3838.0,-133.0,3.0,100,388.67,390.0,0,0.0,0.0,,0.0,1,0.03,0.0,SPY220708C00401000,401.0,expirationDay
2022-07-11,3838.0,-581.0,0.0,100,384.23,390.0,0,0.0,0.0,,0.0,1,1.75,1.79,SPY220713C00388000,388.0,normalDay
2022-07-12,3838.0,-797.0,0.0,100,380.83,390.0,0,0.0,0.0,,0.0,1,1.75,0.55,SPY220713C00388000,388.0,normalDay
2022-07-13,4013.0,-1117.0,175.0,100,378.83,390.0,0,0.0,0.0,,0.0,1,1.75,0.0,SPY220713C00388000,388.0,expirationDay
2022-07-14,4013.0,-1212.0,0.0,100,377.91,390.0,0,0.0,0.0,,0.0,1,0.08,0.11,SPY220715C00387500,387.5,normalDay
2022-07-15,4021.0,-487.0,8.0,100,385.13,390.0,0,0.0,0.0,,0.0,1,0.08,0.0,SPY220715C00387500,387.5,expirationDay
2022-07-18,4021.0,-808.0,0.0,100,381.95,390.0,0,0.0,0.0,,0.0,1,0.59,0.62,SPY220720C00388000,388.0,normalDay
2022-07-19,4021.0,-261.0,0.0,100,392.27,390.0,0,0.0,0.0,,0.0,1,0.59,5.47,SPY220720C00388000,388.0,normalDay
2022-07-20,3880.0,-261.0,-141.0,0,394.77,0.0,0,0.0,0.0,,0.0,1,0.59,0.0,SPY220720C00388000,388.0,expirationDay
2022-07-21,3880.0,-5.0,0.0,0,398.79,0.0,1,3.18,3.23,SPY220902P00365000,365.0,0,0.0,0.0,,0.0,normalDay
2022-07-22,3880.0,-39.0,0.0,0,395.09,0.0,1,3.18,3.57,SPY220902P00365000,365.0,0,0.0,0.0,,0.0,normalDay
2022-07-25,3880.0,10.0,0.0,0,395.57,0.0,1,3.18,3.08,SPY220902P00365000,365.0,0,0.0,0.0,,0.0,normalDay
2022-07-26,3880.0,-70.0,0.0,0,390.89,0.0,1,3.18,3.88,SPY220902P00365000,365.0,0,0.0,0.0,,0.0,normalDay
2022-07-27,3880.0,76.0,0.0,0,401.04,0.0,1,3.18,2.42,SPY220902P00365000,365.0,0,0.0,0.0,,0.0,normalDay
2022-07-28,3880.0,162.0,0.0,0,406.07,0.0,1,3.18,1.56,SPY220902P00365000,365.0,0,0.0,0.0,,0.0,normalDay
2022-07-29,3880.0,206.0,0.0,0,411.99,0.0,1,3.18,1.12,SPY220902P00365000,365.0,0,0.0,0.0,,0.0,normalDay
2022-08-01,3880.0,194.0,0.0,0,410.77,0.0,1,3.18,1.24,SPY220902P00365000,365.0,0,0.0,0.0,,0.0,normalDay
2022-08-02,3880.0,165.0,0.0,0,408.06,0.0,1,3.18,1.53,SPY220902P00365000,365.0,0,0.0,0.0,,0.0,normalDay
2022-08-03,3880.0,234.0,0.0,0,414.45,0.0,1,3.18,0.84,SPY220902P00365000,365.0,0,0.0,0.0,,0.0,normalDay
2022-08-04,3880.0,243.0,0.0,0,414.17,0.0,1,3.18,0.75,SPY220902P00365000,365.0,0,0.0,0.0,,0.0,normalDay
2022-08-05,3880.0,245.0,0.0,0,413.47,0.0,1,3.18,0.73,SPY220902P00365000,365.0,0,0.0,0.0,,0.0,normalDay
2022-08-08,3880.0,255.0,0.0,0,412.99,0.0,1,3.18,0.63,SPY220902P00365000,365.0,0,0.0,0.0,,0.0,normalDay
2022-08-09,3880.0,250.0,0.0,0,411.35,0.0,1,3.18,0.68,SPY220902P00365000,365.0,0,0.0,0.0,,0.0,normalDay
2022-08-10,3880.0,284.0,0.0,0,419.99,0.0,1,3.18,0.34,SPY220902P00365000,365.0,0,0.0,0.0,,0.0,normalDay
2022-08-11,3880.0,284.0,0.0,0,419.99,0.0,1,3.18,0.34,SPY220902P00365000,365.0,0,0.0,0.0,,0.0,normalDay
2022-08-12,3880.0,295.0,0.0,0,427.1,0.0,1,3.18,0.23,SPY220902P00365000,365.0,0,0.0,0.0,,0.0,normalDay
2022-08-15,3880.0,301.0,0.0,0,428.86,0.0,1,3.18,0.17,SPY220902P00365000,365.0,0,0.0,0.0,,0.0,normalDay
2022-08-16,3880.0,303.0,0.0,0,429.7,0.0,1,3.18,0.15,SPY220902P00365000,365.0,0,0.0,0.0,,0.0,normalDay
2022-08-17,3880.0,305.0,0.0,0,426.65,0.0,1,3.18,0.13,SPY220902P00365000,365.0,0,0.0,0.0,,0.0,normalDay
2022-08-18,3880.0,307.0,0.0,0,427.89,0.0,1,3.18,0.11,SPY220902P00365000,365.0,0,0.0,0.0,,0.0,normalDay
2022-08-19,3880.0,306.0,0.0,0,422.14,0.0,1,3.18,0.12,SPY220902P00365000,365.0,0,0.0,0.0,,0.0,normalDay
2022-08-22,3880.0,301.0,0.0,0,413.35,0.0,1,3.18,0.17,SPY220902P00365000,365.0,0,0.0,0.0,,0.0,normalDay
2022-08-23,3880.0,301.0,0.0,0,412.35,0.0,1,3.18,0.17,SPY220902P00365000,365.0,0,0.0,0.0,,0.0,normalDay
2022-08-24,3880.0,310.0,0.0,0,413.67,0.0,1,3.18,0.08,SPY220902P00365000,365.0,0,0.0,0.0,,0.0,normalDay
2022-08-25,3880.0,313.0,0.0,0,419.51,0.0,1,3.18,0.05,SPY220902P00365000,365.0,0,0.0,0.0,,0.0,normalDay
2022-08-26,3880.0,302.0,0.0,0,405.31,0.0,1,3.18,0.16,SPY220902P00365000,365.0,0,0.0,0.0,,0.0,normalDay
2022-08-29,3880.0,313.0,0.0,0,402.63,0.0,1,3.18,0.05,SPY220902P00365000,365.0,0,0.0,0.0,,0.0,normalDay
2022-08-30,3880.0,314.0,0.0,0,398.21,0.0,1,3.18,0.04,SPY220902P00365000,365.0,0,0.0,0.0,,0.0,normalDay
2022-08-31,3880.0,316.0,0.0,0,395.18,0.0,1,3.18,0.02,SPY220902P00365000,365.0,0,0.0,0.0,,0.0,normalDay
2022-09-01,3880.0,316.0,0.0,0,396.42,0.0,1,3.18,0.02,SPY220902P00365000,365.0,0,0.0,0.0,,0.0,normalDay
2022-09-02,4198.0,0.0,318.0,0,392.24,0.0,1,3.18,0.0,SPY220902P00365000,365.0,0,0.0,0.0,,0.0,expirationDay
2022-09-06,4198.0,-5.0,0.0,0,390.76,0.0,1,5.86,5.91,SPY221021P00367000,367.0,0,0.0,0.0,,0.0,normalDay
2022-09-07,4198.0,188.0,0.0,0,397.78,0.0,1,5.86,3.98,SPY221021P00367000,367.0,0,0.0,0.0,,0.0,normalDay
2022-09-08,4198.0,274.0,0.0,0,400.38,0.0,1,5.86,3.12,SPY221021P00367000,367.0,0,0.0,0.0,,0.0,normalDay
2022-09-09,4198.0,353.0,0.0,0,406.6,0.0,1,5.86,2.33,SPY221021P00367000,367.0,0,0.0,0.0,,0.0,normalDay
2022-09-12,4198.0,398.0,0.0,0,410.97,0.0,1,5.86,1.88,SPY221021P00367000,367.0,0,0.0,0.0,,0.0,normalDay
2022-09-13,4198.0,147.0,0.0,0,393.1,0.0,1,5.86,4.39,SPY221021P00367000,367.0,0,0.0,0.0,,0.0,normalDay
2022-09-14,4198.0,182.0,0.0,0,394.6,0.0,1,5.86,4.04,SPY221021P00367000,367.0,0,0.0,0.0,,0.0,normalDay
2022-09-15,4198.0,139.0,0.0,0,390.12,0.0,1,5.86,4.47,SPY221021P00367000,367.0,0,0.0,0.0,,0.0,normalDay
2022-09-16,4198.0,84.0,0.0,0,385.56,0.0,1,5.86,5.02,SPY221021P00367000,367.0,0,0.0,0.0,,0.0,normalDay
2022-09-19,4198.0,179.0,0.0,0,388.55,0.0,1,5.86,4.07,SPY221021P00367000,367.0,0,0.0,0.0,,0.0,normalDay
2022-09-20,4198.0,65.0,0.0,0,384.09,0.0,1,5.86,5.21,SPY221021P00367000,367.0,0,0.0,0.0,,0.0,normalDay
2022-09-21,4198.0,-127.0,0.0,0,377.39,0.0,1,5.86,7.13,SPY221021P00367000,367.0,0,0.0,0.0,,0.0,normalDay
2022-09-22,4198.0,-163.0,0.0,0,374.22,0.0,1,5.86,7.49,SPY221021P00367000,367.0,0,0.0,0.0,,0.0,normalDay
2022-09-23,4198.0,-474.0,0.0,0,367.95,0.0,1,5.86,10.6,SPY221021P00367000,367.0,0,0.0,0.0,,0.0,normalDay
2022-09-26,4198.0,-687.0,0.0,0,364.31,0.0,1,5.86,12.73,SPY221021P00367000,367.0,0,0.0,0.0,,0.0,normalDay
2022-09-27,4198.0,-689.0,0.0,0,363.38,0.0,1,5.86,12.75,SPY221021P00367000,367.0,0,0.0,0.0,,0.0,normalDay
2022-09-28,4198.0,-286.0,0.0,0,370.53,0.0,1,5.86,8.72,SPY221021P00367000,367.0,0,0.0,0.0,,0.0,normalDay
2022-09-29,4198.0,-624.0,0.0,0,362.79,0.0,1,5.86,12.1,SPY221021P00367000,367.0,0,0.0,0.0,,0.0,normalDay
2022-09-30,4198.0,-839.0,0.0,0,357.18,0.0,1,5.86,14.25,SPY221021P00367000,367.0,0,0.0,0.0,,0.0,normalDay
2022-10-03,4198.0,-291.0,0.0,0,366.61,0.0,1,5.86,8.77,SPY221021P00367000,367.0,0,0.0,0.0,,0.0,normalDay
2022-10-04,4198.0,122.0,0.0,0,377.97,0.0,1,5.86,4.64,SPY221021P00367000,367.0,0,0.0,0.0,,0.0,normalDay
2022-10-05,4198.0,149.0,0.0,0,377.09,0.0,1,5.86,4.37,SPY221021P00367000,367.0,0,0.0,0.0,,0.0,normalDay
2022-10-06,4198.0,3.0,0.0,0,373.2,0.0,1,5.86,5.83,SPY221021P00367000,367.0,0,0.0,0.0,,0.0,normalDay
2022-10-07,4198.0,-437.0,0.0,0,362.79,0.0,1,5.86,10.23,SPY221021P00367000,367.0,0,0.0,0.0,,0.0,normalDay
2022-10-10,4198.0,-535.0,0.0,0,360.02,0.0,1,5.86,11.21,SPY221021P00367000,367.0,0,0.0,0.0,,0.0,normalDay
2022-10-11,4198.0,-697.0,0.0,0,357.74,0.0,1,5.86,12.83,SPY221021P00367000,367.0,0,0.0,0.0,,0.0,normalDay
2022-10-12,4198.0,-770.0,0.0,0,356.56,0.0,1,5.86,13.56,SPY221021P00367000,367.0,0,0.0,0.0,,0.0,normalDay
2022-10-13,4198.0,-113.0,0.0,0,365.97,0.0,1,5.86,6.99,SPY221021P00367000,367.0,0,0.0,0.0,,0.0,normalDay
2022-10-14,4198.0,-536.0,0.0,0,357.63,0.0,1,5.86,11.22,SPY221021P00367000,367.0,0,0.0,0.0,,0.0,normalDay
2022-10-17,4198.0,117.0,0.0,0,366.82,0.0,1,5.86,4.69,SPY221021P00367000,367.0,0,0.0,0.0,,0.0,normalDay
2022-10-18,4198.0,361.0,0.0,0,371.13,0.0,1,5.86,2.25,SPY221021P00367000,367.0,0,0.0,0.0,,0.0,normalDay
2022-10-19,4198.0,307.0,0.0,0,368.5,0.0,1,5.86,2.79,SPY221021P00367000,367.0,0,0.0,0.0,,0.0,normalDay
2022-10-20,4198.0,290.0,0.0,0,365.41,0.0,1,5.86,2.96,SPY221021P00367000,367.0,0,0.0,0.0,,0.0,normalDay
2022-10-21,4784.0,0.0,586.0,0,374.29,0.0,1,5.86,0.0,SPY221021P00367000,367.0,0,0.0,0.0,,0.0,expirationDay
2022-10-24,4784.0,-3.0,0.0,0,378.87,0.0,1,4.67,4.7,SPY221216P00342000,342.0,0,0.0,0.0,,0.0,normalDay
2022-10-25,4784.0,94.0,0.0,0,384.92,0.0,1,4.67,3.73,SPY221216P00342000,342.0,0,0.0,0.0,,0.0,normalDay
2022-10-26,4784.0,126.0,0.0,0,382.02,0.0,1,4.67,3.41,SPY221216P00342000,342.0,0,0.0,0.0,,0.0,normalDay
2022-10-27,4784.0,52.0,0.0,0,379.98,0.0,1,4.67,4.15,SPY221216P00342000,342.0,0,0.0,0.0,,0.0,normalDay
2022-10-28,4784.0,226.0,0.0,0,389.02,0.0,1,4.67,2.41,SPY221216P00342000,342.0,0,0.0,0.0,,0.0,normalDay
2022-10-31,4784.0,228.0,0.0,0,386.21,0.0,1,4.67,2.39,SPY221216P00342000,342.0,0,0.0,0.0,,0.0,normalDay
2022-11-01,4784.0,223.0,0.0,0,384.52,0.0,1,4.67,2.44,SPY221216P00342000,342.0,0,0.0,0.0,,0.0,normalDay
2022-11-02,4784.0,116.0,0.0,0,374.87,0.0,1,4.67,3.51,SPY221216P00342000,342.0,0,0.0,0.0,,0.0,normalDay
2022-11-03,4784.0,97.0,0.0,0,371.01,0.0,1,4.67,3.7,SPY221216P00342000,342.0,0,0.0,0.0,,0.0,normalDay
2022-11-04,4784.0,187.0,0.0,0,376.35,0.0,1,4.67,2.8,SPY221216P00342000,342.0,0,0.0,0.0,,0.0,normalDay
2022-11-07,4784.0,257.0,0.0,0,379.95,0.0,1,4.67,2.1,SPY221216P00342000,342.0,0,0.0,0.0,,0.0,normalDay
2022-11-08,4784.0,241.0,0.0,0,382.0,0.0,1,4.67,2.26,SPY221216P00342000,342.0,0,0.0,0.0,,0.0,normalDay
2022-11-09,4784.0,168.0,0.0,0,374.13,0.0,1,4.67,2.99,SPY221216P00342000,342.0,0,0.0,0.0,,0.0,normalDay
2022-11-10,4784.0,371.0,0.0,0,394.69,0.0,1,4.67,0.96,SPY221216P00342000,342.0,0,0.0,0.0,,0.0,normalDay
2022-11-11,4784.0,386.0,0.0,0,398.51,0.0,1,4.67,0.81,SPY221216P00342000,342.0,0,0.0,0.0,,0.0,normalDay
2022-11-14,4784.0,383.0,0.0,0,395.12,0.0,1,4.67,0.84,SPY221216P00342000,342.0,0,0.0,0.0,,0.0,normalDay
2022-11-15,4784.0,391.0,0.0,0,398.49,0.0,1,4.67,0.76,SPY221216P00342000,342.0,0,0.0,0.0,,0.0,normalDay
2022-11-16,4784.0,391.0,0.0,0,395.45,0.0,1,4.67,0.76,SPY221216P00342000,342.0,0,0.0,0.0,,0.0,normalDay
2022-11-17,4784.0,398.0,0.0,0,394.24,0.0,1,4.67,0.69,SPY221216P00342000,342.0,0,0.0,0.0,,0.0,normalDay
2022-11-18,4784.0,413.0,0.0,0,396.03,0.0,1,4.67,0.54,SPY221216P00342000,342.0,0,0.0,0.0,,0.0,normalDay
2022-11-21,4784.0,426.0,0.0,0,394.59,0.0,1,4.67,0.41,SPY221216P00342000,342.0,0,0.0,0.0,,0.0,normalDay
2022-11-22,4784.0,438.0,0.0,0,399.9,0.0,1,4.67,0.29,SPY221216P00342000,342.0,0,0.0,0.0,,0.0,normalDay
2022-11-23,4784.0,444.0,0.0,0,402.42,0.0,1,4.67,0.23,SPY221216P00342000,342.0,0,0.0,0.0,,0.0,normalDay
2022-11-25,4784.0,444.0,0.0,0,402.33,0.0,1,4.67,0.23,SPY221216P00342000,342.0,0,0.0,0.0,,0.0,normalDay
2022-11-28,4784.0,440.0,0.0,0,395.91,0.0,1,4.67,0.27,SPY221216P00342000,342.0,0,0.0,0.0,,0.0,normalDay
2022-11-29,4784.0,443.0,0.0,0,395.23,0.0,1,4.67,0.24,SPY221216P00342000,342.0,0,0.0,0.0,,0.0,normalDay
2022-11-30,4784.0,454.0,0.0,0,407.68,0.0,1,4.67,0.13,SPY221216P00342000,342.0,0,0.0,0.0,,0.0,normalDay
2022-12-01,4784.0,457.0,0.0,0,407.38,0.0,1,4.67,0.1,SPY221216P00342000,342.0,0,0.0,0.0,,0.0,normalDay
2022-12-02,4784.0,458.0,0.0,0,406.91,0.0,1,4.67,0.09,SPY221216P00342000,342.0,0,0.0,0.0,,0.0,normalDay
2022-12-05,4784.0,456.0,0.0,0,399.59,0.0,1,4.67,0.11,SPY221216P00342000,342.0,0,0.0,0.0,,0.0,normalDay
2022-12-06,4784.0,450.0,0.0,0,393.83,0.0,1,4.67,0.17,SPY221216P00342000,342.0,0,0.0,0.0,,0.0,normalDay
2022-12-07,4784.0,453.0,0.0,0,393.16,0.0,1,4.67,0.14,SPY221216P00342000,342.0,0,0.0,0.0,,0.0,normalDay
2022-12-08,4784.0,457.0,0.0,0,396.24,0.0,1,4.67,0.1,SPY221216P00342000,342.0,0,0.0,0.0,,0.0,normalDay
2022-12-09,4784.0,457.0,0.0,0,393.28,0.0,1,4.67,0.1,SPY221216P00342000,342.0,0,0.0,0.0,,0.0,normalDay
2022-12-12,4784.0,460.0,0.0,0,398.95,0.0,1,4.67,0.07,SPY221216P00342000,342.0,0,0.0,0.0,,0.0,normalDay
2022-12-13,4784.0,463.0,0.0,0,401.97,0.0,1,4.67,0.04,SPY221216P00342000,342.0,0,0.0,0.0,,0.0,normalDay
2022-12-14,4784.0,464.0,0.0,0,399.4,0.0,1,4.67,0.03,SPY221216P00342000,342.0,0,0.0,0.0,,0.0,normalDay
2022-12-15,4784.0,465.0,0.0,0,389.63,0.0,1,4.67,0.02,SPY221216P00342000,342.0,0,0.0,0.0,,0.0,normalDay
2022-12-16,5251.0,0.0,467.0,0,383.27,0.0,1,4.67,0.0,SPY221216P00342000,342.0,0,0.0,0.0,,0.0,expirationDay
2022-12-19,5251.0,-5.0,0.0,0,380.02,0.0,1,6.67,6.72,SPY230127P00372000,372.0,0,0.0,0.0,,0.0,normalDay
2022-12-20,5251.0,63.0,0.0,0,380.54,0.0,1,6.67,6.04,SPY230127P00372000,372.0,0,0.0,0.0,,0.0,normalDay
2022-12-21,5251.0,261.0,0.0,0,386.23,0.0,1,6.67,4.06,SPY230127P00372000,372.0,0,0.0,0.0,,0.0,normalDay
2022-12-22,5251.0,66.0,0.0,0,380.72,0.0,1,6.67,6.01,SPY230127P00372000,372.0,0,0.0,0.0,,0.0,normalDay
2022-12-23,5251.0,160.0,0.0,0,382.91,0.0,1,6.67,5.07,SPY230127P00372000,372.0,0,0.0,0.0,,0.0,normalDay
2022-12-27,5251.0,152.0,0.0,0,381.4,0.0,1,6.67,5.15,SPY230127P00372000,372.0,0,0.0,0.0,,0.0,normalDay
2022-12-28,5251.0,-4.0,0.0,0,376.66,0.0,1,6.67,6.71,SPY230127P00372000,372.0,0,0.0,0.0,,0.0,normalDay
2022-12-29,5251.0,234.0,0.0,0,383.44,0.0,1,6.67,4.33,SPY230127P00372000,372.0,0,0.0,0.0,,0.0,normalDay
2022-12-30,5251.0,229.0,0.0,0,382.43,0.0,1,6.67,4.38,SPY230127P00372000,372.0,0,0.0,0.0,,0.0,normalDay
2023-01-03,5251.0,193.0,0.0,0,380.82,0.0,1,6.67,4.74,SPY230127P00372000,372.0,0,0.0,0.0,,0.0,normalDay
2023-01-04,5251.0,333.0,0.0,0,383.76,0.0,1,6.67,3.34,SPY230127P00372000,372.0,0,0.0,0.0,,0.0,normalDay
2023-01-05,5251.0,208.0,0.0,0,379.38,0.0,1,6.67,4.59,SPY230127P00372000,372.0,0,0.0,0.0,,0.0,normalDay
2023-01-06,5251.0,467.0,0.0,0,388.08,0.0,1,6.67,2.0,SPY230127P00372000,372.0,0,0.0,0.0,,0.0,normalDay
2023-01-09,5251.0,469.0,0.0,0,387.86,0.0,1,6.67,1.98,SPY230127P00372000,372.0,0,0.0,0.0,,0.0,normalDay
2023-01-10,5251.0,545.0,0.0,0,390.58,0.0,1,6.67,1.22,SPY230127P00372000,372.0,0,0.0,0.0,,0.0,normalDay
2023-01-11,5251.0,582.0,0.0,0,395.52,0.0,1,6.67,0.85,SPY230127P00372000,372.0,0,0.0,0.0,,0.0,normalDay
2023-01-12,5251.0,630.0,0.0,0,396.96,0.0,1,6.67,0.37,SPY230127P00372000,372.0,0,0.0,0.0,,0.0,normalDay
2023-01-13,5251.0,640.0,0.0,0,398.5,0.0,1,6.67,0.27,SPY230127P00372000,372.0,0,0.0,0.0,,0.0,normalDay
2023-01-17,5251.0,649.0,0.0,0,397.77,0.0,1,6.67,0.18,SPY230127P00372000,372.0,0,0.0,0.0,,0.0,normalDay
2023-01-18,5251.0,641.0,0.0,0,391.49,0.0,1,6.67,0.26,SPY230127P00372000,372.0,0,0.0,0.0,,0.0,normalDay
2023-01-19,5251.0,637.0,0.0,0,388.64,0.0,1,6.67,0.3,SPY230127P00372000,372.0,0,0.0,0.0,,0.0,normalDay
2023-01-20,5251.0,657.0,0.0,0,395.88,0.0,1,6.67,0.1,SPY230127P00372000,372.0,0,0.0,0.0,,0.0,normalDay
2023-01-23,5251.0,661.0,0.0,0,400.63,0.0,1,6.67,0.06,SPY230127P00372000,372.0,0,0.0,0.0,,0.0,normalDay
2023-01-24,5251.0,663.0,0.0,0,400.2,0.0,1,6.67,0.04,SPY230127P00372000,372.0,0,0.0,0.0,,0.0,normalDay
2023-01-25,5251.0,664.0,0.0,0,400.35,0.0,1,6.67,0.03,SPY230127P00372000,372.0,0,0.0,0.0,,0.0,normalDay
2023-01-26,5251.0,666.0,0.0,0,404.75,0.0,1,6.67,0.01,SPY230127P00372000,372.0,0,0.0,0.0,,0.0,normalDay
2023-01-27,5918.0,0.0,667.0,0,405.68,0.0,1,6.67,0.0,SPY230127P00372000,372.0,0,0.0,0.0,,0.0,expirationDay
2023-01-30,5918.0,-3.0,0.0,0,400.59,0.0,1,2.17,2.2,SPY230317P00366000,366.0,0,0.0,0.0,,0.0,normalDay
2023-01-31,5918.0,50.0,0.0,0,406.48,0.0,1,2.17,1.67,SPY230317P00366000,366.0,0,0.0,0.0,,0.0,normalDay
2023-02-01,5918.0,100.0,0.0,0,410.8,0.0,1,2.17,1.17,SPY230317P00366000,366.0,0,0.0,0.0,,0.0,normalDay
2023-02-02,5918.0,97.0,0.0,0,416.78,0.0,1,2.17,1.2,SPY230317P00366000,366.0,0,0.0,0.0,,0.0,normalDay
2023-02-03,5918.0,100.0,0.0,0,412.35,0.0,1,2.17,1.17,SPY230317P00366000,366.0,0,0.0,0.0,,0.0,normalDay
2023-02-06,5918.0,91.0,0.0,0,409.83,0.0,1,2.17,1.26,SPY230317P00366000,366.0,0,0.0,0.0,,0.0,normalDay
2023-02-07,5918.0,127.0,0.0,0,415.19,0.0,1,2.17,0.9,SPY230317P00366000,366.0,0,0.0,0.0,,0.0,normalDay
2023-02-08,5918.0,103.0,0.0,0,410.65,0.0,1,2.17,1.14,SPY230317P00366000,366.0,0,0.0,0.0,,0.0,normalDay
2023-02-09,5918.0,79.0,0.0,0,407.09,0.0,1,2.17,1.38,SPY230317P00366000,366.0,0,0.0,0.0,,0.0,normalDay
2023-02-10,5918.0,94.0,0.0,0,408.04,0.0,1,2.17,1.23,SPY230317P00366000,366.0,0,0.0,0.0,,0.0,normalDay
2023-02-13,5918.0,135.0,0.0,0,412.83,0.0,1,2.17,0.82,SPY230317P00366000,366.0,0,0.0,0.0,,0.0,normalDay
2023-02-14,5918.0,153.0,0.0,0,412.64,0.0,1,2.17,0.64,SPY230317P00366000,366.0,0,0.0,0.0,,0.0,normalDay
2023-02-15,5918.0,165.0,0.0,0,413.98,0.0,1,2.17,0.52,SPY230317P00366000,366.0,0,0.0,0.0,,0.0,normalDay
2023-02-16,5918.0,127.0,0.0,0,408.28,0.0,1,2.17,0.9,SPY230317P00366000,366.0,0,0.0,0.0,,0.0,normalDay
2023-02-17,5918.0,137.0,0.0,0,407.26,0.0,1,2.17,0.8,SPY230317P00366000,366.0,0,0.0,0.0,,0.0,normalDay
2023-02-21,5918.0,94.0,0.0,0,399.09,0.0,1,2.17,1.23,SPY230317P00366000,366.0,0,0.0,0.0,,0.0,normalDay
2023-02-22,5918.0,108.0,0.0,0,398.54,0.0,1,2.17,1.09,SPY230317P00366000,366.0,0,0.0,0.0,,0.0,normalDay
2023-02-23,5918.0,139.0,0.0,0,400.66,0.0,1,2.17,0.78,SPY230317P00366000,366.0,0,0.0,0.0,,0.0,normalDay
2023-02-24,5918.0,123.0,0.0,0,396.38,0.0,1,2.17,0.94,SPY230317P00366000,366.0,0,0.0,0.0,,0.0,normalDay
2023-02-27,5918.0,160.0,0.0,0,397.73,0.0,1,2.17,0.57,SPY230317P00366000,366.0,0,0.0,0.0,,0.0,normalDay
2023-02-28,5918.0,160.0,0.0,0,396.26,0.0,1,2.17,0.57,SPY230317P00366000,366.0,0,0.0,0.0,,0.0,normalDay
2023-03-01,5918.0,164.0,0.0,0,394.74,0.0,1,2.17,0.53,SPY230317P00366000,366.0,0,0.0,0.0,,0.0,normalDay
2023-03-02,5918.0,187.0,0.0,0,397.81,0.0,1,2.17,0.3,SPY230317P00366000,366.0,0,0.0,0.0,,0.0,normalDay
2023-03-03,5918.0,200.0,0.0,0,404.19,0.0,1,2.17,0.17,SPY230317P00366000,366.0,0,0.0,0.0,,0.0,normalDay
2023-03-06,5918.0,203.0,0.0,0,404.47,0.0,1,2.17,0.14,SPY230317P00366000,366.0,0,0.0,0.0,,0.0,normalDay
2023-03-07,5918.0,194.0,0.0,0,398.27,0.0,1,2.17,0.23,SPY230317P00366000,366.0,0,0.0,0.0,,0.0,normalDay
2023-03-08,5918.0,201.0,0.0,0,398.92,0.0,1,2.17,0.16,SPY230317P00366000,366.0,0,0.0,0.0,,0.0,normalDay
2023-03-09,5918.0,164.0,0.0,0,391.56,0.0,1,2.17,0.53,SPY230317P00366000,366.0,0,0.0,0.0,,0.0,normalDay
2023-03-10,5918.0,135.0,0.0,0,385.91,0.0,1,2.17,0.82,SPY230317P00366000,366.0,0,0.0,0.0,,0.0,normalDay
2023-03-13,5918.0,138.0,0.0,0,385.36,0.0,1,2.17,0.79,SPY230317P00366000,366.0,0,0.0,0.0,,0.0,normalDay
2023-03-14,5918.0,202.0,0.0,0,391.73,0.0,1,2.17,0.15,SPY230317P00366000,366.0,0,0.0,0.0,,0.0,normalDay
2023-03-15,5918.0,205.0,0.0,0,389.28,0.0,1,2.17,0.12,SPY230317P00366000,366.0,0,0.0,0.0,,0.0,normalDay
2023-03-16,5918.0,214.0,0.0,0,396.11,0.0,1,2.17,0.03,SPY230317P00366000,366.0,0,0.0,0.0,,0.0,normalDay
2023-03-17,6135.0,0.0,217.0,0,389.99,0.0,1,2.17,0.0,SPY230317P00366000,366.0,0,0.0,0.0,,0.0,expirationDay
2023-03-20,6135.0,-7.0,0.0,0,393.74,0.0,1,5.2,5.27,SPY230428P00377000,377.0,0,0.0,0.0,,0.0,normalDay
2023-03-21,6135.0,178.0,0.0,0,398.91,0.0,1,5.2,3.42,SPY230428P00377000,377.0,0,0.0,0.0,,0.0,normalDay
2023-03-22,6135.0,33.0,0.0,0,392.11,0.0,1,5.2,4.87,SPY230428P00377000,377.0,0,0.0,0.0,,0.0,normalDay
2023-03-23,6135.0,43.0,0.0,0,393.17,0.0,1,5.2,4.77,SPY230428P00377000,377.0,0,0.0,0.0,,0.0,normalDay
2023-03-24,6135.0,129.0,0.0,0,395.75,0.0,1,5.2,3.91,SPY230428P00377000,377.0,0,0.0,0.0,,0.0,normalDay
2023-03-27,6135.0,219.0,0.0,0,396.49,0.0,1,5.2,3.01,SPY230428P00377000,377.0,0,0.0,0.0,,0.0,normalDay
2023-03-28,6135.0,245.0,0.0,0,395.6,0.0,1,5.2,2.75,SPY230428P00377000,377.0,0,0.0,0.0,,0.0,normalDay
2023-03-29,6135.0,333.0,0.0,0,401.35,0.0,1,5.2,1.87,SPY230428P00377000,377.0,0,0.0,0.0,,0.0,normalDay
2023-03-30,6135.0,365.0,0.0,0,403.7,0.0,1,5.2,1.55,SPY230428P00377000,377.0,0,0.0,0.0,,0.0,normalDay
2023-03-31,6135.0,417.0,0.0,0,409.39,0.0,1,5.2,1.03,SPY230428P00377000,377.0,0,0.0,0.0,,0.0,normalDay
2023-04-03,6135.0,449.0,0.0,0,410.95,0.0,1,5.2,0.71,SPY230428P00377000,377.0,0,0.0,0.0,,0.0,normalDay
2023-04-04,6135.0,444.0,0.0,0,408.67,0.0,1,5.2,0.76,SPY230428P00377000,377.0,0,0.0,0.0,,0.0,normalDay
2023-04-05,6135.0,447.0,0.0,0,407.6,0.0,1,5.2,0.73,SPY230428P00377000,377.0,0,0.0,0.0,,0.0,normalDay
2023-04-06,6135.0,467.0,0.0,0,409.19,0.0,1,5.2,0.53,SPY230428P00377000,377.0,0,0.0,0.0,,0.0,normalDay
2023-04-10,6135.0,479.0,0.0,0,409.61,0.0,1,5.2,0.41,SPY230428P00377000,377.0,0,0.0,0.0,,0.0,normalDay
2023-04-11,6135.0,481.0,0.0,0,409.72,0.0,1,5.2,0.39,SPY230428P00377000,377.0,0,0.0,0.0,,0.0,normalDay
2023-04-12,6135.0,482.0,0.0,0,408.05,0.0,1,5.2,0.38,SPY230428P00377000,377.0,0,0.0,0.0,,0.0,normalDay
2023-04-13,6135.0,501.0,0.0,0,413.47,0.0,1,5.2,0.19,SPY230428P00377000,377.0,0,0.0,0.0,,0.0,normalDay
2023-04-14,6135.0,505.0,0.0,0,412.46,0.0,1,5.2,0.15,SPY230428P00377000,377.0,0,0.0,0.0,,0.0,normalDay
2023-04-17,6135.0,509.0,0.0,0,413.94,0.0,1,5.2,0.11,SPY230428P00377000,377.0,0,0.0,0.0,,0.0,normalDay
2023-04-18,6135.0,510.0,0.0,0,414.21,0.0,1,5.2,0.1,SPY230428P00377000,377.0,0,0.0,0.0,,0.0,normalDay
2023-04-19,6135.0,513.0,0.0,0,414.14,0.0,1,5.2,0.07,SPY230428P00377000,377.0,0,0.0,0.0,,0.0,normalDay
2023-04-20,6135.0,513.0,0.0,0,411.88,0.0,1,5.2,0.07,SPY230428P00377000,377.0,0,0.0,0.0,,0.0,normalDay
2023-04-21,6135.0,515.0,0.0,0,412.2,0.0,1,5.2,0.05,SPY230428P00377000,377.0,0,0.0,0.0,,0.0,normalDay
2023-04-24,6135.0,517.0,0.0,0,412.63,0.0,1,5.2,0.03,SPY230428P00377000,377.0,0,0.0,0.0,,0.0,normalDay
2023-04-25,6135.0,517.0,0.0,0,406.08,0.0,1,5.2,0.03,SPY230428P00377000,377.0,0,0.0,0.0,,0.0,normalDay
2023-04-26,6135.0,517.0,0.0,0,404.36,0.0,1,5.2,0.03,SPY230428P00377000,377.0,0,0.0,0.0,,0.0,normalDay
2023-04-27,6135.0,518.0,0.0,0,412.41,0.0,1,5.2,0.02,SPY230428P00377000,377.0,0,0.0,0.0,,0.0,normalDay
2023-04-28,6655.0,0.0,520.0,0,415.93,0.0,1,5.2,0.0,SPY230428P00377000,377.0,0,0.0,0.0,,0.0,expirationDay
2023-05-01,6655.0,-4.0,0.0,0,415.51,0.0,1,4.04,4.08,SPY230616P00400000,400.0,0,0.0,0.0,,0.0,normalDay
2023-05-02,6655.0,-161.0,0.0,0,410.84,0.0,1,4.04,5.65,SPY230616P00400000,400.0,0,0.0,0.0,,0.0,normalDay
2023-05-03,6655.0,-232.0,0.0,0,408.02,0.0,1,4.04,6.36,SPY230616P00400000,400.0,0,0.0,0.0,,0.0,normalDay
2023-05-04,6655.0,-403.0,0.0,0,405.13,0.0,1,4.04,8.07,SPY230616P00400000,400.0,0,0.0,0.0,,0.0,normalDay
2023-05-05,6655.0,-95.0,0.0,0,412.63,0.0,1,4.04,4.99,SPY230616P00400000,400.0,0,0.0,0.0,,0.0,normalDay
2023-05-08,6655.0,-55.0,0.0,0,412.74,0.0,1,4.04,4.59,SPY230616P00400000,400.0,0,0.0,0.0,,0.0,normalDay
2023-05-09,6655.0,-99.0,0.0,0,410.93,0.0,1,4.04,5.03,SPY230616P00400000,400.0,0,0.0,0.0,,0.0,normalDay
2023-05-10,6655.0,-16.0,0.0,0,412.85,0.0,1,4.04,4.2,SPY230616P00400000,400.0,0,0.0,0.0,,0.0,normalDay
2023-05-11,6655.0,-20.0,0.0,0,412.13,0.0,1,4.04,4.24,SPY230616P00400000,400.0,0,0.0,0.0,,0.0,normalDay
2023-05-12,6655.0,-24.0,0.0,0,411.59,0.0,1,4.04,4.28,SPY230616P00400000,400.0,0,0.0,0.0,,0.0,normalDay
2023-05-15,6655.0,49.0,0.0,0,413.01,0.0,1,4.04,3.55,SPY230616P00400000,400.0,0,0.0,0.0,,0.0,normalDay
2023-05-16,6655.0,-22.0,0.0,0,410.25,0.0,1,4.04,4.26,SPY230616P00400000,400.0,0,0.0,0.0,,0.0,normalDay
2023-05-17,6655.0,114.0,0.0,0,415.23,0.0,1,4.04,2.9,SPY230616P00400000,400.0,0,0.0,0.0,,0.0,normalDay
2023-05-18,6655.0,201.0,0.0,0,419.23,0.0,1,4.04,2.03,SPY230616P00400000,400.0,0,0.0,0.0,,0.0,normalDay
2023-05-19,6655.0,177.0,0.0,0,418.62,0.0,1,4.04,2.27,SPY230616P00400000,400.0,0,0.0,0.0,,0.0,normalDay
2023-05-22,6655.0,189.0,0.0,0,418.79,0.0,1,4.04,2.15,SPY230616P00400000,400.0,0,0.0,0.0,,0.0,normalDay
2023-05-23,6655.0,94.0,0.0,0,414.09,0.0,1,4.04,3.1,SPY230616P00400000,400.0,0,0.0,0.0,,0.0,normalDay
2023-05-24,6655.0,9.0,0.0,0,411.09,0.0,1,4.04,3.95,SPY230616P00400000,400.0,0,0.0,0.0,,0.0,normalDay
2023-05-25,6655.0,114.0,0.0,0,414.65,0.0,1,4.04,2.9,SPY230616P00400000,400.0,0,0.0,0.0,,0.0,normalDay
2023-05-26,6655.0,224.0,0.0,0,420.02,0.0,1,4.04,1.8,SPY230616P00400000,400.0,0,0.0,0.0,,0.0,normalDay
2023-05-30,6655.0,275.0,0.0,0,420.18,0.0,1,4.04,1.29,SPY230616P00400000,400.0,0,0.0,0.0,,0.0,normalDay
2023-05-31,6655.0,264.0,0.0,0,417.85,0.0,1,4.04,1.4,SPY230616P00400000,400.0,0,0.0,0.0,,0.0,normalDay
2023-06-01,6655.0,334.0,0.0,0,421.82,0.0,1,4.04,0.7,SPY230616P00400000,400.0,0,0.0,0.0,,0.0,normalDay
2023-06-02,6655.0,372.0,0.0,0,427.92,0.0,1,4.04,0.32,SPY230616P00400000,400.0,0,0.0,0.0,,0.0,normalDay
2023-06-05,6655.0,379.0,0.0,0,427.1,0.0,1,4.04,0.25,SPY230616P00400000,400.0,0,0.0,0.0,,0.0,normalDay
2023-06-06,6655.0,383.0,0.0,0,428.03,0.0,1,4.04,0.21,SPY230616P00400000,400.0,0,0.0,0.0,,0.0,normalDay
2023-06-07,6655.0,384.0,0.0,0,426.55,0.0,1,4.04,0.2,SPY230616P00400000,400.0,0,0.0,0.0,,0.0,normalDay
2023-06-08,6655.0,388.0,0.0,0,429.13,0.0,1,4.04,0.16,SPY230616P00400000,400.0,0,0.0,0.0,,0.0,normalDay
2023-06-09,6655.0,392.0,0.0,0,429.9,0.0,1,4.04,0.12,SPY230616P00400000,400.0,0,0.0,0.0,,0.0,normalDay
2023-06-12,6655.0,394.0,0.0,0,433.8,0.0,1,4.04,0.1,SPY230616P00400000,400.0,0,0.0,0.0,,0.0,normalDay
2023-06-13,6655.0,396.0,0.0,0,436.66,0.0,1,4.04,0.08,SPY230616P00400000,400.0,0,0.0,0.0,,0.0,normalDay
2023-06-14,6655.0,400.0,0.0,0,437.18,0.0,1,4.04,0.04,SPY230616P00400000,400.0,0,0.0,0.0,,0.0,normalDay
2023-06-15,6655.0,401.0,0.0,0,442.6,0.0,1,4.04,0.03,SPY230616P00400000,400.0,0,0.0,0.0,,0.0,normalDay
2023-06-16,7059.0,0.0,404.0,0,439.46,0.0,1,4.04,0.0,SPY230616P00400000,400.0,0,0.0,0.0,,0.0,expirationDay
2023-06-20,7059.0,-4.0,0.0,0,437.18,0.0,1,0.64,0.68,SPY230728P00395000,395.0,0,0.0,0.0,,0.0,normalDay
2023-06-21,7059.0,-1.0,0.0,0,434.94,0.0,1,0.64,0.65,SPY230728P00395000,395.0,0,0.0,0.0,,0.0,normalDay
2023-06-22,7059.0,10.0,0.0,0,436.51,0.0,1,0.64,0.54,SPY230728P00395000,395.0,0,0.0,0.0,,0.0,normalDay
2023-06-23,7059.0,-2.0,0.0,0,433.21,0.0,1,0.64,0.66,SPY230728P00395000,395.0,0,0.0,0.0,,0.0,normalDay
2023-06-26,7059.0,-6.0,0.0,0,431.44,0.0,1,0.64,0.7,SPY230728P00395000,395.0,0,0.0,0.0,,0.0,normalDay
2023-06-27,7059.0,15.0,0.0,0,436.17,0.0,1,0.64,0.49,SPY230728P00395000,395.0,0,0.0,0.0,,0.0,normalDay
2023-06-28,7059.0,24.0,0.0,0,436.39,0.0,1,0.64,0.4,SPY230728P00395000,395.0,0,0.0,0.0,,0.0,normalDay
2023-06-29,7059.0,27.0,0.0,0,438.11,0.0,1,0.64,0.37,SPY230728P00395000,395.0,0,0.0,0.0,,0.0,normalDay
2023-06-30,7059.0,34.0,0.0,0,443.28,0.0,1,0.64,0.3,SPY230728P00395000,395.0,0,0.0,0.0,,0.0,normalDay
2023-07-03,7059.0,39.0,0.0,0,443.79,0.0,1,0.64,0.25,SPY230728P00395000,395.0,0,0.0,0.0,,0.0,normalDay
2023-07-05,7059.0,38.0,0.0,0,443.13,0.0,1,0.64,0.26,SPY230728P00395000,395.0,0,0.0,0.0,,0.0,normalDay
2023-07-06,7059.0,31.0,0.0,0,439.66,0.0,1,0.64,0.33,SPY230728P00395000,395.0,0,0.0,0.0,,0.0,normalDay
2023-07-07,7059.0,36.0,0.0,0,438.55,0.0,1,0.64,0.28,SPY230728P00395000,395.0,0,0.0,0.0,,0.0,normalDay
2023-07-10,7059.0,41.0,0.0,0,439.66,0.0,1,0.64,0.23,SPY230728P00395000,395.0,0,0.0,0.0,,0.0,normalDay
2023-07-11,7059.0,45.0,0.0,0,442.46,0.0,1,0.64,0.19,SPY230728P00395000,395.0,0,0.0,0.0,,0.0,normalDay
2023-07-12,7059.0,50.0,0.0,0,446.02,0.0,1,0.64,0.14,SPY230728P00395000,395.0,0,0.0,0.0,,0.0,normalDay
2023-07-13,7059.0,51.0,0.0,0,449.56,0.0,1,0.64,0.13,SPY230728P00395000,395.0,0,0.0,0.0,,0.0,normalDay
2023-07-14,7059.0,53.0,0.0,0,449.28,0.0,1,0.64,0.11,SPY230728P00395000,395.0,0,0.0,0.0,,0.0,normalDay
2023-07-17,7059.0,56.0,0.0,0,450.84,0.0,1,0.64,0.08,SPY230728P00395000,395.0,0,0.0,0.0,,0.0,normalDay
2023-07-18,7059.0,57.0,0.0,0,454.19,0.0,1,0.64,0.07,SPY230728P00395000,395.0,0,0.0,0.0,,0.0,normalDay
2023-07-19,7059.0,58.0,0.0,0,455.2,0.0,1,0.64,0.06,SPY230728P00395000,395.0,0,0.0,0.0,,0.0,normalDay
2023-07-20,7059.0,59.0,0.0,0,452.18,0.0,1,0.64,0.05,SPY230728P00395000,395.0,0,0.0,0.0,,0.0,normalDay
2023-07-21,7059.0,61.0,0.0,0,452.18,0.0,1,0.64,0.03,SPY230728P00395000,395.0,0,0.0,0.0,,0.0,normalDay
2023-07-24,7059.0,62.0,0.0,0,454.2,0.0,1,0.64,0.02,SPY230728P00395000,395.0,0,0.0,0.0,,0.0,normalDay
2023-07-25,7059.0,62.0,0.0,0,455.44,0.0,1,0.64,0.02,SPY230728P00395000,395.0,0,0.0,0.0,,0.0,normalDay
2023-07-26,7059.0,63.0,0.0,0,455.51,0.0,1,0.64,0.01,SPY230728P00395000,395.0,0,0.0,0.0,,0.0,normalDay
2023-07-27,7059.0,62.0,0.0,0,452.49,0.0,1,0.64,0.02,SPY230728P00395000,395.0,0,0.0,0.0,,0.0,normalDay
2023-07-28,7123.0,0.0,64.0,0,456.92,0.0,1,0.64,0.0,SPY230728P00395000,395.0,0,0.0,0.0,,0.0,expirationDay
2023-07-31,7123.0,-3.0,0.0,0,457.79,0.0,1,1.51,1.54,SPY230915P00428000,428.0,0,0.0,0.0,,0.0,normalDay
2023-08-01,7123.0,-15.0,0.0,0,456.48,0.0,1,1.51,1.66,SPY230915P00428000,428.0,0,0.0,0.0,,0.0,normalDay
2023-08-02,7123.0,-128.0,0.0,0,450.13,0.0,1,1.51,2.79,SPY230915P00428000,428.0,0,0.0,0.0,,0.0,normalDay
2023-08-03,7123.0,-121.0,0.0,0,448.84,0.0,1,1.51,2.72,SPY230915P00428000,428.0,0,0.0,0.0,,0.0,normalDay
2023-08-04,7123.0,-190.0,0.0,0,446.81,0.0,1,1.51,3.41,SPY230915P00428000,428.0,0,0.0,0.0,,0.0,normalDay
2023-08-07,7123.0,-83.0,0.0,0,450.71,0.0,1,1.51,2.34,SPY230915P00428000,428.0,0,0.0,0.0,,0.0,normalDay
2023-08-08,7123.0,-113.0,0.0,0,448.75,0.0,1,1.51,2.64,SPY230915P00428000,428.0,0,0.0,0.0,,0.0,normalDay
2023-08-09,7123.0,-139.0,0.0,0,445.75,0.0,1,1.51,2.9,SPY230915P00428000,428.0,0,0.0,0.0,,0.0,normalDay
2023-08-10,7123.0,-134.0,0.0,0,445.91,0.0,1,1.51,2.85,SPY230915P00428000,428.0,0,0.0,0.0,,0.0,normalDay
2023-08-11,7123.0,-101.0,0.0,0,445.65,0.0,1,1.51,2.52,SPY230915P00428000,428.0,0,0.0,0.0,,0.0,normalDay
2023-08-14,7123.0,-45.0,0.0,0,448.11,0.0,1,1.51,1.96,SPY230915P00428000,428.0,0,0.0,0.0,,0.0,normalDay
2023-08-15,7123.0,-150.0,0.0,0,442.89,0.0,1,1.51,3.01,SPY230915P00428000,428.0,0,0.0,0.0,,0.0,normalDay
2023-08-16,7123.0,-210.0,0.0,0,439.64,0.0,1,1.51,3.61,SPY230915P00428000,428.0,0,0.0,0.0,,0.0,normalDay
2023-08-17,7123.0,-322.0,0.0,0,436.29,0.0,1,1.51,4.73,SPY230915P00428000,428.0,0,0.0,0.0,,0.0,normalDay
2023-08-18,7123.0,-270.0,0.0,0,436.5,0.0,1,1.51,4.21,SPY230915P00428000,428.0,0,0.0,0.0,,0.0,normalDay
2023-08-21,7123.0,-172.0,0.0,0,439.34,0.0,1,1.51,3.23,SPY230915P00428000,428.0,0,0.0,0.0,,0.0,normalDay
2023-08-22,7123.0,-173.0,0.0,0,438.15,0.0,1,1.51,3.24,SPY230915P00428000,428.0,0,0.0,0.0,,0.0,normalDay
2023-08-23,7123.0,-51.0,0.0,0,443.03,0.0,1,1.51,2.02,SPY230915P00428000,428.0,0,0.0,0.0,,0.0,normalDay
2023-08-24,7123.0,-185.0,0.0,0,436.89,0.0,1,1.51,3.36,SPY230915P00428000,428.0,0,0.0,0.0,,0.0,normalDay
2023-08-25,7123.0,-64.0,0.0,0,439.97,0.0,1,1.51,2.15,SPY230915P00428000,428.0,0,0.0,0.0,,0.0,normalDay
2023-08-28,7123.0,19.0,0.0,0,442.76,0.0,1,1.51,1.32,SPY230915P00428000,428.0,0,0.0,0.0,,0.0,normalDay
2023-08-29,7123.0,85.0,0.0,0,449.16,0.0,1,1.51,0.66,SPY230915P00428000,428.0,0,0.0,0.0,,0.0,normalDay
2023-08-30,7123.0,104.0,0.0,0,451.01,0.0,1,1.51,0.47,SPY230915P00428000,428.0,0,0.0,0.0,,0.0,normalDay
2023-08-31,7123.0,113.0,0.0,0,450.35,0.0,1,1.51,0.38,SPY230915P00428000,428.0,0,0.0,0.0,,0.0,normalDay
2023-09-01,7123.0,121.0,0.0,0,451.19,0.0,1,1.51,0.3,SPY230915P00428000,428.0,0,0.0,0.0,,0.0,normalDay
2023-09-05,7123.0,121.0,0.0,0,449.24,0.0,1,1.51,0.3,SPY230915P00428000,428.0,0,0.0,0.0,,0.0,normalDay
2023-09-06,7123.0,114.0,0.0,0,446.22,0.0,1,1.51,0.37,SPY230915P00428000,428.0,0,0.0,0.0,,0.0,normalDay
2023-09-07,7123.0,121.0,0.0,0,444.85,0.0,1,1.51,0.3,SPY230915P00428000,428.0,0,0.0,0.0,,0.0,normalDay
2023-09-08,7123.0,134.0,0.0,0,445.52,0.0,1,1.51,0.17,SPY230915P00428000,428.0,0,0.0,0.0,,0.0,normalDay
2023-09-11,7123.0,143.0,0.0,0,448.45,0.0,1,1.51,0.08,SPY230915P00428000,428.0,0,0.0,0.0,,0.0,normalDay
2023-09-12,7123.0,141.0,0.0,0,445.99,0.0,1,1.51,0.1,SPY230915P00428000,428.0,0,0.0,0.0,,0.0,normalDay
2023-09-13,7123.0,147.0,0.0,0,446.51,0.0,1,1.51,0.04,SPY230915P00428000,428.0,0,0.0,0.0,,0.0,normalDay
2023-09-14,7123.0,148.0,0.0,0,450.36,0.0,1,1.51,0.03,SPY230915P00428000,428.0,0,0.0,0.0,,0.0,normalDay
2023-09-15,7274.0,0.0,151.0,0,443.37,0.0,1,1.51,0.0,SPY230915P00428000,428.0,0,0.0,0.0,,0.0,expirationDay
2023-09-18,7274.0,-3.0,0.0,0,443.63,0.0,1,2.67,2.7,SPY231027P00430000,430.0,0,0.0,0.0,,0.0,normalDay
2023-09-19,7274.0,-13.0,0.0,0,442.71,0.0,1,2.67,2.8,SPY231027P00430000,430.0,0,0.0,0.0,,0.0,normalDay
2023-09-20,7274.0,-128.0,0.0,0,438.64,0.0,1,2.67,3.95,SPY231027P00430000,430.0,0,0.0,0.0,,0.0,normalDay
2023-09-21,7274.0,-413.0,0.0,0,431.39,0.0,1,2.67,6.8,SPY231027P00430000,430.0,0,0.0,0.0,,0.0,normalDay
2023-09-22,7274.0,-429.0,0.0,0,430.42,0.0,1,2.67,6.96,SPY231027P00430000,430.0,0,0.0,0.0,,0.0,normalDay
2023-09-25,7274.0,-331.0,0.0,0,432.23,0.0,1,2.67,5.98,SPY231027P00430000,430.0,0,0.0,0.0,,0.0,normalDay
2023-09-26,7274.0,-644.0,0.0,0,425.88,0.0,1,2.67,9.11,SPY231027P00430000,430.0,0,0.0,0.0,,0.0,normalDay
2023-09-27,7274.0,-601.0,0.0,0,426.05,0.0,1,2.67,8.68,SPY231027P00430000,430.0,0,0.0,0.0,,0.0,normalDay
2023-09-28,7274.0,-476.0,0.0,0,428.52,0.0,1,2.67,7.43,SPY231027P00430000,430.0,0,0.0,0.0,,0.0,normalDay
2023-09-29,7274.0,-505.0,0.0,0,427.48,0.0,1,2.67,7.72,SPY231027P00430000,430.0,0,0.0,0.0,,0.0,normalDay
2023-10-02,7274.0,-482.0,0.0,0,427.31,0.0,1,2.67,7.49,SPY231027P00430000,430.0,0,0.0,0.0,,0.0,normalDay
2023-10-03,7274.0,-839.0,0.0,0,421.59,0.0,1,2.67,11.06,SPY231027P00430000,430.0,0,0.0,0.0,,0.0,normalDay
2023-10-04,7274.0,-640.0,0.0,0,424.66,0.0,1,2.67,9.07,SPY231027P00430000,430.0,0,0.0,0.0,,0.0,normalDay
2023-10-05,7274.0,-649.0,0.0,0,424.5,0.0,1,2.67,9.16,SPY231027P00430000,430.0,0,0.0,0.0,,0.0,normalDay
2023-10-06,7274.0,-311.0,0.0,0,429.54,0.0,1,2.67,5.78,SPY231027P00430000,430.0,0,0.0,0.0,,0.0,normalDay
2023-10-09,7274.0,-181.0,0.0,0,432.29,0.0,1,2.67,4.48,SPY231027P00430000,430.0,0,0.0,0.0,,0.0,normalDay
2023-10-10,7274.0,-77.0,0.0,0,434.54,0.0,1,2.67,3.44,SPY231027P00430000,430.0,0,0.0,0.0,,0.0,normalDay
2023-10-11,7274.0,28.0,0.0,0,436.32,0.0,1,2.67,2.39,SPY231027P00430000,430.0,0,0.0,0.0,,0.0,normalDay
2023-10-12,7274.0,-55.0,0.0,0,433.66,0.0,1,2.67,3.22,SPY231027P00430000,430.0,0,0.0,0.0,,0.0,normalDay
2023-10-13,7274.0,-195.0,0.0,0,431.5,0.0,1,2.67,4.62,SPY231027P00430000,430.0,0,0.0,0.0,,0.0,normalDay
2023-10-16,7274.0,42.0,0.0,0,436.04,0.0,1,2.67,2.25,SPY231027P00430000,430.0,0,0.0,0.0,,0.0,normalDay
2023-10-17,7274.0,34.0,0.0,0,436.02,0.0,1,2.67,2.33,SPY231027P00430000,430.0,0,0.0,0.0,,0.0,normalDay
2023-10-18,7274.0,-138.0,0.0,0,430.21,0.0,1,2.67,4.05,SPY231027P00430000,430.0,0,0.0,0.0,,0.0,normalDay
2023-10-19,7274.0,-420.0,0.0,0,426.43,0.0,1,2.67,6.87,SPY231027P00430000,430.0,0,0.0,0.0,,0.0,normalDay
2023-10-20,7274.0,-684.0,0.0,0,421.19,0.0,1,2.67,9.51,SPY231027P00430000,430.0,0,0.0,0.0,,0.0,normalDay
2023-10-23,7274.0,-645.0,0.0,0,420.46,0.0,1,2.67,9.12,SPY231027P00430000,430.0,0,0.0,0.0,,0.0,normalDay
2023-10-24,7274.0,-384.0,0.0,0,423.63,0.0,1,2.67,6.51,SPY231027P00430000,430.0,0,0.0,0.0,,0.0,normalDay
2023-10-25,7274.0,-966.0,0.0,0,417.55,0.0,1,2.67,12.33,SPY231027P00430000,430.0,0,0.0,0.0,,0.0,normalDay
2023-10-26,7274.0,-1458.0,0.0,0,412.55,0.0,1,2.67,17.25,SPY231027P00430000,430.0,0,0.0,0.0,,0.0,normalDay
2023-10-27,7541.0,-1932.0,267.0,100,410.68,430.0,1,2.67,0.0,SPY231027P00430000,430.0,0,0.0,0.0,,0.0,expirationDay
2023-10-30,7541.0,-1441.0,0.0,100,415.59,430.0,0,0.0,0.0,,0.0,0,0.0,0.0,,0.0,bidTooLow
2023-10-31,7541.0,-1180.0,0.0,100,418.2,430.0,0,0.0,0.0,,0.0,0,0.0,0.0,,0.0,bidTooLow
2023-11-01,7541.0,-734.0,0.0,100,422.66,430.0,0,0.0,0.0,,0.0,0,0.0,0.0,,0.0,bidTooLow
2023-11-02,7541.0,73.0,0.0,100,430.76,430.0,0,0.0,0.0,,0.0,1,0.17,0.2,SPY231103C00435000,435.0,normalDay
2023-11-03,7558.0,469.0,17.0,100,434.69,430.0,0,0.0,0.0,,0.0,1,0.17,0.0,SPY231103C00435000,435.0,expirationDay
2023-11-06,7558.0,565.0,0.0,100,435.69,430.0,0,0.0,0.0,,0.0,1,1.8,1.84,SPY231109C00436000,436.0,normalDay
2023-11-07,7558.0,647.0,0.0,100,436.93,430.0,0,0.0,0.0,,0.0,1,1.8,2.26,SPY231109C00436000,436.0,normalDay
2023-11-08,7558.0,724.0,0.0,100,437.25,430.0,0,0.0,0.0,,0.0,1,1.8,1.81,SPY231109C00436000,436.0,normalDay
2023-11-09,7738.0,384.0,180.0,100,433.84,430.0,0,0.0,0.0,,0.0,1,1.8,0.0,SPY231109C00436000,436.0,expirationDay
2023-11-10,7738.0,1048.0,0.0,100,440.61,430.0,0,0.0,0.0,,0.0,1,4.04,4.17,SPY231113C00437000,437.0,normalDay
2023-11-13,8842.0,1048.0,1104.0,0,440.19,0.0,0,0.0,0.0,,0.0,1,4.04,0.0,SPY231113C00437000,437.0,expirationDay
2023-11-14,8842.0,-3.0,0.0,0,448.73,0.0,1,0.5,0.53,SPY231229P00391000,391.0,0,0.0,0.0,,0.0,normalDay
2023-11-15,8842.0,-1.0,0.0,0,449.68,0.0,1,0.5,0.51,SPY231229P00391000,391.0,0,0.0,0.0,,0.0,normalDay
2023-11-16,8842.0,0.0,0.0,0,450.23,0.0,1,0.5,0.5,SPY231229P00391000,391.0,0,0.0,0.0,,0.0,normalDay
2023-11-17,8842.0,5.0,0.0,0,450.79,0.0,1,0.5,0.45,SPY231229P00391000,391.0,0,0.0,0.0,,0.0,normalDay
2023-11-20,8842.0,16.0,0.0,0,454.26,0.0,1,0.5,0.34,SPY231229P00391000,391.0,0,0.0,0.0,,0.0,normalDay
2023-11-21,8842.0,18.0,0.0,0,453.27,0.0,1,0.5,0.32,SPY231229P00391000,391.0,0,0.0,0.0,,0.0,normalDay
2023-11-22,8842.0,20.0,0.0,0,455.02,0.0,1,0.5,0.3,SPY231229P00391000,391.0,0,0.0,0.0,,0.0,normalDay
2023-11-24,8842.0,25.0,0.0,0,455.3,0.0,1,0.5,0.25,SPY231229P00391000,391.0,0,0.0,0.0,,0.0,normalDay
2023-11-27,8842.0,26.0,0.0,0,454.48,0.0,1,0.5,0.24,SPY231229P00391000,391.0,0,0.0,0.0,,0.0,normalDay
2023-11-28,8842.0,27.0,0.0,0,454.93,0.0,1,0.5,0.23,SPY231229P00391000,391.0,0,0.0,0.0,,0.0,normalDay
2023-11-29,8842.0,28.0,0.0,0,454.61,0.0,1,0.5,0.22,SPY231229P00391000,391.0,0,0.0,0.0,,0.0,normalDay
2023-11-30,8842.0,30.0,0.0,0,456.4,0.0,1,0.5,0.2,SPY231229P00391000,391.0,0,0.0,0.0,,0.0,normalDay
