date,totalCapital,unrializedPnL,rializedPnL,stocksOwned,stocksPriceToday,stocksPriceBoughtAt,putOwned,putOwnedSoldAt,putPriceToday,putOwnedContract,putOwnedStrike,callOwned,callOwnedSoldAt,callPriceToday,callOwnedContract,callOwnedStrike,trackType
2018-11-01,0.0,-5.0,0.0,0,273.51,0.0,1,0.84,0.89,SPY181203P00250000,250.0,0,0.0,0.0,,0.0,normalDay
2018-11-02,0.0,-7.0,0.0,0,271.89,0.0,1,0.84,0.91,SPY181203P00250000,250.0,0,0.0,0.0,,0.0,normalDay
2018-11-05,0.0,9.0,0.0,0,273.39,0.0,1,0.84,0.75,SPY181203P00250000,250.0,0,0.0,0.0,,0.0,normalDay
2018-11-06,0.0,16.0,0.0,0,275.12,0.0,1,0.84,0.68,SPY181203P00250000,250.0,0,0.0,0.0,,0.0,normalDay
2018-11-07,0.0,58.0,0.0,0,281.01,0.0,1,0.84,0.26,SPY181203P00250000,250.0,0,0.0,0.0,,0.0,normalDay
2018-11-08,0.0,55.0,0.0,0,280.5,0.0,1,0.84,0.29,SPY181203P00250000,250.0,0,0.0,0.0,,0.0,normalDay
2018-11-09,0.0,51.0,0.0,0,277.76,0.0,1,0.84,0.33,SPY181203P00250000,250.0,0,0.0,0.0,,0.0,normalDay
2018-11-12,0.0,21.0,0.0,0,272.57,0.0,1,0.84,0.63,SPY181203P00250000,250.0,0,0.0,0.0,,0.0,normalDay
2018-11-13,0.0,25.0,0.0,0,272.06,0.0,1,0.84,0.59,SPY181203P00250000,250.0,0,0.0,0.0,,0.0,normalDay
2018-11-14,0.0,13.0,0.0,0,270.2,0.0,1,0.84,0.71,SPY181203P00250000,250.0,0,0.0,0.0,,0.0,normalDay
2018-11-15,0.0,42.0,0.0,0,273.02,0.0,1,0.84,0.42,SPY181203P00250000,250.0,0,0.0,0.0,,0.0,normalDay
2018-11-16,0.0,59.0,0.0,0,273.73,0.0,1,0.84,0.25,SPY181203P00250000,250.0,0,0.0,0.0,,0.0,normalDay
2018-11-19,0.0,45.0,0.0,0,269.1,0.0,1,0.84,0.39,SPY181203P00250000,250.0,0,0.0,0.0,,0.0,normalDay
2018-11-20,0.0,2.0,0.0,0,264.12,0.0,1,0.84,0.82,SPY181203P00250000,250.0,0,0.0,0.0,,0.0,normalDay
2018-11-21,0.0,40.0,0.0,0,265.02,0.0,1,0.84,0.44,SPY181203P00250000,250.0,0,0.0,0.0,,0.0,normalDay
2018-11-23,0.0,36.0,0.0,0,263.25,0.0,1,0.84,0.48,SPY181203P00250000,250.0,0,0.0,0.0,,0.0,normalDay
2018-11-26,0.0,74.0,0.0,0,267.5,0.0,1,0.84,0.1,SPY181203P00250000,250.0,0,0.0,0.0,,0.0,normalDay
2018-11-27,0.0,76.0,0.0,0,268.4,0.0,1,0.84,0.08,SPY181203P00250000,250.0,0,0.0,0.0,,0.0,normalDay
2018-11-28,0.0,80.0,0.0,0,274.58,0.0,1,0.84,0.04,SPY181203P00250000,250.0,0,0.0,0.0,,0.0,normalDay
2018-11-29,0.0,81.0,0.0,0,273.98,0.0,1,0.84,0.03,SPY181203P00250000,250.0,0,0.0,0.0,,0.0,normalDay
2018-11-30,0.0,82.0,0.0,0,275.65,0.0,1,0.84,0.02,SPY181203P00250000,250.0,0,0.0,0.0,,0.0,normalDay
2018-12-03,84.0,0.0,84.0,0,279.3,0.0,1,0.84,0.0,SPY181203P00250000,250.0,0,0.0,0.0,,0.0,expirationDay
2018-12-04,84.0,-8.0,0.0,0,270.25,0.0,1,1.53,1.61,SPY190104P00253000,253.0,0,0.0,0.0,,0.0,normalDay
2018-12-06,84.0,-11.0,0.0,0,269.84,0.0,1,1.53,1.64,SPY190104P00253000,253.0,0,0.0,0.0,,0.0,normalDay
2018-12-07,84.0,-150.0,0.0,0,263.57,0.0,1,1.53,3.03,SPY190104P00253000,253.0,0,0.0,0.0,,0.0,normalDay
2018-12-10,84.0,-80.0,0.0,0,264.07,0.0,1,1.53,2.33,SPY190104P00253000,253.0,0,0.0,0.0,,0.0,normalDay
2018-12-11,84.0,-59.0,0.0,0,264.13,0.0,1,1.53,2.12,SPY190104P00253000,253.0,0,0.0,0.0,,0.0,normalDay
2018-12-12,84.0,-24.0,0.0,0,265.46,0.0,1,1.53,1.77,SPY190104P00253000,253.0,0,0.0,0.0,,0.0,normalDay
2018-12-13,84.0,5.0,0.0,0,265.37,0.0,1,1.53,1.48,SPY190104P00253000,253.0,0,0.0,0.0,,0.0,normalDay
2018-12-14,84.0,-92.0,0.0,0,260.47,0.0,1,1.53,2.45,SPY190104P00253000,253.0,0,0.0,0.0,,0.0,normalDay
2018-12-17,84.0,-282.0,0.0,0,255.36,0.0,1,1.53,4.35,SPY190104P00253000,253.0,0,0.0,0.0,,0.0,normalDay
2018-12-18,84.0,-331.0,0.0,0,255.08,0.0,1,1.53,4.84,SPY190104P00253000,253.0,0,0.0,0.0,,0.0,normalDay
2018-12-19,84.0,-443.0,0.0,0,251.26,0.0,1,1.53,5.96,SPY190104P00253000,253.0,0,0.0,0.0,,0.0,normalDay
2018-12-20,84.0,-705.0,0.0,0,247.17,0.0,1,1.53,8.58,SPY190104P00253000,253.0,0,0.0,0.0,,0.0,normalDay
2018-12-21,84.0,-1224.0,0.0,0,240.7,0.0,1,1.53,13.77,SPY190104P00253000,253.0,0,0.0,0.0,,0.0,normalDay
2018-12-24,84.0,-1967.0,0.0,0,234.34,0.0,1,1.53,21.2,SPY190104P00253000,253.0,0,0.0,0.0,,0.0,normalDay
2018-12-26,84.0,-690.0,0.0,0,246.18,0.0,1,1.53,8.43,SPY190104P00253000,253.0,0,0.0,0.0,,0.0,normalDay
2018-12-27,84.0,-539.0,0.0,0,248.07,0.0,1,1.53,6.92,SPY190104P00253000,253.0,0,0.0,0.0,,0.0,normalDay
2018-12-28,84.0,-543.0,0.0,0,247.75,0.0,1,1.53,6.96,SPY190104P00253000,253.0,0,0.0,0.0,,0.0,normalDay
2018-12-31,84.0,-299.0,0.0,0,249.92,0.0,1,1.53,4.52,SPY190104P00253000,253.0,0,0.0,0.0,,0.0,normalDay
2019-01-02,84.0,-178.0,0.0,0,250.18,0.0,1,1.53,3.31,SPY190104P00253000,253.0,0,0.0,0.0,,0.0,normalDay
2019-01-03,84.0,-753.0,0.0,0,244.21,0.0,1,1.53,9.06,SPY190104P00253000,253.0,0,0.0,0.0,,0.0,normalDay
2019-01-04,237.0,-61.0,153.0,100,252.39,253.0,1,1.53,0.0,SPY190104P00253000,253.0,0,0.0,0.0,,0.0,expirationDay
2019-01-07,237.0,135.0,0.0,100,254.38,253.0,0,0.0,0.0,,0.0,1,0.01,0.04,SPY190208C00285000,285.0,normalDay
2019-01-08,237.0,373.0,0.0,100,256.77,253.0,0,0.0,0.0,,0.0,1,0.01,0.05,SPY190208C00285000,285.0,normalDay
2019-01-09,237.0,493.0,0.0,100,257.97,253.0,0,0.0,0.0,,0.0,1,0.01,0.05,SPY190208C00285000,285.0,normalDay
2019-01-10,237.0,584.0,0.0,100,258.88,253.0,0,0.0,0.0,,0.0,1,0.01,0.05,SPY190208C00285000,285.0,normalDay
2019-01-11,237.0,595.0,0.0,100,258.98,253.0,0,0.0,0.0,,0.0,1,0.01,0.04,SPY190208C00285000,285.0,normalDay
2019-01-14,237.0,438.0,0.0,100,257.4,253.0,0,0.0,0.0,,0.0,1,0.01,0.03,SPY190208C00285000,285.0,normalDay
2019-01-15,237.0,732.0,0.0,100,260.35,253.0,0,0.0,0.0,,0.0,1,0.01,0.04,SPY190208C00285000,285.0,normalDay
2019-01-16,237.0,794.0,0.0,100,260.98,253.0,0,0.0,0.0,,0.0,1,0.01,0.05,SPY190208C00285000,285.0,normalDay
2019-01-17,237.0,992.0,0.0,100,262.96,253.0,0,0.0,0.0,,0.0,1,0.01,0.05,SPY190208C00285000,285.0,normalDay
2019-01-18,237.0,1338.0,0.0,100,266.46,253.0,0,0.0,0.0,,0.0,1,0.01,0.09,SPY190208C00285000,285.0,normalDay
2019-01-22,237.0,983.0,0.0,100,262.86,253.0,0,0.0,0.0,,0.0,1,0.01,0.04,SPY190208C00285000,285.0,normalDay
2019-01-23,237.0,1039.0,0.0,100,263.41,253.0,0,0.0,0.0,,0.0,1,0.01,0.03,SPY190208C00285000,285.0,normalDay
2019-01-24,237.0,1054.0,0.0,100,263.55,253.0,0,0.0,0.0,,0.0,1,0.01,0.02,SPY190208C00285000,285.0,normalDay
2019-01-25,237.0,1276.0,0.0,100,265.78,253.0,0,0.0,0.0,,0.0,1,0.01,0.03,SPY190208C00285000,285.0,normalDay
2019-01-28,237.0,1075.0,0.0,100,263.76,253.0,0,0.0,0.0,,0.0,1,0.01,0.02,SPY190208C00285000,285.0,normalDay
2019-01-29,237.0,1041.0,0.0,100,263.41,253.0,0,0.0,0.0,,0.0,1,0.01,0.01,SPY190208C00285000,285.0,normalDay
2019-01-30,237.0,1457.0,0.0,100,267.58,253.0,0,0.0,0.0,,0.0,1,0.01,0.02,SPY190208C00285000,285.0,normalDay
2019-01-31,237.0,1692.0,0.0,100,269.93,253.0,0,0.0,0.0,,0.0,1,0.01,0.02,SPY190208C00285000,285.0,normalDay
2019-02-01,237.0,1706.0,0.0,100,270.06,253.0,0,0.0,0.0,,0.0,1,0.01,0.01,SPY190208C00285000,285.0,normalDay
2019-02-04,237.0,1896.0,0.0,100,271.96,253.0,0,0.0,0.0,,0.0,1,0.01,0.01,SPY190208C00285000,285.0,normalDay
2019-02-05,237.0,2010.0,0.0,100,273.1,253.0,0,0.0,0.0,,0.0,1,0.01,0.01,SPY190208C00285000,285.0,normalDay
2019-02-06,237.0,1974.0,0.0,100,272.74,253.0,0,0.0,0.0,,0.0,1,0.01,0.01,SPY190208C00285000,285.0,normalDay
2019-02-07,237.0,1714.0,0.0,100,270.14,253.0,0,0.0,0.0,,0.0,1,0.01,0.01,SPY190208C00285000,285.0,normalDay
2019-02-08,238.0,1747.0,1.0,100,270.47,253.0,0,0.0,0.0,,0.0,1,0.01,0.0,SPY190208C00285000,285.0,expirationDay
2019-02-11,238.0,1759.0,0.0,100,270.62,253.0,0,0.0,0.0,,0.0,1,0.07,0.1,SPY190315C00289000,289.0,normalDay
2019-02-12,238.0,2094.0,0.0,100,274.1,253.0,0,0.0,0.0,,0.0,1,0.07,0.23,SPY190315C00289000,289.0,normalDay
2019-02-13,238.0,2181.0,0.0,100,274.99,253.0,0,0.0,0.0,,0.0,1,0.07,0.25,SPY190315C00289000,289.0,normalDay
2019-02-14,238.0,2125.0,0.0,100,274.38,253.0,0,0.0,0.0,,0.0,1,0.07,0.2,SPY190315C00289000,289.0,normalDay
2019-02-15,238.0,2416.0,0.0,100,277.37,253.0,0,0.0,0.0,,0.0,1,0.07,0.28,SPY190315C00289000,289.0,normalDay
2019-02-19,238.0,2471.0,0.0,100,277.85,253.0,0,0.0,0.0,,0.0,1,0.07,0.21,SPY190315C00289000,289.0,normalDay
2019-02-20,238.0,2528.0,0.0,100,278.41,253.0,0,0.0,0.0,,0.0,1,0.07,0.2,SPY190315C00289000,289.0,normalDay
2019-02-21,238.0,2436.0,0.0,100,277.42,253.0,0,0.0,0.0,,0.0,1,0.07,0.13,SPY190315C00289000,289.0,normalDay
2019-02-22,238.0,2603.0,0.0,100,279.14,253.0,0,0.0,0.0,,0.0,1,0.07,0.18,SPY190315C00289000,289.0,normalDay
2019-02-25,238.0,2640.0,0.0,100,279.52,253.0,0,0.0,0.0,,0.0,1,0.07,0.19,SPY190315C00289000,289.0,normalDay
2019-02-26,238.0,2623.0,0.0,100,279.32,253.0,0,0.0,0.0,,0.0,1,0.07,0.16,SPY190315C00289000,289.0,normalDay
2019-02-27,238.0,2615.0,0.0,100,279.2,253.0,0,0.0,0.0,,0.0,1,0.07,0.12,SPY190315C00289000,289.0,normalDay
2019-02-28,238.0,2568.0,0.0,100,278.68,253.0,0,0.0,0.0,,0.0,1,0.07,0.07,SPY190315C00289000,289.0,normalDay
2019-03-01,238.0,2740.0,0.0,100,280.42,253.0,0,0.0,0.0,,0.0,1,0.07,0.09,SPY190315C00289000,289.0,normalDay
2019-03-04,238.0,2642.0,0.0,100,279.4,253.0,0,0.0,0.0,,0.0,1,0.07,0.05,SPY190315C00289000,289.0,normalDay
2019-03-05,238.0,2604.0,0.0,100,279.02,253.0,0,0.0,0.0,,0.0,1,0.07,0.05,SPY190315C00289000,289.0,normalDay
2019-03-06,238.0,2437.0,0.0,100,277.33,253.0,0,0.0,0.0,,0.0,1,0.07,0.03,SPY190315C00289000,289.0,normalDay
2019-03-07,238.0,2206.0,0.0,100,275.01,253.0,0,0.0,0.0,,0.0,1,0.07,0.02,SPY190315C00289000,289.0,normalDay
2019-03-08,238.0,2152.0,0.0,100,274.46,253.0,0,0.0,0.0,,0.0,1,0.07,0.01,SPY190315C00289000,289.0,normalDay
2019-03-11,238.0,2550.0,0.0,100,278.44,253.0,0,0.0,0.0,,0.0,1,0.07,0.01,SPY190315C00289000,289.0,normalDay
2019-03-12,238.0,2654.0,0.0,100,279.49,253.0,0,0.0,0.0,,0.0,1,0.07,0.02,SPY190315C00289000,289.0,normalDay
2019-03-13,238.0,2839.0,0.0,100,281.34,253.0,0,0.0,0.0,,0.0,1,0.07,0.02,SPY190315C00289000,289.0,normalDay
2019-03-14,238.0,2822.0,0.0,100,281.16,253.0,0,0.0,0.0,,0.0,1,0.07,0.01,SPY190315C00289000,289.0,normalDay
2019-03-15,245.0,2831.0,7.0,100,281.31,253.0,0,0.0,0.0,,0.0,1,0.07,0.0,SPY190315C00289000,289.0,expirationDay
2019-03-18,245.0,2930.0,0.0,100,282.33,253.0,0,0.0,0.0,,0.0,1,1.07,1.1,SPY190418C00289000,289.0,normalDay
2019-03-19,245.0,2936.0,0.0,100,282.4,253.0,0,0.0,0.0,,0.0,1,1.07,1.11,SPY190418C00289000,289.0,normalDay
2019-03-20,245.0,2871.0,0.0,100,281.55,253.0,0,0.0,0.0,,0.0,1,1.07,0.91,SPY190418C00289000,289.0,normalDay
2019-03-21,245.0,3096.0,0.0,100,284.73,253.0,0,0.0,0.0,,0.0,1,1.07,1.84,SPY190418C00289000,289.0,normalDay
2019-03-22,245.0,2642.0,0.0,100,279.25,253.0,0,0.0,0.0,,0.0,1,1.07,0.9,SPY190418C00289000,289.0,normalDay
2019-03-25,245.0,2647.0,0.0,100,279.04,253.0,0,0.0,0.0,,0.0,1,1.07,0.64,SPY190418C00289000,289.0,normalDay
2019-03-26,245.0,2853.0,0.0,100,281.12,253.0,0,0.0,0.0,,0.0,1,1.07,0.66,SPY190418C00289000,289.0,normalDay
2019-03-27,245.0,2727.0,0.0,100,279.65,253.0,0,0.0,0.0,,0.0,1,1.07,0.45,SPY190418C00289000,289.0,normalDay
2019-03-28,245.0,2832.0,0.0,100,280.71,253.0,0,0.0,0.0,,0.0,1,1.07,0.46,SPY190418C00289000,289.0,normalDay
2019-03-29,245.0,2990.0,0.0,100,282.48,253.0,0,0.0,0.0,,0.0,1,1.07,0.65,SPY190418C00289000,289.0,normalDay
2019-04-01,245.0,3267.0,0.0,100,285.83,253.0,0,0.0,0.0,,0.0,1,1.07,1.23,SPY190418C00289000,289.0,normalDay
2019-04-02,245.0,3292.0,0.0,100,285.97,253.0,0,0.0,0.0,,0.0,1,1.07,1.12,SPY190418C00289000,289.0,normalDay
2019-04-03,245.0,3302.0,0.0,100,286.42,253.0,0,0.0,0.0,,0.0,1,1.07,1.47,SPY190418C00289000,289.0,normalDay
2019-04-04,245.0,3369.0,0.0,100,287.18,253.0,0,0.0,0.0,,0.0,1,1.07,1.56,SPY190418C00289000,289.0,normalDay
2019-04-05,245.0,3475.0,0.0,100,288.57,253.0,0,0.0,0.0,,0.0,1,1.07,1.89,SPY190418C00289000,289.0,normalDay
2019-04-08,245.0,3504.0,0.0,100,288.79,253.0,0,0.0,0.0,,0.0,1,1.07,1.82,SPY190418C00289000,289.0,normalDay
2019-04-09,245.0,3429.0,0.0,100,287.31,253.0,0,0.0,0.0,,0.0,1,1.07,1.09,SPY190418C00289000,289.0,normalDay
2019-04-10,245.0,3501.0,0.0,100,288.29,253.0,0,0.0,0.0,,0.0,1,1.07,1.35,SPY190418C00289000,289.0,normalDay
2019-04-11,245.0,3523.0,0.0,100,288.21,253.0,0,0.0,0.0,,0.0,1,1.07,1.05,SPY190418C00289000,289.0,normalDay
2019-04-12,245.0,3617.0,0.0,100,290.16,253.0,0,0.0,0.0,,0.0,1,1.07,2.06,SPY190418C00289000,289.0,normalDay
2019-04-15,245.0,3632.0,0.0,100,289.97,253.0,0,0.0,0.0,,0.0,1,1.07,1.72,SPY190418C00289000,289.0,normalDay
2019-04-16,245.0,3664.0,0.0,100,290.16,253.0,0,0.0,0.0,,0.0,1,1.07,1.59,SPY190418C00289000,289.0,normalDay
2019-04-17,245.0,3675.0,0.0,100,289.45,253.0,0,0.0,0.0,,0.0,1,1.07,0.77,SPY190418C00289000,289.0,normalDay
2019-04-18,3952.0,3675.0,3707.0,0,290.02,0.0,0,0.0,0.0,,0.0,1,1.07,0.0,SPY190418C00289000,289.0,expirationDay
2019-04-22,3952.0,-3.0,0.0,0,290.27,0.0,1,0.58,0.61,SPY190524P00272500,272.5,0,0.0,0.0,,0.0,normalDay
2019-04-23,3952.0,8.0,0.0,0,292.88,0.0,1,0.58,0.5,SPY190524P00272500,272.5,0,0.0,0.0,,0.0,normalDay
2019-04-24,3952.0,0.0,0.0,0,292.23,0.0,1,0.58,0.58,SPY190524P00272500,272.5,0,0.0,0.0,,0.0,normalDay
2019-04-25,3952.0,0.0,0.0,0,292.05,0.0,1,0.58,0.58,SPY190524P00272500,272.5,0,0.0,0.0,,0.0,normalDay
2019-04-26,3952.0,11.0,0.0,0,293.41,0.0,1,0.58,0.47,SPY190524P00272500,272.5,0,0.0,0.0,,0.0,normalDay
2019-04-29,3952.0,15.0,0.0,0,293.87,0.0,1,0.58,0.43,SPY190524P00272500,272.5,0,0.0,0.0,,0.0,normalDay
2019-04-30,3952.0,17.0,0.0,0,294.02,0.0,1,0.58,0.41,SPY190524P00272500,272.5,0,0.0,0.0,,0.0,normalDay
2019-05-01,3952.0,-1.0,0.0,0,291.81,0.0,1,0.58,0.59,SPY190524P00272500,272.5,0,0.0,0.0,,0.0,normalDay
2019-05-02,3952.0,1.0,0.0,0,291.18,0.0,1,0.58,0.57,SPY190524P00272500,272.5,0,0.0,0.0,,0.0,normalDay
2019-05-03,3952.0,27.0,0.0,0,294.03,0.0,1,0.58,0.31,SPY190524P00272500,272.5,0,0.0,0.0,,0.0,normalDay
2019-05-06,3952.0,10.0,0.0,0,292.82,0.0,1,0.58,0.48,SPY190524P00272500,272.5,0,0.0,0.0,,0.0,normalDay
2019-05-07,3952.0,-65.0,0.0,0,287.93,0.0,1,0.58,1.23,SPY190524P00272500,272.5,0,0.0,0.0,,0.0,normalDay
2019-05-08,3952.0,-60.0,0.0,0,287.53,0.0,1,0.58,1.18,SPY190524P00272500,272.5,0,0.0,0.0,,0.0,normalDay
2019-05-09,3952.0,-49.0,0.0,0,286.66,0.0,1,0.58,1.07,SPY190524P00272500,272.5,0,0.0,0.0,,0.0,normalDay
2019-05-10,3952.0,9.0,0.0,0,288.1,0.0,1,0.58,0.49,SPY190524P00272500,272.5,0,0.0,0.0,,0.0,normalDay
2019-05-13,3952.0,-110.0,0.0,0,280.86,0.0,1,0.58,1.68,SPY190524P00272500,272.5,0,0.0,0.0,,0.0,normalDay
2019-05-14,3952.0,-22.0,0.0,0,283.4,0.0,1,0.58,0.8,SPY190524P00272500,272.5,0,0.0,0.0,,0.0,normalDay
2019-05-15,3952.0,24.0,0.0,0,285.06,0.0,1,0.58,0.34,SPY190524P00272500,272.5,0,0.0,0.0,,0.0,normalDay
2019-05-16,3952.0,43.0,0.0,0,287.7,0.0,1,0.58,0.15,SPY190524P00272500,272.5,0,0.0,0.0,,0.0,normalDay
2019-05-17,3952.0,36.0,0.0,0,285.84,0.0,1,0.58,0.22,SPY190524P00272500,272.5,0,0.0,0.0,,0.0,normalDay
2019-05-20,3952.0,49.0,0.0,0,283.95,0.0,1,0.58,0.09,SPY190524P00272500,272.5,0,0.0,0.0,,0.0,normalDay
2019-05-21,3952.0,55.0,0.0,0,286.51,0.0,1,0.58,0.03,SPY190524P00272500,272.5,0,0.0,0.0,,0.0,normalDay
2019-05-22,3952.0,56.0,0.0,0,285.63,0.0,1,0.58,0.02,SPY190524P00272500,272.5,0,0.0,0.0,,0.0,normalDay
2019-05-23,3952.0,54.0,0.0,0,282.14,0.0,1,0.58,0.04,SPY190524P00272500,272.5,0,0.0,0.0,,0.0,normalDay
2019-05-24,4010.0,0.0,58.0,0,282.78,0.0,1,0.58,0.0,SPY190524P00272500,272.5,0,0.0,0.0,,0.0,expirationDay
2019-05-28,4010.0,-6.0,0.0,0,280.15,0.0,1,2.59,2.65,SPY190628P00271000,271.0,0,0.0,0.0,,0.0,normalDay
2019-05-29,4010.0,-53.0,0.0,0,278.27,0.0,1,2.59,3.12,SPY190628P00271000,271.0,0,0.0,0.0,,0.0,normalDay
2019-05-30,4010.0,-14.0,0.0,0,279.03,0.0,1,2.59,2.73,SPY190628P00271000,271.0,0,0.0,0.0,,0.0,normalDay
2019-05-31,4010.0,-145.0,0.0,0,275.27,0.0,1,2.59,4.04,SPY190628P00271000,271.0,0,0.0,0.0,,0.0,normalDay
2019-06-03,4010.0,-134.0,0.0,0,274.57,0.0,1,2.59,3.93,SPY190628P00271000,271.0,0,0.0,0.0,,0.0,normalDay
2019-06-04,4010.0,66.0,0.0,0,280.53,0.0,1,2.59,1.93,SPY190628P00271000,271.0,0,0.0,0.0,,0.0,normalDay
2019-06-05,4010.0,136.0,0.0,0,282.96,0.0,1,2.59,1.23,SPY190628P00271000,271.0,0,0.0,0.0,,0.0,normalDay
2019-06-06,4010.0,162.0,0.0,0,284.8,0.0,1,2.59,0.97,SPY190628P00271000,271.0,0,0.0,0.0,,0.0,normalDay
2019-06-07,4010.0,182.0,0.0,0,287.65,0.0,1,2.59,0.77,SPY190628P00271000,271.0,0,0.0,0.0,,0.0,normalDay
2019-06-10,4010.0,207.0,0.0,0,288.97,0.0,1,2.59,0.52,SPY190628P00271000,271.0,0,0.0,0.0,,0.0,normalDay
2019-06-11,4010.0,210.0,0.0,0,288.9,0.0,1,2.59,0.49,SPY190628P00271000,271.0,0,0.0,0.0,,0.0,normalDay
2019-06-12,4010.0,212.0,0.0,0,288.39,0.0,1,2.59,0.47,SPY190628P00271000,271.0,0,0.0,0.0,,0.0,normalDay
2019-06-13,4010.0,224.0,0.0,0,289.58,0.0,1,2.59,0.35,SPY190628P00271000,271.0,0,0.0,0.0,,0.0,normalDay
2019-06-14,4010.0,234.0,0.0,0,289.26,0.0,1,2.59,0.25,SPY190628P00271000,271.0,0,0.0,0.0,,0.0,normalDay
2019-06-17,4010.0,238.0,0.0,0,289.37,0.0,1,2.59,0.21,SPY190628P00271000,271.0,0,0.0,0.0,,0.0,normalDay
2019-06-18,4010.0,247.0,0.0,0,292.4,0.0,1,2.59,0.12,SPY190628P00271000,271.0,0,0.0,0.0,,0.0,normalDay
2019-06-19,4010.0,251.0,0.0,0,293.06,0.0,1,2.59,0.08,SPY190628P00271000,271.0,0,0.0,0.0,,0.0,normalDay
2019-06-20,4010.0,251.0,0.0,0,295.86,0.0,1,2.59,0.08,SPY190628P00271000,271.0,0,0.0,0.0,,0.0,normalDay
2019-06-21,4010.0,253.0,0.0,0,294.0,0.0,1,2.59,0.06,SPY190628P00271000,271.0,0,0.0,0.0,,0.0,normalDay
2019-06-24,4010.0,256.0,0.0,0,293.64,0.0,1,2.59,0.03,SPY190628P00271000,271.0,0,0.0,0.0,,0.0,normalDay
2019-06-25,4010.0,256.0,0.0,0,290.76,0.0,1,2.59,0.03,SPY190628P00271000,271.0,0,0.0,0.0,,0.0,normalDay
2019-06-26,4010.0,257.0,0.0,0,290.47,0.0,1,2.59,0.02,SPY190628P00271000,271.0,0,0.0,0.0,,0.0,normalDay
2019-06-27,4010.0,258.0,0.0,0,291.5,0.0,1,2.59,0.01,SPY190628P00271000,271.0,0,0.0,0.0,,0.0,normalDay
2019-06-28,4269.0,0.0,259.0,0,293.0,0.0,1,2.59,0.0,SPY190628P00271000,271.0,0,0.0,0.0,,0.0,expirationDay
2019-07-01,4269.0,-4.0,0.0,0,295.66,0.0,1,0.66,0.7,SPY190802P00275000,275.0,0,0.0,0.0,,0.0,normalDay
2019-07-02,4269.0,14.0,0.0,0,296.43,0.0,1,0.66,0.52,SPY190802P00275000,275.0,0,0.0,0.0,,0.0,normalDay
2019-07-03,4269.0,28.0,0.0,0,298.8,0.0,1,0.66,0.38,SPY190802P00275000,275.0,0,0.0,0.0,,0.0,normalDay
2019-07-05,4269.0,24.0,0.0,0,298.46,0.0,1,0.66,0.42,SPY190802P00275000,275.0,0,0.0,0.0,,0.0,normalDay
2019-07-08,4269.0,19.0,0.0,0,296.82,0.0,1,0.66,0.47,SPY190802P00275000,275.0,0,0.0,0.0,,0.0,normalDay
2019-07-09,4269.0,20.0,0.0,0,297.19,0.0,1,0.66,0.46,SPY190802P00275000,275.0,0,0.0,0.0,,0.0,normalDay
2019-07-10,4269.0,36.0,0.0,0,298.61,0.0,1,0.66,0.3,SPY190802P00275000,275.0,0,0.0,0.0,,0.0,normalDay
2019-07-11,4269.0,38.0,0.0,0,299.31,0.0,1,0.66,0.28,SPY190802P00275000,275.0,0,0.0,0.0,,0.0,normalDay
2019-07-12,4269.0,46.0,0.0,0,300.65,0.0,1,0.66,0.2,SPY190802P00275000,275.0,0,0.0,0.0,,0.0,normalDay
2019-07-15,4269.0,45.0,0.0,0,300.75,0.0,1,0.66,0.21,SPY190802P00275000,275.0,0,0.0,0.0,,0.0,normalDay
2019-07-16,4269.0,43.0,0.0,0,299.78,0.0,1,0.66,0.23,SPY190802P00275000,275.0,0,0.0,0.0,,0.0,normalDay
2019-07-17,4269.0,38.0,0.0,0,297.74,0.0,1,0.66,0.28,SPY190802P00275000,275.0,0,0.0,0.0,,0.0,normalDay
2019-07-18,4269.0,45.0,0.0,0,298.83,0.0,1,0.66,0.21,SPY190802P00275000,275.0,0,0.0,0.0,,0.0,normalDay
2019-07-19,4269.0,44.0,0.0,0,297.17,0.0,1,0.66,0.22,SPY190802P00275000,275.0,0,0.0,0.0,,0.0,normalDay
2019-07-22,4269.0,54.0,0.0,0,297.9,0.0,1,0.66,0.12,SPY190802P00275000,275.0,0,0.0,0.0,,0.0,normalDay
2019-07-23,4269.0,59.0,0.0,0,300.03,0.0,1,0.66,0.07,SPY190802P00275000,275.0,0,0.0,0.0,,0.0,normalDay
2019-07-24,4269.0,62.0,0.0,0,301.44,0.0,1,0.66,0.04,SPY190802P00275000,275.0,0,0.0,0.0,,0.0,normalDay
2019-07-25,4269.0,62.0,0.0,0,300.0,0.0,1,0.66,0.04,SPY190802P00275000,275.0,0,0.0,0.0,,0.0,normalDay
2019-07-26,4269.0,63.0,0.0,0,302.01,0.0,1,0.66,0.03,SPY190802P00275000,275.0,0,0.0,0.0,,0.0,normalDay
2019-07-29,4269.0,64.0,0.0,0,301.46,0.0,1,0.66,0.02,SPY190802P00275000,275.0,0,0.0,0.0,,0.0,normalDay
2019-07-30,4269.0,63.0,0.0,0,300.72,0.0,1,0.66,0.03,SPY190802P00275000,275.0,0,0.0,0.0,,0.0,normalDay
2019-07-31,4269.0,57.0,0.0,0,297.43,0.0,1,0.66,0.09,SPY190802P00275000,275.0,0,0.0,0.0,,0.0,normalDay
2019-08-01,4269.0,63.0,0.0,0,294.84,0.0,1,0.66,0.03,SPY190802P00275000,275.0,0,0.0,0.0,,0.0,normalDay
2019-08-02,4335.0,0.0,66.0,0,292.62,0.0,1,0.66,0.0,SPY190802P00275000,275.0,0,0.0,0.0,,0.0,expirationDay
2019-08-05,4335.0,-7.0,0.0,0,283.82,0.0,1,6.94,7.01,SPY190906P00283000,283.0,0,0.0,0.0,,0.0,normalDay
2019-08-06,4335.0,261.0,0.0,0,287.8,0.0,1,6.94,4.33,SPY190906P00283000,283.0,0,0.0,0.0,,0.0,normalDay
2019-08-07,4335.0,283.0,0.0,0,287.97,0.0,1,6.94,4.11,SPY190906P00283000,283.0,0,0.0,0.0,,0.0,normalDay
2019-08-08,4335.0,480.0,0.0,0,293.62,0.0,1,6.94,2.14,SPY190906P00283000,283.0,0,0.0,0.0,,0.0,normalDay
2019-08-09,4335.0,431.0,0.0,0,291.62,0.0,1,6.94,2.63,SPY190906P00283000,283.0,0,0.0,0.0,,0.0,normalDay
2019-08-12,4335.0,288.0,0.0,0,288.07,0.0,1,6.94,4.06,SPY190906P00283000,283.0,0,0.0,0.0,,0.0,normalDay
2019-08-13,4335.0,480.0,0.0,0,292.55,0.0,1,6.94,2.14,SPY190906P00283000,283.0,0,0.0,0.0,,0.0,normalDay
2019-08-14,4335.0,148.0,0.0,0,283.9,0.0,1,6.94,5.46,SPY190906P00283000,283.0,0,0.0,0.0,,0.0,normalDay
2019-08-15,4335.0,213.0,0.0,0,284.65,0.0,1,6.94,4.81,SPY190906P00283000,283.0,0,0.0,0.0,,0.0,normalDay
2019-08-16,4335.0,413.0,0.0,0,288.85,0.0,1,6.94,2.81,SPY190906P00283000,283.0,0,0.0,0.0,,0.0,normalDay
2019-08-19,4335.0,544.0,0.0,0,292.33,0.0,1,6.94,1.5,SPY190906P00283000,283.0,0,0.0,0.0,,0.0,normalDay
2019-08-20,4335.0,495.0,0.0,0,290.09,0.0,1,6.94,1.99,SPY190906P00283000,283.0,0,0.0,0.0,,0.0,normalDay
2019-08-21,4335.0,587.0,0.0,0,292.45,0.0,1,6.94,1.07,SPY190906P00283000,283.0,0,0.0,0.0,,0.0,normalDay
2019-08-22,4335.0,573.0,0.0,0,292.36,0.0,1,6.94,1.21,SPY190906P00283000,283.0,0,0.0,0.0,,0.0,normalDay
2019-08-23,4335.0,360.0,0.0,0,284.85,0.0,1,6.94,3.34,SPY190906P00283000,283.0,0,0.0,0.0,,0.0,normalDay
2019-08-26,4335.0,496.0,0.0,0,288.0,0.0,1,6.94,1.98,SPY190906P00283000,283.0,0,0.0,0.0,,0.0,normalDay
2019-08-27,4335.0,456.0,0.0,0,286.87,0.0,1,6.94,2.38,SPY190906P00283000,283.0,0,0.0,0.0,,0.0,normalDay
2019-08-28,4335.0,548.0,0.0,0,288.89,0.0,1,6.94,1.46,SPY190906P00283000,283.0,0,0.0,0.0,,0.0,normalDay
2019-08-29,4335.0,629.0,0.0,0,292.58,0.0,1,6.94,0.65,SPY190906P00283000,283.0,0,0.0,0.0,,0.0,normalDay
2019-08-30,4335.0,630.0,0.0,0,292.45,0.0,1,6.94,0.64,SPY190906P00283000,283.0,0,0.0,0.0,,0.0,normalDay
2019-09-03,4335.0,654.0,0.0,0,290.74,0.0,1,6.94,0.4,SPY190906P00283000,283.0,0,0.0,0.0,,0.0,normalDay
2019-09-04,4335.0,689.0,0.0,0,294.04,0.0,1,6.94,0.05,SPY190906P00283000,283.0,0,0.0,0.0,,0.0,normalDay
2019-09-05,4335.0,692.0,0.0,0,297.82,0.0,1,6.94,0.02,SPY190906P00283000,283.0,0,0.0,0.0,,0.0,normalDay
2019-09-06,5029.0,0.0,694.0,0,298.05,0.0,1,6.94,0.0,SPY190906P00283000,283.0,0,0.0,0.0,,0.0,expirationDay
2019-09-09,5029.0,-3.0,0.0,0,298.2,0.0,1,0.87,0.9,SPY191011P00275000,275.0,0,0.0,0.0,,0.0,normalDay
2019-09-10,5029.0,3.0,0.0,0,298.13,0.0,1,0.87,0.84,SPY191011P00275000,275.0,0,0.0,0.0,,0.0,normalDay
2019-09-11,5029.0,24.0,0.0,0,300.25,0.0,1,0.87,0.63,SPY191011P00275000,275.0,0,0.0,0.0,,0.0,normalDay
2019-09-12,5029.0,35.0,0.0,0,301.29,0.0,1,0.87,0.52,SPY191011P00275000,275.0,0,0.0,0.0,,0.0,normalDay
2019-09-13,5029.0,42.0,0.0,0,301.09,0.0,1,0.87,0.45,SPY191011P00275000,275.0,0,0.0,0.0,,0.0,normalDay
2019-09-16,5029.0,41.0,0.0,0,300.16,0.0,1,0.87,0.46,SPY191011P00275000,275.0,0,0.0,0.0,,0.0,normalDay
2019-09-17,5029.0,48.0,0.0,0,300.92,0.0,1,0.87,0.39,SPY191011P00275000,275.0,0,0.0,0.0,,0.0,normalDay
2019-09-18,5029.0,54.0,0.0,0,301.1,0.0,1,0.87,0.33,SPY191011P00275000,275.0,0,0.0,0.0,,0.0,normalDay
2019-09-19,5029.0,55.0,0.0,0,301.08,0.0,1,0.87,0.32,SPY191011P00275000,275.0,0,0.0,0.0,,0.0,normalDay
2019-09-20,5029.0,46.0,0.0,0,298.28,0.0,1,0.87,0.41,SPY191011P00275000,275.0,0,0.0,0.0,,0.0,normalDay
2019-09-23,5029.0,57.0,0.0,0,298.21,0.0,1,0.87,0.3,SPY191011P00275000,275.0,0,0.0,0.0,,0.0,normalDay
2019-09-24,5029.0,38.0,0.0,0,295.87,0.0,1,0.87,0.49,SPY191011P00275000,275.0,0,0.0,0.0,,0.0,normalDay
2019-09-25,5029.0,54.0,0.0,0,297.62,0.0,1,0.87,0.33,SPY191011P00275000,275.0,0,0.0,0.0,,0.0,normalDay
2019-09-26,5029.0,59.0,0.0,0,297.0,0.0,1,0.87,0.28,SPY191011P00275000,275.0,0,0.0,0.0,,0.0,normalDay
2019-09-27,5029.0,53.0,0.0,0,295.4,0.0,1,0.87,0.34,SPY191011P00275000,275.0,0,0.0,0.0,,0.0,normalDay
2019-09-30,5029.0,69.0,0.0,0,296.77,0.0,1,0.87,0.18,SPY191011P00275000,275.0,0,0.0,0.0,,0.0,normalDay
2019-10-01,5029.0,54.0,0.0,0,293.24,0.0,1,0.87,0.33,SPY191011P00275000,275.0,0,0.0,0.0,,0.0,normalDay
2019-10-02,5029.0,14.0,0.0,0,288.06,0.0,1,0.87,0.73,SPY191011P00275000,275.0,0,0.0,0.0,,0.0,normalDay
2019-10-03,5029.0,53.0,0.0,0,290.42,0.0,1,0.87,0.34,SPY191011P00275000,275.0,0,0.0,0.0,,0.0,normalDay
2019-10-04,5029.0,79.0,0.0,0,294.35,0.0,1,0.87,0.08,SPY191011P00275000,275.0,0,0.0,0.0,,0.0,normalDay
2019-10-07,5029.0,82.0,0.0,0,293.08,0.0,1,0.87,0.05,SPY191011P00275000,275.0,0,0.0,0.0,,0.0,normalDay
2019-10-08,5029.0,79.0,0.0,0,288.53,0.0,1,0.87,0.08,SPY191011P00275000,275.0,0,0.0,0.0,,0.0,normalDay
2019-10-09,5029.0,84.0,0.0,0,291.27,0.0,1,0.87,0.03,SPY191011P00275000,275.0,0,0.0,0.0,,0.0,normalDay
2019-10-10,5029.0,85.0,0.0,0,293.24,0.0,1,0.87,0.02,SPY191011P00275000,275.0,0,0.0,0.0,,0.0,normalDay
2019-10-11,5116.0,0.0,87.0,0,296.28,0.0,1,0.87,0.0,SPY191011P00275000,275.0,0,0.0,0.0,,0.0,expirationDay
2019-10-14,5116.0,-3.0,0.0,0,295.95,0.0,1,1.27,1.3,SPY191115P00281000,281.0,0,0.0,0.0,,0.0,normalDay
2019-10-15,5116.0,47.0,0.0,0,298.88,0.0,1,1.27,0.8,SPY191115P00281000,281.0,0,0.0,0.0,,0.0,normalDay
2019-10-16,5116.0,48.0,0.0,0,298.4,0.0,1,1.27,0.79,SPY191115P00281000,281.0,0,0.0,0.0,,0.0,normalDay
2019-10-17,5116.0,55.0,0.0,0,299.28,0.0,1,1.27,0.72,SPY191115P00281000,281.0,0,0.0,0.0,,0.0,normalDay
2019-10-18,5116.0,47.0,0.0,0,297.97,0.0,1,1.27,0.8,SPY191115P00281000,281.0,0,0.0,0.0,,0.0,normalDay
2019-10-21,5116.0,74.0,0.0,0,299.99,0.0,1,1.27,0.53,SPY191115P00281000,281.0,0,0.0,0.0,,0.0,normalDay
2019-10-22,5116.0,68.0,0.0,0,299.01,0.0,1,1.27,0.59,SPY191115P00281000,281.0,0,0.0,0.0,,0.0,normalDay
2019-10-23,5116.0,82.0,0.0,0,299.88,0.0,1,1.27,0.45,SPY191115P00281000,281.0,0,0.0,0.0,,0.0,normalDay
2019-10-24,5116.0,90.0,0.0,0,300.37,0.0,1,1.27,0.37,SPY191115P00281000,281.0,0,0.0,0.0,,0.0,normalDay
2019-10-25,5116.0,102.0,0.0,0,301.6,0.0,1,1.27,0.25,SPY191115P00281000,281.0,0,0.0,0.0,,0.0,normalDay
2019-10-28,5116.0,108.0,0.0,0,303.3,0.0,1,1.27,0.19,SPY191115P00281000,281.0,0,0.0,0.0,,0.0,normalDay
2019-10-29,5116.0,109.0,0.0,0,303.21,0.0,1,1.27,0.18,SPY191115P00281000,281.0,0,0.0,0.0,,0.0,normalDay
2019-10-30,5116.0,114.0,0.0,0,304.14,0.0,1,1.27,0.13,SPY191115P00281000,281.0,0,0.0,0.0,,0.0,normalDay
2019-10-31,5116.0,109.0,0.0,0,303.33,0.0,1,1.27,0.18,SPY191115P00281000,281.0,0,0.0,0.0,,0.0,normalDay
2019-11-01,5116.0,119.0,0.0,0,306.14,0.0,1,1.27,0.08,SPY191115P00281000,281.0,0,0.0,0.0,,0.0,normalDay
2019-11-04,5116.0,120.0,0.0,0,307.37,0.0,1,1.27,0.07,SPY191115P00281000,281.0,0,0.0,0.0,,0.0,normalDay
2019-11-05,5116.0,121.0,0.0,0,307.03,0.0,1,1.27,0.06,SPY191115P00281000,281.0,0,0.0,0.0,,0.0,normalDay
2019-11-06,5116.0,124.0,0.0,0,307.1,0.0,1,1.27,0.03,SPY191115P00281000,281.0,0,0.0,0.0,,0.0,normalDay
2019-11-07,5116.0,125.0,0.0,0,308.18,0.0,1,1.27,0.02,SPY191115P00281000,281.0,0,0.0,0.0,,0.0,normalDay
2019-11-08,5116.0,125.0,0.0,0,308.94,0.0,1,1.27,0.02,SPY191115P00281000,281.0,0,0.0,0.0,,0.0,normalDay
2019-11-11,5116.0,126.0,0.0,0,308.35,0.0,1,1.27,0.01,SPY191115P00281000,281.0,0,0.0,0.0,,0.0,normalDay
2019-11-12,5116.0,126.0,0.0,0,309.0,0.0,1,1.27,0.01,SPY191115P00281000,281.0,0,0.0,0.0,,0.0,normalDay
2019-11-13,5116.0,126.0,0.0,0,309.1,0.0,1,1.27,0.01,SPY191115P00281000,281.0,0,0.0,0.0,,0.0,normalDay
2019-11-14,5116.0,126.0,0.0,0,309.55,0.0,1,1.27,0.01,SPY191115P00281000,281.0,0,0.0,0.0,,0.0,normalDay
2019-11-15,5243.0,0.0,127.0,0,311.79,0.0,1,1.27,0.0,SPY191115P00281000,281.0,0,0.0,0.0,,0.0,expirationDay
2019-11-18,5243.0,-3.0,0.0,0,312.02,0.0,1,0.77,0.8,SPY191220P00292000,292.0,0,0.0,0.0,,0.0,normalDay
2019-11-19,5243.0,-8.0,0.0,0,311.93,0.0,1,0.77,0.85,SPY191220P00292000,292.0,0,0.0,0.0,,0.0,normalDay
2019-11-20,5243.0,-13.0,0.0,0,310.77,0.0,1,0.77,0.9,SPY191220P00292000,292.0,0,0.0,0.0,,0.0,normalDay
2019-11-21,5243.0,-13.0,0.0,0,310.27,0.0,1,0.77,0.9,SPY191220P00292000,292.0,0,0.0,0.0,,0.0,normalDay
2019-11-22,5243.0,4.0,0.0,0,310.96,0.0,1,0.77,0.73,SPY191220P00292000,292.0,0,0.0,0.0,,0.0,normalDay
2019-11-25,5243.0,30.0,0.0,0,313.37,0.0,1,0.77,0.47,SPY191220P00292000,292.0,0,0.0,0.0,,0.0,normalDay
2019-11-26,5243.0,38.0,0.0,0,314.08,0.0,1,0.77,0.39,SPY191220P00292000,292.0,0,0.0,0.0,,0.0,normalDay
2019-11-27,5243.0,44.0,0.0,0,315.48,0.0,1,0.77,0.33,SPY191220P00292000,292.0,0,0.0,0.0,,0.0,normalDay
2019-11-29,5243.0,35.0,0.0,0,314.31,0.0,1,0.77,0.42,SPY191220P00292000,292.0,0,0.0,0.0,,0.0,normalDay
2019-12-02,5243.0,11.0,0.0,0,311.64,0.0,1,0.77,0.66,SPY191220P00292000,292.0,0,0.0,0.0,,0.0,normalDay
2019-12-03,5243.0,-9.0,0.0,0,309.55,0.0,1,0.77,0.86,SPY191220P00292000,292.0,0,0.0,0.0,,0.0,normalDay
2019-12-04,5243.0,21.0,0.0,0,311.46,0.0,1,0.77,0.56,SPY191220P00292000,292.0,0,0.0,0.0,,0.0,normalDay
2019-12-05,5243.0,35.0,0.0,0,312.02,0.0,1,0.77,0.42,SPY191220P00292000,292.0,0,0.0,0.0,,0.0,normalDay
2019-12-06,5243.0,52.0,0.0,0,314.87,0.0,1,0.77,0.25,SPY191220P00292000,292.0,0,0.0,0.0,,0.0,normalDay
2019-12-09,5243.0,38.0,0.0,0,313.88,0.0,1,0.77,0.39,SPY191220P00292000,292.0,0,0.0,0.0,,0.0,normalDay
2019-12-10,5243.0,46.0,0.0,0,313.53,0.0,1,0.77,0.31,SPY191220P00292000,292.0,0,0.0,0.0,,0.0,normalDay
2019-12-11,5243.0,55.0,0.0,0,314.42,0.0,1,0.77,0.22,SPY191220P00292000,292.0,0,0.0,0.0,,0.0,normalDay
2019-12-12,5243.0,62.0,0.0,0,317.13,0.0,1,0.77,0.15,SPY191220P00292000,292.0,0,0.0,0.0,,0.0,normalDay
2019-12-13,5243.0,65.0,0.0,0,317.32,0.0,1,0.77,0.12,SPY191220P00292000,292.0,0,0.0,0.0,,0.0,normalDay
2019-12-16,5243.0,71.0,0.0,0,319.5,0.0,1,0.77,0.06,SPY191220P00292000,292.0,0,0.0,0.0,,0.0,normalDay
2019-12-17,5243.0,74.0,0.0,0,319.57,0.0,1,0.77,0.03,SPY191220P00292000,292.0,0,0.0,0.0,,0.0,normalDay
2019-12-18,5243.0,75.0,0.0,0,319.59,0.0,1,0.77,0.02,SPY191220P00292000,292.0,0,0.0,0.0,,0.0,normalDay
2019-12-19,5243.0,76.0,0.0,0,320.9,0.0,1,0.77,0.01,SPY191220P00292000,292.0,0,0.0,0.0,,0.0,normalDay
2019-12-20,5320.0,0.0,77.0,0,320.73,0.0,1,0.77,0.0,SPY191220P00292000,292.0,0,0.0,0.0,,0.0,expirationDay
2019-12-23,5320.0,-3.0,0.0,0,321.22,0.0,1,0.82,0.85,SPY200124P00302500,302.5,0,0.0,0.0,,0.0,normalDay
2019-12-24,5320.0,0.0,0.0,0,321.23,0.0,1,0.82,0.82,SPY200124P00302500,302.5,0,0.0,0.0,,0.0,normalDay
2019-12-26,5320.0,17.0,0.0,0,322.94,0.0,1,0.82,0.65,SPY200124P00302500,302.5,0,0.0,0.0,,0.0,normalDay
2019-12-27,5320.0,11.0,0.0,0,322.86,0.0,1,0.82,0.71,SPY200124P00302500,302.5,0,0.0,0.0,,0.0,normalDay
2019-12-30,5320.0,-2.0,0.0,0,321.08,0.0,1,0.82,0.84,SPY200124P00302500,302.5,0,0.0,0.0,,0.0,normalDay
2019-12-31,5320.0,18.0,0.0,0,321.86,0.0,1,0.82,0.64,SPY200124P00302500,302.5,0,0.0,0.0,,0.0,normalDay
2020-01-02,5320.0,49.0,0.0,0,324.87,0.0,1,0.82,0.33,SPY200124P00302500,302.5,0,0.0,0.0,,0.0,normalDay
2020-01-03,5320.0,30.0,0.0,0,322.41,0.0,1,0.82,0.52,SPY200124P00302500,302.5,0,0.0,0.0,,0.0,normalDay
2020-01-06,5320.0,52.0,0.0,0,323.64,0.0,1,0.82,0.3,SPY200124P00302500,302.5,0,0.0,0.0,,0.0,normalDay
2020-01-07,5320.0,51.0,0.0,0,322.73,0.0,1,0.82,0.31,SPY200124P00302500,302.5,0,0.0,0.0,,0.0,normalDay
2020-01-08,5320.0,57.0,0.0,0,324.45,0.0,1,0.82,0.25,SPY200124P00302500,302.5,0,0.0,0.0,,0.0,normalDay
2020-01-09,5320.0,67.0,0.0,0,326.65,0.0,1,0.82,0.15,SPY200124P00302500,302.5,0,0.0,0.0,,0.0,normalDay
2020-01-10,5320.0,71.0,0.0,0,325.71,0.0,1,0.82,0.11,SPY200124P00302500,302.5,0,0.0,0.0,,0.0,normalDay
2020-01-13,5320.0,77.0,0.0,0,327.95,0.0,1,0.82,0.05,SPY200124P00302500,302.5,0,0.0,0.0,,0.0,normalDay
2020-01-14,5320.0,77.0,0.0,0,327.45,0.0,1,0.82,0.05,SPY200124P00302500,302.5,0,0.0,0.0,,0.0,normalDay
2020-01-15,5320.0,78.0,0.0,0,328.19,0.0,1,0.82,0.04,SPY200124P00302500,302.5,0,0.0,0.0,,0.0,normalDay
2020-01-16,5320.0,79.0,0.0,0,330.92,0.0,1,0.82,0.03,SPY200124P00302500,302.5,0,0.0,0.0,,0.0,normalDay
2020-01-17,5320.0,80.0,0.0,0,331.95,0.0,1,0.82,0.02,SPY200124P00302500,302.5,0,0.0,0.0,,0.0,normalDay
2020-01-21,5320.0,81.0,0.0,0,331.3,0.0,1,0.82,0.01,SPY200124P00302500,302.5,0,0.0,0.0,,0.0,normalDay
2020-01-22,5320.0,81.0,0.0,0,331.34,0.0,1,0.82,0.01,SPY200124P00302500,302.5,0,0.0,0.0,,0.0,normalDay
2020-01-23,5320.0,81.0,0.0,0,331.72,0.0,1,0.82,0.01,SPY200124P00302500,302.5,0,0.0,0.0,,0.0,normalDay
2020-01-24,5402.0,0.0,82.0,0,328.77,0.0,1,0.82,0.0,SPY200124P00302500,302.5,0,0.0,0.0,,0.0,expirationDay
2020-01-27,5402.0,-5.0,0.0,0,323.5,0.0,1,3.16,3.21,SPY200228P00313000,313.0,0,0.0,0.0,,0.0,normalDay
2020-01-28,5402.0,114.0,0.0,0,326.89,0.0,1,3.16,2.02,SPY200228P00313000,313.0,0,0.0,0.0,,0.0,normalDay
2020-01-29,5402.0,113.0,0.0,0,326.62,0.0,1,3.16,2.03,SPY200228P00313000,313.0,0,0.0,0.0,,0.0,normalDay
2020-01-30,5402.0,166.0,0.0,0,327.68,0.0,1,3.16,1.5,SPY200228P00313000,313.0,0,0.0,0.0,,0.0,normalDay
2020-01-31,5402.0,7.0,0.0,0,321.73,0.0,1,3.16,3.09,SPY200228P00313000,313.0,0,0.0,0.0,,0.0,normalDay
2020-02-03,5402.0,81.0,0.0,0,324.12,0.0,1,3.16,2.35,SPY200228P00313000,313.0,0,0.0,0.0,,0.0,normalDay
2020-02-04,5402.0,206.0,0.0,0,329.06,0.0,1,3.16,1.1,SPY200228P00313000,313.0,0,0.0,0.0,,0.0,normalDay
2020-02-05,5402.0,253.0,0.0,0,332.86,0.0,1,3.16,0.63,SPY200228P00313000,313.0,0,0.0,0.0,,0.0,normalDay
2020-02-06,5402.0,257.0,0.0,0,333.98,0.0,1,3.16,0.59,SPY200228P00313000,313.0,0,0.0,0.0,,0.0,normalDay
2020-02-07,5402.0,247.0,0.0,0,332.2,0.0,1,3.16,0.69,SPY200228P00313000,313.0,0,0.0,0.0,,0.0,normalDay
2020-02-10,5402.0,276.0,0.0,0,334.68,0.0,1,3.16,0.4,SPY200228P00313000,313.0,0,0.0,0.0,,0.0,normalDay
2020-02-11,5402.0,278.0,0.0,0,335.26,0.0,1,3.16,0.38,SPY200228P00313000,313.0,0,0.0,0.0,,0.0,normalDay
2020-02-12,5402.0,294.0,0.0,0,337.42,0.0,1,3.16,0.22,SPY200228P00313000,313.0,0,0.0,0.0,,0.0,normalDay
2020-02-13,5402.0,293.0,0.0,0,337.06,0.0,1,3.16,0.23,SPY200228P00313000,313.0,0,0.0,0.0,,0.0,normalDay
2020-02-14,5402.0,300.0,0.0,0,337.6,0.0,1,3.16,0.16,SPY200228P00313000,313.0,0,0.0,0.0,,0.0,normalDay
2020-02-18,5402.0,303.0,0.0,0,336.73,0.0,1,3.16,0.13,SPY200228P00313000,313.0,0,0.0,0.0,,0.0,normalDay
2020-02-19,5402.0,307.0,0.0,0,338.34,0.0,1,3.16,0.09,SPY200228P00313000,313.0,0,0.0,0.0,,0.0,normalDay
2020-02-20,5402.0,307.0,0.0,0,336.95,0.0,1,3.16,0.09,SPY200228P00313000,313.0,0,0.0,0.0,,0.0,normalDay
2020-02-21,5402.0,307.0,0.0,0,333.48,0.0,1,3.16,0.09,SPY200228P00313000,313.0,0,0.0,0.0,,0.0,normalDay
2020-02-24,5402.0,130.0,0.0,0,322.42,0.0,1,3.16,1.86,SPY200228P00313000,313.0,0,0.0,0.0,,0.0,normalDay
2020-02-25,5402.0,-105.0,0.0,0,312.65,0.0,1,3.16,4.21,SPY200228P00313000,313.0,0,0.0,0.0,,0.0,normalDay
2020-02-26,5402.0,-110.0,0.0,0,311.5,0.0,1,3.16,4.26,SPY200228P00313000,313.0,0,0.0,0.0,,0.0,normalDay
2020-02-27,5402.0,-1276.0,0.0,0,297.51,0.0,1,3.16,15.92,SPY200228P00313000,313.0,0,0.0,0.0,,0.0,normalDay
2020-02-28,5718.0,-1674.0,316.0,100,296.26,313.0,1,3.16,0.0,SPY200228P00313000,313.0,0,0.0,0.0,,0.0,expirationDay
2020-03-02,5718.0,-391.0,0.0,100,309.09,313.0,0,0.0,0.0,,0.0,0,0.0,0.0,,0.0,bidTooLow
2020-03-03,5718.0,-1276.0,0.0,100,300.24,313.0,0,0.0,0.0,,0.0,0,0.0,0.0,,0.0,bidTooLow
2020-03-04,5718.0,-14.0,0.0,100,312.86,313.0,0,0.0,0.0,,0.0,0,0.0,0.0,,0.0,bidTooLow
2020-03-05,5718.0,-1068.0,0.0,100,302.46,313.0,0,0.0,0.0,,0.0,1,0.2,0.34,SPY200406C00340000,340.0,normalDay
2020-03-06,5718.0,-1549.0,0.0,100,297.46,313.0,0,0.0,0.0,,0.0,1,0.2,0.15,SPY200406C00340000,340.0,normalDay
2020-03-09,5718.0,-3870.0,0.0,100,274.23,313.0,0,0.0,0.0,,0.0,1,0.2,0.13,SPY200406C00340000,340.0,normalDay
2020-03-10,5718.0,-2448.0,0.0,100,288.42,313.0,0,0.0,0.0,,0.0,1,0.2,0.1,SPY200406C00340000,340.0,normalDay
2020-03-11,5718.0,-3851.0,0.0,100,274.36,313.0,0,0.0,0.0,,0.0,1,0.2,0.07,SPY200406C00340000,340.0,normalDay
2020-03-12,5718.0,-6474.0,0.0,100,248.11,313.0,0,0.0,0.0,,0.0,1,0.2,0.05,SPY200406C00340000,340.0,normalDay
2020-03-13,5718.0,-4358.0,0.0,100,269.32,313.0,0,0.0,0.0,,0.0,1,0.2,0.1,SPY200406C00340000,340.0,normalDay
2020-03-16,5718.0,-7302.0,0.0,100,239.85,313.0,0,0.0,0.0,,0.0,1,0.2,0.07,SPY200406C00340000,340.0,normalDay
2020-03-17,5718.0,-6004.0,0.0,100,252.8,313.0,0,0.0,0.0,,0.0,1,0.2,0.04,SPY200406C00340000,340.0,normalDay
2020-03-18,5718.0,-7284.0,0.0,100,240.0,313.0,0,0.0,0.0,,0.0,1,0.2,0.04,SPY200406C00340000,340.0,normalDay
2020-03-19,5718.0,-7233.0,0.0,100,240.51,313.0,0,0.0,0.0,,0.0,1,0.2,0.04,SPY200406C00340000,340.0,normalDay
2020-03-20,5718.0,-8402.0,0.0,100,228.8,313.0,0,0.0,0.0,,0.0,1,0.2,0.02,SPY200406C00340000,340.0,normalDay
2020-03-23,5718.0,-8987.0,0.0,100,222.95,313.0,0,0.0,0.0,,0.0,1,0.2,0.02,SPY200406C00340000,340.0,normalDay
2020-03-24,5718.0,-6969.0,0.0,100,243.15,313.0,0,0.0,0.0,,0.0,1,0.2,0.04,SPY200406C00340000,340.0,normalDay
2020-03-25,5718.0,-6603.0,0.0,100,246.79,313.0,0,0.0,0.0,,0.0,1,0.2,0.02,SPY200406C00340000,340.0,normalDay
2020-03-26,5718.0,-5162.0,0.0,100,261.2,313.0,0,0.0,0.0,,0.0,1,0.2,0.02,SPY200406C00340000,340.0,normalDay
2020-03-27,5718.0,-5940.0,0.0,100,253.42,313.0,0,0.0,0.0,,0.0,1,0.2,0.02,SPY200406C00340000,340.0,normalDay
2020-03-30,5718.0,-5116.0,0.0,100,261.65,313.0,0,0.0,0.0,,0.0,1,0.2,0.01,SPY200406C00340000,340.0,normalDay
2020-03-31,5718.0,-5506.0,0.0,100,257.75,313.0,0,0.0,0.0,,0.0,1,0.2,0.01,SPY200406C00340000,340.0,normalDay
2020-04-01,5718.0,-6666.0,0.0,100,246.15,313.0,0,0.0,0.0,,0.0,1,0.2,0.01,SPY200406C00340000,340.0,normalDay
2020-04-02,5718.0,-6098.0,0.0,100,251.83,313.0,0,0.0,0.0,,0.0,1,0.2,0.01,SPY200406C00340000,340.0,normalDay
2020-04-03,5718.0,-6462.0,0.0,100,248.19,313.0,0,0.0,0.0,,0.0,1,0.2,0.01,SPY200406C00340000,340.0,normalDay
2020-04-06,5738.0,-4814.0,20.0,100,264.86,313.0,0,0.0,0.0,,0.0,1,0.2,0.0,SPY200406C00340000,340.0,expirationDay
2020-04-07,5738.0,-4792.0,0.0,100,265.13,313.0,0,0.0,0.0,,0.0,1,0.15,0.2,SPY200508C00315000,315.0,normalDay
2020-04-08,5738.0,-3913.0,0.0,100,274.03,313.0,0,0.0,0.0,,0.0,1,0.15,0.31,SPY200508C00315000,315.0,normalDay
2020-04-09,5738.0,-3510.0,0.0,100,278.2,313.0,0,0.0,0.0,,0.0,1,0.15,0.45,SPY200508C00315000,315.0,normalDay
2020-04-13,5738.0,-3745.0,0.0,100,275.66,313.0,0,0.0,0.0,,0.0,1,0.15,0.26,SPY200508C00315000,315.0,normalDay
2020-04-14,5738.0,-2957.0,0.0,100,283.79,313.0,0,0.0,0.0,,0.0,1,0.15,0.51,SPY200508C00315000,315.0,normalDay
2020-04-15,5738.0,-3534.0,0.0,100,277.76,313.0,0,0.0,0.0,,0.0,1,0.15,0.25,SPY200508C00315000,315.0,normalDay
2020-04-16,5738.0,-3396.0,0.0,100,279.1,313.0,0,0.0,0.0,,0.0,1,0.15,0.21,SPY200508C00315000,315.0,normalDay
2020-04-17,5738.0,-2663.0,0.0,100,286.64,313.0,0,0.0,0.0,,0.0,1,0.15,0.42,SPY200508C00315000,315.0,normalDay
2020-04-20,5738.0,-3146.0,0.0,100,281.59,313.0,0,0.0,0.0,,0.0,1,0.15,0.2,SPY200508C00315000,315.0,normalDay
2020-04-21,5738.0,-3991.0,0.0,100,273.04,313.0,0,0.0,0.0,,0.0,1,0.15,0.1,SPY200508C00315000,315.0,normalDay
2020-04-22,5738.0,-3384.0,0.0,100,279.1,313.0,0,0.0,0.0,,0.0,1,0.15,0.09,SPY200508C00315000,315.0,normalDay
2020-04-23,5738.0,-3384.0,0.0,100,279.08,313.0,0,0.0,0.0,,0.0,1,0.15,0.07,SPY200508C00315000,315.0,normalDay
2020-04-24,5738.0,-2994.0,0.0,100,282.97,313.0,0,0.0,0.0,,0.0,1,0.15,0.06,SPY200508C00315000,315.0,normalDay
2020-04-27,5738.0,-2586.0,0.0,100,287.05,313.0,0,0.0,0.0,,0.0,1,0.15,0.06,SPY200508C00315000,315.0,normalDay
2020-04-28,5738.0,-2717.0,0.0,100,285.73,313.0,0,0.0,0.0,,0.0,1,0.15,0.05,SPY200508C00315000,315.0,normalDay
2020-04-29,5738.0,-1974.0,0.0,100,293.21,313.0,0,0.0,0.0,,0.0,1,0.15,0.1,SPY200508C00315000,315.0,normalDay
2020-04-30,5738.0,-2243.0,0.0,100,290.48,313.0,0,0.0,0.0,,0.0,1,0.15,0.06,SPY200508C00315000,315.0,normalDay
2020-05-01,5738.0,-3007.0,0.0,100,282.79,313.0,0,0.0,0.0,,0.0,1,0.15,0.01,SPY200508C00315000,315.0,normalDay
2020-05-04,5738.0,-2929.0,0.0,100,283.57,313.0,0,0.0,0.0,,0.0,1,0.15,0.01,SPY200508C00315000,315.0,normalDay
2020-05-05,5738.0,-2667.0,0.0,100,286.19,313.0,0,0.0,0.0,,0.0,1,0.15,0.01,SPY200508C00315000,315.0,normalDay
2020-05-06,5738.0,-2861.0,0.0,100,284.25,313.0,0,0.0,0.0,,0.0,1,0.15,0.01,SPY200508C00315000,315.0,normalDay
2020-05-07,5738.0,-2518.0,0.0,100,287.68,313.0,0,0.0,0.0,,0.0,1,0.15,0.01,SPY200508C00315000,315.0,normalDay
2020-05-08,5753.0,-2056.0,15.0,100,292.44,313.0,0,0.0,0.0,,0.0,1,0.15,0.0,SPY200508C00315000,315.0,expirationDay
2020-05-11,5753.0,-2054.0,0.0,100,292.5,313.0,0,0.0,0.0,,0.0,1,0.95,0.99,SPY200612C00311000,311.0,normalDay
2020-05-12,5753.0,-2601.0,0.0,100,286.67,313.0,0,0.0,0.0,,0.0,1,0.95,0.63,SPY200612C00311000,311.0,normalDay
2020-05-13,5753.0,-3084.0,0.0,100,281.6,313.0,0,0.0,0.0,,0.0,1,0.95,0.39,SPY200612C00311000,311.0,normalDay
2020-05-14,5753.0,-2754.0,0.0,100,284.97,313.0,0,0.0,0.0,,0.0,1,0.95,0.46,SPY200612C00311000,311.0,normalDay
2020-05-15,5753.0,-2614.0,0.0,100,286.28,313.0,0,0.0,0.0,,0.0,1,0.95,0.37,SPY200612C00311000,311.0,normalDay
2020-05-18,5753.0,-1831.0,0.0,100,295.0,313.0,0,0.0,0.0,,0.0,1,0.95,1.26,SPY200612C00311000,311.0,normalDay
2020-05-19,5753.0,-2098.0,0.0,100,291.97,313.0,0,0.0,0.0,,0.0,1,0.95,0.9,SPY200612C00311000,311.0,normalDay
2020-05-20,5753.0,-1661.0,0.0,100,296.93,313.0,0,0.0,0.0,,0.0,1,0.95,1.49,SPY200612C00311000,311.0,normalDay
2020-05-21,5753.0,-1818.0,0.0,100,294.88,313.0,0,0.0,0.0,,0.0,1,0.95,1.01,SPY200612C00311000,311.0,normalDay
2020-05-22,5753.0,-1751.0,0.0,100,295.44,313.0,0,0.0,0.0,,0.0,1,0.95,0.9,SPY200612C00311000,311.0,normalDay
2020-05-26,5753.0,-1420.0,0.0,100,299.08,313.0,0,0.0,0.0,,0.0,1,0.95,1.23,SPY200612C00311000,311.0,normalDay
2020-05-27,5753.0,-1073.0,0.0,100,303.53,313.0,0,0.0,0.0,,0.0,1,0.95,2.21,SPY200612C00311000,311.0,normalDay
2020-05-28,5753.0,-1139.0,0.0,100,302.97,313.0,0,0.0,0.0,,0.0,1,0.95,2.31,SPY200612C00311000,311.0,normalDay
2020-05-29,5753.0,-1019.0,0.0,100,304.32,313.0,0,0.0,0.0,,0.0,1,0.95,2.46,SPY200612C00311000,311.0,normalDay
2020-06-01,5753.0,-884.0,0.0,100,305.55,313.0,0,0.0,0.0,,0.0,1,0.95,2.34,SPY200612C00311000,311.0,normalDay
2020-06-02,5753.0,-680.0,0.0,100,308.08,313.0,0,0.0,0.0,,0.0,1,0.95,2.83,SPY200612C00311000,311.0,normalDay
2020-06-03,5753.0,-466.0,0.0,100,312.18,313.0,0,0.0,0.0,,0.0,1,0.95,4.79,SPY200612C00311000,311.0,normalDay
2020-06-04,5753.0,-470.0,0.0,100,311.36,313.0,0,0.0,0.0,,0.0,1,0.95,4.01,SPY200612C00311000,311.0,normalDay
2020-06-05,5753.0,-200.0,0.0,100,319.34,313.0,0,0.0,0.0,,0.0,1,0.95,9.29,SPY200612C00311000,311.0,normalDay
2020-06-08,5753.0,-103.0,0.0,100,323.2,313.0,0,0.0,0.0,,0.0,1,0.95,12.18,SPY200612C00311000,311.0,normalDay
2020-06-09,5753.0,-221.0,0.0,100,320.79,313.0,0,0.0,0.0,,0.0,1,0.95,10.95,SPY200612C00311000,311.0,normalDay
2020-06-10,5753.0,-113.0,0.0,100,319.0,313.0,0,0.0,0.0,,0.0,1,0.95,8.08,SPY200612C00311000,311.0,normalDay
2020-06-11,5753.0,-1170.0,0.0,100,300.61,313.0,0,0.0,0.0,,0.0,1,0.95,0.26,SPY200612C00311000,311.0,normalDay
2020-06-12,5848.0,-879.0,95.0,100,304.21,313.0,0,0.0,0.0,,0.0,1,0.95,0.0,SPY200612C00311000,311.0,expirationDay
2020-06-15,5848.0,-598.0,0.0,100,307.05,313.0,0,0.0,0.0,,0.0,1,0.17,0.2,SPY200717C00352000,352.0,normalDay
2020-06-16,5848.0,-18.0,0.0,100,312.96,313.0,0,0.0,0.0,,0.0,1,0.17,0.31,SPY200717C00352000,352.0,normalDay
2020-06-17,5848.0,-141.0,0.0,100,311.66,313.0,0,0.0,0.0,,0.0,1,0.17,0.24,SPY200717C00352000,352.0,normalDay
2020-06-18,5848.0,-124.0,0.0,100,311.78,313.0,0,0.0,0.0,,0.0,1,0.17,0.19,SPY200717C00352000,352.0,normalDay
2020-06-19,5848.0,-431.0,0.0,100,308.64,313.0,0,0.0,0.0,,0.0,1,0.17,0.12,SPY200717C00352000,352.0,normalDay
2020-06-22,5848.0,-232.0,0.0,100,310.62,313.0,0,0.0,0.0,,0.0,1,0.17,0.11,SPY200717C00352000,352.0,normalDay
2020-06-23,5848.0,-89.0,0.0,100,312.05,313.0,0,0.0,0.0,,0.0,1,0.17,0.11,SPY200717C00352000,352.0,normalDay
2020-06-24,5848.0,-881.0,0.0,100,304.09,313.0,0,0.0,0.0,,0.0,1,0.17,0.07,SPY200717C00352000,352.0,normalDay
2020-06-25,5848.0,-555.0,0.0,100,307.35,313.0,0,0.0,0.0,,0.0,1,0.17,0.07,SPY200717C00352000,352.0,normalDay
2020-06-26,5848.0,-1282.0,0.0,100,300.05,313.0,0,0.0,0.0,,0.0,1,0.17,0.04,SPY200717C00352000,352.0,normalDay
2020-06-29,5848.0,-841.0,0.0,100,304.46,313.0,0,0.0,0.0,,0.0,1,0.17,0.04,SPY200717C00352000,352.0,normalDay
2020-06-30,5848.0,-452.0,0.0,100,308.36,313.0,0,0.0,0.0,,0.0,1,0.17,0.05,SPY200717C00352000,352.0,normalDay
2020-07-01,5848.0,-235.0,0.0,100,310.52,313.0,0,0.0,0.0,,0.0,1,0.17,0.04,SPY200717C00352000,352.0,normalDay
2020-07-02,5848.0,-62.0,0.0,100,312.23,313.0,0,0.0,0.0,,0.0,1,0.17,0.02,SPY200717C00352000,352.0,normalDay
2020-07-06,5848.0,419.0,0.0,100,317.05,313.0,0,0.0,0.0,,0.0,1,0.17,0.03,SPY200717C00352000,352.0,normalDay
2020-07-07,5848.0,93.0,0.0,100,313.78,313.0,0,0.0,0.0,,0.0,1,0.17,0.02,SPY200717C00352000,352.0,normalDay
2020-07-08,5848.0,334.0,0.0,100,316.18,313.0,0,0.0,0.0,,0.0,1,0.17,0.01,SPY200717C00352000,352.0,normalDay
2020-07-09,5848.0,154.0,0.0,100,314.38,313.0,0,0.0,0.0,,0.0,1,0.17,0.01,SPY200717C00352000,352.0,normalDay
2020-07-10,5848.0,475.0,0.0,100,317.59,313.0,0,0.0,0.0,,0.0,1,0.17,0.01,SPY200717C00352000,352.0,normalDay
2020-07-13,5848.0,200.0,0.0,100,314.84,313.0,0,0.0,0.0,,0.0,1,0.17,0.01,SPY200717C00352000,352.0,normalDay
2020-07-14,5848.0,608.0,0.0,100,318.92,313.0,0,0.0,0.0,,0.0,1,0.17,0.01,SPY200717C00352000,352.0,normalDay
2020-07-15,5848.0,901.0,0.0,100,321.85,313.0,0,0.0,0.0,,0.0,1,0.17,0.01,SPY200717C00352000,352.0,normalDay
2020-07-16,5848.0,795.0,0.0,100,320.79,313.0,0,0.0,0.0,,0.0,1,0.17,0.01,SPY200717C00352000,352.0,normalDay
2020-07-17,5865.0,872.0,17.0,100,321.72,313.0,0,0.0,0.0,,0.0,1,0.17,0.0,SPY200717C00352000,352.0,expirationDay
2020-07-20,5865.0,1129.0,0.0,100,324.32,313.0,0,0.0,0.0,,0.0,1,0.76,0.79,SPY200821C00346000,346.0,normalDay
2020-07-21,5865.0,1195.0,0.0,100,325.01,313.0,0,0.0,0.0,,0.0,1,0.76,0.82,SPY200821C00346000,346.0,normalDay
2020-07-22,5865.0,1383.0,0.0,100,326.86,313.0,0,0.0,0.0,,0.0,1,0.76,0.79,SPY200821C00346000,346.0,normalDay
2020-07-23,5865.0,1030.0,0.0,100,322.96,313.0,0,0.0,0.0,,0.0,1,0.76,0.42,SPY200821C00346000,346.0,normalDay
2020-07-24,5865.0,834.0,0.0,100,320.88,313.0,0,0.0,0.0,,0.0,1,0.76,0.3,SPY200821C00346000,346.0,normalDay
2020-07-27,5865.0,1070.0,0.0,100,323.22,313.0,0,0.0,0.0,,0.0,1,0.76,0.28,SPY200821C00346000,346.0,normalDay
2020-07-28,5865.0,873.0,0.0,100,321.17,313.0,0,0.0,0.0,,0.0,1,0.76,0.2,SPY200821C00346000,346.0,normalDay
2020-07-29,5865.0,1257.0,0.0,100,325.12,313.0,0,0.0,0.0,,0.0,1,0.76,0.31,SPY200821C00346000,346.0,normalDay
2020-07-30,5865.0,1144.0,0.0,100,323.96,313.0,0,0.0,0.0,,0.0,1,0.76,0.28,SPY200821C00346000,346.0,normalDay
2020-07-31,5865.0,1400.0,0.0,100,326.52,313.0,0,0.0,0.0,,0.0,1,0.76,0.28,SPY200821C00346000,346.0,normalDay
2020-08-03,5865.0,1621.0,0.0,100,328.79,313.0,0,0.0,0.0,,0.0,1,0.76,0.34,SPY200821C00346000,346.0,normalDay
2020-08-04,5865.0,1747.0,0.0,100,330.06,313.0,0,0.0,0.0,,0.0,1,0.76,0.35,SPY200821C00346000,346.0,normalDay
2020-08-05,5865.0,1946.0,0.0,100,332.11,313.0,0,0.0,0.0,,0.0,1,0.76,0.41,SPY200821C00346000,346.0,normalDay
2020-08-06,5865.0,2151.0,0.0,100,334.33,313.0,0,0.0,0.0,,0.0,1,0.76,0.58,SPY200821C00346000,346.0,normalDay
2020-08-07,5865.0,2186.0,0.0,100,334.57,313.0,0,0.0,0.0,,0.0,1,0.76,0.47,SPY200821C00346000,346.0,normalDay
2020-08-10,5865.0,2296.0,0.0,100,335.57,313.0,0,0.0,0.0,,0.0,1,0.76,0.37,SPY200821C00346000,346.0,normalDay
2020-08-11,5865.0,2030.0,0.0,100,332.8,313.0,0,0.0,0.0,,0.0,1,0.76,0.26,SPY200821C00346000,346.0,normalDay
2020-08-12,5865.0,2473.0,0.0,100,337.44,313.0,0,0.0,0.0,,0.0,1,0.76,0.47,SPY200821C00346000,346.0,normalDay
2020-08-13,5865.0,2433.0,0.0,100,336.83,313.0,0,0.0,0.0,,0.0,1,0.76,0.26,SPY200821C00346000,346.0,normalDay
2020-08-14,5865.0,2446.0,0.0,100,336.84,313.0,0,0.0,0.0,,0.0,1,0.76,0.14,SPY200821C00346000,346.0,normalDay
2020-08-17,5865.0,2558.0,0.0,100,337.91,313.0,0,0.0,0.0,,0.0,1,0.76,0.09,SPY200821C00346000,346.0,normalDay
2020-08-18,5865.0,2633.0,0.0,100,338.64,313.0,0,0.0,0.0,,0.0,1,0.76,0.07,SPY200821C00346000,346.0,normalDay
2020-08-19,5865.0,2496.0,0.0,100,337.23,313.0,0,0.0,0.0,,0.0,1,0.76,0.03,SPY200821C00346000,346.0,normalDay
2020-08-20,5865.0,2602.0,0.0,100,338.28,313.0,0,0.0,0.0,,0.0,1,0.76,0.02,SPY200821C00346000,346.0,normalDay
2020-08-21,5941.0,2648.0,76.0,100,339.48,313.0,0,0.0,0.0,,0.0,1,0.76,0.0,SPY200821C00346000,346.0,expirationDay
2020-08-24,5941.0,2989.0,0.0,100,342.92,313.0,0,0.0,0.0,,0.0,1,0.49,0.52,SPY200925C00362000,362.0,normalDay
2020-08-25,5941.0,3100.0,0.0,100,344.12,313.0,0,0.0,0.0,,0.0,1,0.49,0.61,SPY200925C00362000,362.0,normalDay
2020-08-26,5941.0,3385.0,0.0,100,347.57,313.0,0,0.0,0.0,,0.0,1,0.49,1.21,SPY200925C00362000,362.0,normalDay
2020-08-27,5941.0,3429.0,0.0,100,348.33,313.0,0,0.0,0.0,,0.0,1,0.49,1.53,SPY200925C00362000,362.0,normalDay
2020-08-28,5941.0,3636.0,0.0,100,350.58,313.0,0,0.0,0.0,,0.0,1,0.49,1.71,SPY200925C00362000,362.0,normalDay
2020-08-31,5941.0,3503.0,0.0,100,349.31,313.0,0,0.0,0.0,,0.0,1,0.49,1.77,SPY200925C00362000,362.0,normalDay
2020-09-01,5941.0,3779.0,0.0,100,352.6,313.0,0,0.0,0.0,,0.0,1,0.49,2.3,SPY200925C00362000,362.0,normalDay
2020-09-02,5941.0,4073.0,0.0,100,357.7,313.0,0,0.0,0.0,,0.0,1,0.49,4.46,SPY200925C00362000,362.0,normalDay
2020-09-03,5941.0,3123.0,0.0,100,345.39,313.0,0,0.0,0.0,,0.0,1,0.49,1.65,SPY200925C00362000,362.0,normalDay
2020-09-04,5941.0,2931.0,0.0,100,342.57,313.0,0,0.0,0.0,,0.0,1,0.49,0.75,SPY200925C00362000,362.0,normalDay
2020-09-08,5941.0,2044.0,0.0,100,333.21,313.0,0,0.0,0.0,,0.0,1,0.49,0.26,SPY200925C00362000,362.0,normalDay
2020-09-09,5941.0,2687.0,0.0,100,339.79,313.0,0,0.0,0.0,,0.0,1,0.49,0.41,SPY200925C00362000,362.0,normalDay
2020-09-10,5941.0,2118.0,0.0,100,333.89,313.0,0,0.0,0.0,,0.0,1,0.49,0.2,SPY200925C00362000,362.0,normalDay
2020-09-11,5941.0,2145.0,0.0,100,334.06,313.0,0,0.0,0.0,,0.0,1,0.49,0.1,SPY200925C00362000,362.0,normalDay
2020-09-14,5941.0,2586.0,0.0,100,338.46,313.0,0,0.0,0.0,,0.0,1,0.49,0.09,SPY200925C00362000,362.0,normalDay
2020-09-15,5941.0,2756.0,0.0,100,340.17,313.0,0,0.0,0.0,,0.0,1,0.49,0.1,SPY200925C00362000,362.0,normalDay
2020-09-16,5941.0,2626.0,0.0,100,338.82,313.0,0,0.0,0.0,,0.0,1,0.49,0.05,SPY200925C00362000,362.0,normalDay
2020-09-17,5941.0,2330.0,0.0,100,335.84,313.0,0,0.0,0.0,,0.0,1,0.49,0.03,SPY200925C00362000,362.0,normalDay
2020-09-18,5941.0,1812.0,0.0,100,330.65,313.0,0,0.0,0.0,,0.0,1,0.49,0.02,SPY200925C00362000,362.0,normalDay
2020-09-21,5941.0,1445.0,0.0,100,326.97,313.0,0,0.0,0.0,,0.0,1,0.49,0.01,SPY200925C00362000,362.0,normalDay
2020-09-22,5941.0,1778.0,0.0,100,330.3,313.0,0,0.0,0.0,,0.0,1,0.49,0.01,SPY200925C00362000,362.0,normalDay
2020-09-23,5941.0,1012.0,0.0,100,322.64,313.0,0,0.0,0.0,,0.0,1,0.49,0.01,SPY200925C00362000,362.0,normalDay
2020-09-24,5941.0,1098.0,0.0,100,323.5,313.0,0,0.0,0.0,,0.0,1,0.49,0.01,SPY200925C00362000,362.0,normalDay
2020-09-25,5990.0,1573.0,49.0,100,328.73,313.0,0,0.0,0.0,,0.0,1,0.49,0.0,SPY200925C00362000,362.0,expirationDay
2020-09-28,5990.0,2115.0,0.0,100,334.19,313.0,0,0.0,0.0,,0.0,1,0.14,0.18,SPY201030C00380000,380.0,normalDay
2020-09-29,5990.0,1935.0,0.0,100,332.37,313.0,0,0.0,0.0,,0.0,1,0.14,0.16,SPY201030C00380000,380.0,normalDay
2020-09-30,5990.0,2185.0,0.0,100,334.89,313.0,0,0.0,0.0,,0.0,1,0.14,0.18,SPY201030C00380000,380.0,normalDay
2020-10-01,5990.0,2398.0,0.0,100,337.04,313.0,0,0.0,0.0,,0.0,1,0.14,0.2,SPY201030C00380000,380.0,normalDay
2020-10-02,5990.0,2085.0,0.0,100,333.84,313.0,0,0.0,0.0,,0.0,1,0.14,0.13,SPY201030C00380000,380.0,normalDay
2020-10-05,5990.0,2678.0,0.0,100,339.76,313.0,0,0.0,0.0,,0.0,1,0.14,0.12,SPY201030C00380000,380.0,normalDay
2020-10-06,5990.0,2200.0,0.0,100,334.93,313.0,0,0.0,0.0,,0.0,1,0.14,0.07,SPY201030C00380000,380.0,normalDay
2020-10-07,5990.0,2782.0,0.0,100,340.76,313.0,0,0.0,0.0,,0.0,1,0.14,0.08,SPY201030C00380000,380.0,normalDay
2020-10-08,5990.0,3084.0,0.0,100,343.78,313.0,0,0.0,0.0,,0.0,1,0.14,0.08,SPY201030C00380000,380.0,normalDay
2020-10-09,5990.0,3391.0,0.0,100,346.85,313.0,0,0.0,0.0,,0.0,1,0.14,0.08,SPY201030C00380000,380.0,normalDay
2020-10-12,5990.0,3944.0,0.0,100,352.43,313.0,0,0.0,0.0,,0.0,1,0.14,0.13,SPY201030C00380000,380.0,normalDay
2020-10-13,5990.0,3718.0,0.0,100,350.13,313.0,0,0.0,0.0,,0.0,1,0.14,0.09,SPY201030C00380000,380.0,normalDay
2020-10-14,5990.0,3501.0,0.0,100,347.93,313.0,0,0.0,0.0,,0.0,1,0.14,0.06,SPY201030C00380000,380.0,normalDay
2020-10-15,5990.0,3458.0,0.0,100,347.5,313.0,0,0.0,0.0,,0.0,1,0.14,0.06,SPY201030C00380000,380.0,normalDay
2020-10-16,5990.0,3439.0,0.0,100,347.29,313.0,0,0.0,0.0,,0.0,1,0.14,0.04,SPY201030C00380000,380.0,normalDay
2020-10-19,5990.0,2913.0,0.0,100,342.01,313.0,0,0.0,0.0,,0.0,1,0.14,0.02,SPY201030C00380000,380.0,normalDay
2020-10-20,5990.0,3049.0,0.0,100,343.38,313.0,0,0.0,0.0,,0.0,1,0.14,0.03,SPY201030C00380000,380.0,normalDay
2020-10-21,5990.0,2985.0,0.0,100,342.73,313.0,0,0.0,0.0,,0.0,1,0.14,0.02,SPY201030C00380000,380.0,normalDay
2020-10-22,5990.0,3174.0,0.0,100,344.61,313.0,0,0.0,0.0,,0.0,1,0.14,0.01,SPY201030C00380000,380.0,normalDay
2020-10-23,5990.0,3291.0,0.0,100,345.78,313.0,0,0.0,0.0,,0.0,1,0.14,0.01,SPY201030C00380000,380.0,normalDay
2020-10-26,5990.0,2652.0,0.0,100,339.39,313.0,0,0.0,0.0,,0.0,1,0.14,0.01,SPY201030C00380000,380.0,normalDay
2020-10-27,5990.0,2535.0,0.0,100,338.22,313.0,0,0.0,0.0,,0.0,1,0.14,0.01,SPY201030C00380000,380.0,normalDay
2020-10-28,5990.0,1379.0,0.0,100,326.66,313.0,0,0.0,0.0,,0.0,1,0.14,0.01,SPY201030C00380000,380.0,normalDay
2020-10-29,5990.0,1711.0,0.0,100,329.98,313.0,0,0.0,0.0,,0.0,1,0.14,0.01,SPY201030C00380000,380.0,normalDay
2020-10-30,6004.0,1354.0,14.0,100,326.54,313.0,0,0.0,0.0,,0.0,1,0.14,0.0,SPY201030C00380000,380.0,expirationDay
2020-11-02,6004.0,1716.0,0.0,100,330.2,313.0,0,0.0,0.0,,0.0,1,0.2,0.24,SPY201204C00379000,379.0,normalDay
2020-11-03,6004.0,2288.0,0.0,100,336.03,313.0,0,0.0,0.0,,0.0,1,0.2,0.35,SPY201204C00379000,379.0,normalDay
2020-11-04,6004.0,3045.0,0.0,100,343.54,313.0,0,0.0,0.0,,0.0,1,0.2,0.29,SPY201204C00379000,379.0,normalDay
2020-11-05,6004.0,3684.0,0.0,100,350.24,313.0,0,0.0,0.0,,0.0,1,0.2,0.6,SPY201204C00379000,379.0,normalDay
2020-11-06,6004.0,3700.0,0.0,100,350.16,313.0,0,0.0,0.0,,0.0,1,0.2,0.36,SPY201204C00379000,379.0,normalDay
2020-11-09,6004.0,4103.0,0.0,100,354.56,313.0,0,0.0,0.0,,0.0,1,0.2,0.73,SPY201204C00379000,379.0,normalDay
2020-11-10,6004.0,4075.0,0.0,100,354.04,313.0,0,0.0,0.0,,0.0,1,0.2,0.49,SPY201204C00379000,379.0,normalDay
2020-11-11,6004.0,4336.0,0.0,100,356.67,313.0,0,0.0,0.0,,0.0,1,0.2,0.51,SPY201204C00379000,379.0,normalDay
2020-11-12,6004.0,4013.0,0.0,100,353.21,313.0,0,0.0,0.0,,0.0,1,0.2,0.28,SPY201204C00379000,379.0,normalDay
2020-11-13,6004.0,4486.0,0.0,100,358.1,313.0,0,0.0,0.0,,0.0,1,0.2,0.44,SPY201204C00379000,379.0,normalDay
2020-11-16,6004.0,4921.0,0.0,100,362.57,313.0,0,0.0,0.0,,0.0,1,0.2,0.56,SPY201204C00379000,379.0,normalDay
2020-11-17,6004.0,4745.0,0.0,100,360.62,313.0,0,0.0,0.0,,0.0,1,0.2,0.37,SPY201204C00379000,379.0,normalDay
2020-11-18,6004.0,4331.0,0.0,100,356.28,313.0,0,0.0,0.0,,0.0,1,0.2,0.17,SPY201204C00379000,379.0,normalDay
2020-11-19,6004.0,4483.0,0.0,100,357.78,313.0,0,0.0,0.0,,0.0,1,0.2,0.15,SPY201204C00379000,379.0,normalDay
2020-11-20,6004.0,4241.0,0.0,100,355.33,313.0,0,0.0,0.0,,0.0,1,0.2,0.12,SPY201204C00379000,379.0,normalDay
2020-11-23,6004.0,4458.0,0.0,100,357.46,313.0,0,0.0,0.0,,0.0,1,0.2,0.08,SPY201204C00379000,379.0,normalDay
2020-11-24,6004.0,5022.0,0.0,100,363.22,313.0,0,0.0,0.0,,0.0,1,0.2,0.2,SPY201204C00379000,379.0,normalDay
2020-11-25,6004.0,4974.0,0.0,100,362.66,313.0,0,0.0,0.0,,0.0,1,0.2,0.12,SPY201204C00379000,379.0,normalDay
2020-11-27,6004.0,5078.0,0.0,100,363.67,313.0,0,0.0,0.0,,0.0,1,0.2,0.09,SPY201204C00379000,379.0,normalDay
2020-11-30,6004.0,4923.0,0.0,100,362.06,313.0,0,0.0,0.0,,0.0,1,0.2,0.03,SPY201204C00379000,379.0,normalDay
2020-12-01,6004.0,5318.0,0.0,100,366.02,313.0,0,0.0,0.0,,0.0,1,0.2,0.04,SPY201204C00379000,379.0,normalDay
2020-12-02,6004.0,5397.0,0.0,100,366.79,313.0,0,0.0,0.0,,0.0,1,0.2,0.02,SPY201204C00379000,379.0,normalDay
2020-12-03,6004.0,5388.0,0.0,100,366.69,313.0,0,0.0,0.0,,0.0,1,0.2,0.01,SPY201204C00379000,379.0,normalDay
2020-12-04,6024.0,5685.0,20.0,100,369.85,313.0,0,0.0,0.0,,0.0,1,0.2,0.0,SPY201204C00379000,379.0,expirationDay
2020-12-07,6024.0,5604.0,0.0,100,369.09,313.0,0,0.0,0.0,,0.0,1,1.03,1.08,SPY210108C00386000,386.0,normalDay
2020-12-08,6024.0,5710.0,0.0,100,370.17,313.0,0,0.0,0.0,,0.0,1,1.03,1.1,SPY210108C00386000,386.0,normalDay
2020-12-09,6024.0,5415.0,0.0,100,366.85,313.0,0,0.0,0.0,,0.0,1,1.03,0.73,SPY210108C00386000,386.0,normalDay
2020-12-10,6024.0,5411.0,0.0,100,366.73,313.0,0,0.0,0.0,,0.0,1,1.03,0.65,SPY210108C00386000,386.0,normalDay
2020-12-11,6024.0,5378.0,0.0,100,366.3,313.0,0,0.0,0.0,,0.0,1,1.03,0.55,SPY210108C00386000,386.0,normalDay
2020-12-14,6024.0,5224.0,0.0,100,364.66,313.0,0,0.0,0.0,,0.0,1,1.03,0.45,SPY210108C00386000,386.0,normalDay
2020-12-15,6024.0,5700.0,0.0,100,369.59,313.0,0,0.0,0.0,,0.0,1,1.03,0.62,SPY210108C00386000,386.0,normalDay
2020-12-16,6024.0,5754.0,0.0,100,370.17,313.0,0,0.0,0.0,,0.0,1,1.03,0.66,SPY210108C00386000,386.0,normalDay
2020-12-17,6024.0,5945.0,0.0,100,372.24,313.0,0,0.0,0.0,,0.0,1,1.03,0.82,SPY210108C00386000,386.0,normalDay
2020-12-18,6024.0,5663.0,0.0,100,369.18,313.0,0,0.0,0.0,,0.0,1,1.03,0.58,SPY210108C00386000,386.0,normalDay
2020-12-21,6024.0,5540.0,0.0,100,367.86,313.0,0,0.0,0.0,,0.0,1,1.03,0.49,SPY210108C00386000,386.0,normalDay
2020-12-22,6024.0,5496.0,0.0,100,367.24,313.0,0,0.0,0.0,,0.0,1,1.03,0.31,SPY210108C00386000,386.0,normalDay
2020-12-23,6024.0,5537.0,0.0,100,367.57,313.0,0,0.0,0.0,,0.0,1,1.03,0.23,SPY210108C00386000,386.0,normalDay
2020-12-24,6024.0,5684.0,0.0,100,369.0,313.0,0,0.0,0.0,,0.0,1,1.03,0.19,SPY210108C00386000,386.0,normalDay
2020-12-28,6024.0,5992.0,0.0,100,372.17,313.0,0,0.0,0.0,,0.0,1,1.03,0.28,SPY210108C00386000,386.0,normalDay
2020-12-29,6024.0,5925.0,0.0,100,371.46,313.0,0,0.0,0.0,,0.0,1,1.03,0.24,SPY210108C00386000,386.0,normalDay
2020-12-30,6024.0,5984.0,0.0,100,371.99,313.0,0,0.0,0.0,,0.0,1,1.03,0.18,SPY210108C00386000,386.0,normalDay
2020-12-31,6024.0,6170.0,0.0,100,373.88,313.0,0,0.0,0.0,,0.0,1,1.03,0.21,SPY210108C00386000,386.0,normalDay
2021-01-04,6024.0,5675.0,0.0,100,368.79,313.0,0,0.0,0.0,,0.0,1,1.03,0.07,SPY210108C00386000,386.0,normalDay
2021-01-05,6024.0,5931.0,0.0,100,371.33,313.0,0,0.0,0.0,,0.0,1,1.03,0.05,SPY210108C00386000,386.0,normalDay
2021-01-06,6024.0,6155.0,0.0,100,373.55,313.0,0,0.0,0.0,,0.0,1,1.03,0.03,SPY210108C00386000,386.0,normalDay
2021-01-07,6024.0,6710.0,0.0,100,379.1,313.0,0,0.0,0.0,,0.0,1,1.03,0.03,SPY210108C00386000,386.0,normalDay
2021-01-08,6127.0,6826.0,103.0,100,381.26,313.0,0,0.0,0.0,,0.0,1,1.03,0.0,SPY210108C00386000,386.0,expirationDay
2021-01-11,6127.0,6564.0,0.0,100,378.69,313.0,0,0.0,0.0,,0.0,1,2.41,2.46,SPY210212C00392500,392.5,normalDay
2021-01-12,6127.0,6614.0,0.0,100,378.77,313.0,0,0.0,0.0,,0.0,1,2.41,2.04,SPY210212C00392500,392.5,normalDay
2021-01-13,6127.0,6721.0,0.0,100,379.79,313.0,0,0.0,0.0,,0.0,1,2.41,1.99,SPY210212C00392500,392.5,normalDay
2021-01-14,6127.0,6611.0,0.0,100,378.46,313.0,0,0.0,0.0,,0.0,1,2.41,1.76,SPY210212C00392500,392.5,normalDay
2021-01-15,6127.0,6413.0,0.0,100,375.7,313.0,0,0.0,0.0,,0.0,1,2.41,0.98,SPY210212C00392500,392.5,normalDay
2021-01-19,6127.0,6678.0,0.0,100,378.65,313.0,0,0.0,0.0,,0.0,1,2.41,1.28,SPY210212C00392500,392.5,normalDay
2021-01-20,6127.0,7095.0,0.0,100,383.89,313.0,0,0.0,0.0,,0.0,1,2.41,2.35,SPY210212C00392500,392.5,normalDay
2021-01-21,6127.0,7139.0,0.0,100,384.24,313.0,0,0.0,0.0,,0.0,1,2.41,2.26,SPY210212C00392500,392.5,normalDay
2021-01-22,6127.0,7059.0,0.0,100,382.88,313.0,0,0.0,0.0,,0.0,1,2.41,1.7,SPY210212C00392500,392.5,normalDay
2021-01-25,6127.0,7177.0,0.0,100,384.39,313.0,0,0.0,0.0,,0.0,1,2.41,2.03,SPY210212C00392500,392.5,normalDay
2021-01-26,6127.0,7125.0,0.0,100,383.79,313.0,0,0.0,0.0,,0.0,1,2.41,1.95,SPY210212C00392500,392.5,normalDay
2021-01-27,6127.0,6289.0,0.0,100,374.41,313.0,0,0.0,0.0,,0.0,1,2.41,0.93,SPY210212C00392500,392.5,normalDay
2021-01-28,6127.0,6617.0,0.0,100,377.63,313.0,0,0.0,0.0,,0.0,1,2.41,0.87,SPY210212C00392500,392.5,normalDay
2021-01-29,6127.0,5921.0,0.0,100,370.07,313.0,0,0.0,0.0,,0.0,1,2.41,0.27,SPY210212C00392500,392.5,normalDay
2021-02-01,6127.0,6528.0,0.0,100,376.23,313.0,0,0.0,0.0,,0.0,1,2.41,0.36,SPY210212C00392500,392.5,normalDay
2021-02-02,6127.0,7028.0,0.0,100,381.55,313.0,0,0.0,0.0,,0.0,1,2.41,0.68,SPY210212C00392500,392.5,normalDay
2021-02-03,6127.0,7086.0,0.0,100,381.85,313.0,0,0.0,0.0,,0.0,1,2.41,0.4,SPY210212C00392500,392.5,normalDay
2021-02-04,6127.0,7484.0,0.0,100,386.19,313.0,0,0.0,0.0,,0.0,1,2.41,0.76,SPY210212C00392500,392.5,normalDay
2021-02-05,6127.0,7628.0,0.0,100,387.71,313.0,0,0.0,0.0,,0.0,1,2.41,0.84,SPY210212C00392500,392.5,normalDay
2021-02-08,6127.0,7861.0,0.0,100,390.51,313.0,0,0.0,0.0,,0.0,1,2.41,1.31,SPY210212C00392500,392.5,normalDay
2021-02-09,6127.0,7857.0,0.0,100,390.25,313.0,0,0.0,0.0,,0.0,1,2.41,1.09,SPY210212C00392500,392.5,normalDay
2021-02-10,6127.0,7862.0,0.0,100,390.08,313.0,0,0.0,0.0,,0.0,1,2.41,0.87,SPY210212C00392500,392.5,normalDay
2021-02-11,6127.0,7976.0,0.0,100,390.71,313.0,0,0.0,0.0,,0.0,1,2.41,0.36,SPY210212C00392500,392.5,normalDay
2021-02-12,14318.0,7976.0,8191.0,0,392.64,0.0,0,0.0,0.0,,0.0,1,2.41,0.0,SPY210212C00392500,392.5,expirationDay
2021-02-16,14318.0,-3.0,0.0,0,392.3,0.0,1,2.18,2.21,SPY210319P00361000,361.0,0,0.0,0.0,,0.0,normalDay
2021-02-17,14318.0,10.0,0.0,0,392.39,0.0,1,2.18,2.08,SPY210319P00361000,361.0,0,0.0,0.0,,0.0,normalDay
2021-02-18,14318.0,-15.0,0.0,0,390.72,0.0,1,2.18,2.33,SPY210319P00361000,361.0,0,0.0,0.0,,0.0,normalDay
2021-02-19,14318.0,-4.0,0.0,0,390.03,0.0,1,2.18,2.22,SPY210319P00361000,361.0,0,0.0,0.0,,0.0,normalDay
2021-02-22,14318.0,-30.0,0.0,0,387.03,0.0,1,2.18,2.48,SPY210319P00361000,361.0,0,0.0,0.0,,0.0,normalDay
2021-02-23,14318.0,-6.0,0.0,0,387.5,0.0,1,2.18,2.24,SPY210319P00361000,361.0,0,0.0,0.0,,0.0,normalDay
2021-02-24,14318.0,72.0,0.0,0,391.77,0.0,1,2.18,1.46,SPY210319P00361000,361.0,0,0.0,0.0,,0.0,normalDay
2021-02-25,14318.0,-153.0,0.0,0,382.33,0.0,1,2.18,3.71,SPY210319P00361000,361.0,0,0.0,0.0,,0.0,normalDay
2021-02-26,14318.0,-162.0,0.0,0,380.36,0.0,1,2.18,3.8,SPY210319P00361000,361.0,0,0.0,0.0,,0.0,normalDay
2021-03-01,14318.0,61.0,0.0,0,389.58,0.0,1,2.18,1.57,SPY210319P00361000,361.0,0,0.0,0.0,,0.0,normalDay
2021-03-02,14318.0,30.0,0.0,0,386.54,0.0,1,2.18,1.88,SPY210319P00361000,361.0,0,0.0,0.0,,0.0,normalDay
2021-03-03,14318.0,-37.0,0.0,0,381.42,0.0,1,2.18,2.55,SPY210319P00361000,361.0,0,0.0,0.0,,0.0,normalDay
2021-03-04,14318.0,-143.0,0.0,0,376.7,0.0,1,2.18,3.61,SPY210319P00361000,361.0,0,0.0,0.0,,0.0,normalDay
2021-03-05,14318.0,40.0,0.0,0,383.63,0.0,1,2.18,1.78,SPY210319P00361000,361.0,0,0.0,0.0,,0.0,normalDay
2021-03-08,14318.0,41.0,0.0,0,381.72,0.0,1,2.18,1.77,SPY210319P00361000,361.0,0,0.0,0.0,,0.0,normalDay
2021-03-09,14318.0,126.0,0.0,0,387.17,0.0,1,2.18,0.92,SPY210319P00361000,361.0,0,0.0,0.0,,0.0,normalDay
2021-03-10,14318.0,171.0,0.0,0,389.58,0.0,1,2.18,0.47,SPY210319P00361000,361.0,0,0.0,0.0,,0.0,normalDay
2021-03-11,14318.0,189.0,0.0,0,393.53,0.0,1,2.18,0.29,SPY210319P00361000,361.0,0,0.0,0.0,,0.0,normalDay
2021-03-12,14318.0,207.0,0.0,0,394.06,0.0,1,2.18,0.11,SPY210319P00361000,361.0,0,0.0,0.0,,0.0,normalDay
2021-03-15,14318.0,213.0,0.0,0,396.41,0.0,1,2.18,0.05,SPY210319P00361000,361.0,0,0.0,0.0,,0.0,normalDay
2021-03-16,14318.0,211.0,0.0,0,395.91,0.0,1,2.18,0.07,SPY210319P00361000,361.0,0,0.0,0.0,,0.0,normalDay
2021-03-17,14318.0,215.0,0.0,0,397.26,0.0,1,2.18,0.03,SPY210319P00361000,361.0,0,0.0,0.0,,0.0,normalDay
2021-03-18,14318.0,212.0,0.0,0,391.48,0.0,1,2.18,0.06,SPY210319P00361000,361.0,0,0.0,0.0,,0.0,normalDay
2021-03-19,14536.0,0.0,218.0,0,389.48,0.0,1,2.18,0.0,SPY210319P00361000,361.0,0,0.0,0.0,,0.0,expirationDay
2021-03-22,14536.0,-4.0,0.0,0,392.59,0.0,1,1.93,1.97,SPY210423P00367500,367.5,0,0.0,0.0,,0.0,normalDay
2021-03-23,14536.0,-60.0,0.0,0,389.5,0.0,1,1.93,2.53,SPY210423P00367500,367.5,0,0.0,0.0,,0.0,normalDay
2021-03-24,14536.0,-91.0,0.0,0,387.52,0.0,1,1.93,2.84,SPY210423P00367500,367.5,0,0.0,0.0,,0.0,normalDay
2021-03-25,14536.0,-27.0,0.0,0,389.7,0.0,1,1.93,2.2,SPY210423P00367500,367.5,0,0.0,0.0,,0.0,normalDay
2021-03-26,14536.0,46.0,0.0,0,395.98,0.0,1,1.93,1.47,SPY210423P00367500,367.5,0,0.0,0.0,,0.0,normalDay
2021-03-29,14536.0,31.0,0.0,0,395.78,0.0,1,1.93,1.62,SPY210423P00367500,367.5,0,0.0,0.0,,0.0,normalDay
2021-03-30,14536.0,52.0,0.0,0,394.73,0.0,1,1.93,1.41,SPY210423P00367500,367.5,0,0.0,0.0,,0.0,normalDay
2021-03-31,14536.0,81.0,0.0,0,396.33,0.0,1,1.93,1.12,SPY210423P00367500,367.5,0,0.0,0.0,,0.0,normalDay
2021-04-01,14536.0,129.0,0.0,0,400.61,0.0,1,1.93,0.64,SPY210423P00367500,367.5,0,0.0,0.0,,0.0,normalDay
2021-04-05,14536.0,153.0,0.0,0,406.36,0.0,1,1.93,0.4,SPY210423P00367500,367.5,0,0.0,0.0,,0.0,normalDay
2021-04-06,14536.0,154.0,0.0,0,406.12,0.0,1,1.93,0.39,SPY210423P00367500,367.5,0,0.0,0.0,,0.0,normalDay
2021-04-07,14536.0,165.0,0.0,0,406.59,0.0,1,1.93,0.28,SPY210423P00367500,367.5,0,0.0,0.0,,0.0,normalDay
2021-04-08,14536.0,172.0,0.0,0,408.52,0.0,1,1.93,0.21,SPY210423P00367500,367.5,0,0.0,0.0,,0.0,normalDay
2021-04-09,14536.0,179.0,0.0,0,411.49,0.0,1,1.93,0.14,SPY210423P00367500,367.5,0,0.0,0.0,,0.0,normalDay
2021-04-12,14536.0,185.0,0.0,0,411.64,0.0,1,1.93,0.08,SPY210423P00367500,367.5,0,0.0,0.0,,0.0,normalDay
2021-04-13,14536.0,186.0,0.0,0,412.86,0.0,1,1.93,0.07,SPY210423P00367500,367.5,0,0.0,0.0,,0.0,normalDay
2021-04-14,14536.0,186.0,0.0,0,411.45,0.0,1,1.93,0.07,SPY210423P00367500,367.5,0,0.0,0.0,,0.0,normalDay
2021-04-15,14536.0,187.0,0.0,0,415.87,0.0,1,1.93,0.06,SPY210423P00367500,367.5,0,0.0,0.0,,0.0,normalDay
2021-04-16,14536.0,191.0,0.0,0,417.26,0.0,1,1.93,0.02,SPY210423P00367500,367.5,0,0.0,0.0,,0.0,normalDay
2021-04-19,14536.0,192.0,0.0,0,415.21,0.0,1,1.93,0.01,SPY210423P00367500,367.5,0,0.0,0.0,,0.0,normalDay
2021-04-20,14536.0,191.0,0.0,0,412.17,0.0,1,1.93,0.02,SPY210423P00367500,367.5,0,0.0,0.0,,0.0,normalDay
2021-04-21,14536.0,192.0,0.0,0,416.07,0.0,1,1.93,0.01,SPY210423P00367500,367.5,0,0.0,0.0,,0.0,normalDay
2021-04-22,14536.0,192.0,0.0,0,412.27,0.0,1,1.93,0.01,SPY210423P00367500,367.5,0,0.0,0.0,,0.0,normalDay
2021-04-23,14729.0,0.0,193.0,0,416.74,0.0,1,1.93,0.0,SPY210423P00367500,367.5,0,0.0,0.0,,0.0,expirationDay
2021-04-26,14729.0,-4.0,0.0,0,417.61,0.0,1,1.28,1.32,SPY210528P00382000,382.0,0,0.0,0.0,,0.0,normalDay
2021-04-27,14729.0,2.0,0.0,0,417.52,0.0,1,1.28,1.26,SPY210528P00382000,382.0,0,0.0,0.0,,0.0,normalDay
2021-04-28,14729.0,16.0,0.0,0,417.4,0.0,1,1.28,1.12,SPY210528P00382000,382.0,0,0.0,0.0,,0.0,normalDay
2021-04-29,14729.0,25.0,0.0,0,420.06,0.0,1,1.28,1.03,SPY210528P00382000,382.0,0,0.0,0.0,,0.0,normalDay
2021-04-30,14729.0,4.0,0.0,0,417.3,0.0,1,1.28,1.24,SPY210528P00382000,382.0,0,0.0,0.0,,0.0,normalDay
2021-05-03,14729.0,25.0,0.0,0,418.2,0.0,1,1.28,1.03,SPY210528P00382000,382.0,0,0.0,0.0,,0.0,normalDay
2021-05-04,14729.0,2.0,0.0,0,415.62,0.0,1,1.28,1.26,SPY210528P00382000,382.0,0,0.0,0.0,,0.0,normalDay
2021-05-05,14729.0,10.0,0.0,0,415.75,0.0,1,1.28,1.18,SPY210528P00382000,382.0,0,0.0,0.0,,0.0,normalDay
2021-05-06,14729.0,41.0,0.0,0,419.07,0.0,1,1.28,0.87,SPY210528P00382000,382.0,0,0.0,0.0,,0.0,normalDay
2021-05-07,14729.0,68.0,0.0,0,422.12,0.0,1,1.28,0.6,SPY210528P00382000,382.0,0,0.0,0.0,,0.0,normalDay
2021-05-10,14729.0,39.0,0.0,0,417.94,0.0,1,1.28,0.89,SPY210528P00382000,382.0,0,0.0,0.0,,0.0,normalDay
2021-05-11,14729.0,12.0,0.0,0,414.21,0.0,1,1.28,1.16,SPY210528P00382000,382.0,0,0.0,0.0,,0.0,normalDay
2021-05-12,14729.0,-150.0,0.0,0,405.41,0.0,1,1.28,2.78,SPY210528P00382000,382.0,0,0.0,0.0,,0.0,normalDay
2021-05-13,14729.0,-13.0,0.0,0,410.28,0.0,1,1.28,1.41,SPY210528P00382000,382.0,0,0.0,0.0,,0.0,normalDay
2021-05-14,14729.0,75.0,0.0,0,416.58,0.0,1,1.28,0.53,SPY210528P00382000,382.0,0,0.0,0.0,,0.0,normalDay
2021-05-17,14729.0,89.0,0.0,0,415.52,0.0,1,1.28,0.39,SPY210528P00382000,382.0,0,0.0,0.0,,0.0,normalDay
2021-05-18,14729.0,71.0,0.0,0,411.94,0.0,1,1.28,0.57,SPY210528P00382000,382.0,0,0.0,0.0,,0.0,normalDay
2021-05-19,14729.0,77.0,0.0,0,410.86,0.0,1,1.28,0.51,SPY210528P00382000,382.0,0,0.0,0.0,,0.0,normalDay
2021-05-20,14729.0,104.0,0.0,0,415.28,0.0,1,1.28,0.24,SPY210528P00382000,382.0,0,0.0,0.0,,0.0,normalDay
2021-05-21,14729.0,116.0,0.0,0,414.94,0.0,1,1.28,0.12,SPY210528P00382000,382.0,0,0.0,0.0,,0.0,normalDay
2021-05-24,14729.0,124.0,0.0,0,419.17,0.0,1,1.28,0.04,SPY210528P00382000,382.0,0,0.0,0.0,,0.0,normalDay
2021-05-25,14729.0,123.0,0.0,0,418.24,0.0,1,1.28,0.05,SPY210528P00382000,382.0,0,0.0,0.0,,0.0,normalDay
2021-05-26,14729.0,126.0,0.0,0,419.07,0.0,1,1.28,0.02,SPY210528P00382000,382.0,0,0.0,0.0,,0.0,normalDay
2021-05-27,14729.0,127.0,0.0,0,419.29,0.0,1,1.28,0.01,SPY210528P00382000,382.0,0,0.0,0.0,,0.0,normalDay
2021-05-28,14857.0,0.0,128.0,0,420.04,0.0,1,1.28,0.0,SPY210528P00382000,382.0,0,0.0,0.0,,0.0,expirationDay
2021-06-01,14857.0,-6.0,0.0,0,419.67,0.0,1,2.8,2.86,SPY210702P00401000,401.0,0,0.0,0.0,,0.0,normalDay
2021-06-02,14857.0,27.0,0.0,0,420.33,0.0,1,2.8,2.53,SPY210702P00401000,401.0,0,0.0,0.0,,0.0,normalDay
2021-06-03,14857.0,-5.0,0.0,0,418.77,0.0,1,2.8,2.85,SPY210702P00401000,401.0,0,0.0,0.0,,0.0,normalDay
2021-06-04,14857.0,82.0,0.0,0,422.6,0.0,1,2.8,1.98,SPY210702P00401000,401.0,0,0.0,0.0,,0.0,normalDay
2021-06-07,14857.0,110.0,0.0,0,422.19,0.0,1,2.8,1.7,SPY210702P00401000,401.0,0,0.0,0.0,,0.0,normalDay
2021-06-08,14857.0,102.0,0.0,0,422.28,0.0,1,2.8,1.78,SPY210702P00401000,401.0,0,0.0,0.0,,0.0,normalDay
2021-06-09,14857.0,82.0,0.0,0,421.65,0.0,1,2.8,1.98,SPY210702P00401000,401.0,0,0.0,0.0,,0.0,normalDay
2021-06-10,14857.0,147.0,0.0,0,423.61,0.0,1,2.8,1.33,SPY210702P00401000,401.0,0,0.0,0.0,,0.0,normalDay
2021-06-11,14857.0,167.0,0.0,0,424.31,0.0,1,2.8,1.13,SPY210702P00401000,401.0,0,0.0,0.0,,0.0,normalDay
2021-06-14,14857.0,181.0,0.0,0,425.26,0.0,1,2.8,0.99,SPY210702P00401000,401.0,0,0.0,0.0,,0.0,normalDay
2021-06-15,14857.0,174.0,0.0,0,424.48,0.0,1,2.8,1.06,SPY210702P00401000,401.0,0,0.0,0.0,,0.0,normalDay
2021-06-16,14857.0,147.0,0.0,0,422.11,0.0,1,2.8,1.33,SPY210702P00401000,401.0,0,0.0,0.0,,0.0,normalDay
2021-06-17,14857.0,171.0,0.0,0,421.97,0.0,1,2.8,1.09,SPY210702P00401000,401.0,0,0.0,0.0,,0.0,normalDay
2021-06-18,14857.0,61.0,0.0,0,414.92,0.0,1,2.8,2.19,SPY210702P00401000,401.0,0,0.0,0.0,,0.0,normalDay
2021-06-21,14857.0,201.0,0.0,0,420.86,0.0,1,2.8,0.79,SPY210702P00401000,401.0,0,0.0,0.0,,0.0,normalDay
2021-06-22,14857.0,234.0,0.0,0,423.11,0.0,1,2.8,0.46,SPY210702P00401000,401.0,0,0.0,0.0,,0.0,normalDay
2021-06-23,14857.0,249.0,0.0,0,422.6,0.0,1,2.8,0.31,SPY210702P00401000,401.0,0,0.0,0.0,,0.0,normalDay
2021-06-24,14857.0,260.0,0.0,0,425.1,0.0,1,2.8,0.2,SPY210702P00401000,401.0,0,0.0,0.0,,0.0,normalDay
2021-06-25,14857.0,268.0,0.0,0,426.61,0.0,1,2.8,0.12,SPY210702P00401000,401.0,0,0.0,0.0,,0.0,normalDay
2021-06-28,14857.0,274.0,0.0,0,427.47,0.0,1,2.8,0.06,SPY210702P00401000,401.0,0,0.0,0.0,,0.0,normalDay
2021-06-29,14857.0,275.0,0.0,0,427.7,0.0,1,2.8,0.05,SPY210702P00401000,401.0,0,0.0,0.0,,0.0,normalDay
2021-06-30,14857.0,277.0,0.0,0,428.06,0.0,1,2.8,0.03,SPY210702P00401000,401.0,0,0.0,0.0,,0.0,normalDay
2021-07-01,14857.0,278.0,0.0,0,430.43,0.0,1,2.8,0.02,SPY210702P00401000,401.0,0,0.0,0.0,,0.0,normalDay
2021-07-02,15137.0,0.0,280.0,0,433.72,0.0,1,2.8,0.0,SPY210702P00401000,401.0,0,0.0,0.0,,0.0,expirationDay
2021-07-06,15137.0,-3.0,0.0,0,432.93,0.0,1,1.9,1.93,SPY210806P00409000,409.0,0,0.0,0.0,,0.0,normalDay
2021-07-07,15137.0,20.0,0.0,0,434.46,0.0,1,1.9,1.7,SPY210806P00409000,409.0,0,0.0,0.0,,0.0,normalDay
2021-07-08,15137.0,-70.0,0.0,0,430.92,0.0,1,1.9,2.6,SPY210806P00409000,409.0,0,0.0,0.0,,0.0,normalDay
2021-07-09,15137.0,40.0,0.0,0,435.52,0.0,1,1.9,1.5,SPY210806P00409000,409.0,0,0.0,0.0,,0.0,normalDay
2021-07-12,15137.0,70.0,0.0,0,437.08,0.0,1,1.9,1.2,SPY210806P00409000,409.0,0,0.0,0.0,,0.0,normalDay
2021-07-13,15137.0,47.0,0.0,0,435.59,0.0,1,1.9,1.43,SPY210806P00409000,409.0,0,0.0,0.0,,0.0,normalDay
2021-07-14,15137.0,80.0,0.0,0,436.24,0.0,1,1.9,1.1,SPY210806P00409000,409.0,0,0.0,0.0,,0.0,normalDay
2021-07-15,15137.0,62.0,0.0,0,434.75,0.0,1,1.9,1.28,SPY210806P00409000,409.0,0,0.0,0.0,,0.0,normalDay
2021-07-16,15137.0,19.0,0.0,0,431.34,0.0,1,1.9,1.71,SPY210806P00409000,409.0,0,0.0,0.0,,0.0,normalDay
2021-07-19,15137.0,-112.0,0.0,0,424.97,0.0,1,1.9,3.02,SPY210806P00409000,409.0,0,0.0,0.0,,0.0,normalDay
2021-07-20,15137.0,26.0,0.0,0,431.06,0.0,1,1.9,1.64,SPY210806P00409000,409.0,0,0.0,0.0,,0.0,normalDay
2021-07-21,15137.0,103.0,0.0,0,434.55,0.0,1,1.9,0.87,SPY210806P00409000,409.0,0,0.0,0.0,,0.0,normalDay
2021-07-22,15137.0,119.0,0.0,0,435.46,0.0,1,1.9,0.71,SPY210806P00409000,409.0,0,0.0,0.0,,0.0,normalDay
2021-07-23,15137.0,149.0,0.0,0,439.94,0.0,1,1.9,0.41,SPY210806P00409000,409.0,0,0.0,0.0,,0.0,normalDay
2021-07-26,15137.0,166.0,0.0,0,441.02,0.0,1,1.9,0.24,SPY210806P00409000,409.0,0,0.0,0.0,,0.0,normalDay
2021-07-27,15137.0,149.0,0.0,0,439.01,0.0,1,1.9,0.41,SPY210806P00409000,409.0,0,0.0,0.0,,0.0,normalDay
2021-07-28,15137.0,166.0,0.0,0,438.83,0.0,1,1.9,0.24,SPY210806P00409000,409.0,0,0.0,0.0,,0.0,normalDay
2021-07-29,15137.0,178.0,0.0,0,440.65,0.0,1,1.9,0.12,SPY210806P00409000,409.0,0,0.0,0.0,,0.0,normalDay
2021-07-30,15137.0,178.0,0.0,0,438.51,0.0,1,1.9,0.12,SPY210806P00409000,409.0,0,0.0,0.0,,0.0,normalDay
2021-08-02,15137.0,184.0,0.0,0,437.59,0.0,1,1.9,0.06,SPY210806P00409000,409.0,0,0.0,0.0,,0.0,normalDay
2021-08-03,15137.0,187.0,0.0,0,441.15,0.0,1,1.9,0.03,SPY210806P00409000,409.0,0,0.0,0.0,,0.0,normalDay
2021-08-04,15137.0,188.0,0.0,0,438.98,0.0,1,1.9,0.02,SPY210806P00409000,409.0,0,0.0,0.0,,0.0,normalDay
2021-08-05,15137.0,189.0,0.0,0,441.76,0.0,1,1.9,0.01,SPY210806P00409000,409.0,0,0.0,0.0,,0.0,normalDay
2021-08-06,15327.0,0.0,190.0,0,442.49,0.0,1,1.9,0.0,SPY210806P00409000,409.0,0,0.0,0.0,,0.0,expirationDay
2021-08-09,15327.0,-4.0,0.0,0,442.13,0.0,1,2.45,2.49,SPY210910P00421000,421.0,0,0.0,0.0,,0.0,normalDay
2021-08-10,15327.0,2.0,0.0,0,442.68,0.0,1,2.45,2.43,SPY210910P00421000,421.0,0,0.0,0.0,,0.0,normalDay
2021-08-11,15327.0,39.0,0.0,0,443.78,0.0,1,2.45,2.06,SPY210910P00421000,421.0,0,0.0,0.0,,0.0,normalDay
2021-08-12,15327.0,71.0,0.0,0,445.11,0.0,1,2.45,1.74,SPY210910P00421000,421.0,0,0.0,0.0,,0.0,normalDay
2021-08-13,15327.0,92.0,0.0,0,445.92,0.0,1,2.45,1.53,SPY210910P00421000,421.0,0,0.0,0.0,,0.0,normalDay
2021-08-16,15327.0,107.0,0.0,0,446.97,0.0,1,2.45,1.38,SPY210910P00421000,421.0,0,0.0,0.0,,0.0,normalDay
2021-08-17,15327.0,47.0,0.0,0,444.04,0.0,1,2.45,1.98,SPY210910P00421000,421.0,0,0.0,0.0,,0.0,normalDay
2021-08-18,15327.0,-82.0,0.0,0,439.18,0.0,1,2.45,3.27,SPY210910P00421000,421.0,0,0.0,0.0,,0.0,normalDay
2021-08-19,15327.0,-60.0,0.0,0,439.86,0.0,1,2.45,3.05,SPY210910P00421000,421.0,0,0.0,0.0,,0.0,normalDay
2021-08-20,15327.0,70.0,0.0,0,443.36,0.0,1,2.45,1.75,SPY210910P00421000,421.0,0,0.0,0.0,,0.0,normalDay
2021-08-23,15327.0,155.0,0.0,0,447.26,0.0,1,2.45,0.9,SPY210910P00421000,421.0,0,0.0,0.0,,0.0,normalDay
2021-08-24,15327.0,165.0,0.0,0,447.97,0.0,1,2.45,0.8,SPY210910P00421000,421.0,0,0.0,0.0,,0.0,normalDay
2021-08-25,15327.0,181.0,0.0,0,448.91,0.0,1,2.45,0.64,SPY210910P00421000,421.0,0,0.0,0.0,,0.0,normalDay
2021-08-26,15327.0,144.0,0.0,0,446.26,0.0,1,2.45,1.01,SPY210910P00421000,421.0,0,0.0,0.0,,0.0,normalDay
2021-08-27,15327.0,201.0,0.0,0,450.25,0.0,1,2.45,0.44,SPY210910P00421000,421.0,0,0.0,0.0,,0.0,normalDay
2021-08-30,15327.0,221.0,0.0,0,452.23,0.0,1,2.45,0.24,SPY210910P00421000,421.0,0,0.0,0.0,,0.0,normalDay
2021-08-31,15327.0,220.0,0.0,0,451.56,0.0,1,2.45,0.25,SPY210910P00421000,421.0,0,0.0,0.0,,0.0,normalDay
2021-09-01,15327.0,229.0,0.0,0,451.8,0.0,1,2.45,0.16,SPY210910P00421000,421.0,0,0.0,0.0,,0.0,normalDay
2021-09-02,15327.0,229.0,0.0,0,453.19,0.0,1,2.45,0.16,SPY210910P00421000,421.0,0,0.0,0.0,,0.0,normalDay
2021-09-03,15327.0,234.0,0.0,0,453.08,0.0,1,2.45,0.11,SPY210910P00421000,421.0,0,0.0,0.0,,0.0,normalDay
2021-09-07,15327.0,240.0,0.0,0,451.46,0.0,1,2.45,0.05,SPY210910P00421000,421.0,0,0.0,0.0,,0.0,normalDay
2021-09-08,15327.0,241.0,0.0,0,450.91,0.0,1,2.45,0.04,SPY210910P00421000,421.0,0,0.0,0.0,,0.0,normalDay
2021-09-09,15327.0,243.0,0.0,0,448.98,0.0,1,2.45,0.02,SPY210910P00421000,421.0,0,0.0,0.0,,0.0,normalDay
2021-09-10,15572.0,0.0,245.0,0,445.44,0.0,1,2.45,0.0,SPY210910P00421000,421.0,0,0.0,0.0,,0.0,expirationDay
2021-09-13,15572.0,-4.0,0.0,0,446.58,0.0,1,4.49,4.53,SPY211015P00433000,433.0,0,0.0,0.0,,0.0,normalDay
2021-09-14,15572.0,-59.0,0.0,0,444.17,0.0,1,4.49,5.08,SPY211015P00433000,433.0,0,0.0,0.0,,0.0,normalDay
2021-09-15,15572.0,75.0,0.0,0,447.88,0.0,1,4.49,3.74,SPY211015P00433000,433.0,0,0.0,0.0,,0.0,normalDay
2021-09-16,15572.0,55.0,0.0,0,447.17,0.0,1,4.49,3.94,SPY211015P00433000,433.0,0,0.0,0.0,,0.0,normalDay
2021-09-17,15572.0,-100.0,0.0,0,441.4,0.0,1,4.49,5.49,SPY211015P00433000,433.0,0,0.0,0.0,,0.0,normalDay
2021-09-20,15572.0,-430.0,0.0,0,434.04,0.0,1,4.49,8.79,SPY211015P00433000,433.0,0,0.0,0.0,,0.0,normalDay
2021-09-21,15572.0,-404.0,0.0,0,433.63,0.0,1,4.49,8.53,SPY211015P00433000,433.0,0,0.0,0.0,,0.0,normalDay
2021-09-22,15572.0,-117.0,0.0,0,437.86,0.0,1,4.49,5.66,SPY211015P00433000,433.0,0,0.0,0.0,,0.0,normalDay
2021-09-23,15572.0,100.0,0.0,0,443.18,0.0,1,4.49,3.49,SPY211015P00433000,433.0,0,0.0,0.0,,0.0,normalDay
2021-09-24,15572.0,151.0,0.0,0,443.91,0.0,1,4.49,2.98,SPY211015P00433000,433.0,0,0.0,0.0,,0.0,normalDay
2021-09-27,15572.0,136.0,0.0,0,442.64,0.0,1,4.49,3.13,SPY211015P00433000,433.0,0,0.0,0.0,,0.0,normalDay
2021-09-28,15572.0,-230.0,0.0,0,433.72,0.0,1,4.49,6.79,SPY211015P00433000,433.0,0,0.0,0.0,,0.0,normalDay
2021-09-29,15572.0,-165.0,0.0,0,434.45,0.0,1,4.49,6.14,SPY211015P00433000,433.0,0,0.0,0.0,,0.0,normalDay
2021-09-30,15572.0,-390.0,0.0,0,429.14,0.0,1,4.49,8.39,SPY211015P00433000,433.0,0,0.0,0.0,,0.0,normalDay
2021-10-01,15572.0,-92.0,0.0,0,434.24,0.0,1,4.49,5.41,SPY211015P00433000,433.0,0,0.0,0.0,,0.0,normalDay
2021-10-04,15572.0,-350.0,0.0,0,428.64,0.0,1,4.49,7.99,SPY211015P00433000,433.0,0,0.0,0.0,,0.0,normalDay
2021-10-05,15572.0,-65.0,0.0,0,433.1,0.0,1,4.49,5.14,SPY211015P00433000,433.0,0,0.0,0.0,,0.0,normalDay
2021-10-06,15572.0,25.0,0.0,0,434.9,0.0,1,4.49,4.24,SPY211015P00433000,433.0,0,0.0,0.0,,0.0,normalDay
2021-10-07,15572.0,211.0,0.0,0,438.66,0.0,1,4.49,2.38,SPY211015P00433000,433.0,0,0.0,0.0,,0.0,normalDay
2021-10-08,15572.0,224.0,0.0,0,437.86,0.0,1,4.49,2.25,SPY211015P00433000,433.0,0,0.0,0.0,,0.0,normalDay
2021-10-11,15572.0,149.0,0.0,0,434.69,0.0,1,4.49,3.0,SPY211015P00433000,433.0,0,0.0,0.0,,0.0,normalDay
2021-10-12,15572.0,137.0,0.0,0,433.62,0.0,1,4.49,3.12,SPY211015P00433000,433.0,0,0.0,0.0,,0.0,normalDay
2021-10-13,15572.0,316.0,0.0,0,435.18,0.0,1,4.49,1.33,SPY211015P00433000,433.0,0,0.0,0.0,,0.0,normalDay
2021-10-14,15572.0,440.0,0.0,0,442.5,0.0,1,4.49,0.09,SPY211015P00433000,433.0,0,0.0,0.0,,0.0,normalDay
2021-10-15,16021.0,0.0,449.0,0,445.87,0.0,1,4.49,0.0,SPY211015P00433000,433.0,0,0.0,0.0,,0.0,expirationDay
2021-10-18,16021.0,-3.0,0.0,0,447.19,0.0,1,1.79,1.82,SPY211119P00418000,418.0,0,0.0,0.0,,0.0,normalDay
2021-10-19,16021.0,40.0,0.0,0,450.64,0.0,1,1.79,1.39,SPY211119P00418000,418.0,0,0.0,0.0,,0.0,normalDay
2021-10-20,16021.0,53.0,0.0,0,452.41,0.0,1,1.79,1.26,SPY211119P00418000,418.0,0,0.0,0.0,,0.0,normalDay
2021-10-21,16021.0,72.0,0.0,0,453.59,0.0,1,1.79,1.07,SPY211119P00418000,418.0,0,0.0,0.0,,0.0,normalDay
2021-10-22,16021.0,67.0,0.0,0,453.12,0.0,1,1.79,1.12,SPY211119P00418000,418.0,0,0.0,0.0,,0.0,normalDay
2021-10-25,16021.0,97.0,0.0,0,455.55,0.0,1,1.79,0.82,SPY211119P00418000,418.0,0,0.0,0.0,,0.0,normalDay
2021-10-26,16021.0,92.0,0.0,0,455.96,0.0,1,1.79,0.87,SPY211119P00418000,418.0,0,0.0,0.0,,0.0,normalDay
2021-10-27,16021.0,75.0,0.0,0,453.94,0.0,1,1.79,1.04,SPY211119P00418000,418.0,0,0.0,0.0,,0.0,normalDay
2021-10-28,16021.0,104.0,0.0,0,458.32,0.0,1,1.79,0.75,SPY211119P00418000,418.0,0,0.0,0.0,,0.0,normalDay
2021-10-29,16021.0,114.0,0.0,0,459.25,0.0,1,1.79,0.65,SPY211119P00418000,418.0,0,0.0,0.0,,0.0,normalDay
2021-11-01,16021.0,130.0,0.0,0,460.04,0.0,1,1.79,0.49,SPY211119P00418000,418.0,0,0.0,0.0,,0.0,normalDay
2021-11-02,16021.0,138.0,0.0,0,461.9,0.0,1,1.79,0.41,SPY211119P00418000,418.0,0,0.0,0.0,,0.0,normalDay
2021-11-03,16021.0,151.0,0.0,0,464.72,0.0,1,1.79,0.28,SPY211119P00418000,418.0,0,0.0,0.0,,0.0,normalDay
2021-11-04,16021.0,151.0,0.0,0,466.91,0.0,1,1.79,0.28,SPY211119P00418000,418.0,0,0.0,0.0,,0.0,normalDay
2021-11-05,16021.0,154.0,0.0,0,468.53,0.0,1,1.79,0.25,SPY211119P00418000,418.0,0,0.0,0.0,,0.0,normalDay
2021-11-08,16021.0,159.0,0.0,0,468.93,0.0,1,1.79,0.2,SPY211119P00418000,418.0,0,0.0,0.0,,0.0,normalDay
2021-11-09,16021.0,161.0,0.0,0,467.38,0.0,1,1.79,0.18,SPY211119P00418000,418.0,0,0.0,0.0,,0.0,normalDay
2021-11-10,16021.0,161.0,0.0,0,463.62,0.0,1,1.79,0.18,SPY211119P00418000,418.0,0,0.0,0.0,,0.0,normalDay
2021-11-11,16021.0,168.0,0.0,0,463.77,0.0,1,1.79,0.11,SPY211119P00418000,418.0,0,0.0,0.0,,0.0,normalDay
2021-11-12,16021.0,173.0,0.0,0,467.27,0.0,1,1.79,0.06,SPY211119P00418000,418.0,0,0.0,0.0,,0.0,normalDay
2021-11-15,16021.0,176.0,0.0,0,467.43,0.0,1,1.79,0.03,SPY211119P00418000,418.0,0,0.0,0.0,,0.0,normalDay
2021-11-16,16021.0,177.0,0.0,0,469.28,0.0,1,1.79,0.02,SPY211119P00418000,418.0,0,0.0,0.0,,0.0,normalDay
2021-11-17,16021.0,178.0,0.0,0,468.14,0.0,1,1.79,0.01,SPY211119P00418000,418.0,0,0.0,0.0,,0.0,normalDay
2021-11-18,16021.0,178.0,0.0,0,469.73,0.0,1,1.79,0.01,SPY211119P00418000,418.0,0,0.0,0.0,,0.0,normalDay
2021-11-19,16200.0,0.0,179.0,0,468.89,0.0,1,1.79,0.0,SPY211119P00418000,418.0,0,0.0,0.0,,0.0,expirationDay
2021-11-22,16200.0,-5.0,0.0,0,467.57,0.0,1,3.62,3.67,SPY211223P00447000,447.0,0,0.0,0.0,,0.0,normalDay
2021-11-23,16200.0,16.0,0.0,0,468.19,0.0,1,3.62,3.46,SPY211223P00447000,447.0,0,0.0,0.0,,0.0,normalDay
2021-11-24,16200.0,63.0,0.0,0,469.44,0.0,1,3.62,2.99,SPY211223P00447000,447.0,0,0.0,0.0,,0.0,normalDay
2021-11-26,16200.0,-664.0,0.0,0,458.97,0.0,1,3.62,10.26,SPY211223P00447000,447.0,0,0.0,0.0,,0.0,normalDay
2021-11-29,16200.0,-74.0,0.0,0,464.6,0.0,1,3.62,4.36,SPY211223P00447000,447.0,0,0.0,0.0,,0.0,normalDay
2021-11-30,16200.0,-333.0,0.0,0,455.56,0.0,1,3.62,6.95,SPY211223P00447000,447.0,0,0.0,0.0,,0.0,normalDay
2021-12-01,16200.0,-730.0,0.0,0,450.5,0.0,1,3.62,10.92,SPY211223P00447000,447.0,0,0.0,0.0,,0.0,normalDay
2021-12-02,16200.0,-337.0,0.0,0,457.4,0.0,1,3.62,6.99,SPY211223P00447000,447.0,0,0.0,0.0,,0.0,normalDay
2021-12-03,16200.0,-494.0,0.0,0,453.42,0.0,1,3.62,8.56,SPY211223P00447000,447.0,0,0.0,0.0,,0.0,normalDay
2021-12-06,16200.0,-183.0,0.0,0,458.79,0.0,1,3.62,5.45,SPY211223P00447000,447.0,0,0.0,0.0,,0.0,normalDay
2021-12-07,16200.0,135.0,0.0,0,468.28,0.0,1,3.62,2.27,SPY211223P00447000,447.0,0,0.0,0.0,,0.0,normalDay
2021-12-08,16200.0,215.0,0.0,0,469.52,0.0,1,3.62,1.47,SPY211223P00447000,447.0,0,0.0,0.0,,0.0,normalDay
2021-12-09,16200.0,155.0,0.0,0,466.35,0.0,1,3.62,2.07,SPY211223P00447000,447.0,0,0.0,0.0,,0.0,normalDay
2021-12-10,16200.0,268.0,0.0,0,470.74,0.0,1,3.62,0.94,SPY211223P00447000,447.0,0,0.0,0.0,,0.0,normalDay
2021-12-13,16200.0,245.0,0.0,0,466.57,0.0,1,3.62,1.17,SPY211223P00447000,447.0,0,0.0,0.0,,0.0,normalDay
2021-12-14,16200.0,195.0,0.0,0,463.36,0.0,1,3.62,1.67,SPY211223P00447000,447.0,0,0.0,0.0,,0.0,normalDay
2021-12-15,16200.0,314.0,0.0,0,470.6,0.0,1,3.62,0.48,SPY211223P00447000,447.0,0,0.0,0.0,,0.0,normalDay
2021-12-16,16200.0,289.0,0.0,0,466.45,0.0,1,3.62,0.73,SPY211223P00447000,447.0,0,0.0,0.0,,0.0,normalDay
2021-12-17,16200.0,266.0,0.0,0,459.87,0.0,1,3.62,0.96,SPY211223P00447000,447.0,0,0.0,0.0,,0.0,normalDay
2021-12-20,16200.0,247.0,0.0,0,454.98,0.0,1,3.62,1.15,SPY211223P00447000,447.0,0,0.0,0.0,,0.0,normalDay
2021-12-21,16200.0,351.0,0.0,0,463.06,0.0,1,3.62,0.11,SPY211223P00447000,447.0,0,0.0,0.0,,0.0,normalDay
2021-12-22,16200.0,360.0,0.0,0,467.69,0.0,1,3.62,0.02,SPY211223P00447000,447.0,0,0.0,0.0,,0.0,normalDay
2021-12-23,16562.0,0.0,362.0,0,470.6,0.0,1,3.62,0.0,SPY211223P00447000,447.0,0,0.0,0.0,,0.0,expirationDay
2021-12-27,16562.0,-3.0,0.0,0,477.26,0.0,1,1.53,1.56,SPY220128P00438000,438.0,0,0.0,0.0,,0.0,normalDay
2021-12-28,16562.0,6.0,0.0,0,476.87,0.0,1,1.53,1.47,SPY220128P00438000,438.0,0,0.0,0.0,,0.0,normalDay
2021-12-29,16562.0,32.0,0.0,0,477.48,0.0,1,1.53,1.21,SPY220128P00438000,438.0,0,0.0,0.0,,0.0,normalDay
2021-12-30,16562.0,19.0,0.0,0,476.16,0.0,1,1.53,1.34,SPY220128P00438000,438.0,0,0.0,0.0,,0.0,normalDay
2021-12-31,16562.0,30.0,0.0,0,474.96,0.0,1,1.53,1.23,SPY220128P00438000,438.0,0,0.0,0.0,,0.0,normalDay
2022-01-03,16562.0,67.0,0.0,0,477.71,0.0,1,1.53,0.86,SPY220128P00438000,438.0,0,0.0,0.0,,0.0,normalDay
2022-01-04,16562.0,67.0,0.0,0,477.55,0.0,1,1.53,0.86,SPY220128P00438000,438.0,0,0.0,0.0,,0.0,normalDay
2022-01-05,16562.0,-31.0,0.0,0,468.38,0.0,1,1.53,1.84,SPY220128P00438000,438.0,0,0.0,0.0,,0.0,normalDay
2022-01-06,16562.0,-14.0,0.0,0,467.94,0.0,1,1.53,1.67,SPY220128P00438000,438.0,0,0.0,0.0,,0.0,normalDay
2022-01-07,16562.0,11.0,0.0,0,466.09,0.0,1,1.53,1.42,SPY220128P00438000,438.0,0,0.0,0.0,,0.0,normalDay
2022-01-10,16562.0,9.0,0.0,0,465.51,0.0,1,1.53,1.44,SPY220128P00438000,438.0,0,0.0,0.0,,0.0,normalDay
2022-01-11,16562.0,54.0,0.0,0,469.75,0.0,1,1.53,0.99,SPY220128P00438000,438.0,0,0.0,0.0,,0.0,normalDay
2022-01-12,16562.0,83.0,0.0,0,471.02,0.0,1,1.53,0.7,SPY220128P00438000,438.0,0,0.0,0.0,,0.0,normalDay
2022-01-13,16562.0,13.0,0.0,0,464.53,0.0,1,1.53,1.4,SPY220128P00438000,438.0,0,0.0,0.0,,0.0,normalDay
2022-01-14,16562.0,51.0,0.0,0,464.72,0.0,1,1.53,1.02,SPY220128P00438000,438.0,0,0.0,0.0,,0.0,normalDay
2022-01-18,16562.0,-47.0,0.0,0,456.49,0.0,1,1.53,2.0,SPY220128P00438000,438.0,0,0.0,0.0,,0.0,normalDay
2022-01-19,16562.0,-71.0,0.0,0,451.75,0.0,1,1.53,2.24,SPY220128P00438000,438.0,0,0.0,0.0,,0.0,normalDay
2022-01-20,16562.0,-199.0,0.0,0,446.75,0.0,1,1.53,3.52,SPY220128P00438000,438.0,0,0.0,0.0,,0.0,normalDay
2022-01-21,16562.0,-537.0,0.0,0,437.98,0.0,1,1.53,6.9,SPY220128P00438000,438.0,0,0.0,0.0,,0.0,normalDay
2022-01-24,16562.0,-506.0,0.0,0,439.84,0.0,1,1.53,6.59,SPY220128P00438000,438.0,0,0.0,0.0,,0.0,normalDay
2022-01-25,16562.0,-746.0,0.0,0,434.47,0.0,1,1.53,8.99,SPY220128P00438000,438.0,0,0.0,0.0,,0.0,normalDay
2022-01-26,16562.0,-646.0,0.0,0,433.38,0.0,1,1.53,7.99,SPY220128P00438000,438.0,0,0.0,0.0,,0.0,normalDay
2022-01-27,16562.0,-568.0,0.0,0,431.24,0.0,1,1.53,7.21,SPY220128P00438000,438.0,0,0.0,0.0,,0.0,normalDay
2022-01-28,16715.0,0.0,153.0,0,441.95,0.0,1,1.53,0.0,SPY220128P00438000,438.0,0,0.0,0.0,,0.0,expirationDay
2022-01-31,16715.0,-4.0,0.0,0,449.91,0.0,1,1.9,1.94,SPY220304P00398000,398.0,0,0.0,0.0,,0.0,normalDay
2022-02-01,16715.0,65.0,0.0,0,452.95,0.0,1,1.9,1.25,SPY220304P00398000,398.0,0,0.0,0.0,,0.0,normalDay
2022-02-02,16715.0,82.0,0.0,0,457.35,0.0,1,1.9,1.08,SPY220304P00398000,398.0,0,0.0,0.0,,0.0,normalDay
2022-02-03,16715.0,30.0,0.0,0,446.6,0.0,1,1.9,1.6,SPY220304P00398000,398.0,0,0.0,0.0,,0.0,normalDay
2022-02-04,16715.0,49.0,0.0,0,448.7,0.0,1,1.9,1.41,SPY220304P00398000,398.0,0,0.0,0.0,,0.0,normalDay
2022-02-07,16715.0,82.0,0.0,0,447.26,0.0,1,1.9,1.08,SPY220304P00398000,398.0,0,0.0,0.0,,0.0,normalDay
2022-02-08,16715.0,111.0,0.0,0,450.94,0.0,1,1.9,0.79,SPY220304P00398000,398.0,0,0.0,0.0,,0.0,normalDay
2022-02-09,16715.0,140.0,0.0,0,457.54,0.0,1,1.9,0.5,SPY220304P00398000,398.0,0,0.0,0.0,,0.0,normalDay
2022-02-10,16715.0,88.0,0.0,0,449.32,0.0,1,1.9,1.02,SPY220304P00398000,398.0,0,0.0,0.0,,0.0,normalDay
2022-02-11,16715.0,0.0,0.0,0,440.46,0.0,1,1.9,1.9,SPY220304P00398000,398.0,0,0.0,0.0,,0.0,normalDay
2022-02-14,16715.0,19.0,0.0,0,439.02,0.0,1,1.9,1.71,SPY220304P00398000,398.0,0,0.0,0.0,,0.0,normalDay
2022-02-15,16715.0,92.0,0.0,0,446.1,0.0,1,1.9,0.98,SPY220304P00398000,398.0,0,0.0,0.0,,0.0,normalDay
2022-02-16,16715.0,126.0,0.0,0,446.6,0.0,1,1.9,0.64,SPY220304P00398000,398.0,0,0.0,0.0,,0.0,normalDay
2022-02-17,16715.0,52.0,0.0,0,437.06,0.0,1,1.9,1.38,SPY220304P00398000,398.0,0,0.0,0.0,,0.0,normalDay
2022-02-18,16715.0,71.0,0.0,0,434.23,0.0,1,1.9,1.19,SPY220304P00398000,398.0,0,0.0,0.0,,0.0,normalDay
2022-02-22,16715.0,95.0,0.0,0,429.57,0.0,1,1.9,0.95,SPY220304P00398000,398.0,0,0.0,0.0,,0.0,normalDay
2022-02-23,16715.0,38.0,0.0,0,421.95,0.0,1,1.9,1.52,SPY220304P00398000,398.0,0,0.0,0.0,,0.0,normalDay
2022-02-24,16715.0,91.0,0.0,0,428.3,0.0,1,1.9,0.99,SPY220304P00398000,398.0,0,0.0,0.0,,0.0,normalDay
2022-02-25,16715.0,155.0,0.0,0,437.75,0.0,1,1.9,0.35,SPY220304P00398000,398.0,0,0.0,0.0,,0.0,normalDay
2022-02-28,16715.0,154.0,0.0,0,436.63,0.0,1,1.9,0.36,SPY220304P00398000,398.0,0,0.0,0.0,,0.0,normalDay
2022-03-01,16715.0,167.0,0.0,0,429.98,0.0,1,1.9,0.23,SPY220304P00398000,398.0,0,0.0,0.0,,0.0,normalDay
2022-03-02,16715.0,183.0,0.0,0,437.89,0.0,1,1.9,0.07,SPY220304P00398000,398.0,0,0.0,0.0,,0.0,normalDay
2022-03-03,16715.0,188.0,0.0,0,435.71,0.0,1,1.9,0.02,SPY220304P00398000,398.0,0,0.0,0.0,,0.0,normalDay
2022-03-04,16905.0,0.0,190.0,0,432.17,0.0,1,1.9,0.0,SPY220304P00398000,398.0,0,0.0,0.0,,0.0,expirationDay
2022-03-07,16905.0,-9.0,0.0,0,419.43,0.0,1,10.11,10.2,SPY220408P00402000,402.0,0,0.0,0.0,,0.0,normalDay
2022-03-08,16905.0,-24.0,0.0,0,416.25,0.0,1,10.11,10.35,SPY220408P00402000,402.0,0,0.0,0.0,,0.0,normalDay
2022-03-09,16905.0,371.0,0.0,0,427.41,0.0,1,10.11,6.4,SPY220408P00402000,402.0,0,0.0,0.0,,0.0,normalDay
2022-03-10,16905.0,394.0,0.0,0,425.48,0.0,1,10.11,6.17,SPY220408P00402000,402.0,0,0.0,0.0,,0.0,normalDay
2022-03-11,16905.0,295.0,0.0,0,420.07,0.0,1,10.11,7.16,SPY220408P00402000,402.0,0,0.0,0.0,,0.0,normalDay
2022-03-14,16905.0,246.0,0.0,0,417.0,0.0,1,10.11,7.65,SPY220408P00402000,402.0,0,0.0,0.0,,0.0,normalDay
2022-03-15,16905.0,495.0,0.0,0,426.17,0.0,1,10.11,5.16,SPY220408P00402000,402.0,0,0.0,0.0,,0.0,normalDay
2022-03-16,16905.0,729.0,0.0,0,435.62,0.0,1,10.11,2.82,SPY220408P00402000,402.0,0,0.0,0.0,,0.0,normalDay
2022-03-17,16905.0,810.0,0.0,0,441.07,0.0,1,10.11,2.01,SPY220408P00402000,402.0,0,0.0,0.0,,0.0,normalDay
2022-03-18,16905.0,873.0,0.0,0,444.52,0.0,1,10.11,1.38,SPY220408P00402000,402.0,0,0.0,0.0,,0.0,normalDay
2022-03-21,16905.0,912.0,0.0,0,444.39,0.0,1,10.11,0.99,SPY220408P00402000,402.0,0,0.0,0.0,,0.0,normalDay
2022-03-22,16905.0,935.0,0.0,0,449.59,0.0,1,10.11,0.76,SPY220408P00402000,402.0,0,0.0,0.0,,0.0,normalDay
2022-03-23,16905.0,925.0,0.0,0,443.8,0.0,1,10.11,0.86,SPY220408P00402000,402.0,0,0.0,0.0,,0.0,normalDay
2022-03-24,16905.0,965.0,0.0,0,450.49,0.0,1,10.11,0.46,SPY220408P00402000,402.0,0,0.0,0.0,,0.0,normalDay
2022-03-25,16905.0,978.0,0.0,0,452.69,0.0,1,10.11,0.33,SPY220408P00402000,402.0,0,0.0,0.0,,0.0,normalDay
2022-03-28,16905.0,995.0,0.0,0,455.91,0.0,1,10.11,0.16,SPY220408P00402000,402.0,0,0.0,0.0,,0.0,normalDay
2022-03-29,16905.0,999.0,0.0,0,461.55,0.0,1,10.11,0.12,SPY220408P00402000,402.0,0,0.0,0.0,,0.0,normalDay
2022-03-30,16905.0,1001.0,0.0,0,458.7,0.0,1,10.11,0.1,SPY220408P00402000,402.0,0,0.0,0.0,,0.0,normalDay
2022-03-31,16905.0,997.0,0.0,0,451.64,0.0,1,10.11,0.14,SPY220408P00402000,402.0,0,0.0,0.0,,0.0,normalDay
2022-04-01,16905.0,1004.0,0.0,0,452.92,0.0,1,10.11,0.07,SPY220408P00402000,402.0,0,0.0,0.0,,0.0,normalDay
2022-04-04,16905.0,1007.0,0.0,0,456.8,0.0,1,10.11,0.04,SPY220408P00402000,402.0,0,0.0,0.0,,0.0,normalDay
2022-04-05,16905.0,1008.0,0.0,0,451.03,0.0,1,10.11,0.03,SPY220408P00402000,402.0,0,0.0,0.0,,0.0,normalDay
2022-04-06,16905.0,1009.0,0.0,0,446.52,0.0,1,10.11,0.02,SPY220408P00402000,402.0,0,0.0,0.0,,0.0,normalDay
2022-04-07,16905.0,1010.0,0.0,0,448.77,0.0,1,10.11,0.01,SPY220408P00402000,402.0,0,0.0,0.0,,0.0,normalDay
2022-04-08,17916.0,0.0,1011.0,0,447.57,0.0,1,10.11,0.0,SPY220408P00402000,402.0,0,0.0,0.0,,0.0,expirationDay
2022-04-11,17916.0,-6.0,0.0,0,439.92,0.0,1,4.58,4.64,SPY220513P00417000,417.0,0,0.0,0.0,,0.0,normalDay
2022-04-12,17916.0,-17.0,0.0,0,438.29,0.0,1,4.58,4.75,SPY220513P00417000,417.0,0,0.0,0.0,,0.0,normalDay
2022-04-13,17916.0,143.0,0.0,0,443.31,0.0,1,4.58,3.15,SPY220513P00417000,417.0,0,0.0,0.0,,0.0,normalDay
2022-04-14,17916.0,56.0,0.0,0,437.79,0.0,1,4.58,4.02,SPY220513P00417000,417.0,0,0.0,0.0,,0.0,normalDay
2022-04-18,17916.0,144.0,0.0,0,437.97,0.0,1,4.58,3.14,SPY220513P00417000,417.0,0,0.0,0.0,,0.0,normalDay
2022-04-19,17916.0,222.0,0.0,0,445.04,0.0,1,4.58,2.36,SPY220513P00417000,417.0,0,0.0,0.0,,0.0,normalDay
2022-04-20,17916.0,276.0,0.0,0,444.71,0.0,1,4.58,1.82,SPY220513P00417000,417.0,0,0.0,0.0,,0.0,normalDay
2022-04-21,17916.0,136.0,0.0,0,438.06,0.0,1,4.58,3.22,SPY220513P00417000,417.0,0,0.0,0.0,,0.0,normalDay
2022-04-22,17916.0,-289.0,0.0,0,426.04,0.0,1,4.58,7.47,SPY220513P00417000,417.0,0,0.0,0.0,,0.0,normalDay
2022-04-25,17916.0,-110.0,0.0,0,428.51,0.0,1,4.58,5.68,SPY220513P00417000,417.0,0,0.0,0.0,,0.0,normalDay
2022-04-26,17916.0,-732.0,0.0,0,416.1,0.0,1,4.58,11.9,SPY220513P00417000,417.0,0,0.0,0.0,,0.0,normalDay
2022-04-27,17916.0,-488.0,0.0,0,417.27,0.0,1,4.58,9.46,SPY220513P00417000,417.0,0,0.0,0.0,,0.0,normalDay
2022-04-28,17916.0,-156.0,0.0,0,427.81,0.0,1,4.58,6.14,SPY220513P00417000,417.0,0,0.0,0.0,,0.0,normalDay
2022-04-29,17916.0,-733.0,0.0,0,412.0,0.0,1,4.58,11.91,SPY220513P00417000,417.0,0,0.0,0.0,,0.0,normalDay
2022-05-02,17916.0,-534.0,0.0,0,414.48,0.0,1,4.58,9.92,SPY220513P00417000,417.0,0,0.0,0.0,,0.0,normalDay
2022-05-03,17916.0,-332.0,0.0,0,416.38,0.0,1,4.58,7.9,SPY220513P00417000,417.0,0,0.0,0.0,,0.0,normalDay
2022-05-04,17916.0,174.0,0.0,0,429.06,0.0,1,4.58,2.84,SPY220513P00417000,417.0,0,0.0,0.0,,0.0,normalDay
2022-05-05,17916.0,-490.0,0.0,0,413.81,0.0,1,4.58,9.48,SPY220513P00417000,417.0,0,0.0,0.0,,0.0,normalDay
2022-05-06,17916.0,-595.0,0.0,0,411.34,0.0,1,4.58,10.53,SPY220513P00417000,417.0,0,0.0,0.0,,0.0,normalDay
2022-05-09,17916.0,-1433.0,0.0,0,398.17,0.0,1,4.58,18.91,SPY220513P00417000,417.0,0,0.0,0.0,,0.0,normalDay
2022-05-10,17916.0,-1391.0,0.0,0,399.09,0.0,1,4.58,18.49,SPY220513P00417000,417.0,0,0.0,0.0,,0.0,normalDay
2022-05-11,17916.0,-1935.0,0.0,0,392.75,0.0,1,4.58,23.93,SPY220513P00417000,417.0,0,0.0,0.0,,0.0,normalDay
2022-05-12,17916.0,-2021.0,0.0,0,392.34,0.0,1,4.58,24.79,SPY220513P00417000,417.0,0,0.0,0.0,,0.0,normalDay
2022-05-13,18374.0,-1528.0,458.0,100,401.72,417.0,1,4.58,0.0,SPY220513P00417000,417.0,0,0.0,0.0,,0.0,expirationDay
2022-05-16,18374.0,-1691.0,0.0,100,400.09,417.0,0,0.0,0.0,,0.0,0,0.0,0.0,,0.0,bidTooLow
2022-05-17,18374.0,-868.0,0.0,100,408.32,417.0,0,0.0,0.0,,0.0,0,0.0,0.0,,0.0,bidTooLow
2022-05-18,18374.0,-2514.0,0.0,100,391.86,417.0,0,0.0,0.0,,0.0,0,0.0,0.0,,0.0,bidTooLow
2022-05-19,18374.0,-2754.0,0.0,100,389.46,417.0,0,0.0,0.0,,0.0,0,0.0,0.0,,0.0,bidTooLow
2022-05-20,18374.0,-2737.0,0.0,100,389.63,417.0,0,0.0,0.0,,0.0,0,0.0,0.0,,0.0,bidTooLow
2022-05-23,18374.0,-2011.0,0.0,100,396.92,417.0,0,0.0,0.0,,0.0,1,0.03,0.06,SPY220624C00465000,465.0,normalDay
2022-05-24,18374.0,-2314.0,0.0,100,393.89,417.0,0,0.0,0.0,,0.0,1,0.03,0.06,SPY220624C00465000,465.0,normalDay
2022-05-25,18374.0,-1966.0,0.0,100,397.37,417.0,0,0.0,0.0,,0.0,1,0.03,0.06,SPY220624C00465000,465.0,normalDay
2022-05-26,18374.0,-1175.0,0.0,100,405.31,417.0,0,0.0,0.0,,0.0,1,0.03,0.09,SPY220624C00465000,465.0,normalDay
2022-05-27,18374.0,-184.0,0.0,100,415.26,417.0,0,0.0,0.0,,0.0,1,0.03,0.13,SPY220624C00465000,465.0,normalDay
2022-05-31,18374.0,-411.0,0.0,100,412.93,417.0,0,0.0,0.0,,0.0,1,0.03,0.07,SPY220624C00465000,465.0,normalDay
2022-06-01,18374.0,-743.0,0.0,100,409.59,417.0,0,0.0,0.0,,0.0,1,0.03,0.05,SPY220624C00465000,465.0,normalDay
2022-06-02,18374.0,36.0,0.0,100,417.39,417.0,0,0.0,0.0,,0.0,1,0.03,0.06,SPY220624C00465000,465.0,normalDay
2022-06-03,18374.0,-647.0,0.0,100,410.54,417.0,0,0.0,0.0,,0.0,1,0.03,0.04,SPY220624C00465000,465.0,normalDay
2022-06-06,18374.0,-522.0,0.0,100,411.79,417.0,0,0.0,0.0,,0.0,1,0.03,0.04,SPY220624C00465000,465.0,normalDay
2022-06-07,18374.0,-126.0,0.0,100,415.74,417.0,0,0.0,0.0,,0.0,1,0.03,0.03,SPY220624C00465000,465.0,normalDay
2022-06-08,18374.0,-578.0,0.0,100,411.22,417.0,0,0.0,0.0,,0.0,1,0.03,0.03,SPY220624C00465000,465.0,normalDay
2022-06-09,18374.0,-1555.0,0.0,100,401.44,417.0,0,0.0,0.0,,0.0,1,0.03,0.02,SPY220624C00465000,465.0,normalDay
2022-06-10,18374.0,-2719.0,0.0,100,389.8,417.0,0,0.0,0.0,,0.0,1,0.03,0.02,SPY220624C00465000,465.0,normalDay
2022-06-13,18374.0,-4199.0,0.0,100,375.0,417.0,0,0.0,0.0,,0.0,1,0.03,0.02,SPY220624C00465000,465.0,normalDay
2022-06-14,18374.0,-4312.0,0.0,100,373.87,417.0,0,0.0,0.0,,0.0,1,0.03,0.02,SPY220624C00465000,465.0,normalDay
2022-06-15,18374.0,-3778.0,0.0,100,379.2,417.0,0,0.0,0.0,,0.0,1,0.03,0.01,SPY220624C00465000,465.0,normalDay
2022-06-16,18374.0,-5033.0,0.0,100,366.65,417.0,0,0.0,0.0,,0.0,1,0.03,0.01,SPY220624C00465000,465.0,normalDay
2022-06-17,18374.0,-5112.0,0.0,100,365.86,417.0,0,0.0,0.0,,0.0,1,0.03,0.01,SPY220624C00465000,465.0,normalDay
2022-06-21,18374.0,-4191.0,0.0,100,375.07,417.0,0,0.0,0.0,,0.0,1,0.03,0.01,SPY220624C00465000,465.0,normalDay
2022-06-22,18374.0,-4259.0,0.0,100,374.39,417.0,0,0.0,0.0,,0.0,1,0.03,0.01,SPY220624C00465000,465.0,normalDay
2022-06-23,18374.0,-3892.0,0.0,100,378.06,417.0,0,0.0,0.0,,0.0,1,0.03,0.01,SPY220624C00465000,465.0,normalDay
2022-06-24,18377.0,-2692.0,3.0,100,390.08,417.0,0,0.0,0.0,,0.0,1,0.03,0.0,SPY220624C00465000,465.0,expirationDay
2022-06-27,18377.0,-2841.0,0.0,100,388.59,417.0,0,0.0,0.0,,0.0,0,0.0,0.0,,0.0,bidTooLow
2022-06-28,18377.0,-3635.0,0.0,100,380.65,417.0,0,0.0,0.0,,0.0,0,0.0,0.0,,0.0,bidTooLow
2022-06-29,18377.0,-3666.0,0.0,100,380.34,417.0,0,0.0,0.0,,0.0,0,0.0,0.0,,0.0,bidTooLow
2022-06-30,18377.0,-3979.0,0.0,100,377.25,417.0,0,0.0,0.0,,0.0,1,0.01,0.05,SPY220801C00450000,450.0,normalDay
2022-07-01,18377.0,-3579.0,0.0,100,381.24,417.0,0,0.0,0.0,,0.0,1,0.01,0.04,SPY220801C00450000,450.0,normalDay
2022-07-05,18377.0,-3506.0,0.0,100,381.96,417.0,0,0.0,0.0,,0.0,1,0.01,0.03,SPY220801C00450000,450.0,normalDay
2022-07-06,18377.0,-3377.0,0.0,100,383.25,417.0,0,0.0,0.0,,0.0,1,0.01,0.03,SPY220801C00450000,450.0,normalDay
2022-07-07,18377.0,-2803.0,0.0,100,388.99,417.0,0,0.0,0.0,,0.0,1,0.01,0.03,SPY220801C00450000,450.0,normalDay
2022-07-08,18377.0,-2835.0,0.0,100,388.67,417.0,0,0.0,0.0,,0.0,1,0.01,0.03,SPY220801C00450000,450.0,normalDay
2022-07-11,18377.0,-3278.0,0.0,100,384.23,417.0,0,0.0,0.0,,0.0,1,0.01,0.02,SPY220801C00450000,450.0,normalDay
2022-07-12,18377.0,-3618.0,0.0,100,380.83,417.0,0,0.0,0.0,,0.0,1,0.01,0.02,SPY220801C00450000,450.0,normalDay
2022-07-13,18377.0,-3818.0,0.0,100,378.83,417.0,0,0.0,0.0,,0.0,1,0.01,0.02,SPY220801C00450000,450.0,normalDay
2022-07-14,18377.0,-3909.0,0.0,100,377.91,417.0,0,0.0,0.0,,0.0,1,0.01,0.01,SPY220801C00450000,450.0,normalDay
2022-07-15,18377.0,-3187.0,0.0,100,385.13,417.0,0,0.0,0.0,,0.0,1,0.01,0.01,SPY220801C00450000,450.0,normalDay
2022-07-18,18377.0,-3505.0,0.0,100,381.95,417.0,0,0.0,0.0,,0.0,1,0.01,0.01,SPY220801C00450000,450.0,normalDay
2022-07-19,18377.0,-2474.0,0.0,100,392.27,417.0,0,0.0,0.0,,0.0,1,0.01,0.02,SPY220801C00450000,450.0,normalDay
2022-07-20,18377.0,-2223.0,0.0,100,394.77,417.0,0,0.0,0.0,,0.0,1,0.01,0.01,SPY220801C00450000,450.0,normalDay
2022-07-21,18377.0,-1821.0,0.0,100,398.79,417.0,0,0.0,0.0,,0.0,1,0.01,0.01,SPY220801C00450000,450.0,normalDay
2022-07-22,18377.0,-2191.0,0.0,100,395.09,417.0,0,0.0,0.0,,0.0,1,0.01,0.01,SPY220801C00450000,450.0,normalDay
2022-07-25,18377.0,-2143.0,0.0,100,395.57,417.0,0,0.0,0.0,,0.0,1,0.01,0.01,SPY220801C00450000,450.0,normalDay
2022-07-26,18377.0,-2611.0,0.0,100,390.89,417.0,0,0.0,0.0,,0.0,1,0.01,0.01,SPY220801C00450000,450.0,normalDay
2022-07-27,18377.0,-1596.0,0.0,100,401.04,417.0,0,0.0,0.0,,0.0,1,0.01,0.01,SPY220801C00450000,450.0,normalDay
2022-07-28,18377.0,-1093.0,0.0,100,406.07,417.0,0,0.0,0.0,,0.0,1,0.01,0.01,SPY220801C00450000,450.0,normalDay
2022-07-29,18377.0,-501.0,0.0,100,411.99,417.0,0,0.0,0.0,,0.0,1,0.01,0.01,SPY220801C00450000,450.0,normalDay
2022-08-01,18378.0,-623.0,1.0,100,410.77,417.0,0,0.0,0.0,,0.0,1,0.01,0.0,SPY220801C00450000,450.0,expirationDay
2022-08-02,18378.0,-897.0,0.0,100,408.06,417.0,0,0.0,0.0,,0.0,1,0.35,0.38,SPY220902C00445000,445.0,normalDay
2022-08-03,18378.0,-281.0,0.0,100,414.45,417.0,0,0.0,0.0,,0.0,1,0.35,0.61,SPY220902C00445000,445.0,normalDay
2022-08-04,18378.0,-301.0,0.0,100,414.17,417.0,0,0.0,0.0,,0.0,1,0.35,0.53,SPY220902C00445000,445.0,normalDay
2022-08-05,18378.0,-350.0,0.0,100,413.47,417.0,0,0.0,0.0,,0.0,1,0.35,0.32,SPY220902C00445000,445.0,normalDay
2022-08-08,18378.0,-394.0,0.0,100,412.99,417.0,0,0.0,0.0,,0.0,1,0.35,0.28,SPY220902C00445000,445.0,normalDay
2022-08-09,18378.0,-553.0,0.0,100,411.35,417.0,0,0.0,0.0,,0.0,1,0.35,0.23,SPY220902C00445000,445.0,normalDay
2022-08-10,18378.0,281.0,0.0,100,419.99,417.0,0,0.0,0.0,,0.0,1,0.35,0.53,SPY220902C00445000,445.0,normalDay
2022-08-11,18378.0,282.0,0.0,100,419.99,417.0,0,0.0,0.0,,0.0,1,0.35,0.52,SPY220902C00445000,445.0,normalDay
2022-08-12,18378.0,940.0,0.0,100,427.1,417.0,0,0.0,0.0,,0.0,1,0.35,1.05,SPY220902C00445000,445.0,normalDay
2022-08-15,18378.0,1100.0,0.0,100,428.86,417.0,0,0.0,0.0,,0.0,1,0.35,1.21,SPY220902C00445000,445.0,normalDay
2022-08-16,18378.0,1189.0,0.0,100,429.7,417.0,0,0.0,0.0,,0.0,1,0.35,1.16,SPY220902C00445000,445.0,normalDay
2022-08-17,18378.0,924.0,0.0,100,426.65,417.0,0,0.0,0.0,,0.0,1,0.35,0.76,SPY220902C00445000,445.0,normalDay
2022-08-18,18378.0,1060.0,0.0,100,427.89,417.0,0,0.0,0.0,,0.0,1,0.35,0.64,SPY220902C00445000,445.0,normalDay
2022-08-19,18378.0,530.0,0.0,100,422.14,417.0,0,0.0,0.0,,0.0,1,0.35,0.19,SPY220902C00445000,445.0,normalDay
2022-08-22,18378.0,-335.0,0.0,100,413.35,417.0,0,0.0,0.0,,0.0,1,0.35,0.05,SPY220902C00445000,445.0,normalDay
2022-08-23,18378.0,-434.0,0.0,100,412.35,417.0,0,0.0,0.0,,0.0,1,0.35,0.04,SPY220902C00445000,445.0,normalDay
2022-08-24,18378.0,-300.0,0.0,100,413.67,417.0,0,0.0,0.0,,0.0,1,0.35,0.02,SPY220902C00445000,445.0,normalDay
2022-08-25,18378.0,282.0,0.0,100,419.51,417.0,0,0.0,0.0,,0.0,1,0.35,0.04,SPY220902C00445000,445.0,normalDay
2022-08-26,18378.0,-1135.0,0.0,100,405.31,417.0,0,0.0,0.0,,0.0,1,0.35,0.01,SPY220902C00445000,445.0,normalDay
2022-08-29,18378.0,-1403.0,0.0,100,402.63,417.0,0,0.0,0.0,,0.0,1,0.35,0.01,SPY220902C00445000,445.0,normalDay
2022-08-30,18378.0,-1845.0,0.0,100,398.21,417.0,0,0.0,0.0,,0.0,1,0.35,0.01,SPY220902C00445000,445.0,normalDay
2022-08-31,18378.0,-2148.0,0.0,100,395.18,417.0,0,0.0,0.0,,0.0,1,0.35,0.01,SPY220902C00445000,445.0,normalDay
2022-09-01,18378.0,-2024.0,0.0,100,396.42,417.0,0,0.0,0.0,,0.0,1,0.35,0.01,SPY220902C00445000,445.0,normalDay
2022-09-02,18413.0,-2476.0,35.0,100,392.24,417.0,0,0.0,0.0,,0.0,1,0.35,0.0,SPY220902C00445000,445.0,expirationDay
2022-09-06,18413.0,-2624.0,0.0,100,390.76,417.0,0,0.0,0.0,,0.0,0,0.0,0.0,,0.0,bidTooLow
2022-09-07,18413.0,-1922.0,0.0,100,397.78,417.0,0,0.0,0.0,,0.0,0,0.0,0.0,,0.0,bidTooLow
2022-09-08,18413.0,-1665.0,0.0,100,400.38,417.0,0,0.0,0.0,,0.0,1,0.1,0.13,SPY221010C00450000,450.0,normalDay
2022-09-09,18413.0,-1047.0,0.0,100,406.6,417.0,0,0.0,0.0,,0.0,1,0.1,0.17,SPY221010C00450000,450.0,normalDay
2022-09-12,18413.0,-624.0,0.0,100,410.97,417.0,0,0.0,0.0,,0.0,1,0.1,0.31,SPY221010C00450000,450.0,normalDay
2022-09-13,18413.0,-2385.0,0.0,100,393.1,417.0,0,0.0,0.0,,0.0,1,0.1,0.05,SPY221010C00450000,450.0,normalDay
2022-09-14,18413.0,-2235.0,0.0,100,394.6,417.0,0,0.0,0.0,,0.0,1,0.1,0.05,SPY221010C00450000,450.0,normalDay
2022-09-15,18413.0,-2681.0,0.0,100,390.12,417.0,0,0.0,0.0,,0.0,1,0.1,0.03,SPY221010C00450000,450.0,normalDay
2022-09-16,18413.0,-3137.0,0.0,100,385.56,417.0,0,0.0,0.0,,0.0,1,0.1,0.03,SPY221010C00450000,450.0,normalDay
2022-09-19,18413.0,-2838.0,0.0,100,388.55,417.0,0,0.0,0.0,,0.0,1,0.1,0.03,SPY221010C00450000,450.0,normalDay
2022-09-20,18413.0,-3283.0,0.0,100,384.09,417.0,0,0.0,0.0,,0.0,1,0.1,0.02,SPY221010C00450000,450.0,normalDay
2022-09-21,18413.0,-3953.0,0.0,100,377.39,417.0,0,0.0,0.0,,0.0,1,0.1,0.02,SPY221010C00450000,450.0,normalDay
2022-09-22,18413.0,-4269.0,0.0,100,374.22,417.0,0,0.0,0.0,,0.0,1,0.1,0.01,SPY221010C00450000,450.0,normalDay
2022-09-23,18413.0,-4896.0,0.0,100,367.95,417.0,0,0.0,0.0,,0.0,1,0.1,0.01,SPY221010C00450000,450.0,normalDay
2022-09-26,18413.0,-5260.0,0.0,100,364.31,417.0,0,0.0,0.0,,0.0,1,0.1,0.01,SPY221010C00450000,450.0,normalDay
2022-09-27,18413.0,-5353.0,0.0,100,363.38,417.0,0,0.0,0.0,,0.0,1,0.1,0.01,SPY221010C00450000,450.0,normalDay
2022-09-28,18413.0,-4638.0,0.0,100,370.53,417.0,0,0.0,0.0,,0.0,1,0.1,0.01,SPY221010C00450000,450.0,normalDay
2022-09-29,18413.0,-5412.0,0.0,100,362.79,417.0,0,0.0,0.0,,0.0,1,0.1,0.01,SPY221010C00450000,450.0,normalDay
2022-09-30,18413.0,-5973.0,0.0,100,357.18,417.0,0,0.0,0.0,,0.0,1,0.1,0.01,SPY221010C00450000,450.0,normalDay
2022-10-03,18413.0,-5030.0,0.0,100,366.61,417.0,0,0.0,0.0,,0.0,1,0.1,0.01,SPY221010C00450000,450.0,normalDay
2022-10-04,18413.0,-3894.0,0.0,100,377.97,417.0,0,0.0,0.0,,0.0,1,0.1,0.01,SPY221010C00450000,450.0,normalDay
2022-10-05,18413.0,-3982.0,0.0,100,377.09,417.0,0,0.0,0.0,,0.0,1,0.1,0.01,SPY221010C00450000,450.0,normalDay
2022-10-06,18413.0,-4371.0,0.0,100,373.2,417.0,0,0.0,0.0,,0.0,1,0.1,0.01,SPY221010C00450000,450.0,normalDay
2022-10-07,18413.0,-5412.0,0.0,100,362.79,417.0,0,0.0,0.0,,0.0,1,0.1,0.01,SPY221010C00450000,450.0,normalDay
2022-10-10,18423.0,-5698.0,10.0,100,360.02,417.0,0,0.0,0.0,,0.0,1,0.1,0.0,SPY221010C00450000,450.0,expirationDay
2022-10-11,18423.0,-5929.0,0.0,100,357.74,417.0,0,0.0,0.0,,0.0,1,0.09,0.12,SPY221111C00430000,430.0,normalDay
2022-10-12,18423.0,-6046.0,0.0,100,356.56,417.0,0,0.0,0.0,,0.0,1,0.09,0.11,SPY221111C00430000,430.0,normalDay
2022-10-13,18423.0,-5116.0,0.0,100,365.97,417.0,0,0.0,0.0,,0.0,1,0.09,0.22,SPY221111C00430000,430.0,normalDay
2022-10-14,18423.0,-5939.0,0.0,100,357.63,417.0,0,0.0,0.0,,0.0,1,0.09,0.11,SPY221111C00430000,430.0,normalDay
2022-10-17,18423.0,-5024.0,0.0,100,366.82,417.0,0,0.0,0.0,,0.0,1,0.09,0.15,SPY221111C00430000,430.0,normalDay
2022-10-18,18423.0,-4598.0,0.0,100,371.13,417.0,0,0.0,0.0,,0.0,1,0.09,0.2,SPY221111C00430000,430.0,normalDay
2022-10-19,18423.0,-4856.0,0.0,100,368.5,417.0,0,0.0,0.0,,0.0,1,0.09,0.15,SPY221111C00430000,430.0,normalDay
2022-10-20,18423.0,-5158.0,0.0,100,365.41,417.0,0,0.0,0.0,,0.0,1,0.09,0.08,SPY221111C00430000,430.0,normalDay
2022-10-21,18423.0,-4282.0,0.0,100,374.29,417.0,0,0.0,0.0,,0.0,1,0.09,0.2,SPY221111C00430000,430.0,normalDay
2022-10-24,18423.0,-3827.0,0.0,100,378.87,417.0,0,0.0,0.0,,0.0,1,0.09,0.23,SPY221111C00430000,430.0,normalDay
2022-10-25,18423.0,-3222.0,0.0,100,384.92,417.0,0,0.0,0.0,,0.0,1,0.09,0.23,SPY221111C00430000,430.0,normalDay
2022-10-26,18423.0,-3503.0,0.0,100,382.02,417.0,0,0.0,0.0,,0.0,1,0.09,0.14,SPY221111C00430000,430.0,normalDay
2022-10-27,18423.0,-3700.0,0.0,100,379.98,417.0,0,0.0,0.0,,0.0,1,0.09,0.07,SPY221111C00430000,430.0,normalDay
2022-10-28,18423.0,-2805.0,0.0,100,389.02,417.0,0,0.0,0.0,,0.0,1,0.09,0.16,SPY221111C00430000,430.0,normalDay
2022-10-31,18423.0,-3079.0,0.0,100,386.21,417.0,0,0.0,0.0,,0.0,1,0.09,0.09,SPY221111C00430000,430.0,normalDay
2022-11-01,18423.0,-3246.0,0.0,100,384.52,417.0,0,0.0,0.0,,0.0,1,0.09,0.07,SPY221111C00430000,430.0,normalDay
2022-11-02,18423.0,-4207.0,0.0,100,374.87,417.0,0,0.0,0.0,,0.0,1,0.09,0.03,SPY221111C00430000,430.0,normalDay
2022-11-03,18423.0,-4592.0,0.0,100,371.01,417.0,0,0.0,0.0,,0.0,1,0.09,0.02,SPY221111C00430000,430.0,normalDay
2022-11-04,18423.0,-4057.0,0.0,100,376.35,417.0,0,0.0,0.0,,0.0,1,0.09,0.01,SPY221111C00430000,430.0,normalDay
2022-11-07,18423.0,-3697.0,0.0,100,379.95,417.0,0,0.0,0.0,,0.0,1,0.09,0.01,SPY221111C00430000,430.0,normalDay
2022-11-08,18423.0,-3492.0,0.0,100,382.0,417.0,0,0.0,0.0,,0.0,1,0.09,0.01,SPY221111C00430000,430.0,normalDay
2022-11-09,18423.0,-4279.0,0.0,100,374.13,417.0,0,0.0,0.0,,0.0,1,0.09,0.01,SPY221111C00430000,430.0,normalDay
2022-11-10,18423.0,-2223.0,0.0,100,394.69,417.0,0,0.0,0.0,,0.0,1,0.09,0.01,SPY221111C00430000,430.0,normalDay
2022-11-11,18432.0,-1849.0,9.0,100,398.51,417.0,0,0.0,0.0,,0.0,1,0.09,0.0,SPY221111C00430000,430.0,expirationDay
2022-11-14,18432.0,-2191.0,0.0,100,395.12,417.0,0,0.0,0.0,,0.0,1,1.38,1.41,SPY221216C00425000,425.0,normalDay
2022-11-15,18432.0,-1890.0,0.0,100,398.49,417.0,0,0.0,0.0,,0.0,1,1.38,1.77,SPY221216C00425000,425.0,normalDay
2022-11-16,18432.0,-2138.0,0.0,100,395.45,417.0,0,0.0,0.0,,0.0,1,1.38,1.21,SPY221216C00425000,425.0,normalDay
2022-11-17,18432.0,-2235.0,0.0,100,394.24,417.0,0,0.0,0.0,,0.0,1,1.38,0.97,SPY221216C00425000,425.0,normalDay
2022-11-18,18432.0,-2047.0,0.0,100,396.03,417.0,0,0.0,0.0,,0.0,1,1.38,0.88,SPY221216C00425000,425.0,normalDay
2022-11-21,18432.0,-2160.0,0.0,100,394.59,417.0,0,0.0,0.0,,0.0,1,1.38,0.57,SPY221216C00425000,425.0,normalDay
2022-11-22,18432.0,-1651.0,0.0,100,399.9,417.0,0,0.0,0.0,,0.0,1,1.38,0.79,SPY221216C00425000,425.0,normalDay
2022-11-23,18432.0,-1398.0,0.0,100,402.42,417.0,0,0.0,0.0,,0.0,1,1.38,0.78,SPY221216C00425000,425.0,normalDay
2022-11-25,18432.0,-1392.0,0.0,100,402.33,417.0,0,0.0,0.0,,0.0,1,1.38,0.63,SPY221216C00425000,425.0,normalDay
2022-11-28,18432.0,-2001.0,0.0,100,395.91,417.0,0,0.0,0.0,,0.0,1,1.38,0.3,SPY221216C00425000,425.0,normalDay
2022-11-29,18432.0,-2064.0,0.0,100,395.23,417.0,0,0.0,0.0,,0.0,1,1.38,0.25,SPY221216C00425000,425.0,normalDay
2022-11-30,18432.0,-932.0,0.0,100,407.68,417.0,0,0.0,0.0,,0.0,1,1.38,1.38,SPY221216C00425000,425.0,normalDay
2022-12-01,18432.0,-935.0,0.0,100,407.38,417.0,0,0.0,0.0,,0.0,1,1.38,1.11,SPY221216C00425000,425.0,normalDay
2022-12-02,18432.0,-946.0,0.0,100,406.91,417.0,0,0.0,0.0,,0.0,1,1.38,0.75,SPY221216C00425000,425.0,normalDay
2022-12-05,18432.0,-1628.0,0.0,100,399.59,417.0,0,0.0,0.0,,0.0,1,1.38,0.25,SPY221216C00425000,425.0,normalDay
2022-12-06,18432.0,-2195.0,0.0,100,393.83,417.0,0,0.0,0.0,,0.0,1,1.38,0.16,SPY221216C00425000,425.0,normalDay
2022-12-07,18432.0,-2258.0,0.0,100,393.16,417.0,0,0.0,0.0,,0.0,1,1.38,0.12,SPY221216C00425000,425.0,normalDay
2022-12-08,18432.0,-1952.0,0.0,100,396.24,417.0,0,0.0,0.0,,0.0,1,1.38,0.14,SPY221216C00425000,425.0,normalDay
2022-12-09,18432.0,-2241.0,0.0,100,393.28,417.0,0,0.0,0.0,,0.0,1,1.38,0.07,SPY221216C00425000,425.0,normalDay
2022-12-12,18432.0,-1697.0,0.0,100,398.95,417.0,0,0.0,0.0,,0.0,1,1.38,0.3,SPY221216C00425000,425.0,normalDay
2022-12-13,18432.0,-1375.0,0.0,100,401.97,417.0,0,0.0,0.0,,0.0,1,1.38,0.1,SPY221216C00425000,425.0,normalDay
2022-12-14,18432.0,-1623.0,0.0,100,399.4,417.0,0,0.0,0.0,,0.0,1,1.38,0.01,SPY221216C00425000,425.0,normalDay
2022-12-15,18432.0,-2600.0,0.0,100,389.63,417.0,0,0.0,0.0,,0.0,1,1.38,0.01,SPY221216C00425000,425.0,normalDay
2022-12-16,18570.0,-3373.0,138.0,100,383.27,417.0,0,0.0,0.0,,0.0,1,1.38,0.0,SPY221216C00425000,425.0,expirationDay
2022-12-19,18570.0,-3701.0,0.0,100,380.02,417.0,0,0.0,0.0,,0.0,1,0.08,0.11,SPY230120C00432000,432.0,normalDay
2022-12-20,18570.0,-3649.0,0.0,100,380.54,417.0,0,0.0,0.0,,0.0,1,0.08,0.11,SPY230120C00432000,432.0,normalDay
2022-12-21,18570.0,-3082.0,0.0,100,386.23,417.0,0,0.0,0.0,,0.0,1,0.08,0.13,SPY230120C00432000,432.0,normalDay
2022-12-22,18570.0,-3630.0,0.0,100,380.72,417.0,0,0.0,0.0,,0.0,1,0.08,0.1,SPY230120C00432000,432.0,normalDay
2022-12-23,18570.0,-3408.0,0.0,100,382.91,417.0,0,0.0,0.0,,0.0,1,0.08,0.07,SPY230120C00432000,432.0,normalDay
2022-12-27,18570.0,-3559.0,0.0,100,381.4,417.0,0,0.0,0.0,,0.0,1,0.08,0.07,SPY230120C00432000,432.0,normalDay
2022-12-28,18570.0,-4031.0,0.0,100,376.66,417.0,0,0.0,0.0,,0.0,1,0.08,0.05,SPY230120C00432000,432.0,normalDay
2022-12-29,18570.0,-3354.0,0.0,100,383.44,417.0,0,0.0,0.0,,0.0,1,0.08,0.06,SPY230120C00432000,432.0,normalDay
2022-12-30,18570.0,-3454.0,0.0,100,382.43,417.0,0,0.0,0.0,,0.0,1,0.08,0.05,SPY230120C00432000,432.0,normalDay
2023-01-03,18570.0,-3613.0,0.0,100,380.82,417.0,0,0.0,0.0,,0.0,1,0.08,0.03,SPY230120C00432000,432.0,normalDay
2023-01-04,18570.0,-3319.0,0.0,100,383.76,417.0,0,0.0,0.0,,0.0,1,0.08,0.03,SPY230120C00432000,432.0,normalDay
2023-01-05,18570.0,-3757.0,0.0,100,379.38,417.0,0,0.0,0.0,,0.0,1,0.08,0.03,SPY230120C00432000,432.0,normalDay
2023-01-06,18570.0,-2887.0,0.0,100,388.08,417.0,0,0.0,0.0,,0.0,1,0.08,0.03,SPY230120C00432000,432.0,normalDay
2023-01-09,18570.0,-2909.0,0.0,100,387.86,417.0,0,0.0,0.0,,0.0,1,0.08,0.03,SPY230120C00432000,432.0,normalDay
2023-01-10,18570.0,-2636.0,0.0,100,390.58,417.0,0,0.0,0.0,,0.0,1,0.08,0.02,SPY230120C00432000,432.0,normalDay
2023-01-11,18570.0,-2143.0,0.0,100,395.52,417.0,0,0.0,0.0,,0.0,1,0.08,0.03,SPY230120C00432000,432.0,normalDay
2023-01-12,18570.0,-1998.0,0.0,100,396.96,417.0,0,0.0,0.0,,0.0,1,0.08,0.02,SPY230120C00432000,432.0,normalDay
2023-01-13,18570.0,-1843.0,0.0,100,398.5,417.0,0,0.0,0.0,,0.0,1,0.08,0.01,SPY230120C00432000,432.0,normalDay
2023-01-17,18570.0,-1916.0,0.0,100,397.77,417.0,0,0.0,0.0,,0.0,1,0.08,0.01,SPY230120C00432000,432.0,normalDay
2023-01-18,18570.0,-2544.0,0.0,100,391.49,417.0,0,0.0,0.0,,0.0,1,0.08,0.01,SPY230120C00432000,432.0,normalDay
2023-01-19,18570.0,-2829.0,0.0,100,388.64,417.0,0,0.0,0.0,,0.0,1,0.08,0.01,SPY230120C00432000,432.0,normalDay
2023-01-20,18578.0,-2112.0,8.0,100,395.88,417.0,0,0.0,0.0,,0.0,1,0.08,0.0,SPY230120C00432000,432.0,expirationDay
2023-01-23,18578.0,-1640.0,0.0,100,400.63,417.0,0,0.0,0.0,,0.0,1,1.05,1.08,SPY230224C00424000,424.0,normalDay
2023-01-24,18578.0,-1679.0,0.0,100,400.2,417.0,0,0.0,0.0,,0.0,1,1.05,1.04,SPY230224C00424000,424.0,normalDay
2023-01-25,18578.0,-1645.0,0.0,100,400.35,417.0,0,0.0,0.0,,0.0,1,1.05,0.85,SPY230224C00424000,424.0,normalDay
2023-01-26,18578.0,-1251.0,0.0,100,404.75,417.0,0,0.0,0.0,,0.0,1,1.05,1.31,SPY230224C00424000,424.0,normalDay
2023-01-27,18578.0,-1161.0,0.0,100,405.68,417.0,0,0.0,0.0,,0.0,1,1.05,1.34,SPY230224C00424000,424.0,normalDay
2023-01-30,18578.0,-1618.0,0.0,100,400.59,417.0,0,0.0,0.0,,0.0,1,1.05,0.82,SPY230224C00424000,424.0,normalDay
2023-01-31,18578.0,-1079.0,0.0,100,406.48,417.0,0,0.0,0.0,,0.0,1,1.05,1.32,SPY230224C00424000,424.0,normalDay
2023-02-01,18578.0,-724.0,0.0,100,410.8,417.0,0,0.0,0.0,,0.0,1,1.05,2.09,SPY230224C00424000,424.0,normalDay
2023-02-02,18578.0,-257.0,0.0,100,416.78,417.0,0,0.0,0.0,,0.0,1,1.05,3.4,SPY230224C00424000,424.0,normalDay
2023-02-03,18578.0,-582.0,0.0,100,412.35,417.0,0,0.0,0.0,,0.0,1,1.05,2.22,SPY230224C00424000,424.0,normalDay
2023-02-06,18578.0,-767.0,0.0,100,409.83,417.0,0,0.0,0.0,,0.0,1,1.05,1.55,SPY230224C00424000,424.0,normalDay
2023-02-07,18578.0,-315.0,0.0,100,415.19,417.0,0,0.0,0.0,,0.0,1,1.05,2.39,SPY230224C00424000,424.0,normalDay
2023-02-08,18578.0,-682.0,0.0,100,410.65,417.0,0,0.0,0.0,,0.0,1,1.05,1.52,SPY230224C00424000,424.0,normalDay
2023-02-09,18578.0,-984.0,0.0,100,407.09,417.0,0,0.0,0.0,,0.0,1,1.05,0.98,SPY230224C00424000,424.0,normalDay
2023-02-10,18578.0,-875.0,0.0,100,408.04,417.0,0,0.0,0.0,,0.0,1,1.05,0.84,SPY230224C00424000,424.0,normalDay
2023-02-13,18578.0,-466.0,0.0,100,412.83,417.0,0,0.0,0.0,,0.0,1,1.05,1.54,SPY230224C00424000,424.0,normalDay
2023-02-14,18578.0,-398.0,0.0,100,412.64,417.0,0,0.0,0.0,,0.0,1,1.05,0.67,SPY230224C00424000,424.0,normalDay
2023-02-15,18578.0,-260.0,0.0,100,413.98,417.0,0,0.0,0.0,,0.0,1,1.05,0.63,SPY230224C00424000,424.0,normalDay
2023-02-16,18578.0,-782.0,0.0,100,408.28,417.0,0,0.0,0.0,,0.0,1,1.05,0.15,SPY230224C00424000,424.0,normalDay
2023-02-17,18578.0,-874.0,0.0,100,407.26,417.0,0,0.0,0.0,,0.0,1,1.05,0.05,SPY230224C00424000,424.0,normalDay
2023-02-21,18578.0,-1688.0,0.0,100,399.09,417.0,0,0.0,0.0,,0.0,1,1.05,0.02,SPY230224C00424000,424.0,normalDay
2023-02-22,18578.0,-1742.0,0.0,100,398.54,417.0,0,0.0,0.0,,0.0,1,1.05,0.01,SPY230224C00424000,424.0,normalDay
2023-02-23,18578.0,-1530.0,0.0,100,400.66,417.0,0,0.0,0.0,,0.0,1,1.05,0.01,SPY230224C00424000,424.0,normalDay
2023-02-24,18683.0,-2062.0,105.0,100,396.38,417.0,0,0.0,0.0,,0.0,1,1.05,0.0,SPY230224C00424000,424.0,expirationDay
2023-02-27,18683.0,-1930.0,0.0,100,397.73,417.0,0,0.0,0.0,,0.0,1,0.09,0.12,SPY230331C00438000,438.0,normalDay
2023-02-28,18683.0,-2073.0,0.0,100,396.26,417.0,0,0.0,0.0,,0.0,1,0.09,0.08,SPY230331C00438000,438.0,normalDay
2023-03-01,18683.0,-2223.0,0.0,100,394.74,417.0,0,0.0,0.0,,0.0,1,0.09,0.06,SPY230331C00438000,438.0,normalDay
2023-03-02,18683.0,-1917.0,0.0,100,397.81,417.0,0,0.0,0.0,,0.0,1,0.09,0.07,SPY230331C00438000,438.0,normalDay
2023-03-03,18683.0,-1287.0,0.0,100,404.19,417.0,0,0.0,0.0,,0.0,1,0.09,0.15,SPY230331C00438000,438.0,normalDay
2023-03-06,18683.0,-1258.0,0.0,100,404.47,417.0,0,0.0,0.0,,0.0,1,0.09,0.14,SPY230331C00438000,438.0,normalDay
2023-03-07,18683.0,-1871.0,0.0,100,398.27,417.0,0,0.0,0.0,,0.0,1,0.09,0.07,SPY230331C00438000,438.0,normalDay
2023-03-08,18683.0,-1805.0,0.0,100,398.92,417.0,0,0.0,0.0,,0.0,1,0.09,0.06,SPY230331C00438000,438.0,normalDay
2023-03-09,18683.0,-2539.0,0.0,100,391.56,417.0,0,0.0,0.0,,0.0,1,0.09,0.04,SPY230331C00438000,438.0,normalDay
2023-03-10,18683.0,-3102.0,0.0,100,385.91,417.0,0,0.0,0.0,,0.0,1,0.09,0.02,SPY230331C00438000,438.0,normalDay
2023-03-13,18683.0,-3158.0,0.0,100,385.36,417.0,0,0.0,0.0,,0.0,1,0.09,0.03,SPY230331C00438000,438.0,normalDay
2023-03-14,18683.0,-2520.0,0.0,100,391.73,417.0,0,0.0,0.0,,0.0,1,0.09,0.02,SPY230331C00438000,438.0,normalDay
2023-03-15,18683.0,-2765.0,0.0,100,389.28,417.0,0,0.0,0.0,,0.0,1,0.09,0.02,SPY230331C00438000,438.0,normalDay
2023-03-16,18683.0,-2084.0,0.0,100,396.11,417.0,0,0.0,0.0,,0.0,1,0.09,0.04,SPY230331C00438000,438.0,normalDay
2023-03-17,18683.0,-2694.0,0.0,100,389.99,417.0,0,0.0,0.0,,0.0,1,0.09,0.02,SPY230331C00438000,438.0,normalDay
2023-03-20,18683.0,-2319.0,0.0,100,393.74,417.0,0,0.0,0.0,,0.0,1,0.09,0.02,SPY230331C00438000,438.0,normalDay
2023-03-21,18683.0,-1802.0,0.0,100,398.91,417.0,0,0.0,0.0,,0.0,1,0.09,0.02,SPY230331C00438000,438.0,normalDay
2023-03-22,18683.0,-2481.0,0.0,100,392.11,417.0,0,0.0,0.0,,0.0,1,0.09,0.01,SPY230331C00438000,438.0,normalDay
2023-03-23,18683.0,-2375.0,0.0,100,393.17,417.0,0,0.0,0.0,,0.0,1,0.09,0.01,SPY230331C00438000,438.0,normalDay
2023-03-24,18683.0,-2117.0,0.0,100,395.75,417.0,0,0.0,0.0,,0.0,1,0.09,0.01,SPY230331C00438000,438.0,normalDay
2023-03-27,18683.0,-2043.0,0.0,100,396.49,417.0,0,0.0,0.0,,0.0,1,0.09,0.01,SPY230331C00438000,438.0,normalDay
2023-03-28,18683.0,-2132.0,0.0,100,395.6,417.0,0,0.0,0.0,,0.0,1,0.09,0.01,SPY230331C00438000,438.0,normalDay
2023-03-29,18683.0,-1557.0,0.0,100,401.35,417.0,0,0.0,0.0,,0.0,1,0.09,0.01,SPY230331C00438000,438.0,normalDay
2023-03-30,18683.0,-1322.0,0.0,100,403.7,417.0,0,0.0,0.0,,0.0,1,0.09,0.01,SPY230331C00438000,438.0,normalDay
2023-03-31,18692.0,-761.0,9.0,100,409.39,417.0,0,0.0,0.0,,0.0,1,0.09,0.0,SPY230331C00438000,438.0,expirationDay
2023-04-03,18692.0,-609.0,0.0,100,410.95,417.0,0,0.0,0.0,,0.0,1,1.57,1.61,SPY230505C00430000,430.0,normalDay
2023-04-04,18692.0,-791.0,0.0,100,408.67,417.0,0,0.0,0.0,,0.0,1,1.57,1.15,SPY230505C00430000,430.0,normalDay
2023-04-05,18692.0,-871.0,0.0,100,407.6,417.0,0,0.0,0.0,,0.0,1,1.57,0.88,SPY230505C00430000,430.0,normalDay
2023-04-06,18692.0,-714.0,0.0,100,409.19,417.0,0,0.0,0.0,,0.0,1,1.57,0.9,SPY230505C00430000,430.0,normalDay
2023-04-10,18692.0,-664.0,0.0,100,409.61,417.0,0,0.0,0.0,,0.0,1,1.57,0.82,SPY230505C00430000,430.0,normalDay
2023-04-11,18692.0,-650.0,0.0,100,409.72,417.0,0,0.0,0.0,,0.0,1,1.57,0.79,SPY230505C00430000,430.0,normalDay
2023-04-12,18692.0,-781.0,0.0,100,408.05,417.0,0,0.0,0.0,,0.0,1,1.57,0.43,SPY230505C00430000,430.0,normalDay
2023-04-13,18692.0,-285.0,0.0,100,413.47,417.0,0,0.0,0.0,,0.0,1,1.57,0.89,SPY230505C00430000,430.0,normalDay
2023-04-14,18692.0,-358.0,0.0,100,412.46,417.0,0,0.0,0.0,,0.0,1,1.57,0.61,SPY230505C00430000,430.0,normalDay
2023-04-17,18692.0,-212.0,0.0,100,413.94,417.0,0,0.0,0.0,,0.0,1,1.57,0.63,SPY230505C00430000,430.0,normalDay
2023-04-18,18692.0,-175.0,0.0,100,414.21,417.0,0,0.0,0.0,,0.0,1,1.57,0.53,SPY230505C00430000,430.0,normalDay
2023-04-19,18692.0,-169.0,0.0,100,414.14,417.0,0,0.0,0.0,,0.0,1,1.57,0.4,SPY230505C00430000,430.0,normalDay
2023-04-20,18692.0,-376.0,0.0,100,411.88,417.0,0,0.0,0.0,,0.0,1,1.57,0.21,SPY230505C00430000,430.0,normalDay
2023-04-21,18692.0,-338.0,0.0,100,412.2,417.0,0,0.0,0.0,,0.0,1,1.57,0.15,SPY230505C00430000,430.0,normalDay
2023-04-24,18692.0,-292.0,0.0,100,412.63,417.0,0,0.0,0.0,,0.0,1,1.57,0.12,SPY230505C00430000,430.0,normalDay
2023-04-25,18692.0,-940.0,0.0,100,406.08,417.0,0,0.0,0.0,,0.0,1,1.57,0.05,SPY230505C00430000,430.0,normalDay
2023-04-26,18692.0,-1110.0,0.0,100,404.36,417.0,0,0.0,0.0,,0.0,1,1.57,0.03,SPY230505C00430000,430.0,normalDay
2023-04-27,18692.0,-310.0,0.0,100,412.41,417.0,0,0.0,0.0,,0.0,1,1.57,0.08,SPY230505C00430000,430.0,normalDay
2023-04-28,18692.0,41.0,0.0,100,415.93,417.0,0,0.0,0.0,,0.0,1,1.57,0.09,SPY230505C00430000,430.0,normalDay
2023-05-01,18692.0,4.0,0.0,100,415.51,417.0,0,0.0,0.0,,0.0,1,1.57,0.04,SPY230505C00430000,430.0,normalDay
2023-05-02,18692.0,-461.0,0.0,100,410.84,417.0,0,0.0,0.0,,0.0,1,1.57,0.02,SPY230505C00430000,430.0,normalDay
2023-05-03,18692.0,-742.0,0.0,100,408.02,417.0,0,0.0,0.0,,0.0,1,1.57,0.01,SPY230505C00430000,430.0,normalDay
2023-05-04,18692.0,-1031.0,0.0,100,405.13,417.0,0,0.0,0.0,,0.0,1,1.57,0.01,SPY230505C00430000,430.0,normalDay
2023-05-05,18849.0,-437.0,157.0,100,412.63,417.0,0,0.0,0.0,,0.0,1,1.57,0.0,SPY230505C00430000,430.0,expirationDay
2023-05-08,18849.0,-430.0,0.0,100,412.74,417.0,0,0.0,0.0,,0.0,1,1.21,1.25,SPY230609C00428000,428.0,normalDay
2023-05-09,18849.0,-590.0,0.0,100,410.93,417.0,0,0.0,0.0,,0.0,1,1.21,1.04,SPY230609C00428000,428.0,normalDay
2023-05-10,18849.0,-407.0,0.0,100,412.85,417.0,0,0.0,0.0,,0.0,1,1.21,1.13,SPY230609C00428000,428.0,normalDay
2023-05-11,18849.0,-447.0,0.0,100,412.13,417.0,0,0.0,0.0,,0.0,1,1.21,0.81,SPY230609C00428000,428.0,normalDay
2023-05-12,18849.0,-479.0,0.0,100,411.59,417.0,0,0.0,0.0,,0.0,1,1.21,0.59,SPY230609C00428000,428.0,normalDay
2023-05-15,18849.0,-340.0,0.0,100,413.01,417.0,0,0.0,0.0,,0.0,1,1.21,0.62,SPY230609C00428000,428.0,normalDay
2023-05-16,18849.0,-595.0,0.0,100,410.25,417.0,0,0.0,0.0,,0.0,1,1.21,0.41,SPY230609C00428000,428.0,normalDay
2023-05-17,18849.0,-148.0,0.0,100,415.23,417.0,0,0.0,0.0,,0.0,1,1.21,0.92,SPY230609C00428000,428.0,normalDay
2023-05-18,18849.0,174.0,0.0,100,419.23,417.0,0,0.0,0.0,,0.0,1,1.21,1.7,SPY230609C00428000,428.0,normalDay
2023-05-19,18849.0,125.0,0.0,100,418.62,417.0,0,0.0,0.0,,0.0,1,1.21,1.58,SPY230609C00428000,428.0,normalDay
2023-05-22,18849.0,149.0,0.0,100,418.79,417.0,0,0.0,0.0,,0.0,1,1.21,1.51,SPY230609C00428000,428.0,normalDay
2023-05-23,18849.0,-236.0,0.0,100,414.09,417.0,0,0.0,0.0,,0.0,1,1.21,0.66,SPY230609C00428000,428.0,normalDay
2023-05-24,18849.0,-512.0,0.0,100,411.09,417.0,0,0.0,0.0,,0.0,1,1.21,0.42,SPY230609C00428000,428.0,normalDay
2023-05-25,18849.0,-177.0,0.0,100,414.65,417.0,0,0.0,0.0,,0.0,1,1.21,0.63,SPY230609C00428000,428.0,normalDay
2023-05-26,18849.0,279.0,0.0,100,420.02,417.0,0,0.0,0.0,,0.0,1,1.21,1.44,SPY230609C00428000,428.0,normalDay
2023-05-30,18849.0,333.0,0.0,100,420.18,417.0,0,0.0,0.0,,0.0,1,1.21,1.06,SPY230609C00428000,428.0,normalDay
2023-05-31,18849.0,167.0,0.0,100,417.85,417.0,0,0.0,0.0,,0.0,1,1.21,0.39,SPY230609C00428000,428.0,normalDay
2023-06-01,18849.0,530.0,0.0,100,421.82,417.0,0,0.0,0.0,,0.0,1,1.21,0.73,SPY230609C00428000,428.0,normalDay
2023-06-02,18849.0,951.0,0.0,100,427.92,417.0,0,0.0,0.0,,0.0,1,1.21,2.62,SPY230609C00428000,428.0,normalDay
2023-06-05,18849.0,947.0,0.0,100,427.1,417.0,0,0.0,0.0,,0.0,1,1.21,1.84,SPY230609C00428000,428.0,normalDay
2023-06-06,18849.0,1015.0,0.0,100,428.03,417.0,0,0.0,0.0,,0.0,1,1.21,2.09,SPY230609C00428000,428.0,normalDay
2023-06-07,18849.0,983.0,0.0,100,426.55,417.0,0,0.0,0.0,,0.0,1,1.21,0.93,SPY230609C00428000,428.0,normalDay
2023-06-08,18849.0,1171.0,0.0,100,429.13,417.0,0,0.0,0.0,,0.0,1,1.21,1.63,SPY230609C00428000,428.0,normalDay
2023-06-09,20070.0,1171.0,1221.0,0,429.9,0.0,0,0.0,0.0,,0.0,1,1.21,0.0,SPY230609C00428000,428.0,expirationDay
2023-06-12,20070.0,-3.0,0.0,0,433.8,0.0,1,0.69,0.72,SPY230714P00395000,395.0,0,0.0,0.0,,0.0,normalDay
2023-06-13,20070.0,10.0,0.0,0,436.66,0.0,1,0.69,0.59,SPY230714P00395000,395.0,0,0.0,0.0,,0.0,normalDay
2023-06-14,20070.0,24.0,0.0,0,437.18,0.0,1,0.69,0.45,SPY230714P00395000,395.0,0,0.0,0.0,,0.0,normalDay
2023-06-15,20070.0,28.0,0.0,0,442.6,0.0,1,0.69,0.41,SPY230714P00395000,395.0,0,0.0,0.0,,0.0,normalDay
2023-06-16,20070.0,39.0,0.0,0,439.46,0.0,1,0.69,0.3,SPY230714P00395000,395.0,0,0.0,0.0,,0.0,normalDay
2023-06-20,20070.0,42.0,0.0,0,437.18,0.0,1,0.69,0.27,SPY230714P00395000,395.0,0,0.0,0.0,,0.0,normalDay
2023-06-21,20070.0,45.0,0.0,0,434.94,0.0,1,0.69,0.24,SPY230714P00395000,395.0,0,0.0,0.0,,0.0,normalDay
2023-06-22,20070.0,50.0,0.0,0,436.51,0.0,1,0.69,0.19,SPY230714P00395000,395.0,0,0.0,0.0,,0.0,normalDay
2023-06-23,20070.0,45.0,0.0,0,433.21,0.0,1,0.69,0.24,SPY230714P00395000,395.0,0,0.0,0.0,,0.0,normalDay
2023-06-26,20070.0,43.0,0.0,0,431.44,0.0,1,0.69,0.26,SPY230714P00395000,395.0,0,0.0,0.0,,0.0,normalDay
2023-06-27,20070.0,51.0,0.0,0,436.17,0.0,1,0.69,0.18,SPY230714P00395000,395.0,0,0.0,0.0,,0.0,normalDay
2023-06-28,20070.0,56.0,0.0,0,436.39,0.0,1,0.69,0.13,SPY230714P00395000,395.0,0,0.0,0.0,,0.0,normalDay
2023-06-29,20070.0,56.0,0.0,0,438.11,0.0,1,0.69,0.13,SPY230714P00395000,395.0,0,0.0,0.0,,0.0,normalDay
2023-06-30,20070.0,57.0,0.0,0,443.28,0.0,1,0.69,0.12,SPY230714P00395000,395.0,0,0.0,0.0,,0.0,normalDay
2023-07-03,20070.0,61.0,0.0,0,443.79,0.0,1,0.69,0.08,SPY230714P00395000,395.0,0,0.0,0.0,,0.0,normalDay
2023-07-05,20070.0,62.0,0.0,0,443.13,0.0,1,0.69,0.07,SPY230714P00395000,395.0,0,0.0,0.0,,0.0,normalDay
2023-07-06,20070.0,61.0,0.0,0,439.66,0.0,1,0.69,0.08,SPY230714P00395000,395.0,0,0.0,0.0,,0.0,normalDay
2023-07-07,20070.0,64.0,0.0,0,438.55,0.0,1,0.69,0.05,SPY230714P00395000,395.0,0,0.0,0.0,,0.0,normalDay
2023-07-10,20070.0,66.0,0.0,0,439.66,0.0,1,0.69,0.03,SPY230714P00395000,395.0,0,0.0,0.0,,0.0,normalDay
2023-07-11,20070.0,66.0,0.0,0,442.46,0.0,1,0.69,0.03,SPY230714P00395000,395.0,0,0.0,0.0,,0.0,normalDay
2023-07-12,20070.0,67.0,0.0,0,446.02,0.0,1,0.69,0.02,SPY230714P00395000,395.0,0,0.0,0.0,,0.0,normalDay
2023-07-13,20070.0,68.0,0.0,0,449.56,0.0,1,0.69,0.01,SPY230714P00395000,395.0,0,0.0,0.0,,0.0,normalDay
2023-07-14,20139.0,0.0,69.0,0,449.28,0.0,1,0.69,0.0,SPY230714P00395000,395.0,0,0.0,0.0,,0.0,expirationDay
2023-07-17,20139.0,-3.0,0.0,0,450.84,0.0,1,0.72,0.75,SPY230818P00420000,420.0,0,0.0,0.0,,0.0,normalDay
2023-07-18,20139.0,14.0,0.0,0,454.19,0.0,1,0.72,0.58,SPY230818P00420000,420.0,0,0.0,0.0,,0.0,normalDay
2023-07-19,20139.0,12.0,0.0,0,455.2,0.0,1,0.72,0.6,SPY230818P00420000,420.0,0,0.0,0.0,,0.0,normalDay
2023-07-20,20139.0,4.0,0.0,0,452.18,0.0,1,0.72,0.68,SPY230818P00420000,420.0,0,0.0,0.0,,0.0,normalDay
2023-07-21,20139.0,12.0,0.0,0,452.18,0.0,1,0.72,0.6,SPY230818P00420000,420.0,0,0.0,0.0,,0.0,normalDay
2023-07-24,20139.0,23.0,0.0,0,454.2,0.0,1,0.72,0.49,SPY230818P00420000,420.0,0,0.0,0.0,,0.0,normalDay
2023-07-25,20139.0,29.0,0.0,0,455.44,0.0,1,0.72,0.43,SPY230818P00420000,420.0,0,0.0,0.0,,0.0,normalDay
2023-07-26,20139.0,38.0,0.0,0,455.51,0.0,1,0.72,0.34,SPY230818P00420000,420.0,0,0.0,0.0,,0.0,normalDay
2023-07-27,20139.0,21.0,0.0,0,452.49,0.0,1,0.72,0.51,SPY230818P00420000,420.0,0,0.0,0.0,,0.0,normalDay
2023-07-28,20139.0,45.0,0.0,0,456.92,0.0,1,0.72,0.27,SPY230818P00420000,420.0,0,0.0,0.0,,0.0,normalDay
2023-07-31,20139.0,50.0,0.0,0,457.79,0.0,1,0.72,0.22,SPY230818P00420000,420.0,0,0.0,0.0,,0.0,normalDay
2023-08-01,20139.0,49.0,0.0,0,456.48,0.0,1,0.72,0.23,SPY230818P00420000,420.0,0,0.0,0.0,,0.0,normalDay
2023-08-02,20139.0,25.0,0.0,0,450.13,0.0,1,0.72,0.47,SPY230818P00420000,420.0,0,0.0,0.0,,0.0,normalDay
2023-08-03,20139.0,30.0,0.0,0,448.84,0.0,1,0.72,0.42,SPY230818P00420000,420.0,0,0.0,0.0,,0.0,normalDay
2023-08-04,20139.0,16.0,0.0,0,446.81,0.0,1,0.72,0.56,SPY230818P00420000,420.0,0,0.0,0.0,,0.0,normalDay
2023-08-07,20139.0,47.0,0.0,0,450.71,0.0,1,0.72,0.25,SPY230818P00420000,420.0,0,0.0,0.0,,0.0,normalDay
2023-08-08,20139.0,49.0,0.0,0,448.75,0.0,1,0.72,0.23,SPY230818P00420000,420.0,0,0.0,0.0,,0.0,normalDay
2023-08-09,20139.0,50.0,0.0,0,445.75,0.0,1,0.72,0.22,SPY230818P00420000,420.0,0,0.0,0.0,,0.0,normalDay
2023-08-10,20139.0,52.0,0.0,0,445.91,0.0,1,0.72,0.2,SPY230818P00420000,420.0,0,0.0,0.0,,0.0,normalDay
2023-08-11,20139.0,62.0,0.0,0,445.65,0.0,1,0.72,0.1,SPY230818P00420000,420.0,0,0.0,0.0,,0.0,normalDay
2023-08-14,20139.0,67.0,0.0,0,448.11,0.0,1,0.72,0.05,SPY230818P00420000,420.0,0,0.0,0.0,,0.0,normalDay
2023-08-15,20139.0,65.0,0.0,0,442.89,0.0,1,0.72,0.07,SPY230818P00420000,420.0,0,0.0,0.0,,0.0,normalDay
2023-08-16,20139.0,67.0,0.0,0,439.64,0.0,1,0.72,0.05,SPY230818P00420000,420.0,0,0.0,0.0,,0.0,normalDay
2023-08-17,20139.0,68.0,0.0,0,436.29,0.0,1,0.72,0.04,SPY230818P00420000,420.0,0,0.0,0.0,,0.0,normalDay
2023-08-18,20211.0,0.0,72.0,0,436.5,0.0,1,0.72,0.0,SPY230818P00420000,420.0,0,0.0,0.0,,0.0,expirationDay
2023-08-21,20211.0,-3.0,0.0,0,439.34,0.0,1,3.13,3.16,SPY230922P00423000,423.0,0,0.0,0.0,,0.0,normalDay
2023-08-22,20211.0,-2.0,0.0,0,438.15,0.0,1,3.13,3.15,SPY230922P00423000,423.0,0,0.0,0.0,,0.0,normalDay
2023-08-23,20211.0,101.0,0.0,0,443.03,0.0,1,3.13,2.12,SPY230922P00423000,423.0,0,0.0,0.0,,0.0,normalDay
2023-08-24,20211.0,-17.0,0.0,0,436.89,0.0,1,3.13,3.3,SPY230922P00423000,423.0,0,0.0,0.0,,0.0,normalDay
2023-08-25,20211.0,87.0,0.0,0,439.97,0.0,1,3.13,2.26,SPY230922P00423000,423.0,0,0.0,0.0,,0.0,normalDay
2023-08-28,20211.0,161.0,0.0,0,442.76,0.0,1,3.13,1.52,SPY230922P00423000,423.0,0,0.0,0.0,,0.0,normalDay
2023-08-29,20211.0,227.0,0.0,0,449.16,0.0,1,3.13,0.86,SPY230922P00423000,423.0,0,0.0,0.0,,0.0,normalDay
2023-08-30,20211.0,247.0,0.0,0,451.01,0.0,1,3.13,0.66,SPY230922P00423000,423.0,0,0.0,0.0,,0.0,normalDay
2023-08-31,20211.0,258.0,0.0,0,450.35,0.0,1,3.13,0.55,SPY230922P00423000,423.0,0,0.0,0.0,,0.0,normalDay
2023-09-01,20211.0,265.0,0.0,0,451.19,0.0,1,3.13,0.48,SPY230922P00423000,423.0,0,0.0,0.0,,0.0,normalDay
2023-09-05,20211.0,262.0,0.0,0,449.24,0.0,1,3.13,0.51,SPY230922P00423000,423.0,0,0.0,0.0,,0.0,normalDay
2023-09-06,20211.0,250.0,0.0,0,446.22,0.0,1,3.13,0.63,SPY230922P00423000,423.0,0,0.0,0.0,,0.0,normalDay
2023-09-07,20211.0,253.0,0.0,0,444.85,0.0,1,3.13,0.6,SPY230922P00423000,423.0,0,0.0,0.0,,0.0,normalDay
2023-09-08,20211.0,272.0,0.0,0,445.52,0.0,1,3.13,0.41,SPY230922P00423000,423.0,0,0.0,0.0,,0.0,normalDay
2023-09-11,20211.0,289.0,0.0,0,448.45,0.0,1,3.13,0.24,SPY230922P00423000,423.0,0,0.0,0.0,,0.0,normalDay
2023-09-12,20211.0,285.0,0.0,0,445.99,0.0,1,3.13,0.28,SPY230922P00423000,423.0,0,0.0,0.0,,0.0,normalDay
2023-09-13,20211.0,298.0,0.0,0,446.51,0.0,1,3.13,0.15,SPY230922P00423000,423.0,0,0.0,0.0,,0.0,normalDay
2023-09-14,20211.0,302.0,0.0,0,450.36,0.0,1,3.13,0.11,SPY230922P00423000,423.0,0,0.0,0.0,,0.0,normalDay
2023-09-15,20211.0,302.0,0.0,0,443.37,0.0,1,3.13,0.11,SPY230922P00423000,423.0,0,0.0,0.0,,0.0,normalDay
2023-09-18,20211.0,307.0,0.0,0,443.63,0.0,1,3.13,0.06,SPY230922P00423000,423.0,0,0.0,0.0,,0.0,normalDay
2023-09-19,20211.0,307.0,0.0,0,442.71,0.0,1,3.13,0.06,SPY230922P00423000,423.0,0,0.0,0.0,,0.0,normalDay
2023-09-20,20211.0,308.0,0.0,0,438.64,0.0,1,3.13,0.05,SPY230922P00423000,423.0,0,0.0,0.0,,0.0,normalDay
2023-09-21,20211.0,298.0,0.0,0,431.39,0.0,1,3.13,0.15,SPY230922P00423000,423.0,0,0.0,0.0,,0.0,normalDay
2023-09-22,20524.0,0.0,313.0,0,430.42,0.0,1,3.13,0.0,SPY230922P00423000,423.0,0,0.0,0.0,,0.0,expirationDay
2023-09-25,20524.0,-4.0,0.0,0,432.23,0.0,1,3.3,3.34,SPY231027P00420000,420.0,0,0.0,0.0,,0.0,normalDay
2023-09-26,20524.0,-206.0,0.0,0,425.88,0.0,1,3.3,5.36,SPY231027P00420000,420.0,0,0.0,0.0,,0.0,normalDay
2023-09-27,20524.0,-162.0,0.0,0,426.05,0.0,1,3.3,4.92,SPY231027P00420000,420.0,0,0.0,0.0,,0.0,normalDay
2023-09-28,20524.0,-76.0,0.0,0,428.52,0.0,1,3.3,4.06,SPY231027P00420000,420.0,0,0.0,0.0,,0.0,normalDay
2023-09-29,20524.0,-91.0,0.0,0,427.48,0.0,1,3.3,4.21,SPY231027P00420000,420.0,0,0.0,0.0,,0.0,normalDay
2023-10-02,20524.0,-63.0,0.0,0,427.31,0.0,1,3.3,3.93,SPY231027P00420000,420.0,0,0.0,0.0,,0.0,normalDay
2023-10-03,20524.0,-293.0,0.0,0,421.59,0.0,1,3.3,6.23,SPY231027P00420000,420.0,0,0.0,0.0,,0.0,normalDay
2023-10-04,20524.0,-150.0,0.0,0,424.66,0.0,1,3.3,4.8,SPY231027P00420000,420.0,0,0.0,0.0,,0.0,normalDay
2023-10-05,20524.0,-146.0,0.0,0,424.5,0.0,1,3.3,4.76,SPY231027P00420000,420.0,0,0.0,0.0,,0.0,normalDay
2023-10-06,20524.0,60.0,0.0,0,429.54,0.0,1,3.3,2.7,SPY231027P00420000,420.0,0,0.0,0.0,,0.0,normalDay
2023-10-09,20524.0,127.0,0.0,0,432.29,0.0,1,3.3,2.03,SPY231027P00420000,420.0,0,0.0,0.0,,0.0,normalDay
2023-10-10,20524.0,181.0,0.0,0,434.54,0.0,1,3.3,1.49,SPY231027P00420000,420.0,0,0.0,0.0,,0.0,normalDay
2023-10-11,20524.0,231.0,0.0,0,436.32,0.0,1,3.3,0.99,SPY231027P00420000,420.0,0,0.0,0.0,,0.0,normalDay
2023-10-12,20524.0,201.0,0.0,0,433.66,0.0,1,3.3,1.29,SPY231027P00420000,420.0,0,0.0,0.0,,0.0,normalDay
2023-10-13,20524.0,125.0,0.0,0,431.5,0.0,1,3.3,2.05,SPY231027P00420000,420.0,0,0.0,0.0,,0.0,normalDay
2023-10-16,20524.0,246.0,0.0,0,436.04,0.0,1,3.3,0.84,SPY231027P00420000,420.0,0,0.0,0.0,,0.0,normalDay
2023-10-17,20524.0,246.0,0.0,0,436.02,0.0,1,3.3,0.84,SPY231027P00420000,420.0,0,0.0,0.0,,0.0,normalDay
2023-10-18,20524.0,187.0,0.0,0,430.21,0.0,1,3.3,1.43,SPY231027P00420000,420.0,0,0.0,0.0,,0.0,normalDay
2023-10-19,20524.0,53.0,0.0,0,426.43,0.0,1,3.3,2.77,SPY231027P00420000,420.0,0,0.0,0.0,,0.0,normalDay
2023-10-20,20524.0,-33.0,0.0,0,421.19,0.0,1,3.3,3.63,SPY231027P00420000,420.0,0,0.0,0.0,,0.0,normalDay
2023-10-23,20524.0,44.0,0.0,0,420.46,0.0,1,3.3,2.86,SPY231027P00420000,420.0,0,0.0,0.0,,0.0,normalDay
2023-10-24,20524.0,198.0,0.0,0,423.63,0.0,1,3.3,1.32,SPY231027P00420000,420.0,0,0.0,0.0,,0.0,normalDay
2023-10-25,20524.0,-35.0,0.0,0,417.55,0.0,1,3.3,3.65,SPY231027P00420000,420.0,0,0.0,0.0,,0.0,normalDay
2023-10-26,20524.0,-394.0,0.0,0,412.55,0.0,1,3.3,7.24,SPY231027P00420000,420.0,0,0.0,0.0,,0.0,normalDay
2023-10-27,20854.0,-932.0,330.0,100,410.68,420.0,1,3.3,0.0,SPY231027P00420000,420.0,0,0.0,0.0,,0.0,expirationDay
2023-10-30,20854.0,-444.0,0.0,100,415.59,420.0,0,0.0,0.0,,0.0,1,0.02,0.05,SPY231201C00465000,465.0,normalDay
2023-10-31,20854.0,-182.0,0.0,100,418.2,420.0,0,0.0,0.0,,0.0,1,0.02,0.04,SPY231201C00465000,465.0,normalDay
2023-11-01,20854.0,262.0,0.0,100,422.66,420.0,0,0.0,0.0,,0.0,1,0.02,0.06,SPY231201C00465000,465.0,normalDay
2023-11-02,20854.0,1068.0,0.0,100,430.76,420.0,0,0.0,0.0,,0.0,1,0.02,0.1,SPY231201C00465000,465.0,normalDay
2023-11-03,20854.0,1457.0,0.0,100,434.69,420.0,0,0.0,0.0,,0.0,1,0.02,0.14,SPY231201C00465000,465.0,normalDay
2023-11-06,20854.0,1563.0,0.0,100,435.69,420.0,0,0.0,0.0,,0.0,1,0.02,0.08,SPY231201C00465000,465.0,normalDay
2023-11-07,20854.0,1686.0,0.0,100,436.93,420.0,0,0.0,0.0,,0.0,1,0.02,0.09,SPY231201C00465000,465.0,normalDay
2023-11-08,20854.0,1720.0,0.0,100,437.25,420.0,0,0.0,0.0,,0.0,1,0.02,0.07,SPY231201C00465000,465.0,normalDay
2023-11-09,20854.0,1382.0,0.0,100,433.84,420.0,0,0.0,0.0,,0.0,1,0.02,0.04,SPY231201C00465000,465.0,normalDay
2023-11-10,20854.0,2054.0,0.0,100,440.61,420.0,0,0.0,0.0,,0.0,1,0.02,0.09,SPY231201C00465000,465.0,normalDay
2023-11-13,20854.0,2014.0,0.0,100,440.19,420.0,0,0.0,0.0,,0.0,1,0.02,0.07,SPY231201C00465000,465.0,normalDay
2023-11-14,20854.0,2834.0,0.0,100,448.73,420.0,0,0.0,0.0,,0.0,1,0.02,0.41,SPY231201C00465000,465.0,normalDay
2023-11-15,20854.0,2939.0,0.0,100,449.68,420.0,0,0.0,0.0,,0.0,1,0.02,0.31,SPY231201C00465000,465.0,normalDay
2023-11-16,20854.0,2998.0,0.0,100,450.23,420.0,0,0.0,0.0,,0.0,1,0.02,0.27,SPY231201C00465000,465.0,normalDay
2023-11-17,20854.0,3061.0,0.0,100,450.79,420.0,0,0.0,0.0,,0.0,1,0.02,0.2,SPY231201C00465000,465.0,normalDay
2023-11-20,20854.0,3396.0,0.0,100,454.26,420.0,0,0.0,0.0,,0.0,1,0.02,0.32,SPY231201C00465000,465.0,normalDay
2023-11-21,20854.0,3308.0,0.0,100,453.27,420.0,0,0.0,0.0,,0.0,1,0.02,0.21,SPY231201C00465000,465.0,normalDay
2023-11-22,20854.0,3490.0,0.0,100,455.02,420.0,0,0.0,0.0,,0.0,1,0.02,0.14,SPY231201C00465000,465.0,normalDay
2023-11-24,20854.0,3525.0,0.0,100,455.3,420.0,0,0.0,0.0,,0.0,1,0.02,0.07,SPY231201C00465000,465.0,normalDay
2023-11-27,20854.0,3447.0,0.0,100,454.48,420.0,0,0.0,0.0,,0.0,1,0.02,0.03,SPY231201C00465000,465.0,normalDay
2023-11-28,20854.0,3492.0,0.0,100,454.93,420.0,0,0.0,0.0,,0.0,1,0.02,0.03,SPY231201C00465000,465.0,normalDay
2023-11-29,20854.0,3460.0,0.0,100,454.61,420.0,0,0.0,0.0,,0.0,1,0.02,0.03,SPY231201C00465000,465.0,normalDay
2023-11-30,20854.0,3641.0,0.0,100,456.4,420.0,0,0.0,0.0,,0.0,1,0.02,0.01,SPY231201C00465000,465.0,normalDay
