date,totalCapital,unrializedPnL,rializedPnL,stocksOwned,stocksPriceToday,stocksPriceBoughtAt,putOwned,putOwnedSoldAt,putPriceToday,putOwnedContract,putOwnedStrike,callOwned,callOwnedSoldAt,callPriceToday,callOwnedContract,callOwnedStrike,trackType
2018-11-01,0.0,-6.0,0.0,0,273.51,0.0,1,1.73,1.79,SPY181112P00268000,268.0,0,0.0,0.0,,0.0,normalDay
2018-11-02,0.0,-19.0,0.0,0,271.89,0.0,1,1.73,1.92,SPY181112P00268000,268.0,0,0.0,0.0,,0.0,normalDay
2018-11-05,0.0,48.0,0.0,0,273.39,0.0,1,1.73,1.25,SPY181112P00268000,268.0,0,0.0,0.0,,0.0,normalDay
2018-11-06,0.0,83.0,0.0,0,275.12,0.0,1,1.73,0.9,SPY181112P00268000,268.0,0,0.0,0.0,,0.0,normalDay
2018-11-07,0.0,165.0,0.0,0,281.01,0.0,1,1.73,0.08,SPY181112P00268000,268.0,0,0.0,0.0,,0.0,normalDay
2018-11-08,0.0,167.0,0.0,0,280.5,0.0,1,1.73,0.06,SPY181112P00268000,268.0,0,0.0,0.0,,0.0,normalDay
2018-11-09,0.0,170.0,0.0,0,277.76,0.0,1,1.73,0.03,SPY181112P00268000,268.0,0,0.0,0.0,,0.0,normalDay
2018-11-12,173.0,0.0,173.0,0,272.57,0.0,1,1.73,0.0,SPY181112P00268000,268.0,0,0.0,0.0,,0.0,expirationDay
2018-11-13,173.0,-5.0,0.0,0,272.06,0.0,1,1.78,1.83,SPY181123P00268000,268.0,0,0.0,0.0,,0.0,normalDay
2018-11-14,173.0,-80.0,0.0,0,270.2,0.0,1,1.78,2.58,SPY181123P00268000,268.0,0,0.0,0.0,,0.0,normalDay
2018-11-15,173.0,57.0,0.0,0,273.02,0.0,1,1.78,1.21,SPY181123P00268000,268.0,0,0.0,0.0,,0.0,normalDay
2018-11-16,173.0,115.0,0.0,0,273.73,0.0,1,1.78,0.63,SPY181123P00268000,268.0,0,0.0,0.0,,0.0,normalDay
2018-11-19,173.0,19.0,0.0,0,269.1,0.0,1,1.78,1.59,SPY181123P00268000,268.0,0,0.0,0.0,,0.0,normalDay
2018-11-20,173.0,-294.0,0.0,0,264.12,0.0,1,1.78,4.72,SPY181123P00268000,268.0,0,0.0,0.0,,0.0,normalDay
2018-11-21,173.0,-147.0,0.0,0,265.02,0.0,1,1.78,3.25,SPY181123P00268000,268.0,0,0.0,0.0,,0.0,normalDay
2018-11-23,351.0,-475.0,178.0,100,263.25,268.0,1,1.78,0.0,SPY181123P00268000,268.0,0,0.0,0.0,,0.0,expirationDay
2018-11-26,351.0,-56.0,0.0,100,267.5,268.0,0,0.0,0.0,,0.0,1,2.94,3.0,SPY181207C00268500,268.5,normalDay
2018-11-27,351.0,-13.0,0.0,100,268.4,268.0,0,0.0,0.0,,0.0,1,2.94,3.47,SPY181207C00268500,268.5,normalDay
2018-11-28,351.0,203.0,0.0,100,274.58,268.0,0,0.0,0.0,,0.0,1,2.94,7.49,SPY181207C00268500,268.5,normalDay
2018-11-29,351.0,154.0,0.0,100,273.98,268.0,0,0.0,0.0,,0.0,1,2.94,7.38,SPY181207C00268500,268.5,normalDay
2018-11-30,351.0,170.0,0.0,100,275.65,268.0,0,0.0,0.0,,0.0,1,2.94,8.89,SPY181207C00268500,268.5,normalDay
2018-12-03,351.0,322.0,0.0,100,279.3,268.0,0,0.0,0.0,,0.0,1,2.94,11.02,SPY181207C00268500,268.5,normalDay
2018-12-04,351.0,138.0,0.0,100,270.25,268.0,0,0.0,0.0,,0.0,1,2.94,3.81,SPY181207C00268500,268.5,normalDay
2018-12-06,351.0,227.0,0.0,100,269.84,268.0,0,0.0,0.0,,0.0,1,2.94,2.51,SPY181207C00268500,268.5,normalDay
2018-12-07,645.0,-443.0,294.0,100,263.57,268.0,0,0.0,0.0,,0.0,1,2.94,0.0,SPY181207C00268500,268.5,expirationDay
2018-12-10,645.0,-399.0,0.0,100,264.07,268.0,0,0.0,0.0,,0.0,1,2.37,2.43,SPY181221C00268000,268.0,normalDay
2018-12-11,645.0,-354.0,0.0,100,264.13,268.0,0,0.0,0.0,,0.0,1,2.37,2.04,SPY181221C00268000,268.0,normalDay
2018-12-12,645.0,-239.0,0.0,100,265.46,268.0,0,0.0,0.0,,0.0,1,2.37,2.22,SPY181221C00268000,268.0,normalDay
2018-12-13,645.0,-192.0,0.0,100,265.37,268.0,0,0.0,0.0,,0.0,1,2.37,1.66,SPY181221C00268000,268.0,normalDay
2018-12-14,645.0,-568.0,0.0,100,260.47,268.0,0,0.0,0.0,,0.0,1,2.37,0.52,SPY181221C00268000,268.0,normalDay
2018-12-17,645.0,-1044.0,0.0,100,255.36,268.0,0,0.0,0.0,,0.0,1,2.37,0.17,SPY181221C00268000,268.0,normalDay
2018-12-18,645.0,-1068.0,0.0,100,255.08,268.0,0,0.0,0.0,,0.0,1,2.37,0.13,SPY181221C00268000,268.0,normalDay
2018-12-19,645.0,-1440.0,0.0,100,251.26,268.0,0,0.0,0.0,,0.0,1,2.37,0.03,SPY181221C00268000,268.0,normalDay
2018-12-20,645.0,-1847.0,0.0,100,247.17,268.0,0,0.0,0.0,,0.0,1,2.37,0.01,SPY181221C00268000,268.0,normalDay
2018-12-21,882.0,-2730.0,237.0,100,240.7,268.0,0,0.0,0.0,,0.0,1,2.37,0.0,SPY181221C00268000,268.0,expirationDay
2018-12-24,882.0,-3370.0,0.0,100,234.34,268.0,0,0.0,0.0,,0.0,1,0.18,0.22,SPY190104C00256000,256.0,normalDay
2018-12-26,882.0,-2282.0,0.0,100,246.18,268.0,0,0.0,0.0,,0.0,1,0.18,1.18,SPY190104C00256000,256.0,normalDay
2018-12-27,882.0,-2133.0,0.0,100,248.07,268.0,0,0.0,0.0,,0.0,1,0.18,1.58,SPY190104C00256000,256.0,normalDay
2018-12-28,882.0,-2103.0,0.0,100,247.75,268.0,0,0.0,0.0,,0.0,1,0.18,0.96,SPY190104C00256000,256.0,normalDay
2018-12-31,882.0,-1849.0,0.0,100,249.92,268.0,0,0.0,0.0,,0.0,1,0.18,0.59,SPY190104C00256000,256.0,normalDay
2019-01-02,882.0,-1777.0,0.0,100,250.18,268.0,0,0.0,0.0,,0.0,1,0.18,0.13,SPY190104C00256000,256.0,normalDay
2019-01-03,882.0,-2362.0,0.0,100,244.21,268.0,0,0.0,0.0,,0.0,1,0.18,0.01,SPY190104C00256000,256.0,normalDay
2019-01-04,900.0,-1561.0,18.0,100,252.39,268.0,0,0.0,0.0,,0.0,1,0.18,0.0,SPY190104C00256000,256.0,expirationDay
2019-01-07,900.0,-1375.0,0.0,100,254.38,268.0,0,0.0,0.0,,0.0,1,7.54,7.67,SPY190118C00248500,248.5,normalDay
2019-01-08,900.0,-1320.0,0.0,100,256.77,268.0,0,0.0,0.0,,0.0,1,7.54,9.51,SPY190118C00248500,248.5,normalDay
2019-01-09,900.0,-1279.0,0.0,100,257.97,268.0,0,0.0,0.0,,0.0,1,7.54,10.3,SPY190118C00248500,248.5,normalDay
2019-01-10,900.0,-1259.0,0.0,100,258.88,268.0,0,0.0,0.0,,0.0,1,7.54,11.01,SPY190118C00248500,248.5,normalDay
2019-01-11,900.0,-1231.0,0.0,100,258.98,268.0,0,0.0,0.0,,0.0,1,7.54,10.83,SPY190118C00248500,248.5,normalDay
2019-01-14,900.0,-1233.0,0.0,100,257.4,268.0,0,0.0,0.0,,0.0,1,7.54,9.27,SPY190118C00248500,248.5,normalDay
2019-01-15,900.0,-1206.0,0.0,100,260.35,268.0,0,0.0,0.0,,0.0,1,7.54,11.95,SPY190118C00248500,248.5,normalDay
2019-01-16,900.0,-1214.0,0.0,100,260.98,268.0,0,0.0,0.0,,0.0,1,7.54,12.66,SPY190118C00248500,248.5,normalDay
2019-01-17,900.0,-1211.0,0.0,100,262.96,268.0,0,0.0,0.0,,0.0,1,7.54,14.61,SPY190118C00248500,248.5,normalDay
2019-01-18,-296.0,-1211.0,-1196.0,0,266.46,0.0,0,0.0,0.0,,0.0,1,7.54,0.0,SPY190118C00248500,248.5,expirationDay
2019-01-22,-296.0,-3.0,0.0,0,262.86,0.0,1,0.34,0.37,SPY190201P00245500,245.5,0,0.0,0.0,,0.0,normalDay
2019-01-23,-296.0,15.0,0.0,0,263.41,0.0,1,0.34,0.19,SPY190201P00245500,245.5,0,0.0,0.0,,0.0,normalDay
2019-01-24,-296.0,20.0,0.0,0,263.55,0.0,1,0.34,0.14,SPY190201P00245500,245.5,0,0.0,0.0,,0.0,normalDay
2019-01-25,-296.0,31.0,0.0,0,265.78,0.0,1,0.34,0.03,SPY190201P00245500,245.5,0,0.0,0.0,,0.0,normalDay
2019-01-28,-296.0,30.0,0.0,0,263.76,0.0,1,0.34,0.04,SPY190201P00245500,245.5,0,0.0,0.0,,0.0,normalDay
2019-01-29,-296.0,31.0,0.0,0,263.41,0.0,1,0.34,0.03,SPY190201P00245500,245.5,0,0.0,0.0,,0.0,normalDay
2019-01-30,-296.0,33.0,0.0,0,267.58,0.0,1,0.34,0.01,SPY190201P00245500,245.5,0,0.0,0.0,,0.0,normalDay
2019-01-31,-296.0,33.0,0.0,0,269.93,0.0,1,0.34,0.01,SPY190201P00245500,245.5,0,0.0,0.0,,0.0,normalDay
2019-02-01,-262.0,0.0,34.0,0,270.06,0.0,1,0.34,0.0,SPY190201P00245500,245.5,0,0.0,0.0,,0.0,expirationDay
2019-02-04,-262.0,-3.0,0.0,0,271.96,0.0,1,0.18,0.21,SPY190215P00258000,258.0,0,0.0,0.0,,0.0,normalDay
2019-02-05,-262.0,1.0,0.0,0,273.1,0.0,1,0.18,0.17,SPY190215P00258000,258.0,0,0.0,0.0,,0.0,normalDay
2019-02-06,-262.0,5.0,0.0,0,272.74,0.0,1,0.18,0.13,SPY190215P00258000,258.0,0,0.0,0.0,,0.0,normalDay
2019-02-07,-262.0,-5.0,0.0,0,270.14,0.0,1,0.18,0.23,SPY190215P00258000,258.0,0,0.0,0.0,,0.0,normalDay
2019-02-08,-262.0,6.0,0.0,0,270.47,0.0,1,0.18,0.12,SPY190215P00258000,258.0,0,0.0,0.0,,0.0,normalDay
2019-02-11,-262.0,11.0,0.0,0,270.62,0.0,1,0.18,0.07,SPY190215P00258000,258.0,0,0.0,0.0,,0.0,normalDay
2019-02-12,-262.0,15.0,0.0,0,274.1,0.0,1,0.18,0.03,SPY190215P00258000,258.0,0,0.0,0.0,,0.0,normalDay
2019-02-13,-262.0,15.0,0.0,0,274.99,0.0,1,0.18,0.03,SPY190215P00258000,258.0,0,0.0,0.0,,0.0,normalDay
2019-02-14,-262.0,16.0,0.0,0,274.38,0.0,1,0.18,0.02,SPY190215P00258000,258.0,0,0.0,0.0,,0.0,normalDay
2019-02-15,-244.0,0.0,18.0,0,277.37,0.0,1,0.18,0.0,SPY190215P00258000,258.0,0,0.0,0.0,,0.0,expirationDay
2019-02-19,-244.0,-3.0,0.0,0,277.85,0.0,1,0.21,0.24,SPY190301P00265000,265.0,0,0.0,0.0,,0.0,normalDay
2019-02-20,-244.0,6.0,0.0,0,278.41,0.0,1,0.21,0.15,SPY190301P00265000,265.0,0,0.0,0.0,,0.0,normalDay
2019-02-21,-244.0,7.0,0.0,0,277.42,0.0,1,0.21,0.14,SPY190301P00265000,265.0,0,0.0,0.0,,0.0,normalDay
2019-02-22,-244.0,15.0,0.0,0,279.14,0.0,1,0.21,0.06,SPY190301P00265000,265.0,0,0.0,0.0,,0.0,normalDay
2019-02-25,-244.0,16.0,0.0,0,279.52,0.0,1,0.21,0.05,SPY190301P00265000,265.0,0,0.0,0.0,,0.0,normalDay
2019-02-26,-244.0,18.0,0.0,0,279.32,0.0,1,0.21,0.03,SPY190301P00265000,265.0,0,0.0,0.0,,0.0,normalDay
2019-02-27,-244.0,19.0,0.0,0,279.2,0.0,1,0.21,0.02,SPY190301P00265000,265.0,0,0.0,0.0,,0.0,normalDay
2019-02-28,-244.0,20.0,0.0,0,278.68,0.0,1,0.21,0.01,SPY190301P00265000,265.0,0,0.0,0.0,,0.0,normalDay
2019-03-01,-223.0,0.0,21.0,0,280.42,0.0,1,0.21,0.0,SPY190301P00265000,265.0,0,0.0,0.0,,0.0,expirationDay
2019-03-04,-223.0,-3.0,0.0,0,279.4,0.0,1,0.82,0.85,SPY190315P00272500,272.5,0,0.0,0.0,,0.0,normalDay
2019-03-05,-223.0,1.0,0.0,0,279.02,0.0,1,0.82,0.81,SPY190315P00272500,272.5,0,0.0,0.0,,0.0,normalDay
2019-03-06,-223.0,-34.0,0.0,0,277.33,0.0,1,0.82,1.16,SPY190315P00272500,272.5,0,0.0,0.0,,0.0,normalDay
2019-03-07,-223.0,-92.0,0.0,0,275.01,0.0,1,0.82,1.74,SPY190315P00272500,272.5,0,0.0,0.0,,0.0,normalDay
2019-03-08,-223.0,-70.0,0.0,0,274.46,0.0,1,0.82,1.52,SPY190315P00272500,272.5,0,0.0,0.0,,0.0,normalDay
2019-03-11,-223.0,46.0,0.0,0,278.44,0.0,1,0.82,0.36,SPY190315P00272500,272.5,0,0.0,0.0,,0.0,normalDay
2019-03-12,-223.0,66.0,0.0,0,279.49,0.0,1,0.82,0.16,SPY190315P00272500,272.5,0,0.0,0.0,,0.0,normalDay
2019-03-13,-223.0,77.0,0.0,0,281.34,0.0,1,0.82,0.05,SPY190315P00272500,272.5,0,0.0,0.0,,0.0,normalDay
2019-03-14,-223.0,78.0,0.0,0,281.16,0.0,1,0.82,0.04,SPY190315P00272500,272.5,0,0.0,0.0,,0.0,normalDay
2019-03-15,-141.0,0.0,82.0,0,281.31,0.0,1,0.82,0.0,SPY190315P00272500,272.5,0,0.0,0.0,,0.0,expirationDay
2019-03-18,-141.0,-3.0,0.0,0,282.33,0.0,1,0.69,0.72,SPY190329P00277000,277.0,0,0.0,0.0,,0.0,normalDay
2019-03-19,-141.0,-14.0,0.0,0,282.4,0.0,1,0.69,0.83,SPY190329P00277000,277.0,0,0.0,0.0,,0.0,normalDay
2019-03-20,-141.0,-16.0,0.0,0,281.55,0.0,1,0.69,0.85,SPY190329P00277000,277.0,0,0.0,0.0,,0.0,normalDay
2019-03-21,-141.0,33.0,0.0,0,284.73,0.0,1,0.69,0.36,SPY190329P00277000,277.0,0,0.0,0.0,,0.0,normalDay
2019-03-22,-141.0,-74.0,0.0,0,279.25,0.0,1,0.69,1.43,SPY190329P00277000,277.0,0,0.0,0.0,,0.0,normalDay
2019-03-25,-141.0,-45.0,0.0,0,279.04,0.0,1,0.69,1.14,SPY190329P00277000,277.0,0,0.0,0.0,,0.0,normalDay
2019-03-26,-141.0,25.0,0.0,0,281.12,0.0,1,0.69,0.44,SPY190329P00277000,277.0,0,0.0,0.0,,0.0,normalDay
2019-03-27,-141.0,15.0,0.0,0,279.65,0.0,1,0.69,0.54,SPY190329P00277000,277.0,0,0.0,0.0,,0.0,normalDay
2019-03-28,-141.0,59.0,0.0,0,280.71,0.0,1,0.69,0.1,SPY190329P00277000,277.0,0,0.0,0.0,,0.0,normalDay
2019-03-29,-72.0,0.0,69.0,0,282.48,0.0,1,0.69,0.0,SPY190329P00277000,277.0,0,0.0,0.0,,0.0,expirationDay
2019-04-01,-72.0,-3.0,0.0,0,285.83,0.0,1,0.4,0.43,SPY190412P00277500,277.5,0,0.0,0.0,,0.0,normalDay
2019-04-02,-72.0,5.0,0.0,0,285.97,0.0,1,0.4,0.35,SPY190412P00277500,277.5,0,0.0,0.0,,0.0,normalDay
2019-04-03,-72.0,11.0,0.0,0,286.42,0.0,1,0.4,0.29,SPY190412P00277500,277.5,0,0.0,0.0,,0.0,normalDay
2019-04-04,-72.0,23.0,0.0,0,287.18,0.0,1,0.4,0.17,SPY190412P00277500,277.5,0,0.0,0.0,,0.0,normalDay
2019-04-05,-72.0,34.0,0.0,0,288.57,0.0,1,0.4,0.06,SPY190412P00277500,277.5,0,0.0,0.0,,0.0,normalDay
2019-04-08,-72.0,37.0,0.0,0,288.79,0.0,1,0.4,0.03,SPY190412P00277500,277.5,0,0.0,0.0,,0.0,normalDay
2019-04-09,-72.0,36.0,0.0,0,287.31,0.0,1,0.4,0.04,SPY190412P00277500,277.5,0,0.0,0.0,,0.0,normalDay
2019-04-10,-72.0,39.0,0.0,0,288.29,0.0,1,0.4,0.01,SPY190412P00277500,277.5,0,0.0,0.0,,0.0,normalDay
2019-04-11,-72.0,39.0,0.0,0,288.21,0.0,1,0.4,0.01,SPY190412P00277500,277.5,0,0.0,0.0,,0.0,normalDay
2019-04-12,-32.0,0.0,40.0,0,290.16,0.0,1,0.4,0.0,SPY190412P00277500,277.5,0,0.0,0.0,,0.0,expirationDay
2019-04-15,-32.0,-3.0,0.0,0,289.97,0.0,1,0.27,0.3,SPY190426P00281000,281.0,0,0.0,0.0,,0.0,normalDay
2019-04-16,-32.0,1.0,0.0,0,290.16,0.0,1,0.27,0.26,SPY190426P00281000,281.0,0,0.0,0.0,,0.0,normalDay
2019-04-17,-32.0,0.0,0.0,0,289.45,0.0,1,0.27,0.27,SPY190426P00281000,281.0,0,0.0,0.0,,0.0,normalDay
2019-04-18,-32.0,15.0,0.0,0,290.02,0.0,1,0.27,0.12,SPY190426P00281000,281.0,0,0.0,0.0,,0.0,normalDay
2019-04-22,-32.0,22.0,0.0,0,290.27,0.0,1,0.27,0.05,SPY190426P00281000,281.0,0,0.0,0.0,,0.0,normalDay
2019-04-23,-32.0,25.0,0.0,0,292.88,0.0,1,0.27,0.02,SPY190426P00281000,281.0,0,0.0,0.0,,0.0,normalDay
2019-04-24,-32.0,24.0,0.0,0,292.23,0.0,1,0.27,0.03,SPY190426P00281000,281.0,0,0.0,0.0,,0.0,normalDay
2019-04-25,-32.0,25.0,0.0,0,292.05,0.0,1,0.27,0.02,SPY190426P00281000,281.0,0,0.0,0.0,,0.0,normalDay
2019-04-26,-5.0,0.0,27.0,0,293.41,0.0,1,0.27,0.0,SPY190426P00281000,281.0,0,0.0,0.0,,0.0,expirationDay
2019-04-29,-5.0,-3.0,0.0,0,293.87,0.0,1,0.57,0.6,SPY190510P00287000,287.0,0,0.0,0.0,,0.0,normalDay
2019-04-30,-5.0,6.0,0.0,0,294.02,0.0,1,0.57,0.51,SPY190510P00287000,287.0,0,0.0,0.0,,0.0,normalDay
2019-05-01,-5.0,-38.0,0.0,0,291.81,0.0,1,0.57,0.95,SPY190510P00287000,287.0,0,0.0,0.0,,0.0,normalDay
2019-05-02,-5.0,-31.0,0.0,0,291.18,0.0,1,0.57,0.88,SPY190510P00287000,287.0,0,0.0,0.0,,0.0,normalDay
2019-05-03,-5.0,33.0,0.0,0,294.03,0.0,1,0.57,0.24,SPY190510P00287000,287.0,0,0.0,0.0,,0.0,normalDay
2019-05-06,-5.0,9.0,0.0,0,292.82,0.0,1,0.57,0.48,SPY190510P00287000,287.0,0,0.0,0.0,,0.0,normalDay
2019-05-07,-5.0,-139.0,0.0,0,287.93,0.0,1,0.57,1.96,SPY190510P00287000,287.0,0,0.0,0.0,,0.0,normalDay
2019-05-08,-5.0,-124.0,0.0,0,287.53,0.0,1,0.57,1.81,SPY190510P00287000,287.0,0,0.0,0.0,,0.0,normalDay
2019-05-09,-5.0,-145.0,0.0,0,286.66,0.0,1,0.57,2.02,SPY190510P00287000,287.0,0,0.0,0.0,,0.0,normalDay
2019-05-10,52.0,0.0,57.0,0,288.1,0.0,1,0.57,0.0,SPY190510P00287000,287.0,0,0.0,0.0,,0.0,expirationDay
2019-05-13,52.0,-7.0,0.0,0,280.86,0.0,1,7.6,7.67,SPY190524P00287500,287.5,0,0.0,0.0,,0.0,normalDay
2019-05-14,52.0,230.0,0.0,0,283.4,0.0,1,7.6,5.3,SPY190524P00287500,287.5,0,0.0,0.0,,0.0,normalDay
2019-05-15,52.0,388.0,0.0,0,285.06,0.0,1,7.6,3.72,SPY190524P00287500,287.5,0,0.0,0.0,,0.0,normalDay
2019-05-16,52.0,536.0,0.0,0,287.7,0.0,1,7.6,2.24,SPY190524P00287500,287.5,0,0.0,0.0,,0.0,normalDay
2019-05-17,52.0,448.0,0.0,0,285.84,0.0,1,7.6,3.12,SPY190524P00287500,287.5,0,0.0,0.0,,0.0,normalDay
2019-05-20,52.0,370.0,0.0,0,283.95,0.0,1,7.6,3.9,SPY190524P00287500,287.5,0,0.0,0.0,,0.0,normalDay
2019-05-21,52.0,563.0,0.0,0,286.51,0.0,1,7.6,1.97,SPY190524P00287500,287.5,0,0.0,0.0,,0.0,normalDay
2019-05-22,52.0,536.0,0.0,0,285.63,0.0,1,7.6,2.24,SPY190524P00287500,287.5,0,0.0,0.0,,0.0,normalDay
2019-05-23,52.0,204.0,0.0,0,282.14,0.0,1,7.6,5.56,SPY190524P00287500,287.5,0,0.0,0.0,,0.0,normalDay
2019-05-24,812.0,-472.0,760.0,100,282.78,287.5,1,7.6,0.0,SPY190524P00287500,287.5,0,0.0,0.0,,0.0,expirationDay
2019-05-28,812.0,-739.0,0.0,100,280.15,287.5,0,0.0,0.0,,0.0,1,1.19,1.23,SPY190607C00285000,285.0,normalDay
2019-05-29,812.0,-862.0,0.0,100,278.27,287.5,0,0.0,0.0,,0.0,1,1.19,0.58,SPY190607C00285000,285.0,normalDay
2019-05-30,812.0,-777.0,0.0,100,279.03,287.5,0,0.0,0.0,,0.0,1,1.19,0.49,SPY190607C00285000,285.0,normalDay
2019-05-31,812.0,-1117.0,0.0,100,275.27,287.5,0,0.0,0.0,,0.0,1,1.19,0.13,SPY190607C00285000,285.0,normalDay
2019-06-03,812.0,-1178.0,0.0,100,274.57,287.5,0,0.0,0.0,,0.0,1,1.19,0.04,SPY190607C00285000,285.0,normalDay
2019-06-04,812.0,-601.0,0.0,100,280.53,287.5,0,0.0,0.0,,0.0,1,1.19,0.23,SPY190607C00285000,285.0,normalDay
2019-06-05,812.0,-383.0,0.0,100,282.96,287.5,0,0.0,0.0,,0.0,1,1.19,0.48,SPY190607C00285000,285.0,normalDay
2019-06-06,812.0,-237.0,0.0,100,284.8,287.5,0,0.0,0.0,,0.0,1,1.19,0.86,SPY190607C00285000,285.0,normalDay
2019-06-07,681.0,-237.0,-131.0,0,287.65,0.0,0,0.0,0.0,,0.0,1,1.19,0.0,SPY190607C00285000,285.0,expirationDay
2019-06-10,681.0,-3.0,0.0,0,288.97,0.0,1,0.72,0.75,SPY190621P00279000,279.0,0,0.0,0.0,,0.0,normalDay
2019-06-11,681.0,3.0,0.0,0,288.9,0.0,1,0.72,0.69,SPY190621P00279000,279.0,0,0.0,0.0,,0.0,normalDay
2019-06-12,681.0,12.0,0.0,0,288.39,0.0,1,0.72,0.6,SPY190621P00279000,279.0,0,0.0,0.0,,0.0,normalDay
2019-06-13,681.0,37.0,0.0,0,289.58,0.0,1,0.72,0.35,SPY190621P00279000,279.0,0,0.0,0.0,,0.0,normalDay
2019-06-14,681.0,51.0,0.0,0,289.26,0.0,1,0.72,0.21,SPY190621P00279000,279.0,0,0.0,0.0,,0.0,normalDay
2019-06-17,681.0,57.0,0.0,0,289.37,0.0,1,0.72,0.15,SPY190621P00279000,279.0,0,0.0,0.0,,0.0,normalDay
2019-06-18,681.0,64.0,0.0,0,292.4,0.0,1,0.72,0.08,SPY190621P00279000,279.0,0,0.0,0.0,,0.0,normalDay
2019-06-19,681.0,68.0,0.0,0,293.06,0.0,1,0.72,0.04,SPY190621P00279000,279.0,0,0.0,0.0,,0.0,normalDay
2019-06-20,681.0,68.0,0.0,0,295.86,0.0,1,0.72,0.04,SPY190621P00279000,279.0,0,0.0,0.0,,0.0,normalDay
2019-06-21,753.0,0.0,72.0,0,294.0,0.0,1,0.72,0.0,SPY190621P00279000,279.0,0,0.0,0.0,,0.0,expirationDay
2019-06-24,753.0,-3.0,0.0,0,293.64,0.0,1,0.36,0.39,SPY190705P00280000,280.0,0,0.0,0.0,,0.0,normalDay
2019-06-25,753.0,-25.0,0.0,0,290.76,0.0,1,0.36,0.61,SPY190705P00280000,280.0,0,0.0,0.0,,0.0,normalDay
2019-06-26,753.0,-17.0,0.0,0,290.47,0.0,1,0.36,0.53,SPY190705P00280000,280.0,0,0.0,0.0,,0.0,normalDay
2019-06-27,753.0,1.0,0.0,0,291.5,0.0,1,0.36,0.35,SPY190705P00280000,280.0,0,0.0,0.0,,0.0,normalDay
2019-06-28,753.0,14.0,0.0,0,293.0,0.0,1,0.36,0.22,SPY190705P00280000,280.0,0,0.0,0.0,,0.0,normalDay
2019-07-01,753.0,33.0,0.0,0,295.66,0.0,1,0.36,0.03,SPY190705P00280000,280.0,0,0.0,0.0,,0.0,normalDay
2019-07-02,753.0,34.0,0.0,0,296.43,0.0,1,0.36,0.02,SPY190705P00280000,280.0,0,0.0,0.0,,0.0,normalDay
2019-07-03,753.0,35.0,0.0,0,298.8,0.0,1,0.36,0.01,SPY190705P00280000,280.0,0,0.0,0.0,,0.0,normalDay
2019-07-05,789.0,0.0,36.0,0,298.46,0.0,1,0.36,0.0,SPY190705P00280000,280.0,0,0.0,0.0,,0.0,expirationDay
2019-07-08,789.0,-3.0,0.0,0,296.82,0.0,1,0.37,0.4,SPY190719P00289000,289.0,0,0.0,0.0,,0.0,normalDay
2019-07-09,789.0,1.0,0.0,0,297.19,0.0,1,0.37,0.36,SPY190719P00289000,289.0,0,0.0,0.0,,0.0,normalDay
2019-07-10,789.0,19.0,0.0,0,298.61,0.0,1,0.37,0.18,SPY190719P00289000,289.0,0,0.0,0.0,,0.0,normalDay
2019-07-11,789.0,23.0,0.0,0,299.31,0.0,1,0.37,0.14,SPY190719P00289000,289.0,0,0.0,0.0,,0.0,normalDay
2019-07-12,789.0,28.0,0.0,0,300.65,0.0,1,0.37,0.09,SPY190719P00289000,289.0,0,0.0,0.0,,0.0,normalDay
2019-07-15,789.0,30.0,0.0,0,300.75,0.0,1,0.37,0.07,SPY190719P00289000,289.0,0,0.0,0.0,,0.0,normalDay
2019-07-16,789.0,31.0,0.0,0,299.78,0.0,1,0.37,0.06,SPY190719P00289000,289.0,0,0.0,0.0,,0.0,normalDay
2019-07-17,789.0,32.0,0.0,0,297.74,0.0,1,0.37,0.05,SPY190719P00289000,289.0,0,0.0,0.0,,0.0,normalDay
2019-07-18,789.0,34.0,0.0,0,298.83,0.0,1,0.37,0.03,SPY190719P00289000,289.0,0,0.0,0.0,,0.0,normalDay
2019-07-19,826.0,0.0,37.0,0,297.17,0.0,1,0.37,0.0,SPY190719P00289000,289.0,0,0.0,0.0,,0.0,expirationDay
2019-07-22,826.0,-4.0,0.0,0,297.9,0.0,1,1.09,1.13,SPY190802P00293000,293.0,0,0.0,0.0,,0.0,normalDay
2019-07-23,826.0,44.0,0.0,0,300.03,0.0,1,1.09,0.65,SPY190802P00293000,293.0,0,0.0,0.0,,0.0,normalDay
2019-07-24,826.0,69.0,0.0,0,301.44,0.0,1,1.09,0.4,SPY190802P00293000,293.0,0,0.0,0.0,,0.0,normalDay
2019-07-25,826.0,62.0,0.0,0,300.0,0.0,1,1.09,0.47,SPY190802P00293000,293.0,0,0.0,0.0,,0.0,normalDay
2019-07-26,826.0,90.0,0.0,0,302.01,0.0,1,1.09,0.19,SPY190802P00293000,293.0,0,0.0,0.0,,0.0,normalDay
2019-07-29,826.0,95.0,0.0,0,301.46,0.0,1,1.09,0.14,SPY190802P00293000,293.0,0,0.0,0.0,,0.0,normalDay
2019-07-30,826.0,86.0,0.0,0,300.72,0.0,1,1.09,0.23,SPY190802P00293000,293.0,0,0.0,0.0,,0.0,normalDay
2019-07-31,826.0,39.0,0.0,0,297.43,0.0,1,1.09,0.7,SPY190802P00293000,293.0,0,0.0,0.0,,0.0,normalDay
2019-08-01,826.0,44.0,0.0,0,294.84,0.0,1,1.09,0.65,SPY190802P00293000,293.0,0,0.0,0.0,,0.0,normalDay
2019-08-02,935.0,-38.0,109.0,100,292.62,293.0,1,1.09,0.0,SPY190802P00293000,293.0,0,0.0,0.0,,0.0,expirationDay
2019-08-05,935.0,-921.0,0.0,100,283.82,293.0,0,0.0,0.0,,0.0,1,0.37,0.4,SPY190816C00296000,296.0,normalDay
2019-08-06,935.0,-530.0,0.0,100,287.8,293.0,0,0.0,0.0,,0.0,1,0.37,0.47,SPY190816C00296000,296.0,normalDay
2019-08-07,935.0,-502.0,0.0,100,287.97,293.0,0,0.0,0.0,,0.0,1,0.37,0.36,SPY190816C00296000,296.0,normalDay
2019-08-08,935.0,-41.0,0.0,100,293.62,293.0,0,0.0,0.0,,0.0,1,0.37,1.4,SPY190816C00296000,296.0,normalDay
2019-08-09,935.0,-176.0,0.0,100,291.62,293.0,0,0.0,0.0,,0.0,1,0.37,0.75,SPY190816C00296000,296.0,normalDay
2019-08-12,935.0,-471.0,0.0,100,288.07,293.0,0,0.0,0.0,,0.0,1,0.37,0.15,SPY190816C00296000,296.0,normalDay
2019-08-13,935.0,-57.0,0.0,100,292.55,293.0,0,0.0,0.0,,0.0,1,0.37,0.49,SPY190816C00296000,296.0,normalDay
2019-08-14,935.0,-876.0,0.0,100,283.9,293.0,0,0.0,0.0,,0.0,1,0.37,0.03,SPY190816C00296000,296.0,normalDay
2019-08-15,935.0,-799.0,0.0,100,284.65,293.0,0,0.0,0.0,,0.0,1,0.37,0.01,SPY190816C00296000,296.0,normalDay
2019-08-16,972.0,-415.0,37.0,100,288.85,293.0,0,0.0,0.0,,0.0,1,0.37,0.0,SPY190816C00296000,296.0,expirationDay
2019-08-19,972.0,-72.0,0.0,100,292.33,293.0,0,0.0,0.0,,0.0,1,4.63,4.68,SPY190830C00290000,290.0,normalDay
2019-08-20,972.0,-157.0,0.0,100,290.09,293.0,0,0.0,0.0,,0.0,1,4.63,3.29,SPY190830C00290000,290.0,normalDay
2019-08-21,972.0,-59.0,0.0,100,292.45,293.0,0,0.0,0.0,,0.0,1,4.63,4.67,SPY190830C00290000,290.0,normalDay
2019-08-22,972.0,-34.0,0.0,100,292.36,293.0,0,0.0,0.0,,0.0,1,4.63,4.33,SPY190830C00290000,290.0,normalDay
2019-08-23,972.0,-489.0,0.0,100,284.85,293.0,0,0.0,0.0,,0.0,1,4.63,1.37,SPY190830C00290000,290.0,normalDay
2019-08-26,972.0,-203.0,0.0,100,288.0,293.0,0,0.0,0.0,,0.0,1,4.63,1.66,SPY190830C00290000,290.0,normalDay
2019-08-27,972.0,-244.0,0.0,100,286.87,293.0,0,0.0,0.0,,0.0,1,4.63,0.94,SPY190830C00290000,290.0,normalDay
2019-08-28,972.0,-78.0,0.0,100,288.89,293.0,0,0.0,0.0,,0.0,1,4.63,1.3,SPY190830C00290000,290.0,normalDay
2019-08-29,972.0,124.0,0.0,100,292.58,293.0,0,0.0,0.0,,0.0,1,4.63,2.97,SPY190830C00290000,290.0,normalDay
2019-08-30,1135.0,124.0,163.0,0,292.45,0.0,0,0.0,0.0,,0.0,1,4.63,0.0,SPY190830C00290000,290.0,expirationDay
2019-09-03,1135.0,-4.0,0.0,0,290.74,0.0,1,2.15,2.19,SPY190913P00287000,287.0,0,0.0,0.0,,0.0,normalDay
2019-09-04,1135.0,127.0,0.0,0,294.04,0.0,1,2.15,0.88,SPY190913P00287000,287.0,0,0.0,0.0,,0.0,normalDay
2019-09-05,1135.0,180.0,0.0,0,297.82,0.0,1,2.15,0.35,SPY190913P00287000,287.0,0,0.0,0.0,,0.0,normalDay
2019-09-06,1135.0,201.0,0.0,0,298.05,0.0,1,2.15,0.14,SPY190913P00287000,287.0,0,0.0,0.0,,0.0,normalDay
2019-09-09,1135.0,208.0,0.0,0,298.2,0.0,1,2.15,0.07,SPY190913P00287000,287.0,0,0.0,0.0,,0.0,normalDay
2019-09-10,1135.0,209.0,0.0,0,298.13,0.0,1,2.15,0.06,SPY190913P00287000,287.0,0,0.0,0.0,,0.0,normalDay
2019-09-11,1135.0,212.0,0.0,0,300.25,0.0,1,2.15,0.03,SPY190913P00287000,287.0,0,0.0,0.0,,0.0,normalDay
2019-09-12,1135.0,213.0,0.0,0,301.29,0.0,1,2.15,0.02,SPY190913P00287000,287.0,0,0.0,0.0,,0.0,normalDay
2019-09-13,1350.0,0.0,215.0,0,301.09,0.0,1,2.15,0.0,SPY190913P00287000,287.0,0,0.0,0.0,,0.0,expirationDay
2019-09-16,1350.0,-3.0,0.0,0,300.16,0.0,1,0.57,0.6,SPY190927P00289000,289.0,0,0.0,0.0,,0.0,normalDay
2019-09-17,1350.0,6.0,0.0,0,300.92,0.0,1,0.57,0.51,SPY190927P00289000,289.0,0,0.0,0.0,,0.0,normalDay
2019-09-18,1350.0,17.0,0.0,0,301.1,0.0,1,0.57,0.4,SPY190927P00289000,289.0,0,0.0,0.0,,0.0,normalDay
2019-09-19,1350.0,27.0,0.0,0,301.08,0.0,1,0.57,0.3,SPY190927P00289000,289.0,0,0.0,0.0,,0.0,normalDay
2019-09-20,1350.0,19.0,0.0,0,298.28,0.0,1,0.57,0.38,SPY190927P00289000,289.0,0,0.0,0.0,,0.0,normalDay
2019-09-23,1350.0,45.0,0.0,0,298.21,0.0,1,0.57,0.12,SPY190927P00289000,289.0,0,0.0,0.0,,0.0,normalDay
2019-09-24,1350.0,25.0,0.0,0,295.87,0.0,1,0.57,0.32,SPY190927P00289000,289.0,0,0.0,0.0,,0.0,normalDay
2019-09-25,1350.0,47.0,0.0,0,297.62,0.0,1,0.57,0.1,SPY190927P00289000,289.0,0,0.0,0.0,,0.0,normalDay
2019-09-26,1350.0,54.0,0.0,0,297.0,0.0,1,0.57,0.03,SPY190927P00289000,289.0,0,0.0,0.0,,0.0,normalDay
2019-09-27,1407.0,0.0,57.0,0,295.4,0.0,1,0.57,0.0,SPY190927P00289000,289.0,0,0.0,0.0,,0.0,expirationDay
2019-09-30,1407.0,-4.0,0.0,0,296.77,0.0,1,2.08,2.12,SPY191011P00295000,295.0,0,0.0,0.0,,0.0,normalDay
2019-10-01,1407.0,-192.0,0.0,0,293.24,0.0,1,2.08,4.0,SPY191011P00295000,295.0,0,0.0,0.0,,0.0,normalDay
2019-10-02,1407.0,-599.0,0.0,0,288.06,0.0,1,2.08,8.07,SPY191011P00295000,295.0,0,0.0,0.0,,0.0,normalDay
2019-10-03,1407.0,-345.0,0.0,0,290.42,0.0,1,2.08,5.53,SPY191011P00295000,295.0,0,0.0,0.0,,0.0,normalDay
2019-10-04,1407.0,-68.0,0.0,0,294.35,0.0,1,2.08,2.76,SPY191011P00295000,295.0,0,0.0,0.0,,0.0,normalDay
2019-10-07,1407.0,-115.0,0.0,0,293.08,0.0,1,2.08,3.23,SPY191011P00295000,295.0,0,0.0,0.0,,0.0,normalDay
2019-10-08,1407.0,-461.0,0.0,0,288.53,0.0,1,2.08,6.69,SPY191011P00295000,295.0,0,0.0,0.0,,0.0,normalDay
2019-10-09,1407.0,-227.0,0.0,0,291.27,0.0,1,2.08,4.35,SPY191011P00295000,295.0,0,0.0,0.0,,0.0,normalDay
2019-10-10,1407.0,-37.0,0.0,0,293.24,0.0,1,2.08,2.45,SPY191011P00295000,295.0,0,0.0,0.0,,0.0,normalDay
2019-10-11,1615.0,0.0,208.0,0,296.28,0.0,1,2.08,0.0,SPY191011P00295000,295.0,0,0.0,0.0,,0.0,expirationDay
2019-10-14,1615.0,-3.0,0.0,0,295.95,0.0,1,1.23,1.26,SPY191025P00291000,291.0,0,0.0,0.0,,0.0,normalDay
2019-10-15,1615.0,71.0,0.0,0,298.88,0.0,1,1.23,0.52,SPY191025P00291000,291.0,0,0.0,0.0,,0.0,normalDay
2019-10-16,1615.0,78.0,0.0,0,298.4,0.0,1,1.23,0.45,SPY191025P00291000,291.0,0,0.0,0.0,,0.0,normalDay
2019-10-17,1615.0,94.0,0.0,0,299.28,0.0,1,1.23,0.29,SPY191025P00291000,291.0,0,0.0,0.0,,0.0,normalDay
2019-10-18,1615.0,93.0,0.0,0,297.97,0.0,1,1.23,0.3,SPY191025P00291000,291.0,0,0.0,0.0,,0.0,normalDay
2019-10-21,1615.0,116.0,0.0,0,299.99,0.0,1,1.23,0.07,SPY191025P00291000,291.0,0,0.0,0.0,,0.0,normalDay
2019-10-22,1615.0,114.0,0.0,0,299.01,0.0,1,1.23,0.09,SPY191025P00291000,291.0,0,0.0,0.0,,0.0,normalDay
2019-10-23,1615.0,120.0,0.0,0,299.88,0.0,1,1.23,0.03,SPY191025P00291000,291.0,0,0.0,0.0,,0.0,normalDay
2019-10-24,1615.0,122.0,0.0,0,300.37,0.0,1,1.23,0.01,SPY191025P00291000,291.0,0,0.0,0.0,,0.0,normalDay
2019-10-25,1738.0,0.0,123.0,0,301.6,0.0,1,1.23,0.0,SPY191025P00291000,291.0,0,0.0,0.0,,0.0,expirationDay
2019-10-28,1738.0,-3.0,0.0,0,303.3,0.0,1,0.26,0.29,SPY191108P00292000,292.0,0,0.0,0.0,,0.0,normalDay
2019-10-29,1738.0,0.0,0.0,0,303.21,0.0,1,0.26,0.26,SPY191108P00292000,292.0,0,0.0,0.0,,0.0,normalDay
2019-10-30,1738.0,11.0,0.0,0,304.14,0.0,1,0.26,0.15,SPY191108P00292000,292.0,0,0.0,0.0,,0.0,normalDay
2019-10-31,1738.0,8.0,0.0,0,303.33,0.0,1,0.26,0.18,SPY191108P00292000,292.0,0,0.0,0.0,,0.0,normalDay
2019-11-01,1738.0,22.0,0.0,0,306.14,0.0,1,0.26,0.04,SPY191108P00292000,292.0,0,0.0,0.0,,0.0,normalDay
2019-11-04,1738.0,23.0,0.0,0,307.37,0.0,1,0.26,0.03,SPY191108P00292000,292.0,0,0.0,0.0,,0.0,normalDay
2019-11-05,1738.0,24.0,0.0,0,307.03,0.0,1,0.26,0.02,SPY191108P00292000,292.0,0,0.0,0.0,,0.0,normalDay
2019-11-06,1738.0,25.0,0.0,0,307.1,0.0,1,0.26,0.01,SPY191108P00292000,292.0,0,0.0,0.0,,0.0,normalDay
2019-11-07,1738.0,25.0,0.0,0,308.18,0.0,1,0.26,0.01,SPY191108P00292000,292.0,0,0.0,0.0,,0.0,normalDay
2019-11-08,1764.0,0.0,26.0,0,308.94,0.0,1,0.26,0.0,SPY191108P00292000,292.0,0,0.0,0.0,,0.0,expirationDay
2019-11-11,1764.0,-3.0,0.0,0,308.35,0.0,1,0.29,0.32,SPY191122P00299000,299.0,0,0.0,0.0,,0.0,normalDay
2019-11-12,1764.0,0.0,0.0,0,309.0,0.0,1,0.29,0.29,SPY191122P00299000,299.0,0,0.0,0.0,,0.0,normalDay
2019-11-13,1764.0,5.0,0.0,0,309.1,0.0,1,0.29,0.24,SPY191122P00299000,299.0,0,0.0,0.0,,0.0,normalDay
2019-11-14,1764.0,8.0,0.0,0,309.55,0.0,1,0.29,0.21,SPY191122P00299000,299.0,0,0.0,0.0,,0.0,normalDay
2019-11-15,1764.0,22.0,0.0,0,311.79,0.0,1,0.29,0.07,SPY191122P00299000,299.0,0,0.0,0.0,,0.0,normalDay
2019-11-18,1764.0,25.0,0.0,0,312.02,0.0,1,0.29,0.04,SPY191122P00299000,299.0,0,0.0,0.0,,0.0,normalDay
2019-11-19,1764.0,25.0,0.0,0,311.93,0.0,1,0.29,0.04,SPY191122P00299000,299.0,0,0.0,0.0,,0.0,normalDay
2019-11-20,1764.0,24.0,0.0,0,310.77,0.0,1,0.29,0.05,SPY191122P00299000,299.0,0,0.0,0.0,,0.0,normalDay
2019-11-21,1764.0,27.0,0.0,0,310.27,0.0,1,0.29,0.02,SPY191122P00299000,299.0,0,0.0,0.0,,0.0,normalDay
2019-11-22,1793.0,0.0,29.0,0,310.96,0.0,1,0.29,0.0,SPY191122P00299000,299.0,0,0.0,0.0,,0.0,expirationDay
2019-11-25,1793.0,-3.0,0.0,0,313.37,0.0,1,0.46,0.49,SPY191206P00306000,306.0,0,0.0,0.0,,0.0,normalDay
2019-11-26,1793.0,12.0,0.0,0,314.08,0.0,1,0.46,0.34,SPY191206P00306000,306.0,0,0.0,0.0,,0.0,normalDay
2019-11-27,1793.0,24.0,0.0,0,315.48,0.0,1,0.46,0.22,SPY191206P00306000,306.0,0,0.0,0.0,,0.0,normalDay
2019-11-29,1793.0,19.0,0.0,0,314.31,0.0,1,0.46,0.27,SPY191206P00306000,306.0,0,0.0,0.0,,0.0,normalDay
2019-12-02,1793.0,-3.0,0.0,0,311.64,0.0,1,0.46,0.49,SPY191206P00306000,306.0,0,0.0,0.0,,0.0,normalDay
2019-12-03,1793.0,-29.0,0.0,0,309.55,0.0,1,0.46,0.75,SPY191206P00306000,306.0,0,0.0,0.0,,0.0,normalDay
2019-12-04,1793.0,23.0,0.0,0,311.46,0.0,1,0.46,0.23,SPY191206P00306000,306.0,0,0.0,0.0,,0.0,normalDay
2019-12-05,1793.0,41.0,0.0,0,312.02,0.0,1,0.46,0.05,SPY191206P00306000,306.0,0,0.0,0.0,,0.0,normalDay
2019-12-06,1839.0,0.0,46.0,0,314.87,0.0,1,0.46,0.0,SPY191206P00306000,306.0,0,0.0,0.0,,0.0,expirationDay
2019-12-09,1839.0,-4.0,0.0,0,313.88,0.0,1,2.1,2.14,SPY191220P00309500,309.5,0,0.0,0.0,,0.0,normalDay
2019-12-10,1839.0,18.0,0.0,0,313.53,0.0,1,2.1,1.92,SPY191220P00309500,309.5,0,0.0,0.0,,0.0,normalDay
2019-12-11,1839.0,62.0,0.0,0,314.42,0.0,1,2.1,1.48,SPY191220P00309500,309.5,0,0.0,0.0,,0.0,normalDay
2019-12-12,1839.0,123.0,0.0,0,317.13,0.0,1,2.1,0.87,SPY191220P00309500,309.5,0,0.0,0.0,,0.0,normalDay
2019-12-13,1839.0,159.0,0.0,0,317.32,0.0,1,2.1,0.51,SPY191220P00309500,309.5,0,0.0,0.0,,0.0,normalDay
2019-12-16,1839.0,192.0,0.0,0,319.5,0.0,1,2.1,0.18,SPY191220P00309500,309.5,0,0.0,0.0,,0.0,normalDay
2019-12-17,1839.0,201.0,0.0,0,319.57,0.0,1,2.1,0.09,SPY191220P00309500,309.5,0,0.0,0.0,,0.0,normalDay
2019-12-18,1839.0,204.0,0.0,0,319.59,0.0,1,2.1,0.06,SPY191220P00309500,309.5,0,0.0,0.0,,0.0,normalDay
2019-12-19,1839.0,206.0,0.0,0,320.9,0.0,1,2.1,0.04,SPY191220P00309500,309.5,0,0.0,0.0,,0.0,normalDay
2019-12-20,2049.0,0.0,210.0,0,320.73,0.0,1,2.1,0.0,SPY191220P00309500,309.5,0,0.0,0.0,,0.0,expirationDay
2019-12-23,2049.0,-3.0,0.0,0,321.22,0.0,1,0.33,0.36,SPY200103P00312000,312.0,0,0.0,0.0,,0.0,normalDay
2019-12-24,2049.0,4.0,0.0,0,321.23,0.0,1,0.33,0.29,SPY200103P00312000,312.0,0,0.0,0.0,,0.0,normalDay
2019-12-26,2049.0,18.0,0.0,0,322.94,0.0,1,0.33,0.15,SPY200103P00312000,312.0,0,0.0,0.0,,0.0,normalDay
2019-12-27,2049.0,20.0,0.0,0,322.86,0.0,1,0.33,0.13,SPY200103P00312000,312.0,0,0.0,0.0,,0.0,normalDay
2019-12-30,2049.0,19.0,0.0,0,321.08,0.0,1,0.33,0.14,SPY200103P00312000,312.0,0,0.0,0.0,,0.0,normalDay
2019-12-31,2049.0,22.0,0.0,0,321.86,0.0,1,0.33,0.11,SPY200103P00312000,312.0,0,0.0,0.0,,0.0,normalDay
2020-01-02,2049.0,32.0,0.0,0,324.87,0.0,1,0.33,0.01,SPY200103P00312000,312.0,0,0.0,0.0,,0.0,normalDay
2020-01-03,2082.0,0.0,33.0,0,322.41,0.0,1,0.33,0.0,SPY200103P00312000,312.0,0,0.0,0.0,,0.0,expirationDay
2020-01-06,2082.0,-4.0,0.0,0,323.64,0.0,1,0.72,0.76,SPY200117P00316500,316.5,0,0.0,0.0,,0.0,normalDay
2020-01-07,2082.0,-11.0,0.0,0,322.73,0.0,1,0.72,0.83,SPY200117P00316500,316.5,0,0.0,0.0,,0.0,normalDay
2020-01-08,2082.0,21.0,0.0,0,324.45,0.0,1,0.72,0.51,SPY200117P00316500,316.5,0,0.0,0.0,,0.0,normalDay
2020-01-09,2082.0,47.0,0.0,0,326.65,0.0,1,0.72,0.25,SPY200117P00316500,316.5,0,0.0,0.0,,0.0,normalDay
2020-01-10,2082.0,51.0,0.0,0,325.71,0.0,1,0.72,0.21,SPY200117P00316500,316.5,0,0.0,0.0,,0.0,normalDay
2020-01-13,2082.0,66.0,0.0,0,327.95,0.0,1,0.72,0.06,SPY200117P00316500,316.5,0,0.0,0.0,,0.0,normalDay
2020-01-14,2082.0,66.0,0.0,0,327.45,0.0,1,0.72,0.06,SPY200117P00316500,316.5,0,0.0,0.0,,0.0,normalDay
2020-01-15,2082.0,68.0,0.0,0,328.19,0.0,1,0.72,0.04,SPY200117P00316500,316.5,0,0.0,0.0,,0.0,normalDay
2020-01-16,2082.0,70.0,0.0,0,330.92,0.0,1,0.72,0.02,SPY200117P00316500,316.5,0,0.0,0.0,,0.0,normalDay
2020-01-17,2154.0,0.0,72.0,0,331.95,0.0,1,0.72,0.0,SPY200117P00316500,316.5,0,0.0,0.0,,0.0,expirationDay
2020-01-21,2154.0,-3.0,0.0,0,331.3,0.0,1,0.38,0.41,SPY200131P00321500,321.5,0,0.0,0.0,,0.0,normalDay
2020-01-22,2154.0,6.0,0.0,0,331.34,0.0,1,0.38,0.32,SPY200131P00321500,321.5,0,0.0,0.0,,0.0,normalDay
2020-01-23,2154.0,13.0,0.0,0,331.72,0.0,1,0.38,0.25,SPY200131P00321500,321.5,0,0.0,0.0,,0.0,normalDay
2020-01-24,2154.0,-29.0,0.0,0,328.77,0.0,1,0.38,0.67,SPY200131P00321500,321.5,0,0.0,0.0,,0.0,normalDay
2020-01-27,2154.0,-176.0,0.0,0,323.5,0.0,1,0.38,2.14,SPY200131P00321500,321.5,0,0.0,0.0,,0.0,normalDay
2020-01-28,2154.0,-28.0,0.0,0,326.89,0.0,1,0.38,0.66,SPY200131P00321500,321.5,0,0.0,0.0,,0.0,normalDay
2020-01-29,2154.0,0.0,0.0,0,326.62,0.0,1,0.38,0.38,SPY200131P00321500,321.5,0,0.0,0.0,,0.0,normalDay
2020-01-30,2154.0,31.0,0.0,0,327.68,0.0,1,0.38,0.07,SPY200131P00321500,321.5,0,0.0,0.0,,0.0,normalDay
2020-01-31,2192.0,0.0,38.0,0,321.73,0.0,1,0.38,0.0,SPY200131P00321500,321.5,0,0.0,0.0,,0.0,expirationDay
2020-02-03,2192.0,-5.0,0.0,0,324.12,0.0,1,3.89,3.94,SPY200214P00324000,324.0,0,0.0,0.0,,0.0,normalDay
2020-02-04,2192.0,235.0,0.0,0,329.06,0.0,1,3.89,1.54,SPY200214P00324000,324.0,0,0.0,0.0,,0.0,normalDay
2020-02-05,2192.0,329.0,0.0,0,332.86,0.0,1,3.89,0.6,SPY200214P00324000,324.0,0,0.0,0.0,,0.0,normalDay
2020-02-06,2192.0,345.0,0.0,0,333.98,0.0,1,3.89,0.44,SPY200214P00324000,324.0,0,0.0,0.0,,0.0,normalDay
2020-02-07,2192.0,336.0,0.0,0,332.2,0.0,1,3.89,0.53,SPY200214P00324000,324.0,0,0.0,0.0,,0.0,normalDay
2020-02-10,2192.0,376.0,0.0,0,334.68,0.0,1,3.89,0.13,SPY200214P00324000,324.0,0,0.0,0.0,,0.0,normalDay
2020-02-11,2192.0,381.0,0.0,0,335.26,0.0,1,3.89,0.08,SPY200214P00324000,324.0,0,0.0,0.0,,0.0,normalDay
2020-02-12,2192.0,387.0,0.0,0,337.42,0.0,1,3.89,0.02,SPY200214P00324000,324.0,0,0.0,0.0,,0.0,normalDay
2020-02-13,2192.0,387.0,0.0,0,337.06,0.0,1,3.89,0.02,SPY200214P00324000,324.0,0,0.0,0.0,,0.0,normalDay
2020-02-14,2581.0,0.0,389.0,0,337.6,0.0,1,3.89,0.0,SPY200214P00324000,324.0,0,0.0,0.0,,0.0,expirationDay
2020-02-18,2581.0,-3.0,0.0,0,336.73,0.0,1,0.48,0.51,SPY200228P00326000,326.0,0,0.0,0.0,,0.0,normalDay
2020-02-19,2581.0,22.0,0.0,0,338.34,0.0,1,0.48,0.26,SPY200228P00326000,326.0,0,0.0,0.0,,0.0,normalDay
2020-02-20,2581.0,13.0,0.0,0,336.95,0.0,1,0.48,0.35,SPY200228P00326000,326.0,0,0.0,0.0,,0.0,normalDay
2020-02-21,2581.0,-23.0,0.0,0,333.48,0.0,1,0.48,0.71,SPY200228P00326000,326.0,0,0.0,0.0,,0.0,normalDay
2020-02-24,2581.0,-558.0,0.0,0,322.42,0.0,1,0.48,6.06,SPY200228P00326000,326.0,0,0.0,0.0,,0.0,normalDay
2020-02-25,2581.0,-1271.0,0.0,0,312.65,0.0,1,0.48,13.19,SPY200228P00326000,326.0,0,0.0,0.0,,0.0,normalDay
2020-02-26,2581.0,-1460.0,0.0,0,311.5,0.0,1,0.48,15.08,SPY200228P00326000,326.0,0,0.0,0.0,,0.0,normalDay
2020-02-27,2581.0,-2834.0,0.0,0,297.51,0.0,1,0.48,28.82,SPY200228P00326000,326.0,0,0.0,0.0,,0.0,normalDay
2020-02-28,2629.0,-2974.0,48.0,100,296.26,326.0,1,0.48,0.0,SPY200228P00326000,326.0,0,0.0,0.0,,0.0,expirationDay
2020-03-02,2629.0,-1696.0,0.0,100,309.09,326.0,0,0.0,0.0,,0.0,1,1.74,1.79,SPY200313C00320000,320.0,normalDay
2020-03-03,2629.0,-2478.0,0.0,100,300.24,326.0,0,0.0,0.0,,0.0,1,1.74,0.76,SPY200313C00320000,320.0,normalDay
2020-03-04,2629.0,-1355.0,0.0,100,312.86,326.0,0,0.0,0.0,,0.0,1,1.74,2.15,SPY200313C00320000,320.0,normalDay
2020-03-05,2629.0,-2252.0,0.0,100,302.46,326.0,0,0.0,0.0,,0.0,1,1.74,0.72,SPY200313C00320000,320.0,normalDay
2020-03-06,2629.0,-2704.0,0.0,100,297.46,326.0,0,0.0,0.0,,0.0,1,1.74,0.24,SPY200313C00320000,320.0,normalDay
2020-03-09,2629.0,-5008.0,0.0,100,274.23,326.0,0,0.0,0.0,,0.0,1,1.74,0.05,SPY200313C00320000,320.0,normalDay
2020-03-10,2629.0,-3588.0,0.0,100,288.42,326.0,0,0.0,0.0,,0.0,1,1.74,0.04,SPY200313C00320000,320.0,normalDay
2020-03-11,2629.0,-4992.0,0.0,100,274.36,326.0,0,0.0,0.0,,0.0,1,1.74,0.02,SPY200313C00320000,320.0,normalDay
2020-03-12,2629.0,-7616.0,0.0,100,248.11,326.0,0,0.0,0.0,,0.0,1,1.74,0.01,SPY200313C00320000,320.0,normalDay
2020-03-13,2803.0,-5668.0,174.0,100,269.32,326.0,0,0.0,0.0,,0.0,1,1.74,0.0,SPY200313C00320000,320.0,expirationDay
2020-03-16,2803.0,-8626.0,0.0,100,239.85,326.0,0,0.0,0.0,,0.0,1,0.4,0.51,SPY200327C00286000,286.0,normalDay
2020-03-17,2803.0,-7347.0,0.0,100,252.8,326.0,0,0.0,0.0,,0.0,1,0.4,0.67,SPY200327C00286000,286.0,normalDay
2020-03-18,2803.0,-8581.0,0.0,100,240.0,326.0,0,0.0,0.0,,0.0,1,0.4,0.21,SPY200327C00286000,286.0,normalDay
2020-03-19,2803.0,-8539.0,0.0,100,240.51,326.0,0,0.0,0.0,,0.0,1,0.4,0.3,SPY200327C00286000,286.0,normalDay
2020-03-20,2803.0,-9690.0,0.0,100,228.8,326.0,0,0.0,0.0,,0.0,1,0.4,0.1,SPY200327C00286000,286.0,normalDay
2020-03-23,2803.0,-10270.0,0.0,100,222.95,326.0,0,0.0,0.0,,0.0,1,0.4,0.05,SPY200327C00286000,286.0,normalDay
2020-03-24,2803.0,-8256.0,0.0,100,243.15,326.0,0,0.0,0.0,,0.0,1,0.4,0.11,SPY200327C00286000,286.0,normalDay
2020-03-25,2803.0,-7885.0,0.0,100,246.79,326.0,0,0.0,0.0,,0.0,1,0.4,0.04,SPY200327C00286000,286.0,normalDay
2020-03-26,2803.0,-6444.0,0.0,100,261.2,326.0,0,0.0,0.0,,0.0,1,0.4,0.04,SPY200327C00286000,286.0,normalDay
2020-03-27,2843.0,-7258.0,40.0,100,253.42,326.0,0,0.0,0.0,,0.0,1,0.4,0.0,SPY200327C00286000,286.0,expirationDay
2020-03-30,2843.0,-6452.0,0.0,100,261.65,326.0,0,0.0,0.0,,0.0,1,16.99,17.16,SPY200409C00250000,250.0,normalDay
2020-03-31,2843.0,-6425.0,0.0,100,257.75,326.0,0,0.0,0.0,,0.0,1,16.99,12.99,SPY200409C00250000,250.0,normalDay
2020-04-01,2843.0,-6926.0,0.0,100,246.15,326.0,0,0.0,0.0,,0.0,1,16.99,6.4,SPY200409C00250000,250.0,normalDay
2020-04-02,2843.0,-6598.0,0.0,100,251.83,326.0,0,0.0,0.0,,0.0,1,16.99,8.8,SPY200409C00250000,250.0,normalDay
2020-04-03,2843.0,-6592.0,0.0,100,248.19,326.0,0,0.0,0.0,,0.0,1,16.99,5.1,SPY200409C00250000,250.0,normalDay
2020-04-06,2843.0,-6049.0,0.0,100,264.86,326.0,0,0.0,0.0,,0.0,1,16.99,16.34,SPY200409C00250000,250.0,normalDay
2020-04-07,2843.0,-5886.0,0.0,100,265.13,326.0,0,0.0,0.0,,0.0,1,16.99,14.98,SPY200409C00250000,250.0,normalDay
2020-04-08,2843.0,-5914.0,0.0,100,274.03,326.0,0,0.0,0.0,,0.0,1,16.99,24.16,SPY200409C00250000,250.0,normalDay
2020-04-09,-3058.0,-5914.0,-5901.0,0,278.2,0.0,0,0.0,0.0,,0.0,1,16.99,0.0,SPY200409C00250000,250.0,expirationDay
2020-04-13,-3058.0,-3.0,0.0,0,275.66,0.0,1,0.62,0.65,SPY200424P00238000,238.0,0,0.0,0.0,,0.0,normalDay
2020-04-14,-3058.0,32.0,0.0,0,283.79,0.0,1,0.62,0.3,SPY200424P00238000,238.0,0,0.0,0.0,,0.0,normalDay
2020-04-15,-3058.0,23.0,0.0,0,277.76,0.0,1,0.62,0.39,SPY200424P00238000,238.0,0,0.0,0.0,,0.0,normalDay
2020-04-16,-3058.0,35.0,0.0,0,279.1,0.0,1,0.62,0.27,SPY200424P00238000,238.0,0,0.0,0.0,,0.0,normalDay
2020-04-17,-3058.0,56.0,0.0,0,286.64,0.0,1,0.62,0.06,SPY200424P00238000,238.0,0,0.0,0.0,,0.0,normalDay
2020-04-20,-3058.0,56.0,0.0,0,281.59,0.0,1,0.62,0.06,SPY200424P00238000,238.0,0,0.0,0.0,,0.0,normalDay
2020-04-21,-3058.0,57.0,0.0,0,273.04,0.0,1,0.62,0.05,SPY200424P00238000,238.0,0,0.0,0.0,,0.0,normalDay
2020-04-22,-3058.0,61.0,0.0,0,279.1,0.0,1,0.62,0.01,SPY200424P00238000,238.0,0,0.0,0.0,,0.0,normalDay
2020-04-23,-3058.0,61.0,0.0,0,279.08,0.0,1,0.62,0.01,SPY200424P00238000,238.0,0,0.0,0.0,,0.0,normalDay
2020-04-24,-2996.0,0.0,62.0,0,282.97,0.0,1,0.62,0.0,SPY200424P00238000,238.0,0,0.0,0.0,,0.0,expirationDay
2020-04-27,-2996.0,-4.0,0.0,0,287.05,0.0,1,0.65,0.69,SPY200508P00259000,259.0,0,0.0,0.0,,0.0,normalDay
2020-04-28,-2996.0,-9.0,0.0,0,285.73,0.0,1,0.65,0.74,SPY200508P00259000,259.0,0,0.0,0.0,,0.0,normalDay
2020-04-29,-2996.0,35.0,0.0,0,293.21,0.0,1,0.65,0.3,SPY200508P00259000,259.0,0,0.0,0.0,,0.0,normalDay
2020-04-30,-2996.0,28.0,0.0,0,290.48,0.0,1,0.65,0.37,SPY200508P00259000,259.0,0,0.0,0.0,,0.0,normalDay
2020-05-01,-2996.0,18.0,0.0,0,282.79,0.0,1,0.65,0.47,SPY200508P00259000,259.0,0,0.0,0.0,,0.0,normalDay
2020-05-04,-2996.0,51.0,0.0,0,283.57,0.0,1,0.65,0.14,SPY200508P00259000,259.0,0,0.0,0.0,,0.0,normalDay
2020-05-05,-2996.0,59.0,0.0,0,286.19,0.0,1,0.65,0.06,SPY200508P00259000,259.0,0,0.0,0.0,,0.0,normalDay
2020-05-06,-2996.0,62.0,0.0,0,284.25,0.0,1,0.65,0.03,SPY200508P00259000,259.0,0,0.0,0.0,,0.0,normalDay
2020-05-07,-2996.0,64.0,0.0,0,287.68,0.0,1,0.65,0.01,SPY200508P00259000,259.0,0,0.0,0.0,,0.0,normalDay
2020-05-08,-2931.0,0.0,65.0,0,292.44,0.0,1,0.65,0.0,SPY200508P00259000,259.0,0,0.0,0.0,,0.0,expirationDay
2020-05-11,-2931.0,-4.0,0.0,0,292.5,0.0,1,1.55,1.59,SPY200522P00279000,279.0,0,0.0,0.0,,0.0,normalDay
2020-05-12,-2931.0,-192.0,0.0,0,286.67,0.0,1,1.55,3.47,SPY200522P00279000,279.0,0,0.0,0.0,,0.0,normalDay
2020-05-13,-2931.0,-288.0,0.0,0,281.6,0.0,1,1.55,4.43,SPY200522P00279000,279.0,0,0.0,0.0,,0.0,normalDay
2020-05-14,-2931.0,-144.0,0.0,0,284.97,0.0,1,1.55,2.99,SPY200522P00279000,279.0,0,0.0,0.0,,0.0,normalDay
2020-05-15,-2931.0,-78.0,0.0,0,286.28,0.0,1,1.55,2.33,SPY200522P00279000,279.0,0,0.0,0.0,,0.0,normalDay
2020-05-18,-2931.0,119.0,0.0,0,295.0,0.0,1,1.55,0.36,SPY200522P00279000,279.0,0,0.0,0.0,,0.0,normalDay
2020-05-19,-2931.0,124.0,0.0,0,291.97,0.0,1,1.55,0.31,SPY200522P00279000,279.0,0,0.0,0.0,,0.0,normalDay
2020-05-20,-2931.0,151.0,0.0,0,296.93,0.0,1,1.55,0.04,SPY200522P00279000,279.0,0,0.0,0.0,,0.0,normalDay
2020-05-21,-2931.0,153.0,0.0,0,294.88,0.0,1,1.55,0.02,SPY200522P00279000,279.0,0,0.0,0.0,,0.0,normalDay
2020-05-22,-2776.0,0.0,155.0,0,295.44,0.0,1,1.55,0.0,SPY200522P00279000,279.0,0,0.0,0.0,,0.0,expirationDay
2020-05-26,-2776.0,-4.0,0.0,0,299.08,0.0,1,1.1,1.14,SPY200605P00284000,284.0,0,0.0,0.0,,0.0,normalDay
2020-05-27,-2776.0,43.0,0.0,0,303.53,0.0,1,1.1,0.67,SPY200605P00284000,284.0,0,0.0,0.0,,0.0,normalDay
2020-05-28,-2776.0,49.0,0.0,0,302.97,0.0,1,1.1,0.61,SPY200605P00284000,284.0,0,0.0,0.0,,0.0,normalDay
2020-05-29,-2776.0,82.0,0.0,0,304.32,0.0,1,1.1,0.28,SPY200605P00284000,284.0,0,0.0,0.0,,0.0,normalDay
2020-06-01,-2776.0,98.0,0.0,0,305.55,0.0,1,1.1,0.12,SPY200605P00284000,284.0,0,0.0,0.0,,0.0,normalDay
2020-06-02,-2776.0,106.0,0.0,0,308.08,0.0,1,1.1,0.04,SPY200605P00284000,284.0,0,0.0,0.0,,0.0,normalDay
2020-06-03,-2776.0,108.0,0.0,0,312.18,0.0,1,1.1,0.02,SPY200605P00284000,284.0,0,0.0,0.0,,0.0,normalDay
2020-06-04,-2776.0,109.0,0.0,0,311.36,0.0,1,1.1,0.01,SPY200605P00284000,284.0,0,0.0,0.0,,0.0,normalDay
2020-06-05,-2666.0,0.0,110.0,0,319.34,0.0,1,1.1,0.0,SPY200605P00284000,284.0,0,0.0,0.0,,0.0,expirationDay
2020-06-08,-2666.0,-3.0,0.0,0,323.2,0.0,1,0.3,0.33,SPY200619P00288000,288.0,0,0.0,0.0,,0.0,normalDay
2020-06-09,-2666.0,-8.0,0.0,0,320.79,0.0,1,0.3,0.38,SPY200619P00288000,288.0,0,0.0,0.0,,0.0,normalDay
2020-06-10,-2666.0,-7.0,0.0,0,319.0,0.0,1,0.3,0.37,SPY200619P00288000,288.0,0,0.0,0.0,,0.0,normalDay
2020-06-11,-2666.0,-308.0,0.0,0,300.61,0.0,1,0.3,3.38,SPY200619P00288000,288.0,0,0.0,0.0,,0.0,normalDay
2020-06-12,-2666.0,-150.0,0.0,0,304.21,0.0,1,0.3,1.8,SPY200619P00288000,288.0,0,0.0,0.0,,0.0,normalDay
2020-06-15,-2666.0,-38.0,0.0,0,307.05,0.0,1,0.3,0.68,SPY200619P00288000,288.0,0,0.0,0.0,,0.0,normalDay
2020-06-16,-2666.0,10.0,0.0,0,312.96,0.0,1,0.3,0.2,SPY200619P00288000,288.0,0,0.0,0.0,,0.0,normalDay
2020-06-17,-2666.0,22.0,0.0,0,311.66,0.0,1,0.3,0.08,SPY200619P00288000,288.0,0,0.0,0.0,,0.0,normalDay
2020-06-18,-2666.0,25.0,0.0,0,311.78,0.0,1,0.3,0.05,SPY200619P00288000,288.0,0,0.0,0.0,,0.0,normalDay
2020-06-19,-2636.0,0.0,30.0,0,308.64,0.0,1,0.3,0.0,SPY200619P00288000,288.0,0,0.0,0.0,,0.0,expirationDay
2020-06-22,-2636.0,-5.0,0.0,0,310.62,0.0,1,3.26,3.31,SPY200702P00303000,303.0,0,0.0,0.0,,0.0,normalDay
2020-06-23,-2636.0,54.0,0.0,0,312.05,0.0,1,3.26,2.72,SPY200702P00303000,303.0,0,0.0,0.0,,0.0,normalDay
2020-06-24,-2636.0,-178.0,0.0,0,304.09,0.0,1,3.26,5.04,SPY200702P00303000,303.0,0,0.0,0.0,,0.0,normalDay
2020-06-25,-2636.0,14.0,0.0,0,307.35,0.0,1,3.26,3.12,SPY200702P00303000,303.0,0,0.0,0.0,,0.0,normalDay
2020-06-26,-2636.0,-222.0,0.0,0,300.05,0.0,1,3.26,5.48,SPY200702P00303000,303.0,0,0.0,0.0,,0.0,normalDay
2020-06-29,-2636.0,54.0,0.0,0,304.46,0.0,1,3.26,2.72,SPY200702P00303000,303.0,0,0.0,0.0,,0.0,normalDay
2020-06-30,-2636.0,221.0,0.0,0,308.36,0.0,1,3.26,1.05,SPY200702P00303000,303.0,0,0.0,0.0,,0.0,normalDay
2020-07-01,-2636.0,301.0,0.0,0,310.52,0.0,1,3.26,0.25,SPY200702P00303000,303.0,0,0.0,0.0,,0.0,normalDay
2020-07-02,-2310.0,0.0,326.0,0,312.23,0.0,1,3.26,0.0,SPY200702P00303000,303.0,0,0.0,0.0,,0.0,expirationDay
2020-07-06,-2310.0,-3.0,0.0,0,317.05,0.0,1,1.68,1.71,SPY200717P00304000,304.0,0,0.0,0.0,,0.0,normalDay
2020-07-07,-2310.0,-58.0,0.0,0,313.78,0.0,1,1.68,2.26,SPY200717P00304000,304.0,0,0.0,0.0,,0.0,normalDay
2020-07-08,-2310.0,35.0,0.0,0,316.18,0.0,1,1.68,1.33,SPY200717P00304000,304.0,0,0.0,0.0,,0.0,normalDay
2020-07-09,-2310.0,10.0,0.0,0,314.38,0.0,1,1.68,1.58,SPY200717P00304000,304.0,0,0.0,0.0,,0.0,normalDay
2020-07-10,-2310.0,108.0,0.0,0,317.59,0.0,1,1.68,0.6,SPY200717P00304000,304.0,0,0.0,0.0,,0.0,normalDay
2020-07-13,-2310.0,56.0,0.0,0,314.84,0.0,1,1.68,1.12,SPY200717P00304000,304.0,0,0.0,0.0,,0.0,normalDay
2020-07-14,-2310.0,131.0,0.0,0,318.92,0.0,1,1.68,0.37,SPY200717P00304000,304.0,0,0.0,0.0,,0.0,normalDay
2020-07-15,-2310.0,162.0,0.0,0,321.85,0.0,1,1.68,0.06,SPY200717P00304000,304.0,0,0.0,0.0,,0.0,normalDay
2020-07-16,-2310.0,163.0,0.0,0,320.79,0.0,1,1.68,0.05,SPY200717P00304000,304.0,0,0.0,0.0,,0.0,normalDay
2020-07-17,-2142.0,0.0,168.0,0,321.72,0.0,1,1.68,0.0,SPY200717P00304000,304.0,0,0.0,0.0,,0.0,expirationDay
2020-07-20,-2142.0,-4.0,0.0,0,324.32,0.0,1,0.88,0.92,SPY200731P00307000,307.0,0,0.0,0.0,,0.0,normalDay
2020-07-21,-2142.0,8.0,0.0,0,325.01,0.0,1,0.88,0.8,SPY200731P00307000,307.0,0,0.0,0.0,,0.0,normalDay
2020-07-22,-2142.0,35.0,0.0,0,326.86,0.0,1,0.88,0.53,SPY200731P00307000,307.0,0,0.0,0.0,,0.0,normalDay
2020-07-23,-2142.0,1.0,0.0,0,322.96,0.0,1,0.88,0.87,SPY200731P00307000,307.0,0,0.0,0.0,,0.0,normalDay
2020-07-24,-2142.0,33.0,0.0,0,320.88,0.0,1,0.88,0.55,SPY200731P00307000,307.0,0,0.0,0.0,,0.0,normalDay
2020-07-27,-2142.0,70.0,0.0,0,323.22,0.0,1,0.88,0.18,SPY200731P00307000,307.0,0,0.0,0.0,,0.0,normalDay
2020-07-28,-2142.0,67.0,0.0,0,321.17,0.0,1,0.88,0.21,SPY200731P00307000,307.0,0,0.0,0.0,,0.0,normalDay
2020-07-29,-2142.0,83.0,0.0,0,325.12,0.0,1,0.88,0.05,SPY200731P00307000,307.0,0,0.0,0.0,,0.0,normalDay
2020-07-30,-2142.0,84.0,0.0,0,323.96,0.0,1,0.88,0.04,SPY200731P00307000,307.0,0,0.0,0.0,,0.0,normalDay
2020-07-31,-2054.0,0.0,88.0,0,326.52,0.0,1,0.88,0.0,SPY200731P00307000,307.0,0,0.0,0.0,,0.0,expirationDay
2020-08-03,-2054.0,-4.0,0.0,0,328.79,0.0,1,1.34,1.38,SPY200814P00317000,317.0,0,0.0,0.0,,0.0,normalDay
2020-08-04,-2054.0,31.0,0.0,0,330.06,0.0,1,1.34,1.03,SPY200814P00317000,317.0,0,0.0,0.0,,0.0,normalDay
2020-08-05,-2054.0,72.0,0.0,0,332.11,0.0,1,1.34,0.62,SPY200814P00317000,317.0,0,0.0,0.0,,0.0,normalDay
2020-08-06,-2054.0,89.0,0.0,0,334.33,0.0,1,1.34,0.45,SPY200814P00317000,317.0,0,0.0,0.0,,0.0,normalDay
2020-08-07,-2054.0,109.0,0.0,0,334.57,0.0,1,1.34,0.25,SPY200814P00317000,317.0,0,0.0,0.0,,0.0,normalDay
2020-08-10,-2054.0,123.0,0.0,0,335.57,0.0,1,1.34,0.11,SPY200814P00317000,317.0,0,0.0,0.0,,0.0,normalDay
2020-08-11,-2054.0,112.0,0.0,0,332.8,0.0,1,1.34,0.22,SPY200814P00317000,317.0,0,0.0,0.0,,0.0,normalDay
2020-08-12,-2054.0,130.0,0.0,0,337.44,0.0,1,1.34,0.04,SPY200814P00317000,317.0,0,0.0,0.0,,0.0,normalDay
2020-08-13,-2054.0,131.0,0.0,0,336.83,0.0,1,1.34,0.03,SPY200814P00317000,317.0,0,0.0,0.0,,0.0,normalDay
2020-08-14,-1920.0,0.0,134.0,0,336.84,0.0,1,1.34,0.0,SPY200814P00317000,317.0,0,0.0,0.0,,0.0,expirationDay
2020-08-17,-1920.0,-4.0,0.0,0,337.91,0.0,1,0.81,0.85,SPY200828P00324000,324.0,0,0.0,0.0,,0.0,normalDay
2020-08-18,-1920.0,10.0,0.0,0,338.64,0.0,1,0.81,0.71,SPY200828P00324000,324.0,0,0.0,0.0,,0.0,normalDay
2020-08-19,-1920.0,-3.0,0.0,0,337.23,0.0,1,0.81,0.84,SPY200828P00324000,324.0,0,0.0,0.0,,0.0,normalDay
2020-08-20,-1920.0,23.0,0.0,0,338.28,0.0,1,0.81,0.58,SPY200828P00324000,324.0,0,0.0,0.0,,0.0,normalDay
2020-08-21,-1920.0,50.0,0.0,0,339.48,0.0,1,0.81,0.31,SPY200828P00324000,324.0,0,0.0,0.0,,0.0,normalDay
2020-08-24,-1920.0,70.0,0.0,0,342.92,0.0,1,0.81,0.11,SPY200828P00324000,324.0,0,0.0,0.0,,0.0,normalDay
2020-08-25,-1920.0,75.0,0.0,0,344.12,0.0,1,0.81,0.06,SPY200828P00324000,324.0,0,0.0,0.0,,0.0,normalDay
2020-08-26,-1920.0,75.0,0.0,0,347.57,0.0,1,0.81,0.06,SPY200828P00324000,324.0,0,0.0,0.0,,0.0,normalDay
2020-08-27,-1920.0,79.0,0.0,0,348.33,0.0,1,0.81,0.02,SPY200828P00324000,324.0,0,0.0,0.0,,0.0,normalDay
2020-08-28,-1839.0,0.0,81.0,0,350.58,0.0,1,0.81,0.0,SPY200828P00324000,324.0,0,0.0,0.0,,0.0,expirationDay
2020-08-31,-1839.0,-3.0,0.0,0,349.31,0.0,1,0.94,0.97,SPY200911P00333000,333.0,0,0.0,0.0,,0.0,normalDay
2020-09-01,-1839.0,34.0,0.0,0,352.6,0.0,1,0.94,0.6,SPY200911P00333000,333.0,0,0.0,0.0,,0.0,normalDay
2020-09-02,-1839.0,56.0,0.0,0,357.7,0.0,1,0.94,0.38,SPY200911P00333000,333.0,0,0.0,0.0,,0.0,normalDay
2020-09-03,-1839.0,-79.0,0.0,0,345.39,0.0,1,0.94,1.73,SPY200911P00333000,333.0,0,0.0,0.0,,0.0,normalDay
2020-09-04,-1839.0,-116.0,0.0,0,342.57,0.0,1,0.94,2.1,SPY200911P00333000,333.0,0,0.0,0.0,,0.0,normalDay
2020-09-08,-1839.0,-307.0,0.0,0,333.21,0.0,1,0.94,4.01,SPY200911P00333000,333.0,0,0.0,0.0,,0.0,normalDay
2020-09-09,-1839.0,-26.0,0.0,0,339.79,0.0,1,0.94,1.2,SPY200911P00333000,333.0,0,0.0,0.0,,0.0,normalDay
2020-09-10,-1839.0,-87.0,0.0,0,333.89,0.0,1,0.94,1.81,SPY200911P00333000,333.0,0,0.0,0.0,,0.0,normalDay
2020-09-11,-1745.0,0.0,94.0,0,334.06,0.0,1,0.94,0.0,SPY200911P00333000,333.0,0,0.0,0.0,,0.0,expirationDay
2020-09-14,-1745.0,-6.0,0.0,0,338.46,0.0,1,4.56,4.62,SPY200925P00336000,336.0,0,0.0,0.0,,0.0,normalDay
2020-09-15,-1745.0,95.0,0.0,0,340.17,0.0,1,4.56,3.61,SPY200925P00336000,336.0,0,0.0,0.0,,0.0,normalDay
2020-09-16,-1745.0,65.0,0.0,0,338.82,0.0,1,4.56,3.91,SPY200925P00336000,336.0,0,0.0,0.0,,0.0,normalDay
2020-09-17,-1745.0,-39.0,0.0,0,335.84,0.0,1,4.56,4.95,SPY200925P00336000,336.0,0,0.0,0.0,,0.0,normalDay
2020-09-18,-1745.0,-239.0,0.0,0,330.65,0.0,1,4.56,6.95,SPY200925P00336000,336.0,0,0.0,0.0,,0.0,normalDay
2020-09-21,-1745.0,-463.0,0.0,0,326.97,0.0,1,4.56,9.19,SPY200925P00336000,336.0,0,0.0,0.0,,0.0,normalDay
2020-09-22,-1745.0,-200.0,0.0,0,330.3,0.0,1,4.56,6.56,SPY200925P00336000,336.0,0,0.0,0.0,,0.0,normalDay
2020-09-23,-1745.0,-878.0,0.0,0,322.64,0.0,1,4.56,13.34,SPY200925P00336000,336.0,0,0.0,0.0,,0.0,normalDay
2020-09-24,-1745.0,-769.0,0.0,0,323.5,0.0,1,4.56,12.25,SPY200925P00336000,336.0,0,0.0,0.0,,0.0,normalDay
2020-09-25,-1289.0,-727.0,456.0,100,328.73,336.0,1,4.56,0.0,SPY200925P00336000,336.0,0,0.0,0.0,,0.0,expirationDay
2020-09-28,-1289.0,-189.0,0.0,100,334.19,336.0,0,0.0,0.0,,0.0,1,6.58,6.66,SPY201009C00332000,332.0,normalDay
2020-09-29,-1289.0,-305.0,0.0,100,332.37,336.0,0,0.0,0.0,,0.0,1,6.58,6.0,SPY201009C00332000,332.0,normalDay
2020-09-30,-1289.0,-57.0,0.0,100,334.89,336.0,0,0.0,0.0,,0.0,1,6.58,6.04,SPY201009C00332000,332.0,normalDay
2020-10-01,-1289.0,-30.0,0.0,100,337.04,336.0,0,0.0,0.0,,0.0,1,6.58,7.92,SPY201009C00332000,332.0,normalDay
2020-10-02,-1289.0,-98.0,0.0,100,333.84,336.0,0,0.0,0.0,,0.0,1,6.58,5.4,SPY201009C00332000,332.0,normalDay
2020-10-05,-1289.0,185.0,0.0,100,339.76,336.0,0,0.0,0.0,,0.0,1,6.58,8.49,SPY201009C00332000,332.0,normalDay
2020-10-06,-1289.0,34.0,0.0,100,334.93,336.0,0,0.0,0.0,,0.0,1,6.58,5.17,SPY201009C00332000,332.0,normalDay
2020-10-07,-1289.0,241.0,0.0,100,340.76,336.0,0,0.0,0.0,,0.0,1,6.58,8.93,SPY201009C00332000,332.0,normalDay
2020-10-08,-1289.0,269.0,0.0,100,343.78,336.0,0,0.0,0.0,,0.0,1,6.58,11.67,SPY201009C00332000,332.0,normalDay
2020-10-09,-1031.0,269.0,258.0,0,346.85,0.0,0,0.0,0.0,,0.0,1,6.58,0.0,SPY201009C00332000,332.0,expirationDay
2020-10-12,-1031.0,-3.0,0.0,0,352.43,0.0,1,0.41,0.44,SPY201023P00328000,328.0,0,0.0,0.0,,0.0,normalDay
2020-10-13,-1031.0,-6.0,0.0,0,350.13,0.0,1,0.41,0.47,SPY201023P00328000,328.0,0,0.0,0.0,,0.0,normalDay
2020-10-14,-1031.0,-6.0,0.0,0,347.93,0.0,1,0.41,0.47,SPY201023P00328000,328.0,0,0.0,0.0,,0.0,normalDay
2020-10-15,-1031.0,4.0,0.0,0,347.5,0.0,1,0.41,0.37,SPY201023P00328000,328.0,0,0.0,0.0,,0.0,normalDay
2020-10-16,-1031.0,14.0,0.0,0,347.29,0.0,1,0.41,0.27,SPY201023P00328000,328.0,0,0.0,0.0,,0.0,normalDay
2020-10-19,-1031.0,3.0,0.0,0,342.01,0.0,1,0.41,0.38,SPY201023P00328000,328.0,0,0.0,0.0,,0.0,normalDay
2020-10-20,-1031.0,25.0,0.0,0,343.38,0.0,1,0.41,0.16,SPY201023P00328000,328.0,0,0.0,0.0,,0.0,normalDay
2020-10-21,-1031.0,35.0,0.0,0,342.73,0.0,1,0.41,0.06,SPY201023P00328000,328.0,0,0.0,0.0,,0.0,normalDay
2020-10-22,-1031.0,39.0,0.0,0,344.61,0.0,1,0.41,0.02,SPY201023P00328000,328.0,0,0.0,0.0,,0.0,normalDay
2020-10-23,-990.0,0.0,41.0,0,345.78,0.0,1,0.41,0.0,SPY201023P00328000,328.0,0,0.0,0.0,,0.0,expirationDay
2020-10-26,-990.0,-10.0,0.0,0,339.39,0.0,1,6.89,6.99,SPY201106P00337000,337.0,0,0.0,0.0,,0.0,normalDay
2020-10-27,-990.0,-24.0,0.0,0,338.22,0.0,1,6.89,7.13,SPY201106P00337000,337.0,0,0.0,0.0,,0.0,normalDay
2020-10-28,-990.0,-808.0,0.0,0,326.66,0.0,1,6.89,14.97,SPY201106P00337000,337.0,0,0.0,0.0,,0.0,normalDay
2020-10-29,-990.0,-444.0,0.0,0,329.98,0.0,1,6.89,11.33,SPY201106P00337000,337.0,0,0.0,0.0,,0.0,normalDay
2020-10-30,-990.0,-598.0,0.0,0,326.54,0.0,1,6.89,12.87,SPY201106P00337000,337.0,0,0.0,0.0,,0.0,normalDay
2020-11-02,-990.0,-281.0,0.0,0,330.2,0.0,1,6.89,9.7,SPY201106P00337000,337.0,0,0.0,0.0,,0.0,normalDay
2020-11-03,-990.0,3.0,0.0,0,336.03,0.0,1,6.89,6.86,SPY201106P00337000,337.0,0,0.0,0.0,,0.0,normalDay
2020-11-04,-990.0,542.0,0.0,0,343.54,0.0,1,6.89,1.47,SPY201106P00337000,337.0,0,0.0,0.0,,0.0,normalDay
2020-11-05,-990.0,679.0,0.0,0,350.24,0.0,1,6.89,0.1,SPY201106P00337000,337.0,0,0.0,0.0,,0.0,normalDay
2020-11-06,-301.0,0.0,689.0,0,350.16,0.0,1,6.89,0.0,SPY201106P00337000,337.0,0,0.0,0.0,,0.0,expirationDay
2020-11-09,-301.0,-4.0,0.0,0,354.56,0.0,1,1.07,1.11,SPY201120P00334000,334.0,0,0.0,0.0,,0.0,normalDay
2020-11-10,-301.0,17.0,0.0,0,354.04,0.0,1,1.07,0.9,SPY201120P00334000,334.0,0,0.0,0.0,,0.0,normalDay
2020-11-11,-301.0,58.0,0.0,0,356.67,0.0,1,1.07,0.49,SPY201120P00334000,334.0,0,0.0,0.0,,0.0,normalDay
2020-11-12,-301.0,30.0,0.0,0,353.21,0.0,1,1.07,0.77,SPY201120P00334000,334.0,0,0.0,0.0,,0.0,normalDay
2020-11-13,-301.0,77.0,0.0,0,358.1,0.0,1,1.07,0.3,SPY201120P00334000,334.0,0,0.0,0.0,,0.0,normalDay
2020-11-16,-301.0,99.0,0.0,0,362.57,0.0,1,1.07,0.08,SPY201120P00334000,334.0,0,0.0,0.0,,0.0,normalDay
2020-11-17,-301.0,101.0,0.0,0,360.62,0.0,1,1.07,0.06,SPY201120P00334000,334.0,0,0.0,0.0,,0.0,normalDay
2020-11-18,-301.0,101.0,0.0,0,356.28,0.0,1,1.07,0.06,SPY201120P00334000,334.0,0,0.0,0.0,,0.0,normalDay
2020-11-19,-301.0,104.0,0.0,0,357.78,0.0,1,1.07,0.03,SPY201120P00334000,334.0,0,0.0,0.0,,0.0,normalDay
2020-11-20,-194.0,0.0,107.0,0,355.33,0.0,1,1.07,0.0,SPY201120P00334000,334.0,0,0.0,0.0,,0.0,expirationDay
2020-11-23,-194.0,-3.0,0.0,0,357.46,0.0,1,0.57,0.6,SPY201204P00336000,336.0,0,0.0,0.0,,0.0,normalDay
2020-11-24,-194.0,32.0,0.0,0,363.22,0.0,1,0.57,0.25,SPY201204P00336000,336.0,0,0.0,0.0,,0.0,normalDay
2020-11-25,-194.0,37.0,0.0,0,362.66,0.0,1,0.57,0.2,SPY201204P00336000,336.0,0,0.0,0.0,,0.0,normalDay
2020-11-27,-194.0,46.0,0.0,0,363.67,0.0,1,0.57,0.11,SPY201204P00336000,336.0,0,0.0,0.0,,0.0,normalDay
2020-11-30,-194.0,50.0,0.0,0,362.06,0.0,1,0.57,0.07,SPY201204P00336000,336.0,0,0.0,0.0,,0.0,normalDay
2020-12-01,-194.0,53.0,0.0,0,366.02,0.0,1,0.57,0.04,SPY201204P00336000,336.0,0,0.0,0.0,,0.0,normalDay
2020-12-02,-194.0,54.0,0.0,0,366.79,0.0,1,0.57,0.03,SPY201204P00336000,336.0,0,0.0,0.0,,0.0,normalDay
2020-12-03,-194.0,55.0,0.0,0,366.69,0.0,1,0.57,0.02,SPY201204P00336000,336.0,0,0.0,0.0,,0.0,normalDay
2020-12-04,-137.0,0.0,57.0,0,369.85,0.0,1,0.57,0.0,SPY201204P00336000,336.0,0,0.0,0.0,,0.0,expirationDay
2020-12-07,-137.0,-4.0,0.0,0,369.09,0.0,1,1.38,1.42,SPY201218P00356000,356.0,0,0.0,0.0,,0.0,normalDay
2020-12-08,-137.0,40.0,0.0,0,370.17,0.0,1,1.38,0.98,SPY201218P00356000,356.0,0,0.0,0.0,,0.0,normalDay
2020-12-09,-137.0,-15.0,0.0,0,366.85,0.0,1,1.38,1.53,SPY201218P00356000,356.0,0,0.0,0.0,,0.0,normalDay
2020-12-10,-137.0,7.0,0.0,0,366.73,0.0,1,1.38,1.31,SPY201218P00356000,356.0,0,0.0,0.0,,0.0,normalDay
2020-12-11,-137.0,10.0,0.0,0,366.3,0.0,1,1.38,1.28,SPY201218P00356000,356.0,0,0.0,0.0,,0.0,normalDay
2020-12-14,-137.0,12.0,0.0,0,364.66,0.0,1,1.38,1.26,SPY201218P00356000,356.0,0,0.0,0.0,,0.0,normalDay
2020-12-15,-137.0,91.0,0.0,0,369.59,0.0,1,1.38,0.47,SPY201218P00356000,356.0,0,0.0,0.0,,0.0,normalDay
2020-12-16,-137.0,117.0,0.0,0,370.17,0.0,1,1.38,0.21,SPY201218P00356000,356.0,0,0.0,0.0,,0.0,normalDay
2020-12-17,-137.0,127.0,0.0,0,372.24,0.0,1,1.38,0.11,SPY201218P00356000,356.0,0,0.0,0.0,,0.0,normalDay
2020-12-18,1.0,0.0,138.0,0,369.18,0.0,1,1.38,0.0,SPY201218P00356000,356.0,0,0.0,0.0,,0.0,expirationDay
2020-12-21,1.0,-5.0,0.0,0,367.86,0.0,1,2.83,2.88,SPY201231P00363000,363.0,0,0.0,0.0,,0.0,normalDay
2020-12-22,1.0,26.0,0.0,0,367.24,0.0,1,2.83,2.57,SPY201231P00363000,363.0,0,0.0,0.0,,0.0,normalDay
2020-12-23,1.0,92.0,0.0,0,367.57,0.0,1,2.83,1.91,SPY201231P00363000,363.0,0,0.0,0.0,,0.0,normalDay
2020-12-24,1.0,174.0,0.0,0,369.0,0.0,1,2.83,1.09,SPY201231P00363000,363.0,0,0.0,0.0,,0.0,normalDay
2020-12-28,1.0,260.0,0.0,0,372.17,0.0,1,2.83,0.23,SPY201231P00363000,363.0,0,0.0,0.0,,0.0,normalDay
2020-12-29,1.0,260.0,0.0,0,371.46,0.0,1,2.83,0.23,SPY201231P00363000,363.0,0,0.0,0.0,,0.0,normalDay
2020-12-30,1.0,274.0,0.0,0,371.99,0.0,1,2.83,0.09,SPY201231P00363000,363.0,0,0.0,0.0,,0.0,normalDay
2020-12-31,284.0,0.0,283.0,0,373.88,0.0,1,2.83,0.0,SPY201231P00363000,363.0,0,0.0,0.0,,0.0,expirationDay
2021-01-04,284.0,-4.0,0.0,0,368.79,0.0,1,4.8,4.84,SPY210115P00367000,367.0,0,0.0,0.0,,0.0,normalDay
2021-01-05,284.0,124.0,0.0,0,371.33,0.0,1,4.8,3.56,SPY210115P00367000,367.0,0,0.0,0.0,,0.0,normalDay
2021-01-06,284.0,195.0,0.0,0,373.55,0.0,1,4.8,2.85,SPY210115P00367000,367.0,0,0.0,0.0,,0.0,normalDay
2021-01-07,284.0,381.0,0.0,0,379.1,0.0,1,4.8,0.99,SPY210115P00367000,367.0,0,0.0,0.0,,0.0,normalDay
2021-01-08,284.0,420.0,0.0,0,381.26,0.0,1,4.8,0.6,SPY210115P00367000,367.0,0,0.0,0.0,,0.0,normalDay
2021-01-11,284.0,416.0,0.0,0,378.69,0.0,1,4.8,0.64,SPY210115P00367000,367.0,0,0.0,0.0,,0.0,normalDay
2021-01-12,284.0,443.0,0.0,0,378.77,0.0,1,4.8,0.37,SPY210115P00367000,367.0,0,0.0,0.0,,0.0,normalDay
2021-01-13,284.0,466.0,0.0,0,379.79,0.0,1,4.8,0.14,SPY210115P00367000,367.0,0,0.0,0.0,,0.0,normalDay
2021-01-14,284.0,470.0,0.0,0,378.46,0.0,1,4.8,0.1,SPY210115P00367000,367.0,0,0.0,0.0,,0.0,normalDay
2021-01-15,764.0,0.0,480.0,0,375.7,0.0,1,4.8,0.0,SPY210115P00367000,367.0,0,0.0,0.0,,0.0,expirationDay
2021-01-19,764.0,-4.0,0.0,0,378.65,0.0,1,2.04,2.08,SPY210129P00369000,369.0,0,0.0,0.0,,0.0,normalDay
2021-01-20,764.0,113.0,0.0,0,383.89,0.0,1,2.04,0.91,SPY210129P00369000,369.0,0,0.0,0.0,,0.0,normalDay
2021-01-21,764.0,137.0,0.0,0,384.24,0.0,1,2.04,0.67,SPY210129P00369000,369.0,0,0.0,0.0,,0.0,normalDay
2021-01-22,764.0,148.0,0.0,0,382.88,0.0,1,2.04,0.56,SPY210129P00369000,369.0,0,0.0,0.0,,0.0,normalDay
2021-01-25,764.0,172.0,0.0,0,384.39,0.0,1,2.04,0.32,SPY210129P00369000,369.0,0,0.0,0.0,,0.0,normalDay
2021-01-26,764.0,184.0,0.0,0,383.79,0.0,1,2.04,0.2,SPY210129P00369000,369.0,0,0.0,0.0,,0.0,normalDay
2021-01-27,764.0,-34.0,0.0,0,374.41,0.0,1,2.04,2.38,SPY210129P00369000,369.0,0,0.0,0.0,,0.0,normalDay
2021-01-28,764.0,170.0,0.0,0,377.63,0.0,1,2.04,0.34,SPY210129P00369000,369.0,0,0.0,0.0,,0.0,normalDay
2021-01-29,968.0,0.0,204.0,0,370.07,0.0,1,2.04,0.0,SPY210129P00369000,369.0,0,0.0,0.0,,0.0,expirationDay
2021-02-01,968.0,-7.0,0.0,0,376.23,0.0,1,5.26,5.33,SPY210212P00373000,373.0,0,0.0,0.0,,0.0,normalDay
2021-02-02,968.0,295.0,0.0,0,381.55,0.0,1,5.26,2.31,SPY210212P00373000,373.0,0,0.0,0.0,,0.0,normalDay
2021-02-03,968.0,366.0,0.0,0,381.85,0.0,1,5.26,1.6,SPY210212P00373000,373.0,0,0.0,0.0,,0.0,normalDay
2021-02-04,968.0,446.0,0.0,0,386.19,0.0,1,5.26,0.8,SPY210212P00373000,373.0,0,0.0,0.0,,0.0,normalDay
2021-02-05,968.0,490.0,0.0,0,387.71,0.0,1,5.26,0.36,SPY210212P00373000,373.0,0,0.0,0.0,,0.0,normalDay
2021-02-08,968.0,513.0,0.0,0,390.51,0.0,1,5.26,0.13,SPY210212P00373000,373.0,0,0.0,0.0,,0.0,normalDay
2021-02-09,968.0,517.0,0.0,0,390.25,0.0,1,5.26,0.09,SPY210212P00373000,373.0,0,0.0,0.0,,0.0,normalDay
2021-02-10,968.0,518.0,0.0,0,390.08,0.0,1,5.26,0.08,SPY210212P00373000,373.0,0,0.0,0.0,,0.0,normalDay
2021-02-11,968.0,524.0,0.0,0,390.71,0.0,1,5.26,0.02,SPY210212P00373000,373.0,0,0.0,0.0,,0.0,normalDay
2021-02-12,1494.0,0.0,526.0,0,392.64,0.0,1,5.26,0.0,SPY210212P00373000,373.0,0,0.0,0.0,,0.0,expirationDay
2021-02-16,1494.0,-3.0,0.0,0,392.3,0.0,1,1.09,1.12,SPY210226P00377500,377.5,0,0.0,0.0,,0.0,normalDay
2021-02-17,1494.0,22.0,0.0,0,392.39,0.0,1,1.09,0.87,SPY210226P00377500,377.5,0,0.0,0.0,,0.0,normalDay
2021-02-18,1494.0,10.0,0.0,0,390.72,0.0,1,1.09,0.99,SPY210226P00377500,377.5,0,0.0,0.0,,0.0,normalDay
2021-02-19,1494.0,42.0,0.0,0,390.03,0.0,1,1.09,0.67,SPY210226P00377500,377.5,0,0.0,0.0,,0.0,normalDay
2021-02-22,1494.0,32.0,0.0,0,387.03,0.0,1,1.09,0.77,SPY210226P00377500,377.5,0,0.0,0.0,,0.0,normalDay
2021-02-23,1494.0,52.0,0.0,0,387.5,0.0,1,1.09,0.57,SPY210226P00377500,377.5,0,0.0,0.0,,0.0,normalDay
2021-02-24,1494.0,99.0,0.0,0,391.77,0.0,1,1.09,0.1,SPY210226P00377500,377.5,0,0.0,0.0,,0.0,normalDay
2021-02-25,1494.0,21.0,0.0,0,382.33,0.0,1,1.09,0.88,SPY210226P00377500,377.5,0,0.0,0.0,,0.0,normalDay
2021-02-26,1603.0,0.0,109.0,0,380.36,0.0,1,1.09,0.0,SPY210226P00377500,377.5,0,0.0,0.0,,0.0,expirationDay
2021-03-01,1603.0,-5.0,0.0,0,389.58,0.0,1,2.96,3.01,SPY210312P00383000,383.0,0,0.0,0.0,,0.0,normalDay
2021-03-02,1603.0,-96.0,0.0,0,386.54,0.0,1,2.96,3.92,SPY210312P00383000,383.0,0,0.0,0.0,,0.0,normalDay
2021-03-03,1603.0,-319.0,0.0,0,381.42,0.0,1,2.96,6.15,SPY210312P00383000,383.0,0,0.0,0.0,,0.0,normalDay
2021-03-04,1603.0,-581.0,0.0,0,376.7,0.0,1,2.96,8.77,SPY210312P00383000,383.0,0,0.0,0.0,,0.0,normalDay
2021-03-05,1603.0,-130.0,0.0,0,383.63,0.0,1,2.96,4.26,SPY210312P00383000,383.0,0,0.0,0.0,,0.0,normalDay
2021-03-08,1603.0,-157.0,0.0,0,381.72,0.0,1,2.96,4.53,SPY210312P00383000,383.0,0,0.0,0.0,,0.0,normalDay
2021-03-09,1603.0,113.0,0.0,0,387.17,0.0,1,2.96,1.83,SPY210312P00383000,383.0,0,0.0,0.0,,0.0,normalDay
2021-03-10,1603.0,244.0,0.0,0,389.58,0.0,1,2.96,0.52,SPY210312P00383000,383.0,0,0.0,0.0,,0.0,normalDay
2021-03-11,1603.0,290.0,0.0,0,393.53,0.0,1,2.96,0.06,SPY210312P00383000,383.0,0,0.0,0.0,,0.0,normalDay
2021-03-12,1899.0,0.0,296.0,0,394.06,0.0,1,2.96,0.0,SPY210312P00383000,383.0,0,0.0,0.0,,0.0,expirationDay
2021-03-15,1899.0,-4.0,0.0,0,396.41,0.0,1,1.21,1.25,SPY210326P00382500,382.5,0,0.0,0.0,,0.0,normalDay
2021-03-16,1899.0,-3.0,0.0,0,395.91,0.0,1,1.21,1.24,SPY210326P00382500,382.5,0,0.0,0.0,,0.0,normalDay
2021-03-17,1899.0,37.0,0.0,0,397.26,0.0,1,1.21,0.84,SPY210326P00382500,382.5,0,0.0,0.0,,0.0,normalDay
2021-03-18,1899.0,-43.0,0.0,0,391.48,0.0,1,1.21,1.64,SPY210326P00382500,382.5,0,0.0,0.0,,0.0,normalDay
2021-03-19,1899.0,-22.0,0.0,0,389.48,0.0,1,1.21,1.43,SPY210326P00382500,382.5,0,0.0,0.0,,0.0,normalDay
2021-03-22,1899.0,83.0,0.0,0,392.59,0.0,1,1.21,0.38,SPY210326P00382500,382.5,0,0.0,0.0,,0.0,normalDay
2021-03-23,1899.0,58.0,0.0,0,389.5,0.0,1,1.21,0.63,SPY210326P00382500,382.5,0,0.0,0.0,,0.0,normalDay
2021-03-24,1899.0,56.0,0.0,0,387.52,0.0,1,1.21,0.65,SPY210326P00382500,382.5,0,0.0,0.0,,0.0,normalDay
2021-03-25,1899.0,108.0,0.0,0,389.7,0.0,1,1.21,0.13,SPY210326P00382500,382.5,0,0.0,0.0,,0.0,normalDay
2021-03-26,2020.0,0.0,121.0,0,395.98,0.0,1,1.21,0.0,SPY210326P00382500,382.5,0,0.0,0.0,,0.0,expirationDay
2021-03-29,2020.0,-4.0,0.0,0,395.78,0.0,1,1.5,1.54,SPY210409P00384000,384.0,0,0.0,0.0,,0.0,normalDay
2021-03-30,2020.0,12.0,0.0,0,394.73,0.0,1,1.5,1.38,SPY210409P00384000,384.0,0,0.0,0.0,,0.0,normalDay
2021-03-31,2020.0,69.0,0.0,0,396.33,0.0,1,1.5,0.81,SPY210409P00384000,384.0,0,0.0,0.0,,0.0,normalDay
2021-04-01,2020.0,128.0,0.0,0,400.61,0.0,1,1.5,0.22,SPY210409P00384000,384.0,0,0.0,0.0,,0.0,normalDay
2021-04-05,2020.0,142.0,0.0,0,406.36,0.0,1,1.5,0.08,SPY210409P00384000,384.0,0,0.0,0.0,,0.0,normalDay
2021-04-06,2020.0,144.0,0.0,0,406.12,0.0,1,1.5,0.06,SPY210409P00384000,384.0,0,0.0,0.0,,0.0,normalDay
2021-04-07,2020.0,148.0,0.0,0,406.59,0.0,1,1.5,0.02,SPY210409P00384000,384.0,0,0.0,0.0,,0.0,normalDay
2021-04-08,2020.0,149.0,0.0,0,408.52,0.0,1,1.5,0.01,SPY210409P00384000,384.0,0,0.0,0.0,,0.0,normalDay
2021-04-09,2170.0,0.0,150.0,0,411.49,0.0,1,1.5,0.0,SPY210409P00384000,384.0,0,0.0,0.0,,0.0,expirationDay
2021-04-12,2170.0,-3.0,0.0,0,411.64,0.0,1,0.33,0.36,SPY210423P00391000,391.0,0,0.0,0.0,,0.0,normalDay
2021-04-13,2170.0,7.0,0.0,0,412.86,0.0,1,0.33,0.26,SPY210423P00391000,391.0,0,0.0,0.0,,0.0,normalDay
2021-04-14,2170.0,6.0,0.0,0,411.45,0.0,1,0.33,0.27,SPY210423P00391000,391.0,0,0.0,0.0,,0.0,normalDay
2021-04-15,2170.0,16.0,0.0,0,415.87,0.0,1,0.33,0.17,SPY210423P00391000,391.0,0,0.0,0.0,,0.0,normalDay
2021-04-16,2170.0,26.0,0.0,0,417.26,0.0,1,0.33,0.07,SPY210423P00391000,391.0,0,0.0,0.0,,0.0,normalDay
2021-04-19,2170.0,29.0,0.0,0,415.21,0.0,1,0.33,0.04,SPY210423P00391000,391.0,0,0.0,0.0,,0.0,normalDay
2021-04-20,2170.0,28.0,0.0,0,412.17,0.0,1,0.33,0.05,SPY210423P00391000,391.0,0,0.0,0.0,,0.0,normalDay
2021-04-21,2170.0,31.0,0.0,0,416.07,0.0,1,0.33,0.02,SPY210423P00391000,391.0,0,0.0,0.0,,0.0,normalDay
2021-04-22,2170.0,31.0,0.0,0,412.27,0.0,1,0.33,0.02,SPY210423P00391000,391.0,0,0.0,0.0,,0.0,normalDay
2021-04-23,2203.0,0.0,33.0,0,416.74,0.0,1,0.33,0.0,SPY210423P00391000,391.0,0,0.0,0.0,,0.0,expirationDay
2021-04-26,2203.0,-4.0,0.0,0,417.61,0.0,1,0.7,0.74,SPY210507P00402000,402.0,0,0.0,0.0,,0.0,normalDay
2021-04-27,2203.0,4.0,0.0,0,417.52,0.0,1,0.7,0.66,SPY210507P00402000,402.0,0,0.0,0.0,,0.0,normalDay
2021-04-28,2203.0,27.0,0.0,0,417.4,0.0,1,0.7,0.43,SPY210507P00402000,402.0,0,0.0,0.0,,0.0,normalDay
2021-04-29,2203.0,41.0,0.0,0,420.06,0.0,1,0.7,0.29,SPY210507P00402000,402.0,0,0.0,0.0,,0.0,normalDay
2021-04-30,2203.0,37.0,0.0,0,417.3,0.0,1,0.7,0.33,SPY210507P00402000,402.0,0,0.0,0.0,,0.0,normalDay
2021-05-03,2203.0,55.0,0.0,0,418.2,0.0,1,0.7,0.15,SPY210507P00402000,402.0,0,0.0,0.0,,0.0,normalDay
2021-05-04,2203.0,52.0,0.0,0,415.62,0.0,1,0.7,0.18,SPY210507P00402000,402.0,0,0.0,0.0,,0.0,normalDay
2021-05-05,2203.0,60.0,0.0,0,415.75,0.0,1,0.7,0.1,SPY210507P00402000,402.0,0,0.0,0.0,,0.0,normalDay
2021-05-06,2203.0,66.0,0.0,0,419.07,0.0,1,0.7,0.04,SPY210507P00402000,402.0,0,0.0,0.0,,0.0,normalDay
2021-05-07,2273.0,0.0,70.0,0,422.12,0.0,1,0.7,0.0,SPY210507P00402000,402.0,0,0.0,0.0,,0.0,expirationDay
2021-05-10,2273.0,-4.0,0.0,0,417.94,0.0,1,3.29,3.33,SPY210521P00414000,414.0,0,0.0,0.0,,0.0,normalDay
2021-05-11,2273.0,-158.0,0.0,0,414.21,0.0,1,3.29,4.87,SPY210521P00414000,414.0,0,0.0,0.0,,0.0,normalDay
2021-05-12,2273.0,-737.0,0.0,0,405.41,0.0,1,3.29,10.66,SPY210521P00414000,414.0,0,0.0,0.0,,0.0,normalDay
2021-05-13,2273.0,-336.0,0.0,0,410.28,0.0,1,3.29,6.65,SPY210521P00414000,414.0,0,0.0,0.0,,0.0,normalDay
2021-05-14,2273.0,101.0,0.0,0,416.58,0.0,1,3.29,2.28,SPY210521P00414000,414.0,0,0.0,0.0,,0.0,normalDay
2021-05-17,2273.0,107.0,0.0,0,415.52,0.0,1,3.29,2.22,SPY210521P00414000,414.0,0,0.0,0.0,,0.0,normalDay
2021-05-18,2273.0,-54.0,0.0,0,411.94,0.0,1,3.29,3.83,SPY210521P00414000,414.0,0,0.0,0.0,,0.0,normalDay
2021-05-19,2273.0,-96.0,0.0,0,410.86,0.0,1,3.29,4.25,SPY210521P00414000,414.0,0,0.0,0.0,,0.0,normalDay
2021-05-20,2273.0,233.0,0.0,0,415.28,0.0,1,3.29,0.96,SPY210521P00414000,414.0,0,0.0,0.0,,0.0,normalDay
2021-05-21,2602.0,0.0,329.0,0,414.94,0.0,1,3.29,0.0,SPY210521P00414000,414.0,0,0.0,0.0,,0.0,expirationDay
2021-05-24,2602.0,-3.0,0.0,0,419.17,0.0,1,1.59,1.62,SPY210604P00412000,412.0,0,0.0,0.0,,0.0,normalDay
2021-05-25,2602.0,-23.0,0.0,0,418.24,0.0,1,1.59,1.82,SPY210604P00412000,412.0,0,0.0,0.0,,0.0,normalDay
2021-05-26,2602.0,37.0,0.0,0,419.07,0.0,1,1.59,1.22,SPY210604P00412000,412.0,0,0.0,0.0,,0.0,normalDay
2021-05-27,2602.0,82.0,0.0,0,419.29,0.0,1,1.59,0.77,SPY210604P00412000,412.0,0,0.0,0.0,,0.0,normalDay
2021-05-28,2602.0,106.0,0.0,0,420.04,0.0,1,1.59,0.53,SPY210604P00412000,412.0,0,0.0,0.0,,0.0,normalDay
2021-06-01,2602.0,128.0,0.0,0,419.67,0.0,1,1.59,0.31,SPY210604P00412000,412.0,0,0.0,0.0,,0.0,normalDay
2021-06-02,2602.0,149.0,0.0,0,420.33,0.0,1,1.59,0.1,SPY210604P00412000,412.0,0,0.0,0.0,,0.0,normalDay
2021-06-03,2602.0,148.0,0.0,0,418.77,0.0,1,1.59,0.11,SPY210604P00412000,412.0,0,0.0,0.0,,0.0,normalDay
2021-06-04,2761.0,0.0,159.0,0,422.6,0.0,1,1.59,0.0,SPY210604P00412000,412.0,0,0.0,0.0,,0.0,expirationDay
2021-06-07,2761.0,-3.0,0.0,0,422.19,0.0,1,1.2,1.23,SPY210618P00412000,412.0,0,0.0,0.0,,0.0,normalDay
2021-06-08,2761.0,-16.0,0.0,0,422.28,0.0,1,1.2,1.36,SPY210618P00412000,412.0,0,0.0,0.0,,0.0,normalDay
2021-06-09,2761.0,-35.0,0.0,0,421.65,0.0,1,1.2,1.55,SPY210618P00412000,412.0,0,0.0,0.0,,0.0,normalDay
2021-06-10,2761.0,47.0,0.0,0,423.61,0.0,1,1.2,0.73,SPY210618P00412000,412.0,0,0.0,0.0,,0.0,normalDay
2021-06-11,2761.0,68.0,0.0,0,424.31,0.0,1,1.2,0.52,SPY210618P00412000,412.0,0,0.0,0.0,,0.0,normalDay
2021-06-14,2761.0,85.0,0.0,0,425.26,0.0,1,1.2,0.35,SPY210618P00412000,412.0,0,0.0,0.0,,0.0,normalDay
2021-06-15,2761.0,76.0,0.0,0,424.48,0.0,1,1.2,0.44,SPY210618P00412000,412.0,0,0.0,0.0,,0.0,normalDay
2021-06-16,2761.0,60.0,0.0,0,422.11,0.0,1,1.2,0.6,SPY210618P00412000,412.0,0,0.0,0.0,,0.0,normalDay
2021-06-17,2761.0,99.0,0.0,0,421.97,0.0,1,1.2,0.21,SPY210618P00412000,412.0,0,0.0,0.0,,0.0,normalDay
2021-06-18,2881.0,0.0,120.0,0,414.92,0.0,1,1.2,0.0,SPY210618P00412000,412.0,0,0.0,0.0,,0.0,expirationDay
2021-06-21,2881.0,-4.0,0.0,0,420.86,0.0,1,2.83,2.87,SPY210702P00419000,419.0,0,0.0,0.0,,0.0,normalDay
2021-06-22,2881.0,94.0,0.0,0,423.11,0.0,1,2.83,1.89,SPY210702P00419000,419.0,0,0.0,0.0,,0.0,normalDay
2021-06-23,2881.0,117.0,0.0,0,422.6,0.0,1,2.83,1.66,SPY210702P00419000,419.0,0,0.0,0.0,,0.0,normalDay
2021-06-24,2881.0,187.0,0.0,0,425.1,0.0,1,2.83,0.96,SPY210702P00419000,419.0,0,0.0,0.0,,0.0,normalDay
2021-06-25,2881.0,226.0,0.0,0,426.61,0.0,1,2.83,0.57,SPY210702P00419000,419.0,0,0.0,0.0,,0.0,normalDay
2021-06-28,2881.0,256.0,0.0,0,427.47,0.0,1,2.83,0.27,SPY210702P00419000,419.0,0,0.0,0.0,,0.0,normalDay
2021-06-29,2881.0,266.0,0.0,0,427.7,0.0,1,2.83,0.17,SPY210702P00419000,419.0,0,0.0,0.0,,0.0,normalDay
2021-06-30,2881.0,275.0,0.0,0,428.06,0.0,1,2.83,0.08,SPY210702P00419000,419.0,0,0.0,0.0,,0.0,normalDay
2021-07-01,2881.0,279.0,0.0,0,430.43,0.0,1,2.83,0.04,SPY210702P00419000,419.0,0,0.0,0.0,,0.0,normalDay
2021-07-02,3164.0,0.0,283.0,0,433.72,0.0,1,2.83,0.0,SPY210702P00419000,419.0,0,0.0,0.0,,0.0,expirationDay
2021-07-06,3164.0,-3.0,0.0,0,432.93,0.0,1,0.89,0.92,SPY210716P00421000,421.0,0,0.0,0.0,,0.0,normalDay
2021-07-07,3164.0,25.0,0.0,0,434.46,0.0,1,0.89,0.64,SPY210716P00421000,421.0,0,0.0,0.0,,0.0,normalDay
2021-07-08,3164.0,-56.0,0.0,0,430.92,0.0,1,0.89,1.45,SPY210716P00421000,421.0,0,0.0,0.0,,0.0,normalDay
2021-07-09,3164.0,48.0,0.0,0,435.52,0.0,1,0.89,0.41,SPY210716P00421000,421.0,0,0.0,0.0,,0.0,normalDay
2021-07-12,3164.0,72.0,0.0,0,437.08,0.0,1,0.89,0.17,SPY210716P00421000,421.0,0,0.0,0.0,,0.0,normalDay
2021-07-13,3164.0,70.0,0.0,0,435.59,0.0,1,0.89,0.19,SPY210716P00421000,421.0,0,0.0,0.0,,0.0,normalDay
2021-07-14,3164.0,82.0,0.0,0,436.24,0.0,1,0.89,0.07,SPY210716P00421000,421.0,0,0.0,0.0,,0.0,normalDay
2021-07-15,3164.0,84.0,0.0,0,434.75,0.0,1,0.89,0.05,SPY210716P00421000,421.0,0,0.0,0.0,,0.0,normalDay
2021-07-16,3253.0,0.0,89.0,0,431.34,0.0,1,0.89,0.0,SPY210716P00421000,421.0,0,0.0,0.0,,0.0,expirationDay
2021-07-19,3253.0,-6.0,0.0,0,424.97,0.0,1,5.41,5.47,SPY210730P00425000,425.0,0,0.0,0.0,,0.0,normalDay
2021-07-20,3253.0,277.0,0.0,0,431.06,0.0,1,5.41,2.64,SPY210730P00425000,425.0,0,0.0,0.0,,0.0,normalDay
2021-07-21,3253.0,422.0,0.0,0,434.55,0.0,1,5.41,1.19,SPY210730P00425000,425.0,0,0.0,0.0,,0.0,normalDay
2021-07-22,3253.0,457.0,0.0,0,435.46,0.0,1,5.41,0.84,SPY210730P00425000,425.0,0,0.0,0.0,,0.0,normalDay
2021-07-23,3253.0,511.0,0.0,0,439.94,0.0,1,5.41,0.3,SPY210730P00425000,425.0,0,0.0,0.0,,0.0,normalDay
2021-07-26,3253.0,529.0,0.0,0,441.02,0.0,1,5.41,0.12,SPY210730P00425000,425.0,0,0.0,0.0,,0.0,normalDay
2021-07-27,3253.0,515.0,0.0,0,439.01,0.0,1,5.41,0.26,SPY210730P00425000,425.0,0,0.0,0.0,,0.0,normalDay
2021-07-28,3253.0,533.0,0.0,0,438.83,0.0,1,5.41,0.08,SPY210730P00425000,425.0,0,0.0,0.0,,0.0,normalDay
2021-07-29,3253.0,539.0,0.0,0,440.65,0.0,1,5.41,0.02,SPY210730P00425000,425.0,0,0.0,0.0,,0.0,normalDay
2021-07-30,3794.0,0.0,541.0,0,438.51,0.0,1,5.41,0.0,SPY210730P00425000,425.0,0,0.0,0.0,,0.0,expirationDay
2021-08-02,3794.0,-4.0,0.0,0,437.59,0.0,1,2.38,2.42,SPY210813P00432000,432.0,0,0.0,0.0,,0.0,normalDay
2021-08-03,3794.0,117.0,0.0,0,441.15,0.0,1,2.38,1.21,SPY210813P00432000,432.0,0,0.0,0.0,,0.0,normalDay
2021-08-04,3794.0,105.0,0.0,0,438.98,0.0,1,2.38,1.33,SPY210813P00432000,432.0,0,0.0,0.0,,0.0,normalDay
2021-08-05,3794.0,159.0,0.0,0,441.76,0.0,1,2.38,0.79,SPY210813P00432000,432.0,0,0.0,0.0,,0.0,normalDay
2021-08-06,3794.0,207.0,0.0,0,442.49,0.0,1,2.38,0.31,SPY210813P00432000,432.0,0,0.0,0.0,,0.0,normalDay
2021-08-09,3794.0,216.0,0.0,0,442.13,0.0,1,2.38,0.22,SPY210813P00432000,432.0,0,0.0,0.0,,0.0,normalDay
2021-08-10,3794.0,219.0,0.0,0,442.68,0.0,1,2.38,0.19,SPY210813P00432000,432.0,0,0.0,0.0,,0.0,normalDay
2021-08-11,3794.0,230.0,0.0,0,443.78,0.0,1,2.38,0.08,SPY210813P00432000,432.0,0,0.0,0.0,,0.0,normalDay
2021-08-12,3794.0,233.0,0.0,0,445.11,0.0,1,2.38,0.05,SPY210813P00432000,432.0,0,0.0,0.0,,0.0,normalDay
2021-08-13,4032.0,0.0,238.0,0,445.92,0.0,1,2.38,0.0,SPY210813P00432000,432.0,0,0.0,0.0,,0.0,expirationDay
2021-08-16,4032.0,-3.0,0.0,0,446.97,0.0,1,0.94,0.97,SPY210827P00436000,436.0,0,0.0,0.0,,0.0,normalDay
2021-08-17,4032.0,-90.0,0.0,0,444.04,0.0,1,0.94,1.84,SPY210827P00436000,436.0,0,0.0,0.0,,0.0,normalDay
2021-08-18,4032.0,-279.0,0.0,0,439.18,0.0,1,0.94,3.73,SPY210827P00436000,436.0,0,0.0,0.0,,0.0,normalDay
2021-08-19,4032.0,-214.0,0.0,0,439.86,0.0,1,0.94,3.08,SPY210827P00436000,436.0,0,0.0,0.0,,0.0,normalDay
2021-08-20,4032.0,-21.0,0.0,0,443.36,0.0,1,0.94,1.15,SPY210827P00436000,436.0,0,0.0,0.0,,0.0,normalDay
2021-08-23,4032.0,71.0,0.0,0,447.26,0.0,1,0.94,0.23,SPY210827P00436000,436.0,0,0.0,0.0,,0.0,normalDay
2021-08-24,4032.0,79.0,0.0,0,447.97,0.0,1,0.94,0.15,SPY210827P00436000,436.0,0,0.0,0.0,,0.0,normalDay
2021-08-25,4032.0,87.0,0.0,0,448.91,0.0,1,0.94,0.07,SPY210827P00436000,436.0,0,0.0,0.0,,0.0,normalDay
2021-08-26,4032.0,85.0,0.0,0,446.26,0.0,1,0.94,0.09,SPY210827P00436000,436.0,0,0.0,0.0,,0.0,normalDay
2021-08-27,4126.0,0.0,94.0,0,450.25,0.0,1,0.94,0.0,SPY210827P00436000,436.0,0,0.0,0.0,,0.0,expirationDay
2021-08-30,4126.0,-3.0,0.0,0,452.23,0.0,1,0.75,0.78,SPY210910P00441000,441.0,0,0.0,0.0,,0.0,normalDay
2021-08-31,4126.0,-5.0,0.0,0,451.56,0.0,1,0.75,0.8,SPY210910P00441000,441.0,0,0.0,0.0,,0.0,normalDay
2021-09-01,4126.0,14.0,0.0,0,451.8,0.0,1,0.75,0.61,SPY210910P00441000,441.0,0,0.0,0.0,,0.0,normalDay
2021-09-02,4126.0,22.0,0.0,0,453.19,0.0,1,0.75,0.53,SPY210910P00441000,441.0,0,0.0,0.0,,0.0,normalDay
2021-09-03,4126.0,45.0,0.0,0,453.08,0.0,1,0.75,0.3,SPY210910P00441000,441.0,0,0.0,0.0,,0.0,normalDay
2021-09-07,4126.0,50.0,0.0,0,451.46,0.0,1,0.75,0.25,SPY210910P00441000,441.0,0,0.0,0.0,,0.0,normalDay
2021-09-08,4126.0,62.0,0.0,0,450.91,0.0,1,0.75,0.13,SPY210910P00441000,441.0,0,0.0,0.0,,0.0,normalDay
2021-09-09,4126.0,65.0,0.0,0,448.98,0.0,1,0.75,0.1,SPY210910P00441000,441.0,0,0.0,0.0,,0.0,normalDay
2021-09-10,4201.0,0.0,75.0,0,445.44,0.0,1,0.75,0.0,SPY210910P00441000,441.0,0,0.0,0.0,,0.0,expirationDay
2021-09-13,4201.0,-4.0,0.0,0,446.58,0.0,1,3.94,3.98,SPY210924P00444000,444.0,0,0.0,0.0,,0.0,normalDay
2021-09-14,4201.0,-90.0,0.0,0,444.17,0.0,1,3.94,4.84,SPY210924P00444000,444.0,0,0.0,0.0,,0.0,normalDay
2021-09-15,4201.0,128.0,0.0,0,447.88,0.0,1,3.94,2.66,SPY210924P00444000,444.0,0,0.0,0.0,,0.0,normalDay
2021-09-16,4201.0,108.0,0.0,0,447.17,0.0,1,3.94,2.86,SPY210924P00444000,444.0,0,0.0,0.0,,0.0,normalDay
2021-09-17,4201.0,-150.0,0.0,0,441.4,0.0,1,3.94,5.44,SPY210924P00444000,444.0,0,0.0,0.0,,0.0,normalDay
2021-09-20,4201.0,-666.0,0.0,0,434.04,0.0,1,3.94,10.6,SPY210924P00444000,444.0,0,0.0,0.0,,0.0,normalDay
2021-09-21,4201.0,-695.0,0.0,0,433.63,0.0,1,3.94,10.89,SPY210924P00444000,444.0,0,0.0,0.0,,0.0,normalDay
2021-09-22,4201.0,-247.0,0.0,0,437.86,0.0,1,3.94,6.41,SPY210924P00444000,444.0,0,0.0,0.0,,0.0,normalDay
2021-09-23,4201.0,219.0,0.0,0,443.18,0.0,1,3.94,1.75,SPY210924P00444000,444.0,0,0.0,0.0,,0.0,normalDay
2021-09-24,4595.0,-9.0,394.0,100,443.91,444.0,1,3.94,0.0,SPY210924P00444000,444.0,0,0.0,0.0,,0.0,expirationDay
2021-09-27,4595.0,-139.0,0.0,100,442.64,444.0,0,0.0,0.0,,0.0,1,3.68,3.71,SPY211008C00443000,443.0,normalDay
2021-09-28,4595.0,-816.0,0.0,100,433.72,444.0,0,0.0,0.0,,0.0,1,3.68,1.56,SPY211008C00443000,443.0,normalDay
2021-09-29,4595.0,-721.0,0.0,100,434.45,444.0,0,0.0,0.0,,0.0,1,3.68,1.34,SPY211008C00443000,443.0,normalDay
2021-09-30,4595.0,-1164.0,0.0,100,429.14,444.0,0,0.0,0.0,,0.0,1,3.68,0.46,SPY211008C00443000,443.0,normalDay
2021-10-01,4595.0,-681.0,0.0,100,434.24,444.0,0,0.0,0.0,,0.0,1,3.68,0.73,SPY211008C00443000,443.0,normalDay
2021-10-04,4595.0,-1187.0,0.0,100,428.64,444.0,0,0.0,0.0,,0.0,1,3.68,0.19,SPY211008C00443000,443.0,normalDay
2021-10-05,4595.0,-742.0,0.0,100,433.1,444.0,0,0.0,0.0,,0.0,1,3.68,0.2,SPY211008C00443000,443.0,normalDay
2021-10-06,4595.0,-562.0,0.0,100,434.9,444.0,0,0.0,0.0,,0.0,1,3.68,0.2,SPY211008C00443000,443.0,normalDay
2021-10-07,4595.0,-191.0,0.0,100,438.66,444.0,0,0.0,0.0,,0.0,1,3.68,0.25,SPY211008C00443000,443.0,normalDay
2021-10-08,4963.0,-614.0,368.0,100,437.86,444.0,0,0.0,0.0,,0.0,1,3.68,0.0,SPY211008C00443000,443.0,expirationDay
2021-10-11,4963.0,-934.0,0.0,100,434.69,444.0,0,0.0,0.0,,0.0,1,4.91,4.94,SPY211022C00435000,435.0,normalDay
2021-10-12,4963.0,-911.0,0.0,100,433.62,444.0,0,0.0,0.0,,0.0,1,4.91,3.64,SPY211022C00435000,435.0,normalDay
2021-10-13,4963.0,-815.0,0.0,100,435.18,444.0,0,0.0,0.0,,0.0,1,4.91,4.24,SPY211022C00435000,435.0,normalDay
2021-10-14,4963.0,-545.0,0.0,100,442.5,444.0,0,0.0,0.0,,0.0,1,4.91,8.86,SPY211022C00435000,435.0,normalDay
2021-10-15,4963.0,-463.0,0.0,100,445.87,444.0,0,0.0,0.0,,0.0,1,4.91,11.41,SPY211022C00435000,435.0,normalDay
2021-10-18,4963.0,-432.0,0.0,100,447.19,444.0,0,0.0,0.0,,0.0,1,4.91,12.42,SPY211022C00435000,435.0,normalDay
2021-10-19,4963.0,-459.0,0.0,100,450.64,444.0,0,0.0,0.0,,0.0,1,4.91,16.14,SPY211022C00435000,435.0,normalDay
2021-10-20,4963.0,-385.0,0.0,100,452.41,444.0,0,0.0,0.0,,0.0,1,4.91,17.17,SPY211022C00435000,435.0,normalDay
2021-10-21,4963.0,-408.0,0.0,100,453.59,444.0,0,0.0,0.0,,0.0,1,4.91,18.58,SPY211022C00435000,435.0,normalDay
2021-10-22,4554.0,-408.0,-409.0,0,453.12,0.0,0,0.0,0.0,,0.0,1,4.91,0.0,SPY211022C00435000,435.0,expirationDay
2021-10-25,4554.0,-3.0,0.0,0,455.55,0.0,1,0.37,0.4,SPY211105P00432000,432.0,0,0.0,0.0,,0.0,normalDay
2021-10-26,4554.0,-4.0,0.0,0,455.96,0.0,1,0.37,0.41,SPY211105P00432000,432.0,0,0.0,0.0,,0.0,normalDay
2021-10-27,4554.0,-11.0,0.0,0,453.94,0.0,1,0.37,0.48,SPY211105P00432000,432.0,0,0.0,0.0,,0.0,normalDay
2021-10-28,4554.0,13.0,0.0,0,458.32,0.0,1,0.37,0.24,SPY211105P00432000,432.0,0,0.0,0.0,,0.0,normalDay
2021-10-29,4554.0,24.0,0.0,0,459.25,0.0,1,0.37,0.13,SPY211105P00432000,432.0,0,0.0,0.0,,0.0,normalDay
2021-11-01,4554.0,30.0,0.0,0,460.04,0.0,1,0.37,0.07,SPY211105P00432000,432.0,0,0.0,0.0,,0.0,normalDay
2021-11-02,4554.0,32.0,0.0,0,461.9,0.0,1,0.37,0.05,SPY211105P00432000,432.0,0,0.0,0.0,,0.0,normalDay
2021-11-03,4554.0,34.0,0.0,0,464.72,0.0,1,0.37,0.03,SPY211105P00432000,432.0,0,0.0,0.0,,0.0,normalDay
2021-11-04,4554.0,35.0,0.0,0,466.91,0.0,1,0.37,0.02,SPY211105P00432000,432.0,0,0.0,0.0,,0.0,normalDay
2021-11-05,4591.0,0.0,37.0,0,468.53,0.0,1,0.37,0.0,SPY211105P00432000,432.0,0,0.0,0.0,,0.0,expirationDay
2021-11-08,4591.0,-3.0,0.0,0,468.93,0.0,1,0.5,0.53,SPY211119P00444000,444.0,0,0.0,0.0,,0.0,normalDay
2021-11-09,4591.0,-5.0,0.0,0,467.38,0.0,1,0.5,0.55,SPY211119P00444000,444.0,0,0.0,0.0,,0.0,normalDay
2021-11-10,4591.0,-18.0,0.0,0,463.62,0.0,1,0.5,0.68,SPY211119P00444000,444.0,0,0.0,0.0,,0.0,normalDay
2021-11-11,4591.0,12.0,0.0,0,463.77,0.0,1,0.5,0.38,SPY211119P00444000,444.0,0,0.0,0.0,,0.0,normalDay
2021-11-12,4591.0,35.0,0.0,0,467.27,0.0,1,0.5,0.15,SPY211119P00444000,444.0,0,0.0,0.0,,0.0,normalDay
2021-11-15,4591.0,44.0,0.0,0,467.43,0.0,1,0.5,0.06,SPY211119P00444000,444.0,0,0.0,0.0,,0.0,normalDay
2021-11-16,4591.0,44.0,0.0,0,469.28,0.0,1,0.5,0.06,SPY211119P00444000,444.0,0,0.0,0.0,,0.0,normalDay
2021-11-17,4591.0,46.0,0.0,0,468.14,0.0,1,0.5,0.04,SPY211119P00444000,444.0,0,0.0,0.0,,0.0,normalDay
2021-11-18,4591.0,47.0,0.0,0,469.73,0.0,1,0.5,0.03,SPY211119P00444000,444.0,0,0.0,0.0,,0.0,normalDay
2021-11-19,4641.0,0.0,50.0,0,468.89,0.0,1,0.5,0.0,SPY211119P00444000,444.0,0,0.0,0.0,,0.0,expirationDay
2021-11-22,4641.0,-5.0,0.0,0,467.57,0.0,1,2.11,2.16,SPY211203P00460000,460.0,0,0.0,0.0,,0.0,normalDay
2021-11-23,4641.0,18.0,0.0,0,468.19,0.0,1,2.11,1.93,SPY211203P00460000,460.0,0,0.0,0.0,,0.0,normalDay
2021-11-24,4641.0,82.0,0.0,0,469.44,0.0,1,2.11,1.29,SPY211203P00460000,460.0,0,0.0,0.0,,0.0,normalDay
2021-11-26,4641.0,-539.0,0.0,0,458.97,0.0,1,2.11,7.5,SPY211203P00460000,460.0,0,0.0,0.0,,0.0,normalDay
2021-11-29,4641.0,13.0,0.0,0,464.6,0.0,1,2.11,1.98,SPY211203P00460000,460.0,0,0.0,0.0,,0.0,normalDay
2021-11-30,4641.0,-302.0,0.0,0,455.56,0.0,1,2.11,5.13,SPY211203P00460000,460.0,0,0.0,0.0,,0.0,normalDay
2021-12-01,4641.0,-830.0,0.0,0,450.5,0.0,1,2.11,10.41,SPY211203P00460000,460.0,0,0.0,0.0,,0.0,normalDay
2021-12-02,4641.0,-176.0,0.0,0,457.4,0.0,1,2.11,3.87,SPY211203P00460000,460.0,0,0.0,0.0,,0.0,normalDay
2021-12-03,4852.0,-658.0,211.0,100,453.42,460.0,1,2.11,0.0,SPY211203P00460000,460.0,0,0.0,0.0,,0.0,expirationDay
2021-12-06,4852.0,-126.0,0.0,100,458.79,460.0,0,0.0,0.0,,0.0,1,5.14,5.19,SPY211217C00461000,461.0,normalDay
2021-12-07,4852.0,316.0,0.0,100,468.28,460.0,0,0.0,0.0,,0.0,1,5.14,10.26,SPY211217C00461000,461.0,normalDay
2021-12-08,4852.0,446.0,0.0,100,469.52,460.0,0,0.0,0.0,,0.0,1,5.14,10.2,SPY211217C00461000,461.0,normalDay
2021-12-09,4852.0,348.0,0.0,100,466.35,460.0,0,0.0,0.0,,0.0,1,5.14,8.01,SPY211217C00461000,461.0,normalDay
2021-12-10,4852.0,516.0,0.0,100,470.74,460.0,0,0.0,0.0,,0.0,1,5.14,10.72,SPY211217C00461000,461.0,normalDay
2021-12-13,4852.0,468.0,0.0,100,466.57,460.0,0,0.0,0.0,,0.0,1,5.14,7.03,SPY211217C00461000,461.0,normalDay
2021-12-14,4852.0,389.0,0.0,100,463.36,460.0,0,0.0,0.0,,0.0,1,5.14,4.61,SPY211217C00461000,461.0,normalDay
2021-12-15,4852.0,549.0,0.0,100,470.6,460.0,0,0.0,0.0,,0.0,1,5.14,10.25,SPY211217C00461000,461.0,normalDay
2021-12-16,4852.0,504.0,0.0,100,466.45,460.0,0,0.0,0.0,,0.0,1,5.14,6.55,SPY211217C00461000,461.0,normalDay
2021-12-17,5366.0,-13.0,514.0,100,459.87,460.0,0,0.0,0.0,,0.0,1,5.14,0.0,SPY211217C00461000,461.0,expirationDay
2021-12-20,5366.0,-508.0,0.0,100,454.98,460.0,0,0.0,0.0,,0.0,1,4.09,4.15,SPY211231C00460000,460.0,normalDay
2021-12-21,5366.0,-3.0,0.0,100,463.06,460.0,0,0.0,0.0,,0.0,1,4.09,7.18,SPY211231C00460000,460.0,normalDay
2021-12-22,5366.0,225.0,0.0,100,467.69,460.0,0,0.0,0.0,,0.0,1,4.09,9.53,SPY211231C00460000,460.0,normalDay
2021-12-23,5366.0,283.0,0.0,100,470.6,460.0,0,0.0,0.0,,0.0,1,4.09,11.86,SPY211231C00460000,460.0,normalDay
2021-12-27,5366.0,374.0,0.0,100,477.26,460.0,0,0.0,0.0,,0.0,1,4.09,17.61,SPY211231C00460000,460.0,normalDay
2021-12-28,5366.0,330.0,0.0,100,476.87,460.0,0,0.0,0.0,,0.0,1,4.09,17.66,SPY211231C00460000,460.0,normalDay
2021-12-29,5366.0,369.0,0.0,100,477.48,460.0,0,0.0,0.0,,0.0,1,4.09,17.88,SPY211231C00460000,460.0,normalDay
2021-12-30,5366.0,407.0,0.0,100,476.16,460.0,0,0.0,0.0,,0.0,1,4.09,16.18,SPY211231C00460000,460.0,normalDay
2021-12-31,5775.0,407.0,409.0,0,474.96,0.0,0,0.0,0.0,,0.0,1,4.09,0.0,SPY211231C00460000,460.0,expirationDay
2022-01-03,5775.0,-3.0,0.0,0,477.71,0.0,1,0.74,0.77,SPY220114P00462000,462.0,0,0.0,0.0,,0.0,normalDay
2022-01-04,5775.0,-1.0,0.0,0,477.55,0.0,1,0.74,0.75,SPY220114P00462000,462.0,0,0.0,0.0,,0.0,normalDay
2022-01-05,5775.0,-193.0,0.0,0,468.38,0.0,1,0.74,2.67,SPY220114P00462000,462.0,0,0.0,0.0,,0.0,normalDay
2022-01-06,5775.0,-163.0,0.0,0,467.94,0.0,1,0.74,2.37,SPY220114P00462000,462.0,0,0.0,0.0,,0.0,normalDay
2022-01-07,5775.0,-131.0,0.0,0,466.09,0.0,1,0.74,2.05,SPY220114P00462000,462.0,0,0.0,0.0,,0.0,normalDay
2022-01-10,5775.0,-145.0,0.0,0,465.51,0.0,1,0.74,2.19,SPY220114P00462000,462.0,0,0.0,0.0,,0.0,normalDay
2022-01-11,5775.0,-11.0,0.0,0,469.75,0.0,1,0.74,0.85,SPY220114P00462000,462.0,0,0.0,0.0,,0.0,normalDay
2022-01-12,5775.0,43.0,0.0,0,471.02,0.0,1,0.74,0.31,SPY220114P00462000,462.0,0,0.0,0.0,,0.0,normalDay
2022-01-13,5775.0,-37.0,0.0,0,464.53,0.0,1,0.74,1.11,SPY220114P00462000,462.0,0,0.0,0.0,,0.0,normalDay
2022-01-14,5849.0,0.0,74.0,0,464.72,0.0,1,0.74,0.0,SPY220114P00462000,462.0,0,0.0,0.0,,0.0,expirationDay
2022-01-18,5849.0,-14.0,0.0,0,456.49,0.0,1,9.92,10.06,SPY220128P00463000,463.0,0,0.0,0.0,,0.0,normalDay
2022-01-19,5849.0,-263.0,0.0,0,451.75,0.0,1,9.92,12.55,SPY220128P00463000,463.0,0,0.0,0.0,,0.0,normalDay
2022-01-20,5849.0,-745.0,0.0,0,446.75,0.0,1,9.92,17.37,SPY220128P00463000,463.0,0,0.0,0.0,,0.0,normalDay
2022-01-21,5849.0,-1517.0,0.0,0,437.98,0.0,1,9.92,25.09,SPY220128P00463000,463.0,0,0.0,0.0,,0.0,normalDay
2022-01-24,5849.0,-1473.0,0.0,0,439.84,0.0,1,9.92,24.65,SPY220128P00463000,463.0,0,0.0,0.0,,0.0,normalDay
2022-01-25,5849.0,-2050.0,0.0,0,434.47,0.0,1,9.92,30.42,SPY220128P00463000,463.0,0,0.0,0.0,,0.0,normalDay
2022-01-26,5849.0,-2050.0,0.0,0,433.38,0.0,1,9.92,30.42,SPY220128P00463000,463.0,0,0.0,0.0,,0.0,normalDay
2022-01-27,5849.0,-2141.0,0.0,0,431.24,0.0,1,9.92,31.33,SPY220128P00463000,463.0,0,0.0,0.0,,0.0,normalDay
2022-01-28,6841.0,-2105.0,992.0,100,441.95,463.0,1,9.92,0.0,SPY220128P00463000,463.0,0,0.0,0.0,,0.0,expirationDay
2022-01-31,6841.0,-1320.0,0.0,100,449.91,463.0,0,0.0,0.0,,0.0,1,7.51,7.62,SPY220211C00448000,448.0,normalDay
2022-02-01,6841.0,-1167.0,0.0,100,452.95,463.0,0,0.0,0.0,,0.0,1,7.51,9.13,SPY220211C00448000,448.0,normalDay
2022-02-02,6841.0,-840.0,0.0,100,457.35,463.0,0,0.0,0.0,,0.0,1,7.51,10.26,SPY220211C00448000,448.0,normalDay
2022-02-03,6841.0,-1597.0,0.0,100,446.6,463.0,0,0.0,0.0,,0.0,1,7.51,7.08,SPY220211C00448000,448.0,normalDay
2022-02-04,6841.0,-1194.0,0.0,100,448.7,463.0,0,0.0,0.0,,0.0,1,7.51,5.15,SPY220211C00448000,448.0,normalDay
2022-02-07,6841.0,-1222.0,0.0,100,447.26,463.0,0,0.0,0.0,,0.0,1,7.51,3.99,SPY220211C00448000,448.0,normalDay
2022-02-08,6841.0,-1002.0,0.0,100,450.94,463.0,0,0.0,0.0,,0.0,1,7.51,5.47,SPY220211C00448000,448.0,normalDay
2022-02-09,6841.0,-794.0,0.0,100,457.54,463.0,0,0.0,0.0,,0.0,1,7.51,9.99,SPY220211C00448000,448.0,normalDay
2022-02-10,6841.0,-936.0,0.0,100,449.32,463.0,0,0.0,0.0,,0.0,1,7.51,3.19,SPY220211C00448000,448.0,normalDay
2022-02-11,7592.0,-2254.0,751.0,100,440.46,463.0,0,0.0,0.0,,0.0,1,7.51,0.0,SPY220211C00448000,448.0,expirationDay
2022-02-14,7592.0,-2403.0,0.0,100,439.02,463.0,0,0.0,0.0,,0.0,1,5.89,5.94,SPY220225C00442000,442.0,normalDay
2022-02-15,7592.0,-1922.0,0.0,100,446.1,463.0,0,0.0,0.0,,0.0,1,5.89,8.21,SPY220225C00442000,442.0,normalDay
2022-02-16,7592.0,-1872.0,0.0,100,446.6,463.0,0,0.0,0.0,,0.0,1,5.89,8.21,SPY220225C00442000,442.0,normalDay
2022-02-17,7592.0,-2401.0,0.0,100,437.06,463.0,0,0.0,0.0,,0.0,1,5.89,3.96,SPY220225C00442000,442.0,normalDay
2022-02-18,7592.0,-2532.0,0.0,100,434.23,463.0,0,0.0,0.0,,0.0,1,5.89,2.44,SPY220225C00442000,442.0,normalDay
2022-02-22,7592.0,-2827.0,0.0,100,429.57,463.0,0,0.0,0.0,,0.0,1,5.89,0.73,SPY220225C00442000,442.0,normalDay
2022-02-23,7592.0,-3524.0,0.0,100,421.95,463.0,0,0.0,0.0,,0.0,1,5.89,0.08,SPY220225C00442000,442.0,normalDay
2022-02-24,7592.0,-2888.0,0.0,100,428.3,463.0,0,0.0,0.0,,0.0,1,5.89,0.07,SPY220225C00442000,442.0,normalDay
2022-02-25,8181.0,-2525.0,589.0,100,437.75,463.0,0,0.0,0.0,,0.0,1,5.89,0.0,SPY220225C00442000,442.0,expirationDay
2022-02-28,8181.0,-2643.0,0.0,100,436.63,463.0,0,0.0,0.0,,0.0,1,7.1,7.16,SPY220311C00438000,438.0,normalDay
2022-03-01,8181.0,-3090.0,0.0,100,429.98,463.0,0,0.0,0.0,,0.0,1,7.1,4.98,SPY220311C00438000,438.0,normalDay
2022-03-02,8181.0,-2510.0,0.0,100,437.89,463.0,0,0.0,0.0,,0.0,1,7.1,7.09,SPY220311C00438000,438.0,normalDay
2022-03-03,8181.0,-2597.0,0.0,100,435.71,463.0,0,0.0,0.0,,0.0,1,7.1,5.78,SPY220311C00438000,438.0,normalDay
2022-03-04,8181.0,-2728.0,0.0,100,432.17,463.0,0,0.0,0.0,,0.0,1,7.1,3.55,SPY220311C00438000,438.0,normalDay
2022-03-07,8181.0,-3697.0,0.0,100,419.43,463.0,0,0.0,0.0,,0.0,1,7.1,0.5,SPY220311C00438000,438.0,normalDay
2022-03-08,8181.0,-3983.0,0.0,100,416.25,463.0,0,0.0,0.0,,0.0,1,7.1,0.18,SPY220311C00438000,438.0,normalDay
2022-03-09,8181.0,-2915.0,0.0,100,427.41,463.0,0,0.0,0.0,,0.0,1,7.1,0.66,SPY220311C00438000,438.0,normalDay
2022-03-10,8181.0,-3048.0,0.0,100,425.48,463.0,0,0.0,0.0,,0.0,1,7.1,0.06,SPY220311C00438000,438.0,normalDay
2022-03-11,8891.0,-4293.0,710.0,100,420.07,463.0,0,0.0,0.0,,0.0,1,7.1,0.0,SPY220311C00438000,438.0,expirationDay
2022-03-14,8891.0,-4604.0,0.0,100,417.0,463.0,0,0.0,0.0,,0.0,1,4.18,4.22,SPY220325C00426000,426.0,normalDay
2022-03-15,8891.0,-3973.0,0.0,100,426.17,463.0,0,0.0,0.0,,0.0,1,4.18,7.08,SPY220325C00426000,426.0,normalDay
2022-03-16,8891.0,-3527.0,0.0,100,435.62,463.0,0,0.0,0.0,,0.0,1,4.18,12.07,SPY220325C00426000,426.0,normalDay
2022-03-17,8891.0,-3316.0,0.0,100,441.07,463.0,0,0.0,0.0,,0.0,1,4.18,15.41,SPY220325C00426000,426.0,normalDay
2022-03-18,8891.0,-3410.0,0.0,100,444.52,463.0,0,0.0,0.0,,0.0,1,4.18,19.8,SPY220325C00426000,426.0,normalDay
2022-03-21,8891.0,-3364.0,0.0,100,444.39,463.0,0,0.0,0.0,,0.0,1,4.18,19.21,SPY220325C00426000,426.0,normalDay
2022-03-22,8891.0,-3316.0,0.0,100,449.59,463.0,0,0.0,0.0,,0.0,1,4.18,23.93,SPY220325C00426000,426.0,normalDay
2022-03-23,8891.0,-3302.0,0.0,100,443.8,463.0,0,0.0,0.0,,0.0,1,4.18,18.0,SPY220325C00426000,426.0,normalDay
2022-03-24,8891.0,-3286.0,0.0,100,450.49,463.0,0,0.0,0.0,,0.0,1,4.18,24.53,SPY220325C00426000,426.0,normalDay
2022-03-25,5609.0,-3286.0,-3282.0,0,452.69,0.0,0,0.0,0.0,,0.0,1,4.18,0.0,SPY220325C00426000,426.0,expirationDay
2022-03-28,5609.0,-3.0,0.0,0,455.91,0.0,1,0.38,0.41,SPY220408P00423000,423.0,0,0.0,0.0,,0.0,normalDay
2022-03-29,5609.0,13.0,0.0,0,461.55,0.0,1,0.38,0.25,SPY220408P00423000,423.0,0,0.0,0.0,,0.0,normalDay
2022-03-30,5609.0,19.0,0.0,0,458.7,0.0,1,0.38,0.19,SPY220408P00423000,423.0,0,0.0,0.0,,0.0,normalDay
2022-03-31,5609.0,11.0,0.0,0,451.64,0.0,1,0.38,0.27,SPY220408P00423000,423.0,0,0.0,0.0,,0.0,normalDay
2022-04-01,5609.0,26.0,0.0,0,452.92,0.0,1,0.38,0.12,SPY220408P00423000,423.0,0,0.0,0.0,,0.0,normalDay
2022-04-04,5609.0,33.0,0.0,0,456.8,0.0,1,0.38,0.05,SPY220408P00423000,423.0,0,0.0,0.0,,0.0,normalDay
2022-04-05,5609.0,32.0,0.0,0,451.03,0.0,1,0.38,0.06,SPY220408P00423000,423.0,0,0.0,0.0,,0.0,normalDay
2022-04-06,5609.0,33.0,0.0,0,446.52,0.0,1,0.38,0.05,SPY220408P00423000,423.0,0,0.0,0.0,,0.0,normalDay
2022-04-07,5609.0,36.0,0.0,0,448.77,0.0,1,0.38,0.02,SPY220408P00423000,423.0,0,0.0,0.0,,0.0,normalDay
2022-04-08,5647.0,0.0,38.0,0,447.57,0.0,1,0.38,0.0,SPY220408P00423000,423.0,0,0.0,0.0,,0.0,expirationDay
2022-04-11,5647.0,-5.0,0.0,0,439.92,0.0,1,6.29,6.34,SPY220422P00440000,440.0,0,0.0,0.0,,0.0,normalDay
2022-04-12,5647.0,-32.0,0.0,0,438.29,0.0,1,6.29,6.61,SPY220422P00440000,440.0,0,0.0,0.0,,0.0,normalDay
2022-04-13,5647.0,267.0,0.0,0,443.31,0.0,1,6.29,3.62,SPY220422P00440000,440.0,0,0.0,0.0,,0.0,normalDay
2022-04-14,5647.0,63.0,0.0,0,437.79,0.0,1,6.29,5.66,SPY220422P00440000,440.0,0,0.0,0.0,,0.0,normalDay
2022-04-18,5647.0,223.0,0.0,0,437.97,0.0,1,6.29,4.06,SPY220422P00440000,440.0,0,0.0,0.0,,0.0,normalDay
2022-04-19,5647.0,419.0,0.0,0,445.04,0.0,1,6.29,2.1,SPY220422P00440000,440.0,0,0.0,0.0,,0.0,normalDay
2022-04-20,5647.0,541.0,0.0,0,444.71,0.0,1,6.29,0.88,SPY220422P00440000,440.0,0,0.0,0.0,,0.0,normalDay
2022-04-21,5647.0,279.0,0.0,0,438.06,0.0,1,6.29,3.5,SPY220422P00440000,440.0,0,0.0,0.0,,0.0,normalDay
2022-04-22,6276.0,-1396.0,629.0,100,426.04,440.0,1,6.29,0.0,SPY220422P00440000,440.0,0,0.0,0.0,,0.0,expirationDay
2022-04-25,6276.0,-1153.0,0.0,100,428.51,440.0,0,0.0,0.0,,0.0,1,2.21,2.25,SPY220506C00441000,441.0,normalDay
2022-04-26,6276.0,-2228.0,0.0,100,416.1,440.0,0,0.0,0.0,,0.0,1,2.21,0.59,SPY220506C00441000,441.0,normalDay
2022-04-27,6276.0,-2109.0,0.0,100,417.27,440.0,0,0.0,0.0,,0.0,1,2.21,0.57,SPY220506C00441000,441.0,normalDay
2022-04-28,6276.0,-1122.0,0.0,100,427.81,440.0,0,0.0,0.0,,0.0,1,2.21,1.24,SPY220506C00441000,441.0,normalDay
2022-04-29,6276.0,-2600.0,0.0,100,412.0,440.0,0,0.0,0.0,,0.0,1,2.21,0.21,SPY220506C00441000,441.0,normalDay
2022-05-02,6276.0,-2349.0,0.0,100,414.48,440.0,0,0.0,0.0,,0.0,1,2.21,0.18,SPY220506C00441000,441.0,normalDay
2022-05-03,6276.0,-2149.0,0.0,100,416.38,440.0,0,0.0,0.0,,0.0,1,2.21,0.08,SPY220506C00441000,441.0,normalDay
2022-05-04,6276.0,-893.0,0.0,100,429.06,440.0,0,0.0,0.0,,0.0,1,2.21,0.2,SPY220506C00441000,441.0,normalDay
2022-05-05,6276.0,-2400.0,0.0,100,413.81,440.0,0,0.0,0.0,,0.0,1,2.21,0.02,SPY220506C00441000,441.0,normalDay
2022-05-06,6497.0,-2866.0,221.0,100,411.34,440.0,0,0.0,0.0,,0.0,1,2.21,0.0,SPY220506C00441000,441.0,expirationDay
2022-05-09,6497.0,-4187.0,0.0,100,398.17,440.0,0,0.0,0.0,,0.0,1,1.92,1.96,SPY220520C00420000,420.0,normalDay
2022-05-10,6497.0,-4052.0,0.0,100,399.09,440.0,0,0.0,0.0,,0.0,1,1.92,1.53,SPY220520C00420000,420.0,normalDay
2022-05-11,6497.0,-4602.0,0.0,100,392.75,440.0,0,0.0,0.0,,0.0,1,1.92,0.69,SPY220520C00420000,420.0,normalDay
2022-05-12,6497.0,-4618.0,0.0,100,392.34,440.0,0,0.0,0.0,,0.0,1,1.92,0.44,SPY220520C00420000,420.0,normalDay
2022-05-13,6497.0,-3690.0,0.0,100,401.72,440.0,0,0.0,0.0,,0.0,1,1.92,0.54,SPY220520C00420000,420.0,normalDay
2022-05-16,6497.0,-3812.0,0.0,100,400.09,440.0,0,0.0,0.0,,0.0,1,1.92,0.13,SPY220520C00420000,420.0,normalDay
2022-05-17,6497.0,-3021.0,0.0,100,408.32,440.0,0,0.0,0.0,,0.0,1,1.92,0.45,SPY220520C00420000,420.0,normalDay
2022-05-18,6497.0,-4626.0,0.0,100,391.86,440.0,0,0.0,0.0,,0.0,1,1.92,0.04,SPY220520C00420000,420.0,normalDay
2022-05-19,6497.0,-4863.0,0.0,100,389.46,440.0,0,0.0,0.0,,0.0,1,1.92,0.01,SPY220520C00420000,420.0,normalDay
2022-05-20,6689.0,-5037.0,192.0,100,389.63,440.0,0,0.0,0.0,,0.0,1,1.92,0.0,SPY220520C00420000,420.0,expirationDay
2022-05-23,6689.0,-4312.0,0.0,100,396.92,440.0,0,0.0,0.0,,0.0,1,6.03,6.07,SPY220603C00400000,400.0,normalDay
2022-05-24,6689.0,-4465.0,0.0,100,393.89,440.0,0,0.0,0.0,,0.0,1,6.03,4.57,SPY220603C00400000,400.0,normalDay
2022-05-25,6689.0,-4178.0,0.0,100,397.37,440.0,0,0.0,0.0,,0.0,1,6.03,5.18,SPY220603C00400000,400.0,normalDay
2022-05-26,6689.0,-3724.0,0.0,100,405.31,440.0,0,0.0,0.0,,0.0,1,6.03,8.58,SPY220603C00400000,400.0,normalDay
2022-05-27,6689.0,-3513.0,0.0,100,415.26,440.0,0,0.0,0.0,,0.0,1,6.03,16.42,SPY220603C00400000,400.0,normalDay
2022-05-31,6689.0,-3440.0,0.0,100,412.93,440.0,0,0.0,0.0,,0.0,1,6.03,13.36,SPY220603C00400000,400.0,normalDay
2022-06-01,6689.0,-3449.0,0.0,100,409.59,440.0,0,0.0,0.0,,0.0,1,6.03,10.11,SPY220603C00400000,400.0,normalDay
2022-06-02,6689.0,-3417.0,0.0,100,417.39,440.0,0,0.0,0.0,,0.0,1,6.03,17.59,SPY220603C00400000,400.0,normalDay
2022-06-03,3292.0,-3417.0,-3397.0,0,410.54,0.0,0,0.0,0.0,,0.0,1,6.03,0.0,SPY220603C00400000,400.0,expirationDay
2022-06-06,3292.0,-4.0,0.0,0,411.79,0.0,1,2.08,2.12,SPY220617P00393000,393.0,0,0.0,0.0,,0.0,normalDay
2022-06-07,3292.0,82.0,0.0,0,415.74,0.0,1,2.08,1.26,SPY220617P00393000,393.0,0,0.0,0.0,,0.0,normalDay
2022-06-08,3292.0,59.0,0.0,0,411.22,0.0,1,2.08,1.49,SPY220617P00393000,393.0,0,0.0,0.0,,0.0,normalDay
2022-06-09,3292.0,-183.0,0.0,0,401.44,0.0,1,2.08,3.91,SPY220617P00393000,393.0,0,0.0,0.0,,0.0,normalDay
2022-06-10,3292.0,-645.0,0.0,0,389.8,0.0,1,2.08,8.53,SPY220617P00393000,393.0,0,0.0,0.0,,0.0,normalDay
2022-06-13,3292.0,-1853.0,0.0,0,375.0,0.0,1,2.08,20.61,SPY220617P00393000,393.0,0,0.0,0.0,,0.0,normalDay
2022-06-14,3292.0,-2002.0,0.0,0,373.87,0.0,1,2.08,22.1,SPY220617P00393000,393.0,0,0.0,0.0,,0.0,normalDay
2022-06-15,3292.0,-1392.0,0.0,0,379.2,0.0,1,2.08,16.0,SPY220617P00393000,393.0,0,0.0,0.0,,0.0,normalDay
2022-06-16,3292.0,-2533.0,0.0,0,366.65,0.0,1,2.08,27.41,SPY220617P00393000,393.0,0,0.0,0.0,,0.0,normalDay
2022-06-17,3500.0,-2714.0,208.0,100,365.86,393.0,1,2.08,0.0,SPY220617P00393000,393.0,0,0.0,0.0,,0.0,expirationDay
2022-06-21,3500.0,-1797.0,0.0,100,375.07,393.0,0,0.0,0.0,,0.0,1,2.32,2.36,SPY220701C00387500,387.5,normalDay
2022-06-22,3500.0,-1811.0,0.0,100,374.39,393.0,0,0.0,0.0,,0.0,1,2.32,1.82,SPY220701C00387500,387.5,normalDay
2022-06-23,3500.0,-1471.0,0.0,100,378.06,393.0,0,0.0,0.0,,0.0,1,2.32,2.09,SPY220701C00387500,387.5,normalDay
2022-06-24,3500.0,-688.0,0.0,100,390.08,393.0,0,0.0,0.0,,0.0,1,2.32,6.28,SPY220701C00387500,387.5,normalDay
2022-06-27,3500.0,-753.0,0.0,100,388.59,393.0,0,0.0,0.0,,0.0,1,2.32,5.44,SPY220701C00387500,387.5,normalDay
2022-06-28,3500.0,-1161.0,0.0,100,380.65,393.0,0,0.0,0.0,,0.0,1,2.32,1.58,SPY220701C00387500,387.5,normalDay
2022-06-29,3500.0,-1153.0,0.0,100,380.34,393.0,0,0.0,0.0,,0.0,1,2.32,1.19,SPY220701C00387500,387.5,normalDay
2022-06-30,3500.0,-1355.0,0.0,100,377.25,393.0,0,0.0,0.0,,0.0,1,2.32,0.12,SPY220701C00387500,387.5,normalDay
2022-07-01,3732.0,-1176.0,232.0,100,381.24,393.0,0,0.0,0.0,,0.0,1,2.32,0.0,SPY220701C00387500,387.5,expirationDay
2022-07-05,3732.0,-1109.0,0.0,100,381.96,393.0,0,0.0,0.0,,0.0,1,8.83,8.88,SPY220715C00378000,378.0,normalDay
2022-07-06,3732.0,-1066.0,0.0,100,383.25,393.0,0,0.0,0.0,,0.0,1,8.83,9.74,SPY220715C00378000,378.0,normalDay
2022-07-07,3732.0,-815.0,0.0,100,388.99,393.0,0,0.0,0.0,,0.0,1,8.83,12.97,SPY220715C00378000,378.0,normalDay
2022-07-08,3732.0,-805.0,0.0,100,388.67,393.0,0,0.0,0.0,,0.0,1,8.83,12.55,SPY220715C00378000,378.0,normalDay
2022-07-11,3732.0,-870.0,0.0,100,384.23,393.0,0,0.0,0.0,,0.0,1,8.83,8.76,SPY220715C00378000,378.0,normalDay
2022-07-12,3732.0,-923.0,0.0,100,380.83,393.0,0,0.0,0.0,,0.0,1,8.83,5.89,SPY220715C00378000,378.0,normalDay
2022-07-13,3732.0,-910.0,0.0,100,378.83,393.0,0,0.0,0.0,,0.0,1,8.83,3.76,SPY220715C00378000,378.0,normalDay
2022-07-14,3732.0,-856.0,0.0,100,377.91,393.0,0,0.0,0.0,,0.0,1,8.83,2.3,SPY220715C00378000,378.0,normalDay
2022-07-15,3115.0,-856.0,-617.0,0,385.13,0.0,0,0.0,0.0,,0.0,1,8.83,0.0,SPY220715C00378000,378.0,expirationDay
2022-07-18,3115.0,-5.0,0.0,0,381.95,0.0,1,4.01,4.06,SPY220729P00375000,375.0,0,0.0,0.0,,0.0,normalDay
2022-07-19,3115.0,227.0,0.0,0,392.27,0.0,1,4.01,1.74,SPY220729P00375000,375.0,0,0.0,0.0,,0.0,normalDay
2022-07-20,3115.0,302.0,0.0,0,394.77,0.0,1,4.01,0.99,SPY220729P00375000,375.0,0,0.0,0.0,,0.0,normalDay
2022-07-21,3115.0,349.0,0.0,0,398.79,0.0,1,4.01,0.52,SPY220729P00375000,375.0,0,0.0,0.0,,0.0,normalDay
2022-07-22,3115.0,357.0,0.0,0,395.09,0.0,1,4.01,0.44,SPY220729P00375000,375.0,0,0.0,0.0,,0.0,normalDay
2022-07-25,3115.0,382.0,0.0,0,395.57,0.0,1,4.01,0.19,SPY220729P00375000,375.0,0,0.0,0.0,,0.0,normalDay
2022-07-26,3115.0,363.0,0.0,0,390.89,0.0,1,4.01,0.38,SPY220729P00375000,375.0,0,0.0,0.0,,0.0,normalDay
2022-07-27,3115.0,394.0,0.0,0,401.04,0.0,1,4.01,0.07,SPY220729P00375000,375.0,0,0.0,0.0,,0.0,normalDay
2022-07-28,3115.0,399.0,0.0,0,406.07,0.0,1,4.01,0.02,SPY220729P00375000,375.0,0,0.0,0.0,,0.0,normalDay
2022-07-29,3516.0,0.0,401.0,0,411.99,0.0,1,4.01,0.0,SPY220729P00375000,375.0,0,0.0,0.0,,0.0,expirationDay
2022-08-01,3516.0,-3.0,0.0,0,410.77,0.0,1,0.43,0.46,SPY220812P00381000,381.0,0,0.0,0.0,,0.0,normalDay
2022-08-02,3516.0,-14.0,0.0,0,408.06,0.0,1,0.43,0.57,SPY220812P00381000,381.0,0,0.0,0.0,,0.0,normalDay
2022-08-03,3516.0,26.0,0.0,0,414.45,0.0,1,0.43,0.17,SPY220812P00381000,381.0,0,0.0,0.0,,0.0,normalDay
2022-08-04,3516.0,33.0,0.0,0,414.17,0.0,1,0.43,0.1,SPY220812P00381000,381.0,0,0.0,0.0,,0.0,normalDay
2022-08-05,3516.0,35.0,0.0,0,413.47,0.0,1,0.43,0.08,SPY220812P00381000,381.0,0,0.0,0.0,,0.0,normalDay
2022-08-08,3516.0,40.0,0.0,0,412.99,0.0,1,0.43,0.03,SPY220812P00381000,381.0,0,0.0,0.0,,0.0,normalDay
2022-08-09,3516.0,39.0,0.0,0,411.35,0.0,1,0.43,0.04,SPY220812P00381000,381.0,0,0.0,0.0,,0.0,normalDay
2022-08-10,3516.0,41.0,0.0,0,419.99,0.0,1,0.43,0.02,SPY220812P00381000,381.0,0,0.0,0.0,,0.0,normalDay
2022-08-11,3516.0,42.0,0.0,0,419.99,0.0,1,0.43,0.01,SPY220812P00381000,381.0,0,0.0,0.0,,0.0,normalDay
2022-08-12,3559.0,0.0,43.0,0,427.1,0.0,1,0.43,0.0,SPY220812P00381000,381.0,0,0.0,0.0,,0.0,expirationDay
2022-08-15,3559.0,-3.0,0.0,0,428.86,0.0,1,0.22,0.25,SPY220826P00397000,397.0,0,0.0,0.0,,0.0,normalDay
2022-08-16,3559.0,0.0,0.0,0,429.7,0.0,1,0.22,0.22,SPY220826P00397000,397.0,0,0.0,0.0,,0.0,normalDay
2022-08-17,3559.0,5.0,0.0,0,426.65,0.0,1,0.22,0.17,SPY220826P00397000,397.0,0,0.0,0.0,,0.0,normalDay
2022-08-18,3559.0,11.0,0.0,0,427.89,0.0,1,0.22,0.11,SPY220826P00397000,397.0,0,0.0,0.0,,0.0,normalDay
2022-08-19,3559.0,11.0,0.0,0,422.14,0.0,1,0.22,0.11,SPY220826P00397000,397.0,0,0.0,0.0,,0.0,normalDay
2022-08-22,3559.0,-12.0,0.0,0,413.35,0.0,1,0.22,0.34,SPY220826P00397000,397.0,0,0.0,0.0,,0.0,normalDay
2022-08-23,3559.0,-8.0,0.0,0,412.35,0.0,1,0.22,0.3,SPY220826P00397000,397.0,0,0.0,0.0,,0.0,normalDay
2022-08-24,3559.0,14.0,0.0,0,413.67,0.0,1,0.22,0.08,SPY220826P00397000,397.0,0,0.0,0.0,,0.0,normalDay
2022-08-25,3559.0,18.0,0.0,0,419.51,0.0,1,0.22,0.04,SPY220826P00397000,397.0,0,0.0,0.0,,0.0,normalDay
2022-08-26,3581.0,0.0,22.0,0,405.31,0.0,1,0.22,0.0,SPY220826P00397000,397.0,0,0.0,0.0,,0.0,expirationDay
2022-08-29,3581.0,-5.0,0.0,0,402.63,0.0,1,9.6,9.65,SPY220909P00409000,409.0,0,0.0,0.0,,0.0,normalDay
2022-08-30,3581.0,-282.0,0.0,0,398.21,0.0,1,9.6,12.42,SPY220909P00409000,409.0,0,0.0,0.0,,0.0,normalDay
2022-08-31,3581.0,-489.0,0.0,0,395.18,0.0,1,9.6,14.49,SPY220909P00409000,409.0,0,0.0,0.0,,0.0,normalDay
2022-09-01,3581.0,-382.0,0.0,0,396.42,0.0,1,9.6,13.42,SPY220909P00409000,409.0,0,0.0,0.0,,0.0,normalDay
2022-09-02,3581.0,-702.0,0.0,0,392.24,0.0,1,9.6,16.62,SPY220909P00409000,409.0,0,0.0,0.0,,0.0,normalDay
2022-09-06,3581.0,-925.0,0.0,0,390.76,0.0,1,9.6,18.85,SPY220909P00409000,409.0,0,0.0,0.0,,0.0,normalDay
2022-09-07,3581.0,-214.0,0.0,0,397.78,0.0,1,9.6,11.74,SPY220909P00409000,409.0,0,0.0,0.0,,0.0,normalDay
2022-09-08,3581.0,121.0,0.0,0,400.38,0.0,1,9.6,8.39,SPY220909P00409000,409.0,0,0.0,0.0,,0.0,normalDay
2022-09-09,4541.0,-240.0,960.0,100,406.6,409.0,1,9.6,0.0,SPY220909P00409000,409.0,0,0.0,0.0,,0.0,expirationDay
2022-09-12,4541.0,180.0,0.0,100,410.97,409.0,0,0.0,0.0,,0.0,1,10.95,11.12,SPY220923C00403000,403.0,normalDay
2022-09-13,4541.0,-752.0,0.0,100,393.1,409.0,0,0.0,0.0,,0.0,1,10.95,2.57,SPY220923C00403000,403.0,normalDay
2022-09-14,4541.0,-582.0,0.0,100,394.6,409.0,0,0.0,0.0,,0.0,1,10.95,2.37,SPY220923C00403000,403.0,normalDay
2022-09-15,4541.0,-923.0,0.0,100,390.12,409.0,0,0.0,0.0,,0.0,1,10.95,1.3,SPY220923C00403000,403.0,normalDay
2022-09-16,4541.0,-1312.0,0.0,100,385.56,409.0,0,0.0,0.0,,0.0,1,10.95,0.63,SPY220923C00403000,403.0,normalDay
2022-09-19,4541.0,-1019.0,0.0,100,388.55,409.0,0,0.0,0.0,,0.0,1,10.95,0.69,SPY220923C00403000,403.0,normalDay
2022-09-20,4541.0,-1429.0,0.0,100,384.09,409.0,0,0.0,0.0,,0.0,1,10.95,0.33,SPY220923C00403000,403.0,normalDay
2022-09-21,4541.0,-2070.0,0.0,100,377.39,409.0,0,0.0,0.0,,0.0,1,10.95,0.04,SPY220923C00403000,403.0,normalDay
2022-09-22,4541.0,-2384.0,0.0,100,374.22,409.0,0,0.0,0.0,,0.0,1,10.95,0.01,SPY220923C00403000,403.0,normalDay
2022-09-23,5636.0,-4105.0,1095.0,100,367.95,409.0,0,0.0,0.0,,0.0,1,10.95,0.0,SPY220923C00403000,403.0,expirationDay
2022-09-26,5636.0,-4473.0,0.0,100,364.31,409.0,0,0.0,0.0,,0.0,1,1.35,1.39,SPY221007C00384000,384.0,normalDay
2022-09-27,5636.0,-4531.0,0.0,100,363.38,409.0,0,0.0,0.0,,0.0,1,1.35,1.04,SPY221007C00384000,384.0,normalDay
2022-09-28,5636.0,-3896.0,0.0,100,370.53,409.0,0,0.0,0.0,,0.0,1,1.35,1.84,SPY221007C00384000,384.0,normalDay
2022-09-29,5636.0,-4542.0,0.0,100,362.79,409.0,0,0.0,0.0,,0.0,1,1.35,0.56,SPY221007C00384000,384.0,normalDay
2022-09-30,5636.0,-5064.0,0.0,100,357.18,409.0,0,0.0,0.0,,0.0,1,1.35,0.17,SPY221007C00384000,384.0,normalDay
2022-10-03,5636.0,-4129.0,0.0,100,366.61,409.0,0,0.0,0.0,,0.0,1,1.35,0.25,SPY221007C00384000,384.0,normalDay
2022-10-04,5636.0,-3135.0,0.0,100,377.97,409.0,0,0.0,0.0,,0.0,1,1.35,1.67,SPY221007C00384000,384.0,normalDay
2022-10-05,5636.0,-3156.0,0.0,100,377.09,409.0,0,0.0,0.0,,0.0,1,1.35,1.0,SPY221007C00384000,384.0,normalDay
2022-10-06,5636.0,-3466.0,0.0,100,373.2,409.0,0,0.0,0.0,,0.0,1,1.35,0.21,SPY221007C00384000,384.0,normalDay
2022-10-07,5771.0,-4621.0,135.0,100,362.79,409.0,0,0.0,0.0,,0.0,1,1.35,0.0,SPY221007C00384000,384.0,expirationDay
2022-10-10,5771.0,-4902.0,0.0,100,360.02,409.0,0,0.0,0.0,,0.0,1,4.0,4.04,SPY221021C00369000,369.0,normalDay
2022-10-11,5771.0,-5059.0,0.0,100,357.74,409.0,0,0.0,0.0,,0.0,1,4.0,3.33,SPY221021C00369000,369.0,normalDay
2022-10-12,5771.0,-5132.0,0.0,100,356.56,409.0,0,0.0,0.0,,0.0,1,4.0,2.88,SPY221021C00369000,369.0,normalDay
2022-10-13,5771.0,-4444.0,0.0,100,365.97,409.0,0,0.0,0.0,,0.0,1,4.0,5.41,SPY221021C00369000,369.0,normalDay
2022-10-14,5771.0,-4894.0,0.0,100,357.63,409.0,0,0.0,0.0,,0.0,1,4.0,1.57,SPY221021C00369000,369.0,normalDay
2022-10-17,5771.0,-4236.0,0.0,100,366.82,409.0,0,0.0,0.0,,0.0,1,4.0,4.18,SPY221021C00369000,369.0,normalDay
2022-10-18,5771.0,-4008.0,0.0,100,371.13,409.0,0,0.0,0.0,,0.0,1,4.0,6.21,SPY221021C00369000,369.0,normalDay
2022-10-19,5771.0,-3963.0,0.0,100,368.5,409.0,0,0.0,0.0,,0.0,1,4.0,3.13,SPY221021C00369000,369.0,normalDay
2022-10-20,5771.0,-4066.0,0.0,100,365.41,409.0,0,0.0,0.0,,0.0,1,4.0,1.07,SPY221021C00369000,369.0,normalDay
2022-10-21,2171.0,-4066.0,-3600.0,0,374.29,0.0,0,0.0,0.0,,0.0,1,4.0,0.0,SPY221021C00369000,369.0,expirationDay
2022-10-24,2171.0,-4.0,0.0,0,378.87,0.0,1,2.04,2.08,SPY221104P00360000,360.0,0,0.0,0.0,,0.0,normalDay
2022-10-25,2171.0,89.0,0.0,0,384.92,0.0,1,2.04,1.15,SPY221104P00360000,360.0,0,0.0,0.0,,0.0,normalDay
2022-10-26,2171.0,114.0,0.0,0,382.02,0.0,1,2.04,0.9,SPY221104P00360000,360.0,0,0.0,0.0,,0.0,normalDay
2022-10-27,2171.0,65.0,0.0,0,379.98,0.0,1,2.04,1.39,SPY221104P00360000,360.0,0,0.0,0.0,,0.0,normalDay
2022-10-28,2171.0,181.0,0.0,0,389.02,0.0,1,2.04,0.23,SPY221104P00360000,360.0,0,0.0,0.0,,0.0,normalDay
2022-10-31,2171.0,192.0,0.0,0,386.21,0.0,1,2.04,0.12,SPY221104P00360000,360.0,0,0.0,0.0,,0.0,normalDay
2022-11-01,2171.0,191.0,0.0,0,384.52,0.0,1,2.04,0.13,SPY221104P00360000,360.0,0,0.0,0.0,,0.0,normalDay
2022-11-02,2171.0,187.0,0.0,0,374.87,0.0,1,2.04,0.17,SPY221104P00360000,360.0,0,0.0,0.0,,0.0,normalDay
2022-11-03,2171.0,193.0,0.0,0,371.01,0.0,1,2.04,0.11,SPY221104P00360000,360.0,0,0.0,0.0,,0.0,normalDay
2022-11-04,2375.0,0.0,204.0,0,376.35,0.0,1,2.04,0.0,SPY221104P00360000,360.0,0,0.0,0.0,,0.0,expirationDay
2022-11-07,2375.0,-3.0,0.0,0,379.95,0.0,1,1.7,1.73,SPY221118P00364000,364.0,0,0.0,0.0,,0.0,normalDay
2022-11-08,2375.0,7.0,0.0,0,382.0,0.0,1,1.7,1.63,SPY221118P00364000,364.0,0,0.0,0.0,,0.0,normalDay
2022-11-09,2375.0,-106.0,0.0,0,374.13,0.0,1,1.7,2.76,SPY221118P00364000,364.0,0,0.0,0.0,,0.0,normalDay
2022-11-10,2375.0,145.0,0.0,0,394.69,0.0,1,1.7,0.25,SPY221118P00364000,364.0,0,0.0,0.0,,0.0,normalDay
2022-11-11,2375.0,156.0,0.0,0,398.51,0.0,1,1.7,0.14,SPY221118P00364000,364.0,0,0.0,0.0,,0.0,normalDay
2022-11-14,2375.0,162.0,0.0,0,395.12,0.0,1,1.7,0.08,SPY221118P00364000,364.0,0,0.0,0.0,,0.0,normalDay
2022-11-15,2375.0,164.0,0.0,0,398.49,0.0,1,1.7,0.06,SPY221118P00364000,364.0,0,0.0,0.0,,0.0,normalDay
2022-11-16,2375.0,166.0,0.0,0,395.45,0.0,1,1.7,0.04,SPY221118P00364000,364.0,0,0.0,0.0,,0.0,normalDay
2022-11-17,2375.0,167.0,0.0,0,394.24,0.0,1,1.7,0.03,SPY221118P00364000,364.0,0,0.0,0.0,,0.0,normalDay
2022-11-18,2545.0,0.0,170.0,0,396.03,0.0,1,1.7,0.0,SPY221118P00364000,364.0,0,0.0,0.0,,0.0,expirationDay
2022-11-21,2545.0,-3.0,0.0,0,394.59,0.0,1,0.78,0.81,SPY221202P00378000,378.0,0,0.0,0.0,,0.0,normalDay
2022-11-22,2545.0,37.0,0.0,0,399.9,0.0,1,0.78,0.41,SPY221202P00378000,378.0,0,0.0,0.0,,0.0,normalDay
2022-11-23,2545.0,57.0,0.0,0,402.42,0.0,1,0.78,0.21,SPY221202P00378000,378.0,0,0.0,0.0,,0.0,normalDay
2022-11-25,2545.0,63.0,0.0,0,402.33,0.0,1,0.78,0.15,SPY221202P00378000,378.0,0,0.0,0.0,,0.0,normalDay
2022-11-28,2545.0,62.0,0.0,0,395.91,0.0,1,0.78,0.16,SPY221202P00378000,378.0,0,0.0,0.0,,0.0,normalDay
2022-11-29,2545.0,65.0,0.0,0,395.23,0.0,1,0.78,0.13,SPY221202P00378000,378.0,0,0.0,0.0,,0.0,normalDay
2022-11-30,2545.0,74.0,0.0,0,407.68,0.0,1,0.78,0.04,SPY221202P00378000,378.0,0,0.0,0.0,,0.0,normalDay
2022-12-01,2545.0,76.0,0.0,0,407.38,0.0,1,0.78,0.02,SPY221202P00378000,378.0,0,0.0,0.0,,0.0,normalDay
2022-12-02,2623.0,0.0,78.0,0,406.91,0.0,1,0.78,0.0,SPY221202P00378000,378.0,0,0.0,0.0,,0.0,expirationDay
2022-12-05,2623.0,-3.0,0.0,0,399.59,0.0,1,2.63,2.66,SPY221216P00387000,387.0,0,0.0,0.0,,0.0,normalDay
2022-12-06,2623.0,-204.0,0.0,0,393.83,0.0,1,2.63,4.67,SPY221216P00387000,387.0,0,0.0,0.0,,0.0,normalDay
2022-12-07,2623.0,-219.0,0.0,0,393.16,0.0,1,2.63,4.82,SPY221216P00387000,387.0,0,0.0,0.0,,0.0,normalDay
2022-12-08,2623.0,-87.0,0.0,0,396.24,0.0,1,2.63,3.5,SPY221216P00387000,387.0,0,0.0,0.0,,0.0,normalDay
2022-12-09,2623.0,-160.0,0.0,0,393.28,0.0,1,2.63,4.23,SPY221216P00387000,387.0,0,0.0,0.0,,0.0,normalDay
2022-12-12,2623.0,-26.0,0.0,0,398.95,0.0,1,2.63,2.89,SPY221216P00387000,387.0,0,0.0,0.0,,0.0,normalDay
2022-12-13,2623.0,184.0,0.0,0,401.97,0.0,1,2.63,0.79,SPY221216P00387000,387.0,0,0.0,0.0,,0.0,normalDay
2022-12-14,2623.0,224.0,0.0,0,399.4,0.0,1,2.63,0.39,SPY221216P00387000,387.0,0,0.0,0.0,,0.0,normalDay
2022-12-15,2623.0,84.0,0.0,0,389.63,0.0,1,2.63,1.79,SPY221216P00387000,387.0,0,0.0,0.0,,0.0,normalDay
2022-12-16,2886.0,-373.0,263.0,100,383.27,387.0,1,2.63,0.0,SPY221216P00387000,387.0,0,0.0,0.0,,0.0,expirationDay
2022-12-19,2886.0,-702.0,0.0,100,380.02,387.0,0,0.0,0.0,,0.0,1,0.89,0.93,SPY221230C00393000,393.0,normalDay
2022-12-20,2886.0,-640.0,0.0,100,380.54,387.0,0,0.0,0.0,,0.0,1,0.89,0.83,SPY221230C00393000,393.0,normalDay
2022-12-21,2886.0,-142.0,0.0,100,386.23,387.0,0,0.0,0.0,,0.0,1,0.89,1.54,SPY221230C00393000,393.0,normalDay
2022-12-22,2886.0,-592.0,0.0,100,380.72,387.0,0,0.0,0.0,,0.0,1,0.89,0.53,SPY221230C00393000,393.0,normalDay
2022-12-23,2886.0,-360.0,0.0,100,382.91,387.0,0,0.0,0.0,,0.0,1,0.89,0.4,SPY221230C00393000,393.0,normalDay
2022-12-27,2886.0,-486.0,0.0,100,381.4,387.0,0,0.0,0.0,,0.0,1,0.89,0.15,SPY221230C00393000,393.0,normalDay
2022-12-28,2886.0,-948.0,0.0,100,376.66,387.0,0,0.0,0.0,,0.0,1,0.89,0.03,SPY221230C00393000,393.0,normalDay
2022-12-29,2886.0,-270.0,0.0,100,383.44,387.0,0,0.0,0.0,,0.0,1,0.89,0.03,SPY221230C00393000,393.0,normalDay
2022-12-30,2975.0,-457.0,89.0,100,382.43,387.0,0,0.0,0.0,,0.0,1,0.89,0.0,SPY221230C00393000,393.0,expirationDay
2023-01-03,2975.0,-622.0,0.0,100,380.82,387.0,0,0.0,0.0,,0.0,1,4.72,4.76,SPY230113C00384000,384.0,normalDay
2023-01-04,2975.0,-448.0,0.0,100,383.76,387.0,0,0.0,0.0,,0.0,1,4.72,5.96,SPY230113C00384000,384.0,normalDay
2023-01-05,2975.0,-671.0,0.0,100,379.38,387.0,0,0.0,0.0,,0.0,1,4.72,3.81,SPY230113C00384000,384.0,normalDay
2023-01-06,2975.0,-164.0,0.0,100,388.08,387.0,0,0.0,0.0,,0.0,1,4.72,7.44,SPY230113C00384000,384.0,normalDay
2023-01-09,2975.0,-141.0,0.0,100,387.86,387.0,0,0.0,0.0,,0.0,1,4.72,6.99,SPY230113C00384000,384.0,normalDay
2023-01-10,2975.0,-34.0,0.0,100,390.58,387.0,0,0.0,0.0,,0.0,1,4.72,8.64,SPY230113C00384000,384.0,normalDay
2023-01-11,2975.0,70.0,0.0,100,395.52,387.0,0,0.0,0.0,,0.0,1,4.72,12.54,SPY230113C00384000,384.0,normalDay
2023-01-12,2975.0,145.0,0.0,100,396.96,387.0,0,0.0,0.0,,0.0,1,4.72,13.23,SPY230113C00384000,384.0,normalDay
2023-01-13,3147.0,145.0,172.0,0,398.5,0.0,0,0.0,0.0,,0.0,1,4.72,0.0,SPY230113C00384000,384.0,expirationDay
2023-01-17,3147.0,-3.0,0.0,0,397.77,0.0,1,0.34,0.37,SPY230127P00379000,379.0,0,0.0,0.0,,0.0,normalDay
2023-01-18,3147.0,-40.0,0.0,0,391.49,0.0,1,0.34,0.74,SPY230127P00379000,379.0,0,0.0,0.0,,0.0,normalDay
2023-01-19,3147.0,-59.0,0.0,0,388.64,0.0,1,0.34,0.93,SPY230127P00379000,379.0,0,0.0,0.0,,0.0,normalDay
2023-01-20,3147.0,11.0,0.0,0,395.88,0.0,1,0.34,0.23,SPY230127P00379000,379.0,0,0.0,0.0,,0.0,normalDay
2023-01-23,3147.0,25.0,0.0,0,400.63,0.0,1,0.34,0.09,SPY230127P00379000,379.0,0,0.0,0.0,,0.0,normalDay
2023-01-24,3147.0,28.0,0.0,0,400.2,0.0,1,0.34,0.06,SPY230127P00379000,379.0,0,0.0,0.0,,0.0,normalDay
2023-01-25,3147.0,29.0,0.0,0,400.35,0.0,1,0.34,0.05,SPY230127P00379000,379.0,0,0.0,0.0,,0.0,normalDay
2023-01-26,3147.0,32.0,0.0,0,404.75,0.0,1,0.34,0.02,SPY230127P00379000,379.0,0,0.0,0.0,,0.0,normalDay
2023-01-27,3181.0,0.0,34.0,0,405.68,0.0,1,0.34,0.0,SPY230127P00379000,379.0,0,0.0,0.0,,0.0,expirationDay
2023-01-30,3181.0,-3.0,0.0,0,400.59,0.0,1,1.25,1.28,SPY230210P00386000,386.0,0,0.0,0.0,,0.0,normalDay
2023-01-31,3181.0,57.0,0.0,0,406.48,0.0,1,1.25,0.68,SPY230210P00386000,386.0,0,0.0,0.0,,0.0,normalDay
2023-02-01,3181.0,101.0,0.0,0,410.8,0.0,1,1.25,0.24,SPY230210P00386000,386.0,0,0.0,0.0,,0.0,normalDay
2023-02-02,3181.0,108.0,0.0,0,416.78,0.0,1,1.25,0.17,SPY230210P00386000,386.0,0,0.0,0.0,,0.0,normalDay
2023-02-03,3181.0,118.0,0.0,0,412.35,0.0,1,1.25,0.07,SPY230210P00386000,386.0,0,0.0,0.0,,0.0,normalDay
2023-02-06,3181.0,121.0,0.0,0,409.83,0.0,1,1.25,0.04,SPY230210P00386000,386.0,0,0.0,0.0,,0.0,normalDay
2023-02-07,3181.0,122.0,0.0,0,415.19,0.0,1,1.25,0.03,SPY230210P00386000,386.0,0,0.0,0.0,,0.0,normalDay
2023-02-08,3181.0,122.0,0.0,0,410.65,0.0,1,1.25,0.03,SPY230210P00386000,386.0,0,0.0,0.0,,0.0,normalDay
2023-02-09,3181.0,122.0,0.0,0,407.09,0.0,1,1.25,0.03,SPY230210P00386000,386.0,0,0.0,0.0,,0.0,normalDay
2023-02-10,3306.0,0.0,125.0,0,408.04,0.0,1,1.25,0.0,SPY230210P00386000,386.0,0,0.0,0.0,,0.0,expirationDay
2023-02-13,3306.0,-3.0,0.0,0,412.83,0.0,1,1.24,1.27,SPY230224P00397000,397.0,0,0.0,0.0,,0.0,normalDay
2023-02-14,3306.0,42.0,0.0,0,412.64,0.0,1,1.24,0.82,SPY230224P00397000,397.0,0,0.0,0.0,,0.0,normalDay
2023-02-15,3306.0,82.0,0.0,0,413.98,0.0,1,1.24,0.42,SPY230224P00397000,397.0,0,0.0,0.0,,0.0,normalDay
2023-02-16,3306.0,5.0,0.0,0,408.28,0.0,1,1.24,1.19,SPY230224P00397000,397.0,0,0.0,0.0,,0.0,normalDay
2023-02-17,3306.0,52.0,0.0,0,407.26,0.0,1,1.24,0.72,SPY230224P00397000,397.0,0,0.0,0.0,,0.0,normalDay
2023-02-21,3306.0,-98.0,0.0,0,399.09,0.0,1,1.24,2.22,SPY230224P00397000,397.0,0,0.0,0.0,,0.0,normalDay
2023-02-22,3306.0,-52.0,0.0,0,398.54,0.0,1,1.24,1.76,SPY230224P00397000,397.0,0,0.0,0.0,,0.0,normalDay
2023-02-23,3306.0,60.0,0.0,0,400.66,0.0,1,1.24,0.64,SPY230224P00397000,397.0,0,0.0,0.0,,0.0,normalDay
2023-02-24,3430.0,-62.0,124.0,100,396.38,397.0,1,1.24,0.0,SPY230224P00397000,397.0,0,0.0,0.0,,0.0,expirationDay
2023-02-27,3430.0,69.0,0.0,100,397.73,397.0,0,0.0,0.0,,0.0,1,2.63,2.67,SPY230310C00404000,404.0,normalDay
2023-02-28,3430.0,5.0,0.0,100,396.26,397.0,0,0.0,0.0,,0.0,1,2.63,1.84,SPY230310C00404000,404.0,normalDay
2023-03-01,3430.0,-105.0,0.0,100,394.74,397.0,0,0.0,0.0,,0.0,1,2.63,1.42,SPY230310C00404000,404.0,normalDay
2023-03-02,3430.0,159.0,0.0,100,397.81,397.0,0,0.0,0.0,,0.0,1,2.63,1.85,SPY230310C00404000,404.0,normalDay
2023-03-03,3430.0,568.0,0.0,100,404.19,397.0,0,0.0,0.0,,0.0,1,2.63,4.14,SPY230310C00404000,404.0,normalDay
2023-03-06,3430.0,620.0,0.0,100,404.47,397.0,0,0.0,0.0,,0.0,1,2.63,3.9,SPY230310C00404000,404.0,normalDay
2023-03-07,3430.0,282.0,0.0,100,398.27,397.0,0,0.0,0.0,,0.0,1,2.63,1.08,SPY230310C00404000,404.0,normalDay
2023-03-08,3430.0,363.0,0.0,100,398.92,397.0,0,0.0,0.0,,0.0,1,2.63,0.92,SPY230310C00404000,404.0,normalDay
2023-03-09,3430.0,-290.0,0.0,100,391.56,397.0,0,0.0,0.0,,0.0,1,2.63,0.09,SPY230310C00404000,404.0,normalDay
2023-03-10,3693.0,-1109.0,263.0,100,385.91,397.0,0,0.0,0.0,,0.0,1,2.63,0.0,SPY230310C00404000,404.0,expirationDay
2023-03-13,3693.0,-1169.0,0.0,100,385.36,397.0,0,0.0,0.0,,0.0,1,2.92,2.97,SPY230324C00396000,396.0,normalDay
2023-03-14,3693.0,-602.0,0.0,100,391.73,397.0,0,0.0,0.0,,0.0,1,2.92,3.67,SPY230324C00396000,396.0,normalDay
2023-03-15,3693.0,-771.0,0.0,100,389.28,397.0,0,0.0,0.0,,0.0,1,2.92,2.91,SPY230324C00396000,396.0,normalDay
2023-03-16,3693.0,-281.0,0.0,100,396.11,397.0,0,0.0,0.0,,0.0,1,2.92,4.84,SPY230324C00396000,396.0,normalDay
2023-03-17,3693.0,-743.0,0.0,100,389.99,397.0,0,0.0,0.0,,0.0,1,2.92,3.34,SPY230324C00396000,396.0,normalDay
2023-03-20,3693.0,-415.0,0.0,100,393.74,397.0,0,0.0,0.0,,0.0,1,2.92,3.81,SPY230324C00396000,396.0,normalDay
2023-03-21,3693.0,-108.0,0.0,100,398.91,397.0,0,0.0,0.0,,0.0,1,2.92,5.91,SPY230324C00396000,396.0,normalDay
2023-03-22,3693.0,-345.0,0.0,100,392.11,397.0,0,0.0,0.0,,0.0,1,2.92,1.48,SPY230324C00396000,396.0,normalDay
2023-03-23,3693.0,-189.0,0.0,100,393.17,397.0,0,0.0,0.0,,0.0,1,2.92,0.98,SPY230324C00396000,396.0,normalDay
2023-03-24,3985.0,-125.0,292.0,100,395.75,397.0,0,0.0,0.0,,0.0,1,2.92,0.0,SPY230324C00396000,396.0,expirationDay
2023-03-27,3985.0,-62.0,0.0,100,396.49,397.0,0,0.0,0.0,,0.0,1,8.14,8.25,SPY230406C00392000,392.0,normalDay
2023-03-28,3985.0,-58.0,0.0,100,395.6,397.0,0,0.0,0.0,,0.0,1,8.14,7.32,SPY230406C00392000,392.0,normalDay
2023-03-29,3985.0,146.0,0.0,100,401.35,397.0,0,0.0,0.0,,0.0,1,8.14,11.03,SPY230406C00392000,392.0,normalDay
2023-03-30,3985.0,197.0,0.0,100,403.7,397.0,0,0.0,0.0,,0.0,1,8.14,12.87,SPY230406C00392000,392.0,normalDay
2023-03-31,3985.0,248.0,0.0,100,409.39,397.0,0,0.0,0.0,,0.0,1,8.14,18.05,SPY230406C00392000,392.0,normalDay
2023-04-03,3985.0,271.0,0.0,100,410.95,397.0,0,0.0,0.0,,0.0,1,8.14,19.38,SPY230406C00392000,392.0,normalDay
2023-04-04,3985.0,264.0,0.0,100,408.67,397.0,0,0.0,0.0,,0.0,1,8.14,17.17,SPY230406C00392000,392.0,normalDay
2023-04-05,3985.0,281.0,0.0,100,407.6,397.0,0,0.0,0.0,,0.0,1,8.14,15.93,SPY230406C00392000,392.0,normalDay
2023-04-06,4299.0,281.0,314.0,0,409.19,0.0,0,0.0,0.0,,0.0,1,8.14,0.0,SPY230406C00392000,392.0,expirationDay
2023-04-10,4299.0,-3.0,0.0,0,409.61,0.0,1,0.51,0.54,SPY230421P00391000,391.0,0,0.0,0.0,,0.0,normalDay
2023-04-11,4299.0,4.0,0.0,0,409.72,0.0,1,0.51,0.47,SPY230421P00391000,391.0,0,0.0,0.0,,0.0,normalDay
2023-04-12,4299.0,4.0,0.0,0,408.05,0.0,1,0.51,0.47,SPY230421P00391000,391.0,0,0.0,0.0,,0.0,normalDay
2023-04-13,4299.0,34.0,0.0,0,413.47,0.0,1,0.51,0.17,SPY230421P00391000,391.0,0,0.0,0.0,,0.0,normalDay
2023-04-14,4299.0,41.0,0.0,0,412.46,0.0,1,0.51,0.1,SPY230421P00391000,391.0,0,0.0,0.0,,0.0,normalDay
2023-04-17,4299.0,45.0,0.0,0,413.94,0.0,1,0.51,0.06,SPY230421P00391000,391.0,0,0.0,0.0,,0.0,normalDay
2023-04-18,4299.0,45.0,0.0,0,414.21,0.0,1,0.51,0.06,SPY230421P00391000,391.0,0,0.0,0.0,,0.0,normalDay
2023-04-19,4299.0,47.0,0.0,0,414.14,0.0,1,0.51,0.04,SPY230421P00391000,391.0,0,0.0,0.0,,0.0,normalDay
2023-04-20,4299.0,49.0,0.0,0,411.88,0.0,1,0.51,0.02,SPY230421P00391000,391.0,0,0.0,0.0,,0.0,normalDay
2023-04-21,4350.0,0.0,51.0,0,412.2,0.0,1,0.51,0.0,SPY230421P00391000,391.0,0,0.0,0.0,,0.0,expirationDay
2023-04-24,4350.0,-3.0,0.0,0,412.63,0.0,1,1.59,1.62,SPY230505P00403000,403.0,0,0.0,0.0,,0.0,normalDay
2023-04-25,4350.0,-162.0,0.0,0,406.08,0.0,1,1.59,3.21,SPY230505P00403000,403.0,0,0.0,0.0,,0.0,normalDay
2023-04-26,4350.0,-235.0,0.0,0,404.36,0.0,1,1.59,3.94,SPY230505P00403000,403.0,0,0.0,0.0,,0.0,normalDay
2023-04-27,4350.0,53.0,0.0,0,412.41,0.0,1,1.59,1.06,SPY230505P00403000,403.0,0,0.0,0.0,,0.0,normalDay
2023-04-28,4350.0,114.0,0.0,0,415.93,0.0,1,1.59,0.45,SPY230505P00403000,403.0,0,0.0,0.0,,0.0,normalDay
2023-05-01,4350.0,132.0,0.0,0,415.51,0.0,1,1.59,0.27,SPY230505P00403000,403.0,0,0.0,0.0,,0.0,normalDay
2023-05-02,4350.0,79.0,0.0,0,410.84,0.0,1,1.59,0.8,SPY230505P00403000,403.0,0,0.0,0.0,,0.0,normalDay
2023-05-03,4350.0,76.0,0.0,0,408.02,0.0,1,1.59,0.83,SPY230505P00403000,403.0,0,0.0,0.0,,0.0,normalDay
2023-05-04,4350.0,26.0,0.0,0,405.13,0.0,1,1.59,1.33,SPY230505P00403000,403.0,0,0.0,0.0,,0.0,normalDay
2023-05-05,4509.0,0.0,159.0,0,412.63,0.0,1,1.59,0.0,SPY230505P00403000,403.0,0,0.0,0.0,,0.0,expirationDay
2023-05-08,4509.0,-3.0,0.0,0,412.74,0.0,1,2.2,2.23,SPY230519P00408000,408.0,0,0.0,0.0,,0.0,normalDay
2023-05-09,4509.0,-54.0,0.0,0,410.93,0.0,1,2.2,2.74,SPY230519P00408000,408.0,0,0.0,0.0,,0.0,normalDay
2023-05-10,4509.0,55.0,0.0,0,412.85,0.0,1,2.2,1.65,SPY230519P00408000,408.0,0,0.0,0.0,,0.0,normalDay
2023-05-11,4509.0,56.0,0.0,0,412.13,0.0,1,2.2,1.64,SPY230519P00408000,408.0,0,0.0,0.0,,0.0,normalDay
2023-05-12,4509.0,64.0,0.0,0,411.59,0.0,1,2.2,1.56,SPY230519P00408000,408.0,0,0.0,0.0,,0.0,normalDay
2023-05-15,4509.0,143.0,0.0,0,413.01,0.0,1,2.2,0.77,SPY230519P00408000,408.0,0,0.0,0.0,,0.0,normalDay
2023-05-16,4509.0,90.0,0.0,0,410.25,0.0,1,2.2,1.3,SPY230519P00408000,408.0,0,0.0,0.0,,0.0,normalDay
2023-05-17,4509.0,195.0,0.0,0,415.23,0.0,1,2.2,0.25,SPY230519P00408000,408.0,0,0.0,0.0,,0.0,normalDay
2023-05-18,4509.0,213.0,0.0,0,419.23,0.0,1,2.2,0.07,SPY230519P00408000,408.0,0,0.0,0.0,,0.0,normalDay
2023-05-19,4729.0,0.0,220.0,0,418.62,0.0,1,2.2,0.0,SPY230519P00408000,408.0,0,0.0,0.0,,0.0,expirationDay
2023-05-22,4729.0,-3.0,0.0,0,418.79,0.0,1,1.15,1.18,SPY230602P00408000,408.0,0,0.0,0.0,,0.0,normalDay
2023-05-23,4729.0,-98.0,0.0,0,414.09,0.0,1,1.15,2.13,SPY230602P00408000,408.0,0,0.0,0.0,,0.0,normalDay
2023-05-24,4729.0,-184.0,0.0,0,411.09,0.0,1,1.15,2.99,SPY230602P00408000,408.0,0,0.0,0.0,,0.0,normalDay
2023-05-25,4729.0,-58.0,0.0,0,414.65,0.0,1,1.15,1.73,SPY230602P00408000,408.0,0,0.0,0.0,,0.0,normalDay
2023-05-26,4729.0,43.0,0.0,0,420.02,0.0,1,1.15,0.72,SPY230602P00408000,408.0,0,0.0,0.0,,0.0,normalDay
2023-05-30,4729.0,96.0,0.0,0,420.18,0.0,1,1.15,0.19,SPY230602P00408000,408.0,0,0.0,0.0,,0.0,normalDay
2023-05-31,4729.0,98.0,0.0,0,417.85,0.0,1,1.15,0.17,SPY230602P00408000,408.0,0,0.0,0.0,,0.0,normalDay
2023-06-01,4729.0,110.0,0.0,0,421.82,0.0,1,1.15,0.05,SPY230602P00408000,408.0,0,0.0,0.0,,0.0,normalDay
2023-06-02,4844.0,0.0,115.0,0,427.92,0.0,1,1.15,0.0,SPY230602P00408000,408.0,0,0.0,0.0,,0.0,expirationDay
2023-06-05,4844.0,-3.0,0.0,0,427.1,0.0,1,0.56,0.59,SPY230616P00411000,411.0,0,0.0,0.0,,0.0,normalDay
2023-06-06,4844.0,11.0,0.0,0,428.03,0.0,1,0.56,0.45,SPY230616P00411000,411.0,0,0.0,0.0,,0.0,normalDay
2023-06-07,4844.0,12.0,0.0,0,426.55,0.0,1,0.56,0.44,SPY230616P00411000,411.0,0,0.0,0.0,,0.0,normalDay
2023-06-08,4844.0,27.0,0.0,0,429.13,0.0,1,0.56,0.29,SPY230616P00411000,411.0,0,0.0,0.0,,0.0,normalDay
2023-06-09,4844.0,34.0,0.0,0,429.9,0.0,1,0.56,0.22,SPY230616P00411000,411.0,0,0.0,0.0,,0.0,normalDay
2023-06-12,4844.0,40.0,0.0,0,433.8,0.0,1,0.56,0.16,SPY230616P00411000,411.0,0,0.0,0.0,,0.0,normalDay
2023-06-13,4844.0,45.0,0.0,0,436.66,0.0,1,0.56,0.11,SPY230616P00411000,411.0,0,0.0,0.0,,0.0,normalDay
2023-06-14,4844.0,50.0,0.0,0,437.18,0.0,1,0.56,0.06,SPY230616P00411000,411.0,0,0.0,0.0,,0.0,normalDay
2023-06-15,4844.0,51.0,0.0,0,442.6,0.0,1,0.56,0.05,SPY230616P00411000,411.0,0,0.0,0.0,,0.0,normalDay
2023-06-16,4900.0,0.0,56.0,0,439.46,0.0,1,0.56,0.0,SPY230616P00411000,411.0,0,0.0,0.0,,0.0,expirationDay
2023-06-20,4900.0,-3.0,0.0,0,437.18,0.0,1,0.18,0.21,SPY230630P00418000,418.0,0,0.0,0.0,,0.0,normalDay
2023-06-21,4900.0,-1.0,0.0,0,434.94,0.0,1,0.18,0.19,SPY230630P00418000,418.0,0,0.0,0.0,,0.0,normalDay
2023-06-22,4900.0,8.0,0.0,0,436.51,0.0,1,0.18,0.1,SPY230630P00418000,418.0,0,0.0,0.0,,0.0,normalDay
2023-06-23,4900.0,3.0,0.0,0,433.21,0.0,1,0.18,0.15,SPY230630P00418000,418.0,0,0.0,0.0,,0.0,normalDay
2023-06-26,4900.0,5.0,0.0,0,431.44,0.0,1,0.18,0.13,SPY230630P00418000,418.0,0,0.0,0.0,,0.0,normalDay
2023-06-27,4900.0,11.0,0.0,0,436.17,0.0,1,0.18,0.07,SPY230630P00418000,418.0,0,0.0,0.0,,0.0,normalDay
2023-06-28,4900.0,14.0,0.0,0,436.39,0.0,1,0.18,0.04,SPY230630P00418000,418.0,0,0.0,0.0,,0.0,normalDay
2023-06-29,4900.0,15.0,0.0,0,438.11,0.0,1,0.18,0.03,SPY230630P00418000,418.0,0,0.0,0.0,,0.0,normalDay
2023-06-30,4918.0,0.0,18.0,0,443.28,0.0,1,0.18,0.0,SPY230630P00418000,418.0,0,0.0,0.0,,0.0,expirationDay
2023-07-03,4918.0,-4.0,0.0,0,443.79,0.0,1,0.37,0.41,SPY230714P00430000,430.0,0,0.0,0.0,,0.0,normalDay
2023-07-05,4918.0,-1.0,0.0,0,443.13,0.0,1,0.37,0.38,SPY230714P00430000,430.0,0,0.0,0.0,,0.0,normalDay
2023-07-06,4918.0,-29.0,0.0,0,439.66,0.0,1,0.37,0.66,SPY230714P00430000,430.0,0,0.0,0.0,,0.0,normalDay
2023-07-07,4918.0,-6.0,0.0,0,438.55,0.0,1,0.37,0.43,SPY230714P00430000,430.0,0,0.0,0.0,,0.0,normalDay
2023-07-10,4918.0,12.0,0.0,0,439.66,0.0,1,0.37,0.25,SPY230714P00430000,430.0,0,0.0,0.0,,0.0,normalDay
2023-07-11,4918.0,21.0,0.0,0,442.46,0.0,1,0.37,0.16,SPY230714P00430000,430.0,0,0.0,0.0,,0.0,normalDay
2023-07-12,4918.0,32.0,0.0,0,446.02,0.0,1,0.37,0.05,SPY230714P00430000,430.0,0,0.0,0.0,,0.0,normalDay
2023-07-13,4918.0,33.0,0.0,0,449.56,0.0,1,0.37,0.04,SPY230714P00430000,430.0,0,0.0,0.0,,0.0,normalDay
2023-07-14,4955.0,0.0,37.0,0,449.28,0.0,1,0.37,0.0,SPY230714P00430000,430.0,0,0.0,0.0,,0.0,expirationDay
2023-07-17,4955.0,-3.0,0.0,0,450.84,0.0,1,0.38,0.41,SPY230728P00435000,435.0,0,0.0,0.0,,0.0,normalDay
2023-07-18,4955.0,12.0,0.0,0,454.19,0.0,1,0.38,0.26,SPY230728P00435000,435.0,0,0.0,0.0,,0.0,normalDay
2023-07-19,4955.0,16.0,0.0,0,455.2,0.0,1,0.38,0.22,SPY230728P00435000,435.0,0,0.0,0.0,,0.0,normalDay
2023-07-20,4955.0,12.0,0.0,0,452.18,0.0,1,0.38,0.26,SPY230728P00435000,435.0,0,0.0,0.0,,0.0,normalDay
2023-07-21,4955.0,26.0,0.0,0,452.18,0.0,1,0.38,0.12,SPY230728P00435000,435.0,0,0.0,0.0,,0.0,normalDay
2023-07-24,4955.0,31.0,0.0,0,454.2,0.0,1,0.38,0.07,SPY230728P00435000,435.0,0,0.0,0.0,,0.0,normalDay
2023-07-25,4955.0,32.0,0.0,0,455.44,0.0,1,0.38,0.06,SPY230728P00435000,435.0,0,0.0,0.0,,0.0,normalDay
2023-07-26,4955.0,35.0,0.0,0,455.51,0.0,1,0.38,0.03,SPY230728P00435000,435.0,0,0.0,0.0,,0.0,normalDay
2023-07-27,4955.0,33.0,0.0,0,452.49,0.0,1,0.38,0.05,SPY230728P00435000,435.0,0,0.0,0.0,,0.0,normalDay
2023-07-28,4993.0,0.0,38.0,0,456.92,0.0,1,0.38,0.0,SPY230728P00435000,435.0,0,0.0,0.0,,0.0,expirationDay
2023-07-31,4993.0,-3.0,0.0,0,457.79,0.0,1,0.41,0.44,SPY230811P00443000,443.0,0,0.0,0.0,,0.0,normalDay
2023-08-01,4993.0,-7.0,0.0,0,456.48,0.0,1,0.41,0.48,SPY230811P00443000,443.0,0,0.0,0.0,,0.0,normalDay
2023-08-02,4993.0,-102.0,0.0,0,450.13,0.0,1,0.41,1.43,SPY230811P00443000,443.0,0,0.0,0.0,,0.0,normalDay
2023-08-03,4993.0,-86.0,0.0,0,448.84,0.0,1,0.41,1.27,SPY230811P00443000,443.0,0,0.0,0.0,,0.0,normalDay
2023-08-04,4993.0,-150.0,0.0,0,446.81,0.0,1,0.41,1.91,SPY230811P00443000,443.0,0,0.0,0.0,,0.0,normalDay
2023-08-07,4993.0,-14.0,0.0,0,450.71,0.0,1,0.41,0.55,SPY230811P00443000,443.0,0,0.0,0.0,,0.0,normalDay
2023-08-08,4993.0,-26.0,0.0,0,448.75,0.0,1,0.41,0.67,SPY230811P00443000,443.0,0,0.0,0.0,,0.0,normalDay
2023-08-09,4993.0,-74.0,0.0,0,445.75,0.0,1,0.41,1.15,SPY230811P00443000,443.0,0,0.0,0.0,,0.0,normalDay
2023-08-10,4993.0,-21.0,0.0,0,445.91,0.0,1,0.41,0.62,SPY230811P00443000,443.0,0,0.0,0.0,,0.0,normalDay
2023-08-11,5034.0,0.0,41.0,0,445.65,0.0,1,0.41,0.0,SPY230811P00443000,443.0,0,0.0,0.0,,0.0,expirationDay
2023-08-14,5034.0,-3.0,0.0,0,448.11,0.0,1,3.65,3.68,SPY230825P00448000,448.0,0,0.0,0.0,,0.0,normalDay
2023-08-15,5034.0,-314.0,0.0,0,442.89,0.0,1,3.65,6.79,SPY230825P00448000,448.0,0,0.0,0.0,,0.0,normalDay
2023-08-16,5034.0,-519.0,0.0,0,439.64,0.0,1,3.65,8.84,SPY230825P00448000,448.0,0,0.0,0.0,,0.0,normalDay
2023-08-17,5034.0,-838.0,0.0,0,436.29,0.0,1,3.65,12.03,SPY230825P00448000,448.0,0,0.0,0.0,,0.0,normalDay
2023-08-18,5034.0,-792.0,0.0,0,436.5,0.0,1,3.65,11.57,SPY230825P00448000,448.0,0,0.0,0.0,,0.0,normalDay
2023-08-21,5034.0,-554.0,0.0,0,439.34,0.0,1,3.65,9.19,SPY230825P00448000,448.0,0,0.0,0.0,,0.0,normalDay
2023-08-22,5034.0,-633.0,0.0,0,438.15,0.0,1,3.65,9.98,SPY230825P00448000,448.0,0,0.0,0.0,,0.0,normalDay
2023-08-23,5034.0,-177.0,0.0,0,443.03,0.0,1,3.65,5.42,SPY230825P00448000,448.0,0,0.0,0.0,,0.0,normalDay
2023-08-24,5034.0,-762.0,0.0,0,436.89,0.0,1,3.65,11.27,SPY230825P00448000,448.0,0,0.0,0.0,,0.0,normalDay
2023-08-25,5399.0,-803.0,365.0,100,439.97,448.0,1,3.65,0.0,SPY230825P00448000,448.0,0,0.0,0.0,,0.0,expirationDay
2023-08-28,5399.0,-528.0,0.0,100,442.76,448.0,0,0.0,0.0,,0.0,1,5.32,5.36,SPY230908C00441000,441.0,normalDay
2023-08-29,5399.0,-352.0,0.0,100,449.16,448.0,0,0.0,0.0,,0.0,1,5.32,10.0,SPY230908C00441000,441.0,normalDay
2023-08-30,5399.0,-301.0,0.0,100,451.01,448.0,0,0.0,0.0,,0.0,1,5.32,11.34,SPY230908C00441000,441.0,normalDay
2023-08-31,5399.0,-300.0,0.0,100,450.35,448.0,0,0.0,0.0,,0.0,1,5.32,10.67,SPY230908C00441000,441.0,normalDay
2023-09-01,5399.0,-220.0,0.0,100,451.19,448.0,0,0.0,0.0,,0.0,1,5.32,10.71,SPY230908C00441000,441.0,normalDay
2023-09-05,5399.0,-216.0,0.0,100,449.24,448.0,0,0.0,0.0,,0.0,1,5.32,8.72,SPY230908C00441000,441.0,normalDay
2023-09-06,5399.0,-205.0,0.0,100,446.22,448.0,0,0.0,0.0,,0.0,1,5.32,5.59,SPY230908C00441000,441.0,normalDay
2023-09-07,5399.0,-188.0,0.0,100,444.85,448.0,0,0.0,0.0,,0.0,1,5.32,4.05,SPY230908C00441000,441.0,normalDay
2023-09-08,5231.0,-188.0,-168.0,0,445.52,0.0,0,0.0,0.0,,0.0,1,5.32,0.0,SPY230908C00441000,441.0,expirationDay
2023-09-11,5231.0,-3.0,0.0,0,448.45,0.0,1,1.18,1.21,SPY230922P00439000,439.0,0,0.0,0.0,,0.0,normalDay
2023-09-12,5231.0,-49.0,0.0,0,445.99,0.0,1,1.18,1.67,SPY230922P00439000,439.0,0,0.0,0.0,,0.0,normalDay
2023-09-13,5231.0,8.0,0.0,0,446.51,0.0,1,1.18,1.1,SPY230922P00439000,439.0,0,0.0,0.0,,0.0,normalDay
2023-09-14,5231.0,77.0,0.0,0,450.36,0.0,1,1.18,0.41,SPY230922P00439000,439.0,0,0.0,0.0,,0.0,normalDay
2023-09-15,5231.0,6.0,0.0,0,443.37,0.0,1,1.18,1.12,SPY230922P00439000,439.0,0,0.0,0.0,,0.0,normalDay
2023-09-18,5231.0,32.0,0.0,0,443.63,0.0,1,1.18,0.86,SPY230922P00439000,439.0,0,0.0,0.0,,0.0,normalDay
2023-09-19,5231.0,24.0,0.0,0,442.71,0.0,1,1.18,0.94,SPY230922P00439000,439.0,0,0.0,0.0,,0.0,normalDay
2023-09-20,5231.0,-98.0,0.0,0,438.64,0.0,1,1.18,2.16,SPY230922P00439000,439.0,0,0.0,0.0,,0.0,normalDay
2023-09-21,5231.0,-664.0,0.0,0,431.39,0.0,1,1.18,7.82,SPY230922P00439000,439.0,0,0.0,0.0,,0.0,normalDay
2023-09-22,5349.0,-858.0,118.0,100,430.42,439.0,1,1.18,0.0,SPY230922P00439000,439.0,0,0.0,0.0,,0.0,expirationDay
2023-09-25,5349.0,-680.0,0.0,100,432.23,439.0,0,0.0,0.0,,0.0,1,1.26,1.29,SPY231006C00441000,441.0,normalDay
2023-09-26,5349.0,-1229.0,0.0,100,425.88,439.0,0,0.0,0.0,,0.0,1,1.26,0.43,SPY231006C00441000,441.0,normalDay
2023-09-27,5349.0,-1203.0,0.0,100,426.05,439.0,0,0.0,0.0,,0.0,1,1.26,0.34,SPY231006C00441000,441.0,normalDay
2023-09-28,5349.0,-957.0,0.0,100,428.52,439.0,0,0.0,0.0,,0.0,1,1.26,0.35,SPY231006C00441000,441.0,normalDay
2023-09-29,5349.0,-1042.0,0.0,100,427.48,439.0,0,0.0,0.0,,0.0,1,1.26,0.16,SPY231006C00441000,441.0,normalDay
2023-10-02,5349.0,-1050.0,0.0,100,427.31,439.0,0,0.0,0.0,,0.0,1,1.26,0.07,SPY231006C00441000,441.0,normalDay
2023-10-03,5349.0,-1617.0,0.0,100,421.59,439.0,0,0.0,0.0,,0.0,1,1.26,0.02,SPY231006C00441000,441.0,normalDay
2023-10-04,5349.0,-1310.0,0.0,100,424.66,439.0,0,0.0,0.0,,0.0,1,1.26,0.02,SPY231006C00441000,441.0,normalDay
2023-10-05,5349.0,-1325.0,0.0,100,424.5,439.0,0,0.0,0.0,,0.0,1,1.26,0.01,SPY231006C00441000,441.0,normalDay
2023-10-06,5475.0,-946.0,126.0,100,429.54,439.0,0,0.0,0.0,,0.0,1,1.26,0.0,SPY231006C00441000,441.0,expirationDay
2023-10-09,5475.0,-676.0,0.0,100,432.29,439.0,0,0.0,0.0,,0.0,1,7.41,7.46,SPY231020C00429000,429.0,normalDay
2023-10-10,5475.0,-552.0,0.0,100,434.54,439.0,0,0.0,0.0,,0.0,1,7.41,8.47,SPY231020C00429000,429.0,normalDay
2023-10-11,5475.0,-521.0,0.0,100,436.32,439.0,0,0.0,0.0,,0.0,1,7.41,9.94,SPY231020C00429000,429.0,normalDay
2023-10-12,5475.0,-520.0,0.0,100,433.66,439.0,0,0.0,0.0,,0.0,1,7.41,7.27,SPY231020C00429000,429.0,normalDay
2023-10-13,5475.0,-545.0,0.0,100,431.5,439.0,0,0.0,0.0,,0.0,1,7.41,5.36,SPY231020C00429000,429.0,normalDay
2023-10-16,5475.0,-394.0,0.0,100,436.04,439.0,0,0.0,0.0,,0.0,1,7.41,8.39,SPY231020C00429000,429.0,normalDay
2023-10-17,5475.0,-340.0,0.0,100,436.02,439.0,0,0.0,0.0,,0.0,1,7.41,7.83,SPY231020C00429000,429.0,normalDay
2023-10-18,5475.0,-506.0,0.0,100,430.21,439.0,0,0.0,0.0,,0.0,1,7.41,3.68,SPY231020C00429000,429.0,normalDay
2023-10-19,5475.0,-590.0,0.0,100,426.43,439.0,0,0.0,0.0,,0.0,1,7.41,0.74,SPY231020C00429000,429.0,normalDay
2023-10-20,6216.0,-1781.0,741.0,100,421.19,439.0,0,0.0,0.0,,0.0,1,7.41,0.0,SPY231020C00429000,429.0,expirationDay
2023-10-23,6216.0,-1857.0,0.0,100,420.46,439.0,0,0.0,0.0,,0.0,1,3.58,3.61,SPY231103C00426000,426.0,normalDay
2023-10-24,6216.0,-1608.0,0.0,100,423.63,439.0,0,0.0,0.0,,0.0,1,3.58,4.29,SPY231103C00426000,426.0,normalDay
2023-10-25,6216.0,-1972.0,0.0,100,417.55,439.0,0,0.0,0.0,,0.0,1,3.58,1.85,SPY231103C00426000,426.0,normalDay
2023-10-26,6216.0,-2354.0,0.0,100,412.55,439.0,0,0.0,0.0,,0.0,1,3.58,0.67,SPY231103C00426000,426.0,normalDay
2023-10-27,6216.0,-2502.0,0.0,100,410.68,439.0,0,0.0,0.0,,0.0,1,3.58,0.28,SPY231103C00426000,426.0,normalDay
2023-10-30,6216.0,-2029.0,0.0,100,415.59,439.0,0,0.0,0.0,,0.0,1,3.58,0.46,SPY231103C00426000,426.0,normalDay
2023-10-31,6216.0,-1772.0,0.0,100,418.2,439.0,0,0.0,0.0,,0.0,1,3.58,0.5,SPY231103C00426000,426.0,normalDay
2023-11-01,6216.0,-1380.0,0.0,100,422.66,439.0,0,0.0,0.0,,0.0,1,3.58,1.04,SPY231103C00426000,426.0,normalDay
2023-11-02,6216.0,-955.0,0.0,100,430.76,439.0,0,0.0,0.0,,0.0,1,3.58,4.89,SPY231103C00426000,426.0,normalDay
2023-11-03,5274.0,-955.0,-942.0,0,434.69,0.0,0,0.0,0.0,,0.0,1,3.58,0.0,SPY231103C00426000,426.0,expirationDay
2023-11-06,5274.0,-3.0,0.0,0,435.69,0.0,1,0.46,0.49,SPY231117P00418000,418.0,0,0.0,0.0,,0.0,normalDay
2023-11-07,5274.0,11.0,0.0,0,436.93,0.0,1,0.46,0.35,SPY231117P00418000,418.0,0,0.0,0.0,,0.0,normalDay
2023-11-08,5274.0,19.0,0.0,0,437.25,0.0,1,0.46,0.27,SPY231117P00418000,418.0,0,0.0,0.0,,0.0,normalDay
2023-11-09,5274.0,12.0,0.0,0,433.84,0.0,1,0.46,0.34,SPY231117P00418000,418.0,0,0.0,0.0,,0.0,normalDay
2023-11-10,5274.0,34.0,0.0,0,440.61,0.0,1,0.46,0.12,SPY231117P00418000,418.0,0,0.0,0.0,,0.0,normalDay
2023-11-13,5274.0,38.0,0.0,0,440.19,0.0,1,0.46,0.08,SPY231117P00418000,418.0,0,0.0,0.0,,0.0,normalDay
2023-11-14,5274.0,40.0,0.0,0,448.73,0.0,1,0.46,0.06,SPY231117P00418000,418.0,0,0.0,0.0,,0.0,normalDay
2023-11-15,5274.0,42.0,0.0,0,449.68,0.0,1,0.46,0.04,SPY231117P00418000,418.0,0,0.0,0.0,,0.0,normalDay
2023-11-16,5274.0,44.0,0.0,0,450.23,0.0,1,0.46,0.02,SPY231117P00418000,418.0,0,0.0,0.0,,0.0,normalDay
2023-11-17,5320.0,0.0,46.0,0,450.79,0.0,1,0.46,0.0,SPY231117P00418000,418.0,0,0.0,0.0,,0.0,expirationDay
2023-11-20,5320.0,-3.0,0.0,0,454.26,0.0,1,0.07,0.1,SPY231201P00419000,419.0,0,0.0,0.0,,0.0,normalDay
2023-11-21,5320.0,-2.0,0.0,0,453.27,0.0,1,0.07,0.09,SPY231201P00419000,419.0,0,0.0,0.0,,0.0,normalDay
2023-11-22,5320.0,1.0,0.0,0,455.02,0.0,1,0.07,0.06,SPY231201P00419000,419.0,0,0.0,0.0,,0.0,normalDay
2023-11-24,5320.0,3.0,0.0,0,455.3,0.0,1,0.07,0.04,SPY231201P00419000,419.0,0,0.0,0.0,,0.0,normalDay
2023-11-27,5320.0,4.0,0.0,0,454.48,0.0,1,0.07,0.03,SPY231201P00419000,419.0,0,0.0,0.0,,0.0,normalDay
2023-11-28,5320.0,4.0,0.0,0,454.93,0.0,1,0.07,0.03,SPY231201P00419000,419.0,0,0.0,0.0,,0.0,normalDay
2023-11-29,5320.0,5.0,0.0,0,454.61,0.0,1,0.07,0.02,SPY231201P00419000,419.0,0,0.0,0.0,,0.0,normalDay
2023-11-30,5320.0,6.0,0.0,0,456.4,0.0,1,0.07,0.01,SPY231201P00419000,419.0,0,0.0,0.0,,0.0,normalDay
