date,totalCapital,unrializedPnL,rializedPnL,stocksOwned,stocksPriceToday,stocksPriceBoughtAt,putOwned,putOwnedSoldAt,putPriceToday,putOwnedContract,putOwnedStrike,callOwned,callOwnedSoldAt,callPriceToday,callOwnedContract,callOwnedStrike,trackType
2018-11-01,0.0,-6.0,0.0,0,273.51,0.0,1,5.49,5.55,SPY181221P00269000,269.0,0,0.0,0.0,,0.0,normalDay
2018-11-02,0.0,-56.0,0.0,0,271.89,0.0,1,5.49,6.05,SPY181221P00269000,269.0,0,0.0,0.0,,0.0,normalDay
2018-11-05,0.0,20.0,0.0,0,273.39,0.0,1,5.49,5.29,SPY181221P00269000,269.0,0,0.0,0.0,,0.0,normalDay
2018-11-06,0.0,88.0,0.0,0,275.12,0.0,1,5.49,4.61,SPY181221P00269000,269.0,0,0.0,0.0,,0.0,normalDay
2018-11-07,0.0,300.0,0.0,0,281.01,0.0,1,5.49,2.49,SPY181221P00269000,269.0,0,0.0,0.0,,0.0,normalDay
2018-11-08,0.0,294.0,0.0,0,280.5,0.0,1,5.49,2.55,SPY181221P00269000,269.0,0,0.0,0.0,,0.0,normalDay
2018-11-09,0.0,219.0,0.0,0,277.76,0.0,1,5.49,3.3,SPY181221P00269000,269.0,0,0.0,0.0,,0.0,normalDay
2018-11-12,0.0,37.0,0.0,0,272.57,0.0,1,5.49,5.12,SPY181221P00269000,269.0,0,0.0,0.0,,0.0,normalDay
2018-11-13,0.0,17.0,0.0,0,272.06,0.0,1,5.49,5.32,SPY181221P00269000,269.0,0,0.0,0.0,,0.0,normalDay
2018-11-14,0.0,-90.0,0.0,0,270.2,0.0,1,5.49,6.39,SPY181221P00269000,269.0,0,0.0,0.0,,0.0,normalDay
2018-11-15,0.0,66.0,0.0,0,273.02,0.0,1,5.49,4.83,SPY181221P00269000,269.0,0,0.0,0.0,,0.0,normalDay
2018-11-16,0.0,148.0,0.0,0,273.73,0.0,1,5.49,4.01,SPY181221P00269000,269.0,0,0.0,0.0,,0.0,normalDay
2018-11-19,0.0,-52.0,0.0,0,269.1,0.0,1,5.49,6.01,SPY181221P00269000,269.0,0,0.0,0.0,,0.0,normalDay
2018-11-20,0.0,-379.0,0.0,0,264.12,0.0,1,5.49,9.28,SPY181221P00269000,269.0,0,0.0,0.0,,0.0,normalDay
2018-11-21,0.0,-279.0,0.0,0,265.02,0.0,1,5.49,8.28,SPY181221P00269000,269.0,0,0.0,0.0,,0.0,normalDay
2018-11-23,0.0,-402.0,0.0,0,263.25,0.0,1,5.49,9.51,SPY181221P00269000,269.0,0,0.0,0.0,,0.0,normalDay
2018-11-26,0.0,-43.0,0.0,0,267.5,0.0,1,5.49,5.92,SPY181221P00269000,269.0,0,0.0,0.0,,0.0,normalDay
2018-11-27,0.0,-21.0,0.0,0,268.4,0.0,1,5.49,5.7,SPY181221P00269000,269.0,0,0.0,0.0,,0.0,normalDay
2018-11-28,0.0,226.0,0.0,0,274.58,0.0,1,5.49,3.23,SPY181221P00269000,269.0,0,0.0,0.0,,0.0,normalDay
2018-11-29,0.0,217.0,0.0,0,273.98,0.0,1,5.49,3.32,SPY181221P00269000,269.0,0,0.0,0.0,,0.0,normalDay
2018-11-30,0.0,282.0,0.0,0,275.65,0.0,1,5.49,2.67,SPY181221P00269000,269.0,0,0.0,0.0,,0.0,normalDay
2018-12-03,0.0,418.0,0.0,0,279.3,0.0,1,5.49,1.31,SPY181221P00269000,269.0,0,0.0,0.0,,0.0,normalDay
2018-12-04,0.0,79.0,0.0,0,270.25,0.0,1,5.49,4.7,SPY181221P00269000,269.0,0,0.0,0.0,,0.0,normalDay
2018-12-06,0.0,86.0,0.0,0,269.84,0.0,1,5.49,4.63,SPY181221P00269000,269.0,0,0.0,0.0,,0.0,normalDay
2018-12-07,0.0,-329.0,0.0,0,263.57,0.0,1,5.49,8.78,SPY181221P00269000,269.0,0,0.0,0.0,,0.0,normalDay
2018-12-10,0.0,-192.0,0.0,0,264.07,0.0,1,5.49,7.41,SPY181221P00269000,269.0,0,0.0,0.0,,0.0,normalDay
2018-12-11,0.0,-175.0,0.0,0,264.13,0.0,1,5.49,7.24,SPY181221P00269000,269.0,0,0.0,0.0,,0.0,normalDay
2018-12-12,0.0,-96.0,0.0,0,265.46,0.0,1,5.49,6.45,SPY181221P00269000,269.0,0,0.0,0.0,,0.0,normalDay
2018-12-13,0.0,-72.0,0.0,0,265.37,0.0,1,5.49,6.21,SPY181221P00269000,269.0,0,0.0,0.0,,0.0,normalDay
2018-12-14,0.0,-465.0,0.0,0,260.47,0.0,1,5.49,10.14,SPY181221P00269000,269.0,0,0.0,0.0,,0.0,normalDay
2018-12-17,0.0,-949.0,0.0,0,255.36,0.0,1,5.49,14.98,SPY181221P00269000,269.0,0,0.0,0.0,,0.0,normalDay
2018-12-18,0.0,-1046.0,0.0,0,255.08,0.0,1,5.49,15.95,SPY181221P00269000,269.0,0,0.0,0.0,,0.0,normalDay
2018-12-19,0.0,-1364.0,0.0,0,251.26,0.0,1,5.49,19.13,SPY181221P00269000,269.0,0,0.0,0.0,,0.0,normalDay
2018-12-20,0.0,-1713.0,0.0,0,247.17,0.0,1,5.49,22.62,SPY181221P00269000,269.0,0,0.0,0.0,,0.0,normalDay
2018-12-21,549.0,-2830.0,549.0,100,240.7,269.0,1,5.49,0.0,SPY181221P00269000,269.0,0,0.0,0.0,,0.0,expirationDay
2018-12-24,549.0,-3466.0,0.0,100,234.34,269.0,0,0.0,0.0,,0.0,0,0.0,0.0,,0.0,bidTooLow
2018-12-26,549.0,-2289.0,0.0,100,246.18,269.0,0,0.0,0.0,,0.0,1,0.01,0.08,SPY190329C00310000,310.0,normalDay
2018-12-27,549.0,-2101.0,0.0,100,248.07,269.0,0,0.0,0.0,,0.0,1,0.01,0.09,SPY190329C00310000,310.0,normalDay
2018-12-28,549.0,-2133.0,0.0,100,247.75,269.0,0,0.0,0.0,,0.0,1,0.01,0.09,SPY190329C00310000,310.0,normalDay
2018-12-31,549.0,-1914.0,0.0,100,249.92,269.0,0,0.0,0.0,,0.0,1,0.01,0.07,SPY190329C00310000,310.0,normalDay
2019-01-02,549.0,-1887.0,0.0,100,250.18,269.0,0,0.0,0.0,,0.0,1,0.01,0.06,SPY190329C00310000,310.0,normalDay
2019-01-03,549.0,-2481.0,0.0,100,244.21,269.0,0,0.0,0.0,,0.0,1,0.01,0.03,SPY190329C00310000,310.0,normalDay
2019-01-04,549.0,-1664.0,0.0,100,252.39,269.0,0,0.0,0.0,,0.0,1,0.01,0.04,SPY190329C00310000,310.0,normalDay
2019-01-07,549.0,-1465.0,0.0,100,254.38,269.0,0,0.0,0.0,,0.0,1,0.01,0.04,SPY190329C00310000,310.0,normalDay
2019-01-08,549.0,-1226.0,0.0,100,256.77,269.0,0,0.0,0.0,,0.0,1,0.01,0.04,SPY190329C00310000,310.0,normalDay
2019-01-09,549.0,-1106.0,0.0,100,257.97,269.0,0,0.0,0.0,,0.0,1,0.01,0.04,SPY190329C00310000,310.0,normalDay
2019-01-10,549.0,-1015.0,0.0,100,258.88,269.0,0,0.0,0.0,,0.0,1,0.01,0.04,SPY190329C00310000,310.0,normalDay
2019-01-11,549.0,-1004.0,0.0,100,258.98,269.0,0,0.0,0.0,,0.0,1,0.01,0.03,SPY190329C00310000,310.0,normalDay
2019-01-14,549.0,-1162.0,0.0,100,257.4,269.0,0,0.0,0.0,,0.0,1,0.01,0.03,SPY190329C00310000,310.0,normalDay
2019-01-15,549.0,-868.0,0.0,100,260.35,269.0,0,0.0,0.0,,0.0,1,0.01,0.04,SPY190329C00310000,310.0,normalDay
2019-01-16,549.0,-805.0,0.0,100,260.98,269.0,0,0.0,0.0,,0.0,1,0.01,0.04,SPY190329C00310000,310.0,normalDay
2019-01-17,549.0,-608.0,0.0,100,262.96,269.0,0,0.0,0.0,,0.0,1,0.01,0.05,SPY190329C00310000,310.0,normalDay
2019-01-18,549.0,-259.0,0.0,100,266.46,269.0,0,0.0,0.0,,0.0,1,0.01,0.06,SPY190329C00310000,310.0,normalDay
2019-01-22,549.0,-618.0,0.0,100,262.86,269.0,0,0.0,0.0,,0.0,1,0.01,0.05,SPY190329C00310000,310.0,normalDay
2019-01-23,549.0,-562.0,0.0,100,263.41,269.0,0,0.0,0.0,,0.0,1,0.01,0.04,SPY190329C00310000,310.0,normalDay
2019-01-24,549.0,-548.0,0.0,100,263.55,269.0,0,0.0,0.0,,0.0,1,0.01,0.04,SPY190329C00310000,310.0,normalDay
2019-01-25,549.0,-325.0,0.0,100,265.78,269.0,0,0.0,0.0,,0.0,1,0.01,0.04,SPY190329C00310000,310.0,normalDay
2019-01-28,549.0,-526.0,0.0,100,263.76,269.0,0,0.0,0.0,,0.0,1,0.01,0.03,SPY190329C00310000,310.0,normalDay
2019-01-29,549.0,-561.0,0.0,100,263.41,269.0,0,0.0,0.0,,0.0,1,0.01,0.03,SPY190329C00310000,310.0,normalDay
2019-01-30,549.0,-145.0,0.0,100,267.58,269.0,0,0.0,0.0,,0.0,1,0.01,0.04,SPY190329C00310000,310.0,normalDay
2019-01-31,549.0,90.0,0.0,100,269.93,269.0,0,0.0,0.0,,0.0,1,0.01,0.04,SPY190329C00310000,310.0,normalDay
2019-02-01,549.0,104.0,0.0,100,270.06,269.0,0,0.0,0.0,,0.0,1,0.01,0.03,SPY190329C00310000,310.0,normalDay
2019-02-04,549.0,293.0,0.0,100,271.96,269.0,0,0.0,0.0,,0.0,1,0.01,0.04,SPY190329C00310000,310.0,normalDay
2019-02-05,549.0,407.0,0.0,100,273.1,269.0,0,0.0,0.0,,0.0,1,0.01,0.04,SPY190329C00310000,310.0,normalDay
2019-02-06,549.0,372.0,0.0,100,272.74,269.0,0,0.0,0.0,,0.0,1,0.01,0.03,SPY190329C00310000,310.0,normalDay
2019-02-07,549.0,113.0,0.0,100,270.14,269.0,0,0.0,0.0,,0.0,1,0.01,0.02,SPY190329C00310000,310.0,normalDay
2019-02-08,549.0,146.0,0.0,100,270.47,269.0,0,0.0,0.0,,0.0,1,0.01,0.02,SPY190329C00310000,310.0,normalDay
2019-02-11,549.0,161.0,0.0,100,270.62,269.0,0,0.0,0.0,,0.0,1,0.01,0.02,SPY190329C00310000,310.0,normalDay
2019-02-12,549.0,509.0,0.0,100,274.1,269.0,0,0.0,0.0,,0.0,1,0.01,0.02,SPY190329C00310000,310.0,normalDay
2019-02-13,549.0,597.0,0.0,100,274.99,269.0,0,0.0,0.0,,0.0,1,0.01,0.03,SPY190329C00310000,310.0,normalDay
2019-02-14,549.0,537.0,0.0,100,274.38,269.0,0,0.0,0.0,,0.0,1,0.01,0.02,SPY190329C00310000,310.0,normalDay
2019-02-15,549.0,835.0,0.0,100,277.37,269.0,0,0.0,0.0,,0.0,1,0.01,0.03,SPY190329C00310000,310.0,normalDay
2019-02-19,549.0,884.0,0.0,100,277.85,269.0,0,0.0,0.0,,0.0,1,0.01,0.02,SPY190329C00310000,310.0,normalDay
2019-02-20,549.0,940.0,0.0,100,278.41,269.0,0,0.0,0.0,,0.0,1,0.01,0.02,SPY190329C00310000,310.0,normalDay
2019-02-21,549.0,842.0,0.0,100,277.42,269.0,0,0.0,0.0,,0.0,1,0.01,0.01,SPY190329C00310000,310.0,normalDay
2019-02-22,549.0,1013.0,0.0,100,279.14,269.0,0,0.0,0.0,,0.0,1,0.01,0.02,SPY190329C00310000,310.0,normalDay
2019-02-25,549.0,1051.0,0.0,100,279.52,269.0,0,0.0,0.0,,0.0,1,0.01,0.02,SPY190329C00310000,310.0,normalDay
2019-02-26,549.0,1032.0,0.0,100,279.32,269.0,0,0.0,0.0,,0.0,1,0.01,0.01,SPY190329C00310000,310.0,normalDay
2019-02-27,549.0,1020.0,0.0,100,279.2,269.0,0,0.0,0.0,,0.0,1,0.01,0.01,SPY190329C00310000,310.0,normalDay
2019-02-28,549.0,968.0,0.0,100,278.68,269.0,0,0.0,0.0,,0.0,1,0.01,0.01,SPY190329C00310000,310.0,normalDay
2019-03-01,549.0,1142.0,0.0,100,280.42,269.0,0,0.0,0.0,,0.0,1,0.01,0.01,SPY190329C00310000,310.0,normalDay
2019-03-04,549.0,1040.0,0.0,100,279.4,269.0,0,0.0,0.0,,0.0,1,0.01,0.01,SPY190329C00310000,310.0,normalDay
2019-03-05,549.0,1002.0,0.0,100,279.02,269.0,0,0.0,0.0,,0.0,1,0.01,0.01,SPY190329C00310000,310.0,normalDay
2019-03-06,549.0,833.0,0.0,100,277.33,269.0,0,0.0,0.0,,0.0,1,0.01,0.01,SPY190329C00310000,310.0,normalDay
2019-03-07,549.0,601.0,0.0,100,275.01,269.0,0,0.0,0.0,,0.0,1,0.01,0.01,SPY190329C00310000,310.0,normalDay
2019-03-08,549.0,546.0,0.0,100,274.46,269.0,0,0.0,0.0,,0.0,1,0.01,0.01,SPY190329C00310000,310.0,normalDay
2019-03-11,549.0,944.0,0.0,100,278.44,269.0,0,0.0,0.0,,0.0,1,0.01,0.01,SPY190329C00310000,310.0,normalDay
2019-03-12,549.0,1049.0,0.0,100,279.49,269.0,0,0.0,0.0,,0.0,1,0.01,0.01,SPY190329C00310000,310.0,normalDay
2019-03-13,549.0,1234.0,0.0,100,281.34,269.0,0,0.0,0.0,,0.0,1,0.01,0.01,SPY190329C00310000,310.0,normalDay
2019-03-14,549.0,1216.0,0.0,100,281.16,269.0,0,0.0,0.0,,0.0,1,0.01,0.01,SPY190329C00310000,310.0,normalDay
2019-03-15,549.0,1231.0,0.0,100,281.31,269.0,0,0.0,0.0,,0.0,1,0.01,0.01,SPY190329C00310000,310.0,normalDay
2019-03-18,549.0,1333.0,0.0,100,282.33,269.0,0,0.0,0.0,,0.0,1,0.01,0.01,SPY190329C00310000,310.0,normalDay
2019-03-19,549.0,1340.0,0.0,100,282.4,269.0,0,0.0,0.0,,0.0,1,0.01,0.01,SPY190329C00310000,310.0,normalDay
2019-03-20,549.0,1255.0,0.0,100,281.55,269.0,0,0.0,0.0,,0.0,1,0.01,0.01,SPY190329C00310000,310.0,normalDay
2019-03-21,549.0,1573.0,0.0,100,284.73,269.0,0,0.0,0.0,,0.0,1,0.01,0.01,SPY190329C00310000,310.0,normalDay
2019-03-22,549.0,1025.0,0.0,100,279.25,269.0,0,0.0,0.0,,0.0,1,0.01,0.01,SPY190329C00310000,310.0,normalDay
2019-03-25,549.0,1004.0,0.0,100,279.04,269.0,0,0.0,0.0,,0.0,1,0.01,0.01,SPY190329C00310000,310.0,normalDay
2019-03-26,549.0,1212.0,0.0,100,281.12,269.0,0,0.0,0.0,,0.0,1,0.01,0.01,SPY190329C00310000,310.0,normalDay
2019-03-27,549.0,1065.0,0.0,100,279.65,269.0,0,0.0,0.0,,0.0,1,0.01,0.01,SPY190329C00310000,310.0,normalDay
2019-03-28,549.0,1171.0,0.0,100,280.71,269.0,0,0.0,0.0,,0.0,1,0.01,0.01,SPY190329C00310000,310.0,normalDay
2019-03-29,550.0,1348.0,1.0,100,282.48,269.0,0,0.0,0.0,,0.0,1,0.01,0.0,SPY190329C00310000,310.0,expirationDay
2019-04-01,550.0,1677.0,0.0,100,285.83,269.0,0,0.0,0.0,,0.0,1,6.44,6.5,SPY190816C00292000,292.0,normalDay
2019-04-02,550.0,1696.0,0.0,100,285.97,269.0,0,0.0,0.0,,0.0,1,6.44,6.45,SPY190816C00292000,292.0,normalDay
2019-04-03,550.0,1699.0,0.0,100,286.42,269.0,0,0.0,0.0,,0.0,1,6.44,6.87,SPY190816C00292000,292.0,normalDay
2019-04-04,550.0,1753.0,0.0,100,287.18,269.0,0,0.0,0.0,,0.0,1,6.44,7.09,SPY190816C00292000,292.0,normalDay
2019-04-05,550.0,1844.0,0.0,100,288.57,269.0,0,0.0,0.0,,0.0,1,6.44,7.57,SPY190816C00292000,292.0,normalDay
2019-04-08,550.0,1866.0,0.0,100,288.79,269.0,0,0.0,0.0,,0.0,1,6.44,7.57,SPY190816C00292000,292.0,normalDay
2019-04-09,550.0,1782.0,0.0,100,287.31,269.0,0,0.0,0.0,,0.0,1,6.44,6.93,SPY190816C00292000,292.0,normalDay
2019-04-10,550.0,1840.0,0.0,100,288.29,269.0,0,0.0,0.0,,0.0,1,6.44,7.33,SPY190816C00292000,292.0,normalDay
2019-04-11,550.0,1854.0,0.0,100,288.21,269.0,0,0.0,0.0,,0.0,1,6.44,7.11,SPY190816C00292000,292.0,normalDay
2019-04-12,550.0,1961.0,0.0,100,290.16,269.0,0,0.0,0.0,,0.0,1,6.44,7.99,SPY190816C00292000,292.0,normalDay
2019-04-15,550.0,1968.0,0.0,100,289.97,269.0,0,0.0,0.0,,0.0,1,6.44,7.73,SPY190816C00292000,292.0,normalDay
2019-04-16,550.0,1989.0,0.0,100,290.16,269.0,0,0.0,0.0,,0.0,1,6.44,7.71,SPY190816C00292000,292.0,normalDay
2019-04-17,550.0,1961.0,0.0,100,289.45,269.0,0,0.0,0.0,,0.0,1,6.44,7.28,SPY190816C00292000,292.0,normalDay
2019-04-18,550.0,1983.0,0.0,100,290.02,269.0,0,0.0,0.0,,0.0,1,6.44,7.63,SPY190816C00292000,292.0,normalDay
2019-04-22,550.0,2008.0,0.0,100,290.27,269.0,0,0.0,0.0,,0.0,1,6.44,7.63,SPY190816C00292000,292.0,normalDay
2019-04-23,550.0,2129.0,0.0,100,292.88,269.0,0,0.0,0.0,,0.0,1,6.44,9.03,SPY190816C00292000,292.0,normalDay
2019-04-24,550.0,2086.0,0.0,100,292.23,269.0,0,0.0,0.0,,0.0,1,6.44,8.81,SPY190816C00292000,292.0,normalDay
2019-04-25,550.0,2089.0,0.0,100,292.05,269.0,0,0.0,0.0,,0.0,1,6.44,8.6,SPY190816C00292000,292.0,normalDay
2019-04-26,550.0,2155.0,0.0,100,293.41,269.0,0,0.0,0.0,,0.0,1,6.44,9.3,SPY190816C00292000,292.0,normalDay
2019-04-29,550.0,2182.0,0.0,100,293.87,269.0,0,0.0,0.0,,0.0,1,6.44,9.49,SPY190816C00292000,292.0,normalDay
2019-04-30,550.0,2164.0,0.0,100,294.02,269.0,0,0.0,0.0,,0.0,1,6.44,9.82,SPY190816C00292000,292.0,normalDay
2019-05-01,550.0,2076.0,0.0,100,291.81,269.0,0,0.0,0.0,,0.0,1,6.44,8.49,SPY190816C00292000,292.0,normalDay
2019-05-02,550.0,2062.0,0.0,100,291.18,269.0,0,0.0,0.0,,0.0,1,6.44,8.0,SPY190816C00292000,292.0,normalDay
2019-05-03,550.0,2196.0,0.0,100,294.03,269.0,0,0.0,0.0,,0.0,1,6.44,9.51,SPY190816C00292000,292.0,normalDay
2019-05-06,550.0,2120.0,0.0,100,292.82,269.0,0,0.0,0.0,,0.0,1,6.44,9.06,SPY190816C00292000,292.0,normalDay
2019-05-07,550.0,1772.0,0.0,100,287.93,269.0,0,0.0,0.0,,0.0,1,6.44,7.65,SPY190816C00292000,292.0,normalDay
2019-05-08,550.0,1778.0,0.0,100,287.53,269.0,0,0.0,0.0,,0.0,1,6.44,7.19,SPY190816C00292000,292.0,normalDay
2019-05-09,550.0,1758.0,0.0,100,286.66,269.0,0,0.0,0.0,,0.0,1,6.44,6.52,SPY190816C00292000,292.0,normalDay
2019-05-10,550.0,1923.0,0.0,100,288.1,269.0,0,0.0,0.0,,0.0,1,6.44,6.31,SPY190816C00292000,292.0,normalDay
2019-05-13,550.0,1443.0,0.0,100,280.86,269.0,0,0.0,0.0,,0.0,1,6.44,3.87,SPY190816C00292000,292.0,normalDay
2019-05-14,550.0,1638.0,0.0,100,283.4,269.0,0,0.0,0.0,,0.0,1,6.44,4.46,SPY190816C00292000,292.0,normalDay
2019-05-15,550.0,1761.0,0.0,100,285.06,269.0,0,0.0,0.0,,0.0,1,6.44,4.89,SPY190816C00292000,292.0,normalDay
2019-05-16,550.0,1940.0,0.0,100,287.7,269.0,0,0.0,0.0,,0.0,1,6.44,5.74,SPY190816C00292000,292.0,normalDay
2019-05-17,550.0,1833.0,0.0,100,285.84,269.0,0,0.0,0.0,,0.0,1,6.44,4.95,SPY190816C00292000,292.0,normalDay
2019-05-20,550.0,1723.0,0.0,100,283.95,269.0,0,0.0,0.0,,0.0,1,6.44,4.16,SPY190816C00292000,292.0,normalDay
2019-05-21,550.0,1912.0,0.0,100,286.51,269.0,0,0.0,0.0,,0.0,1,6.44,4.83,SPY190816C00292000,292.0,normalDay
2019-05-22,550.0,1880.0,0.0,100,285.63,269.0,0,0.0,0.0,,0.0,1,6.44,4.27,SPY190816C00292000,292.0,normalDay
2019-05-23,550.0,1630.0,0.0,100,282.14,269.0,0,0.0,0.0,,0.0,1,6.44,3.28,SPY190816C00292000,292.0,normalDay
2019-05-24,550.0,1682.0,0.0,100,282.78,269.0,0,0.0,0.0,,0.0,1,6.44,3.4,SPY190816C00292000,292.0,normalDay
2019-05-28,550.0,1491.0,0.0,100,280.15,269.0,0,0.0,0.0,,0.0,1,6.44,2.68,SPY190816C00292000,292.0,normalDay
2019-05-29,550.0,1357.0,0.0,100,278.27,269.0,0,0.0,0.0,,0.0,1,6.44,2.14,SPY190816C00292000,292.0,normalDay
2019-05-30,550.0,1424.0,0.0,100,279.03,269.0,0,0.0,0.0,,0.0,1,6.44,2.23,SPY190816C00292000,292.0,normalDay
2019-05-31,550.0,1116.0,0.0,100,275.27,269.0,0,0.0,0.0,,0.0,1,6.44,1.55,SPY190816C00292000,292.0,normalDay
2019-06-03,550.0,1064.0,0.0,100,274.57,269.0,0,0.0,0.0,,0.0,1,6.44,1.37,SPY190816C00292000,292.0,normalDay
2019-06-04,550.0,1560.0,0.0,100,280.53,269.0,0,0.0,0.0,,0.0,1,6.44,2.37,SPY190816C00292000,292.0,normalDay
2019-06-05,550.0,1743.0,0.0,100,282.96,269.0,0,0.0,0.0,,0.0,1,6.44,2.97,SPY190816C00292000,292.0,normalDay
2019-06-06,550.0,1879.0,0.0,100,284.8,269.0,0,0.0,0.0,,0.0,1,6.44,3.45,SPY190816C00292000,292.0,normalDay
2019-06-07,550.0,2039.0,0.0,100,287.65,269.0,0,0.0,0.0,,0.0,1,6.44,4.7,SPY190816C00292000,292.0,normalDay
2019-06-10,550.0,2120.0,0.0,100,288.97,269.0,0,0.0,0.0,,0.0,1,6.44,5.21,SPY190816C00292000,292.0,normalDay
2019-06-11,550.0,2119.0,0.0,100,288.9,269.0,0,0.0,0.0,,0.0,1,6.44,5.15,SPY190816C00292000,292.0,normalDay
2019-06-12,550.0,2099.0,0.0,100,288.39,269.0,0,0.0,0.0,,0.0,1,6.44,4.84,SPY190816C00292000,292.0,normalDay
2019-06-13,550.0,2161.0,0.0,100,289.58,269.0,0,0.0,0.0,,0.0,1,6.44,5.41,SPY190816C00292000,292.0,normalDay
2019-06-14,550.0,2154.0,0.0,100,289.26,269.0,0,0.0,0.0,,0.0,1,6.44,5.16,SPY190816C00292000,292.0,normalDay
2019-06-17,550.0,2181.0,0.0,100,289.37,269.0,0,0.0,0.0,,0.0,1,6.44,5.0,SPY190816C00292000,292.0,normalDay
2019-06-18,550.0,2330.0,0.0,100,292.4,269.0,0,0.0,0.0,,0.0,1,6.44,6.54,SPY190816C00292000,292.0,normalDay
2019-06-19,550.0,2379.0,0.0,100,293.06,269.0,0,0.0,0.0,,0.0,1,6.44,6.71,SPY190816C00292000,292.0,normalDay
2019-06-20,550.0,2484.0,0.0,100,295.86,269.0,0,0.0,0.0,,0.0,1,6.44,8.46,SPY190816C00292000,292.0,normalDay
2019-06-21,550.0,2309.0,0.0,100,294.0,269.0,0,0.0,0.0,,0.0,1,6.44,8.35,SPY190816C00292000,292.0,normalDay
2019-06-24,550.0,2318.0,0.0,100,293.64,269.0,0,0.0,0.0,,0.0,1,6.44,7.9,SPY190816C00292000,292.0,normalDay
2019-06-25,550.0,2189.0,0.0,100,290.76,269.0,0,0.0,0.0,,0.0,1,6.44,6.31,SPY190816C00292000,292.0,normalDay
2019-06-26,550.0,2203.0,0.0,100,290.47,269.0,0,0.0,0.0,,0.0,1,6.44,5.88,SPY190816C00292000,292.0,normalDay
2019-06-27,550.0,2245.0,0.0,100,291.5,269.0,0,0.0,0.0,,0.0,1,6.44,6.49,SPY190816C00292000,292.0,normalDay
2019-06-28,550.0,2300.0,0.0,100,293.0,269.0,0,0.0,0.0,,0.0,1,6.44,7.44,SPY190816C00292000,292.0,normalDay
2019-07-01,550.0,2494.0,0.0,100,295.66,269.0,0,0.0,0.0,,0.0,1,6.44,8.16,SPY190816C00292000,292.0,normalDay
2019-07-02,550.0,2544.0,0.0,100,296.43,269.0,0,0.0,0.0,,0.0,1,6.44,8.43,SPY190816C00292000,292.0,normalDay
2019-07-03,550.0,2613.0,0.0,100,298.8,269.0,0,0.0,0.0,,0.0,1,6.44,10.11,SPY190816C00292000,292.0,normalDay
2019-07-05,550.0,2650.0,0.0,100,298.46,269.0,0,0.0,0.0,,0.0,1,6.44,9.4,SPY190816C00292000,292.0,normalDay
2019-07-08,550.0,2573.0,0.0,100,296.82,269.0,0,0.0,0.0,,0.0,1,6.44,8.53,SPY190816C00292000,292.0,normalDay
2019-07-09,550.0,2594.0,0.0,100,297.19,269.0,0,0.0,0.0,,0.0,1,6.44,8.69,SPY190816C00292000,292.0,normalDay
2019-07-10,550.0,2645.0,0.0,100,298.61,269.0,0,0.0,0.0,,0.0,1,6.44,9.6,SPY190816C00292000,292.0,normalDay
2019-07-11,550.0,2669.0,0.0,100,299.31,269.0,0,0.0,0.0,,0.0,1,6.44,10.06,SPY190816C00292000,292.0,normalDay
2019-07-12,550.0,2719.0,0.0,100,300.65,269.0,0,0.0,0.0,,0.0,1,6.44,10.9,SPY190816C00292000,292.0,normalDay
2019-07-15,550.0,2733.0,0.0,100,300.75,269.0,0,0.0,0.0,,0.0,1,6.44,10.86,SPY190816C00292000,292.0,normalDay
2019-07-16,550.0,2711.0,0.0,100,299.78,269.0,0,0.0,0.0,,0.0,1,6.44,10.11,SPY190816C00292000,292.0,normalDay
2019-07-17,550.0,2664.0,0.0,100,297.74,269.0,0,0.0,0.0,,0.0,1,6.44,8.54,SPY190816C00292000,292.0,normalDay
2019-07-18,550.0,2699.0,0.0,100,298.83,269.0,0,0.0,0.0,,0.0,1,6.44,9.28,SPY190816C00292000,292.0,normalDay
2019-07-19,550.0,2667.0,0.0,100,297.17,269.0,0,0.0,0.0,,0.0,1,6.44,7.94,SPY190816C00292000,292.0,normalDay
2019-07-22,550.0,2722.0,0.0,100,297.9,269.0,0,0.0,0.0,,0.0,1,6.44,8.12,SPY190816C00292000,292.0,normalDay
2019-07-23,550.0,2793.0,0.0,100,300.03,269.0,0,0.0,0.0,,0.0,1,6.44,9.54,SPY190816C00292000,292.0,normalDay
2019-07-24,550.0,2819.0,0.0,100,301.44,269.0,0,0.0,0.0,,0.0,1,6.44,10.69,SPY190816C00292000,292.0,normalDay
2019-07-25,550.0,2795.0,0.0,100,300.0,269.0,0,0.0,0.0,,0.0,1,6.44,9.49,SPY190816C00292000,292.0,normalDay
2019-07-26,550.0,2839.0,0.0,100,302.01,269.0,0,0.0,0.0,,0.0,1,6.44,11.06,SPY190816C00292000,292.0,normalDay
2019-07-29,550.0,2819.0,0.0,100,301.46,269.0,0,0.0,0.0,,0.0,1,6.44,10.71,SPY190816C00292000,292.0,normalDay
2019-07-30,550.0,2818.0,0.0,100,300.72,269.0,0,0.0,0.0,,0.0,1,6.44,9.98,SPY190816C00292000,292.0,normalDay
2019-07-31,550.0,2745.0,0.0,100,297.43,269.0,0,0.0,0.0,,0.0,1,6.44,7.42,SPY190816C00292000,292.0,normalDay
2019-08-01,550.0,2617.0,0.0,100,294.84,269.0,0,0.0,0.0,,0.0,1,6.44,6.11,SPY190816C00292000,292.0,normalDay
2019-08-02,550.0,2572.0,0.0,100,292.62,269.0,0,0.0,0.0,,0.0,1,6.44,4.34,SPY190816C00292000,292.0,normalDay
2019-08-05,550.0,2002.0,0.0,100,283.82,269.0,0,0.0,0.0,,0.0,1,6.44,1.24,SPY190816C00292000,292.0,normalDay
2019-08-06,550.0,2354.0,0.0,100,287.8,269.0,0,0.0,0.0,,0.0,1,6.44,1.7,SPY190816C00292000,292.0,normalDay
2019-08-07,550.0,2389.0,0.0,100,287.97,269.0,0,0.0,0.0,,0.0,1,6.44,1.52,SPY190816C00292000,292.0,normalDay
2019-08-08,550.0,2731.0,0.0,100,293.62,269.0,0,0.0,0.0,,0.0,1,6.44,3.75,SPY190816C00292000,292.0,normalDay
2019-08-09,550.0,2648.0,0.0,100,291.62,269.0,0,0.0,0.0,,0.0,1,6.44,2.58,SPY190816C00292000,292.0,normalDay
2019-08-12,550.0,2461.0,0.0,100,288.07,269.0,0,0.0,0.0,,0.0,1,6.44,0.9,SPY190816C00292000,292.0,normalDay
2019-08-13,550.0,2768.0,0.0,100,292.55,269.0,0,0.0,0.0,,0.0,1,6.44,2.31,SPY190816C00292000,292.0,normalDay
2019-08-14,550.0,2122.0,0.0,100,283.9,269.0,0,0.0,0.0,,0.0,1,6.44,0.12,SPY190816C00292000,292.0,normalDay
2019-08-15,550.0,2205.0,0.0,100,284.65,269.0,0,0.0,0.0,,0.0,1,6.44,0.04,SPY190816C00292000,292.0,normalDay
2019-08-16,1194.0,1985.0,644.0,100,288.85,269.0,0,0.0,0.0,,0.0,1,6.44,0.0,SPY190816C00292000,292.0,expirationDay
2019-08-19,1194.0,2327.0,0.0,100,292.33,269.0,0,0.0,0.0,,0.0,1,1.06,1.12,SPY191231C00318000,318.0,normalDay
2019-08-20,1194.0,2124.0,0.0,100,290.09,269.0,0,0.0,0.0,,0.0,1,1.06,0.91,SPY191231C00318000,318.0,normalDay
2019-08-21,1194.0,2344.0,0.0,100,292.45,269.0,0,0.0,0.0,,0.0,1,1.06,1.07,SPY191231C00318000,318.0,normalDay
2019-08-22,1194.0,2342.0,0.0,100,292.36,269.0,0,0.0,0.0,,0.0,1,1.06,1.0,SPY191231C00318000,318.0,normalDay
2019-08-23,1194.0,1621.0,0.0,100,284.85,269.0,0,0.0,0.0,,0.0,1,1.06,0.7,SPY191231C00318000,318.0,normalDay
2019-08-26,1194.0,1920.0,0.0,100,288.0,269.0,0,0.0,0.0,,0.0,1,1.06,0.86,SPY191231C00318000,318.0,normalDay
2019-08-27,1194.0,1809.0,0.0,100,286.87,269.0,0,0.0,0.0,,0.0,1,1.06,0.84,SPY191231C00318000,318.0,normalDay
2019-08-28,1194.0,1994.0,0.0,100,288.89,269.0,0,0.0,0.0,,0.0,1,1.06,1.01,SPY191231C00318000,318.0,normalDay
2019-08-29,1194.0,2342.0,0.0,100,292.58,269.0,0,0.0,0.0,,0.0,1,1.06,1.22,SPY191231C00318000,318.0,normalDay
2019-08-30,1194.0,2328.0,0.0,100,292.45,269.0,0,0.0,0.0,,0.0,1,1.06,1.23,SPY191231C00318000,318.0,normalDay
2019-09-03,1194.0,2179.0,0.0,100,290.74,269.0,0,0.0,0.0,,0.0,1,1.06,1.01,SPY191231C00318000,318.0,normalDay
2019-09-04,1194.0,2493.0,0.0,100,294.04,269.0,0,0.0,0.0,,0.0,1,1.06,1.17,SPY191231C00318000,318.0,normalDay
2019-09-05,1194.0,2832.0,0.0,100,297.82,269.0,0,0.0,0.0,,0.0,1,1.06,1.56,SPY191231C00318000,318.0,normalDay
2019-09-06,1194.0,2862.0,0.0,100,298.05,269.0,0,0.0,0.0,,0.0,1,1.06,1.49,SPY191231C00318000,318.0,normalDay
2019-09-09,1194.0,2886.0,0.0,100,298.2,269.0,0,0.0,0.0,,0.0,1,1.06,1.4,SPY191231C00318000,318.0,normalDay
2019-09-10,1194.0,2883.0,0.0,100,298.13,269.0,0,0.0,0.0,,0.0,1,1.06,1.36,SPY191231C00318000,318.0,normalDay
2019-09-11,1194.0,3056.0,0.0,100,300.25,269.0,0,0.0,0.0,,0.0,1,1.06,1.75,SPY191231C00318000,318.0,normalDay
2019-09-12,1194.0,3148.0,0.0,100,301.29,269.0,0,0.0,0.0,,0.0,1,1.06,1.87,SPY191231C00318000,318.0,normalDay
2019-09-13,1194.0,3139.0,0.0,100,301.09,269.0,0,0.0,0.0,,0.0,1,1.06,1.76,SPY191231C00318000,318.0,normalDay
2019-09-16,1194.0,3059.0,0.0,100,300.16,269.0,0,0.0,0.0,,0.0,1,1.06,1.63,SPY191231C00318000,318.0,normalDay
2019-09-17,1194.0,3117.0,0.0,100,300.92,269.0,0,0.0,0.0,,0.0,1,1.06,1.81,SPY191231C00318000,318.0,normalDay
2019-09-18,1194.0,3145.0,0.0,100,301.1,269.0,0,0.0,0.0,,0.0,1,1.06,1.71,SPY191231C00318000,318.0,normalDay
2019-09-19,1194.0,3146.0,0.0,100,301.08,269.0,0,0.0,0.0,,0.0,1,1.06,1.68,SPY191231C00318000,318.0,normalDay
2019-09-20,1194.0,2888.0,0.0,100,298.28,269.0,0,0.0,0.0,,0.0,1,1.06,1.46,SPY191231C00318000,318.0,normalDay
2019-09-23,1194.0,2896.0,0.0,100,298.21,269.0,0,0.0,0.0,,0.0,1,1.06,1.31,SPY191231C00318000,318.0,normalDay
2019-09-24,1194.0,2679.0,0.0,100,295.87,269.0,0,0.0,0.0,,0.0,1,1.06,1.14,SPY191231C00318000,318.0,normalDay
2019-09-25,1194.0,2849.0,0.0,100,297.62,269.0,0,0.0,0.0,,0.0,1,1.06,1.19,SPY191231C00318000,318.0,normalDay
2019-09-26,1194.0,2797.0,0.0,100,297.0,269.0,0,0.0,0.0,,0.0,1,1.06,1.09,SPY191231C00318000,318.0,normalDay
2019-09-27,1194.0,2652.0,0.0,100,295.4,269.0,0,0.0,0.0,,0.0,1,1.06,0.94,SPY191231C00318000,318.0,normalDay
2019-09-30,1194.0,2792.0,0.0,100,296.77,269.0,0,0.0,0.0,,0.0,1,1.06,0.91,SPY191231C00318000,318.0,normalDay
2019-10-01,1194.0,2468.0,0.0,100,293.24,269.0,0,0.0,0.0,,0.0,1,1.06,0.62,SPY191231C00318000,318.0,normalDay
2019-10-02,1194.0,1971.0,0.0,100,288.06,269.0,0,0.0,0.0,,0.0,1,1.06,0.41,SPY191231C00318000,318.0,normalDay
2019-10-03,1194.0,2205.0,0.0,100,290.42,269.0,0,0.0,0.0,,0.0,1,1.06,0.43,SPY191231C00318000,318.0,normalDay
2019-10-04,1194.0,2587.0,0.0,100,294.35,269.0,0,0.0,0.0,,0.0,1,1.06,0.54,SPY191231C00318000,318.0,normalDay
2019-10-07,1194.0,2468.0,0.0,100,293.08,269.0,0,0.0,0.0,,0.0,1,1.06,0.46,SPY191231C00318000,318.0,normalDay
2019-10-08,1194.0,2026.0,0.0,100,288.53,269.0,0,0.0,0.0,,0.0,1,1.06,0.33,SPY191231C00318000,318.0,normalDay
2019-10-09,1194.0,2294.0,0.0,100,291.27,269.0,0,0.0,0.0,,0.0,1,1.06,0.39,SPY191231C00318000,318.0,normalDay
2019-10-10,1194.0,2484.0,0.0,100,293.24,269.0,0,0.0,0.0,,0.0,1,1.06,0.46,SPY191231C00318000,318.0,normalDay
2019-10-11,1194.0,2777.0,0.0,100,296.28,269.0,0,0.0,0.0,,0.0,1,1.06,0.57,SPY191231C00318000,318.0,normalDay
2019-10-14,1194.0,2759.0,0.0,100,295.95,269.0,0,0.0,0.0,,0.0,1,1.06,0.42,SPY191231C00318000,318.0,normalDay
2019-10-15,1194.0,3030.0,0.0,100,298.88,269.0,0,0.0,0.0,,0.0,1,1.06,0.64,SPY191231C00318000,318.0,normalDay
2019-10-16,1194.0,2988.0,0.0,100,298.4,269.0,0,0.0,0.0,,0.0,1,1.06,0.58,SPY191231C00318000,318.0,normalDay
2019-10-17,1194.0,3071.0,0.0,100,299.28,269.0,0,0.0,0.0,,0.0,1,1.06,0.63,SPY191231C00318000,318.0,normalDay
2019-10-18,1194.0,2946.0,0.0,100,297.97,269.0,0,0.0,0.0,,0.0,1,1.06,0.57,SPY191231C00318000,318.0,normalDay
2019-10-21,1194.0,3140.0,0.0,100,299.99,269.0,0,0.0,0.0,,0.0,1,1.06,0.65,SPY191231C00318000,318.0,normalDay
2019-10-22,1194.0,3050.0,0.0,100,299.01,269.0,0,0.0,0.0,,0.0,1,1.06,0.57,SPY191231C00318000,318.0,normalDay
2019-10-23,1194.0,3133.0,0.0,100,299.88,269.0,0,0.0,0.0,,0.0,1,1.06,0.61,SPY191231C00318000,318.0,normalDay
2019-10-24,1194.0,3185.0,0.0,100,300.37,269.0,0,0.0,0.0,,0.0,1,1.06,0.58,SPY191231C00318000,318.0,normalDay
2019-10-25,1194.0,3301.0,0.0,100,301.6,269.0,0,0.0,0.0,,0.0,1,1.06,0.65,SPY191231C00318000,318.0,normalDay
2019-10-28,1194.0,3448.0,0.0,100,303.3,269.0,0,0.0,0.0,,0.0,1,1.06,0.88,SPY191231C00318000,318.0,normalDay
2019-10-29,1194.0,3447.0,0.0,100,303.21,269.0,0,0.0,0.0,,0.0,1,1.06,0.8,SPY191231C00318000,318.0,normalDay
2019-10-30,1194.0,3539.0,0.0,100,304.14,269.0,0,0.0,0.0,,0.0,1,1.06,0.81,SPY191231C00318000,318.0,normalDay
2019-10-31,1194.0,3474.0,0.0,100,303.33,269.0,0,0.0,0.0,,0.0,1,1.06,0.65,SPY191231C00318000,318.0,normalDay
2019-11-01,1194.0,3722.0,0.0,100,306.14,269.0,0,0.0,0.0,,0.0,1,1.06,0.98,SPY191231C00318000,318.0,normalDay
2019-11-04,1194.0,3823.0,0.0,100,307.37,269.0,0,0.0,0.0,,0.0,1,1.06,1.2,SPY191231C00318000,318.0,normalDay
2019-11-05,1194.0,3795.0,0.0,100,307.03,269.0,0,0.0,0.0,,0.0,1,1.06,1.14,SPY191231C00318000,318.0,normalDay
2019-11-06,1194.0,3807.0,0.0,100,307.1,269.0,0,0.0,0.0,,0.0,1,1.06,1.09,SPY191231C00318000,318.0,normalDay
2019-11-07,1194.0,3897.0,0.0,100,308.18,269.0,0,0.0,0.0,,0.0,1,1.06,1.27,SPY191231C00318000,318.0,normalDay
2019-11-08,1194.0,3965.0,0.0,100,308.94,269.0,0,0.0,0.0,,0.0,1,1.06,1.35,SPY191231C00318000,318.0,normalDay
2019-11-11,1194.0,3925.0,0.0,100,308.35,269.0,0,0.0,0.0,,0.0,1,1.06,1.16,SPY191231C00318000,318.0,normalDay
2019-11-12,1194.0,3988.0,0.0,100,309.0,269.0,0,0.0,0.0,,0.0,1,1.06,1.18,SPY191231C00318000,318.0,normalDay
2019-11-13,1194.0,3998.0,0.0,100,309.1,269.0,0,0.0,0.0,,0.0,1,1.06,1.18,SPY191231C00318000,318.0,normalDay
2019-11-14,1194.0,4044.0,0.0,100,309.55,269.0,0,0.0,0.0,,0.0,1,1.06,1.17,SPY191231C00318000,318.0,normalDay
2019-11-15,1194.0,4233.0,0.0,100,311.79,269.0,0,0.0,0.0,,0.0,1,1.06,1.52,SPY191231C00318000,318.0,normalDay
2019-11-18,1194.0,4256.0,0.0,100,312.02,269.0,0,0.0,0.0,,0.0,1,1.06,1.52,SPY191231C00318000,318.0,normalDay
2019-11-19,1194.0,4259.0,0.0,100,311.93,269.0,0,0.0,0.0,,0.0,1,1.06,1.4,SPY191231C00318000,318.0,normalDay
2019-11-20,1194.0,4184.0,0.0,100,310.77,269.0,0,0.0,0.0,,0.0,1,1.06,0.99,SPY191231C00318000,318.0,normalDay
2019-11-21,1194.0,4142.0,0.0,100,310.27,269.0,0,0.0,0.0,,0.0,1,1.06,0.91,SPY191231C00318000,318.0,normalDay
2019-11-22,1194.0,4212.0,0.0,100,310.96,269.0,0,0.0,0.0,,0.0,1,1.06,0.9,SPY191231C00318000,318.0,normalDay
2019-11-25,1194.0,4419.0,0.0,100,313.37,269.0,0,0.0,0.0,,0.0,1,1.06,1.24,SPY191231C00318000,318.0,normalDay
2019-11-26,1194.0,4467.0,0.0,100,314.08,269.0,0,0.0,0.0,,0.0,1,1.06,1.47,SPY191231C00318000,318.0,normalDay
2019-11-27,1194.0,4553.0,0.0,100,315.48,269.0,0,0.0,0.0,,0.0,1,1.06,2.01,SPY191231C00318000,318.0,normalDay
2019-11-29,1194.0,4471.0,0.0,100,314.31,269.0,0,0.0,0.0,,0.0,1,1.06,1.66,SPY191231C00318000,318.0,normalDay
2019-12-02,1194.0,4275.0,0.0,100,311.64,269.0,0,0.0,0.0,,0.0,1,1.06,0.95,SPY191231C00318000,318.0,normalDay
2019-12-03,1194.0,4097.0,0.0,100,309.55,269.0,0,0.0,0.0,,0.0,1,1.06,0.64,SPY191231C00318000,318.0,normalDay
2019-12-04,1194.0,4271.0,0.0,100,311.46,269.0,0,0.0,0.0,,0.0,1,1.06,0.81,SPY191231C00318000,318.0,normalDay
2019-12-05,1194.0,4319.0,0.0,100,312.02,269.0,0,0.0,0.0,,0.0,1,1.06,0.89,SPY191231C00318000,318.0,normalDay
2019-12-06,1194.0,4549.0,0.0,100,314.87,269.0,0,0.0,0.0,,0.0,1,1.06,1.44,SPY191231C00318000,318.0,normalDay
2019-12-09,1194.0,4477.0,0.0,100,313.88,269.0,0,0.0,0.0,,0.0,1,1.06,1.17,SPY191231C00318000,318.0,normalDay
2019-12-10,1194.0,4450.0,0.0,100,313.53,269.0,0,0.0,0.0,,0.0,1,1.06,1.09,SPY191231C00318000,318.0,normalDay
2019-12-11,1194.0,4531.0,0.0,100,314.42,269.0,0,0.0,0.0,,0.0,1,1.06,1.17,SPY191231C00318000,318.0,normalDay
2019-12-12,1194.0,4722.0,0.0,100,317.13,269.0,0,0.0,0.0,,0.0,1,1.06,1.97,SPY191231C00318000,318.0,normalDay
2019-12-13,1194.0,4784.0,0.0,100,317.32,269.0,0,0.0,0.0,,0.0,1,1.06,1.54,SPY191231C00318000,318.0,normalDay
2019-12-16,1194.0,4888.0,0.0,100,319.5,269.0,0,0.0,0.0,,0.0,1,1.06,2.68,SPY191231C00318000,318.0,normalDay
2019-12-17,1194.0,4920.0,0.0,100,319.57,269.0,0,0.0,0.0,,0.0,1,1.06,2.43,SPY191231C00318000,318.0,normalDay
2019-12-18,1194.0,4928.0,0.0,100,319.59,269.0,0,0.0,0.0,,0.0,1,1.06,2.37,SPY191231C00318000,318.0,normalDay
2019-12-19,1194.0,4989.0,0.0,100,320.9,269.0,0,0.0,0.0,,0.0,1,1.06,3.07,SPY191231C00318000,318.0,normalDay
2019-12-20,1194.0,4863.0,0.0,100,320.73,269.0,0,0.0,0.0,,0.0,1,1.06,4.16,SPY191231C00318000,318.0,normalDay
2019-12-23,1194.0,4929.0,0.0,100,321.22,269.0,0,0.0,0.0,,0.0,1,1.06,3.99,SPY191231C00318000,318.0,normalDay
2019-12-24,1194.0,4931.0,0.0,100,321.23,269.0,0,0.0,0.0,,0.0,1,1.06,3.98,SPY191231C00318000,318.0,normalDay
2019-12-26,1194.0,4967.0,0.0,100,322.94,269.0,0,0.0,0.0,,0.0,1,1.06,5.33,SPY191231C00318000,318.0,normalDay
2019-12-27,1194.0,4992.0,0.0,100,322.86,269.0,0,0.0,0.0,,0.0,1,1.06,5.0,SPY191231C00318000,318.0,normalDay
2019-12-30,1194.0,4967.0,0.0,100,321.08,269.0,0,0.0,0.0,,0.0,1,1.06,3.47,SPY191231C00318000,318.0,normalDay
2019-12-31,6200.0,4967.0,5006.0,0,321.86,0.0,0,0.0,0.0,,0.0,1,1.06,0.0,SPY191231C00318000,318.0,expirationDay
2020-01-02,6200.0,-4.0,0.0,0,324.87,0.0,1,2.6,2.64,SPY200221P00315000,315.0,0,0.0,0.0,,0.0,normalDay
2020-01-03,6200.0,-88.0,0.0,0,322.41,0.0,1,2.6,3.48,SPY200221P00315000,315.0,0,0.0,0.0,,0.0,normalDay
2020-01-06,6200.0,-38.0,0.0,0,323.64,0.0,1,2.6,2.98,SPY200221P00315000,315.0,0,0.0,0.0,,0.0,normalDay
2020-01-07,6200.0,-59.0,0.0,0,322.73,0.0,1,2.6,3.19,SPY200221P00315000,315.0,0,0.0,0.0,,0.0,normalDay
2020-01-08,6200.0,3.0,0.0,0,324.45,0.0,1,2.6,2.57,SPY200221P00315000,315.0,0,0.0,0.0,,0.0,normalDay
2020-01-09,6200.0,59.0,0.0,0,326.65,0.0,1,2.6,2.01,SPY200221P00315000,315.0,0,0.0,0.0,,0.0,normalDay
2020-01-10,6200.0,44.0,0.0,0,325.71,0.0,1,2.6,2.16,SPY200221P00315000,315.0,0,0.0,0.0,,0.0,normalDay
2020-01-13,6200.0,99.0,0.0,0,327.95,0.0,1,2.6,1.61,SPY200221P00315000,315.0,0,0.0,0.0,,0.0,normalDay
2020-01-14,6200.0,100.0,0.0,0,327.45,0.0,1,2.6,1.6,SPY200221P00315000,315.0,0,0.0,0.0,,0.0,normalDay
2020-01-15,6200.0,115.0,0.0,0,328.19,0.0,1,2.6,1.45,SPY200221P00315000,315.0,0,0.0,0.0,,0.0,normalDay
2020-01-16,6200.0,144.0,0.0,0,330.92,0.0,1,2.6,1.16,SPY200221P00315000,315.0,0,0.0,0.0,,0.0,normalDay
2020-01-17,6200.0,159.0,0.0,0,331.95,0.0,1,2.6,1.01,SPY200221P00315000,315.0,0,0.0,0.0,,0.0,normalDay
2020-01-21,6200.0,155.0,0.0,0,331.3,0.0,1,2.6,1.05,SPY200221P00315000,315.0,0,0.0,0.0,,0.0,normalDay
2020-01-22,6200.0,157.0,0.0,0,331.34,0.0,1,2.6,1.03,SPY200221P00315000,315.0,0,0.0,0.0,,0.0,normalDay
2020-01-23,6200.0,160.0,0.0,0,331.72,0.0,1,2.6,1.0,SPY200221P00315000,315.0,0,0.0,0.0,,0.0,normalDay
2020-01-24,6200.0,109.0,0.0,0,328.77,0.0,1,2.6,1.51,SPY200221P00315000,315.0,0,0.0,0.0,,0.0,normalDay
2020-01-27,6200.0,-43.0,0.0,0,323.5,0.0,1,2.6,3.03,SPY200221P00315000,315.0,0,0.0,0.0,,0.0,normalDay
2020-01-28,6200.0,78.0,0.0,0,326.89,0.0,1,2.6,1.82,SPY200221P00315000,315.0,0,0.0,0.0,,0.0,normalDay
2020-01-29,6200.0,79.0,0.0,0,326.62,0.0,1,2.6,1.81,SPY200221P00315000,315.0,0,0.0,0.0,,0.0,normalDay
2020-01-30,6200.0,133.0,0.0,0,327.68,0.0,1,2.6,1.27,SPY200221P00315000,315.0,0,0.0,0.0,,0.0,normalDay
2020-01-31,6200.0,-33.0,0.0,0,321.73,0.0,1,2.6,2.93,SPY200221P00315000,315.0,0,0.0,0.0,,0.0,normalDay
2020-02-03,6200.0,50.0,0.0,0,324.12,0.0,1,2.6,2.1,SPY200221P00315000,315.0,0,0.0,0.0,,0.0,normalDay
2020-02-04,6200.0,176.0,0.0,0,329.06,0.0,1,2.6,0.84,SPY200221P00315000,315.0,0,0.0,0.0,,0.0,normalDay
2020-02-05,6200.0,218.0,0.0,0,332.86,0.0,1,2.6,0.42,SPY200221P00315000,315.0,0,0.0,0.0,,0.0,normalDay
2020-02-06,6200.0,223.0,0.0,0,333.98,0.0,1,2.6,0.37,SPY200221P00315000,315.0,0,0.0,0.0,,0.0,normalDay
2020-02-07,6200.0,217.0,0.0,0,332.2,0.0,1,2.6,0.43,SPY200221P00315000,315.0,0,0.0,0.0,,0.0,normalDay
2020-02-10,6200.0,239.0,0.0,0,334.68,0.0,1,2.6,0.21,SPY200221P00315000,315.0,0,0.0,0.0,,0.0,normalDay
2020-02-11,6200.0,242.0,0.0,0,335.26,0.0,1,2.6,0.18,SPY200221P00315000,315.0,0,0.0,0.0,,0.0,normalDay
2020-02-12,6200.0,252.0,0.0,0,337.42,0.0,1,2.6,0.08,SPY200221P00315000,315.0,0,0.0,0.0,,0.0,normalDay
2020-02-13,6200.0,251.0,0.0,0,337.06,0.0,1,2.6,0.09,SPY200221P00315000,315.0,0,0.0,0.0,,0.0,normalDay
2020-02-14,6200.0,255.0,0.0,0,337.6,0.0,1,2.6,0.05,SPY200221P00315000,315.0,0,0.0,0.0,,0.0,normalDay
2020-02-18,6200.0,257.0,0.0,0,336.73,0.0,1,2.6,0.03,SPY200221P00315000,315.0,0,0.0,0.0,,0.0,normalDay
2020-02-19,6200.0,258.0,0.0,0,338.34,0.0,1,2.6,0.02,SPY200221P00315000,315.0,0,0.0,0.0,,0.0,normalDay
2020-02-20,6200.0,259.0,0.0,0,336.95,0.0,1,2.6,0.01,SPY200221P00315000,315.0,0,0.0,0.0,,0.0,normalDay
2020-02-21,6460.0,0.0,260.0,0,333.48,0.0,1,2.6,0.0,SPY200221P00315000,315.0,0,0.0,0.0,,0.0,expirationDay
2020-02-24,6460.0,-25.0,0.0,0,322.42,0.0,1,11.77,12.02,SPY200417P00327000,327.0,0,0.0,0.0,,0.0,normalDay
2020-02-25,6460.0,-613.0,0.0,0,312.65,0.0,1,11.77,17.9,SPY200417P00327000,327.0,0,0.0,0.0,,0.0,normalDay
2020-02-26,6460.0,-757.0,0.0,0,311.5,0.0,1,11.77,19.34,SPY200417P00327000,327.0,0,0.0,0.0,,0.0,normalDay
2020-02-27,6460.0,-2023.0,0.0,0,297.51,0.0,1,11.77,32.0,SPY200417P00327000,327.0,0,0.0,0.0,,0.0,normalDay
2020-02-28,6460.0,-2116.0,0.0,0,296.26,0.0,1,11.77,32.93,SPY200417P00327000,327.0,0,0.0,0.0,,0.0,normalDay
2020-03-02,6460.0,-960.0,0.0,0,309.09,0.0,1,11.77,21.37,SPY200417P00327000,327.0,0,0.0,0.0,,0.0,normalDay
2020-03-03,6460.0,-1675.0,0.0,0,300.24,0.0,1,11.77,28.52,SPY200417P00327000,327.0,0,0.0,0.0,,0.0,normalDay
2020-03-04,6460.0,-767.0,0.0,0,312.86,0.0,1,11.77,19.44,SPY200417P00327000,327.0,0,0.0,0.0,,0.0,normalDay
2020-03-05,6460.0,-1639.0,0.0,0,302.46,0.0,1,11.77,28.16,SPY200417P00327000,327.0,0,0.0,0.0,,0.0,normalDay
2020-03-06,6460.0,-2127.0,0.0,0,297.46,0.0,1,11.77,33.04,SPY200417P00327000,327.0,0,0.0,0.0,,0.0,normalDay
2020-03-09,6460.0,-4362.0,0.0,0,274.23,0.0,1,11.77,55.39,SPY200417P00327000,327.0,0,0.0,0.0,,0.0,normalDay
2020-03-10,6460.0,-2974.0,0.0,0,288.42,0.0,1,11.77,41.51,SPY200417P00327000,327.0,0,0.0,0.0,,0.0,normalDay
2020-03-11,6460.0,-4320.0,0.0,0,274.36,0.0,1,11.77,54.97,SPY200417P00327000,327.0,0,0.0,0.0,,0.0,normalDay
2020-03-12,6460.0,-6881.0,0.0,0,248.11,0.0,1,11.77,80.58,SPY200417P00327000,327.0,0,0.0,0.0,,0.0,normalDay
2020-03-13,6460.0,-4860.0,0.0,0,269.32,0.0,1,11.77,60.37,SPY200417P00327000,327.0,0,0.0,0.0,,0.0,normalDay
2020-03-16,6460.0,-7404.0,0.0,0,239.85,0.0,1,11.77,85.81,SPY200417P00327000,327.0,0,0.0,0.0,,0.0,normalDay
2020-03-17,6460.0,-6560.0,0.0,0,252.8,0.0,1,11.77,77.37,SPY200417P00327000,327.0,0,0.0,0.0,,0.0,normalDay
2020-03-18,6460.0,-7663.0,0.0,0,240.0,0.0,1,11.77,88.4,SPY200417P00327000,327.0,0,0.0,0.0,,0.0,normalDay
2020-03-19,6460.0,-7669.0,0.0,0,240.51,0.0,1,11.77,88.46,SPY200417P00327000,327.0,0,0.0,0.0,,0.0,normalDay
2020-03-20,6460.0,-8629.0,0.0,0,228.8,0.0,1,11.77,98.06,SPY200417P00327000,327.0,0,0.0,0.0,,0.0,normalDay
2020-03-23,6460.0,-9429.0,0.0,0,222.95,0.0,1,11.77,106.06,SPY200417P00327000,327.0,0,0.0,0.0,,0.0,normalDay
2020-03-24,6460.0,-7294.0,0.0,0,243.15,0.0,1,11.77,84.71,SPY200417P00327000,327.0,0,0.0,0.0,,0.0,normalDay
2020-03-25,6460.0,-6834.0,0.0,0,246.79,0.0,1,11.77,80.11,SPY200417P00327000,327.0,0,0.0,0.0,,0.0,normalDay
2020-03-26,6460.0,-5479.0,0.0,0,261.2,0.0,1,11.77,66.56,SPY200417P00327000,327.0,0,0.0,0.0,,0.0,normalDay
2020-03-27,6460.0,-6269.0,0.0,0,253.42,0.0,1,11.77,74.46,SPY200417P00327000,327.0,0,0.0,0.0,,0.0,normalDay
2020-03-30,6460.0,-5468.0,0.0,0,261.65,0.0,1,11.77,66.45,SPY200417P00327000,327.0,0,0.0,0.0,,0.0,normalDay
2020-03-31,6460.0,-5874.0,0.0,0,257.75,0.0,1,11.77,70.51,SPY200417P00327000,327.0,0,0.0,0.0,,0.0,normalDay
2020-04-01,6460.0,-6975.0,0.0,0,246.15,0.0,1,11.77,81.52,SPY200417P00327000,327.0,0,0.0,0.0,,0.0,normalDay
2020-04-02,6460.0,-6290.0,0.0,0,251.83,0.0,1,11.77,74.67,SPY200417P00327000,327.0,0,0.0,0.0,,0.0,normalDay
2020-04-03,6460.0,-6705.0,0.0,0,248.19,0.0,1,11.77,78.82,SPY200417P00327000,327.0,0,0.0,0.0,,0.0,normalDay
2020-04-06,6460.0,-5041.0,0.0,0,264.86,0.0,1,11.77,62.18,SPY200417P00327000,327.0,0,0.0,0.0,,0.0,normalDay
2020-04-07,6460.0,-5128.0,0.0,0,265.13,0.0,1,11.77,63.05,SPY200417P00327000,327.0,0,0.0,0.0,,0.0,normalDay
2020-04-08,6460.0,-4141.0,0.0,0,274.03,0.0,1,11.77,53.18,SPY200417P00327000,327.0,0,0.0,0.0,,0.0,normalDay
2020-04-09,6460.0,-3728.0,0.0,0,278.2,0.0,1,11.77,49.05,SPY200417P00327000,327.0,0,0.0,0.0,,0.0,normalDay
2020-04-13,6460.0,-3987.0,0.0,0,275.66,0.0,1,11.77,51.64,SPY200417P00327000,327.0,0,0.0,0.0,,0.0,normalDay
2020-04-14,6460.0,-3134.0,0.0,0,283.79,0.0,1,11.77,43.11,SPY200417P00327000,327.0,0,0.0,0.0,,0.0,normalDay
2020-04-15,6460.0,-3770.0,0.0,0,277.76,0.0,1,11.77,49.47,SPY200417P00327000,327.0,0,0.0,0.0,,0.0,normalDay
2020-04-16,6460.0,-3620.0,0.0,0,279.1,0.0,1,11.77,47.97,SPY200417P00327000,327.0,0,0.0,0.0,,0.0,normalDay
2020-04-17,7637.0,-4036.0,1177.0,100,286.64,327.0,1,11.77,0.0,SPY200417P00327000,327.0,0,0.0,0.0,,0.0,expirationDay
2020-04-20,7637.0,-4576.0,0.0,100,281.59,327.0,0,0.0,0.0,,0.0,1,2.23,2.58,SPY200821C00330000,330.0,normalDay
2020-04-21,7637.0,-5341.0,0.0,100,273.04,327.0,0,0.0,0.0,,0.0,1,2.23,1.68,SPY200821C00330000,330.0,normalDay
2020-04-22,7637.0,-4757.0,0.0,100,279.1,327.0,0,0.0,0.0,,0.0,1,2.23,1.9,SPY200821C00330000,330.0,normalDay
2020-04-23,7637.0,-4759.0,0.0,100,279.08,327.0,0,0.0,0.0,,0.0,1,2.23,1.9,SPY200821C00330000,330.0,normalDay
2020-04-24,7637.0,-4388.0,0.0,100,282.97,327.0,0,0.0,0.0,,0.0,1,2.23,2.08,SPY200821C00330000,330.0,normalDay
2020-04-27,7637.0,-3983.0,0.0,100,287.05,327.0,0,0.0,0.0,,0.0,1,2.23,2.11,SPY200821C00330000,330.0,normalDay
2020-04-28,7637.0,-4085.0,0.0,100,285.73,327.0,0,0.0,0.0,,0.0,1,2.23,1.81,SPY200821C00330000,330.0,normalDay
2020-04-29,7637.0,-3412.0,0.0,100,293.21,327.0,0,0.0,0.0,,0.0,1,2.23,2.56,SPY200821C00330000,330.0,normalDay
2020-04-30,7637.0,-3646.0,0.0,100,290.48,327.0,0,0.0,0.0,,0.0,1,2.23,2.17,SPY200821C00330000,330.0,normalDay
2020-05-01,7637.0,-4341.0,0.0,100,282.79,327.0,0,0.0,0.0,,0.0,1,2.23,1.43,SPY200821C00330000,330.0,normalDay
2020-05-04,7637.0,-4252.0,0.0,100,283.57,327.0,0,0.0,0.0,,0.0,1,2.23,1.32,SPY200821C00330000,330.0,normalDay
2020-05-05,7637.0,-4006.0,0.0,100,286.19,327.0,0,0.0,0.0,,0.0,1,2.23,1.48,SPY200821C00330000,330.0,normalDay
2020-05-06,7637.0,-4172.0,0.0,100,284.25,327.0,0,0.0,0.0,,0.0,1,2.23,1.2,SPY200821C00330000,330.0,normalDay
2020-05-07,7637.0,-3856.0,0.0,100,287.68,327.0,0,0.0,0.0,,0.0,1,2.23,1.47,SPY200821C00330000,330.0,normalDay
2020-05-08,7637.0,-3402.0,0.0,100,292.44,327.0,0,0.0,0.0,,0.0,1,2.23,1.69,SPY200821C00330000,330.0,normalDay
2020-05-11,7637.0,-3358.0,0.0,100,292.5,327.0,0,0.0,0.0,,0.0,1,2.23,1.31,SPY200821C00330000,330.0,normalDay
2020-05-12,7637.0,-3908.0,0.0,100,286.67,327.0,0,0.0,0.0,,0.0,1,2.23,0.98,SPY200821C00330000,330.0,normalDay
2020-05-13,7637.0,-4392.0,0.0,100,281.6,327.0,0,0.0,0.0,,0.0,1,2.23,0.75,SPY200821C00330000,330.0,normalDay
2020-05-14,7637.0,-4060.0,0.0,100,284.97,327.0,0,0.0,0.0,,0.0,1,2.23,0.8,SPY200821C00330000,330.0,normalDay
2020-05-15,7637.0,-3925.0,0.0,100,286.28,327.0,0,0.0,0.0,,0.0,1,2.23,0.76,SPY200821C00330000,330.0,normalDay
2020-05-18,7637.0,-3124.0,0.0,100,295.0,327.0,0,0.0,0.0,,0.0,1,2.23,1.47,SPY200821C00330000,330.0,normalDay
2020-05-19,7637.0,-3399.0,0.0,100,291.97,327.0,0,0.0,0.0,,0.0,1,2.23,1.19,SPY200821C00330000,330.0,normalDay
2020-05-20,7637.0,-2948.0,0.0,100,296.93,327.0,0,0.0,0.0,,0.0,1,2.23,1.64,SPY200821C00330000,330.0,normalDay
2020-05-21,7637.0,-3132.0,0.0,100,294.88,327.0,0,0.0,0.0,,0.0,1,2.23,1.43,SPY200821C00330000,330.0,normalDay
2020-05-22,7637.0,-3079.0,0.0,100,295.44,327.0,0,0.0,0.0,,0.0,1,2.23,1.46,SPY200821C00330000,330.0,normalDay
2020-05-26,7637.0,-2736.0,0.0,100,299.08,327.0,0,0.0,0.0,,0.0,1,2.23,1.67,SPY200821C00330000,330.0,normalDay
2020-05-27,7637.0,-2345.0,0.0,100,303.53,327.0,0,0.0,0.0,,0.0,1,2.23,2.21,SPY200821C00330000,330.0,normalDay
2020-05-28,7637.0,-2422.0,0.0,100,302.97,327.0,0,0.0,0.0,,0.0,1,2.23,2.42,SPY200821C00330000,330.0,normalDay
2020-05-29,7637.0,-2311.0,0.0,100,304.32,327.0,0,0.0,0.0,,0.0,1,2.23,2.66,SPY200821C00330000,330.0,normalDay
2020-06-01,7637.0,-2191.0,0.0,100,305.55,327.0,0,0.0,0.0,,0.0,1,2.23,2.69,SPY200821C00330000,330.0,normalDay
2020-06-02,7637.0,-1973.0,0.0,100,308.08,327.0,0,0.0,0.0,,0.0,1,2.23,3.04,SPY200821C00330000,330.0,normalDay
2020-06-03,7637.0,-1679.0,0.0,100,312.18,327.0,0,0.0,0.0,,0.0,1,2.23,4.2,SPY200821C00330000,330.0,normalDay
2020-06-04,7637.0,-1723.0,0.0,100,311.36,327.0,0,0.0,0.0,,0.0,1,2.23,3.82,SPY200821C00330000,330.0,normalDay
2020-06-05,7637.0,-1149.0,0.0,100,319.34,327.0,0,0.0,0.0,,0.0,1,2.23,6.06,SPY200821C00330000,330.0,normalDay
2020-06-08,7637.0,-945.0,0.0,100,323.2,327.0,0,0.0,0.0,,0.0,1,2.23,7.88,SPY200821C00330000,330.0,normalDay
2020-06-09,7637.0,-1181.0,0.0,100,320.79,327.0,0,0.0,0.0,,0.0,1,2.23,7.83,SPY200821C00330000,330.0,normalDay
2020-06-10,7637.0,-1226.0,0.0,100,319.0,327.0,0,0.0,0.0,,0.0,1,2.23,6.49,SPY200821C00330000,330.0,normalDay
2020-06-11,7637.0,-2784.0,0.0,100,300.61,327.0,0,0.0,0.0,,0.0,1,2.23,3.68,SPY200821C00330000,330.0,normalDay
2020-06-12,7637.0,-2395.0,0.0,100,304.21,327.0,0,0.0,0.0,,0.0,1,2.23,3.39,SPY200821C00330000,330.0,normalDay
2020-06-15,7637.0,-2167.0,0.0,100,307.05,327.0,0,0.0,0.0,,0.0,1,2.23,3.95,SPY200821C00330000,330.0,normalDay
2020-06-16,7637.0,-1740.0,0.0,100,312.96,327.0,0,0.0,0.0,,0.0,1,2.23,5.59,SPY200821C00330000,330.0,normalDay
2020-06-17,7637.0,-1825.0,0.0,100,311.66,327.0,0,0.0,0.0,,0.0,1,2.23,5.14,SPY200821C00330000,330.0,normalDay
2020-06-18,7637.0,-1783.0,0.0,100,311.78,327.0,0,0.0,0.0,,0.0,1,2.23,4.84,SPY200821C00330000,330.0,normalDay
2020-06-19,7637.0,-2016.0,0.0,100,308.64,327.0,0,0.0,0.0,,0.0,1,2.23,4.03,SPY200821C00330000,330.0,normalDay
2020-06-22,7637.0,-1837.0,0.0,100,310.62,327.0,0,0.0,0.0,,0.0,1,2.23,4.22,SPY200821C00330000,330.0,normalDay
2020-06-23,7637.0,-1708.0,0.0,100,312.05,327.0,0,0.0,0.0,,0.0,1,2.23,4.36,SPY200821C00330000,330.0,normalDay
2020-06-24,7637.0,-2336.0,0.0,100,304.09,327.0,0,0.0,0.0,,0.0,1,2.23,2.68,SPY200821C00330000,330.0,normalDay
2020-06-25,7637.0,-2044.0,0.0,100,307.35,327.0,0,0.0,0.0,,0.0,1,2.23,3.02,SPY200821C00330000,330.0,normalDay
2020-06-26,7637.0,-2657.0,0.0,100,300.05,327.0,0,0.0,0.0,,0.0,1,2.23,1.85,SPY200821C00330000,330.0,normalDay
2020-06-29,7637.0,-2223.0,0.0,100,304.46,327.0,0,0.0,0.0,,0.0,1,2.23,1.92,SPY200821C00330000,330.0,normalDay
2020-06-30,7637.0,-1875.0,0.0,100,308.36,327.0,0,0.0,0.0,,0.0,1,2.23,2.34,SPY200821C00330000,330.0,normalDay
2020-07-01,7637.0,-1686.0,0.0,100,310.52,327.0,0,0.0,0.0,,0.0,1,2.23,2.61,SPY200821C00330000,330.0,normalDay
2020-07-02,7637.0,-1539.0,0.0,100,312.23,327.0,0,0.0,0.0,,0.0,1,2.23,2.85,SPY200821C00330000,330.0,normalDay
2020-07-06,7637.0,-1179.0,0.0,100,317.05,327.0,0,0.0,0.0,,0.0,1,2.23,4.07,SPY200821C00330000,330.0,normalDay
2020-07-07,7637.0,-1420.0,0.0,100,313.78,327.0,0,0.0,0.0,,0.0,1,2.23,3.21,SPY200821C00330000,330.0,normalDay
2020-07-08,7637.0,-1218.0,0.0,100,316.18,327.0,0,0.0,0.0,,0.0,1,2.23,3.59,SPY200821C00330000,330.0,normalDay
2020-07-09,7637.0,-1345.0,0.0,100,314.38,327.0,0,0.0,0.0,,0.0,1,2.23,3.06,SPY200821C00330000,330.0,normalDay
2020-07-10,7637.0,-1100.0,0.0,100,317.59,327.0,0,0.0,0.0,,0.0,1,2.23,3.82,SPY200821C00330000,330.0,normalDay
2020-07-13,7637.0,-1335.0,0.0,100,314.84,327.0,0,0.0,0.0,,0.0,1,2.23,3.42,SPY200821C00330000,330.0,normalDay
2020-07-14,7637.0,-993.0,0.0,100,318.92,327.0,0,0.0,0.0,,0.0,1,2.23,4.08,SPY200821C00330000,330.0,normalDay
2020-07-15,7637.0,-799.0,0.0,100,321.85,327.0,0,0.0,0.0,,0.0,1,2.23,5.07,SPY200821C00330000,330.0,normalDay
2020-07-16,7637.0,-797.0,0.0,100,320.79,327.0,0,0.0,0.0,,0.0,1,2.23,3.99,SPY200821C00330000,330.0,normalDay
2020-07-17,7637.0,-731.0,0.0,100,321.72,327.0,0,0.0,0.0,,0.0,1,2.23,4.26,SPY200821C00330000,330.0,normalDay
2020-07-20,7637.0,-515.0,0.0,100,324.32,327.0,0,0.0,0.0,,0.0,1,2.23,4.7,SPY200821C00330000,330.0,normalDay
2020-07-21,7637.0,-483.0,0.0,100,325.01,327.0,0,0.0,0.0,,0.0,1,2.23,5.07,SPY200821C00330000,330.0,normalDay
2020-07-22,7637.0,-332.0,0.0,100,326.86,327.0,0,0.0,0.0,,0.0,1,2.23,5.41,SPY200821C00330000,330.0,normalDay
2020-07-23,7637.0,-556.0,0.0,100,322.96,327.0,0,0.0,0.0,,0.0,1,2.23,3.75,SPY200821C00330000,330.0,normalDay
2020-07-24,7637.0,-685.0,0.0,100,320.88,327.0,0,0.0,0.0,,0.0,1,2.23,2.96,SPY200821C00330000,330.0,normalDay
2020-07-27,7637.0,-474.0,0.0,100,323.22,327.0,0,0.0,0.0,,0.0,1,2.23,3.19,SPY200821C00330000,330.0,normalDay
2020-07-28,7637.0,-607.0,0.0,100,321.17,327.0,0,0.0,0.0,,0.0,1,2.23,2.47,SPY200821C00330000,330.0,normalDay
2020-07-29,7637.0,-321.0,0.0,100,325.12,327.0,0,0.0,0.0,,0.0,1,2.23,3.56,SPY200821C00330000,330.0,normalDay
2020-07-30,7637.0,-418.0,0.0,100,323.96,327.0,0,0.0,0.0,,0.0,1,2.23,3.37,SPY200821C00330000,330.0,normalDay
2020-07-31,7637.0,-232.0,0.0,100,326.52,327.0,0,0.0,0.0,,0.0,1,2.23,4.07,SPY200821C00330000,330.0,normalDay
2020-08-03,7637.0,-75.0,0.0,100,328.79,327.0,0,0.0,0.0,,0.0,1,2.23,4.77,SPY200821C00330000,330.0,normalDay
2020-08-04,7637.0,13.0,0.0,100,330.06,327.0,0,0.0,0.0,,0.0,1,2.23,5.16,SPY200821C00330000,330.0,normalDay
2020-08-05,7637.0,135.0,0.0,100,332.11,327.0,0,0.0,0.0,,0.0,1,2.23,5.99,SPY200821C00330000,330.0,normalDay
2020-08-06,7637.0,216.0,0.0,100,334.33,327.0,0,0.0,0.0,,0.0,1,2.23,7.4,SPY200821C00330000,330.0,normalDay
2020-08-07,7637.0,257.0,0.0,100,334.57,327.0,0,0.0,0.0,,0.0,1,2.23,7.23,SPY200821C00330000,330.0,normalDay
2020-08-10,7637.0,335.0,0.0,100,335.57,327.0,0,0.0,0.0,,0.0,1,2.23,7.45,SPY200821C00330000,330.0,normalDay
2020-08-11,7637.0,210.0,0.0,100,332.8,327.0,0,0.0,0.0,,0.0,1,2.23,5.93,SPY200821C00330000,330.0,normalDay
2020-08-12,7637.0,401.0,0.0,100,337.44,327.0,0,0.0,0.0,,0.0,1,2.23,8.66,SPY200821C00330000,330.0,normalDay
2020-08-13,7637.0,419.0,0.0,100,336.83,327.0,0,0.0,0.0,,0.0,1,2.23,7.87,SPY200821C00330000,330.0,normalDay
2020-08-14,7637.0,450.0,0.0,100,336.84,327.0,0,0.0,0.0,,0.0,1,2.23,7.57,SPY200821C00330000,330.0,normalDay
2020-08-17,7637.0,491.0,0.0,100,337.91,327.0,0,0.0,0.0,,0.0,1,2.23,8.23,SPY200821C00330000,330.0,normalDay
2020-08-18,7637.0,496.0,0.0,100,338.64,327.0,0,0.0,0.0,,0.0,1,2.23,8.91,SPY200821C00330000,330.0,normalDay
2020-08-19,7637.0,490.0,0.0,100,337.23,327.0,0,0.0,0.0,,0.0,1,2.23,7.56,SPY200821C00330000,330.0,normalDay
2020-08-20,7637.0,529.0,0.0,100,338.28,327.0,0,0.0,0.0,,0.0,1,2.23,8.22,SPY200821C00330000,330.0,normalDay
2020-08-21,8160.0,529.0,523.0,0,339.48,0.0,0,0.0,0.0,,0.0,1,2.23,0.0,SPY200821C00330000,330.0,expirationDay
2020-08-24,8160.0,-5.0,0.0,0,342.92,0.0,1,6.06,6.11,SPY201016P00329000,329.0,0,0.0,0.0,,0.0,normalDay
2020-08-25,8160.0,39.0,0.0,0,344.12,0.0,1,6.06,5.67,SPY201016P00329000,329.0,0,0.0,0.0,,0.0,normalDay
2020-08-26,8160.0,76.0,0.0,0,347.57,0.0,1,6.06,5.3,SPY201016P00329000,329.0,0,0.0,0.0,,0.0,normalDay
2020-08-27,8160.0,75.0,0.0,0,348.33,0.0,1,6.06,5.31,SPY201016P00329000,329.0,0,0.0,0.0,,0.0,normalDay
2020-08-28,8160.0,151.0,0.0,0,350.58,0.0,1,6.06,4.55,SPY201016P00329000,329.0,0,0.0,0.0,,0.0,normalDay
2020-08-31,8160.0,89.0,0.0,0,349.31,0.0,1,6.06,5.17,SPY201016P00329000,329.0,0,0.0,0.0,,0.0,normalDay
2020-09-01,8160.0,136.0,0.0,0,352.6,0.0,1,6.06,4.7,SPY201016P00329000,329.0,0,0.0,0.0,,0.0,normalDay
2020-09-02,8160.0,213.0,0.0,0,357.7,0.0,1,6.06,3.93,SPY201016P00329000,329.0,0,0.0,0.0,,0.0,normalDay
2020-09-03,8160.0,-127.0,0.0,0,345.39,0.0,1,6.06,7.33,SPY201016P00329000,329.0,0,0.0,0.0,,0.0,normalDay
2020-09-04,8160.0,-132.0,0.0,0,342.57,0.0,1,6.06,7.38,SPY201016P00329000,329.0,0,0.0,0.0,,0.0,normalDay
2020-09-08,8160.0,-369.0,0.0,0,333.21,0.0,1,6.06,9.75,SPY201016P00329000,329.0,0,0.0,0.0,,0.0,normalDay
2020-09-09,8160.0,-105.0,0.0,0,339.79,0.0,1,6.06,7.11,SPY201016P00329000,329.0,0,0.0,0.0,,0.0,normalDay
2020-09-10,8160.0,-276.0,0.0,0,333.89,0.0,1,6.06,8.82,SPY201016P00329000,329.0,0,0.0,0.0,,0.0,normalDay
2020-09-11,8160.0,-231.0,0.0,0,334.06,0.0,1,6.06,8.37,SPY201016P00329000,329.0,0,0.0,0.0,,0.0,normalDay
2020-09-14,8160.0,18.0,0.0,0,338.46,0.0,1,6.06,5.88,SPY201016P00329000,329.0,0,0.0,0.0,,0.0,normalDay
2020-09-15,8160.0,84.0,0.0,0,340.17,0.0,1,6.06,5.22,SPY201016P00329000,329.0,0,0.0,0.0,,0.0,normalDay
2020-09-16,8160.0,44.0,0.0,0,338.82,0.0,1,6.06,5.62,SPY201016P00329000,329.0,0,0.0,0.0,,0.0,normalDay
2020-09-17,8160.0,-18.0,0.0,0,335.84,0.0,1,6.06,6.24,SPY201016P00329000,329.0,0,0.0,0.0,,0.0,normalDay
2020-09-18,8160.0,-131.0,0.0,0,330.65,0.0,1,6.06,7.37,SPY201016P00329000,329.0,0,0.0,0.0,,0.0,normalDay
2020-09-21,8160.0,-273.0,0.0,0,326.97,0.0,1,6.06,8.79,SPY201016P00329000,329.0,0,0.0,0.0,,0.0,normalDay
2020-09-22,8160.0,-121.0,0.0,0,330.3,0.0,1,6.06,7.27,SPY201016P00329000,329.0,0,0.0,0.0,,0.0,normalDay
2020-09-23,8160.0,-503.0,0.0,0,322.64,0.0,1,6.06,11.09,SPY201016P00329000,329.0,0,0.0,0.0,,0.0,normalDay
2020-09-24,8160.0,-412.0,0.0,0,323.5,0.0,1,6.06,10.18,SPY201016P00329000,329.0,0,0.0,0.0,,0.0,normalDay
2020-09-25,8160.0,-111.0,0.0,0,328.73,0.0,1,6.06,7.17,SPY201016P00329000,329.0,0,0.0,0.0,,0.0,normalDay
2020-09-28,8160.0,129.0,0.0,0,334.19,0.0,1,6.06,4.77,SPY201016P00329000,329.0,0,0.0,0.0,,0.0,normalDay
2020-09-29,8160.0,87.0,0.0,0,332.37,0.0,1,6.06,5.19,SPY201016P00329000,329.0,0,0.0,0.0,,0.0,normalDay
2020-09-30,8160.0,125.0,0.0,0,334.89,0.0,1,6.06,4.81,SPY201016P00329000,329.0,0,0.0,0.0,,0.0,normalDay
2020-10-01,8160.0,241.0,0.0,0,337.04,0.0,1,6.06,3.65,SPY201016P00329000,329.0,0,0.0,0.0,,0.0,normalDay
2020-10-02,8160.0,168.0,0.0,0,333.84,0.0,1,6.06,4.38,SPY201016P00329000,329.0,0,0.0,0.0,,0.0,normalDay
2020-10-05,8160.0,391.0,0.0,0,339.76,0.0,1,6.06,2.15,SPY201016P00329000,329.0,0,0.0,0.0,,0.0,normalDay
2020-10-06,8160.0,290.0,0.0,0,334.93,0.0,1,6.06,3.16,SPY201016P00329000,329.0,0,0.0,0.0,,0.0,normalDay
2020-10-07,8160.0,470.0,0.0,0,340.76,0.0,1,6.06,1.36,SPY201016P00329000,329.0,0,0.0,0.0,,0.0,normalDay
2020-10-08,8160.0,543.0,0.0,0,343.78,0.0,1,6.06,0.63,SPY201016P00329000,329.0,0,0.0,0.0,,0.0,normalDay
2020-10-09,8160.0,582.0,0.0,0,346.85,0.0,1,6.06,0.24,SPY201016P00329000,329.0,0,0.0,0.0,,0.0,normalDay
2020-10-12,8160.0,594.0,0.0,0,352.43,0.0,1,6.06,0.12,SPY201016P00329000,329.0,0,0.0,0.0,,0.0,normalDay
2020-10-13,8160.0,598.0,0.0,0,350.13,0.0,1,6.06,0.08,SPY201016P00329000,329.0,0,0.0,0.0,,0.0,normalDay
2020-10-14,8160.0,599.0,0.0,0,347.93,0.0,1,6.06,0.07,SPY201016P00329000,329.0,0,0.0,0.0,,0.0,normalDay
2020-10-15,8160.0,603.0,0.0,0,347.5,0.0,1,6.06,0.03,SPY201016P00329000,329.0,0,0.0,0.0,,0.0,normalDay
2020-10-16,8766.0,0.0,606.0,0,347.29,0.0,1,6.06,0.0,SPY201016P00329000,329.0,0,0.0,0.0,,0.0,expirationDay
2020-10-19,8766.0,-8.0,0.0,0,342.01,0.0,1,7.74,7.82,SPY201127P00332000,332.0,0,0.0,0.0,,0.0,normalDay
2020-10-20,8766.0,11.0,0.0,0,343.38,0.0,1,7.74,7.63,SPY201127P00332000,332.0,0,0.0,0.0,,0.0,normalDay
2020-10-21,8766.0,57.0,0.0,0,342.73,0.0,1,7.74,7.17,SPY201127P00332000,332.0,0,0.0,0.0,,0.0,normalDay
2020-10-22,8766.0,119.0,0.0,0,344.61,0.0,1,7.74,6.55,SPY201127P00332000,332.0,0,0.0,0.0,,0.0,normalDay
2020-10-23,8766.0,164.0,0.0,0,345.78,0.0,1,7.74,6.1,SPY201127P00332000,332.0,0,0.0,0.0,,0.0,normalDay
2020-10-26,8766.0,-98.0,0.0,0,339.39,0.0,1,7.74,8.72,SPY201127P00332000,332.0,0,0.0,0.0,,0.0,normalDay
2020-10-27,8766.0,-130.0,0.0,0,338.22,0.0,1,7.74,9.04,SPY201127P00332000,332.0,0,0.0,0.0,,0.0,normalDay
2020-10-28,8766.0,-805.0,0.0,0,326.66,0.0,1,7.74,15.79,SPY201127P00332000,332.0,0,0.0,0.0,,0.0,normalDay
2020-10-29,8766.0,-484.0,0.0,0,329.98,0.0,1,7.74,12.58,SPY201127P00332000,332.0,0,0.0,0.0,,0.0,normalDay
2020-10-30,8766.0,-637.0,0.0,0,326.54,0.0,1,7.74,14.11,SPY201127P00332000,332.0,0,0.0,0.0,,0.0,normalDay
2020-11-02,8766.0,-393.0,0.0,0,330.2,0.0,1,7.74,11.67,SPY201127P00332000,332.0,0,0.0,0.0,,0.0,normalDay
2020-11-03,8766.0,-153.0,0.0,0,336.03,0.0,1,7.74,9.27,SPY201127P00332000,332.0,0,0.0,0.0,,0.0,normalDay
2020-11-04,8766.0,267.0,0.0,0,343.54,0.0,1,7.74,5.07,SPY201127P00332000,332.0,0,0.0,0.0,,0.0,normalDay
2020-11-05,8766.0,448.0,0.0,0,350.24,0.0,1,7.74,3.26,SPY201127P00332000,332.0,0,0.0,0.0,,0.0,normalDay
2020-11-06,8766.0,523.0,0.0,0,350.16,0.0,1,7.74,2.51,SPY201127P00332000,332.0,0,0.0,0.0,,0.0,normalDay
2020-11-09,8766.0,613.0,0.0,0,354.56,0.0,1,7.74,1.61,SPY201127P00332000,332.0,0,0.0,0.0,,0.0,normalDay
2020-11-10,8766.0,632.0,0.0,0,354.04,0.0,1,7.74,1.42,SPY201127P00332000,332.0,0,0.0,0.0,,0.0,normalDay
2020-11-11,8766.0,680.0,0.0,0,356.67,0.0,1,7.74,0.94,SPY201127P00332000,332.0,0,0.0,0.0,,0.0,normalDay
2020-11-12,8766.0,641.0,0.0,0,353.21,0.0,1,7.74,1.33,SPY201127P00332000,332.0,0,0.0,0.0,,0.0,normalDay
2020-11-13,8766.0,703.0,0.0,0,358.1,0.0,1,7.74,0.71,SPY201127P00332000,332.0,0,0.0,0.0,,0.0,normalDay
2020-11-16,8766.0,745.0,0.0,0,362.57,0.0,1,7.74,0.29,SPY201127P00332000,332.0,0,0.0,0.0,,0.0,normalDay
2020-11-17,8766.0,751.0,0.0,0,360.62,0.0,1,7.74,0.23,SPY201127P00332000,332.0,0,0.0,0.0,,0.0,normalDay
2020-11-18,8766.0,746.0,0.0,0,356.28,0.0,1,7.74,0.28,SPY201127P00332000,332.0,0,0.0,0.0,,0.0,normalDay
2020-11-19,8766.0,754.0,0.0,0,357.78,0.0,1,7.74,0.2,SPY201127P00332000,332.0,0,0.0,0.0,,0.0,normalDay
2020-11-20,8766.0,762.0,0.0,0,355.33,0.0,1,7.74,0.12,SPY201127P00332000,332.0,0,0.0,0.0,,0.0,normalDay
2020-11-23,8766.0,770.0,0.0,0,357.46,0.0,1,7.74,0.04,SPY201127P00332000,332.0,0,0.0,0.0,,0.0,normalDay
2020-11-24,8766.0,772.0,0.0,0,363.22,0.0,1,7.74,0.02,SPY201127P00332000,332.0,0,0.0,0.0,,0.0,normalDay
2020-11-25,8766.0,773.0,0.0,0,362.66,0.0,1,7.74,0.01,SPY201127P00332000,332.0,0,0.0,0.0,,0.0,normalDay
2020-11-27,9540.0,0.0,774.0,0,363.67,0.0,1,7.74,0.0,SPY201127P00332000,332.0,0,0.0,0.0,,0.0,expirationDay
2020-11-30,9540.0,-5.0,0.0,0,362.06,0.0,1,5.22,5.27,SPY210115P00347000,347.0,0,0.0,0.0,,0.0,normalDay
2020-12-01,9540.0,55.0,0.0,0,366.02,0.0,1,5.22,4.67,SPY210115P00347000,347.0,0,0.0,0.0,,0.0,normalDay
2020-12-02,9540.0,79.0,0.0,0,366.79,0.0,1,5.22,4.43,SPY210115P00347000,347.0,0,0.0,0.0,,0.0,normalDay
2020-12-03,9540.0,76.0,0.0,0,366.69,0.0,1,5.22,4.46,SPY210115P00347000,347.0,0,0.0,0.0,,0.0,normalDay
2020-12-04,9540.0,155.0,0.0,0,369.85,0.0,1,5.22,3.67,SPY210115P00347000,347.0,0,0.0,0.0,,0.0,normalDay
2020-12-07,9540.0,158.0,0.0,0,369.09,0.0,1,5.22,3.64,SPY210115P00347000,347.0,0,0.0,0.0,,0.0,normalDay
2020-12-08,9540.0,218.0,0.0,0,370.17,0.0,1,5.22,3.04,SPY210115P00347000,347.0,0,0.0,0.0,,0.0,normalDay
2020-12-09,9540.0,136.0,0.0,0,366.85,0.0,1,5.22,3.86,SPY210115P00347000,347.0,0,0.0,0.0,,0.0,normalDay
2020-12-10,9540.0,145.0,0.0,0,366.73,0.0,1,5.22,3.77,SPY210115P00347000,347.0,0,0.0,0.0,,0.0,normalDay
2020-12-11,9540.0,124.0,0.0,0,366.3,0.0,1,5.22,3.98,SPY210115P00347000,347.0,0,0.0,0.0,,0.0,normalDay
2020-12-14,9540.0,100.0,0.0,0,364.66,0.0,1,5.22,4.22,SPY210115P00347000,347.0,0,0.0,0.0,,0.0,normalDay
2020-12-15,9540.0,212.0,0.0,0,369.59,0.0,1,5.22,3.1,SPY210115P00347000,347.0,0,0.0,0.0,,0.0,normalDay
2020-12-16,9540.0,250.0,0.0,0,370.17,0.0,1,5.22,2.72,SPY210115P00347000,347.0,0,0.0,0.0,,0.0,normalDay
2020-12-17,9540.0,302.0,0.0,0,372.24,0.0,1,5.22,2.2,SPY210115P00347000,347.0,0,0.0,0.0,,0.0,normalDay
2020-12-18,9540.0,305.0,0.0,0,369.18,0.0,1,5.22,2.17,SPY210115P00347000,347.0,0,0.0,0.0,,0.0,normalDay
2020-12-21,9540.0,228.0,0.0,0,367.86,0.0,1,5.22,2.94,SPY210115P00347000,347.0,0,0.0,0.0,,0.0,normalDay
2020-12-22,9540.0,249.0,0.0,0,367.24,0.0,1,5.22,2.73,SPY210115P00347000,347.0,0,0.0,0.0,,0.0,normalDay
2020-12-23,9540.0,284.0,0.0,0,367.57,0.0,1,5.22,2.38,SPY210115P00347000,347.0,0,0.0,0.0,,0.0,normalDay
2020-12-24,9540.0,342.0,0.0,0,369.0,0.0,1,5.22,1.8,SPY210115P00347000,347.0,0,0.0,0.0,,0.0,normalDay
2020-12-28,9540.0,403.0,0.0,0,372.17,0.0,1,5.22,1.19,SPY210115P00347000,347.0,0,0.0,0.0,,0.0,normalDay
2020-12-29,9540.0,391.0,0.0,0,371.46,0.0,1,5.22,1.31,SPY210115P00347000,347.0,0,0.0,0.0,,0.0,normalDay
2020-12-30,9540.0,407.0,0.0,0,371.99,0.0,1,5.22,1.15,SPY210115P00347000,347.0,0,0.0,0.0,,0.0,normalDay
2020-12-31,9540.0,431.0,0.0,0,373.88,0.0,1,5.22,0.91,SPY210115P00347000,347.0,0,0.0,0.0,,0.0,normalDay
2021-01-04,9540.0,386.0,0.0,0,368.79,0.0,1,5.22,1.36,SPY210115P00347000,347.0,0,0.0,0.0,,0.0,normalDay
2021-01-05,9540.0,430.0,0.0,0,371.33,0.0,1,5.22,0.92,SPY210115P00347000,347.0,0,0.0,0.0,,0.0,normalDay
2021-01-06,9540.0,441.0,0.0,0,373.55,0.0,1,5.22,0.81,SPY210115P00347000,347.0,0,0.0,0.0,,0.0,normalDay
2021-01-07,9540.0,493.0,0.0,0,379.1,0.0,1,5.22,0.29,SPY210115P00347000,347.0,0,0.0,0.0,,0.0,normalDay
2021-01-08,9540.0,507.0,0.0,0,381.26,0.0,1,5.22,0.15,SPY210115P00347000,347.0,0,0.0,0.0,,0.0,normalDay
2021-01-11,9540.0,509.0,0.0,0,378.69,0.0,1,5.22,0.13,SPY210115P00347000,347.0,0,0.0,0.0,,0.0,normalDay
2021-01-12,9540.0,514.0,0.0,0,378.77,0.0,1,5.22,0.08,SPY210115P00347000,347.0,0,0.0,0.0,,0.0,normalDay
2021-01-13,9540.0,517.0,0.0,0,379.79,0.0,1,5.22,0.05,SPY210115P00347000,347.0,0,0.0,0.0,,0.0,normalDay
2021-01-14,9540.0,519.0,0.0,0,378.46,0.0,1,5.22,0.03,SPY210115P00347000,347.0,0,0.0,0.0,,0.0,normalDay
2021-01-15,10062.0,0.0,522.0,0,375.7,0.0,1,5.22,0.0,SPY210115P00347000,347.0,0,0.0,0.0,,0.0,expirationDay
2021-01-19,10062.0,-6.0,0.0,0,378.65,0.0,1,6.44,6.5,SPY210226P00370000,370.0,0,0.0,0.0,,0.0,normalDay
2021-01-20,10062.0,165.0,0.0,0,383.89,0.0,1,6.44,4.79,SPY210226P00370000,370.0,0,0.0,0.0,,0.0,normalDay
2021-01-21,10062.0,190.0,0.0,0,384.24,0.0,1,6.44,4.54,SPY210226P00370000,370.0,0,0.0,0.0,,0.0,normalDay
2021-01-22,10062.0,164.0,0.0,0,382.88,0.0,1,6.44,4.8,SPY210226P00370000,370.0,0,0.0,0.0,,0.0,normalDay
2021-01-25,10062.0,192.0,0.0,0,384.39,0.0,1,6.44,4.52,SPY210226P00370000,370.0,0,0.0,0.0,,0.0,normalDay
2021-01-26,10062.0,207.0,0.0,0,383.79,0.0,1,6.44,4.37,SPY210226P00370000,370.0,0,0.0,0.0,,0.0,normalDay
2021-01-27,10062.0,-341.0,0.0,0,374.41,0.0,1,6.44,9.85,SPY210226P00370000,370.0,0,0.0,0.0,,0.0,normalDay
2021-01-28,10062.0,-94.0,0.0,0,377.63,0.0,1,6.44,7.38,SPY210226P00370000,370.0,0,0.0,0.0,,0.0,normalDay
2021-01-29,10062.0,-499.0,0.0,0,370.07,0.0,1,6.44,11.43,SPY210226P00370000,370.0,0,0.0,0.0,,0.0,normalDay
2021-02-01,10062.0,-97.0,0.0,0,376.23,0.0,1,6.44,7.41,SPY210226P00370000,370.0,0,0.0,0.0,,0.0,normalDay
2021-02-02,10062.0,211.0,0.0,0,381.55,0.0,1,6.44,4.33,SPY210226P00370000,370.0,0,0.0,0.0,,0.0,normalDay
2021-02-03,10062.0,285.0,0.0,0,381.85,0.0,1,6.44,3.59,SPY210226P00370000,370.0,0,0.0,0.0,,0.0,normalDay
2021-02-04,10062.0,394.0,0.0,0,386.19,0.0,1,6.44,2.5,SPY210226P00370000,370.0,0,0.0,0.0,,0.0,normalDay
2021-02-05,10062.0,449.0,0.0,0,387.71,0.0,1,6.44,1.95,SPY210226P00370000,370.0,0,0.0,0.0,,0.0,normalDay
2021-02-08,10062.0,498.0,0.0,0,390.51,0.0,1,6.44,1.46,SPY210226P00370000,370.0,0,0.0,0.0,,0.0,normalDay
2021-02-09,10062.0,505.0,0.0,0,390.25,0.0,1,6.44,1.39,SPY210226P00370000,370.0,0,0.0,0.0,,0.0,normalDay
2021-02-10,10062.0,501.0,0.0,0,390.08,0.0,1,6.44,1.43,SPY210226P00370000,370.0,0,0.0,0.0,,0.0,normalDay
2021-02-11,10062.0,527.0,0.0,0,390.71,0.0,1,6.44,1.17,SPY210226P00370000,370.0,0,0.0,0.0,,0.0,normalDay
2021-02-12,10062.0,575.0,0.0,0,392.64,0.0,1,6.44,0.69,SPY210226P00370000,370.0,0,0.0,0.0,,0.0,normalDay
2021-02-16,10062.0,579.0,0.0,0,392.3,0.0,1,6.44,0.65,SPY210226P00370000,370.0,0,0.0,0.0,,0.0,normalDay
2021-02-17,10062.0,596.0,0.0,0,392.39,0.0,1,6.44,0.48,SPY210226P00370000,370.0,0,0.0,0.0,,0.0,normalDay
2021-02-18,10062.0,591.0,0.0,0,390.72,0.0,1,6.44,0.53,SPY210226P00370000,370.0,0,0.0,0.0,,0.0,normalDay
2021-02-19,10062.0,615.0,0.0,0,390.03,0.0,1,6.44,0.29,SPY210226P00370000,370.0,0,0.0,0.0,,0.0,normalDay
2021-02-22,10062.0,616.0,0.0,0,387.03,0.0,1,6.44,0.28,SPY210226P00370000,370.0,0,0.0,0.0,,0.0,normalDay
2021-02-23,10062.0,626.0,0.0,0,387.5,0.0,1,6.44,0.18,SPY210226P00370000,370.0,0,0.0,0.0,,0.0,normalDay
2021-02-24,10062.0,640.0,0.0,0,391.77,0.0,1,6.44,0.04,SPY210226P00370000,370.0,0,0.0,0.0,,0.0,normalDay
2021-02-25,10062.0,623.0,0.0,0,382.33,0.0,1,6.44,0.21,SPY210226P00370000,370.0,0,0.0,0.0,,0.0,normalDay
2021-02-26,10706.0,0.0,644.0,0,380.36,0.0,1,6.44,0.0,SPY210226P00370000,370.0,0,0.0,0.0,,0.0,expirationDay
2021-03-01,10706.0,-5.0,0.0,0,389.58,0.0,1,8.59,8.64,SPY210416P00384000,384.0,0,0.0,0.0,,0.0,normalDay
2021-03-02,10706.0,-143.0,0.0,0,386.54,0.0,1,8.59,10.02,SPY210416P00384000,384.0,0,0.0,0.0,,0.0,normalDay
2021-03-03,10706.0,-398.0,0.0,0,381.42,0.0,1,8.59,12.57,SPY210416P00384000,384.0,0,0.0,0.0,,0.0,normalDay
2021-03-04,10706.0,-660.0,0.0,0,376.7,0.0,1,8.59,15.19,SPY210416P00384000,384.0,0,0.0,0.0,,0.0,normalDay
2021-03-05,10706.0,-224.0,0.0,0,383.63,0.0,1,8.59,10.83,SPY210416P00384000,384.0,0,0.0,0.0,,0.0,normalDay
2021-03-08,10706.0,-296.0,0.0,0,381.72,0.0,1,8.59,11.55,SPY210416P00384000,384.0,0,0.0,0.0,,0.0,normalDay
2021-03-09,10706.0,-32.0,0.0,0,387.17,0.0,1,8.59,8.91,SPY210416P00384000,384.0,0,0.0,0.0,,0.0,normalDay
2021-03-10,10706.0,128.0,0.0,0,389.58,0.0,1,8.59,7.31,SPY210416P00384000,384.0,0,0.0,0.0,,0.0,normalDay
2021-03-11,10706.0,256.0,0.0,0,393.53,0.0,1,8.59,6.03,SPY210416P00384000,384.0,0,0.0,0.0,,0.0,normalDay
2021-03-12,10706.0,335.0,0.0,0,394.06,0.0,1,8.59,5.24,SPY210416P00384000,384.0,0,0.0,0.0,,0.0,normalDay
2021-03-15,10706.0,446.0,0.0,0,396.41,0.0,1,8.59,4.13,SPY210416P00384000,384.0,0,0.0,0.0,,0.0,normalDay
2021-03-16,10706.0,441.0,0.0,0,395.91,0.0,1,8.59,4.18,SPY210416P00384000,384.0,0,0.0,0.0,,0.0,normalDay
2021-03-17,10706.0,502.0,0.0,0,397.26,0.0,1,8.59,3.57,SPY210416P00384000,384.0,0,0.0,0.0,,0.0,normalDay
2021-03-18,10706.0,350.0,0.0,0,391.48,0.0,1,8.59,5.09,SPY210416P00384000,384.0,0,0.0,0.0,,0.0,normalDay
2021-03-19,10706.0,331.0,0.0,0,389.48,0.0,1,8.59,5.28,SPY210416P00384000,384.0,0,0.0,0.0,,0.0,normalDay
2021-03-22,10706.0,520.0,0.0,0,392.59,0.0,1,8.59,3.39,SPY210416P00384000,384.0,0,0.0,0.0,,0.0,normalDay
2021-03-23,10706.0,410.0,0.0,0,389.5,0.0,1,8.59,4.49,SPY210416P00384000,384.0,0,0.0,0.0,,0.0,normalDay
2021-03-24,10706.0,345.0,0.0,0,387.52,0.0,1,8.59,5.14,SPY210416P00384000,384.0,0,0.0,0.0,,0.0,normalDay
2021-03-25,10706.0,461.0,0.0,0,389.7,0.0,1,8.59,3.98,SPY210416P00384000,384.0,0,0.0,0.0,,0.0,normalDay
2021-03-26,10706.0,616.0,0.0,0,395.98,0.0,1,8.59,2.43,SPY210416P00384000,384.0,0,0.0,0.0,,0.0,normalDay
2021-03-29,10706.0,601.0,0.0,0,395.78,0.0,1,8.59,2.58,SPY210416P00384000,384.0,0,0.0,0.0,,0.0,normalDay
2021-03-30,10706.0,619.0,0.0,0,394.73,0.0,1,8.59,2.4,SPY210416P00384000,384.0,0,0.0,0.0,,0.0,normalDay
2021-03-31,10706.0,675.0,0.0,0,396.33,0.0,1,8.59,1.84,SPY210416P00384000,384.0,0,0.0,0.0,,0.0,normalDay
2021-04-01,10706.0,766.0,0.0,0,400.61,0.0,1,8.59,0.93,SPY210416P00384000,384.0,0,0.0,0.0,,0.0,normalDay
2021-04-05,10706.0,812.0,0.0,0,406.36,0.0,1,8.59,0.47,SPY210416P00384000,384.0,0,0.0,0.0,,0.0,normalDay
2021-04-06,10706.0,816.0,0.0,0,406.12,0.0,1,8.59,0.43,SPY210416P00384000,384.0,0,0.0,0.0,,0.0,normalDay
2021-04-07,10706.0,832.0,0.0,0,406.59,0.0,1,8.59,0.27,SPY210416P00384000,384.0,0,0.0,0.0,,0.0,normalDay
2021-04-08,10706.0,841.0,0.0,0,408.52,0.0,1,8.59,0.18,SPY210416P00384000,384.0,0,0.0,0.0,,0.0,normalDay
2021-04-09,10706.0,850.0,0.0,0,411.49,0.0,1,8.59,0.09,SPY210416P00384000,384.0,0,0.0,0.0,,0.0,normalDay
2021-04-12,10706.0,855.0,0.0,0,411.64,0.0,1,8.59,0.04,SPY210416P00384000,384.0,0,0.0,0.0,,0.0,normalDay
2021-04-13,10706.0,856.0,0.0,0,412.86,0.0,1,8.59,0.03,SPY210416P00384000,384.0,0,0.0,0.0,,0.0,normalDay
2021-04-14,10706.0,856.0,0.0,0,411.45,0.0,1,8.59,0.03,SPY210416P00384000,384.0,0,0.0,0.0,,0.0,normalDay
2021-04-15,10706.0,857.0,0.0,0,415.87,0.0,1,8.59,0.02,SPY210416P00384000,384.0,0,0.0,0.0,,0.0,normalDay
2021-04-16,11565.0,0.0,859.0,0,417.26,0.0,1,8.59,0.0,SPY210416P00384000,384.0,0,0.0,0.0,,0.0,expirationDay
2021-04-19,11565.0,-6.0,0.0,0,415.21,0.0,1,3.14,3.2,SPY210528P00395000,395.0,0,0.0,0.0,,0.0,normalDay
2021-04-20,11565.0,-94.0,0.0,0,412.17,0.0,1,3.14,4.08,SPY210528P00395000,395.0,0,0.0,0.0,,0.0,normalDay
2021-04-21,11565.0,16.0,0.0,0,416.07,0.0,1,3.14,2.98,SPY210528P00395000,395.0,0,0.0,0.0,,0.0,normalDay
2021-04-22,11565.0,-73.0,0.0,0,412.27,0.0,1,3.14,3.87,SPY210528P00395000,395.0,0,0.0,0.0,,0.0,normalDay
2021-04-23,11565.0,44.0,0.0,0,416.74,0.0,1,3.14,2.7,SPY210528P00395000,395.0,0,0.0,0.0,,0.0,normalDay
2021-04-26,11565.0,77.0,0.0,0,417.61,0.0,1,3.14,2.37,SPY210528P00395000,395.0,0,0.0,0.0,,0.0,normalDay
2021-04-27,11565.0,83.0,0.0,0,417.52,0.0,1,3.14,2.31,SPY210528P00395000,395.0,0,0.0,0.0,,0.0,normalDay
2021-04-28,11565.0,105.0,0.0,0,417.4,0.0,1,3.14,2.09,SPY210528P00395000,395.0,0,0.0,0.0,,0.0,normalDay
2021-04-29,11565.0,126.0,0.0,0,420.06,0.0,1,3.14,1.88,SPY210528P00395000,395.0,0,0.0,0.0,,0.0,normalDay
2021-04-30,11565.0,92.0,0.0,0,417.3,0.0,1,3.14,2.22,SPY210528P00395000,395.0,0,0.0,0.0,,0.0,normalDay
2021-05-03,11565.0,129.0,0.0,0,418.2,0.0,1,3.14,1.85,SPY210528P00395000,395.0,0,0.0,0.0,,0.0,normalDay
2021-05-04,11565.0,81.0,0.0,0,415.62,0.0,1,3.14,2.33,SPY210528P00395000,395.0,0,0.0,0.0,,0.0,normalDay
2021-05-05,11565.0,95.0,0.0,0,415.75,0.0,1,3.14,2.19,SPY210528P00395000,395.0,0,0.0,0.0,,0.0,normalDay
2021-05-06,11565.0,157.0,0.0,0,419.07,0.0,1,3.14,1.57,SPY210528P00395000,395.0,0,0.0,0.0,,0.0,normalDay
2021-05-07,11565.0,207.0,0.0,0,422.12,0.0,1,3.14,1.07,SPY210528P00395000,395.0,0,0.0,0.0,,0.0,normalDay
2021-05-10,11565.0,148.0,0.0,0,417.94,0.0,1,3.14,1.66,SPY210528P00395000,395.0,0,0.0,0.0,,0.0,normalDay
2021-05-11,11565.0,89.0,0.0,0,414.21,0.0,1,3.14,2.25,SPY210528P00395000,395.0,0,0.0,0.0,,0.0,normalDay
2021-05-12,11565.0,-185.0,0.0,0,405.41,0.0,1,3.14,4.99,SPY210528P00395000,395.0,0,0.0,0.0,,0.0,normalDay
2021-05-13,11565.0,27.0,0.0,0,410.28,0.0,1,3.14,2.87,SPY210528P00395000,395.0,0,0.0,0.0,,0.0,normalDay
2021-05-14,11565.0,203.0,0.0,0,416.58,0.0,1,3.14,1.11,SPY210528P00395000,395.0,0,0.0,0.0,,0.0,normalDay
2021-05-17,11565.0,218.0,0.0,0,415.52,0.0,1,3.14,0.96,SPY210528P00395000,395.0,0,0.0,0.0,,0.0,normalDay
2021-05-18,11565.0,177.0,0.0,0,411.94,0.0,1,3.14,1.37,SPY210528P00395000,395.0,0,0.0,0.0,,0.0,normalDay
2021-05-19,11565.0,180.0,0.0,0,410.86,0.0,1,3.14,1.34,SPY210528P00395000,395.0,0,0.0,0.0,,0.0,normalDay
2021-05-20,11565.0,250.0,0.0,0,415.28,0.0,1,3.14,0.64,SPY210528P00395000,395.0,0,0.0,0.0,,0.0,normalDay
2021-05-21,11565.0,274.0,0.0,0,414.94,0.0,1,3.14,0.4,SPY210528P00395000,395.0,0,0.0,0.0,,0.0,normalDay
2021-05-24,11565.0,306.0,0.0,0,419.17,0.0,1,3.14,0.08,SPY210528P00395000,395.0,0,0.0,0.0,,0.0,normalDay
2021-05-25,11565.0,305.0,0.0,0,418.24,0.0,1,3.14,0.09,SPY210528P00395000,395.0,0,0.0,0.0,,0.0,normalDay
2021-05-26,11565.0,310.0,0.0,0,419.07,0.0,1,3.14,0.04,SPY210528P00395000,395.0,0,0.0,0.0,,0.0,normalDay
2021-05-27,11565.0,312.0,0.0,0,419.29,0.0,1,3.14,0.02,SPY210528P00395000,395.0,0,0.0,0.0,,0.0,normalDay
2021-05-28,11879.0,0.0,314.0,0,420.04,0.0,1,3.14,0.0,SPY210528P00395000,395.0,0,0.0,0.0,,0.0,expirationDay
2021-06-01,11879.0,-6.0,0.0,0,419.67,0.0,1,6.44,6.5,SPY210716P00413000,413.0,0,0.0,0.0,,0.0,normalDay
2021-06-02,11879.0,42.0,0.0,0,420.33,0.0,1,6.44,6.02,SPY210716P00413000,413.0,0,0.0,0.0,,0.0,normalDay
2021-06-03,11879.0,-22.0,0.0,0,418.77,0.0,1,6.44,6.66,SPY210716P00413000,413.0,0,0.0,0.0,,0.0,normalDay
2021-06-04,11879.0,138.0,0.0,0,422.6,0.0,1,6.44,5.06,SPY210716P00413000,413.0,0,0.0,0.0,,0.0,normalDay
2021-06-07,11879.0,179.0,0.0,0,422.19,0.0,1,6.44,4.65,SPY210716P00413000,413.0,0,0.0,0.0,,0.0,normalDay
2021-06-08,11879.0,171.0,0.0,0,422.28,0.0,1,6.44,4.73,SPY210716P00413000,413.0,0,0.0,0.0,,0.0,normalDay
2021-06-09,11879.0,138.0,0.0,0,421.65,0.0,1,6.44,5.06,SPY210716P00413000,413.0,0,0.0,0.0,,0.0,normalDay
2021-06-10,11879.0,261.0,0.0,0,423.61,0.0,1,6.44,3.83,SPY210716P00413000,413.0,0,0.0,0.0,,0.0,normalDay
2021-06-11,11879.0,295.0,0.0,0,424.31,0.0,1,6.44,3.49,SPY210716P00413000,413.0,0,0.0,0.0,,0.0,normalDay
2021-06-14,11879.0,318.0,0.0,0,425.26,0.0,1,6.44,3.26,SPY210716P00413000,413.0,0,0.0,0.0,,0.0,normalDay
2021-06-15,11879.0,295.0,0.0,0,424.48,0.0,1,6.44,3.49,SPY210716P00413000,413.0,0,0.0,0.0,,0.0,normalDay
2021-06-16,11879.0,226.0,0.0,0,422.11,0.0,1,6.44,4.18,SPY210716P00413000,413.0,0,0.0,0.0,,0.0,normalDay
2021-06-17,11879.0,254.0,0.0,0,421.97,0.0,1,6.44,3.9,SPY210716P00413000,413.0,0,0.0,0.0,,0.0,normalDay
2021-06-18,11879.0,-14.0,0.0,0,414.92,0.0,1,6.44,6.58,SPY210716P00413000,413.0,0,0.0,0.0,,0.0,normalDay
2021-06-21,11879.0,294.0,0.0,0,420.86,0.0,1,6.44,3.5,SPY210716P00413000,413.0,0,0.0,0.0,,0.0,normalDay
2021-06-22,11879.0,376.0,0.0,0,423.11,0.0,1,6.44,2.68,SPY210716P00413000,413.0,0,0.0,0.0,,0.0,normalDay
2021-06-23,11879.0,390.0,0.0,0,422.6,0.0,1,6.44,2.54,SPY210716P00413000,413.0,0,0.0,0.0,,0.0,normalDay
2021-06-24,11879.0,449.0,0.0,0,425.1,0.0,1,6.44,1.95,SPY210716P00413000,413.0,0,0.0,0.0,,0.0,normalDay
2021-06-25,11879.0,495.0,0.0,0,426.61,0.0,1,6.44,1.49,SPY210716P00413000,413.0,0,0.0,0.0,,0.0,normalDay
2021-06-28,11879.0,519.0,0.0,0,427.47,0.0,1,6.44,1.25,SPY210716P00413000,413.0,0,0.0,0.0,,0.0,normalDay
2021-06-29,11879.0,525.0,0.0,0,427.7,0.0,1,6.44,1.19,SPY210716P00413000,413.0,0,0.0,0.0,,0.0,normalDay
2021-06-30,11879.0,545.0,0.0,0,428.06,0.0,1,6.44,0.99,SPY210716P00413000,413.0,0,0.0,0.0,,0.0,normalDay
2021-07-01,11879.0,561.0,0.0,0,430.43,0.0,1,6.44,0.83,SPY210716P00413000,413.0,0,0.0,0.0,,0.0,normalDay
2021-07-02,11879.0,592.0,0.0,0,433.72,0.0,1,6.44,0.52,SPY210716P00413000,413.0,0,0.0,0.0,,0.0,normalDay
2021-07-06,11879.0,593.0,0.0,0,432.93,0.0,1,6.44,0.51,SPY210716P00413000,413.0,0,0.0,0.0,,0.0,normalDay
2021-07-07,11879.0,609.0,0.0,0,434.46,0.0,1,6.44,0.35,SPY210716P00413000,413.0,0,0.0,0.0,,0.0,normalDay
2021-07-08,11879.0,566.0,0.0,0,430.92,0.0,1,6.44,0.78,SPY210716P00413000,413.0,0,0.0,0.0,,0.0,normalDay
2021-07-09,11879.0,622.0,0.0,0,435.52,0.0,1,6.44,0.22,SPY210716P00413000,413.0,0,0.0,0.0,,0.0,normalDay
2021-07-12,11879.0,635.0,0.0,0,437.08,0.0,1,6.44,0.09,SPY210716P00413000,413.0,0,0.0,0.0,,0.0,normalDay
2021-07-13,11879.0,633.0,0.0,0,435.59,0.0,1,6.44,0.11,SPY210716P00413000,413.0,0,0.0,0.0,,0.0,normalDay
2021-07-14,11879.0,640.0,0.0,0,436.24,0.0,1,6.44,0.04,SPY210716P00413000,413.0,0,0.0,0.0,,0.0,normalDay
2021-07-15,11879.0,641.0,0.0,0,434.75,0.0,1,6.44,0.03,SPY210716P00413000,413.0,0,0.0,0.0,,0.0,normalDay
2021-07-16,12523.0,0.0,644.0,0,431.34,0.0,1,6.44,0.0,SPY210716P00413000,413.0,0,0.0,0.0,,0.0,expirationDay
2021-07-19,12523.0,-12.0,0.0,0,424.97,0.0,1,10.0,10.12,SPY210827P00426000,426.0,0,0.0,0.0,,0.0,normalDay
2021-07-20,12523.0,293.0,0.0,0,431.06,0.0,1,10.0,7.07,SPY210827P00426000,426.0,0,0.0,0.0,,0.0,normalDay
2021-07-21,12523.0,467.0,0.0,0,434.55,0.0,1,10.0,5.33,SPY210827P00426000,426.0,0,0.0,0.0,,0.0,normalDay
2021-07-22,12523.0,498.0,0.0,0,435.46,0.0,1,10.0,5.02,SPY210827P00426000,426.0,0,0.0,0.0,,0.0,normalDay
2021-07-23,12523.0,607.0,0.0,0,439.94,0.0,1,10.0,3.93,SPY210827P00426000,426.0,0,0.0,0.0,,0.0,normalDay
2021-07-26,12523.0,651.0,0.0,0,441.02,0.0,1,10.0,3.49,SPY210827P00426000,426.0,0,0.0,0.0,,0.0,normalDay
2021-07-27,12523.0,566.0,0.0,0,439.01,0.0,1,10.0,4.34,SPY210827P00426000,426.0,0,0.0,0.0,,0.0,normalDay
2021-07-28,12523.0,612.0,0.0,0,438.83,0.0,1,10.0,3.88,SPY210827P00426000,426.0,0,0.0,0.0,,0.0,normalDay
2021-07-29,12523.0,683.0,0.0,0,440.65,0.0,1,10.0,3.17,SPY210827P00426000,426.0,0,0.0,0.0,,0.0,normalDay
2021-07-30,12523.0,656.0,0.0,0,438.51,0.0,1,10.0,3.44,SPY210827P00426000,426.0,0,0.0,0.0,,0.0,normalDay
2021-08-02,12523.0,626.0,0.0,0,437.59,0.0,1,10.0,3.74,SPY210827P00426000,426.0,0,0.0,0.0,,0.0,normalDay
2021-08-03,12523.0,738.0,0.0,0,441.15,0.0,1,10.0,2.62,SPY210827P00426000,426.0,0,0.0,0.0,,0.0,normalDay
2021-08-04,12523.0,722.0,0.0,0,438.98,0.0,1,10.0,2.78,SPY210827P00426000,426.0,0,0.0,0.0,,0.0,normalDay
2021-08-05,12523.0,785.0,0.0,0,441.76,0.0,1,10.0,2.15,SPY210827P00426000,426.0,0,0.0,0.0,,0.0,normalDay
2021-08-06,12523.0,834.0,0.0,0,442.49,0.0,1,10.0,1.66,SPY210827P00426000,426.0,0,0.0,0.0,,0.0,normalDay
2021-08-09,12523.0,849.0,0.0,0,442.13,0.0,1,10.0,1.51,SPY210827P00426000,426.0,0,0.0,0.0,,0.0,normalDay
2021-08-10,12523.0,853.0,0.0,0,442.68,0.0,1,10.0,1.47,SPY210827P00426000,426.0,0,0.0,0.0,,0.0,normalDay
2021-08-11,12523.0,892.0,0.0,0,443.78,0.0,1,10.0,1.08,SPY210827P00426000,426.0,0,0.0,0.0,,0.0,normalDay
2021-08-12,12523.0,919.0,0.0,0,445.11,0.0,1,10.0,0.81,SPY210827P00426000,426.0,0,0.0,0.0,,0.0,normalDay
2021-08-13,12523.0,938.0,0.0,0,445.92,0.0,1,10.0,0.62,SPY210827P00426000,426.0,0,0.0,0.0,,0.0,normalDay
2021-08-16,12523.0,951.0,0.0,0,446.97,0.0,1,10.0,0.49,SPY210827P00426000,426.0,0,0.0,0.0,,0.0,normalDay
2021-08-17,12523.0,910.0,0.0,0,444.04,0.0,1,10.0,0.9,SPY210827P00426000,426.0,0,0.0,0.0,,0.0,normalDay
2021-08-18,12523.0,809.0,0.0,0,439.18,0.0,1,10.0,1.91,SPY210827P00426000,426.0,0,0.0,0.0,,0.0,normalDay
2021-08-19,12523.0,847.0,0.0,0,439.86,0.0,1,10.0,1.53,SPY210827P00426000,426.0,0,0.0,0.0,,0.0,normalDay
2021-08-20,12523.0,962.0,0.0,0,443.36,0.0,1,10.0,0.38,SPY210827P00426000,426.0,0,0.0,0.0,,0.0,normalDay
2021-08-23,12523.0,990.0,0.0,0,447.26,0.0,1,10.0,0.1,SPY210827P00426000,426.0,0,0.0,0.0,,0.0,normalDay
2021-08-24,12523.0,993.0,0.0,0,447.97,0.0,1,10.0,0.07,SPY210827P00426000,426.0,0,0.0,0.0,,0.0,normalDay
2021-08-25,12523.0,996.0,0.0,0,448.91,0.0,1,10.0,0.04,SPY210827P00426000,426.0,0,0.0,0.0,,0.0,normalDay
2021-08-26,12523.0,995.0,0.0,0,446.26,0.0,1,10.0,0.05,SPY210827P00426000,426.0,0,0.0,0.0,,0.0,normalDay
2021-08-27,13523.0,0.0,1000.0,0,450.25,0.0,1,10.0,0.0,SPY210827P00426000,426.0,0,0.0,0.0,,0.0,expirationDay
2021-08-30,13523.0,-4.0,0.0,0,452.23,0.0,1,5.64,5.68,SPY211015P00442000,442.0,0,0.0,0.0,,0.0,normalDay
2021-08-31,13523.0,-2.0,0.0,0,451.56,0.0,1,5.64,5.66,SPY211015P00442000,442.0,0,0.0,0.0,,0.0,normalDay
2021-09-01,13523.0,26.0,0.0,0,451.8,0.0,1,5.64,5.38,SPY211015P00442000,442.0,0,0.0,0.0,,0.0,normalDay
2021-09-02,13523.0,63.0,0.0,0,453.19,0.0,1,5.64,5.01,SPY211015P00442000,442.0,0,0.0,0.0,,0.0,normalDay
2021-09-03,13523.0,67.0,0.0,0,453.08,0.0,1,5.64,4.97,SPY211015P00442000,442.0,0,0.0,0.0,,0.0,normalDay
2021-09-07,13523.0,17.0,0.0,0,451.46,0.0,1,5.64,5.47,SPY211015P00442000,442.0,0,0.0,0.0,,0.0,normalDay
2021-09-08,13523.0,15.0,0.0,0,450.91,0.0,1,5.64,5.49,SPY211015P00442000,442.0,0,0.0,0.0,,0.0,normalDay
2021-09-09,13523.0,-70.0,0.0,0,448.98,0.0,1,5.64,6.34,SPY211015P00442000,442.0,0,0.0,0.0,,0.0,normalDay
2021-09-10,13523.0,-199.0,0.0,0,445.44,0.0,1,5.64,7.63,SPY211015P00442000,442.0,0,0.0,0.0,,0.0,normalDay
2021-09-13,13523.0,-81.0,0.0,0,446.58,0.0,1,5.64,6.45,SPY211015P00442000,442.0,0,0.0,0.0,,0.0,normalDay
2021-09-14,13523.0,-173.0,0.0,0,444.17,0.0,1,5.64,7.37,SPY211015P00442000,442.0,0,0.0,0.0,,0.0,normalDay
2021-09-15,13523.0,17.0,0.0,0,447.88,0.0,1,5.64,5.47,SPY211015P00442000,442.0,0,0.0,0.0,,0.0,normalDay
2021-09-16,13523.0,-16.0,0.0,0,447.17,0.0,1,5.64,5.8,SPY211015P00442000,442.0,0,0.0,0.0,,0.0,normalDay
2021-09-17,13523.0,-224.0,0.0,0,441.4,0.0,1,5.64,7.88,SPY211015P00442000,442.0,0,0.0,0.0,,0.0,normalDay
2021-09-20,13523.0,-678.0,0.0,0,434.04,0.0,1,5.64,12.42,SPY211015P00442000,442.0,0,0.0,0.0,,0.0,normalDay
2021-09-21,13523.0,-683.0,0.0,0,433.63,0.0,1,5.64,12.47,SPY211015P00442000,442.0,0,0.0,0.0,,0.0,normalDay
2021-09-22,13523.0,-310.0,0.0,0,437.86,0.0,1,5.64,8.74,SPY211015P00442000,442.0,0,0.0,0.0,,0.0,normalDay
2021-09-23,13523.0,0.0,0.0,0,443.18,0.0,1,5.64,5.64,SPY211015P00442000,442.0,0,0.0,0.0,,0.0,normalDay
2021-09-24,13523.0,76.0,0.0,0,443.91,0.0,1,5.64,4.88,SPY211015P00442000,442.0,0,0.0,0.0,,0.0,normalDay
2021-09-27,13523.0,37.0,0.0,0,442.64,0.0,1,5.64,5.27,SPY211015P00442000,442.0,0,0.0,0.0,,0.0,normalDay
2021-09-28,13523.0,-518.0,0.0,0,433.72,0.0,1,5.64,10.82,SPY211015P00442000,442.0,0,0.0,0.0,,0.0,normalDay
2021-09-29,13523.0,-435.0,0.0,0,434.45,0.0,1,5.64,9.99,SPY211015P00442000,442.0,0,0.0,0.0,,0.0,normalDay
2021-09-30,13523.0,-802.0,0.0,0,429.14,0.0,1,5.64,13.66,SPY211015P00442000,442.0,0,0.0,0.0,,0.0,normalDay
2021-10-01,13523.0,-396.0,0.0,0,434.24,0.0,1,5.64,9.6,SPY211015P00442000,442.0,0,0.0,0.0,,0.0,normalDay
2021-10-04,13523.0,-838.0,0.0,0,428.64,0.0,1,5.64,14.02,SPY211015P00442000,442.0,0,0.0,0.0,,0.0,normalDay
2021-10-05,13523.0,-447.0,0.0,0,433.1,0.0,1,5.64,10.11,SPY211015P00442000,442.0,0,0.0,0.0,,0.0,normalDay
2021-10-06,13523.0,-318.0,0.0,0,434.9,0.0,1,5.64,8.82,SPY211015P00442000,442.0,0,0.0,0.0,,0.0,normalDay
2021-10-07,13523.0,2.0,0.0,0,438.66,0.0,1,5.64,5.62,SPY211015P00442000,442.0,0,0.0,0.0,,0.0,normalDay
2021-10-08,13523.0,-34.0,0.0,0,437.86,0.0,1,5.64,5.98,SPY211015P00442000,442.0,0,0.0,0.0,,0.0,normalDay
2021-10-11,13523.0,-245.0,0.0,0,434.69,0.0,1,5.64,8.09,SPY211015P00442000,442.0,0,0.0,0.0,,0.0,normalDay
2021-10-12,13523.0,-384.0,0.0,0,433.62,0.0,1,5.64,9.48,SPY211015P00442000,442.0,0,0.0,0.0,,0.0,normalDay
2021-10-13,13523.0,-137.0,0.0,0,435.18,0.0,1,5.64,7.01,SPY211015P00442000,442.0,0,0.0,0.0,,0.0,normalDay
2021-10-14,13523.0,458.0,0.0,0,442.5,0.0,1,5.64,1.06,SPY211015P00442000,442.0,0,0.0,0.0,,0.0,normalDay
2021-10-15,14087.0,0.0,564.0,0,445.87,0.0,1,5.64,0.0,SPY211015P00442000,442.0,0,0.0,0.0,,0.0,expirationDay
2021-10-18,14087.0,-4.0,0.0,0,447.19,0.0,1,4.04,4.08,SPY211126P00433000,433.0,0,0.0,0.0,,0.0,normalDay
2021-10-19,14087.0,83.0,0.0,0,450.64,0.0,1,4.04,3.21,SPY211126P00433000,433.0,0,0.0,0.0,,0.0,normalDay
2021-10-20,14087.0,108.0,0.0,0,452.41,0.0,1,4.04,2.96,SPY211126P00433000,433.0,0,0.0,0.0,,0.0,normalDay
2021-10-21,14087.0,146.0,0.0,0,453.59,0.0,1,4.04,2.58,SPY211126P00433000,433.0,0,0.0,0.0,,0.0,normalDay
2021-10-22,14087.0,128.0,0.0,0,453.12,0.0,1,4.04,2.76,SPY211126P00433000,433.0,0,0.0,0.0,,0.0,normalDay
2021-10-25,14087.0,182.0,0.0,0,455.55,0.0,1,4.04,2.22,SPY211126P00433000,433.0,0,0.0,0.0,,0.0,normalDay
2021-10-26,14087.0,184.0,0.0,0,455.96,0.0,1,4.04,2.2,SPY211126P00433000,433.0,0,0.0,0.0,,0.0,normalDay
2021-10-27,14087.0,140.0,0.0,0,453.94,0.0,1,4.04,2.64,SPY211126P00433000,433.0,0,0.0,0.0,,0.0,normalDay
2021-10-28,14087.0,205.0,0.0,0,458.32,0.0,1,4.04,1.99,SPY211126P00433000,433.0,0,0.0,0.0,,0.0,normalDay
2021-10-29,14087.0,228.0,0.0,0,459.25,0.0,1,4.04,1.76,SPY211126P00433000,433.0,0,0.0,0.0,,0.0,normalDay
2021-11-01,14087.0,259.0,0.0,0,460.04,0.0,1,4.04,1.45,SPY211126P00433000,433.0,0,0.0,0.0,,0.0,normalDay
2021-11-02,14087.0,282.0,0.0,0,461.9,0.0,1,4.04,1.22,SPY211126P00433000,433.0,0,0.0,0.0,,0.0,normalDay
2021-11-03,14087.0,322.0,0.0,0,464.72,0.0,1,4.04,0.82,SPY211126P00433000,433.0,0,0.0,0.0,,0.0,normalDay
2021-11-04,14087.0,330.0,0.0,0,466.91,0.0,1,4.04,0.74,SPY211126P00433000,433.0,0,0.0,0.0,,0.0,normalDay
2021-11-05,14087.0,331.0,0.0,0,468.53,0.0,1,4.04,0.73,SPY211126P00433000,433.0,0,0.0,0.0,,0.0,normalDay
2021-11-08,14087.0,337.0,0.0,0,468.93,0.0,1,4.04,0.67,SPY211126P00433000,433.0,0,0.0,0.0,,0.0,normalDay
2021-11-09,14087.0,335.0,0.0,0,467.38,0.0,1,4.04,0.69,SPY211126P00433000,433.0,0,0.0,0.0,,0.0,normalDay
2021-11-10,14087.0,323.0,0.0,0,463.62,0.0,1,4.04,0.81,SPY211126P00433000,433.0,0,0.0,0.0,,0.0,normalDay
2021-11-11,14087.0,349.0,0.0,0,463.77,0.0,1,4.04,0.55,SPY211126P00433000,433.0,0,0.0,0.0,,0.0,normalDay
2021-11-12,14087.0,375.0,0.0,0,467.27,0.0,1,4.04,0.29,SPY211126P00433000,433.0,0,0.0,0.0,,0.0,normalDay
2021-11-15,14087.0,386.0,0.0,0,467.43,0.0,1,4.04,0.18,SPY211126P00433000,433.0,0,0.0,0.0,,0.0,normalDay
2021-11-16,14087.0,389.0,0.0,0,469.28,0.0,1,4.04,0.15,SPY211126P00433000,433.0,0,0.0,0.0,,0.0,normalDay
2021-11-17,14087.0,392.0,0.0,0,468.14,0.0,1,4.04,0.12,SPY211126P00433000,433.0,0,0.0,0.0,,0.0,normalDay
2021-11-18,14087.0,394.0,0.0,0,469.73,0.0,1,4.04,0.1,SPY211126P00433000,433.0,0,0.0,0.0,,0.0,normalDay
2021-11-19,14087.0,397.0,0.0,0,468.89,0.0,1,4.04,0.07,SPY211126P00433000,433.0,0,0.0,0.0,,0.0,normalDay
2021-11-22,14087.0,399.0,0.0,0,467.57,0.0,1,4.04,0.05,SPY211126P00433000,433.0,0,0.0,0.0,,0.0,normalDay
2021-11-23,14087.0,401.0,0.0,0,468.19,0.0,1,4.04,0.03,SPY211126P00433000,433.0,0,0.0,0.0,,0.0,normalDay
2021-11-24,14087.0,402.0,0.0,0,469.44,0.0,1,4.04,0.02,SPY211126P00433000,433.0,0,0.0,0.0,,0.0,normalDay
2021-11-26,14491.0,0.0,404.0,0,458.97,0.0,1,4.04,0.0,SPY211126P00433000,433.0,0,0.0,0.0,,0.0,expirationDay
2021-11-29,14491.0,-7.0,0.0,0,464.6,0.0,1,12.37,12.44,SPY220121P00464000,464.0,0,0.0,0.0,,0.0,normalDay
2021-11-30,14491.0,-484.0,0.0,0,455.56,0.0,1,12.37,17.21,SPY220121P00464000,464.0,0,0.0,0.0,,0.0,normalDay
2021-12-01,14491.0,-1011.0,0.0,0,450.5,0.0,1,12.37,22.48,SPY220121P00464000,464.0,0,0.0,0.0,,0.0,normalDay
2021-12-02,14491.0,-482.0,0.0,0,457.4,0.0,1,12.37,17.19,SPY220121P00464000,464.0,0,0.0,0.0,,0.0,normalDay
2021-12-03,14491.0,-745.0,0.0,0,453.42,0.0,1,12.37,19.82,SPY220121P00464000,464.0,0,0.0,0.0,,0.0,normalDay
2021-12-06,14491.0,-346.0,0.0,0,458.79,0.0,1,12.37,15.83,SPY220121P00464000,464.0,0,0.0,0.0,,0.0,normalDay
2021-12-07,14491.0,243.0,0.0,0,468.28,0.0,1,12.37,9.94,SPY220121P00464000,464.0,0,0.0,0.0,,0.0,normalDay
2021-12-08,14491.0,357.0,0.0,0,469.52,0.0,1,12.37,8.8,SPY220121P00464000,464.0,0,0.0,0.0,,0.0,normalDay
2021-12-09,14491.0,209.0,0.0,0,466.35,0.0,1,12.37,10.28,SPY220121P00464000,464.0,0,0.0,0.0,,0.0,normalDay
2021-12-10,14491.0,477.0,0.0,0,470.74,0.0,1,12.37,7.6,SPY220121P00464000,464.0,0,0.0,0.0,,0.0,normalDay
2021-12-13,14491.0,292.0,0.0,0,466.57,0.0,1,12.37,9.45,SPY220121P00464000,464.0,0,0.0,0.0,,0.0,normalDay
2021-12-14,14491.0,115.0,0.0,0,463.36,0.0,1,12.37,11.22,SPY220121P00464000,464.0,0,0.0,0.0,,0.0,normalDay
2021-12-15,14491.0,516.0,0.0,0,470.6,0.0,1,12.37,7.21,SPY220121P00464000,464.0,0,0.0,0.0,,0.0,normalDay
2021-12-16,14491.0,354.0,0.0,0,466.45,0.0,1,12.37,8.83,SPY220121P00464000,464.0,0,0.0,0.0,,0.0,normalDay
2021-12-17,14491.0,103.0,0.0,0,459.87,0.0,1,12.37,11.34,SPY220121P00464000,464.0,0,0.0,0.0,,0.0,normalDay
2021-12-20,14491.0,-168.0,0.0,0,454.98,0.0,1,12.37,14.05,SPY220121P00464000,464.0,0,0.0,0.0,,0.0,normalDay
2021-12-21,14491.0,289.0,0.0,0,463.06,0.0,1,12.37,9.48,SPY220121P00464000,464.0,0,0.0,0.0,,0.0,normalDay
2021-12-22,14491.0,579.0,0.0,0,467.69,0.0,1,12.37,6.58,SPY220121P00464000,464.0,0,0.0,0.0,,0.0,normalDay
2021-12-23,14491.0,728.0,0.0,0,470.6,0.0,1,12.37,5.09,SPY220121P00464000,464.0,0,0.0,0.0,,0.0,normalDay
2021-12-27,14491.0,934.0,0.0,0,477.26,0.0,1,12.37,3.03,SPY220121P00464000,464.0,0,0.0,0.0,,0.0,normalDay
2021-12-28,14491.0,957.0,0.0,0,476.87,0.0,1,12.37,2.8,SPY220121P00464000,464.0,0,0.0,0.0,,0.0,normalDay
2021-12-29,14491.0,996.0,0.0,0,477.48,0.0,1,12.37,2.41,SPY220121P00464000,464.0,0,0.0,0.0,,0.0,normalDay
2021-12-30,14491.0,964.0,0.0,0,476.16,0.0,1,12.37,2.73,SPY220121P00464000,464.0,0,0.0,0.0,,0.0,normalDay
2021-12-31,14491.0,969.0,0.0,0,474.96,0.0,1,12.37,2.68,SPY220121P00464000,464.0,0,0.0,0.0,,0.0,normalDay
2022-01-03,14491.0,1058.0,0.0,0,477.71,0.0,1,12.37,1.79,SPY220121P00464000,464.0,0,0.0,0.0,,0.0,normalDay
2022-01-04,14491.0,1057.0,0.0,0,477.55,0.0,1,12.37,1.8,SPY220121P00464000,464.0,0,0.0,0.0,,0.0,normalDay
2022-01-05,14491.0,780.0,0.0,0,468.38,0.0,1,12.37,4.57,SPY220121P00464000,464.0,0,0.0,0.0,,0.0,normalDay
2022-01-06,14491.0,800.0,0.0,0,467.94,0.0,1,12.37,4.37,SPY220121P00464000,464.0,0,0.0,0.0,,0.0,normalDay
2022-01-07,14491.0,820.0,0.0,0,466.09,0.0,1,12.37,4.17,SPY220121P00464000,464.0,0,0.0,0.0,,0.0,normalDay
2022-01-10,14491.0,798.0,0.0,0,465.51,0.0,1,12.37,4.39,SPY220121P00464000,464.0,0,0.0,0.0,,0.0,normalDay
2022-01-11,14491.0,967.0,0.0,0,469.75,0.0,1,12.37,2.7,SPY220121P00464000,464.0,0,0.0,0.0,,0.0,normalDay
2022-01-12,14491.0,1052.0,0.0,0,471.02,0.0,1,12.37,1.85,SPY220121P00464000,464.0,0,0.0,0.0,,0.0,normalDay
2022-01-13,14491.0,790.0,0.0,0,464.53,0.0,1,12.37,4.47,SPY220121P00464000,464.0,0,0.0,0.0,,0.0,normalDay
2022-01-14,14491.0,881.0,0.0,0,464.72,0.0,1,12.37,3.56,SPY220121P00464000,464.0,0,0.0,0.0,,0.0,normalDay
2022-01-18,14491.0,365.0,0.0,0,456.49,0.0,1,12.37,8.72,SPY220121P00464000,464.0,0,0.0,0.0,,0.0,normalDay
2022-01-19,14491.0,20.0,0.0,0,451.75,0.0,1,12.37,12.17,SPY220121P00464000,464.0,0,0.0,0.0,,0.0,normalDay
2022-01-20,14491.0,-551.0,0.0,0,446.75,0.0,1,12.37,17.88,SPY220121P00464000,464.0,0,0.0,0.0,,0.0,normalDay
2022-01-21,15728.0,-2602.0,1237.0,100,437.98,464.0,1,12.37,0.0,SPY220121P00464000,464.0,0,0.0,0.0,,0.0,expirationDay
2022-01-24,15728.0,-2422.0,0.0,100,439.84,464.0,0,0.0,0.0,,0.0,1,0.57,0.63,SPY220520C00516000,516.0,normalDay
2022-01-25,15728.0,-2944.0,0.0,100,434.47,464.0,0,0.0,0.0,,0.0,1,0.57,0.48,SPY220520C00516000,516.0,normalDay
2022-01-26,15728.0,-3057.0,0.0,100,433.38,464.0,0,0.0,0.0,,0.0,1,0.57,0.52,SPY220520C00516000,516.0,normalDay
2022-01-27,15728.0,-3266.0,0.0,100,431.24,464.0,0,0.0,0.0,,0.0,1,0.57,0.47,SPY220520C00516000,516.0,normalDay
2022-01-28,15728.0,-2210.0,0.0,100,441.95,464.0,0,0.0,0.0,,0.0,1,0.57,0.62,SPY220520C00516000,516.0,normalDay
2022-01-31,15728.0,-1425.0,0.0,100,449.91,464.0,0,0.0,0.0,,0.0,1,0.57,0.73,SPY220520C00516000,516.0,normalDay
2022-02-01,15728.0,-1115.0,0.0,100,452.95,464.0,0,0.0,0.0,,0.0,1,0.57,0.67,SPY220520C00516000,516.0,normalDay
2022-02-02,15728.0,-682.0,0.0,100,457.35,464.0,0,0.0,0.0,,0.0,1,0.57,0.74,SPY220520C00516000,516.0,normalDay
2022-02-03,15728.0,-1746.0,0.0,100,446.6,464.0,0,0.0,0.0,,0.0,1,0.57,0.63,SPY220520C00516000,516.0,normalDay
2022-02-04,15728.0,-1525.0,0.0,100,448.7,464.0,0,0.0,0.0,,0.0,1,0.57,0.52,SPY220520C00516000,516.0,normalDay
2022-02-07,15728.0,-1665.0,0.0,100,447.26,464.0,0,0.0,0.0,,0.0,1,0.57,0.48,SPY220520C00516000,516.0,normalDay
2022-02-08,15728.0,-1300.0,0.0,100,450.94,464.0,0,0.0,0.0,,0.0,1,0.57,0.51,SPY220520C00516000,516.0,normalDay
2022-02-09,15728.0,-652.0,0.0,100,457.54,464.0,0,0.0,0.0,,0.0,1,0.57,0.63,SPY220520C00516000,516.0,normalDay
2022-02-10,15728.0,-1455.0,0.0,100,449.32,464.0,0,0.0,0.0,,0.0,1,0.57,0.44,SPY220520C00516000,516.0,normalDay
2022-02-11,15728.0,-2338.0,0.0,100,440.46,464.0,0,0.0,0.0,,0.0,1,0.57,0.41,SPY220520C00516000,516.0,normalDay
2022-02-14,15728.0,-2480.0,0.0,100,439.02,464.0,0,0.0,0.0,,0.0,1,0.57,0.39,SPY220520C00516000,516.0,normalDay
2022-02-15,15728.0,-1770.0,0.0,100,446.1,464.0,0,0.0,0.0,,0.0,1,0.57,0.37,SPY220520C00516000,516.0,normalDay
2022-02-16,15728.0,-1717.0,0.0,100,446.6,464.0,0,0.0,0.0,,0.0,1,0.57,0.34,SPY220520C00516000,516.0,normalDay
2022-02-17,15728.0,-2663.0,0.0,100,437.06,464.0,0,0.0,0.0,,0.0,1,0.57,0.26,SPY220520C00516000,516.0,normalDay
2022-02-18,15728.0,-2944.0,0.0,100,434.23,464.0,0,0.0,0.0,,0.0,1,0.57,0.24,SPY220520C00516000,516.0,normalDay
2022-02-22,15728.0,-3405.0,0.0,100,429.57,464.0,0,0.0,0.0,,0.0,1,0.57,0.19,SPY220520C00516000,516.0,normalDay
2022-02-23,15728.0,-4163.0,0.0,100,421.95,464.0,0,0.0,0.0,,0.0,1,0.57,0.15,SPY220520C00516000,516.0,normalDay
2022-02-24,15728.0,-3532.0,0.0,100,428.3,464.0,0,0.0,0.0,,0.0,1,0.57,0.19,SPY220520C00516000,516.0,normalDay
2022-02-25,15728.0,-2592.0,0.0,100,437.75,464.0,0,0.0,0.0,,0.0,1,0.57,0.24,SPY220520C00516000,516.0,normalDay
2022-02-28,15728.0,-2705.0,0.0,100,436.63,464.0,0,0.0,0.0,,0.0,1,0.57,0.25,SPY220520C00516000,516.0,normalDay
2022-03-01,15728.0,-3368.0,0.0,100,429.98,464.0,0,0.0,0.0,,0.0,1,0.57,0.23,SPY220520C00516000,516.0,normalDay
2022-03-02,15728.0,-2580.0,0.0,100,437.89,464.0,0,0.0,0.0,,0.0,1,0.57,0.26,SPY220520C00516000,516.0,normalDay
2022-03-03,15728.0,-2793.0,0.0,100,435.71,464.0,0,0.0,0.0,,0.0,1,0.57,0.21,SPY220520C00516000,516.0,normalDay
2022-03-04,15728.0,-3143.0,0.0,100,432.17,464.0,0,0.0,0.0,,0.0,1,0.57,0.17,SPY220520C00516000,516.0,normalDay
2022-03-07,15728.0,-4411.0,0.0,100,419.43,464.0,0,0.0,0.0,,0.0,1,0.57,0.11,SPY220520C00516000,516.0,normalDay
2022-03-08,15728.0,-4730.0,0.0,100,416.25,464.0,0,0.0,0.0,,0.0,1,0.57,0.12,SPY220520C00516000,516.0,normalDay
2022-03-09,15728.0,-3618.0,0.0,100,427.41,464.0,0,0.0,0.0,,0.0,1,0.57,0.16,SPY220520C00516000,516.0,normalDay
2022-03-10,15728.0,-3807.0,0.0,100,425.48,464.0,0,0.0,0.0,,0.0,1,0.57,0.12,SPY220520C00516000,516.0,normalDay
2022-03-11,15728.0,-4346.0,0.0,100,420.07,464.0,0,0.0,0.0,,0.0,1,0.57,0.1,SPY220520C00516000,516.0,normalDay
2022-03-14,15728.0,-4651.0,0.0,100,417.0,464.0,0,0.0,0.0,,0.0,1,0.57,0.08,SPY220520C00516000,516.0,normalDay
2022-03-15,15728.0,-3736.0,0.0,100,426.17,464.0,0,0.0,0.0,,0.0,1,0.57,0.1,SPY220520C00516000,516.0,normalDay
2022-03-16,15728.0,-2793.0,0.0,100,435.62,464.0,0,0.0,0.0,,0.0,1,0.57,0.12,SPY220520C00516000,516.0,normalDay
2022-03-17,15728.0,-2249.0,0.0,100,441.07,464.0,0,0.0,0.0,,0.0,1,0.57,0.13,SPY220520C00516000,516.0,normalDay
2022-03-18,15728.0,-1905.0,0.0,100,444.52,464.0,0,0.0,0.0,,0.0,1,0.57,0.14,SPY220520C00516000,516.0,normalDay
2022-03-21,15728.0,-1915.0,0.0,100,444.39,464.0,0,0.0,0.0,,0.0,1,0.57,0.11,SPY220520C00516000,516.0,normalDay
2022-03-22,15728.0,-1397.0,0.0,100,449.59,464.0,0,0.0,0.0,,0.0,1,0.57,0.13,SPY220520C00516000,516.0,normalDay
2022-03-23,15728.0,-1972.0,0.0,100,443.8,464.0,0,0.0,0.0,,0.0,1,0.57,0.09,SPY220520C00516000,516.0,normalDay
2022-03-24,15728.0,-1305.0,0.0,100,450.49,464.0,0,0.0,0.0,,0.0,1,0.57,0.11,SPY220520C00516000,516.0,normalDay
2022-03-25,15728.0,-1084.0,0.0,100,452.69,464.0,0,0.0,0.0,,0.0,1,0.57,0.1,SPY220520C00516000,516.0,normalDay
2022-03-28,15728.0,-762.0,0.0,100,455.91,464.0,0,0.0,0.0,,0.0,1,0.57,0.1,SPY220520C00516000,516.0,normalDay
2022-03-29,15728.0,-203.0,0.0,100,461.55,464.0,0,0.0,0.0,,0.0,1,0.57,0.15,SPY220520C00516000,516.0,normalDay
2022-03-30,15728.0,-484.0,0.0,100,458.7,464.0,0,0.0,0.0,,0.0,1,0.57,0.11,SPY220520C00516000,516.0,normalDay
2022-03-31,15728.0,-1185.0,0.0,100,451.64,464.0,0,0.0,0.0,,0.0,1,0.57,0.06,SPY220520C00516000,516.0,normalDay
2022-04-01,15728.0,-1055.0,0.0,100,452.92,464.0,0,0.0,0.0,,0.0,1,0.57,0.04,SPY220520C00516000,516.0,normalDay
2022-04-04,15728.0,-667.0,0.0,100,456.8,464.0,0,0.0,0.0,,0.0,1,0.57,0.04,SPY220520C00516000,516.0,normalDay
2022-04-05,15728.0,-1244.0,0.0,100,451.03,464.0,0,0.0,0.0,,0.0,1,0.57,0.04,SPY220520C00516000,516.0,normalDay
2022-04-06,15728.0,-1694.0,0.0,100,446.52,464.0,0,0.0,0.0,,0.0,1,0.57,0.03,SPY220520C00516000,516.0,normalDay
2022-04-07,15728.0,-1468.0,0.0,100,448.77,464.0,0,0.0,0.0,,0.0,1,0.57,0.02,SPY220520C00516000,516.0,normalDay
2022-04-08,15728.0,-1588.0,0.0,100,447.57,464.0,0,0.0,0.0,,0.0,1,0.57,0.02,SPY220520C00516000,516.0,normalDay
2022-04-11,15728.0,-2353.0,0.0,100,439.92,464.0,0,0.0,0.0,,0.0,1,0.57,0.02,SPY220520C00516000,516.0,normalDay
2022-04-12,15728.0,-2516.0,0.0,100,438.29,464.0,0,0.0,0.0,,0.0,1,0.57,0.02,SPY220520C00516000,516.0,normalDay
2022-04-13,15728.0,-2013.0,0.0,100,443.31,464.0,0,0.0,0.0,,0.0,1,0.57,0.01,SPY220520C00516000,516.0,normalDay
2022-04-14,15728.0,-2565.0,0.0,100,437.79,464.0,0,0.0,0.0,,0.0,1,0.57,0.01,SPY220520C00516000,516.0,normalDay
2022-04-18,15728.0,-2547.0,0.0,100,437.97,464.0,0,0.0,0.0,,0.0,1,0.57,0.01,SPY220520C00516000,516.0,normalDay
2022-04-19,15728.0,-1840.0,0.0,100,445.04,464.0,0,0.0,0.0,,0.0,1,0.57,0.01,SPY220520C00516000,516.0,normalDay
2022-04-20,15728.0,-1873.0,0.0,100,444.71,464.0,0,0.0,0.0,,0.0,1,0.57,0.01,SPY220520C00516000,516.0,normalDay
2022-04-21,15728.0,-2538.0,0.0,100,438.06,464.0,0,0.0,0.0,,0.0,1,0.57,0.01,SPY220520C00516000,516.0,normalDay
2022-04-22,15728.0,-3740.0,0.0,100,426.04,464.0,0,0.0,0.0,,0.0,1,0.57,0.01,SPY220520C00516000,516.0,normalDay
2022-04-25,15728.0,-3493.0,0.0,100,428.51,464.0,0,0.0,0.0,,0.0,1,0.57,0.01,SPY220520C00516000,516.0,normalDay
2022-04-26,15728.0,-4734.0,0.0,100,416.1,464.0,0,0.0,0.0,,0.0,1,0.57,0.01,SPY220520C00516000,516.0,normalDay
2022-04-27,15728.0,-4617.0,0.0,100,417.27,464.0,0,0.0,0.0,,0.0,1,0.57,0.01,SPY220520C00516000,516.0,normalDay
2022-04-28,15728.0,-3563.0,0.0,100,427.81,464.0,0,0.0,0.0,,0.0,1,0.57,0.01,SPY220520C00516000,516.0,normalDay
2022-04-29,15728.0,-5144.0,0.0,100,412.0,464.0,0,0.0,0.0,,0.0,1,0.57,0.01,SPY220520C00516000,516.0,normalDay
2022-05-02,15728.0,-4896.0,0.0,100,414.48,464.0,0,0.0,0.0,,0.0,1,0.57,0.01,SPY220520C00516000,516.0,normalDay
2022-05-03,15728.0,-4706.0,0.0,100,416.38,464.0,0,0.0,0.0,,0.0,1,0.57,0.01,SPY220520C00516000,516.0,normalDay
2022-05-04,15728.0,-3438.0,0.0,100,429.06,464.0,0,0.0,0.0,,0.0,1,0.57,0.01,SPY220520C00516000,516.0,normalDay
2022-05-05,15728.0,-4963.0,0.0,100,413.81,464.0,0,0.0,0.0,,0.0,1,0.57,0.01,SPY220520C00516000,516.0,normalDay
2022-05-06,15728.0,-5210.0,0.0,100,411.34,464.0,0,0.0,0.0,,0.0,1,0.57,0.01,SPY220520C00516000,516.0,normalDay
2022-05-09,15728.0,-6527.0,0.0,100,398.17,464.0,0,0.0,0.0,,0.0,1,0.57,0.01,SPY220520C00516000,516.0,normalDay
2022-05-10,15728.0,-6435.0,0.0,100,399.09,464.0,0,0.0,0.0,,0.0,1,0.57,0.01,SPY220520C00516000,516.0,normalDay
2022-05-11,15728.0,-7069.0,0.0,100,392.75,464.0,0,0.0,0.0,,0.0,1,0.57,0.01,SPY220520C00516000,516.0,normalDay
2022-05-12,15728.0,-7110.0,0.0,100,392.34,464.0,0,0.0,0.0,,0.0,1,0.57,0.01,SPY220520C00516000,516.0,normalDay
2022-05-13,15728.0,-6172.0,0.0,100,401.72,464.0,0,0.0,0.0,,0.0,1,0.57,0.01,SPY220520C00516000,516.0,normalDay
2022-05-16,15728.0,-6335.0,0.0,100,400.09,464.0,0,0.0,0.0,,0.0,1,0.57,0.01,SPY220520C00516000,516.0,normalDay
2022-05-17,15728.0,-5512.0,0.0,100,408.32,464.0,0,0.0,0.0,,0.0,1,0.57,0.01,SPY220520C00516000,516.0,normalDay
2022-05-18,15728.0,-7158.0,0.0,100,391.86,464.0,0,0.0,0.0,,0.0,1,0.57,0.01,SPY220520C00516000,516.0,normalDay
2022-05-19,15728.0,-7398.0,0.0,100,389.46,464.0,0,0.0,0.0,,0.0,1,0.57,0.01,SPY220520C00516000,516.0,normalDay
2022-05-20,15785.0,-7437.0,57.0,100,389.63,464.0,0,0.0,0.0,,0.0,1,0.57,0.0,SPY220520C00516000,516.0,expirationDay
2022-05-23,15785.0,-6717.0,0.0,100,396.92,464.0,0,0.0,0.0,,0.0,1,2.81,2.9,SPY220930C00455000,455.0,normalDay
2022-05-24,15785.0,-6992.0,0.0,100,393.89,464.0,0,0.0,0.0,,0.0,1,2.81,2.62,SPY220930C00455000,455.0,normalDay
2022-05-25,15785.0,-6666.0,0.0,100,397.37,464.0,0,0.0,0.0,,0.0,1,2.81,2.84,SPY220930C00455000,455.0,normalDay
2022-05-26,15785.0,-5982.0,0.0,100,405.31,464.0,0,0.0,0.0,,0.0,1,2.81,3.94,SPY220930C00455000,455.0,normalDay
2022-05-27,15785.0,-5171.0,0.0,100,415.26,464.0,0,0.0,0.0,,0.0,1,2.81,5.78,SPY220930C00455000,455.0,normalDay
2022-05-31,15785.0,-5296.0,0.0,100,412.93,464.0,0,0.0,0.0,,0.0,1,2.81,4.7,SPY220930C00455000,455.0,normalDay
2022-06-01,15785.0,-5543.0,0.0,100,409.59,464.0,0,0.0,0.0,,0.0,1,2.81,3.83,SPY220930C00455000,455.0,normalDay
2022-06-02,15785.0,-4916.0,0.0,100,417.39,464.0,0,0.0,0.0,,0.0,1,2.81,5.36,SPY220930C00455000,455.0,normalDay
2022-06-03,15785.0,-5454.0,0.0,100,410.54,464.0,0,0.0,0.0,,0.0,1,2.81,3.89,SPY220930C00455000,455.0,normalDay
2022-06-06,15785.0,-5329.0,0.0,100,411.79,464.0,0,0.0,0.0,,0.0,1,2.81,3.89,SPY220930C00455000,455.0,normalDay
2022-06-07,15785.0,-4990.0,0.0,100,415.74,464.0,0,0.0,0.0,,0.0,1,2.81,4.45,SPY220930C00455000,455.0,normalDay
2022-06-08,15785.0,-5353.0,0.0,100,411.22,464.0,0,0.0,0.0,,0.0,1,2.81,3.56,SPY220930C00455000,455.0,normalDay
2022-06-09,15785.0,-6208.0,0.0,100,401.44,464.0,0,0.0,0.0,,0.0,1,2.81,2.33,SPY220930C00455000,455.0,normalDay
2022-06-10,15785.0,-7278.0,0.0,100,389.8,464.0,0,0.0,0.0,,0.0,1,2.81,1.39,SPY220930C00455000,455.0,normalDay
2022-06-13,15785.0,-8696.0,0.0,100,375.0,464.0,0,0.0,0.0,,0.0,1,2.81,0.77,SPY220930C00455000,455.0,normalDay
2022-06-14,15785.0,-8794.0,0.0,100,373.87,464.0,0,0.0,0.0,,0.0,1,2.81,0.62,SPY220930C00455000,455.0,normalDay
2022-06-15,15785.0,-8272.0,0.0,100,379.2,464.0,0,0.0,0.0,,0.0,1,2.81,0.73,SPY220930C00455000,455.0,normalDay
2022-06-16,15785.0,-9503.0,0.0,100,366.65,464.0,0,0.0,0.0,,0.0,1,2.81,0.49,SPY220930C00455000,455.0,normalDay
2022-06-17,15785.0,-9581.0,0.0,100,365.86,464.0,0,0.0,0.0,,0.0,1,2.81,0.48,SPY220930C00455000,455.0,normalDay
2022-06-21,15785.0,-8673.0,0.0,100,375.07,464.0,0,0.0,0.0,,0.0,1,2.81,0.61,SPY220930C00455000,455.0,normalDay
2022-06-22,15785.0,-8740.0,0.0,100,374.39,464.0,0,0.0,0.0,,0.0,1,2.81,0.6,SPY220930C00455000,455.0,normalDay
2022-06-23,15785.0,-8376.0,0.0,100,378.06,464.0,0,0.0,0.0,,0.0,1,2.81,0.63,SPY220930C00455000,455.0,normalDay
2022-06-24,15785.0,-7221.0,0.0,100,390.08,464.0,0,0.0,0.0,,0.0,1,2.81,1.1,SPY220930C00455000,455.0,normalDay
2022-06-27,15785.0,-7357.0,0.0,100,388.59,464.0,0,0.0,0.0,,0.0,1,2.81,0.97,SPY220930C00455000,455.0,normalDay
2022-06-28,15785.0,-8114.0,0.0,100,380.65,464.0,0,0.0,0.0,,0.0,1,2.81,0.6,SPY220930C00455000,455.0,normalDay
2022-06-29,15785.0,-8144.0,0.0,100,380.34,464.0,0,0.0,0.0,,0.0,1,2.81,0.59,SPY220930C00455000,455.0,normalDay
2022-06-30,15785.0,-8440.0,0.0,100,377.25,464.0,0,0.0,0.0,,0.0,1,2.81,0.46,SPY220930C00455000,455.0,normalDay
2022-07-01,15785.0,-8041.0,0.0,100,381.24,464.0,0,0.0,0.0,,0.0,1,2.81,0.46,SPY220930C00455000,455.0,normalDay
2022-07-05,15785.0,-7964.0,0.0,100,381.96,464.0,0,0.0,0.0,,0.0,1,2.81,0.41,SPY220930C00455000,455.0,normalDay
2022-07-06,15785.0,-7839.0,0.0,100,383.25,464.0,0,0.0,0.0,,0.0,1,2.81,0.45,SPY220930C00455000,455.0,normalDay
2022-07-07,15785.0,-7278.0,0.0,100,388.99,464.0,0,0.0,0.0,,0.0,1,2.81,0.58,SPY220930C00455000,455.0,normalDay
2022-07-08,15785.0,-7306.0,0.0,100,388.67,464.0,0,0.0,0.0,,0.0,1,2.81,0.54,SPY220930C00455000,455.0,normalDay
2022-07-11,15785.0,-7735.0,0.0,100,384.23,464.0,0,0.0,0.0,,0.0,1,2.81,0.39,SPY220930C00455000,455.0,normalDay
2022-07-12,15785.0,-8065.0,0.0,100,380.83,464.0,0,0.0,0.0,,0.0,1,2.81,0.29,SPY220930C00455000,455.0,normalDay
2022-07-13,15785.0,-8262.0,0.0,100,378.83,464.0,0,0.0,0.0,,0.0,1,2.81,0.26,SPY220930C00455000,455.0,normalDay
2022-07-14,15785.0,-8353.0,0.0,100,377.91,464.0,0,0.0,0.0,,0.0,1,2.81,0.25,SPY220930C00455000,455.0,normalDay
2022-07-15,15785.0,-7639.0,0.0,100,385.13,464.0,0,0.0,0.0,,0.0,1,2.81,0.33,SPY220930C00455000,455.0,normalDay
2022-07-18,15785.0,-7952.0,0.0,100,381.95,464.0,0,0.0,0.0,,0.0,1,2.81,0.28,SPY220930C00455000,455.0,normalDay
2022-07-19,15785.0,-6952.0,0.0,100,392.27,464.0,0,0.0,0.0,,0.0,1,2.81,0.6,SPY220930C00455000,455.0,normalDay
2022-07-20,15785.0,-6710.0,0.0,100,394.77,464.0,0,0.0,0.0,,0.0,1,2.81,0.68,SPY220930C00455000,455.0,normalDay
2022-07-21,15785.0,-6318.0,0.0,100,398.79,464.0,0,0.0,0.0,,0.0,1,2.81,0.78,SPY220930C00455000,455.0,normalDay
2022-07-22,15785.0,-6664.0,0.0,100,395.09,464.0,0,0.0,0.0,,0.0,1,2.81,0.54,SPY220930C00455000,455.0,normalDay
2022-07-25,15785.0,-6609.0,0.0,100,395.57,464.0,0,0.0,0.0,,0.0,1,2.81,0.47,SPY220930C00455000,455.0,normalDay
2022-07-26,15785.0,-7064.0,0.0,100,390.89,464.0,0,0.0,0.0,,0.0,1,2.81,0.34,SPY220930C00455000,455.0,normalDay
2022-07-27,15785.0,-6072.0,0.0,100,401.04,464.0,0,0.0,0.0,,0.0,1,2.81,0.57,SPY220930C00455000,455.0,normalDay
2022-07-28,15785.0,-5593.0,0.0,100,406.07,464.0,0,0.0,0.0,,0.0,1,2.81,0.81,SPY220930C00455000,455.0,normalDay
2022-07-29,15785.0,-5024.0,0.0,100,411.99,464.0,0,0.0,0.0,,0.0,1,2.81,1.04,SPY220930C00455000,455.0,normalDay
2022-08-01,15785.0,-5135.0,0.0,100,410.77,464.0,0,0.0,0.0,,0.0,1,2.81,0.93,SPY220930C00455000,455.0,normalDay
2022-08-02,15785.0,-5386.0,0.0,100,408.06,464.0,0,0.0,0.0,,0.0,1,2.81,0.73,SPY220930C00455000,455.0,normalDay
2022-08-03,15785.0,-4779.0,0.0,100,414.45,464.0,0,0.0,0.0,,0.0,1,2.81,1.05,SPY220930C00455000,455.0,normalDay
2022-08-04,15785.0,-4801.0,0.0,100,414.17,464.0,0,0.0,0.0,,0.0,1,2.81,0.99,SPY220930C00455000,455.0,normalDay
2022-08-05,15785.0,-4846.0,0.0,100,413.47,464.0,0,0.0,0.0,,0.0,1,2.81,0.74,SPY220930C00455000,455.0,normalDay
2022-08-08,15785.0,-4887.0,0.0,100,412.99,464.0,0,0.0,0.0,,0.0,1,2.81,0.67,SPY220930C00455000,455.0,normalDay
2022-08-09,15785.0,-5041.0,0.0,100,411.35,464.0,0,0.0,0.0,,0.0,1,2.81,0.57,SPY220930C00455000,455.0,normalDay
2022-08-10,15785.0,-4222.0,0.0,100,419.99,464.0,0,0.0,0.0,,0.0,1,2.81,1.02,SPY220930C00455000,455.0,normalDay
2022-08-11,15785.0,-4221.0,0.0,100,419.99,464.0,0,0.0,0.0,,0.0,1,2.81,1.01,SPY220930C00455000,455.0,normalDay
2022-08-12,15785.0,-3583.0,0.0,100,427.1,464.0,0,0.0,0.0,,0.0,1,2.81,1.74,SPY220930C00455000,455.0,normalDay
2022-08-15,15785.0,-3421.0,0.0,100,428.86,464.0,0,0.0,0.0,,0.0,1,2.81,1.88,SPY220930C00455000,455.0,normalDay
2022-08-16,15785.0,-3330.0,0.0,100,429.7,464.0,0,0.0,0.0,,0.0,1,2.81,1.81,SPY220930C00455000,455.0,normalDay
2022-08-17,15785.0,-3592.0,0.0,100,426.65,464.0,0,0.0,0.0,,0.0,1,2.81,1.38,SPY220930C00455000,455.0,normalDay
2022-08-18,15785.0,-3457.0,0.0,100,427.89,464.0,0,0.0,0.0,,0.0,1,2.81,1.27,SPY220930C00455000,455.0,normalDay
2022-08-19,15785.0,-3975.0,0.0,100,422.14,464.0,0,0.0,0.0,,0.0,1,2.81,0.7,SPY220930C00455000,455.0,normalDay
2022-08-22,15785.0,-4816.0,0.0,100,413.35,464.0,0,0.0,0.0,,0.0,1,2.81,0.32,SPY220930C00455000,455.0,normalDay
2022-08-23,15785.0,-4911.0,0.0,100,412.35,464.0,0,0.0,0.0,,0.0,1,2.81,0.27,SPY220930C00455000,455.0,normalDay
2022-08-24,15785.0,-4776.0,0.0,100,413.67,464.0,0,0.0,0.0,,0.0,1,2.81,0.24,SPY220930C00455000,455.0,normalDay
2022-08-25,15785.0,-4205.0,0.0,100,419.51,464.0,0,0.0,0.0,,0.0,1,2.81,0.37,SPY220930C00455000,455.0,normalDay
2022-08-26,15785.0,-5599.0,0.0,100,405.31,464.0,0,0.0,0.0,,0.0,1,2.81,0.11,SPY220930C00455000,455.0,normalDay
2022-08-29,15785.0,-5865.0,0.0,100,402.63,464.0,0,0.0,0.0,,0.0,1,2.81,0.09,SPY220930C00455000,455.0,normalDay
2022-08-30,15785.0,-6304.0,0.0,100,398.21,464.0,0,0.0,0.0,,0.0,1,2.81,0.06,SPY220930C00455000,455.0,normalDay
2022-08-31,15785.0,-6605.0,0.0,100,395.18,464.0,0,0.0,0.0,,0.0,1,2.81,0.04,SPY220930C00455000,455.0,normalDay
2022-09-01,15785.0,-6481.0,0.0,100,396.42,464.0,0,0.0,0.0,,0.0,1,2.81,0.04,SPY220930C00455000,455.0,normalDay
2022-09-02,15785.0,-6898.0,0.0,100,392.24,464.0,0,0.0,0.0,,0.0,1,2.81,0.03,SPY220930C00455000,455.0,normalDay
2022-09-06,15785.0,-7046.0,0.0,100,390.76,464.0,0,0.0,0.0,,0.0,1,2.81,0.03,SPY220930C00455000,455.0,normalDay
2022-09-07,15785.0,-6345.0,0.0,100,397.78,464.0,0,0.0,0.0,,0.0,1,2.81,0.04,SPY220930C00455000,455.0,normalDay
2022-09-08,15785.0,-6084.0,0.0,100,400.38,464.0,0,0.0,0.0,,0.0,1,2.81,0.03,SPY220930C00455000,455.0,normalDay
2022-09-09,15785.0,-5463.0,0.0,100,406.6,464.0,0,0.0,0.0,,0.0,1,2.81,0.04,SPY220930C00455000,455.0,normalDay
2022-09-12,15785.0,-5030.0,0.0,100,410.97,464.0,0,0.0,0.0,,0.0,1,2.81,0.08,SPY220930C00455000,455.0,normalDay
2022-09-13,15785.0,-6811.0,0.0,100,393.1,464.0,0,0.0,0.0,,0.0,1,2.81,0.02,SPY220930C00455000,455.0,normalDay
2022-09-14,15785.0,-6661.0,0.0,100,394.6,464.0,0,0.0,0.0,,0.0,1,2.81,0.02,SPY220930C00455000,455.0,normalDay
2022-09-15,15785.0,-7109.0,0.0,100,390.12,464.0,0,0.0,0.0,,0.0,1,2.81,0.02,SPY220930C00455000,455.0,normalDay
2022-09-16,15785.0,-7565.0,0.0,100,385.56,464.0,0,0.0,0.0,,0.0,1,2.81,0.02,SPY220930C00455000,455.0,normalDay
2022-09-19,15785.0,-7265.0,0.0,100,388.55,464.0,0,0.0,0.0,,0.0,1,2.81,0.01,SPY220930C00455000,455.0,normalDay
2022-09-20,15785.0,-7711.0,0.0,100,384.09,464.0,0,0.0,0.0,,0.0,1,2.81,0.01,SPY220930C00455000,455.0,normalDay
2022-09-21,15785.0,-8381.0,0.0,100,377.39,464.0,0,0.0,0.0,,0.0,1,2.81,0.01,SPY220930C00455000,455.0,normalDay
2022-09-22,15785.0,-8698.0,0.0,100,374.22,464.0,0,0.0,0.0,,0.0,1,2.81,0.01,SPY220930C00455000,455.0,normalDay
2022-09-23,15785.0,-9325.0,0.0,100,367.95,464.0,0,0.0,0.0,,0.0,1,2.81,0.01,SPY220930C00455000,455.0,normalDay
2022-09-26,15785.0,-9689.0,0.0,100,364.31,464.0,0,0.0,0.0,,0.0,1,2.81,0.01,SPY220930C00455000,455.0,normalDay
2022-09-27,15785.0,-9782.0,0.0,100,363.38,464.0,0,0.0,0.0,,0.0,1,2.81,0.01,SPY220930C00455000,455.0,normalDay
2022-09-28,15785.0,-9067.0,0.0,100,370.53,464.0,0,0.0,0.0,,0.0,1,2.81,0.01,SPY220930C00455000,455.0,normalDay
2022-09-29,15785.0,-9841.0,0.0,100,362.79,464.0,0,0.0,0.0,,0.0,1,2.81,0.01,SPY220930C00455000,455.0,normalDay
2022-09-30,16066.0,-10682.0,281.0,100,357.18,464.0,0,0.0,0.0,,0.0,1,2.81,0.0,SPY220930C00455000,455.0,expirationDay
2022-10-03,16066.0,-9742.0,0.0,100,366.61,464.0,0,0.0,0.0,,0.0,1,0.83,0.86,SPY230120C00445000,445.0,normalDay
2022-10-04,16066.0,-8674.0,0.0,100,377.97,464.0,0,0.0,0.0,,0.0,1,0.83,1.54,SPY230120C00445000,445.0,normalDay
2022-10-05,16066.0,-8744.0,0.0,100,377.09,464.0,0,0.0,0.0,,0.0,1,0.83,1.36,SPY230120C00445000,445.0,normalDay
2022-10-06,16066.0,-9112.0,0.0,100,373.2,464.0,0,0.0,0.0,,0.0,1,0.83,1.15,SPY230120C00445000,445.0,normalDay
2022-10-07,16066.0,-10105.0,0.0,100,362.79,464.0,0,0.0,0.0,,0.0,1,0.83,0.67,SPY230120C00445000,445.0,normalDay
2022-10-10,16066.0,-10385.0,0.0,100,360.02,464.0,0,0.0,0.0,,0.0,1,0.83,0.7,SPY230120C00445000,445.0,normalDay
2022-10-11,16066.0,-10610.0,0.0,100,357.74,464.0,0,0.0,0.0,,0.0,1,0.83,0.67,SPY230120C00445000,445.0,normalDay
2022-10-12,16066.0,-10727.0,0.0,100,356.56,464.0,0,0.0,0.0,,0.0,1,0.83,0.66,SPY230120C00445000,445.0,normalDay
2022-10-13,16066.0,-9822.0,0.0,100,365.97,464.0,0,0.0,0.0,,0.0,1,0.83,1.02,SPY230120C00445000,445.0,normalDay
2022-10-14,16066.0,-10620.0,0.0,100,357.63,464.0,0,0.0,0.0,,0.0,1,0.83,0.66,SPY230120C00445000,445.0,normalDay
2022-10-17,16066.0,-9735.0,0.0,100,366.82,464.0,0,0.0,0.0,,0.0,1,0.83,1.0,SPY230120C00445000,445.0,normalDay
2022-10-18,16066.0,-9325.0,0.0,100,371.13,464.0,0,0.0,0.0,,0.0,1,0.83,1.21,SPY230120C00445000,445.0,normalDay
2022-10-19,16066.0,-9564.0,0.0,100,368.5,464.0,0,0.0,0.0,,0.0,1,0.83,0.97,SPY230120C00445000,445.0,normalDay
2022-10-20,16066.0,-9849.0,0.0,100,365.41,464.0,0,0.0,0.0,,0.0,1,0.83,0.73,SPY230120C00445000,445.0,normalDay
2022-10-21,16066.0,-9019.0,0.0,100,374.29,464.0,0,0.0,0.0,,0.0,1,0.83,1.31,SPY230120C00445000,445.0,normalDay
2022-10-24,16066.0,-8591.0,0.0,100,378.87,464.0,0,0.0,0.0,,0.0,1,0.83,1.61,SPY230120C00445000,445.0,normalDay
2022-10-25,16066.0,-8000.0,0.0,100,384.92,464.0,0,0.0,0.0,,0.0,1,0.83,1.75,SPY230120C00445000,445.0,normalDay
2022-10-26,16066.0,-8259.0,0.0,100,382.02,464.0,0,0.0,0.0,,0.0,1,0.83,1.44,SPY230120C00445000,445.0,normalDay
2022-10-27,16066.0,-8408.0,0.0,100,379.98,464.0,0,0.0,0.0,,0.0,1,0.83,0.89,SPY230120C00445000,445.0,normalDay
2022-10-28,16066.0,-7590.0,0.0,100,389.02,464.0,0,0.0,0.0,,0.0,1,0.83,1.75,SPY230120C00445000,445.0,normalDay
2022-10-31,16066.0,-7826.0,0.0,100,386.21,464.0,0,0.0,0.0,,0.0,1,0.83,1.3,SPY230120C00445000,445.0,normalDay
2022-11-01,16066.0,-7976.0,0.0,100,384.52,464.0,0,0.0,0.0,,0.0,1,0.83,1.11,SPY230120C00445000,445.0,normalDay
2022-11-02,16066.0,-8889.0,0.0,100,374.87,464.0,0,0.0,0.0,,0.0,1,0.83,0.59,SPY230120C00445000,445.0,normalDay
2022-11-03,16066.0,-9257.0,0.0,100,371.01,464.0,0,0.0,0.0,,0.0,1,0.83,0.41,SPY230120C00445000,445.0,normalDay
2022-11-04,16066.0,-8735.0,0.0,100,376.35,464.0,0,0.0,0.0,,0.0,1,0.83,0.53,SPY230120C00445000,445.0,normalDay
2022-11-07,16066.0,-8383.0,0.0,100,379.95,464.0,0,0.0,0.0,,0.0,1,0.83,0.61,SPY230120C00445000,445.0,normalDay
2022-11-08,16066.0,-8188.0,0.0,100,382.0,464.0,0,0.0,0.0,,0.0,1,0.83,0.71,SPY230120C00445000,445.0,normalDay
2022-11-09,16066.0,-8947.0,0.0,100,374.13,464.0,0,0.0,0.0,,0.0,1,0.83,0.43,SPY230120C00445000,445.0,normalDay
2022-11-10,16066.0,-7001.0,0.0,100,394.69,464.0,0,0.0,0.0,,0.0,1,0.83,1.53,SPY230120C00445000,445.0,normalDay
2022-11-11,16066.0,-6611.0,0.0,100,398.51,464.0,0,0.0,0.0,,0.0,1,0.83,1.45,SPY230120C00445000,445.0,normalDay
2022-11-14,16066.0,-6912.0,0.0,100,395.12,464.0,0,0.0,0.0,,0.0,1,0.83,1.07,SPY230120C00445000,445.0,normalDay
2022-11-15,16066.0,-6596.0,0.0,100,398.49,464.0,0,0.0,0.0,,0.0,1,0.83,1.28,SPY230120C00445000,445.0,normalDay
2022-11-16,16066.0,-6865.0,0.0,100,395.45,464.0,0,0.0,0.0,,0.0,1,0.83,0.93,SPY230120C00445000,445.0,normalDay
2022-11-17,16066.0,-6974.0,0.0,100,394.24,464.0,0,0.0,0.0,,0.0,1,0.83,0.81,SPY230120C00445000,445.0,normalDay
2022-11-18,16066.0,-6791.0,0.0,100,396.03,464.0,0,0.0,0.0,,0.0,1,0.83,0.77,SPY230120C00445000,445.0,normalDay
2022-11-21,16066.0,-6913.0,0.0,100,394.59,464.0,0,0.0,0.0,,0.0,1,0.83,0.55,SPY230120C00445000,445.0,normalDay
2022-11-22,16066.0,-6394.0,0.0,100,399.9,464.0,0,0.0,0.0,,0.0,1,0.83,0.67,SPY230120C00445000,445.0,normalDay
2022-11-23,16066.0,-6141.0,0.0,100,402.42,464.0,0,0.0,0.0,,0.0,1,0.83,0.66,SPY230120C00445000,445.0,normalDay
2022-11-25,16066.0,-6143.0,0.0,100,402.33,464.0,0,0.0,0.0,,0.0,1,0.83,0.59,SPY230120C00445000,445.0,normalDay
2022-11-28,16066.0,-6762.0,0.0,100,395.91,464.0,0,0.0,0.0,,0.0,1,0.83,0.36,SPY230120C00445000,445.0,normalDay
2022-11-29,16066.0,-6824.0,0.0,100,395.23,464.0,0,0.0,0.0,,0.0,1,0.83,0.3,SPY230120C00445000,445.0,normalDay
2022-11-30,16066.0,-5641.0,0.0,100,407.68,464.0,0,0.0,0.0,,0.0,1,0.83,0.92,SPY230120C00445000,445.0,normalDay
2022-12-01,16066.0,-5660.0,0.0,100,407.38,464.0,0,0.0,0.0,,0.0,1,0.83,0.81,SPY230120C00445000,445.0,normalDay
2022-12-02,16066.0,-5684.0,0.0,100,406.91,464.0,0,0.0,0.0,,0.0,1,0.83,0.58,SPY230120C00445000,445.0,normalDay
2022-12-05,16066.0,-6388.0,0.0,100,399.59,464.0,0,0.0,0.0,,0.0,1,0.83,0.3,SPY230120C00445000,445.0,normalDay
2022-12-06,16066.0,-6957.0,0.0,100,393.83,464.0,0,0.0,0.0,,0.0,1,0.83,0.23,SPY230120C00445000,445.0,normalDay
2022-12-07,16066.0,-7022.0,0.0,100,393.16,464.0,0,0.0,0.0,,0.0,1,0.83,0.21,SPY230120C00445000,445.0,normalDay
2022-12-08,16066.0,-6719.0,0.0,100,396.24,464.0,0,0.0,0.0,,0.0,1,0.83,0.26,SPY230120C00445000,445.0,normalDay
2022-12-09,16066.0,-7010.0,0.0,100,393.28,464.0,0,0.0,0.0,,0.0,1,0.83,0.21,SPY230120C00445000,445.0,normalDay
2022-12-12,16066.0,-6465.0,0.0,100,398.95,464.0,0,0.0,0.0,,0.0,1,0.83,0.43,SPY230120C00445000,445.0,normalDay
2022-12-13,16066.0,-6156.0,0.0,100,401.97,464.0,0,0.0,0.0,,0.0,1,0.83,0.36,SPY230120C00445000,445.0,normalDay
2022-12-14,16066.0,-6395.0,0.0,100,399.4,464.0,0,0.0,0.0,,0.0,1,0.83,0.18,SPY230120C00445000,445.0,normalDay
2022-12-15,16066.0,-7364.0,0.0,100,389.63,464.0,0,0.0,0.0,,0.0,1,0.83,0.1,SPY230120C00445000,445.0,normalDay
2022-12-16,16066.0,-7997.0,0.0,100,383.27,464.0,0,0.0,0.0,,0.0,1,0.83,0.07,SPY230120C00445000,445.0,normalDay
2022-12-19,16066.0,-8320.0,0.0,100,380.02,464.0,0,0.0,0.0,,0.0,1,0.83,0.05,SPY230120C00445000,445.0,normalDay
2022-12-20,16066.0,-8268.0,0.0,100,380.54,464.0,0,0.0,0.0,,0.0,1,0.83,0.05,SPY230120C00445000,445.0,normalDay
2022-12-21,16066.0,-7699.0,0.0,100,386.23,464.0,0,0.0,0.0,,0.0,1,0.83,0.05,SPY230120C00445000,445.0,normalDay
2022-12-22,16066.0,-8250.0,0.0,100,380.72,464.0,0,0.0,0.0,,0.0,1,0.83,0.05,SPY230120C00445000,445.0,normalDay
2022-12-23,16066.0,-8030.0,0.0,100,382.91,464.0,0,0.0,0.0,,0.0,1,0.83,0.04,SPY230120C00445000,445.0,normalDay
2022-12-27,16066.0,-8181.0,0.0,100,381.4,464.0,0,0.0,0.0,,0.0,1,0.83,0.04,SPY230120C00445000,445.0,normalDay
2022-12-28,16066.0,-8654.0,0.0,100,376.66,464.0,0,0.0,0.0,,0.0,1,0.83,0.03,SPY230120C00445000,445.0,normalDay
2022-12-29,16066.0,-7976.0,0.0,100,383.44,464.0,0,0.0,0.0,,0.0,1,0.83,0.03,SPY230120C00445000,445.0,normalDay
2022-12-30,16066.0,-8077.0,0.0,100,382.43,464.0,0,0.0,0.0,,0.0,1,0.83,0.03,SPY230120C00445000,445.0,normalDay
2023-01-03,16066.0,-8237.0,0.0,100,380.82,464.0,0,0.0,0.0,,0.0,1,0.83,0.02,SPY230120C00445000,445.0,normalDay
2023-01-04,16066.0,-7943.0,0.0,100,383.76,464.0,0,0.0,0.0,,0.0,1,0.83,0.02,SPY230120C00445000,445.0,normalDay
2023-01-05,16066.0,-8381.0,0.0,100,379.38,464.0,0,0.0,0.0,,0.0,1,0.83,0.02,SPY230120C00445000,445.0,normalDay
2023-01-06,16066.0,-7511.0,0.0,100,388.08,464.0,0,0.0,0.0,,0.0,1,0.83,0.02,SPY230120C00445000,445.0,normalDay
2023-01-09,16066.0,-7533.0,0.0,100,387.86,464.0,0,0.0,0.0,,0.0,1,0.83,0.02,SPY230120C00445000,445.0,normalDay
2023-01-10,16066.0,-7261.0,0.0,100,390.58,464.0,0,0.0,0.0,,0.0,1,0.83,0.02,SPY230120C00445000,445.0,normalDay
2023-01-11,16066.0,-6767.0,0.0,100,395.52,464.0,0,0.0,0.0,,0.0,1,0.83,0.02,SPY230120C00445000,445.0,normalDay
2023-01-12,16066.0,-6622.0,0.0,100,396.96,464.0,0,0.0,0.0,,0.0,1,0.83,0.01,SPY230120C00445000,445.0,normalDay
2023-01-13,16066.0,-6468.0,0.0,100,398.5,464.0,0,0.0,0.0,,0.0,1,0.83,0.01,SPY230120C00445000,445.0,normalDay
2023-01-17,16066.0,-6541.0,0.0,100,397.77,464.0,0,0.0,0.0,,0.0,1,0.83,0.01,SPY230120C00445000,445.0,normalDay
2023-01-18,16066.0,-7169.0,0.0,100,391.49,464.0,0,0.0,0.0,,0.0,1,0.83,0.01,SPY230120C00445000,445.0,normalDay
2023-01-19,16066.0,-7454.0,0.0,100,388.64,464.0,0,0.0,0.0,,0.0,1,0.83,0.01,SPY230120C00445000,445.0,normalDay
2023-01-20,16149.0,-6812.0,83.0,100,395.88,464.0,0,0.0,0.0,,0.0,1,0.83,0.0,SPY230120C00445000,445.0,expirationDay
2023-01-23,16149.0,-6345.0,0.0,100,400.63,464.0,0,0.0,0.0,,0.0,1,8.88,8.96,SPY230519C00420000,420.0,normalDay
2023-01-24,16149.0,-6380.0,0.0,100,400.2,464.0,0,0.0,0.0,,0.0,1,8.88,8.88,SPY230519C00420000,420.0,normalDay
2023-01-25,16149.0,-6301.0,0.0,100,400.35,464.0,0,0.0,0.0,,0.0,1,8.88,8.24,SPY230519C00420000,420.0,normalDay
2023-01-26,16149.0,-6021.0,0.0,100,404.75,464.0,0,0.0,0.0,,0.0,1,8.88,9.84,SPY230519C00420000,420.0,normalDay
2023-01-27,16149.0,-5958.0,0.0,100,405.68,464.0,0,0.0,0.0,,0.0,1,8.88,10.14,SPY230519C00420000,420.0,normalDay
2023-01-30,16149.0,-6293.0,0.0,100,400.59,464.0,0,0.0,0.0,,0.0,1,8.88,8.4,SPY230519C00420000,420.0,normalDay
2023-01-31,16149.0,-5890.0,0.0,100,406.48,464.0,0,0.0,0.0,,0.0,1,8.88,10.26,SPY230519C00420000,420.0,normalDay
2023-02-01,16149.0,-5693.0,0.0,100,410.8,464.0,0,0.0,0.0,,0.0,1,8.88,12.61,SPY230519C00420000,420.0,normalDay
2023-02-02,16149.0,-5362.0,0.0,100,416.78,464.0,0,0.0,0.0,,0.0,1,8.88,15.28,SPY230519C00420000,420.0,normalDay
2023-02-03,16149.0,-5588.0,0.0,100,412.35,464.0,0,0.0,0.0,,0.0,1,8.88,13.11,SPY230519C00420000,420.0,normalDay
2023-02-06,16149.0,-5733.0,0.0,100,409.83,464.0,0,0.0,0.0,,0.0,1,8.88,12.04,SPY230519C00420000,420.0,normalDay
2023-02-07,16149.0,-5408.0,0.0,100,415.19,464.0,0,0.0,0.0,,0.0,1,8.88,14.15,SPY230519C00420000,420.0,normalDay
2023-02-08,16149.0,-5707.0,0.0,100,410.65,464.0,0,0.0,0.0,,0.0,1,8.88,12.6,SPY230519C00420000,420.0,normalDay
2023-02-09,16149.0,-5915.0,0.0,100,407.09,464.0,0,0.0,0.0,,0.0,1,8.88,11.12,SPY230519C00420000,420.0,normalDay
2023-02-10,16149.0,-5847.0,0.0,100,408.04,464.0,0,0.0,0.0,,0.0,1,8.88,11.39,SPY230519C00420000,420.0,normalDay
2023-02-13,16149.0,-5580.0,0.0,100,412.83,464.0,0,0.0,0.0,,0.0,1,8.88,13.51,SPY230519C00420000,420.0,normalDay
2023-02-14,16149.0,-5482.0,0.0,100,412.64,464.0,0,0.0,0.0,,0.0,1,8.88,12.34,SPY230519C00420000,420.0,normalDay
2023-02-15,16149.0,-5413.0,0.0,100,413.98,464.0,0,0.0,0.0,,0.0,1,8.88,12.99,SPY230519C00420000,420.0,normalDay
2023-02-16,16149.0,-5713.0,0.0,100,408.28,464.0,0,0.0,0.0,,0.0,1,8.88,10.29,SPY230519C00420000,420.0,normalDay
2023-02-17,16149.0,-5752.0,0.0,100,407.26,464.0,0,0.0,0.0,,0.0,1,8.88,9.66,SPY230519C00420000,420.0,normalDay
2023-02-21,16149.0,-6283.0,0.0,100,399.09,464.0,0,0.0,0.0,,0.0,1,8.88,6.8,SPY230519C00420000,420.0,normalDay
2023-02-22,16149.0,-6281.0,0.0,100,398.54,464.0,0,0.0,0.0,,0.0,1,8.88,6.23,SPY230519C00420000,420.0,normalDay
2023-02-23,16149.0,-6081.0,0.0,100,400.66,464.0,0,0.0,0.0,,0.0,1,8.88,6.35,SPY230519C00420000,420.0,normalDay
2023-02-24,16149.0,-6397.0,0.0,100,396.38,464.0,0,0.0,0.0,,0.0,1,8.88,5.23,SPY230519C00420000,420.0,normalDay
2023-02-27,16149.0,-6266.0,0.0,100,397.73,464.0,0,0.0,0.0,,0.0,1,8.88,5.27,SPY230519C00420000,420.0,normalDay
2023-02-28,16149.0,-6332.0,0.0,100,396.26,464.0,0,0.0,0.0,,0.0,1,8.88,4.46,SPY230519C00420000,420.0,normalDay
2023-03-01,16149.0,-6457.0,0.0,100,394.74,464.0,0,0.0,0.0,,0.0,1,8.88,4.19,SPY230519C00420000,420.0,normalDay
2023-03-02,16149.0,-6206.0,0.0,100,397.81,464.0,0,0.0,0.0,,0.0,1,8.88,4.75,SPY230519C00420000,420.0,normalDay
2023-03-03,16149.0,-5762.0,0.0,100,404.19,464.0,0,0.0,0.0,,0.0,1,8.88,6.69,SPY230519C00420000,420.0,normalDay
2023-03-06,16149.0,-5719.0,0.0,100,404.47,464.0,0,0.0,0.0,,0.0,1,8.88,6.54,SPY230519C00420000,420.0,normalDay
2023-03-07,16149.0,-6144.0,0.0,100,398.27,464.0,0,0.0,0.0,,0.0,1,8.88,4.59,SPY230519C00420000,420.0,normalDay
2023-03-08,16149.0,-6067.0,0.0,100,398.92,464.0,0,0.0,0.0,,0.0,1,8.88,4.47,SPY230519C00420000,420.0,normalDay
2023-03-09,16149.0,-6676.0,0.0,100,391.56,464.0,0,0.0,0.0,,0.0,1,8.88,3.2,SPY230519C00420000,420.0,normalDay
2023-03-10,16149.0,-7136.0,0.0,100,385.91,464.0,0,0.0,0.0,,0.0,1,8.88,2.15,SPY230519C00420000,420.0,normalDay
2023-03-13,16149.0,-7205.0,0.0,100,385.36,464.0,0,0.0,0.0,,0.0,1,8.88,2.29,SPY230519C00420000,420.0,normalDay
2023-03-14,16149.0,-6616.0,0.0,100,391.73,464.0,0,0.0,0.0,,0.0,1,8.88,2.77,SPY230519C00420000,420.0,normalDay
2023-03-15,16149.0,-6834.0,0.0,100,389.28,464.0,0,0.0,0.0,,0.0,1,8.88,2.5,SPY230519C00420000,420.0,normalDay
2023-03-16,16149.0,-6254.0,0.0,100,396.11,464.0,0,0.0,0.0,,0.0,1,8.88,3.53,SPY230519C00420000,420.0,normalDay
2023-03-17,16149.0,-6823.0,0.0,100,389.99,464.0,0,0.0,0.0,,0.0,1,8.88,3.1,SPY230519C00420000,420.0,normalDay
2023-03-20,16149.0,-6471.0,0.0,100,393.74,464.0,0,0.0,0.0,,0.0,1,8.88,3.33,SPY230519C00420000,420.0,normalDay
2023-03-21,16149.0,-6050.0,0.0,100,398.91,464.0,0,0.0,0.0,,0.0,1,8.88,4.29,SPY230519C00420000,420.0,normalDay
2023-03-22,16149.0,-6558.0,0.0,100,392.11,464.0,0,0.0,0.0,,0.0,1,8.88,2.57,SPY230519C00420000,420.0,normalDay
2023-03-23,16149.0,-6472.0,0.0,100,393.17,464.0,0,0.0,0.0,,0.0,1,8.88,2.77,SPY230519C00420000,420.0,normalDay
2023-03-24,16149.0,-6247.0,0.0,100,395.75,464.0,0,0.0,0.0,,0.0,1,8.88,3.1,SPY230519C00420000,420.0,normalDay
2023-03-27,16149.0,-6142.0,0.0,100,396.49,464.0,0,0.0,0.0,,0.0,1,8.88,2.79,SPY230519C00420000,420.0,normalDay
2023-03-28,16149.0,-6198.0,0.0,100,395.6,464.0,0,0.0,0.0,,0.0,1,8.88,2.46,SPY230519C00420000,420.0,normalDay
2023-03-29,16149.0,-5730.0,0.0,100,401.35,464.0,0,0.0,0.0,,0.0,1,8.88,3.53,SPY230519C00420000,420.0,normalDay
2023-03-30,16149.0,-5549.0,0.0,100,403.7,464.0,0,0.0,0.0,,0.0,1,8.88,4.07,SPY230519C00420000,420.0,normalDay
2023-03-31,16149.0,-5191.0,0.0,100,409.39,464.0,0,0.0,0.0,,0.0,1,8.88,6.18,SPY230519C00420000,420.0,normalDay
2023-04-03,16149.0,-5048.0,0.0,100,410.95,464.0,0,0.0,0.0,,0.0,1,8.88,6.31,SPY230519C00420000,420.0,normalDay
2023-04-04,16149.0,-5172.0,0.0,100,408.67,464.0,0,0.0,0.0,,0.0,1,8.88,5.27,SPY230519C00420000,420.0,normalDay
2023-04-05,16149.0,-5220.0,0.0,100,407.6,464.0,0,0.0,0.0,,0.0,1,8.88,4.68,SPY230519C00420000,420.0,normalDay
2023-04-06,16149.0,-5087.0,0.0,100,409.19,464.0,0,0.0,0.0,,0.0,1,8.88,4.94,SPY230519C00420000,420.0,normalDay
2023-04-10,16149.0,-5046.0,0.0,100,409.61,464.0,0,0.0,0.0,,0.0,1,8.88,4.95,SPY230519C00420000,420.0,normalDay
2023-04-11,16149.0,-5024.0,0.0,100,409.72,464.0,0,0.0,0.0,,0.0,1,8.88,4.84,SPY230519C00420000,420.0,normalDay
2023-04-12,16149.0,-5085.0,0.0,100,408.05,464.0,0,0.0,0.0,,0.0,1,8.88,3.78,SPY230519C00420000,420.0,normalDay
2023-04-13,16149.0,-4723.0,0.0,100,413.47,464.0,0,0.0,0.0,,0.0,1,8.88,5.58,SPY230519C00420000,420.0,normalDay
2023-04-14,16149.0,-4743.0,0.0,100,412.46,464.0,0,0.0,0.0,,0.0,1,8.88,4.77,SPY230519C00420000,420.0,normalDay
2023-04-17,16149.0,-4612.0,0.0,100,413.94,464.0,0,0.0,0.0,,0.0,1,8.88,4.94,SPY230519C00420000,420.0,normalDay
2023-04-18,16149.0,-4555.0,0.0,100,414.21,464.0,0,0.0,0.0,,0.0,1,8.88,4.64,SPY230519C00420000,420.0,normalDay
2023-04-19,16149.0,-4538.0,0.0,100,414.14,464.0,0,0.0,0.0,,0.0,1,8.88,4.4,SPY230519C00420000,420.0,normalDay
2023-04-20,16149.0,-4677.0,0.0,100,411.88,464.0,0,0.0,0.0,,0.0,1,8.88,3.53,SPY230519C00420000,420.0,normalDay
2023-04-21,16149.0,-4616.0,0.0,100,412.2,464.0,0,0.0,0.0,,0.0,1,8.88,3.24,SPY230519C00420000,420.0,normalDay
2023-04-24,16149.0,-4561.0,0.0,100,412.63,464.0,0,0.0,0.0,,0.0,1,8.88,3.12,SPY230519C00420000,420.0,normalDay
2023-04-25,16149.0,-5078.0,0.0,100,406.08,464.0,0,0.0,0.0,,0.0,1,8.88,1.74,SPY230519C00420000,420.0,normalDay
2023-04-26,16149.0,-5180.0,0.0,100,404.36,464.0,0,0.0,0.0,,0.0,1,8.88,1.04,SPY230519C00420000,420.0,normalDay
2023-04-27,16149.0,-4562.0,0.0,100,412.41,464.0,0,0.0,0.0,,0.0,1,8.88,2.91,SPY230519C00420000,420.0,normalDay
2023-04-28,16149.0,-4288.0,0.0,100,415.93,464.0,0,0.0,0.0,,0.0,1,8.88,3.69,SPY230519C00420000,420.0,normalDay
2023-05-01,16149.0,-4281.0,0.0,100,415.51,464.0,0,0.0,0.0,,0.0,1,8.88,3.2,SPY230519C00420000,420.0,normalDay
2023-05-02,16149.0,-4606.0,0.0,100,410.84,464.0,0,0.0,0.0,,0.0,1,8.88,1.78,SPY230519C00420000,420.0,normalDay
2023-05-03,16149.0,-4830.0,0.0,100,408.02,464.0,0,0.0,0.0,,0.0,1,8.88,1.2,SPY230519C00420000,420.0,normalDay
2023-05-04,16149.0,-5058.0,0.0,100,405.13,464.0,0,0.0,0.0,,0.0,1,8.88,0.59,SPY230519C00420000,420.0,normalDay
2023-05-05,16149.0,-4383.0,0.0,100,412.63,464.0,0,0.0,0.0,,0.0,1,8.88,1.34,SPY230519C00420000,420.0,normalDay
2023-05-08,16149.0,-4342.0,0.0,100,412.74,464.0,0,0.0,0.0,,0.0,1,8.88,1.04,SPY230519C00420000,420.0,normalDay
2023-05-09,16149.0,-4499.0,0.0,100,410.93,464.0,0,0.0,0.0,,0.0,1,8.88,0.8,SPY230519C00420000,420.0,normalDay
2023-05-10,16149.0,-4305.0,0.0,100,412.85,464.0,0,0.0,0.0,,0.0,1,8.88,0.78,SPY230519C00420000,420.0,normalDay
2023-05-11,16149.0,-4340.0,0.0,100,412.13,464.0,0,0.0,0.0,,0.0,1,8.88,0.41,SPY230519C00420000,420.0,normalDay
2023-05-12,16149.0,-4369.0,0.0,100,411.59,464.0,0,0.0,0.0,,0.0,1,8.88,0.16,SPY230519C00420000,420.0,normalDay
2023-05-15,16149.0,-4229.0,0.0,100,413.01,464.0,0,0.0,0.0,,0.0,1,8.88,0.18,SPY230519C00420000,420.0,normalDay
2023-05-16,16149.0,-4494.0,0.0,100,410.25,464.0,0,0.0,0.0,,0.0,1,8.88,0.07,SPY230519C00420000,420.0,normalDay
2023-05-17,16149.0,-4015.0,0.0,100,415.23,464.0,0,0.0,0.0,,0.0,1,8.88,0.26,SPY230519C00420000,420.0,normalDay
2023-05-18,16149.0,-3675.0,0.0,100,419.23,464.0,0,0.0,0.0,,0.0,1,8.88,0.86,SPY230519C00420000,420.0,normalDay
2023-05-19,17037.0,-4538.0,888.0,100,418.62,464.0,0,0.0,0.0,,0.0,1,8.88,0.0,SPY230519C00420000,420.0,expirationDay
2023-05-22,17037.0,-4532.0,0.0,100,418.79,464.0,0,0.0,0.0,,0.0,1,11.91,12.02,SPY230929C00430000,430.0,normalDay
2023-05-23,17037.0,-4780.0,0.0,100,414.09,464.0,0,0.0,0.0,,0.0,1,11.91,9.8,SPY230929C00430000,430.0,normalDay
2023-05-24,17037.0,-4969.0,0.0,100,411.09,464.0,0,0.0,0.0,,0.0,1,11.91,8.69,SPY230929C00430000,430.0,normalDay
2023-05-25,17037.0,-4725.0,0.0,100,414.65,464.0,0,0.0,0.0,,0.0,1,11.91,9.81,SPY230929C00430000,430.0,normalDay
2023-05-26,17037.0,-4442.0,0.0,100,420.02,464.0,0,0.0,0.0,,0.0,1,11.91,12.35,SPY230929C00430000,430.0,normalDay
2023-05-30,17037.0,-4395.0,0.0,100,420.18,464.0,0,0.0,0.0,,0.0,1,11.91,12.04,SPY230929C00430000,430.0,normalDay
2023-05-31,17037.0,-4468.0,0.0,100,417.85,464.0,0,0.0,0.0,,0.0,1,11.91,10.44,SPY230929C00430000,430.0,normalDay
2023-06-01,17037.0,-4224.0,0.0,100,421.82,464.0,0,0.0,0.0,,0.0,1,11.91,11.97,SPY230929C00430000,430.0,normalDay
2023-06-02,17037.0,-3944.0,0.0,100,427.92,464.0,0,0.0,0.0,,0.0,1,11.91,15.27,SPY230929C00430000,430.0,normalDay
2023-06-05,17037.0,-3945.0,0.0,100,427.1,464.0,0,0.0,0.0,,0.0,1,11.91,14.46,SPY230929C00430000,430.0,normalDay
2023-06-06,17037.0,-3866.0,0.0,100,428.03,464.0,0,0.0,0.0,,0.0,1,11.91,14.6,SPY230929C00430000,430.0,normalDay
2023-06-07,17037.0,-3889.0,0.0,100,426.55,464.0,0,0.0,0.0,,0.0,1,11.91,13.35,SPY230929C00430000,430.0,normalDay
2023-06-08,17037.0,-3740.0,0.0,100,429.13,464.0,0,0.0,0.0,,0.0,1,11.91,14.44,SPY230929C00430000,430.0,normalDay
2023-06-09,17037.0,-3743.0,0.0,100,429.9,464.0,0,0.0,0.0,,0.0,1,11.91,15.24,SPY230929C00430000,430.0,normalDay
2023-06-12,17037.0,-3592.0,0.0,100,433.8,464.0,0,0.0,0.0,,0.0,1,11.91,17.63,SPY230929C00430000,430.0,normalDay
2023-06-13,17037.0,-3523.0,0.0,100,436.66,464.0,0,0.0,0.0,,0.0,1,11.91,19.8,SPY230929C00430000,430.0,normalDay
2023-06-14,17037.0,-3507.0,0.0,100,437.18,464.0,0,0.0,0.0,,0.0,1,11.91,20.16,SPY230929C00430000,430.0,normalDay
2023-06-15,17037.0,-3321.0,0.0,100,442.6,464.0,0,0.0,0.0,,0.0,1,11.91,23.72,SPY230929C00430000,430.0,normalDay
2023-06-16,17037.0,-3565.0,0.0,100,439.46,464.0,0,0.0,0.0,,0.0,1,11.91,23.02,SPY230929C00430000,430.0,normalDay
2023-06-20,17037.0,-3561.0,0.0,100,437.18,464.0,0,0.0,0.0,,0.0,1,11.91,20.7,SPY230929C00430000,430.0,normalDay
2023-06-21,17037.0,-3622.0,0.0,100,434.94,464.0,0,0.0,0.0,,0.0,1,11.91,19.07,SPY230929C00430000,430.0,normalDay
2023-06-22,17037.0,-3518.0,0.0,100,436.51,464.0,0,0.0,0.0,,0.0,1,11.91,19.6,SPY230929C00430000,430.0,normalDay
2023-06-23,17037.0,-3624.0,0.0,100,433.21,464.0,0,0.0,0.0,,0.0,1,11.91,17.36,SPY230929C00430000,430.0,normalDay
2023-06-26,17037.0,-3667.0,0.0,100,431.44,464.0,0,0.0,0.0,,0.0,1,11.91,16.02,SPY230929C00430000,430.0,normalDay
2023-06-27,17037.0,-3453.0,0.0,100,436.17,464.0,0,0.0,0.0,,0.0,1,11.91,18.61,SPY230929C00430000,430.0,normalDay
2023-06-28,17037.0,-3457.0,0.0,100,436.39,464.0,0,0.0,0.0,,0.0,1,11.91,18.87,SPY230929C00430000,430.0,normalDay
2023-06-29,17037.0,-3388.0,0.0,100,438.11,464.0,0,0.0,0.0,,0.0,1,11.91,19.9,SPY230929C00430000,430.0,normalDay
2023-06-30,17037.0,-3271.0,0.0,100,443.28,464.0,0,0.0,0.0,,0.0,1,11.91,23.9,SPY230929C00430000,430.0,normalDay
2023-07-03,17037.0,-3300.0,0.0,100,443.79,464.0,0,0.0,0.0,,0.0,1,11.91,24.7,SPY230929C00430000,430.0,normalDay
2023-07-05,17037.0,-3255.0,0.0,100,443.13,464.0,0,0.0,0.0,,0.0,1,11.91,23.59,SPY230929C00430000,430.0,normalDay
2023-07-06,17037.0,-3361.0,0.0,100,439.66,464.0,0,0.0,0.0,,0.0,1,11.91,21.18,SPY230929C00430000,430.0,normalDay
2023-07-07,17037.0,-3388.0,0.0,100,438.55,464.0,0,0.0,0.0,,0.0,1,11.91,20.34,SPY230929C00430000,430.0,normalDay
2023-07-10,17037.0,-3323.0,0.0,100,439.66,464.0,0,0.0,0.0,,0.0,1,11.91,20.8,SPY230929C00430000,430.0,normalDay
2023-07-11,17037.0,-3206.0,0.0,100,442.46,464.0,0,0.0,0.0,,0.0,1,11.91,22.43,SPY230929C00430000,430.0,normalDay
2023-07-12,17037.0,-3116.0,0.0,100,446.02,464.0,0,0.0,0.0,,0.0,1,11.91,25.09,SPY230929C00430000,430.0,normalDay
2023-07-13,17037.0,-3026.0,0.0,100,449.56,464.0,0,0.0,0.0,,0.0,1,11.91,27.73,SPY230929C00430000,430.0,normalDay
2023-07-14,17037.0,-2997.0,0.0,100,449.28,464.0,0,0.0,0.0,,0.0,1,11.91,27.16,SPY230929C00430000,430.0,normalDay
2023-07-17,17037.0,-2952.0,0.0,100,450.84,464.0,0,0.0,0.0,,0.0,1,11.91,28.27,SPY230929C00430000,430.0,normalDay
2023-07-18,17037.0,-2913.0,0.0,100,454.19,464.0,0,0.0,0.0,,0.0,1,11.91,31.23,SPY230929C00430000,430.0,normalDay
2023-07-19,17037.0,-2920.0,0.0,100,455.2,464.0,0,0.0,0.0,,0.0,1,11.91,32.31,SPY230929C00430000,430.0,normalDay
2023-07-20,17037.0,-2973.0,0.0,100,452.18,464.0,0,0.0,0.0,,0.0,1,11.91,29.82,SPY230929C00430000,430.0,normalDay
2023-07-21,17037.0,-2922.0,0.0,100,452.18,464.0,0,0.0,0.0,,0.0,1,11.91,29.31,SPY230929C00430000,430.0,normalDay
2023-07-24,17037.0,-2894.0,0.0,100,454.2,464.0,0,0.0,0.0,,0.0,1,11.91,31.05,SPY230929C00430000,430.0,normalDay
2023-07-25,17037.0,-2923.0,0.0,100,455.44,464.0,0,0.0,0.0,,0.0,1,11.91,32.58,SPY230929C00430000,430.0,normalDay
2023-07-26,17037.0,-2923.0,0.0,100,455.51,464.0,0,0.0,0.0,,0.0,1,11.91,32.65,SPY230929C00430000,430.0,normalDay
2023-07-27,17037.0,-2914.0,0.0,100,452.49,464.0,0,0.0,0.0,,0.0,1,11.91,29.54,SPY230929C00430000,430.0,normalDay
2023-07-28,17037.0,-2793.0,0.0,100,456.92,464.0,0,0.0,0.0,,0.0,1,11.91,32.76,SPY230929C00430000,430.0,normalDay
2023-07-31,17037.0,-2771.0,0.0,100,457.79,464.0,0,0.0,0.0,,0.0,1,11.91,33.41,SPY230929C00430000,430.0,normalDay
2023-08-01,17037.0,-2757.0,0.0,100,456.48,464.0,0,0.0,0.0,,0.0,1,11.91,31.96,SPY230929C00430000,430.0,normalDay
2023-08-02,17037.0,-2914.0,0.0,100,450.13,464.0,0,0.0,0.0,,0.0,1,11.91,27.18,SPY230929C00430000,430.0,normalDay
2023-08-03,17037.0,-3070.0,0.0,100,448.84,464.0,0,0.0,0.0,,0.0,1,11.91,27.45,SPY230929C00430000,430.0,normalDay
2023-08-04,17037.0,-2933.0,0.0,100,446.81,464.0,0,0.0,0.0,,0.0,1,11.91,24.05,SPY230929C00430000,430.0,normalDay
2023-08-07,17037.0,-2831.0,0.0,100,450.71,464.0,0,0.0,0.0,,0.0,1,11.91,26.93,SPY230929C00430000,430.0,normalDay
2023-08-08,17037.0,-2845.0,0.0,100,448.75,464.0,0,0.0,0.0,,0.0,1,11.91,25.11,SPY230929C00430000,430.0,normalDay
2023-08-09,17037.0,-2926.0,0.0,100,445.75,464.0,0,0.0,0.0,,0.0,1,11.91,22.92,SPY230929C00430000,430.0,normalDay
2023-08-10,17037.0,-2841.0,0.0,100,445.91,464.0,0,0.0,0.0,,0.0,1,11.91,22.23,SPY230929C00430000,430.0,normalDay
2023-08-11,17037.0,-2834.0,0.0,100,445.65,464.0,0,0.0,0.0,,0.0,1,11.91,21.9,SPY230929C00430000,430.0,normalDay
2023-08-14,17037.0,-2738.0,0.0,100,448.11,464.0,0,0.0,0.0,,0.0,1,11.91,23.4,SPY230929C00430000,430.0,normalDay
2023-08-15,17037.0,-2850.0,0.0,100,442.89,464.0,0,0.0,0.0,,0.0,1,11.91,19.3,SPY230929C00430000,430.0,normalDay
2023-08-16,17037.0,-2941.0,0.0,100,439.64,464.0,0,0.0,0.0,,0.0,1,11.91,16.96,SPY230929C00430000,430.0,normalDay
2023-08-17,17037.0,-3017.0,0.0,100,436.29,464.0,0,0.0,0.0,,0.0,1,11.91,14.37,SPY230929C00430000,430.0,normalDay
2023-08-18,17037.0,-2970.0,0.0,100,436.5,464.0,0,0.0,0.0,,0.0,1,11.91,14.11,SPY230929C00430000,430.0,normalDay
2023-08-21,17037.0,-2812.0,0.0,100,439.34,464.0,0,0.0,0.0,,0.0,1,11.91,15.37,SPY230929C00430000,430.0,normalDay
2023-08-22,17037.0,-2850.0,0.0,100,438.15,464.0,0,0.0,0.0,,0.0,1,11.91,14.56,SPY230929C00430000,430.0,normalDay
2023-08-23,17037.0,-2713.0,0.0,100,443.03,464.0,0,0.0,0.0,,0.0,1,11.91,18.07,SPY230929C00430000,430.0,normalDay
2023-08-24,17037.0,-2863.0,0.0,100,436.89,464.0,0,0.0,0.0,,0.0,1,11.91,13.43,SPY230929C00430000,430.0,normalDay
2023-08-25,17037.0,-2715.0,0.0,100,439.97,464.0,0,0.0,0.0,,0.0,1,11.91,15.03,SPY230929C00430000,430.0,normalDay
2023-08-28,17037.0,-2614.0,0.0,100,442.76,464.0,0,0.0,0.0,,0.0,1,11.91,16.81,SPY230929C00430000,430.0,normalDay
2023-08-29,17037.0,-2502.0,0.0,100,449.16,464.0,0,0.0,0.0,,0.0,1,11.91,22.09,SPY230929C00430000,430.0,normalDay
2023-08-30,17037.0,-2453.0,0.0,100,451.01,464.0,0,0.0,0.0,,0.0,1,11.91,23.45,SPY230929C00430000,430.0,normalDay
2023-08-31,17037.0,-2451.0,0.0,100,450.35,464.0,0,0.0,0.0,,0.0,1,11.91,22.77,SPY230929C00430000,430.0,normalDay
2023-09-01,17037.0,-2362.0,0.0,100,451.19,464.0,0,0.0,0.0,,0.0,1,11.91,22.72,SPY230929C00430000,430.0,normalDay
2023-09-05,17037.0,-2388.0,0.0,100,449.24,464.0,0,0.0,0.0,,0.0,1,11.91,21.03,SPY230929C00430000,430.0,normalDay
2023-09-06,17037.0,-2399.0,0.0,100,446.22,464.0,0,0.0,0.0,,0.0,1,11.91,18.12,SPY230929C00430000,430.0,normalDay
2023-09-07,17037.0,-2404.0,0.0,100,444.85,464.0,0,0.0,0.0,,0.0,1,11.91,16.8,SPY230929C00430000,430.0,normalDay
2023-09-08,17037.0,-2393.0,0.0,100,445.52,464.0,0,0.0,0.0,,0.0,1,11.91,17.36,SPY230929C00430000,430.0,normalDay
2023-09-11,17037.0,-2313.0,0.0,100,448.45,464.0,0,0.0,0.0,,0.0,1,11.91,19.49,SPY230929C00430000,430.0,normalDay
2023-09-12,17037.0,-2336.0,0.0,100,445.99,464.0,0,0.0,0.0,,0.0,1,11.91,17.26,SPY230929C00430000,430.0,normalDay
2023-09-13,17037.0,-2300.0,0.0,100,446.51,464.0,0,0.0,0.0,,0.0,1,11.91,17.42,SPY230929C00430000,430.0,normalDay
2023-09-14,17037.0,-2250.0,0.0,100,450.36,464.0,0,0.0,0.0,,0.0,1,11.91,20.77,SPY230929C00430000,430.0,normalDay
2023-09-15,17037.0,-2382.0,0.0,100,443.37,464.0,0,0.0,0.0,,0.0,1,11.91,15.1,SPY230929C00430000,430.0,normalDay
2023-09-18,17037.0,-2370.0,0.0,100,443.63,464.0,0,0.0,0.0,,0.0,1,11.91,15.24,SPY230929C00430000,430.0,normalDay
2023-09-19,17037.0,-2371.0,0.0,100,442.71,464.0,0,0.0,0.0,,0.0,1,11.91,14.33,SPY230929C00430000,430.0,normalDay
2023-09-20,17037.0,-2365.0,0.0,100,438.64,464.0,0,0.0,0.0,,0.0,1,11.91,10.2,SPY230929C00430000,430.0,normalDay
2023-09-21,17037.0,-2586.0,0.0,100,431.39,464.0,0,0.0,0.0,,0.0,1,11.91,5.16,SPY230929C00430000,430.0,normalDay
2023-09-22,17037.0,-2587.0,0.0,100,430.42,464.0,0,0.0,0.0,,0.0,1,11.91,4.2,SPY230929C00430000,430.0,normalDay
2023-09-25,17037.0,-2460.0,0.0,100,432.23,464.0,0,0.0,0.0,,0.0,1,11.91,4.74,SPY230929C00430000,430.0,normalDay
2023-09-26,17037.0,-2772.0,0.0,100,425.88,464.0,0,0.0,0.0,,0.0,1,11.91,1.51,SPY230929C00430000,430.0,normalDay
2023-09-27,17037.0,-2719.0,0.0,100,426.05,464.0,0,0.0,0.0,,0.0,1,11.91,1.15,SPY230929C00430000,430.0,normalDay
2023-09-28,17037.0,-2468.0,0.0,100,428.52,464.0,0,0.0,0.0,,0.0,1,11.91,1.11,SPY230929C00430000,430.0,normalDay
2023-09-29,18228.0,-3652.0,1191.0,100,427.48,464.0,0,0.0,0.0,,0.0,1,11.91,0.0,SPY230929C00430000,430.0,expirationDay
2023-10-02,18228.0,-3675.0,0.0,100,427.31,464.0,0,0.0,0.0,,0.0,1,1.89,1.95,SPY240216C00475000,475.0,normalDay
2023-10-03,18228.0,-4215.0,0.0,100,421.59,464.0,0,0.0,0.0,,0.0,1,1.89,1.63,SPY240216C00475000,475.0,normalDay
2023-10-04,18228.0,-3925.0,0.0,100,424.66,464.0,0,0.0,0.0,,0.0,1,1.89,1.8,SPY240216C00475000,475.0,normalDay
2023-10-05,18228.0,-3930.0,0.0,100,424.5,464.0,0,0.0,0.0,,0.0,1,1.89,1.69,SPY240216C00475000,475.0,normalDay
2023-10-06,18228.0,-3489.0,0.0,100,429.54,464.0,0,0.0,0.0,,0.0,1,1.89,2.32,SPY240216C00475000,475.0,normalDay
2023-10-09,18228.0,-3250.0,0.0,100,432.29,464.0,0,0.0,0.0,,0.0,1,1.89,2.68,SPY240216C00475000,475.0,normalDay
2023-10-10,18228.0,-3038.0,0.0,100,434.54,464.0,0,0.0,0.0,,0.0,1,1.89,2.81,SPY240216C00475000,475.0,normalDay
2023-10-11,18228.0,-2879.0,0.0,100,436.32,464.0,0,0.0,0.0,,0.0,1,1.89,3.0,SPY240216C00475000,475.0,normalDay
2023-10-12,18228.0,-3079.0,0.0,100,433.66,464.0,0,0.0,0.0,,0.0,1,1.89,2.34,SPY240216C00475000,475.0,normalDay
2023-10-13,18228.0,-3282.0,0.0,100,431.5,464.0,0,0.0,0.0,,0.0,1,1.89,2.21,SPY240216C00475000,475.0,normalDay
2023-10-16,18228.0,-2867.0,0.0,100,436.04,464.0,0,0.0,0.0,,0.0,1,1.89,2.6,SPY240216C00475000,475.0,normalDay
2023-10-17,18228.0,-2868.0,0.0,100,436.02,464.0,0,0.0,0.0,,0.0,1,1.89,2.59,SPY240216C00475000,475.0,normalDay
2023-10-18,18228.0,-3386.0,0.0,100,430.21,464.0,0,0.0,0.0,,0.0,1,1.89,1.96,SPY240216C00475000,475.0,normalDay
2023-10-19,18228.0,-3719.0,0.0,100,426.43,464.0,0,0.0,0.0,,0.0,1,1.89,1.51,SPY240216C00475000,475.0,normalDay
2023-10-20,18228.0,-4205.0,0.0,100,421.19,464.0,0,0.0,0.0,,0.0,1,1.89,1.13,SPY240216C00475000,475.0,normalDay
2023-10-23,18228.0,-4262.0,0.0,100,420.46,464.0,0,0.0,0.0,,0.0,1,1.89,0.97,SPY240216C00475000,475.0,normalDay
2023-10-24,18228.0,-3956.0,0.0,100,423.63,464.0,0,0.0,0.0,,0.0,1,1.89,1.08,SPY240216C00475000,475.0,normalDay
2023-10-25,18228.0,-4530.0,0.0,100,417.55,464.0,0,0.0,0.0,,0.0,1,1.89,0.74,SPY240216C00475000,475.0,normalDay
2023-10-26,18228.0,-5011.0,0.0,100,412.55,464.0,0,0.0,0.0,,0.0,1,1.89,0.55,SPY240216C00475000,475.0,normalDay
2023-10-27,18228.0,-5194.0,0.0,100,410.68,464.0,0,0.0,0.0,,0.0,1,1.89,0.51,SPY240216C00475000,475.0,normalDay
2023-10-30,18228.0,-4710.0,0.0,100,415.59,464.0,0,0.0,0.0,,0.0,1,1.89,0.58,SPY240216C00475000,475.0,normalDay
2023-10-31,18228.0,-4442.0,0.0,100,418.2,464.0,0,0.0,0.0,,0.0,1,1.89,0.51,SPY240216C00475000,475.0,normalDay
2023-11-01,18228.0,-4013.0,0.0,100,422.66,464.0,0,0.0,0.0,,0.0,1,1.89,0.68,SPY240216C00475000,475.0,normalDay
2023-11-02,18228.0,-3244.0,0.0,100,430.76,464.0,0,0.0,0.0,,0.0,1,1.89,1.09,SPY240216C00475000,475.0,normalDay
2023-11-03,18228.0,-2877.0,0.0,100,434.69,464.0,0,0.0,0.0,,0.0,1,1.89,1.35,SPY240216C00475000,475.0,normalDay
2023-11-06,18228.0,-2766.0,0.0,100,435.69,464.0,0,0.0,0.0,,0.0,1,1.89,1.24,SPY240216C00475000,475.0,normalDay
2023-11-07,18228.0,-2655.0,0.0,100,436.93,464.0,0,0.0,0.0,,0.0,1,1.89,1.37,SPY240216C00475000,475.0,normalDay
2023-11-08,18228.0,-2616.0,0.0,100,437.25,464.0,0,0.0,0.0,,0.0,1,1.89,1.3,SPY240216C00475000,475.0,normalDay
2023-11-09,18228.0,-2929.0,0.0,100,433.84,464.0,0,0.0,0.0,,0.0,1,1.89,1.02,SPY240216C00475000,475.0,normalDay
2023-11-10,18228.0,-2312.0,0.0,100,440.61,464.0,0,0.0,0.0,,0.0,1,1.89,1.62,SPY240216C00475000,475.0,normalDay
2023-11-13,18228.0,-2342.0,0.0,100,440.19,464.0,0,0.0,0.0,,0.0,1,1.89,1.5,SPY240216C00475000,475.0,normalDay
2023-11-14,18228.0,-1650.0,0.0,100,448.73,464.0,0,0.0,0.0,,0.0,1,1.89,3.12,SPY240216C00475000,475.0,normalDay
2023-11-15,18228.0,-1550.0,0.0,100,449.68,464.0,0,0.0,0.0,,0.0,1,1.89,3.07,SPY240216C00475000,475.0,normalDay
2023-11-16,18228.0,-1491.0,0.0,100,450.23,464.0,0,0.0,0.0,,0.0,1,1.89,3.03,SPY240216C00475000,475.0,normalDay
2023-11-17,18228.0,-1438.0,0.0,100,450.79,464.0,0,0.0,0.0,,0.0,1,1.89,3.06,SPY240216C00475000,475.0,normalDay
2023-11-20,18228.0,-1163.0,0.0,100,454.26,464.0,0,0.0,0.0,,0.0,1,1.89,3.78,SPY240216C00475000,475.0,normalDay
2023-11-21,18228.0,-1214.0,0.0,100,453.27,464.0,0,0.0,0.0,,0.0,1,1.89,3.3,SPY240216C00475000,475.0,normalDay
2023-11-22,18228.0,-1080.0,0.0,100,455.02,464.0,0,0.0,0.0,,0.0,1,1.89,3.71,SPY240216C00475000,475.0,normalDay
2023-11-24,18228.0,-1030.0,0.0,100,455.3,464.0,0,0.0,0.0,,0.0,1,1.89,3.49,SPY240216C00475000,475.0,normalDay
2023-11-27,18228.0,-1088.0,0.0,100,454.48,464.0,0,0.0,0.0,,0.0,1,1.89,3.25,SPY240216C00475000,475.0,normalDay
2023-11-28,18228.0,-1046.0,0.0,100,454.93,464.0,0,0.0,0.0,,0.0,1,1.89,3.28,SPY240216C00475000,475.0,normalDay
2023-11-29,18228.0,-1090.0,0.0,100,454.61,464.0,0,0.0,0.0,,0.0,1,1.89,3.4,SPY240216C00475000,475.0,normalDay
2023-11-30,18228.0,-925.0,0.0,100,456.4,464.0,0,0.0,0.0,,0.0,1,1.89,3.54,SPY240216C00475000,475.0,normalDay
