date,totalCapital,unrializedPnL,rializedPnL,stocksOwned,stocksPriceToday,stocksPriceBoughtAt,putOwned,putOwnedSoldAt,putPriceToday,putOwnedContract,putOwnedStrike,callOwned,callOwnedSoldAt,callPriceToday,callOwnedContract,callOwnedStrike,trackType
2018-11-01,0.0,-4.0,0.0,0,273.51,0.0,1,1.25,1.29,SPY181221P00244000,244.0,0,0.0,0.0,,0.0,normalDay
2018-11-02,0.0,-9.0,0.0,0,271.89,0.0,1,1.25,1.34,SPY181221P00244000,244.0,0,0.0,0.0,,0.0,normalDay
2018-11-05,0.0,8.0,0.0,0,273.39,0.0,1,1.25,1.17,SPY181221P00244000,244.0,0,0.0,0.0,,0.0,normalDay
2018-11-06,0.0,24.0,0.0,0,275.12,0.0,1,1.25,1.01,SPY181221P00244000,244.0,0,0.0,0.0,,0.0,normalDay
2018-11-07,0.0,74.0,0.0,0,281.01,0.0,1,1.25,0.51,SPY181221P00244000,244.0,0,0.0,0.0,,0.0,normalDay
2018-11-08,0.0,71.0,0.0,0,280.5,0.0,1,1.25,0.54,SPY181221P00244000,244.0,0,0.0,0.0,,0.0,normalDay
2018-11-09,0.0,59.0,0.0,0,277.76,0.0,1,1.25,0.66,SPY181221P00244000,244.0,0,0.0,0.0,,0.0,normalDay
2018-11-12,0.0,20.0,0.0,0,272.57,0.0,1,1.25,1.05,SPY181221P00244000,244.0,0,0.0,0.0,,0.0,normalDay
2018-11-13,0.0,19.0,0.0,0,272.06,0.0,1,1.25,1.06,SPY181221P00244000,244.0,0,0.0,0.0,,0.0,normalDay
2018-11-14,0.0,3.0,0.0,0,270.2,0.0,1,1.25,1.22,SPY181221P00244000,244.0,0,0.0,0.0,,0.0,normalDay
2018-11-15,0.0,40.0,0.0,0,273.02,0.0,1,1.25,0.85,SPY181221P00244000,244.0,0,0.0,0.0,,0.0,normalDay
2018-11-16,0.0,63.0,0.0,0,273.73,0.0,1,1.25,0.62,SPY181221P00244000,244.0,0,0.0,0.0,,0.0,normalDay
2018-11-19,0.0,34.0,0.0,0,269.1,0.0,1,1.25,0.91,SPY181221P00244000,244.0,0,0.0,0.0,,0.0,normalDay
2018-11-20,0.0,-33.0,0.0,0,264.12,0.0,1,1.25,1.58,SPY181221P00244000,244.0,0,0.0,0.0,,0.0,normalDay
2018-11-21,0.0,5.0,0.0,0,265.02,0.0,1,1.25,1.2,SPY181221P00244000,244.0,0,0.0,0.0,,0.0,normalDay
2018-11-23,0.0,-13.0,0.0,0,263.25,0.0,1,1.25,1.38,SPY181221P00244000,244.0,0,0.0,0.0,,0.0,normalDay
2018-11-26,0.0,68.0,0.0,0,267.5,0.0,1,1.25,0.57,SPY181221P00244000,244.0,0,0.0,0.0,,0.0,normalDay
2018-11-27,0.0,72.0,0.0,0,268.4,0.0,1,1.25,0.53,SPY181221P00244000,244.0,0,0.0,0.0,,0.0,normalDay
2018-11-28,0.0,96.0,0.0,0,274.58,0.0,1,1.25,0.29,SPY181221P00244000,244.0,0,0.0,0.0,,0.0,normalDay
2018-11-29,0.0,91.0,0.0,0,273.98,0.0,1,1.25,0.34,SPY181221P00244000,244.0,0,0.0,0.0,,0.0,normalDay
2018-11-30,0.0,99.0,0.0,0,275.65,0.0,1,1.25,0.26,SPY181221P00244000,244.0,0,0.0,0.0,,0.0,normalDay
2018-12-03,0.0,110.0,0.0,0,279.3,0.0,1,1.25,0.15,SPY181221P00244000,244.0,0,0.0,0.0,,0.0,normalDay
2018-12-04,0.0,77.0,0.0,0,270.25,0.0,1,1.25,0.48,SPY181221P00244000,244.0,0,0.0,0.0,,0.0,normalDay
2018-12-06,0.0,79.0,0.0,0,269.84,0.0,1,1.25,0.46,SPY181221P00244000,244.0,0,0.0,0.0,,0.0,normalDay
2018-12-07,0.0,30.0,0.0,0,263.57,0.0,1,1.25,0.95,SPY181221P00244000,244.0,0,0.0,0.0,,0.0,normalDay
2018-12-10,0.0,74.0,0.0,0,264.07,0.0,1,1.25,0.51,SPY181221P00244000,244.0,0,0.0,0.0,,0.0,normalDay
2018-12-11,0.0,88.0,0.0,0,264.13,0.0,1,1.25,0.37,SPY181221P00244000,244.0,0,0.0,0.0,,0.0,normalDay
2018-12-12,0.0,101.0,0.0,0,265.46,0.0,1,1.25,0.24,SPY181221P00244000,244.0,0,0.0,0.0,,0.0,normalDay
2018-12-13,0.0,110.0,0.0,0,265.37,0.0,1,1.25,0.15,SPY181221P00244000,244.0,0,0.0,0.0,,0.0,normalDay
2018-12-14,0.0,103.0,0.0,0,260.47,0.0,1,1.25,0.22,SPY181221P00244000,244.0,0,0.0,0.0,,0.0,normalDay
2018-12-17,0.0,55.0,0.0,0,255.36,0.0,1,1.25,0.7,SPY181221P00244000,244.0,0,0.0,0.0,,0.0,normalDay
2018-12-18,0.0,58.0,0.0,0,255.08,0.0,1,1.25,0.67,SPY181221P00244000,244.0,0,0.0,0.0,,0.0,normalDay
2018-12-19,0.0,54.0,0.0,0,251.26,0.0,1,1.25,0.71,SPY181221P00244000,244.0,0,0.0,0.0,,0.0,normalDay
2018-12-20,0.0,37.0,0.0,0,247.17,0.0,1,1.25,0.88,SPY181221P00244000,244.0,0,0.0,0.0,,0.0,normalDay
2018-12-21,125.0,-330.0,125.0,100,240.7,244.0,1,1.25,0.0,SPY181221P00244000,244.0,0,0.0,0.0,,0.0,expirationDay
2018-12-24,125.0,-977.0,0.0,100,234.34,244.0,0,0.0,0.0,,0.0,1,0.58,0.69,SPY190628C00291000,291.0,normalDay
2018-12-26,125.0,146.0,0.0,100,246.18,244.0,0,0.0,0.0,,0.0,1,0.58,1.3,SPY190628C00291000,291.0,normalDay
2018-12-27,125.0,300.0,0.0,100,248.07,244.0,0,0.0,0.0,,0.0,1,0.58,1.65,SPY190628C00291000,291.0,normalDay
2018-12-28,125.0,289.0,0.0,100,247.75,244.0,0,0.0,0.0,,0.0,1,0.58,1.44,SPY190628C00291000,291.0,normalDay
2018-12-31,125.0,513.0,0.0,100,249.92,244.0,0,0.0,0.0,,0.0,1,0.58,1.37,SPY190628C00291000,291.0,normalDay
2019-01-02,125.0,556.0,0.0,100,250.18,244.0,0,0.0,0.0,,0.0,1,0.58,1.2,SPY190628C00291000,291.0,normalDay
2019-01-03,125.0,2.0,0.0,100,244.21,244.0,0,0.0,0.0,,0.0,1,0.58,0.77,SPY190628C00291000,291.0,normalDay
2019-01-04,125.0,774.0,0.0,100,252.39,244.0,0,0.0,0.0,,0.0,1,0.58,1.23,SPY190628C00291000,291.0,normalDay
2019-01-07,125.0,967.0,0.0,100,254.38,244.0,0,0.0,0.0,,0.0,1,0.58,1.29,SPY190628C00291000,291.0,normalDay
2019-01-08,125.0,1190.0,0.0,100,256.77,244.0,0,0.0,0.0,,0.0,1,0.58,1.45,SPY190628C00291000,291.0,normalDay
2019-01-09,125.0,1313.0,0.0,100,257.97,244.0,0,0.0,0.0,,0.0,1,0.58,1.42,SPY190628C00291000,291.0,normalDay
2019-01-10,125.0,1395.0,0.0,100,258.88,244.0,0,0.0,0.0,,0.0,1,0.58,1.51,SPY190628C00291000,291.0,normalDay
2019-01-11,125.0,1432.0,0.0,100,258.98,244.0,0,0.0,0.0,,0.0,1,0.58,1.24,SPY190628C00291000,291.0,normalDay
2019-01-14,125.0,1301.0,0.0,100,257.4,244.0,0,0.0,0.0,,0.0,1,0.58,0.97,SPY190628C00291000,291.0,normalDay
2019-01-15,125.0,1589.0,0.0,100,260.35,244.0,0,0.0,0.0,,0.0,1,0.58,1.04,SPY190628C00291000,291.0,normalDay
2019-01-16,125.0,1645.0,0.0,100,260.98,244.0,0,0.0,0.0,,0.0,1,0.58,1.11,SPY190628C00291000,291.0,normalDay
2019-01-17,125.0,1819.0,0.0,100,262.96,244.0,0,0.0,0.0,,0.0,1,0.58,1.35,SPY190628C00291000,291.0,normalDay
2019-01-18,125.0,2114.0,0.0,100,266.46,244.0,0,0.0,0.0,,0.0,1,0.58,1.9,SPY190628C00291000,291.0,normalDay
2019-01-22,125.0,1788.0,0.0,100,262.86,244.0,0,0.0,0.0,,0.0,1,0.58,1.56,SPY190628C00291000,291.0,normalDay
2019-01-23,125.0,1850.0,0.0,100,263.41,244.0,0,0.0,0.0,,0.0,1,0.58,1.49,SPY190628C00291000,291.0,normalDay
2019-01-24,125.0,1882.0,0.0,100,263.55,244.0,0,0.0,0.0,,0.0,1,0.58,1.31,SPY190628C00291000,291.0,normalDay
2019-01-25,125.0,2069.0,0.0,100,265.78,244.0,0,0.0,0.0,,0.0,1,0.58,1.67,SPY190628C00291000,291.0,normalDay
2019-01-28,125.0,1898.0,0.0,100,263.76,244.0,0,0.0,0.0,,0.0,1,0.58,1.36,SPY190628C00291000,291.0,normalDay
2019-01-29,125.0,1869.0,0.0,100,263.41,244.0,0,0.0,0.0,,0.0,1,0.58,1.3,SPY190628C00291000,291.0,normalDay
2019-01-30,125.0,2232.0,0.0,100,267.58,244.0,0,0.0,0.0,,0.0,1,0.58,1.84,SPY190628C00291000,291.0,normalDay
2019-01-31,125.0,2426.0,0.0,100,269.93,244.0,0,0.0,0.0,,0.0,1,0.58,2.25,SPY190628C00291000,291.0,normalDay
2019-02-01,125.0,2451.0,0.0,100,270.06,244.0,0,0.0,0.0,,0.0,1,0.58,2.13,SPY190628C00291000,291.0,normalDay
2019-02-04,125.0,2618.0,0.0,100,271.96,244.0,0,0.0,0.0,,0.0,1,0.58,2.36,SPY190628C00291000,291.0,normalDay
2019-02-05,125.0,2716.0,0.0,100,273.1,244.0,0,0.0,0.0,,0.0,1,0.58,2.52,SPY190628C00291000,291.0,normalDay
2019-02-06,125.0,2698.0,0.0,100,272.74,244.0,0,0.0,0.0,,0.0,1,0.58,2.34,SPY190628C00291000,291.0,normalDay
2019-02-07,125.0,2486.0,0.0,100,270.14,244.0,0,0.0,0.0,,0.0,1,0.58,1.86,SPY190628C00291000,291.0,normalDay
2019-02-08,125.0,2523.0,0.0,100,270.47,244.0,0,0.0,0.0,,0.0,1,0.58,1.82,SPY190628C00291000,291.0,normalDay
2019-02-11,125.0,2541.0,0.0,100,270.62,244.0,0,0.0,0.0,,0.0,1,0.58,1.79,SPY190628C00291000,291.0,normalDay
2019-02-12,125.0,2810.0,0.0,100,274.1,244.0,0,0.0,0.0,,0.0,1,0.58,2.58,SPY190628C00291000,291.0,normalDay
2019-02-13,125.0,2884.0,0.0,100,274.99,244.0,0,0.0,0.0,,0.0,1,0.58,2.73,SPY190628C00291000,291.0,normalDay
2019-02-14,125.0,2834.0,0.0,100,274.38,244.0,0,0.0,0.0,,0.0,1,0.58,2.62,SPY190628C00291000,291.0,normalDay
2019-02-15,125.0,3069.0,0.0,100,277.37,244.0,0,0.0,0.0,,0.0,1,0.58,3.26,SPY190628C00291000,291.0,normalDay
2019-02-19,125.0,3133.0,0.0,100,277.85,244.0,0,0.0,0.0,,0.0,1,0.58,3.1,SPY190628C00291000,291.0,normalDay
2019-02-20,125.0,3192.0,0.0,100,278.41,244.0,0,0.0,0.0,,0.0,1,0.58,3.07,SPY190628C00291000,291.0,normalDay
2019-02-21,125.0,3129.0,0.0,100,277.42,244.0,0,0.0,0.0,,0.0,1,0.58,2.71,SPY190628C00291000,291.0,normalDay
2019-02-22,125.0,3269.0,0.0,100,279.14,244.0,0,0.0,0.0,,0.0,1,0.58,3.03,SPY190628C00291000,291.0,normalDay
2019-02-25,125.0,3287.0,0.0,100,279.52,244.0,0,0.0,0.0,,0.0,1,0.58,3.23,SPY190628C00291000,291.0,normalDay
2019-02-26,125.0,3277.0,0.0,100,279.32,244.0,0,0.0,0.0,,0.0,1,0.58,3.13,SPY190628C00291000,291.0,normalDay
2019-02-27,125.0,3274.0,0.0,100,279.2,244.0,0,0.0,0.0,,0.0,1,0.58,3.04,SPY190628C00291000,291.0,normalDay
2019-02-28,125.0,3251.0,0.0,100,278.68,244.0,0,0.0,0.0,,0.0,1,0.58,2.75,SPY190628C00291000,291.0,normalDay
2019-03-01,125.0,3400.0,0.0,100,280.42,244.0,0,0.0,0.0,,0.0,1,0.58,3.0,SPY190628C00291000,291.0,normalDay
2019-03-04,125.0,3332.0,0.0,100,279.4,244.0,0,0.0,0.0,,0.0,1,0.58,2.66,SPY190628C00291000,291.0,normalDay
2019-03-05,125.0,3304.0,0.0,100,279.02,244.0,0,0.0,0.0,,0.0,1,0.58,2.56,SPY190628C00291000,291.0,normalDay
2019-03-06,125.0,3172.0,0.0,100,277.33,244.0,0,0.0,0.0,,0.0,1,0.58,2.19,SPY190628C00291000,291.0,normalDay
2019-03-07,125.0,2980.0,0.0,100,275.01,244.0,0,0.0,0.0,,0.0,1,0.58,1.79,SPY190628C00291000,291.0,normalDay
2019-03-08,125.0,2936.0,0.0,100,274.46,244.0,0,0.0,0.0,,0.0,1,0.58,1.68,SPY190628C00291000,291.0,normalDay
2019-03-11,125.0,3279.0,0.0,100,278.44,244.0,0,0.0,0.0,,0.0,1,0.58,2.23,SPY190628C00291000,291.0,normalDay
2019-03-12,125.0,3375.0,0.0,100,279.49,244.0,0,0.0,0.0,,0.0,1,0.58,2.32,SPY190628C00291000,291.0,normalDay
2019-03-13,125.0,3497.0,0.0,100,281.34,244.0,0,0.0,0.0,,0.0,1,0.58,2.95,SPY190628C00291000,291.0,normalDay
2019-03-14,125.0,3495.0,0.0,100,281.16,244.0,0,0.0,0.0,,0.0,1,0.58,2.79,SPY190628C00291000,291.0,normalDay
2019-03-15,125.0,3473.0,0.0,100,281.31,244.0,0,0.0,0.0,,0.0,1,0.58,3.16,SPY190628C00291000,291.0,normalDay
2019-03-18,125.0,3517.0,0.0,100,282.33,244.0,0,0.0,0.0,,0.0,1,0.58,3.74,SPY190628C00291000,291.0,normalDay
2019-03-19,125.0,3526.0,0.0,100,282.4,244.0,0,0.0,0.0,,0.0,1,0.58,3.72,SPY190628C00291000,291.0,normalDay
2019-03-20,125.0,3472.0,0.0,100,281.55,244.0,0,0.0,0.0,,0.0,1,0.58,3.41,SPY190628C00291000,291.0,normalDay
2019-03-21,125.0,3656.0,0.0,100,284.73,244.0,0,0.0,0.0,,0.0,1,0.58,4.75,SPY190628C00291000,291.0,normalDay
2019-03-22,125.0,3244.0,0.0,100,279.25,244.0,0,0.0,0.0,,0.0,1,0.58,3.39,SPY190628C00291000,291.0,normalDay
2019-03-25,125.0,3251.0,0.0,100,279.04,244.0,0,0.0,0.0,,0.0,1,0.58,3.11,SPY190628C00291000,291.0,normalDay
2019-03-26,125.0,3434.0,0.0,100,281.12,244.0,0,0.0,0.0,,0.0,1,0.58,3.36,SPY190628C00291000,291.0,normalDay
2019-03-27,125.0,3324.0,0.0,100,279.65,244.0,0,0.0,0.0,,0.0,1,0.58,2.99,SPY190628C00291000,291.0,normalDay
2019-03-28,125.0,3419.0,0.0,100,280.71,244.0,0,0.0,0.0,,0.0,1,0.58,3.1,SPY190628C00291000,291.0,normalDay
2019-03-29,125.0,3544.0,0.0,100,282.48,244.0,0,0.0,0.0,,0.0,1,0.58,3.62,SPY190628C00291000,291.0,normalDay
2019-04-01,125.0,3769.0,0.0,100,285.83,244.0,0,0.0,0.0,,0.0,1,0.58,4.72,SPY190628C00291000,291.0,normalDay
2019-04-02,125.0,3788.0,0.0,100,285.97,244.0,0,0.0,0.0,,0.0,1,0.58,4.67,SPY190628C00291000,291.0,normalDay
2019-04-03,125.0,3791.0,0.0,100,286.42,244.0,0,0.0,0.0,,0.0,1,0.58,5.09,SPY190628C00291000,291.0,normalDay
2019-04-04,125.0,3848.0,0.0,100,287.18,244.0,0,0.0,0.0,,0.0,1,0.58,5.28,SPY190628C00291000,291.0,normalDay
2019-04-05,125.0,3941.0,0.0,100,288.57,244.0,0,0.0,0.0,,0.0,1,0.58,5.74,SPY190628C00291000,291.0,normalDay
2019-04-08,125.0,3960.0,0.0,100,288.79,244.0,0,0.0,0.0,,0.0,1,0.58,5.77,SPY190628C00291000,291.0,normalDay
2019-04-09,125.0,3882.0,0.0,100,287.31,244.0,0,0.0,0.0,,0.0,1,0.58,5.07,SPY190628C00291000,291.0,normalDay
2019-04-10,125.0,3941.0,0.0,100,288.29,244.0,0,0.0,0.0,,0.0,1,0.58,5.46,SPY190628C00291000,291.0,normalDay
2019-04-11,125.0,3959.0,0.0,100,288.21,244.0,0,0.0,0.0,,0.0,1,0.58,5.2,SPY190628C00291000,291.0,normalDay
2019-04-12,125.0,4068.0,0.0,100,290.16,244.0,0,0.0,0.0,,0.0,1,0.58,6.06,SPY190628C00291000,291.0,normalDay
2019-04-15,125.0,4076.0,0.0,100,289.97,244.0,0,0.0,0.0,,0.0,1,0.58,5.79,SPY190628C00291000,291.0,normalDay
2019-04-16,125.0,4100.0,0.0,100,290.16,244.0,0,0.0,0.0,,0.0,1,0.58,5.74,SPY190628C00291000,291.0,normalDay
2019-04-17,125.0,4074.0,0.0,100,289.45,244.0,0,0.0,0.0,,0.0,1,0.58,5.29,SPY190628C00291000,291.0,normalDay
2019-04-18,125.0,4099.0,0.0,100,290.02,244.0,0,0.0,0.0,,0.0,1,0.58,5.61,SPY190628C00291000,291.0,normalDay
2019-04-22,125.0,4125.0,0.0,100,290.27,244.0,0,0.0,0.0,,0.0,1,0.58,5.6,SPY190628C00291000,291.0,normalDay
2019-04-23,125.0,4235.0,0.0,100,292.88,244.0,0,0.0,0.0,,0.0,1,0.58,7.11,SPY190628C00291000,291.0,normalDay
2019-04-24,125.0,4195.0,0.0,100,292.23,244.0,0,0.0,0.0,,0.0,1,0.58,6.86,SPY190628C00291000,291.0,normalDay
2019-04-25,125.0,4201.0,0.0,100,292.05,244.0,0,0.0,0.0,,0.0,1,0.58,6.62,SPY190628C00291000,291.0,normalDay
2019-04-26,125.0,4259.0,0.0,100,293.41,244.0,0,0.0,0.0,,0.0,1,0.58,7.4,SPY190628C00291000,291.0,normalDay
2019-04-29,125.0,4286.0,0.0,100,293.87,244.0,0,0.0,0.0,,0.0,1,0.58,7.59,SPY190628C00291000,291.0,normalDay
2019-04-30,125.0,4271.0,0.0,100,294.02,244.0,0,0.0,0.0,,0.0,1,0.58,7.89,SPY190628C00291000,291.0,normalDay
2019-05-01,125.0,4192.0,0.0,100,291.81,244.0,0,0.0,0.0,,0.0,1,0.58,6.47,SPY190628C00291000,291.0,normalDay
2019-05-02,125.0,4182.0,0.0,100,291.18,244.0,0,0.0,0.0,,0.0,1,0.58,5.94,SPY190628C00291000,291.0,normalDay
2019-05-03,125.0,4305.0,0.0,100,294.03,244.0,0,0.0,0.0,,0.0,1,0.58,7.56,SPY190628C00291000,291.0,normalDay
2019-05-06,125.0,4230.0,0.0,100,292.82,244.0,0,0.0,0.0,,0.0,1,0.58,7.1,SPY190628C00291000,291.0,normalDay
2019-05-07,125.0,3892.0,0.0,100,287.93,244.0,0,0.0,0.0,,0.0,1,0.58,5.59,SPY190628C00291000,291.0,normalDay
2019-05-08,125.0,3895.0,0.0,100,287.53,244.0,0,0.0,0.0,,0.0,1,0.58,5.16,SPY190628C00291000,291.0,normalDay
2019-05-09,125.0,3871.0,0.0,100,286.66,244.0,0,0.0,0.0,,0.0,1,0.58,4.53,SPY190628C00291000,291.0,normalDay
2019-05-10,125.0,4047.0,0.0,100,288.1,244.0,0,0.0,0.0,,0.0,1,0.58,4.21,SPY190628C00291000,291.0,normalDay
2019-05-13,125.0,3549.0,0.0,100,280.86,244.0,0,0.0,0.0,,0.0,1,0.58,1.95,SPY190628C00291000,291.0,normalDay
2019-05-14,125.0,3761.0,0.0,100,283.4,244.0,0,0.0,0.0,,0.0,1,0.58,2.37,SPY190628C00291000,291.0,normalDay
2019-05-15,125.0,3891.0,0.0,100,285.06,244.0,0,0.0,0.0,,0.0,1,0.58,2.73,SPY190628C00291000,291.0,normalDay
2019-05-16,125.0,4080.0,0.0,100,287.7,244.0,0,0.0,0.0,,0.0,1,0.58,3.48,SPY190628C00291000,291.0,normalDay
2019-05-17,125.0,3971.0,0.0,100,285.84,244.0,0,0.0,0.0,,0.0,1,0.58,2.71,SPY190628C00291000,291.0,normalDay
2019-05-20,125.0,3853.0,0.0,100,283.95,244.0,0,0.0,0.0,,0.0,1,0.58,2.0,SPY190628C00291000,291.0,normalDay
2019-05-21,125.0,4056.0,0.0,100,286.51,244.0,0,0.0,0.0,,0.0,1,0.58,2.53,SPY190628C00291000,291.0,normalDay
2019-05-22,125.0,4017.0,0.0,100,285.63,244.0,0,0.0,0.0,,0.0,1,0.58,2.04,SPY190628C00291000,291.0,normalDay
2019-05-23,125.0,3748.0,0.0,100,282.14,244.0,0,0.0,0.0,,0.0,1,0.58,1.24,SPY190628C00291000,291.0,normalDay
2019-05-24,125.0,3809.0,0.0,100,282.78,244.0,0,0.0,0.0,,0.0,1,0.58,1.27,SPY190628C00291000,291.0,normalDay
2019-05-28,125.0,3597.0,0.0,100,280.15,244.0,0,0.0,0.0,,0.0,1,0.58,0.76,SPY190628C00291000,291.0,normalDay
2019-05-29,125.0,3436.0,0.0,100,278.27,244.0,0,0.0,0.0,,0.0,1,0.58,0.49,SPY190628C00291000,291.0,normalDay
2019-05-30,125.0,3514.0,0.0,100,279.03,244.0,0,0.0,0.0,,0.0,1,0.58,0.47,SPY190628C00291000,291.0,normalDay
2019-05-31,125.0,3163.0,0.0,100,275.27,244.0,0,0.0,0.0,,0.0,1,0.58,0.22,SPY190628C00291000,291.0,normalDay
2019-06-03,125.0,3097.0,0.0,100,274.57,244.0,0,0.0,0.0,,0.0,1,0.58,0.18,SPY190628C00291000,291.0,normalDay
2019-06-04,125.0,3666.0,0.0,100,280.53,244.0,0,0.0,0.0,,0.0,1,0.58,0.45,SPY190628C00291000,291.0,normalDay
2019-06-05,125.0,3883.0,0.0,100,282.96,244.0,0,0.0,0.0,,0.0,1,0.58,0.71,SPY190628C00291000,291.0,normalDay
2019-06-06,125.0,4034.0,0.0,100,284.8,244.0,0,0.0,0.0,,0.0,1,0.58,1.04,SPY190628C00291000,291.0,normalDay
2019-06-07,125.0,4232.0,0.0,100,287.65,244.0,0,0.0,0.0,,0.0,1,0.58,1.91,SPY190628C00291000,291.0,normalDay
2019-06-10,125.0,4330.0,0.0,100,288.97,244.0,0,0.0,0.0,,0.0,1,0.58,2.25,SPY190628C00291000,291.0,normalDay
2019-06-11,125.0,4340.0,0.0,100,288.9,244.0,0,0.0,0.0,,0.0,1,0.58,2.08,SPY190628C00291000,291.0,normalDay
2019-06-12,125.0,4329.0,0.0,100,288.39,244.0,0,0.0,0.0,,0.0,1,0.58,1.68,SPY190628C00291000,291.0,normalDay
2019-06-13,125.0,4402.0,0.0,100,289.58,244.0,0,0.0,0.0,,0.0,1,0.58,2.14,SPY190628C00291000,291.0,normalDay
2019-06-14,125.0,4408.0,0.0,100,289.26,244.0,0,0.0,0.0,,0.0,1,0.58,1.76,SPY190628C00291000,291.0,normalDay
2019-06-17,125.0,4444.0,0.0,100,289.37,244.0,0,0.0,0.0,,0.0,1,0.58,1.51,SPY190628C00291000,291.0,normalDay
2019-06-18,125.0,4605.0,0.0,100,292.4,244.0,0,0.0,0.0,,0.0,1,0.58,2.93,SPY190628C00291000,291.0,normalDay
2019-06-19,125.0,4661.0,0.0,100,293.06,244.0,0,0.0,0.0,,0.0,1,0.58,3.03,SPY190628C00291000,291.0,normalDay
2019-06-20,125.0,4735.0,0.0,100,295.86,244.0,0,0.0,0.0,,0.0,1,0.58,5.09,SPY190628C00291000,291.0,normalDay
2019-06-21,125.0,4640.0,0.0,100,294.0,244.0,0,0.0,0.0,,0.0,1,0.58,4.18,SPY190628C00291000,291.0,normalDay
2019-06-24,125.0,4663.0,0.0,100,293.64,244.0,0,0.0,0.0,,0.0,1,0.58,3.59,SPY190628C00291000,291.0,normalDay
2019-06-25,125.0,4586.0,0.0,100,290.76,244.0,0,0.0,0.0,,0.0,1,0.58,1.48,SPY190628C00291000,291.0,normalDay
2019-06-26,125.0,4613.0,0.0,100,290.47,244.0,0,0.0,0.0,,0.0,1,0.58,0.92,SPY190628C00291000,291.0,normalDay
2019-06-27,125.0,4674.0,0.0,100,291.5,244.0,0,0.0,0.0,,0.0,1,0.58,1.34,SPY190628C00291000,291.0,normalDay
2019-06-28,4883.0,4674.0,4758.0,0,293.0,0.0,0,0.0,0.0,,0.0,1,0.58,0.0,SPY190628C00291000,291.0,expirationDay
2019-07-01,4883.0,-4.0,0.0,0,295.66,0.0,1,0.92,0.96,SPY190816P00273000,273.0,0,0.0,0.0,,0.0,normalDay
2019-07-02,4883.0,16.0,0.0,0,296.43,0.0,1,0.92,0.76,SPY190816P00273000,273.0,0,0.0,0.0,,0.0,normalDay
2019-07-03,4883.0,33.0,0.0,0,298.8,0.0,1,0.92,0.59,SPY190816P00273000,273.0,0,0.0,0.0,,0.0,normalDay
2019-07-05,4883.0,28.0,0.0,0,298.46,0.0,1,0.92,0.64,SPY190816P00273000,273.0,0,0.0,0.0,,0.0,normalDay
2019-07-08,4883.0,22.0,0.0,0,296.82,0.0,1,0.92,0.7,SPY190816P00273000,273.0,0,0.0,0.0,,0.0,normalDay
2019-07-09,4883.0,22.0,0.0,0,297.19,0.0,1,0.92,0.7,SPY190816P00273000,273.0,0,0.0,0.0,,0.0,normalDay
2019-07-10,4883.0,39.0,0.0,0,298.61,0.0,1,0.92,0.53,SPY190816P00273000,273.0,0,0.0,0.0,,0.0,normalDay
2019-07-11,4883.0,44.0,0.0,0,299.31,0.0,1,0.92,0.48,SPY190816P00273000,273.0,0,0.0,0.0,,0.0,normalDay
2019-07-12,4883.0,53.0,0.0,0,300.65,0.0,1,0.92,0.39,SPY190816P00273000,273.0,0,0.0,0.0,,0.0,normalDay
2019-07-15,4883.0,54.0,0.0,0,300.75,0.0,1,0.92,0.38,SPY190816P00273000,273.0,0,0.0,0.0,,0.0,normalDay
2019-07-16,4883.0,51.0,0.0,0,299.78,0.0,1,0.92,0.41,SPY190816P00273000,273.0,0,0.0,0.0,,0.0,normalDay
2019-07-17,4883.0,41.0,0.0,0,297.74,0.0,1,0.92,0.51,SPY190816P00273000,273.0,0,0.0,0.0,,0.0,normalDay
2019-07-18,4883.0,51.0,0.0,0,298.83,0.0,1,0.92,0.41,SPY190816P00273000,273.0,0,0.0,0.0,,0.0,normalDay
2019-07-19,4883.0,43.0,0.0,0,297.17,0.0,1,0.92,0.49,SPY190816P00273000,273.0,0,0.0,0.0,,0.0,normalDay
2019-07-22,4883.0,59.0,0.0,0,297.9,0.0,1,0.92,0.33,SPY190816P00273000,273.0,0,0.0,0.0,,0.0,normalDay
2019-07-23,4883.0,70.0,0.0,0,300.03,0.0,1,0.92,0.22,SPY190816P00273000,273.0,0,0.0,0.0,,0.0,normalDay
2019-07-24,4883.0,76.0,0.0,0,301.44,0.0,1,0.92,0.16,SPY190816P00273000,273.0,0,0.0,0.0,,0.0,normalDay
2019-07-25,4883.0,73.0,0.0,0,300.0,0.0,1,0.92,0.19,SPY190816P00273000,273.0,0,0.0,0.0,,0.0,normalDay
2019-07-26,4883.0,79.0,0.0,0,302.01,0.0,1,0.92,0.13,SPY190816P00273000,273.0,0,0.0,0.0,,0.0,normalDay
2019-07-29,4883.0,78.0,0.0,0,301.46,0.0,1,0.92,0.14,SPY190816P00273000,273.0,0,0.0,0.0,,0.0,normalDay
2019-07-30,4883.0,75.0,0.0,0,300.72,0.0,1,0.92,0.17,SPY190816P00273000,273.0,0,0.0,0.0,,0.0,normalDay
2019-07-31,4883.0,62.0,0.0,0,297.43,0.0,1,0.92,0.3,SPY190816P00273000,273.0,0,0.0,0.0,,0.0,normalDay
2019-08-01,4883.0,49.0,0.0,0,294.84,0.0,1,0.92,0.43,SPY190816P00273000,273.0,0,0.0,0.0,,0.0,normalDay
2019-08-02,4883.0,44.0,0.0,0,292.62,0.0,1,0.92,0.48,SPY190816P00273000,273.0,0,0.0,0.0,,0.0,normalDay
2019-08-05,4883.0,-119.0,0.0,0,283.82,0.0,1,0.92,2.11,SPY190816P00273000,273.0,0,0.0,0.0,,0.0,normalDay
2019-08-06,4883.0,16.0,0.0,0,287.8,0.0,1,0.92,0.76,SPY190816P00273000,273.0,0,0.0,0.0,,0.0,normalDay
2019-08-07,4883.0,34.0,0.0,0,287.97,0.0,1,0.92,0.58,SPY190816P00273000,273.0,0,0.0,0.0,,0.0,normalDay
2019-08-08,4883.0,76.0,0.0,0,293.62,0.0,1,0.92,0.16,SPY190816P00273000,273.0,0,0.0,0.0,,0.0,normalDay
2019-08-09,4883.0,76.0,0.0,0,291.62,0.0,1,0.92,0.16,SPY190816P00273000,273.0,0,0.0,0.0,,0.0,normalDay
2019-08-12,4883.0,69.0,0.0,0,288.07,0.0,1,0.92,0.23,SPY190816P00273000,273.0,0,0.0,0.0,,0.0,normalDay
2019-08-13,4883.0,87.0,0.0,0,292.55,0.0,1,0.92,0.05,SPY190816P00273000,273.0,0,0.0,0.0,,0.0,normalDay
2019-08-14,4883.0,64.0,0.0,0,283.9,0.0,1,0.92,0.28,SPY190816P00273000,273.0,0,0.0,0.0,,0.0,normalDay
2019-08-15,4883.0,89.0,0.0,0,284.65,0.0,1,0.92,0.03,SPY190816P00273000,273.0,0,0.0,0.0,,0.0,normalDay
2019-08-16,4975.0,0.0,92.0,0,288.85,0.0,1,0.92,0.0,SPY190816P00273000,273.0,0,0.0,0.0,,0.0,expirationDay
2019-08-19,4975.0,-3.0,0.0,0,292.33,0.0,1,1.1,1.13,SPY190930P00266000,266.0,0,0.0,0.0,,0.0,normalDay
2019-08-20,4975.0,-28.0,0.0,0,290.09,0.0,1,1.1,1.38,SPY190930P00266000,266.0,0,0.0,0.0,,0.0,normalDay
2019-08-21,4975.0,24.0,0.0,0,292.45,0.0,1,1.1,0.86,SPY190930P00266000,266.0,0,0.0,0.0,,0.0,normalDay
2019-08-22,4975.0,11.0,0.0,0,292.36,0.0,1,1.1,0.99,SPY190930P00266000,266.0,0,0.0,0.0,,0.0,normalDay
2019-08-23,4975.0,-90.0,0.0,0,284.85,0.0,1,1.1,2.0,SPY190930P00266000,266.0,0,0.0,0.0,,0.0,normalDay
2019-08-26,4975.0,-38.0,0.0,0,288.0,0.0,1,1.1,1.48,SPY190930P00266000,266.0,0,0.0,0.0,,0.0,normalDay
2019-08-27,4975.0,-64.0,0.0,0,286.87,0.0,1,1.1,1.74,SPY190930P00266000,266.0,0,0.0,0.0,,0.0,normalDay
2019-08-28,4975.0,-23.0,0.0,0,288.89,0.0,1,1.1,1.33,SPY190930P00266000,266.0,0,0.0,0.0,,0.0,normalDay
2019-08-29,4975.0,18.0,0.0,0,292.58,0.0,1,1.1,0.92,SPY190930P00266000,266.0,0,0.0,0.0,,0.0,normalDay
2019-08-30,4975.0,9.0,0.0,0,292.45,0.0,1,1.1,1.01,SPY190930P00266000,266.0,0,0.0,0.0,,0.0,normalDay
2019-09-03,4975.0,9.0,0.0,0,290.74,0.0,1,1.1,1.01,SPY190930P00266000,266.0,0,0.0,0.0,,0.0,normalDay
2019-09-04,4975.0,58.0,0.0,0,294.04,0.0,1,1.1,0.52,SPY190930P00266000,266.0,0,0.0,0.0,,0.0,normalDay
2019-09-05,4975.0,74.0,0.0,0,297.82,0.0,1,1.1,0.36,SPY190930P00266000,266.0,0,0.0,0.0,,0.0,normalDay
2019-09-06,4975.0,87.0,0.0,0,298.05,0.0,1,1.1,0.23,SPY190930P00266000,266.0,0,0.0,0.0,,0.0,normalDay
2019-09-09,4975.0,89.0,0.0,0,298.2,0.0,1,1.1,0.21,SPY190930P00266000,266.0,0,0.0,0.0,,0.0,normalDay
2019-09-10,4975.0,91.0,0.0,0,298.13,0.0,1,1.1,0.19,SPY190930P00266000,266.0,0,0.0,0.0,,0.0,normalDay
2019-09-11,4975.0,96.0,0.0,0,300.25,0.0,1,1.1,0.14,SPY190930P00266000,266.0,0,0.0,0.0,,0.0,normalDay
2019-09-12,4975.0,99.0,0.0,0,301.29,0.0,1,1.1,0.11,SPY190930P00266000,266.0,0,0.0,0.0,,0.0,normalDay
2019-09-13,4975.0,100.0,0.0,0,301.09,0.0,1,1.1,0.1,SPY190930P00266000,266.0,0,0.0,0.0,,0.0,normalDay
2019-09-16,4975.0,101.0,0.0,0,300.16,0.0,1,1.1,0.09,SPY190930P00266000,266.0,0,0.0,0.0,,0.0,normalDay
2019-09-17,4975.0,101.0,0.0,0,300.92,0.0,1,1.1,0.09,SPY190930P00266000,266.0,0,0.0,0.0,,0.0,normalDay
2019-09-18,4975.0,103.0,0.0,0,301.1,0.0,1,1.1,0.07,SPY190930P00266000,266.0,0,0.0,0.0,,0.0,normalDay
2019-09-19,4975.0,103.0,0.0,0,301.08,0.0,1,1.1,0.07,SPY190930P00266000,266.0,0,0.0,0.0,,0.0,normalDay
2019-09-20,4975.0,105.0,0.0,0,298.28,0.0,1,1.1,0.05,SPY190930P00266000,266.0,0,0.0,0.0,,0.0,normalDay
2019-09-23,4975.0,107.0,0.0,0,298.21,0.0,1,1.1,0.03,SPY190930P00266000,266.0,0,0.0,0.0,,0.0,normalDay
2019-09-24,4975.0,104.0,0.0,0,295.87,0.0,1,1.1,0.06,SPY190930P00266000,266.0,0,0.0,0.0,,0.0,normalDay
2019-09-25,4975.0,108.0,0.0,0,297.62,0.0,1,1.1,0.02,SPY190930P00266000,266.0,0,0.0,0.0,,0.0,normalDay
2019-09-26,4975.0,109.0,0.0,0,297.0,0.0,1,1.1,0.01,SPY190930P00266000,266.0,0,0.0,0.0,,0.0,normalDay
2019-09-27,4975.0,108.0,0.0,0,295.4,0.0,1,1.1,0.02,SPY190930P00266000,266.0,0,0.0,0.0,,0.0,normalDay
2019-09-30,5085.0,0.0,110.0,0,296.77,0.0,1,1.1,0.0,SPY190930P00266000,266.0,0,0.0,0.0,,0.0,expirationDay
2019-10-01,5085.0,-5.0,0.0,0,293.24,0.0,1,4.88,4.93,SPY191115P00288000,288.0,0,0.0,0.0,,0.0,normalDay
2019-10-02,5085.0,-262.0,0.0,0,288.06,0.0,1,4.88,7.5,SPY191115P00288000,288.0,0,0.0,0.0,,0.0,normalDay
2019-10-03,5085.0,-111.0,0.0,0,290.42,0.0,1,4.88,5.99,SPY191115P00288000,288.0,0,0.0,0.0,,0.0,normalDay
2019-10-04,5085.0,75.0,0.0,0,294.35,0.0,1,4.88,4.13,SPY191115P00288000,288.0,0,0.0,0.0,,0.0,normalDay
2019-10-07,5085.0,39.0,0.0,0,293.08,0.0,1,4.88,4.49,SPY191115P00288000,288.0,0,0.0,0.0,,0.0,normalDay
2019-10-08,5085.0,-166.0,0.0,0,288.53,0.0,1,4.88,6.54,SPY191115P00288000,288.0,0,0.0,0.0,,0.0,normalDay
2019-10-09,5085.0,-23.0,0.0,0,291.27,0.0,1,4.88,5.11,SPY191115P00288000,288.0,0,0.0,0.0,,0.0,normalDay
2019-10-10,5085.0,81.0,0.0,0,293.24,0.0,1,4.88,4.07,SPY191115P00288000,288.0,0,0.0,0.0,,0.0,normalDay
2019-10-11,5085.0,221.0,0.0,0,296.28,0.0,1,4.88,2.67,SPY191115P00288000,288.0,0,0.0,0.0,,0.0,normalDay
2019-10-14,5085.0,251.0,0.0,0,295.95,0.0,1,4.88,2.37,SPY191115P00288000,288.0,0,0.0,0.0,,0.0,normalDay
2019-10-15,5085.0,337.0,0.0,0,298.88,0.0,1,4.88,1.51,SPY191115P00288000,288.0,0,0.0,0.0,,0.0,normalDay
2019-10-16,5085.0,336.0,0.0,0,298.4,0.0,1,4.88,1.52,SPY191115P00288000,288.0,0,0.0,0.0,,0.0,normalDay
2019-10-17,5085.0,350.0,0.0,0,299.28,0.0,1,4.88,1.38,SPY191115P00288000,288.0,0,0.0,0.0,,0.0,normalDay
2019-10-18,5085.0,334.0,0.0,0,297.97,0.0,1,4.88,1.54,SPY191115P00288000,288.0,0,0.0,0.0,,0.0,normalDay
2019-10-21,5085.0,384.0,0.0,0,299.99,0.0,1,4.88,1.04,SPY191115P00288000,288.0,0,0.0,0.0,,0.0,normalDay
2019-10-22,5085.0,370.0,0.0,0,299.01,0.0,1,4.88,1.18,SPY191115P00288000,288.0,0,0.0,0.0,,0.0,normalDay
2019-10-23,5085.0,396.0,0.0,0,299.88,0.0,1,4.88,0.92,SPY191115P00288000,288.0,0,0.0,0.0,,0.0,normalDay
2019-10-24,5085.0,409.0,0.0,0,300.37,0.0,1,4.88,0.79,SPY191115P00288000,288.0,0,0.0,0.0,,0.0,normalDay
2019-10-25,5085.0,435.0,0.0,0,301.6,0.0,1,4.88,0.53,SPY191115P00288000,288.0,0,0.0,0.0,,0.0,normalDay
2019-10-28,5085.0,448.0,0.0,0,303.3,0.0,1,4.88,0.4,SPY191115P00288000,288.0,0,0.0,0.0,,0.0,normalDay
2019-10-29,5085.0,451.0,0.0,0,303.21,0.0,1,4.88,0.37,SPY191115P00288000,288.0,0,0.0,0.0,,0.0,normalDay
2019-10-30,5085.0,463.0,0.0,0,304.14,0.0,1,4.88,0.25,SPY191115P00288000,288.0,0,0.0,0.0,,0.0,normalDay
2019-10-31,5085.0,454.0,0.0,0,303.33,0.0,1,4.88,0.34,SPY191115P00288000,288.0,0,0.0,0.0,,0.0,normalDay
2019-11-01,5085.0,473.0,0.0,0,306.14,0.0,1,4.88,0.15,SPY191115P00288000,288.0,0,0.0,0.0,,0.0,normalDay
2019-11-04,5085.0,477.0,0.0,0,307.37,0.0,1,4.88,0.11,SPY191115P00288000,288.0,0,0.0,0.0,,0.0,normalDay
2019-11-05,5085.0,478.0,0.0,0,307.03,0.0,1,4.88,0.1,SPY191115P00288000,288.0,0,0.0,0.0,,0.0,normalDay
2019-11-06,5085.0,482.0,0.0,0,307.1,0.0,1,4.88,0.06,SPY191115P00288000,288.0,0,0.0,0.0,,0.0,normalDay
2019-11-07,5085.0,484.0,0.0,0,308.18,0.0,1,4.88,0.04,SPY191115P00288000,288.0,0,0.0,0.0,,0.0,normalDay
2019-11-08,5085.0,485.0,0.0,0,308.94,0.0,1,4.88,0.03,SPY191115P00288000,288.0,0,0.0,0.0,,0.0,normalDay
2019-11-11,5085.0,486.0,0.0,0,308.35,0.0,1,4.88,0.02,SPY191115P00288000,288.0,0,0.0,0.0,,0.0,normalDay
2019-11-12,5085.0,486.0,0.0,0,309.0,0.0,1,4.88,0.02,SPY191115P00288000,288.0,0,0.0,0.0,,0.0,normalDay
2019-11-13,5085.0,486.0,0.0,0,309.1,0.0,1,4.88,0.02,SPY191115P00288000,288.0,0,0.0,0.0,,0.0,normalDay
2019-11-14,5085.0,487.0,0.0,0,309.55,0.0,1,4.88,0.01,SPY191115P00288000,288.0,0,0.0,0.0,,0.0,normalDay
2019-11-15,5573.0,0.0,488.0,0,311.79,0.0,1,4.88,0.0,SPY191115P00288000,288.0,0,0.0,0.0,,0.0,expirationDay
2019-11-18,5573.0,-4.0,0.0,0,312.02,0.0,1,0.91,0.95,SPY191231P00289000,289.0,0,0.0,0.0,,0.0,normalDay
2019-11-19,5573.0,-9.0,0.0,0,311.93,0.0,1,0.91,1.0,SPY191231P00289000,289.0,0,0.0,0.0,,0.0,normalDay
2019-11-20,5573.0,-16.0,0.0,0,310.77,0.0,1,0.91,1.07,SPY191231P00289000,289.0,0,0.0,0.0,,0.0,normalDay
2019-11-21,5573.0,-16.0,0.0,0,310.27,0.0,1,0.91,1.07,SPY191231P00289000,289.0,0,0.0,0.0,,0.0,normalDay
2019-11-22,5573.0,1.0,0.0,0,310.96,0.0,1,0.91,0.9,SPY191231P00289000,289.0,0,0.0,0.0,,0.0,normalDay
2019-11-25,5573.0,31.0,0.0,0,313.37,0.0,1,0.91,0.6,SPY191231P00289000,289.0,0,0.0,0.0,,0.0,normalDay
2019-11-26,5573.0,39.0,0.0,0,314.08,0.0,1,0.91,0.52,SPY191231P00289000,289.0,0,0.0,0.0,,0.0,normalDay
2019-11-27,5573.0,46.0,0.0,0,315.48,0.0,1,0.91,0.45,SPY191231P00289000,289.0,0,0.0,0.0,,0.0,normalDay
2019-11-29,5573.0,36.0,0.0,0,314.31,0.0,1,0.91,0.55,SPY191231P00289000,289.0,0,0.0,0.0,,0.0,normalDay
2019-12-02,5573.0,7.0,0.0,0,311.64,0.0,1,0.91,0.84,SPY191231P00289000,289.0,0,0.0,0.0,,0.0,normalDay
2019-12-03,5573.0,-17.0,0.0,0,309.55,0.0,1,0.91,1.08,SPY191231P00289000,289.0,0,0.0,0.0,,0.0,normalDay
2019-12-04,5573.0,13.0,0.0,0,311.46,0.0,1,0.91,0.78,SPY191231P00289000,289.0,0,0.0,0.0,,0.0,normalDay
2019-12-05,5573.0,28.0,0.0,0,312.02,0.0,1,0.91,0.63,SPY191231P00289000,289.0,0,0.0,0.0,,0.0,normalDay
2019-12-06,5573.0,48.0,0.0,0,314.87,0.0,1,0.91,0.43,SPY191231P00289000,289.0,0,0.0,0.0,,0.0,normalDay
2019-12-09,5573.0,32.0,0.0,0,313.88,0.0,1,0.91,0.59,SPY191231P00289000,289.0,0,0.0,0.0,,0.0,normalDay
2019-12-10,5573.0,38.0,0.0,0,313.53,0.0,1,0.91,0.53,SPY191231P00289000,289.0,0,0.0,0.0,,0.0,normalDay
2019-12-11,5573.0,52.0,0.0,0,314.42,0.0,1,0.91,0.39,SPY191231P00289000,289.0,0,0.0,0.0,,0.0,normalDay
2019-12-12,5573.0,65.0,0.0,0,317.13,0.0,1,0.91,0.26,SPY191231P00289000,289.0,0,0.0,0.0,,0.0,normalDay
2019-12-13,5573.0,70.0,0.0,0,317.32,0.0,1,0.91,0.21,SPY191231P00289000,289.0,0,0.0,0.0,,0.0,normalDay
2019-12-16,5573.0,77.0,0.0,0,319.5,0.0,1,0.91,0.14,SPY191231P00289000,289.0,0,0.0,0.0,,0.0,normalDay
2019-12-17,5573.0,79.0,0.0,0,319.57,0.0,1,0.91,0.12,SPY191231P00289000,289.0,0,0.0,0.0,,0.0,normalDay
2019-12-18,5573.0,82.0,0.0,0,319.59,0.0,1,0.91,0.09,SPY191231P00289000,289.0,0,0.0,0.0,,0.0,normalDay
2019-12-19,5573.0,84.0,0.0,0,320.9,0.0,1,0.91,0.07,SPY191231P00289000,289.0,0,0.0,0.0,,0.0,normalDay
2019-12-20,5573.0,86.0,0.0,0,320.73,0.0,1,0.91,0.05,SPY191231P00289000,289.0,0,0.0,0.0,,0.0,normalDay
2019-12-23,5573.0,89.0,0.0,0,321.22,0.0,1,0.91,0.02,SPY191231P00289000,289.0,0,0.0,0.0,,0.0,normalDay
2019-12-24,5573.0,89.0,0.0,0,321.23,0.0,1,0.91,0.02,SPY191231P00289000,289.0,0,0.0,0.0,,0.0,normalDay
2019-12-26,5573.0,90.0,0.0,0,322.94,0.0,1,0.91,0.01,SPY191231P00289000,289.0,0,0.0,0.0,,0.0,normalDay
2019-12-27,5573.0,90.0,0.0,0,322.86,0.0,1,0.91,0.01,SPY191231P00289000,289.0,0,0.0,0.0,,0.0,normalDay
2019-12-30,5573.0,90.0,0.0,0,321.08,0.0,1,0.91,0.01,SPY191231P00289000,289.0,0,0.0,0.0,,0.0,normalDay
2019-12-31,5664.0,0.0,91.0,0,321.86,0.0,1,0.91,0.0,SPY191231P00289000,289.0,0,0.0,0.0,,0.0,expirationDay
2020-01-02,5664.0,-4.0,0.0,0,324.87,0.0,1,1.12,1.16,SPY200221P00301000,301.0,0,0.0,0.0,,0.0,normalDay
2020-01-03,5664.0,-45.0,0.0,0,322.41,0.0,1,1.12,1.57,SPY200221P00301000,301.0,0,0.0,0.0,,0.0,normalDay
2020-01-06,5664.0,-15.0,0.0,0,323.64,0.0,1,1.12,1.27,SPY200221P00301000,301.0,0,0.0,0.0,,0.0,normalDay
2020-01-07,5664.0,-22.0,0.0,0,322.73,0.0,1,1.12,1.34,SPY200221P00301000,301.0,0,0.0,0.0,,0.0,normalDay
2020-01-08,5664.0,3.0,0.0,0,324.45,0.0,1,1.12,1.09,SPY200221P00301000,301.0,0,0.0,0.0,,0.0,normalDay
2020-01-09,5664.0,28.0,0.0,0,326.65,0.0,1,1.12,0.84,SPY200221P00301000,301.0,0,0.0,0.0,,0.0,normalDay
2020-01-10,5664.0,26.0,0.0,0,325.71,0.0,1,1.12,0.86,SPY200221P00301000,301.0,0,0.0,0.0,,0.0,normalDay
2020-01-13,5664.0,50.0,0.0,0,327.95,0.0,1,1.12,0.62,SPY200221P00301000,301.0,0,0.0,0.0,,0.0,normalDay
2020-01-14,5664.0,52.0,0.0,0,327.45,0.0,1,1.12,0.6,SPY200221P00301000,301.0,0,0.0,0.0,,0.0,normalDay
2020-01-15,5664.0,57.0,0.0,0,328.19,0.0,1,1.12,0.55,SPY200221P00301000,301.0,0,0.0,0.0,,0.0,normalDay
2020-01-16,5664.0,66.0,0.0,0,330.92,0.0,1,1.12,0.46,SPY200221P00301000,301.0,0,0.0,0.0,,0.0,normalDay
2020-01-17,5664.0,72.0,0.0,0,331.95,0.0,1,1.12,0.4,SPY200221P00301000,301.0,0,0.0,0.0,,0.0,normalDay
2020-01-21,5664.0,74.0,0.0,0,331.3,0.0,1,1.12,0.38,SPY200221P00301000,301.0,0,0.0,0.0,,0.0,normalDay
2020-01-22,5664.0,75.0,0.0,0,331.34,0.0,1,1.12,0.37,SPY200221P00301000,301.0,0,0.0,0.0,,0.0,normalDay
2020-01-23,5664.0,76.0,0.0,0,331.72,0.0,1,1.12,0.36,SPY200221P00301000,301.0,0,0.0,0.0,,0.0,normalDay
2020-01-24,5664.0,61.0,0.0,0,328.77,0.0,1,1.12,0.51,SPY200221P00301000,301.0,0,0.0,0.0,,0.0,normalDay
2020-01-27,5664.0,2.0,0.0,0,323.5,0.0,1,1.12,1.1,SPY200221P00301000,301.0,0,0.0,0.0,,0.0,normalDay
2020-01-28,5664.0,52.0,0.0,0,326.89,0.0,1,1.12,0.6,SPY200221P00301000,301.0,0,0.0,0.0,,0.0,normalDay
2020-01-29,5664.0,54.0,0.0,0,326.62,0.0,1,1.12,0.58,SPY200221P00301000,301.0,0,0.0,0.0,,0.0,normalDay
2020-01-30,5664.0,76.0,0.0,0,327.68,0.0,1,1.12,0.36,SPY200221P00301000,301.0,0,0.0,0.0,,0.0,normalDay
2020-01-31,5664.0,18.0,0.0,0,321.73,0.0,1,1.12,0.94,SPY200221P00301000,301.0,0,0.0,0.0,,0.0,normalDay
2020-02-03,5664.0,56.0,0.0,0,324.12,0.0,1,1.12,0.56,SPY200221P00301000,301.0,0,0.0,0.0,,0.0,normalDay
2020-02-04,5664.0,90.0,0.0,0,329.06,0.0,1,1.12,0.22,SPY200221P00301000,301.0,0,0.0,0.0,,0.0,normalDay
2020-02-05,5664.0,99.0,0.0,0,332.86,0.0,1,1.12,0.13,SPY200221P00301000,301.0,0,0.0,0.0,,0.0,normalDay
2020-02-06,5664.0,99.0,0.0,0,333.98,0.0,1,1.12,0.13,SPY200221P00301000,301.0,0,0.0,0.0,,0.0,normalDay
2020-02-07,5664.0,100.0,0.0,0,332.2,0.0,1,1.12,0.12,SPY200221P00301000,301.0,0,0.0,0.0,,0.0,normalDay
2020-02-10,5664.0,104.0,0.0,0,334.68,0.0,1,1.12,0.08,SPY200221P00301000,301.0,0,0.0,0.0,,0.0,normalDay
2020-02-11,5664.0,106.0,0.0,0,335.26,0.0,1,1.12,0.06,SPY200221P00301000,301.0,0,0.0,0.0,,0.0,normalDay
2020-02-12,5664.0,108.0,0.0,0,337.42,0.0,1,1.12,0.04,SPY200221P00301000,301.0,0,0.0,0.0,,0.0,normalDay
2020-02-13,5664.0,109.0,0.0,0,337.06,0.0,1,1.12,0.03,SPY200221P00301000,301.0,0,0.0,0.0,,0.0,normalDay
2020-02-14,5664.0,110.0,0.0,0,337.6,0.0,1,1.12,0.02,SPY200221P00301000,301.0,0,0.0,0.0,,0.0,normalDay
2020-02-18,5664.0,110.0,0.0,0,336.73,0.0,1,1.12,0.02,SPY200221P00301000,301.0,0,0.0,0.0,,0.0,normalDay
2020-02-19,5664.0,111.0,0.0,0,338.34,0.0,1,1.12,0.01,SPY200221P00301000,301.0,0,0.0,0.0,,0.0,normalDay
2020-02-20,5664.0,111.0,0.0,0,336.95,0.0,1,1.12,0.01,SPY200221P00301000,301.0,0,0.0,0.0,,0.0,normalDay
2020-02-21,5776.0,0.0,112.0,0,333.48,0.0,1,1.12,0.0,SPY200221P00301000,301.0,0,0.0,0.0,,0.0,expirationDay
2020-02-24,5776.0,-6.0,0.0,0,322.42,0.0,1,5.47,5.53,SPY200417P00307000,307.0,0,0.0,0.0,,0.0,normalDay
2020-02-25,5776.0,-307.0,0.0,0,312.65,0.0,1,5.47,8.54,SPY200417P00307000,307.0,0,0.0,0.0,,0.0,normalDay
2020-02-26,5776.0,-359.0,0.0,0,311.5,0.0,1,5.47,9.06,SPY200417P00307000,307.0,0,0.0,0.0,,0.0,normalDay
2020-02-27,5776.0,-1261.0,0.0,0,297.51,0.0,1,5.47,18.08,SPY200417P00307000,307.0,0,0.0,0.0,,0.0,normalDay
2020-02-28,5776.0,-1382.0,0.0,0,296.26,0.0,1,5.47,19.29,SPY200417P00307000,307.0,0,0.0,0.0,,0.0,normalDay
2020-03-02,5776.0,-540.0,0.0,0,309.09,0.0,1,5.47,10.87,SPY200417P00307000,307.0,0,0.0,0.0,,0.0,normalDay
2020-03-03,5776.0,-986.0,0.0,0,300.24,0.0,1,5.47,15.33,SPY200417P00307000,307.0,0,0.0,0.0,,0.0,normalDay
2020-03-04,5776.0,-426.0,0.0,0,312.86,0.0,1,5.47,9.73,SPY200417P00307000,307.0,0,0.0,0.0,,0.0,normalDay
2020-03-05,5776.0,-1067.0,0.0,0,302.46,0.0,1,5.47,16.14,SPY200417P00307000,307.0,0,0.0,0.0,,0.0,normalDay
2020-03-06,5776.0,-1404.0,0.0,0,297.46,0.0,1,5.47,19.51,SPY200417P00307000,307.0,0,0.0,0.0,,0.0,normalDay
2020-03-09,5776.0,-3204.0,0.0,0,274.23,0.0,1,5.47,37.51,SPY200417P00307000,307.0,0,0.0,0.0,,0.0,normalDay
2020-03-10,5776.0,-1998.0,0.0,0,288.42,0.0,1,5.47,25.45,SPY200417P00307000,307.0,0,0.0,0.0,,0.0,normalDay
2020-03-11,5776.0,-3124.0,0.0,0,274.36,0.0,1,5.47,36.71,SPY200417P00307000,307.0,0,0.0,0.0,,0.0,normalDay
2020-03-12,5776.0,-5542.0,0.0,0,248.11,0.0,1,5.47,60.89,SPY200417P00307000,307.0,0,0.0,0.0,,0.0,normalDay
2020-03-13,5776.0,-3557.0,0.0,0,269.32,0.0,1,5.47,41.04,SPY200417P00307000,307.0,0,0.0,0.0,,0.0,normalDay
2020-03-16,5776.0,-6063.0,0.0,0,239.85,0.0,1,5.47,66.1,SPY200417P00307000,307.0,0,0.0,0.0,,0.0,normalDay
2020-03-17,5776.0,-5229.0,0.0,0,252.8,0.0,1,5.47,57.76,SPY200417P00307000,307.0,0,0.0,0.0,,0.0,normalDay
2020-03-18,5776.0,-6314.0,0.0,0,240.0,0.0,1,5.47,68.61,SPY200417P00307000,307.0,0,0.0,0.0,,0.0,normalDay
2020-03-19,5776.0,-6319.0,0.0,0,240.51,0.0,1,5.47,68.66,SPY200417P00307000,307.0,0,0.0,0.0,,0.0,normalDay
2020-03-20,5776.0,-7271.0,0.0,0,228.8,0.0,1,5.47,78.18,SPY200417P00307000,307.0,0,0.0,0.0,,0.0,normalDay
2020-03-23,5776.0,-8067.0,0.0,0,222.95,0.0,1,5.47,86.14,SPY200417P00307000,307.0,0,0.0,0.0,,0.0,normalDay
2020-03-24,5776.0,-5951.0,0.0,0,243.15,0.0,1,5.47,64.98,SPY200417P00307000,307.0,0,0.0,0.0,,0.0,normalDay
2020-03-25,5776.0,-5489.0,0.0,0,246.79,0.0,1,5.47,60.36,SPY200417P00307000,307.0,0,0.0,0.0,,0.0,normalDay
2020-03-26,5776.0,-4145.0,0.0,0,261.2,0.0,1,5.47,46.92,SPY200417P00307000,307.0,0,0.0,0.0,,0.0,normalDay
2020-03-27,5776.0,-4912.0,0.0,0,253.42,0.0,1,5.47,54.59,SPY200417P00307000,307.0,0,0.0,0.0,,0.0,normalDay
2020-03-30,5776.0,-4119.0,0.0,0,261.65,0.0,1,5.47,46.66,SPY200417P00307000,307.0,0,0.0,0.0,,0.0,normalDay
2020-03-31,5776.0,-4510.0,0.0,0,257.75,0.0,1,5.47,50.57,SPY200417P00307000,307.0,0,0.0,0.0,,0.0,normalDay
2020-04-01,5776.0,-5590.0,0.0,0,246.15,0.0,1,5.47,61.37,SPY200417P00307000,307.0,0,0.0,0.0,,0.0,normalDay
2020-04-02,5776.0,-4927.0,0.0,0,251.83,0.0,1,5.47,54.74,SPY200417P00307000,307.0,0,0.0,0.0,,0.0,normalDay
2020-04-03,5776.0,-5334.0,0.0,0,248.19,0.0,1,5.47,58.81,SPY200417P00307000,307.0,0,0.0,0.0,,0.0,normalDay
2020-04-06,5776.0,-3665.0,0.0,0,264.86,0.0,1,5.47,42.12,SPY200417P00307000,307.0,0,0.0,0.0,,0.0,normalDay
2020-04-07,5776.0,-3765.0,0.0,0,265.13,0.0,1,5.47,43.12,SPY200417P00307000,307.0,0,0.0,0.0,,0.0,normalDay
2020-04-08,5776.0,-2778.0,0.0,0,274.03,0.0,1,5.47,33.25,SPY200417P00307000,307.0,0,0.0,0.0,,0.0,normalDay
2020-04-09,5776.0,-2368.0,0.0,0,278.2,0.0,1,5.47,29.15,SPY200417P00307000,307.0,0,0.0,0.0,,0.0,normalDay
2020-04-13,5776.0,-2616.0,0.0,0,275.66,0.0,1,5.47,31.63,SPY200417P00307000,307.0,0,0.0,0.0,,0.0,normalDay
2020-04-14,5776.0,-1768.0,0.0,0,283.79,0.0,1,5.47,23.15,SPY200417P00307000,307.0,0,0.0,0.0,,0.0,normalDay
2020-04-15,5776.0,-2390.0,0.0,0,277.76,0.0,1,5.47,29.37,SPY200417P00307000,307.0,0,0.0,0.0,,0.0,normalDay
2020-04-16,5776.0,-2246.0,0.0,0,279.1,0.0,1,5.47,27.93,SPY200417P00307000,307.0,0,0.0,0.0,,0.0,normalDay
2020-04-17,6323.0,-2036.0,547.0,100,286.64,307.0,1,5.47,0.0,SPY200417P00307000,307.0,0,0.0,0.0,,0.0,expirationDay
2020-04-20,6323.0,-2608.0,0.0,100,281.59,307.0,0,0.0,0.0,,0.0,1,15.23,15.9,SPY201120C00303000,303.0,normalDay
2020-04-21,6323.0,-3176.0,0.0,100,273.04,307.0,0,0.0,0.0,,0.0,1,15.23,13.03,SPY201120C00303000,303.0,normalDay
2020-04-22,6323.0,-2760.0,0.0,100,279.1,307.0,0,0.0,0.0,,0.0,1,15.23,14.93,SPY201120C00303000,303.0,normalDay
2020-04-23,6323.0,-2741.0,0.0,100,279.08,307.0,0,0.0,0.0,,0.0,1,15.23,14.72,SPY201120C00303000,303.0,normalDay
2020-04-24,6323.0,-2421.0,0.0,100,282.97,307.0,0,0.0,0.0,,0.0,1,15.23,15.41,SPY201120C00303000,303.0,normalDay
2020-04-27,6323.0,-2084.0,0.0,100,287.05,307.0,0,0.0,0.0,,0.0,1,15.23,16.12,SPY201120C00303000,303.0,normalDay
2020-04-28,6323.0,-2135.0,0.0,100,285.73,307.0,0,0.0,0.0,,0.0,1,15.23,15.31,SPY201120C00303000,303.0,normalDay
2020-04-29,6323.0,-1688.0,0.0,100,293.21,307.0,0,0.0,0.0,,0.0,1,15.23,18.32,SPY201120C00303000,303.0,normalDay
2020-04-30,6323.0,-1814.0,0.0,100,290.48,307.0,0,0.0,0.0,,0.0,1,15.23,16.85,SPY201120C00303000,303.0,normalDay
2020-05-01,6323.0,-2329.0,0.0,100,282.79,307.0,0,0.0,0.0,,0.0,1,15.23,14.31,SPY201120C00303000,303.0,normalDay
2020-05-04,6323.0,-2218.0,0.0,100,283.57,307.0,0,0.0,0.0,,0.0,1,15.23,13.98,SPY201120C00303000,303.0,normalDay
2020-05-05,6323.0,-2070.0,0.0,100,286.19,307.0,0,0.0,0.0,,0.0,1,15.23,15.12,SPY201120C00303000,303.0,normalDay
2020-05-06,6323.0,-2162.0,0.0,100,284.25,307.0,0,0.0,0.0,,0.0,1,15.23,14.1,SPY201120C00303000,303.0,normalDay
2020-05-07,6323.0,-1955.0,0.0,100,287.68,307.0,0,0.0,0.0,,0.0,1,15.23,15.46,SPY201120C00303000,303.0,normalDay
2020-05-08,6323.0,-1618.0,0.0,100,292.44,307.0,0,0.0,0.0,,0.0,1,15.23,16.85,SPY201120C00303000,303.0,normalDay
2020-05-11,6323.0,-1593.0,0.0,100,292.5,307.0,0,0.0,0.0,,0.0,1,15.23,16.66,SPY201120C00303000,303.0,normalDay
2020-05-12,6323.0,-1851.0,0.0,100,286.67,307.0,0,0.0,0.0,,0.0,1,15.23,13.41,SPY201120C00303000,303.0,normalDay
2020-05-13,6323.0,-2258.0,0.0,100,281.6,307.0,0,0.0,0.0,,0.0,1,15.23,12.41,SPY201120C00303000,303.0,normalDay
2020-05-14,6323.0,-2034.0,0.0,100,284.97,307.0,0,0.0,0.0,,0.0,1,15.23,13.54,SPY201120C00303000,303.0,normalDay
2020-05-15,6323.0,-1858.0,0.0,100,286.28,307.0,0,0.0,0.0,,0.0,1,15.23,13.09,SPY201120C00303000,303.0,normalDay
2020-05-18,6323.0,-1364.0,0.0,100,295.0,307.0,0,0.0,0.0,,0.0,1,15.23,16.87,SPY201120C00303000,303.0,normalDay
2020-05-19,6323.0,-1554.0,0.0,100,291.97,307.0,0,0.0,0.0,,0.0,1,15.23,15.74,SPY201120C00303000,303.0,normalDay
2020-05-20,6323.0,-1260.0,0.0,100,296.93,307.0,0,0.0,0.0,,0.0,1,15.23,17.76,SPY201120C00303000,303.0,normalDay
2020-05-21,6323.0,-1363.0,0.0,100,294.88,307.0,0,0.0,0.0,,0.0,1,15.23,16.74,SPY201120C00303000,303.0,normalDay
2020-05-22,6323.0,-1340.0,0.0,100,295.44,307.0,0,0.0,0.0,,0.0,1,15.23,17.07,SPY201120C00303000,303.0,normalDay
2020-05-26,6323.0,-1125.0,0.0,100,299.08,307.0,0,0.0,0.0,,0.0,1,15.23,18.56,SPY201120C00303000,303.0,normalDay
2020-05-27,6323.0,-889.0,0.0,100,303.53,307.0,0,0.0,0.0,,0.0,1,15.23,20.65,SPY201120C00303000,303.0,normalDay
2020-05-28,6323.0,-982.0,0.0,100,302.97,307.0,0,0.0,0.0,,0.0,1,15.23,21.02,SPY201120C00303000,303.0,normalDay
2020-05-29,6323.0,-899.0,0.0,100,304.32,307.0,0,0.0,0.0,,0.0,1,15.23,21.54,SPY201120C00303000,303.0,normalDay
2020-06-01,6323.0,-794.0,0.0,100,305.55,307.0,0,0.0,0.0,,0.0,1,15.23,21.72,SPY201120C00303000,303.0,normalDay
2020-06-02,6323.0,-656.0,0.0,100,308.08,307.0,0,0.0,0.0,,0.0,1,15.23,22.87,SPY201120C00303000,303.0,normalDay
2020-06-03,6323.0,-499.0,0.0,100,312.18,307.0,0,0.0,0.0,,0.0,1,15.23,25.4,SPY201120C00303000,303.0,normalDay
2020-06-04,6323.0,-530.0,0.0,100,311.36,307.0,0,0.0,0.0,,0.0,1,15.23,24.89,SPY201120C00303000,303.0,normalDay
2020-06-05,6323.0,-204.0,0.0,100,319.34,307.0,0,0.0,0.0,,0.0,1,15.23,29.61,SPY201120C00303000,303.0,normalDay
2020-06-08,6323.0,-75.0,0.0,100,323.2,307.0,0,0.0,0.0,,0.0,1,15.23,32.18,SPY201120C00303000,303.0,normalDay
2020-06-09,6323.0,-303.0,0.0,100,320.79,307.0,0,0.0,0.0,,0.0,1,15.23,32.05,SPY201120C00303000,303.0,normalDay
2020-06-10,6323.0,-291.0,0.0,100,319.0,307.0,0,0.0,0.0,,0.0,1,15.23,30.14,SPY201120C00303000,303.0,normalDay
2020-06-11,6323.0,-1411.0,0.0,100,300.61,307.0,0,0.0,0.0,,0.0,1,15.23,22.95,SPY201120C00303000,303.0,normalDay
2020-06-12,6323.0,-1078.0,0.0,100,304.21,307.0,0,0.0,0.0,,0.0,1,15.23,23.22,SPY201120C00303000,303.0,normalDay
2020-06-15,6323.0,-934.0,0.0,100,307.05,307.0,0,0.0,0.0,,0.0,1,15.23,24.62,SPY201120C00303000,303.0,normalDay
2020-06-16,6323.0,-701.0,0.0,100,312.96,307.0,0,0.0,0.0,,0.0,1,15.23,28.2,SPY201120C00303000,303.0,normalDay
2020-06-17,6323.0,-792.0,0.0,100,311.66,307.0,0,0.0,0.0,,0.0,1,15.23,27.81,SPY201120C00303000,303.0,normalDay
2020-06-18,6323.0,-759.0,0.0,100,311.78,307.0,0,0.0,0.0,,0.0,1,15.23,27.6,SPY201120C00303000,303.0,normalDay
2020-06-19,6323.0,-878.0,0.0,100,308.64,307.0,0,0.0,0.0,,0.0,1,15.23,25.65,SPY201120C00303000,303.0,normalDay
2020-06-22,6323.0,-786.0,0.0,100,310.62,307.0,0,0.0,0.0,,0.0,1,15.23,26.71,SPY201120C00303000,303.0,normalDay
2020-06-23,6323.0,-690.0,0.0,100,312.05,307.0,0,0.0,0.0,,0.0,1,15.23,27.18,SPY201120C00303000,303.0,normalDay
2020-06-24,6323.0,-1100.0,0.0,100,304.09,307.0,0,0.0,0.0,,0.0,1,15.23,23.32,SPY201120C00303000,303.0,normalDay
2020-06-25,6323.0,-881.0,0.0,100,307.35,307.0,0,0.0,0.0,,0.0,1,15.23,24.39,SPY201120C00303000,303.0,normalDay
2020-06-26,6323.0,-1270.0,0.0,100,300.05,307.0,0,0.0,0.0,,0.0,1,15.23,20.98,SPY201120C00303000,303.0,normalDay
2020-06-29,6323.0,-927.0,0.0,100,304.46,307.0,0,0.0,0.0,,0.0,1,15.23,21.96,SPY201120C00303000,303.0,normalDay
2020-06-30,6323.0,-703.0,0.0,100,308.36,307.0,0,0.0,0.0,,0.0,1,15.23,23.62,SPY201120C00303000,303.0,normalDay
2020-07-01,6323.0,-589.0,0.0,100,310.52,307.0,0,0.0,0.0,,0.0,1,15.23,24.64,SPY201120C00303000,303.0,normalDay
2020-07-02,6323.0,-534.0,0.0,100,312.23,307.0,0,0.0,0.0,,0.0,1,15.23,25.8,SPY201120C00303000,303.0,normalDay
2020-07-06,6323.0,-332.0,0.0,100,317.05,307.0,0,0.0,0.0,,0.0,1,15.23,28.6,SPY201120C00303000,303.0,normalDay
2020-07-07,6323.0,-491.0,0.0,100,313.78,307.0,0,0.0,0.0,,0.0,1,15.23,26.92,SPY201120C00303000,303.0,normalDay
2020-07-08,6323.0,-374.0,0.0,100,316.18,307.0,0,0.0,0.0,,0.0,1,15.23,28.15,SPY201120C00303000,303.0,normalDay
2020-07-09,6323.0,-465.0,0.0,100,314.38,307.0,0,0.0,0.0,,0.0,1,15.23,27.26,SPY201120C00303000,303.0,normalDay
2020-07-10,6323.0,-336.0,0.0,100,317.59,307.0,0,0.0,0.0,,0.0,1,15.23,29.18,SPY201120C00303000,303.0,normalDay
2020-07-13,6323.0,-529.0,0.0,100,314.84,307.0,0,0.0,0.0,,0.0,1,15.23,28.36,SPY201120C00303000,303.0,normalDay
2020-07-14,6323.0,-291.0,0.0,100,318.92,307.0,0,0.0,0.0,,0.0,1,15.23,30.06,SPY201120C00303000,303.0,normalDay
2020-07-15,6323.0,-196.0,0.0,100,321.85,307.0,0,0.0,0.0,,0.0,1,15.23,32.04,SPY201120C00303000,303.0,normalDay
2020-07-16,6323.0,-133.0,0.0,100,320.79,307.0,0,0.0,0.0,,0.0,1,15.23,30.35,SPY201120C00303000,303.0,normalDay
2020-07-17,6323.0,-133.0,0.0,100,321.72,307.0,0,0.0,0.0,,0.0,1,15.23,31.28,SPY201120C00303000,303.0,normalDay
2020-07-20,6323.0,17.0,0.0,100,324.32,307.0,0,0.0,0.0,,0.0,1,15.23,32.38,SPY201120C00303000,303.0,normalDay
2020-07-21,6323.0,28.0,0.0,100,325.01,307.0,0,0.0,0.0,,0.0,1,15.23,32.96,SPY201120C00303000,303.0,normalDay
2020-07-22,6323.0,123.0,0.0,100,326.86,307.0,0,0.0,0.0,,0.0,1,15.23,33.86,SPY201120C00303000,303.0,normalDay
2020-07-23,6323.0,27.0,0.0,100,322.96,307.0,0,0.0,0.0,,0.0,1,15.23,30.92,SPY201120C00303000,303.0,normalDay
2020-07-24,6323.0,-73.0,0.0,100,320.88,307.0,0,0.0,0.0,,0.0,1,15.23,29.84,SPY201120C00303000,303.0,normalDay
2020-07-27,6323.0,36.0,0.0,100,323.22,307.0,0,0.0,0.0,,0.0,1,15.23,31.09,SPY201120C00303000,303.0,normalDay
2020-07-28,6323.0,-27.0,0.0,100,321.17,307.0,0,0.0,0.0,,0.0,1,15.23,29.67,SPY201120C00303000,303.0,normalDay
2020-07-29,6323.0,118.0,0.0,100,325.12,307.0,0,0.0,0.0,,0.0,1,15.23,32.17,SPY201120C00303000,303.0,normalDay
2020-07-30,6323.0,24.0,0.0,100,323.96,307.0,0,0.0,0.0,,0.0,1,15.23,31.95,SPY201120C00303000,303.0,normalDay
2020-07-31,6323.0,102.0,0.0,100,326.52,307.0,0,0.0,0.0,,0.0,1,15.23,33.73,SPY201120C00303000,303.0,normalDay
2020-08-03,6323.0,207.0,0.0,100,328.79,307.0,0,0.0,0.0,,0.0,1,15.23,34.95,SPY201120C00303000,303.0,normalDay
2020-08-04,6323.0,274.0,0.0,100,330.06,307.0,0,0.0,0.0,,0.0,1,15.23,35.55,SPY201120C00303000,303.0,normalDay
2020-08-05,6323.0,341.0,0.0,100,332.11,307.0,0,0.0,0.0,,0.0,1,15.23,36.93,SPY201120C00303000,303.0,normalDay
2020-08-06,6323.0,369.0,0.0,100,334.33,307.0,0,0.0,0.0,,0.0,1,15.23,38.87,SPY201120C00303000,303.0,normalDay
2020-08-07,6323.0,394.0,0.0,100,334.57,307.0,0,0.0,0.0,,0.0,1,15.23,38.86,SPY201120C00303000,303.0,normalDay
2020-08-10,6323.0,455.0,0.0,100,335.57,307.0,0,0.0,0.0,,0.0,1,15.23,39.25,SPY201120C00303000,303.0,normalDay
2020-08-11,6323.0,350.0,0.0,100,332.8,307.0,0,0.0,0.0,,0.0,1,15.23,37.53,SPY201120C00303000,303.0,normalDay
2020-08-12,6323.0,483.0,0.0,100,337.44,307.0,0,0.0,0.0,,0.0,1,15.23,40.84,SPY201120C00303000,303.0,normalDay
2020-08-13,6323.0,489.0,0.0,100,336.83,307.0,0,0.0,0.0,,0.0,1,15.23,40.17,SPY201120C00303000,303.0,normalDay
2020-08-14,6323.0,489.0,0.0,100,336.84,307.0,0,0.0,0.0,,0.0,1,15.23,40.18,SPY201120C00303000,303.0,normalDay
2020-08-17,6323.0,558.0,0.0,100,337.91,307.0,0,0.0,0.0,,0.0,1,15.23,40.56,SPY201120C00303000,303.0,normalDay
2020-08-18,6323.0,576.0,0.0,100,338.64,307.0,0,0.0,0.0,,0.0,1,15.23,41.11,SPY201120C00303000,303.0,normalDay
2020-08-19,6323.0,539.0,0.0,100,337.23,307.0,0,0.0,0.0,,0.0,1,15.23,40.07,SPY201120C00303000,303.0,normalDay
2020-08-20,6323.0,575.0,0.0,100,338.28,307.0,0,0.0,0.0,,0.0,1,15.23,40.76,SPY201120C00303000,303.0,normalDay
2020-08-21,6323.0,580.0,0.0,100,339.48,307.0,0,0.0,0.0,,0.0,1,15.23,41.91,SPY201120C00303000,303.0,normalDay
2020-08-24,6323.0,664.0,0.0,100,342.92,307.0,0,0.0,0.0,,0.0,1,15.23,44.51,SPY201120C00303000,303.0,normalDay
2020-08-25,6323.0,663.0,0.0,100,344.12,307.0,0,0.0,0.0,,0.0,1,15.23,45.72,SPY201120C00303000,303.0,normalDay
2020-08-26,6323.0,684.0,0.0,100,347.57,307.0,0,0.0,0.0,,0.0,1,15.23,48.96,SPY201120C00303000,303.0,normalDay
2020-08-27,6323.0,650.0,0.0,100,348.33,307.0,0,0.0,0.0,,0.0,1,15.23,50.06,SPY201120C00303000,303.0,normalDay
2020-08-28,6323.0,725.0,0.0,100,350.58,307.0,0,0.0,0.0,,0.0,1,15.23,51.56,SPY201120C00303000,303.0,normalDay
2020-08-31,6323.0,604.0,0.0,100,349.31,307.0,0,0.0,0.0,,0.0,1,15.23,51.5,SPY201120C00303000,303.0,normalDay
2020-09-01,6323.0,688.0,0.0,100,352.6,307.0,0,0.0,0.0,,0.0,1,15.23,53.95,SPY201120C00303000,303.0,normalDay
2020-09-02,6323.0,688.0,0.0,100,357.7,307.0,0,0.0,0.0,,0.0,1,15.23,59.05,SPY201120C00303000,303.0,normalDay
2020-09-03,6323.0,371.0,0.0,100,345.39,307.0,0,0.0,0.0,,0.0,1,15.23,49.91,SPY201120C00303000,303.0,normalDay
2020-09-04,6323.0,517.0,0.0,100,342.57,307.0,0,0.0,0.0,,0.0,1,15.23,45.63,SPY201120C00303000,303.0,normalDay
2020-09-08,6323.0,386.0,0.0,100,333.21,307.0,0,0.0,0.0,,0.0,1,15.23,37.58,SPY201120C00303000,303.0,normalDay
2020-09-09,6323.0,612.0,0.0,100,339.79,307.0,0,0.0,0.0,,0.0,1,15.23,41.9,SPY201120C00303000,303.0,normalDay
2020-09-10,6323.0,470.0,0.0,100,333.89,307.0,0,0.0,0.0,,0.0,1,15.23,37.42,SPY201120C00303000,303.0,normalDay
2020-09-11,6323.0,626.0,0.0,100,334.06,307.0,0,0.0,0.0,,0.0,1,15.23,36.03,SPY201120C00303000,303.0,normalDay
2020-09-14,6323.0,686.0,0.0,100,338.46,307.0,0,0.0,0.0,,0.0,1,15.23,39.83,SPY201120C00303000,303.0,normalDay
2020-09-15,6323.0,701.0,0.0,100,340.17,307.0,0,0.0,0.0,,0.0,1,15.23,41.39,SPY201120C00303000,303.0,normalDay
2020-09-16,6323.0,722.0,0.0,100,338.82,307.0,0,0.0,0.0,,0.0,1,15.23,39.83,SPY201120C00303000,303.0,normalDay
2020-09-17,6323.0,658.0,0.0,100,335.84,307.0,0,0.0,0.0,,0.0,1,15.23,37.49,SPY201120C00303000,303.0,normalDay
2020-09-18,6323.0,510.0,0.0,100,330.65,307.0,0,0.0,0.0,,0.0,1,15.23,33.78,SPY201120C00303000,303.0,normalDay
2020-09-21,6323.0,396.0,0.0,100,326.97,307.0,0,0.0,0.0,,0.0,1,15.23,31.24,SPY201120C00303000,303.0,normalDay
2020-09-22,6323.0,520.0,0.0,100,330.3,307.0,0,0.0,0.0,,0.0,1,15.23,33.33,SPY201120C00303000,303.0,normalDay
2020-09-23,6323.0,288.0,0.0,100,322.64,307.0,0,0.0,0.0,,0.0,1,15.23,27.99,SPY201120C00303000,303.0,normalDay
2020-09-24,6323.0,328.0,0.0,100,323.5,307.0,0,0.0,0.0,,0.0,1,15.23,28.45,SPY201120C00303000,303.0,normalDay
2020-09-25,6323.0,518.0,0.0,100,328.73,307.0,0,0.0,0.0,,0.0,1,15.23,31.78,SPY201120C00303000,303.0,normalDay
2020-09-28,6323.0,627.0,0.0,100,334.19,307.0,0,0.0,0.0,,0.0,1,15.23,36.15,SPY201120C00303000,303.0,normalDay
2020-09-29,6323.0,552.0,0.0,100,332.37,307.0,0,0.0,0.0,,0.0,1,15.23,35.08,SPY201120C00303000,303.0,normalDay
2020-09-30,6323.0,744.0,0.0,100,334.89,307.0,0,0.0,0.0,,0.0,1,15.23,35.68,SPY201120C00303000,303.0,normalDay
2020-10-01,6323.0,679.0,0.0,100,337.04,307.0,0,0.0,0.0,,0.0,1,15.23,38.48,SPY201120C00303000,303.0,normalDay
2020-10-02,6323.0,625.0,0.0,100,333.84,307.0,0,0.0,0.0,,0.0,1,15.23,35.82,SPY201120C00303000,303.0,normalDay
2020-10-05,6323.0,789.0,0.0,100,339.76,307.0,0,0.0,0.0,,0.0,1,15.23,40.1,SPY201120C00303000,303.0,normalDay
2020-10-06,6323.0,663.0,0.0,100,334.93,307.0,0,0.0,0.0,,0.0,1,15.23,36.53,SPY201120C00303000,303.0,normalDay
2020-10-07,6323.0,821.0,0.0,100,340.76,307.0,0,0.0,0.0,,0.0,1,15.23,40.78,SPY201120C00303000,303.0,normalDay
2020-10-08,6323.0,896.0,0.0,100,343.78,307.0,0,0.0,0.0,,0.0,1,15.23,43.05,SPY201120C00303000,303.0,normalDay
2020-10-09,6323.0,919.0,0.0,100,346.85,307.0,0,0.0,0.0,,0.0,1,15.23,45.89,SPY201120C00303000,303.0,normalDay
2020-10-12,6323.0,959.0,0.0,100,352.43,307.0,0,0.0,0.0,,0.0,1,15.23,51.07,SPY201120C00303000,303.0,normalDay
2020-10-13,6323.0,931.0,0.0,100,350.13,307.0,0,0.0,0.0,,0.0,1,15.23,49.05,SPY201120C00303000,303.0,normalDay
2020-10-14,6323.0,948.0,0.0,100,347.93,307.0,0,0.0,0.0,,0.0,1,15.23,46.68,SPY201120C00303000,303.0,normalDay
2020-10-15,6323.0,935.0,0.0,100,347.5,307.0,0,0.0,0.0,,0.0,1,15.23,46.38,SPY201120C00303000,303.0,normalDay
2020-10-16,6323.0,978.0,0.0,100,347.29,307.0,0,0.0,0.0,,0.0,1,15.23,45.74,SPY201120C00303000,303.0,normalDay
2020-10-19,6323.0,860.0,0.0,100,342.01,307.0,0,0.0,0.0,,0.0,1,15.23,41.64,SPY201120C00303000,303.0,normalDay
2020-10-20,6323.0,939.0,0.0,100,343.38,307.0,0,0.0,0.0,,0.0,1,15.23,42.22,SPY201120C00303000,303.0,normalDay
2020-10-21,6323.0,896.0,0.0,100,342.73,307.0,0,0.0,0.0,,0.0,1,15.23,42.0,SPY201120C00303000,303.0,normalDay
2020-10-22,6323.0,980.0,0.0,100,344.61,307.0,0,0.0,0.0,,0.0,1,15.23,43.04,SPY201120C00303000,303.0,normalDay
2020-10-23,6323.0,1023.0,0.0,100,345.78,307.0,0,0.0,0.0,,0.0,1,15.23,43.78,SPY201120C00303000,303.0,normalDay
2020-10-26,6323.0,857.0,0.0,100,339.39,307.0,0,0.0,0.0,,0.0,1,15.23,39.05,SPY201120C00303000,303.0,normalDay
2020-10-27,6323.0,863.0,0.0,100,338.22,307.0,0,0.0,0.0,,0.0,1,15.23,37.82,SPY201120C00303000,303.0,normalDay
2020-10-28,6323.0,610.0,0.0,100,326.66,307.0,0,0.0,0.0,,0.0,1,15.23,28.79,SPY201120C00303000,303.0,normalDay
2020-10-29,6323.0,681.0,0.0,100,329.98,307.0,0,0.0,0.0,,0.0,1,15.23,31.4,SPY201120C00303000,303.0,normalDay
2020-10-30,6323.0,621.0,0.0,100,326.54,307.0,0,0.0,0.0,,0.0,1,15.23,28.56,SPY201120C00303000,303.0,normalDay
2020-11-02,6323.0,773.0,0.0,100,330.2,307.0,0,0.0,0.0,,0.0,1,15.23,30.7,SPY201120C00303000,303.0,normalDay
2020-11-03,6323.0,979.0,0.0,100,336.03,307.0,0,0.0,0.0,,0.0,1,15.23,34.47,SPY201120C00303000,303.0,normalDay
2020-11-04,6323.0,997.0,0.0,100,343.54,307.0,0,0.0,0.0,,0.0,1,15.23,41.8,SPY201120C00303000,303.0,normalDay
2020-11-05,6323.0,1023.0,0.0,100,350.24,307.0,0,0.0,0.0,,0.0,1,15.23,48.24,SPY201120C00303000,303.0,normalDay
2020-11-06,6323.0,1084.0,0.0,100,350.16,307.0,0,0.0,0.0,,0.0,1,15.23,47.55,SPY201120C00303000,303.0,normalDay
2020-11-09,6323.0,981.0,0.0,100,354.56,307.0,0,0.0,0.0,,0.0,1,15.23,52.98,SPY201120C00303000,303.0,normalDay
2020-11-10,6323.0,1045.0,0.0,100,354.04,307.0,0,0.0,0.0,,0.0,1,15.23,51.82,SPY201120C00303000,303.0,normalDay
2020-11-11,6323.0,1038.0,0.0,100,356.67,307.0,0,0.0,0.0,,0.0,1,15.23,54.52,SPY201120C00303000,303.0,normalDay
2020-11-12,6323.0,1039.0,0.0,100,353.21,307.0,0,0.0,0.0,,0.0,1,15.23,51.05,SPY201120C00303000,303.0,normalDay
2020-11-13,6323.0,1088.0,0.0,100,358.1,307.0,0,0.0,0.0,,0.0,1,15.23,55.45,SPY201120C00303000,303.0,normalDay
2020-11-16,6323.0,1127.0,0.0,100,362.57,307.0,0,0.0,0.0,,0.0,1,15.23,59.53,SPY201120C00303000,303.0,normalDay
2020-11-17,6323.0,1090.0,0.0,100,360.62,307.0,0,0.0,0.0,,0.0,1,15.23,57.95,SPY201120C00303000,303.0,normalDay
2020-11-18,6323.0,1087.0,0.0,100,356.28,307.0,0,0.0,0.0,,0.0,1,15.23,53.64,SPY201120C00303000,303.0,normalDay
2020-11-19,6323.0,1104.0,0.0,100,357.78,307.0,0,0.0,0.0,,0.0,1,15.23,54.97,SPY201120C00303000,303.0,normalDay
2020-11-20,7446.0,1104.0,1123.0,0,355.33,0.0,0,0.0,0.0,,0.0,1,15.23,0.0,SPY201120C00303000,303.0,expirationDay
2020-11-23,7446.0,-4.0,0.0,0,357.46,0.0,1,1.3,1.34,SPY210115P00295000,295.0,0,0.0,0.0,,0.0,normalDay
2020-11-24,7446.0,27.0,0.0,0,363.22,0.0,1,1.3,1.03,SPY210115P00295000,295.0,0,0.0,0.0,,0.0,normalDay
2020-11-25,7446.0,37.0,0.0,0,362.66,0.0,1,1.3,0.93,SPY210115P00295000,295.0,0,0.0,0.0,,0.0,normalDay
2020-11-27,7446.0,49.0,0.0,0,363.67,0.0,1,1.3,0.81,SPY210115P00295000,295.0,0,0.0,0.0,,0.0,normalDay
2020-11-30,7446.0,57.0,0.0,0,362.06,0.0,1,1.3,0.73,SPY210115P00295000,295.0,0,0.0,0.0,,0.0,normalDay
2020-12-01,7446.0,60.0,0.0,0,366.02,0.0,1,1.3,0.7,SPY210115P00295000,295.0,0,0.0,0.0,,0.0,normalDay
2020-12-02,7446.0,62.0,0.0,0,366.79,0.0,1,1.3,0.68,SPY210115P00295000,295.0,0,0.0,0.0,,0.0,normalDay
2020-12-03,7446.0,60.0,0.0,0,366.69,0.0,1,1.3,0.7,SPY210115P00295000,295.0,0,0.0,0.0,,0.0,normalDay
2020-12-04,7446.0,76.0,0.0,0,369.85,0.0,1,1.3,0.54,SPY210115P00295000,295.0,0,0.0,0.0,,0.0,normalDay
2020-12-07,7446.0,80.0,0.0,0,369.09,0.0,1,1.3,0.5,SPY210115P00295000,295.0,0,0.0,0.0,,0.0,normalDay
2020-12-08,7446.0,89.0,0.0,0,370.17,0.0,1,1.3,0.41,SPY210115P00295000,295.0,0,0.0,0.0,,0.0,normalDay
2020-12-09,7446.0,81.0,0.0,0,366.85,0.0,1,1.3,0.49,SPY210115P00295000,295.0,0,0.0,0.0,,0.0,normalDay
2020-12-10,7446.0,81.0,0.0,0,366.73,0.0,1,1.3,0.49,SPY210115P00295000,295.0,0,0.0,0.0,,0.0,normalDay
2020-12-11,7446.0,75.0,0.0,0,366.3,0.0,1,1.3,0.55,SPY210115P00295000,295.0,0,0.0,0.0,,0.0,normalDay
2020-12-14,7446.0,70.0,0.0,0,364.66,0.0,1,1.3,0.6,SPY210115P00295000,295.0,0,0.0,0.0,,0.0,normalDay
2020-12-15,7446.0,86.0,0.0,0,369.59,0.0,1,1.3,0.44,SPY210115P00295000,295.0,0,0.0,0.0,,0.0,normalDay
2020-12-16,7446.0,90.0,0.0,0,370.17,0.0,1,1.3,0.4,SPY210115P00295000,295.0,0,0.0,0.0,,0.0,normalDay
2020-12-17,7446.0,96.0,0.0,0,372.24,0.0,1,1.3,0.34,SPY210115P00295000,295.0,0,0.0,0.0,,0.0,normalDay
2020-12-18,7446.0,98.0,0.0,0,369.18,0.0,1,1.3,0.32,SPY210115P00295000,295.0,0,0.0,0.0,,0.0,normalDay
2020-12-21,7446.0,87.0,0.0,0,367.86,0.0,1,1.3,0.43,SPY210115P00295000,295.0,0,0.0,0.0,,0.0,normalDay
2020-12-22,7446.0,93.0,0.0,0,367.24,0.0,1,1.3,0.37,SPY210115P00295000,295.0,0,0.0,0.0,,0.0,normalDay
2020-12-23,7446.0,98.0,0.0,0,367.57,0.0,1,1.3,0.32,SPY210115P00295000,295.0,0,0.0,0.0,,0.0,normalDay
2020-12-24,7446.0,106.0,0.0,0,369.0,0.0,1,1.3,0.24,SPY210115P00295000,295.0,0,0.0,0.0,,0.0,normalDay
2020-12-28,7446.0,114.0,0.0,0,372.17,0.0,1,1.3,0.16,SPY210115P00295000,295.0,0,0.0,0.0,,0.0,normalDay
2020-12-29,7446.0,111.0,0.0,0,371.46,0.0,1,1.3,0.19,SPY210115P00295000,295.0,0,0.0,0.0,,0.0,normalDay
2020-12-30,7446.0,114.0,0.0,0,371.99,0.0,1,1.3,0.16,SPY210115P00295000,295.0,0,0.0,0.0,,0.0,normalDay
2020-12-31,7446.0,114.0,0.0,0,373.88,0.0,1,1.3,0.16,SPY210115P00295000,295.0,0,0.0,0.0,,0.0,normalDay
2021-01-04,7446.0,115.0,0.0,0,368.79,0.0,1,1.3,0.15,SPY210115P00295000,295.0,0,0.0,0.0,,0.0,normalDay
2021-01-05,7446.0,121.0,0.0,0,371.33,0.0,1,1.3,0.09,SPY210115P00295000,295.0,0,0.0,0.0,,0.0,normalDay
2021-01-06,7446.0,117.0,0.0,0,373.55,0.0,1,1.3,0.13,SPY210115P00295000,295.0,0,0.0,0.0,,0.0,normalDay
2021-01-07,7446.0,125.0,0.0,0,379.1,0.0,1,1.3,0.05,SPY210115P00295000,295.0,0,0.0,0.0,,0.0,normalDay
2021-01-08,7446.0,128.0,0.0,0,381.26,0.0,1,1.3,0.02,SPY210115P00295000,295.0,0,0.0,0.0,,0.0,normalDay
2021-01-11,7446.0,128.0,0.0,0,378.69,0.0,1,1.3,0.02,SPY210115P00295000,295.0,0,0.0,0.0,,0.0,normalDay
2021-01-12,7446.0,128.0,0.0,0,378.77,0.0,1,1.3,0.02,SPY210115P00295000,295.0,0,0.0,0.0,,0.0,normalDay
2021-01-13,7446.0,129.0,0.0,0,379.79,0.0,1,1.3,0.01,SPY210115P00295000,295.0,0,0.0,0.0,,0.0,normalDay
2021-01-14,7446.0,129.0,0.0,0,378.46,0.0,1,1.3,0.01,SPY210115P00295000,295.0,0,0.0,0.0,,0.0,normalDay
2021-01-15,7576.0,0.0,130.0,0,375.7,0.0,1,1.3,0.0,SPY210115P00295000,295.0,0,0.0,0.0,,0.0,expirationDay
2021-01-19,7576.0,-5.0,0.0,0,378.65,0.0,1,3.4,3.45,SPY210226P00352500,352.5,0,0.0,0.0,,0.0,normalDay
2021-01-20,7576.0,90.0,0.0,0,383.89,0.0,1,3.4,2.5,SPY210226P00352500,352.5,0,0.0,0.0,,0.0,normalDay
2021-01-21,7576.0,107.0,0.0,0,384.24,0.0,1,3.4,2.33,SPY210226P00352500,352.5,0,0.0,0.0,,0.0,normalDay
2021-01-22,7576.0,96.0,0.0,0,382.88,0.0,1,3.4,2.44,SPY210226P00352500,352.5,0,0.0,0.0,,0.0,normalDay
2021-01-25,7576.0,110.0,0.0,0,384.39,0.0,1,3.4,2.3,SPY210226P00352500,352.5,0,0.0,0.0,,0.0,normalDay
2021-01-26,7576.0,123.0,0.0,0,383.79,0.0,1,3.4,2.17,SPY210226P00352500,352.5,0,0.0,0.0,,0.0,normalDay
2021-01-27,7576.0,-217.0,0.0,0,374.41,0.0,1,3.4,5.57,SPY210226P00352500,352.5,0,0.0,0.0,,0.0,normalDay
2021-01-28,7576.0,-69.0,0.0,0,377.63,0.0,1,3.4,4.09,SPY210226P00352500,352.5,0,0.0,0.0,,0.0,normalDay
2021-01-29,7576.0,-321.0,0.0,0,370.07,0.0,1,3.4,6.61,SPY210226P00352500,352.5,0,0.0,0.0,,0.0,normalDay
2021-02-01,7576.0,-52.0,0.0,0,376.23,0.0,1,3.4,3.92,SPY210226P00352500,352.5,0,0.0,0.0,,0.0,normalDay
2021-02-02,7576.0,129.0,0.0,0,381.55,0.0,1,3.4,2.11,SPY210226P00352500,352.5,0,0.0,0.0,,0.0,normalDay
2021-02-03,7576.0,179.0,0.0,0,381.85,0.0,1,3.4,1.61,SPY210226P00352500,352.5,0,0.0,0.0,,0.0,normalDay
2021-02-04,7576.0,234.0,0.0,0,386.19,0.0,1,3.4,1.06,SPY210226P00352500,352.5,0,0.0,0.0,,0.0,normalDay
2021-02-05,7576.0,261.0,0.0,0,387.71,0.0,1,3.4,0.79,SPY210226P00352500,352.5,0,0.0,0.0,,0.0,normalDay
2021-02-08,7576.0,283.0,0.0,0,390.51,0.0,1,3.4,0.57,SPY210226P00352500,352.5,0,0.0,0.0,,0.0,normalDay
2021-02-09,7576.0,287.0,0.0,0,390.25,0.0,1,3.4,0.53,SPY210226P00352500,352.5,0,0.0,0.0,,0.0,normalDay
2021-02-10,7576.0,284.0,0.0,0,390.08,0.0,1,3.4,0.56,SPY210226P00352500,352.5,0,0.0,0.0,,0.0,normalDay
2021-02-11,7576.0,296.0,0.0,0,390.71,0.0,1,3.4,0.44,SPY210226P00352500,352.5,0,0.0,0.0,,0.0,normalDay
2021-02-12,7576.0,316.0,0.0,0,392.64,0.0,1,3.4,0.24,SPY210226P00352500,352.5,0,0.0,0.0,,0.0,normalDay
2021-02-16,7576.0,315.0,0.0,0,392.3,0.0,1,3.4,0.25,SPY210226P00352500,352.5,0,0.0,0.0,,0.0,normalDay
2021-02-17,7576.0,321.0,0.0,0,392.39,0.0,1,3.4,0.19,SPY210226P00352500,352.5,0,0.0,0.0,,0.0,normalDay
2021-02-18,7576.0,321.0,0.0,0,390.72,0.0,1,3.4,0.19,SPY210226P00352500,352.5,0,0.0,0.0,,0.0,normalDay
2021-02-19,7576.0,331.0,0.0,0,390.03,0.0,1,3.4,0.09,SPY210226P00352500,352.5,0,0.0,0.0,,0.0,normalDay
2021-02-22,7576.0,332.0,0.0,0,387.03,0.0,1,3.4,0.08,SPY210226P00352500,352.5,0,0.0,0.0,,0.0,normalDay
2021-02-23,7576.0,336.0,0.0,0,387.5,0.0,1,3.4,0.04,SPY210226P00352500,352.5,0,0.0,0.0,,0.0,normalDay
2021-02-24,7576.0,338.0,0.0,0,391.77,0.0,1,3.4,0.02,SPY210226P00352500,352.5,0,0.0,0.0,,0.0,normalDay
2021-02-25,7576.0,336.0,0.0,0,382.33,0.0,1,3.4,0.04,SPY210226P00352500,352.5,0,0.0,0.0,,0.0,normalDay
2021-02-26,7916.0,0.0,340.0,0,380.36,0.0,1,3.4,0.0,SPY210226P00352500,352.5,0,0.0,0.0,,0.0,expirationDay
2021-03-01,7916.0,-5.0,0.0,0,389.58,0.0,1,4.92,4.97,SPY210416P00367000,367.0,0,0.0,0.0,,0.0,normalDay
2021-03-02,7916.0,-82.0,0.0,0,386.54,0.0,1,4.92,5.74,SPY210416P00367000,367.0,0,0.0,0.0,,0.0,normalDay
2021-03-03,7916.0,-225.0,0.0,0,381.42,0.0,1,4.92,7.17,SPY210416P00367000,367.0,0,0.0,0.0,,0.0,normalDay
2021-03-04,7916.0,-390.0,0.0,0,376.7,0.0,1,4.92,8.82,SPY210416P00367000,367.0,0,0.0,0.0,,0.0,normalDay
2021-03-05,7916.0,-109.0,0.0,0,383.63,0.0,1,4.92,6.01,SPY210416P00367000,367.0,0,0.0,0.0,,0.0,normalDay
2021-03-08,7916.0,-140.0,0.0,0,381.72,0.0,1,4.92,6.32,SPY210416P00367000,367.0,0,0.0,0.0,,0.0,normalDay
2021-03-09,7916.0,22.0,0.0,0,387.17,0.0,1,4.92,4.7,SPY210416P00367000,367.0,0,0.0,0.0,,0.0,normalDay
2021-03-10,7916.0,113.0,0.0,0,389.58,0.0,1,4.92,3.79,SPY210416P00367000,367.0,0,0.0,0.0,,0.0,normalDay
2021-03-11,7916.0,182.0,0.0,0,393.53,0.0,1,4.92,3.1,SPY210416P00367000,367.0,0,0.0,0.0,,0.0,normalDay
2021-03-12,7916.0,236.0,0.0,0,394.06,0.0,1,4.92,2.56,SPY210416P00367000,367.0,0,0.0,0.0,,0.0,normalDay
2021-03-15,7916.0,296.0,0.0,0,396.41,0.0,1,4.92,1.96,SPY210416P00367000,367.0,0,0.0,0.0,,0.0,normalDay
2021-03-16,7916.0,297.0,0.0,0,395.91,0.0,1,4.92,1.95,SPY210416P00367000,367.0,0,0.0,0.0,,0.0,normalDay
2021-03-17,7916.0,330.0,0.0,0,397.26,0.0,1,4.92,1.62,SPY210416P00367000,367.0,0,0.0,0.0,,0.0,normalDay
2021-03-18,7916.0,262.0,0.0,0,391.48,0.0,1,4.92,2.3,SPY210416P00367000,367.0,0,0.0,0.0,,0.0,normalDay
2021-03-19,7916.0,258.0,0.0,0,389.48,0.0,1,4.92,2.34,SPY210416P00367000,367.0,0,0.0,0.0,,0.0,normalDay
2021-03-22,7916.0,354.0,0.0,0,392.59,0.0,1,4.92,1.38,SPY210416P00367000,367.0,0,0.0,0.0,,0.0,normalDay
2021-03-23,7916.0,307.0,0.0,0,389.5,0.0,1,4.92,1.85,SPY210416P00367000,367.0,0,0.0,0.0,,0.0,normalDay
2021-03-24,7916.0,284.0,0.0,0,387.52,0.0,1,4.92,2.08,SPY210416P00367000,367.0,0,0.0,0.0,,0.0,normalDay
2021-03-25,7916.0,338.0,0.0,0,389.7,0.0,1,4.92,1.54,SPY210416P00367000,367.0,0,0.0,0.0,,0.0,normalDay
2021-03-26,7916.0,393.0,0.0,0,395.98,0.0,1,4.92,0.99,SPY210416P00367000,367.0,0,0.0,0.0,,0.0,normalDay
2021-03-29,7916.0,385.0,0.0,0,395.78,0.0,1,4.92,1.07,SPY210416P00367000,367.0,0,0.0,0.0,,0.0,normalDay
2021-03-30,7916.0,406.0,0.0,0,394.73,0.0,1,4.92,0.86,SPY210416P00367000,367.0,0,0.0,0.0,,0.0,normalDay
2021-03-31,7916.0,430.0,0.0,0,396.33,0.0,1,4.92,0.62,SPY210416P00367000,367.0,0,0.0,0.0,,0.0,normalDay
2021-04-01,7916.0,463.0,0.0,0,400.61,0.0,1,4.92,0.29,SPY210416P00367000,367.0,0,0.0,0.0,,0.0,normalDay
2021-04-05,7916.0,474.0,0.0,0,406.36,0.0,1,4.92,0.18,SPY210416P00367000,367.0,0,0.0,0.0,,0.0,normalDay
2021-04-06,7916.0,475.0,0.0,0,406.12,0.0,1,4.92,0.17,SPY210416P00367000,367.0,0,0.0,0.0,,0.0,normalDay
2021-04-07,7916.0,483.0,0.0,0,406.59,0.0,1,4.92,0.09,SPY210416P00367000,367.0,0,0.0,0.0,,0.0,normalDay
2021-04-08,7916.0,484.0,0.0,0,408.52,0.0,1,4.92,0.08,SPY210416P00367000,367.0,0,0.0,0.0,,0.0,normalDay
2021-04-09,7916.0,488.0,0.0,0,411.49,0.0,1,4.92,0.04,SPY210416P00367000,367.0,0,0.0,0.0,,0.0,normalDay
2021-04-12,7916.0,490.0,0.0,0,411.64,0.0,1,4.92,0.02,SPY210416P00367000,367.0,0,0.0,0.0,,0.0,normalDay
2021-04-13,7916.0,490.0,0.0,0,412.86,0.0,1,4.92,0.02,SPY210416P00367000,367.0,0,0.0,0.0,,0.0,normalDay
2021-04-14,7916.0,490.0,0.0,0,411.45,0.0,1,4.92,0.02,SPY210416P00367000,367.0,0,0.0,0.0,,0.0,normalDay
2021-04-15,7916.0,491.0,0.0,0,415.87,0.0,1,4.92,0.01,SPY210416P00367000,367.0,0,0.0,0.0,,0.0,normalDay
2021-04-16,8408.0,0.0,492.0,0,417.26,0.0,1,4.92,0.0,SPY210416P00367000,367.0,0,0.0,0.0,,0.0,expirationDay
2021-04-19,8408.0,-4.0,0.0,0,415.21,0.0,1,0.8,0.84,SPY210528P00360000,360.0,0,0.0,0.0,,0.0,normalDay
2021-04-20,8408.0,-24.0,0.0,0,412.17,0.0,1,0.8,1.04,SPY210528P00360000,360.0,0,0.0,0.0,,0.0,normalDay
2021-04-21,8408.0,6.0,0.0,0,416.07,0.0,1,0.8,0.74,SPY210528P00360000,360.0,0,0.0,0.0,,0.0,normalDay
2021-04-22,8408.0,-15.0,0.0,0,412.27,0.0,1,0.8,0.95,SPY210528P00360000,360.0,0,0.0,0.0,,0.0,normalDay
2021-04-23,8408.0,18.0,0.0,0,416.74,0.0,1,0.8,0.62,SPY210528P00360000,360.0,0,0.0,0.0,,0.0,normalDay
2021-04-26,8408.0,26.0,0.0,0,417.61,0.0,1,0.8,0.54,SPY210528P00360000,360.0,0,0.0,0.0,,0.0,normalDay
2021-04-27,8408.0,31.0,0.0,0,417.52,0.0,1,0.8,0.49,SPY210528P00360000,360.0,0,0.0,0.0,,0.0,normalDay
2021-04-28,8408.0,36.0,0.0,0,417.4,0.0,1,0.8,0.44,SPY210528P00360000,360.0,0,0.0,0.0,,0.0,normalDay
2021-04-29,8408.0,38.0,0.0,0,420.06,0.0,1,0.8,0.42,SPY210528P00360000,360.0,0,0.0,0.0,,0.0,normalDay
2021-04-30,8408.0,27.0,0.0,0,417.3,0.0,1,0.8,0.53,SPY210528P00360000,360.0,0,0.0,0.0,,0.0,normalDay
2021-05-03,8408.0,35.0,0.0,0,418.2,0.0,1,0.8,0.45,SPY210528P00360000,360.0,0,0.0,0.0,,0.0,normalDay
2021-05-04,8408.0,29.0,0.0,0,415.62,0.0,1,0.8,0.51,SPY210528P00360000,360.0,0,0.0,0.0,,0.0,normalDay
2021-05-05,8408.0,31.0,0.0,0,415.75,0.0,1,0.8,0.49,SPY210528P00360000,360.0,0,0.0,0.0,,0.0,normalDay
2021-05-06,8408.0,42.0,0.0,0,419.07,0.0,1,0.8,0.38,SPY210528P00360000,360.0,0,0.0,0.0,,0.0,normalDay
2021-05-07,8408.0,52.0,0.0,0,422.12,0.0,1,0.8,0.28,SPY210528P00360000,360.0,0,0.0,0.0,,0.0,normalDay
2021-05-10,8408.0,41.0,0.0,0,417.94,0.0,1,0.8,0.39,SPY210528P00360000,360.0,0,0.0,0.0,,0.0,normalDay
2021-05-11,8408.0,34.0,0.0,0,414.21,0.0,1,0.8,0.46,SPY210528P00360000,360.0,0,0.0,0.0,,0.0,normalDay
2021-05-12,8408.0,-35.0,0.0,0,405.41,0.0,1,0.8,1.15,SPY210528P00360000,360.0,0,0.0,0.0,,0.0,normalDay
2021-05-13,8408.0,30.0,0.0,0,410.28,0.0,1,0.8,0.5,SPY210528P00360000,360.0,0,0.0,0.0,,0.0,normalDay
2021-05-14,8408.0,59.0,0.0,0,416.58,0.0,1,0.8,0.21,SPY210528P00360000,360.0,0,0.0,0.0,,0.0,normalDay
2021-05-17,8408.0,66.0,0.0,0,415.52,0.0,1,0.8,0.14,SPY210528P00360000,360.0,0,0.0,0.0,,0.0,normalDay
2021-05-18,8408.0,61.0,0.0,0,411.94,0.0,1,0.8,0.19,SPY210528P00360000,360.0,0,0.0,0.0,,0.0,normalDay
2021-05-19,8408.0,62.0,0.0,0,410.86,0.0,1,0.8,0.18,SPY210528P00360000,360.0,0,0.0,0.0,,0.0,normalDay
2021-05-20,8408.0,71.0,0.0,0,415.28,0.0,1,0.8,0.09,SPY210528P00360000,360.0,0,0.0,0.0,,0.0,normalDay
2021-05-21,8408.0,75.0,0.0,0,414.94,0.0,1,0.8,0.05,SPY210528P00360000,360.0,0,0.0,0.0,,0.0,normalDay
2021-05-24,8408.0,78.0,0.0,0,419.17,0.0,1,0.8,0.02,SPY210528P00360000,360.0,0,0.0,0.0,,0.0,normalDay
2021-05-25,8408.0,78.0,0.0,0,418.24,0.0,1,0.8,0.02,SPY210528P00360000,360.0,0,0.0,0.0,,0.0,normalDay
2021-05-26,8408.0,79.0,0.0,0,419.07,0.0,1,0.8,0.01,SPY210528P00360000,360.0,0,0.0,0.0,,0.0,normalDay
2021-05-27,8408.0,79.0,0.0,0,419.29,0.0,1,0.8,0.01,SPY210528P00360000,360.0,0,0.0,0.0,,0.0,normalDay
2021-05-28,8488.0,0.0,80.0,0,420.04,0.0,1,0.8,0.0,SPY210528P00360000,360.0,0,0.0,0.0,,0.0,expirationDay
2021-06-01,8488.0,-5.0,0.0,0,419.67,0.0,1,3.61,3.66,SPY210716P00398000,398.0,0,0.0,0.0,,0.0,normalDay
2021-06-02,8488.0,27.0,0.0,0,420.33,0.0,1,3.61,3.34,SPY210716P00398000,398.0,0,0.0,0.0,,0.0,normalDay
2021-06-03,8488.0,-8.0,0.0,0,418.77,0.0,1,3.61,3.69,SPY210716P00398000,398.0,0,0.0,0.0,,0.0,normalDay
2021-06-04,8488.0,86.0,0.0,0,422.6,0.0,1,3.61,2.75,SPY210716P00398000,398.0,0,0.0,0.0,,0.0,normalDay
2021-06-07,8488.0,117.0,0.0,0,422.19,0.0,1,3.61,2.44,SPY210716P00398000,398.0,0,0.0,0.0,,0.0,normalDay
2021-06-08,8488.0,108.0,0.0,0,422.28,0.0,1,3.61,2.53,SPY210716P00398000,398.0,0,0.0,0.0,,0.0,normalDay
2021-06-09,8488.0,87.0,0.0,0,421.65,0.0,1,3.61,2.74,SPY210716P00398000,398.0,0,0.0,0.0,,0.0,normalDay
2021-06-10,8488.0,158.0,0.0,0,423.61,0.0,1,3.61,2.03,SPY210716P00398000,398.0,0,0.0,0.0,,0.0,normalDay
2021-06-11,8488.0,177.0,0.0,0,424.31,0.0,1,3.61,1.84,SPY210716P00398000,398.0,0,0.0,0.0,,0.0,normalDay
2021-06-14,8488.0,193.0,0.0,0,425.26,0.0,1,3.61,1.68,SPY210716P00398000,398.0,0,0.0,0.0,,0.0,normalDay
2021-06-15,8488.0,180.0,0.0,0,424.48,0.0,1,3.61,1.81,SPY210716P00398000,398.0,0,0.0,0.0,,0.0,normalDay
2021-06-16,8488.0,145.0,0.0,0,422.11,0.0,1,3.61,2.16,SPY210716P00398000,398.0,0,0.0,0.0,,0.0,normalDay
2021-06-17,8488.0,166.0,0.0,0,421.97,0.0,1,3.61,1.95,SPY210716P00398000,398.0,0,0.0,0.0,,0.0,normalDay
2021-06-18,8488.0,27.0,0.0,0,414.92,0.0,1,3.61,3.34,SPY210716P00398000,398.0,0,0.0,0.0,,0.0,normalDay
2021-06-21,8488.0,194.0,0.0,0,420.86,0.0,1,3.61,1.67,SPY210716P00398000,398.0,0,0.0,0.0,,0.0,normalDay
2021-06-22,8488.0,237.0,0.0,0,423.11,0.0,1,3.61,1.24,SPY210716P00398000,398.0,0,0.0,0.0,,0.0,normalDay
2021-06-23,8488.0,249.0,0.0,0,422.6,0.0,1,3.61,1.12,SPY210716P00398000,398.0,0,0.0,0.0,,0.0,normalDay
2021-06-24,8488.0,275.0,0.0,0,425.1,0.0,1,3.61,0.86,SPY210716P00398000,398.0,0,0.0,0.0,,0.0,normalDay
2021-06-25,8488.0,293.0,0.0,0,426.61,0.0,1,3.61,0.68,SPY210716P00398000,398.0,0,0.0,0.0,,0.0,normalDay
2021-06-28,8488.0,307.0,0.0,0,427.47,0.0,1,3.61,0.54,SPY210716P00398000,398.0,0,0.0,0.0,,0.0,normalDay
2021-06-29,8488.0,308.0,0.0,0,427.7,0.0,1,3.61,0.53,SPY210716P00398000,398.0,0,0.0,0.0,,0.0,normalDay
2021-06-30,8488.0,318.0,0.0,0,428.06,0.0,1,3.61,0.43,SPY210716P00398000,398.0,0,0.0,0.0,,0.0,normalDay
2021-07-01,8488.0,326.0,0.0,0,430.43,0.0,1,3.61,0.35,SPY210716P00398000,398.0,0,0.0,0.0,,0.0,normalDay
2021-07-02,8488.0,336.0,0.0,0,433.72,0.0,1,3.61,0.25,SPY210716P00398000,398.0,0,0.0,0.0,,0.0,normalDay
2021-07-06,8488.0,339.0,0.0,0,432.93,0.0,1,3.61,0.22,SPY210716P00398000,398.0,0,0.0,0.0,,0.0,normalDay
2021-07-07,8488.0,346.0,0.0,0,434.46,0.0,1,3.61,0.15,SPY210716P00398000,398.0,0,0.0,0.0,,0.0,normalDay
2021-07-08,8488.0,332.0,0.0,0,430.92,0.0,1,3.61,0.29,SPY210716P00398000,398.0,0,0.0,0.0,,0.0,normalDay
2021-07-09,8488.0,352.0,0.0,0,435.52,0.0,1,3.61,0.09,SPY210716P00398000,398.0,0,0.0,0.0,,0.0,normalDay
2021-07-12,8488.0,357.0,0.0,0,437.08,0.0,1,3.61,0.04,SPY210716P00398000,398.0,0,0.0,0.0,,0.0,normalDay
2021-07-13,8488.0,355.0,0.0,0,435.59,0.0,1,3.61,0.06,SPY210716P00398000,398.0,0,0.0,0.0,,0.0,normalDay
2021-07-14,8488.0,359.0,0.0,0,436.24,0.0,1,3.61,0.02,SPY210716P00398000,398.0,0,0.0,0.0,,0.0,normalDay
2021-07-15,8488.0,360.0,0.0,0,434.75,0.0,1,3.61,0.01,SPY210716P00398000,398.0,0,0.0,0.0,,0.0,normalDay
2021-07-16,8849.0,0.0,361.0,0,431.34,0.0,1,3.61,0.0,SPY210716P00398000,398.0,0,0.0,0.0,,0.0,expirationDay
2021-07-19,8849.0,-5.0,0.0,0,424.97,0.0,1,5.53,5.58,SPY210827P00408000,408.0,0,0.0,0.0,,0.0,normalDay
2021-07-20,8849.0,171.0,0.0,0,431.06,0.0,1,5.53,3.82,SPY210827P00408000,408.0,0,0.0,0.0,,0.0,normalDay
2021-07-21,8849.0,276.0,0.0,0,434.55,0.0,1,5.53,2.77,SPY210827P00408000,408.0,0,0.0,0.0,,0.0,normalDay
2021-07-22,8849.0,294.0,0.0,0,435.46,0.0,1,5.53,2.59,SPY210827P00408000,408.0,0,0.0,0.0,,0.0,normalDay
2021-07-23,8849.0,349.0,0.0,0,439.94,0.0,1,5.53,2.04,SPY210827P00408000,408.0,0,0.0,0.0,,0.0,normalDay
2021-07-26,8849.0,379.0,0.0,0,441.02,0.0,1,5.53,1.74,SPY210827P00408000,408.0,0,0.0,0.0,,0.0,normalDay
2021-07-27,8849.0,332.0,0.0,0,439.01,0.0,1,5.53,2.21,SPY210827P00408000,408.0,0,0.0,0.0,,0.0,normalDay
2021-07-28,8849.0,364.0,0.0,0,438.83,0.0,1,5.53,1.89,SPY210827P00408000,408.0,0,0.0,0.0,,0.0,normalDay
2021-07-29,8849.0,403.0,0.0,0,440.65,0.0,1,5.53,1.5,SPY210827P00408000,408.0,0,0.0,0.0,,0.0,normalDay
2021-07-30,8849.0,389.0,0.0,0,438.51,0.0,1,5.53,1.64,SPY210827P00408000,408.0,0,0.0,0.0,,0.0,normalDay
2021-08-02,8849.0,377.0,0.0,0,437.59,0.0,1,5.53,1.76,SPY210827P00408000,408.0,0,0.0,0.0,,0.0,normalDay
2021-08-03,8849.0,435.0,0.0,0,441.15,0.0,1,5.53,1.18,SPY210827P00408000,408.0,0,0.0,0.0,,0.0,normalDay
2021-08-04,8849.0,434.0,0.0,0,438.98,0.0,1,5.53,1.19,SPY210827P00408000,408.0,0,0.0,0.0,,0.0,normalDay
2021-08-05,8849.0,461.0,0.0,0,441.76,0.0,1,5.53,0.92,SPY210827P00408000,408.0,0,0.0,0.0,,0.0,normalDay
2021-08-06,8849.0,487.0,0.0,0,442.49,0.0,1,5.53,0.66,SPY210827P00408000,408.0,0,0.0,0.0,,0.0,normalDay
2021-08-09,8849.0,494.0,0.0,0,442.13,0.0,1,5.53,0.59,SPY210827P00408000,408.0,0,0.0,0.0,,0.0,normalDay
2021-08-10,8849.0,495.0,0.0,0,442.68,0.0,1,5.53,0.58,SPY210827P00408000,408.0,0,0.0,0.0,,0.0,normalDay
2021-08-11,8849.0,514.0,0.0,0,443.78,0.0,1,5.53,0.39,SPY210827P00408000,408.0,0,0.0,0.0,,0.0,normalDay
2021-08-12,8849.0,523.0,0.0,0,445.11,0.0,1,5.53,0.3,SPY210827P00408000,408.0,0,0.0,0.0,,0.0,normalDay
2021-08-13,8849.0,526.0,0.0,0,445.92,0.0,1,5.53,0.27,SPY210827P00408000,408.0,0,0.0,0.0,,0.0,normalDay
2021-08-16,8849.0,532.0,0.0,0,446.97,0.0,1,5.53,0.21,SPY210827P00408000,408.0,0,0.0,0.0,,0.0,normalDay
2021-08-17,8849.0,520.0,0.0,0,444.04,0.0,1,5.53,0.33,SPY210827P00408000,408.0,0,0.0,0.0,,0.0,normalDay
2021-08-18,8849.0,485.0,0.0,0,439.18,0.0,1,5.53,0.68,SPY210827P00408000,408.0,0,0.0,0.0,,0.0,normalDay
2021-08-19,8849.0,498.0,0.0,0,439.86,0.0,1,5.53,0.55,SPY210827P00408000,408.0,0,0.0,0.0,,0.0,normalDay
2021-08-20,8849.0,542.0,0.0,0,443.36,0.0,1,5.53,0.11,SPY210827P00408000,408.0,0,0.0,0.0,,0.0,normalDay
2021-08-23,8849.0,547.0,0.0,0,447.26,0.0,1,5.53,0.06,SPY210827P00408000,408.0,0,0.0,0.0,,0.0,normalDay
2021-08-24,8849.0,549.0,0.0,0,447.97,0.0,1,5.53,0.04,SPY210827P00408000,408.0,0,0.0,0.0,,0.0,normalDay
2021-08-25,8849.0,551.0,0.0,0,448.91,0.0,1,5.53,0.02,SPY210827P00408000,408.0,0,0.0,0.0,,0.0,normalDay
2021-08-26,8849.0,550.0,0.0,0,446.26,0.0,1,5.53,0.03,SPY210827P00408000,408.0,0,0.0,0.0,,0.0,normalDay
2021-08-27,9402.0,0.0,553.0,0,450.25,0.0,1,5.53,0.0,SPY210827P00408000,408.0,0,0.0,0.0,,0.0,expirationDay
2021-08-30,9402.0,-3.0,0.0,0,452.23,0.0,1,3.52,3.55,SPY211015P00428000,428.0,0,0.0,0.0,,0.0,normalDay
2021-08-31,9402.0,-2.0,0.0,0,451.56,0.0,1,3.52,3.54,SPY211015P00428000,428.0,0,0.0,0.0,,0.0,normalDay
2021-09-01,9402.0,24.0,0.0,0,451.8,0.0,1,3.52,3.28,SPY211015P00428000,428.0,0,0.0,0.0,,0.0,normalDay
2021-09-02,9402.0,44.0,0.0,0,453.19,0.0,1,3.52,3.08,SPY211015P00428000,428.0,0,0.0,0.0,,0.0,normalDay
2021-09-03,9402.0,44.0,0.0,0,453.08,0.0,1,3.52,3.08,SPY211015P00428000,428.0,0,0.0,0.0,,0.0,normalDay
2021-09-07,9402.0,15.0,0.0,0,451.46,0.0,1,3.52,3.37,SPY211015P00428000,428.0,0,0.0,0.0,,0.0,normalDay
2021-09-08,9402.0,18.0,0.0,0,450.91,0.0,1,3.52,3.34,SPY211015P00428000,428.0,0,0.0,0.0,,0.0,normalDay
2021-09-09,9402.0,-29.0,0.0,0,448.98,0.0,1,3.52,3.81,SPY211015P00428000,428.0,0,0.0,0.0,,0.0,normalDay
2021-09-10,9402.0,-111.0,0.0,0,445.44,0.0,1,3.52,4.63,SPY211015P00428000,428.0,0,0.0,0.0,,0.0,normalDay
2021-09-13,9402.0,-26.0,0.0,0,446.58,0.0,1,3.52,3.78,SPY211015P00428000,428.0,0,0.0,0.0,,0.0,normalDay
2021-09-14,9402.0,-67.0,0.0,0,444.17,0.0,1,3.52,4.19,SPY211015P00428000,428.0,0,0.0,0.0,,0.0,normalDay
2021-09-15,9402.0,46.0,0.0,0,447.88,0.0,1,3.52,3.06,SPY211015P00428000,428.0,0,0.0,0.0,,0.0,normalDay
2021-09-16,9402.0,29.0,0.0,0,447.17,0.0,1,3.52,3.23,SPY211015P00428000,428.0,0,0.0,0.0,,0.0,normalDay
2021-09-17,9402.0,-91.0,0.0,0,441.4,0.0,1,3.52,4.43,SPY211015P00428000,428.0,0,0.0,0.0,,0.0,normalDay
2021-09-20,9402.0,-380.0,0.0,0,434.04,0.0,1,3.52,7.32,SPY211015P00428000,428.0,0,0.0,0.0,,0.0,normalDay
2021-09-21,9402.0,-349.0,0.0,0,433.63,0.0,1,3.52,7.01,SPY211015P00428000,428.0,0,0.0,0.0,,0.0,normalDay
2021-09-22,9402.0,-98.0,0.0,0,437.86,0.0,1,3.52,4.5,SPY211015P00428000,428.0,0,0.0,0.0,,0.0,normalDay
2021-09-23,9402.0,78.0,0.0,0,443.18,0.0,1,3.52,2.74,SPY211015P00428000,428.0,0,0.0,0.0,,0.0,normalDay
2021-09-24,9402.0,120.0,0.0,0,443.91,0.0,1,3.52,2.32,SPY211015P00428000,428.0,0,0.0,0.0,,0.0,normalDay
2021-09-27,9402.0,112.0,0.0,0,442.64,0.0,1,3.52,2.4,SPY211015P00428000,428.0,0,0.0,0.0,,0.0,normalDay
2021-09-28,9402.0,-179.0,0.0,0,433.72,0.0,1,3.52,5.31,SPY211015P00428000,428.0,0,0.0,0.0,,0.0,normalDay
2021-09-29,9402.0,-125.0,0.0,0,434.45,0.0,1,3.52,4.77,SPY211015P00428000,428.0,0,0.0,0.0,,0.0,normalDay
2021-09-30,9402.0,-289.0,0.0,0,429.14,0.0,1,3.52,6.41,SPY211015P00428000,428.0,0,0.0,0.0,,0.0,normalDay
2021-10-01,9402.0,-47.0,0.0,0,434.24,0.0,1,3.52,3.99,SPY211015P00428000,428.0,0,0.0,0.0,,0.0,normalDay
2021-10-04,9402.0,-232.0,0.0,0,428.64,0.0,1,3.52,5.84,SPY211015P00428000,428.0,0,0.0,0.0,,0.0,normalDay
2021-10-05,9402.0,-4.0,0.0,0,433.1,0.0,1,3.52,3.56,SPY211015P00428000,428.0,0,0.0,0.0,,0.0,normalDay
2021-10-06,9402.0,71.0,0.0,0,434.9,0.0,1,3.52,2.81,SPY211015P00428000,428.0,0,0.0,0.0,,0.0,normalDay
2021-10-07,9402.0,202.0,0.0,0,438.66,0.0,1,3.52,1.5,SPY211015P00428000,428.0,0,0.0,0.0,,0.0,normalDay
2021-10-08,9402.0,223.0,0.0,0,437.86,0.0,1,3.52,1.29,SPY211015P00428000,428.0,0,0.0,0.0,,0.0,normalDay
2021-10-11,9402.0,189.0,0.0,0,434.69,0.0,1,3.52,1.63,SPY211015P00428000,428.0,0,0.0,0.0,,0.0,normalDay
2021-10-12,9402.0,201.0,0.0,0,433.62,0.0,1,3.52,1.51,SPY211015P00428000,428.0,0,0.0,0.0,,0.0,normalDay
2021-10-13,9402.0,305.0,0.0,0,435.18,0.0,1,3.52,0.47,SPY211015P00428000,428.0,0,0.0,0.0,,0.0,normalDay
2021-10-14,9402.0,345.0,0.0,0,442.5,0.0,1,3.52,0.07,SPY211015P00428000,428.0,0,0.0,0.0,,0.0,normalDay
2021-10-15,9754.0,0.0,352.0,0,445.87,0.0,1,3.52,0.0,SPY211015P00428000,428.0,0,0.0,0.0,,0.0,expirationDay
2021-10-18,9754.0,-4.0,0.0,0,447.19,0.0,1,1.94,1.98,SPY211126P00414000,414.0,0,0.0,0.0,,0.0,normalDay
2021-10-19,9754.0,36.0,0.0,0,450.64,0.0,1,1.94,1.58,SPY211126P00414000,414.0,0,0.0,0.0,,0.0,normalDay
2021-10-20,9754.0,49.0,0.0,0,452.41,0.0,1,1.94,1.45,SPY211126P00414000,414.0,0,0.0,0.0,,0.0,normalDay
2021-10-21,9754.0,69.0,0.0,0,453.59,0.0,1,1.94,1.25,SPY211126P00414000,414.0,0,0.0,0.0,,0.0,normalDay
2021-10-22,9754.0,61.0,0.0,0,453.12,0.0,1,1.94,1.33,SPY211126P00414000,414.0,0,0.0,0.0,,0.0,normalDay
2021-10-25,9754.0,92.0,0.0,0,455.55,0.0,1,1.94,1.02,SPY211126P00414000,414.0,0,0.0,0.0,,0.0,normalDay
2021-10-26,9754.0,88.0,0.0,0,455.96,0.0,1,1.94,1.06,SPY211126P00414000,414.0,0,0.0,0.0,,0.0,normalDay
2021-10-27,9754.0,67.0,0.0,0,453.94,0.0,1,1.94,1.27,SPY211126P00414000,414.0,0,0.0,0.0,,0.0,normalDay
2021-10-28,9754.0,100.0,0.0,0,458.32,0.0,1,1.94,0.94,SPY211126P00414000,414.0,0,0.0,0.0,,0.0,normalDay
2021-10-29,9754.0,113.0,0.0,0,459.25,0.0,1,1.94,0.81,SPY211126P00414000,414.0,0,0.0,0.0,,0.0,normalDay
2021-11-01,9754.0,131.0,0.0,0,460.04,0.0,1,1.94,0.63,SPY211126P00414000,414.0,0,0.0,0.0,,0.0,normalDay
2021-11-02,9754.0,141.0,0.0,0,461.9,0.0,1,1.94,0.53,SPY211126P00414000,414.0,0,0.0,0.0,,0.0,normalDay
2021-11-03,9754.0,156.0,0.0,0,464.72,0.0,1,1.94,0.38,SPY211126P00414000,414.0,0,0.0,0.0,,0.0,normalDay
2021-11-04,9754.0,155.0,0.0,0,466.91,0.0,1,1.94,0.39,SPY211126P00414000,414.0,0,0.0,0.0,,0.0,normalDay
2021-11-05,9754.0,154.0,0.0,0,468.53,0.0,1,1.94,0.4,SPY211126P00414000,414.0,0,0.0,0.0,,0.0,normalDay
2021-11-08,9754.0,158.0,0.0,0,468.93,0.0,1,1.94,0.36,SPY211126P00414000,414.0,0,0.0,0.0,,0.0,normalDay
2021-11-09,9754.0,159.0,0.0,0,467.38,0.0,1,1.94,0.35,SPY211126P00414000,414.0,0,0.0,0.0,,0.0,normalDay
2021-11-10,9754.0,157.0,0.0,0,463.62,0.0,1,1.94,0.37,SPY211126P00414000,414.0,0,0.0,0.0,,0.0,normalDay
2021-11-11,9754.0,168.0,0.0,0,463.77,0.0,1,1.94,0.26,SPY211126P00414000,414.0,0,0.0,0.0,,0.0,normalDay
2021-11-12,9754.0,178.0,0.0,0,467.27,0.0,1,1.94,0.16,SPY211126P00414000,414.0,0,0.0,0.0,,0.0,normalDay
2021-11-15,9754.0,185.0,0.0,0,467.43,0.0,1,1.94,0.09,SPY211126P00414000,414.0,0,0.0,0.0,,0.0,normalDay
2021-11-16,9754.0,186.0,0.0,0,469.28,0.0,1,1.94,0.08,SPY211126P00414000,414.0,0,0.0,0.0,,0.0,normalDay
2021-11-17,9754.0,188.0,0.0,0,468.14,0.0,1,1.94,0.06,SPY211126P00414000,414.0,0,0.0,0.0,,0.0,normalDay
2021-11-18,9754.0,189.0,0.0,0,469.73,0.0,1,1.94,0.05,SPY211126P00414000,414.0,0,0.0,0.0,,0.0,normalDay
2021-11-19,9754.0,190.0,0.0,0,468.89,0.0,1,1.94,0.04,SPY211126P00414000,414.0,0,0.0,0.0,,0.0,normalDay
2021-11-22,9754.0,190.0,0.0,0,467.57,0.0,1,1.94,0.04,SPY211126P00414000,414.0,0,0.0,0.0,,0.0,normalDay
2021-11-23,9754.0,192.0,0.0,0,468.19,0.0,1,1.94,0.02,SPY211126P00414000,414.0,0,0.0,0.0,,0.0,normalDay
2021-11-24,9754.0,193.0,0.0,0,469.44,0.0,1,1.94,0.01,SPY211126P00414000,414.0,0,0.0,0.0,,0.0,normalDay
2021-11-26,9948.0,0.0,194.0,0,458.97,0.0,1,1.94,0.0,SPY211126P00414000,414.0,0,0.0,0.0,,0.0,expirationDay
2021-11-29,9948.0,-5.0,0.0,0,464.6,0.0,1,8.91,8.96,SPY220121P00452000,452.0,0,0.0,0.0,,0.0,normalDay
2021-11-30,9948.0,-345.0,0.0,0,455.56,0.0,1,8.91,12.36,SPY220121P00452000,452.0,0,0.0,0.0,,0.0,normalDay
2021-12-01,9948.0,-829.0,0.0,0,450.5,0.0,1,8.91,17.2,SPY220121P00452000,452.0,0,0.0,0.0,,0.0,normalDay
2021-12-02,9948.0,-373.0,0.0,0,457.4,0.0,1,8.91,12.64,SPY220121P00452000,452.0,0,0.0,0.0,,0.0,normalDay
2021-12-03,9948.0,-587.0,0.0,0,453.42,0.0,1,8.91,14.78,SPY220121P00452000,452.0,0,0.0,0.0,,0.0,normalDay
2021-12-06,9948.0,-241.0,0.0,0,458.79,0.0,1,8.91,11.32,SPY220121P00452000,452.0,0,0.0,0.0,,0.0,normalDay
2021-12-07,9948.0,195.0,0.0,0,468.28,0.0,1,8.91,6.96,SPY220121P00452000,452.0,0,0.0,0.0,,0.0,normalDay
2021-12-08,9948.0,298.0,0.0,0,469.52,0.0,1,8.91,5.93,SPY220121P00452000,452.0,0,0.0,0.0,,0.0,normalDay
2021-12-09,9948.0,199.0,0.0,0,466.35,0.0,1,8.91,6.92,SPY220121P00452000,452.0,0,0.0,0.0,,0.0,normalDay
2021-12-10,9948.0,382.0,0.0,0,470.74,0.0,1,8.91,5.09,SPY220121P00452000,452.0,0,0.0,0.0,,0.0,normalDay
2021-12-13,9948.0,270.0,0.0,0,466.57,0.0,1,8.91,6.21,SPY220121P00452000,452.0,0,0.0,0.0,,0.0,normalDay
2021-12-14,9948.0,146.0,0.0,0,463.36,0.0,1,8.91,7.45,SPY220121P00452000,452.0,0,0.0,0.0,,0.0,normalDay
2021-12-15,9948.0,424.0,0.0,0,470.6,0.0,1,8.91,4.67,SPY220121P00452000,452.0,0,0.0,0.0,,0.0,normalDay
2021-12-16,9948.0,319.0,0.0,0,466.45,0.0,1,8.91,5.72,SPY220121P00452000,452.0,0,0.0,0.0,,0.0,normalDay
2021-12-17,9948.0,149.0,0.0,0,459.87,0.0,1,8.91,7.42,SPY220121P00452000,452.0,0,0.0,0.0,,0.0,normalDay
2021-12-20,9948.0,-21.0,0.0,0,454.98,0.0,1,8.91,9.12,SPY220121P00452000,452.0,0,0.0,0.0,,0.0,normalDay
2021-12-21,9948.0,290.0,0.0,0,463.06,0.0,1,8.91,6.01,SPY220121P00452000,452.0,0,0.0,0.0,,0.0,normalDay
2021-12-22,9948.0,492.0,0.0,0,467.69,0.0,1,8.91,3.99,SPY220121P00452000,452.0,0,0.0,0.0,,0.0,normalDay
2021-12-23,9948.0,586.0,0.0,0,470.6,0.0,1,8.91,3.05,SPY220121P00452000,452.0,0,0.0,0.0,,0.0,normalDay
2021-12-27,9948.0,713.0,0.0,0,477.26,0.0,1,8.91,1.78,SPY220121P00452000,452.0,0,0.0,0.0,,0.0,normalDay
2021-12-28,9948.0,726.0,0.0,0,476.87,0.0,1,8.91,1.65,SPY220121P00452000,452.0,0,0.0,0.0,,0.0,normalDay
2021-12-29,9948.0,758.0,0.0,0,477.48,0.0,1,8.91,1.33,SPY220121P00452000,452.0,0,0.0,0.0,,0.0,normalDay
2021-12-30,9948.0,742.0,0.0,0,476.16,0.0,1,8.91,1.49,SPY220121P00452000,452.0,0,0.0,0.0,,0.0,normalDay
2021-12-31,9948.0,751.0,0.0,0,474.96,0.0,1,8.91,1.4,SPY220121P00452000,452.0,0,0.0,0.0,,0.0,normalDay
2022-01-03,9948.0,803.0,0.0,0,477.71,0.0,1,8.91,0.88,SPY220121P00452000,452.0,0,0.0,0.0,,0.0,normalDay
2022-01-04,9948.0,804.0,0.0,0,477.55,0.0,1,8.91,0.87,SPY220121P00452000,452.0,0,0.0,0.0,,0.0,normalDay
2022-01-05,9948.0,663.0,0.0,0,468.38,0.0,1,8.91,2.28,SPY220121P00452000,452.0,0,0.0,0.0,,0.0,normalDay
2022-01-06,9948.0,684.0,0.0,0,467.94,0.0,1,8.91,2.07,SPY220121P00452000,452.0,0,0.0,0.0,,0.0,normalDay
2022-01-07,9948.0,718.0,0.0,0,466.09,0.0,1,8.91,1.73,SPY220121P00452000,452.0,0,0.0,0.0,,0.0,normalDay
2022-01-10,9948.0,713.0,0.0,0,465.51,0.0,1,8.91,1.78,SPY220121P00452000,452.0,0,0.0,0.0,,0.0,normalDay
2022-01-11,9948.0,788.0,0.0,0,469.75,0.0,1,8.91,1.03,SPY220121P00452000,452.0,0,0.0,0.0,,0.0,normalDay
2022-01-12,9948.0,835.0,0.0,0,471.02,0.0,1,8.91,0.56,SPY220121P00452000,452.0,0,0.0,0.0,,0.0,normalDay
2022-01-13,9948.0,735.0,0.0,0,464.53,0.0,1,8.91,1.56,SPY220121P00452000,452.0,0,0.0,0.0,,0.0,normalDay
2022-01-14,9948.0,795.0,0.0,0,464.72,0.0,1,8.91,0.96,SPY220121P00452000,452.0,0,0.0,0.0,,0.0,normalDay
2022-01-18,9948.0,644.0,0.0,0,456.49,0.0,1,8.91,2.47,SPY220121P00452000,452.0,0,0.0,0.0,,0.0,normalDay
2022-01-19,9948.0,571.0,0.0,0,451.75,0.0,1,8.91,3.2,SPY220121P00452000,452.0,0,0.0,0.0,,0.0,normalDay
2022-01-20,9948.0,272.0,0.0,0,446.75,0.0,1,8.91,6.19,SPY220121P00452000,452.0,0,0.0,0.0,,0.0,normalDay
2022-01-21,10839.0,-1402.0,891.0,100,437.98,452.0,1,8.91,0.0,SPY220121P00452000,452.0,0,0.0,0.0,,0.0,expirationDay
2022-01-24,10839.0,-1464.0,0.0,100,439.84,452.0,0,0.0,0.0,,0.0,1,2.18,4.66,SPY220715C00495000,495.0,normalDay
2022-01-25,10839.0,-1852.0,0.0,100,434.47,452.0,0,0.0,0.0,,0.0,1,2.18,3.17,SPY220715C00495000,495.0,normalDay
2022-01-26,10839.0,-1972.0,0.0,100,433.38,452.0,0,0.0,0.0,,0.0,1,2.18,3.28,SPY220715C00495000,495.0,normalDay
2022-01-27,10839.0,-2126.0,0.0,100,431.24,452.0,0,0.0,0.0,,0.0,1,2.18,2.68,SPY220715C00495000,495.0,normalDay
2022-01-28,10839.0,-1146.0,0.0,100,441.95,452.0,0,0.0,0.0,,0.0,1,2.18,3.59,SPY220715C00495000,495.0,normalDay
2022-01-31,10839.0,-440.0,0.0,100,449.91,452.0,0,0.0,0.0,,0.0,1,2.18,4.49,SPY220715C00495000,495.0,normalDay
2022-02-01,10839.0,-144.0,0.0,100,452.95,452.0,0,0.0,0.0,,0.0,1,2.18,4.57,SPY220715C00495000,495.0,normalDay
2022-02-02,10839.0,242.0,0.0,100,457.35,452.0,0,0.0,0.0,,0.0,1,2.18,5.11,SPY220715C00495000,495.0,normalDay
2022-02-03,10839.0,-770.0,0.0,100,446.6,452.0,0,0.0,0.0,,0.0,1,2.18,4.48,SPY220715C00495000,495.0,normalDay
2022-02-04,10839.0,-520.0,0.0,100,448.7,452.0,0,0.0,0.0,,0.0,1,2.18,4.08,SPY220715C00495000,495.0,normalDay
2022-02-07,10839.0,-640.0,0.0,100,447.26,452.0,0,0.0,0.0,,0.0,1,2.18,3.84,SPY220715C00495000,495.0,normalDay
2022-02-08,10839.0,-304.0,0.0,100,450.94,452.0,0,0.0,0.0,,0.0,1,2.18,4.16,SPY220715C00495000,495.0,normalDay
2022-02-09,10839.0,257.0,0.0,100,457.54,452.0,0,0.0,0.0,,0.0,1,2.18,5.15,SPY220715C00495000,495.0,normalDay
2022-02-10,10839.0,-439.0,0.0,100,449.32,452.0,0,0.0,0.0,,0.0,1,2.18,3.89,SPY220715C00495000,495.0,normalDay
2022-02-11,10839.0,-1227.0,0.0,100,440.46,452.0,0,0.0,0.0,,0.0,1,2.18,2.91,SPY220715C00495000,495.0,normalDay
2022-02-14,10839.0,-1358.0,0.0,100,439.02,452.0,0,0.0,0.0,,0.0,1,2.18,2.78,SPY220715C00495000,495.0,normalDay
2022-02-15,10839.0,-688.0,0.0,100,446.1,452.0,0,0.0,0.0,,0.0,1,2.18,3.16,SPY220715C00495000,495.0,normalDay
2022-02-16,10839.0,-622.0,0.0,100,446.6,452.0,0,0.0,0.0,,0.0,1,2.18,3.0,SPY220715C00495000,495.0,normalDay
2022-02-17,10839.0,-1495.0,0.0,100,437.06,452.0,0,0.0,0.0,,0.0,1,2.18,2.19,SPY220715C00495000,495.0,normalDay
2022-02-18,10839.0,-1783.0,0.0,100,434.23,452.0,0,0.0,0.0,,0.0,1,2.18,2.24,SPY220715C00495000,495.0,normalDay
2022-02-22,10839.0,-2193.0,0.0,100,429.57,452.0,0,0.0,0.0,,0.0,1,2.18,1.68,SPY220715C00495000,495.0,normalDay
2022-02-23,10839.0,-2913.0,0.0,100,421.95,452.0,0,0.0,0.0,,0.0,1,2.18,1.26,SPY220715C00495000,495.0,normalDay
2022-02-24,10839.0,-2305.0,0.0,100,428.3,452.0,0,0.0,0.0,,0.0,1,2.18,1.53,SPY220715C00495000,495.0,normalDay
2022-02-25,10839.0,-1436.0,0.0,100,437.75,452.0,0,0.0,0.0,,0.0,1,2.18,2.29,SPY220715C00495000,495.0,normalDay
2022-02-28,10839.0,-1557.0,0.0,100,436.63,452.0,0,0.0,0.0,,0.0,1,2.18,2.38,SPY220715C00495000,495.0,normalDay
2022-03-01,10839.0,-2187.0,0.0,100,429.98,452.0,0,0.0,0.0,,0.0,1,2.18,2.03,SPY220715C00495000,495.0,normalDay
2022-03-02,10839.0,-1440.0,0.0,100,437.89,452.0,0,0.0,0.0,,0.0,1,2.18,2.47,SPY220715C00495000,495.0,normalDay
2022-03-03,10839.0,-1624.0,0.0,100,435.71,452.0,0,0.0,0.0,,0.0,1,2.18,2.13,SPY220715C00495000,495.0,normalDay
2022-03-04,10839.0,-1949.0,0.0,100,432.17,452.0,0,0.0,0.0,,0.0,1,2.18,1.84,SPY220715C00495000,495.0,normalDay
2022-03-07,10839.0,-3169.0,0.0,100,419.43,452.0,0,0.0,0.0,,0.0,1,2.18,1.3,SPY220715C00495000,495.0,normalDay
2022-03-08,10839.0,-3464.0,0.0,100,416.25,452.0,0,0.0,0.0,,0.0,1,2.18,1.07,SPY220715C00495000,495.0,normalDay
2022-03-09,10839.0,-2404.0,0.0,100,427.41,452.0,0,0.0,0.0,,0.0,1,2.18,1.63,SPY220715C00495000,495.0,normalDay
2022-03-10,10839.0,-2567.0,0.0,100,425.48,452.0,0,0.0,0.0,,0.0,1,2.18,1.33,SPY220715C00495000,495.0,normalDay
2022-03-11,10839.0,-3078.0,0.0,100,420.07,452.0,0,0.0,0.0,,0.0,1,2.18,1.03,SPY220715C00495000,495.0,normalDay
2022-03-14,10839.0,-3377.0,0.0,100,417.0,452.0,0,0.0,0.0,,0.0,1,2.18,0.95,SPY220715C00495000,495.0,normalDay
2022-03-15,10839.0,-2491.0,0.0,100,426.17,452.0,0,0.0,0.0,,0.0,1,2.18,1.26,SPY220715C00495000,495.0,normalDay
2022-03-16,10839.0,-1574.0,0.0,100,435.62,452.0,0,0.0,0.0,,0.0,1,2.18,1.54,SPY220715C00495000,495.0,normalDay
2022-03-17,10839.0,-1041.0,0.0,100,441.07,452.0,0,0.0,0.0,,0.0,1,2.18,1.66,SPY220715C00495000,495.0,normalDay
2022-03-18,10839.0,-715.0,0.0,100,444.52,452.0,0,0.0,0.0,,0.0,1,2.18,1.85,SPY220715C00495000,495.0,normalDay
2022-03-21,10839.0,-712.0,0.0,100,444.39,452.0,0,0.0,0.0,,0.0,1,2.18,1.69,SPY220715C00495000,495.0,normalDay
2022-03-22,10839.0,-246.0,0.0,100,449.59,452.0,0,0.0,0.0,,0.0,1,2.18,2.23,SPY220715C00495000,495.0,normalDay
2022-03-23,10839.0,-758.0,0.0,100,443.8,452.0,0,0.0,0.0,,0.0,1,2.18,1.56,SPY220715C00495000,495.0,normalDay
2022-03-24,10839.0,-143.0,0.0,100,450.49,452.0,0,0.0,0.0,,0.0,1,2.18,2.1,SPY220715C00495000,495.0,normalDay
2022-03-25,10839.0,62.0,0.0,100,452.69,452.0,0,0.0,0.0,,0.0,1,2.18,2.25,SPY220715C00495000,495.0,normalDay
2022-03-28,10839.0,362.0,0.0,100,455.91,452.0,0,0.0,0.0,,0.0,1,2.18,2.47,SPY220715C00495000,495.0,normalDay
2022-03-29,10839.0,848.0,0.0,100,461.55,452.0,0,0.0,0.0,,0.0,1,2.18,3.25,SPY220715C00495000,495.0,normalDay
2022-03-30,10839.0,598.0,0.0,100,458.7,452.0,0,0.0,0.0,,0.0,1,2.18,2.9,SPY220715C00495000,495.0,normalDay
2022-03-31,10839.0,-22.0,0.0,100,451.64,452.0,0,0.0,0.0,,0.0,1,2.18,2.04,SPY220715C00495000,495.0,normalDay
2022-04-01,10839.0,127.0,0.0,100,452.92,452.0,0,0.0,0.0,,0.0,1,2.18,1.83,SPY220715C00495000,495.0,normalDay
2022-04-04,10839.0,495.0,0.0,100,456.8,452.0,0,0.0,0.0,,0.0,1,2.18,2.03,SPY220715C00495000,495.0,normalDay
2022-04-05,10839.0,-39.0,0.0,100,451.03,452.0,0,0.0,0.0,,0.0,1,2.18,1.6,SPY220715C00495000,495.0,normalDay
2022-04-06,10839.0,-451.0,0.0,100,446.52,452.0,0,0.0,0.0,,0.0,1,2.18,1.21,SPY220715C00495000,495.0,normalDay
2022-04-07,10839.0,-238.0,0.0,100,448.77,452.0,0,0.0,0.0,,0.0,1,2.18,1.33,SPY220715C00495000,495.0,normalDay
2022-04-08,10839.0,-342.0,0.0,100,447.57,452.0,0,0.0,0.0,,0.0,1,2.18,1.17,SPY220715C00495000,495.0,normalDay
2022-04-11,10839.0,-1070.0,0.0,100,439.92,452.0,0,0.0,0.0,,0.0,1,2.18,0.8,SPY220715C00495000,495.0,normalDay
2022-04-12,10839.0,-1226.0,0.0,100,438.29,452.0,0,0.0,0.0,,0.0,1,2.18,0.73,SPY220715C00495000,495.0,normalDay
2022-04-13,10839.0,-733.0,0.0,100,443.31,452.0,0,0.0,0.0,,0.0,1,2.18,0.82,SPY220715C00495000,495.0,normalDay
2022-04-14,10839.0,-1264.0,0.0,100,437.79,452.0,0,0.0,0.0,,0.0,1,2.18,0.61,SPY220715C00495000,495.0,normalDay
2022-04-18,10839.0,-1239.0,0.0,100,437.97,452.0,0,0.0,0.0,,0.0,1,2.18,0.54,SPY220715C00495000,495.0,normalDay
2022-04-19,10839.0,-545.0,0.0,100,445.04,452.0,0,0.0,0.0,,0.0,1,2.18,0.67,SPY220715C00495000,495.0,normalDay
2022-04-20,10839.0,-583.0,0.0,100,444.71,452.0,0,0.0,0.0,,0.0,1,2.18,0.72,SPY220715C00495000,495.0,normalDay
2022-04-21,10839.0,-1223.0,0.0,100,438.06,452.0,0,0.0,0.0,,0.0,1,2.18,0.47,SPY220715C00495000,495.0,normalDay
2022-04-22,10839.0,-2405.0,0.0,100,426.04,452.0,0,0.0,0.0,,0.0,1,2.18,0.27,SPY220715C00495000,495.0,normalDay
2022-04-25,10839.0,-2157.0,0.0,100,428.51,452.0,0,0.0,0.0,,0.0,1,2.18,0.26,SPY220715C00495000,495.0,normalDay
2022-04-26,10839.0,-3388.0,0.0,100,416.1,452.0,0,0.0,0.0,,0.0,1,2.18,0.16,SPY220715C00495000,495.0,normalDay
2022-04-27,10839.0,-3272.0,0.0,100,417.27,452.0,0,0.0,0.0,,0.0,1,2.18,0.17,SPY220715C00495000,495.0,normalDay
2022-04-28,10839.0,-2226.0,0.0,100,427.81,452.0,0,0.0,0.0,,0.0,1,2.18,0.25,SPY220715C00495000,495.0,normalDay
2022-04-29,10839.0,-3798.0,0.0,100,412.0,452.0,0,0.0,0.0,,0.0,1,2.18,0.16,SPY220715C00495000,495.0,normalDay
2022-05-02,10839.0,-3551.0,0.0,100,414.48,452.0,0,0.0,0.0,,0.0,1,2.18,0.17,SPY220715C00495000,495.0,normalDay
2022-05-03,10839.0,-3356.0,0.0,100,416.38,452.0,0,0.0,0.0,,0.0,1,2.18,0.12,SPY220715C00495000,495.0,normalDay
2022-05-04,10839.0,-2095.0,0.0,100,429.06,452.0,0,0.0,0.0,,0.0,1,2.18,0.19,SPY220715C00495000,495.0,normalDay
2022-05-05,10839.0,-3613.0,0.0,100,413.81,452.0,0,0.0,0.0,,0.0,1,2.18,0.12,SPY220715C00495000,495.0,normalDay
2022-05-06,10839.0,-3856.0,0.0,100,411.34,452.0,0,0.0,0.0,,0.0,1,2.18,0.08,SPY220715C00495000,495.0,normalDay
2022-05-09,10839.0,-5173.0,0.0,100,398.17,452.0,0,0.0,0.0,,0.0,1,2.18,0.08,SPY220715C00495000,495.0,normalDay
2022-05-10,10839.0,-5078.0,0.0,100,399.09,452.0,0,0.0,0.0,,0.0,1,2.18,0.05,SPY220715C00495000,495.0,normalDay
2022-05-11,10839.0,-5712.0,0.0,100,392.75,452.0,0,0.0,0.0,,0.0,1,2.18,0.05,SPY220715C00495000,495.0,normalDay
2022-05-12,10839.0,-5753.0,0.0,100,392.34,452.0,0,0.0,0.0,,0.0,1,2.18,0.05,SPY220715C00495000,495.0,normalDay
2022-05-13,10839.0,-4815.0,0.0,100,401.72,452.0,0,0.0,0.0,,0.0,1,2.18,0.05,SPY220715C00495000,495.0,normalDay
2022-05-16,10839.0,-4977.0,0.0,100,400.09,452.0,0,0.0,0.0,,0.0,1,2.18,0.04,SPY220715C00495000,495.0,normalDay
2022-05-17,10839.0,-4154.0,0.0,100,408.32,452.0,0,0.0,0.0,,0.0,1,2.18,0.04,SPY220715C00495000,495.0,normalDay
2022-05-18,10839.0,-5799.0,0.0,100,391.86,452.0,0,0.0,0.0,,0.0,1,2.18,0.03,SPY220715C00495000,495.0,normalDay
2022-05-19,10839.0,-6039.0,0.0,100,389.46,452.0,0,0.0,0.0,,0.0,1,2.18,0.03,SPY220715C00495000,495.0,normalDay
2022-05-20,10839.0,-6022.0,0.0,100,389.63,452.0,0,0.0,0.0,,0.0,1,2.18,0.03,SPY220715C00495000,495.0,normalDay
2022-05-23,10839.0,-5294.0,0.0,100,396.92,452.0,0,0.0,0.0,,0.0,1,2.18,0.04,SPY220715C00495000,495.0,normalDay
2022-05-24,10839.0,-5598.0,0.0,100,393.89,452.0,0,0.0,0.0,,0.0,1,2.18,0.05,SPY220715C00495000,495.0,normalDay
2022-05-25,10839.0,-5250.0,0.0,100,397.37,452.0,0,0.0,0.0,,0.0,1,2.18,0.05,SPY220715C00495000,495.0,normalDay
2022-05-26,10839.0,-4457.0,0.0,100,405.31,452.0,0,0.0,0.0,,0.0,1,2.18,0.06,SPY220715C00495000,495.0,normalDay
2022-05-27,10839.0,-3464.0,0.0,100,415.26,452.0,0,0.0,0.0,,0.0,1,2.18,0.08,SPY220715C00495000,495.0,normalDay
2022-05-31,10839.0,-3694.0,0.0,100,412.93,452.0,0,0.0,0.0,,0.0,1,2.18,0.05,SPY220715C00495000,495.0,normalDay
2022-06-01,10839.0,-4027.0,0.0,100,409.59,452.0,0,0.0,0.0,,0.0,1,2.18,0.04,SPY220715C00495000,495.0,normalDay
2022-06-02,10839.0,-3248.0,0.0,100,417.39,452.0,0,0.0,0.0,,0.0,1,2.18,0.05,SPY220715C00495000,495.0,normalDay
2022-06-03,10839.0,-3933.0,0.0,100,410.54,452.0,0,0.0,0.0,,0.0,1,2.18,0.05,SPY220715C00495000,495.0,normalDay
2022-06-06,10839.0,-3806.0,0.0,100,411.79,452.0,0,0.0,0.0,,0.0,1,2.18,0.03,SPY220715C00495000,495.0,normalDay
2022-06-07,10839.0,-3411.0,0.0,100,415.74,452.0,0,0.0,0.0,,0.0,1,2.18,0.03,SPY220715C00495000,495.0,normalDay
2022-06-08,10839.0,-3863.0,0.0,100,411.22,452.0,0,0.0,0.0,,0.0,1,2.18,0.03,SPY220715C00495000,495.0,normalDay
2022-06-09,10839.0,-4841.0,0.0,100,401.44,452.0,0,0.0,0.0,,0.0,1,2.18,0.03,SPY220715C00495000,495.0,normalDay
2022-06-10,10839.0,-6004.0,0.0,100,389.8,452.0,0,0.0,0.0,,0.0,1,2.18,0.02,SPY220715C00495000,495.0,normalDay
2022-06-13,10839.0,-7484.0,0.0,100,375.0,452.0,0,0.0,0.0,,0.0,1,2.18,0.02,SPY220715C00495000,495.0,normalDay
2022-06-14,10839.0,-7597.0,0.0,100,373.87,452.0,0,0.0,0.0,,0.0,1,2.18,0.02,SPY220715C00495000,495.0,normalDay
2022-06-15,10839.0,-7064.0,0.0,100,379.2,452.0,0,0.0,0.0,,0.0,1,2.18,0.02,SPY220715C00495000,495.0,normalDay
2022-06-16,10839.0,-8319.0,0.0,100,366.65,452.0,0,0.0,0.0,,0.0,1,2.18,0.02,SPY220715C00495000,495.0,normalDay
2022-06-17,10839.0,-8398.0,0.0,100,365.86,452.0,0,0.0,0.0,,0.0,1,2.18,0.02,SPY220715C00495000,495.0,normalDay
2022-06-21,10839.0,-7477.0,0.0,100,375.07,452.0,0,0.0,0.0,,0.0,1,2.18,0.02,SPY220715C00495000,495.0,normalDay
2022-06-22,10839.0,-7545.0,0.0,100,374.39,452.0,0,0.0,0.0,,0.0,1,2.18,0.02,SPY220715C00495000,495.0,normalDay
2022-06-23,10839.0,-7177.0,0.0,100,378.06,452.0,0,0.0,0.0,,0.0,1,2.18,0.01,SPY220715C00495000,495.0,normalDay
2022-06-24,10839.0,-5975.0,0.0,100,390.08,452.0,0,0.0,0.0,,0.0,1,2.18,0.01,SPY220715C00495000,495.0,normalDay
2022-06-27,10839.0,-6124.0,0.0,100,388.59,452.0,0,0.0,0.0,,0.0,1,2.18,0.01,SPY220715C00495000,495.0,normalDay
2022-06-28,10839.0,-6918.0,0.0,100,380.65,452.0,0,0.0,0.0,,0.0,1,2.18,0.01,SPY220715C00495000,495.0,normalDay
2022-06-29,10839.0,-6949.0,0.0,100,380.34,452.0,0,0.0,0.0,,0.0,1,2.18,0.01,SPY220715C00495000,495.0,normalDay
2022-06-30,10839.0,-7258.0,0.0,100,377.25,452.0,0,0.0,0.0,,0.0,1,2.18,0.01,SPY220715C00495000,495.0,normalDay
2022-07-01,10839.0,-6859.0,0.0,100,381.24,452.0,0,0.0,0.0,,0.0,1,2.18,0.01,SPY220715C00495000,495.0,normalDay
2022-07-05,10839.0,-6787.0,0.0,100,381.96,452.0,0,0.0,0.0,,0.0,1,2.18,0.01,SPY220715C00495000,495.0,normalDay
2022-07-06,10839.0,-6658.0,0.0,100,383.25,452.0,0,0.0,0.0,,0.0,1,2.18,0.01,SPY220715C00495000,495.0,normalDay
2022-07-07,10839.0,-6084.0,0.0,100,388.99,452.0,0,0.0,0.0,,0.0,1,2.18,0.01,SPY220715C00495000,495.0,normalDay
2022-07-08,10839.0,-6116.0,0.0,100,388.67,452.0,0,0.0,0.0,,0.0,1,2.18,0.01,SPY220715C00495000,495.0,normalDay
2022-07-11,10839.0,-6560.0,0.0,100,384.23,452.0,0,0.0,0.0,,0.0,1,2.18,0.01,SPY220715C00495000,495.0,normalDay
2022-07-12,10839.0,-6900.0,0.0,100,380.83,452.0,0,0.0,0.0,,0.0,1,2.18,0.01,SPY220715C00495000,495.0,normalDay
2022-07-13,10839.0,-7100.0,0.0,100,378.83,452.0,0,0.0,0.0,,0.0,1,2.18,0.01,SPY220715C00495000,495.0,normalDay
2022-07-14,10839.0,-7192.0,0.0,100,377.91,452.0,0,0.0,0.0,,0.0,1,2.18,0.01,SPY220715C00495000,495.0,normalDay
2022-07-15,11057.0,-6687.0,218.0,100,385.13,452.0,0,0.0,0.0,,0.0,1,2.18,0.0,SPY220715C00495000,495.0,expirationDay
2022-07-18,11057.0,-7018.0,0.0,100,381.95,452.0,0,0.0,0.0,,0.0,1,20.38,20.51,SPY230120C00395000,395.0,normalDay
2022-07-19,11057.0,-6570.0,0.0,100,392.27,452.0,0,0.0,0.0,,0.0,1,20.38,26.35,SPY230120C00395000,395.0,normalDay
2022-07-20,11057.0,-6442.0,0.0,100,394.77,452.0,0,0.0,0.0,,0.0,1,20.38,27.57,SPY230120C00395000,395.0,normalDay
2022-07-21,11057.0,-6215.0,0.0,100,398.79,452.0,0,0.0,0.0,,0.0,1,20.38,29.32,SPY230120C00395000,395.0,normalDay
2022-07-22,11057.0,-6329.0,0.0,100,395.09,452.0,0,0.0,0.0,,0.0,1,20.38,26.76,SPY230120C00395000,395.0,normalDay
2022-07-25,11057.0,-6336.0,0.0,100,395.57,452.0,0,0.0,0.0,,0.0,1,20.38,27.31,SPY230120C00395000,395.0,normalDay
2022-07-26,11057.0,-6572.0,0.0,100,390.89,452.0,0,0.0,0.0,,0.0,1,20.38,24.99,SPY230120C00395000,395.0,normalDay
2022-07-27,11057.0,-6015.0,0.0,100,401.04,452.0,0,0.0,0.0,,0.0,1,20.38,29.57,SPY230120C00395000,395.0,normalDay
2022-07-28,11057.0,-5953.0,0.0,100,406.07,452.0,0,0.0,0.0,,0.0,1,20.38,33.98,SPY230120C00395000,395.0,normalDay
2022-07-29,11057.0,-5657.0,0.0,100,411.99,452.0,0,0.0,0.0,,0.0,1,20.38,36.94,SPY230120C00395000,395.0,normalDay
2022-08-01,11057.0,-5752.0,0.0,100,410.77,452.0,0,0.0,0.0,,0.0,1,20.38,36.67,SPY230120C00395000,395.0,normalDay
2022-08-02,11057.0,-5859.0,0.0,100,408.06,452.0,0,0.0,0.0,,0.0,1,20.38,35.03,SPY230120C00395000,395.0,normalDay
2022-08-03,11057.0,-5571.0,0.0,100,414.45,452.0,0,0.0,0.0,,0.0,1,20.38,38.54,SPY230120C00395000,395.0,normalDay
2022-08-04,11057.0,-5613.0,0.0,100,414.17,452.0,0,0.0,0.0,,0.0,1,20.38,38.68,SPY230120C00395000,395.0,normalDay
2022-08-05,11057.0,-5587.0,0.0,100,413.47,452.0,0,0.0,0.0,,0.0,1,20.38,37.72,SPY230120C00395000,395.0,normalDay
2022-08-08,11057.0,-5628.0,0.0,100,412.99,452.0,0,0.0,0.0,,0.0,1,20.38,37.65,SPY230120C00395000,395.0,normalDay
2022-08-09,11057.0,-5689.0,0.0,100,411.35,452.0,0,0.0,0.0,,0.0,1,20.38,36.62,SPY230120C00395000,395.0,normalDay
2022-08-10,11057.0,-5353.0,0.0,100,419.99,452.0,0,0.0,0.0,,0.0,1,20.38,41.9,SPY230120C00395000,395.0,normalDay
2022-08-11,11057.0,-5400.0,0.0,100,419.99,452.0,0,0.0,0.0,,0.0,1,20.38,42.37,SPY230120C00395000,395.0,normalDay
2022-08-12,11057.0,-5129.0,0.0,100,427.1,452.0,0,0.0,0.0,,0.0,1,20.38,46.77,SPY230120C00395000,395.0,normalDay
2022-08-15,11057.0,-5092.0,0.0,100,428.86,452.0,0,0.0,0.0,,0.0,1,20.38,48.16,SPY230120C00395000,395.0,normalDay
2022-08-16,11057.0,-5060.0,0.0,100,429.7,452.0,0,0.0,0.0,,0.0,1,20.38,48.68,SPY230120C00395000,395.0,normalDay
2022-08-17,11057.0,-5188.0,0.0,100,426.65,452.0,0,0.0,0.0,,0.0,1,20.38,46.91,SPY230120C00395000,395.0,normalDay
2022-08-18,11057.0,-5096.0,0.0,100,427.89,452.0,0,0.0,0.0,,0.0,1,20.38,47.23,SPY230120C00395000,395.0,normalDay
2022-08-19,11057.0,-5273.0,0.0,100,422.14,452.0,0,0.0,0.0,,0.0,1,20.38,43.25,SPY230120C00395000,395.0,normalDay
2022-08-22,11057.0,-5572.0,0.0,100,413.35,452.0,0,0.0,0.0,,0.0,1,20.38,37.45,SPY230120C00395000,395.0,normalDay
2022-08-23,11057.0,-5532.0,0.0,100,412.35,452.0,0,0.0,0.0,,0.0,1,20.38,36.05,SPY230120C00395000,395.0,normalDay
2022-08-24,11057.0,-5457.0,0.0,100,413.67,452.0,0,0.0,0.0,,0.0,1,20.38,36.62,SPY230120C00395000,395.0,normalDay
2022-08-25,11057.0,-5225.0,0.0,100,419.51,452.0,0,0.0,0.0,,0.0,1,20.38,40.14,SPY230120C00395000,395.0,normalDay
2022-08-26,11057.0,-5735.0,0.0,100,405.31,452.0,0,0.0,0.0,,0.0,1,20.38,31.04,SPY230120C00395000,395.0,normalDay
2022-08-29,11057.0,-5835.0,0.0,100,402.63,452.0,0,0.0,0.0,,0.0,1,20.38,29.36,SPY230120C00395000,395.0,normalDay
2022-08-30,11057.0,-5989.0,0.0,100,398.21,452.0,0,0.0,0.0,,0.0,1,20.38,26.48,SPY230120C00395000,395.0,normalDay
2022-08-31,11057.0,-6078.0,0.0,100,395.18,452.0,0,0.0,0.0,,0.0,1,20.38,24.34,SPY230120C00395000,395.0,normalDay
2022-09-01,11057.0,-5985.0,0.0,100,396.42,452.0,0,0.0,0.0,,0.0,1,20.38,24.65,SPY230120C00395000,395.0,normalDay
2022-09-02,11057.0,-6165.0,0.0,100,392.24,452.0,0,0.0,0.0,,0.0,1,20.38,22.27,SPY230120C00395000,395.0,normalDay
2022-09-06,11057.0,-6189.0,0.0,100,390.76,452.0,0,0.0,0.0,,0.0,1,20.38,21.03,SPY230120C00395000,395.0,normalDay
2022-09-07,11057.0,-5847.0,0.0,100,397.78,452.0,0,0.0,0.0,,0.0,1,20.38,24.63,SPY230120C00395000,395.0,normalDay
2022-09-08,11057.0,-5738.0,0.0,100,400.38,452.0,0,0.0,0.0,,0.0,1,20.38,26.14,SPY230120C00395000,395.0,normalDay
2022-09-09,11057.0,-5456.0,0.0,100,406.6,452.0,0,0.0,0.0,,0.0,1,20.38,29.54,SPY230120C00395000,395.0,normalDay
2022-09-12,11057.0,-5358.0,0.0,100,410.97,452.0,0,0.0,0.0,,0.0,1,20.38,32.93,SPY230120C00395000,395.0,normalDay
2022-09-13,11057.0,-6114.0,0.0,100,393.1,452.0,0,0.0,0.0,,0.0,1,20.38,22.62,SPY230120C00395000,395.0,normalDay
2022-09-14,11057.0,-5975.0,0.0,100,394.6,452.0,0,0.0,0.0,,0.0,1,20.38,22.73,SPY230120C00395000,395.0,normalDay
2022-09-15,11057.0,-6191.0,0.0,100,390.12,452.0,0,0.0,0.0,,0.0,1,20.38,20.41,SPY230120C00395000,395.0,normalDay
2022-09-16,11057.0,-6462.0,0.0,100,385.56,452.0,0,0.0,0.0,,0.0,1,20.38,18.56,SPY230120C00395000,395.0,normalDay
2022-09-19,11057.0,-6262.0,0.0,100,388.55,452.0,0,0.0,0.0,,0.0,1,20.38,19.55,SPY230120C00395000,395.0,normalDay
2022-09-20,11057.0,-6514.0,0.0,100,384.09,452.0,0,0.0,0.0,,0.0,1,20.38,17.61,SPY230120C00395000,395.0,normalDay
2022-09-21,11057.0,-6842.0,0.0,100,377.39,452.0,0,0.0,0.0,,0.0,1,20.38,14.19,SPY230120C00395000,395.0,normalDay
2022-09-22,11057.0,-6995.0,0.0,100,374.22,452.0,0,0.0,0.0,,0.0,1,20.38,12.55,SPY230120C00395000,395.0,normalDay
2022-09-23,11057.0,-7400.0,0.0,100,367.95,452.0,0,0.0,0.0,,0.0,1,20.38,10.33,SPY230120C00395000,395.0,normalDay
2022-09-26,11057.0,-7642.0,0.0,100,364.31,452.0,0,0.0,0.0,,0.0,1,20.38,9.11,SPY230120C00395000,395.0,normalDay
2022-09-27,11057.0,-7704.0,0.0,100,363.38,452.0,0,0.0,0.0,,0.0,1,20.38,8.8,SPY230120C00395000,395.0,normalDay
2022-09-28,11057.0,-7195.0,0.0,100,370.53,452.0,0,0.0,0.0,,0.0,1,20.38,10.86,SPY230120C00395000,395.0,normalDay
2022-09-29,11057.0,-7698.0,0.0,100,362.79,452.0,0,0.0,0.0,,0.0,1,20.38,8.15,SPY230120C00395000,395.0,normalDay
2022-09-30,11057.0,-8083.0,0.0,100,357.18,452.0,0,0.0,0.0,,0.0,1,20.38,6.39,SPY230120C00395000,395.0,normalDay
2022-10-03,11057.0,-7384.0,0.0,100,366.61,452.0,0,0.0,0.0,,0.0,1,20.38,8.83,SPY230120C00395000,395.0,normalDay
2022-10-04,11057.0,-6666.0,0.0,100,377.97,452.0,0,0.0,0.0,,0.0,1,20.38,13.01,SPY230120C00395000,395.0,normalDay
2022-10-05,11057.0,-6724.0,0.0,100,377.09,452.0,0,0.0,0.0,,0.0,1,20.38,12.71,SPY230120C00395000,395.0,normalDay
2022-10-06,11057.0,-6968.0,0.0,100,373.2,452.0,0,0.0,0.0,,0.0,1,20.38,11.26,SPY230120C00395000,395.0,normalDay
2022-10-07,11057.0,-7620.0,0.0,100,362.79,452.0,0,0.0,0.0,,0.0,1,20.38,7.37,SPY230120C00395000,395.0,normalDay
2022-10-10,11057.0,-7861.0,0.0,100,360.02,452.0,0,0.0,0.0,,0.0,1,20.38,7.01,SPY230120C00395000,395.0,normalDay
2022-10-11,11057.0,-8041.0,0.0,100,357.74,452.0,0,0.0,0.0,,0.0,1,20.38,6.53,SPY230120C00395000,395.0,normalDay
2022-10-12,11057.0,-8129.0,0.0,100,356.56,452.0,0,0.0,0.0,,0.0,1,20.38,6.23,SPY230120C00395000,395.0,normalDay
2022-10-13,11057.0,-7452.0,0.0,100,365.97,452.0,0,0.0,0.0,,0.0,1,20.38,8.87,SPY230120C00395000,395.0,normalDay
2022-10-14,11057.0,-8023.0,0.0,100,357.63,452.0,0,0.0,0.0,,0.0,1,20.38,6.24,SPY230120C00395000,395.0,normalDay
2022-10-17,11057.0,-7377.0,0.0,100,366.82,452.0,0,0.0,0.0,,0.0,1,20.38,8.97,SPY230120C00395000,395.0,normalDay
2022-10-18,11057.0,-7092.0,0.0,100,371.13,452.0,0,0.0,0.0,,0.0,1,20.38,10.43,SPY230120C00395000,395.0,normalDay
2022-10-19,11057.0,-7211.0,0.0,100,368.5,452.0,0,0.0,0.0,,0.0,1,20.38,8.99,SPY230120C00395000,395.0,normalDay
2022-10-20,11057.0,-7403.0,0.0,100,365.41,452.0,0,0.0,0.0,,0.0,1,20.38,7.82,SPY230120C00395000,395.0,normalDay
2022-10-21,11057.0,-6838.0,0.0,100,374.29,452.0,0,0.0,0.0,,0.0,1,20.38,11.05,SPY230120C00395000,395.0,normalDay
2022-10-24,11057.0,-6554.0,0.0,100,378.87,452.0,0,0.0,0.0,,0.0,1,20.38,12.79,SPY230120C00395000,395.0,normalDay
2022-10-25,11057.0,-6097.0,0.0,100,384.92,452.0,0,0.0,0.0,,0.0,1,20.38,14.27,SPY230120C00395000,395.0,normalDay
2022-10-26,11057.0,-6301.0,0.0,100,382.02,452.0,0,0.0,0.0,,0.0,1,20.38,13.41,SPY230120C00395000,395.0,normalDay
2022-10-27,11057.0,-6191.0,0.0,100,379.98,452.0,0,0.0,0.0,,0.0,1,20.38,10.27,SPY230120C00395000,395.0,normalDay
2022-10-28,11057.0,-5843.0,0.0,100,389.02,452.0,0,0.0,0.0,,0.0,1,20.38,15.83,SPY230120C00395000,395.0,normalDay
2022-10-31,11057.0,-5942.0,0.0,100,386.21,452.0,0,0.0,0.0,,0.0,1,20.38,14.01,SPY230120C00395000,395.0,normalDay
2022-11-01,11057.0,-5987.0,0.0,100,384.52,452.0,0,0.0,0.0,,0.0,1,20.38,12.77,SPY230120C00395000,395.0,normalDay
2022-11-02,11057.0,-6545.0,0.0,100,374.87,452.0,0,0.0,0.0,,0.0,1,20.38,8.7,SPY230120C00395000,395.0,normalDay
2022-11-03,11057.0,-6777.0,0.0,100,371.01,452.0,0,0.0,0.0,,0.0,1,20.38,7.16,SPY230120C00395000,395.0,normalDay
2022-11-04,11057.0,-6402.0,0.0,100,376.35,452.0,0,0.0,0.0,,0.0,1,20.38,8.75,SPY230120C00395000,395.0,normalDay
2022-11-07,11057.0,-6146.0,0.0,100,379.95,452.0,0,0.0,0.0,,0.0,1,20.38,9.79,SPY230120C00395000,395.0,normalDay
2022-11-08,11057.0,-6024.0,0.0,100,382.0,452.0,0,0.0,0.0,,0.0,1,20.38,10.62,SPY230120C00395000,395.0,normalDay
2022-11-09,11057.0,-6533.0,0.0,100,374.13,452.0,0,0.0,0.0,,0.0,1,20.38,7.84,SPY230120C00395000,395.0,normalDay
2022-11-10,11057.0,-5377.0,0.0,100,394.69,452.0,0,0.0,0.0,,0.0,1,20.38,16.84,SPY230120C00395000,395.0,normalDay
2022-11-11,11057.0,-5126.0,0.0,100,398.51,452.0,0,0.0,0.0,,0.0,1,20.38,18.15,SPY230120C00395000,395.0,normalDay
2022-11-14,11057.0,-5284.0,0.0,100,395.12,452.0,0,0.0,0.0,,0.0,1,20.38,16.34,SPY230120C00395000,395.0,normalDay
2022-11-15,11057.0,-5119.0,0.0,100,398.49,452.0,0,0.0,0.0,,0.0,1,20.38,18.06,SPY230120C00395000,395.0,normalDay
2022-11-16,11057.0,-5211.0,0.0,100,395.45,452.0,0,0.0,0.0,,0.0,1,20.38,15.94,SPY230120C00395000,395.0,normalDay
2022-11-17,11057.0,-5227.0,0.0,100,394.24,452.0,0,0.0,0.0,,0.0,1,20.38,14.89,SPY230120C00395000,395.0,normalDay
2022-11-18,11057.0,-5086.0,0.0,100,396.03,452.0,0,0.0,0.0,,0.0,1,20.38,15.27,SPY230120C00395000,395.0,normalDay
2022-11-21,11057.0,-5101.0,0.0,100,394.59,452.0,0,0.0,0.0,,0.0,1,20.38,13.98,SPY230120C00395000,395.0,normalDay
2022-11-22,11057.0,-4814.0,0.0,100,399.9,452.0,0,0.0,0.0,,0.0,1,20.38,16.42,SPY230120C00395000,395.0,normalDay
2022-11-23,11057.0,-4685.0,0.0,100,402.42,452.0,0,0.0,0.0,,0.0,1,20.38,17.65,SPY230120C00395000,395.0,normalDay
2022-11-25,11057.0,-4699.0,0.0,100,402.33,452.0,0,0.0,0.0,,0.0,1,20.38,17.7,SPY230120C00395000,395.0,normalDay
2022-11-28,11057.0,-4949.0,0.0,100,395.91,452.0,0,0.0,0.0,,0.0,1,20.38,13.78,SPY230120C00395000,395.0,normalDay
2022-11-29,11057.0,-4934.0,0.0,100,395.23,452.0,0,0.0,0.0,,0.0,1,20.38,12.95,SPY230120C00395000,395.0,normalDay
2022-11-30,11057.0,-4474.0,0.0,100,407.68,452.0,0,0.0,0.0,,0.0,1,20.38,20.8,SPY230120C00395000,395.0,normalDay
2022-12-01,11057.0,-4405.0,0.0,100,407.38,452.0,0,0.0,0.0,,0.0,1,20.38,19.81,SPY230120C00395000,395.0,normalDay
2022-12-02,11057.0,-4364.0,0.0,100,406.91,452.0,0,0.0,0.0,,0.0,1,20.38,18.93,SPY230120C00395000,395.0,normalDay
2022-12-05,11057.0,-4637.0,0.0,100,399.59,452.0,0,0.0,0.0,,0.0,1,20.38,14.34,SPY230120C00395000,395.0,normalDay
2022-12-06,11057.0,-4924.0,0.0,100,393.83,452.0,0,0.0,0.0,,0.0,1,20.38,11.45,SPY230120C00395000,395.0,normalDay
2022-12-07,11057.0,-4952.0,0.0,100,393.16,452.0,0,0.0,0.0,,0.0,1,20.38,11.06,SPY230120C00395000,395.0,normalDay
2022-12-08,11057.0,-4773.0,0.0,100,396.24,452.0,0,0.0,0.0,,0.0,1,20.38,12.35,SPY230120C00395000,395.0,normalDay
2022-12-09,11057.0,-4910.0,0.0,100,393.28,452.0,0,0.0,0.0,,0.0,1,20.38,10.76,SPY230120C00395000,395.0,normalDay
2022-12-12,11057.0,-4661.0,0.0,100,398.95,452.0,0,0.0,0.0,,0.0,1,20.38,13.94,SPY230120C00395000,395.0,normalDay
2022-12-13,11057.0,-4464.0,0.0,100,401.97,452.0,0,0.0,0.0,,0.0,1,20.38,14.99,SPY230120C00395000,395.0,normalDay
2022-12-14,11057.0,-4513.0,0.0,100,399.4,452.0,0,0.0,0.0,,0.0,1,20.38,12.91,SPY230120C00395000,395.0,normalDay
2022-12-15,11057.0,-4924.0,0.0,100,389.63,452.0,0,0.0,0.0,,0.0,1,20.38,7.25,SPY230120C00395000,395.0,normalDay
2022-12-16,11057.0,-5341.0,0.0,100,383.27,452.0,0,0.0,0.0,,0.0,1,20.38,5.06,SPY230120C00395000,395.0,normalDay
2022-12-19,11057.0,-5519.0,0.0,100,380.02,452.0,0,0.0,0.0,,0.0,1,20.38,3.59,SPY230120C00395000,395.0,normalDay
2022-12-20,11057.0,-5460.0,0.0,100,380.54,452.0,0,0.0,0.0,,0.0,1,20.38,3.52,SPY230120C00395000,395.0,normalDay
2022-12-21,11057.0,-5040.0,0.0,100,386.23,452.0,0,0.0,0.0,,0.0,1,20.38,5.01,SPY230120C00395000,395.0,normalDay
2022-12-22,11057.0,-5432.0,0.0,100,380.72,452.0,0,0.0,0.0,,0.0,1,20.38,3.42,SPY230120C00395000,395.0,normalDay
2022-12-23,11057.0,-5234.0,0.0,100,382.91,452.0,0,0.0,0.0,,0.0,1,20.38,3.63,SPY230120C00395000,395.0,normalDay
2022-12-27,11057.0,-5329.0,0.0,100,381.4,452.0,0,0.0,0.0,,0.0,1,20.38,3.07,SPY230120C00395000,395.0,normalDay
2022-12-28,11057.0,-5688.0,0.0,100,376.66,452.0,0,0.0,0.0,,0.0,1,20.38,1.92,SPY230120C00395000,395.0,normalDay
2022-12-29,11057.0,-5140.0,0.0,100,383.44,452.0,0,0.0,0.0,,0.0,1,20.38,3.22,SPY230120C00395000,395.0,normalDay
2022-12-30,11057.0,-5204.0,0.0,100,382.43,452.0,0,0.0,0.0,,0.0,1,20.38,2.85,SPY230120C00395000,395.0,normalDay
2023-01-03,11057.0,-5276.0,0.0,100,380.82,452.0,0,0.0,0.0,,0.0,1,20.38,1.96,SPY230120C00395000,395.0,normalDay
2023-01-04,11057.0,-5036.0,0.0,100,383.76,452.0,0,0.0,0.0,,0.0,1,20.38,2.5,SPY230120C00395000,395.0,normalDay
2023-01-05,11057.0,-5369.0,0.0,100,379.38,452.0,0,0.0,0.0,,0.0,1,20.38,1.45,SPY230120C00395000,395.0,normalDay
2023-01-06,11057.0,-4667.0,0.0,100,388.08,452.0,0,0.0,0.0,,0.0,1,20.38,3.13,SPY230120C00395000,395.0,normalDay
2023-01-09,11057.0,-4670.0,0.0,100,387.86,452.0,0,0.0,0.0,,0.0,1,20.38,2.94,SPY230120C00395000,395.0,normalDay
2023-01-10,11057.0,-4464.0,0.0,100,390.58,452.0,0,0.0,0.0,,0.0,1,20.38,3.6,SPY230120C00395000,395.0,normalDay
2023-01-11,11057.0,-4215.0,0.0,100,395.52,452.0,0,0.0,0.0,,0.0,1,20.38,6.05,SPY230120C00395000,395.0,normalDay
2023-01-12,11057.0,-3975.0,0.0,100,396.96,452.0,0,0.0,0.0,,0.0,1,20.38,5.09,SPY230120C00395000,395.0,normalDay
2023-01-13,11057.0,-3825.0,0.0,100,398.5,452.0,0,0.0,0.0,,0.0,1,20.38,5.13,SPY230120C00395000,395.0,normalDay
2023-01-17,11057.0,-3826.0,0.0,100,397.77,452.0,0,0.0,0.0,,0.0,1,20.38,4.41,SPY230120C00395000,395.0,normalDay
2023-01-18,11057.0,-4098.0,0.0,100,391.49,452.0,0,0.0,0.0,,0.0,1,20.38,0.85,SPY230120C00395000,395.0,normalDay
2023-01-19,11057.0,-4313.0,0.0,100,388.64,452.0,0,0.0,0.0,,0.0,1,20.38,0.15,SPY230120C00395000,395.0,normalDay
2023-01-20,7395.0,-4313.0,-3662.0,0,395.88,0.0,0,0.0,0.0,,0.0,1,20.38,0.0,SPY230120C00395000,395.0,expirationDay
2023-01-23,7395.0,-3.0,0.0,0,400.63,0.0,1,1.72,1.75,SPY230317P00356000,356.0,0,0.0,0.0,,0.0,normalDay
2023-01-24,7395.0,16.0,0.0,0,400.2,0.0,1,1.72,1.56,SPY230317P00356000,356.0,0,0.0,0.0,,0.0,normalDay
2023-01-25,7395.0,15.0,0.0,0,400.35,0.0,1,1.72,1.57,SPY230317P00356000,356.0,0,0.0,0.0,,0.0,normalDay
2023-01-26,7395.0,45.0,0.0,0,404.75,0.0,1,1.72,1.27,SPY230317P00356000,356.0,0,0.0,0.0,,0.0,normalDay
2023-01-27,7395.0,54.0,0.0,0,405.68,0.0,1,1.72,1.18,SPY230317P00356000,356.0,0,0.0,0.0,,0.0,normalDay
2023-01-30,7395.0,27.0,0.0,0,400.59,0.0,1,1.72,1.45,SPY230317P00356000,356.0,0,0.0,0.0,,0.0,normalDay
2023-01-31,7395.0,60.0,0.0,0,406.48,0.0,1,1.72,1.12,SPY230317P00356000,356.0,0,0.0,0.0,,0.0,normalDay
2023-02-01,7395.0,92.0,0.0,0,410.8,0.0,1,1.72,0.8,SPY230317P00356000,356.0,0,0.0,0.0,,0.0,normalDay
2023-02-02,7395.0,87.0,0.0,0,416.78,0.0,1,1.72,0.85,SPY230317P00356000,356.0,0,0.0,0.0,,0.0,normalDay
2023-02-03,7395.0,93.0,0.0,0,412.35,0.0,1,1.72,0.79,SPY230317P00356000,356.0,0,0.0,0.0,,0.0,normalDay
2023-02-06,7395.0,89.0,0.0,0,409.83,0.0,1,1.72,0.83,SPY230317P00356000,356.0,0,0.0,0.0,,0.0,normalDay
2023-02-07,7395.0,112.0,0.0,0,415.19,0.0,1,1.72,0.6,SPY230317P00356000,356.0,0,0.0,0.0,,0.0,normalDay
2023-02-08,7395.0,98.0,0.0,0,410.65,0.0,1,1.72,0.74,SPY230317P00356000,356.0,0,0.0,0.0,,0.0,normalDay
2023-02-09,7395.0,85.0,0.0,0,407.09,0.0,1,1.72,0.87,SPY230317P00356000,356.0,0,0.0,0.0,,0.0,normalDay
2023-02-10,7395.0,96.0,0.0,0,408.04,0.0,1,1.72,0.76,SPY230317P00356000,356.0,0,0.0,0.0,,0.0,normalDay
2023-02-13,7395.0,120.0,0.0,0,412.83,0.0,1,1.72,0.52,SPY230317P00356000,356.0,0,0.0,0.0,,0.0,normalDay
2023-02-14,7395.0,133.0,0.0,0,412.64,0.0,1,1.72,0.39,SPY230317P00356000,356.0,0,0.0,0.0,,0.0,normalDay
2023-02-15,7395.0,139.0,0.0,0,413.98,0.0,1,1.72,0.33,SPY230317P00356000,356.0,0,0.0,0.0,,0.0,normalDay
2023-02-16,7395.0,115.0,0.0,0,408.28,0.0,1,1.72,0.57,SPY230317P00356000,356.0,0,0.0,0.0,,0.0,normalDay
2023-02-17,7395.0,123.0,0.0,0,407.26,0.0,1,1.72,0.49,SPY230317P00356000,356.0,0,0.0,0.0,,0.0,normalDay
2023-02-21,7395.0,100.0,0.0,0,399.09,0.0,1,1.72,0.72,SPY230317P00356000,356.0,0,0.0,0.0,,0.0,normalDay
2023-02-22,7395.0,111.0,0.0,0,398.54,0.0,1,1.72,0.61,SPY230317P00356000,356.0,0,0.0,0.0,,0.0,normalDay
2023-02-23,7395.0,130.0,0.0,0,400.66,0.0,1,1.72,0.42,SPY230317P00356000,356.0,0,0.0,0.0,,0.0,normalDay
2023-02-24,7395.0,125.0,0.0,0,396.38,0.0,1,1.72,0.47,SPY230317P00356000,356.0,0,0.0,0.0,,0.0,normalDay
2023-02-27,7395.0,144.0,0.0,0,397.73,0.0,1,1.72,0.28,SPY230317P00356000,356.0,0,0.0,0.0,,0.0,normalDay
2023-02-28,7395.0,145.0,0.0,0,396.26,0.0,1,1.72,0.27,SPY230317P00356000,356.0,0,0.0,0.0,,0.0,normalDay
2023-03-01,7395.0,149.0,0.0,0,394.74,0.0,1,1.72,0.23,SPY230317P00356000,356.0,0,0.0,0.0,,0.0,normalDay
2023-03-02,7395.0,159.0,0.0,0,397.81,0.0,1,1.72,0.13,SPY230317P00356000,356.0,0,0.0,0.0,,0.0,normalDay
2023-03-03,7395.0,162.0,0.0,0,404.19,0.0,1,1.72,0.1,SPY230317P00356000,356.0,0,0.0,0.0,,0.0,normalDay
2023-03-06,7395.0,165.0,0.0,0,404.47,0.0,1,1.72,0.07,SPY230317P00356000,356.0,0,0.0,0.0,,0.0,normalDay
2023-03-07,7395.0,161.0,0.0,0,398.27,0.0,1,1.72,0.11,SPY230317P00356000,356.0,0,0.0,0.0,,0.0,normalDay
2023-03-08,7395.0,164.0,0.0,0,398.92,0.0,1,1.72,0.08,SPY230317P00356000,356.0,0,0.0,0.0,,0.0,normalDay
2023-03-09,7395.0,149.0,0.0,0,391.56,0.0,1,1.72,0.23,SPY230317P00356000,356.0,0,0.0,0.0,,0.0,normalDay
2023-03-10,7395.0,141.0,0.0,0,385.91,0.0,1,1.72,0.31,SPY230317P00356000,356.0,0,0.0,0.0,,0.0,normalDay
2023-03-13,7395.0,146.0,0.0,0,385.36,0.0,1,1.72,0.26,SPY230317P00356000,356.0,0,0.0,0.0,,0.0,normalDay
2023-03-14,7395.0,165.0,0.0,0,391.73,0.0,1,1.72,0.07,SPY230317P00356000,356.0,0,0.0,0.0,,0.0,normalDay
2023-03-15,7395.0,167.0,0.0,0,389.28,0.0,1,1.72,0.05,SPY230317P00356000,356.0,0,0.0,0.0,,0.0,normalDay
2023-03-16,7395.0,170.0,0.0,0,396.11,0.0,1,1.72,0.02,SPY230317P00356000,356.0,0,0.0,0.0,,0.0,normalDay
2023-03-17,7567.0,0.0,172.0,0,389.99,0.0,1,1.72,0.0,SPY230317P00356000,356.0,0,0.0,0.0,,0.0,expirationDay
2023-03-20,7567.0,-7.0,0.0,0,393.74,0.0,1,4.26,4.33,SPY230428P00372000,372.0,0,0.0,0.0,,0.0,normalDay
2023-03-21,7567.0,154.0,0.0,0,398.91,0.0,1,4.26,2.72,SPY230428P00372000,372.0,0,0.0,0.0,,0.0,normalDay
2023-03-22,7567.0,37.0,0.0,0,392.11,0.0,1,4.26,3.89,SPY230428P00372000,372.0,0,0.0,0.0,,0.0,normalDay
2023-03-23,7567.0,46.0,0.0,0,393.17,0.0,1,4.26,3.8,SPY230428P00372000,372.0,0,0.0,0.0,,0.0,normalDay
2023-03-24,7567.0,118.0,0.0,0,395.75,0.0,1,4.26,3.08,SPY230428P00372000,372.0,0,0.0,0.0,,0.0,normalDay
2023-03-27,7567.0,197.0,0.0,0,396.49,0.0,1,4.26,2.29,SPY230428P00372000,372.0,0,0.0,0.0,,0.0,normalDay
2023-03-28,7567.0,222.0,0.0,0,395.6,0.0,1,4.26,2.04,SPY230428P00372000,372.0,0,0.0,0.0,,0.0,normalDay
2023-03-29,7567.0,288.0,0.0,0,401.35,0.0,1,4.26,1.38,SPY230428P00372000,372.0,0,0.0,0.0,,0.0,normalDay
2023-03-30,7567.0,309.0,0.0,0,403.7,0.0,1,4.26,1.17,SPY230428P00372000,372.0,0,0.0,0.0,,0.0,normalDay
2023-03-31,7567.0,348.0,0.0,0,409.39,0.0,1,4.26,0.78,SPY230428P00372000,372.0,0,0.0,0.0,,0.0,normalDay
2023-04-03,7567.0,372.0,0.0,0,410.95,0.0,1,4.26,0.54,SPY230428P00372000,372.0,0,0.0,0.0,,0.0,normalDay
2023-04-04,7567.0,369.0,0.0,0,408.67,0.0,1,4.26,0.57,SPY230428P00372000,372.0,0,0.0,0.0,,0.0,normalDay
2023-04-05,7567.0,373.0,0.0,0,407.6,0.0,1,4.26,0.53,SPY230428P00372000,372.0,0,0.0,0.0,,0.0,normalDay
2023-04-06,7567.0,387.0,0.0,0,409.19,0.0,1,4.26,0.39,SPY230428P00372000,372.0,0,0.0,0.0,,0.0,normalDay
2023-04-10,7567.0,396.0,0.0,0,409.61,0.0,1,4.26,0.3,SPY230428P00372000,372.0,0,0.0,0.0,,0.0,normalDay
2023-04-11,7567.0,397.0,0.0,0,409.72,0.0,1,4.26,0.29,SPY230428P00372000,372.0,0,0.0,0.0,,0.0,normalDay
2023-04-12,7567.0,398.0,0.0,0,408.05,0.0,1,4.26,0.28,SPY230428P00372000,372.0,0,0.0,0.0,,0.0,normalDay
2023-04-13,7567.0,411.0,0.0,0,413.47,0.0,1,4.26,0.15,SPY230428P00372000,372.0,0,0.0,0.0,,0.0,normalDay
2023-04-14,7567.0,414.0,0.0,0,412.46,0.0,1,4.26,0.12,SPY230428P00372000,372.0,0,0.0,0.0,,0.0,normalDay
2023-04-17,7567.0,417.0,0.0,0,413.94,0.0,1,4.26,0.09,SPY230428P00372000,372.0,0,0.0,0.0,,0.0,normalDay
2023-04-18,7567.0,418.0,0.0,0,414.21,0.0,1,4.26,0.08,SPY230428P00372000,372.0,0,0.0,0.0,,0.0,normalDay
2023-04-19,7567.0,420.0,0.0,0,414.14,0.0,1,4.26,0.06,SPY230428P00372000,372.0,0,0.0,0.0,,0.0,normalDay
2023-04-20,7567.0,421.0,0.0,0,411.88,0.0,1,4.26,0.05,SPY230428P00372000,372.0,0,0.0,0.0,,0.0,normalDay
2023-04-21,7567.0,422.0,0.0,0,412.2,0.0,1,4.26,0.04,SPY230428P00372000,372.0,0,0.0,0.0,,0.0,normalDay
2023-04-24,7567.0,424.0,0.0,0,412.63,0.0,1,4.26,0.02,SPY230428P00372000,372.0,0,0.0,0.0,,0.0,normalDay
2023-04-25,7567.0,423.0,0.0,0,406.08,0.0,1,4.26,0.03,SPY230428P00372000,372.0,0,0.0,0.0,,0.0,normalDay
2023-04-26,7567.0,423.0,0.0,0,404.36,0.0,1,4.26,0.03,SPY230428P00372000,372.0,0,0.0,0.0,,0.0,normalDay
2023-04-27,7567.0,425.0,0.0,0,412.41,0.0,1,4.26,0.01,SPY230428P00372000,372.0,0,0.0,0.0,,0.0,normalDay
2023-04-28,7993.0,0.0,426.0,0,415.93,0.0,1,4.26,0.0,SPY230428P00372000,372.0,0,0.0,0.0,,0.0,expirationDay
2023-05-01,7993.0,-4.0,0.0,0,415.51,0.0,1,3.57,3.61,SPY230616P00397000,397.0,0,0.0,0.0,,0.0,normalDay
2023-05-02,7993.0,-147.0,0.0,0,410.84,0.0,1,3.57,5.04,SPY230616P00397000,397.0,0,0.0,0.0,,0.0,normalDay
2023-05-03,7993.0,-210.0,0.0,0,408.02,0.0,1,3.57,5.67,SPY230616P00397000,397.0,0,0.0,0.0,,0.0,normalDay
2023-05-04,7993.0,-366.0,0.0,0,405.13,0.0,1,3.57,7.23,SPY230616P00397000,397.0,0,0.0,0.0,,0.0,normalDay
2023-05-05,7993.0,-86.0,0.0,0,412.63,0.0,1,3.57,4.43,SPY230616P00397000,397.0,0,0.0,0.0,,0.0,normalDay
2023-05-08,7993.0,-48.0,0.0,0,412.74,0.0,1,3.57,4.05,SPY230616P00397000,397.0,0,0.0,0.0,,0.0,normalDay
2023-05-09,7993.0,-87.0,0.0,0,410.93,0.0,1,3.57,4.44,SPY230616P00397000,397.0,0,0.0,0.0,,0.0,normalDay
2023-05-10,7993.0,-11.0,0.0,0,412.85,0.0,1,3.57,3.68,SPY230616P00397000,397.0,0,0.0,0.0,,0.0,normalDay
2023-05-11,7993.0,-14.0,0.0,0,412.13,0.0,1,3.57,3.71,SPY230616P00397000,397.0,0,0.0,0.0,,0.0,normalDay
2023-05-12,7993.0,-16.0,0.0,0,411.59,0.0,1,3.57,3.73,SPY230616P00397000,397.0,0,0.0,0.0,,0.0,normalDay
2023-05-15,7993.0,49.0,0.0,0,413.01,0.0,1,3.57,3.08,SPY230616P00397000,397.0,0,0.0,0.0,,0.0,normalDay
2023-05-16,7993.0,-11.0,0.0,0,410.25,0.0,1,3.57,3.68,SPY230616P00397000,397.0,0,0.0,0.0,,0.0,normalDay
2023-05-17,7993.0,109.0,0.0,0,415.23,0.0,1,3.57,2.48,SPY230616P00397000,397.0,0,0.0,0.0,,0.0,normalDay
2023-05-18,7993.0,183.0,0.0,0,419.23,0.0,1,3.57,1.74,SPY230616P00397000,397.0,0,0.0,0.0,,0.0,normalDay
2023-05-19,7993.0,162.0,0.0,0,418.62,0.0,1,3.57,1.95,SPY230616P00397000,397.0,0,0.0,0.0,,0.0,normalDay
2023-05-22,7993.0,171.0,0.0,0,418.79,0.0,1,3.57,1.86,SPY230616P00397000,397.0,0,0.0,0.0,,0.0,normalDay
2023-05-23,7993.0,92.0,0.0,0,414.09,0.0,1,3.57,2.65,SPY230616P00397000,397.0,0,0.0,0.0,,0.0,normalDay
2023-05-24,7993.0,18.0,0.0,0,411.09,0.0,1,3.57,3.39,SPY230616P00397000,397.0,0,0.0,0.0,,0.0,normalDay
2023-05-25,7993.0,109.0,0.0,0,414.65,0.0,1,3.57,2.48,SPY230616P00397000,397.0,0,0.0,0.0,,0.0,normalDay
2023-05-26,7993.0,203.0,0.0,0,420.02,0.0,1,3.57,1.54,SPY230616P00397000,397.0,0,0.0,0.0,,0.0,normalDay
2023-05-30,7993.0,249.0,0.0,0,420.18,0.0,1,3.57,1.08,SPY230616P00397000,397.0,0,0.0,0.0,,0.0,normalDay
2023-05-31,7993.0,242.0,0.0,0,417.85,0.0,1,3.57,1.15,SPY230616P00397000,397.0,0,0.0,0.0,,0.0,normalDay
2023-06-01,7993.0,299.0,0.0,0,421.82,0.0,1,3.57,0.58,SPY230616P00397000,397.0,0,0.0,0.0,,0.0,normalDay
2023-06-02,7993.0,329.0,0.0,0,427.92,0.0,1,3.57,0.28,SPY230616P00397000,397.0,0,0.0,0.0,,0.0,normalDay
2023-06-05,7993.0,335.0,0.0,0,427.1,0.0,1,3.57,0.22,SPY230616P00397000,397.0,0,0.0,0.0,,0.0,normalDay
2023-06-06,7993.0,339.0,0.0,0,428.03,0.0,1,3.57,0.18,SPY230616P00397000,397.0,0,0.0,0.0,,0.0,normalDay
2023-06-07,7993.0,340.0,0.0,0,426.55,0.0,1,3.57,0.17,SPY230616P00397000,397.0,0,0.0,0.0,,0.0,normalDay
2023-06-08,7993.0,342.0,0.0,0,429.13,0.0,1,3.57,0.15,SPY230616P00397000,397.0,0,0.0,0.0,,0.0,normalDay
2023-06-09,7993.0,346.0,0.0,0,429.9,0.0,1,3.57,0.11,SPY230616P00397000,397.0,0,0.0,0.0,,0.0,normalDay
2023-06-12,7993.0,348.0,0.0,0,433.8,0.0,1,3.57,0.09,SPY230616P00397000,397.0,0,0.0,0.0,,0.0,normalDay
2023-06-13,7993.0,350.0,0.0,0,436.66,0.0,1,3.57,0.07,SPY230616P00397000,397.0,0,0.0,0.0,,0.0,normalDay
2023-06-14,7993.0,353.0,0.0,0,437.18,0.0,1,3.57,0.04,SPY230616P00397000,397.0,0,0.0,0.0,,0.0,normalDay
2023-06-15,7993.0,354.0,0.0,0,442.6,0.0,1,3.57,0.03,SPY230616P00397000,397.0,0,0.0,0.0,,0.0,normalDay
2023-06-16,8350.0,0.0,357.0,0,439.46,0.0,1,3.57,0.0,SPY230616P00397000,397.0,0,0.0,0.0,,0.0,expirationDay
2023-06-20,8350.0,-4.0,0.0,0,437.18,0.0,1,0.44,0.48,SPY230728P00385000,385.0,0,0.0,0.0,,0.0,normalDay
2023-06-21,8350.0,0.0,0.0,0,434.94,0.0,1,0.44,0.44,SPY230728P00385000,385.0,0,0.0,0.0,,0.0,normalDay
2023-06-22,8350.0,7.0,0.0,0,436.51,0.0,1,0.44,0.37,SPY230728P00385000,385.0,0,0.0,0.0,,0.0,normalDay
2023-06-23,8350.0,0.0,0.0,0,433.21,0.0,1,0.44,0.44,SPY230728P00385000,385.0,0,0.0,0.0,,0.0,normalDay
2023-06-26,8350.0,-3.0,0.0,0,431.44,0.0,1,0.44,0.47,SPY230728P00385000,385.0,0,0.0,0.0,,0.0,normalDay
2023-06-27,8350.0,10.0,0.0,0,436.17,0.0,1,0.44,0.34,SPY230728P00385000,385.0,0,0.0,0.0,,0.0,normalDay
2023-06-28,8350.0,16.0,0.0,0,436.39,0.0,1,0.44,0.28,SPY230728P00385000,385.0,0,0.0,0.0,,0.0,normalDay
2023-06-29,8350.0,17.0,0.0,0,438.11,0.0,1,0.44,0.27,SPY230728P00385000,385.0,0,0.0,0.0,,0.0,normalDay
2023-06-30,8350.0,21.0,0.0,0,443.28,0.0,1,0.44,0.23,SPY230728P00385000,385.0,0,0.0,0.0,,0.0,normalDay
2023-07-03,8350.0,24.0,0.0,0,443.79,0.0,1,0.44,0.2,SPY230728P00385000,385.0,0,0.0,0.0,,0.0,normalDay
2023-07-05,8350.0,24.0,0.0,0,443.13,0.0,1,0.44,0.2,SPY230728P00385000,385.0,0,0.0,0.0,,0.0,normalDay
2023-07-06,8350.0,20.0,0.0,0,439.66,0.0,1,0.44,0.24,SPY230728P00385000,385.0,0,0.0,0.0,,0.0,normalDay
2023-07-07,8350.0,23.0,0.0,0,438.55,0.0,1,0.44,0.21,SPY230728P00385000,385.0,0,0.0,0.0,,0.0,normalDay
2023-07-10,8350.0,27.0,0.0,0,439.66,0.0,1,0.44,0.17,SPY230728P00385000,385.0,0,0.0,0.0,,0.0,normalDay
2023-07-11,8350.0,29.0,0.0,0,442.46,0.0,1,0.44,0.15,SPY230728P00385000,385.0,0,0.0,0.0,,0.0,normalDay
2023-07-12,8350.0,33.0,0.0,0,446.02,0.0,1,0.44,0.11,SPY230728P00385000,385.0,0,0.0,0.0,,0.0,normalDay
2023-07-13,8350.0,34.0,0.0,0,449.56,0.0,1,0.44,0.1,SPY230728P00385000,385.0,0,0.0,0.0,,0.0,normalDay
2023-07-14,8350.0,35.0,0.0,0,449.28,0.0,1,0.44,0.09,SPY230728P00385000,385.0,0,0.0,0.0,,0.0,normalDay
2023-07-17,8350.0,37.0,0.0,0,450.84,0.0,1,0.44,0.07,SPY230728P00385000,385.0,0,0.0,0.0,,0.0,normalDay
2023-07-18,8350.0,38.0,0.0,0,454.19,0.0,1,0.44,0.06,SPY230728P00385000,385.0,0,0.0,0.0,,0.0,normalDay
2023-07-19,8350.0,39.0,0.0,0,455.2,0.0,1,0.44,0.05,SPY230728P00385000,385.0,0,0.0,0.0,,0.0,normalDay
2023-07-20,8350.0,40.0,0.0,0,452.18,0.0,1,0.44,0.04,SPY230728P00385000,385.0,0,0.0,0.0,,0.0,normalDay
2023-07-21,8350.0,42.0,0.0,0,452.18,0.0,1,0.44,0.02,SPY230728P00385000,385.0,0,0.0,0.0,,0.0,normalDay
2023-07-24,8350.0,42.0,0.0,0,454.2,0.0,1,0.44,0.02,SPY230728P00385000,385.0,0,0.0,0.0,,0.0,normalDay
2023-07-25,8350.0,43.0,0.0,0,455.44,0.0,1,0.44,0.01,SPY230728P00385000,385.0,0,0.0,0.0,,0.0,normalDay
2023-07-26,8350.0,43.0,0.0,0,455.51,0.0,1,0.44,0.01,SPY230728P00385000,385.0,0,0.0,0.0,,0.0,normalDay
2023-07-27,8350.0,43.0,0.0,0,452.49,0.0,1,0.44,0.01,SPY230728P00385000,385.0,0,0.0,0.0,,0.0,normalDay
2023-07-28,8394.0,0.0,44.0,0,456.92,0.0,1,0.44,0.0,SPY230728P00385000,385.0,0,0.0,0.0,,0.0,expirationDay
2023-07-31,8394.0,-3.0,0.0,0,457.79,0.0,1,1.19,1.22,SPY230915P00422000,422.0,0,0.0,0.0,,0.0,normalDay
2023-08-01,8394.0,-11.0,0.0,0,456.48,0.0,1,1.19,1.3,SPY230915P00422000,422.0,0,0.0,0.0,,0.0,normalDay
2023-08-02,8394.0,-100.0,0.0,0,450.13,0.0,1,1.19,2.19,SPY230915P00422000,422.0,0,0.0,0.0,,0.0,normalDay
2023-08-03,8394.0,-94.0,0.0,0,448.84,0.0,1,1.19,2.13,SPY230915P00422000,422.0,0,0.0,0.0,,0.0,normalDay
2023-08-04,8394.0,-149.0,0.0,0,446.81,0.0,1,1.19,2.68,SPY230915P00422000,422.0,0,0.0,0.0,,0.0,normalDay
2023-08-07,8394.0,-64.0,0.0,0,450.71,0.0,1,1.19,1.83,SPY230915P00422000,422.0,0,0.0,0.0,,0.0,normalDay
2023-08-08,8394.0,-85.0,0.0,0,448.75,0.0,1,1.19,2.04,SPY230915P00422000,422.0,0,0.0,0.0,,0.0,normalDay
2023-08-09,8394.0,-101.0,0.0,0,445.75,0.0,1,1.19,2.2,SPY230915P00422000,422.0,0,0.0,0.0,,0.0,normalDay
2023-08-10,8394.0,-95.0,0.0,0,445.91,0.0,1,1.19,2.14,SPY230915P00422000,422.0,0,0.0,0.0,,0.0,normalDay
2023-08-11,8394.0,-67.0,0.0,0,445.65,0.0,1,1.19,1.86,SPY230915P00422000,422.0,0,0.0,0.0,,0.0,normalDay
2023-08-14,8394.0,-24.0,0.0,0,448.11,0.0,1,1.19,1.43,SPY230915P00422000,422.0,0,0.0,0.0,,0.0,normalDay
2023-08-15,8394.0,-98.0,0.0,0,442.89,0.0,1,1.19,2.17,SPY230915P00422000,422.0,0,0.0,0.0,,0.0,normalDay
2023-08-16,8394.0,-140.0,0.0,0,439.64,0.0,1,1.19,2.59,SPY230915P00422000,422.0,0,0.0,0.0,,0.0,normalDay
2023-08-17,8394.0,-222.0,0.0,0,436.29,0.0,1,1.19,3.41,SPY230915P00422000,422.0,0,0.0,0.0,,0.0,normalDay
2023-08-18,8394.0,-176.0,0.0,0,436.5,0.0,1,1.19,2.95,SPY230915P00422000,422.0,0,0.0,0.0,,0.0,normalDay
2023-08-21,8394.0,-102.0,0.0,0,439.34,0.0,1,1.19,2.21,SPY230915P00422000,422.0,0,0.0,0.0,,0.0,normalDay
2023-08-22,8394.0,-98.0,0.0,0,438.15,0.0,1,1.19,2.17,SPY230915P00422000,422.0,0,0.0,0.0,,0.0,normalDay
2023-08-23,8394.0,-15.0,0.0,0,443.03,0.0,1,1.19,1.34,SPY230915P00422000,422.0,0,0.0,0.0,,0.0,normalDay
2023-08-24,8394.0,-101.0,0.0,0,436.89,0.0,1,1.19,2.2,SPY230915P00422000,422.0,0,0.0,0.0,,0.0,normalDay
2023-08-25,8394.0,-16.0,0.0,0,439.97,0.0,1,1.19,1.35,SPY230915P00422000,422.0,0,0.0,0.0,,0.0,normalDay
2023-08-28,8394.0,39.0,0.0,0,442.76,0.0,1,1.19,0.8,SPY230915P00422000,422.0,0,0.0,0.0,,0.0,normalDay
2023-08-29,8394.0,76.0,0.0,0,449.16,0.0,1,1.19,0.43,SPY230915P00422000,422.0,0,0.0,0.0,,0.0,normalDay
2023-08-30,8394.0,86.0,0.0,0,451.01,0.0,1,1.19,0.33,SPY230915P00422000,422.0,0,0.0,0.0,,0.0,normalDay
2023-08-31,8394.0,93.0,0.0,0,450.35,0.0,1,1.19,0.26,SPY230915P00422000,422.0,0,0.0,0.0,,0.0,normalDay
2023-09-01,8394.0,98.0,0.0,0,451.19,0.0,1,1.19,0.21,SPY230915P00422000,422.0,0,0.0,0.0,,0.0,normalDay
2023-09-05,8394.0,99.0,0.0,0,449.24,0.0,1,1.19,0.2,SPY230915P00422000,422.0,0,0.0,0.0,,0.0,normalDay
2023-09-06,8394.0,97.0,0.0,0,446.22,0.0,1,1.19,0.22,SPY230915P00422000,422.0,0,0.0,0.0,,0.0,normalDay
2023-09-07,8394.0,102.0,0.0,0,444.85,0.0,1,1.19,0.17,SPY230915P00422000,422.0,0,0.0,0.0,,0.0,normalDay
2023-09-08,8394.0,108.0,0.0,0,445.52,0.0,1,1.19,0.11,SPY230915P00422000,422.0,0,0.0,0.0,,0.0,normalDay
2023-09-11,8394.0,113.0,0.0,0,448.45,0.0,1,1.19,0.06,SPY230915P00422000,422.0,0,0.0,0.0,,0.0,normalDay
2023-09-12,8394.0,112.0,0.0,0,445.99,0.0,1,1.19,0.07,SPY230915P00422000,422.0,0,0.0,0.0,,0.0,normalDay
2023-09-13,8394.0,116.0,0.0,0,446.51,0.0,1,1.19,0.03,SPY230915P00422000,422.0,0,0.0,0.0,,0.0,normalDay
2023-09-14,8394.0,116.0,0.0,0,450.36,0.0,1,1.19,0.03,SPY230915P00422000,422.0,0,0.0,0.0,,0.0,normalDay
2023-09-15,8513.0,0.0,119.0,0,443.37,0.0,1,1.19,0.0,SPY230915P00422000,422.0,0,0.0,0.0,,0.0,expirationDay
2023-09-18,8513.0,-3.0,0.0,0,443.63,0.0,1,2.13,2.16,SPY231027P00426000,426.0,0,0.0,0.0,,0.0,normalDay
2023-09-19,8513.0,-9.0,0.0,0,442.71,0.0,1,2.13,2.22,SPY231027P00426000,426.0,0,0.0,0.0,,0.0,normalDay
2023-09-20,8513.0,-99.0,0.0,0,438.64,0.0,1,2.13,3.12,SPY231027P00426000,426.0,0,0.0,0.0,,0.0,normalDay
2023-09-21,8513.0,-335.0,0.0,0,431.39,0.0,1,2.13,5.48,SPY231027P00426000,426.0,0,0.0,0.0,,0.0,normalDay
2023-09-22,8513.0,-347.0,0.0,0,430.42,0.0,1,2.13,5.6,SPY231027P00426000,426.0,0,0.0,0.0,,0.0,normalDay
2023-09-25,8513.0,-262.0,0.0,0,432.23,0.0,1,2.13,4.75,SPY231027P00426000,426.0,0,0.0,0.0,,0.0,normalDay
2023-09-26,8513.0,-526.0,0.0,0,425.88,0.0,1,2.13,7.39,SPY231027P00426000,426.0,0,0.0,0.0,,0.0,normalDay
2023-09-27,8513.0,-482.0,0.0,0,426.05,0.0,1,2.13,6.95,SPY231027P00426000,426.0,0,0.0,0.0,,0.0,normalDay
2023-09-28,8513.0,-372.0,0.0,0,428.52,0.0,1,2.13,5.85,SPY231027P00426000,426.0,0,0.0,0.0,,0.0,normalDay
2023-09-29,8513.0,-396.0,0.0,0,427.48,0.0,1,2.13,6.09,SPY231027P00426000,426.0,0,0.0,0.0,,0.0,normalDay
2023-10-02,8513.0,-369.0,0.0,0,427.31,0.0,1,2.13,5.82,SPY231027P00426000,426.0,0,0.0,0.0,,0.0,normalDay
2023-10-03,8513.0,-671.0,0.0,0,421.59,0.0,1,2.13,8.84,SPY231027P00426000,426.0,0,0.0,0.0,,0.0,normalDay
2023-10-04,8513.0,-495.0,0.0,0,424.66,0.0,1,2.13,7.08,SPY231027P00426000,426.0,0,0.0,0.0,,0.0,normalDay
2023-10-05,8513.0,-498.0,0.0,0,424.5,0.0,1,2.13,7.11,SPY231027P00426000,426.0,0,0.0,0.0,,0.0,normalDay
2023-10-06,8513.0,-217.0,0.0,0,429.54,0.0,1,2.13,4.3,SPY231027P00426000,426.0,0,0.0,0.0,,0.0,normalDay
2023-10-09,8513.0,-114.0,0.0,0,432.29,0.0,1,2.13,3.27,SPY231027P00426000,426.0,0,0.0,0.0,,0.0,normalDay
2023-10-10,8513.0,-32.0,0.0,0,434.54,0.0,1,2.13,2.45,SPY231027P00426000,426.0,0,0.0,0.0,,0.0,normalDay
2023-10-11,8513.0,47.0,0.0,0,436.32,0.0,1,2.13,1.66,SPY231027P00426000,426.0,0,0.0,0.0,,0.0,normalDay
2023-10-12,8513.0,-11.0,0.0,0,433.66,0.0,1,2.13,2.24,SPY231027P00426000,426.0,0,0.0,0.0,,0.0,normalDay
2023-10-13,8513.0,-122.0,0.0,0,431.5,0.0,1,2.13,3.35,SPY231027P00426000,426.0,0,0.0,0.0,,0.0,normalDay
2023-10-16,8513.0,63.0,0.0,0,436.04,0.0,1,2.13,1.5,SPY231027P00426000,426.0,0,0.0,0.0,,0.0,normalDay
2023-10-17,8513.0,59.0,0.0,0,436.02,0.0,1,2.13,1.54,SPY231027P00426000,426.0,0,0.0,0.0,,0.0,normalDay
2023-10-18,8513.0,-58.0,0.0,0,430.21,0.0,1,2.13,2.71,SPY231027P00426000,426.0,0,0.0,0.0,,0.0,normalDay
2023-10-19,8513.0,-273.0,0.0,0,426.43,0.0,1,2.13,4.86,SPY231027P00426000,426.0,0,0.0,0.0,,0.0,normalDay
2023-10-20,8513.0,-455.0,0.0,0,421.19,0.0,1,2.13,6.68,SPY231027P00426000,426.0,0,0.0,0.0,,0.0,normalDay
2023-10-23,8513.0,-392.0,0.0,0,420.46,0.0,1,2.13,6.05,SPY231027P00426000,426.0,0,0.0,0.0,,0.0,normalDay
2023-10-24,8513.0,-161.0,0.0,0,423.63,0.0,1,2.13,3.74,SPY231027P00426000,426.0,0,0.0,0.0,,0.0,normalDay
2023-10-25,8513.0,-616.0,0.0,0,417.55,0.0,1,2.13,8.29,SPY231027P00426000,426.0,0,0.0,0.0,,0.0,normalDay
2023-10-26,8513.0,-1112.0,0.0,0,412.55,0.0,1,2.13,13.25,SPY231027P00426000,426.0,0,0.0,0.0,,0.0,normalDay
2023-10-27,8726.0,-1532.0,213.0,100,410.68,426.0,1,2.13,0.0,SPY231027P00426000,426.0,0,0.0,0.0,,0.0,expirationDay
2023-10-30,8726.0,-1062.0,0.0,100,415.59,426.0,0,0.0,0.0,,0.0,1,7.45,7.66,SPY240328C00445000,445.0,normalDay
2023-10-31,8726.0,-807.0,0.0,100,418.2,426.0,0,0.0,0.0,,0.0,1,7.45,7.72,SPY240328C00445000,445.0,normalDay
2023-11-01,8726.0,-506.0,0.0,100,422.66,426.0,0,0.0,0.0,,0.0,1,7.45,9.17,SPY240328C00445000,445.0,normalDay
2023-11-02,8726.0,13.0,0.0,100,430.76,426.0,0,0.0,0.0,,0.0,1,7.45,12.08,SPY240328C00445000,445.0,normalDay
2023-11-03,8726.0,213.0,0.0,100,434.69,426.0,0,0.0,0.0,,0.0,1,7.45,14.01,SPY240328C00445000,445.0,normalDay
2023-11-06,8726.0,332.0,0.0,100,435.69,426.0,0,0.0,0.0,,0.0,1,7.45,13.82,SPY240328C00445000,445.0,normalDay
2023-11-07,8726.0,388.0,0.0,100,436.93,426.0,0,0.0,0.0,,0.0,1,7.45,14.5,SPY240328C00445000,445.0,normalDay
2023-11-08,8726.0,439.0,0.0,100,437.25,426.0,0,0.0,0.0,,0.0,1,7.45,14.31,SPY240328C00445000,445.0,normalDay
2023-11-09,8726.0,252.0,0.0,100,433.84,426.0,0,0.0,0.0,,0.0,1,7.45,12.77,SPY240328C00445000,445.0,normalDay
2023-11-10,8726.0,587.0,0.0,100,440.61,426.0,0,0.0,0.0,,0.0,1,7.45,16.19,SPY240328C00445000,445.0,normalDay
2023-11-13,8726.0,586.0,0.0,100,440.19,426.0,0,0.0,0.0,,0.0,1,7.45,15.78,SPY240328C00445000,445.0,normalDay
2023-11-14,8726.0,899.0,0.0,100,448.73,426.0,0,0.0,0.0,,0.0,1,7.45,21.19,SPY240328C00445000,445.0,normalDay
2023-11-15,8726.0,955.0,0.0,100,449.68,426.0,0,0.0,0.0,,0.0,1,7.45,21.58,SPY240328C00445000,445.0,normalDay
2023-11-16,8726.0,982.0,0.0,100,450.23,426.0,0,0.0,0.0,,0.0,1,7.45,21.86,SPY240328C00445000,445.0,normalDay
2023-11-17,8726.0,1023.0,0.0,100,450.79,426.0,0,0.0,0.0,,0.0,1,7.45,22.01,SPY240328C00445000,445.0,normalDay
2023-11-20,8726.0,1141.0,0.0,100,454.26,426.0,0,0.0,0.0,,0.0,1,7.45,24.3,SPY240328C00445000,445.0,normalDay
2023-11-21,8726.0,1198.0,0.0,100,453.27,426.0,0,0.0,0.0,,0.0,1,7.45,22.74,SPY240328C00445000,445.0,normalDay
2023-11-22,8726.0,1174.0,0.0,100,455.02,426.0,0,0.0,0.0,,0.0,1,7.45,24.73,SPY240328C00445000,445.0,normalDay
2023-11-24,8726.0,1207.0,0.0,100,455.3,426.0,0,0.0,0.0,,0.0,1,7.45,24.68,SPY240328C00445000,445.0,normalDay
2023-11-27,8726.0,1194.0,0.0,100,454.48,426.0,0,0.0,0.0,,0.0,1,7.45,23.99,SPY240328C00445000,445.0,normalDay
2023-11-28,8726.0,1219.0,0.0,100,454.93,426.0,0,0.0,0.0,,0.0,1,7.45,24.19,SPY240328C00445000,445.0,normalDay
2023-11-29,8726.0,1225.0,0.0,100,454.61,426.0,0,0.0,0.0,,0.0,1,7.45,23.81,SPY240328C00445000,445.0,normalDay
2023-11-30,8726.0,1276.0,0.0,100,456.4,426.0,0,0.0,0.0,,0.0,1,7.45,25.09,SPY240328C00445000,445.0,normalDay
