date,totalCapital,unrializedPnL,rializedPnL,stocksOwned,stocksPriceToday,stocksPriceBoughtAt,putOwned,putOwnedSoldAt,putPriceToday,putOwnedContract,putOwnedStrike,callOwned,callOwnedSoldAt,callPriceToday,callOwnedContract,callOwnedStrike,trackType
2018-11-01,0.0,-9.0,0.0,0,273.51,0.0,1,4.1,4.19,SPY190315P00245000,245.0,0,0.0,0.0,,0.0,normalDay
2018-11-02,0.0,-32.0,0.0,0,271.89,0.0,1,4.1,4.42,SPY190315P00245000,245.0,0,0.0,0.0,,0.0,normalDay
2018-11-05,0.0,6.0,0.0,0,273.39,0.0,1,4.1,4.04,SPY190315P00245000,245.0,0,0.0,0.0,,0.0,normalDay
2018-11-06,0.0,43.0,0.0,0,275.12,0.0,1,4.1,3.67,SPY190315P00245000,245.0,0,0.0,0.0,,0.0,normalDay
2018-11-07,0.0,153.0,0.0,0,281.01,0.0,1,4.1,2.57,SPY190315P00245000,245.0,0,0.0,0.0,,0.0,normalDay
2018-11-08,0.0,154.0,0.0,0,280.5,0.0,1,4.1,2.56,SPY190315P00245000,245.0,0,0.0,0.0,,0.0,normalDay
2018-11-09,0.0,104.0,0.0,0,277.76,0.0,1,4.1,3.06,SPY190315P00245000,245.0,0,0.0,0.0,,0.0,normalDay
2018-11-12,0.0,8.0,0.0,0,272.57,0.0,1,4.1,4.02,SPY190315P00245000,245.0,0,0.0,0.0,,0.0,normalDay
2018-11-13,0.0,-11.0,0.0,0,272.06,0.0,1,4.1,4.21,SPY190315P00245000,245.0,0,0.0,0.0,,0.0,normalDay
2018-11-14,0.0,-62.0,0.0,0,270.2,0.0,1,4.1,4.72,SPY190315P00245000,245.0,0,0.0,0.0,,0.0,normalDay
2018-11-15,0.0,7.0,0.0,0,273.02,0.0,1,4.1,4.03,SPY190315P00245000,245.0,0,0.0,0.0,,0.0,normalDay
2018-11-16,0.0,52.0,0.0,0,273.73,0.0,1,4.1,3.58,SPY190315P00245000,245.0,0,0.0,0.0,,0.0,normalDay
2018-11-19,0.0,-40.0,0.0,0,269.1,0.0,1,4.1,4.5,SPY190315P00245000,245.0,0,0.0,0.0,,0.0,normalDay
2018-11-20,0.0,-180.0,0.0,0,264.12,0.0,1,4.1,5.9,SPY190315P00245000,245.0,0,0.0,0.0,,0.0,normalDay
2018-11-21,0.0,-124.0,0.0,0,265.02,0.0,1,4.1,5.34,SPY190315P00245000,245.0,0,0.0,0.0,,0.0,normalDay
2018-11-23,0.0,-165.0,0.0,0,263.25,0.0,1,4.1,5.75,SPY190315P00245000,245.0,0,0.0,0.0,,0.0,normalDay
2018-11-26,0.0,-7.0,0.0,0,267.5,0.0,1,4.1,4.17,SPY190315P00245000,245.0,0,0.0,0.0,,0.0,normalDay
2018-11-27,0.0,6.0,0.0,0,268.4,0.0,1,4.1,4.04,SPY190315P00245000,245.0,0,0.0,0.0,,0.0,normalDay
2018-11-28,0.0,106.0,0.0,0,274.58,0.0,1,4.1,3.04,SPY190315P00245000,245.0,0,0.0,0.0,,0.0,normalDay
2018-11-29,0.0,92.0,0.0,0,273.98,0.0,1,4.1,3.18,SPY190315P00245000,245.0,0,0.0,0.0,,0.0,normalDay
2018-11-30,0.0,128.0,0.0,0,275.65,0.0,1,4.1,2.82,SPY190315P00245000,245.0,0,0.0,0.0,,0.0,normalDay
2018-12-03,0.0,191.0,0.0,0,279.3,0.0,1,4.1,2.19,SPY190315P00245000,245.0,0,0.0,0.0,,0.0,normalDay
2018-12-04,0.0,24.0,0.0,0,270.25,0.0,1,4.1,3.86,SPY190315P00245000,245.0,0,0.0,0.0,,0.0,normalDay
2018-12-06,0.0,18.0,0.0,0,269.84,0.0,1,4.1,3.92,SPY190315P00245000,245.0,0,0.0,0.0,,0.0,normalDay
2018-12-07,0.0,-134.0,0.0,0,263.57,0.0,1,4.1,5.44,SPY190315P00245000,245.0,0,0.0,0.0,,0.0,normalDay
2018-12-10,0.0,-87.0,0.0,0,264.07,0.0,1,4.1,4.97,SPY190315P00245000,245.0,0,0.0,0.0,,0.0,normalDay
2018-12-11,0.0,-76.0,0.0,0,264.13,0.0,1,4.1,4.86,SPY190315P00245000,245.0,0,0.0,0.0,,0.0,normalDay
2018-12-12,0.0,-49.0,0.0,0,265.46,0.0,1,4.1,4.59,SPY190315P00245000,245.0,0,0.0,0.0,,0.0,normalDay
2018-12-13,0.0,-29.0,0.0,0,265.37,0.0,1,4.1,4.39,SPY190315P00245000,245.0,0,0.0,0.0,,0.0,normalDay
2018-12-14,0.0,-138.0,0.0,0,260.47,0.0,1,4.1,5.48,SPY190315P00245000,245.0,0,0.0,0.0,,0.0,normalDay
2018-12-17,0.0,-293.0,0.0,0,255.36,0.0,1,4.1,7.03,SPY190315P00245000,245.0,0,0.0,0.0,,0.0,normalDay
2018-12-18,0.0,-328.0,0.0,0,255.08,0.0,1,4.1,7.38,SPY190315P00245000,245.0,0,0.0,0.0,,0.0,normalDay
2018-12-19,0.0,-401.0,0.0,0,251.26,0.0,1,4.1,8.11,SPY190315P00245000,245.0,0,0.0,0.0,,0.0,normalDay
2018-12-20,0.0,-581.0,0.0,0,247.17,0.0,1,4.1,9.91,SPY190315P00245000,245.0,0,0.0,0.0,,0.0,normalDay
2018-12-21,0.0,-885.0,0.0,0,240.7,0.0,1,4.1,12.95,SPY190315P00245000,245.0,0,0.0,0.0,,0.0,normalDay
2018-12-24,0.0,-1361.0,0.0,0,234.34,0.0,1,4.1,17.71,SPY190315P00245000,245.0,0,0.0,0.0,,0.0,normalDay
2018-12-26,0.0,-576.0,0.0,0,246.18,0.0,1,4.1,9.86,SPY190315P00245000,245.0,0,0.0,0.0,,0.0,normalDay
2018-12-27,0.0,-524.0,0.0,0,248.07,0.0,1,4.1,9.34,SPY190315P00245000,245.0,0,0.0,0.0,,0.0,normalDay
2018-12-28,0.0,-525.0,0.0,0,247.75,0.0,1,4.1,9.35,SPY190315P00245000,245.0,0,0.0,0.0,,0.0,normalDay
2018-12-31,0.0,-368.0,0.0,0,249.92,0.0,1,4.1,7.78,SPY190315P00245000,245.0,0,0.0,0.0,,0.0,normalDay
2019-01-02,0.0,-292.0,0.0,0,250.18,0.0,1,4.1,7.02,SPY190315P00245000,245.0,0,0.0,0.0,,0.0,normalDay
2019-01-03,0.0,-583.0,0.0,0,244.21,0.0,1,4.1,9.93,SPY190315P00245000,245.0,0,0.0,0.0,,0.0,normalDay
2019-01-04,0.0,-192.0,0.0,0,252.39,0.0,1,4.1,6.02,SPY190315P00245000,245.0,0,0.0,0.0,,0.0,normalDay
2019-01-07,0.0,-123.0,0.0,0,254.38,0.0,1,4.1,5.33,SPY190315P00245000,245.0,0,0.0,0.0,,0.0,normalDay
2019-01-08,0.0,-38.0,0.0,0,256.77,0.0,1,4.1,4.48,SPY190315P00245000,245.0,0,0.0,0.0,,0.0,normalDay
2019-01-09,0.0,8.0,0.0,0,257.97,0.0,1,4.1,4.02,SPY190315P00245000,245.0,0,0.0,0.0,,0.0,normalDay
2019-01-10,0.0,42.0,0.0,0,258.88,0.0,1,4.1,3.68,SPY190315P00245000,245.0,0,0.0,0.0,,0.0,normalDay
2019-01-11,0.0,76.0,0.0,0,258.98,0.0,1,4.1,3.34,SPY190315P00245000,245.0,0,0.0,0.0,,0.0,normalDay
2019-01-14,0.0,59.0,0.0,0,257.4,0.0,1,4.1,3.51,SPY190315P00245000,245.0,0,0.0,0.0,,0.0,normalDay
2019-01-15,0.0,133.0,0.0,0,260.35,0.0,1,4.1,2.77,SPY190315P00245000,245.0,0,0.0,0.0,,0.0,normalDay
2019-01-16,0.0,147.0,0.0,0,260.98,0.0,1,4.1,2.63,SPY190315P00245000,245.0,0,0.0,0.0,,0.0,normalDay
2019-01-17,0.0,187.0,0.0,0,262.96,0.0,1,4.1,2.23,SPY190315P00245000,245.0,0,0.0,0.0,,0.0,normalDay
2019-01-18,0.0,232.0,0.0,0,266.46,0.0,1,4.1,1.78,SPY190315P00245000,245.0,0,0.0,0.0,,0.0,normalDay
2019-01-22,0.0,159.0,0.0,0,262.86,0.0,1,4.1,2.51,SPY190315P00245000,245.0,0,0.0,0.0,,0.0,normalDay
2019-01-23,0.0,174.0,0.0,0,263.41,0.0,1,4.1,2.36,SPY190315P00245000,245.0,0,0.0,0.0,,0.0,normalDay
2019-01-24,0.0,194.0,0.0,0,263.55,0.0,1,4.1,2.16,SPY190315P00245000,245.0,0,0.0,0.0,,0.0,normalDay
2019-01-25,0.0,253.0,0.0,0,265.78,0.0,1,4.1,1.57,SPY190315P00245000,245.0,0,0.0,0.0,,0.0,normalDay
2019-01-28,0.0,220.0,0.0,0,263.76,0.0,1,4.1,1.9,SPY190315P00245000,245.0,0,0.0,0.0,,0.0,normalDay
2019-01-29,0.0,216.0,0.0,0,263.41,0.0,1,4.1,1.94,SPY190315P00245000,245.0,0,0.0,0.0,,0.0,normalDay
2019-01-30,0.0,287.0,0.0,0,267.58,0.0,1,4.1,1.23,SPY190315P00245000,245.0,0,0.0,0.0,,0.0,normalDay
2019-01-31,0.0,324.0,0.0,0,269.93,0.0,1,4.1,0.86,SPY190315P00245000,245.0,0,0.0,0.0,,0.0,normalDay
2019-02-01,0.0,330.0,0.0,0,270.06,0.0,1,4.1,0.8,SPY190315P00245000,245.0,0,0.0,0.0,,0.0,normalDay
2019-02-04,0.0,350.0,0.0,0,271.96,0.0,1,4.1,0.6,SPY190315P00245000,245.0,0,0.0,0.0,,0.0,normalDay
2019-02-05,0.0,353.0,0.0,0,273.1,0.0,1,4.1,0.57,SPY190315P00245000,245.0,0,0.0,0.0,,0.0,normalDay
2019-02-06,0.0,355.0,0.0,0,272.74,0.0,1,4.1,0.55,SPY190315P00245000,245.0,0,0.0,0.0,,0.0,normalDay
2019-02-07,0.0,339.0,0.0,0,270.14,0.0,1,4.1,0.71,SPY190315P00245000,245.0,0,0.0,0.0,,0.0,normalDay
2019-02-08,0.0,349.0,0.0,0,270.47,0.0,1,4.1,0.61,SPY190315P00245000,245.0,0,0.0,0.0,,0.0,normalDay
2019-02-11,0.0,358.0,0.0,0,270.62,0.0,1,4.1,0.52,SPY190315P00245000,245.0,0,0.0,0.0,,0.0,normalDay
2019-02-12,0.0,373.0,0.0,0,274.1,0.0,1,4.1,0.37,SPY190315P00245000,245.0,0,0.0,0.0,,0.0,normalDay
2019-02-13,0.0,375.0,0.0,0,274.99,0.0,1,4.1,0.35,SPY190315P00245000,245.0,0,0.0,0.0,,0.0,normalDay
2019-02-14,0.0,371.0,0.0,0,274.38,0.0,1,4.1,0.39,SPY190315P00245000,245.0,0,0.0,0.0,,0.0,normalDay
2019-02-15,0.0,383.0,0.0,0,277.37,0.0,1,4.1,0.27,SPY190315P00245000,245.0,0,0.0,0.0,,0.0,normalDay
2019-02-19,0.0,391.0,0.0,0,277.85,0.0,1,4.1,0.19,SPY190315P00245000,245.0,0,0.0,0.0,,0.0,normalDay
2019-02-20,0.0,395.0,0.0,0,278.41,0.0,1,4.1,0.15,SPY190315P00245000,245.0,0,0.0,0.0,,0.0,normalDay
2019-02-21,0.0,395.0,0.0,0,277.42,0.0,1,4.1,0.15,SPY190315P00245000,245.0,0,0.0,0.0,,0.0,normalDay
2019-02-22,0.0,400.0,0.0,0,279.14,0.0,1,4.1,0.1,SPY190315P00245000,245.0,0,0.0,0.0,,0.0,normalDay
2019-02-25,0.0,396.0,0.0,0,279.52,0.0,1,4.1,0.14,SPY190315P00245000,245.0,0,0.0,0.0,,0.0,normalDay
2019-02-26,0.0,398.0,0.0,0,279.32,0.0,1,4.1,0.12,SPY190315P00245000,245.0,0,0.0,0.0,,0.0,normalDay
2019-02-27,0.0,399.0,0.0,0,279.2,0.0,1,4.1,0.11,SPY190315P00245000,245.0,0,0.0,0.0,,0.0,normalDay
2019-02-28,0.0,399.0,0.0,0,278.68,0.0,1,4.1,0.11,SPY190315P00245000,245.0,0,0.0,0.0,,0.0,normalDay
2019-03-01,0.0,404.0,0.0,0,280.42,0.0,1,4.1,0.06,SPY190315P00245000,245.0,0,0.0,0.0,,0.0,normalDay
2019-03-04,0.0,404.0,0.0,0,279.4,0.0,1,4.1,0.06,SPY190315P00245000,245.0,0,0.0,0.0,,0.0,normalDay
2019-03-05,0.0,405.0,0.0,0,279.02,0.0,1,4.1,0.05,SPY190315P00245000,245.0,0,0.0,0.0,,0.0,normalDay
2019-03-06,0.0,404.0,0.0,0,277.33,0.0,1,4.1,0.06,SPY190315P00245000,245.0,0,0.0,0.0,,0.0,normalDay
2019-03-07,0.0,404.0,0.0,0,275.01,0.0,1,4.1,0.06,SPY190315P00245000,245.0,0,0.0,0.0,,0.0,normalDay
2019-03-08,0.0,407.0,0.0,0,274.46,0.0,1,4.1,0.03,SPY190315P00245000,245.0,0,0.0,0.0,,0.0,normalDay
2019-03-11,0.0,408.0,0.0,0,278.44,0.0,1,4.1,0.02,SPY190315P00245000,245.0,0,0.0,0.0,,0.0,normalDay
2019-03-12,0.0,409.0,0.0,0,279.49,0.0,1,4.1,0.01,SPY190315P00245000,245.0,0,0.0,0.0,,0.0,normalDay
2019-03-13,0.0,409.0,0.0,0,281.34,0.0,1,4.1,0.01,SPY190315P00245000,245.0,0,0.0,0.0,,0.0,normalDay
2019-03-14,0.0,409.0,0.0,0,281.16,0.0,1,4.1,0.01,SPY190315P00245000,245.0,0,0.0,0.0,,0.0,normalDay
2019-03-15,410.0,0.0,410.0,0,281.31,0.0,1,4.1,0.0,SPY190315P00245000,245.0,0,0.0,0.0,,0.0,expirationDay
2019-03-18,410.0,-4.0,0.0,0,282.33,0.0,1,4.81,4.85,SPY190719P00271000,271.0,0,0.0,0.0,,0.0,normalDay
2019-03-19,410.0,-22.0,0.0,0,282.4,0.0,1,4.81,5.03,SPY190719P00271000,271.0,0,0.0,0.0,,0.0,normalDay
2019-03-20,410.0,-47.0,0.0,0,281.55,0.0,1,4.81,5.28,SPY190719P00271000,271.0,0,0.0,0.0,,0.0,normalDay
2019-03-21,410.0,31.0,0.0,0,284.73,0.0,1,4.81,4.5,SPY190719P00271000,271.0,0,0.0,0.0,,0.0,normalDay
2019-03-22,410.0,-147.0,0.0,0,279.25,0.0,1,4.81,6.28,SPY190719P00271000,271.0,0,0.0,0.0,,0.0,normalDay
2019-03-25,410.0,-167.0,0.0,0,279.04,0.0,1,4.81,6.48,SPY190719P00271000,271.0,0,0.0,0.0,,0.0,normalDay
2019-03-26,410.0,-81.0,0.0,0,281.12,0.0,1,4.81,5.62,SPY190719P00271000,271.0,0,0.0,0.0,,0.0,normalDay
2019-03-27,410.0,-122.0,0.0,0,279.65,0.0,1,4.81,6.03,SPY190719P00271000,271.0,0,0.0,0.0,,0.0,normalDay
2019-03-28,410.0,-71.0,0.0,0,280.71,0.0,1,4.81,5.52,SPY190719P00271000,271.0,0,0.0,0.0,,0.0,normalDay
2019-03-29,410.0,-7.0,0.0,0,282.48,0.0,1,4.81,4.88,SPY190719P00271000,271.0,0,0.0,0.0,,0.0,normalDay
2019-04-01,410.0,76.0,0.0,0,285.83,0.0,1,4.81,4.05,SPY190719P00271000,271.0,0,0.0,0.0,,0.0,normalDay
2019-04-02,410.0,84.0,0.0,0,285.97,0.0,1,4.81,3.97,SPY190719P00271000,271.0,0,0.0,0.0,,0.0,normalDay
2019-04-03,410.0,97.0,0.0,0,286.42,0.0,1,4.81,3.84,SPY190719P00271000,271.0,0,0.0,0.0,,0.0,normalDay
2019-04-04,410.0,115.0,0.0,0,287.18,0.0,1,4.81,3.66,SPY190719P00271000,271.0,0,0.0,0.0,,0.0,normalDay
2019-04-05,410.0,156.0,0.0,0,288.57,0.0,1,4.81,3.25,SPY190719P00271000,271.0,0,0.0,0.0,,0.0,normalDay
2019-04-08,410.0,161.0,0.0,0,288.79,0.0,1,4.81,3.2,SPY190719P00271000,271.0,0,0.0,0.0,,0.0,normalDay
2019-04-09,410.0,110.0,0.0,0,287.31,0.0,1,4.81,3.71,SPY190719P00271000,271.0,0,0.0,0.0,,0.0,normalDay
2019-04-10,410.0,156.0,0.0,0,288.29,0.0,1,4.81,3.25,SPY190719P00271000,271.0,0,0.0,0.0,,0.0,normalDay
2019-04-11,410.0,160.0,0.0,0,288.21,0.0,1,4.81,3.21,SPY190719P00271000,271.0,0,0.0,0.0,,0.0,normalDay
2019-04-12,410.0,218.0,0.0,0,290.16,0.0,1,4.81,2.63,SPY190719P00271000,271.0,0,0.0,0.0,,0.0,normalDay
2019-04-15,410.0,224.0,0.0,0,289.97,0.0,1,4.81,2.57,SPY190719P00271000,271.0,0,0.0,0.0,,0.0,normalDay
2019-04-16,410.0,228.0,0.0,0,290.16,0.0,1,4.81,2.53,SPY190719P00271000,271.0,0,0.0,0.0,,0.0,normalDay
2019-04-17,410.0,213.0,0.0,0,289.45,0.0,1,4.81,2.68,SPY190719P00271000,271.0,0,0.0,0.0,,0.0,normalDay
2019-04-18,410.0,229.0,0.0,0,290.02,0.0,1,4.81,2.52,SPY190719P00271000,271.0,0,0.0,0.0,,0.0,normalDay
2019-04-22,410.0,244.0,0.0,0,290.27,0.0,1,4.81,2.37,SPY190719P00271000,271.0,0,0.0,0.0,,0.0,normalDay
2019-04-23,410.0,276.0,0.0,0,292.88,0.0,1,4.81,2.05,SPY190719P00271000,271.0,0,0.0,0.0,,0.0,normalDay
2019-04-24,410.0,261.0,0.0,0,292.23,0.0,1,4.81,2.2,SPY190719P00271000,271.0,0,0.0,0.0,,0.0,normalDay
2019-04-25,410.0,255.0,0.0,0,292.05,0.0,1,4.81,2.26,SPY190719P00271000,271.0,0,0.0,0.0,,0.0,normalDay
2019-04-26,410.0,279.0,0.0,0,293.41,0.0,1,4.81,2.02,SPY190719P00271000,271.0,0,0.0,0.0,,0.0,normalDay
2019-04-29,410.0,285.0,0.0,0,293.87,0.0,1,4.81,1.96,SPY190719P00271000,271.0,0,0.0,0.0,,0.0,normalDay
2019-04-30,410.0,290.0,0.0,0,294.02,0.0,1,4.81,1.91,SPY190719P00271000,271.0,0,0.0,0.0,,0.0,normalDay
2019-05-01,410.0,246.0,0.0,0,291.81,0.0,1,4.81,2.35,SPY190719P00271000,271.0,0,0.0,0.0,,0.0,normalDay
2019-05-02,410.0,240.0,0.0,0,291.18,0.0,1,4.81,2.41,SPY190719P00271000,271.0,0,0.0,0.0,,0.0,normalDay
2019-05-03,410.0,300.0,0.0,0,294.03,0.0,1,4.81,1.81,SPY190719P00271000,271.0,0,0.0,0.0,,0.0,normalDay
2019-05-06,410.0,257.0,0.0,0,292.82,0.0,1,4.81,2.24,SPY190719P00271000,271.0,0,0.0,0.0,,0.0,normalDay
2019-05-07,410.0,106.0,0.0,0,287.93,0.0,1,4.81,3.75,SPY190719P00271000,271.0,0,0.0,0.0,,0.0,normalDay
2019-05-08,410.0,112.0,0.0,0,287.53,0.0,1,4.81,3.69,SPY190719P00271000,271.0,0,0.0,0.0,,0.0,normalDay
2019-05-09,410.0,112.0,0.0,0,286.66,0.0,1,4.81,3.69,SPY190719P00271000,271.0,0,0.0,0.0,,0.0,normalDay
2019-05-10,410.0,189.0,0.0,0,288.1,0.0,1,4.81,2.92,SPY190719P00271000,271.0,0,0.0,0.0,,0.0,normalDay
2019-05-13,410.0,-44.0,0.0,0,280.86,0.0,1,4.81,5.25,SPY190719P00271000,271.0,0,0.0,0.0,,0.0,normalDay
2019-05-14,410.0,70.0,0.0,0,283.4,0.0,1,4.81,4.11,SPY190719P00271000,271.0,0,0.0,0.0,,0.0,normalDay
2019-05-15,410.0,148.0,0.0,0,285.06,0.0,1,4.81,3.33,SPY190719P00271000,271.0,0,0.0,0.0,,0.0,normalDay
2019-05-16,410.0,221.0,0.0,0,287.7,0.0,1,4.81,2.6,SPY190719P00271000,271.0,0,0.0,0.0,,0.0,normalDay
2019-05-17,410.0,181.0,0.0,0,285.84,0.0,1,4.81,3.0,SPY190719P00271000,271.0,0,0.0,0.0,,0.0,normalDay
2019-05-20,410.0,157.0,0.0,0,283.95,0.0,1,4.81,3.24,SPY190719P00271000,271.0,0,0.0,0.0,,0.0,normalDay
2019-05-21,410.0,233.0,0.0,0,286.51,0.0,1,4.81,2.48,SPY190719P00271000,271.0,0,0.0,0.0,,0.0,normalDay
2019-05-22,410.0,225.0,0.0,0,285.63,0.0,1,4.81,2.56,SPY190719P00271000,271.0,0,0.0,0.0,,0.0,normalDay
2019-05-23,410.0,116.0,0.0,0,282.14,0.0,1,4.81,3.65,SPY190719P00271000,271.0,0,0.0,0.0,,0.0,normalDay
2019-05-24,410.0,159.0,0.0,0,282.78,0.0,1,4.81,3.22,SPY190719P00271000,271.0,0,0.0,0.0,,0.0,normalDay
2019-05-28,410.0,97.0,0.0,0,280.15,0.0,1,4.81,3.84,SPY190719P00271000,271.0,0,0.0,0.0,,0.0,normalDay
2019-05-29,410.0,42.0,0.0,0,278.27,0.0,1,4.81,4.39,SPY190719P00271000,271.0,0,0.0,0.0,,0.0,normalDay
2019-05-30,410.0,76.0,0.0,0,279.03,0.0,1,4.81,4.05,SPY190719P00271000,271.0,0,0.0,0.0,,0.0,normalDay
2019-05-31,410.0,-63.0,0.0,0,275.27,0.0,1,4.81,5.44,SPY190719P00271000,271.0,0,0.0,0.0,,0.0,normalDay
2019-06-03,410.0,-55.0,0.0,0,274.57,0.0,1,4.81,5.36,SPY190719P00271000,271.0,0,0.0,0.0,,0.0,normalDay
2019-06-04,410.0,155.0,0.0,0,280.53,0.0,1,4.81,3.26,SPY190719P00271000,271.0,0,0.0,0.0,,0.0,normalDay
2019-06-05,410.0,236.0,0.0,0,282.96,0.0,1,4.81,2.45,SPY190719P00271000,271.0,0,0.0,0.0,,0.0,normalDay
2019-06-06,410.0,276.0,0.0,0,284.8,0.0,1,4.81,2.05,SPY190719P00271000,271.0,0,0.0,0.0,,0.0,normalDay
2019-06-07,410.0,307.0,0.0,0,287.65,0.0,1,4.81,1.74,SPY190719P00271000,271.0,0,0.0,0.0,,0.0,normalDay
2019-06-10,410.0,339.0,0.0,0,288.97,0.0,1,4.81,1.42,SPY190719P00271000,271.0,0,0.0,0.0,,0.0,normalDay
2019-06-11,410.0,338.0,0.0,0,288.9,0.0,1,4.81,1.43,SPY190719P00271000,271.0,0,0.0,0.0,,0.0,normalDay
2019-06-12,410.0,339.0,0.0,0,288.39,0.0,1,4.81,1.42,SPY190719P00271000,271.0,0,0.0,0.0,,0.0,normalDay
2019-06-13,410.0,357.0,0.0,0,289.58,0.0,1,4.81,1.24,SPY190719P00271000,271.0,0,0.0,0.0,,0.0,normalDay
2019-06-14,410.0,369.0,0.0,0,289.26,0.0,1,4.81,1.12,SPY190719P00271000,271.0,0,0.0,0.0,,0.0,normalDay
2019-06-17,410.0,380.0,0.0,0,289.37,0.0,1,4.81,1.01,SPY190719P00271000,271.0,0,0.0,0.0,,0.0,normalDay
2019-06-18,410.0,404.0,0.0,0,292.4,0.0,1,4.81,0.77,SPY190719P00271000,271.0,0,0.0,0.0,,0.0,normalDay
2019-06-19,410.0,421.0,0.0,0,293.06,0.0,1,4.81,0.6,SPY190719P00271000,271.0,0,0.0,0.0,,0.0,normalDay
2019-06-20,410.0,432.0,0.0,0,295.86,0.0,1,4.81,0.49,SPY190719P00271000,271.0,0,0.0,0.0,,0.0,normalDay
2019-06-21,410.0,429.0,0.0,0,294.0,0.0,1,4.81,0.52,SPY190719P00271000,271.0,0,0.0,0.0,,0.0,normalDay
2019-06-24,410.0,437.0,0.0,0,293.64,0.0,1,4.81,0.44,SPY190719P00271000,271.0,0,0.0,0.0,,0.0,normalDay
2019-06-25,410.0,417.0,0.0,0,290.76,0.0,1,4.81,0.64,SPY190719P00271000,271.0,0,0.0,0.0,,0.0,normalDay
2019-06-26,410.0,419.0,0.0,0,290.47,0.0,1,4.81,0.62,SPY190719P00271000,271.0,0,0.0,0.0,,0.0,normalDay
2019-06-27,410.0,433.0,0.0,0,291.5,0.0,1,4.81,0.48,SPY190719P00271000,271.0,0,0.0,0.0,,0.0,normalDay
2019-06-28,410.0,443.0,0.0,0,293.0,0.0,1,4.81,0.38,SPY190719P00271000,271.0,0,0.0,0.0,,0.0,normalDay
2019-07-01,410.0,463.0,0.0,0,295.66,0.0,1,4.81,0.18,SPY190719P00271000,271.0,0,0.0,0.0,,0.0,normalDay
2019-07-02,410.0,469.0,0.0,0,296.43,0.0,1,4.81,0.12,SPY190719P00271000,271.0,0,0.0,0.0,,0.0,normalDay
2019-07-03,410.0,473.0,0.0,0,298.8,0.0,1,4.81,0.08,SPY190719P00271000,271.0,0,0.0,0.0,,0.0,normalDay
2019-07-05,410.0,471.0,0.0,0,298.46,0.0,1,4.81,0.1,SPY190719P00271000,271.0,0,0.0,0.0,,0.0,normalDay
2019-07-08,410.0,475.0,0.0,0,296.82,0.0,1,4.81,0.06,SPY190719P00271000,271.0,0,0.0,0.0,,0.0,normalDay
2019-07-09,410.0,476.0,0.0,0,297.19,0.0,1,4.81,0.05,SPY190719P00271000,271.0,0,0.0,0.0,,0.0,normalDay
2019-07-10,410.0,478.0,0.0,0,298.61,0.0,1,4.81,0.03,SPY190719P00271000,271.0,0,0.0,0.0,,0.0,normalDay
2019-07-11,410.0,478.0,0.0,0,299.31,0.0,1,4.81,0.03,SPY190719P00271000,271.0,0,0.0,0.0,,0.0,normalDay
2019-07-12,410.0,479.0,0.0,0,300.65,0.0,1,4.81,0.02,SPY190719P00271000,271.0,0,0.0,0.0,,0.0,normalDay
2019-07-15,410.0,479.0,0.0,0,300.75,0.0,1,4.81,0.02,SPY190719P00271000,271.0,0,0.0,0.0,,0.0,normalDay
2019-07-16,410.0,479.0,0.0,0,299.78,0.0,1,4.81,0.02,SPY190719P00271000,271.0,0,0.0,0.0,,0.0,normalDay
2019-07-17,410.0,480.0,0.0,0,297.74,0.0,1,4.81,0.01,SPY190719P00271000,271.0,0,0.0,0.0,,0.0,normalDay
2019-07-18,410.0,480.0,0.0,0,298.83,0.0,1,4.81,0.01,SPY190719P00271000,271.0,0,0.0,0.0,,0.0,normalDay
2019-07-19,891.0,0.0,481.0,0,297.17,0.0,1,4.81,0.0,SPY190719P00271000,271.0,0,0.0,0.0,,0.0,expirationDay
2019-07-22,891.0,-6.0,0.0,0,297.9,0.0,1,4.88,4.94,SPY191115P00284000,284.0,0,0.0,0.0,,0.0,normalDay
2019-07-23,891.0,59.0,0.0,0,300.03,0.0,1,4.88,4.29,SPY191115P00284000,284.0,0,0.0,0.0,,0.0,normalDay
2019-07-24,891.0,98.0,0.0,0,301.44,0.0,1,4.88,3.9,SPY191115P00284000,284.0,0,0.0,0.0,,0.0,normalDay
2019-07-25,891.0,59.0,0.0,0,300.0,0.0,1,4.88,4.29,SPY191115P00284000,284.0,0,0.0,0.0,,0.0,normalDay
2019-07-26,891.0,108.0,0.0,0,302.01,0.0,1,4.88,3.8,SPY191115P00284000,284.0,0,0.0,0.0,,0.0,normalDay
2019-07-29,891.0,106.0,0.0,0,301.46,0.0,1,4.88,3.82,SPY191115P00284000,284.0,0,0.0,0.0,,0.0,normalDay
2019-07-30,891.0,65.0,0.0,0,300.72,0.0,1,4.88,4.23,SPY191115P00284000,284.0,0,0.0,0.0,,0.0,normalDay
2019-07-31,891.0,-43.0,0.0,0,297.43,0.0,1,4.88,5.31,SPY191115P00284000,284.0,0,0.0,0.0,,0.0,normalDay
2019-08-01,891.0,-144.0,0.0,0,294.84,0.0,1,4.88,6.32,SPY191115P00284000,284.0,0,0.0,0.0,,0.0,normalDay
2019-08-02,891.0,-207.0,0.0,0,292.62,0.0,1,4.88,6.95,SPY191115P00284000,284.0,0,0.0,0.0,,0.0,normalDay
2019-08-05,891.0,-676.0,0.0,0,283.82,0.0,1,4.88,11.64,SPY191115P00284000,284.0,0,0.0,0.0,,0.0,normalDay
2019-08-06,891.0,-410.0,0.0,0,287.8,0.0,1,4.88,8.98,SPY191115P00284000,284.0,0,0.0,0.0,,0.0,normalDay
2019-08-07,891.0,-399.0,0.0,0,287.97,0.0,1,4.88,8.87,SPY191115P00284000,284.0,0,0.0,0.0,,0.0,normalDay
2019-08-08,891.0,-152.0,0.0,0,293.62,0.0,1,4.88,6.4,SPY191115P00284000,284.0,0,0.0,0.0,,0.0,normalDay
2019-08-09,891.0,-231.0,0.0,0,291.62,0.0,1,4.88,7.19,SPY191115P00284000,284.0,0,0.0,0.0,,0.0,normalDay
2019-08-12,891.0,-433.0,0.0,0,288.07,0.0,1,4.88,9.21,SPY191115P00284000,284.0,0,0.0,0.0,,0.0,normalDay
2019-08-13,891.0,-204.0,0.0,0,292.55,0.0,1,4.88,6.92,SPY191115P00284000,284.0,0,0.0,0.0,,0.0,normalDay
2019-08-14,891.0,-614.0,0.0,0,283.9,0.0,1,4.88,11.02,SPY191115P00284000,284.0,0,0.0,0.0,,0.0,normalDay
2019-08-15,891.0,-559.0,0.0,0,284.65,0.0,1,4.88,10.47,SPY191115P00284000,284.0,0,0.0,0.0,,0.0,normalDay
2019-08-16,891.0,-350.0,0.0,0,288.85,0.0,1,4.88,8.38,SPY191115P00284000,284.0,0,0.0,0.0,,0.0,normalDay
2019-08-19,891.0,-170.0,0.0,0,292.33,0.0,1,4.88,6.58,SPY191115P00284000,284.0,0,0.0,0.0,,0.0,normalDay
2019-08-20,891.0,-260.0,0.0,0,290.09,0.0,1,4.88,7.48,SPY191115P00284000,284.0,0,0.0,0.0,,0.0,normalDay
2019-08-21,891.0,-119.0,0.0,0,292.45,0.0,1,4.88,6.07,SPY191115P00284000,284.0,0,0.0,0.0,,0.0,normalDay
2019-08-22,891.0,-149.0,0.0,0,292.36,0.0,1,4.88,6.37,SPY191115P00284000,284.0,0,0.0,0.0,,0.0,normalDay
2019-08-23,891.0,-456.0,0.0,0,284.85,0.0,1,4.88,9.44,SPY191115P00284000,284.0,0,0.0,0.0,,0.0,normalDay
2019-08-26,891.0,-331.0,0.0,0,288.0,0.0,1,4.88,8.19,SPY191115P00284000,284.0,0,0.0,0.0,,0.0,normalDay
2019-08-27,891.0,-404.0,0.0,0,286.87,0.0,1,4.88,8.92,SPY191115P00284000,284.0,0,0.0,0.0,,0.0,normalDay
2019-08-28,891.0,-300.0,0.0,0,288.89,0.0,1,4.88,7.88,SPY191115P00284000,284.0,0,0.0,0.0,,0.0,normalDay
2019-08-29,891.0,-147.0,0.0,0,292.58,0.0,1,4.88,6.35,SPY191115P00284000,284.0,0,0.0,0.0,,0.0,normalDay
2019-08-30,891.0,-161.0,0.0,0,292.45,0.0,1,4.88,6.49,SPY191115P00284000,284.0,0,0.0,0.0,,0.0,normalDay
2019-09-03,891.0,-222.0,0.0,0,290.74,0.0,1,4.88,7.1,SPY191115P00284000,284.0,0,0.0,0.0,,0.0,normalDay
2019-09-04,891.0,-63.0,0.0,0,294.04,0.0,1,4.88,5.51,SPY191115P00284000,284.0,0,0.0,0.0,,0.0,normalDay
2019-09-05,891.0,55.0,0.0,0,297.82,0.0,1,4.88,4.33,SPY191115P00284000,284.0,0,0.0,0.0,,0.0,normalDay
2019-09-06,891.0,100.0,0.0,0,298.05,0.0,1,4.88,3.88,SPY191115P00284000,284.0,0,0.0,0.0,,0.0,normalDay
2019-09-09,891.0,109.0,0.0,0,298.2,0.0,1,4.88,3.79,SPY191115P00284000,284.0,0,0.0,0.0,,0.0,normalDay
2019-09-10,891.0,117.0,0.0,0,298.13,0.0,1,4.88,3.71,SPY191115P00284000,284.0,0,0.0,0.0,,0.0,normalDay
2019-09-11,891.0,178.0,0.0,0,300.25,0.0,1,4.88,3.1,SPY191115P00284000,284.0,0,0.0,0.0,,0.0,normalDay
2019-09-12,891.0,216.0,0.0,0,301.29,0.0,1,4.88,2.72,SPY191115P00284000,284.0,0,0.0,0.0,,0.0,normalDay
2019-09-13,891.0,222.0,0.0,0,301.09,0.0,1,4.88,2.66,SPY191115P00284000,284.0,0,0.0,0.0,,0.0,normalDay
2019-09-16,891.0,206.0,0.0,0,300.16,0.0,1,4.88,2.82,SPY191115P00284000,284.0,0,0.0,0.0,,0.0,normalDay
2019-09-17,891.0,218.0,0.0,0,300.92,0.0,1,4.88,2.7,SPY191115P00284000,284.0,0,0.0,0.0,,0.0,normalDay
2019-09-18,891.0,243.0,0.0,0,301.1,0.0,1,4.88,2.45,SPY191115P00284000,284.0,0,0.0,0.0,,0.0,normalDay
2019-09-19,891.0,246.0,0.0,0,301.08,0.0,1,4.88,2.42,SPY191115P00284000,284.0,0,0.0,0.0,,0.0,normalDay
2019-09-20,891.0,197.0,0.0,0,298.28,0.0,1,4.88,2.91,SPY191115P00284000,284.0,0,0.0,0.0,,0.0,normalDay
2019-09-23,891.0,222.0,0.0,0,298.21,0.0,1,4.88,2.66,SPY191115P00284000,284.0,0,0.0,0.0,,0.0,normalDay
2019-09-24,891.0,146.0,0.0,0,295.87,0.0,1,4.88,3.42,SPY191115P00284000,284.0,0,0.0,0.0,,0.0,normalDay
2019-09-25,891.0,195.0,0.0,0,297.62,0.0,1,4.88,2.93,SPY191115P00284000,284.0,0,0.0,0.0,,0.0,normalDay
2019-09-26,891.0,196.0,0.0,0,297.0,0.0,1,4.88,2.92,SPY191115P00284000,284.0,0,0.0,0.0,,0.0,normalDay
2019-09-27,891.0,142.0,0.0,0,295.4,0.0,1,4.88,3.46,SPY191115P00284000,284.0,0,0.0,0.0,,0.0,normalDay
2019-09-30,891.0,211.0,0.0,0,296.77,0.0,1,4.88,2.77,SPY191115P00284000,284.0,0,0.0,0.0,,0.0,normalDay
2019-10-01,891.0,92.0,0.0,0,293.24,0.0,1,4.88,3.96,SPY191115P00284000,284.0,0,0.0,0.0,,0.0,normalDay
2019-10-02,891.0,-122.0,0.0,0,288.06,0.0,1,4.88,6.1,SPY191115P00284000,284.0,0,0.0,0.0,,0.0,normalDay
2019-10-03,891.0,5.0,0.0,0,290.42,0.0,1,4.88,4.83,SPY191115P00284000,284.0,0,0.0,0.0,,0.0,normalDay
2019-10-04,891.0,162.0,0.0,0,294.35,0.0,1,4.88,3.26,SPY191115P00284000,284.0,0,0.0,0.0,,0.0,normalDay
2019-10-07,891.0,133.0,0.0,0,293.08,0.0,1,4.88,3.55,SPY191115P00284000,284.0,0,0.0,0.0,,0.0,normalDay
2019-10-08,891.0,-37.0,0.0,0,288.53,0.0,1,4.88,5.25,SPY191115P00284000,284.0,0,0.0,0.0,,0.0,normalDay
2019-10-09,891.0,87.0,0.0,0,291.27,0.0,1,4.88,4.01,SPY191115P00284000,284.0,0,0.0,0.0,,0.0,normalDay
2019-10-10,891.0,175.0,0.0,0,293.24,0.0,1,4.88,3.13,SPY191115P00284000,284.0,0,0.0,0.0,,0.0,normalDay
2019-10-11,891.0,292.0,0.0,0,296.28,0.0,1,4.88,1.96,SPY191115P00284000,284.0,0,0.0,0.0,,0.0,normalDay
2019-10-14,891.0,319.0,0.0,0,295.95,0.0,1,4.88,1.69,SPY191115P00284000,284.0,0,0.0,0.0,,0.0,normalDay
2019-10-15,891.0,383.0,0.0,0,298.88,0.0,1,4.88,1.05,SPY191115P00284000,284.0,0,0.0,0.0,,0.0,normalDay
2019-10-16,891.0,383.0,0.0,0,298.4,0.0,1,4.88,1.05,SPY191115P00284000,284.0,0,0.0,0.0,,0.0,normalDay
2019-10-17,891.0,393.0,0.0,0,299.28,0.0,1,4.88,0.95,SPY191115P00284000,284.0,0,0.0,0.0,,0.0,normalDay
2019-10-18,891.0,382.0,0.0,0,297.97,0.0,1,4.88,1.06,SPY191115P00284000,284.0,0,0.0,0.0,,0.0,normalDay
2019-10-21,891.0,417.0,0.0,0,299.99,0.0,1,4.88,0.71,SPY191115P00284000,284.0,0,0.0,0.0,,0.0,normalDay
2019-10-22,891.0,409.0,0.0,0,299.01,0.0,1,4.88,0.79,SPY191115P00284000,284.0,0,0.0,0.0,,0.0,normalDay
2019-10-23,891.0,427.0,0.0,0,299.88,0.0,1,4.88,0.61,SPY191115P00284000,284.0,0,0.0,0.0,,0.0,normalDay
2019-10-24,891.0,437.0,0.0,0,300.37,0.0,1,4.88,0.51,SPY191115P00284000,284.0,0,0.0,0.0,,0.0,normalDay
2019-10-25,891.0,454.0,0.0,0,301.6,0.0,1,4.88,0.34,SPY191115P00284000,284.0,0,0.0,0.0,,0.0,normalDay
2019-10-28,891.0,462.0,0.0,0,303.3,0.0,1,4.88,0.26,SPY191115P00284000,284.0,0,0.0,0.0,,0.0,normalDay
2019-10-29,891.0,464.0,0.0,0,303.21,0.0,1,4.88,0.24,SPY191115P00284000,284.0,0,0.0,0.0,,0.0,normalDay
2019-10-30,891.0,471.0,0.0,0,304.14,0.0,1,4.88,0.17,SPY191115P00284000,284.0,0,0.0,0.0,,0.0,normalDay
2019-10-31,891.0,465.0,0.0,0,303.33,0.0,1,4.88,0.23,SPY191115P00284000,284.0,0,0.0,0.0,,0.0,normalDay
2019-11-01,891.0,478.0,0.0,0,306.14,0.0,1,4.88,0.1,SPY191115P00284000,284.0,0,0.0,0.0,,0.0,normalDay
2019-11-04,891.0,479.0,0.0,0,307.37,0.0,1,4.88,0.09,SPY191115P00284000,284.0,0,0.0,0.0,,0.0,normalDay
2019-11-05,891.0,481.0,0.0,0,307.03,0.0,1,4.88,0.07,SPY191115P00284000,284.0,0,0.0,0.0,,0.0,normalDay
2019-11-06,891.0,484.0,0.0,0,307.1,0.0,1,4.88,0.04,SPY191115P00284000,284.0,0,0.0,0.0,,0.0,normalDay
2019-11-07,891.0,485.0,0.0,0,308.18,0.0,1,4.88,0.03,SPY191115P00284000,284.0,0,0.0,0.0,,0.0,normalDay
2019-11-08,891.0,486.0,0.0,0,308.94,0.0,1,4.88,0.02,SPY191115P00284000,284.0,0,0.0,0.0,,0.0,normalDay
2019-11-11,891.0,486.0,0.0,0,308.35,0.0,1,4.88,0.02,SPY191115P00284000,284.0,0,0.0,0.0,,0.0,normalDay
2019-11-12,891.0,486.0,0.0,0,309.0,0.0,1,4.88,0.02,SPY191115P00284000,284.0,0,0.0,0.0,,0.0,normalDay
2019-11-13,891.0,487.0,0.0,0,309.1,0.0,1,4.88,0.01,SPY191115P00284000,284.0,0,0.0,0.0,,0.0,normalDay
2019-11-14,891.0,487.0,0.0,0,309.55,0.0,1,4.88,0.01,SPY191115P00284000,284.0,0,0.0,0.0,,0.0,normalDay
2019-11-15,1379.0,0.0,488.0,0,311.79,0.0,1,4.88,0.0,SPY191115P00284000,284.0,0,0.0,0.0,,0.0,expirationDay
2019-11-18,1379.0,-6.0,0.0,0,312.02,0.0,1,4.89,4.95,SPY200331P00290000,290.0,0,0.0,0.0,,0.0,normalDay
2019-11-19,1379.0,-19.0,0.0,0,311.93,0.0,1,4.89,5.08,SPY200331P00290000,290.0,0,0.0,0.0,,0.0,normalDay
2019-11-20,1379.0,-51.0,0.0,0,310.77,0.0,1,4.89,5.4,SPY200331P00290000,290.0,0,0.0,0.0,,0.0,normalDay
2019-11-21,1379.0,-63.0,0.0,0,310.27,0.0,1,4.89,5.52,SPY200331P00290000,290.0,0,0.0,0.0,,0.0,normalDay
2019-11-22,1379.0,-30.0,0.0,0,310.96,0.0,1,4.89,5.19,SPY200331P00290000,290.0,0,0.0,0.0,,0.0,normalDay
2019-11-25,1379.0,39.0,0.0,0,313.37,0.0,1,4.89,4.5,SPY200331P00290000,290.0,0,0.0,0.0,,0.0,normalDay
2019-11-26,1379.0,66.0,0.0,0,314.08,0.0,1,4.89,4.23,SPY200331P00290000,290.0,0,0.0,0.0,,0.0,normalDay
2019-11-27,1379.0,86.0,0.0,0,315.48,0.0,1,4.89,4.03,SPY200331P00290000,290.0,0,0.0,0.0,,0.0,normalDay
2019-11-29,1379.0,53.0,0.0,0,314.31,0.0,1,4.89,4.36,SPY200331P00290000,290.0,0,0.0,0.0,,0.0,normalDay
2019-12-02,1379.0,-28.0,0.0,0,311.64,0.0,1,4.89,5.17,SPY200331P00290000,290.0,0,0.0,0.0,,0.0,normalDay
2019-12-03,1379.0,-101.0,0.0,0,309.55,0.0,1,4.89,5.9,SPY200331P00290000,290.0,0,0.0,0.0,,0.0,normalDay
2019-12-04,1379.0,-41.0,0.0,0,311.46,0.0,1,4.89,5.3,SPY200331P00290000,290.0,0,0.0,0.0,,0.0,normalDay
2019-12-05,1379.0,-8.0,0.0,0,312.02,0.0,1,4.89,4.97,SPY200331P00290000,290.0,0,0.0,0.0,,0.0,normalDay
2019-12-06,1379.0,63.0,0.0,0,314.87,0.0,1,4.89,4.26,SPY200331P00290000,290.0,0,0.0,0.0,,0.0,normalDay
2019-12-09,1379.0,22.0,0.0,0,313.88,0.0,1,4.89,4.67,SPY200331P00290000,290.0,0,0.0,0.0,,0.0,normalDay
2019-12-10,1379.0,33.0,0.0,0,313.53,0.0,1,4.89,4.56,SPY200331P00290000,290.0,0,0.0,0.0,,0.0,normalDay
2019-12-11,1379.0,63.0,0.0,0,314.42,0.0,1,4.89,4.26,SPY200331P00290000,290.0,0,0.0,0.0,,0.0,normalDay
2019-12-12,1379.0,128.0,0.0,0,317.13,0.0,1,4.89,3.61,SPY200331P00290000,290.0,0,0.0,0.0,,0.0,normalDay
2019-12-13,1379.0,168.0,0.0,0,317.32,0.0,1,4.89,3.21,SPY200331P00290000,290.0,0,0.0,0.0,,0.0,normalDay
2019-12-16,1379.0,217.0,0.0,0,319.5,0.0,1,4.89,2.72,SPY200331P00290000,290.0,0,0.0,0.0,,0.0,normalDay
2019-12-17,1379.0,215.0,0.0,0,319.57,0.0,1,4.89,2.74,SPY200331P00290000,290.0,0,0.0,0.0,,0.0,normalDay
2019-12-18,1379.0,217.0,0.0,0,319.59,0.0,1,4.89,2.72,SPY200331P00290000,290.0,0,0.0,0.0,,0.0,normalDay
2019-12-19,1379.0,236.0,0.0,0,320.9,0.0,1,4.89,2.53,SPY200331P00290000,290.0,0,0.0,0.0,,0.0,normalDay
2019-12-20,1379.0,245.0,0.0,0,320.73,0.0,1,4.89,2.44,SPY200331P00290000,290.0,0,0.0,0.0,,0.0,normalDay
2019-12-23,1379.0,246.0,0.0,0,321.22,0.0,1,4.89,2.43,SPY200331P00290000,290.0,0,0.0,0.0,,0.0,normalDay
2019-12-24,1379.0,253.0,0.0,0,321.23,0.0,1,4.89,2.36,SPY200331P00290000,290.0,0,0.0,0.0,,0.0,normalDay
2019-12-26,1379.0,276.0,0.0,0,322.94,0.0,1,4.89,2.13,SPY200331P00290000,290.0,0,0.0,0.0,,0.0,normalDay
2019-12-27,1379.0,266.0,0.0,0,322.86,0.0,1,4.89,2.23,SPY200331P00290000,290.0,0,0.0,0.0,,0.0,normalDay
2019-12-30,1379.0,240.0,0.0,0,321.08,0.0,1,4.89,2.49,SPY200331P00290000,290.0,0,0.0,0.0,,0.0,normalDay
2019-12-31,1379.0,270.0,0.0,0,321.86,0.0,1,4.89,2.19,SPY200331P00290000,290.0,0,0.0,0.0,,0.0,normalDay
2020-01-02,1379.0,313.0,0.0,0,324.87,0.0,1,4.89,1.76,SPY200331P00290000,290.0,0,0.0,0.0,,0.0,normalDay
2020-01-03,1379.0,273.0,0.0,0,322.41,0.0,1,4.89,2.16,SPY200331P00290000,290.0,0,0.0,0.0,,0.0,normalDay
2020-01-06,1379.0,299.0,0.0,0,323.64,0.0,1,4.89,1.9,SPY200331P00290000,290.0,0,0.0,0.0,,0.0,normalDay
2020-01-07,1379.0,291.0,0.0,0,322.73,0.0,1,4.89,1.98,SPY200331P00290000,290.0,0,0.0,0.0,,0.0,normalDay
2020-01-08,1379.0,318.0,0.0,0,324.45,0.0,1,4.89,1.71,SPY200331P00290000,290.0,0,0.0,0.0,,0.0,normalDay
2020-01-09,1379.0,346.0,0.0,0,326.65,0.0,1,4.89,1.43,SPY200331P00290000,290.0,0,0.0,0.0,,0.0,normalDay
2020-01-10,1379.0,342.0,0.0,0,325.71,0.0,1,4.89,1.47,SPY200331P00290000,290.0,0,0.0,0.0,,0.0,normalDay
2020-01-13,1379.0,370.0,0.0,0,327.95,0.0,1,4.89,1.19,SPY200331P00290000,290.0,0,0.0,0.0,,0.0,normalDay
2020-01-14,1379.0,371.0,0.0,0,327.45,0.0,1,4.89,1.18,SPY200331P00290000,290.0,0,0.0,0.0,,0.0,normalDay
2020-01-15,1379.0,377.0,0.0,0,328.19,0.0,1,4.89,1.12,SPY200331P00290000,290.0,0,0.0,0.0,,0.0,normalDay
2020-01-16,1379.0,393.0,0.0,0,330.92,0.0,1,4.89,0.96,SPY200331P00290000,290.0,0,0.0,0.0,,0.0,normalDay
2020-01-17,1379.0,400.0,0.0,0,331.95,0.0,1,4.89,0.89,SPY200331P00290000,290.0,0,0.0,0.0,,0.0,normalDay
2020-01-21,1379.0,399.0,0.0,0,331.3,0.0,1,4.89,0.9,SPY200331P00290000,290.0,0,0.0,0.0,,0.0,normalDay
2020-01-22,1379.0,399.0,0.0,0,331.34,0.0,1,4.89,0.9,SPY200331P00290000,290.0,0,0.0,0.0,,0.0,normalDay
2020-01-23,1379.0,401.0,0.0,0,331.72,0.0,1,4.89,0.88,SPY200331P00290000,290.0,0,0.0,0.0,,0.0,normalDay
2020-01-24,1379.0,374.0,0.0,0,328.77,0.0,1,4.89,1.15,SPY200331P00290000,290.0,0,0.0,0.0,,0.0,normalDay
2020-01-27,1379.0,289.0,0.0,0,323.5,0.0,1,4.89,2.0,SPY200331P00290000,290.0,0,0.0,0.0,,0.0,normalDay
2020-01-28,1379.0,350.0,0.0,0,326.89,0.0,1,4.89,1.39,SPY200331P00290000,290.0,0,0.0,0.0,,0.0,normalDay
2020-01-29,1379.0,351.0,0.0,0,326.62,0.0,1,4.89,1.38,SPY200331P00290000,290.0,0,0.0,0.0,,0.0,normalDay
2020-01-30,1379.0,375.0,0.0,0,327.68,0.0,1,4.89,1.14,SPY200331P00290000,290.0,0,0.0,0.0,,0.0,normalDay
2020-01-31,1379.0,293.0,0.0,0,321.73,0.0,1,4.89,1.96,SPY200331P00290000,290.0,0,0.0,0.0,,0.0,normalDay
2020-02-03,1379.0,327.0,0.0,0,324.12,0.0,1,4.89,1.62,SPY200331P00290000,290.0,0,0.0,0.0,,0.0,normalDay
2020-02-04,1379.0,390.0,0.0,0,329.06,0.0,1,4.89,0.99,SPY200331P00290000,290.0,0,0.0,0.0,,0.0,normalDay
2020-02-05,1379.0,415.0,0.0,0,332.86,0.0,1,4.89,0.74,SPY200331P00290000,290.0,0,0.0,0.0,,0.0,normalDay
2020-02-06,1379.0,418.0,0.0,0,333.98,0.0,1,4.89,0.71,SPY200331P00290000,290.0,0,0.0,0.0,,0.0,normalDay
2020-02-07,1379.0,412.0,0.0,0,332.2,0.0,1,4.89,0.77,SPY200331P00290000,290.0,0,0.0,0.0,,0.0,normalDay
2020-02-10,1379.0,427.0,0.0,0,334.68,0.0,1,4.89,0.62,SPY200331P00290000,290.0,0,0.0,0.0,,0.0,normalDay
2020-02-11,1379.0,429.0,0.0,0,335.26,0.0,1,4.89,0.6,SPY200331P00290000,290.0,0,0.0,0.0,,0.0,normalDay
2020-02-12,1379.0,442.0,0.0,0,337.42,0.0,1,4.89,0.47,SPY200331P00290000,290.0,0,0.0,0.0,,0.0,normalDay
2020-02-13,1379.0,441.0,0.0,0,337.06,0.0,1,4.89,0.48,SPY200331P00290000,290.0,0,0.0,0.0,,0.0,normalDay
2020-02-14,1379.0,446.0,0.0,0,337.6,0.0,1,4.89,0.43,SPY200331P00290000,290.0,0,0.0,0.0,,0.0,normalDay
2020-02-18,1379.0,444.0,0.0,0,336.73,0.0,1,4.89,0.45,SPY200331P00290000,290.0,0,0.0,0.0,,0.0,normalDay
2020-02-19,1379.0,451.0,0.0,0,338.34,0.0,1,4.89,0.38,SPY200331P00290000,290.0,0,0.0,0.0,,0.0,normalDay
2020-02-20,1379.0,443.0,0.0,0,336.95,0.0,1,4.89,0.46,SPY200331P00290000,290.0,0,0.0,0.0,,0.0,normalDay
2020-02-21,1379.0,427.0,0.0,0,333.48,0.0,1,4.89,0.62,SPY200331P00290000,290.0,0,0.0,0.0,,0.0,normalDay
2020-02-24,1379.0,284.0,0.0,0,322.42,0.0,1,4.89,2.05,SPY200331P00290000,290.0,0,0.0,0.0,,0.0,normalDay
2020-02-25,1379.0,158.0,0.0,0,312.65,0.0,1,4.89,3.31,SPY200331P00290000,290.0,0,0.0,0.0,,0.0,normalDay
2020-02-26,1379.0,155.0,0.0,0,311.5,0.0,1,4.89,3.34,SPY200331P00290000,290.0,0,0.0,0.0,,0.0,normalDay
2020-02-27,1379.0,-486.0,0.0,0,297.51,0.0,1,4.89,9.75,SPY200331P00290000,290.0,0,0.0,0.0,,0.0,normalDay
2020-02-28,1379.0,-573.0,0.0,0,296.26,0.0,1,4.89,10.62,SPY200331P00290000,290.0,0,0.0,0.0,,0.0,normalDay
2020-03-02,1379.0,19.0,0.0,0,309.09,0.0,1,4.89,4.7,SPY200331P00290000,290.0,0,0.0,0.0,,0.0,normalDay
2020-03-03,1379.0,-258.0,0.0,0,300.24,0.0,1,4.89,7.47,SPY200331P00290000,290.0,0,0.0,0.0,,0.0,normalDay
2020-03-04,1379.0,93.0,0.0,0,312.86,0.0,1,4.89,3.96,SPY200331P00290000,290.0,0,0.0,0.0,,0.0,normalDay
2020-03-05,1379.0,-301.0,0.0,0,302.46,0.0,1,4.89,7.9,SPY200331P00290000,290.0,0,0.0,0.0,,0.0,normalDay
2020-03-06,1379.0,-481.0,0.0,0,297.46,0.0,1,4.89,9.7,SPY200331P00290000,290.0,0,0.0,0.0,,0.0,normalDay
2020-03-09,1379.0,-1838.0,0.0,0,274.23,0.0,1,4.89,23.27,SPY200331P00290000,290.0,0,0.0,0.0,,0.0,normalDay
2020-03-10,1379.0,-858.0,0.0,0,288.42,0.0,1,4.89,13.47,SPY200331P00290000,290.0,0,0.0,0.0,,0.0,normalDay
2020-03-11,1379.0,-1764.0,0.0,0,274.36,0.0,1,4.89,22.53,SPY200331P00290000,290.0,0,0.0,0.0,,0.0,normalDay
2020-03-12,1379.0,-3953.0,0.0,0,248.11,0.0,1,4.89,44.42,SPY200331P00290000,290.0,0,0.0,0.0,,0.0,normalDay
2020-03-13,1379.0,-1982.0,0.0,0,269.32,0.0,1,4.89,24.71,SPY200331P00290000,290.0,0,0.0,0.0,,0.0,normalDay
2020-03-16,1379.0,-4399.0,0.0,0,239.85,0.0,1,4.89,48.88,SPY200331P00290000,290.0,0,0.0,0.0,,0.0,normalDay
2020-03-17,1379.0,-3588.0,0.0,0,252.8,0.0,1,4.89,40.77,SPY200331P00290000,290.0,0,0.0,0.0,,0.0,normalDay
2020-03-18,1379.0,-4775.0,0.0,0,240.0,0.0,1,4.89,52.64,SPY200331P00290000,290.0,0,0.0,0.0,,0.0,normalDay
2020-03-19,1379.0,-4734.0,0.0,0,240.51,0.0,1,4.89,52.23,SPY200331P00290000,290.0,0,0.0,0.0,,0.0,normalDay
2020-03-20,1379.0,-5657.0,0.0,0,228.8,0.0,1,4.89,61.46,SPY200331P00290000,290.0,0,0.0,0.0,,0.0,normalDay
2020-03-23,1379.0,-6445.0,0.0,0,222.95,0.0,1,4.89,69.34,SPY200331P00290000,290.0,0,0.0,0.0,,0.0,normalDay
2020-03-24,1379.0,-4322.0,0.0,0,243.15,0.0,1,4.89,48.11,SPY200331P00290000,290.0,0,0.0,0.0,,0.0,normalDay
2020-03-25,1379.0,-3842.0,0.0,0,246.79,0.0,1,4.89,43.31,SPY200331P00290000,290.0,0,0.0,0.0,,0.0,normalDay
2020-03-26,1379.0,-2459.0,0.0,0,261.2,0.0,1,4.89,29.48,SPY200331P00290000,290.0,0,0.0,0.0,,0.0,normalDay
2020-03-27,1379.0,-3236.0,0.0,0,253.42,0.0,1,4.89,37.25,SPY200331P00290000,290.0,0,0.0,0.0,,0.0,normalDay
2020-03-30,1379.0,-2429.0,0.0,0,261.65,0.0,1,4.89,29.18,SPY200331P00290000,290.0,0,0.0,0.0,,0.0,normalDay
2020-03-31,1868.0,-3225.0,489.0,100,257.75,290.0,1,4.89,0.0,SPY200331P00290000,290.0,0,0.0,0.0,,0.0,expirationDay
2020-04-01,1868.0,-4385.0,0.0,100,246.15,290.0,0,0.0,0.0,,0.0,0,0.0,0.0,,0.0,bidTooLow
2020-04-02,1868.0,-3817.0,0.0,100,251.83,290.0,0,0.0,0.0,,0.0,0,0.0,0.0,,0.0,bidTooLow
2020-04-03,1868.0,-4181.0,0.0,100,248.19,290.0,0,0.0,0.0,,0.0,0,0.0,0.0,,0.0,bidTooLow
2020-04-06,1868.0,-2514.0,0.0,100,264.86,290.0,0,0.0,0.0,,0.0,0,0.0,0.0,,0.0,bidTooLow
2020-04-07,1868.0,-2490.0,0.0,100,265.13,290.0,0,0.0,0.0,,0.0,1,0.01,0.04,SPY200409C00289000,289.0,normalDay
2020-04-08,1868.0,-1600.0,0.0,100,274.03,290.0,0,0.0,0.0,,0.0,1,0.01,0.04,SPY200409C00289000,289.0,normalDay
2020-04-09,1869.0,-1180.0,1.0,100,278.2,290.0,0,0.0,0.0,,0.0,1,0.01,0.0,SPY200409C00289000,289.0,expirationDay
2020-04-13,1869.0,-1434.0,0.0,100,275.66,290.0,0,0.0,0.0,,0.0,0,0.0,0.0,,0.0,bidTooLow
2020-04-14,1869.0,-624.0,0.0,100,283.79,290.0,0,0.0,0.0,,0.0,1,0.07,0.1,SPY200417C00302000,302.0,normalDay
2020-04-15,1869.0,-1219.0,0.0,100,277.76,290.0,0,0.0,0.0,,0.0,1,0.07,0.02,SPY200417C00302000,302.0,normalDay
2020-04-16,1869.0,-1084.0,0.0,100,279.1,290.0,0,0.0,0.0,,0.0,1,0.07,0.01,SPY200417C00302000,302.0,normalDay
2020-04-17,1876.0,-336.0,7.0,100,286.64,290.0,0,0.0,0.0,,0.0,1,0.07,0.0,SPY200417C00302000,302.0,expirationDay
2020-04-20,1876.0,-841.0,0.0,100,281.59,290.0,0,0.0,0.0,,0.0,0,0.0,0.0,,0.0,bidTooLow
2020-04-21,1876.0,-1696.0,0.0,100,273.04,290.0,0,0.0,0.0,,0.0,0,0.0,0.0,,0.0,bidTooLow
2020-04-22,1876.0,-1090.0,0.0,100,279.1,290.0,0,0.0,0.0,,0.0,0,0.0,0.0,,0.0,bidTooLow
2020-04-23,1876.0,-1092.0,0.0,100,279.08,290.0,0,0.0,0.0,,0.0,0,0.0,0.0,,0.0,bidTooLow
2020-04-24,1876.0,-703.0,0.0,100,282.97,290.0,0,0.0,0.0,,0.0,0,0.0,0.0,,0.0,bidTooLow
2020-04-27,1876.0,-295.0,0.0,100,287.05,290.0,0,0.0,0.0,,0.0,0,0.0,0.0,,0.0,bidTooLow
2020-04-28,1876.0,-427.0,0.0,100,285.73,290.0,0,0.0,0.0,,0.0,0,0.0,0.0,,0.0,bidTooLow
2020-04-29,1876.0,321.0,0.0,100,293.21,290.0,0,0.0,0.0,,0.0,0,0.0,0.0,,0.0,bidTooLow
2020-04-30,1876.0,48.0,0.0,100,290.48,290.0,0,0.0,0.0,,0.0,0,0.0,0.0,,0.0,bidTooLow
2020-05-01,1876.0,-721.0,0.0,100,282.79,290.0,0,0.0,0.0,,0.0,0,0.0,0.0,,0.0,bidTooLow
2020-05-04,1876.0,-643.0,0.0,100,283.57,290.0,0,0.0,0.0,,0.0,0,0.0,0.0,,0.0,bidTooLow
2020-05-05,1876.0,-384.0,0.0,100,286.19,290.0,0,0.0,0.0,,0.0,1,0.03,0.06,SPY200508C00300000,300.0,normalDay
2020-05-06,1876.0,-575.0,0.0,100,284.25,290.0,0,0.0,0.0,,0.0,1,0.03,0.03,SPY200508C00300000,300.0,normalDay
2020-05-07,1876.0,-230.0,0.0,100,287.68,290.0,0,0.0,0.0,,0.0,1,0.03,0.01,SPY200508C00300000,300.0,normalDay
2020-05-08,1879.0,244.0,3.0,100,292.44,290.0,0,0.0,0.0,,0.0,1,0.03,0.0,SPY200508C00300000,300.0,expirationDay
2020-05-11,1879.0,247.0,0.0,100,292.5,290.0,0,0.0,0.0,,0.0,1,0.08,0.11,SPY200513C00300000,300.0,normalDay
2020-05-12,1879.0,-326.0,0.0,100,286.67,290.0,0,0.0,0.0,,0.0,1,0.08,0.01,SPY200513C00300000,300.0,normalDay
2020-05-13,1887.0,-840.0,8.0,100,281.6,290.0,0,0.0,0.0,,0.0,1,0.08,0.0,SPY200513C00300000,300.0,expirationDay
2020-05-14,1887.0,-503.0,0.0,100,284.97,290.0,0,0.0,0.0,,0.0,0,0.0,0.0,,0.0,bidTooLow
2020-05-15,1887.0,-372.0,0.0,100,286.28,290.0,0,0.0,0.0,,0.0,0,0.0,0.0,,0.0,bidTooLow
2020-05-18,1887.0,497.0,0.0,100,295.0,290.0,0,0.0,0.0,,0.0,1,0.34,0.37,SPY200520C00301000,301.0,normalDay
2020-05-19,1887.0,226.0,0.0,100,291.97,290.0,0,0.0,0.0,,0.0,1,0.34,0.05,SPY200520C00301000,301.0,normalDay
2020-05-20,1921.0,693.0,34.0,100,296.93,290.0,0,0.0,0.0,,0.0,1,0.34,0.0,SPY200520C00301000,301.0,expirationDay
2020-05-21,1921.0,485.0,0.0,100,294.88,290.0,0,0.0,0.0,,0.0,1,0.04,0.07,SPY200522C00302000,302.0,normalDay
2020-05-22,1925.0,544.0,4.0,100,295.44,290.0,0,0.0,0.0,,0.0,1,0.04,0.0,SPY200522C00302000,302.0,expirationDay
2020-05-26,1925.0,905.0,0.0,100,299.08,290.0,0,0.0,0.0,,0.0,1,0.47,0.5,SPY200529C00305000,305.0,normalDay
2020-05-27,1925.0,1249.0,0.0,100,303.53,290.0,0,0.0,0.0,,0.0,1,0.47,1.51,SPY200529C00305000,305.0,normalDay
2020-05-28,1925.0,1238.0,0.0,100,302.97,290.0,0,0.0,0.0,,0.0,1,0.47,1.06,SPY200529C00305000,305.0,normalDay
2020-05-29,1972.0,1432.0,47.0,100,304.32,290.0,0,0.0,0.0,,0.0,1,0.47,0.0,SPY200529C00305000,305.0,expirationDay
2020-06-01,1972.0,1552.0,0.0,100,305.55,290.0,0,0.0,0.0,,0.0,1,0.03,0.06,SPY200603C00315000,315.0,normalDay
2020-06-02,1972.0,1808.0,0.0,100,308.08,290.0,0,0.0,0.0,,0.0,1,0.03,0.03,SPY200603C00315000,315.0,normalDay
2020-06-03,1975.0,2218.0,3.0,100,312.18,290.0,0,0.0,0.0,,0.0,1,0.03,0.0,SPY200603C00315000,315.0,expirationDay
2020-06-04,1975.0,2136.0,0.0,100,311.36,290.0,0,0.0,0.0,,0.0,0,0.0,0.0,,0.0,bidTooLow
2020-06-05,1975.0,2931.0,0.0,100,319.34,290.0,0,0.0,0.0,,0.0,1,0.1,0.13,SPY200608C00327000,327.0,normalDay
2020-06-08,1985.0,3320.0,10.0,100,323.2,290.0,0,0.0,0.0,,0.0,1,0.1,0.0,SPY200608C00327000,327.0,expirationDay
2020-06-09,1985.0,3076.0,0.0,100,320.79,290.0,0,0.0,0.0,,0.0,1,0.07,0.1,SPY200612C00336000,336.0,normalDay
2020-06-10,1985.0,2903.0,0.0,100,319.0,290.0,0,0.0,0.0,,0.0,1,0.07,0.04,SPY200612C00336000,336.0,normalDay
2020-06-11,1985.0,1067.0,0.0,100,300.61,290.0,0,0.0,0.0,,0.0,1,0.07,0.01,SPY200612C00336000,336.0,normalDay
2020-06-12,1992.0,1421.0,7.0,100,304.21,290.0,0,0.0,0.0,,0.0,1,0.07,0.0,SPY200612C00336000,336.0,expirationDay
2020-06-15,1992.0,1705.0,0.0,100,307.05,290.0,0,0.0,0.0,,0.0,0,0.0,0.0,,0.0,bidTooLow
2020-06-16,1992.0,2293.0,0.0,100,312.96,290.0,0,0.0,0.0,,0.0,1,0.03,0.06,SPY200619C00333000,333.0,normalDay
2020-06-17,1992.0,2166.0,0.0,100,311.66,290.0,0,0.0,0.0,,0.0,1,0.03,0.03,SPY200619C00333000,333.0,normalDay
2020-06-18,1992.0,2180.0,0.0,100,311.78,290.0,0,0.0,0.0,,0.0,1,0.03,0.01,SPY200619C00333000,333.0,normalDay
2020-06-19,1995.0,1864.0,3.0,100,308.64,290.0,0,0.0,0.0,,0.0,1,0.03,0.0,SPY200619C00333000,333.0,expirationDay
2020-06-22,1995.0,2062.0,0.0,100,310.62,290.0,0,0.0,0.0,,0.0,0,0.0,0.0,,0.0,bidTooLow
2020-06-23,1995.0,2205.0,0.0,100,312.05,290.0,0,0.0,0.0,,0.0,0,0.0,0.0,,0.0,bidTooLow
2020-06-24,1995.0,1409.0,0.0,100,304.09,290.0,0,0.0,0.0,,0.0,0,0.0,0.0,,0.0,bidTooLow
2020-06-25,1995.0,1735.0,0.0,100,307.35,290.0,0,0.0,0.0,,0.0,0,0.0,0.0,,0.0,bidTooLow
2020-06-26,1995.0,1005.0,0.0,100,300.05,290.0,0,0.0,0.0,,0.0,0,0.0,0.0,,0.0,bidTooLow
2020-06-29,1995.0,1446.0,0.0,100,304.46,290.0,0,0.0,0.0,,0.0,0,0.0,0.0,,0.0,bidTooLow
2020-06-30,1995.0,1836.0,0.0,100,308.36,290.0,0,0.0,0.0,,0.0,0,0.0,0.0,,0.0,bidTooLow
2020-07-01,1995.0,2052.0,0.0,100,310.52,290.0,0,0.0,0.0,,0.0,0,0.0,0.0,,0.0,bidTooLow
2020-07-02,1995.0,2223.0,0.0,100,312.23,290.0,0,0.0,0.0,,0.0,0,0.0,0.0,,0.0,bidTooLow
2020-07-06,1995.0,2705.0,0.0,100,317.05,290.0,0,0.0,0.0,,0.0,0,0.0,0.0,,0.0,bidTooLow
2020-07-07,1995.0,2375.0,0.0,100,313.78,290.0,0,0.0,0.0,,0.0,1,0.05,0.08,SPY200710C00326000,326.0,normalDay
2020-07-08,1995.0,2619.0,0.0,100,316.18,290.0,0,0.0,0.0,,0.0,1,0.05,0.04,SPY200710C00326000,326.0,normalDay
2020-07-09,1995.0,2442.0,0.0,100,314.38,290.0,0,0.0,0.0,,0.0,1,0.05,0.01,SPY200710C00326000,326.0,normalDay
2020-07-10,2000.0,2759.0,5.0,100,317.59,290.0,0,0.0,0.0,,0.0,1,0.05,0.0,SPY200710C00326000,326.0,expirationDay
2020-07-13,2000.0,2481.0,0.0,100,314.84,290.0,0,0.0,0.0,,0.0,1,0.12,0.15,SPY200715C00324000,324.0,normalDay
2020-07-14,2000.0,2889.0,0.0,100,318.92,290.0,0,0.0,0.0,,0.0,1,0.12,0.15,SPY200715C00324000,324.0,normalDay
2020-07-15,2012.0,3185.0,12.0,100,321.85,290.0,0,0.0,0.0,,0.0,1,0.12,0.0,SPY200715C00324000,324.0,expirationDay
2020-07-16,2012.0,3079.0,0.0,100,320.79,290.0,0,0.0,0.0,,0.0,0,0.0,0.0,,0.0,bidTooLow
2020-07-17,2012.0,3172.0,0.0,100,321.72,290.0,0,0.0,0.0,,0.0,0,0.0,0.0,,0.0,bidTooLow
2020-07-20,2012.0,3429.0,0.0,100,324.32,290.0,0,0.0,0.0,,0.0,1,0.03,0.06,SPY200722C00333000,333.0,normalDay
2020-07-21,2012.0,3502.0,0.0,100,325.01,290.0,0,0.0,0.0,,0.0,1,0.03,0.02,SPY200722C00333000,333.0,normalDay
2020-07-22,2015.0,3686.0,3.0,100,326.86,290.0,0,0.0,0.0,,0.0,1,0.03,0.0,SPY200722C00333000,333.0,expirationDay
2020-07-23,2015.0,3296.0,0.0,100,322.96,290.0,0,0.0,0.0,,0.0,0,0.0,0.0,,0.0,bidTooLow
2020-07-24,2015.0,3088.0,0.0,100,320.88,290.0,0,0.0,0.0,,0.0,0,0.0,0.0,,0.0,bidTooLow
2020-07-27,2015.0,3322.0,0.0,100,323.22,290.0,0,0.0,0.0,,0.0,0,0.0,0.0,,0.0,bidTooLow
2020-07-28,2015.0,3114.0,0.0,100,321.17,290.0,0,0.0,0.0,,0.0,1,0.01,0.04,SPY200731C00333000,333.0,normalDay
2020-07-29,2015.0,3508.0,0.0,100,325.12,290.0,0,0.0,0.0,,0.0,1,0.01,0.05,SPY200731C00333000,333.0,normalDay
2020-07-30,2015.0,3395.0,0.0,100,323.96,290.0,0,0.0,0.0,,0.0,1,0.01,0.02,SPY200731C00333000,333.0,normalDay
2020-07-31,2016.0,3652.0,1.0,100,326.52,290.0,0,0.0,0.0,,0.0,1,0.01,0.0,SPY200731C00333000,333.0,expirationDay
2020-08-03,2016.0,3876.0,0.0,100,328.79,290.0,0,0.0,0.0,,0.0,1,0.13,0.16,SPY200805C00334000,334.0,normalDay
2020-08-04,2016.0,4010.0,0.0,100,330.06,290.0,0,0.0,0.0,,0.0,1,0.13,0.09,SPY200805C00334000,334.0,normalDay
2020-08-05,2029.0,4211.0,13.0,100,332.11,290.0,0,0.0,0.0,,0.0,1,0.13,0.0,SPY200805C00334000,334.0,expirationDay
2020-08-06,2029.0,4430.0,0.0,100,334.33,290.0,0,0.0,0.0,,0.0,1,0.18,0.21,SPY200807C00338000,338.0,normalDay
2020-08-07,2047.0,4457.0,18.0,100,334.57,290.0,0,0.0,0.0,,0.0,1,0.18,0.0,SPY200807C00338000,338.0,expirationDay
2020-08-10,2047.0,4554.0,0.0,100,335.57,290.0,0,0.0,0.0,,0.0,1,0.04,0.07,SPY200812C00341000,341.0,normalDay
2020-08-11,2047.0,4282.0,0.0,100,332.8,290.0,0,0.0,0.0,,0.0,1,0.04,0.02,SPY200812C00341000,341.0,normalDay
2020-08-12,2051.0,4744.0,4.0,100,337.44,290.0,0,0.0,0.0,,0.0,1,0.04,0.0,SPY200812C00341000,341.0,expirationDay
2020-08-13,2051.0,4683.0,0.0,100,336.83,290.0,0,0.0,0.0,,0.0,0,0.0,0.0,,0.0,bidTooLow
2020-08-14,2051.0,4684.0,0.0,100,336.84,290.0,0,0.0,0.0,,0.0,0,0.0,0.0,,0.0,bidTooLow
2020-08-17,2051.0,4791.0,0.0,100,337.91,290.0,0,0.0,0.0,,0.0,0,0.0,0.0,,0.0,bidTooLow
2020-08-18,2051.0,4864.0,0.0,100,338.64,290.0,0,0.0,0.0,,0.0,0,0.0,0.0,,0.0,bidTooLow
2020-08-19,2051.0,4723.0,0.0,100,337.23,290.0,0,0.0,0.0,,0.0,0,0.0,0.0,,0.0,bidTooLow
2020-08-20,2051.0,4828.0,0.0,100,338.28,290.0,0,0.0,0.0,,0.0,0,0.0,0.0,,0.0,bidTooLow
2020-08-21,2051.0,4948.0,0.0,100,339.48,290.0,0,0.0,0.0,,0.0,0,0.0,0.0,,0.0,bidTooLow
2020-08-24,2051.0,5292.0,0.0,100,342.92,290.0,0,0.0,0.0,,0.0,0,0.0,0.0,,0.0,bidTooLow
2020-08-25,2051.0,5409.0,0.0,100,344.12,290.0,0,0.0,0.0,,0.0,1,0.06,0.09,SPY200828C00351000,351.0,normalDay
2020-08-26,2051.0,5688.0,0.0,100,347.57,290.0,0,0.0,0.0,,0.0,1,0.06,0.75,SPY200828C00351000,351.0,normalDay
2020-08-27,2051.0,5798.0,0.0,100,348.33,290.0,0,0.0,0.0,,0.0,1,0.06,0.41,SPY200828C00351000,351.0,normalDay
2020-08-28,2057.0,6058.0,6.0,100,350.58,290.0,0,0.0,0.0,,0.0,1,0.06,0.0,SPY200828C00351000,351.0,expirationDay
2020-08-31,2057.0,5927.0,0.0,100,349.31,290.0,0,0.0,0.0,,0.0,1,0.06,0.1,SPY200902C00357000,357.0,normalDay
2020-09-01,2057.0,6262.0,0.0,100,352.6,290.0,0,0.0,0.0,,0.0,1,0.06,0.04,SPY200902C00357000,357.0,normalDay
2020-09-02,8763.0,6262.0,6706.0,0,357.7,0.0,0,0.0,0.0,,0.0,1,0.06,0.0,SPY200902C00357000,357.0,expirationDay
2020-09-03,8763.0,-27.0,0.0,0,345.39,0.0,1,14.34,14.61,SPY210115P00315000,315.0,0,0.0,0.0,,0.0,normalDay
2020-09-04,8763.0,-22.0,0.0,0,342.57,0.0,1,14.34,14.56,SPY210115P00315000,315.0,0,0.0,0.0,,0.0,normalDay
2020-09-08,8763.0,-169.0,0.0,0,333.21,0.0,1,14.34,16.03,SPY210115P00315000,315.0,0,0.0,0.0,,0.0,normalDay
2020-09-09,8763.0,79.0,0.0,0,339.79,0.0,1,14.34,13.55,SPY210115P00315000,315.0,0,0.0,0.0,,0.0,normalDay
2020-09-10,8763.0,-86.0,0.0,0,333.89,0.0,1,14.34,15.2,SPY210115P00315000,315.0,0,0.0,0.0,,0.0,normalDay
2020-09-11,8763.0,-16.0,0.0,0,334.06,0.0,1,14.34,14.5,SPY210115P00315000,315.0,0,0.0,0.0,,0.0,normalDay
2020-09-14,8763.0,177.0,0.0,0,338.46,0.0,1,14.34,12.57,SPY210115P00315000,315.0,0,0.0,0.0,,0.0,normalDay
2020-09-15,8763.0,227.0,0.0,0,340.17,0.0,1,14.34,12.07,SPY210115P00315000,315.0,0,0.0,0.0,,0.0,normalDay
2020-09-16,8763.0,178.0,0.0,0,338.82,0.0,1,14.34,12.56,SPY210115P00315000,315.0,0,0.0,0.0,,0.0,normalDay
2020-09-17,8763.0,105.0,0.0,0,335.84,0.0,1,14.34,13.29,SPY210115P00315000,315.0,0,0.0,0.0,,0.0,normalDay
2020-09-18,8763.0,13.0,0.0,0,330.65,0.0,1,14.34,14.21,SPY210115P00315000,315.0,0,0.0,0.0,,0.0,normalDay
2020-09-21,8763.0,-116.0,0.0,0,326.97,0.0,1,14.34,15.5,SPY210115P00315000,315.0,0,0.0,0.0,,0.0,normalDay
2020-09-22,8763.0,-53.0,0.0,0,330.3,0.0,1,14.34,14.87,SPY210115P00315000,315.0,0,0.0,0.0,,0.0,normalDay
2020-09-23,8763.0,-349.0,0.0,0,322.64,0.0,1,14.34,17.83,SPY210115P00315000,315.0,0,0.0,0.0,,0.0,normalDay
2020-09-24,8763.0,-279.0,0.0,0,323.5,0.0,1,14.34,17.13,SPY210115P00315000,315.0,0,0.0,0.0,,0.0,normalDay
2020-09-25,8763.0,-77.0,0.0,0,328.73,0.0,1,14.34,15.11,SPY210115P00315000,315.0,0,0.0,0.0,,0.0,normalDay
2020-09-28,8763.0,106.0,0.0,0,334.19,0.0,1,14.34,13.28,SPY210115P00315000,315.0,0,0.0,0.0,,0.0,normalDay
2020-09-29,8763.0,92.0,0.0,0,332.37,0.0,1,14.34,13.42,SPY210115P00315000,315.0,0,0.0,0.0,,0.0,normalDay
2020-09-30,8763.0,103.0,0.0,0,334.89,0.0,1,14.34,13.31,SPY210115P00315000,315.0,0,0.0,0.0,,0.0,normalDay
2020-10-01,8763.0,175.0,0.0,0,337.04,0.0,1,14.34,12.59,SPY210115P00315000,315.0,0,0.0,0.0,,0.0,normalDay
2020-10-02,8763.0,70.0,0.0,0,333.84,0.0,1,14.34,13.64,SPY210115P00315000,315.0,0,0.0,0.0,,0.0,normalDay
2020-10-05,8763.0,281.0,0.0,0,339.76,0.0,1,14.34,11.53,SPY210115P00315000,315.0,0,0.0,0.0,,0.0,normalDay
2020-10-06,8763.0,162.0,0.0,0,334.93,0.0,1,14.34,12.72,SPY210115P00315000,315.0,0,0.0,0.0,,0.0,normalDay
2020-10-07,8763.0,370.0,0.0,0,340.76,0.0,1,14.34,10.64,SPY210115P00315000,315.0,0,0.0,0.0,,0.0,normalDay
2020-10-08,8763.0,501.0,0.0,0,343.78,0.0,1,14.34,9.33,SPY210115P00315000,315.0,0,0.0,0.0,,0.0,normalDay
2020-10-09,8763.0,640.0,0.0,0,346.85,0.0,1,14.34,7.94,SPY210115P00315000,315.0,0,0.0,0.0,,0.0,normalDay
2020-10-12,8763.0,756.0,0.0,0,352.43,0.0,1,14.34,6.78,SPY210115P00315000,315.0,0,0.0,0.0,,0.0,normalDay
2020-10-13,8763.0,706.0,0.0,0,350.13,0.0,1,14.34,7.28,SPY210115P00315000,315.0,0,0.0,0.0,,0.0,normalDay
2020-10-14,8763.0,681.0,0.0,0,347.93,0.0,1,14.34,7.53,SPY210115P00315000,315.0,0,0.0,0.0,,0.0,normalDay
2020-10-15,8763.0,668.0,0.0,0,347.5,0.0,1,14.34,7.66,SPY210115P00315000,315.0,0,0.0,0.0,,0.0,normalDay
2020-10-16,8763.0,635.0,0.0,0,347.29,0.0,1,14.34,7.99,SPY210115P00315000,315.0,0,0.0,0.0,,0.0,normalDay
2020-10-19,8763.0,515.0,0.0,0,342.01,0.0,1,14.34,9.19,SPY210115P00315000,315.0,0,0.0,0.0,,0.0,normalDay
2020-10-20,8763.0,535.0,0.0,0,343.38,0.0,1,14.34,8.99,SPY210115P00315000,315.0,0,0.0,0.0,,0.0,normalDay
2020-10-21,8763.0,581.0,0.0,0,342.73,0.0,1,14.34,8.53,SPY210115P00315000,315.0,0,0.0,0.0,,0.0,normalDay
2020-10-22,8763.0,624.0,0.0,0,344.61,0.0,1,14.34,8.1,SPY210115P00315000,315.0,0,0.0,0.0,,0.0,normalDay
2020-10-23,8763.0,658.0,0.0,0,345.78,0.0,1,14.34,7.76,SPY210115P00315000,315.0,0,0.0,0.0,,0.0,normalDay
2020-10-26,8763.0,442.0,0.0,0,339.39,0.0,1,14.34,9.92,SPY210115P00315000,315.0,0,0.0,0.0,,0.0,normalDay
2020-10-27,8763.0,408.0,0.0,0,338.22,0.0,1,14.34,10.26,SPY210115P00315000,315.0,0,0.0,0.0,,0.0,normalDay
2020-10-28,8763.0,-141.0,0.0,0,326.66,0.0,1,14.34,15.75,SPY210115P00315000,315.0,0,0.0,0.0,,0.0,normalDay
2020-10-29,8763.0,126.0,0.0,0,329.98,0.0,1,14.34,13.08,SPY210115P00315000,315.0,0,0.0,0.0,,0.0,normalDay
2020-10-30,8763.0,-7.0,0.0,0,326.54,0.0,1,14.34,14.41,SPY210115P00315000,315.0,0,0.0,0.0,,0.0,normalDay
2020-11-02,8763.0,189.0,0.0,0,330.2,0.0,1,14.34,12.45,SPY210115P00315000,315.0,0,0.0,0.0,,0.0,normalDay
2020-11-03,8763.0,389.0,0.0,0,336.03,0.0,1,14.34,10.45,SPY210115P00315000,315.0,0,0.0,0.0,,0.0,normalDay
2020-11-04,8763.0,708.0,0.0,0,343.54,0.0,1,14.34,7.26,SPY210115P00315000,315.0,0,0.0,0.0,,0.0,normalDay
2020-11-05,8763.0,834.0,0.0,0,350.24,0.0,1,14.34,6.0,SPY210115P00315000,315.0,0,0.0,0.0,,0.0,normalDay
2020-11-06,8763.0,902.0,0.0,0,350.16,0.0,1,14.34,5.32,SPY210115P00315000,315.0,0,0.0,0.0,,0.0,normalDay
2020-11-09,8763.0,1007.0,0.0,0,354.56,0.0,1,14.34,4.27,SPY210115P00315000,315.0,0,0.0,0.0,,0.0,normalDay
2020-11-10,8763.0,1019.0,0.0,0,354.04,0.0,1,14.34,4.15,SPY210115P00315000,315.0,0,0.0,0.0,,0.0,normalDay
2020-11-11,8763.0,1076.0,0.0,0,356.67,0.0,1,14.34,3.58,SPY210115P00315000,315.0,0,0.0,0.0,,0.0,normalDay
2020-11-12,8763.0,993.0,0.0,0,353.21,0.0,1,14.34,4.41,SPY210115P00315000,315.0,0,0.0,0.0,,0.0,normalDay
2020-11-13,8763.0,1095.0,0.0,0,358.1,0.0,1,14.34,3.39,SPY210115P00315000,315.0,0,0.0,0.0,,0.0,normalDay
2020-11-16,8763.0,1158.0,0.0,0,362.57,0.0,1,14.34,2.76,SPY210115P00315000,315.0,0,0.0,0.0,,0.0,normalDay
2020-11-17,8763.0,1152.0,0.0,0,360.62,0.0,1,14.34,2.82,SPY210115P00315000,315.0,0,0.0,0.0,,0.0,normalDay
2020-11-18,8763.0,1107.0,0.0,0,356.28,0.0,1,14.34,3.27,SPY210115P00315000,315.0,0,0.0,0.0,,0.0,normalDay
2020-11-19,8763.0,1146.0,0.0,0,357.78,0.0,1,14.34,2.88,SPY210115P00315000,315.0,0,0.0,0.0,,0.0,normalDay
2020-11-20,8763.0,1119.0,0.0,0,355.33,0.0,1,14.34,3.15,SPY210115P00315000,315.0,0,0.0,0.0,,0.0,normalDay
2020-11-23,8763.0,1170.0,0.0,0,357.46,0.0,1,14.34,2.64,SPY210115P00315000,315.0,0,0.0,0.0,,0.0,normalDay
2020-11-24,8763.0,1234.0,0.0,0,363.22,0.0,1,14.34,2.0,SPY210115P00315000,315.0,0,0.0,0.0,,0.0,normalDay
2020-11-25,8763.0,1248.0,0.0,0,362.66,0.0,1,14.34,1.86,SPY210115P00315000,315.0,0,0.0,0.0,,0.0,normalDay
2020-11-27,8763.0,1270.0,0.0,0,363.67,0.0,1,14.34,1.64,SPY210115P00315000,315.0,0,0.0,0.0,,0.0,normalDay
2020-11-30,8763.0,1283.0,0.0,0,362.06,0.0,1,14.34,1.51,SPY210115P00315000,315.0,0,0.0,0.0,,0.0,normalDay
2020-12-01,8763.0,1294.0,0.0,0,366.02,0.0,1,14.34,1.4,SPY210115P00315000,315.0,0,0.0,0.0,,0.0,normalDay
2020-12-02,8763.0,1300.0,0.0,0,366.79,0.0,1,14.34,1.34,SPY210115P00315000,315.0,0,0.0,0.0,,0.0,normalDay
2020-12-03,8763.0,1298.0,0.0,0,366.69,0.0,1,14.34,1.36,SPY210115P00315000,315.0,0,0.0,0.0,,0.0,normalDay
2020-12-04,8763.0,1330.0,0.0,0,369.85,0.0,1,14.34,1.04,SPY210115P00315000,315.0,0,0.0,0.0,,0.0,normalDay
2020-12-07,8763.0,1334.0,0.0,0,369.09,0.0,1,14.34,1.0,SPY210115P00315000,315.0,0,0.0,0.0,,0.0,normalDay
2020-12-08,8763.0,1354.0,0.0,0,370.17,0.0,1,14.34,0.8,SPY210115P00315000,315.0,0,0.0,0.0,,0.0,normalDay
2020-12-09,8763.0,1336.0,0.0,0,366.85,0.0,1,14.34,0.98,SPY210115P00315000,315.0,0,0.0,0.0,,0.0,normalDay
2020-12-10,8763.0,1337.0,0.0,0,366.73,0.0,1,14.34,0.97,SPY210115P00315000,315.0,0,0.0,0.0,,0.0,normalDay
2020-12-11,8763.0,1328.0,0.0,0,366.3,0.0,1,14.34,1.06,SPY210115P00315000,315.0,0,0.0,0.0,,0.0,normalDay
2020-12-14,8763.0,1318.0,0.0,0,364.66,0.0,1,14.34,1.16,SPY210115P00315000,315.0,0,0.0,0.0,,0.0,normalDay
2020-12-15,8763.0,1350.0,0.0,0,369.59,0.0,1,14.34,0.84,SPY210115P00315000,315.0,0,0.0,0.0,,0.0,normalDay
2020-12-16,8763.0,1361.0,0.0,0,370.17,0.0,1,14.34,0.73,SPY210115P00315000,315.0,0,0.0,0.0,,0.0,normalDay
2020-12-17,8763.0,1374.0,0.0,0,372.24,0.0,1,14.34,0.6,SPY210115P00315000,315.0,0,0.0,0.0,,0.0,normalDay
2020-12-18,8763.0,1378.0,0.0,0,369.18,0.0,1,14.34,0.56,SPY210115P00315000,315.0,0,0.0,0.0,,0.0,normalDay
2020-12-21,8763.0,1356.0,0.0,0,367.86,0.0,1,14.34,0.78,SPY210115P00315000,315.0,0,0.0,0.0,,0.0,normalDay
2020-12-22,8763.0,1366.0,0.0,0,367.24,0.0,1,14.34,0.68,SPY210115P00315000,315.0,0,0.0,0.0,,0.0,normalDay
2020-12-23,8763.0,1377.0,0.0,0,367.57,0.0,1,14.34,0.57,SPY210115P00315000,315.0,0,0.0,0.0,,0.0,normalDay
2020-12-24,8763.0,1391.0,0.0,0,369.0,0.0,1,14.34,0.43,SPY210115P00315000,315.0,0,0.0,0.0,,0.0,normalDay
2020-12-28,8763.0,1405.0,0.0,0,372.17,0.0,1,14.34,0.29,SPY210115P00315000,315.0,0,0.0,0.0,,0.0,normalDay
2020-12-29,8763.0,1401.0,0.0,0,371.46,0.0,1,14.34,0.33,SPY210115P00315000,315.0,0,0.0,0.0,,0.0,normalDay
2020-12-30,8763.0,1405.0,0.0,0,371.99,0.0,1,14.34,0.29,SPY210115P00315000,315.0,0,0.0,0.0,,0.0,normalDay
2020-12-31,8763.0,1407.0,0.0,0,373.88,0.0,1,14.34,0.27,SPY210115P00315000,315.0,0,0.0,0.0,,0.0,normalDay
2021-01-04,8763.0,1405.0,0.0,0,368.79,0.0,1,14.34,0.29,SPY210115P00315000,315.0,0,0.0,0.0,,0.0,normalDay
2021-01-05,8763.0,1415.0,0.0,0,371.33,0.0,1,14.34,0.19,SPY210115P00315000,315.0,0,0.0,0.0,,0.0,normalDay
2021-01-06,8763.0,1411.0,0.0,0,373.55,0.0,1,14.34,0.23,SPY210115P00315000,315.0,0,0.0,0.0,,0.0,normalDay
2021-01-07,8763.0,1425.0,0.0,0,379.1,0.0,1,14.34,0.09,SPY210115P00315000,315.0,0,0.0,0.0,,0.0,normalDay
2021-01-08,8763.0,1429.0,0.0,0,381.26,0.0,1,14.34,0.05,SPY210115P00315000,315.0,0,0.0,0.0,,0.0,normalDay
2021-01-11,8763.0,1430.0,0.0,0,378.69,0.0,1,14.34,0.04,SPY210115P00315000,315.0,0,0.0,0.0,,0.0,normalDay
2021-01-12,8763.0,1431.0,0.0,0,378.77,0.0,1,14.34,0.03,SPY210115P00315000,315.0,0,0.0,0.0,,0.0,normalDay
2021-01-13,8763.0,1432.0,0.0,0,379.79,0.0,1,14.34,0.02,SPY210115P00315000,315.0,0,0.0,0.0,,0.0,normalDay
2021-01-14,8763.0,1433.0,0.0,0,378.46,0.0,1,14.34,0.01,SPY210115P00315000,315.0,0,0.0,0.0,,0.0,normalDay
2021-01-15,10197.0,0.0,1434.0,0,375.7,0.0,1,14.34,0.0,SPY210115P00315000,315.0,0,0.0,0.0,,0.0,expirationDay
2021-01-19,10197.0,-8.0,0.0,0,378.65,0.0,1,11.65,11.73,SPY210521P00355000,355.0,0,0.0,0.0,,0.0,normalDay
2021-01-20,10197.0,152.0,0.0,0,383.89,0.0,1,11.65,10.13,SPY210521P00355000,355.0,0,0.0,0.0,,0.0,normalDay
2021-01-21,10197.0,165.0,0.0,0,384.24,0.0,1,11.65,10.0,SPY210521P00355000,355.0,0,0.0,0.0,,0.0,normalDay
2021-01-22,10197.0,127.0,0.0,0,382.88,0.0,1,11.65,10.38,SPY210521P00355000,355.0,0,0.0,0.0,,0.0,normalDay
2021-01-25,10197.0,130.0,0.0,0,384.39,0.0,1,11.65,10.35,SPY210521P00355000,355.0,0,0.0,0.0,,0.0,normalDay
2021-01-26,10197.0,122.0,0.0,0,383.79,0.0,1,11.65,10.43,SPY210521P00355000,355.0,0,0.0,0.0,,0.0,normalDay
2021-01-27,10197.0,-414.0,0.0,0,374.41,0.0,1,11.65,15.79,SPY210521P00355000,355.0,0,0.0,0.0,,0.0,normalDay
2021-01-28,10197.0,-207.0,0.0,0,377.63,0.0,1,11.65,13.72,SPY210521P00355000,355.0,0,0.0,0.0,,0.0,normalDay
2021-01-29,10197.0,-560.0,0.0,0,370.07,0.0,1,11.65,17.25,SPY210521P00355000,355.0,0,0.0,0.0,,0.0,normalDay
2021-02-01,10197.0,-257.0,0.0,0,376.23,0.0,1,11.65,14.22,SPY210521P00355000,355.0,0,0.0,0.0,,0.0,normalDay
2021-02-02,10197.0,46.0,0.0,0,381.55,0.0,1,11.65,11.19,SPY210521P00355000,355.0,0,0.0,0.0,,0.0,normalDay
2021-02-03,10197.0,131.0,0.0,0,381.85,0.0,1,11.65,10.34,SPY210521P00355000,355.0,0,0.0,0.0,,0.0,normalDay
2021-02-04,10197.0,256.0,0.0,0,386.19,0.0,1,11.65,9.09,SPY210521P00355000,355.0,0,0.0,0.0,,0.0,normalDay
2021-02-05,10197.0,295.0,0.0,0,387.71,0.0,1,11.65,8.7,SPY210521P00355000,355.0,0,0.0,0.0,,0.0,normalDay
2021-02-08,10197.0,360.0,0.0,0,390.51,0.0,1,11.65,8.05,SPY210521P00355000,355.0,0,0.0,0.0,,0.0,normalDay
2021-02-09,10197.0,355.0,0.0,0,390.25,0.0,1,11.65,8.1,SPY210521P00355000,355.0,0,0.0,0.0,,0.0,normalDay
2021-02-10,10197.0,335.0,0.0,0,390.08,0.0,1,11.65,8.3,SPY210521P00355000,355.0,0,0.0,0.0,,0.0,normalDay
2021-02-11,10197.0,368.0,0.0,0,390.71,0.0,1,11.65,7.97,SPY210521P00355000,355.0,0,0.0,0.0,,0.0,normalDay
2021-02-12,10197.0,444.0,0.0,0,392.64,0.0,1,11.65,7.21,SPY210521P00355000,355.0,0,0.0,0.0,,0.0,normalDay
2021-02-16,10197.0,434.0,0.0,0,392.3,0.0,1,11.65,7.31,SPY210521P00355000,355.0,0,0.0,0.0,,0.0,normalDay
2021-02-17,10197.0,452.0,0.0,0,392.39,0.0,1,11.65,7.13,SPY210521P00355000,355.0,0,0.0,0.0,,0.0,normalDay
2021-02-18,10197.0,413.0,0.0,0,390.72,0.0,1,11.65,7.52,SPY210521P00355000,355.0,0,0.0,0.0,,0.0,normalDay
2021-02-19,10197.0,429.0,0.0,0,390.03,0.0,1,11.65,7.36,SPY210521P00355000,355.0,0,0.0,0.0,,0.0,normalDay
2021-02-22,10197.0,371.0,0.0,0,387.03,0.0,1,11.65,7.94,SPY210521P00355000,355.0,0,0.0,0.0,,0.0,normalDay
2021-02-23,10197.0,417.0,0.0,0,387.5,0.0,1,11.65,7.48,SPY210521P00355000,355.0,0,0.0,0.0,,0.0,normalDay
2021-02-24,10197.0,541.0,0.0,0,391.77,0.0,1,11.65,6.24,SPY210521P00355000,355.0,0,0.0,0.0,,0.0,normalDay
2021-02-25,10197.0,222.0,0.0,0,382.33,0.0,1,11.65,9.43,SPY210521P00355000,355.0,0,0.0,0.0,,0.0,normalDay
2021-02-26,10197.0,237.0,0.0,0,380.36,0.0,1,11.65,9.28,SPY210521P00355000,355.0,0,0.0,0.0,,0.0,normalDay
2021-03-01,10197.0,521.0,0.0,0,389.58,0.0,1,11.65,6.44,SPY210521P00355000,355.0,0,0.0,0.0,,0.0,normalDay
2021-03-02,10197.0,459.0,0.0,0,386.54,0.0,1,11.65,7.06,SPY210521P00355000,355.0,0,0.0,0.0,,0.0,normalDay
2021-03-03,10197.0,330.0,0.0,0,381.42,0.0,1,11.65,8.35,SPY210521P00355000,355.0,0,0.0,0.0,,0.0,normalDay
2021-03-04,10197.0,192.0,0.0,0,376.7,0.0,1,11.65,9.73,SPY210521P00355000,355.0,0,0.0,0.0,,0.0,normalDay
2021-03-05,10197.0,432.0,0.0,0,383.63,0.0,1,11.65,7.33,SPY210521P00355000,355.0,0,0.0,0.0,,0.0,normalDay
2021-03-08,10197.0,407.0,0.0,0,381.72,0.0,1,11.65,7.58,SPY210521P00355000,355.0,0,0.0,0.0,,0.0,normalDay
2021-03-09,10197.0,541.0,0.0,0,387.17,0.0,1,11.65,6.24,SPY210521P00355000,355.0,0,0.0,0.0,,0.0,normalDay
2021-03-10,10197.0,611.0,0.0,0,389.58,0.0,1,11.65,5.54,SPY210521P00355000,355.0,0,0.0,0.0,,0.0,normalDay
2021-03-11,10197.0,680.0,0.0,0,393.53,0.0,1,11.65,4.85,SPY210521P00355000,355.0,0,0.0,0.0,,0.0,normalDay
2021-03-12,10197.0,724.0,0.0,0,394.06,0.0,1,11.65,4.41,SPY210521P00355000,355.0,0,0.0,0.0,,0.0,normalDay
2021-03-15,10197.0,791.0,0.0,0,396.41,0.0,1,11.65,3.74,SPY210521P00355000,355.0,0,0.0,0.0,,0.0,normalDay
2021-03-16,10197.0,791.0,0.0,0,395.91,0.0,1,11.65,3.74,SPY210521P00355000,355.0,0,0.0,0.0,,0.0,normalDay
2021-03-17,10197.0,834.0,0.0,0,397.26,0.0,1,11.65,3.31,SPY210521P00355000,355.0,0,0.0,0.0,,0.0,normalDay
2021-03-18,10197.0,752.0,0.0,0,391.48,0.0,1,11.65,4.13,SPY210521P00355000,355.0,0,0.0,0.0,,0.0,normalDay
2021-03-19,10197.0,755.0,0.0,0,389.48,0.0,1,11.65,4.1,SPY210521P00355000,355.0,0,0.0,0.0,,0.0,normalDay
2021-03-22,10197.0,871.0,0.0,0,392.59,0.0,1,11.65,2.94,SPY210521P00355000,355.0,0,0.0,0.0,,0.0,normalDay
2021-03-23,10197.0,816.0,0.0,0,389.5,0.0,1,11.65,3.49,SPY210521P00355000,355.0,0,0.0,0.0,,0.0,normalDay
2021-03-24,10197.0,787.0,0.0,0,387.52,0.0,1,11.65,3.78,SPY210521P00355000,355.0,0,0.0,0.0,,0.0,normalDay
2021-03-25,10197.0,850.0,0.0,0,389.7,0.0,1,11.65,3.15,SPY210521P00355000,355.0,0,0.0,0.0,,0.0,normalDay
2021-03-26,10197.0,926.0,0.0,0,395.98,0.0,1,11.65,2.39,SPY210521P00355000,355.0,0,0.0,0.0,,0.0,normalDay
2021-03-29,10197.0,908.0,0.0,0,395.78,0.0,1,11.65,2.57,SPY210521P00355000,355.0,0,0.0,0.0,,0.0,normalDay
2021-03-30,10197.0,931.0,0.0,0,394.73,0.0,1,11.65,2.34,SPY210521P00355000,355.0,0,0.0,0.0,,0.0,normalDay
2021-03-31,10197.0,960.0,0.0,0,396.33,0.0,1,11.65,2.05,SPY210521P00355000,355.0,0,0.0,0.0,,0.0,normalDay
2021-04-01,10197.0,1014.0,0.0,0,400.61,0.0,1,11.65,1.51,SPY210521P00355000,355.0,0,0.0,0.0,,0.0,normalDay
2021-04-05,10197.0,1052.0,0.0,0,406.36,0.0,1,11.65,1.13,SPY210521P00355000,355.0,0,0.0,0.0,,0.0,normalDay
2021-04-06,10197.0,1051.0,0.0,0,406.12,0.0,1,11.65,1.14,SPY210521P00355000,355.0,0,0.0,0.0,,0.0,normalDay
2021-04-07,10197.0,1066.0,0.0,0,406.59,0.0,1,11.65,0.99,SPY210521P00355000,355.0,0,0.0,0.0,,0.0,normalDay
2021-04-08,10197.0,1079.0,0.0,0,408.52,0.0,1,11.65,0.86,SPY210521P00355000,355.0,0,0.0,0.0,,0.0,normalDay
2021-04-09,10197.0,1086.0,0.0,0,411.49,0.0,1,11.65,0.79,SPY210521P00355000,355.0,0,0.0,0.0,,0.0,normalDay
2021-04-12,10197.0,1097.0,0.0,0,411.64,0.0,1,11.65,0.68,SPY210521P00355000,355.0,0,0.0,0.0,,0.0,normalDay
2021-04-13,10197.0,1106.0,0.0,0,412.86,0.0,1,11.65,0.59,SPY210521P00355000,355.0,0,0.0,0.0,,0.0,normalDay
2021-04-14,10197.0,1102.0,0.0,0,411.45,0.0,1,11.65,0.63,SPY210521P00355000,355.0,0,0.0,0.0,,0.0,normalDay
2021-04-15,10197.0,1114.0,0.0,0,415.87,0.0,1,11.65,0.51,SPY210521P00355000,355.0,0,0.0,0.0,,0.0,normalDay
2021-04-16,10197.0,1118.0,0.0,0,417.26,0.0,1,11.65,0.47,SPY210521P00355000,355.0,0,0.0,0.0,,0.0,normalDay
2021-04-19,10197.0,1117.0,0.0,0,415.21,0.0,1,11.65,0.48,SPY210521P00355000,355.0,0,0.0,0.0,,0.0,normalDay
2021-04-20,10197.0,1106.0,0.0,0,412.17,0.0,1,11.65,0.59,SPY210521P00355000,355.0,0,0.0,0.0,,0.0,normalDay
2021-04-21,10197.0,1123.0,0.0,0,416.07,0.0,1,11.65,0.42,SPY210521P00355000,355.0,0,0.0,0.0,,0.0,normalDay
2021-04-22,10197.0,1111.0,0.0,0,412.27,0.0,1,11.65,0.54,SPY210521P00355000,355.0,0,0.0,0.0,,0.0,normalDay
2021-04-23,10197.0,1133.0,0.0,0,416.74,0.0,1,11.65,0.32,SPY210521P00355000,355.0,0,0.0,0.0,,0.0,normalDay
2021-04-26,10197.0,1138.0,0.0,0,417.61,0.0,1,11.65,0.27,SPY210521P00355000,355.0,0,0.0,0.0,,0.0,normalDay
2021-04-27,10197.0,1141.0,0.0,0,417.52,0.0,1,11.65,0.24,SPY210521P00355000,355.0,0,0.0,0.0,,0.0,normalDay
2021-04-28,10197.0,1144.0,0.0,0,417.4,0.0,1,11.65,0.21,SPY210521P00355000,355.0,0,0.0,0.0,,0.0,normalDay
2021-04-29,10197.0,1144.0,0.0,0,420.06,0.0,1,11.65,0.21,SPY210521P00355000,355.0,0,0.0,0.0,,0.0,normalDay
2021-04-30,10197.0,1137.0,0.0,0,417.3,0.0,1,11.65,0.28,SPY210521P00355000,355.0,0,0.0,0.0,,0.0,normalDay
2021-05-03,10197.0,1141.0,0.0,0,418.2,0.0,1,11.65,0.24,SPY210521P00355000,355.0,0,0.0,0.0,,0.0,normalDay
2021-05-04,10197.0,1140.0,0.0,0,415.62,0.0,1,11.65,0.25,SPY210521P00355000,355.0,0,0.0,0.0,,0.0,normalDay
2021-05-05,10197.0,1141.0,0.0,0,415.75,0.0,1,11.65,0.24,SPY210521P00355000,355.0,0,0.0,0.0,,0.0,normalDay
2021-05-06,10197.0,1146.0,0.0,0,419.07,0.0,1,11.65,0.19,SPY210521P00355000,355.0,0,0.0,0.0,,0.0,normalDay
2021-05-07,10197.0,1150.0,0.0,0,422.12,0.0,1,11.65,0.15,SPY210521P00355000,355.0,0,0.0,0.0,,0.0,normalDay
2021-05-10,10197.0,1146.0,0.0,0,417.94,0.0,1,11.65,0.19,SPY210521P00355000,355.0,0,0.0,0.0,,0.0,normalDay
2021-05-11,10197.0,1145.0,0.0,0,414.21,0.0,1,11.65,0.2,SPY210521P00355000,355.0,0,0.0,0.0,,0.0,normalDay
2021-05-12,10197.0,1114.0,0.0,0,405.41,0.0,1,11.65,0.51,SPY210521P00355000,355.0,0,0.0,0.0,,0.0,normalDay
2021-05-13,10197.0,1145.0,0.0,0,410.28,0.0,1,11.65,0.2,SPY210521P00355000,355.0,0,0.0,0.0,,0.0,normalDay
2021-05-14,10197.0,1158.0,0.0,0,416.58,0.0,1,11.65,0.07,SPY210521P00355000,355.0,0,0.0,0.0,,0.0,normalDay
2021-05-17,10197.0,1161.0,0.0,0,415.52,0.0,1,11.65,0.04,SPY210521P00355000,355.0,0,0.0,0.0,,0.0,normalDay
2021-05-18,10197.0,1162.0,0.0,0,411.94,0.0,1,11.65,0.03,SPY210521P00355000,355.0,0,0.0,0.0,,0.0,normalDay
2021-05-19,10197.0,1163.0,0.0,0,410.86,0.0,1,11.65,0.02,SPY210521P00355000,355.0,0,0.0,0.0,,0.0,normalDay
2021-05-20,10197.0,1164.0,0.0,0,415.28,0.0,1,11.65,0.01,SPY210521P00355000,355.0,0,0.0,0.0,,0.0,normalDay
2021-05-21,11362.0,0.0,1165.0,0,414.94,0.0,1,11.65,0.0,SPY210521P00355000,355.0,0,0.0,0.0,,0.0,expirationDay
2021-05-24,11362.0,-6.0,0.0,0,419.17,0.0,1,11.79,11.85,SPY210930P00400000,400.0,0,0.0,0.0,,0.0,normalDay
2021-05-25,11362.0,-37.0,0.0,0,418.24,0.0,1,11.79,12.16,SPY210930P00400000,400.0,0,0.0,0.0,,0.0,normalDay
2021-05-26,11362.0,48.0,0.0,0,419.07,0.0,1,11.79,11.31,SPY210930P00400000,400.0,0,0.0,0.0,,0.0,normalDay
2021-05-27,11362.0,135.0,0.0,0,419.29,0.0,1,11.79,10.44,SPY210930P00400000,400.0,0,0.0,0.0,,0.0,normalDay
2021-05-28,11362.0,158.0,0.0,0,420.04,0.0,1,11.79,10.21,SPY210930P00400000,400.0,0,0.0,0.0,,0.0,normalDay
2021-06-01,11362.0,122.0,0.0,0,419.67,0.0,1,11.79,10.57,SPY210930P00400000,400.0,0,0.0,0.0,,0.0,normalDay
2021-06-02,11362.0,148.0,0.0,0,420.33,0.0,1,11.79,10.31,SPY210930P00400000,400.0,0,0.0,0.0,,0.0,normalDay
2021-06-03,11362.0,88.0,0.0,0,418.77,0.0,1,11.79,10.91,SPY210930P00400000,400.0,0,0.0,0.0,,0.0,normalDay
2021-06-04,11362.0,230.0,0.0,0,422.6,0.0,1,11.79,9.49,SPY210930P00400000,400.0,0,0.0,0.0,,0.0,normalDay
2021-06-07,11362.0,264.0,0.0,0,422.19,0.0,1,11.79,9.15,SPY210930P00400000,400.0,0,0.0,0.0,,0.0,normalDay
2021-06-08,11362.0,255.0,0.0,0,422.28,0.0,1,11.79,9.24,SPY210930P00400000,400.0,0,0.0,0.0,,0.0,normalDay
2021-06-09,11362.0,223.0,0.0,0,421.65,0.0,1,11.79,9.56,SPY210930P00400000,400.0,0,0.0,0.0,,0.0,normalDay
2021-06-10,11362.0,347.0,0.0,0,423.61,0.0,1,11.79,8.32,SPY210930P00400000,400.0,0,0.0,0.0,,0.0,normalDay
2021-06-11,11362.0,385.0,0.0,0,424.31,0.0,1,11.79,7.94,SPY210930P00400000,400.0,0,0.0,0.0,,0.0,normalDay
2021-06-14,11362.0,397.0,0.0,0,425.26,0.0,1,11.79,7.82,SPY210930P00400000,400.0,0,0.0,0.0,,0.0,normalDay
2021-06-15,11362.0,362.0,0.0,0,424.48,0.0,1,11.79,8.17,SPY210930P00400000,400.0,0,0.0,0.0,,0.0,normalDay
2021-06-16,11362.0,290.0,0.0,0,422.11,0.0,1,11.79,8.89,SPY210930P00400000,400.0,0,0.0,0.0,,0.0,normalDay
2021-06-17,11362.0,311.0,0.0,0,421.97,0.0,1,11.79,8.68,SPY210930P00400000,400.0,0,0.0,0.0,,0.0,normalDay
2021-06-18,11362.0,60.0,0.0,0,414.92,0.0,1,11.79,11.19,SPY210930P00400000,400.0,0,0.0,0.0,,0.0,normalDay
2021-06-21,11362.0,328.0,0.0,0,420.86,0.0,1,11.79,8.51,SPY210930P00400000,400.0,0,0.0,0.0,,0.0,normalDay
2021-06-22,11362.0,414.0,0.0,0,423.11,0.0,1,11.79,7.65,SPY210930P00400000,400.0,0,0.0,0.0,,0.0,normalDay
2021-06-23,11362.0,437.0,0.0,0,422.6,0.0,1,11.79,7.42,SPY210930P00400000,400.0,0,0.0,0.0,,0.0,normalDay
2021-06-24,11362.0,504.0,0.0,0,425.1,0.0,1,11.79,6.75,SPY210930P00400000,400.0,0,0.0,0.0,,0.0,normalDay
2021-06-25,11362.0,556.0,0.0,0,426.61,0.0,1,11.79,6.23,SPY210930P00400000,400.0,0,0.0,0.0,,0.0,normalDay
2021-06-28,11362.0,582.0,0.0,0,427.47,0.0,1,11.79,5.97,SPY210930P00400000,400.0,0,0.0,0.0,,0.0,normalDay
2021-06-29,11362.0,579.0,0.0,0,427.7,0.0,1,11.79,6.0,SPY210930P00400000,400.0,0,0.0,0.0,,0.0,normalDay
2021-06-30,11362.0,589.0,0.0,0,428.06,0.0,1,11.79,5.9,SPY210930P00400000,400.0,0,0.0,0.0,,0.0,normalDay
2021-07-01,11362.0,620.0,0.0,0,430.43,0.0,1,11.79,5.59,SPY210930P00400000,400.0,0,0.0,0.0,,0.0,normalDay
2021-07-02,11362.0,674.0,0.0,0,433.72,0.0,1,11.79,5.05,SPY210930P00400000,400.0,0,0.0,0.0,,0.0,normalDay
2021-07-06,11362.0,648.0,0.0,0,432.93,0.0,1,11.79,5.31,SPY210930P00400000,400.0,0,0.0,0.0,,0.0,normalDay
2021-07-07,11362.0,665.0,0.0,0,434.46,0.0,1,11.79,5.14,SPY210930P00400000,400.0,0,0.0,0.0,,0.0,normalDay
2021-07-08,11362.0,554.0,0.0,0,430.92,0.0,1,11.79,6.25,SPY210930P00400000,400.0,0,0.0,0.0,,0.0,normalDay
2021-07-09,11362.0,693.0,0.0,0,435.52,0.0,1,11.79,4.86,SPY210930P00400000,400.0,0,0.0,0.0,,0.0,normalDay
2021-07-12,11362.0,722.0,0.0,0,437.08,0.0,1,11.79,4.57,SPY210930P00400000,400.0,0,0.0,0.0,,0.0,normalDay
2021-07-13,11362.0,672.0,0.0,0,435.59,0.0,1,11.79,5.07,SPY210930P00400000,400.0,0,0.0,0.0,,0.0,normalDay
2021-07-14,11362.0,709.0,0.0,0,436.24,0.0,1,11.79,4.7,SPY210930P00400000,400.0,0,0.0,0.0,,0.0,normalDay
2021-07-15,11362.0,672.0,0.0,0,434.75,0.0,1,11.79,5.07,SPY210930P00400000,400.0,0,0.0,0.0,,0.0,normalDay
2021-07-16,11362.0,598.0,0.0,0,431.34,0.0,1,11.79,5.81,SPY210930P00400000,400.0,0,0.0,0.0,,0.0,normalDay
2021-07-19,11362.0,395.0,0.0,0,424.97,0.0,1,11.79,7.84,SPY210930P00400000,400.0,0,0.0,0.0,,0.0,normalDay
2021-07-20,11362.0,584.0,0.0,0,431.06,0.0,1,11.79,5.95,SPY210930P00400000,400.0,0,0.0,0.0,,0.0,normalDay
2021-07-21,11362.0,701.0,0.0,0,434.55,0.0,1,11.79,4.78,SPY210930P00400000,400.0,0,0.0,0.0,,0.0,normalDay
2021-07-22,11362.0,716.0,0.0,0,435.46,0.0,1,11.79,4.63,SPY210930P00400000,400.0,0,0.0,0.0,,0.0,normalDay
2021-07-23,11362.0,779.0,0.0,0,439.94,0.0,1,11.79,4.0,SPY210930P00400000,400.0,0,0.0,0.0,,0.0,normalDay
2021-07-26,11362.0,809.0,0.0,0,441.02,0.0,1,11.79,3.7,SPY210930P00400000,400.0,0,0.0,0.0,,0.0,normalDay
2021-07-27,11362.0,745.0,0.0,0,439.01,0.0,1,11.79,4.34,SPY210930P00400000,400.0,0,0.0,0.0,,0.0,normalDay
2021-07-28,11362.0,778.0,0.0,0,438.83,0.0,1,11.79,4.01,SPY210930P00400000,400.0,0,0.0,0.0,,0.0,normalDay
2021-07-29,11362.0,827.0,0.0,0,440.65,0.0,1,11.79,3.52,SPY210930P00400000,400.0,0,0.0,0.0,,0.0,normalDay
2021-07-30,11362.0,806.0,0.0,0,438.51,0.0,1,11.79,3.73,SPY210930P00400000,400.0,0,0.0,0.0,,0.0,normalDay
2021-08-02,11362.0,776.0,0.0,0,437.59,0.0,1,11.79,4.03,SPY210930P00400000,400.0,0,0.0,0.0,,0.0,normalDay
2021-08-03,11362.0,852.0,0.0,0,441.15,0.0,1,11.79,3.27,SPY210930P00400000,400.0,0,0.0,0.0,,0.0,normalDay
2021-08-04,11362.0,842.0,0.0,0,438.98,0.0,1,11.79,3.37,SPY210930P00400000,400.0,0,0.0,0.0,,0.0,normalDay
2021-08-05,11362.0,886.0,0.0,0,441.76,0.0,1,11.79,2.93,SPY210930P00400000,400.0,0,0.0,0.0,,0.0,normalDay
2021-08-06,11362.0,923.0,0.0,0,442.49,0.0,1,11.79,2.56,SPY210930P00400000,400.0,0,0.0,0.0,,0.0,normalDay
2021-08-09,11362.0,927.0,0.0,0,442.13,0.0,1,11.79,2.52,SPY210930P00400000,400.0,0,0.0,0.0,,0.0,normalDay
2021-08-10,11362.0,933.0,0.0,0,442.68,0.0,1,11.79,2.46,SPY210930P00400000,400.0,0,0.0,0.0,,0.0,normalDay
2021-08-11,11362.0,960.0,0.0,0,443.78,0.0,1,11.79,2.19,SPY210930P00400000,400.0,0,0.0,0.0,,0.0,normalDay
2021-08-12,11362.0,986.0,0.0,0,445.11,0.0,1,11.79,1.93,SPY210930P00400000,400.0,0,0.0,0.0,,0.0,normalDay
2021-08-13,11362.0,998.0,0.0,0,445.92,0.0,1,11.79,1.81,SPY210930P00400000,400.0,0,0.0,0.0,,0.0,normalDay
2021-08-16,11362.0,1009.0,0.0,0,446.97,0.0,1,11.79,1.7,SPY210930P00400000,400.0,0,0.0,0.0,,0.0,normalDay
2021-08-17,11362.0,959.0,0.0,0,444.04,0.0,1,11.79,2.2,SPY210930P00400000,400.0,0,0.0,0.0,,0.0,normalDay
2021-08-18,11362.0,861.0,0.0,0,439.18,0.0,1,11.79,3.18,SPY210930P00400000,400.0,0,0.0,0.0,,0.0,normalDay
2021-08-19,11362.0,865.0,0.0,0,439.86,0.0,1,11.79,3.14,SPY210930P00400000,400.0,0,0.0,0.0,,0.0,normalDay
2021-08-20,11362.0,965.0,0.0,0,443.36,0.0,1,11.79,2.14,SPY210930P00400000,400.0,0,0.0,0.0,,0.0,normalDay
2021-08-23,11362.0,1031.0,0.0,0,447.26,0.0,1,11.79,1.48,SPY210930P00400000,400.0,0,0.0,0.0,,0.0,normalDay
2021-08-24,11362.0,1038.0,0.0,0,447.97,0.0,1,11.79,1.41,SPY210930P00400000,400.0,0,0.0,0.0,,0.0,normalDay
2021-08-25,11362.0,1054.0,0.0,0,448.91,0.0,1,11.79,1.25,SPY210930P00400000,400.0,0,0.0,0.0,,0.0,normalDay
2021-08-26,11362.0,1016.0,0.0,0,446.26,0.0,1,11.79,1.63,SPY210930P00400000,400.0,0,0.0,0.0,,0.0,normalDay
2021-08-27,11362.0,1069.0,0.0,0,450.25,0.0,1,11.79,1.1,SPY210930P00400000,400.0,0,0.0,0.0,,0.0,normalDay
2021-08-30,11362.0,1091.0,0.0,0,452.23,0.0,1,11.79,0.88,SPY210930P00400000,400.0,0,0.0,0.0,,0.0,normalDay
2021-08-31,11362.0,1088.0,0.0,0,451.56,0.0,1,11.79,0.91,SPY210930P00400000,400.0,0,0.0,0.0,,0.0,normalDay
2021-09-01,11362.0,1099.0,0.0,0,451.8,0.0,1,11.79,0.8,SPY210930P00400000,400.0,0,0.0,0.0,,0.0,normalDay
2021-09-02,11362.0,1100.0,0.0,0,453.19,0.0,1,11.79,0.79,SPY210930P00400000,400.0,0,0.0,0.0,,0.0,normalDay
2021-09-03,11362.0,1102.0,0.0,0,453.08,0.0,1,11.79,0.77,SPY210930P00400000,400.0,0,0.0,0.0,,0.0,normalDay
2021-09-07,11362.0,1101.0,0.0,0,451.46,0.0,1,11.79,0.78,SPY210930P00400000,400.0,0,0.0,0.0,,0.0,normalDay
2021-09-08,11362.0,1108.0,0.0,0,450.91,0.0,1,11.79,0.71,SPY210930P00400000,400.0,0,0.0,0.0,,0.0,normalDay
2021-09-09,11362.0,1099.0,0.0,0,448.98,0.0,1,11.79,0.8,SPY210930P00400000,400.0,0,0.0,0.0,,0.0,normalDay
2021-09-10,11362.0,1064.0,0.0,0,445.44,0.0,1,11.79,1.15,SPY210930P00400000,400.0,0,0.0,0.0,,0.0,normalDay
2021-09-13,11362.0,1105.0,0.0,0,446.58,0.0,1,11.79,0.74,SPY210930P00400000,400.0,0,0.0,0.0,,0.0,normalDay
2021-09-14,11362.0,1107.0,0.0,0,444.17,0.0,1,11.79,0.72,SPY210930P00400000,400.0,0,0.0,0.0,,0.0,normalDay
2021-09-15,11362.0,1140.0,0.0,0,447.88,0.0,1,11.79,0.39,SPY210930P00400000,400.0,0,0.0,0.0,,0.0,normalDay
2021-09-16,11362.0,1139.0,0.0,0,447.17,0.0,1,11.79,0.4,SPY210930P00400000,400.0,0,0.0,0.0,,0.0,normalDay
2021-09-17,11362.0,1118.0,0.0,0,441.4,0.0,1,11.79,0.61,SPY210930P00400000,400.0,0,0.0,0.0,,0.0,normalDay
2021-09-20,11362.0,1079.0,0.0,0,434.04,0.0,1,11.79,1.0,SPY210930P00400000,400.0,0,0.0,0.0,,0.0,normalDay
2021-09-21,11362.0,1112.0,0.0,0,433.63,0.0,1,11.79,0.67,SPY210930P00400000,400.0,0,0.0,0.0,,0.0,normalDay
2021-09-22,11362.0,1157.0,0.0,0,437.86,0.0,1,11.79,0.22,SPY210930P00400000,400.0,0,0.0,0.0,,0.0,normalDay
2021-09-23,11362.0,1165.0,0.0,0,443.18,0.0,1,11.79,0.14,SPY210930P00400000,400.0,0,0.0,0.0,,0.0,normalDay
2021-09-24,11362.0,1169.0,0.0,0,443.91,0.0,1,11.79,0.1,SPY210930P00400000,400.0,0,0.0,0.0,,0.0,normalDay
2021-09-27,11362.0,1173.0,0.0,0,442.64,0.0,1,11.79,0.06,SPY210930P00400000,400.0,0,0.0,0.0,,0.0,normalDay
2021-09-28,11362.0,1166.0,0.0,0,433.72,0.0,1,11.79,0.13,SPY210930P00400000,400.0,0,0.0,0.0,,0.0,normalDay
2021-09-29,11362.0,1177.0,0.0,0,434.45,0.0,1,11.79,0.02,SPY210930P00400000,400.0,0,0.0,0.0,,0.0,normalDay
2021-09-30,12541.0,0.0,1179.0,0,429.14,0.0,1,11.79,0.0,SPY210930P00400000,400.0,0,0.0,0.0,,0.0,expirationDay
2021-10-01,12541.0,-8.0,0.0,0,434.24,0.0,1,14.33,14.41,SPY220218P00414000,414.0,0,0.0,0.0,,0.0,normalDay
2021-10-04,12541.0,-196.0,0.0,0,428.64,0.0,1,14.33,16.29,SPY220218P00414000,414.0,0,0.0,0.0,,0.0,normalDay
2021-10-05,12541.0,-17.0,0.0,0,433.1,0.0,1,14.33,14.5,SPY220218P00414000,414.0,0,0.0,0.0,,0.0,normalDay
2021-10-06,12541.0,42.0,0.0,0,434.9,0.0,1,14.33,13.91,SPY220218P00414000,414.0,0,0.0,0.0,,0.0,normalDay
2021-10-07,12541.0,194.0,0.0,0,438.66,0.0,1,14.33,12.39,SPY220218P00414000,414.0,0,0.0,0.0,,0.0,normalDay
2021-10-08,12541.0,180.0,0.0,0,437.86,0.0,1,14.33,12.53,SPY220218P00414000,414.0,0,0.0,0.0,,0.0,normalDay
2021-10-11,12541.0,111.0,0.0,0,434.69,0.0,1,14.33,13.22,SPY220218P00414000,414.0,0,0.0,0.0,,0.0,normalDay
2021-10-12,12541.0,97.0,0.0,0,433.62,0.0,1,14.33,13.36,SPY220218P00414000,414.0,0,0.0,0.0,,0.0,normalDay
2021-10-13,12541.0,226.0,0.0,0,435.18,0.0,1,14.33,12.07,SPY220218P00414000,414.0,0,0.0,0.0,,0.0,normalDay
2021-10-14,12541.0,442.0,0.0,0,442.5,0.0,1,14.33,9.91,SPY220218P00414000,414.0,0,0.0,0.0,,0.0,normalDay
2021-10-15,12541.0,508.0,0.0,0,445.87,0.0,1,14.33,9.25,SPY220218P00414000,414.0,0,0.0,0.0,,0.0,normalDay
2021-10-18,12541.0,542.0,0.0,0,447.19,0.0,1,14.33,8.91,SPY220218P00414000,414.0,0,0.0,0.0,,0.0,normalDay
2021-10-19,12541.0,634.0,0.0,0,450.64,0.0,1,14.33,7.99,SPY220218P00414000,414.0,0,0.0,0.0,,0.0,normalDay
2021-10-20,12541.0,659.0,0.0,0,452.41,0.0,1,14.33,7.74,SPY220218P00414000,414.0,0,0.0,0.0,,0.0,normalDay
2021-10-21,12541.0,696.0,0.0,0,453.59,0.0,1,14.33,7.37,SPY220218P00414000,414.0,0,0.0,0.0,,0.0,normalDay
2021-10-22,12541.0,659.0,0.0,0,453.12,0.0,1,14.33,7.74,SPY220218P00414000,414.0,0,0.0,0.0,,0.0,normalDay
2021-10-25,12541.0,732.0,0.0,0,455.55,0.0,1,14.33,7.01,SPY220218P00414000,414.0,0,0.0,0.0,,0.0,normalDay
2021-10-26,12541.0,738.0,0.0,0,455.96,0.0,1,14.33,6.95,SPY220218P00414000,414.0,0,0.0,0.0,,0.0,normalDay
2021-10-27,12541.0,671.0,0.0,0,453.94,0.0,1,14.33,7.62,SPY220218P00414000,414.0,0,0.0,0.0,,0.0,normalDay
2021-10-28,12541.0,750.0,0.0,0,458.32,0.0,1,14.33,6.83,SPY220218P00414000,414.0,0,0.0,0.0,,0.0,normalDay
2021-10-29,12541.0,773.0,0.0,0,459.25,0.0,1,14.33,6.6,SPY220218P00414000,414.0,0,0.0,0.0,,0.0,normalDay
2021-11-01,12541.0,797.0,0.0,0,460.04,0.0,1,14.33,6.36,SPY220218P00414000,414.0,0,0.0,0.0,,0.0,normalDay
2021-11-02,12541.0,834.0,0.0,0,461.9,0.0,1,14.33,5.99,SPY220218P00414000,414.0,0,0.0,0.0,,0.0,normalDay
2021-11-03,12541.0,900.0,0.0,0,464.72,0.0,1,14.33,5.33,SPY220218P00414000,414.0,0,0.0,0.0,,0.0,normalDay
2021-11-04,12541.0,925.0,0.0,0,466.91,0.0,1,14.33,5.08,SPY220218P00414000,414.0,0,0.0,0.0,,0.0,normalDay
2021-11-05,12541.0,914.0,0.0,0,468.53,0.0,1,14.33,5.19,SPY220218P00414000,414.0,0,0.0,0.0,,0.0,normalDay
2021-11-08,12541.0,910.0,0.0,0,468.93,0.0,1,14.33,5.23,SPY220218P00414000,414.0,0,0.0,0.0,,0.0,normalDay
2021-11-09,12541.0,889.0,0.0,0,467.38,0.0,1,14.33,5.44,SPY220218P00414000,414.0,0,0.0,0.0,,0.0,normalDay
2021-11-10,12541.0,841.0,0.0,0,463.62,0.0,1,14.33,5.92,SPY220218P00414000,414.0,0,0.0,0.0,,0.0,normalDay
2021-11-11,12541.0,887.0,0.0,0,463.77,0.0,1,14.33,5.46,SPY220218P00414000,414.0,0,0.0,0.0,,0.0,normalDay
2021-11-12,12541.0,952.0,0.0,0,467.27,0.0,1,14.33,4.81,SPY220218P00414000,414.0,0,0.0,0.0,,0.0,normalDay
2021-11-15,12541.0,964.0,0.0,0,467.43,0.0,1,14.33,4.69,SPY220218P00414000,414.0,0,0.0,0.0,,0.0,normalDay
2021-11-16,12541.0,989.0,0.0,0,469.28,0.0,1,14.33,4.44,SPY220218P00414000,414.0,0,0.0,0.0,,0.0,normalDay
2021-11-17,12541.0,953.0,0.0,0,468.14,0.0,1,14.33,4.8,SPY220218P00414000,414.0,0,0.0,0.0,,0.0,normalDay
2021-11-18,12541.0,966.0,0.0,0,469.73,0.0,1,14.33,4.67,SPY220218P00414000,414.0,0,0.0,0.0,,0.0,normalDay
2021-11-19,12541.0,956.0,0.0,0,468.89,0.0,1,14.33,4.77,SPY220218P00414000,414.0,0,0.0,0.0,,0.0,normalDay
2021-11-22,12541.0,931.0,0.0,0,467.57,0.0,1,14.33,5.02,SPY220218P00414000,414.0,0,0.0,0.0,,0.0,normalDay
2021-11-23,12541.0,951.0,0.0,0,468.19,0.0,1,14.33,4.82,SPY220218P00414000,414.0,0,0.0,0.0,,0.0,normalDay
2021-11-24,12541.0,992.0,0.0,0,469.44,0.0,1,14.33,4.41,SPY220218P00414000,414.0,0,0.0,0.0,,0.0,normalDay
2021-11-26,12541.0,471.0,0.0,0,458.97,0.0,1,14.33,9.62,SPY220218P00414000,414.0,0,0.0,0.0,,0.0,normalDay
2021-11-29,12541.0,873.0,0.0,0,464.6,0.0,1,14.33,5.6,SPY220218P00414000,414.0,0,0.0,0.0,,0.0,normalDay
2021-11-30,12541.0,668.0,0.0,0,455.56,0.0,1,14.33,7.65,SPY220218P00414000,414.0,0,0.0,0.0,,0.0,normalDay
2021-12-01,12541.0,419.0,0.0,0,450.5,0.0,1,14.33,10.14,SPY220218P00414000,414.0,0,0.0,0.0,,0.0,normalDay
2021-12-02,12541.0,630.0,0.0,0,457.4,0.0,1,14.33,8.03,SPY220218P00414000,414.0,0,0.0,0.0,,0.0,normalDay
2021-12-03,12541.0,479.0,0.0,0,453.42,0.0,1,14.33,9.54,SPY220218P00414000,414.0,0,0.0,0.0,,0.0,normalDay
2021-12-06,12541.0,694.0,0.0,0,458.79,0.0,1,14.33,7.39,SPY220218P00414000,414.0,0,0.0,0.0,,0.0,normalDay
2021-12-07,12541.0,959.0,0.0,0,468.28,0.0,1,14.33,4.74,SPY220218P00414000,414.0,0,0.0,0.0,,0.0,normalDay
2021-12-08,12541.0,1035.0,0.0,0,469.52,0.0,1,14.33,3.98,SPY220218P00414000,414.0,0,0.0,0.0,,0.0,normalDay
2021-12-09,12541.0,980.0,0.0,0,466.35,0.0,1,14.33,4.53,SPY220218P00414000,414.0,0,0.0,0.0,,0.0,normalDay
2021-12-10,12541.0,1071.0,0.0,0,470.74,0.0,1,14.33,3.62,SPY220218P00414000,414.0,0,0.0,0.0,,0.0,normalDay
2021-12-13,12541.0,1019.0,0.0,0,466.57,0.0,1,14.33,4.14,SPY220218P00414000,414.0,0,0.0,0.0,,0.0,normalDay
2021-12-14,12541.0,966.0,0.0,0,463.36,0.0,1,14.33,4.67,SPY220218P00414000,414.0,0,0.0,0.0,,0.0,normalDay
2021-12-15,12541.0,1105.0,0.0,0,470.6,0.0,1,14.33,3.28,SPY220218P00414000,414.0,0,0.0,0.0,,0.0,normalDay
2021-12-16,12541.0,1045.0,0.0,0,466.45,0.0,1,14.33,3.88,SPY220218P00414000,414.0,0,0.0,0.0,,0.0,normalDay
2021-12-17,12541.0,968.0,0.0,0,459.87,0.0,1,14.33,4.65,SPY220218P00414000,414.0,0,0.0,0.0,,0.0,normalDay
2021-12-20,12541.0,911.0,0.0,0,454.98,0.0,1,14.33,5.22,SPY220218P00414000,414.0,0,0.0,0.0,,0.0,normalDay
2021-12-21,12541.0,1052.0,0.0,0,463.06,0.0,1,14.33,3.81,SPY220218P00414000,414.0,0,0.0,0.0,,0.0,normalDay
2021-12-22,12541.0,1147.0,0.0,0,467.69,0.0,1,14.33,2.86,SPY220218P00414000,414.0,0,0.0,0.0,,0.0,normalDay
2021-12-23,12541.0,1186.0,0.0,0,470.6,0.0,1,14.33,2.47,SPY220218P00414000,414.0,0,0.0,0.0,,0.0,normalDay
2021-12-27,12541.0,1251.0,0.0,0,477.26,0.0,1,14.33,1.82,SPY220218P00414000,414.0,0,0.0,0.0,,0.0,normalDay
2021-12-28,12541.0,1260.0,0.0,0,476.87,0.0,1,14.33,1.73,SPY220218P00414000,414.0,0,0.0,0.0,,0.0,normalDay
2021-12-29,12541.0,1285.0,0.0,0,477.48,0.0,1,14.33,1.48,SPY220218P00414000,414.0,0,0.0,0.0,,0.0,normalDay
2021-12-30,12541.0,1277.0,0.0,0,476.16,0.0,1,14.33,1.56,SPY220218P00414000,414.0,0,0.0,0.0,,0.0,normalDay
2021-12-31,12541.0,1286.0,0.0,0,474.96,0.0,1,14.33,1.47,SPY220218P00414000,414.0,0,0.0,0.0,,0.0,normalDay
2022-01-03,12541.0,1317.0,0.0,0,477.71,0.0,1,14.33,1.16,SPY220218P00414000,414.0,0,0.0,0.0,,0.0,normalDay
2022-01-04,12541.0,1316.0,0.0,0,477.55,0.0,1,14.33,1.17,SPY220218P00414000,414.0,0,0.0,0.0,,0.0,normalDay
2022-01-05,12541.0,1238.0,0.0,0,468.38,0.0,1,14.33,1.95,SPY220218P00414000,414.0,0,0.0,0.0,,0.0,normalDay
2022-01-06,12541.0,1250.0,0.0,0,467.94,0.0,1,14.33,1.83,SPY220218P00414000,414.0,0,0.0,0.0,,0.0,normalDay
2022-01-07,12541.0,1270.0,0.0,0,466.09,0.0,1,14.33,1.63,SPY220218P00414000,414.0,0,0.0,0.0,,0.0,normalDay
2022-01-10,12541.0,1273.0,0.0,0,465.51,0.0,1,14.33,1.6,SPY220218P00414000,414.0,0,0.0,0.0,,0.0,normalDay
2022-01-11,12541.0,1309.0,0.0,0,469.75,0.0,1,14.33,1.24,SPY220218P00414000,414.0,0,0.0,0.0,,0.0,normalDay
2022-01-12,12541.0,1329.0,0.0,0,471.02,0.0,1,14.33,1.04,SPY220218P00414000,414.0,0,0.0,0.0,,0.0,normalDay
2022-01-13,12541.0,1273.0,0.0,0,464.53,0.0,1,14.33,1.6,SPY220218P00414000,414.0,0,0.0,0.0,,0.0,normalDay
2022-01-14,12541.0,1303.0,0.0,0,464.72,0.0,1,14.33,1.3,SPY220218P00414000,414.0,0,0.0,0.0,,0.0,normalDay
2022-01-18,12541.0,1218.0,0.0,0,456.49,0.0,1,14.33,2.15,SPY220218P00414000,414.0,0,0.0,0.0,,0.0,normalDay
2022-01-19,12541.0,1184.0,0.0,0,451.75,0.0,1,14.33,2.49,SPY220218P00414000,414.0,0,0.0,0.0,,0.0,normalDay
2022-01-20,12541.0,1100.0,0.0,0,446.75,0.0,1,14.33,3.33,SPY220218P00414000,414.0,0,0.0,0.0,,0.0,normalDay
2022-01-21,12541.0,909.0,0.0,0,437.98,0.0,1,14.33,5.24,SPY220218P00414000,414.0,0,0.0,0.0,,0.0,normalDay
2022-01-24,12541.0,902.0,0.0,0,439.84,0.0,1,14.33,5.31,SPY220218P00414000,414.0,0,0.0,0.0,,0.0,normalDay
2022-01-25,12541.0,765.0,0.0,0,434.47,0.0,1,14.33,6.68,SPY220218P00414000,414.0,0,0.0,0.0,,0.0,normalDay
2022-01-26,12541.0,777.0,0.0,0,433.38,0.0,1,14.33,6.56,SPY220218P00414000,414.0,0,0.0,0.0,,0.0,normalDay
2022-01-27,12541.0,820.0,0.0,0,431.24,0.0,1,14.33,6.13,SPY220218P00414000,414.0,0,0.0,0.0,,0.0,normalDay
2022-01-28,12541.0,1089.0,0.0,0,441.95,0.0,1,14.33,3.44,SPY220218P00414000,414.0,0,0.0,0.0,,0.0,normalDay
2022-01-31,12541.0,1254.0,0.0,0,449.91,0.0,1,14.33,1.79,SPY220218P00414000,414.0,0,0.0,0.0,,0.0,normalDay
2022-02-01,12541.0,1333.0,0.0,0,452.95,0.0,1,14.33,1.0,SPY220218P00414000,414.0,0,0.0,0.0,,0.0,normalDay
2022-02-02,12541.0,1357.0,0.0,0,457.35,0.0,1,14.33,0.76,SPY220218P00414000,414.0,0,0.0,0.0,,0.0,normalDay
2022-02-03,12541.0,1307.0,0.0,0,446.6,0.0,1,14.33,1.26,SPY220218P00414000,414.0,0,0.0,0.0,,0.0,normalDay
2022-02-04,12541.0,1337.0,0.0,0,448.7,0.0,1,14.33,0.96,SPY220218P00414000,414.0,0,0.0,0.0,,0.0,normalDay
2022-02-07,12541.0,1376.0,0.0,0,447.26,0.0,1,14.33,0.57,SPY220218P00414000,414.0,0,0.0,0.0,,0.0,normalDay
2022-02-08,12541.0,1397.0,0.0,0,450.94,0.0,1,14.33,0.36,SPY220218P00414000,414.0,0,0.0,0.0,,0.0,normalDay
2022-02-09,12541.0,1416.0,0.0,0,457.54,0.0,1,14.33,0.17,SPY220218P00414000,414.0,0,0.0,0.0,,0.0,normalDay
2022-02-10,12541.0,1387.0,0.0,0,449.32,0.0,1,14.33,0.46,SPY220218P00414000,414.0,0,0.0,0.0,,0.0,normalDay
2022-02-11,12541.0,1347.0,0.0,0,440.46,0.0,1,14.33,0.86,SPY220218P00414000,414.0,0,0.0,0.0,,0.0,normalDay
2022-02-14,12541.0,1389.0,0.0,0,439.02,0.0,1,14.33,0.44,SPY220218P00414000,414.0,0,0.0,0.0,,0.0,normalDay
2022-02-15,12541.0,1413.0,0.0,0,446.1,0.0,1,14.33,0.2,SPY220218P00414000,414.0,0,0.0,0.0,,0.0,normalDay
2022-02-16,12541.0,1428.0,0.0,0,446.6,0.0,1,14.33,0.05,SPY220218P00414000,414.0,0,0.0,0.0,,0.0,normalDay
2022-02-17,12541.0,1427.0,0.0,0,437.06,0.0,1,14.33,0.06,SPY220218P00414000,414.0,0,0.0,0.0,,0.0,normalDay
2022-02-18,13974.0,0.0,1433.0,0,434.23,0.0,1,14.33,0.0,SPY220218P00414000,414.0,0,0.0,0.0,,0.0,expirationDay
2022-02-22,13974.0,-12.0,0.0,0,429.57,0.0,1,16.83,16.95,SPY220630P00410000,410.0,0,0.0,0.0,,0.0,normalDay
2022-02-23,13974.0,-370.0,0.0,0,421.95,0.0,1,16.83,20.53,SPY220630P00410000,410.0,0,0.0,0.0,,0.0,normalDay
2022-02-24,13974.0,-120.0,0.0,0,428.3,0.0,1,16.83,18.03,SPY220630P00410000,410.0,0,0.0,0.0,,0.0,normalDay
2022-02-25,13974.0,231.0,0.0,0,437.75,0.0,1,16.83,14.52,SPY220630P00410000,410.0,0,0.0,0.0,,0.0,normalDay
2022-02-28,13974.0,161.0,0.0,0,436.63,0.0,1,16.83,15.22,SPY220630P00410000,410.0,0,0.0,0.0,,0.0,normalDay
2022-03-01,13974.0,-166.0,0.0,0,429.98,0.0,1,16.83,18.49,SPY220630P00410000,410.0,0,0.0,0.0,,0.0,normalDay
2022-03-02,13974.0,93.0,0.0,0,437.89,0.0,1,16.83,15.9,SPY220630P00410000,410.0,0,0.0,0.0,,0.0,normalDay
2022-03-03,13974.0,66.0,0.0,0,435.71,0.0,1,16.83,16.17,SPY220630P00410000,410.0,0,0.0,0.0,,0.0,normalDay
2022-03-04,13974.0,-113.0,0.0,0,432.17,0.0,1,16.83,17.96,SPY220630P00410000,410.0,0,0.0,0.0,,0.0,normalDay
2022-03-07,13974.0,-683.0,0.0,0,419.43,0.0,1,16.83,23.66,SPY220630P00410000,410.0,0,0.0,0.0,,0.0,normalDay
2022-03-08,13974.0,-753.0,0.0,0,416.25,0.0,1,16.83,24.36,SPY220630P00410000,410.0,0,0.0,0.0,,0.0,normalDay
2022-03-09,13974.0,-196.0,0.0,0,427.41,0.0,1,16.83,18.79,SPY220630P00410000,410.0,0,0.0,0.0,,0.0,normalDay
2022-03-10,13974.0,-197.0,0.0,0,425.48,0.0,1,16.83,18.8,SPY220630P00410000,410.0,0,0.0,0.0,,0.0,normalDay
2022-03-11,13974.0,-407.0,0.0,0,420.07,0.0,1,16.83,20.9,SPY220630P00410000,410.0,0,0.0,0.0,,0.0,normalDay
2022-03-14,13974.0,-503.0,0.0,0,417.0,0.0,1,16.83,21.86,SPY220630P00410000,410.0,0,0.0,0.0,,0.0,normalDay
2022-03-15,13974.0,-146.0,0.0,0,426.17,0.0,1,16.83,18.29,SPY220630P00410000,410.0,0,0.0,0.0,,0.0,normalDay
2022-03-16,13974.0,278.0,0.0,0,435.62,0.0,1,16.83,14.05,SPY220630P00410000,410.0,0,0.0,0.0,,0.0,normalDay
2022-03-17,13974.0,470.0,0.0,0,441.07,0.0,1,16.83,12.13,SPY220630P00410000,410.0,0,0.0,0.0,,0.0,normalDay
2022-03-18,13974.0,670.0,0.0,0,444.52,0.0,1,16.83,10.13,SPY220630P00410000,410.0,0,0.0,0.0,,0.0,normalDay
2022-03-21,13974.0,690.0,0.0,0,444.39,0.0,1,16.83,9.93,SPY220630P00410000,410.0,0,0.0,0.0,,0.0,normalDay
2022-03-22,13974.0,823.0,0.0,0,449.59,0.0,1,16.83,8.6,SPY220630P00410000,410.0,0,0.0,0.0,,0.0,normalDay
2022-03-23,13974.0,703.0,0.0,0,443.8,0.0,1,16.83,9.8,SPY220630P00410000,410.0,0,0.0,0.0,,0.0,normalDay
2022-03-24,13974.0,870.0,0.0,0,450.49,0.0,1,16.83,8.13,SPY220630P00410000,410.0,0,0.0,0.0,,0.0,normalDay
2022-03-25,13974.0,929.0,0.0,0,452.69,0.0,1,16.83,7.54,SPY220630P00410000,410.0,0,0.0,0.0,,0.0,normalDay
2022-03-28,13974.0,1017.0,0.0,0,455.91,0.0,1,16.83,6.66,SPY220630P00410000,410.0,0,0.0,0.0,,0.0,normalDay
2022-03-29,13974.0,1119.0,0.0,0,461.55,0.0,1,16.83,5.64,SPY220630P00410000,410.0,0,0.0,0.0,,0.0,normalDay
2022-03-30,13974.0,1084.0,0.0,0,458.7,0.0,1,16.83,5.99,SPY220630P00410000,410.0,0,0.0,0.0,,0.0,normalDay
2022-03-31,13974.0,957.0,0.0,0,451.64,0.0,1,16.83,7.26,SPY220630P00410000,410.0,0,0.0,0.0,,0.0,normalDay
2022-04-01,13974.0,1012.0,0.0,0,452.92,0.0,1,16.83,6.71,SPY220630P00410000,410.0,0,0.0,0.0,,0.0,normalDay
2022-04-04,13974.0,1141.0,0.0,0,456.8,0.0,1,16.83,5.42,SPY220630P00410000,410.0,0,0.0,0.0,,0.0,normalDay
2022-04-05,13974.0,997.0,0.0,0,451.03,0.0,1,16.83,6.86,SPY220630P00410000,410.0,0,0.0,0.0,,0.0,normalDay
2022-04-06,13974.0,899.0,0.0,0,446.52,0.0,1,16.83,7.84,SPY220630P00410000,410.0,0,0.0,0.0,,0.0,normalDay
2022-04-07,13974.0,955.0,0.0,0,448.77,0.0,1,16.83,7.28,SPY220630P00410000,410.0,0,0.0,0.0,,0.0,normalDay
2022-04-08,13974.0,964.0,0.0,0,447.57,0.0,1,16.83,7.19,SPY220630P00410000,410.0,0,0.0,0.0,,0.0,normalDay
2022-04-11,13974.0,768.0,0.0,0,439.92,0.0,1,16.83,9.15,SPY220630P00410000,410.0,0,0.0,0.0,,0.0,normalDay
2022-04-12,13974.0,748.0,0.0,0,438.29,0.0,1,16.83,9.35,SPY220630P00410000,410.0,0,0.0,0.0,,0.0,normalDay
2022-04-13,13974.0,935.0,0.0,0,443.31,0.0,1,16.83,7.48,SPY220630P00410000,410.0,0,0.0,0.0,,0.0,normalDay
2022-04-14,13974.0,815.0,0.0,0,437.79,0.0,1,16.83,8.68,SPY220630P00410000,410.0,0,0.0,0.0,,0.0,normalDay
2022-04-18,13974.0,900.0,0.0,0,437.97,0.0,1,16.83,7.83,SPY220630P00410000,410.0,0,0.0,0.0,,0.0,normalDay
2022-04-19,13974.0,1007.0,0.0,0,445.04,0.0,1,16.83,6.76,SPY220630P00410000,410.0,0,0.0,0.0,,0.0,normalDay
2022-04-20,13974.0,1087.0,0.0,0,444.71,0.0,1,16.83,5.96,SPY220630P00410000,410.0,0,0.0,0.0,,0.0,normalDay
2022-04-21,13974.0,873.0,0.0,0,438.06,0.0,1,16.83,8.1,SPY220630P00410000,410.0,0,0.0,0.0,,0.0,normalDay
2022-04-22,13974.0,407.0,0.0,0,426.04,0.0,1,16.83,12.76,SPY220630P00410000,410.0,0,0.0,0.0,,0.0,normalDay
2022-04-25,13974.0,581.0,0.0,0,428.51,0.0,1,16.83,11.02,SPY220630P00410000,410.0,0,0.0,0.0,,0.0,normalDay
2022-04-26,13974.0,-22.0,0.0,0,416.1,0.0,1,16.83,17.05,SPY220630P00410000,410.0,0,0.0,0.0,,0.0,normalDay
2022-04-27,13974.0,177.0,0.0,0,417.27,0.0,1,16.83,15.06,SPY220630P00410000,410.0,0,0.0,0.0,,0.0,normalDay
2022-04-28,13974.0,476.0,0.0,0,427.81,0.0,1,16.83,12.07,SPY220630P00410000,410.0,0,0.0,0.0,,0.0,normalDay
2022-04-29,13974.0,-38.0,0.0,0,412.0,0.0,1,16.83,17.21,SPY220630P00410000,410.0,0,0.0,0.0,,0.0,normalDay
2022-05-02,13974.0,105.0,0.0,0,414.48,0.0,1,16.83,15.78,SPY220630P00410000,410.0,0,0.0,0.0,,0.0,normalDay
2022-05-03,13974.0,287.0,0.0,0,416.38,0.0,1,16.83,13.96,SPY220630P00410000,410.0,0,0.0,0.0,,0.0,normalDay
2022-05-04,13974.0,748.0,0.0,0,429.06,0.0,1,16.83,9.35,SPY220630P00410000,410.0,0,0.0,0.0,,0.0,normalDay
2022-05-05,13974.0,86.0,0.0,0,413.81,0.0,1,16.83,15.97,SPY220630P00410000,410.0,0,0.0,0.0,,0.0,normalDay
2022-05-06,13974.0,-17.0,0.0,0,411.34,0.0,1,16.83,17.0,SPY220630P00410000,410.0,0,0.0,0.0,,0.0,normalDay
2022-05-09,13974.0,-669.0,0.0,0,398.17,0.0,1,16.83,23.52,SPY220630P00410000,410.0,0,0.0,0.0,,0.0,normalDay
2022-05-10,13974.0,-602.0,0.0,0,399.09,0.0,1,16.83,22.85,SPY220630P00410000,410.0,0,0.0,0.0,,0.0,normalDay
2022-05-11,13974.0,-929.0,0.0,0,392.75,0.0,1,16.83,26.12,SPY220630P00410000,410.0,0,0.0,0.0,,0.0,normalDay
2022-05-12,13974.0,-956.0,0.0,0,392.34,0.0,1,16.83,26.39,SPY220630P00410000,410.0,0,0.0,0.0,,0.0,normalDay
2022-05-13,13974.0,-336.0,0.0,0,401.72,0.0,1,16.83,20.19,SPY220630P00410000,410.0,0,0.0,0.0,,0.0,normalDay
2022-05-16,13974.0,-330.0,0.0,0,400.09,0.0,1,16.83,20.13,SPY220630P00410000,410.0,0,0.0,0.0,,0.0,normalDay
2022-05-17,13974.0,189.0,0.0,0,408.32,0.0,1,16.83,14.94,SPY220630P00410000,410.0,0,0.0,0.0,,0.0,normalDay
2022-05-18,13974.0,-934.0,0.0,0,391.86,0.0,1,16.83,26.17,SPY220630P00410000,410.0,0,0.0,0.0,,0.0,normalDay
2022-05-19,13974.0,-1002.0,0.0,0,389.46,0.0,1,16.83,26.85,SPY220630P00410000,410.0,0,0.0,0.0,,0.0,normalDay
2022-05-20,13974.0,-972.0,0.0,0,389.63,0.0,1,16.83,26.55,SPY220630P00410000,410.0,0,0.0,0.0,,0.0,normalDay
2022-05-23,13974.0,-396.0,0.0,0,396.92,0.0,1,16.83,20.79,SPY220630P00410000,410.0,0,0.0,0.0,,0.0,normalDay
2022-05-24,13974.0,-625.0,0.0,0,393.89,0.0,1,16.83,23.08,SPY220630P00410000,410.0,0,0.0,0.0,,0.0,normalDay
2022-05-25,13974.0,-380.0,0.0,0,397.37,0.0,1,16.83,20.63,SPY220630P00410000,410.0,0,0.0,0.0,,0.0,normalDay
2022-05-26,13974.0,108.0,0.0,0,405.31,0.0,1,16.83,15.75,SPY220630P00410000,410.0,0,0.0,0.0,,0.0,normalDay
2022-05-27,13974.0,666.0,0.0,0,415.26,0.0,1,16.83,10.17,SPY220630P00410000,410.0,0,0.0,0.0,,0.0,normalDay
2022-05-31,13974.0,591.0,0.0,0,412.93,0.0,1,16.83,10.92,SPY220630P00410000,410.0,0,0.0,0.0,,0.0,normalDay
2022-06-01,13974.0,503.0,0.0,0,409.59,0.0,1,16.83,11.8,SPY220630P00410000,410.0,0,0.0,0.0,,0.0,normalDay
2022-06-02,13974.0,888.0,0.0,0,417.39,0.0,1,16.83,7.95,SPY220630P00410000,410.0,0,0.0,0.0,,0.0,normalDay
2022-06-03,13974.0,623.0,0.0,0,410.54,0.0,1,16.83,10.6,SPY220630P00410000,410.0,0,0.0,0.0,,0.0,normalDay
2022-06-06,13974.0,714.0,0.0,0,411.79,0.0,1,16.83,9.69,SPY220630P00410000,410.0,0,0.0,0.0,,0.0,normalDay
2022-06-07,13974.0,911.0,0.0,0,415.74,0.0,1,16.83,7.72,SPY220630P00410000,410.0,0,0.0,0.0,,0.0,normalDay
2022-06-08,13974.0,771.0,0.0,0,411.22,0.0,1,16.83,9.12,SPY220630P00410000,410.0,0,0.0,0.0,,0.0,normalDay
2022-06-09,13974.0,210.0,0.0,0,401.44,0.0,1,16.83,14.73,SPY220630P00410000,410.0,0,0.0,0.0,,0.0,normalDay
2022-06-10,13974.0,-623.0,0.0,0,389.8,0.0,1,16.83,23.06,SPY220630P00410000,410.0,0,0.0,0.0,,0.0,normalDay
2022-06-13,13974.0,-2039.0,0.0,0,375.0,0.0,1,16.83,37.22,SPY220630P00410000,410.0,0,0.0,0.0,,0.0,normalDay
2022-06-14,13974.0,-2216.0,0.0,0,373.87,0.0,1,16.83,38.99,SPY220630P00410000,410.0,0,0.0,0.0,,0.0,normalDay
2022-06-15,13974.0,-1612.0,0.0,0,379.2,0.0,1,16.83,32.95,SPY220630P00410000,410.0,0,0.0,0.0,,0.0,normalDay
2022-06-16,13974.0,-2766.0,0.0,0,366.65,0.0,1,16.83,44.49,SPY220630P00410000,410.0,0,0.0,0.0,,0.0,normalDay
2022-06-17,13974.0,-2671.0,0.0,0,365.86,0.0,1,16.83,43.54,SPY220630P00410000,410.0,0,0.0,0.0,,0.0,normalDay
2022-06-21,13974.0,-1830.0,0.0,0,375.07,0.0,1,16.83,35.13,SPY220630P00410000,410.0,0,0.0,0.0,,0.0,normalDay
2022-06-22,13974.0,-1845.0,0.0,0,374.39,0.0,1,16.83,35.28,SPY220630P00410000,410.0,0,0.0,0.0,,0.0,normalDay
2022-06-23,13974.0,-1623.0,0.0,0,378.06,0.0,1,16.83,33.06,SPY220630P00410000,410.0,0,0.0,0.0,,0.0,normalDay
2022-06-24,13974.0,-456.0,0.0,0,390.08,0.0,1,16.83,21.39,SPY220630P00410000,410.0,0,0.0,0.0,,0.0,normalDay
2022-06-27,13974.0,-449.0,0.0,0,388.59,0.0,1,16.83,21.32,SPY220630P00410000,410.0,0,0.0,0.0,,0.0,normalDay
2022-06-28,13974.0,-1289.0,0.0,0,380.65,0.0,1,16.83,29.72,SPY220630P00410000,410.0,0,0.0,0.0,,0.0,normalDay
2022-06-29,13974.0,-1286.0,0.0,0,380.34,0.0,1,16.83,29.69,SPY220630P00410000,410.0,0,0.0,0.0,,0.0,normalDay
2022-06-30,15657.0,-3275.0,1683.0,100,377.25,410.0,1,16.83,0.0,SPY220630P00410000,410.0,0,0.0,0.0,,0.0,expirationDay
2022-07-01,15657.0,-2876.0,0.0,100,381.24,410.0,0,0.0,0.0,,0.0,0,0.0,0.0,,0.0,bidTooLow
2022-07-05,15657.0,-2804.0,0.0,100,381.96,410.0,0,0.0,0.0,,0.0,0,0.0,0.0,,0.0,bidTooLow
2022-07-06,15657.0,-2675.0,0.0,100,383.25,410.0,0,0.0,0.0,,0.0,0,0.0,0.0,,0.0,bidTooLow
2022-07-07,15657.0,-2101.0,0.0,100,388.99,410.0,0,0.0,0.0,,0.0,0,0.0,0.0,,0.0,bidTooLow
2022-07-08,15657.0,-2133.0,0.0,100,388.67,410.0,0,0.0,0.0,,0.0,0,0.0,0.0,,0.0,bidTooLow
2022-07-11,15657.0,-2580.0,0.0,100,384.23,410.0,0,0.0,0.0,,0.0,1,0.01,0.04,SPY220713C00401000,401.0,normalDay
2022-07-12,15657.0,-2918.0,0.0,100,380.83,410.0,0,0.0,0.0,,0.0,1,0.01,0.02,SPY220713C00401000,401.0,normalDay
2022-07-13,15658.0,-3117.0,1.0,100,378.83,410.0,0,0.0,0.0,,0.0,1,0.01,0.0,SPY220713C00401000,401.0,expirationDay
2022-07-14,15658.0,-3209.0,0.0,100,377.91,410.0,0,0.0,0.0,,0.0,0,0.0,0.0,,0.0,bidTooLow
2022-07-15,15658.0,-2487.0,0.0,100,385.13,410.0,0,0.0,0.0,,0.0,0,0.0,0.0,,0.0,bidTooLow
2022-07-18,15658.0,-2805.0,0.0,100,381.95,410.0,0,0.0,0.0,,0.0,0,0.0,0.0,,0.0,bidTooLow
2022-07-19,15658.0,-1777.0,0.0,100,392.27,410.0,0,0.0,0.0,,0.0,1,1.39,1.43,SPY220722C00397500,397.5,normalDay
2022-07-20,15658.0,-1554.0,0.0,100,394.77,410.0,0,0.0,0.0,,0.0,1,1.39,1.7,SPY220722C00397500,397.5,normalDay
2022-07-21,15658.0,-1219.0,0.0,100,398.79,410.0,0,0.0,0.0,,0.0,1,1.39,2.37,SPY220722C00397500,397.5,normalDay
2022-07-22,15797.0,-1491.0,139.0,100,395.09,410.0,0,0.0,0.0,,0.0,1,1.39,0.0,SPY220722C00397500,397.5,expirationDay
2022-07-25,15797.0,-1446.0,0.0,100,395.57,410.0,0,0.0,0.0,,0.0,1,0.37,0.4,SPY220727C00405000,405.0,normalDay
2022-07-26,15797.0,-1877.0,0.0,100,390.89,410.0,0,0.0,0.0,,0.0,1,0.37,0.03,SPY220727C00405000,405.0,normalDay
2022-07-27,15834.0,-896.0,37.0,100,401.04,410.0,0,0.0,0.0,,0.0,1,0.37,0.0,SPY220727C00405000,405.0,expirationDay
2022-07-28,15834.0,-396.0,0.0,100,406.07,410.0,0,0.0,0.0,,0.0,1,0.26,0.29,SPY220729C00412500,412.5,normalDay
2022-07-29,15860.0,199.0,26.0,100,411.99,410.0,0,0.0,0.0,,0.0,1,0.26,0.0,SPY220729C00412500,412.5,expirationDay
2022-08-01,15860.0,74.0,0.0,100,410.77,410.0,0,0.0,0.0,,0.0,1,0.09,0.12,SPY220803C00421000,421.0,normalDay
2022-08-02,15860.0,-187.0,0.0,100,408.06,410.0,0,0.0,0.0,,0.0,1,0.09,0.02,SPY220803C00421000,421.0,normalDay
2022-08-03,15869.0,445.0,9.0,100,414.45,410.0,0,0.0,0.0,,0.0,1,0.09,0.0,SPY220803C00421000,421.0,expirationDay
2022-08-04,15869.0,417.0,0.0,100,414.17,410.0,0,0.0,0.0,,0.0,0,0.0,0.0,,0.0,bidTooLow
2022-08-05,15869.0,347.0,0.0,100,413.47,410.0,0,0.0,0.0,,0.0,0,0.0,0.0,,0.0,bidTooLow
2022-08-08,15869.0,299.0,0.0,100,412.99,410.0,0,0.0,0.0,,0.0,0,0.0,0.0,,0.0,bidTooLow
2022-08-09,15869.0,135.0,0.0,100,411.35,410.0,0,0.0,0.0,,0.0,0,0.0,0.0,,0.0,bidTooLow
2022-08-10,15869.0,999.0,0.0,100,419.99,410.0,0,0.0,0.0,,0.0,0,0.0,0.0,,0.0,bidTooLow
2022-08-11,15869.0,999.0,0.0,100,419.99,410.0,0,0.0,0.0,,0.0,0,0.0,0.0,,0.0,bidTooLow
2022-08-12,15869.0,1710.0,0.0,100,427.1,410.0,0,0.0,0.0,,0.0,0,0.0,0.0,,0.0,bidTooLow
2022-08-15,15869.0,1883.0,0.0,100,428.86,410.0,0,0.0,0.0,,0.0,1,0.01,0.04,SPY220817C00441000,441.0,normalDay
2022-08-16,15869.0,1970.0,0.0,100,429.7,410.0,0,0.0,0.0,,0.0,1,0.01,0.01,SPY220817C00441000,441.0,normalDay
2022-08-17,15870.0,1665.0,1.0,100,426.65,410.0,0,0.0,0.0,,0.0,1,0.01,0.0,SPY220817C00441000,441.0,expirationDay
2022-08-18,15870.0,1789.0,0.0,100,427.89,410.0,0,0.0,0.0,,0.0,0,0.0,0.0,,0.0,bidTooLow
2022-08-19,15870.0,1214.0,0.0,100,422.14,410.0,0,0.0,0.0,,0.0,0,0.0,0.0,,0.0,bidTooLow
2022-08-22,15870.0,335.0,0.0,100,413.35,410.0,0,0.0,0.0,,0.0,0,0.0,0.0,,0.0,bidTooLow
2022-08-23,15870.0,235.0,0.0,100,412.35,410.0,0,0.0,0.0,,0.0,0,0.0,0.0,,0.0,bidTooLow
2022-08-24,15870.0,367.0,0.0,100,413.67,410.0,0,0.0,0.0,,0.0,0,0.0,0.0,,0.0,bidTooLow
2022-08-25,15870.0,951.0,0.0,100,419.51,410.0,0,0.0,0.0,,0.0,0,0.0,0.0,,0.0,bidTooLow
2022-08-26,15870.0,-469.0,0.0,100,405.31,410.0,0,0.0,0.0,,0.0,0,0.0,0.0,,0.0,bidTooLow
2022-08-29,15870.0,-737.0,0.0,100,402.63,410.0,0,0.0,0.0,,0.0,0,0.0,0.0,,0.0,bidTooLow
2022-08-30,15870.0,-1179.0,0.0,100,398.21,410.0,0,0.0,0.0,,0.0,0,0.0,0.0,,0.0,bidTooLow
2022-08-31,15870.0,-1482.0,0.0,100,395.18,410.0,0,0.0,0.0,,0.0,0,0.0,0.0,,0.0,bidTooLow
2022-09-01,15870.0,-1358.0,0.0,100,396.42,410.0,0,0.0,0.0,,0.0,0,0.0,0.0,,0.0,bidTooLow
2022-09-02,15870.0,-1776.0,0.0,100,392.24,410.0,0,0.0,0.0,,0.0,0,0.0,0.0,,0.0,bidTooLow
2022-09-06,15870.0,-1924.0,0.0,100,390.76,410.0,0,0.0,0.0,,0.0,0,0.0,0.0,,0.0,bidTooLow
2022-09-07,15870.0,-1222.0,0.0,100,397.78,410.0,0,0.0,0.0,,0.0,0,0.0,0.0,,0.0,bidTooLow
2022-09-08,15870.0,-962.0,0.0,100,400.38,410.0,0,0.0,0.0,,0.0,0,0.0,0.0,,0.0,bidTooLow
2022-09-09,15870.0,-340.0,0.0,100,406.6,410.0,0,0.0,0.0,,0.0,0,0.0,0.0,,0.0,bidTooLow
2022-09-12,15870.0,97.0,0.0,100,410.97,410.0,0,0.0,0.0,,0.0,0,0.0,0.0,,0.0,bidTooLow
2022-09-13,15870.0,-1690.0,0.0,100,393.1,410.0,0,0.0,0.0,,0.0,0,0.0,0.0,,0.0,bidTooLow
2022-09-14,15870.0,-1540.0,0.0,100,394.6,410.0,0,0.0,0.0,,0.0,0,0.0,0.0,,0.0,bidTooLow
2022-09-15,15870.0,-1988.0,0.0,100,390.12,410.0,0,0.0,0.0,,0.0,0,0.0,0.0,,0.0,bidTooLow
2022-09-16,15870.0,-2444.0,0.0,100,385.56,410.0,0,0.0,0.0,,0.0,0,0.0,0.0,,0.0,bidTooLow
2022-09-19,15870.0,-2145.0,0.0,100,388.55,410.0,0,0.0,0.0,,0.0,0,0.0,0.0,,0.0,bidTooLow
2022-09-20,15870.0,-2591.0,0.0,100,384.09,410.0,0,0.0,0.0,,0.0,0,0.0,0.0,,0.0,bidTooLow
2022-09-21,15870.0,-3261.0,0.0,100,377.39,410.0,0,0.0,0.0,,0.0,0,0.0,0.0,,0.0,bidTooLow
2022-09-22,15870.0,-3578.0,0.0,100,374.22,410.0,0,0.0,0.0,,0.0,0,0.0,0.0,,0.0,bidTooLow
2022-09-23,15870.0,-4205.0,0.0,100,367.95,410.0,0,0.0,0.0,,0.0,0,0.0,0.0,,0.0,bidTooLow
2022-09-26,15870.0,-4569.0,0.0,100,364.31,410.0,0,0.0,0.0,,0.0,0,0.0,0.0,,0.0,bidTooLow
2022-09-27,15870.0,-4662.0,0.0,100,363.38,410.0,0,0.0,0.0,,0.0,0,0.0,0.0,,0.0,bidTooLow
2022-09-28,15870.0,-3947.0,0.0,100,370.53,410.0,0,0.0,0.0,,0.0,0,0.0,0.0,,0.0,bidTooLow
2022-09-29,15870.0,-4721.0,0.0,100,362.79,410.0,0,0.0,0.0,,0.0,0,0.0,0.0,,0.0,bidTooLow
2022-09-30,15870.0,-5282.0,0.0,100,357.18,410.0,0,0.0,0.0,,0.0,0,0.0,0.0,,0.0,bidTooLow
2022-10-03,15870.0,-4339.0,0.0,100,366.61,410.0,0,0.0,0.0,,0.0,0,0.0,0.0,,0.0,bidTooLow
2022-10-04,15870.0,-3203.0,0.0,100,377.97,410.0,0,0.0,0.0,,0.0,0,0.0,0.0,,0.0,bidTooLow
2022-10-05,15870.0,-3291.0,0.0,100,377.09,410.0,0,0.0,0.0,,0.0,0,0.0,0.0,,0.0,bidTooLow
2022-10-06,15870.0,-3680.0,0.0,100,373.2,410.0,0,0.0,0.0,,0.0,0,0.0,0.0,,0.0,bidTooLow
2022-10-07,15870.0,-4721.0,0.0,100,362.79,410.0,0,0.0,0.0,,0.0,0,0.0,0.0,,0.0,bidTooLow
2022-10-10,15870.0,-4998.0,0.0,100,360.02,410.0,0,0.0,0.0,,0.0,0,0.0,0.0,,0.0,bidTooLow
2022-10-11,15870.0,-5226.0,0.0,100,357.74,410.0,0,0.0,0.0,,0.0,0,0.0,0.0,,0.0,bidTooLow
2022-10-12,15870.0,-5344.0,0.0,100,356.56,410.0,0,0.0,0.0,,0.0,0,0.0,0.0,,0.0,bidTooLow
2022-10-13,15870.0,-4403.0,0.0,100,365.97,410.0,0,0.0,0.0,,0.0,0,0.0,0.0,,0.0,bidTooLow
2022-10-14,15870.0,-5237.0,0.0,100,357.63,410.0,0,0.0,0.0,,0.0,0,0.0,0.0,,0.0,bidTooLow
2022-10-17,15870.0,-4318.0,0.0,100,366.82,410.0,0,0.0,0.0,,0.0,0,0.0,0.0,,0.0,bidTooLow
2022-10-18,15870.0,-3890.0,0.0,100,371.13,410.0,0,0.0,0.0,,0.0,1,0.3,0.33,SPY221021C00387000,387.0,normalDay
2022-10-19,15870.0,-4126.0,0.0,100,368.5,410.0,0,0.0,0.0,,0.0,1,0.3,0.06,SPY221021C00387000,387.0,normalDay
2022-10-20,15870.0,-4431.0,0.0,100,365.41,410.0,0,0.0,0.0,,0.0,1,0.3,0.02,SPY221021C00387000,387.0,normalDay
2022-10-21,15900.0,-3571.0,30.0,100,374.29,410.0,0,0.0,0.0,,0.0,1,0.3,0.0,SPY221021C00387000,387.0,expirationDay
2022-10-24,15900.0,-3116.0,0.0,100,378.87,410.0,0,0.0,0.0,,0.0,1,0.73,0.76,SPY221026C00387000,387.0,normalDay
2022-10-25,15900.0,-2518.0,0.0,100,384.92,410.0,0,0.0,0.0,,0.0,1,0.73,0.83,SPY221026C00387000,387.0,normalDay
2022-10-26,15973.0,-2798.0,73.0,100,382.02,410.0,0,0.0,0.0,,0.0,1,0.73,0.0,SPY221026C00387000,387.0,expirationDay
2022-10-27,15973.0,-3002.0,0.0,100,379.98,410.0,0,0.0,0.0,,0.0,0,0.0,0.0,,0.0,bidTooLow
2022-10-28,15973.0,-2101.0,0.0,100,389.02,410.0,0,0.0,0.0,,0.0,1,0.05,0.08,SPY221031C00399000,399.0,normalDay
2022-10-31,15978.0,-2379.0,5.0,100,386.21,410.0,0,0.0,0.0,,0.0,1,0.05,0.0,SPY221031C00399000,399.0,expirationDay
2022-11-01,15978.0,-2551.0,0.0,100,384.52,410.0,0,0.0,0.0,,0.0,1,0.35,0.38,SPY221104C00402000,402.0,normalDay
2022-11-02,15978.0,-3482.0,0.0,100,374.87,410.0,0,0.0,0.0,,0.0,1,0.35,0.04,SPY221104C00402000,402.0,normalDay
2022-11-03,15978.0,-3865.0,0.0,100,371.01,410.0,0,0.0,0.0,,0.0,1,0.35,0.01,SPY221104C00402000,402.0,normalDay
2022-11-04,16013.0,-3365.0,35.0,100,376.35,410.0,0,0.0,0.0,,0.0,1,0.35,0.0,SPY221104C00402000,402.0,expirationDay
2022-11-07,16013.0,-3005.0,0.0,100,379.95,410.0,0,0.0,0.0,,0.0,0,0.0,0.0,,0.0,bidTooLow
2022-11-08,16013.0,-2803.0,0.0,100,382.0,410.0,0,0.0,0.0,,0.0,1,0.18,0.21,SPY221111C00402000,402.0,normalDay
2022-11-09,16013.0,-3571.0,0.0,100,374.13,410.0,0,0.0,0.0,,0.0,1,0.18,0.02,SPY221111C00402000,402.0,normalDay
2022-11-10,16013.0,-1540.0,0.0,100,394.69,410.0,0,0.0,0.0,,0.0,1,0.18,0.27,SPY221111C00402000,402.0,normalDay
2022-11-11,16031.0,-1149.0,18.0,100,398.51,410.0,0,0.0,0.0,,0.0,1,0.18,0.0,SPY221111C00402000,402.0,expirationDay
2022-11-14,16031.0,-1491.0,0.0,100,395.12,410.0,0,0.0,0.0,,0.0,1,0.13,0.16,SPY221116C00407000,407.0,normalDay
2022-11-15,16031.0,-1151.0,0.0,100,398.49,410.0,0,0.0,0.0,,0.0,1,0.13,0.13,SPY221116C00407000,407.0,normalDay
2022-11-16,16044.0,-1455.0,13.0,100,395.45,410.0,0,0.0,0.0,,0.0,1,0.13,0.0,SPY221116C00407000,407.0,expirationDay
2022-11-17,16044.0,-1576.0,0.0,100,394.24,410.0,0,0.0,0.0,,0.0,0,0.0,0.0,,0.0,bidTooLow
2022-11-18,16044.0,-1397.0,0.0,100,396.03,410.0,0,0.0,0.0,,0.0,0,0.0,0.0,,0.0,bidTooLow
2022-11-21,16044.0,-1541.0,0.0,100,394.59,410.0,0,0.0,0.0,,0.0,0,0.0,0.0,,0.0,bidTooLow
2022-11-22,16044.0,-1010.0,0.0,100,399.9,410.0,0,0.0,0.0,,0.0,0,0.0,0.0,,0.0,bidTooLow
2022-11-23,16044.0,-758.0,0.0,100,402.42,410.0,0,0.0,0.0,,0.0,0,0.0,0.0,,0.0,bidTooLow
2022-11-25,16044.0,-767.0,0.0,100,402.33,410.0,0,0.0,0.0,,0.0,0,0.0,0.0,,0.0,bidTooLow
2022-11-28,16044.0,-1409.0,0.0,100,395.91,410.0,0,0.0,0.0,,0.0,0,0.0,0.0,,0.0,bidTooLow
2022-11-29,16044.0,-1477.0,0.0,100,395.23,410.0,0,0.0,0.0,,0.0,0,0.0,0.0,,0.0,bidTooLow
2022-11-30,16044.0,-235.0,0.0,100,407.68,410.0,0,0.0,0.0,,0.0,1,0.02,0.05,SPY221202C00423000,423.0,normalDay
2022-12-01,16044.0,-262.0,0.0,100,407.38,410.0,0,0.0,0.0,,0.0,1,0.02,0.02,SPY221202C00423000,423.0,normalDay
2022-12-02,16046.0,-309.0,2.0,100,406.91,410.0,0,0.0,0.0,,0.0,1,0.02,0.0,SPY221202C00423000,423.0,expirationDay
2022-12-05,16046.0,-1041.0,0.0,100,399.59,410.0,0,0.0,0.0,,0.0,0,0.0,0.0,,0.0,bidTooLow
2022-12-06,16046.0,-1617.0,0.0,100,393.83,410.0,0,0.0,0.0,,0.0,0,0.0,0.0,,0.0,bidTooLow
2022-12-07,16046.0,-1684.0,0.0,100,393.16,410.0,0,0.0,0.0,,0.0,0,0.0,0.0,,0.0,bidTooLow
2022-12-08,16046.0,-1376.0,0.0,100,396.24,410.0,0,0.0,0.0,,0.0,0,0.0,0.0,,0.0,bidTooLow
2022-12-09,16046.0,-1672.0,0.0,100,393.28,410.0,0,0.0,0.0,,0.0,0,0.0,0.0,,0.0,bidTooLow
2022-12-12,16046.0,-1109.0,0.0,100,398.95,410.0,0,0.0,0.0,,0.0,1,1.55,1.59,SPY221215C00412000,412.0,normalDay
2022-12-13,16046.0,-756.0,0.0,100,401.97,410.0,0,0.0,0.0,,0.0,1,1.55,1.08,SPY221215C00412000,412.0,normalDay
2022-12-14,16046.0,-909.0,0.0,100,399.4,410.0,0,0.0,0.0,,0.0,1,1.55,0.04,SPY221215C00412000,412.0,normalDay
2022-12-15,16201.0,-2037.0,155.0,100,389.63,410.0,0,0.0,0.0,,0.0,1,1.55,0.0,SPY221215C00412000,412.0,expirationDay
2022-12-16,16201.0,-2673.0,0.0,100,383.27,410.0,0,0.0,0.0,,0.0,0,0.0,0.0,,0.0,bidTooLow
2022-12-19,16201.0,-2998.0,0.0,100,380.02,410.0,0,0.0,0.0,,0.0,0,0.0,0.0,,0.0,bidTooLow
2022-12-20,16201.0,-2946.0,0.0,100,380.54,410.0,0,0.0,0.0,,0.0,0,0.0,0.0,,0.0,bidTooLow
2022-12-21,16201.0,-2377.0,0.0,100,386.23,410.0,0,0.0,0.0,,0.0,0,0.0,0.0,,0.0,bidTooLow
2022-12-22,16201.0,-2928.0,0.0,100,380.72,410.0,0,0.0,0.0,,0.0,0,0.0,0.0,,0.0,bidTooLow
2022-12-23,16201.0,-2709.0,0.0,100,382.91,410.0,0,0.0,0.0,,0.0,0,0.0,0.0,,0.0,bidTooLow
2022-12-27,16201.0,-2860.0,0.0,100,381.4,410.0,0,0.0,0.0,,0.0,0,0.0,0.0,,0.0,bidTooLow
2022-12-28,16201.0,-3334.0,0.0,100,376.66,410.0,0,0.0,0.0,,0.0,0,0.0,0.0,,0.0,bidTooLow
2022-12-29,16201.0,-2656.0,0.0,100,383.44,410.0,0,0.0,0.0,,0.0,0,0.0,0.0,,0.0,bidTooLow
2022-12-30,16201.0,-2757.0,0.0,100,382.43,410.0,0,0.0,0.0,,0.0,0,0.0,0.0,,0.0,bidTooLow
2023-01-03,16201.0,-2918.0,0.0,100,380.82,410.0,0,0.0,0.0,,0.0,0,0.0,0.0,,0.0,bidTooLow
2023-01-04,16201.0,-2624.0,0.0,100,383.76,410.0,0,0.0,0.0,,0.0,0,0.0,0.0,,0.0,bidTooLow
2023-01-05,16201.0,-3062.0,0.0,100,379.38,410.0,0,0.0,0.0,,0.0,0,0.0,0.0,,0.0,bidTooLow
2023-01-06,16201.0,-2192.0,0.0,100,388.08,410.0,0,0.0,0.0,,0.0,0,0.0,0.0,,0.0,bidTooLow
2023-01-09,16201.0,-2217.0,0.0,100,387.86,410.0,0,0.0,0.0,,0.0,1,0.08,0.11,SPY230112C00407000,407.0,normalDay
2023-01-10,16201.0,-1945.0,0.0,100,390.58,410.0,0,0.0,0.0,,0.0,1,0.08,0.11,SPY230112C00407000,407.0,normalDay
2023-01-11,16201.0,-1471.0,0.0,100,395.52,410.0,0,0.0,0.0,,0.0,1,0.08,0.31,SPY230112C00407000,407.0,normalDay
2023-01-12,16209.0,-1304.0,8.0,100,396.96,410.0,0,0.0,0.0,,0.0,1,0.08,0.0,SPY230112C00407000,407.0,expirationDay
2023-01-13,16209.0,-1150.0,0.0,100,398.5,410.0,0,0.0,0.0,,0.0,0,0.0,0.0,,0.0,bidTooLow
2023-01-17,16209.0,-1226.0,0.0,100,397.77,410.0,0,0.0,0.0,,0.0,1,0.3,0.33,SPY230120C00405000,405.0,normalDay
2023-01-18,16209.0,-1825.0,0.0,100,391.49,410.0,0,0.0,0.0,,0.0,1,0.3,0.04,SPY230120C00405000,405.0,normalDay
2023-01-19,16209.0,-2108.0,0.0,100,388.64,410.0,0,0.0,0.0,,0.0,1,0.3,0.02,SPY230120C00405000,405.0,normalDay
2023-01-20,16239.0,-1412.0,30.0,100,395.88,410.0,0,0.0,0.0,,0.0,1,0.3,0.0,SPY230120C00405000,405.0,expirationDay
2023-01-23,16239.0,-940.0,0.0,100,400.63,410.0,0,0.0,0.0,,0.0,1,0.16,0.19,SPY230126C00410000,410.0,normalDay
2023-01-24,16239.0,-978.0,0.0,100,400.2,410.0,0,0.0,0.0,,0.0,1,0.16,0.14,SPY230126C00410000,410.0,normalDay
2023-01-25,16239.0,-951.0,0.0,100,400.35,410.0,0,0.0,0.0,,0.0,1,0.16,0.02,SPY230126C00410000,410.0,normalDay
2023-01-26,16255.0,-525.0,16.0,100,404.75,410.0,0,0.0,0.0,,0.0,1,0.16,0.0,SPY230126C00410000,410.0,expirationDay
2023-01-27,16255.0,-432.0,0.0,100,405.68,410.0,0,0.0,0.0,,0.0,0,0.0,0.0,,0.0,bidTooLow
2023-01-30,16255.0,-944.0,0.0,100,400.59,410.0,0,0.0,0.0,,0.0,1,0.13,0.16,SPY230202C00417000,417.0,normalDay
2023-01-31,16255.0,-368.0,0.0,100,406.48,410.0,0,0.0,0.0,,0.0,1,0.13,0.29,SPY230202C00417000,417.0,normalDay
2023-02-01,16255.0,71.0,0.0,100,410.8,410.0,0,0.0,0.0,,0.0,1,0.13,0.22,SPY230202C00417000,417.0,normalDay
2023-02-02,16268.0,678.0,13.0,100,416.78,410.0,0,0.0,0.0,,0.0,1,0.13,0.0,SPY230202C00417000,417.0,expirationDay
2023-02-03,16268.0,235.0,0.0,100,412.35,410.0,0,0.0,0.0,,0.0,0,0.0,0.0,,0.0,bidTooLow
2023-02-06,16268.0,-20.0,0.0,100,409.83,410.0,0,0.0,0.0,,0.0,1,0.05,0.08,SPY230209C00424000,424.0,normalDay
2023-02-07,16268.0,513.0,0.0,100,415.19,410.0,0,0.0,0.0,,0.0,1,0.05,0.11,SPY230209C00424000,424.0,normalDay
2023-02-08,16268.0,69.0,0.0,100,410.65,410.0,0,0.0,0.0,,0.0,1,0.05,0.01,SPY230209C00424000,424.0,normalDay
2023-02-09,16273.0,-291.0,5.0,100,407.09,410.0,0,0.0,0.0,,0.0,1,0.05,0.0,SPY230209C00424000,424.0,expirationDay
2023-02-10,16273.0,-196.0,0.0,100,408.04,410.0,0,0.0,0.0,,0.0,0,0.0,0.0,,0.0,bidTooLow
2023-02-13,16273.0,280.0,0.0,100,412.83,410.0,0,0.0,0.0,,0.0,1,0.24,0.27,SPY230216C00427000,427.0,normalDay
2023-02-14,16273.0,286.0,0.0,100,412.64,410.0,0,0.0,0.0,,0.0,1,0.24,0.02,SPY230216C00427000,427.0,normalDay
2023-02-15,16273.0,421.0,0.0,100,413.98,410.0,0,0.0,0.0,,0.0,1,0.24,0.01,SPY230216C00427000,427.0,normalDay
2023-02-16,16297.0,-172.0,24.0,100,408.28,410.0,0,0.0,0.0,,0.0,1,0.24,0.0,SPY230216C00427000,427.0,expirationDay
2023-02-17,16297.0,-274.0,0.0,100,407.26,410.0,0,0.0,0.0,,0.0,0,0.0,0.0,,0.0,bidTooLow
2023-02-21,16297.0,-1091.0,0.0,100,399.09,410.0,0,0.0,0.0,,0.0,0,0.0,0.0,,0.0,bidTooLow
2023-02-22,16297.0,-1146.0,0.0,100,398.54,410.0,0,0.0,0.0,,0.0,0,0.0,0.0,,0.0,bidTooLow
2023-02-23,16297.0,-934.0,0.0,100,400.66,410.0,0,0.0,0.0,,0.0,0,0.0,0.0,,0.0,bidTooLow
2023-02-24,16297.0,-1362.0,0.0,100,396.38,410.0,0,0.0,0.0,,0.0,0,0.0,0.0,,0.0,bidTooLow
2023-02-27,16297.0,-1227.0,0.0,100,397.73,410.0,0,0.0,0.0,,0.0,0,0.0,0.0,,0.0,bidTooLow
2023-02-28,16297.0,-1374.0,0.0,100,396.26,410.0,0,0.0,0.0,,0.0,0,0.0,0.0,,0.0,bidTooLow
2023-03-01,16297.0,-1526.0,0.0,100,394.74,410.0,0,0.0,0.0,,0.0,0,0.0,0.0,,0.0,bidTooLow
2023-03-02,16297.0,-1219.0,0.0,100,397.81,410.0,0,0.0,0.0,,0.0,0,0.0,0.0,,0.0,bidTooLow
2023-03-03,16297.0,-581.0,0.0,100,404.19,410.0,0,0.0,0.0,,0.0,0,0.0,0.0,,0.0,bidTooLow
2023-03-06,16297.0,-553.0,0.0,100,404.47,410.0,0,0.0,0.0,,0.0,0,0.0,0.0,,0.0,bidTooLow
2023-03-07,16297.0,-1173.0,0.0,100,398.27,410.0,0,0.0,0.0,,0.0,0,0.0,0.0,,0.0,bidTooLow
2023-03-08,16297.0,-1108.0,0.0,100,398.92,410.0,0,0.0,0.0,,0.0,0,0.0,0.0,,0.0,bidTooLow
2023-03-09,16297.0,-1844.0,0.0,100,391.56,410.0,0,0.0,0.0,,0.0,0,0.0,0.0,,0.0,bidTooLow
2023-03-10,16297.0,-2409.0,0.0,100,385.91,410.0,0,0.0,0.0,,0.0,0,0.0,0.0,,0.0,bidTooLow
2023-03-13,16297.0,-2464.0,0.0,100,385.36,410.0,0,0.0,0.0,,0.0,0,0.0,0.0,,0.0,bidTooLow
2023-03-14,16297.0,-1827.0,0.0,100,391.73,410.0,0,0.0,0.0,,0.0,0,0.0,0.0,,0.0,bidTooLow
2023-03-15,16297.0,-2072.0,0.0,100,389.28,410.0,0,0.0,0.0,,0.0,0,0.0,0.0,,0.0,bidTooLow
2023-03-16,16297.0,-1389.0,0.0,100,396.11,410.0,0,0.0,0.0,,0.0,0,0.0,0.0,,0.0,bidTooLow
2023-03-17,16297.0,-2001.0,0.0,100,389.99,410.0,0,0.0,0.0,,0.0,0,0.0,0.0,,0.0,bidTooLow
2023-03-20,16297.0,-1629.0,0.0,100,393.74,410.0,0,0.0,0.0,,0.0,1,0.06,0.09,SPY230323C00411000,411.0,normalDay
2023-03-21,16297.0,-1123.0,0.0,100,398.91,410.0,0,0.0,0.0,,0.0,1,0.06,0.2,SPY230323C00411000,411.0,normalDay
2023-03-22,16297.0,-1784.0,0.0,100,392.11,410.0,0,0.0,0.0,,0.0,1,0.06,0.01,SPY230323C00411000,411.0,normalDay
2023-03-23,16303.0,-1683.0,6.0,100,393.17,410.0,0,0.0,0.0,,0.0,1,0.06,0.0,SPY230323C00411000,411.0,expirationDay
2023-03-24,16303.0,-1425.0,0.0,100,395.75,410.0,0,0.0,0.0,,0.0,0,0.0,0.0,,0.0,bidTooLow
2023-03-27,16303.0,-1354.0,0.0,100,396.49,410.0,0,0.0,0.0,,0.0,1,0.01,0.04,SPY230330C00410000,410.0,normalDay
2023-03-28,16303.0,-1441.0,0.0,100,395.6,410.0,0,0.0,0.0,,0.0,1,0.01,0.02,SPY230330C00410000,410.0,normalDay
2023-03-29,16303.0,-866.0,0.0,100,401.35,410.0,0,0.0,0.0,,0.0,1,0.01,0.02,SPY230330C00410000,410.0,normalDay
2023-03-30,16304.0,-630.0,1.0,100,403.7,410.0,0,0.0,0.0,,0.0,1,0.01,0.0,SPY230330C00410000,410.0,expirationDay
2023-03-31,16304.0,-64.0,0.0,100,409.39,410.0,0,0.0,0.0,,0.0,1,0.31,0.34,SPY230403C00413000,413.0,normalDay
2023-04-03,16335.0,95.0,31.0,100,410.95,410.0,0,0.0,0.0,,0.0,1,0.31,0.0,SPY230403C00413000,413.0,expirationDay
2023-04-04,16335.0,-136.0,0.0,100,408.67,410.0,0,0.0,0.0,,0.0,1,0.01,0.04,SPY230406C00418000,418.0,normalDay
2023-04-05,16335.0,-240.0,0.0,100,407.6,410.0,0,0.0,0.0,,0.0,1,0.01,0.01,SPY230406C00418000,418.0,normalDay
2023-04-06,16336.0,-81.0,1.0,100,409.19,410.0,0,0.0,0.0,,0.0,1,0.01,0.0,SPY230406C00418000,418.0,expirationDay
2023-04-10,16336.0,-42.0,0.0,100,409.61,410.0,0,0.0,0.0,,0.0,1,0.03,0.06,SPY230413C00422000,422.0,normalDay
2023-04-11,16336.0,-29.0,0.0,100,409.72,410.0,0,0.0,0.0,,0.0,1,0.03,0.04,SPY230413C00422000,422.0,normalDay
2023-04-12,16336.0,-193.0,0.0,100,408.05,410.0,0,0.0,0.0,,0.0,1,0.03,0.01,SPY230413C00422000,422.0,normalDay
2023-04-13,16339.0,347.0,3.0,100,413.47,410.0,0,0.0,0.0,,0.0,1,0.03,0.0,SPY230413C00422000,422.0,expirationDay
2023-04-14,16339.0,246.0,0.0,100,412.46,410.0,0,0.0,0.0,,0.0,0,0.0,0.0,,0.0,bidTooLow
2023-04-17,16339.0,394.0,0.0,100,413.94,410.0,0,0.0,0.0,,0.0,0,0.0,0.0,,0.0,bidTooLow
2023-04-18,16339.0,421.0,0.0,100,414.21,410.0,0,0.0,0.0,,0.0,0,0.0,0.0,,0.0,bidTooLow
2023-04-19,16339.0,414.0,0.0,100,414.14,410.0,0,0.0,0.0,,0.0,0,0.0,0.0,,0.0,bidTooLow
2023-04-20,16339.0,188.0,0.0,100,411.88,410.0,0,0.0,0.0,,0.0,0,0.0,0.0,,0.0,bidTooLow
2023-04-21,16339.0,220.0,0.0,100,412.2,410.0,0,0.0,0.0,,0.0,0,0.0,0.0,,0.0,bidTooLow
2023-04-24,16339.0,263.0,0.0,100,412.63,410.0,0,0.0,0.0,,0.0,0,0.0,0.0,,0.0,bidTooLow
2023-04-25,16339.0,-392.0,0.0,100,406.08,410.0,0,0.0,0.0,,0.0,0,0.0,0.0,,0.0,bidTooLow
2023-04-26,16339.0,-564.0,0.0,100,404.36,410.0,0,0.0,0.0,,0.0,0,0.0,0.0,,0.0,bidTooLow
2023-04-27,16339.0,238.0,0.0,100,412.41,410.0,0,0.0,0.0,,0.0,1,0.03,0.06,SPY230428C00419000,419.0,normalDay
2023-04-28,16342.0,593.0,3.0,100,415.93,410.0,0,0.0,0.0,,0.0,1,0.03,0.0,SPY230428C00419000,419.0,expirationDay
2023-05-01,16342.0,548.0,0.0,100,415.51,410.0,0,0.0,0.0,,0.0,1,0.81,0.84,SPY230504C00420000,420.0,normalDay
2023-05-02,16342.0,148.0,0.0,100,410.84,410.0,0,0.0,0.0,,0.0,1,0.81,0.17,SPY230504C00420000,420.0,normalDay
2023-05-03,16342.0,-119.0,0.0,100,408.02,410.0,0,0.0,0.0,,0.0,1,0.81,0.02,SPY230504C00420000,420.0,normalDay
2023-05-04,16423.0,-487.0,81.0,100,405.13,410.0,0,0.0,0.0,,0.0,1,0.81,0.0,SPY230504C00420000,420.0,expirationDay
2023-05-05,16423.0,263.0,0.0,100,412.63,410.0,0,0.0,0.0,,0.0,0,0.0,0.0,,0.0,bidTooLow
2023-05-08,16423.0,271.0,0.0,100,412.74,410.0,0,0.0,0.0,,0.0,1,0.08,0.11,SPY230511C00421000,421.0,normalDay
2023-05-09,16423.0,95.0,0.0,100,410.93,410.0,0,0.0,0.0,,0.0,1,0.08,0.06,SPY230511C00421000,421.0,normalDay
2023-05-10,16423.0,291.0,0.0,100,412.85,410.0,0,0.0,0.0,,0.0,1,0.08,0.02,SPY230511C00421000,421.0,normalDay
2023-05-11,16431.0,213.0,8.0,100,412.13,410.0,0,0.0,0.0,,0.0,1,0.08,0.0,SPY230511C00421000,421.0,expirationDay
2023-05-12,16431.0,159.0,0.0,100,411.59,410.0,0,0.0,0.0,,0.0,0,0.0,0.0,,0.0,bidTooLow
2023-05-15,16431.0,298.0,0.0,100,413.01,410.0,0,0.0,0.0,,0.0,1,0.03,0.06,SPY230518C00421000,421.0,normalDay
2023-05-16,16431.0,25.0,0.0,100,410.25,410.0,0,0.0,0.0,,0.0,1,0.03,0.03,SPY230518C00421000,421.0,normalDay
2023-05-17,16431.0,522.0,0.0,100,415.23,410.0,0,0.0,0.0,,0.0,1,0.03,0.04,SPY230518C00421000,421.0,normalDay
2023-05-18,16434.0,923.0,3.0,100,419.23,410.0,0,0.0,0.0,,0.0,1,0.03,0.0,SPY230518C00421000,421.0,expirationDay
2023-05-19,16434.0,859.0,0.0,100,418.62,410.0,0,0.0,0.0,,0.0,1,0.06,0.09,SPY230522C00424000,424.0,normalDay
2023-05-22,16440.0,879.0,6.0,100,418.79,410.0,0,0.0,0.0,,0.0,1,0.06,0.0,SPY230522C00424000,424.0,expirationDay
2023-05-23,16440.0,406.0,0.0,100,414.09,410.0,0,0.0,0.0,,0.0,1,0.06,0.09,SPY230526C00424000,424.0,normalDay
2023-05-24,16440.0,112.0,0.0,100,411.09,410.0,0,0.0,0.0,,0.0,1,0.06,0.03,SPY230526C00424000,424.0,normalDay
2023-05-25,16440.0,468.0,0.0,100,414.65,410.0,0,0.0,0.0,,0.0,1,0.06,0.03,SPY230526C00424000,424.0,normalDay
2023-05-26,16446.0,1002.0,6.0,100,420.02,410.0,0,0.0,0.0,,0.0,1,0.06,0.0,SPY230526C00424000,424.0,expirationDay
2023-05-30,16446.0,1015.0,0.0,100,420.18,410.0,0,0.0,0.0,,0.0,1,0.74,0.77,SPY230602C00425000,425.0,normalDay
2023-05-31,16446.0,844.0,0.0,100,417.85,410.0,0,0.0,0.0,,0.0,1,0.74,0.15,SPY230602C00425000,425.0,normalDay
2023-06-01,16446.0,1222.0,0.0,100,421.82,410.0,0,0.0,0.0,,0.0,1,0.74,0.34,SPY230602C00425000,425.0,normalDay
2023-06-02,18020.0,1222.0,1574.0,0,427.92,0.0,0,0.0,0.0,,0.0,1,0.74,0.0,SPY230602C00425000,425.0,expirationDay
2023-06-05,18020.0,-5.0,0.0,0,427.1,0.0,1,6.36,6.41,SPY231020P00395000,395.0,0,0.0,0.0,,0.0,normalDay
2023-06-06,18020.0,57.0,0.0,0,428.03,0.0,1,6.36,5.79,SPY231020P00395000,395.0,0,0.0,0.0,,0.0,normalDay
2023-06-07,18020.0,42.0,0.0,0,426.55,0.0,1,6.36,5.94,SPY231020P00395000,395.0,0,0.0,0.0,,0.0,normalDay
2023-06-08,18020.0,96.0,0.0,0,429.13,0.0,1,6.36,5.4,SPY231020P00395000,395.0,0,0.0,0.0,,0.0,normalDay
2023-06-09,18020.0,109.0,0.0,0,429.9,0.0,1,6.36,5.27,SPY231020P00395000,395.0,0,0.0,0.0,,0.0,normalDay
2023-06-12,18020.0,146.0,0.0,0,433.8,0.0,1,6.36,4.9,SPY231020P00395000,395.0,0,0.0,0.0,,0.0,normalDay
2023-06-13,18020.0,180.0,0.0,0,436.66,0.0,1,6.36,4.56,SPY231020P00395000,395.0,0,0.0,0.0,,0.0,normalDay
2023-06-14,18020.0,205.0,0.0,0,437.18,0.0,1,6.36,4.31,SPY231020P00395000,395.0,0,0.0,0.0,,0.0,normalDay
2023-06-15,18020.0,234.0,0.0,0,442.6,0.0,1,6.36,4.02,SPY231020P00395000,395.0,0,0.0,0.0,,0.0,normalDay
2023-06-16,18020.0,243.0,0.0,0,439.46,0.0,1,6.36,3.93,SPY231020P00395000,395.0,0,0.0,0.0,,0.0,normalDay
2023-06-20,18020.0,208.0,0.0,0,437.18,0.0,1,6.36,4.28,SPY231020P00395000,395.0,0,0.0,0.0,,0.0,normalDay
2023-06-21,18020.0,205.0,0.0,0,434.94,0.0,1,6.36,4.31,SPY231020P00395000,395.0,0,0.0,0.0,,0.0,normalDay
2023-06-22,18020.0,235.0,0.0,0,436.51,0.0,1,6.36,4.01,SPY231020P00395000,395.0,0,0.0,0.0,,0.0,normalDay
2023-06-23,18020.0,198.0,0.0,0,433.21,0.0,1,6.36,4.38,SPY231020P00395000,395.0,0,0.0,0.0,,0.0,normalDay
2023-06-26,18020.0,188.0,0.0,0,431.44,0.0,1,6.36,4.48,SPY231020P00395000,395.0,0,0.0,0.0,,0.0,normalDay
2023-06-27,18020.0,263.0,0.0,0,436.17,0.0,1,6.36,3.73,SPY231020P00395000,395.0,0,0.0,0.0,,0.0,normalDay
2023-06-28,18020.0,298.0,0.0,0,436.39,0.0,1,6.36,3.38,SPY231020P00395000,395.0,0,0.0,0.0,,0.0,normalDay
2023-06-29,18020.0,301.0,0.0,0,438.11,0.0,1,6.36,3.35,SPY231020P00395000,395.0,0,0.0,0.0,,0.0,normalDay
2023-06-30,18020.0,346.0,0.0,0,443.28,0.0,1,6.36,2.9,SPY231020P00395000,395.0,0,0.0,0.0,,0.0,normalDay
2023-07-03,18020.0,354.0,0.0,0,443.79,0.0,1,6.36,2.82,SPY231020P00395000,395.0,0,0.0,0.0,,0.0,normalDay
2023-07-05,18020.0,343.0,0.0,0,443.13,0.0,1,6.36,2.93,SPY231020P00395000,395.0,0,0.0,0.0,,0.0,normalDay
2023-07-06,18020.0,289.0,0.0,0,439.66,0.0,1,6.36,3.47,SPY231020P00395000,395.0,0,0.0,0.0,,0.0,normalDay
2023-07-07,18020.0,298.0,0.0,0,438.55,0.0,1,6.36,3.38,SPY231020P00395000,395.0,0,0.0,0.0,,0.0,normalDay
2023-07-10,18020.0,315.0,0.0,0,439.66,0.0,1,6.36,3.21,SPY231020P00395000,395.0,0,0.0,0.0,,0.0,normalDay
2023-07-11,18020.0,344.0,0.0,0,442.46,0.0,1,6.36,2.92,SPY231020P00395000,395.0,0,0.0,0.0,,0.0,normalDay
2023-07-12,18020.0,398.0,0.0,0,446.02,0.0,1,6.36,2.38,SPY231020P00395000,395.0,0,0.0,0.0,,0.0,normalDay
2023-07-13,18020.0,413.0,0.0,0,449.56,0.0,1,6.36,2.23,SPY231020P00395000,395.0,0,0.0,0.0,,0.0,normalDay
2023-07-14,18020.0,418.0,0.0,0,449.28,0.0,1,6.36,2.18,SPY231020P00395000,395.0,0,0.0,0.0,,0.0,normalDay
2023-07-17,18020.0,428.0,0.0,0,450.84,0.0,1,6.36,2.08,SPY231020P00395000,395.0,0,0.0,0.0,,0.0,normalDay
2023-07-18,18020.0,453.0,0.0,0,454.19,0.0,1,6.36,1.83,SPY231020P00395000,395.0,0,0.0,0.0,,0.0,normalDay
2023-07-19,18020.0,446.0,0.0,0,455.2,0.0,1,6.36,1.9,SPY231020P00395000,395.0,0,0.0,0.0,,0.0,normalDay
2023-07-20,18020.0,435.0,0.0,0,452.18,0.0,1,6.36,2.01,SPY231020P00395000,395.0,0,0.0,0.0,,0.0,normalDay
2023-07-21,18020.0,443.0,0.0,0,452.18,0.0,1,6.36,1.93,SPY231020P00395000,395.0,0,0.0,0.0,,0.0,normalDay
2023-07-24,18020.0,462.0,0.0,0,454.2,0.0,1,6.36,1.74,SPY231020P00395000,395.0,0,0.0,0.0,,0.0,normalDay
2023-07-25,18020.0,468.0,0.0,0,455.44,0.0,1,6.36,1.68,SPY231020P00395000,395.0,0,0.0,0.0,,0.0,normalDay
2023-07-26,18020.0,483.0,0.0,0,455.51,0.0,1,6.36,1.53,SPY231020P00395000,395.0,0,0.0,0.0,,0.0,normalDay
2023-07-27,18020.0,450.0,0.0,0,452.49,0.0,1,6.36,1.86,SPY231020P00395000,395.0,0,0.0,0.0,,0.0,normalDay
2023-07-28,18020.0,488.0,0.0,0,456.92,0.0,1,6.36,1.48,SPY231020P00395000,395.0,0,0.0,0.0,,0.0,normalDay
2023-07-31,18020.0,497.0,0.0,0,457.79,0.0,1,6.36,1.39,SPY231020P00395000,395.0,0,0.0,0.0,,0.0,normalDay
2023-08-01,18020.0,490.0,0.0,0,456.48,0.0,1,6.36,1.46,SPY231020P00395000,395.0,0,0.0,0.0,,0.0,normalDay
2023-08-02,18020.0,426.0,0.0,0,450.13,0.0,1,6.36,2.1,SPY231020P00395000,395.0,0,0.0,0.0,,0.0,normalDay
2023-08-03,18020.0,435.0,0.0,0,448.84,0.0,1,6.36,2.01,SPY231020P00395000,395.0,0,0.0,0.0,,0.0,normalDay
2023-08-04,18020.0,393.0,0.0,0,446.81,0.0,1,6.36,2.43,SPY231020P00395000,395.0,0,0.0,0.0,,0.0,normalDay
2023-08-07,18020.0,452.0,0.0,0,450.71,0.0,1,6.36,1.84,SPY231020P00395000,395.0,0,0.0,0.0,,0.0,normalDay
2023-08-08,18020.0,436.0,0.0,0,448.75,0.0,1,6.36,2.0,SPY231020P00395000,395.0,0,0.0,0.0,,0.0,normalDay
2023-08-09,18020.0,432.0,0.0,0,445.75,0.0,1,6.36,2.04,SPY231020P00395000,395.0,0,0.0,0.0,,0.0,normalDay
2023-08-10,18020.0,431.0,0.0,0,445.91,0.0,1,6.36,2.05,SPY231020P00395000,395.0,0,0.0,0.0,,0.0,normalDay
2023-08-11,18020.0,452.0,0.0,0,445.65,0.0,1,6.36,1.84,SPY231020P00395000,395.0,0,0.0,0.0,,0.0,normalDay
2023-08-14,18020.0,478.0,0.0,0,448.11,0.0,1,6.36,1.58,SPY231020P00395000,395.0,0,0.0,0.0,,0.0,normalDay
2023-08-15,18020.0,429.0,0.0,0,442.89,0.0,1,6.36,2.07,SPY231020P00395000,395.0,0,0.0,0.0,,0.0,normalDay
2023-08-16,18020.0,407.0,0.0,0,439.64,0.0,1,6.36,2.29,SPY231020P00395000,395.0,0,0.0,0.0,,0.0,normalDay
2023-08-17,18020.0,362.0,0.0,0,436.29,0.0,1,6.36,2.74,SPY231020P00395000,395.0,0,0.0,0.0,,0.0,normalDay
2023-08-18,18020.0,398.0,0.0,0,436.5,0.0,1,6.36,2.38,SPY231020P00395000,395.0,0,0.0,0.0,,0.0,normalDay
2023-08-21,18020.0,437.0,0.0,0,439.34,0.0,1,6.36,1.99,SPY231020P00395000,395.0,0,0.0,0.0,,0.0,normalDay
2023-08-22,18020.0,443.0,0.0,0,438.15,0.0,1,6.36,1.93,SPY231020P00395000,395.0,0,0.0,0.0,,0.0,normalDay
2023-08-23,18020.0,487.0,0.0,0,443.03,0.0,1,6.36,1.49,SPY231020P00395000,395.0,0,0.0,0.0,,0.0,normalDay
2023-08-24,18020.0,440.0,0.0,0,436.89,0.0,1,6.36,1.96,SPY231020P00395000,395.0,0,0.0,0.0,,0.0,normalDay
2023-08-25,18020.0,489.0,0.0,0,439.97,0.0,1,6.36,1.47,SPY231020P00395000,395.0,0,0.0,0.0,,0.0,normalDay
2023-08-28,18020.0,524.0,0.0,0,442.76,0.0,1,6.36,1.12,SPY231020P00395000,395.0,0,0.0,0.0,,0.0,normalDay
2023-08-29,18020.0,556.0,0.0,0,449.16,0.0,1,6.36,0.8,SPY231020P00395000,395.0,0,0.0,0.0,,0.0,normalDay
2023-08-30,18020.0,568.0,0.0,0,451.01,0.0,1,6.36,0.68,SPY231020P00395000,395.0,0,0.0,0.0,,0.0,normalDay
2023-08-31,18020.0,573.0,0.0,0,450.35,0.0,1,6.36,0.63,SPY231020P00395000,395.0,0,0.0,0.0,,0.0,normalDay
2023-09-01,18020.0,577.0,0.0,0,451.19,0.0,1,6.36,0.59,SPY231020P00395000,395.0,0,0.0,0.0,,0.0,normalDay
2023-09-05,18020.0,573.0,0.0,0,449.24,0.0,1,6.36,0.63,SPY231020P00395000,395.0,0,0.0,0.0,,0.0,normalDay
2023-09-06,18020.0,565.0,0.0,0,446.22,0.0,1,6.36,0.71,SPY231020P00395000,395.0,0,0.0,0.0,,0.0,normalDay
2023-09-07,18020.0,568.0,0.0,0,444.85,0.0,1,6.36,0.68,SPY231020P00395000,395.0,0,0.0,0.0,,0.0,normalDay
2023-09-08,18020.0,578.0,0.0,0,445.52,0.0,1,6.36,0.58,SPY231020P00395000,395.0,0,0.0,0.0,,0.0,normalDay
2023-09-11,18020.0,589.0,0.0,0,448.45,0.0,1,6.36,0.47,SPY231020P00395000,395.0,0,0.0,0.0,,0.0,normalDay
2023-09-12,18020.0,584.0,0.0,0,445.99,0.0,1,6.36,0.52,SPY231020P00395000,395.0,0,0.0,0.0,,0.0,normalDay
2023-09-13,18020.0,594.0,0.0,0,446.51,0.0,1,6.36,0.42,SPY231020P00395000,395.0,0,0.0,0.0,,0.0,normalDay
2023-09-14,18020.0,602.0,0.0,0,450.36,0.0,1,6.36,0.34,SPY231020P00395000,395.0,0,0.0,0.0,,0.0,normalDay
2023-09-15,18020.0,589.0,0.0,0,443.37,0.0,1,6.36,0.47,SPY231020P00395000,395.0,0,0.0,0.0,,0.0,normalDay
2023-09-18,18020.0,596.0,0.0,0,443.63,0.0,1,6.36,0.4,SPY231020P00395000,395.0,0,0.0,0.0,,0.0,normalDay
2023-09-19,18020.0,599.0,0.0,0,442.71,0.0,1,6.36,0.37,SPY231020P00395000,395.0,0,0.0,0.0,,0.0,normalDay
2023-09-20,18020.0,589.0,0.0,0,438.64,0.0,1,6.36,0.47,SPY231020P00395000,395.0,0,0.0,0.0,,0.0,normalDay
2023-09-21,18020.0,547.0,0.0,0,431.39,0.0,1,6.36,0.89,SPY231020P00395000,395.0,0,0.0,0.0,,0.0,normalDay
2023-09-22,18020.0,551.0,0.0,0,430.42,0.0,1,6.36,0.85,SPY231020P00395000,395.0,0,0.0,0.0,,0.0,normalDay
2023-09-25,18020.0,575.0,0.0,0,432.23,0.0,1,6.36,0.61,SPY231020P00395000,395.0,0,0.0,0.0,,0.0,normalDay
2023-09-26,18020.0,533.0,0.0,0,425.88,0.0,1,6.36,1.03,SPY231020P00395000,395.0,0,0.0,0.0,,0.0,normalDay
2023-09-27,18020.0,555.0,0.0,0,426.05,0.0,1,6.36,0.81,SPY231020P00395000,395.0,0,0.0,0.0,,0.0,normalDay
2023-09-28,18020.0,576.0,0.0,0,428.52,0.0,1,6.36,0.6,SPY231020P00395000,395.0,0,0.0,0.0,,0.0,normalDay
2023-09-29,18020.0,577.0,0.0,0,427.48,0.0,1,6.36,0.59,SPY231020P00395000,395.0,0,0.0,0.0,,0.0,normalDay
2023-10-02,18020.0,592.0,0.0,0,427.31,0.0,1,6.36,0.44,SPY231020P00395000,395.0,0,0.0,0.0,,0.0,normalDay
2023-10-03,18020.0,554.0,0.0,0,421.59,0.0,1,6.36,0.82,SPY231020P00395000,395.0,0,0.0,0.0,,0.0,normalDay
2023-10-04,18020.0,586.0,0.0,0,424.66,0.0,1,6.36,0.5,SPY231020P00395000,395.0,0,0.0,0.0,,0.0,normalDay
2023-10-05,18020.0,589.0,0.0,0,424.5,0.0,1,6.36,0.47,SPY231020P00395000,395.0,0,0.0,0.0,,0.0,normalDay
2023-10-06,18020.0,614.0,0.0,0,429.54,0.0,1,6.36,0.22,SPY231020P00395000,395.0,0,0.0,0.0,,0.0,normalDay
2023-10-09,18020.0,614.0,0.0,0,432.29,0.0,1,6.36,0.22,SPY231020P00395000,395.0,0,0.0,0.0,,0.0,normalDay
2023-10-10,18020.0,617.0,0.0,0,434.54,0.0,1,6.36,0.19,SPY231020P00395000,395.0,0,0.0,0.0,,0.0,normalDay
2023-10-11,18020.0,623.0,0.0,0,436.32,0.0,1,6.36,0.13,SPY231020P00395000,395.0,0,0.0,0.0,,0.0,normalDay
2023-10-12,18020.0,622.0,0.0,0,433.66,0.0,1,6.36,0.14,SPY231020P00395000,395.0,0,0.0,0.0,,0.0,normalDay
2023-10-13,18020.0,619.0,0.0,0,431.5,0.0,1,6.36,0.17,SPY231020P00395000,395.0,0,0.0,0.0,,0.0,normalDay
2023-10-16,18020.0,628.0,0.0,0,436.04,0.0,1,6.36,0.08,SPY231020P00395000,395.0,0,0.0,0.0,,0.0,normalDay
2023-10-17,18020.0,630.0,0.0,0,436.02,0.0,1,6.36,0.06,SPY231020P00395000,395.0,0,0.0,0.0,,0.0,normalDay
2023-10-18,18020.0,631.0,0.0,0,430.21,0.0,1,6.36,0.05,SPY231020P00395000,395.0,0,0.0,0.0,,0.0,normalDay
2023-10-19,18020.0,633.0,0.0,0,426.43,0.0,1,6.36,0.03,SPY231020P00395000,395.0,0,0.0,0.0,,0.0,normalDay
2023-10-20,18656.0,0.0,636.0,0,421.19,0.0,1,6.36,0.0,SPY231020P00395000,395.0,0,0.0,0.0,,0.0,expirationDay
2023-10-23,18656.0,-6.0,0.0,0,420.46,0.0,1,10.84,10.9,SPY240216P00409000,409.0,0,0.0,0.0,,0.0,normalDay
2023-10-24,18656.0,129.0,0.0,0,423.63,0.0,1,10.84,9.55,SPY240216P00409000,409.0,0,0.0,0.0,,0.0,normalDay
2023-10-25,18656.0,-99.0,0.0,0,417.55,0.0,1,10.84,11.83,SPY240216P00409000,409.0,0,0.0,0.0,,0.0,normalDay
2023-10-26,18656.0,-265.0,0.0,0,412.55,0.0,1,10.84,13.49,SPY240216P00409000,409.0,0,0.0,0.0,,0.0,normalDay
2023-10-27,18656.0,-365.0,0.0,0,410.68,0.0,1,10.84,14.49,SPY240216P00409000,409.0,0,0.0,0.0,,0.0,normalDay
2023-10-30,18656.0,-114.0,0.0,0,415.59,0.0,1,10.84,11.98,SPY240216P00409000,409.0,0,0.0,0.0,,0.0,normalDay
2023-10-31,18656.0,45.0,0.0,0,418.2,0.0,1,10.84,10.39,SPY240216P00409000,409.0,0,0.0,0.0,,0.0,normalDay
2023-11-01,18656.0,233.0,0.0,0,422.66,0.0,1,10.84,8.51,SPY240216P00409000,409.0,0,0.0,0.0,,0.0,normalDay
2023-11-02,18656.0,449.0,0.0,0,430.76,0.0,1,10.84,6.35,SPY240216P00409000,409.0,0,0.0,0.0,,0.0,normalDay
2023-11-03,18656.0,551.0,0.0,0,434.69,0.0,1,10.84,5.33,SPY240216P00409000,409.0,0,0.0,0.0,,0.0,normalDay
2023-11-06,18656.0,589.0,0.0,0,435.69,0.0,1,10.84,4.95,SPY240216P00409000,409.0,0,0.0,0.0,,0.0,normalDay
2023-11-07,18656.0,620.0,0.0,0,436.93,0.0,1,10.84,4.64,SPY240216P00409000,409.0,0,0.0,0.0,,0.0,normalDay
2023-11-08,18656.0,648.0,0.0,0,437.25,0.0,1,10.84,4.36,SPY240216P00409000,409.0,0,0.0,0.0,,0.0,normalDay
2023-11-09,18656.0,580.0,0.0,0,433.84,0.0,1,10.84,5.04,SPY240216P00409000,409.0,0,0.0,0.0,,0.0,normalDay
2023-11-10,18656.0,710.0,0.0,0,440.61,0.0,1,10.84,3.74,SPY240216P00409000,409.0,0,0.0,0.0,,0.0,normalDay
2023-11-13,18656.0,713.0,0.0,0,440.19,0.0,1,10.84,3.71,SPY240216P00409000,409.0,0,0.0,0.0,,0.0,normalDay
2023-11-14,18656.0,807.0,0.0,0,448.73,0.0,1,10.84,2.77,SPY240216P00409000,409.0,0,0.0,0.0,,0.0,normalDay
2023-11-15,18656.0,812.0,0.0,0,449.68,0.0,1,10.84,2.72,SPY240216P00409000,409.0,0,0.0,0.0,,0.0,normalDay
2023-11-16,18656.0,826.0,0.0,0,450.23,0.0,1,10.84,2.58,SPY240216P00409000,409.0,0,0.0,0.0,,0.0,normalDay
2023-11-17,18656.0,842.0,0.0,0,450.79,0.0,1,10.84,2.42,SPY240216P00409000,409.0,0,0.0,0.0,,0.0,normalDay
2023-11-20,18656.0,875.0,0.0,0,454.26,0.0,1,10.84,2.09,SPY240216P00409000,409.0,0,0.0,0.0,,0.0,normalDay
2023-11-21,18656.0,878.0,0.0,0,453.27,0.0,1,10.84,2.06,SPY240216P00409000,409.0,0,0.0,0.0,,0.0,normalDay
2023-11-22,18656.0,892.0,0.0,0,455.02,0.0,1,10.84,1.92,SPY240216P00409000,409.0,0,0.0,0.0,,0.0,normalDay
2023-11-24,18656.0,907.0,0.0,0,455.3,0.0,1,10.84,1.77,SPY240216P00409000,409.0,0,0.0,0.0,,0.0,normalDay
2023-11-27,18656.0,907.0,0.0,0,454.48,0.0,1,10.84,1.77,SPY240216P00409000,409.0,0,0.0,0.0,,0.0,normalDay
2023-11-28,18656.0,916.0,0.0,0,454.93,0.0,1,10.84,1.68,SPY240216P00409000,409.0,0,0.0,0.0,,0.0,normalDay
2023-11-29,18656.0,912.0,0.0,0,454.61,0.0,1,10.84,1.72,SPY240216P00409000,409.0,0,0.0,0.0,,0.0,normalDay
2023-11-30,18656.0,920.0,0.0,0,456.4,0.0,1,10.84,1.64,SPY240216P00409000,409.0,0,0.0,0.0,,0.0,normalDay
