date,totalCapital,unrializedPnL,rializedPnL,stocksOwned,stocksPriceToday,stocksPriceBoughtAt,putOwned,putOwnedSoldAt,putPriceToday,putOwnedContract,putOwnedStrike,callOwned,callOwnedSoldAt,callPriceToday,callOwnedContract,callOwnedStrike,trackType
2018-11-01,0.0,-8.0,0.0,0,273.51,0.0,1,2.84,2.92,SPY181112P00272000,272.0,0,0.0,0.0,,0.0,normalDay
2018-11-02,0.0,-39.0,0.0,0,271.89,0.0,1,2.84,3.23,SPY181112P00272000,272.0,0,0.0,0.0,,0.0,normalDay
2018-11-05,0.0,59.0,0.0,0,273.39,0.0,1,2.84,2.25,SPY181112P00272000,272.0,0,0.0,0.0,,0.0,normalDay
2018-11-06,0.0,121.0,0.0,0,275.12,0.0,1,2.84,1.63,SPY181112P00272000,272.0,0,0.0,0.0,,0.0,normalDay
2018-11-07,0.0,268.0,0.0,0,281.01,0.0,1,2.84,0.16,SPY181112P00272000,272.0,0,0.0,0.0,,0.0,normalDay
2018-11-08,0.0,273.0,0.0,0,280.5,0.0,1,2.84,0.11,SPY181112P00272000,272.0,0,0.0,0.0,,0.0,normalDay
2018-11-09,0.0,274.0,0.0,0,277.76,0.0,1,2.84,0.1,SPY181112P00272000,272.0,0,0.0,0.0,,0.0,normalDay
2018-11-12,284.0,0.0,284.0,0,272.57,0.0,1,2.84,0.0,SPY181112P00272000,272.0,0,0.0,0.0,,0.0,expirationDay
2018-11-13,284.0,-4.0,0.0,0,272.06,0.0,1,2.7,2.74,SPY181123P00271000,271.0,0,0.0,0.0,,0.0,normalDay
2018-11-14,284.0,-112.0,0.0,0,270.2,0.0,1,2.7,3.82,SPY181123P00271000,271.0,0,0.0,0.0,,0.0,normalDay
2018-11-15,284.0,75.0,0.0,0,273.02,0.0,1,2.7,1.95,SPY181123P00271000,271.0,0,0.0,0.0,,0.0,normalDay
2018-11-16,284.0,154.0,0.0,0,273.73,0.0,1,2.7,1.16,SPY181123P00271000,271.0,0,0.0,0.0,,0.0,normalDay
2018-11-19,284.0,-25.0,0.0,0,269.1,0.0,1,2.7,2.95,SPY181123P00271000,271.0,0,0.0,0.0,,0.0,normalDay
2018-11-20,284.0,-470.0,0.0,0,264.12,0.0,1,2.7,7.4,SPY181123P00271000,271.0,0,0.0,0.0,,0.0,normalDay
2018-11-21,284.0,-370.0,0.0,0,265.02,0.0,1,2.7,6.4,SPY181123P00271000,271.0,0,0.0,0.0,,0.0,normalDay
2018-11-23,554.0,-775.0,270.0,100,263.25,271.0,1,2.7,0.0,SPY181123P00271000,271.0,0,0.0,0.0,,0.0,expirationDay
2018-11-26,554.0,-353.0,0.0,100,267.5,271.0,0,0.0,0.0,,0.0,1,0.01,0.04,SPY181207C00286000,286.0,normalDay
2018-11-27,554.0,-264.0,0.0,100,268.4,271.0,0,0.0,0.0,,0.0,1,0.01,0.05,SPY181207C00286000,286.0,normalDay
2018-11-28,554.0,327.0,0.0,100,274.58,271.0,0,0.0,0.0,,0.0,1,0.01,0.32,SPY181207C00286000,286.0,normalDay
2018-11-29,554.0,273.0,0.0,100,273.98,271.0,0,0.0,0.0,,0.0,1,0.01,0.26,SPY181207C00286000,286.0,normalDay
2018-11-30,554.0,436.0,0.0,100,275.65,271.0,0,0.0,0.0,,0.0,1,0.01,0.3,SPY181207C00286000,286.0,normalDay
2018-12-03,554.0,822.0,0.0,100,279.3,271.0,0,0.0,0.0,,0.0,1,0.01,0.09,SPY181207C00286000,286.0,normalDay
2018-12-04,554.0,-76.0,0.0,100,270.25,271.0,0,0.0,0.0,,0.0,1,0.01,0.02,SPY181207C00286000,286.0,normalDay
2018-12-06,554.0,-116.0,0.0,100,269.84,271.0,0,0.0,0.0,,0.0,1,0.01,0.01,SPY181207C00286000,286.0,normalDay
2018-12-07,555.0,-743.0,1.0,100,263.57,271.0,0,0.0,0.0,,0.0,1,0.01,0.0,SPY181207C00286000,286.0,expirationDay
2018-12-10,555.0,-696.0,0.0,100,264.07,271.0,0,0.0,0.0,,0.0,1,0.02,0.05,SPY181221C00284000,284.0,normalDay
2018-12-11,555.0,-689.0,0.0,100,264.13,271.0,0,0.0,0.0,,0.0,1,0.02,0.04,SPY181221C00284000,284.0,normalDay
2018-12-12,555.0,-556.0,0.0,100,265.46,271.0,0,0.0,0.0,,0.0,1,0.02,0.04,SPY181221C00284000,284.0,normalDay
2018-12-13,555.0,-564.0,0.0,100,265.37,271.0,0,0.0,0.0,,0.0,1,0.02,0.03,SPY181221C00284000,284.0,normalDay
2018-12-14,555.0,-1053.0,0.0,100,260.47,271.0,0,0.0,0.0,,0.0,1,0.02,0.02,SPY181221C00284000,284.0,normalDay
2018-12-17,555.0,-1564.0,0.0,100,255.36,271.0,0,0.0,0.0,,0.0,1,0.02,0.02,SPY181221C00284000,284.0,normalDay
2018-12-18,555.0,-1591.0,0.0,100,255.08,271.0,0,0.0,0.0,,0.0,1,0.02,0.01,SPY181221C00284000,284.0,normalDay
2018-12-19,555.0,-1973.0,0.0,100,251.26,271.0,0,0.0,0.0,,0.0,1,0.02,0.01,SPY181221C00284000,284.0,normalDay
2018-12-20,555.0,-2382.0,0.0,100,247.17,271.0,0,0.0,0.0,,0.0,1,0.02,0.01,SPY181221C00284000,284.0,normalDay
2018-12-21,557.0,-3030.0,2.0,100,240.7,271.0,0,0.0,0.0,,0.0,1,0.02,0.0,SPY181221C00284000,284.0,expirationDay
2018-12-24,557.0,-3666.0,0.0,100,234.34,271.0,0,0.0,0.0,,0.0,0,0.0,0.0,,0.0,bidTooLow
2018-12-26,557.0,-2482.0,0.0,100,246.18,271.0,0,0.0,0.0,,0.0,0,0.0,0.0,,0.0,bidTooLow
2018-12-27,557.0,-2293.0,0.0,100,248.07,271.0,0,0.0,0.0,,0.0,0,0.0,0.0,,0.0,bidTooLow
2018-12-28,557.0,-2325.0,0.0,100,247.75,271.0,0,0.0,0.0,,0.0,0,0.0,0.0,,0.0,bidTooLow
2018-12-31,557.0,-2108.0,0.0,100,249.92,271.0,0,0.0,0.0,,0.0,0,0.0,0.0,,0.0,bidTooLow
2019-01-02,557.0,-2082.0,0.0,100,250.18,271.0,0,0.0,0.0,,0.0,0,0.0,0.0,,0.0,bidTooLow
2019-01-03,557.0,-2679.0,0.0,100,244.21,271.0,0,0.0,0.0,,0.0,0,0.0,0.0,,0.0,bidTooLow
2019-01-04,557.0,-1861.0,0.0,100,252.39,271.0,0,0.0,0.0,,0.0,0,0.0,0.0,,0.0,bidTooLow
2019-01-07,557.0,-1662.0,0.0,100,254.38,271.0,0,0.0,0.0,,0.0,0,0.0,0.0,,0.0,bidTooLow
2019-01-08,557.0,-1423.0,0.0,100,256.77,271.0,0,0.0,0.0,,0.0,0,0.0,0.0,,0.0,bidTooLow
2019-01-09,557.0,-1306.0,0.0,100,257.97,271.0,0,0.0,0.0,,0.0,1,0.01,0.04,SPY190118C00275000,275.0,normalDay
2019-01-10,557.0,-1215.0,0.0,100,258.88,271.0,0,0.0,0.0,,0.0,1,0.01,0.04,SPY190118C00275000,275.0,normalDay
2019-01-11,557.0,-1204.0,0.0,100,258.98,271.0,0,0.0,0.0,,0.0,1,0.01,0.03,SPY190118C00275000,275.0,normalDay
2019-01-14,557.0,-1361.0,0.0,100,257.4,271.0,0,0.0,0.0,,0.0,1,0.01,0.02,SPY190118C00275000,275.0,normalDay
2019-01-15,557.0,-1066.0,0.0,100,260.35,271.0,0,0.0,0.0,,0.0,1,0.01,0.02,SPY190118C00275000,275.0,normalDay
2019-01-16,557.0,-1003.0,0.0,100,260.98,271.0,0,0.0,0.0,,0.0,1,0.01,0.02,SPY190118C00275000,275.0,normalDay
2019-01-17,557.0,-805.0,0.0,100,262.96,271.0,0,0.0,0.0,,0.0,1,0.01,0.02,SPY190118C00275000,275.0,normalDay
2019-01-18,558.0,-454.0,1.0,100,266.46,271.0,0,0.0,0.0,,0.0,1,0.01,0.0,SPY190118C00275000,275.0,expirationDay
2019-01-22,558.0,-817.0,0.0,100,262.86,271.0,0,0.0,0.0,,0.0,1,0.06,0.09,SPY190201C00277000,277.0,normalDay
2019-01-23,558.0,-758.0,0.0,100,263.41,271.0,0,0.0,0.0,,0.0,1,0.06,0.05,SPY190201C00277000,277.0,normalDay
2019-01-24,558.0,-742.0,0.0,100,263.55,271.0,0,0.0,0.0,,0.0,1,0.06,0.03,SPY190201C00277000,277.0,normalDay
2019-01-25,558.0,-519.0,0.0,100,265.78,271.0,0,0.0,0.0,,0.0,1,0.06,0.03,SPY190201C00277000,277.0,normalDay
2019-01-28,558.0,-719.0,0.0,100,263.76,271.0,0,0.0,0.0,,0.0,1,0.06,0.01,SPY190201C00277000,277.0,normalDay
2019-01-29,558.0,-754.0,0.0,100,263.41,271.0,0,0.0,0.0,,0.0,1,0.06,0.01,SPY190201C00277000,277.0,normalDay
2019-01-30,558.0,-337.0,0.0,100,267.58,271.0,0,0.0,0.0,,0.0,1,0.06,0.01,SPY190201C00277000,277.0,normalDay
2019-01-31,558.0,-102.0,0.0,100,269.93,271.0,0,0.0,0.0,,0.0,1,0.06,0.01,SPY190201C00277000,277.0,normalDay
2019-02-01,564.0,-94.0,6.0,100,270.06,271.0,0,0.0,0.0,,0.0,1,0.06,0.0,SPY190201C00277000,277.0,expirationDay
2019-02-04,564.0,93.0,0.0,100,271.96,271.0,0,0.0,0.0,,0.0,1,0.72,0.75,SPY190215C00276000,276.0,normalDay
2019-02-05,564.0,187.0,0.0,100,273.1,271.0,0,0.0,0.0,,0.0,1,0.72,0.95,SPY190215C00276000,276.0,normalDay
2019-02-06,564.0,178.0,0.0,100,272.74,271.0,0,0.0,0.0,,0.0,1,0.72,0.68,SPY190215C00276000,276.0,normalDay
2019-02-07,564.0,-35.0,0.0,100,270.14,271.0,0,0.0,0.0,,0.0,1,0.72,0.21,SPY190215C00276000,276.0,normalDay
2019-02-08,564.0,3.0,0.0,100,270.47,271.0,0,0.0,0.0,,0.0,1,0.72,0.16,SPY190215C00276000,276.0,normalDay
2019-02-11,564.0,22.0,0.0,100,270.62,271.0,0,0.0,0.0,,0.0,1,0.72,0.12,SPY190215C00276000,276.0,normalDay
2019-02-12,564.0,324.0,0.0,100,274.1,271.0,0,0.0,0.0,,0.0,1,0.72,0.58,SPY190215C00276000,276.0,normalDay
2019-02-13,564.0,409.0,0.0,100,274.99,271.0,0,0.0,0.0,,0.0,1,0.72,0.62,SPY190215C00276000,276.0,normalDay
2019-02-14,564.0,389.0,0.0,100,274.38,271.0,0,0.0,0.0,,0.0,1,0.72,0.21,SPY190215C00276000,276.0,normalDay
2019-02-15,1136.0,389.0,572.0,0,277.37,0.0,0,0.0,0.0,,0.0,1,0.72,0.0,SPY190215C00276000,276.0,expirationDay
2019-02-19,1136.0,-4.0,0.0,0,277.85,0.0,1,0.34,0.38,SPY190301P00268000,268.0,0,0.0,0.0,,0.0,normalDay
2019-02-20,1136.0,10.0,0.0,0,278.41,0.0,1,0.34,0.24,SPY190301P00268000,268.0,0,0.0,0.0,,0.0,normalDay
2019-02-21,1136.0,9.0,0.0,0,277.42,0.0,1,0.34,0.25,SPY190301P00268000,268.0,0,0.0,0.0,,0.0,normalDay
2019-02-22,1136.0,25.0,0.0,0,279.14,0.0,1,0.34,0.09,SPY190301P00268000,268.0,0,0.0,0.0,,0.0,normalDay
2019-02-25,1136.0,27.0,0.0,0,279.52,0.0,1,0.34,0.07,SPY190301P00268000,268.0,0,0.0,0.0,,0.0,normalDay
2019-02-26,1136.0,29.0,0.0,0,279.32,0.0,1,0.34,0.05,SPY190301P00268000,268.0,0,0.0,0.0,,0.0,normalDay
2019-02-27,1136.0,31.0,0.0,0,279.2,0.0,1,0.34,0.03,SPY190301P00268000,268.0,0,0.0,0.0,,0.0,normalDay
2019-02-28,1136.0,33.0,0.0,0,278.68,0.0,1,0.34,0.01,SPY190301P00268000,268.0,0,0.0,0.0,,0.0,normalDay
2019-03-01,1170.0,0.0,34.0,0,280.42,0.0,1,0.34,0.0,SPY190301P00268000,268.0,0,0.0,0.0,,0.0,expirationDay
2019-03-04,1170.0,-3.0,0.0,0,279.4,0.0,1,1.13,1.16,SPY190315P00274500,274.5,0,0.0,0.0,,0.0,normalDay
2019-03-05,1170.0,1.0,0.0,0,279.02,0.0,1,1.13,1.12,SPY190315P00274500,274.5,0,0.0,0.0,,0.0,normalDay
2019-03-06,1170.0,-50.0,0.0,0,277.33,0.0,1,1.13,1.63,SPY190315P00274500,274.5,0,0.0,0.0,,0.0,normalDay
2019-03-07,1170.0,-132.0,0.0,0,275.01,0.0,1,1.13,2.45,SPY190315P00274500,274.5,0,0.0,0.0,,0.0,normalDay
2019-03-08,1170.0,-120.0,0.0,0,274.46,0.0,1,1.13,2.33,SPY190315P00274500,274.5,0,0.0,0.0,,0.0,normalDay
2019-03-11,1170.0,49.0,0.0,0,278.44,0.0,1,1.13,0.64,SPY190315P00274500,274.5,0,0.0,0.0,,0.0,normalDay
2019-03-12,1170.0,81.0,0.0,0,279.49,0.0,1,1.13,0.32,SPY190315P00274500,274.5,0,0.0,0.0,,0.0,normalDay
2019-03-13,1170.0,105.0,0.0,0,281.34,0.0,1,1.13,0.08,SPY190315P00274500,274.5,0,0.0,0.0,,0.0,normalDay
2019-03-14,1170.0,108.0,0.0,0,281.16,0.0,1,1.13,0.05,SPY190315P00274500,274.5,0,0.0,0.0,,0.0,normalDay
2019-03-15,1283.0,0.0,113.0,0,281.31,0.0,1,1.13,0.0,SPY190315P00274500,274.5,0,0.0,0.0,,0.0,expirationDay
2019-03-18,1283.0,-3.0,0.0,0,282.33,0.0,1,0.84,0.87,SPY190329P00278000,278.0,0,0.0,0.0,,0.0,normalDay
2019-03-19,1283.0,-16.0,0.0,0,282.4,0.0,1,0.84,1.0,SPY190329P00278000,278.0,0,0.0,0.0,,0.0,normalDay
2019-03-20,1283.0,-20.0,0.0,0,281.55,0.0,1,0.84,1.04,SPY190329P00278000,278.0,0,0.0,0.0,,0.0,normalDay
2019-03-21,1283.0,39.0,0.0,0,284.73,0.0,1,0.84,0.45,SPY190329P00278000,278.0,0,0.0,0.0,,0.0,normalDay
2019-03-22,1283.0,-87.0,0.0,0,279.25,0.0,1,0.84,1.71,SPY190329P00278000,278.0,0,0.0,0.0,,0.0,normalDay
2019-03-25,1283.0,-61.0,0.0,0,279.04,0.0,1,0.84,1.45,SPY190329P00278000,278.0,0,0.0,0.0,,0.0,normalDay
2019-03-26,1283.0,23.0,0.0,0,281.12,0.0,1,0.84,0.61,SPY190329P00278000,278.0,0,0.0,0.0,,0.0,normalDay
2019-03-27,1283.0,7.0,0.0,0,279.65,0.0,1,0.84,0.77,SPY190329P00278000,278.0,0,0.0,0.0,,0.0,normalDay
2019-03-28,1283.0,65.0,0.0,0,280.71,0.0,1,0.84,0.19,SPY190329P00278000,278.0,0,0.0,0.0,,0.0,normalDay
2019-03-29,1367.0,0.0,84.0,0,282.48,0.0,1,0.84,0.0,SPY190329P00278000,278.0,0,0.0,0.0,,0.0,expirationDay
2019-04-01,1367.0,-4.0,0.0,0,285.83,0.0,1,0.52,0.56,SPY190412P00279000,279.0,0,0.0,0.0,,0.0,normalDay
2019-04-02,1367.0,6.0,0.0,0,285.97,0.0,1,0.52,0.46,SPY190412P00279000,279.0,0,0.0,0.0,,0.0,normalDay
2019-04-03,1367.0,14.0,0.0,0,286.42,0.0,1,0.52,0.38,SPY190412P00279000,279.0,0,0.0,0.0,,0.0,normalDay
2019-04-04,1367.0,29.0,0.0,0,287.18,0.0,1,0.52,0.23,SPY190412P00279000,279.0,0,0.0,0.0,,0.0,normalDay
2019-04-05,1367.0,44.0,0.0,0,288.57,0.0,1,0.52,0.08,SPY190412P00279000,279.0,0,0.0,0.0,,0.0,normalDay
2019-04-08,1367.0,49.0,0.0,0,288.79,0.0,1,0.52,0.03,SPY190412P00279000,279.0,0,0.0,0.0,,0.0,normalDay
2019-04-09,1367.0,46.0,0.0,0,287.31,0.0,1,0.52,0.06,SPY190412P00279000,279.0,0,0.0,0.0,,0.0,normalDay
2019-04-10,1367.0,50.0,0.0,0,288.29,0.0,1,0.52,0.02,SPY190412P00279000,279.0,0,0.0,0.0,,0.0,normalDay
2019-04-11,1367.0,51.0,0.0,0,288.21,0.0,1,0.52,0.01,SPY190412P00279000,279.0,0,0.0,0.0,,0.0,normalDay
2019-04-12,1419.0,0.0,52.0,0,290.16,0.0,1,0.52,0.0,SPY190412P00279000,279.0,0,0.0,0.0,,0.0,expirationDay
2019-04-15,1419.0,-3.0,0.0,0,289.97,0.0,1,0.42,0.45,SPY190426P00283500,283.5,0,0.0,0.0,,0.0,normalDay
2019-04-16,1419.0,3.0,0.0,0,290.16,0.0,1,0.42,0.39,SPY190426P00283500,283.5,0,0.0,0.0,,0.0,normalDay
2019-04-17,1419.0,0.0,0.0,0,289.45,0.0,1,0.42,0.42,SPY190426P00283500,283.5,0,0.0,0.0,,0.0,normalDay
2019-04-18,1419.0,21.0,0.0,0,290.02,0.0,1,0.42,0.21,SPY190426P00283500,283.5,0,0.0,0.0,,0.0,normalDay
2019-04-22,1419.0,33.0,0.0,0,290.27,0.0,1,0.42,0.09,SPY190426P00283500,283.5,0,0.0,0.0,,0.0,normalDay
2019-04-23,1419.0,39.0,0.0,0,292.88,0.0,1,0.42,0.03,SPY190426P00283500,283.5,0,0.0,0.0,,0.0,normalDay
2019-04-24,1419.0,38.0,0.0,0,292.23,0.0,1,0.42,0.04,SPY190426P00283500,283.5,0,0.0,0.0,,0.0,normalDay
2019-04-25,1419.0,40.0,0.0,0,292.05,0.0,1,0.42,0.02,SPY190426P00283500,283.5,0,0.0,0.0,,0.0,normalDay
2019-04-26,1461.0,0.0,42.0,0,293.41,0.0,1,0.42,0.0,SPY190426P00283500,283.5,0,0.0,0.0,,0.0,expirationDay
2019-04-29,1461.0,-3.0,0.0,0,293.87,0.0,1,0.78,0.81,SPY190510P00289000,289.0,0,0.0,0.0,,0.0,normalDay
2019-04-30,1461.0,9.0,0.0,0,294.02,0.0,1,0.78,0.69,SPY190510P00289000,289.0,0,0.0,0.0,,0.0,normalDay
2019-05-01,1461.0,-53.0,0.0,0,291.81,0.0,1,0.78,1.31,SPY190510P00289000,289.0,0,0.0,0.0,,0.0,normalDay
2019-05-02,1461.0,-49.0,0.0,0,291.18,0.0,1,0.78,1.27,SPY190510P00289000,289.0,0,0.0,0.0,,0.0,normalDay
2019-05-03,1461.0,40.0,0.0,0,294.03,0.0,1,0.78,0.38,SPY190510P00289000,289.0,0,0.0,0.0,,0.0,normalDay
2019-05-06,1461.0,4.0,0.0,0,292.82,0.0,1,0.78,0.74,SPY190510P00289000,289.0,0,0.0,0.0,,0.0,normalDay
2019-05-07,1461.0,-194.0,0.0,0,287.93,0.0,1,0.78,2.72,SPY190510P00289000,289.0,0,0.0,0.0,,0.0,normalDay
2019-05-08,1461.0,-184.0,0.0,0,287.53,0.0,1,0.78,2.62,SPY190510P00289000,289.0,0,0.0,0.0,,0.0,normalDay
2019-05-09,1461.0,-218.0,0.0,0,286.66,0.0,1,0.78,2.96,SPY190510P00289000,289.0,0,0.0,0.0,,0.0,normalDay
2019-05-10,1539.0,-90.0,78.0,100,288.1,289.0,1,0.78,0.0,SPY190510P00289000,289.0,0,0.0,0.0,,0.0,expirationDay
2019-05-13,1539.0,-814.0,0.0,100,280.86,289.0,0,0.0,0.0,,0.0,0,0.0,0.0,,0.0,bidTooLow
2019-05-14,1539.0,-560.0,0.0,100,283.4,289.0,0,0.0,0.0,,0.0,0,0.0,0.0,,0.0,bidTooLow
2019-05-15,1539.0,-394.0,0.0,100,285.06,289.0,0,0.0,0.0,,0.0,0,0.0,0.0,,0.0,bidTooLow
2019-05-16,1539.0,-130.0,0.0,100,287.7,289.0,0,0.0,0.0,,0.0,0,0.0,0.0,,0.0,bidTooLow
2019-05-17,1539.0,-316.0,0.0,100,285.84,289.0,0,0.0,0.0,,0.0,0,0.0,0.0,,0.0,bidTooLow
2019-05-20,1539.0,-505.0,0.0,100,283.95,289.0,0,0.0,0.0,,0.0,0,0.0,0.0,,0.0,bidTooLow
2019-05-21,1539.0,-249.0,0.0,100,286.51,289.0,0,0.0,0.0,,0.0,0,0.0,0.0,,0.0,bidTooLow
2019-05-22,1539.0,-337.0,0.0,100,285.63,289.0,0,0.0,0.0,,0.0,0,0.0,0.0,,0.0,bidTooLow
2019-05-23,1539.0,-686.0,0.0,100,282.14,289.0,0,0.0,0.0,,0.0,0,0.0,0.0,,0.0,bidTooLow
2019-05-24,1539.0,-622.0,0.0,100,282.78,289.0,0,0.0,0.0,,0.0,0,0.0,0.0,,0.0,bidTooLow
2019-05-28,1539.0,-885.0,0.0,100,280.15,289.0,0,0.0,0.0,,0.0,0,0.0,0.0,,0.0,bidTooLow
2019-05-29,1539.0,-1073.0,0.0,100,278.27,289.0,0,0.0,0.0,,0.0,0,0.0,0.0,,0.0,bidTooLow
2019-05-30,1539.0,-997.0,0.0,100,279.03,289.0,0,0.0,0.0,,0.0,0,0.0,0.0,,0.0,bidTooLow
2019-05-31,1539.0,-1373.0,0.0,100,275.27,289.0,0,0.0,0.0,,0.0,0,0.0,0.0,,0.0,bidTooLow
2019-06-03,1539.0,-1443.0,0.0,100,274.57,289.0,0,0.0,0.0,,0.0,0,0.0,0.0,,0.0,bidTooLow
2019-06-04,1539.0,-847.0,0.0,100,280.53,289.0,0,0.0,0.0,,0.0,0,0.0,0.0,,0.0,bidTooLow
2019-06-05,1539.0,-607.0,0.0,100,282.96,289.0,0,0.0,0.0,,0.0,1,0.04,0.07,SPY190614C00294000,294.0,normalDay
2019-06-06,1539.0,-427.0,0.0,100,284.8,289.0,0,0.0,0.0,,0.0,1,0.04,0.11,SPY190614C00294000,294.0,normalDay
2019-06-07,1539.0,-155.0,0.0,100,287.65,289.0,0,0.0,0.0,,0.0,1,0.04,0.24,SPY190614C00294000,294.0,normalDay
2019-06-10,1539.0,-21.0,0.0,100,288.97,289.0,0,0.0,0.0,,0.0,1,0.04,0.22,SPY190614C00294000,294.0,normalDay
2019-06-11,1539.0,-18.0,0.0,100,288.9,289.0,0,0.0,0.0,,0.0,1,0.04,0.12,SPY190614C00294000,294.0,normalDay
2019-06-12,1539.0,-60.0,0.0,100,288.39,289.0,0,0.0,0.0,,0.0,1,0.04,0.03,SPY190614C00294000,294.0,normalDay
2019-06-13,1539.0,59.0,0.0,100,289.58,289.0,0,0.0,0.0,,0.0,1,0.04,0.03,SPY190614C00294000,294.0,normalDay
2019-06-14,1543.0,26.0,4.0,100,289.26,289.0,0,0.0,0.0,,0.0,1,0.04,0.0,SPY190614C00294000,294.0,expirationDay
2019-06-17,1543.0,34.0,0.0,100,289.37,289.0,0,0.0,0.0,,0.0,1,0.15,0.18,SPY190628C00297000,297.0,normalDay
2019-06-18,1543.0,302.0,0.0,100,292.4,289.0,0,0.0,0.0,,0.0,1,0.15,0.53,SPY190628C00297000,297.0,normalDay
2019-06-19,1543.0,371.0,0.0,100,293.06,289.0,0,0.0,0.0,,0.0,1,0.15,0.5,SPY190628C00297000,297.0,normalDay
2019-06-20,1543.0,587.0,0.0,100,295.86,289.0,0,0.0,0.0,,0.0,1,0.15,1.14,SPY190628C00297000,297.0,normalDay
2019-06-21,1543.0,433.0,0.0,100,294.0,289.0,0,0.0,0.0,,0.0,1,0.15,0.82,SPY190628C00297000,297.0,normalDay
2019-06-24,1543.0,435.0,0.0,100,293.64,289.0,0,0.0,0.0,,0.0,1,0.15,0.44,SPY190628C00297000,297.0,normalDay
2019-06-25,1543.0,186.0,0.0,100,290.76,289.0,0,0.0,0.0,,0.0,1,0.15,0.05,SPY190628C00297000,297.0,normalDay
2019-06-26,1543.0,160.0,0.0,100,290.47,289.0,0,0.0,0.0,,0.0,1,0.15,0.02,SPY190628C00297000,297.0,normalDay
2019-06-27,1543.0,264.0,0.0,100,291.5,289.0,0,0.0,0.0,,0.0,1,0.15,0.01,SPY190628C00297000,297.0,normalDay
2019-06-28,1558.0,400.0,15.0,100,293.0,289.0,0,0.0,0.0,,0.0,1,0.15,0.0,SPY190628C00297000,297.0,expirationDay
2019-07-01,1558.0,663.0,0.0,100,295.66,289.0,0,0.0,0.0,,0.0,1,0.31,0.34,SPY190712C00301000,301.0,normalDay
2019-07-02,1558.0,749.0,0.0,100,296.43,289.0,0,0.0,0.0,,0.0,1,0.31,0.25,SPY190712C00301000,301.0,normalDay
2019-07-03,1558.0,936.0,0.0,100,298.8,289.0,0,0.0,0.0,,0.0,1,0.31,0.75,SPY190712C00301000,301.0,normalDay
2019-07-05,1558.0,937.0,0.0,100,298.46,289.0,0,0.0,0.0,,0.0,1,0.31,0.4,SPY190712C00301000,301.0,normalDay
2019-07-08,1558.0,800.0,0.0,100,296.82,289.0,0,0.0,0.0,,0.0,1,0.31,0.13,SPY190712C00301000,301.0,normalDay
2019-07-09,1558.0,838.0,0.0,100,297.19,289.0,0,0.0,0.0,,0.0,1,0.31,0.12,SPY190712C00301000,301.0,normalDay
2019-07-10,1558.0,977.0,0.0,100,298.61,289.0,0,0.0,0.0,,0.0,1,0.31,0.15,SPY190712C00301000,301.0,normalDay
2019-07-11,1558.0,1054.0,0.0,100,299.31,289.0,0,0.0,0.0,,0.0,1,0.31,0.08,SPY190712C00301000,301.0,normalDay
2019-07-12,1589.0,1165.0,31.0,100,300.65,289.0,0,0.0,0.0,,0.0,1,0.31,0.0,SPY190712C00301000,301.0,expirationDay
2019-07-15,1589.0,1172.0,0.0,100,300.75,289.0,0,0.0,0.0,,0.0,1,0.29,0.32,SPY190726C00305000,305.0,normalDay
2019-07-16,1589.0,1089.0,0.0,100,299.78,289.0,0,0.0,0.0,,0.0,1,0.29,0.18,SPY190726C00305000,305.0,normalDay
2019-07-17,1589.0,897.0,0.0,100,297.74,289.0,0,0.0,0.0,,0.0,1,0.29,0.06,SPY190726C00305000,305.0,normalDay
2019-07-18,1589.0,1001.0,0.0,100,298.83,289.0,0,0.0,0.0,,0.0,1,0.29,0.11,SPY190726C00305000,305.0,normalDay
2019-07-19,1589.0,843.0,0.0,100,297.17,289.0,0,0.0,0.0,,0.0,1,0.29,0.03,SPY190726C00305000,305.0,normalDay
2019-07-22,1589.0,917.0,0.0,100,297.9,289.0,0,0.0,0.0,,0.0,1,0.29,0.02,SPY190726C00305000,305.0,normalDay
2019-07-23,1589.0,1128.0,0.0,100,300.03,289.0,0,0.0,0.0,,0.0,1,0.29,0.04,SPY190726C00305000,305.0,normalDay
2019-07-24,1589.0,1269.0,0.0,100,301.44,289.0,0,0.0,0.0,,0.0,1,0.29,0.04,SPY190726C00305000,305.0,normalDay
2019-07-25,1589.0,1128.0,0.0,100,300.0,289.0,0,0.0,0.0,,0.0,1,0.29,0.01,SPY190726C00305000,305.0,normalDay
2019-07-26,1618.0,1301.0,29.0,100,302.01,289.0,0,0.0,0.0,,0.0,1,0.29,0.0,SPY190726C00305000,305.0,expirationDay
2019-07-29,1618.0,1242.0,0.0,100,301.46,289.0,0,0.0,0.0,,0.0,1,1.1,1.14,SPY190809C00304000,304.0,normalDay
2019-07-30,1618.0,1181.0,0.0,100,300.72,289.0,0,0.0,0.0,,0.0,1,1.1,1.01,SPY190809C00304000,304.0,normalDay
2019-07-31,1618.0,923.0,0.0,100,297.43,289.0,0,0.0,0.0,,0.0,1,1.1,0.3,SPY190809C00304000,304.0,normalDay
2019-08-01,1618.0,684.0,0.0,100,294.84,289.0,0,0.0,0.0,,0.0,1,1.1,0.1,SPY190809C00304000,304.0,normalDay
2019-08-02,1618.0,469.0,0.0,100,292.62,289.0,0,0.0,0.0,,0.0,1,1.1,0.03,SPY190809C00304000,304.0,normalDay
2019-08-05,1618.0,-410.0,0.0,100,283.82,289.0,0,0.0,0.0,,0.0,1,1.1,0.02,SPY190809C00304000,304.0,normalDay
2019-08-06,1618.0,-11.0,0.0,100,287.8,289.0,0,0.0,0.0,,0.0,1,1.1,0.01,SPY190809C00304000,304.0,normalDay
2019-08-07,1618.0,6.0,0.0,100,287.97,289.0,0,0.0,0.0,,0.0,1,1.1,0.01,SPY190809C00304000,304.0,normalDay
2019-08-08,1618.0,571.0,0.0,100,293.62,289.0,0,0.0,0.0,,0.0,1,1.1,0.01,SPY190809C00304000,304.0,normalDay
2019-08-09,1728.0,262.0,110.0,100,291.62,289.0,0,0.0,0.0,,0.0,1,1.1,0.0,SPY190809C00304000,304.0,expirationDay
2019-08-12,1728.0,-93.0,0.0,100,288.07,289.0,0,0.0,0.0,,0.0,0,0.0,0.0,,0.0,bidTooLow
2019-08-13,1728.0,355.0,0.0,100,292.55,289.0,0,0.0,0.0,,0.0,0,0.0,0.0,,0.0,bidTooLow
2019-08-14,1728.0,-510.0,0.0,100,283.9,289.0,0,0.0,0.0,,0.0,0,0.0,0.0,,0.0,bidTooLow
2019-08-15,1728.0,-435.0,0.0,100,284.65,289.0,0,0.0,0.0,,0.0,0,0.0,0.0,,0.0,bidTooLow
2019-08-16,1728.0,-15.0,0.0,100,288.85,289.0,0,0.0,0.0,,0.0,0,0.0,0.0,,0.0,bidTooLow
2019-08-19,1728.0,333.0,0.0,100,292.33,289.0,0,0.0,0.0,,0.0,0,0.0,0.0,,0.0,bidTooLow
2019-08-20,1728.0,109.0,0.0,100,290.09,289.0,0,0.0,0.0,,0.0,0,0.0,0.0,,0.0,bidTooLow
2019-08-21,1728.0,345.0,0.0,100,292.45,289.0,0,0.0,0.0,,0.0,0,0.0,0.0,,0.0,bidTooLow
2019-08-22,1728.0,336.0,0.0,100,292.36,289.0,0,0.0,0.0,,0.0,0,0.0,0.0,,0.0,bidTooLow
2019-08-23,1728.0,-415.0,0.0,100,284.85,289.0,0,0.0,0.0,,0.0,0,0.0,0.0,,0.0,bidTooLow
2019-08-26,1728.0,-103.0,0.0,100,288.0,289.0,0,0.0,0.0,,0.0,1,0.01,0.04,SPY190906C00303000,303.0,normalDay
2019-08-27,1728.0,-215.0,0.0,100,286.87,289.0,0,0.0,0.0,,0.0,1,0.01,0.03,SPY190906C00303000,303.0,normalDay
2019-08-28,1728.0,-13.0,0.0,100,288.89,289.0,0,0.0,0.0,,0.0,1,0.01,0.03,SPY190906C00303000,303.0,normalDay
2019-08-29,1728.0,353.0,0.0,100,292.58,289.0,0,0.0,0.0,,0.0,1,0.01,0.06,SPY190906C00303000,303.0,normalDay
2019-08-30,1728.0,342.0,0.0,100,292.45,289.0,0,0.0,0.0,,0.0,1,0.01,0.04,SPY190906C00303000,303.0,normalDay
2019-09-03,1728.0,174.0,0.0,100,290.74,289.0,0,0.0,0.0,,0.0,1,0.01,0.01,SPY190906C00303000,303.0,normalDay
2019-09-04,1728.0,504.0,0.0,100,294.04,289.0,0,0.0,0.0,,0.0,1,0.01,0.01,SPY190906C00303000,303.0,normalDay
2019-09-05,1728.0,881.0,0.0,100,297.82,289.0,0,0.0,0.0,,0.0,1,0.01,0.02,SPY190906C00303000,303.0,normalDay
2019-09-06,1729.0,905.0,1.0,100,298.05,289.0,0,0.0,0.0,,0.0,1,0.01,0.0,SPY190906C00303000,303.0,expirationDay
2019-09-09,1729.0,917.0,0.0,100,298.2,289.0,0,0.0,0.0,,0.0,1,0.49,0.52,SPY190920C00303000,303.0,normalDay
2019-09-10,1729.0,920.0,0.0,100,298.13,289.0,0,0.0,0.0,,0.0,1,0.49,0.42,SPY190920C00303000,303.0,normalDay
2019-09-11,1729.0,1083.0,0.0,100,300.25,289.0,0,0.0,0.0,,0.0,1,0.49,0.91,SPY190920C00303000,303.0,normalDay
2019-09-12,1729.0,1159.0,0.0,100,301.29,289.0,0,0.0,0.0,,0.0,1,0.49,1.19,SPY190920C00303000,303.0,normalDay
2019-09-13,1729.0,1168.0,0.0,100,301.09,289.0,0,0.0,0.0,,0.0,1,0.49,0.9,SPY190920C00303000,303.0,normalDay
2019-09-16,1729.0,1114.0,0.0,100,300.16,289.0,0,0.0,0.0,,0.0,1,0.49,0.51,SPY190920C00303000,303.0,normalDay
2019-09-17,1729.0,1185.0,0.0,100,300.92,289.0,0,0.0,0.0,,0.0,1,0.49,0.56,SPY190920C00303000,303.0,normalDay
2019-09-18,1729.0,1217.0,0.0,100,301.1,289.0,0,0.0,0.0,,0.0,1,0.49,0.42,SPY190920C00303000,303.0,normalDay
2019-09-19,1729.0,1251.0,0.0,100,301.08,289.0,0,0.0,0.0,,0.0,1,0.49,0.06,SPY190920C00303000,303.0,normalDay
2019-09-20,1778.0,928.0,49.0,100,298.28,289.0,0,0.0,0.0,,0.0,1,0.49,0.0,SPY190920C00303000,303.0,expirationDay
2019-09-23,1778.0,921.0,0.0,100,298.21,289.0,0,0.0,0.0,,0.0,0,0.0,0.0,,0.0,bidTooLow
2019-09-24,1778.0,687.0,0.0,100,295.87,289.0,0,0.0,0.0,,0.0,0,0.0,0.0,,0.0,bidTooLow
2019-09-25,1778.0,862.0,0.0,100,297.62,289.0,0,0.0,0.0,,0.0,0,0.0,0.0,,0.0,bidTooLow
2019-09-26,1778.0,797.0,0.0,100,297.0,289.0,0,0.0,0.0,,0.0,1,0.02,0.05,SPY191007C00307000,307.0,normalDay
2019-09-27,1778.0,639.0,0.0,100,295.4,289.0,0,0.0,0.0,,0.0,1,0.02,0.03,SPY191007C00307000,307.0,normalDay
2019-09-30,1778.0,778.0,0.0,100,296.77,289.0,0,0.0,0.0,,0.0,1,0.02,0.01,SPY191007C00307000,307.0,normalDay
2019-10-01,1778.0,425.0,0.0,100,293.24,289.0,0,0.0,0.0,,0.0,1,0.02,0.01,SPY191007C00307000,307.0,normalDay
2019-10-02,1778.0,-93.0,0.0,100,288.06,289.0,0,0.0,0.0,,0.0,1,0.02,0.01,SPY191007C00307000,307.0,normalDay
2019-10-03,1778.0,143.0,0.0,100,290.42,289.0,0,0.0,0.0,,0.0,1,0.02,0.01,SPY191007C00307000,307.0,normalDay
2019-10-04,1778.0,536.0,0.0,100,294.35,289.0,0,0.0,0.0,,0.0,1,0.02,0.01,SPY191007C00307000,307.0,normalDay
2019-10-07,1780.0,408.0,2.0,100,293.08,289.0,0,0.0,0.0,,0.0,1,0.02,0.0,SPY191007C00307000,307.0,expirationDay
2019-10-08,1780.0,-47.0,0.0,100,288.53,289.0,0,0.0,0.0,,0.0,0,0.0,0.0,,0.0,bidTooLow
2019-10-09,1780.0,227.0,0.0,100,291.27,289.0,0,0.0,0.0,,0.0,0,0.0,0.0,,0.0,bidTooLow
2019-10-10,1780.0,421.0,0.0,100,293.24,289.0,0,0.0,0.0,,0.0,1,0.01,0.04,SPY191021C00307000,307.0,normalDay
2019-10-11,1780.0,722.0,0.0,100,296.28,289.0,0,0.0,0.0,,0.0,1,0.01,0.07,SPY191021C00307000,307.0,normalDay
2019-10-14,1780.0,695.0,0.0,100,295.95,289.0,0,0.0,0.0,,0.0,1,0.01,0.01,SPY191021C00307000,307.0,normalDay
2019-10-15,1780.0,985.0,0.0,100,298.88,289.0,0,0.0,0.0,,0.0,1,0.01,0.04,SPY191021C00307000,307.0,normalDay
2019-10-16,1780.0,940.0,0.0,100,298.4,289.0,0,0.0,0.0,,0.0,1,0.01,0.01,SPY191021C00307000,307.0,normalDay
2019-10-17,1780.0,1028.0,0.0,100,299.28,289.0,0,0.0,0.0,,0.0,1,0.01,0.01,SPY191021C00307000,307.0,normalDay
2019-10-18,1780.0,897.0,0.0,100,297.97,289.0,0,0.0,0.0,,0.0,1,0.01,0.01,SPY191021C00307000,307.0,normalDay
2019-10-21,1781.0,1099.0,1.0,100,299.99,289.0,0,0.0,0.0,,0.0,1,0.01,0.0,SPY191021C00307000,307.0,expirationDay
2019-10-22,1781.0,998.0,0.0,100,299.01,289.0,0,0.0,0.0,,0.0,1,0.26,0.29,SPY191101C00305000,305.0,normalDay
2019-10-23,1781.0,1084.0,0.0,100,299.88,289.0,0,0.0,0.0,,0.0,1,0.26,0.3,SPY191101C00305000,305.0,normalDay
2019-10-24,1781.0,1141.0,0.0,100,300.37,289.0,0,0.0,0.0,,0.0,1,0.26,0.22,SPY191101C00305000,305.0,normalDay
2019-10-25,1781.0,1255.0,0.0,100,301.6,289.0,0,0.0,0.0,,0.0,1,0.26,0.31,SPY191101C00305000,305.0,normalDay
2019-10-28,1781.0,1390.0,0.0,100,303.3,289.0,0,0.0,0.0,,0.0,1,0.26,0.66,SPY191101C00305000,305.0,normalDay
2019-10-29,1781.0,1390.0,0.0,100,303.21,289.0,0,0.0,0.0,,0.0,1,0.26,0.57,SPY191101C00305000,305.0,normalDay
2019-10-30,1781.0,1473.0,0.0,100,304.14,289.0,0,0.0,0.0,,0.0,1,0.26,0.67,SPY191101C00305000,305.0,normalDay
2019-10-31,1781.0,1443.0,0.0,100,303.33,289.0,0,0.0,0.0,,0.0,1,0.26,0.16,SPY191101C00305000,305.0,normalDay
2019-11-01,3407.0,1443.0,1626.0,0,306.14,0.0,0,0.0,0.0,,0.0,1,0.26,0.0,SPY191101C00305000,305.0,expirationDay
2019-11-04,3407.0,-3.0,0.0,0,307.37,0.0,1,0.31,0.34,SPY191115P00297500,297.5,0,0.0,0.0,,0.0,normalDay
2019-11-05,3407.0,0.0,0.0,0,307.03,0.0,1,0.31,0.31,SPY191115P00297500,297.5,0,0.0,0.0,,0.0,normalDay
2019-11-06,3407.0,13.0,0.0,0,307.1,0.0,1,0.31,0.18,SPY191115P00297500,297.5,0,0.0,0.0,,0.0,normalDay
2019-11-07,3407.0,18.0,0.0,0,308.18,0.0,1,0.31,0.13,SPY191115P00297500,297.5,0,0.0,0.0,,0.0,normalDay
2019-11-08,3407.0,25.0,0.0,0,308.94,0.0,1,0.31,0.06,SPY191115P00297500,297.5,0,0.0,0.0,,0.0,normalDay
2019-11-11,3407.0,27.0,0.0,0,308.35,0.0,1,0.31,0.04,SPY191115P00297500,297.5,0,0.0,0.0,,0.0,normalDay
2019-11-12,3407.0,28.0,0.0,0,309.0,0.0,1,0.31,0.03,SPY191115P00297500,297.5,0,0.0,0.0,,0.0,normalDay
2019-11-13,3407.0,28.0,0.0,0,309.1,0.0,1,0.31,0.03,SPY191115P00297500,297.5,0,0.0,0.0,,0.0,normalDay
2019-11-14,3407.0,29.0,0.0,0,309.55,0.0,1,0.31,0.02,SPY191115P00297500,297.5,0,0.0,0.0,,0.0,normalDay
2019-11-15,3438.0,0.0,31.0,0,311.79,0.0,1,0.31,0.0,SPY191115P00297500,297.5,0,0.0,0.0,,0.0,expirationDay
2019-11-18,3438.0,-3.0,0.0,0,312.02,0.0,1,0.41,0.44,SPY191129P00304500,304.5,0,0.0,0.0,,0.0,normalDay
2019-11-19,3438.0,1.0,0.0,0,311.93,0.0,1,0.41,0.4,SPY191129P00304500,304.5,0,0.0,0.0,,0.0,normalDay
2019-11-20,3438.0,-6.0,0.0,0,310.77,0.0,1,0.41,0.47,SPY191129P00304500,304.5,0,0.0,0.0,,0.0,normalDay
2019-11-21,3438.0,1.0,0.0,0,310.27,0.0,1,0.41,0.4,SPY191129P00304500,304.5,0,0.0,0.0,,0.0,normalDay
2019-11-22,3438.0,24.0,0.0,0,310.96,0.0,1,0.41,0.17,SPY191129P00304500,304.5,0,0.0,0.0,,0.0,normalDay
2019-11-25,3438.0,34.0,0.0,0,313.37,0.0,1,0.41,0.07,SPY191129P00304500,304.5,0,0.0,0.0,,0.0,normalDay
2019-11-26,3438.0,36.0,0.0,0,314.08,0.0,1,0.41,0.05,SPY191129P00304500,304.5,0,0.0,0.0,,0.0,normalDay
2019-11-27,3438.0,39.0,0.0,0,315.48,0.0,1,0.41,0.02,SPY191129P00304500,304.5,0,0.0,0.0,,0.0,normalDay
2019-11-29,3479.0,0.0,41.0,0,314.31,0.0,1,0.41,0.0,SPY191129P00304500,304.5,0,0.0,0.0,,0.0,expirationDay
2019-12-02,3479.0,-3.0,0.0,0,311.64,0.0,1,2.14,2.17,SPY191213P00310000,310.0,0,0.0,0.0,,0.0,normalDay
2019-12-03,3479.0,-106.0,0.0,0,309.55,0.0,1,2.14,3.2,SPY191213P00310000,310.0,0,0.0,0.0,,0.0,normalDay
2019-12-04,3479.0,-4.0,0.0,0,311.46,0.0,1,2.14,2.18,SPY191213P00310000,310.0,0,0.0,0.0,,0.0,normalDay
2019-12-05,3479.0,58.0,0.0,0,312.02,0.0,1,2.14,1.56,SPY191213P00310000,310.0,0,0.0,0.0,,0.0,normalDay
2019-12-06,3479.0,153.0,0.0,0,314.87,0.0,1,2.14,0.61,SPY191213P00310000,310.0,0,0.0,0.0,,0.0,normalDay
2019-12-09,3479.0,138.0,0.0,0,313.88,0.0,1,2.14,0.76,SPY191213P00310000,310.0,0,0.0,0.0,,0.0,normalDay
2019-12-10,3479.0,162.0,0.0,0,313.53,0.0,1,2.14,0.52,SPY191213P00310000,310.0,0,0.0,0.0,,0.0,normalDay
2019-12-11,3479.0,192.0,0.0,0,314.42,0.0,1,2.14,0.22,SPY191213P00310000,310.0,0,0.0,0.0,,0.0,normalDay
2019-12-12,3479.0,206.0,0.0,0,317.13,0.0,1,2.14,0.08,SPY191213P00310000,310.0,0,0.0,0.0,,0.0,normalDay
2019-12-13,3693.0,0.0,214.0,0,317.32,0.0,1,2.14,0.0,SPY191213P00310000,310.0,0,0.0,0.0,,0.0,expirationDay
2019-12-16,3693.0,-4.0,0.0,0,319.5,0.0,1,0.62,0.66,SPY191227P00312500,312.5,0,0.0,0.0,,0.0,normalDay
2019-12-17,3693.0,7.0,0.0,0,319.57,0.0,1,0.62,0.55,SPY191227P00312500,312.5,0,0.0,0.0,,0.0,normalDay
2019-12-18,3693.0,20.0,0.0,0,319.59,0.0,1,0.62,0.42,SPY191227P00312500,312.5,0,0.0,0.0,,0.0,normalDay
2019-12-19,3693.0,43.0,0.0,0,320.9,0.0,1,0.62,0.19,SPY191227P00312500,312.5,0,0.0,0.0,,0.0,normalDay
2019-12-20,3693.0,52.0,0.0,0,320.73,0.0,1,0.62,0.1,SPY191227P00312500,312.5,0,0.0,0.0,,0.0,normalDay
2019-12-23,3693.0,57.0,0.0,0,321.22,0.0,1,0.62,0.05,SPY191227P00312500,312.5,0,0.0,0.0,,0.0,normalDay
2019-12-24,3693.0,59.0,0.0,0,321.23,0.0,1,0.62,0.03,SPY191227P00312500,312.5,0,0.0,0.0,,0.0,normalDay
2019-12-26,3693.0,61.0,0.0,0,322.94,0.0,1,0.62,0.01,SPY191227P00312500,312.5,0,0.0,0.0,,0.0,normalDay
2019-12-27,3755.0,0.0,62.0,0,322.86,0.0,1,0.62,0.0,SPY191227P00312500,312.5,0,0.0,0.0,,0.0,expirationDay
2019-12-30,3755.0,-3.0,0.0,0,321.08,0.0,1,1.12,1.15,SPY200110P00316000,316.0,0,0.0,0.0,,0.0,normalDay
2019-12-31,3755.0,32.0,0.0,0,321.86,0.0,1,1.12,0.8,SPY200110P00316000,316.0,0,0.0,0.0,,0.0,normalDay
2020-01-02,3755.0,88.0,0.0,0,324.87,0.0,1,1.12,0.24,SPY200110P00316000,316.0,0,0.0,0.0,,0.0,normalDay
2020-01-03,3755.0,60.0,0.0,0,322.41,0.0,1,1.12,0.52,SPY200110P00316000,316.0,0,0.0,0.0,,0.0,normalDay
2020-01-06,3755.0,96.0,0.0,0,323.64,0.0,1,1.12,0.16,SPY200110P00316000,316.0,0,0.0,0.0,,0.0,normalDay
2020-01-07,3755.0,96.0,0.0,0,322.73,0.0,1,1.12,0.16,SPY200110P00316000,316.0,0,0.0,0.0,,0.0,normalDay
2020-01-08,3755.0,101.0,0.0,0,324.45,0.0,1,1.12,0.11,SPY200110P00316000,316.0,0,0.0,0.0,,0.0,normalDay
2020-01-09,3755.0,110.0,0.0,0,326.65,0.0,1,1.12,0.02,SPY200110P00316000,316.0,0,0.0,0.0,,0.0,normalDay
2020-01-10,3867.0,0.0,112.0,0,325.71,0.0,1,1.12,0.0,SPY200110P00316000,316.0,0,0.0,0.0,,0.0,expirationDay
2020-01-13,3867.0,-3.0,0.0,0,327.95,0.0,1,0.53,0.56,SPY200124P00321500,321.5,0,0.0,0.0,,0.0,normalDay
2020-01-14,3867.0,-1.0,0.0,0,327.45,0.0,1,0.53,0.54,SPY200124P00321500,321.5,0,0.0,0.0,,0.0,normalDay
2020-01-15,3867.0,15.0,0.0,0,328.19,0.0,1,0.53,0.38,SPY200124P00321500,321.5,0,0.0,0.0,,0.0,normalDay
2020-01-16,3867.0,34.0,0.0,0,330.92,0.0,1,0.53,0.19,SPY200124P00321500,321.5,0,0.0,0.0,,0.0,normalDay
2020-01-17,3867.0,45.0,0.0,0,331.95,0.0,1,0.53,0.08,SPY200124P00321500,321.5,0,0.0,0.0,,0.0,normalDay
2020-01-21,3867.0,47.0,0.0,0,331.3,0.0,1,0.53,0.06,SPY200124P00321500,321.5,0,0.0,0.0,,0.0,normalDay
2020-01-22,3867.0,50.0,0.0,0,331.34,0.0,1,0.53,0.03,SPY200124P00321500,321.5,0,0.0,0.0,,0.0,normalDay
2020-01-23,3867.0,51.0,0.0,0,331.72,0.0,1,0.53,0.02,SPY200124P00321500,321.5,0,0.0,0.0,,0.0,normalDay
2020-01-24,3920.0,0.0,53.0,0,328.77,0.0,1,0.53,0.0,SPY200124P00321500,321.5,0,0.0,0.0,,0.0,expirationDay
2020-01-27,3920.0,-5.0,0.0,0,323.5,0.0,1,4.75,4.8,SPY200207P00325000,325.0,0,0.0,0.0,,0.0,normalDay
2020-01-28,3920.0,199.0,0.0,0,326.89,0.0,1,4.75,2.76,SPY200207P00325000,325.0,0,0.0,0.0,,0.0,normalDay
2020-01-29,3920.0,203.0,0.0,0,326.62,0.0,1,4.75,2.72,SPY200207P00325000,325.0,0,0.0,0.0,,0.0,normalDay
2020-01-30,3920.0,300.0,0.0,0,327.68,0.0,1,4.75,1.75,SPY200207P00325000,325.0,0,0.0,0.0,,0.0,normalDay
2020-01-31,3920.0,-20.0,0.0,0,321.73,0.0,1,4.75,4.95,SPY200207P00325000,325.0,0,0.0,0.0,,0.0,normalDay
2020-02-03,3920.0,148.0,0.0,0,324.12,0.0,1,4.75,3.27,SPY200207P00325000,325.0,0,0.0,0.0,,0.0,normalDay
2020-02-04,3920.0,400.0,0.0,0,329.06,0.0,1,4.75,0.75,SPY200207P00325000,325.0,0,0.0,0.0,,0.0,normalDay
2020-02-05,3920.0,464.0,0.0,0,332.86,0.0,1,4.75,0.11,SPY200207P00325000,325.0,0,0.0,0.0,,0.0,normalDay
2020-02-06,3920.0,472.0,0.0,0,333.98,0.0,1,4.75,0.03,SPY200207P00325000,325.0,0,0.0,0.0,,0.0,normalDay
2020-02-07,4395.0,0.0,475.0,0,332.2,0.0,1,4.75,0.0,SPY200207P00325000,325.0,0,0.0,0.0,,0.0,expirationDay
2020-02-10,4395.0,-3.0,0.0,0,334.68,0.0,1,0.89,0.92,SPY200221P00327500,327.5,0,0.0,0.0,,0.0,normalDay
2020-02-11,4395.0,12.0,0.0,0,335.26,0.0,1,0.89,0.77,SPY200221P00327500,327.5,0,0.0,0.0,,0.0,normalDay
2020-02-12,4395.0,54.0,0.0,0,337.42,0.0,1,0.89,0.35,SPY200221P00327500,327.5,0,0.0,0.0,,0.0,normalDay
2020-02-13,4395.0,53.0,0.0,0,337.06,0.0,1,0.89,0.36,SPY200221P00327500,327.5,0,0.0,0.0,,0.0,normalDay
2020-02-14,4395.0,68.0,0.0,0,337.6,0.0,1,0.89,0.21,SPY200221P00327500,327.5,0,0.0,0.0,,0.0,normalDay
2020-02-18,4395.0,77.0,0.0,0,336.73,0.0,1,0.89,0.12,SPY200221P00327500,327.5,0,0.0,0.0,,0.0,normalDay
2020-02-19,4395.0,84.0,0.0,0,338.34,0.0,1,0.89,0.05,SPY200221P00327500,327.5,0,0.0,0.0,,0.0,normalDay
2020-02-20,4395.0,86.0,0.0,0,336.95,0.0,1,0.89,0.03,SPY200221P00327500,327.5,0,0.0,0.0,,0.0,normalDay
2020-02-21,4484.0,0.0,89.0,0,333.48,0.0,1,0.89,0.0,SPY200221P00327500,327.5,0,0.0,0.0,,0.0,expirationDay
2020-02-24,4484.0,-9.0,0.0,0,322.42,0.0,1,9.11,9.2,SPY200306P00329000,329.0,0,0.0,0.0,,0.0,normalDay
2020-02-25,4484.0,-738.0,0.0,0,312.65,0.0,1,9.11,16.49,SPY200306P00329000,329.0,0,0.0,0.0,,0.0,normalDay
2020-02-26,4484.0,-928.0,0.0,0,311.5,0.0,1,9.11,18.39,SPY200306P00329000,329.0,0,0.0,0.0,,0.0,normalDay
2020-02-27,4484.0,-2269.0,0.0,0,297.51,0.0,1,9.11,31.8,SPY200306P00329000,329.0,0,0.0,0.0,,0.0,normalDay
2020-02-28,4484.0,-2347.0,0.0,0,296.26,0.0,1,9.11,32.58,SPY200306P00329000,329.0,0,0.0,0.0,,0.0,normalDay
2020-03-02,4484.0,-1100.0,0.0,0,309.09,0.0,1,9.11,20.11,SPY200306P00329000,329.0,0,0.0,0.0,,0.0,normalDay
2020-03-03,4484.0,-1854.0,0.0,0,300.24,0.0,1,9.11,27.65,SPY200306P00329000,329.0,0,0.0,0.0,,0.0,normalDay
2020-03-04,4484.0,-814.0,0.0,0,312.86,0.0,1,9.11,17.25,SPY200306P00329000,329.0,0,0.0,0.0,,0.0,normalDay
2020-03-05,4484.0,-1799.0,0.0,0,302.46,0.0,1,9.11,27.1,SPY200306P00329000,329.0,0,0.0,0.0,,0.0,normalDay
2020-03-06,5395.0,-3154.0,911.0,100,297.46,329.0,1,9.11,0.0,SPY200306P00329000,329.0,0,0.0,0.0,,0.0,expirationDay
2020-03-09,5395.0,-5477.0,0.0,100,274.23,329.0,0,0.0,0.0,,0.0,0,0.0,0.0,,0.0,bidTooLow
2020-03-10,5395.0,-4058.0,0.0,100,288.42,329.0,0,0.0,0.0,,0.0,0,0.0,0.0,,0.0,bidTooLow
2020-03-11,5395.0,-5464.0,0.0,100,274.36,329.0,0,0.0,0.0,,0.0,0,0.0,0.0,,0.0,bidTooLow
2020-03-12,5395.0,-8089.0,0.0,100,248.11,329.0,0,0.0,0.0,,0.0,0,0.0,0.0,,0.0,bidTooLow
2020-03-13,5395.0,-5968.0,0.0,100,269.32,329.0,0,0.0,0.0,,0.0,0,0.0,0.0,,0.0,bidTooLow
2020-03-16,5395.0,-8915.0,0.0,100,239.85,329.0,0,0.0,0.0,,0.0,0,0.0,0.0,,0.0,bidTooLow
2020-03-17,5395.0,-7620.0,0.0,100,252.8,329.0,0,0.0,0.0,,0.0,0,0.0,0.0,,0.0,bidTooLow
2020-03-18,5395.0,-8900.0,0.0,100,240.0,329.0,0,0.0,0.0,,0.0,0,0.0,0.0,,0.0,bidTooLow
2020-03-19,5395.0,-8849.0,0.0,100,240.51,329.0,0,0.0,0.0,,0.0,0,0.0,0.0,,0.0,bidTooLow
2020-03-20,5395.0,-10020.0,0.0,100,228.8,329.0,0,0.0,0.0,,0.0,0,0.0,0.0,,0.0,bidTooLow
2020-03-23,5395.0,-10605.0,0.0,100,222.95,329.0,0,0.0,0.0,,0.0,0,0.0,0.0,,0.0,bidTooLow
2020-03-24,5395.0,-8585.0,0.0,100,243.15,329.0,0,0.0,0.0,,0.0,0,0.0,0.0,,0.0,bidTooLow
2020-03-25,5395.0,-8221.0,0.0,100,246.79,329.0,0,0.0,0.0,,0.0,0,0.0,0.0,,0.0,bidTooLow
2020-03-26,5395.0,-6780.0,0.0,100,261.2,329.0,0,0.0,0.0,,0.0,0,0.0,0.0,,0.0,bidTooLow
2020-03-27,5395.0,-7558.0,0.0,100,253.42,329.0,0,0.0,0.0,,0.0,0,0.0,0.0,,0.0,bidTooLow
2020-03-30,5395.0,-6735.0,0.0,100,261.65,329.0,0,0.0,0.0,,0.0,0,0.0,0.0,,0.0,bidTooLow
2020-03-31,5395.0,-7125.0,0.0,100,257.75,329.0,0,0.0,0.0,,0.0,0,0.0,0.0,,0.0,bidTooLow
2020-04-01,5395.0,-8285.0,0.0,100,246.15,329.0,0,0.0,0.0,,0.0,0,0.0,0.0,,0.0,bidTooLow
2020-04-02,5395.0,-7717.0,0.0,100,251.83,329.0,0,0.0,0.0,,0.0,0,0.0,0.0,,0.0,bidTooLow
2020-04-03,5395.0,-8081.0,0.0,100,248.19,329.0,0,0.0,0.0,,0.0,0,0.0,0.0,,0.0,bidTooLow
2020-04-06,5395.0,-6417.0,0.0,100,264.86,329.0,0,0.0,0.0,,0.0,1,0.19,0.22,SPY200417C00295000,295.0,normalDay
2020-04-07,5395.0,-6390.0,0.0,100,265.13,329.0,0,0.0,0.0,,0.0,1,0.19,0.22,SPY200417C00295000,295.0,normalDay
2020-04-08,5395.0,-5519.0,0.0,100,274.03,329.0,0,0.0,0.0,,0.0,1,0.19,0.41,SPY200417C00295000,295.0,normalDay
2020-04-09,5395.0,-5136.0,0.0,100,278.2,329.0,0,0.0,0.0,,0.0,1,0.19,0.75,SPY200417C00295000,295.0,normalDay
2020-04-13,5395.0,-5332.0,0.0,100,275.66,329.0,0,0.0,0.0,,0.0,1,0.19,0.17,SPY200417C00295000,295.0,normalDay
2020-04-14,5395.0,-4554.0,0.0,100,283.79,329.0,0,0.0,0.0,,0.0,1,0.19,0.52,SPY200417C00295000,295.0,normalDay
2020-04-15,5395.0,-5113.0,0.0,100,277.76,329.0,0,0.0,0.0,,0.0,1,0.19,0.08,SPY200417C00295000,295.0,normalDay
2020-04-16,5395.0,-4973.0,0.0,100,279.1,329.0,0,0.0,0.0,,0.0,1,0.19,0.02,SPY200417C00295000,295.0,normalDay
2020-04-17,5414.0,-4236.0,19.0,100,286.64,329.0,0,0.0,0.0,,0.0,1,0.19,0.0,SPY200417C00295000,295.0,expirationDay
2020-04-20,5414.0,-4744.0,0.0,100,281.59,329.0,0,0.0,0.0,,0.0,1,0.13,0.16,SPY200501C00310000,310.0,normalDay
2020-04-21,5414.0,-5590.0,0.0,100,273.04,329.0,0,0.0,0.0,,0.0,1,0.13,0.07,SPY200501C00310000,310.0,normalDay
2020-04-22,5414.0,-4983.0,0.0,100,279.1,329.0,0,0.0,0.0,,0.0,1,0.13,0.06,SPY200501C00310000,310.0,normalDay
2020-04-23,5414.0,-4984.0,0.0,100,279.08,329.0,0,0.0,0.0,,0.0,1,0.13,0.05,SPY200501C00310000,310.0,normalDay
2020-04-24,5414.0,-4592.0,0.0,100,282.97,329.0,0,0.0,0.0,,0.0,1,0.13,0.02,SPY200501C00310000,310.0,normalDay
2020-04-27,5414.0,-4185.0,0.0,100,287.05,329.0,0,0.0,0.0,,0.0,1,0.13,0.03,SPY200501C00310000,310.0,normalDay
2020-04-28,5414.0,-4315.0,0.0,100,285.73,329.0,0,0.0,0.0,,0.0,1,0.13,0.01,SPY200501C00310000,310.0,normalDay
2020-04-29,5414.0,-3569.0,0.0,100,293.21,329.0,0,0.0,0.0,,0.0,1,0.13,0.03,SPY200501C00310000,310.0,normalDay
2020-04-30,5414.0,-3840.0,0.0,100,290.48,329.0,0,0.0,0.0,,0.0,1,0.13,0.01,SPY200501C00310000,310.0,normalDay
2020-05-01,5427.0,-4621.0,13.0,100,282.79,329.0,0,0.0,0.0,,0.0,1,0.13,0.0,SPY200501C00310000,310.0,expirationDay
2020-05-04,5427.0,-4546.0,0.0,100,283.57,329.0,0,0.0,0.0,,0.0,1,0.34,0.37,SPY200515C00301000,301.0,normalDay
2020-05-05,5427.0,-4291.0,0.0,100,286.19,329.0,0,0.0,0.0,,0.0,1,0.34,0.44,SPY200515C00301000,301.0,normalDay
2020-05-06,5427.0,-4465.0,0.0,100,284.25,329.0,0,0.0,0.0,,0.0,1,0.34,0.24,SPY200515C00301000,301.0,normalDay
2020-05-07,5427.0,-4131.0,0.0,100,287.68,329.0,0,0.0,0.0,,0.0,1,0.34,0.33,SPY200515C00301000,301.0,normalDay
2020-05-08,5427.0,-3682.0,0.0,100,292.44,329.0,0,0.0,0.0,,0.0,1,0.34,0.6,SPY200515C00301000,301.0,normalDay
2020-05-11,5427.0,-3646.0,0.0,100,292.5,329.0,0,0.0,0.0,,0.0,1,0.34,0.3,SPY200515C00301000,301.0,normalDay
2020-05-12,5427.0,-4209.0,0.0,100,286.67,329.0,0,0.0,0.0,,0.0,1,0.34,0.1,SPY200515C00301000,301.0,normalDay
2020-05-13,5427.0,-4708.0,0.0,100,281.6,329.0,0,0.0,0.0,,0.0,1,0.34,0.02,SPY200515C00301000,301.0,normalDay
2020-05-14,5427.0,-4370.0,0.0,100,284.97,329.0,0,0.0,0.0,,0.0,1,0.34,0.01,SPY200515C00301000,301.0,normalDay
2020-05-15,5461.0,-4272.0,34.0,100,286.28,329.0,0,0.0,0.0,,0.0,1,0.34,0.0,SPY200515C00301000,301.0,expirationDay
2020-05-18,5461.0,-3405.0,0.0,100,295.0,329.0,0,0.0,0.0,,0.0,1,2.03,2.08,SPY200529C00301000,301.0,normalDay
2020-05-19,5461.0,-3633.0,0.0,100,291.97,329.0,0,0.0,0.0,,0.0,1,2.03,1.33,SPY200529C00301000,301.0,normalDay
2020-05-20,5461.0,-3244.0,0.0,100,296.93,329.0,0,0.0,0.0,,0.0,1,2.03,2.4,SPY200529C00301000,301.0,normalDay
2020-05-21,5461.0,-3343.0,0.0,100,294.88,329.0,0,0.0,0.0,,0.0,1,2.03,1.34,SPY200529C00301000,301.0,normalDay
2020-05-22,5461.0,-3259.0,0.0,100,295.44,329.0,0,0.0,0.0,,0.0,1,2.03,1.06,SPY200529C00301000,301.0,normalDay
2020-05-26,5461.0,-2959.0,0.0,100,299.08,329.0,0,0.0,0.0,,0.0,1,2.03,1.7,SPY200529C00301000,301.0,normalDay
2020-05-27,5461.0,-2735.0,0.0,100,303.53,329.0,0,0.0,0.0,,0.0,1,2.03,3.91,SPY200529C00301000,301.0,normalDay
2020-05-28,5461.0,-2760.0,0.0,100,302.97,329.0,0,0.0,0.0,,0.0,1,2.03,3.6,SPY200529C00301000,301.0,normalDay
2020-05-29,2864.0,-2760.0,-2597.0,0,304.32,0.0,0,0.0,0.0,,0.0,1,2.03,0.0,SPY200529C00301000,301.0,expirationDay
2020-06-01,2864.0,-4.0,0.0,0,305.55,0.0,1,1.46,1.5,SPY200612P00290000,290.0,0,0.0,0.0,,0.0,normalDay
2020-06-02,2864.0,55.0,0.0,0,308.08,0.0,1,1.46,0.91,SPY200612P00290000,290.0,0,0.0,0.0,,0.0,normalDay
2020-06-03,2864.0,104.0,0.0,0,312.18,0.0,1,1.46,0.42,SPY200612P00290000,290.0,0,0.0,0.0,,0.0,normalDay
2020-06-04,2864.0,110.0,0.0,0,311.36,0.0,1,1.46,0.36,SPY200612P00290000,290.0,0,0.0,0.0,,0.0,normalDay
2020-06-05,2864.0,136.0,0.0,0,319.34,0.0,1,1.46,0.1,SPY200612P00290000,290.0,0,0.0,0.0,,0.0,normalDay
2020-06-08,2864.0,141.0,0.0,0,323.2,0.0,1,1.46,0.05,SPY200612P00290000,290.0,0,0.0,0.0,,0.0,normalDay
2020-06-09,2864.0,141.0,0.0,0,320.79,0.0,1,1.46,0.05,SPY200612P00290000,290.0,0,0.0,0.0,,0.0,normalDay
2020-06-10,2864.0,143.0,0.0,0,319.0,0.0,1,1.46,0.03,SPY200612P00290000,290.0,0,0.0,0.0,,0.0,normalDay
2020-06-11,2864.0,95.0,0.0,0,300.61,0.0,1,1.46,0.51,SPY200612P00290000,290.0,0,0.0,0.0,,0.0,normalDay
2020-06-12,3010.0,0.0,146.0,0,304.21,0.0,1,1.46,0.0,SPY200612P00290000,290.0,0,0.0,0.0,,0.0,expirationDay
2020-06-15,3010.0,-7.0,0.0,0,307.05,0.0,1,5.35,5.42,SPY200626P00302000,302.0,0,0.0,0.0,,0.0,normalDay
2020-06-16,3010.0,160.0,0.0,0,312.96,0.0,1,5.35,3.75,SPY200626P00302000,302.0,0,0.0,0.0,,0.0,normalDay
2020-06-17,3010.0,210.0,0.0,0,311.66,0.0,1,5.35,3.25,SPY200626P00302000,302.0,0,0.0,0.0,,0.0,normalDay
2020-06-18,3010.0,277.0,0.0,0,311.78,0.0,1,5.35,2.58,SPY200626P00302000,302.0,0,0.0,0.0,,0.0,normalDay
2020-06-19,3010.0,206.0,0.0,0,308.64,0.0,1,5.35,3.29,SPY200626P00302000,302.0,0,0.0,0.0,,0.0,normalDay
2020-06-22,3010.0,408.0,0.0,0,310.62,0.0,1,5.35,1.27,SPY200626P00302000,302.0,0,0.0,0.0,,0.0,normalDay
2020-06-23,3010.0,460.0,0.0,0,312.05,0.0,1,5.35,0.75,SPY200626P00302000,302.0,0,0.0,0.0,,0.0,normalDay
2020-06-24,3010.0,320.0,0.0,0,304.09,0.0,1,5.35,2.15,SPY200626P00302000,302.0,0,0.0,0.0,,0.0,normalDay
2020-06-25,3010.0,491.0,0.0,0,307.35,0.0,1,5.35,0.44,SPY200626P00302000,302.0,0,0.0,0.0,,0.0,normalDay
2020-06-26,3545.0,-195.0,535.0,100,300.05,302.0,1,5.35,0.0,SPY200626P00302000,302.0,0,0.0,0.0,,0.0,expirationDay
2020-06-29,3545.0,243.0,0.0,100,304.46,302.0,0,0.0,0.0,,0.0,1,0.08,0.11,SPY200710C00329000,329.0,normalDay
2020-06-30,3545.0,626.0,0.0,100,308.36,302.0,0,0.0,0.0,,0.0,1,0.08,0.18,SPY200710C00329000,329.0,normalDay
2020-07-01,3545.0,848.0,0.0,100,310.52,302.0,0,0.0,0.0,,0.0,1,0.08,0.12,SPY200710C00329000,329.0,normalDay
2020-07-02,3545.0,1025.0,0.0,100,312.23,302.0,0,0.0,0.0,,0.0,1,0.08,0.06,SPY200710C00329000,329.0,normalDay
2020-07-06,3545.0,1501.0,0.0,100,317.05,302.0,0,0.0,0.0,,0.0,1,0.08,0.12,SPY200710C00329000,329.0,normalDay
2020-07-07,3545.0,1182.0,0.0,100,313.78,302.0,0,0.0,0.0,,0.0,1,0.08,0.04,SPY200710C00329000,329.0,normalDay
2020-07-08,3545.0,1425.0,0.0,100,316.18,302.0,0,0.0,0.0,,0.0,1,0.08,0.01,SPY200710C00329000,329.0,normalDay
2020-07-09,3545.0,1245.0,0.0,100,314.38,302.0,0,0.0,0.0,,0.0,1,0.08,0.01,SPY200710C00329000,329.0,normalDay
2020-07-10,3553.0,1559.0,8.0,100,317.59,302.0,0,0.0,0.0,,0.0,1,0.08,0.0,SPY200710C00329000,329.0,expirationDay
2020-07-13,3553.0,1279.0,0.0,100,314.84,302.0,0,0.0,0.0,,0.0,1,1.58,1.63,SPY200724C00324000,324.0,normalDay
2020-07-14,3553.0,1615.0,0.0,100,318.92,302.0,0,0.0,0.0,,0.0,1,1.58,2.35,SPY200724C00324000,324.0,normalDay
2020-07-15,3553.0,1808.0,0.0,100,321.85,302.0,0,0.0,0.0,,0.0,1,1.58,3.35,SPY200724C00324000,324.0,normalDay
2020-07-16,3553.0,1827.0,0.0,100,320.79,302.0,0,0.0,0.0,,0.0,1,1.58,2.1,SPY200724C00324000,324.0,normalDay
2020-07-17,3553.0,1903.0,0.0,100,321.72,302.0,0,0.0,0.0,,0.0,1,1.58,2.27,SPY200724C00324000,324.0,normalDay
2020-07-20,3553.0,2094.0,0.0,100,324.32,302.0,0,0.0,0.0,,0.0,1,1.58,2.96,SPY200724C00324000,324.0,normalDay
2020-07-21,3553.0,2149.0,0.0,100,325.01,302.0,0,0.0,0.0,,0.0,1,1.58,3.1,SPY200724C00324000,324.0,normalDay
2020-07-22,3553.0,2288.0,0.0,100,326.86,302.0,0,0.0,0.0,,0.0,1,1.58,3.56,SPY200724C00324000,324.0,normalDay
2020-07-23,3553.0,2176.0,0.0,100,322.96,302.0,0,0.0,0.0,,0.0,1,1.58,0.78,SPY200724C00324000,324.0,normalDay
2020-07-24,3711.0,1888.0,158.0,100,320.88,302.0,0,0.0,0.0,,0.0,1,1.58,0.0,SPY200724C00324000,324.0,expirationDay
2020-07-27,3711.0,2119.0,0.0,100,323.22,302.0,0,0.0,0.0,,0.0,1,0.53,0.56,SPY200807C00334000,334.0,normalDay
2020-07-28,3711.0,1937.0,0.0,100,321.17,302.0,0,0.0,0.0,,0.0,1,0.53,0.33,SPY200807C00334000,334.0,normalDay
2020-07-29,3711.0,2301.0,0.0,100,325.12,302.0,0,0.0,0.0,,0.0,1,0.53,0.64,SPY200807C00334000,334.0,normalDay
2020-07-30,3711.0,2201.0,0.0,100,323.96,302.0,0,0.0,0.0,,0.0,1,0.53,0.48,SPY200807C00334000,334.0,normalDay
2020-07-31,3711.0,2460.0,0.0,100,326.52,302.0,0,0.0,0.0,,0.0,1,0.53,0.45,SPY200807C00334000,334.0,normalDay
2020-08-03,3711.0,2680.0,0.0,100,328.79,302.0,0,0.0,0.0,,0.0,1,0.53,0.52,SPY200807C00334000,334.0,normalDay
2020-08-04,3711.0,2805.0,0.0,100,330.06,302.0,0,0.0,0.0,,0.0,1,0.53,0.54,SPY200807C00334000,334.0,normalDay
2020-08-05,3711.0,2992.0,0.0,100,332.11,302.0,0,0.0,0.0,,0.0,1,0.53,0.72,SPY200807C00334000,334.0,normalDay
2020-08-06,3711.0,3131.0,0.0,100,334.33,302.0,0,0.0,0.0,,0.0,1,0.53,1.55,SPY200807C00334000,334.0,normalDay
2020-08-07,6964.0,3131.0,3253.0,0,334.57,0.0,0,0.0,0.0,,0.0,1,0.53,0.0,SPY200807C00334000,334.0,expirationDay
2020-08-10,6964.0,-3.0,0.0,0,335.57,0.0,1,1.18,1.21,SPY200821P00324000,324.0,0,0.0,0.0,,0.0,normalDay
2020-08-11,6964.0,-74.0,0.0,0,332.8,0.0,1,1.18,1.92,SPY200821P00324000,324.0,0,0.0,0.0,,0.0,normalDay
2020-08-12,6964.0,42.0,0.0,0,337.44,0.0,1,1.18,0.76,SPY200821P00324000,324.0,0,0.0,0.0,,0.0,normalDay
2020-08-13,6964.0,52.0,0.0,0,336.83,0.0,1,1.18,0.66,SPY200821P00324000,324.0,0,0.0,0.0,,0.0,normalDay
2020-08-14,6964.0,78.0,0.0,0,336.84,0.0,1,1.18,0.4,SPY200821P00324000,324.0,0,0.0,0.0,,0.0,normalDay
2020-08-17,6964.0,104.0,0.0,0,337.91,0.0,1,1.18,0.14,SPY200821P00324000,324.0,0,0.0,0.0,,0.0,normalDay
2020-08-18,6964.0,106.0,0.0,0,338.64,0.0,1,1.18,0.12,SPY200821P00324000,324.0,0,0.0,0.0,,0.0,normalDay
2020-08-19,6964.0,105.0,0.0,0,337.23,0.0,1,1.18,0.13,SPY200821P00324000,324.0,0,0.0,0.0,,0.0,normalDay
2020-08-20,6964.0,113.0,0.0,0,338.28,0.0,1,1.18,0.05,SPY200821P00324000,324.0,0,0.0,0.0,,0.0,normalDay
2020-08-21,7082.0,0.0,118.0,0,339.48,0.0,1,1.18,0.0,SPY200821P00324000,324.0,0,0.0,0.0,,0.0,expirationDay
2020-08-24,7082.0,-4.0,0.0,0,342.92,0.0,1,1.12,1.16,SPY200904P00331000,331.0,0,0.0,0.0,,0.0,normalDay
2020-08-25,7082.0,28.0,0.0,0,344.12,0.0,1,1.12,0.84,SPY200904P00331000,331.0,0,0.0,0.0,,0.0,normalDay
2020-08-26,7082.0,47.0,0.0,0,347.57,0.0,1,1.12,0.65,SPY200904P00331000,331.0,0,0.0,0.0,,0.0,normalDay
2020-08-27,7082.0,60.0,0.0,0,348.33,0.0,1,1.12,0.52,SPY200904P00331000,331.0,0,0.0,0.0,,0.0,normalDay
2020-08-28,7082.0,96.0,0.0,0,350.58,0.0,1,1.12,0.16,SPY200904P00331000,331.0,0,0.0,0.0,,0.0,normalDay
2020-08-31,7082.0,92.0,0.0,0,349.31,0.0,1,1.12,0.2,SPY200904P00331000,331.0,0,0.0,0.0,,0.0,normalDay
2020-09-01,7082.0,104.0,0.0,0,352.6,0.0,1,1.12,0.08,SPY200904P00331000,331.0,0,0.0,0.0,,0.0,normalDay
2020-09-02,7082.0,107.0,0.0,0,357.7,0.0,1,1.12,0.05,SPY200904P00331000,331.0,0,0.0,0.0,,0.0,normalDay
2020-09-03,7082.0,97.0,0.0,0,345.39,0.0,1,1.12,0.15,SPY200904P00331000,331.0,0,0.0,0.0,,0.0,normalDay
2020-09-04,7194.0,0.0,112.0,0,342.57,0.0,1,1.12,0.0,SPY200904P00331000,331.0,0,0.0,0.0,,0.0,expirationDay
2020-09-08,7194.0,-17.0,0.0,0,333.21,0.0,1,10.58,10.75,SPY200918P00340000,340.0,0,0.0,0.0,,0.0,normalDay
2020-09-09,7194.0,410.0,0.0,0,339.79,0.0,1,10.58,6.48,SPY200918P00340000,340.0,0,0.0,0.0,,0.0,normalDay
2020-09-10,7194.0,112.0,0.0,0,333.89,0.0,1,10.58,9.46,SPY200918P00340000,340.0,0,0.0,0.0,,0.0,normalDay
2020-09-11,7194.0,119.0,0.0,0,334.06,0.0,1,10.58,9.39,SPY200918P00340000,340.0,0,0.0,0.0,,0.0,normalDay
2020-09-14,7194.0,569.0,0.0,0,338.46,0.0,1,10.58,4.89,SPY200918P00340000,340.0,0,0.0,0.0,,0.0,normalDay
2020-09-15,7194.0,721.0,0.0,0,340.17,0.0,1,10.58,3.37,SPY200918P00340000,340.0,0,0.0,0.0,,0.0,normalDay
2020-09-16,7194.0,671.0,0.0,0,338.82,0.0,1,10.58,3.87,SPY200918P00340000,340.0,0,0.0,0.0,,0.0,normalDay
2020-09-17,7194.0,504.0,0.0,0,335.84,0.0,1,10.58,5.54,SPY200918P00340000,340.0,0,0.0,0.0,,0.0,normalDay
2020-09-18,8252.0,-935.0,1058.0,100,330.65,340.0,1,10.58,0.0,SPY200918P00340000,340.0,0,0.0,0.0,,0.0,expirationDay
2020-09-21,8252.0,-1306.0,0.0,100,326.97,340.0,0,0.0,0.0,,0.0,1,0.01,0.04,SPY201002C00364000,364.0,normalDay
2020-09-22,8252.0,-972.0,0.0,100,330.3,340.0,0,0.0,0.0,,0.0,1,0.01,0.03,SPY201002C00364000,364.0,normalDay
2020-09-23,8252.0,-1737.0,0.0,100,322.64,340.0,0,0.0,0.0,,0.0,1,0.01,0.02,SPY201002C00364000,364.0,normalDay
2020-09-24,8252.0,-1650.0,0.0,100,323.5,340.0,0,0.0,0.0,,0.0,1,0.01,0.01,SPY201002C00364000,364.0,normalDay
2020-09-25,8252.0,-1127.0,0.0,100,328.73,340.0,0,0.0,0.0,,0.0,1,0.01,0.01,SPY201002C00364000,364.0,normalDay
2020-09-28,8252.0,-581.0,0.0,100,334.19,340.0,0,0.0,0.0,,0.0,1,0.01,0.01,SPY201002C00364000,364.0,normalDay
2020-09-29,8252.0,-763.0,0.0,100,332.37,340.0,0,0.0,0.0,,0.0,1,0.01,0.01,SPY201002C00364000,364.0,normalDay
2020-09-30,8252.0,-511.0,0.0,100,334.89,340.0,0,0.0,0.0,,0.0,1,0.01,0.01,SPY201002C00364000,364.0,normalDay
2020-10-01,8252.0,-296.0,0.0,100,337.04,340.0,0,0.0,0.0,,0.0,1,0.01,0.01,SPY201002C00364000,364.0,normalDay
2020-10-02,8253.0,-616.0,1.0,100,333.84,340.0,0,0.0,0.0,,0.0,1,0.01,0.0,SPY201002C00364000,364.0,expirationDay
2020-10-05,8253.0,-27.0,0.0,100,339.76,340.0,0,0.0,0.0,,0.0,1,1.63,1.66,SPY201016C00348000,348.0,normalDay
2020-10-06,8253.0,-415.0,0.0,100,334.93,340.0,0,0.0,0.0,,0.0,1,1.63,0.71,SPY201016C00348000,348.0,normalDay
2020-10-07,8253.0,97.0,0.0,100,340.76,340.0,0,0.0,0.0,,0.0,1,1.63,1.42,SPY201016C00348000,348.0,normalDay
2020-10-08,8253.0,368.0,0.0,100,343.78,340.0,0,0.0,0.0,,0.0,1,1.63,1.73,SPY201016C00348000,348.0,normalDay
2020-10-09,8253.0,579.0,0.0,100,346.85,340.0,0,0.0,0.0,,0.0,1,1.63,2.69,SPY201016C00348000,348.0,normalDay
2020-10-12,8253.0,821.0,0.0,100,352.43,340.0,0,0.0,0.0,,0.0,1,1.63,5.85,SPY201016C00348000,348.0,normalDay
2020-10-13,8253.0,778.0,0.0,100,350.13,340.0,0,0.0,0.0,,0.0,1,1.63,3.98,SPY201016C00348000,348.0,normalDay
2020-10-14,8253.0,737.0,0.0,100,347.93,340.0,0,0.0,0.0,,0.0,1,1.63,2.19,SPY201016C00348000,348.0,normalDay
2020-10-15,8253.0,789.0,0.0,100,347.5,340.0,0,0.0,0.0,,0.0,1,1.63,1.24,SPY201016C00348000,348.0,normalDay
2020-10-16,8416.0,729.0,163.0,100,347.29,340.0,0,0.0,0.0,,0.0,1,1.63,0.0,SPY201016C00348000,348.0,expirationDay
2020-10-19,8416.0,198.0,0.0,100,342.01,340.0,0,0.0,0.0,,0.0,1,0.2,0.23,SPY201030C00363000,363.0,normalDay
2020-10-20,8416.0,334.0,0.0,100,343.38,340.0,0,0.0,0.0,,0.0,1,0.2,0.24,SPY201030C00363000,363.0,normalDay
2020-10-21,8416.0,277.0,0.0,100,342.73,340.0,0,0.0,0.0,,0.0,1,0.2,0.16,SPY201030C00363000,363.0,normalDay
2020-10-22,8416.0,468.0,0.0,100,344.61,340.0,0,0.0,0.0,,0.0,1,0.2,0.13,SPY201030C00363000,363.0,normalDay
2020-10-23,8416.0,592.0,0.0,100,345.78,340.0,0,0.0,0.0,,0.0,1,0.2,0.06,SPY201030C00363000,363.0,normalDay
2020-10-26,8416.0,-43.0,0.0,100,339.39,340.0,0,0.0,0.0,,0.0,1,0.2,0.02,SPY201030C00363000,363.0,normalDay
2020-10-27,8416.0,-159.0,0.0,100,338.22,340.0,0,0.0,0.0,,0.0,1,0.2,0.01,SPY201030C00363000,363.0,normalDay
2020-10-28,8416.0,-1315.0,0.0,100,326.66,340.0,0,0.0,0.0,,0.0,1,0.2,0.01,SPY201030C00363000,363.0,normalDay
2020-10-29,8416.0,-983.0,0.0,100,329.98,340.0,0,0.0,0.0,,0.0,1,0.2,0.01,SPY201030C00363000,363.0,normalDay
2020-10-30,8436.0,-1346.0,20.0,100,326.54,340.0,0,0.0,0.0,,0.0,1,0.2,0.0,SPY201030C00363000,363.0,expirationDay
2020-11-02,8436.0,-984.0,0.0,100,330.2,340.0,0,0.0,0.0,,0.0,1,0.14,0.18,SPY201113C00362500,362.5,normalDay
2020-11-03,8436.0,-421.0,0.0,100,336.03,340.0,0,0.0,0.0,,0.0,1,0.14,0.38,SPY201113C00362500,362.5,normalDay
2020-11-04,8436.0,341.0,0.0,100,343.54,340.0,0,0.0,0.0,,0.0,1,0.14,0.27,SPY201113C00362500,362.5,normalDay
2020-11-05,8436.0,962.0,0.0,100,350.24,340.0,0,0.0,0.0,,0.0,1,0.14,0.76,SPY201113C00362500,362.5,normalDay
2020-11-06,8436.0,991.0,0.0,100,350.16,340.0,0,0.0,0.0,,0.0,1,0.14,0.39,SPY201113C00362500,362.5,normalDay
2020-11-09,8436.0,1353.0,0.0,100,354.56,340.0,0,0.0,0.0,,0.0,1,0.14,1.17,SPY201113C00362500,362.5,normalDay
2020-11-10,8436.0,1371.0,0.0,100,354.04,340.0,0,0.0,0.0,,0.0,1,0.14,0.47,SPY201113C00362500,362.5,normalDay
2020-11-11,8436.0,1645.0,0.0,100,356.67,340.0,0,0.0,0.0,,0.0,1,0.14,0.36,SPY201113C00362500,362.5,normalDay
2020-11-12,8436.0,1332.0,0.0,100,353.21,340.0,0,0.0,0.0,,0.0,1,0.14,0.03,SPY201113C00362500,362.5,normalDay
2020-11-13,8450.0,1810.0,14.0,100,358.1,340.0,0,0.0,0.0,,0.0,1,0.14,0.0,SPY201113C00362500,362.5,expirationDay
2020-11-16,8450.0,2253.0,0.0,100,362.57,340.0,0,0.0,0.0,,0.0,1,0.43,0.47,SPY201127C00374000,374.0,normalDay
2020-11-17,8450.0,2079.0,0.0,100,360.62,340.0,0,0.0,0.0,,0.0,1,0.43,0.26,SPY201127C00374000,374.0,normalDay
2020-11-18,8450.0,1663.0,0.0,100,356.28,340.0,0,0.0,0.0,,0.0,1,0.43,0.08,SPY201127C00374000,374.0,normalDay
2020-11-19,8450.0,1815.0,0.0,100,357.78,340.0,0,0.0,0.0,,0.0,1,0.43,0.06,SPY201127C00374000,374.0,normalDay
2020-11-20,8450.0,1572.0,0.0,100,355.33,340.0,0,0.0,0.0,,0.0,1,0.43,0.04,SPY201127C00374000,374.0,normalDay
2020-11-23,8450.0,1787.0,0.0,100,357.46,340.0,0,0.0,0.0,,0.0,1,0.43,0.02,SPY201127C00374000,374.0,normalDay
2020-11-24,8450.0,2361.0,0.0,100,363.22,340.0,0,0.0,0.0,,0.0,1,0.43,0.04,SPY201127C00374000,374.0,normalDay
2020-11-25,8450.0,2308.0,0.0,100,362.66,340.0,0,0.0,0.0,,0.0,1,0.43,0.01,SPY201127C00374000,374.0,normalDay
2020-11-27,8493.0,2367.0,43.0,100,363.67,340.0,0,0.0,0.0,,0.0,1,0.43,0.0,SPY201127C00374000,374.0,expirationDay
2020-11-30,8493.0,2203.0,0.0,100,362.06,340.0,0,0.0,0.0,,0.0,1,0.16,0.19,SPY201211C00379000,379.0,normalDay
2020-12-01,8493.0,2582.0,0.0,100,366.02,340.0,0,0.0,0.0,,0.0,1,0.16,0.36,SPY201211C00379000,379.0,normalDay
2020-12-02,8493.0,2660.0,0.0,100,366.79,340.0,0,0.0,0.0,,0.0,1,0.16,0.35,SPY201211C00379000,379.0,normalDay
2020-12-03,8493.0,2661.0,0.0,100,366.69,340.0,0,0.0,0.0,,0.0,1,0.16,0.24,SPY201211C00379000,379.0,normalDay
2020-12-04,8493.0,2975.0,0.0,100,369.85,340.0,0,0.0,0.0,,0.0,1,0.16,0.26,SPY201211C00379000,379.0,normalDay
2020-12-07,8493.0,2918.0,0.0,100,369.09,340.0,0,0.0,0.0,,0.0,1,0.16,0.07,SPY201211C00379000,379.0,normalDay
2020-12-08,8493.0,3026.0,0.0,100,370.17,340.0,0,0.0,0.0,,0.0,1,0.16,0.07,SPY201211C00379000,379.0,normalDay
2020-12-09,8493.0,2699.0,0.0,100,366.85,340.0,0,0.0,0.0,,0.0,1,0.16,0.02,SPY201211C00379000,379.0,normalDay
2020-12-10,8493.0,2688.0,0.0,100,366.73,340.0,0,0.0,0.0,,0.0,1,0.16,0.01,SPY201211C00379000,379.0,normalDay
2020-12-11,8509.0,2630.0,16.0,100,366.3,340.0,0,0.0,0.0,,0.0,1,0.16,0.0,SPY201211C00379000,379.0,expirationDay
2020-12-14,8509.0,2462.0,0.0,100,364.66,340.0,0,0.0,0.0,,0.0,1,0.31,0.35,SPY201224C00376000,376.0,normalDay
2020-12-15,8509.0,2931.0,0.0,100,369.59,340.0,0,0.0,0.0,,0.0,1,0.31,0.59,SPY201224C00376000,376.0,normalDay
2020-12-16,8509.0,2989.0,0.0,100,370.17,340.0,0,0.0,0.0,,0.0,1,0.31,0.59,SPY201224C00376000,376.0,normalDay
2020-12-17,8509.0,3178.0,0.0,100,372.24,340.0,0,0.0,0.0,,0.0,1,0.31,0.77,SPY201224C00376000,376.0,normalDay
2020-12-18,8509.0,2913.0,0.0,100,369.18,340.0,0,0.0,0.0,,0.0,1,0.31,0.36,SPY201224C00376000,376.0,normalDay
2020-12-21,8509.0,2802.0,0.0,100,367.86,340.0,0,0.0,0.0,,0.0,1,0.31,0.15,SPY201224C00376000,376.0,normalDay
2020-12-22,8509.0,2751.0,0.0,100,367.24,340.0,0,0.0,0.0,,0.0,1,0.31,0.04,SPY201224C00376000,376.0,normalDay
2020-12-23,8509.0,2787.0,0.0,100,367.57,340.0,0,0.0,0.0,,0.0,1,0.31,0.01,SPY201224C00376000,376.0,normalDay
2020-12-24,8540.0,2900.0,31.0,100,369.0,340.0,0,0.0,0.0,,0.0,1,0.31,0.0,SPY201224C00376000,376.0,expirationDay
2020-12-28,8540.0,3213.0,0.0,100,372.17,340.0,0,0.0,0.0,,0.0,1,2.7,2.74,SPY210108C00375000,375.0,normalDay
2020-12-29,8540.0,3170.0,0.0,100,371.46,340.0,0,0.0,0.0,,0.0,1,2.7,2.46,SPY210108C00375000,375.0,normalDay
2020-12-30,8540.0,3236.0,0.0,100,371.99,340.0,0,0.0,0.0,,0.0,1,2.7,2.33,SPY210108C00375000,375.0,normalDay
2020-12-31,8540.0,3341.0,0.0,100,373.88,340.0,0,0.0,0.0,,0.0,1,2.7,3.17,SPY210108C00375000,375.0,normalDay
2021-01-04,8540.0,3022.0,0.0,100,368.79,340.0,0,0.0,0.0,,0.0,1,2.7,1.27,SPY210108C00375000,375.0,normalDay
2021-01-05,8540.0,3252.0,0.0,100,371.33,340.0,0,0.0,0.0,,0.0,1,2.7,1.51,SPY210108C00375000,375.0,normalDay
2021-01-06,8540.0,3425.0,0.0,100,373.55,340.0,0,0.0,0.0,,0.0,1,2.7,2.0,SPY210108C00375000,375.0,normalDay
2021-01-07,8540.0,3752.0,0.0,100,379.1,340.0,0,0.0,0.0,,0.0,1,2.7,4.28,SPY210108C00375000,375.0,normalDay
2021-01-08,12310.0,3752.0,3770.0,0,381.26,0.0,0,0.0,0.0,,0.0,1,2.7,0.0,SPY210108C00375000,375.0,expirationDay
2021-01-11,12310.0,-5.0,0.0,0,378.69,0.0,1,2.3,2.35,SPY210122P00370000,370.0,0,0.0,0.0,,0.0,normalDay
2021-01-12,12310.0,27.0,0.0,0,378.77,0.0,1,2.3,2.03,SPY210122P00370000,370.0,0,0.0,0.0,,0.0,normalDay
2021-01-13,12310.0,95.0,0.0,0,379.79,0.0,1,2.3,1.35,SPY210122P00370000,370.0,0,0.0,0.0,,0.0,normalDay
2021-01-14,12310.0,69.0,0.0,0,378.46,0.0,1,2.3,1.61,SPY210122P00370000,370.0,0,0.0,0.0,,0.0,normalDay
2021-01-15,12310.0,20.0,0.0,0,375.7,0.0,1,2.3,2.1,SPY210122P00370000,370.0,0,0.0,0.0,,0.0,normalDay
2021-01-19,12310.0,164.0,0.0,0,378.65,0.0,1,2.3,0.66,SPY210122P00370000,370.0,0,0.0,0.0,,0.0,normalDay
2021-01-20,12310.0,220.0,0.0,0,383.89,0.0,1,2.3,0.1,SPY210122P00370000,370.0,0,0.0,0.0,,0.0,normalDay
2021-01-21,12310.0,227.0,0.0,0,384.24,0.0,1,2.3,0.03,SPY210122P00370000,370.0,0,0.0,0.0,,0.0,normalDay
2021-01-22,12540.0,0.0,230.0,0,382.88,0.0,1,2.3,0.0,SPY210122P00370000,370.0,0,0.0,0.0,,0.0,expirationDay
2021-01-25,12540.0,-5.0,0.0,0,384.39,0.0,1,2.04,2.09,SPY210205P00375000,375.0,0,0.0,0.0,,0.0,normalDay
2021-01-26,12540.0,14.0,0.0,0,383.79,0.0,1,2.04,1.9,SPY210205P00375000,375.0,0,0.0,0.0,,0.0,normalDay
2021-01-27,12540.0,-535.0,0.0,0,374.41,0.0,1,2.04,7.39,SPY210205P00375000,375.0,0,0.0,0.0,,0.0,normalDay
2021-01-28,12540.0,-233.0,0.0,0,377.63,0.0,1,2.04,4.37,SPY210205P00375000,375.0,0,0.0,0.0,,0.0,normalDay
2021-01-29,12540.0,-678.0,0.0,0,370.07,0.0,1,2.04,8.82,SPY210205P00375000,375.0,0,0.0,0.0,,0.0,normalDay
2021-02-01,12540.0,-176.0,0.0,0,376.23,0.0,1,2.04,3.8,SPY210205P00375000,375.0,0,0.0,0.0,,0.0,normalDay
2021-02-02,12540.0,112.0,0.0,0,381.55,0.0,1,2.04,0.92,SPY210205P00375000,375.0,0,0.0,0.0,,0.0,normalDay
2021-02-03,12540.0,164.0,0.0,0,381.85,0.0,1,2.04,0.4,SPY210205P00375000,375.0,0,0.0,0.0,,0.0,normalDay
2021-02-04,12540.0,200.0,0.0,0,386.19,0.0,1,2.04,0.04,SPY210205P00375000,375.0,0,0.0,0.0,,0.0,normalDay
2021-02-05,12744.0,0.0,204.0,0,387.71,0.0,1,2.04,0.0,SPY210205P00375000,375.0,0,0.0,0.0,,0.0,expirationDay
2021-02-08,12744.0,-3.0,0.0,0,390.51,0.0,1,1.2,1.23,SPY210219P00379000,379.0,0,0.0,0.0,,0.0,normalDay
2021-02-09,12744.0,5.0,0.0,0,390.25,0.0,1,1.2,1.15,SPY210219P00379000,379.0,0,0.0,0.0,,0.0,normalDay
2021-02-10,12744.0,2.0,0.0,0,390.08,0.0,1,1.2,1.18,SPY210219P00379000,379.0,0,0.0,0.0,,0.0,normalDay
2021-02-11,12744.0,32.0,0.0,0,390.71,0.0,1,1.2,0.88,SPY210219P00379000,379.0,0,0.0,0.0,,0.0,normalDay
2021-02-12,12744.0,88.0,0.0,0,392.64,0.0,1,1.2,0.32,SPY210219P00379000,379.0,0,0.0,0.0,,0.0,normalDay
2021-02-16,12744.0,98.0,0.0,0,392.3,0.0,1,1.2,0.22,SPY210219P00379000,379.0,0,0.0,0.0,,0.0,normalDay
2021-02-17,12744.0,109.0,0.0,0,392.39,0.0,1,1.2,0.11,SPY210219P00379000,379.0,0,0.0,0.0,,0.0,normalDay
2021-02-18,12744.0,113.0,0.0,0,390.72,0.0,1,1.2,0.07,SPY210219P00379000,379.0,0,0.0,0.0,,0.0,normalDay
2021-02-19,12864.0,0.0,120.0,0,390.03,0.0,1,1.2,0.0,SPY210219P00379000,379.0,0,0.0,0.0,,0.0,expirationDay
2021-02-22,12864.0,-4.0,0.0,0,387.03,0.0,1,3.38,3.42,SPY210305P00383000,383.0,0,0.0,0.0,,0.0,normalDay
2021-02-23,12864.0,23.0,0.0,0,387.5,0.0,1,3.38,3.15,SPY210305P00383000,383.0,0,0.0,0.0,,0.0,normalDay
2021-02-24,12864.0,181.0,0.0,0,391.77,0.0,1,3.38,1.57,SPY210305P00383000,383.0,0,0.0,0.0,,0.0,normalDay
2021-02-25,12864.0,-249.0,0.0,0,382.33,0.0,1,3.38,5.87,SPY210305P00383000,383.0,0,0.0,0.0,,0.0,normalDay
2021-02-26,12864.0,-303.0,0.0,0,380.36,0.0,1,3.38,6.41,SPY210305P00383000,383.0,0,0.0,0.0,,0.0,normalDay
2021-03-01,12864.0,183.0,0.0,0,389.58,0.0,1,3.38,1.55,SPY210305P00383000,383.0,0,0.0,0.0,,0.0,normalDay
2021-03-02,12864.0,126.0,0.0,0,386.54,0.0,1,3.38,2.12,SPY210305P00383000,383.0,0,0.0,0.0,,0.0,normalDay
2021-03-03,12864.0,-67.0,0.0,0,381.42,0.0,1,3.38,4.05,SPY210305P00383000,383.0,0,0.0,0.0,,0.0,normalDay
2021-03-04,12864.0,-322.0,0.0,0,376.7,0.0,1,3.38,6.6,SPY210305P00383000,383.0,0,0.0,0.0,,0.0,normalDay
2021-03-05,13202.0,0.0,338.0,0,383.63,0.0,1,3.38,0.0,SPY210305P00383000,383.0,0,0.0,0.0,,0.0,expirationDay
2021-03-08,13202.0,-9.0,0.0,0,381.72,0.0,1,8.43,8.52,SPY210319P00386000,386.0,0,0.0,0.0,,0.0,normalDay
2021-03-09,13202.0,301.0,0.0,0,387.17,0.0,1,8.43,5.42,SPY210319P00386000,386.0,0,0.0,0.0,,0.0,normalDay
2021-03-10,13202.0,497.0,0.0,0,389.58,0.0,1,8.43,3.46,SPY210319P00386000,386.0,0,0.0,0.0,,0.0,normalDay
2021-03-11,13202.0,631.0,0.0,0,393.53,0.0,1,8.43,2.12,SPY210319P00386000,386.0,0,0.0,0.0,,0.0,normalDay
2021-03-12,13202.0,713.0,0.0,0,394.06,0.0,1,8.43,1.3,SPY210319P00386000,386.0,0,0.0,0.0,,0.0,normalDay
2021-03-15,13202.0,780.0,0.0,0,396.41,0.0,1,8.43,0.63,SPY210319P00386000,386.0,0,0.0,0.0,,0.0,normalDay
2021-03-16,13202.0,785.0,0.0,0,395.91,0.0,1,8.43,0.58,SPY210319P00386000,386.0,0,0.0,0.0,,0.0,normalDay
2021-03-17,13202.0,824.0,0.0,0,397.26,0.0,1,8.43,0.19,SPY210319P00386000,386.0,0,0.0,0.0,,0.0,normalDay
2021-03-18,13202.0,791.0,0.0,0,391.48,0.0,1,8.43,0.52,SPY210319P00386000,386.0,0,0.0,0.0,,0.0,normalDay
2021-03-19,14045.0,0.0,843.0,0,389.48,0.0,1,8.43,0.0,SPY210319P00386000,386.0,0,0.0,0.0,,0.0,expirationDay
2021-03-22,14045.0,-5.0,0.0,0,392.59,0.0,1,1.61,1.66,SPY210401P00386000,386.0,0,0.0,0.0,,0.0,normalDay
2021-03-23,14045.0,-97.0,0.0,0,389.5,0.0,1,1.61,2.58,SPY210401P00386000,386.0,0,0.0,0.0,,0.0,normalDay
2021-03-24,14045.0,-145.0,0.0,0,387.52,0.0,1,1.61,3.06,SPY210401P00386000,386.0,0,0.0,0.0,,0.0,normalDay
2021-03-25,14045.0,-23.0,0.0,0,389.7,0.0,1,1.61,1.84,SPY210401P00386000,386.0,0,0.0,0.0,,0.0,normalDay
2021-03-26,14045.0,91.0,0.0,0,395.98,0.0,1,1.61,0.7,SPY210401P00386000,386.0,0,0.0,0.0,,0.0,normalDay
2021-03-29,14045.0,112.0,0.0,0,395.78,0.0,1,1.61,0.49,SPY210401P00386000,386.0,0,0.0,0.0,,0.0,normalDay
2021-03-30,14045.0,134.0,0.0,0,394.73,0.0,1,1.61,0.27,SPY210401P00386000,386.0,0,0.0,0.0,,0.0,normalDay
2021-03-31,14045.0,156.0,0.0,0,396.33,0.0,1,1.61,0.05,SPY210401P00386000,386.0,0,0.0,0.0,,0.0,normalDay
2021-04-01,14206.0,0.0,161.0,0,400.61,0.0,1,1.61,0.0,SPY210401P00386000,386.0,0,0.0,0.0,,0.0,expirationDay
2021-04-05,14206.0,-3.0,0.0,0,406.36,0.0,1,0.77,0.8,SPY210416P00391000,391.0,0,0.0,0.0,,0.0,normalDay
2021-04-06,14206.0,4.0,0.0,0,406.12,0.0,1,0.77,0.73,SPY210416P00391000,391.0,0,0.0,0.0,,0.0,normalDay
2021-04-07,14206.0,29.0,0.0,0,406.59,0.0,1,0.77,0.48,SPY210416P00391000,391.0,0,0.0,0.0,,0.0,normalDay
2021-04-08,14206.0,47.0,0.0,0,408.52,0.0,1,0.77,0.3,SPY210416P00391000,391.0,0,0.0,0.0,,0.0,normalDay
2021-04-09,14206.0,64.0,0.0,0,411.49,0.0,1,0.77,0.13,SPY210416P00391000,391.0,0,0.0,0.0,,0.0,normalDay
2021-04-12,14206.0,72.0,0.0,0,411.64,0.0,1,0.77,0.05,SPY210416P00391000,391.0,0,0.0,0.0,,0.0,normalDay
2021-04-13,14206.0,73.0,0.0,0,412.86,0.0,1,0.77,0.04,SPY210416P00391000,391.0,0,0.0,0.0,,0.0,normalDay
2021-04-14,14206.0,73.0,0.0,0,411.45,0.0,1,0.77,0.04,SPY210416P00391000,391.0,0,0.0,0.0,,0.0,normalDay
2021-04-15,14206.0,75.0,0.0,0,415.87,0.0,1,0.77,0.02,SPY210416P00391000,391.0,0,0.0,0.0,,0.0,normalDay
2021-04-16,14283.0,0.0,77.0,0,417.26,0.0,1,0.77,0.0,SPY210416P00391000,391.0,0,0.0,0.0,,0.0,expirationDay
2021-04-19,14283.0,-3.0,0.0,0,415.21,0.0,1,0.78,0.81,SPY210430P00399000,399.0,0,0.0,0.0,,0.0,normalDay
2021-04-20,14283.0,-45.0,0.0,0,412.17,0.0,1,0.78,1.23,SPY210430P00399000,399.0,0,0.0,0.0,,0.0,normalDay
2021-04-21,14283.0,32.0,0.0,0,416.07,0.0,1,0.78,0.46,SPY210430P00399000,399.0,0,0.0,0.0,,0.0,normalDay
2021-04-22,14283.0,-5.0,0.0,0,412.27,0.0,1,0.78,0.83,SPY210430P00399000,399.0,0,0.0,0.0,,0.0,normalDay
2021-04-23,14283.0,57.0,0.0,0,416.74,0.0,1,0.78,0.21,SPY210430P00399000,399.0,0,0.0,0.0,,0.0,normalDay
2021-04-26,14283.0,70.0,0.0,0,417.61,0.0,1,0.78,0.08,SPY210430P00399000,399.0,0,0.0,0.0,,0.0,normalDay
2021-04-27,14283.0,72.0,0.0,0,417.52,0.0,1,0.78,0.06,SPY210430P00399000,399.0,0,0.0,0.0,,0.0,normalDay
2021-04-28,14283.0,75.0,0.0,0,417.4,0.0,1,0.78,0.03,SPY210430P00399000,399.0,0,0.0,0.0,,0.0,normalDay
2021-04-29,14283.0,76.0,0.0,0,420.06,0.0,1,0.78,0.02,SPY210430P00399000,399.0,0,0.0,0.0,,0.0,normalDay
2021-04-30,14361.0,0.0,78.0,0,417.3,0.0,1,0.78,0.0,SPY210430P00399000,399.0,0,0.0,0.0,,0.0,expirationDay
2021-05-03,14361.0,-4.0,0.0,0,418.2,0.0,1,2.09,2.13,SPY210514P00412500,412.5,0,0.0,0.0,,0.0,normalDay
2021-05-04,14361.0,-93.0,0.0,0,415.62,0.0,1,2.09,3.02,SPY210514P00412500,412.5,0,0.0,0.0,,0.0,normalDay
2021-05-05,14361.0,-68.0,0.0,0,415.75,0.0,1,2.09,2.77,SPY210514P00412500,412.5,0,0.0,0.0,,0.0,normalDay
2021-05-06,14361.0,67.0,0.0,0,419.07,0.0,1,2.09,1.42,SPY210514P00412500,412.5,0,0.0,0.0,,0.0,normalDay
2021-05-07,14361.0,142.0,0.0,0,422.12,0.0,1,2.09,0.67,SPY210514P00412500,412.5,0,0.0,0.0,,0.0,normalDay
2021-05-10,14361.0,65.0,0.0,0,417.94,0.0,1,2.09,1.44,SPY210514P00412500,412.5,0,0.0,0.0,,0.0,normalDay
2021-05-11,14361.0,-28.0,0.0,0,414.21,0.0,1,2.09,2.37,SPY210514P00412500,412.5,0,0.0,0.0,,0.0,normalDay
2021-05-12,14361.0,-568.0,0.0,0,405.41,0.0,1,2.09,7.77,SPY210514P00412500,412.5,0,0.0,0.0,,0.0,normalDay
2021-05-13,14361.0,-106.0,0.0,0,410.28,0.0,1,2.09,3.15,SPY210514P00412500,412.5,0,0.0,0.0,,0.0,normalDay
2021-05-14,14570.0,0.0,209.0,0,416.58,0.0,1,2.09,0.0,SPY210514P00412500,412.5,0,0.0,0.0,,0.0,expirationDay
2021-05-17,14570.0,-5.0,0.0,0,415.52,0.0,1,3.79,3.84,SPY210528P00414000,414.0,0,0.0,0.0,,0.0,normalDay
2021-05-18,14570.0,-180.0,0.0,0,411.94,0.0,1,3.79,5.59,SPY210528P00414000,414.0,0,0.0,0.0,,0.0,normalDay
2021-05-19,14570.0,-221.0,0.0,0,410.86,0.0,1,3.79,6.0,SPY210528P00414000,414.0,0,0.0,0.0,,0.0,normalDay
2021-05-20,14570.0,38.0,0.0,0,415.28,0.0,1,3.79,3.41,SPY210528P00414000,414.0,0,0.0,0.0,,0.0,normalDay
2021-05-21,14570.0,89.0,0.0,0,414.94,0.0,1,3.79,2.9,SPY210528P00414000,414.0,0,0.0,0.0,,0.0,normalDay
2021-05-24,14570.0,297.0,0.0,0,419.17,0.0,1,3.79,0.82,SPY210528P00414000,414.0,0,0.0,0.0,,0.0,normalDay
2021-05-25,14570.0,286.0,0.0,0,418.24,0.0,1,3.79,0.93,SPY210528P00414000,414.0,0,0.0,0.0,,0.0,normalDay
2021-05-26,14570.0,337.0,0.0,0,419.07,0.0,1,3.79,0.42,SPY210528P00414000,414.0,0,0.0,0.0,,0.0,normalDay
2021-05-27,14570.0,371.0,0.0,0,419.29,0.0,1,3.79,0.08,SPY210528P00414000,414.0,0,0.0,0.0,,0.0,normalDay
2021-05-28,14949.0,0.0,379.0,0,420.04,0.0,1,3.79,0.0,SPY210528P00414000,414.0,0,0.0,0.0,,0.0,expirationDay
2021-06-01,14949.0,-4.0,0.0,0,419.67,0.0,1,1.73,1.77,SPY210611P00414000,414.0,0,0.0,0.0,,0.0,normalDay
2021-06-02,14949.0,46.0,0.0,0,420.33,0.0,1,1.73,1.27,SPY210611P00414000,414.0,0,0.0,0.0,,0.0,normalDay
2021-06-03,14949.0,10.0,0.0,0,418.77,0.0,1,1.73,1.63,SPY210611P00414000,414.0,0,0.0,0.0,,0.0,normalDay
2021-06-04,14949.0,117.0,0.0,0,422.6,0.0,1,1.73,0.56,SPY210611P00414000,414.0,0,0.0,0.0,,0.0,normalDay
2021-06-07,14949.0,143.0,0.0,0,422.19,0.0,1,1.73,0.3,SPY210611P00414000,414.0,0,0.0,0.0,,0.0,normalDay
2021-06-08,14949.0,144.0,0.0,0,422.28,0.0,1,1.73,0.29,SPY210611P00414000,414.0,0,0.0,0.0,,0.0,normalDay
2021-06-09,14949.0,139.0,0.0,0,421.65,0.0,1,1.73,0.34,SPY210611P00414000,414.0,0,0.0,0.0,,0.0,normalDay
2021-06-10,14949.0,169.0,0.0,0,423.61,0.0,1,1.73,0.04,SPY210611P00414000,414.0,0,0.0,0.0,,0.0,normalDay
2021-06-11,15122.0,0.0,173.0,0,424.31,0.0,1,1.73,0.0,SPY210611P00414000,414.0,0,0.0,0.0,,0.0,expirationDay
2021-06-14,15122.0,-3.0,0.0,0,425.26,0.0,1,1.57,1.6,SPY210625P00417500,417.5,0,0.0,0.0,,0.0,normalDay
2021-06-15,15122.0,-28.0,0.0,0,424.48,0.0,1,1.57,1.85,SPY210625P00417500,417.5,0,0.0,0.0,,0.0,normalDay
2021-06-16,15122.0,-92.0,0.0,0,422.11,0.0,1,1.57,2.49,SPY210625P00417500,417.5,0,0.0,0.0,,0.0,normalDay
2021-06-17,15122.0,-41.0,0.0,0,421.97,0.0,1,1.57,1.98,SPY210625P00417500,417.5,0,0.0,0.0,,0.0,normalDay
2021-06-18,15122.0,-340.0,0.0,0,414.92,0.0,1,1.57,4.97,SPY210625P00417500,417.5,0,0.0,0.0,,0.0,normalDay
2021-06-21,15122.0,41.0,0.0,0,420.86,0.0,1,1.57,1.16,SPY210625P00417500,417.5,0,0.0,0.0,,0.0,normalDay
2021-06-22,15122.0,110.0,0.0,0,423.11,0.0,1,1.57,0.47,SPY210625P00417500,417.5,0,0.0,0.0,,0.0,normalDay
2021-06-23,15122.0,131.0,0.0,0,422.6,0.0,1,1.57,0.26,SPY210625P00417500,417.5,0,0.0,0.0,,0.0,normalDay
2021-06-24,15122.0,152.0,0.0,0,425.1,0.0,1,1.57,0.05,SPY210625P00417500,417.5,0,0.0,0.0,,0.0,normalDay
2021-06-25,15279.0,0.0,157.0,0,426.61,0.0,1,1.57,0.0,SPY210625P00417500,417.5,0,0.0,0.0,,0.0,expirationDay
2021-06-28,15279.0,-3.0,0.0,0,427.47,0.0,1,1.14,1.17,SPY210709P00421000,421.0,0,0.0,0.0,,0.0,normalDay
2021-06-29,15279.0,13.0,0.0,0,427.7,0.0,1,1.14,1.01,SPY210709P00421000,421.0,0,0.0,0.0,,0.0,normalDay
2021-06-30,15279.0,42.0,0.0,0,428.06,0.0,1,1.14,0.72,SPY210709P00421000,421.0,0,0.0,0.0,,0.0,normalDay
2021-07-01,15279.0,62.0,0.0,0,430.43,0.0,1,1.14,0.52,SPY210709P00421000,421.0,0,0.0,0.0,,0.0,normalDay
2021-07-02,15279.0,95.0,0.0,0,433.72,0.0,1,1.14,0.19,SPY210709P00421000,421.0,0,0.0,0.0,,0.0,normalDay
2021-07-06,15279.0,104.0,0.0,0,432.93,0.0,1,1.14,0.1,SPY210709P00421000,421.0,0,0.0,0.0,,0.0,normalDay
2021-07-07,15279.0,110.0,0.0,0,434.46,0.0,1,1.14,0.04,SPY210709P00421000,421.0,0,0.0,0.0,,0.0,normalDay
2021-07-08,15279.0,109.0,0.0,0,430.92,0.0,1,1.14,0.05,SPY210709P00421000,421.0,0,0.0,0.0,,0.0,normalDay
2021-07-09,15393.0,0.0,114.0,0,435.52,0.0,1,1.14,0.0,SPY210709P00421000,421.0,0,0.0,0.0,,0.0,expirationDay
2021-07-12,15393.0,-3.0,0.0,0,437.08,0.0,1,0.89,0.92,SPY210723P00425000,425.0,0,0.0,0.0,,0.0,normalDay
2021-07-13,15393.0,-32.0,0.0,0,435.59,0.0,1,0.89,1.21,SPY210723P00425000,425.0,0,0.0,0.0,,0.0,normalDay
2021-07-14,15393.0,14.0,0.0,0,436.24,0.0,1,0.89,0.75,SPY210723P00425000,425.0,0,0.0,0.0,,0.0,normalDay
2021-07-15,15393.0,-6.0,0.0,0,434.75,0.0,1,0.89,0.95,SPY210723P00425000,425.0,0,0.0,0.0,,0.0,normalDay
2021-07-16,15393.0,-56.0,0.0,0,431.34,0.0,1,0.89,1.45,SPY210723P00425000,425.0,0,0.0,0.0,,0.0,normalDay
2021-07-19,15393.0,-270.0,0.0,0,424.97,0.0,1,0.89,3.59,SPY210723P00425000,425.0,0,0.0,0.0,,0.0,normalDay
2021-07-20,15393.0,-1.0,0.0,0,431.06,0.0,1,0.89,0.9,SPY210723P00425000,425.0,0,0.0,0.0,,0.0,normalDay
2021-07-21,15393.0,79.0,0.0,0,434.55,0.0,1,0.89,0.1,SPY210723P00425000,425.0,0,0.0,0.0,,0.0,normalDay
2021-07-22,15393.0,85.0,0.0,0,435.46,0.0,1,0.89,0.04,SPY210723P00425000,425.0,0,0.0,0.0,,0.0,normalDay
2021-07-23,15482.0,0.0,89.0,0,439.94,0.0,1,0.89,0.0,SPY210723P00425000,425.0,0,0.0,0.0,,0.0,expirationDay
2021-07-26,15482.0,-3.0,0.0,0,441.02,0.0,1,1.23,1.26,SPY210806P00431000,431.0,0,0.0,0.0,,0.0,normalDay
2021-07-27,15482.0,-82.0,0.0,0,439.01,0.0,1,1.23,2.05,SPY210806P00431000,431.0,0,0.0,0.0,,0.0,normalDay
2021-07-28,15482.0,-25.0,0.0,0,438.83,0.0,1,1.23,1.48,SPY210806P00431000,431.0,0,0.0,0.0,,0.0,normalDay
2021-07-29,15482.0,40.0,0.0,0,440.65,0.0,1,1.23,0.83,SPY210806P00431000,431.0,0,0.0,0.0,,0.0,normalDay
2021-07-30,15482.0,32.0,0.0,0,438.51,0.0,1,1.23,0.91,SPY210806P00431000,431.0,0,0.0,0.0,,0.0,normalDay
2021-08-02,15482.0,33.0,0.0,0,437.59,0.0,1,1.23,0.9,SPY210806P00431000,431.0,0,0.0,0.0,,0.0,normalDay
2021-08-03,15482.0,103.0,0.0,0,441.15,0.0,1,1.23,0.2,SPY210806P00431000,431.0,0,0.0,0.0,,0.0,normalDay
2021-08-04,15482.0,105.0,0.0,0,438.98,0.0,1,1.23,0.18,SPY210806P00431000,431.0,0,0.0,0.0,,0.0,normalDay
2021-08-05,15482.0,119.0,0.0,0,441.76,0.0,1,1.23,0.04,SPY210806P00431000,431.0,0,0.0,0.0,,0.0,normalDay
2021-08-06,15605.0,0.0,123.0,0,442.49,0.0,1,1.23,0.0,SPY210806P00431000,431.0,0,0.0,0.0,,0.0,expirationDay
2021-08-09,15605.0,-3.0,0.0,0,442.13,0.0,1,1.47,1.5,SPY210820P00436000,436.0,0,0.0,0.0,,0.0,normalDay
2021-08-10,15605.0,3.0,0.0,0,442.68,0.0,1,1.47,1.44,SPY210820P00436000,436.0,0,0.0,0.0,,0.0,normalDay
2021-08-11,15605.0,57.0,0.0,0,443.78,0.0,1,1.47,0.9,SPY210820P00436000,436.0,0,0.0,0.0,,0.0,normalDay
2021-08-12,15605.0,88.0,0.0,0,445.11,0.0,1,1.47,0.59,SPY210820P00436000,436.0,0,0.0,0.0,,0.0,normalDay
2021-08-13,15605.0,112.0,0.0,0,445.92,0.0,1,1.47,0.35,SPY210820P00436000,436.0,0,0.0,0.0,,0.0,normalDay
2021-08-16,15605.0,122.0,0.0,0,446.97,0.0,1,1.47,0.25,SPY210820P00436000,436.0,0,0.0,0.0,,0.0,normalDay
2021-08-17,15605.0,89.0,0.0,0,444.04,0.0,1,1.47,0.58,SPY210820P00436000,436.0,0,0.0,0.0,,0.0,normalDay
2021-08-18,15605.0,-30.0,0.0,0,439.18,0.0,1,1.47,1.77,SPY210820P00436000,436.0,0,0.0,0.0,,0.0,normalDay
2021-08-19,15605.0,83.0,0.0,0,439.86,0.0,1,1.47,0.64,SPY210820P00436000,436.0,0,0.0,0.0,,0.0,normalDay
2021-08-20,15752.0,0.0,147.0,0,443.36,0.0,1,1.47,0.0,SPY210820P00436000,436.0,0,0.0,0.0,,0.0,expirationDay
2021-08-23,15752.0,-4.0,0.0,0,447.26,0.0,1,1.6,1.64,SPY210903P00441000,441.0,0,0.0,0.0,,0.0,normalDay
2021-08-24,15752.0,17.0,0.0,0,447.97,0.0,1,1.6,1.43,SPY210903P00441000,441.0,0,0.0,0.0,,0.0,normalDay
2021-08-25,15752.0,58.0,0.0,0,448.91,0.0,1,1.6,1.02,SPY210903P00441000,441.0,0,0.0,0.0,,0.0,normalDay
2021-08-26,15752.0,-34.0,0.0,0,446.26,0.0,1,1.6,1.94,SPY210903P00441000,441.0,0,0.0,0.0,,0.0,normalDay
2021-08-27,15752.0,105.0,0.0,0,450.25,0.0,1,1.6,0.55,SPY210903P00441000,441.0,0,0.0,0.0,,0.0,normalDay
2021-08-30,15752.0,141.0,0.0,0,452.23,0.0,1,1.6,0.19,SPY210903P00441000,441.0,0,0.0,0.0,,0.0,normalDay
2021-08-31,15752.0,142.0,0.0,0,451.56,0.0,1,1.6,0.18,SPY210903P00441000,441.0,0,0.0,0.0,,0.0,normalDay
2021-09-01,15752.0,152.0,0.0,0,451.8,0.0,1,1.6,0.08,SPY210903P00441000,441.0,0,0.0,0.0,,0.0,normalDay
2021-09-02,15752.0,155.0,0.0,0,453.19,0.0,1,1.6,0.05,SPY210903P00441000,441.0,0,0.0,0.0,,0.0,normalDay
2021-09-03,15912.0,0.0,160.0,0,453.08,0.0,1,1.6,0.0,SPY210903P00441000,441.0,0,0.0,0.0,,0.0,expirationDay
2021-09-07,15912.0,-3.0,0.0,0,451.46,0.0,1,2.14,2.17,SPY210917P00446000,446.0,0,0.0,0.0,,0.0,normalDay
2021-09-08,15912.0,5.0,0.0,0,450.91,0.0,1,2.14,2.09,SPY210917P00446000,446.0,0,0.0,0.0,,0.0,normalDay
2021-09-09,15912.0,-83.0,0.0,0,448.98,0.0,1,2.14,2.97,SPY210917P00446000,446.0,0,0.0,0.0,,0.0,normalDay
2021-09-10,15912.0,-236.0,0.0,0,445.44,0.0,1,2.14,4.5,SPY210917P00446000,446.0,0,0.0,0.0,,0.0,normalDay
2021-09-13,15912.0,-96.0,0.0,0,446.58,0.0,1,2.14,3.1,SPY210917P00446000,446.0,0,0.0,0.0,,0.0,normalDay
2021-09-14,15912.0,-218.0,0.0,0,444.17,0.0,1,2.14,4.32,SPY210917P00446000,446.0,0,0.0,0.0,,0.0,normalDay
2021-09-15,15912.0,62.0,0.0,0,447.88,0.0,1,2.14,1.52,SPY210917P00446000,446.0,0,0.0,0.0,,0.0,normalDay
2021-09-16,15912.0,68.0,0.0,0,447.17,0.0,1,2.14,1.46,SPY210917P00446000,446.0,0,0.0,0.0,,0.0,normalDay
2021-09-17,16126.0,-460.0,214.0,100,441.4,446.0,1,2.14,0.0,SPY210917P00446000,446.0,0,0.0,0.0,,0.0,expirationDay
2021-09-20,16126.0,-1199.0,0.0,100,434.04,446.0,0,0.0,0.0,,0.0,1,0.04,0.07,SPY211001C00461000,461.0,normalDay
2021-09-21,16126.0,-1237.0,0.0,100,433.63,446.0,0,0.0,0.0,,0.0,1,0.04,0.04,SPY211001C00461000,461.0,normalDay
2021-09-22,16126.0,-815.0,0.0,100,437.86,446.0,0,0.0,0.0,,0.0,1,0.04,0.05,SPY211001C00461000,461.0,normalDay
2021-09-23,16126.0,-285.0,0.0,100,443.18,446.0,0,0.0,0.0,,0.0,1,0.04,0.07,SPY211001C00461000,461.0,normalDay
2021-09-24,16126.0,-208.0,0.0,100,443.91,446.0,0,0.0,0.0,,0.0,1,0.04,0.03,SPY211001C00461000,461.0,normalDay
2021-09-27,16126.0,-334.0,0.0,100,442.64,446.0,0,0.0,0.0,,0.0,1,0.04,0.02,SPY211001C00461000,461.0,normalDay
2021-09-28,16126.0,-1226.0,0.0,100,433.72,446.0,0,0.0,0.0,,0.0,1,0.04,0.02,SPY211001C00461000,461.0,normalDay
2021-09-29,16126.0,-1152.0,0.0,100,434.45,446.0,0,0.0,0.0,,0.0,1,0.04,0.01,SPY211001C00461000,461.0,normalDay
2021-09-30,16126.0,-1683.0,0.0,100,429.14,446.0,0,0.0,0.0,,0.0,1,0.04,0.01,SPY211001C00461000,461.0,normalDay
2021-10-01,16130.0,-1176.0,4.0,100,434.24,446.0,0,0.0,0.0,,0.0,1,0.04,0.0,SPY211001C00461000,461.0,expirationDay
2021-10-04,16130.0,-1739.0,0.0,100,428.64,446.0,0,0.0,0.0,,0.0,1,0.01,0.04,SPY211015C00461000,461.0,normalDay
2021-10-05,16130.0,-1294.0,0.0,100,433.1,446.0,0,0.0,0.0,,0.0,1,0.01,0.05,SPY211015C00461000,461.0,normalDay
2021-10-06,16130.0,-1113.0,0.0,100,434.9,446.0,0,0.0,0.0,,0.0,1,0.01,0.04,SPY211015C00461000,461.0,normalDay
2021-10-07,16130.0,-736.0,0.0,100,438.66,446.0,0,0.0,0.0,,0.0,1,0.01,0.03,SPY211015C00461000,461.0,normalDay
2021-10-08,16130.0,-815.0,0.0,100,437.86,446.0,0,0.0,0.0,,0.0,1,0.01,0.02,SPY211015C00461000,461.0,normalDay
2021-10-11,16130.0,-1132.0,0.0,100,434.69,446.0,0,0.0,0.0,,0.0,1,0.01,0.02,SPY211015C00461000,461.0,normalDay
2021-10-12,16130.0,-1238.0,0.0,100,433.62,446.0,0,0.0,0.0,,0.0,1,0.01,0.01,SPY211015C00461000,461.0,normalDay
2021-10-13,16130.0,-1082.0,0.0,100,435.18,446.0,0,0.0,0.0,,0.0,1,0.01,0.01,SPY211015C00461000,461.0,normalDay
2021-10-14,16130.0,-350.0,0.0,100,442.5,446.0,0,0.0,0.0,,0.0,1,0.01,0.01,SPY211015C00461000,461.0,normalDay
2021-10-15,16131.0,-13.0,1.0,100,445.87,446.0,0,0.0,0.0,,0.0,1,0.01,0.0,SPY211015C00461000,461.0,expirationDay
2021-10-18,16131.0,116.0,0.0,100,447.19,446.0,0,0.0,0.0,,0.0,1,1.23,1.26,SPY211029C00452000,452.0,normalDay
2021-10-19,16131.0,328.0,0.0,100,450.64,446.0,0,0.0,0.0,,0.0,1,1.23,2.59,SPY211029C00452000,452.0,normalDay
2021-10-20,16131.0,470.0,0.0,100,452.41,446.0,0,0.0,0.0,,0.0,1,1.23,2.94,SPY211029C00452000,452.0,normalDay
2021-10-21,16131.0,534.0,0.0,100,453.59,446.0,0,0.0,0.0,,0.0,1,1.23,3.48,SPY211029C00452000,452.0,normalDay
2021-10-22,16131.0,549.0,0.0,100,453.12,446.0,0,0.0,0.0,,0.0,1,1.23,2.86,SPY211029C00452000,452.0,normalDay
2021-10-25,16131.0,685.0,0.0,100,455.55,446.0,0,0.0,0.0,,0.0,1,1.23,3.93,SPY211029C00452000,452.0,normalDay
2021-10-26,16131.0,626.0,0.0,100,455.96,446.0,0,0.0,0.0,,0.0,1,1.23,4.93,SPY211029C00452000,452.0,normalDay
2021-10-27,16131.0,605.0,0.0,100,453.94,446.0,0,0.0,0.0,,0.0,1,1.23,3.12,SPY211029C00452000,452.0,normalDay
2021-10-28,16131.0,751.0,0.0,100,458.32,446.0,0,0.0,0.0,,0.0,1,1.23,6.04,SPY211029C00452000,452.0,normalDay
2021-10-29,16854.0,751.0,723.0,0,459.25,0.0,0,0.0,0.0,,0.0,1,1.23,0.0,SPY211029C00452000,452.0,expirationDay
2021-11-01,16854.0,-3.0,0.0,0,460.04,0.0,1,0.84,0.87,SPY211112P00443000,443.0,0,0.0,0.0,,0.0,normalDay
2021-11-02,16854.0,19.0,0.0,0,461.9,0.0,1,0.84,0.65,SPY211112P00443000,443.0,0,0.0,0.0,,0.0,normalDay
2021-11-03,16854.0,52.0,0.0,0,464.72,0.0,1,0.84,0.32,SPY211112P00443000,443.0,0,0.0,0.0,,0.0,normalDay
2021-11-04,16854.0,60.0,0.0,0,466.91,0.0,1,0.84,0.24,SPY211112P00443000,443.0,0,0.0,0.0,,0.0,normalDay
2021-11-05,16854.0,69.0,0.0,0,468.53,0.0,1,0.84,0.15,SPY211112P00443000,443.0,0,0.0,0.0,,0.0,normalDay
2021-11-08,16854.0,77.0,0.0,0,468.93,0.0,1,0.84,0.07,SPY211112P00443000,443.0,0,0.0,0.0,,0.0,normalDay
2021-11-09,16854.0,79.0,0.0,0,467.38,0.0,1,0.84,0.05,SPY211112P00443000,443.0,0,0.0,0.0,,0.0,normalDay
2021-11-10,16854.0,79.0,0.0,0,463.62,0.0,1,0.84,0.05,SPY211112P00443000,443.0,0,0.0,0.0,,0.0,normalDay
2021-11-11,16854.0,82.0,0.0,0,463.77,0.0,1,0.84,0.02,SPY211112P00443000,443.0,0,0.0,0.0,,0.0,normalDay
2021-11-12,16938.0,0.0,84.0,0,467.27,0.0,1,0.84,0.0,SPY211112P00443000,443.0,0,0.0,0.0,,0.0,expirationDay
2021-11-15,16938.0,-3.0,0.0,0,467.43,0.0,1,1.07,1.1,SPY211126P00458000,458.0,0,0.0,0.0,,0.0,normalDay
2021-11-16,16938.0,30.0,0.0,0,469.28,0.0,1,1.07,0.77,SPY211126P00458000,458.0,0,0.0,0.0,,0.0,normalDay
2021-11-17,16938.0,36.0,0.0,0,468.14,0.0,1,1.07,0.71,SPY211126P00458000,458.0,0,0.0,0.0,,0.0,normalDay
2021-11-18,16938.0,54.0,0.0,0,469.73,0.0,1,1.07,0.53,SPY211126P00458000,458.0,0,0.0,0.0,,0.0,normalDay
2021-11-19,16938.0,67.0,0.0,0,468.89,0.0,1,1.07,0.4,SPY211126P00458000,458.0,0,0.0,0.0,,0.0,normalDay
2021-11-22,16938.0,67.0,0.0,0,467.57,0.0,1,1.07,0.4,SPY211126P00458000,458.0,0,0.0,0.0,,0.0,normalDay
2021-11-23,16938.0,83.0,0.0,0,468.19,0.0,1,1.07,0.24,SPY211126P00458000,458.0,0,0.0,0.0,,0.0,normalDay
2021-11-24,16938.0,102.0,0.0,0,469.44,0.0,1,1.07,0.05,SPY211126P00458000,458.0,0,0.0,0.0,,0.0,normalDay
2021-11-26,17045.0,0.0,107.0,0,458.97,0.0,1,1.07,0.0,SPY211126P00458000,458.0,0,0.0,0.0,,0.0,expirationDay
2021-11-29,17045.0,-5.0,0.0,0,464.6,0.0,1,5.5,5.55,SPY211210P00465000,465.0,0,0.0,0.0,,0.0,normalDay
2021-11-30,17045.0,-466.0,0.0,0,455.56,0.0,1,5.5,10.16,SPY211210P00465000,465.0,0,0.0,0.0,,0.0,normalDay
2021-12-01,17045.0,-1041.0,0.0,0,450.5,0.0,1,5.5,15.91,SPY211210P00465000,465.0,0,0.0,0.0,,0.0,normalDay
2021-12-02,17045.0,-456.0,0.0,0,457.4,0.0,1,5.5,10.06,SPY211210P00465000,465.0,0,0.0,0.0,,0.0,normalDay
2021-12-03,17045.0,-740.0,0.0,0,453.42,0.0,1,5.5,12.9,SPY211210P00465000,465.0,0,0.0,0.0,,0.0,normalDay
2021-12-06,17045.0,-224.0,0.0,0,458.79,0.0,1,5.5,7.74,SPY211210P00465000,465.0,0,0.0,0.0,,0.0,normalDay
2021-12-07,17045.0,377.0,0.0,0,468.28,0.0,1,5.5,1.73,SPY211210P00465000,465.0,0,0.0,0.0,,0.0,normalDay
2021-12-08,17045.0,478.0,0.0,0,469.52,0.0,1,5.5,0.72,SPY211210P00465000,465.0,0,0.0,0.0,,0.0,normalDay
2021-12-09,17045.0,431.0,0.0,0,466.35,0.0,1,5.5,1.19,SPY211210P00465000,465.0,0,0.0,0.0,,0.0,normalDay
2021-12-10,17595.0,0.0,550.0,0,470.74,0.0,1,5.5,0.0,SPY211210P00465000,465.0,0,0.0,0.0,,0.0,expirationDay
2021-12-13,17595.0,-4.0,0.0,0,466.57,0.0,1,3.85,3.89,SPY211223P00462000,462.0,0,0.0,0.0,,0.0,normalDay
2021-12-14,17595.0,-155.0,0.0,0,463.36,0.0,1,3.85,5.4,SPY211223P00462000,462.0,0,0.0,0.0,,0.0,normalDay
2021-12-15,17595.0,199.0,0.0,0,470.6,0.0,1,3.85,1.86,SPY211223P00462000,462.0,0,0.0,0.0,,0.0,normalDay
2021-12-16,17595.0,78.0,0.0,0,466.45,0.0,1,3.85,3.07,SPY211223P00462000,462.0,0,0.0,0.0,,0.0,normalDay
2021-12-17,17595.0,-117.0,0.0,0,459.87,0.0,1,3.85,5.02,SPY211223P00462000,462.0,0,0.0,0.0,,0.0,normalDay
2021-12-20,17595.0,-370.0,0.0,0,454.98,0.0,1,3.85,7.55,SPY211223P00462000,462.0,0,0.0,0.0,,0.0,normalDay
2021-12-21,17595.0,176.0,0.0,0,463.06,0.0,1,3.85,2.09,SPY211223P00462000,462.0,0,0.0,0.0,,0.0,normalDay
2021-12-22,17595.0,368.0,0.0,0,467.69,0.0,1,3.85,0.17,SPY211223P00462000,462.0,0,0.0,0.0,,0.0,normalDay
2021-12-23,17980.0,0.0,385.0,0,470.6,0.0,1,3.85,0.0,SPY211223P00462000,462.0,0,0.0,0.0,,0.0,expirationDay
2021-12-27,17980.0,-3.0,0.0,0,477.26,0.0,1,0.84,0.87,SPY220107P00461000,461.0,0,0.0,0.0,,0.0,normalDay
2021-12-28,17980.0,9.0,0.0,0,476.87,0.0,1,0.84,0.75,SPY220107P00461000,461.0,0,0.0,0.0,,0.0,normalDay
2021-12-29,17980.0,45.0,0.0,0,477.48,0.0,1,0.84,0.39,SPY220107P00461000,461.0,0,0.0,0.0,,0.0,normalDay
2021-12-30,17980.0,38.0,0.0,0,476.16,0.0,1,0.84,0.46,SPY220107P00461000,461.0,0,0.0,0.0,,0.0,normalDay
2021-12-31,17980.0,53.0,0.0,0,474.96,0.0,1,0.84,0.31,SPY220107P00461000,461.0,0,0.0,0.0,,0.0,normalDay
2022-01-03,17980.0,76.0,0.0,0,477.71,0.0,1,0.84,0.08,SPY220107P00461000,461.0,0,0.0,0.0,,0.0,normalDay
2022-01-04,17980.0,77.0,0.0,0,477.55,0.0,1,0.84,0.07,SPY220107P00461000,461.0,0,0.0,0.0,,0.0,normalDay
2022-01-05,17980.0,25.0,0.0,0,468.38,0.0,1,0.84,0.59,SPY220107P00461000,461.0,0,0.0,0.0,,0.0,normalDay
2022-01-06,17980.0,66.0,0.0,0,467.94,0.0,1,0.84,0.18,SPY220107P00461000,461.0,0,0.0,0.0,,0.0,normalDay
2022-01-07,18064.0,0.0,84.0,0,466.09,0.0,1,0.84,0.0,SPY220107P00461000,461.0,0,0.0,0.0,,0.0,expirationDay
2022-01-10,18064.0,-5.0,0.0,0,465.51,0.0,1,5.49,5.54,SPY220121P00467000,467.0,0,0.0,0.0,,0.0,normalDay
2022-01-11,18064.0,202.0,0.0,0,469.75,0.0,1,5.49,3.47,SPY220121P00467000,467.0,0,0.0,0.0,,0.0,normalDay
2022-01-12,18064.0,299.0,0.0,0,471.02,0.0,1,5.49,2.5,SPY220121P00467000,467.0,0,0.0,0.0,,0.0,normalDay
2022-01-13,18064.0,-32.0,0.0,0,464.53,0.0,1,5.49,5.81,SPY220121P00467000,467.0,0,0.0,0.0,,0.0,normalDay
2022-01-14,18064.0,61.0,0.0,0,464.72,0.0,1,5.49,4.88,SPY220121P00467000,467.0,0,0.0,0.0,,0.0,normalDay
2022-01-18,18064.0,-575.0,0.0,0,456.49,0.0,1,5.49,11.24,SPY220121P00467000,467.0,0,0.0,0.0,,0.0,normalDay
2022-01-19,18064.0,-959.0,0.0,0,451.75,0.0,1,5.49,15.08,SPY220121P00467000,467.0,0,0.0,0.0,,0.0,normalDay
2022-01-20,18064.0,-1537.0,0.0,0,446.75,0.0,1,5.49,20.86,SPY220121P00467000,467.0,0,0.0,0.0,,0.0,normalDay
2022-01-21,18613.0,-2902.0,549.0,100,437.98,467.0,1,5.49,0.0,SPY220121P00467000,467.0,0,0.0,0.0,,0.0,expirationDay
2022-01-24,18613.0,-2716.0,0.0,100,439.84,467.0,0,0.0,0.0,,0.0,0,0.0,0.0,,0.0,bidTooLow
2022-01-25,18613.0,-3253.0,0.0,100,434.47,467.0,0,0.0,0.0,,0.0,0,0.0,0.0,,0.0,bidTooLow
2022-01-26,18613.0,-3362.0,0.0,100,433.38,467.0,0,0.0,0.0,,0.0,0,0.0,0.0,,0.0,bidTooLow
2022-01-27,18613.0,-3576.0,0.0,100,431.24,467.0,0,0.0,0.0,,0.0,0,0.0,0.0,,0.0,bidTooLow
2022-01-28,18613.0,-2505.0,0.0,100,441.95,467.0,0,0.0,0.0,,0.0,0,0.0,0.0,,0.0,bidTooLow
2022-01-31,18613.0,-1709.0,0.0,100,449.91,467.0,0,0.0,0.0,,0.0,0,0.0,0.0,,0.0,bidTooLow
2022-02-01,18613.0,-1405.0,0.0,100,452.95,467.0,0,0.0,0.0,,0.0,0,0.0,0.0,,0.0,bidTooLow
2022-02-02,18613.0,-965.0,0.0,100,457.35,467.0,0,0.0,0.0,,0.0,0,0.0,0.0,,0.0,bidTooLow
2022-02-03,18613.0,-2040.0,0.0,100,446.6,467.0,0,0.0,0.0,,0.0,0,0.0,0.0,,0.0,bidTooLow
2022-02-04,18613.0,-1830.0,0.0,100,448.7,467.0,0,0.0,0.0,,0.0,0,0.0,0.0,,0.0,bidTooLow
2022-02-07,18613.0,-1974.0,0.0,100,447.26,467.0,0,0.0,0.0,,0.0,0,0.0,0.0,,0.0,bidTooLow
2022-02-08,18613.0,-1606.0,0.0,100,450.94,467.0,0,0.0,0.0,,0.0,0,0.0,0.0,,0.0,bidTooLow
2022-02-09,18613.0,-949.0,0.0,100,457.54,467.0,0,0.0,0.0,,0.0,1,0.07,0.1,SPY220218C00480000,480.0,normalDay
2022-02-10,18613.0,-1764.0,0.0,100,449.32,467.0,0,0.0,0.0,,0.0,1,0.07,0.03,SPY220218C00480000,480.0,normalDay
2022-02-11,18613.0,-2649.0,0.0,100,440.46,467.0,0,0.0,0.0,,0.0,1,0.07,0.02,SPY220218C00480000,480.0,normalDay
2022-02-14,18613.0,-2793.0,0.0,100,439.02,467.0,0,0.0,0.0,,0.0,1,0.07,0.02,SPY220218C00480000,480.0,normalDay
2022-02-15,18613.0,-2084.0,0.0,100,446.1,467.0,0,0.0,0.0,,0.0,1,0.07,0.01,SPY220218C00480000,480.0,normalDay
2022-02-16,18613.0,-2034.0,0.0,100,446.6,467.0,0,0.0,0.0,,0.0,1,0.07,0.01,SPY220218C00480000,480.0,normalDay
2022-02-17,18613.0,-2988.0,0.0,100,437.06,467.0,0,0.0,0.0,,0.0,1,0.07,0.01,SPY220218C00480000,480.0,normalDay
2022-02-18,18620.0,-3277.0,7.0,100,434.23,467.0,0,0.0,0.0,,0.0,1,0.07,0.0,SPY220218C00480000,480.0,expirationDay
2022-02-22,18620.0,-3746.0,0.0,100,429.57,467.0,0,0.0,0.0,,0.0,1,0.02,0.05,SPY220304C00467000,467.0,normalDay
2022-02-23,18620.0,-4507.0,0.0,100,421.95,467.0,0,0.0,0.0,,0.0,1,0.02,0.04,SPY220304C00467000,467.0,normalDay
2022-02-24,18620.0,-3873.0,0.0,100,428.3,467.0,0,0.0,0.0,,0.0,1,0.02,0.05,SPY220304C00467000,467.0,normalDay
2022-02-25,18620.0,-2928.0,0.0,100,437.75,467.0,0,0.0,0.0,,0.0,1,0.02,0.05,SPY220304C00467000,467.0,normalDay
2022-02-28,18620.0,-3038.0,0.0,100,436.63,467.0,0,0.0,0.0,,0.0,1,0.02,0.03,SPY220304C00467000,467.0,normalDay
2022-03-01,18620.0,-3702.0,0.0,100,429.98,467.0,0,0.0,0.0,,0.0,1,0.02,0.02,SPY220304C00467000,467.0,normalDay
2022-03-02,18620.0,-2910.0,0.0,100,437.89,467.0,0,0.0,0.0,,0.0,1,0.02,0.01,SPY220304C00467000,467.0,normalDay
2022-03-03,18620.0,-3128.0,0.0,100,435.71,467.0,0,0.0,0.0,,0.0,1,0.02,0.01,SPY220304C00467000,467.0,normalDay
2022-03-04,18622.0,-3483.0,2.0,100,432.17,467.0,0,0.0,0.0,,0.0,1,0.02,0.0,SPY220304C00467000,467.0,expirationDay
2022-03-07,18622.0,-4760.0,0.0,100,419.43,467.0,0,0.0,0.0,,0.0,1,0.03,0.06,SPY220318C00465000,465.0,normalDay
2022-03-08,18622.0,-5077.0,0.0,100,416.25,467.0,0,0.0,0.0,,0.0,1,0.03,0.05,SPY220318C00465000,465.0,normalDay
2022-03-09,18622.0,-3963.0,0.0,100,427.41,467.0,0,0.0,0.0,,0.0,1,0.03,0.07,SPY220318C00465000,465.0,normalDay
2022-03-10,18622.0,-4153.0,0.0,100,425.48,467.0,0,0.0,0.0,,0.0,1,0.03,0.04,SPY220318C00465000,465.0,normalDay
2022-03-11,18622.0,-4693.0,0.0,100,420.07,467.0,0,0.0,0.0,,0.0,1,0.03,0.03,SPY220318C00465000,465.0,normalDay
2022-03-14,18622.0,-4999.0,0.0,100,417.0,467.0,0,0.0,0.0,,0.0,1,0.03,0.02,SPY220318C00465000,465.0,normalDay
2022-03-15,18622.0,-4081.0,0.0,100,426.17,467.0,0,0.0,0.0,,0.0,1,0.03,0.01,SPY220318C00465000,465.0,normalDay
2022-03-16,18622.0,-3137.0,0.0,100,435.62,467.0,0,0.0,0.0,,0.0,1,0.03,0.02,SPY220318C00465000,465.0,normalDay
2022-03-17,18622.0,-2591.0,0.0,100,441.07,467.0,0,0.0,0.0,,0.0,1,0.03,0.01,SPY220318C00465000,465.0,normalDay
2022-03-18,18625.0,-2248.0,3.0,100,444.52,467.0,0,0.0,0.0,,0.0,1,0.03,0.0,SPY220318C00465000,465.0,expirationDay
2022-03-21,18625.0,-2266.0,0.0,100,444.39,467.0,0,0.0,0.0,,0.0,1,1.87,1.92,SPY220401C00455000,455.0,normalDay
2022-03-22,18625.0,-1863.0,0.0,100,449.59,467.0,0,0.0,0.0,,0.0,1,1.87,3.09,SPY220401C00455000,455.0,normalDay
2022-03-23,18625.0,-2264.0,0.0,100,443.8,467.0,0,0.0,0.0,,0.0,1,1.87,1.31,SPY220401C00455000,455.0,normalDay
2022-03-24,18625.0,-1723.0,0.0,100,450.49,467.0,0,0.0,0.0,,0.0,1,1.87,2.59,SPY220401C00455000,455.0,normalDay
2022-03-25,18625.0,-1525.0,0.0,100,452.69,467.0,0,0.0,0.0,,0.0,1,1.87,2.81,SPY220401C00455000,455.0,normalDay
2022-03-28,18625.0,-1292.0,0.0,100,455.91,467.0,0,0.0,0.0,,0.0,1,1.87,3.7,SPY220401C00455000,455.0,normalDay
2022-03-29,18625.0,-1069.0,0.0,100,461.55,467.0,0,0.0,0.0,,0.0,1,1.87,7.11,SPY220401C00455000,455.0,normalDay
2022-03-30,18625.0,-1155.0,0.0,100,458.7,467.0,0,0.0,0.0,,0.0,1,1.87,5.12,SPY220401C00455000,455.0,normalDay
2022-03-31,18625.0,-1431.0,0.0,100,451.64,467.0,0,0.0,0.0,,0.0,1,1.87,0.82,SPY220401C00455000,455.0,normalDay
2022-04-01,18812.0,-1408.0,187.0,100,452.92,467.0,0,0.0,0.0,,0.0,1,1.87,0.0,SPY220401C00455000,455.0,expirationDay
2022-04-04,18812.0,-1020.0,0.0,100,456.8,467.0,0,0.0,0.0,,0.0,0,0.0,0.0,,0.0,bidTooLow
2022-04-05,18812.0,-1597.0,0.0,100,451.03,467.0,0,0.0,0.0,,0.0,0,0.0,0.0,,0.0,bidTooLow
2022-04-06,18812.0,-2048.0,0.0,100,446.52,467.0,0,0.0,0.0,,0.0,0,0.0,0.0,,0.0,bidTooLow
2022-04-07,18812.0,-1823.0,0.0,100,448.77,467.0,0,0.0,0.0,,0.0,0,0.0,0.0,,0.0,bidTooLow
2022-04-08,18812.0,-1943.0,0.0,100,447.57,467.0,0,0.0,0.0,,0.0,0,0.0,0.0,,0.0,bidTooLow
2022-04-11,18812.0,-2708.0,0.0,100,439.92,467.0,0,0.0,0.0,,0.0,0,0.0,0.0,,0.0,bidTooLow
2022-04-12,18812.0,-2871.0,0.0,100,438.29,467.0,0,0.0,0.0,,0.0,0,0.0,0.0,,0.0,bidTooLow
2022-04-13,18812.0,-2369.0,0.0,100,443.31,467.0,0,0.0,0.0,,0.0,0,0.0,0.0,,0.0,bidTooLow
2022-04-14,18812.0,-2921.0,0.0,100,437.79,467.0,0,0.0,0.0,,0.0,0,0.0,0.0,,0.0,bidTooLow
2022-04-18,18812.0,-2903.0,0.0,100,437.97,467.0,0,0.0,0.0,,0.0,0,0.0,0.0,,0.0,bidTooLow
2022-04-19,18812.0,-2199.0,0.0,100,445.04,467.0,0,0.0,0.0,,0.0,1,0.02,0.05,SPY220429C00468000,468.0,normalDay
2022-04-20,18812.0,-2231.0,0.0,100,444.71,467.0,0,0.0,0.0,,0.0,1,0.02,0.04,SPY220429C00468000,468.0,normalDay
2022-04-21,18812.0,-2894.0,0.0,100,438.06,467.0,0,0.0,0.0,,0.0,1,0.02,0.02,SPY220429C00468000,468.0,normalDay
2022-04-22,18812.0,-4096.0,0.0,100,426.04,467.0,0,0.0,0.0,,0.0,1,0.02,0.02,SPY220429C00468000,468.0,normalDay
2022-04-25,18812.0,-3848.0,0.0,100,428.51,467.0,0,0.0,0.0,,0.0,1,0.02,0.01,SPY220429C00468000,468.0,normalDay
2022-04-26,18812.0,-5089.0,0.0,100,416.1,467.0,0,0.0,0.0,,0.0,1,0.02,0.01,SPY220429C00468000,468.0,normalDay
2022-04-27,18812.0,-4972.0,0.0,100,417.27,467.0,0,0.0,0.0,,0.0,1,0.02,0.01,SPY220429C00468000,468.0,normalDay
2022-04-28,18812.0,-3918.0,0.0,100,427.81,467.0,0,0.0,0.0,,0.0,1,0.02,0.01,SPY220429C00468000,468.0,normalDay
2022-04-29,18814.0,-5500.0,2.0,100,412.0,467.0,0,0.0,0.0,,0.0,1,0.02,0.0,SPY220429C00468000,468.0,expirationDay
2022-05-02,18814.0,-5252.0,0.0,100,414.48,467.0,0,0.0,0.0,,0.0,0,0.0,0.0,,0.0,bidTooLow
2022-05-03,18814.0,-5062.0,0.0,100,416.38,467.0,0,0.0,0.0,,0.0,0,0.0,0.0,,0.0,bidTooLow
2022-05-04,18814.0,-3794.0,0.0,100,429.06,467.0,0,0.0,0.0,,0.0,0,0.0,0.0,,0.0,bidTooLow
2022-05-05,18814.0,-5319.0,0.0,100,413.81,467.0,0,0.0,0.0,,0.0,0,0.0,0.0,,0.0,bidTooLow
2022-05-06,18814.0,-5566.0,0.0,100,411.34,467.0,0,0.0,0.0,,0.0,0,0.0,0.0,,0.0,bidTooLow
2022-05-09,18814.0,-6883.0,0.0,100,398.17,467.0,0,0.0,0.0,,0.0,0,0.0,0.0,,0.0,bidTooLow
2022-05-10,18814.0,-6791.0,0.0,100,399.09,467.0,0,0.0,0.0,,0.0,0,0.0,0.0,,0.0,bidTooLow
2022-05-11,18814.0,-7425.0,0.0,100,392.75,467.0,0,0.0,0.0,,0.0,0,0.0,0.0,,0.0,bidTooLow
2022-05-12,18814.0,-7466.0,0.0,100,392.34,467.0,0,0.0,0.0,,0.0,0,0.0,0.0,,0.0,bidTooLow
2022-05-13,18814.0,-6528.0,0.0,100,401.72,467.0,0,0.0,0.0,,0.0,0,0.0,0.0,,0.0,bidTooLow
2022-05-16,18814.0,-6691.0,0.0,100,400.09,467.0,0,0.0,0.0,,0.0,0,0.0,0.0,,0.0,bidTooLow
2022-05-17,18814.0,-5868.0,0.0,100,408.32,467.0,0,0.0,0.0,,0.0,0,0.0,0.0,,0.0,bidTooLow
2022-05-18,18814.0,-7514.0,0.0,100,391.86,467.0,0,0.0,0.0,,0.0,0,0.0,0.0,,0.0,bidTooLow
2022-05-19,18814.0,-7754.0,0.0,100,389.46,467.0,0,0.0,0.0,,0.0,0,0.0,0.0,,0.0,bidTooLow
2022-05-20,18814.0,-7737.0,0.0,100,389.63,467.0,0,0.0,0.0,,0.0,0,0.0,0.0,,0.0,bidTooLow
2022-05-23,18814.0,-7011.0,0.0,100,396.92,467.0,0,0.0,0.0,,0.0,1,0.01,0.04,SPY220603C00440000,440.0,normalDay
2022-05-24,18814.0,-7313.0,0.0,100,393.89,467.0,0,0.0,0.0,,0.0,1,0.01,0.03,SPY220603C00440000,440.0,normalDay
2022-05-25,18814.0,-6965.0,0.0,100,397.37,467.0,0,0.0,0.0,,0.0,1,0.01,0.03,SPY220603C00440000,440.0,normalDay
2022-05-26,18814.0,-6171.0,0.0,100,405.31,467.0,0,0.0,0.0,,0.0,1,0.01,0.03,SPY220603C00440000,440.0,normalDay
2022-05-27,18814.0,-5179.0,0.0,100,415.26,467.0,0,0.0,0.0,,0.0,1,0.01,0.06,SPY220603C00440000,440.0,normalDay
2022-05-31,18814.0,-5409.0,0.0,100,412.93,467.0,0,0.0,0.0,,0.0,1,0.01,0.03,SPY220603C00440000,440.0,normalDay
2022-06-01,18814.0,-5741.0,0.0,100,409.59,467.0,0,0.0,0.0,,0.0,1,0.01,0.01,SPY220603C00440000,440.0,normalDay
2022-06-02,18814.0,-4961.0,0.0,100,417.39,467.0,0,0.0,0.0,,0.0,1,0.01,0.01,SPY220603C00440000,440.0,normalDay
2022-06-03,18815.0,-5646.0,1.0,100,410.54,467.0,0,0.0,0.0,,0.0,1,0.01,0.0,SPY220603C00440000,440.0,expirationDay
2022-06-06,18815.0,-5524.0,0.0,100,411.79,467.0,0,0.0,0.0,,0.0,1,1.25,1.28,SPY220617C00427000,427.0,normalDay
2022-06-07,18815.0,-5169.0,0.0,100,415.74,467.0,0,0.0,0.0,,0.0,1,1.25,1.68,SPY220617C00427000,427.0,normalDay
2022-06-08,18815.0,-5529.0,0.0,100,411.22,467.0,0,0.0,0.0,,0.0,1,1.25,0.76,SPY220617C00427000,427.0,normalDay
2022-06-09,18815.0,-6458.0,0.0,100,401.44,467.0,0,0.0,0.0,,0.0,1,1.25,0.27,SPY220617C00427000,427.0,normalDay
2022-06-10,18815.0,-7600.0,0.0,100,389.8,467.0,0,0.0,0.0,,0.0,1,1.25,0.05,SPY220617C00427000,427.0,normalDay
2022-06-13,18815.0,-9078.0,0.0,100,375.0,467.0,0,0.0,0.0,,0.0,1,1.25,0.03,SPY220617C00427000,427.0,normalDay
2022-06-14,18815.0,-9190.0,0.0,100,373.87,467.0,0,0.0,0.0,,0.0,1,1.25,0.02,SPY220617C00427000,427.0,normalDay
2022-06-15,18815.0,-8656.0,0.0,100,379.2,467.0,0,0.0,0.0,,0.0,1,1.25,0.01,SPY220617C00427000,427.0,normalDay
2022-06-16,18815.0,-9911.0,0.0,100,366.65,467.0,0,0.0,0.0,,0.0,1,1.25,0.01,SPY220617C00427000,427.0,normalDay
2022-06-17,18940.0,-10114.0,125.0,100,365.86,467.0,0,0.0,0.0,,0.0,1,1.25,0.0,SPY220617C00427000,427.0,expirationDay
2022-06-21,18940.0,-9193.0,0.0,100,375.07,467.0,0,0.0,0.0,,0.0,0,0.0,0.0,,0.0,bidTooLow
2022-06-22,18940.0,-9261.0,0.0,100,374.39,467.0,0,0.0,0.0,,0.0,0,0.0,0.0,,0.0,bidTooLow
2022-06-23,18940.0,-8894.0,0.0,100,378.06,467.0,0,0.0,0.0,,0.0,0,0.0,0.0,,0.0,bidTooLow
2022-06-24,18940.0,-7692.0,0.0,100,390.08,467.0,0,0.0,0.0,,0.0,0,0.0,0.0,,0.0,bidTooLow
2022-06-27,18940.0,-7841.0,0.0,100,388.59,467.0,0,0.0,0.0,,0.0,0,0.0,0.0,,0.0,bidTooLow
2022-06-28,18940.0,-8635.0,0.0,100,380.65,467.0,0,0.0,0.0,,0.0,0,0.0,0.0,,0.0,bidTooLow
2022-06-29,18940.0,-8666.0,0.0,100,380.34,467.0,0,0.0,0.0,,0.0,0,0.0,0.0,,0.0,bidTooLow
2022-06-30,18940.0,-8975.0,0.0,100,377.25,467.0,0,0.0,0.0,,0.0,0,0.0,0.0,,0.0,bidTooLow
2022-07-01,18940.0,-8576.0,0.0,100,381.24,467.0,0,0.0,0.0,,0.0,0,0.0,0.0,,0.0,bidTooLow
2022-07-05,18940.0,-8504.0,0.0,100,381.96,467.0,0,0.0,0.0,,0.0,0,0.0,0.0,,0.0,bidTooLow
2022-07-06,18940.0,-8378.0,0.0,100,383.25,467.0,0,0.0,0.0,,0.0,1,0.01,0.04,SPY220715C00420000,420.0,normalDay
2022-07-07,18940.0,-7803.0,0.0,100,388.99,467.0,0,0.0,0.0,,0.0,1,0.01,0.03,SPY220715C00420000,420.0,normalDay
2022-07-08,18940.0,-7834.0,0.0,100,388.67,467.0,0,0.0,0.0,,0.0,1,0.01,0.02,SPY220715C00420000,420.0,normalDay
2022-07-11,18940.0,-8278.0,0.0,100,384.23,467.0,0,0.0,0.0,,0.0,1,0.01,0.02,SPY220715C00420000,420.0,normalDay
2022-07-12,18940.0,-8617.0,0.0,100,380.83,467.0,0,0.0,0.0,,0.0,1,0.01,0.01,SPY220715C00420000,420.0,normalDay
2022-07-13,18940.0,-8817.0,0.0,100,378.83,467.0,0,0.0,0.0,,0.0,1,0.01,0.01,SPY220715C00420000,420.0,normalDay
2022-07-14,18940.0,-8909.0,0.0,100,377.91,467.0,0,0.0,0.0,,0.0,1,0.01,0.01,SPY220715C00420000,420.0,normalDay
2022-07-15,18941.0,-8187.0,1.0,100,385.13,467.0,0,0.0,0.0,,0.0,1,0.01,0.0,SPY220715C00420000,420.0,expirationDay
2022-07-18,18941.0,-8508.0,0.0,100,381.95,467.0,0,0.0,0.0,,0.0,1,1.13,1.16,SPY220729C00397500,397.5,normalDay
2022-07-19,18941.0,-7783.0,0.0,100,392.27,467.0,0,0.0,0.0,,0.0,1,1.13,4.23,SPY220729C00397500,397.5,normalDay
2022-07-20,18941.0,-7596.0,0.0,100,394.77,467.0,0,0.0,0.0,,0.0,1,1.13,4.86,SPY220729C00397500,397.5,normalDay
2022-07-21,18941.0,-7298.0,0.0,100,398.79,467.0,0,0.0,0.0,,0.0,1,1.13,5.9,SPY220729C00397500,397.5,normalDay
2022-07-22,18941.0,-7425.0,0.0,100,395.09,467.0,0,0.0,0.0,,0.0,1,1.13,3.47,SPY220729C00397500,397.5,normalDay
2022-07-25,18941.0,-7392.0,0.0,100,395.57,467.0,0,0.0,0.0,,0.0,1,1.13,3.62,SPY220729C00397500,397.5,normalDay
2022-07-26,18941.0,-7687.0,0.0,100,390.89,467.0,0,0.0,0.0,,0.0,1,1.13,1.89,SPY220729C00397500,397.5,normalDay
2022-07-27,18941.0,-6968.0,0.0,100,401.04,467.0,0,0.0,0.0,,0.0,1,1.13,4.85,SPY220729C00397500,397.5,normalDay
2022-07-28,18941.0,-6976.0,0.0,100,406.07,467.0,0,0.0,0.0,,0.0,1,1.13,9.96,SPY220729C00397500,397.5,normalDay
2022-07-29,12104.0,-6976.0,-6837.0,0,411.99,0.0,0,0.0,0.0,,0.0,1,1.13,0.0,SPY220729C00397500,397.5,expirationDay
2022-08-01,12104.0,-4.0,0.0,0,410.77,0.0,1,0.76,0.8,SPY220812P00387500,387.5,0,0.0,0.0,,0.0,normalDay
2022-08-02,12104.0,-28.0,0.0,0,408.06,0.0,1,0.76,1.04,SPY220812P00387500,387.5,0,0.0,0.0,,0.0,normalDay
2022-08-03,12104.0,43.0,0.0,0,414.45,0.0,1,0.76,0.33,SPY220812P00387500,387.5,0,0.0,0.0,,0.0,normalDay
2022-08-04,12104.0,57.0,0.0,0,414.17,0.0,1,0.76,0.19,SPY220812P00387500,387.5,0,0.0,0.0,,0.0,normalDay
2022-08-05,12104.0,62.0,0.0,0,413.47,0.0,1,0.76,0.14,SPY220812P00387500,387.5,0,0.0,0.0,,0.0,normalDay
2022-08-08,12104.0,70.0,0.0,0,412.99,0.0,1,0.76,0.06,SPY220812P00387500,387.5,0,0.0,0.0,,0.0,normalDay
2022-08-09,12104.0,70.0,0.0,0,411.35,0.0,1,0.76,0.06,SPY220812P00387500,387.5,0,0.0,0.0,,0.0,normalDay
2022-08-10,12104.0,74.0,0.0,0,419.99,0.0,1,0.76,0.02,SPY220812P00387500,387.5,0,0.0,0.0,,0.0,normalDay
2022-08-11,12104.0,75.0,0.0,0,419.99,0.0,1,0.76,0.01,SPY220812P00387500,387.5,0,0.0,0.0,,0.0,normalDay
2022-08-12,12180.0,0.0,76.0,0,427.1,0.0,1,0.76,0.0,SPY220812P00387500,387.5,0,0.0,0.0,,0.0,expirationDay
2022-08-15,12180.0,-3.0,0.0,0,428.86,0.0,1,0.41,0.44,SPY220826P00404000,404.0,0,0.0,0.0,,0.0,normalDay
2022-08-16,12180.0,4.0,0.0,0,429.7,0.0,1,0.41,0.37,SPY220826P00404000,404.0,0,0.0,0.0,,0.0,normalDay
2022-08-17,12180.0,6.0,0.0,0,426.65,0.0,1,0.41,0.35,SPY220826P00404000,404.0,0,0.0,0.0,,0.0,normalDay
2022-08-18,12180.0,21.0,0.0,0,427.89,0.0,1,0.41,0.2,SPY220826P00404000,404.0,0,0.0,0.0,,0.0,normalDay
2022-08-19,12180.0,11.0,0.0,0,422.14,0.0,1,0.41,0.3,SPY220826P00404000,404.0,0,0.0,0.0,,0.0,normalDay
2022-08-22,12180.0,-66.0,0.0,0,413.35,0.0,1,0.41,1.07,SPY220826P00404000,404.0,0,0.0,0.0,,0.0,normalDay
2022-08-23,12180.0,-68.0,0.0,0,412.35,0.0,1,0.41,1.09,SPY220826P00404000,404.0,0,0.0,0.0,,0.0,normalDay
2022-08-24,12180.0,0.0,0.0,0,413.67,0.0,1,0.41,0.41,SPY220826P00404000,404.0,0,0.0,0.0,,0.0,normalDay
2022-08-25,12180.0,34.0,0.0,0,419.51,0.0,1,0.41,0.07,SPY220826P00404000,404.0,0,0.0,0.0,,0.0,normalDay
2022-08-26,12221.0,0.0,41.0,0,405.31,0.0,1,0.41,0.0,SPY220826P00404000,404.0,0,0.0,0.0,,0.0,expirationDay
2022-08-29,12221.0,-13.0,0.0,0,402.63,0.0,1,12.92,13.05,SPY220909P00414000,414.0,0,0.0,0.0,,0.0,normalDay
2022-08-30,12221.0,-355.0,0.0,0,398.21,0.0,1,12.92,16.47,SPY220909P00414000,414.0,0,0.0,0.0,,0.0,normalDay
2022-08-31,12221.0,-604.0,0.0,0,395.18,0.0,1,12.92,18.96,SPY220909P00414000,414.0,0,0.0,0.0,,0.0,normalDay
2022-09-01,12221.0,-501.0,0.0,0,396.42,0.0,1,12.92,17.93,SPY220909P00414000,414.0,0,0.0,0.0,,0.0,normalDay
2022-09-02,12221.0,-849.0,0.0,0,392.24,0.0,1,12.92,21.41,SPY220909P00414000,414.0,0,0.0,0.0,,0.0,normalDay
2022-09-06,12221.0,-1089.0,0.0,0,390.76,0.0,1,12.92,23.81,SPY220909P00414000,414.0,0,0.0,0.0,,0.0,normalDay
2022-09-07,12221.0,-374.0,0.0,0,397.78,0.0,1,12.92,16.66,SPY220909P00414000,414.0,0,0.0,0.0,,0.0,normalDay
2022-09-08,12221.0,-41.0,0.0,0,400.38,0.0,1,12.92,13.33,SPY220909P00414000,414.0,0,0.0,0.0,,0.0,normalDay
2022-09-09,13513.0,-740.0,1292.0,100,406.6,414.0,1,12.92,0.0,SPY220909P00414000,414.0,0,0.0,0.0,,0.0,expirationDay
2022-09-12,13513.0,-306.0,0.0,100,410.97,414.0,0,0.0,0.0,,0.0,1,0.05,0.08,SPY220923C00446000,446.0,normalDay
2022-09-13,13513.0,-2087.0,0.0,100,393.1,414.0,0,0.0,0.0,,0.0,1,0.05,0.02,SPY220923C00446000,446.0,normalDay
2022-09-14,13513.0,-1937.0,0.0,100,394.6,414.0,0,0.0,0.0,,0.0,1,0.05,0.02,SPY220923C00446000,446.0,normalDay
2022-09-15,13513.0,-2384.0,0.0,100,390.12,414.0,0,0.0,0.0,,0.0,1,0.05,0.01,SPY220923C00446000,446.0,normalDay
2022-09-16,13513.0,-2840.0,0.0,100,385.56,414.0,0,0.0,0.0,,0.0,1,0.05,0.01,SPY220923C00446000,446.0,normalDay
2022-09-19,13513.0,-2541.0,0.0,100,388.55,414.0,0,0.0,0.0,,0.0,1,0.05,0.01,SPY220923C00446000,446.0,normalDay
2022-09-20,13513.0,-2987.0,0.0,100,384.09,414.0,0,0.0,0.0,,0.0,1,0.05,0.01,SPY220923C00446000,446.0,normalDay
2022-09-21,13513.0,-3657.0,0.0,100,377.39,414.0,0,0.0,0.0,,0.0,1,0.05,0.01,SPY220923C00446000,446.0,normalDay
2022-09-22,13513.0,-3974.0,0.0,100,374.22,414.0,0,0.0,0.0,,0.0,1,0.05,0.01,SPY220923C00446000,446.0,normalDay
2022-09-23,13518.0,-4605.0,5.0,100,367.95,414.0,0,0.0,0.0,,0.0,1,0.05,0.0,SPY220923C00446000,446.0,expirationDay
2022-09-26,13518.0,-4969.0,0.0,100,364.31,414.0,0,0.0,0.0,,0.0,0,0.0,0.0,,0.0,bidTooLow
2022-09-27,13518.0,-5062.0,0.0,100,363.38,414.0,0,0.0,0.0,,0.0,0,0.0,0.0,,0.0,bidTooLow
2022-09-28,13518.0,-4347.0,0.0,100,370.53,414.0,0,0.0,0.0,,0.0,0,0.0,0.0,,0.0,bidTooLow
2022-09-29,13518.0,-5121.0,0.0,100,362.79,414.0,0,0.0,0.0,,0.0,0,0.0,0.0,,0.0,bidTooLow
2022-09-30,13518.0,-5682.0,0.0,100,357.18,414.0,0,0.0,0.0,,0.0,0,0.0,0.0,,0.0,bidTooLow
2022-10-03,13518.0,-4739.0,0.0,100,366.61,414.0,0,0.0,0.0,,0.0,0,0.0,0.0,,0.0,bidTooLow
2022-10-04,13518.0,-3606.0,0.0,100,377.97,414.0,0,0.0,0.0,,0.0,1,0.01,0.04,SPY221014C00426000,426.0,normalDay
2022-10-05,13518.0,-3692.0,0.0,100,377.09,414.0,0,0.0,0.0,,0.0,1,0.01,0.02,SPY221014C00426000,426.0,normalDay
2022-10-06,13518.0,-4081.0,0.0,100,373.2,414.0,0,0.0,0.0,,0.0,1,0.01,0.02,SPY221014C00426000,426.0,normalDay
2022-10-07,13518.0,-5121.0,0.0,100,362.79,414.0,0,0.0,0.0,,0.0,1,0.01,0.01,SPY221014C00426000,426.0,normalDay
2022-10-10,13518.0,-5398.0,0.0,100,360.02,414.0,0,0.0,0.0,,0.0,1,0.01,0.01,SPY221014C00426000,426.0,normalDay
2022-10-11,13518.0,-5626.0,0.0,100,357.74,414.0,0,0.0,0.0,,0.0,1,0.01,0.01,SPY221014C00426000,426.0,normalDay
2022-10-12,13518.0,-5744.0,0.0,100,356.56,414.0,0,0.0,0.0,,0.0,1,0.01,0.01,SPY221014C00426000,426.0,normalDay
2022-10-13,13518.0,-4803.0,0.0,100,365.97,414.0,0,0.0,0.0,,0.0,1,0.01,0.01,SPY221014C00426000,426.0,normalDay
2022-10-14,13519.0,-5637.0,1.0,100,357.63,414.0,0,0.0,0.0,,0.0,1,0.01,0.0,SPY221014C00426000,426.0,expirationDay
2022-10-17,13519.0,-4721.0,0.0,100,366.82,414.0,0,0.0,0.0,,0.0,1,0.78,0.81,SPY221028C00390000,390.0,normalDay
2022-10-18,13519.0,-4328.0,0.0,100,371.13,414.0,0,0.0,0.0,,0.0,1,0.78,1.19,SPY221028C00390000,390.0,normalDay
2022-10-19,13519.0,-4532.0,0.0,100,368.5,414.0,0,0.0,0.0,,0.0,1,0.78,0.6,SPY221028C00390000,390.0,normalDay
2022-10-20,13519.0,-4806.0,0.0,100,365.41,414.0,0,0.0,0.0,,0.0,1,0.78,0.25,SPY221028C00390000,390.0,normalDay
2022-10-21,13519.0,-3983.0,0.0,100,374.29,414.0,0,0.0,0.0,,0.0,1,0.78,0.9,SPY221028C00390000,390.0,normalDay
2022-10-24,13519.0,-3559.0,0.0,100,378.87,414.0,0,0.0,0.0,,0.0,1,0.78,1.24,SPY221028C00390000,390.0,normalDay
2022-10-25,13519.0,-2986.0,0.0,100,384.92,414.0,0,0.0,0.0,,0.0,1,0.78,1.56,SPY221028C00390000,390.0,normalDay
2022-10-26,13519.0,-3191.0,0.0,100,382.02,414.0,0,0.0,0.0,,0.0,1,0.78,0.71,SPY221028C00390000,390.0,normalDay
2022-10-27,13519.0,-3328.0,0.0,100,379.98,414.0,0,0.0,0.0,,0.0,1,0.78,0.04,SPY221028C00390000,390.0,normalDay
2022-10-28,13597.0,-2498.0,78.0,100,389.02,414.0,0,0.0,0.0,,0.0,1,0.78,0.0,SPY221028C00390000,390.0,expirationDay
2022-10-31,13597.0,-2783.0,0.0,100,386.21,414.0,0,0.0,0.0,,0.0,1,2.66,2.7,SPY221111C00400000,400.0,normalDay
2022-11-01,13597.0,-2887.0,0.0,100,384.52,414.0,0,0.0,0.0,,0.0,1,2.66,2.05,SPY221111C00400000,400.0,normalDay
2022-11-02,13597.0,-3697.0,0.0,100,374.87,414.0,0,0.0,0.0,,0.0,1,2.66,0.5,SPY221111C00400000,400.0,normalDay
2022-11-03,13597.0,-4054.0,0.0,100,371.01,414.0,0,0.0,0.0,,0.0,1,2.66,0.21,SPY221111C00400000,400.0,normalDay
2022-11-04,13597.0,-3525.0,0.0,100,376.35,414.0,0,0.0,0.0,,0.0,1,2.66,0.26,SPY221111C00400000,400.0,normalDay
2022-11-07,13597.0,-3163.0,0.0,100,379.95,414.0,0,0.0,0.0,,0.0,1,2.66,0.24,SPY221111C00400000,400.0,normalDay
2022-11-08,13597.0,-2966.0,0.0,100,382.0,414.0,0,0.0,0.0,,0.0,1,2.66,0.32,SPY221111C00400000,400.0,normalDay
2022-11-09,13597.0,-3725.0,0.0,100,374.13,414.0,0,0.0,0.0,,0.0,1,2.66,0.04,SPY221111C00400000,400.0,normalDay
2022-11-10,13597.0,-1723.0,0.0,100,394.69,414.0,0,0.0,0.0,,0.0,1,2.66,0.58,SPY221111C00400000,400.0,normalDay
2022-11-11,13863.0,-1549.0,266.0,100,398.51,414.0,0,0.0,0.0,,0.0,1,2.66,0.0,SPY221111C00400000,400.0,expirationDay
2022-11-14,13863.0,-1891.0,0.0,100,395.12,414.0,0,0.0,0.0,,0.0,1,1.67,1.7,SPY221125C00406000,406.0,normalDay
2022-11-15,13863.0,-1618.0,0.0,100,398.49,414.0,0,0.0,0.0,,0.0,1,1.67,2.34,SPY221125C00406000,406.0,normalDay
2022-11-16,13863.0,-1798.0,0.0,100,395.45,414.0,0,0.0,0.0,,0.0,1,1.67,1.1,SPY221125C00406000,406.0,normalDay
2022-11-17,13863.0,-1875.0,0.0,100,394.24,414.0,0,0.0,0.0,,0.0,1,1.67,0.66,SPY221125C00406000,406.0,normalDay
2022-11-18,13863.0,-1677.0,0.0,100,396.03,414.0,0,0.0,0.0,,0.0,1,1.67,0.47,SPY221125C00406000,406.0,normalDay
2022-11-21,13863.0,-1785.0,0.0,100,394.59,414.0,0,0.0,0.0,,0.0,1,1.67,0.11,SPY221125C00406000,406.0,normalDay
2022-11-22,13863.0,-1270.0,0.0,100,399.9,414.0,0,0.0,0.0,,0.0,1,1.67,0.27,SPY221125C00406000,406.0,normalDay
2022-11-23,13863.0,-1004.0,0.0,100,402.42,414.0,0,0.0,0.0,,0.0,1,1.67,0.13,SPY221125C00406000,406.0,normalDay
2022-11-25,14030.0,-1167.0,167.0,100,402.33,414.0,0,0.0,0.0,,0.0,1,1.67,0.0,SPY221125C00406000,406.0,expirationDay
2022-11-28,14030.0,-1812.0,0.0,100,395.91,414.0,0,0.0,0.0,,0.0,1,0.11,0.14,SPY221209C00418000,418.0,normalDay
2022-11-29,14030.0,-1876.0,0.0,100,395.23,414.0,0,0.0,0.0,,0.0,1,0.11,0.1,SPY221209C00418000,418.0,normalDay
2022-11-30,14030.0,-724.0,0.0,100,407.68,414.0,0,0.0,0.0,,0.0,1,0.11,1.03,SPY221209C00418000,418.0,normalDay
2022-12-01,14030.0,-714.0,0.0,100,407.38,414.0,0,0.0,0.0,,0.0,1,0.11,0.63,SPY221209C00418000,418.0,normalDay
2022-12-02,14030.0,-720.0,0.0,100,406.91,414.0,0,0.0,0.0,,0.0,1,0.11,0.22,SPY221209C00418000,418.0,normalDay
2022-12-05,14030.0,-1434.0,0.0,100,399.59,414.0,0,0.0,0.0,,0.0,1,0.11,0.04,SPY221209C00418000,418.0,normalDay
2022-12-06,14030.0,-2008.0,0.0,100,393.83,414.0,0,0.0,0.0,,0.0,1,0.11,0.02,SPY221209C00418000,418.0,normalDay
2022-12-07,14030.0,-2074.0,0.0,100,393.16,414.0,0,0.0,0.0,,0.0,1,0.11,0.01,SPY221209C00418000,418.0,normalDay
2022-12-08,14030.0,-1766.0,0.0,100,396.24,414.0,0,0.0,0.0,,0.0,1,0.11,0.01,SPY221209C00418000,418.0,normalDay
2022-12-09,14041.0,-2072.0,11.0,100,393.28,414.0,0,0.0,0.0,,0.0,1,0.11,0.0,SPY221209C00418000,418.0,expirationDay
2022-12-12,14041.0,-1509.0,0.0,100,398.95,414.0,0,0.0,0.0,,0.0,1,1.99,2.03,SPY221223C00412000,412.0,normalDay
2022-12-13,14041.0,-1189.0,0.0,100,401.97,414.0,0,0.0,0.0,,0.0,1,1.99,1.85,SPY221223C00412000,412.0,normalDay
2022-12-14,14041.0,-1328.0,0.0,100,399.4,414.0,0,0.0,0.0,,0.0,1,1.99,0.67,SPY221223C00412000,412.0,normalDay
2022-12-15,14041.0,-2249.0,0.0,100,389.63,414.0,0,0.0,0.0,,0.0,1,1.99,0.11,SPY221223C00412000,412.0,normalDay
2022-12-16,14041.0,-2878.0,0.0,100,383.27,414.0,0,0.0,0.0,,0.0,1,1.99,0.04,SPY221223C00412000,412.0,normalDay
2022-12-19,14041.0,-3201.0,0.0,100,380.02,414.0,0,0.0,0.0,,0.0,1,1.99,0.02,SPY221223C00412000,412.0,normalDay
2022-12-20,14041.0,-3148.0,0.0,100,380.54,414.0,0,0.0,0.0,,0.0,1,1.99,0.01,SPY221223C00412000,412.0,normalDay
2022-12-21,14041.0,-2579.0,0.0,100,386.23,414.0,0,0.0,0.0,,0.0,1,1.99,0.01,SPY221223C00412000,412.0,normalDay
2022-12-22,14041.0,-3130.0,0.0,100,380.72,414.0,0,0.0,0.0,,0.0,1,1.99,0.01,SPY221223C00412000,412.0,normalDay
2022-12-23,14240.0,-3109.0,199.0,100,382.91,414.0,0,0.0,0.0,,0.0,1,1.99,0.0,SPY221223C00412000,412.0,expirationDay
2022-12-27,14240.0,-3260.0,0.0,100,381.4,414.0,0,0.0,0.0,,0.0,0,0.0,0.0,,0.0,bidTooLow
2022-12-28,14240.0,-3734.0,0.0,100,376.66,414.0,0,0.0,0.0,,0.0,0,0.0,0.0,,0.0,bidTooLow
2022-12-29,14240.0,-3056.0,0.0,100,383.44,414.0,0,0.0,0.0,,0.0,0,0.0,0.0,,0.0,bidTooLow
2022-12-30,14240.0,-3157.0,0.0,100,382.43,414.0,0,0.0,0.0,,0.0,0,0.0,0.0,,0.0,bidTooLow
2023-01-03,14240.0,-3321.0,0.0,100,380.82,414.0,0,0.0,0.0,,0.0,1,0.05,0.08,SPY230113C00411000,411.0,normalDay
2023-01-04,14240.0,-3029.0,0.0,100,383.76,414.0,0,0.0,0.0,,0.0,1,0.05,0.1,SPY230113C00411000,411.0,normalDay
2023-01-05,14240.0,-3462.0,0.0,100,379.38,414.0,0,0.0,0.0,,0.0,1,0.05,0.05,SPY230113C00411000,411.0,normalDay
2023-01-06,14240.0,-2594.0,0.0,100,388.08,414.0,0,0.0,0.0,,0.0,1,0.05,0.07,SPY230113C00411000,411.0,normalDay
2023-01-09,14240.0,-2615.0,0.0,100,387.86,414.0,0,0.0,0.0,,0.0,1,0.05,0.06,SPY230113C00411000,411.0,normalDay
2023-01-10,14240.0,-2343.0,0.0,100,390.58,414.0,0,0.0,0.0,,0.0,1,0.05,0.06,SPY230113C00411000,411.0,normalDay
2023-01-11,14240.0,-1860.0,0.0,100,395.52,414.0,0,0.0,0.0,,0.0,1,0.05,0.17,SPY230113C00411000,411.0,normalDay
2023-01-12,14240.0,-1700.0,0.0,100,396.96,414.0,0,0.0,0.0,,0.0,1,0.05,0.01,SPY230113C00411000,411.0,normalDay
2023-01-13,14245.0,-1550.0,5.0,100,398.5,414.0,0,0.0,0.0,,0.0,1,0.05,0.0,SPY230113C00411000,411.0,expirationDay
2023-01-17,14245.0,-1626.0,0.0,100,397.77,414.0,0,0.0,0.0,,0.0,1,1.35,1.38,SPY230127C00405000,405.0,normalDay
2023-01-18,14245.0,-2148.0,0.0,100,391.49,414.0,0,0.0,0.0,,0.0,1,1.35,0.32,SPY230127C00405000,405.0,normalDay
2023-01-19,14245.0,-2414.0,0.0,100,388.64,414.0,0,0.0,0.0,,0.0,1,1.35,0.13,SPY230127C00405000,405.0,normalDay
2023-01-20,14245.0,-1725.0,0.0,100,395.88,414.0,0,0.0,0.0,,0.0,1,1.35,0.48,SPY230127C00405000,405.0,normalDay
2023-01-23,14245.0,-1327.0,0.0,100,400.63,414.0,0,0.0,0.0,,0.0,1,1.35,1.25,SPY230127C00405000,405.0,normalDay
2023-01-24,14245.0,-1365.0,0.0,100,400.2,414.0,0,0.0,0.0,,0.0,1,1.35,1.2,SPY230127C00405000,405.0,normalDay
2023-01-25,14245.0,-1296.0,0.0,100,400.35,414.0,0,0.0,0.0,,0.0,1,1.35,0.66,SPY230127C00405000,405.0,normalDay
2023-01-26,14245.0,-935.0,0.0,100,404.75,414.0,0,0.0,0.0,,0.0,1,1.35,1.45,SPY230127C00405000,405.0,normalDay
2023-01-27,13480.0,-935.0,-765.0,0,405.68,0.0,0,0.0,0.0,,0.0,1,1.35,0.0,SPY230127C00405000,405.0,expirationDay
2023-01-30,13480.0,-3.0,0.0,0,400.59,0.0,1,1.94,1.97,SPY230210P00390000,390.0,0,0.0,0.0,,0.0,normalDay
2023-01-31,13480.0,88.0,0.0,0,406.48,0.0,1,1.94,1.06,SPY230210P00390000,390.0,0,0.0,0.0,,0.0,normalDay
2023-02-01,13480.0,158.0,0.0,0,410.8,0.0,1,1.94,0.36,SPY230210P00390000,390.0,0,0.0,0.0,,0.0,normalDay
2023-02-02,13480.0,171.0,0.0,0,416.78,0.0,1,1.94,0.23,SPY230210P00390000,390.0,0,0.0,0.0,,0.0,normalDay
2023-02-03,13480.0,183.0,0.0,0,412.35,0.0,1,1.94,0.11,SPY230210P00390000,390.0,0,0.0,0.0,,0.0,normalDay
2023-02-06,13480.0,187.0,0.0,0,409.83,0.0,1,1.94,0.07,SPY230210P00390000,390.0,0,0.0,0.0,,0.0,normalDay
2023-02-07,13480.0,190.0,0.0,0,415.19,0.0,1,1.94,0.04,SPY230210P00390000,390.0,0,0.0,0.0,,0.0,normalDay
2023-02-08,13480.0,191.0,0.0,0,410.65,0.0,1,1.94,0.03,SPY230210P00390000,390.0,0,0.0,0.0,,0.0,normalDay
2023-02-09,13480.0,191.0,0.0,0,407.09,0.0,1,1.94,0.03,SPY230210P00390000,390.0,0,0.0,0.0,,0.0,normalDay
2023-02-10,13674.0,0.0,194.0,0,408.04,0.0,1,1.94,0.0,SPY230210P00390000,390.0,0,0.0,0.0,,0.0,expirationDay
2023-02-13,13674.0,-3.0,0.0,0,412.83,0.0,1,2.03,2.06,SPY230224P00402000,402.0,0,0.0,0.0,,0.0,normalDay
2023-02-14,13674.0,59.0,0.0,0,412.64,0.0,1,2.03,1.44,SPY230224P00402000,402.0,0,0.0,0.0,,0.0,normalDay
2023-02-15,13674.0,124.0,0.0,0,413.98,0.0,1,2.03,0.79,SPY230224P00402000,402.0,0,0.0,0.0,,0.0,normalDay
2023-02-16,13674.0,-4.0,0.0,0,408.28,0.0,1,2.03,2.07,SPY230224P00402000,402.0,0,0.0,0.0,,0.0,normalDay
2023-02-17,13674.0,40.0,0.0,0,407.26,0.0,1,2.03,1.63,SPY230224P00402000,402.0,0,0.0,0.0,,0.0,normalDay
2023-02-21,13674.0,-248.0,0.0,0,399.09,0.0,1,2.03,4.51,SPY230224P00402000,402.0,0,0.0,0.0,,0.0,normalDay
2023-02-22,13674.0,-228.0,0.0,0,398.54,0.0,1,2.03,4.31,SPY230224P00402000,402.0,0,0.0,0.0,,0.0,normalDay
2023-02-23,13674.0,-58.0,0.0,0,400.66,0.0,1,2.03,2.61,SPY230224P00402000,402.0,0,0.0,0.0,,0.0,normalDay
2023-02-24,13877.0,-562.0,203.0,100,396.38,402.0,1,2.03,0.0,SPY230224P00402000,402.0,0,0.0,0.0,,0.0,expirationDay
2023-02-27,13877.0,-430.0,0.0,100,397.73,402.0,0,0.0,0.0,,0.0,1,0.03,0.06,SPY230310C00425000,425.0,normalDay
2023-02-28,13877.0,-574.0,0.0,100,396.26,402.0,0,0.0,0.0,,0.0,1,0.03,0.03,SPY230310C00425000,425.0,normalDay
2023-03-01,13877.0,-725.0,0.0,100,394.74,402.0,0,0.0,0.0,,0.0,1,0.03,0.02,SPY230310C00425000,425.0,normalDay
2023-03-02,13877.0,-418.0,0.0,100,397.81,402.0,0,0.0,0.0,,0.0,1,0.03,0.02,SPY230310C00425000,425.0,normalDay
2023-03-03,13877.0,218.0,0.0,100,404.19,402.0,0,0.0,0.0,,0.0,1,0.03,0.04,SPY230310C00425000,425.0,normalDay
2023-03-06,13877.0,247.0,0.0,100,404.47,402.0,0,0.0,0.0,,0.0,1,0.03,0.03,SPY230310C00425000,425.0,normalDay
2023-03-07,13877.0,-371.0,0.0,100,398.27,402.0,0,0.0,0.0,,0.0,1,0.03,0.01,SPY230310C00425000,425.0,normalDay
2023-03-08,13877.0,-306.0,0.0,100,398.92,402.0,0,0.0,0.0,,0.0,1,0.03,0.01,SPY230310C00425000,425.0,normalDay
2023-03-09,13877.0,-1042.0,0.0,100,391.56,402.0,0,0.0,0.0,,0.0,1,0.03,0.01,SPY230310C00425000,425.0,normalDay
2023-03-10,13880.0,-1609.0,3.0,100,385.91,402.0,0,0.0,0.0,,0.0,1,0.03,0.0,SPY230310C00425000,425.0,expirationDay
2023-03-13,13880.0,-1667.0,0.0,100,385.36,402.0,0,0.0,0.0,,0.0,1,0.03,0.06,SPY230324C00423000,423.0,normalDay
2023-03-14,13880.0,-1028.0,0.0,100,391.73,402.0,0,0.0,0.0,,0.0,1,0.03,0.04,SPY230324C00423000,423.0,normalDay
2023-03-15,13880.0,-1272.0,0.0,100,389.28,402.0,0,0.0,0.0,,0.0,1,0.03,0.03,SPY230324C00423000,423.0,normalDay
2023-03-16,13880.0,-591.0,0.0,100,396.11,402.0,0,0.0,0.0,,0.0,1,0.03,0.05,SPY230324C00423000,423.0,normalDay
2023-03-17,13880.0,-1200.0,0.0,100,389.99,402.0,0,0.0,0.0,,0.0,1,0.03,0.02,SPY230324C00423000,423.0,normalDay
2023-03-20,13880.0,-825.0,0.0,100,393.74,402.0,0,0.0,0.0,,0.0,1,0.03,0.02,SPY230324C00423000,423.0,normalDay
2023-03-21,13880.0,-308.0,0.0,100,398.91,402.0,0,0.0,0.0,,0.0,1,0.03,0.02,SPY230324C00423000,423.0,normalDay
2023-03-22,13880.0,-987.0,0.0,100,392.11,402.0,0,0.0,0.0,,0.0,1,0.03,0.01,SPY230324C00423000,423.0,normalDay
2023-03-23,13880.0,-881.0,0.0,100,393.17,402.0,0,0.0,0.0,,0.0,1,0.03,0.01,SPY230324C00423000,423.0,normalDay
2023-03-24,13883.0,-625.0,3.0,100,395.75,402.0,0,0.0,0.0,,0.0,1,0.03,0.0,SPY230324C00423000,423.0,expirationDay
2023-03-27,13883.0,-554.0,0.0,100,396.49,402.0,0,0.0,0.0,,0.0,1,0.61,0.64,SPY230406C00409000,409.0,normalDay
2023-03-28,13883.0,-620.0,0.0,100,395.6,402.0,0,0.0,0.0,,0.0,1,0.61,0.41,SPY230406C00409000,409.0,normalDay
2023-03-29,13883.0,-101.0,0.0,100,401.35,402.0,0,0.0,0.0,,0.0,1,0.61,0.97,SPY230406C00409000,409.0,normalDay
2023-03-30,13883.0,107.0,0.0,100,403.7,402.0,0,0.0,0.0,,0.0,1,0.61,1.24,SPY230406C00409000,409.0,normalDay
2023-03-31,13883.0,461.0,0.0,100,409.39,402.0,0,0.0,0.0,,0.0,1,0.61,3.39,SPY230406C00409000,409.0,normalDay
2023-04-03,13883.0,597.0,0.0,100,410.95,402.0,0,0.0,0.0,,0.0,1,0.61,3.59,SPY230406C00409000,409.0,normalDay
2023-04-04,13883.0,544.0,0.0,100,408.67,402.0,0,0.0,0.0,,0.0,1,0.61,1.84,SPY230406C00409000,409.0,normalDay
2023-04-05,13883.0,553.0,0.0,100,407.6,402.0,0,0.0,0.0,,0.0,1,0.61,0.68,SPY230406C00409000,409.0,normalDay
2023-04-06,14644.0,553.0,761.0,0,409.19,0.0,0,0.0,0.0,,0.0,1,0.61,0.0,SPY230406C00409000,409.0,expirationDay
2023-04-10,14644.0,-3.0,0.0,0,409.61,0.0,1,0.89,0.92,SPY230421P00396000,396.0,0,0.0,0.0,,0.0,normalDay
2023-04-11,14644.0,9.0,0.0,0,409.72,0.0,1,0.89,0.8,SPY230421P00396000,396.0,0,0.0,0.0,,0.0,normalDay
2023-04-12,14644.0,7.0,0.0,0,408.05,0.0,1,0.89,0.82,SPY230421P00396000,396.0,0,0.0,0.0,,0.0,normalDay
2023-04-13,14644.0,61.0,0.0,0,413.47,0.0,1,0.89,0.28,SPY230421P00396000,396.0,0,0.0,0.0,,0.0,normalDay
2023-04-14,14644.0,72.0,0.0,0,412.46,0.0,1,0.89,0.17,SPY230421P00396000,396.0,0,0.0,0.0,,0.0,normalDay
2023-04-17,14644.0,80.0,0.0,0,413.94,0.0,1,0.89,0.09,SPY230421P00396000,396.0,0,0.0,0.0,,0.0,normalDay
2023-04-18,14644.0,80.0,0.0,0,414.21,0.0,1,0.89,0.09,SPY230421P00396000,396.0,0,0.0,0.0,,0.0,normalDay
2023-04-19,14644.0,83.0,0.0,0,414.14,0.0,1,0.89,0.06,SPY230421P00396000,396.0,0,0.0,0.0,,0.0,normalDay
2023-04-20,14644.0,86.0,0.0,0,411.88,0.0,1,0.89,0.03,SPY230421P00396000,396.0,0,0.0,0.0,,0.0,normalDay
2023-04-21,14733.0,0.0,89.0,0,412.2,0.0,1,0.89,0.0,SPY230421P00396000,396.0,0,0.0,0.0,,0.0,expirationDay
2023-04-24,14733.0,-3.0,0.0,0,412.63,0.0,1,2.4,2.43,SPY230505P00407000,407.0,0,0.0,0.0,,0.0,normalDay
2023-04-25,14733.0,-219.0,0.0,0,406.08,0.0,1,2.4,4.59,SPY230505P00407000,407.0,0,0.0,0.0,,0.0,normalDay
2023-04-26,14733.0,-328.0,0.0,0,404.36,0.0,1,2.4,5.68,SPY230505P00407000,407.0,0,0.0,0.0,,0.0,normalDay
2023-04-27,14733.0,61.0,0.0,0,412.41,0.0,1,2.4,1.79,SPY230505P00407000,407.0,0,0.0,0.0,,0.0,normalDay
2023-04-28,14733.0,154.0,0.0,0,415.93,0.0,1,2.4,0.86,SPY230505P00407000,407.0,0,0.0,0.0,,0.0,normalDay
2023-05-01,14733.0,182.0,0.0,0,415.51,0.0,1,2.4,0.58,SPY230505P00407000,407.0,0,0.0,0.0,,0.0,normalDay
2023-05-02,14733.0,78.0,0.0,0,410.84,0.0,1,2.4,1.62,SPY230505P00407000,407.0,0,0.0,0.0,,0.0,normalDay
2023-05-03,14733.0,56.0,0.0,0,408.02,0.0,1,2.4,1.84,SPY230505P00407000,407.0,0,0.0,0.0,,0.0,normalDay
2023-05-04,14733.0,-85.0,0.0,0,405.13,0.0,1,2.4,3.25,SPY230505P00407000,407.0,0,0.0,0.0,,0.0,normalDay
2023-05-05,14973.0,0.0,240.0,0,412.63,0.0,1,2.4,0.0,SPY230505P00407000,407.0,0,0.0,0.0,,0.0,expirationDay
2023-05-08,14973.0,-3.0,0.0,0,412.74,0.0,1,2.71,2.74,SPY230519P00410000,410.0,0,0.0,0.0,,0.0,normalDay
2023-05-09,14973.0,-65.0,0.0,0,410.93,0.0,1,2.71,3.36,SPY230519P00410000,410.0,0,0.0,0.0,,0.0,normalDay
2023-05-10,14973.0,60.0,0.0,0,412.85,0.0,1,2.71,2.11,SPY230519P00410000,410.0,0,0.0,0.0,,0.0,normalDay
2023-05-11,14973.0,56.0,0.0,0,412.13,0.0,1,2.71,2.15,SPY230519P00410000,410.0,0,0.0,0.0,,0.0,normalDay
2023-05-12,14973.0,59.0,0.0,0,411.59,0.0,1,2.71,2.12,SPY230519P00410000,410.0,0,0.0,0.0,,0.0,normalDay
2023-05-15,14973.0,158.0,0.0,0,413.01,0.0,1,2.71,1.13,SPY230519P00410000,410.0,0,0.0,0.0,,0.0,normalDay
2023-05-16,14973.0,77.0,0.0,0,410.25,0.0,1,2.71,1.94,SPY230519P00410000,410.0,0,0.0,0.0,,0.0,normalDay
2023-05-17,14973.0,231.0,0.0,0,415.23,0.0,1,2.71,0.4,SPY230519P00410000,410.0,0,0.0,0.0,,0.0,normalDay
2023-05-18,14973.0,263.0,0.0,0,419.23,0.0,1,2.71,0.08,SPY230519P00410000,410.0,0,0.0,0.0,,0.0,normalDay
2023-05-19,15244.0,0.0,271.0,0,418.62,0.0,1,2.71,0.0,SPY230519P00410000,410.0,0,0.0,0.0,,0.0,expirationDay
2023-05-22,15244.0,-4.0,0.0,0,418.79,0.0,1,1.54,1.58,SPY230602P00411000,411.0,0,0.0,0.0,,0.0,normalDay
2023-05-23,15244.0,-132.0,0.0,0,414.09,0.0,1,1.54,2.86,SPY230602P00411000,411.0,0,0.0,0.0,,0.0,normalDay
2023-05-24,15244.0,-245.0,0.0,0,411.09,0.0,1,1.54,3.99,SPY230602P00411000,411.0,0,0.0,0.0,,0.0,normalDay
2023-05-25,15244.0,-89.0,0.0,0,414.65,0.0,1,1.54,2.43,SPY230602P00411000,411.0,0,0.0,0.0,,0.0,normalDay
2023-05-26,15244.0,54.0,0.0,0,420.02,0.0,1,1.54,1.0,SPY230602P00411000,411.0,0,0.0,0.0,,0.0,normalDay
2023-05-30,15244.0,122.0,0.0,0,420.18,0.0,1,1.54,0.32,SPY230602P00411000,411.0,0,0.0,0.0,,0.0,normalDay
2023-05-31,15244.0,120.0,0.0,0,417.85,0.0,1,1.54,0.34,SPY230602P00411000,411.0,0,0.0,0.0,,0.0,normalDay
2023-06-01,15244.0,148.0,0.0,0,421.82,0.0,1,1.54,0.06,SPY230602P00411000,411.0,0,0.0,0.0,,0.0,normalDay
2023-06-02,15398.0,0.0,154.0,0,427.92,0.0,1,1.54,0.0,SPY230602P00411000,411.0,0,0.0,0.0,,0.0,expirationDay
2023-06-05,15398.0,-3.0,0.0,0,427.1,0.0,1,0.78,0.81,SPY230616P00414000,414.0,0,0.0,0.0,,0.0,normalDay
2023-06-06,15398.0,17.0,0.0,0,428.03,0.0,1,0.78,0.61,SPY230616P00414000,414.0,0,0.0,0.0,,0.0,normalDay
2023-06-07,15398.0,16.0,0.0,0,426.55,0.0,1,0.78,0.62,SPY230616P00414000,414.0,0,0.0,0.0,,0.0,normalDay
2023-06-08,15398.0,39.0,0.0,0,429.13,0.0,1,0.78,0.39,SPY230616P00414000,414.0,0,0.0,0.0,,0.0,normalDay
2023-06-09,15398.0,49.0,0.0,0,429.9,0.0,1,0.78,0.29,SPY230616P00414000,414.0,0,0.0,0.0,,0.0,normalDay
2023-06-12,15398.0,58.0,0.0,0,433.8,0.0,1,0.78,0.2,SPY230616P00414000,414.0,0,0.0,0.0,,0.0,normalDay
2023-06-13,15398.0,66.0,0.0,0,436.66,0.0,1,0.78,0.12,SPY230616P00414000,414.0,0,0.0,0.0,,0.0,normalDay
2023-06-14,15398.0,71.0,0.0,0,437.18,0.0,1,0.78,0.07,SPY230616P00414000,414.0,0,0.0,0.0,,0.0,normalDay
2023-06-15,15398.0,73.0,0.0,0,442.6,0.0,1,0.78,0.05,SPY230616P00414000,414.0,0,0.0,0.0,,0.0,normalDay
2023-06-16,15476.0,0.0,78.0,0,439.46,0.0,1,0.78,0.0,SPY230616P00414000,414.0,0,0.0,0.0,,0.0,expirationDay
2023-06-20,15476.0,-3.0,0.0,0,437.18,0.0,1,0.33,0.36,SPY230630P00423000,423.0,0,0.0,0.0,,0.0,normalDay
2023-06-21,15476.0,0.0,0.0,0,434.94,0.0,1,0.33,0.33,SPY230630P00423000,423.0,0,0.0,0.0,,0.0,normalDay
2023-06-22,15476.0,15.0,0.0,0,436.51,0.0,1,0.33,0.18,SPY230630P00423000,423.0,0,0.0,0.0,,0.0,normalDay
2023-06-23,15476.0,6.0,0.0,0,433.21,0.0,1,0.33,0.27,SPY230630P00423000,423.0,0,0.0,0.0,,0.0,normalDay
2023-06-26,15476.0,7.0,0.0,0,431.44,0.0,1,0.33,0.26,SPY230630P00423000,423.0,0,0.0,0.0,,0.0,normalDay
2023-06-27,15476.0,23.0,0.0,0,436.17,0.0,1,0.33,0.1,SPY230630P00423000,423.0,0,0.0,0.0,,0.0,normalDay
2023-06-28,15476.0,28.0,0.0,0,436.39,0.0,1,0.33,0.05,SPY230630P00423000,423.0,0,0.0,0.0,,0.0,normalDay
2023-06-29,15476.0,29.0,0.0,0,438.11,0.0,1,0.33,0.04,SPY230630P00423000,423.0,0,0.0,0.0,,0.0,normalDay
2023-06-30,15509.0,0.0,33.0,0,443.28,0.0,1,0.33,0.0,SPY230630P00423000,423.0,0,0.0,0.0,,0.0,expirationDay
2023-07-03,15509.0,-4.0,0.0,0,443.79,0.0,1,0.54,0.58,SPY230714P00433000,433.0,0,0.0,0.0,,0.0,normalDay
2023-07-05,15509.0,-1.0,0.0,0,443.13,0.0,1,0.54,0.55,SPY230714P00433000,433.0,0,0.0,0.0,,0.0,normalDay
2023-07-06,15509.0,-48.0,0.0,0,439.66,0.0,1,0.54,1.02,SPY230714P00433000,433.0,0,0.0,0.0,,0.0,normalDay
2023-07-07,15509.0,-23.0,0.0,0,438.55,0.0,1,0.54,0.77,SPY230714P00433000,433.0,0,0.0,0.0,,0.0,normalDay
2023-07-10,15509.0,5.0,0.0,0,439.66,0.0,1,0.54,0.49,SPY230714P00433000,433.0,0,0.0,0.0,,0.0,normalDay
2023-07-11,15509.0,27.0,0.0,0,442.46,0.0,1,0.54,0.27,SPY230714P00433000,433.0,0,0.0,0.0,,0.0,normalDay
2023-07-12,15509.0,48.0,0.0,0,446.02,0.0,1,0.54,0.06,SPY230714P00433000,433.0,0,0.0,0.0,,0.0,normalDay
2023-07-13,15509.0,49.0,0.0,0,449.56,0.0,1,0.54,0.05,SPY230714P00433000,433.0,0,0.0,0.0,,0.0,normalDay
2023-07-14,15563.0,0.0,54.0,0,449.28,0.0,1,0.54,0.0,SPY230714P00433000,433.0,0,0.0,0.0,,0.0,expirationDay
2023-07-17,15563.0,-3.0,0.0,0,450.84,0.0,1,0.55,0.58,SPY230728P00438000,438.0,0,0.0,0.0,,0.0,normalDay
2023-07-18,15563.0,21.0,0.0,0,454.19,0.0,1,0.55,0.34,SPY230728P00438000,438.0,0,0.0,0.0,,0.0,normalDay
2023-07-19,15563.0,27.0,0.0,0,455.2,0.0,1,0.55,0.28,SPY230728P00438000,438.0,0,0.0,0.0,,0.0,normalDay
2023-07-20,15563.0,20.0,0.0,0,452.18,0.0,1,0.55,0.35,SPY230728P00438000,438.0,0,0.0,0.0,,0.0,normalDay
2023-07-21,15563.0,38.0,0.0,0,452.18,0.0,1,0.55,0.17,SPY230728P00438000,438.0,0,0.0,0.0,,0.0,normalDay
2023-07-24,15563.0,46.0,0.0,0,454.2,0.0,1,0.55,0.09,SPY230728P00438000,438.0,0,0.0,0.0,,0.0,normalDay
2023-07-25,15563.0,48.0,0.0,0,455.44,0.0,1,0.55,0.07,SPY230728P00438000,438.0,0,0.0,0.0,,0.0,normalDay
2023-07-26,15563.0,51.0,0.0,0,455.51,0.0,1,0.55,0.04,SPY230728P00438000,438.0,0,0.0,0.0,,0.0,normalDay
2023-07-27,15563.0,49.0,0.0,0,452.49,0.0,1,0.55,0.06,SPY230728P00438000,438.0,0,0.0,0.0,,0.0,normalDay
2023-07-28,15618.0,0.0,55.0,0,456.92,0.0,1,0.55,0.0,SPY230728P00438000,438.0,0,0.0,0.0,,0.0,expirationDay
2023-07-31,15618.0,-3.0,0.0,0,457.79,0.0,1,0.68,0.71,SPY230811P00447000,447.0,0,0.0,0.0,,0.0,normalDay
2023-08-01,15618.0,-13.0,0.0,0,456.48,0.0,1,0.68,0.81,SPY230811P00447000,447.0,0,0.0,0.0,,0.0,normalDay
2023-08-02,15618.0,-167.0,0.0,0,450.13,0.0,1,0.68,2.35,SPY230811P00447000,447.0,0,0.0,0.0,,0.0,normalDay
2023-08-03,15618.0,-152.0,0.0,0,448.84,0.0,1,0.68,2.2,SPY230811P00447000,447.0,0,0.0,0.0,,0.0,normalDay
2023-08-04,15618.0,-261.0,0.0,0,446.81,0.0,1,0.68,3.29,SPY230811P00447000,447.0,0,0.0,0.0,,0.0,normalDay
2023-08-07,15618.0,-49.0,0.0,0,450.71,0.0,1,0.68,1.17,SPY230811P00447000,447.0,0,0.0,0.0,,0.0,normalDay
2023-08-08,15618.0,-92.0,0.0,0,448.75,0.0,1,0.68,1.6,SPY230811P00447000,447.0,0,0.0,0.0,,0.0,normalDay
2023-08-09,15618.0,-200.0,0.0,0,445.75,0.0,1,0.68,2.68,SPY230811P00447000,447.0,0,0.0,0.0,,0.0,normalDay
2023-08-10,15618.0,-148.0,0.0,0,445.91,0.0,1,0.68,2.16,SPY230811P00447000,447.0,0,0.0,0.0,,0.0,normalDay
2023-08-11,15686.0,-135.0,68.0,100,445.65,447.0,1,0.68,0.0,SPY230811P00447000,447.0,0,0.0,0.0,,0.0,expirationDay
2023-08-14,15686.0,108.0,0.0,100,448.11,447.0,0,0.0,0.0,,0.0,1,0.17,0.2,SPY230825C00463000,463.0,normalDay
2023-08-15,15686.0,-401.0,0.0,100,442.89,447.0,0,0.0,0.0,,0.0,1,0.17,0.07,SPY230825C00463000,463.0,normalDay
2023-08-16,15686.0,-723.0,0.0,100,439.64,447.0,0,0.0,0.0,,0.0,1,0.17,0.04,SPY230825C00463000,463.0,normalDay
2023-08-17,15686.0,-1056.0,0.0,100,436.29,447.0,0,0.0,0.0,,0.0,1,0.17,0.02,SPY230825C00463000,463.0,normalDay
2023-08-18,15686.0,-1035.0,0.0,100,436.5,447.0,0,0.0,0.0,,0.0,1,0.17,0.02,SPY230825C00463000,463.0,normalDay
2023-08-21,15686.0,-750.0,0.0,100,439.34,447.0,0,0.0,0.0,,0.0,1,0.17,0.01,SPY230825C00463000,463.0,normalDay
2023-08-22,15686.0,-869.0,0.0,100,438.15,447.0,0,0.0,0.0,,0.0,1,0.17,0.01,SPY230825C00463000,463.0,normalDay
2023-08-23,15686.0,-381.0,0.0,100,443.03,447.0,0,0.0,0.0,,0.0,1,0.17,0.01,SPY230825C00463000,463.0,normalDay
2023-08-24,15686.0,-995.0,0.0,100,436.89,447.0,0,0.0,0.0,,0.0,1,0.17,0.01,SPY230825C00463000,463.0,normalDay
2023-08-25,15703.0,-703.0,17.0,100,439.97,447.0,0,0.0,0.0,,0.0,1,0.17,0.0,SPY230825C00463000,463.0,expirationDay
2023-08-28,15703.0,-427.0,0.0,100,442.76,447.0,0,0.0,0.0,,0.0,1,0.07,0.1,SPY230908C00460000,460.0,normalDay
2023-08-29,15703.0,182.0,0.0,100,449.16,447.0,0,0.0,0.0,,0.0,1,0.07,0.41,SPY230908C00460000,460.0,normalDay
2023-08-30,15703.0,365.0,0.0,100,451.01,447.0,0,0.0,0.0,,0.0,1,0.07,0.43,SPY230908C00460000,460.0,normalDay
2023-08-31,15703.0,315.0,0.0,100,450.35,447.0,0,0.0,0.0,,0.0,1,0.07,0.27,SPY230908C00460000,460.0,normalDay
2023-09-01,15703.0,417.0,0.0,100,451.19,447.0,0,0.0,0.0,,0.0,1,0.07,0.09,SPY230908C00460000,460.0,normalDay
2023-09-05,15703.0,228.0,0.0,100,449.24,447.0,0,0.0,0.0,,0.0,1,0.07,0.03,SPY230908C00460000,460.0,normalDay
2023-09-06,15703.0,-73.0,0.0,100,446.22,447.0,0,0.0,0.0,,0.0,1,0.07,0.02,SPY230908C00460000,460.0,normalDay
2023-09-07,15703.0,-209.0,0.0,100,444.85,447.0,0,0.0,0.0,,0.0,1,0.07,0.01,SPY230908C00460000,460.0,normalDay
2023-09-08,15710.0,-148.0,7.0,100,445.52,447.0,0,0.0,0.0,,0.0,1,0.07,0.0,SPY230908C00460000,460.0,expirationDay
2023-09-11,15710.0,142.0,0.0,100,448.45,447.0,0,0.0,0.0,,0.0,1,0.38,0.41,SPY230922C00458000,458.0,normalDay
2023-09-12,15710.0,-83.0,0.0,100,445.99,447.0,0,0.0,0.0,,0.0,1,0.38,0.2,SPY230922C00458000,458.0,normalDay
2023-09-13,15710.0,-23.0,0.0,100,446.51,447.0,0,0.0,0.0,,0.0,1,0.38,0.12,SPY230922C00458000,458.0,normalDay
2023-09-14,15710.0,348.0,0.0,100,450.36,447.0,0,0.0,0.0,,0.0,1,0.38,0.26,SPY230922C00458000,458.0,normalDay
2023-09-15,15710.0,-328.0,0.0,100,443.37,447.0,0,0.0,0.0,,0.0,1,0.38,0.03,SPY230922C00458000,458.0,normalDay
2023-09-18,15710.0,-301.0,0.0,100,443.63,447.0,0,0.0,0.0,,0.0,1,0.38,0.02,SPY230922C00458000,458.0,normalDay
2023-09-19,15710.0,-393.0,0.0,100,442.71,447.0,0,0.0,0.0,,0.0,1,0.38,0.02,SPY230922C00458000,458.0,normalDay
2023-09-20,15710.0,-799.0,0.0,100,438.64,447.0,0,0.0,0.0,,0.0,1,0.38,0.01,SPY230922C00458000,458.0,normalDay
2023-09-21,15710.0,-1524.0,0.0,100,431.39,447.0,0,0.0,0.0,,0.0,1,0.38,0.01,SPY230922C00458000,458.0,normalDay
2023-09-22,15748.0,-1658.0,38.0,100,430.42,447.0,0,0.0,0.0,,0.0,1,0.38,0.0,SPY230922C00458000,458.0,expirationDay
2023-09-25,15748.0,-1477.0,0.0,100,432.23,447.0,0,0.0,0.0,,0.0,0,0.0,0.0,,0.0,bidTooLow
2023-09-26,15748.0,-2112.0,0.0,100,425.88,447.0,0,0.0,0.0,,0.0,0,0.0,0.0,,0.0,bidTooLow
2023-09-27,15748.0,-2095.0,0.0,100,426.05,447.0,0,0.0,0.0,,0.0,0,0.0,0.0,,0.0,bidTooLow
2023-09-28,15748.0,-1848.0,0.0,100,428.52,447.0,0,0.0,0.0,,0.0,0,0.0,0.0,,0.0,bidTooLow
2023-09-29,15748.0,-1952.0,0.0,100,427.48,447.0,0,0.0,0.0,,0.0,0,0.0,0.0,,0.0,bidTooLow
2023-10-02,15748.0,-1969.0,0.0,100,427.31,447.0,0,0.0,0.0,,0.0,0,0.0,0.0,,0.0,bidTooLow
2023-10-03,15748.0,-2541.0,0.0,100,421.59,447.0,0,0.0,0.0,,0.0,0,0.0,0.0,,0.0,bidTooLow
2023-10-04,15748.0,-2234.0,0.0,100,424.66,447.0,0,0.0,0.0,,0.0,0,0.0,0.0,,0.0,bidTooLow
2023-10-05,15748.0,-2250.0,0.0,100,424.5,447.0,0,0.0,0.0,,0.0,0,0.0,0.0,,0.0,bidTooLow
2023-10-06,15748.0,-1746.0,0.0,100,429.54,447.0,0,0.0,0.0,,0.0,0,0.0,0.0,,0.0,bidTooLow
2023-10-09,15748.0,-1471.0,0.0,100,432.29,447.0,0,0.0,0.0,,0.0,0,0.0,0.0,,0.0,bidTooLow
2023-10-10,15748.0,-1249.0,0.0,100,434.54,447.0,0,0.0,0.0,,0.0,1,0.02,0.05,SPY231020C00456000,456.0,normalDay
2023-10-11,15748.0,-1070.0,0.0,100,436.32,447.0,0,0.0,0.0,,0.0,1,0.02,0.04,SPY231020C00456000,456.0,normalDay
2023-10-12,15748.0,-1335.0,0.0,100,433.66,447.0,0,0.0,0.0,,0.0,1,0.02,0.03,SPY231020C00456000,456.0,normalDay
2023-10-13,15748.0,-1550.0,0.0,100,431.5,447.0,0,0.0,0.0,,0.0,1,0.02,0.02,SPY231020C00456000,456.0,normalDay
2023-10-16,15748.0,-1096.0,0.0,100,436.04,447.0,0,0.0,0.0,,0.0,1,0.02,0.02,SPY231020C00456000,456.0,normalDay
2023-10-17,15748.0,-1098.0,0.0,100,436.02,447.0,0,0.0,0.0,,0.0,1,0.02,0.02,SPY231020C00456000,456.0,normalDay
2023-10-18,15748.0,-1678.0,0.0,100,430.21,447.0,0,0.0,0.0,,0.0,1,0.02,0.01,SPY231020C00456000,456.0,normalDay
2023-10-19,15748.0,-2056.0,0.0,100,426.43,447.0,0,0.0,0.0,,0.0,1,0.02,0.01,SPY231020C00456000,456.0,normalDay
2023-10-20,15750.0,-2581.0,2.0,100,421.19,447.0,0,0.0,0.0,,0.0,1,0.02,0.0,SPY231020C00456000,456.0,expirationDay
2023-10-23,15750.0,-2657.0,0.0,100,420.46,447.0,0,0.0,0.0,,0.0,1,0.11,0.14,SPY231103C00443000,443.0,normalDay
2023-10-24,15750.0,-2341.0,0.0,100,423.63,447.0,0,0.0,0.0,,0.0,1,0.11,0.15,SPY231103C00443000,443.0,normalDay
2023-10-25,15750.0,-2938.0,0.0,100,417.55,447.0,0,0.0,0.0,,0.0,1,0.11,0.04,SPY231103C00443000,443.0,normalDay
2023-10-26,15750.0,-3437.0,0.0,100,412.55,447.0,0,0.0,0.0,,0.0,1,0.11,0.03,SPY231103C00443000,443.0,normalDay
2023-10-27,15750.0,-3623.0,0.0,100,410.68,447.0,0,0.0,0.0,,0.0,1,0.11,0.02,SPY231103C00443000,443.0,normalDay
2023-10-30,15750.0,-3132.0,0.0,100,415.59,447.0,0,0.0,0.0,,0.0,1,0.11,0.02,SPY231103C00443000,443.0,normalDay
2023-10-31,15750.0,-2870.0,0.0,100,418.2,447.0,0,0.0,0.0,,0.0,1,0.11,0.01,SPY231103C00443000,443.0,normalDay
2023-11-01,15750.0,-2424.0,0.0,100,422.66,447.0,0,0.0,0.0,,0.0,1,0.11,0.01,SPY231103C00443000,443.0,normalDay
2023-11-02,15750.0,-1614.0,0.0,100,430.76,447.0,0,0.0,0.0,,0.0,1,0.11,0.01,SPY231103C00443000,443.0,normalDay
2023-11-03,15761.0,-1231.0,11.0,100,434.69,447.0,0,0.0,0.0,,0.0,1,0.11,0.0,SPY231103C00443000,443.0,expirationDay
2023-11-06,15761.0,-1134.0,0.0,100,435.69,447.0,0,0.0,0.0,,0.0,1,0.18,0.21,SPY231117C00450000,450.0,normalDay
2023-11-07,15761.0,-1016.0,0.0,100,436.93,447.0,0,0.0,0.0,,0.0,1,0.18,0.27,SPY231117C00450000,450.0,normalDay
2023-11-08,15761.0,-977.0,0.0,100,437.25,447.0,0,0.0,0.0,,0.0,1,0.18,0.2,SPY231117C00450000,450.0,normalDay
2023-11-09,15761.0,-1305.0,0.0,100,433.84,447.0,0,0.0,0.0,,0.0,1,0.18,0.07,SPY231117C00450000,450.0,normalDay
2023-11-10,15761.0,-650.0,0.0,100,440.61,447.0,0,0.0,0.0,,0.0,1,0.18,0.29,SPY231117C00450000,450.0,normalDay
2023-11-13,15761.0,-683.0,0.0,100,440.19,447.0,0,0.0,0.0,,0.0,1,0.18,0.2,SPY231117C00450000,450.0,normalDay
2023-11-14,15761.0,3.0,0.0,100,448.73,447.0,0,0.0,0.0,,0.0,1,0.18,1.88,SPY231117C00450000,450.0,normalDay
2023-11-15,15761.0,136.0,0.0,100,449.68,447.0,0,0.0,0.0,,0.0,1,0.18,1.5,SPY231117C00450000,450.0,normalDay
2023-11-16,15761.0,210.0,0.0,100,450.23,447.0,0,0.0,0.0,,0.0,1,0.18,1.31,SPY231117C00450000,450.0,normalDay
2023-11-17,16079.0,210.0,318.0,0,450.79,0.0,0,0.0,0.0,,0.0,1,0.18,0.0,SPY231117C00450000,450.0,expirationDay
2023-11-20,16079.0,-3.0,0.0,0,454.26,0.0,1,0.1,0.13,SPY231201P00427500,427.5,0,0.0,0.0,,0.0,normalDay
2023-11-21,16079.0,-2.0,0.0,0,453.27,0.0,1,0.1,0.12,SPY231201P00427500,427.5,0,0.0,0.0,,0.0,normalDay
2023-11-22,16079.0,2.0,0.0,0,455.02,0.0,1,0.1,0.08,SPY231201P00427500,427.5,0,0.0,0.0,,0.0,normalDay
2023-11-24,16079.0,5.0,0.0,0,455.3,0.0,1,0.1,0.05,SPY231201P00427500,427.5,0,0.0,0.0,,0.0,normalDay
2023-11-27,16079.0,7.0,0.0,0,454.48,0.0,1,0.1,0.03,SPY231201P00427500,427.5,0,0.0,0.0,,0.0,normalDay
2023-11-28,16079.0,7.0,0.0,0,454.93,0.0,1,0.1,0.03,SPY231201P00427500,427.5,0,0.0,0.0,,0.0,normalDay
2023-11-29,16079.0,8.0,0.0,0,454.61,0.0,1,0.1,0.02,SPY231201P00427500,427.5,0,0.0,0.0,,0.0,normalDay
2023-11-30,16079.0,8.0,0.0,0,456.4,0.0,1,0.1,0.02,SPY231201P00427500,427.5,0,0.0,0.0,,0.0,normalDay
