date,totalCapital,unrializedPnL,rializedPnL,stocksOwned,stocksPriceToday,stocksPriceBoughtAt,putOwned,putOwnedSoldAt,putPriceToday,putOwnedContract,putOwnedStrike,callOwned,callOwnedSoldAt,callPriceToday,callOwnedContract,callOwnedStrike,trackType
2018-11-01,0.0,-3.0,0.0,0,273.51,0.0,1,0.18,0.21,SPY181102P00268000,268.0,0,0.0,0.0,,0.0,normalDay
2018-11-02,18.0,0.0,18.0,0,271.89,0.0,1,0.18,0.0,SPY181102P00268000,268.0,0,0.0,0.0,,0.0,expirationDay
2018-11-05,18.0,-3.0,0.0,0,273.39,0.0,1,0.58,0.61,SPY181107P00268000,268.0,0,0.0,0.0,,0.0,normalDay
2018-11-06,18.0,28.0,0.0,0,275.12,0.0,1,0.58,0.3,SPY181107P00268000,268.0,0,0.0,0.0,,0.0,normalDay
2018-11-07,76.0,0.0,58.0,0,281.01,0.0,1,0.58,0.0,SPY181107P00268000,268.0,0,0.0,0.0,,0.0,expirationDay
2018-11-08,76.0,0.0,0.0,0,280.5,0.0,0,0.0,0.0,,0.0,0,0.0,0.0,,0.0,bidTooLow
2018-11-09,76.0,0.0,0.0,0,277.76,0.0,0,0.0,0.0,,0.0,0,0.0,0.0,,0.0,bidTooLow
2018-11-12,76.0,-4.0,0.0,0,272.57,0.0,1,0.63,0.67,SPY181114P00268500,268.5,0,0.0,0.0,,0.0,normalDay
2018-11-13,76.0,25.0,0.0,0,272.06,0.0,1,0.63,0.38,SPY181114P00268500,268.5,0,0.0,0.0,,0.0,normalDay
2018-11-14,139.0,0.0,63.0,0,270.2,0.0,1,0.63,0.0,SPY181114P00268500,268.5,0,0.0,0.0,,0.0,expirationDay
2018-11-15,139.0,-3.0,0.0,0,273.02,0.0,1,0.19,0.22,SPY181116P00268000,268.0,0,0.0,0.0,,0.0,normalDay
2018-11-16,158.0,0.0,19.0,0,273.73,0.0,1,0.19,0.0,SPY181116P00268000,268.0,0,0.0,0.0,,0.0,expirationDay
2018-11-19,158.0,-4.0,0.0,0,269.1,0.0,1,1.09,1.13,SPY181121P00267500,267.5,0,0.0,0.0,,0.0,normalDay
2018-11-20,158.0,-294.0,0.0,0,264.12,0.0,1,1.09,4.03,SPY181121P00267500,267.5,0,0.0,0.0,,0.0,normalDay
2018-11-21,267.0,-248.0,109.0,100,265.02,267.5,1,1.09,0.0,SPY181121P00267500,267.5,0,0.0,0.0,,0.0,expirationDay
2018-11-23,267.0,-429.0,0.0,100,263.25,267.5,0,0.0,0.0,,0.0,1,0.07,0.11,SPY181203C00276000,276.0,normalDay
2018-11-26,267.0,-12.0,0.0,100,267.5,267.5,0,0.0,0.0,,0.0,1,0.07,0.19,SPY181203C00276000,276.0,normalDay
2018-11-27,267.0,72.0,0.0,100,268.4,267.5,0,0.0,0.0,,0.0,1,0.07,0.25,SPY181203C00276000,276.0,normalDay
2018-11-28,267.0,546.0,0.0,100,274.58,267.5,0,0.0,0.0,,0.0,1,0.07,1.69,SPY181203C00276000,276.0,normalDay
2018-11-29,267.0,501.0,0.0,100,273.98,267.5,0,0.0,0.0,,0.0,1,0.07,1.54,SPY181203C00276000,276.0,normalDay
2018-11-30,267.0,579.0,0.0,100,275.65,267.5,0,0.0,0.0,,0.0,1,0.07,2.43,SPY181203C00276000,276.0,normalDay
2018-12-03,1124.0,579.0,857.0,0,279.3,0.0,0,0.0,0.0,,0.0,1,0.07,0.0,SPY181203C00276000,276.0,expirationDay
2018-12-04,1124.0,-6.0,0.0,0,270.25,0.0,1,1.3,1.36,SPY181207P00267000,267.0,0,0.0,0.0,,0.0,normalDay
2018-12-06,1124.0,69.0,0.0,0,269.84,0.0,1,1.3,0.61,SPY181207P00267000,267.0,0,0.0,0.0,,0.0,normalDay
2018-12-07,1254.0,-343.0,130.0,100,263.57,267.0,1,1.3,0.0,SPY181207P00267000,267.0,0,0.0,0.0,,0.0,expirationDay
2018-12-10,1254.0,-297.0,0.0,100,264.07,267.0,0,0.0,0.0,,0.0,1,0.48,0.52,SPY181221C00275000,275.0,normalDay
2018-12-11,1254.0,-276.0,0.0,100,264.13,267.0,0,0.0,0.0,,0.0,1,0.48,0.37,SPY181221C00275000,275.0,normalDay
2018-12-12,1254.0,-147.0,0.0,100,265.46,267.0,0,0.0,0.0,,0.0,1,0.48,0.41,SPY181221C00275000,275.0,normalDay
2018-12-13,1254.0,-139.0,0.0,100,265.37,267.0,0,0.0,0.0,,0.0,1,0.48,0.24,SPY181221C00275000,275.0,normalDay
2018-12-14,1254.0,-613.0,0.0,100,260.47,267.0,0,0.0,0.0,,0.0,1,0.48,0.08,SPY181221C00275000,275.0,normalDay
2018-12-17,1254.0,-1120.0,0.0,100,255.36,267.0,0,0.0,0.0,,0.0,1,0.48,0.04,SPY181221C00275000,275.0,normalDay
2018-12-18,1254.0,-1147.0,0.0,100,255.08,267.0,0,0.0,0.0,,0.0,1,0.48,0.03,SPY181221C00275000,275.0,normalDay
2018-12-19,1254.0,-1527.0,0.0,100,251.26,267.0,0,0.0,0.0,,0.0,1,0.48,0.01,SPY181221C00275000,275.0,normalDay
2018-12-20,1254.0,-1936.0,0.0,100,247.17,267.0,0,0.0,0.0,,0.0,1,0.48,0.01,SPY181221C00275000,275.0,normalDay
2018-12-21,1302.0,-2630.0,48.0,100,240.7,267.0,0,0.0,0.0,,0.0,1,0.48,0.0,SPY181221C00275000,275.0,expirationDay
2018-12-24,1302.0,-3266.0,0.0,100,234.34,267.0,0,0.0,0.0,,0.0,0,0.0,0.0,,0.0,bidTooLow
2018-12-26,1302.0,-2085.0,0.0,100,246.18,267.0,0,0.0,0.0,,0.0,1,0.01,0.04,SPY190104C00274000,274.0,normalDay
2018-12-27,1302.0,-1896.0,0.0,100,248.07,267.0,0,0.0,0.0,,0.0,1,0.01,0.04,SPY190104C00274000,274.0,normalDay
2018-12-28,1302.0,-1927.0,0.0,100,247.75,267.0,0,0.0,0.0,,0.0,1,0.01,0.03,SPY190104C00274000,274.0,normalDay
2018-12-31,1302.0,-1708.0,0.0,100,249.92,267.0,0,0.0,0.0,,0.0,1,0.01,0.01,SPY190104C00274000,274.0,normalDay
2019-01-02,1302.0,-1682.0,0.0,100,250.18,267.0,0,0.0,0.0,,0.0,1,0.01,0.01,SPY190104C00274000,274.0,normalDay
2019-01-03,1302.0,-2279.0,0.0,100,244.21,267.0,0,0.0,0.0,,0.0,1,0.01,0.01,SPY190104C00274000,274.0,normalDay
2019-01-04,1303.0,-1461.0,1.0,100,252.39,267.0,0,0.0,0.0,,0.0,1,0.01,0.0,SPY190104C00274000,274.0,expirationDay
2019-01-07,1303.0,-1266.0,0.0,100,254.38,267.0,0,0.0,0.0,,0.0,1,0.71,0.75,SPY190118C00262000,262.0,normalDay
2019-01-08,1303.0,-1056.0,0.0,100,256.77,267.0,0,0.0,0.0,,0.0,1,0.71,1.04,SPY190118C00262000,262.0,normalDay
2019-01-09,1303.0,-944.0,0.0,100,257.97,267.0,0,0.0,0.0,,0.0,1,0.71,1.12,SPY190118C00262000,262.0,normalDay
2019-01-10,1303.0,-866.0,0.0,100,258.88,267.0,0,0.0,0.0,,0.0,1,0.71,1.25,SPY190118C00262000,262.0,normalDay
2019-01-11,1303.0,-818.0,0.0,100,258.98,267.0,0,0.0,0.0,,0.0,1,0.71,0.87,SPY190118C00262000,262.0,normalDay
2019-01-14,1303.0,-919.0,0.0,100,257.4,267.0,0,0.0,0.0,,0.0,1,0.71,0.3,SPY190118C00262000,262.0,normalDay
2019-01-15,1303.0,-674.0,0.0,100,260.35,267.0,0,0.0,0.0,,0.0,1,0.71,0.8,SPY190118C00262000,262.0,normalDay
2019-01-16,1303.0,-607.0,0.0,100,260.98,267.0,0,0.0,0.0,,0.0,1,0.71,0.76,SPY190118C00262000,262.0,normalDay
2019-01-17,1303.0,-485.0,0.0,100,262.96,267.0,0,0.0,0.0,,0.0,1,0.71,1.52,SPY190118C00262000,262.0,normalDay
2019-01-18,874.0,-485.0,-429.0,0,266.46,0.0,0,0.0,0.0,,0.0,1,0.71,0.0,SPY190118C00262000,262.0,expirationDay
2019-01-22,874.0,-3.0,0.0,0,262.86,0.0,1,0.01,0.04,SPY190125P00245000,245.0,0,0.0,0.0,,0.0,normalDay
2019-01-23,874.0,0.0,0.0,0,263.41,0.0,1,0.01,0.01,SPY190125P00245000,245.0,0,0.0,0.0,,0.0,normalDay
2019-01-24,874.0,0.0,0.0,0,263.55,0.0,1,0.01,0.01,SPY190125P00245000,245.0,0,0.0,0.0,,0.0,normalDay
2019-01-25,875.0,0.0,1.0,0,265.78,0.0,1,0.01,0.0,SPY190125P00245000,245.0,0,0.0,0.0,,0.0,expirationDay
2019-01-28,875.0,0.0,0.0,0,263.76,0.0,0,0.0,0.0,,0.0,0,0.0,0.0,,0.0,bidTooLow
2019-01-29,875.0,-3.0,0.0,0,263.41,0.0,1,0.13,0.16,SPY190201P00253000,253.0,0,0.0,0.0,,0.0,normalDay
2019-01-30,875.0,11.0,0.0,0,267.58,0.0,1,0.13,0.02,SPY190201P00253000,253.0,0,0.0,0.0,,0.0,normalDay
2019-01-31,875.0,12.0,0.0,0,269.93,0.0,1,0.13,0.01,SPY190201P00253000,253.0,0,0.0,0.0,,0.0,normalDay
2019-02-01,888.0,0.0,13.0,0,270.06,0.0,1,0.13,0.0,SPY190201P00253000,253.0,0,0.0,0.0,,0.0,expirationDay
2019-02-04,888.0,0.0,0.0,0,271.96,0.0,0,0.0,0.0,,0.0,0,0.0,0.0,,0.0,bidTooLow
2019-02-05,888.0,0.0,0.0,0,273.1,0.0,0,0.0,0.0,,0.0,0,0.0,0.0,,0.0,bidTooLow
2019-02-06,888.0,0.0,0.0,0,272.74,0.0,0,0.0,0.0,,0.0,0,0.0,0.0,,0.0,bidTooLow
2019-02-07,888.0,0.0,0.0,0,270.14,0.0,0,0.0,0.0,,0.0,0,0.0,0.0,,0.0,bidTooLow
2019-02-08,888.0,0.0,0.0,0,270.47,0.0,0,0.0,0.0,,0.0,0,0.0,0.0,,0.0,bidTooLow
2019-02-11,888.0,0.0,0.0,0,270.62,0.0,0,0.0,0.0,,0.0,0,0.0,0.0,,0.0,bidTooLow
2019-02-12,888.0,-3.0,0.0,0,274.1,0.0,1,0.03,0.06,SPY190215P00263000,263.0,0,0.0,0.0,,0.0,normalDay
2019-02-13,888.0,-1.0,0.0,0,274.99,0.0,1,0.03,0.04,SPY190215P00263000,263.0,0,0.0,0.0,,0.0,normalDay
2019-02-14,888.0,0.0,0.0,0,274.38,0.0,1,0.03,0.03,SPY190215P00263000,263.0,0,0.0,0.0,,0.0,normalDay
2019-02-15,891.0,0.0,3.0,0,277.37,0.0,1,0.03,0.0,SPY190215P00263000,263.0,0,0.0,0.0,,0.0,expirationDay
2019-02-19,891.0,0.0,0.0,0,277.85,0.0,0,0.0,0.0,,0.0,0,0.0,0.0,,0.0,bidTooLow
2019-02-20,891.0,0.0,0.0,0,278.41,0.0,0,0.0,0.0,,0.0,0,0.0,0.0,,0.0,bidTooLow
2019-02-21,891.0,0.0,0.0,0,277.42,0.0,0,0.0,0.0,,0.0,0,0.0,0.0,,0.0,bidTooLow
2019-02-22,891.0,0.0,0.0,0,279.14,0.0,0,0.0,0.0,,0.0,0,0.0,0.0,,0.0,bidTooLow
2019-02-25,891.0,0.0,0.0,0,279.52,0.0,0,0.0,0.0,,0.0,0,0.0,0.0,,0.0,bidTooLow
2019-02-26,891.0,-3.0,0.0,0,279.32,0.0,1,0.03,0.06,SPY190301P00269000,269.0,0,0.0,0.0,,0.0,normalDay
2019-02-27,891.0,0.0,0.0,0,279.2,0.0,1,0.03,0.03,SPY190301P00269000,269.0,0,0.0,0.0,,0.0,normalDay
2019-02-28,891.0,2.0,0.0,0,278.68,0.0,1,0.03,0.01,SPY190301P00269000,269.0,0,0.0,0.0,,0.0,normalDay
2019-03-01,894.0,0.0,3.0,0,280.42,0.0,1,0.03,0.0,SPY190301P00269000,269.0,0,0.0,0.0,,0.0,expirationDay
2019-03-04,894.0,-3.0,0.0,0,279.4,0.0,1,0.02,0.05,SPY190306P00272500,272.5,0,0.0,0.0,,0.0,normalDay
2019-03-05,894.0,0.0,0.0,0,279.02,0.0,1,0.02,0.02,SPY190306P00272500,272.5,0,0.0,0.0,,0.0,normalDay
2019-03-06,896.0,0.0,2.0,0,277.33,0.0,1,0.02,0.0,SPY190306P00272500,272.5,0,0.0,0.0,,0.0,expirationDay
2019-03-07,896.0,-3.0,0.0,0,275.01,0.0,1,0.33,0.36,SPY190308P00273500,273.5,0,0.0,0.0,,0.0,normalDay
2019-03-08,929.0,0.0,33.0,0,274.46,0.0,1,0.33,0.0,SPY190308P00273500,273.5,0,0.0,0.0,,0.0,expirationDay
2019-03-11,929.0,-3.0,0.0,0,278.44,0.0,1,0.12,0.15,SPY190313P00274500,274.5,0,0.0,0.0,,0.0,normalDay
2019-03-12,929.0,8.0,0.0,0,279.49,0.0,1,0.12,0.04,SPY190313P00274500,274.5,0,0.0,0.0,,0.0,normalDay
2019-03-13,941.0,0.0,12.0,0,281.34,0.0,1,0.12,0.0,SPY190313P00274500,274.5,0,0.0,0.0,,0.0,expirationDay
2019-03-14,941.0,-3.0,0.0,0,281.16,0.0,1,0.07,0.1,SPY190315P00276500,276.5,0,0.0,0.0,,0.0,normalDay
2019-03-15,948.0,0.0,7.0,0,281.31,0.0,1,0.07,0.0,SPY190315P00276500,276.5,0,0.0,0.0,,0.0,expirationDay
2019-03-18,948.0,-3.0,0.0,0,282.33,0.0,1,0.02,0.05,SPY190320P00277000,277.0,0,0.0,0.0,,0.0,normalDay
2019-03-19,948.0,-2.0,0.0,0,282.4,0.0,1,0.02,0.04,SPY190320P00277000,277.0,0,0.0,0.0,,0.0,normalDay
2019-03-20,950.0,0.0,2.0,0,281.55,0.0,1,0.02,0.0,SPY190320P00277000,277.0,0,0.0,0.0,,0.0,expirationDay
2019-03-21,950.0,0.0,0.0,0,284.73,0.0,0,0.0,0.0,,0.0,0,0.0,0.0,,0.0,bidTooLow
2019-03-22,950.0,-5.0,0.0,0,279.25,0.0,1,0.38,0.43,SPY190325P00277500,277.5,0,0.0,0.0,,0.0,normalDay
2019-03-25,988.0,0.0,38.0,0,279.04,0.0,1,0.38,0.0,SPY190325P00277500,277.5,0,0.0,0.0,,0.0,expirationDay
2019-03-26,988.0,-4.0,0.0,0,281.12,0.0,1,0.4,0.44,SPY190329P00277000,277.0,0,0.0,0.0,,0.0,normalDay
2019-03-27,988.0,-14.0,0.0,0,279.65,0.0,1,0.4,0.54,SPY190329P00277000,277.0,0,0.0,0.0,,0.0,normalDay
2019-03-28,988.0,30.0,0.0,0,280.71,0.0,1,0.4,0.1,SPY190329P00277000,277.0,0,0.0,0.0,,0.0,normalDay
2019-03-29,1028.0,0.0,40.0,0,282.48,0.0,1,0.4,0.0,SPY190329P00277000,277.0,0,0.0,0.0,,0.0,expirationDay
2019-04-01,1028.0,0.0,0.0,0,285.83,0.0,0,0.0,0.0,,0.0,0,0.0,0.0,,0.0,bidTooLow
2019-04-02,1028.0,-3.0,0.0,0,285.97,0.0,1,0.02,0.05,SPY190405P00277500,277.5,0,0.0,0.0,,0.0,normalDay
2019-04-03,1028.0,-1.0,0.0,0,286.42,0.0,1,0.02,0.03,SPY190405P00277500,277.5,0,0.0,0.0,,0.0,normalDay
2019-04-04,1028.0,1.0,0.0,0,287.18,0.0,1,0.02,0.01,SPY190405P00277500,277.5,0,0.0,0.0,,0.0,normalDay
2019-04-05,1030.0,0.0,2.0,0,288.57,0.0,1,0.02,0.0,SPY190405P00277500,277.5,0,0.0,0.0,,0.0,expirationDay
2019-04-08,1030.0,0.0,0.0,0,288.79,0.0,0,0.0,0.0,,0.0,0,0.0,0.0,,0.0,bidTooLow
2019-04-09,1030.0,-3.0,0.0,0,287.31,0.0,1,0.05,0.08,SPY190412P00280000,280.0,0,0.0,0.0,,0.0,normalDay
2019-04-10,1030.0,3.0,0.0,0,288.29,0.0,1,0.05,0.02,SPY190412P00280000,280.0,0,0.0,0.0,,0.0,normalDay
2019-04-11,1030.0,4.0,0.0,0,288.21,0.0,1,0.05,0.01,SPY190412P00280000,280.0,0,0.0,0.0,,0.0,normalDay
2019-04-12,1035.0,0.0,5.0,0,290.16,0.0,1,0.05,0.0,SPY190412P00280000,280.0,0,0.0,0.0,,0.0,expirationDay
2019-04-15,1035.0,-3.0,0.0,0,289.97,0.0,1,0.01,0.04,SPY190418P00281000,281.0,0,0.0,0.0,,0.0,normalDay
2019-04-16,1035.0,-3.0,0.0,0,290.16,0.0,1,0.01,0.04,SPY190418P00281000,281.0,0,0.0,0.0,,0.0,normalDay
2019-04-17,1035.0,-1.0,0.0,0,289.45,0.0,1,0.01,0.02,SPY190418P00281000,281.0,0,0.0,0.0,,0.0,normalDay
2019-04-18,1036.0,0.0,1.0,0,290.02,0.0,1,0.01,0.0,SPY190418P00281000,281.0,0,0.0,0.0,,0.0,expirationDay
2019-04-22,1036.0,0.0,0.0,0,290.27,0.0,0,0.0,0.0,,0.0,0,0.0,0.0,,0.0,bidTooLow
2019-04-23,1036.0,0.0,0.0,0,292.88,0.0,0,0.0,0.0,,0.0,0,0.0,0.0,,0.0,bidTooLow
2019-04-24,1036.0,-3.0,0.0,0,292.23,0.0,1,0.01,0.04,SPY190426P00284000,284.0,0,0.0,0.0,,0.0,normalDay
2019-04-25,1036.0,-1.0,0.0,0,292.05,0.0,1,0.01,0.02,SPY190426P00284000,284.0,0,0.0,0.0,,0.0,normalDay
2019-04-26,1037.0,0.0,1.0,0,293.41,0.0,1,0.01,0.0,SPY190426P00284000,284.0,0,0.0,0.0,,0.0,expirationDay
2019-04-29,1037.0,-3.0,0.0,0,293.87,0.0,1,0.03,0.06,SPY190501P00287000,287.0,0,0.0,0.0,,0.0,normalDay
2019-04-30,1037.0,0.0,0.0,0,294.02,0.0,1,0.03,0.03,SPY190501P00287000,287.0,0,0.0,0.0,,0.0,normalDay
2019-05-01,1040.0,0.0,3.0,0,291.81,0.0,1,0.03,0.0,SPY190501P00287000,287.0,0,0.0,0.0,,0.0,expirationDay
2019-05-02,1040.0,-4.0,0.0,0,291.18,0.0,1,0.16,0.2,SPY190503P00288500,288.5,0,0.0,0.0,,0.0,normalDay
2019-05-03,1056.0,0.0,16.0,0,294.03,0.0,1,0.16,0.0,SPY190503P00288500,288.5,0,0.0,0.0,,0.0,expirationDay
2019-05-06,1056.0,-4.0,0.0,0,292.82,0.0,1,0.28,0.32,SPY190508P00289000,289.0,0,0.0,0.0,,0.0,normalDay
2019-05-07,1056.0,-146.0,0.0,0,287.93,0.0,1,0.28,1.74,SPY190508P00289000,289.0,0,0.0,0.0,,0.0,normalDay
2019-05-08,1084.0,-147.0,28.0,100,287.53,289.0,1,0.28,0.0,SPY190508P00289000,289.0,0,0.0,0.0,,0.0,expirationDay
2019-05-09,1084.0,-240.0,0.0,100,286.66,289.0,0,0.0,0.0,,0.0,1,0.96,1.02,SPY190520C00293000,293.0,normalDay
2019-05-10,1084.0,-54.0,0.0,100,288.1,289.0,0,0.0,0.0,,0.0,1,0.96,0.6,SPY190520C00293000,293.0,normalDay
2019-05-13,1084.0,-724.0,0.0,100,280.86,289.0,0,0.0,0.0,,0.0,1,0.96,0.06,SPY190520C00293000,293.0,normalDay
2019-05-14,1084.0,-468.0,0.0,100,283.4,289.0,0,0.0,0.0,,0.0,1,0.96,0.04,SPY190520C00293000,293.0,normalDay
2019-05-15,1084.0,-300.0,0.0,100,285.06,289.0,0,0.0,0.0,,0.0,1,0.96,0.02,SPY190520C00293000,293.0,normalDay
2019-05-16,1084.0,-39.0,0.0,100,287.7,289.0,0,0.0,0.0,,0.0,1,0.96,0.05,SPY190520C00293000,293.0,normalDay
2019-05-17,1084.0,-222.0,0.0,100,285.84,289.0,0,0.0,0.0,,0.0,1,0.96,0.02,SPY190520C00293000,293.0,normalDay
2019-05-20,1180.0,-505.0,96.0,100,283.95,289.0,0,0.0,0.0,,0.0,1,0.96,0.0,SPY190520C00293000,293.0,expirationDay
2019-05-21,1180.0,-252.0,0.0,100,286.51,289.0,0,0.0,0.0,,0.0,1,0.25,0.28,SPY190531C00293000,293.0,normalDay
2019-05-22,1180.0,-323.0,0.0,100,285.63,289.0,0,0.0,0.0,,0.0,1,0.25,0.11,SPY190531C00293000,293.0,normalDay
2019-05-23,1180.0,-664.0,0.0,100,282.14,289.0,0,0.0,0.0,,0.0,1,0.25,0.03,SPY190531C00293000,293.0,normalDay
2019-05-24,1180.0,-599.0,0.0,100,282.78,289.0,0,0.0,0.0,,0.0,1,0.25,0.02,SPY190531C00293000,293.0,normalDay
2019-05-28,1180.0,-861.0,0.0,100,280.15,289.0,0,0.0,0.0,,0.0,1,0.25,0.01,SPY190531C00293000,293.0,normalDay
2019-05-29,1180.0,-1049.0,0.0,100,278.27,289.0,0,0.0,0.0,,0.0,1,0.25,0.01,SPY190531C00293000,293.0,normalDay
2019-05-30,1180.0,-973.0,0.0,100,279.03,289.0,0,0.0,0.0,,0.0,1,0.25,0.01,SPY190531C00293000,293.0,normalDay
2019-05-31,1205.0,-1373.0,25.0,100,275.27,289.0,0,0.0,0.0,,0.0,1,0.25,0.0,SPY190531C00293000,293.0,expirationDay
2019-06-03,1205.0,-1446.0,0.0,100,274.57,289.0,0,0.0,0.0,,0.0,1,0.06,0.09,SPY190614C00288000,288.0,normalDay
2019-06-04,1205.0,-874.0,0.0,100,280.53,289.0,0,0.0,0.0,,0.0,1,0.06,0.33,SPY190614C00288000,288.0,normalDay
2019-06-05,1205.0,-657.0,0.0,100,282.96,289.0,0,0.0,0.0,,0.0,1,0.06,0.59,SPY190614C00288000,288.0,normalDay
2019-06-06,1205.0,-509.0,0.0,100,284.8,289.0,0,0.0,0.0,,0.0,1,0.06,0.95,SPY190614C00288000,288.0,normalDay
2019-06-07,1205.0,-331.0,0.0,100,287.65,289.0,0,0.0,0.0,,0.0,1,0.06,2.02,SPY190614C00288000,288.0,normalDay
2019-06-10,1205.0,-243.0,0.0,100,288.97,289.0,0,0.0,0.0,,0.0,1,0.06,2.46,SPY190614C00288000,288.0,normalDay
2019-06-11,1205.0,-209.0,0.0,100,288.9,289.0,0,0.0,0.0,,0.0,1,0.06,2.05,SPY190614C00288000,288.0,normalDay
2019-06-12,1205.0,-194.0,0.0,100,288.39,289.0,0,0.0,0.0,,0.0,1,0.06,1.39,SPY190614C00288000,288.0,normalDay
2019-06-13,1205.0,-135.0,0.0,100,289.58,289.0,0,0.0,0.0,,0.0,1,0.06,1.99,SPY190614C00288000,288.0,normalDay
2019-06-14,1111.0,-135.0,-94.0,0,289.26,0.0,0,0.0,0.0,,0.0,1,0.06,0.0,SPY190614C00288000,288.0,expirationDay
2019-06-17,1111.0,0.0,0.0,0,289.37,0.0,0,0.0,0.0,,0.0,0,0.0,0.0,,0.0,bidTooLow
2019-06-18,1111.0,-3.0,0.0,0,292.4,0.0,1,0.05,0.08,SPY190621P00279000,279.0,0,0.0,0.0,,0.0,normalDay
2019-06-19,1111.0,1.0,0.0,0,293.06,0.0,1,0.05,0.04,SPY190621P00279000,279.0,0,0.0,0.0,,0.0,normalDay
2019-06-20,1111.0,1.0,0.0,0,295.86,0.0,1,0.05,0.04,SPY190621P00279000,279.0,0,0.0,0.0,,0.0,normalDay
2019-06-21,1116.0,0.0,5.0,0,294.0,0.0,1,0.05,0.0,SPY190621P00279000,279.0,0,0.0,0.0,,0.0,expirationDay
2019-06-24,1116.0,0.0,0.0,0,293.64,0.0,0,0.0,0.0,,0.0,0,0.0,0.0,,0.0,bidTooLow
2019-06-25,1116.0,-3.0,0.0,0,290.76,0.0,1,0.04,0.07,SPY190628P00280000,280.0,0,0.0,0.0,,0.0,normalDay
2019-06-26,1116.0,0.0,0.0,0,290.47,0.0,1,0.04,0.04,SPY190628P00280000,280.0,0,0.0,0.0,,0.0,normalDay
2019-06-27,1116.0,2.0,0.0,0,291.5,0.0,1,0.04,0.02,SPY190628P00280000,280.0,0,0.0,0.0,,0.0,normalDay
2019-06-28,1120.0,0.0,4.0,0,293.0,0.0,1,0.04,0.0,SPY190628P00280000,280.0,0,0.0,0.0,,0.0,expirationDay
2019-07-01,1120.0,0.0,0.0,0,295.66,0.0,0,0.0,0.0,,0.0,0,0.0,0.0,,0.0,bidTooLow
2019-07-02,1120.0,-3.0,0.0,0,296.43,0.0,1,0.02,0.05,SPY190705P00287500,287.5,0,0.0,0.0,,0.0,normalDay
2019-07-03,1120.0,0.0,0.0,0,298.8,0.0,1,0.02,0.02,SPY190705P00287500,287.5,0,0.0,0.0,,0.0,normalDay
2019-07-05,1122.0,0.0,2.0,0,298.46,0.0,1,0.02,0.0,SPY190705P00287500,287.5,0,0.0,0.0,,0.0,expirationDay
2019-07-08,1122.0,0.0,0.0,0,296.82,0.0,0,0.0,0.0,,0.0,0,0.0,0.0,,0.0,bidTooLow
2019-07-09,1122.0,-3.0,0.0,0,297.19,0.0,1,0.06,0.09,SPY190712P00290000,290.0,0,0.0,0.0,,0.0,normalDay
2019-07-10,1122.0,3.0,0.0,0,298.61,0.0,1,0.06,0.03,SPY190712P00290000,290.0,0,0.0,0.0,,0.0,normalDay
2019-07-11,1122.0,4.0,0.0,0,299.31,0.0,1,0.06,0.02,SPY190712P00290000,290.0,0,0.0,0.0,,0.0,normalDay
2019-07-12,1128.0,0.0,6.0,0,300.65,0.0,1,0.06,0.0,SPY190712P00290000,290.0,0,0.0,0.0,,0.0,expirationDay
2019-07-15,1128.0,-3.0,0.0,0,300.75,0.0,1,0.01,0.04,SPY190717P00292000,292.0,0,0.0,0.0,,0.0,normalDay
2019-07-16,1128.0,-1.0,0.0,0,299.78,0.0,1,0.01,0.02,SPY190717P00292000,292.0,0,0.0,0.0,,0.0,normalDay
2019-07-17,1129.0,0.0,1.0,0,297.74,0.0,1,0.01,0.0,SPY190717P00292000,292.0,0,0.0,0.0,,0.0,expirationDay
2019-07-18,1129.0,-3.0,0.0,0,298.83,0.0,1,0.02,0.05,SPY190719P00293000,293.0,0,0.0,0.0,,0.0,normalDay
2019-07-19,1131.0,0.0,2.0,0,297.17,0.0,1,0.02,0.0,SPY190719P00293000,293.0,0,0.0,0.0,,0.0,expirationDay
2019-07-22,1131.0,-3.0,0.0,0,297.9,0.0,1,0.07,0.1,SPY190724P00293500,293.5,0,0.0,0.0,,0.0,normalDay
2019-07-23,1131.0,5.0,0.0,0,300.03,0.0,1,0.07,0.02,SPY190724P00293500,293.5,0,0.0,0.0,,0.0,normalDay
2019-07-24,1138.0,0.0,7.0,0,301.44,0.0,1,0.07,0.0,SPY190724P00293500,293.5,0,0.0,0.0,,0.0,expirationDay
2019-07-25,1138.0,-3.0,0.0,0,300.0,0.0,1,0.01,0.04,SPY190726P00295500,295.5,0,0.0,0.0,,0.0,normalDay
2019-07-26,1139.0,0.0,1.0,0,302.01,0.0,1,0.01,0.0,SPY190726P00295500,295.5,0,0.0,0.0,,0.0,expirationDay
2019-07-29,1139.0,-3.0,0.0,0,301.46,0.0,1,0.16,0.19,SPY190731P00297000,297.0,0,0.0,0.0,,0.0,normalDay
2019-07-30,1139.0,-7.0,0.0,0,300.72,0.0,1,0.16,0.23,SPY190731P00297000,297.0,0,0.0,0.0,,0.0,normalDay
2019-07-31,1155.0,0.0,16.0,0,297.43,0.0,1,0.16,0.0,SPY190731P00297000,297.0,0,0.0,0.0,,0.0,expirationDay
2019-08-01,1155.0,-7.0,0.0,0,294.84,0.0,1,2.35,2.42,SPY190802P00297000,297.0,0,0.0,0.0,,0.0,normalDay
2019-08-02,1390.0,-438.0,235.0,100,292.62,297.0,1,2.35,0.0,SPY190802P00297000,297.0,0,0.0,0.0,,0.0,expirationDay
2019-08-05,1390.0,-1321.0,0.0,100,283.82,297.0,0,0.0,0.0,,0.0,1,0.03,0.06,SPY190816C00302000,302.0,normalDay
2019-08-06,1390.0,-922.0,0.0,100,287.8,297.0,0,0.0,0.0,,0.0,1,0.03,0.05,SPY190816C00302000,302.0,normalDay
2019-08-07,1390.0,-904.0,0.0,100,287.97,297.0,0,0.0,0.0,,0.0,1,0.03,0.04,SPY190816C00302000,302.0,normalDay
2019-08-08,1390.0,-346.0,0.0,100,293.62,297.0,0,0.0,0.0,,0.0,1,0.03,0.11,SPY190816C00302000,302.0,normalDay
2019-08-09,1390.0,-539.0,0.0,100,291.62,297.0,0,0.0,0.0,,0.0,1,0.03,0.04,SPY190816C00302000,302.0,normalDay
2019-08-12,1390.0,-892.0,0.0,100,288.07,297.0,0,0.0,0.0,,0.0,1,0.03,0.02,SPY190816C00302000,302.0,normalDay
2019-08-13,1390.0,-445.0,0.0,100,292.55,297.0,0,0.0,0.0,,0.0,1,0.03,0.03,SPY190816C00302000,302.0,normalDay
2019-08-14,1390.0,-1308.0,0.0,100,283.9,297.0,0,0.0,0.0,,0.0,1,0.03,0.01,SPY190816C00302000,302.0,normalDay
2019-08-15,1390.0,-1233.0,0.0,100,284.65,297.0,0,0.0,0.0,,0.0,1,0.03,0.01,SPY190816C00302000,302.0,normalDay
2019-08-16,1393.0,-815.0,3.0,100,288.85,297.0,0,0.0,0.0,,0.0,1,0.03,0.0,SPY190816C00302000,302.0,expirationDay
2019-08-19,1393.0,-470.0,0.0,100,292.33,297.0,0,0.0,0.0,,0.0,1,0.24,0.27,SPY190830C00300000,300.0,normalDay
2019-08-20,1393.0,-682.0,0.0,100,290.09,297.0,0,0.0,0.0,,0.0,1,0.24,0.15,SPY190830C00300000,300.0,normalDay
2019-08-21,1393.0,-457.0,0.0,100,292.45,297.0,0,0.0,0.0,,0.0,1,0.24,0.26,SPY190830C00300000,300.0,normalDay
2019-08-22,1393.0,-457.0,0.0,100,292.36,297.0,0,0.0,0.0,,0.0,1,0.24,0.17,SPY190830C00300000,300.0,normalDay
2019-08-23,1393.0,-1194.0,0.0,100,284.85,297.0,0,0.0,0.0,,0.0,1,0.24,0.03,SPY190830C00300000,300.0,normalDay
2019-08-26,1393.0,-878.0,0.0,100,288.0,297.0,0,0.0,0.0,,0.0,1,0.24,0.02,SPY190830C00300000,300.0,normalDay
2019-08-27,1393.0,-990.0,0.0,100,286.87,297.0,0,0.0,0.0,,0.0,1,0.24,0.01,SPY190830C00300000,300.0,normalDay
2019-08-28,1393.0,-788.0,0.0,100,288.89,297.0,0,0.0,0.0,,0.0,1,0.24,0.01,SPY190830C00300000,300.0,normalDay
2019-08-29,1393.0,-419.0,0.0,100,292.58,297.0,0,0.0,0.0,,0.0,1,0.24,0.01,SPY190830C00300000,300.0,normalDay
2019-08-30,1417.0,-455.0,24.0,100,292.45,297.0,0,0.0,0.0,,0.0,1,0.24,0.0,SPY190830C00300000,300.0,expirationDay
2019-09-03,1417.0,-630.0,0.0,100,290.74,297.0,0,0.0,0.0,,0.0,1,2.4,2.44,SPY190913C00292500,292.5,normalDay
2019-09-04,1417.0,-423.0,0.0,100,294.04,297.0,0,0.0,0.0,,0.0,1,2.4,3.67,SPY190913C00292500,292.5,normalDay
2019-09-05,1417.0,-269.0,0.0,100,297.82,297.0,0,0.0,0.0,,0.0,1,2.4,5.91,SPY190913C00292500,292.5,normalDay
2019-09-06,1417.0,-277.0,0.0,100,298.05,297.0,0,0.0,0.0,,0.0,1,2.4,6.22,SPY190913C00292500,292.5,normalDay
2019-09-09,1417.0,-229.0,0.0,100,298.2,297.0,0,0.0,0.0,,0.0,1,2.4,5.89,SPY190913C00292500,292.5,normalDay
2019-09-10,1417.0,-225.0,0.0,100,298.13,297.0,0,0.0,0.0,,0.0,1,2.4,5.78,SPY190913C00292500,292.5,normalDay
2019-09-11,1417.0,-229.0,0.0,100,300.25,297.0,0,0.0,0.0,,0.0,1,2.4,7.94,SPY190913C00292500,292.5,normalDay
2019-09-12,1417.0,-243.0,0.0,100,301.29,297.0,0,0.0,0.0,,0.0,1,2.4,9.12,SPY190913C00292500,292.5,normalDay
2019-09-13,1207.0,-243.0,-210.0,0,301.09,0.0,0,0.0,0.0,,0.0,1,2.4,0.0,SPY190913C00292500,292.5,expirationDay
2019-09-16,1207.0,-3.0,0.0,0,300.16,0.0,1,0.02,0.05,SPY190918P00289000,289.0,0,0.0,0.0,,0.0,normalDay
2019-09-17,1207.0,0.0,0.0,0,300.92,0.0,1,0.02,0.02,SPY190918P00289000,289.0,0,0.0,0.0,,0.0,normalDay
2019-09-18,1209.0,0.0,2.0,0,301.1,0.0,1,0.02,0.0,SPY190918P00289000,289.0,0,0.0,0.0,,0.0,expirationDay
2019-09-19,1209.0,-3.0,0.0,0,301.08,0.0,1,0.04,0.07,SPY190920P00290000,290.0,0,0.0,0.0,,0.0,normalDay
2019-09-20,1213.0,0.0,4.0,0,298.28,0.0,1,0.04,0.0,SPY190920P00290000,290.0,0,0.0,0.0,,0.0,expirationDay
2019-09-23,1213.0,-3.0,0.0,0,298.21,0.0,1,0.03,0.06,SPY190925P00291500,291.5,0,0.0,0.0,,0.0,normalDay
2019-09-24,1213.0,-12.0,0.0,0,295.87,0.0,1,0.03,0.15,SPY190925P00291500,291.5,0,0.0,0.0,,0.0,normalDay
2019-09-25,1216.0,0.0,3.0,0,297.62,0.0,1,0.03,0.0,SPY190925P00291500,291.5,0,0.0,0.0,,0.0,expirationDay
2019-09-26,1216.0,-3.0,0.0,0,297.0,0.0,1,0.19,0.22,SPY190927P00294500,294.5,0,0.0,0.0,,0.0,normalDay
2019-09-27,1235.0,0.0,19.0,0,295.4,0.0,1,0.19,0.0,SPY190927P00294500,294.5,0,0.0,0.0,,0.0,expirationDay
2019-09-30,1235.0,-4.0,0.0,0,296.77,0.0,1,0.58,0.62,SPY191002P00295500,295.5,0,0.0,0.0,,0.0,normalDay
2019-10-01,1235.0,-188.0,0.0,0,293.24,0.0,1,0.58,2.46,SPY191002P00295500,295.5,0,0.0,0.0,,0.0,normalDay
2019-10-02,1293.0,-744.0,58.0,100,288.06,295.5,1,0.58,0.0,SPY191002P00295500,295.5,0,0.0,0.0,,0.0,expirationDay
2019-10-03,1293.0,-511.0,0.0,100,290.42,295.5,0,0.0,0.0,,0.0,1,0.09,0.12,SPY191014C00301000,301.0,normalDay
2019-10-04,1293.0,-135.0,0.0,100,294.35,295.5,0,0.0,0.0,,0.0,1,0.09,0.29,SPY191014C00301000,301.0,normalDay
2019-10-07,1293.0,-245.0,0.0,100,293.08,295.5,0,0.0,0.0,,0.0,1,0.09,0.12,SPY191014C00301000,301.0,normalDay
2019-10-08,1293.0,-692.0,0.0,100,288.53,295.5,0,0.0,0.0,,0.0,1,0.09,0.04,SPY191014C00301000,301.0,normalDay
2019-10-09,1293.0,-419.0,0.0,100,291.27,295.5,0,0.0,0.0,,0.0,1,0.09,0.05,SPY191014C00301000,301.0,normalDay
2019-10-10,1293.0,-229.0,0.0,100,293.24,295.5,0,0.0,0.0,,0.0,1,0.09,0.12,SPY191014C00301000,301.0,normalDay
2019-10-11,1293.0,80.0,0.0,100,296.28,295.5,0,0.0,0.0,,0.0,1,0.09,0.07,SPY191014C00301000,301.0,normalDay
2019-10-14,1302.0,45.0,9.0,100,295.95,295.5,0,0.0,0.0,,0.0,1,0.09,0.0,SPY191014C00301000,301.0,expirationDay
2019-10-15,1302.0,334.0,0.0,100,298.88,295.5,0,0.0,0.0,,0.0,1,2.2,2.24,SPY191025C00299000,299.0,normalDay
2019-10-16,1302.0,328.0,0.0,100,298.4,295.5,0,0.0,0.0,,0.0,1,2.2,1.82,SPY191025C00299000,299.0,normalDay
2019-10-17,1302.0,400.0,0.0,100,299.28,295.5,0,0.0,0.0,,0.0,1,2.2,1.98,SPY191025C00299000,299.0,normalDay
2019-10-18,1302.0,333.0,0.0,100,297.97,295.5,0,0.0,0.0,,0.0,1,2.2,1.34,SPY191025C00299000,299.0,normalDay
2019-10-21,1302.0,462.0,0.0,100,299.99,295.5,0,0.0,0.0,,0.0,1,2.2,2.07,SPY191025C00299000,299.0,normalDay
2019-10-22,1302.0,444.0,0.0,100,299.01,295.5,0,0.0,0.0,,0.0,1,2.2,1.27,SPY191025C00299000,299.0,normalDay
2019-10-23,1302.0,490.0,0.0,100,299.88,295.5,0,0.0,0.0,,0.0,1,2.2,1.68,SPY191025C00299000,299.0,normalDay
2019-10-24,1302.0,557.0,0.0,100,300.37,295.5,0,0.0,0.0,,0.0,1,2.2,1.5,SPY191025C00299000,299.0,normalDay
2019-10-25,1872.0,557.0,570.0,0,301.6,0.0,0,0.0,0.0,,0.0,1,2.2,0.0,SPY191025C00299000,299.0,expirationDay
2019-10-28,1872.0,0.0,0.0,0,303.3,0.0,0,0.0,0.0,,0.0,0,0.0,0.0,,0.0,bidTooLow
2019-10-29,1872.0,-3.0,0.0,0,303.21,0.0,1,0.02,0.05,SPY191101P00292000,292.0,0,0.0,0.0,,0.0,normalDay
2019-10-30,1872.0,0.0,0.0,0,304.14,0.0,1,0.02,0.02,SPY191101P00292000,292.0,0,0.0,0.0,,0.0,normalDay
2019-10-31,1872.0,1.0,0.0,0,303.33,0.0,1,0.02,0.01,SPY191101P00292000,292.0,0,0.0,0.0,,0.0,normalDay
2019-11-01,1874.0,0.0,2.0,0,306.14,0.0,1,0.02,0.0,SPY191101P00292000,292.0,0,0.0,0.0,,0.0,expirationDay
2019-11-04,1874.0,0.0,0.0,0,307.37,0.0,0,0.0,0.0,,0.0,0,0.0,0.0,,0.0,bidTooLow
2019-11-05,1874.0,0.0,0.0,0,307.03,0.0,0,0.0,0.0,,0.0,0,0.0,0.0,,0.0,bidTooLow
2019-11-06,1874.0,0.0,0.0,0,307.1,0.0,0,0.0,0.0,,0.0,0,0.0,0.0,,0.0,bidTooLow
2019-11-07,1874.0,0.0,0.0,0,308.18,0.0,0,0.0,0.0,,0.0,0,0.0,0.0,,0.0,bidTooLow
2019-11-08,1874.0,0.0,0.0,0,308.94,0.0,0,0.0,0.0,,0.0,0,0.0,0.0,,0.0,bidTooLow
2019-11-11,1874.0,0.0,0.0,0,308.35,0.0,0,0.0,0.0,,0.0,0,0.0,0.0,,0.0,bidTooLow
2019-11-12,1874.0,-3.0,0.0,0,309.0,0.0,1,0.01,0.04,SPY191115P00299500,299.5,0,0.0,0.0,,0.0,normalDay
2019-11-13,1874.0,-3.0,0.0,0,309.1,0.0,1,0.01,0.04,SPY191115P00299500,299.5,0,0.0,0.0,,0.0,normalDay
2019-11-14,1874.0,-1.0,0.0,0,309.55,0.0,1,0.01,0.02,SPY191115P00299500,299.5,0,0.0,0.0,,0.0,normalDay
2019-11-15,1875.0,0.0,1.0,0,311.79,0.0,1,0.01,0.0,SPY191115P00299500,299.5,0,0.0,0.0,,0.0,expirationDay
2019-11-18,1875.0,0.0,0.0,0,312.02,0.0,0,0.0,0.0,,0.0,0,0.0,0.0,,0.0,bidTooLow
2019-11-19,1875.0,-3.0,0.0,0,311.93,0.0,1,0.04,0.07,SPY191122P00303000,303.0,0,0.0,0.0,,0.0,normalDay
2019-11-20,1875.0,-4.0,0.0,0,310.77,0.0,1,0.04,0.08,SPY191122P00303000,303.0,0,0.0,0.0,,0.0,normalDay
2019-11-21,1875.0,1.0,0.0,0,310.27,0.0,1,0.04,0.03,SPY191122P00303000,303.0,0,0.0,0.0,,0.0,normalDay
2019-11-22,1879.0,0.0,4.0,0,310.96,0.0,1,0.04,0.0,SPY191122P00303000,303.0,0,0.0,0.0,,0.0,expirationDay
2019-11-25,1879.0,0.0,0.0,0,313.37,0.0,0,0.0,0.0,,0.0,0,0.0,0.0,,0.0,bidTooLow
2019-11-26,1879.0,-3.0,0.0,0,314.08,0.0,1,0.03,0.06,SPY191129P00306500,306.5,0,0.0,0.0,,0.0,normalDay
2019-11-27,1879.0,1.0,0.0,0,315.48,0.0,1,0.03,0.02,SPY191129P00306500,306.5,0,0.0,0.0,,0.0,normalDay
2019-11-29,1882.0,0.0,3.0,0,314.31,0.0,1,0.03,0.0,SPY191129P00306500,306.5,0,0.0,0.0,,0.0,expirationDay
2019-12-02,1882.0,-3.0,0.0,0,311.64,0.0,1,0.29,0.32,SPY191204P00308000,308.0,0,0.0,0.0,,0.0,normalDay
2019-12-03,1882.0,-21.0,0.0,0,309.55,0.0,1,0.29,0.5,SPY191204P00308000,308.0,0,0.0,0.0,,0.0,normalDay
2019-12-04,1911.0,0.0,29.0,0,311.46,0.0,1,0.29,0.0,SPY191204P00308000,308.0,0,0.0,0.0,,0.0,expirationDay
2019-12-05,1911.0,-3.0,0.0,0,312.02,0.0,1,0.13,0.16,SPY191206P00309000,309.0,0,0.0,0.0,,0.0,normalDay
2019-12-06,1924.0,0.0,13.0,0,314.87,0.0,1,0.13,0.0,SPY191206P00309000,309.0,0,0.0,0.0,,0.0,expirationDay
2019-12-09,1924.0,-3.0,0.0,0,313.88,0.0,1,0.25,0.28,SPY191211P00309500,309.5,0,0.0,0.0,,0.0,normalDay
2019-12-10,1924.0,16.0,0.0,0,313.53,0.0,1,0.25,0.09,SPY191211P00309500,309.5,0,0.0,0.0,,0.0,normalDay
2019-12-11,1949.0,0.0,25.0,0,314.42,0.0,1,0.25,0.0,SPY191211P00309500,309.5,0,0.0,0.0,,0.0,expirationDay
2019-12-12,1949.0,-3.0,0.0,0,317.13,0.0,1,0.06,0.09,SPY191213P00310500,310.5,0,0.0,0.0,,0.0,normalDay
2019-12-13,1955.0,0.0,6.0,0,317.32,0.0,1,0.06,0.0,SPY191213P00310500,310.5,0,0.0,0.0,,0.0,expirationDay
2019-12-16,1955.0,-3.0,0.0,0,319.5,0.0,1,0.05,0.08,SPY191218P00311000,311.0,0,0.0,0.0,,0.0,normalDay
2019-12-17,1955.0,3.0,0.0,0,319.57,0.0,1,0.05,0.02,SPY191218P00311000,311.0,0,0.0,0.0,,0.0,normalDay
2019-12-18,1960.0,0.0,5.0,0,319.59,0.0,1,0.05,0.0,SPY191218P00311000,311.0,0,0.0,0.0,,0.0,expirationDay
2019-12-19,1960.0,-3.0,0.0,0,320.9,0.0,1,0.01,0.04,SPY191220P00311500,311.5,0,0.0,0.0,,0.0,normalDay
2019-12-20,1961.0,0.0,1.0,0,320.73,0.0,1,0.01,0.0,SPY191220P00311500,311.5,0,0.0,0.0,,0.0,expirationDay
2019-12-23,1961.0,0.0,0.0,0,321.22,0.0,0,0.0,0.0,,0.0,0,0.0,0.0,,0.0,bidTooLow
2019-12-24,1961.0,0.0,0.0,0,321.23,0.0,0,0.0,0.0,,0.0,0,0.0,0.0,,0.0,bidTooLow
2019-12-26,1961.0,0.0,0.0,0,322.94,0.0,0,0.0,0.0,,0.0,0,0.0,0.0,,0.0,bidTooLow
2019-12-27,1961.0,0.0,0.0,0,322.86,0.0,0,0.0,0.0,,0.0,0,0.0,0.0,,0.0,bidTooLow
2019-12-30,1961.0,0.0,0.0,0,321.08,0.0,0,0.0,0.0,,0.0,0,0.0,0.0,,0.0,bidTooLow
2019-12-31,1961.0,-3.0,0.0,0,321.86,0.0,1,0.1,0.13,SPY200103P00313500,313.5,0,0.0,0.0,,0.0,normalDay
2020-01-02,1961.0,8.0,0.0,0,324.87,0.0,1,0.1,0.02,SPY200103P00313500,313.5,0,0.0,0.0,,0.0,normalDay
2020-01-03,1971.0,0.0,10.0,0,322.41,0.0,1,0.1,0.0,SPY200103P00313500,313.5,0,0.0,0.0,,0.0,expirationDay
2020-01-06,1971.0,-3.0,0.0,0,323.64,0.0,1,0.02,0.05,SPY200108P00316000,316.0,0,0.0,0.0,,0.0,normalDay
2020-01-07,1971.0,0.0,0.0,0,322.73,0.0,1,0.02,0.02,SPY200108P00316000,316.0,0,0.0,0.0,,0.0,normalDay
2020-01-08,1973.0,0.0,2.0,0,324.45,0.0,1,0.02,0.0,SPY200108P00316000,316.0,0,0.0,0.0,,0.0,expirationDay
2020-01-09,1973.0,0.0,0.0,0,326.65,0.0,0,0.0,0.0,,0.0,0,0.0,0.0,,0.0,bidTooLow
2020-01-10,1973.0,-3.0,0.0,0,325.71,0.0,1,0.02,0.05,SPY200113P00319500,319.5,0,0.0,0.0,,0.0,normalDay
2020-01-13,1975.0,0.0,2.0,0,327.95,0.0,1,0.02,0.0,SPY200113P00319500,319.5,0,0.0,0.0,,0.0,expirationDay
2020-01-14,1975.0,-3.0,0.0,0,327.45,0.0,1,0.1,0.13,SPY200117P00320500,320.5,0,0.0,0.0,,0.0,normalDay
2020-01-15,1975.0,4.0,0.0,0,328.19,0.0,1,0.1,0.06,SPY200117P00320500,320.5,0,0.0,0.0,,0.0,normalDay
2020-01-16,1975.0,7.0,0.0,0,330.92,0.0,1,0.1,0.03,SPY200117P00320500,320.5,0,0.0,0.0,,0.0,normalDay
2020-01-17,1985.0,0.0,10.0,0,331.95,0.0,1,0.1,0.0,SPY200117P00320500,320.5,0,0.0,0.0,,0.0,expirationDay
2020-01-21,1985.0,-3.0,0.0,0,331.3,0.0,1,0.03,0.06,SPY200124P00321500,321.5,0,0.0,0.0,,0.0,normalDay
2020-01-22,1985.0,0.0,0.0,0,331.34,0.0,1,0.03,0.03,SPY200124P00321500,321.5,0,0.0,0.0,,0.0,normalDay
2020-01-23,1985.0,1.0,0.0,0,331.72,0.0,1,0.03,0.02,SPY200124P00321500,321.5,0,0.0,0.0,,0.0,normalDay
2020-01-24,1988.0,0.0,3.0,0,328.77,0.0,1,0.03,0.0,SPY200124P00321500,321.5,0,0.0,0.0,,0.0,expirationDay
2020-01-27,1988.0,-5.0,0.0,0,323.5,0.0,1,1.94,1.99,SPY200129P00323000,323.0,0,0.0,0.0,,0.0,normalDay
2020-01-28,1988.0,162.0,0.0,0,326.89,0.0,1,1.94,0.32,SPY200129P00323000,323.0,0,0.0,0.0,,0.0,normalDay
2020-01-29,2182.0,0.0,194.0,0,326.62,0.0,1,1.94,0.0,SPY200129P00323000,323.0,0,0.0,0.0,,0.0,expirationDay
2020-01-30,2182.0,-3.0,0.0,0,327.68,0.0,1,0.11,0.14,SPY200131P00324000,324.0,0,0.0,0.0,,0.0,normalDay
2020-01-31,2193.0,-227.0,11.0,100,321.73,324.0,1,0.11,0.0,SPY200131P00324000,324.0,0,0.0,0.0,,0.0,expirationDay
2020-02-03,2193.0,8.0,0.0,100,324.12,324.0,0,0.0,0.0,,0.0,1,1.05,1.09,SPY200214C00330000,330.0,normalDay
2020-02-04,2193.0,341.0,0.0,100,329.06,324.0,0,0.0,0.0,,0.0,1,1.05,2.7,SPY200214C00330000,330.0,normalDay
2020-02-05,2193.0,520.0,0.0,100,332.86,324.0,0,0.0,0.0,,0.0,1,1.05,4.71,SPY200214C00330000,330.0,normalDay
2020-02-06,2193.0,599.0,0.0,100,333.98,324.0,0,0.0,0.0,,0.0,1,1.05,5.04,SPY200214C00330000,330.0,normalDay
2020-02-07,2193.0,537.0,0.0,100,332.2,324.0,0,0.0,0.0,,0.0,1,1.05,3.88,SPY200214C00330000,330.0,normalDay
2020-02-10,2193.0,624.0,0.0,100,334.68,324.0,0,0.0,0.0,,0.0,1,1.05,5.49,SPY200214C00330000,330.0,normalDay
2020-02-11,2193.0,652.0,0.0,100,335.26,324.0,0,0.0,0.0,,0.0,1,1.05,5.79,SPY200214C00330000,330.0,normalDay
2020-02-12,2193.0,691.0,0.0,100,337.42,324.0,0,0.0,0.0,,0.0,1,1.05,7.56,SPY200214C00330000,330.0,normalDay
2020-02-13,2193.0,678.0,0.0,100,337.06,324.0,0,0.0,0.0,,0.0,1,1.05,7.33,SPY200214C00330000,330.0,normalDay
2020-02-14,2898.0,678.0,705.0,0,337.6,0.0,0,0.0,0.0,,0.0,1,1.05,0.0,SPY200214C00330000,330.0,expirationDay
2020-02-18,2898.0,-3.0,0.0,0,336.73,0.0,1,0.06,0.09,SPY200221P00326000,326.0,0,0.0,0.0,,0.0,normalDay
2020-02-19,2898.0,2.0,0.0,0,338.34,0.0,1,0.06,0.04,SPY200221P00326000,326.0,0,0.0,0.0,,0.0,normalDay
2020-02-20,2898.0,3.0,0.0,0,336.95,0.0,1,0.06,0.03,SPY200221P00326000,326.0,0,0.0,0.0,,0.0,normalDay
2020-02-21,2904.0,0.0,6.0,0,333.48,0.0,1,0.06,0.0,SPY200221P00326000,326.0,0,0.0,0.0,,0.0,expirationDay
2020-02-24,2904.0,-8.0,0.0,0,322.42,0.0,1,5.14,5.22,SPY200226P00326000,326.0,0,0.0,0.0,,0.0,normalDay
2020-02-25,2904.0,-783.0,0.0,0,312.65,0.0,1,5.14,12.97,SPY200226P00326000,326.0,0,0.0,0.0,,0.0,normalDay
2020-02-26,3418.0,-1450.0,514.0,100,311.5,326.0,1,5.14,0.0,SPY200226P00326000,326.0,0,0.0,0.0,,0.0,expirationDay
2020-02-27,3418.0,-2852.0,0.0,100,297.51,326.0,0,0.0,0.0,,0.0,1,0.01,0.04,SPY200309C00340000,340.0,normalDay
2020-02-28,3418.0,-2977.0,0.0,100,296.26,326.0,0,0.0,0.0,,0.0,1,0.01,0.04,SPY200309C00340000,340.0,normalDay
2020-03-02,3418.0,-1693.0,0.0,100,309.09,326.0,0,0.0,0.0,,0.0,1,0.01,0.03,SPY200309C00340000,340.0,normalDay
2020-03-03,3418.0,-2577.0,0.0,100,300.24,326.0,0,0.0,0.0,,0.0,1,0.01,0.02,SPY200309C00340000,340.0,normalDay
2020-03-04,3418.0,-1315.0,0.0,100,312.86,326.0,0,0.0,0.0,,0.0,1,0.01,0.02,SPY200309C00340000,340.0,normalDay
2020-03-05,3418.0,-2354.0,0.0,100,302.46,326.0,0,0.0,0.0,,0.0,1,0.01,0.01,SPY200309C00340000,340.0,normalDay
2020-03-06,3418.0,-2854.0,0.0,100,297.46,326.0,0,0.0,0.0,,0.0,1,0.01,0.01,SPY200309C00340000,340.0,normalDay
2020-03-09,3419.0,-5177.0,1.0,100,274.23,326.0,0,0.0,0.0,,0.0,1,0.01,0.0,SPY200309C00340000,340.0,expirationDay
2020-03-10,3419.0,-3758.0,0.0,100,288.42,326.0,0,0.0,0.0,,0.0,0,0.0,0.0,,0.0,bidTooLow
2020-03-11,3419.0,-5164.0,0.0,100,274.36,326.0,0,0.0,0.0,,0.0,0,0.0,0.0,,0.0,bidTooLow
2020-03-12,3419.0,-7789.0,0.0,100,248.11,326.0,0,0.0,0.0,,0.0,0,0.0,0.0,,0.0,bidTooLow
2020-03-13,3419.0,-5668.0,0.0,100,269.32,326.0,0,0.0,0.0,,0.0,0,0.0,0.0,,0.0,bidTooLow
2020-03-16,3419.0,-8621.0,0.0,100,239.85,326.0,0,0.0,0.0,,0.0,1,0.01,0.07,SPY200327C00328000,328.0,normalDay
2020-03-17,3419.0,-7323.0,0.0,100,252.8,326.0,0,0.0,0.0,,0.0,1,0.01,0.04,SPY200327C00328000,328.0,normalDay
2020-03-18,3419.0,-8601.0,0.0,100,240.0,326.0,0,0.0,0.0,,0.0,1,0.01,0.02,SPY200327C00328000,328.0,normalDay
2020-03-19,3419.0,-8550.0,0.0,100,240.51,326.0,0,0.0,0.0,,0.0,1,0.01,0.02,SPY200327C00328000,328.0,normalDay
2020-03-20,3419.0,-9720.0,0.0,100,228.8,326.0,0,0.0,0.0,,0.0,1,0.01,0.01,SPY200327C00328000,328.0,normalDay
2020-03-23,3419.0,-10305.0,0.0,100,222.95,326.0,0,0.0,0.0,,0.0,1,0.01,0.01,SPY200327C00328000,328.0,normalDay
2020-03-24,3419.0,-8285.0,0.0,100,243.15,326.0,0,0.0,0.0,,0.0,1,0.01,0.01,SPY200327C00328000,328.0,normalDay
2020-03-25,3419.0,-7921.0,0.0,100,246.79,326.0,0,0.0,0.0,,0.0,1,0.01,0.01,SPY200327C00328000,328.0,normalDay
2020-03-26,3419.0,-6480.0,0.0,100,261.2,326.0,0,0.0,0.0,,0.0,1,0.01,0.01,SPY200327C00328000,328.0,normalDay
2020-03-27,3420.0,-7258.0,1.0,100,253.42,326.0,0,0.0,0.0,,0.0,1,0.01,0.0,SPY200327C00328000,328.0,expirationDay
2020-03-30,3420.0,-6440.0,0.0,100,261.65,326.0,0,0.0,0.0,,0.0,1,0.58,0.63,SPY200409C00289000,289.0,normalDay
2020-03-31,3420.0,-6782.0,0.0,100,257.75,326.0,0,0.0,0.0,,0.0,1,0.58,0.15,SPY200409C00289000,289.0,normalDay
2020-04-01,3420.0,-7934.0,0.0,100,246.15,326.0,0,0.0,0.0,,0.0,1,0.58,0.07,SPY200409C00289000,289.0,normalDay
2020-04-02,3420.0,-7365.0,0.0,100,251.83,326.0,0,0.0,0.0,,0.0,1,0.58,0.06,SPY200409C00289000,289.0,normalDay
2020-04-03,3420.0,-7726.0,0.0,100,248.19,326.0,0,0.0,0.0,,0.0,1,0.58,0.03,SPY200409C00289000,289.0,normalDay
2020-04-06,3420.0,-6062.0,0.0,100,264.86,326.0,0,0.0,0.0,,0.0,1,0.58,0.06,SPY200409C00289000,289.0,normalDay
2020-04-07,3420.0,-6033.0,0.0,100,265.13,326.0,0,0.0,0.0,,0.0,1,0.58,0.04,SPY200409C00289000,289.0,normalDay
2020-04-08,3420.0,-5143.0,0.0,100,274.03,326.0,0,0.0,0.0,,0.0,1,0.58,0.04,SPY200409C00289000,289.0,normalDay
2020-04-09,3478.0,-4780.0,58.0,100,278.2,326.0,0,0.0,0.0,,0.0,1,0.58,0.0,SPY200409C00289000,289.0,expirationDay
2020-04-13,3478.0,-5048.0,0.0,100,275.66,326.0,0,0.0,0.0,,0.0,1,12.34,12.48,SPY200424C00268000,268.0,normalDay
2020-04-14,3478.0,-4827.0,0.0,100,283.79,326.0,0,0.0,0.0,,0.0,1,12.34,18.4,SPY200424C00268000,268.0,normalDay
2020-04-15,3478.0,-4914.0,0.0,100,277.76,326.0,0,0.0,0.0,,0.0,1,12.34,13.24,SPY200424C00268000,268.0,normalDay
2020-04-16,3478.0,-4853.0,0.0,100,279.1,326.0,0,0.0,0.0,,0.0,1,12.34,13.97,SPY200424C00268000,268.0,normalDay
2020-04-17,3478.0,-4689.0,0.0,100,286.64,326.0,0,0.0,0.0,,0.0,1,12.34,19.87,SPY200424C00268000,268.0,normalDay
2020-04-20,3478.0,-4696.0,0.0,100,281.59,326.0,0,0.0,0.0,,0.0,1,12.34,14.89,SPY200424C00268000,268.0,normalDay
2020-04-21,3478.0,-4855.0,0.0,100,273.04,326.0,0,0.0,0.0,,0.0,1,12.34,7.93,SPY200424C00268000,268.0,normalDay
2020-04-22,3478.0,-4576.0,0.0,100,279.1,326.0,0,0.0,0.0,,0.0,1,12.34,11.2,SPY200424C00268000,268.0,normalDay
2020-04-23,3478.0,-4556.0,0.0,100,279.08,326.0,0,0.0,0.0,,0.0,1,12.34,10.98,SPY200424C00268000,268.0,normalDay
2020-04-24,-1088.0,-4556.0,-4566.0,0,282.97,0.0,0,0.0,0.0,,0.0,1,12.34,0.0,SPY200424C00268000,268.0,expirationDay
2020-04-27,-1088.0,0.0,0.0,0,287.05,0.0,0,0.0,0.0,,0.0,0,0.0,0.0,,0.0,bidTooLow
2020-04-28,-1088.0,-3.0,0.0,0,285.73,0.0,1,0.02,0.05,SPY200501P00260000,260.0,0,0.0,0.0,,0.0,normalDay
2020-04-29,-1088.0,0.0,0.0,0,293.21,0.0,1,0.02,0.02,SPY200501P00260000,260.0,0,0.0,0.0,,0.0,normalDay
2020-04-30,-1088.0,1.0,0.0,0,290.48,0.0,1,0.02,0.01,SPY200501P00260000,260.0,0,0.0,0.0,,0.0,normalDay
2020-05-01,-1086.0,0.0,2.0,0,282.79,0.0,1,0.02,0.0,SPY200501P00260000,260.0,0,0.0,0.0,,0.0,expirationDay
2020-05-04,-1086.0,-3.0,0.0,0,283.57,0.0,1,0.32,0.35,SPY200506P00273000,273.0,0,0.0,0.0,,0.0,normalDay
2020-05-05,-1086.0,29.0,0.0,0,286.19,0.0,1,0.32,0.03,SPY200506P00273000,273.0,0,0.0,0.0,,0.0,normalDay
2020-05-06,-1054.0,0.0,32.0,0,284.25,0.0,1,0.32,0.0,SPY200506P00273000,273.0,0,0.0,0.0,,0.0,expirationDay
2020-05-07,-1054.0,-3.0,0.0,0,287.68,0.0,1,0.08,0.11,SPY200508P00278000,278.0,0,0.0,0.0,,0.0,normalDay
2020-05-08,-1046.0,0.0,8.0,0,292.44,0.0,1,0.08,0.0,SPY200508P00278000,278.0,0,0.0,0.0,,0.0,expirationDay
2020-05-11,-1046.0,-3.0,0.0,0,292.5,0.0,1,0.06,0.09,SPY200513P00279000,279.0,0,0.0,0.0,,0.0,normalDay
2020-05-12,-1046.0,-17.0,0.0,0,286.67,0.0,1,0.06,0.23,SPY200513P00279000,279.0,0,0.0,0.0,,0.0,normalDay
2020-05-13,-1040.0,0.0,6.0,0,281.6,0.0,1,0.06,0.0,SPY200513P00279000,279.0,0,0.0,0.0,,0.0,expirationDay
2020-05-14,-1040.0,-3.0,0.0,0,284.97,0.0,1,0.41,0.44,SPY200515P00280000,280.0,0,0.0,0.0,,0.0,normalDay
2020-05-15,-999.0,0.0,41.0,0,286.28,0.0,1,0.41,0.0,SPY200515P00280000,280.0,0,0.0,0.0,,0.0,expirationDay
2020-05-18,-999.0,-3.0,0.0,0,295.0,0.0,1,0.05,0.08,SPY200520P00280000,280.0,0,0.0,0.0,,0.0,normalDay
2020-05-19,-999.0,2.0,0.0,0,291.97,0.0,1,0.05,0.03,SPY200520P00280000,280.0,0,0.0,0.0,,0.0,normalDay
2020-05-20,-994.0,0.0,5.0,0,296.93,0.0,1,0.05,0.0,SPY200520P00280000,280.0,0,0.0,0.0,,0.0,expirationDay
2020-05-21,-994.0,-3.0,0.0,0,294.88,0.0,1,0.01,0.04,SPY200522P00284000,284.0,0,0.0,0.0,,0.0,normalDay
2020-05-22,-993.0,0.0,1.0,0,295.44,0.0,1,0.01,0.0,SPY200522P00284000,284.0,0,0.0,0.0,,0.0,expirationDay
2020-05-26,-993.0,-3.0,0.0,0,299.08,0.0,1,0.13,0.16,SPY200529P00284000,284.0,0,0.0,0.0,,0.0,normalDay
2020-05-27,-993.0,8.0,0.0,0,303.53,0.0,1,0.13,0.05,SPY200529P00284000,284.0,0,0.0,0.0,,0.0,normalDay
2020-05-28,-993.0,10.0,0.0,0,302.97,0.0,1,0.13,0.03,SPY200529P00284000,284.0,0,0.0,0.0,,0.0,normalDay
2020-05-29,-980.0,0.0,13.0,0,304.32,0.0,1,0.13,0.0,SPY200529P00284000,284.0,0,0.0,0.0,,0.0,expirationDay
2020-06-01,-980.0,0.0,0.0,0,305.55,0.0,0,0.0,0.0,,0.0,0,0.0,0.0,,0.0,bidTooLow
2020-06-02,-980.0,-3.0,0.0,0,308.08,0.0,1,0.01,0.04,SPY200605P00286000,286.0,0,0.0,0.0,,0.0,normalDay
2020-06-03,-980.0,-2.0,0.0,0,312.18,0.0,1,0.01,0.03,SPY200605P00286000,286.0,0,0.0,0.0,,0.0,normalDay
2020-06-04,-980.0,0.0,0.0,0,311.36,0.0,1,0.01,0.01,SPY200605P00286000,286.0,0,0.0,0.0,,0.0,normalDay
2020-06-05,-979.0,0.0,1.0,0,319.34,0.0,1,0.01,0.0,SPY200605P00286000,286.0,0,0.0,0.0,,0.0,expirationDay
2020-06-08,-979.0,0.0,0.0,0,323.2,0.0,0,0.0,0.0,,0.0,0,0.0,0.0,,0.0,bidTooLow
2020-06-09,-979.0,-3.0,0.0,0,320.79,0.0,1,0.02,0.05,SPY200612P00289000,289.0,0,0.0,0.0,,0.0,normalDay
2020-06-10,-979.0,-1.0,0.0,0,319.0,0.0,1,0.02,0.03,SPY200612P00289000,289.0,0,0.0,0.0,,0.0,normalDay
2020-06-11,-979.0,-42.0,0.0,0,300.61,0.0,1,0.02,0.44,SPY200612P00289000,289.0,0,0.0,0.0,,0.0,normalDay
2020-06-12,-977.0,0.0,2.0,0,304.21,0.0,1,0.02,0.0,SPY200612P00289000,289.0,0,0.0,0.0,,0.0,expirationDay
2020-06-15,-977.0,-3.0,0.0,0,307.05,0.0,1,0.55,0.58,SPY200617P00296000,296.0,0,0.0,0.0,,0.0,normalDay
2020-06-16,-977.0,49.0,0.0,0,312.96,0.0,1,0.55,0.06,SPY200617P00296000,296.0,0,0.0,0.0,,0.0,normalDay
2020-06-17,-922.0,0.0,55.0,0,311.66,0.0,1,0.55,0.0,SPY200617P00296000,296.0,0,0.0,0.0,,0.0,expirationDay
2020-06-18,-922.0,-3.0,0.0,0,311.78,0.0,1,0.13,0.16,SPY200619P00300000,300.0,0,0.0,0.0,,0.0,normalDay
2020-06-19,-909.0,0.0,13.0,0,308.64,0.0,1,0.13,0.0,SPY200619P00300000,300.0,0,0.0,0.0,,0.0,expirationDay
2020-06-22,-909.0,-3.0,0.0,0,310.62,0.0,1,0.55,0.58,SPY200624P00303000,303.0,0,0.0,0.0,,0.0,normalDay
2020-06-23,-909.0,42.0,0.0,0,312.05,0.0,1,0.55,0.13,SPY200624P00303000,303.0,0,0.0,0.0,,0.0,normalDay
2020-06-24,-854.0,0.0,55.0,0,304.09,0.0,1,0.55,0.0,SPY200624P00303000,303.0,0,0.0,0.0,,0.0,expirationDay
2020-06-25,-854.0,-4.0,0.0,0,307.35,0.0,1,0.95,0.99,SPY200626P00305000,305.0,0,0.0,0.0,,0.0,normalDay
2020-06-26,-759.0,-495.0,95.0,100,300.05,305.0,1,0.95,0.0,SPY200626P00305000,305.0,0,0.0,0.0,,0.0,expirationDay
2020-06-29,-759.0,-58.0,0.0,100,304.46,305.0,0,0.0,0.0,,0.0,1,0.76,0.8,SPY200710C00317000,317.0,normalDay
2020-06-30,-759.0,277.0,0.0,100,308.36,305.0,0,0.0,0.0,,0.0,1,0.76,1.35,SPY200710C00317000,317.0,normalDay
2020-07-01,-759.0,492.0,0.0,100,310.52,305.0,0,0.0,0.0,,0.0,1,0.76,1.36,SPY200710C00317000,317.0,normalDay
2020-07-02,-759.0,654.0,0.0,100,312.23,305.0,0,0.0,0.0,,0.0,1,0.76,1.45,SPY200710C00317000,317.0,normalDay
2020-07-06,-759.0,990.0,0.0,100,317.05,305.0,0,0.0,0.0,,0.0,1,0.76,2.91,SPY200710C00317000,317.0,normalDay
2020-07-07,-759.0,827.0,0.0,100,313.78,305.0,0,0.0,0.0,,0.0,1,0.76,1.27,SPY200710C00317000,317.0,normalDay
2020-07-08,-759.0,1023.0,0.0,100,316.18,305.0,0,0.0,0.0,,0.0,1,0.76,1.71,SPY200710C00317000,317.0,normalDay
2020-07-09,-759.0,961.0,0.0,100,314.38,305.0,0,0.0,0.0,,0.0,1,0.76,0.53,SPY200710C00317000,317.0,normalDay
2020-07-10,517.0,961.0,1276.0,0,317.59,0.0,0,0.0,0.0,,0.0,1,0.76,0.0,SPY200710C00317000,317.0,expirationDay
2020-07-13,517.0,-4.0,0.0,0,314.84,0.0,1,0.55,0.59,SPY200715P00306000,306.0,0,0.0,0.0,,0.0,normalDay
2020-07-14,517.0,48.0,0.0,0,318.92,0.0,1,0.55,0.07,SPY200715P00306000,306.0,0,0.0,0.0,,0.0,normalDay
2020-07-15,572.0,0.0,55.0,0,321.85,0.0,1,0.55,0.0,SPY200715P00306000,306.0,0,0.0,0.0,,0.0,expirationDay
2020-07-16,572.0,-3.0,0.0,0,320.79,0.0,1,0.04,0.07,SPY200717P00307000,307.0,0,0.0,0.0,,0.0,normalDay
2020-07-17,576.0,0.0,4.0,0,321.72,0.0,1,0.04,0.0,SPY200717P00307000,307.0,0,0.0,0.0,,0.0,expirationDay
2020-07-20,576.0,0.0,0.0,0,324.32,0.0,0,0.0,0.0,,0.0,0,0.0,0.0,,0.0,bidTooLow
2020-07-21,576.0,-3.0,0.0,0,325.01,0.0,1,0.03,0.06,SPY200724P00307000,307.0,0,0.0,0.0,,0.0,normalDay
2020-07-22,576.0,0.0,0.0,0,326.86,0.0,1,0.03,0.03,SPY200724P00307000,307.0,0,0.0,0.0,,0.0,normalDay
2020-07-23,576.0,0.0,0.0,0,322.96,0.0,1,0.03,0.03,SPY200724P00307000,307.0,0,0.0,0.0,,0.0,normalDay
2020-07-24,579.0,0.0,3.0,0,320.88,0.0,1,0.03,0.0,SPY200724P00307000,307.0,0,0.0,0.0,,0.0,expirationDay
2020-07-27,579.0,-3.0,0.0,0,323.22,0.0,1,0.05,0.08,SPY200729P00312000,312.0,0,0.0,0.0,,0.0,normalDay
2020-07-28,579.0,-3.0,0.0,0,321.17,0.0,1,0.05,0.08,SPY200729P00312000,312.0,0,0.0,0.0,,0.0,normalDay
2020-07-29,584.0,0.0,5.0,0,325.12,0.0,1,0.05,0.0,SPY200729P00312000,312.0,0,0.0,0.0,,0.0,expirationDay
2020-07-30,584.0,-3.0,0.0,0,323.96,0.0,1,0.16,0.19,SPY200731P00316000,316.0,0,0.0,0.0,,0.0,normalDay
2020-07-31,600.0,0.0,16.0,0,326.52,0.0,1,0.16,0.0,SPY200731P00316000,316.0,0,0.0,0.0,,0.0,expirationDay
2020-08-03,600.0,-3.0,0.0,0,328.79,0.0,1,0.06,0.09,SPY200805P00317000,317.0,0,0.0,0.0,,0.0,normalDay
2020-08-04,600.0,3.0,0.0,0,330.06,0.0,1,0.06,0.03,SPY200805P00317000,317.0,0,0.0,0.0,,0.0,normalDay
2020-08-05,606.0,0.0,6.0,0,332.11,0.0,1,0.06,0.0,SPY200805P00317000,317.0,0,0.0,0.0,,0.0,expirationDay
2020-08-06,606.0,-3.0,0.0,0,334.33,0.0,1,0.01,0.04,SPY200807P00319000,319.0,0,0.0,0.0,,0.0,normalDay
2020-08-07,607.0,0.0,1.0,0,334.57,0.0,1,0.01,0.0,SPY200807P00319000,319.0,0,0.0,0.0,,0.0,expirationDay
2020-08-10,607.0,-3.0,0.0,0,335.57,0.0,1,0.03,0.06,SPY200812P00321000,321.0,0,0.0,0.0,,0.0,normalDay
2020-08-11,607.0,-8.0,0.0,0,332.8,0.0,1,0.03,0.11,SPY200812P00321000,321.0,0,0.0,0.0,,0.0,normalDay
2020-08-12,610.0,0.0,3.0,0,337.44,0.0,1,0.03,0.0,SPY200812P00321000,321.0,0,0.0,0.0,,0.0,expirationDay
2020-08-13,610.0,-3.0,0.0,0,336.83,0.0,1,0.01,0.04,SPY200814P00323000,323.0,0,0.0,0.0,,0.0,normalDay
2020-08-14,611.0,0.0,1.0,0,336.84,0.0,1,0.01,0.0,SPY200814P00323000,323.0,0,0.0,0.0,,0.0,expirationDay
2020-08-17,611.0,-3.0,0.0,0,337.91,0.0,1,0.02,0.05,SPY200819P00324000,324.0,0,0.0,0.0,,0.0,normalDay
2020-08-18,611.0,-1.0,0.0,0,338.64,0.0,1,0.02,0.03,SPY200819P00324000,324.0,0,0.0,0.0,,0.0,normalDay
2020-08-19,613.0,0.0,2.0,0,337.23,0.0,1,0.02,0.0,SPY200819P00324000,324.0,0,0.0,0.0,,0.0,expirationDay
2020-08-20,613.0,-3.0,0.0,0,338.28,0.0,1,0.02,0.05,SPY200821P00325000,325.0,0,0.0,0.0,,0.0,normalDay
2020-08-21,615.0,0.0,2.0,0,339.48,0.0,1,0.02,0.0,SPY200821P00325000,325.0,0,0.0,0.0,,0.0,expirationDay
2020-08-24,615.0,-3.0,0.0,0,342.92,0.0,1,0.04,0.07,SPY200826P00328000,328.0,0,0.0,0.0,,0.0,normalDay
2020-08-25,615.0,2.0,0.0,0,344.12,0.0,1,0.04,0.02,SPY200826P00328000,328.0,0,0.0,0.0,,0.0,normalDay
2020-08-26,619.0,0.0,4.0,0,347.57,0.0,1,0.04,0.0,SPY200826P00328000,328.0,0,0.0,0.0,,0.0,expirationDay
2020-08-27,619.0,-3.0,0.0,0,348.33,0.0,1,0.01,0.04,SPY200828P00331000,331.0,0,0.0,0.0,,0.0,normalDay
2020-08-28,620.0,0.0,1.0,0,350.58,0.0,1,0.01,0.0,SPY200828P00331000,331.0,0,0.0,0.0,,0.0,expirationDay
2020-08-31,620.0,-3.0,0.0,0,349.31,0.0,1,0.06,0.09,SPY200902P00333000,333.0,0,0.0,0.0,,0.0,normalDay
2020-09-01,620.0,4.0,0.0,0,352.6,0.0,1,0.06,0.02,SPY200902P00333000,333.0,0,0.0,0.0,,0.0,normalDay
2020-09-02,626.0,0.0,6.0,0,357.7,0.0,1,0.06,0.0,SPY200902P00333000,333.0,0,0.0,0.0,,0.0,expirationDay
2020-09-03,626.0,-5.0,0.0,0,345.39,0.0,1,0.21,0.26,SPY200904P00335000,335.0,0,0.0,0.0,,0.0,normalDay
2020-09-04,647.0,0.0,21.0,0,342.57,0.0,1,0.21,0.0,SPY200904P00335000,335.0,0,0.0,0.0,,0.0,expirationDay
2020-09-08,647.0,-8.0,0.0,0,333.21,0.0,1,5.39,5.47,SPY200911P00336000,336.0,0,0.0,0.0,,0.0,normalDay
2020-09-09,647.0,350.0,0.0,0,339.79,0.0,1,5.39,1.89,SPY200911P00336000,336.0,0,0.0,0.0,,0.0,normalDay
2020-09-10,647.0,213.0,0.0,0,333.89,0.0,1,5.39,3.26,SPY200911P00336000,336.0,0,0.0,0.0,,0.0,normalDay
2020-09-11,1186.0,-194.0,539.0,100,334.06,336.0,1,5.39,0.0,SPY200911P00336000,336.0,0,0.0,0.0,,0.0,expirationDay
2020-09-14,1186.0,242.0,0.0,100,338.46,336.0,0,0.0,0.0,,0.0,1,0.87,0.91,SPY200925C00349000,349.0,normalDay
2020-09-15,1186.0,393.0,0.0,100,340.17,336.0,0,0.0,0.0,,0.0,1,0.87,1.11,SPY200925C00349000,349.0,normalDay
2020-09-16,1186.0,309.0,0.0,100,338.82,336.0,0,0.0,0.0,,0.0,1,0.87,0.6,SPY200925C00349000,349.0,normalDay
2020-09-17,1186.0,37.0,0.0,100,335.84,336.0,0,0.0,0.0,,0.0,1,0.87,0.34,SPY200925C00349000,349.0,normalDay
2020-09-18,1186.0,-457.0,0.0,100,330.65,336.0,0,0.0,0.0,,0.0,1,0.87,0.09,SPY200925C00349000,349.0,normalDay
2020-09-21,1186.0,-819.0,0.0,100,326.97,336.0,0,0.0,0.0,,0.0,1,0.87,0.03,SPY200925C00349000,349.0,normalDay
2020-09-22,1186.0,-485.0,0.0,100,330.3,336.0,0,0.0,0.0,,0.0,1,0.87,0.02,SPY200925C00349000,349.0,normalDay
2020-09-23,1186.0,-1250.0,0.0,100,322.64,336.0,0,0.0,0.0,,0.0,1,0.87,0.01,SPY200925C00349000,349.0,normalDay
2020-09-24,1186.0,-1164.0,0.0,100,323.5,336.0,0,0.0,0.0,,0.0,1,0.87,0.01,SPY200925C00349000,349.0,normalDay
2020-09-25,1273.0,-727.0,87.0,100,328.73,336.0,0,0.0,0.0,,0.0,1,0.87,0.0,SPY200925C00349000,349.0,expirationDay
2020-09-28,1273.0,-185.0,0.0,100,334.19,336.0,0,0.0,0.0,,0.0,1,0.93,0.97,SPY201009C00346000,346.0,normalDay
2020-09-29,1273.0,-352.0,0.0,100,332.37,336.0,0,0.0,0.0,,0.0,1,0.93,0.82,SPY201009C00346000,346.0,normalDay
2020-09-30,1273.0,-99.0,0.0,100,334.89,336.0,0,0.0,0.0,,0.0,1,0.93,0.81,SPY201009C00346000,346.0,normalDay
2020-10-01,1273.0,72.0,0.0,100,337.04,336.0,0,0.0,0.0,,0.0,1,0.93,1.25,SPY201009C00346000,346.0,normalDay
2020-10-02,1273.0,-168.0,0.0,100,333.84,336.0,0,0.0,0.0,,0.0,1,0.93,0.45,SPY201009C00346000,346.0,normalDay
2020-10-05,1273.0,390.0,0.0,100,339.76,336.0,0,0.0,0.0,,0.0,1,0.93,0.79,SPY201009C00346000,346.0,normalDay
2020-10-06,1273.0,-32.0,0.0,100,334.93,336.0,0,0.0,0.0,,0.0,1,0.93,0.18,SPY201009C00346000,346.0,normalDay
2020-10-07,1273.0,530.0,0.0,100,340.76,336.0,0,0.0,0.0,,0.0,1,0.93,0.39,SPY201009C00346000,346.0,normalDay
2020-10-08,1273.0,832.0,0.0,100,343.78,336.0,0,0.0,0.0,,0.0,1,0.93,0.39,SPY201009C00346000,346.0,normalDay
2020-10-09,2366.0,832.0,1093.0,0,346.85,0.0,0,0.0,0.0,,0.0,1,0.93,0.0,SPY201009C00346000,346.0,expirationDay
2020-10-12,2366.0,-3.0,0.0,0,352.43,0.0,1,0.01,0.04,SPY201014P00328000,328.0,0,0.0,0.0,,0.0,normalDay
2020-10-13,2366.0,0.0,0.0,0,350.13,0.0,1,0.01,0.01,SPY201014P00328000,328.0,0,0.0,0.0,,0.0,normalDay
2020-10-14,2367.0,0.0,1.0,0,347.93,0.0,1,0.01,0.0,SPY201014P00328000,328.0,0,0.0,0.0,,0.0,expirationDay
2020-10-15,2367.0,0.0,0.0,0,347.5,0.0,0,0.0,0.0,,0.0,0,0.0,0.0,,0.0,bidTooLow
2020-10-16,2367.0,-3.0,0.0,0,347.29,0.0,1,0.01,0.04,SPY201019P00329000,329.0,0,0.0,0.0,,0.0,normalDay
2020-10-19,2368.0,0.0,1.0,0,342.01,0.0,1,0.01,0.0,SPY201019P00329000,329.0,0,0.0,0.0,,0.0,expirationDay
2020-10-20,2368.0,-3.0,0.0,0,343.38,0.0,1,0.26,0.29,SPY201023P00331000,331.0,0,0.0,0.0,,0.0,normalDay
2020-10-21,2368.0,15.0,0.0,0,342.73,0.0,1,0.26,0.11,SPY201023P00331000,331.0,0,0.0,0.0,,0.0,normalDay
2020-10-22,2368.0,23.0,0.0,0,344.61,0.0,1,0.26,0.03,SPY201023P00331000,331.0,0,0.0,0.0,,0.0,normalDay
2020-10-23,2394.0,0.0,26.0,0,345.78,0.0,1,0.26,0.0,SPY201023P00331000,331.0,0,0.0,0.0,,0.0,expirationDay
2020-10-26,2394.0,-4.0,0.0,0,339.39,0.0,1,1.65,1.69,SPY201028P00337000,337.0,0,0.0,0.0,,0.0,normalDay
2020-10-27,2394.0,51.0,0.0,0,338.22,0.0,1,1.65,1.14,SPY201028P00337000,337.0,0,0.0,0.0,,0.0,normalDay
2020-10-28,2559.0,-1034.0,165.0,100,326.66,337.0,1,1.65,0.0,SPY201028P00337000,337.0,0,0.0,0.0,,0.0,expirationDay
2020-10-29,2559.0,-712.0,0.0,100,329.98,337.0,0,0.0,0.0,,0.0,1,1.3,1.4,SPY201109C00349000,349.0,normalDay
2020-10-30,2559.0,-964.0,0.0,100,326.54,337.0,0,0.0,0.0,,0.0,1,1.3,0.48,SPY201109C00349000,349.0,normalDay
2020-11-02,2559.0,-603.0,0.0,100,330.2,337.0,0,0.0,0.0,,0.0,1,1.3,0.53,SPY201109C00349000,349.0,normalDay
2020-11-03,2559.0,-104.0,0.0,100,336.03,337.0,0,0.0,0.0,,0.0,1,1.3,1.37,SPY201109C00349000,349.0,normalDay
2020-11-04,2559.0,590.0,0.0,100,343.54,337.0,0,0.0,0.0,,0.0,1,1.3,1.94,SPY201109C00349000,349.0,normalDay
2020-11-05,2559.0,1046.0,0.0,100,350.24,337.0,0,0.0,0.0,,0.0,1,1.3,4.08,SPY201109C00349000,349.0,normalDay
2020-11-06,2559.0,1163.0,0.0,100,350.16,337.0,0,0.0,0.0,,0.0,1,1.3,2.83,SPY201109C00349000,349.0,normalDay
2020-11-09,3889.0,1163.0,1330.0,0,354.56,0.0,0,0.0,0.0,,0.0,1,1.3,0.0,SPY201109C00349000,349.0,expirationDay
2020-11-10,3889.0,-3.0,0.0,0,354.04,0.0,1,0.1,0.13,SPY201113P00334000,334.0,0,0.0,0.0,,0.0,normalDay
2020-11-11,3889.0,6.0,0.0,0,356.67,0.0,1,0.1,0.04,SPY201113P00334000,334.0,0,0.0,0.0,,0.0,normalDay
2020-11-12,3889.0,6.0,0.0,0,353.21,0.0,1,0.1,0.04,SPY201113P00334000,334.0,0,0.0,0.0,,0.0,normalDay
2020-11-13,3899.0,0.0,10.0,0,358.1,0.0,1,0.1,0.0,SPY201113P00334000,334.0,0,0.0,0.0,,0.0,expirationDay
2020-11-16,3899.0,-3.0,0.0,0,362.57,0.0,1,0.01,0.04,SPY201118P00334000,334.0,0,0.0,0.0,,0.0,normalDay
2020-11-17,3899.0,-1.0,0.0,0,360.62,0.0,1,0.01,0.02,SPY201118P00334000,334.0,0,0.0,0.0,,0.0,normalDay
2020-11-18,3900.0,0.0,1.0,0,356.28,0.0,1,0.01,0.0,SPY201118P00334000,334.0,0,0.0,0.0,,0.0,expirationDay
2020-11-19,3900.0,0.0,0.0,0,357.78,0.0,0,0.0,0.0,,0.0,0,0.0,0.0,,0.0,bidTooLow
2020-11-20,3900.0,0.0,0.0,0,355.33,0.0,0,0.0,0.0,,0.0,0,0.0,0.0,,0.0,bidTooLow
2020-11-23,3900.0,0.0,0.0,0,357.46,0.0,0,0.0,0.0,,0.0,0,0.0,0.0,,0.0,bidTooLow
2020-11-24,3900.0,0.0,0.0,0,363.22,0.0,0,0.0,0.0,,0.0,0,0.0,0.0,,0.0,bidTooLow
2020-11-25,3900.0,0.0,0.0,0,362.66,0.0,0,0.0,0.0,,0.0,0,0.0,0.0,,0.0,bidTooLow
2020-11-27,3900.0,0.0,0.0,0,363.67,0.0,0,0.0,0.0,,0.0,0,0.0,0.0,,0.0,bidTooLow
2020-11-30,3900.0,-3.0,0.0,0,362.06,0.0,1,0.02,0.05,SPY201202P00345000,345.0,0,0.0,0.0,,0.0,normalDay
2020-12-01,3900.0,-1.0,0.0,0,366.02,0.0,1,0.02,0.03,SPY201202P00345000,345.0,0,0.0,0.0,,0.0,normalDay
2020-12-02,3902.0,0.0,2.0,0,366.79,0.0,1,0.02,0.0,SPY201202P00345000,345.0,0,0.0,0.0,,0.0,expirationDay
2020-12-03,3902.0,-3.0,0.0,0,366.69,0.0,1,0.05,0.08,SPY201204P00354000,354.0,0,0.0,0.0,,0.0,normalDay
2020-12-04,3907.0,0.0,5.0,0,369.85,0.0,1,0.05,0.0,SPY201204P00354000,354.0,0,0.0,0.0,,0.0,expirationDay
2020-12-07,3907.0,-3.0,0.0,0,369.09,0.0,1,0.03,0.06,SPY201209P00356000,356.0,0,0.0,0.0,,0.0,normalDay
2020-12-08,3907.0,1.0,0.0,0,370.17,0.0,1,0.03,0.02,SPY201209P00356000,356.0,0,0.0,0.0,,0.0,normalDay
2020-12-09,3910.0,0.0,3.0,0,366.85,0.0,1,0.03,0.0,SPY201209P00356000,356.0,0,0.0,0.0,,0.0,expirationDay
2020-12-10,3910.0,-3.0,0.0,0,366.73,0.0,1,0.04,0.07,SPY201211P00358000,358.0,0,0.0,0.0,,0.0,normalDay
2020-12-11,3914.0,0.0,4.0,0,366.3,0.0,1,0.04,0.0,SPY201211P00358000,358.0,0,0.0,0.0,,0.0,expirationDay
2020-12-14,3914.0,-5.0,0.0,0,364.66,0.0,1,0.82,0.87,SPY201216P00359000,359.0,0,0.0,0.0,,0.0,normalDay
2020-12-15,3914.0,68.0,0.0,0,369.59,0.0,1,0.82,0.14,SPY201216P00359000,359.0,0,0.0,0.0,,0.0,normalDay
2020-12-16,3996.0,0.0,82.0,0,370.17,0.0,1,0.82,0.0,SPY201216P00359000,359.0,0,0.0,0.0,,0.0,expirationDay
2020-12-17,3996.0,-3.0,0.0,0,372.24,0.0,1,0.12,0.15,SPY201218P00361000,361.0,0,0.0,0.0,,0.0,normalDay
2020-12-18,4008.0,0.0,12.0,0,369.18,0.0,1,0.12,0.0,SPY201218P00361000,361.0,0,0.0,0.0,,0.0,expirationDay
2020-12-21,4008.0,-3.0,0.0,0,367.86,0.0,1,1.12,1.15,SPY201224P00363000,363.0,0,0.0,0.0,,0.0,normalDay
2020-12-22,4008.0,49.0,0.0,0,367.24,0.0,1,1.12,0.63,SPY201224P00363000,363.0,0,0.0,0.0,,0.0,normalDay
2020-12-23,4008.0,93.0,0.0,0,367.57,0.0,1,1.12,0.19,SPY201224P00363000,363.0,0,0.0,0.0,,0.0,normalDay
2020-12-24,4120.0,0.0,112.0,0,369.0,0.0,1,1.12,0.0,SPY201224P00363000,363.0,0,0.0,0.0,,0.0,expirationDay
2020-12-28,4120.0,-3.0,0.0,0,372.17,0.0,1,0.38,0.41,SPY201231P00366000,366.0,0,0.0,0.0,,0.0,normalDay
2020-12-29,4120.0,-4.0,0.0,0,371.46,0.0,1,0.38,0.42,SPY201231P00366000,366.0,0,0.0,0.0,,0.0,normalDay
2020-12-30,4120.0,23.0,0.0,0,371.99,0.0,1,0.38,0.15,SPY201231P00366000,366.0,0,0.0,0.0,,0.0,normalDay
2020-12-31,4158.0,0.0,38.0,0,373.88,0.0,1,0.38,0.0,SPY201231P00366000,366.0,0,0.0,0.0,,0.0,expirationDay
2021-01-04,4158.0,-4.0,0.0,0,368.79,0.0,1,2.12,2.16,SPY210106P00367000,367.0,0,0.0,0.0,,0.0,normalDay
2021-01-05,4158.0,131.0,0.0,0,371.33,0.0,1,2.12,0.81,SPY210106P00367000,367.0,0,0.0,0.0,,0.0,normalDay
2021-01-06,4370.0,0.0,212.0,0,373.55,0.0,1,2.12,0.0,SPY210106P00367000,367.0,0,0.0,0.0,,0.0,expirationDay
2021-01-07,4370.0,-3.0,0.0,0,379.1,0.0,1,0.03,0.06,SPY210108P00367000,367.0,0,0.0,0.0,,0.0,normalDay
2021-01-08,4373.0,0.0,3.0,0,381.26,0.0,1,0.03,0.0,SPY210108P00367000,367.0,0,0.0,0.0,,0.0,expirationDay
2021-01-11,4373.0,-3.0,0.0,0,378.69,0.0,1,0.18,0.21,SPY210113P00367000,367.0,0,0.0,0.0,,0.0,normalDay
2021-01-12,4373.0,12.0,0.0,0,378.77,0.0,1,0.18,0.06,SPY210113P00367000,367.0,0,0.0,0.0,,0.0,normalDay
2021-01-13,4391.0,0.0,18.0,0,379.79,0.0,1,0.18,0.0,SPY210113P00367000,367.0,0,0.0,0.0,,0.0,expirationDay
2021-01-14,4391.0,-3.0,0.0,0,378.46,0.0,1,0.09,0.12,SPY210115P00369000,369.0,0,0.0,0.0,,0.0,normalDay
2021-01-15,4400.0,0.0,9.0,0,375.7,0.0,1,0.09,0.0,SPY210115P00369000,369.0,0,0.0,0.0,,0.0,expirationDay
2021-01-19,4400.0,-3.0,0.0,0,378.65,0.0,1,0.53,0.56,SPY210122P00369000,369.0,0,0.0,0.0,,0.0,normalDay
2021-01-20,4400.0,44.0,0.0,0,383.89,0.0,1,0.53,0.09,SPY210122P00369000,369.0,0,0.0,0.0,,0.0,normalDay
2021-01-21,4400.0,50.0,0.0,0,384.24,0.0,1,0.53,0.03,SPY210122P00369000,369.0,0,0.0,0.0,,0.0,normalDay
2021-01-22,4453.0,0.0,53.0,0,382.88,0.0,1,0.53,0.0,SPY210122P00369000,369.0,0,0.0,0.0,,0.0,expirationDay
2021-01-25,4453.0,-3.0,0.0,0,384.39,0.0,1,0.12,0.15,SPY210127P00372000,372.0,0,0.0,0.0,,0.0,normalDay
2021-01-26,4453.0,6.0,0.0,0,383.79,0.0,1,0.12,0.06,SPY210127P00372000,372.0,0,0.0,0.0,,0.0,normalDay
2021-01-27,4465.0,0.0,12.0,0,374.41,0.0,1,0.12,0.0,SPY210127P00372000,372.0,0,0.0,0.0,,0.0,expirationDay
2021-01-28,4465.0,-5.0,0.0,0,377.63,0.0,1,0.74,0.79,SPY210129P00373000,373.0,0,0.0,0.0,,0.0,normalDay
2021-01-29,4539.0,-293.0,74.0,100,370.07,373.0,1,0.74,0.0,SPY210129P00373000,373.0,0,0.0,0.0,,0.0,expirationDay
2021-02-01,4539.0,319.0,0.0,100,376.23,373.0,0,0.0,0.0,,0.0,1,2.26,2.3,SPY210212C00383000,383.0,normalDay
2021-02-02,4539.0,664.0,0.0,100,381.55,373.0,0,0.0,0.0,,0.0,1,2.26,4.17,SPY210212C00383000,383.0,normalDay
2021-02-03,4539.0,759.0,0.0,100,381.85,373.0,0,0.0,0.0,,0.0,1,2.26,3.52,SPY210212C00383000,383.0,normalDay
2021-02-04,4539.0,1004.0,0.0,100,386.19,373.0,0,0.0,0.0,,0.0,1,2.26,5.41,SPY210212C00383000,383.0,normalDay
2021-02-05,4539.0,1083.0,0.0,100,387.71,373.0,0,0.0,0.0,,0.0,1,2.26,6.14,SPY210212C00383000,383.0,normalDay
2021-02-08,4539.0,1171.0,0.0,100,390.51,373.0,0,0.0,0.0,,0.0,1,2.26,8.06,SPY210212C00383000,383.0,normalDay
2021-02-09,4539.0,1143.0,0.0,100,390.25,373.0,0,0.0,0.0,,0.0,1,2.26,8.08,SPY210212C00383000,383.0,normalDay
2021-02-10,4539.0,1163.0,0.0,100,390.08,373.0,0,0.0,0.0,,0.0,1,2.26,7.71,SPY210212C00383000,383.0,normalDay
2021-02-11,4539.0,1233.0,0.0,100,390.71,373.0,0,0.0,0.0,,0.0,1,2.26,7.64,SPY210212C00383000,383.0,normalDay
2021-02-12,5765.0,1233.0,1226.0,0,392.64,0.0,0,0.0,0.0,,0.0,1,2.26,0.0,SPY210212C00383000,383.0,expirationDay
2021-02-16,5765.0,-3.0,0.0,0,392.3,0.0,1,0.17,0.2,SPY210219P00378000,378.0,0,0.0,0.0,,0.0,normalDay
2021-02-17,5765.0,7.0,0.0,0,392.39,0.0,1,0.17,0.1,SPY210219P00378000,378.0,0,0.0,0.0,,0.0,normalDay
2021-02-18,5765.0,11.0,0.0,0,390.72,0.0,1,0.17,0.06,SPY210219P00378000,378.0,0,0.0,0.0,,0.0,normalDay
2021-02-19,5782.0,0.0,17.0,0,390.03,0.0,1,0.17,0.0,SPY210219P00378000,378.0,0,0.0,0.0,,0.0,expirationDay
2021-02-22,5782.0,-3.0,0.0,0,387.03,0.0,1,0.31,0.34,SPY210224P00379000,379.0,0,0.0,0.0,,0.0,normalDay
2021-02-23,5782.0,19.0,0.0,0,387.5,0.0,1,0.31,0.12,SPY210224P00379000,379.0,0,0.0,0.0,,0.0,normalDay
2021-02-24,5813.0,0.0,31.0,0,391.77,0.0,1,0.31,0.0,SPY210224P00379000,379.0,0,0.0,0.0,,0.0,expirationDay
2021-02-25,5813.0,-4.0,0.0,0,382.33,0.0,1,1.35,1.39,SPY210226P00380000,380.0,0,0.0,0.0,,0.0,normalDay
2021-02-26,5948.0,0.0,135.0,0,380.36,0.0,1,1.35,0.0,SPY210226P00380000,380.0,0,0.0,0.0,,0.0,expirationDay
2021-03-01,5948.0,-3.0,0.0,0,389.58,0.0,1,0.68,0.71,SPY210303P00383000,383.0,0,0.0,0.0,,0.0,normalDay
2021-03-02,5948.0,-19.0,0.0,0,386.54,0.0,1,0.68,0.87,SPY210303P00383000,383.0,0,0.0,0.0,,0.0,normalDay
2021-03-03,6016.0,-158.0,68.0,100,381.42,383.0,1,0.68,0.0,SPY210303P00383000,383.0,0,0.0,0.0,,0.0,expirationDay
2021-03-04,6016.0,-634.0,0.0,100,376.7,383.0,0,0.0,0.0,,0.0,1,0.53,0.57,SPY210315C00392000,392.0,normalDay
2021-03-05,6016.0,0.0,0.0,100,383.63,383.0,0,0.0,0.0,,0.0,1,0.53,1.16,SPY210315C00392000,392.0,normalDay
2021-03-08,6016.0,-146.0,0.0,100,381.72,383.0,0,0.0,0.0,,0.0,1,0.53,0.71,SPY210315C00392000,392.0,normalDay
2021-03-09,6016.0,314.0,0.0,100,387.17,383.0,0,0.0,0.0,,0.0,1,0.53,1.56,SPY210315C00392000,392.0,normalDay
2021-03-10,6016.0,526.0,0.0,100,389.58,383.0,0,0.0,0.0,,0.0,1,0.53,1.85,SPY210315C00392000,392.0,normalDay
2021-03-11,6016.0,811.0,0.0,100,393.53,383.0,0,0.0,0.0,,0.0,1,0.53,2.95,SPY210315C00392000,392.0,normalDay
2021-03-12,6016.0,862.0,0.0,100,394.06,383.0,0,0.0,0.0,,0.0,1,0.53,2.97,SPY210315C00392000,392.0,normalDay
2021-03-15,6969.0,862.0,953.0,0,396.41,0.0,0,0.0,0.0,,0.0,1,0.53,0.0,SPY210315C00392000,392.0,expirationDay
2021-03-16,6969.0,-3.0,0.0,0,395.91,0.0,1,0.3,0.33,SPY210319P00382000,382.0,0,0.0,0.0,,0.0,normalDay
2021-03-17,6969.0,21.0,0.0,0,397.26,0.0,1,0.3,0.09,SPY210319P00382000,382.0,0,0.0,0.0,,0.0,normalDay
2021-03-18,6969.0,4.0,0.0,0,391.48,0.0,1,0.3,0.26,SPY210319P00382000,382.0,0,0.0,0.0,,0.0,normalDay
2021-03-19,6999.0,0.0,30.0,0,389.48,0.0,1,0.3,0.0,SPY210319P00382000,382.0,0,0.0,0.0,,0.0,expirationDay
2021-03-22,6999.0,-3.0,0.0,0,392.59,0.0,1,0.09,0.12,SPY210324P00383000,383.0,0,0.0,0.0,,0.0,normalDay
2021-03-23,6999.0,-5.0,0.0,0,389.5,0.0,1,0.09,0.14,SPY210324P00383000,383.0,0,0.0,0.0,,0.0,normalDay
2021-03-24,7008.0,0.0,9.0,0,387.52,0.0,1,0.09,0.0,SPY210324P00383000,383.0,0,0.0,0.0,,0.0,expirationDay
2021-03-25,7008.0,-3.0,0.0,0,389.7,0.0,1,0.11,0.14,SPY210326P00383000,383.0,0,0.0,0.0,,0.0,normalDay
2021-03-26,7019.0,0.0,11.0,0,395.98,0.0,1,0.11,0.0,SPY210326P00383000,383.0,0,0.0,0.0,,0.0,expirationDay
2021-03-29,7019.0,-3.0,0.0,0,395.78,0.0,1,0.34,0.37,SPY210401P00384000,384.0,0,0.0,0.0,,0.0,normalDay
2021-03-30,7019.0,17.0,0.0,0,394.73,0.0,1,0.34,0.17,SPY210401P00384000,384.0,0,0.0,0.0,,0.0,normalDay
2021-03-31,7019.0,30.0,0.0,0,396.33,0.0,1,0.34,0.04,SPY210401P00384000,384.0,0,0.0,0.0,,0.0,normalDay
2021-04-01,7053.0,0.0,34.0,0,400.61,0.0,1,0.34,0.0,SPY210401P00384000,384.0,0,0.0,0.0,,0.0,expirationDay
2021-04-05,7053.0,-3.0,0.0,0,406.36,0.0,1,0.02,0.05,SPY210407P00388000,388.0,0,0.0,0.0,,0.0,normalDay
2021-04-06,7053.0,-1.0,0.0,0,406.12,0.0,1,0.02,0.03,SPY210407P00388000,388.0,0,0.0,0.0,,0.0,normalDay
2021-04-07,7055.0,0.0,2.0,0,406.59,0.0,1,0.02,0.0,SPY210407P00388000,388.0,0,0.0,0.0,,0.0,expirationDay
2021-04-08,7055.0,0.0,0.0,0,408.52,0.0,0,0.0,0.0,,0.0,0,0.0,0.0,,0.0,bidTooLow
2021-04-09,7055.0,0.0,0.0,0,411.49,0.0,0,0.0,0.0,,0.0,0,0.0,0.0,,0.0,bidTooLow
2021-04-12,7055.0,0.0,0.0,0,411.64,0.0,0,0.0,0.0,,0.0,0,0.0,0.0,,0.0,bidTooLow
2021-04-13,7055.0,-3.0,0.0,0,412.86,0.0,1,0.01,0.04,SPY210416P00391000,391.0,0,0.0,0.0,,0.0,normalDay
2021-04-14,7055.0,-3.0,0.0,0,411.45,0.0,1,0.01,0.04,SPY210416P00391000,391.0,0,0.0,0.0,,0.0,normalDay
2021-04-15,7055.0,-1.0,0.0,0,415.87,0.0,1,0.01,0.02,SPY210416P00391000,391.0,0,0.0,0.0,,0.0,normalDay
2021-04-16,7056.0,0.0,1.0,0,417.26,0.0,1,0.01,0.0,SPY210416P00391000,391.0,0,0.0,0.0,,0.0,expirationDay
2021-04-19,7056.0,0.0,0.0,0,415.21,0.0,0,0.0,0.0,,0.0,0,0.0,0.0,,0.0,bidTooLow
2021-04-20,7056.0,-3.0,0.0,0,412.17,0.0,1,0.04,0.07,SPY210423P00395000,395.0,0,0.0,0.0,,0.0,normalDay
2021-04-21,7056.0,2.0,0.0,0,416.07,0.0,1,0.04,0.02,SPY210423P00395000,395.0,0,0.0,0.0,,0.0,normalDay
2021-04-22,7056.0,2.0,0.0,0,412.27,0.0,1,0.04,0.02,SPY210423P00395000,395.0,0,0.0,0.0,,0.0,normalDay
2021-04-23,7060.0,0.0,4.0,0,416.74,0.0,1,0.04,0.0,SPY210423P00395000,395.0,0,0.0,0.0,,0.0,expirationDay
2021-04-26,7060.0,-3.0,0.0,0,417.61,0.0,1,0.01,0.04,SPY210428P00402000,402.0,0,0.0,0.0,,0.0,normalDay
2021-04-27,7060.0,-1.0,0.0,0,417.52,0.0,1,0.01,0.02,SPY210428P00402000,402.0,0,0.0,0.0,,0.0,normalDay
2021-04-28,7061.0,0.0,1.0,0,417.4,0.0,1,0.01,0.0,SPY210428P00402000,402.0,0,0.0,0.0,,0.0,expirationDay
2021-04-29,7061.0,0.0,0.0,0,420.06,0.0,0,0.0,0.0,,0.0,0,0.0,0.0,,0.0,bidTooLow
2021-04-30,7061.0,-3.0,0.0,0,417.3,0.0,1,0.09,0.12,SPY210503P00409000,409.0,0,0.0,0.0,,0.0,normalDay
2021-05-03,7070.0,0.0,9.0,0,418.2,0.0,1,0.09,0.0,SPY210503P00409000,409.0,0,0.0,0.0,,0.0,expirationDay
2021-05-04,7070.0,-3.0,0.0,0,415.62,0.0,1,0.91,0.94,SPY210507P00411000,411.0,0,0.0,0.0,,0.0,normalDay
2021-05-05,7070.0,29.0,0.0,0,415.75,0.0,1,0.91,0.62,SPY210507P00411000,411.0,0,0.0,0.0,,0.0,normalDay
2021-05-06,7070.0,83.0,0.0,0,419.07,0.0,1,0.91,0.08,SPY210507P00411000,411.0,0,0.0,0.0,,0.0,normalDay
2021-05-07,7161.0,0.0,91.0,0,422.12,0.0,1,0.91,0.0,SPY210507P00411000,411.0,0,0.0,0.0,,0.0,expirationDay
2021-05-10,7161.0,-3.0,0.0,0,417.94,0.0,1,0.96,0.99,SPY210512P00414000,414.0,0,0.0,0.0,,0.0,normalDay
2021-05-11,7161.0,-76.0,0.0,0,414.21,0.0,1,0.96,1.72,SPY210512P00414000,414.0,0,0.0,0.0,,0.0,normalDay
2021-05-12,7257.0,-859.0,96.0,100,405.41,414.0,1,0.96,0.0,SPY210512P00414000,414.0,0,0.0,0.0,,0.0,expirationDay
2021-05-13,7257.0,-377.0,0.0,100,410.28,414.0,0,0.0,0.0,,0.0,1,0.88,0.93,SPY210524C00420000,420.0,normalDay
2021-05-14,7257.0,141.0,0.0,100,416.58,414.0,0,0.0,0.0,,0.0,1,0.88,2.05,SPY210524C00420000,420.0,normalDay
2021-05-17,7257.0,120.0,0.0,100,415.52,414.0,0,0.0,0.0,,0.0,1,0.88,1.2,SPY210524C00420000,420.0,normalDay
2021-05-18,7257.0,-161.0,0.0,100,411.94,414.0,0,0.0,0.0,,0.0,1,0.88,0.43,SPY210524C00420000,420.0,normalDay
2021-05-19,7257.0,-244.0,0.0,100,410.86,414.0,0,0.0,0.0,,0.0,1,0.88,0.18,SPY210524C00420000,420.0,normalDay
2021-05-20,7257.0,180.0,0.0,100,415.28,414.0,0,0.0,0.0,,0.0,1,0.88,0.36,SPY210524C00420000,420.0,normalDay
2021-05-21,7257.0,172.0,0.0,100,414.94,414.0,0,0.0,0.0,,0.0,1,0.88,0.1,SPY210524C00420000,420.0,normalDay
2021-05-24,7345.0,517.0,88.0,100,419.17,414.0,0,0.0,0.0,,0.0,1,0.88,0.0,SPY210524C00420000,420.0,expirationDay
2021-05-25,7345.0,420.0,0.0,100,418.24,414.0,0,0.0,0.0,,0.0,1,2.43,2.47,SPY210604C00420000,420.0,normalDay
2021-05-26,7345.0,517.0,0.0,100,419.07,414.0,0,0.0,0.0,,0.0,1,2.43,2.33,SPY210604C00420000,420.0,normalDay
2021-05-27,7345.0,527.0,0.0,100,419.29,414.0,0,0.0,0.0,,0.0,1,2.43,2.45,SPY210604C00420000,420.0,normalDay
2021-05-28,7345.0,634.0,0.0,100,420.04,414.0,0,0.0,0.0,,0.0,1,2.43,2.13,SPY210604C00420000,420.0,normalDay
2021-06-01,7345.0,639.0,0.0,100,419.67,414.0,0,0.0,0.0,,0.0,1,2.43,1.71,SPY210604C00420000,420.0,normalDay
2021-06-02,7345.0,719.0,0.0,100,420.33,414.0,0,0.0,0.0,,0.0,1,2.43,1.57,SPY210604C00420000,420.0,normalDay
2021-06-03,7345.0,651.0,0.0,100,418.77,414.0,0,0.0,0.0,,0.0,1,2.43,0.69,SPY210604C00420000,420.0,normalDay
2021-06-04,8188.0,651.0,843.0,0,422.6,0.0,0,0.0,0.0,,0.0,1,2.43,0.0,SPY210604C00420000,420.0,expirationDay
2021-06-07,8188.0,-3.0,0.0,0,422.19,0.0,1,0.03,0.06,SPY210609P00412000,412.0,0,0.0,0.0,,0.0,normalDay
2021-06-08,8188.0,-1.0,0.0,0,422.28,0.0,1,0.03,0.04,SPY210609P00412000,412.0,0,0.0,0.0,,0.0,normalDay
2021-06-09,8191.0,0.0,3.0,0,421.65,0.0,1,0.03,0.0,SPY210609P00412000,412.0,0,0.0,0.0,,0.0,expirationDay
2021-06-10,8191.0,-3.0,0.0,0,423.61,0.0,1,0.01,0.04,SPY210611P00414000,414.0,0,0.0,0.0,,0.0,normalDay
2021-06-11,8192.0,0.0,1.0,0,424.31,0.0,1,0.01,0.0,SPY210611P00414000,414.0,0,0.0,0.0,,0.0,expirationDay
2021-06-14,8192.0,-3.0,0.0,0,425.26,0.0,1,0.1,0.13,SPY210616P00415000,415.0,0,0.0,0.0,,0.0,normalDay
2021-06-15,8192.0,-5.0,0.0,0,424.48,0.0,1,0.1,0.15,SPY210616P00415000,415.0,0,0.0,0.0,,0.0,normalDay
2021-06-16,8202.0,0.0,10.0,0,422.11,0.0,1,0.1,0.0,SPY210616P00415000,415.0,0,0.0,0.0,,0.0,expirationDay
2021-06-17,8202.0,-3.0,0.0,0,421.97,0.0,1,0.53,0.56,SPY210618P00418000,418.0,0,0.0,0.0,,0.0,normalDay
2021-06-18,8255.0,-308.0,53.0,100,414.92,418.0,1,0.53,0.0,SPY210618P00418000,418.0,0,0.0,0.0,,0.0,expirationDay
2021-06-21,8255.0,282.0,0.0,100,420.86,418.0,0,0.0,0.0,,0.0,1,1.97,2.01,SPY210702C00424000,424.0,normalDay
2021-06-22,8255.0,469.0,0.0,100,423.11,418.0,0,0.0,0.0,,0.0,1,1.97,2.39,SPY210702C00424000,424.0,normalDay
2021-06-23,8255.0,453.0,0.0,100,422.6,418.0,0,0.0,0.0,,0.0,1,1.97,2.04,SPY210702C00424000,424.0,normalDay
2021-06-24,8255.0,594.0,0.0,100,425.1,418.0,0,0.0,0.0,,0.0,1,1.97,3.13,SPY210702C00424000,424.0,normalDay
2021-06-25,8255.0,672.0,0.0,100,426.61,418.0,0,0.0,0.0,,0.0,1,1.97,3.86,SPY210702C00424000,424.0,normalDay
2021-06-28,8255.0,733.0,0.0,100,427.47,418.0,0,0.0,0.0,,0.0,1,1.97,4.11,SPY210702C00424000,424.0,normalDay
2021-06-29,8255.0,726.0,0.0,100,427.7,418.0,0,0.0,0.0,,0.0,1,1.97,4.41,SPY210702C00424000,424.0,normalDay
2021-06-30,8255.0,717.0,0.0,100,428.06,418.0,0,0.0,0.0,,0.0,1,1.97,4.86,SPY210702C00424000,424.0,normalDay
2021-07-01,8255.0,791.0,0.0,100,430.43,418.0,0,0.0,0.0,,0.0,1,1.97,6.49,SPY210702C00424000,424.0,normalDay
2021-07-02,9052.0,791.0,797.0,0,433.72,0.0,0,0.0,0.0,,0.0,1,1.97,0.0,SPY210702C00424000,424.0,expirationDay
2021-07-06,9052.0,-3.0,0.0,0,432.93,0.0,1,0.07,0.1,SPY210709P00421000,421.0,0,0.0,0.0,,0.0,normalDay
2021-07-07,9052.0,3.0,0.0,0,434.46,0.0,1,0.07,0.04,SPY210709P00421000,421.0,0,0.0,0.0,,0.0,normalDay
2021-07-08,9052.0,2.0,0.0,0,430.92,0.0,1,0.07,0.05,SPY210709P00421000,421.0,0,0.0,0.0,,0.0,normalDay
2021-07-09,9059.0,0.0,7.0,0,435.52,0.0,1,0.07,0.0,SPY210709P00421000,421.0,0,0.0,0.0,,0.0,expirationDay
2021-07-12,9059.0,-3.0,0.0,0,437.08,0.0,1,0.03,0.06,SPY210714P00422000,422.0,0,0.0,0.0,,0.0,normalDay
2021-07-13,9059.0,-3.0,0.0,0,435.59,0.0,1,0.03,0.06,SPY210714P00422000,422.0,0,0.0,0.0,,0.0,normalDay
2021-07-14,9062.0,0.0,3.0,0,436.24,0.0,1,0.03,0.0,SPY210714P00422000,422.0,0,0.0,0.0,,0.0,expirationDay
2021-07-15,9062.0,-3.0,0.0,0,434.75,0.0,1,0.03,0.06,SPY210716P00423000,423.0,0,0.0,0.0,,0.0,normalDay
2021-07-16,9065.0,0.0,3.0,0,431.34,0.0,1,0.03,0.0,SPY210716P00423000,423.0,0,0.0,0.0,,0.0,expirationDay
2021-07-19,9065.0,-4.0,0.0,0,424.97,0.0,1,2.61,2.65,SPY210721P00425000,425.0,0,0.0,0.0,,0.0,normalDay
2021-07-20,9065.0,241.0,0.0,0,431.06,0.0,1,2.61,0.2,SPY210721P00425000,425.0,0,0.0,0.0,,0.0,normalDay
2021-07-21,9326.0,0.0,261.0,0,434.55,0.0,1,2.61,0.0,SPY210721P00425000,425.0,0,0.0,0.0,,0.0,expirationDay
2021-07-22,9326.0,-3.0,0.0,0,435.46,0.0,1,0.03,0.06,SPY210723P00428000,428.0,0,0.0,0.0,,0.0,normalDay
2021-07-23,9329.0,0.0,3.0,0,439.94,0.0,1,0.03,0.0,SPY210723P00428000,428.0,0,0.0,0.0,,0.0,expirationDay
2021-07-26,9329.0,-3.0,0.0,0,441.02,0.0,1,0.04,0.07,SPY210728P00429000,429.0,0,0.0,0.0,,0.0,normalDay
2021-07-27,9329.0,-4.0,0.0,0,439.01,0.0,1,0.04,0.08,SPY210728P00429000,429.0,0,0.0,0.0,,0.0,normalDay
2021-07-28,9333.0,0.0,4.0,0,438.83,0.0,1,0.04,0.0,SPY210728P00429000,429.0,0,0.0,0.0,,0.0,expirationDay
2021-07-29,9333.0,-3.0,0.0,0,440.65,0.0,1,0.01,0.04,SPY210730P00431000,431.0,0,0.0,0.0,,0.0,normalDay
2021-07-30,9334.0,0.0,1.0,0,438.51,0.0,1,0.01,0.0,SPY210730P00431000,431.0,0,0.0,0.0,,0.0,expirationDay
2021-08-02,9334.0,-3.0,0.0,0,437.59,0.0,1,0.45,0.48,SPY210804P00432000,432.0,0,0.0,0.0,,0.0,normalDay
2021-08-03,9334.0,41.0,0.0,0,441.15,0.0,1,0.45,0.04,SPY210804P00432000,432.0,0,0.0,0.0,,0.0,normalDay
2021-08-04,9379.0,0.0,45.0,0,438.98,0.0,1,0.45,0.0,SPY210804P00432000,432.0,0,0.0,0.0,,0.0,expirationDay
2021-08-05,9379.0,-3.0,0.0,0,441.76,0.0,1,0.02,0.05,SPY210806P00432500,432.5,0,0.0,0.0,,0.0,normalDay
2021-08-06,9381.0,0.0,2.0,0,442.49,0.0,1,0.02,0.0,SPY210806P00432500,432.5,0,0.0,0.0,,0.0,expirationDay
2021-08-09,9381.0,-3.0,0.0,0,442.13,0.0,1,0.05,0.08,SPY210811P00433000,433.0,0,0.0,0.0,,0.0,normalDay
2021-08-10,9381.0,1.0,0.0,0,442.68,0.0,1,0.05,0.04,SPY210811P00433000,433.0,0,0.0,0.0,,0.0,normalDay
2021-08-11,9386.0,0.0,5.0,0,443.78,0.0,1,0.05,0.0,SPY210811P00433000,433.0,0,0.0,0.0,,0.0,expirationDay
2021-08-12,9386.0,-3.0,0.0,0,445.11,0.0,1,0.03,0.06,SPY210813P00434000,434.0,0,0.0,0.0,,0.0,normalDay
2021-08-13,9389.0,0.0,3.0,0,445.92,0.0,1,0.03,0.0,SPY210813P00434000,434.0,0,0.0,0.0,,0.0,expirationDay
2021-08-16,9389.0,-3.0,0.0,0,446.97,0.0,1,0.07,0.1,SPY210818P00436000,436.0,0,0.0,0.0,,0.0,normalDay
2021-08-17,9389.0,-6.0,0.0,0,444.04,0.0,1,0.07,0.13,SPY210818P00436000,436.0,0,0.0,0.0,,0.0,normalDay
2021-08-18,9396.0,0.0,7.0,0,439.18,0.0,1,0.07,0.0,SPY210818P00436000,436.0,0,0.0,0.0,,0.0,expirationDay
2021-08-19,9396.0,-5.0,0.0,0,439.86,0.0,1,1.25,1.3,SPY210820P00439000,439.0,0,0.0,0.0,,0.0,normalDay
2021-08-20,9521.0,0.0,125.0,0,443.36,0.0,1,1.25,0.0,SPY210820P00439000,439.0,0,0.0,0.0,,0.0,expirationDay
2021-08-23,9521.0,-3.0,0.0,0,447.26,0.0,1,0.08,0.11,SPY210825P00439000,439.0,0,0.0,0.0,,0.0,normalDay
2021-08-24,9521.0,3.0,0.0,0,447.97,0.0,1,0.08,0.05,SPY210825P00439000,439.0,0,0.0,0.0,,0.0,normalDay
2021-08-25,9529.0,0.0,8.0,0,448.91,0.0,1,0.08,0.0,SPY210825P00439000,439.0,0,0.0,0.0,,0.0,expirationDay
2021-08-26,9529.0,-3.0,0.0,0,446.26,0.0,1,0.17,0.2,SPY210827P00440000,440.0,0,0.0,0.0,,0.0,normalDay
2021-08-27,9546.0,0.0,17.0,0,450.25,0.0,1,0.17,0.0,SPY210827P00440000,440.0,0,0.0,0.0,,0.0,expirationDay
2021-08-30,9546.0,-3.0,0.0,0,452.23,0.0,1,0.04,0.07,SPY210901P00441000,441.0,0,0.0,0.0,,0.0,normalDay
2021-08-31,9546.0,-1.0,0.0,0,451.56,0.0,1,0.04,0.05,SPY210901P00441000,441.0,0,0.0,0.0,,0.0,normalDay
2021-09-01,9550.0,0.0,4.0,0,451.8,0.0,1,0.04,0.0,SPY210901P00441000,441.0,0,0.0,0.0,,0.0,expirationDay
2021-09-02,9550.0,-3.0,0.0,0,453.19,0.0,1,0.02,0.05,SPY210903P00442000,442.0,0,0.0,0.0,,0.0,normalDay
2021-09-03,9552.0,0.0,2.0,0,453.08,0.0,1,0.02,0.0,SPY210903P00442000,442.0,0,0.0,0.0,,0.0,expirationDay
2021-09-07,9552.0,-3.0,0.0,0,451.46,0.0,1,0.3,0.33,SPY210910P00443000,443.0,0,0.0,0.0,,0.0,normalDay
2021-09-08,9552.0,11.0,0.0,0,450.91,0.0,1,0.3,0.19,SPY210910P00443000,443.0,0,0.0,0.0,,0.0,normalDay
2021-09-09,9552.0,13.0,0.0,0,448.98,0.0,1,0.3,0.17,SPY210910P00443000,443.0,0,0.0,0.0,,0.0,normalDay
2021-09-10,9582.0,0.0,30.0,0,445.44,0.0,1,0.3,0.0,SPY210910P00443000,443.0,0,0.0,0.0,,0.0,expirationDay
2021-09-13,9582.0,-3.0,0.0,0,446.58,0.0,1,1.15,1.18,SPY210915P00444000,444.0,0,0.0,0.0,,0.0,normalDay
2021-09-14,9582.0,-13.0,0.0,0,444.17,0.0,1,1.15,1.28,SPY210915P00444000,444.0,0,0.0,0.0,,0.0,normalDay
2021-09-15,9697.0,0.0,115.0,0,447.88,0.0,1,1.15,0.0,SPY210915P00444000,444.0,0,0.0,0.0,,0.0,expirationDay
2021-09-16,9697.0,-4.0,0.0,0,447.17,0.0,1,0.94,0.98,SPY210917P00445000,445.0,0,0.0,0.0,,0.0,normalDay
2021-09-17,9791.0,-360.0,94.0,100,441.4,445.0,1,0.94,0.0,SPY210917P00445000,445.0,0,0.0,0.0,,0.0,expirationDay
2021-09-20,9791.0,-1099.0,0.0,100,434.04,445.0,0,0.0,0.0,,0.0,1,0.26,0.29,SPY211001C00452500,452.5,normalDay
2021-09-21,9791.0,-1129.0,0.0,100,433.63,445.0,0,0.0,0.0,,0.0,1,0.26,0.18,SPY211001C00452500,452.5,normalDay
2021-09-22,9791.0,-709.0,0.0,100,437.86,445.0,0,0.0,0.0,,0.0,1,0.26,0.21,SPY211001C00452500,452.5,normalDay
2021-09-23,9791.0,-199.0,0.0,100,443.18,445.0,0,0.0,0.0,,0.0,1,0.26,0.43,SPY211001C00452500,452.5,normalDay
2021-09-24,9791.0,-108.0,0.0,100,443.91,445.0,0,0.0,0.0,,0.0,1,0.26,0.25,SPY211001C00452500,452.5,normalDay
2021-09-27,9791.0,-220.0,0.0,100,442.64,445.0,0,0.0,0.0,,0.0,1,0.26,0.1,SPY211001C00452500,452.5,normalDay
2021-09-28,9791.0,-1106.0,0.0,100,433.72,445.0,0,0.0,0.0,,0.0,1,0.26,0.04,SPY211001C00452500,452.5,normalDay
2021-09-29,9791.0,-1031.0,0.0,100,434.45,445.0,0,0.0,0.0,,0.0,1,0.26,0.02,SPY211001C00452500,452.5,normalDay
2021-09-30,9791.0,-1561.0,0.0,100,429.14,445.0,0,0.0,0.0,,0.0,1,0.26,0.01,SPY211001C00452500,452.5,normalDay
2021-10-01,9817.0,-1076.0,26.0,100,434.24,445.0,0,0.0,0.0,,0.0,1,0.26,0.0,SPY211001C00452500,452.5,expirationDay
2021-10-04,9817.0,-1639.0,0.0,100,428.64,445.0,0,0.0,0.0,,0.0,1,0.23,0.26,SPY211015C00448000,448.0,normalDay
2021-10-05,9817.0,-1201.0,0.0,100,433.1,445.0,0,0.0,0.0,,0.0,1,0.23,0.34,SPY211015C00448000,448.0,normalDay
2021-10-06,9817.0,-1025.0,0.0,100,434.9,445.0,0,0.0,0.0,,0.0,1,0.23,0.38,SPY211015C00448000,448.0,normalDay
2021-10-07,9817.0,-667.0,0.0,100,438.66,445.0,0,0.0,0.0,,0.0,1,0.23,0.56,SPY211015C00448000,448.0,normalDay
2021-10-08,9817.0,-710.0,0.0,100,437.86,445.0,0,0.0,0.0,,0.0,1,0.23,0.19,SPY211015C00448000,448.0,normalDay
2021-10-11,9817.0,-1015.0,0.0,100,434.69,445.0,0,0.0,0.0,,0.0,1,0.23,0.07,SPY211015C00448000,448.0,normalDay
2021-10-12,9817.0,-1119.0,0.0,100,433.62,445.0,0,0.0,0.0,,0.0,1,0.23,0.04,SPY211015C00448000,448.0,normalDay
2021-10-13,9817.0,-961.0,0.0,100,435.18,445.0,0,0.0,0.0,,0.0,1,0.23,0.02,SPY211015C00448000,448.0,normalDay
2021-10-14,9817.0,-235.0,0.0,100,442.5,445.0,0,0.0,0.0,,0.0,1,0.23,0.08,SPY211015C00448000,448.0,normalDay
2021-10-15,9840.0,87.0,23.0,100,445.87,445.0,0,0.0,0.0,,0.0,1,0.23,0.0,SPY211015C00448000,448.0,expirationDay
2021-10-18,9840.0,210.0,0.0,100,447.19,445.0,0,0.0,0.0,,0.0,1,6.73,6.82,SPY211029C00442500,442.5,normalDay
2021-10-19,9840.0,260.0,0.0,100,450.64,445.0,0,0.0,0.0,,0.0,1,6.73,9.77,SPY211029C00442500,442.5,normalDay
2021-10-20,9840.0,367.0,0.0,100,452.41,445.0,0,0.0,0.0,,0.0,1,6.73,10.47,SPY211029C00442500,442.5,normalDay
2021-10-21,9840.0,367.0,0.0,100,453.59,445.0,0,0.0,0.0,,0.0,1,6.73,11.65,SPY211029C00442500,442.5,normalDay
2021-10-22,9840.0,393.0,0.0,100,453.12,445.0,0,0.0,0.0,,0.0,1,6.73,10.92,SPY211029C00442500,442.5,normalDay
2021-10-25,9840.0,457.0,0.0,100,455.55,445.0,0,0.0,0.0,,0.0,1,6.73,12.71,SPY211029C00442500,442.5,normalDay
2021-10-26,9840.0,381.0,0.0,100,455.96,445.0,0,0.0,0.0,,0.0,1,6.73,13.88,SPY211029C00442500,442.5,normalDay
2021-10-27,9840.0,385.0,0.0,100,453.94,445.0,0,0.0,0.0,,0.0,1,6.73,11.82,SPY211029C00442500,442.5,normalDay
2021-10-28,9840.0,456.0,0.0,100,458.32,445.0,0,0.0,0.0,,0.0,1,6.73,15.49,SPY211029C00442500,442.5,normalDay
2021-10-29,10263.0,456.0,423.0,0,459.25,0.0,0,0.0,0.0,,0.0,1,6.73,0.0,SPY211029C00442500,442.5,expirationDay
2021-11-01,10263.0,0.0,0.0,0,460.04,0.0,0,0.0,0.0,,0.0,0,0.0,0.0,,0.0,bidTooLow
2021-11-02,10263.0,-3.0,0.0,0,461.9,0.0,1,0.04,0.07,SPY211105P00439000,439.0,0,0.0,0.0,,0.0,normalDay
2021-11-03,10263.0,1.0,0.0,0,464.72,0.0,1,0.04,0.03,SPY211105P00439000,439.0,0,0.0,0.0,,0.0,normalDay
2021-11-04,10263.0,2.0,0.0,0,466.91,0.0,1,0.04,0.02,SPY211105P00439000,439.0,0,0.0,0.0,,0.0,normalDay
2021-11-05,10267.0,0.0,4.0,0,468.53,0.0,1,0.04,0.0,SPY211105P00439000,439.0,0,0.0,0.0,,0.0,expirationDay
2021-11-08,10267.0,0.0,0.0,0,468.93,0.0,0,0.0,0.0,,0.0,0,0.0,0.0,,0.0,bidTooLow
2021-11-09,10267.0,-3.0,0.0,0,467.38,0.0,1,0.04,0.07,SPY211112P00447000,447.0,0,0.0,0.0,,0.0,normalDay
2021-11-10,10267.0,-4.0,0.0,0,463.62,0.0,1,0.04,0.08,SPY211112P00447000,447.0,0,0.0,0.0,,0.0,normalDay
2021-11-11,10267.0,2.0,0.0,0,463.77,0.0,1,0.04,0.02,SPY211112P00447000,447.0,0,0.0,0.0,,0.0,normalDay
2021-11-12,10271.0,0.0,4.0,0,467.27,0.0,1,0.04,0.0,SPY211112P00447000,447.0,0,0.0,0.0,,0.0,expirationDay
2021-11-15,10271.0,-3.0,0.0,0,467.43,0.0,1,0.03,0.06,SPY211117P00455000,455.0,0,0.0,0.0,,0.0,normalDay
2021-11-16,10271.0,-1.0,0.0,0,469.28,0.0,1,0.03,0.04,SPY211117P00455000,455.0,0,0.0,0.0,,0.0,normalDay
2021-11-17,10274.0,0.0,3.0,0,468.14,0.0,1,0.03,0.0,SPY211117P00455000,455.0,0,0.0,0.0,,0.0,expirationDay
2021-11-18,10274.0,-3.0,0.0,0,469.73,0.0,1,0.02,0.05,SPY211119P00457500,457.5,0,0.0,0.0,,0.0,normalDay
2021-11-19,10276.0,0.0,2.0,0,468.89,0.0,1,0.02,0.0,SPY211119P00457500,457.5,0,0.0,0.0,,0.0,expirationDay
2021-11-22,10276.0,-3.0,0.0,0,467.57,0.0,1,0.35,0.38,SPY211124P00460000,460.0,0,0.0,0.0,,0.0,normalDay
2021-11-23,10276.0,23.0,0.0,0,468.19,0.0,1,0.35,0.12,SPY211124P00460000,460.0,0,0.0,0.0,,0.0,normalDay
2021-11-24,10311.0,0.0,35.0,0,469.44,0.0,1,0.35,0.0,SPY211124P00460000,460.0,0,0.0,0.0,,0.0,expirationDay
2021-11-26,10311.0,-80.0,0.0,0,458.97,0.0,1,5.2,6.0,SPY211129P00462000,462.0,0,0.0,0.0,,0.0,normalDay
2021-11-29,10831.0,0.0,520.0,0,464.6,0.0,1,5.2,0.0,SPY211129P00462000,462.0,0,0.0,0.0,,0.0,expirationDay
2021-11-30,10831.0,-19.0,0.0,0,455.56,0.0,1,6.35,6.54,SPY211203P00462500,462.5,0,0.0,0.0,,0.0,normalDay
2021-12-01,10831.0,-617.0,0.0,0,450.5,0.0,1,6.35,12.52,SPY211203P00462500,462.5,0,0.0,0.0,,0.0,normalDay
2021-12-02,10831.0,61.0,0.0,0,457.4,0.0,1,6.35,5.74,SPY211203P00462500,462.5,0,0.0,0.0,,0.0,normalDay
2021-12-03,11466.0,-908.0,635.0,100,453.42,462.5,1,6.35,0.0,SPY211203P00462500,462.5,0,0.0,0.0,,0.0,expirationDay
2021-12-06,11466.0,-374.0,0.0,100,458.79,462.5,0,0.0,0.0,,0.0,1,1.26,1.29,SPY211217C00470000,470.0,normalDay
2021-12-07,11466.0,317.0,0.0,100,468.28,462.5,0,0.0,0.0,,0.0,1,1.26,3.87,SPY211217C00470000,470.0,normalDay
2021-12-08,11466.0,461.0,0.0,100,469.52,462.5,0,0.0,0.0,,0.0,1,1.26,3.67,SPY211217C00470000,470.0,normalDay
2021-12-09,11466.0,278.0,0.0,100,466.35,462.5,0,0.0,0.0,,0.0,1,1.26,2.33,SPY211217C00470000,470.0,normalDay
2021-12-10,11466.0,595.0,0.0,100,470.74,462.5,0,0.0,0.0,,0.0,1,1.26,3.55,SPY211217C00470000,470.0,normalDay
2021-12-13,11466.0,382.0,0.0,100,466.57,462.5,0,0.0,0.0,,0.0,1,1.26,1.51,SPY211217C00470000,470.0,normalDay
2021-12-14,11466.0,149.0,0.0,100,463.36,462.5,0,0.0,0.0,,0.0,1,1.26,0.63,SPY211217C00470000,470.0,normalDay
2021-12-15,11466.0,697.0,0.0,100,470.6,462.5,0,0.0,0.0,,0.0,1,1.26,2.39,SPY211217C00470000,470.0,normalDay
2021-12-16,11466.0,476.0,0.0,100,466.45,462.5,0,0.0,0.0,,0.0,1,1.26,0.45,SPY211217C00470000,470.0,normalDay
2021-12-17,11592.0,-263.0,126.0,100,459.87,462.5,0,0.0,0.0,,0.0,1,1.26,0.0,SPY211217C00470000,470.0,expirationDay
2021-12-20,11592.0,-756.0,0.0,100,454.98,462.5,0,0.0,0.0,,0.0,1,1.01,1.05,SPY211231C00469000,469.0,normalDay
2021-12-21,11592.0,-62.0,0.0,100,463.06,462.5,0,0.0,0.0,,0.0,1,1.01,2.19,SPY211231C00469000,469.0,normalDay
2021-12-22,11592.0,310.0,0.0,100,467.69,462.5,0,0.0,0.0,,0.0,1,1.01,3.1,SPY211231C00469000,469.0,normalDay
2021-12-23,11592.0,462.0,0.0,100,470.6,462.5,0,0.0,0.0,,0.0,1,1.01,4.49,SPY211231C00469000,469.0,normalDay
2021-12-27,11592.0,681.0,0.0,100,477.26,462.5,0,0.0,0.0,,0.0,1,1.01,8.96,SPY211231C00469000,469.0,normalDay
2021-12-28,11592.0,648.0,0.0,100,476.87,462.5,0,0.0,0.0,,0.0,1,1.01,8.9,SPY211231C00469000,469.0,normalDay
2021-12-29,11592.0,704.0,0.0,100,477.48,462.5,0,0.0,0.0,,0.0,1,1.01,8.95,SPY211231C00469000,469.0,normalDay
2021-12-30,11592.0,743.0,0.0,100,476.16,462.5,0,0.0,0.0,,0.0,1,1.01,7.24,SPY211231C00469000,469.0,normalDay
2021-12-31,12343.0,743.0,751.0,0,474.96,0.0,0,0.0,0.0,,0.0,1,1.01,0.0,SPY211231C00469000,469.0,expirationDay
2022-01-03,12343.0,0.0,0.0,0,477.71,0.0,0,0.0,0.0,,0.0,0,0.0,0.0,,0.0,bidTooLow
2022-01-04,12343.0,-3.0,0.0,0,477.55,0.0,1,0.06,0.09,SPY220107P00463000,463.0,0,0.0,0.0,,0.0,normalDay
2022-01-05,12343.0,-82.0,0.0,0,468.38,0.0,1,0.06,0.88,SPY220107P00463000,463.0,0,0.0,0.0,,0.0,normalDay
2022-01-06,12343.0,-31.0,0.0,0,467.94,0.0,1,0.06,0.37,SPY220107P00463000,463.0,0,0.0,0.0,,0.0,normalDay
2022-01-07,12349.0,0.0,6.0,0,466.09,0.0,1,0.06,0.0,SPY220107P00463000,463.0,0,0.0,0.0,,0.0,expirationDay
2022-01-10,12349.0,-3.0,0.0,0,465.51,0.0,1,1.3,1.33,SPY220112P00462000,462.0,0,0.0,0.0,,0.0,normalDay
2022-01-11,12349.0,109.0,0.0,0,469.75,0.0,1,1.3,0.21,SPY220112P00462000,462.0,0,0.0,0.0,,0.0,normalDay
2022-01-12,12479.0,0.0,130.0,0,471.02,0.0,1,1.3,0.0,SPY220112P00462000,462.0,0,0.0,0.0,,0.0,expirationDay
2022-01-13,12479.0,-4.0,0.0,0,464.53,0.0,1,1.36,1.4,SPY220114P00463000,463.0,0,0.0,0.0,,0.0,normalDay
2022-01-14,12615.0,0.0,136.0,0,464.72,0.0,1,1.36,0.0,SPY220114P00463000,463.0,0,0.0,0.0,,0.0,expirationDay
2022-01-18,12615.0,-15.0,0.0,0,456.49,0.0,1,7.84,7.99,SPY220121P00463000,463.0,0,0.0,0.0,,0.0,normalDay
2022-01-19,12615.0,-337.0,0.0,0,451.75,0.0,1,7.84,11.21,SPY220121P00463000,463.0,0,0.0,0.0,,0.0,normalDay
2022-01-20,12615.0,-905.0,0.0,0,446.75,0.0,1,7.84,16.89,SPY220121P00463000,463.0,0,0.0,0.0,,0.0,normalDay
2022-01-21,13399.0,-2502.0,784.0,100,437.98,463.0,1,7.84,0.0,SPY220121P00463000,463.0,0,0.0,0.0,,0.0,expirationDay
2022-01-24,13399.0,-2319.0,0.0,100,439.84,463.0,0,0.0,0.0,,0.0,1,0.08,0.11,SPY220204C00478000,478.0,normalDay
2022-01-25,13399.0,-2851.0,0.0,100,434.47,463.0,0,0.0,0.0,,0.0,1,0.08,0.06,SPY220204C00478000,478.0,normalDay
2022-01-26,13399.0,-2958.0,0.0,100,433.38,463.0,0,0.0,0.0,,0.0,1,0.08,0.04,SPY220204C00478000,478.0,normalDay
2022-01-27,13399.0,-3171.0,0.0,100,431.24,463.0,0,0.0,0.0,,0.0,1,0.08,0.03,SPY220204C00478000,478.0,normalDay
2022-01-28,13399.0,-2100.0,0.0,100,441.95,463.0,0,0.0,0.0,,0.0,1,0.08,0.03,SPY220204C00478000,478.0,normalDay
2022-01-31,13399.0,-1303.0,0.0,100,449.91,463.0,0,0.0,0.0,,0.0,1,0.08,0.02,SPY220204C00478000,478.0,normalDay
2022-02-01,13399.0,-999.0,0.0,100,452.95,463.0,0,0.0,0.0,,0.0,1,0.08,0.02,SPY220204C00478000,478.0,normalDay
2022-02-02,13399.0,-558.0,0.0,100,457.35,463.0,0,0.0,0.0,,0.0,1,0.08,0.01,SPY220204C00478000,478.0,normalDay
2022-02-03,13399.0,-1633.0,0.0,100,446.6,463.0,0,0.0,0.0,,0.0,1,0.08,0.01,SPY220204C00478000,478.0,normalDay
2022-02-04,13407.0,-1430.0,8.0,100,448.7,463.0,0,0.0,0.0,,0.0,1,0.08,0.0,SPY220204C00478000,478.0,expirationDay
2022-02-07,13407.0,-1577.0,0.0,100,447.26,463.0,0,0.0,0.0,,0.0,1,0.77,0.8,SPY220218C00463000,463.0,normalDay
2022-02-08,13407.0,-1231.0,0.0,100,450.94,463.0,0,0.0,0.0,,0.0,1,0.77,1.02,SPY220218C00463000,463.0,normalDay
2022-02-09,13407.0,-703.0,0.0,100,457.54,463.0,0,0.0,0.0,,0.0,1,0.77,2.34,SPY220218C00463000,463.0,normalDay
2022-02-10,13407.0,-1377.0,0.0,100,449.32,463.0,0,0.0,0.0,,0.0,1,0.77,0.86,SPY220218C00463000,463.0,normalDay
2022-02-11,13407.0,-2192.0,0.0,100,440.46,463.0,0,0.0,0.0,,0.0,1,0.77,0.15,SPY220218C00463000,463.0,normalDay
2022-02-14,13407.0,-2328.0,0.0,100,439.02,463.0,0,0.0,0.0,,0.0,1,0.77,0.07,SPY220218C00463000,463.0,normalDay
2022-02-15,13407.0,-1620.0,0.0,100,446.1,463.0,0,0.0,0.0,,0.0,1,0.77,0.07,SPY220218C00463000,463.0,normalDay
2022-02-16,13407.0,-1566.0,0.0,100,446.6,463.0,0,0.0,0.0,,0.0,1,0.77,0.03,SPY220218C00463000,463.0,normalDay
2022-02-17,13407.0,-2518.0,0.0,100,437.06,463.0,0,0.0,0.0,,0.0,1,0.77,0.01,SPY220218C00463000,463.0,normalDay
2022-02-18,13484.0,-2877.0,77.0,100,434.23,463.0,0,0.0,0.0,,0.0,1,0.77,0.0,SPY220218C00463000,463.0,expirationDay
2022-02-22,13484.0,-3347.0,0.0,100,429.57,463.0,0,0.0,0.0,,0.0,1,0.51,0.55,SPY220304C00452000,452.0,normalDay
2022-02-23,13484.0,-4070.0,0.0,100,421.95,463.0,0,0.0,0.0,,0.0,1,0.51,0.16,SPY220304C00452000,452.0,normalDay
2022-02-24,13484.0,-3437.0,0.0,100,428.3,463.0,0,0.0,0.0,,0.0,1,0.51,0.18,SPY220304C00452000,452.0,normalDay
2022-02-25,13484.0,-2530.0,0.0,100,437.75,463.0,0,0.0,0.0,,0.0,1,0.51,0.56,SPY220304C00452000,452.0,normalDay
2022-02-28,13484.0,-2629.0,0.0,100,436.63,463.0,0,0.0,0.0,,0.0,1,0.51,0.43,SPY220304C00452000,452.0,normalDay
2022-03-01,13484.0,-3264.0,0.0,100,429.98,463.0,0,0.0,0.0,,0.0,1,0.51,0.13,SPY220304C00452000,452.0,normalDay
2022-03-02,13484.0,-2472.0,0.0,100,437.89,463.0,0,0.0,0.0,,0.0,1,0.51,0.12,SPY220304C00452000,452.0,normalDay
2022-03-03,13484.0,-2680.0,0.0,100,435.71,463.0,0,0.0,0.0,,0.0,1,0.51,0.02,SPY220304C00452000,452.0,normalDay
2022-03-04,13535.0,-3083.0,51.0,100,432.17,463.0,0,0.0,0.0,,0.0,1,0.51,0.0,SPY220304C00452000,452.0,expirationDay
2022-03-07,13535.0,-4361.0,0.0,100,419.43,463.0,0,0.0,0.0,,0.0,1,0.45,0.49,SPY220318C00448000,448.0,normalDay
2022-03-08,13535.0,-4658.0,0.0,100,416.25,463.0,0,0.0,0.0,,0.0,1,0.45,0.28,SPY220318C00448000,448.0,normalDay
2022-03-09,13535.0,-3587.0,0.0,100,427.41,463.0,0,0.0,0.0,,0.0,1,0.45,0.73,SPY220318C00448000,448.0,normalDay
2022-03-10,13535.0,-3737.0,0.0,100,425.48,463.0,0,0.0,0.0,,0.0,1,0.45,0.3,SPY220318C00448000,448.0,normalDay
2022-03-11,13535.0,-4262.0,0.0,100,420.07,463.0,0,0.0,0.0,,0.0,1,0.45,0.14,SPY220318C00448000,448.0,normalDay
2022-03-14,13535.0,-4562.0,0.0,100,417.0,463.0,0,0.0,0.0,,0.0,1,0.45,0.07,SPY220318C00448000,448.0,normalDay
2022-03-15,13535.0,-3645.0,0.0,100,426.17,463.0,0,0.0,0.0,,0.0,1,0.45,0.07,SPY220318C00448000,448.0,normalDay
2022-03-16,13535.0,-2706.0,0.0,100,435.62,463.0,0,0.0,0.0,,0.0,1,0.45,0.13,SPY220318C00448000,448.0,normalDay
2022-03-17,13535.0,-2158.0,0.0,100,441.07,463.0,0,0.0,0.0,,0.0,1,0.45,0.1,SPY220318C00448000,448.0,normalDay
2022-03-18,13580.0,-1848.0,45.0,100,444.52,463.0,0,0.0,0.0,,0.0,1,0.45,0.0,SPY220318C00448000,448.0,expirationDay
2022-03-21,13580.0,-1878.0,0.0,100,444.39,463.0,0,0.0,0.0,,0.0,1,9.88,10.05,SPY220401C00439000,439.0,normalDay
2022-03-22,13580.0,-1693.0,0.0,100,449.59,463.0,0,0.0,0.0,,0.0,1,9.88,13.4,SPY220401C00439000,439.0,normalDay
2022-03-23,13580.0,-1819.0,0.0,100,443.8,463.0,0,0.0,0.0,,0.0,1,9.88,8.87,SPY220401C00439000,439.0,normalDay
2022-03-24,13580.0,-1584.0,0.0,100,450.49,463.0,0,0.0,0.0,,0.0,1,9.88,13.21,SPY220401C00439000,439.0,normalDay
2022-03-25,13580.0,-1505.0,0.0,100,452.69,463.0,0,0.0,0.0,,0.0,1,9.88,14.62,SPY220401C00439000,439.0,normalDay
2022-03-28,13580.0,-1459.0,0.0,100,455.91,463.0,0,0.0,0.0,,0.0,1,9.88,17.38,SPY220401C00439000,439.0,normalDay
2022-03-29,13580.0,-1406.0,0.0,100,461.55,463.0,0,0.0,0.0,,0.0,1,9.88,22.49,SPY220401C00439000,439.0,normalDay
2022-03-30,13580.0,-1470.0,0.0,100,458.7,463.0,0,0.0,0.0,,0.0,1,9.88,20.28,SPY220401C00439000,439.0,normalDay
2022-03-31,13580.0,-1504.0,0.0,100,451.64,463.0,0,0.0,0.0,,0.0,1,9.88,13.56,SPY220401C00439000,439.0,normalDay
2022-04-01,12168.0,-1504.0,-1412.0,0,452.92,0.0,0,0.0,0.0,,0.0,1,9.88,0.0,SPY220401C00439000,439.0,expirationDay
2022-04-04,12168.0,0.0,0.0,0,456.8,0.0,0,0.0,0.0,,0.0,0,0.0,0.0,,0.0,bidTooLow
2022-04-05,12168.0,-3.0,0.0,0,451.03,0.0,1,0.06,0.09,SPY220408P00430000,430.0,0,0.0,0.0,,0.0,normalDay
2022-04-06,12168.0,-2.0,0.0,0,446.52,0.0,1,0.06,0.08,SPY220408P00430000,430.0,0,0.0,0.0,,0.0,normalDay
2022-04-07,12168.0,3.0,0.0,0,448.77,0.0,1,0.06,0.03,SPY220408P00430000,430.0,0,0.0,0.0,,0.0,normalDay
2022-04-08,12174.0,0.0,6.0,0,447.57,0.0,1,0.06,0.0,SPY220408P00430000,430.0,0,0.0,0.0,,0.0,expirationDay
2022-04-11,12174.0,-5.0,0.0,0,439.92,0.0,1,3.86,3.91,SPY220414P00440000,440.0,0,0.0,0.0,,0.0,normalDay
2022-04-12,12174.0,20.0,0.0,0,438.29,0.0,1,3.86,3.66,SPY220414P00440000,440.0,0,0.0,0.0,,0.0,normalDay
2022-04-13,12174.0,312.0,0.0,0,443.31,0.0,1,3.86,0.74,SPY220414P00440000,440.0,0,0.0,0.0,,0.0,normalDay
2022-04-14,12560.0,-221.0,386.0,100,437.79,440.0,1,3.86,0.0,SPY220414P00440000,440.0,0,0.0,0.0,,0.0,expirationDay
2022-04-18,12560.0,-206.0,0.0,100,437.97,440.0,0,0.0,0.0,,0.0,1,0.46,0.49,SPY220429C00455000,455.0,normalDay
2022-04-19,12560.0,459.0,0.0,100,445.04,440.0,0,0.0,0.0,,0.0,1,0.46,0.91,SPY220429C00455000,455.0,normalDay
2022-04-20,12560.0,405.0,0.0,100,444.71,440.0,0,0.0,0.0,,0.0,1,0.46,1.12,SPY220429C00455000,455.0,normalDay
2022-04-21,12560.0,-172.0,0.0,100,438.06,440.0,0,0.0,0.0,,0.0,1,0.46,0.24,SPY220429C00455000,455.0,normalDay
2022-04-22,12560.0,-1355.0,0.0,100,426.04,440.0,0,0.0,0.0,,0.0,1,0.46,0.05,SPY220429C00455000,455.0,normalDay
2022-04-25,12560.0,-1106.0,0.0,100,428.51,440.0,0,0.0,0.0,,0.0,1,0.46,0.03,SPY220429C00455000,455.0,normalDay
2022-04-26,12560.0,-2346.0,0.0,100,416.1,440.0,0,0.0,0.0,,0.0,1,0.46,0.02,SPY220429C00455000,455.0,normalDay
2022-04-27,12560.0,-2228.0,0.0,100,417.27,440.0,0,0.0,0.0,,0.0,1,0.46,0.01,SPY220429C00455000,455.0,normalDay
2022-04-28,12560.0,-1174.0,0.0,100,427.81,440.0,0,0.0,0.0,,0.0,1,0.46,0.01,SPY220429C00455000,455.0,normalDay
2022-04-29,12606.0,-2800.0,46.0,100,412.0,440.0,0,0.0,0.0,,0.0,1,0.46,0.0,SPY220429C00455000,455.0,expirationDay
2022-05-02,12606.0,-2555.0,0.0,100,414.48,440.0,0,0.0,0.0,,0.0,1,0.19,0.22,SPY220513C00449000,449.0,normalDay
2022-05-03,12606.0,-2359.0,0.0,100,416.38,440.0,0,0.0,0.0,,0.0,1,0.19,0.16,SPY220513C00449000,449.0,normalDay
2022-05-04,12606.0,-1113.0,0.0,100,429.06,440.0,0,0.0,0.0,,0.0,1,0.19,0.38,SPY220513C00449000,449.0,normalDay
2022-05-05,12606.0,-2610.0,0.0,100,413.81,440.0,0,0.0,0.0,,0.0,1,0.19,0.1,SPY220513C00449000,449.0,normalDay
2022-05-06,12606.0,-2849.0,0.0,100,411.34,440.0,0,0.0,0.0,,0.0,1,0.19,0.02,SPY220513C00449000,449.0,normalDay
2022-05-09,12606.0,-4166.0,0.0,100,398.17,440.0,0,0.0,0.0,,0.0,1,0.19,0.02,SPY220513C00449000,449.0,normalDay
2022-05-10,12606.0,-4073.0,0.0,100,399.09,440.0,0,0.0,0.0,,0.0,1,0.19,0.01,SPY220513C00449000,449.0,normalDay
2022-05-11,12606.0,-4707.0,0.0,100,392.75,440.0,0,0.0,0.0,,0.0,1,0.19,0.01,SPY220513C00449000,449.0,normalDay
2022-05-12,12606.0,-4748.0,0.0,100,392.34,440.0,0,0.0,0.0,,0.0,1,0.19,0.01,SPY220513C00449000,449.0,normalDay
2022-05-13,12625.0,-3828.0,19.0,100,401.72,440.0,0,0.0,0.0,,0.0,1,0.19,0.0,SPY220513C00449000,449.0,expirationDay
2022-05-16,12625.0,-3994.0,0.0,100,400.09,440.0,0,0.0,0.0,,0.0,1,0.09,0.12,SPY220527C00432000,432.0,normalDay
2022-05-17,12625.0,-3187.0,0.0,100,408.32,440.0,0,0.0,0.0,,0.0,1,0.09,0.28,SPY220527C00432000,432.0,normalDay
2022-05-18,12625.0,-4811.0,0.0,100,391.86,440.0,0,0.0,0.0,,0.0,1,0.09,0.06,SPY220527C00432000,432.0,normalDay
2022-05-19,12625.0,-5049.0,0.0,100,389.46,440.0,0,0.0,0.0,,0.0,1,0.09,0.04,SPY220527C00432000,432.0,normalDay
2022-05-20,12625.0,-5030.0,0.0,100,389.63,440.0,0,0.0,0.0,,0.0,1,0.09,0.02,SPY220527C00432000,432.0,normalDay
2022-05-23,12625.0,-4302.0,0.0,100,396.92,440.0,0,0.0,0.0,,0.0,1,0.09,0.03,SPY220527C00432000,432.0,normalDay
2022-05-24,12625.0,-4604.0,0.0,100,393.89,440.0,0,0.0,0.0,,0.0,1,0.09,0.02,SPY220527C00432000,432.0,normalDay
2022-05-25,12625.0,-4255.0,0.0,100,397.37,440.0,0,0.0,0.0,,0.0,1,0.09,0.01,SPY220527C00432000,432.0,normalDay
2022-05-26,12625.0,-3461.0,0.0,100,405.31,440.0,0,0.0,0.0,,0.0,1,0.09,0.01,SPY220527C00432000,432.0,normalDay
2022-05-27,12634.0,-2474.0,9.0,100,415.26,440.0,0,0.0,0.0,,0.0,1,0.09,0.0,SPY220527C00432000,432.0,expirationDay
2022-05-31,12634.0,-2713.0,0.0,100,412.93,440.0,0,0.0,0.0,,0.0,1,6.0,6.06,SPY220610C00414000,414.0,normalDay
2022-06-01,12634.0,-2846.0,0.0,100,409.59,440.0,0,0.0,0.0,,0.0,1,6.0,4.05,SPY220610C00414000,414.0,normalDay
2022-06-02,12634.0,-2411.0,0.0,100,417.39,440.0,0,0.0,0.0,,0.0,1,6.0,7.5,SPY220610C00414000,414.0,normalDay
2022-06-03,12634.0,-2693.0,0.0,100,410.54,440.0,0,0.0,0.0,,0.0,1,6.0,3.47,SPY220610C00414000,414.0,normalDay
2022-06-06,12634.0,-2549.0,0.0,100,411.79,440.0,0,0.0,0.0,,0.0,1,6.0,3.28,SPY220610C00414000,414.0,normalDay
2022-06-07,12634.0,-2278.0,0.0,100,415.74,440.0,0,0.0,0.0,,0.0,1,6.0,4.52,SPY220610C00414000,414.0,normalDay
2022-06-08,12634.0,-2478.0,0.0,100,411.22,440.0,0,0.0,0.0,,0.0,1,6.0,2.0,SPY220610C00414000,414.0,normalDay
2022-06-09,12634.0,-3278.0,0.0,100,401.44,440.0,0,0.0,0.0,,0.0,1,6.0,0.22,SPY220610C00414000,414.0,normalDay
2022-06-10,13234.0,-5020.0,600.0,100,389.8,440.0,0,0.0,0.0,,0.0,1,6.0,0.0,SPY220610C00414000,414.0,expirationDay
2022-06-13,13234.0,-6503.0,0.0,100,375.0,440.0,0,0.0,0.0,,0.0,1,0.18,0.21,SPY220624C00414000,414.0,normalDay
2022-06-14,13234.0,-6612.0,0.0,100,373.87,440.0,0,0.0,0.0,,0.0,1,0.18,0.17,SPY220624C00414000,414.0,normalDay
2022-06-15,13234.0,-6078.0,0.0,100,379.2,440.0,0,0.0,0.0,,0.0,1,0.18,0.16,SPY220624C00414000,414.0,normalDay
2022-06-16,13234.0,-7322.0,0.0,100,366.65,440.0,0,0.0,0.0,,0.0,1,0.18,0.05,SPY220624C00414000,414.0,normalDay
2022-06-17,13234.0,-7398.0,0.0,100,365.86,440.0,0,0.0,0.0,,0.0,1,0.18,0.02,SPY220624C00414000,414.0,normalDay
2022-06-21,13234.0,-6477.0,0.0,100,375.07,440.0,0,0.0,0.0,,0.0,1,0.18,0.02,SPY220624C00414000,414.0,normalDay
2022-06-22,13234.0,-6544.0,0.0,100,374.39,440.0,0,0.0,0.0,,0.0,1,0.18,0.01,SPY220624C00414000,414.0,normalDay
2022-06-23,13234.0,-6177.0,0.0,100,378.06,440.0,0,0.0,0.0,,0.0,1,0.18,0.01,SPY220624C00414000,414.0,normalDay
2022-06-24,13252.0,-4992.0,18.0,100,390.08,440.0,0,0.0,0.0,,0.0,1,0.18,0.0,SPY220624C00414000,414.0,expirationDay
2022-06-27,13252.0,-5144.0,0.0,100,388.59,440.0,0,0.0,0.0,,0.0,1,0.48,0.51,SPY220708C00412000,412.0,normalDay
2022-06-28,13252.0,-5902.0,0.0,100,380.65,440.0,0,0.0,0.0,,0.0,1,0.48,0.15,SPY220708C00412000,412.0,normalDay
2022-06-29,13252.0,-5930.0,0.0,100,380.34,440.0,0,0.0,0.0,,0.0,1,0.48,0.12,SPY220708C00412000,412.0,normalDay
2022-06-30,13252.0,-6231.0,0.0,100,377.25,440.0,0,0.0,0.0,,0.0,1,0.48,0.04,SPY220708C00412000,412.0,normalDay
2022-07-01,13252.0,-5830.0,0.0,100,381.24,440.0,0,0.0,0.0,,0.0,1,0.48,0.02,SPY220708C00412000,412.0,normalDay
2022-07-05,13252.0,-5757.0,0.0,100,381.96,440.0,0,0.0,0.0,,0.0,1,0.48,0.01,SPY220708C00412000,412.0,normalDay
2022-07-06,13252.0,-5628.0,0.0,100,383.25,440.0,0,0.0,0.0,,0.0,1,0.48,0.01,SPY220708C00412000,412.0,normalDay
2022-07-07,13252.0,-5054.0,0.0,100,388.99,440.0,0,0.0,0.0,,0.0,1,0.48,0.01,SPY220708C00412000,412.0,normalDay
2022-07-08,13300.0,-5133.0,48.0,100,388.67,440.0,0,0.0,0.0,,0.0,1,0.48,0.0,SPY220708C00412000,412.0,expirationDay
2022-07-11,13300.0,-5583.0,0.0,100,384.23,440.0,0,0.0,0.0,,0.0,1,4.96,5.02,SPY220722C00387500,387.5,normalDay
2022-07-12,13300.0,-5761.0,0.0,100,380.83,440.0,0,0.0,0.0,,0.0,1,4.96,3.4,SPY220722C00387500,387.5,normalDay
2022-07-13,13300.0,-5847.0,0.0,100,378.83,440.0,0,0.0,0.0,,0.0,1,4.96,2.26,SPY220722C00387500,387.5,normalDay
2022-07-14,13300.0,-5875.0,0.0,100,377.91,440.0,0,0.0,0.0,,0.0,1,4.96,1.62,SPY220722C00387500,387.5,normalDay
2022-07-15,13300.0,-5308.0,0.0,100,385.13,440.0,0,0.0,0.0,,0.0,1,4.96,3.17,SPY220722C00387500,387.5,normalDay
2022-07-18,13300.0,-5479.0,0.0,100,381.95,440.0,0,0.0,0.0,,0.0,1,4.96,1.7,SPY220722C00387500,387.5,normalDay
2022-07-19,13300.0,-4984.0,0.0,100,392.27,440.0,0,0.0,0.0,,0.0,1,4.96,7.07,SPY220722C00387500,387.5,normalDay
2022-07-20,13300.0,-4875.0,0.0,100,394.77,440.0,0,0.0,0.0,,0.0,1,4.96,8.48,SPY220722C00387500,387.5,normalDay
2022-07-21,13300.0,-4750.0,0.0,100,398.79,440.0,0,0.0,0.0,,0.0,1,4.96,11.25,SPY220722C00387500,387.5,normalDay
2022-07-22,8546.0,-4750.0,-4754.0,0,395.09,0.0,0,0.0,0.0,,0.0,1,4.96,0.0,SPY220722C00387500,387.5,expirationDay
2022-07-25,8546.0,-3.0,0.0,0,395.57,0.0,1,0.06,0.09,SPY220727P00379000,379.0,0,0.0,0.0,,0.0,normalDay
2022-07-26,8546.0,-4.0,0.0,0,390.89,0.0,1,0.06,0.1,SPY220727P00379000,379.0,0,0.0,0.0,,0.0,normalDay
2022-07-27,8552.0,0.0,6.0,0,401.04,0.0,1,0.06,0.0,SPY220727P00379000,379.0,0,0.0,0.0,,0.0,expirationDay
2022-07-28,8552.0,0.0,0.0,0,406.07,0.0,0,0.0,0.0,,0.0,0,0.0,0.0,,0.0,bidTooLow
2022-07-29,8552.0,0.0,0.0,0,411.99,0.0,0,0.0,0.0,,0.0,0,0.0,0.0,,0.0,bidTooLow
2022-08-01,8552.0,0.0,0.0,0,410.77,0.0,0,0.0,0.0,,0.0,0,0.0,0.0,,0.0,bidTooLow
2022-08-02,8552.0,-3.0,0.0,0,408.06,0.0,1,0.05,0.08,SPY220805P00382000,382.0,0,0.0,0.0,,0.0,normalDay
2022-08-03,8552.0,2.0,0.0,0,414.45,0.0,1,0.05,0.03,SPY220805P00382000,382.0,0,0.0,0.0,,0.0,normalDay
2022-08-04,8552.0,4.0,0.0,0,414.17,0.0,1,0.05,0.01,SPY220805P00382000,382.0,0,0.0,0.0,,0.0,normalDay
2022-08-05,8557.0,0.0,5.0,0,413.47,0.0,1,0.05,0.0,SPY220805P00382000,382.0,0,0.0,0.0,,0.0,expirationDay
2022-08-08,8557.0,0.0,0.0,0,412.99,0.0,0,0.0,0.0,,0.0,0,0.0,0.0,,0.0,bidTooLow
2022-08-09,8557.0,-3.0,0.0,0,411.35,0.0,1,0.03,0.06,SPY220812P00387500,387.5,0,0.0,0.0,,0.0,normalDay
2022-08-10,8557.0,1.0,0.0,0,419.99,0.0,1,0.03,0.02,SPY220812P00387500,387.5,0,0.0,0.0,,0.0,normalDay
2022-08-11,8557.0,2.0,0.0,0,419.99,0.0,1,0.03,0.01,SPY220812P00387500,387.5,0,0.0,0.0,,0.0,normalDay
2022-08-12,8560.0,0.0,3.0,0,427.1,0.0,1,0.03,0.0,SPY220812P00387500,387.5,0,0.0,0.0,,0.0,expirationDay
2022-08-15,8560.0,0.0,0.0,0,428.86,0.0,0,0.0,0.0,,0.0,0,0.0,0.0,,0.0,bidTooLow
2022-08-16,8560.0,-3.0,0.0,0,429.7,0.0,1,0.01,0.04,SPY220819P00399000,399.0,0,0.0,0.0,,0.0,normalDay
2022-08-17,8560.0,-2.0,0.0,0,426.65,0.0,1,0.01,0.03,SPY220819P00399000,399.0,0,0.0,0.0,,0.0,normalDay
2022-08-18,8560.0,-1.0,0.0,0,427.89,0.0,1,0.01,0.02,SPY220819P00399000,399.0,0,0.0,0.0,,0.0,normalDay
2022-08-19,8561.0,0.0,1.0,0,422.14,0.0,1,0.01,0.0,SPY220819P00399000,399.0,0,0.0,0.0,,0.0,expirationDay
2022-08-22,8561.0,-3.0,0.0,0,413.35,0.0,1,0.5,0.53,SPY220824P00406000,406.0,0,0.0,0.0,,0.0,normalDay
2022-08-23,8561.0,23.0,0.0,0,412.35,0.0,1,0.5,0.27,SPY220824P00406000,406.0,0,0.0,0.0,,0.0,normalDay
2022-08-24,8611.0,0.0,50.0,0,413.67,0.0,1,0.5,0.0,SPY220824P00406000,406.0,0,0.0,0.0,,0.0,expirationDay
2022-08-25,8611.0,-3.0,0.0,0,419.51,0.0,1,0.39,0.42,SPY220826P00411000,411.0,0,0.0,0.0,,0.0,normalDay
2022-08-26,8650.0,-569.0,39.0,100,405.31,411.0,1,0.39,0.0,SPY220826P00411000,411.0,0,0.0,0.0,,0.0,expirationDay
2022-08-29,8650.0,-840.0,0.0,100,402.63,411.0,0,0.0,0.0,,0.0,1,0.27,0.3,SPY220909C00425000,425.0,normalDay
2022-08-30,8650.0,-1263.0,0.0,100,398.21,411.0,0,0.0,0.0,,0.0,1,0.27,0.11,SPY220909C00425000,425.0,normalDay
2022-08-31,8650.0,-1562.0,0.0,100,395.18,411.0,0,0.0,0.0,,0.0,1,0.27,0.07,SPY220909C00425000,425.0,normalDay
2022-09-01,8650.0,-1436.0,0.0,100,396.42,411.0,0,0.0,0.0,,0.0,1,0.27,0.05,SPY220909C00425000,425.0,normalDay
2022-09-02,8650.0,-1851.0,0.0,100,392.24,411.0,0,0.0,0.0,,0.0,1,0.27,0.02,SPY220909C00425000,425.0,normalDay
2022-09-06,8650.0,-1998.0,0.0,100,390.76,411.0,0,0.0,0.0,,0.0,1,0.27,0.01,SPY220909C00425000,425.0,normalDay
2022-09-07,8650.0,-1296.0,0.0,100,397.78,411.0,0,0.0,0.0,,0.0,1,0.27,0.01,SPY220909C00425000,425.0,normalDay
2022-09-08,8650.0,-1036.0,0.0,100,400.38,411.0,0,0.0,0.0,,0.0,1,0.27,0.01,SPY220909C00425000,425.0,normalDay
2022-09-09,8677.0,-440.0,27.0,100,406.6,411.0,0,0.0,0.0,,0.0,1,0.27,0.0,SPY220909C00425000,425.0,expirationDay
2022-09-12,8677.0,-7.0,0.0,100,410.97,411.0,0,0.0,0.0,,0.0,1,1.98,2.02,SPY220923C00422500,422.5,normalDay
2022-09-13,8677.0,-1612.0,0.0,100,393.1,411.0,0,0.0,0.0,,0.0,1,1.98,0.2,SPY220923C00422500,422.5,normalDay
2022-09-14,8677.0,-1457.0,0.0,100,394.6,411.0,0,0.0,0.0,,0.0,1,1.98,0.15,SPY220923C00422500,422.5,normalDay
2022-09-15,8677.0,-1896.0,0.0,100,390.12,411.0,0,0.0,0.0,,0.0,1,1.98,0.06,SPY220923C00422500,422.5,normalDay
2022-09-16,8677.0,-2349.0,0.0,100,385.56,411.0,0,0.0,0.0,,0.0,1,1.98,0.03,SPY220923C00422500,422.5,normalDay
2022-09-19,8677.0,-2049.0,0.0,100,388.55,411.0,0,0.0,0.0,,0.0,1,1.98,0.02,SPY220923C00422500,422.5,normalDay
2022-09-20,8677.0,-2494.0,0.0,100,384.09,411.0,0,0.0,0.0,,0.0,1,1.98,0.01,SPY220923C00422500,422.5,normalDay
2022-09-21,8677.0,-3164.0,0.0,100,377.39,411.0,0,0.0,0.0,,0.0,1,1.98,0.01,SPY220923C00422500,422.5,normalDay
2022-09-22,8677.0,-3481.0,0.0,100,374.22,411.0,0,0.0,0.0,,0.0,1,1.98,0.01,SPY220923C00422500,422.5,normalDay
2022-09-23,8875.0,-4305.0,198.0,100,367.95,411.0,0,0.0,0.0,,0.0,1,1.98,0.0,SPY220923C00422500,422.5,expirationDay
2022-09-26,8875.0,-4672.0,0.0,100,364.31,411.0,0,0.0,0.0,,0.0,1,0.1,0.13,SPY221007C00402500,402.5,normalDay
2022-09-27,8875.0,-4760.0,0.0,100,363.38,411.0,0,0.0,0.0,,0.0,1,0.1,0.08,SPY221007C00402500,402.5,normalDay
2022-09-28,8875.0,-4049.0,0.0,100,370.53,411.0,0,0.0,0.0,,0.0,1,0.1,0.12,SPY221007C00402500,402.5,normalDay
2022-09-29,8875.0,-4815.0,0.0,100,362.79,411.0,0,0.0,0.0,,0.0,1,0.1,0.04,SPY221007C00402500,402.5,normalDay
2022-09-30,8875.0,-5374.0,0.0,100,357.18,411.0,0,0.0,0.0,,0.0,1,0.1,0.02,SPY221007C00402500,402.5,normalDay
2022-10-03,8875.0,-4431.0,0.0,100,366.61,411.0,0,0.0,0.0,,0.0,1,0.1,0.02,SPY221007C00402500,402.5,normalDay
2022-10-04,8875.0,-3298.0,0.0,100,377.97,411.0,0,0.0,0.0,,0.0,1,0.1,0.05,SPY221007C00402500,402.5,normalDay
2022-10-05,8875.0,-3382.0,0.0,100,377.09,411.0,0,0.0,0.0,,0.0,1,0.1,0.01,SPY221007C00402500,402.5,normalDay
2022-10-06,8875.0,-3771.0,0.0,100,373.2,411.0,0,0.0,0.0,,0.0,1,0.1,0.01,SPY221007C00402500,402.5,normalDay
2022-10-07,8885.0,-4821.0,10.0,100,362.79,411.0,0,0.0,0.0,,0.0,1,0.1,0.0,SPY221007C00402500,402.5,expirationDay
2022-10-10,8885.0,-5101.0,0.0,100,360.02,411.0,0,0.0,0.0,,0.0,1,0.58,0.61,SPY221021C00386000,386.0,normalDay
2022-10-11,8885.0,-5320.0,0.0,100,357.74,411.0,0,0.0,0.0,,0.0,1,0.58,0.52,SPY221021C00386000,386.0,normalDay
2022-10-12,8885.0,-5425.0,0.0,100,356.56,411.0,0,0.0,0.0,,0.0,1,0.58,0.39,SPY221021C00386000,386.0,normalDay
2022-10-13,8885.0,-4532.0,0.0,100,365.97,411.0,0,0.0,0.0,,0.0,1,0.58,0.87,SPY221021C00386000,386.0,normalDay
2022-10-14,8885.0,-5290.0,0.0,100,357.63,411.0,0,0.0,0.0,,0.0,1,0.58,0.11,SPY221021C00386000,386.0,normalDay
2022-10-17,8885.0,-4388.0,0.0,100,366.82,411.0,0,0.0,0.0,,0.0,1,0.58,0.28,SPY221021C00386000,386.0,normalDay
2022-10-18,8885.0,-3970.0,0.0,100,371.13,411.0,0,0.0,0.0,,0.0,1,0.58,0.41,SPY221021C00386000,386.0,normalDay
2022-10-19,8885.0,-4200.0,0.0,100,368.5,411.0,0,0.0,0.0,,0.0,1,0.58,0.08,SPY221021C00386000,386.0,normalDay
2022-10-20,8885.0,-4503.0,0.0,100,365.41,411.0,0,0.0,0.0,,0.0,1,0.58,0.02,SPY221021C00386000,386.0,normalDay
2022-10-21,8943.0,-3671.0,58.0,100,374.29,411.0,0,0.0,0.0,,0.0,1,0.58,0.0,SPY221021C00386000,386.0,expirationDay
2022-10-24,8943.0,-3226.0,0.0,100,378.87,411.0,0,0.0,0.0,,0.0,1,10.94,11.07,SPY221104C00374000,374.0,normalDay
2022-10-25,8943.0,-2873.0,0.0,100,384.92,411.0,0,0.0,0.0,,0.0,1,10.94,13.59,SPY221104C00374000,374.0,normalDay
2022-10-26,8943.0,-3079.0,0.0,100,382.02,411.0,0,0.0,0.0,,0.0,1,10.94,12.75,SPY221104C00374000,374.0,normalDay
2022-10-27,8943.0,-2794.0,0.0,100,379.98,411.0,0,0.0,0.0,,0.0,1,10.94,7.86,SPY221104C00374000,374.0,normalDay
2022-10-28,8943.0,-2789.0,0.0,100,389.02,411.0,0,0.0,0.0,,0.0,1,10.94,16.85,SPY221104C00374000,374.0,normalDay
2022-10-31,8943.0,-2766.0,0.0,100,386.21,411.0,0,0.0,0.0,,0.0,1,10.94,13.81,SPY221104C00374000,374.0,normalDay
2022-11-01,8943.0,-2733.0,0.0,100,384.52,411.0,0,0.0,0.0,,0.0,1,10.94,11.79,SPY221104C00374000,374.0,normalDay
2022-11-02,8943.0,-2918.0,0.0,100,374.87,411.0,0,0.0,0.0,,0.0,1,10.94,3.99,SPY221104C00374000,374.0,normalDay
2022-11-03,8943.0,-3060.0,0.0,100,371.01,411.0,0,0.0,0.0,,0.0,1,10.94,1.55,SPY221104C00374000,374.0,normalDay
2022-11-04,6337.0,-3060.0,-2606.0,0,376.35,0.0,0,0.0,0.0,,0.0,1,10.94,0.0,SPY221104C00374000,374.0,expirationDay
2022-11-07,6337.0,-3.0,0.0,0,379.95,0.0,1,0.05,0.08,SPY221109P00364000,364.0,0,0.0,0.0,,0.0,normalDay
2022-11-08,6337.0,-1.0,0.0,0,382.0,0.0,1,0.05,0.06,SPY221109P00364000,364.0,0,0.0,0.0,,0.0,normalDay
2022-11-09,6342.0,0.0,5.0,0,374.13,0.0,1,0.05,0.0,SPY221109P00364000,364.0,0,0.0,0.0,,0.0,expirationDay
2022-11-10,6342.0,0.0,0.0,0,394.69,0.0,0,0.0,0.0,,0.0,0,0.0,0.0,,0.0,bidTooLow
2022-11-11,6342.0,-3.0,0.0,0,398.51,0.0,1,0.01,0.04,SPY221114P00370000,370.0,0,0.0,0.0,,0.0,normalDay
2022-11-14,6343.0,0.0,1.0,0,395.12,0.0,1,0.01,0.0,SPY221114P00370000,370.0,0,0.0,0.0,,0.0,expirationDay
2022-11-15,6343.0,-3.0,0.0,0,398.49,0.0,1,0.07,0.1,SPY221118P00372000,372.0,0,0.0,0.0,,0.0,normalDay
2022-11-16,6343.0,2.0,0.0,0,395.45,0.0,1,0.07,0.05,SPY221118P00372000,372.0,0,0.0,0.0,,0.0,normalDay
2022-11-17,6343.0,3.0,0.0,0,394.24,0.0,1,0.07,0.04,SPY221118P00372000,372.0,0,0.0,0.0,,0.0,normalDay
2022-11-18,6350.0,0.0,7.0,0,396.03,0.0,1,0.07,0.0,SPY221118P00372000,372.0,0,0.0,0.0,,0.0,expirationDay
2022-11-21,6350.0,-3.0,0.0,0,394.59,0.0,1,0.01,0.04,SPY221123P00378000,378.0,0,0.0,0.0,,0.0,normalDay
2022-11-22,6350.0,-1.0,0.0,0,399.9,0.0,1,0.01,0.02,SPY221123P00378000,378.0,0,0.0,0.0,,0.0,normalDay
2022-11-23,6351.0,0.0,1.0,0,402.42,0.0,1,0.01,0.0,SPY221123P00378000,378.0,0,0.0,0.0,,0.0,expirationDay
2022-11-25,6351.0,0.0,0.0,0,402.33,0.0,0,0.0,0.0,,0.0,0,0.0,0.0,,0.0,bidTooLow
2022-11-28,6351.0,-3.0,0.0,0,395.91,0.0,1,0.07,0.1,SPY221201P00380000,380.0,0,0.0,0.0,,0.0,normalDay
2022-11-29,6351.0,0.0,0.0,0,395.23,0.0,1,0.07,0.07,SPY221201P00380000,380.0,0,0.0,0.0,,0.0,normalDay
2022-11-30,6351.0,4.0,0.0,0,407.68,0.0,1,0.07,0.03,SPY221201P00380000,380.0,0,0.0,0.0,,0.0,normalDay
2022-12-01,6358.0,0.0,7.0,0,407.38,0.0,1,0.07,0.0,SPY221201P00380000,380.0,0,0.0,0.0,,0.0,expirationDay
2022-12-02,6358.0,0.0,0.0,0,406.91,0.0,0,0.0,0.0,,0.0,0,0.0,0.0,,0.0,bidTooLow
2022-12-05,6358.0,-3.0,0.0,0,399.59,0.0,1,0.11,0.14,SPY221208P00387000,387.0,0,0.0,0.0,,0.0,normalDay
2022-12-06,6358.0,-34.0,0.0,0,393.83,0.0,1,0.11,0.45,SPY221208P00387000,387.0,0,0.0,0.0,,0.0,normalDay
2022-12-07,6358.0,-10.0,0.0,0,393.16,0.0,1,0.11,0.21,SPY221208P00387000,387.0,0,0.0,0.0,,0.0,normalDay
2022-12-08,6369.0,0.0,11.0,0,396.24,0.0,1,0.11,0.0,SPY221208P00387000,387.0,0,0.0,0.0,,0.0,expirationDay
2022-12-09,6369.0,-3.0,0.0,0,393.28,0.0,1,1.97,2.0,SPY221212P00394000,394.0,0,0.0,0.0,,0.0,normalDay
2022-12-12,6566.0,0.0,197.0,0,398.95,0.0,1,1.97,0.0,SPY221212P00394000,394.0,0,0.0,0.0,,0.0,expirationDay
2022-12-13,6566.0,-4.0,0.0,0,401.97,0.0,1,2.25,2.29,SPY221216P00394000,394.0,0,0.0,0.0,,0.0,normalDay
2022-12-14,6566.0,81.0,0.0,0,399.4,0.0,1,2.25,1.44,SPY221216P00394000,394.0,0,0.0,0.0,,0.0,normalDay
2022-12-15,6566.0,-428.0,0.0,0,389.63,0.0,1,2.25,6.53,SPY221216P00394000,394.0,0,0.0,0.0,,0.0,normalDay
2022-12-16,6791.0,-1073.0,225.0,100,383.27,394.0,1,2.25,0.0,SPY221216P00394000,394.0,0,0.0,0.0,,0.0,expirationDay
2022-12-19,6791.0,-1401.0,0.0,100,380.02,394.0,0,0.0,0.0,,0.0,1,0.13,0.16,SPY221230C00404000,404.0,normalDay
2022-12-20,6791.0,-1347.0,0.0,100,380.54,394.0,0,0.0,0.0,,0.0,1,0.13,0.14,SPY221230C00404000,404.0,normalDay
2022-12-21,6791.0,-785.0,0.0,100,386.23,394.0,0,0.0,0.0,,0.0,1,0.13,0.21,SPY221230C00404000,404.0,normalDay
2022-12-22,6791.0,-1324.0,0.0,100,380.72,394.0,0,0.0,0.0,,0.0,1,0.13,0.09,SPY221230C00404000,404.0,normalDay
2022-12-23,6791.0,-1100.0,0.0,100,382.91,394.0,0,0.0,0.0,,0.0,1,0.13,0.04,SPY221230C00404000,404.0,normalDay
2022-12-27,6791.0,-1250.0,0.0,100,381.4,394.0,0,0.0,0.0,,0.0,1,0.13,0.03,SPY221230C00404000,404.0,normalDay
2022-12-28,6791.0,-1722.0,0.0,100,376.66,394.0,0,0.0,0.0,,0.0,1,0.13,0.01,SPY221230C00404000,404.0,normalDay
2022-12-29,6791.0,-1044.0,0.0,100,383.44,394.0,0,0.0,0.0,,0.0,1,0.13,0.01,SPY221230C00404000,404.0,normalDay
2022-12-30,6804.0,-1157.0,13.0,100,382.43,394.0,0,0.0,0.0,,0.0,1,0.13,0.0,SPY221230C00404000,404.0,expirationDay
2023-01-03,6804.0,-1321.0,0.0,100,380.82,394.0,0,0.0,0.0,,0.0,1,1.05,1.08,SPY230113C00396000,396.0,normalDay
2023-01-04,6804.0,-1062.0,0.0,100,383.76,394.0,0,0.0,0.0,,0.0,1,1.05,1.43,SPY230113C00396000,396.0,normalDay
2023-01-05,6804.0,-1429.0,0.0,100,379.38,394.0,0,0.0,0.0,,0.0,1,1.05,0.72,SPY230113C00396000,396.0,normalDay
2023-01-06,6804.0,-665.0,0.0,100,388.08,394.0,0,0.0,0.0,,0.0,1,1.05,1.78,SPY230113C00396000,396.0,normalDay
2023-01-09,6804.0,-670.0,0.0,100,387.86,394.0,0,0.0,0.0,,0.0,1,1.05,1.61,SPY230113C00396000,396.0,normalDay
2023-01-10,6804.0,-452.0,0.0,100,390.58,394.0,0,0.0,0.0,,0.0,1,1.05,2.15,SPY230113C00396000,396.0,normalDay
2023-01-11,6804.0,-159.0,0.0,100,395.52,394.0,0,0.0,0.0,,0.0,1,1.05,4.16,SPY230113C00396000,396.0,normalDay
2023-01-12,6804.0,171.0,0.0,100,396.96,394.0,0,0.0,0.0,,0.0,1,1.05,2.3,SPY230113C00396000,396.0,normalDay
2023-01-13,7109.0,171.0,305.0,0,398.5,0.0,0,0.0,0.0,,0.0,1,1.05,0.0,SPY230113C00396000,396.0,expirationDay
2023-01-17,7109.0,-3.0,0.0,0,397.77,0.0,1,0.05,0.08,SPY230120P00379000,379.0,0,0.0,0.0,,0.0,normalDay
2023-01-18,7109.0,-4.0,0.0,0,391.49,0.0,1,0.05,0.09,SPY230120P00379000,379.0,0,0.0,0.0,,0.0,normalDay
2023-01-19,7109.0,-1.0,0.0,0,388.64,0.0,1,0.05,0.06,SPY230120P00379000,379.0,0,0.0,0.0,,0.0,normalDay
2023-01-20,7114.0,0.0,5.0,0,395.88,0.0,1,0.05,0.0,SPY230120P00379000,379.0,0,0.0,0.0,,0.0,expirationDay
2023-01-23,7114.0,-3.0,0.0,0,400.63,0.0,1,0.05,0.08,SPY230126P00381000,381.0,0,0.0,0.0,,0.0,normalDay
2023-01-24,7114.0,0.0,0.0,0,400.2,0.0,1,0.05,0.05,SPY230126P00381000,381.0,0,0.0,0.0,,0.0,normalDay
2023-01-25,7114.0,2.0,0.0,0,400.35,0.0,1,0.05,0.03,SPY230126P00381000,381.0,0,0.0,0.0,,0.0,normalDay
2023-01-26,7119.0,0.0,5.0,0,404.75,0.0,1,0.05,0.0,SPY230126P00381000,381.0,0,0.0,0.0,,0.0,expirationDay
2023-01-27,7119.0,0.0,0.0,0,405.68,0.0,0,0.0,0.0,,0.0,0,0.0,0.0,,0.0,bidTooLow
2023-01-30,7119.0,-3.0,0.0,0,400.59,0.0,1,0.21,0.24,SPY230202P00386000,386.0,0,0.0,0.0,,0.0,normalDay
2023-01-31,7119.0,14.0,0.0,0,406.48,0.0,1,0.21,0.07,SPY230202P00386000,386.0,0,0.0,0.0,,0.0,normalDay
2023-02-01,7119.0,17.0,0.0,0,410.8,0.0,1,0.21,0.04,SPY230202P00386000,386.0,0,0.0,0.0,,0.0,normalDay
2023-02-02,7140.0,0.0,21.0,0,416.78,0.0,1,0.21,0.0,SPY230202P00386000,386.0,0,0.0,0.0,,0.0,expirationDay
2023-02-03,7140.0,0.0,0.0,0,412.35,0.0,0,0.0,0.0,,0.0,0,0.0,0.0,,0.0,bidTooLow
2023-02-06,7140.0,-3.0,0.0,0,409.83,0.0,1,0.04,0.07,SPY230209P00393000,393.0,0,0.0,0.0,,0.0,normalDay
2023-02-07,7140.0,1.0,0.0,0,415.19,0.0,1,0.04,0.03,SPY230209P00393000,393.0,0,0.0,0.0,,0.0,normalDay
2023-02-08,7140.0,2.0,0.0,0,410.65,0.0,1,0.04,0.02,SPY230209P00393000,393.0,0,0.0,0.0,,0.0,normalDay
2023-02-09,7144.0,0.0,4.0,0,407.09,0.0,1,0.04,0.0,SPY230209P00393000,393.0,0,0.0,0.0,,0.0,expirationDay
2023-02-10,7144.0,-3.0,0.0,0,408.04,0.0,1,0.03,0.06,SPY230213P00396000,396.0,0,0.0,0.0,,0.0,normalDay
2023-02-13,7147.0,0.0,3.0,0,412.83,0.0,1,0.03,0.0,SPY230213P00396000,396.0,0,0.0,0.0,,0.0,expirationDay
2023-02-14,7147.0,-3.0,0.0,0,412.64,0.0,1,0.22,0.25,SPY230217P00398000,398.0,0,0.0,0.0,,0.0,normalDay
2023-02-15,7147.0,14.0,0.0,0,413.98,0.0,1,0.22,0.08,SPY230217P00398000,398.0,0,0.0,0.0,,0.0,normalDay
2023-02-16,7147.0,-4.0,0.0,0,408.28,0.0,1,0.22,0.26,SPY230217P00398000,398.0,0,0.0,0.0,,0.0,normalDay
2023-02-17,7169.0,0.0,22.0,0,407.26,0.0,1,0.22,0.0,SPY230217P00398000,398.0,0,0.0,0.0,,0.0,expirationDay
2023-02-21,7169.0,-4.0,0.0,0,399.09,0.0,1,5.08,5.12,SPY230224P00403000,403.0,0,0.0,0.0,,0.0,normalDay
2023-02-22,7169.0,8.0,0.0,0,398.54,0.0,1,5.08,5.0,SPY230224P00403000,403.0,0,0.0,0.0,,0.0,normalDay
2023-02-23,7169.0,180.0,0.0,0,400.66,0.0,1,5.08,3.28,SPY230224P00403000,403.0,0,0.0,0.0,,0.0,normalDay
2023-02-24,7677.0,-662.0,508.0,100,396.38,403.0,1,5.08,0.0,SPY230224P00403000,403.0,0,0.0,0.0,,0.0,expirationDay
2023-02-27,7677.0,-530.0,0.0,100,397.73,403.0,0,0.0,0.0,,0.0,1,0.46,0.49,SPY230310C00414000,414.0,normalDay
2023-02-28,7677.0,-654.0,0.0,100,396.26,403.0,0,0.0,0.0,,0.0,1,0.46,0.26,SPY230310C00414000,414.0,normalDay
2023-03-01,7677.0,-797.0,0.0,100,394.74,403.0,0,0.0,0.0,,0.0,1,0.46,0.17,SPY230310C00414000,414.0,normalDay
2023-03-02,7677.0,-496.0,0.0,100,397.81,403.0,0,0.0,0.0,,0.0,1,0.46,0.23,SPY230310C00414000,414.0,normalDay
2023-03-03,7677.0,99.0,0.0,100,404.19,403.0,0,0.0,0.0,,0.0,1,0.46,0.66,SPY230310C00414000,414.0,normalDay
2023-03-06,7677.0,140.0,0.0,100,404.47,403.0,0,0.0,0.0,,0.0,1,0.46,0.53,SPY230310C00414000,414.0,normalDay
2023-03-07,7677.0,-434.0,0.0,100,398.27,403.0,0,0.0,0.0,,0.0,1,0.46,0.07,SPY230310C00414000,414.0,normalDay
2023-03-08,7677.0,-366.0,0.0,100,398.92,403.0,0,0.0,0.0,,0.0,1,0.46,0.04,SPY230310C00414000,414.0,normalDay
2023-03-09,7677.0,-1099.0,0.0,100,391.56,403.0,0,0.0,0.0,,0.0,1,0.46,0.01,SPY230310C00414000,414.0,normalDay
2023-03-10,7723.0,-1709.0,46.0,100,385.91,403.0,0,0.0,0.0,,0.0,1,0.46,0.0,SPY230310C00414000,414.0,expirationDay
2023-03-13,7723.0,-1767.0,0.0,100,385.36,403.0,0,0.0,0.0,,0.0,1,0.52,0.55,SPY230324C00408000,408.0,normalDay
2023-03-14,7723.0,-1131.0,0.0,100,391.73,403.0,0,0.0,0.0,,0.0,1,0.52,0.56,SPY230324C00408000,408.0,normalDay
2023-03-15,7723.0,-1354.0,0.0,100,389.28,403.0,0,0.0,0.0,,0.0,1,0.52,0.34,SPY230324C00408000,408.0,normalDay
2023-03-16,7723.0,-707.0,0.0,100,396.11,403.0,0,0.0,0.0,,0.0,1,0.52,0.7,SPY230324C00408000,408.0,normalDay
2023-03-17,7723.0,-1278.0,0.0,100,389.99,403.0,0,0.0,0.0,,0.0,1,0.52,0.29,SPY230324C00408000,408.0,normalDay
2023-03-20,7723.0,-903.0,0.0,100,393.74,403.0,0,0.0,0.0,,0.0,1,0.52,0.29,SPY230324C00408000,408.0,normalDay
2023-03-21,7723.0,-427.0,0.0,100,398.91,403.0,0,0.0,0.0,,0.0,1,0.52,0.7,SPY230324C00408000,408.0,normalDay
2023-03-22,7723.0,-1043.0,0.0,100,392.11,403.0,0,0.0,0.0,,0.0,1,0.52,0.06,SPY230324C00408000,408.0,normalDay
2023-03-23,7723.0,-932.0,0.0,100,393.17,403.0,0,0.0,0.0,,0.0,1,0.52,0.01,SPY230324C00408000,408.0,normalDay
2023-03-24,7775.0,-725.0,52.0,100,395.75,403.0,0,0.0,0.0,,0.0,1,0.52,0.0,SPY230324C00408000,408.0,expirationDay
2023-03-27,7775.0,-655.0,0.0,100,396.49,403.0,0,0.0,0.0,,0.0,1,3.34,3.38,SPY230406C00400000,400.0,normalDay
2023-03-28,7775.0,-673.0,0.0,100,395.6,403.0,0,0.0,0.0,,0.0,1,3.34,2.67,SPY230406C00400000,400.0,normalDay
2023-03-29,7775.0,-324.0,0.0,100,401.35,403.0,0,0.0,0.0,,0.0,1,3.34,4.93,SPY230406C00400000,400.0,normalDay
2023-03-30,7775.0,-211.0,0.0,100,403.7,403.0,0,0.0,0.0,,0.0,1,3.34,6.15,SPY230406C00400000,400.0,normalDay
2023-03-31,7775.0,-65.0,0.0,100,409.39,403.0,0,0.0,0.0,,0.0,1,3.34,10.38,SPY230406C00400000,400.0,normalDay
2023-04-03,7775.0,-20.0,0.0,100,410.95,403.0,0,0.0,0.0,,0.0,1,3.34,11.49,SPY230406C00400000,400.0,normalDay
2023-04-04,7775.0,-27.0,0.0,100,408.67,403.0,0,0.0,0.0,,0.0,1,3.34,9.28,SPY230406C00400000,400.0,normalDay
2023-04-05,7775.0,-1.0,0.0,100,407.6,403.0,0,0.0,0.0,,0.0,1,3.34,7.95,SPY230406C00400000,400.0,normalDay
2023-04-06,7809.0,-1.0,34.0,0,409.19,0.0,0,0.0,0.0,,0.0,1,3.34,0.0,SPY230406C00400000,400.0,expirationDay
2023-04-10,7809.0,-3.0,0.0,0,409.61,0.0,1,0.03,0.06,SPY230413P00391000,391.0,0,0.0,0.0,,0.0,normalDay
2023-04-11,7809.0,-2.0,0.0,0,409.72,0.0,1,0.03,0.05,SPY230413P00391000,391.0,0,0.0,0.0,,0.0,normalDay
2023-04-12,7809.0,1.0,0.0,0,408.05,0.0,1,0.03,0.02,SPY230413P00391000,391.0,0,0.0,0.0,,0.0,normalDay
2023-04-13,7812.0,0.0,3.0,0,413.47,0.0,1,0.03,0.0,SPY230413P00391000,391.0,0,0.0,0.0,,0.0,expirationDay
2023-04-14,7812.0,0.0,0.0,0,412.46,0.0,0,0.0,0.0,,0.0,0,0.0,0.0,,0.0,bidTooLow
2023-04-17,7812.0,-3.0,0.0,0,413.94,0.0,1,0.04,0.07,SPY230420P00397000,397.0,0,0.0,0.0,,0.0,normalDay
2023-04-18,7812.0,-1.0,0.0,0,414.21,0.0,1,0.04,0.05,SPY230420P00397000,397.0,0,0.0,0.0,,0.0,normalDay
2023-04-19,7812.0,1.0,0.0,0,414.14,0.0,1,0.04,0.03,SPY230420P00397000,397.0,0,0.0,0.0,,0.0,normalDay
2023-04-20,7816.0,0.0,4.0,0,411.88,0.0,1,0.04,0.0,SPY230420P00397000,397.0,0,0.0,0.0,,0.0,expirationDay
2023-04-21,7816.0,-3.0,0.0,0,412.2,0.0,1,0.01,0.04,SPY230424P00402000,402.0,0,0.0,0.0,,0.0,normalDay
2023-04-24,7817.0,0.0,1.0,0,412.63,0.0,1,0.01,0.0,SPY230424P00402000,402.0,0,0.0,0.0,,0.0,expirationDay
2023-04-25,7817.0,-3.0,0.0,0,406.08,0.0,1,1.62,1.65,SPY230428P00405000,405.0,0,0.0,0.0,,0.0,normalDay
2023-04-26,7817.0,-63.0,0.0,0,404.36,0.0,1,1.62,2.25,SPY230428P00405000,405.0,0,0.0,0.0,,0.0,normalDay
2023-04-27,7817.0,152.0,0.0,0,412.41,0.0,1,1.62,0.1,SPY230428P00405000,405.0,0,0.0,0.0,,0.0,normalDay
2023-04-28,7979.0,0.0,162.0,0,415.93,0.0,1,1.62,0.0,SPY230428P00405000,405.0,0,0.0,0.0,,0.0,expirationDay
2023-05-01,7979.0,-3.0,0.0,0,415.51,0.0,1,0.43,0.46,SPY230504P00408000,408.0,0,0.0,0.0,,0.0,normalDay
2023-05-02,7979.0,-100.0,0.0,0,410.84,0.0,1,0.43,1.43,SPY230504P00408000,408.0,0,0.0,0.0,,0.0,normalDay
2023-05-03,7979.0,-100.0,0.0,0,408.02,0.0,1,0.43,1.43,SPY230504P00408000,408.0,0,0.0,0.0,,0.0,normalDay
2023-05-04,8022.0,-287.0,43.0,100,405.13,408.0,1,0.43,0.0,SPY230504P00408000,408.0,0,0.0,0.0,,0.0,expirationDay
2023-05-05,8022.0,459.0,0.0,100,412.63,408.0,0,0.0,0.0,,0.0,1,2.53,2.57,SPY230516C00415000,415.0,normalDay
2023-05-08,8022.0,508.0,0.0,100,412.74,408.0,0,0.0,0.0,,0.0,1,2.53,2.19,SPY230516C00415000,415.0,normalDay
2023-05-09,8022.0,378.0,0.0,100,410.93,408.0,0,0.0,0.0,,0.0,1,2.53,1.68,SPY230516C00415000,415.0,normalDay
2023-05-10,8022.0,569.0,0.0,100,412.85,408.0,0,0.0,0.0,,0.0,1,2.53,1.69,SPY230516C00415000,415.0,normalDay
2023-05-11,8022.0,571.0,0.0,100,412.13,408.0,0,0.0,0.0,,0.0,1,2.53,0.95,SPY230516C00415000,415.0,normalDay
2023-05-12,8022.0,576.0,0.0,100,411.59,408.0,0,0.0,0.0,,0.0,1,2.53,0.36,SPY230516C00415000,415.0,normalDay
2023-05-15,8022.0,721.0,0.0,100,413.01,408.0,0,0.0,0.0,,0.0,1,2.53,0.33,SPY230516C00415000,415.0,normalDay
2023-05-16,8275.0,225.0,253.0,100,410.25,408.0,0,0.0,0.0,,0.0,1,2.53,0.0,SPY230516C00415000,415.0,expirationDay
2023-05-17,8275.0,719.0,0.0,100,415.23,408.0,0,0.0,0.0,,0.0,1,3.7,3.74,SPY230526C00415000,415.0,normalDay
2023-05-18,8275.0,866.0,0.0,100,419.23,408.0,0,0.0,0.0,,0.0,1,3.7,6.27,SPY230526C00415000,415.0,normalDay
2023-05-19,8275.0,880.0,0.0,100,418.62,408.0,0,0.0,0.0,,0.0,1,3.7,5.52,SPY230526C00415000,415.0,normalDay
2023-05-22,8275.0,908.0,0.0,100,418.79,408.0,0,0.0,0.0,,0.0,1,3.7,5.41,SPY230526C00415000,415.0,normalDay
2023-05-23,8275.0,769.0,0.0,100,414.09,408.0,0,0.0,0.0,,0.0,1,3.7,2.1,SPY230526C00415000,415.0,normalDay
2023-05-24,8275.0,597.0,0.0,100,411.09,408.0,0,0.0,0.0,,0.0,1,3.7,0.82,SPY230526C00415000,415.0,normalDay
2023-05-25,8275.0,896.0,0.0,100,414.65,408.0,0,0.0,0.0,,0.0,1,3.7,1.39,SPY230526C00415000,415.0,normalDay
2023-05-26,9345.0,896.0,1070.0,0,420.02,0.0,0,0.0,0.0,,0.0,1,3.7,0.0,SPY230526C00415000,415.0,expirationDay
2023-05-30,9345.0,-3.0,0.0,0,420.18,0.0,1,0.24,0.27,SPY230602P00410000,410.0,0,0.0,0.0,,0.0,normalDay
2023-05-31,9345.0,-3.0,0.0,0,417.85,0.0,1,0.24,0.27,SPY230602P00410000,410.0,0,0.0,0.0,,0.0,normalDay
2023-06-01,9345.0,19.0,0.0,0,421.82,0.0,1,0.24,0.05,SPY230602P00410000,410.0,0,0.0,0.0,,0.0,normalDay
2023-06-02,9369.0,0.0,24.0,0,427.92,0.0,1,0.24,0.0,SPY230602P00410000,410.0,0,0.0,0.0,,0.0,expirationDay
2023-06-05,9369.0,-3.0,0.0,0,427.1,0.0,1,0.01,0.04,SPY230608P00411000,411.0,0,0.0,0.0,,0.0,normalDay
2023-06-06,9369.0,-2.0,0.0,0,428.03,0.0,1,0.01,0.03,SPY230608P00411000,411.0,0,0.0,0.0,,0.0,normalDay
2023-06-07,9369.0,-2.0,0.0,0,426.55,0.0,1,0.01,0.03,SPY230608P00411000,411.0,0,0.0,0.0,,0.0,normalDay
2023-06-08,9370.0,0.0,1.0,0,429.13,0.0,1,0.01,0.0,SPY230608P00411000,411.0,0,0.0,0.0,,0.0,expirationDay
2023-06-09,9370.0,-3.0,0.0,0,429.9,0.0,1,0.01,0.04,SPY230612P00413000,413.0,0,0.0,0.0,,0.0,normalDay
2023-06-12,9371.0,0.0,1.0,0,433.8,0.0,1,0.01,0.0,SPY230612P00413000,413.0,0,0.0,0.0,,0.0,expirationDay
2023-06-13,9371.0,-3.0,0.0,0,436.66,0.0,1,0.1,0.13,SPY230616P00415000,415.0,0,0.0,0.0,,0.0,normalDay
2023-06-14,9371.0,3.0,0.0,0,437.18,0.0,1,0.1,0.07,SPY230616P00415000,415.0,0,0.0,0.0,,0.0,normalDay
2023-06-15,9371.0,4.0,0.0,0,442.6,0.0,1,0.1,0.06,SPY230616P00415000,415.0,0,0.0,0.0,,0.0,normalDay
2023-06-16,9381.0,0.0,10.0,0,439.46,0.0,1,0.1,0.0,SPY230616P00415000,415.0,0,0.0,0.0,,0.0,expirationDay
2023-06-20,9381.0,-3.0,0.0,0,437.18,0.0,1,0.01,0.04,SPY230623P00417500,417.5,0,0.0,0.0,,0.0,normalDay
2023-06-21,9381.0,-1.0,0.0,0,434.94,0.0,1,0.01,0.02,SPY230623P00417500,417.5,0,0.0,0.0,,0.0,normalDay
2023-06-22,9381.0,-1.0,0.0,0,436.51,0.0,1,0.01,0.02,SPY230623P00417500,417.5,0,0.0,0.0,,0.0,normalDay
2023-06-23,9382.0,0.0,1.0,0,433.21,0.0,1,0.01,0.0,SPY230623P00417500,417.5,0,0.0,0.0,,0.0,expirationDay
2023-06-26,9382.0,-3.0,0.0,0,431.44,0.0,1,0.16,0.19,SPY230629P00424000,424.0,0,0.0,0.0,,0.0,normalDay
2023-06-27,9382.0,10.0,0.0,0,436.17,0.0,1,0.16,0.06,SPY230629P00424000,424.0,0,0.0,0.0,,0.0,normalDay
2023-06-28,9382.0,13.0,0.0,0,436.39,0.0,1,0.16,0.03,SPY230629P00424000,424.0,0,0.0,0.0,,0.0,normalDay
2023-06-29,9398.0,0.0,16.0,0,438.11,0.0,1,0.16,0.0,SPY230629P00424000,424.0,0,0.0,0.0,,0.0,expirationDay
2023-06-30,9398.0,-3.0,0.0,0,443.28,0.0,1,0.01,0.04,SPY230703P00429000,429.0,0,0.0,0.0,,0.0,normalDay
2023-07-03,9399.0,0.0,1.0,0,443.79,0.0,1,0.01,0.0,SPY230703P00429000,429.0,0,0.0,0.0,,0.0,expirationDay
2023-07-05,9399.0,-3.0,0.0,0,443.13,0.0,1,0.03,0.06,SPY230707P00431000,431.0,0,0.0,0.0,,0.0,normalDay
2023-07-06,9399.0,-3.0,0.0,0,439.66,0.0,1,0.03,0.06,SPY230707P00431000,431.0,0,0.0,0.0,,0.0,normalDay
2023-07-07,9402.0,0.0,3.0,0,438.55,0.0,1,0.03,0.0,SPY230707P00431000,431.0,0,0.0,0.0,,0.0,expirationDay
2023-07-10,9402.0,-3.0,0.0,0,439.66,0.0,1,0.4,0.43,SPY230713P00434000,434.0,0,0.0,0.0,,0.0,normalDay
2023-07-11,9402.0,18.0,0.0,0,442.46,0.0,1,0.4,0.22,SPY230713P00434000,434.0,0,0.0,0.0,,0.0,normalDay
2023-07-12,9402.0,36.0,0.0,0,446.02,0.0,1,0.4,0.04,SPY230713P00434000,434.0,0,0.0,0.0,,0.0,normalDay
2023-07-13,9442.0,0.0,40.0,0,449.56,0.0,1,0.4,0.0,SPY230713P00434000,434.0,0,0.0,0.0,,0.0,expirationDay
2023-07-14,9442.0,-3.0,0.0,0,449.28,0.0,1,0.01,0.04,SPY230717P00435000,435.0,0,0.0,0.0,,0.0,normalDay
2023-07-17,9443.0,0.0,1.0,0,450.84,0.0,1,0.01,0.0,SPY230717P00435000,435.0,0,0.0,0.0,,0.0,expirationDay
2023-07-18,9443.0,-3.0,0.0,0,454.19,0.0,1,0.03,0.06,SPY230721P00435000,435.0,0,0.0,0.0,,0.0,normalDay
2023-07-19,9443.0,-1.0,0.0,0,455.2,0.0,1,0.03,0.04,SPY230721P00435000,435.0,0,0.0,0.0,,0.0,normalDay
2023-07-20,9443.0,-1.0,0.0,0,452.18,0.0,1,0.03,0.04,SPY230721P00435000,435.0,0,0.0,0.0,,0.0,normalDay
2023-07-21,9446.0,0.0,3.0,0,452.18,0.0,1,0.03,0.0,SPY230721P00435000,435.0,0,0.0,0.0,,0.0,expirationDay
2023-07-24,9446.0,-3.0,0.0,0,454.2,0.0,1,0.03,0.06,SPY230727P00438000,438.0,0,0.0,0.0,,0.0,normalDay
2023-07-25,9446.0,-2.0,0.0,0,455.44,0.0,1,0.03,0.05,SPY230727P00438000,438.0,0,0.0,0.0,,0.0,normalDay
2023-07-26,9446.0,0.0,0.0,0,455.51,0.0,1,0.03,0.03,SPY230727P00438000,438.0,0,0.0,0.0,,0.0,normalDay
2023-07-27,9449.0,0.0,3.0,0,452.49,0.0,1,0.03,0.0,SPY230727P00438000,438.0,0,0.0,0.0,,0.0,expirationDay
2023-07-28,9449.0,0.0,0.0,0,456.92,0.0,0,0.0,0.0,,0.0,0,0.0,0.0,,0.0,bidTooLow
2023-07-31,9449.0,-3.0,0.0,0,457.79,0.0,1,0.03,0.06,SPY230803P00443000,443.0,0,0.0,0.0,,0.0,normalDay
2023-08-01,9449.0,-2.0,0.0,0,456.48,0.0,1,0.03,0.05,SPY230803P00443000,443.0,0,0.0,0.0,,0.0,normalDay
2023-08-02,9449.0,-11.0,0.0,0,450.13,0.0,1,0.03,0.14,SPY230803P00443000,443.0,0,0.0,0.0,,0.0,normalDay
2023-08-03,9452.0,0.0,3.0,0,448.84,0.0,1,0.03,0.0,SPY230803P00443000,443.0,0,0.0,0.0,,0.0,expirationDay
2023-08-04,9452.0,-3.0,0.0,0,446.81,0.0,1,1.12,1.15,SPY230807P00446000,446.0,0,0.0,0.0,,0.0,normalDay
2023-08-07,9564.0,0.0,112.0,0,450.71,0.0,1,1.12,0.0,SPY230807P00446000,446.0,0,0.0,0.0,,0.0,expirationDay
2023-08-08,9564.0,-3.0,0.0,0,448.75,0.0,1,2.36,2.39,SPY230811P00449000,449.0,0,0.0,0.0,,0.0,normalDay
2023-08-09,9564.0,-147.0,0.0,0,445.75,0.0,1,2.36,3.83,SPY230811P00449000,449.0,0,0.0,0.0,,0.0,normalDay
2023-08-10,9564.0,-121.0,0.0,0,445.91,0.0,1,2.36,3.57,SPY230811P00449000,449.0,0,0.0,0.0,,0.0,normalDay
2023-08-11,9800.0,-335.0,236.0,100,445.65,449.0,1,2.36,0.0,SPY230811P00449000,449.0,0,0.0,0.0,,0.0,expirationDay
2023-08-14,9800.0,-92.0,0.0,100,448.11,449.0,0,0.0,0.0,,0.0,1,1.17,1.2,SPY230825C00456000,456.0,normalDay
2023-08-15,9800.0,-539.0,0.0,100,442.89,449.0,0,0.0,0.0,,0.0,1,1.17,0.45,SPY230825C00456000,456.0,normalDay
2023-08-16,9800.0,-837.0,0.0,100,439.64,449.0,0,0.0,0.0,,0.0,1,1.17,0.18,SPY230825C00456000,456.0,normalDay
2023-08-17,9800.0,-1161.0,0.0,100,436.29,449.0,0,0.0,0.0,,0.0,1,1.17,0.07,SPY230825C00456000,456.0,normalDay
2023-08-18,9800.0,-1137.0,0.0,100,436.5,449.0,0,0.0,0.0,,0.0,1,1.17,0.04,SPY230825C00456000,456.0,normalDay
2023-08-21,9800.0,-852.0,0.0,100,439.34,449.0,0,0.0,0.0,,0.0,1,1.17,0.03,SPY230825C00456000,456.0,normalDay
2023-08-22,9800.0,-970.0,0.0,100,438.15,449.0,0,0.0,0.0,,0.0,1,1.17,0.02,SPY230825C00456000,456.0,normalDay
2023-08-23,9800.0,-484.0,0.0,100,443.03,449.0,0,0.0,0.0,,0.0,1,1.17,0.04,SPY230825C00456000,456.0,normalDay
2023-08-24,9800.0,-1095.0,0.0,100,436.89,449.0,0,0.0,0.0,,0.0,1,1.17,0.01,SPY230825C00456000,456.0,normalDay
2023-08-25,9917.0,-903.0,117.0,100,439.97,449.0,0,0.0,0.0,,0.0,1,1.17,0.0,SPY230825C00456000,456.0,expirationDay
2023-08-28,9917.0,-628.0,0.0,100,442.76,449.0,0,0.0,0.0,,0.0,1,1.13,1.17,SPY230908C00450000,450.0,normalDay
2023-08-29,9917.0,-209.0,0.0,100,449.16,449.0,0,0.0,0.0,,0.0,1,1.13,3.38,SPY230908C00450000,450.0,normalDay
2023-08-30,9917.0,-83.0,0.0,100,451.01,449.0,0,0.0,0.0,,0.0,1,1.13,3.97,SPY230908C00450000,450.0,normalDay
2023-08-31,9917.0,-87.0,0.0,100,450.35,449.0,0,0.0,0.0,,0.0,1,1.13,3.35,SPY230908C00450000,450.0,normalDay
2023-09-01,9917.0,34.0,0.0,100,451.19,449.0,0,0.0,0.0,,0.0,1,1.13,2.98,SPY230908C00450000,450.0,normalDay
2023-09-05,9917.0,-28.0,0.0,100,449.24,449.0,0,0.0,0.0,,0.0,1,1.13,1.65,SPY230908C00450000,450.0,normalDay
2023-09-06,9917.0,-199.0,0.0,100,446.22,449.0,0,0.0,0.0,,0.0,1,1.13,0.34,SPY230908C00450000,450.0,normalDay
2023-09-07,9917.0,-306.0,0.0,100,444.85,449.0,0,0.0,0.0,,0.0,1,1.13,0.04,SPY230908C00450000,450.0,normalDay
2023-09-08,10030.0,-348.0,113.0,100,445.52,449.0,0,0.0,0.0,,0.0,1,1.13,0.0,SPY230908C00450000,450.0,expirationDay
2023-09-11,10030.0,-58.0,0.0,100,448.45,449.0,0,0.0,0.0,,0.0,1,2.93,2.96,SPY230922C00449000,449.0,normalDay
2023-09-12,10030.0,-205.0,0.0,100,445.99,449.0,0,0.0,0.0,,0.0,1,2.93,1.97,SPY230922C00449000,449.0,normalDay
2023-09-13,10030.0,-123.0,0.0,100,446.51,449.0,0,0.0,0.0,,0.0,1,2.93,1.67,SPY230922C00449000,449.0,normalDay
2023-09-14,10030.0,136.0,0.0,100,450.36,449.0,0,0.0,0.0,,0.0,1,2.93,2.93,SPY230922C00449000,449.0,normalDay
2023-09-15,10030.0,-343.0,0.0,100,443.37,449.0,0,0.0,0.0,,0.0,1,2.93,0.73,SPY230922C00449000,449.0,normalDay
2023-09-18,10030.0,-307.0,0.0,100,443.63,449.0,0,0.0,0.0,,0.0,1,2.93,0.63,SPY230922C00449000,449.0,normalDay
2023-09-19,10030.0,-372.0,0.0,100,442.71,449.0,0,0.0,0.0,,0.0,1,2.93,0.36,SPY230922C00449000,449.0,normalDay
2023-09-20,10030.0,-747.0,0.0,100,438.64,449.0,0,0.0,0.0,,0.0,1,2.93,0.04,SPY230922C00449000,449.0,normalDay
2023-09-21,10030.0,-1469.0,0.0,100,431.39,449.0,0,0.0,0.0,,0.0,1,2.93,0.01,SPY230922C00449000,449.0,normalDay
2023-09-22,10323.0,-1858.0,293.0,100,430.42,449.0,0,0.0,0.0,,0.0,1,2.93,0.0,SPY230922C00449000,449.0,expirationDay
2023-09-25,10323.0,-1680.0,0.0,100,432.23,449.0,0,0.0,0.0,,0.0,1,0.08,0.11,SPY231006C00451000,451.0,normalDay
2023-09-26,10323.0,-2309.0,0.0,100,425.88,449.0,0,0.0,0.0,,0.0,1,0.08,0.05,SPY231006C00451000,451.0,normalDay
2023-09-27,10323.0,-2291.0,0.0,100,426.05,449.0,0,0.0,0.0,,0.0,1,0.08,0.04,SPY231006C00451000,451.0,normalDay
2023-09-28,10323.0,-2044.0,0.0,100,428.52,449.0,0,0.0,0.0,,0.0,1,0.08,0.04,SPY231006C00451000,451.0,normalDay
2023-09-29,10323.0,-2146.0,0.0,100,427.48,449.0,0,0.0,0.0,,0.0,1,0.08,0.02,SPY231006C00451000,451.0,normalDay
2023-10-02,10323.0,-2162.0,0.0,100,427.31,449.0,0,0.0,0.0,,0.0,1,0.08,0.01,SPY231006C00451000,451.0,normalDay
2023-10-03,10323.0,-2734.0,0.0,100,421.59,449.0,0,0.0,0.0,,0.0,1,0.08,0.01,SPY231006C00451000,451.0,normalDay
2023-10-04,10323.0,-2427.0,0.0,100,424.66,449.0,0,0.0,0.0,,0.0,1,0.08,0.01,SPY231006C00451000,451.0,normalDay
2023-10-05,10323.0,-2443.0,0.0,100,424.5,449.0,0,0.0,0.0,,0.0,1,0.08,0.01,SPY231006C00451000,451.0,normalDay
2023-10-06,10331.0,-1946.0,8.0,100,429.54,449.0,0,0.0,0.0,,0.0,1,0.08,0.0,SPY231006C00451000,451.0,expirationDay
2023-10-09,10331.0,-1674.0,0.0,100,432.29,449.0,0,0.0,0.0,,0.0,1,1.24,1.27,SPY231020C00442000,442.0,normalDay
2023-10-10,10331.0,-1469.0,0.0,100,434.54,449.0,0,0.0,0.0,,0.0,1,1.24,1.47,SPY231020C00442000,442.0,normalDay
2023-10-11,10331.0,-1314.0,0.0,100,436.32,449.0,0,0.0,0.0,,0.0,1,1.24,1.7,SPY231020C00442000,442.0,normalDay
2023-10-12,10331.0,-1485.0,0.0,100,433.66,449.0,0,0.0,0.0,,0.0,1,1.24,0.75,SPY231020C00442000,442.0,normalDay
2023-10-13,10331.0,-1658.0,0.0,100,431.5,449.0,0,0.0,0.0,,0.0,1,1.24,0.32,SPY231020C00442000,442.0,normalDay
2023-10-16,10331.0,-1247.0,0.0,100,436.04,449.0,0,0.0,0.0,,0.0,1,1.24,0.75,SPY231020C00442000,442.0,normalDay
2023-10-17,10331.0,-1227.0,0.0,100,436.02,449.0,0,0.0,0.0,,0.0,1,1.24,0.53,SPY231020C00442000,442.0,normalDay
2023-10-18,10331.0,-1761.0,0.0,100,430.21,449.0,0,0.0,0.0,,0.0,1,1.24,0.06,SPY231020C00442000,442.0,normalDay
2023-10-19,10331.0,-2135.0,0.0,100,426.43,449.0,0,0.0,0.0,,0.0,1,1.24,0.02,SPY231020C00442000,442.0,normalDay
2023-10-20,10455.0,-2781.0,124.0,100,421.19,449.0,0,0.0,0.0,,0.0,1,1.24,0.0,SPY231020C00442000,442.0,expirationDay
2023-10-23,10455.0,-2858.0,0.0,100,420.46,449.0,0,0.0,0.0,,0.0,1,1.01,1.05,SPY231103C00434000,434.0,normalDay
2023-10-24,10455.0,-2561.0,0.0,100,423.63,449.0,0,0.0,0.0,,0.0,1,1.01,1.25,SPY231103C00434000,434.0,normalDay
2023-10-25,10455.0,-3078.0,0.0,100,417.55,449.0,0,0.0,0.0,,0.0,1,1.01,0.34,SPY231103C00434000,434.0,normalDay
2023-10-26,10455.0,-3554.0,0.0,100,412.55,449.0,0,0.0,0.0,,0.0,1,1.01,0.1,SPY231103C00434000,434.0,normalDay
2023-10-27,10455.0,-3735.0,0.0,100,410.68,449.0,0,0.0,0.0,,0.0,1,1.01,0.04,SPY231103C00434000,434.0,normalDay
2023-10-30,10455.0,-3244.0,0.0,100,415.59,449.0,0,0.0,0.0,,0.0,1,1.01,0.04,SPY231103C00434000,434.0,normalDay
2023-10-31,10455.0,-2982.0,0.0,100,418.2,449.0,0,0.0,0.0,,0.0,1,1.01,0.03,SPY231103C00434000,434.0,normalDay
2023-11-01,10455.0,-2536.0,0.0,100,422.66,449.0,0,0.0,0.0,,0.0,1,1.01,0.03,SPY231103C00434000,434.0,normalDay
2023-11-02,10455.0,-1758.0,0.0,100,430.76,449.0,0,0.0,0.0,,0.0,1,1.01,0.35,SPY231103C00434000,434.0,normalDay
2023-11-03,9056.0,-1758.0,-1399.0,0,434.69,0.0,0,0.0,0.0,,0.0,1,1.01,0.0,SPY231103C00434000,434.0,expirationDay
2023-11-06,9056.0,-3.0,0.0,0,435.69,0.0,1,0.02,0.05,SPY231109P00418000,418.0,0,0.0,0.0,,0.0,normalDay
2023-11-07,9056.0,-2.0,0.0,0,436.93,0.0,1,0.02,0.04,SPY231109P00418000,418.0,0,0.0,0.0,,0.0,normalDay
2023-11-08,9056.0,0.0,0.0,0,437.25,0.0,1,0.02,0.02,SPY231109P00418000,418.0,0,0.0,0.0,,0.0,normalDay
2023-11-09,9058.0,0.0,2.0,0,433.84,0.0,1,0.02,0.0,SPY231109P00418000,418.0,0,0.0,0.0,,0.0,expirationDay
2023-11-10,9058.0,0.0,0.0,0,440.61,0.0,0,0.0,0.0,,0.0,0,0.0,0.0,,0.0,bidTooLow
2023-11-13,9058.0,-3.0,0.0,0,440.19,0.0,1,0.03,0.06,SPY231116P00418000,418.0,0,0.0,0.0,,0.0,normalDay
2023-11-14,9058.0,-2.0,0.0,0,448.73,0.0,1,0.03,0.05,SPY231116P00418000,418.0,0,0.0,0.0,,0.0,normalDay
2023-11-15,9058.0,1.0,0.0,0,449.68,0.0,1,0.03,0.02,SPY231116P00418000,418.0,0,0.0,0.0,,0.0,normalDay
2023-11-16,9061.0,0.0,3.0,0,450.23,0.0,1,0.03,0.0,SPY231116P00418000,418.0,0,0.0,0.0,,0.0,expirationDay
2023-11-17,9061.0,0.0,0.0,0,450.79,0.0,0,0.0,0.0,,0.0,0,0.0,0.0,,0.0,bidTooLow
2023-11-20,9061.0,0.0,0.0,0,454.26,0.0,0,0.0,0.0,,0.0,0,0.0,0.0,,0.0,bidTooLow
2023-11-21,9061.0,0.0,0.0,0,453.27,0.0,0,0.0,0.0,,0.0,0,0.0,0.0,,0.0,bidTooLow
2023-11-22,9061.0,0.0,0.0,0,455.02,0.0,0,0.0,0.0,,0.0,0,0.0,0.0,,0.0,bidTooLow
2023-11-24,9061.0,0.0,0.0,0,455.3,0.0,0,0.0,0.0,,0.0,0,0.0,0.0,,0.0,bidTooLow
2023-11-27,9061.0,0.0,0.0,0,454.48,0.0,0,0.0,0.0,,0.0,0,0.0,0.0,,0.0,bidTooLow
2023-11-28,9061.0,0.0,0.0,0,454.93,0.0,0,0.0,0.0,,0.0,0,0.0,0.0,,0.0,bidTooLow
2023-11-29,9061.0,0.0,0.0,0,454.61,0.0,0,0.0,0.0,,0.0,0,0.0,0.0,,0.0,bidTooLow
2023-11-30,9061.0,0.0,0.0,0,456.4,0.0,0,0.0,0.0,,0.0,0,0.0,0.0,,0.0,bidTooLow
