date,totalCapital,unrializedPnL,rializedPnL,stocksOwned,stocksPriceToday,stocksPriceBoughtAt,putOwned,putOwnedSoldAt,putPriceToday,putOwnedContract,putOwnedStrike,callOwned,callOwnedSoldAt,callPriceToday,callOwnedContract,callOwnedStrike,trackType
2018-11-01,0.0,-7.0,0.0,0,273.51,0.0,1,4.3,4.37,SPY190118P00259000,259.0,0,0.0,0.0,,0.0,normalDay
2018-11-02,0.0,-40.0,0.0,0,271.89,0.0,1,4.3,4.7,SPY190118P00259000,259.0,0,0.0,0.0,,0.0,normalDay
2018-11-05,0.0,11.0,0.0,0,273.39,0.0,1,4.3,4.19,SPY190118P00259000,259.0,0,0.0,0.0,,0.0,normalDay
2018-11-06,0.0,60.0,0.0,0,275.12,0.0,1,4.3,3.7,SPY190118P00259000,259.0,0,0.0,0.0,,0.0,normalDay
2018-11-07,0.0,205.0,0.0,0,281.01,0.0,1,4.3,2.25,SPY190118P00259000,259.0,0,0.0,0.0,,0.0,normalDay
2018-11-08,0.0,203.0,0.0,0,280.5,0.0,1,4.3,2.27,SPY190118P00259000,259.0,0,0.0,0.0,,0.0,normalDay
2018-11-09,0.0,147.0,0.0,0,277.76,0.0,1,4.3,2.83,SPY190118P00259000,259.0,0,0.0,0.0,,0.0,normalDay
2018-11-12,0.0,24.0,0.0,0,272.57,0.0,1,4.3,4.06,SPY190118P00259000,259.0,0,0.0,0.0,,0.0,normalDay
2018-11-13,0.0,10.0,0.0,0,272.06,0.0,1,4.3,4.2,SPY190118P00259000,259.0,0,0.0,0.0,,0.0,normalDay
2018-11-14,0.0,-59.0,0.0,0,270.2,0.0,1,4.3,4.89,SPY190118P00259000,259.0,0,0.0,0.0,,0.0,normalDay
2018-11-15,0.0,40.0,0.0,0,273.02,0.0,1,4.3,3.9,SPY190118P00259000,259.0,0,0.0,0.0,,0.0,normalDay
2018-11-16,0.0,100.0,0.0,0,273.73,0.0,1,4.3,3.3,SPY190118P00259000,259.0,0,0.0,0.0,,0.0,normalDay
2018-11-19,0.0,-26.0,0.0,0,269.1,0.0,1,4.3,4.56,SPY190118P00259000,259.0,0,0.0,0.0,,0.0,normalDay
2018-11-20,0.0,-222.0,0.0,0,264.12,0.0,1,4.3,6.52,SPY190118P00259000,259.0,0,0.0,0.0,,0.0,normalDay
2018-11-21,0.0,-139.0,0.0,0,265.02,0.0,1,4.3,5.69,SPY190118P00259000,259.0,0,0.0,0.0,,0.0,normalDay
2018-11-23,0.0,-210.0,0.0,0,263.25,0.0,1,4.3,6.4,SPY190118P00259000,259.0,0,0.0,0.0,,0.0,normalDay
2018-11-26,0.0,17.0,0.0,0,267.5,0.0,1,4.3,4.13,SPY190118P00259000,259.0,0,0.0,0.0,,0.0,normalDay
2018-11-27,0.0,31.0,0.0,0,268.4,0.0,1,4.3,3.99,SPY190118P00259000,259.0,0,0.0,0.0,,0.0,normalDay
2018-11-28,0.0,169.0,0.0,0,274.58,0.0,1,4.3,2.61,SPY190118P00259000,259.0,0,0.0,0.0,,0.0,normalDay
2018-11-29,0.0,153.0,0.0,0,273.98,0.0,1,4.3,2.77,SPY190118P00259000,259.0,0,0.0,0.0,,0.0,normalDay
2018-11-30,0.0,202.0,0.0,0,275.65,0.0,1,4.3,2.28,SPY190118P00259000,259.0,0,0.0,0.0,,0.0,normalDay
2018-12-03,0.0,282.0,0.0,0,279.3,0.0,1,4.3,1.48,SPY190118P00259000,259.0,0,0.0,0.0,,0.0,normalDay
2018-12-04,0.0,73.0,0.0,0,270.25,0.0,1,4.3,3.57,SPY190118P00259000,259.0,0,0.0,0.0,,0.0,normalDay
2018-12-06,0.0,62.0,0.0,0,269.84,0.0,1,4.3,3.68,SPY190118P00259000,259.0,0,0.0,0.0,,0.0,normalDay
2018-12-07,0.0,-169.0,0.0,0,263.57,0.0,1,4.3,5.99,SPY190118P00259000,259.0,0,0.0,0.0,,0.0,normalDay
2018-12-10,0.0,-86.0,0.0,0,264.07,0.0,1,4.3,5.16,SPY190118P00259000,259.0,0,0.0,0.0,,0.0,normalDay
2018-12-11,0.0,-64.0,0.0,0,264.13,0.0,1,4.3,4.94,SPY190118P00259000,259.0,0,0.0,0.0,,0.0,normalDay
2018-12-12,0.0,-20.0,0.0,0,265.46,0.0,1,4.3,4.5,SPY190118P00259000,259.0,0,0.0,0.0,,0.0,normalDay
2018-12-13,0.0,9.0,0.0,0,265.37,0.0,1,4.3,4.21,SPY190118P00259000,259.0,0,0.0,0.0,,0.0,normalDay
2018-12-14,0.0,-166.0,0.0,0,260.47,0.0,1,4.3,5.96,SPY190118P00259000,259.0,0,0.0,0.0,,0.0,normalDay
2018-12-17,0.0,-437.0,0.0,0,255.36,0.0,1,4.3,8.67,SPY190118P00259000,259.0,0,0.0,0.0,,0.0,normalDay
2018-12-18,0.0,-502.0,0.0,0,255.08,0.0,1,4.3,9.32,SPY190118P00259000,259.0,0,0.0,0.0,,0.0,normalDay
2018-12-19,0.0,-678.0,0.0,0,251.26,0.0,1,4.3,11.08,SPY190118P00259000,259.0,0,0.0,0.0,,0.0,normalDay
2018-12-20,0.0,-971.0,0.0,0,247.17,0.0,1,4.3,14.01,SPY190118P00259000,259.0,0,0.0,0.0,,0.0,normalDay
2018-12-21,0.0,-1518.0,0.0,0,240.7,0.0,1,4.3,19.48,SPY190118P00259000,259.0,0,0.0,0.0,,0.0,normalDay
2018-12-24,0.0,-2316.0,0.0,0,234.34,0.0,1,4.3,27.46,SPY190118P00259000,259.0,0,0.0,0.0,,0.0,normalDay
2018-12-26,0.0,-989.0,0.0,0,246.18,0.0,1,4.3,14.19,SPY190118P00259000,259.0,0,0.0,0.0,,0.0,normalDay
2018-12-27,0.0,-832.0,0.0,0,248.07,0.0,1,4.3,12.62,SPY190118P00259000,259.0,0,0.0,0.0,,0.0,normalDay
2018-12-28,0.0,-852.0,0.0,0,247.75,0.0,1,4.3,12.82,SPY190118P00259000,259.0,0,0.0,0.0,,0.0,normalDay
2018-12-31,0.0,-627.0,0.0,0,249.92,0.0,1,4.3,10.57,SPY190118P00259000,259.0,0,0.0,0.0,,0.0,normalDay
2019-01-02,0.0,-524.0,0.0,0,250.18,0.0,1,4.3,9.54,SPY190118P00259000,259.0,0,0.0,0.0,,0.0,normalDay
2019-01-03,0.0,-1065.0,0.0,0,244.21,0.0,1,4.3,14.95,SPY190118P00259000,259.0,0,0.0,0.0,,0.0,normalDay
2019-01-04,0.0,-335.0,0.0,0,252.39,0.0,1,4.3,7.65,SPY190118P00259000,259.0,0,0.0,0.0,,0.0,normalDay
2019-01-07,0.0,-186.0,0.0,0,254.38,0.0,1,4.3,6.16,SPY190118P00259000,259.0,0,0.0,0.0,,0.0,normalDay
2019-01-08,0.0,-5.0,0.0,0,256.77,0.0,1,4.3,4.35,SPY190118P00259000,259.0,0,0.0,0.0,,0.0,normalDay
2019-01-09,0.0,93.0,0.0,0,257.97,0.0,1,4.3,3.37,SPY190118P00259000,259.0,0,0.0,0.0,,0.0,normalDay
2019-01-10,0.0,170.0,0.0,0,258.88,0.0,1,4.3,2.6,SPY190118P00259000,259.0,0,0.0,0.0,,0.0,normalDay
2019-01-11,0.0,214.0,0.0,0,258.98,0.0,1,4.3,2.16,SPY190118P00259000,259.0,0,0.0,0.0,,0.0,normalDay
2019-01-14,0.0,168.0,0.0,0,257.4,0.0,1,4.3,2.62,SPY190118P00259000,259.0,0,0.0,0.0,,0.0,normalDay
2019-01-15,0.0,325.0,0.0,0,260.35,0.0,1,4.3,1.05,SPY190118P00259000,259.0,0,0.0,0.0,,0.0,normalDay
2019-01-16,0.0,373.0,0.0,0,260.98,0.0,1,4.3,0.57,SPY190118P00259000,259.0,0,0.0,0.0,,0.0,normalDay
2019-01-17,0.0,421.0,0.0,0,262.96,0.0,1,4.3,0.09,SPY190118P00259000,259.0,0,0.0,0.0,,0.0,normalDay
2019-01-18,430.0,0.0,430.0,0,266.46,0.0,1,4.3,0.0,SPY190118P00259000,259.0,0,0.0,0.0,,0.0,expirationDay
2019-01-22,430.0,-6.0,0.0,0,262.86,0.0,1,2.41,2.47,SPY190418P00234000,234.0,0,0.0,0.0,,0.0,normalDay
2019-01-23,430.0,7.0,0.0,0,263.41,0.0,1,2.41,2.34,SPY190418P00234000,234.0,0,0.0,0.0,,0.0,normalDay
2019-01-24,430.0,22.0,0.0,0,263.55,0.0,1,2.41,2.19,SPY190418P00234000,234.0,0,0.0,0.0,,0.0,normalDay
2019-01-25,430.0,70.0,0.0,0,265.78,0.0,1,2.41,1.71,SPY190418P00234000,234.0,0,0.0,0.0,,0.0,normalDay
2019-01-28,430.0,44.0,0.0,0,263.76,0.0,1,2.41,1.97,SPY190418P00234000,234.0,0,0.0,0.0,,0.0,normalDay
2019-01-29,430.0,40.0,0.0,0,263.41,0.0,1,2.41,2.01,SPY190418P00234000,234.0,0,0.0,0.0,,0.0,normalDay
2019-01-30,430.0,97.0,0.0,0,267.58,0.0,1,2.41,1.44,SPY190418P00234000,234.0,0,0.0,0.0,,0.0,normalDay
2019-01-31,430.0,132.0,0.0,0,269.93,0.0,1,2.41,1.09,SPY190418P00234000,234.0,0,0.0,0.0,,0.0,normalDay
2019-02-01,430.0,138.0,0.0,0,270.06,0.0,1,2.41,1.03,SPY190418P00234000,234.0,0,0.0,0.0,,0.0,normalDay
2019-02-04,430.0,156.0,0.0,0,271.96,0.0,1,2.41,0.85,SPY190418P00234000,234.0,0,0.0,0.0,,0.0,normalDay
2019-02-05,430.0,159.0,0.0,0,273.1,0.0,1,2.41,0.82,SPY190418P00234000,234.0,0,0.0,0.0,,0.0,normalDay
2019-02-06,430.0,160.0,0.0,0,272.74,0.0,1,2.41,0.81,SPY190418P00234000,234.0,0,0.0,0.0,,0.0,normalDay
2019-02-07,430.0,145.0,0.0,0,270.14,0.0,1,2.41,0.96,SPY190418P00234000,234.0,0,0.0,0.0,,0.0,normalDay
2019-02-08,430.0,152.0,0.0,0,270.47,0.0,1,2.41,0.89,SPY190418P00234000,234.0,0,0.0,0.0,,0.0,normalDay
2019-02-11,430.0,162.0,0.0,0,270.62,0.0,1,2.41,0.79,SPY190418P00234000,234.0,0,0.0,0.0,,0.0,normalDay
2019-02-12,430.0,178.0,0.0,0,274.1,0.0,1,2.41,0.63,SPY190418P00234000,234.0,0,0.0,0.0,,0.0,normalDay
2019-02-13,430.0,180.0,0.0,0,274.99,0.0,1,2.41,0.61,SPY190418P00234000,234.0,0,0.0,0.0,,0.0,normalDay
2019-02-14,430.0,175.0,0.0,0,274.38,0.0,1,2.41,0.66,SPY190418P00234000,234.0,0,0.0,0.0,,0.0,normalDay
2019-02-15,430.0,191.0,0.0,0,277.37,0.0,1,2.41,0.5,SPY190418P00234000,234.0,0,0.0,0.0,,0.0,normalDay
2019-02-19,430.0,196.0,0.0,0,277.85,0.0,1,2.41,0.45,SPY190418P00234000,234.0,0,0.0,0.0,,0.0,normalDay
2019-02-20,430.0,205.0,0.0,0,278.41,0.0,1,2.41,0.36,SPY190418P00234000,234.0,0,0.0,0.0,,0.0,normalDay
2019-02-21,430.0,203.0,0.0,0,277.42,0.0,1,2.41,0.38,SPY190418P00234000,234.0,0,0.0,0.0,,0.0,normalDay
2019-02-22,430.0,210.0,0.0,0,279.14,0.0,1,2.41,0.31,SPY190418P00234000,234.0,0,0.0,0.0,,0.0,normalDay
2019-02-25,430.0,206.0,0.0,0,279.52,0.0,1,2.41,0.35,SPY190418P00234000,234.0,0,0.0,0.0,,0.0,normalDay
2019-02-26,430.0,206.0,0.0,0,279.32,0.0,1,2.41,0.35,SPY190418P00234000,234.0,0,0.0,0.0,,0.0,normalDay
2019-02-27,430.0,208.0,0.0,0,279.2,0.0,1,2.41,0.33,SPY190418P00234000,234.0,0,0.0,0.0,,0.0,normalDay
2019-02-28,430.0,206.0,0.0,0,278.68,0.0,1,2.41,0.35,SPY190418P00234000,234.0,0,0.0,0.0,,0.0,normalDay
2019-03-01,430.0,215.0,0.0,0,280.42,0.0,1,2.41,0.26,SPY190418P00234000,234.0,0,0.0,0.0,,0.0,normalDay
2019-03-04,430.0,213.0,0.0,0,279.4,0.0,1,2.41,0.28,SPY190418P00234000,234.0,0,0.0,0.0,,0.0,normalDay
2019-03-05,430.0,212.0,0.0,0,279.02,0.0,1,2.41,0.29,SPY190418P00234000,234.0,0,0.0,0.0,,0.0,normalDay
2019-03-06,430.0,209.0,0.0,0,277.33,0.0,1,2.41,0.32,SPY190418P00234000,234.0,0,0.0,0.0,,0.0,normalDay
2019-03-07,430.0,204.0,0.0,0,275.01,0.0,1,2.41,0.37,SPY190418P00234000,234.0,0,0.0,0.0,,0.0,normalDay
2019-03-08,430.0,208.0,0.0,0,274.46,0.0,1,2.41,0.33,SPY190418P00234000,234.0,0,0.0,0.0,,0.0,normalDay
2019-03-11,430.0,220.0,0.0,0,278.44,0.0,1,2.41,0.21,SPY190418P00234000,234.0,0,0.0,0.0,,0.0,normalDay
2019-03-12,430.0,224.0,0.0,0,279.49,0.0,1,2.41,0.17,SPY190418P00234000,234.0,0,0.0,0.0,,0.0,normalDay
2019-03-13,430.0,226.0,0.0,0,281.34,0.0,1,2.41,0.15,SPY190418P00234000,234.0,0,0.0,0.0,,0.0,normalDay
2019-03-14,430.0,227.0,0.0,0,281.16,0.0,1,2.41,0.14,SPY190418P00234000,234.0,0,0.0,0.0,,0.0,normalDay
2019-03-15,430.0,229.0,0.0,0,281.31,0.0,1,2.41,0.12,SPY190418P00234000,234.0,0,0.0,0.0,,0.0,normalDay
2019-03-18,430.0,231.0,0.0,0,282.33,0.0,1,2.41,0.1,SPY190418P00234000,234.0,0,0.0,0.0,,0.0,normalDay
2019-03-19,430.0,231.0,0.0,0,282.4,0.0,1,2.41,0.1,SPY190418P00234000,234.0,0,0.0,0.0,,0.0,normalDay
2019-03-20,430.0,232.0,0.0,0,281.55,0.0,1,2.41,0.09,SPY190418P00234000,234.0,0,0.0,0.0,,0.0,normalDay
2019-03-21,430.0,234.0,0.0,0,284.73,0.0,1,2.41,0.07,SPY190418P00234000,234.0,0,0.0,0.0,,0.0,normalDay
2019-03-22,430.0,229.0,0.0,0,279.25,0.0,1,2.41,0.12,SPY190418P00234000,234.0,0,0.0,0.0,,0.0,normalDay
2019-03-25,430.0,233.0,0.0,0,279.04,0.0,1,2.41,0.08,SPY190418P00234000,234.0,0,0.0,0.0,,0.0,normalDay
2019-03-26,430.0,236.0,0.0,0,281.12,0.0,1,2.41,0.05,SPY190418P00234000,234.0,0,0.0,0.0,,0.0,normalDay
2019-03-27,430.0,235.0,0.0,0,279.65,0.0,1,2.41,0.06,SPY190418P00234000,234.0,0,0.0,0.0,,0.0,normalDay
2019-03-28,430.0,236.0,0.0,0,280.71,0.0,1,2.41,0.05,SPY190418P00234000,234.0,0,0.0,0.0,,0.0,normalDay
2019-03-29,430.0,237.0,0.0,0,282.48,0.0,1,2.41,0.04,SPY190418P00234000,234.0,0,0.0,0.0,,0.0,normalDay
2019-04-01,430.0,238.0,0.0,0,285.83,0.0,1,2.41,0.03,SPY190418P00234000,234.0,0,0.0,0.0,,0.0,normalDay
2019-04-02,430.0,238.0,0.0,0,285.97,0.0,1,2.41,0.03,SPY190418P00234000,234.0,0,0.0,0.0,,0.0,normalDay
2019-04-03,430.0,238.0,0.0,0,286.42,0.0,1,2.41,0.03,SPY190418P00234000,234.0,0,0.0,0.0,,0.0,normalDay
2019-04-04,430.0,239.0,0.0,0,287.18,0.0,1,2.41,0.02,SPY190418P00234000,234.0,0,0.0,0.0,,0.0,normalDay
2019-04-05,430.0,239.0,0.0,0,288.57,0.0,1,2.41,0.02,SPY190418P00234000,234.0,0,0.0,0.0,,0.0,normalDay
2019-04-08,430.0,240.0,0.0,0,288.79,0.0,1,2.41,0.01,SPY190418P00234000,234.0,0,0.0,0.0,,0.0,normalDay
2019-04-09,430.0,240.0,0.0,0,287.31,0.0,1,2.41,0.01,SPY190418P00234000,234.0,0,0.0,0.0,,0.0,normalDay
2019-04-10,430.0,240.0,0.0,0,288.29,0.0,1,2.41,0.01,SPY190418P00234000,234.0,0,0.0,0.0,,0.0,normalDay
2019-04-11,430.0,240.0,0.0,0,288.21,0.0,1,2.41,0.01,SPY190418P00234000,234.0,0,0.0,0.0,,0.0,normalDay
2019-04-12,430.0,240.0,0.0,0,290.16,0.0,1,2.41,0.01,SPY190418P00234000,234.0,0,0.0,0.0,,0.0,normalDay
2019-04-15,430.0,240.0,0.0,0,289.97,0.0,1,2.41,0.01,SPY190418P00234000,234.0,0,0.0,0.0,,0.0,normalDay
2019-04-16,430.0,240.0,0.0,0,290.16,0.0,1,2.41,0.01,SPY190418P00234000,234.0,0,0.0,0.0,,0.0,normalDay
2019-04-17,430.0,240.0,0.0,0,289.45,0.0,1,2.41,0.01,SPY190418P00234000,234.0,0,0.0,0.0,,0.0,normalDay
2019-04-18,671.0,0.0,241.0,0,290.02,0.0,1,2.41,0.0,SPY190418P00234000,234.0,0,0.0,0.0,,0.0,expirationDay
2019-04-22,671.0,-4.0,0.0,0,290.27,0.0,1,2.46,2.5,SPY190628P00278000,278.0,0,0.0,0.0,,0.0,normalDay
2019-04-23,671.0,37.0,0.0,0,292.88,0.0,1,2.46,2.09,SPY190628P00278000,278.0,0,0.0,0.0,,0.0,normalDay
2019-04-24,671.0,18.0,0.0,0,292.23,0.0,1,2.46,2.28,SPY190628P00278000,278.0,0,0.0,0.0,,0.0,normalDay
2019-04-25,671.0,11.0,0.0,0,292.05,0.0,1,2.46,2.35,SPY190628P00278000,278.0,0,0.0,0.0,,0.0,normalDay
2019-04-26,671.0,41.0,0.0,0,293.41,0.0,1,2.46,2.05,SPY190628P00278000,278.0,0,0.0,0.0,,0.0,normalDay
2019-04-29,671.0,49.0,0.0,0,293.87,0.0,1,2.46,1.97,SPY190628P00278000,278.0,0,0.0,0.0,,0.0,normalDay
2019-04-30,671.0,54.0,0.0,0,294.02,0.0,1,2.46,1.92,SPY190628P00278000,278.0,0,0.0,0.0,,0.0,normalDay
2019-05-01,671.0,-1.0,0.0,0,291.81,0.0,1,2.46,2.47,SPY190628P00278000,278.0,0,0.0,0.0,,0.0,normalDay
2019-05-02,671.0,-9.0,0.0,0,291.18,0.0,1,2.46,2.55,SPY190628P00278000,278.0,0,0.0,0.0,,0.0,normalDay
2019-05-03,671.0,62.0,0.0,0,294.03,0.0,1,2.46,1.84,SPY190628P00278000,278.0,0,0.0,0.0,,0.0,normalDay
2019-05-06,671.0,12.0,0.0,0,292.82,0.0,1,2.46,2.34,SPY190628P00278000,278.0,0,0.0,0.0,,0.0,normalDay
2019-05-07,671.0,-173.0,0.0,0,287.93,0.0,1,2.46,4.19,SPY190628P00278000,278.0,0,0.0,0.0,,0.0,normalDay
2019-05-08,671.0,-169.0,0.0,0,287.53,0.0,1,2.46,4.15,SPY190628P00278000,278.0,0,0.0,0.0,,0.0,normalDay
2019-05-09,671.0,-178.0,0.0,0,286.66,0.0,1,2.46,4.24,SPY190628P00278000,278.0,0,0.0,0.0,,0.0,normalDay
2019-05-10,671.0,-83.0,0.0,0,288.1,0.0,1,2.46,3.29,SPY190628P00278000,278.0,0,0.0,0.0,,0.0,normalDay
2019-05-13,671.0,-379.0,0.0,0,280.86,0.0,1,2.46,6.25,SPY190628P00278000,278.0,0,0.0,0.0,,0.0,normalDay
2019-05-14,671.0,-235.0,0.0,0,283.4,0.0,1,2.46,4.81,SPY190628P00278000,278.0,0,0.0,0.0,,0.0,normalDay
2019-05-15,671.0,-132.0,0.0,0,285.06,0.0,1,2.46,3.78,SPY190628P00278000,278.0,0,0.0,0.0,,0.0,normalDay
2019-05-16,671.0,-41.0,0.0,0,287.7,0.0,1,2.46,2.87,SPY190628P00278000,278.0,0,0.0,0.0,,0.0,normalDay
2019-05-17,671.0,-92.0,0.0,0,285.84,0.0,1,2.46,3.38,SPY190628P00278000,278.0,0,0.0,0.0,,0.0,normalDay
2019-05-20,671.0,-130.0,0.0,0,283.95,0.0,1,2.46,3.76,SPY190628P00278000,278.0,0,0.0,0.0,,0.0,normalDay
2019-05-21,671.0,-30.0,0.0,0,286.51,0.0,1,2.46,2.76,SPY190628P00278000,278.0,0,0.0,0.0,,0.0,normalDay
2019-05-22,671.0,-42.0,0.0,0,285.63,0.0,1,2.46,2.88,SPY190628P00278000,278.0,0,0.0,0.0,,0.0,normalDay
2019-05-23,671.0,-189.0,0.0,0,282.14,0.0,1,2.46,4.35,SPY190628P00278000,278.0,0,0.0,0.0,,0.0,normalDay
2019-05-24,671.0,-130.0,0.0,0,282.78,0.0,1,2.46,3.76,SPY190628P00278000,278.0,0,0.0,0.0,,0.0,normalDay
2019-05-28,671.0,-218.0,0.0,0,280.15,0.0,1,2.46,4.64,SPY190628P00278000,278.0,0,0.0,0.0,,0.0,normalDay
2019-05-29,671.0,-305.0,0.0,0,278.27,0.0,1,2.46,5.51,SPY190628P00278000,278.0,0,0.0,0.0,,0.0,normalDay
2019-05-30,671.0,-254.0,0.0,0,279.03,0.0,1,2.46,5.0,SPY190628P00278000,278.0,0,0.0,0.0,,0.0,normalDay
2019-05-31,671.0,-460.0,0.0,0,275.27,0.0,1,2.46,7.06,SPY190628P00278000,278.0,0,0.0,0.0,,0.0,normalDay
2019-06-03,671.0,-464.0,0.0,0,274.57,0.0,1,2.46,7.1,SPY190628P00278000,278.0,0,0.0,0.0,,0.0,normalDay
2019-06-04,671.0,-143.0,0.0,0,280.53,0.0,1,2.46,3.89,SPY190628P00278000,278.0,0,0.0,0.0,,0.0,normalDay
2019-06-05,671.0,-25.0,0.0,0,282.96,0.0,1,2.46,2.71,SPY190628P00278000,278.0,0,0.0,0.0,,0.0,normalDay
2019-06-06,671.0,33.0,0.0,0,284.8,0.0,1,2.46,2.13,SPY190628P00278000,278.0,0,0.0,0.0,,0.0,normalDay
2019-06-07,671.0,87.0,0.0,0,287.65,0.0,1,2.46,1.59,SPY190628P00278000,278.0,0,0.0,0.0,,0.0,normalDay
2019-06-10,671.0,132.0,0.0,0,288.97,0.0,1,2.46,1.14,SPY190628P00278000,278.0,0,0.0,0.0,,0.0,normalDay
2019-06-11,671.0,134.0,0.0,0,288.9,0.0,1,2.46,1.12,SPY190628P00278000,278.0,0,0.0,0.0,,0.0,normalDay
2019-06-12,671.0,138.0,0.0,0,288.39,0.0,1,2.46,1.08,SPY190628P00278000,278.0,0,0.0,0.0,,0.0,normalDay
2019-06-13,671.0,160.0,0.0,0,289.58,0.0,1,2.46,0.86,SPY190628P00278000,278.0,0,0.0,0.0,,0.0,normalDay
2019-06-14,671.0,177.0,0.0,0,289.26,0.0,1,2.46,0.69,SPY190628P00278000,278.0,0,0.0,0.0,,0.0,normalDay
2019-06-17,671.0,189.0,0.0,0,289.37,0.0,1,2.46,0.57,SPY190628P00278000,278.0,0,0.0,0.0,,0.0,normalDay
2019-06-18,671.0,215.0,0.0,0,292.4,0.0,1,2.46,0.31,SPY190628P00278000,278.0,0,0.0,0.0,,0.0,normalDay
2019-06-19,671.0,228.0,0.0,0,293.06,0.0,1,2.46,0.18,SPY190628P00278000,278.0,0,0.0,0.0,,0.0,normalDay
2019-06-20,671.0,233.0,0.0,0,295.86,0.0,1,2.46,0.13,SPY190628P00278000,278.0,0,0.0,0.0,,0.0,normalDay
2019-06-21,671.0,236.0,0.0,0,294.0,0.0,1,2.46,0.1,SPY190628P00278000,278.0,0,0.0,0.0,,0.0,normalDay
2019-06-24,671.0,241.0,0.0,0,293.64,0.0,1,2.46,0.05,SPY190628P00278000,278.0,0,0.0,0.0,,0.0,normalDay
2019-06-25,671.0,241.0,0.0,0,290.76,0.0,1,2.46,0.05,SPY190628P00278000,278.0,0,0.0,0.0,,0.0,normalDay
2019-06-26,671.0,243.0,0.0,0,290.47,0.0,1,2.46,0.03,SPY190628P00278000,278.0,0,0.0,0.0,,0.0,normalDay
2019-06-27,671.0,245.0,0.0,0,291.5,0.0,1,2.46,0.01,SPY190628P00278000,278.0,0,0.0,0.0,,0.0,normalDay
2019-06-28,917.0,0.0,246.0,0,293.0,0.0,1,2.46,0.0,SPY190628P00278000,278.0,0,0.0,0.0,,0.0,expirationDay
2019-07-01,917.0,-5.0,0.0,0,295.66,0.0,1,3.24,3.29,SPY190920P00281000,281.0,0,0.0,0.0,,0.0,normalDay
2019-07-02,917.0,42.0,0.0,0,296.43,0.0,1,3.24,2.82,SPY190920P00281000,281.0,0,0.0,0.0,,0.0,normalDay
2019-07-03,917.0,87.0,0.0,0,298.8,0.0,1,3.24,2.37,SPY190920P00281000,281.0,0,0.0,0.0,,0.0,normalDay
2019-07-05,917.0,72.0,0.0,0,298.46,0.0,1,3.24,2.52,SPY190920P00281000,281.0,0,0.0,0.0,,0.0,normalDay
2019-07-08,917.0,50.0,0.0,0,296.82,0.0,1,3.24,2.74,SPY190920P00281000,281.0,0,0.0,0.0,,0.0,normalDay
2019-07-09,917.0,47.0,0.0,0,297.19,0.0,1,3.24,2.77,SPY190920P00281000,281.0,0,0.0,0.0,,0.0,normalDay
2019-07-10,917.0,89.0,0.0,0,298.61,0.0,1,3.24,2.35,SPY190920P00281000,281.0,0,0.0,0.0,,0.0,normalDay
2019-07-11,917.0,105.0,0.0,0,299.31,0.0,1,3.24,2.19,SPY190920P00281000,281.0,0,0.0,0.0,,0.0,normalDay
2019-07-12,917.0,131.0,0.0,0,300.65,0.0,1,3.24,1.93,SPY190920P00281000,281.0,0,0.0,0.0,,0.0,normalDay
2019-07-15,917.0,135.0,0.0,0,300.75,0.0,1,3.24,1.89,SPY190920P00281000,281.0,0,0.0,0.0,,0.0,normalDay
2019-07-16,917.0,125.0,0.0,0,299.78,0.0,1,3.24,1.99,SPY190920P00281000,281.0,0,0.0,0.0,,0.0,normalDay
2019-07-17,917.0,86.0,0.0,0,297.74,0.0,1,3.24,2.38,SPY190920P00281000,281.0,0,0.0,0.0,,0.0,normalDay
2019-07-18,917.0,111.0,0.0,0,298.83,0.0,1,3.24,2.13,SPY190920P00281000,281.0,0,0.0,0.0,,0.0,normalDay
2019-07-19,917.0,82.0,0.0,0,297.17,0.0,1,3.24,2.42,SPY190920P00281000,281.0,0,0.0,0.0,,0.0,normalDay
2019-07-22,917.0,115.0,0.0,0,297.9,0.0,1,3.24,2.09,SPY190920P00281000,281.0,0,0.0,0.0,,0.0,normalDay
2019-07-23,917.0,158.0,0.0,0,300.03,0.0,1,3.24,1.66,SPY190920P00281000,281.0,0,0.0,0.0,,0.0,normalDay
2019-07-24,917.0,183.0,0.0,0,301.44,0.0,1,3.24,1.41,SPY190920P00281000,281.0,0,0.0,0.0,,0.0,normalDay
2019-07-25,917.0,161.0,0.0,0,300.0,0.0,1,3.24,1.63,SPY190920P00281000,281.0,0,0.0,0.0,,0.0,normalDay
2019-07-26,917.0,190.0,0.0,0,302.01,0.0,1,3.24,1.34,SPY190920P00281000,281.0,0,0.0,0.0,,0.0,normalDay
2019-07-29,917.0,191.0,0.0,0,301.46,0.0,1,3.24,1.33,SPY190920P00281000,281.0,0,0.0,0.0,,0.0,normalDay
2019-07-30,917.0,166.0,0.0,0,300.72,0.0,1,3.24,1.58,SPY190920P00281000,281.0,0,0.0,0.0,,0.0,normalDay
2019-07-31,917.0,98.0,0.0,0,297.43,0.0,1,3.24,2.26,SPY190920P00281000,281.0,0,0.0,0.0,,0.0,normalDay
2019-08-01,917.0,16.0,0.0,0,294.84,0.0,1,3.24,3.08,SPY190920P00281000,281.0,0,0.0,0.0,,0.0,normalDay
2019-08-02,917.0,-31.0,0.0,0,292.62,0.0,1,3.24,3.55,SPY190920P00281000,281.0,0,0.0,0.0,,0.0,normalDay
2019-08-05,917.0,-451.0,0.0,0,283.82,0.0,1,3.24,7.75,SPY190920P00281000,281.0,0,0.0,0.0,,0.0,normalDay
2019-08-06,917.0,-192.0,0.0,0,287.8,0.0,1,3.24,5.16,SPY190920P00281000,281.0,0,0.0,0.0,,0.0,normalDay
2019-08-07,917.0,-179.0,0.0,0,287.97,0.0,1,3.24,5.03,SPY190920P00281000,281.0,0,0.0,0.0,,0.0,normalDay
2019-08-08,917.0,23.0,0.0,0,293.62,0.0,1,3.24,3.01,SPY190920P00281000,281.0,0,0.0,0.0,,0.0,normalDay
2019-08-09,917.0,-31.0,0.0,0,291.62,0.0,1,3.24,3.55,SPY190920P00281000,281.0,0,0.0,0.0,,0.0,normalDay
2019-08-12,917.0,-192.0,0.0,0,288.07,0.0,1,3.24,5.16,SPY190920P00281000,281.0,0,0.0,0.0,,0.0,normalDay
2019-08-13,917.0,9.0,0.0,0,292.55,0.0,1,3.24,3.15,SPY190920P00281000,281.0,0,0.0,0.0,,0.0,normalDay
2019-08-14,917.0,-330.0,0.0,0,283.9,0.0,1,3.24,6.54,SPY190920P00281000,281.0,0,0.0,0.0,,0.0,normalDay
2019-08-15,917.0,-273.0,0.0,0,284.65,0.0,1,3.24,5.97,SPY190920P00281000,281.0,0,0.0,0.0,,0.0,normalDay
2019-08-16,917.0,-72.0,0.0,0,288.85,0.0,1,3.24,3.96,SPY190920P00281000,281.0,0,0.0,0.0,,0.0,normalDay
2019-08-19,917.0,73.0,0.0,0,292.33,0.0,1,3.24,2.51,SPY190920P00281000,281.0,0,0.0,0.0,,0.0,normalDay
2019-08-20,917.0,12.0,0.0,0,290.09,0.0,1,3.24,3.12,SPY190920P00281000,281.0,0,0.0,0.0,,0.0,normalDay
2019-08-21,917.0,119.0,0.0,0,292.45,0.0,1,3.24,2.05,SPY190920P00281000,281.0,0,0.0,0.0,,0.0,normalDay
2019-08-22,917.0,99.0,0.0,0,292.36,0.0,1,3.24,2.25,SPY190920P00281000,281.0,0,0.0,0.0,,0.0,normalDay
2019-08-23,917.0,-129.0,0.0,0,284.85,0.0,1,3.24,4.53,SPY190920P00281000,281.0,0,0.0,0.0,,0.0,normalDay
2019-08-26,917.0,-16.0,0.0,0,288.0,0.0,1,3.24,3.4,SPY190920P00281000,281.0,0,0.0,0.0,,0.0,normalDay
2019-08-27,917.0,-70.0,0.0,0,286.87,0.0,1,3.24,3.94,SPY190920P00281000,281.0,0,0.0,0.0,,0.0,normalDay
2019-08-28,917.0,24.0,0.0,0,288.89,0.0,1,3.24,3.0,SPY190920P00281000,281.0,0,0.0,0.0,,0.0,normalDay
2019-08-29,917.0,127.0,0.0,0,292.58,0.0,1,3.24,1.97,SPY190920P00281000,281.0,0,0.0,0.0,,0.0,normalDay
2019-08-30,917.0,121.0,0.0,0,292.45,0.0,1,3.24,2.03,SPY190920P00281000,281.0,0,0.0,0.0,,0.0,normalDay
2019-09-03,917.0,109.0,0.0,0,290.74,0.0,1,3.24,2.15,SPY190920P00281000,281.0,0,0.0,0.0,,0.0,normalDay
2019-09-04,917.0,214.0,0.0,0,294.04,0.0,1,3.24,1.1,SPY190920P00281000,281.0,0,0.0,0.0,,0.0,normalDay
2019-09-05,917.0,264.0,0.0,0,297.82,0.0,1,3.24,0.6,SPY190920P00281000,281.0,0,0.0,0.0,,0.0,normalDay
2019-09-06,917.0,288.0,0.0,0,298.05,0.0,1,3.24,0.36,SPY190920P00281000,281.0,0,0.0,0.0,,0.0,normalDay
2019-09-09,917.0,296.0,0.0,0,298.2,0.0,1,3.24,0.28,SPY190920P00281000,281.0,0,0.0,0.0,,0.0,normalDay
2019-09-10,917.0,300.0,0.0,0,298.13,0.0,1,3.24,0.24,SPY190920P00281000,281.0,0,0.0,0.0,,0.0,normalDay
2019-09-11,917.0,310.0,0.0,0,300.25,0.0,1,3.24,0.14,SPY190920P00281000,281.0,0,0.0,0.0,,0.0,normalDay
2019-09-12,917.0,312.0,0.0,0,301.29,0.0,1,3.24,0.12,SPY190920P00281000,281.0,0,0.0,0.0,,0.0,normalDay
2019-09-13,917.0,314.0,0.0,0,301.09,0.0,1,3.24,0.1,SPY190920P00281000,281.0,0,0.0,0.0,,0.0,normalDay
2019-09-16,917.0,316.0,0.0,0,300.16,0.0,1,3.24,0.08,SPY190920P00281000,281.0,0,0.0,0.0,,0.0,normalDay
2019-09-17,917.0,317.0,0.0,0,300.92,0.0,1,3.24,0.07,SPY190920P00281000,281.0,0,0.0,0.0,,0.0,normalDay
2019-09-18,917.0,319.0,0.0,0,301.1,0.0,1,3.24,0.05,SPY190920P00281000,281.0,0,0.0,0.0,,0.0,normalDay
2019-09-19,917.0,320.0,0.0,0,301.08,0.0,1,3.24,0.04,SPY190920P00281000,281.0,0,0.0,0.0,,0.0,normalDay
2019-09-20,1241.0,0.0,324.0,0,298.28,0.0,1,3.24,0.0,SPY190920P00281000,281.0,0,0.0,0.0,,0.0,expirationDay
2019-09-23,1241.0,-4.0,0.0,0,298.21,0.0,1,2.78,2.82,SPY191115P00285000,285.0,0,0.0,0.0,,0.0,normalDay
2019-09-24,1241.0,-83.0,0.0,0,295.87,0.0,1,2.78,3.61,SPY191115P00285000,285.0,0,0.0,0.0,,0.0,normalDay
2019-09-25,1241.0,-32.0,0.0,0,297.62,0.0,1,2.78,3.1,SPY191115P00285000,285.0,0,0.0,0.0,,0.0,normalDay
2019-09-26,1241.0,-31.0,0.0,0,297.0,0.0,1,2.78,3.09,SPY191115P00285000,285.0,0,0.0,0.0,,0.0,normalDay
2019-09-27,1241.0,-87.0,0.0,0,295.4,0.0,1,2.78,3.65,SPY191115P00285000,285.0,0,0.0,0.0,,0.0,normalDay
2019-09-30,1241.0,-16.0,0.0,0,296.77,0.0,1,2.78,2.94,SPY191115P00285000,285.0,0,0.0,0.0,,0.0,normalDay
2019-10-01,1241.0,-140.0,0.0,0,293.24,0.0,1,2.78,4.18,SPY191115P00285000,285.0,0,0.0,0.0,,0.0,normalDay
2019-10-02,1241.0,-365.0,0.0,0,288.06,0.0,1,2.78,6.43,SPY191115P00285000,285.0,0,0.0,0.0,,0.0,normalDay
2019-10-03,1241.0,-232.0,0.0,0,290.42,0.0,1,2.78,5.1,SPY191115P00285000,285.0,0,0.0,0.0,,0.0,normalDay
2019-10-04,1241.0,-69.0,0.0,0,294.35,0.0,1,2.78,3.47,SPY191115P00285000,285.0,0,0.0,0.0,,0.0,normalDay
2019-10-07,1241.0,-99.0,0.0,0,293.08,0.0,1,2.78,3.77,SPY191115P00285000,285.0,0,0.0,0.0,,0.0,normalDay
2019-10-08,1241.0,-277.0,0.0,0,288.53,0.0,1,2.78,5.55,SPY191115P00285000,285.0,0,0.0,0.0,,0.0,normalDay
2019-10-09,1241.0,-148.0,0.0,0,291.27,0.0,1,2.78,4.26,SPY191115P00285000,285.0,0,0.0,0.0,,0.0,normalDay
2019-10-10,1241.0,-57.0,0.0,0,293.24,0.0,1,2.78,3.35,SPY191115P00285000,285.0,0,0.0,0.0,,0.0,normalDay
2019-10-11,1241.0,66.0,0.0,0,296.28,0.0,1,2.78,2.12,SPY191115P00285000,285.0,0,0.0,0.0,,0.0,normalDay
2019-10-14,1241.0,94.0,0.0,0,295.95,0.0,1,2.78,1.84,SPY191115P00285000,285.0,0,0.0,0.0,,0.0,normalDay
2019-10-15,1241.0,163.0,0.0,0,298.88,0.0,1,2.78,1.15,SPY191115P00285000,285.0,0,0.0,0.0,,0.0,normalDay
2019-10-16,1241.0,163.0,0.0,0,298.4,0.0,1,2.78,1.15,SPY191115P00285000,285.0,0,0.0,0.0,,0.0,normalDay
2019-10-17,1241.0,174.0,0.0,0,299.28,0.0,1,2.78,1.04,SPY191115P00285000,285.0,0,0.0,0.0,,0.0,normalDay
2019-10-18,1241.0,161.0,0.0,0,297.97,0.0,1,2.78,1.17,SPY191115P00285000,285.0,0,0.0,0.0,,0.0,normalDay
2019-10-21,1241.0,200.0,0.0,0,299.99,0.0,1,2.78,0.78,SPY191115P00285000,285.0,0,0.0,0.0,,0.0,normalDay
2019-10-22,1241.0,191.0,0.0,0,299.01,0.0,1,2.78,0.87,SPY191115P00285000,285.0,0,0.0,0.0,,0.0,normalDay
2019-10-23,1241.0,211.0,0.0,0,299.88,0.0,1,2.78,0.67,SPY191115P00285000,285.0,0,0.0,0.0,,0.0,normalDay
2019-10-24,1241.0,221.0,0.0,0,300.37,0.0,1,2.78,0.57,SPY191115P00285000,285.0,0,0.0,0.0,,0.0,normalDay
2019-10-25,1241.0,240.0,0.0,0,301.6,0.0,1,2.78,0.38,SPY191115P00285000,285.0,0,0.0,0.0,,0.0,normalDay
2019-10-28,1241.0,249.0,0.0,0,303.3,0.0,1,2.78,0.29,SPY191115P00285000,285.0,0,0.0,0.0,,0.0,normalDay
2019-10-29,1241.0,252.0,0.0,0,303.21,0.0,1,2.78,0.26,SPY191115P00285000,285.0,0,0.0,0.0,,0.0,normalDay
2019-10-30,1241.0,259.0,0.0,0,304.14,0.0,1,2.78,0.19,SPY191115P00285000,285.0,0,0.0,0.0,,0.0,normalDay
2019-10-31,1241.0,253.0,0.0,0,303.33,0.0,1,2.78,0.25,SPY191115P00285000,285.0,0,0.0,0.0,,0.0,normalDay
2019-11-01,1241.0,267.0,0.0,0,306.14,0.0,1,2.78,0.11,SPY191115P00285000,285.0,0,0.0,0.0,,0.0,normalDay
2019-11-04,1241.0,269.0,0.0,0,307.37,0.0,1,2.78,0.09,SPY191115P00285000,285.0,0,0.0,0.0,,0.0,normalDay
2019-11-05,1241.0,271.0,0.0,0,307.03,0.0,1,2.78,0.07,SPY191115P00285000,285.0,0,0.0,0.0,,0.0,normalDay
2019-11-06,1241.0,273.0,0.0,0,307.1,0.0,1,2.78,0.05,SPY191115P00285000,285.0,0,0.0,0.0,,0.0,normalDay
2019-11-07,1241.0,275.0,0.0,0,308.18,0.0,1,2.78,0.03,SPY191115P00285000,285.0,0,0.0,0.0,,0.0,normalDay
2019-11-08,1241.0,276.0,0.0,0,308.94,0.0,1,2.78,0.02,SPY191115P00285000,285.0,0,0.0,0.0,,0.0,normalDay
2019-11-11,1241.0,276.0,0.0,0,308.35,0.0,1,2.78,0.02,SPY191115P00285000,285.0,0,0.0,0.0,,0.0,normalDay
2019-11-12,1241.0,276.0,0.0,0,309.0,0.0,1,2.78,0.02,SPY191115P00285000,285.0,0,0.0,0.0,,0.0,normalDay
2019-11-13,1241.0,277.0,0.0,0,309.1,0.0,1,2.78,0.01,SPY191115P00285000,285.0,0,0.0,0.0,,0.0,normalDay
2019-11-14,1241.0,277.0,0.0,0,309.55,0.0,1,2.78,0.01,SPY191115P00285000,285.0,0,0.0,0.0,,0.0,normalDay
2019-11-15,1519.0,0.0,278.0,0,311.79,0.0,1,2.78,0.0,SPY191115P00285000,285.0,0,0.0,0.0,,0.0,expirationDay
2019-11-18,1519.0,-3.0,0.0,0,312.02,0.0,1,2.46,2.49,SPY200117P00297000,297.0,0,0.0,0.0,,0.0,normalDay
2019-11-19,1519.0,-15.0,0.0,0,311.93,0.0,1,2.46,2.61,SPY200117P00297000,297.0,0,0.0,0.0,,0.0,normalDay
2019-11-20,1519.0,-36.0,0.0,0,310.77,0.0,1,2.46,2.82,SPY200117P00297000,297.0,0,0.0,0.0,,0.0,normalDay
2019-11-21,1519.0,-46.0,0.0,0,310.27,0.0,1,2.46,2.92,SPY200117P00297000,297.0,0,0.0,0.0,,0.0,normalDay
2019-11-22,1519.0,-14.0,0.0,0,310.96,0.0,1,2.46,2.6,SPY200117P00297000,297.0,0,0.0,0.0,,0.0,normalDay
2019-11-25,1519.0,47.0,0.0,0,313.37,0.0,1,2.46,1.99,SPY200117P00297000,297.0,0,0.0,0.0,,0.0,normalDay
2019-11-26,1519.0,69.0,0.0,0,314.08,0.0,1,2.46,1.77,SPY200117P00297000,297.0,0,0.0,0.0,,0.0,normalDay
2019-11-27,1519.0,85.0,0.0,0,315.48,0.0,1,2.46,1.61,SPY200117P00297000,297.0,0,0.0,0.0,,0.0,normalDay
2019-11-29,1519.0,61.0,0.0,0,314.31,0.0,1,2.46,1.85,SPY200117P00297000,297.0,0,0.0,0.0,,0.0,normalDay
2019-12-02,1519.0,-14.0,0.0,0,311.64,0.0,1,2.46,2.6,SPY200117P00297000,297.0,0,0.0,0.0,,0.0,normalDay
2019-12-03,1519.0,-77.0,0.0,0,309.55,0.0,1,2.46,3.23,SPY200117P00297000,297.0,0,0.0,0.0,,0.0,normalDay
2019-12-04,1519.0,-19.0,0.0,0,311.46,0.0,1,2.46,2.65,SPY200117P00297000,297.0,0,0.0,0.0,,0.0,normalDay
2019-12-05,1519.0,14.0,0.0,0,312.02,0.0,1,2.46,2.32,SPY200117P00297000,297.0,0,0.0,0.0,,0.0,normalDay
2019-12-06,1519.0,74.0,0.0,0,314.87,0.0,1,2.46,1.72,SPY200117P00297000,297.0,0,0.0,0.0,,0.0,normalDay
2019-12-09,1519.0,40.0,0.0,0,313.88,0.0,1,2.46,2.06,SPY200117P00297000,297.0,0,0.0,0.0,,0.0,normalDay
2019-12-10,1519.0,52.0,0.0,0,313.53,0.0,1,2.46,1.94,SPY200117P00297000,297.0,0,0.0,0.0,,0.0,normalDay
2019-12-11,1519.0,80.0,0.0,0,314.42,0.0,1,2.46,1.66,SPY200117P00297000,297.0,0,0.0,0.0,,0.0,normalDay
2019-12-12,1519.0,128.0,0.0,0,317.13,0.0,1,2.46,1.18,SPY200117P00297000,297.0,0,0.0,0.0,,0.0,normalDay
2019-12-13,1519.0,157.0,0.0,0,317.32,0.0,1,2.46,0.89,SPY200117P00297000,297.0,0,0.0,0.0,,0.0,normalDay
2019-12-16,1519.0,186.0,0.0,0,319.5,0.0,1,2.46,0.6,SPY200117P00297000,297.0,0,0.0,0.0,,0.0,normalDay
2019-12-17,1519.0,185.0,0.0,0,319.57,0.0,1,2.46,0.61,SPY200117P00297000,297.0,0,0.0,0.0,,0.0,normalDay
2019-12-18,1519.0,186.0,0.0,0,319.59,0.0,1,2.46,0.6,SPY200117P00297000,297.0,0,0.0,0.0,,0.0,normalDay
2019-12-19,1519.0,193.0,0.0,0,320.9,0.0,1,2.46,0.53,SPY200117P00297000,297.0,0,0.0,0.0,,0.0,normalDay
2019-12-20,1519.0,197.0,0.0,0,320.73,0.0,1,2.46,0.49,SPY200117P00297000,297.0,0,0.0,0.0,,0.0,normalDay
2019-12-23,1519.0,201.0,0.0,0,321.22,0.0,1,2.46,0.45,SPY200117P00297000,297.0,0,0.0,0.0,,0.0,normalDay
2019-12-24,1519.0,204.0,0.0,0,321.23,0.0,1,2.46,0.42,SPY200117P00297000,297.0,0,0.0,0.0,,0.0,normalDay
2019-12-26,1519.0,215.0,0.0,0,322.94,0.0,1,2.46,0.31,SPY200117P00297000,297.0,0,0.0,0.0,,0.0,normalDay
2019-12-27,1519.0,214.0,0.0,0,322.86,0.0,1,2.46,0.32,SPY200117P00297000,297.0,0,0.0,0.0,,0.0,normalDay
2019-12-30,1519.0,210.0,0.0,0,321.08,0.0,1,2.46,0.36,SPY200117P00297000,297.0,0,0.0,0.0,,0.0,normalDay
2019-12-31,1519.0,218.0,0.0,0,321.86,0.0,1,2.46,0.28,SPY200117P00297000,297.0,0,0.0,0.0,,0.0,normalDay
2020-01-02,1519.0,235.0,0.0,0,324.87,0.0,1,2.46,0.11,SPY200117P00297000,297.0,0,0.0,0.0,,0.0,normalDay
2020-01-03,1519.0,228.0,0.0,0,322.41,0.0,1,2.46,0.18,SPY200117P00297000,297.0,0,0.0,0.0,,0.0,normalDay
2020-01-06,1519.0,238.0,0.0,0,323.64,0.0,1,2.46,0.08,SPY200117P00297000,297.0,0,0.0,0.0,,0.0,normalDay
2020-01-07,1519.0,238.0,0.0,0,322.73,0.0,1,2.46,0.08,SPY200117P00297000,297.0,0,0.0,0.0,,0.0,normalDay
2020-01-08,1519.0,238.0,0.0,0,324.45,0.0,1,2.46,0.08,SPY200117P00297000,297.0,0,0.0,0.0,,0.0,normalDay
2020-01-09,1519.0,241.0,0.0,0,326.65,0.0,1,2.46,0.05,SPY200117P00297000,297.0,0,0.0,0.0,,0.0,normalDay
2020-01-10,1519.0,243.0,0.0,0,325.71,0.0,1,2.46,0.03,SPY200117P00297000,297.0,0,0.0,0.0,,0.0,normalDay
2020-01-13,1519.0,244.0,0.0,0,327.95,0.0,1,2.46,0.02,SPY200117P00297000,297.0,0,0.0,0.0,,0.0,normalDay
2020-01-14,1519.0,244.0,0.0,0,327.45,0.0,1,2.46,0.02,SPY200117P00297000,297.0,0,0.0,0.0,,0.0,normalDay
2020-01-15,1519.0,245.0,0.0,0,328.19,0.0,1,2.46,0.01,SPY200117P00297000,297.0,0,0.0,0.0,,0.0,normalDay
2020-01-16,1519.0,245.0,0.0,0,330.92,0.0,1,2.46,0.01,SPY200117P00297000,297.0,0,0.0,0.0,,0.0,normalDay
2020-01-17,1765.0,0.0,246.0,0,331.95,0.0,1,2.46,0.0,SPY200117P00297000,297.0,0,0.0,0.0,,0.0,expirationDay
2020-01-21,1765.0,-4.0,0.0,0,331.3,0.0,1,4.04,4.08,SPY200417P00317000,317.0,0,0.0,0.0,,0.0,normalDay
2020-01-22,1765.0,-6.0,0.0,0,331.34,0.0,1,4.04,4.1,SPY200417P00317000,317.0,0,0.0,0.0,,0.0,normalDay
2020-01-23,1765.0,3.0,0.0,0,331.72,0.0,1,4.04,4.01,SPY200417P00317000,317.0,0,0.0,0.0,,0.0,normalDay
2020-01-24,1765.0,-98.0,0.0,0,328.77,0.0,1,4.04,5.02,SPY200417P00317000,317.0,0,0.0,0.0,,0.0,normalDay
2020-01-27,1765.0,-338.0,0.0,0,323.5,0.0,1,4.04,7.42,SPY200417P00317000,317.0,0,0.0,0.0,,0.0,normalDay
2020-01-28,1765.0,-172.0,0.0,0,326.89,0.0,1,4.04,5.76,SPY200417P00317000,317.0,0,0.0,0.0,,0.0,normalDay
2020-01-29,1765.0,-176.0,0.0,0,326.62,0.0,1,4.04,5.8,SPY200417P00317000,317.0,0,0.0,0.0,,0.0,normalDay
2020-01-30,1765.0,-102.0,0.0,0,327.68,0.0,1,4.04,5.06,SPY200417P00317000,317.0,0,0.0,0.0,,0.0,normalDay
2020-01-31,1765.0,-358.0,0.0,0,321.73,0.0,1,4.04,7.62,SPY200417P00317000,317.0,0,0.0,0.0,,0.0,normalDay
2020-02-03,1765.0,-265.0,0.0,0,324.12,0.0,1,4.04,6.69,SPY200417P00317000,317.0,0,0.0,0.0,,0.0,normalDay
2020-02-04,1765.0,-60.0,0.0,0,329.06,0.0,1,4.04,4.64,SPY200417P00317000,317.0,0,0.0,0.0,,0.0,normalDay
2020-02-05,1765.0,45.0,0.0,0,332.86,0.0,1,4.04,3.59,SPY200417P00317000,317.0,0,0.0,0.0,,0.0,normalDay
2020-02-06,1765.0,68.0,0.0,0,333.98,0.0,1,4.04,3.36,SPY200417P00317000,317.0,0,0.0,0.0,,0.0,normalDay
2020-02-07,1765.0,27.0,0.0,0,332.2,0.0,1,4.04,3.77,SPY200417P00317000,317.0,0,0.0,0.0,,0.0,normalDay
2020-02-10,1765.0,87.0,0.0,0,334.68,0.0,1,4.04,3.17,SPY200417P00317000,317.0,0,0.0,0.0,,0.0,normalDay
2020-02-11,1765.0,101.0,0.0,0,335.26,0.0,1,4.04,3.03,SPY200417P00317000,317.0,0,0.0,0.0,,0.0,normalDay
2020-02-12,1765.0,159.0,0.0,0,337.42,0.0,1,4.04,2.45,SPY200417P00317000,317.0,0,0.0,0.0,,0.0,normalDay
2020-02-13,1765.0,148.0,0.0,0,337.06,0.0,1,4.04,2.56,SPY200417P00317000,317.0,0,0.0,0.0,,0.0,normalDay
2020-02-14,1765.0,167.0,0.0,0,337.6,0.0,1,4.04,2.37,SPY200417P00317000,317.0,0,0.0,0.0,,0.0,normalDay
2020-02-18,1765.0,153.0,0.0,0,336.73,0.0,1,4.04,2.51,SPY200417P00317000,317.0,0,0.0,0.0,,0.0,normalDay
2020-02-19,1765.0,188.0,0.0,0,338.34,0.0,1,4.04,2.16,SPY200417P00317000,317.0,0,0.0,0.0,,0.0,normalDay
2020-02-20,1765.0,150.0,0.0,0,336.95,0.0,1,4.04,2.54,SPY200417P00317000,317.0,0,0.0,0.0,,0.0,normalDay
2020-02-21,1765.0,55.0,0.0,0,333.48,0.0,1,4.04,3.49,SPY200417P00317000,317.0,0,0.0,0.0,,0.0,normalDay
2020-02-24,1765.0,-410.0,0.0,0,322.42,0.0,1,4.04,8.14,SPY200417P00317000,317.0,0,0.0,0.0,,0.0,normalDay
2020-02-25,1765.0,-835.0,0.0,0,312.65,0.0,1,4.04,12.39,SPY200417P00317000,317.0,0,0.0,0.0,,0.0,normalDay
2020-02-26,1765.0,-926.0,0.0,0,311.5,0.0,1,4.04,13.3,SPY200417P00317000,317.0,0,0.0,0.0,,0.0,normalDay
2020-02-27,1765.0,-2049.0,0.0,0,297.51,0.0,1,4.04,24.53,SPY200417P00317000,317.0,0,0.0,0.0,,0.0,normalDay
2020-02-28,1765.0,-2105.0,0.0,0,296.26,0.0,1,4.04,25.09,SPY200417P00317000,317.0,0,0.0,0.0,,0.0,normalDay
2020-03-02,1765.0,-1115.0,0.0,0,309.09,0.0,1,4.04,15.19,SPY200417P00317000,317.0,0,0.0,0.0,,0.0,normalDay
2020-03-03,1765.0,-1656.0,0.0,0,300.24,0.0,1,4.04,20.6,SPY200417P00317000,317.0,0,0.0,0.0,,0.0,normalDay
2020-03-04,1765.0,-962.0,0.0,0,312.86,0.0,1,4.04,13.66,SPY200417P00317000,317.0,0,0.0,0.0,,0.0,normalDay
2020-03-05,1765.0,-1716.0,0.0,0,302.46,0.0,1,4.04,21.2,SPY200417P00317000,317.0,0,0.0,0.0,,0.0,normalDay
2020-03-06,1765.0,-2123.0,0.0,0,297.46,0.0,1,4.04,25.27,SPY200417P00317000,317.0,0,0.0,0.0,,0.0,normalDay
2020-03-09,1765.0,-4198.0,0.0,0,274.23,0.0,1,4.04,46.02,SPY200417P00317000,317.0,0,0.0,0.0,,0.0,normalDay
2020-03-10,1765.0,-2876.0,0.0,0,288.42,0.0,1,4.04,32.8,SPY200417P00317000,317.0,0,0.0,0.0,,0.0,normalDay
2020-03-11,1765.0,-4126.0,0.0,0,274.36,0.0,1,4.04,45.3,SPY200417P00317000,317.0,0,0.0,0.0,,0.0,normalDay
2020-03-12,1765.0,-6662.0,0.0,0,248.11,0.0,1,4.04,70.66,SPY200417P00317000,317.0,0,0.0,0.0,,0.0,normalDay
2020-03-13,1765.0,-4644.0,0.0,0,269.32,0.0,1,4.04,50.48,SPY200417P00317000,317.0,0,0.0,0.0,,0.0,normalDay
2020-03-16,1765.0,-7191.0,0.0,0,239.85,0.0,1,4.04,75.95,SPY200417P00317000,317.0,0,0.0,0.0,,0.0,normalDay
2020-03-17,1765.0,-6339.0,0.0,0,252.8,0.0,1,4.04,67.43,SPY200417P00317000,317.0,0,0.0,0.0,,0.0,normalDay
2020-03-18,1765.0,-7444.0,0.0,0,240.0,0.0,1,4.04,78.48,SPY200417P00317000,317.0,0,0.0,0.0,,0.0,normalDay
2020-03-19,1765.0,-7450.0,0.0,0,240.51,0.0,1,4.04,78.54,SPY200417P00317000,317.0,0,0.0,0.0,,0.0,normalDay
2020-03-20,1765.0,-8407.0,0.0,0,228.8,0.0,1,4.04,88.11,SPY200417P00317000,317.0,0,0.0,0.0,,0.0,normalDay
2020-03-23,1765.0,-9205.0,0.0,0,222.95,0.0,1,4.04,96.09,SPY200417P00317000,317.0,0,0.0,0.0,,0.0,normalDay
2020-03-24,1765.0,-7083.0,0.0,0,243.15,0.0,1,4.04,74.87,SPY200417P00317000,317.0,0,0.0,0.0,,0.0,normalDay
2020-03-25,1765.0,-6616.0,0.0,0,246.79,0.0,1,4.04,70.2,SPY200417P00317000,317.0,0,0.0,0.0,,0.0,normalDay
2020-03-26,1765.0,-5260.0,0.0,0,261.2,0.0,1,4.04,56.64,SPY200417P00317000,317.0,0,0.0,0.0,,0.0,normalDay
2020-03-27,1765.0,-6047.0,0.0,0,253.42,0.0,1,4.04,64.51,SPY200417P00317000,317.0,0,0.0,0.0,,0.0,normalDay
2020-03-30,1765.0,-5243.0,0.0,0,261.65,0.0,1,4.04,56.47,SPY200417P00317000,317.0,0,0.0,0.0,,0.0,normalDay
2020-03-31,1765.0,-5644.0,0.0,0,257.75,0.0,1,4.04,60.48,SPY200417P00317000,317.0,0,0.0,0.0,,0.0,normalDay
2020-04-01,1765.0,-6730.0,0.0,0,246.15,0.0,1,4.04,71.34,SPY200417P00317000,317.0,0,0.0,0.0,,0.0,normalDay
2020-04-02,1765.0,-6047.0,0.0,0,251.83,0.0,1,4.04,64.51,SPY200417P00317000,317.0,0,0.0,0.0,,0.0,normalDay
2020-04-03,1765.0,-6473.0,0.0,0,248.19,0.0,1,4.04,68.77,SPY200417P00317000,317.0,0,0.0,0.0,,0.0,normalDay
2020-04-06,1765.0,-4805.0,0.0,0,264.86,0.0,1,4.04,52.09,SPY200417P00317000,317.0,0,0.0,0.0,,0.0,normalDay
2020-04-07,1765.0,-4925.0,0.0,0,265.13,0.0,1,4.04,53.29,SPY200417P00317000,317.0,0,0.0,0.0,,0.0,normalDay
2020-04-08,1765.0,-3914.0,0.0,0,274.03,0.0,1,4.04,43.18,SPY200417P00317000,317.0,0,0.0,0.0,,0.0,normalDay
2020-04-09,1765.0,-3504.0,0.0,0,278.2,0.0,1,4.04,39.08,SPY200417P00317000,317.0,0,0.0,0.0,,0.0,normalDay
2020-04-13,1765.0,-3759.0,0.0,0,275.66,0.0,1,4.04,41.63,SPY200417P00317000,317.0,0,0.0,0.0,,0.0,normalDay
2020-04-14,1765.0,-2908.0,0.0,0,283.79,0.0,1,4.04,33.12,SPY200417P00317000,317.0,0,0.0,0.0,,0.0,normalDay
2020-04-15,1765.0,-3542.0,0.0,0,277.76,0.0,1,4.04,39.46,SPY200417P00317000,317.0,0,0.0,0.0,,0.0,normalDay
2020-04-16,1765.0,-3393.0,0.0,0,279.1,0.0,1,4.04,37.97,SPY200417P00317000,317.0,0,0.0,0.0,,0.0,normalDay
2020-04-17,2169.0,-3036.0,404.0,100,286.64,317.0,1,4.04,0.0,SPY200417P00317000,317.0,0,0.0,0.0,,0.0,expirationDay
2020-04-20,2169.0,-3734.0,0.0,100,281.59,317.0,0,0.0,0.0,,0.0,1,41.08,43.01,SPY210331C00263000,263.0,normalDay
2020-04-21,2169.0,-4141.0,0.0,100,273.04,317.0,0,0.0,0.0,,0.0,1,41.08,38.53,SPY210331C00263000,263.0,normalDay
2020-04-22,2169.0,-3855.0,0.0,100,279.1,317.0,0,0.0,0.0,,0.0,1,41.08,41.73,SPY210331C00263000,263.0,normalDay
2020-04-23,2169.0,-3830.0,0.0,100,279.08,317.0,0,0.0,0.0,,0.0,1,41.08,41.46,SPY210331C00263000,263.0,normalDay
2020-04-24,2169.0,-3605.0,0.0,100,282.97,317.0,0,0.0,0.0,,0.0,1,41.08,43.1,SPY210331C00263000,263.0,normalDay
2020-04-27,2169.0,-3379.0,0.0,100,287.05,317.0,0,0.0,0.0,,0.0,1,41.08,44.92,SPY210331C00263000,263.0,normalDay
2020-04-28,2169.0,-3404.0,0.0,100,285.73,317.0,0,0.0,0.0,,0.0,1,41.08,43.85,SPY210331C00263000,263.0,normalDay
2020-04-29,2169.0,-3147.0,0.0,100,293.21,317.0,0,0.0,0.0,,0.0,1,41.08,48.76,SPY210331C00263000,263.0,normalDay
2020-04-30,2169.0,-3160.0,0.0,100,290.48,317.0,0,0.0,0.0,,0.0,1,41.08,46.16,SPY210331C00263000,263.0,normalDay
2020-05-01,2169.0,-3540.0,0.0,100,282.79,317.0,0,0.0,0.0,,0.0,1,41.08,42.27,SPY210331C00263000,263.0,normalDay
2020-05-04,2169.0,-3446.0,0.0,100,283.57,317.0,0,0.0,0.0,,0.0,1,41.08,42.11,SPY210331C00263000,263.0,normalDay
2020-05-05,2169.0,-3369.0,0.0,100,286.19,317.0,0,0.0,0.0,,0.0,1,41.08,43.96,SPY210331C00263000,263.0,normalDay
2020-05-06,2169.0,-3400.0,0.0,100,284.25,317.0,0,0.0,0.0,,0.0,1,41.08,42.33,SPY210331C00263000,263.0,normalDay
2020-05-07,2169.0,-3307.0,0.0,100,287.68,317.0,0,0.0,0.0,,0.0,1,41.08,44.83,SPY210331C00263000,263.0,normalDay
2020-05-08,2169.0,-3101.0,0.0,100,292.44,317.0,0,0.0,0.0,,0.0,1,41.08,47.53,SPY210331C00263000,263.0,normalDay
2020-05-11,2169.0,-3142.0,0.0,100,292.5,317.0,0,0.0,0.0,,0.0,1,41.08,48.0,SPY210331C00263000,263.0,normalDay
2020-05-12,2169.0,-3160.0,0.0,100,286.67,317.0,0,0.0,0.0,,0.0,1,41.08,42.35,SPY210331C00263000,263.0,normalDay
2020-05-13,2169.0,-3513.0,0.0,100,281.6,317.0,0,0.0,0.0,,0.0,1,41.08,40.81,SPY210331C00263000,263.0,normalDay
2020-05-14,2169.0,-3354.0,0.0,100,284.97,317.0,0,0.0,0.0,,0.0,1,41.08,42.59,SPY210331C00263000,263.0,normalDay
2020-05-15,2169.0,-3216.0,0.0,100,286.28,317.0,0,0.0,0.0,,0.0,1,41.08,42.52,SPY210331C00263000,263.0,normalDay
2020-05-18,2169.0,-2926.0,0.0,100,295.0,317.0,0,0.0,0.0,,0.0,1,41.08,48.34,SPY210331C00263000,263.0,normalDay
2020-05-19,2169.0,-3056.0,0.0,100,291.97,317.0,0,0.0,0.0,,0.0,1,41.08,46.61,SPY210331C00263000,263.0,normalDay
2020-05-20,2169.0,-2883.0,0.0,100,296.93,317.0,0,0.0,0.0,,0.0,1,41.08,49.84,SPY210331C00263000,263.0,normalDay
2020-05-21,2169.0,-2925.0,0.0,100,294.88,317.0,0,0.0,0.0,,0.0,1,41.08,48.21,SPY210331C00263000,263.0,normalDay
2020-05-22,2169.0,-2894.0,0.0,100,295.44,317.0,0,0.0,0.0,,0.0,1,41.08,48.46,SPY210331C00263000,263.0,normalDay
2020-05-26,2169.0,-2787.0,0.0,100,299.08,317.0,0,0.0,0.0,,0.0,1,41.08,51.03,SPY210331C00263000,263.0,normalDay
2020-05-27,2169.0,-2615.0,0.0,100,303.53,317.0,0,0.0,0.0,,0.0,1,41.08,53.76,SPY210331C00263000,263.0,normalDay
2020-05-28,2169.0,-2695.0,0.0,100,302.97,317.0,0,0.0,0.0,,0.0,1,41.08,54.0,SPY210331C00263000,263.0,normalDay
2020-05-29,2169.0,-2637.0,0.0,100,304.32,317.0,0,0.0,0.0,,0.0,1,41.08,54.77,SPY210331C00263000,263.0,normalDay
2020-06-01,2169.0,-2526.0,0.0,100,305.55,317.0,0,0.0,0.0,,0.0,1,41.08,54.89,SPY210331C00263000,263.0,normalDay
2020-06-02,2169.0,-2430.0,0.0,100,308.08,317.0,0,0.0,0.0,,0.0,1,41.08,56.46,SPY210331C00263000,263.0,normalDay
2020-06-03,2169.0,-2385.0,0.0,100,312.18,317.0,0,0.0,0.0,,0.0,1,41.08,60.11,SPY210331C00263000,263.0,normalDay
2020-06-04,2169.0,-2384.0,0.0,100,311.36,317.0,0,0.0,0.0,,0.0,1,41.08,59.28,SPY210331C00263000,263.0,normalDay
2020-06-05,2169.0,-2162.0,0.0,100,319.34,317.0,0,0.0,0.0,,0.0,1,41.08,65.04,SPY210331C00263000,263.0,normalDay
2020-06-08,2169.0,-2052.0,0.0,100,323.2,317.0,0,0.0,0.0,,0.0,1,41.08,67.8,SPY210331C00263000,263.0,normalDay
2020-06-09,2169.0,-2252.0,0.0,100,320.79,317.0,0,0.0,0.0,,0.0,1,41.08,67.39,SPY210331C00263000,263.0,normalDay
2020-06-10,2169.0,-2189.0,0.0,100,319.0,317.0,0,0.0,0.0,,0.0,1,41.08,64.97,SPY210331C00263000,263.0,normalDay
2020-06-11,2169.0,-2991.0,0.0,100,300.61,317.0,0,0.0,0.0,,0.0,1,41.08,54.6,SPY210331C00263000,263.0,normalDay
2020-06-12,2169.0,-2772.0,0.0,100,304.21,317.0,0,0.0,0.0,,0.0,1,41.08,56.01,SPY210331C00263000,263.0,normalDay
2020-06-15,2169.0,-2672.0,0.0,100,307.05,317.0,0,0.0,0.0,,0.0,1,41.08,57.85,SPY210331C00263000,263.0,normalDay
2020-06-16,2169.0,-2568.0,0.0,100,312.96,317.0,0,0.0,0.0,,0.0,1,41.08,62.72,SPY210331C00263000,263.0,normalDay
2020-06-17,2169.0,-2618.0,0.0,100,311.66,317.0,0,0.0,0.0,,0.0,1,41.08,61.92,SPY210331C00263000,263.0,normalDay
2020-06-18,2169.0,-2595.0,0.0,100,311.78,317.0,0,0.0,0.0,,0.0,1,41.08,61.81,SPY210331C00263000,263.0,normalDay
2020-06-19,2169.0,-2720.0,0.0,100,308.64,317.0,0,0.0,0.0,,0.0,1,41.08,59.92,SPY210331C00263000,263.0,normalDay
2020-06-22,2169.0,-2655.0,0.0,100,310.62,317.0,0,0.0,0.0,,0.0,1,41.08,61.25,SPY210331C00263000,263.0,normalDay
2020-06-23,2169.0,-2558.0,0.0,100,312.05,317.0,0,0.0,0.0,,0.0,1,41.08,61.71,SPY210331C00263000,263.0,normalDay
2020-06-24,2169.0,-2878.0,0.0,100,304.09,317.0,0,0.0,0.0,,0.0,1,41.08,56.95,SPY210331C00263000,263.0,normalDay
2020-06-25,2169.0,-2705.0,0.0,100,307.35,317.0,0,0.0,0.0,,0.0,1,41.08,58.48,SPY210331C00263000,263.0,normalDay
2020-06-26,2169.0,-2994.0,0.0,100,300.05,317.0,0,0.0,0.0,,0.0,1,41.08,54.07,SPY210331C00263000,263.0,normalDay
2020-06-29,2169.0,-2727.0,0.0,100,304.46,317.0,0,0.0,0.0,,0.0,1,41.08,55.81,SPY210331C00263000,263.0,normalDay
2020-06-30,2169.0,-2612.0,0.0,100,308.36,317.0,0,0.0,0.0,,0.0,1,41.08,58.56,SPY210331C00263000,263.0,normalDay
2020-07-01,2169.0,-2570.0,0.0,100,310.52,317.0,0,0.0,0.0,,0.0,1,41.08,60.3,SPY210331C00263000,263.0,normalDay
2020-07-02,2169.0,-2482.0,0.0,100,312.23,317.0,0,0.0,0.0,,0.0,1,41.08,61.13,SPY210331C00263000,263.0,normalDay
2020-07-06,2169.0,-2323.0,0.0,100,317.05,317.0,0,0.0,0.0,,0.0,1,41.08,64.36,SPY210331C00263000,263.0,normalDay
2020-07-07,2169.0,-2423.0,0.0,100,313.78,317.0,0,0.0,0.0,,0.0,1,41.08,62.09,SPY210331C00263000,263.0,normalDay
2020-07-08,2169.0,-2347.0,0.0,100,316.18,317.0,0,0.0,0.0,,0.0,1,41.08,63.73,SPY210331C00263000,263.0,normalDay
2020-07-09,2169.0,-2423.0,0.0,100,314.38,317.0,0,0.0,0.0,,0.0,1,41.08,62.69,SPY210331C00263000,263.0,normalDay
2020-07-10,2169.0,-2323.0,0.0,100,317.59,317.0,0,0.0,0.0,,0.0,1,41.08,64.9,SPY210331C00263000,263.0,normalDay
2020-07-13,2169.0,-2472.0,0.0,100,314.84,317.0,0,0.0,0.0,,0.0,1,41.08,63.64,SPY210331C00263000,263.0,normalDay
2020-07-14,2169.0,-2294.0,0.0,100,318.92,317.0,0,0.0,0.0,,0.0,1,41.08,65.94,SPY210331C00263000,263.0,normalDay
2020-07-15,2169.0,-2253.0,0.0,100,321.85,317.0,0,0.0,0.0,,0.0,1,41.08,68.46,SPY210331C00263000,263.0,normalDay
2020-07-16,2169.0,-2163.0,0.0,100,320.79,317.0,0,0.0,0.0,,0.0,1,41.08,66.5,SPY210331C00263000,263.0,normalDay
2020-07-17,2169.0,-2219.0,0.0,100,321.72,317.0,0,0.0,0.0,,0.0,1,41.08,67.99,SPY210331C00263000,263.0,normalDay
2020-07-20,2169.0,-2113.0,0.0,100,324.32,317.0,0,0.0,0.0,,0.0,1,41.08,69.53,SPY210331C00263000,263.0,normalDay
2020-07-21,2169.0,-2112.0,0.0,100,325.01,317.0,0,0.0,0.0,,0.0,1,41.08,70.21,SPY210331C00263000,263.0,normalDay
2020-07-22,2169.0,-2039.0,0.0,100,326.86,317.0,0,0.0,0.0,,0.0,1,41.08,71.33,SPY210331C00263000,263.0,normalDay
2020-07-23,2169.0,-2084.0,0.0,100,322.96,317.0,0,0.0,0.0,,0.0,1,41.08,67.88,SPY210331C00263000,263.0,normalDay
2020-07-24,2169.0,-2179.0,0.0,100,320.88,317.0,0,0.0,0.0,,0.0,1,41.08,66.75,SPY210331C00263000,263.0,normalDay
2020-07-27,2169.0,-2116.0,0.0,100,323.22,317.0,0,0.0,0.0,,0.0,1,41.08,68.46,SPY210331C00263000,263.0,normalDay
2020-07-28,2169.0,-2176.0,0.0,100,321.17,317.0,0,0.0,0.0,,0.0,1,41.08,67.01,SPY210331C00263000,263.0,normalDay
2020-07-29,2169.0,-2070.0,0.0,100,325.12,317.0,0,0.0,0.0,,0.0,1,41.08,69.9,SPY210331C00263000,263.0,normalDay
2020-07-30,2169.0,-2156.0,0.0,100,323.96,317.0,0,0.0,0.0,,0.0,1,41.08,69.6,SPY210331C00263000,263.0,normalDay
2020-07-31,2169.0,-2084.0,0.0,100,326.52,317.0,0,0.0,0.0,,0.0,1,41.08,71.44,SPY210331C00263000,263.0,normalDay
2020-08-03,2169.0,-2023.0,0.0,100,328.79,317.0,0,0.0,0.0,,0.0,1,41.08,73.1,SPY210331C00263000,263.0,normalDay
2020-08-04,2169.0,-1977.0,0.0,100,330.06,317.0,0,0.0,0.0,,0.0,1,41.08,73.91,SPY210331C00263000,263.0,normalDay
2020-08-05,2169.0,-1953.0,0.0,100,332.11,317.0,0,0.0,0.0,,0.0,1,41.08,75.72,SPY210331C00263000,263.0,normalDay
2020-08-06,2169.0,-1934.0,0.0,100,334.33,317.0,0,0.0,0.0,,0.0,1,41.08,77.75,SPY210331C00263000,263.0,normalDay
2020-08-07,2169.0,-1924.0,0.0,100,334.57,317.0,0,0.0,0.0,,0.0,1,41.08,77.89,SPY210331C00263000,263.0,normalDay
2020-08-10,2169.0,-1880.0,0.0,100,335.57,317.0,0,0.0,0.0,,0.0,1,41.08,78.45,SPY210331C00263000,263.0,normalDay
2020-08-11,2169.0,-1953.0,0.0,100,332.8,317.0,0,0.0,0.0,,0.0,1,41.08,76.41,SPY210331C00263000,263.0,normalDay
2020-08-12,2169.0,-1862.0,0.0,100,337.44,317.0,0,0.0,0.0,,0.0,1,41.08,80.14,SPY210331C00263000,263.0,normalDay
2020-08-13,2169.0,-1862.0,0.0,100,336.83,317.0,0,0.0,0.0,,0.0,1,41.08,79.53,SPY210331C00263000,263.0,normalDay
2020-08-14,2169.0,-1876.0,0.0,100,336.84,317.0,0,0.0,0.0,,0.0,1,41.08,79.68,SPY210331C00263000,263.0,normalDay
2020-08-17,2169.0,-1840.0,0.0,100,337.91,317.0,0,0.0,0.0,,0.0,1,41.08,80.39,SPY210331C00263000,263.0,normalDay
2020-08-18,2169.0,-1823.0,0.0,100,338.64,317.0,0,0.0,0.0,,0.0,1,41.08,80.95,SPY210331C00263000,263.0,normalDay
2020-08-19,2169.0,-1862.0,0.0,100,337.23,317.0,0,0.0,0.0,,0.0,1,41.08,79.93,SPY210331C00263000,263.0,normalDay
2020-08-20,2169.0,-1831.0,0.0,100,338.28,317.0,0,0.0,0.0,,0.0,1,41.08,80.67,SPY210331C00263000,263.0,normalDay
2020-08-21,2169.0,-1847.0,0.0,100,339.48,317.0,0,0.0,0.0,,0.0,1,41.08,82.03,SPY210331C00263000,263.0,normalDay
2020-08-24,2169.0,-1785.0,0.0,100,342.92,317.0,0,0.0,0.0,,0.0,1,41.08,84.85,SPY210331C00263000,263.0,normalDay
2020-08-25,2169.0,-1781.0,0.0,100,344.12,317.0,0,0.0,0.0,,0.0,1,41.08,86.01,SPY210331C00263000,263.0,normalDay
2020-08-26,2169.0,-1775.0,0.0,100,347.57,317.0,0,0.0,0.0,,0.0,1,41.08,89.4,SPY210331C00263000,263.0,normalDay
2020-08-27,2169.0,-1807.0,0.0,100,348.33,317.0,0,0.0,0.0,,0.0,1,41.08,90.48,SPY210331C00263000,263.0,normalDay
2020-08-28,2169.0,-1738.0,0.0,100,350.58,317.0,0,0.0,0.0,,0.0,1,41.08,92.04,SPY210331C00263000,263.0,normalDay
2020-08-31,2169.0,-1888.0,0.0,100,349.31,317.0,0,0.0,0.0,,0.0,1,41.08,92.27,SPY210331C00263000,263.0,normalDay
2020-09-01,2169.0,-1784.0,0.0,100,352.6,317.0,0,0.0,0.0,,0.0,1,41.08,94.52,SPY210331C00263000,263.0,normalDay
2020-09-02,2169.0,-1821.0,0.0,100,357.7,317.0,0,0.0,0.0,,0.0,1,41.08,99.99,SPY210331C00263000,263.0,normalDay
2020-09-03,2169.0,-2065.0,0.0,100,345.39,317.0,0,0.0,0.0,,0.0,1,41.08,90.12,SPY210331C00263000,263.0,normalDay
2020-09-04,2169.0,-1915.0,0.0,100,342.57,317.0,0,0.0,0.0,,0.0,1,41.08,85.8,SPY210331C00263000,263.0,normalDay
2020-09-08,2169.0,-2014.0,0.0,100,333.21,317.0,0,0.0,0.0,,0.0,1,41.08,77.43,SPY210331C00263000,263.0,normalDay
2020-09-09,2169.0,-1817.0,0.0,100,339.79,317.0,0,0.0,0.0,,0.0,1,41.08,82.04,SPY210331C00263000,263.0,normalDay
2020-09-10,2169.0,-1938.0,0.0,100,333.89,317.0,0,0.0,0.0,,0.0,1,41.08,77.35,SPY210331C00263000,263.0,normalDay
2020-09-11,2169.0,-1800.0,0.0,100,334.06,317.0,0,0.0,0.0,,0.0,1,41.08,76.14,SPY210331C00263000,263.0,normalDay
2020-09-14,2169.0,-1804.0,0.0,100,338.46,317.0,0,0.0,0.0,,0.0,1,41.08,80.58,SPY210331C00263000,263.0,normalDay
2020-09-15,2169.0,-1799.0,0.0,100,340.17,317.0,0,0.0,0.0,,0.0,1,41.08,82.24,SPY210331C00263000,263.0,normalDay
2020-09-16,2169.0,-1782.0,0.0,100,338.82,317.0,0,0.0,0.0,,0.0,1,41.08,80.72,SPY210331C00263000,263.0,normalDay
2020-09-17,2169.0,-1843.0,0.0,100,335.84,317.0,0,0.0,0.0,,0.0,1,41.08,78.35,SPY210331C00263000,263.0,normalDay
2020-09-18,2169.0,-1976.0,0.0,100,330.65,317.0,0,0.0,0.0,,0.0,1,41.08,74.49,SPY210331C00263000,263.0,normalDay
2020-09-21,2169.0,-2054.0,0.0,100,326.97,317.0,0,0.0,0.0,,0.0,1,41.08,71.59,SPY210331C00263000,263.0,normalDay
2020-09-22,2169.0,-1970.0,0.0,100,330.3,317.0,0,0.0,0.0,,0.0,1,41.08,74.08,SPY210331C00263000,263.0,normalDay
2020-09-23,2169.0,-2128.0,0.0,100,322.64,317.0,0,0.0,0.0,,0.0,1,41.08,68.0,SPY210331C00263000,263.0,normalDay
2020-09-24,2169.0,-2113.0,0.0,100,323.5,317.0,0,0.0,0.0,,0.0,1,41.08,68.71,SPY210331C00263000,263.0,normalDay
2020-09-25,2169.0,-1982.0,0.0,100,328.73,317.0,0,0.0,0.0,,0.0,1,41.08,72.63,SPY210331C00263000,263.0,normalDay
2020-09-28,2169.0,-1907.0,0.0,100,334.19,317.0,0,0.0,0.0,,0.0,1,41.08,77.34,SPY210331C00263000,263.0,normalDay
2020-09-29,2169.0,-1976.0,0.0,100,332.37,317.0,0,0.0,0.0,,0.0,1,41.08,76.21,SPY210331C00263000,263.0,normalDay
2020-09-30,2169.0,-1788.0,0.0,100,334.89,317.0,0,0.0,0.0,,0.0,1,41.08,76.85,SPY210331C00263000,263.0,normalDay
2020-10-01,2169.0,-1903.0,0.0,100,337.04,317.0,0,0.0,0.0,,0.0,1,41.08,80.15,SPY210331C00263000,263.0,normalDay
2020-10-02,2169.0,-1952.0,0.0,100,333.84,317.0,0,0.0,0.0,,0.0,1,41.08,77.44,SPY210331C00263000,263.0,normalDay
2020-10-05,2169.0,-1809.0,0.0,100,339.76,317.0,0,0.0,0.0,,0.0,1,41.08,81.93,SPY210331C00263000,263.0,normalDay
2020-10-06,2169.0,-1930.0,0.0,100,334.93,317.0,0,0.0,0.0,,0.0,1,41.08,78.31,SPY210331C00263000,263.0,normalDay
2020-10-07,2169.0,-1794.0,0.0,100,340.76,317.0,0,0.0,0.0,,0.0,1,41.08,82.78,SPY210331C00263000,263.0,normalDay
2020-10-08,2169.0,-1745.0,0.0,100,343.78,317.0,0,0.0,0.0,,0.0,1,41.08,85.31,SPY210331C00263000,263.0,normalDay
2020-10-09,2169.0,-1714.0,0.0,100,346.85,317.0,0,0.0,0.0,,0.0,1,41.08,88.07,SPY210331C00263000,263.0,normalDay
2020-10-12,2169.0,-1679.0,0.0,100,352.43,317.0,0,0.0,0.0,,0.0,1,41.08,93.3,SPY210331C00263000,263.0,normalDay
2020-10-13,2169.0,-1687.0,0.0,100,350.13,317.0,0,0.0,0.0,,0.0,1,41.08,91.08,SPY210331C00263000,263.0,normalDay
2020-10-14,2169.0,-1678.0,0.0,100,347.93,317.0,0,0.0,0.0,,0.0,1,41.08,88.79,SPY210331C00263000,263.0,normalDay
2020-10-15,2169.0,-1696.0,0.0,100,347.5,317.0,0,0.0,0.0,,0.0,1,41.08,88.54,SPY210331C00263000,263.0,normalDay
2020-10-16,2169.0,-1641.0,0.0,100,347.29,317.0,0,0.0,0.0,,0.0,1,41.08,87.78,SPY210331C00263000,263.0,normalDay
2020-10-19,2169.0,-1779.0,0.0,100,342.01,317.0,0,0.0,0.0,,0.0,1,41.08,83.88,SPY210331C00263000,263.0,normalDay
2020-10-20,2169.0,-1702.0,0.0,100,343.38,317.0,0,0.0,0.0,,0.0,1,41.08,84.48,SPY210331C00263000,263.0,normalDay
2020-10-21,2169.0,-1762.0,0.0,100,342.73,317.0,0,0.0,0.0,,0.0,1,41.08,84.43,SPY210331C00263000,263.0,normalDay
2020-10-22,2169.0,-1672.0,0.0,100,344.61,317.0,0,0.0,0.0,,0.0,1,41.08,85.41,SPY210331C00263000,263.0,normalDay
2020-10-23,2169.0,-1619.0,0.0,100,345.78,317.0,0,0.0,0.0,,0.0,1,41.08,86.05,SPY210331C00263000,263.0,normalDay
2020-10-26,2169.0,-1787.0,0.0,100,339.39,317.0,0,0.0,0.0,,0.0,1,41.08,81.34,SPY210331C00263000,263.0,normalDay
2020-10-27,2169.0,-1804.0,0.0,100,338.22,317.0,0,0.0,0.0,,0.0,1,41.08,80.34,SPY210331C00263000,263.0,normalDay
2020-10-28,2169.0,-2036.0,0.0,100,326.66,317.0,0,0.0,0.0,,0.0,1,41.08,71.1,SPY210331C00263000,263.0,normalDay
2020-10-29,2169.0,-1998.0,0.0,100,329.98,317.0,0,0.0,0.0,,0.0,1,41.08,74.04,SPY210331C00263000,263.0,normalDay
2020-10-30,2169.0,-2048.0,0.0,100,326.54,317.0,0,0.0,0.0,,0.0,1,41.08,71.1,SPY210331C00263000,263.0,normalDay
2020-11-02,2169.0,-1918.0,0.0,100,330.2,317.0,0,0.0,0.0,,0.0,1,41.08,73.46,SPY210331C00263000,263.0,normalDay
2020-11-03,2169.0,-1714.0,0.0,100,336.03,317.0,0,0.0,0.0,,0.0,1,41.08,77.25,SPY210331C00263000,263.0,normalDay
2020-11-04,2169.0,-1698.0,0.0,100,343.54,317.0,0,0.0,0.0,,0.0,1,41.08,84.6,SPY210331C00263000,263.0,normalDay
2020-11-05,2169.0,-1651.0,0.0,100,350.24,317.0,0,0.0,0.0,,0.0,1,41.08,90.83,SPY210331C00263000,263.0,normalDay
2020-11-06,2169.0,-1591.0,0.0,100,350.16,317.0,0,0.0,0.0,,0.0,1,41.08,90.15,SPY210331C00263000,263.0,normalDay
2020-11-09,2169.0,-1649.0,0.0,100,354.56,317.0,0,0.0,0.0,,0.0,1,41.08,95.13,SPY210331C00263000,263.0,normalDay
2020-11-10,2169.0,-1595.0,0.0,100,354.04,317.0,0,0.0,0.0,,0.0,1,41.08,94.07,SPY210331C00263000,263.0,normalDay
2020-11-11,2169.0,-1565.0,0.0,100,356.67,317.0,0,0.0,0.0,,0.0,1,41.08,96.4,SPY210331C00263000,263.0,normalDay
2020-11-12,2169.0,-1605.0,0.0,100,353.21,317.0,0,0.0,0.0,,0.0,1,41.08,93.34,SPY210331C00263000,263.0,normalDay
2020-11-13,2169.0,-1510.0,0.0,100,358.1,317.0,0,0.0,0.0,,0.0,1,41.08,97.28,SPY210331C00263000,263.0,normalDay
2020-11-16,2169.0,-1473.0,0.0,100,362.57,317.0,0,0.0,0.0,,0.0,1,41.08,101.38,SPY210331C00263000,263.0,normalDay
2020-11-17,2169.0,-1492.0,0.0,100,360.62,317.0,0,0.0,0.0,,0.0,1,41.08,99.62,SPY210331C00263000,263.0,normalDay
2020-11-18,2169.0,-1519.0,0.0,100,356.28,317.0,0,0.0,0.0,,0.0,1,41.08,95.55,SPY210331C00263000,263.0,normalDay
2020-11-19,2169.0,-1490.0,0.0,100,357.78,317.0,0,0.0,0.0,,0.0,1,41.08,96.76,SPY210331C00263000,263.0,normalDay
2020-11-20,2169.0,-1478.0,0.0,100,355.33,317.0,0,0.0,0.0,,0.0,1,41.08,94.19,SPY210331C00263000,263.0,normalDay
2020-11-23,2169.0,-1460.0,0.0,100,357.46,317.0,0,0.0,0.0,,0.0,1,41.08,96.14,SPY210331C00263000,263.0,normalDay
2020-11-24,2169.0,-1445.0,0.0,100,363.22,317.0,0,0.0,0.0,,0.0,1,41.08,101.75,SPY210331C00263000,263.0,normalDay
2020-11-25,2169.0,-1414.0,0.0,100,362.66,317.0,0,0.0,0.0,,0.0,1,41.08,100.88,SPY210331C00263000,263.0,normalDay
2020-11-27,2169.0,-1447.0,0.0,100,363.67,317.0,0,0.0,0.0,,0.0,1,41.08,102.22,SPY210331C00263000,263.0,normalDay
2020-11-30,2169.0,-1510.0,0.0,100,362.06,317.0,0,0.0,0.0,,0.0,1,41.08,101.24,SPY210331C00263000,263.0,normalDay
2020-12-01,2169.0,-1401.0,0.0,100,366.02,317.0,0,0.0,0.0,,0.0,1,41.08,104.11,SPY210331C00263000,263.0,normalDay
2020-12-02,2169.0,-1403.0,0.0,100,366.79,317.0,0,0.0,0.0,,0.0,1,41.08,104.9,SPY210331C00263000,263.0,normalDay
2020-12-03,2169.0,-1379.0,0.0,100,366.69,317.0,0,0.0,0.0,,0.0,1,41.08,104.56,SPY210331C00263000,263.0,normalDay
2020-12-04,2169.0,-1340.0,0.0,100,369.85,317.0,0,0.0,0.0,,0.0,1,41.08,107.33,SPY210331C00263000,263.0,normalDay
2020-12-07,2169.0,-1365.0,0.0,100,369.09,317.0,0,0.0,0.0,,0.0,1,41.08,106.82,SPY210331C00263000,263.0,normalDay
2020-12-08,2169.0,-1375.0,0.0,100,370.17,317.0,0,0.0,0.0,,0.0,1,41.08,108.0,SPY210331C00263000,263.0,normalDay
2020-12-09,2169.0,-1364.0,0.0,100,366.85,317.0,0,0.0,0.0,,0.0,1,41.08,104.57,SPY210331C00263000,263.0,normalDay
2020-12-10,2169.0,-1357.0,0.0,100,366.73,317.0,0,0.0,0.0,,0.0,1,41.08,104.38,SPY210331C00263000,263.0,normalDay
2020-12-11,2169.0,-1381.0,0.0,100,366.3,317.0,0,0.0,0.0,,0.0,1,41.08,104.19,SPY210331C00263000,263.0,normalDay
2020-12-14,2169.0,-1461.0,0.0,100,364.66,317.0,0,0.0,0.0,,0.0,1,41.08,103.35,SPY210331C00263000,263.0,normalDay
2020-12-15,2169.0,-1338.0,0.0,100,369.59,317.0,0,0.0,0.0,,0.0,1,41.08,107.05,SPY210331C00263000,263.0,normalDay
2020-12-16,2169.0,-1375.0,0.0,100,370.17,317.0,0,0.0,0.0,,0.0,1,41.08,108.0,SPY210331C00263000,263.0,normalDay
2020-12-17,2169.0,-1379.0,0.0,100,372.24,317.0,0,0.0,0.0,,0.0,1,41.08,110.11,SPY210331C00263000,263.0,normalDay
2020-12-18,2169.0,-1575.0,0.0,100,369.18,317.0,0,0.0,0.0,,0.0,1,41.08,109.01,SPY210331C00263000,263.0,normalDay
2020-12-21,2169.0,-1490.0,0.0,100,367.86,317.0,0,0.0,0.0,,0.0,1,41.08,106.84,SPY210331C00263000,263.0,normalDay
2020-12-22,2169.0,-1469.0,0.0,100,367.24,317.0,0,0.0,0.0,,0.0,1,41.08,106.01,SPY210331C00263000,263.0,normalDay
2020-12-23,2169.0,-1441.0,0.0,100,367.57,317.0,0,0.0,0.0,,0.0,1,41.08,106.06,SPY210331C00263000,263.0,normalDay
2020-12-24,2169.0,-1437.0,0.0,100,369.0,317.0,0,0.0,0.0,,0.0,1,41.08,107.45,SPY210331C00263000,263.0,normalDay
2020-12-28,2169.0,-1457.0,0.0,100,372.17,317.0,0,0.0,0.0,,0.0,1,41.08,110.82,SPY210331C00263000,263.0,normalDay
2020-12-29,2169.0,-1466.0,0.0,100,371.46,317.0,0,0.0,0.0,,0.0,1,41.08,110.2,SPY210331C00263000,263.0,normalDay
2020-12-30,2169.0,-1437.0,0.0,100,371.99,317.0,0,0.0,0.0,,0.0,1,41.08,110.44,SPY210331C00263000,263.0,normalDay
2020-12-31,2169.0,-1499.0,0.0,100,373.88,317.0,0,0.0,0.0,,0.0,1,41.08,112.95,SPY210331C00263000,263.0,normalDay
2021-01-04,2169.0,-1499.0,0.0,100,368.79,317.0,0,0.0,0.0,,0.0,1,41.08,107.86,SPY210331C00263000,263.0,normalDay
2021-01-05,2169.0,-1463.0,0.0,100,371.33,317.0,0,0.0,0.0,,0.0,1,41.08,110.04,SPY210331C00263000,263.0,normalDay
2021-01-06,2169.0,-1441.0,0.0,100,373.55,317.0,0,0.0,0.0,,0.0,1,41.08,112.04,SPY210331C00263000,263.0,normalDay
2021-01-07,2169.0,-1405.0,0.0,100,379.1,317.0,0,0.0,0.0,,0.0,1,41.08,117.23,SPY210331C00263000,263.0,normalDay
2021-01-08,2169.0,-1453.0,0.0,100,381.26,317.0,0,0.0,0.0,,0.0,1,41.08,119.87,SPY210331C00263000,263.0,normalDay
2021-01-11,2169.0,-1470.0,0.0,100,378.69,317.0,0,0.0,0.0,,0.0,1,41.08,117.47,SPY210331C00263000,263.0,normalDay
2021-01-12,2169.0,-1423.0,0.0,100,378.77,317.0,0,0.0,0.0,,0.0,1,41.08,117.08,SPY210331C00263000,263.0,normalDay
2021-01-13,2169.0,-1441.0,0.0,100,379.79,317.0,0,0.0,0.0,,0.0,1,41.08,118.28,SPY210331C00263000,263.0,normalDay
2021-01-14,2169.0,-1448.0,0.0,100,378.46,317.0,0,0.0,0.0,,0.0,1,41.08,117.02,SPY210331C00263000,263.0,normalDay
2021-01-15,2169.0,-1339.0,0.0,100,375.7,317.0,0,0.0,0.0,,0.0,1,41.08,113.17,SPY210331C00263000,263.0,normalDay
2021-01-19,2169.0,-1396.0,0.0,100,378.65,317.0,0,0.0,0.0,,0.0,1,41.08,116.69,SPY210331C00263000,263.0,normalDay
2021-01-20,2169.0,-1382.0,0.0,100,383.89,317.0,0,0.0,0.0,,0.0,1,41.08,121.79,SPY210331C00263000,263.0,normalDay
2021-01-21,2169.0,-1379.0,0.0,100,384.24,317.0,0,0.0,0.0,,0.0,1,41.08,122.11,SPY210331C00263000,263.0,normalDay
2021-01-22,2169.0,-1385.0,0.0,100,382.88,317.0,0,0.0,0.0,,0.0,1,41.08,120.81,SPY210331C00263000,263.0,normalDay
2021-01-25,2169.0,-1398.0,0.0,100,384.39,317.0,0,0.0,0.0,,0.0,1,41.08,122.45,SPY210331C00263000,263.0,normalDay
2021-01-26,2169.0,-1447.0,0.0,100,383.79,317.0,0,0.0,0.0,,0.0,1,41.08,122.34,SPY210331C00263000,263.0,normalDay
2021-01-27,2169.0,-1388.0,0.0,100,374.41,317.0,0,0.0,0.0,,0.0,1,41.08,112.37,SPY210331C00263000,263.0,normalDay
2021-01-28,2169.0,-1439.0,0.0,100,377.63,317.0,0,0.0,0.0,,0.0,1,41.08,116.1,SPY210331C00263000,263.0,normalDay
2021-01-29,2169.0,-1400.0,0.0,100,370.07,317.0,0,0.0,0.0,,0.0,1,41.08,108.15,SPY210331C00263000,263.0,normalDay
2021-02-01,2169.0,-1354.0,0.0,100,376.23,317.0,0,0.0,0.0,,0.0,1,41.08,113.85,SPY210331C00263000,263.0,normalDay
2021-02-02,2169.0,-1453.0,0.0,100,381.55,317.0,0,0.0,0.0,,0.0,1,41.08,120.16,SPY210331C00263000,263.0,normalDay
2021-02-03,2169.0,-1423.0,0.0,100,381.85,317.0,0,0.0,0.0,,0.0,1,41.08,120.16,SPY210331C00263000,263.0,normalDay
2021-02-04,2169.0,-1366.0,0.0,100,386.19,317.0,0,0.0,0.0,,0.0,1,41.08,123.93,SPY210331C00263000,263.0,normalDay
2021-02-05,2169.0,-1359.0,0.0,100,387.71,317.0,0,0.0,0.0,,0.0,1,41.08,125.38,SPY210331C00263000,263.0,normalDay
2021-02-08,2169.0,-1354.0,0.0,100,390.51,317.0,0,0.0,0.0,,0.0,1,41.08,128.13,SPY210331C00263000,263.0,normalDay
2021-02-09,2169.0,-1395.0,0.0,100,390.25,317.0,0,0.0,0.0,,0.0,1,41.08,128.28,SPY210331C00263000,263.0,normalDay
2021-02-10,2169.0,-1361.0,0.0,100,390.08,317.0,0,0.0,0.0,,0.0,1,41.08,127.77,SPY210331C00263000,263.0,normalDay
2021-02-11,2169.0,-1322.0,0.0,100,390.71,317.0,0,0.0,0.0,,0.0,1,41.08,128.01,SPY210331C00263000,263.0,normalDay
2021-02-12,2169.0,-1378.0,0.0,100,392.64,317.0,0,0.0,0.0,,0.0,1,41.08,130.5,SPY210331C00263000,263.0,normalDay
2021-02-16,2169.0,-1329.0,0.0,100,392.3,317.0,0,0.0,0.0,,0.0,1,41.08,129.67,SPY210331C00263000,263.0,normalDay
2021-02-17,2169.0,-1330.0,0.0,100,392.39,317.0,0,0.0,0.0,,0.0,1,41.08,129.77,SPY210331C00263000,263.0,normalDay
2021-02-18,2169.0,-1337.0,0.0,100,390.72,317.0,0,0.0,0.0,,0.0,1,41.08,128.17,SPY210331C00263000,263.0,normalDay
2021-02-19,2169.0,-1311.0,0.0,100,390.03,317.0,0,0.0,0.0,,0.0,1,41.08,127.22,SPY210331C00263000,263.0,normalDay
2021-02-22,2169.0,-1341.0,0.0,100,387.03,317.0,0,0.0,0.0,,0.0,1,41.08,124.52,SPY210331C00263000,263.0,normalDay
2021-02-23,2169.0,-1323.0,0.0,100,387.5,317.0,0,0.0,0.0,,0.0,1,41.08,124.81,SPY210331C00263000,263.0,normalDay
2021-02-24,2169.0,-1375.0,0.0,100,391.77,317.0,0,0.0,0.0,,0.0,1,41.08,129.6,SPY210331C00263000,263.0,normalDay
2021-02-25,2169.0,-1457.0,0.0,100,382.33,317.0,0,0.0,0.0,,0.0,1,41.08,120.98,SPY210331C00263000,263.0,normalDay
2021-02-26,2169.0,-1391.0,0.0,100,380.36,317.0,0,0.0,0.0,,0.0,1,41.08,118.35,SPY210331C00263000,263.0,normalDay
2021-03-01,2169.0,-1301.0,0.0,100,389.58,317.0,0,0.0,0.0,,0.0,1,41.08,126.67,SPY210331C00263000,263.0,normalDay
2021-03-02,2169.0,-1310.0,0.0,100,386.54,317.0,0,0.0,0.0,,0.0,1,41.08,123.72,SPY210331C00263000,263.0,normalDay
2021-03-03,2169.0,-1324.0,0.0,100,381.42,317.0,0,0.0,0.0,,0.0,1,41.08,118.74,SPY210331C00263000,263.0,normalDay
2021-03-04,2169.0,-1362.0,0.0,100,376.7,317.0,0,0.0,0.0,,0.0,1,41.08,114.4,SPY210331C00263000,263.0,normalDay
2021-03-05,2169.0,-1339.0,0.0,100,383.63,317.0,0,0.0,0.0,,0.0,1,41.08,121.1,SPY210331C00263000,263.0,normalDay
2021-03-08,2169.0,-1371.0,0.0,100,381.72,317.0,0,0.0,0.0,,0.0,1,41.08,119.51,SPY210331C00263000,263.0,normalDay
2021-03-09,2169.0,-1322.0,0.0,100,387.17,317.0,0,0.0,0.0,,0.0,1,41.08,124.47,SPY210331C00263000,263.0,normalDay
2021-03-10,2169.0,-1371.0,0.0,100,389.58,317.0,0,0.0,0.0,,0.0,1,41.08,127.37,SPY210331C00263000,263.0,normalDay
2021-03-11,2169.0,-1299.0,0.0,100,393.53,317.0,0,0.0,0.0,,0.0,1,41.08,130.6,SPY210331C00263000,263.0,normalDay
2021-03-12,2169.0,-1347.0,0.0,100,394.06,317.0,0,0.0,0.0,,0.0,1,41.08,131.61,SPY210331C00263000,263.0,normalDay
2021-03-15,2169.0,-1338.0,0.0,100,396.41,317.0,0,0.0,0.0,,0.0,1,41.08,133.87,SPY210331C00263000,263.0,normalDay
2021-03-16,2169.0,-1326.0,0.0,100,395.91,317.0,0,0.0,0.0,,0.0,1,41.08,133.25,SPY210331C00263000,263.0,normalDay
2021-03-17,2169.0,-1296.0,0.0,100,397.26,317.0,0,0.0,0.0,,0.0,1,41.08,134.3,SPY210331C00263000,263.0,normalDay
2021-03-18,2169.0,-1389.0,0.0,100,391.48,317.0,0,0.0,0.0,,0.0,1,41.08,129.45,SPY210331C00263000,263.0,normalDay
2021-03-19,2169.0,-1296.0,0.0,100,389.48,317.0,0,0.0,0.0,,0.0,1,41.08,126.52,SPY210331C00263000,263.0,normalDay
2021-03-22,2169.0,-1321.0,0.0,100,392.59,317.0,0,0.0,0.0,,0.0,1,41.08,129.88,SPY210331C00263000,263.0,normalDay
2021-03-23,2169.0,-1334.0,0.0,100,389.5,317.0,0,0.0,0.0,,0.0,1,41.08,126.92,SPY210331C00263000,263.0,normalDay
2021-03-24,2169.0,-1317.0,0.0,100,387.52,317.0,0,0.0,0.0,,0.0,1,41.08,124.77,SPY210331C00263000,263.0,normalDay
2021-03-25,2169.0,-1316.0,0.0,100,389.7,317.0,0,0.0,0.0,,0.0,1,41.08,126.94,SPY210331C00263000,263.0,normalDay
2021-03-26,2169.0,-1284.0,0.0,100,395.98,317.0,0,0.0,0.0,,0.0,1,41.08,132.9,SPY210331C00263000,263.0,normalDay
2021-03-29,2169.0,-1289.0,0.0,100,395.78,317.0,0,0.0,0.0,,0.0,1,41.08,132.75,SPY210331C00263000,263.0,normalDay
2021-03-30,2169.0,-1268.0,0.0,100,394.73,317.0,0,0.0,0.0,,0.0,1,41.08,131.49,SPY210331C00263000,263.0,normalDay
2021-03-31,877.0,-1268.0,-1292.0,0,396.33,0.0,0,0.0,0.0,,0.0,1,41.08,0.0,SPY210331C00263000,263.0,expirationDay
2021-04-01,877.0,-5.0,0.0,0,400.61,0.0,1,6.3,6.35,SPY210618P00381000,381.0,0,0.0,0.0,,0.0,normalDay
2021-04-05,877.0,115.0,0.0,0,406.36,0.0,1,6.3,5.15,SPY210618P00381000,381.0,0,0.0,0.0,,0.0,normalDay
2021-04-06,877.0,104.0,0.0,0,406.12,0.0,1,6.3,5.26,SPY210618P00381000,381.0,0,0.0,0.0,,0.0,normalDay
2021-04-07,877.0,142.0,0.0,0,406.59,0.0,1,6.3,4.88,SPY210618P00381000,381.0,0,0.0,0.0,,0.0,normalDay
2021-04-08,877.0,171.0,0.0,0,408.52,0.0,1,6.3,4.59,SPY210618P00381000,381.0,0,0.0,0.0,,0.0,normalDay
2021-04-09,877.0,202.0,0.0,0,411.49,0.0,1,6.3,4.28,SPY210618P00381000,381.0,0,0.0,0.0,,0.0,normalDay
2021-04-12,877.0,225.0,0.0,0,411.64,0.0,1,6.3,4.05,SPY210618P00381000,381.0,0,0.0,0.0,,0.0,normalDay
2021-04-13,877.0,257.0,0.0,0,412.86,0.0,1,6.3,3.73,SPY210618P00381000,381.0,0,0.0,0.0,,0.0,normalDay
2021-04-14,877.0,239.0,0.0,0,411.45,0.0,1,6.3,3.91,SPY210618P00381000,381.0,0,0.0,0.0,,0.0,normalDay
2021-04-15,877.0,298.0,0.0,0,415.87,0.0,1,6.3,3.32,SPY210618P00381000,381.0,0,0.0,0.0,,0.0,normalDay
2021-04-16,877.0,319.0,0.0,0,417.26,0.0,1,6.3,3.11,SPY210618P00381000,381.0,0,0.0,0.0,,0.0,normalDay
2021-04-19,877.0,283.0,0.0,0,415.21,0.0,1,6.3,3.47,SPY210618P00381000,381.0,0,0.0,0.0,,0.0,normalDay
2021-04-20,877.0,214.0,0.0,0,412.17,0.0,1,6.3,4.16,SPY210618P00381000,381.0,0,0.0,0.0,,0.0,normalDay
2021-04-21,877.0,304.0,0.0,0,416.07,0.0,1,6.3,3.26,SPY210618P00381000,381.0,0,0.0,0.0,,0.0,normalDay
2021-04-22,877.0,227.0,0.0,0,412.27,0.0,1,6.3,4.03,SPY210618P00381000,381.0,0,0.0,0.0,,0.0,normalDay
2021-04-23,877.0,324.0,0.0,0,416.74,0.0,1,6.3,3.06,SPY210618P00381000,381.0,0,0.0,0.0,,0.0,normalDay
2021-04-26,877.0,351.0,0.0,0,417.61,0.0,1,6.3,2.79,SPY210618P00381000,381.0,0,0.0,0.0,,0.0,normalDay
2021-04-27,877.0,360.0,0.0,0,417.52,0.0,1,6.3,2.7,SPY210618P00381000,381.0,0,0.0,0.0,,0.0,normalDay
2021-04-28,877.0,380.0,0.0,0,417.4,0.0,1,6.3,2.5,SPY210618P00381000,381.0,0,0.0,0.0,,0.0,normalDay
2021-04-29,877.0,395.0,0.0,0,420.06,0.0,1,6.3,2.35,SPY210618P00381000,381.0,0,0.0,0.0,,0.0,normalDay
2021-04-30,877.0,361.0,0.0,0,417.3,0.0,1,6.3,2.69,SPY210618P00381000,381.0,0,0.0,0.0,,0.0,normalDay
2021-05-03,877.0,392.0,0.0,0,418.2,0.0,1,6.3,2.38,SPY210618P00381000,381.0,0,0.0,0.0,,0.0,normalDay
2021-05-04,877.0,347.0,0.0,0,415.62,0.0,1,6.3,2.83,SPY210618P00381000,381.0,0,0.0,0.0,,0.0,normalDay
2021-05-05,877.0,364.0,0.0,0,415.75,0.0,1,6.3,2.66,SPY210618P00381000,381.0,0,0.0,0.0,,0.0,normalDay
2021-05-06,877.0,415.0,0.0,0,419.07,0.0,1,6.3,2.15,SPY210618P00381000,381.0,0,0.0,0.0,,0.0,normalDay
2021-05-07,877.0,467.0,0.0,0,422.12,0.0,1,6.3,1.63,SPY210618P00381000,381.0,0,0.0,0.0,,0.0,normalDay
2021-05-10,877.0,409.0,0.0,0,417.94,0.0,1,6.3,2.21,SPY210618P00381000,381.0,0,0.0,0.0,,0.0,normalDay
2021-05-11,877.0,345.0,0.0,0,414.21,0.0,1,6.3,2.85,SPY210618P00381000,381.0,0,0.0,0.0,,0.0,normalDay
2021-05-12,877.0,92.0,0.0,0,405.41,0.0,1,6.3,5.38,SPY210618P00381000,381.0,0,0.0,0.0,,0.0,normalDay
2021-05-13,877.0,275.0,0.0,0,410.28,0.0,1,6.3,3.55,SPY210618P00381000,381.0,0,0.0,0.0,,0.0,normalDay
2021-05-14,877.0,444.0,0.0,0,416.58,0.0,1,6.3,1.86,SPY210618P00381000,381.0,0,0.0,0.0,,0.0,normalDay
2021-05-17,877.0,437.0,0.0,0,415.52,0.0,1,6.3,1.93,SPY210618P00381000,381.0,0,0.0,0.0,,0.0,normalDay
2021-05-18,877.0,385.0,0.0,0,411.94,0.0,1,6.3,2.45,SPY210618P00381000,381.0,0,0.0,0.0,,0.0,normalDay
2021-05-19,877.0,373.0,0.0,0,410.86,0.0,1,6.3,2.57,SPY210618P00381000,381.0,0,0.0,0.0,,0.0,normalDay
2021-05-20,877.0,442.0,0.0,0,415.28,0.0,1,6.3,1.88,SPY210618P00381000,381.0,0,0.0,0.0,,0.0,normalDay
2021-05-21,877.0,458.0,0.0,0,414.94,0.0,1,6.3,1.72,SPY210618P00381000,381.0,0,0.0,0.0,,0.0,normalDay
2021-05-24,877.0,528.0,0.0,0,419.17,0.0,1,6.3,1.02,SPY210618P00381000,381.0,0,0.0,0.0,,0.0,normalDay
2021-05-25,877.0,526.0,0.0,0,418.24,0.0,1,6.3,1.04,SPY210618P00381000,381.0,0,0.0,0.0,,0.0,normalDay
2021-05-26,877.0,555.0,0.0,0,419.07,0.0,1,6.3,0.75,SPY210618P00381000,381.0,0,0.0,0.0,,0.0,normalDay
2021-05-27,877.0,568.0,0.0,0,419.29,0.0,1,6.3,0.62,SPY210618P00381000,381.0,0,0.0,0.0,,0.0,normalDay
2021-05-28,877.0,571.0,0.0,0,420.04,0.0,1,6.3,0.59,SPY210618P00381000,381.0,0,0.0,0.0,,0.0,normalDay
2021-06-01,877.0,577.0,0.0,0,419.67,0.0,1,6.3,0.53,SPY210618P00381000,381.0,0,0.0,0.0,,0.0,normalDay
2021-06-02,877.0,590.0,0.0,0,420.33,0.0,1,6.3,0.4,SPY210618P00381000,381.0,0,0.0,0.0,,0.0,normalDay
2021-06-03,877.0,590.0,0.0,0,418.77,0.0,1,6.3,0.4,SPY210618P00381000,381.0,0,0.0,0.0,,0.0,normalDay
2021-06-04,877.0,606.0,0.0,0,422.6,0.0,1,6.3,0.24,SPY210618P00381000,381.0,0,0.0,0.0,,0.0,normalDay
2021-06-07,877.0,612.0,0.0,0,422.19,0.0,1,6.3,0.18,SPY210618P00381000,381.0,0,0.0,0.0,,0.0,normalDay
2021-06-08,877.0,609.0,0.0,0,422.28,0.0,1,6.3,0.21,SPY210618P00381000,381.0,0,0.0,0.0,,0.0,normalDay
2021-06-09,877.0,606.0,0.0,0,421.65,0.0,1,6.3,0.24,SPY210618P00381000,381.0,0,0.0,0.0,,0.0,normalDay
2021-06-10,877.0,617.0,0.0,0,423.61,0.0,1,6.3,0.13,SPY210618P00381000,381.0,0,0.0,0.0,,0.0,normalDay
2021-06-11,877.0,619.0,0.0,0,424.31,0.0,1,6.3,0.11,SPY210618P00381000,381.0,0,0.0,0.0,,0.0,normalDay
2021-06-14,877.0,623.0,0.0,0,425.26,0.0,1,6.3,0.07,SPY210618P00381000,381.0,0,0.0,0.0,,0.0,normalDay
2021-06-15,877.0,623.0,0.0,0,424.48,0.0,1,6.3,0.07,SPY210618P00381000,381.0,0,0.0,0.0,,0.0,normalDay
2021-06-16,877.0,621.0,0.0,0,422.11,0.0,1,6.3,0.09,SPY210618P00381000,381.0,0,0.0,0.0,,0.0,normalDay
2021-06-17,877.0,627.0,0.0,0,421.97,0.0,1,6.3,0.03,SPY210618P00381000,381.0,0,0.0,0.0,,0.0,normalDay
2021-06-18,1507.0,0.0,630.0,0,414.92,0.0,1,6.3,0.0,SPY210618P00381000,381.0,0,0.0,0.0,,0.0,expirationDay
2021-06-21,1507.0,-3.0,0.0,0,420.86,0.0,1,7.78,7.81,SPY210820P00415000,415.0,0,0.0,0.0,,0.0,normalDay
2021-06-22,1507.0,103.0,0.0,0,423.11,0.0,1,7.78,6.75,SPY210820P00415000,415.0,0,0.0,0.0,,0.0,normalDay
2021-06-23,1507.0,124.0,0.0,0,422.6,0.0,1,7.78,6.54,SPY210820P00415000,415.0,0,0.0,0.0,,0.0,normalDay
2021-06-24,1507.0,206.0,0.0,0,425.1,0.0,1,7.78,5.72,SPY210820P00415000,415.0,0,0.0,0.0,,0.0,normalDay
2021-06-25,1507.0,269.0,0.0,0,426.61,0.0,1,7.78,5.09,SPY210820P00415000,415.0,0,0.0,0.0,,0.0,normalDay
2021-06-28,1507.0,303.0,0.0,0,427.47,0.0,1,7.78,4.75,SPY210820P00415000,415.0,0,0.0,0.0,,0.0,normalDay
2021-06-29,1507.0,311.0,0.0,0,427.7,0.0,1,7.78,4.67,SPY210820P00415000,415.0,0,0.0,0.0,,0.0,normalDay
2021-06-30,1507.0,332.0,0.0,0,428.06,0.0,1,7.78,4.46,SPY210820P00415000,415.0,0,0.0,0.0,,0.0,normalDay
2021-07-01,1507.0,374.0,0.0,0,430.43,0.0,1,7.78,4.04,SPY210820P00415000,415.0,0,0.0,0.0,,0.0,normalDay
2021-07-02,1507.0,435.0,0.0,0,433.72,0.0,1,7.78,3.43,SPY210820P00415000,415.0,0,0.0,0.0,,0.0,normalDay
2021-07-06,1507.0,411.0,0.0,0,432.93,0.0,1,7.78,3.67,SPY210820P00415000,415.0,0,0.0,0.0,,0.0,normalDay
2021-07-07,1507.0,438.0,0.0,0,434.46,0.0,1,7.78,3.4,SPY210820P00415000,415.0,0,0.0,0.0,,0.0,normalDay
2021-07-08,1507.0,312.0,0.0,0,430.92,0.0,1,7.78,4.66,SPY210820P00415000,415.0,0,0.0,0.0,,0.0,normalDay
2021-07-09,1507.0,469.0,0.0,0,435.52,0.0,1,7.78,3.09,SPY210820P00415000,415.0,0,0.0,0.0,,0.0,normalDay
2021-07-12,1507.0,507.0,0.0,0,437.08,0.0,1,7.78,2.71,SPY210820P00415000,415.0,0,0.0,0.0,,0.0,normalDay
2021-07-13,1507.0,461.0,0.0,0,435.59,0.0,1,7.78,3.17,SPY210820P00415000,415.0,0,0.0,0.0,,0.0,normalDay
2021-07-14,1507.0,505.0,0.0,0,436.24,0.0,1,7.78,2.73,SPY210820P00415000,415.0,0,0.0,0.0,,0.0,normalDay
2021-07-15,1507.0,473.0,0.0,0,434.75,0.0,1,7.78,3.05,SPY210820P00415000,415.0,0,0.0,0.0,,0.0,normalDay
2021-07-16,1507.0,398.0,0.0,0,431.34,0.0,1,7.78,3.8,SPY210820P00415000,415.0,0,0.0,0.0,,0.0,normalDay
2021-07-19,1507.0,186.0,0.0,0,424.97,0.0,1,7.78,5.92,SPY210820P00415000,415.0,0,0.0,0.0,,0.0,normalDay
2021-07-20,1507.0,386.0,0.0,0,431.06,0.0,1,7.78,3.92,SPY210820P00415000,415.0,0,0.0,0.0,,0.0,normalDay
2021-07-21,1507.0,507.0,0.0,0,434.55,0.0,1,7.78,2.71,SPY210820P00415000,415.0,0,0.0,0.0,,0.0,normalDay
2021-07-22,1507.0,531.0,0.0,0,435.46,0.0,1,7.78,2.47,SPY210820P00415000,415.0,0,0.0,0.0,,0.0,normalDay
2021-07-23,1507.0,594.0,0.0,0,439.94,0.0,1,7.78,1.84,SPY210820P00415000,415.0,0,0.0,0.0,,0.0,normalDay
2021-07-26,1507.0,627.0,0.0,0,441.02,0.0,1,7.78,1.51,SPY210820P00415000,415.0,0,0.0,0.0,,0.0,normalDay
2021-07-27,1507.0,578.0,0.0,0,439.01,0.0,1,7.78,2.0,SPY210820P00415000,415.0,0,0.0,0.0,,0.0,normalDay
2021-07-28,1507.0,610.0,0.0,0,438.83,0.0,1,7.78,1.68,SPY210820P00415000,415.0,0,0.0,0.0,,0.0,normalDay
2021-07-29,1507.0,651.0,0.0,0,440.65,0.0,1,7.78,1.27,SPY210820P00415000,415.0,0,0.0,0.0,,0.0,normalDay
2021-07-30,1507.0,634.0,0.0,0,438.51,0.0,1,7.78,1.44,SPY210820P00415000,415.0,0,0.0,0.0,,0.0,normalDay
2021-08-02,1507.0,630.0,0.0,0,437.59,0.0,1,7.78,1.48,SPY210820P00415000,415.0,0,0.0,0.0,,0.0,normalDay
2021-08-03,1507.0,691.0,0.0,0,441.15,0.0,1,7.78,0.87,SPY210820P00415000,415.0,0,0.0,0.0,,0.0,normalDay
2021-08-04,1507.0,690.0,0.0,0,438.98,0.0,1,7.78,0.88,SPY210820P00415000,415.0,0,0.0,0.0,,0.0,normalDay
2021-08-05,1507.0,716.0,0.0,0,441.76,0.0,1,7.78,0.62,SPY210820P00415000,415.0,0,0.0,0.0,,0.0,normalDay
2021-08-06,1507.0,742.0,0.0,0,442.49,0.0,1,7.78,0.36,SPY210820P00415000,415.0,0,0.0,0.0,,0.0,normalDay
2021-08-09,1507.0,747.0,0.0,0,442.13,0.0,1,7.78,0.31,SPY210820P00415000,415.0,0,0.0,0.0,,0.0,normalDay
2021-08-10,1507.0,747.0,0.0,0,442.68,0.0,1,7.78,0.31,SPY210820P00415000,415.0,0,0.0,0.0,,0.0,normalDay
2021-08-11,1507.0,761.0,0.0,0,443.78,0.0,1,7.78,0.17,SPY210820P00415000,415.0,0,0.0,0.0,,0.0,normalDay
2021-08-12,1507.0,765.0,0.0,0,445.11,0.0,1,7.78,0.13,SPY210820P00415000,415.0,0,0.0,0.0,,0.0,normalDay
2021-08-13,1507.0,768.0,0.0,0,445.92,0.0,1,7.78,0.1,SPY210820P00415000,415.0,0,0.0,0.0,,0.0,normalDay
2021-08-16,1507.0,771.0,0.0,0,446.97,0.0,1,7.78,0.07,SPY210820P00415000,415.0,0,0.0,0.0,,0.0,normalDay
2021-08-17,1507.0,769.0,0.0,0,444.04,0.0,1,7.78,0.09,SPY210820P00415000,415.0,0,0.0,0.0,,0.0,normalDay
2021-08-18,1507.0,756.0,0.0,0,439.18,0.0,1,7.78,0.22,SPY210820P00415000,415.0,0,0.0,0.0,,0.0,normalDay
2021-08-19,1507.0,772.0,0.0,0,439.86,0.0,1,7.78,0.06,SPY210820P00415000,415.0,0,0.0,0.0,,0.0,normalDay
2021-08-20,2285.0,0.0,778.0,0,443.36,0.0,1,7.78,0.0,SPY210820P00415000,415.0,0,0.0,0.0,,0.0,expirationDay
2021-08-23,2285.0,-4.0,0.0,0,447.26,0.0,1,6.3,6.34,SPY211015P00435000,435.0,0,0.0,0.0,,0.0,normalDay
2021-08-24,2285.0,16.0,0.0,0,447.97,0.0,1,6.3,6.14,SPY211015P00435000,435.0,0,0.0,0.0,,0.0,normalDay
2021-08-25,2285.0,70.0,0.0,0,448.91,0.0,1,6.3,5.6,SPY211015P00435000,435.0,0,0.0,0.0,,0.0,normalDay
2021-08-26,2285.0,-41.0,0.0,0,446.26,0.0,1,6.3,6.71,SPY211015P00435000,435.0,0,0.0,0.0,,0.0,normalDay
2021-08-27,2285.0,128.0,0.0,0,450.25,0.0,1,6.3,5.02,SPY211015P00435000,435.0,0,0.0,0.0,,0.0,normalDay
2021-08-30,2285.0,185.0,0.0,0,452.23,0.0,1,6.3,4.45,SPY211015P00435000,435.0,0,0.0,0.0,,0.0,normalDay
2021-08-31,2285.0,187.0,0.0,0,451.56,0.0,1,6.3,4.43,SPY211015P00435000,435.0,0,0.0,0.0,,0.0,normalDay
2021-09-01,2285.0,215.0,0.0,0,451.8,0.0,1,6.3,4.15,SPY211015P00435000,435.0,0,0.0,0.0,,0.0,normalDay
2021-09-02,2285.0,241.0,0.0,0,453.19,0.0,1,6.3,3.89,SPY211015P00435000,435.0,0,0.0,0.0,,0.0,normalDay
2021-09-03,2285.0,243.0,0.0,0,453.08,0.0,1,6.3,3.87,SPY211015P00435000,435.0,0,0.0,0.0,,0.0,normalDay
2021-09-07,2285.0,205.0,0.0,0,451.46,0.0,1,6.3,4.25,SPY211015P00435000,435.0,0,0.0,0.0,,0.0,normalDay
2021-09-08,2285.0,206.0,0.0,0,450.91,0.0,1,6.3,4.24,SPY211015P00435000,435.0,0,0.0,0.0,,0.0,normalDay
2021-09-09,2285.0,143.0,0.0,0,448.98,0.0,1,6.3,4.87,SPY211015P00435000,435.0,0,0.0,0.0,,0.0,normalDay
2021-09-10,2285.0,41.0,0.0,0,445.44,0.0,1,6.3,5.89,SPY211015P00435000,435.0,0,0.0,0.0,,0.0,normalDay
2021-09-13,2285.0,142.0,0.0,0,446.58,0.0,1,6.3,4.88,SPY211015P00435000,435.0,0,0.0,0.0,,0.0,normalDay
2021-09-14,2285.0,80.0,0.0,0,444.17,0.0,1,6.3,5.5,SPY211015P00435000,435.0,0,0.0,0.0,,0.0,normalDay
2021-09-15,2285.0,224.0,0.0,0,447.88,0.0,1,6.3,4.06,SPY211015P00435000,435.0,0,0.0,0.0,,0.0,normalDay
2021-09-16,2285.0,202.0,0.0,0,447.17,0.0,1,6.3,4.28,SPY211015P00435000,435.0,0,0.0,0.0,,0.0,normalDay
2021-09-17,2285.0,35.0,0.0,0,441.4,0.0,1,6.3,5.95,SPY211015P00435000,435.0,0,0.0,0.0,,0.0,normalDay
2021-09-20,2285.0,-317.0,0.0,0,434.04,0.0,1,6.3,9.47,SPY211015P00435000,435.0,0,0.0,0.0,,0.0,normalDay
2021-09-21,2285.0,-294.0,0.0,0,433.63,0.0,1,6.3,9.24,SPY211015P00435000,435.0,0,0.0,0.0,,0.0,normalDay
2021-09-22,2285.0,9.0,0.0,0,437.86,0.0,1,6.3,6.21,SPY211015P00435000,435.0,0,0.0,0.0,,0.0,normalDay
2021-09-23,2285.0,243.0,0.0,0,443.18,0.0,1,6.3,3.87,SPY211015P00435000,435.0,0,0.0,0.0,,0.0,normalDay
2021-09-24,2285.0,300.0,0.0,0,443.91,0.0,1,6.3,3.3,SPY211015P00435000,435.0,0,0.0,0.0,,0.0,normalDay
2021-09-27,2285.0,281.0,0.0,0,442.64,0.0,1,6.3,3.49,SPY211015P00435000,435.0,0,0.0,0.0,,0.0,normalDay
2021-09-28,2285.0,-119.0,0.0,0,433.72,0.0,1,6.3,7.49,SPY211015P00435000,435.0,0,0.0,0.0,,0.0,normalDay
2021-09-29,2285.0,-50.0,0.0,0,434.45,0.0,1,6.3,6.8,SPY211015P00435000,435.0,0,0.0,0.0,,0.0,normalDay
2021-09-30,2285.0,-306.0,0.0,0,429.14,0.0,1,6.3,9.36,SPY211015P00435000,435.0,0,0.0,0.0,,0.0,normalDay
2021-10-01,2285.0,19.0,0.0,0,434.24,0.0,1,6.3,6.11,SPY211015P00435000,435.0,0,0.0,0.0,,0.0,normalDay
2021-10-04,2285.0,-275.0,0.0,0,428.64,0.0,1,6.3,9.05,SPY211015P00435000,435.0,0,0.0,0.0,,0.0,normalDay
2021-10-05,2285.0,29.0,0.0,0,433.1,0.0,1,6.3,6.01,SPY211015P00435000,435.0,0,0.0,0.0,,0.0,normalDay
2021-10-06,2285.0,131.0,0.0,0,434.9,0.0,1,6.3,4.99,SPY211015P00435000,435.0,0,0.0,0.0,,0.0,normalDay
2021-10-07,2285.0,344.0,0.0,0,438.66,0.0,1,6.3,2.86,SPY211015P00435000,435.0,0,0.0,0.0,,0.0,normalDay
2021-10-08,2285.0,350.0,0.0,0,437.86,0.0,1,6.3,2.8,SPY211015P00435000,435.0,0,0.0,0.0,,0.0,normalDay
2021-10-11,2285.0,252.0,0.0,0,434.69,0.0,1,6.3,3.78,SPY211015P00435000,435.0,0,0.0,0.0,,0.0,normalDay
2021-10-12,2285.0,219.0,0.0,0,433.62,0.0,1,6.3,4.11,SPY211015P00435000,435.0,0,0.0,0.0,,0.0,normalDay
2021-10-13,2285.0,428.0,0.0,0,435.18,0.0,1,6.3,2.02,SPY211015P00435000,435.0,0,0.0,0.0,,0.0,normalDay
2021-10-14,2285.0,617.0,0.0,0,442.5,0.0,1,6.3,0.13,SPY211015P00435000,435.0,0,0.0,0.0,,0.0,normalDay
2021-10-15,2915.0,0.0,630.0,0,445.87,0.0,1,6.3,0.0,SPY211015P00435000,435.0,0,0.0,0.0,,0.0,expirationDay
2021-10-18,2915.0,-5.0,0.0,0,447.19,0.0,1,6.58,6.63,SPY211231P00425000,425.0,0,0.0,0.0,,0.0,normalDay
2021-10-19,2915.0,90.0,0.0,0,450.64,0.0,1,6.58,5.68,SPY211231P00425000,425.0,0,0.0,0.0,,0.0,normalDay
2021-10-20,2915.0,115.0,0.0,0,452.41,0.0,1,6.58,5.43,SPY211231P00425000,425.0,0,0.0,0.0,,0.0,normalDay
2021-10-21,2915.0,158.0,0.0,0,453.59,0.0,1,6.58,5.0,SPY211231P00425000,425.0,0,0.0,0.0,,0.0,normalDay
2021-10-22,2915.0,124.0,0.0,0,453.12,0.0,1,6.58,5.34,SPY211231P00425000,425.0,0,0.0,0.0,,0.0,normalDay
2021-10-25,2915.0,190.0,0.0,0,455.55,0.0,1,6.58,4.68,SPY211231P00425000,425.0,0,0.0,0.0,,0.0,normalDay
2021-10-26,2915.0,193.0,0.0,0,455.96,0.0,1,6.58,4.65,SPY211231P00425000,425.0,0,0.0,0.0,,0.0,normalDay
2021-10-27,2915.0,131.0,0.0,0,453.94,0.0,1,6.58,5.27,SPY211231P00425000,425.0,0,0.0,0.0,,0.0,normalDay
2021-10-28,2915.0,215.0,0.0,0,458.32,0.0,1,6.58,4.43,SPY211231P00425000,425.0,0,0.0,0.0,,0.0,normalDay
2021-10-29,2915.0,236.0,0.0,0,459.25,0.0,1,6.58,4.22,SPY211231P00425000,425.0,0,0.0,0.0,,0.0,normalDay
2021-11-01,2915.0,266.0,0.0,0,460.04,0.0,1,6.58,3.92,SPY211231P00425000,425.0,0,0.0,0.0,,0.0,normalDay
2021-11-02,2915.0,301.0,0.0,0,461.9,0.0,1,6.58,3.57,SPY211231P00425000,425.0,0,0.0,0.0,,0.0,normalDay
2021-11-03,2915.0,361.0,0.0,0,464.72,0.0,1,6.58,2.97,SPY211231P00425000,425.0,0,0.0,0.0,,0.0,normalDay
2021-11-04,2915.0,385.0,0.0,0,466.91,0.0,1,6.58,2.73,SPY211231P00425000,425.0,0,0.0,0.0,,0.0,normalDay
2021-11-05,2915.0,382.0,0.0,0,468.53,0.0,1,6.58,2.76,SPY211231P00425000,425.0,0,0.0,0.0,,0.0,normalDay
2021-11-08,2915.0,381.0,0.0,0,468.93,0.0,1,6.58,2.77,SPY211231P00425000,425.0,0,0.0,0.0,,0.0,normalDay
2021-11-09,2915.0,366.0,0.0,0,467.38,0.0,1,6.58,2.92,SPY211231P00425000,425.0,0,0.0,0.0,,0.0,normalDay
2021-11-10,2915.0,323.0,0.0,0,463.62,0.0,1,6.58,3.35,SPY211231P00425000,425.0,0,0.0,0.0,,0.0,normalDay
2021-11-11,2915.0,367.0,0.0,0,463.77,0.0,1,6.58,2.91,SPY211231P00425000,425.0,0,0.0,0.0,,0.0,normalDay
2021-11-12,2915.0,424.0,0.0,0,467.27,0.0,1,6.58,2.34,SPY211231P00425000,425.0,0,0.0,0.0,,0.0,normalDay
2021-11-15,2915.0,437.0,0.0,0,467.43,0.0,1,6.58,2.21,SPY211231P00425000,425.0,0,0.0,0.0,,0.0,normalDay
2021-11-16,2915.0,458.0,0.0,0,469.28,0.0,1,6.58,2.0,SPY211231P00425000,425.0,0,0.0,0.0,,0.0,normalDay
2021-11-17,2915.0,441.0,0.0,0,468.14,0.0,1,6.58,2.17,SPY211231P00425000,425.0,0,0.0,0.0,,0.0,normalDay
2021-11-18,2915.0,450.0,0.0,0,469.73,0.0,1,6.58,2.08,SPY211231P00425000,425.0,0,0.0,0.0,,0.0,normalDay
2021-11-19,2915.0,444.0,0.0,0,468.89,0.0,1,6.58,2.14,SPY211231P00425000,425.0,0,0.0,0.0,,0.0,normalDay
2021-11-22,2915.0,431.0,0.0,0,467.57,0.0,1,6.58,2.27,SPY211231P00425000,425.0,0,0.0,0.0,,0.0,normalDay
2021-11-23,2915.0,450.0,0.0,0,468.19,0.0,1,6.58,2.08,SPY211231P00425000,425.0,0,0.0,0.0,,0.0,normalDay
2021-11-24,2915.0,479.0,0.0,0,469.44,0.0,1,6.58,1.79,SPY211231P00425000,425.0,0,0.0,0.0,,0.0,normalDay
2021-11-26,2915.0,117.0,0.0,0,458.97,0.0,1,6.58,5.41,SPY211231P00425000,425.0,0,0.0,0.0,,0.0,normalDay
2021-11-29,2915.0,393.0,0.0,0,464.6,0.0,1,6.58,2.65,SPY211231P00425000,425.0,0,0.0,0.0,,0.0,normalDay
2021-11-30,2915.0,239.0,0.0,0,455.56,0.0,1,6.58,4.19,SPY211231P00425000,425.0,0,0.0,0.0,,0.0,normalDay
2021-12-01,2915.0,20.0,0.0,0,450.5,0.0,1,6.58,6.38,SPY211231P00425000,425.0,0,0.0,0.0,,0.0,normalDay
2021-12-02,2915.0,233.0,0.0,0,457.4,0.0,1,6.58,4.25,SPY211231P00425000,425.0,0,0.0,0.0,,0.0,normalDay
2021-12-03,2915.0,129.0,0.0,0,453.42,0.0,1,6.58,5.29,SPY211231P00425000,425.0,0,0.0,0.0,,0.0,normalDay
2021-12-06,2915.0,323.0,0.0,0,458.79,0.0,1,6.58,3.35,SPY211231P00425000,425.0,0,0.0,0.0,,0.0,normalDay
2021-12-07,2915.0,508.0,0.0,0,468.28,0.0,1,6.58,1.5,SPY211231P00425000,425.0,0,0.0,0.0,,0.0,normalDay
2021-12-08,2915.0,561.0,0.0,0,469.52,0.0,1,6.58,0.97,SPY211231P00425000,425.0,0,0.0,0.0,,0.0,normalDay
2021-12-09,2915.0,528.0,0.0,0,466.35,0.0,1,6.58,1.3,SPY211231P00425000,425.0,0,0.0,0.0,,0.0,normalDay
2021-12-10,2915.0,587.0,0.0,0,470.74,0.0,1,6.58,0.71,SPY211231P00425000,425.0,0,0.0,0.0,,0.0,normalDay
2021-12-13,2915.0,580.0,0.0,0,466.57,0.0,1,6.58,0.78,SPY211231P00425000,425.0,0,0.0,0.0,,0.0,normalDay
2021-12-14,2915.0,560.0,0.0,0,463.36,0.0,1,6.58,0.98,SPY211231P00425000,425.0,0,0.0,0.0,,0.0,normalDay
2021-12-15,2915.0,611.0,0.0,0,470.6,0.0,1,6.58,0.47,SPY211231P00425000,425.0,0,0.0,0.0,,0.0,normalDay
2021-12-16,2915.0,596.0,0.0,0,466.45,0.0,1,6.58,0.62,SPY211231P00425000,425.0,0,0.0,0.0,,0.0,normalDay
2021-12-17,2915.0,588.0,0.0,0,459.87,0.0,1,6.58,0.7,SPY211231P00425000,425.0,0,0.0,0.0,,0.0,normalDay
2021-12-20,2915.0,584.0,0.0,0,454.98,0.0,1,6.58,0.74,SPY211231P00425000,425.0,0,0.0,0.0,,0.0,normalDay
2021-12-21,2915.0,626.0,0.0,0,463.06,0.0,1,6.58,0.32,SPY211231P00425000,425.0,0,0.0,0.0,,0.0,normalDay
2021-12-22,2915.0,647.0,0.0,0,467.69,0.0,1,6.58,0.11,SPY211231P00425000,425.0,0,0.0,0.0,,0.0,normalDay
2021-12-23,2915.0,651.0,0.0,0,470.6,0.0,1,6.58,0.07,SPY211231P00425000,425.0,0,0.0,0.0,,0.0,normalDay
2021-12-27,2915.0,655.0,0.0,0,477.26,0.0,1,6.58,0.03,SPY211231P00425000,425.0,0,0.0,0.0,,0.0,normalDay
2021-12-28,2915.0,656.0,0.0,0,476.87,0.0,1,6.58,0.02,SPY211231P00425000,425.0,0,0.0,0.0,,0.0,normalDay
2021-12-29,2915.0,657.0,0.0,0,477.48,0.0,1,6.58,0.01,SPY211231P00425000,425.0,0,0.0,0.0,,0.0,normalDay
2021-12-30,2915.0,657.0,0.0,0,476.16,0.0,1,6.58,0.01,SPY211231P00425000,425.0,0,0.0,0.0,,0.0,normalDay
2021-12-31,3573.0,0.0,658.0,0,474.96,0.0,1,6.58,0.0,SPY211231P00425000,425.0,0,0.0,0.0,,0.0,expirationDay
2022-01-03,3573.0,-7.0,0.0,0,477.71,0.0,1,8.41,8.48,SPY220331P00454000,454.0,0,0.0,0.0,,0.0,normalDay
2022-01-04,3573.0,-21.0,0.0,0,477.55,0.0,1,8.41,8.62,SPY220331P00454000,454.0,0,0.0,0.0,,0.0,normalDay
2022-01-05,3573.0,-325.0,0.0,0,468.38,0.0,1,8.41,11.66,SPY220331P00454000,454.0,0,0.0,0.0,,0.0,normalDay
2022-01-06,3573.0,-324.0,0.0,0,467.94,0.0,1,8.41,11.65,SPY220331P00454000,454.0,0,0.0,0.0,,0.0,normalDay
2022-01-07,3573.0,-307.0,0.0,0,466.09,0.0,1,8.41,11.48,SPY220331P00454000,454.0,0,0.0,0.0,,0.0,normalDay
2022-01-10,3573.0,-305.0,0.0,0,465.51,0.0,1,8.41,11.46,SPY220331P00454000,454.0,0,0.0,0.0,,0.0,normalDay
2022-01-11,3573.0,-144.0,0.0,0,469.75,0.0,1,8.41,9.85,SPY220331P00454000,454.0,0,0.0,0.0,,0.0,normalDay
2022-01-12,3573.0,-73.0,0.0,0,471.02,0.0,1,8.41,9.14,SPY220331P00454000,454.0,0,0.0,0.0,,0.0,normalDay
2022-01-13,3573.0,-364.0,0.0,0,464.53,0.0,1,8.41,12.05,SPY220331P00454000,454.0,0,0.0,0.0,,0.0,normalDay
2022-01-14,3573.0,-294.0,0.0,0,464.72,0.0,1,8.41,11.35,SPY220331P00454000,454.0,0,0.0,0.0,,0.0,normalDay
2022-01-18,3573.0,-696.0,0.0,0,456.49,0.0,1,8.41,15.37,SPY220331P00454000,454.0,0,0.0,0.0,,0.0,normalDay
2022-01-19,3573.0,-874.0,0.0,0,451.75,0.0,1,8.41,17.15,SPY220331P00454000,454.0,0,0.0,0.0,,0.0,normalDay
2022-01-20,3573.0,-1208.0,0.0,0,446.75,0.0,1,8.41,20.49,SPY220331P00454000,454.0,0,0.0,0.0,,0.0,normalDay
2022-01-21,3573.0,-1770.0,0.0,0,437.98,0.0,1,8.41,26.11,SPY220331P00454000,454.0,0,0.0,0.0,,0.0,normalDay
2022-01-24,3573.0,-1729.0,0.0,0,439.84,0.0,1,8.41,25.7,SPY220331P00454000,454.0,0,0.0,0.0,,0.0,normalDay
2022-01-25,3573.0,-2109.0,0.0,0,434.47,0.0,1,8.41,29.5,SPY220331P00454000,454.0,0,0.0,0.0,,0.0,normalDay
2022-01-26,3573.0,-2119.0,0.0,0,433.38,0.0,1,8.41,29.6,SPY220331P00454000,454.0,0,0.0,0.0,,0.0,normalDay
2022-01-27,3573.0,-2125.0,0.0,0,431.24,0.0,1,8.41,29.66,SPY220331P00454000,454.0,0,0.0,0.0,,0.0,normalDay
2022-01-28,3573.0,-1412.0,0.0,0,441.95,0.0,1,8.41,22.53,SPY220331P00454000,454.0,0,0.0,0.0,,0.0,normalDay
2022-01-31,3573.0,-895.0,0.0,0,449.91,0.0,1,8.41,17.36,SPY220331P00454000,454.0,0,0.0,0.0,,0.0,normalDay
2022-02-01,3573.0,-579.0,0.0,0,452.95,0.0,1,8.41,14.2,SPY220331P00454000,454.0,0,0.0,0.0,,0.0,normalDay
2022-02-02,3573.0,-489.0,0.0,0,457.35,0.0,1,8.41,13.3,SPY220331P00454000,454.0,0,0.0,0.0,,0.0,normalDay
2022-02-03,3573.0,-856.0,0.0,0,446.6,0.0,1,8.41,16.97,SPY220331P00454000,454.0,0,0.0,0.0,,0.0,normalDay
2022-02-04,3573.0,-925.0,0.0,0,448.7,0.0,1,8.41,17.66,SPY220331P00454000,454.0,0,0.0,0.0,,0.0,normalDay
2022-02-07,3573.0,-846.0,0.0,0,447.26,0.0,1,8.41,16.87,SPY220331P00454000,454.0,0,0.0,0.0,,0.0,normalDay
2022-02-08,3573.0,-588.0,0.0,0,450.94,0.0,1,8.41,14.29,SPY220331P00454000,454.0,0,0.0,0.0,,0.0,normalDay
2022-02-09,3573.0,-277.0,0.0,0,457.54,0.0,1,8.41,11.18,SPY220331P00454000,454.0,0,0.0,0.0,,0.0,normalDay
2022-02-10,3573.0,-772.0,0.0,0,449.32,0.0,1,8.41,16.13,SPY220331P00454000,454.0,0,0.0,0.0,,0.0,normalDay
2022-02-11,3573.0,-1381.0,0.0,0,440.46,0.0,1,8.41,22.22,SPY220331P00454000,454.0,0,0.0,0.0,,0.0,normalDay
2022-02-14,3573.0,-1415.0,0.0,0,439.02,0.0,1,8.41,22.56,SPY220331P00454000,454.0,0,0.0,0.0,,0.0,normalDay
2022-02-15,3573.0,-958.0,0.0,0,446.1,0.0,1,8.41,17.99,SPY220331P00454000,454.0,0,0.0,0.0,,0.0,normalDay
2022-02-16,3573.0,-823.0,0.0,0,446.6,0.0,1,8.41,16.64,SPY220331P00454000,454.0,0,0.0,0.0,,0.0,normalDay
2022-02-17,3573.0,-1494.0,0.0,0,437.06,0.0,1,8.41,23.35,SPY220331P00454000,454.0,0,0.0,0.0,,0.0,normalDay
2022-02-18,3573.0,-1652.0,0.0,0,434.23,0.0,1,8.41,24.93,SPY220331P00454000,454.0,0,0.0,0.0,,0.0,normalDay
2022-02-22,3573.0,-1926.0,0.0,0,429.57,0.0,1,8.41,27.67,SPY220331P00454000,454.0,0,0.0,0.0,,0.0,normalDay
2022-02-23,3573.0,-2676.0,0.0,0,421.95,0.0,1,8.41,35.17,SPY220331P00454000,454.0,0,0.0,0.0,,0.0,normalDay
2022-02-24,3573.0,-2231.0,0.0,0,428.3,0.0,1,8.41,30.72,SPY220331P00454000,454.0,0,0.0,0.0,,0.0,normalDay
2022-02-25,3573.0,-1350.0,0.0,0,437.75,0.0,1,8.41,21.91,SPY220331P00454000,454.0,0,0.0,0.0,,0.0,normalDay
2022-02-28,3573.0,-1448.0,0.0,0,436.63,0.0,1,8.41,22.89,SPY220331P00454000,454.0,0,0.0,0.0,,0.0,normalDay
2022-03-01,3573.0,-1981.0,0.0,0,429.98,0.0,1,8.41,28.22,SPY220331P00454000,454.0,0,0.0,0.0,,0.0,normalDay
2022-03-02,3573.0,-1383.0,0.0,0,437.89,0.0,1,8.41,22.24,SPY220331P00454000,454.0,0,0.0,0.0,,0.0,normalDay
2022-03-03,3573.0,-1470.0,0.0,0,435.71,0.0,1,8.41,23.11,SPY220331P00454000,454.0,0,0.0,0.0,,0.0,normalDay
2022-03-04,3573.0,-1806.0,0.0,0,432.17,0.0,1,8.41,26.47,SPY220331P00454000,454.0,0,0.0,0.0,,0.0,normalDay
2022-03-07,3573.0,-2978.0,0.0,0,419.43,0.0,1,8.41,38.19,SPY220331P00454000,454.0,0,0.0,0.0,,0.0,normalDay
2022-03-08,3573.0,-3265.0,0.0,0,416.25,0.0,1,8.41,41.06,SPY220331P00454000,454.0,0,0.0,0.0,,0.0,normalDay
2022-03-09,3573.0,-2086.0,0.0,0,427.41,0.0,1,8.41,29.27,SPY220331P00454000,454.0,0,0.0,0.0,,0.0,normalDay
2022-03-10,3573.0,-2293.0,0.0,0,425.48,0.0,1,8.41,31.34,SPY220331P00454000,454.0,0,0.0,0.0,,0.0,normalDay
2022-03-11,3573.0,-2753.0,0.0,0,420.07,0.0,1,8.41,35.94,SPY220331P00454000,454.0,0,0.0,0.0,,0.0,normalDay
2022-03-14,3573.0,-3004.0,0.0,0,417.0,0.0,1,8.41,38.45,SPY220331P00454000,454.0,0,0.0,0.0,,0.0,normalDay
2022-03-15,3573.0,-2229.0,0.0,0,426.17,0.0,1,8.41,30.7,SPY220331P00454000,454.0,0,0.0,0.0,,0.0,normalDay
2022-03-16,3573.0,-1314.0,0.0,0,435.62,0.0,1,8.41,21.55,SPY220331P00454000,454.0,0,0.0,0.0,,0.0,normalDay
2022-03-17,3573.0,-845.0,0.0,0,441.07,0.0,1,8.41,16.86,SPY220331P00454000,454.0,0,0.0,0.0,,0.0,normalDay
2022-03-18,3573.0,-345.0,0.0,0,444.52,0.0,1,8.41,11.86,SPY220331P00454000,454.0,0,0.0,0.0,,0.0,normalDay
2022-03-21,3573.0,-295.0,0.0,0,444.39,0.0,1,8.41,11.36,SPY220331P00454000,454.0,0,0.0,0.0,,0.0,normalDay
2022-03-22,3573.0,71.0,0.0,0,449.59,0.0,1,8.41,7.7,SPY220331P00454000,454.0,0,0.0,0.0,,0.0,normalDay
2022-03-23,3573.0,-334.0,0.0,0,443.8,0.0,1,8.41,11.75,SPY220331P00454000,454.0,0,0.0,0.0,,0.0,normalDay
2022-03-24,3573.0,204.0,0.0,0,450.49,0.0,1,8.41,6.37,SPY220331P00454000,454.0,0,0.0,0.0,,0.0,normalDay
2022-03-25,3573.0,396.0,0.0,0,452.69,0.0,1,8.41,4.45,SPY220331P00454000,454.0,0,0.0,0.0,,0.0,normalDay
2022-03-28,3573.0,636.0,0.0,0,455.91,0.0,1,8.41,2.05,SPY220331P00454000,454.0,0,0.0,0.0,,0.0,normalDay
2022-03-29,3573.0,783.0,0.0,0,461.55,0.0,1,8.41,0.58,SPY220331P00454000,454.0,0,0.0,0.0,,0.0,normalDay
2022-03-30,3573.0,797.0,0.0,0,458.7,0.0,1,8.41,0.44,SPY220331P00454000,454.0,0,0.0,0.0,,0.0,normalDay
2022-03-31,4414.0,-236.0,841.0,100,451.64,454.0,1,8.41,0.0,SPY220331P00454000,454.0,0,0.0,0.0,,0.0,expirationDay
2022-04-01,4414.0,-541.0,0.0,100,452.92,454.0,0,0.0,0.0,,0.0,1,45.49,49.82,SPY230331C00440000,440.0,normalDay
2022-04-04,4414.0,-371.0,0.0,100,456.8,454.0,0,0.0,0.0,,0.0,1,45.49,52.0,SPY230331C00440000,440.0,normalDay
2022-04-05,4414.0,-684.0,0.0,100,451.03,454.0,0,0.0,0.0,,0.0,1,45.49,49.36,SPY230331C00440000,440.0,normalDay
2022-04-06,4414.0,-832.0,0.0,100,446.52,454.0,0,0.0,0.0,,0.0,1,45.49,46.33,SPY230331C00440000,440.0,normalDay
2022-04-07,4414.0,-741.0,0.0,100,448.77,454.0,0,0.0,0.0,,0.0,1,45.49,47.67,SPY230331C00440000,440.0,normalDay
2022-04-08,4414.0,-771.0,0.0,100,447.57,454.0,0,0.0,0.0,,0.0,1,45.49,46.77,SPY230331C00440000,440.0,normalDay
2022-04-11,4414.0,-1053.0,0.0,100,439.92,454.0,0,0.0,0.0,,0.0,1,45.49,41.94,SPY230331C00440000,440.0,normalDay
2022-04-12,4414.0,-1054.0,0.0,100,438.29,454.0,0,0.0,0.0,,0.0,1,45.49,40.32,SPY230331C00440000,440.0,normalDay
2022-04-13,4414.0,-741.0,0.0,100,443.31,454.0,0,0.0,0.0,,0.0,1,45.49,42.21,SPY230331C00440000,440.0,normalDay
2022-04-14,4414.0,-1037.0,0.0,100,437.79,454.0,0,0.0,0.0,,0.0,1,45.49,39.65,SPY230331C00440000,440.0,normalDay
2022-04-18,4414.0,-1150.0,0.0,100,437.97,454.0,0,0.0,0.0,,0.0,1,45.49,40.96,SPY230331C00440000,440.0,normalDay
2022-04-19,4414.0,-671.0,0.0,100,445.04,454.0,0,0.0,0.0,,0.0,1,45.49,43.24,SPY230331C00440000,440.0,normalDay
2022-04-20,4414.0,-830.0,0.0,100,444.71,454.0,0,0.0,0.0,,0.0,1,45.49,44.5,SPY230331C00440000,440.0,normalDay
2022-04-21,4414.0,-978.0,0.0,100,438.06,454.0,0,0.0,0.0,,0.0,1,45.49,39.33,SPY230331C00440000,440.0,normalDay
2022-04-22,4414.0,-1654.0,0.0,100,426.04,454.0,0,0.0,0.0,,0.0,1,45.49,34.07,SPY230331C00440000,440.0,normalDay
2022-04-25,4414.0,-1540.0,0.0,100,428.51,454.0,0,0.0,0.0,,0.0,1,45.49,35.4,SPY230331C00440000,440.0,normalDay
2022-04-26,4414.0,-2160.0,0.0,100,416.1,454.0,0,0.0,0.0,,0.0,1,45.49,29.19,SPY230331C00440000,440.0,normalDay
2022-04-27,4414.0,-2130.0,0.0,100,417.27,454.0,0,0.0,0.0,,0.0,1,45.49,30.06,SPY230331C00440000,440.0,normalDay
2022-04-28,4414.0,-1456.0,0.0,100,427.81,454.0,0,0.0,0.0,,0.0,1,45.49,33.86,SPY230331C00440000,440.0,normalDay
2022-04-29,4414.0,-2416.0,0.0,100,412.0,454.0,0,0.0,0.0,,0.0,1,45.49,27.65,SPY230331C00440000,440.0,normalDay
2022-05-02,4414.0,-2211.0,0.0,100,414.48,454.0,0,0.0,0.0,,0.0,1,45.49,28.08,SPY230331C00440000,440.0,normalDay
2022-05-03,4414.0,-2059.0,0.0,100,416.38,454.0,0,0.0,0.0,,0.0,1,45.49,28.46,SPY230331C00440000,440.0,normalDay
2022-05-04,4414.0,-1337.0,0.0,100,429.06,454.0,0,0.0,0.0,,0.0,1,45.49,33.92,SPY230331C00440000,440.0,normalDay
2022-05-05,4414.0,-2213.0,0.0,100,413.81,454.0,0,0.0,0.0,,0.0,1,45.49,27.43,SPY230331C00440000,440.0,normalDay
2022-05-06,4414.0,-2262.0,0.0,100,411.34,454.0,0,0.0,0.0,,0.0,1,45.49,25.45,SPY230331C00440000,440.0,normalDay
2022-05-09,4414.0,-2996.0,0.0,100,398.17,454.0,0,0.0,0.0,,0.0,1,45.49,19.62,SPY230331C00440000,440.0,normalDay
2022-05-10,4414.0,-2845.0,0.0,100,399.09,454.0,0,0.0,0.0,,0.0,1,45.49,19.03,SPY230331C00440000,440.0,normalDay
2022-05-11,4414.0,-3246.0,0.0,100,392.75,454.0,0,0.0,0.0,,0.0,1,45.49,16.7,SPY230331C00440000,440.0,normalDay
2022-05-12,4414.0,-3184.0,0.0,100,392.34,454.0,0,0.0,0.0,,0.0,1,45.49,15.67,SPY230331C00440000,440.0,normalDay
2022-05-13,4414.0,-2541.0,0.0,100,401.72,454.0,0,0.0,0.0,,0.0,1,45.49,18.62,SPY230331C00440000,440.0,normalDay
2022-05-16,4414.0,-2634.0,0.0,100,400.09,454.0,0,0.0,0.0,,0.0,1,45.49,17.92,SPY230331C00440000,440.0,normalDay
2022-05-17,4414.0,-2134.0,0.0,100,408.32,454.0,0,0.0,0.0,,0.0,1,45.49,21.15,SPY230331C00440000,440.0,normalDay
2022-05-18,4414.0,-3135.0,0.0,100,391.86,454.0,0,0.0,0.0,,0.0,1,45.49,14.7,SPY230331C00440000,440.0,normalDay
2022-05-19,4414.0,-3230.0,0.0,100,389.46,454.0,0,0.0,0.0,,0.0,1,45.49,13.25,SPY230331C00440000,440.0,normalDay
2022-05-20,4414.0,-3219.0,0.0,100,389.63,454.0,0,0.0,0.0,,0.0,1,45.49,13.31,SPY230331C00440000,440.0,normalDay
2022-05-23,4414.0,-2797.0,0.0,100,396.92,454.0,0,0.0,0.0,,0.0,1,45.49,16.38,SPY230331C00440000,440.0,normalDay
2022-05-24,4414.0,-2996.0,0.0,100,393.89,454.0,0,0.0,0.0,,0.0,1,45.49,15.34,SPY230331C00440000,440.0,normalDay
2022-05-25,4414.0,-2725.0,0.0,100,397.37,454.0,0,0.0,0.0,,0.0,1,45.49,16.11,SPY230331C00440000,440.0,normalDay
2022-05-26,4414.0,-2236.0,0.0,100,405.31,454.0,0,0.0,0.0,,0.0,1,45.49,19.16,SPY230331C00440000,440.0,normalDay
2022-05-27,4414.0,-1688.0,0.0,100,415.26,454.0,0,0.0,0.0,,0.0,1,45.49,23.63,SPY230331C00440000,440.0,normalDay
2022-05-31,4414.0,-1771.0,0.0,100,412.93,454.0,0,0.0,0.0,,0.0,1,45.49,22.13,SPY230331C00440000,440.0,normalDay
2022-06-01,4414.0,-1936.0,0.0,100,409.59,454.0,0,0.0,0.0,,0.0,1,45.49,20.44,SPY230331C00440000,440.0,normalDay
2022-06-02,4414.0,-1505.0,0.0,100,417.39,454.0,0,0.0,0.0,,0.0,1,45.49,23.93,SPY230331C00440000,440.0,normalDay
2022-06-03,4414.0,-1872.0,0.0,100,410.54,454.0,0,0.0,0.0,,0.0,1,45.49,20.75,SPY230331C00440000,440.0,normalDay
2022-06-06,4414.0,-1802.0,0.0,100,411.79,454.0,0,0.0,0.0,,0.0,1,45.49,21.3,SPY230331C00440000,440.0,normalDay
2022-06-07,4414.0,-1559.0,0.0,100,415.74,454.0,0,0.0,0.0,,0.0,1,45.49,22.82,SPY230331C00440000,440.0,normalDay
2022-06-08,4414.0,-1802.0,0.0,100,411.22,454.0,0,0.0,0.0,,0.0,1,45.49,20.73,SPY230331C00440000,440.0,normalDay
2022-06-09,4414.0,-2407.0,0.0,100,401.44,454.0,0,0.0,0.0,,0.0,1,45.49,17.0,SPY230331C00440000,440.0,normalDay
2022-06-10,4414.0,-3197.0,0.0,100,389.8,454.0,0,0.0,0.0,,0.0,1,45.49,13.26,SPY230331C00440000,440.0,normalDay
2022-06-13,4414.0,-4304.0,0.0,100,375.0,454.0,0,0.0,0.0,,0.0,1,45.49,9.53,SPY230331C00440000,440.0,normalDay
2022-06-14,4414.0,-4305.0,0.0,100,373.87,454.0,0,0.0,0.0,,0.0,1,45.49,8.41,SPY230331C00440000,440.0,normalDay
2022-06-15,4414.0,-3889.0,0.0,100,379.2,454.0,0,0.0,0.0,,0.0,1,45.49,9.58,SPY230331C00440000,440.0,normalDay
2022-06-16,4414.0,-4887.0,0.0,100,366.65,454.0,0,0.0,0.0,,0.0,1,45.49,7.01,SPY230331C00440000,440.0,normalDay
2022-06-17,4414.0,-4959.0,0.0,100,365.86,454.0,0,0.0,0.0,,0.0,1,45.49,6.94,SPY230331C00440000,440.0,normalDay
2022-06-21,4414.0,-4185.0,0.0,100,375.07,454.0,0,0.0,0.0,,0.0,1,45.49,8.41,SPY230331C00440000,440.0,normalDay
2022-06-22,4414.0,-4238.0,0.0,100,374.39,454.0,0,0.0,0.0,,0.0,1,45.49,8.26,SPY230331C00440000,440.0,normalDay
2022-06-23,4414.0,-3924.0,0.0,100,378.06,454.0,0,0.0,0.0,,0.0,1,45.49,8.79,SPY230331C00440000,440.0,normalDay
2022-06-24,4414.0,-3086.0,0.0,100,390.08,454.0,0,0.0,0.0,,0.0,1,45.49,12.43,SPY230331C00440000,440.0,normalDay
2022-06-27,4414.0,-3167.0,0.0,100,388.59,454.0,0,0.0,0.0,,0.0,1,45.49,11.75,SPY230331C00440000,440.0,normalDay
2022-06-28,4414.0,-3713.0,0.0,100,380.65,454.0,0,0.0,0.0,,0.0,1,45.49,9.27,SPY230331C00440000,440.0,normalDay
2022-06-29,4414.0,-3739.0,0.0,100,380.34,454.0,0,0.0,0.0,,0.0,1,45.49,9.22,SPY230331C00440000,440.0,normalDay
2022-06-30,4414.0,-3934.0,0.0,100,377.25,454.0,0,0.0,0.0,,0.0,1,45.49,8.08,SPY230331C00440000,440.0,normalDay
2022-07-01,4414.0,-3616.0,0.0,100,381.24,454.0,0,0.0,0.0,,0.0,1,45.49,8.89,SPY230331C00440000,440.0,normalDay
2022-07-05,4414.0,-3535.0,0.0,100,381.96,454.0,0,0.0,0.0,,0.0,1,45.49,8.8,SPY230331C00440000,440.0,normalDay
2022-07-06,4414.0,-3479.0,0.0,100,383.25,454.0,0,0.0,0.0,,0.0,1,45.49,9.53,SPY230331C00440000,440.0,normalDay
2022-07-07,4414.0,-3038.0,0.0,100,388.99,454.0,0,0.0,0.0,,0.0,1,45.49,10.86,SPY230331C00440000,440.0,normalDay
2022-07-08,4414.0,-3062.0,0.0,100,388.67,454.0,0,0.0,0.0,,0.0,1,45.49,10.78,SPY230331C00440000,440.0,normalDay
2022-07-11,4414.0,-3383.0,0.0,100,384.23,454.0,0,0.0,0.0,,0.0,1,45.49,9.55,SPY230331C00440000,440.0,normalDay
2022-07-12,4414.0,-3614.0,0.0,100,380.83,454.0,0,0.0,0.0,,0.0,1,45.49,8.46,SPY230331C00440000,440.0,normalDay
2022-07-13,4414.0,-3783.0,0.0,100,378.83,454.0,0,0.0,0.0,,0.0,1,45.49,8.15,SPY230331C00440000,440.0,normalDay
2022-07-14,4414.0,-3838.0,0.0,100,377.91,454.0,0,0.0,0.0,,0.0,1,45.49,7.78,SPY230331C00440000,440.0,normalDay
2022-07-15,4414.0,-3239.0,0.0,100,385.13,454.0,0,0.0,0.0,,0.0,1,45.49,9.01,SPY230331C00440000,440.0,normalDay
2022-07-18,4414.0,-3500.0,0.0,100,381.95,454.0,0,0.0,0.0,,0.0,1,45.49,8.44,SPY230331C00440000,440.0,normalDay
2022-07-19,4414.0,-2797.0,0.0,100,392.27,454.0,0,0.0,0.0,,0.0,1,45.49,11.73,SPY230331C00440000,440.0,normalDay
2022-07-20,4414.0,-2621.0,0.0,100,394.77,454.0,0,0.0,0.0,,0.0,1,45.49,12.47,SPY230331C00440000,440.0,normalDay
2022-07-21,4414.0,-2327.0,0.0,100,398.79,454.0,0,0.0,0.0,,0.0,1,45.49,13.55,SPY230331C00440000,440.0,normalDay
2022-07-22,4414.0,-2543.0,0.0,100,395.09,454.0,0,0.0,0.0,,0.0,1,45.49,12.01,SPY230331C00440000,440.0,normalDay
2022-07-25,4414.0,-2515.0,0.0,100,395.57,454.0,0,0.0,0.0,,0.0,1,45.49,12.21,SPY230331C00440000,440.0,normalDay
2022-07-26,4414.0,-2832.0,0.0,100,390.89,454.0,0,0.0,0.0,,0.0,1,45.49,10.7,SPY230331C00440000,440.0,normalDay
2022-07-27,4414.0,-2088.0,0.0,100,401.04,454.0,0,0.0,0.0,,0.0,1,45.49,13.41,SPY230331C00440000,440.0,normalDay
2022-07-28,4414.0,-1811.0,0.0,100,406.07,454.0,0,0.0,0.0,,0.0,1,45.49,15.67,SPY230331C00440000,440.0,normalDay
2022-07-29,4414.0,-1410.0,0.0,100,411.99,454.0,0,0.0,0.0,,0.0,1,45.49,17.58,SPY230331C00440000,440.0,normalDay
2022-08-01,4414.0,-1512.0,0.0,100,410.77,454.0,0,0.0,0.0,,0.0,1,45.49,17.38,SPY230331C00440000,440.0,normalDay
2022-08-02,4414.0,-1691.0,0.0,100,408.06,454.0,0,0.0,0.0,,0.0,1,45.49,16.46,SPY230331C00440000,440.0,normalDay
2022-08-03,4414.0,-1273.0,0.0,100,414.45,454.0,0,0.0,0.0,,0.0,1,45.49,18.67,SPY230331C00440000,440.0,normalDay
2022-08-04,4414.0,-1316.0,0.0,100,414.17,454.0,0,0.0,0.0,,0.0,1,45.49,18.82,SPY230331C00440000,440.0,normalDay
2022-08-05,4414.0,-1320.0,0.0,100,413.47,454.0,0,0.0,0.0,,0.0,1,45.49,18.16,SPY230331C00440000,440.0,normalDay
2022-08-08,4414.0,-1390.0,0.0,100,412.99,454.0,0,0.0,0.0,,0.0,1,45.49,18.38,SPY230331C00440000,440.0,normalDay
2022-08-09,4414.0,-1477.0,0.0,100,411.35,454.0,0,0.0,0.0,,0.0,1,45.49,17.61,SPY230331C00440000,440.0,normalDay
2022-08-10,4414.0,-922.0,0.0,100,419.99,454.0,0,0.0,0.0,,0.0,1,45.49,20.7,SPY230331C00440000,440.0,normalDay
2022-08-11,4414.0,-958.0,0.0,100,419.99,454.0,0,0.0,0.0,,0.0,1,45.49,21.06,SPY230331C00440000,440.0,normalDay
2022-08-12,4414.0,-548.0,0.0,100,427.1,454.0,0,0.0,0.0,,0.0,1,45.49,24.07,SPY230331C00440000,440.0,normalDay
2022-08-15,4414.0,-454.0,0.0,100,428.86,454.0,0,0.0,0.0,,0.0,1,45.49,24.89,SPY230331C00440000,440.0,normalDay
2022-08-16,4414.0,-400.0,0.0,100,429.7,454.0,0,0.0,0.0,,0.0,1,45.49,25.19,SPY230331C00440000,440.0,normalDay
2022-08-17,4414.0,-592.0,0.0,100,426.65,454.0,0,0.0,0.0,,0.0,1,45.49,24.06,SPY230331C00440000,440.0,normalDay
2022-08-18,4414.0,-477.0,0.0,100,427.89,454.0,0,0.0,0.0,,0.0,1,45.49,24.15,SPY230331C00440000,440.0,normalDay
2022-08-19,4414.0,-781.0,0.0,100,422.14,454.0,0,0.0,0.0,,0.0,1,45.49,21.44,SPY230331C00440000,440.0,normalDay
2022-08-22,4414.0,-1296.0,0.0,100,413.35,454.0,0,0.0,0.0,,0.0,1,45.49,17.8,SPY230331C00440000,440.0,normalDay
2022-08-23,4414.0,-1308.0,0.0,100,412.35,454.0,0,0.0,0.0,,0.0,1,45.49,16.92,SPY230331C00440000,440.0,normalDay
2022-08-24,4414.0,-1209.0,0.0,100,413.67,454.0,0,0.0,0.0,,0.0,1,45.49,17.25,SPY230331C00440000,440.0,normalDay
2022-08-25,4414.0,-839.0,0.0,100,419.51,454.0,0,0.0,0.0,,0.0,1,45.49,19.39,SPY230331C00440000,440.0,normalDay
2022-08-26,4414.0,-1706.0,0.0,100,405.31,454.0,0,0.0,0.0,,0.0,1,45.49,13.86,SPY230331C00440000,440.0,normalDay
2022-08-29,4414.0,-1867.0,0.0,100,402.63,454.0,0,0.0,0.0,,0.0,1,45.49,12.79,SPY230331C00440000,440.0,normalDay
2022-08-30,4414.0,-2146.0,0.0,100,398.21,454.0,0,0.0,0.0,,0.0,1,45.49,11.16,SPY230331C00440000,440.0,normalDay
2022-08-31,4414.0,-2334.0,0.0,100,395.18,454.0,0,0.0,0.0,,0.0,1,45.49,10.01,SPY230331C00440000,440.0,normalDay
2022-09-01,4414.0,-2227.0,0.0,100,396.42,454.0,0,0.0,0.0,,0.0,1,45.49,10.18,SPY230331C00440000,440.0,normalDay
2022-09-02,4414.0,-2520.0,0.0,100,392.24,454.0,0,0.0,0.0,,0.0,1,45.49,8.93,SPY230331C00440000,440.0,normalDay
2022-09-06,4414.0,-2610.0,0.0,100,390.76,454.0,0,0.0,0.0,,0.0,1,45.49,8.35,SPY230331C00440000,440.0,normalDay
2022-09-07,4414.0,-2089.0,0.0,100,397.78,454.0,0,0.0,0.0,,0.0,1,45.49,10.16,SPY230331C00440000,440.0,normalDay
2022-09-08,4414.0,-1911.0,0.0,100,400.38,454.0,0,0.0,0.0,,0.0,1,45.49,10.98,SPY230331C00440000,440.0,normalDay
2022-09-09,4414.0,-1487.0,0.0,100,406.6,454.0,0,0.0,0.0,,0.0,1,45.49,12.96,SPY230331C00440000,440.0,normalDay
2022-09-12,4414.0,-1250.0,0.0,100,410.97,454.0,0,0.0,0.0,,0.0,1,45.49,14.96,SPY230331C00440000,440.0,normalDay
2022-09-13,4414.0,-2488.0,0.0,100,393.1,454.0,0,0.0,0.0,,0.0,1,45.49,9.47,SPY230331C00440000,440.0,normalDay
2022-09-14,4414.0,-2335.0,0.0,100,394.6,454.0,0,0.0,0.0,,0.0,1,45.49,9.44,SPY230331C00440000,440.0,normalDay
2022-09-15,4414.0,-2673.0,0.0,100,390.12,454.0,0,0.0,0.0,,0.0,1,45.49,8.34,SPY230331C00440000,440.0,normalDay
2022-09-16,4414.0,-3036.0,0.0,100,385.56,454.0,0,0.0,0.0,,0.0,1,45.49,7.41,SPY230331C00440000,440.0,normalDay
2022-09-19,4414.0,-2790.0,0.0,100,388.55,454.0,0,0.0,0.0,,0.0,1,45.49,7.94,SPY230331C00440000,440.0,normalDay
2022-09-20,4414.0,-3144.0,0.0,100,384.09,454.0,0,0.0,0.0,,0.0,1,45.49,7.02,SPY230331C00440000,440.0,normalDay
2022-09-21,4414.0,-3661.0,0.0,100,377.39,454.0,0,0.0,0.0,,0.0,1,45.49,5.49,SPY230331C00440000,440.0,normalDay
2022-09-22,4414.0,-3902.0,0.0,100,374.22,454.0,0,0.0,0.0,,0.0,1,45.49,4.73,SPY230331C00440000,440.0,normalDay
2022-09-23,4414.0,-4452.0,0.0,100,367.95,454.0,0,0.0,0.0,,0.0,1,45.49,3.96,SPY230331C00440000,440.0,normalDay
2022-09-26,4414.0,-4776.0,0.0,100,364.31,454.0,0,0.0,0.0,,0.0,1,45.49,3.56,SPY230331C00440000,440.0,normalDay
2022-09-27,4414.0,-4843.0,0.0,100,363.38,454.0,0,0.0,0.0,,0.0,1,45.49,3.3,SPY230331C00440000,440.0,normalDay
2022-09-28,4414.0,-4216.0,0.0,100,370.53,454.0,0,0.0,0.0,,0.0,1,45.49,4.18,SPY230331C00440000,440.0,normalDay
2022-09-29,4414.0,-4875.0,0.0,100,362.79,454.0,0,0.0,0.0,,0.0,1,45.49,3.03,SPY230331C00440000,440.0,normalDay
2022-09-30,4414.0,-5371.0,0.0,100,357.18,454.0,0,0.0,0.0,,0.0,1,45.49,2.38,SPY230331C00440000,440.0,normalDay
2022-10-03,4414.0,-4517.0,0.0,100,366.61,454.0,0,0.0,0.0,,0.0,1,45.49,3.27,SPY230331C00440000,440.0,normalDay
2022-10-04,4414.0,-3558.0,0.0,100,377.97,454.0,0,0.0,0.0,,0.0,1,45.49,5.04,SPY230331C00440000,440.0,normalDay
2022-10-05,4414.0,-3636.0,0.0,100,377.09,454.0,0,0.0,0.0,,0.0,1,45.49,4.94,SPY230331C00440000,440.0,normalDay
2022-10-06,4414.0,-3965.0,0.0,100,373.2,454.0,0,0.0,0.0,,0.0,1,45.49,4.34,SPY230331C00440000,440.0,normalDay
2022-10-07,4414.0,-4850.0,0.0,100,362.79,454.0,0,0.0,0.0,,0.0,1,45.49,2.78,SPY230331C00440000,440.0,normalDay
2022-10-10,4414.0,-5126.0,0.0,100,360.02,454.0,0,0.0,0.0,,0.0,1,45.49,2.77,SPY230331C00440000,440.0,normalDay
2022-10-11,4414.0,-5347.0,0.0,100,357.74,454.0,0,0.0,0.0,,0.0,1,45.49,2.7,SPY230331C00440000,440.0,normalDay
2022-10-12,4414.0,-5467.0,0.0,100,356.56,454.0,0,0.0,0.0,,0.0,1,45.49,2.72,SPY230331C00440000,440.0,normalDay
2022-10-13,4414.0,-4633.0,0.0,100,365.97,454.0,0,0.0,0.0,,0.0,1,45.49,3.79,SPY230331C00440000,440.0,normalDay
2022-10-14,4414.0,-5358.0,0.0,100,357.63,454.0,0,0.0,0.0,,0.0,1,45.49,2.7,SPY230331C00440000,440.0,normalDay
2022-10-17,4414.0,-4563.0,0.0,100,366.82,454.0,0,0.0,0.0,,0.0,1,45.49,3.94,SPY230331C00440000,440.0,normalDay
2022-10-18,4414.0,-4198.0,0.0,100,371.13,454.0,0,0.0,0.0,,0.0,1,45.49,4.6,SPY230331C00440000,440.0,normalDay
2022-10-19,4414.0,-4396.0,0.0,100,368.5,454.0,0,0.0,0.0,,0.0,1,45.49,3.95,SPY230331C00440000,440.0,normalDay
2022-10-20,4414.0,-4651.0,0.0,100,365.41,454.0,0,0.0,0.0,,0.0,1,45.49,3.41,SPY230331C00440000,440.0,normalDay
2022-10-21,4414.0,-3918.0,0.0,100,374.29,454.0,0,0.0,0.0,,0.0,1,45.49,4.96,SPY230331C00440000,440.0,normalDay
2022-10-24,4414.0,-3540.0,0.0,100,378.87,454.0,0,0.0,0.0,,0.0,1,45.49,5.76,SPY230331C00440000,440.0,normalDay
2022-10-25,4414.0,-2992.0,0.0,100,384.92,454.0,0,0.0,0.0,,0.0,1,45.49,6.33,SPY230331C00440000,440.0,normalDay
2022-10-26,4414.0,-3224.0,0.0,100,382.02,454.0,0,0.0,0.0,,0.0,1,45.49,5.75,SPY230331C00440000,440.0,normalDay
2022-10-27,4414.0,-3302.0,0.0,100,379.98,454.0,0,0.0,0.0,,0.0,1,45.49,4.49,SPY230331C00440000,440.0,normalDay
2022-10-28,4414.0,-2607.0,0.0,100,389.02,454.0,0,0.0,0.0,,0.0,1,45.49,6.58,SPY230331C00440000,440.0,normalDay
2022-10-31,4414.0,-2791.0,0.0,100,386.21,454.0,0,0.0,0.0,,0.0,1,45.49,5.61,SPY230331C00440000,440.0,normalDay
2022-11-01,4414.0,-2910.0,0.0,100,384.52,454.0,0,0.0,0.0,,0.0,1,45.49,5.11,SPY230331C00440000,440.0,normalDay
2022-11-02,4414.0,-3723.0,0.0,100,374.87,454.0,0,0.0,0.0,,0.0,1,45.49,3.59,SPY230331C00440000,440.0,normalDay
2022-11-03,4414.0,-4030.0,0.0,100,371.01,454.0,0,0.0,0.0,,0.0,1,45.49,2.8,SPY230331C00440000,440.0,normalDay
2022-11-04,4414.0,-3553.0,0.0,100,376.35,454.0,0,0.0,0.0,,0.0,1,45.49,3.37,SPY230331C00440000,440.0,normalDay
2022-11-07,4414.0,-3239.0,0.0,100,379.95,454.0,0,0.0,0.0,,0.0,1,45.49,3.83,SPY230331C00440000,440.0,normalDay
2022-11-08,4414.0,-3072.0,0.0,100,382.0,454.0,0,0.0,0.0,,0.0,1,45.49,4.21,SPY230331C00440000,440.0,normalDay
2022-11-09,4414.0,-3745.0,0.0,100,374.13,454.0,0,0.0,0.0,,0.0,1,45.49,3.07,SPY230331C00440000,440.0,normalDay
2022-11-10,4414.0,-2061.0,0.0,100,394.69,454.0,0,0.0,0.0,,0.0,1,45.49,6.79,SPY230331C00440000,440.0,normalDay
2022-11-11,4414.0,-1700.0,0.0,100,398.51,454.0,0,0.0,0.0,,0.0,1,45.49,7.0,SPY230331C00440000,440.0,normalDay
2022-11-14,4414.0,-1947.0,0.0,100,395.12,454.0,0,0.0,0.0,,0.0,1,45.49,6.08,SPY230331C00440000,440.0,normalDay
2022-11-15,4414.0,-1679.0,0.0,100,398.49,454.0,0,0.0,0.0,,0.0,1,45.49,6.77,SPY230331C00440000,440.0,normalDay
2022-11-16,4414.0,-1881.0,0.0,100,395.45,454.0,0,0.0,0.0,,0.0,1,45.49,5.75,SPY230331C00440000,440.0,normalDay
2022-11-17,4414.0,-1963.0,0.0,100,394.24,454.0,0,0.0,0.0,,0.0,1,45.49,5.36,SPY230331C00440000,440.0,normalDay
2022-11-18,4414.0,-1791.0,0.0,100,396.03,454.0,0,0.0,0.0,,0.0,1,45.49,5.43,SPY230331C00440000,440.0,normalDay
2022-11-21,4414.0,-1870.0,0.0,100,394.59,454.0,0,0.0,0.0,,0.0,1,45.49,4.78,SPY230331C00440000,440.0,normalDay
2022-11-22,4414.0,-1418.0,0.0,100,399.9,454.0,0,0.0,0.0,,0.0,1,45.49,5.57,SPY230331C00440000,440.0,normalDay
2022-11-23,4414.0,-1191.0,0.0,100,402.42,454.0,0,0.0,0.0,,0.0,1,45.49,5.82,SPY230331C00440000,440.0,normalDay
2022-11-25,4414.0,-1193.0,0.0,100,402.33,454.0,0,0.0,0.0,,0.0,1,45.49,5.75,SPY230331C00440000,440.0,normalDay
2022-11-28,4414.0,-1696.0,0.0,100,395.91,454.0,0,0.0,0.0,,0.0,1,45.49,4.36,SPY230331C00440000,440.0,normalDay
2022-11-29,4414.0,-1735.0,0.0,100,395.23,454.0,0,0.0,0.0,,0.0,1,45.49,4.07,SPY230331C00440000,440.0,normalDay
2022-11-30,4414.0,-780.0,0.0,100,407.68,454.0,0,0.0,0.0,,0.0,1,45.49,6.97,SPY230331C00440000,440.0,normalDay
2022-12-01,4414.0,-762.0,0.0,100,407.38,454.0,0,0.0,0.0,,0.0,1,45.49,6.49,SPY230331C00440000,440.0,normalDay
2022-12-02,4414.0,-754.0,0.0,100,406.91,454.0,0,0.0,0.0,,0.0,1,45.49,5.94,SPY230331C00440000,440.0,normalDay
2022-12-05,4414.0,-1313.0,0.0,100,399.59,454.0,0,0.0,0.0,,0.0,1,45.49,4.21,SPY230331C00440000,440.0,normalDay
2022-12-06,4414.0,-1799.0,0.0,100,393.83,454.0,0,0.0,0.0,,0.0,1,45.49,3.31,SPY230331C00440000,440.0,normalDay
2022-12-07,4414.0,-1858.0,0.0,100,393.16,454.0,0,0.0,0.0,,0.0,1,45.49,3.23,SPY230331C00440000,440.0,normalDay
2022-12-08,4414.0,-1586.0,0.0,100,396.24,454.0,0,0.0,0.0,,0.0,1,45.49,3.59,SPY230331C00440000,440.0,normalDay
2022-12-09,4414.0,-1841.0,0.0,100,393.28,454.0,0,0.0,0.0,,0.0,1,45.49,3.18,SPY230331C00440000,440.0,normalDay
2022-12-12,4414.0,-1391.0,0.0,100,398.95,454.0,0,0.0,0.0,,0.0,1,45.49,4.35,SPY230331C00440000,440.0,normalDay
2022-12-13,4414.0,-1111.0,0.0,100,401.97,454.0,0,0.0,0.0,,0.0,1,45.49,4.57,SPY230331C00440000,440.0,normalDay
2022-12-14,4414.0,-1310.0,0.0,100,399.4,454.0,0,0.0,0.0,,0.0,1,45.49,3.99,SPY230331C00440000,440.0,normalDay
2022-12-15,4414.0,-2112.0,0.0,100,389.63,454.0,0,0.0,0.0,,0.0,1,45.49,2.24,SPY230331C00440000,440.0,normalDay
2022-12-16,4414.0,-2686.0,0.0,100,383.27,454.0,0,0.0,0.0,,0.0,1,45.49,1.62,SPY230331C00440000,440.0,normalDay
2022-12-19,4414.0,-2976.0,0.0,100,380.02,454.0,0,0.0,0.0,,0.0,1,45.49,1.27,SPY230331C00440000,440.0,normalDay
2022-12-20,4414.0,-2919.0,0.0,100,380.54,454.0,0,0.0,0.0,,0.0,1,45.49,1.22,SPY230331C00440000,440.0,normalDay
2022-12-21,4414.0,-2375.0,0.0,100,386.23,454.0,0,0.0,0.0,,0.0,1,45.49,1.47,SPY230331C00440000,440.0,normalDay
2022-12-22,4414.0,-2902.0,0.0,100,380.72,454.0,0,0.0,0.0,,0.0,1,45.49,1.23,SPY230331C00440000,440.0,normalDay
2022-12-23,4414.0,-2680.0,0.0,100,382.91,454.0,0,0.0,0.0,,0.0,1,45.49,1.2,SPY230331C00440000,440.0,normalDay
2022-12-27,4414.0,-2821.0,0.0,100,381.4,454.0,0,0.0,0.0,,0.0,1,45.49,1.1,SPY230331C00440000,440.0,normalDay
2022-12-28,4414.0,-3266.0,0.0,100,376.66,454.0,0,0.0,0.0,,0.0,1,45.49,0.81,SPY230331C00440000,440.0,normalDay
2022-12-29,4414.0,-2619.0,0.0,100,383.44,454.0,0,0.0,0.0,,0.0,1,45.49,1.12,SPY230331C00440000,440.0,normalDay
2022-12-30,4414.0,-2716.0,0.0,100,382.43,454.0,0,0.0,0.0,,0.0,1,45.49,1.08,SPY230331C00440000,440.0,normalDay
2023-01-03,4414.0,-2856.0,0.0,100,380.82,454.0,0,0.0,0.0,,0.0,1,45.49,0.87,SPY230331C00440000,440.0,normalDay
2023-01-04,4414.0,-2568.0,0.0,100,383.76,454.0,0,0.0,0.0,,0.0,1,45.49,0.93,SPY230331C00440000,440.0,normalDay
2023-01-05,4414.0,-2978.0,0.0,100,379.38,454.0,0,0.0,0.0,,0.0,1,45.49,0.65,SPY230331C00440000,440.0,normalDay
2023-01-06,4414.0,-2145.0,0.0,100,388.08,454.0,0,0.0,0.0,,0.0,1,45.49,1.02,SPY230331C00440000,440.0,normalDay
2023-01-09,4414.0,-2163.0,0.0,100,387.86,454.0,0,0.0,0.0,,0.0,1,45.49,0.98,SPY230331C00440000,440.0,normalDay
2023-01-10,4414.0,-1891.0,0.0,100,390.58,454.0,0,0.0,0.0,,0.0,1,45.49,0.98,SPY230331C00440000,440.0,normalDay
2023-01-11,4414.0,-1443.0,0.0,100,395.52,454.0,0,0.0,0.0,,0.0,1,45.49,1.44,SPY230331C00440000,440.0,normalDay
2023-01-12,4414.0,-1278.0,0.0,100,396.96,454.0,0,0.0,0.0,,0.0,1,45.49,1.23,SPY230331C00440000,440.0,normalDay
2023-01-13,4414.0,-1108.0,0.0,100,398.5,454.0,0,0.0,0.0,,0.0,1,45.49,1.07,SPY230331C00440000,440.0,normalDay
2023-01-17,4414.0,-1166.0,0.0,100,397.77,454.0,0,0.0,0.0,,0.0,1,45.49,0.92,SPY230331C00440000,440.0,normalDay
2023-01-18,4414.0,-1760.0,0.0,100,391.49,454.0,0,0.0,0.0,,0.0,1,45.49,0.58,SPY230331C00440000,440.0,normalDay
2023-01-19,4414.0,-2028.0,0.0,100,388.64,454.0,0,0.0,0.0,,0.0,1,45.49,0.41,SPY230331C00440000,440.0,normalDay
2023-01-20,4414.0,-1329.0,0.0,100,395.88,454.0,0,0.0,0.0,,0.0,1,45.49,0.66,SPY230331C00440000,440.0,normalDay
2023-01-23,4414.0,-886.0,0.0,100,400.63,454.0,0,0.0,0.0,,0.0,1,45.49,0.98,SPY230331C00440000,440.0,normalDay
2023-01-24,4414.0,-924.0,0.0,100,400.2,454.0,0,0.0,0.0,,0.0,1,45.49,0.93,SPY230331C00440000,440.0,normalDay
2023-01-25,4414.0,-899.0,0.0,100,400.35,454.0,0,0.0,0.0,,0.0,1,45.49,0.83,SPY230331C00440000,440.0,normalDay
2023-01-26,4414.0,-487.0,0.0,100,404.75,454.0,0,0.0,0.0,,0.0,1,45.49,1.11,SPY230331C00440000,440.0,normalDay
2023-01-27,4414.0,-395.0,0.0,100,405.68,454.0,0,0.0,0.0,,0.0,1,45.49,1.12,SPY230331C00440000,440.0,normalDay
2023-01-30,4414.0,-874.0,0.0,100,400.59,454.0,0,0.0,0.0,,0.0,1,45.49,0.82,SPY230331C00440000,440.0,normalDay
2023-01-31,4414.0,-313.0,0.0,100,406.48,454.0,0,0.0,0.0,,0.0,1,45.49,1.1,SPY230331C00440000,440.0,normalDay
2023-02-01,4414.0,71.0,0.0,100,410.8,454.0,0,0.0,0.0,,0.0,1,45.49,1.58,SPY230331C00440000,440.0,normalDay
2023-02-02,4414.0,572.0,0.0,100,416.78,454.0,0,0.0,0.0,,0.0,1,45.49,2.55,SPY230331C00440000,440.0,normalDay
2023-02-03,4414.0,205.0,0.0,100,412.35,454.0,0,0.0,0.0,,0.0,1,45.49,1.79,SPY230331C00440000,440.0,normalDay
2023-02-06,4414.0,-11.0,0.0,100,409.83,454.0,0,0.0,0.0,,0.0,1,45.49,1.43,SPY230331C00440000,440.0,normalDay
2023-02-07,4414.0,474.0,0.0,100,415.19,454.0,0,0.0,0.0,,0.0,1,45.49,1.94,SPY230331C00440000,440.0,normalDay
2023-02-08,4414.0,65.0,0.0,100,410.65,454.0,0,0.0,0.0,,0.0,1,45.49,1.49,SPY230331C00440000,440.0,normalDay
2023-02-09,4414.0,-255.0,0.0,100,407.09,454.0,0,0.0,0.0,,0.0,1,45.49,1.13,SPY230331C00440000,440.0,normalDay
2023-02-10,4414.0,-162.0,0.0,100,408.04,454.0,0,0.0,0.0,,0.0,1,45.49,1.15,SPY230331C00440000,440.0,normalDay
2023-02-13,4414.0,272.0,0.0,100,412.83,454.0,0,0.0,0.0,,0.0,1,45.49,1.6,SPY230331C00440000,440.0,normalDay
2023-02-14,4414.0,301.0,0.0,100,412.64,454.0,0,0.0,0.0,,0.0,1,45.49,1.12,SPY230331C00440000,440.0,normalDay
2023-02-15,4414.0,433.0,0.0,100,413.98,454.0,0,0.0,0.0,,0.0,1,45.49,1.14,SPY230331C00440000,440.0,normalDay
2023-02-16,4414.0,-86.0,0.0,100,408.28,454.0,0,0.0,0.0,,0.0,1,45.49,0.63,SPY230331C00440000,440.0,normalDay
2023-02-17,4414.0,-173.0,0.0,100,407.26,454.0,0,0.0,0.0,,0.0,1,45.49,0.48,SPY230331C00440000,440.0,normalDay
2023-02-21,4414.0,-963.0,0.0,100,399.09,454.0,0,0.0,0.0,,0.0,1,45.49,0.21,SPY230331C00440000,440.0,normalDay
2023-02-22,4414.0,-1011.0,0.0,100,398.54,454.0,0,0.0,0.0,,0.0,1,45.49,0.14,SPY230331C00440000,440.0,normalDay
2023-02-23,4414.0,-800.0,0.0,100,400.66,454.0,0,0.0,0.0,,0.0,1,45.49,0.15,SPY230331C00440000,440.0,normalDay
2023-02-24,4414.0,-1223.0,0.0,100,396.38,454.0,0,0.0,0.0,,0.0,1,45.49,0.1,SPY230331C00440000,440.0,normalDay
2023-02-27,4414.0,-1088.0,0.0,100,397.73,454.0,0,0.0,0.0,,0.0,1,45.49,0.1,SPY230331C00440000,440.0,normalDay
2023-02-28,4414.0,-1232.0,0.0,100,396.26,454.0,0,0.0,0.0,,0.0,1,45.49,0.07,SPY230331C00440000,440.0,normalDay
2023-03-01,4414.0,-1383.0,0.0,100,394.74,454.0,0,0.0,0.0,,0.0,1,45.49,0.06,SPY230331C00440000,440.0,normalDay
2023-03-02,4414.0,-1075.0,0.0,100,397.81,454.0,0,0.0,0.0,,0.0,1,45.49,0.05,SPY230331C00440000,440.0,normalDay
2023-03-03,4414.0,-444.0,0.0,100,404.19,454.0,0,0.0,0.0,,0.0,1,45.49,0.12,SPY230331C00440000,440.0,normalDay
2023-03-06,4414.0,-414.0,0.0,100,404.47,454.0,0,0.0,0.0,,0.0,1,45.49,0.1,SPY230331C00440000,440.0,normalDay
2023-03-07,4414.0,-1029.0,0.0,100,398.27,454.0,0,0.0,0.0,,0.0,1,45.49,0.05,SPY230331C00440000,440.0,normalDay
2023-03-08,4414.0,-964.0,0.0,100,398.92,454.0,0,0.0,0.0,,0.0,1,45.49,0.05,SPY230331C00440000,440.0,normalDay
2023-03-09,4414.0,-1699.0,0.0,100,391.56,454.0,0,0.0,0.0,,0.0,1,45.49,0.04,SPY230331C00440000,440.0,normalDay
2023-03-10,4414.0,-2263.0,0.0,100,385.91,454.0,0,0.0,0.0,,0.0,1,45.49,0.03,SPY230331C00440000,440.0,normalDay
2023-03-13,4414.0,-2318.0,0.0,100,385.36,454.0,0,0.0,0.0,,0.0,1,45.49,0.03,SPY230331C00440000,440.0,normalDay
2023-03-14,4414.0,-1680.0,0.0,100,391.73,454.0,0,0.0,0.0,,0.0,1,45.49,0.02,SPY230331C00440000,440.0,normalDay
2023-03-15,4414.0,-1925.0,0.0,100,389.28,454.0,0,0.0,0.0,,0.0,1,45.49,0.02,SPY230331C00440000,440.0,normalDay
2023-03-16,4414.0,-1244.0,0.0,100,396.11,454.0,0,0.0,0.0,,0.0,1,45.49,0.04,SPY230331C00440000,440.0,normalDay
2023-03-17,4414.0,-1854.0,0.0,100,389.99,454.0,0,0.0,0.0,,0.0,1,45.49,0.02,SPY230331C00440000,440.0,normalDay
2023-03-20,4414.0,-1479.0,0.0,100,393.74,454.0,0,0.0,0.0,,0.0,1,45.49,0.02,SPY230331C00440000,440.0,normalDay
2023-03-21,4414.0,-962.0,0.0,100,398.91,454.0,0,0.0,0.0,,0.0,1,45.49,0.02,SPY230331C00440000,440.0,normalDay
2023-03-22,4414.0,-1641.0,0.0,100,392.11,454.0,0,0.0,0.0,,0.0,1,45.49,0.01,SPY230331C00440000,440.0,normalDay
2023-03-23,4414.0,-1535.0,0.0,100,393.17,454.0,0,0.0,0.0,,0.0,1,45.49,0.01,SPY230331C00440000,440.0,normalDay
2023-03-24,4414.0,-1277.0,0.0,100,395.75,454.0,0,0.0,0.0,,0.0,1,45.49,0.01,SPY230331C00440000,440.0,normalDay
2023-03-27,4414.0,-1203.0,0.0,100,396.49,454.0,0,0.0,0.0,,0.0,1,45.49,0.01,SPY230331C00440000,440.0,normalDay
2023-03-28,4414.0,-1292.0,0.0,100,395.6,454.0,0,0.0,0.0,,0.0,1,45.49,0.01,SPY230331C00440000,440.0,normalDay
2023-03-29,4414.0,-717.0,0.0,100,401.35,454.0,0,0.0,0.0,,0.0,1,45.49,0.01,SPY230331C00440000,440.0,normalDay
2023-03-30,4414.0,-482.0,0.0,100,403.7,454.0,0,0.0,0.0,,0.0,1,45.49,0.01,SPY230331C00440000,440.0,normalDay
2023-03-31,8963.0,-4461.0,4549.0,100,409.39,454.0,0,0.0,0.0,,0.0,1,45.49,0.0,SPY230331C00440000,440.0,expirationDay
2023-04-03,8963.0,-4781.0,0.0,100,410.95,454.0,0,0.0,0.0,,0.0,1,45.98,50.74,SPY240328C00396000,396.0,normalDay
2023-04-04,8963.0,-4835.0,0.0,100,408.67,454.0,0,0.0,0.0,,0.0,1,45.98,49.0,SPY240328C00396000,396.0,normalDay
2023-04-05,8963.0,-4828.0,0.0,100,407.6,454.0,0,0.0,0.0,,0.0,1,45.98,47.86,SPY240328C00396000,396.0,normalDay
2023-04-06,8963.0,-4783.0,0.0,100,409.19,454.0,0,0.0,0.0,,0.0,1,45.98,49.0,SPY240328C00396000,396.0,normalDay
2023-04-10,8963.0,-4737.0,0.0,100,409.61,454.0,0,0.0,0.0,,0.0,1,45.98,48.96,SPY240328C00396000,396.0,normalDay
2023-04-11,8963.0,-4780.0,0.0,100,409.72,454.0,0,0.0,0.0,,0.0,1,45.98,49.5,SPY240328C00396000,396.0,normalDay
2023-04-12,8963.0,-4797.0,0.0,100,408.05,454.0,0,0.0,0.0,,0.0,1,45.98,48.0,SPY240328C00396000,396.0,normalDay
2023-04-13,8963.0,-4605.0,0.0,100,413.47,454.0,0,0.0,0.0,,0.0,1,45.98,51.5,SPY240328C00396000,396.0,normalDay
2023-04-14,8963.0,-4656.0,0.0,100,412.46,454.0,0,0.0,0.0,,0.0,1,45.98,51.0,SPY240328C00396000,396.0,normalDay
2023-04-17,8963.0,-4558.0,0.0,100,413.94,454.0,0,0.0,0.0,,0.0,1,45.98,51.5,SPY240328C00396000,396.0,normalDay
2023-04-18,8963.0,-4531.0,0.0,100,414.21,454.0,0,0.0,0.0,,0.0,1,45.98,51.5,SPY240328C00396000,396.0,normalDay
2023-04-19,8963.0,-4538.0,0.0,100,414.14,454.0,0,0.0,0.0,,0.0,1,45.98,51.5,SPY240328C00396000,396.0,normalDay
2023-04-20,8963.0,-4664.0,0.0,100,411.88,454.0,0,0.0,0.0,,0.0,1,45.98,50.5,SPY240328C00396000,396.0,normalDay
2023-04-21,8963.0,-4632.0,0.0,100,412.2,454.0,0,0.0,0.0,,0.0,1,45.98,50.5,SPY240328C00396000,396.0,normalDay
2023-04-24,8963.0,-4589.0,0.0,100,412.63,454.0,0,0.0,0.0,,0.0,1,45.98,50.5,SPY240328C00396000,396.0,normalDay
2023-04-25,8963.0,-4814.0,0.0,100,406.08,454.0,0,0.0,0.0,,0.0,1,45.98,46.2,SPY240328C00396000,396.0,normalDay
2023-04-26,8963.0,-4732.0,0.0,100,404.36,454.0,0,0.0,0.0,,0.0,1,45.98,43.66,SPY240328C00396000,396.0,normalDay
2023-04-27,8963.0,-4536.0,0.0,100,412.41,454.0,0,0.0,0.0,,0.0,1,45.98,49.75,SPY240328C00396000,396.0,normalDay
2023-04-28,8963.0,-4285.0,0.0,100,415.93,454.0,0,0.0,0.0,,0.0,1,45.98,50.76,SPY240328C00396000,396.0,normalDay
2023-05-01,8963.0,-4306.0,0.0,100,415.51,454.0,0,0.0,0.0,,0.0,1,45.98,50.55,SPY240328C00396000,396.0,normalDay
2023-05-02,8963.0,-4424.0,0.0,100,410.84,454.0,0,0.0,0.0,,0.0,1,45.98,47.06,SPY240328C00396000,396.0,normalDay
2023-05-03,8963.0,-4565.0,0.0,100,408.02,454.0,0,0.0,0.0,,0.0,1,45.98,45.65,SPY240328C00396000,396.0,normalDay
2023-05-04,8963.0,-4587.0,0.0,100,405.13,454.0,0,0.0,0.0,,0.0,1,45.98,42.98,SPY240328C00396000,396.0,normalDay
2023-05-05,8963.0,-4309.0,0.0,100,412.63,454.0,0,0.0,0.0,,0.0,1,45.98,47.7,SPY240328C00396000,396.0,normalDay
2023-05-08,8963.0,-4298.0,0.0,100,412.74,454.0,0,0.0,0.0,,0.0,1,45.98,47.7,SPY240328C00396000,396.0,normalDay
2023-05-09,8963.0,-4383.0,0.0,100,410.93,454.0,0,0.0,0.0,,0.0,1,45.98,46.74,SPY240328C00396000,396.0,normalDay
2023-05-10,8963.0,-4289.0,0.0,100,412.85,454.0,0,0.0,0.0,,0.0,1,45.98,47.72,SPY240328C00396000,396.0,normalDay
2023-05-11,8963.0,-4253.0,0.0,100,412.13,454.0,0,0.0,0.0,,0.0,1,45.98,46.64,SPY240328C00396000,396.0,normalDay
2023-05-12,8963.0,-4253.0,0.0,100,411.59,454.0,0,0.0,0.0,,0.0,1,45.98,46.1,SPY240328C00396000,396.0,normalDay
2023-05-15,8963.0,-4198.0,0.0,100,413.01,454.0,0,0.0,0.0,,0.0,1,45.98,46.97,SPY240328C00396000,396.0,normalDay
2023-05-16,8963.0,-4315.0,0.0,100,410.25,454.0,0,0.0,0.0,,0.0,1,45.98,45.38,SPY240328C00396000,396.0,normalDay
2023-05-17,8963.0,-4120.0,0.0,100,415.23,454.0,0,0.0,0.0,,0.0,1,45.98,48.41,SPY240328C00396000,396.0,normalDay
2023-05-18,8963.0,-3980.0,0.0,100,419.23,454.0,0,0.0,0.0,,0.0,1,45.98,51.01,SPY240328C00396000,396.0,normalDay
2023-05-19,8963.0,-4022.0,0.0,100,418.62,454.0,0,0.0,0.0,,0.0,1,45.98,50.82,SPY240328C00396000,396.0,normalDay
2023-05-22,8963.0,-4035.0,0.0,100,418.79,454.0,0,0.0,0.0,,0.0,1,45.98,51.12,SPY240328C00396000,396.0,normalDay
2023-05-23,8963.0,-4164.0,0.0,100,414.09,454.0,0,0.0,0.0,,0.0,1,45.98,47.71,SPY240328C00396000,396.0,normalDay
2023-05-24,8963.0,-4279.0,0.0,100,411.09,454.0,0,0.0,0.0,,0.0,1,45.98,45.86,SPY240328C00396000,396.0,normalDay
2023-05-25,8963.0,-4145.0,0.0,100,414.65,454.0,0,0.0,0.0,,0.0,1,45.98,48.08,SPY240328C00396000,396.0,normalDay
2023-05-26,8963.0,-4013.0,0.0,100,420.02,454.0,0,0.0,0.0,,0.0,1,45.98,52.13,SPY240328C00396000,396.0,normalDay
2023-05-30,8963.0,-3960.0,0.0,100,420.18,454.0,0,0.0,0.0,,0.0,1,45.98,51.76,SPY240328C00396000,396.0,normalDay
2023-05-31,8963.0,-3987.0,0.0,100,417.85,454.0,0,0.0,0.0,,0.0,1,45.98,49.7,SPY240328C00396000,396.0,normalDay
2023-06-01,8963.0,-3826.0,0.0,100,421.82,454.0,0,0.0,0.0,,0.0,1,45.98,52.06,SPY240328C00396000,396.0,normalDay
2023-06-02,8963.0,-3667.0,0.0,100,427.92,454.0,0,0.0,0.0,,0.0,1,45.98,56.57,SPY240328C00396000,396.0,normalDay
2023-06-05,8963.0,-3659.0,0.0,100,427.1,454.0,0,0.0,0.0,,0.0,1,45.98,55.67,SPY240328C00396000,396.0,normalDay
2023-06-06,8963.0,-3611.0,0.0,100,428.03,454.0,0,0.0,0.0,,0.0,1,45.98,56.12,SPY240328C00396000,396.0,normalDay
2023-06-07,8963.0,-3604.0,0.0,100,426.55,454.0,0,0.0,0.0,,0.0,1,45.98,54.57,SPY240328C00396000,396.0,normalDay
2023-06-08,8963.0,-3473.0,0.0,100,429.13,454.0,0,0.0,0.0,,0.0,1,45.98,55.84,SPY240328C00396000,396.0,normalDay
2023-06-09,8963.0,-3525.0,0.0,100,429.9,454.0,0,0.0,0.0,,0.0,1,45.98,57.13,SPY240328C00396000,396.0,normalDay
2023-06-12,8963.0,-3409.0,0.0,100,433.8,454.0,0,0.0,0.0,,0.0,1,45.98,59.87,SPY240328C00396000,396.0,normalDay
2023-06-13,8963.0,-3379.0,0.0,100,436.66,454.0,0,0.0,0.0,,0.0,1,45.98,62.43,SPY240328C00396000,396.0,normalDay
2023-06-14,8963.0,-3398.0,0.0,100,437.18,454.0,0,0.0,0.0,,0.0,1,45.98,63.14,SPY240328C00396000,396.0,normalDay
2023-06-15,8963.0,-3236.0,0.0,100,442.6,454.0,0,0.0,0.0,,0.0,1,45.98,66.94,SPY240328C00396000,396.0,normalDay
2023-06-16,8963.0,-3495.0,0.0,100,439.46,454.0,0,0.0,0.0,,0.0,1,45.98,66.39,SPY240328C00396000,396.0,normalDay
2023-06-20,8963.0,-3475.0,0.0,100,437.18,454.0,0,0.0,0.0,,0.0,1,45.98,63.91,SPY240328C00396000,396.0,normalDay
2023-06-21,8963.0,-3531.0,0.0,100,434.94,454.0,0,0.0,0.0,,0.0,1,45.98,62.23,SPY240328C00396000,396.0,normalDay
2023-06-22,8963.0,-3458.0,0.0,100,436.51,454.0,0,0.0,0.0,,0.0,1,45.98,63.07,SPY240328C00396000,396.0,normalDay
2023-06-23,8963.0,-3523.0,0.0,100,433.21,454.0,0,0.0,0.0,,0.0,1,45.98,60.42,SPY240328C00396000,396.0,normalDay
2023-06-26,8963.0,-3543.0,0.0,100,431.44,454.0,0,0.0,0.0,,0.0,1,45.98,58.85,SPY240328C00396000,396.0,normalDay
2023-06-27,8963.0,-3381.0,0.0,100,436.17,454.0,0,0.0,0.0,,0.0,1,45.98,61.96,SPY240328C00396000,396.0,normalDay
2023-06-28,8963.0,-3389.0,0.0,100,436.39,454.0,0,0.0,0.0,,0.0,1,45.98,62.26,SPY240328C00396000,396.0,normalDay
2023-06-29,8963.0,-3338.0,0.0,100,438.11,454.0,0,0.0,0.0,,0.0,1,45.98,63.47,SPY240328C00396000,396.0,normalDay
2023-06-30,8963.0,-3272.0,0.0,100,443.28,454.0,0,0.0,0.0,,0.0,1,45.98,67.98,SPY240328C00396000,396.0,normalDay
2023-07-03,8963.0,-3240.0,0.0,100,443.79,454.0,0,0.0,0.0,,0.0,1,45.98,68.17,SPY240328C00396000,396.0,normalDay
2023-07-05,8963.0,-3251.0,0.0,100,443.13,454.0,0,0.0,0.0,,0.0,1,45.98,67.62,SPY240328C00396000,396.0,normalDay
2023-07-06,8963.0,-3337.0,0.0,100,439.66,454.0,0,0.0,0.0,,0.0,1,45.98,65.01,SPY240328C00396000,396.0,normalDay
2023-07-07,8963.0,-3358.0,0.0,100,438.55,454.0,0,0.0,0.0,,0.0,1,45.98,64.11,SPY240328C00396000,396.0,normalDay
2023-07-10,8963.0,-3292.0,0.0,100,439.66,454.0,0,0.0,0.0,,0.0,1,45.98,64.56,SPY240328C00396000,396.0,normalDay
2023-07-11,8963.0,-3203.0,0.0,100,442.46,454.0,0,0.0,0.0,,0.0,1,45.98,66.47,SPY240328C00396000,396.0,normalDay
2023-07-12,8963.0,-3126.0,0.0,100,446.02,454.0,0,0.0,0.0,,0.0,1,45.98,69.26,SPY240328C00396000,396.0,normalDay
2023-07-13,8963.0,-3059.0,0.0,100,449.56,454.0,0,0.0,0.0,,0.0,1,45.98,72.13,SPY240328C00396000,396.0,normalDay
2023-07-14,8963.0,-3050.0,0.0,100,449.28,454.0,0,0.0,0.0,,0.0,1,45.98,71.76,SPY240328C00396000,396.0,normalDay
2023-07-17,8963.0,-3010.0,0.0,100,450.84,454.0,0,0.0,0.0,,0.0,1,45.98,72.92,SPY240328C00396000,396.0,normalDay
2023-07-18,8963.0,-2982.0,0.0,100,454.19,454.0,0,0.0,0.0,,0.0,1,45.98,75.99,SPY240328C00396000,396.0,normalDay
2023-07-19,8963.0,-3000.0,0.0,100,455.2,454.0,0,0.0,0.0,,0.0,1,45.98,77.18,SPY240328C00396000,396.0,normalDay
2023-07-20,8963.0,-3062.0,0.0,100,452.18,454.0,0,0.0,0.0,,0.0,1,45.98,74.78,SPY240328C00396000,396.0,normalDay
2023-07-21,8963.0,-3014.0,0.0,100,452.18,454.0,0,0.0,0.0,,0.0,1,45.98,74.3,SPY240328C00396000,396.0,normalDay
2023-07-24,8963.0,-2994.0,0.0,100,454.2,454.0,0,0.0,0.0,,0.0,1,45.98,76.12,SPY240328C00396000,396.0,normalDay
2023-07-25,8963.0,-3061.0,0.0,100,455.44,454.0,0,0.0,0.0,,0.0,1,45.98,78.03,SPY240328C00396000,396.0,normalDay
2023-07-26,8963.0,-3113.0,0.0,100,455.51,454.0,0,0.0,0.0,,0.0,1,45.98,78.62,SPY240328C00396000,396.0,normalDay
2023-07-27,8963.0,-3046.0,0.0,100,452.49,454.0,0,0.0,0.0,,0.0,1,45.98,74.93,SPY240328C00396000,396.0,normalDay
2023-07-28,8963.0,-2947.0,0.0,100,456.92,454.0,0,0.0,0.0,,0.0,1,45.98,78.37,SPY240328C00396000,396.0,normalDay
2023-07-31,8963.0,-2932.0,0.0,100,457.79,454.0,0,0.0,0.0,,0.0,1,45.98,79.09,SPY240328C00396000,396.0,normalDay
2023-08-01,8963.0,-2919.0,0.0,100,456.48,454.0,0,0.0,0.0,,0.0,1,45.98,77.65,SPY240328C00396000,396.0,normalDay
2023-08-02,8963.0,-3067.0,0.0,100,450.13,454.0,0,0.0,0.0,,0.0,1,45.98,72.78,SPY240328C00396000,396.0,normalDay
2023-08-03,8963.0,-3264.0,0.0,100,448.84,454.0,0,0.0,0.0,,0.0,1,45.98,73.46,SPY240328C00396000,396.0,normalDay
2023-08-04,8963.0,-3108.0,0.0,100,446.81,454.0,0,0.0,0.0,,0.0,1,45.98,69.87,SPY240328C00396000,396.0,normalDay
2023-08-07,8963.0,-2993.0,0.0,100,450.71,454.0,0,0.0,0.0,,0.0,1,45.98,72.62,SPY240328C00396000,396.0,normalDay
2023-08-08,8963.0,-3004.0,0.0,100,448.75,454.0,0,0.0,0.0,,0.0,1,45.98,70.77,SPY240328C00396000,396.0,normalDay
2023-08-09,8963.0,-3088.0,0.0,100,445.75,454.0,0,0.0,0.0,,0.0,1,45.98,68.61,SPY240328C00396000,396.0,normalDay
2023-08-10,8963.0,-3007.0,0.0,100,445.91,454.0,0,0.0,0.0,,0.0,1,45.98,67.96,SPY240328C00396000,396.0,normalDay
2023-08-11,8963.0,-3006.0,0.0,100,445.65,454.0,0,0.0,0.0,,0.0,1,45.98,67.69,SPY240328C00396000,396.0,normalDay
2023-08-14,8963.0,-2936.0,0.0,100,448.11,454.0,0,0.0,0.0,,0.0,1,45.98,69.45,SPY240328C00396000,396.0,normalDay
2023-08-15,8963.0,-3021.0,0.0,100,442.89,454.0,0,0.0,0.0,,0.0,1,45.98,65.08,SPY240328C00396000,396.0,normalDay
2023-08-16,8963.0,-3104.0,0.0,100,439.64,454.0,0,0.0,0.0,,0.0,1,45.98,62.66,SPY240328C00396000,396.0,normalDay
2023-08-17,8963.0,-3143.0,0.0,100,436.29,454.0,0,0.0,0.0,,0.0,1,45.98,59.7,SPY240328C00396000,396.0,normalDay
2023-08-18,8963.0,-3111.0,0.0,100,436.5,454.0,0,0.0,0.0,,0.0,1,45.98,59.59,SPY240328C00396000,396.0,normalDay
2023-08-21,8963.0,-2998.0,0.0,100,439.34,454.0,0,0.0,0.0,,0.0,1,45.98,61.3,SPY240328C00396000,396.0,normalDay
2023-08-22,8963.0,-3036.0,0.0,100,438.15,454.0,0,0.0,0.0,,0.0,1,45.98,60.49,SPY240328C00396000,396.0,normalDay
2023-08-23,8963.0,-3046.0,0.0,100,443.03,454.0,0,0.0,0.0,,0.0,1,45.98,65.47,SPY240328C00396000,396.0,normalDay
2023-08-24,8963.0,-3066.0,0.0,100,436.89,454.0,0,0.0,0.0,,0.0,1,45.98,59.53,SPY240328C00396000,396.0,normalDay
2023-08-25,8963.0,-3006.0,0.0,100,439.97,454.0,0,0.0,0.0,,0.0,1,45.98,62.01,SPY240328C00396000,396.0,normalDay
2023-08-28,8963.0,-2918.0,0.0,100,442.76,454.0,0,0.0,0.0,,0.0,1,45.98,63.92,SPY240328C00396000,396.0,normalDay
2023-08-29,8963.0,-2797.0,0.0,100,449.16,454.0,0,0.0,0.0,,0.0,1,45.98,69.11,SPY240328C00396000,396.0,normalDay
2023-08-30,8963.0,-2755.0,0.0,100,451.01,454.0,0,0.0,0.0,,0.0,1,45.98,70.54,SPY240328C00396000,396.0,normalDay
2023-08-31,8963.0,-2757.0,0.0,100,450.35,454.0,0,0.0,0.0,,0.0,1,45.98,69.9,SPY240328C00396000,396.0,normalDay
2023-09-01,8963.0,-2628.0,0.0,100,451.19,454.0,0,0.0,0.0,,0.0,1,45.98,69.45,SPY240328C00396000,396.0,normalDay
2023-09-05,8963.0,-2665.0,0.0,100,449.24,454.0,0,0.0,0.0,,0.0,1,45.98,67.87,SPY240328C00396000,396.0,normalDay
2023-09-06,8963.0,-2690.0,0.0,100,446.22,454.0,0,0.0,0.0,,0.0,1,45.98,65.1,SPY240328C00396000,396.0,normalDay
2023-09-07,8963.0,-2701.0,0.0,100,444.85,454.0,0,0.0,0.0,,0.0,1,45.98,63.84,SPY240328C00396000,396.0,normalDay
2023-09-08,8963.0,-2692.0,0.0,100,445.52,454.0,0,0.0,0.0,,0.0,1,45.98,64.42,SPY240328C00396000,396.0,normalDay
2023-09-11,8963.0,-2603.0,0.0,100,448.45,454.0,0,0.0,0.0,,0.0,1,45.98,66.46,SPY240328C00396000,396.0,normalDay
2023-09-12,8963.0,-2644.0,0.0,100,445.99,454.0,0,0.0,0.0,,0.0,1,45.98,64.41,SPY240328C00396000,396.0,normalDay
2023-09-13,8963.0,-2621.0,0.0,100,446.51,454.0,0,0.0,0.0,,0.0,1,45.98,64.7,SPY240328C00396000,396.0,normalDay
2023-09-14,8963.0,-2532.0,0.0,100,450.36,454.0,0,0.0,0.0,,0.0,1,45.98,67.66,SPY240328C00396000,396.0,normalDay
2023-09-15,8963.0,-2732.0,0.0,100,443.37,454.0,0,0.0,0.0,,0.0,1,45.98,62.67,SPY240328C00396000,396.0,normalDay
2023-09-18,8963.0,-2717.0,0.0,100,443.63,454.0,0,0.0,0.0,,0.0,1,45.98,62.78,SPY240328C00396000,396.0,normalDay
2023-09-19,8963.0,-2723.0,0.0,100,442.71,454.0,0,0.0,0.0,,0.0,1,45.98,61.92,SPY240328C00396000,396.0,normalDay
2023-09-20,8963.0,-2741.0,0.0,100,438.64,454.0,0,0.0,0.0,,0.0,1,45.98,58.03,SPY240328C00396000,396.0,normalDay
2023-09-21,8963.0,-2869.0,0.0,100,431.39,454.0,0,0.0,0.0,,0.0,1,45.98,52.06,SPY240328C00396000,396.0,normalDay
2023-09-22,8963.0,-2915.0,0.0,100,430.42,454.0,0,0.0,0.0,,0.0,1,45.98,51.55,SPY240328C00396000,396.0,normalDay
2023-09-25,8963.0,-2850.0,0.0,100,432.23,454.0,0,0.0,0.0,,0.0,1,45.98,52.71,SPY240328C00396000,396.0,normalDay
2023-09-26,8963.0,-3066.0,0.0,100,425.88,454.0,0,0.0,0.0,,0.0,1,45.98,48.52,SPY240328C00396000,396.0,normalDay
2023-09-27,8963.0,-3029.0,0.0,100,426.05,454.0,0,0.0,0.0,,0.0,1,45.98,48.32,SPY240328C00396000,396.0,normalDay
2023-09-28,8963.0,-2883.0,0.0,100,428.52,454.0,0,0.0,0.0,,0.0,1,45.98,49.33,SPY240328C00396000,396.0,normalDay
2023-09-29,8963.0,-2988.0,0.0,100,427.48,454.0,0,0.0,0.0,,0.0,1,45.98,49.34,SPY240328C00396000,396.0,normalDay
2023-10-02,8963.0,-2906.0,0.0,100,427.31,454.0,0,0.0,0.0,,0.0,1,45.98,48.35,SPY240328C00396000,396.0,normalDay
2023-10-03,8963.0,-3094.0,0.0,100,421.59,454.0,0,0.0,0.0,,0.0,1,45.98,44.51,SPY240328C00396000,396.0,normalDay
2023-10-04,8963.0,-2945.0,0.0,100,424.66,454.0,0,0.0,0.0,,0.0,1,45.98,46.09,SPY240328C00396000,396.0,normalDay
2023-10-05,8963.0,-2916.0,0.0,100,424.5,454.0,0,0.0,0.0,,0.0,1,45.98,45.64,SPY240328C00396000,396.0,normalDay
2023-10-06,8963.0,-2850.0,0.0,100,429.54,454.0,0,0.0,0.0,,0.0,1,45.98,50.02,SPY240328C00396000,396.0,normalDay
2023-10-09,8963.0,-2780.0,0.0,100,432.29,454.0,0,0.0,0.0,,0.0,1,45.98,52.07,SPY240328C00396000,396.0,normalDay
2023-10-10,8963.0,-2693.0,0.0,100,434.54,454.0,0,0.0,0.0,,0.0,1,45.98,53.45,SPY240328C00396000,396.0,normalDay
2023-10-11,8963.0,-2697.0,0.0,100,436.32,454.0,0,0.0,0.0,,0.0,1,45.98,55.27,SPY240328C00396000,396.0,normalDay
2023-10-12,8963.0,-2704.0,0.0,100,433.66,454.0,0,0.0,0.0,,0.0,1,45.98,52.68,SPY240328C00396000,396.0,normalDay
2023-10-13,8963.0,-2748.0,0.0,100,431.5,454.0,0,0.0,0.0,,0.0,1,45.98,50.96,SPY240328C00396000,396.0,normalDay
2023-10-16,8963.0,-2650.0,0.0,100,436.04,454.0,0,0.0,0.0,,0.0,1,45.98,54.52,SPY240328C00396000,396.0,normalDay
2023-10-17,8963.0,-2604.0,0.0,100,436.02,454.0,0,0.0,0.0,,0.0,1,45.98,54.04,SPY240328C00396000,396.0,normalDay
2023-10-18,8963.0,-2839.0,0.0,100,430.21,454.0,0,0.0,0.0,,0.0,1,45.98,50.58,SPY240328C00396000,396.0,normalDay
2023-10-19,8963.0,-2851.0,0.0,100,426.43,454.0,0,0.0,0.0,,0.0,1,45.98,46.92,SPY240328C00396000,396.0,normalDay
2023-10-20,8963.0,-2997.0,0.0,100,421.19,454.0,0,0.0,0.0,,0.0,1,45.98,43.14,SPY240328C00396000,396.0,normalDay
2023-10-23,8963.0,-2996.0,0.0,100,420.46,454.0,0,0.0,0.0,,0.0,1,45.98,42.4,SPY240328C00396000,396.0,normalDay
2023-10-24,8963.0,-2955.0,0.0,100,423.63,454.0,0,0.0,0.0,,0.0,1,45.98,45.16,SPY240328C00396000,396.0,normalDay
2023-10-25,8963.0,-3015.0,0.0,100,417.55,454.0,0,0.0,0.0,,0.0,1,45.98,39.68,SPY240328C00396000,396.0,normalDay
2023-10-26,8963.0,-3104.0,0.0,100,412.55,454.0,0,0.0,0.0,,0.0,1,45.98,35.57,SPY240328C00396000,396.0,normalDay
2023-10-27,8963.0,-3143.0,0.0,100,410.68,454.0,0,0.0,0.0,,0.0,1,45.98,34.09,SPY240328C00396000,396.0,normalDay
2023-10-30,8963.0,-2921.0,0.0,100,415.59,454.0,0,0.0,0.0,,0.0,1,45.98,36.78,SPY240328C00396000,396.0,normalDay
2023-10-31,8963.0,-2775.0,0.0,100,418.2,454.0,0,0.0,0.0,,0.0,1,45.98,37.93,SPY240328C00396000,396.0,normalDay
2023-11-01,8963.0,-2663.0,0.0,100,422.66,454.0,0,0.0,0.0,,0.0,1,45.98,41.27,SPY240328C00396000,396.0,normalDay
2023-11-02,8963.0,-2460.0,0.0,100,430.76,454.0,0,0.0,0.0,,0.0,1,45.98,47.34,SPY240328C00396000,396.0,normalDay
2023-11-03,8963.0,-2424.0,0.0,100,434.69,454.0,0,0.0,0.0,,0.0,1,45.98,50.91,SPY240328C00396000,396.0,normalDay
2023-11-06,8963.0,-2327.0,0.0,100,435.69,454.0,0,0.0,0.0,,0.0,1,45.98,50.94,SPY240328C00396000,396.0,normalDay
2023-11-07,8963.0,-2327.0,0.0,100,436.93,454.0,0,0.0,0.0,,0.0,1,45.98,52.18,SPY240328C00396000,396.0,normalDay
2023-11-08,8963.0,-2283.0,0.0,100,437.25,454.0,0,0.0,0.0,,0.0,1,45.98,52.06,SPY240328C00396000,396.0,normalDay
2023-11-09,8963.0,-2379.0,0.0,100,433.84,454.0,0,0.0,0.0,,0.0,1,45.98,49.61,SPY240328C00396000,396.0,normalDay
2023-11-10,8963.0,-2265.0,0.0,100,440.61,454.0,0,0.0,0.0,,0.0,1,45.98,55.24,SPY240328C00396000,396.0,normalDay
2023-11-13,8963.0,-2244.0,0.0,100,440.19,454.0,0,0.0,0.0,,0.0,1,45.98,54.61,SPY240328C00396000,396.0,normalDay
2023-11-14,8963.0,-2180.0,0.0,100,448.73,454.0,0,0.0,0.0,,0.0,1,45.98,62.51,SPY240328C00396000,396.0,normalDay
2023-11-15,8963.0,-2091.0,0.0,100,449.68,454.0,0,0.0,0.0,,0.0,1,45.98,62.57,SPY240328C00396000,396.0,normalDay
2023-11-16,8963.0,-2106.0,0.0,100,450.23,454.0,0,0.0,0.0,,0.0,1,45.98,63.27,SPY240328C00396000,396.0,normalDay
2023-11-17,8963.0,-2073.0,0.0,100,450.79,454.0,0,0.0,0.0,,0.0,1,45.98,63.5,SPY240328C00396000,396.0,normalDay
2023-11-20,8963.0,-2037.0,0.0,100,454.26,454.0,0,0.0,0.0,,0.0,1,45.98,66.61,SPY240328C00396000,396.0,normalDay
2023-11-21,8963.0,-1991.0,0.0,100,453.27,454.0,0,0.0,0.0,,0.0,1,45.98,65.16,SPY240328C00396000,396.0,normalDay
2023-11-22,8963.0,-2091.0,0.0,100,455.02,454.0,0,0.0,0.0,,0.0,1,45.98,67.91,SPY240328C00396000,396.0,normalDay
2023-11-24,8963.0,-2087.0,0.0,100,455.3,454.0,0,0.0,0.0,,0.0,1,45.98,68.15,SPY240328C00396000,396.0,normalDay
2023-11-27,8963.0,-2090.0,0.0,100,454.48,454.0,0,0.0,0.0,,0.0,1,45.98,67.36,SPY240328C00396000,396.0,normalDay
2023-11-28,8963.0,-2066.0,0.0,100,454.93,454.0,0,0.0,0.0,,0.0,1,45.98,67.57,SPY240328C00396000,396.0,normalDay
2023-11-29,8963.0,-2014.0,0.0,100,454.61,454.0,0,0.0,0.0,,0.0,1,45.98,66.73,SPY240328C00396000,396.0,normalDay
2023-11-30,8963.0,-2008.0,0.0,100,456.4,454.0,0,0.0,0.0,,0.0,1,45.98,68.46,SPY240328C00396000,396.0,normalDay
