date,totalCapital,unrializedPnL,rializedPnL,stocksOwned,stocksPriceToday,stocksPriceBoughtAt,putOwned,putOwnedSoldAt,putPriceToday,putOwnedContract,putOwnedStrike,callOwned,callOwnedSoldAt,callPriceToday,callOwnedContract,callOwnedStrike,trackType
2018-11-01,0.0,-6.0,0.0,0,273.51,0.0,1,4.07,4.13,SPY181221P00264000,264.0,0,0.0,0.0,,0.0,normalDay
2018-11-02,0.0,-41.0,0.0,0,271.89,0.0,1,4.07,4.48,SPY181221P00264000,264.0,0,0.0,0.0,,0.0,normalDay
2018-11-05,0.0,17.0,0.0,0,273.39,0.0,1,4.07,3.9,SPY181221P00264000,264.0,0,0.0,0.0,,0.0,normalDay
2018-11-06,0.0,68.0,0.0,0,275.12,0.0,1,4.07,3.39,SPY181221P00264000,264.0,0,0.0,0.0,,0.0,normalDay
2018-11-07,0.0,230.0,0.0,0,281.01,0.0,1,4.07,1.77,SPY181221P00264000,264.0,0,0.0,0.0,,0.0,normalDay
2018-11-08,0.0,226.0,0.0,0,280.5,0.0,1,4.07,1.81,SPY181221P00264000,264.0,0,0.0,0.0,,0.0,normalDay
2018-11-09,0.0,172.0,0.0,0,277.76,0.0,1,4.07,2.35,SPY181221P00264000,264.0,0,0.0,0.0,,0.0,normalDay
2018-11-12,0.0,36.0,0.0,0,272.57,0.0,1,4.07,3.71,SPY181221P00264000,264.0,0,0.0,0.0,,0.0,normalDay
2018-11-13,0.0,25.0,0.0,0,272.06,0.0,1,4.07,3.82,SPY181221P00264000,264.0,0,0.0,0.0,,0.0,normalDay
2018-11-14,0.0,-55.0,0.0,0,270.2,0.0,1,4.07,4.62,SPY181221P00264000,264.0,0,0.0,0.0,,0.0,normalDay
2018-11-15,0.0,67.0,0.0,0,273.02,0.0,1,4.07,3.4,SPY181221P00264000,264.0,0,0.0,0.0,,0.0,normalDay
2018-11-16,0.0,133.0,0.0,0,273.73,0.0,1,4.07,2.74,SPY181221P00264000,264.0,0,0.0,0.0,,0.0,normalDay
2018-11-19,0.0,-10.0,0.0,0,269.1,0.0,1,4.07,4.17,SPY181221P00264000,264.0,0,0.0,0.0,,0.0,normalDay
2018-11-20,0.0,-253.0,0.0,0,264.12,0.0,1,4.07,6.6,SPY181221P00264000,264.0,0,0.0,0.0,,0.0,normalDay
2018-11-21,0.0,-159.0,0.0,0,265.02,0.0,1,4.07,5.66,SPY181221P00264000,264.0,0,0.0,0.0,,0.0,normalDay
2018-11-23,0.0,-257.0,0.0,0,263.25,0.0,1,4.07,6.64,SPY181221P00264000,264.0,0,0.0,0.0,,0.0,normalDay
2018-11-26,0.0,31.0,0.0,0,267.5,0.0,1,4.07,3.76,SPY181221P00264000,264.0,0,0.0,0.0,,0.0,normalDay
2018-11-27,0.0,44.0,0.0,0,268.4,0.0,1,4.07,3.63,SPY181221P00264000,264.0,0,0.0,0.0,,0.0,normalDay
2018-11-28,0.0,210.0,0.0,0,274.58,0.0,1,4.07,1.97,SPY181221P00264000,264.0,0,0.0,0.0,,0.0,normalDay
2018-11-29,0.0,198.0,0.0,0,273.98,0.0,1,4.07,2.09,SPY181221P00264000,264.0,0,0.0,0.0,,0.0,normalDay
2018-11-30,0.0,243.0,0.0,0,275.65,0.0,1,4.07,1.64,SPY181221P00264000,264.0,0,0.0,0.0,,0.0,normalDay
2018-12-03,0.0,333.0,0.0,0,279.3,0.0,1,4.07,0.74,SPY181221P00264000,264.0,0,0.0,0.0,,0.0,normalDay
2018-12-04,0.0,111.0,0.0,0,270.25,0.0,1,4.07,2.96,SPY181221P00264000,264.0,0,0.0,0.0,,0.0,normalDay
2018-12-06,0.0,116.0,0.0,0,269.84,0.0,1,4.07,2.91,SPY181221P00264000,264.0,0,0.0,0.0,,0.0,normalDay
2018-12-07,0.0,-167.0,0.0,0,263.57,0.0,1,4.07,5.74,SPY181221P00264000,264.0,0,0.0,0.0,,0.0,normalDay
2018-12-10,0.0,-43.0,0.0,0,264.07,0.0,1,4.07,4.5,SPY181221P00264000,264.0,0,0.0,0.0,,0.0,normalDay
2018-12-11,0.0,-16.0,0.0,0,264.13,0.0,1,4.07,4.23,SPY181221P00264000,264.0,0,0.0,0.0,,0.0,normalDay
2018-12-12,0.0,45.0,0.0,0,265.46,0.0,1,4.07,3.62,SPY181221P00264000,264.0,0,0.0,0.0,,0.0,normalDay
2018-12-13,0.0,93.0,0.0,0,265.37,0.0,1,4.07,3.14,SPY181221P00264000,264.0,0,0.0,0.0,,0.0,normalDay
2018-12-14,0.0,-193.0,0.0,0,260.47,0.0,1,4.07,6.0,SPY181221P00264000,264.0,0,0.0,0.0,,0.0,normalDay
2018-12-17,0.0,-619.0,0.0,0,255.36,0.0,1,4.07,10.26,SPY181221P00264000,264.0,0,0.0,0.0,,0.0,normalDay
2018-12-18,0.0,-708.0,0.0,0,255.08,0.0,1,4.07,11.15,SPY181221P00264000,264.0,0,0.0,0.0,,0.0,normalDay
2018-12-19,0.0,-1008.0,0.0,0,251.26,0.0,1,4.07,14.15,SPY181221P00264000,264.0,0,0.0,0.0,,0.0,normalDay
2018-12-20,0.0,-1356.0,0.0,0,247.17,0.0,1,4.07,17.63,SPY181221P00264000,264.0,0,0.0,0.0,,0.0,normalDay
2018-12-21,407.0,-2330.0,407.0,100,240.7,264.0,1,4.07,0.0,SPY181221P00264000,264.0,0,0.0,0.0,,0.0,expirationDay
2018-12-24,407.0,-2972.0,0.0,100,234.34,264.0,0,0.0,0.0,,0.0,1,0.43,0.49,SPY190315C00275000,275.0,normalDay
2018-12-26,407.0,-1858.0,0.0,100,246.18,264.0,0,0.0,0.0,,0.0,1,0.43,1.19,SPY190315C00275000,275.0,normalDay
2018-12-27,407.0,-1710.0,0.0,100,248.07,264.0,0,0.0,0.0,,0.0,1,0.43,1.6,SPY190315C00275000,275.0,normalDay
2018-12-28,407.0,-1718.0,0.0,100,247.75,264.0,0,0.0,0.0,,0.0,1,0.43,1.36,SPY190315C00275000,275.0,normalDay
2018-12-31,407.0,-1487.0,0.0,100,249.92,264.0,0,0.0,0.0,,0.0,1,0.43,1.22,SPY190315C00275000,275.0,normalDay
2019-01-02,407.0,-1438.0,0.0,100,250.18,264.0,0,0.0,0.0,,0.0,1,0.43,0.99,SPY190315C00275000,275.0,normalDay
2019-01-03,407.0,-1991.0,0.0,100,244.21,264.0,0,0.0,0.0,,0.0,1,0.43,0.55,SPY190315C00275000,275.0,normalDay
2019-01-04,407.0,-1228.0,0.0,100,252.39,264.0,0,0.0,0.0,,0.0,1,0.43,1.1,SPY190315C00275000,275.0,normalDay
2019-01-07,407.0,-1040.0,0.0,100,254.38,264.0,0,0.0,0.0,,0.0,1,0.43,1.21,SPY190315C00275000,275.0,normalDay
2019-01-08,407.0,-819.0,0.0,100,256.77,264.0,0,0.0,0.0,,0.0,1,0.43,1.39,SPY190315C00275000,275.0,normalDay
2019-01-09,407.0,-702.0,0.0,100,257.97,264.0,0,0.0,0.0,,0.0,1,0.43,1.42,SPY190315C00275000,275.0,normalDay
2019-01-10,407.0,-620.0,0.0,100,258.88,264.0,0,0.0,0.0,,0.0,1,0.43,1.51,SPY190315C00275000,275.0,normalDay
2019-01-11,407.0,-580.0,0.0,100,258.98,264.0,0,0.0,0.0,,0.0,1,0.43,1.21,SPY190315C00275000,275.0,normalDay
2019-01-14,407.0,-703.0,0.0,100,257.4,264.0,0,0.0,0.0,,0.0,1,0.43,0.86,SPY190315C00275000,275.0,normalDay
2019-01-15,407.0,-433.0,0.0,100,260.35,264.0,0,0.0,0.0,,0.0,1,0.43,1.11,SPY190315C00275000,275.0,normalDay
2019-01-16,407.0,-383.0,0.0,100,260.98,264.0,0,0.0,0.0,,0.0,1,0.43,1.24,SPY190315C00275000,275.0,normalDay
2019-01-17,407.0,-220.0,0.0,100,262.96,264.0,0,0.0,0.0,,0.0,1,0.43,1.59,SPY190315C00275000,275.0,normalDay
2019-01-18,407.0,24.0,0.0,100,266.46,264.0,0,0.0,0.0,,0.0,1,0.43,2.65,SPY190315C00275000,275.0,normalDay
2019-01-22,407.0,-255.0,0.0,100,262.86,264.0,0,0.0,0.0,,0.0,1,0.43,1.84,SPY190315C00275000,275.0,normalDay
2019-01-23,407.0,-193.0,0.0,100,263.41,264.0,0,0.0,0.0,,0.0,1,0.43,1.77,SPY190315C00275000,275.0,normalDay
2019-01-24,407.0,-146.0,0.0,100,263.55,264.0,0,0.0,0.0,,0.0,1,0.43,1.44,SPY190315C00275000,275.0,normalDay
2019-01-25,407.0,10.0,0.0,100,265.78,264.0,0,0.0,0.0,,0.0,1,0.43,2.11,SPY190315C00275000,275.0,normalDay
2019-01-28,407.0,-140.0,0.0,100,263.76,264.0,0,0.0,0.0,,0.0,1,0.43,1.59,SPY190315C00275000,275.0,normalDay
2019-01-29,407.0,-161.0,0.0,100,263.41,264.0,0,0.0,0.0,,0.0,1,0.43,1.45,SPY190315C00275000,275.0,normalDay
2019-01-30,407.0,164.0,0.0,100,267.58,264.0,0,0.0,0.0,,0.0,1,0.43,2.37,SPY190315C00275000,275.0,normalDay
2019-01-31,407.0,320.0,0.0,100,269.93,264.0,0,0.0,0.0,,0.0,1,0.43,3.16,SPY190315C00275000,275.0,normalDay
2019-02-01,407.0,362.0,0.0,100,270.06,264.0,0,0.0,0.0,,0.0,1,0.43,2.87,SPY190315C00275000,275.0,normalDay
2019-02-04,407.0,507.0,0.0,100,271.96,264.0,0,0.0,0.0,,0.0,1,0.43,3.32,SPY190315C00275000,275.0,normalDay
2019-02-05,407.0,573.0,0.0,100,273.1,264.0,0,0.0,0.0,,0.0,1,0.43,3.8,SPY190315C00275000,275.0,normalDay
2019-02-06,407.0,567.0,0.0,100,272.74,264.0,0,0.0,0.0,,0.0,1,0.43,3.5,SPY190315C00275000,275.0,normalDay
2019-02-07,407.0,406.0,0.0,100,270.14,264.0,0,0.0,0.0,,0.0,1,0.43,2.51,SPY190315C00275000,275.0,normalDay
2019-02-08,407.0,456.0,0.0,100,270.47,264.0,0,0.0,0.0,,0.0,1,0.43,2.34,SPY190315C00275000,275.0,normalDay
2019-02-11,407.0,475.0,0.0,100,270.62,264.0,0,0.0,0.0,,0.0,1,0.43,2.3,SPY190315C00275000,275.0,normalDay
2019-02-12,407.0,660.0,0.0,100,274.1,264.0,0,0.0,0.0,,0.0,1,0.43,3.93,SPY190315C00275000,275.0,normalDay
2019-02-13,407.0,719.0,0.0,100,274.99,264.0,0,0.0,0.0,,0.0,1,0.43,4.23,SPY190315C00275000,275.0,normalDay
2019-02-14,407.0,694.0,0.0,100,274.38,264.0,0,0.0,0.0,,0.0,1,0.43,3.87,SPY190315C00275000,275.0,normalDay
2019-02-15,407.0,833.0,0.0,100,277.37,264.0,0,0.0,0.0,,0.0,1,0.43,5.47,SPY190315C00275000,275.0,normalDay
2019-02-19,407.0,897.0,0.0,100,277.85,264.0,0,0.0,0.0,,0.0,1,0.43,5.31,SPY190315C00275000,275.0,normalDay
2019-02-20,407.0,914.0,0.0,100,278.41,264.0,0,0.0,0.0,,0.0,1,0.43,5.7,SPY190315C00275000,275.0,normalDay
2019-02-21,407.0,880.0,0.0,100,277.42,264.0,0,0.0,0.0,,0.0,1,0.43,5.05,SPY190315C00275000,275.0,normalDay
2019-02-22,407.0,959.0,0.0,100,279.14,264.0,0,0.0,0.0,,0.0,1,0.43,5.98,SPY190315C00275000,275.0,normalDay
2019-02-25,407.0,961.0,0.0,100,279.52,264.0,0,0.0,0.0,,0.0,1,0.43,6.34,SPY190315C00275000,275.0,normalDay
2019-02-26,407.0,970.0,0.0,100,279.32,264.0,0,0.0,0.0,,0.0,1,0.43,6.05,SPY190315C00275000,275.0,normalDay
2019-02-27,407.0,967.0,0.0,100,279.2,264.0,0,0.0,0.0,,0.0,1,0.43,5.96,SPY190315C00275000,275.0,normalDay
2019-02-28,407.0,979.0,0.0,100,278.68,264.0,0,0.0,0.0,,0.0,1,0.43,5.32,SPY190315C00275000,275.0,normalDay
2019-03-01,407.0,1032.0,0.0,100,280.42,264.0,0,0.0,0.0,,0.0,1,0.43,6.53,SPY190315C00275000,275.0,normalDay
2019-03-04,407.0,1034.0,0.0,100,279.4,264.0,0,0.0,0.0,,0.0,1,0.43,5.49,SPY190315C00275000,275.0,normalDay
2019-03-05,407.0,1037.0,0.0,100,279.02,264.0,0,0.0,0.0,,0.0,1,0.43,5.08,SPY190315C00275000,275.0,normalDay
2019-03-06,407.0,989.0,0.0,100,277.33,264.0,0,0.0,0.0,,0.0,1,0.43,3.87,SPY190315C00275000,275.0,normalDay
2019-03-07,407.0,905.0,0.0,100,275.01,264.0,0,0.0,0.0,,0.0,1,0.43,2.39,SPY190315C00275000,275.0,normalDay
2019-03-08,407.0,924.0,0.0,100,274.46,264.0,0,0.0,0.0,,0.0,1,0.43,1.65,SPY190315C00275000,275.0,normalDay
2019-03-11,407.0,1098.0,0.0,100,278.44,264.0,0,0.0,0.0,,0.0,1,0.43,3.89,SPY190315C00275000,275.0,normalDay
2019-03-12,407.0,1141.0,0.0,100,279.49,264.0,0,0.0,0.0,,0.0,1,0.43,4.51,SPY190315C00275000,275.0,normalDay
2019-03-13,407.0,1119.0,0.0,100,281.34,264.0,0,0.0,0.0,,0.0,1,0.43,6.58,SPY190315C00275000,275.0,normalDay
2019-03-14,407.0,1139.0,0.0,100,281.16,264.0,0,0.0,0.0,,0.0,1,0.43,6.2,SPY190315C00275000,275.0,normalDay
2019-03-15,1550.0,1139.0,1143.0,0,281.31,0.0,0,0.0,0.0,,0.0,1,0.43,0.0,SPY190315C00275000,275.0,expirationDay
2019-03-18,1550.0,-4.0,0.0,0,282.33,0.0,1,1.97,2.01,SPY190426P00276000,276.0,0,0.0,0.0,,0.0,normalDay
2019-03-19,1550.0,-23.0,0.0,0,282.4,0.0,1,1.97,2.2,SPY190426P00276000,276.0,0,0.0,0.0,,0.0,normalDay
2019-03-20,1550.0,-45.0,0.0,0,281.55,0.0,1,1.97,2.42,SPY190426P00276000,276.0,0,0.0,0.0,,0.0,normalDay
2019-03-21,1550.0,25.0,0.0,0,284.73,0.0,1,1.97,1.72,SPY190426P00276000,276.0,0,0.0,0.0,,0.0,normalDay
2019-03-22,1550.0,-147.0,0.0,0,279.25,0.0,1,1.97,3.44,SPY190426P00276000,276.0,0,0.0,0.0,,0.0,normalDay
2019-03-25,1550.0,-154.0,0.0,0,279.04,0.0,1,1.97,3.51,SPY190426P00276000,276.0,0,0.0,0.0,,0.0,normalDay
2019-03-26,1550.0,-58.0,0.0,0,281.12,0.0,1,1.97,2.55,SPY190426P00276000,276.0,0,0.0,0.0,,0.0,normalDay
2019-03-27,1550.0,-95.0,0.0,0,279.65,0.0,1,1.97,2.92,SPY190426P00276000,276.0,0,0.0,0.0,,0.0,normalDay
2019-03-28,1550.0,-38.0,0.0,0,280.71,0.0,1,1.97,2.35,SPY190426P00276000,276.0,0,0.0,0.0,,0.0,normalDay
2019-03-29,1550.0,31.0,0.0,0,282.48,0.0,1,1.97,1.66,SPY190426P00276000,276.0,0,0.0,0.0,,0.0,normalDay
2019-04-01,1550.0,98.0,0.0,0,285.83,0.0,1,1.97,0.99,SPY190426P00276000,276.0,0,0.0,0.0,,0.0,normalDay
2019-04-02,1550.0,108.0,0.0,0,285.97,0.0,1,1.97,0.89,SPY190426P00276000,276.0,0,0.0,0.0,,0.0,normalDay
2019-04-03,1550.0,113.0,0.0,0,286.42,0.0,1,1.97,0.84,SPY190426P00276000,276.0,0,0.0,0.0,,0.0,normalDay
2019-04-04,1550.0,127.0,0.0,0,287.18,0.0,1,1.97,0.7,SPY190426P00276000,276.0,0,0.0,0.0,,0.0,normalDay
2019-04-05,1550.0,149.0,0.0,0,288.57,0.0,1,1.97,0.48,SPY190426P00276000,276.0,0,0.0,0.0,,0.0,normalDay
2019-04-08,1550.0,155.0,0.0,0,288.79,0.0,1,1.97,0.42,SPY190426P00276000,276.0,0,0.0,0.0,,0.0,normalDay
2019-04-09,1550.0,136.0,0.0,0,287.31,0.0,1,1.97,0.61,SPY190426P00276000,276.0,0,0.0,0.0,,0.0,normalDay
2019-04-10,1550.0,160.0,0.0,0,288.29,0.0,1,1.97,0.37,SPY190426P00276000,276.0,0,0.0,0.0,,0.0,normalDay
2019-04-11,1550.0,163.0,0.0,0,288.21,0.0,1,1.97,0.34,SPY190426P00276000,276.0,0,0.0,0.0,,0.0,normalDay
2019-04-12,1550.0,179.0,0.0,0,290.16,0.0,1,1.97,0.18,SPY190426P00276000,276.0,0,0.0,0.0,,0.0,normalDay
2019-04-15,1550.0,182.0,0.0,0,289.97,0.0,1,1.97,0.15,SPY190426P00276000,276.0,0,0.0,0.0,,0.0,normalDay
2019-04-16,1550.0,184.0,0.0,0,290.16,0.0,1,1.97,0.13,SPY190426P00276000,276.0,0,0.0,0.0,,0.0,normalDay
2019-04-17,1550.0,184.0,0.0,0,289.45,0.0,1,1.97,0.13,SPY190426P00276000,276.0,0,0.0,0.0,,0.0,normalDay
2019-04-18,1550.0,192.0,0.0,0,290.02,0.0,1,1.97,0.05,SPY190426P00276000,276.0,0,0.0,0.0,,0.0,normalDay
2019-04-22,1550.0,194.0,0.0,0,290.27,0.0,1,1.97,0.03,SPY190426P00276000,276.0,0,0.0,0.0,,0.0,normalDay
2019-04-23,1550.0,195.0,0.0,0,292.88,0.0,1,1.97,0.02,SPY190426P00276000,276.0,0,0.0,0.0,,0.0,normalDay
2019-04-24,1550.0,195.0,0.0,0,292.23,0.0,1,1.97,0.02,SPY190426P00276000,276.0,0,0.0,0.0,,0.0,normalDay
2019-04-25,1550.0,196.0,0.0,0,292.05,0.0,1,1.97,0.01,SPY190426P00276000,276.0,0,0.0,0.0,,0.0,normalDay
2019-04-26,1747.0,0.0,197.0,0,293.41,0.0,1,1.97,0.0,SPY190426P00276000,276.0,0,0.0,0.0,,0.0,expirationDay
2019-04-29,1747.0,-5.0,0.0,0,293.87,0.0,1,2.76,2.81,SPY190621P00286000,286.0,0,0.0,0.0,,0.0,normalDay
2019-04-30,1747.0,3.0,0.0,0,294.02,0.0,1,2.76,2.73,SPY190621P00286000,286.0,0,0.0,0.0,,0.0,normalDay
2019-05-01,1747.0,-83.0,0.0,0,291.81,0.0,1,2.76,3.59,SPY190621P00286000,286.0,0,0.0,0.0,,0.0,normalDay
2019-05-02,1747.0,-97.0,0.0,0,291.18,0.0,1,2.76,3.73,SPY190621P00286000,286.0,0,0.0,0.0,,0.0,normalDay
2019-05-03,1747.0,10.0,0.0,0,294.03,0.0,1,2.76,2.66,SPY190621P00286000,286.0,0,0.0,0.0,,0.0,normalDay
2019-05-06,1747.0,-61.0,0.0,0,292.82,0.0,1,2.76,3.37,SPY190621P00286000,286.0,0,0.0,0.0,,0.0,normalDay
2019-05-07,1747.0,-318.0,0.0,0,287.93,0.0,1,2.76,5.94,SPY190621P00286000,286.0,0,0.0,0.0,,0.0,normalDay
2019-05-08,1747.0,-313.0,0.0,0,287.53,0.0,1,2.76,5.89,SPY190621P00286000,286.0,0,0.0,0.0,,0.0,normalDay
2019-05-09,1747.0,-340.0,0.0,0,286.66,0.0,1,2.76,6.16,SPY190621P00286000,286.0,0,0.0,0.0,,0.0,normalDay
2019-05-10,1747.0,-219.0,0.0,0,288.1,0.0,1,2.76,4.95,SPY190621P00286000,286.0,0,0.0,0.0,,0.0,normalDay
2019-05-13,1747.0,-651.0,0.0,0,280.86,0.0,1,2.76,9.27,SPY190621P00286000,286.0,0,0.0,0.0,,0.0,normalDay
2019-05-14,1747.0,-446.0,0.0,0,283.4,0.0,1,2.76,7.22,SPY190621P00286000,286.0,0,0.0,0.0,,0.0,normalDay
2019-05-15,1747.0,-310.0,0.0,0,285.06,0.0,1,2.76,5.86,SPY190621P00286000,286.0,0,0.0,0.0,,0.0,normalDay
2019-05-16,1747.0,-173.0,0.0,0,287.7,0.0,1,2.76,4.49,SPY190621P00286000,286.0,0,0.0,0.0,,0.0,normalDay
2019-05-17,1747.0,-257.0,0.0,0,285.84,0.0,1,2.76,5.33,SPY190621P00286000,286.0,0,0.0,0.0,,0.0,normalDay
2019-05-20,1747.0,-330.0,0.0,0,283.95,0.0,1,2.76,6.06,SPY190621P00286000,286.0,0,0.0,0.0,,0.0,normalDay
2019-05-21,1747.0,-179.0,0.0,0,286.51,0.0,1,2.76,4.55,SPY190621P00286000,286.0,0,0.0,0.0,,0.0,normalDay
2019-05-22,1747.0,-207.0,0.0,0,285.63,0.0,1,2.76,4.83,SPY190621P00286000,286.0,0,0.0,0.0,,0.0,normalDay
2019-05-23,1747.0,-447.0,0.0,0,282.14,0.0,1,2.76,7.23,SPY190621P00286000,286.0,0,0.0,0.0,,0.0,normalDay
2019-05-24,1747.0,-363.0,0.0,0,282.78,0.0,1,2.76,6.39,SPY190621P00286000,286.0,0,0.0,0.0,,0.0,normalDay
2019-05-28,1747.0,-522.0,0.0,0,280.15,0.0,1,2.76,7.98,SPY190621P00286000,286.0,0,0.0,0.0,,0.0,normalDay
2019-05-29,1747.0,-684.0,0.0,0,278.27,0.0,1,2.76,9.6,SPY190621P00286000,286.0,0,0.0,0.0,,0.0,normalDay
2019-05-30,1747.0,-617.0,0.0,0,279.03,0.0,1,2.76,8.93,SPY190621P00286000,286.0,0,0.0,0.0,,0.0,normalDay
2019-05-31,1747.0,-945.0,0.0,0,275.27,0.0,1,2.76,12.21,SPY190621P00286000,286.0,0,0.0,0.0,,0.0,normalDay
2019-06-03,1747.0,-982.0,0.0,0,274.57,0.0,1,2.76,12.58,SPY190621P00286000,286.0,0,0.0,0.0,,0.0,normalDay
2019-06-04,1747.0,-485.0,0.0,0,280.53,0.0,1,2.76,7.61,SPY190621P00286000,286.0,0,0.0,0.0,,0.0,normalDay
2019-06-05,1747.0,-286.0,0.0,0,282.96,0.0,1,2.76,5.62,SPY190621P00286000,286.0,0,0.0,0.0,,0.0,normalDay
2019-06-06,1747.0,-169.0,0.0,0,284.8,0.0,1,2.76,4.45,SPY190621P00286000,286.0,0,0.0,0.0,,0.0,normalDay
2019-06-07,1747.0,-27.0,0.0,0,287.65,0.0,1,2.76,3.03,SPY190621P00286000,286.0,0,0.0,0.0,,0.0,normalDay
2019-06-10,1747.0,55.0,0.0,0,288.97,0.0,1,2.76,2.21,SPY190621P00286000,286.0,0,0.0,0.0,,0.0,normalDay
2019-06-11,1747.0,60.0,0.0,0,288.9,0.0,1,2.76,2.16,SPY190621P00286000,286.0,0,0.0,0.0,,0.0,normalDay
2019-06-12,1747.0,69.0,0.0,0,288.39,0.0,1,2.76,2.07,SPY190621P00286000,286.0,0,0.0,0.0,,0.0,normalDay
2019-06-13,1747.0,129.0,0.0,0,289.58,0.0,1,2.76,1.47,SPY190621P00286000,286.0,0,0.0,0.0,,0.0,normalDay
2019-06-14,1747.0,155.0,0.0,0,289.26,0.0,1,2.76,1.21,SPY190621P00286000,286.0,0,0.0,0.0,,0.0,normalDay
2019-06-17,1747.0,177.0,0.0,0,289.37,0.0,1,2.76,0.99,SPY190621P00286000,286.0,0,0.0,0.0,,0.0,normalDay
2019-06-18,1747.0,231.0,0.0,0,292.4,0.0,1,2.76,0.45,SPY190621P00286000,286.0,0,0.0,0.0,,0.0,normalDay
2019-06-19,1747.0,264.0,0.0,0,293.06,0.0,1,2.76,0.12,SPY190621P00286000,286.0,0,0.0,0.0,,0.0,normalDay
2019-06-20,1747.0,270.0,0.0,0,295.86,0.0,1,2.76,0.06,SPY190621P00286000,286.0,0,0.0,0.0,,0.0,normalDay
2019-06-21,2023.0,0.0,276.0,0,294.0,0.0,1,2.76,0.0,SPY190621P00286000,286.0,0,0.0,0.0,,0.0,expirationDay
2019-06-24,2023.0,-4.0,0.0,0,293.64,0.0,1,1.8,1.84,SPY190816P00276000,276.0,0,0.0,0.0,,0.0,normalDay
2019-06-25,2023.0,-55.0,0.0,0,290.76,0.0,1,1.8,2.35,SPY190816P00276000,276.0,0,0.0,0.0,,0.0,normalDay
2019-06-26,2023.0,-56.0,0.0,0,290.47,0.0,1,1.8,2.36,SPY190816P00276000,276.0,0,0.0,0.0,,0.0,normalDay
2019-06-27,2023.0,-22.0,0.0,0,291.5,0.0,1,1.8,2.02,SPY190816P00276000,276.0,0,0.0,0.0,,0.0,normalDay
2019-06-28,2023.0,15.0,0.0,0,293.0,0.0,1,1.8,1.65,SPY190816P00276000,276.0,0,0.0,0.0,,0.0,normalDay
2019-07-01,2023.0,64.0,0.0,0,295.66,0.0,1,1.8,1.16,SPY190816P00276000,276.0,0,0.0,0.0,,0.0,normalDay
2019-07-02,2023.0,87.0,0.0,0,296.43,0.0,1,1.8,0.93,SPY190816P00276000,276.0,0,0.0,0.0,,0.0,normalDay
2019-07-03,2023.0,108.0,0.0,0,298.8,0.0,1,1.8,0.72,SPY190816P00276000,276.0,0,0.0,0.0,,0.0,normalDay
2019-07-05,2023.0,103.0,0.0,0,298.46,0.0,1,1.8,0.77,SPY190816P00276000,276.0,0,0.0,0.0,,0.0,normalDay
2019-07-08,2023.0,95.0,0.0,0,296.82,0.0,1,1.8,0.85,SPY190816P00276000,276.0,0,0.0,0.0,,0.0,normalDay
2019-07-09,2023.0,95.0,0.0,0,297.19,0.0,1,1.8,0.85,SPY190816P00276000,276.0,0,0.0,0.0,,0.0,normalDay
2019-07-10,2023.0,116.0,0.0,0,298.61,0.0,1,1.8,0.64,SPY190816P00276000,276.0,0,0.0,0.0,,0.0,normalDay
2019-07-11,2023.0,122.0,0.0,0,299.31,0.0,1,1.8,0.58,SPY190816P00276000,276.0,0,0.0,0.0,,0.0,normalDay
2019-07-12,2023.0,133.0,0.0,0,300.65,0.0,1,1.8,0.47,SPY190816P00276000,276.0,0,0.0,0.0,,0.0,normalDay
2019-07-15,2023.0,134.0,0.0,0,300.75,0.0,1,1.8,0.46,SPY190816P00276000,276.0,0,0.0,0.0,,0.0,normalDay
2019-07-16,2023.0,131.0,0.0,0,299.78,0.0,1,1.8,0.49,SPY190816P00276000,276.0,0,0.0,0.0,,0.0,normalDay
2019-07-17,2023.0,118.0,0.0,0,297.74,0.0,1,1.8,0.62,SPY190816P00276000,276.0,0,0.0,0.0,,0.0,normalDay
2019-07-18,2023.0,129.0,0.0,0,298.83,0.0,1,1.8,0.51,SPY190816P00276000,276.0,0,0.0,0.0,,0.0,normalDay
2019-07-19,2023.0,120.0,0.0,0,297.17,0.0,1,1.8,0.6,SPY190816P00276000,276.0,0,0.0,0.0,,0.0,normalDay
2019-07-22,2023.0,138.0,0.0,0,297.9,0.0,1,1.8,0.42,SPY190816P00276000,276.0,0,0.0,0.0,,0.0,normalDay
2019-07-23,2023.0,152.0,0.0,0,300.03,0.0,1,1.8,0.28,SPY190816P00276000,276.0,0,0.0,0.0,,0.0,normalDay
2019-07-24,2023.0,159.0,0.0,0,301.44,0.0,1,1.8,0.21,SPY190816P00276000,276.0,0,0.0,0.0,,0.0,normalDay
2019-07-25,2023.0,156.0,0.0,0,300.0,0.0,1,1.8,0.24,SPY190816P00276000,276.0,0,0.0,0.0,,0.0,normalDay
2019-07-26,2023.0,163.0,0.0,0,302.01,0.0,1,1.8,0.17,SPY190816P00276000,276.0,0,0.0,0.0,,0.0,normalDay
2019-07-29,2023.0,163.0,0.0,0,301.46,0.0,1,1.8,0.17,SPY190816P00276000,276.0,0,0.0,0.0,,0.0,normalDay
2019-07-30,2023.0,159.0,0.0,0,300.72,0.0,1,1.8,0.21,SPY190816P00276000,276.0,0,0.0,0.0,,0.0,normalDay
2019-07-31,2023.0,142.0,0.0,0,297.43,0.0,1,1.8,0.38,SPY190816P00276000,276.0,0,0.0,0.0,,0.0,normalDay
2019-08-01,2023.0,124.0,0.0,0,294.84,0.0,1,1.8,0.56,SPY190816P00276000,276.0,0,0.0,0.0,,0.0,normalDay
2019-08-02,2023.0,117.0,0.0,0,292.62,0.0,1,1.8,0.63,SPY190816P00276000,276.0,0,0.0,0.0,,0.0,normalDay
2019-08-05,2023.0,-93.0,0.0,0,283.82,0.0,1,1.8,2.73,SPY190816P00276000,276.0,0,0.0,0.0,,0.0,normalDay
2019-08-06,2023.0,73.0,0.0,0,287.8,0.0,1,1.8,1.07,SPY190816P00276000,276.0,0,0.0,0.0,,0.0,normalDay
2019-08-07,2023.0,94.0,0.0,0,287.97,0.0,1,1.8,0.86,SPY190816P00276000,276.0,0,0.0,0.0,,0.0,normalDay
2019-08-08,2023.0,158.0,0.0,0,293.62,0.0,1,1.8,0.22,SPY190816P00276000,276.0,0,0.0,0.0,,0.0,normalDay
2019-08-09,2023.0,156.0,0.0,0,291.62,0.0,1,1.8,0.24,SPY190816P00276000,276.0,0,0.0,0.0,,0.0,normalDay
2019-08-12,2023.0,141.0,0.0,0,288.07,0.0,1,1.8,0.39,SPY190816P00276000,276.0,0,0.0,0.0,,0.0,normalDay
2019-08-13,2023.0,173.0,0.0,0,292.55,0.0,1,1.8,0.07,SPY190816P00276000,276.0,0,0.0,0.0,,0.0,normalDay
2019-08-14,2023.0,127.0,0.0,0,283.9,0.0,1,1.8,0.53,SPY190816P00276000,276.0,0,0.0,0.0,,0.0,normalDay
2019-08-15,2023.0,173.0,0.0,0,284.65,0.0,1,1.8,0.07,SPY190816P00276000,276.0,0,0.0,0.0,,0.0,normalDay
2019-08-16,2203.0,0.0,180.0,0,288.85,0.0,1,1.8,0.0,SPY190816P00276000,276.0,0,0.0,0.0,,0.0,expirationDay
2019-08-19,2203.0,-5.0,0.0,0,292.33,0.0,1,3.5,3.55,SPY190930P00283000,283.0,0,0.0,0.0,,0.0,normalDay
2019-08-20,2203.0,-80.0,0.0,0,290.09,0.0,1,3.5,4.3,SPY190930P00283000,283.0,0,0.0,0.0,,0.0,normalDay
2019-08-21,2203.0,44.0,0.0,0,292.45,0.0,1,3.5,3.06,SPY190930P00283000,283.0,0,0.0,0.0,,0.0,normalDay
2019-08-22,2203.0,18.0,0.0,0,292.36,0.0,1,3.5,3.32,SPY190930P00283000,283.0,0,0.0,0.0,,0.0,normalDay
2019-08-23,2203.0,-251.0,0.0,0,284.85,0.0,1,3.5,6.01,SPY190930P00283000,283.0,0,0.0,0.0,,0.0,normalDay
2019-08-26,2203.0,-125.0,0.0,0,288.0,0.0,1,3.5,4.75,SPY190930P00283000,283.0,0,0.0,0.0,,0.0,normalDay
2019-08-27,2203.0,-191.0,0.0,0,286.87,0.0,1,3.5,5.41,SPY190930P00283000,283.0,0,0.0,0.0,,0.0,normalDay
2019-08-28,2203.0,-83.0,0.0,0,288.89,0.0,1,3.5,4.33,SPY190930P00283000,283.0,0,0.0,0.0,,0.0,normalDay
2019-08-29,2203.0,46.0,0.0,0,292.58,0.0,1,3.5,3.04,SPY190930P00283000,283.0,0,0.0,0.0,,0.0,normalDay
2019-08-30,2203.0,34.0,0.0,0,292.45,0.0,1,3.5,3.16,SPY190930P00283000,283.0,0,0.0,0.0,,0.0,normalDay
2019-09-03,2203.0,6.0,0.0,0,290.74,0.0,1,3.5,3.44,SPY190930P00283000,283.0,0,0.0,0.0,,0.0,normalDay
2019-09-04,2203.0,141.0,0.0,0,294.04,0.0,1,3.5,2.09,SPY190930P00283000,283.0,0,0.0,0.0,,0.0,normalDay
2019-09-05,2203.0,219.0,0.0,0,297.82,0.0,1,3.5,1.31,SPY190930P00283000,283.0,0,0.0,0.0,,0.0,normalDay
2019-09-06,2203.0,254.0,0.0,0,298.05,0.0,1,3.5,0.96,SPY190930P00283000,283.0,0,0.0,0.0,,0.0,normalDay
2019-09-09,2203.0,266.0,0.0,0,298.2,0.0,1,3.5,0.84,SPY190930P00283000,283.0,0,0.0,0.0,,0.0,normalDay
2019-09-10,2203.0,272.0,0.0,0,298.13,0.0,1,3.5,0.78,SPY190930P00283000,283.0,0,0.0,0.0,,0.0,normalDay
2019-09-11,2203.0,297.0,0.0,0,300.25,0.0,1,3.5,0.53,SPY190930P00283000,283.0,0,0.0,0.0,,0.0,normalDay
2019-09-12,2203.0,308.0,0.0,0,301.29,0.0,1,3.5,0.42,SPY190930P00283000,283.0,0,0.0,0.0,,0.0,normalDay
2019-09-13,2203.0,314.0,0.0,0,301.09,0.0,1,3.5,0.36,SPY190930P00283000,283.0,0,0.0,0.0,,0.0,normalDay
2019-09-16,2203.0,314.0,0.0,0,300.16,0.0,1,3.5,0.36,SPY190930P00283000,283.0,0,0.0,0.0,,0.0,normalDay
2019-09-17,2203.0,319.0,0.0,0,300.92,0.0,1,3.5,0.31,SPY190930P00283000,283.0,0,0.0,0.0,,0.0,normalDay
2019-09-18,2203.0,324.0,0.0,0,301.1,0.0,1,3.5,0.26,SPY190930P00283000,283.0,0,0.0,0.0,,0.0,normalDay
2019-09-19,2203.0,329.0,0.0,0,301.08,0.0,1,3.5,0.21,SPY190930P00283000,283.0,0,0.0,0.0,,0.0,normalDay
2019-09-20,2203.0,326.0,0.0,0,298.28,0.0,1,3.5,0.24,SPY190930P00283000,283.0,0,0.0,0.0,,0.0,normalDay
2019-09-23,2203.0,341.0,0.0,0,298.21,0.0,1,3.5,0.09,SPY190930P00283000,283.0,0,0.0,0.0,,0.0,normalDay
2019-09-24,2203.0,330.0,0.0,0,295.87,0.0,1,3.5,0.2,SPY190930P00283000,283.0,0,0.0,0.0,,0.0,normalDay
2019-09-25,2203.0,341.0,0.0,0,297.62,0.0,1,3.5,0.09,SPY190930P00283000,283.0,0,0.0,0.0,,0.0,normalDay
2019-09-26,2203.0,345.0,0.0,0,297.0,0.0,1,3.5,0.05,SPY190930P00283000,283.0,0,0.0,0.0,,0.0,normalDay
2019-09-27,2203.0,346.0,0.0,0,295.4,0.0,1,3.5,0.04,SPY190930P00283000,283.0,0,0.0,0.0,,0.0,normalDay
2019-09-30,2553.0,0.0,350.0,0,296.77,0.0,1,3.5,0.0,SPY190930P00283000,283.0,0,0.0,0.0,,0.0,expirationDay
2019-10-01,2553.0,-5.0,0.0,0,293.24,0.0,1,6.74,6.79,SPY191115P00294000,294.0,0,0.0,0.0,,0.0,normalDay
2019-10-02,2553.0,-339.0,0.0,0,288.06,0.0,1,6.74,10.13,SPY191115P00294000,294.0,0,0.0,0.0,,0.0,normalDay
2019-10-03,2553.0,-147.0,0.0,0,290.42,0.0,1,6.74,8.21,SPY191115P00294000,294.0,0,0.0,0.0,,0.0,normalDay
2019-10-04,2553.0,91.0,0.0,0,294.35,0.0,1,6.74,5.83,SPY191115P00294000,294.0,0,0.0,0.0,,0.0,normalDay
2019-10-07,2553.0,40.0,0.0,0,293.08,0.0,1,6.74,6.34,SPY191115P00294000,294.0,0,0.0,0.0,,0.0,normalDay
2019-10-08,2553.0,-226.0,0.0,0,288.53,0.0,1,6.74,9.0,SPY191115P00294000,294.0,0,0.0,0.0,,0.0,normalDay
2019-10-09,2553.0,-53.0,0.0,0,291.27,0.0,1,6.74,7.27,SPY191115P00294000,294.0,0,0.0,0.0,,0.0,normalDay
2019-10-10,2553.0,81.0,0.0,0,293.24,0.0,1,6.74,5.93,SPY191115P00294000,294.0,0,0.0,0.0,,0.0,normalDay
2019-10-11,2553.0,258.0,0.0,0,296.28,0.0,1,6.74,4.16,SPY191115P00294000,294.0,0,0.0,0.0,,0.0,normalDay
2019-10-14,2553.0,288.0,0.0,0,295.95,0.0,1,6.74,3.86,SPY191115P00294000,294.0,0,0.0,0.0,,0.0,normalDay
2019-10-15,2553.0,417.0,0.0,0,298.88,0.0,1,6.74,2.57,SPY191115P00294000,294.0,0,0.0,0.0,,0.0,normalDay
2019-10-16,2553.0,412.0,0.0,0,298.4,0.0,1,6.74,2.62,SPY191115P00294000,294.0,0,0.0,0.0,,0.0,normalDay
2019-10-17,2553.0,433.0,0.0,0,299.28,0.0,1,6.74,2.41,SPY191115P00294000,294.0,0,0.0,0.0,,0.0,normalDay
2019-10-18,2553.0,405.0,0.0,0,297.97,0.0,1,6.74,2.69,SPY191115P00294000,294.0,0,0.0,0.0,,0.0,normalDay
2019-10-21,2553.0,486.0,0.0,0,299.99,0.0,1,6.74,1.88,SPY191115P00294000,294.0,0,0.0,0.0,,0.0,normalDay
2019-10-22,2553.0,459.0,0.0,0,299.01,0.0,1,6.74,2.15,SPY191115P00294000,294.0,0,0.0,0.0,,0.0,normalDay
2019-10-23,2553.0,501.0,0.0,0,299.88,0.0,1,6.74,1.73,SPY191115P00294000,294.0,0,0.0,0.0,,0.0,normalDay
2019-10-24,2553.0,521.0,0.0,0,300.37,0.0,1,6.74,1.53,SPY191115P00294000,294.0,0,0.0,0.0,,0.0,normalDay
2019-10-25,2553.0,567.0,0.0,0,301.6,0.0,1,6.74,1.07,SPY191115P00294000,294.0,0,0.0,0.0,,0.0,normalDay
2019-10-28,2553.0,595.0,0.0,0,303.3,0.0,1,6.74,0.79,SPY191115P00294000,294.0,0,0.0,0.0,,0.0,normalDay
2019-10-29,2553.0,597.0,0.0,0,303.21,0.0,1,6.74,0.77,SPY191115P00294000,294.0,0,0.0,0.0,,0.0,normalDay
2019-10-30,2553.0,623.0,0.0,0,304.14,0.0,1,6.74,0.51,SPY191115P00294000,294.0,0,0.0,0.0,,0.0,normalDay
2019-10-31,2553.0,606.0,0.0,0,303.33,0.0,1,6.74,0.68,SPY191115P00294000,294.0,0,0.0,0.0,,0.0,normalDay
2019-11-01,2553.0,644.0,0.0,0,306.14,0.0,1,6.74,0.3,SPY191115P00294000,294.0,0,0.0,0.0,,0.0,normalDay
2019-11-04,2553.0,653.0,0.0,0,307.37,0.0,1,6.74,0.21,SPY191115P00294000,294.0,0,0.0,0.0,,0.0,normalDay
2019-11-05,2553.0,656.0,0.0,0,307.03,0.0,1,6.74,0.18,SPY191115P00294000,294.0,0,0.0,0.0,,0.0,normalDay
2019-11-06,2553.0,663.0,0.0,0,307.1,0.0,1,6.74,0.11,SPY191115P00294000,294.0,0,0.0,0.0,,0.0,normalDay
2019-11-07,2553.0,667.0,0.0,0,308.18,0.0,1,6.74,0.07,SPY191115P00294000,294.0,0,0.0,0.0,,0.0,normalDay
2019-11-08,2553.0,670.0,0.0,0,308.94,0.0,1,6.74,0.04,SPY191115P00294000,294.0,0,0.0,0.0,,0.0,normalDay
2019-11-11,2553.0,671.0,0.0,0,308.35,0.0,1,6.74,0.03,SPY191115P00294000,294.0,0,0.0,0.0,,0.0,normalDay
2019-11-12,2553.0,672.0,0.0,0,309.0,0.0,1,6.74,0.02,SPY191115P00294000,294.0,0,0.0,0.0,,0.0,normalDay
2019-11-13,2553.0,672.0,0.0,0,309.1,0.0,1,6.74,0.02,SPY191115P00294000,294.0,0,0.0,0.0,,0.0,normalDay
2019-11-14,2553.0,673.0,0.0,0,309.55,0.0,1,6.74,0.01,SPY191115P00294000,294.0,0,0.0,0.0,,0.0,normalDay
2019-11-15,3227.0,0.0,674.0,0,311.79,0.0,1,6.74,0.0,SPY191115P00294000,294.0,0,0.0,0.0,,0.0,expirationDay
2019-11-18,3227.0,-4.0,0.0,0,312.02,0.0,1,1.95,1.99,SPY191231P00300000,300.0,0,0.0,0.0,,0.0,normalDay
2019-11-19,3227.0,-12.0,0.0,0,311.93,0.0,1,1.95,2.07,SPY191231P00300000,300.0,0,0.0,0.0,,0.0,normalDay
2019-11-20,3227.0,-32.0,0.0,0,310.77,0.0,1,1.95,2.27,SPY191231P00300000,300.0,0,0.0,0.0,,0.0,normalDay
2019-11-21,3227.0,-41.0,0.0,0,310.27,0.0,1,1.95,2.36,SPY191231P00300000,300.0,0,0.0,0.0,,0.0,normalDay
2019-11-22,3227.0,-8.0,0.0,0,310.96,0.0,1,1.95,2.03,SPY191231P00300000,300.0,0,0.0,0.0,,0.0,normalDay
2019-11-25,3227.0,53.0,0.0,0,313.37,0.0,1,1.95,1.42,SPY191231P00300000,300.0,0,0.0,0.0,,0.0,normalDay
2019-11-26,3227.0,74.0,0.0,0,314.08,0.0,1,1.95,1.21,SPY191231P00300000,300.0,0,0.0,0.0,,0.0,normalDay
2019-11-27,3227.0,89.0,0.0,0,315.48,0.0,1,1.95,1.06,SPY191231P00300000,300.0,0,0.0,0.0,,0.0,normalDay
2019-11-29,3227.0,68.0,0.0,0,314.31,0.0,1,1.95,1.27,SPY191231P00300000,300.0,0,0.0,0.0,,0.0,normalDay
2019-12-02,3227.0,-2.0,0.0,0,311.64,0.0,1,1.95,1.97,SPY191231P00300000,300.0,0,0.0,0.0,,0.0,normalDay
2019-12-03,3227.0,-61.0,0.0,0,309.55,0.0,1,1.95,2.56,SPY191231P00300000,300.0,0,0.0,0.0,,0.0,normalDay
2019-12-04,3227.0,-2.0,0.0,0,311.46,0.0,1,1.95,1.97,SPY191231P00300000,300.0,0,0.0,0.0,,0.0,normalDay
2019-12-05,3227.0,30.0,0.0,0,312.02,0.0,1,1.95,1.65,SPY191231P00300000,300.0,0,0.0,0.0,,0.0,normalDay
2019-12-06,3227.0,87.0,0.0,0,314.87,0.0,1,1.95,1.08,SPY191231P00300000,300.0,0,0.0,0.0,,0.0,normalDay
2019-12-09,3227.0,59.0,0.0,0,313.88,0.0,1,1.95,1.36,SPY191231P00300000,300.0,0,0.0,0.0,,0.0,normalDay
2019-12-10,3227.0,69.0,0.0,0,313.53,0.0,1,1.95,1.26,SPY191231P00300000,300.0,0,0.0,0.0,,0.0,normalDay
2019-12-11,3227.0,97.0,0.0,0,314.42,0.0,1,1.95,0.98,SPY191231P00300000,300.0,0,0.0,0.0,,0.0,normalDay
2019-12-12,3227.0,131.0,0.0,0,317.13,0.0,1,1.95,0.64,SPY191231P00300000,300.0,0,0.0,0.0,,0.0,normalDay
2019-12-13,3227.0,150.0,0.0,0,317.32,0.0,1,1.95,0.45,SPY191231P00300000,300.0,0,0.0,0.0,,0.0,normalDay
2019-12-16,3227.0,167.0,0.0,0,319.5,0.0,1,1.95,0.28,SPY191231P00300000,300.0,0,0.0,0.0,,0.0,normalDay
2019-12-17,3227.0,172.0,0.0,0,319.57,0.0,1,1.95,0.23,SPY191231P00300000,300.0,0,0.0,0.0,,0.0,normalDay
2019-12-18,3227.0,177.0,0.0,0,319.59,0.0,1,1.95,0.18,SPY191231P00300000,300.0,0,0.0,0.0,,0.0,normalDay
2019-12-19,3227.0,182.0,0.0,0,320.9,0.0,1,1.95,0.13,SPY191231P00300000,300.0,0,0.0,0.0,,0.0,normalDay
2019-12-20,3227.0,185.0,0.0,0,320.73,0.0,1,1.95,0.1,SPY191231P00300000,300.0,0,0.0,0.0,,0.0,normalDay
2019-12-23,3227.0,190.0,0.0,0,321.22,0.0,1,1.95,0.05,SPY191231P00300000,300.0,0,0.0,0.0,,0.0,normalDay
2019-12-24,3227.0,192.0,0.0,0,321.23,0.0,1,1.95,0.03,SPY191231P00300000,300.0,0,0.0,0.0,,0.0,normalDay
2019-12-26,3227.0,193.0,0.0,0,322.94,0.0,1,1.95,0.02,SPY191231P00300000,300.0,0,0.0,0.0,,0.0,normalDay
2019-12-27,3227.0,193.0,0.0,0,322.86,0.0,1,1.95,0.02,SPY191231P00300000,300.0,0,0.0,0.0,,0.0,normalDay
2019-12-30,3227.0,194.0,0.0,0,321.08,0.0,1,1.95,0.01,SPY191231P00300000,300.0,0,0.0,0.0,,0.0,normalDay
2019-12-31,3422.0,0.0,195.0,0,321.86,0.0,1,1.95,0.0,SPY191231P00300000,300.0,0,0.0,0.0,,0.0,expirationDay
2020-01-02,3422.0,-3.0,0.0,0,324.87,0.0,1,2.17,2.2,SPY200221P00312000,312.0,0,0.0,0.0,,0.0,normalDay
2020-01-03,3422.0,-77.0,0.0,0,322.41,0.0,1,2.17,2.94,SPY200221P00312000,312.0,0,0.0,0.0,,0.0,normalDay
2020-01-06,3422.0,-31.0,0.0,0,323.64,0.0,1,2.17,2.48,SPY200221P00312000,312.0,0,0.0,0.0,,0.0,normalDay
2020-01-07,3422.0,-47.0,0.0,0,322.73,0.0,1,2.17,2.64,SPY200221P00312000,312.0,0,0.0,0.0,,0.0,normalDay
2020-01-08,3422.0,4.0,0.0,0,324.45,0.0,1,2.17,2.13,SPY200221P00312000,312.0,0,0.0,0.0,,0.0,normalDay
2020-01-09,3422.0,52.0,0.0,0,326.65,0.0,1,2.17,1.65,SPY200221P00312000,312.0,0,0.0,0.0,,0.0,normalDay
2020-01-10,3422.0,40.0,0.0,0,325.71,0.0,1,2.17,1.77,SPY200221P00312000,312.0,0,0.0,0.0,,0.0,normalDay
2020-01-13,3422.0,87.0,0.0,0,327.95,0.0,1,2.17,1.3,SPY200221P00312000,312.0,0,0.0,0.0,,0.0,normalDay
2020-01-14,3422.0,88.0,0.0,0,327.45,0.0,1,2.17,1.29,SPY200221P00312000,312.0,0,0.0,0.0,,0.0,normalDay
2020-01-15,3422.0,100.0,0.0,0,328.19,0.0,1,2.17,1.17,SPY200221P00312000,312.0,0,0.0,0.0,,0.0,normalDay
2020-01-16,3422.0,122.0,0.0,0,330.92,0.0,1,2.17,0.95,SPY200221P00312000,312.0,0,0.0,0.0,,0.0,normalDay
2020-01-17,3422.0,135.0,0.0,0,331.95,0.0,1,2.17,0.82,SPY200221P00312000,312.0,0,0.0,0.0,,0.0,normalDay
2020-01-21,3422.0,133.0,0.0,0,331.3,0.0,1,2.17,0.84,SPY200221P00312000,312.0,0,0.0,0.0,,0.0,normalDay
2020-01-22,3422.0,135.0,0.0,0,331.34,0.0,1,2.17,0.82,SPY200221P00312000,312.0,0,0.0,0.0,,0.0,normalDay
2020-01-23,3422.0,138.0,0.0,0,331.72,0.0,1,2.17,0.79,SPY200221P00312000,312.0,0,0.0,0.0,,0.0,normalDay
2020-01-24,3422.0,98.0,0.0,0,328.77,0.0,1,2.17,1.19,SPY200221P00312000,312.0,0,0.0,0.0,,0.0,normalDay
2020-01-27,3422.0,-28.0,0.0,0,323.5,0.0,1,2.17,2.45,SPY200221P00312000,312.0,0,0.0,0.0,,0.0,normalDay
2020-01-28,3422.0,73.0,0.0,0,326.89,0.0,1,2.17,1.44,SPY200221P00312000,312.0,0,0.0,0.0,,0.0,normalDay
2020-01-29,3422.0,76.0,0.0,0,326.62,0.0,1,2.17,1.41,SPY200221P00312000,312.0,0,0.0,0.0,,0.0,normalDay
2020-01-30,3422.0,120.0,0.0,0,327.68,0.0,1,2.17,0.97,SPY200221P00312000,312.0,0,0.0,0.0,,0.0,normalDay
2020-01-31,3422.0,-13.0,0.0,0,321.73,0.0,1,2.17,2.3,SPY200221P00312000,312.0,0,0.0,0.0,,0.0,normalDay
2020-02-03,3422.0,58.0,0.0,0,324.12,0.0,1,2.17,1.59,SPY200221P00312000,312.0,0,0.0,0.0,,0.0,normalDay
2020-02-04,3422.0,155.0,0.0,0,329.06,0.0,1,2.17,0.62,SPY200221P00312000,312.0,0,0.0,0.0,,0.0,normalDay
2020-02-05,3422.0,186.0,0.0,0,332.86,0.0,1,2.17,0.31,SPY200221P00312000,312.0,0,0.0,0.0,,0.0,normalDay
2020-02-06,3422.0,189.0,0.0,0,333.98,0.0,1,2.17,0.28,SPY200221P00312000,312.0,0,0.0,0.0,,0.0,normalDay
2020-02-07,3422.0,186.0,0.0,0,332.2,0.0,1,2.17,0.31,SPY200221P00312000,312.0,0,0.0,0.0,,0.0,normalDay
2020-02-10,3422.0,201.0,0.0,0,334.68,0.0,1,2.17,0.16,SPY200221P00312000,312.0,0,0.0,0.0,,0.0,normalDay
2020-02-11,3422.0,203.0,0.0,0,335.26,0.0,1,2.17,0.14,SPY200221P00312000,312.0,0,0.0,0.0,,0.0,normalDay
2020-02-12,3422.0,210.0,0.0,0,337.42,0.0,1,2.17,0.07,SPY200221P00312000,312.0,0,0.0,0.0,,0.0,normalDay
2020-02-13,3422.0,210.0,0.0,0,337.06,0.0,1,2.17,0.07,SPY200221P00312000,312.0,0,0.0,0.0,,0.0,normalDay
2020-02-14,3422.0,213.0,0.0,0,337.6,0.0,1,2.17,0.04,SPY200221P00312000,312.0,0,0.0,0.0,,0.0,normalDay
2020-02-18,3422.0,215.0,0.0,0,336.73,0.0,1,2.17,0.02,SPY200221P00312000,312.0,0,0.0,0.0,,0.0,normalDay
2020-02-19,3422.0,215.0,0.0,0,338.34,0.0,1,2.17,0.02,SPY200221P00312000,312.0,0,0.0,0.0,,0.0,normalDay
2020-02-20,3422.0,216.0,0.0,0,336.95,0.0,1,2.17,0.01,SPY200221P00312000,312.0,0,0.0,0.0,,0.0,normalDay
2020-02-21,3639.0,0.0,217.0,0,333.48,0.0,1,2.17,0.0,SPY200221P00312000,312.0,0,0.0,0.0,,0.0,expirationDay
2020-02-24,3639.0,-6.0,0.0,0,322.42,0.0,1,9.79,9.85,SPY200417P00322000,322.0,0,0.0,0.0,,0.0,normalDay
2020-02-25,3639.0,-514.0,0.0,0,312.65,0.0,1,9.79,14.93,SPY200417P00322000,322.0,0,0.0,0.0,,0.0,normalDay
2020-02-26,3639.0,-622.0,0.0,0,311.5,0.0,1,9.79,16.01,SPY200417P00322000,322.0,0,0.0,0.0,,0.0,normalDay
2020-02-27,3639.0,-1782.0,0.0,0,297.51,0.0,1,9.79,27.61,SPY200417P00322000,322.0,0,0.0,0.0,,0.0,normalDay
2020-02-28,3639.0,-1894.0,0.0,0,296.26,0.0,1,9.79,28.73,SPY200417P00322000,322.0,0,0.0,0.0,,0.0,normalDay
2020-03-02,3639.0,-814.0,0.0,0,309.09,0.0,1,9.79,17.93,SPY200417P00322000,322.0,0,0.0,0.0,,0.0,normalDay
2020-03-03,3639.0,-1421.0,0.0,0,300.24,0.0,1,9.79,24.0,SPY200417P00322000,322.0,0,0.0,0.0,,0.0,normalDay
2020-03-04,3639.0,-648.0,0.0,0,312.86,0.0,1,9.79,16.27,SPY200417P00322000,322.0,0,0.0,0.0,,0.0,normalDay
2020-03-05,3639.0,-1475.0,0.0,0,302.46,0.0,1,9.79,24.54,SPY200417P00322000,322.0,0,0.0,0.0,,0.0,normalDay
2020-03-06,3639.0,-1912.0,0.0,0,297.46,0.0,1,9.79,28.91,SPY200417P00322000,322.0,0,0.0,0.0,,0.0,normalDay
2020-03-09,3639.0,-4083.0,0.0,0,274.23,0.0,1,9.79,50.62,SPY200417P00322000,322.0,0,0.0,0.0,,0.0,normalDay
2020-03-10,3639.0,-2719.0,0.0,0,288.42,0.0,1,9.79,36.98,SPY200417P00322000,322.0,0,0.0,0.0,,0.0,normalDay
2020-03-11,3639.0,-4029.0,0.0,0,274.36,0.0,1,9.79,50.08,SPY200417P00322000,322.0,0,0.0,0.0,,0.0,normalDay
2020-03-12,3639.0,-6583.0,0.0,0,248.11,0.0,1,9.79,75.62,SPY200417P00322000,322.0,0,0.0,0.0,,0.0,normalDay
2020-03-13,3639.0,-4563.0,0.0,0,269.32,0.0,1,9.79,55.42,SPY200417P00322000,322.0,0,0.0,0.0,,0.0,normalDay
2020-03-16,3639.0,-7106.0,0.0,0,239.85,0.0,1,9.79,80.85,SPY200417P00322000,322.0,0,0.0,0.0,,0.0,normalDay
2020-03-17,3639.0,-6257.0,0.0,0,252.8,0.0,1,9.79,72.36,SPY200417P00322000,322.0,0,0.0,0.0,,0.0,normalDay
2020-03-18,3639.0,-7365.0,0.0,0,240.0,0.0,1,9.79,83.44,SPY200417P00322000,322.0,0,0.0,0.0,,0.0,normalDay
2020-03-19,3639.0,-7370.0,0.0,0,240.51,0.0,1,9.79,83.49,SPY200417P00322000,322.0,0,0.0,0.0,,0.0,normalDay
2020-03-20,3639.0,-8329.0,0.0,0,228.8,0.0,1,9.79,93.08,SPY200417P00322000,322.0,0,0.0,0.0,,0.0,normalDay
2020-03-23,3639.0,-9128.0,0.0,0,222.95,0.0,1,9.79,101.07,SPY200417P00322000,322.0,0,0.0,0.0,,0.0,normalDay
2020-03-24,3639.0,-6997.0,0.0,0,243.15,0.0,1,9.79,79.76,SPY200417P00322000,322.0,0,0.0,0.0,,0.0,normalDay
2020-03-25,3639.0,-6536.0,0.0,0,246.79,0.0,1,9.79,75.15,SPY200417P00322000,322.0,0,0.0,0.0,,0.0,normalDay
2020-03-26,3639.0,-5182.0,0.0,0,261.2,0.0,1,9.79,61.61,SPY200417P00322000,322.0,0,0.0,0.0,,0.0,normalDay
2020-03-27,3639.0,-5969.0,0.0,0,253.42,0.0,1,9.79,69.48,SPY200417P00322000,322.0,0,0.0,0.0,,0.0,normalDay
2020-03-30,3639.0,-5169.0,0.0,0,261.65,0.0,1,9.79,61.48,SPY200417P00322000,322.0,0,0.0,0.0,,0.0,normalDay
2020-03-31,3639.0,-5570.0,0.0,0,257.75,0.0,1,9.79,65.49,SPY200417P00322000,322.0,0,0.0,0.0,,0.0,normalDay
2020-04-01,3639.0,-6674.0,0.0,0,246.15,0.0,1,9.79,76.53,SPY200417P00322000,322.0,0,0.0,0.0,,0.0,normalDay
2020-04-02,3639.0,-5993.0,0.0,0,251.83,0.0,1,9.79,69.72,SPY200417P00322000,322.0,0,0.0,0.0,,0.0,normalDay
2020-04-03,3639.0,-6399.0,0.0,0,248.19,0.0,1,9.79,73.78,SPY200417P00322000,322.0,0,0.0,0.0,,0.0,normalDay
2020-04-06,3639.0,-4748.0,0.0,0,264.86,0.0,1,9.79,57.27,SPY200417P00322000,322.0,0,0.0,0.0,,0.0,normalDay
2020-04-07,3639.0,-4845.0,0.0,0,265.13,0.0,1,9.79,58.24,SPY200417P00322000,322.0,0,0.0,0.0,,0.0,normalDay
2020-04-08,3639.0,-3840.0,0.0,0,274.03,0.0,1,9.79,48.19,SPY200417P00322000,322.0,0,0.0,0.0,,0.0,normalDay
2020-04-09,3639.0,-3427.0,0.0,0,278.2,0.0,1,9.79,44.06,SPY200417P00322000,322.0,0,0.0,0.0,,0.0,normalDay
2020-04-13,3639.0,-3685.0,0.0,0,275.66,0.0,1,9.79,46.64,SPY200417P00322000,322.0,0,0.0,0.0,,0.0,normalDay
2020-04-14,3639.0,-2832.0,0.0,0,283.79,0.0,1,9.79,38.11,SPY200417P00322000,322.0,0,0.0,0.0,,0.0,normalDay
2020-04-15,3639.0,-3467.0,0.0,0,277.76,0.0,1,9.79,44.46,SPY200417P00322000,322.0,0,0.0,0.0,,0.0,normalDay
2020-04-16,3639.0,-3318.0,0.0,0,279.1,0.0,1,9.79,42.97,SPY200417P00322000,322.0,0,0.0,0.0,,0.0,normalDay
2020-04-17,4618.0,-3536.0,979.0,100,286.64,322.0,1,9.79,0.0,SPY200417P00322000,322.0,0,0.0,0.0,,0.0,expirationDay
2020-04-20,4618.0,-4058.0,0.0,100,281.59,322.0,0,0.0,0.0,,0.0,1,17.61,17.78,SPY200630C00281000,281.0,normalDay
2020-04-21,4618.0,-4514.0,0.0,100,273.04,322.0,0,0.0,0.0,,0.0,1,17.61,13.79,SPY200630C00281000,281.0,normalDay
2020-04-22,4618.0,-4090.0,0.0,100,279.1,322.0,0,0.0,0.0,,0.0,1,17.61,15.61,SPY200630C00281000,281.0,normalDay
2020-04-23,4618.0,-4064.0,0.0,100,279.08,322.0,0,0.0,0.0,,0.0,1,17.61,15.33,SPY200630C00281000,281.0,normalDay
2020-04-24,4618.0,-3772.0,0.0,100,282.97,322.0,0,0.0,0.0,,0.0,1,17.61,16.3,SPY200630C00281000,281.0,normalDay
2020-04-27,4618.0,-3502.0,0.0,100,287.05,322.0,0,0.0,0.0,,0.0,1,17.61,17.68,SPY200630C00281000,281.0,normalDay
2020-04-28,4618.0,-3562.0,0.0,100,285.73,322.0,0,0.0,0.0,,0.0,1,17.61,16.96,SPY200630C00281000,281.0,normalDay
2020-04-29,4618.0,-3239.0,0.0,100,293.21,322.0,0,0.0,0.0,,0.0,1,17.61,21.21,SPY200630C00281000,281.0,normalDay
2020-04-30,4618.0,-3303.0,0.0,100,290.48,322.0,0,0.0,0.0,,0.0,1,17.61,19.12,SPY200630C00281000,281.0,normalDay
2020-05-01,4618.0,-3696.0,0.0,100,282.79,322.0,0,0.0,0.0,,0.0,1,17.61,15.36,SPY200630C00281000,281.0,normalDay
2020-05-04,4618.0,-3561.0,0.0,100,283.57,322.0,0,0.0,0.0,,0.0,1,17.61,14.79,SPY200630C00281000,281.0,normalDay
2020-05-05,4618.0,-3431.0,0.0,100,286.19,322.0,0,0.0,0.0,,0.0,1,17.61,16.11,SPY200630C00281000,281.0,normalDay
2020-05-06,4618.0,-3479.0,0.0,100,284.25,322.0,0,0.0,0.0,,0.0,1,17.61,14.65,SPY200630C00281000,281.0,normalDay
2020-05-07,4618.0,-3342.0,0.0,100,287.68,322.0,0,0.0,0.0,,0.0,1,17.61,16.71,SPY200630C00281000,281.0,normalDay
2020-05-08,4618.0,-3095.0,0.0,100,292.44,322.0,0,0.0,0.0,,0.0,1,17.61,19.0,SPY200630C00281000,281.0,normalDay
2020-05-11,4618.0,-2966.0,0.0,100,292.5,322.0,0,0.0,0.0,,0.0,1,17.61,17.77,SPY200630C00281000,281.0,normalDay
2020-05-12,4618.0,-3213.0,0.0,100,286.67,322.0,0,0.0,0.0,,0.0,1,17.61,14.41,SPY200630C00281000,281.0,normalDay
2020-05-13,4618.0,-3543.0,0.0,100,281.6,322.0,0,0.0,0.0,,0.0,1,17.61,12.64,SPY200630C00281000,281.0,normalDay
2020-05-14,4618.0,-3331.0,0.0,100,284.97,322.0,0,0.0,0.0,,0.0,1,17.61,13.89,SPY200630C00281000,281.0,normalDay
2020-05-15,4618.0,-3175.0,0.0,100,286.28,322.0,0,0.0,0.0,,0.0,1,17.61,13.64,SPY200630C00281000,281.0,normalDay
2020-05-18,4618.0,-2872.0,0.0,100,295.0,322.0,0,0.0,0.0,,0.0,1,17.61,19.33,SPY200630C00281000,281.0,normalDay
2020-05-19,4618.0,-2993.0,0.0,100,291.97,322.0,0,0.0,0.0,,0.0,1,17.61,17.51,SPY200630C00281000,281.0,normalDay
2020-05-20,4618.0,-2834.0,0.0,100,296.93,322.0,0,0.0,0.0,,0.0,1,17.61,20.88,SPY200630C00281000,281.0,normalDay
2020-05-21,4618.0,-2839.0,0.0,100,294.88,322.0,0,0.0,0.0,,0.0,1,17.61,18.88,SPY200630C00281000,281.0,normalDay
2020-05-22,4618.0,-2822.0,0.0,100,295.44,322.0,0,0.0,0.0,,0.0,1,17.61,19.27,SPY200630C00281000,281.0,normalDay
2020-05-26,4618.0,-2706.0,0.0,100,299.08,322.0,0,0.0,0.0,,0.0,1,17.61,21.75,SPY200630C00281000,281.0,normalDay
2020-05-27,4618.0,-2639.0,0.0,100,303.53,322.0,0,0.0,0.0,,0.0,1,17.61,25.53,SPY200630C00281000,281.0,normalDay
2020-05-28,4618.0,-2714.0,0.0,100,302.97,322.0,0,0.0,0.0,,0.0,1,17.61,25.72,SPY200630C00281000,281.0,normalDay
2020-05-29,4618.0,-2666.0,0.0,100,304.32,322.0,0,0.0,0.0,,0.0,1,17.61,26.59,SPY200630C00281000,281.0,normalDay
2020-06-01,4618.0,-2533.0,0.0,100,305.55,322.0,0,0.0,0.0,,0.0,1,17.61,26.49,SPY200630C00281000,281.0,normalDay
2020-06-02,4618.0,-2465.0,0.0,100,308.08,322.0,0,0.0,0.0,,0.0,1,17.61,28.34,SPY200630C00281000,281.0,normalDay
2020-06-03,4618.0,-2431.0,0.0,100,312.18,322.0,0,0.0,0.0,,0.0,1,17.61,32.1,SPY200630C00281000,281.0,normalDay
2020-06-04,4618.0,-2440.0,0.0,100,311.36,322.0,0,0.0,0.0,,0.0,1,17.61,31.37,SPY200630C00281000,281.0,normalDay
2020-06-05,4618.0,-2374.0,0.0,100,319.34,322.0,0,0.0,0.0,,0.0,1,17.61,38.69,SPY200630C00281000,281.0,normalDay
2020-06-08,4618.0,-2326.0,0.0,100,323.2,322.0,0,0.0,0.0,,0.0,1,17.61,42.07,SPY200630C00281000,281.0,normalDay
2020-06-09,4618.0,-2460.0,0.0,100,320.79,322.0,0,0.0,0.0,,0.0,1,17.61,41.0,SPY200630C00281000,281.0,normalDay
2020-06-10,4618.0,-2345.0,0.0,100,319.0,322.0,0,0.0,0.0,,0.0,1,17.61,38.06,SPY200630C00281000,281.0,normalDay
2020-06-11,4618.0,-2739.0,0.0,100,300.61,322.0,0,0.0,0.0,,0.0,1,17.61,23.61,SPY200630C00281000,281.0,normalDay
2020-06-12,4618.0,-2503.0,0.0,100,304.21,322.0,0,0.0,0.0,,0.0,1,17.61,24.85,SPY200630C00281000,281.0,normalDay
2020-06-15,4618.0,-2464.0,0.0,100,307.05,322.0,0,0.0,0.0,,0.0,1,17.61,27.3,SPY200630C00281000,281.0,normalDay
2020-06-16,4618.0,-2380.0,0.0,100,312.96,322.0,0,0.0,0.0,,0.0,1,17.61,32.37,SPY200630C00281000,281.0,normalDay
2020-06-17,4618.0,-2421.0,0.0,100,311.66,322.0,0,0.0,0.0,,0.0,1,17.61,31.48,SPY200630C00281000,281.0,normalDay
2020-06-18,4618.0,-2367.0,0.0,100,311.78,322.0,0,0.0,0.0,,0.0,1,17.61,31.06,SPY200630C00281000,281.0,normalDay
2020-06-19,4618.0,-2314.0,0.0,100,308.64,322.0,0,0.0,0.0,,0.0,1,17.61,27.39,SPY200630C00281000,281.0,normalDay
2020-06-22,4618.0,-2397.0,0.0,100,310.62,322.0,0,0.0,0.0,,0.0,1,17.61,30.2,SPY200630C00281000,281.0,normalDay
2020-06-23,4618.0,-2348.0,0.0,100,312.05,322.0,0,0.0,0.0,,0.0,1,17.61,31.14,SPY200630C00281000,281.0,normalDay
2020-06-24,4618.0,-2431.0,0.0,100,304.09,322.0,0,0.0,0.0,,0.0,1,17.61,24.01,SPY200630C00281000,281.0,normalDay
2020-06-25,4618.0,-2401.0,0.0,100,307.35,322.0,0,0.0,0.0,,0.0,1,17.61,26.97,SPY200630C00281000,281.0,normalDay
2020-06-26,4618.0,-2490.0,0.0,100,300.05,322.0,0,0.0,0.0,,0.0,1,17.61,20.56,SPY200630C00281000,281.0,normalDay
2020-06-29,4618.0,-2373.0,0.0,100,304.46,322.0,0,0.0,0.0,,0.0,1,17.61,23.8,SPY200630C00281000,281.0,normalDay
2020-06-30,2279.0,-2373.0,-2339.0,0,308.36,0.0,0,0.0,0.0,,0.0,1,17.61,0.0,SPY200630C00281000,281.0,expirationDay
2020-07-01,2279.0,-7.0,0.0,0,310.52,0.0,1,7.9,7.97,SPY200821P00300000,300.0,0,0.0,0.0,,0.0,normalDay
2020-07-02,2279.0,91.0,0.0,0,312.23,0.0,1,7.9,6.99,SPY200821P00300000,300.0,0,0.0,0.0,,0.0,normalDay
2020-07-06,2279.0,217.0,0.0,0,317.05,0.0,1,7.9,5.73,SPY200821P00300000,300.0,0,0.0,0.0,,0.0,normalDay
2020-07-07,2279.0,114.0,0.0,0,313.78,0.0,1,7.9,6.76,SPY200821P00300000,300.0,0,0.0,0.0,,0.0,normalDay
2020-07-08,2279.0,215.0,0.0,0,316.18,0.0,1,7.9,5.75,SPY200821P00300000,300.0,0,0.0,0.0,,0.0,normalDay
2020-07-09,2279.0,151.0,0.0,0,314.38,0.0,1,7.9,6.39,SPY200821P00300000,300.0,0,0.0,0.0,,0.0,normalDay
2020-07-10,2279.0,278.0,0.0,0,317.59,0.0,1,7.9,5.12,SPY200821P00300000,300.0,0,0.0,0.0,,0.0,normalDay
2020-07-13,2279.0,122.0,0.0,0,314.84,0.0,1,7.9,6.68,SPY200821P00300000,300.0,0,0.0,0.0,,0.0,normalDay
2020-07-14,2279.0,286.0,0.0,0,318.92,0.0,1,7.9,5.04,SPY200821P00300000,300.0,0,0.0,0.0,,0.0,normalDay
2020-07-15,2279.0,391.0,0.0,0,321.85,0.0,1,7.9,3.99,SPY200821P00300000,300.0,0,0.0,0.0,,0.0,normalDay
2020-07-16,2279.0,370.0,0.0,0,320.79,0.0,1,7.9,4.2,SPY200821P00300000,300.0,0,0.0,0.0,,0.0,normalDay
2020-07-17,2279.0,477.0,0.0,0,321.72,0.0,1,7.9,3.13,SPY200821P00300000,300.0,0,0.0,0.0,,0.0,normalDay
2020-07-20,2279.0,552.0,0.0,0,324.32,0.0,1,7.9,2.38,SPY200821P00300000,300.0,0,0.0,0.0,,0.0,normalDay
2020-07-21,2279.0,555.0,0.0,0,325.01,0.0,1,7.9,2.35,SPY200821P00300000,300.0,0,0.0,0.0,,0.0,normalDay
2020-07-22,2279.0,588.0,0.0,0,326.86,0.0,1,7.9,2.02,SPY200821P00300000,300.0,0,0.0,0.0,,0.0,normalDay
2020-07-23,2279.0,517.0,0.0,0,322.96,0.0,1,7.9,2.73,SPY200821P00300000,300.0,0,0.0,0.0,,0.0,normalDay
2020-07-24,2279.0,530.0,0.0,0,320.88,0.0,1,7.9,2.6,SPY200821P00300000,300.0,0,0.0,0.0,,0.0,normalDay
2020-07-27,2279.0,601.0,0.0,0,323.22,0.0,1,7.9,1.89,SPY200821P00300000,300.0,0,0.0,0.0,,0.0,normalDay
2020-07-28,2279.0,576.0,0.0,0,321.17,0.0,1,7.9,2.14,SPY200821P00300000,300.0,0,0.0,0.0,,0.0,normalDay
2020-07-29,2279.0,646.0,0.0,0,325.12,0.0,1,7.9,1.44,SPY200821P00300000,300.0,0,0.0,0.0,,0.0,normalDay
2020-07-30,2279.0,635.0,0.0,0,323.96,0.0,1,7.9,1.55,SPY200821P00300000,300.0,0,0.0,0.0,,0.0,normalDay
2020-07-31,2279.0,682.0,0.0,0,326.52,0.0,1,7.9,1.08,SPY200821P00300000,300.0,0,0.0,0.0,,0.0,normalDay
2020-08-03,2279.0,711.0,0.0,0,328.79,0.0,1,7.9,0.79,SPY200821P00300000,300.0,0,0.0,0.0,,0.0,normalDay
2020-08-04,2279.0,728.0,0.0,0,330.06,0.0,1,7.9,0.62,SPY200821P00300000,300.0,0,0.0,0.0,,0.0,normalDay
2020-08-05,2279.0,744.0,0.0,0,332.11,0.0,1,7.9,0.46,SPY200821P00300000,300.0,0,0.0,0.0,,0.0,normalDay
2020-08-06,2279.0,750.0,0.0,0,334.33,0.0,1,7.9,0.4,SPY200821P00300000,300.0,0,0.0,0.0,,0.0,normalDay
2020-08-07,2279.0,759.0,0.0,0,334.57,0.0,1,7.9,0.31,SPY200821P00300000,300.0,0,0.0,0.0,,0.0,normalDay
2020-08-10,2279.0,768.0,0.0,0,335.57,0.0,1,7.9,0.22,SPY200821P00300000,300.0,0,0.0,0.0,,0.0,normalDay
2020-08-11,2279.0,755.0,0.0,0,332.8,0.0,1,7.9,0.35,SPY200821P00300000,300.0,0,0.0,0.0,,0.0,normalDay
2020-08-12,2279.0,775.0,0.0,0,337.44,0.0,1,7.9,0.15,SPY200821P00300000,300.0,0,0.0,0.0,,0.0,normalDay
2020-08-13,2279.0,778.0,0.0,0,336.83,0.0,1,7.9,0.12,SPY200821P00300000,300.0,0,0.0,0.0,,0.0,normalDay
2020-08-14,2279.0,782.0,0.0,0,336.84,0.0,1,7.9,0.08,SPY200821P00300000,300.0,0,0.0,0.0,,0.0,normalDay
2020-08-17,2279.0,786.0,0.0,0,337.91,0.0,1,7.9,0.04,SPY200821P00300000,300.0,0,0.0,0.0,,0.0,normalDay
2020-08-18,2279.0,787.0,0.0,0,338.64,0.0,1,7.9,0.03,SPY200821P00300000,300.0,0,0.0,0.0,,0.0,normalDay
2020-08-19,2279.0,786.0,0.0,0,337.23,0.0,1,7.9,0.04,SPY200821P00300000,300.0,0,0.0,0.0,,0.0,normalDay
2020-08-20,2279.0,788.0,0.0,0,338.28,0.0,1,7.9,0.02,SPY200821P00300000,300.0,0,0.0,0.0,,0.0,normalDay
2020-08-21,3069.0,0.0,790.0,0,339.48,0.0,1,7.9,0.0,SPY200821P00300000,300.0,0,0.0,0.0,,0.0,expirationDay
2020-08-24,3069.0,-4.0,0.0,0,342.92,0.0,1,5.14,5.18,SPY201016P00324000,324.0,0,0.0,0.0,,0.0,normalDay
2020-08-25,3069.0,35.0,0.0,0,344.12,0.0,1,5.14,4.79,SPY201016P00324000,324.0,0,0.0,0.0,,0.0,normalDay
2020-08-26,3069.0,63.0,0.0,0,347.57,0.0,1,5.14,4.51,SPY201016P00324000,324.0,0,0.0,0.0,,0.0,normalDay
2020-08-27,3069.0,60.0,0.0,0,348.33,0.0,1,5.14,4.54,SPY201016P00324000,324.0,0,0.0,0.0,,0.0,normalDay
2020-08-28,3069.0,126.0,0.0,0,350.58,0.0,1,5.14,3.88,SPY201016P00324000,324.0,0,0.0,0.0,,0.0,normalDay
2020-08-31,3069.0,67.0,0.0,0,349.31,0.0,1,5.14,4.47,SPY201016P00324000,324.0,0,0.0,0.0,,0.0,normalDay
2020-09-01,3069.0,107.0,0.0,0,352.6,0.0,1,5.14,4.07,SPY201016P00324000,324.0,0,0.0,0.0,,0.0,normalDay
2020-09-02,3069.0,174.0,0.0,0,357.7,0.0,1,5.14,3.4,SPY201016P00324000,324.0,0,0.0,0.0,,0.0,normalDay
2020-09-03,3069.0,-122.0,0.0,0,345.39,0.0,1,5.14,6.36,SPY201016P00324000,324.0,0,0.0,0.0,,0.0,normalDay
2020-09-04,3069.0,-116.0,0.0,0,342.57,0.0,1,5.14,6.3,SPY201016P00324000,324.0,0,0.0,0.0,,0.0,normalDay
2020-09-08,3069.0,-304.0,0.0,0,333.21,0.0,1,5.14,8.18,SPY201016P00324000,324.0,0,0.0,0.0,,0.0,normalDay
2020-09-09,3069.0,-74.0,0.0,0,339.79,0.0,1,5.14,5.88,SPY201016P00324000,324.0,0,0.0,0.0,,0.0,normalDay
2020-09-10,3069.0,-213.0,0.0,0,333.89,0.0,1,5.14,7.27,SPY201016P00324000,324.0,0,0.0,0.0,,0.0,normalDay
2020-09-11,3069.0,-164.0,0.0,0,334.06,0.0,1,5.14,6.78,SPY201016P00324000,324.0,0,0.0,0.0,,0.0,normalDay
2020-09-14,3069.0,47.0,0.0,0,338.46,0.0,1,5.14,4.67,SPY201016P00324000,324.0,0,0.0,0.0,,0.0,normalDay
2020-09-15,3069.0,98.0,0.0,0,340.17,0.0,1,5.14,4.16,SPY201016P00324000,324.0,0,0.0,0.0,,0.0,normalDay
2020-09-16,3069.0,68.0,0.0,0,338.82,0.0,1,5.14,4.46,SPY201016P00324000,324.0,0,0.0,0.0,,0.0,normalDay
2020-09-17,3069.0,23.0,0.0,0,335.84,0.0,1,5.14,4.91,SPY201016P00324000,324.0,0,0.0,0.0,,0.0,normalDay
2020-09-18,3069.0,-55.0,0.0,0,330.65,0.0,1,5.14,5.69,SPY201016P00324000,324.0,0,0.0,0.0,,0.0,normalDay
2020-09-21,3069.0,-169.0,0.0,0,326.97,0.0,1,5.14,6.83,SPY201016P00324000,324.0,0,0.0,0.0,,0.0,normalDay
2020-09-22,3069.0,-44.0,0.0,0,330.3,0.0,1,5.14,5.58,SPY201016P00324000,324.0,0,0.0,0.0,,0.0,normalDay
2020-09-23,3069.0,-351.0,0.0,0,322.64,0.0,1,5.14,8.65,SPY201016P00324000,324.0,0,0.0,0.0,,0.0,normalDay
2020-09-24,3069.0,-272.0,0.0,0,323.5,0.0,1,5.14,7.86,SPY201016P00324000,324.0,0,0.0,0.0,,0.0,normalDay
2020-09-25,3069.0,-21.0,0.0,0,328.73,0.0,1,5.14,5.35,SPY201016P00324000,324.0,0,0.0,0.0,,0.0,normalDay
2020-09-28,3069.0,169.0,0.0,0,334.19,0.0,1,5.14,3.45,SPY201016P00324000,324.0,0,0.0,0.0,,0.0,normalDay
2020-09-29,3069.0,137.0,0.0,0,332.37,0.0,1,5.14,3.77,SPY201016P00324000,324.0,0,0.0,0.0,,0.0,normalDay
2020-09-30,3069.0,170.0,0.0,0,334.89,0.0,1,5.14,3.44,SPY201016P00324000,324.0,0,0.0,0.0,,0.0,normalDay
2020-10-01,3069.0,258.0,0.0,0,337.04,0.0,1,5.14,2.56,SPY201016P00324000,324.0,0,0.0,0.0,,0.0,normalDay
2020-10-02,3069.0,210.0,0.0,0,333.84,0.0,1,5.14,3.04,SPY201016P00324000,324.0,0,0.0,0.0,,0.0,normalDay
2020-10-05,3069.0,379.0,0.0,0,339.76,0.0,1,5.14,1.35,SPY201016P00324000,324.0,0,0.0,0.0,,0.0,normalDay
2020-10-06,3069.0,307.0,0.0,0,334.93,0.0,1,5.14,2.07,SPY201016P00324000,324.0,0,0.0,0.0,,0.0,normalDay
2020-10-07,3069.0,434.0,0.0,0,340.76,0.0,1,5.14,0.8,SPY201016P00324000,324.0,0,0.0,0.0,,0.0,normalDay
2020-10-08,3069.0,478.0,0.0,0,343.78,0.0,1,5.14,0.36,SPY201016P00324000,324.0,0,0.0,0.0,,0.0,normalDay
2020-10-09,3069.0,499.0,0.0,0,346.85,0.0,1,5.14,0.15,SPY201016P00324000,324.0,0,0.0,0.0,,0.0,normalDay
2020-10-12,3069.0,506.0,0.0,0,352.43,0.0,1,5.14,0.08,SPY201016P00324000,324.0,0,0.0,0.0,,0.0,normalDay
2020-10-13,3069.0,509.0,0.0,0,350.13,0.0,1,5.14,0.05,SPY201016P00324000,324.0,0,0.0,0.0,,0.0,normalDay
2020-10-14,3069.0,509.0,0.0,0,347.93,0.0,1,5.14,0.05,SPY201016P00324000,324.0,0,0.0,0.0,,0.0,normalDay
2020-10-15,3069.0,512.0,0.0,0,347.5,0.0,1,5.14,0.02,SPY201016P00324000,324.0,0,0.0,0.0,,0.0,normalDay
2020-10-16,3583.0,0.0,514.0,0,347.29,0.0,1,5.14,0.0,SPY201016P00324000,324.0,0,0.0,0.0,,0.0,expirationDay
2020-10-19,3583.0,-8.0,0.0,0,342.01,0.0,1,6.02,6.1,SPY201127P00325000,325.0,0,0.0,0.0,,0.0,normalDay
2020-10-20,3583.0,9.0,0.0,0,343.38,0.0,1,6.02,5.93,SPY201127P00325000,325.0,0,0.0,0.0,,0.0,normalDay
2020-10-21,3583.0,53.0,0.0,0,342.73,0.0,1,6.02,5.49,SPY201127P00325000,325.0,0,0.0,0.0,,0.0,normalDay
2020-10-22,3583.0,104.0,0.0,0,344.61,0.0,1,6.02,4.98,SPY201127P00325000,325.0,0,0.0,0.0,,0.0,normalDay
2020-10-23,3583.0,142.0,0.0,0,345.78,0.0,1,6.02,4.6,SPY201127P00325000,325.0,0,0.0,0.0,,0.0,normalDay
2020-10-26,3583.0,-74.0,0.0,0,339.39,0.0,1,6.02,6.76,SPY201127P00325000,325.0,0,0.0,0.0,,0.0,normalDay
2020-10-27,3583.0,-101.0,0.0,0,338.22,0.0,1,6.02,7.03,SPY201127P00325000,325.0,0,0.0,0.0,,0.0,normalDay
2020-10-28,3583.0,-674.0,0.0,0,326.66,0.0,1,6.02,12.76,SPY201127P00325000,325.0,0,0.0,0.0,,0.0,normalDay
2020-10-29,3583.0,-394.0,0.0,0,329.98,0.0,1,6.02,9.96,SPY201127P00325000,325.0,0,0.0,0.0,,0.0,normalDay
2020-10-30,3583.0,-519.0,0.0,0,326.54,0.0,1,6.02,11.21,SPY201127P00325000,325.0,0,0.0,0.0,,0.0,normalDay
2020-11-02,3583.0,-308.0,0.0,0,330.2,0.0,1,6.02,9.1,SPY201127P00325000,325.0,0,0.0,0.0,,0.0,normalDay
2020-11-03,3583.0,-107.0,0.0,0,336.03,0.0,1,6.02,7.09,SPY201127P00325000,325.0,0,0.0,0.0,,0.0,normalDay
2020-11-04,3583.0,234.0,0.0,0,343.54,0.0,1,6.02,3.68,SPY201127P00325000,325.0,0,0.0,0.0,,0.0,normalDay
2020-11-05,3583.0,368.0,0.0,0,350.24,0.0,1,6.02,2.34,SPY201127P00325000,325.0,0,0.0,0.0,,0.0,normalDay
2020-11-06,3583.0,435.0,0.0,0,350.16,0.0,1,6.02,1.67,SPY201127P00325000,325.0,0,0.0,0.0,,0.0,normalDay
2020-11-09,3583.0,492.0,0.0,0,354.56,0.0,1,6.02,1.1,SPY201127P00325000,325.0,0,0.0,0.0,,0.0,normalDay
2020-11-10,3583.0,508.0,0.0,0,354.04,0.0,1,6.02,0.94,SPY201127P00325000,325.0,0,0.0,0.0,,0.0,normalDay
2020-11-11,3583.0,540.0,0.0,0,356.67,0.0,1,6.02,0.62,SPY201127P00325000,325.0,0,0.0,0.0,,0.0,normalDay
2020-11-12,3583.0,514.0,0.0,0,353.21,0.0,1,6.02,0.88,SPY201127P00325000,325.0,0,0.0,0.0,,0.0,normalDay
2020-11-13,3583.0,556.0,0.0,0,358.1,0.0,1,6.02,0.46,SPY201127P00325000,325.0,0,0.0,0.0,,0.0,normalDay
2020-11-16,3583.0,582.0,0.0,0,362.57,0.0,1,6.02,0.2,SPY201127P00325000,325.0,0,0.0,0.0,,0.0,normalDay
2020-11-17,3583.0,587.0,0.0,0,360.62,0.0,1,6.02,0.15,SPY201127P00325000,325.0,0,0.0,0.0,,0.0,normalDay
2020-11-18,3583.0,585.0,0.0,0,356.28,0.0,1,6.02,0.17,SPY201127P00325000,325.0,0,0.0,0.0,,0.0,normalDay
2020-11-19,3583.0,588.0,0.0,0,357.78,0.0,1,6.02,0.14,SPY201127P00325000,325.0,0,0.0,0.0,,0.0,normalDay
2020-11-20,3583.0,594.0,0.0,0,355.33,0.0,1,6.02,0.08,SPY201127P00325000,325.0,0,0.0,0.0,,0.0,normalDay
2020-11-23,3583.0,599.0,0.0,0,357.46,0.0,1,6.02,0.03,SPY201127P00325000,325.0,0,0.0,0.0,,0.0,normalDay
2020-11-24,3583.0,600.0,0.0,0,363.22,0.0,1,6.02,0.02,SPY201127P00325000,325.0,0,0.0,0.0,,0.0,normalDay
2020-11-25,3583.0,601.0,0.0,0,362.66,0.0,1,6.02,0.01,SPY201127P00325000,325.0,0,0.0,0.0,,0.0,normalDay
2020-11-27,4185.0,0.0,602.0,0,363.67,0.0,1,6.02,0.0,SPY201127P00325000,325.0,0,0.0,0.0,,0.0,expirationDay
2020-11-30,4185.0,-4.0,0.0,0,362.06,0.0,1,3.98,4.02,SPY210115P00340000,340.0,0,0.0,0.0,,0.0,normalDay
2020-12-01,4185.0,41.0,0.0,0,366.02,0.0,1,3.98,3.57,SPY210115P00340000,340.0,0,0.0,0.0,,0.0,normalDay
2020-12-02,4185.0,60.0,0.0,0,366.79,0.0,1,3.98,3.38,SPY210115P00340000,340.0,0,0.0,0.0,,0.0,normalDay
2020-12-03,4185.0,56.0,0.0,0,366.69,0.0,1,3.98,3.42,SPY210115P00340000,340.0,0,0.0,0.0,,0.0,normalDay
2020-12-04,4185.0,120.0,0.0,0,369.85,0.0,1,3.98,2.78,SPY210115P00340000,340.0,0,0.0,0.0,,0.0,normalDay
2020-12-07,4185.0,125.0,0.0,0,369.09,0.0,1,3.98,2.73,SPY210115P00340000,340.0,0,0.0,0.0,,0.0,normalDay
2020-12-08,4185.0,174.0,0.0,0,370.17,0.0,1,3.98,2.24,SPY210115P00340000,340.0,0,0.0,0.0,,0.0,normalDay
2020-12-09,4185.0,113.0,0.0,0,366.85,0.0,1,3.98,2.85,SPY210115P00340000,340.0,0,0.0,0.0,,0.0,normalDay
2020-12-10,4185.0,121.0,0.0,0,366.73,0.0,1,3.98,2.77,SPY210115P00340000,340.0,0,0.0,0.0,,0.0,normalDay
2020-12-11,4185.0,103.0,0.0,0,366.3,0.0,1,3.98,2.95,SPY210115P00340000,340.0,0,0.0,0.0,,0.0,normalDay
2020-12-14,4185.0,83.0,0.0,0,364.66,0.0,1,3.98,3.15,SPY210115P00340000,340.0,0,0.0,0.0,,0.0,normalDay
2020-12-15,4185.0,167.0,0.0,0,369.59,0.0,1,3.98,2.31,SPY210115P00340000,340.0,0,0.0,0.0,,0.0,normalDay
2020-12-16,4185.0,198.0,0.0,0,370.17,0.0,1,3.98,2.0,SPY210115P00340000,340.0,0,0.0,0.0,,0.0,normalDay
2020-12-17,4185.0,237.0,0.0,0,372.24,0.0,1,3.98,1.61,SPY210115P00340000,340.0,0,0.0,0.0,,0.0,normalDay
2020-12-18,4185.0,242.0,0.0,0,369.18,0.0,1,3.98,1.56,SPY210115P00340000,340.0,0,0.0,0.0,,0.0,normalDay
2020-12-21,4185.0,183.0,0.0,0,367.86,0.0,1,3.98,2.15,SPY210115P00340000,340.0,0,0.0,0.0,,0.0,normalDay
2020-12-22,4185.0,202.0,0.0,0,367.24,0.0,1,3.98,1.96,SPY210115P00340000,340.0,0,0.0,0.0,,0.0,normalDay
2020-12-23,4185.0,229.0,0.0,0,367.57,0.0,1,3.98,1.69,SPY210115P00340000,340.0,0,0.0,0.0,,0.0,normalDay
2020-12-24,4185.0,272.0,0.0,0,369.0,0.0,1,3.98,1.26,SPY210115P00340000,340.0,0,0.0,0.0,,0.0,normalDay
2020-12-28,4185.0,316.0,0.0,0,372.17,0.0,1,3.98,0.82,SPY210115P00340000,340.0,0,0.0,0.0,,0.0,normalDay
2020-12-29,4185.0,307.0,0.0,0,371.46,0.0,1,3.98,0.91,SPY210115P00340000,340.0,0,0.0,0.0,,0.0,normalDay
2020-12-30,4185.0,318.0,0.0,0,371.99,0.0,1,3.98,0.8,SPY210115P00340000,340.0,0,0.0,0.0,,0.0,normalDay
2020-12-31,4185.0,335.0,0.0,0,373.88,0.0,1,3.98,0.63,SPY210115P00340000,340.0,0,0.0,0.0,,0.0,normalDay
2021-01-04,4185.0,308.0,0.0,0,368.79,0.0,1,3.98,0.9,SPY210115P00340000,340.0,0,0.0,0.0,,0.0,normalDay
2021-01-05,4185.0,338.0,0.0,0,371.33,0.0,1,3.98,0.6,SPY210115P00340000,340.0,0,0.0,0.0,,0.0,normalDay
2021-01-06,4185.0,342.0,0.0,0,373.55,0.0,1,3.98,0.56,SPY210115P00340000,340.0,0,0.0,0.0,,0.0,normalDay
2021-01-07,4185.0,376.0,0.0,0,379.1,0.0,1,3.98,0.22,SPY210115P00340000,340.0,0,0.0,0.0,,0.0,normalDay
2021-01-08,4185.0,387.0,0.0,0,381.26,0.0,1,3.98,0.11,SPY210115P00340000,340.0,0,0.0,0.0,,0.0,normalDay
2021-01-11,4185.0,389.0,0.0,0,378.69,0.0,1,3.98,0.09,SPY210115P00340000,340.0,0,0.0,0.0,,0.0,normalDay
2021-01-12,4185.0,392.0,0.0,0,378.77,0.0,1,3.98,0.06,SPY210115P00340000,340.0,0,0.0,0.0,,0.0,normalDay
2021-01-13,4185.0,395.0,0.0,0,379.79,0.0,1,3.98,0.03,SPY210115P00340000,340.0,0,0.0,0.0,,0.0,normalDay
2021-01-14,4185.0,396.0,0.0,0,378.46,0.0,1,3.98,0.02,SPY210115P00340000,340.0,0,0.0,0.0,,0.0,normalDay
2021-01-15,4583.0,0.0,398.0,0,375.7,0.0,1,3.98,0.0,SPY210115P00340000,340.0,0,0.0,0.0,,0.0,expirationDay
2021-01-19,4583.0,-6.0,0.0,0,378.65,0.0,1,5.56,5.62,SPY210226P00366000,366.0,0,0.0,0.0,,0.0,normalDay
2021-01-20,4583.0,145.0,0.0,0,383.89,0.0,1,5.56,4.11,SPY210226P00366000,366.0,0,0.0,0.0,,0.0,normalDay
2021-01-21,4583.0,168.0,0.0,0,384.24,0.0,1,5.56,3.88,SPY210226P00366000,366.0,0,0.0,0.0,,0.0,normalDay
2021-01-22,4583.0,146.0,0.0,0,382.88,0.0,1,5.56,4.1,SPY210226P00366000,366.0,0,0.0,0.0,,0.0,normalDay
2021-01-25,4583.0,170.0,0.0,0,384.39,0.0,1,5.56,3.86,SPY210226P00366000,366.0,0,0.0,0.0,,0.0,normalDay
2021-01-26,4583.0,184.0,0.0,0,383.79,0.0,1,5.56,3.72,SPY210226P00366000,366.0,0,0.0,0.0,,0.0,normalDay
2021-01-27,4583.0,-310.0,0.0,0,374.41,0.0,1,5.56,8.66,SPY210226P00366000,366.0,0,0.0,0.0,,0.0,normalDay
2021-01-28,4583.0,-88.0,0.0,0,377.63,0.0,1,5.56,6.44,SPY210226P00366000,366.0,0,0.0,0.0,,0.0,normalDay
2021-01-29,4583.0,-456.0,0.0,0,370.07,0.0,1,5.56,10.12,SPY210226P00366000,366.0,0,0.0,0.0,,0.0,normalDay
2021-02-01,4583.0,-85.0,0.0,0,376.23,0.0,1,5.56,6.41,SPY210226P00366000,366.0,0,0.0,0.0,,0.0,normalDay
2021-02-02,4583.0,190.0,0.0,0,381.55,0.0,1,5.56,3.66,SPY210226P00366000,366.0,0,0.0,0.0,,0.0,normalDay
2021-02-03,4583.0,258.0,0.0,0,381.85,0.0,1,5.56,2.98,SPY210226P00366000,366.0,0,0.0,0.0,,0.0,normalDay
2021-02-04,4583.0,352.0,0.0,0,386.19,0.0,1,5.56,2.04,SPY210226P00366000,366.0,0,0.0,0.0,,0.0,normalDay
2021-02-05,4583.0,398.0,0.0,0,387.71,0.0,1,5.56,1.58,SPY210226P00366000,366.0,0,0.0,0.0,,0.0,normalDay
2021-02-08,4583.0,439.0,0.0,0,390.51,0.0,1,5.56,1.17,SPY210226P00366000,366.0,0,0.0,0.0,,0.0,normalDay
2021-02-09,4583.0,445.0,0.0,0,390.25,0.0,1,5.56,1.11,SPY210226P00366000,366.0,0,0.0,0.0,,0.0,normalDay
2021-02-10,4583.0,442.0,0.0,0,390.08,0.0,1,5.56,1.14,SPY210226P00366000,366.0,0,0.0,0.0,,0.0,normalDay
2021-02-11,4583.0,463.0,0.0,0,390.71,0.0,1,5.56,0.93,SPY210226P00366000,366.0,0,0.0,0.0,,0.0,normalDay
2021-02-12,4583.0,504.0,0.0,0,392.64,0.0,1,5.56,0.52,SPY210226P00366000,366.0,0,0.0,0.0,,0.0,normalDay
2021-02-16,4583.0,507.0,0.0,0,392.3,0.0,1,5.56,0.49,SPY210226P00366000,366.0,0,0.0,0.0,,0.0,normalDay
2021-02-17,4583.0,520.0,0.0,0,392.39,0.0,1,5.56,0.36,SPY210226P00366000,366.0,0,0.0,0.0,,0.0,normalDay
2021-02-18,4583.0,516.0,0.0,0,390.72,0.0,1,5.56,0.4,SPY210226P00366000,366.0,0,0.0,0.0,,0.0,normalDay
2021-02-19,4583.0,536.0,0.0,0,390.03,0.0,1,5.56,0.2,SPY210226P00366000,366.0,0,0.0,0.0,,0.0,normalDay
2021-02-22,4583.0,537.0,0.0,0,387.03,0.0,1,5.56,0.19,SPY210226P00366000,366.0,0,0.0,0.0,,0.0,normalDay
2021-02-23,4583.0,545.0,0.0,0,387.5,0.0,1,5.56,0.11,SPY210226P00366000,366.0,0,0.0,0.0,,0.0,normalDay
2021-02-24,4583.0,553.0,0.0,0,391.77,0.0,1,5.56,0.03,SPY210226P00366000,366.0,0,0.0,0.0,,0.0,normalDay
2021-02-25,4583.0,544.0,0.0,0,382.33,0.0,1,5.56,0.12,SPY210226P00366000,366.0,0,0.0,0.0,,0.0,normalDay
2021-02-26,5139.0,0.0,556.0,0,380.36,0.0,1,5.56,0.0,SPY210226P00366000,366.0,0,0.0,0.0,,0.0,expirationDay
2021-03-01,5139.0,-5.0,0.0,0,389.58,0.0,1,7.49,7.54,SPY210416P00380000,380.0,0,0.0,0.0,,0.0,normalDay
2021-03-02,5139.0,-125.0,0.0,0,386.54,0.0,1,7.49,8.74,SPY210416P00380000,380.0,0,0.0,0.0,,0.0,normalDay
2021-03-03,5139.0,-350.0,0.0,0,381.42,0.0,1,7.49,10.99,SPY210416P00380000,380.0,0,0.0,0.0,,0.0,normalDay
2021-03-04,5139.0,-580.0,0.0,0,376.7,0.0,1,7.49,13.29,SPY210416P00380000,380.0,0,0.0,0.0,,0.0,normalDay
2021-03-05,5139.0,-188.0,0.0,0,383.63,0.0,1,7.49,9.37,SPY210416P00380000,380.0,0,0.0,0.0,,0.0,normalDay
2021-03-08,5139.0,-246.0,0.0,0,381.72,0.0,1,7.49,9.95,SPY210416P00380000,380.0,0,0.0,0.0,,0.0,normalDay
2021-03-09,5139.0,-14.0,0.0,0,387.17,0.0,1,7.49,7.63,SPY210416P00380000,380.0,0,0.0,0.0,,0.0,normalDay
2021-03-10,5139.0,126.0,0.0,0,389.58,0.0,1,7.49,6.23,SPY210416P00380000,380.0,0,0.0,0.0,,0.0,normalDay
2021-03-11,5139.0,237.0,0.0,0,393.53,0.0,1,7.49,5.12,SPY210416P00380000,380.0,0,0.0,0.0,,0.0,normalDay
2021-03-12,5139.0,310.0,0.0,0,394.06,0.0,1,7.49,4.39,SPY210416P00380000,380.0,0,0.0,0.0,,0.0,normalDay
2021-03-15,5139.0,406.0,0.0,0,396.41,0.0,1,7.49,3.43,SPY210416P00380000,380.0,0,0.0,0.0,,0.0,normalDay
2021-03-16,5139.0,402.0,0.0,0,395.91,0.0,1,7.49,3.47,SPY210416P00380000,380.0,0,0.0,0.0,,0.0,normalDay
2021-03-17,5139.0,455.0,0.0,0,397.26,0.0,1,7.49,2.94,SPY210416P00380000,380.0,0,0.0,0.0,,0.0,normalDay
2021-03-18,5139.0,330.0,0.0,0,391.48,0.0,1,7.49,4.19,SPY210416P00380000,380.0,0,0.0,0.0,,0.0,normalDay
2021-03-19,5139.0,315.0,0.0,0,389.48,0.0,1,7.49,4.34,SPY210416P00380000,380.0,0,0.0,0.0,,0.0,normalDay
2021-03-22,5139.0,477.0,0.0,0,392.59,0.0,1,7.49,2.72,SPY210416P00380000,380.0,0,0.0,0.0,,0.0,normalDay
2021-03-23,5139.0,387.0,0.0,0,389.5,0.0,1,7.49,3.62,SPY210416P00380000,380.0,0,0.0,0.0,,0.0,normalDay
2021-03-24,5139.0,336.0,0.0,0,387.52,0.0,1,7.49,4.13,SPY210416P00380000,380.0,0,0.0,0.0,,0.0,normalDay
2021-03-25,5139.0,435.0,0.0,0,389.7,0.0,1,7.49,3.14,SPY210416P00380000,380.0,0,0.0,0.0,,0.0,normalDay
2021-03-26,5139.0,555.0,0.0,0,395.98,0.0,1,7.49,1.94,SPY210416P00380000,380.0,0,0.0,0.0,,0.0,normalDay
2021-03-29,5139.0,541.0,0.0,0,395.78,0.0,1,7.49,2.08,SPY210416P00380000,380.0,0,0.0,0.0,,0.0,normalDay
2021-03-30,5139.0,561.0,0.0,0,394.73,0.0,1,7.49,1.88,SPY210416P00380000,380.0,0,0.0,0.0,,0.0,normalDay
2021-03-31,5139.0,608.0,0.0,0,396.33,0.0,1,7.49,1.41,SPY210416P00380000,380.0,0,0.0,0.0,,0.0,normalDay
2021-04-01,5139.0,679.0,0.0,0,400.61,0.0,1,7.49,0.7,SPY210416P00380000,380.0,0,0.0,0.0,,0.0,normalDay
2021-04-05,5139.0,713.0,0.0,0,406.36,0.0,1,7.49,0.36,SPY210416P00380000,380.0,0,0.0,0.0,,0.0,normalDay
2021-04-06,5139.0,716.0,0.0,0,406.12,0.0,1,7.49,0.33,SPY210416P00380000,380.0,0,0.0,0.0,,0.0,normalDay
2021-04-07,5139.0,728.0,0.0,0,406.59,0.0,1,7.49,0.21,SPY210416P00380000,380.0,0,0.0,0.0,,0.0,normalDay
2021-04-08,5139.0,735.0,0.0,0,408.52,0.0,1,7.49,0.14,SPY210416P00380000,380.0,0,0.0,0.0,,0.0,normalDay
2021-04-09,5139.0,742.0,0.0,0,411.49,0.0,1,7.49,0.07,SPY210416P00380000,380.0,0,0.0,0.0,,0.0,normalDay
2021-04-12,5139.0,745.0,0.0,0,411.64,0.0,1,7.49,0.04,SPY210416P00380000,380.0,0,0.0,0.0,,0.0,normalDay
2021-04-13,5139.0,746.0,0.0,0,412.86,0.0,1,7.49,0.03,SPY210416P00380000,380.0,0,0.0,0.0,,0.0,normalDay
2021-04-14,5139.0,746.0,0.0,0,411.45,0.0,1,7.49,0.03,SPY210416P00380000,380.0,0,0.0,0.0,,0.0,normalDay
2021-04-15,5139.0,748.0,0.0,0,415.87,0.0,1,7.49,0.01,SPY210416P00380000,380.0,0,0.0,0.0,,0.0,normalDay
2021-04-16,5888.0,0.0,749.0,0,417.26,0.0,1,7.49,0.0,SPY210416P00380000,380.0,0,0.0,0.0,,0.0,expirationDay
2021-04-19,5888.0,-5.0,0.0,0,415.21,0.0,1,2.31,2.36,SPY210528P00387500,387.5,0,0.0,0.0,,0.0,normalDay
2021-04-20,5888.0,-71.0,0.0,0,412.17,0.0,1,2.31,3.02,SPY210528P00387500,387.5,0,0.0,0.0,,0.0,normalDay
2021-04-21,5888.0,13.0,0.0,0,416.07,0.0,1,2.31,2.18,SPY210528P00387500,387.5,0,0.0,0.0,,0.0,normalDay
2021-04-22,5888.0,-52.0,0.0,0,412.27,0.0,1,2.31,2.83,SPY210528P00387500,387.5,0,0.0,0.0,,0.0,normalDay
2021-04-23,5888.0,37.0,0.0,0,416.74,0.0,1,2.31,1.94,SPY210528P00387500,387.5,0,0.0,0.0,,0.0,normalDay
2021-04-26,5888.0,62.0,0.0,0,417.61,0.0,1,2.31,1.69,SPY210528P00387500,387.5,0,0.0,0.0,,0.0,normalDay
2021-04-27,5888.0,68.0,0.0,0,417.52,0.0,1,2.31,1.63,SPY210528P00387500,387.5,0,0.0,0.0,,0.0,normalDay
2021-04-28,5888.0,86.0,0.0,0,417.4,0.0,1,2.31,1.45,SPY210528P00387500,387.5,0,0.0,0.0,,0.0,normalDay
2021-04-29,5888.0,98.0,0.0,0,420.06,0.0,1,2.31,1.33,SPY210528P00387500,387.5,0,0.0,0.0,,0.0,normalDay
2021-04-30,5888.0,73.0,0.0,0,417.3,0.0,1,2.31,1.58,SPY210528P00387500,387.5,0,0.0,0.0,,0.0,normalDay
2021-05-03,5888.0,100.0,0.0,0,418.2,0.0,1,2.31,1.31,SPY210528P00387500,387.5,0,0.0,0.0,,0.0,normalDay
2021-05-04,5888.0,68.0,0.0,0,415.62,0.0,1,2.31,1.63,SPY210528P00387500,387.5,0,0.0,0.0,,0.0,normalDay
2021-05-05,5888.0,79.0,0.0,0,415.75,0.0,1,2.31,1.52,SPY210528P00387500,387.5,0,0.0,0.0,,0.0,normalDay
2021-05-06,5888.0,120.0,0.0,0,419.07,0.0,1,2.31,1.11,SPY210528P00387500,387.5,0,0.0,0.0,,0.0,normalDay
2021-05-07,5888.0,155.0,0.0,0,422.12,0.0,1,2.31,0.76,SPY210528P00387500,387.5,0,0.0,0.0,,0.0,normalDay
2021-05-10,5888.0,116.0,0.0,0,417.94,0.0,1,2.31,1.15,SPY210528P00387500,387.5,0,0.0,0.0,,0.0,normalDay
2021-05-11,5888.0,78.0,0.0,0,414.21,0.0,1,2.31,1.53,SPY210528P00387500,387.5,0,0.0,0.0,,0.0,normalDay
2021-05-12,5888.0,-123.0,0.0,0,405.41,0.0,1,2.31,3.54,SPY210528P00387500,387.5,0,0.0,0.0,,0.0,normalDay
2021-05-13,5888.0,41.0,0.0,0,410.28,0.0,1,2.31,1.9,SPY210528P00387500,387.5,0,0.0,0.0,,0.0,normalDay
2021-05-14,5888.0,160.0,0.0,0,416.58,0.0,1,2.31,0.71,SPY210528P00387500,387.5,0,0.0,0.0,,0.0,normalDay
2021-05-17,5888.0,174.0,0.0,0,415.52,0.0,1,2.31,0.57,SPY210528P00387500,387.5,0,0.0,0.0,,0.0,normalDay
2021-05-18,5888.0,150.0,0.0,0,411.94,0.0,1,2.31,0.81,SPY210528P00387500,387.5,0,0.0,0.0,,0.0,normalDay
2021-05-19,5888.0,156.0,0.0,0,410.86,0.0,1,2.31,0.75,SPY210528P00387500,387.5,0,0.0,0.0,,0.0,normalDay
2021-05-20,5888.0,196.0,0.0,0,415.28,0.0,1,2.31,0.35,SPY210528P00387500,387.5,0,0.0,0.0,,0.0,normalDay
2021-05-21,5888.0,211.0,0.0,0,414.94,0.0,1,2.31,0.2,SPY210528P00387500,387.5,0,0.0,0.0,,0.0,normalDay
2021-05-24,5888.0,226.0,0.0,0,419.17,0.0,1,2.31,0.05,SPY210528P00387500,387.5,0,0.0,0.0,,0.0,normalDay
2021-05-25,5888.0,225.0,0.0,0,418.24,0.0,1,2.31,0.06,SPY210528P00387500,387.5,0,0.0,0.0,,0.0,normalDay
2021-05-26,5888.0,228.0,0.0,0,419.07,0.0,1,2.31,0.03,SPY210528P00387500,387.5,0,0.0,0.0,,0.0,normalDay
2021-05-27,5888.0,230.0,0.0,0,419.29,0.0,1,2.31,0.01,SPY210528P00387500,387.5,0,0.0,0.0,,0.0,normalDay
2021-05-28,6119.0,0.0,231.0,0,420.04,0.0,1,2.31,0.0,SPY210528P00387500,387.5,0,0.0,0.0,,0.0,expirationDay
2021-06-01,6119.0,-4.0,0.0,0,419.67,0.0,1,5.7,5.74,SPY210716P00410000,410.0,0,0.0,0.0,,0.0,normalDay
2021-06-02,6119.0,40.0,0.0,0,420.33,0.0,1,5.7,5.3,SPY210716P00410000,410.0,0,0.0,0.0,,0.0,normalDay
2021-06-03,6119.0,-17.0,0.0,0,418.77,0.0,1,5.7,5.87,SPY210716P00410000,410.0,0,0.0,0.0,,0.0,normalDay
2021-06-04,6119.0,126.0,0.0,0,422.6,0.0,1,5.7,4.44,SPY210716P00410000,410.0,0,0.0,0.0,,0.0,normalDay
2021-06-07,6119.0,166.0,0.0,0,422.19,0.0,1,5.7,4.04,SPY210716P00410000,410.0,0,0.0,0.0,,0.0,normalDay
2021-06-08,6119.0,158.0,0.0,0,422.28,0.0,1,5.7,4.12,SPY210716P00410000,410.0,0,0.0,0.0,,0.0,normalDay
2021-06-09,6119.0,126.0,0.0,0,421.65,0.0,1,5.7,4.44,SPY210716P00410000,410.0,0,0.0,0.0,,0.0,normalDay
2021-06-10,6119.0,236.0,0.0,0,423.61,0.0,1,5.7,3.34,SPY210716P00410000,410.0,0,0.0,0.0,,0.0,normalDay
2021-06-11,6119.0,267.0,0.0,0,424.31,0.0,1,5.7,3.03,SPY210716P00410000,410.0,0,0.0,0.0,,0.0,normalDay
2021-06-14,6119.0,288.0,0.0,0,425.26,0.0,1,5.7,2.82,SPY210716P00410000,410.0,0,0.0,0.0,,0.0,normalDay
2021-06-15,6119.0,268.0,0.0,0,424.48,0.0,1,5.7,3.02,SPY210716P00410000,410.0,0,0.0,0.0,,0.0,normalDay
2021-06-16,6119.0,207.0,0.0,0,422.11,0.0,1,5.7,3.63,SPY210716P00410000,410.0,0,0.0,0.0,,0.0,normalDay
2021-06-17,6119.0,234.0,0.0,0,421.97,0.0,1,5.7,3.36,SPY210716P00410000,410.0,0,0.0,0.0,,0.0,normalDay
2021-06-18,6119.0,-2.0,0.0,0,414.92,0.0,1,5.7,5.72,SPY210716P00410000,410.0,0,0.0,0.0,,0.0,normalDay
2021-06-21,6119.0,271.0,0.0,0,420.86,0.0,1,5.7,2.99,SPY210716P00410000,410.0,0,0.0,0.0,,0.0,normalDay
2021-06-22,6119.0,342.0,0.0,0,423.11,0.0,1,5.7,2.28,SPY210716P00410000,410.0,0,0.0,0.0,,0.0,normalDay
2021-06-23,6119.0,357.0,0.0,0,422.6,0.0,1,5.7,2.13,SPY210716P00410000,410.0,0,0.0,0.0,,0.0,normalDay
2021-06-24,6119.0,406.0,0.0,0,425.1,0.0,1,5.7,1.64,SPY210716P00410000,410.0,0,0.0,0.0,,0.0,normalDay
2021-06-25,6119.0,444.0,0.0,0,426.61,0.0,1,5.7,1.26,SPY210716P00410000,410.0,0,0.0,0.0,,0.0,normalDay
2021-06-28,6119.0,466.0,0.0,0,427.47,0.0,1,5.7,1.04,SPY210716P00410000,410.0,0,0.0,0.0,,0.0,normalDay
2021-06-29,6119.0,470.0,0.0,0,427.7,0.0,1,5.7,1.0,SPY210716P00410000,410.0,0,0.0,0.0,,0.0,normalDay
2021-06-30,6119.0,487.0,0.0,0,428.06,0.0,1,5.7,0.83,SPY210716P00410000,410.0,0,0.0,0.0,,0.0,normalDay
2021-07-01,6119.0,501.0,0.0,0,430.43,0.0,1,5.7,0.69,SPY210716P00410000,410.0,0,0.0,0.0,,0.0,normalDay
2021-07-02,6119.0,526.0,0.0,0,433.72,0.0,1,5.7,0.44,SPY210716P00410000,410.0,0,0.0,0.0,,0.0,normalDay
2021-07-06,6119.0,528.0,0.0,0,432.93,0.0,1,5.7,0.42,SPY210716P00410000,410.0,0,0.0,0.0,,0.0,normalDay
2021-07-07,6119.0,541.0,0.0,0,434.46,0.0,1,5.7,0.29,SPY210716P00410000,410.0,0,0.0,0.0,,0.0,normalDay
2021-07-08,6119.0,508.0,0.0,0,430.92,0.0,1,5.7,0.62,SPY210716P00410000,410.0,0,0.0,0.0,,0.0,normalDay
2021-07-09,6119.0,552.0,0.0,0,435.52,0.0,1,5.7,0.18,SPY210716P00410000,410.0,0,0.0,0.0,,0.0,normalDay
2021-07-12,6119.0,563.0,0.0,0,437.08,0.0,1,5.7,0.07,SPY210716P00410000,410.0,0,0.0,0.0,,0.0,normalDay
2021-07-13,6119.0,560.0,0.0,0,435.59,0.0,1,5.7,0.1,SPY210716P00410000,410.0,0,0.0,0.0,,0.0,normalDay
2021-07-14,6119.0,566.0,0.0,0,436.24,0.0,1,5.7,0.04,SPY210716P00410000,410.0,0,0.0,0.0,,0.0,normalDay
2021-07-15,6119.0,568.0,0.0,0,434.75,0.0,1,5.7,0.02,SPY210716P00410000,410.0,0,0.0,0.0,,0.0,normalDay
2021-07-16,6689.0,0.0,570.0,0,431.34,0.0,1,5.7,0.0,SPY210716P00410000,410.0,0,0.0,0.0,,0.0,expirationDay
2021-07-19,6689.0,-7.0,0.0,0,424.97,0.0,1,8.75,8.82,SPY210827P00422000,422.0,0,0.0,0.0,,0.0,normalDay
2021-07-20,6689.0,261.0,0.0,0,431.06,0.0,1,8.75,6.14,SPY210827P00422000,422.0,0,0.0,0.0,,0.0,normalDay
2021-07-21,6689.0,416.0,0.0,0,434.55,0.0,1,8.75,4.59,SPY210827P00422000,422.0,0,0.0,0.0,,0.0,normalDay
2021-07-22,6689.0,443.0,0.0,0,435.46,0.0,1,8.75,4.32,SPY210827P00422000,422.0,0,0.0,0.0,,0.0,normalDay
2021-07-23,6689.0,537.0,0.0,0,439.94,0.0,1,8.75,3.38,SPY210827P00422000,422.0,0,0.0,0.0,,0.0,normalDay
2021-07-26,6689.0,577.0,0.0,0,441.02,0.0,1,8.75,2.98,SPY210827P00422000,422.0,0,0.0,0.0,,0.0,normalDay
2021-07-27,6689.0,502.0,0.0,0,439.01,0.0,1,8.75,3.73,SPY210827P00422000,422.0,0,0.0,0.0,,0.0,normalDay
2021-07-28,6689.0,545.0,0.0,0,438.83,0.0,1,8.75,3.3,SPY210827P00422000,422.0,0,0.0,0.0,,0.0,normalDay
2021-07-29,6689.0,608.0,0.0,0,440.65,0.0,1,8.75,2.67,SPY210827P00422000,422.0,0,0.0,0.0,,0.0,normalDay
2021-07-30,6689.0,584.0,0.0,0,438.51,0.0,1,8.75,2.91,SPY210827P00422000,422.0,0,0.0,0.0,,0.0,normalDay
2021-08-02,6689.0,560.0,0.0,0,437.59,0.0,1,8.75,3.15,SPY210827P00422000,422.0,0,0.0,0.0,,0.0,normalDay
2021-08-03,6689.0,657.0,0.0,0,441.15,0.0,1,8.75,2.18,SPY210827P00422000,422.0,0,0.0,0.0,,0.0,normalDay
2021-08-04,6689.0,646.0,0.0,0,438.98,0.0,1,8.75,2.29,SPY210827P00422000,422.0,0,0.0,0.0,,0.0,normalDay
2021-08-05,6689.0,698.0,0.0,0,441.76,0.0,1,8.75,1.77,SPY210827P00422000,422.0,0,0.0,0.0,,0.0,normalDay
2021-08-06,6689.0,741.0,0.0,0,442.49,0.0,1,8.75,1.34,SPY210827P00422000,422.0,0,0.0,0.0,,0.0,normalDay
2021-08-09,6689.0,754.0,0.0,0,442.13,0.0,1,8.75,1.21,SPY210827P00422000,422.0,0,0.0,0.0,,0.0,normalDay
2021-08-10,6689.0,757.0,0.0,0,442.68,0.0,1,8.75,1.18,SPY210827P00422000,422.0,0,0.0,0.0,,0.0,normalDay
2021-08-11,6689.0,790.0,0.0,0,443.78,0.0,1,8.75,0.85,SPY210827P00422000,422.0,0,0.0,0.0,,0.0,normalDay
2021-08-12,6689.0,812.0,0.0,0,445.11,0.0,1,8.75,0.63,SPY210827P00422000,422.0,0,0.0,0.0,,0.0,normalDay
2021-08-13,6689.0,826.0,0.0,0,445.92,0.0,1,8.75,0.49,SPY210827P00422000,422.0,0,0.0,0.0,,0.0,normalDay
2021-08-16,6689.0,836.0,0.0,0,446.97,0.0,1,8.75,0.39,SPY210827P00422000,422.0,0,0.0,0.0,,0.0,normalDay
2021-08-17,6689.0,805.0,0.0,0,444.04,0.0,1,8.75,0.7,SPY210827P00422000,422.0,0,0.0,0.0,,0.0,normalDay
2021-08-18,6689.0,726.0,0.0,0,439.18,0.0,1,8.75,1.49,SPY210827P00422000,422.0,0,0.0,0.0,,0.0,normalDay
2021-08-19,6689.0,757.0,0.0,0,439.86,0.0,1,8.75,1.18,SPY210827P00422000,422.0,0,0.0,0.0,,0.0,normalDay
2021-08-20,6689.0,849.0,0.0,0,443.36,0.0,1,8.75,0.26,SPY210827P00422000,422.0,0,0.0,0.0,,0.0,normalDay
2021-08-23,6689.0,866.0,0.0,0,447.26,0.0,1,8.75,0.09,SPY210827P00422000,422.0,0,0.0,0.0,,0.0,normalDay
2021-08-24,6689.0,869.0,0.0,0,447.97,0.0,1,8.75,0.06,SPY210827P00422000,422.0,0,0.0,0.0,,0.0,normalDay
2021-08-25,6689.0,871.0,0.0,0,448.91,0.0,1,8.75,0.04,SPY210827P00422000,422.0,0,0.0,0.0,,0.0,normalDay
2021-08-26,6689.0,870.0,0.0,0,446.26,0.0,1,8.75,0.05,SPY210827P00422000,422.0,0,0.0,0.0,,0.0,normalDay
2021-08-27,7564.0,0.0,875.0,0,450.25,0.0,1,8.75,0.0,SPY210827P00422000,422.0,0,0.0,0.0,,0.0,expirationDay
2021-08-30,7564.0,-4.0,0.0,0,452.23,0.0,1,5.06,5.1,SPY211015P00439000,439.0,0,0.0,0.0,,0.0,normalDay
2021-08-31,7564.0,-2.0,0.0,0,451.56,0.0,1,5.06,5.08,SPY211015P00439000,439.0,0,0.0,0.0,,0.0,normalDay
2021-09-01,7564.0,26.0,0.0,0,451.8,0.0,1,5.06,4.8,SPY211015P00439000,439.0,0,0.0,0.0,,0.0,normalDay
2021-09-02,7564.0,58.0,0.0,0,453.19,0.0,1,5.06,4.48,SPY211015P00439000,439.0,0,0.0,0.0,,0.0,normalDay
2021-09-03,7564.0,61.0,0.0,0,453.08,0.0,1,5.06,4.45,SPY211015P00439000,439.0,0,0.0,0.0,,0.0,normalDay
2021-09-07,7564.0,17.0,0.0,0,451.46,0.0,1,5.06,4.89,SPY211015P00439000,439.0,0,0.0,0.0,,0.0,normalDay
2021-09-08,7564.0,16.0,0.0,0,450.91,0.0,1,5.06,4.9,SPY211015P00439000,439.0,0,0.0,0.0,,0.0,normalDay
2021-09-09,7564.0,-59.0,0.0,0,448.98,0.0,1,5.06,5.65,SPY211015P00439000,439.0,0,0.0,0.0,,0.0,normalDay
2021-09-10,7564.0,-175.0,0.0,0,445.44,0.0,1,5.06,6.81,SPY211015P00439000,439.0,0,0.0,0.0,,0.0,normalDay
2021-09-13,7564.0,-64.0,0.0,0,446.58,0.0,1,5.06,5.7,SPY211015P00439000,439.0,0,0.0,0.0,,0.0,normalDay
2021-09-14,7564.0,-142.0,0.0,0,444.17,0.0,1,5.06,6.48,SPY211015P00439000,439.0,0,0.0,0.0,,0.0,normalDay
2021-09-15,7564.0,27.0,0.0,0,447.88,0.0,1,5.06,4.79,SPY211015P00439000,439.0,0,0.0,0.0,,0.0,normalDay
2021-09-16,7564.0,-1.0,0.0,0,447.17,0.0,1,5.06,5.07,SPY211015P00439000,439.0,0,0.0,0.0,,0.0,normalDay
2021-09-17,7564.0,-196.0,0.0,0,441.4,0.0,1,5.06,7.02,SPY211015P00439000,439.0,0,0.0,0.0,,0.0,normalDay
2021-09-20,7564.0,-597.0,0.0,0,434.04,0.0,1,5.06,11.03,SPY211015P00439000,439.0,0,0.0,0.0,,0.0,normalDay
2021-09-21,7564.0,-589.0,0.0,0,433.63,0.0,1,5.06,10.95,SPY211015P00439000,439.0,0,0.0,0.0,,0.0,normalDay
2021-09-22,7564.0,-247.0,0.0,0,437.86,0.0,1,5.06,7.53,SPY211015P00439000,439.0,0,0.0,0.0,,0.0,normalDay
2021-09-23,7564.0,29.0,0.0,0,443.18,0.0,1,5.06,4.77,SPY211015P00439000,439.0,0,0.0,0.0,,0.0,normalDay
2021-09-24,7564.0,96.0,0.0,0,443.91,0.0,1,5.06,4.1,SPY211015P00439000,439.0,0,0.0,0.0,,0.0,normalDay
2021-09-27,7564.0,68.0,0.0,0,442.64,0.0,1,5.06,4.38,SPY211015P00439000,439.0,0,0.0,0.0,,0.0,normalDay
2021-09-28,7564.0,-416.0,0.0,0,433.72,0.0,1,5.06,9.22,SPY211015P00439000,439.0,0,0.0,0.0,,0.0,normalDay
2021-09-29,7564.0,-342.0,0.0,0,434.45,0.0,1,5.06,8.48,SPY211015P00439000,439.0,0,0.0,0.0,,0.0,normalDay
2021-09-30,7564.0,-639.0,0.0,0,429.14,0.0,1,5.06,11.45,SPY211015P00439000,439.0,0,0.0,0.0,,0.0,normalDay
2021-10-01,7564.0,-284.0,0.0,0,434.24,0.0,1,5.06,7.9,SPY211015P00439000,439.0,0,0.0,0.0,,0.0,normalDay
2021-10-04,7564.0,-662.0,0.0,0,428.64,0.0,1,5.06,11.68,SPY211015P00439000,439.0,0,0.0,0.0,,0.0,normalDay
2021-10-05,7564.0,-302.0,0.0,0,433.1,0.0,1,5.06,8.08,SPY211015P00439000,439.0,0,0.0,0.0,,0.0,normalDay
2021-10-06,7564.0,-189.0,0.0,0,434.9,0.0,1,5.06,6.95,SPY211015P00439000,439.0,0,0.0,0.0,,0.0,normalDay
2021-10-07,7564.0,89.0,0.0,0,438.66,0.0,1,5.06,4.17,SPY211015P00439000,439.0,0,0.0,0.0,,0.0,normalDay
2021-10-08,7564.0,72.0,0.0,0,437.86,0.0,1,5.06,4.34,SPY211015P00439000,439.0,0,0.0,0.0,,0.0,normalDay
2021-10-11,7564.0,-83.0,0.0,0,434.69,0.0,1,5.06,5.89,SPY211015P00439000,439.0,0,0.0,0.0,,0.0,normalDay
2021-10-12,7564.0,-180.0,0.0,0,433.62,0.0,1,5.06,6.86,SPY211015P00439000,439.0,0,0.0,0.0,,0.0,normalDay
2021-10-13,7564.0,62.0,0.0,0,435.18,0.0,1,5.06,4.44,SPY211015P00439000,439.0,0,0.0,0.0,,0.0,normalDay
2021-10-14,7564.0,468.0,0.0,0,442.5,0.0,1,5.06,0.38,SPY211015P00439000,439.0,0,0.0,0.0,,0.0,normalDay
2021-10-15,8070.0,0.0,506.0,0,445.87,0.0,1,5.06,0.0,SPY211015P00439000,439.0,0,0.0,0.0,,0.0,expirationDay
2021-10-18,8070.0,-4.0,0.0,0,447.19,0.0,1,3.45,3.49,SPY211126P00429000,429.0,0,0.0,0.0,,0.0,normalDay
2021-10-19,8070.0,69.0,0.0,0,450.64,0.0,1,3.45,2.76,SPY211126P00429000,429.0,0,0.0,0.0,,0.0,normalDay
2021-10-20,8070.0,91.0,0.0,0,452.41,0.0,1,3.45,2.54,SPY211126P00429000,429.0,0,0.0,0.0,,0.0,normalDay
2021-10-21,8070.0,124.0,0.0,0,453.59,0.0,1,3.45,2.21,SPY211126P00429000,429.0,0,0.0,0.0,,0.0,normalDay
2021-10-22,8070.0,110.0,0.0,0,453.12,0.0,1,3.45,2.35,SPY211126P00429000,429.0,0,0.0,0.0,,0.0,normalDay
2021-10-25,8070.0,157.0,0.0,0,455.55,0.0,1,3.45,1.88,SPY211126P00429000,429.0,0,0.0,0.0,,0.0,normalDay
2021-10-26,8070.0,157.0,0.0,0,455.96,0.0,1,3.45,1.88,SPY211126P00429000,429.0,0,0.0,0.0,,0.0,normalDay
2021-10-27,8070.0,119.0,0.0,0,453.94,0.0,1,3.45,2.26,SPY211126P00429000,429.0,0,0.0,0.0,,0.0,normalDay
2021-10-28,8070.0,175.0,0.0,0,458.32,0.0,1,3.45,1.7,SPY211126P00429000,429.0,0,0.0,0.0,,0.0,normalDay
2021-10-29,8070.0,196.0,0.0,0,459.25,0.0,1,3.45,1.49,SPY211126P00429000,429.0,0,0.0,0.0,,0.0,normalDay
2021-11-01,8070.0,224.0,0.0,0,460.04,0.0,1,3.45,1.21,SPY211126P00429000,429.0,0,0.0,0.0,,0.0,normalDay
2021-11-02,8070.0,244.0,0.0,0,461.9,0.0,1,3.45,1.01,SPY211126P00429000,429.0,0,0.0,0.0,,0.0,normalDay
2021-11-03,8070.0,276.0,0.0,0,464.72,0.0,1,3.45,0.69,SPY211126P00429000,429.0,0,0.0,0.0,,0.0,normalDay
2021-11-04,8070.0,282.0,0.0,0,466.91,0.0,1,3.45,0.63,SPY211126P00429000,429.0,0,0.0,0.0,,0.0,normalDay
2021-11-05,8070.0,282.0,0.0,0,468.53,0.0,1,3.45,0.63,SPY211126P00429000,429.0,0,0.0,0.0,,0.0,normalDay
2021-11-08,8070.0,288.0,0.0,0,468.93,0.0,1,3.45,0.57,SPY211126P00429000,429.0,0,0.0,0.0,,0.0,normalDay
2021-11-09,8070.0,286.0,0.0,0,467.38,0.0,1,3.45,0.59,SPY211126P00429000,429.0,0,0.0,0.0,,0.0,normalDay
2021-11-10,8070.0,278.0,0.0,0,463.62,0.0,1,3.45,0.67,SPY211126P00429000,429.0,0,0.0,0.0,,0.0,normalDay
2021-11-11,8070.0,300.0,0.0,0,463.77,0.0,1,3.45,0.45,SPY211126P00429000,429.0,0,0.0,0.0,,0.0,normalDay
2021-11-12,8070.0,320.0,0.0,0,467.27,0.0,1,3.45,0.25,SPY211126P00429000,429.0,0,0.0,0.0,,0.0,normalDay
2021-11-15,8070.0,330.0,0.0,0,467.43,0.0,1,3.45,0.15,SPY211126P00429000,429.0,0,0.0,0.0,,0.0,normalDay
2021-11-16,8070.0,332.0,0.0,0,469.28,0.0,1,3.45,0.13,SPY211126P00429000,429.0,0,0.0,0.0,,0.0,normalDay
2021-11-17,8070.0,335.0,0.0,0,468.14,0.0,1,3.45,0.1,SPY211126P00429000,429.0,0,0.0,0.0,,0.0,normalDay
2021-11-18,8070.0,336.0,0.0,0,469.73,0.0,1,3.45,0.09,SPY211126P00429000,429.0,0,0.0,0.0,,0.0,normalDay
2021-11-19,8070.0,338.0,0.0,0,468.89,0.0,1,3.45,0.07,SPY211126P00429000,429.0,0,0.0,0.0,,0.0,normalDay
2021-11-22,8070.0,340.0,0.0,0,467.57,0.0,1,3.45,0.05,SPY211126P00429000,429.0,0,0.0,0.0,,0.0,normalDay
2021-11-23,8070.0,342.0,0.0,0,468.19,0.0,1,3.45,0.03,SPY211126P00429000,429.0,0,0.0,0.0,,0.0,normalDay
2021-11-24,8070.0,343.0,0.0,0,469.44,0.0,1,3.45,0.02,SPY211126P00429000,429.0,0,0.0,0.0,,0.0,normalDay
2021-11-26,8415.0,0.0,345.0,0,458.97,0.0,1,3.45,0.0,SPY211126P00429000,429.0,0,0.0,0.0,,0.0,expirationDay
2021-11-29,8415.0,-7.0,0.0,0,464.6,0.0,1,11.37,11.44,SPY220121P00461000,461.0,0,0.0,0.0,,0.0,normalDay
2021-11-30,8415.0,-448.0,0.0,0,455.56,0.0,1,11.37,15.85,SPY220121P00461000,461.0,0,0.0,0.0,,0.0,normalDay
2021-12-01,8415.0,-961.0,0.0,0,450.5,0.0,1,11.37,20.98,SPY220121P00461000,461.0,0,0.0,0.0,,0.0,normalDay
2021-12-02,8415.0,-453.0,0.0,0,457.4,0.0,1,11.37,15.9,SPY220121P00461000,461.0,0,0.0,0.0,,0.0,normalDay
2021-12-03,8415.0,-703.0,0.0,0,453.42,0.0,1,11.37,18.4,SPY220121P00461000,461.0,0,0.0,0.0,,0.0,normalDay
2021-12-06,8415.0,-329.0,0.0,0,458.79,0.0,1,11.37,14.66,SPY220121P00461000,461.0,0,0.0,0.0,,0.0,normalDay
2021-12-07,8415.0,231.0,0.0,0,468.28,0.0,1,11.37,9.06,SPY220121P00461000,461.0,0,0.0,0.0,,0.0,normalDay
2021-12-08,8415.0,342.0,0.0,0,469.52,0.0,1,11.37,7.95,SPY220121P00461000,461.0,0,0.0,0.0,,0.0,normalDay
2021-12-09,8415.0,214.0,0.0,0,466.35,0.0,1,11.37,9.23,SPY220121P00461000,461.0,0,0.0,0.0,,0.0,normalDay
2021-12-10,8415.0,452.0,0.0,0,470.74,0.0,1,11.37,6.85,SPY220121P00461000,461.0,0,0.0,0.0,,0.0,normalDay
2021-12-13,8415.0,289.0,0.0,0,466.57,0.0,1,11.37,8.48,SPY220121P00461000,461.0,0,0.0,0.0,,0.0,normalDay
2021-12-14,8415.0,126.0,0.0,0,463.36,0.0,1,11.37,10.11,SPY220121P00461000,461.0,0,0.0,0.0,,0.0,normalDay
2021-12-15,8415.0,492.0,0.0,0,470.6,0.0,1,11.37,6.45,SPY220121P00461000,461.0,0,0.0,0.0,,0.0,normalDay
2021-12-16,8415.0,347.0,0.0,0,466.45,0.0,1,11.37,7.9,SPY220121P00461000,461.0,0,0.0,0.0,,0.0,normalDay
2021-12-17,8415.0,120.0,0.0,0,459.87,0.0,1,11.37,10.17,SPY220121P00461000,461.0,0,0.0,0.0,,0.0,normalDay
2021-12-20,8415.0,-126.0,0.0,0,454.98,0.0,1,11.37,12.63,SPY220121P00461000,461.0,0,0.0,0.0,,0.0,normalDay
2021-12-21,8415.0,294.0,0.0,0,463.06,0.0,1,11.37,8.43,SPY220121P00461000,461.0,0,0.0,0.0,,0.0,normalDay
2021-12-22,8415.0,559.0,0.0,0,467.69,0.0,1,11.37,5.78,SPY220121P00461000,461.0,0,0.0,0.0,,0.0,normalDay
2021-12-23,8415.0,691.0,0.0,0,470.6,0.0,1,11.37,4.46,SPY220121P00461000,461.0,0,0.0,0.0,,0.0,normalDay
2021-12-27,8415.0,873.0,0.0,0,477.26,0.0,1,11.37,2.64,SPY220121P00461000,461.0,0,0.0,0.0,,0.0,normalDay
2021-12-28,8415.0,894.0,0.0,0,476.87,0.0,1,11.37,2.43,SPY220121P00461000,461.0,0,0.0,0.0,,0.0,normalDay
2021-12-29,8415.0,931.0,0.0,0,477.48,0.0,1,11.37,2.06,SPY220121P00461000,461.0,0,0.0,0.0,,0.0,normalDay
2021-12-30,8415.0,904.0,0.0,0,476.16,0.0,1,11.37,2.33,SPY220121P00461000,461.0,0,0.0,0.0,,0.0,normalDay
2021-12-31,8415.0,911.0,0.0,0,474.96,0.0,1,11.37,2.26,SPY220121P00461000,461.0,0,0.0,0.0,,0.0,normalDay
2022-01-03,8415.0,988.0,0.0,0,477.71,0.0,1,11.37,1.49,SPY220121P00461000,461.0,0,0.0,0.0,,0.0,normalDay
2022-01-04,8415.0,988.0,0.0,0,477.55,0.0,1,11.37,1.49,SPY220121P00461000,461.0,0,0.0,0.0,,0.0,normalDay
2022-01-05,8415.0,754.0,0.0,0,468.38,0.0,1,11.37,3.83,SPY220121P00461000,461.0,0,0.0,0.0,,0.0,normalDay
2022-01-06,8415.0,775.0,0.0,0,467.94,0.0,1,11.37,3.62,SPY220121P00461000,461.0,0,0.0,0.0,,0.0,normalDay
2022-01-07,8415.0,802.0,0.0,0,466.09,0.0,1,11.37,3.35,SPY220121P00461000,461.0,0,0.0,0.0,,0.0,normalDay
2022-01-10,8415.0,787.0,0.0,0,465.51,0.0,1,11.37,3.5,SPY220121P00461000,461.0,0,0.0,0.0,,0.0,normalDay
2022-01-11,8415.0,926.0,0.0,0,469.75,0.0,1,11.37,2.11,SPY220121P00461000,461.0,0,0.0,0.0,,0.0,normalDay
2022-01-12,8415.0,1000.0,0.0,0,471.02,0.0,1,11.37,1.37,SPY220121P00461000,461.0,0,0.0,0.0,,0.0,normalDay
2022-01-13,8415.0,792.0,0.0,0,464.53,0.0,1,11.37,3.45,SPY220121P00461000,461.0,0,0.0,0.0,,0.0,normalDay
2022-01-14,8415.0,878.0,0.0,0,464.72,0.0,1,11.37,2.59,SPY220121P00461000,461.0,0,0.0,0.0,,0.0,normalDay
2022-01-18,8415.0,476.0,0.0,0,456.49,0.0,1,11.37,6.61,SPY220121P00461000,461.0,0,0.0,0.0,,0.0,normalDay
2022-01-19,8415.0,199.0,0.0,0,451.75,0.0,1,11.37,9.38,SPY220121P00461000,461.0,0,0.0,0.0,,0.0,normalDay
2022-01-20,8415.0,-354.0,0.0,0,446.75,0.0,1,11.37,14.91,SPY220121P00461000,461.0,0,0.0,0.0,,0.0,normalDay
2022-01-21,9552.0,-2302.0,1137.0,100,437.98,461.0,1,11.37,0.0,SPY220121P00461000,461.0,0,0.0,0.0,,0.0,expirationDay
2022-01-24,9552.0,-2123.0,0.0,100,439.84,461.0,0,0.0,0.0,,0.0,1,2.4,2.47,SPY220414C00479000,479.0,normalDay
2022-01-25,9552.0,-2587.0,0.0,100,434.47,461.0,0,0.0,0.0,,0.0,1,2.4,1.74,SPY220414C00479000,479.0,normalDay
2022-01-26,9552.0,-2698.0,0.0,100,433.38,461.0,0,0.0,0.0,,0.0,1,2.4,1.76,SPY220414C00479000,479.0,normalDay
2022-01-27,9552.0,-2891.0,0.0,100,431.24,461.0,0,0.0,0.0,,0.0,1,2.4,1.55,SPY220414C00479000,479.0,normalDay
2022-01-28,9552.0,-1904.0,0.0,100,441.95,461.0,0,0.0,0.0,,0.0,1,2.4,2.39,SPY220414C00479000,479.0,normalDay
2022-01-31,9552.0,-1183.0,0.0,100,449.91,461.0,0,0.0,0.0,,0.0,1,2.4,3.14,SPY220414C00479000,479.0,normalDay
2022-02-01,9552.0,-887.0,0.0,100,452.95,461.0,0,0.0,0.0,,0.0,1,2.4,3.22,SPY220414C00479000,479.0,normalDay
2022-02-02,9552.0,-491.0,0.0,100,457.35,461.0,0,0.0,0.0,,0.0,1,2.4,3.66,SPY220414C00479000,479.0,normalDay
2022-02-03,9552.0,-1496.0,0.0,100,446.6,461.0,0,0.0,0.0,,0.0,1,2.4,2.96,SPY220414C00479000,479.0,normalDay
2022-02-04,9552.0,-1234.0,0.0,100,448.7,461.0,0,0.0,0.0,,0.0,1,2.4,2.44,SPY220414C00479000,479.0,normalDay
2022-02-07,9552.0,-1353.0,0.0,100,447.26,461.0,0,0.0,0.0,,0.0,1,2.4,2.19,SPY220414C00479000,479.0,normalDay
2022-02-08,9552.0,-1009.0,0.0,100,450.94,461.0,0,0.0,0.0,,0.0,1,2.4,2.43,SPY220414C00479000,479.0,normalDay
2022-02-09,9552.0,-445.0,0.0,100,457.54,461.0,0,0.0,0.0,,0.0,1,2.4,3.39,SPY220414C00479000,479.0,normalDay
2022-02-10,9552.0,-1155.0,0.0,100,449.32,461.0,0,0.0,0.0,,0.0,1,2.4,2.27,SPY220414C00479000,479.0,normalDay
2022-02-11,9552.0,-1967.0,0.0,100,440.46,461.0,0,0.0,0.0,,0.0,1,2.4,1.53,SPY220414C00479000,479.0,normalDay
2022-02-14,9552.0,-2090.0,0.0,100,439.02,461.0,0,0.0,0.0,,0.0,1,2.4,1.32,SPY220414C00479000,479.0,normalDay
2022-02-15,9552.0,-1405.0,0.0,100,446.1,461.0,0,0.0,0.0,,0.0,1,2.4,1.55,SPY220414C00479000,479.0,normalDay
2022-02-16,9552.0,-1341.0,0.0,100,446.6,461.0,0,0.0,0.0,,0.0,1,2.4,1.41,SPY220414C00479000,479.0,normalDay
2022-02-17,9552.0,-2239.0,0.0,100,437.06,461.0,0,0.0,0.0,,0.0,1,2.4,0.85,SPY220414C00479000,479.0,normalDay
2022-02-18,9552.0,-2508.0,0.0,100,434.23,461.0,0,0.0,0.0,,0.0,1,2.4,0.71,SPY220414C00479000,479.0,normalDay
2022-02-22,9552.0,-2955.0,0.0,100,429.57,461.0,0,0.0,0.0,,0.0,1,2.4,0.52,SPY220414C00479000,479.0,normalDay
2022-02-23,9552.0,-3698.0,0.0,100,421.95,461.0,0,0.0,0.0,,0.0,1,2.4,0.33,SPY220414C00479000,479.0,normalDay
2022-02-24,9552.0,-3073.0,0.0,100,428.3,461.0,0,0.0,0.0,,0.0,1,2.4,0.43,SPY220414C00479000,479.0,normalDay
2022-02-25,9552.0,-2154.0,0.0,100,437.75,461.0,0,0.0,0.0,,0.0,1,2.4,0.69,SPY220414C00479000,479.0,normalDay
2022-02-28,9552.0,-2269.0,0.0,100,436.63,461.0,0,0.0,0.0,,0.0,1,2.4,0.72,SPY220414C00479000,479.0,normalDay
2022-03-01,9552.0,-2919.0,0.0,100,429.98,461.0,0,0.0,0.0,,0.0,1,2.4,0.57,SPY220414C00479000,479.0,normalDay
2022-03-02,9552.0,-2142.0,0.0,100,437.89,461.0,0,0.0,0.0,,0.0,1,2.4,0.71,SPY220414C00479000,479.0,normalDay
2022-03-03,9552.0,-2341.0,0.0,100,435.71,461.0,0,0.0,0.0,,0.0,1,2.4,0.52,SPY220414C00479000,479.0,normalDay
2022-03-04,9552.0,-2678.0,0.0,100,432.17,461.0,0,0.0,0.0,,0.0,1,2.4,0.35,SPY220414C00479000,479.0,normalDay
2022-03-07,9552.0,-3934.0,0.0,100,419.43,461.0,0,0.0,0.0,,0.0,1,2.4,0.17,SPY220414C00479000,479.0,normalDay
2022-03-08,9552.0,-4251.0,0.0,100,416.25,461.0,0,0.0,0.0,,0.0,1,2.4,0.16,SPY220414C00479000,479.0,normalDay
2022-03-09,9552.0,-3145.0,0.0,100,427.41,461.0,0,0.0,0.0,,0.0,1,2.4,0.26,SPY220414C00479000,479.0,normalDay
2022-03-10,9552.0,-3330.0,0.0,100,425.48,461.0,0,0.0,0.0,,0.0,1,2.4,0.18,SPY220414C00479000,479.0,normalDay
2022-03-11,9552.0,-3867.0,0.0,100,420.07,461.0,0,0.0,0.0,,0.0,1,2.4,0.14,SPY220414C00479000,479.0,normalDay
2022-03-14,9552.0,-4170.0,0.0,100,417.0,461.0,0,0.0,0.0,,0.0,1,2.4,0.1,SPY220414C00479000,479.0,normalDay
2022-03-15,9552.0,-3257.0,0.0,100,426.17,461.0,0,0.0,0.0,,0.0,1,2.4,0.14,SPY220414C00479000,479.0,normalDay
2022-03-16,9552.0,-2320.0,0.0,100,435.62,461.0,0,0.0,0.0,,0.0,1,2.4,0.22,SPY220414C00479000,479.0,normalDay
2022-03-17,9552.0,-1779.0,0.0,100,441.07,461.0,0,0.0,0.0,,0.0,1,2.4,0.26,SPY220414C00479000,479.0,normalDay
2022-03-18,9552.0,-1438.0,0.0,100,444.52,461.0,0,0.0,0.0,,0.0,1,2.4,0.3,SPY220414C00479000,479.0,normalDay
2022-03-21,9552.0,-1441.0,0.0,100,444.39,461.0,0,0.0,0.0,,0.0,1,2.4,0.2,SPY220414C00479000,479.0,normalDay
2022-03-22,9552.0,-931.0,0.0,100,449.59,461.0,0,0.0,0.0,,0.0,1,2.4,0.3,SPY220414C00479000,479.0,normalDay
2022-03-23,9552.0,-1493.0,0.0,100,443.8,461.0,0,0.0,0.0,,0.0,1,2.4,0.13,SPY220414C00479000,479.0,normalDay
2022-03-24,9552.0,-831.0,0.0,100,450.49,461.0,0,0.0,0.0,,0.0,1,2.4,0.2,SPY220414C00479000,479.0,normalDay
2022-03-25,9552.0,-608.0,0.0,100,452.69,461.0,0,0.0,0.0,,0.0,1,2.4,0.17,SPY220414C00479000,479.0,normalDay
2022-03-28,9552.0,-286.0,0.0,100,455.91,461.0,0,0.0,0.0,,0.0,1,2.4,0.17,SPY220414C00479000,479.0,normalDay
2022-03-29,9552.0,247.0,0.0,100,461.55,461.0,0,0.0,0.0,,0.0,1,2.4,0.48,SPY220414C00479000,479.0,normalDay
2022-03-30,9552.0,-20.0,0.0,100,458.7,461.0,0,0.0,0.0,,0.0,1,2.4,0.3,SPY220414C00479000,479.0,normalDay
2022-03-31,9552.0,-704.0,0.0,100,451.64,461.0,0,0.0,0.0,,0.0,1,2.4,0.08,SPY220414C00479000,479.0,normalDay
2022-04-01,9552.0,-572.0,0.0,100,452.92,461.0,0,0.0,0.0,,0.0,1,2.4,0.04,SPY220414C00479000,479.0,normalDay
2022-04-04,9552.0,-184.0,0.0,100,456.8,461.0,0,0.0,0.0,,0.0,1,2.4,0.04,SPY220414C00479000,479.0,normalDay
2022-04-05,9552.0,-760.0,0.0,100,451.03,461.0,0,0.0,0.0,,0.0,1,2.4,0.03,SPY220414C00479000,479.0,normalDay
2022-04-06,9552.0,-1209.0,0.0,100,446.52,461.0,0,0.0,0.0,,0.0,1,2.4,0.01,SPY220414C00479000,479.0,normalDay
2022-04-07,9552.0,-984.0,0.0,100,448.77,461.0,0,0.0,0.0,,0.0,1,2.4,0.01,SPY220414C00479000,479.0,normalDay
2022-04-08,9552.0,-1104.0,0.0,100,447.57,461.0,0,0.0,0.0,,0.0,1,2.4,0.01,SPY220414C00479000,479.0,normalDay
2022-04-11,9552.0,-1869.0,0.0,100,439.92,461.0,0,0.0,0.0,,0.0,1,2.4,0.01,SPY220414C00479000,479.0,normalDay
2022-04-12,9552.0,-2032.0,0.0,100,438.29,461.0,0,0.0,0.0,,0.0,1,2.4,0.01,SPY220414C00479000,479.0,normalDay
2022-04-13,9552.0,-1530.0,0.0,100,443.31,461.0,0,0.0,0.0,,0.0,1,2.4,0.01,SPY220414C00479000,479.0,normalDay
2022-04-14,9792.0,-2321.0,240.0,100,437.79,461.0,0,0.0,0.0,,0.0,1,2.4,0.0,SPY220414C00479000,479.0,expirationDay
2022-04-18,9792.0,-2309.0,0.0,100,437.97,461.0,0,0.0,0.0,,0.0,1,6.39,6.45,SPY220630C00456000,456.0,normalDay
2022-04-19,9792.0,-1745.0,0.0,100,445.04,461.0,0,0.0,0.0,,0.0,1,6.39,7.88,SPY220630C00456000,456.0,normalDay
2022-04-20,9792.0,-1848.0,0.0,100,444.71,461.0,0,0.0,0.0,,0.0,1,6.39,8.58,SPY220630C00456000,456.0,normalDay
2022-04-21,9792.0,-2247.0,0.0,100,438.06,461.0,0,0.0,0.0,,0.0,1,6.39,5.92,SPY220630C00456000,456.0,normalDay
2022-04-22,9792.0,-3187.0,0.0,100,426.04,461.0,0,0.0,0.0,,0.0,1,6.39,3.3,SPY220630C00456000,456.0,normalDay
2022-04-25,9792.0,-2976.0,0.0,100,428.51,461.0,0,0.0,0.0,,0.0,1,6.39,3.66,SPY220630C00456000,456.0,normalDay
2022-04-26,9792.0,-4045.0,0.0,100,416.1,461.0,0,0.0,0.0,,0.0,1,6.39,1.94,SPY220630C00456000,456.0,normalDay
2022-04-27,9792.0,-3951.0,0.0,100,417.27,461.0,0,0.0,0.0,,0.0,1,6.39,2.17,SPY220630C00456000,456.0,normalDay
2022-04-28,9792.0,-3024.0,0.0,100,427.81,461.0,0,0.0,0.0,,0.0,1,6.39,3.44,SPY220630C00456000,456.0,normalDay
2022-04-29,9792.0,-4431.0,0.0,100,412.0,461.0,0,0.0,0.0,,0.0,1,6.39,1.7,SPY220630C00456000,456.0,normalDay
2022-05-02,9792.0,-4202.0,0.0,100,414.48,461.0,0,0.0,0.0,,0.0,1,6.39,1.89,SPY220630C00456000,456.0,normalDay
2022-05-03,9792.0,-3993.0,0.0,100,416.38,461.0,0,0.0,0.0,,0.0,1,6.39,1.7,SPY220630C00456000,456.0,normalDay
2022-05-04,9792.0,-2868.0,0.0,100,429.06,461.0,0,0.0,0.0,,0.0,1,6.39,3.13,SPY220630C00456000,456.0,normalDay
2022-05-05,9792.0,-4240.0,0.0,100,413.81,461.0,0,0.0,0.0,,0.0,1,6.39,1.6,SPY220630C00456000,456.0,normalDay
2022-05-06,9792.0,-4448.0,0.0,100,411.34,461.0,0,0.0,0.0,,0.0,1,6.39,1.21,SPY220630C00456000,456.0,normalDay
2022-05-09,9792.0,-5720.0,0.0,100,398.17,461.0,0,0.0,0.0,,0.0,1,6.39,0.76,SPY220630C00456000,456.0,normalDay
2022-05-10,9792.0,-5609.0,0.0,100,399.09,461.0,0,0.0,0.0,,0.0,1,6.39,0.57,SPY220630C00456000,456.0,normalDay
2022-05-11,9792.0,-6230.0,0.0,100,392.75,461.0,0,0.0,0.0,,0.0,1,6.39,0.44,SPY220630C00456000,456.0,normalDay
2022-05-12,9792.0,-6264.0,0.0,100,392.34,461.0,0,0.0,0.0,,0.0,1,6.39,0.37,SPY220630C00456000,456.0,normalDay
2022-05-13,9792.0,-5326.0,0.0,100,401.72,461.0,0,0.0,0.0,,0.0,1,6.39,0.37,SPY220630C00456000,456.0,normalDay
2022-05-16,9792.0,-5475.0,0.0,100,400.09,461.0,0,0.0,0.0,,0.0,1,6.39,0.23,SPY220630C00456000,456.0,normalDay
2022-05-17,9792.0,-4667.0,0.0,100,408.32,461.0,0,0.0,0.0,,0.0,1,6.39,0.38,SPY220630C00456000,456.0,normalDay
2022-05-18,9792.0,-6290.0,0.0,100,391.86,461.0,0,0.0,0.0,,0.0,1,6.39,0.15,SPY220630C00456000,456.0,normalDay
2022-05-19,9792.0,-6528.0,0.0,100,389.46,461.0,0,0.0,0.0,,0.0,1,6.39,0.13,SPY220630C00456000,456.0,normalDay
2022-05-20,9792.0,-6511.0,0.0,100,389.63,461.0,0,0.0,0.0,,0.0,1,6.39,0.13,SPY220630C00456000,456.0,normalDay
2022-05-23,9792.0,-5788.0,0.0,100,396.92,461.0,0,0.0,0.0,,0.0,1,6.39,0.19,SPY220630C00456000,456.0,normalDay
2022-05-24,9792.0,-6090.0,0.0,100,393.89,461.0,0,0.0,0.0,,0.0,1,6.39,0.18,SPY220630C00456000,456.0,normalDay
2022-05-25,9792.0,-5742.0,0.0,100,397.37,461.0,0,0.0,0.0,,0.0,1,6.39,0.18,SPY220630C00456000,456.0,normalDay
2022-05-26,9792.0,-4958.0,0.0,100,405.31,461.0,0,0.0,0.0,,0.0,1,6.39,0.28,SPY220630C00456000,456.0,normalDay
2022-05-27,9792.0,-3985.0,0.0,100,415.26,461.0,0,0.0,0.0,,0.0,1,6.39,0.5,SPY220630C00456000,456.0,normalDay
2022-05-31,9792.0,-4193.0,0.0,100,412.93,461.0,0,0.0,0.0,,0.0,1,6.39,0.25,SPY220630C00456000,456.0,normalDay
2022-06-01,9792.0,-4517.0,0.0,100,409.59,461.0,0,0.0,0.0,,0.0,1,6.39,0.15,SPY220630C00456000,456.0,normalDay
2022-06-02,9792.0,-3746.0,0.0,100,417.39,461.0,0,0.0,0.0,,0.0,1,6.39,0.24,SPY220630C00456000,456.0,normalDay
2022-06-03,9792.0,-4420.0,0.0,100,410.54,461.0,0,0.0,0.0,,0.0,1,6.39,0.13,SPY220630C00456000,456.0,normalDay
2022-06-06,9792.0,-4294.0,0.0,100,411.79,461.0,0,0.0,0.0,,0.0,1,6.39,0.12,SPY220630C00456000,456.0,normalDay
2022-06-07,9792.0,-3899.0,0.0,100,415.74,461.0,0,0.0,0.0,,0.0,1,6.39,0.12,SPY220630C00456000,456.0,normalDay
2022-06-08,9792.0,-4347.0,0.0,100,411.22,461.0,0,0.0,0.0,,0.0,1,6.39,0.08,SPY220630C00456000,456.0,normalDay
2022-06-09,9792.0,-5323.0,0.0,100,401.44,461.0,0,0.0,0.0,,0.0,1,6.39,0.06,SPY220630C00456000,456.0,normalDay
2022-06-10,9792.0,-6484.0,0.0,100,389.8,461.0,0,0.0,0.0,,0.0,1,6.39,0.03,SPY220630C00456000,456.0,normalDay
2022-06-13,9792.0,-7964.0,0.0,100,375.0,461.0,0,0.0,0.0,,0.0,1,6.39,0.03,SPY220630C00456000,456.0,normalDay
2022-06-14,9792.0,-8077.0,0.0,100,373.87,461.0,0,0.0,0.0,,0.0,1,6.39,0.03,SPY220630C00456000,456.0,normalDay
2022-06-15,9792.0,-7543.0,0.0,100,379.2,461.0,0,0.0,0.0,,0.0,1,6.39,0.02,SPY220630C00456000,456.0,normalDay
2022-06-16,9792.0,-8798.0,0.0,100,366.65,461.0,0,0.0,0.0,,0.0,1,6.39,0.02,SPY220630C00456000,456.0,normalDay
2022-06-17,9792.0,-8877.0,0.0,100,365.86,461.0,0,0.0,0.0,,0.0,1,6.39,0.02,SPY220630C00456000,456.0,normalDay
2022-06-21,9792.0,-7955.0,0.0,100,375.07,461.0,0,0.0,0.0,,0.0,1,6.39,0.01,SPY220630C00456000,456.0,normalDay
2022-06-22,9792.0,-8023.0,0.0,100,374.39,461.0,0,0.0,0.0,,0.0,1,6.39,0.01,SPY220630C00456000,456.0,normalDay
2022-06-23,9792.0,-7656.0,0.0,100,378.06,461.0,0,0.0,0.0,,0.0,1,6.39,0.01,SPY220630C00456000,456.0,normalDay
2022-06-24,9792.0,-6454.0,0.0,100,390.08,461.0,0,0.0,0.0,,0.0,1,6.39,0.01,SPY220630C00456000,456.0,normalDay
2022-06-27,9792.0,-6603.0,0.0,100,388.59,461.0,0,0.0,0.0,,0.0,1,6.39,0.01,SPY220630C00456000,456.0,normalDay
2022-06-28,9792.0,-7397.0,0.0,100,380.65,461.0,0,0.0,0.0,,0.0,1,6.39,0.01,SPY220630C00456000,456.0,normalDay
2022-06-29,9792.0,-7428.0,0.0,100,380.34,461.0,0,0.0,0.0,,0.0,1,6.39,0.01,SPY220630C00456000,456.0,normalDay
2022-06-30,10431.0,-8375.0,639.0,100,377.25,461.0,0,0.0,0.0,,0.0,1,6.39,0.0,SPY220630C00456000,456.0,expirationDay
2022-07-01,10431.0,-7982.0,0.0,100,381.24,461.0,0,0.0,0.0,,0.0,1,6.81,6.87,SPY220916C00404000,404.0,normalDay
2022-07-05,10431.0,-7895.0,0.0,100,381.96,461.0,0,0.0,0.0,,0.0,1,6.81,6.72,SPY220916C00404000,404.0,normalDay
2022-07-06,10431.0,-7820.0,0.0,100,383.25,461.0,0,0.0,0.0,,0.0,1,6.81,7.26,SPY220916C00404000,404.0,normalDay
2022-07-07,10431.0,-7415.0,0.0,100,388.99,461.0,0,0.0,0.0,,0.0,1,6.81,8.95,SPY220916C00404000,404.0,normalDay
2022-07-08,10431.0,-7409.0,0.0,100,388.67,461.0,0,0.0,0.0,,0.0,1,6.81,8.57,SPY220916C00404000,404.0,normalDay
2022-07-11,10431.0,-7686.0,0.0,100,384.23,461.0,0,0.0,0.0,,0.0,1,6.81,6.9,SPY220916C00404000,404.0,normalDay
2022-07-12,10431.0,-7881.0,0.0,100,380.83,461.0,0,0.0,0.0,,0.0,1,6.81,5.45,SPY220916C00404000,404.0,normalDay
2022-07-13,10431.0,-8008.0,0.0,100,378.83,461.0,0,0.0,0.0,,0.0,1,6.81,4.72,SPY220916C00404000,404.0,normalDay
2022-07-14,10431.0,-8075.0,0.0,100,377.91,461.0,0,0.0,0.0,,0.0,1,6.81,4.47,SPY220916C00404000,404.0,normalDay
2022-07-15,10431.0,-7497.0,0.0,100,385.13,461.0,0,0.0,0.0,,0.0,1,6.81,5.91,SPY220916C00404000,404.0,normalDay
2022-07-18,10431.0,-7722.0,0.0,100,381.95,461.0,0,0.0,0.0,,0.0,1,6.81,4.98,SPY220916C00404000,404.0,normalDay
2022-07-19,10431.0,-7089.0,0.0,100,392.27,461.0,0,0.0,0.0,,0.0,1,6.81,8.97,SPY220916C00404000,404.0,normalDay
2022-07-20,10431.0,-6924.0,0.0,100,394.77,461.0,0,0.0,0.0,,0.0,1,6.81,9.82,SPY220916C00404000,404.0,normalDay
2022-07-21,10431.0,-6636.0,0.0,100,398.79,461.0,0,0.0,0.0,,0.0,1,6.81,10.96,SPY220916C00404000,404.0,normalDay
2022-07-22,10431.0,-6796.0,0.0,100,395.09,461.0,0,0.0,0.0,,0.0,1,6.81,8.86,SPY220916C00404000,404.0,normalDay
2022-07-25,10431.0,-6768.0,0.0,100,395.57,461.0,0,0.0,0.0,,0.0,1,6.81,9.06,SPY220916C00404000,404.0,normalDay
2022-07-26,10431.0,-7074.0,0.0,100,390.89,461.0,0,0.0,0.0,,0.0,1,6.81,7.44,SPY220916C00404000,404.0,normalDay
2022-07-27,10431.0,-6410.0,0.0,100,401.04,461.0,0,0.0,0.0,,0.0,1,6.81,10.95,SPY220916C00404000,404.0,normalDay
2022-07-28,10431.0,-6248.0,0.0,100,406.07,461.0,0,0.0,0.0,,0.0,1,6.81,14.36,SPY220916C00404000,404.0,normalDay
2022-07-29,10431.0,-5943.0,0.0,100,411.99,461.0,0,0.0,0.0,,0.0,1,6.81,17.23,SPY220916C00404000,404.0,normalDay
2022-08-01,10431.0,-6014.0,0.0,100,410.77,461.0,0,0.0,0.0,,0.0,1,6.81,16.72,SPY220916C00404000,404.0,normalDay
2022-08-02,10431.0,-6123.0,0.0,100,408.06,461.0,0,0.0,0.0,,0.0,1,6.81,15.1,SPY220916C00404000,404.0,normalDay
2022-08-03,10431.0,-5816.0,0.0,100,414.45,461.0,0,0.0,0.0,,0.0,1,6.81,18.42,SPY220916C00404000,404.0,normalDay
2022-08-04,10431.0,-5832.0,0.0,100,414.17,461.0,0,0.0,0.0,,0.0,1,6.81,18.3,SPY220916C00404000,404.0,normalDay
2022-08-05,10431.0,-5783.0,0.0,100,413.47,461.0,0,0.0,0.0,,0.0,1,6.81,17.11,SPY220916C00404000,404.0,normalDay
2022-08-08,10431.0,-5810.0,0.0,100,412.99,461.0,0,0.0,0.0,,0.0,1,6.81,16.9,SPY220916C00404000,404.0,normalDay
2022-08-09,10431.0,-5872.0,0.0,100,411.35,461.0,0,0.0,0.0,,0.0,1,6.81,15.88,SPY220916C00404000,404.0,normalDay
2022-08-10,10431.0,-5529.0,0.0,100,419.99,461.0,0,0.0,0.0,,0.0,1,6.81,21.09,SPY220916C00404000,404.0,normalDay
2022-08-11,10431.0,-5577.0,0.0,100,419.99,461.0,0,0.0,0.0,,0.0,1,6.81,21.57,SPY220916C00404000,404.0,normalDay
2022-08-12,10431.0,-5361.0,0.0,100,427.1,461.0,0,0.0,0.0,,0.0,1,6.81,26.52,SPY220916C00404000,404.0,normalDay
2022-08-15,10431.0,-5323.0,0.0,100,428.86,461.0,0,0.0,0.0,,0.0,1,6.81,27.9,SPY220916C00404000,404.0,normalDay
2022-08-16,10431.0,-5286.0,0.0,100,429.7,461.0,0,0.0,0.0,,0.0,1,6.81,28.37,SPY220916C00404000,404.0,normalDay
2022-08-17,10431.0,-5363.0,0.0,100,426.65,461.0,0,0.0,0.0,,0.0,1,6.81,26.09,SPY220916C00404000,404.0,normalDay
2022-08-18,10431.0,-5280.0,0.0,100,427.89,461.0,0,0.0,0.0,,0.0,1,6.81,26.5,SPY220916C00404000,404.0,normalDay
2022-08-19,10431.0,-5384.0,0.0,100,422.14,461.0,0,0.0,0.0,,0.0,1,6.81,21.79,SPY220916C00404000,404.0,normalDay
2022-08-22,10431.0,-5634.0,0.0,100,413.35,461.0,0,0.0,0.0,,0.0,1,6.81,15.5,SPY220916C00404000,404.0,normalDay
2022-08-23,10431.0,-5610.0,0.0,100,412.35,461.0,0,0.0,0.0,,0.0,1,6.81,14.26,SPY220916C00404000,404.0,normalDay
2022-08-24,10431.0,-5538.0,0.0,100,413.67,461.0,0,0.0,0.0,,0.0,1,6.81,14.86,SPY220916C00404000,404.0,normalDay
2022-08-25,10431.0,-5320.0,0.0,100,419.51,461.0,0,0.0,0.0,,0.0,1,6.81,18.52,SPY220916C00404000,404.0,normalDay
2022-08-26,10431.0,-5826.0,0.0,100,405.31,461.0,0,0.0,0.0,,0.0,1,6.81,9.38,SPY220916C00404000,404.0,normalDay
2022-08-29,10431.0,-5917.0,0.0,100,402.63,461.0,0,0.0,0.0,,0.0,1,6.81,7.61,SPY220916C00404000,404.0,normalDay
2022-08-30,10431.0,-6125.0,0.0,100,398.21,461.0,0,0.0,0.0,,0.0,1,6.81,5.27,SPY220916C00404000,404.0,normalDay
2022-08-31,10431.0,-6277.0,0.0,100,395.18,461.0,0,0.0,0.0,,0.0,1,6.81,3.76,SPY220916C00404000,404.0,normalDay
2022-09-01,10431.0,-6142.0,0.0,100,396.42,461.0,0,0.0,0.0,,0.0,1,6.81,3.65,SPY220916C00404000,404.0,normalDay
2022-09-02,10431.0,-6424.0,0.0,100,392.24,461.0,0,0.0,0.0,,0.0,1,6.81,2.29,SPY220916C00404000,404.0,normalDay
2022-09-06,10431.0,-6488.0,0.0,100,390.76,461.0,0,0.0,0.0,,0.0,1,6.81,1.45,SPY220916C00404000,404.0,normalDay
2022-09-07,10431.0,-5912.0,0.0,100,397.78,461.0,0,0.0,0.0,,0.0,1,6.81,2.71,SPY220916C00404000,404.0,normalDay
2022-09-08,10431.0,-5720.0,0.0,100,400.38,461.0,0,0.0,0.0,,0.0,1,6.81,3.39,SPY220916C00404000,404.0,normalDay
2022-09-09,10431.0,-5326.0,0.0,100,406.6,461.0,0,0.0,0.0,,0.0,1,6.81,5.67,SPY220916C00404000,404.0,normalDay
2022-09-12,10431.0,-5220.0,0.0,100,410.97,461.0,0,0.0,0.0,,0.0,1,6.81,8.98,SPY220916C00404000,404.0,normalDay
2022-09-13,10431.0,-6175.0,0.0,100,393.1,461.0,0,0.0,0.0,,0.0,1,6.81,0.66,SPY220916C00404000,404.0,normalDay
2022-09-14,10431.0,-5992.0,0.0,100,394.6,461.0,0,0.0,0.0,,0.0,1,6.81,0.33,SPY220916C00404000,404.0,normalDay
2022-09-15,10431.0,-6410.0,0.0,100,390.12,461.0,0,0.0,0.0,,0.0,1,6.81,0.03,SPY220916C00404000,404.0,normalDay
2022-09-16,11112.0,-7544.0,681.0,100,385.56,461.0,0,0.0,0.0,,0.0,1,6.81,0.0,SPY220916C00404000,404.0,expirationDay
2022-09-19,11112.0,-7251.0,0.0,100,388.55,461.0,0,0.0,0.0,,0.0,1,5.71,5.77,SPY221118C00412000,412.0,normalDay
2022-09-20,11112.0,-7598.0,0.0,100,384.09,461.0,0,0.0,0.0,,0.0,1,5.71,4.78,SPY221118C00412000,412.0,normalDay
2022-09-21,11112.0,-8112.0,0.0,100,377.39,461.0,0,0.0,0.0,,0.0,1,5.71,3.22,SPY221118C00412000,412.0,normalDay
2022-09-22,11112.0,-8362.0,0.0,100,374.22,461.0,0,0.0,0.0,,0.0,1,5.71,2.55,SPY221118C00412000,412.0,normalDay
2022-09-23,11112.0,-8909.0,0.0,100,367.95,461.0,0,0.0,0.0,,0.0,1,5.71,1.75,SPY221118C00412000,412.0,normalDay
2022-09-26,11112.0,-9242.0,0.0,100,364.31,461.0,0,0.0,0.0,,0.0,1,5.71,1.44,SPY221118C00412000,412.0,normalDay
2022-09-27,11112.0,-9317.0,0.0,100,363.38,461.0,0,0.0,0.0,,0.0,1,5.71,1.26,SPY221118C00412000,412.0,normalDay
2022-09-28,11112.0,-8657.0,0.0,100,370.53,461.0,0,0.0,0.0,,0.0,1,5.71,1.81,SPY221118C00412000,412.0,normalDay
2022-09-29,11112.0,-9351.0,0.0,100,362.79,461.0,0,0.0,0.0,,0.0,1,5.71,1.01,SPY221118C00412000,412.0,normalDay
2022-09-30,11112.0,-9875.0,0.0,100,357.18,461.0,0,0.0,0.0,,0.0,1,5.71,0.64,SPY221118C00412000,412.0,normalDay
2022-10-03,11112.0,-8978.0,0.0,100,366.61,461.0,0,0.0,0.0,,0.0,1,5.71,1.1,SPY221118C00412000,412.0,normalDay
2022-10-04,11112.0,-7961.0,0.0,100,377.97,461.0,0,0.0,0.0,,0.0,1,5.71,2.29,SPY221118C00412000,412.0,normalDay
2022-10-05,11112.0,-8025.0,0.0,100,377.09,461.0,0,0.0,0.0,,0.0,1,5.71,2.05,SPY221118C00412000,412.0,normalDay
2022-10-06,11112.0,-8373.0,0.0,100,373.2,461.0,0,0.0,0.0,,0.0,1,5.71,1.64,SPY221118C00412000,412.0,normalDay
2022-10-07,11112.0,-9322.0,0.0,100,362.79,461.0,0,0.0,0.0,,0.0,1,5.71,0.72,SPY221118C00412000,412.0,normalDay
2022-10-10,11112.0,-9595.0,0.0,100,360.02,461.0,0,0.0,0.0,,0.0,1,5.71,0.68,SPY221118C00412000,412.0,normalDay
2022-10-11,11112.0,-9817.0,0.0,100,357.74,461.0,0,0.0,0.0,,0.0,1,5.71,0.62,SPY221118C00412000,412.0,normalDay
2022-10-12,11112.0,-9928.0,0.0,100,356.56,461.0,0,0.0,0.0,,0.0,1,5.71,0.55,SPY221118C00412000,412.0,normalDay
2022-10-13,11112.0,-9039.0,0.0,100,365.97,461.0,0,0.0,0.0,,0.0,1,5.71,1.07,SPY221118C00412000,412.0,normalDay
2022-10-14,11112.0,-9817.0,0.0,100,357.63,461.0,0,0.0,0.0,,0.0,1,5.71,0.51,SPY221118C00412000,412.0,normalDay
2022-10-17,11112.0,-8936.0,0.0,100,366.82,461.0,0,0.0,0.0,,0.0,1,5.71,0.89,SPY221118C00412000,412.0,normalDay
2022-10-18,11112.0,-8534.0,0.0,100,371.13,461.0,0,0.0,0.0,,0.0,1,5.71,1.18,SPY221118C00412000,412.0,normalDay
2022-10-19,11112.0,-8763.0,0.0,100,368.5,461.0,0,0.0,0.0,,0.0,1,5.71,0.84,SPY221118C00412000,412.0,normalDay
2022-10-20,11112.0,-9043.0,0.0,100,365.41,461.0,0,0.0,0.0,,0.0,1,5.71,0.55,SPY221118C00412000,412.0,normalDay
2022-10-21,11112.0,-8223.0,0.0,100,374.29,461.0,0,0.0,0.0,,0.0,1,5.71,1.23,SPY221118C00412000,412.0,normalDay
2022-10-24,11112.0,-7808.0,0.0,100,378.87,461.0,0,0.0,0.0,,0.0,1,5.71,1.66,SPY221118C00412000,412.0,normalDay
2022-10-25,11112.0,-7231.0,0.0,100,384.92,461.0,0,0.0,0.0,,0.0,1,5.71,1.94,SPY221118C00412000,412.0,normalDay
2022-10-26,11112.0,-7479.0,0.0,100,382.02,461.0,0,0.0,0.0,,0.0,1,5.71,1.52,SPY221118C00412000,412.0,normalDay
2022-10-27,11112.0,-7607.0,0.0,100,379.98,461.0,0,0.0,0.0,,0.0,1,5.71,0.76,SPY221118C00412000,412.0,normalDay
2022-10-28,11112.0,-6837.0,0.0,100,389.02,461.0,0,0.0,0.0,,0.0,1,5.71,2.1,SPY221118C00412000,412.0,normalDay
2022-10-31,11112.0,-7040.0,0.0,100,386.21,461.0,0,0.0,0.0,,0.0,1,5.71,1.32,SPY221118C00412000,412.0,normalDay
2022-11-01,11112.0,-7176.0,0.0,100,384.52,461.0,0,0.0,0.0,,0.0,1,5.71,0.99,SPY221118C00412000,412.0,normalDay
2022-11-02,11112.0,-8069.0,0.0,100,374.87,461.0,0,0.0,0.0,,0.0,1,5.71,0.27,SPY221118C00412000,412.0,normalDay
2022-11-03,11112.0,-8444.0,0.0,100,371.01,461.0,0,0.0,0.0,,0.0,1,5.71,0.16,SPY221118C00412000,412.0,normalDay
2022-11-04,11112.0,-7912.0,0.0,100,376.35,461.0,0,0.0,0.0,,0.0,1,5.71,0.18,SPY221118C00412000,412.0,normalDay
2022-11-07,11112.0,-7551.0,0.0,100,379.95,461.0,0,0.0,0.0,,0.0,1,5.71,0.17,SPY221118C00412000,412.0,normalDay
2022-11-08,11112.0,-7350.0,0.0,100,382.0,461.0,0,0.0,0.0,,0.0,1,5.71,0.21,SPY221118C00412000,412.0,normalDay
2022-11-09,11112.0,-8123.0,0.0,100,374.13,461.0,0,0.0,0.0,,0.0,1,5.71,0.07,SPY221118C00412000,412.0,normalDay
2022-11-10,11112.0,-6135.0,0.0,100,394.69,461.0,0,0.0,0.0,,0.0,1,5.71,0.75,SPY221118C00412000,412.0,normalDay
2022-11-11,11112.0,-5739.0,0.0,100,398.51,461.0,0,0.0,0.0,,0.0,1,5.71,0.61,SPY221118C00412000,412.0,normalDay
2022-11-14,11112.0,-6037.0,0.0,100,395.12,461.0,0,0.0,0.0,,0.0,1,5.71,0.2,SPY221118C00412000,412.0,normalDay
2022-11-15,11112.0,-5709.0,0.0,100,398.49,461.0,0,0.0,0.0,,0.0,1,5.71,0.29,SPY221118C00412000,412.0,normalDay
2022-11-16,11112.0,-5989.0,0.0,100,395.45,461.0,0,0.0,0.0,,0.0,1,5.71,0.05,SPY221118C00412000,412.0,normalDay
2022-11-17,11112.0,-6107.0,0.0,100,394.24,461.0,0,0.0,0.0,,0.0,1,5.71,0.02,SPY221118C00412000,412.0,normalDay
2022-11-18,11683.0,-6497.0,571.0,100,396.03,461.0,0,0.0,0.0,,0.0,1,5.71,0.0,SPY221118C00412000,412.0,expirationDay
2022-11-21,11683.0,-6664.0,0.0,100,394.59,461.0,0,0.0,0.0,,0.0,1,13.19,13.42,SPY230120C00396000,396.0,normalDay
2022-11-22,11683.0,-6374.0,0.0,100,399.9,461.0,0,0.0,0.0,,0.0,1,13.19,15.83,SPY230120C00396000,396.0,normalDay
2022-11-23,11683.0,-6253.0,0.0,100,402.42,461.0,0,0.0,0.0,,0.0,1,13.19,17.14,SPY230120C00396000,396.0,normalDay
2022-11-25,11683.0,-6289.0,0.0,100,402.33,461.0,0,0.0,0.0,,0.0,1,13.19,17.41,SPY230120C00396000,396.0,normalDay
2022-11-28,11683.0,-6510.0,0.0,100,395.91,461.0,0,0.0,0.0,,0.0,1,13.19,13.2,SPY230120C00396000,396.0,normalDay
2022-11-29,11683.0,-6498.0,0.0,100,395.23,461.0,0,0.0,0.0,,0.0,1,13.19,12.4,SPY230120C00396000,396.0,normalDay
2022-11-30,11683.0,-6021.0,0.0,100,407.68,461.0,0,0.0,0.0,,0.0,1,13.19,20.08,SPY230120C00396000,396.0,normalDay
2022-12-01,11683.0,-5952.0,0.0,100,407.38,461.0,0,0.0,0.0,,0.0,1,13.19,19.09,SPY230120C00396000,396.0,normalDay
2022-12-02,11683.0,-5913.0,0.0,100,406.91,461.0,0,0.0,0.0,,0.0,1,13.19,18.23,SPY230120C00396000,396.0,normalDay
2022-12-05,11683.0,-6196.0,0.0,100,399.59,461.0,0,0.0,0.0,,0.0,1,13.19,13.74,SPY230120C00396000,396.0,normalDay
2022-12-06,11683.0,-6489.0,0.0,100,393.83,461.0,0,0.0,0.0,,0.0,1,13.19,10.91,SPY230120C00396000,396.0,normalDay
2022-12-07,11683.0,-6521.0,0.0,100,393.16,461.0,0,0.0,0.0,,0.0,1,13.19,10.56,SPY230120C00396000,396.0,normalDay
2022-12-08,11683.0,-6336.0,0.0,100,396.24,461.0,0,0.0,0.0,,0.0,1,13.19,11.79,SPY230120C00396000,396.0,normalDay
2022-12-09,11683.0,-6476.0,0.0,100,393.28,461.0,0,0.0,0.0,,0.0,1,13.19,10.23,SPY230120C00396000,396.0,normalDay
2022-12-12,11683.0,-6220.0,0.0,100,398.95,461.0,0,0.0,0.0,,0.0,1,13.19,13.34,SPY230120C00396000,396.0,normalDay
2022-12-13,11683.0,-6018.0,0.0,100,401.97,461.0,0,0.0,0.0,,0.0,1,13.19,14.34,SPY230120C00396000,396.0,normalDay
2022-12-14,11683.0,-6070.0,0.0,100,399.4,461.0,0,0.0,0.0,,0.0,1,13.19,12.29,SPY230120C00396000,396.0,normalDay
2022-12-15,11683.0,-6497.0,0.0,100,389.63,461.0,0,0.0,0.0,,0.0,1,13.19,6.79,SPY230120C00396000,396.0,normalDay
2022-12-16,11683.0,-6922.0,0.0,100,383.27,461.0,0,0.0,0.0,,0.0,1,13.19,4.68,SPY230120C00396000,396.0,normalDay
2022-12-19,11683.0,-7109.0,0.0,100,380.02,461.0,0,0.0,0.0,,0.0,1,13.19,3.3,SPY230120C00396000,396.0,normalDay
2022-12-20,11683.0,-7049.0,0.0,100,380.54,461.0,0,0.0,0.0,,0.0,1,13.19,3.22,SPY230120C00396000,396.0,normalDay
2022-12-21,11683.0,-6620.0,0.0,100,386.23,461.0,0,0.0,0.0,,0.0,1,13.19,4.62,SPY230120C00396000,396.0,normalDay
2022-12-22,11683.0,-7022.0,0.0,100,380.72,461.0,0,0.0,0.0,,0.0,1,13.19,3.13,SPY230120C00396000,396.0,normalDay
2022-12-23,11683.0,-6821.0,0.0,100,382.91,461.0,0,0.0,0.0,,0.0,1,13.19,3.31,SPY230120C00396000,396.0,normalDay
2022-12-27,11683.0,-6920.0,0.0,100,381.4,461.0,0,0.0,0.0,,0.0,1,13.19,2.79,SPY230120C00396000,396.0,normalDay
2022-12-28,11683.0,-7288.0,0.0,100,376.66,461.0,0,0.0,0.0,,0.0,1,13.19,1.73,SPY230120C00396000,396.0,normalDay
2022-12-29,11683.0,-6729.0,0.0,100,383.44,461.0,0,0.0,0.0,,0.0,1,13.19,2.92,SPY230120C00396000,396.0,normalDay
2022-12-30,11683.0,-6794.0,0.0,100,382.43,461.0,0,0.0,0.0,,0.0,1,13.19,2.56,SPY230120C00396000,396.0,normalDay
2023-01-03,11683.0,-6873.0,0.0,100,380.82,461.0,0,0.0,0.0,,0.0,1,13.19,1.74,SPY230120C00396000,396.0,normalDay
2023-01-04,11683.0,-6627.0,0.0,100,383.76,461.0,0,0.0,0.0,,0.0,1,13.19,2.22,SPY230120C00396000,396.0,normalDay
2023-01-05,11683.0,-6970.0,0.0,100,379.38,461.0,0,0.0,0.0,,0.0,1,13.19,1.27,SPY230120C00396000,396.0,normalDay
2023-01-06,11683.0,-6252.0,0.0,100,388.08,461.0,0,0.0,0.0,,0.0,1,13.19,2.79,SPY230120C00396000,396.0,normalDay
2023-01-09,11683.0,-6256.0,0.0,100,387.86,461.0,0,0.0,0.0,,0.0,1,13.19,2.61,SPY230120C00396000,396.0,normalDay
2023-01-10,11683.0,-6043.0,0.0,100,390.58,461.0,0,0.0,0.0,,0.0,1,13.19,3.2,SPY230120C00396000,396.0,normalDay
2023-01-11,11683.0,-5780.0,0.0,100,395.52,461.0,0,0.0,0.0,,0.0,1,13.19,5.51,SPY230120C00396000,396.0,normalDay
2023-01-12,11683.0,-5533.0,0.0,100,396.96,461.0,0,0.0,0.0,,0.0,1,13.19,4.48,SPY230120C00396000,396.0,normalDay
2023-01-13,11683.0,-5375.0,0.0,100,398.5,461.0,0,0.0,0.0,,0.0,1,13.19,4.44,SPY230120C00396000,396.0,normalDay
2023-01-17,11683.0,-5376.0,0.0,100,397.77,461.0,0,0.0,0.0,,0.0,1,13.19,3.72,SPY230120C00396000,396.0,normalDay
2023-01-18,11683.0,-5693.0,0.0,100,391.49,461.0,0,0.0,0.0,,0.0,1,13.19,0.61,SPY230120C00396000,396.0,normalDay
2023-01-19,11683.0,-5927.0,0.0,100,388.64,461.0,0,0.0,0.0,,0.0,1,13.19,0.1,SPY230120C00396000,396.0,normalDay
2023-01-20,13002.0,-6512.0,1319.0,100,395.88,461.0,0,0.0,0.0,,0.0,1,13.19,0.0,SPY230120C00396000,396.0,expirationDay
2023-01-23,13002.0,-6059.0,0.0,100,400.63,461.0,0,0.0,0.0,,0.0,1,16.32,16.54,SPY230331C00396000,396.0,normalDay
2023-01-24,13002.0,-6120.0,0.0,100,400.2,461.0,0,0.0,0.0,,0.0,1,16.32,16.72,SPY230331C00396000,396.0,normalDay
2023-01-25,13002.0,-6054.0,0.0,100,400.35,461.0,0,0.0,0.0,,0.0,1,16.32,16.21,SPY230331C00396000,396.0,normalDay
2023-01-26,13002.0,-5873.0,0.0,100,404.75,461.0,0,0.0,0.0,,0.0,1,16.32,18.8,SPY230331C00396000,396.0,normalDay
2023-01-27,13002.0,-5812.0,0.0,100,405.68,461.0,0,0.0,0.0,,0.0,1,16.32,19.12,SPY230331C00396000,396.0,normalDay
2023-01-30,13002.0,-6037.0,0.0,100,400.59,461.0,0,0.0,0.0,,0.0,1,16.32,16.28,SPY230331C00396000,396.0,normalDay
2023-01-31,13002.0,-5773.0,0.0,100,406.48,461.0,0,0.0,0.0,,0.0,1,16.32,19.53,SPY230331C00396000,396.0,normalDay
2023-02-01,13002.0,-5706.0,0.0,100,410.8,461.0,0,0.0,0.0,,0.0,1,16.32,23.18,SPY230331C00396000,396.0,normalDay
2023-02-02,13002.0,-5424.0,0.0,100,416.78,461.0,0,0.0,0.0,,0.0,1,16.32,26.34,SPY230331C00396000,396.0,normalDay
2023-02-03,13002.0,-5592.0,0.0,100,412.35,461.0,0,0.0,0.0,,0.0,1,16.32,23.59,SPY230331C00396000,396.0,normalDay
2023-02-06,13002.0,-5661.0,0.0,100,409.83,461.0,0,0.0,0.0,,0.0,1,16.32,21.76,SPY230331C00396000,396.0,normalDay
2023-02-07,13002.0,-5451.0,0.0,100,415.19,461.0,0,0.0,0.0,,0.0,1,16.32,25.02,SPY230331C00396000,396.0,normalDay
2023-02-08,13002.0,-5645.0,0.0,100,410.65,461.0,0,0.0,0.0,,0.0,1,16.32,22.42,SPY230331C00396000,396.0,normalDay
2023-02-09,13002.0,-5760.0,0.0,100,407.09,461.0,0,0.0,0.0,,0.0,1,16.32,20.01,SPY230331C00396000,396.0,normalDay
2023-02-10,13002.0,-5684.0,0.0,100,408.04,461.0,0,0.0,0.0,,0.0,1,16.32,20.2,SPY230331C00396000,396.0,normalDay
2023-02-13,13002.0,-5538.0,0.0,100,412.83,461.0,0,0.0,0.0,,0.0,1,16.32,23.53,SPY230331C00396000,396.0,normalDay
2023-02-14,13002.0,-5424.0,0.0,100,412.64,461.0,0,0.0,0.0,,0.0,1,16.32,22.2,SPY230331C00396000,396.0,normalDay
2023-02-15,13002.0,-5420.0,0.0,100,413.98,461.0,0,0.0,0.0,,0.0,1,16.32,23.5,SPY230331C00396000,396.0,normalDay
2023-02-16,13002.0,-5553.0,0.0,100,408.28,461.0,0,0.0,0.0,,0.0,1,16.32,19.13,SPY230331C00396000,396.0,normalDay
2023-02-17,13002.0,-5550.0,0.0,100,407.26,461.0,0,0.0,0.0,,0.0,1,16.32,18.08,SPY230331C00396000,396.0,normalDay
2023-02-21,13002.0,-5847.0,0.0,100,399.09,461.0,0,0.0,0.0,,0.0,1,16.32,12.88,SPY230331C00396000,396.0,normalDay
2023-02-22,13002.0,-5817.0,0.0,100,398.54,461.0,0,0.0,0.0,,0.0,1,16.32,12.03,SPY230331C00396000,396.0,normalDay
2023-02-23,13002.0,-5663.0,0.0,100,400.66,461.0,0,0.0,0.0,,0.0,1,16.32,12.61,SPY230331C00396000,396.0,normalDay
2023-02-24,13002.0,-5821.0,0.0,100,396.38,461.0,0,0.0,0.0,,0.0,1,16.32,9.91,SPY230331C00396000,396.0,normalDay
2023-02-27,13002.0,-5725.0,0.0,100,397.73,461.0,0,0.0,0.0,,0.0,1,16.32,10.3,SPY230331C00396000,396.0,normalDay
2023-02-28,13002.0,-5730.0,0.0,100,396.26,461.0,0,0.0,0.0,,0.0,1,16.32,8.88,SPY230331C00396000,396.0,normalDay
2023-03-01,13002.0,-5807.0,0.0,100,394.74,461.0,0,0.0,0.0,,0.0,1,16.32,8.13,SPY230331C00396000,396.0,normalDay
2023-03-02,13002.0,-5622.0,0.0,100,397.81,461.0,0,0.0,0.0,,0.0,1,16.32,9.35,SPY230331C00396000,396.0,normalDay
2023-03-03,13002.0,-5383.0,0.0,100,404.19,461.0,0,0.0,0.0,,0.0,1,16.32,13.34,SPY230331C00396000,396.0,normalDay
2023-03-06,13002.0,-5316.0,0.0,100,404.47,461.0,0,0.0,0.0,,0.0,1,16.32,12.95,SPY230331C00396000,396.0,normalDay
2023-03-07,13002.0,-5540.0,0.0,100,398.27,461.0,0,0.0,0.0,,0.0,1,16.32,8.99,SPY230331C00396000,396.0,normalDay
2023-03-08,13002.0,-5472.0,0.0,100,398.92,461.0,0,0.0,0.0,,0.0,1,16.32,8.96,SPY230331C00396000,396.0,normalDay
2023-03-09,13002.0,-5885.0,0.0,100,391.56,461.0,0,0.0,0.0,,0.0,1,16.32,5.73,SPY230331C00396000,396.0,normalDay
2023-03-10,13002.0,-6239.0,0.0,100,385.91,461.0,0,0.0,0.0,,0.0,1,16.32,3.62,SPY230331C00396000,396.0,normalDay
2023-03-13,13002.0,-6318.0,0.0,100,385.36,461.0,0,0.0,0.0,,0.0,1,16.32,3.86,SPY230331C00396000,396.0,normalDay
2023-03-14,13002.0,-5774.0,0.0,100,391.73,461.0,0,0.0,0.0,,0.0,1,16.32,4.79,SPY230331C00396000,396.0,normalDay
2023-03-15,13002.0,-5951.0,0.0,100,389.28,461.0,0,0.0,0.0,,0.0,1,16.32,4.11,SPY230331C00396000,396.0,normalDay
2023-03-16,13002.0,-5483.0,0.0,100,396.11,461.0,0,0.0,0.0,,0.0,1,16.32,6.26,SPY230331C00396000,396.0,normalDay
2023-03-17,13002.0,-5946.0,0.0,100,389.99,461.0,0,0.0,0.0,,0.0,1,16.32,4.77,SPY230331C00396000,396.0,normalDay
2023-03-20,13002.0,-5637.0,0.0,100,393.74,461.0,0,0.0,0.0,,0.0,1,16.32,5.43,SPY230331C00396000,396.0,normalDay
2023-03-21,13002.0,-5348.0,0.0,100,398.91,461.0,0,0.0,0.0,,0.0,1,16.32,7.71,SPY230331C00396000,396.0,normalDay
2023-03-22,13002.0,-5625.0,0.0,100,392.11,461.0,0,0.0,0.0,,0.0,1,16.32,3.68,SPY230331C00396000,396.0,normalDay
2023-03-23,13002.0,-5529.0,0.0,100,393.17,461.0,0,0.0,0.0,,0.0,1,16.32,3.78,SPY230331C00396000,396.0,normalDay
2023-03-24,13002.0,-5337.0,0.0,100,395.75,461.0,0,0.0,0.0,,0.0,1,16.32,4.44,SPY230331C00396000,396.0,normalDay
2023-03-27,13002.0,-5213.0,0.0,100,396.49,461.0,0,0.0,0.0,,0.0,1,16.32,3.94,SPY230331C00396000,396.0,normalDay
2023-03-28,13002.0,-5206.0,0.0,100,395.6,461.0,0,0.0,0.0,,0.0,1,16.32,2.98,SPY230331C00396000,396.0,normalDay
2023-03-29,13002.0,-4949.0,0.0,100,401.35,461.0,0,0.0,0.0,,0.0,1,16.32,6.16,SPY230331C00396000,396.0,normalDay
2023-03-30,13002.0,-4899.0,0.0,100,403.7,461.0,0,0.0,0.0,,0.0,1,16.32,8.01,SPY230331C00396000,396.0,normalDay
2023-03-31,8134.0,-4899.0,-4868.0,0,409.39,0.0,0,0.0,0.0,,0.0,1,16.32,0.0,SPY230331C00396000,396.0,expirationDay
2023-04-03,8134.0,-4.0,0.0,0,410.95,0.0,1,2.84,2.88,SPY230519P00385000,385.0,0,0.0,0.0,,0.0,normalDay
2023-04-04,8134.0,-33.0,0.0,0,408.67,0.0,1,2.84,3.17,SPY230519P00385000,385.0,0,0.0,0.0,,0.0,normalDay
2023-04-05,8134.0,-48.0,0.0,0,407.6,0.0,1,2.84,3.32,SPY230519P00385000,385.0,0,0.0,0.0,,0.0,normalDay
2023-04-06,8134.0,-1.0,0.0,0,409.19,0.0,1,2.84,2.85,SPY230519P00385000,385.0,0,0.0,0.0,,0.0,normalDay
2023-04-10,8134.0,30.0,0.0,0,409.61,0.0,1,2.84,2.54,SPY230519P00385000,385.0,0,0.0,0.0,,0.0,normalDay
2023-04-11,8134.0,37.0,0.0,0,409.72,0.0,1,2.84,2.47,SPY230519P00385000,385.0,0,0.0,0.0,,0.0,normalDay
2023-04-12,8134.0,21.0,0.0,0,408.05,0.0,1,2.84,2.63,SPY230519P00385000,385.0,0,0.0,0.0,,0.0,normalDay
2023-04-13,8134.0,117.0,0.0,0,413.47,0.0,1,2.84,1.67,SPY230519P00385000,385.0,0,0.0,0.0,,0.0,normalDay
2023-04-14,8134.0,132.0,0.0,0,412.46,0.0,1,2.84,1.52,SPY230519P00385000,385.0,0,0.0,0.0,,0.0,normalDay
2023-04-17,8134.0,160.0,0.0,0,413.94,0.0,1,2.84,1.24,SPY230519P00385000,385.0,0,0.0,0.0,,0.0,normalDay
2023-04-18,8134.0,162.0,0.0,0,414.21,0.0,1,2.84,1.22,SPY230519P00385000,385.0,0,0.0,0.0,,0.0,normalDay
2023-04-19,8134.0,167.0,0.0,0,414.14,0.0,1,2.84,1.17,SPY230519P00385000,385.0,0,0.0,0.0,,0.0,normalDay
2023-04-20,8134.0,149.0,0.0,0,411.88,0.0,1,2.84,1.35,SPY230519P00385000,385.0,0,0.0,0.0,,0.0,normalDay
2023-04-21,8134.0,162.0,0.0,0,412.2,0.0,1,2.84,1.22,SPY230519P00385000,385.0,0,0.0,0.0,,0.0,normalDay
2023-04-24,8134.0,182.0,0.0,0,412.63,0.0,1,2.84,1.02,SPY230519P00385000,385.0,0,0.0,0.0,,0.0,normalDay
2023-04-25,8134.0,108.0,0.0,0,406.08,0.0,1,2.84,1.76,SPY230519P00385000,385.0,0,0.0,0.0,,0.0,normalDay
2023-04-26,8134.0,87.0,0.0,0,404.36,0.0,1,2.84,1.97,SPY230519P00385000,385.0,0,0.0,0.0,,0.0,normalDay
2023-04-27,8134.0,207.0,0.0,0,412.41,0.0,1,2.84,0.77,SPY230519P00385000,385.0,0,0.0,0.0,,0.0,normalDay
2023-04-28,8134.0,232.0,0.0,0,415.93,0.0,1,2.84,0.52,SPY230519P00385000,385.0,0,0.0,0.0,,0.0,normalDay
2023-05-01,8134.0,238.0,0.0,0,415.51,0.0,1,2.84,0.46,SPY230519P00385000,385.0,0,0.0,0.0,,0.0,normalDay
2023-05-02,8134.0,207.0,0.0,0,410.84,0.0,1,2.84,0.77,SPY230519P00385000,385.0,0,0.0,0.0,,0.0,normalDay
2023-05-03,8134.0,192.0,0.0,0,408.02,0.0,1,2.84,0.92,SPY230519P00385000,385.0,0,0.0,0.0,,0.0,normalDay
2023-05-04,8134.0,146.0,0.0,0,405.13,0.0,1,2.84,1.38,SPY230519P00385000,385.0,0,0.0,0.0,,0.0,normalDay
2023-05-05,8134.0,242.0,0.0,0,412.63,0.0,1,2.84,0.42,SPY230519P00385000,385.0,0,0.0,0.0,,0.0,normalDay
2023-05-08,8134.0,258.0,0.0,0,412.74,0.0,1,2.84,0.26,SPY230519P00385000,385.0,0,0.0,0.0,,0.0,normalDay
2023-05-09,8134.0,258.0,0.0,0,410.93,0.0,1,2.84,0.26,SPY230519P00385000,385.0,0,0.0,0.0,,0.0,normalDay
2023-05-10,8134.0,267.0,0.0,0,412.85,0.0,1,2.84,0.17,SPY230519P00385000,385.0,0,0.0,0.0,,0.0,normalDay
2023-05-11,8134.0,269.0,0.0,0,412.13,0.0,1,2.84,0.15,SPY230519P00385000,385.0,0,0.0,0.0,,0.0,normalDay
2023-05-12,8134.0,271.0,0.0,0,411.59,0.0,1,2.84,0.13,SPY230519P00385000,385.0,0,0.0,0.0,,0.0,normalDay
2023-05-15,8134.0,278.0,0.0,0,413.01,0.0,1,2.84,0.06,SPY230519P00385000,385.0,0,0.0,0.0,,0.0,normalDay
2023-05-16,8134.0,276.0,0.0,0,410.25,0.0,1,2.84,0.08,SPY230519P00385000,385.0,0,0.0,0.0,,0.0,normalDay
2023-05-17,8134.0,280.0,0.0,0,415.23,0.0,1,2.84,0.04,SPY230519P00385000,385.0,0,0.0,0.0,,0.0,normalDay
2023-05-18,8134.0,282.0,0.0,0,419.23,0.0,1,2.84,0.02,SPY230519P00385000,385.0,0,0.0,0.0,,0.0,normalDay
2023-05-19,8418.0,0.0,284.0,0,418.62,0.0,1,2.84,0.0,SPY230519P00385000,385.0,0,0.0,0.0,,0.0,expirationDay
2023-05-22,8418.0,-4.0,0.0,0,418.79,0.0,1,4.05,4.09,SPY230630P00406000,406.0,0,0.0,0.0,,0.0,normalDay
2023-05-23,8418.0,-148.0,0.0,0,414.09,0.0,1,4.05,5.53,SPY230630P00406000,406.0,0,0.0,0.0,,0.0,normalDay
2023-05-24,8418.0,-267.0,0.0,0,411.09,0.0,1,4.05,6.72,SPY230630P00406000,406.0,0,0.0,0.0,,0.0,normalDay
2023-05-25,8418.0,-129.0,0.0,0,414.65,0.0,1,4.05,5.34,SPY230630P00406000,406.0,0,0.0,0.0,,0.0,normalDay
2023-05-26,8418.0,35.0,0.0,0,420.02,0.0,1,4.05,3.7,SPY230630P00406000,406.0,0,0.0,0.0,,0.0,normalDay
2023-05-30,8418.0,87.0,0.0,0,420.18,0.0,1,4.05,3.18,SPY230630P00406000,406.0,0,0.0,0.0,,0.0,normalDay
2023-05-31,8418.0,52.0,0.0,0,417.85,0.0,1,4.05,3.53,SPY230630P00406000,406.0,0,0.0,0.0,,0.0,normalDay
2023-06-01,8418.0,183.0,0.0,0,421.82,0.0,1,4.05,2.22,SPY230630P00406000,406.0,0,0.0,0.0,,0.0,normalDay
2023-06-02,8418.0,278.0,0.0,0,427.92,0.0,1,4.05,1.27,SPY230630P00406000,406.0,0,0.0,0.0,,0.0,normalDay
2023-06-05,8418.0,285.0,0.0,0,427.1,0.0,1,4.05,1.2,SPY230630P00406000,406.0,0,0.0,0.0,,0.0,normalDay
2023-06-06,8418.0,310.0,0.0,0,428.03,0.0,1,4.05,0.95,SPY230630P00406000,406.0,0,0.0,0.0,,0.0,normalDay
2023-06-07,8418.0,305.0,0.0,0,426.55,0.0,1,4.05,1.0,SPY230630P00406000,406.0,0,0.0,0.0,,0.0,normalDay
2023-06-08,8418.0,329.0,0.0,0,429.13,0.0,1,4.05,0.76,SPY230630P00406000,406.0,0,0.0,0.0,,0.0,normalDay
2023-06-09,8418.0,337.0,0.0,0,429.9,0.0,1,4.05,0.68,SPY230630P00406000,406.0,0,0.0,0.0,,0.0,normalDay
2023-06-12,8418.0,352.0,0.0,0,433.8,0.0,1,4.05,0.53,SPY230630P00406000,406.0,0,0.0,0.0,,0.0,normalDay
2023-06-13,8418.0,366.0,0.0,0,436.66,0.0,1,4.05,0.39,SPY230630P00406000,406.0,0,0.0,0.0,,0.0,normalDay
2023-06-14,8418.0,377.0,0.0,0,437.18,0.0,1,4.05,0.28,SPY230630P00406000,406.0,0,0.0,0.0,,0.0,normalDay
2023-06-15,8418.0,380.0,0.0,0,442.6,0.0,1,4.05,0.25,SPY230630P00406000,406.0,0,0.0,0.0,,0.0,normalDay
2023-06-16,8418.0,391.0,0.0,0,439.46,0.0,1,4.05,0.14,SPY230630P00406000,406.0,0,0.0,0.0,,0.0,normalDay
2023-06-20,8418.0,394.0,0.0,0,437.18,0.0,1,4.05,0.11,SPY230630P00406000,406.0,0,0.0,0.0,,0.0,normalDay
2023-06-21,8418.0,397.0,0.0,0,434.94,0.0,1,4.05,0.08,SPY230630P00406000,406.0,0,0.0,0.0,,0.0,normalDay
2023-06-22,8418.0,400.0,0.0,0,436.51,0.0,1,4.05,0.05,SPY230630P00406000,406.0,0,0.0,0.0,,0.0,normalDay
2023-06-23,8418.0,398.0,0.0,0,433.21,0.0,1,4.05,0.07,SPY230630P00406000,406.0,0,0.0,0.0,,0.0,normalDay
2023-06-26,8418.0,399.0,0.0,0,431.44,0.0,1,4.05,0.06,SPY230630P00406000,406.0,0,0.0,0.0,,0.0,normalDay
2023-06-27,8418.0,400.0,0.0,0,436.17,0.0,1,4.05,0.05,SPY230630P00406000,406.0,0,0.0,0.0,,0.0,normalDay
2023-06-28,8418.0,402.0,0.0,0,436.39,0.0,1,4.05,0.03,SPY230630P00406000,406.0,0,0.0,0.0,,0.0,normalDay
2023-06-29,8418.0,403.0,0.0,0,438.11,0.0,1,4.05,0.02,SPY230630P00406000,406.0,0,0.0,0.0,,0.0,normalDay
2023-06-30,8823.0,0.0,405.0,0,443.28,0.0,1,4.05,0.0,SPY230630P00406000,406.0,0,0.0,0.0,,0.0,expirationDay
2023-07-03,8823.0,-6.0,0.0,0,443.79,0.0,1,2.44,2.5,SPY230818P00427000,427.0,0,0.0,0.0,,0.0,normalDay
2023-07-05,8823.0,-23.0,0.0,0,443.13,0.0,1,2.44,2.67,SPY230818P00427000,427.0,0,0.0,0.0,,0.0,normalDay
2023-07-06,8823.0,-108.0,0.0,0,439.66,0.0,1,2.44,3.52,SPY230818P00427000,427.0,0,0.0,0.0,,0.0,normalDay
2023-07-07,8823.0,-94.0,0.0,0,438.55,0.0,1,2.44,3.38,SPY230818P00427000,427.0,0,0.0,0.0,,0.0,normalDay
2023-07-10,8823.0,-67.0,0.0,0,439.66,0.0,1,2.44,3.11,SPY230818P00427000,427.0,0,0.0,0.0,,0.0,normalDay
2023-07-11,8823.0,-12.0,0.0,0,442.46,0.0,1,2.44,2.56,SPY230818P00427000,427.0,0,0.0,0.0,,0.0,normalDay
2023-07-12,8823.0,77.0,0.0,0,446.02,0.0,1,2.44,1.67,SPY230818P00427000,427.0,0,0.0,0.0,,0.0,normalDay
2023-07-13,8823.0,106.0,0.0,0,449.56,0.0,1,2.44,1.38,SPY230818P00427000,427.0,0,0.0,0.0,,0.0,normalDay
2023-07-14,8823.0,115.0,0.0,0,449.28,0.0,1,2.44,1.29,SPY230818P00427000,427.0,0,0.0,0.0,,0.0,normalDay
2023-07-17,8823.0,137.0,0.0,0,450.84,0.0,1,2.44,1.07,SPY230818P00427000,427.0,0,0.0,0.0,,0.0,normalDay
2023-07-18,8823.0,164.0,0.0,0,454.19,0.0,1,2.44,0.8,SPY230818P00427000,427.0,0,0.0,0.0,,0.0,normalDay
2023-07-19,8823.0,161.0,0.0,0,455.2,0.0,1,2.44,0.83,SPY230818P00427000,427.0,0,0.0,0.0,,0.0,normalDay
2023-07-20,8823.0,150.0,0.0,0,452.18,0.0,1,2.44,0.94,SPY230818P00427000,427.0,0,0.0,0.0,,0.0,normalDay
2023-07-21,8823.0,160.0,0.0,0,452.18,0.0,1,2.44,0.84,SPY230818P00427000,427.0,0,0.0,0.0,,0.0,normalDay
2023-07-24,8823.0,176.0,0.0,0,454.2,0.0,1,2.44,0.68,SPY230818P00427000,427.0,0,0.0,0.0,,0.0,normalDay
2023-07-25,8823.0,185.0,0.0,0,455.44,0.0,1,2.44,0.59,SPY230818P00427000,427.0,0,0.0,0.0,,0.0,normalDay
2023-07-26,8823.0,198.0,0.0,0,455.51,0.0,1,2.44,0.46,SPY230818P00427000,427.0,0,0.0,0.0,,0.0,normalDay
2023-07-27,8823.0,173.0,0.0,0,452.49,0.0,1,2.44,0.71,SPY230818P00427000,427.0,0,0.0,0.0,,0.0,normalDay
2023-07-28,8823.0,208.0,0.0,0,456.92,0.0,1,2.44,0.36,SPY230818P00427000,427.0,0,0.0,0.0,,0.0,normalDay
2023-07-31,8823.0,214.0,0.0,0,457.79,0.0,1,2.44,0.3,SPY230818P00427000,427.0,0,0.0,0.0,,0.0,normalDay
2023-08-01,8823.0,213.0,0.0,0,456.48,0.0,1,2.44,0.31,SPY230818P00427000,427.0,0,0.0,0.0,,0.0,normalDay
2023-08-02,8823.0,175.0,0.0,0,450.13,0.0,1,2.44,0.69,SPY230818P00427000,427.0,0,0.0,0.0,,0.0,normalDay
2023-08-03,8823.0,182.0,0.0,0,448.84,0.0,1,2.44,0.62,SPY230818P00427000,427.0,0,0.0,0.0,,0.0,normalDay
2023-08-04,8823.0,159.0,0.0,0,446.81,0.0,1,2.44,0.85,SPY230818P00427000,427.0,0,0.0,0.0,,0.0,normalDay
2023-08-07,8823.0,208.0,0.0,0,450.71,0.0,1,2.44,0.36,SPY230818P00427000,427.0,0,0.0,0.0,,0.0,normalDay
2023-08-08,8823.0,208.0,0.0,0,448.75,0.0,1,2.44,0.36,SPY230818P00427000,427.0,0,0.0,0.0,,0.0,normalDay
2023-08-09,8823.0,206.0,0.0,0,445.75,0.0,1,2.44,0.38,SPY230818P00427000,427.0,0,0.0,0.0,,0.0,normalDay
2023-08-10,8823.0,210.0,0.0,0,445.91,0.0,1,2.44,0.34,SPY230818P00427000,427.0,0,0.0,0.0,,0.0,normalDay
2023-08-11,8823.0,227.0,0.0,0,445.65,0.0,1,2.44,0.17,SPY230818P00427000,427.0,0,0.0,0.0,,0.0,normalDay
2023-08-14,8823.0,237.0,0.0,0,448.11,0.0,1,2.44,0.07,SPY230818P00427000,427.0,0,0.0,0.0,,0.0,normalDay
2023-08-15,8823.0,233.0,0.0,0,442.89,0.0,1,2.44,0.11,SPY230818P00427000,427.0,0,0.0,0.0,,0.0,normalDay
2023-08-16,8823.0,236.0,0.0,0,439.64,0.0,1,2.44,0.08,SPY230818P00427000,427.0,0,0.0,0.0,,0.0,normalDay
2023-08-17,8823.0,237.0,0.0,0,436.29,0.0,1,2.44,0.07,SPY230818P00427000,427.0,0,0.0,0.0,,0.0,normalDay
2023-08-18,9067.0,0.0,244.0,0,436.5,0.0,1,2.44,0.0,SPY230818P00427000,427.0,0,0.0,0.0,,0.0,expirationDay
2023-08-21,9067.0,-4.0,0.0,0,439.34,0.0,1,7.31,7.35,SPY230929P00437000,437.0,0,0.0,0.0,,0.0,normalDay
2023-08-22,9067.0,-23.0,0.0,0,438.15,0.0,1,7.31,7.54,SPY230929P00437000,437.0,0,0.0,0.0,,0.0,normalDay
2023-08-23,9067.0,189.0,0.0,0,443.03,0.0,1,7.31,5.42,SPY230929P00437000,437.0,0,0.0,0.0,,0.0,normalDay
2023-08-24,9067.0,-67.0,0.0,0,436.89,0.0,1,7.31,7.98,SPY230929P00437000,437.0,0,0.0,0.0,,0.0,normalDay
2023-08-25,9067.0,118.0,0.0,0,439.97,0.0,1,7.31,6.13,SPY230929P00437000,437.0,0,0.0,0.0,,0.0,normalDay
2023-08-28,9067.0,263.0,0.0,0,442.76,0.0,1,7.31,4.68,SPY230929P00437000,437.0,0,0.0,0.0,,0.0,normalDay
2023-08-29,9067.0,448.0,0.0,0,449.16,0.0,1,7.31,2.83,SPY230929P00437000,437.0,0,0.0,0.0,,0.0,normalDay
2023-08-30,9067.0,509.0,0.0,0,451.01,0.0,1,7.31,2.22,SPY230929P00437000,437.0,0,0.0,0.0,,0.0,normalDay
2023-08-31,9067.0,522.0,0.0,0,450.35,0.0,1,7.31,2.09,SPY230929P00437000,437.0,0,0.0,0.0,,0.0,normalDay
2023-09-01,9067.0,545.0,0.0,0,451.19,0.0,1,7.31,1.86,SPY230929P00437000,437.0,0,0.0,0.0,,0.0,normalDay
2023-09-05,9067.0,520.0,0.0,0,449.24,0.0,1,7.31,2.11,SPY230929P00437000,437.0,0,0.0,0.0,,0.0,normalDay
2023-09-06,9067.0,455.0,0.0,0,446.22,0.0,1,7.31,2.76,SPY230929P00437000,437.0,0,0.0,0.0,,0.0,normalDay
2023-09-07,9067.0,432.0,0.0,0,444.85,0.0,1,7.31,2.99,SPY230929P00437000,437.0,0,0.0,0.0,,0.0,normalDay
2023-09-08,9067.0,494.0,0.0,0,445.52,0.0,1,7.31,2.37,SPY230929P00437000,437.0,0,0.0,0.0,,0.0,normalDay
2023-09-11,9067.0,568.0,0.0,0,448.45,0.0,1,7.31,1.63,SPY230929P00437000,437.0,0,0.0,0.0,,0.0,normalDay
2023-09-12,9067.0,524.0,0.0,0,445.99,0.0,1,7.31,2.07,SPY230929P00437000,437.0,0,0.0,0.0,,0.0,normalDay
2023-09-13,9067.0,576.0,0.0,0,446.51,0.0,1,7.31,1.55,SPY230929P00437000,437.0,0,0.0,0.0,,0.0,normalDay
2023-09-14,9067.0,652.0,0.0,0,450.36,0.0,1,7.31,0.79,SPY230929P00437000,437.0,0,0.0,0.0,,0.0,normalDay
2023-09-15,9067.0,565.0,0.0,0,443.37,0.0,1,7.31,1.66,SPY230929P00437000,437.0,0,0.0,0.0,,0.0,normalDay
2023-09-18,9067.0,585.0,0.0,0,443.63,0.0,1,7.31,1.46,SPY230929P00437000,437.0,0,0.0,0.0,,0.0,normalDay
2023-09-19,9067.0,570.0,0.0,0,442.71,0.0,1,7.31,1.61,SPY230929P00437000,437.0,0,0.0,0.0,,0.0,normalDay
2023-09-20,9067.0,441.0,0.0,0,438.64,0.0,1,7.31,2.9,SPY230929P00437000,437.0,0,0.0,0.0,,0.0,normalDay
2023-09-21,9067.0,32.0,0.0,0,431.39,0.0,1,7.31,6.99,SPY230929P00437000,437.0,0,0.0,0.0,,0.0,normalDay
2023-09-22,9067.0,5.0,0.0,0,430.42,0.0,1,7.31,7.26,SPY230929P00437000,437.0,0,0.0,0.0,,0.0,normalDay
2023-09-25,9067.0,171.0,0.0,0,432.23,0.0,1,7.31,5.6,SPY230929P00437000,437.0,0,0.0,0.0,,0.0,normalDay
2023-09-26,9067.0,-363.0,0.0,0,425.88,0.0,1,7.31,10.94,SPY230929P00437000,437.0,0,0.0,0.0,,0.0,normalDay
2023-09-27,9067.0,-352.0,0.0,0,426.05,0.0,1,7.31,10.83,SPY230929P00437000,437.0,0,0.0,0.0,,0.0,normalDay
2023-09-28,9067.0,-154.0,0.0,0,428.52,0.0,1,7.31,8.85,SPY230929P00437000,437.0,0,0.0,0.0,,0.0,normalDay
2023-09-29,9798.0,-952.0,731.0,100,427.48,437.0,1,7.31,0.0,SPY230929P00437000,437.0,0,0.0,0.0,,0.0,expirationDay
2023-10-02,9798.0,-974.0,0.0,100,427.31,437.0,0,0.0,0.0,,0.0,1,4.08,4.13,SPY231215C00449000,449.0,normalDay
2023-10-03,9798.0,-1452.0,0.0,100,421.59,437.0,0,0.0,0.0,,0.0,1,4.08,3.19,SPY231215C00449000,449.0,normalDay
2023-10-04,9798.0,-1181.0,0.0,100,424.66,437.0,0,0.0,0.0,,0.0,1,4.08,3.55,SPY231215C00449000,449.0,normalDay
2023-10-05,9798.0,-1172.0,0.0,100,424.5,437.0,0,0.0,0.0,,0.0,1,4.08,3.3,SPY231215C00449000,449.0,normalDay
2023-10-06,9798.0,-807.0,0.0,100,429.54,437.0,0,0.0,0.0,,0.0,1,4.08,4.69,SPY231215C00449000,449.0,normalDay
2023-10-09,9798.0,-605.0,0.0,100,432.29,437.0,0,0.0,0.0,,0.0,1,4.08,5.42,SPY231215C00449000,449.0,normalDay
2023-10-10,9798.0,-418.0,0.0,100,434.54,437.0,0,0.0,0.0,,0.0,1,4.08,5.8,SPY231215C00449000,449.0,normalDay
2023-10-11,9798.0,-294.0,0.0,100,436.32,437.0,0,0.0,0.0,,0.0,1,4.08,6.34,SPY231215C00449000,449.0,normalDay
2023-10-12,9798.0,-427.0,0.0,100,433.66,437.0,0,0.0,0.0,,0.0,1,4.08,5.01,SPY231215C00449000,449.0,normalDay
2023-10-13,9798.0,-594.0,0.0,100,431.5,437.0,0,0.0,0.0,,0.0,1,4.08,4.52,SPY231215C00449000,449.0,normalDay
2023-10-16,9798.0,-251.0,0.0,100,436.04,437.0,0,0.0,0.0,,0.0,1,4.08,5.63,SPY231215C00449000,449.0,normalDay
2023-10-17,9798.0,-245.0,0.0,100,436.02,437.0,0,0.0,0.0,,0.0,1,4.08,5.55,SPY231215C00449000,449.0,normalDay
2023-10-18,9798.0,-673.0,0.0,100,430.21,437.0,0,0.0,0.0,,0.0,1,4.08,4.02,SPY231215C00449000,449.0,normalDay
2023-10-19,9798.0,-941.0,0.0,100,426.43,437.0,0,0.0,0.0,,0.0,1,4.08,2.92,SPY231215C00449000,449.0,normalDay
2023-10-20,9798.0,-1373.0,0.0,100,421.19,437.0,0,0.0,0.0,,0.0,1,4.08,2.0,SPY231215C00449000,449.0,normalDay
2023-10-23,9798.0,-1414.0,0.0,100,420.46,437.0,0,0.0,0.0,,0.0,1,4.08,1.68,SPY231215C00449000,449.0,normalDay
2023-10-24,9798.0,-1118.0,0.0,100,423.63,437.0,0,0.0,0.0,,0.0,1,4.08,1.89,SPY231215C00449000,449.0,normalDay
2023-10-25,9798.0,-1650.0,0.0,100,417.55,437.0,0,0.0,0.0,,0.0,1,4.08,1.13,SPY231215C00449000,449.0,normalDay
2023-10-26,9798.0,-2108.0,0.0,100,412.55,437.0,0,0.0,0.0,,0.0,1,4.08,0.71,SPY231215C00449000,449.0,normalDay
2023-10-27,9798.0,-2283.0,0.0,100,410.68,437.0,0,0.0,0.0,,0.0,1,4.08,0.59,SPY231215C00449000,449.0,normalDay
2023-10-30,9798.0,-1806.0,0.0,100,415.59,437.0,0,0.0,0.0,,0.0,1,4.08,0.73,SPY231215C00449000,449.0,normalDay
2023-10-31,9798.0,-1538.0,0.0,100,418.2,437.0,0,0.0,0.0,,0.0,1,4.08,0.66,SPY231215C00449000,449.0,normalDay
2023-11-01,9798.0,-1123.0,0.0,100,422.66,437.0,0,0.0,0.0,,0.0,1,4.08,0.97,SPY231215C00449000,449.0,normalDay
2023-11-02,9798.0,-408.0,0.0,100,430.76,437.0,0,0.0,0.0,,0.0,1,4.08,1.92,SPY231215C00449000,449.0,normalDay
2023-11-03,9798.0,-94.0,0.0,100,434.69,437.0,0,0.0,0.0,,0.0,1,4.08,2.71,SPY231215C00449000,449.0,normalDay
2023-11-06,9798.0,19.0,0.0,100,435.69,437.0,0,0.0,0.0,,0.0,1,4.08,2.58,SPY231215C00449000,449.0,normalDay
2023-11-07,9798.0,114.0,0.0,100,436.93,437.0,0,0.0,0.0,,0.0,1,4.08,2.87,SPY231215C00449000,449.0,normalDay
2023-11-08,9798.0,164.0,0.0,100,437.25,437.0,0,0.0,0.0,,0.0,1,4.08,2.69,SPY231215C00449000,449.0,normalDay
2023-11-09,9798.0,-99.0,0.0,100,433.84,437.0,0,0.0,0.0,,0.0,1,4.08,1.91,SPY231215C00449000,449.0,normalDay
2023-11-10,9798.0,404.0,0.0,100,440.61,437.0,0,0.0,0.0,,0.0,1,4.08,3.65,SPY231215C00449000,449.0,normalDay
2023-11-13,9798.0,385.0,0.0,100,440.19,437.0,0,0.0,0.0,,0.0,1,4.08,3.42,SPY231215C00449000,449.0,normalDay
2023-11-14,9798.0,853.0,0.0,100,448.73,437.0,0,0.0,0.0,,0.0,1,4.08,7.28,SPY231215C00449000,449.0,normalDay
2023-11-15,9798.0,957.0,0.0,100,449.68,437.0,0,0.0,0.0,,0.0,1,4.08,7.19,SPY231215C00449000,449.0,normalDay
2023-11-16,9798.0,984.0,0.0,100,450.23,437.0,0,0.0,0.0,,0.0,1,4.08,7.47,SPY231215C00449000,449.0,normalDay
2023-11-17,9798.0,1039.0,0.0,100,450.79,437.0,0,0.0,0.0,,0.0,1,4.08,7.48,SPY231215C00449000,449.0,normalDay
2023-11-20,9798.0,1177.0,0.0,100,454.26,437.0,0,0.0,0.0,,0.0,1,4.08,9.57,SPY231215C00449000,449.0,normalDay
2023-11-21,9798.0,1196.0,0.0,100,453.27,437.0,0,0.0,0.0,,0.0,1,4.08,8.39,SPY231215C00449000,449.0,normalDay
2023-11-22,9798.0,1234.0,0.0,100,455.02,437.0,0,0.0,0.0,,0.0,1,4.08,9.76,SPY231215C00449000,449.0,normalDay
2023-11-24,9798.0,1249.0,0.0,100,455.3,437.0,0,0.0,0.0,,0.0,1,4.08,9.89,SPY231215C00449000,449.0,normalDay
2023-11-27,9798.0,1269.0,0.0,100,454.48,437.0,0,0.0,0.0,,0.0,1,4.08,8.87,SPY231215C00449000,449.0,normalDay
2023-11-28,9798.0,1307.0,0.0,100,454.93,437.0,0,0.0,0.0,,0.0,1,4.08,8.94,SPY231215C00449000,449.0,normalDay
2023-11-29,9798.0,1258.0,0.0,100,454.61,437.0,0,0.0,0.0,,0.0,1,4.08,9.11,SPY231215C00449000,449.0,normalDay
2023-11-30,9798.0,1372.0,0.0,100,456.4,437.0,0,0.0,0.0,,0.0,1,4.08,9.76,SPY231215C00449000,449.0,normalDay
