date,totalCapital,unrializedPnL,rializedPnL,stocksOwned,stocksPriceToday,stocksPriceBoughtAt,putOwned,putOwnedSoldAt,putPriceToday,putOwnedContract,putOwnedStrike,callOwned,callOwnedSoldAt,callPriceToday,callOwnedContract,callOwnedStrike,trackType
2018-11-01,0.0,-7.0,0.0,0,273.51,0.0,1,3.27,3.34,SPY181107P00274500,274.5,0,0.0,0.0,,0.0,normalDay
2018-11-02,0.0,-57.0,0.0,0,271.89,0.0,1,3.27,3.84,SPY181107P00274500,274.5,0,0.0,0.0,,0.0,normalDay
2018-11-05,0.0,82.0,0.0,0,273.39,0.0,1,3.27,2.45,SPY181107P00274500,274.5,0,0.0,0.0,,0.0,normalDay
2018-11-06,0.0,177.0,0.0,0,275.12,0.0,1,3.27,1.5,SPY181107P00274500,274.5,0,0.0,0.0,,0.0,normalDay
2018-11-07,327.0,0.0,327.0,0,281.01,0.0,1,3.27,0.0,SPY181107P00274500,274.5,0,0.0,0.0,,0.0,expirationDay
2018-11-08,327.0,-4.0,0.0,0,280.5,0.0,1,0.32,0.36,SPY181114P00273000,273.0,0,0.0,0.0,,0.0,normalDay
2018-11-09,327.0,-22.0,0.0,0,277.76,0.0,1,0.32,0.54,SPY181114P00273000,273.0,0,0.0,0.0,,0.0,normalDay
2018-11-12,327.0,-162.0,0.0,0,272.57,0.0,1,0.32,1.94,SPY181114P00273000,273.0,0,0.0,0.0,,0.0,normalDay
2018-11-13,327.0,-156.0,0.0,0,272.06,0.0,1,0.32,1.88,SPY181114P00273000,273.0,0,0.0,0.0,,0.0,normalDay
2018-11-14,359.0,-280.0,32.0,100,270.2,273.0,1,0.32,0.0,SPY181114P00273000,273.0,0,0.0,0.0,,0.0,expirationDay
2018-11-15,359.0,-8.0,0.0,100,273.02,273.0,0,0.0,0.0,,0.0,1,6.07,6.17,SPY190118C00276000,276.0,normalDay
2018-11-16,359.0,64.0,0.0,100,273.73,273.0,0,0.0,0.0,,0.0,1,6.07,6.16,SPY190118C00276000,276.0,normalDay
2018-11-19,359.0,-206.0,0.0,100,269.1,273.0,0,0.0,0.0,,0.0,1,6.07,4.23,SPY190118C00276000,276.0,normalDay
2018-11-20,359.0,-541.0,0.0,100,264.12,273.0,0,0.0,0.0,,0.0,1,6.07,2.6,SPY190118C00276000,276.0,normalDay
2018-11-21,359.0,-438.0,0.0,100,265.02,273.0,0,0.0,0.0,,0.0,1,6.07,2.47,SPY190118C00276000,276.0,normalDay
2018-11-23,359.0,-571.0,0.0,100,263.25,273.0,0,0.0,0.0,,0.0,1,6.07,2.03,SPY190118C00276000,276.0,normalDay
2018-11-26,359.0,-219.0,0.0,100,267.5,273.0,0,0.0,0.0,,0.0,1,6.07,2.76,SPY190118C00276000,276.0,normalDay
2018-11-27,359.0,-154.0,0.0,100,268.4,273.0,0,0.0,0.0,,0.0,1,6.07,3.01,SPY190118C00276000,276.0,normalDay
2018-11-28,359.0,213.0,0.0,100,274.58,273.0,0,0.0,0.0,,0.0,1,6.07,5.52,SPY190118C00276000,276.0,normalDay
2018-11-29,359.0,154.0,0.0,100,273.98,273.0,0,0.0,0.0,,0.0,1,6.07,5.51,SPY190118C00276000,276.0,normalDay
2018-11-30,359.0,230.0,0.0,100,275.65,273.0,0,0.0,0.0,,0.0,1,6.07,6.42,SPY190118C00276000,276.0,normalDay
2018-12-03,359.0,480.0,0.0,100,279.3,273.0,0,0.0,0.0,,0.0,1,6.07,7.57,SPY190118C00276000,276.0,normalDay
2018-12-04,359.0,-39.0,0.0,100,270.25,273.0,0,0.0,0.0,,0.0,1,6.07,3.71,SPY190118C00276000,276.0,normalDay
2018-12-06,359.0,-67.0,0.0,100,269.84,273.0,0,0.0,0.0,,0.0,1,6.07,3.58,SPY190118C00276000,276.0,normalDay
2018-12-07,359.0,-532.0,0.0,100,263.57,273.0,0,0.0,0.0,,0.0,1,6.07,1.96,SPY190118C00276000,276.0,normalDay
2018-12-10,359.0,-470.0,0.0,100,264.07,273.0,0,0.0,0.0,,0.0,1,6.07,1.84,SPY190118C00276000,276.0,normalDay
2018-12-11,359.0,-446.0,0.0,100,264.13,273.0,0,0.0,0.0,,0.0,1,6.07,1.66,SPY190118C00276000,276.0,normalDay
2018-12-12,359.0,-325.0,0.0,100,265.46,273.0,0,0.0,0.0,,0.0,1,6.07,1.78,SPY190118C00276000,276.0,normalDay
2018-12-13,359.0,-311.0,0.0,100,265.37,273.0,0,0.0,0.0,,0.0,1,6.07,1.55,SPY190118C00276000,276.0,normalDay
2018-12-14,359.0,-729.0,0.0,100,260.47,273.0,0,0.0,0.0,,0.0,1,6.07,0.83,SPY190118C00276000,276.0,normalDay
2018-12-17,359.0,-1196.0,0.0,100,255.36,273.0,0,0.0,0.0,,0.0,1,6.07,0.39,SPY190118C00276000,276.0,normalDay
2018-12-18,359.0,-1226.0,0.0,100,255.08,273.0,0,0.0,0.0,,0.0,1,6.07,0.41,SPY190118C00276000,276.0,normalDay
2018-12-19,359.0,-1586.0,0.0,100,251.26,273.0,0,0.0,0.0,,0.0,1,6.07,0.19,SPY190118C00276000,276.0,normalDay
2018-12-20,359.0,-1993.0,0.0,100,247.17,273.0,0,0.0,0.0,,0.0,1,6.07,0.17,SPY190118C00276000,276.0,normalDay
2018-12-21,359.0,-2632.0,0.0,100,240.7,273.0,0,0.0,0.0,,0.0,1,6.07,0.09,SPY190118C00276000,276.0,normalDay
2018-12-24,359.0,-3265.0,0.0,100,234.34,273.0,0,0.0,0.0,,0.0,1,6.07,0.06,SPY190118C00276000,276.0,normalDay
2018-12-26,359.0,-2089.0,0.0,100,246.18,273.0,0,0.0,0.0,,0.0,1,6.07,0.14,SPY190118C00276000,276.0,normalDay
2018-12-27,359.0,-1901.0,0.0,100,248.07,273.0,0,0.0,0.0,,0.0,1,6.07,0.15,SPY190118C00276000,276.0,normalDay
2018-12-28,359.0,-1928.0,0.0,100,247.75,273.0,0,0.0,0.0,,0.0,1,6.07,0.1,SPY190118C00276000,276.0,normalDay
2018-12-31,359.0,-1707.0,0.0,100,249.92,273.0,0,0.0,0.0,,0.0,1,6.07,0.06,SPY190118C00276000,276.0,normalDay
2019-01-02,359.0,-1678.0,0.0,100,250.18,273.0,0,0.0,0.0,,0.0,1,6.07,0.03,SPY190118C00276000,276.0,normalDay
2019-01-03,359.0,-2273.0,0.0,100,244.21,273.0,0,0.0,0.0,,0.0,1,6.07,0.01,SPY190118C00276000,276.0,normalDay
2019-01-04,359.0,-1457.0,0.0,100,252.39,273.0,0,0.0,0.0,,0.0,1,6.07,0.03,SPY190118C00276000,276.0,normalDay
2019-01-07,359.0,-1258.0,0.0,100,254.38,273.0,0,0.0,0.0,,0.0,1,6.07,0.03,SPY190118C00276000,276.0,normalDay
2019-01-08,359.0,-1019.0,0.0,100,256.77,273.0,0,0.0,0.0,,0.0,1,6.07,0.03,SPY190118C00276000,276.0,normalDay
2019-01-09,359.0,-900.0,0.0,100,257.97,273.0,0,0.0,0.0,,0.0,1,6.07,0.04,SPY190118C00276000,276.0,normalDay
2019-01-10,359.0,-808.0,0.0,100,258.88,273.0,0,0.0,0.0,,0.0,1,6.07,0.03,SPY190118C00276000,276.0,normalDay
2019-01-11,359.0,-797.0,0.0,100,258.98,273.0,0,0.0,0.0,,0.0,1,6.07,0.02,SPY190118C00276000,276.0,normalDay
2019-01-14,359.0,-955.0,0.0,100,257.4,273.0,0,0.0,0.0,,0.0,1,6.07,0.02,SPY190118C00276000,276.0,normalDay
2019-01-15,359.0,-659.0,0.0,100,260.35,273.0,0,0.0,0.0,,0.0,1,6.07,0.01,SPY190118C00276000,276.0,normalDay
2019-01-16,359.0,-597.0,0.0,100,260.98,273.0,0,0.0,0.0,,0.0,1,6.07,0.02,SPY190118C00276000,276.0,normalDay
2019-01-17,359.0,-398.0,0.0,100,262.96,273.0,0,0.0,0.0,,0.0,1,6.07,0.01,SPY190118C00276000,276.0,normalDay
2019-01-18,966.0,-654.0,607.0,100,266.46,273.0,0,0.0,0.0,,0.0,1,6.07,0.0,SPY190118C00276000,276.0,expirationDay
2019-01-22,966.0,-1035.0,0.0,100,262.86,273.0,0,0.0,0.0,,0.0,1,10.93,11.14,SPY190418C00260000,260.0,normalDay
2019-01-23,966.0,-977.0,0.0,100,263.41,273.0,0,0.0,0.0,,0.0,1,10.93,11.11,SPY190418C00260000,260.0,normalDay
2019-01-24,966.0,-905.0,0.0,100,263.55,273.0,0,0.0,0.0,,0.0,1,10.93,10.53,SPY190418C00260000,260.0,normalDay
2019-01-25,966.0,-854.0,0.0,100,265.78,273.0,0,0.0,0.0,,0.0,1,10.93,12.25,SPY190418C00260000,260.0,normalDay
2019-01-28,966.0,-927.0,0.0,100,263.76,273.0,0,0.0,0.0,,0.0,1,10.93,10.96,SPY190418C00260000,260.0,normalDay
2019-01-29,966.0,-926.0,0.0,100,263.41,273.0,0,0.0,0.0,,0.0,1,10.93,10.6,SPY190418C00260000,260.0,normalDay
2019-01-30,966.0,-754.0,0.0,100,267.58,273.0,0,0.0,0.0,,0.0,1,10.93,13.05,SPY190418C00260000,260.0,normalDay
2019-01-31,966.0,-694.0,0.0,100,269.93,273.0,0,0.0,0.0,,0.0,1,10.93,14.8,SPY190418C00260000,260.0,normalDay
2019-02-01,966.0,-650.0,0.0,100,270.06,273.0,0,0.0,0.0,,0.0,1,10.93,14.49,SPY190418C00260000,260.0,normalDay
2019-02-04,966.0,-568.0,0.0,100,271.96,273.0,0,0.0,0.0,,0.0,1,10.93,15.57,SPY190418C00260000,260.0,normalDay
2019-02-05,966.0,-529.0,0.0,100,273.1,273.0,0,0.0,0.0,,0.0,1,10.93,16.32,SPY190418C00260000,260.0,normalDay
2019-02-06,966.0,-537.0,0.0,100,272.74,273.0,0,0.0,0.0,,0.0,1,10.93,16.04,SPY190418C00260000,260.0,normalDay
2019-02-07,966.0,-615.0,0.0,100,270.14,273.0,0,0.0,0.0,,0.0,1,10.93,14.22,SPY190418C00260000,260.0,normalDay
2019-02-08,966.0,-578.0,0.0,100,270.47,273.0,0,0.0,0.0,,0.0,1,10.93,14.18,SPY190418C00260000,260.0,normalDay
2019-02-11,966.0,-558.0,0.0,100,270.62,273.0,0,0.0,0.0,,0.0,1,10.93,14.13,SPY190418C00260000,260.0,normalDay
2019-02-12,966.0,-496.0,0.0,100,274.1,273.0,0,0.0,0.0,,0.0,1,10.93,16.99,SPY190418C00260000,260.0,normalDay
2019-02-13,966.0,-455.0,0.0,100,274.99,273.0,0,0.0,0.0,,0.0,1,10.93,17.47,SPY190418C00260000,260.0,normalDay
2019-02-14,966.0,-470.0,0.0,100,274.38,273.0,0,0.0,0.0,,0.0,1,10.93,17.01,SPY190418C00260000,260.0,normalDay
2019-02-15,966.0,-410.0,0.0,100,277.37,273.0,0,0.0,0.0,,0.0,1,10.93,19.4,SPY190418C00260000,260.0,normalDay
2019-02-19,966.0,-360.0,0.0,100,277.85,273.0,0,0.0,0.0,,0.0,1,10.93,19.38,SPY190418C00260000,260.0,normalDay
2019-02-20,966.0,-365.0,0.0,100,278.41,273.0,0,0.0,0.0,,0.0,1,10.93,19.99,SPY190418C00260000,260.0,normalDay
2019-02-21,966.0,-378.0,0.0,100,277.42,273.0,0,0.0,0.0,,0.0,1,10.93,19.13,SPY190418C00260000,260.0,normalDay
2019-02-22,966.0,-334.0,0.0,100,279.14,273.0,0,0.0,0.0,,0.0,1,10.93,20.41,SPY190418C00260000,260.0,normalDay
2019-02-25,966.0,-343.0,0.0,100,279.52,273.0,0,0.0,0.0,,0.0,1,10.93,20.88,SPY190418C00260000,260.0,normalDay
2019-02-26,966.0,-332.0,0.0,100,279.32,273.0,0,0.0,0.0,,0.0,1,10.93,20.57,SPY190418C00260000,260.0,normalDay
2019-02-27,966.0,-350.0,0.0,100,279.2,273.0,0,0.0,0.0,,0.0,1,10.93,20.63,SPY190418C00260000,260.0,normalDay
2019-02-28,966.0,-331.0,0.0,100,278.68,273.0,0,0.0,0.0,,0.0,1,10.93,19.92,SPY190418C00260000,260.0,normalDay
2019-03-01,966.0,-307.0,0.0,100,280.42,273.0,0,0.0,0.0,,0.0,1,10.93,21.42,SPY190418C00260000,260.0,normalDay
2019-03-04,966.0,-301.0,0.0,100,279.4,273.0,0,0.0,0.0,,0.0,1,10.93,20.34,SPY190418C00260000,260.0,normalDay
2019-03-05,966.0,-304.0,0.0,100,279.02,273.0,0,0.0,0.0,,0.0,1,10.93,19.99,SPY190418C00260000,260.0,normalDay
2019-03-06,966.0,-326.0,0.0,100,277.33,273.0,0,0.0,0.0,,0.0,1,10.93,18.52,SPY190418C00260000,260.0,normalDay
2019-03-07,966.0,-378.0,0.0,100,275.01,273.0,0,0.0,0.0,,0.0,1,10.93,16.72,SPY190418C00260000,260.0,normalDay
2019-03-08,966.0,-371.0,0.0,100,274.46,273.0,0,0.0,0.0,,0.0,1,10.93,16.1,SPY190418C00260000,260.0,normalDay
2019-03-11,966.0,-265.0,0.0,100,278.44,273.0,0,0.0,0.0,,0.0,1,10.93,19.02,SPY190418C00260000,260.0,normalDay
2019-03-12,966.0,-229.0,0.0,100,279.49,273.0,0,0.0,0.0,,0.0,1,10.93,19.71,SPY190418C00260000,260.0,normalDay
2019-03-13,966.0,-247.0,0.0,100,281.34,273.0,0,0.0,0.0,,0.0,1,10.93,21.74,SPY190418C00260000,260.0,normalDay
2019-03-14,966.0,-207.0,0.0,100,281.16,273.0,0,0.0,0.0,,0.0,1,10.93,21.16,SPY190418C00260000,260.0,normalDay
2019-03-15,966.0,-314.0,0.0,100,281.31,273.0,0,0.0,0.0,,0.0,1,10.93,22.38,SPY190418C00260000,260.0,normalDay
2019-03-18,966.0,-331.0,0.0,100,282.33,273.0,0,0.0,0.0,,0.0,1,10.93,23.57,SPY190418C00260000,260.0,normalDay
2019-03-19,966.0,-294.0,0.0,100,282.4,273.0,0,0.0,0.0,,0.0,1,10.93,23.27,SPY190418C00260000,260.0,normalDay
2019-03-20,966.0,-299.0,0.0,100,281.55,273.0,0,0.0,0.0,,0.0,1,10.93,22.47,SPY190418C00260000,260.0,normalDay
2019-03-21,966.0,-286.0,0.0,100,284.73,273.0,0,0.0,0.0,,0.0,1,10.93,25.52,SPY190418C00260000,260.0,normalDay
2019-03-22,966.0,-413.0,0.0,100,279.25,273.0,0,0.0,0.0,,0.0,1,10.93,21.31,SPY190418C00260000,260.0,normalDay
2019-03-25,966.0,-340.0,0.0,100,279.04,273.0,0,0.0,0.0,,0.0,1,10.93,20.37,SPY190418C00260000,260.0,normalDay
2019-03-26,966.0,-278.0,0.0,100,281.12,273.0,0,0.0,0.0,,0.0,1,10.93,21.83,SPY190418C00260000,260.0,normalDay
2019-03-27,966.0,-321.0,0.0,100,279.65,273.0,0,0.0,0.0,,0.0,1,10.93,20.79,SPY190418C00260000,260.0,normalDay
2019-03-28,966.0,-302.0,0.0,100,280.71,273.0,0,0.0,0.0,,0.0,1,10.93,21.66,SPY190418C00260000,260.0,normalDay
2019-03-29,966.0,-298.0,0.0,100,282.48,273.0,0,0.0,0.0,,0.0,1,10.93,23.39,SPY190418C00260000,260.0,normalDay
2019-04-01,966.0,-248.0,0.0,100,285.83,273.0,0,0.0,0.0,,0.0,1,10.93,26.24,SPY190418C00260000,260.0,normalDay
2019-04-02,966.0,-233.0,0.0,100,285.97,273.0,0,0.0,0.0,,0.0,1,10.93,26.23,SPY190418C00260000,260.0,normalDay
2019-04-03,966.0,-275.0,0.0,100,286.42,273.0,0,0.0,0.0,,0.0,1,10.93,27.1,SPY190418C00260000,260.0,normalDay
2019-04-04,966.0,-254.0,0.0,100,287.18,273.0,0,0.0,0.0,,0.0,1,10.93,27.65,SPY190418C00260000,260.0,normalDay
2019-04-05,966.0,-245.0,0.0,100,288.57,273.0,0,0.0,0.0,,0.0,1,10.93,28.95,SPY190418C00260000,260.0,normalDay
2019-04-08,966.0,-241.0,0.0,100,288.79,273.0,0,0.0,0.0,,0.0,1,10.93,29.13,SPY190418C00260000,260.0,normalDay
2019-04-09,966.0,-228.0,0.0,100,287.31,273.0,0,0.0,0.0,,0.0,1,10.93,27.52,SPY190418C00260000,260.0,normalDay
2019-04-10,966.0,-253.0,0.0,100,288.29,273.0,0,0.0,0.0,,0.0,1,10.93,28.75,SPY190418C00260000,260.0,normalDay
2019-04-11,966.0,-224.0,0.0,100,288.21,273.0,0,0.0,0.0,,0.0,1,10.93,28.38,SPY190418C00260000,260.0,normalDay
2019-04-12,966.0,-234.0,0.0,100,290.16,273.0,0,0.0,0.0,,0.0,1,10.93,30.43,SPY190418C00260000,260.0,normalDay
2019-04-15,966.0,-237.0,0.0,100,289.97,273.0,0,0.0,0.0,,0.0,1,10.93,30.27,SPY190418C00260000,260.0,normalDay
2019-04-16,966.0,-220.0,0.0,100,290.16,273.0,0,0.0,0.0,,0.0,1,10.93,30.29,SPY190418C00260000,260.0,normalDay
2019-04-17,966.0,-205.0,0.0,100,289.45,273.0,0,0.0,0.0,,0.0,1,10.93,29.43,SPY190418C00260000,260.0,normalDay
2019-04-18,759.0,-205.0,-207.0,0,290.02,0.0,0,0.0,0.0,,0.0,1,10.93,0.0,SPY190418C00260000,260.0,expirationDay
2019-04-22,759.0,-3.0,0.0,0,290.27,0.0,1,0.16,0.19,SPY190426P00286000,286.0,0,0.0,0.0,,0.0,normalDay
2019-04-23,759.0,10.0,0.0,0,292.88,0.0,1,0.16,0.06,SPY190426P00286000,286.0,0,0.0,0.0,,0.0,normalDay
2019-04-24,759.0,9.0,0.0,0,292.23,0.0,1,0.16,0.07,SPY190426P00286000,286.0,0,0.0,0.0,,0.0,normalDay
2019-04-25,759.0,12.0,0.0,0,292.05,0.0,1,0.16,0.04,SPY190426P00286000,286.0,0,0.0,0.0,,0.0,normalDay
2019-04-26,775.0,0.0,16.0,0,293.41,0.0,1,0.16,0.0,SPY190426P00286000,286.0,0,0.0,0.0,,0.0,expirationDay
2019-04-29,775.0,-3.0,0.0,0,293.87,0.0,1,0.32,0.35,SPY190503P00289500,289.5,0,0.0,0.0,,0.0,normalDay
2019-04-30,775.0,10.0,0.0,0,294.02,0.0,1,0.32,0.22,SPY190503P00289500,289.5,0,0.0,0.0,,0.0,normalDay
2019-05-01,775.0,-26.0,0.0,0,291.81,0.0,1,0.32,0.58,SPY190503P00289500,289.5,0,0.0,0.0,,0.0,normalDay
2019-05-02,775.0,-3.0,0.0,0,291.18,0.0,1,0.32,0.35,SPY190503P00289500,289.5,0,0.0,0.0,,0.0,normalDay
2019-05-03,807.0,0.0,32.0,0,294.03,0.0,1,0.32,0.0,SPY190503P00289500,289.5,0,0.0,0.0,,0.0,expirationDay
2019-05-06,807.0,-4.0,0.0,0,292.82,0.0,1,1.11,1.15,SPY190510P00291000,291.0,0,0.0,0.0,,0.0,normalDay
2019-05-07,807.0,-265.0,0.0,0,287.93,0.0,1,1.11,3.76,SPY190510P00291000,291.0,0,0.0,0.0,,0.0,normalDay
2019-05-08,807.0,-263.0,0.0,0,287.53,0.0,1,1.11,3.74,SPY190510P00291000,291.0,0,0.0,0.0,,0.0,normalDay
2019-05-09,807.0,-330.0,0.0,0,286.66,0.0,1,1.11,4.41,SPY190510P00291000,291.0,0,0.0,0.0,,0.0,normalDay
2019-05-10,918.0,-290.0,111.0,100,288.1,291.0,1,1.11,0.0,SPY190510P00291000,291.0,0,0.0,0.0,,0.0,expirationDay
2019-05-13,918.0,-1020.0,0.0,100,280.86,291.0,0,0.0,0.0,,0.0,1,2.14,2.2,SPY190719C00293000,293.0,normalDay
2019-05-14,918.0,-806.0,0.0,100,283.4,291.0,0,0.0,0.0,,0.0,1,2.14,2.6,SPY190719C00293000,293.0,normalDay
2019-05-15,918.0,-673.0,0.0,100,285.06,291.0,0,0.0,0.0,,0.0,1,2.14,2.93,SPY190719C00293000,293.0,normalDay
2019-05-16,918.0,-479.0,0.0,100,287.7,291.0,0,0.0,0.0,,0.0,1,2.14,3.63,SPY190719C00293000,293.0,normalDay
2019-05-17,918.0,-596.0,0.0,100,285.84,291.0,0,0.0,0.0,,0.0,1,2.14,2.94,SPY190719C00293000,293.0,normalDay
2019-05-20,918.0,-720.0,0.0,100,283.95,291.0,0,0.0,0.0,,0.0,1,2.14,2.29,SPY190719C00293000,293.0,normalDay
2019-05-21,918.0,-513.0,0.0,100,286.51,291.0,0,0.0,0.0,,0.0,1,2.14,2.78,SPY190719C00293000,293.0,normalDay
2019-05-22,918.0,-555.0,0.0,100,285.63,291.0,0,0.0,0.0,,0.0,1,2.14,2.32,SPY190719C00293000,293.0,normalDay
2019-05-23,918.0,-831.0,0.0,100,282.14,291.0,0,0.0,0.0,,0.0,1,2.14,1.59,SPY190719C00293000,293.0,normalDay
2019-05-24,918.0,-774.0,0.0,100,282.78,291.0,0,0.0,0.0,,0.0,1,2.14,1.66,SPY190719C00293000,293.0,normalDay
2019-05-28,918.0,-986.0,0.0,100,280.15,291.0,0,0.0,0.0,,0.0,1,2.14,1.15,SPY190719C00293000,293.0,normalDay
2019-05-29,918.0,-1144.0,0.0,100,278.27,291.0,0,0.0,0.0,,0.0,1,2.14,0.85,SPY190719C00293000,293.0,normalDay
2019-05-30,918.0,-1070.0,0.0,100,279.03,291.0,0,0.0,0.0,,0.0,1,2.14,0.87,SPY190719C00293000,293.0,normalDay
2019-05-31,918.0,-1410.0,0.0,100,275.27,291.0,0,0.0,0.0,,0.0,1,2.14,0.51,SPY190719C00293000,293.0,normalDay
2019-06-03,918.0,-1472.0,0.0,100,274.57,291.0,0,0.0,0.0,,0.0,1,2.14,0.43,SPY190719C00293000,293.0,normalDay
2019-06-04,918.0,-925.0,0.0,100,280.53,291.0,0,0.0,0.0,,0.0,1,2.14,0.92,SPY190719C00293000,293.0,normalDay
2019-06-05,918.0,-716.0,0.0,100,282.96,291.0,0,0.0,0.0,,0.0,1,2.14,1.26,SPY190719C00293000,293.0,normalDay
2019-06-06,918.0,-564.0,0.0,100,284.8,291.0,0,0.0,0.0,,0.0,1,2.14,1.58,SPY190719C00293000,293.0,normalDay
2019-06-07,918.0,-372.0,0.0,100,287.65,291.0,0,0.0,0.0,,0.0,1,2.14,2.51,SPY190719C00293000,293.0,normalDay
2019-06-10,918.0,-279.0,0.0,100,288.97,291.0,0,0.0,0.0,,0.0,1,2.14,2.9,SPY190719C00293000,293.0,normalDay
2019-06-11,918.0,-277.0,0.0,100,288.9,291.0,0,0.0,0.0,,0.0,1,2.14,2.81,SPY190719C00293000,293.0,normalDay
2019-06-12,918.0,-296.0,0.0,100,288.39,291.0,0,0.0,0.0,,0.0,1,2.14,2.49,SPY190719C00293000,293.0,normalDay
2019-06-13,918.0,-223.0,0.0,100,289.58,291.0,0,0.0,0.0,,0.0,1,2.14,2.95,SPY190719C00293000,293.0,normalDay
2019-06-14,918.0,-227.0,0.0,100,289.26,291.0,0,0.0,0.0,,0.0,1,2.14,2.67,SPY190719C00293000,293.0,normalDay
2019-06-17,918.0,-199.0,0.0,100,289.37,291.0,0,0.0,0.0,,0.0,1,2.14,2.5,SPY190719C00293000,293.0,normalDay
2019-06-18,918.0,-21.0,0.0,100,292.4,291.0,0,0.0,0.0,,0.0,1,2.14,3.75,SPY190719C00293000,293.0,normalDay
2019-06-19,918.0,36.0,0.0,100,293.06,291.0,0,0.0,0.0,,0.0,1,2.14,3.84,SPY190719C00293000,293.0,normalDay
2019-06-20,918.0,158.0,0.0,100,295.86,291.0,0,0.0,0.0,,0.0,1,2.14,5.42,SPY190719C00293000,293.0,normalDay
2019-06-21,918.0,-15.0,0.0,100,294.0,291.0,0,0.0,0.0,,0.0,1,2.14,5.29,SPY190719C00293000,293.0,normalDay
2019-06-24,918.0,-10.0,0.0,100,293.64,291.0,0,0.0,0.0,,0.0,1,2.14,4.88,SPY190719C00293000,293.0,normalDay
2019-06-25,918.0,-147.0,0.0,100,290.76,291.0,0,0.0,0.0,,0.0,1,2.14,3.37,SPY190719C00293000,293.0,normalDay
2019-06-26,918.0,-139.0,0.0,100,290.47,291.0,0,0.0,0.0,,0.0,1,2.14,3.0,SPY190719C00293000,293.0,normalDay
2019-06-27,918.0,-85.0,0.0,100,291.5,291.0,0,0.0,0.0,,0.0,1,2.14,3.49,SPY190719C00293000,293.0,normalDay
2019-06-28,918.0,-26.0,0.0,100,293.0,291.0,0,0.0,0.0,,0.0,1,2.14,4.4,SPY190719C00293000,293.0,normalDay
2019-07-01,918.0,193.0,0.0,100,295.66,291.0,0,0.0,0.0,,0.0,1,2.14,4.87,SPY190719C00293000,293.0,normalDay
2019-07-02,918.0,243.0,0.0,100,296.43,291.0,0,0.0,0.0,,0.0,1,2.14,5.14,SPY190719C00293000,293.0,normalDay
2019-07-03,918.0,295.0,0.0,100,298.8,291.0,0,0.0,0.0,,0.0,1,2.14,6.99,SPY190719C00293000,293.0,normalDay
2019-07-05,918.0,347.0,0.0,100,298.46,291.0,0,0.0,0.0,,0.0,1,2.14,6.13,SPY190719C00293000,293.0,normalDay
2019-07-08,918.0,295.0,0.0,100,296.82,291.0,0,0.0,0.0,,0.0,1,2.14,5.01,SPY190719C00293000,293.0,normalDay
2019-07-09,918.0,324.0,0.0,100,297.19,291.0,0,0.0,0.0,,0.0,1,2.14,5.09,SPY190719C00293000,293.0,normalDay
2019-07-10,918.0,348.0,0.0,100,298.61,291.0,0,0.0,0.0,,0.0,1,2.14,6.27,SPY190719C00293000,293.0,normalDay
2019-07-11,918.0,363.0,0.0,100,299.31,291.0,0,0.0,0.0,,0.0,1,2.14,6.82,SPY190719C00293000,293.0,normalDay
2019-07-12,918.0,385.0,0.0,100,300.65,291.0,0,0.0,0.0,,0.0,1,2.14,7.94,SPY190719C00293000,293.0,normalDay
2019-07-15,918.0,391.0,0.0,100,300.75,291.0,0,0.0,0.0,,0.0,1,2.14,7.98,SPY190719C00293000,293.0,normalDay
2019-07-16,918.0,382.0,0.0,100,299.78,291.0,0,0.0,0.0,,0.0,1,2.14,7.1,SPY190719C00293000,293.0,normalDay
2019-07-17,918.0,387.0,0.0,100,297.74,291.0,0,0.0,0.0,,0.0,1,2.14,5.01,SPY190719C00293000,293.0,normalDay
2019-07-18,918.0,395.0,0.0,100,298.83,291.0,0,0.0,0.0,,0.0,1,2.14,6.02,SPY190719C00293000,293.0,normalDay
2019-07-19,1332.0,395.0,414.0,0,297.17,0.0,0,0.0,0.0,,0.0,1,2.14,0.0,SPY190719C00293000,293.0,expirationDay
2019-07-22,1332.0,-4.0,0.0,0,297.9,0.0,1,0.82,0.86,SPY190726P00296500,296.5,0,0.0,0.0,,0.0,normalDay
2019-07-23,1332.0,58.0,0.0,0,300.03,0.0,1,0.82,0.24,SPY190726P00296500,296.5,0,0.0,0.0,,0.0,normalDay
2019-07-24,1332.0,73.0,0.0,0,301.44,0.0,1,0.82,0.09,SPY190726P00296500,296.5,0,0.0,0.0,,0.0,normalDay
2019-07-25,1332.0,75.0,0.0,0,300.0,0.0,1,0.82,0.07,SPY190726P00296500,296.5,0,0.0,0.0,,0.0,normalDay
2019-07-26,1414.0,0.0,82.0,0,302.01,0.0,1,0.82,0.0,SPY190726P00296500,296.5,0,0.0,0.0,,0.0,expirationDay
2019-07-29,1414.0,-3.0,0.0,0,301.46,0.0,1,0.78,0.81,SPY190802P00299000,299.0,0,0.0,0.0,,0.0,normalDay
2019-07-30,1414.0,-48.0,0.0,0,300.72,0.0,1,0.78,1.26,SPY190802P00299000,299.0,0,0.0,0.0,,0.0,normalDay
2019-07-31,1414.0,-191.0,0.0,0,297.43,0.0,1,0.78,2.69,SPY190802P00299000,299.0,0,0.0,0.0,,0.0,normalDay
2019-08-01,1414.0,-339.0,0.0,0,294.84,0.0,1,0.78,4.17,SPY190802P00299000,299.0,0,0.0,0.0,,0.0,normalDay
2019-08-02,1492.0,-638.0,78.0,100,292.62,299.0,1,0.78,0.0,SPY190802P00299000,299.0,0,0.0,0.0,,0.0,expirationDay
2019-08-05,1492.0,-1525.0,0.0,100,283.82,299.0,0,0.0,0.0,,0.0,1,1.87,1.94,SPY191018C00301000,301.0,normalDay
2019-08-06,1492.0,-1166.0,0.0,100,287.8,299.0,0,0.0,0.0,,0.0,1,1.87,2.33,SPY191018C00301000,301.0,normalDay
2019-08-07,1492.0,-1140.0,0.0,100,287.97,299.0,0,0.0,0.0,,0.0,1,1.87,2.24,SPY191018C00301000,301.0,normalDay
2019-08-08,1492.0,-711.0,0.0,100,293.62,299.0,0,0.0,0.0,,0.0,1,1.87,3.6,SPY191018C00301000,301.0,normalDay
2019-08-09,1492.0,-866.0,0.0,100,291.62,299.0,0,0.0,0.0,,0.0,1,1.87,3.15,SPY191018C00301000,301.0,normalDay
2019-08-12,1492.0,-1146.0,0.0,100,288.07,299.0,0,0.0,0.0,,0.0,1,1.87,2.4,SPY191018C00301000,301.0,normalDay
2019-08-13,1492.0,-785.0,0.0,100,292.55,299.0,0,0.0,0.0,,0.0,1,1.87,3.27,SPY191018C00301000,301.0,normalDay
2019-08-14,1492.0,-1492.0,0.0,100,283.9,299.0,0,0.0,0.0,,0.0,1,1.87,1.69,SPY191018C00301000,301.0,normalDay
2019-08-15,1492.0,-1414.0,0.0,100,284.65,299.0,0,0.0,0.0,,0.0,1,1.87,1.66,SPY191018C00301000,301.0,normalDay
2019-08-16,1492.0,-1041.0,0.0,100,288.85,299.0,0,0.0,0.0,,0.0,1,1.87,2.13,SPY191018C00301000,301.0,normalDay
2019-08-19,1492.0,-740.0,0.0,100,292.33,299.0,0,0.0,0.0,,0.0,1,1.87,2.6,SPY191018C00301000,301.0,normalDay
2019-08-20,1492.0,-899.0,0.0,100,290.09,299.0,0,0.0,0.0,,0.0,1,1.87,1.95,SPY191018C00301000,301.0,normalDay
2019-08-21,1492.0,-716.0,0.0,100,292.45,299.0,0,0.0,0.0,,0.0,1,1.87,2.48,SPY191018C00301000,301.0,normalDay
2019-08-22,1492.0,-715.0,0.0,100,292.36,299.0,0,0.0,0.0,,0.0,1,1.87,2.38,SPY191018C00301000,301.0,normalDay
2019-08-23,1492.0,-1346.0,0.0,100,284.85,299.0,0,0.0,0.0,,0.0,1,1.87,1.18,SPY191018C00301000,301.0,normalDay
2019-08-26,1492.0,-1067.0,0.0,100,288.0,299.0,0,0.0,0.0,,0.0,1,1.87,1.54,SPY191018C00301000,301.0,normalDay
2019-08-27,1492.0,-1158.0,0.0,100,286.87,299.0,0,0.0,0.0,,0.0,1,1.87,1.32,SPY191018C00301000,301.0,normalDay
2019-08-28,1492.0,-986.0,0.0,100,288.89,299.0,0,0.0,0.0,,0.0,1,1.87,1.62,SPY191018C00301000,301.0,normalDay
2019-08-29,1492.0,-686.0,0.0,100,292.58,299.0,0,0.0,0.0,,0.0,1,1.87,2.31,SPY191018C00301000,301.0,normalDay
2019-08-30,1492.0,-697.0,0.0,100,292.45,299.0,0,0.0,0.0,,0.0,1,1.87,2.29,SPY191018C00301000,301.0,normalDay
2019-09-03,1492.0,-806.0,0.0,100,290.74,299.0,0,0.0,0.0,,0.0,1,1.87,1.67,SPY191018C00301000,301.0,normalDay
2019-09-04,1492.0,-528.0,0.0,100,294.04,299.0,0,0.0,0.0,,0.0,1,1.87,2.19,SPY191018C00301000,301.0,normalDay
2019-09-05,1492.0,-257.0,0.0,100,297.82,299.0,0,0.0,0.0,,0.0,1,1.87,3.26,SPY191018C00301000,301.0,normalDay
2019-09-06,1492.0,-232.0,0.0,100,298.05,299.0,0,0.0,0.0,,0.0,1,1.87,3.24,SPY191018C00301000,301.0,normalDay
2019-09-09,1492.0,-191.0,0.0,100,298.2,299.0,0,0.0,0.0,,0.0,1,1.87,2.98,SPY191018C00301000,301.0,normalDay
2019-09-10,1492.0,-184.0,0.0,100,298.13,299.0,0,0.0,0.0,,0.0,1,1.87,2.84,SPY191018C00301000,301.0,normalDay
2019-09-11,1492.0,-73.0,0.0,100,300.25,299.0,0,0.0,0.0,,0.0,1,1.87,3.85,SPY191018C00301000,301.0,normalDay
2019-09-12,1492.0,-16.0,0.0,100,301.29,299.0,0,0.0,0.0,,0.0,1,1.87,4.32,SPY191018C00301000,301.0,normalDay
2019-09-13,1492.0,4.0,0.0,100,301.09,299.0,0,0.0,0.0,,0.0,1,1.87,3.92,SPY191018C00301000,301.0,normalDay
2019-09-16,1492.0,-50.0,0.0,100,300.16,299.0,0,0.0,0.0,,0.0,1,1.87,3.53,SPY191018C00301000,301.0,normalDay
2019-09-17,1492.0,6.0,0.0,100,300.92,299.0,0,0.0,0.0,,0.0,1,1.87,3.73,SPY191018C00301000,301.0,normalDay
2019-09-18,1492.0,27.0,0.0,100,301.1,299.0,0,0.0,0.0,,0.0,1,1.87,3.7,SPY191018C00301000,301.0,normalDay
2019-09-19,1492.0,47.0,0.0,100,301.08,299.0,0,0.0,0.0,,0.0,1,1.87,3.48,SPY191018C00301000,301.0,normalDay
2019-09-20,1492.0,-181.0,0.0,100,298.28,299.0,0,0.0,0.0,,0.0,1,1.87,2.96,SPY191018C00301000,301.0,normalDay
2019-09-23,1492.0,-160.0,0.0,100,298.21,299.0,0,0.0,0.0,,0.0,1,1.87,2.68,SPY191018C00301000,301.0,normalDay
2019-09-24,1492.0,-332.0,0.0,100,295.87,299.0,0,0.0,0.0,,0.0,1,1.87,2.06,SPY191018C00301000,301.0,normalDay
2019-09-25,1492.0,-179.0,0.0,100,297.62,299.0,0,0.0,0.0,,0.0,1,1.87,2.28,SPY191018C00301000,301.0,normalDay
2019-09-26,1492.0,-213.0,0.0,100,297.0,299.0,0,0.0,0.0,,0.0,1,1.87,2.0,SPY191018C00301000,301.0,normalDay
2019-09-27,1492.0,-326.0,0.0,100,295.4,299.0,0,0.0,0.0,,0.0,1,1.87,1.53,SPY191018C00301000,301.0,normalDay
2019-09-30,1492.0,-207.0,0.0,100,296.77,299.0,0,0.0,0.0,,0.0,1,1.87,1.71,SPY191018C00301000,301.0,normalDay
2019-10-01,1492.0,-469.0,0.0,100,293.24,299.0,0,0.0,0.0,,0.0,1,1.87,0.8,SPY191018C00301000,301.0,normalDay
2019-10-02,1492.0,-932.0,0.0,100,288.06,299.0,0,0.0,0.0,,0.0,1,1.87,0.25,SPY191018C00301000,301.0,normalDay
2019-10-03,1492.0,-702.0,0.0,100,290.42,299.0,0,0.0,0.0,,0.0,1,1.87,0.31,SPY191018C00301000,301.0,normalDay
2019-10-04,1492.0,-342.0,0.0,100,294.35,299.0,0,0.0,0.0,,0.0,1,1.87,0.64,SPY191018C00301000,301.0,normalDay
2019-10-07,1492.0,-440.0,0.0,100,293.08,299.0,0,0.0,0.0,,0.0,1,1.87,0.35,SPY191018C00301000,301.0,normalDay
2019-10-08,1492.0,-872.0,0.0,100,288.53,299.0,0,0.0,0.0,,0.0,1,1.87,0.12,SPY191018C00301000,301.0,normalDay
2019-10-09,1492.0,-602.0,0.0,100,291.27,299.0,0,0.0,0.0,,0.0,1,1.87,0.16,SPY191018C00301000,301.0,normalDay
2019-10-10,1492.0,-423.0,0.0,100,293.24,299.0,0,0.0,0.0,,0.0,1,1.87,0.34,SPY191018C00301000,301.0,normalDay
2019-10-11,1492.0,-144.0,0.0,100,296.28,299.0,0,0.0,0.0,,0.0,1,1.87,0.59,SPY191018C00301000,301.0,normalDay
2019-10-14,1492.0,-131.0,0.0,100,295.95,299.0,0,0.0,0.0,,0.0,1,1.87,0.13,SPY191018C00301000,301.0,normalDay
2019-10-15,1492.0,126.0,0.0,100,298.88,299.0,0,0.0,0.0,,0.0,1,1.87,0.49,SPY191018C00301000,301.0,normalDay
2019-10-16,1492.0,105.0,0.0,100,298.4,299.0,0,0.0,0.0,,0.0,1,1.87,0.22,SPY191018C00301000,301.0,normalDay
2019-10-17,1492.0,203.0,0.0,100,299.28,299.0,0,0.0,0.0,,0.0,1,1.87,0.12,SPY191018C00301000,301.0,normalDay
2019-10-18,1679.0,-103.0,187.0,100,297.97,299.0,0,0.0,0.0,,0.0,1,1.87,0.0,SPY191018C00301000,301.0,expirationDay
2019-10-21,1679.0,91.0,0.0,100,299.99,299.0,0,0.0,0.0,,0.0,1,8.37,8.45,SPY191231C00298000,298.0,normalDay
2019-10-22,1679.0,64.0,0.0,100,299.01,299.0,0,0.0,0.0,,0.0,1,8.37,7.74,SPY191231C00298000,298.0,normalDay
2019-10-23,1679.0,97.0,0.0,100,299.88,299.0,0,0.0,0.0,,0.0,1,8.37,8.28,SPY191231C00298000,298.0,normalDay
2019-10-24,1679.0,150.0,0.0,100,300.37,299.0,0,0.0,0.0,,0.0,1,8.37,8.24,SPY191231C00298000,298.0,normalDay
2019-10-25,1679.0,214.0,0.0,100,301.6,299.0,0,0.0,0.0,,0.0,1,8.37,8.83,SPY191231C00298000,298.0,normalDay
2019-10-28,1679.0,266.0,0.0,100,303.3,299.0,0,0.0,0.0,,0.0,1,8.37,10.01,SPY191231C00298000,298.0,normalDay
2019-10-29,1679.0,269.0,0.0,100,303.21,299.0,0,0.0,0.0,,0.0,1,8.37,9.89,SPY191231C00298000,298.0,normalDay
2019-10-30,1679.0,288.0,0.0,100,304.14,299.0,0,0.0,0.0,,0.0,1,8.37,10.63,SPY191231C00298000,298.0,normalDay
2019-10-31,1679.0,287.0,0.0,100,303.33,299.0,0,0.0,0.0,,0.0,1,8.37,9.83,SPY191231C00298000,298.0,normalDay
2019-11-01,1679.0,387.0,0.0,100,306.14,299.0,0,0.0,0.0,,0.0,1,8.37,11.64,SPY191231C00298000,298.0,normalDay
2019-11-04,1679.0,417.0,0.0,100,307.37,299.0,0,0.0,0.0,,0.0,1,8.37,12.57,SPY191231C00298000,298.0,normalDay
2019-11-05,1679.0,407.0,0.0,100,307.03,299.0,0,0.0,0.0,,0.0,1,8.37,12.33,SPY191231C00298000,298.0,normalDay
2019-11-06,1679.0,398.0,0.0,100,307.1,299.0,0,0.0,0.0,,0.0,1,8.37,12.49,SPY191231C00298000,298.0,normalDay
2019-11-07,1679.0,437.0,0.0,100,308.18,299.0,0,0.0,0.0,,0.0,1,8.37,13.18,SPY191231C00298000,298.0,normalDay
2019-11-08,1679.0,465.0,0.0,100,308.94,299.0,0,0.0,0.0,,0.0,1,8.37,13.66,SPY191231C00298000,298.0,normalDay
2019-11-11,1679.0,456.0,0.0,100,308.35,299.0,0,0.0,0.0,,0.0,1,8.37,13.16,SPY191231C00298000,298.0,normalDay
2019-11-12,1679.0,504.0,0.0,100,309.0,299.0,0,0.0,0.0,,0.0,1,8.37,13.33,SPY191231C00298000,298.0,normalDay
2019-11-13,1679.0,488.0,0.0,100,309.1,299.0,0,0.0,0.0,,0.0,1,8.37,13.59,SPY191231C00298000,298.0,normalDay
2019-11-14,1679.0,497.0,0.0,100,309.55,299.0,0,0.0,0.0,,0.0,1,8.37,13.95,SPY191231C00298000,298.0,normalDay
2019-11-15,1679.0,565.0,0.0,100,311.79,299.0,0,0.0,0.0,,0.0,1,8.37,15.51,SPY191231C00298000,298.0,normalDay
2019-11-18,1679.0,568.0,0.0,100,312.02,299.0,0,0.0,0.0,,0.0,1,8.37,15.71,SPY191231C00298000,298.0,normalDay
2019-11-19,1679.0,580.0,0.0,100,311.93,299.0,0,0.0,0.0,,0.0,1,8.37,15.5,SPY191231C00298000,298.0,normalDay
2019-11-20,1679.0,564.0,0.0,100,310.77,299.0,0,0.0,0.0,,0.0,1,8.37,14.5,SPY191231C00298000,298.0,normalDay
2019-11-21,1679.0,547.0,0.0,100,310.27,299.0,0,0.0,0.0,,0.0,1,8.37,14.17,SPY191231C00298000,298.0,normalDay
2019-11-22,1679.0,568.0,0.0,100,310.96,299.0,0,0.0,0.0,,0.0,1,8.37,14.65,SPY191231C00298000,298.0,normalDay
2019-11-25,1679.0,635.0,0.0,100,313.37,299.0,0,0.0,0.0,,0.0,1,8.37,16.39,SPY191231C00298000,298.0,normalDay
2019-11-26,1679.0,625.0,0.0,100,314.08,299.0,0,0.0,0.0,,0.0,1,8.37,17.2,SPY191231C00298000,298.0,normalDay
2019-11-27,1679.0,646.0,0.0,100,315.48,299.0,0,0.0,0.0,,0.0,1,8.37,18.39,SPY191231C00298000,298.0,normalDay
2019-11-29,1679.0,601.0,0.0,100,314.31,299.0,0,0.0,0.0,,0.0,1,8.37,17.67,SPY191231C00298000,298.0,normalDay
2019-12-02,1679.0,599.0,0.0,100,311.64,299.0,0,0.0,0.0,,0.0,1,8.37,15.02,SPY191231C00298000,298.0,normalDay
2019-12-03,1679.0,573.0,0.0,100,309.55,299.0,0,0.0,0.0,,0.0,1,8.37,13.19,SPY191231C00298000,298.0,normalDay
2019-12-04,1679.0,637.0,0.0,100,311.46,299.0,0,0.0,0.0,,0.0,1,8.37,14.46,SPY191231C00298000,298.0,normalDay
2019-12-05,1679.0,629.0,0.0,100,312.02,299.0,0,0.0,0.0,,0.0,1,8.37,15.1,SPY191231C00298000,298.0,normalDay
2019-12-06,1679.0,674.0,0.0,100,314.87,299.0,0,0.0,0.0,,0.0,1,8.37,17.5,SPY191231C00298000,298.0,normalDay
2019-12-09,1679.0,669.0,0.0,100,313.88,299.0,0,0.0,0.0,,0.0,1,8.37,16.56,SPY191231C00298000,298.0,normalDay
2019-12-10,1679.0,638.0,0.0,100,313.53,299.0,0,0.0,0.0,,0.0,1,8.37,16.52,SPY191231C00298000,298.0,normalDay
2019-12-11,1679.0,658.0,0.0,100,314.42,299.0,0,0.0,0.0,,0.0,1,8.37,17.21,SPY191231C00298000,298.0,normalDay
2019-12-12,1679.0,699.0,0.0,100,317.13,299.0,0,0.0,0.0,,0.0,1,8.37,19.51,SPY191231C00298000,298.0,normalDay
2019-12-13,1679.0,702.0,0.0,100,317.32,299.0,0,0.0,0.0,,0.0,1,8.37,19.67,SPY191231C00298000,298.0,normalDay
2019-12-16,1679.0,693.0,0.0,100,319.5,299.0,0,0.0,0.0,,0.0,1,8.37,21.94,SPY191231C00298000,298.0,normalDay
2019-12-17,1679.0,724.0,0.0,100,319.57,299.0,0,0.0,0.0,,0.0,1,8.37,21.7,SPY191231C00298000,298.0,normalDay
2019-12-18,1679.0,716.0,0.0,100,319.59,299.0,0,0.0,0.0,,0.0,1,8.37,21.8,SPY191231C00298000,298.0,normalDay
2019-12-19,1679.0,701.0,0.0,100,320.9,299.0,0,0.0,0.0,,0.0,1,8.37,23.26,SPY191231C00298000,298.0,normalDay
2019-12-20,1679.0,647.0,0.0,100,320.73,299.0,0,0.0,0.0,,0.0,1,8.37,23.63,SPY191231C00298000,298.0,normalDay
2019-12-23,1679.0,700.0,0.0,100,321.22,299.0,0,0.0,0.0,,0.0,1,8.37,23.59,SPY191231C00298000,298.0,normalDay
2019-12-24,1679.0,696.0,0.0,100,321.23,299.0,0,0.0,0.0,,0.0,1,8.37,23.64,SPY191231C00298000,298.0,normalDay
2019-12-26,1679.0,709.0,0.0,100,322.94,299.0,0,0.0,0.0,,0.0,1,8.37,25.22,SPY191231C00298000,298.0,normalDay
2019-12-27,1679.0,736.0,0.0,100,322.86,299.0,0,0.0,0.0,,0.0,1,8.37,24.87,SPY191231C00298000,298.0,normalDay
2019-12-30,1679.0,709.0,0.0,100,321.08,299.0,0,0.0,0.0,,0.0,1,8.37,23.36,SPY191231C00298000,298.0,normalDay
2019-12-31,2416.0,709.0,737.0,0,321.86,0.0,0,0.0,0.0,,0.0,1,8.37,0.0,SPY191231C00298000,298.0,expirationDay
2020-01-02,2416.0,-3.0,0.0,0,324.87,0.0,1,0.15,0.18,SPY200108P00318000,318.0,0,0.0,0.0,,0.0,normalDay
2020-01-03,2416.0,-30.0,0.0,0,322.41,0.0,1,0.15,0.45,SPY200108P00318000,318.0,0,0.0,0.0,,0.0,normalDay
2020-01-06,2416.0,7.0,0.0,0,323.64,0.0,1,0.15,0.08,SPY200108P00318000,318.0,0,0.0,0.0,,0.0,normalDay
2020-01-07,2416.0,11.0,0.0,0,322.73,0.0,1,0.15,0.04,SPY200108P00318000,318.0,0,0.0,0.0,,0.0,normalDay
2020-01-08,2431.0,0.0,15.0,0,324.45,0.0,1,0.15,0.0,SPY200108P00318000,318.0,0,0.0,0.0,,0.0,expirationDay
2020-01-09,2431.0,-3.0,0.0,0,326.65,0.0,1,0.27,0.3,SPY200115P00321000,321.0,0,0.0,0.0,,0.0,normalDay
2020-01-10,2431.0,0.0,0.0,0,325.71,0.0,1,0.27,0.27,SPY200115P00321000,321.0,0,0.0,0.0,,0.0,normalDay
2020-01-13,2431.0,22.0,0.0,0,327.95,0.0,1,0.27,0.05,SPY200115P00321000,321.0,0,0.0,0.0,,0.0,normalDay
2020-01-14,2431.0,24.0,0.0,0,327.45,0.0,1,0.27,0.03,SPY200115P00321000,321.0,0,0.0,0.0,,0.0,normalDay
2020-01-15,2458.0,0.0,27.0,0,328.19,0.0,1,0.27,0.0,SPY200115P00321000,321.0,0,0.0,0.0,,0.0,expirationDay
2020-01-16,2458.0,-3.0,0.0,0,330.92,0.0,1,0.12,0.15,SPY200122P00324000,324.0,0,0.0,0.0,,0.0,normalDay
2020-01-17,2458.0,7.0,0.0,0,331.95,0.0,1,0.12,0.05,SPY200122P00324000,324.0,0,0.0,0.0,,0.0,normalDay
2020-01-21,2458.0,9.0,0.0,0,331.3,0.0,1,0.12,0.03,SPY200122P00324000,324.0,0,0.0,0.0,,0.0,normalDay
2020-01-22,2470.0,0.0,12.0,0,331.34,0.0,1,0.12,0.0,SPY200122P00324000,324.0,0,0.0,0.0,,0.0,expirationDay
2020-01-23,2470.0,-3.0,0.0,0,331.72,0.0,1,0.3,0.33,SPY200129P00326000,326.0,0,0.0,0.0,,0.0,normalDay
2020-01-24,2470.0,-73.0,0.0,0,328.77,0.0,1,0.3,1.03,SPY200129P00326000,326.0,0,0.0,0.0,,0.0,normalDay
2020-01-27,2470.0,-322.0,0.0,0,323.5,0.0,1,0.3,3.52,SPY200129P00326000,326.0,0,0.0,0.0,,0.0,normalDay
2020-01-28,2470.0,-57.0,0.0,0,326.89,0.0,1,0.3,0.87,SPY200129P00326000,326.0,0,0.0,0.0,,0.0,normalDay
2020-01-29,2500.0,0.0,30.0,0,326.62,0.0,1,0.3,0.0,SPY200129P00326000,326.0,0,0.0,0.0,,0.0,expirationDay
2020-01-30,2500.0,-5.0,0.0,0,327.68,0.0,1,1.83,1.88,SPY200205P00327000,327.0,0,0.0,0.0,,0.0,normalDay
2020-01-31,2500.0,-394.0,0.0,0,321.73,0.0,1,1.83,5.77,SPY200205P00327000,327.0,0,0.0,0.0,,0.0,normalDay
2020-02-03,2500.0,-195.0,0.0,0,324.12,0.0,1,1.83,3.78,SPY200205P00327000,327.0,0,0.0,0.0,,0.0,normalDay
2020-02-04,2500.0,136.0,0.0,0,329.06,0.0,1,1.83,0.47,SPY200205P00327000,327.0,0,0.0,0.0,,0.0,normalDay
2020-02-05,2683.0,0.0,183.0,0,332.86,0.0,1,1.83,0.0,SPY200205P00327000,327.0,0,0.0,0.0,,0.0,expirationDay
2020-02-06,2683.0,-4.0,0.0,0,333.98,0.0,1,0.46,0.5,SPY200212P00328000,328.0,0,0.0,0.0,,0.0,normalDay
2020-02-07,2683.0,-22.0,0.0,0,332.2,0.0,1,0.46,0.68,SPY200212P00328000,328.0,0,0.0,0.0,,0.0,normalDay
2020-02-10,2683.0,35.0,0.0,0,334.68,0.0,1,0.46,0.11,SPY200212P00328000,328.0,0,0.0,0.0,,0.0,normalDay
2020-02-11,2683.0,43.0,0.0,0,335.26,0.0,1,0.46,0.03,SPY200212P00328000,328.0,0,0.0,0.0,,0.0,normalDay
2020-02-12,2729.0,0.0,46.0,0,337.42,0.0,1,0.46,0.0,SPY200212P00328000,328.0,0,0.0,0.0,,0.0,expirationDay
2020-02-13,2729.0,-3.0,0.0,0,337.06,0.0,1,0.28,0.31,SPY200219P00330000,330.0,0,0.0,0.0,,0.0,normalDay
2020-02-14,2729.0,13.0,0.0,0,337.6,0.0,1,0.28,0.15,SPY200219P00330000,330.0,0,0.0,0.0,,0.0,normalDay
2020-02-18,2729.0,24.0,0.0,0,336.73,0.0,1,0.28,0.04,SPY200219P00330000,330.0,0,0.0,0.0,,0.0,normalDay
2020-02-19,2757.0,0.0,28.0,0,338.34,0.0,1,0.28,0.0,SPY200219P00330000,330.0,0,0.0,0.0,,0.0,expirationDay
2020-02-20,2757.0,-3.0,0.0,0,336.95,0.0,1,0.46,0.49,SPY200226P00331000,331.0,0,0.0,0.0,,0.0,normalDay
2020-02-21,2757.0,-71.0,0.0,0,333.48,0.0,1,0.46,1.17,SPY200226P00331000,331.0,0,0.0,0.0,,0.0,normalDay
2020-02-24,2757.0,-891.0,0.0,0,322.42,0.0,1,0.46,9.37,SPY200226P00331000,331.0,0,0.0,0.0,,0.0,normalDay
2020-02-25,2757.0,-1751.0,0.0,0,312.65,0.0,1,0.46,17.97,SPY200226P00331000,331.0,0,0.0,0.0,,0.0,normalDay
2020-02-26,2803.0,-1950.0,46.0,100,311.5,331.0,1,0.46,0.0,SPY200226P00331000,331.0,0,0.0,0.0,,0.0,expirationDay
2020-02-27,2803.0,-3360.0,0.0,100,297.51,331.0,0,0.0,0.0,,0.0,1,0.63,0.74,SPY200515C00337000,337.0,normalDay
2020-02-28,2803.0,-3482.0,0.0,100,296.26,331.0,0,0.0,0.0,,0.0,1,0.63,0.71,SPY200515C00337000,337.0,normalDay
2020-03-02,2803.0,-2263.0,0.0,100,309.09,331.0,0,0.0,0.0,,0.0,1,0.63,1.35,SPY200515C00337000,337.0,normalDay
2020-03-03,2803.0,-3107.0,0.0,100,300.24,331.0,0,0.0,0.0,,0.0,1,0.63,0.94,SPY200515C00337000,337.0,normalDay
2020-03-04,2803.0,-1962.0,0.0,100,312.86,331.0,0,0.0,0.0,,0.0,1,0.63,2.11,SPY200515C00337000,337.0,normalDay
2020-03-05,2803.0,-2925.0,0.0,100,302.46,331.0,0,0.0,0.0,,0.0,1,0.63,1.34,SPY200515C00337000,337.0,normalDay
2020-03-06,2803.0,-3408.0,0.0,100,297.46,331.0,0,0.0,0.0,,0.0,1,0.63,1.17,SPY200515C00337000,337.0,normalDay
2020-03-09,2803.0,-5682.0,0.0,100,274.23,331.0,0,0.0,0.0,,0.0,1,0.63,0.68,SPY200515C00337000,337.0,normalDay
2020-03-10,2803.0,-4278.0,0.0,100,288.42,331.0,0,0.0,0.0,,0.0,1,0.63,0.83,SPY200515C00337000,337.0,normalDay
2020-03-11,2803.0,-5651.0,0.0,100,274.36,331.0,0,0.0,0.0,,0.0,1,0.63,0.5,SPY200515C00337000,337.0,normalDay
2020-03-12,2803.0,-8256.0,0.0,100,248.11,331.0,0,0.0,0.0,,0.0,1,0.63,0.3,SPY200515C00337000,337.0,normalDay
2020-03-13,2803.0,-6144.0,0.0,100,269.32,331.0,0,0.0,0.0,,0.0,1,0.63,0.39,SPY200515C00337000,337.0,normalDay
2020-03-16,2803.0,-9083.0,0.0,100,239.85,331.0,0,0.0,0.0,,0.0,1,0.63,0.31,SPY200515C00337000,337.0,normalDay
2020-03-17,2803.0,-7797.0,0.0,100,252.8,331.0,0,0.0,0.0,,0.0,1,0.63,0.4,SPY200515C00337000,337.0,normalDay
2020-03-18,2803.0,-9065.0,0.0,100,240.0,331.0,0,0.0,0.0,,0.0,1,0.63,0.28,SPY200515C00337000,337.0,normalDay
2020-03-19,2803.0,-9004.0,0.0,100,240.51,331.0,0,0.0,0.0,,0.0,1,0.63,0.18,SPY200515C00337000,337.0,normalDay
2020-03-20,2803.0,-10168.0,0.0,100,228.8,331.0,0,0.0,0.0,,0.0,1,0.63,0.11,SPY200515C00337000,337.0,normalDay
2020-03-23,2803.0,-10755.0,0.0,100,222.95,331.0,0,0.0,0.0,,0.0,1,0.63,0.13,SPY200515C00337000,337.0,normalDay
2020-03-24,2803.0,-8749.0,0.0,100,243.15,331.0,0,0.0,0.0,,0.0,1,0.63,0.27,SPY200515C00337000,337.0,normalDay
2020-03-25,2803.0,-8380.0,0.0,100,246.79,331.0,0,0.0,0.0,,0.0,1,0.63,0.22,SPY200515C00337000,337.0,normalDay
2020-03-26,2803.0,-6944.0,0.0,100,261.2,331.0,0,0.0,0.0,,0.0,1,0.63,0.27,SPY200515C00337000,337.0,normalDay
2020-03-27,2803.0,-7711.0,0.0,100,253.42,331.0,0,0.0,0.0,,0.0,1,0.63,0.16,SPY200515C00337000,337.0,normalDay
2020-03-30,2803.0,-6889.0,0.0,100,261.65,331.0,0,0.0,0.0,,0.0,1,0.63,0.17,SPY200515C00337000,337.0,normalDay
2020-03-31,2803.0,-7270.0,0.0,100,257.75,331.0,0,0.0,0.0,,0.0,1,0.63,0.08,SPY200515C00337000,337.0,normalDay
2020-04-01,2803.0,-8428.0,0.0,100,246.15,331.0,0,0.0,0.0,,0.0,1,0.63,0.06,SPY200515C00337000,337.0,normalDay
2020-04-02,2803.0,-7860.0,0.0,100,251.83,331.0,0,0.0,0.0,,0.0,1,0.63,0.06,SPY200515C00337000,337.0,normalDay
2020-04-03,2803.0,-8223.0,0.0,100,248.19,331.0,0,0.0,0.0,,0.0,1,0.63,0.05,SPY200515C00337000,337.0,normalDay
2020-04-06,2803.0,-6557.0,0.0,100,264.86,331.0,0,0.0,0.0,,0.0,1,0.63,0.06,SPY200515C00337000,337.0,normalDay
2020-04-07,2803.0,-6531.0,0.0,100,265.13,331.0,0,0.0,0.0,,0.0,1,0.63,0.07,SPY200515C00337000,337.0,normalDay
2020-04-08,2803.0,-5644.0,0.0,100,274.03,331.0,0,0.0,0.0,,0.0,1,0.63,0.1,SPY200515C00337000,337.0,normalDay
2020-04-09,2803.0,-5230.0,0.0,100,278.2,331.0,0,0.0,0.0,,0.0,1,0.63,0.13,SPY200515C00337000,337.0,normalDay
2020-04-13,2803.0,-5478.0,0.0,100,275.66,331.0,0,0.0,0.0,,0.0,1,0.63,0.07,SPY200515C00337000,337.0,normalDay
2020-04-14,2803.0,-4669.0,0.0,100,283.79,331.0,0,0.0,0.0,,0.0,1,0.63,0.11,SPY200515C00337000,337.0,normalDay
2020-04-15,2803.0,-5268.0,0.0,100,277.76,331.0,0,0.0,0.0,,0.0,1,0.63,0.07,SPY200515C00337000,337.0,normalDay
2020-04-16,2803.0,-5133.0,0.0,100,279.1,331.0,0,0.0,0.0,,0.0,1,0.63,0.06,SPY200515C00337000,337.0,normalDay
2020-04-17,2803.0,-4381.0,0.0,100,286.64,331.0,0,0.0,0.0,,0.0,1,0.63,0.08,SPY200515C00337000,337.0,normalDay
2020-04-20,2803.0,-4884.0,0.0,100,281.59,331.0,0,0.0,0.0,,0.0,1,0.63,0.06,SPY200515C00337000,337.0,normalDay
2020-04-21,2803.0,-5737.0,0.0,100,273.04,331.0,0,0.0,0.0,,0.0,1,0.63,0.04,SPY200515C00337000,337.0,normalDay
2020-04-22,2803.0,-5130.0,0.0,100,279.1,331.0,0,0.0,0.0,,0.0,1,0.63,0.03,SPY200515C00337000,337.0,normalDay
2020-04-23,2803.0,-5132.0,0.0,100,279.08,331.0,0,0.0,0.0,,0.0,1,0.63,0.03,SPY200515C00337000,337.0,normalDay
2020-04-24,2803.0,-4742.0,0.0,100,282.97,331.0,0,0.0,0.0,,0.0,1,0.63,0.02,SPY200515C00337000,337.0,normalDay
2020-04-27,2803.0,-4334.0,0.0,100,287.05,331.0,0,0.0,0.0,,0.0,1,0.63,0.02,SPY200515C00337000,337.0,normalDay
2020-04-28,2803.0,-4467.0,0.0,100,285.73,331.0,0,0.0,0.0,,0.0,1,0.63,0.03,SPY200515C00337000,337.0,normalDay
2020-04-29,2803.0,-3720.0,0.0,100,293.21,331.0,0,0.0,0.0,,0.0,1,0.63,0.04,SPY200515C00337000,337.0,normalDay
2020-04-30,2803.0,-3993.0,0.0,100,290.48,331.0,0,0.0,0.0,,0.0,1,0.63,0.04,SPY200515C00337000,337.0,normalDay
2020-05-01,2803.0,-4759.0,0.0,100,282.79,331.0,0,0.0,0.0,,0.0,1,0.63,0.01,SPY200515C00337000,337.0,normalDay
2020-05-04,2803.0,-4681.0,0.0,100,283.57,331.0,0,0.0,0.0,,0.0,1,0.63,0.01,SPY200515C00337000,337.0,normalDay
2020-05-05,2803.0,-4419.0,0.0,100,286.19,331.0,0,0.0,0.0,,0.0,1,0.63,0.01,SPY200515C00337000,337.0,normalDay
2020-05-06,2803.0,-4613.0,0.0,100,284.25,331.0,0,0.0,0.0,,0.0,1,0.63,0.01,SPY200515C00337000,337.0,normalDay
2020-05-07,2803.0,-4270.0,0.0,100,287.68,331.0,0,0.0,0.0,,0.0,1,0.63,0.01,SPY200515C00337000,337.0,normalDay
2020-05-08,2803.0,-3794.0,0.0,100,292.44,331.0,0,0.0,0.0,,0.0,1,0.63,0.01,SPY200515C00337000,337.0,normalDay
2020-05-11,2803.0,-3788.0,0.0,100,292.5,331.0,0,0.0,0.0,,0.0,1,0.63,0.01,SPY200515C00337000,337.0,normalDay
2020-05-12,2803.0,-4371.0,0.0,100,286.67,331.0,0,0.0,0.0,,0.0,1,0.63,0.01,SPY200515C00337000,337.0,normalDay
2020-05-13,2803.0,-4878.0,0.0,100,281.6,331.0,0,0.0,0.0,,0.0,1,0.63,0.01,SPY200515C00337000,337.0,normalDay
2020-05-14,2803.0,-4541.0,0.0,100,284.97,331.0,0,0.0,0.0,,0.0,1,0.63,0.01,SPY200515C00337000,337.0,normalDay
2020-05-15,2866.0,-4472.0,63.0,100,286.28,331.0,0,0.0,0.0,,0.0,1,0.63,0.0,SPY200515C00337000,337.0,expirationDay
2020-05-18,2866.0,-3610.0,0.0,100,295.0,331.0,0,0.0,0.0,,0.0,1,14.33,14.43,SPY200717C00290000,290.0,normalDay
2020-05-19,2866.0,-3769.0,0.0,100,291.97,331.0,0,0.0,0.0,,0.0,1,14.33,12.99,SPY200717C00290000,290.0,normalDay
2020-05-20,2866.0,-3538.0,0.0,100,296.93,331.0,0,0.0,0.0,,0.0,1,14.33,15.64,SPY200717C00290000,290.0,normalDay
2020-05-21,2866.0,-3602.0,0.0,100,294.88,331.0,0,0.0,0.0,,0.0,1,14.33,14.23,SPY200717C00290000,290.0,normalDay
2020-05-22,2866.0,-3577.0,0.0,100,295.44,331.0,0,0.0,0.0,,0.0,1,14.33,14.54,SPY200717C00290000,290.0,normalDay
2020-05-26,2866.0,-3402.0,0.0,100,299.08,331.0,0,0.0,0.0,,0.0,1,14.33,16.43,SPY200717C00290000,290.0,normalDay
2020-05-27,2866.0,-3249.0,0.0,100,303.53,331.0,0,0.0,0.0,,0.0,1,14.33,19.35,SPY200717C00290000,290.0,normalDay
2020-05-28,2866.0,-3340.0,0.0,100,302.97,331.0,0,0.0,0.0,,0.0,1,14.33,19.7,SPY200717C00290000,290.0,normalDay
2020-05-29,2866.0,-3265.0,0.0,100,304.32,331.0,0,0.0,0.0,,0.0,1,14.33,20.3,SPY200717C00290000,290.0,normalDay
2020-06-01,2866.0,-3157.0,0.0,100,305.55,331.0,0,0.0,0.0,,0.0,1,14.33,20.45,SPY200717C00290000,290.0,normalDay
2020-06-02,2866.0,-3054.0,0.0,100,308.08,331.0,0,0.0,0.0,,0.0,1,14.33,21.95,SPY200717C00290000,290.0,normalDay
2020-06-03,2866.0,-2962.0,0.0,100,312.18,331.0,0,0.0,0.0,,0.0,1,14.33,25.13,SPY200717C00290000,290.0,normalDay
2020-06-04,2866.0,-2972.0,0.0,100,311.36,331.0,0,0.0,0.0,,0.0,1,14.33,24.41,SPY200717C00290000,290.0,normalDay
2020-06-05,2866.0,-2845.0,0.0,100,319.34,331.0,0,0.0,0.0,,0.0,1,14.33,31.12,SPY200717C00290000,290.0,normalDay
2020-06-08,2866.0,-2770.0,0.0,100,323.2,331.0,0,0.0,0.0,,0.0,1,14.33,34.23,SPY200717C00290000,290.0,normalDay
2020-06-09,2866.0,-2919.0,0.0,100,320.79,331.0,0,0.0,0.0,,0.0,1,14.33,33.31,SPY200717C00290000,290.0,normalDay
2020-06-10,2866.0,-2836.0,0.0,100,319.0,331.0,0,0.0,0.0,,0.0,1,14.33,30.69,SPY200717C00290000,290.0,normalDay
2020-06-11,2866.0,-3541.0,0.0,100,300.61,331.0,0,0.0,0.0,,0.0,1,14.33,19.35,SPY200717C00290000,290.0,normalDay
2020-06-12,2866.0,-3244.0,0.0,100,304.21,331.0,0,0.0,0.0,,0.0,1,14.33,19.98,SPY200717C00290000,290.0,normalDay
2020-06-15,2866.0,-3148.0,0.0,100,307.05,331.0,0,0.0,0.0,,0.0,1,14.33,21.86,SPY200717C00290000,290.0,normalDay
2020-06-16,2866.0,-2994.0,0.0,100,312.96,331.0,0,0.0,0.0,,0.0,1,14.33,26.23,SPY200717C00290000,290.0,normalDay
2020-06-17,2866.0,-3030.0,0.0,100,311.66,331.0,0,0.0,0.0,,0.0,1,14.33,25.29,SPY200717C00290000,290.0,normalDay
2020-06-18,2866.0,-2956.0,0.0,100,311.78,331.0,0,0.0,0.0,,0.0,1,14.33,24.67,SPY200717C00290000,290.0,normalDay
2020-06-19,2866.0,-3029.0,0.0,100,308.64,331.0,0,0.0,0.0,,0.0,1,14.33,22.26,SPY200717C00290000,290.0,normalDay
2020-06-22,2866.0,-3031.0,0.0,100,310.62,331.0,0,0.0,0.0,,0.0,1,14.33,24.26,SPY200717C00290000,290.0,normalDay
2020-06-23,2866.0,-2965.0,0.0,100,312.05,331.0,0,0.0,0.0,,0.0,1,14.33,25.03,SPY200717C00290000,290.0,normalDay
2020-06-24,2866.0,-3187.0,0.0,100,304.09,331.0,0,0.0,0.0,,0.0,1,14.33,19.29,SPY200717C00290000,290.0,normalDay
2020-06-25,2866.0,-3050.0,0.0,100,307.35,331.0,0,0.0,0.0,,0.0,1,14.33,21.18,SPY200717C00290000,290.0,normalDay
2020-06-26,2866.0,-3290.0,0.0,100,300.05,331.0,0,0.0,0.0,,0.0,1,14.33,16.28,SPY200717C00290000,290.0,normalDay
2020-06-29,2866.0,-3014.0,0.0,100,304.46,331.0,0,0.0,0.0,,0.0,1,14.33,17.93,SPY200717C00290000,290.0,normalDay
2020-06-30,2866.0,-2892.0,0.0,100,308.36,331.0,0,0.0,0.0,,0.0,1,14.33,20.61,SPY200717C00290000,290.0,normalDay
2020-07-01,2866.0,-2821.0,0.0,100,310.52,331.0,0,0.0,0.0,,0.0,1,14.33,22.06,SPY200717C00290000,290.0,normalDay
2020-07-02,2866.0,-2820.0,0.0,100,312.23,331.0,0,0.0,0.0,,0.0,1,14.33,23.76,SPY200717C00290000,290.0,normalDay
2020-07-06,2866.0,-2719.0,0.0,100,317.05,331.0,0,0.0,0.0,,0.0,1,14.33,27.57,SPY200717C00290000,290.0,normalDay
2020-07-07,2866.0,-2736.0,0.0,100,313.78,331.0,0,0.0,0.0,,0.0,1,14.33,24.47,SPY200717C00290000,290.0,normalDay
2020-07-08,2866.0,-2718.0,0.0,100,316.18,331.0,0,0.0,0.0,,0.0,1,14.33,26.69,SPY200717C00290000,290.0,normalDay
2020-07-09,2866.0,-2720.0,0.0,100,314.38,331.0,0,0.0,0.0,,0.0,1,14.33,24.91,SPY200717C00290000,290.0,normalDay
2020-07-10,2866.0,-2705.0,0.0,100,317.59,331.0,0,0.0,0.0,,0.0,1,14.33,27.97,SPY200717C00290000,290.0,normalDay
2020-07-13,2866.0,-2666.0,0.0,100,314.84,331.0,0,0.0,0.0,,0.0,1,14.33,24.83,SPY200717C00290000,290.0,normalDay
2020-07-14,2866.0,-2641.0,0.0,100,318.92,331.0,0,0.0,0.0,,0.0,1,14.33,28.66,SPY200717C00290000,290.0,normalDay
2020-07-15,2866.0,-2662.0,0.0,100,321.85,331.0,0,0.0,0.0,,0.0,1,14.33,31.8,SPY200717C00290000,290.0,normalDay
2020-07-16,2866.0,-2560.0,0.0,100,320.79,331.0,0,0.0,0.0,,0.0,1,14.33,29.72,SPY200717C00290000,290.0,normalDay
2020-07-17,199.0,-2560.0,-2667.0,0,321.72,0.0,0,0.0,0.0,,0.0,1,14.33,0.0,SPY200717C00290000,290.0,expirationDay
2020-07-20,199.0,-3.0,0.0,0,324.32,0.0,1,0.34,0.37,SPY200724P00313000,313.0,0,0.0,0.0,,0.0,normalDay
2020-07-21,199.0,13.0,0.0,0,325.01,0.0,1,0.34,0.21,SPY200724P00313000,313.0,0,0.0,0.0,,0.0,normalDay
2020-07-22,199.0,27.0,0.0,0,326.86,0.0,1,0.34,0.07,SPY200724P00313000,313.0,0,0.0,0.0,,0.0,normalDay
2020-07-23,199.0,24.0,0.0,0,322.96,0.0,1,0.34,0.1,SPY200724P00313000,313.0,0,0.0,0.0,,0.0,normalDay
2020-07-24,233.0,0.0,34.0,0,320.88,0.0,1,0.34,0.0,SPY200724P00313000,313.0,0,0.0,0.0,,0.0,expirationDay
2020-07-27,233.0,-3.0,0.0,0,323.22,0.0,1,0.99,1.02,SPY200731P00317000,317.0,0,0.0,0.0,,0.0,normalDay
2020-07-28,233.0,-39.0,0.0,0,321.17,0.0,1,0.99,1.38,SPY200731P00317000,317.0,0,0.0,0.0,,0.0,normalDay
2020-07-29,233.0,63.0,0.0,0,325.12,0.0,1,0.99,0.36,SPY200731P00317000,317.0,0,0.0,0.0,,0.0,normalDay
2020-07-30,233.0,74.0,0.0,0,323.96,0.0,1,0.99,0.25,SPY200731P00317000,317.0,0,0.0,0.0,,0.0,normalDay
2020-07-31,332.0,0.0,99.0,0,326.52,0.0,1,0.99,0.0,SPY200731P00317000,317.0,0,0.0,0.0,,0.0,expirationDay
2020-08-03,332.0,-3.0,0.0,0,328.79,0.0,1,0.63,0.66,SPY200807P00321000,321.0,0,0.0,0.0,,0.0,normalDay
2020-08-04,332.0,30.0,0.0,0,330.06,0.0,1,0.63,0.33,SPY200807P00321000,321.0,0,0.0,0.0,,0.0,normalDay
2020-08-05,332.0,54.0,0.0,0,332.11,0.0,1,0.63,0.09,SPY200807P00321000,321.0,0,0.0,0.0,,0.0,normalDay
2020-08-06,332.0,58.0,0.0,0,334.33,0.0,1,0.63,0.05,SPY200807P00321000,321.0,0,0.0,0.0,,0.0,normalDay
2020-08-07,395.0,0.0,63.0,0,334.57,0.0,1,0.63,0.0,SPY200807P00321000,321.0,0,0.0,0.0,,0.0,expirationDay
2020-08-10,395.0,-3.0,0.0,0,335.57,0.0,1,0.29,0.32,SPY200814P00325000,325.0,0,0.0,0.0,,0.0,normalDay
2020-08-11,395.0,-42.0,0.0,0,332.8,0.0,1,0.29,0.71,SPY200814P00325000,325.0,0,0.0,0.0,,0.0,normalDay
2020-08-12,395.0,20.0,0.0,0,337.44,0.0,1,0.29,0.09,SPY200814P00325000,325.0,0,0.0,0.0,,0.0,normalDay
2020-08-13,395.0,24.0,0.0,0,336.83,0.0,1,0.29,0.05,SPY200814P00325000,325.0,0,0.0,0.0,,0.0,normalDay
2020-08-14,424.0,0.0,29.0,0,336.84,0.0,1,0.29,0.0,SPY200814P00325000,325.0,0,0.0,0.0,,0.0,expirationDay
2020-08-17,424.0,-3.0,0.0,0,337.91,0.0,1,0.28,0.31,SPY200821P00329000,329.0,0,0.0,0.0,,0.0,normalDay
2020-08-18,424.0,6.0,0.0,0,338.64,0.0,1,0.28,0.22,SPY200821P00329000,329.0,0,0.0,0.0,,0.0,normalDay
2020-08-19,424.0,1.0,0.0,0,337.23,0.0,1,0.28,0.27,SPY200821P00329000,329.0,0,0.0,0.0,,0.0,normalDay
2020-08-20,424.0,20.0,0.0,0,338.28,0.0,1,0.28,0.08,SPY200821P00329000,329.0,0,0.0,0.0,,0.0,normalDay
2020-08-21,452.0,0.0,28.0,0,339.48,0.0,1,0.28,0.0,SPY200821P00329000,329.0,0,0.0,0.0,,0.0,expirationDay
2020-08-24,452.0,-3.0,0.0,0,342.92,0.0,1,0.3,0.33,SPY200828P00333000,333.0,0,0.0,0.0,,0.0,normalDay
2020-08-25,452.0,15.0,0.0,0,344.12,0.0,1,0.3,0.15,SPY200828P00333000,333.0,0,0.0,0.0,,0.0,normalDay
2020-08-26,452.0,17.0,0.0,0,347.57,0.0,1,0.3,0.13,SPY200828P00333000,333.0,0,0.0,0.0,,0.0,normalDay
2020-08-27,452.0,26.0,0.0,0,348.33,0.0,1,0.3,0.04,SPY200828P00333000,333.0,0,0.0,0.0,,0.0,normalDay
2020-08-28,482.0,0.0,30.0,0,350.58,0.0,1,0.3,0.0,SPY200828P00333000,333.0,0,0.0,0.0,,0.0,expirationDay
2020-08-31,482.0,-3.0,0.0,0,349.31,0.0,1,0.48,0.51,SPY200904P00339000,339.0,0,0.0,0.0,,0.0,normalDay
2020-09-01,482.0,30.0,0.0,0,352.6,0.0,1,0.48,0.18,SPY200904P00339000,339.0,0,0.0,0.0,,0.0,normalDay
2020-09-02,482.0,40.0,0.0,0,357.7,0.0,1,0.48,0.08,SPY200904P00339000,339.0,0,0.0,0.0,,0.0,normalDay
2020-09-03,482.0,-6.0,0.0,0,345.39,0.0,1,0.48,0.54,SPY200904P00339000,339.0,0,0.0,0.0,,0.0,normalDay
2020-09-04,530.0,0.0,48.0,0,342.57,0.0,1,0.48,0.0,SPY200904P00339000,339.0,0,0.0,0.0,,0.0,expirationDay
2020-09-08,530.0,-18.0,0.0,0,333.21,0.0,1,9.75,9.93,SPY200914P00342000,342.0,0,0.0,0.0,,0.0,normalDay
2020-09-09,530.0,465.0,0.0,0,339.79,0.0,1,9.75,5.1,SPY200914P00342000,342.0,0,0.0,0.0,,0.0,normalDay
2020-09-10,530.0,123.0,0.0,0,333.89,0.0,1,9.75,8.52,SPY200914P00342000,342.0,0,0.0,0.0,,0.0,normalDay
2020-09-11,530.0,88.0,0.0,0,334.06,0.0,1,9.75,8.87,SPY200914P00342000,342.0,0,0.0,0.0,,0.0,normalDay
2020-09-14,1505.0,-354.0,975.0,100,338.46,342.0,1,9.75,0.0,SPY200914P00342000,342.0,0,0.0,0.0,,0.0,expirationDay
2020-09-15,1505.0,-191.0,0.0,100,340.17,342.0,0,0.0,0.0,,0.0,1,9.33,9.41,SPY201120C00348000,348.0,normalDay
2020-09-16,1505.0,-227.0,0.0,100,338.82,342.0,0,0.0,0.0,,0.0,1,9.33,8.42,SPY201120C00348000,348.0,normalDay
2020-09-17,1505.0,-406.0,0.0,100,335.84,342.0,0,0.0,0.0,,0.0,1,9.33,7.23,SPY201120C00348000,348.0,normalDay
2020-09-18,1505.0,-748.0,0.0,100,330.65,342.0,0,0.0,0.0,,0.0,1,9.33,5.46,SPY201120C00348000,348.0,normalDay
2020-09-21,1505.0,-1027.0,0.0,100,326.97,342.0,0,0.0,0.0,,0.0,1,9.33,4.57,SPY201120C00348000,348.0,normalDay
2020-09-22,1505.0,-772.0,0.0,100,330.3,342.0,0,0.0,0.0,,0.0,1,9.33,5.35,SPY201120C00348000,348.0,normalDay
2020-09-23,1505.0,-1349.0,0.0,100,322.64,342.0,0,0.0,0.0,,0.0,1,9.33,3.46,SPY201120C00348000,348.0,normalDay
2020-09-24,1505.0,-1268.0,0.0,100,323.5,342.0,0,0.0,0.0,,0.0,1,9.33,3.51,SPY201120C00348000,348.0,normalDay
2020-09-25,1505.0,-851.0,0.0,100,328.73,342.0,0,0.0,0.0,,0.0,1,9.33,4.57,SPY201120C00348000,348.0,normalDay
2020-09-28,1505.0,-502.0,0.0,100,334.19,342.0,0,0.0,0.0,,0.0,1,9.33,6.54,SPY201120C00348000,348.0,normalDay
2020-09-29,1505.0,-618.0,0.0,100,332.37,342.0,0,0.0,0.0,,0.0,1,9.33,5.88,SPY201120C00348000,348.0,normalDay
2020-09-30,1505.0,-383.0,0.0,100,334.89,342.0,0,0.0,0.0,,0.0,1,9.33,6.05,SPY201120C00348000,348.0,normalDay
2020-10-01,1505.0,-311.0,0.0,100,337.04,342.0,0,0.0,0.0,,0.0,1,9.33,7.48,SPY201120C00348000,348.0,normalDay
2020-10-02,1505.0,-502.0,0.0,100,333.84,342.0,0,0.0,0.0,,0.0,1,9.33,6.19,SPY201120C00348000,348.0,normalDay
2020-10-05,1505.0,-91.0,0.0,100,339.76,342.0,0,0.0,0.0,,0.0,1,9.33,8.0,SPY201120C00348000,348.0,normalDay
2020-10-06,1505.0,-375.0,0.0,100,334.93,342.0,0,0.0,0.0,,0.0,1,9.33,6.01,SPY201120C00348000,348.0,normalDay
2020-10-07,1505.0,23.0,0.0,100,340.76,342.0,0,0.0,0.0,,0.0,1,9.33,7.86,SPY201120C00348000,348.0,normalDay
2020-10-08,1505.0,248.0,0.0,100,343.78,342.0,0,0.0,0.0,,0.0,1,9.33,8.63,SPY201120C00348000,348.0,normalDay
2020-10-09,1505.0,459.0,0.0,100,346.85,342.0,0,0.0,0.0,,0.0,1,9.33,9.59,SPY201120C00348000,348.0,normalDay
2020-10-12,1505.0,691.0,0.0,100,352.43,342.0,0,0.0,0.0,,0.0,1,9.33,12.85,SPY201120C00348000,348.0,normalDay
2020-10-13,1505.0,589.0,0.0,100,350.13,342.0,0,0.0,0.0,,0.0,1,9.33,11.57,SPY201120C00348000,348.0,normalDay
2020-10-14,1505.0,515.0,0.0,100,347.93,342.0,0,0.0,0.0,,0.0,1,9.33,10.11,SPY201120C00348000,348.0,normalDay
2020-10-15,1505.0,490.0,0.0,100,347.5,342.0,0,0.0,0.0,,0.0,1,9.33,9.93,SPY201120C00348000,348.0,normalDay
2020-10-16,1505.0,519.0,0.0,100,347.29,342.0,0,0.0,0.0,,0.0,1,9.33,9.43,SPY201120C00348000,348.0,normalDay
2020-10-19,1505.0,213.0,0.0,100,342.01,342.0,0,0.0,0.0,,0.0,1,9.33,7.21,SPY201120C00348000,348.0,normalDay
2020-10-20,1505.0,314.0,0.0,100,343.38,342.0,0,0.0,0.0,,0.0,1,9.33,7.57,SPY201120C00348000,348.0,normalDay
2020-10-21,1505.0,276.0,0.0,100,342.73,342.0,0,0.0,0.0,,0.0,1,9.33,7.3,SPY201120C00348000,348.0,normalDay
2020-10-22,1505.0,433.0,0.0,100,344.61,342.0,0,0.0,0.0,,0.0,1,9.33,7.61,SPY201120C00348000,348.0,normalDay
2020-10-23,1505.0,537.0,0.0,100,345.78,342.0,0,0.0,0.0,,0.0,1,9.33,7.74,SPY201120C00348000,348.0,normalDay
2020-10-26,1505.0,75.0,0.0,100,339.39,342.0,0,0.0,0.0,,0.0,1,9.33,5.97,SPY201120C00348000,348.0,normalDay
2020-10-27,1505.0,19.0,0.0,100,338.22,342.0,0,0.0,0.0,,0.0,1,9.33,5.36,SPY201120C00348000,348.0,normalDay
2020-10-28,1505.0,-886.0,0.0,100,326.66,342.0,0,0.0,0.0,,0.0,1,9.33,2.85,SPY201120C00348000,348.0,normalDay
2020-10-29,1505.0,-570.0,0.0,100,329.98,342.0,0,0.0,0.0,,0.0,1,9.33,3.01,SPY201120C00348000,348.0,normalDay
2020-10-30,1505.0,-817.0,0.0,100,326.54,342.0,0,0.0,0.0,,0.0,1,9.33,2.04,SPY201120C00348000,348.0,normalDay
2020-11-02,1505.0,-477.0,0.0,100,330.2,342.0,0,0.0,0.0,,0.0,1,9.33,2.3,SPY201120C00348000,348.0,normalDay
2020-11-03,1505.0,-10.0,0.0,100,336.03,342.0,0,0.0,0.0,,0.0,1,9.33,3.46,SPY201120C00348000,348.0,normalDay
2020-11-04,1505.0,563.0,0.0,100,343.54,342.0,0,0.0,0.0,,0.0,1,9.33,5.24,SPY201120C00348000,348.0,normalDay
2020-11-05,1505.0,918.0,0.0,100,350.24,342.0,0,0.0,0.0,,0.0,1,9.33,8.39,SPY201120C00348000,348.0,normalDay
2020-11-06,1505.0,1016.0,0.0,100,350.16,342.0,0,0.0,0.0,,0.0,1,9.33,7.33,SPY201120C00348000,348.0,normalDay
2020-11-09,1505.0,1113.0,0.0,100,354.56,342.0,0,0.0,0.0,,0.0,1,9.33,10.76,SPY201120C00348000,348.0,normalDay
2020-11-10,1505.0,1190.0,0.0,100,354.04,342.0,0,0.0,0.0,,0.0,1,9.33,9.47,SPY201120C00348000,348.0,normalDay
2020-11-11,1505.0,1310.0,0.0,100,356.67,342.0,0,0.0,0.0,,0.0,1,9.33,10.9,SPY201120C00348000,348.0,normalDay
2020-11-12,1505.0,1224.0,0.0,100,353.21,342.0,0,0.0,0.0,,0.0,1,9.33,8.3,SPY201120C00348000,348.0,normalDay
2020-11-13,1505.0,1405.0,0.0,100,358.1,342.0,0,0.0,0.0,,0.0,1,9.33,11.38,SPY201120C00348000,348.0,normalDay
2020-11-16,1505.0,1514.0,0.0,100,362.57,342.0,0,0.0,0.0,,0.0,1,9.33,14.76,SPY201120C00348000,348.0,normalDay
2020-11-17,1505.0,1497.0,0.0,100,360.62,342.0,0,0.0,0.0,,0.0,1,9.33,12.98,SPY201120C00348000,348.0,normalDay
2020-11-18,1505.0,1479.0,0.0,100,356.28,342.0,0,0.0,0.0,,0.0,1,9.33,8.82,SPY201120C00348000,348.0,normalDay
2020-11-19,1505.0,1508.0,0.0,100,357.78,342.0,0,0.0,0.0,,0.0,1,9.33,10.03,SPY201120C00348000,348.0,normalDay
2020-11-20,3038.0,1508.0,1533.0,0,355.33,0.0,0,0.0,0.0,,0.0,1,9.33,0.0,SPY201120C00348000,348.0,expirationDay
2020-11-23,3038.0,-3.0,0.0,0,357.46,0.0,1,0.2,0.23,SPY201127P00347000,347.0,0,0.0,0.0,,0.0,normalDay
2020-11-24,3038.0,16.0,0.0,0,363.22,0.0,1,0.2,0.04,SPY201127P00347000,347.0,0,0.0,0.0,,0.0,normalDay
2020-11-25,3038.0,18.0,0.0,0,362.66,0.0,1,0.2,0.02,SPY201127P00347000,347.0,0,0.0,0.0,,0.0,normalDay
2020-11-27,3058.0,0.0,20.0,0,363.67,0.0,1,0.2,0.0,SPY201127P00347000,347.0,0,0.0,0.0,,0.0,expirationDay
2020-11-30,3058.0,-4.0,0.0,0,362.06,0.0,1,0.58,0.62,SPY201204P00354000,354.0,0,0.0,0.0,,0.0,normalDay
2020-12-01,3058.0,36.0,0.0,0,366.02,0.0,1,0.58,0.22,SPY201204P00354000,354.0,0,0.0,0.0,,0.0,normalDay
2020-12-02,3058.0,49.0,0.0,0,366.79,0.0,1,0.58,0.09,SPY201204P00354000,354.0,0,0.0,0.0,,0.0,normalDay
2020-12-03,3058.0,50.0,0.0,0,366.69,0.0,1,0.58,0.08,SPY201204P00354000,354.0,0,0.0,0.0,,0.0,normalDay
2020-12-04,3116.0,0.0,58.0,0,369.85,0.0,1,0.58,0.0,SPY201204P00354000,354.0,0,0.0,0.0,,0.0,expirationDay
2020-12-07,3116.0,-3.0,0.0,0,369.09,0.0,1,0.39,0.42,SPY201211P00360000,360.0,0,0.0,0.0,,0.0,normalDay
2020-12-08,3116.0,22.0,0.0,0,370.17,0.0,1,0.39,0.17,SPY201211P00360000,360.0,0,0.0,0.0,,0.0,normalDay
2020-12-09,3116.0,2.0,0.0,0,366.85,0.0,1,0.39,0.37,SPY201211P00360000,360.0,0,0.0,0.0,,0.0,normalDay
2020-12-10,3116.0,27.0,0.0,0,366.73,0.0,1,0.39,0.12,SPY201211P00360000,360.0,0,0.0,0.0,,0.0,normalDay
2020-12-11,3155.0,0.0,39.0,0,366.3,0.0,1,0.39,0.0,SPY201211P00360000,360.0,0,0.0,0.0,,0.0,expirationDay
2020-12-14,3155.0,-6.0,0.0,0,364.66,0.0,1,2.98,3.04,SPY201218P00363000,363.0,0,0.0,0.0,,0.0,normalDay
2020-12-15,3155.0,181.0,0.0,0,369.59,0.0,1,2.98,1.17,SPY201218P00363000,363.0,0,0.0,0.0,,0.0,normalDay
2020-12-16,3155.0,230.0,0.0,0,370.17,0.0,1,2.98,0.68,SPY201218P00363000,363.0,0,0.0,0.0,,0.0,normalDay
2020-12-17,3155.0,279.0,0.0,0,372.24,0.0,1,2.98,0.19,SPY201218P00363000,363.0,0,0.0,0.0,,0.0,normalDay
2020-12-18,3453.0,0.0,298.0,0,369.18,0.0,1,2.98,0.0,SPY201218P00363000,363.0,0,0.0,0.0,,0.0,expirationDay
2020-12-21,3453.0,-3.0,0.0,0,367.86,0.0,1,1.84,1.87,SPY201224P00366000,366.0,0,0.0,0.0,,0.0,normalDay
2020-12-22,3453.0,50.0,0.0,0,367.24,0.0,1,1.84,1.34,SPY201224P00366000,366.0,0,0.0,0.0,,0.0,normalDay
2020-12-23,3453.0,126.0,0.0,0,367.57,0.0,1,1.84,0.58,SPY201224P00366000,366.0,0,0.0,0.0,,0.0,normalDay
2020-12-24,3637.0,0.0,184.0,0,369.0,0.0,1,1.84,0.0,SPY201224P00366000,366.0,0,0.0,0.0,,0.0,expirationDay
2020-12-28,3637.0,-4.0,0.0,0,372.17,0.0,1,0.6,0.64,SPY201231P00368000,368.0,0,0.0,0.0,,0.0,normalDay
2020-12-29,3637.0,-7.0,0.0,0,371.46,0.0,1,0.6,0.67,SPY201231P00368000,368.0,0,0.0,0.0,,0.0,normalDay
2020-12-30,3637.0,35.0,0.0,0,371.99,0.0,1,0.6,0.25,SPY201231P00368000,368.0,0,0.0,0.0,,0.0,normalDay
2020-12-31,3697.0,0.0,60.0,0,373.88,0.0,1,0.6,0.0,SPY201231P00368000,368.0,0,0.0,0.0,,0.0,expirationDay
2021-01-04,3697.0,-4.0,0.0,0,368.79,0.0,1,3.96,4.0,SPY210108P00369000,369.0,0,0.0,0.0,,0.0,normalDay
2021-01-05,3697.0,145.0,0.0,0,371.33,0.0,1,3.96,2.51,SPY210108P00369000,369.0,0,0.0,0.0,,0.0,normalDay
2021-01-06,3697.0,256.0,0.0,0,373.55,0.0,1,3.96,1.4,SPY210108P00369000,369.0,0,0.0,0.0,,0.0,normalDay
2021-01-07,3697.0,388.0,0.0,0,379.1,0.0,1,3.96,0.08,SPY210108P00369000,369.0,0,0.0,0.0,,0.0,normalDay
2021-01-08,4093.0,0.0,396.0,0,381.26,0.0,1,3.96,0.0,SPY210108P00369000,369.0,0,0.0,0.0,,0.0,expirationDay
2021-01-11,4093.0,-3.0,0.0,0,378.69,0.0,1,1.02,1.05,SPY210115P00371000,371.0,0,0.0,0.0,,0.0,normalDay
2021-01-12,4093.0,35.0,0.0,0,378.77,0.0,1,1.02,0.67,SPY210115P00371000,371.0,0,0.0,0.0,,0.0,normalDay
2021-01-13,4093.0,78.0,0.0,0,379.79,0.0,1,1.02,0.24,SPY210115P00371000,371.0,0,0.0,0.0,,0.0,normalDay
2021-01-14,4093.0,85.0,0.0,0,378.46,0.0,1,1.02,0.17,SPY210115P00371000,371.0,0,0.0,0.0,,0.0,normalDay
2021-01-15,4195.0,0.0,102.0,0,375.7,0.0,1,1.02,0.0,SPY210115P00371000,371.0,0,0.0,0.0,,0.0,expirationDay
2021-01-19,4195.0,-4.0,0.0,0,378.65,0.0,1,1.44,1.48,SPY210125P00373000,373.0,0,0.0,0.0,,0.0,normalDay
2021-01-20,4195.0,106.0,0.0,0,383.89,0.0,1,1.44,0.38,SPY210125P00373000,373.0,0,0.0,0.0,,0.0,normalDay
2021-01-21,4195.0,128.0,0.0,0,384.24,0.0,1,1.44,0.16,SPY210125P00373000,373.0,0,0.0,0.0,,0.0,normalDay
2021-01-22,4195.0,133.0,0.0,0,382.88,0.0,1,1.44,0.11,SPY210125P00373000,373.0,0,0.0,0.0,,0.0,normalDay
2021-01-25,4339.0,0.0,144.0,0,384.39,0.0,1,1.44,0.0,SPY210125P00373000,373.0,0,0.0,0.0,,0.0,expirationDay
2021-01-26,4339.0,-3.0,0.0,0,383.79,0.0,1,1.0,1.03,SPY210201P00377000,377.0,0,0.0,0.0,,0.0,normalDay
2021-01-27,4339.0,-534.0,0.0,0,374.41,0.0,1,1.0,6.34,SPY210201P00377000,377.0,0,0.0,0.0,,0.0,normalDay
2021-01-28,4339.0,-185.0,0.0,0,377.63,0.0,1,1.0,2.85,SPY210201P00377000,377.0,0,0.0,0.0,,0.0,normalDay
2021-01-29,4339.0,-717.0,0.0,0,370.07,0.0,1,1.0,8.17,SPY210201P00377000,377.0,0,0.0,0.0,,0.0,normalDay
2021-02-01,4439.0,-77.0,100.0,100,376.23,377.0,1,1.0,0.0,SPY210201P00377000,377.0,0,0.0,0.0,,0.0,expirationDay
2021-02-02,4439.0,444.0,0.0,100,381.55,377.0,0,0.0,0.0,,0.0,1,14.19,14.3,SPY210416C00382000,382.0,normalDay
2021-02-03,4439.0,543.0,0.0,100,381.85,377.0,0,0.0,0.0,,0.0,1,14.19,13.61,SPY210416C00382000,382.0,normalDay
2021-02-04,4439.0,799.0,0.0,100,386.19,377.0,0,0.0,0.0,,0.0,1,14.19,15.39,SPY210416C00382000,382.0,normalDay
2021-02-05,4439.0,874.0,0.0,100,387.71,377.0,0,0.0,0.0,,0.0,1,14.19,16.16,SPY210416C00382000,382.0,normalDay
2021-02-08,4439.0,996.0,0.0,100,390.51,377.0,0,0.0,0.0,,0.0,1,14.19,17.74,SPY210416C00382000,382.0,normalDay
2021-02-09,4439.0,959.0,0.0,100,390.25,377.0,0,0.0,0.0,,0.0,1,14.19,17.85,SPY210416C00382000,382.0,normalDay
2021-02-10,4439.0,954.0,0.0,100,390.08,377.0,0,0.0,0.0,,0.0,1,14.19,17.73,SPY210416C00382000,382.0,normalDay
2021-02-11,4439.0,1035.0,0.0,100,390.71,377.0,0,0.0,0.0,,0.0,1,14.19,17.55,SPY210416C00382000,382.0,normalDay
2021-02-12,4439.0,1105.0,0.0,100,392.64,377.0,0,0.0,0.0,,0.0,1,14.19,18.78,SPY210416C00382000,382.0,normalDay
2021-02-16,4439.0,1135.0,0.0,100,392.3,377.0,0,0.0,0.0,,0.0,1,14.19,18.14,SPY210416C00382000,382.0,normalDay
2021-02-17,4439.0,1173.0,0.0,100,392.39,377.0,0,0.0,0.0,,0.0,1,14.19,17.85,SPY210416C00382000,382.0,normalDay
2021-02-18,4439.0,1102.0,0.0,100,390.72,377.0,0,0.0,0.0,,0.0,1,14.19,16.89,SPY210416C00382000,382.0,normalDay
2021-02-19,4439.0,1132.0,0.0,100,390.03,377.0,0,0.0,0.0,,0.0,1,14.19,15.9,SPY210416C00382000,382.0,normalDay
2021-02-22,4439.0,1002.0,0.0,100,387.03,377.0,0,0.0,0.0,,0.0,1,14.19,14.2,SPY210416C00382000,382.0,normalDay
2021-02-23,4439.0,1068.0,0.0,100,387.5,377.0,0,0.0,0.0,,0.0,1,14.19,14.01,SPY210416C00382000,382.0,normalDay
2021-02-24,4439.0,1240.0,0.0,100,391.77,377.0,0,0.0,0.0,,0.0,1,14.19,16.56,SPY210416C00382000,382.0,normalDay
2021-02-25,4439.0,663.0,0.0,100,382.33,377.0,0,0.0,0.0,,0.0,1,14.19,12.89,SPY210416C00382000,382.0,normalDay
2021-02-26,4439.0,682.0,0.0,100,380.36,377.0,0,0.0,0.0,,0.0,1,14.19,10.73,SPY210416C00382000,382.0,normalDay
2021-03-01,4439.0,1230.0,0.0,100,389.58,377.0,0,0.0,0.0,,0.0,1,14.19,14.47,SPY210416C00382000,382.0,normalDay
2021-03-02,4439.0,1093.0,0.0,100,386.54,377.0,0,0.0,0.0,,0.0,1,14.19,12.8,SPY210416C00382000,382.0,normalDay
2021-03-03,4439.0,846.0,0.0,100,381.42,377.0,0,0.0,0.0,,0.0,1,14.19,10.15,SPY210416C00382000,382.0,normalDay
2021-03-04,4439.0,583.0,0.0,100,376.7,377.0,0,0.0,0.0,,0.0,1,14.19,8.06,SPY210416C00382000,382.0,normalDay
2021-03-05,4439.0,1019.0,0.0,100,383.63,377.0,0,0.0,0.0,,0.0,1,14.19,10.63,SPY210416C00382000,382.0,normalDay
2021-03-08,4439.0,918.0,0.0,100,381.72,377.0,0,0.0,0.0,,0.0,1,14.19,9.73,SPY210416C00382000,382.0,normalDay
2021-03-09,4439.0,1206.0,0.0,100,387.17,377.0,0,0.0,0.0,,0.0,1,14.19,12.3,SPY210416C00382000,382.0,normalDay
2021-03-10,4439.0,1305.0,0.0,100,389.58,377.0,0,0.0,0.0,,0.0,1,14.19,13.72,SPY210416C00382000,382.0,normalDay
2021-03-11,4439.0,1495.0,0.0,100,393.53,377.0,0,0.0,0.0,,0.0,1,14.19,15.77,SPY210416C00382000,382.0,normalDay
2021-03-12,4439.0,1522.0,0.0,100,394.06,377.0,0,0.0,0.0,,0.0,1,14.19,16.03,SPY210416C00382000,382.0,normalDay
2021-03-15,4439.0,1635.0,0.0,100,396.41,377.0,0,0.0,0.0,,0.0,1,14.19,17.25,SPY210416C00382000,382.0,normalDay
2021-03-16,4439.0,1638.0,0.0,100,395.91,377.0,0,0.0,0.0,,0.0,1,14.19,16.72,SPY210416C00382000,382.0,normalDay
2021-03-17,4439.0,1728.0,0.0,100,397.26,377.0,0,0.0,0.0,,0.0,1,14.19,17.17,SPY210416C00382000,382.0,normalDay
2021-03-18,4439.0,1504.0,0.0,100,391.48,377.0,0,0.0,0.0,,0.0,1,14.19,13.63,SPY210416C00382000,382.0,normalDay
2021-03-19,4439.0,1433.0,0.0,100,389.48,377.0,0,0.0,0.0,,0.0,1,14.19,12.34,SPY210416C00382000,382.0,normalDay
2021-03-22,4439.0,1586.0,0.0,100,392.59,377.0,0,0.0,0.0,,0.0,1,14.19,13.92,SPY210416C00382000,382.0,normalDay
2021-03-23,4439.0,1476.0,0.0,100,389.5,377.0,0,0.0,0.0,,0.0,1,14.19,11.93,SPY210416C00382000,382.0,normalDay
2021-03-24,4439.0,1432.0,0.0,100,387.52,377.0,0,0.0,0.0,,0.0,1,14.19,10.39,SPY210416C00382000,382.0,normalDay
2021-03-25,4439.0,1540.0,0.0,100,389.7,377.0,0,0.0,0.0,,0.0,1,14.19,11.49,SPY210416C00382000,382.0,normalDay
2021-03-26,4439.0,1707.0,0.0,100,395.98,377.0,0,0.0,0.0,,0.0,1,14.19,16.1,SPY210416C00382000,382.0,normalDay
2021-03-29,4439.0,1689.0,0.0,100,395.78,377.0,0,0.0,0.0,,0.0,1,14.19,16.08,SPY210416C00382000,382.0,normalDay
2021-03-30,4439.0,1729.0,0.0,100,394.73,377.0,0,0.0,0.0,,0.0,1,14.19,14.63,SPY210416C00382000,382.0,normalDay
2021-03-31,4439.0,1767.0,0.0,100,396.33,377.0,0,0.0,0.0,,0.0,1,14.19,15.85,SPY210416C00382000,382.0,normalDay
2021-04-01,4439.0,1809.0,0.0,100,400.61,377.0,0,0.0,0.0,,0.0,1,14.19,19.71,SPY210416C00382000,382.0,normalDay
2021-04-05,4439.0,1875.0,0.0,100,406.36,377.0,0,0.0,0.0,,0.0,1,14.19,24.8,SPY210416C00382000,382.0,normalDay
2021-04-06,4439.0,1879.0,0.0,100,406.12,377.0,0,0.0,0.0,,0.0,1,14.19,24.52,SPY210416C00382000,382.0,normalDay
2021-04-07,4439.0,1860.0,0.0,100,406.59,377.0,0,0.0,0.0,,0.0,1,14.19,25.18,SPY210416C00382000,382.0,normalDay
2021-04-08,4439.0,1869.0,0.0,100,408.52,377.0,0,0.0,0.0,,0.0,1,14.19,27.02,SPY210416C00382000,382.0,normalDay
2021-04-09,4439.0,1958.0,0.0,100,411.49,377.0,0,0.0,0.0,,0.0,1,14.19,29.1,SPY210416C00382000,382.0,normalDay
2021-04-12,4439.0,1921.0,0.0,100,411.64,377.0,0,0.0,0.0,,0.0,1,14.19,29.62,SPY210416C00382000,382.0,normalDay
2021-04-13,4439.0,1920.0,0.0,100,412.86,377.0,0,0.0,0.0,,0.0,1,14.19,30.85,SPY210416C00382000,382.0,normalDay
2021-04-14,4439.0,1879.0,0.0,100,411.45,377.0,0,0.0,0.0,,0.0,1,14.19,29.85,SPY210416C00382000,382.0,normalDay
2021-04-15,4439.0,1918.0,0.0,100,415.87,377.0,0,0.0,0.0,,0.0,1,14.19,33.88,SPY210416C00382000,382.0,normalDay
2021-04-16,6358.0,1918.0,1919.0,0,417.26,0.0,0,0.0,0.0,,0.0,1,14.19,0.0,SPY210416C00382000,382.0,expirationDay
2021-04-19,6358.0,-3.0,0.0,0,415.21,0.0,1,0.14,0.17,SPY210423P00402500,402.5,0,0.0,0.0,,0.0,normalDay
2021-04-20,6358.0,-16.0,0.0,0,412.17,0.0,1,0.14,0.3,SPY210423P00402500,402.5,0,0.0,0.0,,0.0,normalDay
2021-04-21,6358.0,10.0,0.0,0,416.07,0.0,1,0.14,0.04,SPY210423P00402500,402.5,0,0.0,0.0,,0.0,normalDay
2021-04-22,6358.0,8.0,0.0,0,412.27,0.0,1,0.14,0.06,SPY210423P00402500,402.5,0,0.0,0.0,,0.0,normalDay
2021-04-23,6372.0,0.0,14.0,0,416.74,0.0,1,0.14,0.0,SPY210423P00402500,402.5,0,0.0,0.0,,0.0,expirationDay
2021-04-26,6372.0,-4.0,0.0,0,417.61,0.0,1,0.38,0.42,SPY210430P00409000,409.0,0,0.0,0.0,,0.0,normalDay
2021-04-27,6372.0,7.0,0.0,0,417.52,0.0,1,0.38,0.31,SPY210430P00409000,409.0,0,0.0,0.0,,0.0,normalDay
2021-04-28,6372.0,27.0,0.0,0,417.4,0.0,1,0.38,0.11,SPY210430P00409000,409.0,0,0.0,0.0,,0.0,normalDay
2021-04-29,6372.0,34.0,0.0,0,420.06,0.0,1,0.38,0.04,SPY210430P00409000,409.0,0,0.0,0.0,,0.0,normalDay
2021-04-30,6410.0,0.0,38.0,0,417.3,0.0,1,0.38,0.0,SPY210430P00409000,409.0,0,0.0,0.0,,0.0,expirationDay
2021-05-03,6410.0,-3.0,0.0,0,418.2,0.0,1,0.93,0.96,SPY210507P00414000,414.0,0,0.0,0.0,,0.0,normalDay
2021-05-04,6410.0,-75.0,0.0,0,415.62,0.0,1,0.93,1.68,SPY210507P00414000,414.0,0,0.0,0.0,,0.0,normalDay
2021-05-05,6410.0,-35.0,0.0,0,415.75,0.0,1,0.93,1.28,SPY210507P00414000,414.0,0,0.0,0.0,,0.0,normalDay
2021-05-06,6410.0,74.0,0.0,0,419.07,0.0,1,0.93,0.19,SPY210507P00414000,414.0,0,0.0,0.0,,0.0,normalDay
2021-05-07,6503.0,0.0,93.0,0,422.12,0.0,1,0.93,0.0,SPY210507P00414000,414.0,0,0.0,0.0,,0.0,expirationDay
2021-05-10,6503.0,-4.0,0.0,0,417.94,0.0,1,2.26,2.3,SPY210514P00416000,416.0,0,0.0,0.0,,0.0,normalDay
2021-05-11,6503.0,-160.0,0.0,0,414.21,0.0,1,2.26,3.86,SPY210514P00416000,416.0,0,0.0,0.0,,0.0,normalDay
2021-05-12,6503.0,-853.0,0.0,0,405.41,0.0,1,2.26,10.79,SPY210514P00416000,416.0,0,0.0,0.0,,0.0,normalDay
2021-05-13,6503.0,-384.0,0.0,0,410.28,0.0,1,2.26,6.1,SPY210514P00416000,416.0,0,0.0,0.0,,0.0,normalDay
2021-05-14,6729.0,0.0,226.0,0,416.58,0.0,1,2.26,0.0,SPY210514P00416000,416.0,0,0.0,0.0,,0.0,expirationDay
2021-05-17,6729.0,-4.0,0.0,0,415.52,0.0,1,2.87,2.91,SPY210521P00416000,416.0,0,0.0,0.0,,0.0,normalDay
2021-05-18,6729.0,-221.0,0.0,0,411.94,0.0,1,2.87,5.08,SPY210521P00416000,416.0,0,0.0,0.0,,0.0,normalDay
2021-05-19,6729.0,-283.0,0.0,0,410.86,0.0,1,2.87,5.7,SPY210521P00416000,416.0,0,0.0,0.0,,0.0,normalDay
2021-05-20,6729.0,98.0,0.0,0,415.28,0.0,1,2.87,1.89,SPY210521P00416000,416.0,0,0.0,0.0,,0.0,normalDay
2021-05-21,7016.0,-106.0,287.0,100,414.94,416.0,1,2.87,0.0,SPY210521P00416000,416.0,0,0.0,0.0,,0.0,expirationDay
2021-05-24,7016.0,312.0,0.0,100,419.17,416.0,0,0.0,0.0,,0.0,1,8.94,8.99,SPY210716C00419000,419.0,normalDay
2021-05-25,7016.0,277.0,0.0,100,418.24,416.0,0,0.0,0.0,,0.0,1,8.94,8.41,SPY210716C00419000,419.0,normalDay
2021-05-26,7016.0,383.0,0.0,100,419.07,416.0,0,0.0,0.0,,0.0,1,8.94,8.18,SPY210716C00419000,419.0,normalDay
2021-05-27,7016.0,400.0,0.0,100,419.29,416.0,0,0.0,0.0,,0.0,1,8.94,8.23,SPY210716C00419000,419.0,normalDay
2021-05-28,7016.0,490.0,0.0,100,420.04,416.0,0,0.0,0.0,,0.0,1,8.94,8.08,SPY210716C00419000,419.0,normalDay
2021-06-01,7016.0,468.0,0.0,100,419.67,416.0,0,0.0,0.0,,0.0,1,8.94,7.93,SPY210716C00419000,419.0,normalDay
2021-06-02,7016.0,531.0,0.0,100,420.33,416.0,0,0.0,0.0,,0.0,1,8.94,7.96,SPY210716C00419000,419.0,normalDay
2021-06-03,7016.0,451.0,0.0,100,418.77,416.0,0,0.0,0.0,,0.0,1,8.94,7.2,SPY210716C00419000,419.0,normalDay
2021-06-04,7016.0,683.0,0.0,100,422.6,416.0,0,0.0,0.0,,0.0,1,8.94,8.71,SPY210716C00419000,419.0,normalDay
2021-06-07,7016.0,681.0,0.0,100,422.19,416.0,0,0.0,0.0,,0.0,1,8.94,8.32,SPY210716C00419000,419.0,normalDay
2021-06-08,7016.0,684.0,0.0,100,422.28,416.0,0,0.0,0.0,,0.0,1,8.94,8.38,SPY210716C00419000,419.0,normalDay
2021-06-09,7016.0,631.0,0.0,100,421.65,416.0,0,0.0,0.0,,0.0,1,8.94,8.28,SPY210716C00419000,419.0,normalDay
2021-06-10,7016.0,797.0,0.0,100,423.61,416.0,0,0.0,0.0,,0.0,1,8.94,8.58,SPY210716C00419000,419.0,normalDay
2021-06-11,7016.0,846.0,0.0,100,424.31,416.0,0,0.0,0.0,,0.0,1,8.94,8.79,SPY210716C00419000,419.0,normalDay
2021-06-14,7016.0,868.0,0.0,100,425.26,416.0,0,0.0,0.0,,0.0,1,8.94,9.52,SPY210716C00419000,419.0,normalDay
2021-06-15,7016.0,853.0,0.0,100,424.48,416.0,0,0.0,0.0,,0.0,1,8.94,8.89,SPY210716C00419000,419.0,normalDay
2021-06-16,7016.0,734.0,0.0,100,422.11,416.0,0,0.0,0.0,,0.0,1,8.94,7.71,SPY210716C00419000,419.0,normalDay
2021-06-17,7016.0,768.0,0.0,100,421.97,416.0,0,0.0,0.0,,0.0,1,8.94,7.23,SPY210716C00419000,419.0,normalDay
2021-06-18,7016.0,312.0,0.0,100,414.92,416.0,0,0.0,0.0,,0.0,1,8.94,4.74,SPY210716C00419000,419.0,normalDay
2021-06-21,7016.0,661.0,0.0,100,420.86,416.0,0,0.0,0.0,,0.0,1,8.94,7.19,SPY210716C00419000,419.0,normalDay
2021-06-22,7016.0,818.0,0.0,100,423.11,416.0,0,0.0,0.0,,0.0,1,8.94,7.87,SPY210716C00419000,419.0,normalDay
2021-06-23,7016.0,802.0,0.0,100,422.6,416.0,0,0.0,0.0,,0.0,1,8.94,7.52,SPY210716C00419000,419.0,normalDay
2021-06-24,7016.0,900.0,0.0,100,425.1,416.0,0,0.0,0.0,,0.0,1,8.94,9.04,SPY210716C00419000,419.0,normalDay
2021-06-25,7016.0,966.0,0.0,100,426.61,416.0,0,0.0,0.0,,0.0,1,8.94,9.89,SPY210716C00419000,419.0,normalDay
2021-06-28,7016.0,1011.0,0.0,100,427.47,416.0,0,0.0,0.0,,0.0,1,8.94,10.3,SPY210716C00419000,419.0,normalDay
2021-06-29,7016.0,990.0,0.0,100,427.7,416.0,0,0.0,0.0,,0.0,1,8.94,10.74,SPY210716C00419000,419.0,normalDay
2021-06-30,7016.0,986.0,0.0,100,428.06,416.0,0,0.0,0.0,,0.0,1,8.94,11.14,SPY210716C00419000,419.0,normalDay
2021-07-01,7016.0,1070.0,0.0,100,430.43,416.0,0,0.0,0.0,,0.0,1,8.94,12.67,SPY210716C00419000,419.0,normalDay
2021-07-02,7016.0,1135.0,0.0,100,433.72,416.0,0,0.0,0.0,,0.0,1,8.94,15.31,SPY210716C00419000,419.0,normalDay
2021-07-06,7016.0,1145.0,0.0,100,432.93,416.0,0,0.0,0.0,,0.0,1,8.94,14.42,SPY210716C00419000,419.0,normalDay
2021-07-07,7016.0,1155.0,0.0,100,434.46,416.0,0,0.0,0.0,,0.0,1,8.94,15.85,SPY210716C00419000,419.0,normalDay
2021-07-08,7016.0,1097.0,0.0,100,430.92,416.0,0,0.0,0.0,,0.0,1,8.94,12.89,SPY210716C00419000,419.0,normalDay
2021-07-09,7016.0,1159.0,0.0,100,435.52,416.0,0,0.0,0.0,,0.0,1,8.94,16.87,SPY210716C00419000,419.0,normalDay
2021-07-12,7016.0,1172.0,0.0,100,437.08,416.0,0,0.0,0.0,,0.0,1,8.94,18.3,SPY210716C00419000,419.0,normalDay
2021-07-13,7016.0,1184.0,0.0,100,435.59,416.0,0,0.0,0.0,,0.0,1,8.94,16.69,SPY210716C00419000,419.0,normalDay
2021-07-14,7016.0,1166.0,0.0,100,436.24,416.0,0,0.0,0.0,,0.0,1,8.94,17.52,SPY210716C00419000,419.0,normalDay
2021-07-15,7016.0,1217.0,0.0,100,434.75,416.0,0,0.0,0.0,,0.0,1,8.94,15.52,SPY210716C00419000,419.0,normalDay
2021-07-16,8210.0,1217.0,1194.0,0,431.34,0.0,0,0.0,0.0,,0.0,1,8.94,0.0,SPY210716C00419000,419.0,expirationDay
2021-07-19,8210.0,-16.0,0.0,0,424.97,0.0,1,5.46,5.62,SPY210723P00429000,429.0,0,0.0,0.0,,0.0,normalDay
2021-07-20,8210.0,376.0,0.0,0,431.06,0.0,1,5.46,1.7,SPY210723P00429000,429.0,0,0.0,0.0,,0.0,normalDay
2021-07-21,8210.0,518.0,0.0,0,434.55,0.0,1,5.46,0.28,SPY210723P00429000,429.0,0,0.0,0.0,,0.0,normalDay
2021-07-22,8210.0,538.0,0.0,0,435.46,0.0,1,5.46,0.08,SPY210723P00429000,429.0,0,0.0,0.0,,0.0,normalDay
2021-07-23,8756.0,0.0,546.0,0,439.94,0.0,1,5.46,0.0,SPY210723P00429000,429.0,0,0.0,0.0,,0.0,expirationDay
2021-07-26,8756.0,-3.0,0.0,0,441.02,0.0,1,0.37,0.4,SPY210730P00432500,432.5,0,0.0,0.0,,0.0,normalDay
2021-07-27,8756.0,-51.0,0.0,0,439.01,0.0,1,0.37,0.88,SPY210730P00432500,432.5,0,0.0,0.0,,0.0,normalDay
2021-07-28,8756.0,1.0,0.0,0,438.83,0.0,1,0.37,0.36,SPY210730P00432500,432.5,0,0.0,0.0,,0.0,normalDay
2021-07-29,8756.0,31.0,0.0,0,440.65,0.0,1,0.37,0.06,SPY210730P00432500,432.5,0,0.0,0.0,,0.0,normalDay
2021-07-30,8793.0,0.0,37.0,0,438.51,0.0,1,0.37,0.0,SPY210730P00432500,432.5,0,0.0,0.0,,0.0,expirationDay
2021-08-02,8793.0,-3.0,0.0,0,437.59,0.0,1,1.62,1.65,SPY210806P00435000,435.0,0,0.0,0.0,,0.0,normalDay
2021-08-03,8793.0,116.0,0.0,0,441.15,0.0,1,1.62,0.46,SPY210806P00435000,435.0,0,0.0,0.0,,0.0,normalDay
2021-08-04,8793.0,111.0,0.0,0,438.98,0.0,1,1.62,0.51,SPY210806P00435000,435.0,0,0.0,0.0,,0.0,normalDay
2021-08-05,8793.0,152.0,0.0,0,441.76,0.0,1,1.62,0.1,SPY210806P00435000,435.0,0,0.0,0.0,,0.0,normalDay
2021-08-06,8955.0,0.0,162.0,0,442.49,0.0,1,1.62,0.0,SPY210806P00435000,435.0,0,0.0,0.0,,0.0,expirationDay
2021-08-09,8955.0,-3.0,0.0,0,442.13,0.0,1,0.5,0.53,SPY210813P00437000,437.0,0,0.0,0.0,,0.0,normalDay
2021-08-10,8955.0,4.0,0.0,0,442.68,0.0,1,0.5,0.46,SPY210813P00437000,437.0,0,0.0,0.0,,0.0,normalDay
2021-08-11,8955.0,33.0,0.0,0,443.78,0.0,1,0.5,0.17,SPY210813P00437000,437.0,0,0.0,0.0,,0.0,normalDay
2021-08-12,8955.0,43.0,0.0,0,445.11,0.0,1,0.5,0.07,SPY210813P00437000,437.0,0,0.0,0.0,,0.0,normalDay
2021-08-13,9005.0,0.0,50.0,0,445.92,0.0,1,0.5,0.0,SPY210813P00437000,437.0,0,0.0,0.0,,0.0,expirationDay
2021-08-16,9005.0,-3.0,0.0,0,446.97,0.0,1,0.39,0.42,SPY210820P00440000,440.0,0,0.0,0.0,,0.0,normalDay
2021-08-17,9005.0,-69.0,0.0,0,444.04,0.0,1,0.39,1.08,SPY210820P00440000,440.0,0,0.0,0.0,,0.0,normalDay
2021-08-18,9005.0,-273.0,0.0,0,439.18,0.0,1,0.39,3.12,SPY210820P00440000,440.0,0,0.0,0.0,,0.0,normalDay
2021-08-19,9005.0,-127.0,0.0,0,439.86,0.0,1,0.39,1.66,SPY210820P00440000,440.0,0,0.0,0.0,,0.0,normalDay
2021-08-20,9044.0,0.0,39.0,0,443.36,0.0,1,0.39,0.0,SPY210820P00440000,440.0,0,0.0,0.0,,0.0,expirationDay
2021-08-23,9044.0,-3.0,0.0,0,447.26,0.0,1,0.57,0.6,SPY210827P00442000,442.0,0,0.0,0.0,,0.0,normalDay
2021-08-24,9044.0,20.0,0.0,0,447.97,0.0,1,0.57,0.37,SPY210827P00442000,442.0,0,0.0,0.0,,0.0,normalDay
2021-08-25,9044.0,41.0,0.0,0,448.91,0.0,1,0.57,0.16,SPY210827P00442000,442.0,0,0.0,0.0,,0.0,normalDay
2021-08-26,9044.0,22.0,0.0,0,446.26,0.0,1,0.57,0.35,SPY210827P00442000,442.0,0,0.0,0.0,,0.0,normalDay
2021-08-27,9101.0,0.0,57.0,0,450.25,0.0,1,0.57,0.0,SPY210827P00442000,442.0,0,0.0,0.0,,0.0,expirationDay
2021-08-30,9101.0,-3.0,0.0,0,452.23,0.0,1,0.26,0.29,SPY210903P00444000,444.0,0,0.0,0.0,,0.0,normalDay
2021-08-31,9101.0,-3.0,0.0,0,451.56,0.0,1,0.26,0.29,SPY210903P00444000,444.0,0,0.0,0.0,,0.0,normalDay
2021-09-01,9101.0,13.0,0.0,0,451.8,0.0,1,0.26,0.13,SPY210903P00444000,444.0,0,0.0,0.0,,0.0,normalDay
2021-09-02,9101.0,18.0,0.0,0,453.19,0.0,1,0.26,0.08,SPY210903P00444000,444.0,0,0.0,0.0,,0.0,normalDay
2021-09-03,9127.0,0.0,26.0,0,453.08,0.0,1,0.26,0.0,SPY210903P00444000,444.0,0,0.0,0.0,,0.0,expirationDay
2021-09-07,9127.0,-4.0,0.0,0,451.46,0.0,1,0.95,0.99,SPY210913P00447000,447.0,0,0.0,0.0,,0.0,normalDay
2021-09-08,9127.0,10.0,0.0,0,450.91,0.0,1,0.95,0.85,SPY210913P00447000,447.0,0,0.0,0.0,,0.0,normalDay
2021-09-09,9127.0,-36.0,0.0,0,448.98,0.0,1,0.95,1.31,SPY210913P00447000,447.0,0,0.0,0.0,,0.0,normalDay
2021-09-10,9127.0,-148.0,0.0,0,445.44,0.0,1,0.95,2.43,SPY210913P00447000,447.0,0,0.0,0.0,,0.0,normalDay
2021-09-13,9222.0,-42.0,95.0,100,446.58,447.0,1,0.95,0.0,SPY210913P00447000,447.0,0,0.0,0.0,,0.0,expirationDay
2021-09-14,9222.0,-288.0,0.0,100,444.17,447.0,0,0.0,0.0,,0.0,1,7.27,7.32,SPY211119C00451000,451.0,normalDay
2021-09-15,9222.0,-40.0,0.0,100,447.88,447.0,0,0.0,0.0,,0.0,1,7.27,8.55,SPY211119C00451000,451.0,normalDay
2021-09-16,9222.0,-58.0,0.0,100,447.17,447.0,0,0.0,0.0,,0.0,1,7.27,8.02,SPY211119C00451000,451.0,normalDay
2021-09-17,9222.0,-489.0,0.0,100,441.4,447.0,0,0.0,0.0,,0.0,1,7.27,6.56,SPY211119C00451000,451.0,normalDay
2021-09-20,9222.0,-1045.0,0.0,100,434.04,447.0,0,0.0,0.0,,0.0,1,7.27,4.76,SPY211119C00451000,451.0,normalDay
2021-09-21,9222.0,-1031.0,0.0,100,433.63,447.0,0,0.0,0.0,,0.0,1,7.27,4.21,SPY211119C00451000,451.0,normalDay
2021-09-22,9222.0,-671.0,0.0,100,437.86,447.0,0,0.0,0.0,,0.0,1,7.27,4.84,SPY211119C00451000,451.0,normalDay
2021-09-23,9222.0,-272.0,0.0,100,443.18,447.0,0,0.0,0.0,,0.0,1,7.27,6.17,SPY211119C00451000,451.0,normalDay
2021-09-24,9222.0,-195.0,0.0,100,443.91,447.0,0,0.0,0.0,,0.0,1,7.27,6.13,SPY211119C00451000,451.0,normalDay
2021-09-27,9222.0,-244.0,0.0,100,442.64,447.0,0,0.0,0.0,,0.0,1,7.27,5.35,SPY211119C00451000,451.0,normalDay
2021-09-28,9222.0,-955.0,0.0,100,433.72,447.0,0,0.0,0.0,,0.0,1,7.27,3.54,SPY211119C00451000,451.0,normalDay
2021-09-29,9222.0,-885.0,0.0,100,434.45,447.0,0,0.0,0.0,,0.0,1,7.27,3.57,SPY211119C00451000,451.0,normalDay
2021-09-30,9222.0,-1275.0,0.0,100,429.14,447.0,0,0.0,0.0,,0.0,1,7.27,2.16,SPY211119C00451000,451.0,normalDay
2021-10-01,9222.0,-854.0,0.0,100,434.24,447.0,0,0.0,0.0,,0.0,1,7.27,3.05,SPY211119C00451000,451.0,normalDay
2021-10-04,9222.0,-1302.0,0.0,100,428.64,447.0,0,0.0,0.0,,0.0,1,7.27,1.93,SPY211119C00451000,451.0,normalDay
2021-10-05,9222.0,-906.0,0.0,100,433.1,447.0,0,0.0,0.0,,0.0,1,7.27,2.43,SPY211119C00451000,451.0,normalDay
2021-10-06,9222.0,-760.0,0.0,100,434.9,447.0,0,0.0,0.0,,0.0,1,7.27,2.77,SPY211119C00451000,451.0,normalDay
2021-10-07,9222.0,-457.0,0.0,100,438.66,447.0,0,0.0,0.0,,0.0,1,7.27,3.5,SPY211119C00451000,451.0,normalDay
2021-10-08,9222.0,-466.0,0.0,100,437.86,447.0,0,0.0,0.0,,0.0,1,7.27,2.79,SPY211119C00451000,451.0,normalDay
2021-10-11,9222.0,-697.0,0.0,100,434.69,447.0,0,0.0,0.0,,0.0,1,7.27,1.93,SPY211119C00451000,451.0,normalDay
2021-10-12,9222.0,-751.0,0.0,100,433.62,447.0,0,0.0,0.0,,0.0,1,7.27,1.4,SPY211119C00451000,451.0,normalDay
2021-10-13,9222.0,-616.0,0.0,100,435.18,447.0,0,0.0,0.0,,0.0,1,7.27,1.61,SPY211119C00451000,451.0,normalDay
2021-10-14,9222.0,-34.0,0.0,100,442.5,447.0,0,0.0,0.0,,0.0,1,7.27,3.11,SPY211119C00451000,451.0,normalDay
2021-10-15,9222.0,192.0,0.0,100,445.87,447.0,0,0.0,0.0,,0.0,1,7.27,4.22,SPY211119C00451000,451.0,normalDay
2021-10-18,9222.0,288.0,0.0,100,447.19,447.0,0,0.0,0.0,,0.0,1,7.27,4.58,SPY211119C00451000,451.0,normalDay
2021-10-19,9222.0,451.0,0.0,100,450.64,447.0,0,0.0,0.0,,0.0,1,7.27,6.4,SPY211119C00451000,451.0,normalDay
2021-10-20,9222.0,576.0,0.0,100,452.41,447.0,0,0.0,0.0,,0.0,1,7.27,6.92,SPY211119C00451000,451.0,normalDay
2021-10-21,9222.0,623.0,0.0,100,453.59,447.0,0,0.0,0.0,,0.0,1,7.27,7.63,SPY211119C00451000,451.0,normalDay
2021-10-22,9222.0,615.0,0.0,100,453.12,447.0,0,0.0,0.0,,0.0,1,7.27,7.24,SPY211119C00451000,451.0,normalDay
2021-10-25,9222.0,748.0,0.0,100,455.55,447.0,0,0.0,0.0,,0.0,1,7.27,8.34,SPY211119C00451000,451.0,normalDay
2021-10-26,9222.0,686.0,0.0,100,455.96,447.0,0,0.0,0.0,,0.0,1,7.27,9.37,SPY211119C00451000,451.0,normalDay
2021-10-27,9222.0,601.0,0.0,100,453.94,447.0,0,0.0,0.0,,0.0,1,7.27,8.2,SPY211119C00451000,451.0,normalDay
2021-10-28,9222.0,797.0,0.0,100,458.32,447.0,0,0.0,0.0,,0.0,1,7.27,10.62,SPY211119C00451000,451.0,normalDay
2021-10-29,9222.0,792.0,0.0,100,459.25,447.0,0,0.0,0.0,,0.0,1,7.27,11.6,SPY211119C00451000,451.0,normalDay
2021-11-01,9222.0,852.0,0.0,100,460.04,447.0,0,0.0,0.0,,0.0,1,7.27,11.79,SPY211119C00451000,451.0,normalDay
2021-11-02,9222.0,924.0,0.0,100,461.9,447.0,0,0.0,0.0,,0.0,1,7.27,12.93,SPY211119C00451000,451.0,normalDay
2021-11-03,9222.0,986.0,0.0,100,464.72,447.0,0,0.0,0.0,,0.0,1,7.27,15.13,SPY211119C00451000,451.0,normalDay
2021-11-04,9222.0,1032.0,0.0,100,466.91,447.0,0,0.0,0.0,,0.0,1,7.27,16.86,SPY211119C00451000,451.0,normalDay
2021-11-05,9222.0,1036.0,0.0,100,468.53,447.0,0,0.0,0.0,,0.0,1,7.27,18.44,SPY211119C00451000,451.0,normalDay
2021-11-08,9222.0,1066.0,0.0,100,468.93,447.0,0,0.0,0.0,,0.0,1,7.27,18.54,SPY211119C00451000,451.0,normalDay
2021-11-09,9222.0,1058.0,0.0,100,467.38,447.0,0,0.0,0.0,,0.0,1,7.27,17.07,SPY211119C00451000,451.0,normalDay
2021-11-10,9222.0,1001.0,0.0,100,463.62,447.0,0,0.0,0.0,,0.0,1,7.27,13.88,SPY211119C00451000,451.0,normalDay
2021-11-11,9222.0,1013.0,0.0,100,463.77,447.0,0,0.0,0.0,,0.0,1,7.27,13.91,SPY211119C00451000,451.0,normalDay
2021-11-12,9222.0,1063.0,0.0,100,467.27,447.0,0,0.0,0.0,,0.0,1,7.27,16.91,SPY211119C00451000,451.0,normalDay
2021-11-15,9222.0,1114.0,0.0,100,467.43,447.0,0,0.0,0.0,,0.0,1,7.27,16.56,SPY211119C00451000,451.0,normalDay
2021-11-16,9222.0,1104.0,0.0,100,469.28,447.0,0,0.0,0.0,,0.0,1,7.27,18.51,SPY211119C00451000,451.0,normalDay
2021-11-17,9222.0,1134.0,0.0,100,468.14,447.0,0,0.0,0.0,,0.0,1,7.27,17.07,SPY211119C00451000,451.0,normalDay
2021-11-18,9222.0,1111.0,0.0,100,469.73,447.0,0,0.0,0.0,,0.0,1,7.27,18.89,SPY211119C00451000,451.0,normalDay
2021-11-19,10349.0,1111.0,1127.0,0,468.89,0.0,0,0.0,0.0,,0.0,1,7.27,0.0,SPY211119C00451000,451.0,expirationDay
2021-11-22,10349.0,-5.0,0.0,0,467.57,0.0,1,1.17,1.22,SPY211126P00464000,464.0,0,0.0,0.0,,0.0,normalDay
2021-11-23,10349.0,36.0,0.0,0,468.19,0.0,1,1.17,0.81,SPY211126P00464000,464.0,0,0.0,0.0,,0.0,normalDay
2021-11-24,10349.0,103.0,0.0,0,469.44,0.0,1,1.17,0.14,SPY211126P00464000,464.0,0,0.0,0.0,,0.0,normalDay
2021-11-26,10466.0,-503.0,117.0,100,458.97,464.0,1,1.17,0.0,SPY211126P00464000,464.0,0,0.0,0.0,,0.0,expirationDay
2021-11-29,10466.0,51.0,0.0,100,464.6,464.0,0,0.0,0.0,,0.0,1,12.42,12.51,SPY220218C00469000,469.0,normalDay
2021-11-30,10466.0,-622.0,0.0,100,455.56,464.0,0,0.0,0.0,,0.0,1,12.42,10.2,SPY220218C00469000,469.0,normalDay
2021-12-01,10466.0,-959.0,0.0,100,450.5,464.0,0,0.0,0.0,,0.0,1,12.42,8.51,SPY220218C00469000,469.0,normalDay
2021-12-02,10466.0,-449.0,0.0,100,457.4,464.0,0,0.0,0.0,,0.0,1,12.42,10.31,SPY220218C00469000,469.0,normalDay
2021-12-03,10466.0,-751.0,0.0,100,453.42,464.0,0,0.0,0.0,,0.0,1,12.42,9.35,SPY220218C00469000,469.0,normalDay
2021-12-06,10466.0,-318.0,0.0,100,458.79,464.0,0,0.0,0.0,,0.0,1,12.42,10.39,SPY220218C00469000,469.0,normalDay
2021-12-07,10466.0,285.0,0.0,100,468.28,464.0,0,0.0,0.0,,0.0,1,12.42,13.85,SPY220218C00469000,469.0,normalDay
2021-12-08,10466.0,429.0,0.0,100,469.52,464.0,0,0.0,0.0,,0.0,1,12.42,13.65,SPY220218C00469000,469.0,normalDay
2021-12-09,10466.0,268.0,0.0,100,466.35,464.0,0,0.0,0.0,,0.0,1,12.42,12.09,SPY220218C00469000,469.0,normalDay
2021-12-10,10466.0,549.0,0.0,100,470.74,464.0,0,0.0,0.0,,0.0,1,12.42,13.67,SPY220218C00469000,469.0,normalDay
2021-12-13,10466.0,336.0,0.0,100,466.57,464.0,0,0.0,0.0,,0.0,1,12.42,11.63,SPY220218C00469000,469.0,normalDay
2021-12-14,10466.0,140.0,0.0,100,463.36,464.0,0,0.0,0.0,,0.0,1,12.42,10.38,SPY220218C00469000,469.0,normalDay
2021-12-15,10466.0,553.0,0.0,100,470.6,464.0,0,0.0,0.0,,0.0,1,12.42,13.49,SPY220218C00469000,469.0,normalDay
2021-12-16,10466.0,331.0,0.0,100,466.45,464.0,0,0.0,0.0,,0.0,1,12.42,11.56,SPY220218C00469000,469.0,normalDay
2021-12-17,10466.0,-115.0,0.0,100,459.87,464.0,0,0.0,0.0,,0.0,1,12.42,9.44,SPY220218C00469000,469.0,normalDay
2021-12-20,10466.0,-378.0,0.0,100,454.98,464.0,0,0.0,0.0,,0.0,1,12.42,7.18,SPY220218C00469000,469.0,normalDay
2021-12-21,10466.0,146.0,0.0,100,463.06,464.0,0,0.0,0.0,,0.0,1,12.42,10.02,SPY220218C00469000,469.0,normalDay
2021-12-22,10466.0,452.0,0.0,100,467.69,464.0,0,0.0,0.0,,0.0,1,12.42,11.59,SPY220218C00469000,469.0,normalDay
2021-12-23,10466.0,594.0,0.0,100,470.6,464.0,0,0.0,0.0,,0.0,1,12.42,13.08,SPY220218C00469000,469.0,normalDay
2021-12-27,10466.0,884.0,0.0,100,477.26,464.0,0,0.0,0.0,,0.0,1,12.42,16.84,SPY220218C00469000,469.0,normalDay
2021-12-28,10466.0,877.0,0.0,100,476.87,464.0,0,0.0,0.0,,0.0,1,12.42,16.52,SPY220218C00469000,469.0,normalDay
2021-12-29,10466.0,955.0,0.0,100,477.48,464.0,0,0.0,0.0,,0.0,1,12.42,16.35,SPY220218C00469000,469.0,normalDay
2021-12-30,10466.0,944.0,0.0,100,476.16,464.0,0,0.0,0.0,,0.0,1,12.42,15.14,SPY220218C00469000,469.0,normalDay
2021-12-31,10466.0,905.0,0.0,100,474.96,464.0,0,0.0,0.0,,0.0,1,12.42,14.33,SPY220218C00469000,469.0,normalDay
2022-01-03,10466.0,1065.0,0.0,100,477.71,464.0,0,0.0,0.0,,0.0,1,12.42,15.48,SPY220218C00469000,469.0,normalDay
2022-01-04,10466.0,1064.0,0.0,100,477.55,464.0,0,0.0,0.0,,0.0,1,12.42,15.33,SPY220218C00469000,469.0,normalDay
2022-01-05,10466.0,634.0,0.0,100,468.38,464.0,0,0.0,0.0,,0.0,1,12.42,10.46,SPY220218C00469000,469.0,normalDay
2022-01-06,10466.0,635.0,0.0,100,467.94,464.0,0,0.0,0.0,,0.0,1,12.42,10.01,SPY220218C00469000,469.0,normalDay
2022-01-07,10466.0,596.0,0.0,100,466.09,464.0,0,0.0,0.0,,0.0,1,12.42,8.55,SPY220218C00469000,469.0,normalDay
2022-01-10,10466.0,636.0,0.0,100,465.51,464.0,0,0.0,0.0,,0.0,1,12.42,7.57,SPY220218C00469000,469.0,normalDay
2022-01-11,10466.0,847.0,0.0,100,469.75,464.0,0,0.0,0.0,,0.0,1,12.42,9.7,SPY220218C00469000,469.0,normalDay
2022-01-12,10466.0,902.0,0.0,100,471.02,464.0,0,0.0,0.0,,0.0,1,12.42,10.42,SPY220218C00469000,469.0,normalDay
2022-01-13,10466.0,569.0,0.0,100,464.53,464.0,0,0.0,0.0,,0.0,1,12.42,7.26,SPY220218C00469000,469.0,normalDay
2022-01-14,10466.0,614.0,0.0,100,464.72,464.0,0,0.0,0.0,,0.0,1,12.42,7.0,SPY220218C00469000,469.0,normalDay
2022-01-18,10466.0,79.0,0.0,100,456.49,464.0,0,0.0,0.0,,0.0,1,12.42,4.12,SPY220218C00469000,469.0,normalDay
2022-01-19,10466.0,-257.0,0.0,100,451.75,464.0,0,0.0,0.0,,0.0,1,12.42,2.74,SPY220218C00469000,469.0,normalDay
2022-01-20,10466.0,-645.0,0.0,100,446.75,464.0,0,0.0,0.0,,0.0,1,12.42,1.62,SPY220218C00469000,469.0,normalDay
2022-01-21,10466.0,-1453.0,0.0,100,437.98,464.0,0,0.0,0.0,,0.0,1,12.42,0.93,SPY220218C00469000,469.0,normalDay
2022-01-24,10466.0,-1282.0,0.0,100,439.84,464.0,0,0.0,0.0,,0.0,1,12.42,1.08,SPY220218C00469000,469.0,normalDay
2022-01-25,10466.0,-1769.0,0.0,100,434.47,464.0,0,0.0,0.0,,0.0,1,12.42,0.58,SPY220218C00469000,469.0,normalDay
2022-01-26,10466.0,-1884.0,0.0,100,433.38,464.0,0,0.0,0.0,,0.0,1,12.42,0.64,SPY220218C00469000,469.0,normalDay
2022-01-27,10466.0,-2079.0,0.0,100,431.24,464.0,0,0.0,0.0,,0.0,1,12.42,0.45,SPY220218C00469000,469.0,normalDay
2022-01-28,10466.0,-1058.0,0.0,100,441.95,464.0,0,0.0,0.0,,0.0,1,12.42,0.95,SPY220218C00469000,469.0,normalDay
2022-01-31,10466.0,-291.0,0.0,100,449.91,464.0,0,0.0,0.0,,0.0,1,12.42,1.24,SPY220218C00469000,469.0,normalDay
2022-02-01,10466.0,17.0,0.0,100,452.95,464.0,0,0.0,0.0,,0.0,1,12.42,1.2,SPY220218C00469000,469.0,normalDay
2022-02-02,10466.0,443.0,0.0,100,457.35,464.0,0,0.0,0.0,,0.0,1,12.42,1.34,SPY220218C00469000,469.0,normalDay
2022-02-03,10466.0,-584.0,0.0,100,446.6,464.0,0,0.0,0.0,,0.0,1,12.42,0.86,SPY220218C00469000,469.0,normalDay
2022-02-04,10466.0,-331.0,0.0,100,448.7,464.0,0,0.0,0.0,,0.0,1,12.42,0.43,SPY220218C00469000,469.0,normalDay
2022-02-07,10466.0,-458.0,0.0,100,447.26,464.0,0,0.0,0.0,,0.0,1,12.42,0.26,SPY220218C00469000,469.0,normalDay
2022-02-08,10466.0,-95.0,0.0,100,450.94,464.0,0,0.0,0.0,,0.0,1,12.42,0.31,SPY220218C00469000,469.0,normalDay
2022-02-09,10466.0,511.0,0.0,100,457.54,464.0,0,0.0,0.0,,0.0,1,12.42,0.85,SPY220218C00469000,469.0,normalDay
2022-02-10,10466.0,-252.0,0.0,100,449.32,464.0,0,0.0,0.0,,0.0,1,12.42,0.26,SPY220218C00469000,469.0,normalDay
2022-02-11,10466.0,-1117.0,0.0,100,440.46,464.0,0,0.0,0.0,,0.0,1,12.42,0.05,SPY220218C00469000,469.0,normalDay
2022-02-14,10466.0,-1259.0,0.0,100,439.02,464.0,0,0.0,0.0,,0.0,1,12.42,0.03,SPY220218C00469000,469.0,normalDay
2022-02-15,10466.0,-551.0,0.0,100,446.1,464.0,0,0.0,0.0,,0.0,1,12.42,0.03,SPY220218C00469000,469.0,normalDay
2022-02-16,10466.0,-499.0,0.0,100,446.6,464.0,0,0.0,0.0,,0.0,1,12.42,0.01,SPY220218C00469000,469.0,normalDay
2022-02-17,10466.0,-1453.0,0.0,100,437.06,464.0,0,0.0,0.0,,0.0,1,12.42,0.01,SPY220218C00469000,469.0,normalDay
2022-02-18,11708.0,-2977.0,1242.0,100,434.23,464.0,0,0.0,0.0,,0.0,1,12.42,0.0,SPY220218C00469000,469.0,expirationDay
2022-02-22,11708.0,-3452.0,0.0,100,429.57,464.0,0,0.0,0.0,,0.0,1,8.4,8.49,SPY220520C00451000,451.0,normalDay
2022-02-23,11708.0,-3976.0,0.0,100,421.95,464.0,0,0.0,0.0,,0.0,1,8.4,6.11,SPY220520C00451000,451.0,normalDay
2022-02-24,11708.0,-3448.0,0.0,100,428.3,464.0,0,0.0,0.0,,0.0,1,8.4,7.18,SPY220520C00451000,451.0,normalDay
2022-02-25,11708.0,-2860.0,0.0,100,437.75,464.0,0,0.0,0.0,,0.0,1,8.4,10.75,SPY220520C00451000,451.0,normalDay
2022-02-28,11708.0,-2971.0,0.0,100,436.63,464.0,0,0.0,0.0,,0.0,1,8.4,10.74,SPY220520C00451000,451.0,normalDay
2022-03-01,11708.0,-3517.0,0.0,100,429.98,464.0,0,0.0,0.0,,0.0,1,8.4,9.55,SPY220520C00451000,451.0,normalDay
2022-03-02,11708.0,-2921.0,0.0,100,437.89,464.0,0,0.0,0.0,,0.0,1,8.4,11.5,SPY220520C00451000,451.0,normalDay
2022-03-03,11708.0,-3058.0,0.0,100,435.71,464.0,0,0.0,0.0,,0.0,1,8.4,10.69,SPY220520C00451000,451.0,normalDay
2022-03-04,11708.0,-3289.0,0.0,100,432.17,464.0,0,0.0,0.0,,0.0,1,8.4,9.46,SPY220520C00451000,451.0,normalDay
2022-03-07,11708.0,-4200.0,0.0,100,419.43,464.0,0,0.0,0.0,,0.0,1,8.4,5.83,SPY220520C00451000,451.0,normalDay
2022-03-08,11708.0,-4396.0,0.0,100,416.25,464.0,0,0.0,0.0,,0.0,1,8.4,4.61,SPY220520C00451000,451.0,normalDay
2022-03-09,11708.0,-3575.0,0.0,100,427.41,464.0,0,0.0,0.0,,0.0,1,8.4,7.56,SPY220520C00451000,451.0,normalDay
2022-03-10,11708.0,-3620.0,0.0,100,425.48,464.0,0,0.0,0.0,,0.0,1,8.4,6.08,SPY220520C00451000,451.0,normalDay
2022-03-11,11708.0,-4024.0,0.0,100,420.07,464.0,0,0.0,0.0,,0.0,1,8.4,4.71,SPY220520C00451000,451.0,normalDay
2022-03-14,11708.0,-4262.0,0.0,100,417.0,464.0,0,0.0,0.0,,0.0,1,8.4,4.02,SPY220520C00451000,451.0,normalDay
2022-03-15,11708.0,-3514.0,0.0,100,426.17,464.0,0,0.0,0.0,,0.0,1,8.4,5.71,SPY220520C00451000,451.0,normalDay
2022-03-16,11708.0,-2776.0,0.0,100,435.62,464.0,0,0.0,0.0,,0.0,1,8.4,7.78,SPY220520C00451000,451.0,normalDay
2022-03-17,11708.0,-2380.0,0.0,100,441.07,464.0,0,0.0,0.0,,0.0,1,8.4,9.27,SPY220520C00451000,451.0,normalDay
2022-03-18,11708.0,-2245.0,0.0,100,444.52,464.0,0,0.0,0.0,,0.0,1,8.4,11.37,SPY220520C00451000,451.0,normalDay
2022-03-21,11708.0,-2211.0,0.0,100,444.39,464.0,0,0.0,0.0,,0.0,1,8.4,10.9,SPY220520C00451000,451.0,normalDay
2022-03-22,11708.0,-1916.0,0.0,100,449.59,464.0,0,0.0,0.0,,0.0,1,8.4,13.15,SPY220520C00451000,451.0,normalDay
2022-03-23,11708.0,-2186.0,0.0,100,443.8,464.0,0,0.0,0.0,,0.0,1,8.4,10.06,SPY220520C00451000,451.0,normalDay
2022-03-24,11708.0,-1825.0,0.0,100,450.49,464.0,0,0.0,0.0,,0.0,1,8.4,13.14,SPY220520C00451000,451.0,normalDay
2022-03-25,11708.0,-1692.0,0.0,100,452.69,464.0,0,0.0,0.0,,0.0,1,8.4,14.01,SPY220520C00451000,451.0,normalDay
2022-03-28,11708.0,-1535.0,0.0,100,455.91,464.0,0,0.0,0.0,,0.0,1,8.4,15.66,SPY220520C00451000,451.0,normalDay
2022-03-29,11708.0,-1293.0,0.0,100,461.55,464.0,0,0.0,0.0,,0.0,1,8.4,18.88,SPY220520C00451000,451.0,normalDay
2022-03-30,11708.0,-1447.0,0.0,100,458.7,464.0,0,0.0,0.0,,0.0,1,8.4,17.57,SPY220520C00451000,451.0,normalDay
2022-03-31,11708.0,-1715.0,0.0,100,451.64,464.0,0,0.0,0.0,,0.0,1,8.4,13.19,SPY220520C00451000,451.0,normalDay
2022-04-01,11708.0,-1531.0,0.0,100,452.92,464.0,0,0.0,0.0,,0.0,1,8.4,12.63,SPY220520C00451000,451.0,normalDay
2022-04-04,11708.0,-1324.0,0.0,100,456.8,464.0,0,0.0,0.0,,0.0,1,8.4,14.44,SPY220520C00451000,451.0,normalDay
2022-04-05,11708.0,-1624.0,0.0,100,451.03,464.0,0,0.0,0.0,,0.0,1,8.4,11.67,SPY220520C00451000,451.0,normalDay
2022-04-06,11708.0,-1810.0,0.0,100,446.52,464.0,0,0.0,0.0,,0.0,1,8.4,9.02,SPY220520C00451000,451.0,normalDay
2022-04-07,11708.0,-1685.0,0.0,100,448.77,464.0,0,0.0,0.0,,0.0,1,8.4,10.02,SPY220520C00451000,451.0,normalDay
2022-04-08,11708.0,-1714.0,0.0,100,447.57,464.0,0,0.0,0.0,,0.0,1,8.4,9.11,SPY220520C00451000,451.0,normalDay
2022-04-11,11708.0,-2158.0,0.0,100,439.92,464.0,0,0.0,0.0,,0.0,1,8.4,5.9,SPY220520C00451000,451.0,normalDay
2022-04-12,11708.0,-2243.0,0.0,100,438.29,464.0,0,0.0,0.0,,0.0,1,8.4,5.12,SPY220520C00451000,451.0,normalDay
2022-04-13,11708.0,-1840.0,0.0,100,443.31,464.0,0,0.0,0.0,,0.0,1,8.4,6.11,SPY220520C00451000,451.0,normalDay
2022-04-14,11708.0,-2197.0,0.0,100,437.79,464.0,0,0.0,0.0,,0.0,1,8.4,4.16,SPY220520C00451000,451.0,normalDay
2022-04-18,11708.0,-2172.0,0.0,100,437.97,464.0,0,0.0,0.0,,0.0,1,8.4,4.09,SPY220520C00451000,451.0,normalDay
2022-04-19,11708.0,-1598.0,0.0,100,445.04,464.0,0,0.0,0.0,,0.0,1,8.4,5.42,SPY220520C00451000,451.0,normalDay
2022-04-20,11708.0,-1705.0,0.0,100,444.71,464.0,0,0.0,0.0,,0.0,1,8.4,6.16,SPY220520C00451000,451.0,normalDay
2022-04-21,11708.0,-2091.0,0.0,100,438.06,464.0,0,0.0,0.0,,0.0,1,8.4,3.37,SPY220520C00451000,451.0,normalDay
2022-04-22,11708.0,-3078.0,0.0,100,426.04,464.0,0,0.0,0.0,,0.0,1,8.4,1.22,SPY220520C00451000,451.0,normalDay
2022-04-25,11708.0,-2847.0,0.0,100,428.51,464.0,0,0.0,0.0,,0.0,1,8.4,1.38,SPY220520C00451000,451.0,normalDay
2022-04-26,11708.0,-4000.0,0.0,100,416.1,464.0,0,0.0,0.0,,0.0,1,8.4,0.5,SPY220520C00451000,451.0,normalDay
2022-04-27,11708.0,-3885.0,0.0,100,417.27,464.0,0,0.0,0.0,,0.0,1,8.4,0.52,SPY220520C00451000,451.0,normalDay
2022-04-28,11708.0,-2891.0,0.0,100,427.81,464.0,0,0.0,0.0,,0.0,1,8.4,1.12,SPY220520C00451000,451.0,normalDay
2022-04-29,11708.0,-4400.0,0.0,100,412.0,464.0,0,0.0,0.0,,0.0,1,8.4,0.4,SPY220520C00451000,451.0,normalDay
2022-05-02,11708.0,-4152.0,0.0,100,414.48,464.0,0,0.0,0.0,,0.0,1,8.4,0.4,SPY220520C00451000,451.0,normalDay
2022-05-03,11708.0,-3952.0,0.0,100,416.38,464.0,0,0.0,0.0,,0.0,1,8.4,0.3,SPY220520C00451000,451.0,normalDay
2022-05-04,11708.0,-2729.0,0.0,100,429.06,464.0,0,0.0,0.0,,0.0,1,8.4,0.75,SPY220520C00451000,451.0,normalDay
2022-05-05,11708.0,-4203.0,0.0,100,413.81,464.0,0,0.0,0.0,,0.0,1,8.4,0.24,SPY220520C00451000,451.0,normalDay
2022-05-06,11708.0,-4435.0,0.0,100,411.34,464.0,0,0.0,0.0,,0.0,1,8.4,0.09,SPY220520C00451000,451.0,normalDay
2022-05-09,11708.0,-5749.0,0.0,100,398.17,464.0,0,0.0,0.0,,0.0,1,8.4,0.06,SPY220520C00451000,451.0,normalDay
2022-05-10,11708.0,-5654.0,0.0,100,399.09,464.0,0,0.0,0.0,,0.0,1,8.4,0.03,SPY220520C00451000,451.0,normalDay
2022-05-11,11708.0,-6288.0,0.0,100,392.75,464.0,0,0.0,0.0,,0.0,1,8.4,0.03,SPY220520C00451000,451.0,normalDay
2022-05-12,11708.0,-6328.0,0.0,100,392.34,464.0,0,0.0,0.0,,0.0,1,8.4,0.02,SPY220520C00451000,451.0,normalDay
2022-05-13,11708.0,-5390.0,0.0,100,401.72,464.0,0,0.0,0.0,,0.0,1,8.4,0.02,SPY220520C00451000,451.0,normalDay
2022-05-16,11708.0,-5553.0,0.0,100,400.09,464.0,0,0.0,0.0,,0.0,1,8.4,0.02,SPY220520C00451000,451.0,normalDay
2022-05-17,11708.0,-4729.0,0.0,100,408.32,464.0,0,0.0,0.0,,0.0,1,8.4,0.01,SPY220520C00451000,451.0,normalDay
2022-05-18,11708.0,-6375.0,0.0,100,391.86,464.0,0,0.0,0.0,,0.0,1,8.4,0.01,SPY220520C00451000,451.0,normalDay
2022-05-19,11708.0,-6615.0,0.0,100,389.46,464.0,0,0.0,0.0,,0.0,1,8.4,0.01,SPY220520C00451000,451.0,normalDay
2022-05-20,12548.0,-7437.0,840.0,100,389.63,464.0,0,0.0,0.0,,0.0,1,8.4,0.0,SPY220520C00451000,451.0,expirationDay
2022-05-23,12548.0,-6714.0,0.0,100,396.92,464.0,0,0.0,0.0,,0.0,1,6.43,6.49,SPY220715C00416000,416.0,normalDay
2022-05-24,12548.0,-6936.0,0.0,100,393.89,464.0,0,0.0,0.0,,0.0,1,6.43,5.68,SPY220715C00416000,416.0,normalDay
2022-05-25,12548.0,-6646.0,0.0,100,397.37,464.0,0,0.0,0.0,,0.0,1,6.43,6.26,SPY220715C00416000,416.0,normalDay
2022-05-26,12548.0,-6090.0,0.0,100,405.31,464.0,0,0.0,0.0,,0.0,1,6.43,8.64,SPY220715C00416000,416.0,normalDay
2022-05-27,12548.0,-5547.0,0.0,100,415.26,464.0,0,0.0,0.0,,0.0,1,6.43,13.16,SPY220715C00416000,416.0,normalDay
2022-05-31,12548.0,-5578.0,0.0,100,412.93,464.0,0,0.0,0.0,,0.0,1,6.43,11.14,SPY220715C00416000,416.0,normalDay
2022-06-01,12548.0,-5715.0,0.0,100,409.59,464.0,0,0.0,0.0,,0.0,1,6.43,9.17,SPY220715C00416000,416.0,normalDay
2022-06-02,12548.0,-5300.0,0.0,100,417.39,464.0,0,0.0,0.0,,0.0,1,6.43,12.82,SPY220715C00416000,416.0,normalDay
2022-06-03,12548.0,-5625.0,0.0,100,410.54,464.0,0,0.0,0.0,,0.0,1,6.43,9.22,SPY220715C00416000,416.0,normalDay
2022-06-06,12548.0,-5506.0,0.0,100,411.79,464.0,0,0.0,0.0,,0.0,1,6.43,9.28,SPY220715C00416000,416.0,normalDay
2022-06-07,12548.0,-5259.0,0.0,100,415.74,464.0,0,0.0,0.0,,0.0,1,6.43,10.76,SPY220715C00416000,416.0,normalDay
2022-06-08,12548.0,-5482.0,0.0,100,411.22,464.0,0,0.0,0.0,,0.0,1,6.43,8.47,SPY220715C00416000,416.0,normalDay
2022-06-09,12548.0,-6119.0,0.0,100,401.44,464.0,0,0.0,0.0,,0.0,1,6.43,5.06,SPY220715C00416000,416.0,normalDay
2022-06-10,12548.0,-7011.0,0.0,100,389.8,464.0,0,0.0,0.0,,0.0,1,6.43,2.34,SPY220715C00416000,416.0,normalDay
2022-06-13,12548.0,-8345.0,0.0,100,375.0,464.0,0,0.0,0.0,,0.0,1,6.43,0.88,SPY220715C00416000,416.0,normalDay
2022-06-14,12548.0,-8437.0,0.0,100,373.87,464.0,0,0.0,0.0,,0.0,1,6.43,0.67,SPY220715C00416000,416.0,normalDay
2022-06-15,12548.0,-7923.0,0.0,100,379.2,464.0,0,0.0,0.0,,0.0,1,6.43,0.86,SPY220715C00416000,416.0,normalDay
2022-06-16,12548.0,-9128.0,0.0,100,366.65,464.0,0,0.0,0.0,,0.0,1,6.43,0.36,SPY220715C00416000,416.0,normalDay
2022-06-17,12548.0,-9209.0,0.0,100,365.86,464.0,0,0.0,0.0,,0.0,1,6.43,0.38,SPY220715C00416000,416.0,normalDay
2022-06-21,12548.0,-8294.0,0.0,100,375.07,464.0,0,0.0,0.0,,0.0,1,6.43,0.44,SPY220715C00416000,416.0,normalDay
2022-06-22,12548.0,-8359.0,0.0,100,374.39,464.0,0,0.0,0.0,,0.0,1,6.43,0.41,SPY220715C00416000,416.0,normalDay
2022-06-23,12548.0,-7994.0,0.0,100,378.06,464.0,0,0.0,0.0,,0.0,1,6.43,0.43,SPY220715C00416000,416.0,normalDay
2022-06-24,12548.0,-6853.0,0.0,100,390.08,464.0,0,0.0,0.0,,0.0,1,6.43,1.04,SPY220715C00416000,416.0,normalDay
2022-06-27,12548.0,-6979.0,0.0,100,388.59,464.0,0,0.0,0.0,,0.0,1,6.43,0.81,SPY220715C00416000,416.0,normalDay
2022-06-28,12548.0,-7721.0,0.0,100,380.65,464.0,0,0.0,0.0,,0.0,1,6.43,0.29,SPY220715C00416000,416.0,normalDay
2022-06-29,12548.0,-7750.0,0.0,100,380.34,464.0,0,0.0,0.0,,0.0,1,6.43,0.27,SPY220715C00416000,416.0,normalDay
2022-06-30,12548.0,-8046.0,0.0,100,377.25,464.0,0,0.0,0.0,,0.0,1,6.43,0.14,SPY220715C00416000,416.0,normalDay
2022-07-01,12548.0,-7643.0,0.0,100,381.24,464.0,0,0.0,0.0,,0.0,1,6.43,0.1,SPY220715C00416000,416.0,normalDay
2022-07-05,12548.0,-7568.0,0.0,100,381.96,464.0,0,0.0,0.0,,0.0,1,6.43,0.07,SPY220715C00416000,416.0,normalDay
2022-07-06,12548.0,-7438.0,0.0,100,383.25,464.0,0,0.0,0.0,,0.0,1,6.43,0.06,SPY220715C00416000,416.0,normalDay
2022-07-07,12548.0,-6864.0,0.0,100,388.99,464.0,0,0.0,0.0,,0.0,1,6.43,0.06,SPY220715C00416000,416.0,normalDay
2022-07-08,12548.0,-6893.0,0.0,100,388.67,464.0,0,0.0,0.0,,0.0,1,6.43,0.03,SPY220715C00416000,416.0,normalDay
2022-07-11,12548.0,-7336.0,0.0,100,384.23,464.0,0,0.0,0.0,,0.0,1,6.43,0.02,SPY220715C00416000,416.0,normalDay
2022-07-12,12548.0,-7675.0,0.0,100,380.83,464.0,0,0.0,0.0,,0.0,1,6.43,0.01,SPY220715C00416000,416.0,normalDay
2022-07-13,12548.0,-7875.0,0.0,100,378.83,464.0,0,0.0,0.0,,0.0,1,6.43,0.01,SPY220715C00416000,416.0,normalDay
2022-07-14,12548.0,-7967.0,0.0,100,377.91,464.0,0,0.0,0.0,,0.0,1,6.43,0.01,SPY220715C00416000,416.0,normalDay
2022-07-15,13191.0,-7887.0,643.0,100,385.13,464.0,0,0.0,0.0,,0.0,1,6.43,0.0,SPY220715C00416000,416.0,expirationDay
2022-07-18,13191.0,-8212.0,0.0,100,381.95,464.0,0,0.0,0.0,,0.0,1,14.27,14.34,SPY220930C00386000,386.0,normalDay
2022-07-19,13191.0,-7808.0,0.0,100,392.27,464.0,0,0.0,0.0,,0.0,1,14.27,20.62,SPY220930C00386000,386.0,normalDay
2022-07-20,13191.0,-7684.0,0.0,100,394.77,464.0,0,0.0,0.0,,0.0,1,14.27,21.88,SPY220930C00386000,386.0,normalDay
2022-07-21,13191.0,-7465.0,0.0,100,398.79,464.0,0,0.0,0.0,,0.0,1,14.27,23.71,SPY220930C00386000,386.0,normalDay
2022-07-22,13191.0,-7548.0,0.0,100,395.09,464.0,0,0.0,0.0,,0.0,1,14.27,20.84,SPY220930C00386000,386.0,normalDay
2022-07-25,13191.0,-7556.0,0.0,100,395.57,464.0,0,0.0,0.0,,0.0,1,14.27,21.4,SPY220930C00386000,386.0,normalDay
2022-07-26,13191.0,-7772.0,0.0,100,390.89,464.0,0,0.0,0.0,,0.0,1,14.27,18.88,SPY220930C00386000,386.0,normalDay
2022-07-27,13191.0,-7280.0,0.0,100,401.04,464.0,0,0.0,0.0,,0.0,1,14.27,24.11,SPY220930C00386000,386.0,normalDay
2022-07-28,13191.0,-7244.0,0.0,100,406.07,464.0,0,0.0,0.0,,0.0,1,14.27,28.78,SPY220930C00386000,386.0,normalDay
2022-07-29,13191.0,-7017.0,0.0,100,411.99,464.0,0,0.0,0.0,,0.0,1,14.27,32.43,SPY220930C00386000,386.0,normalDay
2022-08-01,13191.0,-7078.0,0.0,100,410.77,464.0,0,0.0,0.0,,0.0,1,14.27,31.82,SPY220930C00386000,386.0,normalDay
2022-08-02,13191.0,-7147.0,0.0,100,408.06,464.0,0,0.0,0.0,,0.0,1,14.27,29.8,SPY220930C00386000,386.0,normalDay
2022-08-03,13191.0,-6965.0,0.0,100,414.45,464.0,0,0.0,0.0,,0.0,1,14.27,34.37,SPY220930C00386000,386.0,normalDay
2022-08-04,13191.0,-7001.0,0.0,100,414.17,464.0,0,0.0,0.0,,0.0,1,14.27,34.45,SPY220930C00386000,386.0,normalDay
2022-08-05,13191.0,-6923.0,0.0,100,413.47,464.0,0,0.0,0.0,,0.0,1,14.27,32.97,SPY220930C00386000,386.0,normalDay
2022-08-08,13191.0,-6957.0,0.0,100,412.99,464.0,0,0.0,0.0,,0.0,1,14.27,32.83,SPY220930C00386000,386.0,normalDay
2022-08-09,13191.0,-6995.0,0.0,100,411.35,464.0,0,0.0,0.0,,0.0,1,14.27,31.57,SPY220930C00386000,386.0,normalDay
2022-08-10,13191.0,-6758.0,0.0,100,419.99,464.0,0,0.0,0.0,,0.0,1,14.27,37.84,SPY220930C00386000,386.0,normalDay
2022-08-11,13191.0,-6824.0,0.0,100,419.99,464.0,0,0.0,0.0,,0.0,1,14.27,38.5,SPY220930C00386000,386.0,normalDay
2022-08-12,13191.0,-6654.0,0.0,100,427.1,464.0,0,0.0,0.0,,0.0,1,14.27,43.91,SPY220930C00386000,386.0,normalDay
2022-08-15,13191.0,-6625.0,0.0,100,428.86,464.0,0,0.0,0.0,,0.0,1,14.27,45.38,SPY220930C00386000,386.0,normalDay
2022-08-16,13191.0,-6596.0,0.0,100,429.7,464.0,0,0.0,0.0,,0.0,1,14.27,45.93,SPY220930C00386000,386.0,normalDay
2022-08-17,13191.0,-6670.0,0.0,100,426.65,464.0,0,0.0,0.0,,0.0,1,14.27,43.62,SPY220930C00386000,386.0,normalDay
2022-08-18,13191.0,-6582.0,0.0,100,427.89,464.0,0,0.0,0.0,,0.0,1,14.27,43.98,SPY220930C00386000,386.0,normalDay
2022-08-19,13191.0,-6655.0,0.0,100,422.14,464.0,0,0.0,0.0,,0.0,1,14.27,38.96,SPY220930C00386000,386.0,normalDay
2022-08-22,13191.0,-6814.0,0.0,100,413.35,464.0,0,0.0,0.0,,0.0,1,14.27,31.76,SPY220930C00386000,386.0,normalDay
2022-08-23,13191.0,-6780.0,0.0,100,412.35,464.0,0,0.0,0.0,,0.0,1,14.27,30.42,SPY220930C00386000,386.0,normalDay
2022-08-24,13191.0,-6726.0,0.0,100,413.67,464.0,0,0.0,0.0,,0.0,1,14.27,31.2,SPY220930C00386000,386.0,normalDay
2022-08-25,13191.0,-6576.0,0.0,100,419.51,464.0,0,0.0,0.0,,0.0,1,14.27,35.54,SPY220930C00386000,386.0,normalDay
2022-08-26,13191.0,-6879.0,0.0,100,405.31,464.0,0,0.0,0.0,,0.0,1,14.27,24.37,SPY220930C00386000,386.0,normalDay
2022-08-29,13191.0,-6915.0,0.0,100,402.63,464.0,0,0.0,0.0,,0.0,1,14.27,22.05,SPY220930C00386000,386.0,normalDay
2022-08-30,13191.0,-7018.0,0.0,100,398.21,464.0,0,0.0,0.0,,0.0,1,14.27,18.66,SPY220930C00386000,386.0,normalDay
2022-08-31,13191.0,-7082.0,0.0,100,395.18,464.0,0,0.0,0.0,,0.0,1,14.27,16.27,SPY220930C00386000,386.0,normalDay
2022-09-01,13191.0,-6985.0,0.0,100,396.42,464.0,0,0.0,0.0,,0.0,1,14.27,16.54,SPY220930C00386000,386.0,normalDay
2022-09-02,13191.0,-7142.0,0.0,100,392.24,464.0,0,0.0,0.0,,0.0,1,14.27,13.93,SPY220930C00386000,386.0,normalDay
2022-09-06,13191.0,-7098.0,0.0,100,390.76,464.0,0,0.0,0.0,,0.0,1,14.27,12.01,SPY220930C00386000,386.0,normalDay
2022-09-07,13191.0,-6797.0,0.0,100,397.78,464.0,0,0.0,0.0,,0.0,1,14.27,16.02,SPY220930C00386000,386.0,normalDay
2022-09-08,13191.0,-6733.0,0.0,100,400.38,464.0,0,0.0,0.0,,0.0,1,14.27,17.98,SPY220930C00386000,386.0,normalDay
2022-09-09,13191.0,-6516.0,0.0,100,406.6,464.0,0,0.0,0.0,,0.0,1,14.27,22.03,SPY220930C00386000,386.0,normalDay
2022-09-12,13191.0,-6499.0,0.0,100,410.97,464.0,0,0.0,0.0,,0.0,1,14.27,26.23,SPY220930C00386000,386.0,normalDay
2022-09-13,13191.0,-6936.0,0.0,100,393.1,464.0,0,0.0,0.0,,0.0,1,14.27,12.73,SPY220930C00386000,386.0,normalDay
2022-09-14,13191.0,-6795.0,0.0,100,394.6,464.0,0,0.0,0.0,,0.0,1,14.27,12.82,SPY220930C00386000,386.0,normalDay
2022-09-15,13191.0,-6972.0,0.0,100,390.12,464.0,0,0.0,0.0,,0.0,1,14.27,10.11,SPY220930C00386000,386.0,normalDay
2022-09-16,13191.0,-7217.0,0.0,100,385.56,464.0,0,0.0,0.0,,0.0,1,14.27,8.0,SPY220930C00386000,386.0,normalDay
2022-09-19,13191.0,-7012.0,0.0,100,388.55,464.0,0,0.0,0.0,,0.0,1,14.27,8.94,SPY220930C00386000,386.0,normalDay
2022-09-20,13191.0,-7249.0,0.0,100,384.09,464.0,0,0.0,0.0,,0.0,1,14.27,6.85,SPY220930C00386000,386.0,normalDay
2022-09-21,13191.0,-7576.0,0.0,100,377.39,464.0,0,0.0,0.0,,0.0,1,14.27,3.42,SPY220930C00386000,386.0,normalDay
2022-09-22,13191.0,-7725.0,0.0,100,374.22,464.0,0,0.0,0.0,,0.0,1,14.27,1.74,SPY220930C00386000,386.0,normalDay
2022-09-23,13191.0,-8230.0,0.0,100,367.95,464.0,0,0.0,0.0,,0.0,1,14.27,0.52,SPY220930C00386000,386.0,normalDay
2022-09-26,13191.0,-8565.0,0.0,100,364.31,464.0,0,0.0,0.0,,0.0,1,14.27,0.23,SPY220930C00386000,386.0,normalDay
2022-09-27,13191.0,-8643.0,0.0,100,363.38,464.0,0,0.0,0.0,,0.0,1,14.27,0.08,SPY220930C00386000,386.0,normalDay
2022-09-28,13191.0,-7932.0,0.0,100,370.53,464.0,0,0.0,0.0,,0.0,1,14.27,0.12,SPY220930C00386000,386.0,normalDay
2022-09-29,13191.0,-8696.0,0.0,100,362.79,464.0,0,0.0,0.0,,0.0,1,14.27,0.02,SPY220930C00386000,386.0,normalDay
2022-09-30,14618.0,-10682.0,1427.0,100,357.18,464.0,0,0.0,0.0,,0.0,1,14.27,0.0,SPY220930C00386000,386.0,expirationDay
2022-10-03,14618.0,-9744.0,0.0,100,366.61,464.0,0,0.0,0.0,,0.0,1,6.07,6.12,SPY221216C00395000,395.0,normalDay
2022-10-04,14618.0,-8973.0,0.0,100,377.97,464.0,0,0.0,0.0,,0.0,1,6.07,9.77,SPY221216C00395000,395.0,normalDay
2022-10-05,14618.0,-9033.0,0.0,100,377.09,464.0,0,0.0,0.0,,0.0,1,6.07,9.49,SPY221216C00395000,395.0,normalDay
2022-10-06,14618.0,-9293.0,0.0,100,373.2,464.0,0,0.0,0.0,,0.0,1,6.07,8.2,SPY221216C00395000,395.0,normalDay
2022-10-07,14618.0,-9996.0,0.0,100,362.79,464.0,0,0.0,0.0,,0.0,1,6.07,4.82,SPY221216C00395000,395.0,normalDay
2022-10-10,14618.0,-10242.0,0.0,100,360.02,464.0,0,0.0,0.0,,0.0,1,6.07,4.51,SPY221216C00395000,395.0,normalDay
2022-10-11,14618.0,-10433.0,0.0,100,357.74,464.0,0,0.0,0.0,,0.0,1,6.07,4.14,SPY221216C00395000,395.0,normalDay
2022-10-12,14618.0,-10524.0,0.0,100,356.56,464.0,0,0.0,0.0,,0.0,1,6.07,3.87,SPY221216C00395000,395.0,normalDay
2022-10-13,14618.0,-9806.0,0.0,100,365.97,464.0,0,0.0,0.0,,0.0,1,6.07,6.1,SPY221216C00395000,395.0,normalDay
2022-10-14,14618.0,-10418.0,0.0,100,357.63,464.0,0,0.0,0.0,,0.0,1,6.07,3.88,SPY221216C00395000,395.0,normalDay
2022-10-17,14618.0,-9715.0,0.0,100,366.82,464.0,0,0.0,0.0,,0.0,1,6.07,6.04,SPY221216C00395000,395.0,normalDay
2022-10-18,14618.0,-9408.0,0.0,100,371.13,464.0,0,0.0,0.0,,0.0,1,6.07,7.28,SPY221216C00395000,395.0,normalDay
2022-10-19,14618.0,-9539.0,0.0,100,368.5,464.0,0,0.0,0.0,,0.0,1,6.07,5.96,SPY221216C00395000,395.0,normalDay
2022-10-20,14618.0,-9745.0,0.0,100,365.41,464.0,0,0.0,0.0,,0.0,1,6.07,4.93,SPY221216C00395000,395.0,normalDay
2022-10-21,14618.0,-9133.0,0.0,100,374.29,464.0,0,0.0,0.0,,0.0,1,6.07,7.69,SPY221216C00395000,395.0,normalDay
2022-10-24,14618.0,-8833.0,0.0,100,378.87,464.0,0,0.0,0.0,,0.0,1,6.07,9.27,SPY221216C00395000,395.0,normalDay
2022-10-25,14618.0,-8360.0,0.0,100,384.92,464.0,0,0.0,0.0,,0.0,1,6.07,10.59,SPY221216C00395000,395.0,normalDay
2022-10-26,14618.0,-8566.0,0.0,100,382.02,464.0,0,0.0,0.0,,0.0,1,6.07,9.75,SPY221216C00395000,395.0,normalDay
2022-10-27,14618.0,-8487.0,0.0,100,379.98,464.0,0,0.0,0.0,,0.0,1,6.07,6.92,SPY221216C00395000,395.0,normalDay
2022-10-28,14618.0,-8096.0,0.0,100,389.02,464.0,0,0.0,0.0,,0.0,1,6.07,12.05,SPY221216C00395000,395.0,normalDay
2022-10-31,14618.0,-8184.0,0.0,100,386.21,464.0,0,0.0,0.0,,0.0,1,6.07,10.12,SPY221216C00395000,395.0,normalDay
2022-11-01,14618.0,-8248.0,0.0,100,384.52,464.0,0,0.0,0.0,,0.0,1,6.07,9.07,SPY221216C00395000,395.0,normalDay
2022-11-02,14618.0,-8835.0,0.0,100,374.87,464.0,0,0.0,0.0,,0.0,1,6.07,5.29,SPY221216C00395000,395.0,normalDay
2022-11-03,14618.0,-9099.0,0.0,100,371.01,464.0,0,0.0,0.0,,0.0,1,6.07,4.07,SPY221216C00395000,395.0,normalDay
2022-11-04,14618.0,-8689.0,0.0,100,376.35,464.0,0,0.0,0.0,,0.0,1,6.07,5.31,SPY221216C00395000,395.0,normalDay
2022-11-07,14618.0,-8404.0,0.0,100,379.95,464.0,0,0.0,0.0,,0.0,1,6.07,6.06,SPY221216C00395000,395.0,normalDay
2022-11-08,14618.0,-8265.0,0.0,100,382.0,464.0,0,0.0,0.0,,0.0,1,6.07,6.72,SPY221216C00395000,395.0,normalDay
2022-11-09,14618.0,-8813.0,0.0,100,374.13,464.0,0,0.0,0.0,,0.0,1,6.07,4.33,SPY221216C00395000,395.0,normalDay
2022-11-10,14618.0,-7556.0,0.0,100,394.69,464.0,0,0.0,0.0,,0.0,1,6.07,12.32,SPY221216C00395000,395.0,normalDay
2022-11-11,14618.0,-7289.0,0.0,100,398.51,464.0,0,0.0,0.0,,0.0,1,6.07,13.47,SPY221216C00395000,395.0,normalDay
2022-11-14,14618.0,-7439.0,0.0,100,395.12,464.0,0,0.0,0.0,,0.0,1,6.07,11.58,SPY221216C00395000,395.0,normalDay
2022-11-15,14618.0,-7269.0,0.0,100,398.49,464.0,0,0.0,0.0,,0.0,1,6.07,13.25,SPY221216C00395000,395.0,normalDay
2022-11-16,14618.0,-7365.0,0.0,100,395.45,464.0,0,0.0,0.0,,0.0,1,6.07,11.17,SPY221216C00395000,395.0,normalDay
2022-11-17,14618.0,-7380.0,0.0,100,394.24,464.0,0,0.0,0.0,,0.0,1,6.07,10.11,SPY221216C00395000,395.0,normalDay
2022-11-18,14618.0,-7230.0,0.0,100,396.03,464.0,0,0.0,0.0,,0.0,1,6.07,10.4,SPY221216C00395000,395.0,normalDay
2022-11-21,14618.0,-7243.0,0.0,100,394.59,464.0,0,0.0,0.0,,0.0,1,6.07,9.09,SPY221216C00395000,395.0,normalDay
2022-11-22,14618.0,-6965.0,0.0,100,399.9,464.0,0,0.0,0.0,,0.0,1,6.07,11.62,SPY221216C00395000,395.0,normalDay
2022-11-23,14618.0,-6842.0,0.0,100,402.42,464.0,0,0.0,0.0,,0.0,1,6.07,12.91,SPY221216C00395000,395.0,normalDay
2022-11-25,14618.0,-7028.0,0.0,100,402.33,464.0,0,0.0,0.0,,0.0,1,6.07,14.68,SPY221216C00395000,395.0,normalDay
2022-11-28,14618.0,-7074.0,0.0,100,395.91,464.0,0,0.0,0.0,,0.0,1,6.07,8.72,SPY221216C00395000,395.0,normalDay
2022-11-29,14618.0,-7074.0,0.0,100,395.23,464.0,0,0.0,0.0,,0.0,1,6.07,8.04,SPY221216C00395000,395.0,normalDay
2022-11-30,14618.0,-6648.0,0.0,100,407.68,464.0,0,0.0,0.0,,0.0,1,6.07,16.23,SPY221216C00395000,395.0,normalDay
2022-12-01,14618.0,-6581.0,0.0,100,407.38,464.0,0,0.0,0.0,,0.0,1,6.07,15.26,SPY221216C00395000,395.0,normalDay
2022-12-02,14618.0,-6541.0,0.0,100,406.91,464.0,0,0.0,0.0,,0.0,1,6.07,14.39,SPY221216C00395000,395.0,normalDay
2022-12-05,14618.0,-6777.0,0.0,100,399.59,464.0,0,0.0,0.0,,0.0,1,6.07,9.43,SPY221216C00395000,395.0,normalDay
2022-12-06,14618.0,-7053.0,0.0,100,393.83,464.0,0,0.0,0.0,,0.0,1,6.07,6.43,SPY221216C00395000,395.0,normalDay
2022-12-07,14618.0,-7064.0,0.0,100,393.16,464.0,0,0.0,0.0,,0.0,1,6.07,5.87,SPY221216C00395000,395.0,normalDay
2022-12-08,14618.0,-6876.0,0.0,100,396.24,464.0,0,0.0,0.0,,0.0,1,6.07,7.07,SPY221216C00395000,395.0,normalDay
2022-12-09,14618.0,-6998.0,0.0,100,393.28,464.0,0,0.0,0.0,,0.0,1,6.07,5.33,SPY221216C00395000,395.0,normalDay
2022-12-12,14618.0,-6740.0,0.0,100,398.95,464.0,0,0.0,0.0,,0.0,1,6.07,8.42,SPY221216C00395000,395.0,normalDay
2022-12-13,14618.0,-6509.0,0.0,100,401.97,464.0,0,0.0,0.0,,0.0,1,6.07,9.13,SPY221216C00395000,395.0,normalDay
2022-12-14,14618.0,-6451.0,0.0,100,399.4,464.0,0,0.0,0.0,,0.0,1,6.07,5.98,SPY221216C00395000,395.0,normalDay
2022-12-15,14618.0,-6859.0,0.0,100,389.63,464.0,0,0.0,0.0,,0.0,1,6.07,0.29,SPY221216C00395000,395.0,normalDay
2022-12-16,15225.0,-8073.0,607.0,100,383.27,464.0,0,0.0,0.0,,0.0,1,6.07,0.0,SPY221216C00395000,395.0,expirationDay
2022-12-19,15225.0,-8403.0,0.0,100,380.02,464.0,0,0.0,0.0,,0.0,1,4.87,4.92,SPY230217C00403000,403.0,normalDay
2022-12-20,15225.0,-8345.0,0.0,100,380.54,464.0,0,0.0,0.0,,0.0,1,4.87,4.86,SPY230217C00403000,403.0,normalDay
2022-12-21,15225.0,-7914.0,0.0,100,386.23,464.0,0,0.0,0.0,,0.0,1,4.87,6.24,SPY230217C00403000,403.0,normalDay
2022-12-22,15225.0,-8320.0,0.0,100,380.72,464.0,0,0.0,0.0,,0.0,1,4.87,4.79,SPY230217C00403000,403.0,normalDay
2022-12-23,15225.0,-8123.0,0.0,100,382.91,464.0,0,0.0,0.0,,0.0,1,4.87,5.01,SPY230217C00403000,403.0,normalDay
2022-12-27,15225.0,-8225.0,0.0,100,381.4,464.0,0,0.0,0.0,,0.0,1,4.87,4.52,SPY230217C00403000,403.0,normalDay
2022-12-28,15225.0,-8574.0,0.0,100,376.66,464.0,0,0.0,0.0,,0.0,1,4.87,3.27,SPY230217C00403000,403.0,normalDay
2022-12-29,15225.0,-8042.0,0.0,100,383.44,464.0,0,0.0,0.0,,0.0,1,4.87,4.73,SPY230217C00403000,403.0,normalDay
2022-12-30,15225.0,-8111.0,0.0,100,382.43,464.0,0,0.0,0.0,,0.0,1,4.87,4.41,SPY230217C00403000,403.0,normalDay
2023-01-03,15225.0,-8181.0,0.0,100,380.82,464.0,0,0.0,0.0,,0.0,1,4.87,3.5,SPY230217C00403000,403.0,normalDay
2023-01-04,15225.0,-7946.0,0.0,100,383.76,464.0,0,0.0,0.0,,0.0,1,4.87,4.09,SPY230217C00403000,403.0,normalDay
2023-01-05,15225.0,-8262.0,0.0,100,379.38,464.0,0,0.0,0.0,,0.0,1,4.87,2.87,SPY230217C00403000,403.0,normalDay
2023-01-06,15225.0,-7591.0,0.0,100,388.08,464.0,0,0.0,0.0,,0.0,1,4.87,4.86,SPY230217C00403000,403.0,normalDay
2023-01-09,15225.0,-7601.0,0.0,100,387.86,464.0,0,0.0,0.0,,0.0,1,4.87,4.74,SPY230217C00403000,403.0,normalDay
2023-01-10,15225.0,-7375.0,0.0,100,390.58,464.0,0,0.0,0.0,,0.0,1,4.87,5.2,SPY230217C00403000,403.0,normalDay
2023-01-11,15225.0,-7096.0,0.0,100,395.52,464.0,0,0.0,0.0,,0.0,1,4.87,7.35,SPY230217C00403000,403.0,normalDay
2023-01-12,15225.0,-6900.0,0.0,100,396.96,464.0,0,0.0,0.0,,0.0,1,4.87,6.83,SPY230217C00403000,403.0,normalDay
2023-01-13,15225.0,-6745.0,0.0,100,398.5,464.0,0,0.0,0.0,,0.0,1,4.87,6.82,SPY230217C00403000,403.0,normalDay
2023-01-17,15225.0,-6771.0,0.0,100,397.77,464.0,0,0.0,0.0,,0.0,1,4.87,6.35,SPY230217C00403000,403.0,normalDay
2023-01-18,15225.0,-7149.0,0.0,100,391.49,464.0,0,0.0,0.0,,0.0,1,4.87,3.85,SPY230217C00403000,403.0,normalDay
2023-01-19,15225.0,-7331.0,0.0,100,388.64,464.0,0,0.0,0.0,,0.0,1,4.87,2.82,SPY230217C00403000,403.0,normalDay
2023-01-20,15225.0,-6832.0,0.0,100,395.88,464.0,0,0.0,0.0,,0.0,1,4.87,5.07,SPY230217C00403000,403.0,normalDay
2023-01-23,15225.0,-6549.0,0.0,100,400.63,464.0,0,0.0,0.0,,0.0,1,4.87,6.99,SPY230217C00403000,403.0,normalDay
2023-01-24,15225.0,-6610.0,0.0,100,400.2,464.0,0,0.0,0.0,,0.0,1,4.87,7.17,SPY230217C00403000,403.0,normalDay
2023-01-25,15225.0,-6527.0,0.0,100,400.35,464.0,0,0.0,0.0,,0.0,1,4.87,6.49,SPY230217C00403000,403.0,normalDay
2023-01-26,15225.0,-6302.0,0.0,100,404.75,464.0,0,0.0,0.0,,0.0,1,4.87,8.64,SPY230217C00403000,403.0,normalDay
2023-01-27,15225.0,-6252.0,0.0,100,405.68,464.0,0,0.0,0.0,,0.0,1,4.87,9.07,SPY230217C00403000,403.0,normalDay
2023-01-30,15225.0,-6527.0,0.0,100,400.59,464.0,0,0.0,0.0,,0.0,1,4.87,6.73,SPY230217C00403000,403.0,normalDay
2023-01-31,15225.0,-6197.0,0.0,100,406.48,464.0,0,0.0,0.0,,0.0,1,4.87,9.32,SPY230217C00403000,403.0,normalDay
2023-02-01,15225.0,-6074.0,0.0,100,410.8,464.0,0,0.0,0.0,,0.0,1,4.87,12.41,SPY230217C00403000,403.0,normalDay
2023-02-02,15225.0,-5805.0,0.0,100,416.78,464.0,0,0.0,0.0,,0.0,1,4.87,15.7,SPY230217C00403000,403.0,normalDay
2023-02-03,15225.0,-5923.0,0.0,100,412.35,464.0,0,0.0,0.0,,0.0,1,4.87,12.45,SPY230217C00403000,403.0,normalDay
2023-02-06,15225.0,-5980.0,0.0,100,409.83,464.0,0,0.0,0.0,,0.0,1,4.87,10.5,SPY230217C00403000,403.0,normalDay
2023-02-07,15225.0,-5760.0,0.0,100,415.19,464.0,0,0.0,0.0,,0.0,1,4.87,13.66,SPY230217C00403000,403.0,normalDay
2023-02-08,15225.0,-5921.0,0.0,100,410.65,464.0,0,0.0,0.0,,0.0,1,4.87,10.73,SPY230217C00403000,403.0,normalDay
2023-02-09,15225.0,-6051.0,0.0,100,407.09,464.0,0,0.0,0.0,,0.0,1,4.87,8.47,SPY230217C00403000,403.0,normalDay
2023-02-10,15225.0,-5942.0,0.0,100,408.04,464.0,0,0.0,0.0,,0.0,1,4.87,8.33,SPY230217C00403000,403.0,normalDay
2023-02-13,15225.0,-5794.0,0.0,100,412.83,464.0,0,0.0,0.0,,0.0,1,4.87,11.64,SPY230217C00403000,403.0,normalDay
2023-02-14,15225.0,-5648.0,0.0,100,412.64,464.0,0,0.0,0.0,,0.0,1,4.87,9.99,SPY230217C00403000,403.0,normalDay
2023-02-15,15225.0,-5671.0,0.0,100,413.98,464.0,0,0.0,0.0,,0.0,1,4.87,11.56,SPY230217C00403000,403.0,normalDay
2023-02-16,15225.0,-5680.0,0.0,100,408.28,464.0,0,0.0,0.0,,0.0,1,4.87,5.95,SPY230217C00403000,403.0,normalDay
2023-02-17,9612.0,-5680.0,-5613.0,0,407.26,0.0,0,0.0,0.0,,0.0,1,4.87,0.0,SPY230217C00403000,403.0,expirationDay
2023-02-21,9612.0,-16.0,0.0,0,399.09,0.0,1,9.03,9.19,SPY230227P00408000,408.0,0,0.0,0.0,,0.0,normalDay
2023-02-22,9612.0,-40.0,0.0,0,398.54,0.0,1,9.03,9.43,SPY230227P00408000,408.0,0,0.0,0.0,,0.0,normalDay
2023-02-23,9612.0,124.0,0.0,0,400.66,0.0,1,9.03,7.79,SPY230227P00408000,408.0,0,0.0,0.0,,0.0,normalDay
2023-02-24,9612.0,-291.0,0.0,0,396.38,0.0,1,9.03,11.94,SPY230227P00408000,408.0,0,0.0,0.0,,0.0,normalDay
2023-02-27,10515.0,-1027.0,903.0,100,397.73,408.0,1,9.03,0.0,SPY230227P00408000,408.0,0,0.0,0.0,,0.0,expirationDay
2023-02-28,10515.0,-1182.0,0.0,100,396.26,408.0,0,0.0,0.0,,0.0,1,7.19,7.27,SPY230519C00412000,412.0,normalDay
2023-03-01,10515.0,-1291.0,0.0,100,394.74,408.0,0,0.0,0.0,,0.0,1,7.19,6.84,SPY230519C00412000,412.0,normalDay
2023-03-02,10515.0,-1066.0,0.0,100,397.81,408.0,0,0.0,0.0,,0.0,1,7.19,7.66,SPY230519C00412000,412.0,normalDay
2023-03-03,10515.0,-688.0,0.0,100,404.19,408.0,0,0.0,0.0,,0.0,1,7.19,10.26,SPY230519C00412000,412.0,normalDay
2023-03-06,10515.0,-640.0,0.0,100,404.47,408.0,0,0.0,0.0,,0.0,1,7.19,10.06,SPY230519C00412000,412.0,normalDay
2023-03-07,10515.0,-999.0,0.0,100,398.27,408.0,0,0.0,0.0,,0.0,1,7.19,7.45,SPY230519C00412000,412.0,normalDay
2023-03-08,10515.0,-922.0,0.0,100,398.92,408.0,0,0.0,0.0,,0.0,1,7.19,7.33,SPY230519C00412000,412.0,normalDay
2023-03-09,10515.0,-1464.0,0.0,100,391.56,408.0,0,0.0,0.0,,0.0,1,7.19,5.39,SPY230519C00412000,412.0,normalDay
2023-03-10,10515.0,-1880.0,0.0,100,385.91,408.0,0,0.0,0.0,,0.0,1,7.19,3.9,SPY230519C00412000,412.0,normalDay
2023-03-13,10515.0,-1958.0,0.0,100,385.36,408.0,0,0.0,0.0,,0.0,1,7.19,4.13,SPY230519C00412000,412.0,normalDay
2023-03-14,10515.0,-1407.0,0.0,100,391.73,408.0,0,0.0,0.0,,0.0,1,7.19,4.99,SPY230519C00412000,412.0,normalDay
2023-03-15,10515.0,-1612.0,0.0,100,389.28,408.0,0,0.0,0.0,,0.0,1,7.19,4.59,SPY230519C00412000,412.0,normalDay
2023-03-16,10515.0,-1085.0,0.0,100,396.11,408.0,0,0.0,0.0,,0.0,1,7.19,6.15,SPY230519C00412000,412.0,normalDay
2023-03-17,10515.0,-1631.0,0.0,100,389.99,408.0,0,0.0,0.0,,0.0,1,7.19,5.49,SPY230519C00412000,412.0,normalDay
2023-03-20,10515.0,-1299.0,0.0,100,393.74,408.0,0,0.0,0.0,,0.0,1,7.19,5.92,SPY230519C00412000,412.0,normalDay
2023-03-21,10515.0,-921.0,0.0,100,398.91,408.0,0,0.0,0.0,,0.0,1,7.19,7.31,SPY230519C00412000,412.0,normalDay
2023-03-22,10515.0,-1350.0,0.0,100,392.11,408.0,0,0.0,0.0,,0.0,1,7.19,4.8,SPY230519C00412000,412.0,normalDay
2023-03-23,10515.0,-1279.0,0.0,100,393.17,408.0,0,0.0,0.0,,0.0,1,7.19,5.15,SPY230519C00412000,412.0,normalDay
2023-03-24,10515.0,-1077.0,0.0,100,395.75,408.0,0,0.0,0.0,,0.0,1,7.19,5.71,SPY230519C00412000,412.0,normalDay
2023-03-27,10515.0,-967.0,0.0,100,396.49,408.0,0,0.0,0.0,,0.0,1,7.19,5.35,SPY230519C00412000,412.0,normalDay
2023-03-28,10515.0,-1005.0,0.0,100,395.6,408.0,0,0.0,0.0,,0.0,1,7.19,4.84,SPY230519C00412000,412.0,normalDay
2023-03-29,10515.0,-601.0,0.0,100,401.35,408.0,0,0.0,0.0,,0.0,1,7.19,6.55,SPY230519C00412000,412.0,normalDay
2023-03-30,10515.0,-450.0,0.0,100,403.7,408.0,0,0.0,0.0,,0.0,1,7.19,7.39,SPY230519C00412000,412.0,normalDay
2023-03-31,10515.0,-175.0,0.0,100,409.39,408.0,0,0.0,0.0,,0.0,1,7.19,10.33,SPY230519C00412000,412.0,normalDay
2023-04-03,10515.0,-46.0,0.0,100,410.95,408.0,0,0.0,0.0,,0.0,1,7.19,10.6,SPY230519C00412000,412.0,normalDay
2023-04-04,10515.0,-141.0,0.0,100,408.67,408.0,0,0.0,0.0,,0.0,1,7.19,9.27,SPY230519C00412000,412.0,normalDay
2023-04-05,10515.0,-168.0,0.0,100,407.6,408.0,0,0.0,0.0,,0.0,1,7.19,8.47,SPY230519C00412000,412.0,normalDay
2023-04-06,10515.0,-53.0,0.0,100,409.19,408.0,0,0.0,0.0,,0.0,1,7.19,8.91,SPY230519C00412000,412.0,normalDay
2023-04-10,10515.0,-23.0,0.0,100,409.61,408.0,0,0.0,0.0,,0.0,1,7.19,9.03,SPY230519C00412000,412.0,normalDay
2023-04-11,10515.0,0.0,0.0,100,409.72,408.0,0,0.0,0.0,,0.0,1,7.19,8.91,SPY230519C00412000,412.0,normalDay
2023-04-12,10515.0,-29.0,0.0,100,408.05,408.0,0,0.0,0.0,,0.0,1,7.19,7.53,SPY230519C00412000,412.0,normalDay
2023-04-13,10515.0,252.0,0.0,100,413.47,408.0,0,0.0,0.0,,0.0,1,7.19,10.14,SPY230519C00412000,412.0,normalDay
2023-04-14,10515.0,247.0,0.0,100,412.46,408.0,0,0.0,0.0,,0.0,1,7.19,9.18,SPY230519C00412000,412.0,normalDay
2023-04-17,10515.0,355.0,0.0,100,413.94,408.0,0,0.0,0.0,,0.0,1,7.19,9.58,SPY230519C00412000,412.0,normalDay
2023-04-18,10515.0,408.0,0.0,100,414.21,408.0,0,0.0,0.0,,0.0,1,7.19,9.32,SPY230519C00412000,412.0,normalDay
2023-04-19,10515.0,423.0,0.0,100,414.14,408.0,0,0.0,0.0,,0.0,1,7.19,9.1,SPY230519C00412000,412.0,normalDay
2023-04-20,10515.0,313.0,0.0,100,411.88,408.0,0,0.0,0.0,,0.0,1,7.19,7.94,SPY230519C00412000,412.0,normalDay
2023-04-21,10515.0,381.0,0.0,100,412.2,408.0,0,0.0,0.0,,0.0,1,7.19,7.58,SPY230519C00412000,412.0,normalDay
2023-04-24,10515.0,432.0,0.0,100,412.63,408.0,0,0.0,0.0,,0.0,1,7.19,7.5,SPY230519C00412000,412.0,normalDay
2023-04-25,10515.0,25.0,0.0,100,406.08,408.0,0,0.0,0.0,,0.0,1,7.19,5.02,SPY230519C00412000,412.0,normalDay
2023-04-26,10515.0,-8.0,0.0,100,404.36,408.0,0,0.0,0.0,,0.0,1,7.19,3.63,SPY230519C00412000,412.0,normalDay
2023-04-27,10515.0,429.0,0.0,100,412.41,408.0,0,0.0,0.0,,0.0,1,7.19,7.31,SPY230519C00412000,412.0,normalDay
2023-04-28,10515.0,640.0,0.0,100,415.93,408.0,0,0.0,0.0,,0.0,1,7.19,8.72,SPY230519C00412000,412.0,normalDay
2023-05-01,10515.0,664.0,0.0,100,415.51,408.0,0,0.0,0.0,,0.0,1,7.19,8.06,SPY230519C00412000,412.0,normalDay
2023-05-02,10515.0,455.0,0.0,100,410.84,408.0,0,0.0,0.0,,0.0,1,7.19,5.48,SPY230519C00412000,412.0,normalDay
2023-05-03,10515.0,300.0,0.0,100,408.02,408.0,0,0.0,0.0,,0.0,1,7.19,4.21,SPY230519C00412000,412.0,normalDay
2023-05-04,10515.0,166.0,0.0,100,405.13,408.0,0,0.0,0.0,,0.0,1,7.19,2.66,SPY230519C00412000,412.0,normalDay
2023-05-05,10515.0,671.0,0.0,100,412.63,408.0,0,0.0,0.0,,0.0,1,7.19,5.11,SPY230519C00412000,412.0,normalDay
2023-05-08,10515.0,718.0,0.0,100,412.74,408.0,0,0.0,0.0,,0.0,1,7.19,4.75,SPY230519C00412000,412.0,normalDay
2023-05-09,10515.0,612.0,0.0,100,410.93,408.0,0,0.0,0.0,,0.0,1,7.19,4.0,SPY230519C00412000,412.0,normalDay
2023-05-10,10515.0,762.0,0.0,100,412.85,408.0,0,0.0,0.0,,0.0,1,7.19,4.42,SPY230519C00412000,412.0,normalDay
2023-05-11,10515.0,790.0,0.0,100,412.13,408.0,0,0.0,0.0,,0.0,1,7.19,3.42,SPY230519C00412000,412.0,normalDay
2023-05-12,10515.0,826.0,0.0,100,411.59,408.0,0,0.0,0.0,,0.0,1,7.19,2.52,SPY230519C00412000,412.0,normalDay
2023-05-15,10515.0,918.0,0.0,100,413.01,408.0,0,0.0,0.0,,0.0,1,7.19,3.02,SPY230519C00412000,412.0,normalDay
2023-05-16,10515.0,788.0,0.0,100,410.25,408.0,0,0.0,0.0,,0.0,1,7.19,1.56,SPY230519C00412000,412.0,normalDay
2023-05-17,10515.0,1045.0,0.0,100,415.23,408.0,0,0.0,0.0,,0.0,1,7.19,3.97,SPY230519C00412000,412.0,normalDay
2023-05-18,10515.0,1094.0,0.0,100,419.23,408.0,0,0.0,0.0,,0.0,1,7.19,7.48,SPY230519C00412000,412.0,normalDay
2023-05-19,11634.0,1094.0,1119.0,0,418.62,0.0,0,0.0,0.0,,0.0,1,7.19,0.0,SPY230519C00412000,412.0,expirationDay
2023-05-22,11634.0,-3.0,0.0,0,418.79,0.0,1,0.54,0.57,SPY230526P00412000,412.0,0,0.0,0.0,,0.0,normalDay
2023-05-23,11634.0,-91.0,0.0,0,414.09,0.0,1,0.54,1.45,SPY230526P00412000,412.0,0,0.0,0.0,,0.0,normalDay
2023-05-24,11634.0,-188.0,0.0,0,411.09,0.0,1,0.54,2.42,SPY230526P00412000,412.0,0,0.0,0.0,,0.0,normalDay
2023-05-25,11634.0,-6.0,0.0,0,414.65,0.0,1,0.54,0.6,SPY230526P00412000,412.0,0,0.0,0.0,,0.0,normalDay
2023-05-26,11688.0,0.0,54.0,0,420.02,0.0,1,0.54,0.0,SPY230526P00412000,412.0,0,0.0,0.0,,0.0,expirationDay
2023-05-30,11688.0,-3.0,0.0,0,420.18,0.0,1,0.72,0.75,SPY230605P00413000,413.0,0,0.0,0.0,,0.0,normalDay
2023-05-31,11688.0,-20.0,0.0,0,417.85,0.0,1,0.72,0.92,SPY230605P00413000,413.0,0,0.0,0.0,,0.0,normalDay
2023-06-01,11688.0,57.0,0.0,0,421.82,0.0,1,0.72,0.15,SPY230605P00413000,413.0,0,0.0,0.0,,0.0,normalDay
2023-06-02,11688.0,69.0,0.0,0,427.92,0.0,1,0.72,0.03,SPY230605P00413000,413.0,0,0.0,0.0,,0.0,normalDay
2023-06-05,11760.0,0.0,72.0,0,427.1,0.0,1,0.72,0.0,SPY230605P00413000,413.0,0,0.0,0.0,,0.0,expirationDay
2023-06-06,11760.0,-3.0,0.0,0,428.03,0.0,1,0.14,0.17,SPY230612P00417000,417.0,0,0.0,0.0,,0.0,normalDay
2023-06-07,11760.0,-2.0,0.0,0,426.55,0.0,1,0.14,0.16,SPY230612P00417000,417.0,0,0.0,0.0,,0.0,normalDay
2023-06-08,11760.0,7.0,0.0,0,429.13,0.0,1,0.14,0.07,SPY230612P00417000,417.0,0,0.0,0.0,,0.0,normalDay
2023-06-09,11760.0,10.0,0.0,0,429.9,0.0,1,0.14,0.04,SPY230612P00417000,417.0,0,0.0,0.0,,0.0,normalDay
2023-06-12,11774.0,0.0,14.0,0,433.8,0.0,1,0.14,0.0,SPY230612P00417000,417.0,0,0.0,0.0,,0.0,expirationDay
2023-06-13,11774.0,-3.0,0.0,0,436.66,0.0,1,0.16,0.19,SPY230616P00421000,421.0,0,0.0,0.0,,0.0,normalDay
2023-06-14,11774.0,7.0,0.0,0,437.18,0.0,1,0.16,0.09,SPY230616P00421000,421.0,0,0.0,0.0,,0.0,normalDay
2023-06-15,11774.0,9.0,0.0,0,442.6,0.0,1,0.16,0.07,SPY230616P00421000,421.0,0,0.0,0.0,,0.0,normalDay
2023-06-16,11790.0,0.0,16.0,0,439.46,0.0,1,0.16,0.0,SPY230616P00421000,421.0,0,0.0,0.0,,0.0,expirationDay
2023-06-20,11790.0,-3.0,0.0,0,437.18,0.0,1,0.11,0.14,SPY230626P00426000,426.0,0,0.0,0.0,,0.0,normalDay
2023-06-21,11790.0,-1.0,0.0,0,434.94,0.0,1,0.11,0.12,SPY230626P00426000,426.0,0,0.0,0.0,,0.0,normalDay
2023-06-22,11790.0,6.0,0.0,0,436.51,0.0,1,0.11,0.05,SPY230626P00426000,426.0,0,0.0,0.0,,0.0,normalDay
2023-06-23,11790.0,6.0,0.0,0,433.21,0.0,1,0.11,0.05,SPY230626P00426000,426.0,0,0.0,0.0,,0.0,normalDay
2023-06-26,11801.0,0.0,11.0,0,431.44,0.0,1,0.11,0.0,SPY230626P00426000,426.0,0,0.0,0.0,,0.0,expirationDay
2023-06-27,11801.0,-3.0,0.0,0,436.17,0.0,1,0.56,0.59,SPY230703P00431000,431.0,0,0.0,0.0,,0.0,normalDay
2023-06-28,11801.0,25.0,0.0,0,436.39,0.0,1,0.56,0.31,SPY230703P00431000,431.0,0,0.0,0.0,,0.0,normalDay
2023-06-29,11801.0,41.0,0.0,0,438.11,0.0,1,0.56,0.15,SPY230703P00431000,431.0,0,0.0,0.0,,0.0,normalDay
2023-06-30,11801.0,52.0,0.0,0,443.28,0.0,1,0.56,0.04,SPY230703P00431000,431.0,0,0.0,0.0,,0.0,normalDay
2023-07-03,11857.0,0.0,56.0,0,443.79,0.0,1,0.56,0.0,SPY230703P00431000,431.0,0,0.0,0.0,,0.0,expirationDay
2023-07-05,11857.0,-3.0,0.0,0,443.13,0.0,1,0.25,0.28,SPY230711P00435000,435.0,0,0.0,0.0,,0.0,normalDay
2023-07-06,11857.0,-40.0,0.0,0,439.66,0.0,1,0.25,0.65,SPY230711P00435000,435.0,0,0.0,0.0,,0.0,normalDay
2023-07-07,11857.0,-14.0,0.0,0,438.55,0.0,1,0.25,0.39,SPY230711P00435000,435.0,0,0.0,0.0,,0.0,normalDay
2023-07-10,11857.0,16.0,0.0,0,439.66,0.0,1,0.25,0.09,SPY230711P00435000,435.0,0,0.0,0.0,,0.0,normalDay
2023-07-11,11882.0,0.0,25.0,0,442.46,0.0,1,0.25,0.0,SPY230711P00435000,435.0,0,0.0,0.0,,0.0,expirationDay
2023-07-12,11882.0,-3.0,0.0,0,446.02,0.0,1,0.2,0.23,SPY230718P00438000,438.0,0,0.0,0.0,,0.0,normalDay
2023-07-13,11882.0,6.0,0.0,0,449.56,0.0,1,0.2,0.14,SPY230718P00438000,438.0,0,0.0,0.0,,0.0,normalDay
2023-07-14,11882.0,12.0,0.0,0,449.28,0.0,1,0.2,0.08,SPY230718P00438000,438.0,0,0.0,0.0,,0.0,normalDay
2023-07-17,11882.0,17.0,0.0,0,450.84,0.0,1,0.2,0.03,SPY230718P00438000,438.0,0,0.0,0.0,,0.0,normalDay
2023-07-18,11902.0,0.0,20.0,0,454.19,0.0,1,0.2,0.0,SPY230718P00438000,438.0,0,0.0,0.0,,0.0,expirationDay
2023-07-19,11902.0,-3.0,0.0,0,455.2,0.0,1,0.07,0.1,SPY230725P00441000,441.0,0,0.0,0.0,,0.0,normalDay
2023-07-20,11902.0,-5.0,0.0,0,452.18,0.0,1,0.07,0.12,SPY230725P00441000,441.0,0,0.0,0.0,,0.0,normalDay
2023-07-21,11902.0,3.0,0.0,0,452.18,0.0,1,0.07,0.04,SPY230725P00441000,441.0,0,0.0,0.0,,0.0,normalDay
2023-07-24,11902.0,4.0,0.0,0,454.2,0.0,1,0.07,0.03,SPY230725P00441000,441.0,0,0.0,0.0,,0.0,normalDay
2023-07-25,11909.0,0.0,7.0,0,455.44,0.0,1,0.07,0.0,SPY230725P00441000,441.0,0,0.0,0.0,,0.0,expirationDay
2023-07-26,11909.0,-3.0,0.0,0,455.51,0.0,1,0.16,0.19,SPY230801P00446000,446.0,0,0.0,0.0,,0.0,normalDay
2023-07-27,11909.0,-32.0,0.0,0,452.49,0.0,1,0.16,0.48,SPY230801P00446000,446.0,0,0.0,0.0,,0.0,normalDay
2023-07-28,11909.0,10.0,0.0,0,456.92,0.0,1,0.16,0.06,SPY230801P00446000,446.0,0,0.0,0.0,,0.0,normalDay
2023-07-31,11909.0,13.0,0.0,0,457.79,0.0,1,0.16,0.03,SPY230801P00446000,446.0,0,0.0,0.0,,0.0,normalDay
2023-08-01,11925.0,0.0,16.0,0,456.48,0.0,1,0.16,0.0,SPY230801P00446000,446.0,0,0.0,0.0,,0.0,expirationDay
2023-08-02,11925.0,-4.0,0.0,0,450.13,0.0,1,2.53,2.57,SPY230808P00450000,450.0,0,0.0,0.0,,0.0,normalDay
2023-08-03,11925.0,12.0,0.0,0,448.84,0.0,1,2.53,2.41,SPY230808P00450000,450.0,0,0.0,0.0,,0.0,normalDay
2023-08-04,11925.0,-132.0,0.0,0,446.81,0.0,1,2.53,3.85,SPY230808P00450000,450.0,0,0.0,0.0,,0.0,normalDay
2023-08-07,11925.0,181.0,0.0,0,450.71,0.0,1,2.53,0.72,SPY230808P00450000,450.0,0,0.0,0.0,,0.0,normalDay
2023-08-08,12178.0,-125.0,253.0,100,448.75,450.0,1,2.53,0.0,SPY230808P00450000,450.0,0,0.0,0.0,,0.0,expirationDay
2023-08-09,12178.0,-430.0,0.0,100,445.75,450.0,0,0.0,0.0,,0.0,1,7.89,7.94,SPY231020C00455000,455.0,normalDay
2023-08-10,12178.0,-376.0,0.0,100,445.91,450.0,0,0.0,0.0,,0.0,1,7.89,7.56,SPY231020C00455000,455.0,normalDay
2023-08-11,12178.0,-357.0,0.0,100,445.65,450.0,0,0.0,0.0,,0.0,1,7.89,7.11,SPY231020C00455000,455.0,normalDay
2023-08-14,12178.0,-190.0,0.0,100,448.11,450.0,0,0.0,0.0,,0.0,1,7.89,7.9,SPY231020C00455000,455.0,normalDay
2023-08-15,12178.0,-515.0,0.0,100,442.89,450.0,0,0.0,0.0,,0.0,1,7.89,5.93,SPY231020C00455000,455.0,normalDay
2023-08-16,12178.0,-731.0,0.0,100,439.64,450.0,0,0.0,0.0,,0.0,1,7.89,4.84,SPY231020C00455000,455.0,normalDay
2023-08-17,12178.0,-955.0,0.0,100,436.29,450.0,0,0.0,0.0,,0.0,1,7.89,3.73,SPY231020C00455000,455.0,normalDay
2023-08-18,12178.0,-916.0,0.0,100,436.5,450.0,0,0.0,0.0,,0.0,1,7.89,3.55,SPY231020C00455000,455.0,normalDay
2023-08-21,12178.0,-675.0,0.0,100,439.34,450.0,0,0.0,0.0,,0.0,1,7.89,3.98,SPY231020C00455000,455.0,normalDay
2023-08-22,12178.0,-751.0,0.0,100,438.15,450.0,0,0.0,0.0,,0.0,1,7.89,3.55,SPY231020C00455000,455.0,normalDay
2023-08-23,12178.0,-395.0,0.0,100,443.03,450.0,0,0.0,0.0,,0.0,1,7.89,4.87,SPY231020C00455000,455.0,normalDay
2023-08-24,12178.0,-822.0,0.0,100,436.89,450.0,0,0.0,0.0,,0.0,1,7.89,3.0,SPY231020C00455000,455.0,normalDay
2023-08-25,12178.0,-561.0,0.0,100,439.97,450.0,0,0.0,0.0,,0.0,1,7.89,3.47,SPY231020C00455000,455.0,normalDay
2023-08-28,12178.0,-337.0,0.0,100,442.76,450.0,0,0.0,0.0,,0.0,1,7.89,4.02,SPY231020C00455000,455.0,normalDay
2023-08-29,12178.0,59.0,0.0,100,449.16,450.0,0,0.0,0.0,,0.0,1,7.89,6.46,SPY231020C00455000,455.0,normalDay
2023-08-30,12178.0,195.0,0.0,100,451.01,450.0,0,0.0,0.0,,0.0,1,7.89,6.95,SPY231020C00455000,455.0,normalDay
2023-08-31,12178.0,179.0,0.0,100,450.35,450.0,0,0.0,0.0,,0.0,1,7.89,6.45,SPY231020C00455000,455.0,normalDay
2023-09-01,12178.0,282.0,0.0,100,451.19,450.0,0,0.0,0.0,,0.0,1,7.89,6.26,SPY231020C00455000,455.0,normalDay
2023-09-05,12178.0,188.0,0.0,100,449.24,450.0,0,0.0,0.0,,0.0,1,7.89,5.25,SPY231020C00455000,455.0,normalDay
2023-09-06,12178.0,17.0,0.0,100,446.22,450.0,0,0.0,0.0,,0.0,1,7.89,3.94,SPY231020C00455000,455.0,normalDay
2023-09-07,12178.0,-62.0,0.0,100,444.85,450.0,0,0.0,0.0,,0.0,1,7.89,3.36,SPY231020C00455000,455.0,normalDay
2023-09-08,12178.0,2.0,0.0,100,445.52,450.0,0,0.0,0.0,,0.0,1,7.89,3.39,SPY231020C00455000,455.0,normalDay
2023-09-11,12178.0,227.0,0.0,100,448.45,450.0,0,0.0,0.0,,0.0,1,7.89,4.07,SPY231020C00455000,455.0,normalDay
2023-09-12,12178.0,69.0,0.0,100,445.99,450.0,0,0.0,0.0,,0.0,1,7.89,3.19,SPY231020C00455000,455.0,normalDay
2023-09-13,12178.0,138.0,0.0,100,446.51,450.0,0,0.0,0.0,,0.0,1,7.89,3.02,SPY231020C00455000,455.0,normalDay
2023-09-14,12178.0,416.0,0.0,100,450.36,450.0,0,0.0,0.0,,0.0,1,7.89,4.09,SPY231020C00455000,455.0,normalDay
2023-09-15,12178.0,-99.0,0.0,100,443.37,450.0,0,0.0,0.0,,0.0,1,7.89,2.25,SPY231020C00455000,455.0,normalDay
2023-09-18,12178.0,-71.0,0.0,100,443.63,450.0,0,0.0,0.0,,0.0,1,7.89,2.23,SPY231020C00455000,455.0,normalDay
2023-09-19,12178.0,-133.0,0.0,100,442.71,450.0,0,0.0,0.0,,0.0,1,7.89,1.93,SPY231020C00455000,455.0,normalDay
2023-09-20,12178.0,-458.0,0.0,100,438.64,450.0,0,0.0,0.0,,0.0,1,7.89,1.11,SPY231020C00455000,455.0,normalDay
2023-09-21,12178.0,-1120.0,0.0,100,431.39,450.0,0,0.0,0.0,,0.0,1,7.89,0.48,SPY231020C00455000,455.0,normalDay
2023-09-22,12178.0,-1202.0,0.0,100,430.42,450.0,0,0.0,0.0,,0.0,1,7.89,0.33,SPY231020C00455000,455.0,normalDay
2023-09-25,12178.0,-1025.0,0.0,100,432.23,450.0,0,0.0,0.0,,0.0,1,7.89,0.37,SPY231020C00455000,455.0,normalDay
2023-09-26,12178.0,-1641.0,0.0,100,425.88,450.0,0,0.0,0.0,,0.0,1,7.89,0.18,SPY231020C00455000,455.0,normalDay
2023-09-27,12178.0,-1620.0,0.0,100,426.05,450.0,0,0.0,0.0,,0.0,1,7.89,0.14,SPY231020C00455000,455.0,normalDay
2023-09-28,12178.0,-1376.0,0.0,100,428.52,450.0,0,0.0,0.0,,0.0,1,7.89,0.17,SPY231020C00455000,455.0,normalDay
2023-09-29,12178.0,-1473.0,0.0,100,427.48,450.0,0,0.0,0.0,,0.0,1,7.89,0.1,SPY231020C00455000,455.0,normalDay
2023-10-02,12178.0,-1487.0,0.0,100,427.31,450.0,0,0.0,0.0,,0.0,1,7.89,0.07,SPY231020C00455000,455.0,normalDay
2023-10-03,12178.0,-2057.0,0.0,100,421.59,450.0,0,0.0,0.0,,0.0,1,7.89,0.05,SPY231020C00455000,455.0,normalDay
2023-10-04,12178.0,-1750.0,0.0,100,424.66,450.0,0,0.0,0.0,,0.0,1,7.89,0.05,SPY231020C00455000,455.0,normalDay
2023-10-05,12178.0,-1765.0,0.0,100,424.5,450.0,0,0.0,0.0,,0.0,1,7.89,0.04,SPY231020C00455000,455.0,normalDay
2023-10-06,12178.0,-1262.0,0.0,100,429.54,450.0,0,0.0,0.0,,0.0,1,7.89,0.05,SPY231020C00455000,455.0,normalDay
2023-10-09,12178.0,-988.0,0.0,100,432.29,450.0,0,0.0,0.0,,0.0,1,7.89,0.06,SPY231020C00455000,455.0,normalDay
2023-10-10,12178.0,-764.0,0.0,100,434.54,450.0,0,0.0,0.0,,0.0,1,7.89,0.07,SPY231020C00455000,455.0,normalDay
2023-10-11,12178.0,-584.0,0.0,100,436.32,450.0,0,0.0,0.0,,0.0,1,7.89,0.05,SPY231020C00455000,455.0,normalDay
2023-10-12,12178.0,-848.0,0.0,100,433.66,450.0,0,0.0,0.0,,0.0,1,7.89,0.03,SPY231020C00455000,455.0,normalDay
2023-10-13,12178.0,-1063.0,0.0,100,431.5,450.0,0,0.0,0.0,,0.0,1,7.89,0.02,SPY231020C00455000,455.0,normalDay
2023-10-16,12178.0,-609.0,0.0,100,436.04,450.0,0,0.0,0.0,,0.0,1,7.89,0.02,SPY231020C00455000,455.0,normalDay
2023-10-17,12178.0,-611.0,0.0,100,436.02,450.0,0,0.0,0.0,,0.0,1,7.89,0.02,SPY231020C00455000,455.0,normalDay
2023-10-18,12178.0,-1191.0,0.0,100,430.21,450.0,0,0.0,0.0,,0.0,1,7.89,0.01,SPY231020C00455000,455.0,normalDay
2023-10-19,12178.0,-1569.0,0.0,100,426.43,450.0,0,0.0,0.0,,0.0,1,7.89,0.01,SPY231020C00455000,455.0,normalDay
2023-10-20,12967.0,-2881.0,789.0,100,421.19,450.0,0,0.0,0.0,,0.0,1,7.89,0.0,SPY231020C00455000,455.0,expirationDay
2023-10-23,12967.0,-2961.0,0.0,100,420.46,450.0,0,0.0,0.0,,0.0,1,7.63,7.7,SPY231229C00433000,433.0,normalDay
2023-10-24,12967.0,-2713.0,0.0,100,423.63,450.0,0,0.0,0.0,,0.0,1,7.63,8.39,SPY231229C00433000,433.0,normalDay
2023-10-25,12967.0,-3092.0,0.0,100,417.55,450.0,0,0.0,0.0,,0.0,1,7.63,6.1,SPY231229C00433000,433.0,normalDay
2023-10-26,12967.0,-3417.0,0.0,100,412.55,450.0,0,0.0,0.0,,0.0,1,7.63,4.35,SPY231229C00433000,433.0,normalDay
2023-10-27,12967.0,-3547.0,0.0,100,410.68,450.0,0,0.0,0.0,,0.0,1,7.63,3.78,SPY231229C00433000,433.0,normalDay
2023-10-30,12967.0,-3137.0,0.0,100,415.59,450.0,0,0.0,0.0,,0.0,1,7.63,4.59,SPY231229C00433000,433.0,normalDay
2023-10-31,12967.0,-2882.0,0.0,100,418.2,450.0,0,0.0,0.0,,0.0,1,7.63,4.65,SPY231229C00433000,433.0,normalDay
2023-11-01,12967.0,-2573.0,0.0,100,422.66,450.0,0,0.0,0.0,,0.0,1,7.63,6.02,SPY231229C00433000,433.0,normalDay
2023-11-02,12967.0,-2091.0,0.0,100,430.76,450.0,0,0.0,0.0,,0.0,1,7.63,9.3,SPY231229C00433000,433.0,normalDay
2023-11-03,12967.0,-1930.0,0.0,100,434.69,450.0,0,0.0,0.0,,0.0,1,7.63,11.62,SPY231229C00433000,433.0,normalDay
2023-11-06,12967.0,-1820.0,0.0,100,435.69,450.0,0,0.0,0.0,,0.0,1,7.63,11.52,SPY231229C00433000,433.0,normalDay
2023-11-07,12967.0,-1777.0,0.0,100,436.93,450.0,0,0.0,0.0,,0.0,1,7.63,12.33,SPY231229C00433000,433.0,normalDay
2023-11-08,12967.0,-1720.0,0.0,100,437.25,450.0,0,0.0,0.0,,0.0,1,7.63,12.08,SPY231229C00433000,433.0,normalDay
2023-11-09,12967.0,-1873.0,0.0,100,433.84,450.0,0,0.0,0.0,,0.0,1,7.63,10.2,SPY231229C00433000,433.0,normalDay
2023-11-10,12967.0,-1614.0,0.0,100,440.61,450.0,0,0.0,0.0,,0.0,1,7.63,14.38,SPY231229C00433000,433.0,normalDay
2023-11-13,12967.0,-1611.0,0.0,100,440.19,450.0,0,0.0,0.0,,0.0,1,7.63,13.93,SPY231229C00433000,433.0,normalDay
2023-11-14,12967.0,-1460.0,0.0,100,448.73,450.0,0,0.0,0.0,,0.0,1,7.63,20.96,SPY231229C00433000,433.0,normalDay
2023-11-15,12967.0,-1363.0,0.0,100,449.68,450.0,0,0.0,0.0,,0.0,1,7.63,20.94,SPY231229C00433000,433.0,normalDay
2023-11-16,12967.0,-1366.0,0.0,100,450.23,450.0,0,0.0,0.0,,0.0,1,7.63,21.52,SPY231229C00433000,433.0,normalDay
2023-11-17,12967.0,-1327.0,0.0,100,450.79,450.0,0,0.0,0.0,,0.0,1,7.63,21.69,SPY231229C00433000,433.0,normalDay
2023-11-20,12967.0,-1264.0,0.0,100,454.26,450.0,0,0.0,0.0,,0.0,1,7.63,24.53,SPY231229C00433000,433.0,normalDay
2023-11-21,12967.0,-1225.0,0.0,100,453.27,450.0,0,0.0,0.0,,0.0,1,7.63,23.15,SPY231229C00433000,433.0,normalDay
2023-11-22,12967.0,-1279.0,0.0,100,455.02,450.0,0,0.0,0.0,,0.0,1,7.63,25.44,SPY231229C00433000,433.0,normalDay
2023-11-24,12967.0,-1272.0,0.0,100,455.3,450.0,0,0.0,0.0,,0.0,1,7.63,25.65,SPY231229C00433000,433.0,normalDay
2023-11-27,12967.0,-1239.0,0.0,100,454.48,450.0,0,0.0,0.0,,0.0,1,7.63,24.5,SPY231229C00433000,433.0,normalDay
2023-11-28,12967.0,-1153.0,0.0,100,454.93,450.0,0,0.0,0.0,,0.0,1,7.63,24.09,SPY231229C00433000,433.0,normalDay
2023-11-29,12967.0,-1197.0,0.0,100,454.61,450.0,0,0.0,0.0,,0.0,1,7.63,24.21,SPY231229C00433000,433.0,normalDay
2023-11-30,12967.0,-1173.0,0.0,100,456.4,450.0,0,0.0,0.0,,0.0,1,7.63,25.76,SPY231229C00433000,433.0,normalDay
