date,totalCapital,unrializedPnL,rializedPnL,stocksOwned,stocksPriceToday,stocksPriceBoughtAt,putOwned,putOwnedSoldAt,putPriceToday,putOwnedContract,putOwnedStrike,callOwned,callOwnedSoldAt,callPriceToday,callOwnedContract,callOwnedStrike,trackType
2018-11-01,0.0,-9.0,0.0,0,273.51,0.0,1,5.43,5.52,SPY190315P00253000,253.0,0,0.0,0.0,,0.0,normalDay
2018-11-02,0.0,-40.0,0.0,0,271.89,0.0,1,5.43,5.83,SPY190315P00253000,253.0,0,0.0,0.0,,0.0,normalDay
2018-11-05,0.0,10.0,0.0,0,273.39,0.0,1,5.43,5.33,SPY190315P00253000,253.0,0,0.0,0.0,,0.0,normalDay
2018-11-06,0.0,58.0,0.0,0,275.12,0.0,1,5.43,4.85,SPY190315P00253000,253.0,0,0.0,0.0,,0.0,normalDay
2018-11-07,0.0,200.0,0.0,0,281.01,0.0,1,5.43,3.43,SPY190315P00253000,253.0,0,0.0,0.0,,0.0,normalDay
2018-11-08,0.0,203.0,0.0,0,280.5,0.0,1,5.43,3.4,SPY190315P00253000,253.0,0,0.0,0.0,,0.0,normalDay
2018-11-09,0.0,137.0,0.0,0,277.76,0.0,1,5.43,4.06,SPY190315P00253000,253.0,0,0.0,0.0,,0.0,normalDay
2018-11-12,0.0,13.0,0.0,0,272.57,0.0,1,5.43,5.3,SPY190315P00253000,253.0,0,0.0,0.0,,0.0,normalDay
2018-11-13,0.0,-9.0,0.0,0,272.06,0.0,1,5.43,5.52,SPY190315P00253000,253.0,0,0.0,0.0,,0.0,normalDay
2018-11-14,0.0,-79.0,0.0,0,270.2,0.0,1,5.43,6.22,SPY190315P00253000,253.0,0,0.0,0.0,,0.0,normalDay
2018-11-15,0.0,9.0,0.0,0,273.02,0.0,1,5.43,5.34,SPY190315P00253000,253.0,0,0.0,0.0,,0.0,normalDay
2018-11-16,0.0,62.0,0.0,0,273.73,0.0,1,5.43,4.81,SPY190315P00253000,253.0,0,0.0,0.0,,0.0,normalDay
2018-11-19,0.0,-61.0,0.0,0,269.1,0.0,1,5.43,6.04,SPY190315P00253000,253.0,0,0.0,0.0,,0.0,normalDay
2018-11-20,0.0,-241.0,0.0,0,264.12,0.0,1,5.43,7.84,SPY190315P00253000,253.0,0,0.0,0.0,,0.0,normalDay
2018-11-21,0.0,-170.0,0.0,0,265.02,0.0,1,5.43,7.13,SPY190315P00253000,253.0,0,0.0,0.0,,0.0,normalDay
2018-11-23,0.0,-230.0,0.0,0,263.25,0.0,1,5.43,7.73,SPY190315P00253000,253.0,0,0.0,0.0,,0.0,normalDay
2018-11-26,0.0,-31.0,0.0,0,267.5,0.0,1,5.43,5.74,SPY190315P00253000,253.0,0,0.0,0.0,,0.0,normalDay
2018-11-27,0.0,-13.0,0.0,0,268.4,0.0,1,5.43,5.56,SPY190315P00253000,253.0,0,0.0,0.0,,0.0,normalDay
2018-11-28,0.0,121.0,0.0,0,274.58,0.0,1,5.43,4.22,SPY190315P00253000,253.0,0,0.0,0.0,,0.0,normalDay
2018-11-29,0.0,105.0,0.0,0,273.98,0.0,1,5.43,4.38,SPY190315P00253000,253.0,0,0.0,0.0,,0.0,normalDay
2018-11-30,0.0,154.0,0.0,0,275.65,0.0,1,5.43,3.89,SPY190315P00253000,253.0,0,0.0,0.0,,0.0,normalDay
2018-12-03,0.0,240.0,0.0,0,279.3,0.0,1,5.43,3.03,SPY190315P00253000,253.0,0,0.0,0.0,,0.0,normalDay
2018-12-04,0.0,14.0,0.0,0,270.25,0.0,1,5.43,5.29,SPY190315P00253000,253.0,0,0.0,0.0,,0.0,normalDay
2018-12-06,0.0,5.0,0.0,0,269.84,0.0,1,5.43,5.38,SPY190315P00253000,253.0,0,0.0,0.0,,0.0,normalDay
2018-12-07,0.0,-200.0,0.0,0,263.57,0.0,1,5.43,7.43,SPY190315P00253000,253.0,0,0.0,0.0,,0.0,normalDay
2018-12-10,0.0,-142.0,0.0,0,264.07,0.0,1,5.43,6.85,SPY190315P00253000,253.0,0,0.0,0.0,,0.0,normalDay
2018-12-11,0.0,-131.0,0.0,0,264.13,0.0,1,5.43,6.74,SPY190315P00253000,253.0,0,0.0,0.0,,0.0,normalDay
2018-12-12,0.0,-97.0,0.0,0,265.46,0.0,1,5.43,6.4,SPY190315P00253000,253.0,0,0.0,0.0,,0.0,normalDay
2018-12-13,0.0,-77.0,0.0,0,265.37,0.0,1,5.43,6.2,SPY190315P00253000,253.0,0,0.0,0.0,,0.0,normalDay
2018-12-14,0.0,-230.0,0.0,0,260.47,0.0,1,5.43,7.73,SPY190315P00253000,253.0,0,0.0,0.0,,0.0,normalDay
2018-12-17,0.0,-438.0,0.0,0,255.36,0.0,1,5.43,9.81,SPY190315P00253000,253.0,0,0.0,0.0,,0.0,normalDay
2018-12-18,0.0,-490.0,0.0,0,255.08,0.0,1,5.43,10.33,SPY190315P00253000,253.0,0,0.0,0.0,,0.0,normalDay
2018-12-19,0.0,-595.0,0.0,0,251.26,0.0,1,5.43,11.38,SPY190315P00253000,253.0,0,0.0,0.0,,0.0,normalDay
2018-12-20,0.0,-814.0,0.0,0,247.17,0.0,1,5.43,13.57,SPY190315P00253000,253.0,0,0.0,0.0,,0.0,normalDay
2018-12-21,0.0,-1219.0,0.0,0,240.7,0.0,1,5.43,17.62,SPY190315P00253000,253.0,0,0.0,0.0,,0.0,normalDay
2018-12-24,0.0,-1832.0,0.0,0,234.34,0.0,1,5.43,23.75,SPY190315P00253000,253.0,0,0.0,0.0,,0.0,normalDay
2018-12-26,0.0,-813.0,0.0,0,246.18,0.0,1,5.43,13.56,SPY190315P00253000,253.0,0,0.0,0.0,,0.0,normalDay
2018-12-27,0.0,-733.0,0.0,0,248.07,0.0,1,5.43,12.76,SPY190315P00253000,253.0,0,0.0,0.0,,0.0,normalDay
2018-12-28,0.0,-745.0,0.0,0,247.75,0.0,1,5.43,12.88,SPY190315P00253000,253.0,0,0.0,0.0,,0.0,normalDay
2018-12-31,0.0,-560.0,0.0,0,249.92,0.0,1,5.43,11.03,SPY190315P00253000,253.0,0,0.0,0.0,,0.0,normalDay
2019-01-02,0.0,-478.0,0.0,0,250.18,0.0,1,5.43,10.21,SPY190315P00253000,253.0,0,0.0,0.0,,0.0,normalDay
2019-01-03,0.0,-867.0,0.0,0,244.21,0.0,1,5.43,14.1,SPY190315P00253000,253.0,0,0.0,0.0,,0.0,normalDay
2019-01-04,0.0,-351.0,0.0,0,252.39,0.0,1,5.43,8.94,SPY190315P00253000,253.0,0,0.0,0.0,,0.0,normalDay
2019-01-07,0.0,-255.0,0.0,0,254.38,0.0,1,5.43,7.98,SPY190315P00253000,253.0,0,0.0,0.0,,0.0,normalDay
2019-01-08,0.0,-134.0,0.0,0,256.77,0.0,1,5.43,6.77,SPY190315P00253000,253.0,0,0.0,0.0,,0.0,normalDay
2019-01-09,0.0,-71.0,0.0,0,257.97,0.0,1,5.43,6.14,SPY190315P00253000,253.0,0,0.0,0.0,,0.0,normalDay
2019-01-10,0.0,-22.0,0.0,0,258.88,0.0,1,5.43,5.65,SPY190315P00253000,253.0,0,0.0,0.0,,0.0,normalDay
2019-01-11,0.0,19.0,0.0,0,258.98,0.0,1,5.43,5.24,SPY190315P00253000,253.0,0,0.0,0.0,,0.0,normalDay
2019-01-14,0.0,-10.0,0.0,0,257.4,0.0,1,5.43,5.53,SPY190315P00253000,253.0,0,0.0,0.0,,0.0,normalDay
2019-01-15,0.0,105.0,0.0,0,260.35,0.0,1,5.43,4.38,SPY190315P00253000,253.0,0,0.0,0.0,,0.0,normalDay
2019-01-16,0.0,128.0,0.0,0,260.98,0.0,1,5.43,4.15,SPY190315P00253000,253.0,0,0.0,0.0,,0.0,normalDay
2019-01-17,0.0,189.0,0.0,0,262.96,0.0,1,5.43,3.54,SPY190315P00253000,253.0,0,0.0,0.0,,0.0,normalDay
2019-01-18,0.0,262.0,0.0,0,266.46,0.0,1,5.43,2.81,SPY190315P00253000,253.0,0,0.0,0.0,,0.0,normalDay
2019-01-22,0.0,153.0,0.0,0,262.86,0.0,1,5.43,3.9,SPY190315P00253000,253.0,0,0.0,0.0,,0.0,normalDay
2019-01-23,0.0,170.0,0.0,0,263.41,0.0,1,5.43,3.73,SPY190315P00253000,253.0,0,0.0,0.0,,0.0,normalDay
2019-01-24,0.0,197.0,0.0,0,263.55,0.0,1,5.43,3.46,SPY190315P00253000,253.0,0,0.0,0.0,,0.0,normalDay
2019-01-25,0.0,279.0,0.0,0,265.78,0.0,1,5.43,2.64,SPY190315P00253000,253.0,0,0.0,0.0,,0.0,normalDay
2019-01-28,0.0,227.0,0.0,0,263.76,0.0,1,5.43,3.16,SPY190315P00253000,253.0,0,0.0,0.0,,0.0,normalDay
2019-01-29,0.0,219.0,0.0,0,263.41,0.0,1,5.43,3.24,SPY190315P00253000,253.0,0,0.0,0.0,,0.0,normalDay
2019-01-30,0.0,332.0,0.0,0,267.58,0.0,1,5.43,2.11,SPY190315P00253000,253.0,0,0.0,0.0,,0.0,normalDay
2019-01-31,0.0,396.0,0.0,0,269.93,0.0,1,5.43,1.47,SPY190315P00253000,253.0,0,0.0,0.0,,0.0,normalDay
2019-02-01,0.0,405.0,0.0,0,270.06,0.0,1,5.43,1.38,SPY190315P00253000,253.0,0,0.0,0.0,,0.0,normalDay
2019-02-04,0.0,439.0,0.0,0,271.96,0.0,1,5.43,1.04,SPY190315P00253000,253.0,0,0.0,0.0,,0.0,normalDay
2019-02-05,0.0,447.0,0.0,0,273.1,0.0,1,5.43,0.96,SPY190315P00253000,253.0,0,0.0,0.0,,0.0,normalDay
2019-02-06,0.0,450.0,0.0,0,272.74,0.0,1,5.43,0.93,SPY190315P00253000,253.0,0,0.0,0.0,,0.0,normalDay
2019-02-07,0.0,422.0,0.0,0,270.14,0.0,1,5.43,1.21,SPY190315P00253000,253.0,0,0.0,0.0,,0.0,normalDay
2019-02-08,0.0,435.0,0.0,0,270.47,0.0,1,5.43,1.08,SPY190315P00253000,253.0,0,0.0,0.0,,0.0,normalDay
2019-02-11,0.0,447.0,0.0,0,270.62,0.0,1,5.43,0.96,SPY190315P00253000,253.0,0,0.0,0.0,,0.0,normalDay
2019-02-12,0.0,479.0,0.0,0,274.1,0.0,1,5.43,0.64,SPY190315P00253000,253.0,0,0.0,0.0,,0.0,normalDay
2019-02-13,0.0,483.0,0.0,0,274.99,0.0,1,5.43,0.6,SPY190315P00253000,253.0,0,0.0,0.0,,0.0,normalDay
2019-02-14,0.0,476.0,0.0,0,274.38,0.0,1,5.43,0.67,SPY190315P00253000,253.0,0,0.0,0.0,,0.0,normalDay
2019-02-15,0.0,500.0,0.0,0,277.37,0.0,1,5.43,0.43,SPY190315P00253000,253.0,0,0.0,0.0,,0.0,normalDay
2019-02-19,0.0,509.0,0.0,0,277.85,0.0,1,5.43,0.34,SPY190315P00253000,253.0,0,0.0,0.0,,0.0,normalDay
2019-02-20,0.0,518.0,0.0,0,278.41,0.0,1,5.43,0.25,SPY190315P00253000,253.0,0,0.0,0.0,,0.0,normalDay
2019-02-21,0.0,517.0,0.0,0,277.42,0.0,1,5.43,0.26,SPY190315P00253000,253.0,0,0.0,0.0,,0.0,normalDay
2019-02-22,0.0,525.0,0.0,0,279.14,0.0,1,5.43,0.18,SPY190315P00253000,253.0,0,0.0,0.0,,0.0,normalDay
2019-02-25,0.0,522.0,0.0,0,279.52,0.0,1,5.43,0.21,SPY190315P00253000,253.0,0,0.0,0.0,,0.0,normalDay
2019-02-26,0.0,523.0,0.0,0,279.32,0.0,1,5.43,0.2,SPY190315P00253000,253.0,0,0.0,0.0,,0.0,normalDay
2019-02-27,0.0,525.0,0.0,0,279.2,0.0,1,5.43,0.18,SPY190315P00253000,253.0,0,0.0,0.0,,0.0,normalDay
2019-02-28,0.0,524.0,0.0,0,278.68,0.0,1,5.43,0.19,SPY190315P00253000,253.0,0,0.0,0.0,,0.0,normalDay
2019-03-01,0.0,533.0,0.0,0,280.42,0.0,1,5.43,0.1,SPY190315P00253000,253.0,0,0.0,0.0,,0.0,normalDay
2019-03-04,0.0,534.0,0.0,0,279.4,0.0,1,5.43,0.09,SPY190315P00253000,253.0,0,0.0,0.0,,0.0,normalDay
2019-03-05,0.0,534.0,0.0,0,279.02,0.0,1,5.43,0.09,SPY190315P00253000,253.0,0,0.0,0.0,,0.0,normalDay
2019-03-06,0.0,532.0,0.0,0,277.33,0.0,1,5.43,0.11,SPY190315P00253000,253.0,0,0.0,0.0,,0.0,normalDay
2019-03-07,0.0,532.0,0.0,0,275.01,0.0,1,5.43,0.11,SPY190315P00253000,253.0,0,0.0,0.0,,0.0,normalDay
2019-03-08,0.0,537.0,0.0,0,274.46,0.0,1,5.43,0.06,SPY190315P00253000,253.0,0,0.0,0.0,,0.0,normalDay
2019-03-11,0.0,541.0,0.0,0,278.44,0.0,1,5.43,0.02,SPY190315P00253000,253.0,0,0.0,0.0,,0.0,normalDay
2019-03-12,0.0,541.0,0.0,0,279.49,0.0,1,5.43,0.02,SPY190315P00253000,253.0,0,0.0,0.0,,0.0,normalDay
2019-03-13,0.0,542.0,0.0,0,281.34,0.0,1,5.43,0.01,SPY190315P00253000,253.0,0,0.0,0.0,,0.0,normalDay
2019-03-14,0.0,542.0,0.0,0,281.16,0.0,1,5.43,0.01,SPY190315P00253000,253.0,0,0.0,0.0,,0.0,normalDay
2019-03-15,543.0,0.0,543.0,0,281.31,0.0,1,5.43,0.0,SPY190315P00253000,253.0,0,0.0,0.0,,0.0,expirationDay
2019-03-18,543.0,-5.0,0.0,0,282.33,0.0,1,5.25,5.3,SPY190719P00273000,273.0,0,0.0,0.0,,0.0,normalDay
2019-03-19,543.0,-24.0,0.0,0,282.4,0.0,1,5.25,5.49,SPY190719P00273000,273.0,0,0.0,0.0,,0.0,normalDay
2019-03-20,543.0,-51.0,0.0,0,281.55,0.0,1,5.25,5.76,SPY190719P00273000,273.0,0,0.0,0.0,,0.0,normalDay
2019-03-21,543.0,34.0,0.0,0,284.73,0.0,1,5.25,4.91,SPY190719P00273000,273.0,0,0.0,0.0,,0.0,normalDay
2019-03-22,543.0,-155.0,0.0,0,279.25,0.0,1,5.25,6.8,SPY190719P00273000,273.0,0,0.0,0.0,,0.0,normalDay
2019-03-25,543.0,-178.0,0.0,0,279.04,0.0,1,5.25,7.03,SPY190719P00273000,273.0,0,0.0,0.0,,0.0,normalDay
2019-03-26,543.0,-87.0,0.0,0,281.12,0.0,1,5.25,6.12,SPY190719P00273000,273.0,0,0.0,0.0,,0.0,normalDay
2019-03-27,543.0,-132.0,0.0,0,279.65,0.0,1,5.25,6.57,SPY190719P00273000,273.0,0,0.0,0.0,,0.0,normalDay
2019-03-28,543.0,-77.0,0.0,0,280.71,0.0,1,5.25,6.02,SPY190719P00273000,273.0,0,0.0,0.0,,0.0,normalDay
2019-03-29,543.0,-8.0,0.0,0,282.48,0.0,1,5.25,5.33,SPY190719P00273000,273.0,0,0.0,0.0,,0.0,normalDay
2019-04-01,543.0,82.0,0.0,0,285.83,0.0,1,5.25,4.43,SPY190719P00273000,273.0,0,0.0,0.0,,0.0,normalDay
2019-04-02,543.0,90.0,0.0,0,285.97,0.0,1,5.25,4.35,SPY190719P00273000,273.0,0,0.0,0.0,,0.0,normalDay
2019-04-03,543.0,106.0,0.0,0,286.42,0.0,1,5.25,4.19,SPY190719P00273000,273.0,0,0.0,0.0,,0.0,normalDay
2019-04-04,543.0,125.0,0.0,0,287.18,0.0,1,5.25,4.0,SPY190719P00273000,273.0,0,0.0,0.0,,0.0,normalDay
2019-04-05,543.0,169.0,0.0,0,288.57,0.0,1,5.25,3.56,SPY190719P00273000,273.0,0,0.0,0.0,,0.0,normalDay
2019-04-08,543.0,175.0,0.0,0,288.79,0.0,1,5.25,3.5,SPY190719P00273000,273.0,0,0.0,0.0,,0.0,normalDay
2019-04-09,543.0,121.0,0.0,0,287.31,0.0,1,5.25,4.04,SPY190719P00273000,273.0,0,0.0,0.0,,0.0,normalDay
2019-04-10,543.0,170.0,0.0,0,288.29,0.0,1,5.25,3.55,SPY190719P00273000,273.0,0,0.0,0.0,,0.0,normalDay
2019-04-11,543.0,173.0,0.0,0,288.21,0.0,1,5.25,3.52,SPY190719P00273000,273.0,0,0.0,0.0,,0.0,normalDay
2019-04-12,543.0,235.0,0.0,0,290.16,0.0,1,5.25,2.9,SPY190719P00273000,273.0,0,0.0,0.0,,0.0,normalDay
2019-04-15,543.0,242.0,0.0,0,289.97,0.0,1,5.25,2.83,SPY190719P00273000,273.0,0,0.0,0.0,,0.0,normalDay
2019-04-16,543.0,246.0,0.0,0,290.16,0.0,1,5.25,2.79,SPY190719P00273000,273.0,0,0.0,0.0,,0.0,normalDay
2019-04-17,543.0,230.0,0.0,0,289.45,0.0,1,5.25,2.95,SPY190719P00273000,273.0,0,0.0,0.0,,0.0,normalDay
2019-04-18,543.0,248.0,0.0,0,290.02,0.0,1,5.25,2.77,SPY190719P00273000,273.0,0,0.0,0.0,,0.0,normalDay
2019-04-22,543.0,264.0,0.0,0,290.27,0.0,1,5.25,2.61,SPY190719P00273000,273.0,0,0.0,0.0,,0.0,normalDay
2019-04-23,543.0,300.0,0.0,0,292.88,0.0,1,5.25,2.25,SPY190719P00273000,273.0,0,0.0,0.0,,0.0,normalDay
2019-04-24,543.0,284.0,0.0,0,292.23,0.0,1,5.25,2.41,SPY190719P00273000,273.0,0,0.0,0.0,,0.0,normalDay
2019-04-25,543.0,277.0,0.0,0,292.05,0.0,1,5.25,2.48,SPY190719P00273000,273.0,0,0.0,0.0,,0.0,normalDay
2019-04-26,543.0,303.0,0.0,0,293.41,0.0,1,5.25,2.22,SPY190719P00273000,273.0,0,0.0,0.0,,0.0,normalDay
2019-04-29,543.0,310.0,0.0,0,293.87,0.0,1,5.25,2.15,SPY190719P00273000,273.0,0,0.0,0.0,,0.0,normalDay
2019-04-30,543.0,315.0,0.0,0,294.02,0.0,1,5.25,2.1,SPY190719P00273000,273.0,0,0.0,0.0,,0.0,normalDay
2019-05-01,543.0,267.0,0.0,0,291.81,0.0,1,5.25,2.58,SPY190719P00273000,273.0,0,0.0,0.0,,0.0,normalDay
2019-05-02,543.0,260.0,0.0,0,291.18,0.0,1,5.25,2.65,SPY190719P00273000,273.0,0,0.0,0.0,,0.0,normalDay
2019-05-03,543.0,325.0,0.0,0,294.03,0.0,1,5.25,2.0,SPY190719P00273000,273.0,0,0.0,0.0,,0.0,normalDay
2019-05-06,543.0,277.0,0.0,0,292.82,0.0,1,5.25,2.48,SPY190719P00273000,273.0,0,0.0,0.0,,0.0,normalDay
2019-05-07,543.0,116.0,0.0,0,287.93,0.0,1,5.25,4.09,SPY190719P00273000,273.0,0,0.0,0.0,,0.0,normalDay
2019-05-08,543.0,123.0,0.0,0,287.53,0.0,1,5.25,4.02,SPY190719P00273000,273.0,0,0.0,0.0,,0.0,normalDay
2019-05-09,543.0,120.0,0.0,0,286.66,0.0,1,5.25,4.05,SPY190719P00273000,273.0,0,0.0,0.0,,0.0,normalDay
2019-05-10,543.0,201.0,0.0,0,288.1,0.0,1,5.25,3.24,SPY190719P00273000,273.0,0,0.0,0.0,,0.0,normalDay
2019-05-13,543.0,-52.0,0.0,0,280.86,0.0,1,5.25,5.77,SPY190719P00273000,273.0,0,0.0,0.0,,0.0,normalDay
2019-05-14,543.0,70.0,0.0,0,283.4,0.0,1,5.25,4.55,SPY190719P00273000,273.0,0,0.0,0.0,,0.0,normalDay
2019-05-15,543.0,154.0,0.0,0,285.06,0.0,1,5.25,3.71,SPY190719P00273000,273.0,0,0.0,0.0,,0.0,normalDay
2019-05-16,543.0,234.0,0.0,0,287.7,0.0,1,5.25,2.91,SPY190719P00273000,273.0,0,0.0,0.0,,0.0,normalDay
2019-05-17,543.0,189.0,0.0,0,285.84,0.0,1,5.25,3.36,SPY190719P00273000,273.0,0,0.0,0.0,,0.0,normalDay
2019-05-20,543.0,161.0,0.0,0,283.95,0.0,1,5.25,3.64,SPY190719P00273000,273.0,0,0.0,0.0,,0.0,normalDay
2019-05-21,543.0,244.0,0.0,0,286.51,0.0,1,5.25,2.81,SPY190719P00273000,273.0,0,0.0,0.0,,0.0,normalDay
2019-05-22,543.0,235.0,0.0,0,285.63,0.0,1,5.25,2.9,SPY190719P00273000,273.0,0,0.0,0.0,,0.0,normalDay
2019-05-23,543.0,114.0,0.0,0,282.14,0.0,1,5.25,4.11,SPY190719P00273000,273.0,0,0.0,0.0,,0.0,normalDay
2019-05-24,543.0,160.0,0.0,0,282.78,0.0,1,5.25,3.65,SPY190719P00273000,273.0,0,0.0,0.0,,0.0,normalDay
2019-05-28,543.0,90.0,0.0,0,280.15,0.0,1,5.25,4.35,SPY190719P00273000,273.0,0,0.0,0.0,,0.0,normalDay
2019-05-29,543.0,27.0,0.0,0,278.27,0.0,1,5.25,4.98,SPY190719P00273000,273.0,0,0.0,0.0,,0.0,normalDay
2019-05-30,543.0,63.0,0.0,0,279.03,0.0,1,5.25,4.62,SPY190719P00273000,273.0,0,0.0,0.0,,0.0,normalDay
2019-05-31,543.0,-91.0,0.0,0,275.27,0.0,1,5.25,6.16,SPY190719P00273000,273.0,0,0.0,0.0,,0.0,normalDay
2019-06-03,543.0,-85.0,0.0,0,274.57,0.0,1,5.25,6.1,SPY190719P00273000,273.0,0,0.0,0.0,,0.0,normalDay
2019-06-04,543.0,149.0,0.0,0,280.53,0.0,1,5.25,3.76,SPY190719P00273000,273.0,0,0.0,0.0,,0.0,normalDay
2019-06-05,543.0,239.0,0.0,0,282.96,0.0,1,5.25,2.86,SPY190719P00273000,273.0,0,0.0,0.0,,0.0,normalDay
2019-06-06,543.0,286.0,0.0,0,284.8,0.0,1,5.25,2.39,SPY190719P00273000,273.0,0,0.0,0.0,,0.0,normalDay
2019-06-07,543.0,324.0,0.0,0,287.65,0.0,1,5.25,2.01,SPY190719P00273000,273.0,0,0.0,0.0,,0.0,normalDay
2019-06-10,543.0,360.0,0.0,0,288.97,0.0,1,5.25,1.65,SPY190719P00273000,273.0,0,0.0,0.0,,0.0,normalDay
2019-06-11,543.0,358.0,0.0,0,288.9,0.0,1,5.25,1.67,SPY190719P00273000,273.0,0,0.0,0.0,,0.0,normalDay
2019-06-12,543.0,359.0,0.0,0,288.39,0.0,1,5.25,1.66,SPY190719P00273000,273.0,0,0.0,0.0,,0.0,normalDay
2019-06-13,543.0,380.0,0.0,0,289.58,0.0,1,5.25,1.45,SPY190719P00273000,273.0,0,0.0,0.0,,0.0,normalDay
2019-06-14,543.0,392.0,0.0,0,289.26,0.0,1,5.25,1.33,SPY190719P00273000,273.0,0,0.0,0.0,,0.0,normalDay
2019-06-17,543.0,405.0,0.0,0,289.37,0.0,1,5.25,1.2,SPY190719P00273000,273.0,0,0.0,0.0,,0.0,normalDay
2019-06-18,543.0,435.0,0.0,0,292.4,0.0,1,5.25,0.9,SPY190719P00273000,273.0,0,0.0,0.0,,0.0,normalDay
2019-06-19,543.0,454.0,0.0,0,293.06,0.0,1,5.25,0.71,SPY190719P00273000,273.0,0,0.0,0.0,,0.0,normalDay
2019-06-20,543.0,468.0,0.0,0,295.86,0.0,1,5.25,0.57,SPY190719P00273000,273.0,0,0.0,0.0,,0.0,normalDay
2019-06-21,543.0,464.0,0.0,0,294.0,0.0,1,5.25,0.61,SPY190719P00273000,273.0,0,0.0,0.0,,0.0,normalDay
2019-06-24,543.0,473.0,0.0,0,293.64,0.0,1,5.25,0.52,SPY190719P00273000,273.0,0,0.0,0.0,,0.0,normalDay
2019-06-25,543.0,449.0,0.0,0,290.76,0.0,1,5.25,0.76,SPY190719P00273000,273.0,0,0.0,0.0,,0.0,normalDay
2019-06-26,543.0,450.0,0.0,0,290.47,0.0,1,5.25,0.75,SPY190719P00273000,273.0,0,0.0,0.0,,0.0,normalDay
2019-06-27,543.0,467.0,0.0,0,291.5,0.0,1,5.25,0.58,SPY190719P00273000,273.0,0,0.0,0.0,,0.0,normalDay
2019-06-28,543.0,480.0,0.0,0,293.0,0.0,1,5.25,0.45,SPY190719P00273000,273.0,0,0.0,0.0,,0.0,normalDay
2019-07-01,543.0,504.0,0.0,0,295.66,0.0,1,5.25,0.21,SPY190719P00273000,273.0,0,0.0,0.0,,0.0,normalDay
2019-07-02,543.0,512.0,0.0,0,296.43,0.0,1,5.25,0.13,SPY190719P00273000,273.0,0,0.0,0.0,,0.0,normalDay
2019-07-03,543.0,516.0,0.0,0,298.8,0.0,1,5.25,0.09,SPY190719P00273000,273.0,0,0.0,0.0,,0.0,normalDay
2019-07-05,543.0,514.0,0.0,0,298.46,0.0,1,5.25,0.11,SPY190719P00273000,273.0,0,0.0,0.0,,0.0,normalDay
2019-07-08,543.0,518.0,0.0,0,296.82,0.0,1,5.25,0.07,SPY190719P00273000,273.0,0,0.0,0.0,,0.0,normalDay
2019-07-09,543.0,519.0,0.0,0,297.19,0.0,1,5.25,0.06,SPY190719P00273000,273.0,0,0.0,0.0,,0.0,normalDay
2019-07-10,543.0,521.0,0.0,0,298.61,0.0,1,5.25,0.04,SPY190719P00273000,273.0,0,0.0,0.0,,0.0,normalDay
2019-07-11,543.0,521.0,0.0,0,299.31,0.0,1,5.25,0.04,SPY190719P00273000,273.0,0,0.0,0.0,,0.0,normalDay
2019-07-12,543.0,522.0,0.0,0,300.65,0.0,1,5.25,0.03,SPY190719P00273000,273.0,0,0.0,0.0,,0.0,normalDay
2019-07-15,543.0,523.0,0.0,0,300.75,0.0,1,5.25,0.02,SPY190719P00273000,273.0,0,0.0,0.0,,0.0,normalDay
2019-07-16,543.0,523.0,0.0,0,299.78,0.0,1,5.25,0.02,SPY190719P00273000,273.0,0,0.0,0.0,,0.0,normalDay
2019-07-17,543.0,523.0,0.0,0,297.74,0.0,1,5.25,0.02,SPY190719P00273000,273.0,0,0.0,0.0,,0.0,normalDay
2019-07-18,543.0,524.0,0.0,0,298.83,0.0,1,5.25,0.01,SPY190719P00273000,273.0,0,0.0,0.0,,0.0,normalDay
2019-07-19,1068.0,0.0,525.0,0,297.17,0.0,1,5.25,0.0,SPY190719P00273000,273.0,0,0.0,0.0,,0.0,expirationDay
2019-07-22,1068.0,-6.0,0.0,0,297.9,0.0,1,5.51,5.57,SPY191115P00287000,287.0,0,0.0,0.0,,0.0,normalDay
2019-07-23,1068.0,65.0,0.0,0,300.03,0.0,1,5.51,4.86,SPY191115P00287000,287.0,0,0.0,0.0,,0.0,normalDay
2019-07-24,1068.0,109.0,0.0,0,301.44,0.0,1,5.51,4.42,SPY191115P00287000,287.0,0,0.0,0.0,,0.0,normalDay
2019-07-25,1068.0,64.0,0.0,0,300.0,0.0,1,5.51,4.87,SPY191115P00287000,287.0,0,0.0,0.0,,0.0,normalDay
2019-07-26,1068.0,120.0,0.0,0,302.01,0.0,1,5.51,4.31,SPY191115P00287000,287.0,0,0.0,0.0,,0.0,normalDay
2019-07-29,1068.0,117.0,0.0,0,301.46,0.0,1,5.51,4.34,SPY191115P00287000,287.0,0,0.0,0.0,,0.0,normalDay
2019-07-30,1068.0,73.0,0.0,0,300.72,0.0,1,5.51,4.78,SPY191115P00287000,287.0,0,0.0,0.0,,0.0,normalDay
2019-07-31,1068.0,-47.0,0.0,0,297.43,0.0,1,5.51,5.98,SPY191115P00287000,287.0,0,0.0,0.0,,0.0,normalDay
2019-08-01,1068.0,-157.0,0.0,0,294.84,0.0,1,5.51,7.08,SPY191115P00287000,287.0,0,0.0,0.0,,0.0,normalDay
2019-08-02,1068.0,-228.0,0.0,0,292.62,0.0,1,5.51,7.79,SPY191115P00287000,287.0,0,0.0,0.0,,0.0,normalDay
2019-08-05,1068.0,-736.0,0.0,0,283.82,0.0,1,5.51,12.87,SPY191115P00287000,287.0,0,0.0,0.0,,0.0,normalDay
2019-08-06,1068.0,-450.0,0.0,0,287.8,0.0,1,5.51,10.01,SPY191115P00287000,287.0,0,0.0,0.0,,0.0,normalDay
2019-08-07,1068.0,-442.0,0.0,0,287.97,0.0,1,5.51,9.93,SPY191115P00287000,287.0,0,0.0,0.0,,0.0,normalDay
2019-08-08,1068.0,-168.0,0.0,0,293.62,0.0,1,5.51,7.19,SPY191115P00287000,287.0,0,0.0,0.0,,0.0,normalDay
2019-08-09,1068.0,-254.0,0.0,0,291.62,0.0,1,5.51,8.05,SPY191115P00287000,287.0,0,0.0,0.0,,0.0,normalDay
2019-08-12,1068.0,-473.0,0.0,0,288.07,0.0,1,5.51,10.24,SPY191115P00287000,287.0,0,0.0,0.0,,0.0,normalDay
2019-08-13,1068.0,-224.0,0.0,0,292.55,0.0,1,5.51,7.75,SPY191115P00287000,287.0,0,0.0,0.0,,0.0,normalDay
2019-08-14,1068.0,-671.0,0.0,0,283.9,0.0,1,5.51,12.22,SPY191115P00287000,287.0,0,0.0,0.0,,0.0,normalDay
2019-08-15,1068.0,-614.0,0.0,0,284.65,0.0,1,5.51,11.65,SPY191115P00287000,287.0,0,0.0,0.0,,0.0,normalDay
2019-08-16,1068.0,-388.0,0.0,0,288.85,0.0,1,5.51,9.39,SPY191115P00287000,287.0,0,0.0,0.0,,0.0,normalDay
2019-08-19,1068.0,-193.0,0.0,0,292.33,0.0,1,5.51,7.44,SPY191115P00287000,287.0,0,0.0,0.0,,0.0,normalDay
2019-08-20,1068.0,-293.0,0.0,0,290.09,0.0,1,5.51,8.44,SPY191115P00287000,287.0,0,0.0,0.0,,0.0,normalDay
2019-08-21,1068.0,-140.0,0.0,0,292.45,0.0,1,5.51,6.91,SPY191115P00287000,287.0,0,0.0,0.0,,0.0,normalDay
2019-08-22,1068.0,-170.0,0.0,0,292.36,0.0,1,5.51,7.21,SPY191115P00287000,287.0,0,0.0,0.0,,0.0,normalDay
2019-08-23,1068.0,-506.0,0.0,0,284.85,0.0,1,5.51,10.57,SPY191115P00287000,287.0,0,0.0,0.0,,0.0,normalDay
2019-08-26,1068.0,-371.0,0.0,0,288.0,0.0,1,5.51,9.22,SPY191115P00287000,287.0,0,0.0,0.0,,0.0,normalDay
2019-08-27,1068.0,-449.0,0.0,0,286.87,0.0,1,5.51,10.0,SPY191115P00287000,287.0,0,0.0,0.0,,0.0,normalDay
2019-08-28,1068.0,-335.0,0.0,0,288.89,0.0,1,5.51,8.86,SPY191115P00287000,287.0,0,0.0,0.0,,0.0,normalDay
2019-08-29,1068.0,-167.0,0.0,0,292.58,0.0,1,5.51,7.18,SPY191115P00287000,287.0,0,0.0,0.0,,0.0,normalDay
2019-08-30,1068.0,-182.0,0.0,0,292.45,0.0,1,5.51,7.33,SPY191115P00287000,287.0,0,0.0,0.0,,0.0,normalDay
2019-09-03,1068.0,-251.0,0.0,0,290.74,0.0,1,5.51,8.02,SPY191115P00287000,287.0,0,0.0,0.0,,0.0,normalDay
2019-09-04,1068.0,-75.0,0.0,0,294.04,0.0,1,5.51,6.26,SPY191115P00287000,287.0,0,0.0,0.0,,0.0,normalDay
2019-09-05,1068.0,57.0,0.0,0,297.82,0.0,1,5.51,4.94,SPY191115P00287000,287.0,0,0.0,0.0,,0.0,normalDay
2019-09-06,1068.0,107.0,0.0,0,298.05,0.0,1,5.51,4.44,SPY191115P00287000,287.0,0,0.0,0.0,,0.0,normalDay
2019-09-09,1068.0,115.0,0.0,0,298.2,0.0,1,5.51,4.36,SPY191115P00287000,287.0,0,0.0,0.0,,0.0,normalDay
2019-09-10,1068.0,124.0,0.0,0,298.13,0.0,1,5.51,4.27,SPY191115P00287000,287.0,0,0.0,0.0,,0.0,normalDay
2019-09-11,1068.0,192.0,0.0,0,300.25,0.0,1,5.51,3.59,SPY191115P00287000,287.0,0,0.0,0.0,,0.0,normalDay
2019-09-12,1068.0,236.0,0.0,0,301.29,0.0,1,5.51,3.15,SPY191115P00287000,287.0,0,0.0,0.0,,0.0,normalDay
2019-09-13,1068.0,241.0,0.0,0,301.09,0.0,1,5.51,3.1,SPY191115P00287000,287.0,0,0.0,0.0,,0.0,normalDay
2019-09-16,1068.0,221.0,0.0,0,300.16,0.0,1,5.51,3.3,SPY191115P00287000,287.0,0,0.0,0.0,,0.0,normalDay
2019-09-17,1068.0,235.0,0.0,0,300.92,0.0,1,5.51,3.16,SPY191115P00287000,287.0,0,0.0,0.0,,0.0,normalDay
2019-09-18,1068.0,262.0,0.0,0,301.1,0.0,1,5.51,2.89,SPY191115P00287000,287.0,0,0.0,0.0,,0.0,normalDay
2019-09-19,1068.0,265.0,0.0,0,301.08,0.0,1,5.51,2.86,SPY191115P00287000,287.0,0,0.0,0.0,,0.0,normalDay
2019-09-20,1068.0,209.0,0.0,0,298.28,0.0,1,5.51,3.42,SPY191115P00287000,287.0,0,0.0,0.0,,0.0,normalDay
2019-09-23,1068.0,236.0,0.0,0,298.21,0.0,1,5.51,3.15,SPY191115P00287000,287.0,0,0.0,0.0,,0.0,normalDay
2019-09-24,1068.0,149.0,0.0,0,295.87,0.0,1,5.51,4.02,SPY191115P00287000,287.0,0,0.0,0.0,,0.0,normalDay
2019-09-25,1068.0,205.0,0.0,0,297.62,0.0,1,5.51,3.46,SPY191115P00287000,287.0,0,0.0,0.0,,0.0,normalDay
2019-09-26,1068.0,205.0,0.0,0,297.0,0.0,1,5.51,3.46,SPY191115P00287000,287.0,0,0.0,0.0,,0.0,normalDay
2019-09-27,1068.0,143.0,0.0,0,295.4,0.0,1,5.51,4.08,SPY191115P00287000,287.0,0,0.0,0.0,,0.0,normalDay
2019-09-30,1068.0,221.0,0.0,0,296.77,0.0,1,5.51,3.3,SPY191115P00287000,287.0,0,0.0,0.0,,0.0,normalDay
2019-10-01,1068.0,85.0,0.0,0,293.24,0.0,1,5.51,4.66,SPY191115P00287000,287.0,0,0.0,0.0,,0.0,normalDay
2019-10-02,1068.0,-162.0,0.0,0,288.06,0.0,1,5.51,7.13,SPY191115P00287000,287.0,0,0.0,0.0,,0.0,normalDay
2019-10-03,1068.0,-17.0,0.0,0,290.42,0.0,1,5.51,5.68,SPY191115P00287000,287.0,0,0.0,0.0,,0.0,normalDay
2019-10-04,1068.0,161.0,0.0,0,294.35,0.0,1,5.51,3.9,SPY191115P00287000,287.0,0,0.0,0.0,,0.0,normalDay
2019-10-07,1068.0,127.0,0.0,0,293.08,0.0,1,5.51,4.24,SPY191115P00287000,287.0,0,0.0,0.0,,0.0,normalDay
2019-10-08,1068.0,-68.0,0.0,0,288.53,0.0,1,5.51,6.19,SPY191115P00287000,287.0,0,0.0,0.0,,0.0,normalDay
2019-10-09,1068.0,69.0,0.0,0,291.27,0.0,1,5.51,4.82,SPY191115P00287000,287.0,0,0.0,0.0,,0.0,normalDay
2019-10-10,1068.0,170.0,0.0,0,293.24,0.0,1,5.51,3.81,SPY191115P00287000,287.0,0,0.0,0.0,,0.0,normalDay
2019-10-11,1068.0,304.0,0.0,0,296.28,0.0,1,5.51,2.47,SPY191115P00287000,287.0,0,0.0,0.0,,0.0,normalDay
2019-10-14,1068.0,332.0,0.0,0,295.95,0.0,1,5.51,2.19,SPY191115P00287000,287.0,0,0.0,0.0,,0.0,normalDay
2019-10-15,1068.0,413.0,0.0,0,298.88,0.0,1,5.51,1.38,SPY191115P00287000,287.0,0,0.0,0.0,,0.0,normalDay
2019-10-16,1068.0,413.0,0.0,0,298.4,0.0,1,5.51,1.38,SPY191115P00287000,287.0,0,0.0,0.0,,0.0,normalDay
2019-10-17,1068.0,425.0,0.0,0,299.28,0.0,1,5.51,1.26,SPY191115P00287000,287.0,0,0.0,0.0,,0.0,normalDay
2019-10-18,1068.0,411.0,0.0,0,297.97,0.0,1,5.51,1.4,SPY191115P00287000,287.0,0,0.0,0.0,,0.0,normalDay
2019-10-21,1068.0,457.0,0.0,0,299.99,0.0,1,5.51,0.94,SPY191115P00287000,287.0,0,0.0,0.0,,0.0,normalDay
2019-10-22,1068.0,445.0,0.0,0,299.01,0.0,1,5.51,1.06,SPY191115P00287000,287.0,0,0.0,0.0,,0.0,normalDay
2019-10-23,1068.0,468.0,0.0,0,299.88,0.0,1,5.51,0.83,SPY191115P00287000,287.0,0,0.0,0.0,,0.0,normalDay
2019-10-24,1068.0,481.0,0.0,0,300.37,0.0,1,5.51,0.7,SPY191115P00287000,287.0,0,0.0,0.0,,0.0,normalDay
2019-10-25,1068.0,504.0,0.0,0,301.6,0.0,1,5.51,0.47,SPY191115P00287000,287.0,0,0.0,0.0,,0.0,normalDay
2019-10-28,1068.0,516.0,0.0,0,303.3,0.0,1,5.51,0.35,SPY191115P00287000,287.0,0,0.0,0.0,,0.0,normalDay
2019-10-29,1068.0,518.0,0.0,0,303.21,0.0,1,5.51,0.33,SPY191115P00287000,287.0,0,0.0,0.0,,0.0,normalDay
2019-10-30,1068.0,529.0,0.0,0,304.14,0.0,1,5.51,0.22,SPY191115P00287000,287.0,0,0.0,0.0,,0.0,normalDay
2019-10-31,1068.0,521.0,0.0,0,303.33,0.0,1,5.51,0.3,SPY191115P00287000,287.0,0,0.0,0.0,,0.0,normalDay
2019-11-01,1068.0,538.0,0.0,0,306.14,0.0,1,5.51,0.13,SPY191115P00287000,287.0,0,0.0,0.0,,0.0,normalDay
2019-11-04,1068.0,540.0,0.0,0,307.37,0.0,1,5.51,0.11,SPY191115P00287000,287.0,0,0.0,0.0,,0.0,normalDay
2019-11-05,1068.0,542.0,0.0,0,307.03,0.0,1,5.51,0.09,SPY191115P00287000,287.0,0,0.0,0.0,,0.0,normalDay
2019-11-06,1068.0,546.0,0.0,0,307.1,0.0,1,5.51,0.05,SPY191115P00287000,287.0,0,0.0,0.0,,0.0,normalDay
2019-11-07,1068.0,547.0,0.0,0,308.18,0.0,1,5.51,0.04,SPY191115P00287000,287.0,0,0.0,0.0,,0.0,normalDay
2019-11-08,1068.0,549.0,0.0,0,308.94,0.0,1,5.51,0.02,SPY191115P00287000,287.0,0,0.0,0.0,,0.0,normalDay
2019-11-11,1068.0,549.0,0.0,0,308.35,0.0,1,5.51,0.02,SPY191115P00287000,287.0,0,0.0,0.0,,0.0,normalDay
2019-11-12,1068.0,549.0,0.0,0,309.0,0.0,1,5.51,0.02,SPY191115P00287000,287.0,0,0.0,0.0,,0.0,normalDay
2019-11-13,1068.0,549.0,0.0,0,309.1,0.0,1,5.51,0.02,SPY191115P00287000,287.0,0,0.0,0.0,,0.0,normalDay
2019-11-14,1068.0,550.0,0.0,0,309.55,0.0,1,5.51,0.01,SPY191115P00287000,287.0,0,0.0,0.0,,0.0,normalDay
2019-11-15,1619.0,0.0,551.0,0,311.79,0.0,1,5.51,0.0,SPY191115P00287000,287.0,0,0.0,0.0,,0.0,expirationDay
2019-11-18,1619.0,-5.0,0.0,0,312.02,0.0,1,5.61,5.66,SPY200331P00294000,294.0,0,0.0,0.0,,0.0,normalDay
2019-11-19,1619.0,-19.0,0.0,0,311.93,0.0,1,5.61,5.8,SPY200331P00294000,294.0,0,0.0,0.0,,0.0,normalDay
2019-11-20,1619.0,-55.0,0.0,0,310.77,0.0,1,5.61,6.16,SPY200331P00294000,294.0,0,0.0,0.0,,0.0,normalDay
2019-11-21,1619.0,-68.0,0.0,0,310.27,0.0,1,5.61,6.29,SPY200331P00294000,294.0,0,0.0,0.0,,0.0,normalDay
2019-11-22,1619.0,-33.0,0.0,0,310.96,0.0,1,5.61,5.94,SPY200331P00294000,294.0,0,0.0,0.0,,0.0,normalDay
2019-11-25,1619.0,43.0,0.0,0,313.37,0.0,1,5.61,5.18,SPY200331P00294000,294.0,0,0.0,0.0,,0.0,normalDay
2019-11-26,1619.0,74.0,0.0,0,314.08,0.0,1,5.61,4.87,SPY200331P00294000,294.0,0,0.0,0.0,,0.0,normalDay
2019-11-27,1619.0,97.0,0.0,0,315.48,0.0,1,5.61,4.64,SPY200331P00294000,294.0,0,0.0,0.0,,0.0,normalDay
2019-11-29,1619.0,60.0,0.0,0,314.31,0.0,1,5.61,5.01,SPY200331P00294000,294.0,0,0.0,0.0,,0.0,normalDay
2019-12-02,1619.0,-32.0,0.0,0,311.64,0.0,1,5.61,5.93,SPY200331P00294000,294.0,0,0.0,0.0,,0.0,normalDay
2019-12-03,1619.0,-114.0,0.0,0,309.55,0.0,1,5.61,6.75,SPY200331P00294000,294.0,0,0.0,0.0,,0.0,normalDay
2019-12-04,1619.0,-48.0,0.0,0,311.46,0.0,1,5.61,6.09,SPY200331P00294000,294.0,0,0.0,0.0,,0.0,normalDay
2019-12-05,1619.0,-11.0,0.0,0,312.02,0.0,1,5.61,5.72,SPY200331P00294000,294.0,0,0.0,0.0,,0.0,normalDay
2019-12-06,1619.0,69.0,0.0,0,314.87,0.0,1,5.61,4.92,SPY200331P00294000,294.0,0,0.0,0.0,,0.0,normalDay
2019-12-09,1619.0,24.0,0.0,0,313.88,0.0,1,5.61,5.37,SPY200331P00294000,294.0,0,0.0,0.0,,0.0,normalDay
2019-12-10,1619.0,37.0,0.0,0,313.53,0.0,1,5.61,5.24,SPY200331P00294000,294.0,0,0.0,0.0,,0.0,normalDay
2019-12-11,1619.0,70.0,0.0,0,314.42,0.0,1,5.61,4.91,SPY200331P00294000,294.0,0,0.0,0.0,,0.0,normalDay
2019-12-12,1619.0,144.0,0.0,0,317.13,0.0,1,5.61,4.17,SPY200331P00294000,294.0,0,0.0,0.0,,0.0,normalDay
2019-12-13,1619.0,187.0,0.0,0,317.32,0.0,1,5.61,3.74,SPY200331P00294000,294.0,0,0.0,0.0,,0.0,normalDay
2019-12-16,1619.0,244.0,0.0,0,319.5,0.0,1,5.61,3.17,SPY200331P00294000,294.0,0,0.0,0.0,,0.0,normalDay
2019-12-17,1619.0,242.0,0.0,0,319.57,0.0,1,5.61,3.19,SPY200331P00294000,294.0,0,0.0,0.0,,0.0,normalDay
2019-12-18,1619.0,241.0,0.0,0,319.59,0.0,1,5.61,3.2,SPY200331P00294000,294.0,0,0.0,0.0,,0.0,normalDay
2019-12-19,1619.0,266.0,0.0,0,320.9,0.0,1,5.61,2.95,SPY200331P00294000,294.0,0,0.0,0.0,,0.0,normalDay
2019-12-20,1619.0,277.0,0.0,0,320.73,0.0,1,5.61,2.84,SPY200331P00294000,294.0,0,0.0,0.0,,0.0,normalDay
2019-12-23,1619.0,279.0,0.0,0,321.22,0.0,1,5.61,2.82,SPY200331P00294000,294.0,0,0.0,0.0,,0.0,normalDay
2019-12-24,1619.0,284.0,0.0,0,321.23,0.0,1,5.61,2.77,SPY200331P00294000,294.0,0,0.0,0.0,,0.0,normalDay
2019-12-26,1619.0,311.0,0.0,0,322.94,0.0,1,5.61,2.5,SPY200331P00294000,294.0,0,0.0,0.0,,0.0,normalDay
2019-12-27,1619.0,299.0,0.0,0,322.86,0.0,1,5.61,2.62,SPY200331P00294000,294.0,0,0.0,0.0,,0.0,normalDay
2019-12-30,1619.0,269.0,0.0,0,321.08,0.0,1,5.61,2.92,SPY200331P00294000,294.0,0,0.0,0.0,,0.0,normalDay
2019-12-31,1619.0,302.0,0.0,0,321.86,0.0,1,5.61,2.59,SPY200331P00294000,294.0,0,0.0,0.0,,0.0,normalDay
2020-01-02,1619.0,353.0,0.0,0,324.87,0.0,1,5.61,2.08,SPY200331P00294000,294.0,0,0.0,0.0,,0.0,normalDay
2020-01-03,1619.0,305.0,0.0,0,322.41,0.0,1,5.61,2.56,SPY200331P00294000,294.0,0,0.0,0.0,,0.0,normalDay
2020-01-06,1619.0,335.0,0.0,0,323.64,0.0,1,5.61,2.26,SPY200331P00294000,294.0,0,0.0,0.0,,0.0,normalDay
2020-01-07,1619.0,325.0,0.0,0,322.73,0.0,1,5.61,2.36,SPY200331P00294000,294.0,0,0.0,0.0,,0.0,normalDay
2020-01-08,1619.0,357.0,0.0,0,324.45,0.0,1,5.61,2.04,SPY200331P00294000,294.0,0,0.0,0.0,,0.0,normalDay
2020-01-09,1619.0,391.0,0.0,0,326.65,0.0,1,5.61,1.7,SPY200331P00294000,294.0,0,0.0,0.0,,0.0,normalDay
2020-01-10,1619.0,384.0,0.0,0,325.71,0.0,1,5.61,1.77,SPY200331P00294000,294.0,0,0.0,0.0,,0.0,normalDay
2020-01-13,1619.0,417.0,0.0,0,327.95,0.0,1,5.61,1.44,SPY200331P00294000,294.0,0,0.0,0.0,,0.0,normalDay
2020-01-14,1619.0,419.0,0.0,0,327.45,0.0,1,5.61,1.42,SPY200331P00294000,294.0,0,0.0,0.0,,0.0,normalDay
2020-01-15,1619.0,426.0,0.0,0,328.19,0.0,1,5.61,1.35,SPY200331P00294000,294.0,0,0.0,0.0,,0.0,normalDay
2020-01-16,1619.0,445.0,0.0,0,330.92,0.0,1,5.61,1.16,SPY200331P00294000,294.0,0,0.0,0.0,,0.0,normalDay
2020-01-17,1619.0,454.0,0.0,0,331.95,0.0,1,5.61,1.07,SPY200331P00294000,294.0,0,0.0,0.0,,0.0,normalDay
2020-01-21,1619.0,452.0,0.0,0,331.3,0.0,1,5.61,1.09,SPY200331P00294000,294.0,0,0.0,0.0,,0.0,normalDay
2020-01-22,1619.0,453.0,0.0,0,331.34,0.0,1,5.61,1.08,SPY200331P00294000,294.0,0,0.0,0.0,,0.0,normalDay
2020-01-23,1619.0,455.0,0.0,0,331.72,0.0,1,5.61,1.06,SPY200331P00294000,294.0,0,0.0,0.0,,0.0,normalDay
2020-01-24,1619.0,421.0,0.0,0,328.77,0.0,1,5.61,1.4,SPY200331P00294000,294.0,0,0.0,0.0,,0.0,normalDay
2020-01-27,1619.0,322.0,0.0,0,323.5,0.0,1,5.61,2.39,SPY200331P00294000,294.0,0,0.0,0.0,,0.0,normalDay
2020-01-28,1619.0,393.0,0.0,0,326.89,0.0,1,5.61,1.68,SPY200331P00294000,294.0,0,0.0,0.0,,0.0,normalDay
2020-01-29,1619.0,394.0,0.0,0,326.62,0.0,1,5.61,1.67,SPY200331P00294000,294.0,0,0.0,0.0,,0.0,normalDay
2020-01-30,1619.0,423.0,0.0,0,327.68,0.0,1,5.61,1.38,SPY200331P00294000,294.0,0,0.0,0.0,,0.0,normalDay
2020-01-31,1619.0,326.0,0.0,0,321.73,0.0,1,5.61,2.35,SPY200331P00294000,294.0,0,0.0,0.0,,0.0,normalDay
2020-02-03,1619.0,365.0,0.0,0,324.12,0.0,1,5.61,1.96,SPY200331P00294000,294.0,0,0.0,0.0,,0.0,normalDay
2020-02-04,1619.0,442.0,0.0,0,329.06,0.0,1,5.61,1.19,SPY200331P00294000,294.0,0,0.0,0.0,,0.0,normalDay
2020-02-05,1619.0,472.0,0.0,0,332.86,0.0,1,5.61,0.89,SPY200331P00294000,294.0,0,0.0,0.0,,0.0,normalDay
2020-02-06,1619.0,476.0,0.0,0,333.98,0.0,1,5.61,0.85,SPY200331P00294000,294.0,0,0.0,0.0,,0.0,normalDay
2020-02-07,1619.0,467.0,0.0,0,332.2,0.0,1,5.61,0.94,SPY200331P00294000,294.0,0,0.0,0.0,,0.0,normalDay
2020-02-10,1619.0,486.0,0.0,0,334.68,0.0,1,5.61,0.75,SPY200331P00294000,294.0,0,0.0,0.0,,0.0,normalDay
2020-02-11,1619.0,489.0,0.0,0,335.26,0.0,1,5.61,0.72,SPY200331P00294000,294.0,0,0.0,0.0,,0.0,normalDay
2020-02-12,1619.0,505.0,0.0,0,337.42,0.0,1,5.61,0.56,SPY200331P00294000,294.0,0,0.0,0.0,,0.0,normalDay
2020-02-13,1619.0,503.0,0.0,0,337.06,0.0,1,5.61,0.58,SPY200331P00294000,294.0,0,0.0,0.0,,0.0,normalDay
2020-02-14,1619.0,510.0,0.0,0,337.6,0.0,1,5.61,0.51,SPY200331P00294000,294.0,0,0.0,0.0,,0.0,normalDay
2020-02-18,1619.0,508.0,0.0,0,336.73,0.0,1,5.61,0.53,SPY200331P00294000,294.0,0,0.0,0.0,,0.0,normalDay
2020-02-19,1619.0,516.0,0.0,0,338.34,0.0,1,5.61,0.45,SPY200331P00294000,294.0,0,0.0,0.0,,0.0,normalDay
2020-02-20,1619.0,506.0,0.0,0,336.95,0.0,1,5.61,0.55,SPY200331P00294000,294.0,0,0.0,0.0,,0.0,normalDay
2020-02-21,1619.0,487.0,0.0,0,333.48,0.0,1,5.61,0.74,SPY200331P00294000,294.0,0,0.0,0.0,,0.0,normalDay
2020-02-24,1619.0,315.0,0.0,0,322.42,0.0,1,5.61,2.46,SPY200331P00294000,294.0,0,0.0,0.0,,0.0,normalDay
2020-02-25,1619.0,162.0,0.0,0,312.65,0.0,1,5.61,3.99,SPY200331P00294000,294.0,0,0.0,0.0,,0.0,normalDay
2020-02-26,1619.0,151.0,0.0,0,311.5,0.0,1,5.61,4.1,SPY200331P00294000,294.0,0,0.0,0.0,,0.0,normalDay
2020-02-27,1619.0,-556.0,0.0,0,297.51,0.0,1,5.61,11.17,SPY200331P00294000,294.0,0,0.0,0.0,,0.0,normalDay
2020-02-28,1619.0,-643.0,0.0,0,296.26,0.0,1,5.61,12.04,SPY200331P00294000,294.0,0,0.0,0.0,,0.0,normalDay
2020-03-02,1619.0,12.0,0.0,0,309.09,0.0,1,5.61,5.49,SPY200331P00294000,294.0,0,0.0,0.0,,0.0,normalDay
2020-03-03,1619.0,-298.0,0.0,0,300.24,0.0,1,5.61,8.59,SPY200331P00294000,294.0,0,0.0,0.0,,0.0,normalDay
2020-03-04,1619.0,97.0,0.0,0,312.86,0.0,1,5.61,4.64,SPY200331P00294000,294.0,0,0.0,0.0,,0.0,normalDay
2020-03-05,1619.0,-344.0,0.0,0,302.46,0.0,1,5.61,9.05,SPY200331P00294000,294.0,0,0.0,0.0,,0.0,normalDay
2020-03-06,1619.0,-540.0,0.0,0,297.46,0.0,1,5.61,11.01,SPY200331P00294000,294.0,0,0.0,0.0,,0.0,normalDay
2020-03-09,1619.0,-2028.0,0.0,0,274.23,0.0,1,5.61,25.89,SPY200331P00294000,294.0,0,0.0,0.0,,0.0,normalDay
2020-03-10,1619.0,-974.0,0.0,0,288.42,0.0,1,5.61,15.35,SPY200331P00294000,294.0,0,0.0,0.0,,0.0,normalDay
2020-03-11,1619.0,-1963.0,0.0,0,274.36,0.0,1,5.61,25.24,SPY200331P00294000,294.0,0,0.0,0.0,,0.0,normalDay
2020-03-12,1619.0,-4248.0,0.0,0,248.11,0.0,1,5.61,48.09,SPY200331P00294000,294.0,0,0.0,0.0,,0.0,normalDay
2020-03-13,1619.0,-2256.0,0.0,0,269.32,0.0,1,5.61,28.17,SPY200331P00294000,294.0,0,0.0,0.0,,0.0,normalDay
2020-03-16,1619.0,-4716.0,0.0,0,239.85,0.0,1,5.61,52.77,SPY200331P00294000,294.0,0,0.0,0.0,,0.0,normalDay
2020-03-17,1619.0,-3890.0,0.0,0,252.8,0.0,1,5.61,44.51,SPY200331P00294000,294.0,0,0.0,0.0,,0.0,normalDay
2020-03-18,1619.0,-5102.0,0.0,0,240.0,0.0,1,5.61,56.63,SPY200331P00294000,294.0,0,0.0,0.0,,0.0,normalDay
2020-03-19,1619.0,-5056.0,0.0,0,240.51,0.0,1,5.61,56.17,SPY200331P00294000,294.0,0,0.0,0.0,,0.0,normalDay
2020-03-20,1619.0,-5988.0,0.0,0,228.8,0.0,1,5.61,65.49,SPY200331P00294000,294.0,0,0.0,0.0,,0.0,normalDay
2020-03-23,1619.0,-6781.0,0.0,0,222.95,0.0,1,5.61,73.42,SPY200331P00294000,294.0,0,0.0,0.0,,0.0,normalDay
2020-03-24,1619.0,-4647.0,0.0,0,243.15,0.0,1,5.61,52.08,SPY200331P00294000,294.0,0,0.0,0.0,,0.0,normalDay
2020-03-25,1619.0,-4163.0,0.0,0,246.79,0.0,1,5.61,47.24,SPY200331P00294000,294.0,0,0.0,0.0,,0.0,normalDay
2020-03-26,1619.0,-2815.0,0.0,0,261.2,0.0,1,5.61,33.76,SPY200331P00294000,294.0,0,0.0,0.0,,0.0,normalDay
2020-03-27,1619.0,-3562.0,0.0,0,253.42,0.0,1,5.61,41.23,SPY200331P00294000,294.0,0,0.0,0.0,,0.0,normalDay
2020-03-30,1619.0,-2778.0,0.0,0,261.65,0.0,1,5.61,33.39,SPY200331P00294000,294.0,0,0.0,0.0,,0.0,normalDay
2020-03-31,2180.0,-3625.0,561.0,100,257.75,294.0,1,5.61,0.0,SPY200331P00294000,294.0,0,0.0,0.0,,0.0,expirationDay
2020-04-01,2180.0,-4789.0,0.0,100,246.15,294.0,0,0.0,0.0,,0.0,1,0.26,0.3,SPY200619C00316000,316.0,normalDay
2020-04-02,2180.0,-4228.0,0.0,100,251.83,294.0,0,0.0,0.0,,0.0,1,0.26,0.37,SPY200619C00316000,316.0,normalDay
2020-04-03,2180.0,-4583.0,0.0,100,248.19,294.0,0,0.0,0.0,,0.0,1,0.26,0.28,SPY200619C00316000,316.0,normalDay
2020-04-06,2180.0,-2958.0,0.0,100,264.86,294.0,0,0.0,0.0,,0.0,1,0.26,0.7,SPY200619C00316000,316.0,normalDay
2020-04-07,2180.0,-2929.0,0.0,100,265.13,294.0,0,0.0,0.0,,0.0,1,0.26,0.68,SPY200619C00316000,316.0,normalDay
2020-04-08,2180.0,-2110.0,0.0,100,274.03,294.0,0,0.0,0.0,,0.0,1,0.26,1.39,SPY200619C00316000,316.0,normalDay
2020-04-09,2180.0,-1747.0,0.0,100,278.2,294.0,0,0.0,0.0,,0.0,1,0.26,1.93,SPY200619C00316000,316.0,normalDay
2020-04-13,2180.0,-1949.0,0.0,100,275.66,294.0,0,0.0,0.0,,0.0,1,0.26,1.41,SPY200619C00316000,316.0,normalDay
2020-04-14,2180.0,-1221.0,0.0,100,283.79,294.0,0,0.0,0.0,,0.0,1,0.26,2.26,SPY200619C00316000,316.0,normalDay
2020-04-15,2180.0,-1743.0,0.0,100,277.76,294.0,0,0.0,0.0,,0.0,1,0.26,1.45,SPY200619C00316000,316.0,normalDay
2020-04-16,2180.0,-1622.0,0.0,100,279.1,294.0,0,0.0,0.0,,0.0,1,0.26,1.58,SPY200619C00316000,316.0,normalDay
2020-04-17,2180.0,-972.0,0.0,100,286.64,294.0,0,0.0,0.0,,0.0,1,0.26,2.62,SPY200619C00316000,316.0,normalDay
2020-04-20,2180.0,-1415.0,0.0,100,281.59,294.0,0,0.0,0.0,,0.0,1,0.26,2.0,SPY200619C00316000,316.0,normalDay
2020-04-21,2180.0,-2188.0,0.0,100,273.04,294.0,0,0.0,0.0,,0.0,1,0.26,1.18,SPY200619C00316000,316.0,normalDay
2020-04-22,2180.0,-1593.0,0.0,100,279.1,294.0,0,0.0,0.0,,0.0,1,0.26,1.29,SPY200619C00316000,316.0,normalDay
2020-04-23,2180.0,-1587.0,0.0,100,279.08,294.0,0,0.0,0.0,,0.0,1,0.26,1.21,SPY200619C00316000,316.0,normalDay
2020-04-24,2180.0,-1217.0,0.0,100,282.97,294.0,0,0.0,0.0,,0.0,1,0.26,1.4,SPY200619C00316000,316.0,normalDay
2020-04-27,2180.0,-816.0,0.0,100,287.05,294.0,0,0.0,0.0,,0.0,1,0.26,1.47,SPY200619C00316000,316.0,normalDay
2020-04-28,2180.0,-920.0,0.0,100,285.73,294.0,0,0.0,0.0,,0.0,1,0.26,1.19,SPY200619C00316000,316.0,normalDay
2020-04-29,2180.0,-265.0,0.0,100,293.21,294.0,0,0.0,0.0,,0.0,1,0.26,2.12,SPY200619C00316000,316.0,normalDay
2020-04-30,2180.0,-489.0,0.0,100,290.48,294.0,0,0.0,0.0,,0.0,1,0.26,1.63,SPY200619C00316000,316.0,normalDay
2020-05-01,2180.0,-1177.0,0.0,100,282.79,294.0,0,0.0,0.0,,0.0,1,0.26,0.82,SPY200619C00316000,316.0,normalDay
2020-05-04,2180.0,-1093.0,0.0,100,283.57,294.0,0,0.0,0.0,,0.0,1,0.26,0.76,SPY200619C00316000,316.0,normalDay
2020-05-05,2180.0,-844.0,0.0,100,286.19,294.0,0,0.0,0.0,,0.0,1,0.26,0.89,SPY200619C00316000,316.0,normalDay
2020-05-06,2180.0,-1016.0,0.0,100,284.25,294.0,0,0.0,0.0,,0.0,1,0.26,0.67,SPY200619C00316000,316.0,normalDay
2020-05-07,2180.0,-692.0,0.0,100,287.68,294.0,0,0.0,0.0,,0.0,1,0.26,0.86,SPY200619C00316000,316.0,normalDay
2020-05-08,2180.0,-240.0,0.0,100,292.44,294.0,0,0.0,0.0,,0.0,1,0.26,1.1,SPY200619C00316000,316.0,normalDay
2020-05-11,2180.0,-200.0,0.0,100,292.5,294.0,0,0.0,0.0,,0.0,1,0.26,0.76,SPY200619C00316000,316.0,normalDay
2020-05-12,2180.0,-756.0,0.0,100,286.67,294.0,0,0.0,0.0,,0.0,1,0.26,0.49,SPY200619C00316000,316.0,normalDay
2020-05-13,2180.0,-1248.0,0.0,100,281.6,294.0,0,0.0,0.0,,0.0,1,0.26,0.34,SPY200619C00316000,316.0,normalDay
2020-05-14,2180.0,-915.0,0.0,100,284.97,294.0,0,0.0,0.0,,0.0,1,0.26,0.38,SPY200619C00316000,316.0,normalDay
2020-05-15,2180.0,-779.0,0.0,100,286.28,294.0,0,0.0,0.0,,0.0,1,0.26,0.33,SPY200619C00316000,316.0,normalDay
2020-05-18,2180.0,32.0,0.0,100,295.0,294.0,0,0.0,0.0,,0.0,1,0.26,0.94,SPY200619C00316000,316.0,normalDay
2020-05-19,2180.0,-245.0,0.0,100,291.97,294.0,0,0.0,0.0,,0.0,1,0.26,0.68,SPY200619C00316000,316.0,normalDay
2020-05-20,2180.0,210.0,0.0,100,296.93,294.0,0,0.0,0.0,,0.0,1,0.26,1.09,SPY200619C00316000,316.0,normalDay
2020-05-21,2180.0,35.0,0.0,100,294.88,294.0,0,0.0,0.0,,0.0,1,0.26,0.79,SPY200619C00316000,316.0,normalDay
2020-05-22,2180.0,98.0,0.0,100,295.44,294.0,0,0.0,0.0,,0.0,1,0.26,0.72,SPY200619C00316000,316.0,normalDay
2020-05-26,2180.0,442.0,0.0,100,299.08,294.0,0,0.0,0.0,,0.0,1,0.26,0.92,SPY200619C00316000,316.0,normalDay
2020-05-27,2180.0,830.0,0.0,100,303.53,294.0,0,0.0,0.0,,0.0,1,0.26,1.49,SPY200619C00316000,316.0,normalDay
2020-05-28,2180.0,764.0,0.0,100,302.97,294.0,0,0.0,0.0,,0.0,1,0.26,1.59,SPY200619C00316000,316.0,normalDay
2020-05-29,2180.0,887.0,0.0,100,304.32,294.0,0,0.0,0.0,,0.0,1,0.26,1.71,SPY200619C00316000,316.0,normalDay
2020-06-01,2180.0,1022.0,0.0,100,305.55,294.0,0,0.0,0.0,,0.0,1,0.26,1.59,SPY200619C00316000,316.0,normalDay
2020-06-02,2180.0,1245.0,0.0,100,308.08,294.0,0,0.0,0.0,,0.0,1,0.26,1.89,SPY200619C00316000,316.0,normalDay
2020-06-03,2180.0,1519.0,0.0,100,312.18,294.0,0,0.0,0.0,,0.0,1,0.26,3.25,SPY200619C00316000,316.0,normalDay
2020-06-04,2180.0,1481.0,0.0,100,311.36,294.0,0,0.0,0.0,,0.0,1,0.26,2.81,SPY200619C00316000,316.0,normalDay
2020-06-05,2180.0,1892.0,0.0,100,319.34,294.0,0,0.0,0.0,,0.0,1,0.26,6.68,SPY200619C00316000,316.0,normalDay
2020-06-08,2180.0,2031.0,0.0,100,323.2,294.0,0,0.0,0.0,,0.0,1,0.26,9.15,SPY200619C00316000,316.0,normalDay
2020-06-09,2180.0,1873.0,0.0,100,320.79,294.0,0,0.0,0.0,,0.0,1,0.26,8.32,SPY200619C00316000,316.0,normalDay
2020-06-10,2180.0,1911.0,0.0,100,319.0,294.0,0,0.0,0.0,,0.0,1,0.26,6.15,SPY200619C00316000,316.0,normalDay
2020-06-11,2180.0,577.0,0.0,100,300.61,294.0,0,0.0,0.0,,0.0,1,0.26,1.1,SPY200619C00316000,316.0,normalDay
2020-06-12,2180.0,954.0,0.0,100,304.21,294.0,0,0.0,0.0,,0.0,1,0.26,0.93,SPY200619C00316000,316.0,normalDay
2020-06-15,2180.0,1224.0,0.0,100,307.05,294.0,0,0.0,0.0,,0.0,1,0.26,1.07,SPY200619C00316000,316.0,normalDay
2020-06-16,2180.0,1701.0,0.0,100,312.96,294.0,0,0.0,0.0,,0.0,1,0.26,2.21,SPY200619C00316000,316.0,normalDay
2020-06-17,2180.0,1703.0,0.0,100,311.66,294.0,0,0.0,0.0,,0.0,1,0.26,0.89,SPY200619C00316000,316.0,normalDay
2020-06-18,2180.0,1780.0,0.0,100,311.78,294.0,0,0.0,0.0,,0.0,1,0.26,0.24,SPY200619C00316000,316.0,normalDay
2020-06-19,2206.0,1464.0,26.0,100,308.64,294.0,0,0.0,0.0,,0.0,1,0.26,0.0,SPY200619C00316000,316.0,expirationDay
2020-06-22,2206.0,1657.0,0.0,100,310.62,294.0,0,0.0,0.0,,0.0,1,4.84,4.89,SPY200821C00328000,328.0,normalDay
2020-06-23,2206.0,1783.0,0.0,100,312.05,294.0,0,0.0,0.0,,0.0,1,4.84,5.06,SPY200821C00328000,328.0,normalDay
2020-06-24,2206.0,1176.0,0.0,100,304.09,294.0,0,0.0,0.0,,0.0,1,4.84,3.17,SPY200821C00328000,328.0,normalDay
2020-06-25,2206.0,1463.0,0.0,100,307.35,294.0,0,0.0,0.0,,0.0,1,4.84,3.56,SPY200821C00328000,328.0,normalDay
2020-06-26,2206.0,868.0,0.0,100,300.05,294.0,0,0.0,0.0,,0.0,1,4.84,2.21,SPY200821C00328000,328.0,normalDay
2020-06-29,2206.0,1299.0,0.0,100,304.46,294.0,0,0.0,0.0,,0.0,1,4.84,2.31,SPY200821C00328000,328.0,normalDay
2020-06-30,2206.0,1639.0,0.0,100,308.36,294.0,0,0.0,0.0,,0.0,1,4.84,2.81,SPY200821C00328000,328.0,normalDay
2020-07-01,2206.0,1824.0,0.0,100,310.52,294.0,0,0.0,0.0,,0.0,1,4.84,3.12,SPY200821C00328000,328.0,normalDay
2020-07-02,2206.0,1964.0,0.0,100,312.23,294.0,0,0.0,0.0,,0.0,1,4.84,3.43,SPY200821C00328000,328.0,normalDay
2020-07-06,2206.0,2308.0,0.0,100,317.05,294.0,0,0.0,0.0,,0.0,1,4.84,4.81,SPY200821C00328000,328.0,normalDay
2020-07-07,2206.0,2077.0,0.0,100,313.78,294.0,0,0.0,0.0,,0.0,1,4.84,3.85,SPY200821C00328000,328.0,normalDay
2020-07-08,2206.0,2271.0,0.0,100,316.18,294.0,0,0.0,0.0,,0.0,1,4.84,4.31,SPY200821C00328000,328.0,normalDay
2020-07-09,2206.0,2149.0,0.0,100,314.38,294.0,0,0.0,0.0,,0.0,1,4.84,3.73,SPY200821C00328000,328.0,normalDay
2020-07-10,2206.0,2384.0,0.0,100,317.59,294.0,0,0.0,0.0,,0.0,1,4.84,4.59,SPY200821C00328000,328.0,normalDay
2020-07-13,2206.0,2156.0,0.0,100,314.84,294.0,0,0.0,0.0,,0.0,1,4.84,4.12,SPY200821C00328000,328.0,normalDay
2020-07-14,2206.0,2486.0,0.0,100,318.92,294.0,0,0.0,0.0,,0.0,1,4.84,4.9,SPY200821C00328000,328.0,normalDay
2020-07-15,2206.0,2670.0,0.0,100,321.85,294.0,0,0.0,0.0,,0.0,1,4.84,5.99,SPY200821C00328000,328.0,normalDay
2020-07-16,2206.0,2682.0,0.0,100,320.79,294.0,0,0.0,0.0,,0.0,1,4.84,4.81,SPY200821C00328000,328.0,normalDay
2020-07-17,2206.0,2742.0,0.0,100,321.72,294.0,0,0.0,0.0,,0.0,1,4.84,5.14,SPY200821C00328000,328.0,normalDay
2020-07-20,2206.0,2947.0,0.0,100,324.32,294.0,0,0.0,0.0,,0.0,1,4.84,5.69,SPY200821C00328000,328.0,normalDay
2020-07-21,2206.0,2974.0,0.0,100,325.01,294.0,0,0.0,0.0,,0.0,1,4.84,6.11,SPY200821C00328000,328.0,normalDay
2020-07-22,2206.0,3119.0,0.0,100,326.86,294.0,0,0.0,0.0,,0.0,1,4.84,6.51,SPY200821C00328000,328.0,normalDay
2020-07-23,2206.0,2915.0,0.0,100,322.96,294.0,0,0.0,0.0,,0.0,1,4.84,4.65,SPY200821C00328000,328.0,normalDay
2020-07-24,2206.0,2796.0,0.0,100,320.88,294.0,0,0.0,0.0,,0.0,1,4.84,3.76,SPY200821C00328000,328.0,normalDay
2020-07-27,2206.0,2997.0,0.0,100,323.22,294.0,0,0.0,0.0,,0.0,1,4.84,4.09,SPY200821C00328000,328.0,normalDay
2020-07-28,2206.0,2877.0,0.0,100,321.17,294.0,0,0.0,0.0,,0.0,1,4.84,3.24,SPY200821C00328000,328.0,normalDay
2020-07-29,2206.0,3143.0,0.0,100,325.12,294.0,0,0.0,0.0,,0.0,1,4.84,4.53,SPY200821C00328000,328.0,normalDay
2020-07-30,2206.0,3050.0,0.0,100,323.96,294.0,0,0.0,0.0,,0.0,1,4.84,4.3,SPY200821C00328000,328.0,normalDay
2020-07-31,2206.0,3221.0,0.0,100,326.52,294.0,0,0.0,0.0,,0.0,1,4.84,5.15,SPY200821C00328000,328.0,normalDay
2020-08-03,2206.0,3367.0,0.0,100,328.79,294.0,0,0.0,0.0,,0.0,1,4.84,5.96,SPY200821C00328000,328.0,normalDay
2020-08-04,2206.0,3448.0,0.0,100,330.06,294.0,0,0.0,0.0,,0.0,1,4.84,6.42,SPY200821C00328000,328.0,normalDay
2020-08-05,2206.0,3557.0,0.0,100,332.11,294.0,0,0.0,0.0,,0.0,1,4.84,7.38,SPY200821C00328000,328.0,normalDay
2020-08-06,2206.0,3623.0,0.0,100,334.33,294.0,0,0.0,0.0,,0.0,1,4.84,8.94,SPY200821C00328000,328.0,normalDay
2020-08-07,2206.0,3662.0,0.0,100,334.57,294.0,0,0.0,0.0,,0.0,1,4.84,8.79,SPY200821C00328000,328.0,normalDay
2020-08-10,2206.0,3734.0,0.0,100,335.57,294.0,0,0.0,0.0,,0.0,1,4.84,9.07,SPY200821C00328000,328.0,normalDay
2020-08-11,2206.0,3626.0,0.0,100,332.8,294.0,0,0.0,0.0,,0.0,1,4.84,7.38,SPY200821C00328000,328.0,normalDay
2020-08-12,2206.0,3789.0,0.0,100,337.44,294.0,0,0.0,0.0,,0.0,1,4.84,10.39,SPY200821C00328000,328.0,normalDay
2020-08-13,2206.0,3807.0,0.0,100,336.83,294.0,0,0.0,0.0,,0.0,1,4.84,9.6,SPY200821C00328000,328.0,normalDay
2020-08-14,2206.0,3834.0,0.0,100,336.84,294.0,0,0.0,0.0,,0.0,1,4.84,9.34,SPY200821C00328000,328.0,normalDay
2020-08-17,2206.0,3861.0,0.0,100,337.91,294.0,0,0.0,0.0,,0.0,1,4.84,10.14,SPY200821C00328000,328.0,normalDay
2020-08-18,2206.0,3862.0,0.0,100,338.64,294.0,0,0.0,0.0,,0.0,1,4.84,10.86,SPY200821C00328000,328.0,normalDay
2020-08-19,2206.0,3858.0,0.0,100,337.23,294.0,0,0.0,0.0,,0.0,1,4.84,9.49,SPY200821C00328000,328.0,normalDay
2020-08-20,2206.0,3892.0,0.0,100,338.28,294.0,0,0.0,0.0,,0.0,1,4.84,10.2,SPY200821C00328000,328.0,normalDay
2020-08-21,6090.0,3892.0,3884.0,0,339.48,0.0,0,0.0,0.0,,0.0,1,4.84,0.0,SPY200821C00328000,328.0,expirationDay
2020-08-24,6090.0,-8.0,0.0,0,342.92,0.0,1,10.95,11.03,SPY201231P00315000,315.0,0,0.0,0.0,,0.0,normalDay
2020-08-25,6090.0,30.0,0.0,0,344.12,0.0,1,10.95,10.65,SPY201231P00315000,315.0,0,0.0,0.0,,0.0,normalDay
2020-08-26,6090.0,60.0,0.0,0,347.57,0.0,1,10.95,10.35,SPY201231P00315000,315.0,0,0.0,0.0,,0.0,normalDay
2020-08-27,6090.0,45.0,0.0,0,348.33,0.0,1,10.95,10.5,SPY201231P00315000,315.0,0,0.0,0.0,,0.0,normalDay
2020-08-28,6090.0,108.0,0.0,0,350.58,0.0,1,10.95,9.87,SPY201231P00315000,315.0,0,0.0,0.0,,0.0,normalDay
2020-08-31,6090.0,4.0,0.0,0,349.31,0.0,1,10.95,10.91,SPY201231P00315000,315.0,0,0.0,0.0,,0.0,normalDay
2020-09-01,6090.0,45.0,0.0,0,352.6,0.0,1,10.95,10.5,SPY201231P00315000,315.0,0,0.0,0.0,,0.0,normalDay
2020-09-02,6090.0,79.0,0.0,0,357.7,0.0,1,10.95,10.16,SPY201231P00315000,315.0,0,0.0,0.0,,0.0,normalDay
2020-09-03,6090.0,-260.0,0.0,0,345.39,0.0,1,10.95,13.55,SPY201231P00315000,315.0,0,0.0,0.0,,0.0,normalDay
2020-09-04,6090.0,-256.0,0.0,0,342.57,0.0,1,10.95,13.51,SPY201231P00315000,315.0,0,0.0,0.0,,0.0,normalDay
2020-09-08,6090.0,-401.0,0.0,0,333.21,0.0,1,10.95,14.96,SPY201231P00315000,315.0,0,0.0,0.0,,0.0,normalDay
2020-09-09,6090.0,-155.0,0.0,0,339.79,0.0,1,10.95,12.5,SPY201231P00315000,315.0,0,0.0,0.0,,0.0,normalDay
2020-09-10,6090.0,-319.0,0.0,0,333.89,0.0,1,10.95,14.14,SPY201231P00315000,315.0,0,0.0,0.0,,0.0,normalDay
2020-09-11,6090.0,-256.0,0.0,0,334.06,0.0,1,10.95,13.51,SPY201231P00315000,315.0,0,0.0,0.0,,0.0,normalDay
2020-09-14,6090.0,-55.0,0.0,0,338.46,0.0,1,10.95,11.5,SPY201231P00315000,315.0,0,0.0,0.0,,0.0,normalDay
2020-09-15,6090.0,-2.0,0.0,0,340.17,0.0,1,10.95,10.97,SPY201231P00315000,315.0,0,0.0,0.0,,0.0,normalDay
2020-09-16,6090.0,-51.0,0.0,0,338.82,0.0,1,10.95,11.46,SPY201231P00315000,315.0,0,0.0,0.0,,0.0,normalDay
2020-09-17,6090.0,-119.0,0.0,0,335.84,0.0,1,10.95,12.14,SPY201231P00315000,315.0,0,0.0,0.0,,0.0,normalDay
2020-09-18,6090.0,-209.0,0.0,0,330.65,0.0,1,10.95,13.04,SPY201231P00315000,315.0,0,0.0,0.0,,0.0,normalDay
2020-09-21,6090.0,-333.0,0.0,0,326.97,0.0,1,10.95,14.28,SPY201231P00315000,315.0,0,0.0,0.0,,0.0,normalDay
2020-09-22,6090.0,-269.0,0.0,0,330.3,0.0,1,10.95,13.64,SPY201231P00315000,315.0,0,0.0,0.0,,0.0,normalDay
2020-09-23,6090.0,-566.0,0.0,0,322.64,0.0,1,10.95,16.61,SPY201231P00315000,315.0,0,0.0,0.0,,0.0,normalDay
2020-09-24,6090.0,-494.0,0.0,0,323.5,0.0,1,10.95,15.89,SPY201231P00315000,315.0,0,0.0,0.0,,0.0,normalDay
2020-09-25,6090.0,-292.0,0.0,0,328.73,0.0,1,10.95,13.87,SPY201231P00315000,315.0,0,0.0,0.0,,0.0,normalDay
2020-09-28,6090.0,-110.0,0.0,0,334.19,0.0,1,10.95,12.05,SPY201231P00315000,315.0,0,0.0,0.0,,0.0,normalDay
2020-09-29,6090.0,-119.0,0.0,0,332.37,0.0,1,10.95,12.14,SPY201231P00315000,315.0,0,0.0,0.0,,0.0,normalDay
2020-09-30,6090.0,-105.0,0.0,0,334.89,0.0,1,10.95,12.0,SPY201231P00315000,315.0,0,0.0,0.0,,0.0,normalDay
2020-10-01,6090.0,-29.0,0.0,0,337.04,0.0,1,10.95,11.24,SPY201231P00315000,315.0,0,0.0,0.0,,0.0,normalDay
2020-10-02,6090.0,-131.0,0.0,0,333.84,0.0,1,10.95,12.26,SPY201231P00315000,315.0,0,0.0,0.0,,0.0,normalDay
2020-10-05,6090.0,80.0,0.0,0,339.76,0.0,1,10.95,10.15,SPY201231P00315000,315.0,0,0.0,0.0,,0.0,normalDay
2020-10-06,6090.0,-34.0,0.0,0,334.93,0.0,1,10.95,11.29,SPY201231P00315000,315.0,0,0.0,0.0,,0.0,normalDay
2020-10-07,6090.0,166.0,0.0,0,340.76,0.0,1,10.95,9.29,SPY201231P00315000,315.0,0,0.0,0.0,,0.0,normalDay
2020-10-08,6090.0,292.0,0.0,0,343.78,0.0,1,10.95,8.03,SPY201231P00315000,315.0,0,0.0,0.0,,0.0,normalDay
2020-10-09,6090.0,421.0,0.0,0,346.85,0.0,1,10.95,6.74,SPY201231P00315000,315.0,0,0.0,0.0,,0.0,normalDay
2020-10-12,6090.0,527.0,0.0,0,352.43,0.0,1,10.95,5.68,SPY201231P00315000,315.0,0,0.0,0.0,,0.0,normalDay
2020-10-13,6090.0,480.0,0.0,0,350.13,0.0,1,10.95,6.15,SPY201231P00315000,315.0,0,0.0,0.0,,0.0,normalDay
2020-10-14,6090.0,457.0,0.0,0,347.93,0.0,1,10.95,6.38,SPY201231P00315000,315.0,0,0.0,0.0,,0.0,normalDay
2020-10-15,6090.0,443.0,0.0,0,347.5,0.0,1,10.95,6.52,SPY201231P00315000,315.0,0,0.0,0.0,,0.0,normalDay
2020-10-16,6090.0,415.0,0.0,0,347.29,0.0,1,10.95,6.8,SPY201231P00315000,315.0,0,0.0,0.0,,0.0,normalDay
2020-10-19,6090.0,306.0,0.0,0,342.01,0.0,1,10.95,7.89,SPY201231P00315000,315.0,0,0.0,0.0,,0.0,normalDay
2020-10-20,6090.0,326.0,0.0,0,343.38,0.0,1,10.95,7.69,SPY201231P00315000,315.0,0,0.0,0.0,,0.0,normalDay
2020-10-21,6090.0,371.0,0.0,0,342.73,0.0,1,10.95,7.24,SPY201231P00315000,315.0,0,0.0,0.0,,0.0,normalDay
2020-10-22,6090.0,413.0,0.0,0,344.61,0.0,1,10.95,6.82,SPY201231P00315000,315.0,0,0.0,0.0,,0.0,normalDay
2020-10-23,6090.0,445.0,0.0,0,345.78,0.0,1,10.95,6.5,SPY201231P00315000,315.0,0,0.0,0.0,,0.0,normalDay
2020-10-26,6090.0,233.0,0.0,0,339.39,0.0,1,10.95,8.62,SPY201231P00315000,315.0,0,0.0,0.0,,0.0,normalDay
2020-10-27,6090.0,204.0,0.0,0,338.22,0.0,1,10.95,8.91,SPY201231P00315000,315.0,0,0.0,0.0,,0.0,normalDay
2020-10-28,6090.0,-333.0,0.0,0,326.66,0.0,1,10.95,14.28,SPY201231P00315000,315.0,0,0.0,0.0,,0.0,normalDay
2020-10-29,6090.0,-70.0,0.0,0,329.98,0.0,1,10.95,11.65,SPY201231P00315000,315.0,0,0.0,0.0,,0.0,normalDay
2020-10-30,6090.0,-196.0,0.0,0,326.54,0.0,1,10.95,12.91,SPY201231P00315000,315.0,0,0.0,0.0,,0.0,normalDay
2020-11-02,6090.0,-3.0,0.0,0,330.2,0.0,1,10.95,10.98,SPY201231P00315000,315.0,0,0.0,0.0,,0.0,normalDay
2020-11-03,6090.0,188.0,0.0,0,336.03,0.0,1,10.95,9.07,SPY201231P00315000,315.0,0,0.0,0.0,,0.0,normalDay
2020-11-04,6090.0,497.0,0.0,0,343.54,0.0,1,10.95,5.98,SPY201231P00315000,315.0,0,0.0,0.0,,0.0,normalDay
2020-11-05,6090.0,625.0,0.0,0,350.24,0.0,1,10.95,4.7,SPY201231P00315000,315.0,0,0.0,0.0,,0.0,normalDay
2020-11-06,6090.0,701.0,0.0,0,350.16,0.0,1,10.95,3.94,SPY201231P00315000,315.0,0,0.0,0.0,,0.0,normalDay
2020-11-09,6090.0,787.0,0.0,0,354.56,0.0,1,10.95,3.08,SPY201231P00315000,315.0,0,0.0,0.0,,0.0,normalDay
2020-11-10,6090.0,802.0,0.0,0,354.04,0.0,1,10.95,2.93,SPY201231P00315000,315.0,0,0.0,0.0,,0.0,normalDay
2020-11-11,6090.0,850.0,0.0,0,356.67,0.0,1,10.95,2.45,SPY201231P00315000,315.0,0,0.0,0.0,,0.0,normalDay
2020-11-12,6090.0,790.0,0.0,0,353.21,0.0,1,10.95,3.05,SPY201231P00315000,315.0,0,0.0,0.0,,0.0,normalDay
2020-11-13,6090.0,871.0,0.0,0,358.1,0.0,1,10.95,2.24,SPY201231P00315000,315.0,0,0.0,0.0,,0.0,normalDay
2020-11-16,6090.0,924.0,0.0,0,362.57,0.0,1,10.95,1.71,SPY201231P00315000,315.0,0,0.0,0.0,,0.0,normalDay
2020-11-17,6090.0,923.0,0.0,0,360.62,0.0,1,10.95,1.72,SPY201231P00315000,315.0,0,0.0,0.0,,0.0,normalDay
2020-11-18,6090.0,889.0,0.0,0,356.28,0.0,1,10.95,2.06,SPY201231P00315000,315.0,0,0.0,0.0,,0.0,normalDay
2020-11-19,6090.0,919.0,0.0,0,357.78,0.0,1,10.95,1.76,SPY201231P00315000,315.0,0,0.0,0.0,,0.0,normalDay
2020-11-20,6090.0,901.0,0.0,0,355.33,0.0,1,10.95,1.94,SPY201231P00315000,315.0,0,0.0,0.0,,0.0,normalDay
2020-11-23,6090.0,943.0,0.0,0,357.46,0.0,1,10.95,1.52,SPY201231P00315000,315.0,0,0.0,0.0,,0.0,normalDay
2020-11-24,6090.0,986.0,0.0,0,363.22,0.0,1,10.95,1.09,SPY201231P00315000,315.0,0,0.0,0.0,,0.0,normalDay
2020-11-25,6090.0,993.0,0.0,0,362.66,0.0,1,10.95,1.02,SPY201231P00315000,315.0,0,0.0,0.0,,0.0,normalDay
2020-11-27,6090.0,1012.0,0.0,0,363.67,0.0,1,10.95,0.83,SPY201231P00315000,315.0,0,0.0,0.0,,0.0,normalDay
2020-11-30,6090.0,1024.0,0.0,0,362.06,0.0,1,10.95,0.71,SPY201231P00315000,315.0,0,0.0,0.0,,0.0,normalDay
2020-12-01,6090.0,1029.0,0.0,0,366.02,0.0,1,10.95,0.66,SPY201231P00315000,315.0,0,0.0,0.0,,0.0,normalDay
2020-12-02,6090.0,1031.0,0.0,0,366.79,0.0,1,10.95,0.64,SPY201231P00315000,315.0,0,0.0,0.0,,0.0,normalDay
2020-12-03,6090.0,1030.0,0.0,0,366.69,0.0,1,10.95,0.65,SPY201231P00315000,315.0,0,0.0,0.0,,0.0,normalDay
2020-12-04,6090.0,1048.0,0.0,0,369.85,0.0,1,10.95,0.47,SPY201231P00315000,315.0,0,0.0,0.0,,0.0,normalDay
2020-12-07,6090.0,1055.0,0.0,0,369.09,0.0,1,10.95,0.4,SPY201231P00315000,315.0,0,0.0,0.0,,0.0,normalDay
2020-12-08,6090.0,1063.0,0.0,0,370.17,0.0,1,10.95,0.32,SPY201231P00315000,315.0,0,0.0,0.0,,0.0,normalDay
2020-12-09,6090.0,1053.0,0.0,0,366.85,0.0,1,10.95,0.42,SPY201231P00315000,315.0,0,0.0,0.0,,0.0,normalDay
2020-12-10,6090.0,1054.0,0.0,0,366.73,0.0,1,10.95,0.41,SPY201231P00315000,315.0,0,0.0,0.0,,0.0,normalDay
2020-12-11,6090.0,1052.0,0.0,0,366.3,0.0,1,10.95,0.43,SPY201231P00315000,315.0,0,0.0,0.0,,0.0,normalDay
2020-12-14,6090.0,1044.0,0.0,0,364.66,0.0,1,10.95,0.51,SPY201231P00315000,315.0,0,0.0,0.0,,0.0,normalDay
2020-12-15,6090.0,1064.0,0.0,0,369.59,0.0,1,10.95,0.31,SPY201231P00315000,315.0,0,0.0,0.0,,0.0,normalDay
2020-12-16,6090.0,1070.0,0.0,0,370.17,0.0,1,10.95,0.25,SPY201231P00315000,315.0,0,0.0,0.0,,0.0,normalDay
2020-12-17,6090.0,1074.0,0.0,0,372.24,0.0,1,10.95,0.21,SPY201231P00315000,315.0,0,0.0,0.0,,0.0,normalDay
2020-12-18,6090.0,1082.0,0.0,0,369.18,0.0,1,10.95,0.13,SPY201231P00315000,315.0,0,0.0,0.0,,0.0,normalDay
2020-12-21,6090.0,1080.0,0.0,0,367.86,0.0,1,10.95,0.15,SPY201231P00315000,315.0,0,0.0,0.0,,0.0,normalDay
2020-12-22,6090.0,1084.0,0.0,0,367.24,0.0,1,10.95,0.11,SPY201231P00315000,315.0,0,0.0,0.0,,0.0,normalDay
2020-12-23,6090.0,1087.0,0.0,0,367.57,0.0,1,10.95,0.08,SPY201231P00315000,315.0,0,0.0,0.0,,0.0,normalDay
2020-12-24,6090.0,1092.0,0.0,0,369.0,0.0,1,10.95,0.03,SPY201231P00315000,315.0,0,0.0,0.0,,0.0,normalDay
2020-12-28,6090.0,1094.0,0.0,0,372.17,0.0,1,10.95,0.01,SPY201231P00315000,315.0,0,0.0,0.0,,0.0,normalDay
2020-12-29,6090.0,1094.0,0.0,0,371.46,0.0,1,10.95,0.01,SPY201231P00315000,315.0,0,0.0,0.0,,0.0,normalDay
2020-12-30,6090.0,1094.0,0.0,0,371.99,0.0,1,10.95,0.01,SPY201231P00315000,315.0,0,0.0,0.0,,0.0,normalDay
2020-12-31,7185.0,0.0,1095.0,0,373.88,0.0,1,10.95,0.0,SPY201231P00315000,315.0,0,0.0,0.0,,0.0,expirationDay
2021-01-04,7185.0,-13.0,0.0,0,368.79,0.0,1,17.52,17.65,SPY210521P00362000,362.0,0,0.0,0.0,,0.0,normalDay
2021-01-05,7185.0,115.0,0.0,0,371.33,0.0,1,17.52,16.37,SPY210521P00362000,362.0,0,0.0,0.0,,0.0,normalDay
2021-01-06,7185.0,184.0,0.0,0,373.55,0.0,1,17.52,15.68,SPY210521P00362000,362.0,0,0.0,0.0,,0.0,normalDay
2021-01-07,7185.0,425.0,0.0,0,379.1,0.0,1,17.52,13.27,SPY210521P00362000,362.0,0,0.0,0.0,,0.0,normalDay
2021-01-08,7185.0,502.0,0.0,0,381.26,0.0,1,17.52,12.5,SPY210521P00362000,362.0,0,0.0,0.0,,0.0,normalDay
2021-01-11,7185.0,360.0,0.0,0,378.69,0.0,1,17.52,13.92,SPY210521P00362000,362.0,0,0.0,0.0,,0.0,normalDay
2021-01-12,7185.0,394.0,0.0,0,378.77,0.0,1,17.52,13.58,SPY210521P00362000,362.0,0,0.0,0.0,,0.0,normalDay
2021-01-13,7185.0,460.0,0.0,0,379.79,0.0,1,17.52,12.92,SPY210521P00362000,362.0,0,0.0,0.0,,0.0,normalDay
2021-01-14,7185.0,397.0,0.0,0,378.46,0.0,1,17.52,13.55,SPY210521P00362000,362.0,0,0.0,0.0,,0.0,normalDay
2021-01-15,7185.0,259.0,0.0,0,375.7,0.0,1,17.52,14.93,SPY210521P00362000,362.0,0,0.0,0.0,,0.0,normalDay
2021-01-19,7185.0,410.0,0.0,0,378.65,0.0,1,17.52,13.42,SPY210521P00362000,362.0,0,0.0,0.0,,0.0,normalDay
2021-01-20,7185.0,590.0,0.0,0,383.89,0.0,1,17.52,11.62,SPY210521P00362000,362.0,0,0.0,0.0,,0.0,normalDay
2021-01-21,7185.0,604.0,0.0,0,384.24,0.0,1,17.52,11.48,SPY210521P00362000,362.0,0,0.0,0.0,,0.0,normalDay
2021-01-22,7185.0,560.0,0.0,0,382.88,0.0,1,17.52,11.92,SPY210521P00362000,362.0,0,0.0,0.0,,0.0,normalDay
2021-01-25,7185.0,568.0,0.0,0,384.39,0.0,1,17.52,11.84,SPY210521P00362000,362.0,0,0.0,0.0,,0.0,normalDay
2021-01-26,7185.0,560.0,0.0,0,383.79,0.0,1,17.52,11.92,SPY210521P00362000,362.0,0,0.0,0.0,,0.0,normalDay
2021-01-27,7185.0,-32.0,0.0,0,374.41,0.0,1,17.52,17.84,SPY210521P00362000,362.0,0,0.0,0.0,,0.0,normalDay
2021-01-28,7185.0,200.0,0.0,0,377.63,0.0,1,17.52,15.52,SPY210521P00362000,362.0,0,0.0,0.0,,0.0,normalDay
2021-01-29,7185.0,-201.0,0.0,0,370.07,0.0,1,17.52,19.53,SPY210521P00362000,362.0,0,0.0,0.0,,0.0,normalDay
2021-02-01,7185.0,143.0,0.0,0,376.23,0.0,1,17.52,16.09,SPY210521P00362000,362.0,0,0.0,0.0,,0.0,normalDay
2021-02-02,7185.0,476.0,0.0,0,381.55,0.0,1,17.52,12.76,SPY210521P00362000,362.0,0,0.0,0.0,,0.0,normalDay
2021-02-03,7185.0,565.0,0.0,0,381.85,0.0,1,17.52,11.87,SPY210521P00362000,362.0,0,0.0,0.0,,0.0,normalDay
2021-02-04,7185.0,704.0,0.0,0,386.19,0.0,1,17.52,10.48,SPY210521P00362000,362.0,0,0.0,0.0,,0.0,normalDay
2021-02-05,7185.0,750.0,0.0,0,387.71,0.0,1,17.52,10.02,SPY210521P00362000,362.0,0,0.0,0.0,,0.0,normalDay
2021-02-08,7185.0,824.0,0.0,0,390.51,0.0,1,17.52,9.28,SPY210521P00362000,362.0,0,0.0,0.0,,0.0,normalDay
2021-02-09,7185.0,821.0,0.0,0,390.25,0.0,1,17.52,9.31,SPY210521P00362000,362.0,0,0.0,0.0,,0.0,normalDay
2021-02-10,7185.0,797.0,0.0,0,390.08,0.0,1,17.52,9.55,SPY210521P00362000,362.0,0,0.0,0.0,,0.0,normalDay
2021-02-11,7185.0,831.0,0.0,0,390.71,0.0,1,17.52,9.21,SPY210521P00362000,362.0,0,0.0,0.0,,0.0,normalDay
2021-02-12,7185.0,919.0,0.0,0,392.64,0.0,1,17.52,8.33,SPY210521P00362000,362.0,0,0.0,0.0,,0.0,normalDay
2021-02-16,7185.0,907.0,0.0,0,392.3,0.0,1,17.52,8.45,SPY210521P00362000,362.0,0,0.0,0.0,,0.0,normalDay
2021-02-17,7185.0,928.0,0.0,0,392.39,0.0,1,17.52,8.24,SPY210521P00362000,362.0,0,0.0,0.0,,0.0,normalDay
2021-02-18,7185.0,882.0,0.0,0,390.72,0.0,1,17.52,8.7,SPY210521P00362000,362.0,0,0.0,0.0,,0.0,normalDay
2021-02-19,7185.0,898.0,0.0,0,390.03,0.0,1,17.52,8.54,SPY210521P00362000,362.0,0,0.0,0.0,,0.0,normalDay
2021-02-22,7185.0,831.0,0.0,0,387.03,0.0,1,17.52,9.21,SPY210521P00362000,362.0,0,0.0,0.0,,0.0,normalDay
2021-02-23,7185.0,880.0,0.0,0,387.5,0.0,1,17.52,8.72,SPY210521P00362000,362.0,0,0.0,0.0,,0.0,normalDay
2021-02-24,7185.0,1021.0,0.0,0,391.77,0.0,1,17.52,7.31,SPY210521P00362000,362.0,0,0.0,0.0,,0.0,normalDay
2021-02-25,7185.0,660.0,0.0,0,382.33,0.0,1,17.52,10.92,SPY210521P00362000,362.0,0,0.0,0.0,,0.0,normalDay
2021-02-26,7185.0,670.0,0.0,0,380.36,0.0,1,17.52,10.82,SPY210521P00362000,362.0,0,0.0,0.0,,0.0,normalDay
2021-03-01,7185.0,996.0,0.0,0,389.58,0.0,1,17.52,7.56,SPY210521P00362000,362.0,0,0.0,0.0,,0.0,normalDay
2021-03-02,7185.0,921.0,0.0,0,386.54,0.0,1,17.52,8.31,SPY210521P00362000,362.0,0,0.0,0.0,,0.0,normalDay
2021-03-03,7185.0,769.0,0.0,0,381.42,0.0,1,17.52,9.83,SPY210521P00362000,362.0,0,0.0,0.0,,0.0,normalDay
2021-03-04,7185.0,609.0,0.0,0,376.7,0.0,1,17.52,11.43,SPY210521P00362000,362.0,0,0.0,0.0,,0.0,normalDay
2021-03-05,7185.0,886.0,0.0,0,383.63,0.0,1,17.52,8.66,SPY210521P00362000,362.0,0,0.0,0.0,,0.0,normalDay
2021-03-08,7185.0,855.0,0.0,0,381.72,0.0,1,17.52,8.97,SPY210521P00362000,362.0,0,0.0,0.0,,0.0,normalDay
2021-03-09,7185.0,1010.0,0.0,0,387.17,0.0,1,17.52,7.42,SPY210521P00362000,362.0,0,0.0,0.0,,0.0,normalDay
2021-03-10,7185.0,1092.0,0.0,0,389.58,0.0,1,17.52,6.6,SPY210521P00362000,362.0,0,0.0,0.0,,0.0,normalDay
2021-03-11,7185.0,1174.0,0.0,0,393.53,0.0,1,17.52,5.78,SPY210521P00362000,362.0,0,0.0,0.0,,0.0,normalDay
2021-03-12,7185.0,1225.0,0.0,0,394.06,0.0,1,17.52,5.27,SPY210521P00362000,362.0,0,0.0,0.0,,0.0,normalDay
2021-03-15,7185.0,1304.0,0.0,0,396.41,0.0,1,17.52,4.48,SPY210521P00362000,362.0,0,0.0,0.0,,0.0,normalDay
2021-03-16,7185.0,1302.0,0.0,0,395.91,0.0,1,17.52,4.5,SPY210521P00362000,362.0,0,0.0,0.0,,0.0,normalDay
2021-03-17,7185.0,1352.0,0.0,0,397.26,0.0,1,17.52,4.0,SPY210521P00362000,362.0,0,0.0,0.0,,0.0,normalDay
2021-03-18,7185.0,1252.0,0.0,0,391.48,0.0,1,17.52,5.0,SPY210521P00362000,362.0,0,0.0,0.0,,0.0,normalDay
2021-03-19,7185.0,1252.0,0.0,0,389.48,0.0,1,17.52,5.0,SPY210521P00362000,362.0,0,0.0,0.0,,0.0,normalDay
2021-03-22,7185.0,1390.0,0.0,0,392.59,0.0,1,17.52,3.62,SPY210521P00362000,362.0,0,0.0,0.0,,0.0,normalDay
2021-03-23,7185.0,1323.0,0.0,0,389.5,0.0,1,17.52,4.29,SPY210521P00362000,362.0,0,0.0,0.0,,0.0,normalDay
2021-03-24,7185.0,1285.0,0.0,0,387.52,0.0,1,17.52,4.67,SPY210521P00362000,362.0,0,0.0,0.0,,0.0,normalDay
2021-03-25,7185.0,1360.0,0.0,0,389.7,0.0,1,17.52,3.92,SPY210521P00362000,362.0,0,0.0,0.0,,0.0,normalDay
2021-03-26,7185.0,1455.0,0.0,0,395.98,0.0,1,17.52,2.97,SPY210521P00362000,362.0,0,0.0,0.0,,0.0,normalDay
2021-03-29,7185.0,1435.0,0.0,0,395.78,0.0,1,17.52,3.17,SPY210521P00362000,362.0,0,0.0,0.0,,0.0,normalDay
2021-03-30,7185.0,1457.0,0.0,0,394.73,0.0,1,17.52,2.95,SPY210521P00362000,362.0,0,0.0,0.0,,0.0,normalDay
2021-03-31,7185.0,1492.0,0.0,0,396.33,0.0,1,17.52,2.6,SPY210521P00362000,362.0,0,0.0,0.0,,0.0,normalDay
2021-04-01,7185.0,1561.0,0.0,0,400.61,0.0,1,17.52,1.91,SPY210521P00362000,362.0,0,0.0,0.0,,0.0,normalDay
2021-04-05,7185.0,1609.0,0.0,0,406.36,0.0,1,17.52,1.43,SPY210521P00362000,362.0,0,0.0,0.0,,0.0,normalDay
2021-04-06,7185.0,1608.0,0.0,0,406.12,0.0,1,17.52,1.44,SPY210521P00362000,362.0,0,0.0,0.0,,0.0,normalDay
2021-04-07,7185.0,1627.0,0.0,0,406.59,0.0,1,17.52,1.25,SPY210521P00362000,362.0,0,0.0,0.0,,0.0,normalDay
2021-04-08,7185.0,1642.0,0.0,0,408.52,0.0,1,17.52,1.1,SPY210521P00362000,362.0,0,0.0,0.0,,0.0,normalDay
2021-04-09,7185.0,1652.0,0.0,0,411.49,0.0,1,17.52,1.0,SPY210521P00362000,362.0,0,0.0,0.0,,0.0,normalDay
2021-04-12,7185.0,1665.0,0.0,0,411.64,0.0,1,17.52,0.87,SPY210521P00362000,362.0,0,0.0,0.0,,0.0,normalDay
2021-04-13,7185.0,1676.0,0.0,0,412.86,0.0,1,17.52,0.76,SPY210521P00362000,362.0,0,0.0,0.0,,0.0,normalDay
2021-04-14,7185.0,1672.0,0.0,0,411.45,0.0,1,17.52,0.8,SPY210521P00362000,362.0,0,0.0,0.0,,0.0,normalDay
2021-04-15,7185.0,1688.0,0.0,0,415.87,0.0,1,17.52,0.64,SPY210521P00362000,362.0,0,0.0,0.0,,0.0,normalDay
2021-04-16,7185.0,1693.0,0.0,0,417.26,0.0,1,17.52,0.59,SPY210521P00362000,362.0,0,0.0,0.0,,0.0,normalDay
2021-04-19,7185.0,1691.0,0.0,0,415.21,0.0,1,17.52,0.61,SPY210521P00362000,362.0,0,0.0,0.0,,0.0,normalDay
2021-04-20,7185.0,1675.0,0.0,0,412.17,0.0,1,17.52,0.77,SPY210521P00362000,362.0,0,0.0,0.0,,0.0,normalDay
2021-04-21,7185.0,1699.0,0.0,0,416.07,0.0,1,17.52,0.53,SPY210521P00362000,362.0,0,0.0,0.0,,0.0,normalDay
2021-04-22,7185.0,1683.0,0.0,0,412.27,0.0,1,17.52,0.69,SPY210521P00362000,362.0,0,0.0,0.0,,0.0,normalDay
2021-04-23,7185.0,1710.0,0.0,0,416.74,0.0,1,17.52,0.42,SPY210521P00362000,362.0,0,0.0,0.0,,0.0,normalDay
2021-04-26,7185.0,1717.0,0.0,0,417.61,0.0,1,17.52,0.35,SPY210521P00362000,362.0,0,0.0,0.0,,0.0,normalDay
2021-04-27,7185.0,1721.0,0.0,0,417.52,0.0,1,17.52,0.31,SPY210521P00362000,362.0,0,0.0,0.0,,0.0,normalDay
2021-04-28,7185.0,1725.0,0.0,0,417.4,0.0,1,17.52,0.27,SPY210521P00362000,362.0,0,0.0,0.0,,0.0,normalDay
2021-04-29,7185.0,1726.0,0.0,0,420.06,0.0,1,17.52,0.26,SPY210521P00362000,362.0,0,0.0,0.0,,0.0,normalDay
2021-04-30,7185.0,1717.0,0.0,0,417.3,0.0,1,17.52,0.35,SPY210521P00362000,362.0,0,0.0,0.0,,0.0,normalDay
2021-05-03,7185.0,1723.0,0.0,0,418.2,0.0,1,17.52,0.29,SPY210521P00362000,362.0,0,0.0,0.0,,0.0,normalDay
2021-05-04,7185.0,1721.0,0.0,0,415.62,0.0,1,17.52,0.31,SPY210521P00362000,362.0,0,0.0,0.0,,0.0,normalDay
2021-05-05,7185.0,1722.0,0.0,0,415.75,0.0,1,17.52,0.3,SPY210521P00362000,362.0,0,0.0,0.0,,0.0,normalDay
2021-05-06,7185.0,1728.0,0.0,0,419.07,0.0,1,17.52,0.24,SPY210521P00362000,362.0,0,0.0,0.0,,0.0,normalDay
2021-05-07,7185.0,1734.0,0.0,0,422.12,0.0,1,17.52,0.18,SPY210521P00362000,362.0,0,0.0,0.0,,0.0,normalDay
2021-05-10,7185.0,1729.0,0.0,0,417.94,0.0,1,17.52,0.23,SPY210521P00362000,362.0,0,0.0,0.0,,0.0,normalDay
2021-05-11,7185.0,1727.0,0.0,0,414.21,0.0,1,17.52,0.25,SPY210521P00362000,362.0,0,0.0,0.0,,0.0,normalDay
2021-05-12,7185.0,1689.0,0.0,0,405.41,0.0,1,17.52,0.63,SPY210521P00362000,362.0,0,0.0,0.0,,0.0,normalDay
2021-05-13,7185.0,1727.0,0.0,0,410.28,0.0,1,17.52,0.25,SPY210521P00362000,362.0,0,0.0,0.0,,0.0,normalDay
2021-05-14,7185.0,1744.0,0.0,0,416.58,0.0,1,17.52,0.08,SPY210521P00362000,362.0,0,0.0,0.0,,0.0,normalDay
2021-05-17,7185.0,1747.0,0.0,0,415.52,0.0,1,17.52,0.05,SPY210521P00362000,362.0,0,0.0,0.0,,0.0,normalDay
2021-05-18,7185.0,1748.0,0.0,0,411.94,0.0,1,17.52,0.04,SPY210521P00362000,362.0,0,0.0,0.0,,0.0,normalDay
2021-05-19,7185.0,1749.0,0.0,0,410.86,0.0,1,17.52,0.03,SPY210521P00362000,362.0,0,0.0,0.0,,0.0,normalDay
2021-05-20,7185.0,1751.0,0.0,0,415.28,0.0,1,17.52,0.01,SPY210521P00362000,362.0,0,0.0,0.0,,0.0,normalDay
2021-05-21,8937.0,0.0,1752.0,0,414.94,0.0,1,17.52,0.0,SPY210521P00362000,362.0,0,0.0,0.0,,0.0,expirationDay
2021-05-24,8937.0,-6.0,0.0,0,419.17,0.0,1,12.76,12.82,SPY210930P00404000,404.0,0,0.0,0.0,,0.0,normalDay
2021-05-25,8937.0,-41.0,0.0,0,418.24,0.0,1,12.76,13.17,SPY210930P00404000,404.0,0,0.0,0.0,,0.0,normalDay
2021-05-26,8937.0,48.0,0.0,0,419.07,0.0,1,12.76,12.28,SPY210930P00404000,404.0,0,0.0,0.0,,0.0,normalDay
2021-05-27,8937.0,140.0,0.0,0,419.29,0.0,1,12.76,11.36,SPY210930P00404000,404.0,0,0.0,0.0,,0.0,normalDay
2021-05-28,8937.0,164.0,0.0,0,420.04,0.0,1,12.76,11.12,SPY210930P00404000,404.0,0,0.0,0.0,,0.0,normalDay
2021-06-01,8937.0,125.0,0.0,0,419.67,0.0,1,12.76,11.51,SPY210930P00404000,404.0,0,0.0,0.0,,0.0,normalDay
2021-06-02,8937.0,154.0,0.0,0,420.33,0.0,1,12.76,11.22,SPY210930P00404000,404.0,0,0.0,0.0,,0.0,normalDay
2021-06-03,8937.0,89.0,0.0,0,418.77,0.0,1,12.76,11.87,SPY210930P00404000,404.0,0,0.0,0.0,,0.0,normalDay
2021-06-04,8937.0,242.0,0.0,0,422.6,0.0,1,12.76,10.34,SPY210930P00404000,404.0,0,0.0,0.0,,0.0,normalDay
2021-06-07,8937.0,277.0,0.0,0,422.19,0.0,1,12.76,9.99,SPY210930P00404000,404.0,0,0.0,0.0,,0.0,normalDay
2021-06-08,8937.0,268.0,0.0,0,422.28,0.0,1,12.76,10.08,SPY210930P00404000,404.0,0,0.0,0.0,,0.0,normalDay
2021-06-09,8937.0,233.0,0.0,0,421.65,0.0,1,12.76,10.43,SPY210930P00404000,404.0,0,0.0,0.0,,0.0,normalDay
2021-06-10,8937.0,366.0,0.0,0,423.61,0.0,1,12.76,9.1,SPY210930P00404000,404.0,0,0.0,0.0,,0.0,normalDay
2021-06-11,8937.0,407.0,0.0,0,424.31,0.0,1,12.76,8.69,SPY210930P00404000,404.0,0,0.0,0.0,,0.0,normalDay
2021-06-14,8937.0,420.0,0.0,0,425.26,0.0,1,12.76,8.56,SPY210930P00404000,404.0,0,0.0,0.0,,0.0,normalDay
2021-06-15,8937.0,383.0,0.0,0,424.48,0.0,1,12.76,8.93,SPY210930P00404000,404.0,0,0.0,0.0,,0.0,normalDay
2021-06-16,8937.0,306.0,0.0,0,422.11,0.0,1,12.76,9.7,SPY210930P00404000,404.0,0,0.0,0.0,,0.0,normalDay
2021-06-17,8937.0,326.0,0.0,0,421.97,0.0,1,12.76,9.5,SPY210930P00404000,404.0,0,0.0,0.0,,0.0,normalDay
2021-06-18,8937.0,55.0,0.0,0,414.92,0.0,1,12.76,12.21,SPY210930P00404000,404.0,0,0.0,0.0,,0.0,normalDay
2021-06-21,8937.0,344.0,0.0,0,420.86,0.0,1,12.76,9.32,SPY210930P00404000,404.0,0,0.0,0.0,,0.0,normalDay
2021-06-22,8937.0,437.0,0.0,0,423.11,0.0,1,12.76,8.39,SPY210930P00404000,404.0,0,0.0,0.0,,0.0,normalDay
2021-06-23,8937.0,462.0,0.0,0,422.6,0.0,1,12.76,8.14,SPY210930P00404000,404.0,0,0.0,0.0,,0.0,normalDay
2021-06-24,8937.0,534.0,0.0,0,425.1,0.0,1,12.76,7.42,SPY210930P00404000,404.0,0,0.0,0.0,,0.0,normalDay
2021-06-25,8937.0,589.0,0.0,0,426.61,0.0,1,12.76,6.87,SPY210930P00404000,404.0,0,0.0,0.0,,0.0,normalDay
2021-06-28,8937.0,616.0,0.0,0,427.47,0.0,1,12.76,6.6,SPY210930P00404000,404.0,0,0.0,0.0,,0.0,normalDay
2021-06-29,8937.0,615.0,0.0,0,427.7,0.0,1,12.76,6.61,SPY210930P00404000,404.0,0,0.0,0.0,,0.0,normalDay
2021-06-30,8937.0,626.0,0.0,0,428.06,0.0,1,12.76,6.5,SPY210930P00404000,404.0,0,0.0,0.0,,0.0,normalDay
2021-07-01,8937.0,660.0,0.0,0,430.43,0.0,1,12.76,6.16,SPY210930P00404000,404.0,0,0.0,0.0,,0.0,normalDay
2021-07-02,8937.0,720.0,0.0,0,433.72,0.0,1,12.76,5.56,SPY210930P00404000,404.0,0,0.0,0.0,,0.0,normalDay
2021-07-06,8937.0,691.0,0.0,0,432.93,0.0,1,12.76,5.85,SPY210930P00404000,404.0,0,0.0,0.0,,0.0,normalDay
2021-07-07,8937.0,709.0,0.0,0,434.46,0.0,1,12.76,5.67,SPY210930P00404000,404.0,0,0.0,0.0,,0.0,normalDay
2021-07-08,8937.0,590.0,0.0,0,430.92,0.0,1,12.76,6.86,SPY210930P00404000,404.0,0,0.0,0.0,,0.0,normalDay
2021-07-09,8937.0,741.0,0.0,0,435.52,0.0,1,12.76,5.35,SPY210930P00404000,404.0,0,0.0,0.0,,0.0,normalDay
2021-07-12,8937.0,773.0,0.0,0,437.08,0.0,1,12.76,5.03,SPY210930P00404000,404.0,0,0.0,0.0,,0.0,normalDay
2021-07-13,8937.0,719.0,0.0,0,435.59,0.0,1,12.76,5.57,SPY210930P00404000,404.0,0,0.0,0.0,,0.0,normalDay
2021-07-14,8937.0,758.0,0.0,0,436.24,0.0,1,12.76,5.18,SPY210930P00404000,404.0,0,0.0,0.0,,0.0,normalDay
2021-07-15,8937.0,717.0,0.0,0,434.75,0.0,1,12.76,5.59,SPY210930P00404000,404.0,0,0.0,0.0,,0.0,normalDay
2021-07-16,8937.0,635.0,0.0,0,431.34,0.0,1,12.76,6.41,SPY210930P00404000,404.0,0,0.0,0.0,,0.0,normalDay
2021-07-19,8937.0,417.0,0.0,0,424.97,0.0,1,12.76,8.59,SPY210930P00404000,404.0,0,0.0,0.0,,0.0,normalDay
2021-07-20,8937.0,622.0,0.0,0,431.06,0.0,1,12.76,6.54,SPY210930P00404000,404.0,0,0.0,0.0,,0.0,normalDay
2021-07-21,8937.0,747.0,0.0,0,434.55,0.0,1,12.76,5.29,SPY210930P00404000,404.0,0,0.0,0.0,,0.0,normalDay
2021-07-22,8937.0,765.0,0.0,0,435.46,0.0,1,12.76,5.11,SPY210930P00404000,404.0,0,0.0,0.0,,0.0,normalDay
2021-07-23,8937.0,834.0,0.0,0,439.94,0.0,1,12.76,4.42,SPY210930P00404000,404.0,0,0.0,0.0,,0.0,normalDay
2021-07-26,8937.0,866.0,0.0,0,441.02,0.0,1,12.76,4.1,SPY210930P00404000,404.0,0,0.0,0.0,,0.0,normalDay
2021-07-27,8937.0,797.0,0.0,0,439.01,0.0,1,12.76,4.79,SPY210930P00404000,404.0,0,0.0,0.0,,0.0,normalDay
2021-07-28,8937.0,831.0,0.0,0,438.83,0.0,1,12.76,4.45,SPY210930P00404000,404.0,0,0.0,0.0,,0.0,normalDay
2021-07-29,8937.0,884.0,0.0,0,440.65,0.0,1,12.76,3.92,SPY210930P00404000,404.0,0,0.0,0.0,,0.0,normalDay
2021-07-30,8937.0,860.0,0.0,0,438.51,0.0,1,12.76,4.16,SPY210930P00404000,404.0,0,0.0,0.0,,0.0,normalDay
2021-08-02,8937.0,827.0,0.0,0,437.59,0.0,1,12.76,4.49,SPY210930P00404000,404.0,0,0.0,0.0,,0.0,normalDay
2021-08-03,8937.0,911.0,0.0,0,441.15,0.0,1,12.76,3.65,SPY210930P00404000,404.0,0,0.0,0.0,,0.0,normalDay
2021-08-04,8937.0,899.0,0.0,0,438.98,0.0,1,12.76,3.77,SPY210930P00404000,404.0,0,0.0,0.0,,0.0,normalDay
2021-08-05,8937.0,947.0,0.0,0,441.76,0.0,1,12.76,3.29,SPY210930P00404000,404.0,0,0.0,0.0,,0.0,normalDay
2021-08-06,8937.0,988.0,0.0,0,442.49,0.0,1,12.76,2.88,SPY210930P00404000,404.0,0,0.0,0.0,,0.0,normalDay
2021-08-09,8937.0,993.0,0.0,0,442.13,0.0,1,12.76,2.83,SPY210930P00404000,404.0,0,0.0,0.0,,0.0,normalDay
2021-08-10,8937.0,999.0,0.0,0,442.68,0.0,1,12.76,2.77,SPY210930P00404000,404.0,0,0.0,0.0,,0.0,normalDay
2021-08-11,8937.0,1029.0,0.0,0,443.78,0.0,1,12.76,2.47,SPY210930P00404000,404.0,0,0.0,0.0,,0.0,normalDay
2021-08-12,8937.0,1058.0,0.0,0,445.11,0.0,1,12.76,2.18,SPY210930P00404000,404.0,0,0.0,0.0,,0.0,normalDay
2021-08-13,8937.0,1072.0,0.0,0,445.92,0.0,1,12.76,2.04,SPY210930P00404000,404.0,0,0.0,0.0,,0.0,normalDay
2021-08-16,8937.0,1084.0,0.0,0,446.97,0.0,1,12.76,1.92,SPY210930P00404000,404.0,0,0.0,0.0,,0.0,normalDay
2021-08-17,8937.0,1028.0,0.0,0,444.04,0.0,1,12.76,2.48,SPY210930P00404000,404.0,0,0.0,0.0,,0.0,normalDay
2021-08-18,8937.0,919.0,0.0,0,439.18,0.0,1,12.76,3.57,SPY210930P00404000,404.0,0,0.0,0.0,,0.0,normalDay
2021-08-19,8937.0,924.0,0.0,0,439.86,0.0,1,12.76,3.52,SPY210930P00404000,404.0,0,0.0,0.0,,0.0,normalDay
2021-08-20,8937.0,1034.0,0.0,0,443.36,0.0,1,12.76,2.42,SPY210930P00404000,404.0,0,0.0,0.0,,0.0,normalDay
2021-08-23,8937.0,1109.0,0.0,0,447.26,0.0,1,12.76,1.67,SPY210930P00404000,404.0,0,0.0,0.0,,0.0,normalDay
2021-08-24,8937.0,1117.0,0.0,0,447.97,0.0,1,12.76,1.59,SPY210930P00404000,404.0,0,0.0,0.0,,0.0,normalDay
2021-08-25,8937.0,1135.0,0.0,0,448.91,0.0,1,12.76,1.41,SPY210930P00404000,404.0,0,0.0,0.0,,0.0,normalDay
2021-08-26,8937.0,1092.0,0.0,0,446.26,0.0,1,12.76,1.84,SPY210930P00404000,404.0,0,0.0,0.0,,0.0,normalDay
2021-08-27,8937.0,1153.0,0.0,0,450.25,0.0,1,12.76,1.23,SPY210930P00404000,404.0,0,0.0,0.0,,0.0,normalDay
2021-08-30,8937.0,1176.0,0.0,0,452.23,0.0,1,12.76,1.0,SPY210930P00404000,404.0,0,0.0,0.0,,0.0,normalDay
2021-08-31,8937.0,1174.0,0.0,0,451.56,0.0,1,12.76,1.02,SPY210930P00404000,404.0,0,0.0,0.0,,0.0,normalDay
2021-09-01,8937.0,1186.0,0.0,0,451.8,0.0,1,12.76,0.9,SPY210930P00404000,404.0,0,0.0,0.0,,0.0,normalDay
2021-09-02,8937.0,1188.0,0.0,0,453.19,0.0,1,12.76,0.88,SPY210930P00404000,404.0,0,0.0,0.0,,0.0,normalDay
2021-09-03,8937.0,1190.0,0.0,0,453.08,0.0,1,12.76,0.86,SPY210930P00404000,404.0,0,0.0,0.0,,0.0,normalDay
2021-09-07,8937.0,1188.0,0.0,0,451.46,0.0,1,12.76,0.88,SPY210930P00404000,404.0,0,0.0,0.0,,0.0,normalDay
2021-09-08,8937.0,1195.0,0.0,0,450.91,0.0,1,12.76,0.81,SPY210930P00404000,404.0,0,0.0,0.0,,0.0,normalDay
2021-09-09,8937.0,1184.0,0.0,0,448.98,0.0,1,12.76,0.92,SPY210930P00404000,404.0,0,0.0,0.0,,0.0,normalDay
2021-09-10,8937.0,1146.0,0.0,0,445.44,0.0,1,12.76,1.3,SPY210930P00404000,404.0,0,0.0,0.0,,0.0,normalDay
2021-09-13,8937.0,1191.0,0.0,0,446.58,0.0,1,12.76,0.85,SPY210930P00404000,404.0,0,0.0,0.0,,0.0,normalDay
2021-09-14,8937.0,1192.0,0.0,0,444.17,0.0,1,12.76,0.84,SPY210930P00404000,404.0,0,0.0,0.0,,0.0,normalDay
2021-09-15,8937.0,1231.0,0.0,0,447.88,0.0,1,12.76,0.45,SPY210930P00404000,404.0,0,0.0,0.0,,0.0,normalDay
2021-09-16,8937.0,1229.0,0.0,0,447.17,0.0,1,12.76,0.47,SPY210930P00404000,404.0,0,0.0,0.0,,0.0,normalDay
2021-09-17,8937.0,1209.0,0.0,0,441.4,0.0,1,12.76,0.67,SPY210930P00404000,404.0,0,0.0,0.0,,0.0,normalDay
2021-09-20,8937.0,1154.0,0.0,0,434.04,0.0,1,12.76,1.22,SPY210930P00404000,404.0,0,0.0,0.0,,0.0,normalDay
2021-09-21,8937.0,1192.0,0.0,0,433.63,0.0,1,12.76,0.84,SPY210930P00404000,404.0,0,0.0,0.0,,0.0,normalDay
2021-09-22,8937.0,1249.0,0.0,0,437.86,0.0,1,12.76,0.27,SPY210930P00404000,404.0,0,0.0,0.0,,0.0,normalDay
2021-09-23,8937.0,1260.0,0.0,0,443.18,0.0,1,12.76,0.16,SPY210930P00404000,404.0,0,0.0,0.0,,0.0,normalDay
2021-09-24,8937.0,1265.0,0.0,0,443.91,0.0,1,12.76,0.11,SPY210930P00404000,404.0,0,0.0,0.0,,0.0,normalDay
2021-09-27,8937.0,1268.0,0.0,0,442.64,0.0,1,12.76,0.08,SPY210930P00404000,404.0,0,0.0,0.0,,0.0,normalDay
2021-09-28,8937.0,1260.0,0.0,0,433.72,0.0,1,12.76,0.16,SPY210930P00404000,404.0,0,0.0,0.0,,0.0,normalDay
2021-09-29,8937.0,1273.0,0.0,0,434.45,0.0,1,12.76,0.03,SPY210930P00404000,404.0,0,0.0,0.0,,0.0,normalDay
2021-09-30,10213.0,0.0,1276.0,0,429.14,0.0,1,12.76,0.0,SPY210930P00404000,404.0,0,0.0,0.0,,0.0,expirationDay
2021-10-01,10213.0,-8.0,0.0,0,434.24,0.0,1,15.88,15.96,SPY220218P00420000,420.0,0,0.0,0.0,,0.0,normalDay
2021-10-04,10213.0,-220.0,0.0,0,428.64,0.0,1,15.88,18.08,SPY220218P00420000,420.0,0,0.0,0.0,,0.0,normalDay
2021-10-05,10213.0,-23.0,0.0,0,433.1,0.0,1,15.88,16.11,SPY220218P00420000,420.0,0,0.0,0.0,,0.0,normalDay
2021-10-06,10213.0,40.0,0.0,0,434.9,0.0,1,15.88,15.48,SPY220218P00420000,420.0,0,0.0,0.0,,0.0,normalDay
2021-10-07,10213.0,207.0,0.0,0,438.66,0.0,1,15.88,13.81,SPY220218P00420000,420.0,0,0.0,0.0,,0.0,normalDay
2021-10-08,10213.0,190.0,0.0,0,437.86,0.0,1,15.88,13.98,SPY220218P00420000,420.0,0,0.0,0.0,,0.0,normalDay
2021-10-11,10213.0,111.0,0.0,0,434.69,0.0,1,15.88,14.77,SPY220218P00420000,420.0,0,0.0,0.0,,0.0,normalDay
2021-10-12,10213.0,92.0,0.0,0,433.62,0.0,1,15.88,14.96,SPY220218P00420000,420.0,0,0.0,0.0,,0.0,normalDay
2021-10-13,10213.0,231.0,0.0,0,435.18,0.0,1,15.88,13.57,SPY220218P00420000,420.0,0,0.0,0.0,,0.0,normalDay
2021-10-14,10213.0,474.0,0.0,0,442.5,0.0,1,15.88,11.14,SPY220218P00420000,420.0,0,0.0,0.0,,0.0,normalDay
2021-10-15,10213.0,551.0,0.0,0,445.87,0.0,1,15.88,10.37,SPY220218P00420000,420.0,0,0.0,0.0,,0.0,normalDay
2021-10-18,10213.0,590.0,0.0,0,447.19,0.0,1,15.88,9.98,SPY220218P00420000,420.0,0,0.0,0.0,,0.0,normalDay
2021-10-19,10213.0,694.0,0.0,0,450.64,0.0,1,15.88,8.94,SPY220218P00420000,420.0,0,0.0,0.0,,0.0,normalDay
2021-10-20,10213.0,720.0,0.0,0,452.41,0.0,1,15.88,8.68,SPY220218P00420000,420.0,0,0.0,0.0,,0.0,normalDay
2021-10-21,10213.0,763.0,0.0,0,453.59,0.0,1,15.88,8.25,SPY220218P00420000,420.0,0,0.0,0.0,,0.0,normalDay
2021-10-22,10213.0,724.0,0.0,0,453.12,0.0,1,15.88,8.64,SPY220218P00420000,420.0,0,0.0,0.0,,0.0,normalDay
2021-10-25,10213.0,801.0,0.0,0,455.55,0.0,1,15.88,7.87,SPY220218P00420000,420.0,0,0.0,0.0,,0.0,normalDay
2021-10-26,10213.0,810.0,0.0,0,455.96,0.0,1,15.88,7.78,SPY220218P00420000,420.0,0,0.0,0.0,,0.0,normalDay
2021-10-27,10213.0,737.0,0.0,0,453.94,0.0,1,15.88,8.51,SPY220218P00420000,420.0,0,0.0,0.0,,0.0,normalDay
2021-10-28,10213.0,824.0,0.0,0,458.32,0.0,1,15.88,7.64,SPY220218P00420000,420.0,0,0.0,0.0,,0.0,normalDay
2021-10-29,10213.0,850.0,0.0,0,459.25,0.0,1,15.88,7.38,SPY220218P00420000,420.0,0,0.0,0.0,,0.0,normalDay
2021-11-01,10213.0,876.0,0.0,0,460.04,0.0,1,15.88,7.12,SPY220218P00420000,420.0,0,0.0,0.0,,0.0,normalDay
2021-11-02,10213.0,918.0,0.0,0,461.9,0.0,1,15.88,6.7,SPY220218P00420000,420.0,0,0.0,0.0,,0.0,normalDay
2021-11-03,10213.0,990.0,0.0,0,464.72,0.0,1,15.88,5.98,SPY220218P00420000,420.0,0,0.0,0.0,,0.0,normalDay
2021-11-04,10213.0,1018.0,0.0,0,466.91,0.0,1,15.88,5.7,SPY220218P00420000,420.0,0,0.0,0.0,,0.0,normalDay
2021-11-05,10213.0,1008.0,0.0,0,468.53,0.0,1,15.88,5.8,SPY220218P00420000,420.0,0,0.0,0.0,,0.0,normalDay
2021-11-08,10213.0,1003.0,0.0,0,468.93,0.0,1,15.88,5.85,SPY220218P00420000,420.0,0,0.0,0.0,,0.0,normalDay
2021-11-09,10213.0,980.0,0.0,0,467.38,0.0,1,15.88,6.08,SPY220218P00420000,420.0,0,0.0,0.0,,0.0,normalDay
2021-11-10,10213.0,924.0,0.0,0,463.62,0.0,1,15.88,6.64,SPY220218P00420000,420.0,0,0.0,0.0,,0.0,normalDay
2021-11-11,10213.0,974.0,0.0,0,463.77,0.0,1,15.88,6.14,SPY220218P00420000,420.0,0,0.0,0.0,,0.0,normalDay
2021-11-12,10213.0,1048.0,0.0,0,467.27,0.0,1,15.88,5.4,SPY220218P00420000,420.0,0,0.0,0.0,,0.0,normalDay
2021-11-15,10213.0,1061.0,0.0,0,467.43,0.0,1,15.88,5.27,SPY220218P00420000,420.0,0,0.0,0.0,,0.0,normalDay
2021-11-16,10213.0,1089.0,0.0,0,469.28,0.0,1,15.88,4.99,SPY220218P00420000,420.0,0,0.0,0.0,,0.0,normalDay
2021-11-17,10213.0,1049.0,0.0,0,468.14,0.0,1,15.88,5.39,SPY220218P00420000,420.0,0,0.0,0.0,,0.0,normalDay
2021-11-18,10213.0,1066.0,0.0,0,469.73,0.0,1,15.88,5.22,SPY220218P00420000,420.0,0,0.0,0.0,,0.0,normalDay
2021-11-19,10213.0,1053.0,0.0,0,468.89,0.0,1,15.88,5.35,SPY220218P00420000,420.0,0,0.0,0.0,,0.0,normalDay
2021-11-22,10213.0,1025.0,0.0,0,467.57,0.0,1,15.88,5.63,SPY220218P00420000,420.0,0,0.0,0.0,,0.0,normalDay
2021-11-23,10213.0,1046.0,0.0,0,468.19,0.0,1,15.88,5.42,SPY220218P00420000,420.0,0,0.0,0.0,,0.0,normalDay
2021-11-24,10213.0,1091.0,0.0,0,469.44,0.0,1,15.88,4.97,SPY220218P00420000,420.0,0,0.0,0.0,,0.0,normalDay
2021-11-26,10213.0,530.0,0.0,0,458.97,0.0,1,15.88,10.58,SPY220218P00420000,420.0,0,0.0,0.0,,0.0,normalDay
2021-11-29,10213.0,958.0,0.0,0,464.6,0.0,1,15.88,6.3,SPY220218P00420000,420.0,0,0.0,0.0,,0.0,normalDay
2021-11-30,10213.0,734.0,0.0,0,455.56,0.0,1,15.88,8.54,SPY220218P00420000,420.0,0,0.0,0.0,,0.0,normalDay
2021-12-01,10213.0,460.0,0.0,0,450.5,0.0,1,15.88,11.28,SPY220218P00420000,420.0,0,0.0,0.0,,0.0,normalDay
2021-12-02,10213.0,693.0,0.0,0,457.4,0.0,1,15.88,8.95,SPY220218P00420000,420.0,0,0.0,0.0,,0.0,normalDay
2021-12-03,10213.0,532.0,0.0,0,453.42,0.0,1,15.88,10.56,SPY220218P00420000,420.0,0,0.0,0.0,,0.0,normalDay
2021-12-06,10213.0,763.0,0.0,0,458.79,0.0,1,15.88,8.25,SPY220218P00420000,420.0,0,0.0,0.0,,0.0,normalDay
2021-12-07,10213.0,1054.0,0.0,0,468.28,0.0,1,15.88,5.34,SPY220218P00420000,420.0,0,0.0,0.0,,0.0,normalDay
2021-12-08,10213.0,1136.0,0.0,0,469.52,0.0,1,15.88,4.52,SPY220218P00420000,420.0,0,0.0,0.0,,0.0,normalDay
2021-12-09,10213.0,1073.0,0.0,0,466.35,0.0,1,15.88,5.15,SPY220218P00420000,420.0,0,0.0,0.0,,0.0,normalDay
2021-12-10,10213.0,1176.0,0.0,0,470.74,0.0,1,15.88,4.12,SPY220218P00420000,420.0,0,0.0,0.0,,0.0,normalDay
2021-12-13,10213.0,1115.0,0.0,0,466.57,0.0,1,15.88,4.73,SPY220218P00420000,420.0,0,0.0,0.0,,0.0,normalDay
2021-12-14,10213.0,1053.0,0.0,0,463.36,0.0,1,15.88,5.35,SPY220218P00420000,420.0,0,0.0,0.0,,0.0,normalDay
2021-12-15,10213.0,1212.0,0.0,0,470.6,0.0,1,15.88,3.76,SPY220218P00420000,420.0,0,0.0,0.0,,0.0,normalDay
2021-12-16,10213.0,1143.0,0.0,0,466.45,0.0,1,15.88,4.45,SPY220218P00420000,420.0,0,0.0,0.0,,0.0,normalDay
2021-12-17,10213.0,1053.0,0.0,0,459.87,0.0,1,15.88,5.35,SPY220218P00420000,420.0,0,0.0,0.0,,0.0,normalDay
2021-12-20,10213.0,984.0,0.0,0,454.98,0.0,1,15.88,6.04,SPY220218P00420000,420.0,0,0.0,0.0,,0.0,normalDay
2021-12-21,10213.0,1146.0,0.0,0,463.06,0.0,1,15.88,4.42,SPY220218P00420000,420.0,0,0.0,0.0,,0.0,normalDay
2021-12-22,10213.0,1255.0,0.0,0,467.69,0.0,1,15.88,3.33,SPY220218P00420000,420.0,0,0.0,0.0,,0.0,normalDay
2021-12-23,10213.0,1300.0,0.0,0,470.6,0.0,1,15.88,2.88,SPY220218P00420000,420.0,0,0.0,0.0,,0.0,normalDay
2021-12-27,10213.0,1378.0,0.0,0,477.26,0.0,1,15.88,2.1,SPY220218P00420000,420.0,0,0.0,0.0,,0.0,normalDay
2021-12-28,10213.0,1389.0,0.0,0,476.87,0.0,1,15.88,1.99,SPY220218P00420000,420.0,0,0.0,0.0,,0.0,normalDay
2021-12-29,10213.0,1416.0,0.0,0,477.48,0.0,1,15.88,1.72,SPY220218P00420000,420.0,0,0.0,0.0,,0.0,normalDay
2021-12-30,10213.0,1406.0,0.0,0,476.16,0.0,1,15.88,1.82,SPY220218P00420000,420.0,0,0.0,0.0,,0.0,normalDay
2021-12-31,10213.0,1416.0,0.0,0,474.96,0.0,1,15.88,1.72,SPY220218P00420000,420.0,0,0.0,0.0,,0.0,normalDay
2022-01-03,10213.0,1451.0,0.0,0,477.71,0.0,1,15.88,1.37,SPY220218P00420000,420.0,0,0.0,0.0,,0.0,normalDay
2022-01-04,10213.0,1450.0,0.0,0,477.55,0.0,1,15.88,1.38,SPY220218P00420000,420.0,0,0.0,0.0,,0.0,normalDay
2022-01-05,10213.0,1357.0,0.0,0,468.38,0.0,1,15.88,2.31,SPY220218P00420000,420.0,0,0.0,0.0,,0.0,normalDay
2022-01-06,10213.0,1369.0,0.0,0,467.94,0.0,1,15.88,2.19,SPY220218P00420000,420.0,0,0.0,0.0,,0.0,normalDay
2022-01-07,10213.0,1390.0,0.0,0,466.09,0.0,1,15.88,1.98,SPY220218P00420000,420.0,0,0.0,0.0,,0.0,normalDay
2022-01-10,10213.0,1394.0,0.0,0,465.51,0.0,1,15.88,1.94,SPY220218P00420000,420.0,0,0.0,0.0,,0.0,normalDay
2022-01-11,10213.0,1437.0,0.0,0,469.75,0.0,1,15.88,1.51,SPY220218P00420000,420.0,0,0.0,0.0,,0.0,normalDay
2022-01-12,10213.0,1461.0,0.0,0,471.02,0.0,1,15.88,1.27,SPY220218P00420000,420.0,0,0.0,0.0,,0.0,normalDay
2022-01-13,10213.0,1392.0,0.0,0,464.53,0.0,1,15.88,1.96,SPY220218P00420000,420.0,0,0.0,0.0,,0.0,normalDay
2022-01-14,10213.0,1425.0,0.0,0,464.72,0.0,1,15.88,1.63,SPY220218P00420000,420.0,0,0.0,0.0,,0.0,normalDay
2022-01-18,10213.0,1319.0,0.0,0,456.49,0.0,1,15.88,2.69,SPY220218P00420000,420.0,0,0.0,0.0,,0.0,normalDay
2022-01-19,10213.0,1276.0,0.0,0,451.75,0.0,1,15.88,3.12,SPY220218P00420000,420.0,0,0.0,0.0,,0.0,normalDay
2022-01-20,10213.0,1171.0,0.0,0,446.75,0.0,1,15.88,4.17,SPY220218P00420000,420.0,0,0.0,0.0,,0.0,normalDay
2022-01-21,10213.0,941.0,0.0,0,437.98,0.0,1,15.88,6.47,SPY220218P00420000,420.0,0,0.0,0.0,,0.0,normalDay
2022-01-24,10213.0,936.0,0.0,0,439.84,0.0,1,15.88,6.52,SPY220218P00420000,420.0,0,0.0,0.0,,0.0,normalDay
2022-01-25,10213.0,772.0,0.0,0,434.47,0.0,1,15.88,8.16,SPY220218P00420000,420.0,0,0.0,0.0,,0.0,normalDay
2022-01-26,10213.0,787.0,0.0,0,433.38,0.0,1,15.88,8.01,SPY220218P00420000,420.0,0,0.0,0.0,,0.0,normalDay
2022-01-27,10213.0,826.0,0.0,0,431.24,0.0,1,15.88,7.62,SPY220218P00420000,420.0,0,0.0,0.0,,0.0,normalDay
2022-01-28,10213.0,1151.0,0.0,0,441.95,0.0,1,15.88,4.37,SPY220218P00420000,420.0,0,0.0,0.0,,0.0,normalDay
2022-01-31,10213.0,1355.0,0.0,0,449.91,0.0,1,15.88,2.33,SPY220218P00420000,420.0,0,0.0,0.0,,0.0,normalDay
2022-02-01,10213.0,1456.0,0.0,0,452.95,0.0,1,15.88,1.32,SPY220218P00420000,420.0,0,0.0,0.0,,0.0,normalDay
2022-02-02,10213.0,1487.0,0.0,0,457.35,0.0,1,15.88,1.01,SPY220218P00420000,420.0,0,0.0,0.0,,0.0,normalDay
2022-02-03,10213.0,1420.0,0.0,0,446.6,0.0,1,15.88,1.68,SPY220218P00420000,420.0,0,0.0,0.0,,0.0,normalDay
2022-02-04,10213.0,1452.0,0.0,0,448.7,0.0,1,15.88,1.36,SPY220218P00420000,420.0,0,0.0,0.0,,0.0,normalDay
2022-02-07,10213.0,1502.0,0.0,0,447.26,0.0,1,15.88,0.86,SPY220218P00420000,420.0,0,0.0,0.0,,0.0,normalDay
2022-02-08,10213.0,1536.0,0.0,0,450.94,0.0,1,15.88,0.52,SPY220218P00420000,420.0,0,0.0,0.0,,0.0,normalDay
2022-02-09,10213.0,1564.0,0.0,0,457.54,0.0,1,15.88,0.24,SPY220218P00420000,420.0,0,0.0,0.0,,0.0,normalDay
2022-02-10,10213.0,1521.0,0.0,0,449.32,0.0,1,15.88,0.67,SPY220218P00420000,420.0,0,0.0,0.0,,0.0,normalDay
2022-02-11,10213.0,1452.0,0.0,0,440.46,0.0,1,15.88,1.36,SPY220218P00420000,420.0,0,0.0,0.0,,0.0,normalDay
2022-02-14,10213.0,1508.0,0.0,0,439.02,0.0,1,15.88,0.8,SPY220218P00420000,420.0,0,0.0,0.0,,0.0,normalDay
2022-02-15,10213.0,1560.0,0.0,0,446.1,0.0,1,15.88,0.28,SPY220218P00420000,420.0,0,0.0,0.0,,0.0,normalDay
2022-02-16,10213.0,1581.0,0.0,0,446.6,0.0,1,15.88,0.07,SPY220218P00420000,420.0,0,0.0,0.0,,0.0,normalDay
2022-02-17,10213.0,1577.0,0.0,0,437.06,0.0,1,15.88,0.11,SPY220218P00420000,420.0,0,0.0,0.0,,0.0,normalDay
2022-02-18,11801.0,0.0,1588.0,0,434.23,0.0,1,15.88,0.0,SPY220218P00420000,420.0,0,0.0,0.0,,0.0,expirationDay
2022-02-22,11801.0,-13.0,0.0,0,429.57,0.0,1,18.91,19.04,SPY220630P00417000,417.0,0,0.0,0.0,,0.0,normalDay
2022-02-23,11801.0,-411.0,0.0,0,421.95,0.0,1,18.91,23.02,SPY220630P00417000,417.0,0,0.0,0.0,,0.0,normalDay
2022-02-24,11801.0,-163.0,0.0,0,428.3,0.0,1,18.91,20.54,SPY220630P00417000,417.0,0,0.0,0.0,,0.0,normalDay
2022-02-25,11801.0,256.0,0.0,0,437.75,0.0,1,18.91,16.35,SPY220630P00417000,417.0,0,0.0,0.0,,0.0,normalDay
2022-02-28,11801.0,180.0,0.0,0,436.63,0.0,1,18.91,17.11,SPY220630P00417000,417.0,0,0.0,0.0,,0.0,normalDay
2022-03-01,11801.0,-171.0,0.0,0,429.98,0.0,1,18.91,20.62,SPY220630P00417000,417.0,0,0.0,0.0,,0.0,normalDay
2022-03-02,11801.0,112.0,0.0,0,437.89,0.0,1,18.91,17.79,SPY220630P00417000,417.0,0,0.0,0.0,,0.0,normalDay
2022-03-03,11801.0,82.0,0.0,0,435.71,0.0,1,18.91,18.09,SPY220630P00417000,417.0,0,0.0,0.0,,0.0,normalDay
2022-03-04,11801.0,-115.0,0.0,0,432.17,0.0,1,18.91,20.06,SPY220630P00417000,417.0,0,0.0,0.0,,0.0,normalDay
2022-03-07,11801.0,-740.0,0.0,0,419.43,0.0,1,18.91,26.31,SPY220630P00417000,417.0,0,0.0,0.0,,0.0,normalDay
2022-03-08,11801.0,-826.0,0.0,0,416.25,0.0,1,18.91,27.17,SPY220630P00417000,417.0,0,0.0,0.0,,0.0,normalDay
2022-03-09,11801.0,-318.0,0.0,0,427.41,0.0,1,18.91,22.09,SPY220630P00417000,417.0,0,0.0,0.0,,0.0,normalDay
2022-03-10,11801.0,-235.0,0.0,0,425.48,0.0,1,18.91,21.26,SPY220630P00417000,417.0,0,0.0,0.0,,0.0,normalDay
2022-03-11,11801.0,-455.0,0.0,0,420.07,0.0,1,18.91,23.46,SPY220630P00417000,417.0,0,0.0,0.0,,0.0,normalDay
2022-03-14,11801.0,-563.0,0.0,0,417.0,0.0,1,18.91,24.54,SPY220630P00417000,417.0,0,0.0,0.0,,0.0,normalDay
2022-03-15,11801.0,-185.0,0.0,0,426.17,0.0,1,18.91,20.76,SPY220630P00417000,417.0,0,0.0,0.0,,0.0,normalDay
2022-03-16,11801.0,297.0,0.0,0,435.62,0.0,1,18.91,15.94,SPY220630P00417000,417.0,0,0.0,0.0,,0.0,normalDay
2022-03-17,11801.0,511.0,0.0,0,441.07,0.0,1,18.91,13.8,SPY220630P00417000,417.0,0,0.0,0.0,,0.0,normalDay
2022-03-18,11801.0,731.0,0.0,0,444.52,0.0,1,18.91,11.6,SPY220630P00417000,417.0,0,0.0,0.0,,0.0,normalDay
2022-03-21,11801.0,752.0,0.0,0,444.39,0.0,1,18.91,11.39,SPY220630P00417000,417.0,0,0.0,0.0,,0.0,normalDay
2022-03-22,11801.0,902.0,0.0,0,449.59,0.0,1,18.91,9.89,SPY220630P00417000,417.0,0,0.0,0.0,,0.0,normalDay
2022-03-23,11801.0,764.0,0.0,0,443.8,0.0,1,18.91,11.27,SPY220630P00417000,417.0,0,0.0,0.0,,0.0,normalDay
2022-03-24,11801.0,951.0,0.0,0,450.49,0.0,1,18.91,9.4,SPY220630P00417000,417.0,0,0.0,0.0,,0.0,normalDay
2022-03-25,11801.0,1019.0,0.0,0,452.69,0.0,1,18.91,8.72,SPY220630P00417000,417.0,0,0.0,0.0,,0.0,normalDay
2022-03-28,11801.0,1119.0,0.0,0,455.91,0.0,1,18.91,7.72,SPY220630P00417000,417.0,0,0.0,0.0,,0.0,normalDay
2022-03-29,11801.0,1236.0,0.0,0,461.55,0.0,1,18.91,6.55,SPY220630P00417000,417.0,0,0.0,0.0,,0.0,normalDay
2022-03-30,11801.0,1195.0,0.0,0,458.7,0.0,1,18.91,6.96,SPY220630P00417000,417.0,0,0.0,0.0,,0.0,normalDay
2022-03-31,11801.0,1047.0,0.0,0,451.64,0.0,1,18.91,8.44,SPY220630P00417000,417.0,0,0.0,0.0,,0.0,normalDay
2022-04-01,11801.0,1109.0,0.0,0,452.92,0.0,1,18.91,7.82,SPY220630P00417000,417.0,0,0.0,0.0,,0.0,normalDay
2022-04-04,11801.0,1254.0,0.0,0,456.8,0.0,1,18.91,6.37,SPY220630P00417000,417.0,0,0.0,0.0,,0.0,normalDay
2022-04-05,11801.0,1091.0,0.0,0,451.03,0.0,1,18.91,8.0,SPY220630P00417000,417.0,0,0.0,0.0,,0.0,normalDay
2022-04-06,11801.0,977.0,0.0,0,446.52,0.0,1,18.91,9.14,SPY220630P00417000,417.0,0,0.0,0.0,,0.0,normalDay
2022-04-07,11801.0,1039.0,0.0,0,448.77,0.0,1,18.91,8.52,SPY220630P00417000,417.0,0,0.0,0.0,,0.0,normalDay
2022-04-08,11801.0,1046.0,0.0,0,447.57,0.0,1,18.91,8.45,SPY220630P00417000,417.0,0,0.0,0.0,,0.0,normalDay
2022-04-11,11801.0,819.0,0.0,0,439.92,0.0,1,18.91,10.72,SPY220630P00417000,417.0,0,0.0,0.0,,0.0,normalDay
2022-04-12,11801.0,794.0,0.0,0,438.29,0.0,1,18.91,10.97,SPY220630P00417000,417.0,0,0.0,0.0,,0.0,normalDay
2022-04-13,11801.0,1004.0,0.0,0,443.31,0.0,1,18.91,8.87,SPY220630P00417000,417.0,0,0.0,0.0,,0.0,normalDay
2022-04-14,11801.0,861.0,0.0,0,437.79,0.0,1,18.91,10.3,SPY220630P00417000,417.0,0,0.0,0.0,,0.0,normalDay
2022-04-18,11801.0,954.0,0.0,0,437.97,0.0,1,18.91,9.37,SPY220630P00417000,417.0,0,0.0,0.0,,0.0,normalDay
2022-04-19,11801.0,1079.0,0.0,0,445.04,0.0,1,18.91,8.12,SPY220630P00417000,417.0,0,0.0,0.0,,0.0,normalDay
2022-04-20,11801.0,1171.0,0.0,0,444.71,0.0,1,18.91,7.2,SPY220630P00417000,417.0,0,0.0,0.0,,0.0,normalDay
2022-04-21,11801.0,921.0,0.0,0,438.06,0.0,1,18.91,9.7,SPY220630P00417000,417.0,0,0.0,0.0,,0.0,normalDay
2022-04-22,11801.0,390.0,0.0,0,426.04,0.0,1,18.91,15.01,SPY220630P00417000,417.0,0,0.0,0.0,,0.0,normalDay
2022-04-25,11801.0,584.0,0.0,0,428.51,0.0,1,18.91,13.07,SPY220630P00417000,417.0,0,0.0,0.0,,0.0,normalDay
2022-04-26,11801.0,-135.0,0.0,0,416.1,0.0,1,18.91,20.26,SPY220630P00417000,417.0,0,0.0,0.0,,0.0,normalDay
2022-04-27,11801.0,125.0,0.0,0,417.27,0.0,1,18.91,17.66,SPY220630P00417000,417.0,0,0.0,0.0,,0.0,normalDay
2022-04-28,11801.0,468.0,0.0,0,427.81,0.0,1,18.91,14.23,SPY220630P00417000,417.0,0,0.0,0.0,,0.0,normalDay
2022-04-29,11801.0,-159.0,0.0,0,412.0,0.0,1,18.91,20.5,SPY220630P00417000,417.0,0,0.0,0.0,,0.0,normalDay
2022-05-02,11801.0,28.0,0.0,0,414.48,0.0,1,18.91,18.63,SPY220630P00417000,417.0,0,0.0,0.0,,0.0,normalDay
2022-05-03,11801.0,224.0,0.0,0,416.38,0.0,1,18.91,16.67,SPY220630P00417000,417.0,0,0.0,0.0,,0.0,normalDay
2022-05-04,11801.0,760.0,0.0,0,429.06,0.0,1,18.91,11.31,SPY220630P00417000,417.0,0,0.0,0.0,,0.0,normalDay
2022-05-05,11801.0,-19.0,0.0,0,413.81,0.0,1,18.91,19.1,SPY220630P00417000,417.0,0,0.0,0.0,,0.0,normalDay
2022-05-06,11801.0,-170.0,0.0,0,411.34,0.0,1,18.91,20.61,SPY220630P00417000,417.0,0,0.0,0.0,,0.0,normalDay
2022-05-09,11801.0,-868.0,0.0,0,398.17,0.0,1,18.91,27.59,SPY220630P00417000,417.0,0,0.0,0.0,,0.0,normalDay
2022-05-10,11801.0,-802.0,0.0,0,399.09,0.0,1,18.91,26.93,SPY220630P00417000,417.0,0,0.0,0.0,,0.0,normalDay
2022-05-11,11801.0,-1196.0,0.0,0,392.75,0.0,1,18.91,30.87,SPY220630P00417000,417.0,0,0.0,0.0,,0.0,normalDay
2022-05-12,11801.0,-1231.0,0.0,0,392.34,0.0,1,18.91,31.22,SPY220630P00417000,417.0,0,0.0,0.0,,0.0,normalDay
2022-05-13,11801.0,-539.0,0.0,0,401.72,0.0,1,18.91,24.3,SPY220630P00417000,417.0,0,0.0,0.0,,0.0,normalDay
2022-05-16,11801.0,-556.0,0.0,0,400.09,0.0,1,18.91,24.47,SPY220630P00417000,417.0,0,0.0,0.0,,0.0,normalDay
2022-05-17,11801.0,18.0,0.0,0,408.32,0.0,1,18.91,18.73,SPY220630P00417000,417.0,0,0.0,0.0,,0.0,normalDay
2022-05-18,11801.0,-1232.0,0.0,0,391.86,0.0,1,18.91,31.23,SPY220630P00417000,417.0,0,0.0,0.0,,0.0,normalDay
2022-05-19,11801.0,-1335.0,0.0,0,389.46,0.0,1,18.91,32.26,SPY220630P00417000,417.0,0,0.0,0.0,,0.0,normalDay
2022-05-20,11801.0,-1303.0,0.0,0,389.63,0.0,1,18.91,31.94,SPY220630P00417000,417.0,0,0.0,0.0,,0.0,normalDay
2022-05-23,11801.0,-665.0,0.0,0,396.92,0.0,1,18.91,25.56,SPY220630P00417000,417.0,0,0.0,0.0,,0.0,normalDay
2022-05-24,11801.0,-921.0,0.0,0,393.89,0.0,1,18.91,28.12,SPY220630P00417000,417.0,0,0.0,0.0,,0.0,normalDay
2022-05-25,11801.0,-655.0,0.0,0,397.37,0.0,1,18.91,25.46,SPY220630P00417000,417.0,0,0.0,0.0,,0.0,normalDay
2022-05-26,11801.0,-114.0,0.0,0,405.31,0.0,1,18.91,20.05,SPY220630P00417000,417.0,0,0.0,0.0,,0.0,normalDay
2022-05-27,11801.0,572.0,0.0,0,415.26,0.0,1,18.91,13.19,SPY220630P00417000,417.0,0,0.0,0.0,,0.0,normalDay
2022-05-31,11801.0,468.0,0.0,0,412.93,0.0,1,18.91,14.23,SPY220630P00417000,417.0,0,0.0,0.0,,0.0,normalDay
2022-06-01,11801.0,345.0,0.0,0,409.59,0.0,1,18.91,15.46,SPY220630P00417000,417.0,0,0.0,0.0,,0.0,normalDay
2022-06-02,11801.0,819.0,0.0,0,417.39,0.0,1,18.91,10.72,SPY220630P00417000,417.0,0,0.0,0.0,,0.0,normalDay
2022-06-03,11801.0,477.0,0.0,0,410.54,0.0,1,18.91,14.14,SPY220630P00417000,417.0,0,0.0,0.0,,0.0,normalDay
2022-06-06,11801.0,576.0,0.0,0,411.79,0.0,1,18.91,13.15,SPY220630P00417000,417.0,0,0.0,0.0,,0.0,normalDay
2022-06-07,11801.0,816.0,0.0,0,415.74,0.0,1,18.91,10.75,SPY220630P00417000,417.0,0,0.0,0.0,,0.0,normalDay
2022-06-08,11801.0,624.0,0.0,0,411.22,0.0,1,18.91,12.67,SPY220630P00417000,417.0,0,0.0,0.0,,0.0,normalDay
2022-06-09,11801.0,-82.0,0.0,0,401.44,0.0,1,18.91,19.73,SPY220630P00417000,417.0,0,0.0,0.0,,0.0,normalDay
2022-06-10,11801.0,-1024.0,0.0,0,389.8,0.0,1,18.91,29.15,SPY220630P00417000,417.0,0,0.0,0.0,,0.0,normalDay
2022-06-13,11801.0,-2506.0,0.0,0,375.0,0.0,1,18.91,43.97,SPY220630P00417000,417.0,0,0.0,0.0,,0.0,normalDay
2022-06-14,11801.0,-2691.0,0.0,0,373.87,0.0,1,18.91,45.82,SPY220630P00417000,417.0,0,0.0,0.0,,0.0,normalDay
2022-06-15,11801.0,-2081.0,0.0,0,379.2,0.0,1,18.91,39.72,SPY220630P00417000,417.0,0,0.0,0.0,,0.0,normalDay
2022-06-16,11801.0,-3252.0,0.0,0,366.65,0.0,1,18.91,51.43,SPY220630P00417000,417.0,0,0.0,0.0,,0.0,normalDay
2022-06-17,11801.0,-3157.0,0.0,0,365.86,0.0,1,18.91,50.48,SPY220630P00417000,417.0,0,0.0,0.0,,0.0,normalDay
2022-06-21,11801.0,-2319.0,0.0,0,375.07,0.0,1,18.91,42.1,SPY220630P00417000,417.0,0,0.0,0.0,,0.0,normalDay
2022-06-22,11801.0,-2337.0,0.0,0,374.39,0.0,1,18.91,42.28,SPY220630P00417000,417.0,0,0.0,0.0,,0.0,normalDay
2022-06-23,11801.0,-2116.0,0.0,0,378.06,0.0,1,18.91,40.07,SPY220630P00417000,417.0,0,0.0,0.0,,0.0,normalDay
2022-06-24,11801.0,-950.0,0.0,0,390.08,0.0,1,18.91,28.41,SPY220630P00417000,417.0,0,0.0,0.0,,0.0,normalDay
2022-06-27,11801.0,-929.0,0.0,0,388.59,0.0,1,18.91,28.2,SPY220630P00417000,417.0,0,0.0,0.0,,0.0,normalDay
2022-06-28,11801.0,-1781.0,0.0,0,380.65,0.0,1,18.91,36.72,SPY220630P00417000,417.0,0,0.0,0.0,,0.0,normalDay
2022-06-29,11801.0,-1782.0,0.0,0,380.34,0.0,1,18.91,36.73,SPY220630P00417000,417.0,0,0.0,0.0,,0.0,normalDay
2022-06-30,13692.0,-3975.0,1891.0,100,377.25,417.0,1,18.91,0.0,SPY220630P00417000,417.0,0,0.0,0.0,,0.0,expirationDay
2022-07-01,13692.0,-3580.0,0.0,100,381.24,417.0,0,0.0,0.0,,0.0,1,1.56,1.6,SPY220916C00429000,429.0,normalDay
2022-07-05,13692.0,-3496.0,0.0,100,381.96,417.0,0,0.0,0.0,,0.0,1,1.56,1.48,SPY220916C00429000,429.0,normalDay
2022-07-06,13692.0,-3380.0,0.0,100,383.25,417.0,0,0.0,0.0,,0.0,1,1.56,1.61,SPY220916C00429000,429.0,normalDay
2022-07-07,13692.0,-2858.0,0.0,100,388.99,417.0,0,0.0,0.0,,0.0,1,1.56,2.13,SPY220916C00429000,429.0,normalDay
2022-07-08,13692.0,-2874.0,0.0,100,388.67,417.0,0,0.0,0.0,,0.0,1,1.56,1.97,SPY220916C00429000,429.0,normalDay
2022-07-11,13692.0,-3265.0,0.0,100,384.23,417.0,0,0.0,0.0,,0.0,1,1.56,1.44,SPY220916C00429000,429.0,normalDay
2022-07-12,13692.0,-3563.0,0.0,100,380.83,417.0,0,0.0,0.0,,0.0,1,1.56,1.02,SPY220916C00429000,429.0,normalDay
2022-07-13,13692.0,-3748.0,0.0,100,378.83,417.0,0,0.0,0.0,,0.0,1,1.56,0.87,SPY220916C00429000,429.0,normalDay
2022-07-14,13692.0,-3835.0,0.0,100,377.91,417.0,0,0.0,0.0,,0.0,1,1.56,0.82,SPY220916C00429000,429.0,normalDay
2022-07-15,13692.0,-3142.0,0.0,100,385.13,417.0,0,0.0,0.0,,0.0,1,1.56,1.11,SPY220916C00429000,429.0,normalDay
2022-07-18,13692.0,-3439.0,0.0,100,381.95,417.0,0,0.0,0.0,,0.0,1,1.56,0.9,SPY220916C00429000,429.0,normalDay
2022-07-19,13692.0,-2516.0,0.0,100,392.27,417.0,0,0.0,0.0,,0.0,1,1.56,1.99,SPY220916C00429000,429.0,normalDay
2022-07-20,13692.0,-2298.0,0.0,100,394.77,417.0,0,0.0,0.0,,0.0,1,1.56,2.31,SPY220916C00429000,429.0,normalDay
2022-07-21,13692.0,-1931.0,0.0,100,398.79,417.0,0,0.0,0.0,,0.0,1,1.56,2.66,SPY220916C00429000,429.0,normalDay
2022-07-22,13692.0,-2226.0,0.0,100,395.09,417.0,0,0.0,0.0,,0.0,1,1.56,1.91,SPY220916C00429000,429.0,normalDay
2022-07-25,13692.0,-2168.0,0.0,100,395.57,417.0,0,0.0,0.0,,0.0,1,1.56,1.81,SPY220916C00429000,429.0,normalDay
2022-07-26,13692.0,-2588.0,0.0,100,390.89,417.0,0,0.0,0.0,,0.0,1,1.56,1.33,SPY220916C00429000,429.0,normalDay
2022-07-27,13692.0,-1673.0,0.0,100,401.04,417.0,0,0.0,0.0,,0.0,1,1.56,2.33,SPY220916C00429000,429.0,normalDay
2022-07-28,13692.0,-1285.0,0.0,100,406.07,417.0,0,0.0,0.0,,0.0,1,1.56,3.48,SPY220916C00429000,429.0,normalDay
2022-07-29,13692.0,-801.0,0.0,100,411.99,417.0,0,0.0,0.0,,0.0,1,1.56,4.56,SPY220916C00429000,429.0,normalDay
2022-08-01,13692.0,-890.0,0.0,100,410.77,417.0,0,0.0,0.0,,0.0,1,1.56,4.23,SPY220916C00429000,429.0,normalDay
2022-08-02,13692.0,-1088.0,0.0,100,408.06,417.0,0,0.0,0.0,,0.0,1,1.56,3.5,SPY220916C00429000,429.0,normalDay
2022-08-03,13692.0,-581.0,0.0,100,414.45,417.0,0,0.0,0.0,,0.0,1,1.56,4.82,SPY220916C00429000,429.0,normalDay
2022-08-04,13692.0,-591.0,0.0,100,414.17,417.0,0,0.0,0.0,,0.0,1,1.56,4.64,SPY220916C00429000,429.0,normalDay
2022-08-05,13692.0,-580.0,0.0,100,413.47,417.0,0,0.0,0.0,,0.0,1,1.56,3.83,SPY220916C00429000,429.0,normalDay
2022-08-08,13692.0,-609.0,0.0,100,412.99,417.0,0,0.0,0.0,,0.0,1,1.56,3.64,SPY220916C00429000,429.0,normalDay
2022-08-09,13692.0,-729.0,0.0,100,411.35,417.0,0,0.0,0.0,,0.0,1,1.56,3.2,SPY220916C00429000,429.0,normalDay
2022-08-10,13692.0,-74.0,0.0,100,419.99,417.0,0,0.0,0.0,,0.0,1,1.56,5.29,SPY220916C00429000,429.0,normalDay
2022-08-11,13692.0,-96.0,0.0,100,419.99,417.0,0,0.0,0.0,,0.0,1,1.56,5.51,SPY220916C00429000,429.0,normalDay
2022-08-12,13692.0,343.0,0.0,100,427.1,417.0,0,0.0,0.0,,0.0,1,1.56,8.23,SPY220916C00429000,429.0,normalDay
2022-08-15,13692.0,436.0,0.0,100,428.86,417.0,0,0.0,0.0,,0.0,1,1.56,9.06,SPY220916C00429000,429.0,normalDay
2022-08-16,13692.0,506.0,0.0,100,429.7,417.0,0,0.0,0.0,,0.0,1,1.56,9.2,SPY220916C00429000,429.0,normalDay
2022-08-17,13692.0,337.0,0.0,100,426.65,417.0,0,0.0,0.0,,0.0,1,1.56,7.84,SPY220916C00429000,429.0,normalDay
2022-08-18,13692.0,467.0,0.0,100,427.89,417.0,0,0.0,0.0,,0.0,1,1.56,7.78,SPY220916C00429000,429.0,normalDay
2022-08-19,13692.0,163.0,0.0,100,422.14,417.0,0,0.0,0.0,,0.0,1,1.56,5.07,SPY220916C00429000,429.0,normalDay
2022-08-22,13692.0,-459.0,0.0,100,413.35,417.0,0,0.0,0.0,,0.0,1,1.56,2.5,SPY220916C00429000,429.0,normalDay
2022-08-23,13692.0,-514.0,0.0,100,412.35,417.0,0,0.0,0.0,,0.0,1,1.56,2.05,SPY220916C00429000,429.0,normalDay
2022-08-24,13692.0,-379.0,0.0,100,413.67,417.0,0,0.0,0.0,,0.0,1,1.56,2.02,SPY220916C00429000,429.0,normalDay
2022-08-25,13692.0,86.0,0.0,100,419.51,417.0,0,0.0,0.0,,0.0,1,1.56,3.21,SPY220916C00429000,429.0,normalDay
2022-08-26,13692.0,-1091.0,0.0,100,405.31,417.0,0,0.0,0.0,,0.0,1,1.56,0.78,SPY220916C00429000,429.0,normalDay
2022-08-29,13692.0,-1331.0,0.0,100,402.63,417.0,0,0.0,0.0,,0.0,1,1.56,0.5,SPY220916C00429000,429.0,normalDay
2022-08-30,13692.0,-1748.0,0.0,100,398.21,417.0,0,0.0,0.0,,0.0,1,1.56,0.25,SPY220916C00429000,429.0,normalDay
2022-08-31,13692.0,-2042.0,0.0,100,395.18,417.0,0,0.0,0.0,,0.0,1,1.56,0.16,SPY220916C00429000,429.0,normalDay
2022-09-01,13692.0,-1916.0,0.0,100,396.42,417.0,0,0.0,0.0,,0.0,1,1.56,0.14,SPY220916C00429000,429.0,normalDay
2022-09-02,13692.0,-2327.0,0.0,100,392.24,417.0,0,0.0,0.0,,0.0,1,1.56,0.07,SPY220916C00429000,429.0,normalDay
2022-09-06,13692.0,-2473.0,0.0,100,390.76,417.0,0,0.0,0.0,,0.0,1,1.56,0.05,SPY220916C00429000,429.0,normalDay
2022-09-07,13692.0,-1775.0,0.0,100,397.78,417.0,0,0.0,0.0,,0.0,1,1.56,0.09,SPY220916C00429000,429.0,normalDay
2022-09-08,13692.0,-1512.0,0.0,100,400.38,417.0,0,0.0,0.0,,0.0,1,1.56,0.06,SPY220916C00429000,429.0,normalDay
2022-09-09,13692.0,-892.0,0.0,100,406.6,417.0,0,0.0,0.0,,0.0,1,1.56,0.08,SPY220916C00429000,429.0,normalDay
2022-09-12,13692.0,-466.0,0.0,100,410.97,417.0,0,0.0,0.0,,0.0,1,1.56,0.19,SPY220916C00429000,429.0,normalDay
2022-09-13,13692.0,-2236.0,0.0,100,393.1,417.0,0,0.0,0.0,,0.0,1,1.56,0.02,SPY220916C00429000,429.0,normalDay
2022-09-14,13692.0,-2085.0,0.0,100,394.6,417.0,0,0.0,0.0,,0.0,1,1.56,0.01,SPY220916C00429000,429.0,normalDay
2022-09-15,13692.0,-2533.0,0.0,100,390.12,417.0,0,0.0,0.0,,0.0,1,1.56,0.01,SPY220916C00429000,429.0,normalDay
2022-09-16,13848.0,-3144.0,156.0,100,385.56,417.0,0,0.0,0.0,,0.0,1,1.56,0.0,SPY220916C00429000,429.0,expirationDay
2022-09-19,13848.0,-2849.0,0.0,100,388.55,417.0,0,0.0,0.0,,0.0,1,2.43,2.47,SPY221118C00426000,426.0,normalDay
2022-09-20,13848.0,-3245.0,0.0,100,384.09,417.0,0,0.0,0.0,,0.0,1,2.43,1.97,SPY221118C00426000,426.0,normalDay
2022-09-21,13848.0,-3845.0,0.0,100,377.39,417.0,0,0.0,0.0,,0.0,1,2.43,1.27,SPY221118C00426000,426.0,normalDay
2022-09-22,13848.0,-4134.0,0.0,100,374.22,417.0,0,0.0,0.0,,0.0,1,2.43,0.99,SPY221118C00426000,426.0,normalDay
2022-09-23,13848.0,-4731.0,0.0,100,367.95,417.0,0,0.0,0.0,,0.0,1,2.43,0.69,SPY221118C00426000,426.0,normalDay
2022-09-26,13848.0,-5082.0,0.0,100,364.31,417.0,0,0.0,0.0,,0.0,1,2.43,0.56,SPY221118C00426000,426.0,normalDay
2022-09-27,13848.0,-5167.0,0.0,100,363.38,417.0,0,0.0,0.0,,0.0,1,2.43,0.48,SPY221118C00426000,426.0,normalDay
2022-09-28,13848.0,-4475.0,0.0,100,370.53,417.0,0,0.0,0.0,,0.0,1,2.43,0.71,SPY221118C00426000,426.0,normalDay
2022-09-29,13848.0,-5216.0,0.0,100,362.79,417.0,0,0.0,0.0,,0.0,1,2.43,0.38,SPY221118C00426000,426.0,normalDay
2022-09-30,13848.0,-5765.0,0.0,100,357.18,417.0,0,0.0,0.0,,0.0,1,2.43,0.26,SPY221118C00426000,426.0,normalDay
2022-10-03,13848.0,-4838.0,0.0,100,366.61,417.0,0,0.0,0.0,,0.0,1,2.43,0.42,SPY221118C00426000,426.0,normalDay
2022-10-04,13848.0,-3750.0,0.0,100,377.97,417.0,0,0.0,0.0,,0.0,1,2.43,0.9,SPY221118C00426000,426.0,normalDay
2022-10-05,13848.0,-3822.0,0.0,100,377.09,417.0,0,0.0,0.0,,0.0,1,2.43,0.74,SPY221118C00426000,426.0,normalDay
2022-10-06,13848.0,-4195.0,0.0,100,373.2,417.0,0,0.0,0.0,,0.0,1,2.43,0.58,SPY221118C00426000,426.0,normalDay
2022-10-07,13848.0,-5205.0,0.0,100,362.79,417.0,0,0.0,0.0,,0.0,1,2.43,0.27,SPY221118C00426000,426.0,normalDay
2022-10-10,13848.0,-5481.0,0.0,100,360.02,417.0,0,0.0,0.0,,0.0,1,2.43,0.26,SPY221118C00426000,426.0,normalDay
2022-10-11,13848.0,-5707.0,0.0,100,357.74,417.0,0,0.0,0.0,,0.0,1,2.43,0.24,SPY221118C00426000,426.0,normalDay
2022-10-12,13848.0,-5823.0,0.0,100,356.56,417.0,0,0.0,0.0,,0.0,1,2.43,0.22,SPY221118C00426000,426.0,normalDay
2022-10-13,13848.0,-4902.0,0.0,100,365.97,417.0,0,0.0,0.0,,0.0,1,2.43,0.42,SPY221118C00426000,426.0,normalDay
2022-10-14,13848.0,-5715.0,0.0,100,357.63,417.0,0,0.0,0.0,,0.0,1,2.43,0.21,SPY221118C00426000,426.0,normalDay
2022-10-17,13848.0,-4807.0,0.0,100,366.82,417.0,0,0.0,0.0,,0.0,1,2.43,0.32,SPY221118C00426000,426.0,normalDay
2022-10-18,13848.0,-4387.0,0.0,100,371.13,417.0,0,0.0,0.0,,0.0,1,2.43,0.43,SPY221118C00426000,426.0,normalDay
2022-10-19,13848.0,-4639.0,0.0,100,368.5,417.0,0,0.0,0.0,,0.0,1,2.43,0.32,SPY221118C00426000,426.0,normalDay
2022-10-20,13848.0,-4936.0,0.0,100,365.41,417.0,0,0.0,0.0,,0.0,1,2.43,0.2,SPY221118C00426000,426.0,normalDay
2022-10-21,13848.0,-4072.0,0.0,100,374.29,417.0,0,0.0,0.0,,0.0,1,2.43,0.44,SPY221118C00426000,426.0,normalDay
2022-10-24,13848.0,-3627.0,0.0,100,378.87,417.0,0,0.0,0.0,,0.0,1,2.43,0.57,SPY221118C00426000,426.0,normalDay
2022-10-25,13848.0,-3026.0,0.0,100,384.92,417.0,0,0.0,0.0,,0.0,1,2.43,0.61,SPY221118C00426000,426.0,normalDay
2022-10-26,13848.0,-3298.0,0.0,100,382.02,417.0,0,0.0,0.0,,0.0,1,2.43,0.43,SPY221118C00426000,426.0,normalDay
2022-10-27,13848.0,-3480.0,0.0,100,379.98,417.0,0,0.0,0.0,,0.0,1,2.43,0.21,SPY221118C00426000,426.0,normalDay
2022-10-28,13848.0,-2611.0,0.0,100,389.02,417.0,0,0.0,0.0,,0.0,1,2.43,0.56,SPY221118C00426000,426.0,normalDay
2022-10-31,13848.0,-2868.0,0.0,100,386.21,417.0,0,0.0,0.0,,0.0,1,2.43,0.32,SPY221118C00426000,426.0,normalDay
2022-11-01,13848.0,-3029.0,0.0,100,384.52,417.0,0,0.0,0.0,,0.0,1,2.43,0.24,SPY221118C00426000,426.0,normalDay
2022-11-02,13848.0,-3977.0,0.0,100,374.87,417.0,0,0.0,0.0,,0.0,1,2.43,0.07,SPY221118C00426000,426.0,normalDay
2022-11-03,13848.0,-4362.0,0.0,100,371.01,417.0,0,0.0,0.0,,0.0,1,2.43,0.06,SPY221118C00426000,426.0,normalDay
2022-11-04,13848.0,-3826.0,0.0,100,376.35,417.0,0,0.0,0.0,,0.0,1,2.43,0.04,SPY221118C00426000,426.0,normalDay
2022-11-07,13848.0,-3466.0,0.0,100,379.95,417.0,0,0.0,0.0,,0.0,1,2.43,0.04,SPY221118C00426000,426.0,normalDay
2022-11-08,13848.0,-3261.0,0.0,100,382.0,417.0,0,0.0,0.0,,0.0,1,2.43,0.04,SPY221118C00426000,426.0,normalDay
2022-11-09,13848.0,-4046.0,0.0,100,374.13,417.0,0,0.0,0.0,,0.0,1,2.43,0.02,SPY221118C00426000,426.0,normalDay
2022-11-10,13848.0,-1998.0,0.0,100,394.69,417.0,0,0.0,0.0,,0.0,1,2.43,0.1,SPY221118C00426000,426.0,normalDay
2022-11-11,13848.0,-1613.0,0.0,100,398.51,417.0,0,0.0,0.0,,0.0,1,2.43,0.07,SPY221118C00426000,426.0,normalDay
2022-11-14,13848.0,-1947.0,0.0,100,395.12,417.0,0,0.0,0.0,,0.0,1,2.43,0.02,SPY221118C00426000,426.0,normalDay
2022-11-15,13848.0,-1611.0,0.0,100,398.49,417.0,0,0.0,0.0,,0.0,1,2.43,0.03,SPY221118C00426000,426.0,normalDay
2022-11-16,13848.0,-1913.0,0.0,100,395.45,417.0,0,0.0,0.0,,0.0,1,2.43,0.01,SPY221118C00426000,426.0,normalDay
2022-11-17,13848.0,-2034.0,0.0,100,394.24,417.0,0,0.0,0.0,,0.0,1,2.43,0.01,SPY221118C00426000,426.0,normalDay
2022-11-18,14091.0,-2097.0,243.0,100,396.03,417.0,0,0.0,0.0,,0.0,1,2.43,0.0,SPY221118C00426000,426.0,expirationDay
2022-11-21,14091.0,-2253.0,0.0,100,394.59,417.0,0,0.0,0.0,,0.0,1,6.38,6.5,SPY230120C00411000,411.0,normalDay
2022-11-22,14091.0,-1867.0,0.0,100,399.9,417.0,0,0.0,0.0,,0.0,1,6.38,7.95,SPY230120C00411000,411.0,normalDay
2022-11-23,14091.0,-1678.0,0.0,100,402.42,417.0,0,0.0,0.0,,0.0,1,6.38,8.58,SPY230120C00411000,411.0,normalDay
2022-11-25,14091.0,-1660.0,0.0,100,402.33,417.0,0,0.0,0.0,,0.0,1,6.38,8.31,SPY230120C00411000,411.0,normalDay
2022-11-28,14091.0,-2072.0,0.0,100,395.91,417.0,0,0.0,0.0,,0.0,1,6.38,6.01,SPY230120C00411000,411.0,normalDay
2022-11-29,14091.0,-2085.0,0.0,100,395.23,417.0,0,0.0,0.0,,0.0,1,6.38,5.46,SPY230120C00411000,411.0,normalDay
2022-11-30,14091.0,-1348.0,0.0,100,407.68,417.0,0,0.0,0.0,,0.0,1,6.38,10.54,SPY230120C00411000,411.0,normalDay
2022-12-01,14091.0,-1302.0,0.0,100,407.38,417.0,0,0.0,0.0,,0.0,1,6.38,9.78,SPY230120C00411000,411.0,normalDay
2022-12-02,14091.0,-1271.0,0.0,100,406.91,417.0,0,0.0,0.0,,0.0,1,6.38,9.0,SPY230120C00411000,411.0,normalDay
2022-12-05,14091.0,-1705.0,0.0,100,399.59,417.0,0,0.0,0.0,,0.0,1,6.38,6.02,SPY230120C00411000,411.0,normalDay
2022-12-06,14091.0,-2118.0,0.0,100,393.83,417.0,0,0.0,0.0,,0.0,1,6.38,4.39,SPY230120C00411000,411.0,normalDay
2022-12-07,14091.0,-2167.0,0.0,100,393.16,417.0,0,0.0,0.0,,0.0,1,6.38,4.21,SPY230120C00411000,411.0,normalDay
2022-12-08,14091.0,-1923.0,0.0,100,396.24,417.0,0,0.0,0.0,,0.0,1,6.38,4.85,SPY230120C00411000,411.0,normalDay
2022-12-09,14091.0,-2133.0,0.0,100,393.28,417.0,0,0.0,0.0,,0.0,1,6.38,3.99,SPY230120C00411000,411.0,normalDay
2022-12-12,14091.0,-1768.0,0.0,100,398.95,417.0,0,0.0,0.0,,0.0,1,6.38,6.01,SPY230120C00411000,411.0,normalDay
2022-12-13,14091.0,-1501.0,0.0,100,401.97,417.0,0,0.0,0.0,,0.0,1,6.38,6.36,SPY230120C00411000,411.0,normalDay
2022-12-14,14091.0,-1602.0,0.0,100,399.4,417.0,0,0.0,0.0,,0.0,1,6.38,4.8,SPY230120C00411000,411.0,normalDay
2022-12-15,14091.0,-2302.0,0.0,100,389.63,417.0,0,0.0,0.0,,0.0,1,6.38,2.03,SPY230120C00411000,411.0,normalDay
2022-12-16,14091.0,-2853.0,0.0,100,383.27,417.0,0,0.0,0.0,,0.0,1,6.38,1.18,SPY230120C00411000,411.0,normalDay
2022-12-19,14091.0,-3137.0,0.0,100,380.02,417.0,0,0.0,0.0,,0.0,1,6.38,0.77,SPY230120C00411000,411.0,normalDay
2022-12-20,14091.0,-3079.0,0.0,100,380.54,417.0,0,0.0,0.0,,0.0,1,6.38,0.71,SPY230120C00411000,411.0,normalDay
2022-12-21,14091.0,-2546.0,0.0,100,386.23,417.0,0,0.0,0.0,,0.0,1,6.38,1.07,SPY230120C00411000,411.0,normalDay
2022-12-22,14091.0,-3058.0,0.0,100,380.72,417.0,0,0.0,0.0,,0.0,1,6.38,0.68,SPY230120C00411000,411.0,normalDay
2022-12-23,14091.0,-2835.0,0.0,100,382.91,417.0,0,0.0,0.0,,0.0,1,6.38,0.64,SPY230120C00411000,411.0,normalDay
2022-12-27,14091.0,-2974.0,0.0,100,381.4,417.0,0,0.0,0.0,,0.0,1,6.38,0.52,SPY230120C00411000,411.0,normalDay
2022-12-28,14091.0,-3426.0,0.0,100,376.66,417.0,0,0.0,0.0,,0.0,1,6.38,0.3,SPY230120C00411000,411.0,normalDay
2022-12-29,14091.0,-2766.0,0.0,100,383.44,417.0,0,0.0,0.0,,0.0,1,6.38,0.48,SPY230120C00411000,411.0,normalDay
2022-12-30,14091.0,-2856.0,0.0,100,382.43,417.0,0,0.0,0.0,,0.0,1,6.38,0.37,SPY230120C00411000,411.0,normalDay
2023-01-03,14091.0,-3001.0,0.0,100,380.82,417.0,0,0.0,0.0,,0.0,1,6.38,0.21,SPY230120C00411000,411.0,normalDay
2023-01-04,14091.0,-2713.0,0.0,100,383.76,417.0,0,0.0,0.0,,0.0,1,6.38,0.27,SPY230120C00411000,411.0,normalDay
2023-01-05,14091.0,-3138.0,0.0,100,379.38,417.0,0,0.0,0.0,,0.0,1,6.38,0.14,SPY230120C00411000,411.0,normalDay
2023-01-06,14091.0,-2283.0,0.0,100,388.08,417.0,0,0.0,0.0,,0.0,1,6.38,0.29,SPY230120C00411000,411.0,normalDay
2023-01-09,14091.0,-2304.0,0.0,100,387.86,417.0,0,0.0,0.0,,0.0,1,6.38,0.28,SPY230120C00411000,411.0,normalDay
2023-01-10,14091.0,-2033.0,0.0,100,390.58,417.0,0,0.0,0.0,,0.0,1,6.38,0.29,SPY230120C00411000,411.0,normalDay
2023-01-11,14091.0,-1585.0,0.0,100,395.52,417.0,0,0.0,0.0,,0.0,1,6.38,0.75,SPY230120C00411000,411.0,normalDay
2023-01-12,14091.0,-1389.0,0.0,100,396.96,417.0,0,0.0,0.0,,0.0,1,6.38,0.23,SPY230120C00411000,411.0,normalDay
2023-01-13,14091.0,-1223.0,0.0,100,398.5,417.0,0,0.0,0.0,,0.0,1,6.38,0.11,SPY230120C00411000,411.0,normalDay
2023-01-17,14091.0,-1290.0,0.0,100,397.77,417.0,0,0.0,0.0,,0.0,1,6.38,0.05,SPY230120C00411000,411.0,normalDay
2023-01-18,14091.0,-1915.0,0.0,100,391.49,417.0,0,0.0,0.0,,0.0,1,6.38,0.02,SPY230120C00411000,411.0,normalDay
2023-01-19,14091.0,-2199.0,0.0,100,388.64,417.0,0,0.0,0.0,,0.0,1,6.38,0.01,SPY230120C00411000,411.0,normalDay
2023-01-20,14729.0,-2112.0,638.0,100,395.88,417.0,0,0.0,0.0,,0.0,1,6.38,0.0,SPY230120C00411000,411.0,expirationDay
2023-01-23,14729.0,-1644.0,0.0,100,400.63,417.0,0,0.0,0.0,,0.0,1,9.37,9.44,SPY230331C00408000,408.0,normalDay
2023-01-24,14729.0,-1690.0,0.0,100,400.2,417.0,0,0.0,0.0,,0.0,1,9.37,9.47,SPY230331C00408000,408.0,normalDay
2023-01-25,14729.0,-1611.0,0.0,100,400.35,417.0,0,0.0,0.0,,0.0,1,9.37,8.83,SPY230331C00408000,408.0,normalDay
2023-01-26,14729.0,-1365.0,0.0,100,404.75,417.0,0,0.0,0.0,,0.0,1,9.37,10.77,SPY230331C00408000,408.0,normalDay
2023-01-27,14729.0,-1311.0,0.0,100,405.68,417.0,0,0.0,0.0,,0.0,1,9.37,11.16,SPY230331C00408000,408.0,normalDay
2023-01-30,14729.0,-1611.0,0.0,100,400.59,417.0,0,0.0,0.0,,0.0,1,9.37,9.07,SPY230331C00408000,408.0,normalDay
2023-01-31,14729.0,-1253.0,0.0,100,406.48,417.0,0,0.0,0.0,,0.0,1,9.37,11.38,SPY230331C00408000,408.0,normalDay
2023-02-01,14729.0,-1119.0,0.0,100,410.8,417.0,0,0.0,0.0,,0.0,1,9.37,14.36,SPY230331C00408000,408.0,normalDay
2023-02-02,14729.0,-794.0,0.0,100,416.78,417.0,0,0.0,0.0,,0.0,1,9.37,17.09,SPY230331C00408000,408.0,normalDay
2023-02-03,14729.0,-1000.0,0.0,100,412.35,417.0,0,0.0,0.0,,0.0,1,9.37,14.72,SPY230331C00408000,408.0,normalDay
2023-02-06,14729.0,-1092.0,0.0,100,409.83,417.0,0,0.0,0.0,,0.0,1,9.37,13.12,SPY230331C00408000,408.0,normalDay
2023-02-07,14729.0,-836.0,0.0,100,415.19,417.0,0,0.0,0.0,,0.0,1,9.37,15.92,SPY230331C00408000,408.0,normalDay
2023-02-08,14729.0,-1079.0,0.0,100,410.65,417.0,0,0.0,0.0,,0.0,1,9.37,13.81,SPY230331C00408000,408.0,normalDay
2023-02-09,14729.0,-1235.0,0.0,100,407.09,417.0,0,0.0,0.0,,0.0,1,9.37,11.81,SPY230331C00408000,408.0,normalDay
2023-02-10,14729.0,-1158.0,0.0,100,408.04,417.0,0,0.0,0.0,,0.0,1,9.37,11.99,SPY230331C00408000,408.0,normalDay
2023-02-13,14729.0,-939.0,0.0,100,412.83,417.0,0,0.0,0.0,,0.0,1,9.37,14.59,SPY230331C00408000,408.0,normalDay
2023-02-14,14729.0,-836.0,0.0,100,412.64,417.0,0,0.0,0.0,,0.0,1,9.37,13.37,SPY230331C00408000,408.0,normalDay
2023-02-15,14729.0,-796.0,0.0,100,413.98,417.0,0,0.0,0.0,,0.0,1,9.37,14.31,SPY230331C00408000,408.0,normalDay
2023-02-16,14729.0,-1002.0,0.0,100,408.28,417.0,0,0.0,0.0,,0.0,1,9.37,10.67,SPY230331C00408000,408.0,normalDay
2023-02-17,14729.0,-1025.0,0.0,100,407.26,417.0,0,0.0,0.0,,0.0,1,9.37,9.88,SPY230331C00408000,408.0,normalDay
2023-02-21,14729.0,-1480.0,0.0,100,399.09,417.0,0,0.0,0.0,,0.0,1,9.37,6.26,SPY230331C00408000,408.0,normalDay
2023-02-22,14729.0,-1465.0,0.0,100,398.54,417.0,0,0.0,0.0,,0.0,1,9.37,5.56,SPY230331C00408000,408.0,normalDay
2023-02-23,14729.0,-1274.0,0.0,100,400.66,417.0,0,0.0,0.0,,0.0,1,9.37,5.77,SPY230331C00408000,408.0,normalDay
2023-02-24,14729.0,-1542.0,0.0,100,396.38,417.0,0,0.0,0.0,,0.0,1,9.37,4.17,SPY230331C00408000,408.0,normalDay
2023-02-27,14729.0,-1416.0,0.0,100,397.73,417.0,0,0.0,0.0,,0.0,1,9.37,4.26,SPY230331C00408000,408.0,normalDay
2023-02-28,14729.0,-1475.0,0.0,100,396.26,417.0,0,0.0,0.0,,0.0,1,9.37,3.38,SPY230331C00408000,408.0,normalDay
2023-03-01,14729.0,-1589.0,0.0,100,394.74,417.0,0,0.0,0.0,,0.0,1,9.37,3.0,SPY230331C00408000,408.0,normalDay
2023-03-02,14729.0,-1342.0,0.0,100,397.81,417.0,0,0.0,0.0,,0.0,1,9.37,3.6,SPY230331C00408000,408.0,normalDay
2023-03-03,14729.0,-921.0,0.0,100,404.19,417.0,0,0.0,0.0,,0.0,1,9.37,5.77,SPY230331C00408000,408.0,normalDay
2023-03-06,14729.0,-877.0,0.0,100,404.47,417.0,0,0.0,0.0,,0.0,1,9.37,5.61,SPY230331C00408000,408.0,normalDay
2023-03-07,14729.0,-1266.0,0.0,100,398.27,417.0,0,0.0,0.0,,0.0,1,9.37,3.3,SPY230331C00408000,408.0,normalDay
2023-03-08,14729.0,-1187.0,0.0,100,398.92,417.0,0,0.0,0.0,,0.0,1,9.37,3.16,SPY230331C00408000,408.0,normalDay
2023-03-09,14729.0,-1778.0,0.0,100,391.56,417.0,0,0.0,0.0,,0.0,1,9.37,1.71,SPY230331C00408000,408.0,normalDay
2023-03-10,14729.0,-2251.0,0.0,100,385.91,417.0,0,0.0,0.0,,0.0,1,9.37,0.79,SPY230331C00408000,408.0,normalDay
2023-03-13,14729.0,-2316.0,0.0,100,385.36,417.0,0,0.0,0.0,,0.0,1,9.37,0.89,SPY230331C00408000,408.0,normalDay
2023-03-14,14729.0,-1692.0,0.0,100,391.73,417.0,0,0.0,0.0,,0.0,1,9.37,1.02,SPY230331C00408000,408.0,normalDay
2023-03-15,14729.0,-1911.0,0.0,100,389.28,417.0,0,0.0,0.0,,0.0,1,9.37,0.76,SPY230331C00408000,408.0,normalDay
2023-03-16,14729.0,-1297.0,0.0,100,396.11,417.0,0,0.0,0.0,,0.0,1,9.37,1.45,SPY230331C00408000,408.0,normalDay
2023-03-17,14729.0,-1854.0,0.0,100,389.99,417.0,0,0.0,0.0,,0.0,1,9.37,0.9,SPY230331C00408000,408.0,normalDay
2023-03-20,14729.0,-1486.0,0.0,100,393.74,417.0,0,0.0,0.0,,0.0,1,9.37,0.97,SPY230331C00408000,408.0,normalDay
2023-03-21,14729.0,-1052.0,0.0,100,398.91,417.0,0,0.0,0.0,,0.0,1,9.37,1.8,SPY230331C00408000,408.0,normalDay
2023-03-22,14729.0,-1594.0,0.0,100,392.11,417.0,0,0.0,0.0,,0.0,1,9.37,0.42,SPY230331C00408000,408.0,normalDay
2023-03-23,14729.0,-1476.0,0.0,100,393.17,417.0,0,0.0,0.0,,0.0,1,9.37,0.3,SPY230331C00408000,408.0,normalDay
2023-03-24,14729.0,-1216.0,0.0,100,395.75,417.0,0,0.0,0.0,,0.0,1,9.37,0.28,SPY230331C00408000,408.0,normalDay
2023-03-27,14729.0,-1131.0,0.0,100,396.49,417.0,0,0.0,0.0,,0.0,1,9.37,0.17,SPY230331C00408000,408.0,normalDay
2023-03-28,14729.0,-1211.0,0.0,100,395.6,417.0,0,0.0,0.0,,0.0,1,9.37,0.08,SPY230331C00408000,408.0,normalDay
2023-03-29,14729.0,-645.0,0.0,100,401.35,417.0,0,0.0,0.0,,0.0,1,9.37,0.17,SPY230331C00408000,408.0,normalDay
2023-03-30,14729.0,-407.0,0.0,100,403.7,417.0,0,0.0,0.0,,0.0,1,9.37,0.14,SPY230331C00408000,408.0,normalDay
2023-03-31,14766.0,-407.0,37.0,0,409.39,0.0,0,0.0,0.0,,0.0,1,9.37,0.0,SPY230331C00408000,408.0,expirationDay
2023-04-03,14766.0,-6.0,0.0,0,410.95,0.0,1,7.08,7.14,SPY230818P00375000,375.0,0,0.0,0.0,,0.0,normalDay
2023-04-04,14766.0,-65.0,0.0,0,408.67,0.0,1,7.08,7.73,SPY230818P00375000,375.0,0,0.0,0.0,,0.0,normalDay
2023-04-05,14766.0,-93.0,0.0,0,407.6,0.0,1,7.08,8.01,SPY230818P00375000,375.0,0,0.0,0.0,,0.0,normalDay
2023-04-06,14766.0,-42.0,0.0,0,409.19,0.0,1,7.08,7.5,SPY230818P00375000,375.0,0,0.0,0.0,,0.0,normalDay
2023-04-10,14766.0,-5.0,0.0,0,409.61,0.0,1,7.08,7.13,SPY230818P00375000,375.0,0,0.0,0.0,,0.0,normalDay
2023-04-11,14766.0,9.0,0.0,0,409.72,0.0,1,7.08,6.99,SPY230818P00375000,375.0,0,0.0,0.0,,0.0,normalDay
2023-04-12,14766.0,-19.0,0.0,0,408.05,0.0,1,7.08,7.27,SPY230818P00375000,375.0,0,0.0,0.0,,0.0,normalDay
2023-04-13,14766.0,100.0,0.0,0,413.47,0.0,1,7.08,6.08,SPY230818P00375000,375.0,0,0.0,0.0,,0.0,normalDay
2023-04-14,14766.0,107.0,0.0,0,412.46,0.0,1,7.08,6.01,SPY230818P00375000,375.0,0,0.0,0.0,,0.0,normalDay
2023-04-17,14766.0,167.0,0.0,0,413.94,0.0,1,7.08,5.41,SPY230818P00375000,375.0,0,0.0,0.0,,0.0,normalDay
2023-04-18,14766.0,164.0,0.0,0,414.21,0.0,1,7.08,5.44,SPY230818P00375000,375.0,0,0.0,0.0,,0.0,normalDay
2023-04-19,14766.0,156.0,0.0,0,414.14,0.0,1,7.08,5.52,SPY230818P00375000,375.0,0,0.0,0.0,,0.0,normalDay
2023-04-20,14766.0,111.0,0.0,0,411.88,0.0,1,7.08,5.97,SPY230818P00375000,375.0,0,0.0,0.0,,0.0,normalDay
2023-04-21,14766.0,118.0,0.0,0,412.2,0.0,1,7.08,5.9,SPY230818P00375000,375.0,0,0.0,0.0,,0.0,normalDay
2023-04-24,14766.0,136.0,0.0,0,412.63,0.0,1,7.08,5.72,SPY230818P00375000,375.0,0,0.0,0.0,,0.0,normalDay
2023-04-25,14766.0,2.0,0.0,0,406.08,0.0,1,7.08,7.06,SPY230818P00375000,375.0,0,0.0,0.0,,0.0,normalDay
2023-04-26,14766.0,-28.0,0.0,0,404.36,0.0,1,7.08,7.36,SPY230818P00375000,375.0,0,0.0,0.0,,0.0,normalDay
2023-04-27,14766.0,160.0,0.0,0,412.41,0.0,1,7.08,5.48,SPY230818P00375000,375.0,0,0.0,0.0,,0.0,normalDay
2023-04-28,14766.0,225.0,0.0,0,415.93,0.0,1,7.08,4.83,SPY230818P00375000,375.0,0,0.0,0.0,,0.0,normalDay
2023-05-01,14766.0,234.0,0.0,0,415.51,0.0,1,7.08,4.74,SPY230818P00375000,375.0,0,0.0,0.0,,0.0,normalDay
2023-05-02,14766.0,137.0,0.0,0,410.84,0.0,1,7.08,5.71,SPY230818P00375000,375.0,0,0.0,0.0,,0.0,normalDay
2023-05-03,14766.0,87.0,0.0,0,408.02,0.0,1,7.08,6.21,SPY230818P00375000,375.0,0,0.0,0.0,,0.0,normalDay
2023-05-04,14766.0,-27.0,0.0,0,405.13,0.0,1,7.08,7.35,SPY230818P00375000,375.0,0,0.0,0.0,,0.0,normalDay
2023-05-05,14766.0,166.0,0.0,0,412.63,0.0,1,7.08,5.42,SPY230818P00375000,375.0,0,0.0,0.0,,0.0,normalDay
2023-05-08,14766.0,196.0,0.0,0,412.74,0.0,1,7.08,5.12,SPY230818P00375000,375.0,0,0.0,0.0,,0.0,normalDay
2023-05-09,14766.0,166.0,0.0,0,410.93,0.0,1,7.08,5.42,SPY230818P00375000,375.0,0,0.0,0.0,,0.0,normalDay
2023-05-10,14766.0,218.0,0.0,0,412.85,0.0,1,7.08,4.9,SPY230818P00375000,375.0,0,0.0,0.0,,0.0,normalDay
2023-05-11,14766.0,219.0,0.0,0,412.13,0.0,1,7.08,4.89,SPY230818P00375000,375.0,0,0.0,0.0,,0.0,normalDay
2023-05-12,14766.0,214.0,0.0,0,411.59,0.0,1,7.08,4.94,SPY230818P00375000,375.0,0,0.0,0.0,,0.0,normalDay
2023-05-15,14766.0,267.0,0.0,0,413.01,0.0,1,7.08,4.41,SPY230818P00375000,375.0,0,0.0,0.0,,0.0,normalDay
2023-05-16,14766.0,221.0,0.0,0,410.25,0.0,1,7.08,4.87,SPY230818P00375000,375.0,0,0.0,0.0,,0.0,normalDay
2023-05-17,14766.0,310.0,0.0,0,415.23,0.0,1,7.08,3.98,SPY230818P00375000,375.0,0,0.0,0.0,,0.0,normalDay
2023-05-18,14766.0,381.0,0.0,0,419.23,0.0,1,7.08,3.27,SPY230818P00375000,375.0,0,0.0,0.0,,0.0,normalDay
2023-05-19,14766.0,356.0,0.0,0,418.62,0.0,1,7.08,3.52,SPY230818P00375000,375.0,0,0.0,0.0,,0.0,normalDay
2023-05-22,14766.0,360.0,0.0,0,418.79,0.0,1,7.08,3.48,SPY230818P00375000,375.0,0,0.0,0.0,,0.0,normalDay
2023-05-23,14766.0,295.0,0.0,0,414.09,0.0,1,7.08,4.13,SPY230818P00375000,375.0,0,0.0,0.0,,0.0,normalDay
2023-05-24,14766.0,237.0,0.0,0,411.09,0.0,1,7.08,4.71,SPY230818P00375000,375.0,0,0.0,0.0,,0.0,normalDay
2023-05-25,14766.0,302.0,0.0,0,414.65,0.0,1,7.08,4.06,SPY230818P00375000,375.0,0,0.0,0.0,,0.0,normalDay
2023-05-26,14766.0,384.0,0.0,0,420.02,0.0,1,7.08,3.24,SPY230818P00375000,375.0,0,0.0,0.0,,0.0,normalDay
2023-05-30,14766.0,415.0,0.0,0,420.18,0.0,1,7.08,2.93,SPY230818P00375000,375.0,0,0.0,0.0,,0.0,normalDay
2023-05-31,14766.0,405.0,0.0,0,417.85,0.0,1,7.08,3.03,SPY230818P00375000,375.0,0,0.0,0.0,,0.0,normalDay
2023-06-01,14766.0,479.0,0.0,0,421.82,0.0,1,7.08,2.29,SPY230818P00375000,375.0,0,0.0,0.0,,0.0,normalDay
2023-06-02,14766.0,532.0,0.0,0,427.92,0.0,1,7.08,1.76,SPY230818P00375000,375.0,0,0.0,0.0,,0.0,normalDay
2023-06-05,14766.0,539.0,0.0,0,427.1,0.0,1,7.08,1.69,SPY230818P00375000,375.0,0,0.0,0.0,,0.0,normalDay
2023-06-06,14766.0,565.0,0.0,0,428.03,0.0,1,7.08,1.43,SPY230818P00375000,375.0,0,0.0,0.0,,0.0,normalDay
2023-06-07,14766.0,560.0,0.0,0,426.55,0.0,1,7.08,1.48,SPY230818P00375000,375.0,0,0.0,0.0,,0.0,normalDay
2023-06-08,14766.0,578.0,0.0,0,429.13,0.0,1,7.08,1.3,SPY230818P00375000,375.0,0,0.0,0.0,,0.0,normalDay
2023-06-09,14766.0,578.0,0.0,0,429.9,0.0,1,7.08,1.3,SPY230818P00375000,375.0,0,0.0,0.0,,0.0,normalDay
2023-06-12,14766.0,588.0,0.0,0,433.8,0.0,1,7.08,1.2,SPY230818P00375000,375.0,0,0.0,0.0,,0.0,normalDay
2023-06-13,14766.0,600.0,0.0,0,436.66,0.0,1,7.08,1.08,SPY230818P00375000,375.0,0,0.0,0.0,,0.0,normalDay
2023-06-14,14766.0,615.0,0.0,0,437.18,0.0,1,7.08,0.93,SPY230818P00375000,375.0,0,0.0,0.0,,0.0,normalDay
2023-06-15,14766.0,618.0,0.0,0,442.6,0.0,1,7.08,0.9,SPY230818P00375000,375.0,0,0.0,0.0,,0.0,normalDay
2023-06-16,14766.0,630.0,0.0,0,439.46,0.0,1,7.08,0.78,SPY230818P00375000,375.0,0,0.0,0.0,,0.0,normalDay
2023-06-20,14766.0,626.0,0.0,0,437.18,0.0,1,7.08,0.82,SPY230818P00375000,375.0,0,0.0,0.0,,0.0,normalDay
2023-06-21,14766.0,632.0,0.0,0,434.94,0.0,1,7.08,0.76,SPY230818P00375000,375.0,0,0.0,0.0,,0.0,normalDay
2023-06-22,14766.0,643.0,0.0,0,436.51,0.0,1,7.08,0.65,SPY230818P00375000,375.0,0,0.0,0.0,,0.0,normalDay
2023-06-23,14766.0,632.0,0.0,0,433.21,0.0,1,7.08,0.76,SPY230818P00375000,375.0,0,0.0,0.0,,0.0,normalDay
2023-06-26,14766.0,630.0,0.0,0,431.44,0.0,1,7.08,0.78,SPY230818P00375000,375.0,0,0.0,0.0,,0.0,normalDay
2023-06-27,14766.0,647.0,0.0,0,436.17,0.0,1,7.08,0.61,SPY230818P00375000,375.0,0,0.0,0.0,,0.0,normalDay
2023-06-28,14766.0,657.0,0.0,0,436.39,0.0,1,7.08,0.51,SPY230818P00375000,375.0,0,0.0,0.0,,0.0,normalDay
2023-06-29,14766.0,658.0,0.0,0,438.11,0.0,1,7.08,0.5,SPY230818P00375000,375.0,0,0.0,0.0,,0.0,normalDay
2023-06-30,14766.0,666.0,0.0,0,443.28,0.0,1,7.08,0.42,SPY230818P00375000,375.0,0,0.0,0.0,,0.0,normalDay
2023-07-03,14766.0,669.0,0.0,0,443.79,0.0,1,7.08,0.39,SPY230818P00375000,375.0,0,0.0,0.0,,0.0,normalDay
2023-07-05,14766.0,668.0,0.0,0,443.13,0.0,1,7.08,0.4,SPY230818P00375000,375.0,0,0.0,0.0,,0.0,normalDay
2023-07-06,14766.0,657.0,0.0,0,439.66,0.0,1,7.08,0.51,SPY230818P00375000,375.0,0,0.0,0.0,,0.0,normalDay
2023-07-07,14766.0,661.0,0.0,0,438.55,0.0,1,7.08,0.47,SPY230818P00375000,375.0,0,0.0,0.0,,0.0,normalDay
2023-07-10,14766.0,666.0,0.0,0,439.66,0.0,1,7.08,0.42,SPY230818P00375000,375.0,0,0.0,0.0,,0.0,normalDay
2023-07-11,14766.0,671.0,0.0,0,442.46,0.0,1,7.08,0.37,SPY230818P00375000,375.0,0,0.0,0.0,,0.0,normalDay
2023-07-12,14766.0,681.0,0.0,0,446.02,0.0,1,7.08,0.27,SPY230818P00375000,375.0,0,0.0,0.0,,0.0,normalDay
2023-07-13,14766.0,683.0,0.0,0,449.56,0.0,1,7.08,0.25,SPY230818P00375000,375.0,0,0.0,0.0,,0.0,normalDay
2023-07-14,14766.0,685.0,0.0,0,449.28,0.0,1,7.08,0.23,SPY230818P00375000,375.0,0,0.0,0.0,,0.0,normalDay
2023-07-17,14766.0,689.0,0.0,0,450.84,0.0,1,7.08,0.19,SPY230818P00375000,375.0,0,0.0,0.0,,0.0,normalDay
2023-07-18,14766.0,690.0,0.0,0,454.19,0.0,1,7.08,0.18,SPY230818P00375000,375.0,0,0.0,0.0,,0.0,normalDay
2023-07-19,14766.0,690.0,0.0,0,455.2,0.0,1,7.08,0.18,SPY230818P00375000,375.0,0,0.0,0.0,,0.0,normalDay
2023-07-20,14766.0,688.0,0.0,0,452.18,0.0,1,7.08,0.2,SPY230818P00375000,375.0,0,0.0,0.0,,0.0,normalDay
2023-07-21,14766.0,691.0,0.0,0,452.18,0.0,1,7.08,0.17,SPY230818P00375000,375.0,0,0.0,0.0,,0.0,normalDay
2023-07-24,14766.0,694.0,0.0,0,454.2,0.0,1,7.08,0.14,SPY230818P00375000,375.0,0,0.0,0.0,,0.0,normalDay
2023-07-25,14766.0,695.0,0.0,0,455.44,0.0,1,7.08,0.13,SPY230818P00375000,375.0,0,0.0,0.0,,0.0,normalDay
2023-07-26,14766.0,697.0,0.0,0,455.51,0.0,1,7.08,0.11,SPY230818P00375000,375.0,0,0.0,0.0,,0.0,normalDay
2023-07-27,14766.0,692.0,0.0,0,452.49,0.0,1,7.08,0.16,SPY230818P00375000,375.0,0,0.0,0.0,,0.0,normalDay
2023-07-28,14766.0,699.0,0.0,0,456.92,0.0,1,7.08,0.09,SPY230818P00375000,375.0,0,0.0,0.0,,0.0,normalDay
2023-07-31,14766.0,700.0,0.0,0,457.79,0.0,1,7.08,0.08,SPY230818P00375000,375.0,0,0.0,0.0,,0.0,normalDay
2023-08-01,14766.0,700.0,0.0,0,456.48,0.0,1,7.08,0.08,SPY230818P00375000,375.0,0,0.0,0.0,,0.0,normalDay
2023-08-02,14766.0,695.0,0.0,0,450.13,0.0,1,7.08,0.13,SPY230818P00375000,375.0,0,0.0,0.0,,0.0,normalDay
2023-08-03,14766.0,696.0,0.0,0,448.84,0.0,1,7.08,0.12,SPY230818P00375000,375.0,0,0.0,0.0,,0.0,normalDay
2023-08-04,14766.0,691.0,0.0,0,446.81,0.0,1,7.08,0.17,SPY230818P00375000,375.0,0,0.0,0.0,,0.0,normalDay
2023-08-07,14766.0,699.0,0.0,0,450.71,0.0,1,7.08,0.09,SPY230818P00375000,375.0,0,0.0,0.0,,0.0,normalDay
2023-08-08,14766.0,701.0,0.0,0,448.75,0.0,1,7.08,0.07,SPY230818P00375000,375.0,0,0.0,0.0,,0.0,normalDay
2023-08-09,14766.0,702.0,0.0,0,445.75,0.0,1,7.08,0.06,SPY230818P00375000,375.0,0,0.0,0.0,,0.0,normalDay
2023-08-10,14766.0,703.0,0.0,0,445.91,0.0,1,7.08,0.05,SPY230818P00375000,375.0,0,0.0,0.0,,0.0,normalDay
2023-08-11,14766.0,705.0,0.0,0,445.65,0.0,1,7.08,0.03,SPY230818P00375000,375.0,0,0.0,0.0,,0.0,normalDay
2023-08-14,14766.0,706.0,0.0,0,448.11,0.0,1,7.08,0.02,SPY230818P00375000,375.0,0,0.0,0.0,,0.0,normalDay
2023-08-15,14766.0,706.0,0.0,0,442.89,0.0,1,7.08,0.02,SPY230818P00375000,375.0,0,0.0,0.0,,0.0,normalDay
2023-08-16,14766.0,707.0,0.0,0,439.64,0.0,1,7.08,0.01,SPY230818P00375000,375.0,0,0.0,0.0,,0.0,normalDay
2023-08-17,14766.0,707.0,0.0,0,436.29,0.0,1,7.08,0.01,SPY230818P00375000,375.0,0,0.0,0.0,,0.0,normalDay
2023-08-18,15474.0,0.0,708.0,0,436.5,0.0,1,7.08,0.0,SPY230818P00375000,375.0,0,0.0,0.0,,0.0,expirationDay
2023-08-21,15474.0,-6.0,0.0,0,439.34,0.0,1,10.05,10.11,SPY231229P00425000,425.0,0,0.0,0.0,,0.0,normalDay
2023-08-22,15474.0,-15.0,0.0,0,438.15,0.0,1,10.05,10.2,SPY231229P00425000,425.0,0,0.0,0.0,,0.0,normalDay
2023-08-23,15474.0,136.0,0.0,0,443.03,0.0,1,10.05,8.69,SPY231229P00425000,425.0,0,0.0,0.0,,0.0,normalDay
2023-08-24,15474.0,-49.0,0.0,0,436.89,0.0,1,10.05,10.54,SPY231229P00425000,425.0,0,0.0,0.0,,0.0,normalDay
2023-08-25,15474.0,91.0,0.0,0,439.97,0.0,1,10.05,9.14,SPY231229P00425000,425.0,0,0.0,0.0,,0.0,normalDay
2023-08-28,15474.0,199.0,0.0,0,442.76,0.0,1,10.05,8.06,SPY231229P00425000,425.0,0,0.0,0.0,,0.0,normalDay
2023-08-29,15474.0,355.0,0.0,0,449.16,0.0,1,10.05,6.5,SPY231229P00425000,425.0,0,0.0,0.0,,0.0,normalDay
2023-08-30,15474.0,414.0,0.0,0,451.01,0.0,1,10.05,5.91,SPY231229P00425000,425.0,0,0.0,0.0,,0.0,normalDay
2023-08-31,15474.0,430.0,0.0,0,450.35,0.0,1,10.05,5.75,SPY231229P00425000,425.0,0,0.0,0.0,,0.0,normalDay
2023-09-01,15474.0,446.0,0.0,0,451.19,0.0,1,10.05,5.59,SPY231229P00425000,425.0,0,0.0,0.0,,0.0,normalDay
2023-09-05,15474.0,416.0,0.0,0,449.24,0.0,1,10.05,5.89,SPY231229P00425000,425.0,0,0.0,0.0,,0.0,normalDay
2023-09-06,15474.0,341.0,0.0,0,446.22,0.0,1,10.05,6.64,SPY231229P00425000,425.0,0,0.0,0.0,,0.0,normalDay
2023-09-07,15474.0,324.0,0.0,0,444.85,0.0,1,10.05,6.81,SPY231229P00425000,425.0,0,0.0,0.0,,0.0,normalDay
2023-09-08,15474.0,378.0,0.0,0,445.52,0.0,1,10.05,6.27,SPY231229P00425000,425.0,0,0.0,0.0,,0.0,normalDay
2023-09-11,15474.0,453.0,0.0,0,448.45,0.0,1,10.05,5.52,SPY231229P00425000,425.0,0,0.0,0.0,,0.0,normalDay
2023-09-12,15474.0,408.0,0.0,0,445.99,0.0,1,10.05,5.97,SPY231229P00425000,425.0,0,0.0,0.0,,0.0,normalDay
2023-09-13,15474.0,442.0,0.0,0,446.51,0.0,1,10.05,5.63,SPY231229P00425000,425.0,0,0.0,0.0,,0.0,normalDay
2023-09-14,15474.0,537.0,0.0,0,450.36,0.0,1,10.05,4.68,SPY231229P00425000,425.0,0,0.0,0.0,,0.0,normalDay
2023-09-15,15474.0,413.0,0.0,0,443.37,0.0,1,10.05,5.92,SPY231229P00425000,425.0,0,0.0,0.0,,0.0,normalDay
2023-09-18,15474.0,429.0,0.0,0,443.63,0.0,1,10.05,5.76,SPY231229P00425000,425.0,0,0.0,0.0,,0.0,normalDay
2023-09-19,15474.0,422.0,0.0,0,442.71,0.0,1,10.05,5.83,SPY231229P00425000,425.0,0,0.0,0.0,,0.0,normalDay
2023-09-20,15474.0,298.0,0.0,0,438.64,0.0,1,10.05,7.07,SPY231229P00425000,425.0,0,0.0,0.0,,0.0,normalDay
2023-09-21,15474.0,41.0,0.0,0,431.39,0.0,1,10.05,9.64,SPY231229P00425000,425.0,0,0.0,0.0,,0.0,normalDay
2023-09-22,15474.0,15.0,0.0,0,430.42,0.0,1,10.05,9.9,SPY231229P00425000,425.0,0,0.0,0.0,,0.0,normalDay
2023-09-25,15474.0,82.0,0.0,0,432.23,0.0,1,10.05,9.23,SPY231229P00425000,425.0,0,0.0,0.0,,0.0,normalDay
2023-09-26,15474.0,-202.0,0.0,0,425.88,0.0,1,10.05,12.07,SPY231229P00425000,425.0,0,0.0,0.0,,0.0,normalDay
2023-09-27,15474.0,-154.0,0.0,0,426.05,0.0,1,10.05,11.59,SPY231229P00425000,425.0,0,0.0,0.0,,0.0,normalDay
2023-09-28,15474.0,-44.0,0.0,0,428.52,0.0,1,10.05,10.49,SPY231229P00425000,425.0,0,0.0,0.0,,0.0,normalDay
2023-09-29,15474.0,-68.0,0.0,0,427.48,0.0,1,10.05,10.73,SPY231229P00425000,425.0,0,0.0,0.0,,0.0,normalDay
2023-10-02,15474.0,-60.0,0.0,0,427.31,0.0,1,10.05,10.65,SPY231229P00425000,425.0,0,0.0,0.0,,0.0,normalDay
2023-10-03,15474.0,-366.0,0.0,0,421.59,0.0,1,10.05,13.71,SPY231229P00425000,425.0,0,0.0,0.0,,0.0,normalDay
2023-10-04,15474.0,-215.0,0.0,0,424.66,0.0,1,10.05,12.2,SPY231229P00425000,425.0,0,0.0,0.0,,0.0,normalDay
2023-10-05,15474.0,-222.0,0.0,0,424.5,0.0,1,10.05,12.27,SPY231229P00425000,425.0,0,0.0,0.0,,0.0,normalDay
2023-10-06,15474.0,30.0,0.0,0,429.54,0.0,1,10.05,9.75,SPY231229P00425000,425.0,0,0.0,0.0,,0.0,normalDay
2023-10-09,15474.0,124.0,0.0,0,432.29,0.0,1,10.05,8.81,SPY231229P00425000,425.0,0,0.0,0.0,,0.0,normalDay
2023-10-10,15474.0,219.0,0.0,0,434.54,0.0,1,10.05,7.86,SPY231229P00425000,425.0,0,0.0,0.0,,0.0,normalDay
2023-10-11,15474.0,316.0,0.0,0,436.32,0.0,1,10.05,6.89,SPY231229P00425000,425.0,0,0.0,0.0,,0.0,normalDay
2023-10-12,15474.0,226.0,0.0,0,433.66,0.0,1,10.05,7.79,SPY231229P00425000,425.0,0,0.0,0.0,,0.0,normalDay
2023-10-13,15474.0,39.0,0.0,0,431.5,0.0,1,10.05,9.66,SPY231229P00425000,425.0,0,0.0,0.0,,0.0,normalDay
2023-10-16,15474.0,283.0,0.0,0,436.04,0.0,1,10.05,7.22,SPY231229P00425000,425.0,0,0.0,0.0,,0.0,normalDay
2023-10-17,15474.0,256.0,0.0,0,436.02,0.0,1,10.05,7.49,SPY231229P00425000,425.0,0,0.0,0.0,,0.0,normalDay
2023-10-18,15474.0,52.0,0.0,0,430.21,0.0,1,10.05,9.53,SPY231229P00425000,425.0,0,0.0,0.0,,0.0,normalDay
2023-10-19,15474.0,-200.0,0.0,0,426.43,0.0,1,10.05,12.05,SPY231229P00425000,425.0,0,0.0,0.0,,0.0,normalDay
2023-10-20,15474.0,-372.0,0.0,0,421.19,0.0,1,10.05,13.77,SPY231229P00425000,425.0,0,0.0,0.0,,0.0,normalDay
2023-10-23,15474.0,-309.0,0.0,0,420.46,0.0,1,10.05,13.14,SPY231229P00425000,425.0,0,0.0,0.0,,0.0,normalDay
2023-10-24,15474.0,-134.0,0.0,0,423.63,0.0,1,10.05,11.39,SPY231229P00425000,425.0,0,0.0,0.0,,0.0,normalDay
2023-10-25,15474.0,-469.0,0.0,0,417.55,0.0,1,10.05,14.74,SPY231229P00425000,425.0,0,0.0,0.0,,0.0,normalDay
2023-10-26,15474.0,-748.0,0.0,0,412.55,0.0,1,10.05,17.53,SPY231229P00425000,425.0,0,0.0,0.0,,0.0,normalDay
2023-10-27,15474.0,-933.0,0.0,0,410.68,0.0,1,10.05,19.38,SPY231229P00425000,425.0,0,0.0,0.0,,0.0,normalDay
2023-10-30,15474.0,-546.0,0.0,0,415.59,0.0,1,10.05,15.51,SPY231229P00425000,425.0,0,0.0,0.0,,0.0,normalDay
2023-10-31,15474.0,-359.0,0.0,0,418.2,0.0,1,10.05,13.64,SPY231229P00425000,425.0,0,0.0,0.0,,0.0,normalDay
2023-11-01,15474.0,-46.0,0.0,0,422.66,0.0,1,10.05,10.51,SPY231229P00425000,425.0,0,0.0,0.0,,0.0,normalDay
2023-11-02,15474.0,303.0,0.0,0,430.76,0.0,1,10.05,7.02,SPY231229P00425000,425.0,0,0.0,0.0,,0.0,normalDay
2023-11-03,15474.0,462.0,0.0,0,434.69,0.0,1,10.05,5.43,SPY231229P00425000,425.0,0,0.0,0.0,,0.0,normalDay
2023-11-06,15474.0,504.0,0.0,0,435.69,0.0,1,10.05,5.01,SPY231229P00425000,425.0,0,0.0,0.0,,0.0,normalDay
2023-11-07,15474.0,550.0,0.0,0,436.93,0.0,1,10.05,4.55,SPY231229P00425000,425.0,0,0.0,0.0,,0.0,normalDay
2023-11-08,15474.0,579.0,0.0,0,437.25,0.0,1,10.05,4.26,SPY231229P00425000,425.0,0,0.0,0.0,,0.0,normalDay
2023-11-09,15474.0,479.0,0.0,0,433.84,0.0,1,10.05,5.26,SPY231229P00425000,425.0,0,0.0,0.0,,0.0,normalDay
2023-11-10,15474.0,675.0,0.0,0,440.61,0.0,1,10.05,3.3,SPY231229P00425000,425.0,0,0.0,0.0,,0.0,normalDay
2023-11-13,15474.0,673.0,0.0,0,440.19,0.0,1,10.05,3.32,SPY231229P00425000,425.0,0,0.0,0.0,,0.0,normalDay
2023-11-14,15474.0,814.0,0.0,0,448.73,0.0,1,10.05,1.91,SPY231229P00425000,425.0,0,0.0,0.0,,0.0,normalDay
2023-11-15,15474.0,824.0,0.0,0,449.68,0.0,1,10.05,1.81,SPY231229P00425000,425.0,0,0.0,0.0,,0.0,normalDay
2023-11-16,15474.0,840.0,0.0,0,450.23,0.0,1,10.05,1.65,SPY231229P00425000,425.0,0,0.0,0.0,,0.0,normalDay
2023-11-17,15474.0,854.0,0.0,0,450.79,0.0,1,10.05,1.51,SPY231229P00425000,425.0,0,0.0,0.0,,0.0,normalDay
2023-11-20,15474.0,895.0,0.0,0,454.26,0.0,1,10.05,1.1,SPY231229P00425000,425.0,0,0.0,0.0,,0.0,normalDay
2023-11-21,15474.0,895.0,0.0,0,453.27,0.0,1,10.05,1.1,SPY231229P00425000,425.0,0,0.0,0.0,,0.0,normalDay
2023-11-22,15474.0,911.0,0.0,0,455.02,0.0,1,10.05,0.94,SPY231229P00425000,425.0,0,0.0,0.0,,0.0,normalDay
2023-11-24,15474.0,924.0,0.0,0,455.3,0.0,1,10.05,0.81,SPY231229P00425000,425.0,0,0.0,0.0,,0.0,normalDay
2023-11-27,15474.0,928.0,0.0,0,454.48,0.0,1,10.05,0.77,SPY231229P00425000,425.0,0,0.0,0.0,,0.0,normalDay
2023-11-28,15474.0,934.0,0.0,0,454.93,0.0,1,10.05,0.71,SPY231229P00425000,425.0,0,0.0,0.0,,0.0,normalDay
2023-11-29,15474.0,932.0,0.0,0,454.61,0.0,1,10.05,0.73,SPY231229P00425000,425.0,0,0.0,0.0,,0.0,normalDay
2023-11-30,15474.0,940.0,0.0,0,456.4,0.0,1,10.05,0.65,SPY231229P00425000,425.0,0,0.0,0.0,,0.0,normalDay
