date,totalCapital,unrializedPnL,rializedPnL,stocksOwned,stocksPriceToday,stocksPriceBoughtAt,putOwned,putOwnedSoldAt,putPriceToday,putOwnedContract,putOwnedStrike,callOwned,callOwnedSoldAt,callPriceToday,callOwnedContract,callOwnedStrike,trackType
2018-11-01,0.0,-14.0,0.0,0,273.51,0.0,1,12.19,12.33,SPY190329P00275000,275.0,0,0.0,0.0,,0.0,normalDay
2018-11-02,0.0,-80.0,0.0,0,271.89,0.0,1,12.19,12.99,SPY190329P00275000,275.0,0,0.0,0.0,,0.0,normalDay
2018-11-05,0.0,18.0,0.0,0,273.39,0.0,1,12.19,12.01,SPY190329P00275000,275.0,0,0.0,0.0,,0.0,normalDay
2018-11-06,0.0,110.0,0.0,0,275.12,0.0,1,12.19,11.09,SPY190329P00275000,275.0,0,0.0,0.0,,0.0,normalDay
2018-11-07,0.0,390.0,0.0,0,281.01,0.0,1,12.19,8.29,SPY190329P00275000,275.0,0,0.0,0.0,,0.0,normalDay
2018-11-08,0.0,394.0,0.0,0,280.5,0.0,1,12.19,8.25,SPY190329P00275000,275.0,0,0.0,0.0,,0.0,normalDay
2018-11-09,0.0,266.0,0.0,0,277.76,0.0,1,12.19,9.53,SPY190329P00275000,275.0,0,0.0,0.0,,0.0,normalDay
2018-11-12,0.0,23.0,0.0,0,272.57,0.0,1,12.19,11.96,SPY190329P00275000,275.0,0,0.0,0.0,,0.0,normalDay
2018-11-13,0.0,-25.0,0.0,0,272.06,0.0,1,12.19,12.44,SPY190329P00275000,275.0,0,0.0,0.0,,0.0,normalDay
2018-11-14,0.0,-161.0,0.0,0,270.2,0.0,1,12.19,13.8,SPY190329P00275000,275.0,0,0.0,0.0,,0.0,normalDay
2018-11-15,0.0,5.0,0.0,0,273.02,0.0,1,12.19,12.14,SPY190329P00275000,275.0,0,0.0,0.0,,0.0,normalDay
2018-11-16,0.0,86.0,0.0,0,273.73,0.0,1,12.19,11.33,SPY190329P00275000,275.0,0,0.0,0.0,,0.0,normalDay
2018-11-19,0.0,-166.0,0.0,0,269.1,0.0,1,12.19,13.85,SPY190329P00275000,275.0,0,0.0,0.0,,0.0,normalDay
2018-11-20,0.0,-520.0,0.0,0,264.12,0.0,1,12.19,17.39,SPY190329P00275000,275.0,0,0.0,0.0,,0.0,normalDay
2018-11-21,0.0,-436.0,0.0,0,265.02,0.0,1,12.19,16.55,SPY190329P00275000,275.0,0,0.0,0.0,,0.0,normalDay
2018-11-23,0.0,-551.0,0.0,0,263.25,0.0,1,12.19,17.7,SPY190329P00275000,275.0,0,0.0,0.0,,0.0,normalDay
2018-11-26,0.0,-206.0,0.0,0,267.5,0.0,1,12.19,14.25,SPY190329P00275000,275.0,0,0.0,0.0,,0.0,normalDay
2018-11-27,0.0,-165.0,0.0,0,268.4,0.0,1,12.19,13.84,SPY190329P00275000,275.0,0,0.0,0.0,,0.0,normalDay
2018-11-28,0.0,130.0,0.0,0,274.58,0.0,1,12.19,10.89,SPY190329P00275000,275.0,0,0.0,0.0,,0.0,normalDay
2018-11-29,0.0,116.0,0.0,0,273.98,0.0,1,12.19,11.03,SPY190329P00275000,275.0,0,0.0,0.0,,0.0,normalDay
2018-11-30,0.0,216.0,0.0,0,275.65,0.0,1,12.19,10.03,SPY190329P00275000,275.0,0,0.0,0.0,,0.0,normalDay
2018-12-03,0.0,395.0,0.0,0,279.3,0.0,1,12.19,8.24,SPY190329P00275000,275.0,0,0.0,0.0,,0.0,normalDay
2018-12-04,0.0,-73.0,0.0,0,270.25,0.0,1,12.19,12.92,SPY190329P00275000,275.0,0,0.0,0.0,,0.0,normalDay
2018-12-06,0.0,-100.0,0.0,0,269.84,0.0,1,12.19,13.19,SPY190329P00275000,275.0,0,0.0,0.0,,0.0,normalDay
2018-12-07,0.0,-527.0,0.0,0,263.57,0.0,1,12.19,17.46,SPY190329P00275000,275.0,0,0.0,0.0,,0.0,normalDay
2018-12-10,0.0,-435.0,0.0,0,264.07,0.0,1,12.19,16.54,SPY190329P00275000,275.0,0,0.0,0.0,,0.0,normalDay
2018-12-11,0.0,-432.0,0.0,0,264.13,0.0,1,12.19,16.51,SPY190329P00275000,275.0,0,0.0,0.0,,0.0,normalDay
2018-12-12,0.0,-379.0,0.0,0,265.46,0.0,1,12.19,15.98,SPY190329P00275000,275.0,0,0.0,0.0,,0.0,normalDay
2018-12-13,0.0,-377.0,0.0,0,265.37,0.0,1,12.19,15.96,SPY190329P00275000,275.0,0,0.0,0.0,,0.0,normalDay
2018-12-14,0.0,-710.0,0.0,0,260.47,0.0,1,12.19,19.29,SPY190329P00275000,275.0,0,0.0,0.0,,0.0,normalDay
2018-12-17,0.0,-1106.0,0.0,0,255.36,0.0,1,12.19,23.25,SPY190329P00275000,275.0,0,0.0,0.0,,0.0,normalDay
2018-12-18,0.0,-1184.0,0.0,0,255.08,0.0,1,12.19,24.03,SPY190329P00275000,275.0,0,0.0,0.0,,0.0,normalDay
2018-12-19,0.0,-1431.0,0.0,0,251.26,0.0,1,12.19,26.5,SPY190329P00275000,275.0,0,0.0,0.0,,0.0,normalDay
2018-12-20,0.0,-1752.0,0.0,0,247.17,0.0,1,12.19,29.71,SPY190329P00275000,275.0,0,0.0,0.0,,0.0,normalDay
2018-12-21,0.0,-2331.0,0.0,0,240.7,0.0,1,12.19,35.5,SPY190329P00275000,275.0,0,0.0,0.0,,0.0,normalDay
2018-12-24,0.0,-3101.0,0.0,0,234.34,0.0,1,12.19,43.2,SPY190329P00275000,275.0,0,0.0,0.0,,0.0,normalDay
2018-12-26,0.0,-1763.0,0.0,0,246.18,0.0,1,12.19,29.82,SPY190329P00275000,275.0,0,0.0,0.0,,0.0,normalDay
2018-12-27,0.0,-1588.0,0.0,0,248.07,0.0,1,12.19,28.07,SPY190329P00275000,275.0,0,0.0,0.0,,0.0,normalDay
2018-12-28,0.0,-1649.0,0.0,0,247.75,0.0,1,12.19,28.68,SPY190329P00275000,275.0,0,0.0,0.0,,0.0,normalDay
2018-12-31,0.0,-1439.0,0.0,0,249.92,0.0,1,12.19,26.58,SPY190329P00275000,275.0,0,0.0,0.0,,0.0,normalDay
2019-01-02,0.0,-1367.0,0.0,0,250.18,0.0,1,12.19,25.86,SPY190329P00275000,275.0,0,0.0,0.0,,0.0,normalDay
2019-01-03,0.0,-1945.0,0.0,0,244.21,0.0,1,12.19,31.64,SPY190329P00275000,275.0,0,0.0,0.0,,0.0,normalDay
2019-01-04,0.0,-1170.0,0.0,0,252.39,0.0,1,12.19,23.89,SPY190329P00275000,275.0,0,0.0,0.0,,0.0,normalDay
2019-01-07,0.0,-1005.0,0.0,0,254.38,0.0,1,12.19,22.24,SPY190329P00275000,275.0,0,0.0,0.0,,0.0,normalDay
2019-01-08,0.0,-802.0,0.0,0,256.77,0.0,1,12.19,20.21,SPY190329P00275000,275.0,0,0.0,0.0,,0.0,normalDay
2019-01-09,0.0,-677.0,0.0,0,257.97,0.0,1,12.19,18.96,SPY190329P00275000,275.0,0,0.0,0.0,,0.0,normalDay
2019-01-10,0.0,-590.0,0.0,0,258.88,0.0,1,12.19,18.09,SPY190329P00275000,275.0,0,0.0,0.0,,0.0,normalDay
2019-01-11,0.0,-557.0,0.0,0,258.98,0.0,1,12.19,17.76,SPY190329P00275000,275.0,0,0.0,0.0,,0.0,normalDay
2019-01-14,0.0,-668.0,0.0,0,257.4,0.0,1,12.19,18.87,SPY190329P00275000,275.0,0,0.0,0.0,,0.0,normalDay
2019-01-15,0.0,-417.0,0.0,0,260.35,0.0,1,12.19,16.36,SPY190329P00275000,275.0,0,0.0,0.0,,0.0,normalDay
2019-01-16,0.0,-362.0,0.0,0,260.98,0.0,1,12.19,15.81,SPY190329P00275000,275.0,0,0.0,0.0,,0.0,normalDay
2019-01-17,0.0,-203.0,0.0,0,262.96,0.0,1,12.19,14.22,SPY190329P00275000,275.0,0,0.0,0.0,,0.0,normalDay
2019-01-18,0.0,25.0,0.0,0,266.46,0.0,1,12.19,11.94,SPY190329P00275000,275.0,0,0.0,0.0,,0.0,normalDay
2019-01-22,0.0,-236.0,0.0,0,262.86,0.0,1,12.19,14.55,SPY190329P00275000,275.0,0,0.0,0.0,,0.0,normalDay
2019-01-23,0.0,-208.0,0.0,0,263.41,0.0,1,12.19,14.27,SPY190329P00275000,275.0,0,0.0,0.0,,0.0,normalDay
2019-01-24,0.0,-204.0,0.0,0,263.55,0.0,1,12.19,14.23,SPY190329P00275000,275.0,0,0.0,0.0,,0.0,normalDay
2019-01-25,0.0,14.0,0.0,0,265.78,0.0,1,12.19,12.05,SPY190329P00275000,275.0,0,0.0,0.0,,0.0,normalDay
2019-01-28,0.0,-140.0,0.0,0,263.76,0.0,1,12.19,13.59,SPY190329P00275000,275.0,0,0.0,0.0,,0.0,normalDay
2019-01-29,0.0,-174.0,0.0,0,263.41,0.0,1,12.19,13.93,SPY190329P00275000,275.0,0,0.0,0.0,,0.0,normalDay
2019-01-30,0.0,142.0,0.0,0,267.58,0.0,1,12.19,10.77,SPY190329P00275000,275.0,0,0.0,0.0,,0.0,normalDay
2019-01-31,0.0,351.0,0.0,0,269.93,0.0,1,12.19,8.68,SPY190329P00275000,275.0,0,0.0,0.0,,0.0,normalDay
2019-02-01,0.0,360.0,0.0,0,270.06,0.0,1,12.19,8.59,SPY190329P00275000,275.0,0,0.0,0.0,,0.0,normalDay
2019-02-04,0.0,489.0,0.0,0,271.96,0.0,1,12.19,7.3,SPY190329P00275000,275.0,0,0.0,0.0,,0.0,normalDay
2019-02-05,0.0,543.0,0.0,0,273.1,0.0,1,12.19,6.76,SPY190329P00275000,275.0,0,0.0,0.0,,0.0,normalDay
2019-02-06,0.0,546.0,0.0,0,272.74,0.0,1,12.19,6.73,SPY190329P00275000,275.0,0,0.0,0.0,,0.0,normalDay
2019-02-07,0.0,393.0,0.0,0,270.14,0.0,1,12.19,8.26,SPY190329P00275000,275.0,0,0.0,0.0,,0.0,normalDay
2019-02-08,0.0,417.0,0.0,0,270.47,0.0,1,12.19,8.02,SPY190329P00275000,275.0,0,0.0,0.0,,0.0,normalDay
2019-02-11,0.0,440.0,0.0,0,270.62,0.0,1,12.19,7.79,SPY190329P00275000,275.0,0,0.0,0.0,,0.0,normalDay
2019-02-12,0.0,651.0,0.0,0,274.1,0.0,1,12.19,5.68,SPY190329P00275000,275.0,0,0.0,0.0,,0.0,normalDay
2019-02-13,0.0,680.0,0.0,0,274.99,0.0,1,12.19,5.39,SPY190329P00275000,275.0,0,0.0,0.0,,0.0,normalDay
2019-02-14,0.0,641.0,0.0,0,274.38,0.0,1,12.19,5.78,SPY190329P00275000,275.0,0,0.0,0.0,,0.0,normalDay
2019-02-15,0.0,809.0,0.0,0,277.37,0.0,1,12.19,4.1,SPY190329P00275000,275.0,0,0.0,0.0,,0.0,normalDay
2019-02-19,0.0,836.0,0.0,0,277.85,0.0,1,12.19,3.83,SPY190329P00275000,275.0,0,0.0,0.0,,0.0,normalDay
2019-02-20,0.0,893.0,0.0,0,278.41,0.0,1,12.19,3.26,SPY190329P00275000,275.0,0,0.0,0.0,,0.0,normalDay
2019-02-21,0.0,858.0,0.0,0,277.42,0.0,1,12.19,3.61,SPY190329P00275000,275.0,0,0.0,0.0,,0.0,normalDay
2019-02-22,0.0,937.0,0.0,0,279.14,0.0,1,12.19,2.82,SPY190329P00275000,275.0,0,0.0,0.0,,0.0,normalDay
2019-02-25,0.0,951.0,0.0,0,279.52,0.0,1,12.19,2.68,SPY190329P00275000,275.0,0,0.0,0.0,,0.0,normalDay
2019-02-26,0.0,941.0,0.0,0,279.32,0.0,1,12.19,2.78,SPY190329P00275000,275.0,0,0.0,0.0,,0.0,normalDay
2019-02-27,0.0,956.0,0.0,0,279.2,0.0,1,12.19,2.63,SPY190329P00275000,275.0,0,0.0,0.0,,0.0,normalDay
2019-02-28,0.0,944.0,0.0,0,278.68,0.0,1,12.19,2.75,SPY190329P00275000,275.0,0,0.0,0.0,,0.0,normalDay
2019-03-01,0.0,1028.0,0.0,0,280.42,0.0,1,12.19,1.91,SPY190329P00275000,275.0,0,0.0,0.0,,0.0,normalDay
2019-03-04,0.0,985.0,0.0,0,279.4,0.0,1,12.19,2.34,SPY190329P00275000,275.0,0,0.0,0.0,,0.0,normalDay
2019-03-05,0.0,979.0,0.0,0,279.02,0.0,1,12.19,2.4,SPY190329P00275000,275.0,0,0.0,0.0,,0.0,normalDay
2019-03-06,0.0,912.0,0.0,0,277.33,0.0,1,12.19,3.07,SPY190329P00275000,275.0,0,0.0,0.0,,0.0,normalDay
2019-03-07,0.0,816.0,0.0,0,275.01,0.0,1,12.19,4.03,SPY190329P00275000,275.0,0,0.0,0.0,,0.0,normalDay
2019-03-08,0.0,812.0,0.0,0,274.46,0.0,1,12.19,4.07,SPY190329P00275000,275.0,0,0.0,0.0,,0.0,normalDay
2019-03-11,0.0,1006.0,0.0,0,278.44,0.0,1,12.19,2.13,SPY190329P00275000,275.0,0,0.0,0.0,,0.0,normalDay
2019-03-12,0.0,1051.0,0.0,0,279.49,0.0,1,12.19,1.68,SPY190329P00275000,275.0,0,0.0,0.0,,0.0,normalDay
2019-03-13,0.0,1110.0,0.0,0,281.34,0.0,1,12.19,1.09,SPY190329P00275000,275.0,0,0.0,0.0,,0.0,normalDay
2019-03-14,0.0,1110.0,0.0,0,281.16,0.0,1,12.19,1.09,SPY190329P00275000,275.0,0,0.0,0.0,,0.0,normalDay
2019-03-15,0.0,1149.0,0.0,0,281.31,0.0,1,12.19,0.7,SPY190329P00275000,275.0,0,0.0,0.0,,0.0,normalDay
2019-03-18,0.0,1168.0,0.0,0,282.33,0.0,1,12.19,0.51,SPY190329P00275000,275.0,0,0.0,0.0,,0.0,normalDay
2019-03-19,0.0,1161.0,0.0,0,282.4,0.0,1,12.19,0.58,SPY190329P00275000,275.0,0,0.0,0.0,,0.0,normalDay
2019-03-20,0.0,1162.0,0.0,0,281.55,0.0,1,12.19,0.57,SPY190329P00275000,275.0,0,0.0,0.0,,0.0,normalDay
2019-03-21,0.0,1195.0,0.0,0,284.73,0.0,1,12.19,0.24,SPY190329P00275000,275.0,0,0.0,0.0,,0.0,normalDay
2019-03-22,0.0,1121.0,0.0,0,279.25,0.0,1,12.19,0.98,SPY190329P00275000,275.0,0,0.0,0.0,,0.0,normalDay
2019-03-25,0.0,1151.0,0.0,0,279.04,0.0,1,12.19,0.68,SPY190329P00275000,275.0,0,0.0,0.0,,0.0,normalDay
2019-03-26,0.0,1197.0,0.0,0,281.12,0.0,1,12.19,0.22,SPY190329P00275000,275.0,0,0.0,0.0,,0.0,normalDay
2019-03-27,0.0,1194.0,0.0,0,279.65,0.0,1,12.19,0.25,SPY190329P00275000,275.0,0,0.0,0.0,,0.0,normalDay
2019-03-28,0.0,1215.0,0.0,0,280.71,0.0,1,12.19,0.04,SPY190329P00275000,275.0,0,0.0,0.0,,0.0,normalDay
2019-03-29,1219.0,0.0,1219.0,0,282.48,0.0,1,12.19,0.0,SPY190329P00275000,275.0,0,0.0,0.0,,0.0,expirationDay
2019-04-01,1219.0,-7.0,0.0,0,285.83,0.0,1,8.76,8.83,SPY190930P00280000,280.0,0,0.0,0.0,,0.0,normalDay
2019-04-02,1219.0,1.0,0.0,0,285.97,0.0,1,8.76,8.75,SPY190930P00280000,280.0,0,0.0,0.0,,0.0,normalDay
2019-04-03,1219.0,29.0,0.0,0,286.42,0.0,1,8.76,8.47,SPY190930P00280000,280.0,0,0.0,0.0,,0.0,normalDay
2019-04-04,1219.0,52.0,0.0,0,287.18,0.0,1,8.76,8.24,SPY190930P00280000,280.0,0,0.0,0.0,,0.0,normalDay
2019-04-05,1219.0,114.0,0.0,0,288.57,0.0,1,8.76,7.62,SPY190930P00280000,280.0,0,0.0,0.0,,0.0,normalDay
2019-04-08,1219.0,124.0,0.0,0,288.79,0.0,1,8.76,7.52,SPY190930P00280000,280.0,0,0.0,0.0,,0.0,normalDay
2019-04-09,1219.0,48.0,0.0,0,287.31,0.0,1,8.76,8.28,SPY190930P00280000,280.0,0,0.0,0.0,,0.0,normalDay
2019-04-10,1219.0,111.0,0.0,0,288.29,0.0,1,8.76,7.65,SPY190930P00280000,280.0,0,0.0,0.0,,0.0,normalDay
2019-04-11,1219.0,107.0,0.0,0,288.21,0.0,1,8.76,7.69,SPY190930P00280000,280.0,0,0.0,0.0,,0.0,normalDay
2019-04-12,1219.0,190.0,0.0,0,290.16,0.0,1,8.76,6.86,SPY190930P00280000,280.0,0,0.0,0.0,,0.0,normalDay
2019-04-15,1219.0,194.0,0.0,0,289.97,0.0,1,8.76,6.82,SPY190930P00280000,280.0,0,0.0,0.0,,0.0,normalDay
2019-04-16,1219.0,199.0,0.0,0,290.16,0.0,1,8.76,6.77,SPY190930P00280000,280.0,0,0.0,0.0,,0.0,normalDay
2019-04-17,1219.0,171.0,0.0,0,289.45,0.0,1,8.76,7.05,SPY190930P00280000,280.0,0,0.0,0.0,,0.0,normalDay
2019-04-18,1219.0,196.0,0.0,0,290.02,0.0,1,8.76,6.8,SPY190930P00280000,280.0,0,0.0,0.0,,0.0,normalDay
2019-04-22,1219.0,218.0,0.0,0,290.27,0.0,1,8.76,6.58,SPY190930P00280000,280.0,0,0.0,0.0,,0.0,normalDay
2019-04-23,1219.0,288.0,0.0,0,292.88,0.0,1,8.76,5.88,SPY190930P00280000,280.0,0,0.0,0.0,,0.0,normalDay
2019-04-24,1219.0,263.0,0.0,0,292.23,0.0,1,8.76,6.13,SPY190930P00280000,280.0,0,0.0,0.0,,0.0,normalDay
2019-04-25,1219.0,249.0,0.0,0,292.05,0.0,1,8.76,6.27,SPY190930P00280000,280.0,0,0.0,0.0,,0.0,normalDay
2019-04-26,1219.0,293.0,0.0,0,293.41,0.0,1,8.76,5.83,SPY190930P00280000,280.0,0,0.0,0.0,,0.0,normalDay
2019-04-29,1219.0,300.0,0.0,0,293.87,0.0,1,8.76,5.76,SPY190930P00280000,280.0,0,0.0,0.0,,0.0,normalDay
2019-04-30,1219.0,308.0,0.0,0,294.02,0.0,1,8.76,5.68,SPY190930P00280000,280.0,0,0.0,0.0,,0.0,normalDay
2019-05-01,1219.0,223.0,0.0,0,291.81,0.0,1,8.76,6.53,SPY190930P00280000,280.0,0,0.0,0.0,,0.0,normalDay
2019-05-02,1219.0,210.0,0.0,0,291.18,0.0,1,8.76,6.66,SPY190930P00280000,280.0,0,0.0,0.0,,0.0,normalDay
2019-05-03,1219.0,309.0,0.0,0,294.03,0.0,1,8.76,5.67,SPY190930P00280000,280.0,0,0.0,0.0,,0.0,normalDay
2019-05-06,1219.0,249.0,0.0,0,292.82,0.0,1,8.76,6.27,SPY190930P00280000,280.0,0,0.0,0.0,,0.0,normalDay
2019-05-07,1219.0,21.0,0.0,0,287.93,0.0,1,8.76,8.55,SPY190930P00280000,280.0,0,0.0,0.0,,0.0,normalDay
2019-05-08,1219.0,35.0,0.0,0,287.53,0.0,1,8.76,8.41,SPY190930P00280000,280.0,0,0.0,0.0,,0.0,normalDay
2019-05-09,1219.0,20.0,0.0,0,286.66,0.0,1,8.76,8.56,SPY190930P00280000,280.0,0,0.0,0.0,,0.0,normalDay
2019-05-10,1219.0,110.0,0.0,0,288.1,0.0,1,8.76,7.66,SPY190930P00280000,280.0,0,0.0,0.0,,0.0,normalDay
2019-05-13,1219.0,-231.0,0.0,0,280.86,0.0,1,8.76,11.07,SPY190930P00280000,280.0,0,0.0,0.0,,0.0,normalDay
2019-05-14,1219.0,-77.0,0.0,0,283.4,0.0,1,8.76,9.53,SPY190930P00280000,280.0,0,0.0,0.0,,0.0,normalDay
2019-05-15,1219.0,26.0,0.0,0,285.06,0.0,1,8.76,8.5,SPY190930P00280000,280.0,0,0.0,0.0,,0.0,normalDay
2019-05-16,1219.0,139.0,0.0,0,287.7,0.0,1,8.76,7.37,SPY190930P00280000,280.0,0,0.0,0.0,,0.0,normalDay
2019-05-17,1219.0,70.0,0.0,0,285.84,0.0,1,8.76,8.06,SPY190930P00280000,280.0,0,0.0,0.0,,0.0,normalDay
2019-05-20,1219.0,14.0,0.0,0,283.95,0.0,1,8.76,8.62,SPY190930P00280000,280.0,0,0.0,0.0,,0.0,normalDay
2019-05-21,1219.0,130.0,0.0,0,286.51,0.0,1,8.76,7.46,SPY190930P00280000,280.0,0,0.0,0.0,,0.0,normalDay
2019-05-22,1219.0,107.0,0.0,0,285.63,0.0,1,8.76,7.69,SPY190930P00280000,280.0,0,0.0,0.0,,0.0,normalDay
2019-05-23,1219.0,-77.0,0.0,0,282.14,0.0,1,8.76,9.53,SPY190930P00280000,280.0,0,0.0,0.0,,0.0,normalDay
2019-05-24,1219.0,-22.0,0.0,0,282.78,0.0,1,8.76,8.98,SPY190930P00280000,280.0,0,0.0,0.0,,0.0,normalDay
2019-05-28,1219.0,-133.0,0.0,0,280.15,0.0,1,8.76,10.09,SPY190930P00280000,280.0,0,0.0,0.0,,0.0,normalDay
2019-05-29,1219.0,-240.0,0.0,0,278.27,0.0,1,8.76,11.16,SPY190930P00280000,280.0,0,0.0,0.0,,0.0,normalDay
2019-05-30,1219.0,-200.0,0.0,0,279.03,0.0,1,8.76,10.76,SPY190930P00280000,280.0,0,0.0,0.0,,0.0,normalDay
2019-05-31,1219.0,-411.0,0.0,0,275.27,0.0,1,8.76,12.87,SPY190930P00280000,280.0,0,0.0,0.0,,0.0,normalDay
2019-06-03,1219.0,-418.0,0.0,0,274.57,0.0,1,8.76,12.94,SPY190930P00280000,280.0,0,0.0,0.0,,0.0,normalDay
2019-06-04,1219.0,-108.0,0.0,0,280.53,0.0,1,8.76,9.84,SPY190930P00280000,280.0,0,0.0,0.0,,0.0,normalDay
2019-06-05,1219.0,8.0,0.0,0,282.96,0.0,1,8.76,8.68,SPY190930P00280000,280.0,0,0.0,0.0,,0.0,normalDay
2019-06-06,1219.0,85.0,0.0,0,284.8,0.0,1,8.76,7.91,SPY190930P00280000,280.0,0,0.0,0.0,,0.0,normalDay
2019-06-07,1219.0,166.0,0.0,0,287.65,0.0,1,8.76,7.1,SPY190930P00280000,280.0,0,0.0,0.0,,0.0,normalDay
2019-06-10,1219.0,226.0,0.0,0,288.97,0.0,1,8.76,6.5,SPY190930P00280000,280.0,0,0.0,0.0,,0.0,normalDay
2019-06-11,1219.0,213.0,0.0,0,288.9,0.0,1,8.76,6.63,SPY190930P00280000,280.0,0,0.0,0.0,,0.0,normalDay
2019-06-12,1219.0,209.0,0.0,0,288.39,0.0,1,8.76,6.67,SPY190930P00280000,280.0,0,0.0,0.0,,0.0,normalDay
2019-06-13,1219.0,250.0,0.0,0,289.58,0.0,1,8.76,6.26,SPY190930P00280000,280.0,0,0.0,0.0,,0.0,normalDay
2019-06-14,1219.0,259.0,0.0,0,289.26,0.0,1,8.76,6.17,SPY190930P00280000,280.0,0,0.0,0.0,,0.0,normalDay
2019-06-17,1219.0,269.0,0.0,0,289.37,0.0,1,8.76,6.07,SPY190930P00280000,280.0,0,0.0,0.0,,0.0,normalDay
2019-06-18,1219.0,346.0,0.0,0,292.4,0.0,1,8.76,5.3,SPY190930P00280000,280.0,0,0.0,0.0,,0.0,normalDay
2019-06-19,1219.0,389.0,0.0,0,293.06,0.0,1,8.76,4.87,SPY190930P00280000,280.0,0,0.0,0.0,,0.0,normalDay
2019-06-20,1219.0,443.0,0.0,0,295.86,0.0,1,8.76,4.33,SPY190930P00280000,280.0,0,0.0,0.0,,0.0,normalDay
2019-06-21,1219.0,422.0,0.0,0,294.0,0.0,1,8.76,4.54,SPY190930P00280000,280.0,0,0.0,0.0,,0.0,normalDay
2019-06-24,1219.0,430.0,0.0,0,293.64,0.0,1,8.76,4.46,SPY190930P00280000,280.0,0,0.0,0.0,,0.0,normalDay
2019-06-25,1219.0,346.0,0.0,0,290.76,0.0,1,8.76,5.3,SPY190930P00280000,280.0,0,0.0,0.0,,0.0,normalDay
2019-06-26,1219.0,340.0,0.0,0,290.47,0.0,1,8.76,5.36,SPY190930P00280000,280.0,0,0.0,0.0,,0.0,normalDay
2019-06-27,1219.0,390.0,0.0,0,291.5,0.0,1,8.76,4.86,SPY190930P00280000,280.0,0,0.0,0.0,,0.0,normalDay
2019-06-28,1219.0,452.0,0.0,0,293.0,0.0,1,8.76,4.24,SPY190930P00280000,280.0,0,0.0,0.0,,0.0,normalDay
2019-07-01,1219.0,531.0,0.0,0,295.66,0.0,1,8.76,3.45,SPY190930P00280000,280.0,0,0.0,0.0,,0.0,normalDay
2019-07-02,1219.0,575.0,0.0,0,296.43,0.0,1,8.76,3.01,SPY190930P00280000,280.0,0,0.0,0.0,,0.0,normalDay
2019-07-03,1219.0,620.0,0.0,0,298.8,0.0,1,8.76,2.56,SPY190930P00280000,280.0,0,0.0,0.0,,0.0,normalDay
2019-07-05,1219.0,605.0,0.0,0,298.46,0.0,1,8.76,2.71,SPY190930P00280000,280.0,0,0.0,0.0,,0.0,normalDay
2019-07-08,1219.0,582.0,0.0,0,296.82,0.0,1,8.76,2.94,SPY190930P00280000,280.0,0,0.0,0.0,,0.0,normalDay
2019-07-09,1219.0,579.0,0.0,0,297.19,0.0,1,8.76,2.97,SPY190930P00280000,280.0,0,0.0,0.0,,0.0,normalDay
2019-07-10,1219.0,621.0,0.0,0,298.61,0.0,1,8.76,2.55,SPY190930P00280000,280.0,0,0.0,0.0,,0.0,normalDay
2019-07-11,1219.0,636.0,0.0,0,299.31,0.0,1,8.76,2.4,SPY190930P00280000,280.0,0,0.0,0.0,,0.0,normalDay
2019-07-12,1219.0,662.0,0.0,0,300.65,0.0,1,8.76,2.14,SPY190930P00280000,280.0,0,0.0,0.0,,0.0,normalDay
2019-07-15,1219.0,665.0,0.0,0,300.75,0.0,1,8.76,2.11,SPY190930P00280000,280.0,0,0.0,0.0,,0.0,normalDay
2019-07-16,1219.0,655.0,0.0,0,299.78,0.0,1,8.76,2.21,SPY190930P00280000,280.0,0,0.0,0.0,,0.0,normalDay
2019-07-17,1219.0,614.0,0.0,0,297.74,0.0,1,8.76,2.62,SPY190930P00280000,280.0,0,0.0,0.0,,0.0,normalDay
2019-07-18,1219.0,640.0,0.0,0,298.83,0.0,1,8.76,2.36,SPY190930P00280000,280.0,0,0.0,0.0,,0.0,normalDay
2019-07-19,1219.0,610.0,0.0,0,297.17,0.0,1,8.76,2.66,SPY190930P00280000,280.0,0,0.0,0.0,,0.0,normalDay
2019-07-22,1219.0,644.0,0.0,0,297.9,0.0,1,8.76,2.32,SPY190930P00280000,280.0,0,0.0,0.0,,0.0,normalDay
2019-07-23,1219.0,687.0,0.0,0,300.03,0.0,1,8.76,1.89,SPY190930P00280000,280.0,0,0.0,0.0,,0.0,normalDay
2019-07-24,1219.0,714.0,0.0,0,301.44,0.0,1,8.76,1.62,SPY190930P00280000,280.0,0,0.0,0.0,,0.0,normalDay
2019-07-25,1219.0,690.0,0.0,0,300.0,0.0,1,8.76,1.86,SPY190930P00280000,280.0,0,0.0,0.0,,0.0,normalDay
2019-07-26,1219.0,721.0,0.0,0,302.01,0.0,1,8.76,1.55,SPY190930P00280000,280.0,0,0.0,0.0,,0.0,normalDay
2019-07-29,1219.0,720.0,0.0,0,301.46,0.0,1,8.76,1.56,SPY190930P00280000,280.0,0,0.0,0.0,,0.0,normalDay
2019-07-30,1219.0,695.0,0.0,0,300.72,0.0,1,8.76,1.81,SPY190930P00280000,280.0,0,0.0,0.0,,0.0,normalDay
2019-07-31,1219.0,623.0,0.0,0,297.43,0.0,1,8.76,2.53,SPY190930P00280000,280.0,0,0.0,0.0,,0.0,normalDay
2019-08-01,1219.0,543.0,0.0,0,294.84,0.0,1,8.76,3.33,SPY190930P00280000,280.0,0,0.0,0.0,,0.0,normalDay
2019-08-02,1219.0,494.0,0.0,0,292.62,0.0,1,8.76,3.82,SPY190930P00280000,280.0,0,0.0,0.0,,0.0,normalDay
2019-08-05,1219.0,83.0,0.0,0,283.82,0.0,1,8.76,7.93,SPY190930P00280000,280.0,0,0.0,0.0,,0.0,normalDay
2019-08-06,1219.0,330.0,0.0,0,287.8,0.0,1,8.76,5.46,SPY190930P00280000,280.0,0,0.0,0.0,,0.0,normalDay
2019-08-07,1219.0,342.0,0.0,0,287.97,0.0,1,8.76,5.34,SPY190930P00280000,280.0,0,0.0,0.0,,0.0,normalDay
2019-08-08,1219.0,544.0,0.0,0,293.62,0.0,1,8.76,3.32,SPY190930P00280000,280.0,0,0.0,0.0,,0.0,normalDay
2019-08-09,1219.0,487.0,0.0,0,291.62,0.0,1,8.76,3.89,SPY190930P00280000,280.0,0,0.0,0.0,,0.0,normalDay
2019-08-12,1219.0,327.0,0.0,0,288.07,0.0,1,8.76,5.49,SPY190930P00280000,280.0,0,0.0,0.0,,0.0,normalDay
2019-08-13,1219.0,522.0,0.0,0,292.55,0.0,1,8.76,3.54,SPY190930P00280000,280.0,0,0.0,0.0,,0.0,normalDay
2019-08-14,1219.0,185.0,0.0,0,283.9,0.0,1,8.76,6.91,SPY190930P00280000,280.0,0,0.0,0.0,,0.0,normalDay
2019-08-15,1219.0,239.0,0.0,0,284.65,0.0,1,8.76,6.37,SPY190930P00280000,280.0,0,0.0,0.0,,0.0,normalDay
2019-08-16,1219.0,436.0,0.0,0,288.85,0.0,1,8.76,4.4,SPY190930P00280000,280.0,0,0.0,0.0,,0.0,normalDay
2019-08-19,1219.0,583.0,0.0,0,292.33,0.0,1,8.76,2.93,SPY190930P00280000,280.0,0,0.0,0.0,,0.0,normalDay
2019-08-20,1219.0,520.0,0.0,0,290.09,0.0,1,8.76,3.56,SPY190930P00280000,280.0,0,0.0,0.0,,0.0,normalDay
2019-08-21,1219.0,628.0,0.0,0,292.45,0.0,1,8.76,2.48,SPY190930P00280000,280.0,0,0.0,0.0,,0.0,normalDay
2019-08-22,1219.0,604.0,0.0,0,292.36,0.0,1,8.76,2.72,SPY190930P00280000,280.0,0,0.0,0.0,,0.0,normalDay
2019-08-23,1219.0,373.0,0.0,0,284.85,0.0,1,8.76,5.03,SPY190930P00280000,280.0,0,0.0,0.0,,0.0,normalDay
2019-08-26,1219.0,482.0,0.0,0,288.0,0.0,1,8.76,3.94,SPY190930P00280000,280.0,0,0.0,0.0,,0.0,normalDay
2019-08-27,1219.0,426.0,0.0,0,286.87,0.0,1,8.76,4.5,SPY190930P00280000,280.0,0,0.0,0.0,,0.0,normalDay
2019-08-28,1219.0,518.0,0.0,0,288.89,0.0,1,8.76,3.58,SPY190930P00280000,280.0,0,0.0,0.0,,0.0,normalDay
2019-08-29,1219.0,628.0,0.0,0,292.58,0.0,1,8.76,2.48,SPY190930P00280000,280.0,0,0.0,0.0,,0.0,normalDay
2019-08-30,1219.0,617.0,0.0,0,292.45,0.0,1,8.76,2.59,SPY190930P00280000,280.0,0,0.0,0.0,,0.0,normalDay
2019-09-03,1219.0,596.0,0.0,0,290.74,0.0,1,8.76,2.8,SPY190930P00280000,280.0,0,0.0,0.0,,0.0,normalDay
2019-09-04,1219.0,711.0,0.0,0,294.04,0.0,1,8.76,1.65,SPY190930P00280000,280.0,0,0.0,0.0,,0.0,normalDay
2019-09-05,1219.0,773.0,0.0,0,297.82,0.0,1,8.76,1.03,SPY190930P00280000,280.0,0,0.0,0.0,,0.0,normalDay
2019-09-06,1219.0,802.0,0.0,0,298.05,0.0,1,8.76,0.74,SPY190930P00280000,280.0,0,0.0,0.0,,0.0,normalDay
2019-09-09,1219.0,812.0,0.0,0,298.2,0.0,1,8.76,0.64,SPY190930P00280000,280.0,0,0.0,0.0,,0.0,normalDay
2019-09-10,1219.0,817.0,0.0,0,298.13,0.0,1,8.76,0.59,SPY190930P00280000,280.0,0,0.0,0.0,,0.0,normalDay
2019-09-11,1219.0,836.0,0.0,0,300.25,0.0,1,8.76,0.4,SPY190930P00280000,280.0,0,0.0,0.0,,0.0,normalDay
2019-09-12,1219.0,844.0,0.0,0,301.29,0.0,1,8.76,0.32,SPY190930P00280000,280.0,0,0.0,0.0,,0.0,normalDay
2019-09-13,1219.0,848.0,0.0,0,301.09,0.0,1,8.76,0.28,SPY190930P00280000,280.0,0,0.0,0.0,,0.0,normalDay
2019-09-16,1219.0,849.0,0.0,0,300.16,0.0,1,8.76,0.27,SPY190930P00280000,280.0,0,0.0,0.0,,0.0,normalDay
2019-09-17,1219.0,852.0,0.0,0,300.92,0.0,1,8.76,0.24,SPY190930P00280000,280.0,0,0.0,0.0,,0.0,normalDay
2019-09-18,1219.0,856.0,0.0,0,301.1,0.0,1,8.76,0.2,SPY190930P00280000,280.0,0,0.0,0.0,,0.0,normalDay
2019-09-19,1219.0,860.0,0.0,0,301.08,0.0,1,8.76,0.16,SPY190930P00280000,280.0,0,0.0,0.0,,0.0,normalDay
2019-09-20,1219.0,859.0,0.0,0,298.28,0.0,1,8.76,0.17,SPY190930P00280000,280.0,0,0.0,0.0,,0.0,normalDay
2019-09-23,1219.0,869.0,0.0,0,298.21,0.0,1,8.76,0.07,SPY190930P00280000,280.0,0,0.0,0.0,,0.0,normalDay
2019-09-24,1219.0,861.0,0.0,0,295.87,0.0,1,8.76,0.15,SPY190930P00280000,280.0,0,0.0,0.0,,0.0,normalDay
2019-09-25,1219.0,869.0,0.0,0,297.62,0.0,1,8.76,0.07,SPY190930P00280000,280.0,0,0.0,0.0,,0.0,normalDay
2019-09-26,1219.0,873.0,0.0,0,297.0,0.0,1,8.76,0.03,SPY190930P00280000,280.0,0,0.0,0.0,,0.0,normalDay
2019-09-27,1219.0,872.0,0.0,0,295.4,0.0,1,8.76,0.04,SPY190930P00280000,280.0,0,0.0,0.0,,0.0,normalDay
2019-09-30,2095.0,0.0,876.0,0,296.77,0.0,1,8.76,0.0,SPY190930P00280000,280.0,0,0.0,0.0,,0.0,expirationDay
2019-10-01,2095.0,-11.0,0.0,0,293.24,0.0,1,15.8,15.91,SPY200331P00298000,298.0,0,0.0,0.0,,0.0,normalDay
2019-10-02,2095.0,-347.0,0.0,0,288.06,0.0,1,15.8,19.27,SPY200331P00298000,298.0,0,0.0,0.0,,0.0,normalDay
2019-10-03,2095.0,-173.0,0.0,0,290.42,0.0,1,15.8,17.53,SPY200331P00298000,298.0,0,0.0,0.0,,0.0,normalDay
2019-10-04,2095.0,73.0,0.0,0,294.35,0.0,1,15.8,15.07,SPY200331P00298000,298.0,0,0.0,0.0,,0.0,normalDay
2019-10-07,2095.0,17.0,0.0,0,293.08,0.0,1,15.8,15.63,SPY200331P00298000,298.0,0,0.0,0.0,,0.0,normalDay
2019-10-08,2095.0,-258.0,0.0,0,288.53,0.0,1,15.8,18.38,SPY200331P00298000,298.0,0,0.0,0.0,,0.0,normalDay
2019-10-09,2095.0,-97.0,0.0,0,291.27,0.0,1,15.8,16.77,SPY200331P00298000,298.0,0,0.0,0.0,,0.0,normalDay
2019-10-10,2095.0,43.0,0.0,0,293.24,0.0,1,15.8,15.37,SPY200331P00298000,298.0,0,0.0,0.0,,0.0,normalDay
2019-10-11,2095.0,234.0,0.0,0,296.28,0.0,1,15.8,13.46,SPY200331P00298000,298.0,0,0.0,0.0,,0.0,normalDay
2019-10-14,2095.0,246.0,0.0,0,295.95,0.0,1,15.8,13.34,SPY200331P00298000,298.0,0,0.0,0.0,,0.0,normalDay
2019-10-15,2095.0,399.0,0.0,0,298.88,0.0,1,15.8,11.81,SPY200331P00298000,298.0,0,0.0,0.0,,0.0,normalDay
2019-10-16,2095.0,391.0,0.0,0,298.4,0.0,1,15.8,11.89,SPY200331P00298000,298.0,0,0.0,0.0,,0.0,normalDay
2019-10-17,2095.0,419.0,0.0,0,299.28,0.0,1,15.8,11.61,SPY200331P00298000,298.0,0,0.0,0.0,,0.0,normalDay
2019-10-18,2095.0,370.0,0.0,0,297.97,0.0,1,15.8,12.1,SPY200331P00298000,298.0,0,0.0,0.0,,0.0,normalDay
2019-10-21,2095.0,474.0,0.0,0,299.99,0.0,1,15.8,11.06,SPY200331P00298000,298.0,0,0.0,0.0,,0.0,normalDay
2019-10-22,2095.0,427.0,0.0,0,299.01,0.0,1,15.8,11.53,SPY200331P00298000,298.0,0,0.0,0.0,,0.0,normalDay
2019-10-23,2095.0,480.0,0.0,0,299.88,0.0,1,15.8,11.0,SPY200331P00298000,298.0,0,0.0,0.0,,0.0,normalDay
2019-10-24,2095.0,492.0,0.0,0,300.37,0.0,1,15.8,10.88,SPY200331P00298000,298.0,0,0.0,0.0,,0.0,normalDay
2019-10-25,2095.0,567.0,0.0,0,301.6,0.0,1,15.8,10.13,SPY200331P00298000,298.0,0,0.0,0.0,,0.0,normalDay
2019-10-28,2095.0,627.0,0.0,0,303.3,0.0,1,15.8,9.53,SPY200331P00298000,298.0,0,0.0,0.0,,0.0,normalDay
2019-10-29,2095.0,616.0,0.0,0,303.21,0.0,1,15.8,9.64,SPY200331P00298000,298.0,0,0.0,0.0,,0.0,normalDay
2019-10-30,2095.0,673.0,0.0,0,304.14,0.0,1,15.8,9.07,SPY200331P00298000,298.0,0,0.0,0.0,,0.0,normalDay
2019-10-31,2095.0,619.0,0.0,0,303.33,0.0,1,15.8,9.61,SPY200331P00298000,298.0,0,0.0,0.0,,0.0,normalDay
2019-11-01,2095.0,724.0,0.0,0,306.14,0.0,1,15.8,8.56,SPY200331P00298000,298.0,0,0.0,0.0,,0.0,normalDay
2019-11-04,2095.0,764.0,0.0,0,307.37,0.0,1,15.8,8.16,SPY200331P00298000,298.0,0,0.0,0.0,,0.0,normalDay
2019-11-05,2095.0,746.0,0.0,0,307.03,0.0,1,15.8,8.34,SPY200331P00298000,298.0,0,0.0,0.0,,0.0,normalDay
2019-11-06,2095.0,752.0,0.0,0,307.1,0.0,1,15.8,8.28,SPY200331P00298000,298.0,0,0.0,0.0,,0.0,normalDay
2019-11-07,2095.0,778.0,0.0,0,308.18,0.0,1,15.8,8.02,SPY200331P00298000,298.0,0,0.0,0.0,,0.0,normalDay
2019-11-08,2095.0,816.0,0.0,0,308.94,0.0,1,15.8,7.64,SPY200331P00298000,298.0,0,0.0,0.0,,0.0,normalDay
2019-11-11,2095.0,808.0,0.0,0,308.35,0.0,1,15.8,7.72,SPY200331P00298000,298.0,0,0.0,0.0,,0.0,normalDay
2019-11-12,2095.0,819.0,0.0,0,309.0,0.0,1,15.8,7.61,SPY200331P00298000,298.0,0,0.0,0.0,,0.0,normalDay
2019-11-13,2095.0,824.0,0.0,0,309.1,0.0,1,15.8,7.56,SPY200331P00298000,298.0,0,0.0,0.0,,0.0,normalDay
2019-11-14,2095.0,839.0,0.0,0,309.55,0.0,1,15.8,7.41,SPY200331P00298000,298.0,0,0.0,0.0,,0.0,normalDay
2019-11-15,2095.0,919.0,0.0,0,311.79,0.0,1,15.8,6.61,SPY200331P00298000,298.0,0,0.0,0.0,,0.0,normalDay
2019-11-18,2095.0,934.0,0.0,0,312.02,0.0,1,15.8,6.46,SPY200331P00298000,298.0,0,0.0,0.0,,0.0,normalDay
2019-11-19,2095.0,919.0,0.0,0,311.93,0.0,1,15.8,6.61,SPY200331P00298000,298.0,0,0.0,0.0,,0.0,normalDay
2019-11-20,2095.0,879.0,0.0,0,310.77,0.0,1,15.8,7.01,SPY200331P00298000,298.0,0,0.0,0.0,,0.0,normalDay
2019-11-21,2095.0,864.0,0.0,0,310.27,0.0,1,15.8,7.16,SPY200331P00298000,298.0,0,0.0,0.0,,0.0,normalDay
2019-11-22,2095.0,902.0,0.0,0,310.96,0.0,1,15.8,6.78,SPY200331P00298000,298.0,0,0.0,0.0,,0.0,normalDay
2019-11-25,2095.0,985.0,0.0,0,313.37,0.0,1,15.8,5.95,SPY200331P00298000,298.0,0,0.0,0.0,,0.0,normalDay
2019-11-26,2095.0,1020.0,0.0,0,314.08,0.0,1,15.8,5.6,SPY200331P00298000,298.0,0,0.0,0.0,,0.0,normalDay
2019-11-27,2095.0,1047.0,0.0,0,315.48,0.0,1,15.8,5.33,SPY200331P00298000,298.0,0,0.0,0.0,,0.0,normalDay
2019-11-29,2095.0,1005.0,0.0,0,314.31,0.0,1,15.8,5.75,SPY200331P00298000,298.0,0,0.0,0.0,,0.0,normalDay
2019-12-02,2095.0,901.0,0.0,0,311.64,0.0,1,15.8,6.79,SPY200331P00298000,298.0,0,0.0,0.0,,0.0,normalDay
2019-12-03,2095.0,810.0,0.0,0,309.55,0.0,1,15.8,7.7,SPY200331P00298000,298.0,0,0.0,0.0,,0.0,normalDay
2019-12-04,2095.0,883.0,0.0,0,311.46,0.0,1,15.8,6.97,SPY200331P00298000,298.0,0,0.0,0.0,,0.0,normalDay
2019-12-05,2095.0,923.0,0.0,0,312.02,0.0,1,15.8,6.57,SPY200331P00298000,298.0,0,0.0,0.0,,0.0,normalDay
2019-12-06,2095.0,1014.0,0.0,0,314.87,0.0,1,15.8,5.66,SPY200331P00298000,298.0,0,0.0,0.0,,0.0,normalDay
2019-12-09,2095.0,965.0,0.0,0,313.88,0.0,1,15.8,6.15,SPY200331P00298000,298.0,0,0.0,0.0,,0.0,normalDay
2019-12-10,2095.0,978.0,0.0,0,313.53,0.0,1,15.8,6.02,SPY200331P00298000,298.0,0,0.0,0.0,,0.0,normalDay
2019-12-11,2095.0,1015.0,0.0,0,314.42,0.0,1,15.8,5.65,SPY200331P00298000,298.0,0,0.0,0.0,,0.0,normalDay
2019-12-12,2095.0,1098.0,0.0,0,317.13,0.0,1,15.8,4.82,SPY200331P00298000,298.0,0,0.0,0.0,,0.0,normalDay
2019-12-13,2095.0,1145.0,0.0,0,317.32,0.0,1,15.8,4.35,SPY200331P00298000,298.0,0,0.0,0.0,,0.0,normalDay
2019-12-16,2095.0,1212.0,0.0,0,319.5,0.0,1,15.8,3.68,SPY200331P00298000,298.0,0,0.0,0.0,,0.0,normalDay
2019-12-17,2095.0,1208.0,0.0,0,319.57,0.0,1,15.8,3.72,SPY200331P00298000,298.0,0,0.0,0.0,,0.0,normalDay
2019-12-18,2095.0,1207.0,0.0,0,319.59,0.0,1,15.8,3.73,SPY200331P00298000,298.0,0,0.0,0.0,,0.0,normalDay
2019-12-19,2095.0,1236.0,0.0,0,320.9,0.0,1,15.8,3.44,SPY200331P00298000,298.0,0,0.0,0.0,,0.0,normalDay
2019-12-20,2095.0,1250.0,0.0,0,320.73,0.0,1,15.8,3.3,SPY200331P00298000,298.0,0,0.0,0.0,,0.0,normalDay
2019-12-23,2095.0,1251.0,0.0,0,321.22,0.0,1,15.8,3.29,SPY200331P00298000,298.0,0,0.0,0.0,,0.0,normalDay
2019-12-24,2095.0,1257.0,0.0,0,321.23,0.0,1,15.8,3.23,SPY200331P00298000,298.0,0,0.0,0.0,,0.0,normalDay
2019-12-26,2095.0,1287.0,0.0,0,322.94,0.0,1,15.8,2.93,SPY200331P00298000,298.0,0,0.0,0.0,,0.0,normalDay
2019-12-27,2095.0,1272.0,0.0,0,322.86,0.0,1,15.8,3.08,SPY200331P00298000,298.0,0,0.0,0.0,,0.0,normalDay
2019-12-30,2095.0,1237.0,0.0,0,321.08,0.0,1,15.8,3.43,SPY200331P00298000,298.0,0,0.0,0.0,,0.0,normalDay
2019-12-31,2095.0,1275.0,0.0,0,321.86,0.0,1,15.8,3.05,SPY200331P00298000,298.0,0,0.0,0.0,,0.0,normalDay
2020-01-02,2095.0,1333.0,0.0,0,324.87,0.0,1,15.8,2.47,SPY200331P00298000,298.0,0,0.0,0.0,,0.0,normalDay
2020-01-03,2095.0,1278.0,0.0,0,322.41,0.0,1,15.8,3.02,SPY200331P00298000,298.0,0,0.0,0.0,,0.0,normalDay
2020-01-06,2095.0,1311.0,0.0,0,323.64,0.0,1,15.8,2.69,SPY200331P00298000,298.0,0,0.0,0.0,,0.0,normalDay
2020-01-07,2095.0,1299.0,0.0,0,322.73,0.0,1,15.8,2.81,SPY200331P00298000,298.0,0,0.0,0.0,,0.0,normalDay
2020-01-08,2095.0,1338.0,0.0,0,324.45,0.0,1,15.8,2.42,SPY200331P00298000,298.0,0,0.0,0.0,,0.0,normalDay
2020-01-09,2095.0,1377.0,0.0,0,326.65,0.0,1,15.8,2.03,SPY200331P00298000,298.0,0,0.0,0.0,,0.0,normalDay
2020-01-10,2095.0,1368.0,0.0,0,325.71,0.0,1,15.8,2.12,SPY200331P00298000,298.0,0,0.0,0.0,,0.0,normalDay
2020-01-13,2095.0,1407.0,0.0,0,327.95,0.0,1,15.8,1.73,SPY200331P00298000,298.0,0,0.0,0.0,,0.0,normalDay
2020-01-14,2095.0,1409.0,0.0,0,327.45,0.0,1,15.8,1.71,SPY200331P00298000,298.0,0,0.0,0.0,,0.0,normalDay
2020-01-15,2095.0,1418.0,0.0,0,328.19,0.0,1,15.8,1.62,SPY200331P00298000,298.0,0,0.0,0.0,,0.0,normalDay
2020-01-16,2095.0,1441.0,0.0,0,330.92,0.0,1,15.8,1.39,SPY200331P00298000,298.0,0,0.0,0.0,,0.0,normalDay
2020-01-17,2095.0,1452.0,0.0,0,331.95,0.0,1,15.8,1.28,SPY200331P00298000,298.0,0,0.0,0.0,,0.0,normalDay
2020-01-21,2095.0,1448.0,0.0,0,331.3,0.0,1,15.8,1.32,SPY200331P00298000,298.0,0,0.0,0.0,,0.0,normalDay
2020-01-22,2095.0,1449.0,0.0,0,331.34,0.0,1,15.8,1.31,SPY200331P00298000,298.0,0,0.0,0.0,,0.0,normalDay
2020-01-23,2095.0,1451.0,0.0,0,331.72,0.0,1,15.8,1.29,SPY200331P00298000,298.0,0,0.0,0.0,,0.0,normalDay
2020-01-24,2095.0,1411.0,0.0,0,328.77,0.0,1,15.8,1.69,SPY200331P00298000,298.0,0,0.0,0.0,,0.0,normalDay
2020-01-27,2095.0,1294.0,0.0,0,323.5,0.0,1,15.8,2.86,SPY200331P00298000,298.0,0,0.0,0.0,,0.0,normalDay
2020-01-28,2095.0,1377.0,0.0,0,326.89,0.0,1,15.8,2.03,SPY200331P00298000,298.0,0,0.0,0.0,,0.0,normalDay
2020-01-29,2095.0,1379.0,0.0,0,326.62,0.0,1,15.8,2.01,SPY200331P00298000,298.0,0,0.0,0.0,,0.0,normalDay
2020-01-30,2095.0,1412.0,0.0,0,327.68,0.0,1,15.8,1.68,SPY200331P00298000,298.0,0,0.0,0.0,,0.0,normalDay
2020-01-31,2095.0,1297.0,0.0,0,321.73,0.0,1,15.8,2.83,SPY200331P00298000,298.0,0,0.0,0.0,,0.0,normalDay
2020-02-03,2095.0,1343.0,0.0,0,324.12,0.0,1,15.8,2.37,SPY200331P00298000,298.0,0,0.0,0.0,,0.0,normalDay
2020-02-04,2095.0,1434.0,0.0,0,329.06,0.0,1,15.8,1.46,SPY200331P00298000,298.0,0,0.0,0.0,,0.0,normalDay
2020-02-05,2095.0,1472.0,0.0,0,332.86,0.0,1,15.8,1.08,SPY200331P00298000,298.0,0,0.0,0.0,,0.0,normalDay
2020-02-06,2095.0,1477.0,0.0,0,333.98,0.0,1,15.8,1.03,SPY200331P00298000,298.0,0,0.0,0.0,,0.0,normalDay
2020-02-07,2095.0,1466.0,0.0,0,332.2,0.0,1,15.8,1.14,SPY200331P00298000,298.0,0,0.0,0.0,,0.0,normalDay
2020-02-10,2095.0,1489.0,0.0,0,334.68,0.0,1,15.8,0.91,SPY200331P00298000,298.0,0,0.0,0.0,,0.0,normalDay
2020-02-11,2095.0,1493.0,0.0,0,335.26,0.0,1,15.8,0.87,SPY200331P00298000,298.0,0,0.0,0.0,,0.0,normalDay
2020-02-12,2095.0,1512.0,0.0,0,337.42,0.0,1,15.8,0.68,SPY200331P00298000,298.0,0,0.0,0.0,,0.0,normalDay
2020-02-13,2095.0,1511.0,0.0,0,337.06,0.0,1,15.8,0.69,SPY200331P00298000,298.0,0,0.0,0.0,,0.0,normalDay
2020-02-14,2095.0,1518.0,0.0,0,337.6,0.0,1,15.8,0.62,SPY200331P00298000,298.0,0,0.0,0.0,,0.0,normalDay
2020-02-18,2095.0,1516.0,0.0,0,336.73,0.0,1,15.8,0.64,SPY200331P00298000,298.0,0,0.0,0.0,,0.0,normalDay
2020-02-19,2095.0,1526.0,0.0,0,338.34,0.0,1,15.8,0.54,SPY200331P00298000,298.0,0,0.0,0.0,,0.0,normalDay
2020-02-20,2095.0,1514.0,0.0,0,336.95,0.0,1,15.8,0.66,SPY200331P00298000,298.0,0,0.0,0.0,,0.0,normalDay
2020-02-21,2095.0,1489.0,0.0,0,333.48,0.0,1,15.8,0.91,SPY200331P00298000,298.0,0,0.0,0.0,,0.0,normalDay
2020-02-24,2095.0,1285.0,0.0,0,322.42,0.0,1,15.8,2.95,SPY200331P00298000,298.0,0,0.0,0.0,,0.0,normalDay
2020-02-25,2095.0,1100.0,0.0,0,312.65,0.0,1,15.8,4.8,SPY200331P00298000,298.0,0,0.0,0.0,,0.0,normalDay
2020-02-26,2095.0,1081.0,0.0,0,311.5,0.0,1,15.8,4.99,SPY200331P00298000,298.0,0,0.0,0.0,,0.0,normalDay
2020-02-27,2095.0,307.0,0.0,0,297.51,0.0,1,15.8,12.73,SPY200331P00298000,298.0,0,0.0,0.0,,0.0,normalDay
2020-02-28,2095.0,136.0,0.0,0,296.26,0.0,1,15.8,14.44,SPY200331P00298000,298.0,0,0.0,0.0,,0.0,normalDay
2020-03-02,2095.0,942.0,0.0,0,309.09,0.0,1,15.8,6.38,SPY200331P00298000,298.0,0,0.0,0.0,,0.0,normalDay
2020-03-03,2095.0,594.0,0.0,0,300.24,0.0,1,15.8,9.86,SPY200331P00298000,298.0,0,0.0,0.0,,0.0,normalDay
2020-03-04,2095.0,1038.0,0.0,0,312.86,0.0,1,15.8,5.42,SPY200331P00298000,298.0,0,0.0,0.0,,0.0,normalDay
2020-03-05,2095.0,549.0,0.0,0,302.46,0.0,1,15.8,10.31,SPY200331P00298000,298.0,0,0.0,0.0,,0.0,normalDay
2020-03-06,2095.0,329.0,0.0,0,297.46,0.0,1,15.8,12.51,SPY200331P00298000,298.0,0,0.0,0.0,,0.0,normalDay
2020-03-09,2095.0,-1293.0,0.0,0,274.23,0.0,1,15.8,28.73,SPY200331P00298000,298.0,0,0.0,0.0,,0.0,normalDay
2020-03-10,2095.0,-159.0,0.0,0,288.42,0.0,1,15.8,17.39,SPY200331P00298000,298.0,0,0.0,0.0,,0.0,normalDay
2020-03-11,2095.0,-1229.0,0.0,0,274.36,0.0,1,15.8,28.09,SPY200331P00298000,298.0,0,0.0,0.0,,0.0,normalDay
2020-03-12,2095.0,-3646.0,0.0,0,248.11,0.0,1,15.8,52.26,SPY200331P00298000,298.0,0,0.0,0.0,,0.0,normalDay
2020-03-13,2095.0,-1572.0,0.0,0,269.32,0.0,1,15.8,31.52,SPY200331P00298000,298.0,0,0.0,0.0,,0.0,normalDay
2020-03-16,2095.0,-4111.0,0.0,0,239.85,0.0,1,15.8,56.91,SPY200331P00298000,298.0,0,0.0,0.0,,0.0,normalDay
2020-03-17,2095.0,-3258.0,0.0,0,252.8,0.0,1,15.8,48.38,SPY200331P00298000,298.0,0,0.0,0.0,,0.0,normalDay
2020-03-18,2095.0,-4474.0,0.0,0,240.0,0.0,1,15.8,60.54,SPY200331P00298000,298.0,0,0.0,0.0,,0.0,normalDay
2020-03-19,2095.0,-4432.0,0.0,0,240.51,0.0,1,15.8,60.12,SPY200331P00298000,298.0,0,0.0,0.0,,0.0,normalDay
2020-03-20,2095.0,-5367.0,0.0,0,228.8,0.0,1,15.8,69.47,SPY200331P00298000,298.0,0,0.0,0.0,,0.0,normalDay
2020-03-23,2095.0,-6160.0,0.0,0,222.95,0.0,1,15.8,77.4,SPY200331P00298000,298.0,0,0.0,0.0,,0.0,normalDay
2020-03-24,2095.0,-4023.0,0.0,0,243.15,0.0,1,15.8,56.03,SPY200331P00298000,298.0,0,0.0,0.0,,0.0,normalDay
2020-03-25,2095.0,-3544.0,0.0,0,246.79,0.0,1,15.8,51.24,SPY200331P00298000,298.0,0,0.0,0.0,,0.0,normalDay
2020-03-26,2095.0,-2188.0,0.0,0,261.2,0.0,1,15.8,37.68,SPY200331P00298000,298.0,0,0.0,0.0,,0.0,normalDay
2020-03-27,2095.0,-2966.0,0.0,0,253.42,0.0,1,15.8,45.46,SPY200331P00298000,298.0,0,0.0,0.0,,0.0,normalDay
2020-03-30,2095.0,-2159.0,0.0,0,261.65,0.0,1,15.8,37.39,SPY200331P00298000,298.0,0,0.0,0.0,,0.0,normalDay
2020-03-31,3675.0,-4025.0,1580.0,100,257.75,298.0,1,15.8,0.0,SPY200331P00298000,298.0,0,0.0,0.0,,0.0,expirationDay
2020-04-01,3675.0,-5195.0,0.0,100,246.15,298.0,0,0.0,0.0,,0.0,1,0.78,0.88,SPY200717C00309000,309.0,normalDay
2020-04-02,3675.0,-4641.0,0.0,100,251.83,298.0,0,0.0,0.0,,0.0,1,0.78,1.02,SPY200717C00309000,309.0,normalDay
2020-04-03,3675.0,-4977.0,0.0,100,248.19,298.0,0,0.0,0.0,,0.0,1,0.78,0.74,SPY200717C00309000,309.0,normalDay
2020-04-06,3675.0,-3439.0,0.0,100,264.86,298.0,0,0.0,0.0,,0.0,1,0.78,2.03,SPY200717C00309000,309.0,normalDay
2020-04-07,3675.0,-3414.0,0.0,100,265.13,298.0,0,0.0,0.0,,0.0,1,0.78,2.05,SPY200717C00309000,309.0,normalDay
2020-04-08,3675.0,-2710.0,0.0,100,274.03,298.0,0,0.0,0.0,,0.0,1,0.78,3.91,SPY200717C00309000,309.0,normalDay
2020-04-09,3675.0,-2398.0,0.0,100,278.2,298.0,0,0.0,0.0,,0.0,1,0.78,4.96,SPY200717C00309000,309.0,normalDay
2020-04-13,3675.0,-2558.0,0.0,100,275.66,298.0,0,0.0,0.0,,0.0,1,0.78,4.02,SPY200717C00309000,309.0,normalDay
2020-04-14,3675.0,-1910.0,0.0,100,283.79,298.0,0,0.0,0.0,,0.0,1,0.78,5.67,SPY200717C00309000,309.0,normalDay
2020-04-15,3675.0,-2372.0,0.0,100,277.76,298.0,0,0.0,0.0,,0.0,1,0.78,4.26,SPY200717C00309000,309.0,normalDay
2020-04-16,3675.0,-2278.0,0.0,100,279.1,298.0,0,0.0,0.0,,0.0,1,0.78,4.66,SPY200717C00309000,309.0,normalDay
2020-04-17,3675.0,-1728.0,0.0,100,286.64,298.0,0,0.0,0.0,,0.0,1,0.78,6.7,SPY200717C00309000,309.0,normalDay
2020-04-20,3675.0,-2130.0,0.0,100,281.59,298.0,0,0.0,0.0,,0.0,1,0.78,5.67,SPY200717C00309000,309.0,normalDay
2020-04-21,3675.0,-2808.0,0.0,100,273.04,298.0,0,0.0,0.0,,0.0,1,0.78,3.9,SPY200717C00309000,309.0,normalDay
2020-04-22,3675.0,-2259.0,0.0,100,279.1,298.0,0,0.0,0.0,,0.0,1,0.78,4.47,SPY200717C00309000,309.0,normalDay
2020-04-23,3675.0,-2249.0,0.0,100,279.08,298.0,0,0.0,0.0,,0.0,1,0.78,4.35,SPY200717C00309000,309.0,normalDay
2020-04-24,3675.0,-1893.0,0.0,100,282.97,298.0,0,0.0,0.0,,0.0,1,0.78,4.68,SPY200717C00309000,309.0,normalDay
2020-04-27,3675.0,-1509.0,0.0,100,287.05,298.0,0,0.0,0.0,,0.0,1,0.78,4.92,SPY200717C00309000,309.0,normalDay
2020-04-28,3675.0,-1592.0,0.0,100,285.73,298.0,0,0.0,0.0,,0.0,1,0.78,4.43,SPY200717C00309000,309.0,normalDay
2020-04-29,3675.0,-1035.0,0.0,100,293.21,298.0,0,0.0,0.0,,0.0,1,0.78,6.34,SPY200717C00309000,309.0,normalDay
2020-04-30,3675.0,-1210.0,0.0,100,290.48,298.0,0,0.0,0.0,,0.0,1,0.78,5.36,SPY200717C00309000,309.0,normalDay
2020-05-01,3675.0,-1803.0,0.0,100,282.79,298.0,0,0.0,0.0,,0.0,1,0.78,3.6,SPY200717C00309000,309.0,normalDay
2020-05-04,3675.0,-1699.0,0.0,100,283.57,298.0,0,0.0,0.0,,0.0,1,0.78,3.34,SPY200717C00309000,309.0,normalDay
2020-05-05,3675.0,-1481.0,0.0,100,286.19,298.0,0,0.0,0.0,,0.0,1,0.78,3.78,SPY200717C00309000,309.0,normalDay
2020-05-06,3675.0,-1611.0,0.0,100,284.25,298.0,0,0.0,0.0,,0.0,1,0.78,3.14,SPY200717C00309000,309.0,normalDay
2020-05-07,3675.0,-1341.0,0.0,100,287.68,298.0,0,0.0,0.0,,0.0,1,0.78,3.87,SPY200717C00309000,309.0,normalDay
2020-05-08,3675.0,-936.0,0.0,100,292.44,298.0,0,0.0,0.0,,0.0,1,0.78,4.58,SPY200717C00309000,309.0,normalDay
2020-05-11,3675.0,-847.0,0.0,100,292.5,298.0,0,0.0,0.0,,0.0,1,0.78,3.75,SPY200717C00309000,309.0,normalDay
2020-05-12,3675.0,-1327.0,0.0,100,286.67,298.0,0,0.0,0.0,,0.0,1,0.78,2.72,SPY200717C00309000,309.0,normalDay
2020-05-13,3675.0,-1777.0,0.0,100,281.6,298.0,0,0.0,0.0,,0.0,1,0.78,2.15,SPY200717C00309000,309.0,normalDay
2020-05-14,3675.0,-1456.0,0.0,100,284.97,298.0,0,0.0,0.0,,0.0,1,0.78,2.31,SPY200717C00309000,309.0,normalDay
2020-05-15,3675.0,-1307.0,0.0,100,286.28,298.0,0,0.0,0.0,,0.0,1,0.78,2.13,SPY200717C00309000,309.0,normalDay
2020-05-18,3675.0,-650.0,0.0,100,295.0,298.0,0,0.0,0.0,,0.0,1,0.78,4.28,SPY200717C00309000,309.0,normalDay
2020-05-19,3675.0,-885.0,0.0,100,291.97,298.0,0,0.0,0.0,,0.0,1,0.78,3.6,SPY200717C00309000,309.0,normalDay
2020-05-20,3675.0,-518.0,0.0,100,296.93,298.0,0,0.0,0.0,,0.0,1,0.78,4.89,SPY200717C00309000,309.0,normalDay
2020-05-21,3675.0,-656.0,0.0,100,294.88,298.0,0,0.0,0.0,,0.0,1,0.78,4.22,SPY200717C00309000,309.0,normalDay
2020-05-22,3675.0,-608.0,0.0,100,295.44,298.0,0,0.0,0.0,,0.0,1,0.78,4.3,SPY200717C00309000,309.0,normalDay
2020-05-26,3675.0,-324.0,0.0,100,299.08,298.0,0,0.0,0.0,,0.0,1,0.78,5.1,SPY200717C00309000,309.0,normalDay
2020-05-27,3675.0,-44.0,0.0,100,303.53,298.0,0,0.0,0.0,,0.0,1,0.78,6.75,SPY200717C00309000,309.0,normalDay
2020-05-28,3675.0,-126.0,0.0,100,302.97,298.0,0,0.0,0.0,,0.0,1,0.78,7.01,SPY200717C00309000,309.0,normalDay
2020-05-29,3675.0,-26.0,0.0,100,304.32,298.0,0,0.0,0.0,,0.0,1,0.78,7.36,SPY200717C00309000,309.0,normalDay
2020-06-01,3675.0,87.0,0.0,100,305.55,298.0,0,0.0,0.0,,0.0,1,0.78,7.46,SPY200717C00309000,309.0,normalDay
2020-06-02,3675.0,257.0,0.0,100,308.08,298.0,0,0.0,0.0,,0.0,1,0.78,8.29,SPY200717C00309000,309.0,normalDay
2020-06-03,3675.0,442.0,0.0,100,312.18,298.0,0,0.0,0.0,,0.0,1,0.78,10.54,SPY200717C00309000,309.0,normalDay
2020-06-04,3675.0,415.0,0.0,100,311.36,298.0,0,0.0,0.0,,0.0,1,0.78,9.99,SPY200717C00309000,309.0,normalDay
2020-06-05,3675.0,723.0,0.0,100,319.34,298.0,0,0.0,0.0,,0.0,1,0.78,14.89,SPY200717C00309000,309.0,normalDay
2020-06-08,3675.0,832.0,0.0,100,323.2,298.0,0,0.0,0.0,,0.0,1,0.78,17.66,SPY200717C00309000,309.0,normalDay
2020-06-09,3675.0,649.0,0.0,100,320.79,298.0,0,0.0,0.0,,0.0,1,0.78,17.08,SPY200717C00309000,309.0,normalDay
2020-06-10,3675.0,687.0,0.0,100,319.0,298.0,0,0.0,0.0,,0.0,1,0.78,14.91,SPY200717C00309000,309.0,normalDay
2020-06-11,3675.0,-425.0,0.0,100,300.61,298.0,0,0.0,0.0,,0.0,1,0.78,7.64,SPY200717C00309000,309.0,normalDay
2020-06-12,3675.0,-64.0,0.0,100,304.21,298.0,0,0.0,0.0,,0.0,1,0.78,7.63,SPY200717C00309000,309.0,normalDay
2020-06-15,3675.0,107.0,0.0,100,307.05,298.0,0,0.0,0.0,,0.0,1,0.78,8.76,SPY200717C00309000,309.0,normalDay
2020-06-16,3675.0,394.0,0.0,100,312.96,298.0,0,0.0,0.0,,0.0,1,0.78,11.8,SPY200717C00309000,309.0,normalDay
2020-06-17,3675.0,335.0,0.0,100,311.66,298.0,0,0.0,0.0,,0.0,1,0.78,11.09,SPY200717C00309000,309.0,normalDay
2020-06-18,3675.0,411.0,0.0,100,311.78,298.0,0,0.0,0.0,,0.0,1,0.78,10.45,SPY200717C00309000,309.0,normalDay
2020-06-19,3675.0,263.0,0.0,100,308.64,298.0,0,0.0,0.0,,0.0,1,0.78,8.79,SPY200717C00309000,309.0,normalDay
2020-06-22,3675.0,367.0,0.0,100,310.62,298.0,0,0.0,0.0,,0.0,1,0.78,9.73,SPY200717C00309000,309.0,normalDay
2020-06-23,3675.0,465.0,0.0,100,312.05,298.0,0,0.0,0.0,,0.0,1,0.78,10.18,SPY200717C00309000,309.0,normalDay
2020-06-24,3675.0,47.0,0.0,100,304.09,298.0,0,0.0,0.0,,0.0,1,0.78,6.4,SPY200717C00309000,309.0,normalDay
2020-06-25,3675.0,279.0,0.0,100,307.35,298.0,0,0.0,0.0,,0.0,1,0.78,7.34,SPY200717C00309000,309.0,normalDay
2020-06-26,3675.0,-146.0,0.0,100,300.05,298.0,0,0.0,0.0,,0.0,1,0.78,4.29,SPY200717C00309000,309.0,normalDay
2020-06-29,3675.0,248.0,0.0,100,304.46,298.0,0,0.0,0.0,,0.0,1,0.78,4.76,SPY200717C00309000,309.0,normalDay
2020-06-30,3675.0,496.0,0.0,100,308.36,298.0,0,0.0,0.0,,0.0,1,0.78,6.18,SPY200717C00309000,309.0,normalDay
2020-07-01,3675.0,646.0,0.0,100,310.52,298.0,0,0.0,0.0,,0.0,1,0.78,6.84,SPY200717C00309000,309.0,normalDay
2020-07-02,3675.0,731.0,0.0,100,312.23,298.0,0,0.0,0.0,,0.0,1,0.78,7.7,SPY200717C00309000,309.0,normalDay
2020-07-06,3675.0,937.0,0.0,100,317.05,298.0,0,0.0,0.0,,0.0,1,0.78,10.46,SPY200717C00309000,309.0,normalDay
2020-07-07,3675.0,851.0,0.0,100,313.78,298.0,0,0.0,0.0,,0.0,1,0.78,8.05,SPY200717C00309000,309.0,normalDay
2020-07-08,3675.0,956.0,0.0,100,316.18,298.0,0,0.0,0.0,,0.0,1,0.78,9.4,SPY200717C00309000,309.0,normalDay
2020-07-09,3675.0,928.0,0.0,100,314.38,298.0,0,0.0,0.0,,0.0,1,0.78,7.88,SPY200717C00309000,309.0,normalDay
2020-07-10,3675.0,1042.0,0.0,100,317.59,298.0,0,0.0,0.0,,0.0,1,0.78,9.95,SPY200717C00309000,309.0,normalDay
2020-07-13,3675.0,1006.0,0.0,100,314.84,298.0,0,0.0,0.0,,0.0,1,0.78,7.56,SPY200717C00309000,309.0,normalDay
2020-07-14,3675.0,1142.0,0.0,100,318.92,298.0,0,0.0,0.0,,0.0,1,0.78,10.28,SPY200717C00309000,309.0,normalDay
2020-07-15,3675.0,1172.0,0.0,100,321.85,298.0,0,0.0,0.0,,0.0,1,0.78,12.91,SPY200717C00309000,309.0,normalDay
2020-07-16,3675.0,1280.0,0.0,100,320.79,298.0,0,0.0,0.0,,0.0,1,0.78,10.77,SPY200717C00309000,309.0,normalDay
2020-07-17,4853.0,1280.0,1178.0,0,321.72,0.0,0,0.0,0.0,,0.0,1,0.78,0.0,SPY200717C00309000,309.0,expirationDay
2020-07-20,4853.0,-33.0,0.0,0,324.32,0.0,1,18.48,18.81,SPY210115P00314000,314.0,0,0.0,0.0,,0.0,normalDay
2020-07-21,4853.0,-25.0,0.0,0,325.01,0.0,1,18.48,18.73,SPY210115P00314000,314.0,0,0.0,0.0,,0.0,normalDay
2020-07-22,4853.0,39.0,0.0,0,326.86,0.0,1,18.48,18.09,SPY210115P00314000,314.0,0,0.0,0.0,,0.0,normalDay
2020-07-23,4853.0,-148.0,0.0,0,322.96,0.0,1,18.48,19.96,SPY210115P00314000,314.0,0,0.0,0.0,,0.0,normalDay
2020-07-24,4853.0,-201.0,0.0,0,320.88,0.0,1,18.48,20.49,SPY210115P00314000,314.0,0,0.0,0.0,,0.0,normalDay
2020-07-27,4853.0,-64.0,0.0,0,323.22,0.0,1,18.48,19.12,SPY210115P00314000,314.0,0,0.0,0.0,,0.0,normalDay
2020-07-28,4853.0,-170.0,0.0,0,321.17,0.0,1,18.48,20.18,SPY210115P00314000,314.0,0,0.0,0.0,,0.0,normalDay
2020-07-29,4853.0,-4.0,0.0,0,325.12,0.0,1,18.48,18.52,SPY210115P00314000,314.0,0,0.0,0.0,,0.0,normalDay
2020-07-30,4853.0,-98.0,0.0,0,323.96,0.0,1,18.48,19.46,SPY210115P00314000,314.0,0,0.0,0.0,,0.0,normalDay
2020-07-31,4853.0,39.0,0.0,0,326.52,0.0,1,18.48,18.09,SPY210115P00314000,314.0,0,0.0,0.0,,0.0,normalDay
2020-08-03,4853.0,125.0,0.0,0,328.79,0.0,1,18.48,17.23,SPY210115P00314000,314.0,0,0.0,0.0,,0.0,normalDay
2020-08-04,4853.0,208.0,0.0,0,330.06,0.0,1,18.48,16.4,SPY210115P00314000,314.0,0,0.0,0.0,,0.0,normalDay
2020-08-05,4853.0,294.0,0.0,0,332.11,0.0,1,18.48,15.54,SPY210115P00314000,314.0,0,0.0,0.0,,0.0,normalDay
2020-08-06,4853.0,373.0,0.0,0,334.33,0.0,1,18.48,14.75,SPY210115P00314000,314.0,0,0.0,0.0,,0.0,normalDay
2020-08-07,4853.0,371.0,0.0,0,334.57,0.0,1,18.48,14.77,SPY210115P00314000,314.0,0,0.0,0.0,,0.0,normalDay
2020-08-10,4853.0,414.0,0.0,0,335.57,0.0,1,18.48,14.34,SPY210115P00314000,314.0,0,0.0,0.0,,0.0,normalDay
2020-08-11,4853.0,273.0,0.0,0,332.8,0.0,1,18.48,15.75,SPY210115P00314000,314.0,0,0.0,0.0,,0.0,normalDay
2020-08-12,4853.0,468.0,0.0,0,337.44,0.0,1,18.48,13.8,SPY210115P00314000,314.0,0,0.0,0.0,,0.0,normalDay
2020-08-13,4853.0,446.0,0.0,0,336.83,0.0,1,18.48,14.02,SPY210115P00314000,314.0,0,0.0,0.0,,0.0,normalDay
2020-08-14,4853.0,443.0,0.0,0,336.84,0.0,1,18.48,14.05,SPY210115P00314000,314.0,0,0.0,0.0,,0.0,normalDay
2020-08-17,4853.0,522.0,0.0,0,337.91,0.0,1,18.48,13.26,SPY210115P00314000,314.0,0,0.0,0.0,,0.0,normalDay
2020-08-18,4853.0,572.0,0.0,0,338.64,0.0,1,18.48,12.76,SPY210115P00314000,314.0,0,0.0,0.0,,0.0,normalDay
2020-08-19,4853.0,510.0,0.0,0,337.23,0.0,1,18.48,13.38,SPY210115P00314000,314.0,0,0.0,0.0,,0.0,normalDay
2020-08-20,4853.0,552.0,0.0,0,338.28,0.0,1,18.48,12.96,SPY210115P00314000,314.0,0,0.0,0.0,,0.0,normalDay
2020-08-21,4853.0,598.0,0.0,0,339.48,0.0,1,18.48,12.5,SPY210115P00314000,314.0,0,0.0,0.0,,0.0,normalDay
2020-08-24,4853.0,673.0,0.0,0,342.92,0.0,1,18.48,11.75,SPY210115P00314000,314.0,0,0.0,0.0,,0.0,normalDay
2020-08-25,4853.0,712.0,0.0,0,344.12,0.0,1,18.48,11.36,SPY210115P00314000,314.0,0,0.0,0.0,,0.0,normalDay
2020-08-26,4853.0,742.0,0.0,0,347.57,0.0,1,18.48,11.06,SPY210115P00314000,314.0,0,0.0,0.0,,0.0,normalDay
2020-08-27,4853.0,727.0,0.0,0,348.33,0.0,1,18.48,11.21,SPY210115P00314000,314.0,0,0.0,0.0,,0.0,normalDay
2020-08-28,4853.0,789.0,0.0,0,350.58,0.0,1,18.48,10.59,SPY210115P00314000,314.0,0,0.0,0.0,,0.0,normalDay
2020-08-31,4853.0,681.0,0.0,0,349.31,0.0,1,18.48,11.67,SPY210115P00314000,314.0,0,0.0,0.0,,0.0,normalDay
2020-09-01,4853.0,717.0,0.0,0,352.6,0.0,1,18.48,11.31,SPY210115P00314000,314.0,0,0.0,0.0,,0.0,normalDay
2020-09-02,4853.0,754.0,0.0,0,357.7,0.0,1,18.48,10.94,SPY210115P00314000,314.0,0,0.0,0.0,,0.0,normalDay
2020-09-03,4853.0,411.0,0.0,0,345.39,0.0,1,18.48,14.37,SPY210115P00314000,314.0,0,0.0,0.0,,0.0,normalDay
2020-09-04,4853.0,418.0,0.0,0,342.57,0.0,1,18.48,14.3,SPY210115P00314000,314.0,0,0.0,0.0,,0.0,normalDay
2020-09-08,4853.0,270.0,0.0,0,333.21,0.0,1,18.48,15.78,SPY210115P00314000,314.0,0,0.0,0.0,,0.0,normalDay
2020-09-09,4853.0,519.0,0.0,0,339.79,0.0,1,18.48,13.29,SPY210115P00314000,314.0,0,0.0,0.0,,0.0,normalDay
2020-09-10,4853.0,364.0,0.0,0,333.89,0.0,1,18.48,14.84,SPY210115P00314000,314.0,0,0.0,0.0,,0.0,normalDay
2020-09-11,4853.0,422.0,0.0,0,334.06,0.0,1,18.48,14.26,SPY210115P00314000,314.0,0,0.0,0.0,,0.0,normalDay
2020-09-14,4853.0,617.0,0.0,0,338.46,0.0,1,18.48,12.31,SPY210115P00314000,314.0,0,0.0,0.0,,0.0,normalDay
2020-09-15,4853.0,666.0,0.0,0,340.17,0.0,1,18.48,11.82,SPY210115P00314000,314.0,0,0.0,0.0,,0.0,normalDay
2020-09-16,4853.0,618.0,0.0,0,338.82,0.0,1,18.48,12.3,SPY210115P00314000,314.0,0,0.0,0.0,,0.0,normalDay
2020-09-17,4853.0,547.0,0.0,0,335.84,0.0,1,18.48,13.01,SPY210115P00314000,314.0,0,0.0,0.0,,0.0,normalDay
2020-09-18,4853.0,458.0,0.0,0,330.65,0.0,1,18.48,13.9,SPY210115P00314000,314.0,0,0.0,0.0,,0.0,normalDay
2020-09-21,4853.0,331.0,0.0,0,326.97,0.0,1,18.48,15.17,SPY210115P00314000,314.0,0,0.0,0.0,,0.0,normalDay
2020-09-22,4853.0,391.0,0.0,0,330.3,0.0,1,18.48,14.57,SPY210115P00314000,314.0,0,0.0,0.0,,0.0,normalDay
2020-09-23,4853.0,101.0,0.0,0,322.64,0.0,1,18.48,17.47,SPY210115P00314000,314.0,0,0.0,0.0,,0.0,normalDay
2020-09-24,4853.0,169.0,0.0,0,323.5,0.0,1,18.48,16.79,SPY210115P00314000,314.0,0,0.0,0.0,,0.0,normalDay
2020-09-25,4853.0,368.0,0.0,0,328.73,0.0,1,18.48,14.8,SPY210115P00314000,314.0,0,0.0,0.0,,0.0,normalDay
2020-09-28,4853.0,548.0,0.0,0,334.19,0.0,1,18.48,13.0,SPY210115P00314000,314.0,0,0.0,0.0,,0.0,normalDay
2020-09-29,4853.0,535.0,0.0,0,332.37,0.0,1,18.48,13.13,SPY210115P00314000,314.0,0,0.0,0.0,,0.0,normalDay
2020-09-30,4853.0,546.0,0.0,0,334.89,0.0,1,18.48,13.02,SPY210115P00314000,314.0,0,0.0,0.0,,0.0,normalDay
2020-10-01,4853.0,616.0,0.0,0,337.04,0.0,1,18.48,12.32,SPY210115P00314000,314.0,0,0.0,0.0,,0.0,normalDay
2020-10-02,4853.0,513.0,0.0,0,333.84,0.0,1,18.48,13.35,SPY210115P00314000,314.0,0,0.0,0.0,,0.0,normalDay
2020-10-05,4853.0,720.0,0.0,0,339.76,0.0,1,18.48,11.28,SPY210115P00314000,314.0,0,0.0,0.0,,0.0,normalDay
2020-10-06,4853.0,603.0,0.0,0,334.93,0.0,1,18.48,12.45,SPY210115P00314000,314.0,0,0.0,0.0,,0.0,normalDay
2020-10-07,4853.0,807.0,0.0,0,340.76,0.0,1,18.48,10.41,SPY210115P00314000,314.0,0,0.0,0.0,,0.0,normalDay
2020-10-08,4853.0,937.0,0.0,0,343.78,0.0,1,18.48,9.11,SPY210115P00314000,314.0,0,0.0,0.0,,0.0,normalDay
2020-10-09,4853.0,1074.0,0.0,0,346.85,0.0,1,18.48,7.74,SPY210115P00314000,314.0,0,0.0,0.0,,0.0,normalDay
2020-10-12,4853.0,1186.0,0.0,0,352.43,0.0,1,18.48,6.62,SPY210115P00314000,314.0,0,0.0,0.0,,0.0,normalDay
2020-10-13,4853.0,1137.0,0.0,0,350.13,0.0,1,18.48,7.11,SPY210115P00314000,314.0,0,0.0,0.0,,0.0,normalDay
2020-10-14,4853.0,1114.0,0.0,0,347.93,0.0,1,18.48,7.34,SPY210115P00314000,314.0,0,0.0,0.0,,0.0,normalDay
2020-10-15,4853.0,1101.0,0.0,0,347.5,0.0,1,18.48,7.47,SPY210115P00314000,314.0,0,0.0,0.0,,0.0,normalDay
2020-10-16,4853.0,1068.0,0.0,0,347.29,0.0,1,18.48,7.8,SPY210115P00314000,314.0,0,0.0,0.0,,0.0,normalDay
2020-10-19,4853.0,951.0,0.0,0,342.01,0.0,1,18.48,8.97,SPY210115P00314000,314.0,0,0.0,0.0,,0.0,normalDay
2020-10-20,4853.0,970.0,0.0,0,343.38,0.0,1,18.48,8.78,SPY210115P00314000,314.0,0,0.0,0.0,,0.0,normalDay
2020-10-21,4853.0,1016.0,0.0,0,342.73,0.0,1,18.48,8.32,SPY210115P00314000,314.0,0,0.0,0.0,,0.0,normalDay
2020-10-22,4853.0,1058.0,0.0,0,344.61,0.0,1,18.48,7.9,SPY210115P00314000,314.0,0,0.0,0.0,,0.0,normalDay
2020-10-23,4853.0,1091.0,0.0,0,345.78,0.0,1,18.48,7.57,SPY210115P00314000,314.0,0,0.0,0.0,,0.0,normalDay
2020-10-26,4853.0,880.0,0.0,0,339.39,0.0,1,18.48,9.68,SPY210115P00314000,314.0,0,0.0,0.0,,0.0,normalDay
2020-10-27,4853.0,845.0,0.0,0,338.22,0.0,1,18.48,10.03,SPY210115P00314000,314.0,0,0.0,0.0,,0.0,normalDay
2020-10-28,4853.0,305.0,0.0,0,326.66,0.0,1,18.48,15.43,SPY210115P00314000,314.0,0,0.0,0.0,,0.0,normalDay
2020-10-29,4853.0,567.0,0.0,0,329.98,0.0,1,18.48,12.81,SPY210115P00314000,314.0,0,0.0,0.0,,0.0,normalDay
2020-10-30,4853.0,438.0,0.0,0,326.54,0.0,1,18.48,14.1,SPY210115P00314000,314.0,0,0.0,0.0,,0.0,normalDay
2020-11-02,4853.0,631.0,0.0,0,330.2,0.0,1,18.48,12.17,SPY210115P00314000,314.0,0,0.0,0.0,,0.0,normalDay
2020-11-03,4853.0,827.0,0.0,0,336.03,0.0,1,18.48,10.21,SPY210115P00314000,314.0,0,0.0,0.0,,0.0,normalDay
2020-11-04,4853.0,1141.0,0.0,0,343.54,0.0,1,18.48,7.07,SPY210115P00314000,314.0,0,0.0,0.0,,0.0,normalDay
2020-11-05,4853.0,1264.0,0.0,0,350.24,0.0,1,18.48,5.84,SPY210115P00314000,314.0,0,0.0,0.0,,0.0,normalDay
2020-11-06,4853.0,1331.0,0.0,0,350.16,0.0,1,18.48,5.17,SPY210115P00314000,314.0,0,0.0,0.0,,0.0,normalDay
2020-11-09,4853.0,1433.0,0.0,0,354.56,0.0,1,18.48,4.15,SPY210115P00314000,314.0,0,0.0,0.0,,0.0,normalDay
2020-11-10,4853.0,1444.0,0.0,0,354.04,0.0,1,18.48,4.04,SPY210115P00314000,314.0,0,0.0,0.0,,0.0,normalDay
2020-11-11,4853.0,1500.0,0.0,0,356.67,0.0,1,18.48,3.48,SPY210115P00314000,314.0,0,0.0,0.0,,0.0,normalDay
2020-11-12,4853.0,1419.0,0.0,0,353.21,0.0,1,18.48,4.29,SPY210115P00314000,314.0,0,0.0,0.0,,0.0,normalDay
2020-11-13,4853.0,1519.0,0.0,0,358.1,0.0,1,18.48,3.29,SPY210115P00314000,314.0,0,0.0,0.0,,0.0,normalDay
2020-11-16,4853.0,1581.0,0.0,0,362.57,0.0,1,18.48,2.67,SPY210115P00314000,314.0,0,0.0,0.0,,0.0,normalDay
2020-11-17,4853.0,1575.0,0.0,0,360.62,0.0,1,18.48,2.73,SPY210115P00314000,314.0,0,0.0,0.0,,0.0,normalDay
2020-11-18,4853.0,1531.0,0.0,0,356.28,0.0,1,18.48,3.17,SPY210115P00314000,314.0,0,0.0,0.0,,0.0,normalDay
2020-11-19,4853.0,1569.0,0.0,0,357.78,0.0,1,18.48,2.79,SPY210115P00314000,314.0,0,0.0,0.0,,0.0,normalDay
2020-11-20,4853.0,1543.0,0.0,0,355.33,0.0,1,18.48,3.05,SPY210115P00314000,314.0,0,0.0,0.0,,0.0,normalDay
2020-11-23,4853.0,1593.0,0.0,0,357.46,0.0,1,18.48,2.55,SPY210115P00314000,314.0,0,0.0,0.0,,0.0,normalDay
2020-11-24,4853.0,1654.0,0.0,0,363.22,0.0,1,18.48,1.94,SPY210115P00314000,314.0,0,0.0,0.0,,0.0,normalDay
2020-11-25,4853.0,1669.0,0.0,0,362.66,0.0,1,18.48,1.79,SPY210115P00314000,314.0,0,0.0,0.0,,0.0,normalDay
2020-11-27,4853.0,1690.0,0.0,0,363.67,0.0,1,18.48,1.58,SPY210115P00314000,314.0,0,0.0,0.0,,0.0,normalDay
2020-11-30,4853.0,1703.0,0.0,0,362.06,0.0,1,18.48,1.45,SPY210115P00314000,314.0,0,0.0,0.0,,0.0,normalDay
2020-12-01,4853.0,1714.0,0.0,0,366.02,0.0,1,18.48,1.34,SPY210115P00314000,314.0,0,0.0,0.0,,0.0,normalDay
2020-12-02,4853.0,1719.0,0.0,0,366.79,0.0,1,18.48,1.29,SPY210115P00314000,314.0,0,0.0,0.0,,0.0,normalDay
2020-12-03,4853.0,1716.0,0.0,0,366.69,0.0,1,18.48,1.32,SPY210115P00314000,314.0,0,0.0,0.0,,0.0,normalDay
2020-12-04,4853.0,1747.0,0.0,0,369.85,0.0,1,18.48,1.01,SPY210115P00314000,314.0,0,0.0,0.0,,0.0,normalDay
2020-12-07,4853.0,1752.0,0.0,0,369.09,0.0,1,18.48,0.96,SPY210115P00314000,314.0,0,0.0,0.0,,0.0,normalDay
2020-12-08,4853.0,1771.0,0.0,0,370.17,0.0,1,18.48,0.77,SPY210115P00314000,314.0,0,0.0,0.0,,0.0,normalDay
2020-12-09,4853.0,1753.0,0.0,0,366.85,0.0,1,18.48,0.95,SPY210115P00314000,314.0,0,0.0,0.0,,0.0,normalDay
2020-12-10,4853.0,1755.0,0.0,0,366.73,0.0,1,18.48,0.93,SPY210115P00314000,314.0,0,0.0,0.0,,0.0,normalDay
2020-12-11,4853.0,1746.0,0.0,0,366.3,0.0,1,18.48,1.02,SPY210115P00314000,314.0,0,0.0,0.0,,0.0,normalDay
2020-12-14,4853.0,1736.0,0.0,0,364.66,0.0,1,18.48,1.12,SPY210115P00314000,314.0,0,0.0,0.0,,0.0,normalDay
2020-12-15,4853.0,1767.0,0.0,0,369.59,0.0,1,18.48,0.81,SPY210115P00314000,314.0,0,0.0,0.0,,0.0,normalDay
2020-12-16,4853.0,1777.0,0.0,0,370.17,0.0,1,18.48,0.71,SPY210115P00314000,314.0,0,0.0,0.0,,0.0,normalDay
2020-12-17,4853.0,1790.0,0.0,0,372.24,0.0,1,18.48,0.58,SPY210115P00314000,314.0,0,0.0,0.0,,0.0,normalDay
2020-12-18,4853.0,1794.0,0.0,0,369.18,0.0,1,18.48,0.54,SPY210115P00314000,314.0,0,0.0,0.0,,0.0,normalDay
2020-12-21,4853.0,1773.0,0.0,0,367.86,0.0,1,18.48,0.75,SPY210115P00314000,314.0,0,0.0,0.0,,0.0,normalDay
2020-12-22,4853.0,1783.0,0.0,0,367.24,0.0,1,18.48,0.65,SPY210115P00314000,314.0,0,0.0,0.0,,0.0,normalDay
2020-12-23,4853.0,1793.0,0.0,0,367.57,0.0,1,18.48,0.55,SPY210115P00314000,314.0,0,0.0,0.0,,0.0,normalDay
2020-12-24,4853.0,1807.0,0.0,0,369.0,0.0,1,18.48,0.41,SPY210115P00314000,314.0,0,0.0,0.0,,0.0,normalDay
2020-12-28,4853.0,1820.0,0.0,0,372.17,0.0,1,18.48,0.28,SPY210115P00314000,314.0,0,0.0,0.0,,0.0,normalDay
2020-12-29,4853.0,1816.0,0.0,0,371.46,0.0,1,18.48,0.32,SPY210115P00314000,314.0,0,0.0,0.0,,0.0,normalDay
2020-12-30,4853.0,1820.0,0.0,0,371.99,0.0,1,18.48,0.28,SPY210115P00314000,314.0,0,0.0,0.0,,0.0,normalDay
2020-12-31,4853.0,1822.0,0.0,0,373.88,0.0,1,18.48,0.26,SPY210115P00314000,314.0,0,0.0,0.0,,0.0,normalDay
2021-01-04,4853.0,1820.0,0.0,0,368.79,0.0,1,18.48,0.28,SPY210115P00314000,314.0,0,0.0,0.0,,0.0,normalDay
2021-01-05,4853.0,1830.0,0.0,0,371.33,0.0,1,18.48,0.18,SPY210115P00314000,314.0,0,0.0,0.0,,0.0,normalDay
2021-01-06,4853.0,1826.0,0.0,0,373.55,0.0,1,18.48,0.22,SPY210115P00314000,314.0,0,0.0,0.0,,0.0,normalDay
2021-01-07,4853.0,1839.0,0.0,0,379.1,0.0,1,18.48,0.09,SPY210115P00314000,314.0,0,0.0,0.0,,0.0,normalDay
2021-01-08,4853.0,1844.0,0.0,0,381.26,0.0,1,18.48,0.04,SPY210115P00314000,314.0,0,0.0,0.0,,0.0,normalDay
2021-01-11,4853.0,1844.0,0.0,0,378.69,0.0,1,18.48,0.04,SPY210115P00314000,314.0,0,0.0,0.0,,0.0,normalDay
2021-01-12,4853.0,1846.0,0.0,0,378.77,0.0,1,18.48,0.02,SPY210115P00314000,314.0,0,0.0,0.0,,0.0,normalDay
2021-01-13,4853.0,1847.0,0.0,0,379.79,0.0,1,18.48,0.01,SPY210115P00314000,314.0,0,0.0,0.0,,0.0,normalDay
2021-01-14,4853.0,1847.0,0.0,0,378.46,0.0,1,18.48,0.01,SPY210115P00314000,314.0,0,0.0,0.0,,0.0,normalDay
2021-01-15,6701.0,0.0,1848.0,0,375.7,0.0,1,18.48,0.0,SPY210115P00314000,314.0,0,0.0,0.0,,0.0,expirationDay
2021-01-19,6701.0,-28.0,0.0,0,378.65,0.0,1,21.48,21.76,SPY210716P00375000,375.0,0,0.0,0.0,,0.0,normalDay
2021-01-20,6701.0,193.0,0.0,0,383.89,0.0,1,21.48,19.55,SPY210716P00375000,375.0,0,0.0,0.0,,0.0,normalDay
2021-01-21,6701.0,199.0,0.0,0,384.24,0.0,1,21.48,19.49,SPY210716P00375000,375.0,0,0.0,0.0,,0.0,normalDay
2021-01-22,6701.0,142.0,0.0,0,382.88,0.0,1,21.48,20.06,SPY210716P00375000,375.0,0,0.0,0.0,,0.0,normalDay
2021-01-25,6701.0,152.0,0.0,0,384.39,0.0,1,21.48,19.96,SPY210716P00375000,375.0,0,0.0,0.0,,0.0,normalDay
2021-01-26,6701.0,142.0,0.0,0,383.79,0.0,1,21.48,20.06,SPY210716P00375000,375.0,0,0.0,0.0,,0.0,normalDay
2021-01-27,6701.0,-614.0,0.0,0,374.41,0.0,1,21.48,27.62,SPY210716P00375000,375.0,0,0.0,0.0,,0.0,normalDay
2021-01-28,6701.0,-307.0,0.0,0,377.63,0.0,1,21.48,24.55,SPY210716P00375000,375.0,0,0.0,0.0,,0.0,normalDay
2021-01-29,6701.0,-751.0,0.0,0,370.07,0.0,1,21.48,28.99,SPY210716P00375000,375.0,0,0.0,0.0,,0.0,normalDay
2021-02-01,6701.0,-363.0,0.0,0,376.23,0.0,1,21.48,25.11,SPY210716P00375000,375.0,0,0.0,0.0,,0.0,normalDay
2021-02-02,6701.0,21.0,0.0,0,381.55,0.0,1,21.48,21.27,SPY210716P00375000,375.0,0,0.0,0.0,,0.0,normalDay
2021-02-03,6701.0,105.0,0.0,0,381.85,0.0,1,21.48,20.43,SPY210716P00375000,375.0,0,0.0,0.0,,0.0,normalDay
2021-02-04,6701.0,279.0,0.0,0,386.19,0.0,1,21.48,18.69,SPY210716P00375000,375.0,0,0.0,0.0,,0.0,normalDay
2021-02-05,6701.0,333.0,0.0,0,387.71,0.0,1,21.48,18.15,SPY210716P00375000,375.0,0,0.0,0.0,,0.0,normalDay
2021-02-08,6701.0,431.0,0.0,0,390.51,0.0,1,21.48,17.17,SPY210716P00375000,375.0,0,0.0,0.0,,0.0,normalDay
2021-02-09,6701.0,427.0,0.0,0,390.25,0.0,1,21.48,17.21,SPY210716P00375000,375.0,0,0.0,0.0,,0.0,normalDay
2021-02-10,6701.0,386.0,0.0,0,390.08,0.0,1,21.48,17.62,SPY210716P00375000,375.0,0,0.0,0.0,,0.0,normalDay
2021-02-11,6701.0,414.0,0.0,0,390.71,0.0,1,21.48,17.34,SPY210716P00375000,375.0,0,0.0,0.0,,0.0,normalDay
2021-02-12,6701.0,529.0,0.0,0,392.64,0.0,1,21.48,16.19,SPY210716P00375000,375.0,0,0.0,0.0,,0.0,normalDay
2021-02-16,6701.0,498.0,0.0,0,392.3,0.0,1,21.48,16.5,SPY210716P00375000,375.0,0,0.0,0.0,,0.0,normalDay
2021-02-17,6701.0,517.0,0.0,0,392.39,0.0,1,21.48,16.31,SPY210716P00375000,375.0,0,0.0,0.0,,0.0,normalDay
2021-02-18,6701.0,455.0,0.0,0,390.72,0.0,1,21.48,16.93,SPY210716P00375000,375.0,0,0.0,0.0,,0.0,normalDay
2021-02-19,6701.0,467.0,0.0,0,390.03,0.0,1,21.48,16.81,SPY210716P00375000,375.0,0,0.0,0.0,,0.0,normalDay
2021-02-22,6701.0,364.0,0.0,0,387.03,0.0,1,21.48,17.84,SPY210716P00375000,375.0,0,0.0,0.0,,0.0,normalDay
2021-02-23,6701.0,425.0,0.0,0,387.5,0.0,1,21.48,17.23,SPY210716P00375000,375.0,0,0.0,0.0,,0.0,normalDay
2021-02-24,6701.0,615.0,0.0,0,391.77,0.0,1,21.48,15.33,SPY210716P00375000,375.0,0,0.0,0.0,,0.0,normalDay
2021-02-25,6701.0,146.0,0.0,0,382.33,0.0,1,21.48,20.02,SPY210716P00375000,375.0,0,0.0,0.0,,0.0,normalDay
2021-02-26,6701.0,158.0,0.0,0,380.36,0.0,1,21.48,19.9,SPY210716P00375000,375.0,0,0.0,0.0,,0.0,normalDay
2021-03-01,6701.0,592.0,0.0,0,389.58,0.0,1,21.48,15.56,SPY210716P00375000,375.0,0,0.0,0.0,,0.0,normalDay
2021-03-02,6701.0,472.0,0.0,0,386.54,0.0,1,21.48,16.76,SPY210716P00375000,375.0,0,0.0,0.0,,0.0,normalDay
2021-03-03,6701.0,257.0,0.0,0,381.42,0.0,1,21.48,18.91,SPY210716P00375000,375.0,0,0.0,0.0,,0.0,normalDay
2021-03-04,6701.0,56.0,0.0,0,376.7,0.0,1,21.48,20.92,SPY210716P00375000,375.0,0,0.0,0.0,,0.0,normalDay
2021-03-05,6701.0,425.0,0.0,0,383.63,0.0,1,21.48,17.23,SPY210716P00375000,375.0,0,0.0,0.0,,0.0,normalDay
2021-03-08,6701.0,376.0,0.0,0,381.72,0.0,1,21.48,17.72,SPY210716P00375000,375.0,0,0.0,0.0,,0.0,normalDay
2021-03-09,6701.0,577.0,0.0,0,387.17,0.0,1,21.48,15.71,SPY210716P00375000,375.0,0,0.0,0.0,,0.0,normalDay
2021-03-10,6701.0,693.0,0.0,0,389.58,0.0,1,21.48,14.55,SPY210716P00375000,375.0,0,0.0,0.0,,0.0,normalDay
2021-03-11,6701.0,814.0,0.0,0,393.53,0.0,1,21.48,13.34,SPY210716P00375000,375.0,0,0.0,0.0,,0.0,normalDay
2021-03-12,6701.0,872.0,0.0,0,394.06,0.0,1,21.48,12.76,SPY210716P00375000,375.0,0,0.0,0.0,,0.0,normalDay
2021-03-15,6701.0,988.0,0.0,0,396.41,0.0,1,21.48,11.6,SPY210716P00375000,375.0,0,0.0,0.0,,0.0,normalDay
2021-03-16,6701.0,977.0,0.0,0,395.91,0.0,1,21.48,11.71,SPY210716P00375000,375.0,0,0.0,0.0,,0.0,normalDay
2021-03-17,6701.0,1059.0,0.0,0,397.26,0.0,1,21.48,10.89,SPY210716P00375000,375.0,0,0.0,0.0,,0.0,normalDay
2021-03-18,6701.0,880.0,0.0,0,391.48,0.0,1,21.48,12.68,SPY210716P00375000,375.0,0,0.0,0.0,,0.0,normalDay
2021-03-19,6701.0,868.0,0.0,0,389.48,0.0,1,21.48,12.8,SPY210716P00375000,375.0,0,0.0,0.0,,0.0,normalDay
2021-03-22,6701.0,1086.0,0.0,0,392.59,0.0,1,21.48,10.62,SPY210716P00375000,375.0,0,0.0,0.0,,0.0,normalDay
2021-03-23,6701.0,976.0,0.0,0,389.5,0.0,1,21.48,11.72,SPY210716P00375000,375.0,0,0.0,0.0,,0.0,normalDay
2021-03-24,6701.0,904.0,0.0,0,387.52,0.0,1,21.48,12.44,SPY210716P00375000,375.0,0,0.0,0.0,,0.0,normalDay
2021-03-25,6701.0,1023.0,0.0,0,389.7,0.0,1,21.48,11.25,SPY210716P00375000,375.0,0,0.0,0.0,,0.0,normalDay
2021-03-26,6701.0,1211.0,0.0,0,395.98,0.0,1,21.48,9.37,SPY210716P00375000,375.0,0,0.0,0.0,,0.0,normalDay
2021-03-29,6701.0,1189.0,0.0,0,395.78,0.0,1,21.48,9.59,SPY210716P00375000,375.0,0,0.0,0.0,,0.0,normalDay
2021-03-30,6701.0,1205.0,0.0,0,394.73,0.0,1,21.48,9.43,SPY210716P00375000,375.0,0,0.0,0.0,,0.0,normalDay
2021-03-31,6701.0,1262.0,0.0,0,396.33,0.0,1,21.48,8.86,SPY210716P00375000,375.0,0,0.0,0.0,,0.0,normalDay
2021-04-01,6701.0,1411.0,0.0,0,400.61,0.0,1,21.48,7.37,SPY210716P00375000,375.0,0,0.0,0.0,,0.0,normalDay
2021-04-05,6701.0,1529.0,0.0,0,406.36,0.0,1,21.48,6.19,SPY210716P00375000,375.0,0,0.0,0.0,,0.0,normalDay
2021-04-06,6701.0,1516.0,0.0,0,406.12,0.0,1,21.48,6.32,SPY210716P00375000,375.0,0,0.0,0.0,,0.0,normalDay
2021-04-07,6701.0,1549.0,0.0,0,406.59,0.0,1,21.48,5.99,SPY210716P00375000,375.0,0,0.0,0.0,,0.0,normalDay
2021-04-08,6701.0,1574.0,0.0,0,408.52,0.0,1,21.48,5.74,SPY210716P00375000,375.0,0,0.0,0.0,,0.0,normalDay
2021-04-09,6701.0,1604.0,0.0,0,411.49,0.0,1,21.48,5.44,SPY210716P00375000,375.0,0,0.0,0.0,,0.0,normalDay
2021-04-12,6701.0,1621.0,0.0,0,411.64,0.0,1,21.48,5.27,SPY210716P00375000,375.0,0,0.0,0.0,,0.0,normalDay
2021-04-13,6701.0,1655.0,0.0,0,412.86,0.0,1,21.48,4.93,SPY210716P00375000,375.0,0,0.0,0.0,,0.0,normalDay
2021-04-14,6701.0,1632.0,0.0,0,411.45,0.0,1,21.48,5.16,SPY210716P00375000,375.0,0,0.0,0.0,,0.0,normalDay
2021-04-15,6701.0,1693.0,0.0,0,415.87,0.0,1,21.48,4.55,SPY210716P00375000,375.0,0,0.0,0.0,,0.0,normalDay
2021-04-16,6701.0,1714.0,0.0,0,417.26,0.0,1,21.48,4.34,SPY210716P00375000,375.0,0,0.0,0.0,,0.0,normalDay
2021-04-19,6701.0,1672.0,0.0,0,415.21,0.0,1,21.48,4.76,SPY210716P00375000,375.0,0,0.0,0.0,,0.0,normalDay
2021-04-20,6701.0,1599.0,0.0,0,412.17,0.0,1,21.48,5.49,SPY210716P00375000,375.0,0,0.0,0.0,,0.0,normalDay
2021-04-21,6701.0,1687.0,0.0,0,416.07,0.0,1,21.48,4.61,SPY210716P00375000,375.0,0,0.0,0.0,,0.0,normalDay
2021-04-22,6701.0,1601.0,0.0,0,412.27,0.0,1,21.48,5.47,SPY210716P00375000,375.0,0,0.0,0.0,,0.0,normalDay
2021-04-23,6701.0,1704.0,0.0,0,416.74,0.0,1,21.48,4.44,SPY210716P00375000,375.0,0,0.0,0.0,,0.0,normalDay
2021-04-26,6701.0,1730.0,0.0,0,417.61,0.0,1,21.48,4.18,SPY210716P00375000,375.0,0,0.0,0.0,,0.0,normalDay
2021-04-27,6701.0,1742.0,0.0,0,417.52,0.0,1,21.48,4.06,SPY210716P00375000,375.0,0,0.0,0.0,,0.0,normalDay
2021-04-28,6701.0,1763.0,0.0,0,417.4,0.0,1,21.48,3.85,SPY210716P00375000,375.0,0,0.0,0.0,,0.0,normalDay
2021-04-29,6701.0,1778.0,0.0,0,420.06,0.0,1,21.48,3.7,SPY210716P00375000,375.0,0,0.0,0.0,,0.0,normalDay
2021-04-30,6701.0,1737.0,0.0,0,417.3,0.0,1,21.48,4.11,SPY210716P00375000,375.0,0,0.0,0.0,,0.0,normalDay
2021-05-03,6701.0,1770.0,0.0,0,418.2,0.0,1,21.48,3.78,SPY210716P00375000,375.0,0,0.0,0.0,,0.0,normalDay
2021-05-04,6701.0,1715.0,0.0,0,415.62,0.0,1,21.48,4.33,SPY210716P00375000,375.0,0,0.0,0.0,,0.0,normalDay
2021-05-05,6701.0,1733.0,0.0,0,415.75,0.0,1,21.48,4.15,SPY210716P00375000,375.0,0,0.0,0.0,,0.0,normalDay
2021-05-06,6701.0,1791.0,0.0,0,419.07,0.0,1,21.48,3.57,SPY210716P00375000,375.0,0,0.0,0.0,,0.0,normalDay
2021-05-07,6701.0,1851.0,0.0,0,422.12,0.0,1,21.48,2.97,SPY210716P00375000,375.0,0,0.0,0.0,,0.0,normalDay
2021-05-10,6701.0,1777.0,0.0,0,417.94,0.0,1,21.48,3.71,SPY210716P00375000,375.0,0,0.0,0.0,,0.0,normalDay
2021-05-11,6701.0,1697.0,0.0,0,414.21,0.0,1,21.48,4.51,SPY210716P00375000,375.0,0,0.0,0.0,,0.0,normalDay
2021-05-12,6701.0,1420.0,0.0,0,405.41,0.0,1,21.48,7.28,SPY210716P00375000,375.0,0,0.0,0.0,,0.0,normalDay
2021-05-13,6701.0,1618.0,0.0,0,410.28,0.0,1,21.48,5.3,SPY210716P00375000,375.0,0,0.0,0.0,,0.0,normalDay
2021-05-14,6701.0,1810.0,0.0,0,416.58,0.0,1,21.48,3.38,SPY210716P00375000,375.0,0,0.0,0.0,,0.0,normalDay
2021-05-17,6701.0,1790.0,0.0,0,415.52,0.0,1,21.48,3.58,SPY210716P00375000,375.0,0,0.0,0.0,,0.0,normalDay
2021-05-18,6701.0,1726.0,0.0,0,411.94,0.0,1,21.48,4.22,SPY210716P00375000,375.0,0,0.0,0.0,,0.0,normalDay
2021-05-19,6701.0,1696.0,0.0,0,410.86,0.0,1,21.48,4.52,SPY210716P00375000,375.0,0,0.0,0.0,,0.0,normalDay
2021-05-20,6701.0,1785.0,0.0,0,415.28,0.0,1,21.48,3.63,SPY210716P00375000,375.0,0,0.0,0.0,,0.0,normalDay
2021-05-21,6701.0,1806.0,0.0,0,414.94,0.0,1,21.48,3.42,SPY210716P00375000,375.0,0,0.0,0.0,,0.0,normalDay
2021-05-24,6701.0,1896.0,0.0,0,419.17,0.0,1,21.48,2.52,SPY210716P00375000,375.0,0,0.0,0.0,,0.0,normalDay
2021-05-25,6701.0,1896.0,0.0,0,418.24,0.0,1,21.48,2.52,SPY210716P00375000,375.0,0,0.0,0.0,,0.0,normalDay
2021-05-26,6701.0,1943.0,0.0,0,419.07,0.0,1,21.48,2.05,SPY210716P00375000,375.0,0,0.0,0.0,,0.0,normalDay
2021-05-27,6701.0,1974.0,0.0,0,419.29,0.0,1,21.48,1.74,SPY210716P00375000,375.0,0,0.0,0.0,,0.0,normalDay
2021-05-28,6701.0,1977.0,0.0,0,420.04,0.0,1,21.48,1.71,SPY210716P00375000,375.0,0,0.0,0.0,,0.0,normalDay
2021-06-01,6701.0,1976.0,0.0,0,419.67,0.0,1,21.48,1.72,SPY210716P00375000,375.0,0,0.0,0.0,,0.0,normalDay
2021-06-02,6701.0,1992.0,0.0,0,420.33,0.0,1,21.48,1.56,SPY210716P00375000,375.0,0,0.0,0.0,,0.0,normalDay
2021-06-03,6701.0,1979.0,0.0,0,418.77,0.0,1,21.48,1.69,SPY210716P00375000,375.0,0,0.0,0.0,,0.0,normalDay
2021-06-04,6701.0,2024.0,0.0,0,422.6,0.0,1,21.48,1.24,SPY210716P00375000,375.0,0,0.0,0.0,,0.0,normalDay
2021-06-07,6701.0,2039.0,0.0,0,422.19,0.0,1,21.48,1.09,SPY210716P00375000,375.0,0,0.0,0.0,,0.0,normalDay
2021-06-08,6701.0,2034.0,0.0,0,422.28,0.0,1,21.48,1.14,SPY210716P00375000,375.0,0,0.0,0.0,,0.0,normalDay
2021-06-09,6701.0,2024.0,0.0,0,421.65,0.0,1,21.48,1.24,SPY210716P00375000,375.0,0,0.0,0.0,,0.0,normalDay
2021-06-10,6701.0,2056.0,0.0,0,423.61,0.0,1,21.48,0.92,SPY210716P00375000,375.0,0,0.0,0.0,,0.0,normalDay
2021-06-11,6701.0,2063.0,0.0,0,424.31,0.0,1,21.48,0.85,SPY210716P00375000,375.0,0,0.0,0.0,,0.0,normalDay
2021-06-14,6701.0,2072.0,0.0,0,425.26,0.0,1,21.48,0.76,SPY210716P00375000,375.0,0,0.0,0.0,,0.0,normalDay
2021-06-15,6701.0,2066.0,0.0,0,424.48,0.0,1,21.48,0.82,SPY210716P00375000,375.0,0,0.0,0.0,,0.0,normalDay
2021-06-16,6701.0,2053.0,0.0,0,422.11,0.0,1,21.48,0.95,SPY210716P00375000,375.0,0,0.0,0.0,,0.0,normalDay
2021-06-17,6701.0,2064.0,0.0,0,421.97,0.0,1,21.48,0.84,SPY210716P00375000,375.0,0,0.0,0.0,,0.0,normalDay
2021-06-18,6701.0,2012.0,0.0,0,414.92,0.0,1,21.48,1.36,SPY210716P00375000,375.0,0,0.0,0.0,,0.0,normalDay
2021-06-21,6701.0,2081.0,0.0,0,420.86,0.0,1,21.48,0.67,SPY210716P00375000,375.0,0,0.0,0.0,,0.0,normalDay
2021-06-22,6701.0,2096.0,0.0,0,423.11,0.0,1,21.48,0.52,SPY210716P00375000,375.0,0,0.0,0.0,,0.0,normalDay
2021-06-23,6701.0,2104.0,0.0,0,422.6,0.0,1,21.48,0.44,SPY210716P00375000,375.0,0,0.0,0.0,,0.0,normalDay
2021-06-24,6701.0,2111.0,0.0,0,425.1,0.0,1,21.48,0.37,SPY210716P00375000,375.0,0,0.0,0.0,,0.0,normalDay
2021-06-25,6701.0,2117.0,0.0,0,426.61,0.0,1,21.48,0.31,SPY210716P00375000,375.0,0,0.0,0.0,,0.0,normalDay
2021-06-28,6701.0,2124.0,0.0,0,427.47,0.0,1,21.48,0.24,SPY210716P00375000,375.0,0,0.0,0.0,,0.0,normalDay
2021-06-29,6701.0,2125.0,0.0,0,427.7,0.0,1,21.48,0.23,SPY210716P00375000,375.0,0,0.0,0.0,,0.0,normalDay
2021-06-30,6701.0,2129.0,0.0,0,428.06,0.0,1,21.48,0.19,SPY210716P00375000,375.0,0,0.0,0.0,,0.0,normalDay
2021-07-01,6701.0,2133.0,0.0,0,430.43,0.0,1,21.48,0.15,SPY210716P00375000,375.0,0,0.0,0.0,,0.0,normalDay
2021-07-02,6701.0,2137.0,0.0,0,433.72,0.0,1,21.48,0.11,SPY210716P00375000,375.0,0,0.0,0.0,,0.0,normalDay
2021-07-06,6701.0,2139.0,0.0,0,432.93,0.0,1,21.48,0.09,SPY210716P00375000,375.0,0,0.0,0.0,,0.0,normalDay
2021-07-07,6701.0,2142.0,0.0,0,434.46,0.0,1,21.48,0.06,SPY210716P00375000,375.0,0,0.0,0.0,,0.0,normalDay
2021-07-08,6701.0,2138.0,0.0,0,430.92,0.0,1,21.48,0.1,SPY210716P00375000,375.0,0,0.0,0.0,,0.0,normalDay
2021-07-09,6701.0,2144.0,0.0,0,435.52,0.0,1,21.48,0.04,SPY210716P00375000,375.0,0,0.0,0.0,,0.0,normalDay
2021-07-12,6701.0,2146.0,0.0,0,437.08,0.0,1,21.48,0.02,SPY210716P00375000,375.0,0,0.0,0.0,,0.0,normalDay
2021-07-13,6701.0,2146.0,0.0,0,435.59,0.0,1,21.48,0.02,SPY210716P00375000,375.0,0,0.0,0.0,,0.0,normalDay
2021-07-14,6701.0,2147.0,0.0,0,436.24,0.0,1,21.48,0.01,SPY210716P00375000,375.0,0,0.0,0.0,,0.0,normalDay
2021-07-15,6701.0,2147.0,0.0,0,434.75,0.0,1,21.48,0.01,SPY210716P00375000,375.0,0,0.0,0.0,,0.0,normalDay
2021-07-16,8849.0,0.0,2148.0,0,431.34,0.0,1,21.48,0.0,SPY210716P00375000,375.0,0,0.0,0.0,,0.0,expirationDay
2021-07-19,8849.0,-32.0,0.0,0,424.97,0.0,1,26.86,27.18,SPY220218P00430000,430.0,0,0.0,0.0,,0.0,normalDay
2021-07-20,8849.0,291.0,0.0,0,431.06,0.0,1,26.86,23.95,SPY220218P00430000,430.0,0,0.0,0.0,,0.0,normalDay
2021-07-21,8849.0,491.0,0.0,0,434.55,0.0,1,26.86,21.95,SPY220218P00430000,430.0,0,0.0,0.0,,0.0,normalDay
2021-07-22,8849.0,532.0,0.0,0,435.46,0.0,1,26.86,21.54,SPY220218P00430000,430.0,0,0.0,0.0,,0.0,normalDay
2021-07-23,8849.0,666.0,0.0,0,439.94,0.0,1,26.86,20.2,SPY220218P00430000,430.0,0,0.0,0.0,,0.0,normalDay
2021-07-26,8849.0,702.0,0.0,0,441.02,0.0,1,26.86,19.84,SPY220218P00430000,430.0,0,0.0,0.0,,0.0,normalDay
2021-07-27,8849.0,584.0,0.0,0,439.01,0.0,1,26.86,21.02,SPY220218P00430000,430.0,0,0.0,0.0,,0.0,normalDay
2021-07-28,8849.0,616.0,0.0,0,438.83,0.0,1,26.86,20.7,SPY220218P00430000,430.0,0,0.0,0.0,,0.0,normalDay
2021-07-29,8849.0,710.0,0.0,0,440.65,0.0,1,26.86,19.76,SPY220218P00430000,430.0,0,0.0,0.0,,0.0,normalDay
2021-07-30,8849.0,653.0,0.0,0,438.51,0.0,1,26.86,20.33,SPY220218P00430000,430.0,0,0.0,0.0,,0.0,normalDay
2021-08-02,8849.0,578.0,0.0,0,437.59,0.0,1,26.86,21.08,SPY220218P00430000,430.0,0,0.0,0.0,,0.0,normalDay
2021-08-03,8849.0,743.0,0.0,0,441.15,0.0,1,26.86,19.43,SPY220218P00430000,430.0,0,0.0,0.0,,0.0,normalDay
2021-08-04,8849.0,682.0,0.0,0,438.98,0.0,1,26.86,20.04,SPY220218P00430000,430.0,0,0.0,0.0,,0.0,normalDay
2021-08-05,8849.0,793.0,0.0,0,441.76,0.0,1,26.86,18.93,SPY220218P00430000,430.0,0,0.0,0.0,,0.0,normalDay
2021-08-06,8849.0,861.0,0.0,0,442.49,0.0,1,26.86,18.25,SPY220218P00430000,430.0,0,0.0,0.0,,0.0,normalDay
2021-08-09,8849.0,846.0,0.0,0,442.13,0.0,1,26.86,18.4,SPY220218P00430000,430.0,0,0.0,0.0,,0.0,normalDay
2021-08-10,8849.0,841.0,0.0,0,442.68,0.0,1,26.86,18.45,SPY220218P00430000,430.0,0,0.0,0.0,,0.0,normalDay
2021-08-11,8849.0,915.0,0.0,0,443.78,0.0,1,26.86,17.71,SPY220218P00430000,430.0,0,0.0,0.0,,0.0,normalDay
2021-08-12,8849.0,975.0,0.0,0,445.11,0.0,1,26.86,17.11,SPY220218P00430000,430.0,0,0.0,0.0,,0.0,normalDay
2021-08-13,8849.0,1004.0,0.0,0,445.92,0.0,1,26.86,16.82,SPY220218P00430000,430.0,0,0.0,0.0,,0.0,normalDay
2021-08-16,8849.0,1037.0,0.0,0,446.97,0.0,1,26.86,16.49,SPY220218P00430000,430.0,0,0.0,0.0,,0.0,normalDay
2021-08-17,8849.0,874.0,0.0,0,444.04,0.0,1,26.86,18.12,SPY220218P00430000,430.0,0,0.0,0.0,,0.0,normalDay
2021-08-18,8849.0,628.0,0.0,0,439.18,0.0,1,26.86,20.58,SPY220218P00430000,430.0,0,0.0,0.0,,0.0,normalDay
2021-08-19,8849.0,656.0,0.0,0,439.86,0.0,1,26.86,20.3,SPY220218P00430000,430.0,0,0.0,0.0,,0.0,normalDay
2021-08-20,8849.0,834.0,0.0,0,443.36,0.0,1,26.86,18.52,SPY220218P00430000,430.0,0,0.0,0.0,,0.0,normalDay
2021-08-23,8849.0,1037.0,0.0,0,447.26,0.0,1,26.86,16.49,SPY220218P00430000,430.0,0,0.0,0.0,,0.0,normalDay
2021-08-24,8849.0,1036.0,0.0,0,447.97,0.0,1,26.86,16.5,SPY220218P00430000,430.0,0,0.0,0.0,,0.0,normalDay
2021-08-25,8849.0,1098.0,0.0,0,448.91,0.0,1,26.86,15.88,SPY220218P00430000,430.0,0,0.0,0.0,,0.0,normalDay
2021-08-26,8849.0,976.0,0.0,0,446.26,0.0,1,26.86,17.1,SPY220218P00430000,430.0,0,0.0,0.0,,0.0,normalDay
2021-08-27,8849.0,1148.0,0.0,0,450.25,0.0,1,26.86,15.38,SPY220218P00430000,430.0,0,0.0,0.0,,0.0,normalDay
2021-08-30,8849.0,1208.0,0.0,0,452.23,0.0,1,26.86,14.78,SPY220218P00430000,430.0,0,0.0,0.0,,0.0,normalDay
2021-08-31,8849.0,1200.0,0.0,0,451.56,0.0,1,26.86,14.86,SPY220218P00430000,430.0,0,0.0,0.0,,0.0,normalDay
2021-09-01,8849.0,1229.0,0.0,0,451.8,0.0,1,26.86,14.57,SPY220218P00430000,430.0,0,0.0,0.0,,0.0,normalDay
2021-09-02,8849.0,1265.0,0.0,0,453.19,0.0,1,26.86,14.21,SPY220218P00430000,430.0,0,0.0,0.0,,0.0,normalDay
2021-09-03,8849.0,1249.0,0.0,0,453.08,0.0,1,26.86,14.37,SPY220218P00430000,430.0,0,0.0,0.0,,0.0,normalDay
2021-09-07,8849.0,1175.0,0.0,0,451.46,0.0,1,26.86,15.11,SPY220218P00430000,430.0,0,0.0,0.0,,0.0,normalDay
2021-09-08,8849.0,1160.0,0.0,0,450.91,0.0,1,26.86,15.26,SPY220218P00430000,430.0,0,0.0,0.0,,0.0,normalDay
2021-09-09,8849.0,1074.0,0.0,0,448.98,0.0,1,26.86,16.12,SPY220218P00430000,430.0,0,0.0,0.0,,0.0,normalDay
2021-09-10,8849.0,968.0,0.0,0,445.44,0.0,1,26.86,17.18,SPY220218P00430000,430.0,0,0.0,0.0,,0.0,normalDay
2021-09-13,8849.0,1059.0,0.0,0,446.58,0.0,1,26.86,16.27,SPY220218P00430000,430.0,0,0.0,0.0,,0.0,normalDay
2021-09-14,8849.0,980.0,0.0,0,444.17,0.0,1,26.86,17.06,SPY220218P00430000,430.0,0,0.0,0.0,,0.0,normalDay
2021-09-15,8849.0,1130.0,0.0,0,447.88,0.0,1,26.86,15.56,SPY220218P00430000,430.0,0,0.0,0.0,,0.0,normalDay
2021-09-16,8849.0,1096.0,0.0,0,447.17,0.0,1,26.86,15.9,SPY220218P00430000,430.0,0,0.0,0.0,,0.0,normalDay
2021-09-17,8849.0,922.0,0.0,0,441.4,0.0,1,26.86,17.64,SPY220218P00430000,430.0,0,0.0,0.0,,0.0,normalDay
2021-09-20,8849.0,533.0,0.0,0,434.04,0.0,1,26.86,21.53,SPY220218P00430000,430.0,0,0.0,0.0,,0.0,normalDay
2021-09-21,8849.0,567.0,0.0,0,433.63,0.0,1,26.86,21.19,SPY220218P00430000,430.0,0,0.0,0.0,,0.0,normalDay
2021-09-22,8849.0,843.0,0.0,0,437.86,0.0,1,26.86,18.43,SPY220218P00430000,430.0,0,0.0,0.0,,0.0,normalDay
2021-09-23,8849.0,1094.0,0.0,0,443.18,0.0,1,26.86,15.92,SPY220218P00430000,430.0,0,0.0,0.0,,0.0,normalDay
2021-09-24,8849.0,1143.0,0.0,0,443.91,0.0,1,26.86,15.43,SPY220218P00430000,430.0,0,0.0,0.0,,0.0,normalDay
2021-09-27,8849.0,1094.0,0.0,0,442.64,0.0,1,26.86,15.92,SPY220218P00430000,430.0,0,0.0,0.0,,0.0,normalDay
2021-09-28,8849.0,675.0,0.0,0,433.72,0.0,1,26.86,20.11,SPY220218P00430000,430.0,0,0.0,0.0,,0.0,normalDay
2021-09-29,8849.0,743.0,0.0,0,434.45,0.0,1,26.86,19.43,SPY220218P00430000,430.0,0,0.0,0.0,,0.0,normalDay
2021-09-30,8849.0,498.0,0.0,0,429.14,0.0,1,26.86,21.88,SPY220218P00430000,430.0,0,0.0,0.0,,0.0,normalDay
2021-10-01,8849.0,789.0,0.0,0,434.24,0.0,1,26.86,18.97,SPY220218P00430000,430.0,0,0.0,0.0,,0.0,normalDay
2021-10-04,8849.0,533.0,0.0,0,428.64,0.0,1,26.86,21.53,SPY220218P00430000,430.0,0,0.0,0.0,,0.0,normalDay
2021-10-05,8849.0,759.0,0.0,0,433.1,0.0,1,26.86,19.27,SPY220218P00430000,430.0,0,0.0,0.0,,0.0,normalDay
2021-10-06,8849.0,834.0,0.0,0,434.9,0.0,1,26.86,18.52,SPY220218P00430000,430.0,0,0.0,0.0,,0.0,normalDay
2021-10-07,8849.0,1028.0,0.0,0,438.66,0.0,1,26.86,16.58,SPY220218P00430000,430.0,0,0.0,0.0,,0.0,normalDay
2021-10-08,8849.0,1004.0,0.0,0,437.86,0.0,1,26.86,16.82,SPY220218P00430000,430.0,0,0.0,0.0,,0.0,normalDay
2021-10-11,8849.0,904.0,0.0,0,434.69,0.0,1,26.86,17.82,SPY220218P00430000,430.0,0,0.0,0.0,,0.0,normalDay
2021-10-12,8849.0,871.0,0.0,0,433.62,0.0,1,26.86,18.15,SPY220218P00430000,430.0,0,0.0,0.0,,0.0,normalDay
2021-10-13,8849.0,1033.0,0.0,0,435.18,0.0,1,26.86,16.53,SPY220218P00430000,430.0,0,0.0,0.0,,0.0,normalDay
2021-10-14,8849.0,1331.0,0.0,0,442.5,0.0,1,26.86,13.55,SPY220218P00430000,430.0,0,0.0,0.0,,0.0,normalDay
2021-10-15,8849.0,1426.0,0.0,0,445.87,0.0,1,26.86,12.6,SPY220218P00430000,430.0,0,0.0,0.0,,0.0,normalDay
2021-10-18,8849.0,1475.0,0.0,0,447.19,0.0,1,26.86,12.11,SPY220218P00430000,430.0,0,0.0,0.0,,0.0,normalDay
2021-10-19,8849.0,1603.0,0.0,0,450.64,0.0,1,26.86,10.83,SPY220218P00430000,430.0,0,0.0,0.0,,0.0,normalDay
2021-10-20,8849.0,1635.0,0.0,0,452.41,0.0,1,26.86,10.51,SPY220218P00430000,430.0,0,0.0,0.0,,0.0,normalDay
2021-10-21,8849.0,1686.0,0.0,0,453.59,0.0,1,26.86,10.0,SPY220218P00430000,430.0,0,0.0,0.0,,0.0,normalDay
2021-10-22,8849.0,1642.0,0.0,0,453.12,0.0,1,26.86,10.44,SPY220218P00430000,430.0,0,0.0,0.0,,0.0,normalDay
2021-10-25,8849.0,1729.0,0.0,0,455.55,0.0,1,26.86,9.57,SPY220218P00430000,430.0,0,0.0,0.0,,0.0,normalDay
2021-10-26,8849.0,1744.0,0.0,0,455.96,0.0,1,26.86,9.42,SPY220218P00430000,430.0,0,0.0,0.0,,0.0,normalDay
2021-10-27,8849.0,1658.0,0.0,0,453.94,0.0,1,26.86,10.28,SPY220218P00430000,430.0,0,0.0,0.0,,0.0,normalDay
2021-10-28,8849.0,1763.0,0.0,0,458.32,0.0,1,26.86,9.23,SPY220218P00430000,430.0,0,0.0,0.0,,0.0,normalDay
2021-10-29,8849.0,1794.0,0.0,0,459.25,0.0,1,26.86,8.92,SPY220218P00430000,430.0,0,0.0,0.0,,0.0,normalDay
2021-11-01,8849.0,1825.0,0.0,0,460.04,0.0,1,26.86,8.61,SPY220218P00430000,430.0,0,0.0,0.0,,0.0,normalDay
2021-11-02,8849.0,1873.0,0.0,0,461.9,0.0,1,26.86,8.13,SPY220218P00430000,430.0,0,0.0,0.0,,0.0,normalDay
2021-11-03,8849.0,1957.0,0.0,0,464.72,0.0,1,26.86,7.29,SPY220218P00430000,430.0,0,0.0,0.0,,0.0,normalDay
2021-11-04,8849.0,1993.0,0.0,0,466.91,0.0,1,26.86,6.93,SPY220218P00430000,430.0,0,0.0,0.0,,0.0,normalDay
2021-11-05,8849.0,1984.0,0.0,0,468.53,0.0,1,26.86,7.02,SPY220218P00430000,430.0,0,0.0,0.0,,0.0,normalDay
2021-11-08,8849.0,1980.0,0.0,0,468.93,0.0,1,26.86,7.06,SPY220218P00430000,430.0,0,0.0,0.0,,0.0,normalDay
2021-11-09,8849.0,1950.0,0.0,0,467.38,0.0,1,26.86,7.36,SPY220218P00430000,430.0,0,0.0,0.0,,0.0,normalDay
2021-11-10,8849.0,1881.0,0.0,0,463.62,0.0,1,26.86,8.05,SPY220218P00430000,430.0,0,0.0,0.0,,0.0,normalDay
2021-11-11,8849.0,1935.0,0.0,0,463.77,0.0,1,26.86,7.51,SPY220218P00430000,430.0,0,0.0,0.0,,0.0,normalDay
2021-11-12,8849.0,2028.0,0.0,0,467.27,0.0,1,26.86,6.58,SPY220218P00430000,430.0,0,0.0,0.0,,0.0,normalDay
2021-11-15,8849.0,2042.0,0.0,0,467.43,0.0,1,26.86,6.44,SPY220218P00430000,430.0,0,0.0,0.0,,0.0,normalDay
2021-11-16,8849.0,2077.0,0.0,0,469.28,0.0,1,26.86,6.09,SPY220218P00430000,430.0,0,0.0,0.0,,0.0,normalDay
2021-11-17,8849.0,2029.0,0.0,0,468.14,0.0,1,26.86,6.57,SPY220218P00430000,430.0,0,0.0,0.0,,0.0,normalDay
2021-11-18,8849.0,2052.0,0.0,0,469.73,0.0,1,26.86,6.34,SPY220218P00430000,430.0,0,0.0,0.0,,0.0,normalDay
2021-11-19,8849.0,2036.0,0.0,0,468.89,0.0,1,26.86,6.5,SPY220218P00430000,430.0,0,0.0,0.0,,0.0,normalDay
2021-11-22,8849.0,2000.0,0.0,0,467.57,0.0,1,26.86,6.86,SPY220218P00430000,430.0,0,0.0,0.0,,0.0,normalDay
2021-11-23,8849.0,2023.0,0.0,0,468.19,0.0,1,26.86,6.63,SPY220218P00430000,430.0,0,0.0,0.0,,0.0,normalDay
2021-11-24,8849.0,2075.0,0.0,0,469.44,0.0,1,26.86,6.11,SPY220218P00430000,430.0,0,0.0,0.0,,0.0,normalDay
2021-11-26,8849.0,1437.0,0.0,0,458.97,0.0,1,26.86,12.49,SPY220218P00430000,430.0,0,0.0,0.0,,0.0,normalDay
2021-11-29,8849.0,1917.0,0.0,0,464.6,0.0,1,26.86,7.69,SPY220218P00430000,430.0,0,0.0,0.0,,0.0,normalDay
2021-11-30,8849.0,1656.0,0.0,0,455.56,0.0,1,26.86,10.3,SPY220218P00430000,430.0,0,0.0,0.0,,0.0,normalDay
2021-12-01,8849.0,1337.0,0.0,0,450.5,0.0,1,26.86,13.49,SPY220218P00430000,430.0,0,0.0,0.0,,0.0,normalDay
2021-12-02,8849.0,1611.0,0.0,0,457.4,0.0,1,26.86,10.75,SPY220218P00430000,430.0,0,0.0,0.0,,0.0,normalDay
2021-12-03,8849.0,1430.0,0.0,0,453.42,0.0,1,26.86,12.56,SPY220218P00430000,430.0,0,0.0,0.0,,0.0,normalDay
2021-12-06,8849.0,1693.0,0.0,0,458.79,0.0,1,26.86,9.93,SPY220218P00430000,430.0,0,0.0,0.0,,0.0,normalDay
2021-12-07,8849.0,2030.0,0.0,0,468.28,0.0,1,26.86,6.56,SPY220218P00430000,430.0,0,0.0,0.0,,0.0,normalDay
2021-12-08,8849.0,2121.0,0.0,0,469.52,0.0,1,26.86,5.65,SPY220218P00430000,430.0,0,0.0,0.0,,0.0,normalDay
2021-12-09,8849.0,2046.0,0.0,0,466.35,0.0,1,26.86,6.4,SPY220218P00430000,430.0,0,0.0,0.0,,0.0,normalDay
2021-12-10,8849.0,2173.0,0.0,0,470.74,0.0,1,26.86,5.13,SPY220218P00430000,430.0,0,0.0,0.0,,0.0,normalDay
2021-12-13,8849.0,2092.0,0.0,0,466.57,0.0,1,26.86,5.94,SPY220218P00430000,430.0,0,0.0,0.0,,0.0,normalDay
2021-12-14,8849.0,2012.0,0.0,0,463.36,0.0,1,26.86,6.74,SPY220218P00430000,430.0,0,0.0,0.0,,0.0,normalDay
2021-12-15,8849.0,2209.0,0.0,0,470.6,0.0,1,26.86,4.77,SPY220218P00430000,430.0,0,0.0,0.0,,0.0,normalDay
2021-12-16,8849.0,2123.0,0.0,0,466.45,0.0,1,26.86,5.63,SPY220218P00430000,430.0,0,0.0,0.0,,0.0,normalDay
2021-12-17,8849.0,2009.0,0.0,0,459.87,0.0,1,26.86,6.77,SPY220218P00430000,430.0,0,0.0,0.0,,0.0,normalDay
2021-12-20,8849.0,1915.0,0.0,0,454.98,0.0,1,26.86,7.71,SPY220218P00430000,430.0,0,0.0,0.0,,0.0,normalDay
2021-12-21,8849.0,2116.0,0.0,0,463.06,0.0,1,26.86,5.7,SPY220218P00430000,430.0,0,0.0,0.0,,0.0,normalDay
2021-12-22,8849.0,2254.0,0.0,0,467.69,0.0,1,26.86,4.32,SPY220218P00430000,430.0,0,0.0,0.0,,0.0,normalDay
2021-12-23,8849.0,2313.0,0.0,0,470.6,0.0,1,26.86,3.73,SPY220218P00430000,430.0,0,0.0,0.0,,0.0,normalDay
2021-12-27,8849.0,2415.0,0.0,0,477.26,0.0,1,26.86,2.71,SPY220218P00430000,430.0,0,0.0,0.0,,0.0,normalDay
2021-12-28,8849.0,2430.0,0.0,0,476.87,0.0,1,26.86,2.56,SPY220218P00430000,430.0,0,0.0,0.0,,0.0,normalDay
2021-12-29,8849.0,2461.0,0.0,0,477.48,0.0,1,26.86,2.25,SPY220218P00430000,430.0,0,0.0,0.0,,0.0,normalDay
2021-12-30,8849.0,2447.0,0.0,0,476.16,0.0,1,26.86,2.39,SPY220218P00430000,430.0,0,0.0,0.0,,0.0,normalDay
2021-12-31,8849.0,2458.0,0.0,0,474.96,0.0,1,26.86,2.28,SPY220218P00430000,430.0,0,0.0,0.0,,0.0,normalDay
2022-01-03,8849.0,2503.0,0.0,0,477.71,0.0,1,26.86,1.83,SPY220218P00430000,430.0,0,0.0,0.0,,0.0,normalDay
2022-01-04,8849.0,2500.0,0.0,0,477.55,0.0,1,26.86,1.86,SPY220218P00430000,430.0,0,0.0,0.0,,0.0,normalDay
2022-01-05,8849.0,2377.0,0.0,0,468.38,0.0,1,26.86,3.09,SPY220218P00430000,430.0,0,0.0,0.0,,0.0,normalDay
2022-01-06,8849.0,2387.0,0.0,0,467.94,0.0,1,26.86,2.99,SPY220218P00430000,430.0,0,0.0,0.0,,0.0,normalDay
2022-01-07,8849.0,2411.0,0.0,0,466.09,0.0,1,26.86,2.75,SPY220218P00430000,430.0,0,0.0,0.0,,0.0,normalDay
2022-01-10,8849.0,2415.0,0.0,0,465.51,0.0,1,26.86,2.71,SPY220218P00430000,430.0,0,0.0,0.0,,0.0,normalDay
2022-01-11,8849.0,2475.0,0.0,0,469.75,0.0,1,26.86,2.11,SPY220218P00430000,430.0,0,0.0,0.0,,0.0,normalDay
2022-01-12,8849.0,2507.0,0.0,0,471.02,0.0,1,26.86,1.79,SPY220218P00430000,430.0,0,0.0,0.0,,0.0,normalDay
2022-01-13,8849.0,2406.0,0.0,0,464.53,0.0,1,26.86,2.8,SPY220218P00430000,430.0,0,0.0,0.0,,0.0,normalDay
2022-01-14,8849.0,2446.0,0.0,0,464.72,0.0,1,26.86,2.4,SPY220218P00430000,430.0,0,0.0,0.0,,0.0,normalDay
2022-01-18,8849.0,2292.0,0.0,0,456.49,0.0,1,26.86,3.94,SPY220218P00430000,430.0,0,0.0,0.0,,0.0,normalDay
2022-01-19,8849.0,2227.0,0.0,0,451.75,0.0,1,26.86,4.59,SPY220218P00430000,430.0,0,0.0,0.0,,0.0,normalDay
2022-01-20,8849.0,2079.0,0.0,0,446.75,0.0,1,26.86,6.07,SPY220218P00430000,430.0,0,0.0,0.0,,0.0,normalDay
2022-01-21,8849.0,1772.0,0.0,0,437.98,0.0,1,26.86,9.14,SPY220218P00430000,430.0,0,0.0,0.0,,0.0,normalDay
2022-01-24,8849.0,1776.0,0.0,0,439.84,0.0,1,26.86,9.1,SPY220218P00430000,430.0,0,0.0,0.0,,0.0,normalDay
2022-01-25,8849.0,1556.0,0.0,0,434.47,0.0,1,26.86,11.3,SPY220218P00430000,430.0,0,0.0,0.0,,0.0,normalDay
2022-01-26,8849.0,1581.0,0.0,0,433.38,0.0,1,26.86,11.05,SPY220218P00430000,430.0,0,0.0,0.0,,0.0,normalDay
2022-01-27,8849.0,1602.0,0.0,0,431.24,0.0,1,26.86,10.84,SPY220218P00430000,430.0,0,0.0,0.0,,0.0,normalDay
2022-01-28,8849.0,2040.0,0.0,0,441.95,0.0,1,26.86,6.46,SPY220218P00430000,430.0,0,0.0,0.0,,0.0,normalDay
2022-01-31,8849.0,2323.0,0.0,0,449.91,0.0,1,26.86,3.63,SPY220218P00430000,430.0,0,0.0,0.0,,0.0,normalDay
2022-02-01,8849.0,2473.0,0.0,0,452.95,0.0,1,26.86,2.13,SPY220218P00430000,430.0,0,0.0,0.0,,0.0,normalDay
2022-02-02,8849.0,2519.0,0.0,0,457.35,0.0,1,26.86,1.67,SPY220218P00430000,430.0,0,0.0,0.0,,0.0,normalDay
2022-02-03,8849.0,2406.0,0.0,0,446.6,0.0,1,26.86,2.8,SPY220218P00430000,430.0,0,0.0,0.0,,0.0,normalDay
2022-02-04,8849.0,2437.0,0.0,0,448.7,0.0,1,26.86,2.49,SPY220218P00430000,430.0,0,0.0,0.0,,0.0,normalDay
2022-02-07,8849.0,2507.0,0.0,0,447.26,0.0,1,26.86,1.79,SPY220218P00430000,430.0,0,0.0,0.0,,0.0,normalDay
2022-02-08,8849.0,2580.0,0.0,0,450.94,0.0,1,26.86,1.06,SPY220218P00430000,430.0,0,0.0,0.0,,0.0,normalDay
2022-02-09,8849.0,2639.0,0.0,0,457.54,0.0,1,26.86,0.47,SPY220218P00430000,430.0,0,0.0,0.0,,0.0,normalDay
2022-02-10,8849.0,2546.0,0.0,0,449.32,0.0,1,26.86,1.4,SPY220218P00430000,430.0,0,0.0,0.0,,0.0,normalDay
2022-02-11,8849.0,2391.0,0.0,0,440.46,0.0,1,26.86,2.95,SPY220218P00430000,430.0,0,0.0,0.0,,0.0,normalDay
2022-02-14,8849.0,2463.0,0.0,0,439.02,0.0,1,26.86,2.23,SPY220218P00430000,430.0,0,0.0,0.0,,0.0,normalDay
2022-02-15,8849.0,2613.0,0.0,0,446.1,0.0,1,26.86,0.73,SPY220218P00430000,430.0,0,0.0,0.0,,0.0,normalDay
2022-02-16,8849.0,2666.0,0.0,0,446.6,0.0,1,26.86,0.2,SPY220218P00430000,430.0,0,0.0,0.0,,0.0,normalDay
2022-02-17,8849.0,2612.0,0.0,0,437.06,0.0,1,26.86,0.74,SPY220218P00430000,430.0,0,0.0,0.0,,0.0,normalDay
2022-02-18,11535.0,0.0,2686.0,0,434.23,0.0,1,26.86,0.0,SPY220218P00430000,430.0,0,0.0,0.0,,0.0,expirationDay
2022-02-22,11535.0,-137.0,0.0,0,429.57,0.0,1,35.55,36.92,SPY220930P00444000,444.0,0,0.0,0.0,,0.0,normalDay
2022-02-23,11535.0,-633.0,0.0,0,421.95,0.0,1,35.55,41.88,SPY220930P00444000,444.0,0,0.0,0.0,,0.0,normalDay
2022-02-24,11535.0,-332.0,0.0,0,428.3,0.0,1,35.55,38.87,SPY220930P00444000,444.0,0,0.0,0.0,,0.0,normalDay
2022-02-25,11535.0,241.0,0.0,0,437.75,0.0,1,35.55,33.14,SPY220930P00444000,444.0,0,0.0,0.0,,0.0,normalDay
2022-02-28,11535.0,134.0,0.0,0,436.63,0.0,1,35.55,34.21,SPY220930P00444000,444.0,0,0.0,0.0,,0.0,normalDay
2022-03-01,11535.0,-320.0,0.0,0,429.98,0.0,1,35.55,38.75,SPY220930P00444000,444.0,0,0.0,0.0,,0.0,normalDay
2022-03-02,11535.0,112.0,0.0,0,437.89,0.0,1,35.55,34.43,SPY220930P00444000,444.0,0,0.0,0.0,,0.0,normalDay
2022-03-03,11535.0,33.0,0.0,0,435.71,0.0,1,35.55,35.22,SPY220930P00444000,444.0,0,0.0,0.0,,0.0,normalDay
2022-03-04,11535.0,-233.0,0.0,0,432.17,0.0,1,35.55,37.88,SPY220930P00444000,444.0,0,0.0,0.0,,0.0,normalDay
2022-03-07,11535.0,-1051.0,0.0,0,419.43,0.0,1,35.55,46.06,SPY220930P00444000,444.0,0,0.0,0.0,,0.0,normalDay
2022-03-08,11535.0,-1210.0,0.0,0,416.25,0.0,1,35.55,47.65,SPY220930P00444000,444.0,0,0.0,0.0,,0.0,normalDay
2022-03-09,11535.0,-549.0,0.0,0,427.41,0.0,1,35.55,41.04,SPY220930P00444000,444.0,0,0.0,0.0,,0.0,normalDay
2022-03-10,11535.0,-516.0,0.0,0,425.48,0.0,1,35.55,40.71,SPY220930P00444000,444.0,0,0.0,0.0,,0.0,normalDay
2022-03-11,11535.0,-825.0,0.0,0,420.07,0.0,1,35.55,43.8,SPY220930P00444000,444.0,0,0.0,0.0,,0.0,normalDay
2022-03-14,11535.0,-967.0,0.0,0,417.0,0.0,1,35.55,45.22,SPY220930P00444000,444.0,0,0.0,0.0,,0.0,normalDay
2022-03-15,11535.0,-473.0,0.0,0,426.17,0.0,1,35.55,40.28,SPY220930P00444000,444.0,0,0.0,0.0,,0.0,normalDay
2022-03-16,11535.0,163.0,0.0,0,435.62,0.0,1,35.55,33.92,SPY220930P00444000,444.0,0,0.0,0.0,,0.0,normalDay
2022-03-17,11535.0,451.0,0.0,0,441.07,0.0,1,35.55,31.04,SPY220930P00444000,444.0,0,0.0,0.0,,0.0,normalDay
2022-03-18,11535.0,781.0,0.0,0,444.52,0.0,1,35.55,27.74,SPY220930P00444000,444.0,0,0.0,0.0,,0.0,normalDay
2022-03-21,11535.0,809.0,0.0,0,444.39,0.0,1,35.55,27.46,SPY220930P00444000,444.0,0,0.0,0.0,,0.0,normalDay
2022-03-22,11535.0,1051.0,0.0,0,449.59,0.0,1,35.55,25.04,SPY220930P00444000,444.0,0,0.0,0.0,,0.0,normalDay
2022-03-23,11535.0,802.0,0.0,0,443.8,0.0,1,35.55,27.53,SPY220930P00444000,444.0,0,0.0,0.0,,0.0,normalDay
2022-03-24,11535.0,1100.0,0.0,0,450.49,0.0,1,35.55,24.55,SPY220930P00444000,444.0,0,0.0,0.0,,0.0,normalDay
2022-03-25,11535.0,1197.0,0.0,0,452.69,0.0,1,35.55,23.58,SPY220930P00444000,444.0,0,0.0,0.0,,0.0,normalDay
2022-03-28,11535.0,1362.0,0.0,0,455.91,0.0,1,35.55,21.93,SPY220930P00444000,444.0,0,0.0,0.0,,0.0,normalDay
2022-03-29,11535.0,1558.0,0.0,0,461.55,0.0,1,35.55,19.97,SPY220930P00444000,444.0,0,0.0,0.0,,0.0,normalDay
2022-03-30,11535.0,1468.0,0.0,0,458.7,0.0,1,35.55,20.87,SPY220930P00444000,444.0,0,0.0,0.0,,0.0,normalDay
2022-03-31,11535.0,1196.0,0.0,0,451.64,0.0,1,35.55,23.59,SPY220930P00444000,444.0,0,0.0,0.0,,0.0,normalDay
2022-04-01,11535.0,1278.0,0.0,0,452.92,0.0,1,35.55,22.77,SPY220930P00444000,444.0,0,0.0,0.0,,0.0,normalDay
2022-04-04,11535.0,1483.0,0.0,0,456.8,0.0,1,35.55,20.72,SPY220930P00444000,444.0,0,0.0,0.0,,0.0,normalDay
2022-04-05,11535.0,1232.0,0.0,0,451.03,0.0,1,35.55,23.23,SPY220930P00444000,444.0,0,0.0,0.0,,0.0,normalDay
2022-04-06,11535.0,1016.0,0.0,0,446.52,0.0,1,35.55,25.39,SPY220930P00444000,444.0,0,0.0,0.0,,0.0,normalDay
2022-04-07,11535.0,1113.0,0.0,0,448.77,0.0,1,35.55,24.42,SPY220930P00444000,444.0,0,0.0,0.0,,0.0,normalDay
2022-04-08,11535.0,1091.0,0.0,0,447.57,0.0,1,35.55,24.64,SPY220930P00444000,444.0,0,0.0,0.0,,0.0,normalDay
2022-04-11,11535.0,728.0,0.0,0,439.92,0.0,1,35.55,28.27,SPY220930P00444000,444.0,0,0.0,0.0,,0.0,normalDay
2022-04-12,11535.0,657.0,0.0,0,438.29,0.0,1,35.55,28.98,SPY220930P00444000,444.0,0,0.0,0.0,,0.0,normalDay
2022-04-13,11535.0,958.0,0.0,0,443.31,0.0,1,35.55,25.97,SPY220930P00444000,444.0,0,0.0,0.0,,0.0,normalDay
2022-04-14,11535.0,702.0,0.0,0,437.79,0.0,1,35.55,28.53,SPY220930P00444000,444.0,0,0.0,0.0,,0.0,normalDay
2022-04-18,11535.0,818.0,0.0,0,437.97,0.0,1,35.55,27.37,SPY220930P00444000,444.0,0,0.0,0.0,,0.0,normalDay
2022-04-19,11535.0,1020.0,0.0,0,445.04,0.0,1,35.55,25.35,SPY220930P00444000,444.0,0,0.0,0.0,,0.0,normalDay
2022-04-20,11535.0,1169.0,0.0,0,444.71,0.0,1,35.55,23.86,SPY220930P00444000,444.0,0,0.0,0.0,,0.0,normalDay
2022-04-21,11535.0,723.0,0.0,0,438.06,0.0,1,35.55,28.32,SPY220930P00444000,444.0,0,0.0,0.0,,0.0,normalDay
2022-04-22,11535.0,-52.0,0.0,0,426.04,0.0,1,35.55,36.07,SPY220930P00444000,444.0,0,0.0,0.0,,0.0,normalDay
2022-04-25,11535.0,219.0,0.0,0,428.51,0.0,1,35.55,33.36,SPY220930P00444000,444.0,0,0.0,0.0,,0.0,normalDay
2022-04-26,11535.0,-739.0,0.0,0,416.1,0.0,1,35.55,42.94,SPY220930P00444000,444.0,0,0.0,0.0,,0.0,normalDay
2022-04-27,11535.0,-436.0,0.0,0,417.27,0.0,1,35.55,39.91,SPY220930P00444000,444.0,0,0.0,0.0,,0.0,normalDay
2022-04-28,11535.0,7.0,0.0,0,427.81,0.0,1,35.55,35.48,SPY220930P00444000,444.0,0,0.0,0.0,,0.0,normalDay
2022-04-29,11535.0,-780.0,0.0,0,412.0,0.0,1,35.55,43.35,SPY220930P00444000,444.0,0,0.0,0.0,,0.0,normalDay
2022-05-02,11535.0,-616.0,0.0,0,414.48,0.0,1,35.55,41.71,SPY220930P00444000,444.0,0,0.0,0.0,,0.0,normalDay
2022-05-03,11535.0,-383.0,0.0,0,416.38,0.0,1,35.55,39.38,SPY220930P00444000,444.0,0,0.0,0.0,,0.0,normalDay
2022-05-04,11535.0,374.0,0.0,0,429.06,0.0,1,35.55,31.81,SPY220930P00444000,444.0,0,0.0,0.0,,0.0,normalDay
2022-05-05,11535.0,-674.0,0.0,0,413.81,0.0,1,35.55,42.29,SPY220930P00444000,444.0,0,0.0,0.0,,0.0,normalDay
2022-05-06,11535.0,-912.0,0.0,0,411.34,0.0,1,35.55,44.67,SPY220930P00444000,444.0,0,0.0,0.0,,0.0,normalDay
2022-05-09,11535.0,-1724.0,0.0,0,398.17,0.0,1,35.55,52.79,SPY220930P00444000,444.0,0,0.0,0.0,,0.0,normalDay
2022-05-10,11535.0,-1677.0,0.0,0,399.09,0.0,1,35.55,52.32,SPY220930P00444000,444.0,0,0.0,0.0,,0.0,normalDay
2022-05-11,11535.0,-2157.0,0.0,0,392.75,0.0,1,35.55,57.12,SPY220930P00444000,444.0,0,0.0,0.0,,0.0,normalDay
2022-05-12,11535.0,-2200.0,0.0,0,392.34,0.0,1,35.55,57.55,SPY220930P00444000,444.0,0,0.0,0.0,,0.0,normalDay
2022-05-13,11535.0,-1464.0,0.0,0,401.72,0.0,1,35.55,50.19,SPY220930P00444000,444.0,0,0.0,0.0,,0.0,normalDay
2022-05-16,11535.0,-1519.0,0.0,0,400.09,0.0,1,35.55,50.74,SPY220930P00444000,444.0,0,0.0,0.0,,0.0,normalDay
2022-05-17,11535.0,-850.0,0.0,0,408.32,0.0,1,35.55,44.05,SPY220930P00444000,444.0,0,0.0,0.0,,0.0,normalDay
2022-05-18,11535.0,-2272.0,0.0,0,391.86,0.0,1,35.55,58.27,SPY220930P00444000,444.0,0,0.0,0.0,,0.0,normalDay
2022-05-19,11535.0,-2390.0,0.0,0,389.46,0.0,1,35.55,59.45,SPY220930P00444000,444.0,0,0.0,0.0,,0.0,normalDay
2022-05-20,11535.0,-2392.0,0.0,0,389.63,0.0,1,35.55,59.47,SPY220930P00444000,444.0,0,0.0,0.0,,0.0,normalDay
2022-05-23,11535.0,-1718.0,0.0,0,396.92,0.0,1,35.55,52.73,SPY220930P00444000,444.0,0,0.0,0.0,,0.0,normalDay
2022-05-24,11535.0,-1979.0,0.0,0,393.89,0.0,1,35.55,55.34,SPY220930P00444000,444.0,0,0.0,0.0,,0.0,normalDay
2022-05-25,11535.0,-1722.0,0.0,0,397.37,0.0,1,35.55,52.77,SPY220930P00444000,444.0,0,0.0,0.0,,0.0,normalDay
2022-05-26,11535.0,-1141.0,0.0,0,405.31,0.0,1,35.55,46.96,SPY220930P00444000,444.0,0,0.0,0.0,,0.0,normalDay
2022-05-27,11535.0,-447.0,0.0,0,415.26,0.0,1,35.55,40.02,SPY220930P00444000,444.0,0,0.0,0.0,,0.0,normalDay
2022-05-31,11535.0,-486.0,0.0,0,412.93,0.0,1,35.55,40.41,SPY220930P00444000,444.0,0,0.0,0.0,,0.0,normalDay
2022-06-01,11535.0,-682.0,0.0,0,409.59,0.0,1,35.55,42.37,SPY220930P00444000,444.0,0,0.0,0.0,,0.0,normalDay
2022-06-02,11535.0,-97.0,0.0,0,417.39,0.0,1,35.55,36.52,SPY220930P00444000,444.0,0,0.0,0.0,,0.0,normalDay
2022-06-03,11535.0,-575.0,0.0,0,410.54,0.0,1,35.55,41.3,SPY220930P00444000,444.0,0,0.0,0.0,,0.0,normalDay
2022-06-06,11535.0,-472.0,0.0,0,411.79,0.0,1,35.55,40.27,SPY220930P00444000,444.0,0,0.0,0.0,,0.0,normalDay
2022-06-07,11535.0,-206.0,0.0,0,415.74,0.0,1,35.55,37.61,SPY220930P00444000,444.0,0,0.0,0.0,,0.0,normalDay
2022-06-08,11535.0,-485.0,0.0,0,411.22,0.0,1,35.55,40.4,SPY220930P00444000,444.0,0,0.0,0.0,,0.0,normalDay
2022-06-09,11535.0,-1269.0,0.0,0,401.44,0.0,1,35.55,48.24,SPY220930P00444000,444.0,0,0.0,0.0,,0.0,normalDay
2022-06-10,11535.0,-2237.0,0.0,0,389.8,0.0,1,35.55,57.92,SPY220930P00444000,444.0,0,0.0,0.0,,0.0,normalDay
2022-06-13,11535.0,-3643.0,0.0,0,375.0,0.0,1,35.55,71.98,SPY220930P00444000,444.0,0,0.0,0.0,,0.0,normalDay
2022-06-14,11535.0,-3824.0,0.0,0,373.87,0.0,1,35.55,73.79,SPY220930P00444000,444.0,0,0.0,0.0,,0.0,normalDay
2022-06-15,11535.0,-3240.0,0.0,0,379.2,0.0,1,35.55,67.95,SPY220930P00444000,444.0,0,0.0,0.0,,0.0,normalDay
2022-06-16,11535.0,-4368.0,0.0,0,366.65,0.0,1,35.55,79.23,SPY220930P00444000,444.0,0,0.0,0.0,,0.0,normalDay
2022-06-17,11535.0,-4275.0,0.0,0,365.86,0.0,1,35.55,78.3,SPY220930P00444000,444.0,0,0.0,0.0,,0.0,normalDay
2022-06-21,11535.0,-3436.0,0.0,0,375.07,0.0,1,35.55,69.91,SPY220930P00444000,444.0,0,0.0,0.0,,0.0,normalDay
2022-06-22,11535.0,-3470.0,0.0,0,374.39,0.0,1,35.55,70.25,SPY220930P00444000,444.0,0,0.0,0.0,,0.0,normalDay
2022-06-23,11535.0,-3256.0,0.0,0,378.06,0.0,1,35.55,68.11,SPY220930P00444000,444.0,0,0.0,0.0,,0.0,normalDay
2022-06-24,11535.0,-2139.0,0.0,0,390.08,0.0,1,35.55,56.94,SPY220930P00444000,444.0,0,0.0,0.0,,0.0,normalDay
2022-06-27,11535.0,-2108.0,0.0,0,388.59,0.0,1,35.55,56.63,SPY220930P00444000,444.0,0,0.0,0.0,,0.0,normalDay
2022-06-28,11535.0,-2909.0,0.0,0,380.65,0.0,1,35.55,64.64,SPY220930P00444000,444.0,0,0.0,0.0,,0.0,normalDay
2022-06-29,11535.0,-2896.0,0.0,0,380.34,0.0,1,35.55,64.51,SPY220930P00444000,444.0,0,0.0,0.0,,0.0,normalDay
2022-06-30,11535.0,-3293.0,0.0,0,377.25,0.0,1,35.55,68.48,SPY220930P00444000,444.0,0,0.0,0.0,,0.0,normalDay
2022-07-01,11535.0,-2862.0,0.0,0,381.24,0.0,1,35.55,64.17,SPY220930P00444000,444.0,0,0.0,0.0,,0.0,normalDay
2022-07-05,11535.0,-2820.0,0.0,0,381.96,0.0,1,35.55,63.75,SPY220930P00444000,444.0,0,0.0,0.0,,0.0,normalDay
2022-07-06,11535.0,-2611.0,0.0,0,383.25,0.0,1,35.55,61.66,SPY220930P00444000,444.0,0,0.0,0.0,,0.0,normalDay
2022-07-07,11535.0,-2122.0,0.0,0,388.99,0.0,1,35.55,56.77,SPY220930P00444000,444.0,0,0.0,0.0,,0.0,normalDay
2022-07-08,11535.0,-2083.0,0.0,0,388.67,0.0,1,35.55,56.38,SPY220930P00444000,444.0,0,0.0,0.0,,0.0,normalDay
2022-07-11,11535.0,-2495.0,0.0,0,384.23,0.0,1,35.55,60.5,SPY220930P00444000,444.0,0,0.0,0.0,,0.0,normalDay
2022-07-12,11535.0,-2892.0,0.0,0,380.83,0.0,1,35.55,64.47,SPY220930P00444000,444.0,0,0.0,0.0,,0.0,normalDay
2022-07-13,11535.0,-3077.0,0.0,0,378.83,0.0,1,35.55,66.32,SPY220930P00444000,444.0,0,0.0,0.0,,0.0,normalDay
2022-07-14,11535.0,-3119.0,0.0,0,377.91,0.0,1,35.55,66.74,SPY220930P00444000,444.0,0,0.0,0.0,,0.0,normalDay
2022-07-15,11535.0,-2424.0,0.0,0,385.13,0.0,1,35.55,59.79,SPY220930P00444000,444.0,0,0.0,0.0,,0.0,normalDay
2022-07-18,11535.0,-2712.0,0.0,0,381.95,0.0,1,35.55,62.67,SPY220930P00444000,444.0,0,0.0,0.0,,0.0,normalDay
2022-07-19,11535.0,-1711.0,0.0,0,392.27,0.0,1,35.55,52.66,SPY220930P00444000,444.0,0,0.0,0.0,,0.0,normalDay
2022-07-20,11535.0,-1508.0,0.0,0,394.77,0.0,1,35.55,50.63,SPY220930P00444000,444.0,0,0.0,0.0,,0.0,normalDay
2022-07-21,11535.0,-1194.0,0.0,0,398.79,0.0,1,35.55,47.49,SPY220930P00444000,444.0,0,0.0,0.0,,0.0,normalDay
2022-07-22,11535.0,-1543.0,0.0,0,395.09,0.0,1,35.55,50.98,SPY220930P00444000,444.0,0,0.0,0.0,,0.0,normalDay
2022-07-25,11535.0,-1392.0,0.0,0,395.57,0.0,1,35.55,49.47,SPY220930P00444000,444.0,0,0.0,0.0,,0.0,normalDay
2022-07-26,11535.0,-1792.0,0.0,0,390.89,0.0,1,35.55,53.47,SPY220930P00444000,444.0,0,0.0,0.0,,0.0,normalDay
2022-07-27,11535.0,-982.0,0.0,0,401.04,0.0,1,35.55,45.37,SPY220930P00444000,444.0,0,0.0,0.0,,0.0,normalDay
2022-07-28,11535.0,-366.0,0.0,0,406.07,0.0,1,35.55,39.21,SPY220930P00444000,444.0,0,0.0,0.0,,0.0,normalDay
2022-07-29,11535.0,69.0,0.0,0,411.99,0.0,1,35.55,34.86,SPY220930P00444000,444.0,0,0.0,0.0,,0.0,normalDay
2022-08-01,11535.0,-28.0,0.0,0,410.77,0.0,1,35.55,35.83,SPY220930P00444000,444.0,0,0.0,0.0,,0.0,normalDay
2022-08-02,11535.0,-303.0,0.0,0,408.06,0.0,1,35.55,38.58,SPY220930P00444000,444.0,0,0.0,0.0,,0.0,normalDay
2022-08-03,11535.0,270.0,0.0,0,414.45,0.0,1,35.55,32.85,SPY220930P00444000,444.0,0,0.0,0.0,,0.0,normalDay
2022-08-04,11535.0,296.0,0.0,0,414.17,0.0,1,35.55,32.59,SPY220930P00444000,444.0,0,0.0,0.0,,0.0,normalDay
2022-08-05,11535.0,223.0,0.0,0,413.47,0.0,1,35.55,33.32,SPY220930P00444000,444.0,0,0.0,0.0,,0.0,normalDay
2022-08-08,11535.0,242.0,0.0,0,412.99,0.0,1,35.55,33.13,SPY220930P00444000,444.0,0,0.0,0.0,,0.0,normalDay
2022-08-09,11535.0,112.0,0.0,0,411.35,0.0,1,35.55,34.43,SPY220930P00444000,444.0,0,0.0,0.0,,0.0,normalDay
2022-08-10,11535.0,810.0,0.0,0,419.99,0.0,1,35.55,27.45,SPY220930P00444000,444.0,0,0.0,0.0,,0.0,normalDay
2022-08-11,11535.0,874.0,0.0,0,419.99,0.0,1,35.55,26.81,SPY220930P00444000,444.0,0,0.0,0.0,,0.0,normalDay
2022-08-12,11535.0,1361.0,0.0,0,427.1,0.0,1,35.55,21.94,SPY220930P00444000,444.0,0,0.0,0.0,,0.0,normalDay
2022-08-15,11535.0,1522.0,0.0,0,428.86,0.0,1,35.55,20.33,SPY220930P00444000,444.0,0,0.0,0.0,,0.0,normalDay
2022-08-16,11535.0,1592.0,0.0,0,429.7,0.0,1,35.55,19.63,SPY220930P00444000,444.0,0,0.0,0.0,,0.0,normalDay
2022-08-17,11535.0,1385.0,0.0,0,426.65,0.0,1,35.55,21.7,SPY220930P00444000,444.0,0,0.0,0.0,,0.0,normalDay
2022-08-18,11535.0,1506.0,0.0,0,427.89,0.0,1,35.55,20.49,SPY220930P00444000,444.0,0,0.0,0.0,,0.0,normalDay
2022-08-19,11535.0,1064.0,0.0,0,422.14,0.0,1,35.55,24.91,SPY220930P00444000,444.0,0,0.0,0.0,,0.0,normalDay
2022-08-22,11535.0,310.0,0.0,0,413.35,0.0,1,35.55,32.45,SPY220930P00444000,444.0,0,0.0,0.0,,0.0,normalDay
2022-08-23,11535.0,158.0,0.0,0,412.35,0.0,1,35.55,33.97,SPY220930P00444000,444.0,0,0.0,0.0,,0.0,normalDay
2022-08-24,11535.0,349.0,0.0,0,413.67,0.0,1,35.55,32.06,SPY220930P00444000,444.0,0,0.0,0.0,,0.0,normalDay
2022-08-25,11535.0,828.0,0.0,0,419.51,0.0,1,35.55,27.27,SPY220930P00444000,444.0,0,0.0,0.0,,0.0,normalDay
2022-08-26,11535.0,-519.0,0.0,0,405.31,0.0,1,35.55,40.74,SPY220930P00444000,444.0,0,0.0,0.0,,0.0,normalDay
2022-08-29,11535.0,-731.0,0.0,0,402.63,0.0,1,35.55,42.86,SPY220930P00444000,444.0,0,0.0,0.0,,0.0,normalDay
2022-08-30,11535.0,-1156.0,0.0,0,398.21,0.0,1,35.55,47.11,SPY220930P00444000,444.0,0,0.0,0.0,,0.0,normalDay
2022-08-31,11535.0,-1489.0,0.0,0,395.18,0.0,1,35.55,50.44,SPY220930P00444000,444.0,0,0.0,0.0,,0.0,normalDay
2022-09-01,11535.0,-1392.0,0.0,0,396.42,0.0,1,35.55,49.47,SPY220930P00444000,444.0,0,0.0,0.0,,0.0,normalDay
2022-09-02,11535.0,-1772.0,0.0,0,392.24,0.0,1,35.55,53.27,SPY220930P00444000,444.0,0,0.0,0.0,,0.0,normalDay
2022-09-06,11535.0,-2005.0,0.0,0,390.76,0.0,1,35.55,55.6,SPY220930P00444000,444.0,0,0.0,0.0,,0.0,normalDay
2022-09-07,11535.0,-1302.0,0.0,0,397.78,0.0,1,35.55,48.57,SPY220930P00444000,444.0,0,0.0,0.0,,0.0,normalDay
2022-09-08,11535.0,-957.0,0.0,0,400.38,0.0,1,35.55,45.12,SPY220930P00444000,444.0,0,0.0,0.0,,0.0,normalDay
2022-09-09,11535.0,-392.0,0.0,0,406.6,0.0,1,35.55,39.47,SPY220930P00444000,444.0,0,0.0,0.0,,0.0,normalDay
2022-09-12,11535.0,90.0,0.0,0,410.97,0.0,1,35.55,34.65,SPY220930P00444000,444.0,0,0.0,0.0,,0.0,normalDay
2022-09-13,11535.0,-1708.0,0.0,0,393.1,0.0,1,35.55,52.63,SPY220930P00444000,444.0,0,0.0,0.0,,0.0,normalDay
2022-09-14,11535.0,-1571.0,0.0,0,394.6,0.0,1,35.55,51.26,SPY220930P00444000,444.0,0,0.0,0.0,,0.0,normalDay
2022-09-15,11535.0,-1941.0,0.0,0,390.12,0.0,1,35.55,54.96,SPY220930P00444000,444.0,0,0.0,0.0,,0.0,normalDay
2022-09-16,11535.0,-2269.0,0.0,0,385.56,0.0,1,35.55,58.24,SPY220930P00444000,444.0,0,0.0,0.0,,0.0,normalDay
2022-09-19,11535.0,-2020.0,0.0,0,388.55,0.0,1,35.55,55.75,SPY220930P00444000,444.0,0,0.0,0.0,,0.0,normalDay
2022-09-20,11535.0,-2388.0,0.0,0,384.09,0.0,1,35.55,59.43,SPY220930P00444000,444.0,0,0.0,0.0,,0.0,normalDay
2022-09-21,11535.0,-3119.0,0.0,0,377.39,0.0,1,35.55,66.74,SPY220930P00444000,444.0,0,0.0,0.0,,0.0,normalDay
2022-09-22,11535.0,-3391.0,0.0,0,374.22,0.0,1,35.55,69.46,SPY220930P00444000,444.0,0,0.0,0.0,,0.0,normalDay
2022-09-23,11535.0,-4098.0,0.0,0,367.95,0.0,1,35.55,76.53,SPY220930P00444000,444.0,0,0.0,0.0,,0.0,normalDay
2022-09-26,11535.0,-4487.0,0.0,0,364.31,0.0,1,35.55,80.42,SPY220930P00444000,444.0,0,0.0,0.0,,0.0,normalDay
2022-09-27,11535.0,-4525.0,0.0,0,363.38,0.0,1,35.55,80.8,SPY220930P00444000,444.0,0,0.0,0.0,,0.0,normalDay
2022-09-28,11535.0,-3811.0,0.0,0,370.53,0.0,1,35.55,73.66,SPY220930P00444000,444.0,0,0.0,0.0,,0.0,normalDay
2022-09-29,11535.0,-4564.0,0.0,0,362.79,0.0,1,35.55,81.19,SPY220930P00444000,444.0,0,0.0,0.0,,0.0,normalDay
2022-09-30,15090.0,-8682.0,3555.0,100,357.18,444.0,1,35.55,0.0,SPY220930P00444000,444.0,0,0.0,0.0,,0.0,expirationDay
2022-10-03,15090.0,-7745.0,0.0,100,366.61,444.0,0,0.0,0.0,,0.0,1,2.93,2.99,SPY230120C00420000,420.0,normalDay
2022-10-04,15090.0,-6805.0,0.0,100,377.97,444.0,0,0.0,0.0,,0.0,1,2.93,4.95,SPY230120C00420000,420.0,normalDay
2022-10-05,15090.0,-6871.0,0.0,100,377.09,444.0,0,0.0,0.0,,0.0,1,2.93,4.73,SPY230120C00420000,420.0,normalDay
2022-10-06,15090.0,-7195.0,0.0,100,373.2,444.0,0,0.0,0.0,,0.0,1,2.93,4.08,SPY230120C00420000,420.0,normalDay
2022-10-07,15090.0,-8068.0,0.0,100,362.79,444.0,0,0.0,0.0,,0.0,1,2.93,2.4,SPY230120C00420000,420.0,normalDay
2022-10-10,15090.0,-8340.0,0.0,100,360.02,444.0,0,0.0,0.0,,0.0,1,2.93,2.35,SPY230120C00420000,420.0,normalDay
2022-10-11,15090.0,-8554.0,0.0,100,357.74,444.0,0,0.0,0.0,,0.0,1,2.93,2.21,SPY230120C00420000,420.0,normalDay
2022-10-12,15090.0,-8663.0,0.0,100,356.56,444.0,0,0.0,0.0,,0.0,1,2.93,2.12,SPY230120C00420000,420.0,normalDay
2022-10-13,15090.0,-7837.0,0.0,100,365.97,444.0,0,0.0,0.0,,0.0,1,2.93,3.27,SPY230120C00420000,420.0,normalDay
2022-10-14,15090.0,-8558.0,0.0,100,357.63,444.0,0,0.0,0.0,,0.0,1,2.93,2.14,SPY230120C00420000,420.0,normalDay
2022-10-17,15090.0,-7755.0,0.0,100,366.82,444.0,0,0.0,0.0,,0.0,1,2.93,3.3,SPY230120C00420000,420.0,normalDay
2022-10-18,15090.0,-7387.0,0.0,100,371.13,444.0,0,0.0,0.0,,0.0,1,2.93,3.93,SPY230120C00420000,420.0,normalDay
2022-10-19,15090.0,-7578.0,0.0,100,368.5,444.0,0,0.0,0.0,,0.0,1,2.93,3.21,SPY230120C00420000,420.0,normalDay
2022-10-20,15090.0,-7828.0,0.0,100,365.41,444.0,0,0.0,0.0,,0.0,1,2.93,2.62,SPY230120C00420000,420.0,normalDay
2022-10-21,15090.0,-7098.0,0.0,100,374.29,444.0,0,0.0,0.0,,0.0,1,2.93,4.2,SPY230120C00420000,420.0,normalDay
2022-10-24,15090.0,-6727.0,0.0,100,378.87,444.0,0,0.0,0.0,,0.0,1,2.93,5.07,SPY230120C00420000,420.0,normalDay
2022-10-25,15090.0,-6182.0,0.0,100,384.92,444.0,0,0.0,0.0,,0.0,1,2.93,5.67,SPY230120C00420000,420.0,normalDay
2022-10-26,15090.0,-6412.0,0.0,100,382.02,444.0,0,0.0,0.0,,0.0,1,2.93,5.07,SPY230120C00420000,420.0,normalDay
2022-10-27,15090.0,-6457.0,0.0,100,379.98,444.0,0,0.0,0.0,,0.0,1,2.93,3.48,SPY230120C00420000,420.0,normalDay
2022-10-28,15090.0,-5822.0,0.0,100,389.02,444.0,0,0.0,0.0,,0.0,1,2.93,6.17,SPY230120C00420000,420.0,normalDay
2022-10-31,15090.0,-5989.0,0.0,100,386.21,444.0,0,0.0,0.0,,0.0,1,2.93,5.03,SPY230120C00420000,420.0,normalDay
2022-11-01,15090.0,-6099.0,0.0,100,384.52,444.0,0,0.0,0.0,,0.0,1,2.93,4.44,SPY230120C00420000,420.0,normalDay
2022-11-02,15090.0,-6883.0,0.0,100,374.87,444.0,0,0.0,0.0,,0.0,1,2.93,2.63,SPY230120C00420000,420.0,normalDay
2022-11-03,15090.0,-7205.0,0.0,100,371.01,444.0,0,0.0,0.0,,0.0,1,2.93,1.99,SPY230120C00420000,420.0,normalDay
2022-11-04,15090.0,-6732.0,0.0,100,376.35,444.0,0,0.0,0.0,,0.0,1,2.93,2.6,SPY230120C00420000,420.0,normalDay
2022-11-07,15090.0,-6408.0,0.0,100,379.95,444.0,0,0.0,0.0,,0.0,1,2.93,2.96,SPY230120C00420000,420.0,normalDay
2022-11-08,15090.0,-6241.0,0.0,100,382.0,444.0,0,0.0,0.0,,0.0,1,2.93,3.34,SPY230120C00420000,420.0,normalDay
2022-11-09,15090.0,-6912.0,0.0,100,374.13,444.0,0,0.0,0.0,,0.0,1,2.93,2.18,SPY230120C00420000,420.0,normalDay
2022-11-10,15090.0,-5260.0,0.0,100,394.69,444.0,0,0.0,0.0,,0.0,1,2.93,6.22,SPY230120C00420000,420.0,normalDay
2022-11-11,15090.0,-4899.0,0.0,100,398.51,444.0,0,0.0,0.0,,0.0,1,2.93,6.43,SPY230120C00420000,420.0,normalDay
2022-11-14,15090.0,-5130.0,0.0,100,395.12,444.0,0,0.0,0.0,,0.0,1,2.93,5.35,SPY230120C00420000,420.0,normalDay
2022-11-15,15090.0,-4875.0,0.0,100,398.49,444.0,0,0.0,0.0,,0.0,1,2.93,6.17,SPY230120C00420000,420.0,normalDay
2022-11-16,15090.0,-5065.0,0.0,100,395.45,444.0,0,0.0,0.0,,0.0,1,2.93,5.03,SPY230120C00420000,420.0,normalDay
2022-11-17,15090.0,-5138.0,0.0,100,394.24,444.0,0,0.0,0.0,,0.0,1,2.93,4.55,SPY230120C00420000,420.0,normalDay
2022-11-18,15090.0,-4961.0,0.0,100,396.03,444.0,0,0.0,0.0,,0.0,1,2.93,4.57,SPY230120C00420000,420.0,normalDay
2022-11-21,15090.0,-5022.0,0.0,100,394.59,444.0,0,0.0,0.0,,0.0,1,2.93,3.74,SPY230120C00420000,420.0,normalDay
2022-11-22,15090.0,-4585.0,0.0,100,399.9,444.0,0,0.0,0.0,,0.0,1,2.93,4.68,SPY230120C00420000,420.0,normalDay
2022-11-23,15090.0,-4365.0,0.0,100,402.42,444.0,0,0.0,0.0,,0.0,1,2.93,5.0,SPY230120C00420000,420.0,normalDay
2022-11-25,15090.0,-4349.0,0.0,100,402.33,444.0,0,0.0,0.0,,0.0,1,2.93,4.75,SPY230120C00420000,420.0,normalDay
2022-11-28,15090.0,-4840.0,0.0,100,395.91,444.0,0,0.0,0.0,,0.0,1,2.93,3.24,SPY230120C00420000,420.0,normalDay
2022-11-29,15090.0,-4872.0,0.0,100,395.23,444.0,0,0.0,0.0,,0.0,1,2.93,2.88,SPY230120C00420000,420.0,normalDay
2022-11-30,15090.0,-3981.0,0.0,100,407.68,444.0,0,0.0,0.0,,0.0,1,2.93,6.42,SPY230120C00420000,420.0,normalDay
2022-12-01,15090.0,-3950.0,0.0,100,407.38,444.0,0,0.0,0.0,,0.0,1,2.93,5.81,SPY230120C00420000,420.0,normalDay
2022-12-02,15090.0,-3931.0,0.0,100,406.91,444.0,0,0.0,0.0,,0.0,1,2.93,5.15,SPY230120C00420000,420.0,normalDay
2022-12-05,15090.0,-4459.0,0.0,100,399.59,444.0,0,0.0,0.0,,0.0,1,2.93,3.11,SPY230120C00420000,420.0,normalDay
2022-12-06,15090.0,-4939.0,0.0,100,393.83,444.0,0,0.0,0.0,,0.0,1,2.93,2.15,SPY230120C00420000,420.0,normalDay
2022-12-07,15090.0,-4996.0,0.0,100,393.16,444.0,0,0.0,0.0,,0.0,1,2.93,2.05,SPY230120C00420000,420.0,normalDay
2022-12-08,15090.0,-4724.0,0.0,100,396.24,444.0,0,0.0,0.0,,0.0,1,2.93,2.41,SPY230120C00420000,420.0,normalDay
2022-12-09,15090.0,-4973.0,0.0,100,393.28,444.0,0,0.0,0.0,,0.0,1,2.93,1.94,SPY230120C00420000,420.0,normalDay
2022-12-12,15090.0,-4539.0,0.0,100,398.95,444.0,0,0.0,0.0,,0.0,1,2.93,3.27,SPY230120C00420000,420.0,normalDay
2022-12-13,15090.0,-4246.0,0.0,100,401.97,444.0,0,0.0,0.0,,0.0,1,2.93,3.36,SPY230120C00420000,420.0,normalDay
2022-12-14,15090.0,-4391.0,0.0,100,399.4,444.0,0,0.0,0.0,,0.0,1,2.93,2.24,SPY230120C00420000,420.0,normalDay
2022-12-15,15090.0,-5227.0,0.0,100,389.63,444.0,0,0.0,0.0,,0.0,1,2.93,0.83,SPY230120C00420000,420.0,normalDay
2022-12-16,15090.0,-5827.0,0.0,100,383.27,444.0,0,0.0,0.0,,0.0,1,2.93,0.47,SPY230120C00420000,420.0,normalDay
2022-12-19,15090.0,-6136.0,0.0,100,380.02,444.0,0,0.0,0.0,,0.0,1,2.93,0.31,SPY230120C00420000,420.0,normalDay
2022-12-20,15090.0,-6082.0,0.0,100,380.54,444.0,0,0.0,0.0,,0.0,1,2.93,0.29,SPY230120C00420000,420.0,normalDay
2022-12-21,15090.0,-5524.0,0.0,100,386.23,444.0,0,0.0,0.0,,0.0,1,2.93,0.4,SPY230120C00420000,420.0,normalDay
2022-12-22,15090.0,-6062.0,0.0,100,380.72,444.0,0,0.0,0.0,,0.0,1,2.93,0.27,SPY230120C00420000,420.0,normalDay
2022-12-23,15090.0,-5838.0,0.0,100,382.91,444.0,0,0.0,0.0,,0.0,1,2.93,0.22,SPY230120C00420000,420.0,normalDay
2022-12-27,15090.0,-5986.0,0.0,100,381.4,444.0,0,0.0,0.0,,0.0,1,2.93,0.19,SPY230120C00420000,420.0,normalDay
2022-12-28,15090.0,-6452.0,0.0,100,376.66,444.0,0,0.0,0.0,,0.0,1,2.93,0.11,SPY230120C00420000,420.0,normalDay
2022-12-29,15090.0,-5780.0,0.0,100,383.44,444.0,0,0.0,0.0,,0.0,1,2.93,0.17,SPY230120C00420000,420.0,normalDay
2022-12-30,15090.0,-5876.0,0.0,100,382.43,444.0,0,0.0,0.0,,0.0,1,2.93,0.12,SPY230120C00420000,420.0,normalDay
2023-01-03,15090.0,-6033.0,0.0,100,380.82,444.0,0,0.0,0.0,,0.0,1,2.93,0.08,SPY230120C00420000,420.0,normalDay
2023-01-04,15090.0,-5739.0,0.0,100,383.76,444.0,0,0.0,0.0,,0.0,1,2.93,0.08,SPY230120C00420000,420.0,normalDay
2023-01-05,15090.0,-6174.0,0.0,100,379.38,444.0,0,0.0,0.0,,0.0,1,2.93,0.05,SPY230120C00420000,420.0,normalDay
2023-01-06,15090.0,-5307.0,0.0,100,388.08,444.0,0,0.0,0.0,,0.0,1,2.93,0.08,SPY230120C00420000,420.0,normalDay
2023-01-09,15090.0,-5329.0,0.0,100,387.86,444.0,0,0.0,0.0,,0.0,1,2.93,0.08,SPY230120C00420000,420.0,normalDay
2023-01-10,15090.0,-5056.0,0.0,100,390.58,444.0,0,0.0,0.0,,0.0,1,2.93,0.07,SPY230120C00420000,420.0,normalDay
2023-01-11,15090.0,-4572.0,0.0,100,395.52,444.0,0,0.0,0.0,,0.0,1,2.93,0.17,SPY230120C00420000,420.0,normalDay
2023-01-12,15090.0,-4415.0,0.0,100,396.96,444.0,0,0.0,0.0,,0.0,1,2.93,0.04,SPY230120C00420000,420.0,normalDay
2023-01-13,15090.0,-4259.0,0.0,100,398.5,444.0,0,0.0,0.0,,0.0,1,2.93,0.02,SPY230120C00420000,420.0,normalDay
2023-01-17,15090.0,-4332.0,0.0,100,397.77,444.0,0,0.0,0.0,,0.0,1,2.93,0.02,SPY230120C00420000,420.0,normalDay
2023-01-18,15090.0,-4959.0,0.0,100,391.49,444.0,0,0.0,0.0,,0.0,1,2.93,0.01,SPY230120C00420000,420.0,normalDay
2023-01-19,15090.0,-5244.0,0.0,100,388.64,444.0,0,0.0,0.0,,0.0,1,2.93,0.01,SPY230120C00420000,420.0,normalDay
2023-01-20,15383.0,-4812.0,293.0,100,395.88,444.0,0,0.0,0.0,,0.0,1,2.93,0.0,SPY230120C00420000,420.0,expirationDay
2023-01-23,15383.0,-4346.0,0.0,100,400.63,444.0,0,0.0,0.0,,0.0,1,16.49,16.58,SPY230519C00405000,405.0,normalDay
2023-01-24,15383.0,-4390.0,0.0,100,400.2,444.0,0,0.0,0.0,,0.0,1,16.49,16.59,SPY230519C00405000,405.0,normalDay
2023-01-25,15383.0,-4335.0,0.0,100,400.35,444.0,0,0.0,0.0,,0.0,1,16.49,16.19,SPY230519C00405000,405.0,normalDay
2023-01-26,15383.0,-4081.0,0.0,100,404.75,444.0,0,0.0,0.0,,0.0,1,16.49,18.05,SPY230519C00405000,405.0,normalDay
2023-01-27,15383.0,-4031.0,0.0,100,405.68,444.0,0,0.0,0.0,,0.0,1,16.49,18.48,SPY230519C00405000,405.0,normalDay
2023-01-30,15383.0,-4290.0,0.0,100,400.59,444.0,0,0.0,0.0,,0.0,1,16.49,15.98,SPY230519C00405000,405.0,normalDay
2023-01-31,15383.0,-3977.0,0.0,100,406.48,444.0,0,0.0,0.0,,0.0,1,16.49,18.74,SPY230519C00405000,405.0,normalDay
2023-02-01,15383.0,-3902.0,0.0,100,410.8,444.0,0,0.0,0.0,,0.0,1,16.49,22.31,SPY230519C00405000,405.0,normalDay
2023-02-02,15383.0,-3593.0,0.0,100,416.78,444.0,0,0.0,0.0,,0.0,1,16.49,25.2,SPY230519C00405000,405.0,normalDay
2023-02-03,15383.0,-3792.0,0.0,100,412.35,444.0,0,0.0,0.0,,0.0,1,16.49,22.76,SPY230519C00405000,405.0,normalDay
2023-02-06,15383.0,-3893.0,0.0,100,409.83,444.0,0,0.0,0.0,,0.0,1,16.49,21.25,SPY230519C00405000,405.0,normalDay
2023-02-07,15383.0,-3637.0,0.0,100,415.19,444.0,0,0.0,0.0,,0.0,1,16.49,24.05,SPY230519C00405000,405.0,normalDay
2023-02-08,15383.0,-3869.0,0.0,100,410.65,444.0,0,0.0,0.0,,0.0,1,16.49,21.83,SPY230519C00405000,405.0,normalDay
2023-02-09,15383.0,-4023.0,0.0,100,407.09,444.0,0,0.0,0.0,,0.0,1,16.49,19.81,SPY230519C00405000,405.0,normalDay
2023-02-10,15383.0,-3961.0,0.0,100,408.04,444.0,0,0.0,0.0,,0.0,1,16.49,20.14,SPY230519C00405000,405.0,normalDay
2023-02-13,15383.0,-3759.0,0.0,100,412.83,444.0,0,0.0,0.0,,0.0,1,16.49,22.91,SPY230519C00405000,405.0,normalDay
2023-02-14,15383.0,-3663.0,0.0,100,412.64,444.0,0,0.0,0.0,,0.0,1,16.49,21.76,SPY230519C00405000,405.0,normalDay
2023-02-15,15383.0,-3631.0,0.0,100,413.98,444.0,0,0.0,0.0,,0.0,1,16.49,22.78,SPY230519C00405000,405.0,normalDay
2023-02-16,15383.0,-3832.0,0.0,100,408.28,444.0,0,0.0,0.0,,0.0,1,16.49,19.09,SPY230519C00405000,405.0,normalDay
2023-02-17,15383.0,-3837.0,0.0,100,407.26,444.0,0,0.0,0.0,,0.0,1,16.49,18.12,SPY230519C00405000,405.0,normalDay
2023-02-21,15383.0,-4237.0,0.0,100,399.09,444.0,0,0.0,0.0,,0.0,1,16.49,13.95,SPY230519C00405000,405.0,normalDay
2023-02-22,15383.0,-4215.0,0.0,100,398.54,444.0,0,0.0,0.0,,0.0,1,16.49,13.18,SPY230519C00405000,405.0,normalDay
2023-02-23,15383.0,-4034.0,0.0,100,400.66,444.0,0,0.0,0.0,,0.0,1,16.49,13.49,SPY230519C00405000,405.0,normalDay
2023-02-24,15383.0,-4262.0,0.0,100,396.38,444.0,0,0.0,0.0,,0.0,1,16.49,11.49,SPY230519C00405000,405.0,normalDay
2023-02-27,15383.0,-4155.0,0.0,100,397.73,444.0,0,0.0,0.0,,0.0,1,16.49,11.77,SPY230519C00405000,405.0,normalDay
2023-02-28,15383.0,-4171.0,0.0,100,396.26,444.0,0,0.0,0.0,,0.0,1,16.49,10.46,SPY230519C00405000,405.0,normalDay
2023-03-01,15383.0,-4266.0,0.0,100,394.74,444.0,0,0.0,0.0,,0.0,1,16.49,9.89,SPY230519C00405000,405.0,normalDay
2023-03-02,15383.0,-4064.0,0.0,100,397.81,444.0,0,0.0,0.0,,0.0,1,16.49,10.94,SPY230519C00405000,405.0,normalDay
2023-03-03,15383.0,-3743.0,0.0,100,404.19,444.0,0,0.0,0.0,,0.0,1,16.49,14.11,SPY230519C00405000,405.0,normalDay
2023-03-06,15383.0,-3693.0,0.0,100,404.47,444.0,0,0.0,0.0,,0.0,1,16.49,13.89,SPY230519C00405000,405.0,normalDay
2023-03-07,15383.0,-3994.0,0.0,100,398.27,444.0,0,0.0,0.0,,0.0,1,16.49,10.7,SPY230519C00405000,405.0,normalDay
2023-03-08,15383.0,-3919.0,0.0,100,398.92,444.0,0,0.0,0.0,,0.0,1,16.49,10.6,SPY230519C00405000,405.0,normalDay
2023-03-09,15383.0,-4396.0,0.0,100,391.56,444.0,0,0.0,0.0,,0.0,1,16.49,8.01,SPY230519C00405000,405.0,normalDay
2023-03-10,15383.0,-4774.0,0.0,100,385.91,444.0,0,0.0,0.0,,0.0,1,16.49,6.14,SPY230519C00405000,405.0,normalDay
2023-03-13,15383.0,-4856.0,0.0,100,385.36,444.0,0,0.0,0.0,,0.0,1,16.49,6.41,SPY230519C00405000,405.0,normalDay
2023-03-14,15383.0,-4345.0,0.0,100,391.73,444.0,0,0.0,0.0,,0.0,1,16.49,7.67,SPY230519C00405000,405.0,normalDay
2023-03-15,15383.0,-4539.0,0.0,100,389.28,444.0,0,0.0,0.0,,0.0,1,16.49,7.16,SPY230519C00405000,405.0,normalDay
2023-03-16,15383.0,-4062.0,0.0,100,396.11,444.0,0,0.0,0.0,,0.0,1,16.49,9.22,SPY230519C00405000,405.0,normalDay
2023-03-17,15383.0,-4584.0,0.0,100,389.99,444.0,0,0.0,0.0,,0.0,1,16.49,8.32,SPY230519C00405000,405.0,normalDay
2023-03-20,15383.0,-4275.0,0.0,100,393.74,444.0,0,0.0,0.0,,0.0,1,16.49,8.98,SPY230519C00405000,405.0,normalDay
2023-03-21,15383.0,-3936.0,0.0,100,398.91,444.0,0,0.0,0.0,,0.0,1,16.49,10.76,SPY230519C00405000,405.0,normalDay
2023-03-22,15383.0,-4297.0,0.0,100,392.11,444.0,0,0.0,0.0,,0.0,1,16.49,7.57,SPY230519C00405000,405.0,normalDay
2023-03-23,15383.0,-4240.0,0.0,100,393.17,444.0,0,0.0,0.0,,0.0,1,16.49,8.06,SPY230519C00405000,405.0,normalDay
2023-03-24,15383.0,-4059.0,0.0,100,395.75,444.0,0,0.0,0.0,,0.0,1,16.49,8.83,SPY230519C00405000,405.0,normalDay
2023-03-27,15383.0,-3950.0,0.0,100,396.49,444.0,0,0.0,0.0,,0.0,1,16.49,8.48,SPY230519C00405000,405.0,normalDay
2023-03-28,15383.0,-3975.0,0.0,100,395.6,444.0,0,0.0,0.0,,0.0,1,16.49,7.84,SPY230519C00405000,405.0,normalDay
2023-03-29,15383.0,-3629.0,0.0,100,401.35,444.0,0,0.0,0.0,,0.0,1,16.49,10.13,SPY230519C00405000,405.0,normalDay
2023-03-30,15383.0,-3505.0,0.0,100,403.7,444.0,0,0.0,0.0,,0.0,1,16.49,11.24,SPY230519C00405000,405.0,normalDay
2023-03-31,15383.0,-3294.0,0.0,100,409.39,444.0,0,0.0,0.0,,0.0,1,16.49,14.82,SPY230519C00405000,405.0,normalDay
2023-04-03,15383.0,-3180.0,0.0,100,410.95,444.0,0,0.0,0.0,,0.0,1,16.49,15.24,SPY230519C00405000,405.0,normalDay
2023-04-04,15383.0,-3255.0,0.0,100,408.67,444.0,0,0.0,0.0,,0.0,1,16.49,13.71,SPY230519C00405000,405.0,normalDay
2023-04-05,15383.0,-3267.0,0.0,100,407.6,444.0,0,0.0,0.0,,0.0,1,16.49,12.76,SPY230519C00405000,405.0,normalDay
2023-04-06,15383.0,-3170.0,0.0,100,409.19,444.0,0,0.0,0.0,,0.0,1,16.49,13.38,SPY230519C00405000,405.0,normalDay
2023-04-10,15383.0,-3150.0,0.0,100,409.61,444.0,0,0.0,0.0,,0.0,1,16.49,13.6,SPY230519C00405000,405.0,normalDay
2023-04-11,15383.0,-3125.0,0.0,100,409.72,444.0,0,0.0,0.0,,0.0,1,16.49,13.46,SPY230519C00405000,405.0,normalDay
2023-04-12,15383.0,-3136.0,0.0,100,408.05,444.0,0,0.0,0.0,,0.0,1,16.49,11.9,SPY230519C00405000,405.0,normalDay
2023-04-13,15383.0,-2920.0,0.0,100,413.47,444.0,0,0.0,0.0,,0.0,1,16.49,15.16,SPY230519C00405000,405.0,normalDay
2023-04-14,15383.0,-2924.0,0.0,100,412.46,444.0,0,0.0,0.0,,0.0,1,16.49,14.19,SPY230519C00405000,405.0,normalDay
2023-04-17,15383.0,-2841.0,0.0,100,413.94,444.0,0,0.0,0.0,,0.0,1,16.49,14.84,SPY230519C00405000,405.0,normalDay
2023-04-18,15383.0,-2792.0,0.0,100,414.21,444.0,0,0.0,0.0,,0.0,1,16.49,14.62,SPY230519C00405000,405.0,normalDay
2023-04-19,15383.0,-2783.0,0.0,100,414.14,444.0,0,0.0,0.0,,0.0,1,16.49,14.46,SPY230519C00405000,405.0,normalDay
2023-04-20,15383.0,-2861.0,0.0,100,411.88,444.0,0,0.0,0.0,,0.0,1,16.49,12.98,SPY230519C00405000,405.0,normalDay
2023-04-21,15383.0,-2794.0,0.0,100,412.2,444.0,0,0.0,0.0,,0.0,1,16.49,12.63,SPY230519C00405000,405.0,normalDay
2023-04-24,15383.0,-2753.0,0.0,100,412.63,444.0,0,0.0,0.0,,0.0,1,16.49,12.65,SPY230519C00405000,405.0,normalDay
2023-04-25,15383.0,-3073.0,0.0,100,406.08,444.0,0,0.0,0.0,,0.0,1,16.49,9.3,SPY230519C00405000,405.0,normalDay
2023-04-26,15383.0,-3058.0,0.0,100,404.36,444.0,0,0.0,0.0,,0.0,1,16.49,7.43,SPY230519C00405000,405.0,normalDay
2023-04-27,15383.0,-2771.0,0.0,100,412.41,444.0,0,0.0,0.0,,0.0,1,16.49,12.61,SPY230519C00405000,405.0,normalDay
2023-04-28,15383.0,-2595.0,0.0,100,415.93,444.0,0,0.0,0.0,,0.0,1,16.49,14.37,SPY230519C00405000,405.0,normalDay
2023-05-01,15383.0,-2564.0,0.0,100,415.51,444.0,0,0.0,0.0,,0.0,1,16.49,13.64,SPY230519C00405000,405.0,normalDay
2023-05-02,15383.0,-2704.0,0.0,100,410.84,444.0,0,0.0,0.0,,0.0,1,16.49,10.37,SPY230519C00405000,405.0,normalDay
2023-05-03,15383.0,-2808.0,0.0,100,408.02,444.0,0,0.0,0.0,,0.0,1,16.49,8.59,SPY230519C00405000,405.0,normalDay
2023-05-04,15383.0,-2865.0,0.0,100,405.13,444.0,0,0.0,0.0,,0.0,1,16.49,6.27,SPY230519C00405000,405.0,normalDay
2023-05-05,15383.0,-2518.0,0.0,100,412.63,444.0,0,0.0,0.0,,0.0,1,16.49,10.3,SPY230519C00405000,405.0,normalDay
2023-05-08,15383.0,-2486.0,0.0,100,412.74,444.0,0,0.0,0.0,,0.0,1,16.49,10.09,SPY230519C00405000,405.0,normalDay
2023-05-09,15383.0,-2553.0,0.0,100,410.93,444.0,0,0.0,0.0,,0.0,1,16.49,8.95,SPY230519C00405000,405.0,normalDay
2023-05-10,15383.0,-2459.0,0.0,100,412.85,444.0,0,0.0,0.0,,0.0,1,16.49,9.93,SPY230519C00405000,405.0,normalDay
2023-05-11,15383.0,-2411.0,0.0,100,412.13,444.0,0,0.0,0.0,,0.0,1,16.49,8.73,SPY230519C00405000,405.0,normalDay
2023-05-12,15383.0,-2361.0,0.0,100,411.59,444.0,0,0.0,0.0,,0.0,1,16.49,7.69,SPY230519C00405000,405.0,normalDay
2023-05-15,15383.0,-2331.0,0.0,100,413.01,444.0,0,0.0,0.0,,0.0,1,16.49,8.81,SPY230519C00405000,405.0,normalDay
2023-05-16,15383.0,-2374.0,0.0,100,410.25,444.0,0,0.0,0.0,,0.0,1,16.49,6.48,SPY230519C00405000,405.0,normalDay
2023-05-17,15383.0,-2277.0,0.0,100,415.23,444.0,0,0.0,0.0,,0.0,1,16.49,10.49,SPY230519C00405000,405.0,normalDay
2023-05-18,15383.0,-2271.0,0.0,100,419.23,444.0,0,0.0,0.0,,0.0,1,16.49,14.43,SPY230519C00405000,405.0,normalDay
2023-05-19,13132.0,-2271.0,-2251.0,0,418.62,0.0,0,0.0,0.0,,0.0,1,16.49,0.0,SPY230519C00405000,405.0,expirationDay
2023-05-22,13132.0,-15.0,0.0,0,418.79,0.0,1,16.42,16.57,SPY231229P00410000,410.0,0,0.0,0.0,,0.0,normalDay
2023-05-23,13132.0,-189.0,0.0,0,414.09,0.0,1,16.42,18.31,SPY231229P00410000,410.0,0,0.0,0.0,,0.0,normalDay
2023-05-24,13132.0,-303.0,0.0,0,411.09,0.0,1,16.42,19.45,SPY231229P00410000,410.0,0,0.0,0.0,,0.0,normalDay
2023-05-25,13132.0,-155.0,0.0,0,414.65,0.0,1,16.42,17.97,SPY231229P00410000,410.0,0,0.0,0.0,,0.0,normalDay
2023-05-26,13132.0,50.0,0.0,0,420.02,0.0,1,16.42,15.92,SPY231229P00410000,410.0,0,0.0,0.0,,0.0,normalDay
2023-05-30,13132.0,86.0,0.0,0,420.18,0.0,1,16.42,15.56,SPY231229P00410000,410.0,0,0.0,0.0,,0.0,normalDay
2023-05-31,13132.0,12.0,0.0,0,417.85,0.0,1,16.42,16.3,SPY231229P00410000,410.0,0,0.0,0.0,,0.0,normalDay
2023-06-01,13132.0,193.0,0.0,0,421.82,0.0,1,16.42,14.49,SPY231229P00410000,410.0,0,0.0,0.0,,0.0,normalDay
2023-06-02,13132.0,396.0,0.0,0,427.92,0.0,1,16.42,12.46,SPY231229P00410000,410.0,0,0.0,0.0,,0.0,normalDay
2023-06-05,13132.0,392.0,0.0,0,427.1,0.0,1,16.42,12.5,SPY231229P00410000,410.0,0,0.0,0.0,,0.0,normalDay
2023-06-06,13132.0,475.0,0.0,0,428.03,0.0,1,16.42,11.67,SPY231229P00410000,410.0,0,0.0,0.0,,0.0,normalDay
2023-06-07,13132.0,454.0,0.0,0,426.55,0.0,1,16.42,11.88,SPY231229P00410000,410.0,0,0.0,0.0,,0.0,normalDay
2023-06-08,13132.0,535.0,0.0,0,429.13,0.0,1,16.42,11.07,SPY231229P00410000,410.0,0,0.0,0.0,,0.0,normalDay
2023-06-09,13132.0,564.0,0.0,0,429.9,0.0,1,16.42,10.78,SPY231229P00410000,410.0,0,0.0,0.0,,0.0,normalDay
2023-06-12,13132.0,632.0,0.0,0,433.8,0.0,1,16.42,10.1,SPY231229P00410000,410.0,0,0.0,0.0,,0.0,normalDay
2023-06-13,13132.0,692.0,0.0,0,436.66,0.0,1,16.42,9.5,SPY231229P00410000,410.0,0,0.0,0.0,,0.0,normalDay
2023-06-14,13132.0,715.0,0.0,0,437.18,0.0,1,16.42,9.27,SPY231229P00410000,410.0,0,0.0,0.0,,0.0,normalDay
2023-06-15,13132.0,779.0,0.0,0,442.6,0.0,1,16.42,8.63,SPY231229P00410000,410.0,0,0.0,0.0,,0.0,normalDay
2023-06-16,13132.0,775.0,0.0,0,439.46,0.0,1,16.42,8.67,SPY231229P00410000,410.0,0,0.0,0.0,,0.0,normalDay
2023-06-20,13132.0,703.0,0.0,0,437.18,0.0,1,16.42,9.39,SPY231229P00410000,410.0,0,0.0,0.0,,0.0,normalDay
2023-06-21,13132.0,693.0,0.0,0,434.94,0.0,1,16.42,9.49,SPY231229P00410000,410.0,0,0.0,0.0,,0.0,normalDay
2023-06-22,13132.0,735.0,0.0,0,436.51,0.0,1,16.42,9.07,SPY231229P00410000,410.0,0,0.0,0.0,,0.0,normalDay
2023-06-23,13132.0,668.0,0.0,0,433.21,0.0,1,16.42,9.74,SPY231229P00410000,410.0,0,0.0,0.0,,0.0,normalDay
2023-06-26,13132.0,659.0,0.0,0,431.44,0.0,1,16.42,9.83,SPY231229P00410000,410.0,0,0.0,0.0,,0.0,normalDay
2023-06-27,13132.0,784.0,0.0,0,436.17,0.0,1,16.42,8.58,SPY231229P00410000,410.0,0,0.0,0.0,,0.0,normalDay
2023-06-28,13132.0,840.0,0.0,0,436.39,0.0,1,16.42,8.02,SPY231229P00410000,410.0,0,0.0,0.0,,0.0,normalDay
2023-06-29,13132.0,858.0,0.0,0,438.11,0.0,1,16.42,7.84,SPY231229P00410000,410.0,0,0.0,0.0,,0.0,normalDay
2023-06-30,13132.0,942.0,0.0,0,443.28,0.0,1,16.42,7.0,SPY231229P00410000,410.0,0,0.0,0.0,,0.0,normalDay
2023-07-03,13132.0,949.0,0.0,0,443.79,0.0,1,16.42,6.93,SPY231229P00410000,410.0,0,0.0,0.0,,0.0,normalDay
2023-07-05,13132.0,923.0,0.0,0,443.13,0.0,1,16.42,7.19,SPY231229P00410000,410.0,0,0.0,0.0,,0.0,normalDay
2023-07-06,13132.0,838.0,0.0,0,439.66,0.0,1,16.42,8.04,SPY231229P00410000,410.0,0,0.0,0.0,,0.0,normalDay
2023-07-07,13132.0,830.0,0.0,0,438.55,0.0,1,16.42,8.12,SPY231229P00410000,410.0,0,0.0,0.0,,0.0,normalDay
2023-07-10,13132.0,869.0,0.0,0,439.66,0.0,1,16.42,7.73,SPY231229P00410000,410.0,0,0.0,0.0,,0.0,normalDay
2023-07-11,13132.0,931.0,0.0,0,442.46,0.0,1,16.42,7.11,SPY231229P00410000,410.0,0,0.0,0.0,,0.0,normalDay
2023-07-12,13132.0,1027.0,0.0,0,446.02,0.0,1,16.42,6.15,SPY231229P00410000,410.0,0,0.0,0.0,,0.0,normalDay
2023-07-13,13132.0,1069.0,0.0,0,449.56,0.0,1,16.42,5.73,SPY231229P00410000,410.0,0,0.0,0.0,,0.0,normalDay
2023-07-14,13132.0,1065.0,0.0,0,449.28,0.0,1,16.42,5.77,SPY231229P00410000,410.0,0,0.0,0.0,,0.0,normalDay
2023-07-17,13132.0,1084.0,0.0,0,450.84,0.0,1,16.42,5.58,SPY231229P00410000,410.0,0,0.0,0.0,,0.0,normalDay
2023-07-18,13132.0,1129.0,0.0,0,454.19,0.0,1,16.42,5.13,SPY231229P00410000,410.0,0,0.0,0.0,,0.0,normalDay
2023-07-19,13132.0,1110.0,0.0,0,455.2,0.0,1,16.42,5.32,SPY231229P00410000,410.0,0,0.0,0.0,,0.0,normalDay
2023-07-20,13132.0,1086.0,0.0,0,452.18,0.0,1,16.42,5.56,SPY231229P00410000,410.0,0,0.0,0.0,,0.0,normalDay
2023-07-21,13132.0,1108.0,0.0,0,452.18,0.0,1,16.42,5.34,SPY231229P00410000,410.0,0,0.0,0.0,,0.0,normalDay
2023-07-24,13132.0,1146.0,0.0,0,454.2,0.0,1,16.42,4.96,SPY231229P00410000,410.0,0,0.0,0.0,,0.0,normalDay
2023-07-25,13132.0,1157.0,0.0,0,455.44,0.0,1,16.42,4.85,SPY231229P00410000,410.0,0,0.0,0.0,,0.0,normalDay
2023-07-26,13132.0,1172.0,0.0,0,455.51,0.0,1,16.42,4.7,SPY231229P00410000,410.0,0,0.0,0.0,,0.0,normalDay
2023-07-27,13132.0,1111.0,0.0,0,452.49,0.0,1,16.42,5.31,SPY231229P00410000,410.0,0,0.0,0.0,,0.0,normalDay
2023-07-28,13132.0,1176.0,0.0,0,456.92,0.0,1,16.42,4.66,SPY231229P00410000,410.0,0,0.0,0.0,,0.0,normalDay
2023-07-31,13132.0,1188.0,0.0,0,457.79,0.0,1,16.42,4.54,SPY231229P00410000,410.0,0,0.0,0.0,,0.0,normalDay
2023-08-01,13132.0,1166.0,0.0,0,456.48,0.0,1,16.42,4.76,SPY231229P00410000,410.0,0,0.0,0.0,,0.0,normalDay
2023-08-02,13132.0,1038.0,0.0,0,450.13,0.0,1,16.42,6.04,SPY231229P00410000,410.0,0,0.0,0.0,,0.0,normalDay
2023-08-03,13132.0,1045.0,0.0,0,448.84,0.0,1,16.42,5.97,SPY231229P00410000,410.0,0,0.0,0.0,,0.0,normalDay
2023-08-04,13132.0,969.0,0.0,0,446.81,0.0,1,16.42,6.73,SPY231229P00410000,410.0,0,0.0,0.0,,0.0,normalDay
2023-08-07,13132.0,1078.0,0.0,0,450.71,0.0,1,16.42,5.64,SPY231229P00410000,410.0,0,0.0,0.0,,0.0,normalDay
2023-08-08,13132.0,1039.0,0.0,0,448.75,0.0,1,16.42,6.03,SPY231229P00410000,410.0,0,0.0,0.0,,0.0,normalDay
2023-08-09,13132.0,1016.0,0.0,0,445.75,0.0,1,16.42,6.26,SPY231229P00410000,410.0,0,0.0,0.0,,0.0,normalDay
2023-08-10,13132.0,1009.0,0.0,0,445.91,0.0,1,16.42,6.33,SPY231229P00410000,410.0,0,0.0,0.0,,0.0,normalDay
2023-08-11,13132.0,1035.0,0.0,0,445.65,0.0,1,16.42,6.07,SPY231229P00410000,410.0,0,0.0,0.0,,0.0,normalDay
2023-08-14,13132.0,1089.0,0.0,0,448.11,0.0,1,16.42,5.53,SPY231229P00410000,410.0,0,0.0,0.0,,0.0,normalDay
2023-08-15,13132.0,974.0,0.0,0,442.89,0.0,1,16.42,6.68,SPY231229P00410000,410.0,0,0.0,0.0,,0.0,normalDay
2023-08-16,13132.0,907.0,0.0,0,439.64,0.0,1,16.42,7.35,SPY231229P00410000,410.0,0,0.0,0.0,,0.0,normalDay
2023-08-17,13132.0,818.0,0.0,0,436.29,0.0,1,16.42,8.24,SPY231229P00410000,410.0,0,0.0,0.0,,0.0,normalDay
2023-08-18,13132.0,859.0,0.0,0,436.5,0.0,1,16.42,7.83,SPY231229P00410000,410.0,0,0.0,0.0,,0.0,normalDay
2023-08-21,13132.0,929.0,0.0,0,439.34,0.0,1,16.42,7.13,SPY231229P00410000,410.0,0,0.0,0.0,,0.0,normalDay
2023-08-22,13132.0,926.0,0.0,0,438.15,0.0,1,16.42,7.16,SPY231229P00410000,410.0,0,0.0,0.0,,0.0,normalDay
2023-08-23,13132.0,1032.0,0.0,0,443.03,0.0,1,16.42,6.1,SPY231229P00410000,410.0,0,0.0,0.0,,0.0,normalDay
2023-08-24,13132.0,903.0,0.0,0,436.89,0.0,1,16.42,7.39,SPY231229P00410000,410.0,0,0.0,0.0,,0.0,normalDay
2023-08-25,13132.0,1006.0,0.0,0,439.97,0.0,1,16.42,6.36,SPY231229P00410000,410.0,0,0.0,0.0,,0.0,normalDay
2023-08-28,13132.0,1086.0,0.0,0,442.76,0.0,1,16.42,5.56,SPY231229P00410000,410.0,0,0.0,0.0,,0.0,normalDay
2023-08-29,13132.0,1193.0,0.0,0,449.16,0.0,1,16.42,4.49,SPY231229P00410000,410.0,0,0.0,0.0,,0.0,normalDay
2023-08-30,13132.0,1234.0,0.0,0,451.01,0.0,1,16.42,4.08,SPY231229P00410000,410.0,0,0.0,0.0,,0.0,normalDay
2023-08-31,13132.0,1249.0,0.0,0,450.35,0.0,1,16.42,3.93,SPY231229P00410000,410.0,0,0.0,0.0,,0.0,normalDay
2023-09-01,13132.0,1261.0,0.0,0,451.19,0.0,1,16.42,3.81,SPY231229P00410000,410.0,0,0.0,0.0,,0.0,normalDay
2023-09-05,13132.0,1242.0,0.0,0,449.24,0.0,1,16.42,4.0,SPY231229P00410000,410.0,0,0.0,0.0,,0.0,normalDay
2023-09-06,13132.0,1194.0,0.0,0,446.22,0.0,1,16.42,4.48,SPY231229P00410000,410.0,0,0.0,0.0,,0.0,normalDay
2023-09-07,13132.0,1185.0,0.0,0,444.85,0.0,1,16.42,4.57,SPY231229P00410000,410.0,0,0.0,0.0,,0.0,normalDay
2023-09-08,13132.0,1225.0,0.0,0,445.52,0.0,1,16.42,4.17,SPY231229P00410000,410.0,0,0.0,0.0,,0.0,normalDay
2023-09-11,13132.0,1277.0,0.0,0,448.45,0.0,1,16.42,3.65,SPY231229P00410000,410.0,0,0.0,0.0,,0.0,normalDay
2023-09-12,13132.0,1250.0,0.0,0,445.99,0.0,1,16.42,3.92,SPY231229P00410000,410.0,0,0.0,0.0,,0.0,normalDay
2023-09-13,13132.0,1275.0,0.0,0,446.51,0.0,1,16.42,3.67,SPY231229P00410000,410.0,0,0.0,0.0,,0.0,normalDay
2023-09-14,13132.0,1336.0,0.0,0,450.36,0.0,1,16.42,3.06,SPY231229P00410000,410.0,0,0.0,0.0,,0.0,normalDay
2023-09-15,13132.0,1258.0,0.0,0,443.37,0.0,1,16.42,3.84,SPY231229P00410000,410.0,0,0.0,0.0,,0.0,normalDay
2023-09-18,13132.0,1271.0,0.0,0,443.63,0.0,1,16.42,3.71,SPY231229P00410000,410.0,0,0.0,0.0,,0.0,normalDay
2023-09-19,13132.0,1270.0,0.0,0,442.71,0.0,1,16.42,3.72,SPY231229P00410000,410.0,0,0.0,0.0,,0.0,normalDay
2023-09-20,13132.0,1194.0,0.0,0,438.64,0.0,1,16.42,4.48,SPY231229P00410000,410.0,0,0.0,0.0,,0.0,normalDay
2023-09-21,13132.0,1026.0,0.0,0,431.39,0.0,1,16.42,6.16,SPY231229P00410000,410.0,0,0.0,0.0,,0.0,normalDay
2023-09-22,13132.0,1012.0,0.0,0,430.42,0.0,1,16.42,6.3,SPY231229P00410000,410.0,0,0.0,0.0,,0.0,normalDay
2023-09-25,13132.0,1056.0,0.0,0,432.23,0.0,1,16.42,5.86,SPY231229P00410000,410.0,0,0.0,0.0,,0.0,normalDay
2023-09-26,13132.0,855.0,0.0,0,425.88,0.0,1,16.42,7.87,SPY231229P00410000,410.0,0,0.0,0.0,,0.0,normalDay
2023-09-27,13132.0,900.0,0.0,0,426.05,0.0,1,16.42,7.42,SPY231229P00410000,410.0,0,0.0,0.0,,0.0,normalDay
2023-09-28,13132.0,979.0,0.0,0,428.52,0.0,1,16.42,6.63,SPY231229P00410000,410.0,0,0.0,0.0,,0.0,normalDay
2023-09-29,13132.0,963.0,0.0,0,427.48,0.0,1,16.42,6.79,SPY231229P00410000,410.0,0,0.0,0.0,,0.0,normalDay
2023-10-02,13132.0,975.0,0.0,0,427.31,0.0,1,16.42,6.67,SPY231229P00410000,410.0,0,0.0,0.0,,0.0,normalDay
2023-10-03,13132.0,763.0,0.0,0,421.59,0.0,1,16.42,8.79,SPY231229P00410000,410.0,0,0.0,0.0,,0.0,normalDay
2023-10-04,13132.0,874.0,0.0,0,424.66,0.0,1,16.42,7.68,SPY231229P00410000,410.0,0,0.0,0.0,,0.0,normalDay
2023-10-05,13132.0,872.0,0.0,0,424.5,0.0,1,16.42,7.7,SPY231229P00410000,410.0,0,0.0,0.0,,0.0,normalDay
2023-10-06,13132.0,1038.0,0.0,0,429.54,0.0,1,16.42,6.04,SPY231229P00410000,410.0,0,0.0,0.0,,0.0,normalDay
2023-10-09,13132.0,1099.0,0.0,0,432.29,0.0,1,16.42,5.43,SPY231229P00410000,410.0,0,0.0,0.0,,0.0,normalDay
2023-10-10,13132.0,1161.0,0.0,0,434.54,0.0,1,16.42,4.81,SPY231229P00410000,410.0,0,0.0,0.0,,0.0,normalDay
2023-10-11,13132.0,1224.0,0.0,0,436.32,0.0,1,16.42,4.18,SPY231229P00410000,410.0,0,0.0,0.0,,0.0,normalDay
2023-10-12,13132.0,1168.0,0.0,0,433.66,0.0,1,16.42,4.74,SPY231229P00410000,410.0,0,0.0,0.0,,0.0,normalDay
2023-10-13,13132.0,1025.0,0.0,0,431.5,0.0,1,16.42,6.17,SPY231229P00410000,410.0,0,0.0,0.0,,0.0,normalDay
2023-10-16,13132.0,1197.0,0.0,0,436.04,0.0,1,16.42,4.45,SPY231229P00410000,410.0,0,0.0,0.0,,0.0,normalDay
2023-10-17,13132.0,1178.0,0.0,0,436.02,0.0,1,16.42,4.64,SPY231229P00410000,410.0,0,0.0,0.0,,0.0,normalDay
2023-10-18,13132.0,1041.0,0.0,0,430.21,0.0,1,16.42,6.01,SPY231229P00410000,410.0,0,0.0,0.0,,0.0,normalDay
2023-10-19,13132.0,866.0,0.0,0,426.43,0.0,1,16.42,7.76,SPY231229P00410000,410.0,0,0.0,0.0,,0.0,normalDay
2023-10-20,13132.0,769.0,0.0,0,421.19,0.0,1,16.42,8.73,SPY231229P00410000,410.0,0,0.0,0.0,,0.0,normalDay
2023-10-23,13132.0,832.0,0.0,0,420.46,0.0,1,16.42,8.1,SPY231229P00410000,410.0,0,0.0,0.0,,0.0,normalDay
2023-10-24,13132.0,963.0,0.0,0,423.63,0.0,1,16.42,6.79,SPY231229P00410000,410.0,0,0.0,0.0,,0.0,normalDay
2023-10-25,13132.0,743.0,0.0,0,417.55,0.0,1,16.42,8.99,SPY231229P00410000,410.0,0,0.0,0.0,,0.0,normalDay
2023-10-26,13132.0,574.0,0.0,0,412.55,0.0,1,16.42,10.68,SPY231229P00410000,410.0,0,0.0,0.0,,0.0,normalDay
2023-10-27,13132.0,478.0,0.0,0,410.68,0.0,1,16.42,11.64,SPY231229P00410000,410.0,0,0.0,0.0,,0.0,normalDay
2023-10-30,13132.0,735.0,0.0,0,415.59,0.0,1,16.42,9.07,SPY231229P00410000,410.0,0,0.0,0.0,,0.0,normalDay
2023-10-31,13132.0,891.0,0.0,0,418.2,0.0,1,16.42,7.51,SPY231229P00410000,410.0,0,0.0,0.0,,0.0,normalDay
2023-11-01,13132.0,1076.0,0.0,0,422.66,0.0,1,16.42,5.66,SPY231229P00410000,410.0,0,0.0,0.0,,0.0,normalDay
2023-11-02,13132.0,1271.0,0.0,0,430.76,0.0,1,16.42,3.71,SPY231229P00410000,410.0,0,0.0,0.0,,0.0,normalDay
2023-11-03,13132.0,1355.0,0.0,0,434.69,0.0,1,16.42,2.87,SPY231229P00410000,410.0,0,0.0,0.0,,0.0,normalDay
2023-11-06,13132.0,1386.0,0.0,0,435.69,0.0,1,16.42,2.56,SPY231229P00410000,410.0,0,0.0,0.0,,0.0,normalDay
2023-11-07,13132.0,1412.0,0.0,0,436.93,0.0,1,16.42,2.3,SPY231229P00410000,410.0,0,0.0,0.0,,0.0,normalDay
2023-11-08,13132.0,1433.0,0.0,0,437.25,0.0,1,16.42,2.09,SPY231229P00410000,410.0,0,0.0,0.0,,0.0,normalDay
2023-11-09,13132.0,1384.0,0.0,0,433.84,0.0,1,16.42,2.58,SPY231229P00410000,410.0,0,0.0,0.0,,0.0,normalDay
2023-11-10,13132.0,1478.0,0.0,0,440.61,0.0,1,16.42,1.64,SPY231229P00410000,410.0,0,0.0,0.0,,0.0,normalDay
2023-11-13,13132.0,1482.0,0.0,0,440.19,0.0,1,16.42,1.6,SPY231229P00410000,410.0,0,0.0,0.0,,0.0,normalDay
2023-11-14,13132.0,1542.0,0.0,0,448.73,0.0,1,16.42,1.0,SPY231229P00410000,410.0,0,0.0,0.0,,0.0,normalDay
2023-11-15,13132.0,1547.0,0.0,0,449.68,0.0,1,16.42,0.95,SPY231229P00410000,410.0,0,0.0,0.0,,0.0,normalDay
2023-11-16,13132.0,1553.0,0.0,0,450.23,0.0,1,16.42,0.89,SPY231229P00410000,410.0,0,0.0,0.0,,0.0,normalDay
2023-11-17,13132.0,1561.0,0.0,0,450.79,0.0,1,16.42,0.81,SPY231229P00410000,410.0,0,0.0,0.0,,0.0,normalDay
2023-11-20,13132.0,1582.0,0.0,0,454.26,0.0,1,16.42,0.6,SPY231229P00410000,410.0,0,0.0,0.0,,0.0,normalDay
2023-11-21,13132.0,1584.0,0.0,0,453.27,0.0,1,16.42,0.58,SPY231229P00410000,410.0,0,0.0,0.0,,0.0,normalDay
2023-11-22,13132.0,1590.0,0.0,0,455.02,0.0,1,16.42,0.52,SPY231229P00410000,410.0,0,0.0,0.0,,0.0,normalDay
2023-11-24,13132.0,1598.0,0.0,0,455.3,0.0,1,16.42,0.44,SPY231229P00410000,410.0,0,0.0,0.0,,0.0,normalDay
2023-11-27,13132.0,1600.0,0.0,0,454.48,0.0,1,16.42,0.42,SPY231229P00410000,410.0,0,0.0,0.0,,0.0,normalDay
2023-11-28,13132.0,1603.0,0.0,0,454.93,0.0,1,16.42,0.39,SPY231229P00410000,410.0,0,0.0,0.0,,0.0,normalDay
2023-11-29,13132.0,1603.0,0.0,0,454.61,0.0,1,16.42,0.39,SPY231229P00410000,410.0,0,0.0,0.0,,0.0,normalDay
2023-11-30,13132.0,1607.0,0.0,0,456.4,0.0,1,16.42,0.35,SPY231229P00410000,410.0,0,0.0,0.0,,0.0,normalDay
