date,totalCapital,unrializedPnL,rializedPnL,stocksOwned,stocksPriceToday,stocksPriceBoughtAt,putOwned,putOwnedSoldAt,putPriceToday,putOwnedContract,putOwnedStrike,callOwned,callOwnedSoldAt,callPriceToday,callOwnedContract,callOwnedStrike,trackType
2018-11-01,0.0,-9.0,0.0,0,273.51,0.0,1,5.25,5.34,SPY190315P00252000,252.0,0,0.0,0.0,,0.0,normalDay
2018-11-02,0.0,-38.0,0.0,0,271.89,0.0,1,5.25,5.63,SPY190315P00252000,252.0,0,0.0,0.0,,0.0,normalDay
2018-11-05,0.0,10.0,0.0,0,273.39,0.0,1,5.25,5.15,SPY190315P00252000,252.0,0,0.0,0.0,,0.0,normalDay
2018-11-06,0.0,57.0,0.0,0,275.12,0.0,1,5.25,4.68,SPY190315P00252000,252.0,0,0.0,0.0,,0.0,normalDay
2018-11-07,0.0,194.0,0.0,0,281.01,0.0,1,5.25,3.31,SPY190315P00252000,252.0,0,0.0,0.0,,0.0,normalDay
2018-11-08,0.0,197.0,0.0,0,280.5,0.0,1,5.25,3.28,SPY190315P00252000,252.0,0,0.0,0.0,,0.0,normalDay
2018-11-09,0.0,133.0,0.0,0,277.76,0.0,1,5.25,3.92,SPY190315P00252000,252.0,0,0.0,0.0,,0.0,normalDay
2018-11-12,0.0,13.0,0.0,0,272.57,0.0,1,5.25,5.12,SPY190315P00252000,252.0,0,0.0,0.0,,0.0,normalDay
2018-11-13,0.0,-8.0,0.0,0,272.06,0.0,1,5.25,5.33,SPY190315P00252000,252.0,0,0.0,0.0,,0.0,normalDay
2018-11-14,0.0,-76.0,0.0,0,270.2,0.0,1,5.25,6.01,SPY190315P00252000,252.0,0,0.0,0.0,,0.0,normalDay
2018-11-15,0.0,9.0,0.0,0,273.02,0.0,1,5.25,5.16,SPY190315P00252000,252.0,0,0.0,0.0,,0.0,normalDay
2018-11-16,0.0,61.0,0.0,0,273.73,0.0,1,5.25,4.64,SPY190315P00252000,252.0,0,0.0,0.0,,0.0,normalDay
2018-11-19,0.0,-57.0,0.0,0,269.1,0.0,1,5.25,5.82,SPY190315P00252000,252.0,0,0.0,0.0,,0.0,normalDay
2018-11-20,0.0,-232.0,0.0,0,264.12,0.0,1,5.25,7.57,SPY190315P00252000,252.0,0,0.0,0.0,,0.0,normalDay
2018-11-21,0.0,-162.0,0.0,0,265.02,0.0,1,5.25,6.87,SPY190315P00252000,252.0,0,0.0,0.0,,0.0,normalDay
2018-11-23,0.0,-220.0,0.0,0,263.25,0.0,1,5.25,7.45,SPY190315P00252000,252.0,0,0.0,0.0,,0.0,normalDay
2018-11-26,0.0,-26.0,0.0,0,267.5,0.0,1,5.25,5.51,SPY190315P00252000,252.0,0,0.0,0.0,,0.0,normalDay
2018-11-27,0.0,-9.0,0.0,0,268.4,0.0,1,5.25,5.34,SPY190315P00252000,252.0,0,0.0,0.0,,0.0,normalDay
2018-11-28,0.0,121.0,0.0,0,274.58,0.0,1,5.25,4.04,SPY190315P00252000,252.0,0,0.0,0.0,,0.0,normalDay
2018-11-29,0.0,104.0,0.0,0,273.98,0.0,1,5.25,4.21,SPY190315P00252000,252.0,0,0.0,0.0,,0.0,normalDay
2018-11-30,0.0,151.0,0.0,0,275.65,0.0,1,5.25,3.74,SPY190315P00252000,252.0,0,0.0,0.0,,0.0,normalDay
2018-12-03,0.0,234.0,0.0,0,279.3,0.0,1,5.25,2.91,SPY190315P00252000,252.0,0,0.0,0.0,,0.0,normalDay
2018-12-04,0.0,17.0,0.0,0,270.25,0.0,1,5.25,5.08,SPY190315P00252000,252.0,0,0.0,0.0,,0.0,normalDay
2018-12-06,0.0,7.0,0.0,0,269.84,0.0,1,5.25,5.18,SPY190315P00252000,252.0,0,0.0,0.0,,0.0,normalDay
2018-12-07,0.0,-190.0,0.0,0,263.57,0.0,1,5.25,7.15,SPY190315P00252000,252.0,0,0.0,0.0,,0.0,normalDay
2018-12-10,0.0,-134.0,0.0,0,264.07,0.0,1,5.25,6.59,SPY190315P00252000,252.0,0,0.0,0.0,,0.0,normalDay
2018-12-11,0.0,-122.0,0.0,0,264.13,0.0,1,5.25,6.47,SPY190315P00252000,252.0,0,0.0,0.0,,0.0,normalDay
2018-12-12,0.0,-87.0,0.0,0,265.46,0.0,1,5.25,6.12,SPY190315P00252000,252.0,0,0.0,0.0,,0.0,normalDay
2018-12-13,0.0,-71.0,0.0,0,265.37,0.0,1,5.25,5.96,SPY190315P00252000,252.0,0,0.0,0.0,,0.0,normalDay
2018-12-14,0.0,-216.0,0.0,0,260.47,0.0,1,5.25,7.41,SPY190315P00252000,252.0,0,0.0,0.0,,0.0,normalDay
2018-12-17,0.0,-417.0,0.0,0,255.36,0.0,1,5.25,9.42,SPY190315P00252000,252.0,0,0.0,0.0,,0.0,normalDay
2018-12-18,0.0,-464.0,0.0,0,255.08,0.0,1,5.25,9.89,SPY190315P00252000,252.0,0,0.0,0.0,,0.0,normalDay
2018-12-19,0.0,-566.0,0.0,0,251.26,0.0,1,5.25,10.91,SPY190315P00252000,252.0,0,0.0,0.0,,0.0,normalDay
2018-12-20,0.0,-780.0,0.0,0,247.17,0.0,1,5.25,13.05,SPY190315P00252000,252.0,0,0.0,0.0,,0.0,normalDay
2018-12-21,0.0,-1158.0,0.0,0,240.7,0.0,1,5.25,16.83,SPY190315P00252000,252.0,0,0.0,0.0,,0.0,normalDay
2018-12-24,0.0,-1779.0,0.0,0,234.34,0.0,1,5.25,23.04,SPY190315P00252000,252.0,0,0.0,0.0,,0.0,normalDay
2018-12-26,0.0,-777.0,0.0,0,246.18,0.0,1,5.25,13.02,SPY190315P00252000,252.0,0,0.0,0.0,,0.0,normalDay
2018-12-27,0.0,-702.0,0.0,0,248.07,0.0,1,5.25,12.27,SPY190315P00252000,252.0,0,0.0,0.0,,0.0,normalDay
2018-12-28,0.0,-713.0,0.0,0,247.75,0.0,1,5.25,12.38,SPY190315P00252000,252.0,0,0.0,0.0,,0.0,normalDay
2018-12-31,0.0,-533.0,0.0,0,249.92,0.0,1,5.25,10.58,SPY190315P00252000,252.0,0,0.0,0.0,,0.0,normalDay
2019-01-02,0.0,-450.0,0.0,0,250.18,0.0,1,5.25,9.75,SPY190315P00252000,252.0,0,0.0,0.0,,0.0,normalDay
2019-01-03,0.0,-827.0,0.0,0,244.21,0.0,1,5.25,13.52,SPY190315P00252000,252.0,0,0.0,0.0,,0.0,normalDay
2019-01-04,0.0,-327.0,0.0,0,252.39,0.0,1,5.25,8.52,SPY190315P00252000,252.0,0,0.0,0.0,,0.0,normalDay
2019-01-07,0.0,-235.0,0.0,0,254.38,0.0,1,5.25,7.6,SPY190315P00252000,252.0,0,0.0,0.0,,0.0,normalDay
2019-01-08,0.0,-118.0,0.0,0,256.77,0.0,1,5.25,6.43,SPY190315P00252000,252.0,0,0.0,0.0,,0.0,normalDay
2019-01-09,0.0,-58.0,0.0,0,257.97,0.0,1,5.25,5.83,SPY190315P00252000,252.0,0,0.0,0.0,,0.0,normalDay
2019-01-10,0.0,-11.0,0.0,0,258.88,0.0,1,5.25,5.36,SPY190315P00252000,252.0,0,0.0,0.0,,0.0,normalDay
2019-01-11,0.0,29.0,0.0,0,258.98,0.0,1,5.25,4.96,SPY190315P00252000,252.0,0,0.0,0.0,,0.0,normalDay
2019-01-14,0.0,3.0,0.0,0,257.4,0.0,1,5.25,5.22,SPY190315P00252000,252.0,0,0.0,0.0,,0.0,normalDay
2019-01-15,0.0,112.0,0.0,0,260.35,0.0,1,5.25,4.13,SPY190315P00252000,252.0,0,0.0,0.0,,0.0,normalDay
2019-01-16,0.0,134.0,0.0,0,260.98,0.0,1,5.25,3.91,SPY190315P00252000,252.0,0,0.0,0.0,,0.0,normalDay
2019-01-17,0.0,191.0,0.0,0,262.96,0.0,1,5.25,3.34,SPY190315P00252000,252.0,0,0.0,0.0,,0.0,normalDay
2019-01-18,0.0,260.0,0.0,0,266.46,0.0,1,5.25,2.65,SPY190315P00252000,252.0,0,0.0,0.0,,0.0,normalDay
2019-01-22,0.0,156.0,0.0,0,262.86,0.0,1,5.25,3.69,SPY190315P00252000,252.0,0,0.0,0.0,,0.0,normalDay
2019-01-23,0.0,173.0,0.0,0,263.41,0.0,1,5.25,3.52,SPY190315P00252000,252.0,0,0.0,0.0,,0.0,normalDay
2019-01-24,0.0,199.0,0.0,0,263.55,0.0,1,5.25,3.26,SPY190315P00252000,252.0,0,0.0,0.0,,0.0,normalDay
2019-01-25,0.0,278.0,0.0,0,265.78,0.0,1,5.25,2.47,SPY190315P00252000,252.0,0,0.0,0.0,,0.0,normalDay
2019-01-28,0.0,228.0,0.0,0,263.76,0.0,1,5.25,2.97,SPY190315P00252000,252.0,0,0.0,0.0,,0.0,normalDay
2019-01-29,0.0,221.0,0.0,0,263.41,0.0,1,5.25,3.04,SPY190315P00252000,252.0,0,0.0,0.0,,0.0,normalDay
2019-01-30,0.0,328.0,0.0,0,267.58,0.0,1,5.25,1.97,SPY190315P00252000,252.0,0,0.0,0.0,,0.0,normalDay
2019-01-31,0.0,388.0,0.0,0,269.93,0.0,1,5.25,1.37,SPY190315P00252000,252.0,0,0.0,0.0,,0.0,normalDay
2019-02-01,0.0,396.0,0.0,0,270.06,0.0,1,5.25,1.29,SPY190315P00252000,252.0,0,0.0,0.0,,0.0,normalDay
2019-02-04,0.0,428.0,0.0,0,271.96,0.0,1,5.25,0.97,SPY190315P00252000,252.0,0,0.0,0.0,,0.0,normalDay
2019-02-05,0.0,435.0,0.0,0,273.1,0.0,1,5.25,0.9,SPY190315P00252000,252.0,0,0.0,0.0,,0.0,normalDay
2019-02-06,0.0,438.0,0.0,0,272.74,0.0,1,5.25,0.87,SPY190315P00252000,252.0,0,0.0,0.0,,0.0,normalDay
2019-02-07,0.0,412.0,0.0,0,270.14,0.0,1,5.25,1.13,SPY190315P00252000,252.0,0,0.0,0.0,,0.0,normalDay
2019-02-08,0.0,425.0,0.0,0,270.47,0.0,1,5.25,1.0,SPY190315P00252000,252.0,0,0.0,0.0,,0.0,normalDay
2019-02-11,0.0,436.0,0.0,0,270.62,0.0,1,5.25,0.89,SPY190315P00252000,252.0,0,0.0,0.0,,0.0,normalDay
2019-02-12,0.0,465.0,0.0,0,274.1,0.0,1,5.25,0.6,SPY190315P00252000,252.0,0,0.0,0.0,,0.0,normalDay
2019-02-13,0.0,469.0,0.0,0,274.99,0.0,1,5.25,0.56,SPY190315P00252000,252.0,0,0.0,0.0,,0.0,normalDay
2019-02-14,0.0,462.0,0.0,0,274.38,0.0,1,5.25,0.63,SPY190315P00252000,252.0,0,0.0,0.0,,0.0,normalDay
2019-02-15,0.0,484.0,0.0,0,277.37,0.0,1,5.25,0.41,SPY190315P00252000,252.0,0,0.0,0.0,,0.0,normalDay
2019-02-19,0.0,495.0,0.0,0,277.85,0.0,1,5.25,0.3,SPY190315P00252000,252.0,0,0.0,0.0,,0.0,normalDay
2019-02-20,0.0,502.0,0.0,0,278.41,0.0,1,5.25,0.23,SPY190315P00252000,252.0,0,0.0,0.0,,0.0,normalDay
2019-02-21,0.0,501.0,0.0,0,277.42,0.0,1,5.25,0.24,SPY190315P00252000,252.0,0,0.0,0.0,,0.0,normalDay
2019-02-22,0.0,509.0,0.0,0,279.14,0.0,1,5.25,0.16,SPY190315P00252000,252.0,0,0.0,0.0,,0.0,normalDay
2019-02-25,0.0,505.0,0.0,0,279.52,0.0,1,5.25,0.2,SPY190315P00252000,252.0,0,0.0,0.0,,0.0,normalDay
2019-02-26,0.0,506.0,0.0,0,279.32,0.0,1,5.25,0.19,SPY190315P00252000,252.0,0,0.0,0.0,,0.0,normalDay
2019-02-27,0.0,508.0,0.0,0,279.2,0.0,1,5.25,0.17,SPY190315P00252000,252.0,0,0.0,0.0,,0.0,normalDay
2019-02-28,0.0,507.0,0.0,0,278.68,0.0,1,5.25,0.18,SPY190315P00252000,252.0,0,0.0,0.0,,0.0,normalDay
2019-03-01,0.0,516.0,0.0,0,280.42,0.0,1,5.25,0.09,SPY190315P00252000,252.0,0,0.0,0.0,,0.0,normalDay
2019-03-04,0.0,516.0,0.0,0,279.4,0.0,1,5.25,0.09,SPY190315P00252000,252.0,0,0.0,0.0,,0.0,normalDay
2019-03-05,0.0,517.0,0.0,0,279.02,0.0,1,5.25,0.08,SPY190315P00252000,252.0,0,0.0,0.0,,0.0,normalDay
2019-03-06,0.0,515.0,0.0,0,277.33,0.0,1,5.25,0.1,SPY190315P00252000,252.0,0,0.0,0.0,,0.0,normalDay
2019-03-07,0.0,515.0,0.0,0,275.01,0.0,1,5.25,0.1,SPY190315P00252000,252.0,0,0.0,0.0,,0.0,normalDay
2019-03-08,0.0,520.0,0.0,0,274.46,0.0,1,5.25,0.05,SPY190315P00252000,252.0,0,0.0,0.0,,0.0,normalDay
2019-03-11,0.0,523.0,0.0,0,278.44,0.0,1,5.25,0.02,SPY190315P00252000,252.0,0,0.0,0.0,,0.0,normalDay
2019-03-12,0.0,523.0,0.0,0,279.49,0.0,1,5.25,0.02,SPY190315P00252000,252.0,0,0.0,0.0,,0.0,normalDay
2019-03-13,0.0,524.0,0.0,0,281.34,0.0,1,5.25,0.01,SPY190315P00252000,252.0,0,0.0,0.0,,0.0,normalDay
2019-03-14,0.0,524.0,0.0,0,281.16,0.0,1,5.25,0.01,SPY190315P00252000,252.0,0,0.0,0.0,,0.0,normalDay
2019-03-15,525.0,0.0,525.0,0,281.31,0.0,1,5.25,0.0,SPY190315P00252000,252.0,0,0.0,0.0,,0.0,expirationDay
2019-03-18,525.0,-5.0,0.0,0,282.33,0.0,1,5.25,5.3,SPY190719P00273000,273.0,0,0.0,0.0,,0.0,normalDay
2019-03-19,525.0,-24.0,0.0,0,282.4,0.0,1,5.25,5.49,SPY190719P00273000,273.0,0,0.0,0.0,,0.0,normalDay
2019-03-20,525.0,-51.0,0.0,0,281.55,0.0,1,5.25,5.76,SPY190719P00273000,273.0,0,0.0,0.0,,0.0,normalDay
2019-03-21,525.0,34.0,0.0,0,284.73,0.0,1,5.25,4.91,SPY190719P00273000,273.0,0,0.0,0.0,,0.0,normalDay
2019-03-22,525.0,-155.0,0.0,0,279.25,0.0,1,5.25,6.8,SPY190719P00273000,273.0,0,0.0,0.0,,0.0,normalDay
2019-03-25,525.0,-178.0,0.0,0,279.04,0.0,1,5.25,7.03,SPY190719P00273000,273.0,0,0.0,0.0,,0.0,normalDay
2019-03-26,525.0,-87.0,0.0,0,281.12,0.0,1,5.25,6.12,SPY190719P00273000,273.0,0,0.0,0.0,,0.0,normalDay
2019-03-27,525.0,-132.0,0.0,0,279.65,0.0,1,5.25,6.57,SPY190719P00273000,273.0,0,0.0,0.0,,0.0,normalDay
2019-03-28,525.0,-77.0,0.0,0,280.71,0.0,1,5.25,6.02,SPY190719P00273000,273.0,0,0.0,0.0,,0.0,normalDay
2019-03-29,525.0,-8.0,0.0,0,282.48,0.0,1,5.25,5.33,SPY190719P00273000,273.0,0,0.0,0.0,,0.0,normalDay
2019-04-01,525.0,82.0,0.0,0,285.83,0.0,1,5.25,4.43,SPY190719P00273000,273.0,0,0.0,0.0,,0.0,normalDay
2019-04-02,525.0,90.0,0.0,0,285.97,0.0,1,5.25,4.35,SPY190719P00273000,273.0,0,0.0,0.0,,0.0,normalDay
2019-04-03,525.0,106.0,0.0,0,286.42,0.0,1,5.25,4.19,SPY190719P00273000,273.0,0,0.0,0.0,,0.0,normalDay
2019-04-04,525.0,125.0,0.0,0,287.18,0.0,1,5.25,4.0,SPY190719P00273000,273.0,0,0.0,0.0,,0.0,normalDay
2019-04-05,525.0,169.0,0.0,0,288.57,0.0,1,5.25,3.56,SPY190719P00273000,273.0,0,0.0,0.0,,0.0,normalDay
2019-04-08,525.0,175.0,0.0,0,288.79,0.0,1,5.25,3.5,SPY190719P00273000,273.0,0,0.0,0.0,,0.0,normalDay
2019-04-09,525.0,121.0,0.0,0,287.31,0.0,1,5.25,4.04,SPY190719P00273000,273.0,0,0.0,0.0,,0.0,normalDay
2019-04-10,525.0,170.0,0.0,0,288.29,0.0,1,5.25,3.55,SPY190719P00273000,273.0,0,0.0,0.0,,0.0,normalDay
2019-04-11,525.0,173.0,0.0,0,288.21,0.0,1,5.25,3.52,SPY190719P00273000,273.0,0,0.0,0.0,,0.0,normalDay
2019-04-12,525.0,235.0,0.0,0,290.16,0.0,1,5.25,2.9,SPY190719P00273000,273.0,0,0.0,0.0,,0.0,normalDay
2019-04-15,525.0,242.0,0.0,0,289.97,0.0,1,5.25,2.83,SPY190719P00273000,273.0,0,0.0,0.0,,0.0,normalDay
2019-04-16,525.0,246.0,0.0,0,290.16,0.0,1,5.25,2.79,SPY190719P00273000,273.0,0,0.0,0.0,,0.0,normalDay
2019-04-17,525.0,230.0,0.0,0,289.45,0.0,1,5.25,2.95,SPY190719P00273000,273.0,0,0.0,0.0,,0.0,normalDay
2019-04-18,525.0,248.0,0.0,0,290.02,0.0,1,5.25,2.77,SPY190719P00273000,273.0,0,0.0,0.0,,0.0,normalDay
2019-04-22,525.0,264.0,0.0,0,290.27,0.0,1,5.25,2.61,SPY190719P00273000,273.0,0,0.0,0.0,,0.0,normalDay
2019-04-23,525.0,300.0,0.0,0,292.88,0.0,1,5.25,2.25,SPY190719P00273000,273.0,0,0.0,0.0,,0.0,normalDay
2019-04-24,525.0,284.0,0.0,0,292.23,0.0,1,5.25,2.41,SPY190719P00273000,273.0,0,0.0,0.0,,0.0,normalDay
2019-04-25,525.0,277.0,0.0,0,292.05,0.0,1,5.25,2.48,SPY190719P00273000,273.0,0,0.0,0.0,,0.0,normalDay
2019-04-26,525.0,303.0,0.0,0,293.41,0.0,1,5.25,2.22,SPY190719P00273000,273.0,0,0.0,0.0,,0.0,normalDay
2019-04-29,525.0,310.0,0.0,0,293.87,0.0,1,5.25,2.15,SPY190719P00273000,273.0,0,0.0,0.0,,0.0,normalDay
2019-04-30,525.0,315.0,0.0,0,294.02,0.0,1,5.25,2.1,SPY190719P00273000,273.0,0,0.0,0.0,,0.0,normalDay
2019-05-01,525.0,267.0,0.0,0,291.81,0.0,1,5.25,2.58,SPY190719P00273000,273.0,0,0.0,0.0,,0.0,normalDay
2019-05-02,525.0,260.0,0.0,0,291.18,0.0,1,5.25,2.65,SPY190719P00273000,273.0,0,0.0,0.0,,0.0,normalDay
2019-05-03,525.0,325.0,0.0,0,294.03,0.0,1,5.25,2.0,SPY190719P00273000,273.0,0,0.0,0.0,,0.0,normalDay
2019-05-06,525.0,277.0,0.0,0,292.82,0.0,1,5.25,2.48,SPY190719P00273000,273.0,0,0.0,0.0,,0.0,normalDay
2019-05-07,525.0,116.0,0.0,0,287.93,0.0,1,5.25,4.09,SPY190719P00273000,273.0,0,0.0,0.0,,0.0,normalDay
2019-05-08,525.0,123.0,0.0,0,287.53,0.0,1,5.25,4.02,SPY190719P00273000,273.0,0,0.0,0.0,,0.0,normalDay
2019-05-09,525.0,120.0,0.0,0,286.66,0.0,1,5.25,4.05,SPY190719P00273000,273.0,0,0.0,0.0,,0.0,normalDay
2019-05-10,525.0,201.0,0.0,0,288.1,0.0,1,5.25,3.24,SPY190719P00273000,273.0,0,0.0,0.0,,0.0,normalDay
2019-05-13,525.0,-52.0,0.0,0,280.86,0.0,1,5.25,5.77,SPY190719P00273000,273.0,0,0.0,0.0,,0.0,normalDay
2019-05-14,525.0,70.0,0.0,0,283.4,0.0,1,5.25,4.55,SPY190719P00273000,273.0,0,0.0,0.0,,0.0,normalDay
2019-05-15,525.0,154.0,0.0,0,285.06,0.0,1,5.25,3.71,SPY190719P00273000,273.0,0,0.0,0.0,,0.0,normalDay
2019-05-16,525.0,234.0,0.0,0,287.7,0.0,1,5.25,2.91,SPY190719P00273000,273.0,0,0.0,0.0,,0.0,normalDay
2019-05-17,525.0,189.0,0.0,0,285.84,0.0,1,5.25,3.36,SPY190719P00273000,273.0,0,0.0,0.0,,0.0,normalDay
2019-05-20,525.0,161.0,0.0,0,283.95,0.0,1,5.25,3.64,SPY190719P00273000,273.0,0,0.0,0.0,,0.0,normalDay
2019-05-21,525.0,244.0,0.0,0,286.51,0.0,1,5.25,2.81,SPY190719P00273000,273.0,0,0.0,0.0,,0.0,normalDay
2019-05-22,525.0,235.0,0.0,0,285.63,0.0,1,5.25,2.9,SPY190719P00273000,273.0,0,0.0,0.0,,0.0,normalDay
2019-05-23,525.0,114.0,0.0,0,282.14,0.0,1,5.25,4.11,SPY190719P00273000,273.0,0,0.0,0.0,,0.0,normalDay
2019-05-24,525.0,160.0,0.0,0,282.78,0.0,1,5.25,3.65,SPY190719P00273000,273.0,0,0.0,0.0,,0.0,normalDay
2019-05-28,525.0,90.0,0.0,0,280.15,0.0,1,5.25,4.35,SPY190719P00273000,273.0,0,0.0,0.0,,0.0,normalDay
2019-05-29,525.0,27.0,0.0,0,278.27,0.0,1,5.25,4.98,SPY190719P00273000,273.0,0,0.0,0.0,,0.0,normalDay
2019-05-30,525.0,63.0,0.0,0,279.03,0.0,1,5.25,4.62,SPY190719P00273000,273.0,0,0.0,0.0,,0.0,normalDay
2019-05-31,525.0,-91.0,0.0,0,275.27,0.0,1,5.25,6.16,SPY190719P00273000,273.0,0,0.0,0.0,,0.0,normalDay
2019-06-03,525.0,-85.0,0.0,0,274.57,0.0,1,5.25,6.1,SPY190719P00273000,273.0,0,0.0,0.0,,0.0,normalDay
2019-06-04,525.0,149.0,0.0,0,280.53,0.0,1,5.25,3.76,SPY190719P00273000,273.0,0,0.0,0.0,,0.0,normalDay
2019-06-05,525.0,239.0,0.0,0,282.96,0.0,1,5.25,2.86,SPY190719P00273000,273.0,0,0.0,0.0,,0.0,normalDay
2019-06-06,525.0,286.0,0.0,0,284.8,0.0,1,5.25,2.39,SPY190719P00273000,273.0,0,0.0,0.0,,0.0,normalDay
2019-06-07,525.0,324.0,0.0,0,287.65,0.0,1,5.25,2.01,SPY190719P00273000,273.0,0,0.0,0.0,,0.0,normalDay
2019-06-10,525.0,360.0,0.0,0,288.97,0.0,1,5.25,1.65,SPY190719P00273000,273.0,0,0.0,0.0,,0.0,normalDay
2019-06-11,525.0,358.0,0.0,0,288.9,0.0,1,5.25,1.67,SPY190719P00273000,273.0,0,0.0,0.0,,0.0,normalDay
2019-06-12,525.0,359.0,0.0,0,288.39,0.0,1,5.25,1.66,SPY190719P00273000,273.0,0,0.0,0.0,,0.0,normalDay
2019-06-13,525.0,380.0,0.0,0,289.58,0.0,1,5.25,1.45,SPY190719P00273000,273.0,0,0.0,0.0,,0.0,normalDay
2019-06-14,525.0,392.0,0.0,0,289.26,0.0,1,5.25,1.33,SPY190719P00273000,273.0,0,0.0,0.0,,0.0,normalDay
2019-06-17,525.0,405.0,0.0,0,289.37,0.0,1,5.25,1.2,SPY190719P00273000,273.0,0,0.0,0.0,,0.0,normalDay
2019-06-18,525.0,435.0,0.0,0,292.4,0.0,1,5.25,0.9,SPY190719P00273000,273.0,0,0.0,0.0,,0.0,normalDay
2019-06-19,525.0,454.0,0.0,0,293.06,0.0,1,5.25,0.71,SPY190719P00273000,273.0,0,0.0,0.0,,0.0,normalDay
2019-06-20,525.0,468.0,0.0,0,295.86,0.0,1,5.25,0.57,SPY190719P00273000,273.0,0,0.0,0.0,,0.0,normalDay
2019-06-21,525.0,464.0,0.0,0,294.0,0.0,1,5.25,0.61,SPY190719P00273000,273.0,0,0.0,0.0,,0.0,normalDay
2019-06-24,525.0,473.0,0.0,0,293.64,0.0,1,5.25,0.52,SPY190719P00273000,273.0,0,0.0,0.0,,0.0,normalDay
2019-06-25,525.0,449.0,0.0,0,290.76,0.0,1,5.25,0.76,SPY190719P00273000,273.0,0,0.0,0.0,,0.0,normalDay
2019-06-26,525.0,450.0,0.0,0,290.47,0.0,1,5.25,0.75,SPY190719P00273000,273.0,0,0.0,0.0,,0.0,normalDay
2019-06-27,525.0,467.0,0.0,0,291.5,0.0,1,5.25,0.58,SPY190719P00273000,273.0,0,0.0,0.0,,0.0,normalDay
2019-06-28,525.0,480.0,0.0,0,293.0,0.0,1,5.25,0.45,SPY190719P00273000,273.0,0,0.0,0.0,,0.0,normalDay
2019-07-01,525.0,504.0,0.0,0,295.66,0.0,1,5.25,0.21,SPY190719P00273000,273.0,0,0.0,0.0,,0.0,normalDay
2019-07-02,525.0,512.0,0.0,0,296.43,0.0,1,5.25,0.13,SPY190719P00273000,273.0,0,0.0,0.0,,0.0,normalDay
2019-07-03,525.0,516.0,0.0,0,298.8,0.0,1,5.25,0.09,SPY190719P00273000,273.0,0,0.0,0.0,,0.0,normalDay
2019-07-05,525.0,514.0,0.0,0,298.46,0.0,1,5.25,0.11,SPY190719P00273000,273.0,0,0.0,0.0,,0.0,normalDay
2019-07-08,525.0,518.0,0.0,0,296.82,0.0,1,5.25,0.07,SPY190719P00273000,273.0,0,0.0,0.0,,0.0,normalDay
2019-07-09,525.0,519.0,0.0,0,297.19,0.0,1,5.25,0.06,SPY190719P00273000,273.0,0,0.0,0.0,,0.0,normalDay
2019-07-10,525.0,521.0,0.0,0,298.61,0.0,1,5.25,0.04,SPY190719P00273000,273.0,0,0.0,0.0,,0.0,normalDay
2019-07-11,525.0,521.0,0.0,0,299.31,0.0,1,5.25,0.04,SPY190719P00273000,273.0,0,0.0,0.0,,0.0,normalDay
2019-07-12,525.0,522.0,0.0,0,300.65,0.0,1,5.25,0.03,SPY190719P00273000,273.0,0,0.0,0.0,,0.0,normalDay
2019-07-15,525.0,523.0,0.0,0,300.75,0.0,1,5.25,0.02,SPY190719P00273000,273.0,0,0.0,0.0,,0.0,normalDay
2019-07-16,525.0,523.0,0.0,0,299.78,0.0,1,5.25,0.02,SPY190719P00273000,273.0,0,0.0,0.0,,0.0,normalDay
2019-07-17,525.0,523.0,0.0,0,297.74,0.0,1,5.25,0.02,SPY190719P00273000,273.0,0,0.0,0.0,,0.0,normalDay
2019-07-18,525.0,524.0,0.0,0,298.83,0.0,1,5.25,0.01,SPY190719P00273000,273.0,0,0.0,0.0,,0.0,normalDay
2019-07-19,1050.0,0.0,525.0,0,297.17,0.0,1,5.25,0.0,SPY190719P00273000,273.0,0,0.0,0.0,,0.0,expirationDay
2019-07-22,1050.0,-5.0,0.0,0,297.9,0.0,1,5.3,5.35,SPY191115P00286000,286.0,0,0.0,0.0,,0.0,normalDay
2019-07-23,1050.0,64.0,0.0,0,300.03,0.0,1,5.3,4.66,SPY191115P00286000,286.0,0,0.0,0.0,,0.0,normalDay
2019-07-24,1050.0,107.0,0.0,0,301.44,0.0,1,5.3,4.23,SPY191115P00286000,286.0,0,0.0,0.0,,0.0,normalDay
2019-07-25,1050.0,63.0,0.0,0,300.0,0.0,1,5.3,4.67,SPY191115P00286000,286.0,0,0.0,0.0,,0.0,normalDay
2019-07-26,1050.0,117.0,0.0,0,302.01,0.0,1,5.3,4.13,SPY191115P00286000,286.0,0,0.0,0.0,,0.0,normalDay
2019-07-29,1050.0,114.0,0.0,0,301.46,0.0,1,5.3,4.16,SPY191115P00286000,286.0,0,0.0,0.0,,0.0,normalDay
2019-07-30,1050.0,71.0,0.0,0,300.72,0.0,1,5.3,4.59,SPY191115P00286000,286.0,0,0.0,0.0,,0.0,normalDay
2019-07-31,1050.0,-45.0,0.0,0,297.43,0.0,1,5.3,5.75,SPY191115P00286000,286.0,0,0.0,0.0,,0.0,normalDay
2019-08-01,1050.0,-152.0,0.0,0,294.84,0.0,1,5.3,6.82,SPY191115P00286000,286.0,0,0.0,0.0,,0.0,normalDay
2019-08-02,1050.0,-220.0,0.0,0,292.62,0.0,1,5.3,7.5,SPY191115P00286000,286.0,0,0.0,0.0,,0.0,normalDay
2019-08-05,1050.0,-713.0,0.0,0,283.82,0.0,1,5.3,12.43,SPY191115P00286000,286.0,0,0.0,0.0,,0.0,normalDay
2019-08-06,1050.0,-435.0,0.0,0,287.8,0.0,1,5.3,9.65,SPY191115P00286000,286.0,0,0.0,0.0,,0.0,normalDay
2019-08-07,1050.0,-425.0,0.0,0,287.97,0.0,1,5.3,9.55,SPY191115P00286000,286.0,0,0.0,0.0,,0.0,normalDay
2019-08-08,1050.0,-161.0,0.0,0,293.62,0.0,1,5.3,6.91,SPY191115P00286000,286.0,0,0.0,0.0,,0.0,normalDay
2019-08-09,1050.0,-246.0,0.0,0,291.62,0.0,1,5.3,7.76,SPY191115P00286000,286.0,0,0.0,0.0,,0.0,normalDay
2019-08-12,1050.0,-458.0,0.0,0,288.07,0.0,1,5.3,9.88,SPY191115P00286000,286.0,0,0.0,0.0,,0.0,normalDay
2019-08-13,1050.0,-216.0,0.0,0,292.55,0.0,1,5.3,7.46,SPY191115P00286000,286.0,0,0.0,0.0,,0.0,normalDay
2019-08-14,1050.0,-652.0,0.0,0,283.9,0.0,1,5.3,11.82,SPY191115P00286000,286.0,0,0.0,0.0,,0.0,normalDay
2019-08-15,1050.0,-598.0,0.0,0,284.65,0.0,1,5.3,11.28,SPY191115P00286000,286.0,0,0.0,0.0,,0.0,normalDay
2019-08-16,1050.0,-374.0,0.0,0,288.85,0.0,1,5.3,9.04,SPY191115P00286000,286.0,0,0.0,0.0,,0.0,normalDay
2019-08-19,1050.0,-184.0,0.0,0,292.33,0.0,1,5.3,7.14,SPY191115P00286000,286.0,0,0.0,0.0,,0.0,normalDay
2019-08-20,1050.0,-281.0,0.0,0,290.09,0.0,1,5.3,8.11,SPY191115P00286000,286.0,0,0.0,0.0,,0.0,normalDay
2019-08-21,1050.0,-131.0,0.0,0,292.45,0.0,1,5.3,6.61,SPY191115P00286000,286.0,0,0.0,0.0,,0.0,normalDay
2019-08-22,1050.0,-162.0,0.0,0,292.36,0.0,1,5.3,6.92,SPY191115P00286000,286.0,0,0.0,0.0,,0.0,normalDay
2019-08-23,1050.0,-488.0,0.0,0,284.85,0.0,1,5.3,10.18,SPY191115P00286000,286.0,0,0.0,0.0,,0.0,normalDay
2019-08-26,1050.0,-357.0,0.0,0,288.0,0.0,1,5.3,8.87,SPY191115P00286000,286.0,0,0.0,0.0,,0.0,normalDay
2019-08-27,1050.0,-433.0,0.0,0,286.87,0.0,1,5.3,9.63,SPY191115P00286000,286.0,0,0.0,0.0,,0.0,normalDay
2019-08-28,1050.0,-322.0,0.0,0,288.89,0.0,1,5.3,8.52,SPY191115P00286000,286.0,0,0.0,0.0,,0.0,normalDay
2019-08-29,1050.0,-158.0,0.0,0,292.58,0.0,1,5.3,6.88,SPY191115P00286000,286.0,0,0.0,0.0,,0.0,normalDay
2019-08-30,1050.0,-173.0,0.0,0,292.45,0.0,1,5.3,7.03,SPY191115P00286000,286.0,0,0.0,0.0,,0.0,normalDay
2019-09-03,1050.0,-241.0,0.0,0,290.74,0.0,1,5.3,7.71,SPY191115P00286000,286.0,0,0.0,0.0,,0.0,normalDay
2019-09-04,1050.0,-70.0,0.0,0,294.04,0.0,1,5.3,6.0,SPY191115P00286000,286.0,0,0.0,0.0,,0.0,normalDay
2019-09-05,1050.0,57.0,0.0,0,297.82,0.0,1,5.3,4.73,SPY191115P00286000,286.0,0,0.0,0.0,,0.0,normalDay
2019-09-06,1050.0,105.0,0.0,0,298.05,0.0,1,5.3,4.25,SPY191115P00286000,286.0,0,0.0,0.0,,0.0,normalDay
2019-09-09,1050.0,114.0,0.0,0,298.2,0.0,1,5.3,4.16,SPY191115P00286000,286.0,0,0.0,0.0,,0.0,normalDay
2019-09-10,1050.0,122.0,0.0,0,298.13,0.0,1,5.3,4.08,SPY191115P00286000,286.0,0,0.0,0.0,,0.0,normalDay
2019-09-11,1050.0,188.0,0.0,0,300.25,0.0,1,5.3,3.42,SPY191115P00286000,286.0,0,0.0,0.0,,0.0,normalDay
2019-09-12,1050.0,230.0,0.0,0,301.29,0.0,1,5.3,3.0,SPY191115P00286000,286.0,0,0.0,0.0,,0.0,normalDay
2019-09-13,1050.0,236.0,0.0,0,301.09,0.0,1,5.3,2.94,SPY191115P00286000,286.0,0,0.0,0.0,,0.0,normalDay
2019-09-16,1050.0,217.0,0.0,0,300.16,0.0,1,5.3,3.13,SPY191115P00286000,286.0,0,0.0,0.0,,0.0,normalDay
2019-09-17,1050.0,231.0,0.0,0,300.92,0.0,1,5.3,2.99,SPY191115P00286000,286.0,0,0.0,0.0,,0.0,normalDay
2019-09-18,1050.0,257.0,0.0,0,301.1,0.0,1,5.3,2.73,SPY191115P00286000,286.0,0,0.0,0.0,,0.0,normalDay
2019-09-19,1050.0,260.0,0.0,0,301.08,0.0,1,5.3,2.7,SPY191115P00286000,286.0,0,0.0,0.0,,0.0,normalDay
2019-09-20,1050.0,206.0,0.0,0,298.28,0.0,1,5.3,3.24,SPY191115P00286000,286.0,0,0.0,0.0,,0.0,normalDay
2019-09-23,1050.0,232.0,0.0,0,298.21,0.0,1,5.3,2.98,SPY191115P00286000,286.0,0,0.0,0.0,,0.0,normalDay
2019-09-24,1050.0,149.0,0.0,0,295.87,0.0,1,5.3,3.81,SPY191115P00286000,286.0,0,0.0,0.0,,0.0,normalDay
2019-09-25,1050.0,202.0,0.0,0,297.62,0.0,1,5.3,3.28,SPY191115P00286000,286.0,0,0.0,0.0,,0.0,normalDay
2019-09-26,1050.0,203.0,0.0,0,297.0,0.0,1,5.3,3.27,SPY191115P00286000,286.0,0,0.0,0.0,,0.0,normalDay
2019-09-27,1050.0,144.0,0.0,0,295.4,0.0,1,5.3,3.86,SPY191115P00286000,286.0,0,0.0,0.0,,0.0,normalDay
2019-09-30,1050.0,218.0,0.0,0,296.77,0.0,1,5.3,3.12,SPY191115P00286000,286.0,0,0.0,0.0,,0.0,normalDay
2019-10-01,1050.0,88.0,0.0,0,293.24,0.0,1,5.3,4.42,SPY191115P00286000,286.0,0,0.0,0.0,,0.0,normalDay
2019-10-02,1050.0,-147.0,0.0,0,288.06,0.0,1,5.3,6.77,SPY191115P00286000,286.0,0,0.0,0.0,,0.0,normalDay
2019-10-03,1050.0,-8.0,0.0,0,290.42,0.0,1,5.3,5.38,SPY191115P00286000,286.0,0,0.0,0.0,,0.0,normalDay
2019-10-04,1050.0,162.0,0.0,0,294.35,0.0,1,5.3,3.68,SPY191115P00286000,286.0,0,0.0,0.0,,0.0,normalDay
2019-10-07,1050.0,130.0,0.0,0,293.08,0.0,1,5.3,4.0,SPY191115P00286000,286.0,0,0.0,0.0,,0.0,normalDay
2019-10-08,1050.0,-56.0,0.0,0,288.53,0.0,1,5.3,5.86,SPY191115P00286000,286.0,0,0.0,0.0,,0.0,normalDay
2019-10-09,1050.0,77.0,0.0,0,291.27,0.0,1,5.3,4.53,SPY191115P00286000,286.0,0,0.0,0.0,,0.0,normalDay
2019-10-10,1050.0,173.0,0.0,0,293.24,0.0,1,5.3,3.57,SPY191115P00286000,286.0,0,0.0,0.0,,0.0,normalDay
2019-10-11,1050.0,301.0,0.0,0,296.28,0.0,1,5.3,2.29,SPY191115P00286000,286.0,0,0.0,0.0,,0.0,normalDay
2019-10-14,1050.0,329.0,0.0,0,295.95,0.0,1,5.3,2.01,SPY191115P00286000,286.0,0,0.0,0.0,,0.0,normalDay
2019-10-15,1050.0,404.0,0.0,0,298.88,0.0,1,5.3,1.26,SPY191115P00286000,286.0,0,0.0,0.0,,0.0,normalDay
2019-10-16,1050.0,404.0,0.0,0,298.4,0.0,1,5.3,1.26,SPY191115P00286000,286.0,0,0.0,0.0,,0.0,normalDay
2019-10-17,1050.0,415.0,0.0,0,299.28,0.0,1,5.3,1.15,SPY191115P00286000,286.0,0,0.0,0.0,,0.0,normalDay
2019-10-18,1050.0,402.0,0.0,0,297.97,0.0,1,5.3,1.28,SPY191115P00286000,286.0,0,0.0,0.0,,0.0,normalDay
2019-10-21,1050.0,444.0,0.0,0,299.99,0.0,1,5.3,0.86,SPY191115P00286000,286.0,0,0.0,0.0,,0.0,normalDay
2019-10-22,1050.0,434.0,0.0,0,299.01,0.0,1,5.3,0.96,SPY191115P00286000,286.0,0,0.0,0.0,,0.0,normalDay
2019-10-23,1050.0,455.0,0.0,0,299.88,0.0,1,5.3,0.75,SPY191115P00286000,286.0,0,0.0,0.0,,0.0,normalDay
2019-10-24,1050.0,467.0,0.0,0,300.37,0.0,1,5.3,0.63,SPY191115P00286000,286.0,0,0.0,0.0,,0.0,normalDay
2019-10-25,1050.0,488.0,0.0,0,301.6,0.0,1,5.3,0.42,SPY191115P00286000,286.0,0,0.0,0.0,,0.0,normalDay
2019-10-28,1050.0,498.0,0.0,0,303.3,0.0,1,5.3,0.32,SPY191115P00286000,286.0,0,0.0,0.0,,0.0,normalDay
2019-10-29,1050.0,501.0,0.0,0,303.21,0.0,1,5.3,0.29,SPY191115P00286000,286.0,0,0.0,0.0,,0.0,normalDay
2019-10-30,1050.0,510.0,0.0,0,304.14,0.0,1,5.3,0.2,SPY191115P00286000,286.0,0,0.0,0.0,,0.0,normalDay
2019-10-31,1050.0,502.0,0.0,0,303.33,0.0,1,5.3,0.28,SPY191115P00286000,286.0,0,0.0,0.0,,0.0,normalDay
2019-11-01,1050.0,518.0,0.0,0,306.14,0.0,1,5.3,0.12,SPY191115P00286000,286.0,0,0.0,0.0,,0.0,normalDay
2019-11-04,1050.0,520.0,0.0,0,307.37,0.0,1,5.3,0.1,SPY191115P00286000,286.0,0,0.0,0.0,,0.0,normalDay
2019-11-05,1050.0,522.0,0.0,0,307.03,0.0,1,5.3,0.08,SPY191115P00286000,286.0,0,0.0,0.0,,0.0,normalDay
2019-11-06,1050.0,525.0,0.0,0,307.1,0.0,1,5.3,0.05,SPY191115P00286000,286.0,0,0.0,0.0,,0.0,normalDay
2019-11-07,1050.0,527.0,0.0,0,308.18,0.0,1,5.3,0.03,SPY191115P00286000,286.0,0,0.0,0.0,,0.0,normalDay
2019-11-08,1050.0,527.0,0.0,0,308.94,0.0,1,5.3,0.03,SPY191115P00286000,286.0,0,0.0,0.0,,0.0,normalDay
2019-11-11,1050.0,528.0,0.0,0,308.35,0.0,1,5.3,0.02,SPY191115P00286000,286.0,0,0.0,0.0,,0.0,normalDay
2019-11-12,1050.0,528.0,0.0,0,309.0,0.0,1,5.3,0.02,SPY191115P00286000,286.0,0,0.0,0.0,,0.0,normalDay
2019-11-13,1050.0,528.0,0.0,0,309.1,0.0,1,5.3,0.02,SPY191115P00286000,286.0,0,0.0,0.0,,0.0,normalDay
2019-11-14,1050.0,529.0,0.0,0,309.55,0.0,1,5.3,0.01,SPY191115P00286000,286.0,0,0.0,0.0,,0.0,normalDay
2019-11-15,1580.0,0.0,530.0,0,311.79,0.0,1,5.3,0.0,SPY191115P00286000,286.0,0,0.0,0.0,,0.0,expirationDay
2019-11-18,1580.0,-5.0,0.0,0,312.02,0.0,1,5.61,5.66,SPY200331P00294000,294.0,0,0.0,0.0,,0.0,normalDay
2019-11-19,1580.0,-19.0,0.0,0,311.93,0.0,1,5.61,5.8,SPY200331P00294000,294.0,0,0.0,0.0,,0.0,normalDay
2019-11-20,1580.0,-55.0,0.0,0,310.77,0.0,1,5.61,6.16,SPY200331P00294000,294.0,0,0.0,0.0,,0.0,normalDay
2019-11-21,1580.0,-68.0,0.0,0,310.27,0.0,1,5.61,6.29,SPY200331P00294000,294.0,0,0.0,0.0,,0.0,normalDay
2019-11-22,1580.0,-33.0,0.0,0,310.96,0.0,1,5.61,5.94,SPY200331P00294000,294.0,0,0.0,0.0,,0.0,normalDay
2019-11-25,1580.0,43.0,0.0,0,313.37,0.0,1,5.61,5.18,SPY200331P00294000,294.0,0,0.0,0.0,,0.0,normalDay
2019-11-26,1580.0,74.0,0.0,0,314.08,0.0,1,5.61,4.87,SPY200331P00294000,294.0,0,0.0,0.0,,0.0,normalDay
2019-11-27,1580.0,97.0,0.0,0,315.48,0.0,1,5.61,4.64,SPY200331P00294000,294.0,0,0.0,0.0,,0.0,normalDay
2019-11-29,1580.0,60.0,0.0,0,314.31,0.0,1,5.61,5.01,SPY200331P00294000,294.0,0,0.0,0.0,,0.0,normalDay
2019-12-02,1580.0,-32.0,0.0,0,311.64,0.0,1,5.61,5.93,SPY200331P00294000,294.0,0,0.0,0.0,,0.0,normalDay
2019-12-03,1580.0,-114.0,0.0,0,309.55,0.0,1,5.61,6.75,SPY200331P00294000,294.0,0,0.0,0.0,,0.0,normalDay
2019-12-04,1580.0,-48.0,0.0,0,311.46,0.0,1,5.61,6.09,SPY200331P00294000,294.0,0,0.0,0.0,,0.0,normalDay
2019-12-05,1580.0,-11.0,0.0,0,312.02,0.0,1,5.61,5.72,SPY200331P00294000,294.0,0,0.0,0.0,,0.0,normalDay
2019-12-06,1580.0,69.0,0.0,0,314.87,0.0,1,5.61,4.92,SPY200331P00294000,294.0,0,0.0,0.0,,0.0,normalDay
2019-12-09,1580.0,24.0,0.0,0,313.88,0.0,1,5.61,5.37,SPY200331P00294000,294.0,0,0.0,0.0,,0.0,normalDay
2019-12-10,1580.0,37.0,0.0,0,313.53,0.0,1,5.61,5.24,SPY200331P00294000,294.0,0,0.0,0.0,,0.0,normalDay
2019-12-11,1580.0,70.0,0.0,0,314.42,0.0,1,5.61,4.91,SPY200331P00294000,294.0,0,0.0,0.0,,0.0,normalDay
2019-12-12,1580.0,144.0,0.0,0,317.13,0.0,1,5.61,4.17,SPY200331P00294000,294.0,0,0.0,0.0,,0.0,normalDay
2019-12-13,1580.0,187.0,0.0,0,317.32,0.0,1,5.61,3.74,SPY200331P00294000,294.0,0,0.0,0.0,,0.0,normalDay
2019-12-16,1580.0,244.0,0.0,0,319.5,0.0,1,5.61,3.17,SPY200331P00294000,294.0,0,0.0,0.0,,0.0,normalDay
2019-12-17,1580.0,242.0,0.0,0,319.57,0.0,1,5.61,3.19,SPY200331P00294000,294.0,0,0.0,0.0,,0.0,normalDay
2019-12-18,1580.0,241.0,0.0,0,319.59,0.0,1,5.61,3.2,SPY200331P00294000,294.0,0,0.0,0.0,,0.0,normalDay
2019-12-19,1580.0,266.0,0.0,0,320.9,0.0,1,5.61,2.95,SPY200331P00294000,294.0,0,0.0,0.0,,0.0,normalDay
2019-12-20,1580.0,277.0,0.0,0,320.73,0.0,1,5.61,2.84,SPY200331P00294000,294.0,0,0.0,0.0,,0.0,normalDay
2019-12-23,1580.0,279.0,0.0,0,321.22,0.0,1,5.61,2.82,SPY200331P00294000,294.0,0,0.0,0.0,,0.0,normalDay
2019-12-24,1580.0,284.0,0.0,0,321.23,0.0,1,5.61,2.77,SPY200331P00294000,294.0,0,0.0,0.0,,0.0,normalDay
2019-12-26,1580.0,311.0,0.0,0,322.94,0.0,1,5.61,2.5,SPY200331P00294000,294.0,0,0.0,0.0,,0.0,normalDay
2019-12-27,1580.0,299.0,0.0,0,322.86,0.0,1,5.61,2.62,SPY200331P00294000,294.0,0,0.0,0.0,,0.0,normalDay
2019-12-30,1580.0,269.0,0.0,0,321.08,0.0,1,5.61,2.92,SPY200331P00294000,294.0,0,0.0,0.0,,0.0,normalDay
2019-12-31,1580.0,302.0,0.0,0,321.86,0.0,1,5.61,2.59,SPY200331P00294000,294.0,0,0.0,0.0,,0.0,normalDay
2020-01-02,1580.0,353.0,0.0,0,324.87,0.0,1,5.61,2.08,SPY200331P00294000,294.0,0,0.0,0.0,,0.0,normalDay
2020-01-03,1580.0,305.0,0.0,0,322.41,0.0,1,5.61,2.56,SPY200331P00294000,294.0,0,0.0,0.0,,0.0,normalDay
2020-01-06,1580.0,335.0,0.0,0,323.64,0.0,1,5.61,2.26,SPY200331P00294000,294.0,0,0.0,0.0,,0.0,normalDay
2020-01-07,1580.0,325.0,0.0,0,322.73,0.0,1,5.61,2.36,SPY200331P00294000,294.0,0,0.0,0.0,,0.0,normalDay
2020-01-08,1580.0,357.0,0.0,0,324.45,0.0,1,5.61,2.04,SPY200331P00294000,294.0,0,0.0,0.0,,0.0,normalDay
2020-01-09,1580.0,391.0,0.0,0,326.65,0.0,1,5.61,1.7,SPY200331P00294000,294.0,0,0.0,0.0,,0.0,normalDay
2020-01-10,1580.0,384.0,0.0,0,325.71,0.0,1,5.61,1.77,SPY200331P00294000,294.0,0,0.0,0.0,,0.0,normalDay
2020-01-13,1580.0,417.0,0.0,0,327.95,0.0,1,5.61,1.44,SPY200331P00294000,294.0,0,0.0,0.0,,0.0,normalDay
2020-01-14,1580.0,419.0,0.0,0,327.45,0.0,1,5.61,1.42,SPY200331P00294000,294.0,0,0.0,0.0,,0.0,normalDay
2020-01-15,1580.0,426.0,0.0,0,328.19,0.0,1,5.61,1.35,SPY200331P00294000,294.0,0,0.0,0.0,,0.0,normalDay
2020-01-16,1580.0,445.0,0.0,0,330.92,0.0,1,5.61,1.16,SPY200331P00294000,294.0,0,0.0,0.0,,0.0,normalDay
2020-01-17,1580.0,454.0,0.0,0,331.95,0.0,1,5.61,1.07,SPY200331P00294000,294.0,0,0.0,0.0,,0.0,normalDay
2020-01-21,1580.0,452.0,0.0,0,331.3,0.0,1,5.61,1.09,SPY200331P00294000,294.0,0,0.0,0.0,,0.0,normalDay
2020-01-22,1580.0,453.0,0.0,0,331.34,0.0,1,5.61,1.08,SPY200331P00294000,294.0,0,0.0,0.0,,0.0,normalDay
2020-01-23,1580.0,455.0,0.0,0,331.72,0.0,1,5.61,1.06,SPY200331P00294000,294.0,0,0.0,0.0,,0.0,normalDay
2020-01-24,1580.0,421.0,0.0,0,328.77,0.0,1,5.61,1.4,SPY200331P00294000,294.0,0,0.0,0.0,,0.0,normalDay
2020-01-27,1580.0,322.0,0.0,0,323.5,0.0,1,5.61,2.39,SPY200331P00294000,294.0,0,0.0,0.0,,0.0,normalDay
2020-01-28,1580.0,393.0,0.0,0,326.89,0.0,1,5.61,1.68,SPY200331P00294000,294.0,0,0.0,0.0,,0.0,normalDay
2020-01-29,1580.0,394.0,0.0,0,326.62,0.0,1,5.61,1.67,SPY200331P00294000,294.0,0,0.0,0.0,,0.0,normalDay
2020-01-30,1580.0,423.0,0.0,0,327.68,0.0,1,5.61,1.38,SPY200331P00294000,294.0,0,0.0,0.0,,0.0,normalDay
2020-01-31,1580.0,326.0,0.0,0,321.73,0.0,1,5.61,2.35,SPY200331P00294000,294.0,0,0.0,0.0,,0.0,normalDay
2020-02-03,1580.0,365.0,0.0,0,324.12,0.0,1,5.61,1.96,SPY200331P00294000,294.0,0,0.0,0.0,,0.0,normalDay
2020-02-04,1580.0,442.0,0.0,0,329.06,0.0,1,5.61,1.19,SPY200331P00294000,294.0,0,0.0,0.0,,0.0,normalDay
2020-02-05,1580.0,472.0,0.0,0,332.86,0.0,1,5.61,0.89,SPY200331P00294000,294.0,0,0.0,0.0,,0.0,normalDay
2020-02-06,1580.0,476.0,0.0,0,333.98,0.0,1,5.61,0.85,SPY200331P00294000,294.0,0,0.0,0.0,,0.0,normalDay
2020-02-07,1580.0,467.0,0.0,0,332.2,0.0,1,5.61,0.94,SPY200331P00294000,294.0,0,0.0,0.0,,0.0,normalDay
2020-02-10,1580.0,486.0,0.0,0,334.68,0.0,1,5.61,0.75,SPY200331P00294000,294.0,0,0.0,0.0,,0.0,normalDay
2020-02-11,1580.0,489.0,0.0,0,335.26,0.0,1,5.61,0.72,SPY200331P00294000,294.0,0,0.0,0.0,,0.0,normalDay
2020-02-12,1580.0,505.0,0.0,0,337.42,0.0,1,5.61,0.56,SPY200331P00294000,294.0,0,0.0,0.0,,0.0,normalDay
2020-02-13,1580.0,503.0,0.0,0,337.06,0.0,1,5.61,0.58,SPY200331P00294000,294.0,0,0.0,0.0,,0.0,normalDay
2020-02-14,1580.0,510.0,0.0,0,337.6,0.0,1,5.61,0.51,SPY200331P00294000,294.0,0,0.0,0.0,,0.0,normalDay
2020-02-18,1580.0,508.0,0.0,0,336.73,0.0,1,5.61,0.53,SPY200331P00294000,294.0,0,0.0,0.0,,0.0,normalDay
2020-02-19,1580.0,516.0,0.0,0,338.34,0.0,1,5.61,0.45,SPY200331P00294000,294.0,0,0.0,0.0,,0.0,normalDay
2020-02-20,1580.0,506.0,0.0,0,336.95,0.0,1,5.61,0.55,SPY200331P00294000,294.0,0,0.0,0.0,,0.0,normalDay
2020-02-21,1580.0,487.0,0.0,0,333.48,0.0,1,5.61,0.74,SPY200331P00294000,294.0,0,0.0,0.0,,0.0,normalDay
2020-02-24,1580.0,315.0,0.0,0,322.42,0.0,1,5.61,2.46,SPY200331P00294000,294.0,0,0.0,0.0,,0.0,normalDay
2020-02-25,1580.0,162.0,0.0,0,312.65,0.0,1,5.61,3.99,SPY200331P00294000,294.0,0,0.0,0.0,,0.0,normalDay
2020-02-26,1580.0,151.0,0.0,0,311.5,0.0,1,5.61,4.1,SPY200331P00294000,294.0,0,0.0,0.0,,0.0,normalDay
2020-02-27,1580.0,-556.0,0.0,0,297.51,0.0,1,5.61,11.17,SPY200331P00294000,294.0,0,0.0,0.0,,0.0,normalDay
2020-02-28,1580.0,-643.0,0.0,0,296.26,0.0,1,5.61,12.04,SPY200331P00294000,294.0,0,0.0,0.0,,0.0,normalDay
2020-03-02,1580.0,12.0,0.0,0,309.09,0.0,1,5.61,5.49,SPY200331P00294000,294.0,0,0.0,0.0,,0.0,normalDay
2020-03-03,1580.0,-298.0,0.0,0,300.24,0.0,1,5.61,8.59,SPY200331P00294000,294.0,0,0.0,0.0,,0.0,normalDay
2020-03-04,1580.0,97.0,0.0,0,312.86,0.0,1,5.61,4.64,SPY200331P00294000,294.0,0,0.0,0.0,,0.0,normalDay
2020-03-05,1580.0,-344.0,0.0,0,302.46,0.0,1,5.61,9.05,SPY200331P00294000,294.0,0,0.0,0.0,,0.0,normalDay
2020-03-06,1580.0,-540.0,0.0,0,297.46,0.0,1,5.61,11.01,SPY200331P00294000,294.0,0,0.0,0.0,,0.0,normalDay
2020-03-09,1580.0,-2028.0,0.0,0,274.23,0.0,1,5.61,25.89,SPY200331P00294000,294.0,0,0.0,0.0,,0.0,normalDay
2020-03-10,1580.0,-974.0,0.0,0,288.42,0.0,1,5.61,15.35,SPY200331P00294000,294.0,0,0.0,0.0,,0.0,normalDay
2020-03-11,1580.0,-1963.0,0.0,0,274.36,0.0,1,5.61,25.24,SPY200331P00294000,294.0,0,0.0,0.0,,0.0,normalDay
2020-03-12,1580.0,-4248.0,0.0,0,248.11,0.0,1,5.61,48.09,SPY200331P00294000,294.0,0,0.0,0.0,,0.0,normalDay
2020-03-13,1580.0,-2256.0,0.0,0,269.32,0.0,1,5.61,28.17,SPY200331P00294000,294.0,0,0.0,0.0,,0.0,normalDay
2020-03-16,1580.0,-4716.0,0.0,0,239.85,0.0,1,5.61,52.77,SPY200331P00294000,294.0,0,0.0,0.0,,0.0,normalDay
2020-03-17,1580.0,-3890.0,0.0,0,252.8,0.0,1,5.61,44.51,SPY200331P00294000,294.0,0,0.0,0.0,,0.0,normalDay
2020-03-18,1580.0,-5102.0,0.0,0,240.0,0.0,1,5.61,56.63,SPY200331P00294000,294.0,0,0.0,0.0,,0.0,normalDay
2020-03-19,1580.0,-5056.0,0.0,0,240.51,0.0,1,5.61,56.17,SPY200331P00294000,294.0,0,0.0,0.0,,0.0,normalDay
2020-03-20,1580.0,-5988.0,0.0,0,228.8,0.0,1,5.61,65.49,SPY200331P00294000,294.0,0,0.0,0.0,,0.0,normalDay
2020-03-23,1580.0,-6781.0,0.0,0,222.95,0.0,1,5.61,73.42,SPY200331P00294000,294.0,0,0.0,0.0,,0.0,normalDay
2020-03-24,1580.0,-4647.0,0.0,0,243.15,0.0,1,5.61,52.08,SPY200331P00294000,294.0,0,0.0,0.0,,0.0,normalDay
2020-03-25,1580.0,-4163.0,0.0,0,246.79,0.0,1,5.61,47.24,SPY200331P00294000,294.0,0,0.0,0.0,,0.0,normalDay
2020-03-26,1580.0,-2815.0,0.0,0,261.2,0.0,1,5.61,33.76,SPY200331P00294000,294.0,0,0.0,0.0,,0.0,normalDay
2020-03-27,1580.0,-3562.0,0.0,0,253.42,0.0,1,5.61,41.23,SPY200331P00294000,294.0,0,0.0,0.0,,0.0,normalDay
2020-03-30,1580.0,-2778.0,0.0,0,261.65,0.0,1,5.61,33.39,SPY200331P00294000,294.0,0,0.0,0.0,,0.0,normalDay
2020-03-31,2141.0,-3625.0,561.0,100,257.75,294.0,1,5.61,0.0,SPY200331P00294000,294.0,0,0.0,0.0,,0.0,expirationDay
2020-04-01,2141.0,-4790.0,0.0,100,246.15,294.0,0,0.0,0.0,,0.0,1,0.07,0.12,SPY200619C00337000,337.0,normalDay
2020-04-02,2141.0,-4225.0,0.0,100,251.83,294.0,0,0.0,0.0,,0.0,1,0.07,0.15,SPY200619C00337000,337.0,normalDay
2020-04-03,2141.0,-4586.0,0.0,100,248.19,294.0,0,0.0,0.0,,0.0,1,0.07,0.12,SPY200619C00337000,337.0,normalDay
2020-04-06,2141.0,-2929.0,0.0,100,264.86,294.0,0,0.0,0.0,,0.0,1,0.07,0.22,SPY200619C00337000,337.0,normalDay
2020-04-07,2141.0,-2899.0,0.0,100,265.13,294.0,0,0.0,0.0,,0.0,1,0.07,0.19,SPY200619C00337000,337.0,normalDay
2020-04-08,2141.0,-2021.0,0.0,100,274.03,294.0,0,0.0,0.0,,0.0,1,0.07,0.31,SPY200619C00337000,337.0,normalDay
2020-04-09,2141.0,-1613.0,0.0,100,278.2,294.0,0,0.0,0.0,,0.0,1,0.07,0.4,SPY200619C00337000,337.0,normalDay
2020-04-13,2141.0,-1857.0,0.0,100,275.66,294.0,0,0.0,0.0,,0.0,1,0.07,0.3,SPY200619C00337000,337.0,normalDay
2020-04-14,2141.0,-1057.0,0.0,100,283.79,294.0,0,0.0,0.0,,0.0,1,0.07,0.43,SPY200619C00337000,337.0,normalDay
2020-04-15,2141.0,-1645.0,0.0,100,277.76,294.0,0,0.0,0.0,,0.0,1,0.07,0.28,SPY200619C00337000,337.0,normalDay
2020-04-16,2141.0,-1511.0,0.0,100,279.1,294.0,0,0.0,0.0,,0.0,1,0.07,0.28,SPY200619C00337000,337.0,normalDay
2020-04-17,2141.0,-773.0,0.0,100,286.64,294.0,0,0.0,0.0,,0.0,1,0.07,0.44,SPY200619C00337000,337.0,normalDay
2020-04-20,2141.0,-1267.0,0.0,100,281.59,294.0,0,0.0,0.0,,0.0,1,0.07,0.33,SPY200619C00337000,337.0,normalDay
2020-04-21,2141.0,-2110.0,0.0,100,273.04,294.0,0,0.0,0.0,,0.0,1,0.07,0.21,SPY200619C00337000,337.0,normalDay
2020-04-22,2141.0,-1502.0,0.0,100,279.1,294.0,0,0.0,0.0,,0.0,1,0.07,0.19,SPY200619C00337000,337.0,normalDay
2020-04-23,2141.0,-1503.0,0.0,100,279.08,294.0,0,0.0,0.0,,0.0,1,0.07,0.18,SPY200619C00337000,337.0,normalDay
2020-04-24,2141.0,-1119.0,0.0,100,282.97,294.0,0,0.0,0.0,,0.0,1,0.07,0.23,SPY200619C00337000,337.0,normalDay
2020-04-27,2141.0,-712.0,0.0,100,287.05,294.0,0,0.0,0.0,,0.0,1,0.07,0.24,SPY200619C00337000,337.0,normalDay
2020-04-28,2141.0,-838.0,0.0,100,285.73,294.0,0,0.0,0.0,,0.0,1,0.07,0.18,SPY200619C00337000,337.0,normalDay
2020-04-29,2141.0,-100.0,0.0,100,293.21,294.0,0,0.0,0.0,,0.0,1,0.07,0.28,SPY200619C00337000,337.0,normalDay
2020-04-30,2141.0,-369.0,0.0,100,290.48,294.0,0,0.0,0.0,,0.0,1,0.07,0.24,SPY200619C00337000,337.0,normalDay
2020-05-01,2141.0,-1129.0,0.0,100,282.79,294.0,0,0.0,0.0,,0.0,1,0.07,0.15,SPY200619C00337000,337.0,normalDay
2020-05-04,2141.0,-1050.0,0.0,100,283.57,294.0,0,0.0,0.0,,0.0,1,0.07,0.14,SPY200619C00337000,337.0,normalDay
2020-05-05,2141.0,-788.0,0.0,100,286.19,294.0,0,0.0,0.0,,0.0,1,0.07,0.14,SPY200619C00337000,337.0,normalDay
2020-05-06,2141.0,-979.0,0.0,100,284.25,294.0,0,0.0,0.0,,0.0,1,0.07,0.11,SPY200619C00337000,337.0,normalDay
2020-05-07,2141.0,-638.0,0.0,100,287.68,294.0,0,0.0,0.0,,0.0,1,0.07,0.13,SPY200619C00337000,337.0,normalDay
2020-05-08,2141.0,-163.0,0.0,100,292.44,294.0,0,0.0,0.0,,0.0,1,0.07,0.14,SPY200619C00337000,337.0,normalDay
2020-05-11,2141.0,-154.0,0.0,100,292.5,294.0,0,0.0,0.0,,0.0,1,0.07,0.11,SPY200619C00337000,337.0,normalDay
2020-05-12,2141.0,-733.0,0.0,100,286.67,294.0,0,0.0,0.0,,0.0,1,0.07,0.07,SPY200619C00337000,337.0,normalDay
2020-05-13,2141.0,-1239.0,0.0,100,281.6,294.0,0,0.0,0.0,,0.0,1,0.07,0.06,SPY200619C00337000,337.0,normalDay
2020-05-14,2141.0,-903.0,0.0,100,284.97,294.0,0,0.0,0.0,,0.0,1,0.07,0.07,SPY200619C00337000,337.0,normalDay
2020-05-15,2141.0,-770.0,0.0,100,286.28,294.0,0,0.0,0.0,,0.0,1,0.07,0.05,SPY200619C00337000,337.0,normalDay
2020-05-18,2141.0,94.0,0.0,100,295.0,294.0,0,0.0,0.0,,0.0,1,0.07,0.13,SPY200619C00337000,337.0,normalDay
2020-05-19,2141.0,-205.0,0.0,100,291.97,294.0,0,0.0,0.0,,0.0,1,0.07,0.09,SPY200619C00337000,337.0,normalDay
2020-05-20,2141.0,288.0,0.0,100,296.93,294.0,0,0.0,0.0,,0.0,1,0.07,0.12,SPY200619C00337000,337.0,normalDay
2020-05-21,2141.0,85.0,0.0,100,294.88,294.0,0,0.0,0.0,,0.0,1,0.07,0.1,SPY200619C00337000,337.0,normalDay
2020-05-22,2141.0,142.0,0.0,100,295.44,294.0,0,0.0,0.0,,0.0,1,0.07,0.09,SPY200619C00337000,337.0,normalDay
2020-05-26,2141.0,505.0,0.0,100,299.08,294.0,0,0.0,0.0,,0.0,1,0.07,0.1,SPY200619C00337000,337.0,normalDay
2020-05-27,2141.0,951.0,0.0,100,303.53,294.0,0,0.0,0.0,,0.0,1,0.07,0.09,SPY200619C00337000,337.0,normalDay
2020-05-28,2141.0,894.0,0.0,100,302.97,294.0,0,0.0,0.0,,0.0,1,0.07,0.1,SPY200619C00337000,337.0,normalDay
2020-05-29,2141.0,1030.0,0.0,100,304.32,294.0,0,0.0,0.0,,0.0,1,0.07,0.09,SPY200619C00337000,337.0,normalDay
2020-06-01,2141.0,1155.0,0.0,100,305.55,294.0,0,0.0,0.0,,0.0,1,0.07,0.07,SPY200619C00337000,337.0,normalDay
2020-06-02,2141.0,1408.0,0.0,100,308.08,294.0,0,0.0,0.0,,0.0,1,0.07,0.07,SPY200619C00337000,337.0,normalDay
2020-06-03,2141.0,1812.0,0.0,100,312.18,294.0,0,0.0,0.0,,0.0,1,0.07,0.13,SPY200619C00337000,337.0,normalDay
2020-06-04,2141.0,1734.0,0.0,100,311.36,294.0,0,0.0,0.0,,0.0,1,0.07,0.09,SPY200619C00337000,337.0,normalDay
2020-06-05,2141.0,2499.0,0.0,100,319.34,294.0,0,0.0,0.0,,0.0,1,0.07,0.42,SPY200619C00337000,337.0,normalDay
2020-06-08,2141.0,2867.0,0.0,100,323.2,294.0,0,0.0,0.0,,0.0,1,0.07,0.6,SPY200619C00337000,337.0,normalDay
2020-06-09,2141.0,2640.0,0.0,100,320.79,294.0,0,0.0,0.0,,0.0,1,0.07,0.46,SPY200619C00337000,337.0,normalDay
2020-06-10,2141.0,2481.0,0.0,100,319.0,294.0,0,0.0,0.0,,0.0,1,0.07,0.26,SPY200619C00337000,337.0,normalDay
2020-06-11,2141.0,661.0,0.0,100,300.61,294.0,0,0.0,0.0,,0.0,1,0.07,0.07,SPY200619C00337000,337.0,normalDay
2020-06-12,2141.0,1024.0,0.0,100,304.21,294.0,0,0.0,0.0,,0.0,1,0.07,0.04,SPY200619C00337000,337.0,normalDay
2020-06-15,2141.0,1309.0,0.0,100,307.05,294.0,0,0.0,0.0,,0.0,1,0.07,0.03,SPY200619C00337000,337.0,normalDay
2020-06-16,2141.0,1899.0,0.0,100,312.96,294.0,0,0.0,0.0,,0.0,1,0.07,0.04,SPY200619C00337000,337.0,normalDay
2020-06-17,2141.0,1771.0,0.0,100,311.66,294.0,0,0.0,0.0,,0.0,1,0.07,0.02,SPY200619C00337000,337.0,normalDay
2020-06-18,2141.0,1784.0,0.0,100,311.78,294.0,0,0.0,0.0,,0.0,1,0.07,0.01,SPY200619C00337000,337.0,normalDay
2020-06-19,2148.0,1464.0,7.0,100,308.64,294.0,0,0.0,0.0,,0.0,1,0.07,0.0,SPY200619C00337000,337.0,expirationDay
2020-06-22,2148.0,1657.0,0.0,100,310.62,294.0,0,0.0,0.0,,0.0,1,2.82,2.87,SPY200821C00335000,335.0,normalDay
2020-06-23,2148.0,1792.0,0.0,100,312.05,294.0,0,0.0,0.0,,0.0,1,2.82,2.95,SPY200821C00335000,335.0,normalDay
2020-06-24,2148.0,1115.0,0.0,100,304.09,294.0,0,0.0,0.0,,0.0,1,2.82,1.76,SPY200821C00335000,335.0,normalDay
2020-06-25,2148.0,1417.0,0.0,100,307.35,294.0,0,0.0,0.0,,0.0,1,2.82,2.0,SPY200821C00335000,335.0,normalDay
2020-06-26,2148.0,766.0,0.0,100,300.05,294.0,0,0.0,0.0,,0.0,1,2.82,1.21,SPY200821C00335000,335.0,normalDay
2020-06-29,2148.0,1205.0,0.0,100,304.46,294.0,0,0.0,0.0,,0.0,1,2.82,1.23,SPY200821C00335000,335.0,normalDay
2020-06-30,2148.0,1568.0,0.0,100,308.36,294.0,0,0.0,0.0,,0.0,1,2.82,1.5,SPY200821C00335000,335.0,normalDay
2020-07-01,2148.0,1767.0,0.0,100,310.52,294.0,0,0.0,0.0,,0.0,1,2.82,1.67,SPY200821C00335000,335.0,normalDay
2020-07-02,2148.0,1928.0,0.0,100,312.23,294.0,0,0.0,0.0,,0.0,1,2.82,1.77,SPY200821C00335000,335.0,normalDay
2020-07-06,2148.0,2325.0,0.0,100,317.05,294.0,0,0.0,0.0,,0.0,1,2.82,2.62,SPY200821C00335000,335.0,normalDay
2020-07-07,2148.0,2061.0,0.0,100,313.78,294.0,0,0.0,0.0,,0.0,1,2.82,1.99,SPY200821C00335000,335.0,normalDay
2020-07-08,2148.0,2280.0,0.0,100,316.18,294.0,0,0.0,0.0,,0.0,1,2.82,2.2,SPY200821C00335000,335.0,normalDay
2020-07-09,2148.0,2139.0,0.0,100,314.38,294.0,0,0.0,0.0,,0.0,1,2.82,1.81,SPY200821C00335000,335.0,normalDay
2020-07-10,2148.0,2408.0,0.0,100,317.59,294.0,0,0.0,0.0,,0.0,1,2.82,2.33,SPY200821C00335000,335.0,normalDay
2020-07-13,2148.0,2159.0,0.0,100,314.84,294.0,0,0.0,0.0,,0.0,1,2.82,2.07,SPY200821C00335000,335.0,normalDay
2020-07-14,2148.0,2525.0,0.0,100,318.92,294.0,0,0.0,0.0,,0.0,1,2.82,2.49,SPY200821C00335000,335.0,normalDay
2020-07-15,2148.0,2747.0,0.0,100,321.85,294.0,0,0.0,0.0,,0.0,1,2.82,3.2,SPY200821C00335000,335.0,normalDay
2020-07-16,2148.0,2721.0,0.0,100,320.79,294.0,0,0.0,0.0,,0.0,1,2.82,2.4,SPY200821C00335000,335.0,normalDay
2020-07-17,2148.0,2798.0,0.0,100,321.72,294.0,0,0.0,0.0,,0.0,1,2.82,2.56,SPY200821C00335000,335.0,normalDay
2020-07-20,2148.0,3037.0,0.0,100,324.32,294.0,0,0.0,0.0,,0.0,1,2.82,2.77,SPY200821C00335000,335.0,normalDay
2020-07-21,2148.0,3082.0,0.0,100,325.01,294.0,0,0.0,0.0,,0.0,1,2.82,3.01,SPY200821C00335000,335.0,normalDay
2020-07-22,2148.0,3251.0,0.0,100,326.86,294.0,0,0.0,0.0,,0.0,1,2.82,3.17,SPY200821C00335000,335.0,normalDay
2020-07-23,2148.0,2976.0,0.0,100,322.96,294.0,0,0.0,0.0,,0.0,1,2.82,2.02,SPY200821C00335000,335.0,normalDay
2020-07-24,2148.0,2819.0,0.0,100,320.88,294.0,0,0.0,0.0,,0.0,1,2.82,1.51,SPY200821C00335000,335.0,normalDay
2020-07-27,2148.0,3047.0,0.0,100,323.22,294.0,0,0.0,0.0,,0.0,1,2.82,1.57,SPY200821C00335000,335.0,normalDay
2020-07-28,2148.0,2884.0,0.0,100,321.17,294.0,0,0.0,0.0,,0.0,1,2.82,1.15,SPY200821C00335000,335.0,normalDay
2020-07-29,2148.0,3216.0,0.0,100,325.12,294.0,0,0.0,0.0,,0.0,1,2.82,1.78,SPY200821C00335000,335.0,normalDay
2020-07-30,2148.0,3113.0,0.0,100,323.96,294.0,0,0.0,0.0,,0.0,1,2.82,1.65,SPY200821C00335000,335.0,normalDay
2020-07-31,2148.0,3335.0,0.0,100,326.52,294.0,0,0.0,0.0,,0.0,1,2.82,1.99,SPY200821C00335000,335.0,normalDay
2020-08-03,2148.0,3518.0,0.0,100,328.79,294.0,0,0.0,0.0,,0.0,1,2.82,2.43,SPY200821C00335000,335.0,normalDay
2020-08-04,2148.0,3623.0,0.0,100,330.06,294.0,0,0.0,0.0,,0.0,1,2.82,2.65,SPY200821C00335000,335.0,normalDay
2020-08-05,2148.0,3780.0,0.0,100,332.11,294.0,0,0.0,0.0,,0.0,1,2.82,3.13,SPY200821C00335000,335.0,normalDay
2020-08-06,2148.0,3906.0,0.0,100,334.33,294.0,0,0.0,0.0,,0.0,1,2.82,4.09,SPY200821C00335000,335.0,normalDay
2020-08-07,2148.0,3950.0,0.0,100,334.57,294.0,0,0.0,0.0,,0.0,1,2.82,3.89,SPY200821C00335000,335.0,normalDay
2020-08-10,2148.0,4048.0,0.0,100,335.57,294.0,0,0.0,0.0,,0.0,1,2.82,3.91,SPY200821C00335000,335.0,normalDay
2020-08-11,2148.0,3868.0,0.0,100,332.8,294.0,0,0.0,0.0,,0.0,1,2.82,2.94,SPY200821C00335000,335.0,normalDay
2020-08-12,2148.0,4147.0,0.0,100,337.44,294.0,0,0.0,0.0,,0.0,1,2.82,4.79,SPY200821C00335000,335.0,normalDay
2020-08-13,2148.0,4162.0,0.0,100,336.83,294.0,0,0.0,0.0,,0.0,1,2.82,4.03,SPY200821C00335000,335.0,normalDay
2020-08-14,2148.0,4200.0,0.0,100,336.84,294.0,0,0.0,0.0,,0.0,1,2.82,3.66,SPY200821C00335000,335.0,normalDay
2020-08-17,2148.0,4287.0,0.0,100,337.91,294.0,0,0.0,0.0,,0.0,1,2.82,3.86,SPY200821C00335000,335.0,normalDay
2020-08-18,2148.0,4315.0,0.0,100,338.64,294.0,0,0.0,0.0,,0.0,1,2.82,4.31,SPY200821C00335000,335.0,normalDay
2020-08-19,2148.0,4298.0,0.0,100,337.23,294.0,0,0.0,0.0,,0.0,1,2.82,3.07,SPY200821C00335000,335.0,normalDay
2020-08-20,2148.0,4368.0,0.0,100,338.28,294.0,0,0.0,0.0,,0.0,1,2.82,3.42,SPY200821C00335000,335.0,normalDay
2020-08-21,6530.0,4368.0,4382.0,0,339.48,0.0,0,0.0,0.0,,0.0,1,2.82,0.0,SPY200821C00335000,335.0,expirationDay
2020-08-24,6530.0,-8.0,0.0,0,342.92,0.0,1,10.95,11.03,SPY201231P00315000,315.0,0,0.0,0.0,,0.0,normalDay
2020-08-25,6530.0,30.0,0.0,0,344.12,0.0,1,10.95,10.65,SPY201231P00315000,315.0,0,0.0,0.0,,0.0,normalDay
2020-08-26,6530.0,60.0,0.0,0,347.57,0.0,1,10.95,10.35,SPY201231P00315000,315.0,0,0.0,0.0,,0.0,normalDay
2020-08-27,6530.0,45.0,0.0,0,348.33,0.0,1,10.95,10.5,SPY201231P00315000,315.0,0,0.0,0.0,,0.0,normalDay
2020-08-28,6530.0,108.0,0.0,0,350.58,0.0,1,10.95,9.87,SPY201231P00315000,315.0,0,0.0,0.0,,0.0,normalDay
2020-08-31,6530.0,4.0,0.0,0,349.31,0.0,1,10.95,10.91,SPY201231P00315000,315.0,0,0.0,0.0,,0.0,normalDay
2020-09-01,6530.0,45.0,0.0,0,352.6,0.0,1,10.95,10.5,SPY201231P00315000,315.0,0,0.0,0.0,,0.0,normalDay
2020-09-02,6530.0,79.0,0.0,0,357.7,0.0,1,10.95,10.16,SPY201231P00315000,315.0,0,0.0,0.0,,0.0,normalDay
2020-09-03,6530.0,-260.0,0.0,0,345.39,0.0,1,10.95,13.55,SPY201231P00315000,315.0,0,0.0,0.0,,0.0,normalDay
2020-09-04,6530.0,-256.0,0.0,0,342.57,0.0,1,10.95,13.51,SPY201231P00315000,315.0,0,0.0,0.0,,0.0,normalDay
2020-09-08,6530.0,-401.0,0.0,0,333.21,0.0,1,10.95,14.96,SPY201231P00315000,315.0,0,0.0,0.0,,0.0,normalDay
2020-09-09,6530.0,-155.0,0.0,0,339.79,0.0,1,10.95,12.5,SPY201231P00315000,315.0,0,0.0,0.0,,0.0,normalDay
2020-09-10,6530.0,-319.0,0.0,0,333.89,0.0,1,10.95,14.14,SPY201231P00315000,315.0,0,0.0,0.0,,0.0,normalDay
2020-09-11,6530.0,-256.0,0.0,0,334.06,0.0,1,10.95,13.51,SPY201231P00315000,315.0,0,0.0,0.0,,0.0,normalDay
2020-09-14,6530.0,-55.0,0.0,0,338.46,0.0,1,10.95,11.5,SPY201231P00315000,315.0,0,0.0,0.0,,0.0,normalDay
2020-09-15,6530.0,-2.0,0.0,0,340.17,0.0,1,10.95,10.97,SPY201231P00315000,315.0,0,0.0,0.0,,0.0,normalDay
2020-09-16,6530.0,-51.0,0.0,0,338.82,0.0,1,10.95,11.46,SPY201231P00315000,315.0,0,0.0,0.0,,0.0,normalDay
2020-09-17,6530.0,-119.0,0.0,0,335.84,0.0,1,10.95,12.14,SPY201231P00315000,315.0,0,0.0,0.0,,0.0,normalDay
2020-09-18,6530.0,-209.0,0.0,0,330.65,0.0,1,10.95,13.04,SPY201231P00315000,315.0,0,0.0,0.0,,0.0,normalDay
2020-09-21,6530.0,-333.0,0.0,0,326.97,0.0,1,10.95,14.28,SPY201231P00315000,315.0,0,0.0,0.0,,0.0,normalDay
2020-09-22,6530.0,-269.0,0.0,0,330.3,0.0,1,10.95,13.64,SPY201231P00315000,315.0,0,0.0,0.0,,0.0,normalDay
2020-09-23,6530.0,-566.0,0.0,0,322.64,0.0,1,10.95,16.61,SPY201231P00315000,315.0,0,0.0,0.0,,0.0,normalDay
2020-09-24,6530.0,-494.0,0.0,0,323.5,0.0,1,10.95,15.89,SPY201231P00315000,315.0,0,0.0,0.0,,0.0,normalDay
2020-09-25,6530.0,-292.0,0.0,0,328.73,0.0,1,10.95,13.87,SPY201231P00315000,315.0,0,0.0,0.0,,0.0,normalDay
2020-09-28,6530.0,-110.0,0.0,0,334.19,0.0,1,10.95,12.05,SPY201231P00315000,315.0,0,0.0,0.0,,0.0,normalDay
2020-09-29,6530.0,-119.0,0.0,0,332.37,0.0,1,10.95,12.14,SPY201231P00315000,315.0,0,0.0,0.0,,0.0,normalDay
2020-09-30,6530.0,-105.0,0.0,0,334.89,0.0,1,10.95,12.0,SPY201231P00315000,315.0,0,0.0,0.0,,0.0,normalDay
2020-10-01,6530.0,-29.0,0.0,0,337.04,0.0,1,10.95,11.24,SPY201231P00315000,315.0,0,0.0,0.0,,0.0,normalDay
2020-10-02,6530.0,-131.0,0.0,0,333.84,0.0,1,10.95,12.26,SPY201231P00315000,315.0,0,0.0,0.0,,0.0,normalDay
2020-10-05,6530.0,80.0,0.0,0,339.76,0.0,1,10.95,10.15,SPY201231P00315000,315.0,0,0.0,0.0,,0.0,normalDay
2020-10-06,6530.0,-34.0,0.0,0,334.93,0.0,1,10.95,11.29,SPY201231P00315000,315.0,0,0.0,0.0,,0.0,normalDay
2020-10-07,6530.0,166.0,0.0,0,340.76,0.0,1,10.95,9.29,SPY201231P00315000,315.0,0,0.0,0.0,,0.0,normalDay
2020-10-08,6530.0,292.0,0.0,0,343.78,0.0,1,10.95,8.03,SPY201231P00315000,315.0,0,0.0,0.0,,0.0,normalDay
2020-10-09,6530.0,421.0,0.0,0,346.85,0.0,1,10.95,6.74,SPY201231P00315000,315.0,0,0.0,0.0,,0.0,normalDay
2020-10-12,6530.0,527.0,0.0,0,352.43,0.0,1,10.95,5.68,SPY201231P00315000,315.0,0,0.0,0.0,,0.0,normalDay
2020-10-13,6530.0,480.0,0.0,0,350.13,0.0,1,10.95,6.15,SPY201231P00315000,315.0,0,0.0,0.0,,0.0,normalDay
2020-10-14,6530.0,457.0,0.0,0,347.93,0.0,1,10.95,6.38,SPY201231P00315000,315.0,0,0.0,0.0,,0.0,normalDay
2020-10-15,6530.0,443.0,0.0,0,347.5,0.0,1,10.95,6.52,SPY201231P00315000,315.0,0,0.0,0.0,,0.0,normalDay
2020-10-16,6530.0,415.0,0.0,0,347.29,0.0,1,10.95,6.8,SPY201231P00315000,315.0,0,0.0,0.0,,0.0,normalDay
2020-10-19,6530.0,306.0,0.0,0,342.01,0.0,1,10.95,7.89,SPY201231P00315000,315.0,0,0.0,0.0,,0.0,normalDay
2020-10-20,6530.0,326.0,0.0,0,343.38,0.0,1,10.95,7.69,SPY201231P00315000,315.0,0,0.0,0.0,,0.0,normalDay
2020-10-21,6530.0,371.0,0.0,0,342.73,0.0,1,10.95,7.24,SPY201231P00315000,315.0,0,0.0,0.0,,0.0,normalDay
2020-10-22,6530.0,413.0,0.0,0,344.61,0.0,1,10.95,6.82,SPY201231P00315000,315.0,0,0.0,0.0,,0.0,normalDay
2020-10-23,6530.0,445.0,0.0,0,345.78,0.0,1,10.95,6.5,SPY201231P00315000,315.0,0,0.0,0.0,,0.0,normalDay
2020-10-26,6530.0,233.0,0.0,0,339.39,0.0,1,10.95,8.62,SPY201231P00315000,315.0,0,0.0,0.0,,0.0,normalDay
2020-10-27,6530.0,204.0,0.0,0,338.22,0.0,1,10.95,8.91,SPY201231P00315000,315.0,0,0.0,0.0,,0.0,normalDay
2020-10-28,6530.0,-333.0,0.0,0,326.66,0.0,1,10.95,14.28,SPY201231P00315000,315.0,0,0.0,0.0,,0.0,normalDay
2020-10-29,6530.0,-70.0,0.0,0,329.98,0.0,1,10.95,11.65,SPY201231P00315000,315.0,0,0.0,0.0,,0.0,normalDay
2020-10-30,6530.0,-196.0,0.0,0,326.54,0.0,1,10.95,12.91,SPY201231P00315000,315.0,0,0.0,0.0,,0.0,normalDay
2020-11-02,6530.0,-3.0,0.0,0,330.2,0.0,1,10.95,10.98,SPY201231P00315000,315.0,0,0.0,0.0,,0.0,normalDay
2020-11-03,6530.0,188.0,0.0,0,336.03,0.0,1,10.95,9.07,SPY201231P00315000,315.0,0,0.0,0.0,,0.0,normalDay
2020-11-04,6530.0,497.0,0.0,0,343.54,0.0,1,10.95,5.98,SPY201231P00315000,315.0,0,0.0,0.0,,0.0,normalDay
2020-11-05,6530.0,625.0,0.0,0,350.24,0.0,1,10.95,4.7,SPY201231P00315000,315.0,0,0.0,0.0,,0.0,normalDay
2020-11-06,6530.0,701.0,0.0,0,350.16,0.0,1,10.95,3.94,SPY201231P00315000,315.0,0,0.0,0.0,,0.0,normalDay
2020-11-09,6530.0,787.0,0.0,0,354.56,0.0,1,10.95,3.08,SPY201231P00315000,315.0,0,0.0,0.0,,0.0,normalDay
2020-11-10,6530.0,802.0,0.0,0,354.04,0.0,1,10.95,2.93,SPY201231P00315000,315.0,0,0.0,0.0,,0.0,normalDay
2020-11-11,6530.0,850.0,0.0,0,356.67,0.0,1,10.95,2.45,SPY201231P00315000,315.0,0,0.0,0.0,,0.0,normalDay
2020-11-12,6530.0,790.0,0.0,0,353.21,0.0,1,10.95,3.05,SPY201231P00315000,315.0,0,0.0,0.0,,0.0,normalDay
2020-11-13,6530.0,871.0,0.0,0,358.1,0.0,1,10.95,2.24,SPY201231P00315000,315.0,0,0.0,0.0,,0.0,normalDay
2020-11-16,6530.0,924.0,0.0,0,362.57,0.0,1,10.95,1.71,SPY201231P00315000,315.0,0,0.0,0.0,,0.0,normalDay
2020-11-17,6530.0,923.0,0.0,0,360.62,0.0,1,10.95,1.72,SPY201231P00315000,315.0,0,0.0,0.0,,0.0,normalDay
2020-11-18,6530.0,889.0,0.0,0,356.28,0.0,1,10.95,2.06,SPY201231P00315000,315.0,0,0.0,0.0,,0.0,normalDay
2020-11-19,6530.0,919.0,0.0,0,357.78,0.0,1,10.95,1.76,SPY201231P00315000,315.0,0,0.0,0.0,,0.0,normalDay
2020-11-20,6530.0,901.0,0.0,0,355.33,0.0,1,10.95,1.94,SPY201231P00315000,315.0,0,0.0,0.0,,0.0,normalDay
2020-11-23,6530.0,943.0,0.0,0,357.46,0.0,1,10.95,1.52,SPY201231P00315000,315.0,0,0.0,0.0,,0.0,normalDay
2020-11-24,6530.0,986.0,0.0,0,363.22,0.0,1,10.95,1.09,SPY201231P00315000,315.0,0,0.0,0.0,,0.0,normalDay
2020-11-25,6530.0,993.0,0.0,0,362.66,0.0,1,10.95,1.02,SPY201231P00315000,315.0,0,0.0,0.0,,0.0,normalDay
2020-11-27,6530.0,1012.0,0.0,0,363.67,0.0,1,10.95,0.83,SPY201231P00315000,315.0,0,0.0,0.0,,0.0,normalDay
2020-11-30,6530.0,1024.0,0.0,0,362.06,0.0,1,10.95,0.71,SPY201231P00315000,315.0,0,0.0,0.0,,0.0,normalDay
2020-12-01,6530.0,1029.0,0.0,0,366.02,0.0,1,10.95,0.66,SPY201231P00315000,315.0,0,0.0,0.0,,0.0,normalDay
2020-12-02,6530.0,1031.0,0.0,0,366.79,0.0,1,10.95,0.64,SPY201231P00315000,315.0,0,0.0,0.0,,0.0,normalDay
2020-12-03,6530.0,1030.0,0.0,0,366.69,0.0,1,10.95,0.65,SPY201231P00315000,315.0,0,0.0,0.0,,0.0,normalDay
2020-12-04,6530.0,1048.0,0.0,0,369.85,0.0,1,10.95,0.47,SPY201231P00315000,315.0,0,0.0,0.0,,0.0,normalDay
2020-12-07,6530.0,1055.0,0.0,0,369.09,0.0,1,10.95,0.4,SPY201231P00315000,315.0,0,0.0,0.0,,0.0,normalDay
2020-12-08,6530.0,1063.0,0.0,0,370.17,0.0,1,10.95,0.32,SPY201231P00315000,315.0,0,0.0,0.0,,0.0,normalDay
2020-12-09,6530.0,1053.0,0.0,0,366.85,0.0,1,10.95,0.42,SPY201231P00315000,315.0,0,0.0,0.0,,0.0,normalDay
2020-12-10,6530.0,1054.0,0.0,0,366.73,0.0,1,10.95,0.41,SPY201231P00315000,315.0,0,0.0,0.0,,0.0,normalDay
2020-12-11,6530.0,1052.0,0.0,0,366.3,0.0,1,10.95,0.43,SPY201231P00315000,315.0,0,0.0,0.0,,0.0,normalDay
2020-12-14,6530.0,1044.0,0.0,0,364.66,0.0,1,10.95,0.51,SPY201231P00315000,315.0,0,0.0,0.0,,0.0,normalDay
2020-12-15,6530.0,1064.0,0.0,0,369.59,0.0,1,10.95,0.31,SPY201231P00315000,315.0,0,0.0,0.0,,0.0,normalDay
2020-12-16,6530.0,1070.0,0.0,0,370.17,0.0,1,10.95,0.25,SPY201231P00315000,315.0,0,0.0,0.0,,0.0,normalDay
2020-12-17,6530.0,1074.0,0.0,0,372.24,0.0,1,10.95,0.21,SPY201231P00315000,315.0,0,0.0,0.0,,0.0,normalDay
2020-12-18,6530.0,1082.0,0.0,0,369.18,0.0,1,10.95,0.13,SPY201231P00315000,315.0,0,0.0,0.0,,0.0,normalDay
2020-12-21,6530.0,1080.0,0.0,0,367.86,0.0,1,10.95,0.15,SPY201231P00315000,315.0,0,0.0,0.0,,0.0,normalDay
2020-12-22,6530.0,1084.0,0.0,0,367.24,0.0,1,10.95,0.11,SPY201231P00315000,315.0,0,0.0,0.0,,0.0,normalDay
2020-12-23,6530.0,1087.0,0.0,0,367.57,0.0,1,10.95,0.08,SPY201231P00315000,315.0,0,0.0,0.0,,0.0,normalDay
2020-12-24,6530.0,1092.0,0.0,0,369.0,0.0,1,10.95,0.03,SPY201231P00315000,315.0,0,0.0,0.0,,0.0,normalDay
2020-12-28,6530.0,1094.0,0.0,0,372.17,0.0,1,10.95,0.01,SPY201231P00315000,315.0,0,0.0,0.0,,0.0,normalDay
2020-12-29,6530.0,1094.0,0.0,0,371.46,0.0,1,10.95,0.01,SPY201231P00315000,315.0,0,0.0,0.0,,0.0,normalDay
2020-12-30,6530.0,1094.0,0.0,0,371.99,0.0,1,10.95,0.01,SPY201231P00315000,315.0,0,0.0,0.0,,0.0,normalDay
2020-12-31,7625.0,0.0,1095.0,0,373.88,0.0,1,10.95,0.0,SPY201231P00315000,315.0,0,0.0,0.0,,0.0,expirationDay
2021-01-04,7625.0,-13.0,0.0,0,368.79,0.0,1,17.52,17.65,SPY210521P00362000,362.0,0,0.0,0.0,,0.0,normalDay
2021-01-05,7625.0,115.0,0.0,0,371.33,0.0,1,17.52,16.37,SPY210521P00362000,362.0,0,0.0,0.0,,0.0,normalDay
2021-01-06,7625.0,184.0,0.0,0,373.55,0.0,1,17.52,15.68,SPY210521P00362000,362.0,0,0.0,0.0,,0.0,normalDay
2021-01-07,7625.0,425.0,0.0,0,379.1,0.0,1,17.52,13.27,SPY210521P00362000,362.0,0,0.0,0.0,,0.0,normalDay
2021-01-08,7625.0,502.0,0.0,0,381.26,0.0,1,17.52,12.5,SPY210521P00362000,362.0,0,0.0,0.0,,0.0,normalDay
2021-01-11,7625.0,360.0,0.0,0,378.69,0.0,1,17.52,13.92,SPY210521P00362000,362.0,0,0.0,0.0,,0.0,normalDay
2021-01-12,7625.0,394.0,0.0,0,378.77,0.0,1,17.52,13.58,SPY210521P00362000,362.0,0,0.0,0.0,,0.0,normalDay
2021-01-13,7625.0,460.0,0.0,0,379.79,0.0,1,17.52,12.92,SPY210521P00362000,362.0,0,0.0,0.0,,0.0,normalDay
2021-01-14,7625.0,397.0,0.0,0,378.46,0.0,1,17.52,13.55,SPY210521P00362000,362.0,0,0.0,0.0,,0.0,normalDay
2021-01-15,7625.0,259.0,0.0,0,375.7,0.0,1,17.52,14.93,SPY210521P00362000,362.0,0,0.0,0.0,,0.0,normalDay
2021-01-19,7625.0,410.0,0.0,0,378.65,0.0,1,17.52,13.42,SPY210521P00362000,362.0,0,0.0,0.0,,0.0,normalDay
2021-01-20,7625.0,590.0,0.0,0,383.89,0.0,1,17.52,11.62,SPY210521P00362000,362.0,0,0.0,0.0,,0.0,normalDay
2021-01-21,7625.0,604.0,0.0,0,384.24,0.0,1,17.52,11.48,SPY210521P00362000,362.0,0,0.0,0.0,,0.0,normalDay
2021-01-22,7625.0,560.0,0.0,0,382.88,0.0,1,17.52,11.92,SPY210521P00362000,362.0,0,0.0,0.0,,0.0,normalDay
2021-01-25,7625.0,568.0,0.0,0,384.39,0.0,1,17.52,11.84,SPY210521P00362000,362.0,0,0.0,0.0,,0.0,normalDay
2021-01-26,7625.0,560.0,0.0,0,383.79,0.0,1,17.52,11.92,SPY210521P00362000,362.0,0,0.0,0.0,,0.0,normalDay
2021-01-27,7625.0,-32.0,0.0,0,374.41,0.0,1,17.52,17.84,SPY210521P00362000,362.0,0,0.0,0.0,,0.0,normalDay
2021-01-28,7625.0,200.0,0.0,0,377.63,0.0,1,17.52,15.52,SPY210521P00362000,362.0,0,0.0,0.0,,0.0,normalDay
2021-01-29,7625.0,-201.0,0.0,0,370.07,0.0,1,17.52,19.53,SPY210521P00362000,362.0,0,0.0,0.0,,0.0,normalDay
2021-02-01,7625.0,143.0,0.0,0,376.23,0.0,1,17.52,16.09,SPY210521P00362000,362.0,0,0.0,0.0,,0.0,normalDay
2021-02-02,7625.0,476.0,0.0,0,381.55,0.0,1,17.52,12.76,SPY210521P00362000,362.0,0,0.0,0.0,,0.0,normalDay
2021-02-03,7625.0,565.0,0.0,0,381.85,0.0,1,17.52,11.87,SPY210521P00362000,362.0,0,0.0,0.0,,0.0,normalDay
2021-02-04,7625.0,704.0,0.0,0,386.19,0.0,1,17.52,10.48,SPY210521P00362000,362.0,0,0.0,0.0,,0.0,normalDay
2021-02-05,7625.0,750.0,0.0,0,387.71,0.0,1,17.52,10.02,SPY210521P00362000,362.0,0,0.0,0.0,,0.0,normalDay
2021-02-08,7625.0,824.0,0.0,0,390.51,0.0,1,17.52,9.28,SPY210521P00362000,362.0,0,0.0,0.0,,0.0,normalDay
2021-02-09,7625.0,821.0,0.0,0,390.25,0.0,1,17.52,9.31,SPY210521P00362000,362.0,0,0.0,0.0,,0.0,normalDay
2021-02-10,7625.0,797.0,0.0,0,390.08,0.0,1,17.52,9.55,SPY210521P00362000,362.0,0,0.0,0.0,,0.0,normalDay
2021-02-11,7625.0,831.0,0.0,0,390.71,0.0,1,17.52,9.21,SPY210521P00362000,362.0,0,0.0,0.0,,0.0,normalDay
2021-02-12,7625.0,919.0,0.0,0,392.64,0.0,1,17.52,8.33,SPY210521P00362000,362.0,0,0.0,0.0,,0.0,normalDay
2021-02-16,7625.0,907.0,0.0,0,392.3,0.0,1,17.52,8.45,SPY210521P00362000,362.0,0,0.0,0.0,,0.0,normalDay
2021-02-17,7625.0,928.0,0.0,0,392.39,0.0,1,17.52,8.24,SPY210521P00362000,362.0,0,0.0,0.0,,0.0,normalDay
2021-02-18,7625.0,882.0,0.0,0,390.72,0.0,1,17.52,8.7,SPY210521P00362000,362.0,0,0.0,0.0,,0.0,normalDay
2021-02-19,7625.0,898.0,0.0,0,390.03,0.0,1,17.52,8.54,SPY210521P00362000,362.0,0,0.0,0.0,,0.0,normalDay
2021-02-22,7625.0,831.0,0.0,0,387.03,0.0,1,17.52,9.21,SPY210521P00362000,362.0,0,0.0,0.0,,0.0,normalDay
2021-02-23,7625.0,880.0,0.0,0,387.5,0.0,1,17.52,8.72,SPY210521P00362000,362.0,0,0.0,0.0,,0.0,normalDay
2021-02-24,7625.0,1021.0,0.0,0,391.77,0.0,1,17.52,7.31,SPY210521P00362000,362.0,0,0.0,0.0,,0.0,normalDay
2021-02-25,7625.0,660.0,0.0,0,382.33,0.0,1,17.52,10.92,SPY210521P00362000,362.0,0,0.0,0.0,,0.0,normalDay
2021-02-26,7625.0,670.0,0.0,0,380.36,0.0,1,17.52,10.82,SPY210521P00362000,362.0,0,0.0,0.0,,0.0,normalDay
2021-03-01,7625.0,996.0,0.0,0,389.58,0.0,1,17.52,7.56,SPY210521P00362000,362.0,0,0.0,0.0,,0.0,normalDay
2021-03-02,7625.0,921.0,0.0,0,386.54,0.0,1,17.52,8.31,SPY210521P00362000,362.0,0,0.0,0.0,,0.0,normalDay
2021-03-03,7625.0,769.0,0.0,0,381.42,0.0,1,17.52,9.83,SPY210521P00362000,362.0,0,0.0,0.0,,0.0,normalDay
2021-03-04,7625.0,609.0,0.0,0,376.7,0.0,1,17.52,11.43,SPY210521P00362000,362.0,0,0.0,0.0,,0.0,normalDay
2021-03-05,7625.0,886.0,0.0,0,383.63,0.0,1,17.52,8.66,SPY210521P00362000,362.0,0,0.0,0.0,,0.0,normalDay
2021-03-08,7625.0,855.0,0.0,0,381.72,0.0,1,17.52,8.97,SPY210521P00362000,362.0,0,0.0,0.0,,0.0,normalDay
2021-03-09,7625.0,1010.0,0.0,0,387.17,0.0,1,17.52,7.42,SPY210521P00362000,362.0,0,0.0,0.0,,0.0,normalDay
2021-03-10,7625.0,1092.0,0.0,0,389.58,0.0,1,17.52,6.6,SPY210521P00362000,362.0,0,0.0,0.0,,0.0,normalDay
2021-03-11,7625.0,1174.0,0.0,0,393.53,0.0,1,17.52,5.78,SPY210521P00362000,362.0,0,0.0,0.0,,0.0,normalDay
2021-03-12,7625.0,1225.0,0.0,0,394.06,0.0,1,17.52,5.27,SPY210521P00362000,362.0,0,0.0,0.0,,0.0,normalDay
2021-03-15,7625.0,1304.0,0.0,0,396.41,0.0,1,17.52,4.48,SPY210521P00362000,362.0,0,0.0,0.0,,0.0,normalDay
2021-03-16,7625.0,1302.0,0.0,0,395.91,0.0,1,17.52,4.5,SPY210521P00362000,362.0,0,0.0,0.0,,0.0,normalDay
2021-03-17,7625.0,1352.0,0.0,0,397.26,0.0,1,17.52,4.0,SPY210521P00362000,362.0,0,0.0,0.0,,0.0,normalDay
2021-03-18,7625.0,1252.0,0.0,0,391.48,0.0,1,17.52,5.0,SPY210521P00362000,362.0,0,0.0,0.0,,0.0,normalDay
2021-03-19,7625.0,1252.0,0.0,0,389.48,0.0,1,17.52,5.0,SPY210521P00362000,362.0,0,0.0,0.0,,0.0,normalDay
2021-03-22,7625.0,1390.0,0.0,0,392.59,0.0,1,17.52,3.62,SPY210521P00362000,362.0,0,0.0,0.0,,0.0,normalDay
2021-03-23,7625.0,1323.0,0.0,0,389.5,0.0,1,17.52,4.29,SPY210521P00362000,362.0,0,0.0,0.0,,0.0,normalDay
2021-03-24,7625.0,1285.0,0.0,0,387.52,0.0,1,17.52,4.67,SPY210521P00362000,362.0,0,0.0,0.0,,0.0,normalDay
2021-03-25,7625.0,1360.0,0.0,0,389.7,0.0,1,17.52,3.92,SPY210521P00362000,362.0,0,0.0,0.0,,0.0,normalDay
2021-03-26,7625.0,1455.0,0.0,0,395.98,0.0,1,17.52,2.97,SPY210521P00362000,362.0,0,0.0,0.0,,0.0,normalDay
2021-03-29,7625.0,1435.0,0.0,0,395.78,0.0,1,17.52,3.17,SPY210521P00362000,362.0,0,0.0,0.0,,0.0,normalDay
2021-03-30,7625.0,1457.0,0.0,0,394.73,0.0,1,17.52,2.95,SPY210521P00362000,362.0,0,0.0,0.0,,0.0,normalDay
2021-03-31,7625.0,1492.0,0.0,0,396.33,0.0,1,17.52,2.6,SPY210521P00362000,362.0,0,0.0,0.0,,0.0,normalDay
2021-04-01,7625.0,1561.0,0.0,0,400.61,0.0,1,17.52,1.91,SPY210521P00362000,362.0,0,0.0,0.0,,0.0,normalDay
2021-04-05,7625.0,1609.0,0.0,0,406.36,0.0,1,17.52,1.43,SPY210521P00362000,362.0,0,0.0,0.0,,0.0,normalDay
2021-04-06,7625.0,1608.0,0.0,0,406.12,0.0,1,17.52,1.44,SPY210521P00362000,362.0,0,0.0,0.0,,0.0,normalDay
2021-04-07,7625.0,1627.0,0.0,0,406.59,0.0,1,17.52,1.25,SPY210521P00362000,362.0,0,0.0,0.0,,0.0,normalDay
2021-04-08,7625.0,1642.0,0.0,0,408.52,0.0,1,17.52,1.1,SPY210521P00362000,362.0,0,0.0,0.0,,0.0,normalDay
2021-04-09,7625.0,1652.0,0.0,0,411.49,0.0,1,17.52,1.0,SPY210521P00362000,362.0,0,0.0,0.0,,0.0,normalDay
2021-04-12,7625.0,1665.0,0.0,0,411.64,0.0,1,17.52,0.87,SPY210521P00362000,362.0,0,0.0,0.0,,0.0,normalDay
2021-04-13,7625.0,1676.0,0.0,0,412.86,0.0,1,17.52,0.76,SPY210521P00362000,362.0,0,0.0,0.0,,0.0,normalDay
2021-04-14,7625.0,1672.0,0.0,0,411.45,0.0,1,17.52,0.8,SPY210521P00362000,362.0,0,0.0,0.0,,0.0,normalDay
2021-04-15,7625.0,1688.0,0.0,0,415.87,0.0,1,17.52,0.64,SPY210521P00362000,362.0,0,0.0,0.0,,0.0,normalDay
2021-04-16,7625.0,1693.0,0.0,0,417.26,0.0,1,17.52,0.59,SPY210521P00362000,362.0,0,0.0,0.0,,0.0,normalDay
2021-04-19,7625.0,1691.0,0.0,0,415.21,0.0,1,17.52,0.61,SPY210521P00362000,362.0,0,0.0,0.0,,0.0,normalDay
2021-04-20,7625.0,1675.0,0.0,0,412.17,0.0,1,17.52,0.77,SPY210521P00362000,362.0,0,0.0,0.0,,0.0,normalDay
2021-04-21,7625.0,1699.0,0.0,0,416.07,0.0,1,17.52,0.53,SPY210521P00362000,362.0,0,0.0,0.0,,0.0,normalDay
2021-04-22,7625.0,1683.0,0.0,0,412.27,0.0,1,17.52,0.69,SPY210521P00362000,362.0,0,0.0,0.0,,0.0,normalDay
2021-04-23,7625.0,1710.0,0.0,0,416.74,0.0,1,17.52,0.42,SPY210521P00362000,362.0,0,0.0,0.0,,0.0,normalDay
2021-04-26,7625.0,1717.0,0.0,0,417.61,0.0,1,17.52,0.35,SPY210521P00362000,362.0,0,0.0,0.0,,0.0,normalDay
2021-04-27,7625.0,1721.0,0.0,0,417.52,0.0,1,17.52,0.31,SPY210521P00362000,362.0,0,0.0,0.0,,0.0,normalDay
2021-04-28,7625.0,1725.0,0.0,0,417.4,0.0,1,17.52,0.27,SPY210521P00362000,362.0,0,0.0,0.0,,0.0,normalDay
2021-04-29,7625.0,1726.0,0.0,0,420.06,0.0,1,17.52,0.26,SPY210521P00362000,362.0,0,0.0,0.0,,0.0,normalDay
2021-04-30,7625.0,1717.0,0.0,0,417.3,0.0,1,17.52,0.35,SPY210521P00362000,362.0,0,0.0,0.0,,0.0,normalDay
2021-05-03,7625.0,1723.0,0.0,0,418.2,0.0,1,17.52,0.29,SPY210521P00362000,362.0,0,0.0,0.0,,0.0,normalDay
2021-05-04,7625.0,1721.0,0.0,0,415.62,0.0,1,17.52,0.31,SPY210521P00362000,362.0,0,0.0,0.0,,0.0,normalDay
2021-05-05,7625.0,1722.0,0.0,0,415.75,0.0,1,17.52,0.3,SPY210521P00362000,362.0,0,0.0,0.0,,0.0,normalDay
2021-05-06,7625.0,1728.0,0.0,0,419.07,0.0,1,17.52,0.24,SPY210521P00362000,362.0,0,0.0,0.0,,0.0,normalDay
2021-05-07,7625.0,1734.0,0.0,0,422.12,0.0,1,17.52,0.18,SPY210521P00362000,362.0,0,0.0,0.0,,0.0,normalDay
2021-05-10,7625.0,1729.0,0.0,0,417.94,0.0,1,17.52,0.23,SPY210521P00362000,362.0,0,0.0,0.0,,0.0,normalDay
2021-05-11,7625.0,1727.0,0.0,0,414.21,0.0,1,17.52,0.25,SPY210521P00362000,362.0,0,0.0,0.0,,0.0,normalDay
2021-05-12,7625.0,1689.0,0.0,0,405.41,0.0,1,17.52,0.63,SPY210521P00362000,362.0,0,0.0,0.0,,0.0,normalDay
2021-05-13,7625.0,1727.0,0.0,0,410.28,0.0,1,17.52,0.25,SPY210521P00362000,362.0,0,0.0,0.0,,0.0,normalDay
2021-05-14,7625.0,1744.0,0.0,0,416.58,0.0,1,17.52,0.08,SPY210521P00362000,362.0,0,0.0,0.0,,0.0,normalDay
2021-05-17,7625.0,1747.0,0.0,0,415.52,0.0,1,17.52,0.05,SPY210521P00362000,362.0,0,0.0,0.0,,0.0,normalDay
2021-05-18,7625.0,1748.0,0.0,0,411.94,0.0,1,17.52,0.04,SPY210521P00362000,362.0,0,0.0,0.0,,0.0,normalDay
2021-05-19,7625.0,1749.0,0.0,0,410.86,0.0,1,17.52,0.03,SPY210521P00362000,362.0,0,0.0,0.0,,0.0,normalDay
2021-05-20,7625.0,1751.0,0.0,0,415.28,0.0,1,17.52,0.01,SPY210521P00362000,362.0,0,0.0,0.0,,0.0,normalDay
2021-05-21,9377.0,0.0,1752.0,0,414.94,0.0,1,17.52,0.0,SPY210521P00362000,362.0,0,0.0,0.0,,0.0,expirationDay
2021-05-24,9377.0,-5.0,0.0,0,419.17,0.0,1,12.51,12.56,SPY210930P00403000,403.0,0,0.0,0.0,,0.0,normalDay
2021-05-25,9377.0,-40.0,0.0,0,418.24,0.0,1,12.51,12.91,SPY210930P00403000,403.0,0,0.0,0.0,,0.0,normalDay
2021-05-26,9377.0,49.0,0.0,0,419.07,0.0,1,12.51,12.02,SPY210930P00403000,403.0,0,0.0,0.0,,0.0,normalDay
2021-05-27,9377.0,139.0,0.0,0,419.29,0.0,1,12.51,11.12,SPY210930P00403000,403.0,0,0.0,0.0,,0.0,normalDay
2021-05-28,9377.0,163.0,0.0,0,420.04,0.0,1,12.51,10.88,SPY210930P00403000,403.0,0,0.0,0.0,,0.0,normalDay
2021-06-01,9377.0,124.0,0.0,0,419.67,0.0,1,12.51,11.27,SPY210930P00403000,403.0,0,0.0,0.0,,0.0,normalDay
2021-06-02,9377.0,152.0,0.0,0,420.33,0.0,1,12.51,10.99,SPY210930P00403000,403.0,0,0.0,0.0,,0.0,normalDay
2021-06-03,9377.0,89.0,0.0,0,418.77,0.0,1,12.51,11.62,SPY210930P00403000,403.0,0,0.0,0.0,,0.0,normalDay
2021-06-04,9377.0,239.0,0.0,0,422.6,0.0,1,12.51,10.12,SPY210930P00403000,403.0,0,0.0,0.0,,0.0,normalDay
2021-06-07,9377.0,274.0,0.0,0,422.19,0.0,1,12.51,9.77,SPY210930P00403000,403.0,0,0.0,0.0,,0.0,normalDay
2021-06-08,9377.0,265.0,0.0,0,422.28,0.0,1,12.51,9.86,SPY210930P00403000,403.0,0,0.0,0.0,,0.0,normalDay
2021-06-09,9377.0,231.0,0.0,0,421.65,0.0,1,12.51,10.2,SPY210930P00403000,403.0,0,0.0,0.0,,0.0,normalDay
2021-06-10,9377.0,361.0,0.0,0,423.61,0.0,1,12.51,8.9,SPY210930P00403000,403.0,0,0.0,0.0,,0.0,normalDay
2021-06-11,9377.0,401.0,0.0,0,424.31,0.0,1,12.51,8.5,SPY210930P00403000,403.0,0,0.0,0.0,,0.0,normalDay
2021-06-14,9377.0,414.0,0.0,0,425.26,0.0,1,12.51,8.37,SPY210930P00403000,403.0,0,0.0,0.0,,0.0,normalDay
2021-06-15,9377.0,377.0,0.0,0,424.48,0.0,1,12.51,8.74,SPY210930P00403000,403.0,0,0.0,0.0,,0.0,normalDay
2021-06-16,9377.0,302.0,0.0,0,422.11,0.0,1,12.51,9.49,SPY210930P00403000,403.0,0,0.0,0.0,,0.0,normalDay
2021-06-17,9377.0,323.0,0.0,0,421.97,0.0,1,12.51,9.28,SPY210930P00403000,403.0,0,0.0,0.0,,0.0,normalDay
2021-06-18,9377.0,56.0,0.0,0,414.92,0.0,1,12.51,11.95,SPY210930P00403000,403.0,0,0.0,0.0,,0.0,normalDay
2021-06-21,9377.0,340.0,0.0,0,420.86,0.0,1,12.51,9.11,SPY210930P00403000,403.0,0,0.0,0.0,,0.0,normalDay
2021-06-22,9377.0,431.0,0.0,0,423.11,0.0,1,12.51,8.2,SPY210930P00403000,403.0,0,0.0,0.0,,0.0,normalDay
2021-06-23,9377.0,455.0,0.0,0,422.6,0.0,1,12.51,7.96,SPY210930P00403000,403.0,0,0.0,0.0,,0.0,normalDay
2021-06-24,9377.0,527.0,0.0,0,425.1,0.0,1,12.51,7.24,SPY210930P00403000,403.0,0,0.0,0.0,,0.0,normalDay
2021-06-25,9377.0,580.0,0.0,0,426.61,0.0,1,12.51,6.71,SPY210930P00403000,403.0,0,0.0,0.0,,0.0,normalDay
2021-06-28,9377.0,608.0,0.0,0,427.47,0.0,1,12.51,6.43,SPY210930P00403000,403.0,0,0.0,0.0,,0.0,normalDay
2021-06-29,9377.0,606.0,0.0,0,427.7,0.0,1,12.51,6.45,SPY210930P00403000,403.0,0,0.0,0.0,,0.0,normalDay
2021-06-30,9377.0,617.0,0.0,0,428.06,0.0,1,12.51,6.34,SPY210930P00403000,403.0,0,0.0,0.0,,0.0,normalDay
2021-07-01,9377.0,650.0,0.0,0,430.43,0.0,1,12.51,6.01,SPY210930P00403000,403.0,0,0.0,0.0,,0.0,normalDay
2021-07-02,9377.0,708.0,0.0,0,433.72,0.0,1,12.51,5.43,SPY210930P00403000,403.0,0,0.0,0.0,,0.0,normalDay
2021-07-06,9377.0,680.0,0.0,0,432.93,0.0,1,12.51,5.71,SPY210930P00403000,403.0,0,0.0,0.0,,0.0,normalDay
2021-07-07,9377.0,698.0,0.0,0,434.46,0.0,1,12.51,5.53,SPY210930P00403000,403.0,0,0.0,0.0,,0.0,normalDay
2021-07-08,9377.0,581.0,0.0,0,430.92,0.0,1,12.51,6.7,SPY210930P00403000,403.0,0,0.0,0.0,,0.0,normalDay
2021-07-09,9377.0,729.0,0.0,0,435.52,0.0,1,12.51,5.22,SPY210930P00403000,403.0,0,0.0,0.0,,0.0,normalDay
2021-07-12,9377.0,760.0,0.0,0,437.08,0.0,1,12.51,4.91,SPY210930P00403000,403.0,0,0.0,0.0,,0.0,normalDay
2021-07-13,9377.0,707.0,0.0,0,435.59,0.0,1,12.51,5.44,SPY210930P00403000,403.0,0,0.0,0.0,,0.0,normalDay
2021-07-14,9377.0,745.0,0.0,0,436.24,0.0,1,12.51,5.06,SPY210930P00403000,403.0,0,0.0,0.0,,0.0,normalDay
2021-07-15,9377.0,705.0,0.0,0,434.75,0.0,1,12.51,5.46,SPY210930P00403000,403.0,0,0.0,0.0,,0.0,normalDay
2021-07-16,9377.0,626.0,0.0,0,431.34,0.0,1,12.51,6.25,SPY210930P00403000,403.0,0,0.0,0.0,,0.0,normalDay
2021-07-19,9377.0,411.0,0.0,0,424.97,0.0,1,12.51,8.4,SPY210930P00403000,403.0,0,0.0,0.0,,0.0,normalDay
2021-07-20,9377.0,613.0,0.0,0,431.06,0.0,1,12.51,6.38,SPY210930P00403000,403.0,0,0.0,0.0,,0.0,normalDay
2021-07-21,9377.0,735.0,0.0,0,434.55,0.0,1,12.51,5.16,SPY210930P00403000,403.0,0,0.0,0.0,,0.0,normalDay
2021-07-22,9377.0,752.0,0.0,0,435.46,0.0,1,12.51,4.99,SPY210930P00403000,403.0,0,0.0,0.0,,0.0,normalDay
2021-07-23,9377.0,820.0,0.0,0,439.94,0.0,1,12.51,4.31,SPY210930P00403000,403.0,0,0.0,0.0,,0.0,normalDay
2021-07-26,9377.0,851.0,0.0,0,441.02,0.0,1,12.51,4.0,SPY210930P00403000,403.0,0,0.0,0.0,,0.0,normalDay
2021-07-27,9377.0,784.0,0.0,0,439.01,0.0,1,12.51,4.67,SPY210930P00403000,403.0,0,0.0,0.0,,0.0,normalDay
2021-07-28,9377.0,817.0,0.0,0,438.83,0.0,1,12.51,4.34,SPY210930P00403000,403.0,0,0.0,0.0,,0.0,normalDay
2021-07-29,9377.0,870.0,0.0,0,440.65,0.0,1,12.51,3.81,SPY210930P00403000,403.0,0,0.0,0.0,,0.0,normalDay
2021-07-30,9377.0,846.0,0.0,0,438.51,0.0,1,12.51,4.05,SPY210930P00403000,403.0,0,0.0,0.0,,0.0,normalDay
2021-08-02,9377.0,814.0,0.0,0,437.59,0.0,1,12.51,4.37,SPY210930P00403000,403.0,0,0.0,0.0,,0.0,normalDay
2021-08-03,9377.0,895.0,0.0,0,441.15,0.0,1,12.51,3.56,SPY210930P00403000,403.0,0,0.0,0.0,,0.0,normalDay
2021-08-04,9377.0,885.0,0.0,0,438.98,0.0,1,12.51,3.66,SPY210930P00403000,403.0,0,0.0,0.0,,0.0,normalDay
2021-08-05,9377.0,932.0,0.0,0,441.76,0.0,1,12.51,3.19,SPY210930P00403000,403.0,0,0.0,0.0,,0.0,normalDay
2021-08-06,9377.0,971.0,0.0,0,442.49,0.0,1,12.51,2.8,SPY210930P00403000,403.0,0,0.0,0.0,,0.0,normalDay
2021-08-09,9377.0,976.0,0.0,0,442.13,0.0,1,12.51,2.75,SPY210930P00403000,403.0,0,0.0,0.0,,0.0,normalDay
2021-08-10,9377.0,982.0,0.0,0,442.68,0.0,1,12.51,2.69,SPY210930P00403000,403.0,0,0.0,0.0,,0.0,normalDay
2021-08-11,9377.0,1012.0,0.0,0,443.78,0.0,1,12.51,2.39,SPY210930P00403000,403.0,0,0.0,0.0,,0.0,normalDay
2021-08-12,9377.0,1039.0,0.0,0,445.11,0.0,1,12.51,2.12,SPY210930P00403000,403.0,0,0.0,0.0,,0.0,normalDay
2021-08-13,9377.0,1053.0,0.0,0,445.92,0.0,1,12.51,1.98,SPY210930P00403000,403.0,0,0.0,0.0,,0.0,normalDay
2021-08-16,9377.0,1065.0,0.0,0,446.97,0.0,1,12.51,1.86,SPY210930P00403000,403.0,0,0.0,0.0,,0.0,normalDay
2021-08-17,9377.0,1011.0,0.0,0,444.04,0.0,1,12.51,2.4,SPY210930P00403000,403.0,0,0.0,0.0,,0.0,normalDay
2021-08-18,9377.0,905.0,0.0,0,439.18,0.0,1,12.51,3.46,SPY210930P00403000,403.0,0,0.0,0.0,,0.0,normalDay
2021-08-19,9377.0,909.0,0.0,0,439.86,0.0,1,12.51,3.42,SPY210930P00403000,403.0,0,0.0,0.0,,0.0,normalDay
2021-08-20,9377.0,1016.0,0.0,0,443.36,0.0,1,12.51,2.35,SPY210930P00403000,403.0,0,0.0,0.0,,0.0,normalDay
2021-08-23,9377.0,1089.0,0.0,0,447.26,0.0,1,12.51,1.62,SPY210930P00403000,403.0,0,0.0,0.0,,0.0,normalDay
2021-08-24,9377.0,1096.0,0.0,0,447.97,0.0,1,12.51,1.55,SPY210930P00403000,403.0,0,0.0,0.0,,0.0,normalDay
2021-08-25,9377.0,1114.0,0.0,0,448.91,0.0,1,12.51,1.37,SPY210930P00403000,403.0,0,0.0,0.0,,0.0,normalDay
2021-08-26,9377.0,1073.0,0.0,0,446.26,0.0,1,12.51,1.78,SPY210930P00403000,403.0,0,0.0,0.0,,0.0,normalDay
2021-08-27,9377.0,1131.0,0.0,0,450.25,0.0,1,12.51,1.2,SPY210930P00403000,403.0,0,0.0,0.0,,0.0,normalDay
2021-08-30,9377.0,1154.0,0.0,0,452.23,0.0,1,12.51,0.97,SPY210930P00403000,403.0,0,0.0,0.0,,0.0,normalDay
2021-08-31,9377.0,1152.0,0.0,0,451.56,0.0,1,12.51,0.99,SPY210930P00403000,403.0,0,0.0,0.0,,0.0,normalDay
2021-09-01,9377.0,1163.0,0.0,0,451.8,0.0,1,12.51,0.88,SPY210930P00403000,403.0,0,0.0,0.0,,0.0,normalDay
2021-09-02,9377.0,1165.0,0.0,0,453.19,0.0,1,12.51,0.86,SPY210930P00403000,403.0,0,0.0,0.0,,0.0,normalDay
2021-09-03,9377.0,1167.0,0.0,0,453.08,0.0,1,12.51,0.84,SPY210930P00403000,403.0,0,0.0,0.0,,0.0,normalDay
2021-09-07,9377.0,1165.0,0.0,0,451.46,0.0,1,12.51,0.86,SPY210930P00403000,403.0,0,0.0,0.0,,0.0,normalDay
2021-09-08,9377.0,1173.0,0.0,0,450.91,0.0,1,12.51,0.78,SPY210930P00403000,403.0,0,0.0,0.0,,0.0,normalDay
2021-09-09,9377.0,1162.0,0.0,0,448.98,0.0,1,12.51,0.89,SPY210930P00403000,403.0,0,0.0,0.0,,0.0,normalDay
2021-09-10,9377.0,1125.0,0.0,0,445.44,0.0,1,12.51,1.26,SPY210930P00403000,403.0,0,0.0,0.0,,0.0,normalDay
2021-09-13,9377.0,1169.0,0.0,0,446.58,0.0,1,12.51,0.82,SPY210930P00403000,403.0,0,0.0,0.0,,0.0,normalDay
2021-09-14,9377.0,1170.0,0.0,0,444.17,0.0,1,12.51,0.81,SPY210930P00403000,403.0,0,0.0,0.0,,0.0,normalDay
2021-09-15,9377.0,1208.0,0.0,0,447.88,0.0,1,12.51,0.43,SPY210930P00403000,403.0,0,0.0,0.0,,0.0,normalDay
2021-09-16,9377.0,1206.0,0.0,0,447.17,0.0,1,12.51,0.45,SPY210930P00403000,403.0,0,0.0,0.0,,0.0,normalDay
2021-09-17,9377.0,1186.0,0.0,0,441.4,0.0,1,12.51,0.65,SPY210930P00403000,403.0,0,0.0,0.0,,0.0,normalDay
2021-09-20,9377.0,1135.0,0.0,0,434.04,0.0,1,12.51,1.16,SPY210930P00403000,403.0,0,0.0,0.0,,0.0,normalDay
2021-09-21,9377.0,1171.0,0.0,0,433.63,0.0,1,12.51,0.8,SPY210930P00403000,403.0,0,0.0,0.0,,0.0,normalDay
2021-09-22,9377.0,1225.0,0.0,0,437.86,0.0,1,12.51,0.26,SPY210930P00403000,403.0,0,0.0,0.0,,0.0,normalDay
2021-09-23,9377.0,1235.0,0.0,0,443.18,0.0,1,12.51,0.16,SPY210930P00403000,403.0,0,0.0,0.0,,0.0,normalDay
2021-09-24,9377.0,1240.0,0.0,0,443.91,0.0,1,12.51,0.11,SPY210930P00403000,403.0,0,0.0,0.0,,0.0,normalDay
2021-09-27,9377.0,1244.0,0.0,0,442.64,0.0,1,12.51,0.07,SPY210930P00403000,403.0,0,0.0,0.0,,0.0,normalDay
2021-09-28,9377.0,1235.0,0.0,0,433.72,0.0,1,12.51,0.16,SPY210930P00403000,403.0,0,0.0,0.0,,0.0,normalDay
2021-09-29,9377.0,1248.0,0.0,0,434.45,0.0,1,12.51,0.03,SPY210930P00403000,403.0,0,0.0,0.0,,0.0,normalDay
2021-09-30,10628.0,0.0,1251.0,0,429.14,0.0,1,12.51,0.0,SPY210930P00403000,403.0,0,0.0,0.0,,0.0,expirationDay
2021-10-01,10628.0,-8.0,0.0,0,434.24,0.0,1,15.88,15.96,SPY220218P00420000,420.0,0,0.0,0.0,,0.0,normalDay
2021-10-04,10628.0,-220.0,0.0,0,428.64,0.0,1,15.88,18.08,SPY220218P00420000,420.0,0,0.0,0.0,,0.0,normalDay
2021-10-05,10628.0,-23.0,0.0,0,433.1,0.0,1,15.88,16.11,SPY220218P00420000,420.0,0,0.0,0.0,,0.0,normalDay
2021-10-06,10628.0,40.0,0.0,0,434.9,0.0,1,15.88,15.48,SPY220218P00420000,420.0,0,0.0,0.0,,0.0,normalDay
2021-10-07,10628.0,207.0,0.0,0,438.66,0.0,1,15.88,13.81,SPY220218P00420000,420.0,0,0.0,0.0,,0.0,normalDay
2021-10-08,10628.0,190.0,0.0,0,437.86,0.0,1,15.88,13.98,SPY220218P00420000,420.0,0,0.0,0.0,,0.0,normalDay
2021-10-11,10628.0,111.0,0.0,0,434.69,0.0,1,15.88,14.77,SPY220218P00420000,420.0,0,0.0,0.0,,0.0,normalDay
2021-10-12,10628.0,92.0,0.0,0,433.62,0.0,1,15.88,14.96,SPY220218P00420000,420.0,0,0.0,0.0,,0.0,normalDay
2021-10-13,10628.0,231.0,0.0,0,435.18,0.0,1,15.88,13.57,SPY220218P00420000,420.0,0,0.0,0.0,,0.0,normalDay
2021-10-14,10628.0,474.0,0.0,0,442.5,0.0,1,15.88,11.14,SPY220218P00420000,420.0,0,0.0,0.0,,0.0,normalDay
2021-10-15,10628.0,551.0,0.0,0,445.87,0.0,1,15.88,10.37,SPY220218P00420000,420.0,0,0.0,0.0,,0.0,normalDay
2021-10-18,10628.0,590.0,0.0,0,447.19,0.0,1,15.88,9.98,SPY220218P00420000,420.0,0,0.0,0.0,,0.0,normalDay
2021-10-19,10628.0,694.0,0.0,0,450.64,0.0,1,15.88,8.94,SPY220218P00420000,420.0,0,0.0,0.0,,0.0,normalDay
2021-10-20,10628.0,720.0,0.0,0,452.41,0.0,1,15.88,8.68,SPY220218P00420000,420.0,0,0.0,0.0,,0.0,normalDay
2021-10-21,10628.0,763.0,0.0,0,453.59,0.0,1,15.88,8.25,SPY220218P00420000,420.0,0,0.0,0.0,,0.0,normalDay
2021-10-22,10628.0,724.0,0.0,0,453.12,0.0,1,15.88,8.64,SPY220218P00420000,420.0,0,0.0,0.0,,0.0,normalDay
2021-10-25,10628.0,801.0,0.0,0,455.55,0.0,1,15.88,7.87,SPY220218P00420000,420.0,0,0.0,0.0,,0.0,normalDay
2021-10-26,10628.0,810.0,0.0,0,455.96,0.0,1,15.88,7.78,SPY220218P00420000,420.0,0,0.0,0.0,,0.0,normalDay
2021-10-27,10628.0,737.0,0.0,0,453.94,0.0,1,15.88,8.51,SPY220218P00420000,420.0,0,0.0,0.0,,0.0,normalDay
2021-10-28,10628.0,824.0,0.0,0,458.32,0.0,1,15.88,7.64,SPY220218P00420000,420.0,0,0.0,0.0,,0.0,normalDay
2021-10-29,10628.0,850.0,0.0,0,459.25,0.0,1,15.88,7.38,SPY220218P00420000,420.0,0,0.0,0.0,,0.0,normalDay
2021-11-01,10628.0,876.0,0.0,0,460.04,0.0,1,15.88,7.12,SPY220218P00420000,420.0,0,0.0,0.0,,0.0,normalDay
2021-11-02,10628.0,918.0,0.0,0,461.9,0.0,1,15.88,6.7,SPY220218P00420000,420.0,0,0.0,0.0,,0.0,normalDay
2021-11-03,10628.0,990.0,0.0,0,464.72,0.0,1,15.88,5.98,SPY220218P00420000,420.0,0,0.0,0.0,,0.0,normalDay
2021-11-04,10628.0,1018.0,0.0,0,466.91,0.0,1,15.88,5.7,SPY220218P00420000,420.0,0,0.0,0.0,,0.0,normalDay
2021-11-05,10628.0,1008.0,0.0,0,468.53,0.0,1,15.88,5.8,SPY220218P00420000,420.0,0,0.0,0.0,,0.0,normalDay
2021-11-08,10628.0,1003.0,0.0,0,468.93,0.0,1,15.88,5.85,SPY220218P00420000,420.0,0,0.0,0.0,,0.0,normalDay
2021-11-09,10628.0,980.0,0.0,0,467.38,0.0,1,15.88,6.08,SPY220218P00420000,420.0,0,0.0,0.0,,0.0,normalDay
2021-11-10,10628.0,924.0,0.0,0,463.62,0.0,1,15.88,6.64,SPY220218P00420000,420.0,0,0.0,0.0,,0.0,normalDay
2021-11-11,10628.0,974.0,0.0,0,463.77,0.0,1,15.88,6.14,SPY220218P00420000,420.0,0,0.0,0.0,,0.0,normalDay
2021-11-12,10628.0,1048.0,0.0,0,467.27,0.0,1,15.88,5.4,SPY220218P00420000,420.0,0,0.0,0.0,,0.0,normalDay
2021-11-15,10628.0,1061.0,0.0,0,467.43,0.0,1,15.88,5.27,SPY220218P00420000,420.0,0,0.0,0.0,,0.0,normalDay
2021-11-16,10628.0,1089.0,0.0,0,469.28,0.0,1,15.88,4.99,SPY220218P00420000,420.0,0,0.0,0.0,,0.0,normalDay
2021-11-17,10628.0,1049.0,0.0,0,468.14,0.0,1,15.88,5.39,SPY220218P00420000,420.0,0,0.0,0.0,,0.0,normalDay
2021-11-18,10628.0,1066.0,0.0,0,469.73,0.0,1,15.88,5.22,SPY220218P00420000,420.0,0,0.0,0.0,,0.0,normalDay
2021-11-19,10628.0,1053.0,0.0,0,468.89,0.0,1,15.88,5.35,SPY220218P00420000,420.0,0,0.0,0.0,,0.0,normalDay
2021-11-22,10628.0,1025.0,0.0,0,467.57,0.0,1,15.88,5.63,SPY220218P00420000,420.0,0,0.0,0.0,,0.0,normalDay
2021-11-23,10628.0,1046.0,0.0,0,468.19,0.0,1,15.88,5.42,SPY220218P00420000,420.0,0,0.0,0.0,,0.0,normalDay
2021-11-24,10628.0,1091.0,0.0,0,469.44,0.0,1,15.88,4.97,SPY220218P00420000,420.0,0,0.0,0.0,,0.0,normalDay
2021-11-26,10628.0,530.0,0.0,0,458.97,0.0,1,15.88,10.58,SPY220218P00420000,420.0,0,0.0,0.0,,0.0,normalDay
2021-11-29,10628.0,958.0,0.0,0,464.6,0.0,1,15.88,6.3,SPY220218P00420000,420.0,0,0.0,0.0,,0.0,normalDay
2021-11-30,10628.0,734.0,0.0,0,455.56,0.0,1,15.88,8.54,SPY220218P00420000,420.0,0,0.0,0.0,,0.0,normalDay
2021-12-01,10628.0,460.0,0.0,0,450.5,0.0,1,15.88,11.28,SPY220218P00420000,420.0,0,0.0,0.0,,0.0,normalDay
2021-12-02,10628.0,693.0,0.0,0,457.4,0.0,1,15.88,8.95,SPY220218P00420000,420.0,0,0.0,0.0,,0.0,normalDay
2021-12-03,10628.0,532.0,0.0,0,453.42,0.0,1,15.88,10.56,SPY220218P00420000,420.0,0,0.0,0.0,,0.0,normalDay
2021-12-06,10628.0,763.0,0.0,0,458.79,0.0,1,15.88,8.25,SPY220218P00420000,420.0,0,0.0,0.0,,0.0,normalDay
2021-12-07,10628.0,1054.0,0.0,0,468.28,0.0,1,15.88,5.34,SPY220218P00420000,420.0,0,0.0,0.0,,0.0,normalDay
2021-12-08,10628.0,1136.0,0.0,0,469.52,0.0,1,15.88,4.52,SPY220218P00420000,420.0,0,0.0,0.0,,0.0,normalDay
2021-12-09,10628.0,1073.0,0.0,0,466.35,0.0,1,15.88,5.15,SPY220218P00420000,420.0,0,0.0,0.0,,0.0,normalDay
2021-12-10,10628.0,1176.0,0.0,0,470.74,0.0,1,15.88,4.12,SPY220218P00420000,420.0,0,0.0,0.0,,0.0,normalDay
2021-12-13,10628.0,1115.0,0.0,0,466.57,0.0,1,15.88,4.73,SPY220218P00420000,420.0,0,0.0,0.0,,0.0,normalDay
2021-12-14,10628.0,1053.0,0.0,0,463.36,0.0,1,15.88,5.35,SPY220218P00420000,420.0,0,0.0,0.0,,0.0,normalDay
2021-12-15,10628.0,1212.0,0.0,0,470.6,0.0,1,15.88,3.76,SPY220218P00420000,420.0,0,0.0,0.0,,0.0,normalDay
2021-12-16,10628.0,1143.0,0.0,0,466.45,0.0,1,15.88,4.45,SPY220218P00420000,420.0,0,0.0,0.0,,0.0,normalDay
2021-12-17,10628.0,1053.0,0.0,0,459.87,0.0,1,15.88,5.35,SPY220218P00420000,420.0,0,0.0,0.0,,0.0,normalDay
2021-12-20,10628.0,984.0,0.0,0,454.98,0.0,1,15.88,6.04,SPY220218P00420000,420.0,0,0.0,0.0,,0.0,normalDay
2021-12-21,10628.0,1146.0,0.0,0,463.06,0.0,1,15.88,4.42,SPY220218P00420000,420.0,0,0.0,0.0,,0.0,normalDay
2021-12-22,10628.0,1255.0,0.0,0,467.69,0.0,1,15.88,3.33,SPY220218P00420000,420.0,0,0.0,0.0,,0.0,normalDay
2021-12-23,10628.0,1300.0,0.0,0,470.6,0.0,1,15.88,2.88,SPY220218P00420000,420.0,0,0.0,0.0,,0.0,normalDay
2021-12-27,10628.0,1378.0,0.0,0,477.26,0.0,1,15.88,2.1,SPY220218P00420000,420.0,0,0.0,0.0,,0.0,normalDay
2021-12-28,10628.0,1389.0,0.0,0,476.87,0.0,1,15.88,1.99,SPY220218P00420000,420.0,0,0.0,0.0,,0.0,normalDay
2021-12-29,10628.0,1416.0,0.0,0,477.48,0.0,1,15.88,1.72,SPY220218P00420000,420.0,0,0.0,0.0,,0.0,normalDay
2021-12-30,10628.0,1406.0,0.0,0,476.16,0.0,1,15.88,1.82,SPY220218P00420000,420.0,0,0.0,0.0,,0.0,normalDay
2021-12-31,10628.0,1416.0,0.0,0,474.96,0.0,1,15.88,1.72,SPY220218P00420000,420.0,0,0.0,0.0,,0.0,normalDay
2022-01-03,10628.0,1451.0,0.0,0,477.71,0.0,1,15.88,1.37,SPY220218P00420000,420.0,0,0.0,0.0,,0.0,normalDay
2022-01-04,10628.0,1450.0,0.0,0,477.55,0.0,1,15.88,1.38,SPY220218P00420000,420.0,0,0.0,0.0,,0.0,normalDay
2022-01-05,10628.0,1357.0,0.0,0,468.38,0.0,1,15.88,2.31,SPY220218P00420000,420.0,0,0.0,0.0,,0.0,normalDay
2022-01-06,10628.0,1369.0,0.0,0,467.94,0.0,1,15.88,2.19,SPY220218P00420000,420.0,0,0.0,0.0,,0.0,normalDay
2022-01-07,10628.0,1390.0,0.0,0,466.09,0.0,1,15.88,1.98,SPY220218P00420000,420.0,0,0.0,0.0,,0.0,normalDay
2022-01-10,10628.0,1394.0,0.0,0,465.51,0.0,1,15.88,1.94,SPY220218P00420000,420.0,0,0.0,0.0,,0.0,normalDay
2022-01-11,10628.0,1437.0,0.0,0,469.75,0.0,1,15.88,1.51,SPY220218P00420000,420.0,0,0.0,0.0,,0.0,normalDay
2022-01-12,10628.0,1461.0,0.0,0,471.02,0.0,1,15.88,1.27,SPY220218P00420000,420.0,0,0.0,0.0,,0.0,normalDay
2022-01-13,10628.0,1392.0,0.0,0,464.53,0.0,1,15.88,1.96,SPY220218P00420000,420.0,0,0.0,0.0,,0.0,normalDay
2022-01-14,10628.0,1425.0,0.0,0,464.72,0.0,1,15.88,1.63,SPY220218P00420000,420.0,0,0.0,0.0,,0.0,normalDay
2022-01-18,10628.0,1319.0,0.0,0,456.49,0.0,1,15.88,2.69,SPY220218P00420000,420.0,0,0.0,0.0,,0.0,normalDay
2022-01-19,10628.0,1276.0,0.0,0,451.75,0.0,1,15.88,3.12,SPY220218P00420000,420.0,0,0.0,0.0,,0.0,normalDay
2022-01-20,10628.0,1171.0,0.0,0,446.75,0.0,1,15.88,4.17,SPY220218P00420000,420.0,0,0.0,0.0,,0.0,normalDay
2022-01-21,10628.0,941.0,0.0,0,437.98,0.0,1,15.88,6.47,SPY220218P00420000,420.0,0,0.0,0.0,,0.0,normalDay
2022-01-24,10628.0,936.0,0.0,0,439.84,0.0,1,15.88,6.52,SPY220218P00420000,420.0,0,0.0,0.0,,0.0,normalDay
2022-01-25,10628.0,772.0,0.0,0,434.47,0.0,1,15.88,8.16,SPY220218P00420000,420.0,0,0.0,0.0,,0.0,normalDay
2022-01-26,10628.0,787.0,0.0,0,433.38,0.0,1,15.88,8.01,SPY220218P00420000,420.0,0,0.0,0.0,,0.0,normalDay
2022-01-27,10628.0,826.0,0.0,0,431.24,0.0,1,15.88,7.62,SPY220218P00420000,420.0,0,0.0,0.0,,0.0,normalDay
2022-01-28,10628.0,1151.0,0.0,0,441.95,0.0,1,15.88,4.37,SPY220218P00420000,420.0,0,0.0,0.0,,0.0,normalDay
2022-01-31,10628.0,1355.0,0.0,0,449.91,0.0,1,15.88,2.33,SPY220218P00420000,420.0,0,0.0,0.0,,0.0,normalDay
2022-02-01,10628.0,1456.0,0.0,0,452.95,0.0,1,15.88,1.32,SPY220218P00420000,420.0,0,0.0,0.0,,0.0,normalDay
2022-02-02,10628.0,1487.0,0.0,0,457.35,0.0,1,15.88,1.01,SPY220218P00420000,420.0,0,0.0,0.0,,0.0,normalDay
2022-02-03,10628.0,1420.0,0.0,0,446.6,0.0,1,15.88,1.68,SPY220218P00420000,420.0,0,0.0,0.0,,0.0,normalDay
2022-02-04,10628.0,1452.0,0.0,0,448.7,0.0,1,15.88,1.36,SPY220218P00420000,420.0,0,0.0,0.0,,0.0,normalDay
2022-02-07,10628.0,1502.0,0.0,0,447.26,0.0,1,15.88,0.86,SPY220218P00420000,420.0,0,0.0,0.0,,0.0,normalDay
2022-02-08,10628.0,1536.0,0.0,0,450.94,0.0,1,15.88,0.52,SPY220218P00420000,420.0,0,0.0,0.0,,0.0,normalDay
2022-02-09,10628.0,1564.0,0.0,0,457.54,0.0,1,15.88,0.24,SPY220218P00420000,420.0,0,0.0,0.0,,0.0,normalDay
2022-02-10,10628.0,1521.0,0.0,0,449.32,0.0,1,15.88,0.67,SPY220218P00420000,420.0,0,0.0,0.0,,0.0,normalDay
2022-02-11,10628.0,1452.0,0.0,0,440.46,0.0,1,15.88,1.36,SPY220218P00420000,420.0,0,0.0,0.0,,0.0,normalDay
2022-02-14,10628.0,1508.0,0.0,0,439.02,0.0,1,15.88,0.8,SPY220218P00420000,420.0,0,0.0,0.0,,0.0,normalDay
2022-02-15,10628.0,1560.0,0.0,0,446.1,0.0,1,15.88,0.28,SPY220218P00420000,420.0,0,0.0,0.0,,0.0,normalDay
2022-02-16,10628.0,1581.0,0.0,0,446.6,0.0,1,15.88,0.07,SPY220218P00420000,420.0,0,0.0,0.0,,0.0,normalDay
2022-02-17,10628.0,1577.0,0.0,0,437.06,0.0,1,15.88,0.11,SPY220218P00420000,420.0,0,0.0,0.0,,0.0,normalDay
2022-02-18,12216.0,0.0,1588.0,0,434.23,0.0,1,15.88,0.0,SPY220218P00420000,420.0,0,0.0,0.0,,0.0,expirationDay
2022-02-22,12216.0,-13.0,0.0,0,429.57,0.0,1,18.91,19.04,SPY220630P00417000,417.0,0,0.0,0.0,,0.0,normalDay
2022-02-23,12216.0,-411.0,0.0,0,421.95,0.0,1,18.91,23.02,SPY220630P00417000,417.0,0,0.0,0.0,,0.0,normalDay
2022-02-24,12216.0,-163.0,0.0,0,428.3,0.0,1,18.91,20.54,SPY220630P00417000,417.0,0,0.0,0.0,,0.0,normalDay
2022-02-25,12216.0,256.0,0.0,0,437.75,0.0,1,18.91,16.35,SPY220630P00417000,417.0,0,0.0,0.0,,0.0,normalDay
2022-02-28,12216.0,180.0,0.0,0,436.63,0.0,1,18.91,17.11,SPY220630P00417000,417.0,0,0.0,0.0,,0.0,normalDay
2022-03-01,12216.0,-171.0,0.0,0,429.98,0.0,1,18.91,20.62,SPY220630P00417000,417.0,0,0.0,0.0,,0.0,normalDay
2022-03-02,12216.0,112.0,0.0,0,437.89,0.0,1,18.91,17.79,SPY220630P00417000,417.0,0,0.0,0.0,,0.0,normalDay
2022-03-03,12216.0,82.0,0.0,0,435.71,0.0,1,18.91,18.09,SPY220630P00417000,417.0,0,0.0,0.0,,0.0,normalDay
2022-03-04,12216.0,-115.0,0.0,0,432.17,0.0,1,18.91,20.06,SPY220630P00417000,417.0,0,0.0,0.0,,0.0,normalDay
2022-03-07,12216.0,-740.0,0.0,0,419.43,0.0,1,18.91,26.31,SPY220630P00417000,417.0,0,0.0,0.0,,0.0,normalDay
2022-03-08,12216.0,-826.0,0.0,0,416.25,0.0,1,18.91,27.17,SPY220630P00417000,417.0,0,0.0,0.0,,0.0,normalDay
2022-03-09,12216.0,-318.0,0.0,0,427.41,0.0,1,18.91,22.09,SPY220630P00417000,417.0,0,0.0,0.0,,0.0,normalDay
2022-03-10,12216.0,-235.0,0.0,0,425.48,0.0,1,18.91,21.26,SPY220630P00417000,417.0,0,0.0,0.0,,0.0,normalDay
2022-03-11,12216.0,-455.0,0.0,0,420.07,0.0,1,18.91,23.46,SPY220630P00417000,417.0,0,0.0,0.0,,0.0,normalDay
2022-03-14,12216.0,-563.0,0.0,0,417.0,0.0,1,18.91,24.54,SPY220630P00417000,417.0,0,0.0,0.0,,0.0,normalDay
2022-03-15,12216.0,-185.0,0.0,0,426.17,0.0,1,18.91,20.76,SPY220630P00417000,417.0,0,0.0,0.0,,0.0,normalDay
2022-03-16,12216.0,297.0,0.0,0,435.62,0.0,1,18.91,15.94,SPY220630P00417000,417.0,0,0.0,0.0,,0.0,normalDay
2022-03-17,12216.0,511.0,0.0,0,441.07,0.0,1,18.91,13.8,SPY220630P00417000,417.0,0,0.0,0.0,,0.0,normalDay
2022-03-18,12216.0,731.0,0.0,0,444.52,0.0,1,18.91,11.6,SPY220630P00417000,417.0,0,0.0,0.0,,0.0,normalDay
2022-03-21,12216.0,752.0,0.0,0,444.39,0.0,1,18.91,11.39,SPY220630P00417000,417.0,0,0.0,0.0,,0.0,normalDay
2022-03-22,12216.0,902.0,0.0,0,449.59,0.0,1,18.91,9.89,SPY220630P00417000,417.0,0,0.0,0.0,,0.0,normalDay
2022-03-23,12216.0,764.0,0.0,0,443.8,0.0,1,18.91,11.27,SPY220630P00417000,417.0,0,0.0,0.0,,0.0,normalDay
2022-03-24,12216.0,951.0,0.0,0,450.49,0.0,1,18.91,9.4,SPY220630P00417000,417.0,0,0.0,0.0,,0.0,normalDay
2022-03-25,12216.0,1019.0,0.0,0,452.69,0.0,1,18.91,8.72,SPY220630P00417000,417.0,0,0.0,0.0,,0.0,normalDay
2022-03-28,12216.0,1119.0,0.0,0,455.91,0.0,1,18.91,7.72,SPY220630P00417000,417.0,0,0.0,0.0,,0.0,normalDay
2022-03-29,12216.0,1236.0,0.0,0,461.55,0.0,1,18.91,6.55,SPY220630P00417000,417.0,0,0.0,0.0,,0.0,normalDay
2022-03-30,12216.0,1195.0,0.0,0,458.7,0.0,1,18.91,6.96,SPY220630P00417000,417.0,0,0.0,0.0,,0.0,normalDay
2022-03-31,12216.0,1047.0,0.0,0,451.64,0.0,1,18.91,8.44,SPY220630P00417000,417.0,0,0.0,0.0,,0.0,normalDay
2022-04-01,12216.0,1109.0,0.0,0,452.92,0.0,1,18.91,7.82,SPY220630P00417000,417.0,0,0.0,0.0,,0.0,normalDay
2022-04-04,12216.0,1254.0,0.0,0,456.8,0.0,1,18.91,6.37,SPY220630P00417000,417.0,0,0.0,0.0,,0.0,normalDay
2022-04-05,12216.0,1091.0,0.0,0,451.03,0.0,1,18.91,8.0,SPY220630P00417000,417.0,0,0.0,0.0,,0.0,normalDay
2022-04-06,12216.0,977.0,0.0,0,446.52,0.0,1,18.91,9.14,SPY220630P00417000,417.0,0,0.0,0.0,,0.0,normalDay
2022-04-07,12216.0,1039.0,0.0,0,448.77,0.0,1,18.91,8.52,SPY220630P00417000,417.0,0,0.0,0.0,,0.0,normalDay
2022-04-08,12216.0,1046.0,0.0,0,447.57,0.0,1,18.91,8.45,SPY220630P00417000,417.0,0,0.0,0.0,,0.0,normalDay
2022-04-11,12216.0,819.0,0.0,0,439.92,0.0,1,18.91,10.72,SPY220630P00417000,417.0,0,0.0,0.0,,0.0,normalDay
2022-04-12,12216.0,794.0,0.0,0,438.29,0.0,1,18.91,10.97,SPY220630P00417000,417.0,0,0.0,0.0,,0.0,normalDay
2022-04-13,12216.0,1004.0,0.0,0,443.31,0.0,1,18.91,8.87,SPY220630P00417000,417.0,0,0.0,0.0,,0.0,normalDay
2022-04-14,12216.0,861.0,0.0,0,437.79,0.0,1,18.91,10.3,SPY220630P00417000,417.0,0,0.0,0.0,,0.0,normalDay
2022-04-18,12216.0,954.0,0.0,0,437.97,0.0,1,18.91,9.37,SPY220630P00417000,417.0,0,0.0,0.0,,0.0,normalDay
2022-04-19,12216.0,1079.0,0.0,0,445.04,0.0,1,18.91,8.12,SPY220630P00417000,417.0,0,0.0,0.0,,0.0,normalDay
2022-04-20,12216.0,1171.0,0.0,0,444.71,0.0,1,18.91,7.2,SPY220630P00417000,417.0,0,0.0,0.0,,0.0,normalDay
2022-04-21,12216.0,921.0,0.0,0,438.06,0.0,1,18.91,9.7,SPY220630P00417000,417.0,0,0.0,0.0,,0.0,normalDay
2022-04-22,12216.0,390.0,0.0,0,426.04,0.0,1,18.91,15.01,SPY220630P00417000,417.0,0,0.0,0.0,,0.0,normalDay
2022-04-25,12216.0,584.0,0.0,0,428.51,0.0,1,18.91,13.07,SPY220630P00417000,417.0,0,0.0,0.0,,0.0,normalDay
2022-04-26,12216.0,-135.0,0.0,0,416.1,0.0,1,18.91,20.26,SPY220630P00417000,417.0,0,0.0,0.0,,0.0,normalDay
2022-04-27,12216.0,125.0,0.0,0,417.27,0.0,1,18.91,17.66,SPY220630P00417000,417.0,0,0.0,0.0,,0.0,normalDay
2022-04-28,12216.0,468.0,0.0,0,427.81,0.0,1,18.91,14.23,SPY220630P00417000,417.0,0,0.0,0.0,,0.0,normalDay
2022-04-29,12216.0,-159.0,0.0,0,412.0,0.0,1,18.91,20.5,SPY220630P00417000,417.0,0,0.0,0.0,,0.0,normalDay
2022-05-02,12216.0,28.0,0.0,0,414.48,0.0,1,18.91,18.63,SPY220630P00417000,417.0,0,0.0,0.0,,0.0,normalDay
2022-05-03,12216.0,224.0,0.0,0,416.38,0.0,1,18.91,16.67,SPY220630P00417000,417.0,0,0.0,0.0,,0.0,normalDay
2022-05-04,12216.0,760.0,0.0,0,429.06,0.0,1,18.91,11.31,SPY220630P00417000,417.0,0,0.0,0.0,,0.0,normalDay
2022-05-05,12216.0,-19.0,0.0,0,413.81,0.0,1,18.91,19.1,SPY220630P00417000,417.0,0,0.0,0.0,,0.0,normalDay
2022-05-06,12216.0,-170.0,0.0,0,411.34,0.0,1,18.91,20.61,SPY220630P00417000,417.0,0,0.0,0.0,,0.0,normalDay
2022-05-09,12216.0,-868.0,0.0,0,398.17,0.0,1,18.91,27.59,SPY220630P00417000,417.0,0,0.0,0.0,,0.0,normalDay
2022-05-10,12216.0,-802.0,0.0,0,399.09,0.0,1,18.91,26.93,SPY220630P00417000,417.0,0,0.0,0.0,,0.0,normalDay
2022-05-11,12216.0,-1196.0,0.0,0,392.75,0.0,1,18.91,30.87,SPY220630P00417000,417.0,0,0.0,0.0,,0.0,normalDay
2022-05-12,12216.0,-1231.0,0.0,0,392.34,0.0,1,18.91,31.22,SPY220630P00417000,417.0,0,0.0,0.0,,0.0,normalDay
2022-05-13,12216.0,-539.0,0.0,0,401.72,0.0,1,18.91,24.3,SPY220630P00417000,417.0,0,0.0,0.0,,0.0,normalDay
2022-05-16,12216.0,-556.0,0.0,0,400.09,0.0,1,18.91,24.47,SPY220630P00417000,417.0,0,0.0,0.0,,0.0,normalDay
2022-05-17,12216.0,18.0,0.0,0,408.32,0.0,1,18.91,18.73,SPY220630P00417000,417.0,0,0.0,0.0,,0.0,normalDay
2022-05-18,12216.0,-1232.0,0.0,0,391.86,0.0,1,18.91,31.23,SPY220630P00417000,417.0,0,0.0,0.0,,0.0,normalDay
2022-05-19,12216.0,-1335.0,0.0,0,389.46,0.0,1,18.91,32.26,SPY220630P00417000,417.0,0,0.0,0.0,,0.0,normalDay
2022-05-20,12216.0,-1303.0,0.0,0,389.63,0.0,1,18.91,31.94,SPY220630P00417000,417.0,0,0.0,0.0,,0.0,normalDay
2022-05-23,12216.0,-665.0,0.0,0,396.92,0.0,1,18.91,25.56,SPY220630P00417000,417.0,0,0.0,0.0,,0.0,normalDay
2022-05-24,12216.0,-921.0,0.0,0,393.89,0.0,1,18.91,28.12,SPY220630P00417000,417.0,0,0.0,0.0,,0.0,normalDay
2022-05-25,12216.0,-655.0,0.0,0,397.37,0.0,1,18.91,25.46,SPY220630P00417000,417.0,0,0.0,0.0,,0.0,normalDay
2022-05-26,12216.0,-114.0,0.0,0,405.31,0.0,1,18.91,20.05,SPY220630P00417000,417.0,0,0.0,0.0,,0.0,normalDay
2022-05-27,12216.0,572.0,0.0,0,415.26,0.0,1,18.91,13.19,SPY220630P00417000,417.0,0,0.0,0.0,,0.0,normalDay
2022-05-31,12216.0,468.0,0.0,0,412.93,0.0,1,18.91,14.23,SPY220630P00417000,417.0,0,0.0,0.0,,0.0,normalDay
2022-06-01,12216.0,345.0,0.0,0,409.59,0.0,1,18.91,15.46,SPY220630P00417000,417.0,0,0.0,0.0,,0.0,normalDay
2022-06-02,12216.0,819.0,0.0,0,417.39,0.0,1,18.91,10.72,SPY220630P00417000,417.0,0,0.0,0.0,,0.0,normalDay
2022-06-03,12216.0,477.0,0.0,0,410.54,0.0,1,18.91,14.14,SPY220630P00417000,417.0,0,0.0,0.0,,0.0,normalDay
2022-06-06,12216.0,576.0,0.0,0,411.79,0.0,1,18.91,13.15,SPY220630P00417000,417.0,0,0.0,0.0,,0.0,normalDay
2022-06-07,12216.0,816.0,0.0,0,415.74,0.0,1,18.91,10.75,SPY220630P00417000,417.0,0,0.0,0.0,,0.0,normalDay
2022-06-08,12216.0,624.0,0.0,0,411.22,0.0,1,18.91,12.67,SPY220630P00417000,417.0,0,0.0,0.0,,0.0,normalDay
2022-06-09,12216.0,-82.0,0.0,0,401.44,0.0,1,18.91,19.73,SPY220630P00417000,417.0,0,0.0,0.0,,0.0,normalDay
2022-06-10,12216.0,-1024.0,0.0,0,389.8,0.0,1,18.91,29.15,SPY220630P00417000,417.0,0,0.0,0.0,,0.0,normalDay
2022-06-13,12216.0,-2506.0,0.0,0,375.0,0.0,1,18.91,43.97,SPY220630P00417000,417.0,0,0.0,0.0,,0.0,normalDay
2022-06-14,12216.0,-2691.0,0.0,0,373.87,0.0,1,18.91,45.82,SPY220630P00417000,417.0,0,0.0,0.0,,0.0,normalDay
2022-06-15,12216.0,-2081.0,0.0,0,379.2,0.0,1,18.91,39.72,SPY220630P00417000,417.0,0,0.0,0.0,,0.0,normalDay
2022-06-16,12216.0,-3252.0,0.0,0,366.65,0.0,1,18.91,51.43,SPY220630P00417000,417.0,0,0.0,0.0,,0.0,normalDay
2022-06-17,12216.0,-3157.0,0.0,0,365.86,0.0,1,18.91,50.48,SPY220630P00417000,417.0,0,0.0,0.0,,0.0,normalDay
2022-06-21,12216.0,-2319.0,0.0,0,375.07,0.0,1,18.91,42.1,SPY220630P00417000,417.0,0,0.0,0.0,,0.0,normalDay
2022-06-22,12216.0,-2337.0,0.0,0,374.39,0.0,1,18.91,42.28,SPY220630P00417000,417.0,0,0.0,0.0,,0.0,normalDay
2022-06-23,12216.0,-2116.0,0.0,0,378.06,0.0,1,18.91,40.07,SPY220630P00417000,417.0,0,0.0,0.0,,0.0,normalDay
2022-06-24,12216.0,-950.0,0.0,0,390.08,0.0,1,18.91,28.41,SPY220630P00417000,417.0,0,0.0,0.0,,0.0,normalDay
2022-06-27,12216.0,-929.0,0.0,0,388.59,0.0,1,18.91,28.2,SPY220630P00417000,417.0,0,0.0,0.0,,0.0,normalDay
2022-06-28,12216.0,-1781.0,0.0,0,380.65,0.0,1,18.91,36.72,SPY220630P00417000,417.0,0,0.0,0.0,,0.0,normalDay
2022-06-29,12216.0,-1782.0,0.0,0,380.34,0.0,1,18.91,36.73,SPY220630P00417000,417.0,0,0.0,0.0,,0.0,normalDay
2022-06-30,14107.0,-3975.0,1891.0,100,377.25,417.0,1,18.91,0.0,SPY220630P00417000,417.0,0,0.0,0.0,,0.0,expirationDay
2022-07-01,14107.0,-3579.0,0.0,100,381.24,417.0,0,0.0,0.0,,0.0,1,0.58,0.61,SPY220916C00444000,444.0,normalDay
2022-07-05,14107.0,-3501.0,0.0,100,381.96,417.0,0,0.0,0.0,,0.0,1,0.58,0.55,SPY220916C00444000,444.0,normalDay
2022-07-06,14107.0,-3376.0,0.0,100,383.25,417.0,0,0.0,0.0,,0.0,1,0.58,0.59,SPY220916C00444000,444.0,normalDay
2022-07-07,14107.0,-2821.0,0.0,100,388.99,417.0,0,0.0,0.0,,0.0,1,0.58,0.78,SPY220916C00444000,444.0,normalDay
2022-07-08,14107.0,-2847.0,0.0,100,388.67,417.0,0,0.0,0.0,,0.0,1,0.58,0.72,SPY220916C00444000,444.0,normalDay
2022-07-11,14107.0,-3270.0,0.0,100,384.23,417.0,0,0.0,0.0,,0.0,1,0.58,0.51,SPY220916C00444000,444.0,normalDay
2022-07-12,14107.0,-3595.0,0.0,100,380.83,417.0,0,0.0,0.0,,0.0,1,0.58,0.36,SPY220916C00444000,444.0,normalDay
2022-07-13,14107.0,-3790.0,0.0,100,378.83,417.0,0,0.0,0.0,,0.0,1,0.58,0.31,SPY220916C00444000,444.0,normalDay
2022-07-14,14107.0,-3881.0,0.0,100,377.91,417.0,0,0.0,0.0,,0.0,1,0.58,0.3,SPY220916C00444000,444.0,normalDay
2022-07-15,14107.0,-3168.0,0.0,100,385.13,417.0,0,0.0,0.0,,0.0,1,0.58,0.39,SPY220916C00444000,444.0,normalDay
2022-07-18,14107.0,-3480.0,0.0,100,381.95,417.0,0,0.0,0.0,,0.0,1,0.58,0.33,SPY220916C00444000,444.0,normalDay
2022-07-19,14107.0,-2488.0,0.0,100,392.27,417.0,0,0.0,0.0,,0.0,1,0.58,0.73,SPY220916C00444000,444.0,normalDay
2022-07-20,14107.0,-2250.0,0.0,100,394.77,417.0,0,0.0,0.0,,0.0,1,0.58,0.85,SPY220916C00444000,444.0,normalDay
2022-07-21,14107.0,-1860.0,0.0,100,398.79,417.0,0,0.0,0.0,,0.0,1,0.58,0.97,SPY220916C00444000,444.0,normalDay
2022-07-22,14107.0,-2198.0,0.0,100,395.09,417.0,0,0.0,0.0,,0.0,1,0.58,0.65,SPY220916C00444000,444.0,normalDay
2022-07-25,14107.0,-2142.0,0.0,100,395.57,417.0,0,0.0,0.0,,0.0,1,0.58,0.57,SPY220916C00444000,444.0,normalDay
2022-07-26,14107.0,-2593.0,0.0,100,390.89,417.0,0,0.0,0.0,,0.0,1,0.58,0.4,SPY220916C00444000,444.0,normalDay
2022-07-27,14107.0,-1610.0,0.0,100,401.04,417.0,0,0.0,0.0,,0.0,1,0.58,0.72,SPY220916C00444000,444.0,normalDay
2022-07-28,14107.0,-1146.0,0.0,100,406.07,417.0,0,0.0,0.0,,0.0,1,0.58,1.11,SPY220916C00444000,444.0,normalDay
2022-07-29,14107.0,-588.0,0.0,100,411.99,417.0,0,0.0,0.0,,0.0,1,0.58,1.45,SPY220916C00444000,444.0,normalDay
2022-08-01,14107.0,-691.0,0.0,100,410.77,417.0,0,0.0,0.0,,0.0,1,0.58,1.26,SPY220916C00444000,444.0,normalDay
2022-08-02,14107.0,-931.0,0.0,100,408.06,417.0,0,0.0,0.0,,0.0,1,0.58,0.95,SPY220916C00444000,444.0,normalDay
2022-08-03,14107.0,-340.0,0.0,100,414.45,417.0,0,0.0,0.0,,0.0,1,0.58,1.43,SPY220916C00444000,444.0,normalDay
2022-08-04,14107.0,-357.0,0.0,100,414.17,417.0,0,0.0,0.0,,0.0,1,0.58,1.32,SPY220916C00444000,444.0,normalDay
2022-08-05,14107.0,-390.0,0.0,100,413.47,417.0,0,0.0,0.0,,0.0,1,0.58,0.95,SPY220916C00444000,444.0,normalDay
2022-08-08,14107.0,-430.0,0.0,100,412.99,417.0,0,0.0,0.0,,0.0,1,0.58,0.87,SPY220916C00444000,444.0,normalDay
2022-08-09,14107.0,-580.0,0.0,100,411.35,417.0,0,0.0,0.0,,0.0,1,0.58,0.73,SPY220916C00444000,444.0,normalDay
2022-08-10,14107.0,215.0,0.0,100,419.99,417.0,0,0.0,0.0,,0.0,1,0.58,1.42,SPY220916C00444000,444.0,normalDay
2022-08-11,14107.0,214.0,0.0,100,419.99,417.0,0,0.0,0.0,,0.0,1,0.58,1.43,SPY220916C00444000,444.0,normalDay
2022-08-12,14107.0,815.0,0.0,100,427.1,417.0,0,0.0,0.0,,0.0,1,0.58,2.53,SPY220916C00444000,444.0,normalDay
2022-08-15,14107.0,960.0,0.0,100,428.86,417.0,0,0.0,0.0,,0.0,1,0.58,2.84,SPY220916C00444000,444.0,normalDay
2022-08-16,14107.0,1050.0,0.0,100,429.7,417.0,0,0.0,0.0,,0.0,1,0.58,2.78,SPY220916C00444000,444.0,normalDay
2022-08-17,14107.0,812.0,0.0,100,426.65,417.0,0,0.0,0.0,,0.0,1,0.58,2.11,SPY220916C00444000,444.0,normalDay
2022-08-18,14107.0,948.0,0.0,100,427.89,417.0,0,0.0,0.0,,0.0,1,0.58,1.99,SPY220916C00444000,444.0,normalDay
2022-08-19,14107.0,474.0,0.0,100,422.14,417.0,0,0.0,0.0,,0.0,1,0.58,0.98,SPY220916C00444000,444.0,normalDay
2022-08-22,14107.0,-344.0,0.0,100,413.35,417.0,0,0.0,0.0,,0.0,1,0.58,0.37,SPY220916C00444000,444.0,normalDay
2022-08-23,14107.0,-435.0,0.0,100,412.35,417.0,0,0.0,0.0,,0.0,1,0.58,0.28,SPY220916C00444000,444.0,normalDay
2022-08-24,14107.0,-300.0,0.0,100,413.67,417.0,0,0.0,0.0,,0.0,1,0.58,0.25,SPY220916C00444000,444.0,normalDay
2022-08-25,14107.0,264.0,0.0,100,419.51,417.0,0,0.0,0.0,,0.0,1,0.58,0.45,SPY220916C00444000,444.0,normalDay
2022-08-26,14107.0,-1121.0,0.0,100,405.31,417.0,0,0.0,0.0,,0.0,1,0.58,0.1,SPY220916C00444000,444.0,normalDay
2022-08-29,14107.0,-1386.0,0.0,100,402.63,417.0,0,0.0,0.0,,0.0,1,0.58,0.07,SPY220916C00444000,444.0,normalDay
2022-08-30,14107.0,-1825.0,0.0,100,398.21,417.0,0,0.0,0.0,,0.0,1,0.58,0.04,SPY220916C00444000,444.0,normalDay
2022-08-31,14107.0,-2127.0,0.0,100,395.18,417.0,0,0.0,0.0,,0.0,1,0.58,0.03,SPY220916C00444000,444.0,normalDay
2022-09-01,14107.0,-2003.0,0.0,100,396.42,417.0,0,0.0,0.0,,0.0,1,0.58,0.03,SPY220916C00444000,444.0,normalDay
2022-09-02,14107.0,-2420.0,0.0,100,392.24,417.0,0,0.0,0.0,,0.0,1,0.58,0.02,SPY220916C00444000,444.0,normalDay
2022-09-06,14107.0,-2568.0,0.0,100,390.76,417.0,0,0.0,0.0,,0.0,1,0.58,0.02,SPY220916C00444000,444.0,normalDay
2022-09-07,14107.0,-1866.0,0.0,100,397.78,417.0,0,0.0,0.0,,0.0,1,0.58,0.02,SPY220916C00444000,444.0,normalDay
2022-09-08,14107.0,-1606.0,0.0,100,400.38,417.0,0,0.0,0.0,,0.0,1,0.58,0.02,SPY220916C00444000,444.0,normalDay
2022-09-09,14107.0,-984.0,0.0,100,406.6,417.0,0,0.0,0.0,,0.0,1,0.58,0.02,SPY220916C00444000,444.0,normalDay
2022-09-12,14107.0,-547.0,0.0,100,410.97,417.0,0,0.0,0.0,,0.0,1,0.58,0.02,SPY220916C00444000,444.0,normalDay
2022-09-13,14107.0,-2333.0,0.0,100,393.1,417.0,0,0.0,0.0,,0.0,1,0.58,0.01,SPY220916C00444000,444.0,normalDay
2022-09-14,14107.0,-2183.0,0.0,100,394.6,417.0,0,0.0,0.0,,0.0,1,0.58,0.01,SPY220916C00444000,444.0,normalDay
2022-09-15,14107.0,-2631.0,0.0,100,390.12,417.0,0,0.0,0.0,,0.0,1,0.58,0.01,SPY220916C00444000,444.0,normalDay
2022-09-16,14165.0,-3144.0,58.0,100,385.56,417.0,0,0.0,0.0,,0.0,1,0.58,0.0,SPY220916C00444000,444.0,expirationDay
2022-09-19,14165.0,-2848.0,0.0,100,388.55,417.0,0,0.0,0.0,,0.0,1,1.22,1.25,SPY221118C00436000,436.0,normalDay
2022-09-20,14165.0,-3267.0,0.0,100,384.09,417.0,0,0.0,0.0,,0.0,1,1.22,0.98,SPY221118C00436000,436.0,normalDay
2022-09-21,14165.0,-3902.0,0.0,100,377.39,417.0,0,0.0,0.0,,0.0,1,1.22,0.63,SPY221118C00436000,436.0,normalDay
2022-09-22,14165.0,-4206.0,0.0,100,374.22,417.0,0,0.0,0.0,,0.0,1,1.22,0.5,SPY221118C00436000,436.0,normalDay
2022-09-23,14165.0,-4819.0,0.0,100,367.95,417.0,0,0.0,0.0,,0.0,1,1.22,0.36,SPY221118C00436000,436.0,normalDay
2022-09-26,14165.0,-5176.0,0.0,100,364.31,417.0,0,0.0,0.0,,0.0,1,1.22,0.29,SPY221118C00436000,436.0,normalDay
2022-09-27,14165.0,-5264.0,0.0,100,363.38,417.0,0,0.0,0.0,,0.0,1,1.22,0.24,SPY221118C00436000,436.0,normalDay
2022-09-28,14165.0,-4563.0,0.0,100,370.53,417.0,0,0.0,0.0,,0.0,1,1.22,0.38,SPY221118C00436000,436.0,normalDay
2022-09-29,14165.0,-5320.0,0.0,100,362.79,417.0,0,0.0,0.0,,0.0,1,1.22,0.21,SPY221118C00436000,436.0,normalDay
2022-09-30,14165.0,-5874.0,0.0,100,357.18,417.0,0,0.0,0.0,,0.0,1,1.22,0.14,SPY221118C00436000,436.0,normalDay
2022-10-03,14165.0,-4940.0,0.0,100,366.61,417.0,0,0.0,0.0,,0.0,1,1.22,0.23,SPY221118C00436000,436.0,normalDay
2022-10-04,14165.0,-3830.0,0.0,100,377.97,417.0,0,0.0,0.0,,0.0,1,1.22,0.49,SPY221118C00436000,436.0,normalDay
2022-10-05,14165.0,-3906.0,0.0,100,377.09,417.0,0,0.0,0.0,,0.0,1,1.22,0.37,SPY221118C00436000,436.0,normalDay
2022-10-06,14165.0,-4287.0,0.0,100,373.2,417.0,0,0.0,0.0,,0.0,1,1.22,0.29,SPY221118C00436000,436.0,normalDay
2022-10-07,14165.0,-5313.0,0.0,100,362.79,417.0,0,0.0,0.0,,0.0,1,1.22,0.14,SPY221118C00436000,436.0,normalDay
2022-10-10,14165.0,-5590.0,0.0,100,360.02,417.0,0,0.0,0.0,,0.0,1,1.22,0.14,SPY221118C00436000,436.0,normalDay
2022-10-11,14165.0,-5817.0,0.0,100,357.74,417.0,0,0.0,0.0,,0.0,1,1.22,0.13,SPY221118C00436000,436.0,normalDay
2022-10-12,14165.0,-5935.0,0.0,100,356.56,417.0,0,0.0,0.0,,0.0,1,1.22,0.13,SPY221118C00436000,436.0,normalDay
2022-10-13,14165.0,-5004.0,0.0,100,365.97,417.0,0,0.0,0.0,,0.0,1,1.22,0.23,SPY221118C00436000,436.0,normalDay
2022-10-14,14165.0,-5827.0,0.0,100,357.63,417.0,0,0.0,0.0,,0.0,1,1.22,0.12,SPY221118C00436000,436.0,normalDay
2022-10-17,14165.0,-4913.0,0.0,100,366.82,417.0,0,0.0,0.0,,0.0,1,1.22,0.17,SPY221118C00436000,436.0,normalDay
2022-10-18,14165.0,-4488.0,0.0,100,371.13,417.0,0,0.0,0.0,,0.0,1,1.22,0.23,SPY221118C00436000,436.0,normalDay
2022-10-19,14165.0,-4745.0,0.0,100,368.5,417.0,0,0.0,0.0,,0.0,1,1.22,0.17,SPY221118C00436000,436.0,normalDay
2022-10-20,14165.0,-5047.0,0.0,100,365.41,417.0,0,0.0,0.0,,0.0,1,1.22,0.1,SPY221118C00436000,436.0,normalDay
2022-10-21,14165.0,-4171.0,0.0,100,374.29,417.0,0,0.0,0.0,,0.0,1,1.22,0.22,SPY221118C00436000,436.0,normalDay
2022-10-24,14165.0,-3718.0,0.0,100,378.87,417.0,0,0.0,0.0,,0.0,1,1.22,0.27,SPY221118C00436000,436.0,normalDay
2022-10-25,14165.0,-3112.0,0.0,100,384.92,417.0,0,0.0,0.0,,0.0,1,1.22,0.26,SPY221118C00436000,436.0,normalDay
2022-10-26,14165.0,-3393.0,0.0,100,382.02,417.0,0,0.0,0.0,,0.0,1,1.22,0.17,SPY221118C00436000,436.0,normalDay
2022-10-27,14165.0,-3589.0,0.0,100,379.98,417.0,0,0.0,0.0,,0.0,1,1.22,0.09,SPY221118C00436000,436.0,normalDay
2022-10-28,14165.0,-2697.0,0.0,100,389.02,417.0,0,0.0,0.0,,0.0,1,1.22,0.21,SPY221118C00436000,436.0,normalDay
2022-10-31,14165.0,-2970.0,0.0,100,386.21,417.0,0,0.0,0.0,,0.0,1,1.22,0.13,SPY221118C00436000,436.0,normalDay
2022-11-01,14165.0,-3136.0,0.0,100,384.52,417.0,0,0.0,0.0,,0.0,1,1.22,0.1,SPY221118C00436000,436.0,normalDay
2022-11-02,14165.0,-4095.0,0.0,100,374.87,417.0,0,0.0,0.0,,0.0,1,1.22,0.04,SPY221118C00436000,436.0,normalDay
2022-11-03,14165.0,-4480.0,0.0,100,371.01,417.0,0,0.0,0.0,,0.0,1,1.22,0.03,SPY221118C00436000,436.0,normalDay
2022-11-04,14165.0,-3946.0,0.0,100,376.35,417.0,0,0.0,0.0,,0.0,1,1.22,0.03,SPY221118C00436000,436.0,normalDay
2022-11-07,14165.0,-3585.0,0.0,100,379.95,417.0,0,0.0,0.0,,0.0,1,1.22,0.02,SPY221118C00436000,436.0,normalDay
2022-11-08,14165.0,-3380.0,0.0,100,382.0,417.0,0,0.0,0.0,,0.0,1,1.22,0.02,SPY221118C00436000,436.0,normalDay
2022-11-09,14165.0,-4167.0,0.0,100,374.13,417.0,0,0.0,0.0,,0.0,1,1.22,0.02,SPY221118C00436000,436.0,normalDay
2022-11-10,14165.0,-2113.0,0.0,100,394.69,417.0,0,0.0,0.0,,0.0,1,1.22,0.04,SPY221118C00436000,436.0,normalDay
2022-11-11,14165.0,-1730.0,0.0,100,398.51,417.0,0,0.0,0.0,,0.0,1,1.22,0.03,SPY221118C00436000,436.0,normalDay
2022-11-14,14165.0,-2068.0,0.0,100,395.12,417.0,0,0.0,0.0,,0.0,1,1.22,0.02,SPY221118C00436000,436.0,normalDay
2022-11-15,14165.0,-1731.0,0.0,100,398.49,417.0,0,0.0,0.0,,0.0,1,1.22,0.02,SPY221118C00436000,436.0,normalDay
2022-11-16,14165.0,-2034.0,0.0,100,395.45,417.0,0,0.0,0.0,,0.0,1,1.22,0.01,SPY221118C00436000,436.0,normalDay
2022-11-17,14165.0,-2155.0,0.0,100,394.24,417.0,0,0.0,0.0,,0.0,1,1.22,0.01,SPY221118C00436000,436.0,normalDay
2022-11-18,14287.0,-2097.0,122.0,100,396.03,417.0,0,0.0,0.0,,0.0,1,1.22,0.0,SPY221118C00436000,436.0,expirationDay
2022-11-21,14287.0,-2251.0,0.0,100,394.59,417.0,0,0.0,0.0,,0.0,1,3.91,4.01,SPY230120C00419000,419.0,normalDay
2022-11-22,14287.0,-1819.0,0.0,100,399.9,417.0,0,0.0,0.0,,0.0,1,3.91,5.0,SPY230120C00419000,419.0,normalDay
2022-11-23,14287.0,-1603.0,0.0,100,402.42,417.0,0,0.0,0.0,,0.0,1,3.91,5.36,SPY230120C00419000,419.0,normalDay
2022-11-25,14287.0,-1589.0,0.0,100,402.33,417.0,0,0.0,0.0,,0.0,1,3.91,5.13,SPY230120C00419000,419.0,normalDay
2022-11-28,14287.0,-2067.0,0.0,100,395.91,417.0,0,0.0,0.0,,0.0,1,3.91,3.49,SPY230120C00419000,419.0,normalDay
2022-11-29,14287.0,-2096.0,0.0,100,395.23,417.0,0,0.0,0.0,,0.0,1,3.91,3.1,SPY230120C00419000,419.0,normalDay
2022-11-30,14287.0,-1222.0,0.0,100,407.68,417.0,0,0.0,0.0,,0.0,1,3.91,6.81,SPY230120C00419000,419.0,normalDay
2022-12-01,14287.0,-1189.0,0.0,100,407.38,417.0,0,0.0,0.0,,0.0,1,3.91,6.18,SPY230120C00419000,419.0,normalDay
2022-12-02,14287.0,-1169.0,0.0,100,406.91,417.0,0,0.0,0.0,,0.0,1,3.91,5.51,SPY230120C00419000,419.0,normalDay
2022-12-05,14287.0,-1687.0,0.0,100,399.59,417.0,0,0.0,0.0,,0.0,1,3.91,3.37,SPY230120C00419000,419.0,normalDay
2022-12-06,14287.0,-2160.0,0.0,100,393.83,417.0,0,0.0,0.0,,0.0,1,3.91,2.34,SPY230120C00419000,419.0,normalDay
2022-12-07,14287.0,-2216.0,0.0,100,393.16,417.0,0,0.0,0.0,,0.0,1,3.91,2.23,SPY230120C00419000,419.0,normalDay
2022-12-08,14287.0,-1947.0,0.0,100,396.24,417.0,0,0.0,0.0,,0.0,1,3.91,2.62,SPY230120C00419000,419.0,normalDay
2022-12-09,14287.0,-2192.0,0.0,100,393.28,417.0,0,0.0,0.0,,0.0,1,3.91,2.11,SPY230120C00419000,419.0,normalDay
2022-12-12,14287.0,-1765.0,0.0,100,398.95,417.0,0,0.0,0.0,,0.0,1,3.91,3.51,SPY230120C00419000,419.0,normalDay
2022-12-13,14287.0,-1475.0,0.0,100,401.97,417.0,0,0.0,0.0,,0.0,1,3.91,3.63,SPY230120C00419000,419.0,normalDay
2022-12-14,14287.0,-1614.0,0.0,100,399.4,417.0,0,0.0,0.0,,0.0,1,3.91,2.45,SPY230120C00419000,419.0,normalDay
2022-12-15,14287.0,-2439.0,0.0,100,389.63,417.0,0,0.0,0.0,,0.0,1,3.91,0.93,SPY230120C00419000,419.0,normalDay
2022-12-16,14287.0,-3034.0,0.0,100,383.27,417.0,0,0.0,0.0,,0.0,1,3.91,0.52,SPY230120C00419000,419.0,normalDay
2022-12-19,14287.0,-3342.0,0.0,100,380.02,417.0,0,0.0,0.0,,0.0,1,3.91,0.35,SPY230120C00419000,419.0,normalDay
2022-12-20,14287.0,-3287.0,0.0,100,380.54,417.0,0,0.0,0.0,,0.0,1,3.91,0.32,SPY230120C00419000,419.0,normalDay
2022-12-21,14287.0,-2731.0,0.0,100,386.23,417.0,0,0.0,0.0,,0.0,1,3.91,0.45,SPY230120C00419000,419.0,normalDay
2022-12-22,14287.0,-3267.0,0.0,100,380.72,417.0,0,0.0,0.0,,0.0,1,3.91,0.3,SPY230120C00419000,419.0,normalDay
2022-12-23,14287.0,-3043.0,0.0,100,382.91,417.0,0,0.0,0.0,,0.0,1,3.91,0.25,SPY230120C00419000,419.0,normalDay
2022-12-27,14287.0,-3190.0,0.0,100,381.4,417.0,0,0.0,0.0,,0.0,1,3.91,0.21,SPY230120C00419000,419.0,normalDay
2022-12-28,14287.0,-3656.0,0.0,100,376.66,417.0,0,0.0,0.0,,0.0,1,3.91,0.13,SPY230120C00419000,419.0,normalDay
2022-12-29,14287.0,-2983.0,0.0,100,383.44,417.0,0,0.0,0.0,,0.0,1,3.91,0.18,SPY230120C00419000,419.0,normalDay
2022-12-30,14287.0,-3079.0,0.0,100,382.43,417.0,0,0.0,0.0,,0.0,1,3.91,0.13,SPY230120C00419000,419.0,normalDay
2023-01-03,14287.0,-3235.0,0.0,100,380.82,417.0,0,0.0,0.0,,0.0,1,3.91,0.08,SPY230120C00419000,419.0,normalDay
2023-01-04,14287.0,-2943.0,0.0,100,383.76,417.0,0,0.0,0.0,,0.0,1,3.91,0.1,SPY230120C00419000,419.0,normalDay
2023-01-05,14287.0,-3377.0,0.0,100,379.38,417.0,0,0.0,0.0,,0.0,1,3.91,0.06,SPY230120C00419000,419.0,normalDay
2023-01-06,14287.0,-2510.0,0.0,100,388.08,417.0,0,0.0,0.0,,0.0,1,3.91,0.09,SPY230120C00419000,419.0,normalDay
2023-01-09,14287.0,-2532.0,0.0,100,387.86,417.0,0,0.0,0.0,,0.0,1,3.91,0.09,SPY230120C00419000,419.0,normalDay
2023-01-10,14287.0,-2259.0,0.0,100,390.58,417.0,0,0.0,0.0,,0.0,1,3.91,0.08,SPY230120C00419000,419.0,normalDay
2023-01-11,14287.0,-1777.0,0.0,100,395.52,417.0,0,0.0,0.0,,0.0,1,3.91,0.2,SPY230120C00419000,419.0,normalDay
2023-01-12,14287.0,-1618.0,0.0,100,396.96,417.0,0,0.0,0.0,,0.0,1,3.91,0.05,SPY230120C00419000,419.0,normalDay
2023-01-13,14287.0,-1462.0,0.0,100,398.5,417.0,0,0.0,0.0,,0.0,1,3.91,0.03,SPY230120C00419000,419.0,normalDay
2023-01-17,14287.0,-1534.0,0.0,100,397.77,417.0,0,0.0,0.0,,0.0,1,3.91,0.02,SPY230120C00419000,419.0,normalDay
2023-01-18,14287.0,-2161.0,0.0,100,391.49,417.0,0,0.0,0.0,,0.0,1,3.91,0.01,SPY230120C00419000,419.0,normalDay
2023-01-19,14287.0,-2446.0,0.0,100,388.64,417.0,0,0.0,0.0,,0.0,1,3.91,0.01,SPY230120C00419000,419.0,normalDay
2023-01-20,14678.0,-2112.0,391.0,100,395.88,417.0,0,0.0,0.0,,0.0,1,3.91,0.0,SPY230120C00419000,419.0,expirationDay
2023-01-23,14678.0,-1643.0,0.0,100,400.63,417.0,0,0.0,0.0,,0.0,1,6.27,6.33,SPY230331C00415000,415.0,normalDay
2023-01-24,14678.0,-1684.0,0.0,100,400.2,417.0,0,0.0,0.0,,0.0,1,6.27,6.31,SPY230331C00415000,415.0,normalDay
2023-01-25,14678.0,-1620.0,0.0,100,400.35,417.0,0,0.0,0.0,,0.0,1,6.27,5.82,SPY230331C00415000,415.0,normalDay
2023-01-26,14678.0,-1327.0,0.0,100,404.75,417.0,0,0.0,0.0,,0.0,1,6.27,7.29,SPY230331C00415000,415.0,normalDay
2023-01-27,14678.0,-1263.0,0.0,100,405.68,417.0,0,0.0,0.0,,0.0,1,6.27,7.58,SPY230331C00415000,415.0,normalDay
2023-01-30,14678.0,-1611.0,0.0,100,400.59,417.0,0,0.0,0.0,,0.0,1,6.27,5.97,SPY230331C00415000,415.0,normalDay
2023-01-31,14678.0,-1196.0,0.0,100,406.48,417.0,0,0.0,0.0,,0.0,1,6.27,7.71,SPY230331C00415000,415.0,normalDay
2023-02-01,14678.0,-987.0,0.0,100,410.8,417.0,0,0.0,0.0,,0.0,1,6.27,9.94,SPY230331C00415000,415.0,normalDay
2023-02-02,14678.0,-650.0,0.0,100,416.78,417.0,0,0.0,0.0,,0.0,1,6.27,12.55,SPY230331C00415000,415.0,normalDay
2023-02-03,14678.0,-865.0,0.0,100,412.35,417.0,0,0.0,0.0,,0.0,1,6.27,10.27,SPY230331C00415000,415.0,normalDay
2023-02-06,14678.0,-1001.0,0.0,100,409.83,417.0,0,0.0,0.0,,0.0,1,6.27,9.11,SPY230331C00415000,415.0,normalDay
2023-02-07,14678.0,-681.0,0.0,100,415.19,417.0,0,0.0,0.0,,0.0,1,6.27,11.27,SPY230331C00415000,415.0,normalDay
2023-02-08,14678.0,-964.0,0.0,100,410.65,417.0,0,0.0,0.0,,0.0,1,6.27,9.56,SPY230331C00415000,415.0,normalDay
2023-02-09,14678.0,-1173.0,0.0,100,407.09,417.0,0,0.0,0.0,,0.0,1,6.27,8.09,SPY230331C00415000,415.0,normalDay
2023-02-10,14678.0,-1092.0,0.0,100,408.04,417.0,0,0.0,0.0,,0.0,1,6.27,8.23,SPY230331C00415000,415.0,normalDay
2023-02-13,14678.0,-821.0,0.0,100,412.83,417.0,0,0.0,0.0,,0.0,1,6.27,10.31,SPY230331C00415000,415.0,normalDay
2023-02-14,14678.0,-713.0,0.0,100,412.64,417.0,0,0.0,0.0,,0.0,1,6.27,9.04,SPY230331C00415000,415.0,normalDay
2023-02-15,14678.0,-645.0,0.0,100,413.98,417.0,0,0.0,0.0,,0.0,1,6.27,9.7,SPY230331C00415000,415.0,normalDay
2023-02-16,14678.0,-935.0,0.0,100,408.28,417.0,0,0.0,0.0,,0.0,1,6.27,6.9,SPY230331C00415000,415.0,normalDay
2023-02-17,14678.0,-971.0,0.0,100,407.26,417.0,0,0.0,0.0,,0.0,1,6.27,6.24,SPY230331C00415000,415.0,normalDay
2023-02-21,14678.0,-1522.0,0.0,100,399.09,417.0,0,0.0,0.0,,0.0,1,6.27,3.58,SPY230331C00415000,415.0,normalDay
2023-02-22,14678.0,-1522.0,0.0,100,398.54,417.0,0,0.0,0.0,,0.0,1,6.27,3.03,SPY230331C00415000,415.0,normalDay
2023-02-23,14678.0,-1320.0,0.0,100,400.66,417.0,0,0.0,0.0,,0.0,1,6.27,3.13,SPY230331C00415000,415.0,normalDay
2023-02-24,14678.0,-1647.0,0.0,100,396.38,417.0,0,0.0,0.0,,0.0,1,6.27,2.12,SPY230331C00415000,415.0,normalDay
2023-02-27,14678.0,-1512.0,0.0,100,397.73,417.0,0,0.0,0.0,,0.0,1,6.27,2.12,SPY230331C00415000,415.0,normalDay
2023-02-28,14678.0,-1606.0,0.0,100,396.26,417.0,0,0.0,0.0,,0.0,1,6.27,1.59,SPY230331C00415000,415.0,normalDay
2023-03-01,14678.0,-1737.0,0.0,100,394.74,417.0,0,0.0,0.0,,0.0,1,6.27,1.38,SPY230331C00415000,415.0,normalDay
2023-03-02,14678.0,-1460.0,0.0,100,397.81,417.0,0,0.0,0.0,,0.0,1,6.27,1.68,SPY230331C00415000,415.0,normalDay
2023-03-03,14678.0,-956.0,0.0,100,404.19,417.0,0,0.0,0.0,,0.0,1,6.27,3.02,SPY230331C00415000,415.0,normalDay
2023-03-06,14678.0,-918.0,0.0,100,404.47,417.0,0,0.0,0.0,,0.0,1,6.27,2.92,SPY230331C00415000,415.0,normalDay
2023-03-07,14678.0,-1397.0,0.0,100,398.27,417.0,0,0.0,0.0,,0.0,1,6.27,1.51,SPY230331C00415000,415.0,normalDay
2023-03-08,14678.0,-1320.0,0.0,100,398.92,417.0,0,0.0,0.0,,0.0,1,6.27,1.39,SPY230331C00415000,415.0,normalDay
2023-03-09,14678.0,-1988.0,0.0,100,391.56,417.0,0,0.0,0.0,,0.0,1,6.27,0.71,SPY230331C00415000,415.0,normalDay
2023-03-10,14678.0,-2511.0,0.0,100,385.91,417.0,0,0.0,0.0,,0.0,1,6.27,0.29,SPY230331C00415000,415.0,normalDay
2023-03-13,14678.0,-2569.0,0.0,100,385.36,417.0,0,0.0,0.0,,0.0,1,6.27,0.32,SPY230331C00415000,415.0,normalDay
2023-03-14,14678.0,-1932.0,0.0,100,391.73,417.0,0,0.0,0.0,,0.0,1,6.27,0.32,SPY230331C00415000,415.0,normalDay
2023-03-15,14678.0,-2168.0,0.0,100,389.28,417.0,0,0.0,0.0,,0.0,1,6.27,0.23,SPY230331C00415000,415.0,normalDay
2023-03-16,14678.0,-1509.0,0.0,100,396.11,417.0,0,0.0,0.0,,0.0,1,6.27,0.47,SPY230331C00415000,415.0,normalDay
2023-03-17,14678.0,-2099.0,0.0,100,389.99,417.0,0,0.0,0.0,,0.0,1,6.27,0.25,SPY230331C00415000,415.0,normalDay
2023-03-20,14678.0,-1724.0,0.0,100,393.74,417.0,0,0.0,0.0,,0.0,1,6.27,0.25,SPY230331C00415000,415.0,normalDay
2023-03-21,14678.0,-1237.0,0.0,100,398.91,417.0,0,0.0,0.0,,0.0,1,6.27,0.55,SPY230331C00415000,415.0,normalDay
2023-03-22,14678.0,-1871.0,0.0,100,392.11,417.0,0,0.0,0.0,,0.0,1,6.27,0.09,SPY230331C00415000,415.0,normalDay
2023-03-23,14678.0,-1763.0,0.0,100,393.17,417.0,0,0.0,0.0,,0.0,1,6.27,0.07,SPY230331C00415000,415.0,normalDay
2023-03-24,14678.0,-1503.0,0.0,100,395.75,417.0,0,0.0,0.0,,0.0,1,6.27,0.05,SPY230331C00415000,415.0,normalDay
2023-03-27,14678.0,-1427.0,0.0,100,396.49,417.0,0,0.0,0.0,,0.0,1,6.27,0.03,SPY230331C00415000,415.0,normalDay
2023-03-28,14678.0,-1515.0,0.0,100,395.6,417.0,0,0.0,0.0,,0.0,1,6.27,0.02,SPY230331C00415000,415.0,normalDay
2023-03-29,14678.0,-940.0,0.0,100,401.35,417.0,0,0.0,0.0,,0.0,1,6.27,0.02,SPY230331C00415000,415.0,normalDay
2023-03-30,14678.0,-704.0,0.0,100,403.7,417.0,0,0.0,0.0,,0.0,1,6.27,0.01,SPY230331C00415000,415.0,normalDay
2023-03-31,15305.0,-761.0,627.0,100,409.39,417.0,0,0.0,0.0,,0.0,1,6.27,0.0,SPY230331C00415000,415.0,expirationDay
2023-04-03,15305.0,-611.0,0.0,100,410.95,417.0,0,0.0,0.0,,0.0,1,9.09,9.15,SPY230616C00421000,421.0,normalDay
2023-04-04,15305.0,-732.0,0.0,100,408.67,417.0,0,0.0,0.0,,0.0,1,9.09,8.08,SPY230616C00421000,421.0,normalDay
2023-04-05,15305.0,-777.0,0.0,100,407.6,417.0,0,0.0,0.0,,0.0,1,9.09,7.46,SPY230616C00421000,421.0,normalDay
2023-04-06,15305.0,-653.0,0.0,100,409.19,417.0,0,0.0,0.0,,0.0,1,9.09,7.81,SPY230616C00421000,421.0,normalDay
2023-04-10,15305.0,-624.0,0.0,100,409.61,417.0,0,0.0,0.0,,0.0,1,9.09,7.94,SPY230616C00421000,421.0,normalDay
2023-04-11,15305.0,-595.0,0.0,100,409.72,417.0,0,0.0,0.0,,0.0,1,9.09,7.76,SPY230616C00421000,421.0,normalDay
2023-04-12,15305.0,-642.0,0.0,100,408.05,417.0,0,0.0,0.0,,0.0,1,9.09,6.56,SPY230616C00421000,421.0,normalDay
2023-04-13,15305.0,-317.0,0.0,100,413.47,417.0,0,0.0,0.0,,0.0,1,9.09,8.73,SPY230616C00421000,421.0,normalDay
2023-04-14,15305.0,-335.0,0.0,100,412.46,417.0,0,0.0,0.0,,0.0,1,9.09,7.9,SPY230616C00421000,421.0,normalDay
2023-04-17,15305.0,-200.0,0.0,100,413.94,417.0,0,0.0,0.0,,0.0,1,9.09,8.03,SPY230616C00421000,421.0,normalDay
2023-04-18,15305.0,-140.0,0.0,100,414.21,417.0,0,0.0,0.0,,0.0,1,9.09,7.7,SPY230616C00421000,421.0,normalDay
2023-04-19,15305.0,-120.0,0.0,100,414.14,417.0,0,0.0,0.0,,0.0,1,9.09,7.43,SPY230616C00421000,421.0,normalDay
2023-04-20,15305.0,-249.0,0.0,100,411.88,417.0,0,0.0,0.0,,0.0,1,9.09,6.46,SPY230616C00421000,421.0,normalDay
2023-04-21,15305.0,-190.0,0.0,100,412.2,417.0,0,0.0,0.0,,0.0,1,9.09,6.19,SPY230616C00421000,421.0,normalDay
2023-04-24,15305.0,-143.0,0.0,100,412.63,417.0,0,0.0,0.0,,0.0,1,9.09,6.15,SPY230616C00421000,421.0,normalDay
2023-04-25,15305.0,-618.0,0.0,100,406.08,417.0,0,0.0,0.0,,0.0,1,9.09,4.35,SPY230616C00421000,421.0,normalDay
2023-04-26,15305.0,-680.0,0.0,100,404.36,417.0,0,0.0,0.0,,0.0,1,9.09,3.25,SPY230616C00421000,421.0,normalDay
2023-04-27,15305.0,-154.0,0.0,100,412.41,417.0,0,0.0,0.0,,0.0,1,9.09,6.04,SPY230616C00421000,421.0,normalDay
2023-04-28,15305.0,104.0,0.0,100,415.93,417.0,0,0.0,0.0,,0.0,1,9.09,6.98,SPY230616C00421000,421.0,normalDay
2023-05-01,15305.0,109.0,0.0,100,415.51,417.0,0,0.0,0.0,,0.0,1,9.09,6.51,SPY230616C00421000,421.0,normalDay
2023-05-02,15305.0,-177.0,0.0,100,410.84,417.0,0,0.0,0.0,,0.0,1,9.09,4.7,SPY230616C00421000,421.0,normalDay
2023-05-03,15305.0,-376.0,0.0,100,408.02,417.0,0,0.0,0.0,,0.0,1,9.09,3.87,SPY230616C00421000,421.0,normalDay
2023-05-04,15305.0,-566.0,0.0,100,405.13,417.0,0,0.0,0.0,,0.0,1,9.09,2.88,SPY230616C00421000,421.0,normalDay
2023-05-05,15305.0,1.0,0.0,100,412.63,417.0,0,0.0,0.0,,0.0,1,9.09,4.71,SPY230616C00421000,421.0,normalDay
2023-05-08,15305.0,33.0,0.0,100,412.74,417.0,0,0.0,0.0,,0.0,1,9.09,4.5,SPY230616C00421000,421.0,normalDay
2023-05-09,15305.0,-96.0,0.0,100,410.93,417.0,0,0.0,0.0,,0.0,1,9.09,3.98,SPY230616C00421000,421.0,normalDay
2023-05-10,15305.0,61.0,0.0,100,412.85,417.0,0,0.0,0.0,,0.0,1,9.09,4.33,SPY230616C00421000,421.0,normalDay
2023-05-11,15305.0,59.0,0.0,100,412.13,417.0,0,0.0,0.0,,0.0,1,9.09,3.63,SPY230616C00421000,421.0,normalDay
2023-05-12,15305.0,59.0,0.0,100,411.59,417.0,0,0.0,0.0,,0.0,1,9.09,3.09,SPY230616C00421000,421.0,normalDay
2023-05-15,15305.0,175.0,0.0,100,413.01,417.0,0,0.0,0.0,,0.0,1,9.09,3.35,SPY230616C00421000,421.0,normalDay
2023-05-16,15305.0,-19.0,0.0,100,410.25,417.0,0,0.0,0.0,,0.0,1,9.09,2.53,SPY230616C00421000,421.0,normalDay
2023-05-17,15305.0,330.0,0.0,100,415.23,417.0,0,0.0,0.0,,0.0,1,9.09,4.02,SPY230616C00421000,421.0,normalDay
2023-05-18,15305.0,546.0,0.0,100,419.23,417.0,0,0.0,0.0,,0.0,1,9.09,5.86,SPY230616C00421000,421.0,normalDay
2023-05-19,15305.0,515.0,0.0,100,418.62,417.0,0,0.0,0.0,,0.0,1,9.09,5.56,SPY230616C00421000,421.0,normalDay
2023-05-22,15305.0,529.0,0.0,100,418.79,417.0,0,0.0,0.0,,0.0,1,9.09,5.59,SPY230616C00421000,421.0,normalDay
2023-05-23,15305.0,272.0,0.0,100,414.09,417.0,0,0.0,0.0,,0.0,1,9.09,3.46,SPY230616C00421000,421.0,normalDay
2023-05-24,15305.0,56.0,0.0,100,411.09,417.0,0,0.0,0.0,,0.0,1,9.09,2.62,SPY230616C00421000,421.0,normalDay
2023-05-25,15305.0,328.0,0.0,100,414.65,417.0,0,0.0,0.0,,0.0,1,9.09,3.46,SPY230616C00421000,421.0,normalDay
2023-05-26,15305.0,632.0,0.0,100,420.02,417.0,0,0.0,0.0,,0.0,1,9.09,5.79,SPY230616C00421000,421.0,normalDay
2023-05-30,15305.0,695.0,0.0,100,420.18,417.0,0,0.0,0.0,,0.0,1,9.09,5.32,SPY230616C00421000,421.0,normalDay
2023-05-31,15305.0,631.0,0.0,100,417.85,417.0,0,0.0,0.0,,0.0,1,9.09,3.63,SPY230616C00421000,421.0,normalDay
2023-06-01,15305.0,867.0,0.0,100,421.82,417.0,0,0.0,0.0,,0.0,1,9.09,5.24,SPY230616C00421000,421.0,normalDay
2023-06-02,15305.0,1061.0,0.0,100,427.92,417.0,0,0.0,0.0,,0.0,1,9.09,9.4,SPY230616C00421000,421.0,normalDay
2023-06-05,15305.0,1085.0,0.0,100,427.1,417.0,0,0.0,0.0,,0.0,1,9.09,8.34,SPY230616C00421000,421.0,normalDay
2023-06-06,15305.0,1113.0,0.0,100,428.03,417.0,0,0.0,0.0,,0.0,1,9.09,8.99,SPY230616C00421000,421.0,normalDay
2023-06-07,15305.0,1117.0,0.0,100,426.55,417.0,0,0.0,0.0,,0.0,1,9.09,7.47,SPY230616C00421000,421.0,normalDay
2023-06-08,15305.0,1207.0,0.0,100,429.13,417.0,0,0.0,0.0,,0.0,1,9.09,9.15,SPY230616C00421000,421.0,normalDay
2023-06-09,15305.0,1186.0,0.0,100,429.9,417.0,0,0.0,0.0,,0.0,1,9.09,10.13,SPY230616C00421000,421.0,normalDay
2023-06-12,15305.0,1277.0,0.0,100,433.8,417.0,0,0.0,0.0,,0.0,1,9.09,13.12,SPY230616C00421000,421.0,normalDay
2023-06-13,15305.0,1268.0,0.0,100,436.66,417.0,0,0.0,0.0,,0.0,1,9.09,16.07,SPY230616C00421000,421.0,normalDay
2023-06-14,15305.0,1248.0,0.0,100,437.18,417.0,0,0.0,0.0,,0.0,1,9.09,16.79,SPY230616C00421000,421.0,normalDay
2023-06-15,15305.0,1349.0,0.0,100,442.6,417.0,0,0.0,0.0,,0.0,1,9.09,21.2,SPY230616C00421000,421.0,normalDay
2023-06-16,16614.0,1349.0,1309.0,0,439.46,0.0,0,0.0,0.0,,0.0,1,9.09,0.0,SPY230616C00421000,421.0,expirationDay
2023-06-20,16614.0,-8.0,0.0,0,437.18,0.0,1,4.2,4.28,SPY231020P00395000,395.0,0,0.0,0.0,,0.0,normalDay
2023-06-21,16614.0,-11.0,0.0,0,434.94,0.0,1,4.2,4.31,SPY231020P00395000,395.0,0,0.0,0.0,,0.0,normalDay
2023-06-22,16614.0,19.0,0.0,0,436.51,0.0,1,4.2,4.01,SPY231020P00395000,395.0,0,0.0,0.0,,0.0,normalDay
2023-06-23,16614.0,-18.0,0.0,0,433.21,0.0,1,4.2,4.38,SPY231020P00395000,395.0,0,0.0,0.0,,0.0,normalDay
2023-06-26,16614.0,-28.0,0.0,0,431.44,0.0,1,4.2,4.48,SPY231020P00395000,395.0,0,0.0,0.0,,0.0,normalDay
2023-06-27,16614.0,47.0,0.0,0,436.17,0.0,1,4.2,3.73,SPY231020P00395000,395.0,0,0.0,0.0,,0.0,normalDay
2023-06-28,16614.0,82.0,0.0,0,436.39,0.0,1,4.2,3.38,SPY231020P00395000,395.0,0,0.0,0.0,,0.0,normalDay
2023-06-29,16614.0,85.0,0.0,0,438.11,0.0,1,4.2,3.35,SPY231020P00395000,395.0,0,0.0,0.0,,0.0,normalDay
2023-06-30,16614.0,130.0,0.0,0,443.28,0.0,1,4.2,2.9,SPY231020P00395000,395.0,0,0.0,0.0,,0.0,normalDay
2023-07-03,16614.0,138.0,0.0,0,443.79,0.0,1,4.2,2.82,SPY231020P00395000,395.0,0,0.0,0.0,,0.0,normalDay
2023-07-05,16614.0,127.0,0.0,0,443.13,0.0,1,4.2,2.93,SPY231020P00395000,395.0,0,0.0,0.0,,0.0,normalDay
2023-07-06,16614.0,73.0,0.0,0,439.66,0.0,1,4.2,3.47,SPY231020P00395000,395.0,0,0.0,0.0,,0.0,normalDay
2023-07-07,16614.0,82.0,0.0,0,438.55,0.0,1,4.2,3.38,SPY231020P00395000,395.0,0,0.0,0.0,,0.0,normalDay
2023-07-10,16614.0,99.0,0.0,0,439.66,0.0,1,4.2,3.21,SPY231020P00395000,395.0,0,0.0,0.0,,0.0,normalDay
2023-07-11,16614.0,128.0,0.0,0,442.46,0.0,1,4.2,2.92,SPY231020P00395000,395.0,0,0.0,0.0,,0.0,normalDay
2023-07-12,16614.0,182.0,0.0,0,446.02,0.0,1,4.2,2.38,SPY231020P00395000,395.0,0,0.0,0.0,,0.0,normalDay
2023-07-13,16614.0,197.0,0.0,0,449.56,0.0,1,4.2,2.23,SPY231020P00395000,395.0,0,0.0,0.0,,0.0,normalDay
2023-07-14,16614.0,202.0,0.0,0,449.28,0.0,1,4.2,2.18,SPY231020P00395000,395.0,0,0.0,0.0,,0.0,normalDay
2023-07-17,16614.0,212.0,0.0,0,450.84,0.0,1,4.2,2.08,SPY231020P00395000,395.0,0,0.0,0.0,,0.0,normalDay
2023-07-18,16614.0,237.0,0.0,0,454.19,0.0,1,4.2,1.83,SPY231020P00395000,395.0,0,0.0,0.0,,0.0,normalDay
2023-07-19,16614.0,230.0,0.0,0,455.2,0.0,1,4.2,1.9,SPY231020P00395000,395.0,0,0.0,0.0,,0.0,normalDay
2023-07-20,16614.0,219.0,0.0,0,452.18,0.0,1,4.2,2.01,SPY231020P00395000,395.0,0,0.0,0.0,,0.0,normalDay
2023-07-21,16614.0,227.0,0.0,0,452.18,0.0,1,4.2,1.93,SPY231020P00395000,395.0,0,0.0,0.0,,0.0,normalDay
2023-07-24,16614.0,246.0,0.0,0,454.2,0.0,1,4.2,1.74,SPY231020P00395000,395.0,0,0.0,0.0,,0.0,normalDay
2023-07-25,16614.0,252.0,0.0,0,455.44,0.0,1,4.2,1.68,SPY231020P00395000,395.0,0,0.0,0.0,,0.0,normalDay
2023-07-26,16614.0,267.0,0.0,0,455.51,0.0,1,4.2,1.53,SPY231020P00395000,395.0,0,0.0,0.0,,0.0,normalDay
2023-07-27,16614.0,234.0,0.0,0,452.49,0.0,1,4.2,1.86,SPY231020P00395000,395.0,0,0.0,0.0,,0.0,normalDay
2023-07-28,16614.0,272.0,0.0,0,456.92,0.0,1,4.2,1.48,SPY231020P00395000,395.0,0,0.0,0.0,,0.0,normalDay
2023-07-31,16614.0,281.0,0.0,0,457.79,0.0,1,4.2,1.39,SPY231020P00395000,395.0,0,0.0,0.0,,0.0,normalDay
2023-08-01,16614.0,274.0,0.0,0,456.48,0.0,1,4.2,1.46,SPY231020P00395000,395.0,0,0.0,0.0,,0.0,normalDay
2023-08-02,16614.0,210.0,0.0,0,450.13,0.0,1,4.2,2.1,SPY231020P00395000,395.0,0,0.0,0.0,,0.0,normalDay
2023-08-03,16614.0,219.0,0.0,0,448.84,0.0,1,4.2,2.01,SPY231020P00395000,395.0,0,0.0,0.0,,0.0,normalDay
2023-08-04,16614.0,177.0,0.0,0,446.81,0.0,1,4.2,2.43,SPY231020P00395000,395.0,0,0.0,0.0,,0.0,normalDay
2023-08-07,16614.0,236.0,0.0,0,450.71,0.0,1,4.2,1.84,SPY231020P00395000,395.0,0,0.0,0.0,,0.0,normalDay
2023-08-08,16614.0,220.0,0.0,0,448.75,0.0,1,4.2,2.0,SPY231020P00395000,395.0,0,0.0,0.0,,0.0,normalDay
2023-08-09,16614.0,216.0,0.0,0,445.75,0.0,1,4.2,2.04,SPY231020P00395000,395.0,0,0.0,0.0,,0.0,normalDay
2023-08-10,16614.0,215.0,0.0,0,445.91,0.0,1,4.2,2.05,SPY231020P00395000,395.0,0,0.0,0.0,,0.0,normalDay
2023-08-11,16614.0,236.0,0.0,0,445.65,0.0,1,4.2,1.84,SPY231020P00395000,395.0,0,0.0,0.0,,0.0,normalDay
2023-08-14,16614.0,262.0,0.0,0,448.11,0.0,1,4.2,1.58,SPY231020P00395000,395.0,0,0.0,0.0,,0.0,normalDay
2023-08-15,16614.0,213.0,0.0,0,442.89,0.0,1,4.2,2.07,SPY231020P00395000,395.0,0,0.0,0.0,,0.0,normalDay
2023-08-16,16614.0,191.0,0.0,0,439.64,0.0,1,4.2,2.29,SPY231020P00395000,395.0,0,0.0,0.0,,0.0,normalDay
2023-08-17,16614.0,146.0,0.0,0,436.29,0.0,1,4.2,2.74,SPY231020P00395000,395.0,0,0.0,0.0,,0.0,normalDay
2023-08-18,16614.0,182.0,0.0,0,436.5,0.0,1,4.2,2.38,SPY231020P00395000,395.0,0,0.0,0.0,,0.0,normalDay
2023-08-21,16614.0,221.0,0.0,0,439.34,0.0,1,4.2,1.99,SPY231020P00395000,395.0,0,0.0,0.0,,0.0,normalDay
2023-08-22,16614.0,227.0,0.0,0,438.15,0.0,1,4.2,1.93,SPY231020P00395000,395.0,0,0.0,0.0,,0.0,normalDay
2023-08-23,16614.0,271.0,0.0,0,443.03,0.0,1,4.2,1.49,SPY231020P00395000,395.0,0,0.0,0.0,,0.0,normalDay
2023-08-24,16614.0,224.0,0.0,0,436.89,0.0,1,4.2,1.96,SPY231020P00395000,395.0,0,0.0,0.0,,0.0,normalDay
2023-08-25,16614.0,273.0,0.0,0,439.97,0.0,1,4.2,1.47,SPY231020P00395000,395.0,0,0.0,0.0,,0.0,normalDay
2023-08-28,16614.0,308.0,0.0,0,442.76,0.0,1,4.2,1.12,SPY231020P00395000,395.0,0,0.0,0.0,,0.0,normalDay
2023-08-29,16614.0,340.0,0.0,0,449.16,0.0,1,4.2,0.8,SPY231020P00395000,395.0,0,0.0,0.0,,0.0,normalDay
2023-08-30,16614.0,352.0,0.0,0,451.01,0.0,1,4.2,0.68,SPY231020P00395000,395.0,0,0.0,0.0,,0.0,normalDay
2023-08-31,16614.0,357.0,0.0,0,450.35,0.0,1,4.2,0.63,SPY231020P00395000,395.0,0,0.0,0.0,,0.0,normalDay
2023-09-01,16614.0,361.0,0.0,0,451.19,0.0,1,4.2,0.59,SPY231020P00395000,395.0,0,0.0,0.0,,0.0,normalDay
2023-09-05,16614.0,357.0,0.0,0,449.24,0.0,1,4.2,0.63,SPY231020P00395000,395.0,0,0.0,0.0,,0.0,normalDay
2023-09-06,16614.0,349.0,0.0,0,446.22,0.0,1,4.2,0.71,SPY231020P00395000,395.0,0,0.0,0.0,,0.0,normalDay
2023-09-07,16614.0,352.0,0.0,0,444.85,0.0,1,4.2,0.68,SPY231020P00395000,395.0,0,0.0,0.0,,0.0,normalDay
2023-09-08,16614.0,362.0,0.0,0,445.52,0.0,1,4.2,0.58,SPY231020P00395000,395.0,0,0.0,0.0,,0.0,normalDay
2023-09-11,16614.0,373.0,0.0,0,448.45,0.0,1,4.2,0.47,SPY231020P00395000,395.0,0,0.0,0.0,,0.0,normalDay
2023-09-12,16614.0,368.0,0.0,0,445.99,0.0,1,4.2,0.52,SPY231020P00395000,395.0,0,0.0,0.0,,0.0,normalDay
2023-09-13,16614.0,378.0,0.0,0,446.51,0.0,1,4.2,0.42,SPY231020P00395000,395.0,0,0.0,0.0,,0.0,normalDay
2023-09-14,16614.0,386.0,0.0,0,450.36,0.0,1,4.2,0.34,SPY231020P00395000,395.0,0,0.0,0.0,,0.0,normalDay
2023-09-15,16614.0,373.0,0.0,0,443.37,0.0,1,4.2,0.47,SPY231020P00395000,395.0,0,0.0,0.0,,0.0,normalDay
2023-09-18,16614.0,380.0,0.0,0,443.63,0.0,1,4.2,0.4,SPY231020P00395000,395.0,0,0.0,0.0,,0.0,normalDay
2023-09-19,16614.0,383.0,0.0,0,442.71,0.0,1,4.2,0.37,SPY231020P00395000,395.0,0,0.0,0.0,,0.0,normalDay
2023-09-20,16614.0,373.0,0.0,0,438.64,0.0,1,4.2,0.47,SPY231020P00395000,395.0,0,0.0,0.0,,0.0,normalDay
2023-09-21,16614.0,331.0,0.0,0,431.39,0.0,1,4.2,0.89,SPY231020P00395000,395.0,0,0.0,0.0,,0.0,normalDay
2023-09-22,16614.0,335.0,0.0,0,430.42,0.0,1,4.2,0.85,SPY231020P00395000,395.0,0,0.0,0.0,,0.0,normalDay
2023-09-25,16614.0,359.0,0.0,0,432.23,0.0,1,4.2,0.61,SPY231020P00395000,395.0,0,0.0,0.0,,0.0,normalDay
2023-09-26,16614.0,317.0,0.0,0,425.88,0.0,1,4.2,1.03,SPY231020P00395000,395.0,0,0.0,0.0,,0.0,normalDay
2023-09-27,16614.0,339.0,0.0,0,426.05,0.0,1,4.2,0.81,SPY231020P00395000,395.0,0,0.0,0.0,,0.0,normalDay
2023-09-28,16614.0,360.0,0.0,0,428.52,0.0,1,4.2,0.6,SPY231020P00395000,395.0,0,0.0,0.0,,0.0,normalDay
2023-09-29,16614.0,361.0,0.0,0,427.48,0.0,1,4.2,0.59,SPY231020P00395000,395.0,0,0.0,0.0,,0.0,normalDay
2023-10-02,16614.0,376.0,0.0,0,427.31,0.0,1,4.2,0.44,SPY231020P00395000,395.0,0,0.0,0.0,,0.0,normalDay
2023-10-03,16614.0,338.0,0.0,0,421.59,0.0,1,4.2,0.82,SPY231020P00395000,395.0,0,0.0,0.0,,0.0,normalDay
2023-10-04,16614.0,370.0,0.0,0,424.66,0.0,1,4.2,0.5,SPY231020P00395000,395.0,0,0.0,0.0,,0.0,normalDay
2023-10-05,16614.0,373.0,0.0,0,424.5,0.0,1,4.2,0.47,SPY231020P00395000,395.0,0,0.0,0.0,,0.0,normalDay
2023-10-06,16614.0,398.0,0.0,0,429.54,0.0,1,4.2,0.22,SPY231020P00395000,395.0,0,0.0,0.0,,0.0,normalDay
2023-10-09,16614.0,398.0,0.0,0,432.29,0.0,1,4.2,0.22,SPY231020P00395000,395.0,0,0.0,0.0,,0.0,normalDay
2023-10-10,16614.0,401.0,0.0,0,434.54,0.0,1,4.2,0.19,SPY231020P00395000,395.0,0,0.0,0.0,,0.0,normalDay
2023-10-11,16614.0,407.0,0.0,0,436.32,0.0,1,4.2,0.13,SPY231020P00395000,395.0,0,0.0,0.0,,0.0,normalDay
2023-10-12,16614.0,406.0,0.0,0,433.66,0.0,1,4.2,0.14,SPY231020P00395000,395.0,0,0.0,0.0,,0.0,normalDay
2023-10-13,16614.0,403.0,0.0,0,431.5,0.0,1,4.2,0.17,SPY231020P00395000,395.0,0,0.0,0.0,,0.0,normalDay
2023-10-16,16614.0,412.0,0.0,0,436.04,0.0,1,4.2,0.08,SPY231020P00395000,395.0,0,0.0,0.0,,0.0,normalDay
2023-10-17,16614.0,414.0,0.0,0,436.02,0.0,1,4.2,0.06,SPY231020P00395000,395.0,0,0.0,0.0,,0.0,normalDay
2023-10-18,16614.0,415.0,0.0,0,430.21,0.0,1,4.2,0.05,SPY231020P00395000,395.0,0,0.0,0.0,,0.0,normalDay
2023-10-19,16614.0,417.0,0.0,0,426.43,0.0,1,4.2,0.03,SPY231020P00395000,395.0,0,0.0,0.0,,0.0,normalDay
2023-10-20,17034.0,0.0,420.0,0,421.19,0.0,1,4.2,0.0,SPY231020P00395000,395.0,0,0.0,0.0,,0.0,expirationDay
2023-10-23,17034.0,-5.0,0.0,0,420.46,0.0,1,11.97,12.02,SPY240216P00413000,413.0,0,0.0,0.0,,0.0,normalDay
2023-10-24,17034.0,139.0,0.0,0,423.63,0.0,1,11.97,10.58,SPY240216P00413000,413.0,0,0.0,0.0,,0.0,normalDay
2023-10-25,17034.0,-111.0,0.0,0,417.55,0.0,1,11.97,13.08,SPY240216P00413000,413.0,0,0.0,0.0,,0.0,normalDay
2023-10-26,17034.0,-297.0,0.0,0,412.55,0.0,1,11.97,14.94,SPY240216P00413000,413.0,0,0.0,0.0,,0.0,normalDay
2023-10-27,17034.0,-407.0,0.0,0,410.68,0.0,1,11.97,16.04,SPY240216P00413000,413.0,0,0.0,0.0,,0.0,normalDay
2023-10-30,17034.0,-137.0,0.0,0,415.59,0.0,1,11.97,13.34,SPY240216P00413000,413.0,0,0.0,0.0,,0.0,normalDay
2023-10-31,17034.0,35.0,0.0,0,418.2,0.0,1,11.97,11.62,SPY240216P00413000,413.0,0,0.0,0.0,,0.0,normalDay
2023-11-01,17034.0,240.0,0.0,0,422.66,0.0,1,11.97,9.57,SPY240216P00413000,413.0,0,0.0,0.0,,0.0,normalDay
2023-11-02,17034.0,483.0,0.0,0,430.76,0.0,1,11.97,7.14,SPY240216P00413000,413.0,0,0.0,0.0,,0.0,normalDay
2023-11-03,17034.0,599.0,0.0,0,434.69,0.0,1,11.97,5.98,SPY240216P00413000,413.0,0,0.0,0.0,,0.0,normalDay
2023-11-06,17034.0,639.0,0.0,0,435.69,0.0,1,11.97,5.58,SPY240216P00413000,413.0,0,0.0,0.0,,0.0,normalDay
2023-11-07,17034.0,674.0,0.0,0,436.93,0.0,1,11.97,5.23,SPY240216P00413000,413.0,0,0.0,0.0,,0.0,normalDay
2023-11-08,17034.0,703.0,0.0,0,437.25,0.0,1,11.97,4.94,SPY240216P00413000,413.0,0,0.0,0.0,,0.0,normalDay
2023-11-09,17034.0,626.0,0.0,0,433.84,0.0,1,11.97,5.71,SPY240216P00413000,413.0,0,0.0,0.0,,0.0,normalDay
2023-11-10,17034.0,774.0,0.0,0,440.61,0.0,1,11.97,4.23,SPY240216P00413000,413.0,0,0.0,0.0,,0.0,normalDay
2023-11-13,17034.0,776.0,0.0,0,440.19,0.0,1,11.97,4.21,SPY240216P00413000,413.0,0,0.0,0.0,,0.0,normalDay
2023-11-14,17034.0,885.0,0.0,0,448.73,0.0,1,11.97,3.12,SPY240216P00413000,413.0,0,0.0,0.0,,0.0,normalDay
2023-11-15,17034.0,892.0,0.0,0,449.68,0.0,1,11.97,3.05,SPY240216P00413000,413.0,0,0.0,0.0,,0.0,normalDay
2023-11-16,17034.0,908.0,0.0,0,450.23,0.0,1,11.97,2.89,SPY240216P00413000,413.0,0,0.0,0.0,,0.0,normalDay
2023-11-17,17034.0,925.0,0.0,0,450.79,0.0,1,11.97,2.72,SPY240216P00413000,413.0,0,0.0,0.0,,0.0,normalDay
2023-11-20,17034.0,963.0,0.0,0,454.26,0.0,1,11.97,2.34,SPY240216P00413000,413.0,0,0.0,0.0,,0.0,normalDay
2023-11-21,17034.0,965.0,0.0,0,453.27,0.0,1,11.97,2.32,SPY240216P00413000,413.0,0,0.0,0.0,,0.0,normalDay
2023-11-22,17034.0,983.0,0.0,0,455.02,0.0,1,11.97,2.14,SPY240216P00413000,413.0,0,0.0,0.0,,0.0,normalDay
2023-11-24,17034.0,999.0,0.0,0,455.3,0.0,1,11.97,1.98,SPY240216P00413000,413.0,0,0.0,0.0,,0.0,normalDay
2023-11-27,17034.0,999.0,0.0,0,454.48,0.0,1,11.97,1.98,SPY240216P00413000,413.0,0,0.0,0.0,,0.0,normalDay
2023-11-28,17034.0,1008.0,0.0,0,454.93,0.0,1,11.97,1.89,SPY240216P00413000,413.0,0,0.0,0.0,,0.0,normalDay
2023-11-29,17034.0,1003.0,0.0,0,454.61,0.0,1,11.97,1.94,SPY240216P00413000,413.0,0,0.0,0.0,,0.0,normalDay
2023-11-30,17034.0,1012.0,0.0,0,456.4,0.0,1,11.97,1.85,SPY240216P00413000,413.0,0,0.0,0.0,,0.0,normalDay
