date,totalCapital,unrializedPnL,rializedPnL,stocksOwned,stocksPriceToday,stocksPriceBoughtAt,putOwned,putOwnedSoldAt,putPriceToday,putOwnedContract,putOwnedStrike,callOwned,callOwnedSoldAt,callPriceToday,callOwnedContract,callOwnedStrike,trackType
2018-11-01,0.0,-11.0,0.0,0,273.51,0.0,1,8.83,8.94,SPY190315P00267000,267.0,0,0.0,0.0,,0.0,normalDay
2018-11-02,0.0,-61.0,0.0,0,271.89,0.0,1,8.83,9.44,SPY190315P00267000,267.0,0,0.0,0.0,,0.0,normalDay
2018-11-05,0.0,16.0,0.0,0,273.39,0.0,1,8.83,8.67,SPY190315P00267000,267.0,0,0.0,0.0,,0.0,normalDay
2018-11-06,0.0,90.0,0.0,0,275.12,0.0,1,8.83,7.93,SPY190315P00267000,267.0,0,0.0,0.0,,0.0,normalDay
2018-11-07,0.0,310.0,0.0,0,281.01,0.0,1,8.83,5.73,SPY190315P00267000,267.0,0,0.0,0.0,,0.0,normalDay
2018-11-08,0.0,314.0,0.0,0,280.5,0.0,1,8.83,5.69,SPY190315P00267000,267.0,0,0.0,0.0,,0.0,normalDay
2018-11-09,0.0,213.0,0.0,0,277.76,0.0,1,8.83,6.7,SPY190315P00267000,267.0,0,0.0,0.0,,0.0,normalDay
2018-11-12,0.0,22.0,0.0,0,272.57,0.0,1,8.83,8.61,SPY190315P00267000,267.0,0,0.0,0.0,,0.0,normalDay
2018-11-13,0.0,-12.0,0.0,0,272.06,0.0,1,8.83,8.95,SPY190315P00267000,267.0,0,0.0,0.0,,0.0,normalDay
2018-11-14,0.0,-121.0,0.0,0,270.2,0.0,1,8.83,10.04,SPY190315P00267000,267.0,0,0.0,0.0,,0.0,normalDay
2018-11-15,0.0,10.0,0.0,0,273.02,0.0,1,8.83,8.73,SPY190315P00267000,267.0,0,0.0,0.0,,0.0,normalDay
2018-11-16,0.0,84.0,0.0,0,273.73,0.0,1,8.83,7.99,SPY190315P00267000,267.0,0,0.0,0.0,,0.0,normalDay
2018-11-19,0.0,-116.0,0.0,0,269.1,0.0,1,8.83,9.99,SPY190315P00267000,267.0,0,0.0,0.0,,0.0,normalDay
2018-11-20,0.0,-389.0,0.0,0,264.12,0.0,1,8.83,12.72,SPY190315P00267000,267.0,0,0.0,0.0,,0.0,normalDay
2018-11-21,0.0,-298.0,0.0,0,265.02,0.0,1,8.83,11.81,SPY190315P00267000,267.0,0,0.0,0.0,,0.0,normalDay
2018-11-23,0.0,-398.0,0.0,0,263.25,0.0,1,8.83,12.81,SPY190315P00267000,267.0,0,0.0,0.0,,0.0,normalDay
2018-11-26,0.0,-111.0,0.0,0,267.5,0.0,1,8.83,9.94,SPY190315P00267000,267.0,0,0.0,0.0,,0.0,normalDay
2018-11-27,0.0,-84.0,0.0,0,268.4,0.0,1,8.83,9.67,SPY190315P00267000,267.0,0,0.0,0.0,,0.0,normalDay
2018-11-28,0.0,140.0,0.0,0,274.58,0.0,1,8.83,7.43,SPY190315P00267000,267.0,0,0.0,0.0,,0.0,normalDay
2018-11-29,0.0,124.0,0.0,0,273.98,0.0,1,8.83,7.59,SPY190315P00267000,267.0,0,0.0,0.0,,0.0,normalDay
2018-11-30,0.0,202.0,0.0,0,275.65,0.0,1,8.83,6.81,SPY190315P00267000,267.0,0,0.0,0.0,,0.0,normalDay
2018-12-03,0.0,341.0,0.0,0,279.3,0.0,1,8.83,5.42,SPY190315P00267000,267.0,0,0.0,0.0,,0.0,normalDay
2018-12-04,0.0,-23.0,0.0,0,270.25,0.0,1,8.83,9.06,SPY190315P00267000,267.0,0,0.0,0.0,,0.0,normalDay
2018-12-06,0.0,-45.0,0.0,0,269.84,0.0,1,8.83,9.28,SPY190315P00267000,267.0,0,0.0,0.0,,0.0,normalDay
2018-12-07,0.0,-371.0,0.0,0,263.57,0.0,1,8.83,12.54,SPY190315P00267000,267.0,0,0.0,0.0,,0.0,normalDay
2018-12-10,0.0,-297.0,0.0,0,264.07,0.0,1,8.83,11.8,SPY190315P00267000,267.0,0,0.0,0.0,,0.0,normalDay
2018-12-11,0.0,-287.0,0.0,0,264.13,0.0,1,8.83,11.7,SPY190315P00267000,267.0,0,0.0,0.0,,0.0,normalDay
2018-12-12,0.0,-239.0,0.0,0,265.46,0.0,1,8.83,11.22,SPY190315P00267000,267.0,0,0.0,0.0,,0.0,normalDay
2018-12-13,0.0,-226.0,0.0,0,265.37,0.0,1,8.83,11.09,SPY190315P00267000,267.0,0,0.0,0.0,,0.0,normalDay
2018-12-14,0.0,-484.0,0.0,0,260.47,0.0,1,8.83,13.67,SPY190315P00267000,267.0,0,0.0,0.0,,0.0,normalDay
2018-12-17,0.0,-816.0,0.0,0,255.36,0.0,1,8.83,16.99,SPY190315P00267000,267.0,0,0.0,0.0,,0.0,normalDay
2018-12-18,0.0,-894.0,0.0,0,255.08,0.0,1,8.83,17.77,SPY190315P00267000,267.0,0,0.0,0.0,,0.0,normalDay
2018-12-19,0.0,-1098.0,0.0,0,251.26,0.0,1,8.83,19.81,SPY190315P00267000,267.0,0,0.0,0.0,,0.0,normalDay
2018-12-20,0.0,-1392.0,0.0,0,247.17,0.0,1,8.83,22.75,SPY190315P00267000,267.0,0,0.0,0.0,,0.0,normalDay
2018-12-21,0.0,-1930.0,0.0,0,240.7,0.0,1,8.83,28.13,SPY190315P00267000,267.0,0,0.0,0.0,,0.0,normalDay
2018-12-24,0.0,-2687.0,0.0,0,234.34,0.0,1,8.83,35.7,SPY190315P00267000,267.0,0,0.0,0.0,,0.0,normalDay
2018-12-26,0.0,-1403.0,0.0,0,246.18,0.0,1,8.83,22.86,SPY190315P00267000,267.0,0,0.0,0.0,,0.0,normalDay
2018-12-27,0.0,-1250.0,0.0,0,248.07,0.0,1,8.83,21.33,SPY190315P00267000,267.0,0,0.0,0.0,,0.0,normalDay
2018-12-28,0.0,-1292.0,0.0,0,247.75,0.0,1,8.83,21.75,SPY190315P00267000,267.0,0,0.0,0.0,,0.0,normalDay
2018-12-31,0.0,-1082.0,0.0,0,249.92,0.0,1,8.83,19.65,SPY190315P00267000,267.0,0,0.0,0.0,,0.0,normalDay
2019-01-02,0.0,-1007.0,0.0,0,250.18,0.0,1,8.83,18.9,SPY190315P00267000,267.0,0,0.0,0.0,,0.0,normalDay
2019-01-03,0.0,-1542.0,0.0,0,244.21,0.0,1,8.83,24.25,SPY190315P00267000,267.0,0,0.0,0.0,,0.0,normalDay
2019-01-04,0.0,-824.0,0.0,0,252.39,0.0,1,8.83,17.07,SPY190315P00267000,267.0,0,0.0,0.0,,0.0,normalDay
2019-01-07,0.0,-677.0,0.0,0,254.38,0.0,1,8.83,15.6,SPY190315P00267000,267.0,0,0.0,0.0,,0.0,normalDay
2019-01-08,0.0,-481.0,0.0,0,256.77,0.0,1,8.83,13.64,SPY190315P00267000,267.0,0,0.0,0.0,,0.0,normalDay
2019-01-09,0.0,-383.0,0.0,0,257.97,0.0,1,8.83,12.66,SPY190315P00267000,267.0,0,0.0,0.0,,0.0,normalDay
2019-01-10,0.0,-307.0,0.0,0,258.88,0.0,1,8.83,11.9,SPY190315P00267000,267.0,0,0.0,0.0,,0.0,normalDay
2019-01-11,0.0,-258.0,0.0,0,258.98,0.0,1,8.83,11.41,SPY190315P00267000,267.0,0,0.0,0.0,,0.0,normalDay
2019-01-14,0.0,-343.0,0.0,0,257.4,0.0,1,8.83,12.26,SPY190315P00267000,267.0,0,0.0,0.0,,0.0,normalDay
2019-01-15,0.0,-125.0,0.0,0,260.35,0.0,1,8.83,10.08,SPY190315P00267000,267.0,0,0.0,0.0,,0.0,normalDay
2019-01-16,0.0,-82.0,0.0,0,260.98,0.0,1,8.83,9.65,SPY190315P00267000,267.0,0,0.0,0.0,,0.0,normalDay
2019-01-17,0.0,37.0,0.0,0,262.96,0.0,1,8.83,8.46,SPY190315P00267000,267.0,0,0.0,0.0,,0.0,normalDay
2019-01-18,0.0,207.0,0.0,0,266.46,0.0,1,8.83,6.76,SPY190315P00267000,267.0,0,0.0,0.0,,0.0,normalDay
2019-01-22,0.0,7.0,0.0,0,262.86,0.0,1,8.83,8.76,SPY190315P00267000,267.0,0,0.0,0.0,,0.0,normalDay
2019-01-23,0.0,29.0,0.0,0,263.41,0.0,1,8.83,8.54,SPY190315P00267000,267.0,0,0.0,0.0,,0.0,normalDay
2019-01-24,0.0,46.0,0.0,0,263.55,0.0,1,8.83,8.37,SPY190315P00267000,267.0,0,0.0,0.0,,0.0,normalDay
2019-01-25,0.0,214.0,0.0,0,265.78,0.0,1,8.83,6.69,SPY190315P00267000,267.0,0,0.0,0.0,,0.0,normalDay
2019-01-28,0.0,100.0,0.0,0,263.76,0.0,1,8.83,7.83,SPY190315P00267000,267.0,0,0.0,0.0,,0.0,normalDay
2019-01-29,0.0,72.0,0.0,0,263.41,0.0,1,8.83,8.11,SPY190315P00267000,267.0,0,0.0,0.0,,0.0,normalDay
2019-01-30,0.0,313.0,0.0,0,267.58,0.0,1,8.83,5.7,SPY190315P00267000,267.0,0,0.0,0.0,,0.0,normalDay
2019-01-31,0.0,461.0,0.0,0,269.93,0.0,1,8.83,4.22,SPY190315P00267000,267.0,0,0.0,0.0,,0.0,normalDay
2019-02-01,0.0,476.0,0.0,0,270.06,0.0,1,8.83,4.07,SPY190315P00267000,267.0,0,0.0,0.0,,0.0,normalDay
2019-02-04,0.0,564.0,0.0,0,271.96,0.0,1,8.83,3.19,SPY190315P00267000,267.0,0,0.0,0.0,,0.0,normalDay
2019-02-05,0.0,593.0,0.0,0,273.1,0.0,1,8.83,2.9,SPY190315P00267000,267.0,0,0.0,0.0,,0.0,normalDay
2019-02-06,0.0,597.0,0.0,0,272.74,0.0,1,8.83,2.86,SPY190315P00267000,267.0,0,0.0,0.0,,0.0,normalDay
2019-02-07,0.0,508.0,0.0,0,270.14,0.0,1,8.83,3.75,SPY190315P00267000,267.0,0,0.0,0.0,,0.0,normalDay
2019-02-08,0.0,529.0,0.0,0,270.47,0.0,1,8.83,3.54,SPY190315P00267000,267.0,0,0.0,0.0,,0.0,normalDay
2019-02-11,0.0,550.0,0.0,0,270.62,0.0,1,8.83,3.33,SPY190315P00267000,267.0,0,0.0,0.0,,0.0,normalDay
2019-02-12,0.0,668.0,0.0,0,274.1,0.0,1,8.83,2.15,SPY190315P00267000,267.0,0,0.0,0.0,,0.0,normalDay
2019-02-13,0.0,682.0,0.0,0,274.99,0.0,1,8.83,2.01,SPY190315P00267000,267.0,0,0.0,0.0,,0.0,normalDay
2019-02-14,0.0,663.0,0.0,0,274.38,0.0,1,8.83,2.2,SPY190315P00267000,267.0,0,0.0,0.0,,0.0,normalDay
2019-02-15,0.0,745.0,0.0,0,277.37,0.0,1,8.83,1.38,SPY190315P00267000,267.0,0,0.0,0.0,,0.0,normalDay
2019-02-19,0.0,766.0,0.0,0,277.85,0.0,1,8.83,1.17,SPY190315P00267000,267.0,0,0.0,0.0,,0.0,normalDay
2019-02-20,0.0,792.0,0.0,0,278.41,0.0,1,8.83,0.91,SPY190315P00267000,267.0,0,0.0,0.0,,0.0,normalDay
2019-02-21,0.0,779.0,0.0,0,277.42,0.0,1,8.83,1.04,SPY190315P00267000,267.0,0,0.0,0.0,,0.0,normalDay
2019-02-22,0.0,814.0,0.0,0,279.14,0.0,1,8.83,0.69,SPY190315P00267000,267.0,0,0.0,0.0,,0.0,normalDay
2019-02-25,0.0,816.0,0.0,0,279.52,0.0,1,8.83,0.67,SPY190315P00267000,267.0,0,0.0,0.0,,0.0,normalDay
2019-02-26,0.0,815.0,0.0,0,279.32,0.0,1,8.83,0.68,SPY190315P00267000,267.0,0,0.0,0.0,,0.0,normalDay
2019-02-27,0.0,822.0,0.0,0,279.2,0.0,1,8.83,0.61,SPY190315P00267000,267.0,0,0.0,0.0,,0.0,normalDay
2019-02-28,0.0,821.0,0.0,0,278.68,0.0,1,8.83,0.62,SPY190315P00267000,267.0,0,0.0,0.0,,0.0,normalDay
2019-03-01,0.0,847.0,0.0,0,280.42,0.0,1,8.83,0.36,SPY190315P00267000,267.0,0,0.0,0.0,,0.0,normalDay
2019-03-04,0.0,843.0,0.0,0,279.4,0.0,1,8.83,0.4,SPY190315P00267000,267.0,0,0.0,0.0,,0.0,normalDay
2019-03-05,0.0,846.0,0.0,0,279.02,0.0,1,8.83,0.37,SPY190315P00267000,267.0,0,0.0,0.0,,0.0,normalDay
2019-03-06,0.0,833.0,0.0,0,277.33,0.0,1,8.83,0.5,SPY190315P00267000,267.0,0,0.0,0.0,,0.0,normalDay
2019-03-07,0.0,813.0,0.0,0,275.01,0.0,1,8.83,0.7,SPY190315P00267000,267.0,0,0.0,0.0,,0.0,normalDay
2019-03-08,0.0,835.0,0.0,0,274.46,0.0,1,8.83,0.48,SPY190315P00267000,267.0,0,0.0,0.0,,0.0,normalDay
2019-03-11,0.0,873.0,0.0,0,278.44,0.0,1,8.83,0.1,SPY190315P00267000,267.0,0,0.0,0.0,,0.0,normalDay
2019-03-12,0.0,878.0,0.0,0,279.49,0.0,1,8.83,0.05,SPY190315P00267000,267.0,0,0.0,0.0,,0.0,normalDay
2019-03-13,0.0,880.0,0.0,0,281.34,0.0,1,8.83,0.03,SPY190315P00267000,267.0,0,0.0,0.0,,0.0,normalDay
2019-03-14,0.0,880.0,0.0,0,281.16,0.0,1,8.83,0.03,SPY190315P00267000,267.0,0,0.0,0.0,,0.0,normalDay
2019-03-15,883.0,0.0,883.0,0,281.31,0.0,1,8.83,0.0,SPY190315P00267000,267.0,0,0.0,0.0,,0.0,expirationDay
2019-03-18,883.0,-4.0,0.0,0,282.33,0.0,1,6.28,6.32,SPY190719P00277000,277.0,0,0.0,0.0,,0.0,normalDay
2019-03-19,883.0,-26.0,0.0,0,282.4,0.0,1,6.28,6.54,SPY190719P00277000,277.0,0,0.0,0.0,,0.0,normalDay
2019-03-20,883.0,-57.0,0.0,0,281.55,0.0,1,6.28,6.85,SPY190719P00277000,277.0,0,0.0,0.0,,0.0,normalDay
2019-03-21,883.0,44.0,0.0,0,284.73,0.0,1,6.28,5.84,SPY190719P00277000,277.0,0,0.0,0.0,,0.0,normalDay
2019-03-22,883.0,-173.0,0.0,0,279.25,0.0,1,6.28,8.01,SPY190719P00277000,277.0,0,0.0,0.0,,0.0,normalDay
2019-03-25,883.0,-201.0,0.0,0,279.04,0.0,1,6.28,8.29,SPY190719P00277000,277.0,0,0.0,0.0,,0.0,normalDay
2019-03-26,883.0,-99.0,0.0,0,281.12,0.0,1,6.28,7.27,SPY190719P00277000,277.0,0,0.0,0.0,,0.0,normalDay
2019-03-27,883.0,-150.0,0.0,0,279.65,0.0,1,6.28,7.78,SPY190719P00277000,277.0,0,0.0,0.0,,0.0,normalDay
2019-03-28,883.0,-88.0,0.0,0,280.71,0.0,1,6.28,7.16,SPY190719P00277000,277.0,0,0.0,0.0,,0.0,normalDay
2019-03-29,883.0,-7.0,0.0,0,282.48,0.0,1,6.28,6.35,SPY190719P00277000,277.0,0,0.0,0.0,,0.0,normalDay
2019-04-01,883.0,98.0,0.0,0,285.83,0.0,1,6.28,5.3,SPY190719P00277000,277.0,0,0.0,0.0,,0.0,normalDay
2019-04-02,883.0,107.0,0.0,0,285.97,0.0,1,6.28,5.21,SPY190719P00277000,277.0,0,0.0,0.0,,0.0,normalDay
2019-04-03,883.0,126.0,0.0,0,286.42,0.0,1,6.28,5.02,SPY190719P00277000,277.0,0,0.0,0.0,,0.0,normalDay
2019-04-04,883.0,149.0,0.0,0,287.18,0.0,1,6.28,4.79,SPY190719P00277000,277.0,0,0.0,0.0,,0.0,normalDay
2019-04-05,883.0,201.0,0.0,0,288.57,0.0,1,6.28,4.27,SPY190719P00277000,277.0,0,0.0,0.0,,0.0,normalDay
2019-04-08,883.0,209.0,0.0,0,288.79,0.0,1,6.28,4.19,SPY190719P00277000,277.0,0,0.0,0.0,,0.0,normalDay
2019-04-09,883.0,146.0,0.0,0,287.31,0.0,1,6.28,4.82,SPY190719P00277000,277.0,0,0.0,0.0,,0.0,normalDay
2019-04-10,883.0,202.0,0.0,0,288.29,0.0,1,6.28,4.26,SPY190719P00277000,277.0,0,0.0,0.0,,0.0,normalDay
2019-04-11,883.0,203.0,0.0,0,288.21,0.0,1,6.28,4.25,SPY190719P00277000,277.0,0,0.0,0.0,,0.0,normalDay
2019-04-12,883.0,276.0,0.0,0,290.16,0.0,1,6.28,3.52,SPY190719P00277000,277.0,0,0.0,0.0,,0.0,normalDay
2019-04-15,883.0,284.0,0.0,0,289.97,0.0,1,6.28,3.44,SPY190719P00277000,277.0,0,0.0,0.0,,0.0,normalDay
2019-04-16,883.0,288.0,0.0,0,290.16,0.0,1,6.28,3.4,SPY190719P00277000,277.0,0,0.0,0.0,,0.0,normalDay
2019-04-17,883.0,269.0,0.0,0,289.45,0.0,1,6.28,3.59,SPY190719P00277000,277.0,0,0.0,0.0,,0.0,normalDay
2019-04-18,883.0,290.0,0.0,0,290.02,0.0,1,6.28,3.38,SPY190719P00277000,277.0,0,0.0,0.0,,0.0,normalDay
2019-04-22,883.0,310.0,0.0,0,290.27,0.0,1,6.28,3.18,SPY190719P00277000,277.0,0,0.0,0.0,,0.0,normalDay
2019-04-23,883.0,356.0,0.0,0,292.88,0.0,1,6.28,2.72,SPY190719P00277000,277.0,0,0.0,0.0,,0.0,normalDay
2019-04-24,883.0,337.0,0.0,0,292.23,0.0,1,6.28,2.91,SPY190719P00277000,277.0,0,0.0,0.0,,0.0,normalDay
2019-04-25,883.0,330.0,0.0,0,292.05,0.0,1,6.28,2.98,SPY190719P00277000,277.0,0,0.0,0.0,,0.0,normalDay
2019-04-26,883.0,360.0,0.0,0,293.41,0.0,1,6.28,2.68,SPY190719P00277000,277.0,0,0.0,0.0,,0.0,normalDay
2019-04-29,883.0,369.0,0.0,0,293.87,0.0,1,6.28,2.59,SPY190719P00277000,277.0,0,0.0,0.0,,0.0,normalDay
2019-04-30,883.0,374.0,0.0,0,294.02,0.0,1,6.28,2.54,SPY190719P00277000,277.0,0,0.0,0.0,,0.0,normalDay
2019-05-01,883.0,315.0,0.0,0,291.81,0.0,1,6.28,3.13,SPY190719P00277000,277.0,0,0.0,0.0,,0.0,normalDay
2019-05-02,883.0,306.0,0.0,0,291.18,0.0,1,6.28,3.22,SPY190719P00277000,277.0,0,0.0,0.0,,0.0,normalDay
2019-05-03,883.0,383.0,0.0,0,294.03,0.0,1,6.28,2.45,SPY190719P00277000,277.0,0,0.0,0.0,,0.0,normalDay
2019-05-06,883.0,330.0,0.0,0,292.82,0.0,1,6.28,2.98,SPY190719P00277000,277.0,0,0.0,0.0,,0.0,normalDay
2019-05-07,883.0,140.0,0.0,0,287.93,0.0,1,6.28,4.88,SPY190719P00277000,277.0,0,0.0,0.0,,0.0,normalDay
2019-05-08,883.0,147.0,0.0,0,287.53,0.0,1,6.28,4.81,SPY190719P00277000,277.0,0,0.0,0.0,,0.0,normalDay
2019-05-09,883.0,138.0,0.0,0,286.66,0.0,1,6.28,4.9,SPY190719P00277000,277.0,0,0.0,0.0,,0.0,normalDay
2019-05-10,883.0,229.0,0.0,0,288.1,0.0,1,6.28,3.99,SPY190719P00277000,277.0,0,0.0,0.0,,0.0,normalDay
2019-05-13,883.0,-69.0,0.0,0,280.86,0.0,1,6.28,6.97,SPY190719P00277000,277.0,0,0.0,0.0,,0.0,normalDay
2019-05-14,883.0,71.0,0.0,0,283.4,0.0,1,6.28,5.57,SPY190719P00277000,277.0,0,0.0,0.0,,0.0,normalDay
2019-05-15,883.0,167.0,0.0,0,285.06,0.0,1,6.28,4.61,SPY190719P00277000,277.0,0,0.0,0.0,,0.0,normalDay
2019-05-16,883.0,262.0,0.0,0,287.7,0.0,1,6.28,3.66,SPY190719P00277000,277.0,0,0.0,0.0,,0.0,normalDay
2019-05-17,883.0,208.0,0.0,0,285.84,0.0,1,6.28,4.2,SPY190719P00277000,277.0,0,0.0,0.0,,0.0,normalDay
2019-05-20,883.0,169.0,0.0,0,283.95,0.0,1,6.28,4.59,SPY190719P00277000,277.0,0,0.0,0.0,,0.0,normalDay
2019-05-21,883.0,269.0,0.0,0,286.51,0.0,1,6.28,3.59,SPY190719P00277000,277.0,0,0.0,0.0,,0.0,normalDay
2019-05-22,883.0,255.0,0.0,0,285.63,0.0,1,6.28,3.73,SPY190719P00277000,277.0,0,0.0,0.0,,0.0,normalDay
2019-05-23,883.0,107.0,0.0,0,282.14,0.0,1,6.28,5.21,SPY190719P00277000,277.0,0,0.0,0.0,,0.0,normalDay
2019-05-24,883.0,162.0,0.0,0,282.78,0.0,1,6.28,4.66,SPY190719P00277000,277.0,0,0.0,0.0,,0.0,normalDay
2019-05-28,883.0,71.0,0.0,0,280.15,0.0,1,6.28,5.57,SPY190719P00277000,277.0,0,0.0,0.0,,0.0,normalDay
2019-05-29,883.0,-11.0,0.0,0,278.27,0.0,1,6.28,6.39,SPY190719P00277000,277.0,0,0.0,0.0,,0.0,normalDay
2019-05-30,883.0,32.0,0.0,0,279.03,0.0,1,6.28,5.96,SPY190719P00277000,277.0,0,0.0,0.0,,0.0,normalDay
2019-05-31,883.0,-156.0,0.0,0,275.27,0.0,1,6.28,7.84,SPY190719P00277000,277.0,0,0.0,0.0,,0.0,normalDay
2019-06-03,883.0,-156.0,0.0,0,274.57,0.0,1,6.28,7.84,SPY190719P00277000,277.0,0,0.0,0.0,,0.0,normalDay
2019-06-04,883.0,130.0,0.0,0,280.53,0.0,1,6.28,4.98,SPY190719P00277000,277.0,0,0.0,0.0,,0.0,normalDay
2019-06-05,883.0,240.0,0.0,0,282.96,0.0,1,6.28,3.88,SPY190719P00277000,277.0,0,0.0,0.0,,0.0,normalDay
2019-06-06,883.0,305.0,0.0,0,284.8,0.0,1,6.28,3.23,SPY190719P00277000,277.0,0,0.0,0.0,,0.0,normalDay
2019-06-07,883.0,359.0,0.0,0,287.65,0.0,1,6.28,2.69,SPY190719P00277000,277.0,0,0.0,0.0,,0.0,normalDay
2019-06-10,883.0,405.0,0.0,0,288.97,0.0,1,6.28,2.23,SPY190719P00277000,277.0,0,0.0,0.0,,0.0,normalDay
2019-06-11,883.0,401.0,0.0,0,288.9,0.0,1,6.28,2.27,SPY190719P00277000,277.0,0,0.0,0.0,,0.0,normalDay
2019-06-12,883.0,401.0,0.0,0,288.39,0.0,1,6.28,2.27,SPY190719P00277000,277.0,0,0.0,0.0,,0.0,normalDay
2019-06-13,883.0,428.0,0.0,0,289.58,0.0,1,6.28,2.0,SPY190719P00277000,277.0,0,0.0,0.0,,0.0,normalDay
2019-06-14,883.0,442.0,0.0,0,289.26,0.0,1,6.28,1.86,SPY190719P00277000,277.0,0,0.0,0.0,,0.0,normalDay
2019-06-17,883.0,458.0,0.0,0,289.37,0.0,1,6.28,1.7,SPY190719P00277000,277.0,0,0.0,0.0,,0.0,normalDay
2019-06-18,883.0,501.0,0.0,0,292.4,0.0,1,6.28,1.27,SPY190719P00277000,277.0,0,0.0,0.0,,0.0,normalDay
2019-06-19,883.0,528.0,0.0,0,293.06,0.0,1,6.28,1.0,SPY190719P00277000,277.0,0,0.0,0.0,,0.0,normalDay
2019-06-20,883.0,550.0,0.0,0,295.86,0.0,1,6.28,0.78,SPY190719P00277000,277.0,0,0.0,0.0,,0.0,normalDay
2019-06-21,883.0,544.0,0.0,0,294.0,0.0,1,6.28,0.84,SPY190719P00277000,277.0,0,0.0,0.0,,0.0,normalDay
2019-06-24,883.0,553.0,0.0,0,293.64,0.0,1,6.28,0.75,SPY190719P00277000,277.0,0,0.0,0.0,,0.0,normalDay
2019-06-25,883.0,519.0,0.0,0,290.76,0.0,1,6.28,1.09,SPY190719P00277000,277.0,0,0.0,0.0,,0.0,normalDay
2019-06-26,883.0,520.0,0.0,0,290.47,0.0,1,6.28,1.08,SPY190719P00277000,277.0,0,0.0,0.0,,0.0,normalDay
2019-06-27,883.0,544.0,0.0,0,291.5,0.0,1,6.28,0.84,SPY190719P00277000,277.0,0,0.0,0.0,,0.0,normalDay
2019-06-28,883.0,564.0,0.0,0,293.0,0.0,1,6.28,0.64,SPY190719P00277000,277.0,0,0.0,0.0,,0.0,normalDay
2019-07-01,883.0,598.0,0.0,0,295.66,0.0,1,6.28,0.3,SPY190719P00277000,277.0,0,0.0,0.0,,0.0,normalDay
2019-07-02,883.0,609.0,0.0,0,296.43,0.0,1,6.28,0.19,SPY190719P00277000,277.0,0,0.0,0.0,,0.0,normalDay
2019-07-03,883.0,616.0,0.0,0,298.8,0.0,1,6.28,0.12,SPY190719P00277000,277.0,0,0.0,0.0,,0.0,normalDay
2019-07-05,883.0,614.0,0.0,0,298.46,0.0,1,6.28,0.14,SPY190719P00277000,277.0,0,0.0,0.0,,0.0,normalDay
2019-07-08,883.0,618.0,0.0,0,296.82,0.0,1,6.28,0.1,SPY190719P00277000,277.0,0,0.0,0.0,,0.0,normalDay
2019-07-09,883.0,620.0,0.0,0,297.19,0.0,1,6.28,0.08,SPY190719P00277000,277.0,0,0.0,0.0,,0.0,normalDay
2019-07-10,883.0,623.0,0.0,0,298.61,0.0,1,6.28,0.05,SPY190719P00277000,277.0,0,0.0,0.0,,0.0,normalDay
2019-07-11,883.0,623.0,0.0,0,299.31,0.0,1,6.28,0.05,SPY190719P00277000,277.0,0,0.0,0.0,,0.0,normalDay
2019-07-12,883.0,625.0,0.0,0,300.65,0.0,1,6.28,0.03,SPY190719P00277000,277.0,0,0.0,0.0,,0.0,normalDay
2019-07-15,883.0,625.0,0.0,0,300.75,0.0,1,6.28,0.03,SPY190719P00277000,277.0,0,0.0,0.0,,0.0,normalDay
2019-07-16,883.0,626.0,0.0,0,299.78,0.0,1,6.28,0.02,SPY190719P00277000,277.0,0,0.0,0.0,,0.0,normalDay
2019-07-17,883.0,626.0,0.0,0,297.74,0.0,1,6.28,0.02,SPY190719P00277000,277.0,0,0.0,0.0,,0.0,normalDay
2019-07-18,883.0,627.0,0.0,0,298.83,0.0,1,6.28,0.01,SPY190719P00277000,277.0,0,0.0,0.0,,0.0,normalDay
2019-07-19,1511.0,0.0,628.0,0,297.17,0.0,1,6.28,0.0,SPY190719P00277000,277.0,0,0.0,0.0,,0.0,expirationDay
2019-07-22,1511.0,-6.0,0.0,0,297.9,0.0,1,7.06,7.12,SPY191115P00293000,293.0,0,0.0,0.0,,0.0,normalDay
2019-07-23,1511.0,81.0,0.0,0,300.03,0.0,1,7.06,6.25,SPY191115P00293000,293.0,0,0.0,0.0,,0.0,normalDay
2019-07-24,1511.0,134.0,0.0,0,301.44,0.0,1,7.06,5.72,SPY191115P00293000,293.0,0,0.0,0.0,,0.0,normalDay
2019-07-25,1511.0,80.0,0.0,0,300.0,0.0,1,7.06,6.26,SPY191115P00293000,293.0,0,0.0,0.0,,0.0,normalDay
2019-07-26,1511.0,151.0,0.0,0,302.01,0.0,1,7.06,5.55,SPY191115P00293000,293.0,0,0.0,0.0,,0.0,normalDay
2019-07-29,1511.0,148.0,0.0,0,301.46,0.0,1,7.06,5.58,SPY191115P00293000,293.0,0,0.0,0.0,,0.0,normalDay
2019-07-30,1511.0,95.0,0.0,0,300.72,0.0,1,7.06,6.11,SPY191115P00293000,293.0,0,0.0,0.0,,0.0,normalDay
2019-07-31,1511.0,-53.0,0.0,0,297.43,0.0,1,7.06,7.59,SPY191115P00293000,293.0,0,0.0,0.0,,0.0,normalDay
2019-08-01,1511.0,-182.0,0.0,0,294.84,0.0,1,7.06,8.88,SPY191115P00293000,293.0,0,0.0,0.0,,0.0,normalDay
2019-08-02,1511.0,-272.0,0.0,0,292.62,0.0,1,7.06,9.78,SPY191115P00293000,293.0,0,0.0,0.0,,0.0,normalDay
2019-08-05,1511.0,-868.0,0.0,0,283.82,0.0,1,7.06,15.74,SPY191115P00293000,293.0,0,0.0,0.0,,0.0,normalDay
2019-08-06,1511.0,-537.0,0.0,0,287.8,0.0,1,7.06,12.43,SPY191115P00293000,293.0,0,0.0,0.0,,0.0,normalDay
2019-08-07,1511.0,-528.0,0.0,0,287.97,0.0,1,7.06,12.34,SPY191115P00293000,293.0,0,0.0,0.0,,0.0,normalDay
2019-08-08,1511.0,-199.0,0.0,0,293.62,0.0,1,7.06,9.05,SPY191115P00293000,293.0,0,0.0,0.0,,0.0,normalDay
2019-08-09,1511.0,-304.0,0.0,0,291.62,0.0,1,7.06,10.1,SPY191115P00293000,293.0,0,0.0,0.0,,0.0,normalDay
2019-08-12,1511.0,-558.0,0.0,0,288.07,0.0,1,7.06,12.64,SPY191115P00293000,293.0,0,0.0,0.0,,0.0,normalDay
2019-08-13,1511.0,-268.0,0.0,0,292.55,0.0,1,7.06,9.74,SPY191115P00293000,293.0,0,0.0,0.0,,0.0,normalDay
2019-08-14,1511.0,-804.0,0.0,0,283.9,0.0,1,7.06,15.1,SPY191115P00293000,293.0,0,0.0,0.0,,0.0,normalDay
2019-08-15,1511.0,-741.0,0.0,0,284.65,0.0,1,7.06,14.47,SPY191115P00293000,293.0,0,0.0,0.0,,0.0,normalDay
2019-08-16,1511.0,-473.0,0.0,0,288.85,0.0,1,7.06,11.79,SPY191115P00293000,293.0,0,0.0,0.0,,0.0,normalDay
2019-08-19,1511.0,-246.0,0.0,0,292.33,0.0,1,7.06,9.52,SPY191115P00293000,293.0,0,0.0,0.0,,0.0,normalDay
2019-08-20,1511.0,-367.0,0.0,0,290.09,0.0,1,7.06,10.73,SPY191115P00293000,293.0,0,0.0,0.0,,0.0,normalDay
2019-08-21,1511.0,-187.0,0.0,0,292.45,0.0,1,7.06,8.93,SPY191115P00293000,293.0,0,0.0,0.0,,0.0,normalDay
2019-08-22,1511.0,-218.0,0.0,0,292.36,0.0,1,7.06,9.24,SPY191115P00293000,293.0,0,0.0,0.0,,0.0,normalDay
2019-08-23,1511.0,-633.0,0.0,0,284.85,0.0,1,7.06,13.39,SPY191115P00293000,293.0,0,0.0,0.0,,0.0,normalDay
2019-08-26,1511.0,-456.0,0.0,0,288.0,0.0,1,7.06,11.62,SPY191115P00293000,293.0,0,0.0,0.0,,0.0,normalDay
2019-08-27,1511.0,-556.0,0.0,0,286.87,0.0,1,7.06,12.62,SPY191115P00293000,293.0,0,0.0,0.0,,0.0,normalDay
2019-08-28,1511.0,-413.0,0.0,0,288.89,0.0,1,7.06,11.19,SPY191115P00293000,293.0,0,0.0,0.0,,0.0,normalDay
2019-08-29,1511.0,-211.0,0.0,0,292.58,0.0,1,7.06,9.17,SPY191115P00293000,293.0,0,0.0,0.0,,0.0,normalDay
2019-08-30,1511.0,-226.0,0.0,0,292.45,0.0,1,7.06,9.32,SPY191115P00293000,293.0,0,0.0,0.0,,0.0,normalDay
2019-09-03,1511.0,-312.0,0.0,0,290.74,0.0,1,7.06,10.18,SPY191115P00293000,293.0,0,0.0,0.0,,0.0,normalDay
2019-09-04,1511.0,-104.0,0.0,0,294.04,0.0,1,7.06,8.1,SPY191115P00293000,293.0,0,0.0,0.0,,0.0,normalDay
2019-09-05,1511.0,61.0,0.0,0,297.82,0.0,1,7.06,6.45,SPY191115P00293000,293.0,0,0.0,0.0,,0.0,normalDay
2019-09-06,1511.0,121.0,0.0,0,298.05,0.0,1,7.06,5.85,SPY191115P00293000,293.0,0,0.0,0.0,,0.0,normalDay
2019-09-09,1511.0,131.0,0.0,0,298.2,0.0,1,7.06,5.75,SPY191115P00293000,293.0,0,0.0,0.0,,0.0,normalDay
2019-09-10,1511.0,137.0,0.0,0,298.13,0.0,1,7.06,5.69,SPY191115P00293000,293.0,0,0.0,0.0,,0.0,normalDay
2019-09-11,1511.0,225.0,0.0,0,300.25,0.0,1,7.06,4.81,SPY191115P00293000,293.0,0,0.0,0.0,,0.0,normalDay
2019-09-12,1511.0,281.0,0.0,0,301.29,0.0,1,7.06,4.25,SPY191115P00293000,293.0,0,0.0,0.0,,0.0,normalDay
2019-09-13,1511.0,284.0,0.0,0,301.09,0.0,1,7.06,4.22,SPY191115P00293000,293.0,0,0.0,0.0,,0.0,normalDay
2019-09-16,1511.0,256.0,0.0,0,300.16,0.0,1,7.06,4.5,SPY191115P00293000,293.0,0,0.0,0.0,,0.0,normalDay
2019-09-17,1511.0,273.0,0.0,0,300.92,0.0,1,7.06,4.33,SPY191115P00293000,293.0,0,0.0,0.0,,0.0,normalDay
2019-09-18,1511.0,304.0,0.0,0,301.1,0.0,1,7.06,4.02,SPY191115P00293000,293.0,0,0.0,0.0,,0.0,normalDay
2019-09-19,1511.0,305.0,0.0,0,301.08,0.0,1,7.06,4.01,SPY191115P00293000,293.0,0,0.0,0.0,,0.0,normalDay
2019-09-20,1511.0,235.0,0.0,0,298.28,0.0,1,7.06,4.71,SPY191115P00293000,293.0,0,0.0,0.0,,0.0,normalDay
2019-09-23,1511.0,266.0,0.0,0,298.21,0.0,1,7.06,4.4,SPY191115P00293000,293.0,0,0.0,0.0,,0.0,normalDay
2019-09-24,1511.0,155.0,0.0,0,295.87,0.0,1,7.06,5.51,SPY191115P00293000,293.0,0,0.0,0.0,,0.0,normalDay
2019-09-25,1511.0,224.0,0.0,0,297.62,0.0,1,7.06,4.82,SPY191115P00293000,293.0,0,0.0,0.0,,0.0,normalDay
2019-09-26,1511.0,223.0,0.0,0,297.0,0.0,1,7.06,4.83,SPY191115P00293000,293.0,0,0.0,0.0,,0.0,normalDay
2019-09-27,1511.0,143.0,0.0,0,295.4,0.0,1,7.06,5.63,SPY191115P00293000,293.0,0,0.0,0.0,,0.0,normalDay
2019-09-30,1511.0,240.0,0.0,0,296.77,0.0,1,7.06,4.66,SPY191115P00293000,293.0,0,0.0,0.0,,0.0,normalDay
2019-10-01,1511.0,62.0,0.0,0,293.24,0.0,1,7.06,6.44,SPY191115P00293000,293.0,0,0.0,0.0,,0.0,normalDay
2019-10-02,1511.0,-258.0,0.0,0,288.06,0.0,1,7.06,9.64,SPY191115P00293000,293.0,0,0.0,0.0,,0.0,normalDay
2019-10-03,1511.0,-73.0,0.0,0,290.42,0.0,1,7.06,7.79,SPY191115P00293000,293.0,0,0.0,0.0,,0.0,normalDay
2019-10-04,1511.0,156.0,0.0,0,294.35,0.0,1,7.06,5.5,SPY191115P00293000,293.0,0,0.0,0.0,,0.0,normalDay
2019-10-07,1511.0,107.0,0.0,0,293.08,0.0,1,7.06,5.99,SPY191115P00293000,293.0,0,0.0,0.0,,0.0,normalDay
2019-10-08,1511.0,-147.0,0.0,0,288.53,0.0,1,7.06,8.53,SPY191115P00293000,293.0,0,0.0,0.0,,0.0,normalDay
2019-10-09,1511.0,20.0,0.0,0,291.27,0.0,1,7.06,6.86,SPY191115P00293000,293.0,0,0.0,0.0,,0.0,normalDay
2019-10-10,1511.0,149.0,0.0,0,293.24,0.0,1,7.06,5.57,SPY191115P00293000,293.0,0,0.0,0.0,,0.0,normalDay
2019-10-11,1511.0,319.0,0.0,0,296.28,0.0,1,7.06,3.87,SPY191115P00293000,293.0,0,0.0,0.0,,0.0,normalDay
2019-10-14,1511.0,350.0,0.0,0,295.95,0.0,1,7.06,3.56,SPY191115P00293000,293.0,0,0.0,0.0,,0.0,normalDay
2019-10-15,1511.0,471.0,0.0,0,298.88,0.0,1,7.06,2.35,SPY191115P00293000,293.0,0,0.0,0.0,,0.0,normalDay
2019-10-16,1511.0,467.0,0.0,0,298.4,0.0,1,7.06,2.39,SPY191115P00293000,293.0,0,0.0,0.0,,0.0,normalDay
2019-10-17,1511.0,487.0,0.0,0,299.28,0.0,1,7.06,2.19,SPY191115P00293000,293.0,0,0.0,0.0,,0.0,normalDay
2019-10-18,1511.0,461.0,0.0,0,297.97,0.0,1,7.06,2.45,SPY191115P00293000,293.0,0,0.0,0.0,,0.0,normalDay
2019-10-21,1511.0,535.0,0.0,0,299.99,0.0,1,7.06,1.71,SPY191115P00293000,293.0,0,0.0,0.0,,0.0,normalDay
2019-10-22,1511.0,512.0,0.0,0,299.01,0.0,1,7.06,1.94,SPY191115P00293000,293.0,0,0.0,0.0,,0.0,normalDay
2019-10-23,1511.0,550.0,0.0,0,299.88,0.0,1,7.06,1.56,SPY191115P00293000,293.0,0,0.0,0.0,,0.0,normalDay
2019-10-24,1511.0,569.0,0.0,0,300.37,0.0,1,7.06,1.37,SPY191115P00293000,293.0,0,0.0,0.0,,0.0,normalDay
2019-10-25,1511.0,611.0,0.0,0,301.6,0.0,1,7.06,0.95,SPY191115P00293000,293.0,0,0.0,0.0,,0.0,normalDay
2019-10-28,1511.0,636.0,0.0,0,303.3,0.0,1,7.06,0.7,SPY191115P00293000,293.0,0,0.0,0.0,,0.0,normalDay
2019-10-29,1511.0,638.0,0.0,0,303.21,0.0,1,7.06,0.68,SPY191115P00293000,293.0,0,0.0,0.0,,0.0,normalDay
2019-10-30,1511.0,660.0,0.0,0,304.14,0.0,1,7.06,0.46,SPY191115P00293000,293.0,0,0.0,0.0,,0.0,normalDay
2019-10-31,1511.0,646.0,0.0,0,303.33,0.0,1,7.06,0.6,SPY191115P00293000,293.0,0,0.0,0.0,,0.0,normalDay
2019-11-01,1511.0,680.0,0.0,0,306.14,0.0,1,7.06,0.26,SPY191115P00293000,293.0,0,0.0,0.0,,0.0,normalDay
2019-11-04,1511.0,687.0,0.0,0,307.37,0.0,1,7.06,0.19,SPY191115P00293000,293.0,0,0.0,0.0,,0.0,normalDay
2019-11-05,1511.0,690.0,0.0,0,307.03,0.0,1,7.06,0.16,SPY191115P00293000,293.0,0,0.0,0.0,,0.0,normalDay
2019-11-06,1511.0,697.0,0.0,0,307.1,0.0,1,7.06,0.09,SPY191115P00293000,293.0,0,0.0,0.0,,0.0,normalDay
2019-11-07,1511.0,699.0,0.0,0,308.18,0.0,1,7.06,0.07,SPY191115P00293000,293.0,0,0.0,0.0,,0.0,normalDay
2019-11-08,1511.0,702.0,0.0,0,308.94,0.0,1,7.06,0.04,SPY191115P00293000,293.0,0,0.0,0.0,,0.0,normalDay
2019-11-11,1511.0,703.0,0.0,0,308.35,0.0,1,7.06,0.03,SPY191115P00293000,293.0,0,0.0,0.0,,0.0,normalDay
2019-11-12,1511.0,704.0,0.0,0,309.0,0.0,1,7.06,0.02,SPY191115P00293000,293.0,0,0.0,0.0,,0.0,normalDay
2019-11-13,1511.0,704.0,0.0,0,309.1,0.0,1,7.06,0.02,SPY191115P00293000,293.0,0,0.0,0.0,,0.0,normalDay
2019-11-14,1511.0,705.0,0.0,0,309.55,0.0,1,7.06,0.01,SPY191115P00293000,293.0,0,0.0,0.0,,0.0,normalDay
2019-11-15,2217.0,0.0,706.0,0,311.79,0.0,1,7.06,0.0,SPY191115P00293000,293.0,0,0.0,0.0,,0.0,expirationDay
2019-11-18,2217.0,-5.0,0.0,0,312.02,0.0,1,7.08,7.13,SPY200331P00301000,301.0,0,0.0,0.0,,0.0,normalDay
2019-11-19,2217.0,-21.0,0.0,0,311.93,0.0,1,7.08,7.29,SPY200331P00301000,301.0,0,0.0,0.0,,0.0,normalDay
2019-11-20,2217.0,-65.0,0.0,0,310.77,0.0,1,7.08,7.73,SPY200331P00301000,301.0,0,0.0,0.0,,0.0,normalDay
2019-11-21,2217.0,-81.0,0.0,0,310.27,0.0,1,7.08,7.89,SPY200331P00301000,301.0,0,0.0,0.0,,0.0,normalDay
2019-11-22,2217.0,-41.0,0.0,0,310.96,0.0,1,7.08,7.49,SPY200331P00301000,301.0,0,0.0,0.0,,0.0,normalDay
2019-11-25,2217.0,49.0,0.0,0,313.37,0.0,1,7.08,6.59,SPY200331P00301000,301.0,0,0.0,0.0,,0.0,normalDay
2019-11-26,2217.0,86.0,0.0,0,314.08,0.0,1,7.08,6.22,SPY200331P00301000,301.0,0,0.0,0.0,,0.0,normalDay
2019-11-27,2217.0,116.0,0.0,0,315.48,0.0,1,7.08,5.92,SPY200331P00301000,301.0,0,0.0,0.0,,0.0,normalDay
2019-11-29,2217.0,71.0,0.0,0,314.31,0.0,1,7.08,6.37,SPY200331P00301000,301.0,0,0.0,0.0,,0.0,normalDay
2019-12-02,2217.0,-42.0,0.0,0,311.64,0.0,1,7.08,7.5,SPY200331P00301000,301.0,0,0.0,0.0,,0.0,normalDay
2019-12-03,2217.0,-141.0,0.0,0,309.55,0.0,1,7.08,8.49,SPY200331P00301000,301.0,0,0.0,0.0,,0.0,normalDay
2019-12-04,2217.0,-62.0,0.0,0,311.46,0.0,1,7.08,7.7,SPY200331P00301000,301.0,0,0.0,0.0,,0.0,normalDay
2019-12-05,2217.0,-20.0,0.0,0,312.02,0.0,1,7.08,7.28,SPY200331P00301000,301.0,0,0.0,0.0,,0.0,normalDay
2019-12-06,2217.0,80.0,0.0,0,314.87,0.0,1,7.08,6.28,SPY200331P00301000,301.0,0,0.0,0.0,,0.0,normalDay
2019-12-09,2217.0,27.0,0.0,0,313.88,0.0,1,7.08,6.81,SPY200331P00301000,301.0,0,0.0,0.0,,0.0,normalDay
2019-12-10,2217.0,41.0,0.0,0,313.53,0.0,1,7.08,6.67,SPY200331P00301000,301.0,0,0.0,0.0,,0.0,normalDay
2019-12-11,2217.0,80.0,0.0,0,314.42,0.0,1,7.08,6.28,SPY200331P00301000,301.0,0,0.0,0.0,,0.0,normalDay
2019-12-12,2217.0,171.0,0.0,0,317.13,0.0,1,7.08,5.37,SPY200331P00301000,301.0,0,0.0,0.0,,0.0,normalDay
2019-12-13,2217.0,221.0,0.0,0,317.32,0.0,1,7.08,4.87,SPY200331P00301000,301.0,0,0.0,0.0,,0.0,normalDay
2019-12-16,2217.0,295.0,0.0,0,319.5,0.0,1,7.08,4.13,SPY200331P00301000,301.0,0,0.0,0.0,,0.0,normalDay
2019-12-17,2217.0,290.0,0.0,0,319.57,0.0,1,7.08,4.18,SPY200331P00301000,301.0,0,0.0,0.0,,0.0,normalDay
2019-12-18,2217.0,289.0,0.0,0,319.59,0.0,1,7.08,4.19,SPY200331P00301000,301.0,0,0.0,0.0,,0.0,normalDay
2019-12-19,2217.0,322.0,0.0,0,320.9,0.0,1,7.08,3.86,SPY200331P00301000,301.0,0,0.0,0.0,,0.0,normalDay
2019-12-20,2217.0,339.0,0.0,0,320.73,0.0,1,7.08,3.69,SPY200331P00301000,301.0,0,0.0,0.0,,0.0,normalDay
2019-12-23,2217.0,340.0,0.0,0,321.22,0.0,1,7.08,3.68,SPY200331P00301000,301.0,0,0.0,0.0,,0.0,normalDay
2019-12-24,2217.0,344.0,0.0,0,321.23,0.0,1,7.08,3.64,SPY200331P00301000,301.0,0,0.0,0.0,,0.0,normalDay
2019-12-26,2217.0,378.0,0.0,0,322.94,0.0,1,7.08,3.3,SPY200331P00301000,301.0,0,0.0,0.0,,0.0,normalDay
2019-12-27,2217.0,361.0,0.0,0,322.86,0.0,1,7.08,3.47,SPY200331P00301000,301.0,0,0.0,0.0,,0.0,normalDay
2019-12-30,2217.0,321.0,0.0,0,321.08,0.0,1,7.08,3.87,SPY200331P00301000,301.0,0,0.0,0.0,,0.0,normalDay
2019-12-31,2217.0,362.0,0.0,0,321.86,0.0,1,7.08,3.46,SPY200331P00301000,301.0,0,0.0,0.0,,0.0,normalDay
2020-01-02,2217.0,427.0,0.0,0,324.87,0.0,1,7.08,2.81,SPY200331P00301000,301.0,0,0.0,0.0,,0.0,normalDay
2020-01-03,2217.0,365.0,0.0,0,322.41,0.0,1,7.08,3.43,SPY200331P00301000,301.0,0,0.0,0.0,,0.0,normalDay
2020-01-06,2217.0,401.0,0.0,0,323.64,0.0,1,7.08,3.07,SPY200331P00301000,301.0,0,0.0,0.0,,0.0,normalDay
2020-01-07,2217.0,388.0,0.0,0,322.73,0.0,1,7.08,3.2,SPY200331P00301000,301.0,0,0.0,0.0,,0.0,normalDay
2020-01-08,2217.0,432.0,0.0,0,324.45,0.0,1,7.08,2.76,SPY200331P00301000,301.0,0,0.0,0.0,,0.0,normalDay
2020-01-09,2217.0,477.0,0.0,0,326.65,0.0,1,7.08,2.31,SPY200331P00301000,301.0,0,0.0,0.0,,0.0,normalDay
2020-01-10,2217.0,465.0,0.0,0,325.71,0.0,1,7.08,2.43,SPY200331P00301000,301.0,0,0.0,0.0,,0.0,normalDay
2020-01-13,2217.0,509.0,0.0,0,327.95,0.0,1,7.08,1.99,SPY200331P00301000,301.0,0,0.0,0.0,,0.0,normalDay
2020-01-14,2217.0,512.0,0.0,0,327.45,0.0,1,7.08,1.96,SPY200331P00301000,301.0,0,0.0,0.0,,0.0,normalDay
2020-01-15,2217.0,522.0,0.0,0,328.19,0.0,1,7.08,1.86,SPY200331P00301000,301.0,0,0.0,0.0,,0.0,normalDay
2020-01-16,2217.0,548.0,0.0,0,330.92,0.0,1,7.08,1.6,SPY200331P00301000,301.0,0,0.0,0.0,,0.0,normalDay
2020-01-17,2217.0,561.0,0.0,0,331.95,0.0,1,7.08,1.47,SPY200331P00301000,301.0,0,0.0,0.0,,0.0,normalDay
2020-01-21,2217.0,556.0,0.0,0,331.3,0.0,1,7.08,1.52,SPY200331P00301000,301.0,0,0.0,0.0,,0.0,normalDay
2020-01-22,2217.0,557.0,0.0,0,331.34,0.0,1,7.08,1.51,SPY200331P00301000,301.0,0,0.0,0.0,,0.0,normalDay
2020-01-23,2217.0,559.0,0.0,0,331.72,0.0,1,7.08,1.49,SPY200331P00301000,301.0,0,0.0,0.0,,0.0,normalDay
2020-01-24,2217.0,513.0,0.0,0,328.77,0.0,1,7.08,1.95,SPY200331P00301000,301.0,0,0.0,0.0,,0.0,normalDay
2020-01-27,2217.0,381.0,0.0,0,323.5,0.0,1,7.08,3.27,SPY200331P00301000,301.0,0,0.0,0.0,,0.0,normalDay
2020-01-28,2217.0,474.0,0.0,0,326.89,0.0,1,7.08,2.34,SPY200331P00301000,301.0,0,0.0,0.0,,0.0,normalDay
2020-01-29,2217.0,476.0,0.0,0,326.62,0.0,1,7.08,2.32,SPY200331P00301000,301.0,0,0.0,0.0,,0.0,normalDay
2020-01-30,2217.0,514.0,0.0,0,327.68,0.0,1,7.08,1.94,SPY200331P00301000,301.0,0,0.0,0.0,,0.0,normalDay
2020-01-31,2217.0,383.0,0.0,0,321.73,0.0,1,7.08,3.25,SPY200331P00301000,301.0,0,0.0,0.0,,0.0,normalDay
2020-02-03,2217.0,435.0,0.0,0,324.12,0.0,1,7.08,2.73,SPY200331P00301000,301.0,0,0.0,0.0,,0.0,normalDay
2020-02-04,2217.0,539.0,0.0,0,329.06,0.0,1,7.08,1.69,SPY200331P00301000,301.0,0,0.0,0.0,,0.0,normalDay
2020-02-05,2217.0,583.0,0.0,0,332.86,0.0,1,7.08,1.25,SPY200331P00301000,301.0,0,0.0,0.0,,0.0,normalDay
2020-02-06,2217.0,590.0,0.0,0,333.98,0.0,1,7.08,1.18,SPY200331P00301000,301.0,0,0.0,0.0,,0.0,normalDay
2020-02-07,2217.0,576.0,0.0,0,332.2,0.0,1,7.08,1.32,SPY200331P00301000,301.0,0,0.0,0.0,,0.0,normalDay
2020-02-10,2217.0,603.0,0.0,0,334.68,0.0,1,7.08,1.05,SPY200331P00301000,301.0,0,0.0,0.0,,0.0,normalDay
2020-02-11,2217.0,607.0,0.0,0,335.26,0.0,1,7.08,1.01,SPY200331P00301000,301.0,0,0.0,0.0,,0.0,normalDay
2020-02-12,2217.0,630.0,0.0,0,337.42,0.0,1,7.08,0.78,SPY200331P00301000,301.0,0,0.0,0.0,,0.0,normalDay
2020-02-13,2217.0,628.0,0.0,0,337.06,0.0,1,7.08,0.8,SPY200331P00301000,301.0,0,0.0,0.0,,0.0,normalDay
2020-02-14,2217.0,637.0,0.0,0,337.6,0.0,1,7.08,0.71,SPY200331P00301000,301.0,0,0.0,0.0,,0.0,normalDay
2020-02-18,2217.0,634.0,0.0,0,336.73,0.0,1,7.08,0.74,SPY200331P00301000,301.0,0,0.0,0.0,,0.0,normalDay
2020-02-19,2217.0,645.0,0.0,0,338.34,0.0,1,7.08,0.63,SPY200331P00301000,301.0,0,0.0,0.0,,0.0,normalDay
2020-02-20,2217.0,632.0,0.0,0,336.95,0.0,1,7.08,0.76,SPY200331P00301000,301.0,0,0.0,0.0,,0.0,normalDay
2020-02-21,2217.0,602.0,0.0,0,333.48,0.0,1,7.08,1.06,SPY200331P00301000,301.0,0,0.0,0.0,,0.0,normalDay
2020-02-24,2217.0,370.0,0.0,0,322.42,0.0,1,7.08,3.38,SPY200331P00301000,301.0,0,0.0,0.0,,0.0,normalDay
2020-02-25,2217.0,158.0,0.0,0,312.65,0.0,1,7.08,5.5,SPY200331P00301000,301.0,0,0.0,0.0,,0.0,normalDay
2020-02-26,2217.0,130.0,0.0,0,311.5,0.0,1,7.08,5.78,SPY200331P00301000,301.0,0,0.0,0.0,,0.0,normalDay
2020-02-27,2217.0,-760.0,0.0,0,297.51,0.0,1,7.08,14.68,SPY200331P00301000,301.0,0,0.0,0.0,,0.0,normalDay
2020-02-28,2217.0,-862.0,0.0,0,296.26,0.0,1,7.08,15.7,SPY200331P00301000,301.0,0,0.0,0.0,,0.0,normalDay
2020-03-02,2217.0,-6.0,0.0,0,309.09,0.0,1,7.08,7.14,SPY200331P00301000,301.0,0,0.0,0.0,,0.0,normalDay
2020-03-03,2217.0,-389.0,0.0,0,300.24,0.0,1,7.08,10.97,SPY200331P00301000,301.0,0,0.0,0.0,,0.0,normalDay
2020-03-04,2217.0,100.0,0.0,0,312.86,0.0,1,7.08,6.08,SPY200331P00301000,301.0,0,0.0,0.0,,0.0,normalDay
2020-03-05,2217.0,-428.0,0.0,0,302.46,0.0,1,7.08,11.36,SPY200331P00301000,301.0,0,0.0,0.0,,0.0,normalDay
2020-03-06,2217.0,-669.0,0.0,0,297.46,0.0,1,7.08,13.77,SPY200331P00301000,301.0,0,0.0,0.0,,0.0,normalDay
2020-03-09,2217.0,-2384.0,0.0,0,274.23,0.0,1,7.08,30.92,SPY200331P00301000,301.0,0,0.0,0.0,,0.0,normalDay
2020-03-10,2217.0,-1201.0,0.0,0,288.42,0.0,1,7.08,19.09,SPY200331P00301000,301.0,0,0.0,0.0,,0.0,normalDay
2020-03-11,2217.0,-2344.0,0.0,0,274.36,0.0,1,7.08,30.52,SPY200331P00301000,301.0,0,0.0,0.0,,0.0,normalDay
2020-03-12,2217.0,-4779.0,0.0,0,248.11,0.0,1,7.08,54.87,SPY200331P00301000,301.0,0,0.0,0.0,,0.0,normalDay
2020-03-13,2217.0,-2726.0,0.0,0,269.32,0.0,1,7.08,34.34,SPY200331P00301000,301.0,0,0.0,0.0,,0.0,normalDay
2020-03-16,2217.0,-5257.0,0.0,0,239.85,0.0,1,7.08,59.65,SPY200331P00301000,301.0,0,0.0,0.0,,0.0,normalDay
2020-03-17,2217.0,-4433.0,0.0,0,252.8,0.0,1,7.08,51.41,SPY200331P00301000,301.0,0,0.0,0.0,,0.0,normalDay
2020-03-18,2217.0,-5648.0,0.0,0,240.0,0.0,1,7.08,63.56,SPY200331P00301000,301.0,0,0.0,0.0,,0.0,normalDay
2020-03-19,2217.0,-5601.0,0.0,0,240.51,0.0,1,7.08,63.09,SPY200331P00301000,301.0,0,0.0,0.0,,0.0,normalDay
2020-03-20,2217.0,-6542.0,0.0,0,228.8,0.0,1,7.08,72.5,SPY200331P00301000,301.0,0,0.0,0.0,,0.0,normalDay
2020-03-23,2217.0,-7331.0,0.0,0,222.95,0.0,1,7.08,80.39,SPY200331P00301000,301.0,0,0.0,0.0,,0.0,normalDay
2020-03-24,2217.0,-5193.0,0.0,0,243.15,0.0,1,7.08,59.01,SPY200331P00301000,301.0,0,0.0,0.0,,0.0,normalDay
2020-03-25,2217.0,-4710.0,0.0,0,246.79,0.0,1,7.08,54.18,SPY200331P00301000,301.0,0,0.0,0.0,,0.0,normalDay
2020-03-26,2217.0,-3358.0,0.0,0,261.2,0.0,1,7.08,40.66,SPY200331P00301000,301.0,0,0.0,0.0,,0.0,normalDay
2020-03-27,2217.0,-4137.0,0.0,0,253.42,0.0,1,7.08,48.45,SPY200331P00301000,301.0,0,0.0,0.0,,0.0,normalDay
2020-03-30,2217.0,-3331.0,0.0,0,261.65,0.0,1,7.08,40.39,SPY200331P00301000,301.0,0,0.0,0.0,,0.0,normalDay
2020-03-31,2925.0,-4325.0,708.0,100,257.75,301.0,1,7.08,0.0,SPY200331P00301000,301.0,0,0.0,0.0,,0.0,expirationDay
2020-04-01,2925.0,-5577.0,0.0,100,246.15,301.0,0,0.0,0.0,,0.0,1,7.73,8.65,SPY210331C00300000,300.0,normalDay
2020-04-02,2925.0,-5195.0,0.0,100,251.83,301.0,0,0.0,0.0,,0.0,1,7.73,10.51,SPY210331C00300000,300.0,normalDay
2020-04-03,2925.0,-5353.0,0.0,100,248.19,301.0,0,0.0,0.0,,0.0,1,7.73,8.45,SPY210331C00300000,300.0,normalDay
2020-04-06,2925.0,-4291.0,0.0,100,264.86,301.0,0,0.0,0.0,,0.0,1,7.73,14.5,SPY210331C00300000,300.0,normalDay
2020-04-07,2925.0,-4082.0,0.0,100,265.13,301.0,0,0.0,0.0,,0.0,1,7.73,12.68,SPY210331C00300000,300.0,normalDay
2020-04-08,2925.0,-3584.0,0.0,100,274.03,301.0,0,0.0,0.0,,0.0,1,7.73,16.6,SPY210331C00300000,300.0,normalDay
2020-04-09,2925.0,-3397.0,0.0,100,278.2,301.0,0,0.0,0.0,,0.0,1,7.73,18.9,SPY210331C00300000,300.0,normalDay
2020-04-13,2925.0,-3466.0,0.0,100,275.66,301.0,0,0.0,0.0,,0.0,1,7.73,17.05,SPY210331C00300000,300.0,normalDay
2020-04-14,2925.0,-2985.0,0.0,100,283.79,301.0,0,0.0,0.0,,0.0,1,7.73,20.37,SPY210331C00300000,300.0,normalDay
2020-04-15,2925.0,-3384.0,0.0,100,277.76,301.0,0,0.0,0.0,,0.0,1,7.73,18.33,SPY210331C00300000,300.0,normalDay
2020-04-16,2925.0,-3346.0,0.0,100,279.1,301.0,0,0.0,0.0,,0.0,1,7.73,19.29,SPY210331C00300000,300.0,normalDay
2020-04-17,2925.0,-2955.0,0.0,100,286.64,301.0,0,0.0,0.0,,0.0,1,7.73,22.92,SPY210331C00300000,300.0,normalDay
2020-04-20,2925.0,-3307.0,0.0,100,281.59,301.0,0,0.0,0.0,,0.0,1,7.73,21.39,SPY210331C00300000,300.0,normalDay
2020-04-21,2925.0,-3881.0,0.0,100,273.04,301.0,0,0.0,0.0,,0.0,1,7.73,18.58,SPY210331C00300000,300.0,normalDay
2020-04-22,2925.0,-3480.0,0.0,100,279.1,301.0,0,0.0,0.0,,0.0,1,7.73,20.63,SPY210331C00300000,300.0,normalDay
2020-04-23,2925.0,-3468.0,0.0,100,279.08,301.0,0,0.0,0.0,,0.0,1,7.73,20.49,SPY210331C00300000,300.0,normalDay
2020-04-24,2925.0,-3161.0,0.0,100,282.97,301.0,0,0.0,0.0,,0.0,1,7.73,21.31,SPY210331C00300000,300.0,normalDay
2020-04-27,2925.0,-2841.0,0.0,100,287.05,301.0,0,0.0,0.0,,0.0,1,7.73,22.19,SPY210331C00300000,300.0,normalDay
2020-04-28,2925.0,-2887.0,0.0,100,285.73,301.0,0,0.0,0.0,,0.0,1,7.73,21.33,SPY210331C00300000,300.0,normalDay
2020-04-29,2925.0,-2476.0,0.0,100,293.21,301.0,0,0.0,0.0,,0.0,1,7.73,24.7,SPY210331C00300000,300.0,normalDay
2020-04-30,2925.0,-2573.0,0.0,100,290.48,301.0,0,0.0,0.0,,0.0,1,7.73,22.94,SPY210331C00300000,300.0,normalDay
2020-05-01,2925.0,-3083.0,0.0,100,282.79,301.0,0,0.0,0.0,,0.0,1,7.73,20.35,SPY210331C00300000,300.0,normalDay
2020-05-04,2925.0,-2967.0,0.0,100,283.57,301.0,0,0.0,0.0,,0.0,1,7.73,19.97,SPY210331C00300000,300.0,normalDay
2020-05-05,2925.0,-2847.0,0.0,100,286.19,301.0,0,0.0,0.0,,0.0,1,7.73,21.39,SPY210331C00300000,300.0,normalDay
2020-05-06,2925.0,-2924.0,0.0,100,284.25,301.0,0,0.0,0.0,,0.0,1,7.73,20.22,SPY210331C00300000,300.0,normalDay
2020-05-07,2925.0,-2740.0,0.0,100,287.68,301.0,0,0.0,0.0,,0.0,1,7.73,21.81,SPY210331C00300000,300.0,normalDay
2020-05-08,2925.0,-2427.0,0.0,100,292.44,301.0,0,0.0,0.0,,0.0,1,7.73,23.44,SPY210331C00300000,300.0,normalDay
2020-05-11,2925.0,-2307.0,0.0,100,292.5,301.0,0,0.0,0.0,,0.0,1,7.73,22.3,SPY210331C00300000,300.0,normalDay
2020-05-12,2925.0,-2623.0,0.0,100,286.67,301.0,0,0.0,0.0,,0.0,1,7.73,19.63,SPY210331C00300000,300.0,normalDay
2020-05-13,2925.0,-3037.0,0.0,100,281.6,301.0,0,0.0,0.0,,0.0,1,7.73,18.7,SPY210331C00300000,300.0,normalDay
2020-05-14,2925.0,-2806.0,0.0,100,284.97,301.0,0,0.0,0.0,,0.0,1,7.73,19.76,SPY210331C00300000,300.0,normalDay
2020-05-15,2925.0,-2664.0,0.0,100,286.28,301.0,0,0.0,0.0,,0.0,1,7.73,19.65,SPY210331C00300000,300.0,normalDay
2020-05-18,2925.0,-2173.0,0.0,100,295.0,301.0,0,0.0,0.0,,0.0,1,7.73,23.46,SPY210331C00300000,300.0,normalDay
2020-05-19,2925.0,-2358.0,0.0,100,291.97,301.0,0,0.0,0.0,,0.0,1,7.73,22.28,SPY210331C00300000,300.0,normalDay
2020-05-20,2925.0,-2091.0,0.0,100,296.93,301.0,0,0.0,0.0,,0.0,1,7.73,24.57,SPY210331C00300000,300.0,normalDay
2020-05-21,2925.0,-2192.0,0.0,100,294.88,301.0,0,0.0,0.0,,0.0,1,7.73,23.53,SPY210331C00300000,300.0,normalDay
2020-05-22,2925.0,-2173.0,0.0,100,295.44,301.0,0,0.0,0.0,,0.0,1,7.73,23.9,SPY210331C00300000,300.0,normalDay
2020-05-26,2925.0,-1966.0,0.0,100,299.08,301.0,0,0.0,0.0,,0.0,1,7.73,25.47,SPY210331C00300000,300.0,normalDay
2020-05-27,2925.0,-1737.0,0.0,100,303.53,301.0,0,0.0,0.0,,0.0,1,7.73,27.63,SPY210331C00300000,300.0,normalDay
2020-05-28,2925.0,-1821.0,0.0,100,302.97,301.0,0,0.0,0.0,,0.0,1,7.73,27.91,SPY210331C00300000,300.0,normalDay
2020-05-29,2925.0,-1753.0,0.0,100,304.32,301.0,0,0.0,0.0,,0.0,1,7.73,28.58,SPY210331C00300000,300.0,normalDay
2020-06-01,2925.0,-1640.0,0.0,100,305.55,301.0,0,0.0,0.0,,0.0,1,7.73,28.68,SPY210331C00300000,300.0,normalDay
2020-06-02,2925.0,-1507.0,0.0,100,308.08,301.0,0,0.0,0.0,,0.0,1,7.73,29.88,SPY210331C00300000,300.0,normalDay
2020-06-03,2925.0,-1371.0,0.0,100,312.18,301.0,0,0.0,0.0,,0.0,1,7.73,32.62,SPY210331C00300000,300.0,normalDay
2020-06-04,2925.0,-1412.0,0.0,100,311.36,301.0,0,0.0,0.0,,0.0,1,7.73,32.21,SPY210331C00300000,300.0,normalDay
2020-06-05,2925.0,-1063.0,0.0,100,319.34,301.0,0,0.0,0.0,,0.0,1,7.73,36.7,SPY210331C00300000,300.0,normalDay
2020-06-08,2925.0,-914.0,0.0,100,323.2,301.0,0,0.0,0.0,,0.0,1,7.73,39.07,SPY210331C00300000,300.0,normalDay
2020-06-09,2925.0,-1144.0,0.0,100,320.79,301.0,0,0.0,0.0,,0.0,1,7.73,38.96,SPY210331C00300000,300.0,normalDay
2020-06-10,2925.0,-1127.0,0.0,100,319.0,301.0,0,0.0,0.0,,0.0,1,7.73,37.0,SPY210331C00300000,300.0,normalDay
2020-06-11,2925.0,-2220.0,0.0,100,300.61,301.0,0,0.0,0.0,,0.0,1,7.73,29.54,SPY210331C00300000,300.0,normalDay
2020-06-12,2925.0,-1924.0,0.0,100,304.21,301.0,0,0.0,0.0,,0.0,1,7.73,30.18,SPY210331C00300000,300.0,normalDay
2020-06-15,2925.0,-1790.0,0.0,100,307.05,301.0,0,0.0,0.0,,0.0,1,7.73,31.68,SPY210331C00300000,300.0,normalDay
2020-06-16,2925.0,-1574.0,0.0,100,312.96,301.0,0,0.0,0.0,,0.0,1,7.73,35.43,SPY210331C00300000,300.0,normalDay
2020-06-17,2925.0,-1663.0,0.0,100,311.66,301.0,0,0.0,0.0,,0.0,1,7.73,35.02,SPY210331C00300000,300.0,normalDay
2020-06-18,2925.0,-1650.0,0.0,100,311.78,301.0,0,0.0,0.0,,0.0,1,7.73,35.01,SPY210331C00300000,300.0,normalDay
2020-06-19,2925.0,-1811.0,0.0,100,308.64,301.0,0,0.0,0.0,,0.0,1,7.73,33.48,SPY210331C00300000,300.0,normalDay
2020-06-22,2925.0,-1707.0,0.0,100,310.62,301.0,0,0.0,0.0,,0.0,1,7.73,34.42,SPY210331C00300000,300.0,normalDay
2020-06-23,2925.0,-1588.0,0.0,100,312.05,301.0,0,0.0,0.0,,0.0,1,7.73,34.66,SPY210331C00300000,300.0,normalDay
2020-06-24,2925.0,-2032.0,0.0,100,304.09,301.0,0,0.0,0.0,,0.0,1,7.73,31.14,SPY210331C00300000,300.0,normalDay
2020-06-25,2925.0,-1792.0,0.0,100,307.35,301.0,0,0.0,0.0,,0.0,1,7.73,32.0,SPY210331C00300000,300.0,normalDay
2020-06-26,2925.0,-2178.0,0.0,100,300.05,301.0,0,0.0,0.0,,0.0,1,7.73,28.56,SPY210331C00300000,300.0,normalDay
2020-06-29,2925.0,-1846.0,0.0,100,304.46,301.0,0,0.0,0.0,,0.0,1,7.73,29.65,SPY210331C00300000,300.0,normalDay
2020-06-30,2925.0,-1652.0,0.0,100,308.36,301.0,0,0.0,0.0,,0.0,1,7.73,31.61,SPY210331C00300000,300.0,normalDay
2020-07-01,2925.0,-1502.0,0.0,100,310.52,301.0,0,0.0,0.0,,0.0,1,7.73,32.27,SPY210331C00300000,300.0,normalDay
2020-07-02,2925.0,-1454.0,0.0,100,312.23,301.0,0,0.0,0.0,,0.0,1,7.73,33.5,SPY210331C00300000,300.0,normalDay
2020-07-06,2925.0,-1257.0,0.0,100,317.05,301.0,0,0.0,0.0,,0.0,1,7.73,36.35,SPY210331C00300000,300.0,normalDay
2020-07-07,2925.0,-1389.0,0.0,100,313.78,301.0,0,0.0,0.0,,0.0,1,7.73,34.4,SPY210331C00300000,300.0,normalDay
2020-07-08,2925.0,-1294.0,0.0,100,316.18,301.0,0,0.0,0.0,,0.0,1,7.73,35.85,SPY210331C00300000,300.0,normalDay
2020-07-09,2925.0,-1383.0,0.0,100,314.38,301.0,0,0.0,0.0,,0.0,1,7.73,34.94,SPY210331C00300000,300.0,normalDay
2020-07-10,2925.0,-1252.0,0.0,100,317.59,301.0,0,0.0,0.0,,0.0,1,7.73,36.84,SPY210331C00300000,300.0,normalDay
2020-07-13,2925.0,-1458.0,0.0,100,314.84,301.0,0,0.0,0.0,,0.0,1,7.73,36.15,SPY210331C00300000,300.0,normalDay
2020-07-14,2925.0,-1220.0,0.0,100,318.92,301.0,0,0.0,0.0,,0.0,1,7.73,37.85,SPY210331C00300000,300.0,normalDay
2020-07-15,2925.0,-1119.0,0.0,100,321.85,301.0,0,0.0,0.0,,0.0,1,7.73,39.77,SPY210331C00300000,300.0,normalDay
2020-07-16,2925.0,-1067.0,0.0,100,320.79,301.0,0,0.0,0.0,,0.0,1,7.73,38.19,SPY210331C00300000,300.0,normalDay
2020-07-17,2925.0,-1077.0,0.0,100,321.72,301.0,0,0.0,0.0,,0.0,1,7.73,39.22,SPY210331C00300000,300.0,normalDay
2020-07-20,2925.0,-926.0,0.0,100,324.32,301.0,0,0.0,0.0,,0.0,1,7.73,40.31,SPY210331C00300000,300.0,normalDay
2020-07-21,2925.0,-923.0,0.0,100,325.01,301.0,0,0.0,0.0,,0.0,1,7.73,40.97,SPY210331C00300000,300.0,normalDay
2020-07-22,2925.0,-836.0,0.0,100,326.86,301.0,0,0.0,0.0,,0.0,1,7.73,41.95,SPY210331C00300000,300.0,normalDay
2020-07-23,2925.0,-934.0,0.0,100,322.96,301.0,0,0.0,0.0,,0.0,1,7.73,39.03,SPY210331C00300000,300.0,normalDay
2020-07-24,2925.0,-1045.0,0.0,100,320.88,301.0,0,0.0,0.0,,0.0,1,7.73,38.06,SPY210331C00300000,300.0,normalDay
2020-07-27,2925.0,-944.0,0.0,100,323.22,301.0,0,0.0,0.0,,0.0,1,7.73,39.39,SPY210331C00300000,300.0,normalDay
2020-07-28,2925.0,-1030.0,0.0,100,321.17,301.0,0,0.0,0.0,,0.0,1,7.73,38.2,SPY210331C00300000,300.0,normalDay
2020-07-29,2925.0,-886.0,0.0,100,325.12,301.0,0,0.0,0.0,,0.0,1,7.73,40.71,SPY210331C00300000,300.0,normalDay
2020-07-30,2925.0,-995.0,0.0,100,323.96,301.0,0,0.0,0.0,,0.0,1,7.73,40.64,SPY210331C00300000,300.0,normalDay
2020-07-31,2925.0,-892.0,0.0,100,326.52,301.0,0,0.0,0.0,,0.0,1,7.73,42.17,SPY210331C00300000,300.0,normalDay
2020-08-03,2925.0,-787.0,0.0,100,328.79,301.0,0,0.0,0.0,,0.0,1,7.73,43.39,SPY210331C00300000,300.0,normalDay
2020-08-04,2925.0,-721.0,0.0,100,330.06,301.0,0,0.0,0.0,,0.0,1,7.73,44.0,SPY210331C00300000,300.0,normalDay
2020-08-05,2925.0,-657.0,0.0,100,332.11,301.0,0,0.0,0.0,,0.0,1,7.73,45.41,SPY210331C00300000,300.0,normalDay
2020-08-06,2925.0,-613.0,0.0,100,334.33,301.0,0,0.0,0.0,,0.0,1,7.73,47.19,SPY210331C00300000,300.0,normalDay
2020-08-07,2925.0,-608.0,0.0,100,334.57,301.0,0,0.0,0.0,,0.0,1,7.73,47.38,SPY210331C00300000,300.0,normalDay
2020-08-10,2925.0,-550.0,0.0,100,335.57,301.0,0,0.0,0.0,,0.0,1,7.73,47.8,SPY210331C00300000,300.0,normalDay
2020-08-11,2925.0,-672.0,0.0,100,332.8,301.0,0,0.0,0.0,,0.0,1,7.73,46.25,SPY210331C00300000,300.0,normalDay
2020-08-12,2925.0,-509.0,0.0,100,337.44,301.0,0,0.0,0.0,,0.0,1,7.73,49.26,SPY210331C00300000,300.0,normalDay
2020-08-13,2925.0,-521.0,0.0,100,336.83,301.0,0,0.0,0.0,,0.0,1,7.73,48.77,SPY210331C00300000,300.0,normalDay
2020-08-14,2925.0,-543.0,0.0,100,336.84,301.0,0,0.0,0.0,,0.0,1,7.73,49.0,SPY210331C00300000,300.0,normalDay
2020-08-17,2925.0,-479.0,0.0,100,337.91,301.0,0,0.0,0.0,,0.0,1,7.73,49.43,SPY210331C00300000,300.0,normalDay
2020-08-18,2925.0,-442.0,0.0,100,338.64,301.0,0,0.0,0.0,,0.0,1,7.73,49.79,SPY210331C00300000,300.0,normalDay
2020-08-19,2925.0,-513.0,0.0,100,337.23,301.0,0,0.0,0.0,,0.0,1,7.73,49.09,SPY210331C00300000,300.0,normalDay
2020-08-20,2925.0,-465.0,0.0,100,338.28,301.0,0,0.0,0.0,,0.0,1,7.73,49.66,SPY210331C00300000,300.0,normalDay
2020-08-21,2925.0,-466.0,0.0,100,339.48,301.0,0,0.0,0.0,,0.0,1,7.73,50.87,SPY210331C00300000,300.0,normalDay
2020-08-24,2925.0,-376.0,0.0,100,342.92,301.0,0,0.0,0.0,,0.0,1,7.73,53.41,SPY210331C00300000,300.0,normalDay
2020-08-25,2925.0,-366.0,0.0,100,344.12,301.0,0,0.0,0.0,,0.0,1,7.73,54.51,SPY210331C00300000,300.0,normalDay
2020-08-26,2925.0,-355.0,0.0,100,347.57,301.0,0,0.0,0.0,,0.0,1,7.73,57.85,SPY210331C00300000,300.0,normalDay
2020-08-27,2925.0,-369.0,0.0,100,348.33,301.0,0,0.0,0.0,,0.0,1,7.73,58.75,SPY210331C00300000,300.0,normalDay
2020-08-28,2925.0,-298.0,0.0,100,350.58,301.0,0,0.0,0.0,,0.0,1,7.73,60.29,SPY210331C00300000,300.0,normalDay
2020-08-31,2925.0,-455.0,0.0,100,349.31,301.0,0,0.0,0.0,,0.0,1,7.73,60.59,SPY210331C00300000,300.0,normalDay
2020-09-01,2925.0,-350.0,0.0,100,352.6,301.0,0,0.0,0.0,,0.0,1,7.73,62.83,SPY210331C00300000,300.0,normalDay
2020-09-02,2925.0,-365.0,0.0,100,357.7,301.0,0,0.0,0.0,,0.0,1,7.73,68.08,SPY210331C00300000,300.0,normalDay
2020-09-03,2925.0,-746.0,0.0,100,345.39,301.0,0,0.0,0.0,,0.0,1,7.73,59.58,SPY210331C00300000,300.0,normalDay
2020-09-04,2925.0,-614.0,0.0,100,342.57,301.0,0,0.0,0.0,,0.0,1,7.73,55.44,SPY210331C00300000,300.0,normalDay
2020-09-08,2925.0,-768.0,0.0,100,333.21,301.0,0,0.0,0.0,,0.0,1,7.73,47.62,SPY210331C00300000,300.0,normalDay
2020-09-09,2925.0,-497.0,0.0,100,339.79,301.0,0,0.0,0.0,,0.0,1,7.73,51.49,SPY210331C00300000,300.0,normalDay
2020-09-10,2925.0,-705.0,0.0,100,333.89,301.0,0,0.0,0.0,,0.0,1,7.73,47.67,SPY210331C00300000,300.0,normalDay
2020-09-11,2925.0,-538.0,0.0,100,334.06,301.0,0,0.0,0.0,,0.0,1,7.73,46.17,SPY210331C00300000,300.0,normalDay
2020-09-14,2925.0,-460.0,0.0,100,338.46,301.0,0,0.0,0.0,,0.0,1,7.73,49.79,SPY210331C00300000,300.0,normalDay
2020-09-15,2925.0,-442.0,0.0,100,340.17,301.0,0,0.0,0.0,,0.0,1,7.73,51.32,SPY210331C00300000,300.0,normalDay
2020-09-16,2925.0,-444.0,0.0,100,338.82,301.0,0,0.0,0.0,,0.0,1,7.73,49.99,SPY210331C00300000,300.0,normalDay
2020-09-17,2925.0,-558.0,0.0,100,335.84,301.0,0,0.0,0.0,,0.0,1,7.73,48.15,SPY210331C00300000,300.0,normalDay
2020-09-18,2925.0,-720.0,0.0,100,330.65,301.0,0,0.0,0.0,,0.0,1,7.73,44.58,SPY210331C00300000,300.0,normalDay
2020-09-21,2925.0,-860.0,0.0,100,326.97,301.0,0,0.0,0.0,,0.0,1,7.73,42.3,SPY210331C00300000,300.0,normalDay
2020-09-22,2925.0,-740.0,0.0,100,330.3,301.0,0,0.0,0.0,,0.0,1,7.73,44.43,SPY210331C00300000,300.0,normalDay
2020-09-23,2925.0,-999.0,0.0,100,322.64,301.0,0,0.0,0.0,,0.0,1,7.73,39.36,SPY210331C00300000,300.0,normalDay
2020-09-24,2925.0,-970.0,0.0,100,323.5,301.0,0,0.0,0.0,,0.0,1,7.73,39.93,SPY210331C00300000,300.0,normalDay
2020-09-25,2925.0,-766.0,0.0,100,328.73,301.0,0,0.0,0.0,,0.0,1,7.73,43.12,SPY210331C00300000,300.0,normalDay
2020-09-28,2925.0,-625.0,0.0,100,334.19,301.0,0,0.0,0.0,,0.0,1,7.73,47.17,SPY210331C00300000,300.0,normalDay
2020-09-29,2925.0,-702.0,0.0,100,332.37,301.0,0,0.0,0.0,,0.0,1,7.73,46.12,SPY210331C00300000,300.0,normalDay
2020-09-30,2925.0,-502.0,0.0,100,334.89,301.0,0,0.0,0.0,,0.0,1,7.73,46.64,SPY210331C00300000,300.0,normalDay
2020-10-01,2925.0,-573.0,0.0,100,337.04,301.0,0,0.0,0.0,,0.0,1,7.73,49.5,SPY210331C00300000,300.0,normalDay
2020-10-02,2925.0,-667.0,0.0,100,333.84,301.0,0,0.0,0.0,,0.0,1,7.73,47.24,SPY210331C00300000,300.0,normalDay
2020-10-05,2925.0,-447.0,0.0,100,339.76,301.0,0,0.0,0.0,,0.0,1,7.73,50.96,SPY210331C00300000,300.0,normalDay
2020-10-06,2925.0,-605.0,0.0,100,334.93,301.0,0,0.0,0.0,,0.0,1,7.73,47.71,SPY210331C00300000,300.0,normalDay
2020-10-07,2925.0,-390.0,0.0,100,340.76,301.0,0,0.0,0.0,,0.0,1,7.73,51.39,SPY210331C00300000,300.0,normalDay
2020-10-08,2925.0,-301.0,0.0,100,343.78,301.0,0,0.0,0.0,,0.0,1,7.73,53.52,SPY210331C00300000,300.0,normalDay
2020-10-09,2925.0,-207.0,0.0,100,346.85,301.0,0,0.0,0.0,,0.0,1,7.73,55.65,SPY210331C00300000,300.0,normalDay
2020-10-12,2925.0,-117.0,0.0,100,352.43,301.0,0,0.0,0.0,,0.0,1,7.73,60.33,SPY210331C00300000,300.0,normalDay
2020-10-13,2925.0,-140.0,0.0,100,350.13,301.0,0,0.0,0.0,,0.0,1,7.73,58.26,SPY210331C00300000,300.0,normalDay
2020-10-14,2925.0,-146.0,0.0,100,347.93,301.0,0,0.0,0.0,,0.0,1,7.73,56.12,SPY210331C00300000,300.0,normalDay
2020-10-15,2925.0,-176.0,0.0,100,347.5,301.0,0,0.0,0.0,,0.0,1,7.73,55.99,SPY210331C00300000,300.0,normalDay
2020-10-16,2925.0,-130.0,0.0,100,347.29,301.0,0,0.0,0.0,,0.0,1,7.73,55.32,SPY210331C00300000,300.0,normalDay
2020-10-19,2925.0,-316.0,0.0,100,342.01,301.0,0,0.0,0.0,,0.0,1,7.73,51.9,SPY210331C00300000,300.0,normalDay
2020-10-20,2925.0,-227.0,0.0,100,343.38,301.0,0,0.0,0.0,,0.0,1,7.73,52.38,SPY210331C00300000,300.0,normalDay
2020-10-21,2925.0,-270.0,0.0,100,342.73,301.0,0,0.0,0.0,,0.0,1,7.73,52.16,SPY210331C00300000,300.0,normalDay
2020-10-22,2925.0,-165.0,0.0,100,344.61,301.0,0,0.0,0.0,,0.0,1,7.73,52.99,SPY210331C00300000,300.0,normalDay
2020-10-23,2925.0,-97.0,0.0,100,345.78,301.0,0,0.0,0.0,,0.0,1,7.73,53.48,SPY210331C00300000,300.0,normalDay
2020-10-26,2925.0,-371.0,0.0,100,339.39,301.0,0,0.0,0.0,,0.0,1,7.73,49.83,SPY210331C00300000,300.0,normalDay
2020-10-27,2925.0,-372.0,0.0,100,338.22,301.0,0,0.0,0.0,,0.0,1,7.73,48.67,SPY210331C00300000,300.0,normalDay
2020-10-28,2925.0,-813.0,0.0,100,326.66,301.0,0,0.0,0.0,,0.0,1,7.73,41.52,SPY210331C00300000,300.0,normalDay
2020-10-29,2925.0,-685.0,0.0,100,329.98,301.0,0,0.0,0.0,,0.0,1,7.73,43.56,SPY210331C00300000,300.0,normalDay
2020-10-30,2925.0,-783.0,0.0,100,326.54,301.0,0,0.0,0.0,,0.0,1,7.73,41.1,SPY210331C00300000,300.0,normalDay
2020-11-02,2925.0,-573.0,0.0,100,330.2,301.0,0,0.0,0.0,,0.0,1,7.73,42.66,SPY210331C00300000,300.0,normalDay
2020-11-03,2925.0,-290.0,0.0,100,336.03,301.0,0,0.0,0.0,,0.0,1,7.73,45.66,SPY210331C00300000,300.0,normalDay
2020-11-04,2925.0,-166.0,0.0,100,343.54,301.0,0,0.0,0.0,,0.0,1,7.73,51.93,SPY210331C00300000,300.0,normalDay
2020-11-05,2925.0,-68.0,0.0,100,350.24,301.0,0,0.0,0.0,,0.0,1,7.73,57.65,SPY210331C00300000,300.0,normalDay
2020-11-06,2925.0,3.0,0.0,100,350.16,301.0,0,0.0,0.0,,0.0,1,7.73,56.86,SPY210331C00300000,300.0,normalDay
2020-11-09,2925.0,-9.0,0.0,100,354.56,301.0,0,0.0,0.0,,0.0,1,7.73,61.38,SPY210331C00300000,300.0,normalDay
2020-11-10,2925.0,44.0,0.0,100,354.04,301.0,0,0.0,0.0,,0.0,1,7.73,60.33,SPY210331C00300000,300.0,normalDay
2020-11-11,2925.0,117.0,0.0,100,356.67,301.0,0,0.0,0.0,,0.0,1,7.73,62.23,SPY210331C00300000,300.0,normalDay
2020-11-12,2925.0,47.0,0.0,100,353.21,301.0,0,0.0,0.0,,0.0,1,7.73,59.47,SPY210331C00300000,300.0,normalDay
2020-11-13,2925.0,175.0,0.0,100,358.1,301.0,0,0.0,0.0,,0.0,1,7.73,63.08,SPY210331C00300000,300.0,normalDay
2020-11-16,2925.0,240.0,0.0,100,362.57,301.0,0,0.0,0.0,,0.0,1,7.73,66.9,SPY210331C00300000,300.0,normalDay
2020-11-17,2925.0,216.0,0.0,100,360.62,301.0,0,0.0,0.0,,0.0,1,7.73,65.19,SPY210331C00300000,300.0,normalDay
2020-11-18,2925.0,153.0,0.0,100,356.28,301.0,0,0.0,0.0,,0.0,1,7.73,61.48,SPY210331C00300000,300.0,normalDay
2020-11-19,2925.0,200.0,0.0,100,357.78,301.0,0,0.0,0.0,,0.0,1,7.73,62.51,SPY210331C00300000,300.0,normalDay
2020-11-20,2925.0,206.0,0.0,100,355.33,301.0,0,0.0,0.0,,0.0,1,7.73,60.0,SPY210331C00300000,300.0,normalDay
2020-11-23,2925.0,238.0,0.0,100,357.46,301.0,0,0.0,0.0,,0.0,1,7.73,61.81,SPY210331C00300000,300.0,normalDay
2020-11-24,2925.0,296.0,0.0,100,363.22,301.0,0,0.0,0.0,,0.0,1,7.73,66.99,SPY210331C00300000,300.0,normalDay
2020-11-25,2925.0,334.0,0.0,100,362.66,301.0,0,0.0,0.0,,0.0,1,7.73,66.05,SPY210331C00300000,300.0,normalDay
2020-11-27,2925.0,314.0,0.0,100,363.67,301.0,0,0.0,0.0,,0.0,1,7.73,67.26,SPY210331C00300000,300.0,normalDay
2020-11-30,2925.0,266.0,0.0,100,362.06,301.0,0,0.0,0.0,,0.0,1,7.73,66.13,SPY210331C00300000,300.0,normalDay
2020-12-01,2925.0,378.0,0.0,100,366.02,301.0,0,0.0,0.0,,0.0,1,7.73,68.97,SPY210331C00300000,300.0,normalDay
2020-12-02,2925.0,384.0,0.0,100,366.79,301.0,0,0.0,0.0,,0.0,1,7.73,69.68,SPY210331C00300000,300.0,normalDay
2020-12-03,2925.0,404.0,0.0,100,366.69,301.0,0,0.0,0.0,,0.0,1,7.73,69.38,SPY210331C00300000,300.0,normalDay
2020-12-04,2925.0,462.0,0.0,100,369.85,301.0,0,0.0,0.0,,0.0,1,7.73,71.96,SPY210331C00300000,300.0,normalDay
2020-12-07,2925.0,444.0,0.0,100,369.09,301.0,0,0.0,0.0,,0.0,1,7.73,71.38,SPY210331C00300000,300.0,normalDay
2020-12-08,2925.0,441.0,0.0,100,370.17,301.0,0,0.0,0.0,,0.0,1,7.73,72.49,SPY210331C00300000,300.0,normalDay
2020-12-09,2925.0,419.0,0.0,100,366.85,301.0,0,0.0,0.0,,0.0,1,7.73,69.39,SPY210331C00300000,300.0,normalDay
2020-12-10,2925.0,425.0,0.0,100,366.73,301.0,0,0.0,0.0,,0.0,1,7.73,69.21,SPY210331C00300000,300.0,normalDay
2020-12-11,2925.0,387.0,0.0,100,366.3,301.0,0,0.0,0.0,,0.0,1,7.73,69.16,SPY210331C00300000,300.0,normalDay
2020-12-14,2925.0,300.0,0.0,100,364.66,301.0,0,0.0,0.0,,0.0,1,7.73,68.39,SPY210331C00300000,300.0,normalDay
2020-12-15,2925.0,439.0,0.0,100,369.59,301.0,0,0.0,0.0,,0.0,1,7.73,71.93,SPY210331C00300000,300.0,normalDay
2020-12-16,2925.0,428.0,0.0,100,370.17,301.0,0,0.0,0.0,,0.0,1,7.73,72.62,SPY210331C00300000,300.0,normalDay
2020-12-17,2925.0,436.0,0.0,100,372.24,301.0,0,0.0,0.0,,0.0,1,7.73,74.61,SPY210331C00300000,300.0,normalDay
2020-12-18,2925.0,230.0,0.0,100,369.18,301.0,0,0.0,0.0,,0.0,1,7.73,73.61,SPY210331C00300000,300.0,normalDay
2020-12-21,2925.0,284.0,0.0,100,367.86,301.0,0,0.0,0.0,,0.0,1,7.73,71.75,SPY210331C00300000,300.0,normalDay
2020-12-22,2925.0,308.0,0.0,100,367.24,301.0,0,0.0,0.0,,0.0,1,7.73,70.89,SPY210331C00300000,300.0,normalDay
2020-12-23,2925.0,348.0,0.0,100,367.57,301.0,0,0.0,0.0,,0.0,1,7.73,70.82,SPY210331C00300000,300.0,normalDay
2020-12-24,2925.0,375.0,0.0,100,369.0,301.0,0,0.0,0.0,,0.0,1,7.73,71.98,SPY210331C00300000,300.0,normalDay
2020-12-28,2925.0,375.0,0.0,100,372.17,301.0,0,0.0,0.0,,0.0,1,7.73,75.15,SPY210331C00300000,300.0,normalDay
2020-12-29,2925.0,355.0,0.0,100,371.46,301.0,0,0.0,0.0,,0.0,1,7.73,74.64,SPY210331C00300000,300.0,normalDay
2020-12-30,2925.0,410.0,0.0,100,371.99,301.0,0,0.0,0.0,,0.0,1,7.73,74.62,SPY210331C00300000,300.0,normalDay
2020-12-31,2925.0,369.0,0.0,100,373.88,301.0,0,0.0,0.0,,0.0,1,7.73,76.92,SPY210331C00300000,300.0,normalDay
2021-01-04,2925.0,310.0,0.0,100,368.79,301.0,0,0.0,0.0,,0.0,1,7.73,72.42,SPY210331C00300000,300.0,normalDay
2021-01-05,2925.0,399.0,0.0,100,371.33,301.0,0,0.0,0.0,,0.0,1,7.73,74.07,SPY210331C00300000,300.0,normalDay
2021-01-06,2925.0,388.0,0.0,100,373.55,301.0,0,0.0,0.0,,0.0,1,7.73,76.4,SPY210331C00300000,300.0,normalDay
2021-01-07,2925.0,462.0,0.0,100,379.1,301.0,0,0.0,0.0,,0.0,1,7.73,81.21,SPY210331C00300000,300.0,normalDay
2021-01-08,2925.0,423.0,0.0,100,381.26,301.0,0,0.0,0.0,,0.0,1,7.73,83.76,SPY210331C00300000,300.0,normalDay
2021-01-11,2925.0,417.0,0.0,100,378.69,301.0,0,0.0,0.0,,0.0,1,7.73,81.25,SPY210331C00300000,300.0,normalDay
2021-01-12,2925.0,478.0,0.0,100,378.77,301.0,0,0.0,0.0,,0.0,1,7.73,80.72,SPY210331C00300000,300.0,normalDay
2021-01-13,2925.0,466.0,0.0,100,379.79,301.0,0,0.0,0.0,,0.0,1,7.73,81.86,SPY210331C00300000,300.0,normalDay
2021-01-14,2925.0,457.0,0.0,100,378.46,301.0,0,0.0,0.0,,0.0,1,7.73,80.62,SPY210331C00300000,300.0,normalDay
2021-01-15,2925.0,527.0,0.0,100,375.7,301.0,0,0.0,0.0,,0.0,1,7.73,77.16,SPY210331C00300000,300.0,normalDay
2021-01-19,2925.0,492.0,0.0,100,378.65,301.0,0,0.0,0.0,,0.0,1,7.73,80.46,SPY210331C00300000,300.0,normalDay
2021-01-20,2925.0,511.0,0.0,100,383.89,301.0,0,0.0,0.0,,0.0,1,7.73,85.51,SPY210331C00300000,300.0,normalDay
2021-01-21,2925.0,519.0,0.0,100,384.24,301.0,0,0.0,0.0,,0.0,1,7.73,85.78,SPY210331C00300000,300.0,normalDay
2021-01-22,2925.0,527.0,0.0,100,382.88,301.0,0,0.0,0.0,,0.0,1,7.73,84.34,SPY210331C00300000,300.0,normalDay
2021-01-25,2925.0,530.0,0.0,100,384.39,301.0,0,0.0,0.0,,0.0,1,7.73,85.82,SPY210331C00300000,300.0,normalDay
2021-01-26,2925.0,470.0,0.0,100,383.79,301.0,0,0.0,0.0,,0.0,1,7.73,85.82,SPY210331C00300000,300.0,normalDay
2021-01-27,2925.0,429.0,0.0,100,374.41,301.0,0,0.0,0.0,,0.0,1,7.73,76.85,SPY210331C00300000,300.0,normalDay
2021-01-28,2925.0,409.0,0.0,100,377.63,301.0,0,0.0,0.0,,0.0,1,7.73,80.27,SPY210331C00300000,300.0,normalDay
2021-01-29,2925.0,396.0,0.0,100,370.07,301.0,0,0.0,0.0,,0.0,1,7.73,72.84,SPY210331C00300000,300.0,normalDay
2021-02-01,2925.0,506.0,0.0,100,376.23,301.0,0,0.0,0.0,,0.0,1,7.73,77.9,SPY210331C00300000,300.0,normalDay
2021-02-02,2925.0,445.0,0.0,100,381.55,301.0,0,0.0,0.0,,0.0,1,7.73,83.83,SPY210331C00300000,300.0,normalDay
2021-02-03,2925.0,494.0,0.0,100,381.85,301.0,0,0.0,0.0,,0.0,1,7.73,83.64,SPY210331C00300000,300.0,normalDay
2021-02-04,2925.0,567.0,0.0,100,386.19,301.0,0,0.0,0.0,,0.0,1,7.73,87.25,SPY210331C00300000,300.0,normalDay
2021-02-05,2925.0,564.0,0.0,100,387.71,301.0,0,0.0,0.0,,0.0,1,7.73,88.8,SPY210331C00300000,300.0,normalDay
2021-02-08,2925.0,592.0,0.0,100,390.51,301.0,0,0.0,0.0,,0.0,1,7.73,91.32,SPY210331C00300000,300.0,normalDay
2021-02-09,2925.0,549.0,0.0,100,390.25,301.0,0,0.0,0.0,,0.0,1,7.73,91.49,SPY210331C00300000,300.0,normalDay
2021-02-10,2925.0,568.0,0.0,100,390.08,301.0,0,0.0,0.0,,0.0,1,7.73,91.13,SPY210331C00300000,300.0,normalDay
2021-02-11,2925.0,611.0,0.0,100,390.71,301.0,0,0.0,0.0,,0.0,1,7.73,91.33,SPY210331C00300000,300.0,normalDay
2021-02-12,2925.0,575.0,0.0,100,392.64,301.0,0,0.0,0.0,,0.0,1,7.73,93.62,SPY210331C00300000,300.0,normalDay
2021-02-16,2925.0,611.0,0.0,100,392.3,301.0,0,0.0,0.0,,0.0,1,7.73,92.92,SPY210331C00300000,300.0,normalDay
2021-02-17,2925.0,612.0,0.0,100,392.39,301.0,0,0.0,0.0,,0.0,1,7.73,93.0,SPY210331C00300000,300.0,normalDay
2021-02-18,2925.0,602.0,0.0,100,390.72,301.0,0,0.0,0.0,,0.0,1,7.73,91.43,SPY210331C00300000,300.0,normalDay
2021-02-19,2925.0,631.0,0.0,100,390.03,301.0,0,0.0,0.0,,0.0,1,7.73,90.45,SPY210331C00300000,300.0,normalDay
2021-02-22,2925.0,598.0,0.0,100,387.03,301.0,0,0.0,0.0,,0.0,1,7.73,87.78,SPY210331C00300000,300.0,normalDay
2021-02-23,2925.0,620.0,0.0,100,387.5,301.0,0,0.0,0.0,,0.0,1,7.73,88.03,SPY210331C00300000,300.0,normalDay
2021-02-24,2925.0,606.0,0.0,100,391.77,301.0,0,0.0,0.0,,0.0,1,7.73,92.44,SPY210331C00300000,300.0,normalDay
2021-02-25,2925.0,470.0,0.0,100,382.33,301.0,0,0.0,0.0,,0.0,1,7.73,84.36,SPY210331C00300000,300.0,normalDay
2021-02-26,2925.0,544.0,0.0,100,380.36,301.0,0,0.0,0.0,,0.0,1,7.73,81.65,SPY210331C00300000,300.0,normalDay
2021-03-01,2925.0,647.0,0.0,100,389.58,301.0,0,0.0,0.0,,0.0,1,7.73,89.84,SPY210331C00300000,300.0,normalDay
2021-03-02,2925.0,637.0,0.0,100,386.54,301.0,0,0.0,0.0,,0.0,1,7.73,86.9,SPY210331C00300000,300.0,normalDay
2021-03-03,2925.0,621.0,0.0,100,381.42,301.0,0,0.0,0.0,,0.0,1,7.73,81.94,SPY210331C00300000,300.0,normalDay
2021-03-04,2925.0,579.0,0.0,100,376.7,301.0,0,0.0,0.0,,0.0,1,7.73,77.64,SPY210331C00300000,300.0,normalDay
2021-03-05,2925.0,619.0,0.0,100,383.63,301.0,0,0.0,0.0,,0.0,1,7.73,84.17,SPY210331C00300000,300.0,normalDay
2021-03-08,2925.0,593.0,0.0,100,381.72,301.0,0,0.0,0.0,,0.0,1,7.73,82.52,SPY210331C00300000,300.0,normalDay
2021-03-09,2925.0,637.0,0.0,100,387.17,301.0,0,0.0,0.0,,0.0,1,7.73,87.53,SPY210331C00300000,300.0,normalDay
2021-03-10,2925.0,591.0,0.0,100,389.58,301.0,0,0.0,0.0,,0.0,1,7.73,90.4,SPY210331C00300000,300.0,normalDay
2021-03-11,2925.0,663.0,0.0,100,393.53,301.0,0,0.0,0.0,,0.0,1,7.73,93.63,SPY210331C00300000,300.0,normalDay
2021-03-12,2925.0,617.0,0.0,100,394.06,301.0,0,0.0,0.0,,0.0,1,7.73,94.62,SPY210331C00300000,300.0,normalDay
2021-03-15,2925.0,627.0,0.0,100,396.41,301.0,0,0.0,0.0,,0.0,1,7.73,96.87,SPY210331C00300000,300.0,normalDay
2021-03-16,2925.0,653.0,0.0,100,395.91,301.0,0,0.0,0.0,,0.0,1,7.73,96.11,SPY210331C00300000,300.0,normalDay
2021-03-17,2925.0,668.0,0.0,100,397.26,301.0,0,0.0,0.0,,0.0,1,7.73,97.31,SPY210331C00300000,300.0,normalDay
2021-03-18,2925.0,576.0,0.0,100,391.48,301.0,0,0.0,0.0,,0.0,1,7.73,92.45,SPY210331C00300000,300.0,normalDay
2021-03-19,2925.0,666.0,0.0,100,389.48,301.0,0,0.0,0.0,,0.0,1,7.73,89.55,SPY210331C00300000,300.0,normalDay
2021-03-22,2925.0,642.0,0.0,100,392.59,301.0,0,0.0,0.0,,0.0,1,7.73,92.9,SPY210331C00300000,300.0,normalDay
2021-03-23,2925.0,631.0,0.0,100,389.5,301.0,0,0.0,0.0,,0.0,1,7.73,89.92,SPY210331C00300000,300.0,normalDay
2021-03-24,2925.0,647.0,0.0,100,387.52,301.0,0,0.0,0.0,,0.0,1,7.73,87.78,SPY210331C00300000,300.0,normalDay
2021-03-25,2925.0,648.0,0.0,100,389.7,301.0,0,0.0,0.0,,0.0,1,7.73,89.95,SPY210331C00300000,300.0,normalDay
2021-03-26,2925.0,681.0,0.0,100,395.98,301.0,0,0.0,0.0,,0.0,1,7.73,95.9,SPY210331C00300000,300.0,normalDay
2021-03-29,2925.0,676.0,0.0,100,395.78,301.0,0,0.0,0.0,,0.0,1,7.73,95.75,SPY210331C00300000,300.0,normalDay
2021-03-30,2925.0,697.0,0.0,100,394.73,301.0,0,0.0,0.0,,0.0,1,7.73,94.49,SPY210331C00300000,300.0,normalDay
2021-03-31,3598.0,697.0,673.0,0,396.33,0.0,0,0.0,0.0,,0.0,1,7.73,0.0,SPY210331C00300000,300.0,expirationDay
2021-04-01,3598.0,-8.0,0.0,0,400.61,0.0,1,12.12,12.2,SPY210820P00386000,386.0,0,0.0,0.0,,0.0,normalDay
2021-04-05,3598.0,154.0,0.0,0,406.36,0.0,1,12.12,10.58,SPY210820P00386000,386.0,0,0.0,0.0,,0.0,normalDay
2021-04-06,3598.0,134.0,0.0,0,406.12,0.0,1,12.12,10.78,SPY210820P00386000,386.0,0,0.0,0.0,,0.0,normalDay
2021-04-07,3598.0,177.0,0.0,0,406.59,0.0,1,12.12,10.35,SPY210820P00386000,386.0,0,0.0,0.0,,0.0,normalDay
2021-04-08,3598.0,211.0,0.0,0,408.52,0.0,1,12.12,10.01,SPY210820P00386000,386.0,0,0.0,0.0,,0.0,normalDay
2021-04-09,3598.0,256.0,0.0,0,411.49,0.0,1,12.12,9.56,SPY210820P00386000,386.0,0,0.0,0.0,,0.0,normalDay
2021-04-12,3598.0,276.0,0.0,0,411.64,0.0,1,12.12,9.36,SPY210820P00386000,386.0,0,0.0,0.0,,0.0,normalDay
2021-04-13,3598.0,318.0,0.0,0,412.86,0.0,1,12.12,8.94,SPY210820P00386000,386.0,0,0.0,0.0,,0.0,normalDay
2021-04-14,3598.0,287.0,0.0,0,411.45,0.0,1,12.12,9.25,SPY210820P00386000,386.0,0,0.0,0.0,,0.0,normalDay
2021-04-15,3598.0,382.0,0.0,0,415.87,0.0,1,12.12,8.3,SPY210820P00386000,386.0,0,0.0,0.0,,0.0,normalDay
2021-04-16,3598.0,410.0,0.0,0,417.26,0.0,1,12.12,8.02,SPY210820P00386000,386.0,0,0.0,0.0,,0.0,normalDay
2021-04-19,3598.0,344.0,0.0,0,415.21,0.0,1,12.12,8.68,SPY210820P00386000,386.0,0,0.0,0.0,,0.0,normalDay
2021-04-20,3598.0,241.0,0.0,0,412.17,0.0,1,12.12,9.71,SPY210820P00386000,386.0,0,0.0,0.0,,0.0,normalDay
2021-04-21,3598.0,364.0,0.0,0,416.07,0.0,1,12.12,8.48,SPY210820P00386000,386.0,0,0.0,0.0,,0.0,normalDay
2021-04-22,3598.0,238.0,0.0,0,412.27,0.0,1,12.12,9.74,SPY210820P00386000,386.0,0,0.0,0.0,,0.0,normalDay
2021-04-23,3598.0,382.0,0.0,0,416.74,0.0,1,12.12,8.3,SPY210820P00386000,386.0,0,0.0,0.0,,0.0,normalDay
2021-04-26,3598.0,416.0,0.0,0,417.61,0.0,1,12.12,7.96,SPY210820P00386000,386.0,0,0.0,0.0,,0.0,normalDay
2021-04-27,3598.0,429.0,0.0,0,417.52,0.0,1,12.12,7.83,SPY210820P00386000,386.0,0,0.0,0.0,,0.0,normalDay
2021-04-28,3598.0,450.0,0.0,0,417.4,0.0,1,12.12,7.62,SPY210820P00386000,386.0,0,0.0,0.0,,0.0,normalDay
2021-04-29,3598.0,477.0,0.0,0,420.06,0.0,1,12.12,7.35,SPY210820P00386000,386.0,0,0.0,0.0,,0.0,normalDay
2021-04-30,3598.0,413.0,0.0,0,417.3,0.0,1,12.12,7.99,SPY210820P00386000,386.0,0,0.0,0.0,,0.0,normalDay
2021-05-03,3598.0,460.0,0.0,0,418.2,0.0,1,12.12,7.52,SPY210820P00386000,386.0,0,0.0,0.0,,0.0,normalDay
2021-05-04,3598.0,372.0,0.0,0,415.62,0.0,1,12.12,8.4,SPY210820P00386000,386.0,0,0.0,0.0,,0.0,normalDay
2021-05-05,3598.0,397.0,0.0,0,415.75,0.0,1,12.12,8.15,SPY210820P00386000,386.0,0,0.0,0.0,,0.0,normalDay
2021-05-06,3598.0,487.0,0.0,0,419.07,0.0,1,12.12,7.25,SPY210820P00386000,386.0,0,0.0,0.0,,0.0,normalDay
2021-05-07,3598.0,577.0,0.0,0,422.12,0.0,1,12.12,6.35,SPY210820P00386000,386.0,0,0.0,0.0,,0.0,normalDay
2021-05-10,3598.0,454.0,0.0,0,417.94,0.0,1,12.12,7.58,SPY210820P00386000,386.0,0,0.0,0.0,,0.0,normalDay
2021-05-11,3598.0,329.0,0.0,0,414.21,0.0,1,12.12,8.83,SPY210820P00386000,386.0,0,0.0,0.0,,0.0,normalDay
2021-05-12,3598.0,-56.0,0.0,0,405.41,0.0,1,12.12,12.68,SPY210820P00386000,386.0,0,0.0,0.0,,0.0,normalDay
2021-05-13,3598.0,209.0,0.0,0,410.28,0.0,1,12.12,10.03,SPY210820P00386000,386.0,0,0.0,0.0,,0.0,normalDay
2021-05-14,3598.0,488.0,0.0,0,416.58,0.0,1,12.12,7.24,SPY210820P00386000,386.0,0,0.0,0.0,,0.0,normalDay
2021-05-17,3598.0,444.0,0.0,0,415.52,0.0,1,12.12,7.68,SPY210820P00386000,386.0,0,0.0,0.0,,0.0,normalDay
2021-05-18,3598.0,334.0,0.0,0,411.94,0.0,1,12.12,8.78,SPY210820P00386000,386.0,0,0.0,0.0,,0.0,normalDay
2021-05-19,3598.0,288.0,0.0,0,410.86,0.0,1,12.12,9.24,SPY210820P00386000,386.0,0,0.0,0.0,,0.0,normalDay
2021-05-20,3598.0,426.0,0.0,0,415.28,0.0,1,12.12,7.86,SPY210820P00386000,386.0,0,0.0,0.0,,0.0,normalDay
2021-05-21,3598.0,459.0,0.0,0,414.94,0.0,1,12.12,7.53,SPY210820P00386000,386.0,0,0.0,0.0,,0.0,normalDay
2021-05-24,3598.0,600.0,0.0,0,419.17,0.0,1,12.12,6.12,SPY210820P00386000,386.0,0,0.0,0.0,,0.0,normalDay
2021-05-25,3598.0,589.0,0.0,0,418.24,0.0,1,12.12,6.23,SPY210820P00386000,386.0,0,0.0,0.0,,0.0,normalDay
2021-05-26,3598.0,659.0,0.0,0,419.07,0.0,1,12.12,5.53,SPY210820P00386000,386.0,0,0.0,0.0,,0.0,normalDay
2021-05-27,3598.0,721.0,0.0,0,419.29,0.0,1,12.12,4.91,SPY210820P00386000,386.0,0,0.0,0.0,,0.0,normalDay
2021-05-28,3598.0,733.0,0.0,0,420.04,0.0,1,12.12,4.79,SPY210820P00386000,386.0,0,0.0,0.0,,0.0,normalDay
2021-06-01,3598.0,715.0,0.0,0,419.67,0.0,1,12.12,4.97,SPY210820P00386000,386.0,0,0.0,0.0,,0.0,normalDay
2021-06-02,3598.0,738.0,0.0,0,420.33,0.0,1,12.12,4.74,SPY210820P00386000,386.0,0,0.0,0.0,,0.0,normalDay
2021-06-03,3598.0,702.0,0.0,0,418.77,0.0,1,12.12,5.1,SPY210820P00386000,386.0,0,0.0,0.0,,0.0,normalDay
2021-06-04,3598.0,794.0,0.0,0,422.6,0.0,1,12.12,4.18,SPY210820P00386000,386.0,0,0.0,0.0,,0.0,normalDay
2021-06-07,3598.0,823.0,0.0,0,422.19,0.0,1,12.12,3.89,SPY210820P00386000,386.0,0,0.0,0.0,,0.0,normalDay
2021-06-08,3598.0,816.0,0.0,0,422.28,0.0,1,12.12,3.96,SPY210820P00386000,386.0,0,0.0,0.0,,0.0,normalDay
2021-06-09,3598.0,800.0,0.0,0,421.65,0.0,1,12.12,4.12,SPY210820P00386000,386.0,0,0.0,0.0,,0.0,normalDay
2021-06-10,3598.0,872.0,0.0,0,423.61,0.0,1,12.12,3.4,SPY210820P00386000,386.0,0,0.0,0.0,,0.0,normalDay
2021-06-11,3598.0,898.0,0.0,0,424.31,0.0,1,12.12,3.14,SPY210820P00386000,386.0,0,0.0,0.0,,0.0,normalDay
2021-06-14,3598.0,907.0,0.0,0,425.26,0.0,1,12.12,3.05,SPY210820P00386000,386.0,0,0.0,0.0,,0.0,normalDay
2021-06-15,3598.0,888.0,0.0,0,424.48,0.0,1,12.12,3.24,SPY210820P00386000,386.0,0,0.0,0.0,,0.0,normalDay
2021-06-16,3598.0,854.0,0.0,0,422.11,0.0,1,12.12,3.58,SPY210820P00386000,386.0,0,0.0,0.0,,0.0,normalDay
2021-06-17,3598.0,874.0,0.0,0,421.97,0.0,1,12.12,3.38,SPY210820P00386000,386.0,0,0.0,0.0,,0.0,normalDay
2021-06-18,3598.0,725.0,0.0,0,414.92,0.0,1,12.12,4.87,SPY210820P00386000,386.0,0,0.0,0.0,,0.0,normalDay
2021-06-21,3598.0,892.0,0.0,0,420.86,0.0,1,12.12,3.2,SPY210820P00386000,386.0,0,0.0,0.0,,0.0,normalDay
2021-06-22,3598.0,943.0,0.0,0,423.11,0.0,1,12.12,2.69,SPY210820P00386000,386.0,0,0.0,0.0,,0.0,normalDay
2021-06-23,3598.0,957.0,0.0,0,422.6,0.0,1,12.12,2.55,SPY210820P00386000,386.0,0,0.0,0.0,,0.0,normalDay
2021-06-24,3598.0,992.0,0.0,0,425.1,0.0,1,12.12,2.2,SPY210820P00386000,386.0,0,0.0,0.0,,0.0,normalDay
2021-06-25,3598.0,1018.0,0.0,0,426.61,0.0,1,12.12,1.94,SPY210820P00386000,386.0,0,0.0,0.0,,0.0,normalDay
2021-06-28,3598.0,1031.0,0.0,0,427.47,0.0,1,12.12,1.81,SPY210820P00386000,386.0,0,0.0,0.0,,0.0,normalDay
2021-06-29,3598.0,1029.0,0.0,0,427.7,0.0,1,12.12,1.83,SPY210820P00386000,386.0,0,0.0,0.0,,0.0,normalDay
2021-06-30,3598.0,1040.0,0.0,0,428.06,0.0,1,12.12,1.72,SPY210820P00386000,386.0,0,0.0,0.0,,0.0,normalDay
2021-07-01,3598.0,1057.0,0.0,0,430.43,0.0,1,12.12,1.55,SPY210820P00386000,386.0,0,0.0,0.0,,0.0,normalDay
2021-07-02,3598.0,1078.0,0.0,0,433.72,0.0,1,12.12,1.34,SPY210820P00386000,386.0,0,0.0,0.0,,0.0,normalDay
2021-07-06,3598.0,1070.0,0.0,0,432.93,0.0,1,12.12,1.42,SPY210820P00386000,386.0,0,0.0,0.0,,0.0,normalDay
2021-07-07,3598.0,1083.0,0.0,0,434.46,0.0,1,12.12,1.29,SPY210820P00386000,386.0,0,0.0,0.0,,0.0,normalDay
2021-07-08,3598.0,1031.0,0.0,0,430.92,0.0,1,12.12,1.81,SPY210820P00386000,386.0,0,0.0,0.0,,0.0,normalDay
2021-07-09,3598.0,1094.0,0.0,0,435.52,0.0,1,12.12,1.18,SPY210820P00386000,386.0,0,0.0,0.0,,0.0,normalDay
2021-07-12,3598.0,1111.0,0.0,0,437.08,0.0,1,12.12,1.01,SPY210820P00386000,386.0,0,0.0,0.0,,0.0,normalDay
2021-07-13,3598.0,1099.0,0.0,0,435.59,0.0,1,12.12,1.13,SPY210820P00386000,386.0,0,0.0,0.0,,0.0,normalDay
2021-07-14,3598.0,1119.0,0.0,0,436.24,0.0,1,12.12,0.93,SPY210820P00386000,386.0,0,0.0,0.0,,0.0,normalDay
2021-07-15,3598.0,1110.0,0.0,0,434.75,0.0,1,12.12,1.02,SPY210820P00386000,386.0,0,0.0,0.0,,0.0,normalDay
2021-07-16,3598.0,1088.0,0.0,0,431.34,0.0,1,12.12,1.24,SPY210820P00386000,386.0,0,0.0,0.0,,0.0,normalDay
2021-07-19,3598.0,1005.0,0.0,0,424.97,0.0,1,12.12,2.07,SPY210820P00386000,386.0,0,0.0,0.0,,0.0,normalDay
2021-07-20,3598.0,1079.0,0.0,0,431.06,0.0,1,12.12,1.33,SPY210820P00386000,386.0,0,0.0,0.0,,0.0,normalDay
2021-07-21,3598.0,1124.0,0.0,0,434.55,0.0,1,12.12,0.88,SPY210820P00386000,386.0,0,0.0,0.0,,0.0,normalDay
2021-07-22,3598.0,1132.0,0.0,0,435.46,0.0,1,12.12,0.8,SPY210820P00386000,386.0,0,0.0,0.0,,0.0,normalDay
2021-07-23,3598.0,1149.0,0.0,0,439.94,0.0,1,12.12,0.63,SPY210820P00386000,386.0,0,0.0,0.0,,0.0,normalDay
2021-07-26,3598.0,1164.0,0.0,0,441.02,0.0,1,12.12,0.48,SPY210820P00386000,386.0,0,0.0,0.0,,0.0,normalDay
2021-07-27,3598.0,1151.0,0.0,0,439.01,0.0,1,12.12,0.61,SPY210820P00386000,386.0,0,0.0,0.0,,0.0,normalDay
2021-07-28,3598.0,1163.0,0.0,0,438.83,0.0,1,12.12,0.49,SPY210820P00386000,386.0,0,0.0,0.0,,0.0,normalDay
2021-07-29,3598.0,1174.0,0.0,0,440.65,0.0,1,12.12,0.38,SPY210820P00386000,386.0,0,0.0,0.0,,0.0,normalDay
2021-07-30,3598.0,1169.0,0.0,0,438.51,0.0,1,12.12,0.43,SPY210820P00386000,386.0,0,0.0,0.0,,0.0,normalDay
2021-08-02,3598.0,1172.0,0.0,0,437.59,0.0,1,12.12,0.4,SPY210820P00386000,386.0,0,0.0,0.0,,0.0,normalDay
2021-08-03,3598.0,1189.0,0.0,0,441.15,0.0,1,12.12,0.23,SPY210820P00386000,386.0,0,0.0,0.0,,0.0,normalDay
2021-08-04,3598.0,1190.0,0.0,0,438.98,0.0,1,12.12,0.22,SPY210820P00386000,386.0,0,0.0,0.0,,0.0,normalDay
2021-08-05,3598.0,1196.0,0.0,0,441.76,0.0,1,12.12,0.16,SPY210820P00386000,386.0,0,0.0,0.0,,0.0,normalDay
2021-08-06,3598.0,1202.0,0.0,0,442.49,0.0,1,12.12,0.1,SPY210820P00386000,386.0,0,0.0,0.0,,0.0,normalDay
2021-08-09,3598.0,1203.0,0.0,0,442.13,0.0,1,12.12,0.09,SPY210820P00386000,386.0,0,0.0,0.0,,0.0,normalDay
2021-08-10,3598.0,1203.0,0.0,0,442.68,0.0,1,12.12,0.09,SPY210820P00386000,386.0,0,0.0,0.0,,0.0,normalDay
2021-08-11,3598.0,1206.0,0.0,0,443.78,0.0,1,12.12,0.06,SPY210820P00386000,386.0,0,0.0,0.0,,0.0,normalDay
2021-08-12,3598.0,1207.0,0.0,0,445.11,0.0,1,12.12,0.05,SPY210820P00386000,386.0,0,0.0,0.0,,0.0,normalDay
2021-08-13,3598.0,1208.0,0.0,0,445.92,0.0,1,12.12,0.04,SPY210820P00386000,386.0,0,0.0,0.0,,0.0,normalDay
2021-08-16,3598.0,1209.0,0.0,0,446.97,0.0,1,12.12,0.03,SPY210820P00386000,386.0,0,0.0,0.0,,0.0,normalDay
2021-08-17,3598.0,1210.0,0.0,0,444.04,0.0,1,12.12,0.02,SPY210820P00386000,386.0,0,0.0,0.0,,0.0,normalDay
2021-08-18,3598.0,1206.0,0.0,0,439.18,0.0,1,12.12,0.06,SPY210820P00386000,386.0,0,0.0,0.0,,0.0,normalDay
2021-08-19,3598.0,1210.0,0.0,0,439.86,0.0,1,12.12,0.02,SPY210820P00386000,386.0,0,0.0,0.0,,0.0,normalDay
2021-08-20,4810.0,0.0,1212.0,0,443.36,0.0,1,12.12,0.0,SPY210820P00386000,386.0,0,0.0,0.0,,0.0,expirationDay
2021-08-23,4810.0,-10.0,0.0,0,447.26,0.0,1,14.81,14.91,SPY211231P00438000,438.0,0,0.0,0.0,,0.0,normalDay
2021-08-24,4810.0,6.0,0.0,0,447.97,0.0,1,14.81,14.75,SPY211231P00438000,438.0,0,0.0,0.0,,0.0,normalDay
2021-08-25,4810.0,69.0,0.0,0,448.91,0.0,1,14.81,14.12,SPY211231P00438000,438.0,0,0.0,0.0,,0.0,normalDay
2021-08-26,4810.0,-63.0,0.0,0,446.26,0.0,1,14.81,15.44,SPY211231P00438000,438.0,0,0.0,0.0,,0.0,normalDay
2021-08-27,4810.0,129.0,0.0,0,450.25,0.0,1,14.81,13.52,SPY211231P00438000,438.0,0,0.0,0.0,,0.0,normalDay
2021-08-30,4810.0,203.0,0.0,0,452.23,0.0,1,14.81,12.78,SPY211231P00438000,438.0,0,0.0,0.0,,0.0,normalDay
2021-08-31,4810.0,197.0,0.0,0,451.56,0.0,1,14.81,12.84,SPY211231P00438000,438.0,0,0.0,0.0,,0.0,normalDay
2021-09-01,4810.0,227.0,0.0,0,451.8,0.0,1,14.81,12.54,SPY211231P00438000,438.0,0,0.0,0.0,,0.0,normalDay
2021-09-02,4810.0,268.0,0.0,0,453.19,0.0,1,14.81,12.13,SPY211231P00438000,438.0,0,0.0,0.0,,0.0,normalDay
2021-09-03,4810.0,257.0,0.0,0,453.08,0.0,1,14.81,12.24,SPY211231P00438000,438.0,0,0.0,0.0,,0.0,normalDay
2021-09-07,4810.0,182.0,0.0,0,451.46,0.0,1,14.81,12.99,SPY211231P00438000,438.0,0,0.0,0.0,,0.0,normalDay
2021-09-08,4810.0,169.0,0.0,0,450.91,0.0,1,14.81,13.12,SPY211231P00438000,438.0,0,0.0,0.0,,0.0,normalDay
2021-09-09,4810.0,71.0,0.0,0,448.98,0.0,1,14.81,14.1,SPY211231P00438000,438.0,0,0.0,0.0,,0.0,normalDay
2021-09-10,4810.0,-47.0,0.0,0,445.44,0.0,1,14.81,15.28,SPY211231P00438000,438.0,0,0.0,0.0,,0.0,normalDay
2021-09-13,4810.0,55.0,0.0,0,446.58,0.0,1,14.81,14.26,SPY211231P00438000,438.0,0,0.0,0.0,,0.0,normalDay
2021-09-14,4810.0,-36.0,0.0,0,444.17,0.0,1,14.81,15.17,SPY211231P00438000,438.0,0,0.0,0.0,,0.0,normalDay
2021-09-15,4810.0,139.0,0.0,0,447.88,0.0,1,14.81,13.42,SPY211231P00438000,438.0,0,0.0,0.0,,0.0,normalDay
2021-09-16,4810.0,107.0,0.0,0,447.17,0.0,1,14.81,13.74,SPY211231P00438000,438.0,0,0.0,0.0,,0.0,normalDay
2021-09-17,4810.0,-94.0,0.0,0,441.4,0.0,1,14.81,15.75,SPY211231P00438000,438.0,0,0.0,0.0,,0.0,normalDay
2021-09-20,4810.0,-544.0,0.0,0,434.04,0.0,1,14.81,20.25,SPY211231P00438000,438.0,0,0.0,0.0,,0.0,normalDay
2021-09-21,4810.0,-504.0,0.0,0,433.63,0.0,1,14.81,19.85,SPY211231P00438000,438.0,0,0.0,0.0,,0.0,normalDay
2021-09-22,4810.0,-189.0,0.0,0,437.86,0.0,1,14.81,16.7,SPY211231P00438000,438.0,0,0.0,0.0,,0.0,normalDay
2021-09-23,4810.0,98.0,0.0,0,443.18,0.0,1,14.81,13.83,SPY211231P00438000,438.0,0,0.0,0.0,,0.0,normalDay
2021-09-24,4810.0,161.0,0.0,0,443.91,0.0,1,14.81,13.2,SPY211231P00438000,438.0,0,0.0,0.0,,0.0,normalDay
2021-09-27,4810.0,107.0,0.0,0,442.64,0.0,1,14.81,13.74,SPY211231P00438000,438.0,0,0.0,0.0,,0.0,normalDay
2021-09-28,4810.0,-372.0,0.0,0,433.72,0.0,1,14.81,18.53,SPY211231P00438000,438.0,0,0.0,0.0,,0.0,normalDay
2021-09-29,4810.0,-299.0,0.0,0,434.45,0.0,1,14.81,17.8,SPY211231P00438000,438.0,0,0.0,0.0,,0.0,normalDay
2021-09-30,4810.0,-604.0,0.0,0,429.14,0.0,1,14.81,20.85,SPY211231P00438000,438.0,0,0.0,0.0,,0.0,normalDay
2021-10-01,4810.0,-251.0,0.0,0,434.24,0.0,1,14.81,17.32,SPY211231P00438000,438.0,0,0.0,0.0,,0.0,normalDay
2021-10-04,4810.0,-581.0,0.0,0,428.64,0.0,1,14.81,20.62,SPY211231P00438000,438.0,0,0.0,0.0,,0.0,normalDay
2021-10-05,4810.0,-302.0,0.0,0,433.1,0.0,1,14.81,17.83,SPY211231P00438000,438.0,0,0.0,0.0,,0.0,normalDay
2021-10-06,4810.0,-211.0,0.0,0,434.9,0.0,1,14.81,16.92,SPY211231P00438000,438.0,0,0.0,0.0,,0.0,normalDay
2021-10-07,4810.0,14.0,0.0,0,438.66,0.0,1,14.81,14.67,SPY211231P00438000,438.0,0,0.0,0.0,,0.0,normalDay
2021-10-08,4810.0,-21.0,0.0,0,437.86,0.0,1,14.81,15.02,SPY211231P00438000,438.0,0,0.0,0.0,,0.0,normalDay
2021-10-11,4810.0,-149.0,0.0,0,434.69,0.0,1,14.81,16.3,SPY211231P00438000,438.0,0,0.0,0.0,,0.0,normalDay
2021-10-12,4810.0,-205.0,0.0,0,433.62,0.0,1,14.81,16.86,SPY211231P00438000,438.0,0,0.0,0.0,,0.0,normalDay
2021-10-13,4810.0,-19.0,0.0,0,435.18,0.0,1,14.81,15.0,SPY211231P00438000,438.0,0,0.0,0.0,,0.0,normalDay
2021-10-14,4810.0,353.0,0.0,0,442.5,0.0,1,14.81,11.28,SPY211231P00438000,438.0,0,0.0,0.0,,0.0,normalDay
2021-10-15,4810.0,478.0,0.0,0,445.87,0.0,1,14.81,10.03,SPY211231P00438000,438.0,0,0.0,0.0,,0.0,normalDay
2021-10-18,4810.0,541.0,0.0,0,447.19,0.0,1,14.81,9.4,SPY211231P00438000,438.0,0,0.0,0.0,,0.0,normalDay
2021-10-19,4810.0,680.0,0.0,0,450.64,0.0,1,14.81,8.01,SPY211231P00438000,438.0,0,0.0,0.0,,0.0,normalDay
2021-10-20,4810.0,712.0,0.0,0,452.41,0.0,1,14.81,7.69,SPY211231P00438000,438.0,0,0.0,0.0,,0.0,normalDay
2021-10-21,4810.0,770.0,0.0,0,453.59,0.0,1,14.81,7.11,SPY211231P00438000,438.0,0,0.0,0.0,,0.0,normalDay
2021-10-22,4810.0,727.0,0.0,0,453.12,0.0,1,14.81,7.54,SPY211231P00438000,438.0,0,0.0,0.0,,0.0,normalDay
2021-10-25,4810.0,812.0,0.0,0,455.55,0.0,1,14.81,6.69,SPY211231P00438000,438.0,0,0.0,0.0,,0.0,normalDay
2021-10-26,4810.0,823.0,0.0,0,455.96,0.0,1,14.81,6.58,SPY211231P00438000,438.0,0,0.0,0.0,,0.0,normalDay
2021-10-27,4810.0,740.0,0.0,0,453.94,0.0,1,14.81,7.41,SPY211231P00438000,438.0,0,0.0,0.0,,0.0,normalDay
2021-10-28,4810.0,855.0,0.0,0,458.32,0.0,1,14.81,6.26,SPY211231P00438000,438.0,0,0.0,0.0,,0.0,normalDay
2021-10-29,4810.0,886.0,0.0,0,459.25,0.0,1,14.81,5.95,SPY211231P00438000,438.0,0,0.0,0.0,,0.0,normalDay
2021-11-01,4810.0,924.0,0.0,0,460.04,0.0,1,14.81,5.57,SPY211231P00438000,438.0,0,0.0,0.0,,0.0,normalDay
2021-11-02,4810.0,970.0,0.0,0,461.9,0.0,1,14.81,5.11,SPY211231P00438000,438.0,0,0.0,0.0,,0.0,normalDay
2021-11-03,4810.0,1051.0,0.0,0,464.72,0.0,1,14.81,4.3,SPY211231P00438000,438.0,0,0.0,0.0,,0.0,normalDay
2021-11-04,4810.0,1087.0,0.0,0,466.91,0.0,1,14.81,3.94,SPY211231P00438000,438.0,0,0.0,0.0,,0.0,normalDay
2021-11-05,4810.0,1085.0,0.0,0,468.53,0.0,1,14.81,3.96,SPY211231P00438000,438.0,0,0.0,0.0,,0.0,normalDay
2021-11-08,4810.0,1084.0,0.0,0,468.93,0.0,1,14.81,3.97,SPY211231P00438000,438.0,0,0.0,0.0,,0.0,normalDay
2021-11-09,4810.0,1060.0,0.0,0,467.38,0.0,1,14.81,4.21,SPY211231P00438000,438.0,0,0.0,0.0,,0.0,normalDay
2021-11-10,4810.0,996.0,0.0,0,463.62,0.0,1,14.81,4.85,SPY211231P00438000,438.0,0,0.0,0.0,,0.0,normalDay
2021-11-11,4810.0,1049.0,0.0,0,463.77,0.0,1,14.81,4.32,SPY211231P00438000,438.0,0,0.0,0.0,,0.0,normalDay
2021-11-12,4810.0,1134.0,0.0,0,467.27,0.0,1,14.81,3.47,SPY211231P00438000,438.0,0,0.0,0.0,,0.0,normalDay
2021-11-15,4810.0,1151.0,0.0,0,467.43,0.0,1,14.81,3.3,SPY211231P00438000,438.0,0,0.0,0.0,,0.0,normalDay
2021-11-16,4810.0,1182.0,0.0,0,469.28,0.0,1,14.81,2.99,SPY211231P00438000,438.0,0,0.0,0.0,,0.0,normalDay
2021-11-17,4810.0,1158.0,0.0,0,468.14,0.0,1,14.81,3.23,SPY211231P00438000,438.0,0,0.0,0.0,,0.0,normalDay
2021-11-18,4810.0,1175.0,0.0,0,469.73,0.0,1,14.81,3.06,SPY211231P00438000,438.0,0,0.0,0.0,,0.0,normalDay
2021-11-19,4810.0,1166.0,0.0,0,468.89,0.0,1,14.81,3.15,SPY211231P00438000,438.0,0,0.0,0.0,,0.0,normalDay
2021-11-22,4810.0,1144.0,0.0,0,467.57,0.0,1,14.81,3.37,SPY211231P00438000,438.0,0,0.0,0.0,,0.0,normalDay
2021-11-23,4810.0,1166.0,0.0,0,468.19,0.0,1,14.81,3.15,SPY211231P00438000,438.0,0,0.0,0.0,,0.0,normalDay
2021-11-24,4810.0,1208.0,0.0,0,469.44,0.0,1,14.81,2.73,SPY211231P00438000,438.0,0,0.0,0.0,,0.0,normalDay
2021-11-26,4810.0,662.0,0.0,0,458.97,0.0,1,14.81,8.19,SPY211231P00438000,438.0,0,0.0,0.0,,0.0,normalDay
2021-11-29,4810.0,1082.0,0.0,0,464.6,0.0,1,14.81,3.99,SPY211231P00438000,438.0,0,0.0,0.0,,0.0,normalDay
2021-11-30,4810.0,865.0,0.0,0,455.56,0.0,1,14.81,6.16,SPY211231P00438000,438.0,0,0.0,0.0,,0.0,normalDay
2021-12-01,4810.0,565.0,0.0,0,450.5,0.0,1,14.81,9.16,SPY211231P00438000,438.0,0,0.0,0.0,,0.0,normalDay
2021-12-02,4810.0,854.0,0.0,0,457.4,0.0,1,14.81,6.27,SPY211231P00438000,438.0,0,0.0,0.0,,0.0,normalDay
2021-12-03,4810.0,719.0,0.0,0,453.42,0.0,1,14.81,7.62,SPY211231P00438000,438.0,0,0.0,0.0,,0.0,normalDay
2021-12-06,4810.0,975.0,0.0,0,458.79,0.0,1,14.81,5.06,SPY211231P00438000,438.0,0,0.0,0.0,,0.0,normalDay
2021-12-07,4810.0,1244.0,0.0,0,468.28,0.0,1,14.81,2.37,SPY211231P00438000,438.0,0,0.0,0.0,,0.0,normalDay
2021-12-08,4810.0,1317.0,0.0,0,469.52,0.0,1,14.81,1.64,SPY211231P00438000,438.0,0,0.0,0.0,,0.0,normalDay
2021-12-09,4810.0,1266.0,0.0,0,466.35,0.0,1,14.81,2.15,SPY211231P00438000,438.0,0,0.0,0.0,,0.0,normalDay
2021-12-10,4810.0,1359.0,0.0,0,470.74,0.0,1,14.81,1.22,SPY211231P00438000,438.0,0,0.0,0.0,,0.0,normalDay
2021-12-13,4810.0,1337.0,0.0,0,466.57,0.0,1,14.81,1.44,SPY211231P00438000,438.0,0,0.0,0.0,,0.0,normalDay
2021-12-14,4810.0,1294.0,0.0,0,463.36,0.0,1,14.81,1.87,SPY211231P00438000,438.0,0,0.0,0.0,,0.0,normalDay
2021-12-15,4810.0,1397.0,0.0,0,470.6,0.0,1,14.81,0.84,SPY211231P00438000,438.0,0,0.0,0.0,,0.0,normalDay
2021-12-16,4810.0,1367.0,0.0,0,466.45,0.0,1,14.81,1.14,SPY211231P00438000,438.0,0,0.0,0.0,,0.0,normalDay
2021-12-17,4810.0,1332.0,0.0,0,459.87,0.0,1,14.81,1.49,SPY211231P00438000,438.0,0,0.0,0.0,,0.0,normalDay
2021-12-20,4810.0,1295.0,0.0,0,454.98,0.0,1,14.81,1.86,SPY211231P00438000,438.0,0,0.0,0.0,,0.0,normalDay
2021-12-21,4810.0,1413.0,0.0,0,463.06,0.0,1,14.81,0.68,SPY211231P00438000,438.0,0,0.0,0.0,,0.0,normalDay
2021-12-22,4810.0,1462.0,0.0,0,467.69,0.0,1,14.81,0.19,SPY211231P00438000,438.0,0,0.0,0.0,,0.0,normalDay
2021-12-23,4810.0,1470.0,0.0,0,470.6,0.0,1,14.81,0.11,SPY211231P00438000,438.0,0,0.0,0.0,,0.0,normalDay
2021-12-27,4810.0,1477.0,0.0,0,477.26,0.0,1,14.81,0.04,SPY211231P00438000,438.0,0,0.0,0.0,,0.0,normalDay
2021-12-28,4810.0,1478.0,0.0,0,476.87,0.0,1,14.81,0.03,SPY211231P00438000,438.0,0,0.0,0.0,,0.0,normalDay
2021-12-29,4810.0,1479.0,0.0,0,477.48,0.0,1,14.81,0.02,SPY211231P00438000,438.0,0,0.0,0.0,,0.0,normalDay
2021-12-30,4810.0,1479.0,0.0,0,476.16,0.0,1,14.81,0.02,SPY211231P00438000,438.0,0,0.0,0.0,,0.0,normalDay
2021-12-31,6291.0,0.0,1481.0,0,474.96,0.0,1,14.81,0.0,SPY211231P00438000,438.0,0,0.0,0.0,,0.0,expirationDay
2022-01-03,6291.0,-8.0,0.0,0,477.71,0.0,1,14.83,14.91,SPY220520P00461000,461.0,0,0.0,0.0,,0.0,normalDay
2022-01-04,6291.0,-26.0,0.0,0,477.55,0.0,1,14.83,15.09,SPY220520P00461000,461.0,0,0.0,0.0,,0.0,normalDay
2022-01-05,6291.0,-388.0,0.0,0,468.38,0.0,1,14.83,18.71,SPY220520P00461000,461.0,0,0.0,0.0,,0.0,normalDay
2022-01-06,6291.0,-390.0,0.0,0,467.94,0.0,1,14.83,18.73,SPY220520P00461000,461.0,0,0.0,0.0,,0.0,normalDay
2022-01-07,6291.0,-379.0,0.0,0,466.09,0.0,1,14.83,18.62,SPY220520P00461000,461.0,0,0.0,0.0,,0.0,normalDay
2022-01-10,6291.0,-391.0,0.0,0,465.51,0.0,1,14.83,18.74,SPY220520P00461000,461.0,0,0.0,0.0,,0.0,normalDay
2022-01-11,6291.0,-197.0,0.0,0,469.75,0.0,1,14.83,16.8,SPY220520P00461000,461.0,0,0.0,0.0,,0.0,normalDay
2022-01-12,6291.0,-117.0,0.0,0,471.02,0.0,1,14.83,16.0,SPY220520P00461000,461.0,0,0.0,0.0,,0.0,normalDay
2022-01-13,6291.0,-455.0,0.0,0,464.53,0.0,1,14.83,19.38,SPY220520P00461000,461.0,0,0.0,0.0,,0.0,normalDay
2022-01-14,6291.0,-382.0,0.0,0,464.72,0.0,1,14.83,18.65,SPY220520P00461000,461.0,0,0.0,0.0,,0.0,normalDay
2022-01-18,6291.0,-829.0,0.0,0,456.49,0.0,1,14.83,23.12,SPY220520P00461000,461.0,0,0.0,0.0,,0.0,normalDay
2022-01-19,6291.0,-1060.0,0.0,0,451.75,0.0,1,14.83,25.43,SPY220520P00461000,461.0,0,0.0,0.0,,0.0,normalDay
2022-01-20,6291.0,-1443.0,0.0,0,446.75,0.0,1,14.83,29.26,SPY220520P00461000,461.0,0,0.0,0.0,,0.0,normalDay
2022-01-21,6291.0,-1958.0,0.0,0,437.98,0.0,1,14.83,34.41,SPY220520P00461000,461.0,0,0.0,0.0,,0.0,normalDay
2022-01-24,6291.0,-1949.0,0.0,0,439.84,0.0,1,14.83,34.32,SPY220520P00461000,461.0,0,0.0,0.0,,0.0,normalDay
2022-01-25,6291.0,-2335.0,0.0,0,434.47,0.0,1,14.83,38.18,SPY220520P00461000,461.0,0,0.0,0.0,,0.0,normalDay
2022-01-26,6291.0,-2345.0,0.0,0,433.38,0.0,1,14.83,38.28,SPY220520P00461000,461.0,0,0.0,0.0,,0.0,normalDay
2022-01-27,6291.0,-2339.0,0.0,0,431.24,0.0,1,14.83,38.22,SPY220520P00461000,461.0,0,0.0,0.0,,0.0,normalDay
2022-01-28,6291.0,-1595.0,0.0,0,441.95,0.0,1,14.83,30.78,SPY220520P00461000,461.0,0,0.0,0.0,,0.0,normalDay
2022-01-31,6291.0,-1108.0,0.0,0,449.91,0.0,1,14.83,25.91,SPY220520P00461000,461.0,0,0.0,0.0,,0.0,normalDay
2022-02-01,6291.0,-761.0,0.0,0,452.95,0.0,1,14.83,22.44,SPY220520P00461000,461.0,0,0.0,0.0,,0.0,normalDay
2022-02-02,6291.0,-655.0,0.0,0,457.35,0.0,1,14.83,21.38,SPY220520P00461000,461.0,0,0.0,0.0,,0.0,normalDay
2022-02-03,6291.0,-1058.0,0.0,0,446.6,0.0,1,14.83,25.41,SPY220520P00461000,461.0,0,0.0,0.0,,0.0,normalDay
2022-02-04,6291.0,-1135.0,0.0,0,448.7,0.0,1,14.83,26.18,SPY220520P00461000,461.0,0,0.0,0.0,,0.0,normalDay
2022-02-07,6291.0,-1095.0,0.0,0,447.26,0.0,1,14.83,25.78,SPY220520P00461000,461.0,0,0.0,0.0,,0.0,normalDay
2022-02-08,6291.0,-782.0,0.0,0,450.94,0.0,1,14.83,22.65,SPY220520P00461000,461.0,0,0.0,0.0,,0.0,normalDay
2022-02-09,6291.0,-441.0,0.0,0,457.54,0.0,1,14.83,19.24,SPY220520P00461000,461.0,0,0.0,0.0,,0.0,normalDay
2022-02-10,6291.0,-964.0,0.0,0,449.32,0.0,1,14.83,24.47,SPY220520P00461000,461.0,0,0.0,0.0,,0.0,normalDay
2022-02-11,6291.0,-1616.0,0.0,0,440.46,0.0,1,14.83,30.99,SPY220520P00461000,461.0,0,0.0,0.0,,0.0,normalDay
2022-02-14,6291.0,-1651.0,0.0,0,439.02,0.0,1,14.83,31.34,SPY220520P00461000,461.0,0,0.0,0.0,,0.0,normalDay
2022-02-15,6291.0,-1202.0,0.0,0,446.1,0.0,1,14.83,26.85,SPY220520P00461000,461.0,0,0.0,0.0,,0.0,normalDay
2022-02-16,6291.0,-1068.0,0.0,0,446.6,0.0,1,14.83,25.51,SPY220520P00461000,461.0,0,0.0,0.0,,0.0,normalDay
2022-02-17,6291.0,-1762.0,0.0,0,437.06,0.0,1,14.83,32.45,SPY220520P00461000,461.0,0,0.0,0.0,,0.0,normalDay
2022-02-18,6291.0,-1910.0,0.0,0,434.23,0.0,1,14.83,33.93,SPY220520P00461000,461.0,0,0.0,0.0,,0.0,normalDay
2022-02-22,6291.0,-2187.0,0.0,0,429.57,0.0,1,14.83,36.7,SPY220520P00461000,461.0,0,0.0,0.0,,0.0,normalDay
2022-02-23,6291.0,-2911.0,0.0,0,421.95,0.0,1,14.83,43.94,SPY220520P00461000,461.0,0,0.0,0.0,,0.0,normalDay
2022-02-24,6291.0,-2496.0,0.0,0,428.3,0.0,1,14.83,39.79,SPY220520P00461000,461.0,0,0.0,0.0,,0.0,normalDay
2022-02-25,6291.0,-1639.0,0.0,0,437.75,0.0,1,14.83,31.22,SPY220520P00461000,461.0,0,0.0,0.0,,0.0,normalDay
2022-02-28,6291.0,-1756.0,0.0,0,436.63,0.0,1,14.83,32.39,SPY220520P00461000,461.0,0,0.0,0.0,,0.0,normalDay
2022-03-01,6291.0,-2291.0,0.0,0,429.98,0.0,1,14.83,37.74,SPY220520P00461000,461.0,0,0.0,0.0,,0.0,normalDay
2022-03-02,6291.0,-1712.0,0.0,0,437.89,0.0,1,14.83,31.95,SPY220520P00461000,461.0,0,0.0,0.0,,0.0,normalDay
2022-03-03,6291.0,-1849.0,0.0,0,435.71,0.0,1,14.83,33.32,SPY220520P00461000,461.0,0,0.0,0.0,,0.0,normalDay
2022-03-04,6291.0,-2159.0,0.0,0,432.17,0.0,1,14.83,36.42,SPY220520P00461000,461.0,0,0.0,0.0,,0.0,normalDay
2022-03-07,6291.0,-3254.0,0.0,0,419.43,0.0,1,14.83,47.37,SPY220520P00461000,461.0,0,0.0,0.0,,0.0,normalDay
2022-03-08,6291.0,-3511.0,0.0,0,416.25,0.0,1,14.83,49.94,SPY220520P00461000,461.0,0,0.0,0.0,,0.0,normalDay
2022-03-09,6291.0,-2485.0,0.0,0,427.41,0.0,1,14.83,39.68,SPY220520P00461000,461.0,0,0.0,0.0,,0.0,normalDay
2022-03-10,6291.0,-2602.0,0.0,0,425.48,0.0,1,14.83,40.85,SPY220520P00461000,461.0,0,0.0,0.0,,0.0,normalDay
2022-03-11,6291.0,-3015.0,0.0,0,420.07,0.0,1,14.83,44.98,SPY220520P00461000,461.0,0,0.0,0.0,,0.0,normalDay
2022-03-14,6291.0,-3245.0,0.0,0,417.0,0.0,1,14.83,47.28,SPY220520P00461000,461.0,0,0.0,0.0,,0.0,normalDay
2022-03-15,6291.0,-2532.0,0.0,0,426.17,0.0,1,14.83,40.15,SPY220520P00461000,461.0,0,0.0,0.0,,0.0,normalDay
2022-03-16,6291.0,-1673.0,0.0,0,435.62,0.0,1,14.83,31.56,SPY220520P00461000,461.0,0,0.0,0.0,,0.0,normalDay
2022-03-17,6291.0,-1256.0,0.0,0,441.07,0.0,1,14.83,27.39,SPY220520P00461000,461.0,0,0.0,0.0,,0.0,normalDay
2022-03-18,6291.0,-788.0,0.0,0,444.52,0.0,1,14.83,22.71,SPY220520P00461000,461.0,0,0.0,0.0,,0.0,normalDay
2022-03-21,6291.0,-738.0,0.0,0,444.39,0.0,1,14.83,22.21,SPY220520P00461000,461.0,0,0.0,0.0,,0.0,normalDay
2022-03-22,6291.0,-405.0,0.0,0,449.59,0.0,1,14.83,18.88,SPY220520P00461000,461.0,0,0.0,0.0,,0.0,normalDay
2022-03-23,6291.0,-780.0,0.0,0,443.8,0.0,1,14.83,22.63,SPY220520P00461000,461.0,0,0.0,0.0,,0.0,normalDay
2022-03-24,6291.0,-316.0,0.0,0,450.49,0.0,1,14.83,17.99,SPY220520P00461000,461.0,0,0.0,0.0,,0.0,normalDay
2022-03-25,6291.0,-171.0,0.0,0,452.69,0.0,1,14.83,16.54,SPY220520P00461000,461.0,0,0.0,0.0,,0.0,normalDay
2022-03-28,6291.0,94.0,0.0,0,455.91,0.0,1,14.83,13.89,SPY220520P00461000,461.0,0,0.0,0.0,,0.0,normalDay
2022-03-29,6291.0,348.0,0.0,0,461.55,0.0,1,14.83,11.35,SPY220520P00461000,461.0,0,0.0,0.0,,0.0,normalDay
2022-03-30,6291.0,247.0,0.0,0,458.7,0.0,1,14.83,12.36,SPY220520P00461000,461.0,0,0.0,0.0,,0.0,normalDay
2022-03-31,6291.0,-155.0,0.0,0,451.64,0.0,1,14.83,16.38,SPY220520P00461000,461.0,0,0.0,0.0,,0.0,normalDay
2022-04-01,6291.0,-27.0,0.0,0,452.92,0.0,1,14.83,15.1,SPY220520P00461000,461.0,0,0.0,0.0,,0.0,normalDay
2022-04-04,6291.0,280.0,0.0,0,456.8,0.0,1,14.83,12.03,SPY220520P00461000,461.0,0,0.0,0.0,,0.0,normalDay
2022-04-05,6291.0,-70.0,0.0,0,451.03,0.0,1,14.83,15.53,SPY220520P00461000,461.0,0,0.0,0.0,,0.0,normalDay
2022-04-06,6291.0,-369.0,0.0,0,446.52,0.0,1,14.83,18.52,SPY220520P00461000,461.0,0,0.0,0.0,,0.0,normalDay
2022-04-07,6291.0,-224.0,0.0,0,448.77,0.0,1,14.83,17.07,SPY220520P00461000,461.0,0,0.0,0.0,,0.0,normalDay
2022-04-08,6291.0,-256.0,0.0,0,447.57,0.0,1,14.83,17.39,SPY220520P00461000,461.0,0,0.0,0.0,,0.0,normalDay
2022-04-11,6291.0,-875.0,0.0,0,439.92,0.0,1,14.83,23.58,SPY220520P00461000,461.0,0,0.0,0.0,,0.0,normalDay
2022-04-12,6291.0,-976.0,0.0,0,438.29,0.0,1,14.83,24.59,SPY220520P00461000,461.0,0,0.0,0.0,,0.0,normalDay
2022-04-13,6291.0,-540.0,0.0,0,443.31,0.0,1,14.83,20.23,SPY220520P00461000,461.0,0,0.0,0.0,,0.0,normalDay
2022-04-14,6291.0,-989.0,0.0,0,437.79,0.0,1,14.83,24.72,SPY220520P00461000,461.0,0,0.0,0.0,,0.0,normalDay
2022-04-18,6291.0,-833.0,0.0,0,437.97,0.0,1,14.83,23.16,SPY220520P00461000,461.0,0,0.0,0.0,,0.0,normalDay
2022-04-19,6291.0,-490.0,0.0,0,445.04,0.0,1,14.83,19.73,SPY220520P00461000,461.0,0,0.0,0.0,,0.0,normalDay
2022-04-20,6291.0,-271.0,0.0,0,444.71,0.0,1,14.83,17.54,SPY220520P00461000,461.0,0,0.0,0.0,,0.0,normalDay
2022-04-21,6291.0,-947.0,0.0,0,438.06,0.0,1,14.83,24.3,SPY220520P00461000,461.0,0,0.0,0.0,,0.0,normalDay
2022-04-22,6291.0,-2159.0,0.0,0,426.04,0.0,1,14.83,36.42,SPY220520P00461000,461.0,0,0.0,0.0,,0.0,normalDay
2022-04-25,6291.0,-1804.0,0.0,0,428.51,0.0,1,14.83,32.87,SPY220520P00461000,461.0,0,0.0,0.0,,0.0,normalDay
2022-04-26,6291.0,-3163.0,0.0,0,416.1,0.0,1,14.83,46.46,SPY220520P00461000,461.0,0,0.0,0.0,,0.0,normalDay
2022-04-27,6291.0,-2826.0,0.0,0,417.27,0.0,1,14.83,43.09,SPY220520P00461000,461.0,0,0.0,0.0,,0.0,normalDay
2022-04-28,6291.0,-2082.0,0.0,0,427.81,0.0,1,14.83,35.65,SPY220520P00461000,461.0,0,0.0,0.0,,0.0,normalDay
2022-04-29,6291.0,-3353.0,0.0,0,412.0,0.0,1,14.83,48.36,SPY220520P00461000,461.0,0,0.0,0.0,,0.0,normalDay
2022-05-02,6291.0,-3162.0,0.0,0,414.48,0.0,1,14.83,46.45,SPY220520P00461000,461.0,0,0.0,0.0,,0.0,normalDay
2022-05-03,6291.0,-2924.0,0.0,0,416.38,0.0,1,14.83,44.07,SPY220520P00461000,461.0,0,0.0,0.0,,0.0,normalDay
2022-05-04,6291.0,-1777.0,0.0,0,429.06,0.0,1,14.83,32.6,SPY220520P00461000,461.0,0,0.0,0.0,,0.0,normalDay
2022-05-05,6291.0,-3249.0,0.0,0,413.81,0.0,1,14.83,47.32,SPY220520P00461000,461.0,0,0.0,0.0,,0.0,normalDay
2022-05-06,6291.0,-3607.0,0.0,0,411.34,0.0,1,14.83,50.9,SPY220520P00461000,461.0,0,0.0,0.0,,0.0,normalDay
2022-05-09,6291.0,-4709.0,0.0,0,398.17,0.0,1,14.83,61.92,SPY220520P00461000,461.0,0,0.0,0.0,,0.0,normalDay
2022-05-10,6291.0,-4704.0,0.0,0,399.09,0.0,1,14.83,61.87,SPY220520P00461000,461.0,0,0.0,0.0,,0.0,normalDay
2022-05-11,6291.0,-5297.0,0.0,0,392.75,0.0,1,14.83,67.8,SPY220520P00461000,461.0,0,0.0,0.0,,0.0,normalDay
2022-05-12,6291.0,-5400.0,0.0,0,392.34,0.0,1,14.83,68.83,SPY220520P00461000,461.0,0,0.0,0.0,,0.0,normalDay
2022-05-13,6291.0,-4539.0,0.0,0,401.72,0.0,1,14.83,60.22,SPY220520P00461000,461.0,0,0.0,0.0,,0.0,normalDay
2022-05-16,6291.0,-4665.0,0.0,0,400.09,0.0,1,14.83,61.48,SPY220520P00461000,461.0,0,0.0,0.0,,0.0,normalDay
2022-05-17,6291.0,-3806.0,0.0,0,408.32,0.0,1,14.83,52.89,SPY220520P00461000,461.0,0,0.0,0.0,,0.0,normalDay
2022-05-18,6291.0,-5551.0,0.0,0,391.86,0.0,1,14.83,70.34,SPY220520P00461000,461.0,0,0.0,0.0,,0.0,normalDay
2022-05-19,6291.0,-5730.0,0.0,0,389.46,0.0,1,14.83,72.13,SPY220520P00461000,461.0,0,0.0,0.0,,0.0,normalDay
2022-05-20,7774.0,-7137.0,1483.0,100,389.63,461.0,1,14.83,0.0,SPY220520P00461000,461.0,0,0.0,0.0,,0.0,expirationDay
2022-05-23,7774.0,-6510.0,0.0,100,396.92,461.0,0,0.0,0.0,,0.0,1,19.07,20.09,SPY230331C00431000,431.0,normalDay
2022-05-24,7774.0,-6688.0,0.0,100,393.89,461.0,0,0.0,0.0,,0.0,1,19.07,18.84,SPY230331C00431000,431.0,normalDay
2022-05-25,7774.0,-6429.0,0.0,100,397.37,461.0,0,0.0,0.0,,0.0,1,19.07,19.73,SPY230331C00431000,431.0,normalDay
2022-05-26,7774.0,-5975.0,0.0,100,405.31,461.0,0,0.0,0.0,,0.0,1,19.07,23.13,SPY230331C00431000,431.0,normalDay
2022-05-27,7774.0,-5479.0,0.0,100,415.26,461.0,0,0.0,0.0,,0.0,1,19.07,28.12,SPY230331C00431000,431.0,normalDay
2022-05-31,7774.0,-5552.0,0.0,100,412.93,461.0,0,0.0,0.0,,0.0,1,19.07,26.52,SPY230331C00431000,431.0,normalDay
2022-06-01,7774.0,-5700.0,0.0,100,409.59,461.0,0,0.0,0.0,,0.0,1,19.07,24.66,SPY230331C00431000,431.0,normalDay
2022-06-02,7774.0,-5309.0,0.0,100,417.39,461.0,0,0.0,0.0,,0.0,1,19.07,28.55,SPY230331C00431000,431.0,normalDay
2022-06-03,7774.0,-5642.0,0.0,100,410.54,461.0,0,0.0,0.0,,0.0,1,19.07,25.03,SPY230331C00431000,431.0,normalDay
2022-06-06,7774.0,-5583.0,0.0,100,411.79,461.0,0,0.0,0.0,,0.0,1,19.07,25.69,SPY230331C00431000,431.0,normalDay
2022-06-07,7774.0,-5356.0,0.0,100,415.74,461.0,0,0.0,0.0,,0.0,1,19.07,27.37,SPY230331C00431000,431.0,normalDay
2022-06-08,7774.0,-5579.0,0.0,100,411.22,461.0,0,0.0,0.0,,0.0,1,19.07,25.08,SPY230331C00431000,431.0,normalDay
2022-06-09,7774.0,-6132.0,0.0,100,401.44,461.0,0,0.0,0.0,,0.0,1,19.07,20.83,SPY230331C00431000,431.0,normalDay
2022-06-10,7774.0,-6868.0,0.0,100,389.8,461.0,0,0.0,0.0,,0.0,1,19.07,16.55,SPY230331C00431000,431.0,normalDay
2022-06-13,7774.0,-7899.0,0.0,100,375.0,461.0,0,0.0,0.0,,0.0,1,19.07,12.06,SPY230331C00431000,431.0,normalDay
2022-06-14,7774.0,-7882.0,0.0,100,373.87,461.0,0,0.0,0.0,,0.0,1,19.07,10.76,SPY230331C00431000,431.0,normalDay
2022-06-15,7774.0,-7492.0,0.0,100,379.2,461.0,0,0.0,0.0,,0.0,1,19.07,12.19,SPY230331C00431000,431.0,normalDay
2022-06-16,7774.0,-8428.0,0.0,100,366.65,461.0,0,0.0,0.0,,0.0,1,19.07,9.0,SPY230331C00431000,431.0,normalDay
2022-06-17,7774.0,-8502.0,0.0,100,365.86,461.0,0,0.0,0.0,,0.0,1,19.07,8.95,SPY230331C00431000,431.0,normalDay
2022-06-21,7774.0,-7765.0,0.0,100,375.07,461.0,0,0.0,0.0,,0.0,1,19.07,10.79,SPY230331C00431000,431.0,normalDay
2022-06-22,7774.0,-7813.0,0.0,100,374.39,461.0,0,0.0,0.0,,0.0,1,19.07,10.59,SPY230331C00431000,431.0,normalDay
2022-06-23,7774.0,-7514.0,0.0,100,378.06,461.0,0,0.0,0.0,,0.0,1,19.07,11.27,SPY230331C00431000,431.0,normalDay
2022-06-24,7774.0,-6740.0,0.0,100,390.08,461.0,0,0.0,0.0,,0.0,1,19.07,15.55,SPY230331C00431000,431.0,normalDay
2022-06-27,7774.0,-6817.0,0.0,100,388.59,461.0,0,0.0,0.0,,0.0,1,19.07,14.83,SPY230331C00431000,431.0,normalDay
2022-06-28,7774.0,-7316.0,0.0,100,380.65,461.0,0,0.0,0.0,,0.0,1,19.07,11.88,SPY230331C00431000,431.0,normalDay
2022-06-29,7774.0,-7340.0,0.0,100,380.34,461.0,0,0.0,0.0,,0.0,1,19.07,11.81,SPY230331C00431000,431.0,normalDay
2022-06-30,7774.0,-7511.0,0.0,100,377.25,461.0,0,0.0,0.0,,0.0,1,19.07,10.43,SPY230331C00431000,431.0,normalDay
2022-07-01,7774.0,-7218.0,0.0,100,381.24,461.0,0,0.0,0.0,,0.0,1,19.07,11.49,SPY230331C00431000,431.0,normalDay
2022-07-05,7774.0,-7138.0,0.0,100,381.96,461.0,0,0.0,0.0,,0.0,1,19.07,11.41,SPY230331C00431000,431.0,normalDay
2022-07-06,7774.0,-7095.0,0.0,100,383.25,461.0,0,0.0,0.0,,0.0,1,19.07,12.27,SPY230331C00431000,431.0,normalDay
2022-07-07,7774.0,-6682.0,0.0,100,388.99,461.0,0,0.0,0.0,,0.0,1,19.07,13.88,SPY230331C00431000,431.0,normalDay
2022-07-08,7774.0,-6704.0,0.0,100,388.67,461.0,0,0.0,0.0,,0.0,1,19.07,13.78,SPY230331C00431000,431.0,normalDay
2022-07-11,7774.0,-6999.0,0.0,100,384.23,461.0,0,0.0,0.0,,0.0,1,19.07,12.29,SPY230331C00431000,431.0,normalDay
2022-07-12,7774.0,-7215.0,0.0,100,380.83,461.0,0,0.0,0.0,,0.0,1,19.07,11.05,SPY230331C00431000,431.0,normalDay
2022-07-13,7774.0,-7370.0,0.0,100,378.83,461.0,0,0.0,0.0,,0.0,1,19.07,10.6,SPY230331C00431000,431.0,normalDay
2022-07-14,7774.0,-7419.0,0.0,100,377.91,461.0,0,0.0,0.0,,0.0,1,19.07,10.17,SPY230331C00431000,431.0,normalDay
2022-07-15,7774.0,-6853.0,0.0,100,385.13,461.0,0,0.0,0.0,,0.0,1,19.07,11.73,SPY230331C00431000,431.0,normalDay
2022-07-18,7774.0,-7100.0,0.0,100,381.95,461.0,0,0.0,0.0,,0.0,1,19.07,11.02,SPY230331C00431000,431.0,normalDay
2022-07-19,7774.0,-6451.0,0.0,100,392.27,461.0,0,0.0,0.0,,0.0,1,19.07,14.85,SPY230331C00431000,431.0,normalDay
2022-07-20,7774.0,-6293.0,0.0,100,394.77,461.0,0,0.0,0.0,,0.0,1,19.07,15.77,SPY230331C00431000,431.0,normalDay
2022-07-21,7774.0,-6017.0,0.0,100,398.79,461.0,0,0.0,0.0,,0.0,1,19.07,17.03,SPY230331C00431000,431.0,normalDay
2022-07-22,7774.0,-6207.0,0.0,100,395.09,461.0,0,0.0,0.0,,0.0,1,19.07,15.23,SPY230331C00431000,431.0,normalDay
2022-07-25,7774.0,-6184.0,0.0,100,395.57,461.0,0,0.0,0.0,,0.0,1,19.07,15.48,SPY230331C00431000,431.0,normalDay
2022-07-26,7774.0,-6483.0,0.0,100,390.89,461.0,0,0.0,0.0,,0.0,1,19.07,13.79,SPY230331C00431000,431.0,normalDay
2022-07-27,7774.0,-5780.0,0.0,100,401.04,461.0,0,0.0,0.0,,0.0,1,19.07,16.91,SPY230331C00431000,431.0,normalDay
2022-07-28,7774.0,-5543.0,0.0,100,406.07,461.0,0,0.0,0.0,,0.0,1,19.07,19.57,SPY230331C00431000,431.0,normalDay
2022-07-29,7774.0,-5162.0,0.0,100,411.99,461.0,0,0.0,0.0,,0.0,1,19.07,21.68,SPY230331C00431000,431.0,normalDay
2022-08-01,7774.0,-5267.0,0.0,100,410.77,461.0,0,0.0,0.0,,0.0,1,19.07,21.51,SPY230331C00431000,431.0,normalDay
2022-08-02,7774.0,-5434.0,0.0,100,408.06,461.0,0,0.0,0.0,,0.0,1,19.07,20.47,SPY230331C00431000,431.0,normalDay
2022-08-03,7774.0,-5049.0,0.0,100,414.45,461.0,0,0.0,0.0,,0.0,1,19.07,23.01,SPY230331C00431000,431.0,normalDay
2022-08-04,7774.0,-5096.0,0.0,100,414.17,461.0,0,0.0,0.0,,0.0,1,19.07,23.2,SPY230331C00431000,431.0,normalDay
2022-08-05,7774.0,-5087.0,0.0,100,413.47,461.0,0,0.0,0.0,,0.0,1,19.07,22.41,SPY230331C00431000,431.0,normalDay
2022-08-08,7774.0,-5158.0,0.0,100,412.99,461.0,0,0.0,0.0,,0.0,1,19.07,22.64,SPY230331C00431000,431.0,normalDay
2022-08-09,7774.0,-5241.0,0.0,100,411.35,461.0,0,0.0,0.0,,0.0,1,19.07,21.83,SPY230331C00431000,431.0,normalDay
2022-08-10,7774.0,-4740.0,0.0,100,419.99,461.0,0,0.0,0.0,,0.0,1,19.07,25.46,SPY230331C00431000,431.0,normalDay
2022-08-11,7774.0,-4767.0,0.0,100,419.99,461.0,0,0.0,0.0,,0.0,1,19.07,25.73,SPY230331C00431000,431.0,normalDay
2022-08-12,7774.0,-4406.0,0.0,100,427.1,461.0,0,0.0,0.0,,0.0,1,19.07,29.23,SPY230331C00431000,431.0,normalDay
2022-08-15,7774.0,-4335.0,0.0,100,428.86,461.0,0,0.0,0.0,,0.0,1,19.07,30.28,SPY230331C00431000,431.0,normalDay
2022-08-16,7774.0,-4295.0,0.0,100,429.7,461.0,0,0.0,0.0,,0.0,1,19.07,30.72,SPY230331C00431000,431.0,normalDay
2022-08-17,7774.0,-4449.0,0.0,100,426.65,461.0,0,0.0,0.0,,0.0,1,19.07,29.21,SPY230331C00431000,431.0,normalDay
2022-08-18,7774.0,-4332.0,0.0,100,427.89,461.0,0,0.0,0.0,,0.0,1,19.07,29.28,SPY230331C00431000,431.0,normalDay
2022-08-19,7774.0,-4605.0,0.0,100,422.14,461.0,0,0.0,0.0,,0.0,1,19.07,26.26,SPY230331C00431000,431.0,normalDay
2022-08-22,7774.0,-5078.0,0.0,100,413.35,461.0,0,0.0,0.0,,0.0,1,19.07,22.2,SPY230331C00431000,431.0,normalDay
2022-08-23,7774.0,-5076.0,0.0,100,412.35,461.0,0,0.0,0.0,,0.0,1,19.07,21.18,SPY230331C00431000,431.0,normalDay
2022-08-24,7774.0,-4988.0,0.0,100,413.67,461.0,0,0.0,0.0,,0.0,1,19.07,21.62,SPY230331C00431000,431.0,normalDay
2022-08-25,7774.0,-4668.0,0.0,100,419.51,461.0,0,0.0,0.0,,0.0,1,19.07,24.26,SPY230331C00431000,431.0,normalDay
2022-08-26,7774.0,-5432.0,0.0,100,405.31,461.0,0,0.0,0.0,,0.0,1,19.07,17.7,SPY230331C00431000,431.0,normalDay
2022-08-29,7774.0,-5577.0,0.0,100,402.63,461.0,0,0.0,0.0,,0.0,1,19.07,16.47,SPY230331C00431000,431.0,normalDay
2022-08-30,7774.0,-5829.0,0.0,100,398.21,461.0,0,0.0,0.0,,0.0,1,19.07,14.57,SPY230331C00431000,431.0,normalDay
2022-08-31,7774.0,-5994.0,0.0,100,395.18,461.0,0,0.0,0.0,,0.0,1,19.07,13.19,SPY230331C00431000,431.0,normalDay
2022-09-01,7774.0,-5888.0,0.0,100,396.42,461.0,0,0.0,0.0,,0.0,1,19.07,13.37,SPY230331C00431000,431.0,normalDay
2022-09-02,7774.0,-6154.0,0.0,100,392.24,461.0,0,0.0,0.0,,0.0,1,19.07,11.85,SPY230331C00431000,431.0,normalDay
2022-09-06,7774.0,-6236.0,0.0,100,390.76,461.0,0,0.0,0.0,,0.0,1,19.07,11.19,SPY230331C00431000,431.0,normalDay
2022-09-07,7774.0,-5754.0,0.0,100,397.78,461.0,0,0.0,0.0,,0.0,1,19.07,13.39,SPY230331C00431000,431.0,normalDay
2022-09-08,7774.0,-5586.0,0.0,100,400.38,461.0,0,0.0,0.0,,0.0,1,19.07,14.31,SPY230331C00431000,431.0,normalDay
2022-09-09,7774.0,-5198.0,0.0,100,406.6,461.0,0,0.0,0.0,,0.0,1,19.07,16.65,SPY230331C00431000,431.0,normalDay
2022-09-12,7774.0,-4989.0,0.0,100,410.97,461.0,0,0.0,0.0,,0.0,1,19.07,18.93,SPY230331C00431000,431.0,normalDay
2022-09-13,7774.0,-6132.0,0.0,100,393.1,461.0,0,0.0,0.0,,0.0,1,19.07,12.49,SPY230331C00431000,431.0,normalDay
2022-09-14,7774.0,-5975.0,0.0,100,394.6,461.0,0,0.0,0.0,,0.0,1,19.07,12.42,SPY230331C00431000,431.0,normalDay
2022-09-15,7774.0,-6291.0,0.0,100,390.12,461.0,0,0.0,0.0,,0.0,1,19.07,11.1,SPY230331C00431000,431.0,normalDay
2022-09-16,7774.0,-6631.0,0.0,100,385.56,461.0,0,0.0,0.0,,0.0,1,19.07,9.94,SPY230331C00431000,431.0,normalDay
2022-09-19,7774.0,-6397.0,0.0,100,388.55,461.0,0,0.0,0.0,,0.0,1,19.07,10.59,SPY230331C00431000,431.0,normalDay
2022-09-20,7774.0,-6729.0,0.0,100,384.09,461.0,0,0.0,0.0,,0.0,1,19.07,9.45,SPY230331C00431000,431.0,normalDay
2022-09-21,7774.0,-7204.0,0.0,100,377.39,461.0,0,0.0,0.0,,0.0,1,19.07,7.5,SPY230331C00431000,431.0,normalDay
2022-09-22,7774.0,-7425.0,0.0,100,374.22,461.0,0,0.0,0.0,,0.0,1,19.07,6.54,SPY230331C00431000,431.0,normalDay
2022-09-23,7774.0,-7943.0,0.0,100,367.95,461.0,0,0.0,0.0,,0.0,1,19.07,5.45,SPY230331C00431000,431.0,normalDay
2022-09-26,7774.0,-8253.0,0.0,100,364.31,461.0,0,0.0,0.0,,0.0,1,19.07,4.91,SPY230331C00431000,431.0,normalDay
2022-09-27,7774.0,-8319.0,0.0,100,363.38,461.0,0,0.0,0.0,,0.0,1,19.07,4.64,SPY230331C00431000,431.0,normalDay
2022-09-28,7774.0,-7716.0,0.0,100,370.53,461.0,0,0.0,0.0,,0.0,1,19.07,5.76,SPY230331C00431000,431.0,normalDay
2022-09-29,7774.0,-8341.0,0.0,100,362.79,461.0,0,0.0,0.0,,0.0,1,19.07,4.27,SPY230331C00431000,431.0,normalDay
2022-09-30,7774.0,-8813.0,0.0,100,357.18,461.0,0,0.0,0.0,,0.0,1,19.07,3.38,SPY230331C00431000,431.0,normalDay
2022-10-03,7774.0,-7990.0,0.0,100,366.61,461.0,0,0.0,0.0,,0.0,1,19.07,4.58,SPY230331C00431000,431.0,normalDay
2022-10-04,7774.0,-7091.0,0.0,100,377.97,461.0,0,0.0,0.0,,0.0,1,19.07,6.95,SPY230331C00431000,431.0,normalDay
2022-10-05,7774.0,-7167.0,0.0,100,377.09,461.0,0,0.0,0.0,,0.0,1,19.07,6.83,SPY230331C00431000,431.0,normalDay
2022-10-06,7774.0,-7478.0,0.0,100,373.2,461.0,0,0.0,0.0,,0.0,1,19.07,6.05,SPY230331C00431000,431.0,normalDay
2022-10-07,7774.0,-8310.0,0.0,100,362.79,461.0,0,0.0,0.0,,0.0,1,19.07,3.96,SPY230331C00431000,431.0,normalDay
2022-10-10,7774.0,-8580.0,0.0,100,360.02,461.0,0,0.0,0.0,,0.0,1,19.07,3.89,SPY230331C00431000,431.0,normalDay
2022-10-11,7774.0,-8794.0,0.0,100,357.74,461.0,0,0.0,0.0,,0.0,1,19.07,3.75,SPY230331C00431000,431.0,normalDay
2022-10-12,7774.0,-8900.0,0.0,100,356.56,461.0,0,0.0,0.0,,0.0,1,19.07,3.63,SPY230331C00431000,431.0,normalDay
2022-10-13,7774.0,-8113.0,0.0,100,365.97,461.0,0,0.0,0.0,,0.0,1,19.07,5.17,SPY230331C00431000,431.0,normalDay
2022-10-14,7774.0,-8802.0,0.0,100,357.63,461.0,0,0.0,0.0,,0.0,1,19.07,3.72,SPY230331C00431000,431.0,normalDay
2022-10-17,7774.0,-8042.0,0.0,100,366.82,461.0,0,0.0,0.0,,0.0,1,19.07,5.31,SPY230331C00431000,431.0,normalDay
2022-10-18,7774.0,-7698.0,0.0,100,371.13,461.0,0,0.0,0.0,,0.0,1,19.07,6.18,SPY230331C00431000,431.0,normalDay
2022-10-19,7774.0,-7882.0,0.0,100,368.5,461.0,0,0.0,0.0,,0.0,1,19.07,5.39,SPY230331C00431000,431.0,normalDay
2022-10-20,7774.0,-8122.0,0.0,100,365.41,461.0,0,0.0,0.0,,0.0,1,19.07,4.7,SPY230331C00431000,431.0,normalDay
2022-10-21,7774.0,-7432.0,0.0,100,374.29,461.0,0,0.0,0.0,,0.0,1,19.07,6.68,SPY230331C00431000,431.0,normalDay
2022-10-24,7774.0,-7075.0,0.0,100,378.87,461.0,0,0.0,0.0,,0.0,1,19.07,7.69,SPY230331C00431000,431.0,normalDay
2022-10-25,7774.0,-6545.0,0.0,100,384.92,461.0,0,0.0,0.0,,0.0,1,19.07,8.44,SPY230331C00431000,431.0,normalDay
2022-10-26,7774.0,-6769.0,0.0,100,382.02,461.0,0,0.0,0.0,,0.0,1,19.07,7.78,SPY230331C00431000,431.0,normalDay
2022-10-27,7774.0,-6810.0,0.0,100,379.98,461.0,0,0.0,0.0,,0.0,1,19.07,6.15,SPY230331C00431000,431.0,normalDay
2022-10-28,7774.0,-6190.0,0.0,100,389.02,461.0,0,0.0,0.0,,0.0,1,19.07,8.99,SPY230331C00431000,431.0,normalDay
2022-10-31,7774.0,-6353.0,0.0,100,386.21,461.0,0,0.0,0.0,,0.0,1,19.07,7.81,SPY230331C00431000,431.0,normalDay
2022-11-01,7774.0,-6450.0,0.0,100,384.52,461.0,0,0.0,0.0,,0.0,1,19.07,7.09,SPY230331C00431000,431.0,normalDay
2022-11-02,7774.0,-7212.0,0.0,100,374.87,461.0,0,0.0,0.0,,0.0,1,19.07,5.06,SPY230331C00431000,431.0,normalDay
2022-11-03,7774.0,-7496.0,0.0,100,371.01,461.0,0,0.0,0.0,,0.0,1,19.07,4.04,SPY230331C00431000,431.0,normalDay
2022-11-04,7774.0,-7043.0,0.0,100,376.35,461.0,0,0.0,0.0,,0.0,1,19.07,4.85,SPY230331C00431000,431.0,normalDay
2022-11-07,7774.0,-6741.0,0.0,100,379.95,461.0,0,0.0,0.0,,0.0,1,19.07,5.43,SPY230331C00431000,431.0,normalDay
2022-11-08,7774.0,-6588.0,0.0,100,382.0,461.0,0,0.0,0.0,,0.0,1,19.07,5.95,SPY230331C00431000,431.0,normalDay
2022-11-09,7774.0,-7224.0,0.0,100,374.13,461.0,0,0.0,0.0,,0.0,1,19.07,4.44,SPY230331C00431000,431.0,normalDay
2022-11-10,7774.0,-5656.0,0.0,100,394.69,461.0,0,0.0,0.0,,0.0,1,19.07,9.32,SPY230331C00431000,431.0,normalDay
2022-11-11,7774.0,-5316.0,0.0,100,398.51,461.0,0,0.0,0.0,,0.0,1,19.07,9.74,SPY230331C00431000,431.0,normalDay
2022-11-14,7774.0,-5539.0,0.0,100,395.12,461.0,0,0.0,0.0,,0.0,1,19.07,8.58,SPY230331C00431000,431.0,normalDay
2022-11-15,7774.0,-5292.0,0.0,100,398.49,461.0,0,0.0,0.0,,0.0,1,19.07,9.48,SPY230331C00431000,431.0,normalDay
2022-11-16,7774.0,-5472.0,0.0,100,395.45,461.0,0,0.0,0.0,,0.0,1,19.07,8.24,SPY230331C00431000,431.0,normalDay
2022-11-17,7774.0,-5543.0,0.0,100,394.24,461.0,0,0.0,0.0,,0.0,1,19.07,7.74,SPY230331C00431000,431.0,normalDay
2022-11-18,7774.0,-5378.0,0.0,100,396.03,461.0,0,0.0,0.0,,0.0,1,19.07,7.88,SPY230331C00431000,431.0,normalDay
2022-11-21,7774.0,-5439.0,0.0,100,394.59,461.0,0,0.0,0.0,,0.0,1,19.07,7.05,SPY230331C00431000,431.0,normalDay
2022-11-22,7774.0,-5020.0,0.0,100,399.9,461.0,0,0.0,0.0,,0.0,1,19.07,8.17,SPY230331C00431000,431.0,normalDay
2022-11-23,7774.0,-4809.0,0.0,100,402.42,461.0,0,0.0,0.0,,0.0,1,19.07,8.58,SPY230331C00431000,431.0,normalDay
2022-11-25,7774.0,-4809.0,0.0,100,402.33,461.0,0,0.0,0.0,,0.0,1,19.07,8.49,SPY230331C00431000,431.0,normalDay
2022-11-28,7774.0,-5266.0,0.0,100,395.91,461.0,0,0.0,0.0,,0.0,1,19.07,6.64,SPY230331C00431000,431.0,normalDay
2022-11-29,7774.0,-5294.0,0.0,100,395.23,461.0,0,0.0,0.0,,0.0,1,19.07,6.24,SPY230331C00431000,431.0,normalDay
2022-11-30,7774.0,-4438.0,0.0,100,407.68,461.0,0,0.0,0.0,,0.0,1,19.07,10.13,SPY230331C00431000,431.0,normalDay
2022-12-01,7774.0,-4406.0,0.0,100,407.38,461.0,0,0.0,0.0,,0.0,1,19.07,9.51,SPY230331C00431000,431.0,normalDay
2022-12-02,7774.0,-4389.0,0.0,100,406.91,461.0,0,0.0,0.0,,0.0,1,19.07,8.87,SPY230331C00431000,431.0,normalDay
2022-12-05,7774.0,-4889.0,0.0,100,399.59,461.0,0,0.0,0.0,,0.0,1,19.07,6.55,SPY230331C00431000,431.0,normalDay
2022-12-06,7774.0,-5335.0,0.0,100,393.83,461.0,0,0.0,0.0,,0.0,1,19.07,5.25,SPY230331C00431000,431.0,normalDay
2022-12-07,7774.0,-5389.0,0.0,100,393.16,461.0,0,0.0,0.0,,0.0,1,19.07,5.12,SPY230331C00431000,431.0,normalDay
2022-12-08,7774.0,-5134.0,0.0,100,396.24,461.0,0,0.0,0.0,,0.0,1,19.07,5.65,SPY230331C00431000,431.0,normalDay
2022-12-09,7774.0,-5370.0,0.0,100,393.28,461.0,0,0.0,0.0,,0.0,1,19.07,5.05,SPY230331C00431000,431.0,normalDay
2022-12-12,7774.0,-4959.0,0.0,100,398.95,461.0,0,0.0,0.0,,0.0,1,19.07,6.61,SPY230331C00431000,431.0,normalDay
2022-12-13,7774.0,-4697.0,0.0,100,401.97,461.0,0,0.0,0.0,,0.0,1,19.07,7.01,SPY230331C00431000,431.0,normalDay
2022-12-14,7774.0,-4875.0,0.0,100,399.4,461.0,0,0.0,0.0,,0.0,1,19.07,6.22,SPY230331C00431000,431.0,normalDay
2022-12-15,7774.0,-5597.0,0.0,100,389.63,461.0,0,0.0,0.0,,0.0,1,19.07,3.67,SPY230331C00431000,431.0,normalDay
2022-12-16,7774.0,-6142.0,0.0,100,383.27,461.0,0,0.0,0.0,,0.0,1,19.07,2.76,SPY230331C00431000,431.0,normalDay
2022-12-19,7774.0,-6408.0,0.0,100,380.02,461.0,0,0.0,0.0,,0.0,1,19.07,2.17,SPY230331C00431000,431.0,normalDay
2022-12-20,7774.0,-6349.0,0.0,100,380.54,461.0,0,0.0,0.0,,0.0,1,19.07,2.1,SPY230331C00431000,431.0,normalDay
2022-12-21,7774.0,-5827.0,0.0,100,386.23,461.0,0,0.0,0.0,,0.0,1,19.07,2.57,SPY230331C00431000,431.0,normalDay
2022-12-22,7774.0,-6331.0,0.0,100,380.72,461.0,0,0.0,0.0,,0.0,1,19.07,2.1,SPY230331C00431000,431.0,normalDay
2022-12-23,7774.0,-6113.0,0.0,100,382.91,461.0,0,0.0,0.0,,0.0,1,19.07,2.11,SPY230331C00431000,431.0,normalDay
2022-12-27,7774.0,-6245.0,0.0,100,381.4,461.0,0,0.0,0.0,,0.0,1,19.07,1.92,SPY230331C00431000,431.0,normalDay
2022-12-28,7774.0,-6668.0,0.0,100,376.66,461.0,0,0.0,0.0,,0.0,1,19.07,1.41,SPY230331C00431000,431.0,normalDay
2022-12-29,7774.0,-6046.0,0.0,100,383.44,461.0,0,0.0,0.0,,0.0,1,19.07,1.97,SPY230331C00431000,431.0,normalDay
2022-12-30,7774.0,-6140.0,0.0,100,382.43,461.0,0,0.0,0.0,,0.0,1,19.07,1.9,SPY230331C00431000,431.0,normalDay
2023-01-03,7774.0,-6264.0,0.0,100,380.82,461.0,0,0.0,0.0,,0.0,1,19.07,1.53,SPY230331C00431000,431.0,normalDay
2023-01-04,7774.0,-5985.0,0.0,100,383.76,461.0,0,0.0,0.0,,0.0,1,19.07,1.68,SPY230331C00431000,431.0,normalDay
2023-01-05,7774.0,-6373.0,0.0,100,379.38,461.0,0,0.0,0.0,,0.0,1,19.07,1.18,SPY230331C00431000,431.0,normalDay
2023-01-06,7774.0,-5573.0,0.0,100,388.08,461.0,0,0.0,0.0,,0.0,1,19.07,1.88,SPY230331C00431000,431.0,normalDay
2023-01-09,7774.0,-5587.0,0.0,100,387.86,461.0,0,0.0,0.0,,0.0,1,19.07,1.8,SPY230331C00431000,431.0,normalDay
2023-01-10,7774.0,-5321.0,0.0,100,390.58,461.0,0,0.0,0.0,,0.0,1,19.07,1.86,SPY230331C00431000,431.0,normalDay
2023-01-11,7774.0,-4907.0,0.0,100,395.52,461.0,0,0.0,0.0,,0.0,1,19.07,2.66,SPY230331C00431000,431.0,normalDay
2023-01-12,7774.0,-4732.0,0.0,100,396.96,461.0,0,0.0,0.0,,0.0,1,19.07,2.35,SPY230331C00431000,431.0,normalDay
2023-01-13,7774.0,-4557.0,0.0,100,398.5,461.0,0,0.0,0.0,,0.0,1,19.07,2.14,SPY230331C00431000,431.0,normalDay
2023-01-17,7774.0,-4605.0,0.0,100,397.77,461.0,0,0.0,0.0,,0.0,1,19.07,1.89,SPY230331C00431000,431.0,normalDay
2023-01-18,7774.0,-5165.0,0.0,100,391.49,461.0,0,0.0,0.0,,0.0,1,19.07,1.21,SPY230331C00431000,431.0,normalDay
2023-01-19,7774.0,-5415.0,0.0,100,388.64,461.0,0,0.0,0.0,,0.0,1,19.07,0.86,SPY230331C00431000,431.0,normalDay
2023-01-20,7774.0,-4747.0,0.0,100,395.88,461.0,0,0.0,0.0,,0.0,1,19.07,1.42,SPY230331C00431000,431.0,normalDay
2023-01-23,7774.0,-4334.0,0.0,100,400.63,461.0,0,0.0,0.0,,0.0,1,19.07,2.04,SPY230331C00431000,431.0,normalDay
2023-01-24,7774.0,-4372.0,0.0,100,400.2,461.0,0,0.0,0.0,,0.0,1,19.07,1.99,SPY230331C00431000,431.0,normalDay
2023-01-25,7774.0,-4343.0,0.0,100,400.35,461.0,0,0.0,0.0,,0.0,1,19.07,1.85,SPY230331C00431000,431.0,normalDay
2023-01-26,7774.0,-3955.0,0.0,100,404.75,461.0,0,0.0,0.0,,0.0,1,19.07,2.37,SPY230331C00431000,431.0,normalDay
2023-01-27,7774.0,-3869.0,0.0,100,405.68,461.0,0,0.0,0.0,,0.0,1,19.07,2.44,SPY230331C00431000,431.0,normalDay
2023-01-30,7774.0,-4314.0,0.0,100,400.59,461.0,0,0.0,0.0,,0.0,1,19.07,1.8,SPY230331C00431000,431.0,normalDay
2023-01-31,7774.0,-3788.0,0.0,100,406.48,461.0,0,0.0,0.0,,0.0,1,19.07,2.43,SPY230331C00431000,431.0,normalDay
2023-02-01,7774.0,-3452.0,0.0,100,410.8,461.0,0,0.0,0.0,,0.0,1,19.07,3.39,SPY230331C00431000,431.0,normalDay
2023-02-02,7774.0,-2992.0,0.0,100,416.78,461.0,0,0.0,0.0,,0.0,1,19.07,4.77,SPY230331C00431000,431.0,normalDay
2023-02-03,7774.0,-3325.0,0.0,100,412.35,461.0,0,0.0,0.0,,0.0,1,19.07,3.67,SPY230331C00431000,431.0,normalDay
2023-02-06,7774.0,-3516.0,0.0,100,409.83,461.0,0,0.0,0.0,,0.0,1,19.07,3.06,SPY230331C00431000,431.0,normalDay
2023-02-07,7774.0,-3082.0,0.0,100,415.19,461.0,0,0.0,0.0,,0.0,1,19.07,4.08,SPY230331C00431000,431.0,normalDay
2023-02-08,7774.0,-3454.0,0.0,100,410.65,461.0,0,0.0,0.0,,0.0,1,19.07,3.26,SPY230331C00431000,431.0,normalDay
2023-02-09,7774.0,-3740.0,0.0,100,407.09,461.0,0,0.0,0.0,,0.0,1,19.07,2.56,SPY230331C00431000,431.0,normalDay
2023-02-10,7774.0,-3651.0,0.0,100,408.04,461.0,0,0.0,0.0,,0.0,1,19.07,2.62,SPY230331C00431000,431.0,normalDay
2023-02-13,7774.0,-3265.0,0.0,100,412.83,461.0,0,0.0,0.0,,0.0,1,19.07,3.55,SPY230331C00431000,431.0,normalDay
2023-02-14,7774.0,-3203.0,0.0,100,412.64,461.0,0,0.0,0.0,,0.0,1,19.07,2.74,SPY230331C00431000,431.0,normalDay
2023-02-15,7774.0,-3085.0,0.0,100,413.98,461.0,0,0.0,0.0,,0.0,1,19.07,2.9,SPY230331C00431000,431.0,normalDay
2023-02-16,7774.0,-3537.0,0.0,100,408.28,461.0,0,0.0,0.0,,0.0,1,19.07,1.72,SPY230331C00431000,431.0,normalDay
2023-02-17,7774.0,-3609.0,0.0,100,407.26,461.0,0,0.0,0.0,,0.0,1,19.07,1.42,SPY230331C00431000,431.0,normalDay
2023-02-21,7774.0,-4347.0,0.0,100,399.09,461.0,0,0.0,0.0,,0.0,1,19.07,0.63,SPY230331C00431000,431.0,normalDay
2023-02-22,7774.0,-4384.0,0.0,100,398.54,461.0,0,0.0,0.0,,0.0,1,19.07,0.45,SPY230331C00431000,431.0,normalDay
2023-02-23,7774.0,-4175.0,0.0,100,400.66,461.0,0,0.0,0.0,,0.0,1,19.07,0.48,SPY230331C00431000,431.0,normalDay
2023-02-24,7774.0,-4586.0,0.0,100,396.38,461.0,0,0.0,0.0,,0.0,1,19.07,0.31,SPY230331C00431000,431.0,normalDay
2023-02-27,7774.0,-4448.0,0.0,100,397.73,461.0,0,0.0,0.0,,0.0,1,19.07,0.28,SPY230331C00431000,431.0,normalDay
2023-02-28,7774.0,-4586.0,0.0,100,396.26,461.0,0,0.0,0.0,,0.0,1,19.07,0.19,SPY230331C00431000,431.0,normalDay
2023-03-01,7774.0,-4734.0,0.0,100,394.74,461.0,0,0.0,0.0,,0.0,1,19.07,0.15,SPY230331C00431000,431.0,normalDay
2023-03-02,7774.0,-4430.0,0.0,100,397.81,461.0,0,0.0,0.0,,0.0,1,19.07,0.18,SPY230331C00431000,431.0,normalDay
2023-03-03,7774.0,-3815.0,0.0,100,404.19,461.0,0,0.0,0.0,,0.0,1,19.07,0.41,SPY230331C00431000,431.0,normalDay
2023-03-06,7774.0,-3784.0,0.0,100,404.47,461.0,0,0.0,0.0,,0.0,1,19.07,0.38,SPY230331C00431000,431.0,normalDay
2023-03-07,7774.0,-4383.0,0.0,100,398.27,461.0,0,0.0,0.0,,0.0,1,19.07,0.17,SPY230331C00431000,431.0,normalDay
2023-03-08,7774.0,-4316.0,0.0,100,398.92,461.0,0,0.0,0.0,,0.0,1,19.07,0.15,SPY230331C00431000,431.0,normalDay
2023-03-09,7774.0,-5046.0,0.0,100,391.56,461.0,0,0.0,0.0,,0.0,1,19.07,0.09,SPY230331C00431000,431.0,normalDay
2023-03-10,7774.0,-5607.0,0.0,100,385.91,461.0,0,0.0,0.0,,0.0,1,19.07,0.05,SPY230331C00431000,431.0,normalDay
2023-03-13,7774.0,-5663.0,0.0,100,385.36,461.0,0,0.0,0.0,,0.0,1,19.07,0.06,SPY230331C00431000,431.0,normalDay
2023-03-14,7774.0,-5024.0,0.0,100,391.73,461.0,0,0.0,0.0,,0.0,1,19.07,0.04,SPY230331C00431000,431.0,normalDay
2023-03-15,7774.0,-5268.0,0.0,100,389.28,461.0,0,0.0,0.0,,0.0,1,19.07,0.03,SPY230331C00431000,431.0,normalDay
2023-03-16,7774.0,-4588.0,0.0,100,396.11,461.0,0,0.0,0.0,,0.0,1,19.07,0.06,SPY230331C00431000,431.0,normalDay
2023-03-17,7774.0,-5197.0,0.0,100,389.99,461.0,0,0.0,0.0,,0.0,1,19.07,0.03,SPY230331C00431000,431.0,normalDay
2023-03-20,7774.0,-4822.0,0.0,100,393.74,461.0,0,0.0,0.0,,0.0,1,19.07,0.03,SPY230331C00431000,431.0,normalDay
2023-03-21,7774.0,-4307.0,0.0,100,398.91,461.0,0,0.0,0.0,,0.0,1,19.07,0.05,SPY230331C00431000,431.0,normalDay
2023-03-22,7774.0,-4984.0,0.0,100,392.11,461.0,0,0.0,0.0,,0.0,1,19.07,0.02,SPY230331C00431000,431.0,normalDay
2023-03-23,7774.0,-4878.0,0.0,100,393.17,461.0,0,0.0,0.0,,0.0,1,19.07,0.02,SPY230331C00431000,431.0,normalDay
2023-03-24,7774.0,-4619.0,0.0,100,395.75,461.0,0,0.0,0.0,,0.0,1,19.07,0.01,SPY230331C00431000,431.0,normalDay
2023-03-27,7774.0,-4545.0,0.0,100,396.49,461.0,0,0.0,0.0,,0.0,1,19.07,0.01,SPY230331C00431000,431.0,normalDay
2023-03-28,7774.0,-4634.0,0.0,100,395.6,461.0,0,0.0,0.0,,0.0,1,19.07,0.01,SPY230331C00431000,431.0,normalDay
2023-03-29,7774.0,-4059.0,0.0,100,401.35,461.0,0,0.0,0.0,,0.0,1,19.07,0.01,SPY230331C00431000,431.0,normalDay
2023-03-30,7774.0,-3824.0,0.0,100,403.7,461.0,0,0.0,0.0,,0.0,1,19.07,0.01,SPY230331C00431000,431.0,normalDay
2023-03-31,9681.0,-5161.0,1907.0,100,409.39,461.0,0,0.0,0.0,,0.0,1,19.07,0.0,SPY230331C00431000,431.0,expirationDay
2023-04-03,9681.0,-5501.0,0.0,100,410.95,461.0,0,0.0,0.0,,0.0,1,36.52,41.48,SPY240328C00410000,410.0,normalDay
2023-04-04,9681.0,-5569.0,0.0,100,408.67,461.0,0,0.0,0.0,,0.0,1,36.52,39.88,SPY240328C00410000,410.0,normalDay
2023-04-05,9681.0,-5588.0,0.0,100,407.6,461.0,0,0.0,0.0,,0.0,1,36.52,39.0,SPY240328C00410000,410.0,normalDay
2023-04-06,9681.0,-5469.0,0.0,100,409.19,461.0,0,0.0,0.0,,0.0,1,36.52,39.4,SPY240328C00410000,410.0,normalDay
2023-04-10,9681.0,-5478.0,0.0,100,409.61,461.0,0,0.0,0.0,,0.0,1,36.52,39.91,SPY240328C00410000,410.0,normalDay
2023-04-11,9681.0,-5476.0,0.0,100,409.72,461.0,0,0.0,0.0,,0.0,1,36.52,40.0,SPY240328C00410000,410.0,normalDay
2023-04-12,9681.0,-5389.0,0.0,100,408.05,461.0,0,0.0,0.0,,0.0,1,36.52,37.46,SPY240328C00410000,410.0,normalDay
2023-04-13,9681.0,-5284.0,0.0,100,413.47,461.0,0,0.0,0.0,,0.0,1,36.52,41.83,SPY240328C00410000,410.0,normalDay
2023-04-14,9681.0,-5352.0,0.0,100,412.46,461.0,0,0.0,0.0,,0.0,1,36.52,41.5,SPY240328C00410000,410.0,normalDay
2023-04-17,9681.0,-5253.0,0.0,100,413.94,461.0,0,0.0,0.0,,0.0,1,36.52,41.99,SPY240328C00410000,410.0,normalDay
2023-04-18,9681.0,-5222.0,0.0,100,414.21,461.0,0,0.0,0.0,,0.0,1,36.52,41.95,SPY240328C00410000,410.0,normalDay
2023-04-19,9681.0,-5234.0,0.0,100,414.14,461.0,0,0.0,0.0,,0.0,1,36.52,42.0,SPY240328C00410000,410.0,normalDay
2023-04-20,9681.0,-5360.0,0.0,100,411.88,461.0,0,0.0,0.0,,0.0,1,36.52,41.0,SPY240328C00410000,410.0,normalDay
2023-04-21,9681.0,-5328.0,0.0,100,412.2,461.0,0,0.0,0.0,,0.0,1,36.52,41.0,SPY240328C00410000,410.0,normalDay
2023-04-24,9681.0,-5092.0,0.0,100,412.63,461.0,0,0.0,0.0,,0.0,1,36.52,39.07,SPY240328C00410000,410.0,normalDay
2023-04-25,9681.0,-5526.0,0.0,100,406.08,461.0,0,0.0,0.0,,0.0,1,36.52,36.86,SPY240328C00410000,410.0,normalDay
2023-04-26,9681.0,-5465.0,0.0,100,404.36,461.0,0,0.0,0.0,,0.0,1,36.52,34.53,SPY240328C00410000,410.0,normalDay
2023-04-27,9681.0,-5214.0,0.0,100,412.41,461.0,0,0.0,0.0,,0.0,1,36.52,40.07,SPY240328C00410000,410.0,normalDay
2023-04-28,9681.0,-4952.0,0.0,100,415.93,461.0,0,0.0,0.0,,0.0,1,36.52,40.97,SPY240328C00410000,410.0,normalDay
2023-05-01,9681.0,-4970.0,0.0,100,415.51,461.0,0,0.0,0.0,,0.0,1,36.52,40.73,SPY240328C00410000,410.0,normalDay
2023-05-02,9681.0,-5120.0,0.0,100,410.84,461.0,0,0.0,0.0,,0.0,1,36.52,37.56,SPY240328C00410000,410.0,normalDay
2023-05-03,9681.0,-5272.0,0.0,100,408.02,461.0,0,0.0,0.0,,0.0,1,36.52,36.26,SPY240328C00410000,410.0,normalDay
2023-05-04,9681.0,-5322.0,0.0,100,405.13,461.0,0,0.0,0.0,,0.0,1,36.52,33.87,SPY240328C00410000,410.0,normalDay
2023-05-05,9681.0,-4998.0,0.0,100,412.63,461.0,0,0.0,0.0,,0.0,1,36.52,38.13,SPY240328C00410000,410.0,normalDay
2023-05-08,9681.0,-4979.0,0.0,100,412.74,461.0,0,0.0,0.0,,0.0,1,36.52,38.05,SPY240328C00410000,410.0,normalDay
2023-05-09,9681.0,-5073.0,0.0,100,410.93,461.0,0,0.0,0.0,,0.0,1,36.52,37.18,SPY240328C00410000,410.0,normalDay
2023-05-10,9681.0,-4968.0,0.0,100,412.85,461.0,0,0.0,0.0,,0.0,1,36.52,38.05,SPY240328C00410000,410.0,normalDay
2023-05-11,9681.0,-4933.0,0.0,100,412.13,461.0,0,0.0,0.0,,0.0,1,36.52,36.98,SPY240328C00410000,410.0,normalDay
2023-05-12,9681.0,-4939.0,0.0,100,411.59,461.0,0,0.0,0.0,,0.0,1,36.52,36.5,SPY240328C00410000,410.0,normalDay
2023-05-15,9681.0,-4868.0,0.0,100,413.01,461.0,0,0.0,0.0,,0.0,1,36.52,37.21,SPY240328C00410000,410.0,normalDay
2023-05-16,9681.0,-5002.0,0.0,100,410.25,461.0,0,0.0,0.0,,0.0,1,36.52,35.79,SPY240328C00410000,410.0,normalDay
2023-05-17,9681.0,-4777.0,0.0,100,415.23,461.0,0,0.0,0.0,,0.0,1,36.52,38.52,SPY240328C00410000,410.0,normalDay
2023-05-18,9681.0,-4614.0,0.0,100,419.23,461.0,0,0.0,0.0,,0.0,1,36.52,40.89,SPY240328C00410000,410.0,normalDay
2023-05-19,9681.0,-4658.0,0.0,100,418.62,461.0,0,0.0,0.0,,0.0,1,36.52,40.72,SPY240328C00410000,410.0,normalDay
2023-05-22,9681.0,-4666.0,0.0,100,418.79,461.0,0,0.0,0.0,,0.0,1,36.52,40.97,SPY240328C00410000,410.0,normalDay
2023-05-23,9681.0,-4820.0,0.0,100,414.09,461.0,0,0.0,0.0,,0.0,1,36.52,37.81,SPY240328C00410000,410.0,normalDay
2023-05-24,9681.0,-4949.0,0.0,100,411.09,461.0,0,0.0,0.0,,0.0,1,36.52,36.1,SPY240328C00410000,410.0,normalDay
2023-05-25,9681.0,-4795.0,0.0,100,414.65,461.0,0,0.0,0.0,,0.0,1,36.52,38.12,SPY240328C00410000,410.0,normalDay
2023-05-26,9681.0,-4633.0,0.0,100,420.02,461.0,0,0.0,0.0,,0.0,1,36.52,41.87,SPY240328C00410000,410.0,normalDay
2023-05-30,9681.0,-4578.0,0.0,100,420.18,461.0,0,0.0,0.0,,0.0,1,36.52,41.48,SPY240328C00410000,410.0,normalDay
2023-05-31,9681.0,-4620.0,0.0,100,417.85,461.0,0,0.0,0.0,,0.0,1,36.52,39.57,SPY240328C00410000,410.0,normalDay
2023-06-01,9681.0,-4436.0,0.0,100,421.82,461.0,0,0.0,0.0,,0.0,1,36.52,41.7,SPY240328C00410000,410.0,normalDay
2023-06-02,9681.0,-4243.0,0.0,100,427.92,461.0,0,0.0,0.0,,0.0,1,36.52,45.87,SPY240328C00410000,410.0,normalDay
2023-06-05,9681.0,-4239.0,0.0,100,427.1,461.0,0,0.0,0.0,,0.0,1,36.52,45.01,SPY240328C00410000,410.0,normalDay
2023-06-06,9681.0,-4181.0,0.0,100,428.03,461.0,0,0.0,0.0,,0.0,1,36.52,45.36,SPY240328C00410000,410.0,normalDay
2023-06-07,9681.0,-4181.0,0.0,100,426.55,461.0,0,0.0,0.0,,0.0,1,36.52,43.88,SPY240328C00410000,410.0,normalDay
2023-06-08,9681.0,-4039.0,0.0,100,429.13,461.0,0,0.0,0.0,,0.0,1,36.52,45.04,SPY240328C00410000,410.0,normalDay
2023-06-09,9681.0,-4081.0,0.0,100,429.9,461.0,0,0.0,0.0,,0.0,1,36.52,46.23,SPY240328C00410000,410.0,normalDay
2023-06-12,9681.0,-3949.0,0.0,100,433.8,461.0,0,0.0,0.0,,0.0,1,36.52,48.81,SPY240328C00410000,410.0,normalDay
2023-06-13,9681.0,-3908.0,0.0,100,436.66,461.0,0,0.0,0.0,,0.0,1,36.52,51.26,SPY240328C00410000,410.0,normalDay
2023-06-14,9681.0,-3925.0,0.0,100,437.18,461.0,0,0.0,0.0,,0.0,1,36.52,51.95,SPY240328C00410000,410.0,normalDay
2023-06-15,9681.0,-3749.0,0.0,100,442.6,461.0,0,0.0,0.0,,0.0,1,36.52,55.61,SPY240328C00410000,410.0,normalDay
2023-06-16,9681.0,-4010.0,0.0,100,439.46,461.0,0,0.0,0.0,,0.0,1,36.52,55.08,SPY240328C00410000,410.0,normalDay
2023-06-20,9681.0,-4005.0,0.0,100,437.18,461.0,0,0.0,0.0,,0.0,1,36.52,52.75,SPY240328C00410000,410.0,normalDay
2023-06-21,9681.0,-4063.0,0.0,100,434.94,461.0,0,0.0,0.0,,0.0,1,36.52,51.09,SPY240328C00410000,410.0,normalDay
2023-06-22,9681.0,-3983.0,0.0,100,436.51,461.0,0,0.0,0.0,,0.0,1,36.52,51.86,SPY240328C00410000,410.0,normalDay
2023-06-23,9681.0,-4060.0,0.0,100,433.21,461.0,0,0.0,0.0,,0.0,1,36.52,49.33,SPY240328C00410000,410.0,normalDay
2023-06-26,9681.0,-4083.0,0.0,100,431.44,461.0,0,0.0,0.0,,0.0,1,36.52,47.79,SPY240328C00410000,410.0,normalDay
2023-06-27,9681.0,-3901.0,0.0,100,436.17,461.0,0,0.0,0.0,,0.0,1,36.52,50.7,SPY240328C00410000,410.0,normalDay
2023-06-28,9681.0,-3896.0,0.0,100,436.39,461.0,0,0.0,0.0,,0.0,1,36.52,50.87,SPY240328C00410000,410.0,normalDay
2023-06-29,9681.0,-3845.0,0.0,100,438.11,461.0,0,0.0,0.0,,0.0,1,36.52,52.08,SPY240328C00410000,410.0,normalDay
2023-06-30,9681.0,-3757.0,0.0,100,443.28,461.0,0,0.0,0.0,,0.0,1,36.52,56.37,SPY240328C00410000,410.0,normalDay
2023-07-03,9681.0,-3735.0,0.0,100,443.79,461.0,0,0.0,0.0,,0.0,1,36.52,56.66,SPY240328C00410000,410.0,normalDay
2023-07-05,9681.0,-3740.0,0.0,100,443.13,461.0,0,0.0,0.0,,0.0,1,36.52,56.05,SPY240328C00410000,410.0,normalDay
2023-07-06,9681.0,-3834.0,0.0,100,439.66,461.0,0,0.0,0.0,,0.0,1,36.52,53.52,SPY240328C00410000,410.0,normalDay
2023-07-07,9681.0,-3853.0,0.0,100,438.55,461.0,0,0.0,0.0,,0.0,1,36.52,52.6,SPY240328C00410000,410.0,normalDay
2023-07-10,9681.0,-3777.0,0.0,100,439.66,461.0,0,0.0,0.0,,0.0,1,36.52,52.95,SPY240328C00410000,410.0,normalDay
2023-07-11,9681.0,-3691.0,0.0,100,442.46,461.0,0,0.0,0.0,,0.0,1,36.52,54.89,SPY240328C00410000,410.0,normalDay
2023-07-12,9681.0,-3599.0,0.0,100,446.02,461.0,0,0.0,0.0,,0.0,1,36.52,57.53,SPY240328C00410000,410.0,normalDay
2023-07-13,9681.0,-3517.0,0.0,100,449.56,461.0,0,0.0,0.0,,0.0,1,36.52,60.25,SPY240328C00410000,410.0,normalDay
2023-07-14,9681.0,-3510.0,0.0,100,449.28,461.0,0,0.0,0.0,,0.0,1,36.52,59.9,SPY240328C00410000,410.0,normalDay
2023-07-17,9681.0,-3467.0,0.0,100,450.84,461.0,0,0.0,0.0,,0.0,1,36.52,61.03,SPY240328C00410000,410.0,normalDay
2023-07-18,9681.0,-3427.0,0.0,100,454.19,461.0,0,0.0,0.0,,0.0,1,36.52,63.98,SPY240328C00410000,410.0,normalDay
2023-07-19,9681.0,-3444.0,0.0,100,455.2,461.0,0,0.0,0.0,,0.0,1,36.52,65.16,SPY240328C00410000,410.0,normalDay
2023-07-20,9681.0,-3513.0,0.0,100,452.18,461.0,0,0.0,0.0,,0.0,1,36.52,62.83,SPY240328C00410000,410.0,normalDay
2023-07-21,9681.0,-3464.0,0.0,100,452.18,461.0,0,0.0,0.0,,0.0,1,36.52,62.34,SPY240328C00410000,410.0,normalDay
2023-07-24,9681.0,-3436.0,0.0,100,454.2,461.0,0,0.0,0.0,,0.0,1,36.52,64.08,SPY240328C00410000,410.0,normalDay
2023-07-25,9681.0,-3497.0,0.0,100,455.44,461.0,0,0.0,0.0,,0.0,1,36.52,65.93,SPY240328C00410000,410.0,normalDay
2023-07-26,9681.0,-3547.0,0.0,100,455.51,461.0,0,0.0,0.0,,0.0,1,36.52,66.5,SPY240328C00410000,410.0,normalDay
2023-07-27,9681.0,-3494.0,0.0,100,452.49,461.0,0,0.0,0.0,,0.0,1,36.52,62.95,SPY240328C00410000,410.0,normalDay
2023-07-28,9681.0,-3382.0,0.0,100,456.92,461.0,0,0.0,0.0,,0.0,1,36.52,66.26,SPY240328C00410000,410.0,normalDay
2023-07-31,9681.0,-3366.0,0.0,100,457.79,461.0,0,0.0,0.0,,0.0,1,36.52,66.97,SPY240328C00410000,410.0,normalDay
2023-08-01,9681.0,-3358.0,0.0,100,456.48,461.0,0,0.0,0.0,,0.0,1,36.52,65.58,SPY240328C00410000,410.0,normalDay
2023-08-02,9681.0,-3532.0,0.0,100,450.13,461.0,0,0.0,0.0,,0.0,1,36.52,60.97,SPY240328C00410000,410.0,normalDay
2023-08-03,9681.0,-3737.0,0.0,100,448.84,461.0,0,0.0,0.0,,0.0,1,36.52,61.73,SPY240328C00410000,410.0,normalDay
2023-08-04,9681.0,-3586.0,0.0,100,446.81,461.0,0,0.0,0.0,,0.0,1,36.52,58.19,SPY240328C00410000,410.0,normalDay
2023-08-07,9681.0,-3452.0,0.0,100,450.71,461.0,0,0.0,0.0,,0.0,1,36.52,60.75,SPY240328C00410000,410.0,normalDay
2023-08-08,9681.0,-3470.0,0.0,100,448.75,461.0,0,0.0,0.0,,0.0,1,36.52,58.97,SPY240328C00410000,410.0,normalDay
2023-08-09,9681.0,-3566.0,0.0,100,445.75,461.0,0,0.0,0.0,,0.0,1,36.52,56.93,SPY240328C00410000,410.0,normalDay
2023-08-10,9681.0,-3482.0,0.0,100,445.91,461.0,0,0.0,0.0,,0.0,1,36.52,56.25,SPY240328C00410000,410.0,normalDay
2023-08-11,9681.0,-3482.0,0.0,100,445.65,461.0,0,0.0,0.0,,0.0,1,36.52,55.99,SPY240328C00410000,410.0,normalDay
2023-08-14,9681.0,-3402.0,0.0,100,448.11,461.0,0,0.0,0.0,,0.0,1,36.52,57.65,SPY240328C00410000,410.0,normalDay
2023-08-15,9681.0,-3512.0,0.0,100,442.89,461.0,0,0.0,0.0,,0.0,1,36.52,53.53,SPY240328C00410000,410.0,normalDay
2023-08-16,9681.0,-3594.0,0.0,100,439.64,461.0,0,0.0,0.0,,0.0,1,36.52,51.1,SPY240328C00410000,410.0,normalDay
2023-08-17,9681.0,-3633.0,0.0,100,436.29,461.0,0,0.0,0.0,,0.0,1,36.52,48.14,SPY240328C00410000,410.0,normalDay
2023-08-18,9681.0,-3607.0,0.0,100,436.5,461.0,0,0.0,0.0,,0.0,1,36.52,48.09,SPY240328C00410000,410.0,normalDay
2023-08-21,9681.0,-3508.0,0.0,100,439.34,461.0,0,0.0,0.0,,0.0,1,36.52,49.94,SPY240328C00410000,410.0,normalDay
2023-08-22,9681.0,-3542.0,0.0,100,438.15,461.0,0,0.0,0.0,,0.0,1,36.52,49.09,SPY240328C00410000,410.0,normalDay
2023-08-23,9681.0,-3520.0,0.0,100,443.03,461.0,0,0.0,0.0,,0.0,1,36.52,53.75,SPY240328C00410000,410.0,normalDay
2023-08-24,9681.0,-3554.0,0.0,100,436.89,461.0,0,0.0,0.0,,0.0,1,36.52,47.95,SPY240328C00410000,410.0,normalDay
2023-08-25,9681.0,-3499.0,0.0,100,439.97,461.0,0,0.0,0.0,,0.0,1,36.52,50.48,SPY240328C00410000,410.0,normalDay
2023-08-28,9681.0,-3397.0,0.0,100,442.76,461.0,0,0.0,0.0,,0.0,1,36.52,52.25,SPY240328C00410000,410.0,normalDay
2023-08-29,9681.0,-3248.0,0.0,100,449.16,461.0,0,0.0,0.0,,0.0,1,36.52,57.16,SPY240328C00410000,410.0,normalDay
2023-08-30,9681.0,-3195.0,0.0,100,451.01,461.0,0,0.0,0.0,,0.0,1,36.52,58.48,SPY240328C00410000,410.0,normalDay
2023-08-31,9681.0,-3196.0,0.0,100,450.35,461.0,0,0.0,0.0,,0.0,1,36.52,57.83,SPY240328C00410000,410.0,normalDay
2023-09-01,9681.0,-3066.0,0.0,100,451.19,461.0,0,0.0,0.0,,0.0,1,36.52,57.37,SPY240328C00410000,410.0,normalDay
2023-09-05,9681.0,-3101.0,0.0,100,449.24,461.0,0,0.0,0.0,,0.0,1,36.52,55.77,SPY240328C00410000,410.0,normalDay
2023-09-06,9681.0,-3142.0,0.0,100,446.22,461.0,0,0.0,0.0,,0.0,1,36.52,53.16,SPY240328C00410000,410.0,normalDay
2023-09-07,9681.0,-3160.0,0.0,100,444.85,461.0,0,0.0,0.0,,0.0,1,36.52,51.97,SPY240328C00410000,410.0,normalDay
2023-09-08,9681.0,-3146.0,0.0,100,445.52,461.0,0,0.0,0.0,,0.0,1,36.52,52.5,SPY240328C00410000,410.0,normalDay
2023-09-11,9681.0,-3043.0,0.0,100,448.45,461.0,0,0.0,0.0,,0.0,1,36.52,54.4,SPY240328C00410000,410.0,normalDay
2023-09-12,9681.0,-3094.0,0.0,100,445.99,461.0,0,0.0,0.0,,0.0,1,36.52,52.45,SPY240328C00410000,410.0,normalDay
2023-09-13,9681.0,-3064.0,0.0,100,446.51,461.0,0,0.0,0.0,,0.0,1,36.52,52.67,SPY240328C00410000,410.0,normalDay
2023-09-14,9681.0,-2957.0,0.0,100,450.36,461.0,0,0.0,0.0,,0.0,1,36.52,55.45,SPY240328C00410000,410.0,normalDay
2023-09-15,9681.0,-3183.0,0.0,100,443.37,461.0,0,0.0,0.0,,0.0,1,36.52,50.72,SPY240328C00410000,410.0,normalDay
2023-09-18,9681.0,-3166.0,0.0,100,443.63,461.0,0,0.0,0.0,,0.0,1,36.52,50.81,SPY240328C00410000,410.0,normalDay
2023-09-19,9681.0,-3174.0,0.0,100,442.71,461.0,0,0.0,0.0,,0.0,1,36.52,49.97,SPY240328C00410000,410.0,normalDay
2023-09-20,9681.0,-3215.0,0.0,100,438.64,461.0,0,0.0,0.0,,0.0,1,36.52,46.31,SPY240328C00410000,410.0,normalDay
2023-09-21,9681.0,-3388.0,0.0,100,431.39,461.0,0,0.0,0.0,,0.0,1,36.52,40.79,SPY240328C00410000,410.0,normalDay
2023-09-22,9681.0,-3412.0,0.0,100,430.42,461.0,0,0.0,0.0,,0.0,1,36.52,40.06,SPY240328C00410000,410.0,normalDay
2023-09-25,9681.0,-3366.0,0.0,100,432.23,461.0,0,0.0,0.0,,0.0,1,36.52,41.41,SPY240328C00410000,410.0,normalDay
2023-09-26,9681.0,-3618.0,0.0,100,425.88,461.0,0,0.0,0.0,,0.0,1,36.52,37.58,SPY240328C00410000,410.0,normalDay
2023-09-27,9681.0,-3585.0,0.0,100,426.05,461.0,0,0.0,0.0,,0.0,1,36.52,37.42,SPY240328C00410000,410.0,normalDay
2023-09-28,9681.0,-3423.0,0.0,100,428.52,461.0,0,0.0,0.0,,0.0,1,36.52,38.27,SPY240328C00410000,410.0,normalDay
2023-09-29,9681.0,-3502.0,0.0,100,427.48,461.0,0,0.0,0.0,,0.0,1,36.52,38.02,SPY240328C00410000,410.0,normalDay
2023-10-02,9681.0,-3453.0,0.0,100,427.31,461.0,0,0.0,0.0,,0.0,1,36.52,37.36,SPY240328C00410000,410.0,normalDay
2023-10-03,9681.0,-3673.0,0.0,100,421.59,461.0,0,0.0,0.0,,0.0,1,36.52,33.84,SPY240328C00410000,410.0,normalDay
2023-10-04,9681.0,-3520.0,0.0,100,424.66,461.0,0,0.0,0.0,,0.0,1,36.52,35.38,SPY240328C00410000,410.0,normalDay
2023-10-05,9681.0,-3493.0,0.0,100,424.5,461.0,0,0.0,0.0,,0.0,1,36.52,34.95,SPY240328C00410000,410.0,normalDay
2023-10-06,9681.0,-3384.0,0.0,100,429.54,461.0,0,0.0,0.0,,0.0,1,36.52,38.9,SPY240328C00410000,410.0,normalDay
2023-10-09,9681.0,-3296.0,0.0,100,432.29,461.0,0,0.0,0.0,,0.0,1,36.52,40.77,SPY240328C00410000,410.0,normalDay
2023-10-10,9681.0,-3193.0,0.0,100,434.54,461.0,0,0.0,0.0,,0.0,1,36.52,41.99,SPY240328C00410000,410.0,normalDay
2023-10-11,9681.0,-3179.0,0.0,100,436.32,461.0,0,0.0,0.0,,0.0,1,36.52,43.63,SPY240328C00410000,410.0,normalDay
2023-10-12,9681.0,-3202.0,0.0,100,433.66,461.0,0,0.0,0.0,,0.0,1,36.52,41.2,SPY240328C00410000,410.0,normalDay
2023-10-13,9681.0,-3272.0,0.0,100,431.5,461.0,0,0.0,0.0,,0.0,1,36.52,39.74,SPY240328C00410000,410.0,normalDay
2023-10-16,9681.0,-3136.0,0.0,100,436.04,461.0,0,0.0,0.0,,0.0,1,36.52,42.92,SPY240328C00410000,410.0,normalDay
2023-10-17,9681.0,-3097.0,0.0,100,436.02,461.0,0,0.0,0.0,,0.0,1,36.52,42.51,SPY240328C00410000,410.0,normalDay
2023-10-18,9681.0,-3361.0,0.0,100,430.21,461.0,0,0.0,0.0,,0.0,1,36.52,39.34,SPY240328C00410000,410.0,normalDay
2023-10-19,9681.0,-3412.0,0.0,100,426.43,461.0,0,0.0,0.0,,0.0,1,36.52,36.07,SPY240328C00410000,410.0,normalDay
2023-10-20,9681.0,-3591.0,0.0,100,421.19,461.0,0,0.0,0.0,,0.0,1,36.52,32.62,SPY240328C00410000,410.0,normalDay
2023-10-23,9681.0,-3554.0,0.0,100,420.46,461.0,0,0.0,0.0,,0.0,1,36.52,31.52,SPY240328C00410000,410.0,normalDay
2023-10-24,9681.0,-3440.0,0.0,100,423.63,461.0,0,0.0,0.0,,0.0,1,36.52,33.55,SPY240328C00410000,410.0,normalDay
2023-10-25,9681.0,-3634.0,0.0,100,417.55,461.0,0,0.0,0.0,,0.0,1,36.52,29.41,SPY240328C00410000,410.0,normalDay
2023-10-26,9681.0,-3729.0,0.0,100,412.55,461.0,0,0.0,0.0,,0.0,1,36.52,25.36,SPY240328C00410000,410.0,normalDay
2023-10-27,9681.0,-3787.0,0.0,100,410.68,461.0,0,0.0,0.0,,0.0,1,36.52,24.07,SPY240328C00410000,410.0,normalDay
2023-10-30,9681.0,-3530.0,0.0,100,415.59,461.0,0,0.0,0.0,,0.0,1,36.52,26.41,SPY240328C00410000,410.0,normalDay
2023-10-31,9681.0,-3388.0,0.0,100,418.2,461.0,0,0.0,0.0,,0.0,1,36.52,27.6,SPY240328C00410000,410.0,normalDay
2023-11-01,9681.0,-3189.0,0.0,100,422.66,461.0,0,0.0,0.0,,0.0,1,36.52,30.07,SPY240328C00410000,410.0,normalDay
2023-11-02,9681.0,-2963.0,0.0,100,430.76,461.0,0,0.0,0.0,,0.0,1,36.52,35.91,SPY240328C00410000,410.0,normalDay
2023-11-03,9681.0,-2896.0,0.0,100,434.69,461.0,0,0.0,0.0,,0.0,1,36.52,39.17,SPY240328C00410000,410.0,normalDay
2023-11-06,9681.0,-2791.0,0.0,100,435.69,461.0,0,0.0,0.0,,0.0,1,36.52,39.12,SPY240328C00410000,410.0,normalDay
2023-11-07,9681.0,-2781.0,0.0,100,436.93,461.0,0,0.0,0.0,,0.0,1,36.52,40.26,SPY240328C00410000,410.0,normalDay
2023-11-08,9681.0,-2732.0,0.0,100,437.25,461.0,0,0.0,0.0,,0.0,1,36.52,40.09,SPY240328C00410000,410.0,normalDay
2023-11-09,9681.0,-2849.0,0.0,100,433.84,461.0,0,0.0,0.0,,0.0,1,36.52,37.85,SPY240328C00410000,410.0,normalDay
2023-11-10,9681.0,-2688.0,0.0,100,440.61,461.0,0,0.0,0.0,,0.0,1,36.52,43.01,SPY240328C00410000,410.0,normalDay
2023-11-13,9681.0,-2671.0,0.0,100,440.19,461.0,0,0.0,0.0,,0.0,1,36.52,42.42,SPY240328C00410000,410.0,normalDay
2023-11-14,9681.0,-2565.0,0.0,100,448.73,461.0,0,0.0,0.0,,0.0,1,36.52,49.9,SPY240328C00410000,410.0,normalDay
2023-11-15,9681.0,-2476.0,0.0,100,449.68,461.0,0,0.0,0.0,,0.0,1,36.52,49.96,SPY240328C00410000,410.0,normalDay
2023-11-16,9681.0,-2484.0,0.0,100,450.23,461.0,0,0.0,0.0,,0.0,1,36.52,50.59,SPY240328C00410000,410.0,normalDay
2023-11-17,9681.0,-2446.0,0.0,100,450.79,461.0,0,0.0,0.0,,0.0,1,36.52,50.77,SPY240328C00410000,410.0,normalDay
2023-11-20,9681.0,-2397.0,0.0,100,454.26,461.0,0,0.0,0.0,,0.0,1,36.52,53.75,SPY240328C00410000,410.0,normalDay
2023-11-21,9681.0,-2353.0,0.0,100,453.27,461.0,0,0.0,0.0,,0.0,1,36.52,52.32,SPY240328C00410000,410.0,normalDay
2023-11-22,9681.0,-2433.0,0.0,100,455.02,461.0,0,0.0,0.0,,0.0,1,36.52,54.87,SPY240328C00410000,410.0,normalDay
2023-11-24,9681.0,-2424.0,0.0,100,455.3,461.0,0,0.0,0.0,,0.0,1,36.52,55.06,SPY240328C00410000,410.0,normalDay
2023-11-27,9681.0,-2427.0,0.0,100,454.48,461.0,0,0.0,0.0,,0.0,1,36.52,54.27,SPY240328C00410000,410.0,normalDay
2023-11-28,9681.0,-2403.0,0.0,100,454.93,461.0,0,0.0,0.0,,0.0,1,36.52,54.48,SPY240328C00410000,410.0,normalDay
2023-11-29,9681.0,-2362.0,0.0,100,454.61,461.0,0,0.0,0.0,,0.0,1,36.52,53.75,SPY240328C00410000,410.0,normalDay
2023-11-30,9681.0,-2356.0,0.0,100,456.4,461.0,0,0.0,0.0,,0.0,1,36.52,55.48,SPY240328C00410000,410.0,normalDay
