date,totalCapital,unrializedPnL,rializedPnL,stocksOwned,stocksPriceToday,stocksPriceBoughtAt,putOwned,putOwnedSoldAt,putPriceToday,putOwnedContract,putOwnedStrike,callOwned,callOwnedSoldAt,callPriceToday,callOwnedContract,callOwnedStrike,trackType
2018-11-01,0.0,-10.0,0.0,0,273.51,0.0,1,4.36,4.46,SPY190329P00244000,244.0,0,0.0,0.0,,0.0,normalDay
2018-11-02,0.0,-34.0,0.0,0,271.89,0.0,1,4.36,4.7,SPY190329P00244000,244.0,0,0.0,0.0,,0.0,normalDay
2018-11-05,0.0,4.0,0.0,0,273.39,0.0,1,4.36,4.32,SPY190329P00244000,244.0,0,0.0,0.0,,0.0,normalDay
2018-11-06,0.0,42.0,0.0,0,275.12,0.0,1,4.36,3.94,SPY190329P00244000,244.0,0,0.0,0.0,,0.0,normalDay
2018-11-07,0.0,152.0,0.0,0,281.01,0.0,1,4.36,2.84,SPY190329P00244000,244.0,0,0.0,0.0,,0.0,normalDay
2018-11-08,0.0,154.0,0.0,0,280.5,0.0,1,4.36,2.82,SPY190329P00244000,244.0,0,0.0,0.0,,0.0,normalDay
2018-11-09,0.0,102.0,0.0,0,277.76,0.0,1,4.36,3.34,SPY190329P00244000,244.0,0,0.0,0.0,,0.0,normalDay
2018-11-12,0.0,5.0,0.0,0,272.57,0.0,1,4.36,4.31,SPY190329P00244000,244.0,0,0.0,0.0,,0.0,normalDay
2018-11-13,0.0,-14.0,0.0,0,272.06,0.0,1,4.36,4.5,SPY190329P00244000,244.0,0,0.0,0.0,,0.0,normalDay
2018-11-14,0.0,-68.0,0.0,0,270.2,0.0,1,4.36,5.04,SPY190329P00244000,244.0,0,0.0,0.0,,0.0,normalDay
2018-11-15,0.0,2.0,0.0,0,273.02,0.0,1,4.36,4.34,SPY190329P00244000,244.0,0,0.0,0.0,,0.0,normalDay
2018-11-16,0.0,46.0,0.0,0,273.73,0.0,1,4.36,3.9,SPY190329P00244000,244.0,0,0.0,0.0,,0.0,normalDay
2018-11-19,0.0,-48.0,0.0,0,269.1,0.0,1,4.36,4.84,SPY190329P00244000,244.0,0,0.0,0.0,,0.0,normalDay
2018-11-20,0.0,-190.0,0.0,0,264.12,0.0,1,4.36,6.26,SPY190329P00244000,244.0,0,0.0,0.0,,0.0,normalDay
2018-11-21,0.0,-135.0,0.0,0,265.02,0.0,1,4.36,5.71,SPY190329P00244000,244.0,0,0.0,0.0,,0.0,normalDay
2018-11-23,0.0,-176.0,0.0,0,263.25,0.0,1,4.36,6.12,SPY190329P00244000,244.0,0,0.0,0.0,,0.0,normalDay
2018-11-26,0.0,-17.0,0.0,0,267.5,0.0,1,4.36,4.53,SPY190329P00244000,244.0,0,0.0,0.0,,0.0,normalDay
2018-11-27,0.0,-4.0,0.0,0,268.4,0.0,1,4.36,4.4,SPY190329P00244000,244.0,0,0.0,0.0,,0.0,normalDay
2018-11-28,0.0,98.0,0.0,0,274.58,0.0,1,4.36,3.38,SPY190329P00244000,244.0,0,0.0,0.0,,0.0,normalDay
2018-11-29,0.0,84.0,0.0,0,273.98,0.0,1,4.36,3.52,SPY190329P00244000,244.0,0,0.0,0.0,,0.0,normalDay
2018-11-30,0.0,122.0,0.0,0,275.65,0.0,1,4.36,3.14,SPY190329P00244000,244.0,0,0.0,0.0,,0.0,normalDay
2018-12-03,0.0,188.0,0.0,0,279.3,0.0,1,4.36,2.48,SPY190329P00244000,244.0,0,0.0,0.0,,0.0,normalDay
2018-12-04,0.0,15.0,0.0,0,270.25,0.0,1,4.36,4.21,SPY190329P00244000,244.0,0,0.0,0.0,,0.0,normalDay
2018-12-06,0.0,9.0,0.0,0,269.84,0.0,1,4.36,4.27,SPY190329P00244000,244.0,0,0.0,0.0,,0.0,normalDay
2018-12-07,0.0,-148.0,0.0,0,263.57,0.0,1,4.36,5.84,SPY190329P00244000,244.0,0,0.0,0.0,,0.0,normalDay
2018-12-10,0.0,-99.0,0.0,0,264.07,0.0,1,4.36,5.35,SPY190329P00244000,244.0,0,0.0,0.0,,0.0,normalDay
2018-12-11,0.0,-91.0,0.0,0,264.13,0.0,1,4.36,5.27,SPY190329P00244000,244.0,0,0.0,0.0,,0.0,normalDay
2018-12-12,0.0,-66.0,0.0,0,265.46,0.0,1,4.36,5.02,SPY190329P00244000,244.0,0,0.0,0.0,,0.0,normalDay
2018-12-13,0.0,-47.0,0.0,0,265.37,0.0,1,4.36,4.83,SPY190329P00244000,244.0,0,0.0,0.0,,0.0,normalDay
2018-12-14,0.0,-156.0,0.0,0,260.47,0.0,1,4.36,5.92,SPY190329P00244000,244.0,0,0.0,0.0,,0.0,normalDay
2018-12-17,0.0,-310.0,0.0,0,255.36,0.0,1,4.36,7.46,SPY190329P00244000,244.0,0,0.0,0.0,,0.0,normalDay
2018-12-18,0.0,-349.0,0.0,0,255.08,0.0,1,4.36,7.85,SPY190329P00244000,244.0,0,0.0,0.0,,0.0,normalDay
2018-12-19,0.0,-421.0,0.0,0,251.26,0.0,1,4.36,8.57,SPY190329P00244000,244.0,0,0.0,0.0,,0.0,normalDay
2018-12-20,0.0,-595.0,0.0,0,247.17,0.0,1,4.36,10.31,SPY190329P00244000,244.0,0,0.0,0.0,,0.0,normalDay
2018-12-21,0.0,-883.0,0.0,0,240.7,0.0,1,4.36,13.19,SPY190329P00244000,244.0,0,0.0,0.0,,0.0,normalDay
2018-12-24,0.0,-1414.0,0.0,0,234.34,0.0,1,4.36,18.5,SPY190329P00244000,244.0,0,0.0,0.0,,0.0,normalDay
2018-12-26,0.0,-577.0,0.0,0,246.18,0.0,1,4.36,10.13,SPY190329P00244000,244.0,0,0.0,0.0,,0.0,normalDay
2018-12-27,0.0,-529.0,0.0,0,248.07,0.0,1,4.36,9.65,SPY190329P00244000,244.0,0,0.0,0.0,,0.0,normalDay
2018-12-28,0.0,-532.0,0.0,0,247.75,0.0,1,4.36,9.68,SPY190329P00244000,244.0,0,0.0,0.0,,0.0,normalDay
2018-12-31,0.0,-374.0,0.0,0,249.92,0.0,1,4.36,8.1,SPY190329P00244000,244.0,0,0.0,0.0,,0.0,normalDay
2019-01-02,0.0,-309.0,0.0,0,250.18,0.0,1,4.36,7.45,SPY190329P00244000,244.0,0,0.0,0.0,,0.0,normalDay
2019-01-03,0.0,-595.0,0.0,0,244.21,0.0,1,4.36,10.31,SPY190329P00244000,244.0,0,0.0,0.0,,0.0,normalDay
2019-01-04,0.0,-215.0,0.0,0,252.39,0.0,1,4.36,6.51,SPY190329P00244000,244.0,0,0.0,0.0,,0.0,normalDay
2019-01-07,0.0,-148.0,0.0,0,254.38,0.0,1,4.36,5.84,SPY190329P00244000,244.0,0,0.0,0.0,,0.0,normalDay
2019-01-08,0.0,-67.0,0.0,0,256.77,0.0,1,4.36,5.03,SPY190329P00244000,244.0,0,0.0,0.0,,0.0,normalDay
2019-01-09,0.0,-21.0,0.0,0,257.97,0.0,1,4.36,4.57,SPY190329P00244000,244.0,0,0.0,0.0,,0.0,normalDay
2019-01-10,0.0,11.0,0.0,0,258.88,0.0,1,4.36,4.25,SPY190329P00244000,244.0,0,0.0,0.0,,0.0,normalDay
2019-01-11,0.0,44.0,0.0,0,258.98,0.0,1,4.36,3.92,SPY190329P00244000,244.0,0,0.0,0.0,,0.0,normalDay
2019-01-14,0.0,28.0,0.0,0,257.4,0.0,1,4.36,4.08,SPY190329P00244000,244.0,0,0.0,0.0,,0.0,normalDay
2019-01-15,0.0,107.0,0.0,0,260.35,0.0,1,4.36,3.29,SPY190329P00244000,244.0,0,0.0,0.0,,0.0,normalDay
2019-01-16,0.0,121.0,0.0,0,260.98,0.0,1,4.36,3.15,SPY190329P00244000,244.0,0,0.0,0.0,,0.0,normalDay
2019-01-17,0.0,161.0,0.0,0,262.96,0.0,1,4.36,2.75,SPY190329P00244000,244.0,0,0.0,0.0,,0.0,normalDay
2019-01-18,0.0,212.0,0.0,0,266.46,0.0,1,4.36,2.24,SPY190329P00244000,244.0,0,0.0,0.0,,0.0,normalDay
2019-01-22,0.0,133.0,0.0,0,262.86,0.0,1,4.36,3.03,SPY190329P00244000,244.0,0,0.0,0.0,,0.0,normalDay
2019-01-23,0.0,148.0,0.0,0,263.41,0.0,1,4.36,2.88,SPY190329P00244000,244.0,0,0.0,0.0,,0.0,normalDay
2019-01-24,0.0,169.0,0.0,0,263.55,0.0,1,4.36,2.67,SPY190329P00244000,244.0,0,0.0,0.0,,0.0,normalDay
2019-01-25,0.0,231.0,0.0,0,265.78,0.0,1,4.36,2.05,SPY190329P00244000,244.0,0,0.0,0.0,,0.0,normalDay
2019-01-28,0.0,196.0,0.0,0,263.76,0.0,1,4.36,2.4,SPY190329P00244000,244.0,0,0.0,0.0,,0.0,normalDay
2019-01-29,0.0,192.0,0.0,0,263.41,0.0,1,4.36,2.44,SPY190329P00244000,244.0,0,0.0,0.0,,0.0,normalDay
2019-01-30,0.0,270.0,0.0,0,267.58,0.0,1,4.36,1.66,SPY190329P00244000,244.0,0,0.0,0.0,,0.0,normalDay
2019-01-31,0.0,316.0,0.0,0,269.93,0.0,1,4.36,1.2,SPY190329P00244000,244.0,0,0.0,0.0,,0.0,normalDay
2019-02-01,0.0,323.0,0.0,0,270.06,0.0,1,4.36,1.13,SPY190329P00244000,244.0,0,0.0,0.0,,0.0,normalDay
2019-02-04,0.0,347.0,0.0,0,271.96,0.0,1,4.36,0.89,SPY190329P00244000,244.0,0,0.0,0.0,,0.0,normalDay
2019-02-05,0.0,352.0,0.0,0,273.1,0.0,1,4.36,0.84,SPY190329P00244000,244.0,0,0.0,0.0,,0.0,normalDay
2019-02-06,0.0,353.0,0.0,0,272.74,0.0,1,4.36,0.83,SPY190329P00244000,244.0,0,0.0,0.0,,0.0,normalDay
2019-02-07,0.0,333.0,0.0,0,270.14,0.0,1,4.36,1.03,SPY190329P00244000,244.0,0,0.0,0.0,,0.0,normalDay
2019-02-08,0.0,343.0,0.0,0,270.47,0.0,1,4.36,0.93,SPY190329P00244000,244.0,0,0.0,0.0,,0.0,normalDay
2019-02-11,0.0,353.0,0.0,0,270.62,0.0,1,4.36,0.83,SPY190329P00244000,244.0,0,0.0,0.0,,0.0,normalDay
2019-02-12,0.0,376.0,0.0,0,274.1,0.0,1,4.36,0.6,SPY190329P00244000,244.0,0,0.0,0.0,,0.0,normalDay
2019-02-13,0.0,378.0,0.0,0,274.99,0.0,1,4.36,0.58,SPY190329P00244000,244.0,0,0.0,0.0,,0.0,normalDay
2019-02-14,0.0,373.0,0.0,0,274.38,0.0,1,4.36,0.63,SPY190329P00244000,244.0,0,0.0,0.0,,0.0,normalDay
2019-02-15,0.0,391.0,0.0,0,277.37,0.0,1,4.36,0.45,SPY190329P00244000,244.0,0,0.0,0.0,,0.0,normalDay
2019-02-19,0.0,400.0,0.0,0,277.85,0.0,1,4.36,0.36,SPY190329P00244000,244.0,0,0.0,0.0,,0.0,normalDay
2019-02-20,0.0,407.0,0.0,0,278.41,0.0,1,4.36,0.29,SPY190329P00244000,244.0,0,0.0,0.0,,0.0,normalDay
2019-02-21,0.0,406.0,0.0,0,277.42,0.0,1,4.36,0.3,SPY190329P00244000,244.0,0,0.0,0.0,,0.0,normalDay
2019-02-22,0.0,413.0,0.0,0,279.14,0.0,1,4.36,0.23,SPY190329P00244000,244.0,0,0.0,0.0,,0.0,normalDay
2019-02-25,0.0,408.0,0.0,0,279.52,0.0,1,4.36,0.28,SPY190329P00244000,244.0,0,0.0,0.0,,0.0,normalDay
2019-02-26,0.0,408.0,0.0,0,279.32,0.0,1,4.36,0.28,SPY190329P00244000,244.0,0,0.0,0.0,,0.0,normalDay
2019-02-27,0.0,410.0,0.0,0,279.2,0.0,1,4.36,0.26,SPY190329P00244000,244.0,0,0.0,0.0,,0.0,normalDay
2019-02-28,0.0,408.0,0.0,0,278.68,0.0,1,4.36,0.28,SPY190329P00244000,244.0,0,0.0,0.0,,0.0,normalDay
2019-03-01,0.0,417.0,0.0,0,280.42,0.0,1,4.36,0.19,SPY190329P00244000,244.0,0,0.0,0.0,,0.0,normalDay
2019-03-04,0.0,416.0,0.0,0,279.4,0.0,1,4.36,0.2,SPY190329P00244000,244.0,0,0.0,0.0,,0.0,normalDay
2019-03-05,0.0,416.0,0.0,0,279.02,0.0,1,4.36,0.2,SPY190329P00244000,244.0,0,0.0,0.0,,0.0,normalDay
2019-03-06,0.0,413.0,0.0,0,277.33,0.0,1,4.36,0.23,SPY190329P00244000,244.0,0,0.0,0.0,,0.0,normalDay
2019-03-07,0.0,411.0,0.0,0,275.01,0.0,1,4.36,0.25,SPY190329P00244000,244.0,0,0.0,0.0,,0.0,normalDay
2019-03-08,0.0,417.0,0.0,0,274.46,0.0,1,4.36,0.19,SPY190329P00244000,244.0,0,0.0,0.0,,0.0,normalDay
2019-03-11,0.0,428.0,0.0,0,278.44,0.0,1,4.36,0.08,SPY190329P00244000,244.0,0,0.0,0.0,,0.0,normalDay
2019-03-12,0.0,430.0,0.0,0,279.49,0.0,1,4.36,0.06,SPY190329P00244000,244.0,0,0.0,0.0,,0.0,normalDay
2019-03-13,0.0,431.0,0.0,0,281.34,0.0,1,4.36,0.05,SPY190329P00244000,244.0,0,0.0,0.0,,0.0,normalDay
2019-03-14,0.0,431.0,0.0,0,281.16,0.0,1,4.36,0.05,SPY190329P00244000,244.0,0,0.0,0.0,,0.0,normalDay
2019-03-15,0.0,433.0,0.0,0,281.31,0.0,1,4.36,0.03,SPY190329P00244000,244.0,0,0.0,0.0,,0.0,normalDay
2019-03-18,0.0,434.0,0.0,0,282.33,0.0,1,4.36,0.02,SPY190329P00244000,244.0,0,0.0,0.0,,0.0,normalDay
2019-03-19,0.0,433.0,0.0,0,282.4,0.0,1,4.36,0.03,SPY190329P00244000,244.0,0,0.0,0.0,,0.0,normalDay
2019-03-20,0.0,434.0,0.0,0,281.55,0.0,1,4.36,0.02,SPY190329P00244000,244.0,0,0.0,0.0,,0.0,normalDay
2019-03-21,0.0,434.0,0.0,0,284.73,0.0,1,4.36,0.02,SPY190329P00244000,244.0,0,0.0,0.0,,0.0,normalDay
2019-03-22,0.0,433.0,0.0,0,279.25,0.0,1,4.36,0.03,SPY190329P00244000,244.0,0,0.0,0.0,,0.0,normalDay
2019-03-25,0.0,435.0,0.0,0,279.04,0.0,1,4.36,0.01,SPY190329P00244000,244.0,0,0.0,0.0,,0.0,normalDay
2019-03-26,0.0,435.0,0.0,0,281.12,0.0,1,4.36,0.01,SPY190329P00244000,244.0,0,0.0,0.0,,0.0,normalDay
2019-03-27,0.0,435.0,0.0,0,279.65,0.0,1,4.36,0.01,SPY190329P00244000,244.0,0,0.0,0.0,,0.0,normalDay
2019-03-28,0.0,435.0,0.0,0,280.71,0.0,1,4.36,0.01,SPY190329P00244000,244.0,0,0.0,0.0,,0.0,normalDay
2019-03-29,436.0,0.0,436.0,0,282.48,0.0,1,4.36,0.0,SPY190329P00244000,244.0,0,0.0,0.0,,0.0,expirationDay
2019-04-01,436.0,-5.0,0.0,0,285.83,0.0,1,5.87,5.92,SPY190930P00268000,268.0,0,0.0,0.0,,0.0,normalDay
2019-04-02,436.0,1.0,0.0,0,285.97,0.0,1,5.87,5.86,SPY190930P00268000,268.0,0,0.0,0.0,,0.0,normalDay
2019-04-03,436.0,19.0,0.0,0,286.42,0.0,1,5.87,5.68,SPY190930P00268000,268.0,0,0.0,0.0,,0.0,normalDay
2019-04-04,436.0,35.0,0.0,0,287.18,0.0,1,5.87,5.52,SPY190930P00268000,268.0,0,0.0,0.0,,0.0,normalDay
2019-04-05,436.0,78.0,0.0,0,288.57,0.0,1,5.87,5.09,SPY190930P00268000,268.0,0,0.0,0.0,,0.0,normalDay
2019-04-08,436.0,85.0,0.0,0,288.79,0.0,1,5.87,5.02,SPY190930P00268000,268.0,0,0.0,0.0,,0.0,normalDay
2019-04-09,436.0,30.0,0.0,0,287.31,0.0,1,5.87,5.57,SPY190930P00268000,268.0,0,0.0,0.0,,0.0,normalDay
2019-04-10,436.0,76.0,0.0,0,288.29,0.0,1,5.87,5.11,SPY190930P00268000,268.0,0,0.0,0.0,,0.0,normalDay
2019-04-11,436.0,76.0,0.0,0,288.21,0.0,1,5.87,5.11,SPY190930P00268000,268.0,0,0.0,0.0,,0.0,normalDay
2019-04-12,436.0,136.0,0.0,0,290.16,0.0,1,5.87,4.51,SPY190930P00268000,268.0,0,0.0,0.0,,0.0,normalDay
2019-04-15,436.0,139.0,0.0,0,289.97,0.0,1,5.87,4.48,SPY190930P00268000,268.0,0,0.0,0.0,,0.0,normalDay
2019-04-16,436.0,144.0,0.0,0,290.16,0.0,1,5.87,4.43,SPY190930P00268000,268.0,0,0.0,0.0,,0.0,normalDay
2019-04-17,436.0,126.0,0.0,0,289.45,0.0,1,5.87,4.61,SPY190930P00268000,268.0,0,0.0,0.0,,0.0,normalDay
2019-04-18,436.0,143.0,0.0,0,290.02,0.0,1,5.87,4.44,SPY190930P00268000,268.0,0,0.0,0.0,,0.0,normalDay
2019-04-22,436.0,155.0,0.0,0,290.27,0.0,1,5.87,4.32,SPY190930P00268000,268.0,0,0.0,0.0,,0.0,normalDay
2019-04-23,436.0,200.0,0.0,0,292.88,0.0,1,5.87,3.87,SPY190930P00268000,268.0,0,0.0,0.0,,0.0,normalDay
2019-04-24,436.0,182.0,0.0,0,292.23,0.0,1,5.87,4.05,SPY190930P00268000,268.0,0,0.0,0.0,,0.0,normalDay
2019-04-25,436.0,172.0,0.0,0,292.05,0.0,1,5.87,4.15,SPY190930P00268000,268.0,0,0.0,0.0,,0.0,normalDay
2019-04-26,436.0,201.0,0.0,0,293.41,0.0,1,5.87,3.86,SPY190930P00268000,268.0,0,0.0,0.0,,0.0,normalDay
2019-04-29,436.0,206.0,0.0,0,293.87,0.0,1,5.87,3.81,SPY190930P00268000,268.0,0,0.0,0.0,,0.0,normalDay
2019-04-30,436.0,212.0,0.0,0,294.02,0.0,1,5.87,3.75,SPY190930P00268000,268.0,0,0.0,0.0,,0.0,normalDay
2019-05-01,436.0,154.0,0.0,0,291.81,0.0,1,5.87,4.33,SPY190930P00268000,268.0,0,0.0,0.0,,0.0,normalDay
2019-05-02,436.0,147.0,0.0,0,291.18,0.0,1,5.87,4.4,SPY190930P00268000,268.0,0,0.0,0.0,,0.0,normalDay
2019-05-03,436.0,217.0,0.0,0,294.03,0.0,1,5.87,3.7,SPY190930P00268000,268.0,0,0.0,0.0,,0.0,normalDay
2019-05-06,436.0,172.0,0.0,0,292.82,0.0,1,5.87,4.15,SPY190930P00268000,268.0,0,0.0,0.0,,0.0,normalDay
2019-05-07,436.0,6.0,0.0,0,287.93,0.0,1,5.87,5.81,SPY190930P00268000,268.0,0,0.0,0.0,,0.0,normalDay
2019-05-08,436.0,18.0,0.0,0,287.53,0.0,1,5.87,5.69,SPY190930P00268000,268.0,0,0.0,0.0,,0.0,normalDay
2019-05-09,436.0,18.0,0.0,0,286.66,0.0,1,5.87,5.69,SPY190930P00268000,268.0,0,0.0,0.0,,0.0,normalDay
2019-05-10,436.0,87.0,0.0,0,288.1,0.0,1,5.87,5.0,SPY190930P00268000,268.0,0,0.0,0.0,,0.0,normalDay
2019-05-13,436.0,-153.0,0.0,0,280.86,0.0,1,5.87,7.4,SPY190930P00268000,268.0,0,0.0,0.0,,0.0,normalDay
2019-05-14,436.0,-36.0,0.0,0,283.4,0.0,1,5.87,6.23,SPY190930P00268000,268.0,0,0.0,0.0,,0.0,normalDay
2019-05-15,436.0,37.0,0.0,0,285.06,0.0,1,5.87,5.5,SPY190930P00268000,268.0,0,0.0,0.0,,0.0,normalDay
2019-05-16,436.0,118.0,0.0,0,287.7,0.0,1,5.87,4.69,SPY190930P00268000,268.0,0,0.0,0.0,,0.0,normalDay
2019-05-17,436.0,71.0,0.0,0,285.84,0.0,1,5.87,5.16,SPY190930P00268000,268.0,0,0.0,0.0,,0.0,normalDay
2019-05-20,436.0,38.0,0.0,0,283.95,0.0,1,5.87,5.49,SPY190930P00268000,268.0,0,0.0,0.0,,0.0,normalDay
2019-05-21,436.0,119.0,0.0,0,286.51,0.0,1,5.87,4.68,SPY190930P00268000,268.0,0,0.0,0.0,,0.0,normalDay
2019-05-22,436.0,107.0,0.0,0,285.63,0.0,1,5.87,4.8,SPY190930P00268000,268.0,0,0.0,0.0,,0.0,normalDay
2019-05-23,436.0,-19.0,0.0,0,282.14,0.0,1,5.87,6.06,SPY190930P00268000,268.0,0,0.0,0.0,,0.0,normalDay
2019-05-24,436.0,20.0,0.0,0,282.78,0.0,1,5.87,5.67,SPY190930P00268000,268.0,0,0.0,0.0,,0.0,normalDay
2019-05-28,436.0,-51.0,0.0,0,280.15,0.0,1,5.87,6.38,SPY190930P00268000,268.0,0,0.0,0.0,,0.0,normalDay
2019-05-29,436.0,-116.0,0.0,0,278.27,0.0,1,5.87,7.03,SPY190930P00268000,268.0,0,0.0,0.0,,0.0,normalDay
2019-05-30,436.0,-86.0,0.0,0,279.03,0.0,1,5.87,6.73,SPY190930P00268000,268.0,0,0.0,0.0,,0.0,normalDay
2019-05-31,436.0,-231.0,0.0,0,275.27,0.0,1,5.87,8.18,SPY190930P00268000,268.0,0,0.0,0.0,,0.0,normalDay
2019-06-03,436.0,-229.0,0.0,0,274.57,0.0,1,5.87,8.16,SPY190930P00268000,268.0,0,0.0,0.0,,0.0,normalDay
2019-06-04,436.0,-17.0,0.0,0,280.53,0.0,1,5.87,6.04,SPY190930P00268000,268.0,0,0.0,0.0,,0.0,normalDay
2019-06-05,436.0,59.0,0.0,0,282.96,0.0,1,5.87,5.28,SPY190930P00268000,268.0,0,0.0,0.0,,0.0,normalDay
2019-06-06,436.0,106.0,0.0,0,284.8,0.0,1,5.87,4.81,SPY190930P00268000,268.0,0,0.0,0.0,,0.0,normalDay
2019-06-07,436.0,150.0,0.0,0,287.65,0.0,1,5.87,4.37,SPY190930P00268000,268.0,0,0.0,0.0,,0.0,normalDay
2019-06-10,436.0,191.0,0.0,0,288.97,0.0,1,5.87,3.96,SPY190930P00268000,268.0,0,0.0,0.0,,0.0,normalDay
2019-06-11,436.0,182.0,0.0,0,288.9,0.0,1,5.87,4.05,SPY190930P00268000,268.0,0,0.0,0.0,,0.0,normalDay
2019-06-12,436.0,180.0,0.0,0,288.39,0.0,1,5.87,4.07,SPY190930P00268000,268.0,0,0.0,0.0,,0.0,normalDay
2019-06-13,436.0,209.0,0.0,0,289.58,0.0,1,5.87,3.78,SPY190930P00268000,268.0,0,0.0,0.0,,0.0,normalDay
2019-06-14,436.0,218.0,0.0,0,289.26,0.0,1,5.87,3.69,SPY190930P00268000,268.0,0,0.0,0.0,,0.0,normalDay
2019-06-17,436.0,226.0,0.0,0,289.37,0.0,1,5.87,3.61,SPY190930P00268000,268.0,0,0.0,0.0,,0.0,normalDay
2019-06-18,436.0,271.0,0.0,0,292.4,0.0,1,5.87,3.16,SPY190930P00268000,268.0,0,0.0,0.0,,0.0,normalDay
2019-06-19,436.0,301.0,0.0,0,293.06,0.0,1,5.87,2.86,SPY190930P00268000,268.0,0,0.0,0.0,,0.0,normalDay
2019-06-20,436.0,331.0,0.0,0,295.86,0.0,1,5.87,2.56,SPY190930P00268000,268.0,0,0.0,0.0,,0.0,normalDay
2019-06-21,436.0,317.0,0.0,0,294.0,0.0,1,5.87,2.7,SPY190930P00268000,268.0,0,0.0,0.0,,0.0,normalDay
2019-06-24,436.0,324.0,0.0,0,293.64,0.0,1,5.87,2.63,SPY190930P00268000,268.0,0,0.0,0.0,,0.0,normalDay
2019-06-25,436.0,274.0,0.0,0,290.76,0.0,1,5.87,3.13,SPY190930P00268000,268.0,0,0.0,0.0,,0.0,normalDay
2019-06-26,436.0,271.0,0.0,0,290.47,0.0,1,5.87,3.16,SPY190930P00268000,268.0,0,0.0,0.0,,0.0,normalDay
2019-06-27,436.0,302.0,0.0,0,291.5,0.0,1,5.87,2.85,SPY190930P00268000,268.0,0,0.0,0.0,,0.0,normalDay
2019-06-28,436.0,342.0,0.0,0,293.0,0.0,1,5.87,2.45,SPY190930P00268000,268.0,0,0.0,0.0,,0.0,normalDay
2019-07-01,436.0,392.0,0.0,0,295.66,0.0,1,5.87,1.95,SPY190930P00268000,268.0,0,0.0,0.0,,0.0,normalDay
2019-07-02,436.0,416.0,0.0,0,296.43,0.0,1,5.87,1.71,SPY190930P00268000,268.0,0,0.0,0.0,,0.0,normalDay
2019-07-03,436.0,441.0,0.0,0,298.8,0.0,1,5.87,1.46,SPY190930P00268000,268.0,0,0.0,0.0,,0.0,normalDay
2019-07-05,436.0,433.0,0.0,0,298.46,0.0,1,5.87,1.54,SPY190930P00268000,268.0,0,0.0,0.0,,0.0,normalDay
2019-07-08,436.0,422.0,0.0,0,296.82,0.0,1,5.87,1.65,SPY190930P00268000,268.0,0,0.0,0.0,,0.0,normalDay
2019-07-09,436.0,420.0,0.0,0,297.19,0.0,1,5.87,1.67,SPY190930P00268000,268.0,0,0.0,0.0,,0.0,normalDay
2019-07-10,436.0,443.0,0.0,0,298.61,0.0,1,5.87,1.44,SPY190930P00268000,268.0,0,0.0,0.0,,0.0,normalDay
2019-07-11,436.0,452.0,0.0,0,299.31,0.0,1,5.87,1.35,SPY190930P00268000,268.0,0,0.0,0.0,,0.0,normalDay
2019-07-12,436.0,466.0,0.0,0,300.65,0.0,1,5.87,1.21,SPY190930P00268000,268.0,0,0.0,0.0,,0.0,normalDay
2019-07-15,436.0,467.0,0.0,0,300.75,0.0,1,5.87,1.2,SPY190930P00268000,268.0,0,0.0,0.0,,0.0,normalDay
2019-07-16,436.0,461.0,0.0,0,299.78,0.0,1,5.87,1.26,SPY190930P00268000,268.0,0,0.0,0.0,,0.0,normalDay
2019-07-17,436.0,439.0,0.0,0,297.74,0.0,1,5.87,1.48,SPY190930P00268000,268.0,0,0.0,0.0,,0.0,normalDay
2019-07-18,436.0,455.0,0.0,0,298.83,0.0,1,5.87,1.32,SPY190930P00268000,268.0,0,0.0,0.0,,0.0,normalDay
2019-07-19,436.0,442.0,0.0,0,297.17,0.0,1,5.87,1.45,SPY190930P00268000,268.0,0,0.0,0.0,,0.0,normalDay
2019-07-22,436.0,463.0,0.0,0,297.9,0.0,1,5.87,1.24,SPY190930P00268000,268.0,0,0.0,0.0,,0.0,normalDay
2019-07-23,436.0,487.0,0.0,0,300.03,0.0,1,5.87,1.0,SPY190930P00268000,268.0,0,0.0,0.0,,0.0,normalDay
2019-07-24,436.0,502.0,0.0,0,301.44,0.0,1,5.87,0.85,SPY190930P00268000,268.0,0,0.0,0.0,,0.0,normalDay
2019-07-25,436.0,489.0,0.0,0,300.0,0.0,1,5.87,0.98,SPY190930P00268000,268.0,0,0.0,0.0,,0.0,normalDay
2019-07-26,436.0,505.0,0.0,0,302.01,0.0,1,5.87,0.82,SPY190930P00268000,268.0,0,0.0,0.0,,0.0,normalDay
2019-07-29,436.0,504.0,0.0,0,301.46,0.0,1,5.87,0.83,SPY190930P00268000,268.0,0,0.0,0.0,,0.0,normalDay
2019-07-30,436.0,490.0,0.0,0,300.72,0.0,1,5.87,0.97,SPY190930P00268000,268.0,0,0.0,0.0,,0.0,normalDay
2019-07-31,436.0,452.0,0.0,0,297.43,0.0,1,5.87,1.35,SPY190930P00268000,268.0,0,0.0,0.0,,0.0,normalDay
2019-08-01,436.0,407.0,0.0,0,294.84,0.0,1,5.87,1.8,SPY190930P00268000,268.0,0,0.0,0.0,,0.0,normalDay
2019-08-02,436.0,382.0,0.0,0,292.62,0.0,1,5.87,2.05,SPY190930P00268000,268.0,0,0.0,0.0,,0.0,normalDay
2019-08-05,436.0,121.0,0.0,0,283.82,0.0,1,5.87,4.66,SPY190930P00268000,268.0,0,0.0,0.0,,0.0,normalDay
2019-08-06,436.0,288.0,0.0,0,287.8,0.0,1,5.87,2.99,SPY190930P00268000,268.0,0,0.0,0.0,,0.0,normalDay
2019-08-07,436.0,298.0,0.0,0,287.97,0.0,1,5.87,2.89,SPY190930P00268000,268.0,0,0.0,0.0,,0.0,normalDay
2019-08-08,436.0,413.0,0.0,0,293.62,0.0,1,5.87,1.74,SPY190930P00268000,268.0,0,0.0,0.0,,0.0,normalDay
2019-08-09,436.0,383.0,0.0,0,291.62,0.0,1,5.87,2.04,SPY190930P00268000,268.0,0,0.0,0.0,,0.0,normalDay
2019-08-12,436.0,289.0,0.0,0,288.07,0.0,1,5.87,2.98,SPY190930P00268000,268.0,0,0.0,0.0,,0.0,normalDay
2019-08-13,436.0,408.0,0.0,0,292.55,0.0,1,5.87,1.79,SPY190930P00268000,268.0,0,0.0,0.0,,0.0,normalDay
2019-08-14,436.0,216.0,0.0,0,283.9,0.0,1,5.87,3.71,SPY190930P00268000,268.0,0,0.0,0.0,,0.0,normalDay
2019-08-15,436.0,255.0,0.0,0,284.65,0.0,1,5.87,3.32,SPY190930P00268000,268.0,0,0.0,0.0,,0.0,normalDay
2019-08-16,436.0,375.0,0.0,0,288.85,0.0,1,5.87,2.12,SPY190930P00268000,268.0,0,0.0,0.0,,0.0,normalDay
2019-08-19,436.0,456.0,0.0,0,292.33,0.0,1,5.87,1.31,SPY190930P00268000,268.0,0,0.0,0.0,,0.0,normalDay
2019-08-20,436.0,429.0,0.0,0,290.09,0.0,1,5.87,1.58,SPY190930P00268000,268.0,0,0.0,0.0,,0.0,normalDay
2019-08-21,436.0,486.0,0.0,0,292.45,0.0,1,5.87,1.01,SPY190930P00268000,268.0,0,0.0,0.0,,0.0,normalDay
2019-08-22,436.0,472.0,0.0,0,292.36,0.0,1,5.87,1.15,SPY190930P00268000,268.0,0,0.0,0.0,,0.0,normalDay
2019-08-23,436.0,356.0,0.0,0,284.85,0.0,1,5.87,2.31,SPY190930P00268000,268.0,0,0.0,0.0,,0.0,normalDay
2019-08-26,436.0,415.0,0.0,0,288.0,0.0,1,5.87,1.72,SPY190930P00268000,268.0,0,0.0,0.0,,0.0,normalDay
2019-08-27,436.0,386.0,0.0,0,286.87,0.0,1,5.87,2.01,SPY190930P00268000,268.0,0,0.0,0.0,,0.0,normalDay
2019-08-28,436.0,433.0,0.0,0,288.89,0.0,1,5.87,1.54,SPY190930P00268000,268.0,0,0.0,0.0,,0.0,normalDay
2019-08-29,436.0,481.0,0.0,0,292.58,0.0,1,5.87,1.06,SPY190930P00268000,268.0,0,0.0,0.0,,0.0,normalDay
2019-08-30,436.0,472.0,0.0,0,292.45,0.0,1,5.87,1.15,SPY190930P00268000,268.0,0,0.0,0.0,,0.0,normalDay
2019-09-03,436.0,470.0,0.0,0,290.74,0.0,1,5.87,1.17,SPY190930P00268000,268.0,0,0.0,0.0,,0.0,normalDay
2019-09-04,436.0,526.0,0.0,0,294.04,0.0,1,5.87,0.61,SPY190930P00268000,268.0,0,0.0,0.0,,0.0,normalDay
2019-09-05,436.0,546.0,0.0,0,297.82,0.0,1,5.87,0.41,SPY190930P00268000,268.0,0,0.0,0.0,,0.0,normalDay
2019-09-06,436.0,560.0,0.0,0,298.05,0.0,1,5.87,0.27,SPY190930P00268000,268.0,0,0.0,0.0,,0.0,normalDay
2019-09-09,436.0,563.0,0.0,0,298.2,0.0,1,5.87,0.24,SPY190930P00268000,268.0,0,0.0,0.0,,0.0,normalDay
2019-09-10,436.0,565.0,0.0,0,298.13,0.0,1,5.87,0.22,SPY190930P00268000,268.0,0,0.0,0.0,,0.0,normalDay
2019-09-11,436.0,571.0,0.0,0,300.25,0.0,1,5.87,0.16,SPY190930P00268000,268.0,0,0.0,0.0,,0.0,normalDay
2019-09-12,436.0,574.0,0.0,0,301.29,0.0,1,5.87,0.13,SPY190930P00268000,268.0,0,0.0,0.0,,0.0,normalDay
2019-09-13,436.0,576.0,0.0,0,301.09,0.0,1,5.87,0.11,SPY190930P00268000,268.0,0,0.0,0.0,,0.0,normalDay
2019-09-16,436.0,576.0,0.0,0,300.16,0.0,1,5.87,0.11,SPY190930P00268000,268.0,0,0.0,0.0,,0.0,normalDay
2019-09-17,436.0,577.0,0.0,0,300.92,0.0,1,5.87,0.1,SPY190930P00268000,268.0,0,0.0,0.0,,0.0,normalDay
2019-09-18,436.0,579.0,0.0,0,301.1,0.0,1,5.87,0.08,SPY190930P00268000,268.0,0,0.0,0.0,,0.0,normalDay
2019-09-19,436.0,580.0,0.0,0,301.08,0.0,1,5.87,0.07,SPY190930P00268000,268.0,0,0.0,0.0,,0.0,normalDay
2019-09-20,436.0,581.0,0.0,0,298.28,0.0,1,5.87,0.06,SPY190930P00268000,268.0,0,0.0,0.0,,0.0,normalDay
2019-09-23,436.0,584.0,0.0,0,298.21,0.0,1,5.87,0.03,SPY190930P00268000,268.0,0,0.0,0.0,,0.0,normalDay
2019-09-24,436.0,581.0,0.0,0,295.87,0.0,1,5.87,0.06,SPY190930P00268000,268.0,0,0.0,0.0,,0.0,normalDay
2019-09-25,436.0,584.0,0.0,0,297.62,0.0,1,5.87,0.03,SPY190930P00268000,268.0,0,0.0,0.0,,0.0,normalDay
2019-09-26,436.0,586.0,0.0,0,297.0,0.0,1,5.87,0.01,SPY190930P00268000,268.0,0,0.0,0.0,,0.0,normalDay
2019-09-27,436.0,585.0,0.0,0,295.4,0.0,1,5.87,0.02,SPY190930P00268000,268.0,0,0.0,0.0,,0.0,normalDay
2019-09-30,1023.0,0.0,587.0,0,296.77,0.0,1,5.87,0.0,SPY190930P00268000,268.0,0,0.0,0.0,,0.0,expirationDay
2019-10-01,1023.0,-10.0,0.0,0,293.24,0.0,1,12.27,12.37,SPY200331P00288000,288.0,0,0.0,0.0,,0.0,normalDay
2019-10-02,1023.0,-285.0,0.0,0,288.06,0.0,1,12.27,15.12,SPY200331P00288000,288.0,0,0.0,0.0,,0.0,normalDay
2019-10-03,1023.0,-142.0,0.0,0,290.42,0.0,1,12.27,13.69,SPY200331P00288000,288.0,0,0.0,0.0,,0.0,normalDay
2019-10-04,1023.0,62.0,0.0,0,294.35,0.0,1,12.27,11.65,SPY200331P00288000,288.0,0,0.0,0.0,,0.0,normalDay
2019-10-07,1023.0,21.0,0.0,0,293.08,0.0,1,12.27,12.06,SPY200331P00288000,288.0,0,0.0,0.0,,0.0,normalDay
2019-10-08,1023.0,-204.0,0.0,0,288.53,0.0,1,12.27,14.31,SPY200331P00288000,288.0,0,0.0,0.0,,0.0,normalDay
2019-10-09,1023.0,-70.0,0.0,0,291.27,0.0,1,12.27,12.97,SPY200331P00288000,288.0,0,0.0,0.0,,0.0,normalDay
2019-10-10,1023.0,45.0,0.0,0,293.24,0.0,1,12.27,11.82,SPY200331P00288000,288.0,0,0.0,0.0,,0.0,normalDay
2019-10-11,1023.0,201.0,0.0,0,296.28,0.0,1,12.27,10.26,SPY200331P00288000,288.0,0,0.0,0.0,,0.0,normalDay
2019-10-14,1023.0,219.0,0.0,0,295.95,0.0,1,12.27,10.08,SPY200331P00288000,288.0,0,0.0,0.0,,0.0,normalDay
2019-10-15,1023.0,340.0,0.0,0,298.88,0.0,1,12.27,8.87,SPY200331P00288000,288.0,0,0.0,0.0,,0.0,normalDay
2019-10-16,1023.0,336.0,0.0,0,298.4,0.0,1,12.27,8.91,SPY200331P00288000,288.0,0,0.0,0.0,,0.0,normalDay
2019-10-17,1023.0,358.0,0.0,0,299.28,0.0,1,12.27,8.69,SPY200331P00288000,288.0,0,0.0,0.0,,0.0,normalDay
2019-10-18,1023.0,322.0,0.0,0,297.97,0.0,1,12.27,9.05,SPY200331P00288000,288.0,0,0.0,0.0,,0.0,normalDay
2019-10-21,1023.0,407.0,0.0,0,299.99,0.0,1,12.27,8.2,SPY200331P00288000,288.0,0,0.0,0.0,,0.0,normalDay
2019-10-22,1023.0,371.0,0.0,0,299.01,0.0,1,12.27,8.56,SPY200331P00288000,288.0,0,0.0,0.0,,0.0,normalDay
2019-10-23,1023.0,413.0,0.0,0,299.88,0.0,1,12.27,8.14,SPY200331P00288000,288.0,0,0.0,0.0,,0.0,normalDay
2019-10-24,1023.0,426.0,0.0,0,300.37,0.0,1,12.27,8.01,SPY200331P00288000,288.0,0,0.0,0.0,,0.0,normalDay
2019-10-25,1023.0,484.0,0.0,0,301.6,0.0,1,12.27,7.43,SPY200331P00288000,288.0,0,0.0,0.0,,0.0,normalDay
2019-10-28,1023.0,527.0,0.0,0,303.3,0.0,1,12.27,7.0,SPY200331P00288000,288.0,0,0.0,0.0,,0.0,normalDay
2019-10-29,1023.0,515.0,0.0,0,303.21,0.0,1,12.27,7.12,SPY200331P00288000,288.0,0,0.0,0.0,,0.0,normalDay
2019-10-30,1023.0,560.0,0.0,0,304.14,0.0,1,12.27,6.67,SPY200331P00288000,288.0,0,0.0,0.0,,0.0,normalDay
2019-10-31,1023.0,520.0,0.0,0,303.33,0.0,1,12.27,7.07,SPY200331P00288000,288.0,0,0.0,0.0,,0.0,normalDay
2019-11-01,1023.0,602.0,0.0,0,306.14,0.0,1,12.27,6.25,SPY200331P00288000,288.0,0,0.0,0.0,,0.0,normalDay
2019-11-04,1023.0,633.0,0.0,0,307.37,0.0,1,12.27,5.94,SPY200331P00288000,288.0,0,0.0,0.0,,0.0,normalDay
2019-11-05,1023.0,616.0,0.0,0,307.03,0.0,1,12.27,6.11,SPY200331P00288000,288.0,0,0.0,0.0,,0.0,normalDay
2019-11-06,1023.0,621.0,0.0,0,307.1,0.0,1,12.27,6.06,SPY200331P00288000,288.0,0,0.0,0.0,,0.0,normalDay
2019-11-07,1023.0,640.0,0.0,0,308.18,0.0,1,12.27,5.87,SPY200331P00288000,288.0,0,0.0,0.0,,0.0,normalDay
2019-11-08,1023.0,672.0,0.0,0,308.94,0.0,1,12.27,5.55,SPY200331P00288000,288.0,0,0.0,0.0,,0.0,normalDay
2019-11-11,1023.0,668.0,0.0,0,308.35,0.0,1,12.27,5.59,SPY200331P00288000,288.0,0,0.0,0.0,,0.0,normalDay
2019-11-12,1023.0,676.0,0.0,0,309.0,0.0,1,12.27,5.51,SPY200331P00288000,288.0,0,0.0,0.0,,0.0,normalDay
2019-11-13,1023.0,679.0,0.0,0,309.1,0.0,1,12.27,5.48,SPY200331P00288000,288.0,0,0.0,0.0,,0.0,normalDay
2019-11-14,1023.0,692.0,0.0,0,309.55,0.0,1,12.27,5.35,SPY200331P00288000,288.0,0,0.0,0.0,,0.0,normalDay
2019-11-15,1023.0,753.0,0.0,0,311.79,0.0,1,12.27,4.74,SPY200331P00288000,288.0,0,0.0,0.0,,0.0,normalDay
2019-11-18,1023.0,764.0,0.0,0,312.02,0.0,1,12.27,4.63,SPY200331P00288000,288.0,0,0.0,0.0,,0.0,normalDay
2019-11-19,1023.0,752.0,0.0,0,311.93,0.0,1,12.27,4.75,SPY200331P00288000,288.0,0,0.0,0.0,,0.0,normalDay
2019-11-20,1023.0,721.0,0.0,0,310.77,0.0,1,12.27,5.06,SPY200331P00288000,288.0,0,0.0,0.0,,0.0,normalDay
2019-11-21,1023.0,711.0,0.0,0,310.27,0.0,1,12.27,5.16,SPY200331P00288000,288.0,0,0.0,0.0,,0.0,normalDay
2019-11-22,1023.0,742.0,0.0,0,310.96,0.0,1,12.27,4.85,SPY200331P00288000,288.0,0,0.0,0.0,,0.0,normalDay
2019-11-25,1023.0,807.0,0.0,0,313.37,0.0,1,12.27,4.2,SPY200331P00288000,288.0,0,0.0,0.0,,0.0,normalDay
2019-11-26,1023.0,833.0,0.0,0,314.08,0.0,1,12.27,3.94,SPY200331P00288000,288.0,0,0.0,0.0,,0.0,normalDay
2019-11-27,1023.0,852.0,0.0,0,315.48,0.0,1,12.27,3.75,SPY200331P00288000,288.0,0,0.0,0.0,,0.0,normalDay
2019-11-29,1023.0,820.0,0.0,0,314.31,0.0,1,12.27,4.07,SPY200331P00288000,288.0,0,0.0,0.0,,0.0,normalDay
2019-12-02,1023.0,744.0,0.0,0,311.64,0.0,1,12.27,4.83,SPY200331P00288000,288.0,0,0.0,0.0,,0.0,normalDay
2019-12-03,1023.0,676.0,0.0,0,309.55,0.0,1,12.27,5.51,SPY200331P00288000,288.0,0,0.0,0.0,,0.0,normalDay
2019-12-04,1023.0,732.0,0.0,0,311.46,0.0,1,12.27,4.95,SPY200331P00288000,288.0,0,0.0,0.0,,0.0,normalDay
2019-12-05,1023.0,764.0,0.0,0,312.02,0.0,1,12.27,4.63,SPY200331P00288000,288.0,0,0.0,0.0,,0.0,normalDay
2019-12-06,1023.0,831.0,0.0,0,314.87,0.0,1,12.27,3.96,SPY200331P00288000,288.0,0,0.0,0.0,,0.0,normalDay
2019-12-09,1023.0,791.0,0.0,0,313.88,0.0,1,12.27,4.36,SPY200331P00288000,288.0,0,0.0,0.0,,0.0,normalDay
2019-12-10,1023.0,802.0,0.0,0,313.53,0.0,1,12.27,4.25,SPY200331P00288000,288.0,0,0.0,0.0,,0.0,normalDay
2019-12-11,1023.0,830.0,0.0,0,314.42,0.0,1,12.27,3.97,SPY200331P00288000,288.0,0,0.0,0.0,,0.0,normalDay
2019-12-12,1023.0,892.0,0.0,0,317.13,0.0,1,12.27,3.35,SPY200331P00288000,288.0,0,0.0,0.0,,0.0,normalDay
2019-12-13,1023.0,929.0,0.0,0,317.32,0.0,1,12.27,2.98,SPY200331P00288000,288.0,0,0.0,0.0,,0.0,normalDay
2019-12-16,1023.0,975.0,0.0,0,319.5,0.0,1,12.27,2.52,SPY200331P00288000,288.0,0,0.0,0.0,,0.0,normalDay
2019-12-17,1023.0,973.0,0.0,0,319.57,0.0,1,12.27,2.54,SPY200331P00288000,288.0,0,0.0,0.0,,0.0,normalDay
2019-12-18,1023.0,975.0,0.0,0,319.59,0.0,1,12.27,2.52,SPY200331P00288000,288.0,0,0.0,0.0,,0.0,normalDay
2019-12-19,1023.0,993.0,0.0,0,320.9,0.0,1,12.27,2.34,SPY200331P00288000,288.0,0,0.0,0.0,,0.0,normalDay
2019-12-20,1023.0,1000.0,0.0,0,320.73,0.0,1,12.27,2.27,SPY200331P00288000,288.0,0,0.0,0.0,,0.0,normalDay
2019-12-23,1023.0,1002.0,0.0,0,321.22,0.0,1,12.27,2.25,SPY200331P00288000,288.0,0,0.0,0.0,,0.0,normalDay
2019-12-24,1023.0,1009.0,0.0,0,321.23,0.0,1,12.27,2.18,SPY200331P00288000,288.0,0,0.0,0.0,,0.0,normalDay
2019-12-26,1023.0,1030.0,0.0,0,322.94,0.0,1,12.27,1.97,SPY200331P00288000,288.0,0,0.0,0.0,,0.0,normalDay
2019-12-27,1023.0,1021.0,0.0,0,322.86,0.0,1,12.27,2.06,SPY200331P00288000,288.0,0,0.0,0.0,,0.0,normalDay
2019-12-30,1023.0,998.0,0.0,0,321.08,0.0,1,12.27,2.29,SPY200331P00288000,288.0,0,0.0,0.0,,0.0,normalDay
2019-12-31,1023.0,1025.0,0.0,0,321.86,0.0,1,12.27,2.02,SPY200331P00288000,288.0,0,0.0,0.0,,0.0,normalDay
2020-01-02,1023.0,1066.0,0.0,0,324.87,0.0,1,12.27,1.61,SPY200331P00288000,288.0,0,0.0,0.0,,0.0,normalDay
2020-01-03,1023.0,1029.0,0.0,0,322.41,0.0,1,12.27,1.98,SPY200331P00288000,288.0,0,0.0,0.0,,0.0,normalDay
2020-01-06,1023.0,1053.0,0.0,0,323.64,0.0,1,12.27,1.74,SPY200331P00288000,288.0,0,0.0,0.0,,0.0,normalDay
2020-01-07,1023.0,1046.0,0.0,0,322.73,0.0,1,12.27,1.81,SPY200331P00288000,288.0,0,0.0,0.0,,0.0,normalDay
2020-01-08,1023.0,1070.0,0.0,0,324.45,0.0,1,12.27,1.57,SPY200331P00288000,288.0,0,0.0,0.0,,0.0,normalDay
2020-01-09,1023.0,1096.0,0.0,0,326.65,0.0,1,12.27,1.31,SPY200331P00288000,288.0,0,0.0,0.0,,0.0,normalDay
2020-01-10,1023.0,1093.0,0.0,0,325.71,0.0,1,12.27,1.34,SPY200331P00288000,288.0,0,0.0,0.0,,0.0,normalDay
2020-01-13,1023.0,1118.0,0.0,0,327.95,0.0,1,12.27,1.09,SPY200331P00288000,288.0,0,0.0,0.0,,0.0,normalDay
2020-01-14,1023.0,1120.0,0.0,0,327.45,0.0,1,12.27,1.07,SPY200331P00288000,288.0,0,0.0,0.0,,0.0,normalDay
2020-01-15,1023.0,1125.0,0.0,0,328.19,0.0,1,12.27,1.02,SPY200331P00288000,288.0,0,0.0,0.0,,0.0,normalDay
2020-01-16,1023.0,1139.0,0.0,0,330.92,0.0,1,12.27,0.88,SPY200331P00288000,288.0,0,0.0,0.0,,0.0,normalDay
2020-01-17,1023.0,1146.0,0.0,0,331.95,0.0,1,12.27,0.81,SPY200331P00288000,288.0,0,0.0,0.0,,0.0,normalDay
2020-01-21,1023.0,1145.0,0.0,0,331.3,0.0,1,12.27,0.82,SPY200331P00288000,288.0,0,0.0,0.0,,0.0,normalDay
2020-01-22,1023.0,1145.0,0.0,0,331.34,0.0,1,12.27,0.82,SPY200331P00288000,288.0,0,0.0,0.0,,0.0,normalDay
2020-01-23,1023.0,1147.0,0.0,0,331.72,0.0,1,12.27,0.8,SPY200331P00288000,288.0,0,0.0,0.0,,0.0,normalDay
2020-01-24,1023.0,1122.0,0.0,0,328.77,0.0,1,12.27,1.05,SPY200331P00288000,288.0,0,0.0,0.0,,0.0,normalDay
2020-01-27,1023.0,1045.0,0.0,0,323.5,0.0,1,12.27,1.82,SPY200331P00288000,288.0,0,0.0,0.0,,0.0,normalDay
2020-01-28,1023.0,1100.0,0.0,0,326.89,0.0,1,12.27,1.27,SPY200331P00288000,288.0,0,0.0,0.0,,0.0,normalDay
2020-01-29,1023.0,1102.0,0.0,0,326.62,0.0,1,12.27,1.25,SPY200331P00288000,288.0,0,0.0,0.0,,0.0,normalDay
2020-01-30,1023.0,1124.0,0.0,0,327.68,0.0,1,12.27,1.03,SPY200331P00288000,288.0,0,0.0,0.0,,0.0,normalDay
2020-01-31,1023.0,1048.0,0.0,0,321.73,0.0,1,12.27,1.79,SPY200331P00288000,288.0,0,0.0,0.0,,0.0,normalDay
2020-02-03,1023.0,1080.0,0.0,0,324.12,0.0,1,12.27,1.47,SPY200331P00288000,288.0,0,0.0,0.0,,0.0,normalDay
2020-02-04,1023.0,1137.0,0.0,0,329.06,0.0,1,12.27,0.9,SPY200331P00288000,288.0,0,0.0,0.0,,0.0,normalDay
2020-02-05,1023.0,1160.0,0.0,0,332.86,0.0,1,12.27,0.67,SPY200331P00288000,288.0,0,0.0,0.0,,0.0,normalDay
2020-02-06,1023.0,1162.0,0.0,0,333.98,0.0,1,12.27,0.65,SPY200331P00288000,288.0,0,0.0,0.0,,0.0,normalDay
2020-02-07,1023.0,1157.0,0.0,0,332.2,0.0,1,12.27,0.7,SPY200331P00288000,288.0,0,0.0,0.0,,0.0,normalDay
2020-02-10,1023.0,1170.0,0.0,0,334.68,0.0,1,12.27,0.57,SPY200331P00288000,288.0,0,0.0,0.0,,0.0,normalDay
2020-02-11,1023.0,1172.0,0.0,0,335.26,0.0,1,12.27,0.55,SPY200331P00288000,288.0,0,0.0,0.0,,0.0,normalDay
2020-02-12,1023.0,1184.0,0.0,0,337.42,0.0,1,12.27,0.43,SPY200331P00288000,288.0,0,0.0,0.0,,0.0,normalDay
2020-02-13,1023.0,1183.0,0.0,0,337.06,0.0,1,12.27,0.44,SPY200331P00288000,288.0,0,0.0,0.0,,0.0,normalDay
2020-02-14,1023.0,1188.0,0.0,0,337.6,0.0,1,12.27,0.39,SPY200331P00288000,288.0,0,0.0,0.0,,0.0,normalDay
2020-02-18,1023.0,1186.0,0.0,0,336.73,0.0,1,12.27,0.41,SPY200331P00288000,288.0,0,0.0,0.0,,0.0,normalDay
2020-02-19,1023.0,1192.0,0.0,0,338.34,0.0,1,12.27,0.35,SPY200331P00288000,288.0,0,0.0,0.0,,0.0,normalDay
2020-02-20,1023.0,1185.0,0.0,0,336.95,0.0,1,12.27,0.42,SPY200331P00288000,288.0,0,0.0,0.0,,0.0,normalDay
2020-02-21,1023.0,1171.0,0.0,0,333.48,0.0,1,12.27,0.56,SPY200331P00288000,288.0,0,0.0,0.0,,0.0,normalDay
2020-02-24,1023.0,1040.0,0.0,0,322.42,0.0,1,12.27,1.87,SPY200331P00288000,288.0,0,0.0,0.0,,0.0,normalDay
2020-02-25,1023.0,925.0,0.0,0,312.65,0.0,1,12.27,3.02,SPY200331P00288000,288.0,0,0.0,0.0,,0.0,normalDay
2020-02-26,1023.0,925.0,0.0,0,311.5,0.0,1,12.27,3.02,SPY200331P00288000,288.0,0,0.0,0.0,,0.0,normalDay
2020-02-27,1023.0,319.0,0.0,0,297.51,0.0,1,12.27,9.08,SPY200331P00288000,288.0,0,0.0,0.0,,0.0,normalDay
2020-02-28,1023.0,227.0,0.0,0,296.26,0.0,1,12.27,10.0,SPY200331P00288000,288.0,0,0.0,0.0,,0.0,normalDay
2020-03-02,1023.0,791.0,0.0,0,309.09,0.0,1,12.27,4.36,SPY200331P00288000,288.0,0,0.0,0.0,,0.0,normalDay
2020-03-03,1023.0,532.0,0.0,0,300.24,0.0,1,12.27,6.95,SPY200331P00288000,288.0,0,0.0,0.0,,0.0,normalDay
2020-03-04,1023.0,862.0,0.0,0,312.86,0.0,1,12.27,3.65,SPY200331P00288000,288.0,0,0.0,0.0,,0.0,normalDay
2020-03-05,1023.0,489.0,0.0,0,302.46,0.0,1,12.27,7.38,SPY200331P00288000,288.0,0,0.0,0.0,,0.0,normalDay
2020-03-06,1023.0,317.0,0.0,0,297.46,0.0,1,12.27,9.1,SPY200331P00288000,288.0,0,0.0,0.0,,0.0,normalDay
2020-03-09,1023.0,-975.0,0.0,0,274.23,0.0,1,12.27,22.02,SPY200331P00288000,288.0,0,0.0,0.0,,0.0,normalDay
2020-03-10,1023.0,-38.0,0.0,0,288.42,0.0,1,12.27,12.65,SPY200331P00288000,288.0,0,0.0,0.0,,0.0,normalDay
2020-03-11,1023.0,-908.0,0.0,0,274.36,0.0,1,12.27,21.35,SPY200331P00288000,288.0,0,0.0,0.0,,0.0,normalDay
2020-03-12,1023.0,-3041.0,0.0,0,248.11,0.0,1,12.27,42.68,SPY200331P00288000,288.0,0,0.0,0.0,,0.0,normalDay
2020-03-13,1023.0,-1123.0,0.0,0,269.32,0.0,1,12.27,23.5,SPY200331P00288000,288.0,0,0.0,0.0,,0.0,normalDay
2020-03-16,1023.0,-3473.0,0.0,0,239.85,0.0,1,12.27,47.0,SPY200331P00288000,288.0,0,0.0,0.0,,0.0,normalDay
2020-03-17,1023.0,-2664.0,0.0,0,252.8,0.0,1,12.27,38.91,SPY200331P00288000,288.0,0,0.0,0.0,,0.0,normalDay
2020-03-18,1023.0,-3842.0,0.0,0,240.0,0.0,1,12.27,50.69,SPY200331P00288000,288.0,0,0.0,0.0,,0.0,normalDay
2020-03-19,1023.0,-3800.0,0.0,0,240.51,0.0,1,12.27,50.27,SPY200331P00288000,288.0,0,0.0,0.0,,0.0,normalDay
2020-03-20,1023.0,-4721.0,0.0,0,228.8,0.0,1,12.27,59.48,SPY200331P00288000,288.0,0,0.0,0.0,,0.0,normalDay
2020-03-23,1023.0,-5508.0,0.0,0,222.95,0.0,1,12.27,67.35,SPY200331P00288000,288.0,0,0.0,0.0,,0.0,normalDay
2020-03-24,1023.0,-3388.0,0.0,0,243.15,0.0,1,12.27,46.15,SPY200331P00288000,288.0,0,0.0,0.0,,0.0,normalDay
2020-03-25,1023.0,-2907.0,0.0,0,246.79,0.0,1,12.27,41.34,SPY200331P00288000,288.0,0,0.0,0.0,,0.0,normalDay
2020-03-26,1023.0,-1530.0,0.0,0,261.2,0.0,1,12.27,27.57,SPY200331P00288000,288.0,0,0.0,0.0,,0.0,normalDay
2020-03-27,1023.0,-2299.0,0.0,0,253.42,0.0,1,12.27,35.26,SPY200331P00288000,288.0,0,0.0,0.0,,0.0,normalDay
2020-03-30,1023.0,-1494.0,0.0,0,261.65,0.0,1,12.27,27.21,SPY200331P00288000,288.0,0,0.0,0.0,,0.0,normalDay
2020-03-31,2250.0,-3025.0,1227.0,100,257.75,288.0,1,12.27,0.0,SPY200331P00288000,288.0,0,0.0,0.0,,0.0,expirationDay
2020-04-01,2250.0,-4191.0,0.0,100,246.15,288.0,0,0.0,0.0,,0.0,1,0.15,0.21,SPY200717C00333000,333.0,normalDay
2020-04-02,2250.0,-3629.0,0.0,100,251.83,288.0,0,0.0,0.0,,0.0,1,0.15,0.27,SPY200717C00333000,333.0,normalDay
2020-04-03,2250.0,-3988.0,0.0,100,248.19,288.0,0,0.0,0.0,,0.0,1,0.15,0.22,SPY200717C00333000,333.0,normalDay
2020-04-06,2250.0,-2345.0,0.0,100,264.86,288.0,0,0.0,0.0,,0.0,1,0.15,0.46,SPY200717C00333000,333.0,normalDay
2020-04-07,2250.0,-2316.0,0.0,100,265.13,288.0,0,0.0,0.0,,0.0,1,0.15,0.44,SPY200717C00333000,333.0,normalDay
2020-04-08,2250.0,-1459.0,0.0,100,274.03,288.0,0,0.0,0.0,,0.0,1,0.15,0.77,SPY200717C00333000,333.0,normalDay
2020-04-09,2250.0,-1063.0,0.0,100,278.2,288.0,0,0.0,0.0,,0.0,1,0.15,0.98,SPY200717C00333000,333.0,normalDay
2020-04-13,2250.0,-1296.0,0.0,100,275.66,288.0,0,0.0,0.0,,0.0,1,0.15,0.77,SPY200717C00333000,333.0,normalDay
2020-04-14,2250.0,-518.0,0.0,100,283.79,288.0,0,0.0,0.0,,0.0,1,0.15,1.12,SPY200717C00333000,333.0,normalDay
2020-04-15,2250.0,-1087.0,0.0,100,277.76,288.0,0,0.0,0.0,,0.0,1,0.15,0.78,SPY200717C00333000,333.0,normalDay
2020-04-16,2250.0,-960.0,0.0,100,279.1,288.0,0,0.0,0.0,,0.0,1,0.15,0.85,SPY200717C00333000,333.0,normalDay
2020-04-17,2250.0,-250.0,0.0,100,286.64,288.0,0,0.0,0.0,,0.0,1,0.15,1.29,SPY200717C00333000,333.0,normalDay
2020-04-20,2250.0,-728.0,0.0,100,281.59,288.0,0,0.0,0.0,,0.0,1,0.15,1.02,SPY200717C00333000,333.0,normalDay
2020-04-21,2250.0,-1549.0,0.0,100,273.04,288.0,0,0.0,0.0,,0.0,1,0.15,0.68,SPY200717C00333000,333.0,normalDay
2020-04-22,2250.0,-947.0,0.0,100,279.1,288.0,0,0.0,0.0,,0.0,1,0.15,0.72,SPY200717C00333000,333.0,normalDay
2020-04-23,2250.0,-947.0,0.0,100,279.08,288.0,0,0.0,0.0,,0.0,1,0.15,0.7,SPY200717C00333000,333.0,normalDay
2020-04-24,2250.0,-568.0,0.0,100,282.97,288.0,0,0.0,0.0,,0.0,1,0.15,0.8,SPY200717C00333000,333.0,normalDay
2020-04-27,2250.0,-160.0,0.0,100,287.05,288.0,0,0.0,0.0,,0.0,1,0.15,0.8,SPY200717C00333000,333.0,normalDay
2020-04-28,2250.0,-277.0,0.0,100,285.73,288.0,0,0.0,0.0,,0.0,1,0.15,0.65,SPY200717C00333000,333.0,normalDay
2020-04-29,2250.0,437.0,0.0,100,293.21,288.0,0,0.0,0.0,,0.0,1,0.15,0.99,SPY200717C00333000,333.0,normalDay
2020-04-30,2250.0,182.0,0.0,100,290.48,288.0,0,0.0,0.0,,0.0,1,0.15,0.81,SPY200717C00333000,333.0,normalDay
2020-05-01,2250.0,-554.0,0.0,100,282.79,288.0,0,0.0,0.0,,0.0,1,0.15,0.48,SPY200717C00333000,333.0,normalDay
2020-05-04,2250.0,-473.0,0.0,100,283.57,288.0,0,0.0,0.0,,0.0,1,0.15,0.45,SPY200717C00333000,333.0,normalDay
2020-05-05,2250.0,-214.0,0.0,100,286.19,288.0,0,0.0,0.0,,0.0,1,0.15,0.48,SPY200717C00333000,333.0,normalDay
2020-05-06,2250.0,-400.0,0.0,100,284.25,288.0,0,0.0,0.0,,0.0,1,0.15,0.4,SPY200717C00333000,333.0,normalDay
2020-05-07,2250.0,-65.0,0.0,100,287.68,288.0,0,0.0,0.0,,0.0,1,0.15,0.48,SPY200717C00333000,333.0,normalDay
2020-05-08,2250.0,402.0,0.0,100,292.44,288.0,0,0.0,0.0,,0.0,1,0.15,0.57,SPY200717C00333000,333.0,normalDay
2020-05-11,2250.0,423.0,0.0,100,292.5,288.0,0,0.0,0.0,,0.0,1,0.15,0.42,SPY200717C00333000,333.0,normalDay
2020-05-12,2250.0,-149.0,0.0,100,286.67,288.0,0,0.0,0.0,,0.0,1,0.15,0.31,SPY200717C00333000,333.0,normalDay
2020-05-13,2250.0,-648.0,0.0,100,281.6,288.0,0,0.0,0.0,,0.0,1,0.15,0.23,SPY200717C00333000,333.0,normalDay
2020-05-14,2250.0,-312.0,0.0,100,284.97,288.0,0,0.0,0.0,,0.0,1,0.15,0.24,SPY200717C00333000,333.0,normalDay
2020-05-15,2250.0,-179.0,0.0,100,286.28,288.0,0,0.0,0.0,,0.0,1,0.15,0.22,SPY200717C00333000,333.0,normalDay
2020-05-18,2250.0,666.0,0.0,100,295.0,288.0,0,0.0,0.0,,0.0,1,0.15,0.49,SPY200717C00333000,333.0,normalDay
2020-05-19,2250.0,375.0,0.0,100,291.97,288.0,0,0.0,0.0,,0.0,1,0.15,0.37,SPY200717C00333000,333.0,normalDay
2020-05-20,2250.0,856.0,0.0,100,296.93,288.0,0,0.0,0.0,,0.0,1,0.15,0.52,SPY200717C00333000,333.0,normalDay
2020-05-21,2250.0,659.0,0.0,100,294.88,288.0,0,0.0,0.0,,0.0,1,0.15,0.44,SPY200717C00333000,333.0,normalDay
2020-05-22,2250.0,716.0,0.0,100,295.44,288.0,0,0.0,0.0,,0.0,1,0.15,0.43,SPY200717C00333000,333.0,normalDay
2020-05-26,2250.0,1077.0,0.0,100,299.08,288.0,0,0.0,0.0,,0.0,1,0.15,0.46,SPY200717C00333000,333.0,normalDay
2020-05-27,2250.0,1507.0,0.0,100,303.53,288.0,0,0.0,0.0,,0.0,1,0.15,0.61,SPY200717C00333000,333.0,normalDay
2020-05-28,2250.0,1445.0,0.0,100,302.97,288.0,0,0.0,0.0,,0.0,1,0.15,0.67,SPY200717C00333000,333.0,normalDay
2020-05-29,2250.0,1572.0,0.0,100,304.32,288.0,0,0.0,0.0,,0.0,1,0.15,0.75,SPY200717C00333000,333.0,normalDay
2020-06-01,2250.0,1700.0,0.0,100,305.55,288.0,0,0.0,0.0,,0.0,1,0.15,0.7,SPY200717C00333000,333.0,normalDay
2020-06-02,2250.0,1944.0,0.0,100,308.08,288.0,0,0.0,0.0,,0.0,1,0.15,0.79,SPY200717C00333000,333.0,normalDay
2020-06-03,2250.0,2304.0,0.0,100,312.18,288.0,0,0.0,0.0,,0.0,1,0.15,1.29,SPY200717C00333000,333.0,normalDay
2020-06-04,2250.0,2240.0,0.0,100,311.36,288.0,0,0.0,0.0,,0.0,1,0.15,1.11,SPY200717C00333000,333.0,normalDay
2020-06-05,2250.0,2912.0,0.0,100,319.34,288.0,0,0.0,0.0,,0.0,1,0.15,2.37,SPY200717C00333000,333.0,normalDay
2020-06-08,2250.0,3184.0,0.0,100,323.2,288.0,0,0.0,0.0,,0.0,1,0.15,3.51,SPY200717C00333000,333.0,normalDay
2020-06-09,2250.0,2949.0,0.0,100,320.79,288.0,0,0.0,0.0,,0.0,1,0.15,3.45,SPY200717C00333000,333.0,normalDay
2020-06-10,2250.0,2869.0,0.0,100,319.0,288.0,0,0.0,0.0,,0.0,1,0.15,2.46,SPY200717C00333000,333.0,normalDay
2020-06-11,2250.0,1184.0,0.0,100,300.61,288.0,0,0.0,0.0,,0.0,1,0.15,0.92,SPY200717C00333000,333.0,normalDay
2020-06-12,2250.0,1554.0,0.0,100,304.21,288.0,0,0.0,0.0,,0.0,1,0.15,0.82,SPY200717C00333000,333.0,normalDay
2020-06-15,2250.0,1813.0,0.0,100,307.05,288.0,0,0.0,0.0,,0.0,1,0.15,1.07,SPY200717C00333000,333.0,normalDay
2020-06-16,2250.0,2330.0,0.0,100,312.96,288.0,0,0.0,0.0,,0.0,1,0.15,1.81,SPY200717C00333000,333.0,normalDay
2020-06-17,2250.0,2236.0,0.0,100,311.66,288.0,0,0.0,0.0,,0.0,1,0.15,1.45,SPY200717C00333000,333.0,normalDay
2020-06-18,2250.0,2273.0,0.0,100,311.78,288.0,0,0.0,0.0,,0.0,1,0.15,1.2,SPY200717C00333000,333.0,normalDay
2020-06-19,2250.0,2003.0,0.0,100,308.64,288.0,0,0.0,0.0,,0.0,1,0.15,0.76,SPY200717C00333000,333.0,normalDay
2020-06-22,2250.0,2200.0,0.0,100,310.62,288.0,0,0.0,0.0,,0.0,1,0.15,0.77,SPY200717C00333000,333.0,normalDay
2020-06-23,2250.0,2341.0,0.0,100,312.05,288.0,0,0.0,0.0,,0.0,1,0.15,0.79,SPY200717C00333000,333.0,normalDay
2020-06-24,2250.0,1588.0,0.0,100,304.09,288.0,0,0.0,0.0,,0.0,1,0.15,0.36,SPY200717C00333000,333.0,normalDay
2020-06-25,2250.0,1908.0,0.0,100,307.35,288.0,0,0.0,0.0,,0.0,1,0.15,0.42,SPY200717C00333000,333.0,normalDay
2020-06-26,2250.0,1201.0,0.0,100,300.05,288.0,0,0.0,0.0,,0.0,1,0.15,0.19,SPY200717C00333000,333.0,normalDay
2020-06-29,2250.0,1642.0,0.0,100,304.46,288.0,0,0.0,0.0,,0.0,1,0.15,0.19,SPY200717C00333000,333.0,normalDay
2020-06-30,2250.0,2024.0,0.0,100,308.36,288.0,0,0.0,0.0,,0.0,1,0.15,0.27,SPY200717C00333000,333.0,normalDay
2020-07-01,2250.0,2241.0,0.0,100,310.52,288.0,0,0.0,0.0,,0.0,1,0.15,0.26,SPY200717C00333000,333.0,normalDay
2020-07-02,2250.0,2418.0,0.0,100,312.23,288.0,0,0.0,0.0,,0.0,1,0.15,0.2,SPY200717C00333000,333.0,normalDay
2020-07-06,2250.0,2884.0,0.0,100,317.05,288.0,0,0.0,0.0,,0.0,1,0.15,0.36,SPY200717C00333000,333.0,normalDay
2020-07-07,2250.0,2575.0,0.0,100,313.78,288.0,0,0.0,0.0,,0.0,1,0.15,0.18,SPY200717C00333000,333.0,normalDay
2020-07-08,2250.0,2819.0,0.0,100,316.18,288.0,0,0.0,0.0,,0.0,1,0.15,0.14,SPY200717C00333000,333.0,normalDay
2020-07-09,2250.0,2645.0,0.0,100,314.38,288.0,0,0.0,0.0,,0.0,1,0.15,0.08,SPY200717C00333000,333.0,normalDay
2020-07-10,2250.0,2964.0,0.0,100,317.59,288.0,0,0.0,0.0,,0.0,1,0.15,0.1,SPY200717C00333000,333.0,normalDay
2020-07-13,2250.0,2693.0,0.0,100,314.84,288.0,0,0.0,0.0,,0.0,1,0.15,0.06,SPY200717C00333000,333.0,normalDay
2020-07-14,2250.0,3100.0,0.0,100,318.92,288.0,0,0.0,0.0,,0.0,1,0.15,0.07,SPY200717C00333000,333.0,normalDay
2020-07-15,2250.0,3395.0,0.0,100,321.85,288.0,0,0.0,0.0,,0.0,1,0.15,0.05,SPY200717C00333000,333.0,normalDay
2020-07-16,2250.0,3293.0,0.0,100,320.79,288.0,0,0.0,0.0,,0.0,1,0.15,0.01,SPY200717C00333000,333.0,normalDay
2020-07-17,2265.0,3372.0,15.0,100,321.72,288.0,0,0.0,0.0,,0.0,1,0.15,0.0,SPY200717C00333000,333.0,expirationDay
2020-07-20,2265.0,3622.0,0.0,100,324.32,288.0,0,0.0,0.0,,0.0,1,10.83,10.93,SPY201120C00336000,336.0,normalDay
2020-07-21,2265.0,3653.0,0.0,100,325.01,288.0,0,0.0,0.0,,0.0,1,10.83,11.31,SPY201120C00336000,336.0,normalDay
2020-07-22,2265.0,3791.0,0.0,100,326.86,288.0,0,0.0,0.0,,0.0,1,10.83,11.78,SPY201120C00336000,336.0,normalDay
2020-07-23,2265.0,3579.0,0.0,100,322.96,288.0,0,0.0,0.0,,0.0,1,10.83,10.0,SPY201120C00336000,336.0,normalDay
2020-07-24,2265.0,3433.0,0.0,100,320.88,288.0,0,0.0,0.0,,0.0,1,10.83,9.38,SPY201120C00336000,336.0,normalDay
2020-07-27,2265.0,3606.0,0.0,100,323.22,288.0,0,0.0,0.0,,0.0,1,10.83,9.99,SPY201120C00336000,336.0,normalDay
2020-07-28,2265.0,3485.0,0.0,100,321.17,288.0,0,0.0,0.0,,0.0,1,10.83,9.15,SPY201120C00336000,336.0,normalDay
2020-07-29,2265.0,3728.0,0.0,100,325.12,288.0,0,0.0,0.0,,0.0,1,10.83,10.67,SPY201120C00336000,336.0,normalDay
2020-07-30,2265.0,3616.0,0.0,100,323.96,288.0,0,0.0,0.0,,0.0,1,10.83,10.63,SPY201120C00336000,336.0,normalDay
2020-07-31,2265.0,3772.0,0.0,100,326.52,288.0,0,0.0,0.0,,0.0,1,10.83,11.63,SPY201120C00336000,336.0,normalDay
2020-08-03,2265.0,3915.0,0.0,100,328.79,288.0,0,0.0,0.0,,0.0,1,10.83,12.47,SPY201120C00336000,336.0,normalDay
2020-08-04,2265.0,4019.0,0.0,100,330.06,288.0,0,0.0,0.0,,0.0,1,10.83,12.7,SPY201120C00336000,336.0,normalDay
2020-08-05,2265.0,4141.0,0.0,100,332.11,288.0,0,0.0,0.0,,0.0,1,10.83,13.53,SPY201120C00336000,336.0,normalDay
2020-08-06,2265.0,4242.0,0.0,100,334.33,288.0,0,0.0,0.0,,0.0,1,10.83,14.74,SPY201120C00336000,336.0,normalDay
2020-08-07,2265.0,4265.0,0.0,100,334.57,288.0,0,0.0,0.0,,0.0,1,10.83,14.75,SPY201120C00336000,336.0,normalDay
2020-08-10,2265.0,4344.0,0.0,100,335.57,288.0,0,0.0,0.0,,0.0,1,10.83,14.96,SPY201120C00336000,336.0,normalDay
2020-08-11,2265.0,4162.0,0.0,100,332.8,288.0,0,0.0,0.0,,0.0,1,10.83,14.01,SPY201120C00336000,336.0,normalDay
2020-08-12,2265.0,4429.0,0.0,100,337.44,288.0,0,0.0,0.0,,0.0,1,10.83,15.98,SPY201120C00336000,336.0,normalDay
2020-08-13,2265.0,4409.0,0.0,100,336.83,288.0,0,0.0,0.0,,0.0,1,10.83,15.57,SPY201120C00336000,336.0,normalDay
2020-08-14,2265.0,4418.0,0.0,100,336.84,288.0,0,0.0,0.0,,0.0,1,10.83,15.49,SPY201120C00336000,336.0,normalDay
2020-08-17,2265.0,4519.0,0.0,100,337.91,288.0,0,0.0,0.0,,0.0,1,10.83,15.55,SPY201120C00336000,336.0,normalDay
2020-08-18,2265.0,4565.0,0.0,100,338.64,288.0,0,0.0,0.0,,0.0,1,10.83,15.82,SPY201120C00336000,336.0,normalDay
2020-08-19,2265.0,4492.0,0.0,100,337.23,288.0,0,0.0,0.0,,0.0,1,10.83,15.14,SPY201120C00336000,336.0,normalDay
2020-08-20,2265.0,4562.0,0.0,100,338.28,288.0,0,0.0,0.0,,0.0,1,10.83,15.49,SPY201120C00336000,336.0,normalDay
2020-08-21,2265.0,4610.0,0.0,100,339.48,288.0,0,0.0,0.0,,0.0,1,10.83,16.21,SPY201120C00336000,336.0,normalDay
2020-08-24,2265.0,4751.0,0.0,100,342.92,288.0,0,0.0,0.0,,0.0,1,10.83,18.24,SPY201120C00336000,336.0,normalDay
2020-08-25,2265.0,4783.0,0.0,100,344.12,288.0,0,0.0,0.0,,0.0,1,10.83,19.12,SPY201120C00336000,336.0,normalDay
2020-08-26,2265.0,4840.0,0.0,100,347.57,288.0,0,0.0,0.0,,0.0,1,10.83,22.0,SPY201120C00336000,336.0,normalDay
2020-08-27,2265.0,4815.0,0.0,100,348.33,288.0,0,0.0,0.0,,0.0,1,10.83,23.01,SPY201120C00336000,336.0,normalDay
2020-08-28,2265.0,4934.0,0.0,100,350.58,288.0,0,0.0,0.0,,0.0,1,10.83,24.07,SPY201120C00336000,336.0,normalDay
2020-08-31,2265.0,4766.0,0.0,100,349.31,288.0,0,0.0,0.0,,0.0,1,10.83,24.48,SPY201120C00336000,336.0,normalDay
2020-09-01,2265.0,4883.0,0.0,100,352.6,288.0,0,0.0,0.0,,0.0,1,10.83,26.6,SPY201120C00336000,336.0,normalDay
2020-09-02,2265.0,4941.0,0.0,100,357.7,288.0,0,0.0,0.0,,0.0,1,10.83,31.12,SPY201120C00336000,336.0,normalDay
2020-09-03,2265.0,4397.0,0.0,100,345.39,288.0,0,0.0,0.0,,0.0,1,10.83,24.25,SPY201120C00336000,336.0,normalDay
2020-09-04,2265.0,4487.0,0.0,100,342.57,288.0,0,0.0,0.0,,0.0,1,10.83,20.53,SPY201120C00336000,336.0,normalDay
2020-09-08,2265.0,4164.0,0.0,100,333.21,288.0,0,0.0,0.0,,0.0,1,10.83,14.4,SPY201120C00336000,336.0,normalDay
2020-09-09,2265.0,4539.0,0.0,100,339.79,288.0,0,0.0,0.0,,0.0,1,10.83,17.23,SPY201120C00336000,336.0,normalDay
2020-09-10,2265.0,4261.0,0.0,100,333.89,288.0,0,0.0,0.0,,0.0,1,10.83,14.11,SPY201120C00336000,336.0,normalDay
2020-09-11,2265.0,4407.0,0.0,100,334.06,288.0,0,0.0,0.0,,0.0,1,10.83,12.82,SPY201120C00336000,336.0,normalDay
2020-09-14,2265.0,4603.0,0.0,100,338.46,288.0,0,0.0,0.0,,0.0,1,10.83,15.26,SPY201120C00336000,336.0,normalDay
2020-09-15,2265.0,4673.0,0.0,100,340.17,288.0,0,0.0,0.0,,0.0,1,10.83,16.27,SPY201120C00336000,336.0,normalDay
2020-09-16,2265.0,4658.0,0.0,100,338.82,288.0,0,0.0,0.0,,0.0,1,10.83,15.07,SPY201120C00336000,336.0,normalDay
2020-09-17,2265.0,4523.0,0.0,100,335.84,288.0,0,0.0,0.0,,0.0,1,10.83,13.44,SPY201120C00336000,336.0,normalDay
2020-09-18,2265.0,4259.0,0.0,100,330.65,288.0,0,0.0,0.0,,0.0,1,10.83,10.89,SPY201120C00336000,336.0,normalDay
2020-09-21,2265.0,4030.0,0.0,100,326.97,288.0,0,0.0,0.0,,0.0,1,10.83,9.5,SPY201120C00336000,336.0,normalDay
2020-09-22,2265.0,4238.0,0.0,100,330.3,288.0,0,0.0,0.0,,0.0,1,10.83,10.75,SPY201120C00336000,336.0,normalDay
2020-09-23,2265.0,3776.0,0.0,100,322.64,288.0,0,0.0,0.0,,0.0,1,10.83,7.71,SPY201120C00336000,336.0,normalDay
2020-09-24,2265.0,3853.0,0.0,100,323.5,288.0,0,0.0,0.0,,0.0,1,10.83,7.8,SPY201120C00336000,336.0,normalDay
2020-09-25,2265.0,4194.0,0.0,100,328.73,288.0,0,0.0,0.0,,0.0,1,10.83,9.62,SPY201120C00336000,336.0,normalDay
2020-09-28,2265.0,4453.0,0.0,100,334.19,288.0,0,0.0,0.0,,0.0,1,10.83,12.49,SPY201120C00336000,336.0,normalDay
2020-09-29,2265.0,4354.0,0.0,100,332.37,288.0,0,0.0,0.0,,0.0,1,10.83,11.66,SPY201120C00336000,336.0,normalDay
2020-09-30,2265.0,4580.0,0.0,100,334.89,288.0,0,0.0,0.0,,0.0,1,10.83,11.92,SPY201120C00336000,336.0,normalDay
2020-10-01,2265.0,4596.0,0.0,100,337.04,288.0,0,0.0,0.0,,0.0,1,10.83,13.91,SPY201120C00336000,336.0,normalDay
2020-10-02,2265.0,4452.0,0.0,100,333.84,288.0,0,0.0,0.0,,0.0,1,10.83,12.15,SPY201120C00336000,336.0,normalDay
2020-10-05,2265.0,4778.0,0.0,100,339.76,288.0,0,0.0,0.0,,0.0,1,10.83,14.81,SPY201120C00336000,336.0,normalDay
2020-10-06,2265.0,4558.0,0.0,100,334.93,288.0,0,0.0,0.0,,0.0,1,10.83,12.18,SPY201120C00336000,336.0,normalDay
2020-10-07,2265.0,4873.0,0.0,100,340.76,288.0,0,0.0,0.0,,0.0,1,10.83,14.86,SPY201120C00336000,336.0,normalDay
2020-10-08,2265.0,5047.0,0.0,100,343.78,288.0,0,0.0,0.0,,0.0,1,10.83,16.14,SPY201120C00336000,336.0,normalDay
2020-10-09,2265.0,5192.0,0.0,100,346.85,288.0,0,0.0,0.0,,0.0,1,10.83,17.76,SPY201120C00336000,336.0,normalDay
2020-10-12,2265.0,5340.0,0.0,100,352.43,288.0,0,0.0,0.0,,0.0,1,10.83,21.86,SPY201120C00336000,336.0,normalDay
2020-10-13,2265.0,5274.0,0.0,100,350.13,288.0,0,0.0,0.0,,0.0,1,10.83,20.22,SPY201120C00336000,336.0,normalDay
2020-10-14,2265.0,5234.0,0.0,100,347.93,288.0,0,0.0,0.0,,0.0,1,10.83,18.42,SPY201120C00336000,336.0,normalDay
2020-10-15,2265.0,5216.0,0.0,100,347.5,288.0,0,0.0,0.0,,0.0,1,10.83,18.17,SPY201120C00336000,336.0,normalDay
2020-10-16,2265.0,5261.0,0.0,100,347.29,288.0,0,0.0,0.0,,0.0,1,10.83,17.51,SPY201120C00336000,336.0,normalDay
2020-10-19,2265.0,5026.0,0.0,100,342.01,288.0,0,0.0,0.0,,0.0,1,10.83,14.58,SPY201120C00336000,336.0,normalDay
2020-10-20,2265.0,5122.0,0.0,100,343.38,288.0,0,0.0,0.0,,0.0,1,10.83,14.99,SPY201120C00336000,336.0,normalDay
2020-10-21,2265.0,5080.0,0.0,100,342.73,288.0,0,0.0,0.0,,0.0,1,10.83,14.76,SPY201120C00336000,336.0,normalDay
2020-10-22,2265.0,5212.0,0.0,100,344.61,288.0,0,0.0,0.0,,0.0,1,10.83,15.32,SPY201120C00336000,336.0,normalDay
2020-10-23,2265.0,5301.0,0.0,100,345.78,288.0,0,0.0,0.0,,0.0,1,10.83,15.6,SPY201120C00336000,336.0,normalDay
2020-10-26,2265.0,4953.0,0.0,100,339.39,288.0,0,0.0,0.0,,0.0,1,10.83,12.69,SPY201120C00336000,336.0,normalDay
2020-10-27,2265.0,4918.0,0.0,100,338.22,288.0,0,0.0,0.0,,0.0,1,10.83,11.87,SPY201120C00336000,336.0,normalDay
2020-10-28,2265.0,4219.0,0.0,100,326.66,288.0,0,0.0,0.0,,0.0,1,10.83,7.3,SPY201120C00336000,336.0,normalDay
2020-10-29,2265.0,4477.0,0.0,100,329.98,288.0,0,0.0,0.0,,0.0,1,10.83,8.04,SPY201120C00336000,336.0,normalDay
2020-10-30,2265.0,4300.0,0.0,100,326.54,288.0,0,0.0,0.0,,0.0,1,10.83,6.37,SPY201120C00336000,336.0,normalDay
2020-11-02,2265.0,4598.0,0.0,100,330.2,288.0,0,0.0,0.0,,0.0,1,10.83,7.05,SPY201120C00336000,336.0,normalDay
2020-11-03,2265.0,4981.0,0.0,100,336.03,288.0,0,0.0,0.0,,0.0,1,10.83,9.05,SPY201120C00336000,336.0,normalDay
2020-11-04,2265.0,5360.0,0.0,100,343.54,288.0,0,0.0,0.0,,0.0,1,10.83,12.77,SPY201120C00336000,336.0,normalDay
2020-11-05,2265.0,5562.0,0.0,100,350.24,288.0,0,0.0,0.0,,0.0,1,10.83,17.45,SPY201120C00336000,336.0,normalDay
2020-11-06,2265.0,5650.0,0.0,100,350.16,288.0,0,0.0,0.0,,0.0,1,10.83,16.49,SPY201120C00336000,336.0,normalDay
2020-11-09,2265.0,5646.0,0.0,100,354.56,288.0,0,0.0,0.0,,0.0,1,10.83,20.93,SPY201120C00336000,336.0,normalDay
2020-11-10,2265.0,5718.0,0.0,100,354.04,288.0,0,0.0,0.0,,0.0,1,10.83,19.69,SPY201120C00336000,336.0,normalDay
2020-11-11,2265.0,5768.0,0.0,100,356.67,288.0,0,0.0,0.0,,0.0,1,10.83,21.82,SPY201120C00336000,336.0,normalDay
2020-11-12,2265.0,5739.0,0.0,100,353.21,288.0,0,0.0,0.0,,0.0,1,10.83,18.65,SPY201120C00336000,336.0,normalDay
2020-11-13,2265.0,5835.0,0.0,100,358.1,288.0,0,0.0,0.0,,0.0,1,10.83,22.58,SPY201120C00336000,336.0,normalDay
2020-11-16,2265.0,5883.0,0.0,100,362.57,288.0,0,0.0,0.0,,0.0,1,10.83,26.57,SPY201120C00336000,336.0,normalDay
2020-11-17,2265.0,5863.0,0.0,100,360.62,288.0,0,0.0,0.0,,0.0,1,10.83,24.82,SPY201120C00336000,336.0,normalDay
2020-11-18,2265.0,5848.0,0.0,100,356.28,288.0,0,0.0,0.0,,0.0,1,10.83,20.63,SPY201120C00336000,336.0,normalDay
2020-11-19,2265.0,5861.0,0.0,100,357.78,288.0,0,0.0,0.0,,0.0,1,10.83,22.0,SPY201120C00336000,336.0,normalDay
2020-11-20,8148.0,5861.0,5883.0,0,355.33,0.0,0,0.0,0.0,,0.0,1,10.83,0.0,SPY201120C00336000,336.0,expirationDay
2020-11-23,8148.0,-16.0,0.0,0,357.46,0.0,1,8.63,8.79,SPY210630P00296000,296.0,0,0.0,0.0,,0.0,normalDay
2020-11-24,8148.0,73.0,0.0,0,363.22,0.0,1,8.63,7.9,SPY210630P00296000,296.0,0,0.0,0.0,,0.0,normalDay
2020-11-25,8148.0,77.0,0.0,0,362.66,0.0,1,8.63,7.86,SPY210630P00296000,296.0,0,0.0,0.0,,0.0,normalDay
2020-11-27,8148.0,70.0,0.0,0,363.67,0.0,1,8.63,7.93,SPY210630P00296000,296.0,0,0.0,0.0,,0.0,normalDay
2020-11-30,8148.0,112.0,0.0,0,362.06,0.0,1,8.63,7.51,SPY210630P00296000,296.0,0,0.0,0.0,,0.0,normalDay
2020-12-01,8148.0,143.0,0.0,0,366.02,0.0,1,8.63,7.2,SPY210630P00296000,296.0,0,0.0,0.0,,0.0,normalDay
2020-12-02,8148.0,156.0,0.0,0,366.79,0.0,1,8.63,7.07,SPY210630P00296000,296.0,0,0.0,0.0,,0.0,normalDay
2020-12-03,8148.0,149.0,0.0,0,366.69,0.0,1,8.63,7.14,SPY210630P00296000,296.0,0,0.0,0.0,,0.0,normalDay
2020-12-04,8148.0,193.0,0.0,0,369.85,0.0,1,8.63,6.7,SPY210630P00296000,296.0,0,0.0,0.0,,0.0,normalDay
2020-12-07,8148.0,170.0,0.0,0,369.09,0.0,1,8.63,6.93,SPY210630P00296000,296.0,0,0.0,0.0,,0.0,normalDay
2020-12-08,8148.0,216.0,0.0,0,370.17,0.0,1,8.63,6.47,SPY210630P00296000,296.0,0,0.0,0.0,,0.0,normalDay
2020-12-09,8148.0,157.0,0.0,0,366.85,0.0,1,8.63,7.06,SPY210630P00296000,296.0,0,0.0,0.0,,0.0,normalDay
2020-12-10,8148.0,152.0,0.0,0,366.73,0.0,1,8.63,7.11,SPY210630P00296000,296.0,0,0.0,0.0,,0.0,normalDay
2020-12-11,8148.0,127.0,0.0,0,366.3,0.0,1,8.63,7.36,SPY210630P00296000,296.0,0,0.0,0.0,,0.0,normalDay
2020-12-14,8148.0,90.0,0.0,0,364.66,0.0,1,8.63,7.73,SPY210630P00296000,296.0,0,0.0,0.0,,0.0,normalDay
2020-12-15,8148.0,161.0,0.0,0,369.59,0.0,1,8.63,7.02,SPY210630P00296000,296.0,0,0.0,0.0,,0.0,normalDay
2020-12-16,8148.0,183.0,0.0,0,370.17,0.0,1,8.63,6.8,SPY210630P00296000,296.0,0,0.0,0.0,,0.0,normalDay
2020-12-17,8148.0,228.0,0.0,0,372.24,0.0,1,8.63,6.35,SPY210630P00296000,296.0,0,0.0,0.0,,0.0,normalDay
2020-12-18,8148.0,227.0,0.0,0,369.18,0.0,1,8.63,6.36,SPY210630P00296000,296.0,0,0.0,0.0,,0.0,normalDay
2020-12-21,8148.0,145.0,0.0,0,367.86,0.0,1,8.63,7.18,SPY210630P00296000,296.0,0,0.0,0.0,,0.0,normalDay
2020-12-22,8148.0,146.0,0.0,0,367.24,0.0,1,8.63,7.17,SPY210630P00296000,296.0,0,0.0,0.0,,0.0,normalDay
2020-12-23,8148.0,181.0,0.0,0,367.57,0.0,1,8.63,6.82,SPY210630P00296000,296.0,0,0.0,0.0,,0.0,normalDay
2020-12-24,8148.0,231.0,0.0,0,369.0,0.0,1,8.63,6.32,SPY210630P00296000,296.0,0,0.0,0.0,,0.0,normalDay
2020-12-28,8148.0,270.0,0.0,0,372.17,0.0,1,8.63,5.93,SPY210630P00296000,296.0,0,0.0,0.0,,0.0,normalDay
2020-12-29,8148.0,225.0,0.0,0,371.46,0.0,1,8.63,6.38,SPY210630P00296000,296.0,0,0.0,0.0,,0.0,normalDay
2020-12-30,8148.0,261.0,0.0,0,371.99,0.0,1,8.63,6.02,SPY210630P00296000,296.0,0,0.0,0.0,,0.0,normalDay
2020-12-31,8148.0,285.0,0.0,0,373.88,0.0,1,8.63,5.78,SPY210630P00296000,296.0,0,0.0,0.0,,0.0,normalDay
2021-01-04,8148.0,190.0,0.0,0,368.79,0.0,1,8.63,6.73,SPY210630P00296000,296.0,0,0.0,0.0,,0.0,normalDay
2021-01-05,8148.0,235.0,0.0,0,371.33,0.0,1,8.63,6.28,SPY210630P00296000,296.0,0,0.0,0.0,,0.0,normalDay
2021-01-06,8148.0,253.0,0.0,0,373.55,0.0,1,8.63,6.1,SPY210630P00296000,296.0,0,0.0,0.0,,0.0,normalDay
2021-01-07,8148.0,354.0,0.0,0,379.1,0.0,1,8.63,5.09,SPY210630P00296000,296.0,0,0.0,0.0,,0.0,normalDay
2021-01-08,8148.0,375.0,0.0,0,381.26,0.0,1,8.63,4.88,SPY210630P00296000,296.0,0,0.0,0.0,,0.0,normalDay
2021-01-11,8148.0,313.0,0.0,0,378.69,0.0,1,8.63,5.5,SPY210630P00296000,296.0,0,0.0,0.0,,0.0,normalDay
2021-01-12,8148.0,333.0,0.0,0,378.77,0.0,1,8.63,5.3,SPY210630P00296000,296.0,0,0.0,0.0,,0.0,normalDay
2021-01-13,8148.0,353.0,0.0,0,379.79,0.0,1,8.63,5.1,SPY210630P00296000,296.0,0,0.0,0.0,,0.0,normalDay
2021-01-14,8148.0,325.0,0.0,0,378.46,0.0,1,8.63,5.38,SPY210630P00296000,296.0,0,0.0,0.0,,0.0,normalDay
2021-01-15,8148.0,278.0,0.0,0,375.7,0.0,1,8.63,5.85,SPY210630P00296000,296.0,0,0.0,0.0,,0.0,normalDay
2021-01-19,8148.0,332.0,0.0,0,378.65,0.0,1,8.63,5.31,SPY210630P00296000,296.0,0,0.0,0.0,,0.0,normalDay
2021-01-20,8148.0,397.0,0.0,0,383.89,0.0,1,8.63,4.66,SPY210630P00296000,296.0,0,0.0,0.0,,0.0,normalDay
2021-01-21,8148.0,402.0,0.0,0,384.24,0.0,1,8.63,4.61,SPY210630P00296000,296.0,0,0.0,0.0,,0.0,normalDay
2021-01-22,8148.0,389.0,0.0,0,382.88,0.0,1,8.63,4.74,SPY210630P00296000,296.0,0,0.0,0.0,,0.0,normalDay
2021-01-25,8148.0,379.0,0.0,0,384.39,0.0,1,8.63,4.84,SPY210630P00296000,296.0,0,0.0,0.0,,0.0,normalDay
2021-01-26,8148.0,372.0,0.0,0,383.79,0.0,1,8.63,4.91,SPY210630P00296000,296.0,0,0.0,0.0,,0.0,normalDay
2021-01-27,8148.0,119.0,0.0,0,374.41,0.0,1,8.63,7.44,SPY210630P00296000,296.0,0,0.0,0.0,,0.0,normalDay
2021-01-28,8148.0,204.0,0.0,0,377.63,0.0,1,8.63,6.59,SPY210630P00296000,296.0,0,0.0,0.0,,0.0,normalDay
2021-01-29,8148.0,34.0,0.0,0,370.07,0.0,1,8.63,8.29,SPY210630P00296000,296.0,0,0.0,0.0,,0.0,normalDay
2021-02-01,8148.0,179.0,0.0,0,376.23,0.0,1,8.63,6.84,SPY210630P00296000,296.0,0,0.0,0.0,,0.0,normalDay
2021-02-02,8148.0,316.0,0.0,0,381.55,0.0,1,8.63,5.47,SPY210630P00296000,296.0,0,0.0,0.0,,0.0,normalDay
2021-02-03,8148.0,369.0,0.0,0,381.85,0.0,1,8.63,4.94,SPY210630P00296000,296.0,0,0.0,0.0,,0.0,normalDay
2021-02-04,8148.0,425.0,0.0,0,386.19,0.0,1,8.63,4.38,SPY210630P00296000,296.0,0,0.0,0.0,,0.0,normalDay
2021-02-05,8148.0,432.0,0.0,0,387.71,0.0,1,8.63,4.31,SPY210630P00296000,296.0,0,0.0,0.0,,0.0,normalDay
2021-02-08,8148.0,459.0,0.0,0,390.51,0.0,1,8.63,4.04,SPY210630P00296000,296.0,0,0.0,0.0,,0.0,normalDay
2021-02-09,8148.0,453.0,0.0,0,390.25,0.0,1,8.63,4.1,SPY210630P00296000,296.0,0,0.0,0.0,,0.0,normalDay
2021-02-10,8148.0,441.0,0.0,0,390.08,0.0,1,8.63,4.22,SPY210630P00296000,296.0,0,0.0,0.0,,0.0,normalDay
2021-02-11,8148.0,457.0,0.0,0,390.71,0.0,1,8.63,4.06,SPY210630P00296000,296.0,0,0.0,0.0,,0.0,normalDay
2021-02-12,8148.0,485.0,0.0,0,392.64,0.0,1,8.63,3.78,SPY210630P00296000,296.0,0,0.0,0.0,,0.0,normalDay
2021-02-16,8148.0,473.0,0.0,0,392.3,0.0,1,8.63,3.9,SPY210630P00296000,296.0,0,0.0,0.0,,0.0,normalDay
2021-02-17,8148.0,480.0,0.0,0,392.39,0.0,1,8.63,3.83,SPY210630P00296000,296.0,0,0.0,0.0,,0.0,normalDay
2021-02-18,8148.0,463.0,0.0,0,390.72,0.0,1,8.63,4.0,SPY210630P00296000,296.0,0,0.0,0.0,,0.0,normalDay
2021-02-19,8148.0,476.0,0.0,0,390.03,0.0,1,8.63,3.87,SPY210630P00296000,296.0,0,0.0,0.0,,0.0,normalDay
2021-02-22,8148.0,451.0,0.0,0,387.03,0.0,1,8.63,4.12,SPY210630P00296000,296.0,0,0.0,0.0,,0.0,normalDay
2021-02-23,8148.0,481.0,0.0,0,387.5,0.0,1,8.63,3.82,SPY210630P00296000,296.0,0,0.0,0.0,,0.0,normalDay
2021-02-24,8148.0,538.0,0.0,0,391.77,0.0,1,8.63,3.25,SPY210630P00296000,296.0,0,0.0,0.0,,0.0,normalDay
2021-02-25,8148.0,403.0,0.0,0,382.33,0.0,1,8.63,4.6,SPY210630P00296000,296.0,0,0.0,0.0,,0.0,normalDay
2021-02-26,8148.0,420.0,0.0,0,380.36,0.0,1,8.63,4.43,SPY210630P00296000,296.0,0,0.0,0.0,,0.0,normalDay
2021-03-01,8148.0,535.0,0.0,0,389.58,0.0,1,8.63,3.28,SPY210630P00296000,296.0,0,0.0,0.0,,0.0,normalDay
2021-03-02,8148.0,516.0,0.0,0,386.54,0.0,1,8.63,3.47,SPY210630P00296000,296.0,0,0.0,0.0,,0.0,normalDay
2021-03-03,8148.0,465.0,0.0,0,381.42,0.0,1,8.63,3.98,SPY210630P00296000,296.0,0,0.0,0.0,,0.0,normalDay
2021-03-04,8148.0,413.0,0.0,0,376.7,0.0,1,8.63,4.5,SPY210630P00296000,296.0,0,0.0,0.0,,0.0,normalDay
2021-03-05,8148.0,507.0,0.0,0,383.63,0.0,1,8.63,3.56,SPY210630P00296000,296.0,0,0.0,0.0,,0.0,normalDay
2021-03-08,8148.0,503.0,0.0,0,381.72,0.0,1,8.63,3.6,SPY210630P00296000,296.0,0,0.0,0.0,,0.0,normalDay
2021-03-09,8148.0,554.0,0.0,0,387.17,0.0,1,8.63,3.09,SPY210630P00296000,296.0,0,0.0,0.0,,0.0,normalDay
2021-03-10,8148.0,574.0,0.0,0,389.58,0.0,1,8.63,2.89,SPY210630P00296000,296.0,0,0.0,0.0,,0.0,normalDay
2021-03-11,8148.0,602.0,0.0,0,393.53,0.0,1,8.63,2.61,SPY210630P00296000,296.0,0,0.0,0.0,,0.0,normalDay
2021-03-12,8148.0,617.0,0.0,0,394.06,0.0,1,8.63,2.46,SPY210630P00296000,296.0,0,0.0,0.0,,0.0,normalDay
2021-03-15,8148.0,643.0,0.0,0,396.41,0.0,1,8.63,2.2,SPY210630P00296000,296.0,0,0.0,0.0,,0.0,normalDay
2021-03-16,8148.0,647.0,0.0,0,395.91,0.0,1,8.63,2.16,SPY210630P00296000,296.0,0,0.0,0.0,,0.0,normalDay
2021-03-17,8148.0,668.0,0.0,0,397.26,0.0,1,8.63,1.95,SPY210630P00296000,296.0,0,0.0,0.0,,0.0,normalDay
2021-03-18,8148.0,635.0,0.0,0,391.48,0.0,1,8.63,2.28,SPY210630P00296000,296.0,0,0.0,0.0,,0.0,normalDay
2021-03-19,8148.0,639.0,0.0,0,389.48,0.0,1,8.63,2.24,SPY210630P00296000,296.0,0,0.0,0.0,,0.0,normalDay
2021-03-22,8148.0,691.0,0.0,0,392.59,0.0,1,8.63,1.72,SPY210630P00296000,296.0,0,0.0,0.0,,0.0,normalDay
2021-03-23,8148.0,667.0,0.0,0,389.5,0.0,1,8.63,1.96,SPY210630P00296000,296.0,0,0.0,0.0,,0.0,normalDay
2021-03-24,8148.0,658.0,0.0,0,387.52,0.0,1,8.63,2.05,SPY210630P00296000,296.0,0,0.0,0.0,,0.0,normalDay
2021-03-25,8148.0,687.0,0.0,0,389.7,0.0,1,8.63,1.76,SPY210630P00296000,296.0,0,0.0,0.0,,0.0,normalDay
2021-03-26,8148.0,717.0,0.0,0,395.98,0.0,1,8.63,1.46,SPY210630P00296000,296.0,0,0.0,0.0,,0.0,normalDay
2021-03-29,8148.0,711.0,0.0,0,395.78,0.0,1,8.63,1.52,SPY210630P00296000,296.0,0,0.0,0.0,,0.0,normalDay
2021-03-30,8148.0,731.0,0.0,0,394.73,0.0,1,8.63,1.32,SPY210630P00296000,296.0,0,0.0,0.0,,0.0,normalDay
2021-03-31,8148.0,744.0,0.0,0,396.33,0.0,1,8.63,1.19,SPY210630P00296000,296.0,0,0.0,0.0,,0.0,normalDay
2021-04-01,8148.0,763.0,0.0,0,400.61,0.0,1,8.63,1.0,SPY210630P00296000,296.0,0,0.0,0.0,,0.0,normalDay
2021-04-05,8148.0,778.0,0.0,0,406.36,0.0,1,8.63,0.85,SPY210630P00296000,296.0,0,0.0,0.0,,0.0,normalDay
2021-04-06,8148.0,779.0,0.0,0,406.12,0.0,1,8.63,0.84,SPY210630P00296000,296.0,0,0.0,0.0,,0.0,normalDay
2021-04-07,8148.0,786.0,0.0,0,406.59,0.0,1,8.63,0.77,SPY210630P00296000,296.0,0,0.0,0.0,,0.0,normalDay
2021-04-08,8148.0,793.0,0.0,0,408.52,0.0,1,8.63,0.7,SPY210630P00296000,296.0,0,0.0,0.0,,0.0,normalDay
2021-04-09,8148.0,794.0,0.0,0,411.49,0.0,1,8.63,0.69,SPY210630P00296000,296.0,0,0.0,0.0,,0.0,normalDay
2021-04-12,8148.0,799.0,0.0,0,411.64,0.0,1,8.63,0.64,SPY210630P00296000,296.0,0,0.0,0.0,,0.0,normalDay
2021-04-13,8148.0,803.0,0.0,0,412.86,0.0,1,8.63,0.6,SPY210630P00296000,296.0,0,0.0,0.0,,0.0,normalDay
2021-04-14,8148.0,799.0,0.0,0,411.45,0.0,1,8.63,0.64,SPY210630P00296000,296.0,0,0.0,0.0,,0.0,normalDay
2021-04-15,8148.0,805.0,0.0,0,415.87,0.0,1,8.63,0.58,SPY210630P00296000,296.0,0,0.0,0.0,,0.0,normalDay
2021-04-16,8148.0,808.0,0.0,0,417.26,0.0,1,8.63,0.55,SPY210630P00296000,296.0,0,0.0,0.0,,0.0,normalDay
2021-04-19,8148.0,807.0,0.0,0,415.21,0.0,1,8.63,0.56,SPY210630P00296000,296.0,0,0.0,0.0,,0.0,normalDay
2021-04-20,8148.0,800.0,0.0,0,412.17,0.0,1,8.63,0.63,SPY210630P00296000,296.0,0,0.0,0.0,,0.0,normalDay
2021-04-21,8148.0,811.0,0.0,0,416.07,0.0,1,8.63,0.52,SPY210630P00296000,296.0,0,0.0,0.0,,0.0,normalDay
2021-04-22,8148.0,800.0,0.0,0,412.27,0.0,1,8.63,0.63,SPY210630P00296000,296.0,0,0.0,0.0,,0.0,normalDay
2021-04-23,8148.0,817.0,0.0,0,416.74,0.0,1,8.63,0.46,SPY210630P00296000,296.0,0,0.0,0.0,,0.0,normalDay
2021-04-26,8148.0,821.0,0.0,0,417.61,0.0,1,8.63,0.42,SPY210630P00296000,296.0,0,0.0,0.0,,0.0,normalDay
2021-04-27,8148.0,824.0,0.0,0,417.52,0.0,1,8.63,0.39,SPY210630P00296000,296.0,0,0.0,0.0,,0.0,normalDay
2021-04-28,8148.0,826.0,0.0,0,417.4,0.0,1,8.63,0.37,SPY210630P00296000,296.0,0,0.0,0.0,,0.0,normalDay
2021-04-29,8148.0,826.0,0.0,0,420.06,0.0,1,8.63,0.37,SPY210630P00296000,296.0,0,0.0,0.0,,0.0,normalDay
2021-04-30,8148.0,819.0,0.0,0,417.3,0.0,1,8.63,0.44,SPY210630P00296000,296.0,0,0.0,0.0,,0.0,normalDay
2021-05-03,8148.0,825.0,0.0,0,418.2,0.0,1,8.63,0.38,SPY210630P00296000,296.0,0,0.0,0.0,,0.0,normalDay
2021-05-04,8148.0,821.0,0.0,0,415.62,0.0,1,8.63,0.42,SPY210630P00296000,296.0,0,0.0,0.0,,0.0,normalDay
2021-05-05,8148.0,823.0,0.0,0,415.75,0.0,1,8.63,0.4,SPY210630P00296000,296.0,0,0.0,0.0,,0.0,normalDay
2021-05-06,8148.0,828.0,0.0,0,419.07,0.0,1,8.63,0.35,SPY210630P00296000,296.0,0,0.0,0.0,,0.0,normalDay
2021-05-07,8148.0,836.0,0.0,0,422.12,0.0,1,8.63,0.27,SPY210630P00296000,296.0,0,0.0,0.0,,0.0,normalDay
2021-05-10,8148.0,829.0,0.0,0,417.94,0.0,1,8.63,0.34,SPY210630P00296000,296.0,0,0.0,0.0,,0.0,normalDay
2021-05-11,8148.0,821.0,0.0,0,414.21,0.0,1,8.63,0.42,SPY210630P00296000,296.0,0,0.0,0.0,,0.0,normalDay
2021-05-12,8148.0,775.0,0.0,0,405.41,0.0,1,8.63,0.88,SPY210630P00296000,296.0,0,0.0,0.0,,0.0,normalDay
2021-05-13,8148.0,813.0,0.0,0,410.28,0.0,1,8.63,0.5,SPY210630P00296000,296.0,0,0.0,0.0,,0.0,normalDay
2021-05-14,8148.0,835.0,0.0,0,416.58,0.0,1,8.63,0.28,SPY210630P00296000,296.0,0,0.0,0.0,,0.0,normalDay
2021-05-17,8148.0,834.0,0.0,0,415.52,0.0,1,8.63,0.29,SPY210630P00296000,296.0,0,0.0,0.0,,0.0,normalDay
2021-05-18,8148.0,827.0,0.0,0,411.94,0.0,1,8.63,0.36,SPY210630P00296000,296.0,0,0.0,0.0,,0.0,normalDay
2021-05-19,8148.0,823.0,0.0,0,410.86,0.0,1,8.63,0.4,SPY210630P00296000,296.0,0,0.0,0.0,,0.0,normalDay
2021-05-20,8148.0,832.0,0.0,0,415.28,0.0,1,8.63,0.31,SPY210630P00296000,296.0,0,0.0,0.0,,0.0,normalDay
2021-05-21,8148.0,835.0,0.0,0,414.94,0.0,1,8.63,0.28,SPY210630P00296000,296.0,0,0.0,0.0,,0.0,normalDay
2021-05-24,8148.0,844.0,0.0,0,419.17,0.0,1,8.63,0.19,SPY210630P00296000,296.0,0,0.0,0.0,,0.0,normalDay
2021-05-25,8148.0,844.0,0.0,0,418.24,0.0,1,8.63,0.19,SPY210630P00296000,296.0,0,0.0,0.0,,0.0,normalDay
2021-05-26,8148.0,849.0,0.0,0,419.07,0.0,1,8.63,0.14,SPY210630P00296000,296.0,0,0.0,0.0,,0.0,normalDay
2021-05-27,8148.0,850.0,0.0,0,419.29,0.0,1,8.63,0.13,SPY210630P00296000,296.0,0,0.0,0.0,,0.0,normalDay
2021-05-28,8148.0,850.0,0.0,0,420.04,0.0,1,8.63,0.13,SPY210630P00296000,296.0,0,0.0,0.0,,0.0,normalDay
2021-06-01,8148.0,852.0,0.0,0,419.67,0.0,1,8.63,0.11,SPY210630P00296000,296.0,0,0.0,0.0,,0.0,normalDay
2021-06-02,8148.0,853.0,0.0,0,420.33,0.0,1,8.63,0.1,SPY210630P00296000,296.0,0,0.0,0.0,,0.0,normalDay
2021-06-03,8148.0,853.0,0.0,0,418.77,0.0,1,8.63,0.1,SPY210630P00296000,296.0,0,0.0,0.0,,0.0,normalDay
2021-06-04,8148.0,856.0,0.0,0,422.6,0.0,1,8.63,0.07,SPY210630P00296000,296.0,0,0.0,0.0,,0.0,normalDay
2021-06-07,8148.0,857.0,0.0,0,422.19,0.0,1,8.63,0.06,SPY210630P00296000,296.0,0,0.0,0.0,,0.0,normalDay
2021-06-08,8148.0,857.0,0.0,0,422.28,0.0,1,8.63,0.06,SPY210630P00296000,296.0,0,0.0,0.0,,0.0,normalDay
2021-06-09,8148.0,857.0,0.0,0,421.65,0.0,1,8.63,0.06,SPY210630P00296000,296.0,0,0.0,0.0,,0.0,normalDay
2021-06-10,8148.0,859.0,0.0,0,423.61,0.0,1,8.63,0.04,SPY210630P00296000,296.0,0,0.0,0.0,,0.0,normalDay
2021-06-11,8148.0,860.0,0.0,0,424.31,0.0,1,8.63,0.03,SPY210630P00296000,296.0,0,0.0,0.0,,0.0,normalDay
2021-06-14,8148.0,860.0,0.0,0,425.26,0.0,1,8.63,0.03,SPY210630P00296000,296.0,0,0.0,0.0,,0.0,normalDay
2021-06-15,8148.0,860.0,0.0,0,424.48,0.0,1,8.63,0.03,SPY210630P00296000,296.0,0,0.0,0.0,,0.0,normalDay
2021-06-16,8148.0,860.0,0.0,0,422.11,0.0,1,8.63,0.03,SPY210630P00296000,296.0,0,0.0,0.0,,0.0,normalDay
2021-06-17,8148.0,860.0,0.0,0,421.97,0.0,1,8.63,0.03,SPY210630P00296000,296.0,0,0.0,0.0,,0.0,normalDay
2021-06-18,8148.0,860.0,0.0,0,414.92,0.0,1,8.63,0.03,SPY210630P00296000,296.0,0,0.0,0.0,,0.0,normalDay
2021-06-21,8148.0,861.0,0.0,0,420.86,0.0,1,8.63,0.02,SPY210630P00296000,296.0,0,0.0,0.0,,0.0,normalDay
2021-06-22,8148.0,862.0,0.0,0,423.11,0.0,1,8.63,0.01,SPY210630P00296000,296.0,0,0.0,0.0,,0.0,normalDay
2021-06-23,8148.0,862.0,0.0,0,422.6,0.0,1,8.63,0.01,SPY210630P00296000,296.0,0,0.0,0.0,,0.0,normalDay
2021-06-24,8148.0,862.0,0.0,0,425.1,0.0,1,8.63,0.01,SPY210630P00296000,296.0,0,0.0,0.0,,0.0,normalDay
2021-06-25,8148.0,862.0,0.0,0,426.61,0.0,1,8.63,0.01,SPY210630P00296000,296.0,0,0.0,0.0,,0.0,normalDay
2021-06-28,8148.0,862.0,0.0,0,427.47,0.0,1,8.63,0.01,SPY210630P00296000,296.0,0,0.0,0.0,,0.0,normalDay
2021-06-29,8148.0,862.0,0.0,0,427.7,0.0,1,8.63,0.01,SPY210630P00296000,296.0,0,0.0,0.0,,0.0,normalDay
2021-06-30,9011.0,0.0,863.0,0,428.06,0.0,1,8.63,0.0,SPY210630P00296000,296.0,0,0.0,0.0,,0.0,expirationDay
2021-07-01,9011.0,-9.0,0.0,0,430.43,0.0,1,14.93,15.02,SPY220121P00410000,410.0,0,0.0,0.0,,0.0,normalDay
2021-07-02,9011.0,79.0,0.0,0,433.72,0.0,1,14.93,14.14,SPY220121P00410000,410.0,0,0.0,0.0,,0.0,normalDay
2021-07-06,9011.0,37.0,0.0,0,432.93,0.0,1,14.93,14.56,SPY220121P00410000,410.0,0,0.0,0.0,,0.0,normalDay
2021-07-07,9011.0,57.0,0.0,0,434.46,0.0,1,14.93,14.36,SPY220121P00410000,410.0,0,0.0,0.0,,0.0,normalDay
2021-07-08,9011.0,-88.0,0.0,0,430.92,0.0,1,14.93,15.81,SPY220121P00410000,410.0,0,0.0,0.0,,0.0,normalDay
2021-07-09,9011.0,105.0,0.0,0,435.52,0.0,1,14.93,13.88,SPY220121P00410000,410.0,0,0.0,0.0,,0.0,normalDay
2021-07-12,9011.0,133.0,0.0,0,437.08,0.0,1,14.93,13.6,SPY220121P00410000,410.0,0,0.0,0.0,,0.0,normalDay
2021-07-13,9011.0,56.0,0.0,0,435.59,0.0,1,14.93,14.37,SPY220121P00410000,410.0,0,0.0,0.0,,0.0,normalDay
2021-07-14,9011.0,83.0,0.0,0,436.24,0.0,1,14.93,14.1,SPY220121P00410000,410.0,0,0.0,0.0,,0.0,normalDay
2021-07-15,9011.0,27.0,0.0,0,434.75,0.0,1,14.93,14.66,SPY220121P00410000,410.0,0,0.0,0.0,,0.0,normalDay
2021-07-16,9011.0,-90.0,0.0,0,431.34,0.0,1,14.93,15.83,SPY220121P00410000,410.0,0,0.0,0.0,,0.0,normalDay
2021-07-19,9011.0,-350.0,0.0,0,424.97,0.0,1,14.93,18.43,SPY220121P00410000,410.0,0,0.0,0.0,,0.0,normalDay
2021-07-20,9011.0,-107.0,0.0,0,431.06,0.0,1,14.93,16.0,SPY220121P00410000,410.0,0,0.0,0.0,,0.0,normalDay
2021-07-21,9011.0,50.0,0.0,0,434.55,0.0,1,14.93,14.43,SPY220121P00410000,410.0,0,0.0,0.0,,0.0,normalDay
2021-07-22,9011.0,79.0,0.0,0,435.46,0.0,1,14.93,14.14,SPY220121P00410000,410.0,0,0.0,0.0,,0.0,normalDay
2021-07-23,9011.0,176.0,0.0,0,439.94,0.0,1,14.93,13.17,SPY220121P00410000,410.0,0,0.0,0.0,,0.0,normalDay
2021-07-26,9011.0,209.0,0.0,0,441.02,0.0,1,14.93,12.84,SPY220121P00410000,410.0,0,0.0,0.0,,0.0,normalDay
2021-07-27,9011.0,112.0,0.0,0,439.01,0.0,1,14.93,13.81,SPY220121P00410000,410.0,0,0.0,0.0,,0.0,normalDay
2021-07-28,9011.0,137.0,0.0,0,438.83,0.0,1,14.93,13.56,SPY220121P00410000,410.0,0,0.0,0.0,,0.0,normalDay
2021-07-29,9011.0,216.0,0.0,0,440.65,0.0,1,14.93,12.77,SPY220121P00410000,410.0,0,0.0,0.0,,0.0,normalDay
2021-07-30,9011.0,177.0,0.0,0,438.51,0.0,1,14.93,13.16,SPY220121P00410000,410.0,0,0.0,0.0,,0.0,normalDay
2021-08-02,9011.0,120.0,0.0,0,437.59,0.0,1,14.93,13.73,SPY220121P00410000,410.0,0,0.0,0.0,,0.0,normalDay
2021-08-03,9011.0,236.0,0.0,0,441.15,0.0,1,14.93,12.57,SPY220121P00410000,410.0,0,0.0,0.0,,0.0,normalDay
2021-08-04,9011.0,201.0,0.0,0,438.98,0.0,1,14.93,12.92,SPY220121P00410000,410.0,0,0.0,0.0,,0.0,normalDay
2021-08-05,9011.0,281.0,0.0,0,441.76,0.0,1,14.93,12.12,SPY220121P00410000,410.0,0,0.0,0.0,,0.0,normalDay
2021-08-06,9011.0,343.0,0.0,0,442.49,0.0,1,14.93,11.5,SPY220121P00410000,410.0,0,0.0,0.0,,0.0,normalDay
2021-08-09,9011.0,324.0,0.0,0,442.13,0.0,1,14.93,11.69,SPY220121P00410000,410.0,0,0.0,0.0,,0.0,normalDay
2021-08-10,9011.0,326.0,0.0,0,442.68,0.0,1,14.93,11.67,SPY220121P00410000,410.0,0,0.0,0.0,,0.0,normalDay
2021-08-11,9011.0,378.0,0.0,0,443.78,0.0,1,14.93,11.15,SPY220121P00410000,410.0,0,0.0,0.0,,0.0,normalDay
2021-08-12,9011.0,431.0,0.0,0,445.11,0.0,1,14.93,10.62,SPY220121P00410000,410.0,0,0.0,0.0,,0.0,normalDay
2021-08-13,9011.0,450.0,0.0,0,445.92,0.0,1,14.93,10.43,SPY220121P00410000,410.0,0,0.0,0.0,,0.0,normalDay
2021-08-16,9011.0,475.0,0.0,0,446.97,0.0,1,14.93,10.18,SPY220121P00410000,410.0,0,0.0,0.0,,0.0,normalDay
2021-08-17,9011.0,354.0,0.0,0,444.04,0.0,1,14.93,11.39,SPY220121P00410000,410.0,0,0.0,0.0,,0.0,normalDay
2021-08-18,9011.0,167.0,0.0,0,439.18,0.0,1,14.93,13.26,SPY220121P00410000,410.0,0,0.0,0.0,,0.0,normalDay
2021-08-19,9011.0,178.0,0.0,0,439.86,0.0,1,14.93,13.15,SPY220121P00410000,410.0,0,0.0,0.0,,0.0,normalDay
2021-08-20,9011.0,322.0,0.0,0,443.36,0.0,1,14.93,11.71,SPY220121P00410000,410.0,0,0.0,0.0,,0.0,normalDay
2021-08-23,9011.0,471.0,0.0,0,447.26,0.0,1,14.93,10.22,SPY220121P00410000,410.0,0,0.0,0.0,,0.0,normalDay
2021-08-24,9011.0,470.0,0.0,0,447.97,0.0,1,14.93,10.23,SPY220121P00410000,410.0,0,0.0,0.0,,0.0,normalDay
2021-08-25,9011.0,521.0,0.0,0,448.91,0.0,1,14.93,9.72,SPY220121P00410000,410.0,0,0.0,0.0,,0.0,normalDay
2021-08-26,9011.0,428.0,0.0,0,446.26,0.0,1,14.93,10.65,SPY220121P00410000,410.0,0,0.0,0.0,,0.0,normalDay
2021-08-27,9011.0,561.0,0.0,0,450.25,0.0,1,14.93,9.32,SPY220121P00410000,410.0,0,0.0,0.0,,0.0,normalDay
2021-08-30,9011.0,607.0,0.0,0,452.23,0.0,1,14.93,8.86,SPY220121P00410000,410.0,0,0.0,0.0,,0.0,normalDay
2021-08-31,9011.0,601.0,0.0,0,451.56,0.0,1,14.93,8.92,SPY220121P00410000,410.0,0,0.0,0.0,,0.0,normalDay
2021-09-01,9011.0,630.0,0.0,0,451.8,0.0,1,14.93,8.63,SPY220121P00410000,410.0,0,0.0,0.0,,0.0,normalDay
2021-09-02,9011.0,658.0,0.0,0,453.19,0.0,1,14.93,8.35,SPY220121P00410000,410.0,0,0.0,0.0,,0.0,normalDay
2021-09-03,9011.0,642.0,0.0,0,453.08,0.0,1,14.93,8.51,SPY220121P00410000,410.0,0,0.0,0.0,,0.0,normalDay
2021-09-07,9011.0,590.0,0.0,0,451.46,0.0,1,14.93,9.03,SPY220121P00410000,410.0,0,0.0,0.0,,0.0,normalDay
2021-09-08,9011.0,583.0,0.0,0,450.91,0.0,1,14.93,9.1,SPY220121P00410000,410.0,0,0.0,0.0,,0.0,normalDay
2021-09-09,9011.0,527.0,0.0,0,448.98,0.0,1,14.93,9.66,SPY220121P00410000,410.0,0,0.0,0.0,,0.0,normalDay
2021-09-10,9011.0,449.0,0.0,0,445.44,0.0,1,14.93,10.44,SPY220121P00410000,410.0,0,0.0,0.0,,0.0,normalDay
2021-09-13,9011.0,519.0,0.0,0,446.58,0.0,1,14.93,9.74,SPY220121P00410000,410.0,0,0.0,0.0,,0.0,normalDay
2021-09-14,9011.0,472.0,0.0,0,444.17,0.0,1,14.93,10.21,SPY220121P00410000,410.0,0,0.0,0.0,,0.0,normalDay
2021-09-15,9011.0,582.0,0.0,0,447.88,0.0,1,14.93,9.11,SPY220121P00410000,410.0,0,0.0,0.0,,0.0,normalDay
2021-09-16,9011.0,565.0,0.0,0,447.17,0.0,1,14.93,9.28,SPY220121P00410000,410.0,0,0.0,0.0,,0.0,normalDay
2021-09-17,9011.0,440.0,0.0,0,441.4,0.0,1,14.93,10.53,SPY220121P00410000,410.0,0,0.0,0.0,,0.0,normalDay
2021-09-20,9011.0,145.0,0.0,0,434.04,0.0,1,14.93,13.48,SPY220121P00410000,410.0,0,0.0,0.0,,0.0,normalDay
2021-09-21,9011.0,181.0,0.0,0,433.63,0.0,1,14.93,13.12,SPY220121P00410000,410.0,0,0.0,0.0,,0.0,normalDay
2021-09-22,9011.0,397.0,0.0,0,437.86,0.0,1,14.93,10.96,SPY220121P00410000,410.0,0,0.0,0.0,,0.0,normalDay
2021-09-23,9011.0,580.0,0.0,0,443.18,0.0,1,14.93,9.13,SPY220121P00410000,410.0,0,0.0,0.0,,0.0,normalDay
2021-09-24,9011.0,621.0,0.0,0,443.91,0.0,1,14.93,8.72,SPY220121P00410000,410.0,0,0.0,0.0,,0.0,normalDay
2021-09-27,9011.0,590.0,0.0,0,442.64,0.0,1,14.93,9.03,SPY220121P00410000,410.0,0,0.0,0.0,,0.0,normalDay
2021-09-28,9011.0,303.0,0.0,0,433.72,0.0,1,14.93,11.9,SPY220121P00410000,410.0,0,0.0,0.0,,0.0,normalDay
2021-09-29,9011.0,333.0,0.0,0,434.45,0.0,1,14.93,11.6,SPY220121P00410000,410.0,0,0.0,0.0,,0.0,normalDay
2021-09-30,9011.0,206.0,0.0,0,429.14,0.0,1,14.93,12.87,SPY220121P00410000,410.0,0,0.0,0.0,,0.0,normalDay
2021-10-01,9011.0,384.0,0.0,0,434.24,0.0,1,14.93,11.09,SPY220121P00410000,410.0,0,0.0,0.0,,0.0,normalDay
2021-10-04,9011.0,217.0,0.0,0,428.64,0.0,1,14.93,12.76,SPY220121P00410000,410.0,0,0.0,0.0,,0.0,normalDay
2021-10-05,9011.0,381.0,0.0,0,433.1,0.0,1,14.93,11.12,SPY220121P00410000,410.0,0,0.0,0.0,,0.0,normalDay
2021-10-06,9011.0,435.0,0.0,0,434.9,0.0,1,14.93,10.58,SPY220121P00410000,410.0,0,0.0,0.0,,0.0,normalDay
2021-10-07,9011.0,575.0,0.0,0,438.66,0.0,1,14.93,9.18,SPY220121P00410000,410.0,0,0.0,0.0,,0.0,normalDay
2021-10-08,9011.0,567.0,0.0,0,437.86,0.0,1,14.93,9.26,SPY220121P00410000,410.0,0,0.0,0.0,,0.0,normalDay
2021-10-11,9011.0,507.0,0.0,0,434.69,0.0,1,14.93,9.86,SPY220121P00410000,410.0,0,0.0,0.0,,0.0,normalDay
2021-10-12,9011.0,496.0,0.0,0,433.62,0.0,1,14.93,9.97,SPY220121P00410000,410.0,0,0.0,0.0,,0.0,normalDay
2021-10-13,9011.0,613.0,0.0,0,435.18,0.0,1,14.93,8.8,SPY220121P00410000,410.0,0,0.0,0.0,,0.0,normalDay
2021-10-14,9011.0,802.0,0.0,0,442.5,0.0,1,14.93,6.91,SPY220121P00410000,410.0,0,0.0,0.0,,0.0,normalDay
2021-10-15,9011.0,860.0,0.0,0,445.87,0.0,1,14.93,6.33,SPY220121P00410000,410.0,0,0.0,0.0,,0.0,normalDay
2021-10-18,9011.0,894.0,0.0,0,447.19,0.0,1,14.93,5.99,SPY220121P00410000,410.0,0,0.0,0.0,,0.0,normalDay
2021-10-19,9011.0,961.0,0.0,0,450.64,0.0,1,14.93,5.32,SPY220121P00410000,410.0,0,0.0,0.0,,0.0,normalDay
2021-10-20,9011.0,982.0,0.0,0,452.41,0.0,1,14.93,5.11,SPY220121P00410000,410.0,0,0.0,0.0,,0.0,normalDay
2021-10-21,9011.0,1014.0,0.0,0,453.59,0.0,1,14.93,4.79,SPY220121P00410000,410.0,0,0.0,0.0,,0.0,normalDay
2021-10-22,9011.0,984.0,0.0,0,453.12,0.0,1,14.93,5.09,SPY220121P00410000,410.0,0,0.0,0.0,,0.0,normalDay
2021-10-25,9011.0,1044.0,0.0,0,455.55,0.0,1,14.93,4.49,SPY220121P00410000,410.0,0,0.0,0.0,,0.0,normalDay
2021-10-26,9011.0,1043.0,0.0,0,455.96,0.0,1,14.93,4.5,SPY220121P00410000,410.0,0,0.0,0.0,,0.0,normalDay
2021-10-27,9011.0,991.0,0.0,0,453.94,0.0,1,14.93,5.02,SPY220121P00410000,410.0,0,0.0,0.0,,0.0,normalDay
2021-10-28,9011.0,1057.0,0.0,0,458.32,0.0,1,14.93,4.36,SPY220121P00410000,410.0,0,0.0,0.0,,0.0,normalDay
2021-10-29,9011.0,1075.0,0.0,0,459.25,0.0,1,14.93,4.18,SPY220121P00410000,410.0,0,0.0,0.0,,0.0,normalDay
2021-11-01,9011.0,1097.0,0.0,0,460.04,0.0,1,14.93,3.96,SPY220121P00410000,410.0,0,0.0,0.0,,0.0,normalDay
2021-11-02,9011.0,1126.0,0.0,0,461.9,0.0,1,14.93,3.67,SPY220121P00410000,410.0,0,0.0,0.0,,0.0,normalDay
2021-11-03,9011.0,1177.0,0.0,0,464.72,0.0,1,14.93,3.16,SPY220121P00410000,410.0,0,0.0,0.0,,0.0,normalDay
2021-11-04,9011.0,1198.0,0.0,0,466.91,0.0,1,14.93,2.95,SPY220121P00410000,410.0,0,0.0,0.0,,0.0,normalDay
2021-11-05,9011.0,1191.0,0.0,0,468.53,0.0,1,14.93,3.02,SPY220121P00410000,410.0,0,0.0,0.0,,0.0,normalDay
2021-11-08,9011.0,1187.0,0.0,0,468.93,0.0,1,14.93,3.06,SPY220121P00410000,410.0,0,0.0,0.0,,0.0,normalDay
2021-11-09,9011.0,1174.0,0.0,0,467.38,0.0,1,14.93,3.19,SPY220121P00410000,410.0,0,0.0,0.0,,0.0,normalDay
2021-11-10,9011.0,1137.0,0.0,0,463.62,0.0,1,14.93,3.56,SPY220121P00410000,410.0,0,0.0,0.0,,0.0,normalDay
2021-11-11,9011.0,1176.0,0.0,0,463.77,0.0,1,14.93,3.17,SPY220121P00410000,410.0,0,0.0,0.0,,0.0,normalDay
2021-11-12,9011.0,1224.0,0.0,0,467.27,0.0,1,14.93,2.69,SPY220121P00410000,410.0,0,0.0,0.0,,0.0,normalDay
2021-11-15,9011.0,1236.0,0.0,0,467.43,0.0,1,14.93,2.57,SPY220121P00410000,410.0,0,0.0,0.0,,0.0,normalDay
2021-11-16,9011.0,1253.0,0.0,0,469.28,0.0,1,14.93,2.4,SPY220121P00410000,410.0,0,0.0,0.0,,0.0,normalDay
2021-11-17,9011.0,1232.0,0.0,0,468.14,0.0,1,14.93,2.61,SPY220121P00410000,410.0,0,0.0,0.0,,0.0,normalDay
2021-11-18,9011.0,1239.0,0.0,0,469.73,0.0,1,14.93,2.54,SPY220121P00410000,410.0,0,0.0,0.0,,0.0,normalDay
2021-11-19,9011.0,1234.0,0.0,0,468.89,0.0,1,14.93,2.59,SPY220121P00410000,410.0,0,0.0,0.0,,0.0,normalDay
2021-11-22,9011.0,1218.0,0.0,0,467.57,0.0,1,14.93,2.75,SPY220121P00410000,410.0,0,0.0,0.0,,0.0,normalDay
2021-11-23,9011.0,1236.0,0.0,0,468.19,0.0,1,14.93,2.57,SPY220121P00410000,410.0,0,0.0,0.0,,0.0,normalDay
2021-11-24,9011.0,1269.0,0.0,0,469.44,0.0,1,14.93,2.24,SPY220121P00410000,410.0,0,0.0,0.0,,0.0,normalDay
2021-11-26,9011.0,893.0,0.0,0,458.97,0.0,1,14.93,6.0,SPY220121P00410000,410.0,0,0.0,0.0,,0.0,normalDay
2021-11-29,9011.0,1183.0,0.0,0,464.6,0.0,1,14.93,3.1,SPY220121P00410000,410.0,0,0.0,0.0,,0.0,normalDay
2021-11-30,9011.0,1033.0,0.0,0,455.56,0.0,1,14.93,4.6,SPY220121P00410000,410.0,0,0.0,0.0,,0.0,normalDay
2021-12-01,9011.0,836.0,0.0,0,450.5,0.0,1,14.93,6.57,SPY220121P00410000,410.0,0,0.0,0.0,,0.0,normalDay
2021-12-02,9011.0,1018.0,0.0,0,457.4,0.0,1,14.93,4.75,SPY220121P00410000,410.0,0,0.0,0.0,,0.0,normalDay
2021-12-03,9011.0,906.0,0.0,0,453.42,0.0,1,14.93,5.87,SPY220121P00410000,410.0,0,0.0,0.0,,0.0,normalDay
2021-12-06,9011.0,1083.0,0.0,0,458.79,0.0,1,14.93,4.1,SPY220121P00410000,410.0,0,0.0,0.0,,0.0,normalDay
2021-12-07,9011.0,1267.0,0.0,0,468.28,0.0,1,14.93,2.26,SPY220121P00410000,410.0,0,0.0,0.0,,0.0,normalDay
2021-12-08,9011.0,1323.0,0.0,0,469.52,0.0,1,14.93,1.7,SPY220121P00410000,410.0,0,0.0,0.0,,0.0,normalDay
2021-12-09,9011.0,1287.0,0.0,0,466.35,0.0,1,14.93,2.06,SPY220121P00410000,410.0,0,0.0,0.0,,0.0,normalDay
2021-12-10,9011.0,1345.0,0.0,0,470.74,0.0,1,14.93,1.48,SPY220121P00410000,410.0,0,0.0,0.0,,0.0,normalDay
2021-12-13,9011.0,1327.0,0.0,0,466.57,0.0,1,14.93,1.66,SPY220121P00410000,410.0,0,0.0,0.0,,0.0,normalDay
2021-12-14,9011.0,1297.0,0.0,0,463.36,0.0,1,14.93,1.96,SPY220121P00410000,410.0,0,0.0,0.0,,0.0,normalDay
2021-12-15,9011.0,1375.0,0.0,0,470.6,0.0,1,14.93,1.18,SPY220121P00410000,410.0,0,0.0,0.0,,0.0,normalDay
2021-12-16,9011.0,1348.0,0.0,0,466.45,0.0,1,14.93,1.45,SPY220121P00410000,410.0,0,0.0,0.0,,0.0,normalDay
2021-12-17,9011.0,1314.0,0.0,0,459.87,0.0,1,14.93,1.79,SPY220121P00410000,410.0,0,0.0,0.0,,0.0,normalDay
2021-12-20,9011.0,1288.0,0.0,0,454.98,0.0,1,14.93,2.05,SPY220121P00410000,410.0,0,0.0,0.0,,0.0,normalDay
2021-12-21,9011.0,1361.0,0.0,0,463.06,0.0,1,14.93,1.32,SPY220121P00410000,410.0,0,0.0,0.0,,0.0,normalDay
2021-12-22,9011.0,1410.0,0.0,0,467.69,0.0,1,14.93,0.83,SPY220121P00410000,410.0,0,0.0,0.0,,0.0,normalDay
2021-12-23,9011.0,1427.0,0.0,0,470.6,0.0,1,14.93,0.66,SPY220121P00410000,410.0,0,0.0,0.0,,0.0,normalDay
2021-12-27,9011.0,1451.0,0.0,0,477.26,0.0,1,14.93,0.42,SPY220121P00410000,410.0,0,0.0,0.0,,0.0,normalDay
2021-12-28,9011.0,1451.0,0.0,0,476.87,0.0,1,14.93,0.42,SPY220121P00410000,410.0,0,0.0,0.0,,0.0,normalDay
2021-12-29,9011.0,1459.0,0.0,0,477.48,0.0,1,14.93,0.34,SPY220121P00410000,410.0,0,0.0,0.0,,0.0,normalDay
2021-12-30,9011.0,1456.0,0.0,0,476.16,0.0,1,14.93,0.37,SPY220121P00410000,410.0,0,0.0,0.0,,0.0,normalDay
2021-12-31,9011.0,1460.0,0.0,0,474.96,0.0,1,14.93,0.33,SPY220121P00410000,410.0,0,0.0,0.0,,0.0,normalDay
2022-01-03,9011.0,1473.0,0.0,0,477.71,0.0,1,14.93,0.2,SPY220121P00410000,410.0,0,0.0,0.0,,0.0,normalDay
2022-01-04,9011.0,1474.0,0.0,0,477.55,0.0,1,14.93,0.19,SPY220121P00410000,410.0,0,0.0,0.0,,0.0,normalDay
2022-01-05,9011.0,1455.0,0.0,0,468.38,0.0,1,14.93,0.38,SPY220121P00410000,410.0,0,0.0,0.0,,0.0,normalDay
2022-01-06,9011.0,1466.0,0.0,0,467.94,0.0,1,14.93,0.27,SPY220121P00410000,410.0,0,0.0,0.0,,0.0,normalDay
2022-01-07,9011.0,1475.0,0.0,0,466.09,0.0,1,14.93,0.18,SPY220121P00410000,410.0,0,0.0,0.0,,0.0,normalDay
2022-01-10,9011.0,1475.0,0.0,0,465.51,0.0,1,14.93,0.18,SPY220121P00410000,410.0,0,0.0,0.0,,0.0,normalDay
2022-01-11,9011.0,1482.0,0.0,0,469.75,0.0,1,14.93,0.11,SPY220121P00410000,410.0,0,0.0,0.0,,0.0,normalDay
2022-01-12,9011.0,1487.0,0.0,0,471.02,0.0,1,14.93,0.06,SPY220121P00410000,410.0,0,0.0,0.0,,0.0,normalDay
2022-01-13,9011.0,1482.0,0.0,0,464.53,0.0,1,14.93,0.11,SPY220121P00410000,410.0,0,0.0,0.0,,0.0,normalDay
2022-01-14,9011.0,1487.0,0.0,0,464.72,0.0,1,14.93,0.06,SPY220121P00410000,410.0,0,0.0,0.0,,0.0,normalDay
2022-01-18,9011.0,1487.0,0.0,0,456.49,0.0,1,14.93,0.06,SPY220121P00410000,410.0,0,0.0,0.0,,0.0,normalDay
2022-01-19,9011.0,1488.0,0.0,0,451.75,0.0,1,14.93,0.05,SPY220121P00410000,410.0,0,0.0,0.0,,0.0,normalDay
2022-01-20,9011.0,1489.0,0.0,0,446.75,0.0,1,14.93,0.04,SPY220121P00410000,410.0,0,0.0,0.0,,0.0,normalDay
2022-01-21,10504.0,0.0,1493.0,0,437.98,0.0,1,14.93,0.0,SPY220121P00410000,410.0,0,0.0,0.0,,0.0,expirationDay
2022-01-24,10504.0,-325.0,0.0,0,439.84,0.0,1,17.16,20.41,SPY220715P00410000,410.0,0,0.0,0.0,,0.0,normalDay
2022-01-25,10504.0,-399.0,0.0,0,434.47,0.0,1,17.16,21.15,SPY220715P00410000,410.0,0,0.0,0.0,,0.0,normalDay
2022-01-26,10504.0,-464.0,0.0,0,433.38,0.0,1,17.16,21.8,SPY220715P00410000,410.0,0,0.0,0.0,,0.0,normalDay
2022-01-27,10504.0,-343.0,0.0,0,431.24,0.0,1,17.16,20.59,SPY220715P00410000,410.0,0,0.0,0.0,,0.0,normalDay
2022-01-28,10504.0,19.0,0.0,0,441.95,0.0,1,17.16,16.97,SPY220715P00410000,410.0,0,0.0,0.0,,0.0,normalDay
2022-01-31,10504.0,282.0,0.0,0,449.91,0.0,1,17.16,14.34,SPY220715P00410000,410.0,0,0.0,0.0,,0.0,normalDay
2022-02-01,10504.0,468.0,0.0,0,452.95,0.0,1,17.16,12.48,SPY220715P00410000,410.0,0,0.0,0.0,,0.0,normalDay
2022-02-02,10504.0,471.0,0.0,0,457.35,0.0,1,17.16,12.45,SPY220715P00410000,410.0,0,0.0,0.0,,0.0,normalDay
2022-02-03,10504.0,288.0,0.0,0,446.6,0.0,1,17.16,14.28,SPY220715P00410000,410.0,0,0.0,0.0,,0.0,normalDay
2022-02-04,10504.0,276.0,0.0,0,448.7,0.0,1,17.16,14.4,SPY220715P00410000,410.0,0,0.0,0.0,,0.0,normalDay
2022-02-07,10504.0,321.0,0.0,0,447.26,0.0,1,17.16,13.95,SPY220715P00410000,410.0,0,0.0,0.0,,0.0,normalDay
2022-02-08,10504.0,469.0,0.0,0,450.94,0.0,1,17.16,12.47,SPY220715P00410000,410.0,0,0.0,0.0,,0.0,normalDay
2022-02-09,10504.0,626.0,0.0,0,457.54,0.0,1,17.16,10.9,SPY220715P00410000,410.0,0,0.0,0.0,,0.0,normalDay
2022-02-10,10504.0,361.0,0.0,0,449.32,0.0,1,17.16,13.55,SPY220715P00410000,410.0,0,0.0,0.0,,0.0,normalDay
2022-02-11,10504.0,47.0,0.0,0,440.46,0.0,1,17.16,16.69,SPY220715P00410000,410.0,0,0.0,0.0,,0.0,normalDay
2022-02-14,10504.0,38.0,0.0,0,439.02,0.0,1,17.16,16.78,SPY220715P00410000,410.0,0,0.0,0.0,,0.0,normalDay
2022-02-15,10504.0,257.0,0.0,0,446.1,0.0,1,17.16,14.59,SPY220715P00410000,410.0,0,0.0,0.0,,0.0,normalDay
2022-02-16,10504.0,369.0,0.0,0,446.6,0.0,1,17.16,13.47,SPY220715P00410000,410.0,0,0.0,0.0,,0.0,normalDay
2022-02-17,10504.0,32.0,0.0,0,437.06,0.0,1,17.16,16.84,SPY220715P00410000,410.0,0,0.0,0.0,,0.0,normalDay
2022-02-18,10504.0,-32.0,0.0,0,434.23,0.0,1,17.16,17.48,SPY220715P00410000,410.0,0,0.0,0.0,,0.0,normalDay
2022-02-22,10504.0,-98.0,0.0,0,429.57,0.0,1,17.16,18.14,SPY220715P00410000,410.0,0,0.0,0.0,,0.0,normalDay
2022-02-23,10504.0,-459.0,0.0,0,421.95,0.0,1,17.16,21.75,SPY220715P00410000,410.0,0,0.0,0.0,,0.0,normalDay
2022-02-24,10504.0,-207.0,0.0,0,428.3,0.0,1,17.16,19.23,SPY220715P00410000,410.0,0,0.0,0.0,,0.0,normalDay
2022-02-25,10504.0,146.0,0.0,0,437.75,0.0,1,17.16,15.7,SPY220715P00410000,410.0,0,0.0,0.0,,0.0,normalDay
2022-02-28,10504.0,75.0,0.0,0,436.63,0.0,1,17.16,16.41,SPY220715P00410000,410.0,0,0.0,0.0,,0.0,normalDay
2022-03-01,10504.0,-256.0,0.0,0,429.98,0.0,1,17.16,19.72,SPY220715P00410000,410.0,0,0.0,0.0,,0.0,normalDay
2022-03-02,10504.0,5.0,0.0,0,437.89,0.0,1,17.16,17.11,SPY220715P00410000,410.0,0,0.0,0.0,,0.0,normalDay
2022-03-03,10504.0,-23.0,0.0,0,435.71,0.0,1,17.16,17.39,SPY220715P00410000,410.0,0,0.0,0.0,,0.0,normalDay
2022-03-04,10504.0,-204.0,0.0,0,432.17,0.0,1,17.16,19.2,SPY220715P00410000,410.0,0,0.0,0.0,,0.0,normalDay
2022-03-07,10504.0,-784.0,0.0,0,419.43,0.0,1,17.16,25.0,SPY220715P00410000,410.0,0,0.0,0.0,,0.0,normalDay
2022-03-08,10504.0,-853.0,0.0,0,416.25,0.0,1,17.16,25.69,SPY220715P00410000,410.0,0,0.0,0.0,,0.0,normalDay
2022-03-09,10504.0,-296.0,0.0,0,427.41,0.0,1,17.16,20.12,SPY220715P00410000,410.0,0,0.0,0.0,,0.0,normalDay
2022-03-10,10504.0,-303.0,0.0,0,425.48,0.0,1,17.16,20.19,SPY220715P00410000,410.0,0,0.0,0.0,,0.0,normalDay
2022-03-11,10504.0,-516.0,0.0,0,420.07,0.0,1,17.16,22.32,SPY220715P00410000,410.0,0,0.0,0.0,,0.0,normalDay
2022-03-14,10504.0,-617.0,0.0,0,417.0,0.0,1,17.16,23.33,SPY220715P00410000,410.0,0,0.0,0.0,,0.0,normalDay
2022-03-15,10504.0,-258.0,0.0,0,426.17,0.0,1,17.16,19.74,SPY220715P00410000,410.0,0,0.0,0.0,,0.0,normalDay
2022-03-16,10504.0,171.0,0.0,0,435.62,0.0,1,17.16,15.45,SPY220715P00410000,410.0,0,0.0,0.0,,0.0,normalDay
2022-03-17,10504.0,367.0,0.0,0,441.07,0.0,1,17.16,13.49,SPY220715P00410000,410.0,0,0.0,0.0,,0.0,normalDay
2022-03-18,10504.0,576.0,0.0,0,444.52,0.0,1,17.16,11.4,SPY220715P00410000,410.0,0,0.0,0.0,,0.0,normalDay
2022-03-21,10504.0,596.0,0.0,0,444.39,0.0,1,17.16,11.2,SPY220715P00410000,410.0,0,0.0,0.0,,0.0,normalDay
2022-03-22,10504.0,733.0,0.0,0,449.59,0.0,1,17.16,9.83,SPY220715P00410000,410.0,0,0.0,0.0,,0.0,normalDay
2022-03-23,10504.0,609.0,0.0,0,443.8,0.0,1,17.16,11.07,SPY220715P00410000,410.0,0,0.0,0.0,,0.0,normalDay
2022-03-24,10504.0,779.0,0.0,0,450.49,0.0,1,17.16,9.37,SPY220715P00410000,410.0,0,0.0,0.0,,0.0,normalDay
2022-03-25,10504.0,837.0,0.0,0,452.69,0.0,1,17.16,8.79,SPY220715P00410000,410.0,0,0.0,0.0,,0.0,normalDay
2022-03-28,10504.0,928.0,0.0,0,455.91,0.0,1,17.16,7.88,SPY220715P00410000,410.0,0,0.0,0.0,,0.0,normalDay
2022-03-29,10504.0,1038.0,0.0,0,461.55,0.0,1,17.16,6.78,SPY220715P00410000,410.0,0,0.0,0.0,,0.0,normalDay
2022-03-30,10504.0,1000.0,0.0,0,458.7,0.0,1,17.16,7.16,SPY220715P00410000,410.0,0,0.0,0.0,,0.0,normalDay
2022-03-31,10504.0,865.0,0.0,0,451.64,0.0,1,17.16,8.51,SPY220715P00410000,410.0,0,0.0,0.0,,0.0,normalDay
2022-04-01,10504.0,916.0,0.0,0,452.92,0.0,1,17.16,8.0,SPY220715P00410000,410.0,0,0.0,0.0,,0.0,normalDay
2022-04-04,10504.0,1054.0,0.0,0,456.8,0.0,1,17.16,6.62,SPY220715P00410000,410.0,0,0.0,0.0,,0.0,normalDay
2022-04-05,10504.0,898.0,0.0,0,451.03,0.0,1,17.16,8.18,SPY220715P00410000,410.0,0,0.0,0.0,,0.0,normalDay
2022-04-06,10504.0,794.0,0.0,0,446.52,0.0,1,17.16,9.22,SPY220715P00410000,410.0,0,0.0,0.0,,0.0,normalDay
2022-04-07,10504.0,852.0,0.0,0,448.77,0.0,1,17.16,8.64,SPY220715P00410000,410.0,0,0.0,0.0,,0.0,normalDay
2022-04-08,10504.0,859.0,0.0,0,447.57,0.0,1,17.16,8.57,SPY220715P00410000,410.0,0,0.0,0.0,,0.0,normalDay
2022-04-11,10504.0,654.0,0.0,0,439.92,0.0,1,17.16,10.62,SPY220715P00410000,410.0,0,0.0,0.0,,0.0,normalDay
2022-04-12,10504.0,633.0,0.0,0,438.29,0.0,1,17.16,10.83,SPY220715P00410000,410.0,0,0.0,0.0,,0.0,normalDay
2022-04-13,10504.0,826.0,0.0,0,443.31,0.0,1,17.16,8.9,SPY220715P00410000,410.0,0,0.0,0.0,,0.0,normalDay
2022-04-14,10504.0,699.0,0.0,0,437.79,0.0,1,17.16,10.17,SPY220715P00410000,410.0,0,0.0,0.0,,0.0,normalDay
2022-04-18,10504.0,785.0,0.0,0,437.97,0.0,1,17.16,9.31,SPY220715P00410000,410.0,0,0.0,0.0,,0.0,normalDay
2022-04-19,10504.0,895.0,0.0,0,445.04,0.0,1,17.16,8.21,SPY220715P00410000,410.0,0,0.0,0.0,,0.0,normalDay
2022-04-20,10504.0,980.0,0.0,0,444.71,0.0,1,17.16,7.36,SPY220715P00410000,410.0,0,0.0,0.0,,0.0,normalDay
2022-04-21,10504.0,754.0,0.0,0,438.06,0.0,1,17.16,9.62,SPY220715P00410000,410.0,0,0.0,0.0,,0.0,normalDay
2022-04-22,10504.0,274.0,0.0,0,426.04,0.0,1,17.16,14.42,SPY220715P00410000,410.0,0,0.0,0.0,,0.0,normalDay
2022-04-25,10504.0,446.0,0.0,0,428.51,0.0,1,17.16,12.7,SPY220715P00410000,410.0,0,0.0,0.0,,0.0,normalDay
2022-04-26,10504.0,-163.0,0.0,0,416.1,0.0,1,17.16,18.79,SPY220715P00410000,410.0,0,0.0,0.0,,0.0,normalDay
2022-04-27,10504.0,34.0,0.0,0,417.27,0.0,1,17.16,16.82,SPY220715P00410000,410.0,0,0.0,0.0,,0.0,normalDay
2022-04-28,10504.0,337.0,0.0,0,427.81,0.0,1,17.16,13.79,SPY220715P00410000,410.0,0,0.0,0.0,,0.0,normalDay
2022-04-29,10504.0,-176.0,0.0,0,412.0,0.0,1,17.16,18.92,SPY220715P00410000,410.0,0,0.0,0.0,,0.0,normalDay
2022-05-02,10504.0,-39.0,0.0,0,414.48,0.0,1,17.16,17.55,SPY220715P00410000,410.0,0,0.0,0.0,,0.0,normalDay
2022-05-03,10504.0,144.0,0.0,0,416.38,0.0,1,17.16,15.72,SPY220715P00410000,410.0,0,0.0,0.0,,0.0,normalDay
2022-05-04,10504.0,612.0,0.0,0,429.06,0.0,1,17.16,11.04,SPY220715P00410000,410.0,0,0.0,0.0,,0.0,normalDay
2022-05-05,10504.0,-66.0,0.0,0,413.81,0.0,1,17.16,17.82,SPY220715P00410000,410.0,0,0.0,0.0,,0.0,normalDay
2022-05-06,10504.0,-165.0,0.0,0,411.34,0.0,1,17.16,18.81,SPY220715P00410000,410.0,0,0.0,0.0,,0.0,normalDay
2022-05-09,10504.0,-788.0,0.0,0,398.17,0.0,1,17.16,25.04,SPY220715P00410000,410.0,0,0.0,0.0,,0.0,normalDay
2022-05-10,10504.0,-746.0,0.0,0,399.09,0.0,1,17.16,24.62,SPY220715P00410000,410.0,0,0.0,0.0,,0.0,normalDay
2022-05-11,10504.0,-1080.0,0.0,0,392.75,0.0,1,17.16,27.96,SPY220715P00410000,410.0,0,0.0,0.0,,0.0,normalDay
2022-05-12,10504.0,-1095.0,0.0,0,392.34,0.0,1,17.16,28.11,SPY220715P00410000,410.0,0,0.0,0.0,,0.0,normalDay
2022-05-13,10504.0,-485.0,0.0,0,401.72,0.0,1,17.16,22.01,SPY220715P00410000,410.0,0,0.0,0.0,,0.0,normalDay
2022-05-16,10504.0,-476.0,0.0,0,400.09,0.0,1,17.16,21.92,SPY220715P00410000,410.0,0,0.0,0.0,,0.0,normalDay
2022-05-17,10504.0,31.0,0.0,0,408.32,0.0,1,17.16,16.85,SPY220715P00410000,410.0,0,0.0,0.0,,0.0,normalDay
2022-05-18,10504.0,-1070.0,0.0,0,391.86,0.0,1,17.16,27.86,SPY220715P00410000,410.0,0,0.0,0.0,,0.0,normalDay
2022-05-19,10504.0,-1117.0,0.0,0,389.46,0.0,1,17.16,28.33,SPY220715P00410000,410.0,0,0.0,0.0,,0.0,normalDay
2022-05-20,10504.0,-1088.0,0.0,0,389.63,0.0,1,17.16,28.04,SPY220715P00410000,410.0,0,0.0,0.0,,0.0,normalDay
2022-05-23,10504.0,-550.0,0.0,0,396.92,0.0,1,17.16,22.66,SPY220715P00410000,410.0,0,0.0,0.0,,0.0,normalDay
2022-05-24,10504.0,-752.0,0.0,0,393.89,0.0,1,17.16,24.68,SPY220715P00410000,410.0,0,0.0,0.0,,0.0,normalDay
2022-05-25,10504.0,-531.0,0.0,0,397.37,0.0,1,17.16,22.47,SPY220715P00410000,410.0,0,0.0,0.0,,0.0,normalDay
2022-05-26,10504.0,-58.0,0.0,0,405.31,0.0,1,17.16,17.74,SPY220715P00410000,410.0,0,0.0,0.0,,0.0,normalDay
2022-05-27,10504.0,486.0,0.0,0,415.26,0.0,1,17.16,12.3,SPY220715P00410000,410.0,0,0.0,0.0,,0.0,normalDay
2022-05-31,10504.0,412.0,0.0,0,412.93,0.0,1,17.16,13.04,SPY220715P00410000,410.0,0,0.0,0.0,,0.0,normalDay
2022-06-01,10504.0,316.0,0.0,0,409.59,0.0,1,17.16,14.0,SPY220715P00410000,410.0,0,0.0,0.0,,0.0,normalDay
2022-06-02,10504.0,692.0,0.0,0,417.39,0.0,1,17.16,10.24,SPY220715P00410000,410.0,0,0.0,0.0,,0.0,normalDay
2022-06-03,10504.0,422.0,0.0,0,410.54,0.0,1,17.16,12.94,SPY220715P00410000,410.0,0,0.0,0.0,,0.0,normalDay
2022-06-06,10504.0,511.0,0.0,0,411.79,0.0,1,17.16,12.05,SPY220715P00410000,410.0,0,0.0,0.0,,0.0,normalDay
2022-06-07,10504.0,704.0,0.0,0,415.74,0.0,1,17.16,10.12,SPY220715P00410000,410.0,0,0.0,0.0,,0.0,normalDay
2022-06-08,10504.0,556.0,0.0,0,411.22,0.0,1,17.16,11.6,SPY220715P00410000,410.0,0,0.0,0.0,,0.0,normalDay
2022-06-09,10504.0,24.0,0.0,0,401.44,0.0,1,17.16,16.92,SPY220715P00410000,410.0,0,0.0,0.0,,0.0,normalDay
2022-06-10,10504.0,-764.0,0.0,0,389.8,0.0,1,17.16,24.8,SPY220715P00410000,410.0,0,0.0,0.0,,0.0,normalDay
2022-06-13,10504.0,-2077.0,0.0,0,375.0,0.0,1,17.16,37.93,SPY220715P00410000,410.0,0,0.0,0.0,,0.0,normalDay
2022-06-14,10504.0,-2234.0,0.0,0,373.87,0.0,1,17.16,39.5,SPY220715P00410000,410.0,0,0.0,0.0,,0.0,normalDay
2022-06-15,10504.0,-1658.0,0.0,0,379.2,0.0,1,17.16,33.74,SPY220715P00410000,410.0,0,0.0,0.0,,0.0,normalDay
2022-06-16,10504.0,-2779.0,0.0,0,366.65,0.0,1,17.16,44.95,SPY220715P00410000,410.0,0,0.0,0.0,,0.0,normalDay
2022-06-17,10504.0,-2681.0,0.0,0,365.86,0.0,1,17.16,43.97,SPY220715P00410000,410.0,0,0.0,0.0,,0.0,normalDay
2022-06-21,10504.0,-1862.0,0.0,0,375.07,0.0,1,17.16,35.78,SPY220715P00410000,410.0,0,0.0,0.0,,0.0,normalDay
2022-06-22,10504.0,-1873.0,0.0,0,374.39,0.0,1,17.16,35.89,SPY220715P00410000,410.0,0,0.0,0.0,,0.0,normalDay
2022-06-23,10504.0,-1639.0,0.0,0,378.06,0.0,1,17.16,33.55,SPY220715P00410000,410.0,0,0.0,0.0,,0.0,normalDay
2022-06-24,10504.0,-555.0,0.0,0,390.08,0.0,1,17.16,22.71,SPY220715P00410000,410.0,0,0.0,0.0,,0.0,normalDay
2022-06-27,10504.0,-530.0,0.0,0,388.59,0.0,1,17.16,22.46,SPY220715P00410000,410.0,0,0.0,0.0,,0.0,normalDay
2022-06-28,10504.0,-1290.0,0.0,0,380.65,0.0,1,17.16,30.06,SPY220715P00410000,410.0,0,0.0,0.0,,0.0,normalDay
2022-06-29,10504.0,-1273.0,0.0,0,380.34,0.0,1,17.16,29.89,SPY220715P00410000,410.0,0,0.0,0.0,,0.0,normalDay
2022-06-30,10504.0,-1682.0,0.0,0,377.25,0.0,1,17.16,33.98,SPY220715P00410000,410.0,0,0.0,0.0,,0.0,normalDay
2022-07-01,10504.0,-1225.0,0.0,0,381.24,0.0,1,17.16,29.41,SPY220715P00410000,410.0,0,0.0,0.0,,0.0,normalDay
2022-07-05,10504.0,-1176.0,0.0,0,381.96,0.0,1,17.16,28.92,SPY220715P00410000,410.0,0,0.0,0.0,,0.0,normalDay
2022-07-06,10504.0,-957.0,0.0,0,383.25,0.0,1,17.16,26.73,SPY220715P00410000,410.0,0,0.0,0.0,,0.0,normalDay
2022-07-07,10504.0,-454.0,0.0,0,388.99,0.0,1,17.16,21.7,SPY220715P00410000,410.0,0,0.0,0.0,,0.0,normalDay
2022-07-08,10504.0,-419.0,0.0,0,388.67,0.0,1,17.16,21.35,SPY220715P00410000,410.0,0,0.0,0.0,,0.0,normalDay
2022-07-11,10504.0,-829.0,0.0,0,384.23,0.0,1,17.16,25.45,SPY220715P00410000,410.0,0,0.0,0.0,,0.0,normalDay
2022-07-12,10504.0,-1251.0,0.0,0,380.83,0.0,1,17.16,29.67,SPY220715P00410000,410.0,0,0.0,0.0,,0.0,normalDay
2022-07-13,10504.0,-1436.0,0.0,0,378.83,0.0,1,17.16,31.52,SPY220715P00410000,410.0,0,0.0,0.0,,0.0,normalDay
2022-07-14,10504.0,-1487.0,0.0,0,377.91,0.0,1,17.16,32.03,SPY220715P00410000,410.0,0,0.0,0.0,,0.0,normalDay
2022-07-15,12220.0,-2487.0,1716.0,100,385.13,410.0,1,17.16,0.0,SPY220715P00410000,410.0,0,0.0,0.0,,0.0,expirationDay
2022-07-18,12220.0,-2814.0,0.0,100,381.95,410.0,0,0.0,0.0,,0.0,1,12.86,12.95,SPY221118C00400000,400.0,normalDay
2022-07-19,12220.0,-2303.0,0.0,100,392.27,410.0,0,0.0,0.0,,0.0,1,12.86,18.16,SPY221118C00400000,400.0,normalDay
2022-07-20,12220.0,-2158.0,0.0,100,394.77,410.0,0,0.0,0.0,,0.0,1,12.86,19.21,SPY221118C00400000,400.0,normalDay
2022-07-21,12220.0,-1909.0,0.0,100,398.79,410.0,0,0.0,0.0,,0.0,1,12.86,20.74,SPY221118C00400000,400.0,normalDay
2022-07-22,12220.0,-2041.0,0.0,100,395.09,410.0,0,0.0,0.0,,0.0,1,12.86,18.36,SPY221118C00400000,400.0,normalDay
2022-07-25,12220.0,-2039.0,0.0,100,395.57,410.0,0,0.0,0.0,,0.0,1,12.86,18.82,SPY221118C00400000,400.0,normalDay
2022-07-26,12220.0,-2296.0,0.0,100,390.89,410.0,0,0.0,0.0,,0.0,1,12.86,16.71,SPY221118C00400000,400.0,normalDay
2022-07-27,12220.0,-1700.0,0.0,100,401.04,410.0,0,0.0,0.0,,0.0,1,12.86,20.9,SPY221118C00400000,400.0,normalDay
2022-07-28,12220.0,-1568.0,0.0,100,406.07,410.0,0,0.0,0.0,,0.0,1,12.86,24.61,SPY221118C00400000,400.0,normalDay
2022-07-29,12220.0,-1275.0,0.0,100,411.99,410.0,0,0.0,0.0,,0.0,1,12.86,27.6,SPY221118C00400000,400.0,normalDay
2022-08-01,12220.0,-1364.0,0.0,100,410.77,410.0,0,0.0,0.0,,0.0,1,12.86,27.27,SPY221118C00400000,400.0,normalDay
2022-08-02,12220.0,-1481.0,0.0,100,408.06,410.0,0,0.0,0.0,,0.0,1,12.86,25.73,SPY221118C00400000,400.0,normalDay
2022-08-03,12220.0,-1178.0,0.0,100,414.45,410.0,0,0.0,0.0,,0.0,1,12.86,29.09,SPY221118C00400000,400.0,normalDay
2022-08-04,12220.0,-1211.0,0.0,100,414.17,410.0,0,0.0,0.0,,0.0,1,12.86,29.14,SPY221118C00400000,400.0,normalDay
2022-08-05,12220.0,-1175.0,0.0,100,413.47,410.0,0,0.0,0.0,,0.0,1,12.86,28.08,SPY221118C00400000,400.0,normalDay
2022-08-08,12220.0,-1214.0,0.0,100,412.99,410.0,0,0.0,0.0,,0.0,1,12.86,27.99,SPY221118C00400000,400.0,normalDay
2022-08-09,12220.0,-1273.0,0.0,100,411.35,410.0,0,0.0,0.0,,0.0,1,12.86,26.94,SPY221118C00400000,400.0,normalDay
2022-08-10,12220.0,-903.0,0.0,100,419.99,410.0,0,0.0,0.0,,0.0,1,12.86,31.88,SPY221118C00400000,400.0,normalDay
2022-08-11,12220.0,-986.0,0.0,100,419.99,410.0,0,0.0,0.0,,0.0,1,12.86,32.71,SPY221118C00400000,400.0,normalDay
2022-08-12,12220.0,-717.0,0.0,100,427.1,410.0,0,0.0,0.0,,0.0,1,12.86,37.13,SPY221118C00400000,400.0,normalDay
2022-08-15,12220.0,-683.0,0.0,100,428.86,410.0,0,0.0,0.0,,0.0,1,12.86,38.55,SPY221118C00400000,400.0,normalDay
2022-08-16,12220.0,-652.0,0.0,100,429.7,410.0,0,0.0,0.0,,0.0,1,12.86,39.08,SPY221118C00400000,400.0,normalDay
2022-08-17,12220.0,-767.0,0.0,100,426.65,410.0,0,0.0,0.0,,0.0,1,12.86,37.18,SPY221118C00400000,400.0,normalDay
2022-08-18,12220.0,-677.0,0.0,100,427.89,410.0,0,0.0,0.0,,0.0,1,12.86,37.52,SPY221118C00400000,400.0,normalDay
2022-08-19,12220.0,-836.0,0.0,100,422.14,410.0,0,0.0,0.0,,0.0,1,12.86,33.36,SPY221118C00400000,400.0,normalDay
2022-08-22,12220.0,-1139.0,0.0,100,413.35,410.0,0,0.0,0.0,,0.0,1,12.86,27.6,SPY221118C00400000,400.0,normalDay
2022-08-23,12220.0,-1110.0,0.0,100,412.35,410.0,0,0.0,0.0,,0.0,1,12.86,26.31,SPY221118C00400000,400.0,normalDay
2022-08-24,12220.0,-1029.0,0.0,100,413.67,410.0,0,0.0,0.0,,0.0,1,12.86,26.82,SPY221118C00400000,400.0,normalDay
2022-08-25,12220.0,-778.0,0.0,100,419.51,410.0,0,0.0,0.0,,0.0,1,12.86,30.15,SPY221118C00400000,400.0,normalDay
2022-08-26,12220.0,-1332.0,0.0,100,405.31,410.0,0,0.0,0.0,,0.0,1,12.86,21.49,SPY221118C00400000,400.0,normalDay
2022-08-29,12220.0,-1424.0,0.0,100,402.63,410.0,0,0.0,0.0,,0.0,1,12.86,19.73,SPY221118C00400000,400.0,normalDay
2022-08-30,12220.0,-1601.0,0.0,100,398.21,410.0,0,0.0,0.0,,0.0,1,12.86,17.08,SPY221118C00400000,400.0,normalDay
2022-08-31,12220.0,-1708.0,0.0,100,395.18,410.0,0,0.0,0.0,,0.0,1,12.86,15.12,SPY221118C00400000,400.0,normalDay
2022-09-01,12220.0,-1602.0,0.0,100,396.42,410.0,0,0.0,0.0,,0.0,1,12.86,15.3,SPY221118C00400000,400.0,normalDay
2022-09-02,12220.0,-1817.0,0.0,100,392.24,410.0,0,0.0,0.0,,0.0,1,12.86,13.27,SPY221118C00400000,400.0,normalDay
2022-09-06,12220.0,-1852.0,0.0,100,390.76,410.0,0,0.0,0.0,,0.0,1,12.86,12.14,SPY221118C00400000,400.0,normalDay
2022-09-07,12220.0,-1444.0,0.0,100,397.78,410.0,0,0.0,0.0,,0.0,1,12.86,15.08,SPY221118C00400000,400.0,normalDay
2022-09-08,12220.0,-1318.0,0.0,100,400.38,410.0,0,0.0,0.0,,0.0,1,12.86,16.42,SPY221118C00400000,400.0,normalDay
2022-09-09,12220.0,-1001.0,0.0,100,406.6,410.0,0,0.0,0.0,,0.0,1,12.86,19.47,SPY221118C00400000,400.0,normalDay
2022-09-12,12220.0,-882.0,0.0,100,410.97,410.0,0,0.0,0.0,,0.0,1,12.86,22.65,SPY221118C00400000,400.0,normalDay
2022-09-13,12220.0,-1711.0,0.0,100,393.1,410.0,0,0.0,0.0,,0.0,1,12.86,13.07,SPY221118C00400000,400.0,normalDay
2022-09-14,12220.0,-1572.0,0.0,100,394.6,410.0,0,0.0,0.0,,0.0,1,12.86,13.18,SPY221118C00400000,400.0,normalDay
2022-09-15,12220.0,-1824.0,0.0,100,390.12,410.0,0,0.0,0.0,,0.0,1,12.86,11.22,SPY221118C00400000,400.0,normalDay
2022-09-16,12220.0,-2127.0,0.0,100,385.56,410.0,0,0.0,0.0,,0.0,1,12.86,9.69,SPY221118C00400000,400.0,normalDay
2022-09-19,12220.0,-1900.0,0.0,100,388.55,410.0,0,0.0,0.0,,0.0,1,12.86,10.41,SPY221118C00400000,400.0,normalDay
2022-09-20,12220.0,-2196.0,0.0,100,384.09,410.0,0,0.0,0.0,,0.0,1,12.86,8.91,SPY221118C00400000,400.0,normalDay
2022-09-21,12220.0,-2614.0,0.0,100,377.39,410.0,0,0.0,0.0,,0.0,1,12.86,6.39,SPY221118C00400000,400.0,normalDay
2022-09-22,12220.0,-2813.0,0.0,100,374.22,410.0,0,0.0,0.0,,0.0,1,12.86,5.21,SPY221118C00400000,400.0,normalDay
2022-09-23,12220.0,-3287.0,0.0,100,367.95,410.0,0,0.0,0.0,,0.0,1,12.86,3.68,SPY221118C00400000,400.0,normalDay
2022-09-26,12220.0,-3590.0,0.0,100,364.31,410.0,0,0.0,0.0,,0.0,1,12.86,3.07,SPY221118C00400000,400.0,normalDay
2022-09-27,12220.0,-3657.0,0.0,100,363.38,410.0,0,0.0,0.0,,0.0,1,12.86,2.81,SPY221118C00400000,400.0,normalDay
2022-09-28,12220.0,-3050.0,0.0,100,370.53,410.0,0,0.0,0.0,,0.0,1,12.86,3.89,SPY221118C00400000,400.0,normalDay
2022-09-29,12220.0,-3670.0,0.0,100,362.79,410.0,0,0.0,0.0,,0.0,1,12.86,2.35,SPY221118C00400000,400.0,normalDay
2022-09-30,12220.0,-4147.0,0.0,100,357.18,410.0,0,0.0,0.0,,0.0,1,12.86,1.51,SPY221118C00400000,400.0,normalDay
2022-10-03,12220.0,-3308.0,0.0,100,366.61,410.0,0,0.0,0.0,,0.0,1,12.86,2.55,SPY221118C00400000,400.0,normalDay
2022-10-04,12220.0,-2408.0,0.0,100,377.97,410.0,0,0.0,0.0,,0.0,1,12.86,4.91,SPY221118C00400000,400.0,normalDay
2022-10-05,12220.0,-2466.0,0.0,100,377.09,410.0,0,0.0,0.0,,0.0,1,12.86,4.61,SPY221118C00400000,400.0,normalDay
2022-10-06,12220.0,-2771.0,0.0,100,373.2,410.0,0,0.0,0.0,,0.0,1,12.86,3.77,SPY221118C00400000,400.0,normalDay
2022-10-07,12220.0,-3611.0,0.0,100,362.79,410.0,0,0.0,0.0,,0.0,1,12.86,1.76,SPY221118C00400000,400.0,normalDay
2022-10-10,12220.0,-3872.0,0.0,100,360.02,410.0,0,0.0,0.0,,0.0,1,12.86,1.6,SPY221118C00400000,400.0,normalDay
2022-10-11,12220.0,-4083.0,0.0,100,357.74,410.0,0,0.0,0.0,,0.0,1,12.86,1.43,SPY221118C00400000,400.0,normalDay
2022-10-12,12220.0,-4187.0,0.0,100,356.56,410.0,0,0.0,0.0,,0.0,1,12.86,1.29,SPY221118C00400000,400.0,normalDay
2022-10-13,12220.0,-3358.0,0.0,100,365.97,410.0,0,0.0,0.0,,0.0,1,12.86,2.41,SPY221118C00400000,400.0,normalDay
2022-10-14,12220.0,-4067.0,0.0,100,357.63,410.0,0,0.0,0.0,,0.0,1,12.86,1.16,SPY221118C00400000,400.0,normalDay
2022-10-17,12220.0,-3245.0,0.0,100,366.82,410.0,0,0.0,0.0,,0.0,1,12.86,2.13,SPY221118C00400000,400.0,normalDay
2022-10-18,12220.0,-2879.0,0.0,100,371.13,410.0,0,0.0,0.0,,0.0,1,12.86,2.78,SPY221118C00400000,400.0,normalDay
2022-10-19,12220.0,-3067.0,0.0,100,368.5,410.0,0,0.0,0.0,,0.0,1,12.86,2.03,SPY221118C00400000,400.0,normalDay
2022-10-20,12220.0,-3317.0,0.0,100,365.41,410.0,0,0.0,0.0,,0.0,1,12.86,1.44,SPY221118C00400000,400.0,normalDay
2022-10-21,12220.0,-2575.0,0.0,100,374.29,410.0,0,0.0,0.0,,0.0,1,12.86,2.9,SPY221118C00400000,400.0,normalDay
2022-10-24,12220.0,-2209.0,0.0,100,378.87,410.0,0,0.0,0.0,,0.0,1,12.86,3.82,SPY221118C00400000,400.0,normalDay
2022-10-25,12220.0,-1675.0,0.0,100,384.92,410.0,0,0.0,0.0,,0.0,1,12.86,4.53,SPY221118C00400000,400.0,normalDay
2022-10-26,12220.0,-1903.0,0.0,100,382.02,410.0,0,0.0,0.0,,0.0,1,12.86,3.91,SPY221118C00400000,400.0,normalDay
2022-10-27,12220.0,-1937.0,0.0,100,379.98,410.0,0,0.0,0.0,,0.0,1,12.86,2.21,SPY221118C00400000,400.0,normalDay
2022-10-28,12220.0,-1346.0,0.0,100,389.02,410.0,0,0.0,0.0,,0.0,1,12.86,5.34,SPY221118C00400000,400.0,normalDay
2022-10-31,12220.0,-1478.0,0.0,100,386.21,410.0,0,0.0,0.0,,0.0,1,12.86,3.85,SPY221118C00400000,400.0,normalDay
2022-11-01,12220.0,-1573.0,0.0,100,384.52,410.0,0,0.0,0.0,,0.0,1,12.86,3.11,SPY221118C00400000,400.0,normalDay
2022-11-02,12220.0,-2333.0,0.0,100,374.87,410.0,0,0.0,0.0,,0.0,1,12.86,1.06,SPY221118C00400000,400.0,normalDay
2022-11-03,12220.0,-2672.0,0.0,100,371.01,410.0,0,0.0,0.0,,0.0,1,12.86,0.59,SPY221118C00400000,400.0,normalDay
2022-11-04,12220.0,-2162.0,0.0,100,376.35,410.0,0,0.0,0.0,,0.0,1,12.86,0.83,SPY221118C00400000,400.0,normalDay
2022-11-07,12220.0,-1812.0,0.0,100,379.95,410.0,0,0.0,0.0,,0.0,1,12.86,0.93,SPY221118C00400000,400.0,normalDay
2022-11-08,12220.0,-1629.0,0.0,100,382.0,410.0,0,0.0,0.0,,0.0,1,12.86,1.15,SPY221118C00400000,400.0,normalDay
2022-11-09,12220.0,-2338.0,0.0,100,374.13,410.0,0,0.0,0.0,,0.0,1,12.86,0.37,SPY221118C00400000,400.0,normalDay
2022-11-10,12220.0,-609.0,0.0,100,394.69,410.0,0,0.0,0.0,,0.0,1,12.86,3.64,SPY221118C00400000,400.0,normalDay
2022-11-11,12220.0,-254.0,0.0,100,398.51,410.0,0,0.0,0.0,,0.0,1,12.86,3.91,SPY221118C00400000,400.0,normalDay
2022-11-14,12220.0,-418.0,0.0,100,395.12,410.0,0,0.0,0.0,,0.0,1,12.86,2.16,SPY221118C00400000,400.0,normalDay
2022-11-15,12220.0,-177.0,0.0,100,398.49,410.0,0,0.0,0.0,,0.0,1,12.86,3.12,SPY221118C00400000,400.0,normalDay
2022-11-16,12220.0,-284.0,0.0,100,395.45,410.0,0,0.0,0.0,,0.0,1,12.86,1.15,SPY221118C00400000,400.0,normalDay
2022-11-17,12220.0,-323.0,0.0,100,394.24,410.0,0,0.0,0.0,,0.0,1,12.86,0.33,SPY221118C00400000,400.0,normalDay
2022-11-18,13506.0,-1397.0,1286.0,100,396.03,410.0,0,0.0,0.0,,0.0,1,12.86,0.0,SPY221118C00400000,400.0,expirationDay
2022-11-21,13506.0,-1562.0,0.0,100,394.59,410.0,0,0.0,0.0,,0.0,1,11.33,11.54,SPY230331C00418000,418.0,normalDay
2022-11-22,13506.0,-1196.0,0.0,100,399.9,410.0,0,0.0,0.0,,0.0,1,11.33,13.19,SPY230331C00418000,418.0,normalDay
2022-11-23,13506.0,-1012.0,0.0,100,402.42,410.0,0,0.0,0.0,,0.0,1,11.33,13.87,SPY230331C00418000,418.0,normalDay
2022-11-25,13506.0,-1011.0,0.0,100,402.33,410.0,0,0.0,0.0,,0.0,1,11.33,13.77,SPY230331C00418000,418.0,normalDay
2022-11-28,13506.0,-1399.0,0.0,100,395.91,410.0,0,0.0,0.0,,0.0,1,11.33,11.23,SPY230331C00418000,418.0,normalDay
2022-11-29,13506.0,-1411.0,0.0,100,395.23,410.0,0,0.0,0.0,,0.0,1,11.33,10.67,SPY230331C00418000,418.0,normalDay
2022-11-30,13506.0,-783.0,0.0,100,407.68,410.0,0,0.0,0.0,,0.0,1,11.33,16.84,SPY230331C00418000,418.0,normalDay
2022-12-01,13506.0,-655.0,0.0,100,407.38,410.0,0,0.0,0.0,,0.0,1,11.33,15.26,SPY230331C00418000,418.0,normalDay
2022-12-02,13506.0,-632.0,0.0,100,406.91,410.0,0,0.0,0.0,,0.0,1,11.33,14.56,SPY230331C00418000,418.0,normalDay
2022-12-05,13506.0,-1046.0,0.0,100,399.59,410.0,0,0.0,0.0,,0.0,1,11.33,11.38,SPY230331C00418000,418.0,normalDay
2022-12-06,13506.0,-1421.0,0.0,100,393.83,410.0,0,0.0,0.0,,0.0,1,11.33,9.37,SPY230331C00418000,418.0,normalDay
2022-12-07,13506.0,-1471.0,0.0,100,393.16,410.0,0,0.0,0.0,,0.0,1,11.33,9.2,SPY230331C00418000,418.0,normalDay
2022-12-08,13506.0,-1247.0,0.0,100,396.24,410.0,0,0.0,0.0,,0.0,1,11.33,10.04,SPY230331C00418000,418.0,normalDay
2022-12-09,13506.0,-1446.0,0.0,100,393.28,410.0,0,0.0,0.0,,0.0,1,11.33,9.07,SPY230331C00418000,418.0,normalDay
2022-12-12,13506.0,-1100.0,0.0,100,398.95,410.0,0,0.0,0.0,,0.0,1,11.33,11.28,SPY230331C00418000,418.0,normalDay
2022-12-13,13506.0,-867.0,0.0,100,401.97,410.0,0,0.0,0.0,,0.0,1,11.33,11.97,SPY230331C00418000,418.0,normalDay
2022-12-14,13506.0,-1016.0,0.0,100,399.4,410.0,0,0.0,0.0,,0.0,1,11.33,10.89,SPY230331C00418000,418.0,normalDay
2022-12-15,13506.0,-1604.0,0.0,100,389.63,410.0,0,0.0,0.0,,0.0,1,11.33,7.0,SPY230331C00418000,418.0,normalDay
2022-12-16,13506.0,-2089.0,0.0,100,383.27,410.0,0,0.0,0.0,,0.0,1,11.33,5.49,SPY230331C00418000,418.0,normalDay
2022-12-19,13506.0,-2310.0,0.0,100,380.02,410.0,0,0.0,0.0,,0.0,1,11.33,4.45,SPY230331C00418000,418.0,normalDay
2022-12-20,13506.0,-2250.0,0.0,100,380.54,410.0,0,0.0,0.0,,0.0,1,11.33,4.37,SPY230331C00418000,418.0,normalDay
2022-12-21,13506.0,-1776.0,0.0,100,386.23,410.0,0,0.0,0.0,,0.0,1,11.33,5.32,SPY230331C00418000,418.0,normalDay
2022-12-22,13506.0,-2228.0,0.0,100,380.72,410.0,0,0.0,0.0,,0.0,1,11.33,4.33,SPY230331C00418000,418.0,normalDay
2022-12-23,13506.0,-2024.0,0.0,100,382.91,410.0,0,0.0,0.0,,0.0,1,11.33,4.48,SPY230331C00418000,418.0,normalDay
2022-12-27,13506.0,-2138.0,0.0,100,381.4,410.0,0,0.0,0.0,,0.0,1,11.33,4.11,SPY230331C00418000,418.0,normalDay
2022-12-28,13506.0,-2511.0,0.0,100,376.66,410.0,0,0.0,0.0,,0.0,1,11.33,3.1,SPY230331C00418000,418.0,normalDay
2022-12-29,13506.0,-1945.0,0.0,100,383.44,410.0,0,0.0,0.0,,0.0,1,11.33,4.22,SPY230331C00418000,418.0,normalDay
2022-12-30,13506.0,-2032.0,0.0,100,382.43,410.0,0,0.0,0.0,,0.0,1,11.33,4.08,SPY230331C00418000,418.0,normalDay
2023-01-03,13506.0,-2122.0,0.0,100,380.82,410.0,0,0.0,0.0,,0.0,1,11.33,3.37,SPY230331C00418000,418.0,normalDay
2023-01-04,13506.0,-1866.0,0.0,100,383.76,410.0,0,0.0,0.0,,0.0,1,11.33,3.75,SPY230331C00418000,418.0,normalDay
2023-01-05,13506.0,-2206.0,0.0,100,379.38,410.0,0,0.0,0.0,,0.0,1,11.33,2.77,SPY230331C00418000,418.0,normalDay
2023-01-06,13506.0,-1480.0,0.0,100,388.08,410.0,0,0.0,0.0,,0.0,1,11.33,4.21,SPY230331C00418000,418.0,normalDay
2023-01-09,13506.0,-1491.0,0.0,100,387.86,410.0,0,0.0,0.0,,0.0,1,11.33,4.1,SPY230331C00418000,418.0,normalDay
2023-01-10,13506.0,-1240.0,0.0,100,390.58,410.0,0,0.0,0.0,,0.0,1,11.33,4.31,SPY230331C00418000,418.0,normalDay
2023-01-11,13506.0,-898.0,0.0,100,395.52,410.0,0,0.0,0.0,,0.0,1,11.33,5.83,SPY230331C00418000,418.0,normalDay
2023-01-12,13506.0,-714.0,0.0,100,396.96,410.0,0,0.0,0.0,,0.0,1,11.33,5.43,SPY230331C00418000,418.0,normalDay
2023-01-13,13506.0,-539.0,0.0,100,398.5,410.0,0,0.0,0.0,,0.0,1,11.33,5.22,SPY230331C00418000,418.0,normalDay
2023-01-17,13506.0,-575.0,0.0,100,397.77,410.0,0,0.0,0.0,,0.0,1,11.33,4.85,SPY230331C00418000,418.0,normalDay
2023-01-18,13506.0,-1048.0,0.0,100,391.49,410.0,0,0.0,0.0,,0.0,1,11.33,3.3,SPY230331C00418000,418.0,normalDay
2023-01-19,13506.0,-1257.0,0.0,100,388.64,410.0,0,0.0,0.0,,0.0,1,11.33,2.54,SPY230331C00418000,418.0,normalDay
2023-01-20,13506.0,-673.0,0.0,100,395.88,410.0,0,0.0,0.0,,0.0,1,11.33,3.94,SPY230331C00418000,418.0,normalDay
2023-01-23,13506.0,-328.0,0.0,100,400.63,410.0,0,0.0,0.0,,0.0,1,11.33,5.24,SPY230331C00418000,418.0,normalDay
2023-01-24,13506.0,-368.0,0.0,100,400.2,410.0,0,0.0,0.0,,0.0,1,11.33,5.21,SPY230331C00418000,418.0,normalDay
2023-01-25,13506.0,-309.0,0.0,100,400.35,410.0,0,0.0,0.0,,0.0,1,11.33,4.77,SPY230331C00418000,418.0,normalDay
2023-01-26,13506.0,3.0,0.0,100,404.75,410.0,0,0.0,0.0,,0.0,1,11.33,6.05,SPY230331C00418000,418.0,normalDay
2023-01-27,13506.0,71.0,0.0,100,405.68,410.0,0,0.0,0.0,,0.0,1,11.33,6.3,SPY230331C00418000,418.0,normalDay
2023-01-30,13506.0,-297.0,0.0,100,400.59,410.0,0,0.0,0.0,,0.0,1,11.33,4.89,SPY230331C00418000,418.0,normalDay
2023-01-31,13506.0,142.0,0.0,100,406.48,410.0,0,0.0,0.0,,0.0,1,11.33,6.39,SPY230331C00418000,418.0,normalDay
2023-02-01,13506.0,377.0,0.0,100,410.8,410.0,0,0.0,0.0,,0.0,1,11.33,8.36,SPY230331C00418000,418.0,normalDay
2023-02-02,13506.0,732.0,0.0,100,416.78,410.0,0,0.0,0.0,,0.0,1,11.33,10.79,SPY230331C00418000,418.0,normalDay
2023-02-03,13506.0,499.0,0.0,100,412.35,410.0,0,0.0,0.0,,0.0,1,11.33,8.69,SPY230331C00418000,418.0,normalDay
2023-02-06,13506.0,352.0,0.0,100,409.83,410.0,0,0.0,0.0,,0.0,1,11.33,7.64,SPY230331C00418000,418.0,normalDay
2023-02-07,13506.0,694.0,0.0,100,415.19,410.0,0,0.0,0.0,,0.0,1,11.33,9.58,SPY230331C00418000,418.0,normalDay
2023-02-08,13506.0,394.0,0.0,100,410.65,410.0,0,0.0,0.0,,0.0,1,11.33,8.04,SPY230331C00418000,418.0,normalDay
2023-02-09,13506.0,169.0,0.0,100,407.09,410.0,0,0.0,0.0,,0.0,1,11.33,6.73,SPY230331C00418000,418.0,normalDay
2023-02-10,13506.0,251.0,0.0,100,408.04,410.0,0,0.0,0.0,,0.0,1,11.33,6.86,SPY230331C00418000,418.0,normalDay
2023-02-13,13506.0,545.0,0.0,100,412.83,410.0,0,0.0,0.0,,0.0,1,11.33,8.71,SPY230331C00418000,418.0,normalDay
2023-02-14,13506.0,647.0,0.0,100,412.64,410.0,0,0.0,0.0,,0.0,1,11.33,7.5,SPY230331C00418000,418.0,normalDay
2023-02-15,13506.0,726.0,0.0,100,413.98,410.0,0,0.0,0.0,,0.0,1,11.33,8.05,SPY230331C00418000,418.0,normalDay
2023-02-16,13506.0,406.0,0.0,100,408.28,410.0,0,0.0,0.0,,0.0,1,11.33,5.55,SPY230331C00418000,418.0,normalDay
2023-02-17,13506.0,363.0,0.0,100,407.26,410.0,0,0.0,0.0,,0.0,1,11.33,4.96,SPY230331C00418000,418.0,normalDay
2023-02-21,13506.0,-229.0,0.0,100,399.09,410.0,0,0.0,0.0,,0.0,1,11.33,2.71,SPY230331C00418000,418.0,normalDay
2023-02-22,13506.0,-236.0,0.0,100,398.54,410.0,0,0.0,0.0,,0.0,1,11.33,2.23,SPY230331C00418000,418.0,normalDay
2023-02-23,13506.0,-32.0,0.0,100,400.66,410.0,0,0.0,0.0,,0.0,1,11.33,2.31,SPY230331C00418000,418.0,normalDay
2023-02-24,13506.0,-382.0,0.0,100,396.38,410.0,0,0.0,0.0,,0.0,1,11.33,1.53,SPY230331C00418000,418.0,normalDay
2023-02-27,13506.0,-245.0,0.0,100,397.73,410.0,0,0.0,0.0,,0.0,1,11.33,1.51,SPY230331C00418000,418.0,normalDay
2023-02-28,13506.0,-351.0,0.0,100,396.26,410.0,0,0.0,0.0,,0.0,1,11.33,1.1,SPY230331C00418000,418.0,normalDay
2023-03-01,13506.0,-488.0,0.0,100,394.74,410.0,0,0.0,0.0,,0.0,1,11.33,0.95,SPY230331C00418000,418.0,normalDay
2023-03-02,13506.0,-202.0,0.0,100,397.81,410.0,0,0.0,0.0,,0.0,1,11.33,1.16,SPY230331C00418000,418.0,normalDay
2023-03-03,13506.0,334.0,0.0,100,404.19,410.0,0,0.0,0.0,,0.0,1,11.33,2.18,SPY230331C00418000,418.0,normalDay
2023-03-06,13506.0,369.0,0.0,100,404.47,410.0,0,0.0,0.0,,0.0,1,11.33,2.11,SPY230331C00418000,418.0,normalDay
2023-03-07,13506.0,-143.0,0.0,100,398.27,410.0,0,0.0,0.0,,0.0,1,11.33,1.03,SPY230331C00418000,418.0,normalDay
2023-03-08,13506.0,-69.0,0.0,100,398.92,410.0,0,0.0,0.0,,0.0,1,11.33,0.94,SPY230331C00418000,418.0,normalDay
2023-03-09,13506.0,-759.0,0.0,100,391.56,410.0,0,0.0,0.0,,0.0,1,11.33,0.48,SPY230331C00418000,418.0,normalDay
2023-03-10,13506.0,-1296.0,0.0,100,385.91,410.0,0,0.0,0.0,,0.0,1,11.33,0.2,SPY230331C00418000,418.0,normalDay
2023-03-13,13506.0,-1353.0,0.0,100,385.36,410.0,0,0.0,0.0,,0.0,1,11.33,0.22,SPY230331C00418000,418.0,normalDay
2023-03-14,13506.0,-714.0,0.0,100,391.73,410.0,0,0.0,0.0,,0.0,1,11.33,0.2,SPY230331C00418000,418.0,normalDay
2023-03-15,13506.0,-953.0,0.0,100,389.28,410.0,0,0.0,0.0,,0.0,1,11.33,0.14,SPY230331C00418000,418.0,normalDay
2023-03-16,13506.0,-285.0,0.0,100,396.11,410.0,0,0.0,0.0,,0.0,1,11.33,0.29,SPY230331C00418000,418.0,normalDay
2023-03-17,13506.0,-882.0,0.0,100,389.99,410.0,0,0.0,0.0,,0.0,1,11.33,0.14,SPY230331C00418000,418.0,normalDay
2023-03-20,13506.0,-507.0,0.0,100,393.74,410.0,0,0.0,0.0,,0.0,1,11.33,0.14,SPY230331C00418000,418.0,normalDay
2023-03-21,13506.0,-9.0,0.0,100,398.91,410.0,0,0.0,0.0,,0.0,1,11.33,0.33,SPY230331C00418000,418.0,normalDay
2023-03-22,13506.0,-661.0,0.0,100,392.11,410.0,0,0.0,0.0,,0.0,1,11.33,0.05,SPY230331C00418000,418.0,normalDay
2023-03-23,13506.0,-554.0,0.0,100,393.17,410.0,0,0.0,0.0,,0.0,1,11.33,0.04,SPY230331C00418000,418.0,normalDay
2023-03-24,13506.0,-295.0,0.0,100,395.75,410.0,0,0.0,0.0,,0.0,1,11.33,0.03,SPY230331C00418000,418.0,normalDay
2023-03-27,13506.0,-220.0,0.0,100,396.49,410.0,0,0.0,0.0,,0.0,1,11.33,0.02,SPY230331C00418000,418.0,normalDay
2023-03-28,13506.0,-308.0,0.0,100,395.6,410.0,0,0.0,0.0,,0.0,1,11.33,0.01,SPY230331C00418000,418.0,normalDay
2023-03-29,13506.0,267.0,0.0,100,401.35,410.0,0,0.0,0.0,,0.0,1,11.33,0.01,SPY230331C00418000,418.0,normalDay
2023-03-30,13506.0,502.0,0.0,100,403.7,410.0,0,0.0,0.0,,0.0,1,11.33,0.01,SPY230331C00418000,418.0,normalDay
2023-03-31,14639.0,-61.0,1133.0,100,409.39,410.0,0,0.0,0.0,,0.0,1,11.33,0.0,SPY230331C00418000,418.0,expirationDay
2023-04-03,14639.0,87.0,0.0,100,410.95,410.0,0,0.0,0.0,,0.0,1,15.99,16.07,SPY230818C00420000,420.0,normalDay
2023-04-04,14639.0,-23.0,0.0,100,408.67,410.0,0,0.0,0.0,,0.0,1,15.99,14.89,SPY230818C00420000,420.0,normalDay
2023-04-05,14639.0,-64.0,0.0,100,407.6,410.0,0,0.0,0.0,,0.0,1,15.99,14.23,SPY230818C00420000,420.0,normalDay
2023-04-06,14639.0,46.0,0.0,100,409.19,410.0,0,0.0,0.0,,0.0,1,15.99,14.72,SPY230818C00420000,420.0,normalDay
2023-04-10,14639.0,64.0,0.0,100,409.61,410.0,0,0.0,0.0,,0.0,1,15.99,14.96,SPY230818C00420000,420.0,normalDay
2023-04-11,14639.0,94.0,0.0,100,409.72,410.0,0,0.0,0.0,,0.0,1,15.99,14.77,SPY230818C00420000,420.0,normalDay
2023-04-12,14639.0,58.0,0.0,100,408.05,410.0,0,0.0,0.0,,0.0,1,15.99,13.46,SPY230818C00420000,420.0,normalDay
2023-04-13,14639.0,342.0,0.0,100,413.47,410.0,0,0.0,0.0,,0.0,1,15.99,16.04,SPY230818C00420000,420.0,normalDay
2023-04-14,14639.0,320.0,0.0,100,412.46,410.0,0,0.0,0.0,,0.0,1,15.99,15.25,SPY230818C00420000,420.0,normalDay
2023-04-17,14639.0,447.0,0.0,100,413.94,410.0,0,0.0,0.0,,0.0,1,15.99,15.46,SPY230818C00420000,420.0,normalDay
2023-04-18,14639.0,496.0,0.0,100,414.21,410.0,0,0.0,0.0,,0.0,1,15.99,15.24,SPY230818C00420000,420.0,normalDay
2023-04-19,14639.0,505.0,0.0,100,414.14,410.0,0,0.0,0.0,,0.0,1,15.99,15.08,SPY230818C00420000,420.0,normalDay
2023-04-20,14639.0,382.0,0.0,100,411.88,410.0,0,0.0,0.0,,0.0,1,15.99,14.05,SPY230818C00420000,420.0,normalDay
2023-04-21,14639.0,437.0,0.0,100,412.2,410.0,0,0.0,0.0,,0.0,1,15.99,13.82,SPY230818C00420000,420.0,normalDay
2023-04-24,14639.0,473.0,0.0,100,412.63,410.0,0,0.0,0.0,,0.0,1,15.99,13.89,SPY230818C00420000,420.0,normalDay
2023-04-25,14639.0,46.0,0.0,100,406.08,410.0,0,0.0,0.0,,0.0,1,15.99,11.61,SPY230818C00420000,420.0,normalDay
2023-04-26,14639.0,22.0,0.0,100,404.36,410.0,0,0.0,0.0,,0.0,1,15.99,10.13,SPY230818C00420000,420.0,normalDay
2023-04-27,14639.0,453.0,0.0,100,412.41,410.0,0,0.0,0.0,,0.0,1,15.99,13.87,SPY230818C00420000,420.0,normalDay
2023-04-28,14639.0,684.0,0.0,100,415.93,410.0,0,0.0,0.0,,0.0,1,15.99,15.08,SPY230818C00420000,420.0,normalDay
2023-05-01,14639.0,697.0,0.0,100,415.51,410.0,0,0.0,0.0,,0.0,1,15.99,14.53,SPY230818C00420000,420.0,normalDay
2023-05-02,14639.0,456.0,0.0,100,410.84,410.0,0,0.0,0.0,,0.0,1,15.99,12.27,SPY230818C00420000,420.0,normalDay
2023-05-03,14639.0,280.0,0.0,100,408.02,410.0,0,0.0,0.0,,0.0,1,15.99,11.21,SPY230818C00420000,420.0,normalDay
2023-05-04,14639.0,137.0,0.0,100,405.13,410.0,0,0.0,0.0,,0.0,1,15.99,9.75,SPY230818C00420000,420.0,normalDay
2023-05-05,14639.0,601.0,0.0,100,412.63,410.0,0,0.0,0.0,,0.0,1,15.99,12.61,SPY230818C00420000,420.0,normalDay
2023-05-08,14639.0,629.0,0.0,100,412.74,410.0,0,0.0,0.0,,0.0,1,15.99,12.44,SPY230818C00420000,420.0,normalDay
2023-05-09,14639.0,516.0,0.0,100,410.93,410.0,0,0.0,0.0,,0.0,1,15.99,11.76,SPY230818C00420000,420.0,normalDay
2023-05-10,14639.0,656.0,0.0,100,412.85,410.0,0,0.0,0.0,,0.0,1,15.99,12.28,SPY230818C00420000,420.0,normalDay
2023-05-11,14639.0,674.0,0.0,100,412.13,410.0,0,0.0,0.0,,0.0,1,15.99,11.38,SPY230818C00420000,420.0,normalDay
2023-05-12,14639.0,680.0,0.0,100,411.59,410.0,0,0.0,0.0,,0.0,1,15.99,10.78,SPY230818C00420000,420.0,normalDay
2023-05-15,14639.0,785.0,0.0,100,413.01,410.0,0,0.0,0.0,,0.0,1,15.99,11.15,SPY230818C00420000,420.0,normalDay
2023-05-16,14639.0,635.0,0.0,100,410.25,410.0,0,0.0,0.0,,0.0,1,15.99,9.89,SPY230818C00420000,420.0,normalDay
2023-05-17,14639.0,925.0,0.0,100,415.23,410.0,0,0.0,0.0,,0.0,1,15.99,11.97,SPY230818C00420000,420.0,normalDay
2023-05-18,14639.0,1120.0,0.0,100,419.23,410.0,0,0.0,0.0,,0.0,1,15.99,14.02,SPY230818C00420000,420.0,normalDay
2023-05-19,14639.0,1083.0,0.0,100,418.62,410.0,0,0.0,0.0,,0.0,1,15.99,13.78,SPY230818C00420000,420.0,normalDay
2023-05-22,14639.0,1085.0,0.0,100,418.79,410.0,0,0.0,0.0,,0.0,1,15.99,13.93,SPY230818C00420000,420.0,normalDay
2023-05-23,14639.0,878.0,0.0,100,414.09,410.0,0,0.0,0.0,,0.0,1,15.99,11.3,SPY230818C00420000,420.0,normalDay
2023-05-24,14639.0,708.0,0.0,100,411.09,410.0,0,0.0,0.0,,0.0,1,15.99,10.0,SPY230818C00420000,420.0,normalDay
2023-05-25,14639.0,928.0,0.0,100,414.65,410.0,0,0.0,0.0,,0.0,1,15.99,11.36,SPY230818C00420000,420.0,normalDay
2023-05-26,14639.0,1166.0,0.0,100,420.02,410.0,0,0.0,0.0,,0.0,1,15.99,14.35,SPY230818C00420000,420.0,normalDay
2023-05-30,14639.0,1216.0,0.0,100,420.18,410.0,0,0.0,0.0,,0.0,1,15.99,14.01,SPY230818C00420000,420.0,normalDay
2023-05-31,14639.0,1169.0,0.0,100,417.85,410.0,0,0.0,0.0,,0.0,1,15.99,12.15,SPY230818C00420000,420.0,normalDay
2023-06-01,14639.0,1375.0,0.0,100,421.82,410.0,0,0.0,0.0,,0.0,1,15.99,14.06,SPY230818C00420000,420.0,normalDay
2023-06-02,14639.0,1596.0,0.0,100,427.92,410.0,0,0.0,0.0,,0.0,1,15.99,17.95,SPY230818C00420000,420.0,normalDay
2023-06-05,14639.0,1596.0,0.0,100,427.1,410.0,0,0.0,0.0,,0.0,1,15.99,17.13,SPY230818C00420000,420.0,normalDay
2023-06-06,14639.0,1653.0,0.0,100,428.03,410.0,0,0.0,0.0,,0.0,1,15.99,17.49,SPY230818C00420000,420.0,normalDay
2023-06-07,14639.0,1653.0,0.0,100,426.55,410.0,0,0.0,0.0,,0.0,1,15.99,16.01,SPY230818C00420000,420.0,normalDay
2023-06-08,14639.0,1772.0,0.0,100,429.13,410.0,0,0.0,0.0,,0.0,1,15.99,17.4,SPY230818C00420000,420.0,normalDay
2023-06-09,14639.0,1749.0,0.0,100,429.9,410.0,0,0.0,0.0,,0.0,1,15.99,18.4,SPY230818C00420000,420.0,normalDay
2023-06-12,14639.0,1867.0,0.0,100,433.8,410.0,0,0.0,0.0,,0.0,1,15.99,21.12,SPY230818C00420000,420.0,normalDay
2023-06-13,14639.0,1912.0,0.0,100,436.66,410.0,0,0.0,0.0,,0.0,1,15.99,23.53,SPY230818C00420000,420.0,normalDay
2023-06-14,14639.0,1926.0,0.0,100,437.18,410.0,0,0.0,0.0,,0.0,1,15.99,23.91,SPY230818C00420000,420.0,normalDay
2023-06-15,14639.0,2070.0,0.0,100,442.6,410.0,0,0.0,0.0,,0.0,1,15.99,27.89,SPY230818C00420000,420.0,normalDay
2023-06-16,14639.0,1829.0,0.0,100,439.46,410.0,0,0.0,0.0,,0.0,1,15.99,27.16,SPY230818C00420000,420.0,normalDay
2023-06-20,14639.0,1882.0,0.0,100,437.18,410.0,0,0.0,0.0,,0.0,1,15.99,24.35,SPY230818C00420000,420.0,normalDay
2023-06-21,14639.0,1825.0,0.0,100,434.94,410.0,0,0.0,0.0,,0.0,1,15.99,22.68,SPY230818C00420000,420.0,normalDay
2023-06-22,14639.0,1926.0,0.0,100,436.51,410.0,0,0.0,0.0,,0.0,1,15.99,23.24,SPY230818C00420000,420.0,normalDay
2023-06-23,14639.0,1850.0,0.0,100,433.21,410.0,0,0.0,0.0,,0.0,1,15.99,20.7,SPY230818C00420000,420.0,normalDay
2023-06-26,14639.0,1818.0,0.0,100,431.44,410.0,0,0.0,0.0,,0.0,1,15.99,19.25,SPY230818C00420000,420.0,normalDay
2023-06-27,14639.0,1969.0,0.0,100,436.17,410.0,0,0.0,0.0,,0.0,1,15.99,22.47,SPY230818C00420000,420.0,normalDay
2023-06-28,14639.0,1935.0,0.0,100,436.39,410.0,0,0.0,0.0,,0.0,1,15.99,23.03,SPY230818C00420000,420.0,normalDay
2023-06-29,14639.0,2008.0,0.0,100,438.11,410.0,0,0.0,0.0,,0.0,1,15.99,24.02,SPY230818C00420000,420.0,normalDay
2023-06-30,14639.0,2072.0,0.0,100,443.28,410.0,0,0.0,0.0,,0.0,1,15.99,28.55,SPY230818C00420000,420.0,normalDay
2023-07-03,14639.0,2078.0,0.0,100,443.79,410.0,0,0.0,0.0,,0.0,1,15.99,29.0,SPY230818C00420000,420.0,normalDay
2023-07-05,14639.0,2102.0,0.0,100,443.13,410.0,0,0.0,0.0,,0.0,1,15.99,28.1,SPY230818C00420000,420.0,normalDay
2023-07-06,14639.0,2043.0,0.0,100,439.66,410.0,0,0.0,0.0,,0.0,1,15.99,25.22,SPY230818C00420000,420.0,normalDay
2023-07-07,14639.0,2033.0,0.0,100,438.55,410.0,0,0.0,0.0,,0.0,1,15.99,24.21,SPY230818C00420000,420.0,normalDay
2023-07-10,14639.0,2087.0,0.0,100,439.66,410.0,0,0.0,0.0,,0.0,1,15.99,24.78,SPY230818C00420000,420.0,normalDay
2023-07-11,14639.0,2165.0,0.0,100,442.46,410.0,0,0.0,0.0,,0.0,1,15.99,26.8,SPY230818C00420000,420.0,normalDay
2023-07-12,14639.0,2203.0,0.0,100,446.02,410.0,0,0.0,0.0,,0.0,1,15.99,29.98,SPY230818C00420000,420.0,normalDay
2023-07-13,14639.0,2258.0,0.0,100,449.56,410.0,0,0.0,0.0,,0.0,1,15.99,32.97,SPY230818C00420000,420.0,normalDay
2023-07-14,14639.0,2294.0,0.0,100,449.28,410.0,0,0.0,0.0,,0.0,1,15.99,32.33,SPY230818C00420000,420.0,normalDay
2023-07-17,14639.0,2329.0,0.0,100,450.84,410.0,0,0.0,0.0,,0.0,1,15.99,33.54,SPY230818C00420000,420.0,normalDay
2023-07-18,14639.0,2329.0,0.0,100,454.19,410.0,0,0.0,0.0,,0.0,1,15.99,36.89,SPY230818C00420000,420.0,normalDay
2023-07-19,14639.0,2325.0,0.0,100,455.2,410.0,0,0.0,0.0,,0.0,1,15.99,37.94,SPY230818C00420000,420.0,normalDay
2023-07-20,14639.0,2287.0,0.0,100,452.18,410.0,0,0.0,0.0,,0.0,1,15.99,35.3,SPY230818C00420000,420.0,normalDay
2023-07-21,14639.0,2331.0,0.0,100,452.18,410.0,0,0.0,0.0,,0.0,1,15.99,34.86,SPY230818C00420000,420.0,normalDay
2023-07-24,14639.0,2336.0,0.0,100,454.2,410.0,0,0.0,0.0,,0.0,1,15.99,36.83,SPY230818C00420000,420.0,normalDay
2023-07-25,14639.0,2313.0,0.0,100,455.44,410.0,0,0.0,0.0,,0.0,1,15.99,38.3,SPY230818C00420000,420.0,normalDay
2023-07-26,14639.0,2326.0,0.0,100,455.51,410.0,0,0.0,0.0,,0.0,1,15.99,38.24,SPY230818C00420000,420.0,normalDay
2023-07-27,14639.0,2349.0,0.0,100,452.49,410.0,0,0.0,0.0,,0.0,1,15.99,34.99,SPY230818C00420000,420.0,normalDay
2023-07-28,14639.0,2424.0,0.0,100,456.92,410.0,0,0.0,0.0,,0.0,1,15.99,38.67,SPY230818C00420000,420.0,normalDay
2023-07-31,14639.0,2430.0,0.0,100,457.79,410.0,0,0.0,0.0,,0.0,1,15.99,39.48,SPY230818C00420000,420.0,normalDay
2023-08-01,14639.0,2453.0,0.0,100,456.48,410.0,0,0.0,0.0,,0.0,1,15.99,37.94,SPY230818C00420000,420.0,normalDay
2023-08-02,14639.0,2414.0,0.0,100,450.13,410.0,0,0.0,0.0,,0.0,1,15.99,31.98,SPY230818C00420000,420.0,normalDay
2023-08-03,14639.0,2323.0,0.0,100,448.84,410.0,0,0.0,0.0,,0.0,1,15.99,31.6,SPY230818C00420000,420.0,normalDay
2023-08-04,14639.0,2445.0,0.0,100,446.81,410.0,0,0.0,0.0,,0.0,1,15.99,28.35,SPY230818C00420000,420.0,normalDay
2023-08-07,14639.0,2470.0,0.0,100,450.71,410.0,0,0.0,0.0,,0.0,1,15.99,32.0,SPY230818C00420000,420.0,normalDay
2023-08-08,14639.0,2502.0,0.0,100,448.75,410.0,0,0.0,0.0,,0.0,1,15.99,29.72,SPY230818C00420000,420.0,normalDay
2023-08-09,14639.0,2452.0,0.0,100,445.75,410.0,0,0.0,0.0,,0.0,1,15.99,27.22,SPY230818C00420000,420.0,normalDay
2023-08-10,14639.0,2527.0,0.0,100,445.91,410.0,0,0.0,0.0,,0.0,1,15.99,26.63,SPY230818C00420000,420.0,normalDay
2023-08-11,14639.0,2518.0,0.0,100,445.65,410.0,0,0.0,0.0,,0.0,1,15.99,26.46,SPY230818C00420000,420.0,normalDay
2023-08-14,14639.0,2543.0,0.0,100,448.11,410.0,0,0.0,0.0,,0.0,1,15.99,28.67,SPY230818C00420000,420.0,normalDay
2023-08-15,14639.0,2562.0,0.0,100,442.89,410.0,0,0.0,0.0,,0.0,1,15.99,23.26,SPY230818C00420000,420.0,normalDay
2023-08-16,14639.0,2534.0,0.0,100,439.64,410.0,0,0.0,0.0,,0.0,1,15.99,20.29,SPY230818C00420000,420.0,normalDay
2023-08-17,14639.0,2592.0,0.0,100,436.29,410.0,0,0.0,0.0,,0.0,1,15.99,16.36,SPY230818C00420000,420.0,normalDay
2023-08-18,17238.0,2592.0,2599.0,0,436.5,0.0,0,0.0,0.0,,0.0,1,15.99,0.0,SPY230818C00420000,420.0,expirationDay
2023-08-21,17238.0,-15.0,0.0,0,439.34,0.0,1,13.11,13.26,SPY240328P00420000,420.0,0,0.0,0.0,,0.0,normalDay
2023-08-22,17238.0,-49.0,0.0,0,438.15,0.0,1,13.11,13.6,SPY240328P00420000,420.0,0,0.0,0.0,,0.0,normalDay
2023-08-23,17238.0,113.0,0.0,0,443.03,0.0,1,13.11,11.98,SPY240328P00420000,420.0,0,0.0,0.0,,0.0,normalDay
2023-08-24,17238.0,-115.0,0.0,0,436.89,0.0,1,13.11,14.26,SPY240328P00420000,420.0,0,0.0,0.0,,0.0,normalDay
2023-08-25,17238.0,83.0,0.0,0,439.97,0.0,1,13.11,12.28,SPY240328P00420000,420.0,0,0.0,0.0,,0.0,normalDay
2023-08-28,17238.0,185.0,0.0,0,442.76,0.0,1,13.11,11.26,SPY240328P00420000,420.0,0,0.0,0.0,,0.0,normalDay
2023-08-29,17238.0,346.0,0.0,0,449.16,0.0,1,13.11,9.65,SPY240328P00420000,420.0,0,0.0,0.0,,0.0,normalDay
2023-08-30,17238.0,398.0,0.0,0,451.01,0.0,1,13.11,9.13,SPY240328P00420000,420.0,0,0.0,0.0,,0.0,normalDay
2023-08-31,17238.0,413.0,0.0,0,450.35,0.0,1,13.11,8.98,SPY240328P00420000,420.0,0,0.0,0.0,,0.0,normalDay
2023-09-01,17238.0,427.0,0.0,0,451.19,0.0,1,13.11,8.84,SPY240328P00420000,420.0,0,0.0,0.0,,0.0,normalDay
2023-09-05,17238.0,399.0,0.0,0,449.24,0.0,1,13.11,9.12,SPY240328P00420000,420.0,0,0.0,0.0,,0.0,normalDay
2023-09-06,17238.0,327.0,0.0,0,446.22,0.0,1,13.11,9.84,SPY240328P00420000,420.0,0,0.0,0.0,,0.0,normalDay
2023-09-07,17238.0,302.0,0.0,0,444.85,0.0,1,13.11,10.09,SPY240328P00420000,420.0,0,0.0,0.0,,0.0,normalDay
2023-09-08,17238.0,354.0,0.0,0,445.52,0.0,1,13.11,9.57,SPY240328P00420000,420.0,0,0.0,0.0,,0.0,normalDay
2023-09-11,17238.0,435.0,0.0,0,448.45,0.0,1,13.11,8.76,SPY240328P00420000,420.0,0,0.0,0.0,,0.0,normalDay
2023-09-12,17238.0,385.0,0.0,0,445.99,0.0,1,13.11,9.26,SPY240328P00420000,420.0,0,0.0,0.0,,0.0,normalDay
2023-09-13,17238.0,418.0,0.0,0,446.51,0.0,1,13.11,8.93,SPY240328P00420000,420.0,0,0.0,0.0,,0.0,normalDay
2023-09-14,17238.0,518.0,0.0,0,450.36,0.0,1,13.11,7.93,SPY240328P00420000,420.0,0,0.0,0.0,,0.0,normalDay
2023-09-15,17238.0,387.0,0.0,0,443.37,0.0,1,13.11,9.24,SPY240328P00420000,420.0,0,0.0,0.0,,0.0,normalDay
2023-09-18,17238.0,403.0,0.0,0,443.63,0.0,1,13.11,9.08,SPY240328P00420000,420.0,0,0.0,0.0,,0.0,normalDay
2023-09-19,17238.0,393.0,0.0,0,442.71,0.0,1,13.11,9.18,SPY240328P00420000,420.0,0,0.0,0.0,,0.0,normalDay
2023-09-20,17238.0,277.0,0.0,0,438.64,0.0,1,13.11,10.34,SPY240328P00420000,420.0,0,0.0,0.0,,0.0,normalDay
2023-09-21,17238.0,13.0,0.0,0,431.39,0.0,1,13.11,12.98,SPY240328P00420000,420.0,0,0.0,0.0,,0.0,normalDay
2023-09-22,17238.0,-16.0,0.0,0,430.42,0.0,1,13.11,13.27,SPY240328P00420000,420.0,0,0.0,0.0,,0.0,normalDay
2023-09-25,17238.0,46.0,0.0,0,432.23,0.0,1,13.11,12.65,SPY240328P00420000,420.0,0,0.0,0.0,,0.0,normalDay
2023-09-26,17238.0,-231.0,0.0,0,425.88,0.0,1,13.11,15.42,SPY240328P00420000,420.0,0,0.0,0.0,,0.0,normalDay
2023-09-27,17238.0,-217.0,0.0,0,426.05,0.0,1,13.11,15.28,SPY240328P00420000,420.0,0,0.0,0.0,,0.0,normalDay
2023-09-28,17238.0,-96.0,0.0,0,428.52,0.0,1,13.11,14.07,SPY240328P00420000,420.0,0,0.0,0.0,,0.0,normalDay
2023-09-29,17238.0,-129.0,0.0,0,427.48,0.0,1,13.11,14.4,SPY240328P00420000,420.0,0,0.0,0.0,,0.0,normalDay
2023-10-02,17238.0,-94.0,0.0,0,427.31,0.0,1,13.11,14.05,SPY240328P00420000,420.0,0,0.0,0.0,,0.0,normalDay
2023-10-03,17238.0,-370.0,0.0,0,421.59,0.0,1,13.11,16.81,SPY240328P00420000,420.0,0,0.0,0.0,,0.0,normalDay
2023-10-04,17238.0,-256.0,0.0,0,424.66,0.0,1,13.11,15.67,SPY240328P00420000,420.0,0,0.0,0.0,,0.0,normalDay
2023-10-05,17238.0,-249.0,0.0,0,424.5,0.0,1,13.11,15.6,SPY240328P00420000,420.0,0,0.0,0.0,,0.0,normalDay
2023-10-06,17238.0,-31.0,0.0,0,429.54,0.0,1,13.11,13.42,SPY240328P00420000,420.0,0,0.0,0.0,,0.0,normalDay
2023-10-09,17238.0,48.0,0.0,0,432.29,0.0,1,13.11,12.63,SPY240328P00420000,420.0,0,0.0,0.0,,0.0,normalDay
2023-10-10,17238.0,146.0,0.0,0,434.54,0.0,1,13.11,11.65,SPY240328P00420000,420.0,0,0.0,0.0,,0.0,normalDay
2023-10-11,17238.0,239.0,0.0,0,436.32,0.0,1,13.11,10.72,SPY240328P00420000,420.0,0,0.0,0.0,,0.0,normalDay
2023-10-12,17238.0,155.0,0.0,0,433.66,0.0,1,13.11,11.56,SPY240328P00420000,420.0,0,0.0,0.0,,0.0,normalDay
2023-10-13,17238.0,-33.0,0.0,0,431.5,0.0,1,13.11,13.44,SPY240328P00420000,420.0,0,0.0,0.0,,0.0,normalDay
2023-10-16,17238.0,183.0,0.0,0,436.04,0.0,1,13.11,11.28,SPY240328P00420000,420.0,0,0.0,0.0,,0.0,normalDay
2023-10-17,17238.0,167.0,0.0,0,436.02,0.0,1,13.11,11.44,SPY240328P00420000,420.0,0,0.0,0.0,,0.0,normalDay
2023-10-18,17238.0,-36.0,0.0,0,430.21,0.0,1,13.11,13.47,SPY240328P00420000,420.0,0,0.0,0.0,,0.0,normalDay
2023-10-19,17238.0,-304.0,0.0,0,426.43,0.0,1,13.11,16.15,SPY240328P00420000,420.0,0,0.0,0.0,,0.0,normalDay
2023-10-20,17238.0,-411.0,0.0,0,421.19,0.0,1,13.11,17.22,SPY240328P00420000,420.0,0,0.0,0.0,,0.0,normalDay
2023-10-23,17238.0,-347.0,0.0,0,420.46,0.0,1,13.11,16.58,SPY240328P00420000,420.0,0,0.0,0.0,,0.0,normalDay
2023-10-24,17238.0,-200.0,0.0,0,423.63,0.0,1,13.11,15.11,SPY240328P00420000,420.0,0,0.0,0.0,,0.0,normalDay
2023-10-25,17238.0,-487.0,0.0,0,417.55,0.0,1,13.11,17.98,SPY240328P00420000,420.0,0,0.0,0.0,,0.0,normalDay
2023-10-26,17238.0,-704.0,0.0,0,412.55,0.0,1,13.11,20.15,SPY240328P00420000,420.0,0,0.0,0.0,,0.0,normalDay
2023-10-27,17238.0,-834.0,0.0,0,410.68,0.0,1,13.11,21.45,SPY240328P00420000,420.0,0,0.0,0.0,,0.0,normalDay
2023-10-30,17238.0,-534.0,0.0,0,415.59,0.0,1,13.11,18.45,SPY240328P00420000,420.0,0,0.0,0.0,,0.0,normalDay
2023-10-31,17238.0,-343.0,0.0,0,418.2,0.0,1,13.11,16.54,SPY240328P00420000,420.0,0,0.0,0.0,,0.0,normalDay
2023-11-01,17238.0,-106.0,0.0,0,422.66,0.0,1,13.11,14.17,SPY240328P00420000,420.0,0,0.0,0.0,,0.0,normalDay
2023-11-02,17238.0,196.0,0.0,0,430.76,0.0,1,13.11,11.15,SPY240328P00420000,420.0,0,0.0,0.0,,0.0,normalDay
2023-11-03,17238.0,346.0,0.0,0,434.69,0.0,1,13.11,9.65,SPY240328P00420000,420.0,0,0.0,0.0,,0.0,normalDay
2023-11-06,17238.0,395.0,0.0,0,435.69,0.0,1,13.11,9.16,SPY240328P00420000,420.0,0,0.0,0.0,,0.0,normalDay
2023-11-07,17238.0,441.0,0.0,0,436.93,0.0,1,13.11,8.7,SPY240328P00420000,420.0,0,0.0,0.0,,0.0,normalDay
2023-11-08,17238.0,467.0,0.0,0,437.25,0.0,1,13.11,8.44,SPY240328P00420000,420.0,0,0.0,0.0,,0.0,normalDay
2023-11-09,17238.0,362.0,0.0,0,433.84,0.0,1,13.11,9.49,SPY240328P00420000,420.0,0,0.0,0.0,,0.0,normalDay
2023-11-10,17238.0,570.0,0.0,0,440.61,0.0,1,13.11,7.41,SPY240328P00420000,420.0,0,0.0,0.0,,0.0,normalDay
2023-11-13,17238.0,565.0,0.0,0,440.19,0.0,1,13.11,7.46,SPY240328P00420000,420.0,0,0.0,0.0,,0.0,normalDay
2023-11-14,17238.0,734.0,0.0,0,448.73,0.0,1,13.11,5.77,SPY240328P00420000,420.0,0,0.0,0.0,,0.0,normalDay
2023-11-15,17238.0,737.0,0.0,0,449.68,0.0,1,13.11,5.74,SPY240328P00420000,420.0,0,0.0,0.0,,0.0,normalDay
2023-11-16,17238.0,763.0,0.0,0,450.23,0.0,1,13.11,5.48,SPY240328P00420000,420.0,0,0.0,0.0,,0.0,normalDay
2023-11-17,17238.0,787.0,0.0,0,450.79,0.0,1,13.11,5.24,SPY240328P00420000,420.0,0,0.0,0.0,,0.0,normalDay
2023-11-20,17238.0,840.0,0.0,0,454.26,0.0,1,13.11,4.71,SPY240328P00420000,420.0,0,0.0,0.0,,0.0,normalDay
2023-11-21,17238.0,841.0,0.0,0,453.27,0.0,1,13.11,4.7,SPY240328P00420000,420.0,0,0.0,0.0,,0.0,normalDay
2023-11-22,17238.0,867.0,0.0,0,455.02,0.0,1,13.11,4.44,SPY240328P00420000,420.0,0,0.0,0.0,,0.0,normalDay
2023-11-24,17238.0,887.0,0.0,0,455.3,0.0,1,13.11,4.24,SPY240328P00420000,420.0,0,0.0,0.0,,0.0,normalDay
2023-11-27,17238.0,883.0,0.0,0,454.48,0.0,1,13.11,4.28,SPY240328P00420000,420.0,0,0.0,0.0,,0.0,normalDay
2023-11-28,17238.0,897.0,0.0,0,454.93,0.0,1,13.11,4.14,SPY240328P00420000,420.0,0,0.0,0.0,,0.0,normalDay
2023-11-29,17238.0,885.0,0.0,0,454.61,0.0,1,13.11,4.26,SPY240328P00420000,420.0,0,0.0,0.0,,0.0,normalDay
2023-11-30,17238.0,897.0,0.0,0,456.4,0.0,1,13.11,4.14,SPY240328P00420000,420.0,0,0.0,0.0,,0.0,normalDay
