date,totalCapital,unrializedPnL,rializedPnL,stocksOwned,stocksPriceToday,stocksPriceBoughtAt,putOwned,putOwnedSoldAt,putPriceToday,putOwnedContract,putOwnedStrike,callOwned,callOwnedSoldAt,callPriceToday,callOwnedContract,callOwnedStrike,trackType
2018-11-01,0.0,-4.0,0.0,0,273.51,0.0,1,1.25,1.29,SPY181221P00244000,244.0,0,0.0,0.0,,0.0,normalDay
2018-11-02,0.0,-9.0,0.0,0,271.89,0.0,1,1.25,1.34,SPY181221P00244000,244.0,0,0.0,0.0,,0.0,normalDay
2018-11-05,0.0,8.0,0.0,0,273.39,0.0,1,1.25,1.17,SPY181221P00244000,244.0,0,0.0,0.0,,0.0,normalDay
2018-11-06,0.0,24.0,0.0,0,275.12,0.0,1,1.25,1.01,SPY181221P00244000,244.0,0,0.0,0.0,,0.0,normalDay
2018-11-07,0.0,74.0,0.0,0,281.01,0.0,1,1.25,0.51,SPY181221P00244000,244.0,0,0.0,0.0,,0.0,normalDay
2018-11-08,0.0,71.0,0.0,0,280.5,0.0,1,1.25,0.54,SPY181221P00244000,244.0,0,0.0,0.0,,0.0,normalDay
2018-11-09,0.0,59.0,0.0,0,277.76,0.0,1,1.25,0.66,SPY181221P00244000,244.0,0,0.0,0.0,,0.0,normalDay
2018-11-12,0.0,20.0,0.0,0,272.57,0.0,1,1.25,1.05,SPY181221P00244000,244.0,0,0.0,0.0,,0.0,normalDay
2018-11-13,0.0,19.0,0.0,0,272.06,0.0,1,1.25,1.06,SPY181221P00244000,244.0,0,0.0,0.0,,0.0,normalDay
2018-11-14,0.0,3.0,0.0,0,270.2,0.0,1,1.25,1.22,SPY181221P00244000,244.0,0,0.0,0.0,,0.0,normalDay
2018-11-15,0.0,40.0,0.0,0,273.02,0.0,1,1.25,0.85,SPY181221P00244000,244.0,0,0.0,0.0,,0.0,normalDay
2018-11-16,0.0,63.0,0.0,0,273.73,0.0,1,1.25,0.62,SPY181221P00244000,244.0,0,0.0,0.0,,0.0,normalDay
2018-11-19,0.0,34.0,0.0,0,269.1,0.0,1,1.25,0.91,SPY181221P00244000,244.0,0,0.0,0.0,,0.0,normalDay
2018-11-20,0.0,-33.0,0.0,0,264.12,0.0,1,1.25,1.58,SPY181221P00244000,244.0,0,0.0,0.0,,0.0,normalDay
2018-11-21,0.0,5.0,0.0,0,265.02,0.0,1,1.25,1.2,SPY181221P00244000,244.0,0,0.0,0.0,,0.0,normalDay
2018-11-23,0.0,-13.0,0.0,0,263.25,0.0,1,1.25,1.38,SPY181221P00244000,244.0,0,0.0,0.0,,0.0,normalDay
2018-11-26,0.0,68.0,0.0,0,267.5,0.0,1,1.25,0.57,SPY181221P00244000,244.0,0,0.0,0.0,,0.0,normalDay
2018-11-27,0.0,72.0,0.0,0,268.4,0.0,1,1.25,0.53,SPY181221P00244000,244.0,0,0.0,0.0,,0.0,normalDay
2018-11-28,0.0,96.0,0.0,0,274.58,0.0,1,1.25,0.29,SPY181221P00244000,244.0,0,0.0,0.0,,0.0,normalDay
2018-11-29,0.0,91.0,0.0,0,273.98,0.0,1,1.25,0.34,SPY181221P00244000,244.0,0,0.0,0.0,,0.0,normalDay
2018-11-30,0.0,99.0,0.0,0,275.65,0.0,1,1.25,0.26,SPY181221P00244000,244.0,0,0.0,0.0,,0.0,normalDay
2018-12-03,0.0,110.0,0.0,0,279.3,0.0,1,1.25,0.15,SPY181221P00244000,244.0,0,0.0,0.0,,0.0,normalDay
2018-12-04,0.0,77.0,0.0,0,270.25,0.0,1,1.25,0.48,SPY181221P00244000,244.0,0,0.0,0.0,,0.0,normalDay
2018-12-06,0.0,79.0,0.0,0,269.84,0.0,1,1.25,0.46,SPY181221P00244000,244.0,0,0.0,0.0,,0.0,normalDay
2018-12-07,0.0,30.0,0.0,0,263.57,0.0,1,1.25,0.95,SPY181221P00244000,244.0,0,0.0,0.0,,0.0,normalDay
2018-12-10,0.0,74.0,0.0,0,264.07,0.0,1,1.25,0.51,SPY181221P00244000,244.0,0,0.0,0.0,,0.0,normalDay
2018-12-11,0.0,88.0,0.0,0,264.13,0.0,1,1.25,0.37,SPY181221P00244000,244.0,0,0.0,0.0,,0.0,normalDay
2018-12-12,0.0,101.0,0.0,0,265.46,0.0,1,1.25,0.24,SPY181221P00244000,244.0,0,0.0,0.0,,0.0,normalDay
2018-12-13,0.0,110.0,0.0,0,265.37,0.0,1,1.25,0.15,SPY181221P00244000,244.0,0,0.0,0.0,,0.0,normalDay
2018-12-14,0.0,103.0,0.0,0,260.47,0.0,1,1.25,0.22,SPY181221P00244000,244.0,0,0.0,0.0,,0.0,normalDay
2018-12-17,0.0,55.0,0.0,0,255.36,0.0,1,1.25,0.7,SPY181221P00244000,244.0,0,0.0,0.0,,0.0,normalDay
2018-12-18,0.0,58.0,0.0,0,255.08,0.0,1,1.25,0.67,SPY181221P00244000,244.0,0,0.0,0.0,,0.0,normalDay
2018-12-19,0.0,54.0,0.0,0,251.26,0.0,1,1.25,0.71,SPY181221P00244000,244.0,0,0.0,0.0,,0.0,normalDay
2018-12-20,0.0,37.0,0.0,0,247.17,0.0,1,1.25,0.88,SPY181221P00244000,244.0,0,0.0,0.0,,0.0,normalDay
2018-12-21,125.0,-330.0,125.0,100,240.7,244.0,1,1.25,0.0,SPY181221P00244000,244.0,0,0.0,0.0,,0.0,expirationDay
2018-12-24,125.0,-973.0,0.0,100,234.34,244.0,0,0.0,0.0,,0.0,1,0.05,0.12,SPY190315C00293000,293.0,normalDay
2018-12-26,125.0,203.0,0.0,100,246.18,244.0,0,0.0,0.0,,0.0,1,0.05,0.2,SPY190315C00293000,293.0,normalDay
2018-12-27,125.0,387.0,0.0,100,248.07,244.0,0,0.0,0.0,,0.0,1,0.05,0.25,SPY190315C00293000,293.0,normalDay
2018-12-28,125.0,356.0,0.0,100,247.75,244.0,0,0.0,0.0,,0.0,1,0.05,0.24,SPY190315C00293000,293.0,normalDay
2018-12-31,125.0,578.0,0.0,100,249.92,244.0,0,0.0,0.0,,0.0,1,0.05,0.19,SPY190315C00293000,293.0,normalDay
2019-01-02,125.0,609.0,0.0,100,250.18,244.0,0,0.0,0.0,,0.0,1,0.05,0.14,SPY190315C00293000,293.0,normalDay
2019-01-03,125.0,20.0,0.0,100,244.21,244.0,0,0.0,0.0,,0.0,1,0.05,0.06,SPY190315C00293000,293.0,normalDay
2019-01-04,125.0,834.0,0.0,100,252.39,244.0,0,0.0,0.0,,0.0,1,0.05,0.1,SPY190315C00293000,293.0,normalDay
2019-01-07,125.0,1033.0,0.0,100,254.38,244.0,0,0.0,0.0,,0.0,1,0.05,0.1,SPY190315C00293000,293.0,normalDay
2019-01-08,125.0,1271.0,0.0,100,256.77,244.0,0,0.0,0.0,,0.0,1,0.05,0.11,SPY190315C00293000,293.0,normalDay
2019-01-09,125.0,1392.0,0.0,100,257.97,244.0,0,0.0,0.0,,0.0,1,0.05,0.1,SPY190315C00293000,293.0,normalDay
2019-01-10,125.0,1482.0,0.0,100,258.88,244.0,0,0.0,0.0,,0.0,1,0.05,0.11,SPY190315C00293000,293.0,normalDay
2019-01-11,125.0,1496.0,0.0,100,258.98,244.0,0,0.0,0.0,,0.0,1,0.05,0.07,SPY190315C00293000,293.0,normalDay
2019-01-14,125.0,1338.0,0.0,100,257.4,244.0,0,0.0,0.0,,0.0,1,0.05,0.07,SPY190315C00293000,293.0,normalDay
2019-01-15,125.0,1631.0,0.0,100,260.35,244.0,0,0.0,0.0,,0.0,1,0.05,0.09,SPY190315C00293000,293.0,normalDay
2019-01-16,125.0,1693.0,0.0,100,260.98,244.0,0,0.0,0.0,,0.0,1,0.05,0.1,SPY190315C00293000,293.0,normalDay
2019-01-17,125.0,1889.0,0.0,100,262.96,244.0,0,0.0,0.0,,0.0,1,0.05,0.12,SPY190315C00293000,293.0,normalDay
2019-01-18,125.0,2233.0,0.0,100,266.46,244.0,0,0.0,0.0,,0.0,1,0.05,0.18,SPY190315C00293000,293.0,normalDay
2019-01-22,125.0,1878.0,0.0,100,262.86,244.0,0,0.0,0.0,,0.0,1,0.05,0.13,SPY190315C00293000,293.0,normalDay
2019-01-23,125.0,1935.0,0.0,100,263.41,244.0,0,0.0,0.0,,0.0,1,0.05,0.11,SPY190315C00293000,293.0,normalDay
2019-01-24,125.0,1950.0,0.0,100,263.55,244.0,0,0.0,0.0,,0.0,1,0.05,0.1,SPY190315C00293000,293.0,normalDay
2019-01-25,125.0,2172.0,0.0,100,265.78,244.0,0,0.0,0.0,,0.0,1,0.05,0.11,SPY190315C00293000,293.0,normalDay
2019-01-28,125.0,1973.0,0.0,100,263.76,244.0,0,0.0,0.0,,0.0,1,0.05,0.08,SPY190315C00293000,293.0,normalDay
2019-01-29,125.0,1938.0,0.0,100,263.41,244.0,0,0.0,0.0,,0.0,1,0.05,0.08,SPY190315C00293000,293.0,normalDay
2019-01-30,125.0,2352.0,0.0,100,267.58,244.0,0,0.0,0.0,,0.0,1,0.05,0.11,SPY190315C00293000,293.0,normalDay
2019-01-31,125.0,2584.0,0.0,100,269.93,244.0,0,0.0,0.0,,0.0,1,0.05,0.14,SPY190315C00293000,293.0,normalDay
2019-02-01,125.0,2600.0,0.0,100,270.06,244.0,0,0.0,0.0,,0.0,1,0.05,0.11,SPY190315C00293000,293.0,normalDay
2019-02-04,125.0,2788.0,0.0,100,271.96,244.0,0,0.0,0.0,,0.0,1,0.05,0.13,SPY190315C00293000,293.0,normalDay
2019-02-05,125.0,2900.0,0.0,100,273.1,244.0,0,0.0,0.0,,0.0,1,0.05,0.15,SPY190315C00293000,293.0,normalDay
2019-02-06,125.0,2869.0,0.0,100,272.74,244.0,0,0.0,0.0,,0.0,1,0.05,0.1,SPY190315C00293000,293.0,normalDay
2019-02-07,125.0,2613.0,0.0,100,270.14,244.0,0,0.0,0.0,,0.0,1,0.05,0.06,SPY190315C00293000,293.0,normalDay
2019-02-08,125.0,2647.0,0.0,100,270.47,244.0,0,0.0,0.0,,0.0,1,0.05,0.05,SPY190315C00293000,293.0,normalDay
2019-02-11,125.0,2662.0,0.0,100,270.62,244.0,0,0.0,0.0,,0.0,1,0.05,0.05,SPY190315C00293000,293.0,normalDay
2019-02-12,125.0,3005.0,0.0,100,274.1,244.0,0,0.0,0.0,,0.0,1,0.05,0.1,SPY190315C00293000,293.0,normalDay
2019-02-13,125.0,3093.0,0.0,100,274.99,244.0,0,0.0,0.0,,0.0,1,0.05,0.11,SPY190315C00293000,293.0,normalDay
2019-02-14,125.0,3035.0,0.0,100,274.38,244.0,0,0.0,0.0,,0.0,1,0.05,0.08,SPY190315C00293000,293.0,normalDay
2019-02-15,125.0,3332.0,0.0,100,277.37,244.0,0,0.0,0.0,,0.0,1,0.05,0.1,SPY190315C00293000,293.0,normalDay
2019-02-19,125.0,3383.0,0.0,100,277.85,244.0,0,0.0,0.0,,0.0,1,0.05,0.07,SPY190315C00293000,293.0,normalDay
2019-02-20,125.0,3440.0,0.0,100,278.41,244.0,0,0.0,0.0,,0.0,1,0.05,0.06,SPY190315C00293000,293.0,normalDay
2019-02-21,125.0,3342.0,0.0,100,277.42,244.0,0,0.0,0.0,,0.0,1,0.05,0.05,SPY190315C00293000,293.0,normalDay
2019-02-22,125.0,3513.0,0.0,100,279.14,244.0,0,0.0,0.0,,0.0,1,0.05,0.06,SPY190315C00293000,293.0,normalDay
2019-02-25,125.0,3551.0,0.0,100,279.52,244.0,0,0.0,0.0,,0.0,1,0.05,0.06,SPY190315C00293000,293.0,normalDay
2019-02-26,125.0,3532.0,0.0,100,279.32,244.0,0,0.0,0.0,,0.0,1,0.05,0.05,SPY190315C00293000,293.0,normalDay
2019-02-27,125.0,3521.0,0.0,100,279.2,244.0,0,0.0,0.0,,0.0,1,0.05,0.04,SPY190315C00293000,293.0,normalDay
2019-02-28,125.0,3471.0,0.0,100,278.68,244.0,0,0.0,0.0,,0.0,1,0.05,0.02,SPY190315C00293000,293.0,normalDay
2019-03-01,125.0,3644.0,0.0,100,280.42,244.0,0,0.0,0.0,,0.0,1,0.05,0.03,SPY190315C00293000,293.0,normalDay
2019-03-04,125.0,3543.0,0.0,100,279.4,244.0,0,0.0,0.0,,0.0,1,0.05,0.02,SPY190315C00293000,293.0,normalDay
2019-03-05,125.0,3505.0,0.0,100,279.02,244.0,0,0.0,0.0,,0.0,1,0.05,0.02,SPY190315C00293000,293.0,normalDay
2019-03-06,125.0,3337.0,0.0,100,277.33,244.0,0,0.0,0.0,,0.0,1,0.05,0.01,SPY190315C00293000,293.0,normalDay
2019-03-07,125.0,3105.0,0.0,100,275.01,244.0,0,0.0,0.0,,0.0,1,0.05,0.01,SPY190315C00293000,293.0,normalDay
2019-03-08,125.0,3050.0,0.0,100,274.46,244.0,0,0.0,0.0,,0.0,1,0.05,0.01,SPY190315C00293000,293.0,normalDay
2019-03-11,125.0,3448.0,0.0,100,278.44,244.0,0,0.0,0.0,,0.0,1,0.05,0.01,SPY190315C00293000,293.0,normalDay
2019-03-12,125.0,3553.0,0.0,100,279.49,244.0,0,0.0,0.0,,0.0,1,0.05,0.01,SPY190315C00293000,293.0,normalDay
2019-03-13,125.0,3738.0,0.0,100,281.34,244.0,0,0.0,0.0,,0.0,1,0.05,0.01,SPY190315C00293000,293.0,normalDay
2019-03-14,125.0,3720.0,0.0,100,281.16,244.0,0,0.0,0.0,,0.0,1,0.05,0.01,SPY190315C00293000,293.0,normalDay
2019-03-15,130.0,3731.0,5.0,100,281.31,244.0,0,0.0,0.0,,0.0,1,0.05,0.0,SPY190315C00293000,293.0,expirationDay
2019-03-18,130.0,3828.0,0.0,100,282.33,244.0,0,0.0,0.0,,0.0,1,5.12,5.17,SPY190517C00284000,284.0,normalDay
2019-03-19,130.0,3843.0,0.0,100,282.4,244.0,0,0.0,0.0,,0.0,1,5.12,5.09,SPY190517C00284000,284.0,normalDay
2019-03-20,130.0,3802.0,0.0,100,281.55,244.0,0,0.0,0.0,,0.0,1,5.12,4.65,SPY190517C00284000,284.0,normalDay
2019-03-21,130.0,3937.0,0.0,100,284.73,244.0,0,0.0,0.0,,0.0,1,5.12,6.48,SPY190517C00284000,284.0,normalDay
2019-03-22,130.0,3582.0,0.0,100,279.25,244.0,0,0.0,0.0,,0.0,1,5.12,4.55,SPY190517C00284000,284.0,normalDay
2019-03-25,130.0,3602.0,0.0,100,279.04,244.0,0,0.0,0.0,,0.0,1,5.12,4.14,SPY190517C00284000,284.0,normalDay
2019-03-26,130.0,3770.0,0.0,100,281.12,244.0,0,0.0,0.0,,0.0,1,5.12,4.54,SPY190517C00284000,284.0,normalDay
2019-03-27,130.0,3677.0,0.0,100,279.65,244.0,0,0.0,0.0,,0.0,1,5.12,4.0,SPY190517C00284000,284.0,normalDay
2019-03-28,130.0,3760.0,0.0,100,280.71,244.0,0,0.0,0.0,,0.0,1,5.12,4.23,SPY190517C00284000,284.0,normalDay
2019-03-29,130.0,3864.0,0.0,100,282.48,244.0,0,0.0,0.0,,0.0,1,5.12,4.96,SPY190517C00284000,284.0,normalDay
2019-04-01,130.0,4049.0,0.0,100,285.83,244.0,0,0.0,0.0,,0.0,1,5.12,6.46,SPY190517C00284000,284.0,normalDay
2019-04-02,130.0,4075.0,0.0,100,285.97,244.0,0,0.0,0.0,,0.0,1,5.12,6.34,SPY190517C00284000,284.0,normalDay
2019-04-03,130.0,4055.0,0.0,100,286.42,244.0,0,0.0,0.0,,0.0,1,5.12,6.99,SPY190517C00284000,284.0,normalDay
2019-04-04,130.0,4105.0,0.0,100,287.18,244.0,0,0.0,0.0,,0.0,1,5.12,7.25,SPY190517C00284000,284.0,normalDay
2019-04-05,130.0,4172.0,0.0,100,288.57,244.0,0,0.0,0.0,,0.0,1,5.12,7.97,SPY190517C00284000,284.0,normalDay
2019-04-08,130.0,4188.0,0.0,100,288.79,244.0,0,0.0,0.0,,0.0,1,5.12,8.03,SPY190517C00284000,284.0,normalDay
2019-04-09,130.0,4141.0,0.0,100,287.31,244.0,0,0.0,0.0,,0.0,1,5.12,7.02,SPY190517C00284000,284.0,normalDay
2019-04-10,130.0,4176.0,0.0,100,288.29,244.0,0,0.0,0.0,,0.0,1,5.12,7.65,SPY190517C00284000,284.0,normalDay
2019-04-11,130.0,4205.0,0.0,100,288.21,244.0,0,0.0,0.0,,0.0,1,5.12,7.28,SPY190517C00284000,284.0,normalDay
2019-04-12,130.0,4268.0,0.0,100,290.16,244.0,0,0.0,0.0,,0.0,1,5.12,8.6,SPY190517C00284000,284.0,normalDay
2019-04-15,130.0,4270.0,0.0,100,289.97,244.0,0,0.0,0.0,,0.0,1,5.12,8.39,SPY190517C00284000,284.0,normalDay
2019-04-16,130.0,4295.0,0.0,100,290.16,244.0,0,0.0,0.0,,0.0,1,5.12,8.33,SPY190517C00284000,284.0,normalDay
2019-04-17,130.0,4291.0,0.0,100,289.45,244.0,0,0.0,0.0,,0.0,1,5.12,7.66,SPY190517C00284000,284.0,normalDay
2019-04-18,130.0,4299.0,0.0,100,290.02,244.0,0,0.0,0.0,,0.0,1,5.12,8.15,SPY190517C00284000,284.0,normalDay
2019-04-22,130.0,4312.0,0.0,100,290.27,244.0,0,0.0,0.0,,0.0,1,5.12,8.27,SPY190517C00284000,284.0,normalDay
2019-04-23,130.0,4359.0,0.0,100,292.88,244.0,0,0.0,0.0,,0.0,1,5.12,10.41,SPY190517C00284000,284.0,normalDay
2019-04-24,130.0,4335.0,0.0,100,292.23,244.0,0,0.0,0.0,,0.0,1,5.12,10.0,SPY190517C00284000,284.0,normalDay
2019-04-25,130.0,4354.0,0.0,100,292.05,244.0,0,0.0,0.0,,0.0,1,5.12,9.63,SPY190517C00284000,284.0,normalDay
2019-04-26,130.0,4382.0,0.0,100,293.41,244.0,0,0.0,0.0,,0.0,1,5.12,10.71,SPY190517C00284000,284.0,normalDay
2019-04-29,130.0,4402.0,0.0,100,293.87,244.0,0,0.0,0.0,,0.0,1,5.12,10.97,SPY190517C00284000,284.0,normalDay
2019-04-30,130.0,4381.0,0.0,100,294.02,244.0,0,0.0,0.0,,0.0,1,5.12,11.33,SPY190517C00284000,284.0,normalDay
2019-05-01,130.0,4373.0,0.0,100,291.81,244.0,0,0.0,0.0,,0.0,1,5.12,9.2,SPY190517C00284000,284.0,normalDay
2019-05-02,130.0,4387.0,0.0,100,291.18,244.0,0,0.0,0.0,,0.0,1,5.12,8.43,SPY190517C00284000,284.0,normalDay
2019-05-03,130.0,4431.0,0.0,100,294.03,244.0,0,0.0,0.0,,0.0,1,5.12,10.84,SPY190517C00284000,284.0,normalDay
2019-05-06,130.0,4402.0,0.0,100,292.82,244.0,0,0.0,0.0,,0.0,1,5.12,9.92,SPY190517C00284000,284.0,normalDay
2019-05-07,130.0,4210.0,0.0,100,287.93,244.0,0,0.0,0.0,,0.0,1,5.12,6.95,SPY190517C00284000,284.0,normalDay
2019-05-08,130.0,4203.0,0.0,100,287.53,244.0,0,0.0,0.0,,0.0,1,5.12,6.62,SPY190517C00284000,284.0,normalDay
2019-05-09,130.0,4194.0,0.0,100,286.66,244.0,0,0.0,0.0,,0.0,1,5.12,5.84,SPY190517C00284000,284.0,normalDay
2019-05-10,130.0,4374.0,0.0,100,288.1,244.0,0,0.0,0.0,,0.0,1,5.12,5.48,SPY190517C00284000,284.0,normalDay
2019-05-13,130.0,4058.0,0.0,100,280.86,244.0,0,0.0,0.0,,0.0,1,5.12,1.4,SPY190517C00284000,284.0,normalDay
2019-05-14,130.0,4276.0,0.0,100,283.4,244.0,0,0.0,0.0,,0.0,1,5.12,1.76,SPY190517C00284000,284.0,normalDay
2019-05-15,130.0,4386.0,0.0,100,285.06,244.0,0,0.0,0.0,,0.0,1,5.12,2.32,SPY190517C00284000,284.0,normalDay
2019-05-16,130.0,4490.0,0.0,100,287.7,244.0,0,0.0,0.0,,0.0,1,5.12,3.92,SPY190517C00284000,284.0,normalDay
2019-05-17,4642.0,4490.0,4512.0,0,285.84,0.0,0,0.0,0.0,,0.0,1,5.12,0.0,SPY190517C00284000,284.0,expirationDay
2019-05-20,4642.0,-5.0,0.0,0,283.95,0.0,1,2.22,2.27,SPY190628P00271000,271.0,0,0.0,0.0,,0.0,normalDay
2019-05-21,4642.0,63.0,0.0,0,286.51,0.0,1,2.22,1.59,SPY190628P00271000,271.0,0,0.0,0.0,,0.0,normalDay
2019-05-22,4642.0,57.0,0.0,0,285.63,0.0,1,2.22,1.65,SPY190628P00271000,271.0,0,0.0,0.0,,0.0,normalDay
2019-05-23,4642.0,-37.0,0.0,0,282.14,0.0,1,2.22,2.59,SPY190628P00271000,271.0,0,0.0,0.0,,0.0,normalDay
2019-05-24,4642.0,6.0,0.0,0,282.78,0.0,1,2.22,2.16,SPY190628P00271000,271.0,0,0.0,0.0,,0.0,normalDay
2019-05-28,4642.0,-43.0,0.0,0,280.15,0.0,1,2.22,2.65,SPY190628P00271000,271.0,0,0.0,0.0,,0.0,normalDay
2019-05-29,4642.0,-90.0,0.0,0,278.27,0.0,1,2.22,3.12,SPY190628P00271000,271.0,0,0.0,0.0,,0.0,normalDay
2019-05-30,4642.0,-51.0,0.0,0,279.03,0.0,1,2.22,2.73,SPY190628P00271000,271.0,0,0.0,0.0,,0.0,normalDay
2019-05-31,4642.0,-182.0,0.0,0,275.27,0.0,1,2.22,4.04,SPY190628P00271000,271.0,0,0.0,0.0,,0.0,normalDay
2019-06-03,4642.0,-171.0,0.0,0,274.57,0.0,1,2.22,3.93,SPY190628P00271000,271.0,0,0.0,0.0,,0.0,normalDay
2019-06-04,4642.0,29.0,0.0,0,280.53,0.0,1,2.22,1.93,SPY190628P00271000,271.0,0,0.0,0.0,,0.0,normalDay
2019-06-05,4642.0,99.0,0.0,0,282.96,0.0,1,2.22,1.23,SPY190628P00271000,271.0,0,0.0,0.0,,0.0,normalDay
2019-06-06,4642.0,125.0,0.0,0,284.8,0.0,1,2.22,0.97,SPY190628P00271000,271.0,0,0.0,0.0,,0.0,normalDay
2019-06-07,4642.0,145.0,0.0,0,287.65,0.0,1,2.22,0.77,SPY190628P00271000,271.0,0,0.0,0.0,,0.0,normalDay
2019-06-10,4642.0,170.0,0.0,0,288.97,0.0,1,2.22,0.52,SPY190628P00271000,271.0,0,0.0,0.0,,0.0,normalDay
2019-06-11,4642.0,173.0,0.0,0,288.9,0.0,1,2.22,0.49,SPY190628P00271000,271.0,0,0.0,0.0,,0.0,normalDay
2019-06-12,4642.0,175.0,0.0,0,288.39,0.0,1,2.22,0.47,SPY190628P00271000,271.0,0,0.0,0.0,,0.0,normalDay
2019-06-13,4642.0,187.0,0.0,0,289.58,0.0,1,2.22,0.35,SPY190628P00271000,271.0,0,0.0,0.0,,0.0,normalDay
2019-06-14,4642.0,197.0,0.0,0,289.26,0.0,1,2.22,0.25,SPY190628P00271000,271.0,0,0.0,0.0,,0.0,normalDay
2019-06-17,4642.0,201.0,0.0,0,289.37,0.0,1,2.22,0.21,SPY190628P00271000,271.0,0,0.0,0.0,,0.0,normalDay
2019-06-18,4642.0,210.0,0.0,0,292.4,0.0,1,2.22,0.12,SPY190628P00271000,271.0,0,0.0,0.0,,0.0,normalDay
2019-06-19,4642.0,214.0,0.0,0,293.06,0.0,1,2.22,0.08,SPY190628P00271000,271.0,0,0.0,0.0,,0.0,normalDay
2019-06-20,4642.0,214.0,0.0,0,295.86,0.0,1,2.22,0.08,SPY190628P00271000,271.0,0,0.0,0.0,,0.0,normalDay
2019-06-21,4642.0,216.0,0.0,0,294.0,0.0,1,2.22,0.06,SPY190628P00271000,271.0,0,0.0,0.0,,0.0,normalDay
2019-06-24,4642.0,219.0,0.0,0,293.64,0.0,1,2.22,0.03,SPY190628P00271000,271.0,0,0.0,0.0,,0.0,normalDay
2019-06-25,4642.0,219.0,0.0,0,290.76,0.0,1,2.22,0.03,SPY190628P00271000,271.0,0,0.0,0.0,,0.0,normalDay
2019-06-26,4642.0,220.0,0.0,0,290.47,0.0,1,2.22,0.02,SPY190628P00271000,271.0,0,0.0,0.0,,0.0,normalDay
2019-06-27,4642.0,221.0,0.0,0,291.5,0.0,1,2.22,0.01,SPY190628P00271000,271.0,0,0.0,0.0,,0.0,normalDay
2019-06-28,4864.0,0.0,222.0,0,293.0,0.0,1,2.22,0.0,SPY190628P00271000,271.0,0,0.0,0.0,,0.0,expirationDay
2019-07-01,4864.0,-4.0,0.0,0,295.66,0.0,1,0.92,0.96,SPY190816P00273000,273.0,0,0.0,0.0,,0.0,normalDay
2019-07-02,4864.0,16.0,0.0,0,296.43,0.0,1,0.92,0.76,SPY190816P00273000,273.0,0,0.0,0.0,,0.0,normalDay
2019-07-03,4864.0,33.0,0.0,0,298.8,0.0,1,0.92,0.59,SPY190816P00273000,273.0,0,0.0,0.0,,0.0,normalDay
2019-07-05,4864.0,28.0,0.0,0,298.46,0.0,1,0.92,0.64,SPY190816P00273000,273.0,0,0.0,0.0,,0.0,normalDay
2019-07-08,4864.0,22.0,0.0,0,296.82,0.0,1,0.92,0.7,SPY190816P00273000,273.0,0,0.0,0.0,,0.0,normalDay
2019-07-09,4864.0,22.0,0.0,0,297.19,0.0,1,0.92,0.7,SPY190816P00273000,273.0,0,0.0,0.0,,0.0,normalDay
2019-07-10,4864.0,39.0,0.0,0,298.61,0.0,1,0.92,0.53,SPY190816P00273000,273.0,0,0.0,0.0,,0.0,normalDay
2019-07-11,4864.0,44.0,0.0,0,299.31,0.0,1,0.92,0.48,SPY190816P00273000,273.0,0,0.0,0.0,,0.0,normalDay
2019-07-12,4864.0,53.0,0.0,0,300.65,0.0,1,0.92,0.39,SPY190816P00273000,273.0,0,0.0,0.0,,0.0,normalDay
2019-07-15,4864.0,54.0,0.0,0,300.75,0.0,1,0.92,0.38,SPY190816P00273000,273.0,0,0.0,0.0,,0.0,normalDay
2019-07-16,4864.0,51.0,0.0,0,299.78,0.0,1,0.92,0.41,SPY190816P00273000,273.0,0,0.0,0.0,,0.0,normalDay
2019-07-17,4864.0,41.0,0.0,0,297.74,0.0,1,0.92,0.51,SPY190816P00273000,273.0,0,0.0,0.0,,0.0,normalDay
2019-07-18,4864.0,51.0,0.0,0,298.83,0.0,1,0.92,0.41,SPY190816P00273000,273.0,0,0.0,0.0,,0.0,normalDay
2019-07-19,4864.0,43.0,0.0,0,297.17,0.0,1,0.92,0.49,SPY190816P00273000,273.0,0,0.0,0.0,,0.0,normalDay
2019-07-22,4864.0,59.0,0.0,0,297.9,0.0,1,0.92,0.33,SPY190816P00273000,273.0,0,0.0,0.0,,0.0,normalDay
2019-07-23,4864.0,70.0,0.0,0,300.03,0.0,1,0.92,0.22,SPY190816P00273000,273.0,0,0.0,0.0,,0.0,normalDay
2019-07-24,4864.0,76.0,0.0,0,301.44,0.0,1,0.92,0.16,SPY190816P00273000,273.0,0,0.0,0.0,,0.0,normalDay
2019-07-25,4864.0,73.0,0.0,0,300.0,0.0,1,0.92,0.19,SPY190816P00273000,273.0,0,0.0,0.0,,0.0,normalDay
2019-07-26,4864.0,79.0,0.0,0,302.01,0.0,1,0.92,0.13,SPY190816P00273000,273.0,0,0.0,0.0,,0.0,normalDay
2019-07-29,4864.0,78.0,0.0,0,301.46,0.0,1,0.92,0.14,SPY190816P00273000,273.0,0,0.0,0.0,,0.0,normalDay
2019-07-30,4864.0,75.0,0.0,0,300.72,0.0,1,0.92,0.17,SPY190816P00273000,273.0,0,0.0,0.0,,0.0,normalDay
2019-07-31,4864.0,62.0,0.0,0,297.43,0.0,1,0.92,0.3,SPY190816P00273000,273.0,0,0.0,0.0,,0.0,normalDay
2019-08-01,4864.0,49.0,0.0,0,294.84,0.0,1,0.92,0.43,SPY190816P00273000,273.0,0,0.0,0.0,,0.0,normalDay
2019-08-02,4864.0,44.0,0.0,0,292.62,0.0,1,0.92,0.48,SPY190816P00273000,273.0,0,0.0,0.0,,0.0,normalDay
2019-08-05,4864.0,-119.0,0.0,0,283.82,0.0,1,0.92,2.11,SPY190816P00273000,273.0,0,0.0,0.0,,0.0,normalDay
2019-08-06,4864.0,16.0,0.0,0,287.8,0.0,1,0.92,0.76,SPY190816P00273000,273.0,0,0.0,0.0,,0.0,normalDay
2019-08-07,4864.0,34.0,0.0,0,287.97,0.0,1,0.92,0.58,SPY190816P00273000,273.0,0,0.0,0.0,,0.0,normalDay
2019-08-08,4864.0,76.0,0.0,0,293.62,0.0,1,0.92,0.16,SPY190816P00273000,273.0,0,0.0,0.0,,0.0,normalDay
2019-08-09,4864.0,76.0,0.0,0,291.62,0.0,1,0.92,0.16,SPY190816P00273000,273.0,0,0.0,0.0,,0.0,normalDay
2019-08-12,4864.0,69.0,0.0,0,288.07,0.0,1,0.92,0.23,SPY190816P00273000,273.0,0,0.0,0.0,,0.0,normalDay
2019-08-13,4864.0,87.0,0.0,0,292.55,0.0,1,0.92,0.05,SPY190816P00273000,273.0,0,0.0,0.0,,0.0,normalDay
2019-08-14,4864.0,64.0,0.0,0,283.9,0.0,1,0.92,0.28,SPY190816P00273000,273.0,0,0.0,0.0,,0.0,normalDay
2019-08-15,4864.0,89.0,0.0,0,284.65,0.0,1,0.92,0.03,SPY190816P00273000,273.0,0,0.0,0.0,,0.0,normalDay
2019-08-16,4956.0,0.0,92.0,0,288.85,0.0,1,0.92,0.0,SPY190816P00273000,273.0,0,0.0,0.0,,0.0,expirationDay
2019-08-19,4956.0,-3.0,0.0,0,292.33,0.0,1,1.1,1.13,SPY190930P00266000,266.0,0,0.0,0.0,,0.0,normalDay
2019-08-20,4956.0,-28.0,0.0,0,290.09,0.0,1,1.1,1.38,SPY190930P00266000,266.0,0,0.0,0.0,,0.0,normalDay
2019-08-21,4956.0,24.0,0.0,0,292.45,0.0,1,1.1,0.86,SPY190930P00266000,266.0,0,0.0,0.0,,0.0,normalDay
2019-08-22,4956.0,11.0,0.0,0,292.36,0.0,1,1.1,0.99,SPY190930P00266000,266.0,0,0.0,0.0,,0.0,normalDay
2019-08-23,4956.0,-90.0,0.0,0,284.85,0.0,1,1.1,2.0,SPY190930P00266000,266.0,0,0.0,0.0,,0.0,normalDay
2019-08-26,4956.0,-38.0,0.0,0,288.0,0.0,1,1.1,1.48,SPY190930P00266000,266.0,0,0.0,0.0,,0.0,normalDay
2019-08-27,4956.0,-64.0,0.0,0,286.87,0.0,1,1.1,1.74,SPY190930P00266000,266.0,0,0.0,0.0,,0.0,normalDay
2019-08-28,4956.0,-23.0,0.0,0,288.89,0.0,1,1.1,1.33,SPY190930P00266000,266.0,0,0.0,0.0,,0.0,normalDay
2019-08-29,4956.0,18.0,0.0,0,292.58,0.0,1,1.1,0.92,SPY190930P00266000,266.0,0,0.0,0.0,,0.0,normalDay
2019-08-30,4956.0,9.0,0.0,0,292.45,0.0,1,1.1,1.01,SPY190930P00266000,266.0,0,0.0,0.0,,0.0,normalDay
2019-09-03,4956.0,9.0,0.0,0,290.74,0.0,1,1.1,1.01,SPY190930P00266000,266.0,0,0.0,0.0,,0.0,normalDay
2019-09-04,4956.0,58.0,0.0,0,294.04,0.0,1,1.1,0.52,SPY190930P00266000,266.0,0,0.0,0.0,,0.0,normalDay
2019-09-05,4956.0,74.0,0.0,0,297.82,0.0,1,1.1,0.36,SPY190930P00266000,266.0,0,0.0,0.0,,0.0,normalDay
2019-09-06,4956.0,87.0,0.0,0,298.05,0.0,1,1.1,0.23,SPY190930P00266000,266.0,0,0.0,0.0,,0.0,normalDay
2019-09-09,4956.0,89.0,0.0,0,298.2,0.0,1,1.1,0.21,SPY190930P00266000,266.0,0,0.0,0.0,,0.0,normalDay
2019-09-10,4956.0,91.0,0.0,0,298.13,0.0,1,1.1,0.19,SPY190930P00266000,266.0,0,0.0,0.0,,0.0,normalDay
2019-09-11,4956.0,96.0,0.0,0,300.25,0.0,1,1.1,0.14,SPY190930P00266000,266.0,0,0.0,0.0,,0.0,normalDay
2019-09-12,4956.0,99.0,0.0,0,301.29,0.0,1,1.1,0.11,SPY190930P00266000,266.0,0,0.0,0.0,,0.0,normalDay
2019-09-13,4956.0,100.0,0.0,0,301.09,0.0,1,1.1,0.1,SPY190930P00266000,266.0,0,0.0,0.0,,0.0,normalDay
2019-09-16,4956.0,101.0,0.0,0,300.16,0.0,1,1.1,0.09,SPY190930P00266000,266.0,0,0.0,0.0,,0.0,normalDay
2019-09-17,4956.0,101.0,0.0,0,300.92,0.0,1,1.1,0.09,SPY190930P00266000,266.0,0,0.0,0.0,,0.0,normalDay
2019-09-18,4956.0,103.0,0.0,0,301.1,0.0,1,1.1,0.07,SPY190930P00266000,266.0,0,0.0,0.0,,0.0,normalDay
2019-09-19,4956.0,103.0,0.0,0,301.08,0.0,1,1.1,0.07,SPY190930P00266000,266.0,0,0.0,0.0,,0.0,normalDay
2019-09-20,4956.0,105.0,0.0,0,298.28,0.0,1,1.1,0.05,SPY190930P00266000,266.0,0,0.0,0.0,,0.0,normalDay
2019-09-23,4956.0,107.0,0.0,0,298.21,0.0,1,1.1,0.03,SPY190930P00266000,266.0,0,0.0,0.0,,0.0,normalDay
2019-09-24,4956.0,104.0,0.0,0,295.87,0.0,1,1.1,0.06,SPY190930P00266000,266.0,0,0.0,0.0,,0.0,normalDay
2019-09-25,4956.0,108.0,0.0,0,297.62,0.0,1,1.1,0.02,SPY190930P00266000,266.0,0,0.0,0.0,,0.0,normalDay
2019-09-26,4956.0,109.0,0.0,0,297.0,0.0,1,1.1,0.01,SPY190930P00266000,266.0,0,0.0,0.0,,0.0,normalDay
2019-09-27,4956.0,108.0,0.0,0,295.4,0.0,1,1.1,0.02,SPY190930P00266000,266.0,0,0.0,0.0,,0.0,normalDay
2019-09-30,5066.0,0.0,110.0,0,296.77,0.0,1,1.1,0.0,SPY190930P00266000,266.0,0,0.0,0.0,,0.0,expirationDay
2019-10-01,5066.0,-5.0,0.0,0,293.24,0.0,1,4.88,4.93,SPY191115P00288000,288.0,0,0.0,0.0,,0.0,normalDay
2019-10-02,5066.0,-262.0,0.0,0,288.06,0.0,1,4.88,7.5,SPY191115P00288000,288.0,0,0.0,0.0,,0.0,normalDay
2019-10-03,5066.0,-111.0,0.0,0,290.42,0.0,1,4.88,5.99,SPY191115P00288000,288.0,0,0.0,0.0,,0.0,normalDay
2019-10-04,5066.0,75.0,0.0,0,294.35,0.0,1,4.88,4.13,SPY191115P00288000,288.0,0,0.0,0.0,,0.0,normalDay
2019-10-07,5066.0,39.0,0.0,0,293.08,0.0,1,4.88,4.49,SPY191115P00288000,288.0,0,0.0,0.0,,0.0,normalDay
2019-10-08,5066.0,-166.0,0.0,0,288.53,0.0,1,4.88,6.54,SPY191115P00288000,288.0,0,0.0,0.0,,0.0,normalDay
2019-10-09,5066.0,-23.0,0.0,0,291.27,0.0,1,4.88,5.11,SPY191115P00288000,288.0,0,0.0,0.0,,0.0,normalDay
2019-10-10,5066.0,81.0,0.0,0,293.24,0.0,1,4.88,4.07,SPY191115P00288000,288.0,0,0.0,0.0,,0.0,normalDay
2019-10-11,5066.0,221.0,0.0,0,296.28,0.0,1,4.88,2.67,SPY191115P00288000,288.0,0,0.0,0.0,,0.0,normalDay
2019-10-14,5066.0,251.0,0.0,0,295.95,0.0,1,4.88,2.37,SPY191115P00288000,288.0,0,0.0,0.0,,0.0,normalDay
2019-10-15,5066.0,337.0,0.0,0,298.88,0.0,1,4.88,1.51,SPY191115P00288000,288.0,0,0.0,0.0,,0.0,normalDay
2019-10-16,5066.0,336.0,0.0,0,298.4,0.0,1,4.88,1.52,SPY191115P00288000,288.0,0,0.0,0.0,,0.0,normalDay
2019-10-17,5066.0,350.0,0.0,0,299.28,0.0,1,4.88,1.38,SPY191115P00288000,288.0,0,0.0,0.0,,0.0,normalDay
2019-10-18,5066.0,334.0,0.0,0,297.97,0.0,1,4.88,1.54,SPY191115P00288000,288.0,0,0.0,0.0,,0.0,normalDay
2019-10-21,5066.0,384.0,0.0,0,299.99,0.0,1,4.88,1.04,SPY191115P00288000,288.0,0,0.0,0.0,,0.0,normalDay
2019-10-22,5066.0,370.0,0.0,0,299.01,0.0,1,4.88,1.18,SPY191115P00288000,288.0,0,0.0,0.0,,0.0,normalDay
2019-10-23,5066.0,396.0,0.0,0,299.88,0.0,1,4.88,0.92,SPY191115P00288000,288.0,0,0.0,0.0,,0.0,normalDay
2019-10-24,5066.0,409.0,0.0,0,300.37,0.0,1,4.88,0.79,SPY191115P00288000,288.0,0,0.0,0.0,,0.0,normalDay
2019-10-25,5066.0,435.0,0.0,0,301.6,0.0,1,4.88,0.53,SPY191115P00288000,288.0,0,0.0,0.0,,0.0,normalDay
2019-10-28,5066.0,448.0,0.0,0,303.3,0.0,1,4.88,0.4,SPY191115P00288000,288.0,0,0.0,0.0,,0.0,normalDay
2019-10-29,5066.0,451.0,0.0,0,303.21,0.0,1,4.88,0.37,SPY191115P00288000,288.0,0,0.0,0.0,,0.0,normalDay
2019-10-30,5066.0,463.0,0.0,0,304.14,0.0,1,4.88,0.25,SPY191115P00288000,288.0,0,0.0,0.0,,0.0,normalDay
2019-10-31,5066.0,454.0,0.0,0,303.33,0.0,1,4.88,0.34,SPY191115P00288000,288.0,0,0.0,0.0,,0.0,normalDay
2019-11-01,5066.0,473.0,0.0,0,306.14,0.0,1,4.88,0.15,SPY191115P00288000,288.0,0,0.0,0.0,,0.0,normalDay
2019-11-04,5066.0,477.0,0.0,0,307.37,0.0,1,4.88,0.11,SPY191115P00288000,288.0,0,0.0,0.0,,0.0,normalDay
2019-11-05,5066.0,478.0,0.0,0,307.03,0.0,1,4.88,0.1,SPY191115P00288000,288.0,0,0.0,0.0,,0.0,normalDay
2019-11-06,5066.0,482.0,0.0,0,307.1,0.0,1,4.88,0.06,SPY191115P00288000,288.0,0,0.0,0.0,,0.0,normalDay
2019-11-07,5066.0,484.0,0.0,0,308.18,0.0,1,4.88,0.04,SPY191115P00288000,288.0,0,0.0,0.0,,0.0,normalDay
2019-11-08,5066.0,485.0,0.0,0,308.94,0.0,1,4.88,0.03,SPY191115P00288000,288.0,0,0.0,0.0,,0.0,normalDay
2019-11-11,5066.0,486.0,0.0,0,308.35,0.0,1,4.88,0.02,SPY191115P00288000,288.0,0,0.0,0.0,,0.0,normalDay
2019-11-12,5066.0,486.0,0.0,0,309.0,0.0,1,4.88,0.02,SPY191115P00288000,288.0,0,0.0,0.0,,0.0,normalDay
2019-11-13,5066.0,486.0,0.0,0,309.1,0.0,1,4.88,0.02,SPY191115P00288000,288.0,0,0.0,0.0,,0.0,normalDay
2019-11-14,5066.0,487.0,0.0,0,309.55,0.0,1,4.88,0.01,SPY191115P00288000,288.0,0,0.0,0.0,,0.0,normalDay
2019-11-15,5554.0,0.0,488.0,0,311.79,0.0,1,4.88,0.0,SPY191115P00288000,288.0,0,0.0,0.0,,0.0,expirationDay
2019-11-18,5554.0,-4.0,0.0,0,312.02,0.0,1,0.91,0.95,SPY191231P00289000,289.0,0,0.0,0.0,,0.0,normalDay
2019-11-19,5554.0,-9.0,0.0,0,311.93,0.0,1,0.91,1.0,SPY191231P00289000,289.0,0,0.0,0.0,,0.0,normalDay
2019-11-20,5554.0,-16.0,0.0,0,310.77,0.0,1,0.91,1.07,SPY191231P00289000,289.0,0,0.0,0.0,,0.0,normalDay
2019-11-21,5554.0,-16.0,0.0,0,310.27,0.0,1,0.91,1.07,SPY191231P00289000,289.0,0,0.0,0.0,,0.0,normalDay
2019-11-22,5554.0,1.0,0.0,0,310.96,0.0,1,0.91,0.9,SPY191231P00289000,289.0,0,0.0,0.0,,0.0,normalDay
2019-11-25,5554.0,31.0,0.0,0,313.37,0.0,1,0.91,0.6,SPY191231P00289000,289.0,0,0.0,0.0,,0.0,normalDay
2019-11-26,5554.0,39.0,0.0,0,314.08,0.0,1,0.91,0.52,SPY191231P00289000,289.0,0,0.0,0.0,,0.0,normalDay
2019-11-27,5554.0,46.0,0.0,0,315.48,0.0,1,0.91,0.45,SPY191231P00289000,289.0,0,0.0,0.0,,0.0,normalDay
2019-11-29,5554.0,36.0,0.0,0,314.31,0.0,1,0.91,0.55,SPY191231P00289000,289.0,0,0.0,0.0,,0.0,normalDay
2019-12-02,5554.0,7.0,0.0,0,311.64,0.0,1,0.91,0.84,SPY191231P00289000,289.0,0,0.0,0.0,,0.0,normalDay
2019-12-03,5554.0,-17.0,0.0,0,309.55,0.0,1,0.91,1.08,SPY191231P00289000,289.0,0,0.0,0.0,,0.0,normalDay
2019-12-04,5554.0,13.0,0.0,0,311.46,0.0,1,0.91,0.78,SPY191231P00289000,289.0,0,0.0,0.0,,0.0,normalDay
2019-12-05,5554.0,28.0,0.0,0,312.02,0.0,1,0.91,0.63,SPY191231P00289000,289.0,0,0.0,0.0,,0.0,normalDay
2019-12-06,5554.0,48.0,0.0,0,314.87,0.0,1,0.91,0.43,SPY191231P00289000,289.0,0,0.0,0.0,,0.0,normalDay
2019-12-09,5554.0,32.0,0.0,0,313.88,0.0,1,0.91,0.59,SPY191231P00289000,289.0,0,0.0,0.0,,0.0,normalDay
2019-12-10,5554.0,38.0,0.0,0,313.53,0.0,1,0.91,0.53,SPY191231P00289000,289.0,0,0.0,0.0,,0.0,normalDay
2019-12-11,5554.0,52.0,0.0,0,314.42,0.0,1,0.91,0.39,SPY191231P00289000,289.0,0,0.0,0.0,,0.0,normalDay
2019-12-12,5554.0,65.0,0.0,0,317.13,0.0,1,0.91,0.26,SPY191231P00289000,289.0,0,0.0,0.0,,0.0,normalDay
2019-12-13,5554.0,70.0,0.0,0,317.32,0.0,1,0.91,0.21,SPY191231P00289000,289.0,0,0.0,0.0,,0.0,normalDay
2019-12-16,5554.0,77.0,0.0,0,319.5,0.0,1,0.91,0.14,SPY191231P00289000,289.0,0,0.0,0.0,,0.0,normalDay
2019-12-17,5554.0,79.0,0.0,0,319.57,0.0,1,0.91,0.12,SPY191231P00289000,289.0,0,0.0,0.0,,0.0,normalDay
2019-12-18,5554.0,82.0,0.0,0,319.59,0.0,1,0.91,0.09,SPY191231P00289000,289.0,0,0.0,0.0,,0.0,normalDay
2019-12-19,5554.0,84.0,0.0,0,320.9,0.0,1,0.91,0.07,SPY191231P00289000,289.0,0,0.0,0.0,,0.0,normalDay
2019-12-20,5554.0,86.0,0.0,0,320.73,0.0,1,0.91,0.05,SPY191231P00289000,289.0,0,0.0,0.0,,0.0,normalDay
2019-12-23,5554.0,89.0,0.0,0,321.22,0.0,1,0.91,0.02,SPY191231P00289000,289.0,0,0.0,0.0,,0.0,normalDay
2019-12-24,5554.0,89.0,0.0,0,321.23,0.0,1,0.91,0.02,SPY191231P00289000,289.0,0,0.0,0.0,,0.0,normalDay
2019-12-26,5554.0,90.0,0.0,0,322.94,0.0,1,0.91,0.01,SPY191231P00289000,289.0,0,0.0,0.0,,0.0,normalDay
2019-12-27,5554.0,90.0,0.0,0,322.86,0.0,1,0.91,0.01,SPY191231P00289000,289.0,0,0.0,0.0,,0.0,normalDay
2019-12-30,5554.0,90.0,0.0,0,321.08,0.0,1,0.91,0.01,SPY191231P00289000,289.0,0,0.0,0.0,,0.0,normalDay
2019-12-31,5645.0,0.0,91.0,0,321.86,0.0,1,0.91,0.0,SPY191231P00289000,289.0,0,0.0,0.0,,0.0,expirationDay
2020-01-02,5645.0,-4.0,0.0,0,324.87,0.0,1,1.12,1.16,SPY200221P00301000,301.0,0,0.0,0.0,,0.0,normalDay
2020-01-03,5645.0,-45.0,0.0,0,322.41,0.0,1,1.12,1.57,SPY200221P00301000,301.0,0,0.0,0.0,,0.0,normalDay
2020-01-06,5645.0,-15.0,0.0,0,323.64,0.0,1,1.12,1.27,SPY200221P00301000,301.0,0,0.0,0.0,,0.0,normalDay
2020-01-07,5645.0,-22.0,0.0,0,322.73,0.0,1,1.12,1.34,SPY200221P00301000,301.0,0,0.0,0.0,,0.0,normalDay
2020-01-08,5645.0,3.0,0.0,0,324.45,0.0,1,1.12,1.09,SPY200221P00301000,301.0,0,0.0,0.0,,0.0,normalDay
2020-01-09,5645.0,28.0,0.0,0,326.65,0.0,1,1.12,0.84,SPY200221P00301000,301.0,0,0.0,0.0,,0.0,normalDay
2020-01-10,5645.0,26.0,0.0,0,325.71,0.0,1,1.12,0.86,SPY200221P00301000,301.0,0,0.0,0.0,,0.0,normalDay
2020-01-13,5645.0,50.0,0.0,0,327.95,0.0,1,1.12,0.62,SPY200221P00301000,301.0,0,0.0,0.0,,0.0,normalDay
2020-01-14,5645.0,52.0,0.0,0,327.45,0.0,1,1.12,0.6,SPY200221P00301000,301.0,0,0.0,0.0,,0.0,normalDay
2020-01-15,5645.0,57.0,0.0,0,328.19,0.0,1,1.12,0.55,SPY200221P00301000,301.0,0,0.0,0.0,,0.0,normalDay
2020-01-16,5645.0,66.0,0.0,0,330.92,0.0,1,1.12,0.46,SPY200221P00301000,301.0,0,0.0,0.0,,0.0,normalDay
2020-01-17,5645.0,72.0,0.0,0,331.95,0.0,1,1.12,0.4,SPY200221P00301000,301.0,0,0.0,0.0,,0.0,normalDay
2020-01-21,5645.0,74.0,0.0,0,331.3,0.0,1,1.12,0.38,SPY200221P00301000,301.0,0,0.0,0.0,,0.0,normalDay
2020-01-22,5645.0,75.0,0.0,0,331.34,0.0,1,1.12,0.37,SPY200221P00301000,301.0,0,0.0,0.0,,0.0,normalDay
2020-01-23,5645.0,76.0,0.0,0,331.72,0.0,1,1.12,0.36,SPY200221P00301000,301.0,0,0.0,0.0,,0.0,normalDay
2020-01-24,5645.0,61.0,0.0,0,328.77,0.0,1,1.12,0.51,SPY200221P00301000,301.0,0,0.0,0.0,,0.0,normalDay
2020-01-27,5645.0,2.0,0.0,0,323.5,0.0,1,1.12,1.1,SPY200221P00301000,301.0,0,0.0,0.0,,0.0,normalDay
2020-01-28,5645.0,52.0,0.0,0,326.89,0.0,1,1.12,0.6,SPY200221P00301000,301.0,0,0.0,0.0,,0.0,normalDay
2020-01-29,5645.0,54.0,0.0,0,326.62,0.0,1,1.12,0.58,SPY200221P00301000,301.0,0,0.0,0.0,,0.0,normalDay
2020-01-30,5645.0,76.0,0.0,0,327.68,0.0,1,1.12,0.36,SPY200221P00301000,301.0,0,0.0,0.0,,0.0,normalDay
2020-01-31,5645.0,18.0,0.0,0,321.73,0.0,1,1.12,0.94,SPY200221P00301000,301.0,0,0.0,0.0,,0.0,normalDay
2020-02-03,5645.0,56.0,0.0,0,324.12,0.0,1,1.12,0.56,SPY200221P00301000,301.0,0,0.0,0.0,,0.0,normalDay
2020-02-04,5645.0,90.0,0.0,0,329.06,0.0,1,1.12,0.22,SPY200221P00301000,301.0,0,0.0,0.0,,0.0,normalDay
2020-02-05,5645.0,99.0,0.0,0,332.86,0.0,1,1.12,0.13,SPY200221P00301000,301.0,0,0.0,0.0,,0.0,normalDay
2020-02-06,5645.0,99.0,0.0,0,333.98,0.0,1,1.12,0.13,SPY200221P00301000,301.0,0,0.0,0.0,,0.0,normalDay
2020-02-07,5645.0,100.0,0.0,0,332.2,0.0,1,1.12,0.12,SPY200221P00301000,301.0,0,0.0,0.0,,0.0,normalDay
2020-02-10,5645.0,104.0,0.0,0,334.68,0.0,1,1.12,0.08,SPY200221P00301000,301.0,0,0.0,0.0,,0.0,normalDay
2020-02-11,5645.0,106.0,0.0,0,335.26,0.0,1,1.12,0.06,SPY200221P00301000,301.0,0,0.0,0.0,,0.0,normalDay
2020-02-12,5645.0,108.0,0.0,0,337.42,0.0,1,1.12,0.04,SPY200221P00301000,301.0,0,0.0,0.0,,0.0,normalDay
2020-02-13,5645.0,109.0,0.0,0,337.06,0.0,1,1.12,0.03,SPY200221P00301000,301.0,0,0.0,0.0,,0.0,normalDay
2020-02-14,5645.0,110.0,0.0,0,337.6,0.0,1,1.12,0.02,SPY200221P00301000,301.0,0,0.0,0.0,,0.0,normalDay
2020-02-18,5645.0,110.0,0.0,0,336.73,0.0,1,1.12,0.02,SPY200221P00301000,301.0,0,0.0,0.0,,0.0,normalDay
2020-02-19,5645.0,111.0,0.0,0,338.34,0.0,1,1.12,0.01,SPY200221P00301000,301.0,0,0.0,0.0,,0.0,normalDay
2020-02-20,5645.0,111.0,0.0,0,336.95,0.0,1,1.12,0.01,SPY200221P00301000,301.0,0,0.0,0.0,,0.0,normalDay
2020-02-21,5757.0,0.0,112.0,0,333.48,0.0,1,1.12,0.0,SPY200221P00301000,301.0,0,0.0,0.0,,0.0,expirationDay
2020-02-24,5757.0,-6.0,0.0,0,322.42,0.0,1,5.47,5.53,SPY200417P00307000,307.0,0,0.0,0.0,,0.0,normalDay
2020-02-25,5757.0,-307.0,0.0,0,312.65,0.0,1,5.47,8.54,SPY200417P00307000,307.0,0,0.0,0.0,,0.0,normalDay
2020-02-26,5757.0,-359.0,0.0,0,311.5,0.0,1,5.47,9.06,SPY200417P00307000,307.0,0,0.0,0.0,,0.0,normalDay
2020-02-27,5757.0,-1261.0,0.0,0,297.51,0.0,1,5.47,18.08,SPY200417P00307000,307.0,0,0.0,0.0,,0.0,normalDay
2020-02-28,5757.0,-1382.0,0.0,0,296.26,0.0,1,5.47,19.29,SPY200417P00307000,307.0,0,0.0,0.0,,0.0,normalDay
2020-03-02,5757.0,-540.0,0.0,0,309.09,0.0,1,5.47,10.87,SPY200417P00307000,307.0,0,0.0,0.0,,0.0,normalDay
2020-03-03,5757.0,-986.0,0.0,0,300.24,0.0,1,5.47,15.33,SPY200417P00307000,307.0,0,0.0,0.0,,0.0,normalDay
2020-03-04,5757.0,-426.0,0.0,0,312.86,0.0,1,5.47,9.73,SPY200417P00307000,307.0,0,0.0,0.0,,0.0,normalDay
2020-03-05,5757.0,-1067.0,0.0,0,302.46,0.0,1,5.47,16.14,SPY200417P00307000,307.0,0,0.0,0.0,,0.0,normalDay
2020-03-06,5757.0,-1404.0,0.0,0,297.46,0.0,1,5.47,19.51,SPY200417P00307000,307.0,0,0.0,0.0,,0.0,normalDay
2020-03-09,5757.0,-3204.0,0.0,0,274.23,0.0,1,5.47,37.51,SPY200417P00307000,307.0,0,0.0,0.0,,0.0,normalDay
2020-03-10,5757.0,-1998.0,0.0,0,288.42,0.0,1,5.47,25.45,SPY200417P00307000,307.0,0,0.0,0.0,,0.0,normalDay
2020-03-11,5757.0,-3124.0,0.0,0,274.36,0.0,1,5.47,36.71,SPY200417P00307000,307.0,0,0.0,0.0,,0.0,normalDay
2020-03-12,5757.0,-5542.0,0.0,0,248.11,0.0,1,5.47,60.89,SPY200417P00307000,307.0,0,0.0,0.0,,0.0,normalDay
2020-03-13,5757.0,-3557.0,0.0,0,269.32,0.0,1,5.47,41.04,SPY200417P00307000,307.0,0,0.0,0.0,,0.0,normalDay
2020-03-16,5757.0,-6063.0,0.0,0,239.85,0.0,1,5.47,66.1,SPY200417P00307000,307.0,0,0.0,0.0,,0.0,normalDay
2020-03-17,5757.0,-5229.0,0.0,0,252.8,0.0,1,5.47,57.76,SPY200417P00307000,307.0,0,0.0,0.0,,0.0,normalDay
2020-03-18,5757.0,-6314.0,0.0,0,240.0,0.0,1,5.47,68.61,SPY200417P00307000,307.0,0,0.0,0.0,,0.0,normalDay
2020-03-19,5757.0,-6319.0,0.0,0,240.51,0.0,1,5.47,68.66,SPY200417P00307000,307.0,0,0.0,0.0,,0.0,normalDay
2020-03-20,5757.0,-7271.0,0.0,0,228.8,0.0,1,5.47,78.18,SPY200417P00307000,307.0,0,0.0,0.0,,0.0,normalDay
2020-03-23,5757.0,-8067.0,0.0,0,222.95,0.0,1,5.47,86.14,SPY200417P00307000,307.0,0,0.0,0.0,,0.0,normalDay
2020-03-24,5757.0,-5951.0,0.0,0,243.15,0.0,1,5.47,64.98,SPY200417P00307000,307.0,0,0.0,0.0,,0.0,normalDay
2020-03-25,5757.0,-5489.0,0.0,0,246.79,0.0,1,5.47,60.36,SPY200417P00307000,307.0,0,0.0,0.0,,0.0,normalDay
2020-03-26,5757.0,-4145.0,0.0,0,261.2,0.0,1,5.47,46.92,SPY200417P00307000,307.0,0,0.0,0.0,,0.0,normalDay
2020-03-27,5757.0,-4912.0,0.0,0,253.42,0.0,1,5.47,54.59,SPY200417P00307000,307.0,0,0.0,0.0,,0.0,normalDay
2020-03-30,5757.0,-4119.0,0.0,0,261.65,0.0,1,5.47,46.66,SPY200417P00307000,307.0,0,0.0,0.0,,0.0,normalDay
2020-03-31,5757.0,-4510.0,0.0,0,257.75,0.0,1,5.47,50.57,SPY200417P00307000,307.0,0,0.0,0.0,,0.0,normalDay
2020-04-01,5757.0,-5590.0,0.0,0,246.15,0.0,1,5.47,61.37,SPY200417P00307000,307.0,0,0.0,0.0,,0.0,normalDay
2020-04-02,5757.0,-4927.0,0.0,0,251.83,0.0,1,5.47,54.74,SPY200417P00307000,307.0,0,0.0,0.0,,0.0,normalDay
2020-04-03,5757.0,-5334.0,0.0,0,248.19,0.0,1,5.47,58.81,SPY200417P00307000,307.0,0,0.0,0.0,,0.0,normalDay
2020-04-06,5757.0,-3665.0,0.0,0,264.86,0.0,1,5.47,42.12,SPY200417P00307000,307.0,0,0.0,0.0,,0.0,normalDay
2020-04-07,5757.0,-3765.0,0.0,0,265.13,0.0,1,5.47,43.12,SPY200417P00307000,307.0,0,0.0,0.0,,0.0,normalDay
2020-04-08,5757.0,-2778.0,0.0,0,274.03,0.0,1,5.47,33.25,SPY200417P00307000,307.0,0,0.0,0.0,,0.0,normalDay
2020-04-09,5757.0,-2368.0,0.0,0,278.2,0.0,1,5.47,29.15,SPY200417P00307000,307.0,0,0.0,0.0,,0.0,normalDay
2020-04-13,5757.0,-2616.0,0.0,0,275.66,0.0,1,5.47,31.63,SPY200417P00307000,307.0,0,0.0,0.0,,0.0,normalDay
2020-04-14,5757.0,-1768.0,0.0,0,283.79,0.0,1,5.47,23.15,SPY200417P00307000,307.0,0,0.0,0.0,,0.0,normalDay
2020-04-15,5757.0,-2390.0,0.0,0,277.76,0.0,1,5.47,29.37,SPY200417P00307000,307.0,0,0.0,0.0,,0.0,normalDay
2020-04-16,5757.0,-2246.0,0.0,0,279.1,0.0,1,5.47,27.93,SPY200417P00307000,307.0,0,0.0,0.0,,0.0,normalDay
2020-04-17,6304.0,-2036.0,547.0,100,286.64,307.0,1,5.47,0.0,SPY200417P00307000,307.0,0,0.0,0.0,,0.0,expirationDay
2020-04-20,6304.0,-2551.0,0.0,100,281.59,307.0,0,0.0,0.0,,0.0,1,4.87,4.97,SPY200630C00307000,307.0,normalDay
2020-04-21,6304.0,-3233.0,0.0,100,273.04,307.0,0,0.0,0.0,,0.0,1,4.87,3.24,SPY200630C00307000,307.0,normalDay
2020-04-22,6304.0,-2673.0,0.0,100,279.1,307.0,0,0.0,0.0,,0.0,1,4.87,3.7,SPY200630C00307000,307.0,normalDay
2020-04-23,6304.0,-2660.0,0.0,100,279.08,307.0,0,0.0,0.0,,0.0,1,4.87,3.55,SPY200630C00307000,307.0,normalDay
2020-04-24,6304.0,-2303.0,0.0,100,282.97,307.0,0,0.0,0.0,,0.0,1,4.87,3.87,SPY200630C00307000,307.0,normalDay
2020-04-27,6304.0,-1922.0,0.0,100,287.05,307.0,0,0.0,0.0,,0.0,1,4.87,4.14,SPY200630C00307000,307.0,normalDay
2020-04-28,6304.0,-2007.0,0.0,100,285.73,307.0,0,0.0,0.0,,0.0,1,4.87,3.67,SPY200630C00307000,307.0,normalDay
2020-04-29,6304.0,-1454.0,0.0,100,293.21,307.0,0,0.0,0.0,,0.0,1,4.87,5.62,SPY200630C00307000,307.0,normalDay
2020-04-30,6304.0,-1627.0,0.0,100,290.48,307.0,0,0.0,0.0,,0.0,1,4.87,4.62,SPY200630C00307000,307.0,normalDay
2020-05-01,6304.0,-2224.0,0.0,100,282.79,307.0,0,0.0,0.0,,0.0,1,4.87,2.9,SPY200630C00307000,307.0,normalDay
2020-05-04,6304.0,-2122.0,0.0,100,283.57,307.0,0,0.0,0.0,,0.0,1,4.87,2.66,SPY200630C00307000,307.0,normalDay
2020-05-05,6304.0,-1898.0,0.0,100,286.19,307.0,0,0.0,0.0,,0.0,1,4.87,3.04,SPY200630C00307000,307.0,normalDay
2020-05-06,6304.0,-2034.0,0.0,100,284.25,307.0,0,0.0,0.0,,0.0,1,4.87,2.46,SPY200630C00307000,307.0,normalDay
2020-05-07,6304.0,-1757.0,0.0,100,287.68,307.0,0,0.0,0.0,,0.0,1,4.87,3.12,SPY200630C00307000,307.0,normalDay
2020-05-08,6304.0,-1351.0,0.0,100,292.44,307.0,0,0.0,0.0,,0.0,1,4.87,3.82,SPY200630C00307000,307.0,normalDay
2020-05-11,6304.0,-1266.0,0.0,100,292.5,307.0,0,0.0,0.0,,0.0,1,4.87,3.03,SPY200630C00307000,307.0,normalDay
2020-05-12,6304.0,-1752.0,0.0,100,286.67,307.0,0,0.0,0.0,,0.0,1,4.87,2.06,SPY200630C00307000,307.0,normalDay
2020-05-13,6304.0,-2205.0,0.0,100,281.6,307.0,0,0.0,0.0,,0.0,1,4.87,1.52,SPY200630C00307000,307.0,normalDay
2020-05-14,6304.0,-1885.0,0.0,100,284.97,307.0,0,0.0,0.0,,0.0,1,4.87,1.69,SPY200630C00307000,307.0,normalDay
2020-05-15,6304.0,-1736.0,0.0,100,286.28,307.0,0,0.0,0.0,,0.0,1,4.87,1.51,SPY200630C00307000,307.0,normalDay
2020-05-18,6304.0,-1064.0,0.0,100,295.0,307.0,0,0.0,0.0,,0.0,1,4.87,3.51,SPY200630C00307000,307.0,normalDay
2020-05-19,6304.0,-1301.0,0.0,100,291.97,307.0,0,0.0,0.0,,0.0,1,4.87,2.85,SPY200630C00307000,307.0,normalDay
2020-05-20,6304.0,-930.0,0.0,100,296.93,307.0,0,0.0,0.0,,0.0,1,4.87,4.1,SPY200630C00307000,307.0,normalDay
2020-05-21,6304.0,-1059.0,0.0,100,294.88,307.0,0,0.0,0.0,,0.0,1,4.87,3.34,SPY200630C00307000,307.0,normalDay
2020-05-22,6304.0,-1002.0,0.0,100,295.44,307.0,0,0.0,0.0,,0.0,1,4.87,3.33,SPY200630C00307000,307.0,normalDay
2020-05-26,6304.0,-716.0,0.0,100,299.08,307.0,0,0.0,0.0,,0.0,1,4.87,4.11,SPY200630C00307000,307.0,normalDay
2020-05-27,6304.0,-444.0,0.0,100,303.53,307.0,0,0.0,0.0,,0.0,1,4.87,5.84,SPY200630C00307000,307.0,normalDay
2020-05-28,6304.0,-524.0,0.0,100,302.97,307.0,0,0.0,0.0,,0.0,1,4.87,6.08,SPY200630C00307000,307.0,normalDay
2020-05-29,6304.0,-424.0,0.0,100,304.32,307.0,0,0.0,0.0,,0.0,1,4.87,6.43,SPY200630C00307000,307.0,normalDay
2020-06-01,6304.0,-297.0,0.0,100,305.55,307.0,0,0.0,0.0,,0.0,1,4.87,6.39,SPY200630C00307000,307.0,normalDay
2020-06-02,6304.0,-133.0,0.0,100,308.08,307.0,0,0.0,0.0,,0.0,1,4.87,7.28,SPY200630C00307000,307.0,normalDay
2020-06-03,6304.0,27.0,0.0,100,312.18,307.0,0,0.0,0.0,,0.0,1,4.87,9.78,SPY200630C00307000,307.0,normalDay
2020-06-04,6304.0,3.0,0.0,100,311.36,307.0,0,0.0,0.0,,0.0,1,4.87,9.2,SPY200630C00307000,307.0,normalDay
2020-06-05,6304.0,247.0,0.0,100,319.34,307.0,0,0.0,0.0,,0.0,1,4.87,14.74,SPY200630C00307000,307.0,normalDay
2020-06-08,6304.0,340.0,0.0,100,323.2,307.0,0,0.0,0.0,,0.0,1,4.87,17.67,SPY200630C00307000,307.0,normalDay
2020-06-09,6304.0,185.0,0.0,100,320.79,307.0,0,0.0,0.0,,0.0,1,4.87,16.81,SPY200630C00307000,307.0,normalDay
2020-06-10,6304.0,247.0,0.0,100,319.0,307.0,0,0.0,0.0,,0.0,1,4.87,14.4,SPY200630C00307000,307.0,normalDay
2020-06-11,6304.0,-745.0,0.0,100,300.61,307.0,0,0.0,0.0,,0.0,1,4.87,5.93,SPY200630C00307000,307.0,normalDay
2020-06-12,6304.0,-385.0,0.0,100,304.21,307.0,0,0.0,0.0,,0.0,1,4.87,5.93,SPY200630C00307000,307.0,normalDay
2020-06-15,6304.0,-210.0,0.0,100,307.05,307.0,0,0.0,0.0,,0.0,1,4.87,7.02,SPY200630C00307000,307.0,normalDay
2020-06-16,6304.0,67.0,0.0,100,312.96,307.0,0,0.0,0.0,,0.0,1,4.87,10.16,SPY200630C00307000,307.0,normalDay
2020-06-17,6304.0,38.0,0.0,100,311.66,307.0,0,0.0,0.0,,0.0,1,4.87,9.15,SPY200630C00307000,307.0,normalDay
2020-06-18,6304.0,136.0,0.0,100,311.78,307.0,0,0.0,0.0,,0.0,1,4.87,8.29,SPY200630C00307000,307.0,normalDay
2020-06-19,6304.0,17.0,0.0,100,308.64,307.0,0,0.0,0.0,,0.0,1,4.87,6.34,SPY200630C00307000,307.0,normalDay
2020-06-22,6304.0,113.0,0.0,100,310.62,307.0,0,0.0,0.0,,0.0,1,4.87,7.36,SPY200630C00307000,307.0,normalDay
2020-06-23,6304.0,219.0,0.0,100,312.05,307.0,0,0.0,0.0,,0.0,1,4.87,7.73,SPY200630C00307000,307.0,normalDay
2020-06-24,6304.0,-133.0,0.0,100,304.09,307.0,0,0.0,0.0,,0.0,1,4.87,3.29,SPY200630C00307000,307.0,normalDay
2020-06-25,6304.0,113.0,0.0,100,307.35,307.0,0,0.0,0.0,,0.0,1,4.87,4.09,SPY200630C00307000,307.0,normalDay
2020-06-26,6304.0,-289.0,0.0,100,300.05,307.0,0,0.0,0.0,,0.0,1,4.87,0.81,SPY200630C00307000,307.0,normalDay
2020-06-29,6304.0,173.0,0.0,100,304.46,307.0,0,0.0,0.0,,0.0,1,4.87,0.6,SPY200630C00307000,307.0,normalDay
2020-06-30,6791.0,173.0,487.0,0,308.36,0.0,0,0.0,0.0,,0.0,1,4.87,0.0,SPY200630C00307000,307.0,expirationDay
2020-07-01,6791.0,-6.0,0.0,0,310.52,0.0,1,4.28,4.34,SPY200821P00282000,282.0,0,0.0,0.0,,0.0,normalDay
2020-07-02,6791.0,53.0,0.0,0,312.23,0.0,1,4.28,3.75,SPY200821P00282000,282.0,0,0.0,0.0,,0.0,normalDay
2020-07-06,6791.0,124.0,0.0,0,317.05,0.0,1,4.28,3.04,SPY200821P00282000,282.0,0,0.0,0.0,,0.0,normalDay
2020-07-07,6791.0,68.0,0.0,0,313.78,0.0,1,4.28,3.6,SPY200821P00282000,282.0,0,0.0,0.0,,0.0,normalDay
2020-07-08,6791.0,129.0,0.0,0,316.18,0.0,1,4.28,2.99,SPY200821P00282000,282.0,0,0.0,0.0,,0.0,normalDay
2020-07-09,6791.0,94.0,0.0,0,314.38,0.0,1,4.28,3.34,SPY200821P00282000,282.0,0,0.0,0.0,,0.0,normalDay
2020-07-10,6791.0,168.0,0.0,0,317.59,0.0,1,4.28,2.6,SPY200821P00282000,282.0,0,0.0,0.0,,0.0,normalDay
2020-07-13,6791.0,69.0,0.0,0,314.84,0.0,1,4.28,3.59,SPY200821P00282000,282.0,0,0.0,0.0,,0.0,normalDay
2020-07-14,6791.0,170.0,0.0,0,318.92,0.0,1,4.28,2.58,SPY200821P00282000,282.0,0,0.0,0.0,,0.0,normalDay
2020-07-15,6791.0,233.0,0.0,0,321.85,0.0,1,4.28,1.95,SPY200821P00282000,282.0,0,0.0,0.0,,0.0,normalDay
2020-07-16,6791.0,226.0,0.0,0,320.79,0.0,1,4.28,2.02,SPY200821P00282000,282.0,0,0.0,0.0,,0.0,normalDay
2020-07-17,6791.0,287.0,0.0,0,321.72,0.0,1,4.28,1.41,SPY200821P00282000,282.0,0,0.0,0.0,,0.0,normalDay
2020-07-20,6791.0,323.0,0.0,0,324.32,0.0,1,4.28,1.05,SPY200821P00282000,282.0,0,0.0,0.0,,0.0,normalDay
2020-07-21,6791.0,324.0,0.0,0,325.01,0.0,1,4.28,1.04,SPY200821P00282000,282.0,0,0.0,0.0,,0.0,normalDay
2020-07-22,6791.0,338.0,0.0,0,326.86,0.0,1,4.28,0.9,SPY200821P00282000,282.0,0,0.0,0.0,,0.0,normalDay
2020-07-23,6791.0,309.0,0.0,0,322.96,0.0,1,4.28,1.19,SPY200821P00282000,282.0,0,0.0,0.0,,0.0,normalDay
2020-07-24,6791.0,322.0,0.0,0,320.88,0.0,1,4.28,1.06,SPY200821P00282000,282.0,0,0.0,0.0,,0.0,normalDay
2020-07-27,6791.0,355.0,0.0,0,323.22,0.0,1,4.28,0.73,SPY200821P00282000,282.0,0,0.0,0.0,,0.0,normalDay
2020-07-28,6791.0,348.0,0.0,0,321.17,0.0,1,4.28,0.8,SPY200821P00282000,282.0,0,0.0,0.0,,0.0,normalDay
2020-07-29,6791.0,373.0,0.0,0,325.12,0.0,1,4.28,0.55,SPY200821P00282000,282.0,0,0.0,0.0,,0.0,normalDay
2020-07-30,6791.0,371.0,0.0,0,323.96,0.0,1,4.28,0.57,SPY200821P00282000,282.0,0,0.0,0.0,,0.0,normalDay
2020-07-31,6791.0,387.0,0.0,0,326.52,0.0,1,4.28,0.41,SPY200821P00282000,282.0,0,0.0,0.0,,0.0,normalDay
2020-08-03,6791.0,398.0,0.0,0,328.79,0.0,1,4.28,0.3,SPY200821P00282000,282.0,0,0.0,0.0,,0.0,normalDay
2020-08-04,6791.0,403.0,0.0,0,330.06,0.0,1,4.28,0.25,SPY200821P00282000,282.0,0,0.0,0.0,,0.0,normalDay
2020-08-05,6791.0,408.0,0.0,0,332.11,0.0,1,4.28,0.2,SPY200821P00282000,282.0,0,0.0,0.0,,0.0,normalDay
2020-08-06,6791.0,409.0,0.0,0,334.33,0.0,1,4.28,0.19,SPY200821P00282000,282.0,0,0.0,0.0,,0.0,normalDay
2020-08-07,6791.0,413.0,0.0,0,334.57,0.0,1,4.28,0.15,SPY200821P00282000,282.0,0,0.0,0.0,,0.0,normalDay
2020-08-10,6791.0,418.0,0.0,0,335.57,0.0,1,4.28,0.1,SPY200821P00282000,282.0,0,0.0,0.0,,0.0,normalDay
2020-08-11,6791.0,414.0,0.0,0,332.8,0.0,1,4.28,0.14,SPY200821P00282000,282.0,0,0.0,0.0,,0.0,normalDay
2020-08-12,6791.0,421.0,0.0,0,337.44,0.0,1,4.28,0.07,SPY200821P00282000,282.0,0,0.0,0.0,,0.0,normalDay
2020-08-13,6791.0,422.0,0.0,0,336.83,0.0,1,4.28,0.06,SPY200821P00282000,282.0,0,0.0,0.0,,0.0,normalDay
2020-08-14,6791.0,424.0,0.0,0,336.84,0.0,1,4.28,0.04,SPY200821P00282000,282.0,0,0.0,0.0,,0.0,normalDay
2020-08-17,6791.0,426.0,0.0,0,337.91,0.0,1,4.28,0.02,SPY200821P00282000,282.0,0,0.0,0.0,,0.0,normalDay
2020-08-18,6791.0,426.0,0.0,0,338.64,0.0,1,4.28,0.02,SPY200821P00282000,282.0,0,0.0,0.0,,0.0,normalDay
2020-08-19,6791.0,425.0,0.0,0,337.23,0.0,1,4.28,0.03,SPY200821P00282000,282.0,0,0.0,0.0,,0.0,normalDay
2020-08-20,6791.0,427.0,0.0,0,338.28,0.0,1,4.28,0.01,SPY200821P00282000,282.0,0,0.0,0.0,,0.0,normalDay
2020-08-21,7219.0,0.0,428.0,0,339.48,0.0,1,4.28,0.0,SPY200821P00282000,282.0,0,0.0,0.0,,0.0,expirationDay
2020-08-24,7219.0,-4.0,0.0,0,342.92,0.0,1,3.13,3.17,SPY201016P00308000,308.0,0,0.0,0.0,,0.0,normalDay
2020-08-25,7219.0,24.0,0.0,0,344.12,0.0,1,3.13,2.89,SPY201016P00308000,308.0,0,0.0,0.0,,0.0,normalDay
2020-08-26,7219.0,38.0,0.0,0,347.57,0.0,1,3.13,2.75,SPY201016P00308000,308.0,0,0.0,0.0,,0.0,normalDay
2020-08-27,7219.0,31.0,0.0,0,348.33,0.0,1,3.13,2.82,SPY201016P00308000,308.0,0,0.0,0.0,,0.0,normalDay
2020-08-28,7219.0,74.0,0.0,0,350.58,0.0,1,3.13,2.39,SPY201016P00308000,308.0,0,0.0,0.0,,0.0,normalDay
2020-08-31,7219.0,29.0,0.0,0,349.31,0.0,1,3.13,2.84,SPY201016P00308000,308.0,0,0.0,0.0,,0.0,normalDay
2020-09-01,7219.0,53.0,0.0,0,352.6,0.0,1,3.13,2.6,SPY201016P00308000,308.0,0,0.0,0.0,,0.0,normalDay
2020-09-02,7219.0,95.0,0.0,0,357.7,0.0,1,3.13,2.18,SPY201016P00308000,308.0,0,0.0,0.0,,0.0,normalDay
2020-09-03,7219.0,-98.0,0.0,0,345.39,0.0,1,3.13,4.11,SPY201016P00308000,308.0,0,0.0,0.0,,0.0,normalDay
2020-09-04,7219.0,-74.0,0.0,0,342.57,0.0,1,3.13,3.87,SPY201016P00308000,308.0,0,0.0,0.0,,0.0,normalDay
2020-09-08,7219.0,-157.0,0.0,0,333.21,0.0,1,3.13,4.7,SPY201016P00308000,308.0,0,0.0,0.0,,0.0,normalDay
2020-09-09,7219.0,-11.0,0.0,0,339.79,0.0,1,3.13,3.24,SPY201016P00308000,308.0,0,0.0,0.0,,0.0,normalDay
2020-09-10,7219.0,-78.0,0.0,0,333.89,0.0,1,3.13,3.91,SPY201016P00308000,308.0,0,0.0,0.0,,0.0,normalDay
2020-09-11,7219.0,-28.0,0.0,0,334.06,0.0,1,3.13,3.41,SPY201016P00308000,308.0,0,0.0,0.0,,0.0,normalDay
2020-09-14,7219.0,90.0,0.0,0,338.46,0.0,1,3.13,2.23,SPY201016P00308000,308.0,0,0.0,0.0,,0.0,normalDay
2020-09-15,7219.0,111.0,0.0,0,340.17,0.0,1,3.13,2.02,SPY201016P00308000,308.0,0,0.0,0.0,,0.0,normalDay
2020-09-16,7219.0,97.0,0.0,0,338.82,0.0,1,3.13,2.16,SPY201016P00308000,308.0,0,0.0,0.0,,0.0,normalDay
2020-09-17,7219.0,83.0,0.0,0,335.84,0.0,1,3.13,2.3,SPY201016P00308000,308.0,0,0.0,0.0,,0.0,normalDay
2020-09-18,7219.0,70.0,0.0,0,330.65,0.0,1,3.13,2.43,SPY201016P00308000,308.0,0,0.0,0.0,,0.0,normalDay
2020-09-21,7219.0,21.0,0.0,0,326.97,0.0,1,3.13,2.92,SPY201016P00308000,308.0,0,0.0,0.0,,0.0,normalDay
2020-09-22,7219.0,85.0,0.0,0,330.3,0.0,1,3.13,2.28,SPY201016P00308000,308.0,0,0.0,0.0,,0.0,normalDay
2020-09-23,7219.0,-59.0,0.0,0,322.64,0.0,1,3.13,3.72,SPY201016P00308000,308.0,0,0.0,0.0,,0.0,normalDay
2020-09-24,7219.0,-13.0,0.0,0,323.5,0.0,1,3.13,3.26,SPY201016P00308000,308.0,0,0.0,0.0,,0.0,normalDay
2020-09-25,7219.0,114.0,0.0,0,328.73,0.0,1,3.13,1.99,SPY201016P00308000,308.0,0,0.0,0.0,,0.0,normalDay
2020-09-28,7219.0,197.0,0.0,0,334.19,0.0,1,3.13,1.16,SPY201016P00308000,308.0,0,0.0,0.0,,0.0,normalDay
2020-09-29,7219.0,188.0,0.0,0,332.37,0.0,1,3.13,1.25,SPY201016P00308000,308.0,0,0.0,0.0,,0.0,normalDay
2020-09-30,7219.0,203.0,0.0,0,334.89,0.0,1,3.13,1.1,SPY201016P00308000,308.0,0,0.0,0.0,,0.0,normalDay
2020-10-01,7219.0,237.0,0.0,0,337.04,0.0,1,3.13,0.76,SPY201016P00308000,308.0,0,0.0,0.0,,0.0,normalDay
2020-10-02,7219.0,233.0,0.0,0,333.84,0.0,1,3.13,0.8,SPY201016P00308000,308.0,0,0.0,0.0,,0.0,normalDay
2020-10-05,7219.0,285.0,0.0,0,339.76,0.0,1,3.13,0.28,SPY201016P00308000,308.0,0,0.0,0.0,,0.0,normalDay
2020-10-06,7219.0,264.0,0.0,0,334.93,0.0,1,3.13,0.49,SPY201016P00308000,308.0,0,0.0,0.0,,0.0,normalDay
2020-10-07,7219.0,296.0,0.0,0,340.76,0.0,1,3.13,0.17,SPY201016P00308000,308.0,0,0.0,0.0,,0.0,normalDay
2020-10-08,7219.0,302.0,0.0,0,343.78,0.0,1,3.13,0.11,SPY201016P00308000,308.0,0,0.0,0.0,,0.0,normalDay
2020-10-09,7219.0,307.0,0.0,0,346.85,0.0,1,3.13,0.06,SPY201016P00308000,308.0,0,0.0,0.0,,0.0,normalDay
2020-10-12,7219.0,309.0,0.0,0,352.43,0.0,1,3.13,0.04,SPY201016P00308000,308.0,0,0.0,0.0,,0.0,normalDay
2020-10-13,7219.0,310.0,0.0,0,350.13,0.0,1,3.13,0.03,SPY201016P00308000,308.0,0,0.0,0.0,,0.0,normalDay
2020-10-14,7219.0,311.0,0.0,0,347.93,0.0,1,3.13,0.02,SPY201016P00308000,308.0,0,0.0,0.0,,0.0,normalDay
2020-10-15,7219.0,312.0,0.0,0,347.5,0.0,1,3.13,0.01,SPY201016P00308000,308.0,0,0.0,0.0,,0.0,normalDay
2020-10-16,7532.0,0.0,313.0,0,347.29,0.0,1,3.13,0.0,SPY201016P00308000,308.0,0,0.0,0.0,,0.0,expirationDay
2020-10-19,7532.0,-6.0,0.0,0,342.01,0.0,1,2.23,2.29,SPY201127P00300000,300.0,0,0.0,0.0,,0.0,normalDay
2020-10-20,7532.0,4.0,0.0,0,343.38,0.0,1,2.23,2.19,SPY201127P00300000,300.0,0,0.0,0.0,,0.0,normalDay
2020-10-21,7532.0,28.0,0.0,0,342.73,0.0,1,2.23,1.95,SPY201127P00300000,300.0,0,0.0,0.0,,0.0,normalDay
2020-10-22,7532.0,49.0,0.0,0,344.61,0.0,1,2.23,1.74,SPY201127P00300000,300.0,0,0.0,0.0,,0.0,normalDay
2020-10-23,7532.0,65.0,0.0,0,345.78,0.0,1,2.23,1.58,SPY201127P00300000,300.0,0,0.0,0.0,,0.0,normalDay
2020-10-26,7532.0,-28.0,0.0,0,339.39,0.0,1,2.23,2.51,SPY201127P00300000,300.0,0,0.0,0.0,,0.0,normalDay
2020-10-27,7532.0,-47.0,0.0,0,338.22,0.0,1,2.23,2.7,SPY201127P00300000,300.0,0,0.0,0.0,,0.0,normalDay
2020-10-28,7532.0,-337.0,0.0,0,326.66,0.0,1,2.23,5.6,SPY201127P00300000,300.0,0,0.0,0.0,,0.0,normalDay
2020-10-29,7532.0,-173.0,0.0,0,329.98,0.0,1,2.23,3.96,SPY201127P00300000,300.0,0,0.0,0.0,,0.0,normalDay
2020-10-30,7532.0,-232.0,0.0,0,326.54,0.0,1,2.23,4.55,SPY201127P00300000,300.0,0,0.0,0.0,,0.0,normalDay
2020-11-02,7532.0,-118.0,0.0,0,330.2,0.0,1,2.23,3.41,SPY201127P00300000,300.0,0,0.0,0.0,,0.0,normalDay
2020-11-03,7532.0,-28.0,0.0,0,336.03,0.0,1,2.23,2.51,SPY201127P00300000,300.0,0,0.0,0.0,,0.0,normalDay
2020-11-04,7532.0,109.0,0.0,0,343.54,0.0,1,2.23,1.14,SPY201127P00300000,300.0,0,0.0,0.0,,0.0,normalDay
2020-11-05,7532.0,150.0,0.0,0,350.24,0.0,1,2.23,0.73,SPY201127P00300000,300.0,0,0.0,0.0,,0.0,normalDay
2020-11-06,7532.0,181.0,0.0,0,350.16,0.0,1,2.23,0.42,SPY201127P00300000,300.0,0,0.0,0.0,,0.0,normalDay
2020-11-09,7532.0,188.0,0.0,0,354.56,0.0,1,2.23,0.35,SPY201127P00300000,300.0,0,0.0,0.0,,0.0,normalDay
2020-11-10,7532.0,195.0,0.0,0,354.04,0.0,1,2.23,0.28,SPY201127P00300000,300.0,0,0.0,0.0,,0.0,normalDay
2020-11-11,7532.0,203.0,0.0,0,356.67,0.0,1,2.23,0.2,SPY201127P00300000,300.0,0,0.0,0.0,,0.0,normalDay
2020-11-12,7532.0,195.0,0.0,0,353.21,0.0,1,2.23,0.28,SPY201127P00300000,300.0,0,0.0,0.0,,0.0,normalDay
2020-11-13,7532.0,207.0,0.0,0,358.1,0.0,1,2.23,0.16,SPY201127P00300000,300.0,0,0.0,0.0,,0.0,normalDay
2020-11-16,7532.0,215.0,0.0,0,362.57,0.0,1,2.23,0.08,SPY201127P00300000,300.0,0,0.0,0.0,,0.0,normalDay
2020-11-17,7532.0,218.0,0.0,0,360.62,0.0,1,2.23,0.05,SPY201127P00300000,300.0,0,0.0,0.0,,0.0,normalDay
2020-11-18,7532.0,217.0,0.0,0,356.28,0.0,1,2.23,0.06,SPY201127P00300000,300.0,0,0.0,0.0,,0.0,normalDay
2020-11-19,7532.0,218.0,0.0,0,357.78,0.0,1,2.23,0.05,SPY201127P00300000,300.0,0,0.0,0.0,,0.0,normalDay
2020-11-20,7532.0,220.0,0.0,0,355.33,0.0,1,2.23,0.03,SPY201127P00300000,300.0,0,0.0,0.0,,0.0,normalDay
2020-11-23,7532.0,221.0,0.0,0,357.46,0.0,1,2.23,0.02,SPY201127P00300000,300.0,0,0.0,0.0,,0.0,normalDay
2020-11-24,7532.0,222.0,0.0,0,363.22,0.0,1,2.23,0.01,SPY201127P00300000,300.0,0,0.0,0.0,,0.0,normalDay
2020-11-25,7532.0,222.0,0.0,0,362.66,0.0,1,2.23,0.01,SPY201127P00300000,300.0,0,0.0,0.0,,0.0,normalDay
2020-11-27,7755.0,0.0,223.0,0,363.67,0.0,1,2.23,0.0,SPY201127P00300000,300.0,0,0.0,0.0,,0.0,expirationDay
2020-11-30,7755.0,-4.0,0.0,0,362.06,0.0,1,1.47,1.51,SPY210115P00315000,315.0,0,0.0,0.0,,0.0,normalDay
2020-12-01,7755.0,7.0,0.0,0,366.02,0.0,1,1.47,1.4,SPY210115P00315000,315.0,0,0.0,0.0,,0.0,normalDay
2020-12-02,7755.0,13.0,0.0,0,366.79,0.0,1,1.47,1.34,SPY210115P00315000,315.0,0,0.0,0.0,,0.0,normalDay
2020-12-03,7755.0,11.0,0.0,0,366.69,0.0,1,1.47,1.36,SPY210115P00315000,315.0,0,0.0,0.0,,0.0,normalDay
2020-12-04,7755.0,43.0,0.0,0,369.85,0.0,1,1.47,1.04,SPY210115P00315000,315.0,0,0.0,0.0,,0.0,normalDay
2020-12-07,7755.0,47.0,0.0,0,369.09,0.0,1,1.47,1.0,SPY210115P00315000,315.0,0,0.0,0.0,,0.0,normalDay
2020-12-08,7755.0,67.0,0.0,0,370.17,0.0,1,1.47,0.8,SPY210115P00315000,315.0,0,0.0,0.0,,0.0,normalDay
2020-12-09,7755.0,49.0,0.0,0,366.85,0.0,1,1.47,0.98,SPY210115P00315000,315.0,0,0.0,0.0,,0.0,normalDay
2020-12-10,7755.0,50.0,0.0,0,366.73,0.0,1,1.47,0.97,SPY210115P00315000,315.0,0,0.0,0.0,,0.0,normalDay
2020-12-11,7755.0,41.0,0.0,0,366.3,0.0,1,1.47,1.06,SPY210115P00315000,315.0,0,0.0,0.0,,0.0,normalDay
2020-12-14,7755.0,31.0,0.0,0,364.66,0.0,1,1.47,1.16,SPY210115P00315000,315.0,0,0.0,0.0,,0.0,normalDay
2020-12-15,7755.0,63.0,0.0,0,369.59,0.0,1,1.47,0.84,SPY210115P00315000,315.0,0,0.0,0.0,,0.0,normalDay
2020-12-16,7755.0,74.0,0.0,0,370.17,0.0,1,1.47,0.73,SPY210115P00315000,315.0,0,0.0,0.0,,0.0,normalDay
2020-12-17,7755.0,87.0,0.0,0,372.24,0.0,1,1.47,0.6,SPY210115P00315000,315.0,0,0.0,0.0,,0.0,normalDay
2020-12-18,7755.0,91.0,0.0,0,369.18,0.0,1,1.47,0.56,SPY210115P00315000,315.0,0,0.0,0.0,,0.0,normalDay
2020-12-21,7755.0,69.0,0.0,0,367.86,0.0,1,1.47,0.78,SPY210115P00315000,315.0,0,0.0,0.0,,0.0,normalDay
2020-12-22,7755.0,79.0,0.0,0,367.24,0.0,1,1.47,0.68,SPY210115P00315000,315.0,0,0.0,0.0,,0.0,normalDay
2020-12-23,7755.0,90.0,0.0,0,367.57,0.0,1,1.47,0.57,SPY210115P00315000,315.0,0,0.0,0.0,,0.0,normalDay
2020-12-24,7755.0,104.0,0.0,0,369.0,0.0,1,1.47,0.43,SPY210115P00315000,315.0,0,0.0,0.0,,0.0,normalDay
2020-12-28,7755.0,118.0,0.0,0,372.17,0.0,1,1.47,0.29,SPY210115P00315000,315.0,0,0.0,0.0,,0.0,normalDay
2020-12-29,7755.0,114.0,0.0,0,371.46,0.0,1,1.47,0.33,SPY210115P00315000,315.0,0,0.0,0.0,,0.0,normalDay
2020-12-30,7755.0,118.0,0.0,0,371.99,0.0,1,1.47,0.29,SPY210115P00315000,315.0,0,0.0,0.0,,0.0,normalDay
2020-12-31,7755.0,120.0,0.0,0,373.88,0.0,1,1.47,0.27,SPY210115P00315000,315.0,0,0.0,0.0,,0.0,normalDay
2021-01-04,7755.0,118.0,0.0,0,368.79,0.0,1,1.47,0.29,SPY210115P00315000,315.0,0,0.0,0.0,,0.0,normalDay
2021-01-05,7755.0,128.0,0.0,0,371.33,0.0,1,1.47,0.19,SPY210115P00315000,315.0,0,0.0,0.0,,0.0,normalDay
2021-01-06,7755.0,124.0,0.0,0,373.55,0.0,1,1.47,0.23,SPY210115P00315000,315.0,0,0.0,0.0,,0.0,normalDay
2021-01-07,7755.0,138.0,0.0,0,379.1,0.0,1,1.47,0.09,SPY210115P00315000,315.0,0,0.0,0.0,,0.0,normalDay
2021-01-08,7755.0,142.0,0.0,0,381.26,0.0,1,1.47,0.05,SPY210115P00315000,315.0,0,0.0,0.0,,0.0,normalDay
2021-01-11,7755.0,143.0,0.0,0,378.69,0.0,1,1.47,0.04,SPY210115P00315000,315.0,0,0.0,0.0,,0.0,normalDay
2021-01-12,7755.0,144.0,0.0,0,378.77,0.0,1,1.47,0.03,SPY210115P00315000,315.0,0,0.0,0.0,,0.0,normalDay
2021-01-13,7755.0,145.0,0.0,0,379.79,0.0,1,1.47,0.02,SPY210115P00315000,315.0,0,0.0,0.0,,0.0,normalDay
2021-01-14,7755.0,146.0,0.0,0,378.46,0.0,1,1.47,0.01,SPY210115P00315000,315.0,0,0.0,0.0,,0.0,normalDay
2021-01-15,7902.0,0.0,147.0,0,375.7,0.0,1,1.47,0.0,SPY210115P00315000,315.0,0,0.0,0.0,,0.0,expirationDay
2021-01-19,7902.0,-5.0,0.0,0,378.65,0.0,1,3.4,3.45,SPY210226P00352500,352.5,0,0.0,0.0,,0.0,normalDay
2021-01-20,7902.0,90.0,0.0,0,383.89,0.0,1,3.4,2.5,SPY210226P00352500,352.5,0,0.0,0.0,,0.0,normalDay
2021-01-21,7902.0,107.0,0.0,0,384.24,0.0,1,3.4,2.33,SPY210226P00352500,352.5,0,0.0,0.0,,0.0,normalDay
2021-01-22,7902.0,96.0,0.0,0,382.88,0.0,1,3.4,2.44,SPY210226P00352500,352.5,0,0.0,0.0,,0.0,normalDay
2021-01-25,7902.0,110.0,0.0,0,384.39,0.0,1,3.4,2.3,SPY210226P00352500,352.5,0,0.0,0.0,,0.0,normalDay
2021-01-26,7902.0,123.0,0.0,0,383.79,0.0,1,3.4,2.17,SPY210226P00352500,352.5,0,0.0,0.0,,0.0,normalDay
2021-01-27,7902.0,-217.0,0.0,0,374.41,0.0,1,3.4,5.57,SPY210226P00352500,352.5,0,0.0,0.0,,0.0,normalDay
2021-01-28,7902.0,-69.0,0.0,0,377.63,0.0,1,3.4,4.09,SPY210226P00352500,352.5,0,0.0,0.0,,0.0,normalDay
2021-01-29,7902.0,-321.0,0.0,0,370.07,0.0,1,3.4,6.61,SPY210226P00352500,352.5,0,0.0,0.0,,0.0,normalDay
2021-02-01,7902.0,-52.0,0.0,0,376.23,0.0,1,3.4,3.92,SPY210226P00352500,352.5,0,0.0,0.0,,0.0,normalDay
2021-02-02,7902.0,129.0,0.0,0,381.55,0.0,1,3.4,2.11,SPY210226P00352500,352.5,0,0.0,0.0,,0.0,normalDay
2021-02-03,7902.0,179.0,0.0,0,381.85,0.0,1,3.4,1.61,SPY210226P00352500,352.5,0,0.0,0.0,,0.0,normalDay
2021-02-04,7902.0,234.0,0.0,0,386.19,0.0,1,3.4,1.06,SPY210226P00352500,352.5,0,0.0,0.0,,0.0,normalDay
2021-02-05,7902.0,261.0,0.0,0,387.71,0.0,1,3.4,0.79,SPY210226P00352500,352.5,0,0.0,0.0,,0.0,normalDay
2021-02-08,7902.0,283.0,0.0,0,390.51,0.0,1,3.4,0.57,SPY210226P00352500,352.5,0,0.0,0.0,,0.0,normalDay
2021-02-09,7902.0,287.0,0.0,0,390.25,0.0,1,3.4,0.53,SPY210226P00352500,352.5,0,0.0,0.0,,0.0,normalDay
2021-02-10,7902.0,284.0,0.0,0,390.08,0.0,1,3.4,0.56,SPY210226P00352500,352.5,0,0.0,0.0,,0.0,normalDay
2021-02-11,7902.0,296.0,0.0,0,390.71,0.0,1,3.4,0.44,SPY210226P00352500,352.5,0,0.0,0.0,,0.0,normalDay
2021-02-12,7902.0,316.0,0.0,0,392.64,0.0,1,3.4,0.24,SPY210226P00352500,352.5,0,0.0,0.0,,0.0,normalDay
2021-02-16,7902.0,315.0,0.0,0,392.3,0.0,1,3.4,0.25,SPY210226P00352500,352.5,0,0.0,0.0,,0.0,normalDay
2021-02-17,7902.0,321.0,0.0,0,392.39,0.0,1,3.4,0.19,SPY210226P00352500,352.5,0,0.0,0.0,,0.0,normalDay
2021-02-18,7902.0,321.0,0.0,0,390.72,0.0,1,3.4,0.19,SPY210226P00352500,352.5,0,0.0,0.0,,0.0,normalDay
2021-02-19,7902.0,331.0,0.0,0,390.03,0.0,1,3.4,0.09,SPY210226P00352500,352.5,0,0.0,0.0,,0.0,normalDay
2021-02-22,7902.0,332.0,0.0,0,387.03,0.0,1,3.4,0.08,SPY210226P00352500,352.5,0,0.0,0.0,,0.0,normalDay
2021-02-23,7902.0,336.0,0.0,0,387.5,0.0,1,3.4,0.04,SPY210226P00352500,352.5,0,0.0,0.0,,0.0,normalDay
2021-02-24,7902.0,338.0,0.0,0,391.77,0.0,1,3.4,0.02,SPY210226P00352500,352.5,0,0.0,0.0,,0.0,normalDay
2021-02-25,7902.0,336.0,0.0,0,382.33,0.0,1,3.4,0.04,SPY210226P00352500,352.5,0,0.0,0.0,,0.0,normalDay
2021-02-26,8242.0,0.0,340.0,0,380.36,0.0,1,3.4,0.0,SPY210226P00352500,352.5,0,0.0,0.0,,0.0,expirationDay
2021-03-01,8242.0,-5.0,0.0,0,389.58,0.0,1,4.92,4.97,SPY210416P00367000,367.0,0,0.0,0.0,,0.0,normalDay
2021-03-02,8242.0,-82.0,0.0,0,386.54,0.0,1,4.92,5.74,SPY210416P00367000,367.0,0,0.0,0.0,,0.0,normalDay
2021-03-03,8242.0,-225.0,0.0,0,381.42,0.0,1,4.92,7.17,SPY210416P00367000,367.0,0,0.0,0.0,,0.0,normalDay
2021-03-04,8242.0,-390.0,0.0,0,376.7,0.0,1,4.92,8.82,SPY210416P00367000,367.0,0,0.0,0.0,,0.0,normalDay
2021-03-05,8242.0,-109.0,0.0,0,383.63,0.0,1,4.92,6.01,SPY210416P00367000,367.0,0,0.0,0.0,,0.0,normalDay
2021-03-08,8242.0,-140.0,0.0,0,381.72,0.0,1,4.92,6.32,SPY210416P00367000,367.0,0,0.0,0.0,,0.0,normalDay
2021-03-09,8242.0,22.0,0.0,0,387.17,0.0,1,4.92,4.7,SPY210416P00367000,367.0,0,0.0,0.0,,0.0,normalDay
2021-03-10,8242.0,113.0,0.0,0,389.58,0.0,1,4.92,3.79,SPY210416P00367000,367.0,0,0.0,0.0,,0.0,normalDay
2021-03-11,8242.0,182.0,0.0,0,393.53,0.0,1,4.92,3.1,SPY210416P00367000,367.0,0,0.0,0.0,,0.0,normalDay
2021-03-12,8242.0,236.0,0.0,0,394.06,0.0,1,4.92,2.56,SPY210416P00367000,367.0,0,0.0,0.0,,0.0,normalDay
2021-03-15,8242.0,296.0,0.0,0,396.41,0.0,1,4.92,1.96,SPY210416P00367000,367.0,0,0.0,0.0,,0.0,normalDay
2021-03-16,8242.0,297.0,0.0,0,395.91,0.0,1,4.92,1.95,SPY210416P00367000,367.0,0,0.0,0.0,,0.0,normalDay
2021-03-17,8242.0,330.0,0.0,0,397.26,0.0,1,4.92,1.62,SPY210416P00367000,367.0,0,0.0,0.0,,0.0,normalDay
2021-03-18,8242.0,262.0,0.0,0,391.48,0.0,1,4.92,2.3,SPY210416P00367000,367.0,0,0.0,0.0,,0.0,normalDay
2021-03-19,8242.0,258.0,0.0,0,389.48,0.0,1,4.92,2.34,SPY210416P00367000,367.0,0,0.0,0.0,,0.0,normalDay
2021-03-22,8242.0,354.0,0.0,0,392.59,0.0,1,4.92,1.38,SPY210416P00367000,367.0,0,0.0,0.0,,0.0,normalDay
2021-03-23,8242.0,307.0,0.0,0,389.5,0.0,1,4.92,1.85,SPY210416P00367000,367.0,0,0.0,0.0,,0.0,normalDay
2021-03-24,8242.0,284.0,0.0,0,387.52,0.0,1,4.92,2.08,SPY210416P00367000,367.0,0,0.0,0.0,,0.0,normalDay
2021-03-25,8242.0,338.0,0.0,0,389.7,0.0,1,4.92,1.54,SPY210416P00367000,367.0,0,0.0,0.0,,0.0,normalDay
2021-03-26,8242.0,393.0,0.0,0,395.98,0.0,1,4.92,0.99,SPY210416P00367000,367.0,0,0.0,0.0,,0.0,normalDay
2021-03-29,8242.0,385.0,0.0,0,395.78,0.0,1,4.92,1.07,SPY210416P00367000,367.0,0,0.0,0.0,,0.0,normalDay
2021-03-30,8242.0,406.0,0.0,0,394.73,0.0,1,4.92,0.86,SPY210416P00367000,367.0,0,0.0,0.0,,0.0,normalDay
2021-03-31,8242.0,430.0,0.0,0,396.33,0.0,1,4.92,0.62,SPY210416P00367000,367.0,0,0.0,0.0,,0.0,normalDay
2021-04-01,8242.0,463.0,0.0,0,400.61,0.0,1,4.92,0.29,SPY210416P00367000,367.0,0,0.0,0.0,,0.0,normalDay
2021-04-05,8242.0,474.0,0.0,0,406.36,0.0,1,4.92,0.18,SPY210416P00367000,367.0,0,0.0,0.0,,0.0,normalDay
2021-04-06,8242.0,475.0,0.0,0,406.12,0.0,1,4.92,0.17,SPY210416P00367000,367.0,0,0.0,0.0,,0.0,normalDay
2021-04-07,8242.0,483.0,0.0,0,406.59,0.0,1,4.92,0.09,SPY210416P00367000,367.0,0,0.0,0.0,,0.0,normalDay
2021-04-08,8242.0,484.0,0.0,0,408.52,0.0,1,4.92,0.08,SPY210416P00367000,367.0,0,0.0,0.0,,0.0,normalDay
2021-04-09,8242.0,488.0,0.0,0,411.49,0.0,1,4.92,0.04,SPY210416P00367000,367.0,0,0.0,0.0,,0.0,normalDay
2021-04-12,8242.0,490.0,0.0,0,411.64,0.0,1,4.92,0.02,SPY210416P00367000,367.0,0,0.0,0.0,,0.0,normalDay
2021-04-13,8242.0,490.0,0.0,0,412.86,0.0,1,4.92,0.02,SPY210416P00367000,367.0,0,0.0,0.0,,0.0,normalDay
2021-04-14,8242.0,490.0,0.0,0,411.45,0.0,1,4.92,0.02,SPY210416P00367000,367.0,0,0.0,0.0,,0.0,normalDay
2021-04-15,8242.0,491.0,0.0,0,415.87,0.0,1,4.92,0.01,SPY210416P00367000,367.0,0,0.0,0.0,,0.0,normalDay
2021-04-16,8734.0,0.0,492.0,0,417.26,0.0,1,4.92,0.0,SPY210416P00367000,367.0,0,0.0,0.0,,0.0,expirationDay
2021-04-19,8734.0,-4.0,0.0,0,415.21,0.0,1,0.8,0.84,SPY210528P00360000,360.0,0,0.0,0.0,,0.0,normalDay
2021-04-20,8734.0,-24.0,0.0,0,412.17,0.0,1,0.8,1.04,SPY210528P00360000,360.0,0,0.0,0.0,,0.0,normalDay
2021-04-21,8734.0,6.0,0.0,0,416.07,0.0,1,0.8,0.74,SPY210528P00360000,360.0,0,0.0,0.0,,0.0,normalDay
2021-04-22,8734.0,-15.0,0.0,0,412.27,0.0,1,0.8,0.95,SPY210528P00360000,360.0,0,0.0,0.0,,0.0,normalDay
2021-04-23,8734.0,18.0,0.0,0,416.74,0.0,1,0.8,0.62,SPY210528P00360000,360.0,0,0.0,0.0,,0.0,normalDay
2021-04-26,8734.0,26.0,0.0,0,417.61,0.0,1,0.8,0.54,SPY210528P00360000,360.0,0,0.0,0.0,,0.0,normalDay
2021-04-27,8734.0,31.0,0.0,0,417.52,0.0,1,0.8,0.49,SPY210528P00360000,360.0,0,0.0,0.0,,0.0,normalDay
2021-04-28,8734.0,36.0,0.0,0,417.4,0.0,1,0.8,0.44,SPY210528P00360000,360.0,0,0.0,0.0,,0.0,normalDay
2021-04-29,8734.0,38.0,0.0,0,420.06,0.0,1,0.8,0.42,SPY210528P00360000,360.0,0,0.0,0.0,,0.0,normalDay
2021-04-30,8734.0,27.0,0.0,0,417.3,0.0,1,0.8,0.53,SPY210528P00360000,360.0,0,0.0,0.0,,0.0,normalDay
2021-05-03,8734.0,35.0,0.0,0,418.2,0.0,1,0.8,0.45,SPY210528P00360000,360.0,0,0.0,0.0,,0.0,normalDay
2021-05-04,8734.0,29.0,0.0,0,415.62,0.0,1,0.8,0.51,SPY210528P00360000,360.0,0,0.0,0.0,,0.0,normalDay
2021-05-05,8734.0,31.0,0.0,0,415.75,0.0,1,0.8,0.49,SPY210528P00360000,360.0,0,0.0,0.0,,0.0,normalDay
2021-05-06,8734.0,42.0,0.0,0,419.07,0.0,1,0.8,0.38,SPY210528P00360000,360.0,0,0.0,0.0,,0.0,normalDay
2021-05-07,8734.0,52.0,0.0,0,422.12,0.0,1,0.8,0.28,SPY210528P00360000,360.0,0,0.0,0.0,,0.0,normalDay
2021-05-10,8734.0,41.0,0.0,0,417.94,0.0,1,0.8,0.39,SPY210528P00360000,360.0,0,0.0,0.0,,0.0,normalDay
2021-05-11,8734.0,34.0,0.0,0,414.21,0.0,1,0.8,0.46,SPY210528P00360000,360.0,0,0.0,0.0,,0.0,normalDay
2021-05-12,8734.0,-35.0,0.0,0,405.41,0.0,1,0.8,1.15,SPY210528P00360000,360.0,0,0.0,0.0,,0.0,normalDay
2021-05-13,8734.0,30.0,0.0,0,410.28,0.0,1,0.8,0.5,SPY210528P00360000,360.0,0,0.0,0.0,,0.0,normalDay
2021-05-14,8734.0,59.0,0.0,0,416.58,0.0,1,0.8,0.21,SPY210528P00360000,360.0,0,0.0,0.0,,0.0,normalDay
2021-05-17,8734.0,66.0,0.0,0,415.52,0.0,1,0.8,0.14,SPY210528P00360000,360.0,0,0.0,0.0,,0.0,normalDay
2021-05-18,8734.0,61.0,0.0,0,411.94,0.0,1,0.8,0.19,SPY210528P00360000,360.0,0,0.0,0.0,,0.0,normalDay
2021-05-19,8734.0,62.0,0.0,0,410.86,0.0,1,0.8,0.18,SPY210528P00360000,360.0,0,0.0,0.0,,0.0,normalDay
2021-05-20,8734.0,71.0,0.0,0,415.28,0.0,1,0.8,0.09,SPY210528P00360000,360.0,0,0.0,0.0,,0.0,normalDay
2021-05-21,8734.0,75.0,0.0,0,414.94,0.0,1,0.8,0.05,SPY210528P00360000,360.0,0,0.0,0.0,,0.0,normalDay
2021-05-24,8734.0,78.0,0.0,0,419.17,0.0,1,0.8,0.02,SPY210528P00360000,360.0,0,0.0,0.0,,0.0,normalDay
2021-05-25,8734.0,78.0,0.0,0,418.24,0.0,1,0.8,0.02,SPY210528P00360000,360.0,0,0.0,0.0,,0.0,normalDay
2021-05-26,8734.0,79.0,0.0,0,419.07,0.0,1,0.8,0.01,SPY210528P00360000,360.0,0,0.0,0.0,,0.0,normalDay
2021-05-27,8734.0,79.0,0.0,0,419.29,0.0,1,0.8,0.01,SPY210528P00360000,360.0,0,0.0,0.0,,0.0,normalDay
2021-05-28,8814.0,0.0,80.0,0,420.04,0.0,1,0.8,0.0,SPY210528P00360000,360.0,0,0.0,0.0,,0.0,expirationDay
2021-06-01,8814.0,-5.0,0.0,0,419.67,0.0,1,3.61,3.66,SPY210716P00398000,398.0,0,0.0,0.0,,0.0,normalDay
2021-06-02,8814.0,27.0,0.0,0,420.33,0.0,1,3.61,3.34,SPY210716P00398000,398.0,0,0.0,0.0,,0.0,normalDay
2021-06-03,8814.0,-8.0,0.0,0,418.77,0.0,1,3.61,3.69,SPY210716P00398000,398.0,0,0.0,0.0,,0.0,normalDay
2021-06-04,8814.0,86.0,0.0,0,422.6,0.0,1,3.61,2.75,SPY210716P00398000,398.0,0,0.0,0.0,,0.0,normalDay
2021-06-07,8814.0,117.0,0.0,0,422.19,0.0,1,3.61,2.44,SPY210716P00398000,398.0,0,0.0,0.0,,0.0,normalDay
2021-06-08,8814.0,108.0,0.0,0,422.28,0.0,1,3.61,2.53,SPY210716P00398000,398.0,0,0.0,0.0,,0.0,normalDay
2021-06-09,8814.0,87.0,0.0,0,421.65,0.0,1,3.61,2.74,SPY210716P00398000,398.0,0,0.0,0.0,,0.0,normalDay
2021-06-10,8814.0,158.0,0.0,0,423.61,0.0,1,3.61,2.03,SPY210716P00398000,398.0,0,0.0,0.0,,0.0,normalDay
2021-06-11,8814.0,177.0,0.0,0,424.31,0.0,1,3.61,1.84,SPY210716P00398000,398.0,0,0.0,0.0,,0.0,normalDay
2021-06-14,8814.0,193.0,0.0,0,425.26,0.0,1,3.61,1.68,SPY210716P00398000,398.0,0,0.0,0.0,,0.0,normalDay
2021-06-15,8814.0,180.0,0.0,0,424.48,0.0,1,3.61,1.81,SPY210716P00398000,398.0,0,0.0,0.0,,0.0,normalDay
2021-06-16,8814.0,145.0,0.0,0,422.11,0.0,1,3.61,2.16,SPY210716P00398000,398.0,0,0.0,0.0,,0.0,normalDay
2021-06-17,8814.0,166.0,0.0,0,421.97,0.0,1,3.61,1.95,SPY210716P00398000,398.0,0,0.0,0.0,,0.0,normalDay
2021-06-18,8814.0,27.0,0.0,0,414.92,0.0,1,3.61,3.34,SPY210716P00398000,398.0,0,0.0,0.0,,0.0,normalDay
2021-06-21,8814.0,194.0,0.0,0,420.86,0.0,1,3.61,1.67,SPY210716P00398000,398.0,0,0.0,0.0,,0.0,normalDay
2021-06-22,8814.0,237.0,0.0,0,423.11,0.0,1,3.61,1.24,SPY210716P00398000,398.0,0,0.0,0.0,,0.0,normalDay
2021-06-23,8814.0,249.0,0.0,0,422.6,0.0,1,3.61,1.12,SPY210716P00398000,398.0,0,0.0,0.0,,0.0,normalDay
2021-06-24,8814.0,275.0,0.0,0,425.1,0.0,1,3.61,0.86,SPY210716P00398000,398.0,0,0.0,0.0,,0.0,normalDay
2021-06-25,8814.0,293.0,0.0,0,426.61,0.0,1,3.61,0.68,SPY210716P00398000,398.0,0,0.0,0.0,,0.0,normalDay
2021-06-28,8814.0,307.0,0.0,0,427.47,0.0,1,3.61,0.54,SPY210716P00398000,398.0,0,0.0,0.0,,0.0,normalDay
2021-06-29,8814.0,308.0,0.0,0,427.7,0.0,1,3.61,0.53,SPY210716P00398000,398.0,0,0.0,0.0,,0.0,normalDay
2021-06-30,8814.0,318.0,0.0,0,428.06,0.0,1,3.61,0.43,SPY210716P00398000,398.0,0,0.0,0.0,,0.0,normalDay
2021-07-01,8814.0,326.0,0.0,0,430.43,0.0,1,3.61,0.35,SPY210716P00398000,398.0,0,0.0,0.0,,0.0,normalDay
2021-07-02,8814.0,336.0,0.0,0,433.72,0.0,1,3.61,0.25,SPY210716P00398000,398.0,0,0.0,0.0,,0.0,normalDay
2021-07-06,8814.0,339.0,0.0,0,432.93,0.0,1,3.61,0.22,SPY210716P00398000,398.0,0,0.0,0.0,,0.0,normalDay
2021-07-07,8814.0,346.0,0.0,0,434.46,0.0,1,3.61,0.15,SPY210716P00398000,398.0,0,0.0,0.0,,0.0,normalDay
2021-07-08,8814.0,332.0,0.0,0,430.92,0.0,1,3.61,0.29,SPY210716P00398000,398.0,0,0.0,0.0,,0.0,normalDay
2021-07-09,8814.0,352.0,0.0,0,435.52,0.0,1,3.61,0.09,SPY210716P00398000,398.0,0,0.0,0.0,,0.0,normalDay
2021-07-12,8814.0,357.0,0.0,0,437.08,0.0,1,3.61,0.04,SPY210716P00398000,398.0,0,0.0,0.0,,0.0,normalDay
2021-07-13,8814.0,355.0,0.0,0,435.59,0.0,1,3.61,0.06,SPY210716P00398000,398.0,0,0.0,0.0,,0.0,normalDay
2021-07-14,8814.0,359.0,0.0,0,436.24,0.0,1,3.61,0.02,SPY210716P00398000,398.0,0,0.0,0.0,,0.0,normalDay
2021-07-15,8814.0,360.0,0.0,0,434.75,0.0,1,3.61,0.01,SPY210716P00398000,398.0,0,0.0,0.0,,0.0,normalDay
2021-07-16,9175.0,0.0,361.0,0,431.34,0.0,1,3.61,0.0,SPY210716P00398000,398.0,0,0.0,0.0,,0.0,expirationDay
2021-07-19,9175.0,-5.0,0.0,0,424.97,0.0,1,5.53,5.58,SPY210827P00408000,408.0,0,0.0,0.0,,0.0,normalDay
2021-07-20,9175.0,171.0,0.0,0,431.06,0.0,1,5.53,3.82,SPY210827P00408000,408.0,0,0.0,0.0,,0.0,normalDay
2021-07-21,9175.0,276.0,0.0,0,434.55,0.0,1,5.53,2.77,SPY210827P00408000,408.0,0,0.0,0.0,,0.0,normalDay
2021-07-22,9175.0,294.0,0.0,0,435.46,0.0,1,5.53,2.59,SPY210827P00408000,408.0,0,0.0,0.0,,0.0,normalDay
2021-07-23,9175.0,349.0,0.0,0,439.94,0.0,1,5.53,2.04,SPY210827P00408000,408.0,0,0.0,0.0,,0.0,normalDay
2021-07-26,9175.0,379.0,0.0,0,441.02,0.0,1,5.53,1.74,SPY210827P00408000,408.0,0,0.0,0.0,,0.0,normalDay
2021-07-27,9175.0,332.0,0.0,0,439.01,0.0,1,5.53,2.21,SPY210827P00408000,408.0,0,0.0,0.0,,0.0,normalDay
2021-07-28,9175.0,364.0,0.0,0,438.83,0.0,1,5.53,1.89,SPY210827P00408000,408.0,0,0.0,0.0,,0.0,normalDay
2021-07-29,9175.0,403.0,0.0,0,440.65,0.0,1,5.53,1.5,SPY210827P00408000,408.0,0,0.0,0.0,,0.0,normalDay
2021-07-30,9175.0,389.0,0.0,0,438.51,0.0,1,5.53,1.64,SPY210827P00408000,408.0,0,0.0,0.0,,0.0,normalDay
2021-08-02,9175.0,377.0,0.0,0,437.59,0.0,1,5.53,1.76,SPY210827P00408000,408.0,0,0.0,0.0,,0.0,normalDay
2021-08-03,9175.0,435.0,0.0,0,441.15,0.0,1,5.53,1.18,SPY210827P00408000,408.0,0,0.0,0.0,,0.0,normalDay
2021-08-04,9175.0,434.0,0.0,0,438.98,0.0,1,5.53,1.19,SPY210827P00408000,408.0,0,0.0,0.0,,0.0,normalDay
2021-08-05,9175.0,461.0,0.0,0,441.76,0.0,1,5.53,0.92,SPY210827P00408000,408.0,0,0.0,0.0,,0.0,normalDay
2021-08-06,9175.0,487.0,0.0,0,442.49,0.0,1,5.53,0.66,SPY210827P00408000,408.0,0,0.0,0.0,,0.0,normalDay
2021-08-09,9175.0,494.0,0.0,0,442.13,0.0,1,5.53,0.59,SPY210827P00408000,408.0,0,0.0,0.0,,0.0,normalDay
2021-08-10,9175.0,495.0,0.0,0,442.68,0.0,1,5.53,0.58,SPY210827P00408000,408.0,0,0.0,0.0,,0.0,normalDay
2021-08-11,9175.0,514.0,0.0,0,443.78,0.0,1,5.53,0.39,SPY210827P00408000,408.0,0,0.0,0.0,,0.0,normalDay
2021-08-12,9175.0,523.0,0.0,0,445.11,0.0,1,5.53,0.3,SPY210827P00408000,408.0,0,0.0,0.0,,0.0,normalDay
2021-08-13,9175.0,526.0,0.0,0,445.92,0.0,1,5.53,0.27,SPY210827P00408000,408.0,0,0.0,0.0,,0.0,normalDay
2021-08-16,9175.0,532.0,0.0,0,446.97,0.0,1,5.53,0.21,SPY210827P00408000,408.0,0,0.0,0.0,,0.0,normalDay
2021-08-17,9175.0,520.0,0.0,0,444.04,0.0,1,5.53,0.33,SPY210827P00408000,408.0,0,0.0,0.0,,0.0,normalDay
2021-08-18,9175.0,485.0,0.0,0,439.18,0.0,1,5.53,0.68,SPY210827P00408000,408.0,0,0.0,0.0,,0.0,normalDay
2021-08-19,9175.0,498.0,0.0,0,439.86,0.0,1,5.53,0.55,SPY210827P00408000,408.0,0,0.0,0.0,,0.0,normalDay
2021-08-20,9175.0,542.0,0.0,0,443.36,0.0,1,5.53,0.11,SPY210827P00408000,408.0,0,0.0,0.0,,0.0,normalDay
2021-08-23,9175.0,547.0,0.0,0,447.26,0.0,1,5.53,0.06,SPY210827P00408000,408.0,0,0.0,0.0,,0.0,normalDay
2021-08-24,9175.0,549.0,0.0,0,447.97,0.0,1,5.53,0.04,SPY210827P00408000,408.0,0,0.0,0.0,,0.0,normalDay
2021-08-25,9175.0,551.0,0.0,0,448.91,0.0,1,5.53,0.02,SPY210827P00408000,408.0,0,0.0,0.0,,0.0,normalDay
2021-08-26,9175.0,550.0,0.0,0,446.26,0.0,1,5.53,0.03,SPY210827P00408000,408.0,0,0.0,0.0,,0.0,normalDay
2021-08-27,9728.0,0.0,553.0,0,450.25,0.0,1,5.53,0.0,SPY210827P00408000,408.0,0,0.0,0.0,,0.0,expirationDay
2021-08-30,9728.0,-3.0,0.0,0,452.23,0.0,1,3.52,3.55,SPY211015P00428000,428.0,0,0.0,0.0,,0.0,normalDay
2021-08-31,9728.0,-2.0,0.0,0,451.56,0.0,1,3.52,3.54,SPY211015P00428000,428.0,0,0.0,0.0,,0.0,normalDay
2021-09-01,9728.0,24.0,0.0,0,451.8,0.0,1,3.52,3.28,SPY211015P00428000,428.0,0,0.0,0.0,,0.0,normalDay
2021-09-02,9728.0,44.0,0.0,0,453.19,0.0,1,3.52,3.08,SPY211015P00428000,428.0,0,0.0,0.0,,0.0,normalDay
2021-09-03,9728.0,44.0,0.0,0,453.08,0.0,1,3.52,3.08,SPY211015P00428000,428.0,0,0.0,0.0,,0.0,normalDay
2021-09-07,9728.0,15.0,0.0,0,451.46,0.0,1,3.52,3.37,SPY211015P00428000,428.0,0,0.0,0.0,,0.0,normalDay
2021-09-08,9728.0,18.0,0.0,0,450.91,0.0,1,3.52,3.34,SPY211015P00428000,428.0,0,0.0,0.0,,0.0,normalDay
2021-09-09,9728.0,-29.0,0.0,0,448.98,0.0,1,3.52,3.81,SPY211015P00428000,428.0,0,0.0,0.0,,0.0,normalDay
2021-09-10,9728.0,-111.0,0.0,0,445.44,0.0,1,3.52,4.63,SPY211015P00428000,428.0,0,0.0,0.0,,0.0,normalDay
2021-09-13,9728.0,-26.0,0.0,0,446.58,0.0,1,3.52,3.78,SPY211015P00428000,428.0,0,0.0,0.0,,0.0,normalDay
2021-09-14,9728.0,-67.0,0.0,0,444.17,0.0,1,3.52,4.19,SPY211015P00428000,428.0,0,0.0,0.0,,0.0,normalDay
2021-09-15,9728.0,46.0,0.0,0,447.88,0.0,1,3.52,3.06,SPY211015P00428000,428.0,0,0.0,0.0,,0.0,normalDay
2021-09-16,9728.0,29.0,0.0,0,447.17,0.0,1,3.52,3.23,SPY211015P00428000,428.0,0,0.0,0.0,,0.0,normalDay
2021-09-17,9728.0,-91.0,0.0,0,441.4,0.0,1,3.52,4.43,SPY211015P00428000,428.0,0,0.0,0.0,,0.0,normalDay
2021-09-20,9728.0,-380.0,0.0,0,434.04,0.0,1,3.52,7.32,SPY211015P00428000,428.0,0,0.0,0.0,,0.0,normalDay
2021-09-21,9728.0,-349.0,0.0,0,433.63,0.0,1,3.52,7.01,SPY211015P00428000,428.0,0,0.0,0.0,,0.0,normalDay
2021-09-22,9728.0,-98.0,0.0,0,437.86,0.0,1,3.52,4.5,SPY211015P00428000,428.0,0,0.0,0.0,,0.0,normalDay
2021-09-23,9728.0,78.0,0.0,0,443.18,0.0,1,3.52,2.74,SPY211015P00428000,428.0,0,0.0,0.0,,0.0,normalDay
2021-09-24,9728.0,120.0,0.0,0,443.91,0.0,1,3.52,2.32,SPY211015P00428000,428.0,0,0.0,0.0,,0.0,normalDay
2021-09-27,9728.0,112.0,0.0,0,442.64,0.0,1,3.52,2.4,SPY211015P00428000,428.0,0,0.0,0.0,,0.0,normalDay
2021-09-28,9728.0,-179.0,0.0,0,433.72,0.0,1,3.52,5.31,SPY211015P00428000,428.0,0,0.0,0.0,,0.0,normalDay
2021-09-29,9728.0,-125.0,0.0,0,434.45,0.0,1,3.52,4.77,SPY211015P00428000,428.0,0,0.0,0.0,,0.0,normalDay
2021-09-30,9728.0,-289.0,0.0,0,429.14,0.0,1,3.52,6.41,SPY211015P00428000,428.0,0,0.0,0.0,,0.0,normalDay
2021-10-01,9728.0,-47.0,0.0,0,434.24,0.0,1,3.52,3.99,SPY211015P00428000,428.0,0,0.0,0.0,,0.0,normalDay
2021-10-04,9728.0,-232.0,0.0,0,428.64,0.0,1,3.52,5.84,SPY211015P00428000,428.0,0,0.0,0.0,,0.0,normalDay
2021-10-05,9728.0,-4.0,0.0,0,433.1,0.0,1,3.52,3.56,SPY211015P00428000,428.0,0,0.0,0.0,,0.0,normalDay
2021-10-06,9728.0,71.0,0.0,0,434.9,0.0,1,3.52,2.81,SPY211015P00428000,428.0,0,0.0,0.0,,0.0,normalDay
2021-10-07,9728.0,202.0,0.0,0,438.66,0.0,1,3.52,1.5,SPY211015P00428000,428.0,0,0.0,0.0,,0.0,normalDay
2021-10-08,9728.0,223.0,0.0,0,437.86,0.0,1,3.52,1.29,SPY211015P00428000,428.0,0,0.0,0.0,,0.0,normalDay
2021-10-11,9728.0,189.0,0.0,0,434.69,0.0,1,3.52,1.63,SPY211015P00428000,428.0,0,0.0,0.0,,0.0,normalDay
2021-10-12,9728.0,201.0,0.0,0,433.62,0.0,1,3.52,1.51,SPY211015P00428000,428.0,0,0.0,0.0,,0.0,normalDay
2021-10-13,9728.0,305.0,0.0,0,435.18,0.0,1,3.52,0.47,SPY211015P00428000,428.0,0,0.0,0.0,,0.0,normalDay
2021-10-14,9728.0,345.0,0.0,0,442.5,0.0,1,3.52,0.07,SPY211015P00428000,428.0,0,0.0,0.0,,0.0,normalDay
2021-10-15,10080.0,0.0,352.0,0,445.87,0.0,1,3.52,0.0,SPY211015P00428000,428.0,0,0.0,0.0,,0.0,expirationDay
2021-10-18,10080.0,-4.0,0.0,0,447.19,0.0,1,1.94,1.98,SPY211126P00414000,414.0,0,0.0,0.0,,0.0,normalDay
2021-10-19,10080.0,36.0,0.0,0,450.64,0.0,1,1.94,1.58,SPY211126P00414000,414.0,0,0.0,0.0,,0.0,normalDay
2021-10-20,10080.0,49.0,0.0,0,452.41,0.0,1,1.94,1.45,SPY211126P00414000,414.0,0,0.0,0.0,,0.0,normalDay
2021-10-21,10080.0,69.0,0.0,0,453.59,0.0,1,1.94,1.25,SPY211126P00414000,414.0,0,0.0,0.0,,0.0,normalDay
2021-10-22,10080.0,61.0,0.0,0,453.12,0.0,1,1.94,1.33,SPY211126P00414000,414.0,0,0.0,0.0,,0.0,normalDay
2021-10-25,10080.0,92.0,0.0,0,455.55,0.0,1,1.94,1.02,SPY211126P00414000,414.0,0,0.0,0.0,,0.0,normalDay
2021-10-26,10080.0,88.0,0.0,0,455.96,0.0,1,1.94,1.06,SPY211126P00414000,414.0,0,0.0,0.0,,0.0,normalDay
2021-10-27,10080.0,67.0,0.0,0,453.94,0.0,1,1.94,1.27,SPY211126P00414000,414.0,0,0.0,0.0,,0.0,normalDay
2021-10-28,10080.0,100.0,0.0,0,458.32,0.0,1,1.94,0.94,SPY211126P00414000,414.0,0,0.0,0.0,,0.0,normalDay
2021-10-29,10080.0,113.0,0.0,0,459.25,0.0,1,1.94,0.81,SPY211126P00414000,414.0,0,0.0,0.0,,0.0,normalDay
2021-11-01,10080.0,131.0,0.0,0,460.04,0.0,1,1.94,0.63,SPY211126P00414000,414.0,0,0.0,0.0,,0.0,normalDay
2021-11-02,10080.0,141.0,0.0,0,461.9,0.0,1,1.94,0.53,SPY211126P00414000,414.0,0,0.0,0.0,,0.0,normalDay
2021-11-03,10080.0,156.0,0.0,0,464.72,0.0,1,1.94,0.38,SPY211126P00414000,414.0,0,0.0,0.0,,0.0,normalDay
2021-11-04,10080.0,155.0,0.0,0,466.91,0.0,1,1.94,0.39,SPY211126P00414000,414.0,0,0.0,0.0,,0.0,normalDay
2021-11-05,10080.0,154.0,0.0,0,468.53,0.0,1,1.94,0.4,SPY211126P00414000,414.0,0,0.0,0.0,,0.0,normalDay
2021-11-08,10080.0,158.0,0.0,0,468.93,0.0,1,1.94,0.36,SPY211126P00414000,414.0,0,0.0,0.0,,0.0,normalDay
2021-11-09,10080.0,159.0,0.0,0,467.38,0.0,1,1.94,0.35,SPY211126P00414000,414.0,0,0.0,0.0,,0.0,normalDay
2021-11-10,10080.0,157.0,0.0,0,463.62,0.0,1,1.94,0.37,SPY211126P00414000,414.0,0,0.0,0.0,,0.0,normalDay
2021-11-11,10080.0,168.0,0.0,0,463.77,0.0,1,1.94,0.26,SPY211126P00414000,414.0,0,0.0,0.0,,0.0,normalDay
2021-11-12,10080.0,178.0,0.0,0,467.27,0.0,1,1.94,0.16,SPY211126P00414000,414.0,0,0.0,0.0,,0.0,normalDay
2021-11-15,10080.0,185.0,0.0,0,467.43,0.0,1,1.94,0.09,SPY211126P00414000,414.0,0,0.0,0.0,,0.0,normalDay
2021-11-16,10080.0,186.0,0.0,0,469.28,0.0,1,1.94,0.08,SPY211126P00414000,414.0,0,0.0,0.0,,0.0,normalDay
2021-11-17,10080.0,188.0,0.0,0,468.14,0.0,1,1.94,0.06,SPY211126P00414000,414.0,0,0.0,0.0,,0.0,normalDay
2021-11-18,10080.0,189.0,0.0,0,469.73,0.0,1,1.94,0.05,SPY211126P00414000,414.0,0,0.0,0.0,,0.0,normalDay
2021-11-19,10080.0,190.0,0.0,0,468.89,0.0,1,1.94,0.04,SPY211126P00414000,414.0,0,0.0,0.0,,0.0,normalDay
2021-11-22,10080.0,190.0,0.0,0,467.57,0.0,1,1.94,0.04,SPY211126P00414000,414.0,0,0.0,0.0,,0.0,normalDay
2021-11-23,10080.0,192.0,0.0,0,468.19,0.0,1,1.94,0.02,SPY211126P00414000,414.0,0,0.0,0.0,,0.0,normalDay
2021-11-24,10080.0,193.0,0.0,0,469.44,0.0,1,1.94,0.01,SPY211126P00414000,414.0,0,0.0,0.0,,0.0,normalDay
2021-11-26,10274.0,0.0,194.0,0,458.97,0.0,1,1.94,0.0,SPY211126P00414000,414.0,0,0.0,0.0,,0.0,expirationDay
2021-11-29,10274.0,-5.0,0.0,0,464.6,0.0,1,8.91,8.96,SPY220121P00452000,452.0,0,0.0,0.0,,0.0,normalDay
2021-11-30,10274.0,-345.0,0.0,0,455.56,0.0,1,8.91,12.36,SPY220121P00452000,452.0,0,0.0,0.0,,0.0,normalDay
2021-12-01,10274.0,-829.0,0.0,0,450.5,0.0,1,8.91,17.2,SPY220121P00452000,452.0,0,0.0,0.0,,0.0,normalDay
2021-12-02,10274.0,-373.0,0.0,0,457.4,0.0,1,8.91,12.64,SPY220121P00452000,452.0,0,0.0,0.0,,0.0,normalDay
2021-12-03,10274.0,-587.0,0.0,0,453.42,0.0,1,8.91,14.78,SPY220121P00452000,452.0,0,0.0,0.0,,0.0,normalDay
2021-12-06,10274.0,-241.0,0.0,0,458.79,0.0,1,8.91,11.32,SPY220121P00452000,452.0,0,0.0,0.0,,0.0,normalDay
2021-12-07,10274.0,195.0,0.0,0,468.28,0.0,1,8.91,6.96,SPY220121P00452000,452.0,0,0.0,0.0,,0.0,normalDay
2021-12-08,10274.0,298.0,0.0,0,469.52,0.0,1,8.91,5.93,SPY220121P00452000,452.0,0,0.0,0.0,,0.0,normalDay
2021-12-09,10274.0,199.0,0.0,0,466.35,0.0,1,8.91,6.92,SPY220121P00452000,452.0,0,0.0,0.0,,0.0,normalDay
2021-12-10,10274.0,382.0,0.0,0,470.74,0.0,1,8.91,5.09,SPY220121P00452000,452.0,0,0.0,0.0,,0.0,normalDay
2021-12-13,10274.0,270.0,0.0,0,466.57,0.0,1,8.91,6.21,SPY220121P00452000,452.0,0,0.0,0.0,,0.0,normalDay
2021-12-14,10274.0,146.0,0.0,0,463.36,0.0,1,8.91,7.45,SPY220121P00452000,452.0,0,0.0,0.0,,0.0,normalDay
2021-12-15,10274.0,424.0,0.0,0,470.6,0.0,1,8.91,4.67,SPY220121P00452000,452.0,0,0.0,0.0,,0.0,normalDay
2021-12-16,10274.0,319.0,0.0,0,466.45,0.0,1,8.91,5.72,SPY220121P00452000,452.0,0,0.0,0.0,,0.0,normalDay
2021-12-17,10274.0,149.0,0.0,0,459.87,0.0,1,8.91,7.42,SPY220121P00452000,452.0,0,0.0,0.0,,0.0,normalDay
2021-12-20,10274.0,-21.0,0.0,0,454.98,0.0,1,8.91,9.12,SPY220121P00452000,452.0,0,0.0,0.0,,0.0,normalDay
2021-12-21,10274.0,290.0,0.0,0,463.06,0.0,1,8.91,6.01,SPY220121P00452000,452.0,0,0.0,0.0,,0.0,normalDay
2021-12-22,10274.0,492.0,0.0,0,467.69,0.0,1,8.91,3.99,SPY220121P00452000,452.0,0,0.0,0.0,,0.0,normalDay
2021-12-23,10274.0,586.0,0.0,0,470.6,0.0,1,8.91,3.05,SPY220121P00452000,452.0,0,0.0,0.0,,0.0,normalDay
2021-12-27,10274.0,713.0,0.0,0,477.26,0.0,1,8.91,1.78,SPY220121P00452000,452.0,0,0.0,0.0,,0.0,normalDay
2021-12-28,10274.0,726.0,0.0,0,476.87,0.0,1,8.91,1.65,SPY220121P00452000,452.0,0,0.0,0.0,,0.0,normalDay
2021-12-29,10274.0,758.0,0.0,0,477.48,0.0,1,8.91,1.33,SPY220121P00452000,452.0,0,0.0,0.0,,0.0,normalDay
2021-12-30,10274.0,742.0,0.0,0,476.16,0.0,1,8.91,1.49,SPY220121P00452000,452.0,0,0.0,0.0,,0.0,normalDay
2021-12-31,10274.0,751.0,0.0,0,474.96,0.0,1,8.91,1.4,SPY220121P00452000,452.0,0,0.0,0.0,,0.0,normalDay
2022-01-03,10274.0,803.0,0.0,0,477.71,0.0,1,8.91,0.88,SPY220121P00452000,452.0,0,0.0,0.0,,0.0,normalDay
2022-01-04,10274.0,804.0,0.0,0,477.55,0.0,1,8.91,0.87,SPY220121P00452000,452.0,0,0.0,0.0,,0.0,normalDay
2022-01-05,10274.0,663.0,0.0,0,468.38,0.0,1,8.91,2.28,SPY220121P00452000,452.0,0,0.0,0.0,,0.0,normalDay
2022-01-06,10274.0,684.0,0.0,0,467.94,0.0,1,8.91,2.07,SPY220121P00452000,452.0,0,0.0,0.0,,0.0,normalDay
2022-01-07,10274.0,718.0,0.0,0,466.09,0.0,1,8.91,1.73,SPY220121P00452000,452.0,0,0.0,0.0,,0.0,normalDay
2022-01-10,10274.0,713.0,0.0,0,465.51,0.0,1,8.91,1.78,SPY220121P00452000,452.0,0,0.0,0.0,,0.0,normalDay
2022-01-11,10274.0,788.0,0.0,0,469.75,0.0,1,8.91,1.03,SPY220121P00452000,452.0,0,0.0,0.0,,0.0,normalDay
2022-01-12,10274.0,835.0,0.0,0,471.02,0.0,1,8.91,0.56,SPY220121P00452000,452.0,0,0.0,0.0,,0.0,normalDay
2022-01-13,10274.0,735.0,0.0,0,464.53,0.0,1,8.91,1.56,SPY220121P00452000,452.0,0,0.0,0.0,,0.0,normalDay
2022-01-14,10274.0,795.0,0.0,0,464.72,0.0,1,8.91,0.96,SPY220121P00452000,452.0,0,0.0,0.0,,0.0,normalDay
2022-01-18,10274.0,644.0,0.0,0,456.49,0.0,1,8.91,2.47,SPY220121P00452000,452.0,0,0.0,0.0,,0.0,normalDay
2022-01-19,10274.0,571.0,0.0,0,451.75,0.0,1,8.91,3.2,SPY220121P00452000,452.0,0,0.0,0.0,,0.0,normalDay
2022-01-20,10274.0,272.0,0.0,0,446.75,0.0,1,8.91,6.19,SPY220121P00452000,452.0,0,0.0,0.0,,0.0,normalDay
2022-01-21,11165.0,-1402.0,891.0,100,437.98,452.0,1,8.91,0.0,SPY220121P00452000,452.0,0,0.0,0.0,,0.0,expirationDay
2022-01-24,11165.0,-1222.0,0.0,100,439.84,452.0,0,0.0,0.0,,0.0,1,0.68,0.74,SPY220414C00498000,498.0,normalDay
2022-01-25,11165.0,-1737.0,0.0,100,434.47,452.0,0,0.0,0.0,,0.0,1,0.68,0.52,SPY220414C00498000,498.0,normalDay
2022-01-26,11165.0,-1852.0,0.0,100,433.38,452.0,0,0.0,0.0,,0.0,1,0.68,0.58,SPY220414C00498000,498.0,normalDay
2022-01-27,11165.0,-2056.0,0.0,100,431.24,452.0,0,0.0,0.0,,0.0,1,0.68,0.48,SPY220414C00498000,498.0,normalDay
2022-01-28,11165.0,-1009.0,0.0,100,441.95,452.0,0,0.0,0.0,,0.0,1,0.68,0.72,SPY220414C00498000,498.0,normalDay
2022-01-31,11165.0,-228.0,0.0,100,449.91,452.0,0,0.0,0.0,,0.0,1,0.68,0.87,SPY220414C00498000,498.0,normalDay
2022-02-01,11165.0,83.0,0.0,100,452.95,452.0,0,0.0,0.0,,0.0,1,0.68,0.8,SPY220414C00498000,498.0,normalDay
2022-02-02,11165.0,517.0,0.0,100,457.35,452.0,0,0.0,0.0,,0.0,1,0.68,0.86,SPY220414C00498000,498.0,normalDay
2022-02-03,11165.0,-541.0,0.0,100,446.6,452.0,0,0.0,0.0,,0.0,1,0.68,0.69,SPY220414C00498000,498.0,normalDay
2022-02-04,11165.0,-316.0,0.0,100,448.7,452.0,0,0.0,0.0,,0.0,1,0.68,0.54,SPY220414C00498000,498.0,normalDay
2022-02-07,11165.0,-454.0,0.0,100,447.26,452.0,0,0.0,0.0,,0.0,1,0.68,0.48,SPY220414C00498000,498.0,normalDay
2022-02-08,11165.0,-89.0,0.0,100,450.94,452.0,0,0.0,0.0,,0.0,1,0.68,0.51,SPY220414C00498000,498.0,normalDay
2022-02-09,11165.0,552.0,0.0,100,457.54,452.0,0,0.0,0.0,,0.0,1,0.68,0.7,SPY220414C00498000,498.0,normalDay
2022-02-10,11165.0,-245.0,0.0,100,449.32,452.0,0,0.0,0.0,,0.0,1,0.68,0.45,SPY220414C00498000,498.0,normalDay
2022-02-11,11165.0,-1123.0,0.0,100,440.46,452.0,0,0.0,0.0,,0.0,1,0.68,0.37,SPY220414C00498000,498.0,normalDay
2022-02-14,11165.0,-1263.0,0.0,100,439.02,452.0,0,0.0,0.0,,0.0,1,0.68,0.33,SPY220414C00498000,498.0,normalDay
2022-02-15,11165.0,-556.0,0.0,100,446.1,452.0,0,0.0,0.0,,0.0,1,0.68,0.34,SPY220414C00498000,498.0,normalDay
2022-02-16,11165.0,-500.0,0.0,100,446.6,452.0,0,0.0,0.0,,0.0,1,0.68,0.28,SPY220414C00498000,498.0,normalDay
2022-02-17,11165.0,-1445.0,0.0,100,437.06,452.0,0,0.0,0.0,,0.0,1,0.68,0.19,SPY220414C00498000,498.0,normalDay
2022-02-18,11165.0,-1726.0,0.0,100,434.23,452.0,0,0.0,0.0,,0.0,1,0.68,0.17,SPY220414C00498000,498.0,normalDay
2022-02-22,11165.0,-2188.0,0.0,100,429.57,452.0,0,0.0,0.0,,0.0,1,0.68,0.13,SPY220414C00498000,498.0,normalDay
2022-02-23,11165.0,-2946.0,0.0,100,421.95,452.0,0,0.0,0.0,,0.0,1,0.68,0.09,SPY220414C00498000,498.0,normalDay
2022-02-24,11165.0,-2314.0,0.0,100,428.3,452.0,0,0.0,0.0,,0.0,1,0.68,0.12,SPY220414C00498000,498.0,normalDay
2022-02-25,11165.0,-1372.0,0.0,100,437.75,452.0,0,0.0,0.0,,0.0,1,0.68,0.15,SPY220414C00498000,498.0,normalDay
2022-02-28,11165.0,-1484.0,0.0,100,436.63,452.0,0,0.0,0.0,,0.0,1,0.68,0.15,SPY220414C00498000,498.0,normalDay
2022-03-01,11165.0,-2146.0,0.0,100,429.98,452.0,0,0.0,0.0,,0.0,1,0.68,0.12,SPY220414C00498000,498.0,normalDay
2022-03-02,11165.0,-1358.0,0.0,100,437.89,452.0,0,0.0,0.0,,0.0,1,0.68,0.15,SPY220414C00498000,498.0,normalDay
2022-03-03,11165.0,-1572.0,0.0,100,435.71,452.0,0,0.0,0.0,,0.0,1,0.68,0.11,SPY220414C00498000,498.0,normalDay
2022-03-04,11165.0,-1922.0,0.0,100,432.17,452.0,0,0.0,0.0,,0.0,1,0.68,0.07,SPY220414C00498000,498.0,normalDay
2022-03-07,11165.0,-3193.0,0.0,100,419.43,452.0,0,0.0,0.0,,0.0,1,0.68,0.04,SPY220414C00498000,498.0,normalDay
2022-03-08,11165.0,-3512.0,0.0,100,416.25,452.0,0,0.0,0.0,,0.0,1,0.68,0.05,SPY220414C00498000,498.0,normalDay
2022-03-09,11165.0,-2397.0,0.0,100,427.41,452.0,0,0.0,0.0,,0.0,1,0.68,0.06,SPY220414C00498000,498.0,normalDay
2022-03-10,11165.0,-2589.0,0.0,100,425.48,452.0,0,0.0,0.0,,0.0,1,0.68,0.05,SPY220414C00498000,498.0,normalDay
2022-03-11,11165.0,-3129.0,0.0,100,420.07,452.0,0,0.0,0.0,,0.0,1,0.68,0.04,SPY220414C00498000,498.0,normalDay
2022-03-14,11165.0,-3435.0,0.0,100,417.0,452.0,0,0.0,0.0,,0.0,1,0.68,0.03,SPY220414C00498000,498.0,normalDay
2022-03-15,11165.0,-2519.0,0.0,100,426.17,452.0,0,0.0,0.0,,0.0,1,0.68,0.04,SPY220414C00498000,498.0,normalDay
2022-03-16,11165.0,-1575.0,0.0,100,435.62,452.0,0,0.0,0.0,,0.0,1,0.68,0.05,SPY220414C00498000,498.0,normalDay
2022-03-17,11165.0,-1030.0,0.0,100,441.07,452.0,0,0.0,0.0,,0.0,1,0.68,0.05,SPY220414C00498000,498.0,normalDay
2022-03-18,11165.0,-685.0,0.0,100,444.52,452.0,0,0.0,0.0,,0.0,1,0.68,0.05,SPY220414C00498000,498.0,normalDay
2022-03-21,11165.0,-697.0,0.0,100,444.39,452.0,0,0.0,0.0,,0.0,1,0.68,0.04,SPY220414C00498000,498.0,normalDay
2022-03-22,11165.0,-177.0,0.0,100,449.59,452.0,0,0.0,0.0,,0.0,1,0.68,0.04,SPY220414C00498000,498.0,normalDay
2022-03-23,11165.0,-754.0,0.0,100,443.8,452.0,0,0.0,0.0,,0.0,1,0.68,0.02,SPY220414C00498000,498.0,normalDay
2022-03-24,11165.0,-85.0,0.0,100,450.49,452.0,0,0.0,0.0,,0.0,1,0.68,0.02,SPY220414C00498000,498.0,normalDay
2022-03-25,11165.0,135.0,0.0,100,452.69,452.0,0,0.0,0.0,,0.0,1,0.68,0.02,SPY220414C00498000,498.0,normalDay
2022-03-28,11165.0,457.0,0.0,100,455.91,452.0,0,0.0,0.0,,0.0,1,0.68,0.02,SPY220414C00498000,498.0,normalDay
2022-03-29,11165.0,1019.0,0.0,100,461.55,452.0,0,0.0,0.0,,0.0,1,0.68,0.04,SPY220414C00498000,498.0,normalDay
2022-03-30,11165.0,736.0,0.0,100,458.7,452.0,0,0.0,0.0,,0.0,1,0.68,0.02,SPY220414C00498000,498.0,normalDay
2022-03-31,11165.0,31.0,0.0,100,451.64,452.0,0,0.0,0.0,,0.0,1,0.68,0.01,SPY220414C00498000,498.0,normalDay
2022-04-01,11165.0,159.0,0.0,100,452.92,452.0,0,0.0,0.0,,0.0,1,0.68,0.01,SPY220414C00498000,498.0,normalDay
2022-04-04,11165.0,547.0,0.0,100,456.8,452.0,0,0.0,0.0,,0.0,1,0.68,0.01,SPY220414C00498000,498.0,normalDay
2022-04-05,11165.0,-30.0,0.0,100,451.03,452.0,0,0.0,0.0,,0.0,1,0.68,0.01,SPY220414C00498000,498.0,normalDay
2022-04-06,11165.0,-481.0,0.0,100,446.52,452.0,0,0.0,0.0,,0.0,1,0.68,0.01,SPY220414C00498000,498.0,normalDay
2022-04-07,11165.0,-256.0,0.0,100,448.77,452.0,0,0.0,0.0,,0.0,1,0.68,0.01,SPY220414C00498000,498.0,normalDay
2022-04-08,11165.0,-376.0,0.0,100,447.57,452.0,0,0.0,0.0,,0.0,1,0.68,0.01,SPY220414C00498000,498.0,normalDay
2022-04-11,11165.0,-1141.0,0.0,100,439.92,452.0,0,0.0,0.0,,0.0,1,0.68,0.01,SPY220414C00498000,498.0,normalDay
2022-04-12,11165.0,-1304.0,0.0,100,438.29,452.0,0,0.0,0.0,,0.0,1,0.68,0.01,SPY220414C00498000,498.0,normalDay
2022-04-13,11165.0,-802.0,0.0,100,443.31,452.0,0,0.0,0.0,,0.0,1,0.68,0.01,SPY220414C00498000,498.0,normalDay
2022-04-14,11233.0,-1421.0,68.0,100,437.79,452.0,0,0.0,0.0,,0.0,1,0.68,0.0,SPY220414C00498000,498.0,expirationDay
2022-04-18,11233.0,-1409.0,0.0,100,437.97,452.0,0,0.0,0.0,,0.0,1,2.82,2.88,SPY220630C00467000,467.0,normalDay
2022-04-19,11233.0,-788.0,0.0,100,445.04,452.0,0,0.0,0.0,,0.0,1,2.82,3.74,SPY220630C00467000,467.0,normalDay
2022-04-20,11233.0,-859.0,0.0,100,444.71,452.0,0,0.0,0.0,,0.0,1,2.82,4.12,SPY220630C00467000,467.0,normalDay
2022-04-21,11233.0,-1370.0,0.0,100,438.06,452.0,0,0.0,0.0,,0.0,1,2.82,2.58,SPY220630C00467000,467.0,normalDay
2022-04-22,11233.0,-2447.0,0.0,100,426.04,452.0,0,0.0,0.0,,0.0,1,2.82,1.33,SPY220630C00467000,467.0,normalDay
2022-04-25,11233.0,-2208.0,0.0,100,428.51,452.0,0,0.0,0.0,,0.0,1,2.82,1.41,SPY220630C00467000,467.0,normalDay
2022-04-26,11233.0,-3383.0,0.0,100,416.1,452.0,0,0.0,0.0,,0.0,1,2.82,0.75,SPY220630C00467000,467.0,normalDay
2022-04-27,11233.0,-3275.0,0.0,100,417.27,452.0,0,0.0,0.0,,0.0,1,2.82,0.84,SPY220630C00467000,467.0,normalDay
2022-04-28,11233.0,-2280.0,0.0,100,427.81,452.0,0,0.0,0.0,,0.0,1,2.82,1.43,SPY220630C00467000,467.0,normalDay
2022-04-29,11233.0,-3788.0,0.0,100,412.0,452.0,0,0.0,0.0,,0.0,1,2.82,0.7,SPY220630C00467000,467.0,normalDay
2022-05-02,11233.0,-3549.0,0.0,100,414.48,452.0,0,0.0,0.0,,0.0,1,2.82,0.79,SPY220630C00467000,467.0,normalDay
2022-05-03,11233.0,-3345.0,0.0,100,416.38,452.0,0,0.0,0.0,,0.0,1,2.82,0.65,SPY220630C00467000,467.0,normalDay
2022-05-04,11233.0,-2133.0,0.0,100,429.06,452.0,0,0.0,0.0,,0.0,1,2.82,1.21,SPY220630C00467000,467.0,normalDay
2022-05-05,11233.0,-3598.0,0.0,100,413.81,452.0,0,0.0,0.0,,0.0,1,2.82,0.61,SPY220630C00467000,467.0,normalDay
2022-05-06,11233.0,-3828.0,0.0,100,411.34,452.0,0,0.0,0.0,,0.0,1,2.82,0.44,SPY220630C00467000,467.0,normalDay
2022-05-09,11233.0,-5133.0,0.0,100,398.17,452.0,0,0.0,0.0,,0.0,1,2.82,0.32,SPY220630C00467000,467.0,normalDay
2022-05-10,11233.0,-5031.0,0.0,100,399.09,452.0,0,0.0,0.0,,0.0,1,2.82,0.22,SPY220630C00467000,467.0,normalDay
2022-05-11,11233.0,-5661.0,0.0,100,392.75,452.0,0,0.0,0.0,,0.0,1,2.82,0.18,SPY220630C00467000,467.0,normalDay
2022-05-12,11233.0,-5700.0,0.0,100,392.34,452.0,0,0.0,0.0,,0.0,1,2.82,0.16,SPY220630C00467000,467.0,normalDay
2022-05-13,11233.0,-4761.0,0.0,100,401.72,452.0,0,0.0,0.0,,0.0,1,2.82,0.15,SPY220630C00467000,467.0,normalDay
2022-05-16,11233.0,-4918.0,0.0,100,400.09,452.0,0,0.0,0.0,,0.0,1,2.82,0.09,SPY220630C00467000,467.0,normalDay
2022-05-17,11233.0,-4098.0,0.0,100,408.32,452.0,0,0.0,0.0,,0.0,1,2.82,0.12,SPY220630C00467000,467.0,normalDay
2022-05-18,11233.0,-5738.0,0.0,100,391.86,452.0,0,0.0,0.0,,0.0,1,2.82,0.06,SPY220630C00467000,467.0,normalDay
2022-05-19,11233.0,-5978.0,0.0,100,389.46,452.0,0,0.0,0.0,,0.0,1,2.82,0.06,SPY220630C00467000,467.0,normalDay
2022-05-20,11233.0,-5961.0,0.0,100,389.63,452.0,0,0.0,0.0,,0.0,1,2.82,0.06,SPY220630C00467000,467.0,normalDay
2022-05-23,11233.0,-5234.0,0.0,100,396.92,452.0,0,0.0,0.0,,0.0,1,2.82,0.08,SPY220630C00467000,467.0,normalDay
2022-05-24,11233.0,-5538.0,0.0,100,393.89,452.0,0,0.0,0.0,,0.0,1,2.82,0.09,SPY220630C00467000,467.0,normalDay
2022-05-25,11233.0,-5190.0,0.0,100,397.37,452.0,0,0.0,0.0,,0.0,1,2.82,0.09,SPY220630C00467000,467.0,normalDay
2022-05-26,11233.0,-4399.0,0.0,100,405.31,452.0,0,0.0,0.0,,0.0,1,2.82,0.12,SPY220630C00467000,467.0,normalDay
2022-05-27,11233.0,-3410.0,0.0,100,415.26,452.0,0,0.0,0.0,,0.0,1,2.82,0.18,SPY220630C00467000,467.0,normalDay
2022-05-31,11233.0,-3635.0,0.0,100,412.93,452.0,0,0.0,0.0,,0.0,1,2.82,0.1,SPY220630C00467000,467.0,normalDay
2022-06-01,11233.0,-3966.0,0.0,100,409.59,452.0,0,0.0,0.0,,0.0,1,2.82,0.07,SPY220630C00467000,467.0,normalDay
2022-06-02,11233.0,-3188.0,0.0,100,417.39,452.0,0,0.0,0.0,,0.0,1,2.82,0.09,SPY220630C00467000,467.0,normalDay
2022-06-03,11233.0,-3870.0,0.0,100,410.54,452.0,0,0.0,0.0,,0.0,1,2.82,0.06,SPY220630C00467000,467.0,normalDay
2022-06-06,11233.0,-3744.0,0.0,100,411.79,452.0,0,0.0,0.0,,0.0,1,2.82,0.05,SPY220630C00467000,467.0,normalDay
2022-06-07,11233.0,-3349.0,0.0,100,415.74,452.0,0,0.0,0.0,,0.0,1,2.82,0.05,SPY220630C00467000,467.0,normalDay
2022-06-08,11233.0,-3800.0,0.0,100,411.22,452.0,0,0.0,0.0,,0.0,1,2.82,0.04,SPY220630C00467000,467.0,normalDay
2022-06-09,11233.0,-4777.0,0.0,100,401.44,452.0,0,0.0,0.0,,0.0,1,2.82,0.03,SPY220630C00467000,467.0,normalDay
2022-06-10,11233.0,-5940.0,0.0,100,389.8,452.0,0,0.0,0.0,,0.0,1,2.82,0.02,SPY220630C00467000,467.0,normalDay
2022-06-13,11233.0,-7420.0,0.0,100,375.0,452.0,0,0.0,0.0,,0.0,1,2.82,0.02,SPY220630C00467000,467.0,normalDay
2022-06-14,11233.0,-7533.0,0.0,100,373.87,452.0,0,0.0,0.0,,0.0,1,2.82,0.02,SPY220630C00467000,467.0,normalDay
2022-06-15,11233.0,-7000.0,0.0,100,379.2,452.0,0,0.0,0.0,,0.0,1,2.82,0.02,SPY220630C00467000,467.0,normalDay
2022-06-16,11233.0,-8255.0,0.0,100,366.65,452.0,0,0.0,0.0,,0.0,1,2.82,0.02,SPY220630C00467000,467.0,normalDay
2022-06-17,11233.0,-8334.0,0.0,100,365.86,452.0,0,0.0,0.0,,0.0,1,2.82,0.02,SPY220630C00467000,467.0,normalDay
2022-06-21,11233.0,-7412.0,0.0,100,375.07,452.0,0,0.0,0.0,,0.0,1,2.82,0.01,SPY220630C00467000,467.0,normalDay
2022-06-22,11233.0,-7480.0,0.0,100,374.39,452.0,0,0.0,0.0,,0.0,1,2.82,0.01,SPY220630C00467000,467.0,normalDay
2022-06-23,11233.0,-7113.0,0.0,100,378.06,452.0,0,0.0,0.0,,0.0,1,2.82,0.01,SPY220630C00467000,467.0,normalDay
2022-06-24,11233.0,-5911.0,0.0,100,390.08,452.0,0,0.0,0.0,,0.0,1,2.82,0.01,SPY220630C00467000,467.0,normalDay
2022-06-27,11233.0,-6060.0,0.0,100,388.59,452.0,0,0.0,0.0,,0.0,1,2.82,0.01,SPY220630C00467000,467.0,normalDay
2022-06-28,11233.0,-6854.0,0.0,100,380.65,452.0,0,0.0,0.0,,0.0,1,2.82,0.01,SPY220630C00467000,467.0,normalDay
2022-06-29,11233.0,-6885.0,0.0,100,380.34,452.0,0,0.0,0.0,,0.0,1,2.82,0.01,SPY220630C00467000,467.0,normalDay
2022-06-30,11515.0,-7475.0,282.0,100,377.25,452.0,0,0.0,0.0,,0.0,1,2.82,0.0,SPY220630C00467000,467.0,expirationDay
2022-07-01,11515.0,-7080.0,0.0,100,381.24,452.0,0,0.0,0.0,,0.0,1,1.78,1.82,SPY220916C00427000,427.0,normalDay
2022-07-05,11515.0,-6995.0,0.0,100,381.96,452.0,0,0.0,0.0,,0.0,1,1.78,1.69,SPY220916C00427000,427.0,normalDay
2022-07-06,11515.0,-6882.0,0.0,100,383.25,452.0,0,0.0,0.0,,0.0,1,1.78,1.85,SPY220916C00427000,427.0,normalDay
2022-07-07,11515.0,-6366.0,0.0,100,388.99,452.0,0,0.0,0.0,,0.0,1,1.78,2.43,SPY220916C00427000,427.0,normalDay
2022-07-08,11515.0,-6380.0,0.0,100,388.67,452.0,0,0.0,0.0,,0.0,1,1.78,2.25,SPY220916C00427000,427.0,normalDay
2022-07-11,11515.0,-6764.0,0.0,100,384.23,452.0,0,0.0,0.0,,0.0,1,1.78,1.65,SPY220916C00427000,427.0,normalDay
2022-07-12,11515.0,-7056.0,0.0,100,380.83,452.0,0,0.0,0.0,,0.0,1,1.78,1.17,SPY220916C00427000,427.0,normalDay
2022-07-13,11515.0,-7240.0,0.0,100,378.83,452.0,0,0.0,0.0,,0.0,1,1.78,1.01,SPY220916C00427000,427.0,normalDay
2022-07-14,11515.0,-7325.0,0.0,100,377.91,452.0,0,0.0,0.0,,0.0,1,1.78,0.94,SPY220916C00427000,427.0,normalDay
2022-07-15,11515.0,-6637.0,0.0,100,385.13,452.0,0,0.0,0.0,,0.0,1,1.78,1.28,SPY220916C00427000,427.0,normalDay
2022-07-18,11515.0,-6931.0,0.0,100,381.95,452.0,0,0.0,0.0,,0.0,1,1.78,1.04,SPY220916C00427000,427.0,normalDay
2022-07-19,11515.0,-6023.0,0.0,100,392.27,452.0,0,0.0,0.0,,0.0,1,1.78,2.28,SPY220916C00427000,427.0,normalDay
2022-07-20,11515.0,-5808.0,0.0,100,394.77,452.0,0,0.0,0.0,,0.0,1,1.78,2.63,SPY220916C00427000,427.0,normalDay
2022-07-21,11515.0,-5445.0,0.0,100,398.79,452.0,0,0.0,0.0,,0.0,1,1.78,3.02,SPY220916C00427000,427.0,normalDay
2022-07-22,11515.0,-5732.0,0.0,100,395.09,452.0,0,0.0,0.0,,0.0,1,1.78,2.19,SPY220916C00427000,427.0,normalDay
2022-07-25,11515.0,-5675.0,0.0,100,395.57,452.0,0,0.0,0.0,,0.0,1,1.78,2.1,SPY220916C00427000,427.0,normalDay
2022-07-26,11515.0,-6089.0,0.0,100,390.89,452.0,0,0.0,0.0,,0.0,1,1.78,1.56,SPY220916C00427000,427.0,normalDay
2022-07-27,11515.0,-5187.0,0.0,100,401.04,452.0,0,0.0,0.0,,0.0,1,1.78,2.69,SPY220916C00427000,427.0,normalDay
2022-07-28,11515.0,-4815.0,0.0,100,406.07,452.0,0,0.0,0.0,,0.0,1,1.78,4.0,SPY220916C00427000,427.0,normalDay
2022-07-29,11515.0,-4343.0,0.0,100,411.99,452.0,0,0.0,0.0,,0.0,1,1.78,5.2,SPY220916C00427000,427.0,normalDay
2022-08-01,11515.0,-4431.0,0.0,100,410.77,452.0,0,0.0,0.0,,0.0,1,1.78,4.86,SPY220916C00427000,427.0,normalDay
2022-08-02,11515.0,-4622.0,0.0,100,408.06,452.0,0,0.0,0.0,,0.0,1,1.78,4.06,SPY220916C00427000,427.0,normalDay
2022-08-03,11515.0,-4130.0,0.0,100,414.45,452.0,0,0.0,0.0,,0.0,1,1.78,5.53,SPY220916C00427000,427.0,normalDay
2022-08-04,11515.0,-4139.0,0.0,100,414.17,452.0,0,0.0,0.0,,0.0,1,1.78,5.34,SPY220916C00427000,427.0,normalDay
2022-08-05,11515.0,-4124.0,0.0,100,413.47,452.0,0,0.0,0.0,,0.0,1,1.78,4.49,SPY220916C00427000,427.0,normalDay
2022-08-08,11515.0,-4151.0,0.0,100,412.99,452.0,0,0.0,0.0,,0.0,1,1.78,4.28,SPY220916C00427000,427.0,normalDay
2022-08-09,11515.0,-4266.0,0.0,100,411.35,452.0,0,0.0,0.0,,0.0,1,1.78,3.79,SPY220916C00427000,427.0,normalDay
2022-08-10,11515.0,-3636.0,0.0,100,419.99,452.0,0,0.0,0.0,,0.0,1,1.78,6.13,SPY220916C00427000,427.0,normalDay
2022-08-11,11515.0,-3661.0,0.0,100,419.99,452.0,0,0.0,0.0,,0.0,1,1.78,6.38,SPY220916C00427000,427.0,normalDay
2022-08-12,11515.0,-3246.0,0.0,100,427.1,452.0,0,0.0,0.0,,0.0,1,1.78,9.34,SPY220916C00427000,427.0,normalDay
2022-08-15,11515.0,-3158.0,0.0,100,428.86,452.0,0,0.0,0.0,,0.0,1,1.78,10.22,SPY220916C00427000,427.0,normalDay
2022-08-16,11515.0,-3094.0,0.0,100,429.7,452.0,0,0.0,0.0,,0.0,1,1.78,10.42,SPY220916C00427000,427.0,normalDay
2022-08-17,11515.0,-3253.0,0.0,100,426.65,452.0,0,0.0,0.0,,0.0,1,1.78,8.96,SPY220916C00427000,427.0,normalDay
2022-08-18,11515.0,-3126.0,0.0,100,427.89,452.0,0,0.0,0.0,,0.0,1,1.78,8.93,SPY220916C00427000,427.0,normalDay
2022-08-19,11515.0,-3408.0,0.0,100,422.14,452.0,0,0.0,0.0,,0.0,1,1.78,6.0,SPY220916C00427000,427.0,normalDay
2022-08-22,11515.0,-3996.0,0.0,100,413.35,452.0,0,0.0,0.0,,0.0,1,1.78,3.09,SPY220916C00427000,427.0,normalDay
2022-08-23,11515.0,-4042.0,0.0,100,412.35,452.0,0,0.0,0.0,,0.0,1,1.78,2.55,SPY220916C00427000,427.0,normalDay
2022-08-24,11515.0,-3910.0,0.0,100,413.67,452.0,0,0.0,0.0,,0.0,1,1.78,2.55,SPY220916C00427000,427.0,normalDay
2022-08-25,11515.0,-3464.0,0.0,100,419.51,452.0,0,0.0,0.0,,0.0,1,1.78,3.93,SPY220916C00427000,427.0,normalDay
2022-08-26,11515.0,-4593.0,0.0,100,405.31,452.0,0,0.0,0.0,,0.0,1,1.78,1.02,SPY220916C00427000,427.0,normalDay
2022-08-29,11515.0,-4825.0,0.0,100,402.63,452.0,0,0.0,0.0,,0.0,1,1.78,0.66,SPY220916C00427000,427.0,normalDay
2022-08-30,11515.0,-5234.0,0.0,100,398.21,452.0,0,0.0,0.0,,0.0,1,1.78,0.33,SPY220916C00427000,427.0,normalDay
2022-08-31,11515.0,-5525.0,0.0,100,395.18,452.0,0,0.0,0.0,,0.0,1,1.78,0.21,SPY220916C00427000,427.0,normalDay
2022-09-01,11515.0,-5398.0,0.0,100,396.42,452.0,0,0.0,0.0,,0.0,1,1.78,0.18,SPY220916C00427000,427.0,normalDay
2022-09-02,11515.0,-5807.0,0.0,100,392.24,452.0,0,0.0,0.0,,0.0,1,1.78,0.09,SPY220916C00427000,427.0,normalDay
2022-09-06,11515.0,-5952.0,0.0,100,390.76,452.0,0,0.0,0.0,,0.0,1,1.78,0.06,SPY220916C00427000,427.0,normalDay
2022-09-07,11515.0,-5256.0,0.0,100,397.78,452.0,0,0.0,0.0,,0.0,1,1.78,0.12,SPY220916C00427000,427.0,normalDay
2022-09-08,11515.0,-4993.0,0.0,100,400.38,452.0,0,0.0,0.0,,0.0,1,1.78,0.09,SPY220916C00427000,427.0,normalDay
2022-09-09,11515.0,-4373.0,0.0,100,406.6,452.0,0,0.0,0.0,,0.0,1,1.78,0.11,SPY220916C00427000,427.0,normalDay
2022-09-12,11515.0,-3954.0,0.0,100,410.97,452.0,0,0.0,0.0,,0.0,1,1.78,0.29,SPY220916C00427000,427.0,normalDay
2022-09-13,11515.0,-5714.0,0.0,100,393.1,452.0,0,0.0,0.0,,0.0,1,1.78,0.02,SPY220916C00427000,427.0,normalDay
2022-09-14,11515.0,-5563.0,0.0,100,394.6,452.0,0,0.0,0.0,,0.0,1,1.78,0.01,SPY220916C00427000,427.0,normalDay
2022-09-15,11515.0,-6011.0,0.0,100,390.12,452.0,0,0.0,0.0,,0.0,1,1.78,0.01,SPY220916C00427000,427.0,normalDay
2022-09-16,11693.0,-6644.0,178.0,100,385.56,452.0,0,0.0,0.0,,0.0,1,1.78,0.0,SPY220916C00427000,427.0,expirationDay
2022-09-19,11693.0,-6349.0,0.0,100,388.55,452.0,0,0.0,0.0,,0.0,1,2.43,2.47,SPY221118C00426000,426.0,normalDay
2022-09-20,11693.0,-6745.0,0.0,100,384.09,452.0,0,0.0,0.0,,0.0,1,2.43,1.97,SPY221118C00426000,426.0,normalDay
2022-09-21,11693.0,-7345.0,0.0,100,377.39,452.0,0,0.0,0.0,,0.0,1,2.43,1.27,SPY221118C00426000,426.0,normalDay
2022-09-22,11693.0,-7634.0,0.0,100,374.22,452.0,0,0.0,0.0,,0.0,1,2.43,0.99,SPY221118C00426000,426.0,normalDay
2022-09-23,11693.0,-8231.0,0.0,100,367.95,452.0,0,0.0,0.0,,0.0,1,2.43,0.69,SPY221118C00426000,426.0,normalDay
2022-09-26,11693.0,-8582.0,0.0,100,364.31,452.0,0,0.0,0.0,,0.0,1,2.43,0.56,SPY221118C00426000,426.0,normalDay
2022-09-27,11693.0,-8667.0,0.0,100,363.38,452.0,0,0.0,0.0,,0.0,1,2.43,0.48,SPY221118C00426000,426.0,normalDay
2022-09-28,11693.0,-7975.0,0.0,100,370.53,452.0,0,0.0,0.0,,0.0,1,2.43,0.71,SPY221118C00426000,426.0,normalDay
2022-09-29,11693.0,-8716.0,0.0,100,362.79,452.0,0,0.0,0.0,,0.0,1,2.43,0.38,SPY221118C00426000,426.0,normalDay
2022-09-30,11693.0,-9265.0,0.0,100,357.18,452.0,0,0.0,0.0,,0.0,1,2.43,0.26,SPY221118C00426000,426.0,normalDay
2022-10-03,11693.0,-8338.0,0.0,100,366.61,452.0,0,0.0,0.0,,0.0,1,2.43,0.42,SPY221118C00426000,426.0,normalDay
2022-10-04,11693.0,-7250.0,0.0,100,377.97,452.0,0,0.0,0.0,,0.0,1,2.43,0.9,SPY221118C00426000,426.0,normalDay
2022-10-05,11693.0,-7322.0,0.0,100,377.09,452.0,0,0.0,0.0,,0.0,1,2.43,0.74,SPY221118C00426000,426.0,normalDay
2022-10-06,11693.0,-7695.0,0.0,100,373.2,452.0,0,0.0,0.0,,0.0,1,2.43,0.58,SPY221118C00426000,426.0,normalDay
2022-10-07,11693.0,-8705.0,0.0,100,362.79,452.0,0,0.0,0.0,,0.0,1,2.43,0.27,SPY221118C00426000,426.0,normalDay
2022-10-10,11693.0,-8981.0,0.0,100,360.02,452.0,0,0.0,0.0,,0.0,1,2.43,0.26,SPY221118C00426000,426.0,normalDay
2022-10-11,11693.0,-9207.0,0.0,100,357.74,452.0,0,0.0,0.0,,0.0,1,2.43,0.24,SPY221118C00426000,426.0,normalDay
2022-10-12,11693.0,-9323.0,0.0,100,356.56,452.0,0,0.0,0.0,,0.0,1,2.43,0.22,SPY221118C00426000,426.0,normalDay
2022-10-13,11693.0,-8402.0,0.0,100,365.97,452.0,0,0.0,0.0,,0.0,1,2.43,0.42,SPY221118C00426000,426.0,normalDay
2022-10-14,11693.0,-9215.0,0.0,100,357.63,452.0,0,0.0,0.0,,0.0,1,2.43,0.21,SPY221118C00426000,426.0,normalDay
2022-10-17,11693.0,-8307.0,0.0,100,366.82,452.0,0,0.0,0.0,,0.0,1,2.43,0.32,SPY221118C00426000,426.0,normalDay
2022-10-18,11693.0,-7887.0,0.0,100,371.13,452.0,0,0.0,0.0,,0.0,1,2.43,0.43,SPY221118C00426000,426.0,normalDay
2022-10-19,11693.0,-8139.0,0.0,100,368.5,452.0,0,0.0,0.0,,0.0,1,2.43,0.32,SPY221118C00426000,426.0,normalDay
2022-10-20,11693.0,-8436.0,0.0,100,365.41,452.0,0,0.0,0.0,,0.0,1,2.43,0.2,SPY221118C00426000,426.0,normalDay
2022-10-21,11693.0,-7572.0,0.0,100,374.29,452.0,0,0.0,0.0,,0.0,1,2.43,0.44,SPY221118C00426000,426.0,normalDay
2022-10-24,11693.0,-7127.0,0.0,100,378.87,452.0,0,0.0,0.0,,0.0,1,2.43,0.57,SPY221118C00426000,426.0,normalDay
2022-10-25,11693.0,-6526.0,0.0,100,384.92,452.0,0,0.0,0.0,,0.0,1,2.43,0.61,SPY221118C00426000,426.0,normalDay
2022-10-26,11693.0,-6798.0,0.0,100,382.02,452.0,0,0.0,0.0,,0.0,1,2.43,0.43,SPY221118C00426000,426.0,normalDay
2022-10-27,11693.0,-6980.0,0.0,100,379.98,452.0,0,0.0,0.0,,0.0,1,2.43,0.21,SPY221118C00426000,426.0,normalDay
2022-10-28,11693.0,-6111.0,0.0,100,389.02,452.0,0,0.0,0.0,,0.0,1,2.43,0.56,SPY221118C00426000,426.0,normalDay
2022-10-31,11693.0,-6368.0,0.0,100,386.21,452.0,0,0.0,0.0,,0.0,1,2.43,0.32,SPY221118C00426000,426.0,normalDay
2022-11-01,11693.0,-6529.0,0.0,100,384.52,452.0,0,0.0,0.0,,0.0,1,2.43,0.24,SPY221118C00426000,426.0,normalDay
2022-11-02,11693.0,-7477.0,0.0,100,374.87,452.0,0,0.0,0.0,,0.0,1,2.43,0.07,SPY221118C00426000,426.0,normalDay
2022-11-03,11693.0,-7862.0,0.0,100,371.01,452.0,0,0.0,0.0,,0.0,1,2.43,0.06,SPY221118C00426000,426.0,normalDay
2022-11-04,11693.0,-7326.0,0.0,100,376.35,452.0,0,0.0,0.0,,0.0,1,2.43,0.04,SPY221118C00426000,426.0,normalDay
2022-11-07,11693.0,-6966.0,0.0,100,379.95,452.0,0,0.0,0.0,,0.0,1,2.43,0.04,SPY221118C00426000,426.0,normalDay
2022-11-08,11693.0,-6761.0,0.0,100,382.0,452.0,0,0.0,0.0,,0.0,1,2.43,0.04,SPY221118C00426000,426.0,normalDay
2022-11-09,11693.0,-7546.0,0.0,100,374.13,452.0,0,0.0,0.0,,0.0,1,2.43,0.02,SPY221118C00426000,426.0,normalDay
2022-11-10,11693.0,-5498.0,0.0,100,394.69,452.0,0,0.0,0.0,,0.0,1,2.43,0.1,SPY221118C00426000,426.0,normalDay
2022-11-11,11693.0,-5113.0,0.0,100,398.51,452.0,0,0.0,0.0,,0.0,1,2.43,0.07,SPY221118C00426000,426.0,normalDay
2022-11-14,11693.0,-5447.0,0.0,100,395.12,452.0,0,0.0,0.0,,0.0,1,2.43,0.02,SPY221118C00426000,426.0,normalDay
2022-11-15,11693.0,-5111.0,0.0,100,398.49,452.0,0,0.0,0.0,,0.0,1,2.43,0.03,SPY221118C00426000,426.0,normalDay
2022-11-16,11693.0,-5413.0,0.0,100,395.45,452.0,0,0.0,0.0,,0.0,1,2.43,0.01,SPY221118C00426000,426.0,normalDay
2022-11-17,11693.0,-5534.0,0.0,100,394.24,452.0,0,0.0,0.0,,0.0,1,2.43,0.01,SPY221118C00426000,426.0,normalDay
2022-11-18,11936.0,-5597.0,243.0,100,396.03,452.0,0,0.0,0.0,,0.0,1,2.43,0.0,SPY221118C00426000,426.0,expirationDay
2022-11-21,11936.0,-5754.0,0.0,100,394.59,452.0,0,0.0,0.0,,0.0,1,6.75,6.88,SPY230120C00410000,410.0,normalDay
2022-11-22,11936.0,-5373.0,0.0,100,399.9,452.0,0,0.0,0.0,,0.0,1,6.75,8.38,SPY230120C00410000,410.0,normalDay
2022-11-23,11936.0,-5188.0,0.0,100,402.42,452.0,0,0.0,0.0,,0.0,1,6.75,9.05,SPY230120C00410000,410.0,normalDay
2022-11-25,11936.0,-5171.0,0.0,100,402.33,452.0,0,0.0,0.0,,0.0,1,6.75,8.79,SPY230120C00410000,410.0,normalDay
2022-11-28,11936.0,-5573.0,0.0,100,395.91,452.0,0,0.0,0.0,,0.0,1,6.75,6.39,SPY230120C00410000,410.0,normalDay
2022-11-29,11936.0,-5584.0,0.0,100,395.23,452.0,0,0.0,0.0,,0.0,1,6.75,5.82,SPY230120C00410000,410.0,normalDay
2022-11-30,11936.0,-4873.0,0.0,100,407.68,452.0,0,0.0,0.0,,0.0,1,6.75,11.16,SPY230120C00410000,410.0,normalDay
2022-12-01,11936.0,-4818.0,0.0,100,407.38,452.0,0,0.0,0.0,,0.0,1,6.75,10.31,SPY230120C00410000,410.0,normalDay
2022-12-02,11936.0,-4785.0,0.0,100,406.91,452.0,0,0.0,0.0,,0.0,1,6.75,9.51,SPY230120C00410000,410.0,normalDay
2022-12-05,11936.0,-5209.0,0.0,100,399.59,452.0,0,0.0,0.0,,0.0,1,6.75,6.43,SPY230120C00410000,410.0,normalDay
2022-12-06,11936.0,-5613.0,0.0,100,393.83,452.0,0,0.0,0.0,,0.0,1,6.75,4.71,SPY230120C00410000,410.0,normalDay
2022-12-07,11936.0,-5662.0,0.0,100,393.16,452.0,0,0.0,0.0,,0.0,1,6.75,4.53,SPY230120C00410000,410.0,normalDay
2022-12-08,11936.0,-5421.0,0.0,100,396.24,452.0,0,0.0,0.0,,0.0,1,6.75,5.2,SPY230120C00410000,410.0,normalDay
2022-12-09,11936.0,-5627.0,0.0,100,393.28,452.0,0,0.0,0.0,,0.0,1,6.75,4.3,SPY230120C00410000,410.0,normalDay
2022-12-12,11936.0,-5269.0,0.0,100,398.95,452.0,0,0.0,0.0,,0.0,1,6.75,6.39,SPY230120C00410000,410.0,normalDay
2022-12-13,11936.0,-5006.0,0.0,100,401.97,452.0,0,0.0,0.0,,0.0,1,6.75,6.78,SPY230120C00410000,410.0,normalDay
2022-12-14,11936.0,-5102.0,0.0,100,399.4,452.0,0,0.0,0.0,,0.0,1,6.75,5.17,SPY230120C00410000,410.0,normalDay
2022-12-15,11936.0,-5784.0,0.0,100,389.63,452.0,0,0.0,0.0,,0.0,1,6.75,2.22,SPY230120C00410000,410.0,normalDay
2022-12-16,11936.0,-6328.0,0.0,100,383.27,452.0,0,0.0,0.0,,0.0,1,6.75,1.3,SPY230120C00410000,410.0,normalDay
2022-12-19,11936.0,-6609.0,0.0,100,380.02,452.0,0,0.0,0.0,,0.0,1,6.75,0.86,SPY230120C00410000,410.0,normalDay
2022-12-20,11936.0,-6550.0,0.0,100,380.54,452.0,0,0.0,0.0,,0.0,1,6.75,0.79,SPY230120C00410000,410.0,normalDay
2022-12-21,11936.0,-6021.0,0.0,100,386.23,452.0,0,0.0,0.0,,0.0,1,6.75,1.19,SPY230120C00410000,410.0,normalDay
2022-12-22,11936.0,-6529.0,0.0,100,380.72,452.0,0,0.0,0.0,,0.0,1,6.75,0.76,SPY230120C00410000,410.0,normalDay
2022-12-23,11936.0,-6306.0,0.0,100,382.91,452.0,0,0.0,0.0,,0.0,1,6.75,0.72,SPY230120C00410000,410.0,normalDay
2022-12-27,11936.0,-6444.0,0.0,100,381.4,452.0,0,0.0,0.0,,0.0,1,6.75,0.59,SPY230120C00410000,410.0,normalDay
2022-12-28,11936.0,-6893.0,0.0,100,376.66,452.0,0,0.0,0.0,,0.0,1,6.75,0.34,SPY230120C00410000,410.0,normalDay
2022-12-29,11936.0,-6236.0,0.0,100,383.44,452.0,0,0.0,0.0,,0.0,1,6.75,0.55,SPY230120C00410000,410.0,normalDay
2022-12-30,11936.0,-6324.0,0.0,100,382.43,452.0,0,0.0,0.0,,0.0,1,6.75,0.42,SPY230120C00410000,410.0,normalDay
2023-01-03,11936.0,-6468.0,0.0,100,380.82,452.0,0,0.0,0.0,,0.0,1,6.75,0.25,SPY230120C00410000,410.0,normalDay
2023-01-04,11936.0,-6180.0,0.0,100,383.76,452.0,0,0.0,0.0,,0.0,1,6.75,0.31,SPY230120C00410000,410.0,normalDay
2023-01-05,11936.0,-6603.0,0.0,100,379.38,452.0,0,0.0,0.0,,0.0,1,6.75,0.16,SPY230120C00410000,410.0,normalDay
2023-01-06,11936.0,-5751.0,0.0,100,388.08,452.0,0,0.0,0.0,,0.0,1,6.75,0.34,SPY230120C00410000,410.0,normalDay
2023-01-09,11936.0,-5771.0,0.0,100,387.86,452.0,0,0.0,0.0,,0.0,1,6.75,0.32,SPY230120C00410000,410.0,normalDay
2023-01-10,11936.0,-5502.0,0.0,100,390.58,452.0,0,0.0,0.0,,0.0,1,6.75,0.35,SPY230120C00410000,410.0,normalDay
2023-01-11,11936.0,-5061.0,0.0,100,395.52,452.0,0,0.0,0.0,,0.0,1,6.75,0.88,SPY230120C00410000,410.0,normalDay
2023-01-12,11936.0,-4858.0,0.0,100,396.96,452.0,0,0.0,0.0,,0.0,1,6.75,0.29,SPY230120C00410000,410.0,normalDay
2023-01-13,11936.0,-4690.0,0.0,100,398.5,452.0,0,0.0,0.0,,0.0,1,6.75,0.15,SPY230120C00410000,410.0,normalDay
2023-01-17,11936.0,-4754.0,0.0,100,397.77,452.0,0,0.0,0.0,,0.0,1,6.75,0.06,SPY230120C00410000,410.0,normalDay
2023-01-18,11936.0,-5378.0,0.0,100,391.49,452.0,0,0.0,0.0,,0.0,1,6.75,0.02,SPY230120C00410000,410.0,normalDay
2023-01-19,11936.0,-5662.0,0.0,100,388.64,452.0,0,0.0,0.0,,0.0,1,6.75,0.01,SPY230120C00410000,410.0,normalDay
2023-01-20,12611.0,-5612.0,675.0,100,395.88,452.0,0,0.0,0.0,,0.0,1,6.75,0.0,SPY230120C00410000,410.0,expirationDay
2023-01-23,12611.0,-5144.0,0.0,100,400.63,452.0,0,0.0,0.0,,0.0,1,9.37,9.44,SPY230331C00408000,408.0,normalDay
2023-01-24,12611.0,-5190.0,0.0,100,400.2,452.0,0,0.0,0.0,,0.0,1,9.37,9.47,SPY230331C00408000,408.0,normalDay
2023-01-25,12611.0,-5111.0,0.0,100,400.35,452.0,0,0.0,0.0,,0.0,1,9.37,8.83,SPY230331C00408000,408.0,normalDay
2023-01-26,12611.0,-4865.0,0.0,100,404.75,452.0,0,0.0,0.0,,0.0,1,9.37,10.77,SPY230331C00408000,408.0,normalDay
2023-01-27,12611.0,-4811.0,0.0,100,405.68,452.0,0,0.0,0.0,,0.0,1,9.37,11.16,SPY230331C00408000,408.0,normalDay
2023-01-30,12611.0,-5111.0,0.0,100,400.59,452.0,0,0.0,0.0,,0.0,1,9.37,9.07,SPY230331C00408000,408.0,normalDay
2023-01-31,12611.0,-4753.0,0.0,100,406.48,452.0,0,0.0,0.0,,0.0,1,9.37,11.38,SPY230331C00408000,408.0,normalDay
2023-02-01,12611.0,-4619.0,0.0,100,410.8,452.0,0,0.0,0.0,,0.0,1,9.37,14.36,SPY230331C00408000,408.0,normalDay
2023-02-02,12611.0,-4294.0,0.0,100,416.78,452.0,0,0.0,0.0,,0.0,1,9.37,17.09,SPY230331C00408000,408.0,normalDay
2023-02-03,12611.0,-4500.0,0.0,100,412.35,452.0,0,0.0,0.0,,0.0,1,9.37,14.72,SPY230331C00408000,408.0,normalDay
2023-02-06,12611.0,-4592.0,0.0,100,409.83,452.0,0,0.0,0.0,,0.0,1,9.37,13.12,SPY230331C00408000,408.0,normalDay
2023-02-07,12611.0,-4336.0,0.0,100,415.19,452.0,0,0.0,0.0,,0.0,1,9.37,15.92,SPY230331C00408000,408.0,normalDay
2023-02-08,12611.0,-4579.0,0.0,100,410.65,452.0,0,0.0,0.0,,0.0,1,9.37,13.81,SPY230331C00408000,408.0,normalDay
2023-02-09,12611.0,-4735.0,0.0,100,407.09,452.0,0,0.0,0.0,,0.0,1,9.37,11.81,SPY230331C00408000,408.0,normalDay
2023-02-10,12611.0,-4658.0,0.0,100,408.04,452.0,0,0.0,0.0,,0.0,1,9.37,11.99,SPY230331C00408000,408.0,normalDay
2023-02-13,12611.0,-4439.0,0.0,100,412.83,452.0,0,0.0,0.0,,0.0,1,9.37,14.59,SPY230331C00408000,408.0,normalDay
2023-02-14,12611.0,-4336.0,0.0,100,412.64,452.0,0,0.0,0.0,,0.0,1,9.37,13.37,SPY230331C00408000,408.0,normalDay
2023-02-15,12611.0,-4296.0,0.0,100,413.98,452.0,0,0.0,0.0,,0.0,1,9.37,14.31,SPY230331C00408000,408.0,normalDay
2023-02-16,12611.0,-4502.0,0.0,100,408.28,452.0,0,0.0,0.0,,0.0,1,9.37,10.67,SPY230331C00408000,408.0,normalDay
2023-02-17,12611.0,-4525.0,0.0,100,407.26,452.0,0,0.0,0.0,,0.0,1,9.37,9.88,SPY230331C00408000,408.0,normalDay
2023-02-21,12611.0,-4980.0,0.0,100,399.09,452.0,0,0.0,0.0,,0.0,1,9.37,6.26,SPY230331C00408000,408.0,normalDay
2023-02-22,12611.0,-4965.0,0.0,100,398.54,452.0,0,0.0,0.0,,0.0,1,9.37,5.56,SPY230331C00408000,408.0,normalDay
2023-02-23,12611.0,-4774.0,0.0,100,400.66,452.0,0,0.0,0.0,,0.0,1,9.37,5.77,SPY230331C00408000,408.0,normalDay
2023-02-24,12611.0,-5042.0,0.0,100,396.38,452.0,0,0.0,0.0,,0.0,1,9.37,4.17,SPY230331C00408000,408.0,normalDay
2023-02-27,12611.0,-4916.0,0.0,100,397.73,452.0,0,0.0,0.0,,0.0,1,9.37,4.26,SPY230331C00408000,408.0,normalDay
2023-02-28,12611.0,-4975.0,0.0,100,396.26,452.0,0,0.0,0.0,,0.0,1,9.37,3.38,SPY230331C00408000,408.0,normalDay
2023-03-01,12611.0,-5089.0,0.0,100,394.74,452.0,0,0.0,0.0,,0.0,1,9.37,3.0,SPY230331C00408000,408.0,normalDay
2023-03-02,12611.0,-4842.0,0.0,100,397.81,452.0,0,0.0,0.0,,0.0,1,9.37,3.6,SPY230331C00408000,408.0,normalDay
2023-03-03,12611.0,-4421.0,0.0,100,404.19,452.0,0,0.0,0.0,,0.0,1,9.37,5.77,SPY230331C00408000,408.0,normalDay
2023-03-06,12611.0,-4377.0,0.0,100,404.47,452.0,0,0.0,0.0,,0.0,1,9.37,5.61,SPY230331C00408000,408.0,normalDay
2023-03-07,12611.0,-4766.0,0.0,100,398.27,452.0,0,0.0,0.0,,0.0,1,9.37,3.3,SPY230331C00408000,408.0,normalDay
2023-03-08,12611.0,-4687.0,0.0,100,398.92,452.0,0,0.0,0.0,,0.0,1,9.37,3.16,SPY230331C00408000,408.0,normalDay
2023-03-09,12611.0,-5278.0,0.0,100,391.56,452.0,0,0.0,0.0,,0.0,1,9.37,1.71,SPY230331C00408000,408.0,normalDay
2023-03-10,12611.0,-5751.0,0.0,100,385.91,452.0,0,0.0,0.0,,0.0,1,9.37,0.79,SPY230331C00408000,408.0,normalDay
2023-03-13,12611.0,-5816.0,0.0,100,385.36,452.0,0,0.0,0.0,,0.0,1,9.37,0.89,SPY230331C00408000,408.0,normalDay
2023-03-14,12611.0,-5192.0,0.0,100,391.73,452.0,0,0.0,0.0,,0.0,1,9.37,1.02,SPY230331C00408000,408.0,normalDay
2023-03-15,12611.0,-5411.0,0.0,100,389.28,452.0,0,0.0,0.0,,0.0,1,9.37,0.76,SPY230331C00408000,408.0,normalDay
2023-03-16,12611.0,-4797.0,0.0,100,396.11,452.0,0,0.0,0.0,,0.0,1,9.37,1.45,SPY230331C00408000,408.0,normalDay
2023-03-17,12611.0,-5354.0,0.0,100,389.99,452.0,0,0.0,0.0,,0.0,1,9.37,0.9,SPY230331C00408000,408.0,normalDay
2023-03-20,12611.0,-4986.0,0.0,100,393.74,452.0,0,0.0,0.0,,0.0,1,9.37,0.97,SPY230331C00408000,408.0,normalDay
2023-03-21,12611.0,-4552.0,0.0,100,398.91,452.0,0,0.0,0.0,,0.0,1,9.37,1.8,SPY230331C00408000,408.0,normalDay
2023-03-22,12611.0,-5094.0,0.0,100,392.11,452.0,0,0.0,0.0,,0.0,1,9.37,0.42,SPY230331C00408000,408.0,normalDay
2023-03-23,12611.0,-4976.0,0.0,100,393.17,452.0,0,0.0,0.0,,0.0,1,9.37,0.3,SPY230331C00408000,408.0,normalDay
2023-03-24,12611.0,-4716.0,0.0,100,395.75,452.0,0,0.0,0.0,,0.0,1,9.37,0.28,SPY230331C00408000,408.0,normalDay
2023-03-27,12611.0,-4631.0,0.0,100,396.49,452.0,0,0.0,0.0,,0.0,1,9.37,0.17,SPY230331C00408000,408.0,normalDay
2023-03-28,12611.0,-4711.0,0.0,100,395.6,452.0,0,0.0,0.0,,0.0,1,9.37,0.08,SPY230331C00408000,408.0,normalDay
2023-03-29,12611.0,-4145.0,0.0,100,401.35,452.0,0,0.0,0.0,,0.0,1,9.37,0.17,SPY230331C00408000,408.0,normalDay
2023-03-30,12611.0,-3907.0,0.0,100,403.7,452.0,0,0.0,0.0,,0.0,1,9.37,0.14,SPY230331C00408000,408.0,normalDay
2023-03-31,9148.0,-3907.0,-3463.0,0,409.39,0.0,0,0.0,0.0,,0.0,1,9.37,0.0,SPY230331C00408000,408.0,expirationDay
2023-04-03,9148.0,-3.0,0.0,0,410.95,0.0,1,1.23,1.26,SPY230519P00366000,366.0,0,0.0,0.0,,0.0,normalDay
2023-04-04,9148.0,-13.0,0.0,0,408.67,0.0,1,1.23,1.36,SPY230519P00366000,366.0,0,0.0,0.0,,0.0,normalDay
2023-04-05,9148.0,-15.0,0.0,0,407.6,0.0,1,1.23,1.38,SPY230519P00366000,366.0,0,0.0,0.0,,0.0,normalDay
2023-04-06,9148.0,10.0,0.0,0,409.19,0.0,1,1.23,1.13,SPY230519P00366000,366.0,0,0.0,0.0,,0.0,normalDay
2023-04-10,9148.0,22.0,0.0,0,409.61,0.0,1,1.23,1.01,SPY230519P00366000,366.0,0,0.0,0.0,,0.0,normalDay
2023-04-11,9148.0,25.0,0.0,0,409.72,0.0,1,1.23,0.98,SPY230519P00366000,366.0,0,0.0,0.0,,0.0,normalDay
2023-04-12,9148.0,20.0,0.0,0,408.05,0.0,1,1.23,1.03,SPY230519P00366000,366.0,0,0.0,0.0,,0.0,normalDay
2023-04-13,9148.0,57.0,0.0,0,413.47,0.0,1,1.23,0.66,SPY230519P00366000,366.0,0,0.0,0.0,,0.0,normalDay
2023-04-14,9148.0,63.0,0.0,0,412.46,0.0,1,1.23,0.6,SPY230519P00366000,366.0,0,0.0,0.0,,0.0,normalDay
2023-04-17,9148.0,72.0,0.0,0,413.94,0.0,1,1.23,0.51,SPY230519P00366000,366.0,0,0.0,0.0,,0.0,normalDay
2023-04-18,9148.0,73.0,0.0,0,414.21,0.0,1,1.23,0.5,SPY230519P00366000,366.0,0,0.0,0.0,,0.0,normalDay
2023-04-19,9148.0,76.0,0.0,0,414.14,0.0,1,1.23,0.47,SPY230519P00366000,366.0,0,0.0,0.0,,0.0,normalDay
2023-04-20,9148.0,71.0,0.0,0,411.88,0.0,1,1.23,0.52,SPY230519P00366000,366.0,0,0.0,0.0,,0.0,normalDay
2023-04-21,9148.0,76.0,0.0,0,412.2,0.0,1,1.23,0.47,SPY230519P00366000,366.0,0,0.0,0.0,,0.0,normalDay
2023-04-24,9148.0,86.0,0.0,0,412.63,0.0,1,1.23,0.37,SPY230519P00366000,366.0,0,0.0,0.0,,0.0,normalDay
2023-04-25,9148.0,64.0,0.0,0,406.08,0.0,1,1.23,0.59,SPY230519P00366000,366.0,0,0.0,0.0,,0.0,normalDay
2023-04-26,9148.0,63.0,0.0,0,404.36,0.0,1,1.23,0.6,SPY230519P00366000,366.0,0,0.0,0.0,,0.0,normalDay
2023-04-27,9148.0,96.0,0.0,0,412.41,0.0,1,1.23,0.27,SPY230519P00366000,366.0,0,0.0,0.0,,0.0,normalDay
2023-04-28,9148.0,102.0,0.0,0,415.93,0.0,1,1.23,0.21,SPY230519P00366000,366.0,0,0.0,0.0,,0.0,normalDay
2023-05-01,9148.0,104.0,0.0,0,415.51,0.0,1,1.23,0.19,SPY230519P00366000,366.0,0,0.0,0.0,,0.0,normalDay
2023-05-02,9148.0,98.0,0.0,0,410.84,0.0,1,1.23,0.25,SPY230519P00366000,366.0,0,0.0,0.0,,0.0,normalDay
2023-05-03,9148.0,95.0,0.0,0,408.02,0.0,1,1.23,0.28,SPY230519P00366000,366.0,0,0.0,0.0,,0.0,normalDay
2023-05-04,9148.0,83.0,0.0,0,405.13,0.0,1,1.23,0.4,SPY230519P00366000,366.0,0,0.0,0.0,,0.0,normalDay
2023-05-05,9148.0,108.0,0.0,0,412.63,0.0,1,1.23,0.15,SPY230519P00366000,366.0,0,0.0,0.0,,0.0,normalDay
2023-05-08,9148.0,114.0,0.0,0,412.74,0.0,1,1.23,0.09,SPY230519P00366000,366.0,0,0.0,0.0,,0.0,normalDay
2023-05-09,9148.0,114.0,0.0,0,410.93,0.0,1,1.23,0.09,SPY230519P00366000,366.0,0,0.0,0.0,,0.0,normalDay
2023-05-10,9148.0,116.0,0.0,0,412.85,0.0,1,1.23,0.07,SPY230519P00366000,366.0,0,0.0,0.0,,0.0,normalDay
2023-05-11,9148.0,116.0,0.0,0,412.13,0.0,1,1.23,0.07,SPY230519P00366000,366.0,0,0.0,0.0,,0.0,normalDay
2023-05-12,9148.0,118.0,0.0,0,411.59,0.0,1,1.23,0.05,SPY230519P00366000,366.0,0,0.0,0.0,,0.0,normalDay
2023-05-15,9148.0,120.0,0.0,0,413.01,0.0,1,1.23,0.03,SPY230519P00366000,366.0,0,0.0,0.0,,0.0,normalDay
2023-05-16,9148.0,119.0,0.0,0,410.25,0.0,1,1.23,0.04,SPY230519P00366000,366.0,0,0.0,0.0,,0.0,normalDay
2023-05-17,9148.0,121.0,0.0,0,415.23,0.0,1,1.23,0.02,SPY230519P00366000,366.0,0,0.0,0.0,,0.0,normalDay
2023-05-18,9148.0,122.0,0.0,0,419.23,0.0,1,1.23,0.01,SPY230519P00366000,366.0,0,0.0,0.0,,0.0,normalDay
2023-05-19,9271.0,0.0,123.0,0,418.62,0.0,1,1.23,0.0,SPY230519P00366000,366.0,0,0.0,0.0,,0.0,expirationDay
2023-05-22,9271.0,-4.0,0.0,0,418.79,0.0,1,2.47,2.51,SPY230630P00394000,394.0,0,0.0,0.0,,0.0,normalDay
2023-05-23,9271.0,-90.0,0.0,0,414.09,0.0,1,2.47,3.37,SPY230630P00394000,394.0,0,0.0,0.0,,0.0,normalDay
2023-05-24,9271.0,-167.0,0.0,0,411.09,0.0,1,2.47,4.14,SPY230630P00394000,394.0,0,0.0,0.0,,0.0,normalDay
2023-05-25,9271.0,-76.0,0.0,0,414.65,0.0,1,2.47,3.23,SPY230630P00394000,394.0,0,0.0,0.0,,0.0,normalDay
2023-05-26,9271.0,24.0,0.0,0,420.02,0.0,1,2.47,2.23,SPY230630P00394000,394.0,0,0.0,0.0,,0.0,normalDay
2023-05-30,9271.0,68.0,0.0,0,420.18,0.0,1,2.47,1.79,SPY230630P00394000,394.0,0,0.0,0.0,,0.0,normalDay
2023-05-31,9271.0,54.0,0.0,0,417.85,0.0,1,2.47,1.93,SPY230630P00394000,394.0,0,0.0,0.0,,0.0,normalDay
2023-06-01,9271.0,129.0,0.0,0,421.82,0.0,1,2.47,1.18,SPY230630P00394000,394.0,0,0.0,0.0,,0.0,normalDay
2023-06-02,9271.0,178.0,0.0,0,427.92,0.0,1,2.47,0.69,SPY230630P00394000,394.0,0,0.0,0.0,,0.0,normalDay
2023-06-05,9271.0,184.0,0.0,0,427.1,0.0,1,2.47,0.63,SPY230630P00394000,394.0,0,0.0,0.0,,0.0,normalDay
2023-06-06,9271.0,197.0,0.0,0,428.03,0.0,1,2.47,0.5,SPY230630P00394000,394.0,0,0.0,0.0,,0.0,normalDay
2023-06-07,9271.0,196.0,0.0,0,426.55,0.0,1,2.47,0.51,SPY230630P00394000,394.0,0,0.0,0.0,,0.0,normalDay
2023-06-08,9271.0,206.0,0.0,0,429.13,0.0,1,2.47,0.41,SPY230630P00394000,394.0,0,0.0,0.0,,0.0,normalDay
2023-06-09,9271.0,210.0,0.0,0,429.9,0.0,1,2.47,0.37,SPY230630P00394000,394.0,0,0.0,0.0,,0.0,normalDay
2023-06-12,9271.0,217.0,0.0,0,433.8,0.0,1,2.47,0.3,SPY230630P00394000,394.0,0,0.0,0.0,,0.0,normalDay
2023-06-13,9271.0,221.0,0.0,0,436.66,0.0,1,2.47,0.26,SPY230630P00394000,394.0,0,0.0,0.0,,0.0,normalDay
2023-06-14,9271.0,228.0,0.0,0,437.18,0.0,1,2.47,0.19,SPY230630P00394000,394.0,0,0.0,0.0,,0.0,normalDay
2023-06-15,9271.0,230.0,0.0,0,442.6,0.0,1,2.47,0.17,SPY230630P00394000,394.0,0,0.0,0.0,,0.0,normalDay
2023-06-16,9271.0,237.0,0.0,0,439.46,0.0,1,2.47,0.1,SPY230630P00394000,394.0,0,0.0,0.0,,0.0,normalDay
2023-06-20,9271.0,240.0,0.0,0,437.18,0.0,1,2.47,0.07,SPY230630P00394000,394.0,0,0.0,0.0,,0.0,normalDay
2023-06-21,9271.0,242.0,0.0,0,434.94,0.0,1,2.47,0.05,SPY230630P00394000,394.0,0,0.0,0.0,,0.0,normalDay
2023-06-22,9271.0,243.0,0.0,0,436.51,0.0,1,2.47,0.04,SPY230630P00394000,394.0,0,0.0,0.0,,0.0,normalDay
2023-06-23,9271.0,242.0,0.0,0,433.21,0.0,1,2.47,0.05,SPY230630P00394000,394.0,0,0.0,0.0,,0.0,normalDay
2023-06-26,9271.0,243.0,0.0,0,431.44,0.0,1,2.47,0.04,SPY230630P00394000,394.0,0,0.0,0.0,,0.0,normalDay
2023-06-27,9271.0,244.0,0.0,0,436.17,0.0,1,2.47,0.03,SPY230630P00394000,394.0,0,0.0,0.0,,0.0,normalDay
2023-06-28,9271.0,245.0,0.0,0,436.39,0.0,1,2.47,0.02,SPY230630P00394000,394.0,0,0.0,0.0,,0.0,normalDay
2023-06-29,9271.0,245.0,0.0,0,438.11,0.0,1,2.47,0.02,SPY230630P00394000,394.0,0,0.0,0.0,,0.0,normalDay
2023-06-30,9518.0,0.0,247.0,0,443.28,0.0,1,2.47,0.0,SPY230630P00394000,394.0,0,0.0,0.0,,0.0,expirationDay
2023-07-03,9518.0,-5.0,0.0,0,443.79,0.0,1,1.24,1.29,SPY230818P00412000,412.0,0,0.0,0.0,,0.0,normalDay
2023-07-05,9518.0,-11.0,0.0,0,443.13,0.0,1,1.24,1.35,SPY230818P00412000,412.0,0,0.0,0.0,,0.0,normalDay
2023-07-06,9518.0,-56.0,0.0,0,439.66,0.0,1,1.24,1.8,SPY230818P00412000,412.0,0,0.0,0.0,,0.0,normalDay
2023-07-07,9518.0,-41.0,0.0,0,438.55,0.0,1,1.24,1.65,SPY230818P00412000,412.0,0,0.0,0.0,,0.0,normalDay
2023-07-10,9518.0,-26.0,0.0,0,439.66,0.0,1,1.24,1.5,SPY230818P00412000,412.0,0,0.0,0.0,,0.0,normalDay
2023-07-11,9518.0,-1.0,0.0,0,442.46,0.0,1,1.24,1.25,SPY230818P00412000,412.0,0,0.0,0.0,,0.0,normalDay
2023-07-12,9518.0,42.0,0.0,0,446.02,0.0,1,1.24,0.82,SPY230818P00412000,412.0,0,0.0,0.0,,0.0,normalDay
2023-07-13,9518.0,53.0,0.0,0,449.56,0.0,1,1.24,0.71,SPY230818P00412000,412.0,0,0.0,0.0,,0.0,normalDay
2023-07-14,9518.0,59.0,0.0,0,449.28,0.0,1,1.24,0.65,SPY230818P00412000,412.0,0,0.0,0.0,,0.0,normalDay
2023-07-17,9518.0,70.0,0.0,0,450.84,0.0,1,1.24,0.54,SPY230818P00412000,412.0,0,0.0,0.0,,0.0,normalDay
2023-07-18,9518.0,81.0,0.0,0,454.19,0.0,1,1.24,0.43,SPY230818P00412000,412.0,0,0.0,0.0,,0.0,normalDay
2023-07-19,9518.0,79.0,0.0,0,455.2,0.0,1,1.24,0.45,SPY230818P00412000,412.0,0,0.0,0.0,,0.0,normalDay
2023-07-20,9518.0,73.0,0.0,0,452.18,0.0,1,1.24,0.51,SPY230818P00412000,412.0,0,0.0,0.0,,0.0,normalDay
2023-07-21,9518.0,80.0,0.0,0,452.18,0.0,1,1.24,0.44,SPY230818P00412000,412.0,0,0.0,0.0,,0.0,normalDay
2023-07-24,9518.0,87.0,0.0,0,454.2,0.0,1,1.24,0.37,SPY230818P00412000,412.0,0,0.0,0.0,,0.0,normalDay
2023-07-25,9518.0,92.0,0.0,0,455.44,0.0,1,1.24,0.32,SPY230818P00412000,412.0,0,0.0,0.0,,0.0,normalDay
2023-07-26,9518.0,99.0,0.0,0,455.51,0.0,1,1.24,0.25,SPY230818P00412000,412.0,0,0.0,0.0,,0.0,normalDay
2023-07-27,9518.0,86.0,0.0,0,452.49,0.0,1,1.24,0.38,SPY230818P00412000,412.0,0,0.0,0.0,,0.0,normalDay
2023-07-28,9518.0,104.0,0.0,0,456.92,0.0,1,1.24,0.2,SPY230818P00412000,412.0,0,0.0,0.0,,0.0,normalDay
2023-07-31,9518.0,107.0,0.0,0,457.79,0.0,1,1.24,0.17,SPY230818P00412000,412.0,0,0.0,0.0,,0.0,normalDay
2023-08-01,9518.0,106.0,0.0,0,456.48,0.0,1,1.24,0.18,SPY230818P00412000,412.0,0,0.0,0.0,,0.0,normalDay
2023-08-02,9518.0,91.0,0.0,0,450.13,0.0,1,1.24,0.33,SPY230818P00412000,412.0,0,0.0,0.0,,0.0,normalDay
2023-08-03,9518.0,94.0,0.0,0,448.84,0.0,1,1.24,0.3,SPY230818P00412000,412.0,0,0.0,0.0,,0.0,normalDay
2023-08-04,9518.0,84.0,0.0,0,446.81,0.0,1,1.24,0.4,SPY230818P00412000,412.0,0,0.0,0.0,,0.0,normalDay
2023-08-07,9518.0,105.0,0.0,0,450.71,0.0,1,1.24,0.19,SPY230818P00412000,412.0,0,0.0,0.0,,0.0,normalDay
2023-08-08,9518.0,107.0,0.0,0,448.75,0.0,1,1.24,0.17,SPY230818P00412000,412.0,0,0.0,0.0,,0.0,normalDay
2023-08-09,9518.0,109.0,0.0,0,445.75,0.0,1,1.24,0.15,SPY230818P00412000,412.0,0,0.0,0.0,,0.0,normalDay
2023-08-10,9518.0,110.0,0.0,0,445.91,0.0,1,1.24,0.14,SPY230818P00412000,412.0,0,0.0,0.0,,0.0,normalDay
2023-08-11,9518.0,117.0,0.0,0,445.65,0.0,1,1.24,0.07,SPY230818P00412000,412.0,0,0.0,0.0,,0.0,normalDay
2023-08-14,9518.0,120.0,0.0,0,448.11,0.0,1,1.24,0.04,SPY230818P00412000,412.0,0,0.0,0.0,,0.0,normalDay
2023-08-15,9518.0,118.0,0.0,0,442.89,0.0,1,1.24,0.06,SPY230818P00412000,412.0,0,0.0,0.0,,0.0,normalDay
2023-08-16,9518.0,121.0,0.0,0,439.64,0.0,1,1.24,0.03,SPY230818P00412000,412.0,0,0.0,0.0,,0.0,normalDay
2023-08-17,9518.0,121.0,0.0,0,436.29,0.0,1,1.24,0.03,SPY230818P00412000,412.0,0,0.0,0.0,,0.0,normalDay
2023-08-18,9642.0,0.0,124.0,0,436.5,0.0,1,1.24,0.0,SPY230818P00412000,412.0,0,0.0,0.0,,0.0,expirationDay
2023-08-21,9642.0,-4.0,0.0,0,439.34,0.0,1,3.11,3.15,SPY230929P00419000,419.0,0,0.0,0.0,,0.0,normalDay
2023-08-22,9642.0,-2.0,0.0,0,438.15,0.0,1,3.11,3.13,SPY230929P00419000,419.0,0,0.0,0.0,,0.0,normalDay
2023-08-23,9642.0,90.0,0.0,0,443.03,0.0,1,3.11,2.21,SPY230929P00419000,419.0,0,0.0,0.0,,0.0,normalDay
2023-08-24,9642.0,-18.0,0.0,0,436.89,0.0,1,3.11,3.29,SPY230929P00419000,419.0,0,0.0,0.0,,0.0,normalDay
2023-08-25,9642.0,76.0,0.0,0,439.97,0.0,1,3.11,2.35,SPY230929P00419000,419.0,0,0.0,0.0,,0.0,normalDay
2023-08-28,9642.0,145.0,0.0,0,442.76,0.0,1,3.11,1.66,SPY230929P00419000,419.0,0,0.0,0.0,,0.0,normalDay
2023-08-29,9642.0,210.0,0.0,0,449.16,0.0,1,3.11,1.01,SPY230929P00419000,419.0,0,0.0,0.0,,0.0,normalDay
2023-08-30,9642.0,232.0,0.0,0,451.01,0.0,1,3.11,0.79,SPY230929P00419000,419.0,0,0.0,0.0,,0.0,normalDay
2023-08-31,9642.0,241.0,0.0,0,450.35,0.0,1,3.11,0.7,SPY230929P00419000,419.0,0,0.0,0.0,,0.0,normalDay
2023-09-01,9642.0,248.0,0.0,0,451.19,0.0,1,3.11,0.63,SPY230929P00419000,419.0,0,0.0,0.0,,0.0,normalDay
2023-09-05,9642.0,244.0,0.0,0,449.24,0.0,1,3.11,0.67,SPY230929P00419000,419.0,0,0.0,0.0,,0.0,normalDay
2023-09-06,9642.0,229.0,0.0,0,446.22,0.0,1,3.11,0.82,SPY230929P00419000,419.0,0,0.0,0.0,,0.0,normalDay
2023-09-07,9642.0,229.0,0.0,0,444.85,0.0,1,3.11,0.82,SPY230929P00419000,419.0,0,0.0,0.0,,0.0,normalDay
2023-09-08,9642.0,249.0,0.0,0,445.52,0.0,1,3.11,0.62,SPY230929P00419000,419.0,0,0.0,0.0,,0.0,normalDay
2023-09-11,9642.0,269.0,0.0,0,448.45,0.0,1,3.11,0.42,SPY230929P00419000,419.0,0,0.0,0.0,,0.0,normalDay
2023-09-12,9642.0,262.0,0.0,0,445.99,0.0,1,3.11,0.49,SPY230929P00419000,419.0,0,0.0,0.0,,0.0,normalDay
2023-09-13,9642.0,278.0,0.0,0,446.51,0.0,1,3.11,0.33,SPY230929P00419000,419.0,0,0.0,0.0,,0.0,normalDay
2023-09-14,9642.0,288.0,0.0,0,450.36,0.0,1,3.11,0.23,SPY230929P00419000,419.0,0,0.0,0.0,,0.0,normalDay
2023-09-15,9642.0,279.0,0.0,0,443.37,0.0,1,3.11,0.32,SPY230929P00419000,419.0,0,0.0,0.0,,0.0,normalDay
2023-09-18,9642.0,287.0,0.0,0,443.63,0.0,1,3.11,0.24,SPY230929P00419000,419.0,0,0.0,0.0,,0.0,normalDay
2023-09-19,9642.0,286.0,0.0,0,442.71,0.0,1,3.11,0.25,SPY230929P00419000,419.0,0,0.0,0.0,,0.0,normalDay
2023-09-20,9642.0,277.0,0.0,0,438.64,0.0,1,3.11,0.34,SPY230929P00419000,419.0,0,0.0,0.0,,0.0,normalDay
2023-09-21,9642.0,203.0,0.0,0,431.39,0.0,1,3.11,1.08,SPY230929P00419000,419.0,0,0.0,0.0,,0.0,normalDay
2023-09-22,9642.0,218.0,0.0,0,430.42,0.0,1,3.11,0.93,SPY230929P00419000,419.0,0,0.0,0.0,,0.0,normalDay
2023-09-25,9642.0,263.0,0.0,0,432.23,0.0,1,3.11,0.48,SPY230929P00419000,419.0,0,0.0,0.0,,0.0,normalDay
2023-09-26,9642.0,213.0,0.0,0,425.88,0.0,1,3.11,0.98,SPY230929P00419000,419.0,0,0.0,0.0,,0.0,normalDay
2023-09-27,9642.0,251.0,0.0,0,426.05,0.0,1,3.11,0.6,SPY230929P00419000,419.0,0,0.0,0.0,,0.0,normalDay
2023-09-28,9642.0,294.0,0.0,0,428.52,0.0,1,3.11,0.17,SPY230929P00419000,419.0,0,0.0,0.0,,0.0,normalDay
2023-09-29,9953.0,0.0,311.0,0,427.48,0.0,1,3.11,0.0,SPY230929P00419000,419.0,0,0.0,0.0,,0.0,expirationDay
2023-10-02,9953.0,-3.0,0.0,0,427.31,0.0,1,2.29,2.32,SPY231117P00400000,400.0,0,0.0,0.0,,0.0,normalDay
2023-10-03,9953.0,-122.0,0.0,0,421.59,0.0,1,2.29,3.51,SPY231117P00400000,400.0,0,0.0,0.0,,0.0,normalDay
2023-10-04,9953.0,-49.0,0.0,0,424.66,0.0,1,2.29,2.78,SPY231117P00400000,400.0,0,0.0,0.0,,0.0,normalDay
2023-10-05,9953.0,-45.0,0.0,0,424.5,0.0,1,2.29,2.74,SPY231117P00400000,400.0,0,0.0,0.0,,0.0,normalDay
2023-10-06,9953.0,47.0,0.0,0,429.54,0.0,1,2.29,1.82,SPY231117P00400000,400.0,0,0.0,0.0,,0.0,normalDay
2023-10-09,9953.0,74.0,0.0,0,432.29,0.0,1,2.29,1.55,SPY231117P00400000,400.0,0,0.0,0.0,,0.0,normalDay
2023-10-10,9953.0,101.0,0.0,0,434.54,0.0,1,2.29,1.28,SPY231117P00400000,400.0,0,0.0,0.0,,0.0,normalDay
2023-10-11,9953.0,127.0,0.0,0,436.32,0.0,1,2.29,1.02,SPY231117P00400000,400.0,0,0.0,0.0,,0.0,normalDay
2023-10-12,9953.0,107.0,0.0,0,433.66,0.0,1,2.29,1.22,SPY231117P00400000,400.0,0,0.0,0.0,,0.0,normalDay
2023-10-13,9953.0,43.0,0.0,0,431.5,0.0,1,2.29,1.86,SPY231117P00400000,400.0,0,0.0,0.0,,0.0,normalDay
2023-10-16,9953.0,124.0,0.0,0,436.04,0.0,1,2.29,1.05,SPY231117P00400000,400.0,0,0.0,0.0,,0.0,normalDay
2023-10-17,9953.0,115.0,0.0,0,436.02,0.0,1,2.29,1.14,SPY231117P00400000,400.0,0,0.0,0.0,,0.0,normalDay
2023-10-18,9953.0,66.0,0.0,0,430.21,0.0,1,2.29,1.63,SPY231117P00400000,400.0,0,0.0,0.0,,0.0,normalDay
2023-10-19,9953.0,-14.0,0.0,0,426.43,0.0,1,2.29,2.43,SPY231117P00400000,400.0,0,0.0,0.0,,0.0,normalDay
2023-10-20,9953.0,-54.0,0.0,0,421.19,0.0,1,2.29,2.83,SPY231117P00400000,400.0,0,0.0,0.0,,0.0,normalDay
2023-10-23,9953.0,-2.0,0.0,0,420.46,0.0,1,2.29,2.31,SPY231117P00400000,400.0,0,0.0,0.0,,0.0,normalDay
2023-10-24,9953.0,66.0,0.0,0,423.63,0.0,1,2.29,1.63,SPY231117P00400000,400.0,0,0.0,0.0,,0.0,normalDay
2023-10-25,9953.0,-27.0,0.0,0,417.55,0.0,1,2.29,2.56,SPY231117P00400000,400.0,0,0.0,0.0,,0.0,normalDay
2023-10-26,9953.0,-102.0,0.0,0,412.55,0.0,1,2.29,3.31,SPY231117P00400000,400.0,0,0.0,0.0,,0.0,normalDay
2023-10-27,9953.0,-152.0,0.0,0,410.68,0.0,1,2.29,3.81,SPY231117P00400000,400.0,0,0.0,0.0,,0.0,normalDay
2023-10-30,9953.0,8.0,0.0,0,415.59,0.0,1,2.29,2.21,SPY231117P00400000,400.0,0,0.0,0.0,,0.0,normalDay
2023-10-31,9953.0,84.0,0.0,0,418.2,0.0,1,2.29,1.45,SPY231117P00400000,400.0,0,0.0,0.0,,0.0,normalDay
2023-11-01,9953.0,154.0,0.0,0,422.66,0.0,1,2.29,0.75,SPY231117P00400000,400.0,0,0.0,0.0,,0.0,normalDay
2023-11-02,9953.0,195.0,0.0,0,430.76,0.0,1,2.29,0.34,SPY231117P00400000,400.0,0,0.0,0.0,,0.0,normalDay
2023-11-03,9953.0,206.0,0.0,0,434.69,0.0,1,2.29,0.23,SPY231117P00400000,400.0,0,0.0,0.0,,0.0,normalDay
2023-11-06,9953.0,213.0,0.0,0,435.69,0.0,1,2.29,0.16,SPY231117P00400000,400.0,0,0.0,0.0,,0.0,normalDay
2023-11-07,9953.0,215.0,0.0,0,436.93,0.0,1,2.29,0.14,SPY231117P00400000,400.0,0,0.0,0.0,,0.0,normalDay
2023-11-08,9953.0,217.0,0.0,0,437.25,0.0,1,2.29,0.12,SPY231117P00400000,400.0,0,0.0,0.0,,0.0,normalDay
2023-11-09,9953.0,216.0,0.0,0,433.84,0.0,1,2.29,0.13,SPY231117P00400000,400.0,0,0.0,0.0,,0.0,normalDay
2023-11-10,9953.0,222.0,0.0,0,440.61,0.0,1,2.29,0.07,SPY231117P00400000,400.0,0,0.0,0.0,,0.0,normalDay
2023-11-13,9953.0,224.0,0.0,0,440.19,0.0,1,2.29,0.05,SPY231117P00400000,400.0,0,0.0,0.0,,0.0,normalDay
2023-11-14,9953.0,225.0,0.0,0,448.73,0.0,1,2.29,0.04,SPY231117P00400000,400.0,0,0.0,0.0,,0.0,normalDay
2023-11-15,9953.0,226.0,0.0,0,449.68,0.0,1,2.29,0.03,SPY231117P00400000,400.0,0,0.0,0.0,,0.0,normalDay
2023-11-16,9953.0,227.0,0.0,0,450.23,0.0,1,2.29,0.02,SPY231117P00400000,400.0,0,0.0,0.0,,0.0,normalDay
2023-11-17,10182.0,0.0,229.0,0,450.79,0.0,1,2.29,0.0,SPY231117P00400000,400.0,0,0.0,0.0,,0.0,expirationDay
2023-11-20,10182.0,-3.0,0.0,0,454.26,0.0,1,0.19,0.22,SPY231229P00372000,372.0,0,0.0,0.0,,0.0,normalDay
2023-11-21,10182.0,-1.0,0.0,0,453.27,0.0,1,0.19,0.2,SPY231229P00372000,372.0,0,0.0,0.0,,0.0,normalDay
2023-11-22,10182.0,0.0,0.0,0,455.02,0.0,1,0.19,0.19,SPY231229P00372000,372.0,0,0.0,0.0,,0.0,normalDay
2023-11-24,10182.0,3.0,0.0,0,455.3,0.0,1,0.19,0.16,SPY231229P00372000,372.0,0,0.0,0.0,,0.0,normalDay
2023-11-27,10182.0,5.0,0.0,0,454.48,0.0,1,0.19,0.14,SPY231229P00372000,372.0,0,0.0,0.0,,0.0,normalDay
2023-11-28,10182.0,5.0,0.0,0,454.93,0.0,1,0.19,0.14,SPY231229P00372000,372.0,0,0.0,0.0,,0.0,normalDay
2023-11-29,10182.0,5.0,0.0,0,454.61,0.0,1,0.19,0.14,SPY231229P00372000,372.0,0,0.0,0.0,,0.0,normalDay
2023-11-30,10182.0,7.0,0.0,0,456.4,0.0,1,0.19,0.12,SPY231229P00372000,372.0,0,0.0,0.0,,0.0,normalDay
