date,totalCapital,unrializedPnL,rializedPnL,stocksOwned,stocksPriceToday,stocksPriceBoughtAt,putOwned,putOwnedSoldAt,putPriceToday,putOwnedContract,putOwnedStrike,callOwned,callOwnedSoldAt,callPriceToday,callOwnedContract,callOwnedStrike,trackType
2018-11-01,0.0,-7.0,0.0,0,273.51,0.0,1,3.92,3.99,SPY181203P00270000,270.0,0,0.0,0.0,,0.0,normalDay
2018-11-02,0.0,-47.0,0.0,0,271.89,0.0,1,3.92,4.39,SPY181203P00270000,270.0,0,0.0,0.0,,0.0,normalDay
2018-11-05,0.0,31.0,0.0,0,273.39,0.0,1,3.92,3.61,SPY181203P00270000,270.0,0,0.0,0.0,,0.0,normalDay
2018-11-06,0.0,86.0,0.0,0,275.12,0.0,1,3.92,3.06,SPY181203P00270000,270.0,0,0.0,0.0,,0.0,normalDay
2018-11-07,0.0,268.0,0.0,0,281.01,0.0,1,3.92,1.24,SPY181203P00270000,270.0,0,0.0,0.0,,0.0,normalDay
2018-11-08,0.0,263.0,0.0,0,280.5,0.0,1,3.92,1.29,SPY181203P00270000,270.0,0,0.0,0.0,,0.0,normalDay
2018-11-09,0.0,211.0,0.0,0,277.76,0.0,1,3.92,1.81,SPY181203P00270000,270.0,0,0.0,0.0,,0.0,normalDay
2018-11-12,0.0,50.0,0.0,0,272.57,0.0,1,3.92,3.42,SPY181203P00270000,270.0,0,0.0,0.0,,0.0,normalDay
2018-11-13,0.0,37.0,0.0,0,272.06,0.0,1,3.92,3.55,SPY181203P00270000,270.0,0,0.0,0.0,,0.0,normalDay
2018-11-14,0.0,-68.0,0.0,0,270.2,0.0,1,3.92,4.6,SPY181203P00270000,270.0,0,0.0,0.0,,0.0,normalDay
2018-11-15,0.0,94.0,0.0,0,273.02,0.0,1,3.92,2.98,SPY181203P00270000,270.0,0,0.0,0.0,,0.0,normalDay
2018-11-16,0.0,167.0,0.0,0,273.73,0.0,1,3.92,2.25,SPY181203P00270000,270.0,0,0.0,0.0,,0.0,normalDay
2018-11-19,0.0,-14.0,0.0,0,269.1,0.0,1,3.92,4.06,SPY181203P00270000,270.0,0,0.0,0.0,,0.0,normalDay
2018-11-20,0.0,-364.0,0.0,0,264.12,0.0,1,3.92,7.56,SPY181203P00270000,270.0,0,0.0,0.0,,0.0,normalDay
2018-11-21,0.0,-247.0,0.0,0,265.02,0.0,1,3.92,6.39,SPY181203P00270000,270.0,0,0.0,0.0,,0.0,normalDay
2018-11-23,0.0,-401.0,0.0,0,263.25,0.0,1,3.92,7.93,SPY181203P00270000,270.0,0,0.0,0.0,,0.0,normalDay
2018-11-26,0.0,10.0,0.0,0,267.5,0.0,1,3.92,3.82,SPY181203P00270000,270.0,0,0.0,0.0,,0.0,normalDay
2018-11-27,0.0,49.0,0.0,0,268.4,0.0,1,3.92,3.43,SPY181203P00270000,270.0,0,0.0,0.0,,0.0,normalDay
2018-11-28,0.0,284.0,0.0,0,274.58,0.0,1,3.92,1.08,SPY181203P00270000,270.0,0,0.0,0.0,,0.0,normalDay
2018-11-29,0.0,286.0,0.0,0,273.98,0.0,1,3.92,1.06,SPY181203P00270000,270.0,0,0.0,0.0,,0.0,normalDay
2018-11-30,0.0,327.0,0.0,0,275.65,0.0,1,3.92,0.65,SPY181203P00270000,270.0,0,0.0,0.0,,0.0,normalDay
2018-12-03,392.0,0.0,392.0,0,279.3,0.0,1,3.92,0.0,SPY181203P00270000,270.0,0,0.0,0.0,,0.0,expirationDay
2018-12-04,392.0,-12.0,0.0,0,270.25,0.0,1,5.4,5.52,SPY190104P00269000,269.0,0,0.0,0.0,,0.0,normalDay
2018-12-06,392.0,-20.0,0.0,0,269.84,0.0,1,5.4,5.6,SPY190104P00269000,269.0,0,0.0,0.0,,0.0,normalDay
2018-12-07,392.0,-416.0,0.0,0,263.57,0.0,1,5.4,9.56,SPY190104P00269000,269.0,0,0.0,0.0,,0.0,normalDay
2018-12-10,392.0,-296.0,0.0,0,264.07,0.0,1,5.4,8.36,SPY190104P00269000,269.0,0,0.0,0.0,,0.0,normalDay
2018-12-11,392.0,-282.0,0.0,0,264.13,0.0,1,5.4,8.22,SPY190104P00269000,269.0,0,0.0,0.0,,0.0,normalDay
2018-12-12,392.0,-213.0,0.0,0,265.46,0.0,1,5.4,7.53,SPY190104P00269000,269.0,0,0.0,0.0,,0.0,normalDay
2018-12-13,392.0,-187.0,0.0,0,265.37,0.0,1,5.4,7.27,SPY190104P00269000,269.0,0,0.0,0.0,,0.0,normalDay
2018-12-14,392.0,-527.0,0.0,0,260.47,0.0,1,5.4,10.67,SPY190104P00269000,269.0,0,0.0,0.0,,0.0,normalDay
2018-12-17,392.0,-986.0,0.0,0,255.36,0.0,1,5.4,15.26,SPY190104P00269000,269.0,0,0.0,0.0,,0.0,normalDay
2018-12-18,392.0,-1078.0,0.0,0,255.08,0.0,1,5.4,16.18,SPY190104P00269000,269.0,0,0.0,0.0,,0.0,normalDay
2018-12-19,392.0,-1382.0,0.0,0,251.26,0.0,1,5.4,19.22,SPY190104P00269000,269.0,0,0.0,0.0,,0.0,normalDay
2018-12-20,392.0,-1721.0,0.0,0,247.17,0.0,1,5.4,22.61,SPY190104P00269000,269.0,0,0.0,0.0,,0.0,normalDay
2018-12-21,392.0,-2365.0,0.0,0,240.7,0.0,1,5.4,29.05,SPY190104P00269000,269.0,0,0.0,0.0,,0.0,normalDay
2018-12-24,392.0,-3150.0,0.0,0,234.34,0.0,1,5.4,36.9,SPY190104P00269000,269.0,0,0.0,0.0,,0.0,normalDay
2018-12-26,392.0,-1742.0,0.0,0,246.18,0.0,1,5.4,22.82,SPY190104P00269000,269.0,0,0.0,0.0,,0.0,normalDay
2018-12-27,392.0,-1514.0,0.0,0,248.07,0.0,1,5.4,20.54,SPY190104P00269000,269.0,0,0.0,0.0,,0.0,normalDay
2018-12-28,392.0,-1599.0,0.0,0,247.75,0.0,1,5.4,21.39,SPY190104P00269000,269.0,0,0.0,0.0,,0.0,normalDay
2018-12-31,392.0,-1401.0,0.0,0,249.92,0.0,1,5.4,19.41,SPY190104P00269000,269.0,0,0.0,0.0,,0.0,normalDay
2019-01-02,392.0,-1350.0,0.0,0,250.18,0.0,1,5.4,18.9,SPY190104P00269000,269.0,0,0.0,0.0,,0.0,normalDay
2019-01-03,392.0,-1968.0,0.0,0,244.21,0.0,1,5.4,25.08,SPY190104P00269000,269.0,0,0.0,0.0,,0.0,normalDay
2019-01-04,932.0,-1661.0,540.0,100,252.39,269.0,1,5.4,0.0,SPY190104P00269000,269.0,0,0.0,0.0,,0.0,expirationDay
2019-01-07,932.0,-1465.0,0.0,100,254.38,269.0,0,0.0,0.0,,0.0,1,0.03,0.06,SPY190111C00266000,266.0,normalDay
2019-01-08,932.0,-1226.0,0.0,100,256.77,269.0,0,0.0,0.0,,0.0,1,0.03,0.06,SPY190111C00266000,266.0,normalDay
2019-01-09,932.0,-1104.0,0.0,100,257.97,269.0,0,0.0,0.0,,0.0,1,0.03,0.04,SPY190111C00266000,266.0,normalDay
2019-01-10,932.0,-1010.0,0.0,100,258.88,269.0,0,0.0,0.0,,0.0,1,0.03,0.01,SPY190111C00266000,266.0,normalDay
2019-01-11,935.0,-1002.0,3.0,100,258.98,269.0,0,0.0,0.0,,0.0,1,0.03,0.0,SPY190111C00266000,266.0,expirationDay
2019-01-14,935.0,-1163.0,0.0,100,257.4,269.0,0,0.0,0.0,,0.0,1,0.35,0.38,SPY190118C00261500,261.5,normalDay
2019-01-15,935.0,-928.0,0.0,100,260.35,269.0,0,0.0,0.0,,0.0,1,0.35,0.98,SPY190118C00261500,261.5,normalDay
2019-01-16,935.0,-864.0,0.0,100,260.98,269.0,0,0.0,0.0,,0.0,1,0.35,0.97,SPY190118C00261500,261.5,normalDay
2019-01-17,935.0,-762.0,0.0,100,262.96,269.0,0,0.0,0.0,,0.0,1,0.35,1.93,SPY190118C00261500,261.5,normalDay
2019-01-18,220.0,-762.0,-715.0,0,266.46,0.0,0,0.0,0.0,,0.0,1,0.35,0.0,SPY190118C00261500,261.5,expirationDay
2019-01-22,220.0,-4.0,0.0,0,262.86,0.0,1,1.63,1.67,SPY190222P00248000,248.0,0,0.0,0.0,,0.0,normalDay
2019-01-23,220.0,15.0,0.0,0,263.41,0.0,1,1.63,1.48,SPY190222P00248000,248.0,0,0.0,0.0,,0.0,normalDay
2019-01-24,220.0,33.0,0.0,0,263.55,0.0,1,1.63,1.3,SPY190222P00248000,248.0,0,0.0,0.0,,0.0,normalDay
2019-01-25,220.0,82.0,0.0,0,265.78,0.0,1,1.63,0.81,SPY190222P00248000,248.0,0,0.0,0.0,,0.0,normalDay
2019-01-28,220.0,63.0,0.0,0,263.76,0.0,1,1.63,1.0,SPY190222P00248000,248.0,0,0.0,0.0,,0.0,normalDay
2019-01-29,220.0,58.0,0.0,0,263.41,0.0,1,1.63,1.05,SPY190222P00248000,248.0,0,0.0,0.0,,0.0,normalDay
2019-01-30,220.0,108.0,0.0,0,267.58,0.0,1,1.63,0.55,SPY190222P00248000,248.0,0,0.0,0.0,,0.0,normalDay
2019-01-31,220.0,129.0,0.0,0,269.93,0.0,1,1.63,0.34,SPY190222P00248000,248.0,0,0.0,0.0,,0.0,normalDay
2019-02-01,220.0,134.0,0.0,0,270.06,0.0,1,1.63,0.29,SPY190222P00248000,248.0,0,0.0,0.0,,0.0,normalDay
2019-02-04,220.0,145.0,0.0,0,271.96,0.0,1,1.63,0.18,SPY190222P00248000,248.0,0,0.0,0.0,,0.0,normalDay
2019-02-05,220.0,149.0,0.0,0,273.1,0.0,1,1.63,0.14,SPY190222P00248000,248.0,0,0.0,0.0,,0.0,normalDay
2019-02-06,220.0,151.0,0.0,0,272.74,0.0,1,1.63,0.12,SPY190222P00248000,248.0,0,0.0,0.0,,0.0,normalDay
2019-02-07,220.0,145.0,0.0,0,270.14,0.0,1,1.63,0.18,SPY190222P00248000,248.0,0,0.0,0.0,,0.0,normalDay
2019-02-08,220.0,152.0,0.0,0,270.47,0.0,1,1.63,0.11,SPY190222P00248000,248.0,0,0.0,0.0,,0.0,normalDay
2019-02-11,220.0,155.0,0.0,0,270.62,0.0,1,1.63,0.08,SPY190222P00248000,248.0,0,0.0,0.0,,0.0,normalDay
2019-02-12,220.0,158.0,0.0,0,274.1,0.0,1,1.63,0.05,SPY190222P00248000,248.0,0,0.0,0.0,,0.0,normalDay
2019-02-13,220.0,159.0,0.0,0,274.99,0.0,1,1.63,0.04,SPY190222P00248000,248.0,0,0.0,0.0,,0.0,normalDay
2019-02-14,220.0,159.0,0.0,0,274.38,0.0,1,1.63,0.04,SPY190222P00248000,248.0,0,0.0,0.0,,0.0,normalDay
2019-02-15,220.0,161.0,0.0,0,277.37,0.0,1,1.63,0.02,SPY190222P00248000,248.0,0,0.0,0.0,,0.0,normalDay
2019-02-19,220.0,162.0,0.0,0,277.85,0.0,1,1.63,0.01,SPY190222P00248000,248.0,0,0.0,0.0,,0.0,normalDay
2019-02-20,220.0,162.0,0.0,0,278.41,0.0,1,1.63,0.01,SPY190222P00248000,248.0,0,0.0,0.0,,0.0,normalDay
2019-02-21,220.0,162.0,0.0,0,277.42,0.0,1,1.63,0.01,SPY190222P00248000,248.0,0,0.0,0.0,,0.0,normalDay
2019-02-22,383.0,0.0,163.0,0,279.14,0.0,1,1.63,0.0,SPY190222P00248000,248.0,0,0.0,0.0,,0.0,expirationDay
2019-02-25,383.0,-5.0,0.0,0,279.52,0.0,1,1.63,1.68,SPY190329P00270000,270.0,0,0.0,0.0,,0.0,normalDay
2019-02-26,383.0,-11.0,0.0,0,279.32,0.0,1,1.63,1.74,SPY190329P00270000,270.0,0,0.0,0.0,,0.0,normalDay
2019-02-27,383.0,-2.0,0.0,0,279.2,0.0,1,1.63,1.65,SPY190329P00270000,270.0,0,0.0,0.0,,0.0,normalDay
2019-02-28,383.0,-8.0,0.0,0,278.68,0.0,1,1.63,1.71,SPY190329P00270000,270.0,0,0.0,0.0,,0.0,normalDay
2019-03-01,383.0,46.0,0.0,0,280.42,0.0,1,1.63,1.17,SPY190329P00270000,270.0,0,0.0,0.0,,0.0,normalDay
2019-03-04,383.0,20.0,0.0,0,279.4,0.0,1,1.63,1.43,SPY190329P00270000,270.0,0,0.0,0.0,,0.0,normalDay
2019-03-05,383.0,17.0,0.0,0,279.02,0.0,1,1.63,1.46,SPY190329P00270000,270.0,0,0.0,0.0,,0.0,normalDay
2019-03-06,383.0,-22.0,0.0,0,277.33,0.0,1,1.63,1.85,SPY190329P00270000,270.0,0,0.0,0.0,,0.0,normalDay
2019-03-07,383.0,-82.0,0.0,0,275.01,0.0,1,1.63,2.45,SPY190329P00270000,270.0,0,0.0,0.0,,0.0,normalDay
2019-03-08,383.0,-75.0,0.0,0,274.46,0.0,1,1.63,2.38,SPY190329P00270000,270.0,0,0.0,0.0,,0.0,normalDay
2019-03-11,383.0,50.0,0.0,0,278.44,0.0,1,1.63,1.13,SPY190329P00270000,270.0,0,0.0,0.0,,0.0,normalDay
2019-03-12,383.0,78.0,0.0,0,279.49,0.0,1,1.63,0.85,SPY190329P00270000,270.0,0,0.0,0.0,,0.0,normalDay
2019-03-13,383.0,109.0,0.0,0,281.34,0.0,1,1.63,0.54,SPY190329P00270000,270.0,0,0.0,0.0,,0.0,normalDay
2019-03-14,383.0,111.0,0.0,0,281.16,0.0,1,1.63,0.52,SPY190329P00270000,270.0,0,0.0,0.0,,0.0,normalDay
2019-03-15,383.0,132.0,0.0,0,281.31,0.0,1,1.63,0.31,SPY190329P00270000,270.0,0,0.0,0.0,,0.0,normalDay
2019-03-18,383.0,141.0,0.0,0,282.33,0.0,1,1.63,0.22,SPY190329P00270000,270.0,0,0.0,0.0,,0.0,normalDay
2019-03-19,383.0,139.0,0.0,0,282.4,0.0,1,1.63,0.24,SPY190329P00270000,270.0,0,0.0,0.0,,0.0,normalDay
2019-03-20,383.0,140.0,0.0,0,281.55,0.0,1,1.63,0.23,SPY190329P00270000,270.0,0,0.0,0.0,,0.0,normalDay
2019-03-21,383.0,153.0,0.0,0,284.73,0.0,1,1.63,0.1,SPY190329P00270000,270.0,0,0.0,0.0,,0.0,normalDay
2019-03-22,383.0,126.0,0.0,0,279.25,0.0,1,1.63,0.37,SPY190329P00270000,270.0,0,0.0,0.0,,0.0,normalDay
2019-03-25,383.0,146.0,0.0,0,279.04,0.0,1,1.63,0.17,SPY190329P00270000,270.0,0,0.0,0.0,,0.0,normalDay
2019-03-26,383.0,158.0,0.0,0,281.12,0.0,1,1.63,0.05,SPY190329P00270000,270.0,0,0.0,0.0,,0.0,normalDay
2019-03-27,383.0,158.0,0.0,0,279.65,0.0,1,1.63,0.05,SPY190329P00270000,270.0,0,0.0,0.0,,0.0,normalDay
2019-03-28,383.0,162.0,0.0,0,280.71,0.0,1,1.63,0.01,SPY190329P00270000,270.0,0,0.0,0.0,,0.0,normalDay
2019-03-29,546.0,0.0,163.0,0,282.48,0.0,1,1.63,0.0,SPY190329P00270000,270.0,0,0.0,0.0,,0.0,expirationDay
2019-04-01,546.0,-3.0,0.0,0,285.83,0.0,1,1.64,1.67,SPY190503P00278000,278.0,0,0.0,0.0,,0.0,normalDay
2019-04-02,546.0,9.0,0.0,0,285.97,0.0,1,1.64,1.55,SPY190503P00278000,278.0,0,0.0,0.0,,0.0,normalDay
2019-04-03,546.0,17.0,0.0,0,286.42,0.0,1,1.64,1.47,SPY190503P00278000,278.0,0,0.0,0.0,,0.0,normalDay
2019-04-04,546.0,36.0,0.0,0,287.18,0.0,1,1.64,1.28,SPY190503P00278000,278.0,0,0.0,0.0,,0.0,normalDay
2019-04-05,546.0,69.0,0.0,0,288.57,0.0,1,1.64,0.95,SPY190503P00278000,278.0,0,0.0,0.0,,0.0,normalDay
2019-04-08,546.0,76.0,0.0,0,288.79,0.0,1,1.64,0.88,SPY190503P00278000,278.0,0,0.0,0.0,,0.0,normalDay
2019-04-09,546.0,42.0,0.0,0,287.31,0.0,1,1.64,1.22,SPY190503P00278000,278.0,0,0.0,0.0,,0.0,normalDay
2019-04-10,546.0,79.0,0.0,0,288.29,0.0,1,1.64,0.85,SPY190503P00278000,278.0,0,0.0,0.0,,0.0,normalDay
2019-04-11,546.0,82.0,0.0,0,288.21,0.0,1,1.64,0.82,SPY190503P00278000,278.0,0,0.0,0.0,,0.0,normalDay
2019-04-12,546.0,113.0,0.0,0,290.16,0.0,1,1.64,0.51,SPY190503P00278000,278.0,0,0.0,0.0,,0.0,normalDay
2019-04-15,546.0,116.0,0.0,0,289.97,0.0,1,1.64,0.48,SPY190503P00278000,278.0,0,0.0,0.0,,0.0,normalDay
2019-04-16,546.0,121.0,0.0,0,290.16,0.0,1,1.64,0.43,SPY190503P00278000,278.0,0,0.0,0.0,,0.0,normalDay
2019-04-17,546.0,117.0,0.0,0,289.45,0.0,1,1.64,0.47,SPY190503P00278000,278.0,0,0.0,0.0,,0.0,normalDay
2019-04-18,546.0,130.0,0.0,0,290.02,0.0,1,1.64,0.34,SPY190503P00278000,278.0,0,0.0,0.0,,0.0,normalDay
2019-04-22,546.0,141.0,0.0,0,290.27,0.0,1,1.64,0.23,SPY190503P00278000,278.0,0,0.0,0.0,,0.0,normalDay
2019-04-23,546.0,148.0,0.0,0,292.88,0.0,1,1.64,0.16,SPY190503P00278000,278.0,0,0.0,0.0,,0.0,normalDay
2019-04-24,546.0,147.0,0.0,0,292.23,0.0,1,1.64,0.17,SPY190503P00278000,278.0,0,0.0,0.0,,0.0,normalDay
2019-04-25,546.0,150.0,0.0,0,292.05,0.0,1,1.64,0.14,SPY190503P00278000,278.0,0,0.0,0.0,,0.0,normalDay
2019-04-26,546.0,154.0,0.0,0,293.41,0.0,1,1.64,0.1,SPY190503P00278000,278.0,0,0.0,0.0,,0.0,normalDay
2019-04-29,546.0,159.0,0.0,0,293.87,0.0,1,1.64,0.05,SPY190503P00278000,278.0,0,0.0,0.0,,0.0,normalDay
2019-04-30,546.0,160.0,0.0,0,294.02,0.0,1,1.64,0.04,SPY190503P00278000,278.0,0,0.0,0.0,,0.0,normalDay
2019-05-01,546.0,159.0,0.0,0,291.81,0.0,1,1.64,0.05,SPY190503P00278000,278.0,0,0.0,0.0,,0.0,normalDay
2019-05-02,546.0,162.0,0.0,0,291.18,0.0,1,1.64,0.02,SPY190503P00278000,278.0,0,0.0,0.0,,0.0,normalDay
2019-05-03,710.0,0.0,164.0,0,294.03,0.0,1,1.64,0.0,SPY190503P00278000,278.0,0,0.0,0.0,,0.0,expirationDay
2019-05-06,710.0,-5.0,0.0,0,292.82,0.0,1,3.18,3.23,SPY190607P00290000,290.0,0,0.0,0.0,,0.0,normalDay
2019-05-07,710.0,-293.0,0.0,0,287.93,0.0,1,3.18,6.11,SPY190607P00290000,290.0,0,0.0,0.0,,0.0,normalDay
2019-05-08,710.0,-290.0,0.0,0,287.53,0.0,1,3.18,6.08,SPY190607P00290000,290.0,0,0.0,0.0,,0.0,normalDay
2019-05-09,710.0,-325.0,0.0,0,286.66,0.0,1,3.18,6.43,SPY190607P00290000,290.0,0,0.0,0.0,,0.0,normalDay
2019-05-10,710.0,-191.0,0.0,0,288.1,0.0,1,3.18,5.09,SPY190607P00290000,290.0,0,0.0,0.0,,0.0,normalDay
2019-05-13,710.0,-701.0,0.0,0,280.86,0.0,1,3.18,10.19,SPY190607P00290000,290.0,0,0.0,0.0,,0.0,normalDay
2019-05-14,710.0,-467.0,0.0,0,283.4,0.0,1,3.18,7.85,SPY190607P00290000,290.0,0,0.0,0.0,,0.0,normalDay
2019-05-15,710.0,-311.0,0.0,0,285.06,0.0,1,3.18,6.29,SPY190607P00290000,290.0,0,0.0,0.0,,0.0,normalDay
2019-05-16,710.0,-144.0,0.0,0,287.7,0.0,1,3.18,4.62,SPY190607P00290000,290.0,0,0.0,0.0,,0.0,normalDay
2019-05-17,710.0,-249.0,0.0,0,285.84,0.0,1,3.18,5.67,SPY190607P00290000,290.0,0,0.0,0.0,,0.0,normalDay
2019-05-20,710.0,-353.0,0.0,0,283.95,0.0,1,3.18,6.71,SPY190607P00290000,290.0,0,0.0,0.0,,0.0,normalDay
2019-05-21,710.0,-161.0,0.0,0,286.51,0.0,1,3.18,4.79,SPY190607P00290000,290.0,0,0.0,0.0,,0.0,normalDay
2019-05-22,710.0,-205.0,0.0,0,285.63,0.0,1,3.18,5.23,SPY190607P00290000,290.0,0,0.0,0.0,,0.0,normalDay
2019-05-23,710.0,-522.0,0.0,0,282.14,0.0,1,3.18,8.4,SPY190607P00290000,290.0,0,0.0,0.0,,0.0,normalDay
2019-05-24,710.0,-425.0,0.0,0,282.78,0.0,1,3.18,7.43,SPY190607P00290000,290.0,0,0.0,0.0,,0.0,normalDay
2019-05-28,710.0,-641.0,0.0,0,280.15,0.0,1,3.18,9.59,SPY190607P00290000,290.0,0,0.0,0.0,,0.0,normalDay
2019-05-29,710.0,-856.0,0.0,0,278.27,0.0,1,3.18,11.74,SPY190607P00290000,290.0,0,0.0,0.0,,0.0,normalDay
2019-05-30,710.0,-785.0,0.0,0,279.03,0.0,1,3.18,11.03,SPY190607P00290000,290.0,0,0.0,0.0,,0.0,normalDay
2019-05-31,710.0,-1165.0,0.0,0,275.27,0.0,1,3.18,14.83,SPY190607P00290000,290.0,0,0.0,0.0,,0.0,normalDay
2019-06-03,710.0,-1208.0,0.0,0,274.57,0.0,1,3.18,15.26,SPY190607P00290000,290.0,0,0.0,0.0,,0.0,normalDay
2019-06-04,710.0,-638.0,0.0,0,280.53,0.0,1,3.18,9.56,SPY190607P00290000,290.0,0,0.0,0.0,,0.0,normalDay
2019-06-05,710.0,-399.0,0.0,0,282.96,0.0,1,3.18,7.17,SPY190607P00290000,290.0,0,0.0,0.0,,0.0,normalDay
2019-06-06,710.0,-219.0,0.0,0,284.8,0.0,1,3.18,5.37,SPY190607P00290000,290.0,0,0.0,0.0,,0.0,normalDay
2019-06-07,1028.0,-235.0,318.0,100,287.65,290.0,1,3.18,0.0,SPY190607P00290000,290.0,0,0.0,0.0,,0.0,expirationDay
2019-06-10,1028.0,-107.0,0.0,100,288.97,290.0,0,0.0,0.0,,0.0,1,1.81,1.85,SPY190614C00289000,289.0,normalDay
2019-06-11,1028.0,-75.0,0.0,100,288.9,290.0,0,0.0,0.0,,0.0,1,1.81,1.46,SPY190614C00289000,289.0,normalDay
2019-06-12,1028.0,-66.0,0.0,100,288.39,290.0,0,0.0,0.0,,0.0,1,1.81,0.86,SPY190614C00289000,289.0,normalDay
2019-06-13,1028.0,16.0,0.0,100,289.58,290.0,0,0.0,0.0,,0.0,1,1.81,1.23,SPY190614C00289000,289.0,normalDay
2019-06-14,1109.0,16.0,81.0,0,289.26,0.0,0,0.0,0.0,,0.0,1,1.81,0.0,SPY190614C00289000,289.0,expirationDay
2019-06-17,1109.0,-3.0,0.0,0,289.37,0.0,1,2.38,2.41,SPY190719P00281000,281.0,0,0.0,0.0,,0.0,normalDay
2019-06-18,1109.0,59.0,0.0,0,292.4,0.0,1,2.38,1.79,SPY190719P00281000,281.0,0,0.0,0.0,,0.0,normalDay
2019-06-19,1109.0,96.0,0.0,0,293.06,0.0,1,2.38,1.42,SPY190719P00281000,281.0,0,0.0,0.0,,0.0,normalDay
2019-06-20,1109.0,129.0,0.0,0,295.86,0.0,1,2.38,1.09,SPY190719P00281000,281.0,0,0.0,0.0,,0.0,normalDay
2019-06-21,1109.0,120.0,0.0,0,294.0,0.0,1,2.38,1.18,SPY190719P00281000,281.0,0,0.0,0.0,,0.0,normalDay
2019-06-24,1109.0,129.0,0.0,0,293.64,0.0,1,2.38,1.09,SPY190719P00281000,281.0,0,0.0,0.0,,0.0,normalDay
2019-06-25,1109.0,80.0,0.0,0,290.76,0.0,1,2.38,1.58,SPY190719P00281000,281.0,0,0.0,0.0,,0.0,normalDay
2019-06-26,1109.0,79.0,0.0,0,290.47,0.0,1,2.38,1.59,SPY190719P00281000,281.0,0,0.0,0.0,,0.0,normalDay
2019-06-27,1109.0,114.0,0.0,0,291.5,0.0,1,2.38,1.24,SPY190719P00281000,281.0,0,0.0,0.0,,0.0,normalDay
2019-06-28,1109.0,145.0,0.0,0,293.0,0.0,1,2.38,0.93,SPY190719P00281000,281.0,0,0.0,0.0,,0.0,normalDay
2019-07-01,1109.0,194.0,0.0,0,295.66,0.0,1,2.38,0.44,SPY190719P00281000,281.0,0,0.0,0.0,,0.0,normalDay
2019-07-02,1109.0,211.0,0.0,0,296.43,0.0,1,2.38,0.27,SPY190719P00281000,281.0,0,0.0,0.0,,0.0,normalDay
2019-07-03,1109.0,220.0,0.0,0,298.8,0.0,1,2.38,0.18,SPY190719P00281000,281.0,0,0.0,0.0,,0.0,normalDay
2019-07-05,1109.0,220.0,0.0,0,298.46,0.0,1,2.38,0.18,SPY190719P00281000,281.0,0,0.0,0.0,,0.0,normalDay
2019-07-08,1109.0,223.0,0.0,0,296.82,0.0,1,2.38,0.15,SPY190719P00281000,281.0,0,0.0,0.0,,0.0,normalDay
2019-07-09,1109.0,225.0,0.0,0,297.19,0.0,1,2.38,0.13,SPY190719P00281000,281.0,0,0.0,0.0,,0.0,normalDay
2019-07-10,1109.0,231.0,0.0,0,298.61,0.0,1,2.38,0.07,SPY190719P00281000,281.0,0,0.0,0.0,,0.0,normalDay
2019-07-11,1109.0,231.0,0.0,0,299.31,0.0,1,2.38,0.07,SPY190719P00281000,281.0,0,0.0,0.0,,0.0,normalDay
2019-07-12,1109.0,234.0,0.0,0,300.65,0.0,1,2.38,0.04,SPY190719P00281000,281.0,0,0.0,0.0,,0.0,normalDay
2019-07-15,1109.0,234.0,0.0,0,300.75,0.0,1,2.38,0.04,SPY190719P00281000,281.0,0,0.0,0.0,,0.0,normalDay
2019-07-16,1109.0,235.0,0.0,0,299.78,0.0,1,2.38,0.03,SPY190719P00281000,281.0,0,0.0,0.0,,0.0,normalDay
2019-07-17,1109.0,236.0,0.0,0,297.74,0.0,1,2.38,0.02,SPY190719P00281000,281.0,0,0.0,0.0,,0.0,normalDay
2019-07-18,1109.0,237.0,0.0,0,298.83,0.0,1,2.38,0.01,SPY190719P00281000,281.0,0,0.0,0.0,,0.0,normalDay
2019-07-19,1347.0,0.0,238.0,0,297.17,0.0,1,2.38,0.0,SPY190719P00281000,281.0,0,0.0,0.0,,0.0,expirationDay
2019-07-22,1347.0,-5.0,0.0,0,297.9,0.0,1,2.57,2.62,SPY190823P00294000,294.0,0,0.0,0.0,,0.0,normalDay
2019-07-23,1347.0,68.0,0.0,0,300.03,0.0,1,2.57,1.89,SPY190823P00294000,294.0,0,0.0,0.0,,0.0,normalDay
2019-07-24,1347.0,108.0,0.0,0,301.44,0.0,1,2.57,1.49,SPY190823P00294000,294.0,0,0.0,0.0,,0.0,normalDay
2019-07-25,1347.0,73.0,0.0,0,300.0,0.0,1,2.57,1.84,SPY190823P00294000,294.0,0,0.0,0.0,,0.0,normalDay
2019-07-26,1347.0,125.0,0.0,0,302.01,0.0,1,2.57,1.32,SPY190823P00294000,294.0,0,0.0,0.0,,0.0,normalDay
2019-07-29,1347.0,125.0,0.0,0,301.46,0.0,1,2.57,1.32,SPY190823P00294000,294.0,0,0.0,0.0,,0.0,normalDay
2019-07-30,1347.0,89.0,0.0,0,300.72,0.0,1,2.57,1.68,SPY190823P00294000,294.0,0,0.0,0.0,,0.0,normalDay
2019-07-31,1347.0,-23.0,0.0,0,297.43,0.0,1,2.57,2.8,SPY190823P00294000,294.0,0,0.0,0.0,,0.0,normalDay
2019-08-01,1347.0,-143.0,0.0,0,294.84,0.0,1,2.57,4.0,SPY190823P00294000,294.0,0,0.0,0.0,,0.0,normalDay
2019-08-02,1347.0,-227.0,0.0,0,292.62,0.0,1,2.57,4.84,SPY190823P00294000,294.0,0,0.0,0.0,,0.0,normalDay
2019-08-05,1347.0,-918.0,0.0,0,283.82,0.0,1,2.57,11.75,SPY190823P00294000,294.0,0,0.0,0.0,,0.0,normalDay
2019-08-06,1347.0,-505.0,0.0,0,287.8,0.0,1,2.57,7.62,SPY190823P00294000,294.0,0,0.0,0.0,,0.0,normalDay
2019-08-07,1347.0,-476.0,0.0,0,287.97,0.0,1,2.57,7.33,SPY190823P00294000,294.0,0,0.0,0.0,,0.0,normalDay
2019-08-08,1347.0,-97.0,0.0,0,293.62,0.0,1,2.57,3.54,SPY190823P00294000,294.0,0,0.0,0.0,,0.0,normalDay
2019-08-09,1347.0,-191.0,0.0,0,291.62,0.0,1,2.57,4.48,SPY190823P00294000,294.0,0,0.0,0.0,,0.0,normalDay
2019-08-12,1347.0,-458.0,0.0,0,288.07,0.0,1,2.57,7.15,SPY190823P00294000,294.0,0,0.0,0.0,,0.0,normalDay
2019-08-13,1347.0,-112.0,0.0,0,292.55,0.0,1,2.57,3.69,SPY190823P00294000,294.0,0,0.0,0.0,,0.0,normalDay
2019-08-14,1347.0,-773.0,0.0,0,283.9,0.0,1,2.57,10.3,SPY190823P00294000,294.0,0,0.0,0.0,,0.0,normalDay
2019-08-15,1347.0,-688.0,0.0,0,284.65,0.0,1,2.57,9.45,SPY190823P00294000,294.0,0,0.0,0.0,,0.0,normalDay
2019-08-16,1347.0,-320.0,0.0,0,288.85,0.0,1,2.57,5.77,SPY190823P00294000,294.0,0,0.0,0.0,,0.0,normalDay
2019-08-19,1347.0,-39.0,0.0,0,292.33,0.0,1,2.57,2.96,SPY190823P00294000,294.0,0,0.0,0.0,,0.0,normalDay
2019-08-20,1347.0,-204.0,0.0,0,290.09,0.0,1,2.57,4.61,SPY190823P00294000,294.0,0,0.0,0.0,,0.0,normalDay
2019-08-21,1347.0,37.0,0.0,0,292.45,0.0,1,2.57,2.2,SPY190823P00294000,294.0,0,0.0,0.0,,0.0,normalDay
2019-08-22,1347.0,38.0,0.0,0,292.36,0.0,1,2.57,2.19,SPY190823P00294000,294.0,0,0.0,0.0,,0.0,normalDay
2019-08-23,1604.0,-915.0,257.0,100,284.85,294.0,1,2.57,0.0,SPY190823P00294000,294.0,0,0.0,0.0,,0.0,expirationDay
2019-08-26,1604.0,-603.0,0.0,100,288.0,294.0,0,0.0,0.0,,0.0,1,0.04,0.07,SPY190830C00297000,297.0,normalDay
2019-08-27,1604.0,-712.0,0.0,100,286.87,294.0,0,0.0,0.0,,0.0,1,0.04,0.03,SPY190830C00297000,297.0,normalDay
2019-08-28,1604.0,-509.0,0.0,100,288.89,294.0,0,0.0,0.0,,0.0,1,0.04,0.02,SPY190830C00297000,297.0,normalDay
2019-08-29,1604.0,-140.0,0.0,100,292.58,294.0,0,0.0,0.0,,0.0,1,0.04,0.02,SPY190830C00297000,297.0,normalDay
2019-08-30,1608.0,-155.0,4.0,100,292.45,294.0,0,0.0,0.0,,0.0,1,0.04,0.0,SPY190830C00297000,297.0,expirationDay
2019-09-03,1608.0,-329.0,0.0,100,290.74,294.0,0,0.0,0.0,,0.0,1,0.85,0.88,SPY190909C00294000,294.0,normalDay
2019-09-04,1608.0,-86.0,0.0,100,294.04,294.0,0,0.0,0.0,,0.0,1,0.85,1.75,SPY190909C00294000,294.0,normalDay
2019-09-05,1608.0,74.0,0.0,100,297.82,294.0,0,0.0,0.0,,0.0,1,0.85,3.93,SPY190909C00294000,294.0,normalDay
2019-09-06,1608.0,63.0,0.0,100,298.05,294.0,0,0.0,0.0,,0.0,1,0.85,4.27,SPY190909C00294000,294.0,normalDay
2019-09-09,1693.0,63.0,85.0,0,298.2,0.0,0,0.0,0.0,,0.0,1,0.85,0.0,SPY190909C00294000,294.0,expirationDay
2019-09-10,1693.0,-5.0,0.0,0,298.13,0.0,1,2.15,2.2,SPY191011P00288000,288.0,0,0.0,0.0,,0.0,normalDay
2019-09-11,1693.0,50.0,0.0,0,300.25,0.0,1,2.15,1.65,SPY191011P00288000,288.0,0,0.0,0.0,,0.0,normalDay
2019-09-12,1693.0,81.0,0.0,0,301.29,0.0,1,2.15,1.34,SPY191011P00288000,288.0,0,0.0,0.0,,0.0,normalDay
2019-09-13,1693.0,92.0,0.0,0,301.09,0.0,1,2.15,1.23,SPY191011P00288000,288.0,0,0.0,0.0,,0.0,normalDay
2019-09-16,1693.0,82.0,0.0,0,300.16,0.0,1,2.15,1.33,SPY191011P00288000,288.0,0,0.0,0.0,,0.0,normalDay
2019-09-17,1693.0,97.0,0.0,0,300.92,0.0,1,2.15,1.18,SPY191011P00288000,288.0,0,0.0,0.0,,0.0,normalDay
2019-09-18,1693.0,114.0,0.0,0,301.1,0.0,1,2.15,1.01,SPY191011P00288000,288.0,0,0.0,0.0,,0.0,normalDay
2019-09-19,1693.0,116.0,0.0,0,301.08,0.0,1,2.15,0.99,SPY191011P00288000,288.0,0,0.0,0.0,,0.0,normalDay
2019-09-20,1693.0,81.0,0.0,0,298.28,0.0,1,2.15,1.34,SPY191011P00288000,288.0,0,0.0,0.0,,0.0,normalDay
2019-09-23,1693.0,110.0,0.0,0,298.21,0.0,1,2.15,1.05,SPY191011P00288000,288.0,0,0.0,0.0,,0.0,normalDay
2019-09-24,1693.0,47.0,0.0,0,295.87,0.0,1,2.15,1.68,SPY191011P00288000,288.0,0,0.0,0.0,,0.0,normalDay
2019-09-25,1693.0,98.0,0.0,0,297.62,0.0,1,2.15,1.17,SPY191011P00288000,288.0,0,0.0,0.0,,0.0,normalDay
2019-09-26,1693.0,105.0,0.0,0,297.0,0.0,1,2.15,1.1,SPY191011P00288000,288.0,0,0.0,0.0,,0.0,normalDay
2019-09-27,1693.0,66.0,0.0,0,295.4,0.0,1,2.15,1.49,SPY191011P00288000,288.0,0,0.0,0.0,,0.0,normalDay
2019-09-30,1693.0,129.0,0.0,0,296.77,0.0,1,2.15,0.86,SPY191011P00288000,288.0,0,0.0,0.0,,0.0,normalDay
2019-10-01,1693.0,38.0,0.0,0,293.24,0.0,1,2.15,1.77,SPY191011P00288000,288.0,0,0.0,0.0,,0.0,normalDay
2019-10-02,1693.0,-174.0,0.0,0,288.06,0.0,1,2.15,3.89,SPY191011P00288000,288.0,0,0.0,0.0,,0.0,normalDay
2019-10-03,1693.0,-19.0,0.0,0,290.42,0.0,1,2.15,2.34,SPY191011P00288000,288.0,0,0.0,0.0,,0.0,normalDay
2019-10-04,1693.0,129.0,0.0,0,294.35,0.0,1,2.15,0.86,SPY191011P00288000,288.0,0,0.0,0.0,,0.0,normalDay
2019-10-07,1693.0,131.0,0.0,0,293.08,0.0,1,2.15,0.84,SPY191011P00288000,288.0,0,0.0,0.0,,0.0,normalDay
2019-10-08,1693.0,-2.0,0.0,0,288.53,0.0,1,2.15,2.17,SPY191011P00288000,288.0,0,0.0,0.0,,0.0,normalDay
2019-10-09,1693.0,128.0,0.0,0,291.27,0.0,1,2.15,0.87,SPY191011P00288000,288.0,0,0.0,0.0,,0.0,normalDay
2019-10-10,1693.0,188.0,0.0,0,293.24,0.0,1,2.15,0.27,SPY191011P00288000,288.0,0,0.0,0.0,,0.0,normalDay
2019-10-11,1908.0,0.0,215.0,0,296.28,0.0,1,2.15,0.0,SPY191011P00288000,288.0,0,0.0,0.0,,0.0,expirationDay
2019-10-14,1908.0,-3.0,0.0,0,295.95,0.0,1,3.53,3.56,SPY191115P00293000,293.0,0,0.0,0.0,,0.0,normalDay
2019-10-15,1908.0,118.0,0.0,0,298.88,0.0,1,3.53,2.35,SPY191115P00293000,293.0,0,0.0,0.0,,0.0,normalDay
2019-10-16,1908.0,114.0,0.0,0,298.4,0.0,1,3.53,2.39,SPY191115P00293000,293.0,0,0.0,0.0,,0.0,normalDay
2019-10-17,1908.0,134.0,0.0,0,299.28,0.0,1,3.53,2.19,SPY191115P00293000,293.0,0,0.0,0.0,,0.0,normalDay
2019-10-18,1908.0,108.0,0.0,0,297.97,0.0,1,3.53,2.45,SPY191115P00293000,293.0,0,0.0,0.0,,0.0,normalDay
2019-10-21,1908.0,182.0,0.0,0,299.99,0.0,1,3.53,1.71,SPY191115P00293000,293.0,0,0.0,0.0,,0.0,normalDay
2019-10-22,1908.0,159.0,0.0,0,299.01,0.0,1,3.53,1.94,SPY191115P00293000,293.0,0,0.0,0.0,,0.0,normalDay
2019-10-23,1908.0,197.0,0.0,0,299.88,0.0,1,3.53,1.56,SPY191115P00293000,293.0,0,0.0,0.0,,0.0,normalDay
2019-10-24,1908.0,216.0,0.0,0,300.37,0.0,1,3.53,1.37,SPY191115P00293000,293.0,0,0.0,0.0,,0.0,normalDay
2019-10-25,1908.0,258.0,0.0,0,301.6,0.0,1,3.53,0.95,SPY191115P00293000,293.0,0,0.0,0.0,,0.0,normalDay
2019-10-28,1908.0,283.0,0.0,0,303.3,0.0,1,3.53,0.7,SPY191115P00293000,293.0,0,0.0,0.0,,0.0,normalDay
2019-10-29,1908.0,285.0,0.0,0,303.21,0.0,1,3.53,0.68,SPY191115P00293000,293.0,0,0.0,0.0,,0.0,normalDay
2019-10-30,1908.0,307.0,0.0,0,304.14,0.0,1,3.53,0.46,SPY191115P00293000,293.0,0,0.0,0.0,,0.0,normalDay
2019-10-31,1908.0,293.0,0.0,0,303.33,0.0,1,3.53,0.6,SPY191115P00293000,293.0,0,0.0,0.0,,0.0,normalDay
2019-11-01,1908.0,327.0,0.0,0,306.14,0.0,1,3.53,0.26,SPY191115P00293000,293.0,0,0.0,0.0,,0.0,normalDay
2019-11-04,1908.0,334.0,0.0,0,307.37,0.0,1,3.53,0.19,SPY191115P00293000,293.0,0,0.0,0.0,,0.0,normalDay
2019-11-05,1908.0,337.0,0.0,0,307.03,0.0,1,3.53,0.16,SPY191115P00293000,293.0,0,0.0,0.0,,0.0,normalDay
2019-11-06,1908.0,344.0,0.0,0,307.1,0.0,1,3.53,0.09,SPY191115P00293000,293.0,0,0.0,0.0,,0.0,normalDay
2019-11-07,1908.0,346.0,0.0,0,308.18,0.0,1,3.53,0.07,SPY191115P00293000,293.0,0,0.0,0.0,,0.0,normalDay
2019-11-08,1908.0,349.0,0.0,0,308.94,0.0,1,3.53,0.04,SPY191115P00293000,293.0,0,0.0,0.0,,0.0,normalDay
2019-11-11,1908.0,350.0,0.0,0,308.35,0.0,1,3.53,0.03,SPY191115P00293000,293.0,0,0.0,0.0,,0.0,normalDay
2019-11-12,1908.0,351.0,0.0,0,309.0,0.0,1,3.53,0.02,SPY191115P00293000,293.0,0,0.0,0.0,,0.0,normalDay
2019-11-13,1908.0,351.0,0.0,0,309.1,0.0,1,3.53,0.02,SPY191115P00293000,293.0,0,0.0,0.0,,0.0,normalDay
2019-11-14,1908.0,352.0,0.0,0,309.55,0.0,1,3.53,0.01,SPY191115P00293000,293.0,0,0.0,0.0,,0.0,normalDay
2019-11-15,2261.0,0.0,353.0,0,311.79,0.0,1,3.53,0.0,SPY191115P00293000,293.0,0,0.0,0.0,,0.0,expirationDay
2019-11-18,2261.0,-3.0,0.0,0,312.02,0.0,1,1.88,1.91,SPY191220P00303000,303.0,0,0.0,0.0,,0.0,normalDay
2019-11-19,2261.0,-11.0,0.0,0,311.93,0.0,1,1.88,1.99,SPY191220P00303000,303.0,0,0.0,0.0,,0.0,normalDay
2019-11-20,2261.0,-31.0,0.0,0,310.77,0.0,1,1.88,2.19,SPY191220P00303000,303.0,0,0.0,0.0,,0.0,normalDay
2019-11-21,2261.0,-41.0,0.0,0,310.27,0.0,1,1.88,2.29,SPY191220P00303000,303.0,0,0.0,0.0,,0.0,normalDay
2019-11-22,2261.0,-3.0,0.0,0,310.96,0.0,1,1.88,1.91,SPY191220P00303000,303.0,0,0.0,0.0,,0.0,normalDay
2019-11-25,2261.0,60.0,0.0,0,313.37,0.0,1,1.88,1.28,SPY191220P00303000,303.0,0,0.0,0.0,,0.0,normalDay
2019-11-26,2261.0,83.0,0.0,0,314.08,0.0,1,1.88,1.05,SPY191220P00303000,303.0,0,0.0,0.0,,0.0,normalDay
2019-11-27,2261.0,100.0,0.0,0,315.48,0.0,1,1.88,0.88,SPY191220P00303000,303.0,0,0.0,0.0,,0.0,normalDay
2019-11-29,2261.0,78.0,0.0,0,314.31,0.0,1,1.88,1.1,SPY191220P00303000,303.0,0,0.0,0.0,,0.0,normalDay
2019-12-02,2261.0,10.0,0.0,0,311.64,0.0,1,1.88,1.78,SPY191220P00303000,303.0,0,0.0,0.0,,0.0,normalDay
2019-12-03,2261.0,-54.0,0.0,0,309.55,0.0,1,1.88,2.42,SPY191220P00303000,303.0,0,0.0,0.0,,0.0,normalDay
2019-12-04,2261.0,12.0,0.0,0,311.46,0.0,1,1.88,1.76,SPY191220P00303000,303.0,0,0.0,0.0,,0.0,normalDay
2019-12-05,2261.0,48.0,0.0,0,312.02,0.0,1,1.88,1.4,SPY191220P00303000,303.0,0,0.0,0.0,,0.0,normalDay
2019-12-06,2261.0,108.0,0.0,0,314.87,0.0,1,1.88,0.8,SPY191220P00303000,303.0,0,0.0,0.0,,0.0,normalDay
2019-12-09,2261.0,83.0,0.0,0,313.88,0.0,1,1.88,1.05,SPY191220P00303000,303.0,0,0.0,0.0,,0.0,normalDay
2019-12-10,2261.0,100.0,0.0,0,313.53,0.0,1,1.88,0.88,SPY191220P00303000,303.0,0,0.0,0.0,,0.0,normalDay
2019-12-11,2261.0,124.0,0.0,0,314.42,0.0,1,1.88,0.64,SPY191220P00303000,303.0,0,0.0,0.0,,0.0,normalDay
2019-12-12,2261.0,150.0,0.0,0,317.13,0.0,1,1.88,0.38,SPY191220P00303000,303.0,0,0.0,0.0,,0.0,normalDay
2019-12-13,2261.0,163.0,0.0,0,317.32,0.0,1,1.88,0.25,SPY191220P00303000,303.0,0,0.0,0.0,,0.0,normalDay
2019-12-16,2261.0,178.0,0.0,0,319.5,0.0,1,1.88,0.1,SPY191220P00303000,303.0,0,0.0,0.0,,0.0,normalDay
2019-12-17,2261.0,182.0,0.0,0,319.57,0.0,1,1.88,0.06,SPY191220P00303000,303.0,0,0.0,0.0,,0.0,normalDay
2019-12-18,2261.0,184.0,0.0,0,319.59,0.0,1,1.88,0.04,SPY191220P00303000,303.0,0,0.0,0.0,,0.0,normalDay
2019-12-19,2261.0,185.0,0.0,0,320.9,0.0,1,1.88,0.03,SPY191220P00303000,303.0,0,0.0,0.0,,0.0,normalDay
2019-12-20,2449.0,0.0,188.0,0,320.73,0.0,1,1.88,0.0,SPY191220P00303000,303.0,0,0.0,0.0,,0.0,expirationDay
2019-12-23,2449.0,-5.0,0.0,0,321.22,0.0,1,1.67,1.72,SPY200124P00313000,313.0,0,0.0,0.0,,0.0,normalDay
2019-12-24,2449.0,-1.0,0.0,0,321.23,0.0,1,1.67,1.68,SPY200124P00313000,313.0,0,0.0,0.0,,0.0,normalDay
2019-12-26,2449.0,31.0,0.0,0,322.94,0.0,1,1.67,1.36,SPY200124P00313000,313.0,0,0.0,0.0,,0.0,normalDay
2019-12-27,2449.0,14.0,0.0,0,322.86,0.0,1,1.67,1.53,SPY200124P00313000,313.0,0,0.0,0.0,,0.0,normalDay
2019-12-30,2449.0,-21.0,0.0,0,321.08,0.0,1,1.67,1.88,SPY200124P00313000,313.0,0,0.0,0.0,,0.0,normalDay
2019-12-31,2449.0,22.0,0.0,0,321.86,0.0,1,1.67,1.45,SPY200124P00313000,313.0,0,0.0,0.0,,0.0,normalDay
2020-01-02,2449.0,85.0,0.0,0,324.87,0.0,1,1.67,0.82,SPY200124P00313000,313.0,0,0.0,0.0,,0.0,normalDay
2020-01-03,2449.0,35.0,0.0,0,322.41,0.0,1,1.67,1.32,SPY200124P00313000,313.0,0,0.0,0.0,,0.0,normalDay
2020-01-06,2449.0,79.0,0.0,0,323.64,0.0,1,1.67,0.88,SPY200124P00313000,313.0,0,0.0,0.0,,0.0,normalDay
2020-01-07,2449.0,70.0,0.0,0,322.73,0.0,1,1.67,0.97,SPY200124P00313000,313.0,0,0.0,0.0,,0.0,normalDay
2020-01-08,2449.0,98.0,0.0,0,324.45,0.0,1,1.67,0.69,SPY200124P00313000,313.0,0,0.0,0.0,,0.0,normalDay
2020-01-09,2449.0,125.0,0.0,0,326.65,0.0,1,1.67,0.42,SPY200124P00313000,313.0,0,0.0,0.0,,0.0,normalDay
2020-01-10,2449.0,128.0,0.0,0,325.71,0.0,1,1.67,0.39,SPY200124P00313000,313.0,0,0.0,0.0,,0.0,normalDay
2020-01-13,2449.0,151.0,0.0,0,327.95,0.0,1,1.67,0.16,SPY200124P00313000,313.0,0,0.0,0.0,,0.0,normalDay
2020-01-14,2449.0,152.0,0.0,0,327.45,0.0,1,1.67,0.15,SPY200124P00313000,313.0,0,0.0,0.0,,0.0,normalDay
2020-01-15,2449.0,157.0,0.0,0,328.19,0.0,1,1.67,0.1,SPY200124P00313000,313.0,0,0.0,0.0,,0.0,normalDay
2020-01-16,2449.0,160.0,0.0,0,330.92,0.0,1,1.67,0.07,SPY200124P00313000,313.0,0,0.0,0.0,,0.0,normalDay
2020-01-17,2449.0,164.0,0.0,0,331.95,0.0,1,1.67,0.03,SPY200124P00313000,313.0,0,0.0,0.0,,0.0,normalDay
2020-01-21,2449.0,165.0,0.0,0,331.3,0.0,1,1.67,0.02,SPY200124P00313000,313.0,0,0.0,0.0,,0.0,normalDay
2020-01-22,2449.0,166.0,0.0,0,331.34,0.0,1,1.67,0.01,SPY200124P00313000,313.0,0,0.0,0.0,,0.0,normalDay
2020-01-23,2449.0,166.0,0.0,0,331.72,0.0,1,1.67,0.01,SPY200124P00313000,313.0,0,0.0,0.0,,0.0,normalDay
2020-01-24,2616.0,0.0,167.0,0,328.77,0.0,1,1.67,0.0,SPY200124P00313000,313.0,0,0.0,0.0,,0.0,expirationDay
2020-01-27,2616.0,-4.0,0.0,0,323.5,0.0,1,6.2,6.24,SPY200228P00324000,324.0,0,0.0,0.0,,0.0,normalDay
2020-01-28,2616.0,194.0,0.0,0,326.89,0.0,1,6.2,4.26,SPY200228P00324000,324.0,0,0.0,0.0,,0.0,normalDay
2020-01-29,2616.0,185.0,0.0,0,326.62,0.0,1,6.2,4.35,SPY200228P00324000,324.0,0,0.0,0.0,,0.0,normalDay
2020-01-30,2616.0,279.0,0.0,0,327.68,0.0,1,6.2,3.41,SPY200228P00324000,324.0,0,0.0,0.0,,0.0,normalDay
2020-01-31,2616.0,-24.0,0.0,0,321.73,0.0,1,6.2,6.44,SPY200228P00324000,324.0,0,0.0,0.0,,0.0,normalDay
2020-02-03,2616.0,94.0,0.0,0,324.12,0.0,1,6.2,5.26,SPY200228P00324000,324.0,0,0.0,0.0,,0.0,normalDay
2020-02-04,2616.0,342.0,0.0,0,329.06,0.0,1,6.2,2.78,SPY200228P00324000,324.0,0,0.0,0.0,,0.0,normalDay
2020-02-05,2616.0,454.0,0.0,0,332.86,0.0,1,6.2,1.66,SPY200228P00324000,324.0,0,0.0,0.0,,0.0,normalDay
2020-02-06,2616.0,474.0,0.0,0,333.98,0.0,1,6.2,1.46,SPY200228P00324000,324.0,0,0.0,0.0,,0.0,normalDay
2020-02-07,2616.0,443.0,0.0,0,332.2,0.0,1,6.2,1.77,SPY200228P00324000,324.0,0,0.0,0.0,,0.0,normalDay
2020-02-10,2616.0,509.0,0.0,0,334.68,0.0,1,6.2,1.11,SPY200228P00324000,324.0,0,0.0,0.0,,0.0,normalDay
2020-02-11,2616.0,519.0,0.0,0,335.26,0.0,1,6.2,1.01,SPY200228P00324000,324.0,0,0.0,0.0,,0.0,normalDay
2020-02-12,2616.0,562.0,0.0,0,337.42,0.0,1,6.2,0.58,SPY200228P00324000,324.0,0,0.0,0.0,,0.0,normalDay
2020-02-13,2616.0,560.0,0.0,0,337.06,0.0,1,6.2,0.6,SPY200228P00324000,324.0,0,0.0,0.0,,0.0,normalDay
2020-02-14,2616.0,577.0,0.0,0,337.6,0.0,1,6.2,0.43,SPY200228P00324000,324.0,0,0.0,0.0,,0.0,normalDay
2020-02-18,2616.0,581.0,0.0,0,336.73,0.0,1,6.2,0.39,SPY200228P00324000,324.0,0,0.0,0.0,,0.0,normalDay
2020-02-19,2616.0,600.0,0.0,0,338.34,0.0,1,6.2,0.2,SPY200228P00324000,324.0,0,0.0,0.0,,0.0,normalDay
2020-02-20,2616.0,594.0,0.0,0,336.95,0.0,1,6.2,0.26,SPY200228P00324000,324.0,0,0.0,0.0,,0.0,normalDay
2020-02-21,2616.0,572.0,0.0,0,333.48,0.0,1,6.2,0.48,SPY200228P00324000,324.0,0,0.0,0.0,,0.0,normalDay
2020-02-24,2616.0,116.0,0.0,0,322.42,0.0,1,6.2,5.04,SPY200228P00324000,324.0,0,0.0,0.0,,0.0,normalDay
2020-02-25,2616.0,-513.0,0.0,0,312.65,0.0,1,6.2,11.33,SPY200228P00324000,324.0,0,0.0,0.0,,0.0,normalDay
2020-02-26,2616.0,-698.0,0.0,0,311.5,0.0,1,6.2,13.18,SPY200228P00324000,324.0,0,0.0,0.0,,0.0,normalDay
2020-02-27,2616.0,-2061.0,0.0,0,297.51,0.0,1,6.2,26.81,SPY200228P00324000,324.0,0,0.0,0.0,,0.0,normalDay
2020-02-28,3236.0,-2774.0,620.0,100,296.26,324.0,1,6.2,0.0,SPY200228P00324000,324.0,0,0.0,0.0,,0.0,expirationDay
2020-03-02,3236.0,-1491.0,0.0,100,309.09,324.0,0,0.0,0.0,,0.0,0,0.0,0.0,,0.0,bidTooLow
2020-03-03,3236.0,-2376.0,0.0,100,300.24,324.0,0,0.0,0.0,,0.0,0,0.0,0.0,,0.0,bidTooLow
2020-03-04,3236.0,-1114.0,0.0,100,312.86,324.0,0,0.0,0.0,,0.0,0,0.0,0.0,,0.0,bidTooLow
2020-03-05,3236.0,-2154.0,0.0,100,302.46,324.0,0,0.0,0.0,,0.0,0,0.0,0.0,,0.0,bidTooLow
2020-03-06,3236.0,-2654.0,0.0,100,297.46,324.0,0,0.0,0.0,,0.0,0,0.0,0.0,,0.0,bidTooLow
2020-03-09,3236.0,-4977.0,0.0,100,274.23,324.0,0,0.0,0.0,,0.0,0,0.0,0.0,,0.0,bidTooLow
2020-03-10,3236.0,-3558.0,0.0,100,288.42,324.0,0,0.0,0.0,,0.0,0,0.0,0.0,,0.0,bidTooLow
2020-03-11,3236.0,-4964.0,0.0,100,274.36,324.0,0,0.0,0.0,,0.0,0,0.0,0.0,,0.0,bidTooLow
2020-03-12,3236.0,-7589.0,0.0,100,248.11,324.0,0,0.0,0.0,,0.0,0,0.0,0.0,,0.0,bidTooLow
2020-03-13,3236.0,-5468.0,0.0,100,269.32,324.0,0,0.0,0.0,,0.0,0,0.0,0.0,,0.0,bidTooLow
2020-03-16,3236.0,-8415.0,0.0,100,239.85,324.0,0,0.0,0.0,,0.0,0,0.0,0.0,,0.0,bidTooLow
2020-03-17,3236.0,-7120.0,0.0,100,252.8,324.0,0,0.0,0.0,,0.0,0,0.0,0.0,,0.0,bidTooLow
2020-03-18,3236.0,-8400.0,0.0,100,240.0,324.0,0,0.0,0.0,,0.0,0,0.0,0.0,,0.0,bidTooLow
2020-03-19,3236.0,-8349.0,0.0,100,240.51,324.0,0,0.0,0.0,,0.0,0,0.0,0.0,,0.0,bidTooLow
2020-03-20,3236.0,-9520.0,0.0,100,228.8,324.0,0,0.0,0.0,,0.0,0,0.0,0.0,,0.0,bidTooLow
2020-03-23,3236.0,-10105.0,0.0,100,222.95,324.0,0,0.0,0.0,,0.0,0,0.0,0.0,,0.0,bidTooLow
2020-03-24,3236.0,-8085.0,0.0,100,243.15,324.0,0,0.0,0.0,,0.0,0,0.0,0.0,,0.0,bidTooLow
2020-03-25,3236.0,-7721.0,0.0,100,246.79,324.0,0,0.0,0.0,,0.0,0,0.0,0.0,,0.0,bidTooLow
2020-03-26,3236.0,-6280.0,0.0,100,261.2,324.0,0,0.0,0.0,,0.0,0,0.0,0.0,,0.0,bidTooLow
2020-03-27,3236.0,-7058.0,0.0,100,253.42,324.0,0,0.0,0.0,,0.0,0,0.0,0.0,,0.0,bidTooLow
2020-03-30,3236.0,-6239.0,0.0,100,261.65,324.0,0,0.0,0.0,,0.0,1,0.01,0.05,SPY200403C00302000,302.0,normalDay
2020-03-31,3236.0,-6626.0,0.0,100,257.75,324.0,0,0.0,0.0,,0.0,1,0.01,0.02,SPY200403C00302000,302.0,normalDay
2020-04-01,3236.0,-7785.0,0.0,100,246.15,324.0,0,0.0,0.0,,0.0,1,0.01,0.01,SPY200403C00302000,302.0,normalDay
2020-04-02,3236.0,-7217.0,0.0,100,251.83,324.0,0,0.0,0.0,,0.0,1,0.01,0.01,SPY200403C00302000,302.0,normalDay
2020-04-03,3237.0,-7581.0,1.0,100,248.19,324.0,0,0.0,0.0,,0.0,1,0.01,0.0,SPY200403C00302000,302.0,expirationDay
2020-04-06,3237.0,-5918.0,0.0,100,264.86,324.0,0,0.0,0.0,,0.0,1,0.93,0.97,SPY200409C00275000,275.0,normalDay
2020-04-07,3237.0,-5869.0,0.0,100,265.13,324.0,0,0.0,0.0,,0.0,1,0.93,0.75,SPY200409C00275000,275.0,normalDay
2020-04-08,3237.0,-5143.0,0.0,100,274.03,324.0,0,0.0,0.0,,0.0,1,0.93,2.39,SPY200409C00275000,275.0,normalDay
2020-04-09,-1570.0,-5143.0,-4807.0,0,278.2,0.0,0,0.0,0.0,,0.0,1,0.93,0.0,SPY200409C00275000,275.0,expirationDay
2020-04-13,-1570.0,-6.0,0.0,0,275.66,0.0,1,3.73,3.79,SPY200515P00242000,242.0,0,0.0,0.0,,0.0,normalDay
2020-04-14,-1570.0,146.0,0.0,0,283.79,0.0,1,3.73,2.27,SPY200515P00242000,242.0,0,0.0,0.0,,0.0,normalDay
2020-04-15,-1570.0,56.0,0.0,0,277.76,0.0,1,3.73,3.17,SPY200515P00242000,242.0,0,0.0,0.0,,0.0,normalDay
2020-04-16,-1570.0,92.0,0.0,0,279.1,0.0,1,3.73,2.81,SPY200515P00242000,242.0,0,0.0,0.0,,0.0,normalDay
2020-04-17,-1570.0,189.0,0.0,0,286.64,0.0,1,3.73,1.84,SPY200515P00242000,242.0,0,0.0,0.0,,0.0,normalDay
2020-04-20,-1570.0,113.0,0.0,0,281.59,0.0,1,3.73,2.6,SPY200515P00242000,242.0,0,0.0,0.0,,0.0,normalDay
2020-04-21,-1570.0,28.0,0.0,0,273.04,0.0,1,3.73,3.45,SPY200515P00242000,242.0,0,0.0,0.0,,0.0,normalDay
2020-04-22,-1570.0,141.0,0.0,0,279.1,0.0,1,3.73,2.32,SPY200515P00242000,242.0,0,0.0,0.0,,0.0,normalDay
2020-04-23,-1570.0,171.0,0.0,0,279.08,0.0,1,3.73,2.02,SPY200515P00242000,242.0,0,0.0,0.0,,0.0,normalDay
2020-04-24,-1570.0,268.0,0.0,0,282.97,0.0,1,3.73,1.05,SPY200515P00242000,242.0,0,0.0,0.0,,0.0,normalDay
2020-04-27,-1570.0,311.0,0.0,0,287.05,0.0,1,3.73,0.62,SPY200515P00242000,242.0,0,0.0,0.0,,0.0,normalDay
2020-04-28,-1570.0,305.0,0.0,0,285.73,0.0,1,3.73,0.68,SPY200515P00242000,242.0,0,0.0,0.0,,0.0,normalDay
2020-04-29,-1570.0,333.0,0.0,0,293.21,0.0,1,3.73,0.4,SPY200515P00242000,242.0,0,0.0,0.0,,0.0,normalDay
2020-04-30,-1570.0,319.0,0.0,0,290.48,0.0,1,3.73,0.54,SPY200515P00242000,242.0,0,0.0,0.0,,0.0,normalDay
2020-05-01,-1570.0,309.0,0.0,0,282.79,0.0,1,3.73,0.64,SPY200515P00242000,242.0,0,0.0,0.0,,0.0,normalDay
2020-05-04,-1570.0,334.0,0.0,0,283.57,0.0,1,3.73,0.39,SPY200515P00242000,242.0,0,0.0,0.0,,0.0,normalDay
2020-05-05,-1570.0,348.0,0.0,0,286.19,0.0,1,3.73,0.25,SPY200515P00242000,242.0,0,0.0,0.0,,0.0,normalDay
2020-05-06,-1570.0,351.0,0.0,0,284.25,0.0,1,3.73,0.22,SPY200515P00242000,242.0,0,0.0,0.0,,0.0,normalDay
2020-05-07,-1570.0,360.0,0.0,0,287.68,0.0,1,3.73,0.13,SPY200515P00242000,242.0,0,0.0,0.0,,0.0,normalDay
2020-05-08,-1570.0,368.0,0.0,0,292.44,0.0,1,3.73,0.05,SPY200515P00242000,242.0,0,0.0,0.0,,0.0,normalDay
2020-05-11,-1570.0,371.0,0.0,0,292.5,0.0,1,3.73,0.02,SPY200515P00242000,242.0,0,0.0,0.0,,0.0,normalDay
2020-05-12,-1570.0,371.0,0.0,0,286.67,0.0,1,3.73,0.02,SPY200515P00242000,242.0,0,0.0,0.0,,0.0,normalDay
2020-05-13,-1570.0,371.0,0.0,0,281.6,0.0,1,3.73,0.02,SPY200515P00242000,242.0,0,0.0,0.0,,0.0,normalDay
2020-05-14,-1570.0,372.0,0.0,0,284.97,0.0,1,3.73,0.01,SPY200515P00242000,242.0,0,0.0,0.0,,0.0,normalDay
2020-05-15,-1197.0,0.0,373.0,0,286.28,0.0,1,3.73,0.0,SPY200515P00242000,242.0,0,0.0,0.0,,0.0,expirationDay
2020-05-18,-1197.0,-4.0,0.0,0,295.0,0.0,1,5.23,5.27,SPY200619P00282000,282.0,0,0.0,0.0,,0.0,normalDay
2020-05-19,-1197.0,-87.0,0.0,0,291.97,0.0,1,5.23,6.1,SPY200619P00282000,282.0,0,0.0,0.0,,0.0,normalDay
2020-05-20,-1197.0,103.0,0.0,0,296.93,0.0,1,5.23,4.2,SPY200619P00282000,282.0,0,0.0,0.0,,0.0,normalDay
2020-05-21,-1197.0,29.0,0.0,0,294.88,0.0,1,5.23,4.94,SPY200619P00282000,282.0,0,0.0,0.0,,0.0,normalDay
2020-05-22,-1197.0,86.0,0.0,0,295.44,0.0,1,5.23,4.37,SPY200619P00282000,282.0,0,0.0,0.0,,0.0,normalDay
2020-05-26,-1197.0,210.0,0.0,0,299.08,0.0,1,5.23,3.13,SPY200619P00282000,282.0,0,0.0,0.0,,0.0,normalDay
2020-05-27,-1197.0,285.0,0.0,0,303.53,0.0,1,5.23,2.38,SPY200619P00282000,282.0,0,0.0,0.0,,0.0,normalDay
2020-05-28,-1197.0,284.0,0.0,0,302.97,0.0,1,5.23,2.39,SPY200619P00282000,282.0,0,0.0,0.0,,0.0,normalDay
2020-05-29,-1197.0,334.0,0.0,0,304.32,0.0,1,5.23,1.89,SPY200619P00282000,282.0,0,0.0,0.0,,0.0,normalDay
2020-06-01,-1197.0,351.0,0.0,0,305.55,0.0,1,5.23,1.72,SPY200619P00282000,282.0,0,0.0,0.0,,0.0,normalDay
2020-06-02,-1197.0,403.0,0.0,0,308.08,0.0,1,5.23,1.2,SPY200619P00282000,282.0,0,0.0,0.0,,0.0,normalDay
2020-06-03,-1197.0,453.0,0.0,0,312.18,0.0,1,5.23,0.7,SPY200619P00282000,282.0,0,0.0,0.0,,0.0,normalDay
2020-06-04,-1197.0,455.0,0.0,0,311.36,0.0,1,5.23,0.68,SPY200619P00282000,282.0,0,0.0,0.0,,0.0,normalDay
2020-06-05,-1197.0,492.0,0.0,0,319.34,0.0,1,5.23,0.31,SPY200619P00282000,282.0,0,0.0,0.0,,0.0,normalDay
2020-06-08,-1197.0,499.0,0.0,0,323.2,0.0,1,5.23,0.24,SPY200619P00282000,282.0,0,0.0,0.0,,0.0,normalDay
2020-06-09,-1197.0,496.0,0.0,0,320.79,0.0,1,5.23,0.27,SPY200619P00282000,282.0,0,0.0,0.0,,0.0,normalDay
2020-06-10,-1197.0,497.0,0.0,0,319.0,0.0,1,5.23,0.26,SPY200619P00282000,282.0,0,0.0,0.0,,0.0,normalDay
2020-06-11,-1197.0,291.0,0.0,0,300.61,0.0,1,5.23,2.32,SPY200619P00282000,282.0,0,0.0,0.0,,0.0,normalDay
2020-06-12,-1197.0,413.0,0.0,0,304.21,0.0,1,5.23,1.1,SPY200619P00282000,282.0,0,0.0,0.0,,0.0,normalDay
2020-06-15,-1197.0,485.0,0.0,0,307.05,0.0,1,5.23,0.38,SPY200619P00282000,282.0,0,0.0,0.0,,0.0,normalDay
2020-06-16,-1197.0,512.0,0.0,0,312.96,0.0,1,5.23,0.11,SPY200619P00282000,282.0,0,0.0,0.0,,0.0,normalDay
2020-06-17,-1197.0,518.0,0.0,0,311.66,0.0,1,5.23,0.05,SPY200619P00282000,282.0,0,0.0,0.0,,0.0,normalDay
2020-06-18,-1197.0,520.0,0.0,0,311.78,0.0,1,5.23,0.03,SPY200619P00282000,282.0,0,0.0,0.0,,0.0,normalDay
2020-06-19,-674.0,0.0,523.0,0,308.64,0.0,1,5.23,0.0,SPY200619P00282000,282.0,0,0.0,0.0,,0.0,expirationDay
2020-06-22,-674.0,-6.0,0.0,0,310.62,0.0,1,7.65,7.71,SPY200724P00305000,305.0,0,0.0,0.0,,0.0,normalDay
2020-06-23,-674.0,47.0,0.0,0,312.05,0.0,1,7.65,7.18,SPY200724P00305000,305.0,0,0.0,0.0,,0.0,normalDay
2020-06-24,-674.0,-263.0,0.0,0,304.09,0.0,1,7.65,10.28,SPY200724P00305000,305.0,0,0.0,0.0,,0.0,normalDay
2020-06-25,-674.0,-56.0,0.0,0,307.35,0.0,1,7.65,8.21,SPY200724P00305000,305.0,0,0.0,0.0,,0.0,normalDay
2020-06-26,-674.0,-359.0,0.0,0,300.05,0.0,1,7.65,11.24,SPY200724P00305000,305.0,0,0.0,0.0,,0.0,normalDay
2020-06-29,-674.0,-93.0,0.0,0,304.46,0.0,1,7.65,8.58,SPY200724P00305000,305.0,0,0.0,0.0,,0.0,normalDay
2020-06-30,-674.0,102.0,0.0,0,308.36,0.0,1,7.65,6.63,SPY200724P00305000,305.0,0,0.0,0.0,,0.0,normalDay
2020-07-01,-674.0,225.0,0.0,0,310.52,0.0,1,7.65,5.4,SPY200724P00305000,305.0,0,0.0,0.0,,0.0,normalDay
2020-07-02,-674.0,335.0,0.0,0,312.23,0.0,1,7.65,4.3,SPY200724P00305000,305.0,0,0.0,0.0,,0.0,normalDay
2020-07-06,-674.0,468.0,0.0,0,317.05,0.0,1,7.65,2.97,SPY200724P00305000,305.0,0,0.0,0.0,,0.0,normalDay
2020-07-07,-674.0,383.0,0.0,0,313.78,0.0,1,7.65,3.82,SPY200724P00305000,305.0,0,0.0,0.0,,0.0,normalDay
2020-07-08,-674.0,491.0,0.0,0,316.18,0.0,1,7.65,2.74,SPY200724P00305000,305.0,0,0.0,0.0,,0.0,normalDay
2020-07-09,-674.0,443.0,0.0,0,314.38,0.0,1,7.65,3.22,SPY200724P00305000,305.0,0,0.0,0.0,,0.0,normalDay
2020-07-10,-674.0,570.0,0.0,0,317.59,0.0,1,7.65,1.95,SPY200724P00305000,305.0,0,0.0,0.0,,0.0,normalDay
2020-07-13,-674.0,462.0,0.0,0,314.84,0.0,1,7.65,3.03,SPY200724P00305000,305.0,0,0.0,0.0,,0.0,normalDay
2020-07-14,-674.0,590.0,0.0,0,318.92,0.0,1,7.65,1.75,SPY200724P00305000,305.0,0,0.0,0.0,,0.0,normalDay
2020-07-15,-674.0,669.0,0.0,0,321.85,0.0,1,7.65,0.96,SPY200724P00305000,305.0,0,0.0,0.0,,0.0,normalDay
2020-07-16,-674.0,665.0,0.0,0,320.79,0.0,1,7.65,1.0,SPY200724P00305000,305.0,0,0.0,0.0,,0.0,normalDay
2020-07-17,-674.0,729.0,0.0,0,321.72,0.0,1,7.65,0.36,SPY200724P00305000,305.0,0,0.0,0.0,,0.0,normalDay
2020-07-20,-674.0,756.0,0.0,0,324.32,0.0,1,7.65,0.09,SPY200724P00305000,305.0,0,0.0,0.0,,0.0,normalDay
2020-07-21,-674.0,760.0,0.0,0,325.01,0.0,1,7.65,0.05,SPY200724P00305000,305.0,0,0.0,0.0,,0.0,normalDay
2020-07-22,-674.0,762.0,0.0,0,326.86,0.0,1,7.65,0.03,SPY200724P00305000,305.0,0,0.0,0.0,,0.0,normalDay
2020-07-23,-674.0,763.0,0.0,0,322.96,0.0,1,7.65,0.02,SPY200724P00305000,305.0,0,0.0,0.0,,0.0,normalDay
2020-07-24,91.0,0.0,765.0,0,320.88,0.0,1,7.65,0.0,SPY200724P00305000,305.0,0,0.0,0.0,,0.0,expirationDay
2020-07-27,91.0,-5.0,0.0,0,323.22,0.0,1,4.95,5.0,SPY200828P00314000,314.0,0,0.0,0.0,,0.0,normalDay
2020-07-28,91.0,-71.0,0.0,0,321.17,0.0,1,4.95,5.66,SPY200828P00314000,314.0,0,0.0,0.0,,0.0,normalDay
2020-07-29,91.0,75.0,0.0,0,325.12,0.0,1,4.95,4.2,SPY200828P00314000,314.0,0,0.0,0.0,,0.0,normalDay
2020-07-30,91.0,40.0,0.0,0,323.96,0.0,1,4.95,4.55,SPY200828P00314000,314.0,0,0.0,0.0,,0.0,normalDay
2020-07-31,91.0,136.0,0.0,0,326.52,0.0,1,4.95,3.59,SPY200828P00314000,314.0,0,0.0,0.0,,0.0,normalDay
2020-08-03,91.0,200.0,0.0,0,328.79,0.0,1,4.95,2.95,SPY200828P00314000,314.0,0,0.0,0.0,,0.0,normalDay
2020-08-04,91.0,243.0,0.0,0,330.06,0.0,1,4.95,2.52,SPY200828P00314000,314.0,0,0.0,0.0,,0.0,normalDay
2020-08-05,91.0,300.0,0.0,0,332.11,0.0,1,4.95,1.95,SPY200828P00314000,314.0,0,0.0,0.0,,0.0,normalDay
2020-08-06,91.0,338.0,0.0,0,334.33,0.0,1,4.95,1.57,SPY200828P00314000,314.0,0,0.0,0.0,,0.0,normalDay
2020-08-07,91.0,352.0,0.0,0,334.57,0.0,1,4.95,1.43,SPY200828P00314000,314.0,0,0.0,0.0,,0.0,normalDay
2020-08-10,91.0,380.0,0.0,0,335.57,0.0,1,4.95,1.15,SPY200828P00314000,314.0,0,0.0,0.0,,0.0,normalDay
2020-08-11,91.0,327.0,0.0,0,332.8,0.0,1,4.95,1.68,SPY200828P00314000,314.0,0,0.0,0.0,,0.0,normalDay
2020-08-12,91.0,408.0,0.0,0,337.44,0.0,1,4.95,0.87,SPY200828P00314000,314.0,0,0.0,0.0,,0.0,normalDay
2020-08-13,91.0,410.0,0.0,0,336.83,0.0,1,4.95,0.85,SPY200828P00314000,314.0,0,0.0,0.0,,0.0,normalDay
2020-08-14,91.0,431.0,0.0,0,336.84,0.0,1,4.95,0.64,SPY200828P00314000,314.0,0,0.0,0.0,,0.0,normalDay
2020-08-17,91.0,459.0,0.0,0,337.91,0.0,1,4.95,0.36,SPY200828P00314000,314.0,0,0.0,0.0,,0.0,normalDay
2020-08-18,91.0,464.0,0.0,0,338.64,0.0,1,4.95,0.31,SPY200828P00314000,314.0,0,0.0,0.0,,0.0,normalDay
2020-08-19,91.0,459.0,0.0,0,337.23,0.0,1,4.95,0.36,SPY200828P00314000,314.0,0,0.0,0.0,,0.0,normalDay
2020-08-20,91.0,469.0,0.0,0,338.28,0.0,1,4.95,0.26,SPY200828P00314000,314.0,0,0.0,0.0,,0.0,normalDay
2020-08-21,91.0,481.0,0.0,0,339.48,0.0,1,4.95,0.14,SPY200828P00314000,314.0,0,0.0,0.0,,0.0,normalDay
2020-08-24,91.0,490.0,0.0,0,342.92,0.0,1,4.95,0.05,SPY200828P00314000,314.0,0,0.0,0.0,,0.0,normalDay
2020-08-25,91.0,492.0,0.0,0,344.12,0.0,1,4.95,0.03,SPY200828P00314000,314.0,0,0.0,0.0,,0.0,normalDay
2020-08-26,91.0,491.0,0.0,0,347.57,0.0,1,4.95,0.04,SPY200828P00314000,314.0,0,0.0,0.0,,0.0,normalDay
2020-08-27,91.0,493.0,0.0,0,348.33,0.0,1,4.95,0.02,SPY200828P00314000,314.0,0,0.0,0.0,,0.0,normalDay
2020-08-28,586.0,0.0,495.0,0,350.58,0.0,1,4.95,0.0,SPY200828P00314000,314.0,0,0.0,0.0,,0.0,expirationDay
2020-08-31,586.0,-6.0,0.0,0,349.31,0.0,1,4.5,4.56,SPY201002P00335000,335.0,0,0.0,0.0,,0.0,normalDay
2020-09-01,586.0,49.0,0.0,0,352.6,0.0,1,4.5,4.01,SPY201002P00335000,335.0,0,0.0,0.0,,0.0,normalDay
2020-09-02,586.0,132.0,0.0,0,357.7,0.0,1,4.5,3.18,SPY201002P00335000,335.0,0,0.0,0.0,,0.0,normalDay
2020-09-03,586.0,-217.0,0.0,0,345.39,0.0,1,4.5,6.67,SPY201002P00335000,335.0,0,0.0,0.0,,0.0,normalDay
2020-09-04,586.0,-257.0,0.0,0,342.57,0.0,1,4.5,7.07,SPY201002P00335000,335.0,0,0.0,0.0,,0.0,normalDay
2020-09-08,586.0,-581.0,0.0,0,333.21,0.0,1,4.5,10.31,SPY201002P00335000,335.0,0,0.0,0.0,,0.0,normalDay
2020-09-09,586.0,-253.0,0.0,0,339.79,0.0,1,4.5,7.03,SPY201002P00335000,335.0,0,0.0,0.0,,0.0,normalDay
2020-09-10,586.0,-486.0,0.0,0,333.89,0.0,1,4.5,9.36,SPY201002P00335000,335.0,0,0.0,0.0,,0.0,normalDay
2020-09-11,586.0,-443.0,0.0,0,334.06,0.0,1,4.5,8.93,SPY201002P00335000,335.0,0,0.0,0.0,,0.0,normalDay
2020-09-14,586.0,-125.0,0.0,0,338.46,0.0,1,4.5,5.75,SPY201002P00335000,335.0,0,0.0,0.0,,0.0,normalDay
2020-09-15,586.0,-37.0,0.0,0,340.17,0.0,1,4.5,4.87,SPY201002P00335000,335.0,0,0.0,0.0,,0.0,normalDay
2020-09-16,586.0,-79.0,0.0,0,338.82,0.0,1,4.5,5.29,SPY201002P00335000,335.0,0,0.0,0.0,,0.0,normalDay
2020-09-17,586.0,-171.0,0.0,0,335.84,0.0,1,4.5,6.21,SPY201002P00335000,335.0,0,0.0,0.0,,0.0,normalDay
2020-09-18,586.0,-346.0,0.0,0,330.65,0.0,1,4.5,7.96,SPY201002P00335000,335.0,0,0.0,0.0,,0.0,normalDay
2020-09-21,586.0,-536.0,0.0,0,326.97,0.0,1,4.5,9.86,SPY201002P00335000,335.0,0,0.0,0.0,,0.0,normalDay
2020-09-22,586.0,-318.0,0.0,0,330.3,0.0,1,4.5,7.68,SPY201002P00335000,335.0,0,0.0,0.0,,0.0,normalDay
2020-09-23,586.0,-862.0,0.0,0,322.64,0.0,1,4.5,13.12,SPY201002P00335000,335.0,0,0.0,0.0,,0.0,normalDay
2020-09-24,586.0,-753.0,0.0,0,323.5,0.0,1,4.5,12.03,SPY201002P00335000,335.0,0,0.0,0.0,,0.0,normalDay
2020-09-25,586.0,-323.0,0.0,0,328.73,0.0,1,4.5,7.73,SPY201002P00335000,335.0,0,0.0,0.0,,0.0,normalDay
2020-09-28,586.0,65.0,0.0,0,334.19,0.0,1,4.5,3.85,SPY201002P00335000,335.0,0,0.0,0.0,,0.0,normalDay
2020-09-29,586.0,8.0,0.0,0,332.37,0.0,1,4.5,4.42,SPY201002P00335000,335.0,0,0.0,0.0,,0.0,normalDay
2020-09-30,586.0,100.0,0.0,0,334.89,0.0,1,4.5,3.5,SPY201002P00335000,335.0,0,0.0,0.0,,0.0,normalDay
2020-10-01,586.0,331.0,0.0,0,337.04,0.0,1,4.5,1.19,SPY201002P00335000,335.0,0,0.0,0.0,,0.0,normalDay
2020-10-02,1036.0,-116.0,450.0,100,333.84,335.0,1,4.5,0.0,SPY201002P00335000,335.0,0,0.0,0.0,,0.0,expirationDay
2020-10-05,1036.0,472.0,0.0,100,339.76,335.0,0,0.0,0.0,,0.0,1,2.39,2.43,SPY201009C00341000,341.0,normalDay
2020-10-06,1036.0,145.0,0.0,100,334.93,335.0,0,0.0,0.0,,0.0,1,2.39,0.87,SPY201009C00341000,341.0,normalDay
2020-10-07,1036.0,619.0,0.0,100,340.76,335.0,0,0.0,0.0,,0.0,1,2.39,1.96,SPY201009C00341000,341.0,normalDay
2020-10-08,1036.0,805.0,0.0,100,343.78,335.0,0,0.0,0.0,,0.0,1,2.39,3.12,SPY201009C00341000,341.0,normalDay
2020-10-09,1875.0,805.0,839.0,0,346.85,0.0,0,0.0,0.0,,0.0,1,2.39,0.0,SPY201009C00341000,341.0,expirationDay
2020-10-12,1875.0,-7.0,0.0,0,352.43,0.0,1,3.41,3.48,SPY201113P00330000,330.0,0,0.0,0.0,,0.0,normalDay
2020-10-13,1875.0,-54.0,0.0,0,350.13,0.0,1,3.41,3.95,SPY201113P00330000,330.0,0,0.0,0.0,,0.0,normalDay
2020-10-14,1875.0,-88.0,0.0,0,347.93,0.0,1,3.41,4.29,SPY201113P00330000,330.0,0,0.0,0.0,,0.0,normalDay
2020-10-15,1875.0,-96.0,0.0,0,347.5,0.0,1,3.41,4.37,SPY201113P00330000,330.0,0,0.0,0.0,,0.0,normalDay
2020-10-16,1875.0,-108.0,0.0,0,347.29,0.0,1,3.41,4.49,SPY201113P00330000,330.0,0,0.0,0.0,,0.0,normalDay
2020-10-19,1875.0,-215.0,0.0,0,342.01,0.0,1,3.41,5.56,SPY201113P00330000,330.0,0,0.0,0.0,,0.0,normalDay
2020-10-20,1875.0,-197.0,0.0,0,343.38,0.0,1,3.41,5.38,SPY201113P00330000,330.0,0,0.0,0.0,,0.0,normalDay
2020-10-21,1875.0,-152.0,0.0,0,342.73,0.0,1,3.41,4.93,SPY201113P00330000,330.0,0,0.0,0.0,,0.0,normalDay
2020-10-22,1875.0,-92.0,0.0,0,344.61,0.0,1,3.41,4.33,SPY201113P00330000,330.0,0,0.0,0.0,,0.0,normalDay
2020-10-23,1875.0,-46.0,0.0,0,345.78,0.0,1,3.41,3.87,SPY201113P00330000,330.0,0,0.0,0.0,,0.0,normalDay
2020-10-26,1875.0,-273.0,0.0,0,339.39,0.0,1,3.41,6.14,SPY201113P00330000,330.0,0,0.0,0.0,,0.0,normalDay
2020-10-27,1875.0,-296.0,0.0,0,338.22,0.0,1,3.41,6.37,SPY201113P00330000,330.0,0,0.0,0.0,,0.0,normalDay
2020-10-28,1875.0,-930.0,0.0,0,326.66,0.0,1,3.41,12.71,SPY201113P00330000,330.0,0,0.0,0.0,,0.0,normalDay
2020-10-29,1875.0,-616.0,0.0,0,329.98,0.0,1,3.41,9.57,SPY201113P00330000,330.0,0,0.0,0.0,,0.0,normalDay
2020-10-30,1875.0,-746.0,0.0,0,326.54,0.0,1,3.41,10.87,SPY201113P00330000,330.0,0,0.0,0.0,,0.0,normalDay
2020-11-02,1875.0,-501.0,0.0,0,330.2,0.0,1,3.41,8.42,SPY201113P00330000,330.0,0,0.0,0.0,,0.0,normalDay
2020-11-03,1875.0,-286.0,0.0,0,336.03,0.0,1,3.41,6.27,SPY201113P00330000,330.0,0,0.0,0.0,,0.0,normalDay
2020-11-04,1875.0,103.0,0.0,0,343.54,0.0,1,3.41,2.38,SPY201113P00330000,330.0,0,0.0,0.0,,0.0,normalDay
2020-11-05,1875.0,238.0,0.0,0,350.24,0.0,1,3.41,1.03,SPY201113P00330000,330.0,0,0.0,0.0,,0.0,normalDay
2020-11-06,1875.0,299.0,0.0,0,350.16,0.0,1,3.41,0.42,SPY201113P00330000,330.0,0,0.0,0.0,,0.0,normalDay
2020-11-09,1875.0,319.0,0.0,0,354.56,0.0,1,3.41,0.22,SPY201113P00330000,330.0,0,0.0,0.0,,0.0,normalDay
2020-11-10,1875.0,332.0,0.0,0,354.04,0.0,1,3.41,0.09,SPY201113P00330000,330.0,0,0.0,0.0,,0.0,normalDay
2020-11-11,1875.0,337.0,0.0,0,356.67,0.0,1,3.41,0.04,SPY201113P00330000,330.0,0,0.0,0.0,,0.0,normalDay
2020-11-12,1875.0,337.0,0.0,0,353.21,0.0,1,3.41,0.04,SPY201113P00330000,330.0,0,0.0,0.0,,0.0,normalDay
2020-11-13,2216.0,0.0,341.0,0,358.1,0.0,1,3.41,0.0,SPY201113P00330000,330.0,0,0.0,0.0,,0.0,expirationDay
2020-11-16,2216.0,-3.0,0.0,0,362.57,0.0,1,2.69,2.72,SPY201218P00337000,337.0,0,0.0,0.0,,0.0,normalDay
2020-11-17,2216.0,-18.0,0.0,0,360.62,0.0,1,2.69,2.87,SPY201218P00337000,337.0,0,0.0,0.0,,0.0,normalDay
2020-11-18,2216.0,-76.0,0.0,0,356.28,0.0,1,2.69,3.45,SPY201218P00337000,337.0,0,0.0,0.0,,0.0,normalDay
2020-11-19,2216.0,-25.0,0.0,0,357.78,0.0,1,2.69,2.94,SPY201218P00337000,337.0,0,0.0,0.0,,0.0,normalDay
2020-11-20,2216.0,-70.0,0.0,0,355.33,0.0,1,2.69,3.39,SPY201218P00337000,337.0,0,0.0,0.0,,0.0,normalDay
2020-11-23,2216.0,12.0,0.0,0,357.46,0.0,1,2.69,2.57,SPY201218P00337000,337.0,0,0.0,0.0,,0.0,normalDay
2020-11-24,2216.0,102.0,0.0,0,363.22,0.0,1,2.69,1.67,SPY201218P00337000,337.0,0,0.0,0.0,,0.0,normalDay
2020-11-25,2216.0,110.0,0.0,0,362.66,0.0,1,2.69,1.59,SPY201218P00337000,337.0,0,0.0,0.0,,0.0,normalDay
2020-11-27,2216.0,136.0,0.0,0,363.67,0.0,1,2.69,1.33,SPY201218P00337000,337.0,0,0.0,0.0,,0.0,normalDay
2020-11-30,2216.0,152.0,0.0,0,362.06,0.0,1,2.69,1.17,SPY201218P00337000,337.0,0,0.0,0.0,,0.0,normalDay
2020-12-01,2216.0,176.0,0.0,0,366.02,0.0,1,2.69,0.93,SPY201218P00337000,337.0,0,0.0,0.0,,0.0,normalDay
2020-12-02,2216.0,186.0,0.0,0,366.79,0.0,1,2.69,0.83,SPY201218P00337000,337.0,0,0.0,0.0,,0.0,normalDay
2020-12-03,2216.0,189.0,0.0,0,366.69,0.0,1,2.69,0.8,SPY201218P00337000,337.0,0,0.0,0.0,,0.0,normalDay
2020-12-04,2216.0,220.0,0.0,0,369.85,0.0,1,2.69,0.49,SPY201218P00337000,337.0,0,0.0,0.0,,0.0,normalDay
2020-12-07,2216.0,232.0,0.0,0,369.09,0.0,1,2.69,0.37,SPY201218P00337000,337.0,0,0.0,0.0,,0.0,normalDay
2020-12-08,2216.0,242.0,0.0,0,370.17,0.0,1,2.69,0.27,SPY201218P00337000,337.0,0,0.0,0.0,,0.0,normalDay
2020-12-09,2216.0,233.0,0.0,0,366.85,0.0,1,2.69,0.36,SPY201218P00337000,337.0,0,0.0,0.0,,0.0,normalDay
2020-12-10,2216.0,239.0,0.0,0,366.73,0.0,1,2.69,0.3,SPY201218P00337000,337.0,0,0.0,0.0,,0.0,normalDay
2020-12-11,2216.0,239.0,0.0,0,366.3,0.0,1,2.69,0.3,SPY201218P00337000,337.0,0,0.0,0.0,,0.0,normalDay
2020-12-14,2216.0,240.0,0.0,0,364.66,0.0,1,2.69,0.29,SPY201218P00337000,337.0,0,0.0,0.0,,0.0,normalDay
2020-12-15,2216.0,254.0,0.0,0,369.59,0.0,1,2.69,0.15,SPY201218P00337000,337.0,0,0.0,0.0,,0.0,normalDay
2020-12-16,2216.0,262.0,0.0,0,370.17,0.0,1,2.69,0.07,SPY201218P00337000,337.0,0,0.0,0.0,,0.0,normalDay
2020-12-17,2216.0,265.0,0.0,0,372.24,0.0,1,2.69,0.04,SPY201218P00337000,337.0,0,0.0,0.0,,0.0,normalDay
2020-12-18,2485.0,0.0,269.0,0,369.18,0.0,1,2.69,0.0,SPY201218P00337000,337.0,0,0.0,0.0,,0.0,expirationDay
2020-12-21,2485.0,-9.0,0.0,0,367.86,0.0,1,7.2,7.29,SPY210122P00364000,364.0,0,0.0,0.0,,0.0,normalDay
2020-12-22,2485.0,8.0,0.0,0,367.24,0.0,1,7.2,7.12,SPY210122P00364000,364.0,0,0.0,0.0,,0.0,normalDay
2020-12-23,2485.0,69.0,0.0,0,367.57,0.0,1,7.2,6.51,SPY210122P00364000,364.0,0,0.0,0.0,,0.0,normalDay
2020-12-24,2485.0,179.0,0.0,0,369.0,0.0,1,7.2,5.41,SPY210122P00364000,364.0,0,0.0,0.0,,0.0,normalDay
2020-12-28,2485.0,321.0,0.0,0,372.17,0.0,1,7.2,3.99,SPY210122P00364000,364.0,0,0.0,0.0,,0.0,normalDay
2020-12-29,2485.0,275.0,0.0,0,371.46,0.0,1,7.2,4.45,SPY210122P00364000,364.0,0,0.0,0.0,,0.0,normalDay
2020-12-30,2485.0,310.0,0.0,0,371.99,0.0,1,7.2,4.1,SPY210122P00364000,364.0,0,0.0,0.0,,0.0,normalDay
2020-12-31,2485.0,375.0,0.0,0,373.88,0.0,1,7.2,3.45,SPY210122P00364000,364.0,0,0.0,0.0,,0.0,normalDay
2021-01-04,2485.0,206.0,0.0,0,368.79,0.0,1,7.2,5.14,SPY210122P00364000,364.0,0,0.0,0.0,,0.0,normalDay
2021-01-05,2485.0,320.0,0.0,0,371.33,0.0,1,7.2,4.0,SPY210122P00364000,364.0,0,0.0,0.0,,0.0,normalDay
2021-01-06,2485.0,374.0,0.0,0,373.55,0.0,1,7.2,3.46,SPY210122P00364000,364.0,0,0.0,0.0,,0.0,normalDay
2021-01-07,2485.0,552.0,0.0,0,379.1,0.0,1,7.2,1.68,SPY210122P00364000,364.0,0,0.0,0.0,,0.0,normalDay
2021-01-08,2485.0,597.0,0.0,0,381.26,0.0,1,7.2,1.23,SPY210122P00364000,364.0,0,0.0,0.0,,0.0,normalDay
2021-01-11,2485.0,568.0,0.0,0,378.69,0.0,1,7.2,1.52,SPY210122P00364000,364.0,0,0.0,0.0,,0.0,normalDay
2021-01-12,2485.0,593.0,0.0,0,378.77,0.0,1,7.2,1.27,SPY210122P00364000,364.0,0,0.0,0.0,,0.0,normalDay
2021-01-13,2485.0,640.0,0.0,0,379.79,0.0,1,7.2,0.8,SPY210122P00364000,364.0,0,0.0,0.0,,0.0,normalDay
2021-01-14,2485.0,625.0,0.0,0,378.46,0.0,1,7.2,0.95,SPY210122P00364000,364.0,0,0.0,0.0,,0.0,normalDay
2021-01-15,2485.0,607.0,0.0,0,375.7,0.0,1,7.2,1.13,SPY210122P00364000,364.0,0,0.0,0.0,,0.0,normalDay
2021-01-19,2485.0,694.0,0.0,0,378.65,0.0,1,7.2,0.26,SPY210122P00364000,364.0,0,0.0,0.0,,0.0,normalDay
2021-01-20,2485.0,714.0,0.0,0,383.89,0.0,1,7.2,0.06,SPY210122P00364000,364.0,0,0.0,0.0,,0.0,normalDay
2021-01-21,2485.0,718.0,0.0,0,384.24,0.0,1,7.2,0.02,SPY210122P00364000,364.0,0,0.0,0.0,,0.0,normalDay
2021-01-22,3205.0,0.0,720.0,0,382.88,0.0,1,7.2,0.0,SPY210122P00364000,364.0,0,0.0,0.0,,0.0,expirationDay
2021-01-25,3205.0,-7.0,0.0,0,384.39,0.0,1,5.02,5.09,SPY210226P00373000,373.0,0,0.0,0.0,,0.0,normalDay
2021-01-26,3205.0,9.0,0.0,0,383.79,0.0,1,5.02,4.93,SPY210226P00373000,373.0,0,0.0,0.0,,0.0,normalDay
2021-01-27,3205.0,-583.0,0.0,0,374.41,0.0,1,5.02,10.85,SPY210226P00373000,373.0,0,0.0,0.0,,0.0,normalDay
2021-01-28,3205.0,-321.0,0.0,0,377.63,0.0,1,5.02,8.23,SPY210226P00373000,373.0,0,0.0,0.0,,0.0,normalDay
2021-01-29,3205.0,-751.0,0.0,0,370.07,0.0,1,5.02,12.53,SPY210226P00373000,373.0,0,0.0,0.0,,0.0,normalDay
2021-02-01,3205.0,-326.0,0.0,0,376.23,0.0,1,5.02,8.28,SPY210226P00373000,373.0,0,0.0,0.0,,0.0,normalDay
2021-02-02,3205.0,11.0,0.0,0,381.55,0.0,1,5.02,4.91,SPY210226P00373000,373.0,0,0.0,0.0,,0.0,normalDay
2021-02-03,3205.0,88.0,0.0,0,381.85,0.0,1,5.02,4.14,SPY210226P00373000,373.0,0,0.0,0.0,,0.0,normalDay
2021-02-04,3205.0,211.0,0.0,0,386.19,0.0,1,5.02,2.91,SPY210226P00373000,373.0,0,0.0,0.0,,0.0,normalDay
2021-02-05,3205.0,273.0,0.0,0,387.71,0.0,1,5.02,2.29,SPY210226P00373000,373.0,0,0.0,0.0,,0.0,normalDay
2021-02-08,3205.0,329.0,0.0,0,390.51,0.0,1,5.02,1.73,SPY210226P00373000,373.0,0,0.0,0.0,,0.0,normalDay
2021-02-09,3205.0,338.0,0.0,0,390.25,0.0,1,5.02,1.64,SPY210226P00373000,373.0,0,0.0,0.0,,0.0,normalDay
2021-02-10,3205.0,333.0,0.0,0,390.08,0.0,1,5.02,1.69,SPY210226P00373000,373.0,0,0.0,0.0,,0.0,normalDay
2021-02-11,3205.0,361.0,0.0,0,390.71,0.0,1,5.02,1.41,SPY210226P00373000,373.0,0,0.0,0.0,,0.0,normalDay
2021-02-12,3205.0,418.0,0.0,0,392.64,0.0,1,5.02,0.84,SPY210226P00373000,373.0,0,0.0,0.0,,0.0,normalDay
2021-02-16,3205.0,422.0,0.0,0,392.3,0.0,1,5.02,0.8,SPY210226P00373000,373.0,0,0.0,0.0,,0.0,normalDay
2021-02-17,3205.0,442.0,0.0,0,392.39,0.0,1,5.02,0.6,SPY210226P00373000,373.0,0,0.0,0.0,,0.0,normalDay
2021-02-18,3205.0,435.0,0.0,0,390.72,0.0,1,5.02,0.67,SPY210226P00373000,373.0,0,0.0,0.0,,0.0,normalDay
2021-02-19,3205.0,462.0,0.0,0,390.03,0.0,1,5.02,0.4,SPY210226P00373000,373.0,0,0.0,0.0,,0.0,normalDay
2021-02-22,3205.0,460.0,0.0,0,387.03,0.0,1,5.02,0.42,SPY210226P00373000,373.0,0,0.0,0.0,,0.0,normalDay
2021-02-23,3205.0,474.0,0.0,0,387.5,0.0,1,5.02,0.28,SPY210226P00373000,373.0,0,0.0,0.0,,0.0,normalDay
2021-02-24,3205.0,497.0,0.0,0,391.77,0.0,1,5.02,0.05,SPY210226P00373000,373.0,0,0.0,0.0,,0.0,normalDay
2021-02-25,3205.0,465.0,0.0,0,382.33,0.0,1,5.02,0.37,SPY210226P00373000,373.0,0,0.0,0.0,,0.0,normalDay
2021-02-26,3707.0,0.0,502.0,0,380.36,0.0,1,5.02,0.0,SPY210226P00373000,373.0,0,0.0,0.0,,0.0,expirationDay
2021-03-01,3707.0,-8.0,0.0,0,389.58,0.0,1,6.59,6.67,SPY210401P00384000,384.0,0,0.0,0.0,,0.0,normalDay
2021-03-02,3707.0,-142.0,0.0,0,386.54,0.0,1,6.59,8.01,SPY210401P00384000,384.0,0,0.0,0.0,,0.0,normalDay
2021-03-03,3707.0,-411.0,0.0,0,381.42,0.0,1,6.59,10.7,SPY210401P00384000,384.0,0,0.0,0.0,,0.0,normalDay
2021-03-04,3707.0,-677.0,0.0,0,376.7,0.0,1,6.59,13.36,SPY210401P00384000,384.0,0,0.0,0.0,,0.0,normalDay
2021-03-05,3707.0,-224.0,0.0,0,383.63,0.0,1,6.59,8.83,SPY210401P00384000,384.0,0,0.0,0.0,,0.0,normalDay
2021-03-08,3707.0,-297.0,0.0,0,381.72,0.0,1,6.59,9.56,SPY210401P00384000,384.0,0,0.0,0.0,,0.0,normalDay
2021-03-09,3707.0,-25.0,0.0,0,387.17,0.0,1,6.59,6.84,SPY210401P00384000,384.0,0,0.0,0.0,,0.0,normalDay
2021-03-10,3707.0,138.0,0.0,0,389.58,0.0,1,6.59,5.21,SPY210401P00384000,384.0,0,0.0,0.0,,0.0,normalDay
2021-03-11,3707.0,262.0,0.0,0,393.53,0.0,1,6.59,3.97,SPY210401P00384000,384.0,0,0.0,0.0,,0.0,normalDay
2021-03-12,3707.0,344.0,0.0,0,394.06,0.0,1,6.59,3.15,SPY210401P00384000,384.0,0,0.0,0.0,,0.0,normalDay
2021-03-15,3707.0,436.0,0.0,0,396.41,0.0,1,6.59,2.23,SPY210401P00384000,384.0,0,0.0,0.0,,0.0,normalDay
2021-03-16,3707.0,434.0,0.0,0,395.91,0.0,1,6.59,2.25,SPY210401P00384000,384.0,0,0.0,0.0,,0.0,normalDay
2021-03-17,3707.0,482.0,0.0,0,397.26,0.0,1,6.59,1.77,SPY210401P00384000,384.0,0,0.0,0.0,,0.0,normalDay
2021-03-18,3707.0,374.0,0.0,0,391.48,0.0,1,6.59,2.85,SPY210401P00384000,384.0,0,0.0,0.0,,0.0,normalDay
2021-03-19,3707.0,369.0,0.0,0,389.48,0.0,1,6.59,2.9,SPY210401P00384000,384.0,0,0.0,0.0,,0.0,normalDay
2021-03-22,3707.0,522.0,0.0,0,392.59,0.0,1,6.59,1.37,SPY210401P00384000,384.0,0,0.0,0.0,,0.0,normalDay
2021-03-23,3707.0,447.0,0.0,0,389.5,0.0,1,6.59,2.12,SPY210401P00384000,384.0,0,0.0,0.0,,0.0,normalDay
2021-03-24,3707.0,410.0,0.0,0,387.52,0.0,1,6.59,2.49,SPY210401P00384000,384.0,0,0.0,0.0,,0.0,normalDay
2021-03-25,3707.0,514.0,0.0,0,389.7,0.0,1,6.59,1.45,SPY210401P00384000,384.0,0,0.0,0.0,,0.0,normalDay
2021-03-26,3707.0,604.0,0.0,0,395.98,0.0,1,6.59,0.55,SPY210401P00384000,384.0,0,0.0,0.0,,0.0,normalDay
2021-03-29,3707.0,622.0,0.0,0,395.78,0.0,1,6.59,0.37,SPY210401P00384000,384.0,0,0.0,0.0,,0.0,normalDay
2021-03-30,3707.0,642.0,0.0,0,394.73,0.0,1,6.59,0.17,SPY210401P00384000,384.0,0,0.0,0.0,,0.0,normalDay
2021-03-31,3707.0,655.0,0.0,0,396.33,0.0,1,6.59,0.04,SPY210401P00384000,384.0,0,0.0,0.0,,0.0,normalDay
2021-04-01,4366.0,0.0,659.0,0,400.61,0.0,1,6.59,0.0,SPY210401P00384000,384.0,0,0.0,0.0,,0.0,expirationDay
2021-04-05,4366.0,-6.0,0.0,0,406.36,0.0,1,2.75,2.81,SPY210507P00390000,390.0,0,0.0,0.0,,0.0,normalDay
2021-04-06,4366.0,-7.0,0.0,0,406.12,0.0,1,2.75,2.82,SPY210507P00390000,390.0,0,0.0,0.0,,0.0,normalDay
2021-04-07,4366.0,33.0,0.0,0,406.59,0.0,1,2.75,2.42,SPY210507P00390000,390.0,0,0.0,0.0,,0.0,normalDay
2021-04-08,4366.0,64.0,0.0,0,408.52,0.0,1,2.75,2.11,SPY210507P00390000,390.0,0,0.0,0.0,,0.0,normalDay
2021-04-09,4366.0,97.0,0.0,0,411.49,0.0,1,2.75,1.78,SPY210507P00390000,390.0,0,0.0,0.0,,0.0,normalDay
2021-04-12,4366.0,120.0,0.0,0,411.64,0.0,1,2.75,1.55,SPY210507P00390000,390.0,0,0.0,0.0,,0.0,normalDay
2021-04-13,4366.0,145.0,0.0,0,412.86,0.0,1,2.75,1.3,SPY210507P00390000,390.0,0,0.0,0.0,,0.0,normalDay
2021-04-14,4366.0,135.0,0.0,0,411.45,0.0,1,2.75,1.4,SPY210507P00390000,390.0,0,0.0,0.0,,0.0,normalDay
2021-04-15,4366.0,175.0,0.0,0,415.87,0.0,1,2.75,1.0,SPY210507P00390000,390.0,0,0.0,0.0,,0.0,normalDay
2021-04-16,4366.0,190.0,0.0,0,417.26,0.0,1,2.75,0.85,SPY210507P00390000,390.0,0,0.0,0.0,,0.0,normalDay
2021-04-19,4366.0,186.0,0.0,0,415.21,0.0,1,2.75,0.89,SPY210507P00390000,390.0,0,0.0,0.0,,0.0,normalDay
2021-04-20,4366.0,151.0,0.0,0,412.17,0.0,1,2.75,1.24,SPY210507P00390000,390.0,0,0.0,0.0,,0.0,normalDay
2021-04-21,4366.0,209.0,0.0,0,416.07,0.0,1,2.75,0.66,SPY210507P00390000,390.0,0,0.0,0.0,,0.0,normalDay
2021-04-22,4366.0,175.0,0.0,0,412.27,0.0,1,2.75,1.0,SPY210507P00390000,390.0,0,0.0,0.0,,0.0,normalDay
2021-04-23,4366.0,232.0,0.0,0,416.74,0.0,1,2.75,0.43,SPY210507P00390000,390.0,0,0.0,0.0,,0.0,normalDay
2021-04-26,4366.0,249.0,0.0,0,417.61,0.0,1,2.75,0.26,SPY210507P00390000,390.0,0,0.0,0.0,,0.0,normalDay
2021-04-27,4366.0,253.0,0.0,0,417.52,0.0,1,2.75,0.22,SPY210507P00390000,390.0,0,0.0,0.0,,0.0,normalDay
2021-04-28,4366.0,262.0,0.0,0,417.4,0.0,1,2.75,0.13,SPY210507P00390000,390.0,0,0.0,0.0,,0.0,normalDay
2021-04-29,4366.0,264.0,0.0,0,420.06,0.0,1,2.75,0.11,SPY210507P00390000,390.0,0,0.0,0.0,,0.0,normalDay
2021-04-30,4366.0,261.0,0.0,0,417.3,0.0,1,2.75,0.14,SPY210507P00390000,390.0,0,0.0,0.0,,0.0,normalDay
2021-05-03,4366.0,267.0,0.0,0,418.2,0.0,1,2.75,0.08,SPY210507P00390000,390.0,0,0.0,0.0,,0.0,normalDay
2021-05-04,4366.0,267.0,0.0,0,415.62,0.0,1,2.75,0.08,SPY210507P00390000,390.0,0,0.0,0.0,,0.0,normalDay
2021-05-05,4366.0,268.0,0.0,0,415.75,0.0,1,2.75,0.07,SPY210507P00390000,390.0,0,0.0,0.0,,0.0,normalDay
2021-05-06,4366.0,273.0,0.0,0,419.07,0.0,1,2.75,0.02,SPY210507P00390000,390.0,0,0.0,0.0,,0.0,normalDay
2021-05-07,4641.0,0.0,275.0,0,422.12,0.0,1,2.75,0.0,SPY210507P00390000,390.0,0,0.0,0.0,,0.0,expirationDay
2021-05-10,4641.0,-4.0,0.0,0,417.94,0.0,1,6.68,6.72,SPY210611P00415000,415.0,0,0.0,0.0,,0.0,normalDay
2021-05-11,4641.0,-198.0,0.0,0,414.21,0.0,1,6.68,8.66,SPY210611P00415000,415.0,0,0.0,0.0,,0.0,normalDay
2021-05-12,4641.0,-798.0,0.0,0,405.41,0.0,1,6.68,14.66,SPY210611P00415000,415.0,0,0.0,0.0,,0.0,normalDay
2021-05-13,4641.0,-409.0,0.0,0,410.28,0.0,1,6.68,10.77,SPY210611P00415000,415.0,0,0.0,0.0,,0.0,normalDay
2021-05-14,4641.0,65.0,0.0,0,416.58,0.0,1,6.68,6.03,SPY210611P00415000,415.0,0,0.0,0.0,,0.0,normalDay
2021-05-17,4641.0,31.0,0.0,0,415.52,0.0,1,6.68,6.37,SPY210611P00415000,415.0,0,0.0,0.0,,0.0,normalDay
2021-05-18,4641.0,-162.0,0.0,0,411.94,0.0,1,6.68,8.3,SPY210611P00415000,415.0,0,0.0,0.0,,0.0,normalDay
2021-05-19,4641.0,-216.0,0.0,0,410.86,0.0,1,6.68,8.84,SPY210611P00415000,415.0,0,0.0,0.0,,0.0,normalDay
2021-05-20,4641.0,42.0,0.0,0,415.28,0.0,1,6.68,6.26,SPY210611P00415000,415.0,0,0.0,0.0,,0.0,normalDay
2021-05-21,4641.0,88.0,0.0,0,414.94,0.0,1,6.68,5.8,SPY210611P00415000,415.0,0,0.0,0.0,,0.0,normalDay
2021-05-24,4641.0,327.0,0.0,0,419.17,0.0,1,6.68,3.41,SPY210611P00415000,415.0,0,0.0,0.0,,0.0,normalDay
2021-05-25,4641.0,297.0,0.0,0,418.24,0.0,1,6.68,3.71,SPY210611P00415000,415.0,0,0.0,0.0,,0.0,normalDay
2021-05-26,4641.0,374.0,0.0,0,419.07,0.0,1,6.68,2.94,SPY210611P00415000,415.0,0,0.0,0.0,,0.0,normalDay
2021-05-27,4641.0,437.0,0.0,0,419.29,0.0,1,6.68,2.31,SPY210611P00415000,415.0,0,0.0,0.0,,0.0,normalDay
2021-05-28,4641.0,470.0,0.0,0,420.04,0.0,1,6.68,1.98,SPY210611P00415000,415.0,0,0.0,0.0,,0.0,normalDay
2021-06-01,4641.0,471.0,0.0,0,419.67,0.0,1,6.68,1.97,SPY210611P00415000,415.0,0,0.0,0.0,,0.0,normalDay
2021-06-02,4641.0,525.0,0.0,0,420.33,0.0,1,6.68,1.43,SPY210611P00415000,415.0,0,0.0,0.0,,0.0,normalDay
2021-06-03,4641.0,483.0,0.0,0,418.77,0.0,1,6.68,1.85,SPY210611P00415000,415.0,0,0.0,0.0,,0.0,normalDay
2021-06-04,4641.0,603.0,0.0,0,422.6,0.0,1,6.68,0.65,SPY210611P00415000,415.0,0,0.0,0.0,,0.0,normalDay
2021-06-07,4641.0,632.0,0.0,0,422.19,0.0,1,6.68,0.36,SPY210611P00415000,415.0,0,0.0,0.0,,0.0,normalDay
2021-06-08,4641.0,633.0,0.0,0,422.28,0.0,1,6.68,0.35,SPY210611P00415000,415.0,0,0.0,0.0,,0.0,normalDay
2021-06-09,4641.0,627.0,0.0,0,421.65,0.0,1,6.68,0.41,SPY210611P00415000,415.0,0,0.0,0.0,,0.0,normalDay
2021-06-10,4641.0,663.0,0.0,0,423.61,0.0,1,6.68,0.05,SPY210611P00415000,415.0,0,0.0,0.0,,0.0,normalDay
2021-06-11,5309.0,0.0,668.0,0,424.31,0.0,1,6.68,0.0,SPY210611P00415000,415.0,0,0.0,0.0,,0.0,expirationDay
2021-06-14,5309.0,-4.0,0.0,0,425.26,0.0,1,3.95,3.99,SPY210716P00417000,417.0,0,0.0,0.0,,0.0,normalDay
2021-06-15,5309.0,-32.0,0.0,0,424.48,0.0,1,3.95,4.27,SPY210716P00417000,417.0,0,0.0,0.0,,0.0,normalDay
2021-06-16,5309.0,-114.0,0.0,0,422.11,0.0,1,3.95,5.09,SPY210716P00417000,417.0,0,0.0,0.0,,0.0,normalDay
2021-06-17,5309.0,-84.0,0.0,0,421.97,0.0,1,3.95,4.79,SPY210716P00417000,417.0,0,0.0,0.0,,0.0,normalDay
2021-06-18,5309.0,-403.0,0.0,0,414.92,0.0,1,3.95,7.98,SPY210716P00417000,417.0,0,0.0,0.0,,0.0,normalDay
2021-06-21,5309.0,-38.0,0.0,0,420.86,0.0,1,3.95,4.33,SPY210716P00417000,417.0,0,0.0,0.0,,0.0,normalDay
2021-06-22,5309.0,57.0,0.0,0,423.11,0.0,1,3.95,3.38,SPY210716P00417000,417.0,0,0.0,0.0,,0.0,normalDay
2021-06-23,5309.0,72.0,0.0,0,422.6,0.0,1,3.95,3.23,SPY210716P00417000,417.0,0,0.0,0.0,,0.0,normalDay
2021-06-24,5309.0,146.0,0.0,0,425.1,0.0,1,3.95,2.49,SPY210716P00417000,417.0,0,0.0,0.0,,0.0,normalDay
2021-06-25,5309.0,205.0,0.0,0,426.61,0.0,1,3.95,1.9,SPY210716P00417000,417.0,0,0.0,0.0,,0.0,normalDay
2021-06-28,5309.0,234.0,0.0,0,427.47,0.0,1,3.95,1.61,SPY210716P00417000,417.0,0,0.0,0.0,,0.0,normalDay
2021-06-29,5309.0,243.0,0.0,0,427.7,0.0,1,3.95,1.52,SPY210716P00417000,417.0,0,0.0,0.0,,0.0,normalDay
2021-06-30,5309.0,266.0,0.0,0,428.06,0.0,1,3.95,1.29,SPY210716P00417000,417.0,0,0.0,0.0,,0.0,normalDay
2021-07-01,5309.0,287.0,0.0,0,430.43,0.0,1,3.95,1.08,SPY210716P00417000,417.0,0,0.0,0.0,,0.0,normalDay
2021-07-02,5309.0,328.0,0.0,0,433.72,0.0,1,3.95,0.67,SPY210716P00417000,417.0,0,0.0,0.0,,0.0,normalDay
2021-07-06,5309.0,327.0,0.0,0,432.93,0.0,1,3.95,0.68,SPY210716P00417000,417.0,0,0.0,0.0,,0.0,normalDay
2021-07-07,5309.0,348.0,0.0,0,434.46,0.0,1,3.95,0.47,SPY210716P00417000,417.0,0,0.0,0.0,,0.0,normalDay
2021-07-08,5309.0,290.0,0.0,0,430.92,0.0,1,3.95,1.05,SPY210716P00417000,417.0,0,0.0,0.0,,0.0,normalDay
2021-07-09,5309.0,365.0,0.0,0,435.52,0.0,1,3.95,0.3,SPY210716P00417000,417.0,0,0.0,0.0,,0.0,normalDay
2021-07-12,5309.0,383.0,0.0,0,437.08,0.0,1,3.95,0.12,SPY210716P00417000,417.0,0,0.0,0.0,,0.0,normalDay
2021-07-13,5309.0,381.0,0.0,0,435.59,0.0,1,3.95,0.14,SPY210716P00417000,417.0,0,0.0,0.0,,0.0,normalDay
2021-07-14,5309.0,390.0,0.0,0,436.24,0.0,1,3.95,0.05,SPY210716P00417000,417.0,0,0.0,0.0,,0.0,normalDay
2021-07-15,5309.0,391.0,0.0,0,434.75,0.0,1,3.95,0.04,SPY210716P00417000,417.0,0,0.0,0.0,,0.0,normalDay
2021-07-16,5704.0,0.0,395.0,0,431.34,0.0,1,3.95,0.0,SPY210716P00417000,417.0,0,0.0,0.0,,0.0,expirationDay
2021-07-19,5704.0,-5.0,0.0,0,424.97,0.0,1,8.92,8.97,SPY210820P00426000,426.0,0,0.0,0.0,,0.0,normalDay
2021-07-20,5704.0,290.0,0.0,0,431.06,0.0,1,8.92,6.02,SPY210820P00426000,426.0,0,0.0,0.0,,0.0,normalDay
2021-07-21,5704.0,460.0,0.0,0,434.55,0.0,1,8.92,4.32,SPY210820P00426000,426.0,0,0.0,0.0,,0.0,normalDay
2021-07-22,5704.0,496.0,0.0,0,435.46,0.0,1,8.92,3.96,SPY210820P00426000,426.0,0,0.0,0.0,,0.0,normalDay
2021-07-23,5704.0,599.0,0.0,0,439.94,0.0,1,8.92,2.93,SPY210820P00426000,426.0,0,0.0,0.0,,0.0,normalDay
2021-07-26,5704.0,643.0,0.0,0,441.02,0.0,1,8.92,2.49,SPY210820P00426000,426.0,0,0.0,0.0,,0.0,normalDay
2021-07-27,5704.0,566.0,0.0,0,439.01,0.0,1,8.92,3.26,SPY210820P00426000,426.0,0,0.0,0.0,,0.0,normalDay
2021-07-28,5704.0,607.0,0.0,0,438.83,0.0,1,8.92,2.85,SPY210820P00426000,426.0,0,0.0,0.0,,0.0,normalDay
2021-07-29,5704.0,673.0,0.0,0,440.65,0.0,1,8.92,2.19,SPY210820P00426000,426.0,0,0.0,0.0,,0.0,normalDay
2021-07-30,5704.0,645.0,0.0,0,438.51,0.0,1,8.92,2.47,SPY210820P00426000,426.0,0,0.0,0.0,,0.0,normalDay
2021-08-02,5704.0,630.0,0.0,0,437.59,0.0,1,8.92,2.62,SPY210820P00426000,426.0,0,0.0,0.0,,0.0,normalDay
2021-08-03,5704.0,730.0,0.0,0,441.15,0.0,1,8.92,1.62,SPY210820P00426000,426.0,0,0.0,0.0,,0.0,normalDay
2021-08-04,5704.0,720.0,0.0,0,438.98,0.0,1,8.92,1.72,SPY210820P00426000,426.0,0,0.0,0.0,,0.0,normalDay
2021-08-05,5704.0,770.0,0.0,0,441.76,0.0,1,8.92,1.22,SPY210820P00426000,426.0,0,0.0,0.0,,0.0,normalDay
2021-08-06,5704.0,816.0,0.0,0,442.49,0.0,1,8.92,0.76,SPY210820P00426000,426.0,0,0.0,0.0,,0.0,normalDay
2021-08-09,5704.0,828.0,0.0,0,442.13,0.0,1,8.92,0.64,SPY210820P00426000,426.0,0,0.0,0.0,,0.0,normalDay
2021-08-10,5704.0,830.0,0.0,0,442.68,0.0,1,8.92,0.62,SPY210820P00426000,426.0,0,0.0,0.0,,0.0,normalDay
2021-08-11,5704.0,858.0,0.0,0,443.78,0.0,1,8.92,0.34,SPY210820P00426000,426.0,0,0.0,0.0,,0.0,normalDay
2021-08-12,5704.0,868.0,0.0,0,445.11,0.0,1,8.92,0.24,SPY210820P00426000,426.0,0,0.0,0.0,,0.0,normalDay
2021-08-13,5704.0,876.0,0.0,0,445.92,0.0,1,8.92,0.16,SPY210820P00426000,426.0,0,0.0,0.0,,0.0,normalDay
2021-08-16,5704.0,881.0,0.0,0,446.97,0.0,1,8.92,0.11,SPY210820P00426000,426.0,0,0.0,0.0,,0.0,normalDay
2021-08-17,5704.0,874.0,0.0,0,444.04,0.0,1,8.92,0.18,SPY210820P00426000,426.0,0,0.0,0.0,,0.0,normalDay
2021-08-18,5704.0,842.0,0.0,0,439.18,0.0,1,8.92,0.5,SPY210820P00426000,426.0,0,0.0,0.0,,0.0,normalDay
2021-08-19,5704.0,881.0,0.0,0,439.86,0.0,1,8.92,0.11,SPY210820P00426000,426.0,0,0.0,0.0,,0.0,normalDay
2021-08-20,6596.0,0.0,892.0,0,443.36,0.0,1,8.92,0.0,SPY210820P00426000,426.0,0,0.0,0.0,,0.0,expirationDay
2021-08-23,6596.0,-4.0,0.0,0,447.26,0.0,1,4.78,4.82,SPY210924P00440000,440.0,0,0.0,0.0,,0.0,normalDay
2021-08-24,6596.0,17.0,0.0,0,447.97,0.0,1,4.78,4.61,SPY210924P00440000,440.0,0,0.0,0.0,,0.0,normalDay
2021-08-25,6596.0,71.0,0.0,0,448.91,0.0,1,4.78,4.07,SPY210924P00440000,440.0,0,0.0,0.0,,0.0,normalDay
2021-08-26,6596.0,-43.0,0.0,0,446.26,0.0,1,4.78,5.21,SPY210924P00440000,440.0,0,0.0,0.0,,0.0,normalDay
2021-08-27,6596.0,139.0,0.0,0,450.25,0.0,1,4.78,3.39,SPY210924P00440000,440.0,0,0.0,0.0,,0.0,normalDay
2021-08-30,6596.0,203.0,0.0,0,452.23,0.0,1,4.78,2.75,SPY210924P00440000,440.0,0,0.0,0.0,,0.0,normalDay
2021-08-31,6596.0,201.0,0.0,0,451.56,0.0,1,4.78,2.77,SPY210924P00440000,440.0,0,0.0,0.0,,0.0,normalDay
2021-09-01,6596.0,224.0,0.0,0,451.8,0.0,1,4.78,2.54,SPY210924P00440000,440.0,0,0.0,0.0,,0.0,normalDay
2021-09-02,6596.0,244.0,0.0,0,453.19,0.0,1,4.78,2.34,SPY210924P00440000,440.0,0,0.0,0.0,,0.0,normalDay
2021-09-03,6596.0,261.0,0.0,0,453.08,0.0,1,4.78,2.17,SPY210924P00440000,440.0,0,0.0,0.0,,0.0,normalDay
2021-09-07,6596.0,235.0,0.0,0,451.46,0.0,1,4.78,2.43,SPY210924P00440000,440.0,0,0.0,0.0,,0.0,normalDay
2021-09-08,6596.0,241.0,0.0,0,450.91,0.0,1,4.78,2.37,SPY210924P00440000,440.0,0,0.0,0.0,,0.0,normalDay
2021-09-09,6596.0,178.0,0.0,0,448.98,0.0,1,4.78,3.0,SPY210924P00440000,440.0,0,0.0,0.0,,0.0,normalDay
2021-09-10,6596.0,62.0,0.0,0,445.44,0.0,1,4.78,4.16,SPY210924P00440000,440.0,0,0.0,0.0,,0.0,normalDay
2021-09-13,6596.0,177.0,0.0,0,446.58,0.0,1,4.78,3.01,SPY210924P00440000,440.0,0,0.0,0.0,,0.0,normalDay
2021-09-14,6596.0,127.0,0.0,0,444.17,0.0,1,4.78,3.51,SPY210924P00440000,440.0,0,0.0,0.0,,0.0,normalDay
2021-09-15,6596.0,296.0,0.0,0,447.88,0.0,1,4.78,1.82,SPY210924P00440000,440.0,0,0.0,0.0,,0.0,normalDay
2021-09-16,6596.0,288.0,0.0,0,447.17,0.0,1,4.78,1.9,SPY210924P00440000,440.0,0,0.0,0.0,,0.0,normalDay
2021-09-17,6596.0,124.0,0.0,0,441.4,0.0,1,4.78,3.54,SPY210924P00440000,440.0,0,0.0,0.0,,0.0,normalDay
2021-09-20,6596.0,-284.0,0.0,0,434.04,0.0,1,4.78,7.62,SPY210924P00440000,440.0,0,0.0,0.0,,0.0,normalDay
2021-09-21,6596.0,-270.0,0.0,0,433.63,0.0,1,4.78,7.48,SPY210924P00440000,440.0,0,0.0,0.0,,0.0,normalDay
2021-09-22,6596.0,135.0,0.0,0,437.86,0.0,1,4.78,3.43,SPY210924P00440000,440.0,0,0.0,0.0,,0.0,normalDay
2021-09-23,6596.0,433.0,0.0,0,443.18,0.0,1,4.78,0.45,SPY210924P00440000,440.0,0,0.0,0.0,,0.0,normalDay
2021-09-24,7074.0,0.0,478.0,0,443.91,0.0,1,4.78,0.0,SPY210924P00440000,440.0,0,0.0,0.0,,0.0,expirationDay
2021-09-27,7074.0,-5.0,0.0,0,442.64,0.0,1,7.37,7.42,SPY211029P00442000,442.0,0,0.0,0.0,,0.0,normalDay
2021-09-28,7074.0,-544.0,0.0,0,433.72,0.0,1,7.37,12.81,SPY211029P00442000,442.0,0,0.0,0.0,,0.0,normalDay
2021-09-29,7074.0,-473.0,0.0,0,434.45,0.0,1,7.37,12.1,SPY211029P00442000,442.0,0,0.0,0.0,,0.0,normalDay
2021-09-30,7074.0,-797.0,0.0,0,429.14,0.0,1,7.37,15.34,SPY211029P00442000,442.0,0,0.0,0.0,,0.0,normalDay
2021-10-01,7074.0,-427.0,0.0,0,434.24,0.0,1,7.37,11.64,SPY211029P00442000,442.0,0,0.0,0.0,,0.0,normalDay
2021-10-04,7074.0,-816.0,0.0,0,428.64,0.0,1,7.37,15.53,SPY211029P00442000,442.0,0,0.0,0.0,,0.0,normalDay
2021-10-05,7074.0,-467.0,0.0,0,433.1,0.0,1,7.37,12.04,SPY211029P00442000,442.0,0,0.0,0.0,,0.0,normalDay
2021-10-06,7074.0,-361.0,0.0,0,434.9,0.0,1,7.37,10.98,SPY211029P00442000,442.0,0,0.0,0.0,,0.0,normalDay
2021-10-07,7074.0,-72.0,0.0,0,438.66,0.0,1,7.37,8.09,SPY211029P00442000,442.0,0,0.0,0.0,,0.0,normalDay
2021-10-08,7074.0,-102.0,0.0,0,437.86,0.0,1,7.37,8.39,SPY211029P00442000,442.0,0,0.0,0.0,,0.0,normalDay
2021-10-11,7074.0,-274.0,0.0,0,434.69,0.0,1,7.37,10.11,SPY211029P00442000,442.0,0,0.0,0.0,,0.0,normalDay
2021-10-12,7074.0,-367.0,0.0,0,433.62,0.0,1,7.37,11.04,SPY211029P00442000,442.0,0,0.0,0.0,,0.0,normalDay
2021-10-13,7074.0,-148.0,0.0,0,435.18,0.0,1,7.37,8.85,SPY211029P00442000,442.0,0,0.0,0.0,,0.0,normalDay
2021-10-14,7074.0,317.0,0.0,0,442.5,0.0,1,7.37,4.2,SPY211029P00442000,442.0,0,0.0,0.0,,0.0,normalDay
2021-10-15,7074.0,464.0,0.0,0,445.87,0.0,1,7.37,2.73,SPY211029P00442000,442.0,0,0.0,0.0,,0.0,normalDay
2021-10-18,7074.0,534.0,0.0,0,447.19,0.0,1,7.37,2.03,SPY211029P00442000,442.0,0,0.0,0.0,,0.0,normalDay
2021-10-19,7074.0,622.0,0.0,0,450.64,0.0,1,7.37,1.15,SPY211029P00442000,442.0,0,0.0,0.0,,0.0,normalDay
2021-10-20,7074.0,654.0,0.0,0,452.41,0.0,1,7.37,0.83,SPY211029P00442000,442.0,0,0.0,0.0,,0.0,normalDay
2021-10-21,7074.0,686.0,0.0,0,453.59,0.0,1,7.37,0.51,SPY211029P00442000,442.0,0,0.0,0.0,,0.0,normalDay
2021-10-22,7074.0,696.0,0.0,0,453.12,0.0,1,7.37,0.41,SPY211029P00442000,442.0,0,0.0,0.0,,0.0,normalDay
2021-10-25,7074.0,721.0,0.0,0,455.55,0.0,1,7.37,0.16,SPY211029P00442000,442.0,0,0.0,0.0,,0.0,normalDay
2021-10-26,7074.0,723.0,0.0,0,455.96,0.0,1,7.37,0.14,SPY211029P00442000,442.0,0,0.0,0.0,,0.0,normalDay
2021-10-27,7074.0,727.0,0.0,0,453.94,0.0,1,7.37,0.1,SPY211029P00442000,442.0,0,0.0,0.0,,0.0,normalDay
2021-10-28,7074.0,734.0,0.0,0,458.32,0.0,1,7.37,0.03,SPY211029P00442000,442.0,0,0.0,0.0,,0.0,normalDay
2021-10-29,7811.0,0.0,737.0,0,459.25,0.0,1,7.37,0.0,SPY211029P00442000,442.0,0,0.0,0.0,,0.0,expirationDay
2021-11-01,7811.0,-4.0,0.0,0,460.04,0.0,1,2.75,2.79,SPY211203P00440000,440.0,0,0.0,0.0,,0.0,normalDay
2021-11-02,7811.0,33.0,0.0,0,461.9,0.0,1,2.75,2.42,SPY211203P00440000,440.0,0,0.0,0.0,,0.0,normalDay
2021-11-03,7811.0,96.0,0.0,0,464.72,0.0,1,2.75,1.79,SPY211203P00440000,440.0,0,0.0,0.0,,0.0,normalDay
2021-11-04,7811.0,118.0,0.0,0,466.91,0.0,1,2.75,1.57,SPY211203P00440000,440.0,0,0.0,0.0,,0.0,normalDay
2021-11-05,7811.0,117.0,0.0,0,468.53,0.0,1,2.75,1.58,SPY211203P00440000,440.0,0,0.0,0.0,,0.0,normalDay
2021-11-08,7811.0,124.0,0.0,0,468.93,0.0,1,2.75,1.51,SPY211203P00440000,440.0,0,0.0,0.0,,0.0,normalDay
2021-11-09,7811.0,111.0,0.0,0,467.38,0.0,1,2.75,1.64,SPY211203P00440000,440.0,0,0.0,0.0,,0.0,normalDay
2021-11-10,7811.0,71.0,0.0,0,463.62,0.0,1,2.75,2.04,SPY211203P00440000,440.0,0,0.0,0.0,,0.0,normalDay
2021-11-11,7811.0,115.0,0.0,0,463.77,0.0,1,2.75,1.6,SPY211203P00440000,440.0,0,0.0,0.0,,0.0,normalDay
2021-11-12,7811.0,178.0,0.0,0,467.27,0.0,1,2.75,0.97,SPY211203P00440000,440.0,0,0.0,0.0,,0.0,normalDay
2021-11-15,7811.0,196.0,0.0,0,467.43,0.0,1,2.75,0.79,SPY211203P00440000,440.0,0,0.0,0.0,,0.0,normalDay
2021-11-16,7811.0,211.0,0.0,0,469.28,0.0,1,2.75,0.64,SPY211203P00440000,440.0,0,0.0,0.0,,0.0,normalDay
2021-11-17,7811.0,209.0,0.0,0,468.14,0.0,1,2.75,0.66,SPY211203P00440000,440.0,0,0.0,0.0,,0.0,normalDay
2021-11-18,7811.0,218.0,0.0,0,469.73,0.0,1,2.75,0.57,SPY211203P00440000,440.0,0,0.0,0.0,,0.0,normalDay
2021-11-19,7811.0,218.0,0.0,0,468.89,0.0,1,2.75,0.57,SPY211203P00440000,440.0,0,0.0,0.0,,0.0,normalDay
2021-11-22,7811.0,218.0,0.0,0,467.57,0.0,1,2.75,0.57,SPY211203P00440000,440.0,0,0.0,0.0,,0.0,normalDay
2021-11-23,7811.0,224.0,0.0,0,468.19,0.0,1,2.75,0.51,SPY211203P00440000,440.0,0,0.0,0.0,,0.0,normalDay
2021-11-24,7811.0,241.0,0.0,0,469.44,0.0,1,2.75,0.34,SPY211203P00440000,440.0,0,0.0,0.0,,0.0,normalDay
2021-11-26,7811.0,19.0,0.0,0,458.97,0.0,1,2.75,2.56,SPY211203P00440000,440.0,0,0.0,0.0,,0.0,normalDay
2021-11-29,7811.0,248.0,0.0,0,464.6,0.0,1,2.75,0.27,SPY211203P00440000,440.0,0,0.0,0.0,,0.0,normalDay
2021-11-30,7811.0,207.0,0.0,0,455.56,0.0,1,2.75,0.68,SPY211203P00440000,440.0,0,0.0,0.0,,0.0,normalDay
2021-12-01,7811.0,124.0,0.0,0,450.5,0.0,1,2.75,1.51,SPY211203P00440000,440.0,0,0.0,0.0,,0.0,normalDay
2021-12-02,7811.0,264.0,0.0,0,457.4,0.0,1,2.75,0.11,SPY211203P00440000,440.0,0,0.0,0.0,,0.0,normalDay
2021-12-03,8086.0,0.0,275.0,0,453.42,0.0,1,2.75,0.0,SPY211203P00440000,440.0,0,0.0,0.0,,0.0,expirationDay
2021-12-06,8086.0,-46.0,0.0,0,458.79,0.0,1,11.72,12.18,SPY220107P00460000,460.0,0,0.0,0.0,,0.0,normalDay
2021-12-07,8086.0,487.0,0.0,0,468.28,0.0,1,11.72,6.85,SPY220107P00460000,460.0,0,0.0,0.0,,0.0,normalDay
2021-12-08,8086.0,596.0,0.0,0,469.52,0.0,1,11.72,5.76,SPY220107P00460000,460.0,0,0.0,0.0,,0.0,normalDay
2021-12-09,8086.0,475.0,0.0,0,466.35,0.0,1,11.72,6.97,SPY220107P00460000,460.0,0,0.0,0.0,,0.0,normalDay
2021-12-10,8086.0,701.0,0.0,0,470.74,0.0,1,11.72,4.71,SPY220107P00460000,460.0,0,0.0,0.0,,0.0,normalDay
2021-12-13,8086.0,559.0,0.0,0,466.57,0.0,1,11.72,6.13,SPY220107P00460000,460.0,0,0.0,0.0,,0.0,normalDay
2021-12-14,8086.0,406.0,0.0,0,463.36,0.0,1,11.72,7.66,SPY220107P00460000,460.0,0,0.0,0.0,,0.0,normalDay
2021-12-15,8086.0,747.0,0.0,0,470.6,0.0,1,11.72,4.25,SPY220107P00460000,460.0,0,0.0,0.0,,0.0,normalDay
2021-12-16,8086.0,617.0,0.0,0,466.45,0.0,1,11.72,5.55,SPY220107P00460000,460.0,0,0.0,0.0,,0.0,normalDay
2021-12-17,8086.0,405.0,0.0,0,459.87,0.0,1,11.72,7.67,SPY220107P00460000,460.0,0,0.0,0.0,,0.0,normalDay
2021-12-20,8086.0,167.0,0.0,0,454.98,0.0,1,11.72,10.05,SPY220107P00460000,460.0,0,0.0,0.0,,0.0,normalDay
2021-12-21,8086.0,600.0,0.0,0,463.06,0.0,1,11.72,5.72,SPY220107P00460000,460.0,0,0.0,0.0,,0.0,normalDay
2021-12-22,8086.0,847.0,0.0,0,467.69,0.0,1,11.72,3.25,SPY220107P00460000,460.0,0,0.0,0.0,,0.0,normalDay
2021-12-23,8086.0,963.0,0.0,0,470.6,0.0,1,11.72,2.09,SPY220107P00460000,460.0,0,0.0,0.0,,0.0,normalDay
2021-12-27,8086.0,1091.0,0.0,0,477.26,0.0,1,11.72,0.81,SPY220107P00460000,460.0,0,0.0,0.0,,0.0,normalDay
2021-12-28,8086.0,1103.0,0.0,0,476.87,0.0,1,11.72,0.69,SPY220107P00460000,460.0,0,0.0,0.0,,0.0,normalDay
2021-12-29,8086.0,1136.0,0.0,0,477.48,0.0,1,11.72,0.36,SPY220107P00460000,460.0,0,0.0,0.0,,0.0,normalDay
2021-12-30,8086.0,1130.0,0.0,0,476.16,0.0,1,11.72,0.42,SPY220107P00460000,460.0,0,0.0,0.0,,0.0,normalDay
2021-12-31,8086.0,1145.0,0.0,0,474.96,0.0,1,11.72,0.27,SPY220107P00460000,460.0,0,0.0,0.0,,0.0,normalDay
2022-01-03,8086.0,1165.0,0.0,0,477.71,0.0,1,11.72,0.07,SPY220107P00460000,460.0,0,0.0,0.0,,0.0,normalDay
2022-01-04,8086.0,1166.0,0.0,0,477.55,0.0,1,11.72,0.06,SPY220107P00460000,460.0,0,0.0,0.0,,0.0,normalDay
2022-01-05,8086.0,1124.0,0.0,0,468.38,0.0,1,11.72,0.48,SPY220107P00460000,460.0,0,0.0,0.0,,0.0,normalDay
2022-01-06,8086.0,1159.0,0.0,0,467.94,0.0,1,11.72,0.13,SPY220107P00460000,460.0,0,0.0,0.0,,0.0,normalDay
2022-01-07,9258.0,0.0,1172.0,0,466.09,0.0,1,11.72,0.0,SPY220107P00460000,460.0,0,0.0,0.0,,0.0,expirationDay
2022-01-10,9258.0,-6.0,0.0,0,465.51,0.0,1,8.35,8.41,SPY220211P00465000,465.0,0,0.0,0.0,,0.0,normalDay
2022-01-11,9258.0,180.0,0.0,0,469.75,0.0,1,8.35,6.55,SPY220211P00465000,465.0,0,0.0,0.0,,0.0,normalDay
2022-01-12,9258.0,264.0,0.0,0,471.02,0.0,1,8.35,5.71,SPY220211P00465000,465.0,0,0.0,0.0,,0.0,normalDay
2022-01-13,9258.0,-67.0,0.0,0,464.53,0.0,1,8.35,9.02,SPY220211P00465000,465.0,0,0.0,0.0,,0.0,normalDay
2022-01-14,9258.0,6.0,0.0,0,464.72,0.0,1,8.35,8.29,SPY220211P00465000,465.0,0,0.0,0.0,,0.0,normalDay
2022-01-18,9258.0,-525.0,0.0,0,456.49,0.0,1,8.35,13.6,SPY220211P00465000,465.0,0,0.0,0.0,,0.0,normalDay
2022-01-19,9258.0,-778.0,0.0,0,451.75,0.0,1,8.35,16.13,SPY220211P00465000,465.0,0,0.0,0.0,,0.0,normalDay
2022-01-20,9258.0,-1239.0,0.0,0,446.75,0.0,1,8.35,20.74,SPY220211P00465000,465.0,0,0.0,0.0,,0.0,normalDay
2022-01-21,9258.0,-1958.0,0.0,0,437.98,0.0,1,8.35,27.93,SPY220211P00465000,465.0,0,0.0,0.0,,0.0,normalDay
2022-01-24,9258.0,-1928.0,0.0,0,439.84,0.0,1,8.35,27.63,SPY220211P00465000,465.0,0,0.0,0.0,,0.0,normalDay
2022-01-25,9258.0,-2461.0,0.0,0,434.47,0.0,1,8.35,32.96,SPY220211P00465000,465.0,0,0.0,0.0,,0.0,normalDay
2022-01-26,9258.0,-2459.0,0.0,0,433.38,0.0,1,8.35,32.94,SPY220211P00465000,465.0,0,0.0,0.0,,0.0,normalDay
2022-01-27,9258.0,-2539.0,0.0,0,431.24,0.0,1,8.35,33.74,SPY220211P00465000,465.0,0,0.0,0.0,,0.0,normalDay
2022-01-28,9258.0,-1580.0,0.0,0,441.95,0.0,1,8.35,24.15,SPY220211P00465000,465.0,0,0.0,0.0,,0.0,normalDay
2022-01-31,9258.0,-890.0,0.0,0,449.91,0.0,1,8.35,17.25,SPY220211P00465000,465.0,0,0.0,0.0,,0.0,normalDay
2022-02-01,9258.0,-451.0,0.0,0,452.95,0.0,1,8.35,12.86,SPY220211P00465000,465.0,0,0.0,0.0,,0.0,normalDay
2022-02-02,9258.0,-271.0,0.0,0,457.35,0.0,1,8.35,11.06,SPY220211P00465000,465.0,0,0.0,0.0,,0.0,normalDay
2022-02-03,9258.0,-760.0,0.0,0,446.6,0.0,1,8.35,15.95,SPY220211P00465000,465.0,0,0.0,0.0,,0.0,normalDay
2022-02-04,9258.0,-897.0,0.0,0,448.7,0.0,1,8.35,17.32,SPY220211P00465000,465.0,0,0.0,0.0,,0.0,normalDay
2022-02-07,9258.0,-926.0,0.0,0,447.26,0.0,1,8.35,17.61,SPY220211P00465000,465.0,0,0.0,0.0,,0.0,normalDay
2022-02-08,9258.0,-545.0,0.0,0,450.94,0.0,1,8.35,13.8,SPY220211P00465000,465.0,0,0.0,0.0,,0.0,normalDay
2022-02-09,9258.0,26.0,0.0,0,457.54,0.0,1,8.35,8.09,SPY220211P00465000,465.0,0,0.0,0.0,,0.0,normalDay
2022-02-10,9258.0,-770.0,0.0,0,449.32,0.0,1,8.35,16.05,SPY220211P00465000,465.0,0,0.0,0.0,,0.0,normalDay
2022-02-11,10093.0,-2454.0,835.0,100,440.46,465.0,1,8.35,0.0,SPY220211P00465000,465.0,0,0.0,0.0,,0.0,expirationDay
2022-02-14,10093.0,-2601.0,0.0,100,439.02,465.0,0,0.0,0.0,,0.0,1,0.14,0.17,SPY220218C00458000,458.0,normalDay
2022-02-15,10093.0,-1899.0,0.0,100,446.1,465.0,0,0.0,0.0,,0.0,1,0.14,0.23,SPY220218C00458000,458.0,normalDay
2022-02-16,10093.0,-1835.0,0.0,100,446.6,465.0,0,0.0,0.0,,0.0,1,0.14,0.09,SPY220218C00458000,458.0,normalDay
2022-02-17,10093.0,-2782.0,0.0,100,437.06,465.0,0,0.0,0.0,,0.0,1,0.14,0.02,SPY220218C00458000,458.0,normalDay
2022-02-18,10107.0,-3077.0,14.0,100,434.23,465.0,0,0.0,0.0,,0.0,1,0.14,0.0,SPY220218C00458000,458.0,expirationDay
2022-02-22,10107.0,-3546.0,0.0,100,429.57,465.0,0,0.0,0.0,,0.0,1,0.02,0.05,SPY220228C00456000,456.0,normalDay
2022-02-23,10107.0,-4306.0,0.0,100,421.95,465.0,0,0.0,0.0,,0.0,1,0.02,0.03,SPY220228C00456000,456.0,normalDay
2022-02-24,10107.0,-3670.0,0.0,100,428.3,465.0,0,0.0,0.0,,0.0,1,0.02,0.02,SPY220228C00456000,456.0,normalDay
2022-02-25,10107.0,-2725.0,0.0,100,437.75,465.0,0,0.0,0.0,,0.0,1,0.02,0.02,SPY220228C00456000,456.0,normalDay
2022-02-28,10109.0,-2837.0,2.0,100,436.63,465.0,0,0.0,0.0,,0.0,1,0.02,0.0,SPY220228C00456000,456.0,expirationDay
2022-03-01,10109.0,-3505.0,0.0,100,429.98,465.0,0,0.0,0.0,,0.0,1,0.08,0.11,SPY220307C00457000,457.0,normalDay
2022-03-02,10109.0,-2712.0,0.0,100,437.89,465.0,0,0.0,0.0,,0.0,1,0.08,0.09,SPY220307C00457000,457.0,normalDay
2022-03-03,10109.0,-2924.0,0.0,100,435.71,465.0,0,0.0,0.0,,0.0,1,0.08,0.03,SPY220307C00457000,457.0,normalDay
2022-03-04,10109.0,-3276.0,0.0,100,432.17,465.0,0,0.0,0.0,,0.0,1,0.08,0.01,SPY220307C00457000,457.0,normalDay
2022-03-07,10117.0,-4557.0,8.0,100,419.43,465.0,0,0.0,0.0,,0.0,1,0.08,0.0,SPY220307C00457000,457.0,expirationDay
2022-03-08,10117.0,-4878.0,0.0,100,416.25,465.0,0,0.0,0.0,,0.0,1,0.01,0.04,SPY220314C00452000,452.0,normalDay
2022-03-09,10117.0,-3764.0,0.0,100,427.41,465.0,0,0.0,0.0,,0.0,1,0.01,0.06,SPY220314C00452000,452.0,normalDay
2022-03-10,10117.0,-3953.0,0.0,100,425.48,465.0,0,0.0,0.0,,0.0,1,0.01,0.02,SPY220314C00452000,452.0,normalDay
2022-03-11,10117.0,-4493.0,0.0,100,420.07,465.0,0,0.0,0.0,,0.0,1,0.01,0.01,SPY220314C00452000,452.0,normalDay
2022-03-14,10118.0,-4800.0,1.0,100,417.0,465.0,0,0.0,0.0,,0.0,1,0.01,0.0,SPY220314C00452000,452.0,expirationDay
2022-03-15,10118.0,-3886.0,0.0,100,426.17,465.0,0,0.0,0.0,,0.0,1,0.31,0.34,SPY220321C00444000,444.0,normalDay
2022-03-16,10118.0,-2985.0,0.0,100,435.62,465.0,0,0.0,0.0,,0.0,1,0.31,0.78,SPY220321C00444000,444.0,normalDay
2022-03-17,10118.0,-2488.0,0.0,100,441.07,465.0,0,0.0,0.0,,0.0,1,0.31,1.26,SPY220321C00444000,444.0,normalDay
2022-03-18,10118.0,-2301.0,0.0,100,444.52,465.0,0,0.0,0.0,,0.0,1,0.31,2.84,SPY220321C00444000,444.0,normalDay
2022-03-21,8049.0,-2301.0,-2069.0,0,444.39,0.0,0,0.0,0.0,,0.0,1,0.31,0.0,SPY220321C00444000,444.0,expirationDay
2022-03-22,8049.0,-14.0,0.0,0,449.59,0.0,1,3.73,3.87,SPY220422P00425000,425.0,0,0.0,0.0,,0.0,normalDay
2022-03-23,8049.0,-111.0,0.0,0,443.8,0.0,1,3.73,4.84,SPY220422P00425000,425.0,0,0.0,0.0,,0.0,normalDay
2022-03-24,8049.0,55.0,0.0,0,450.49,0.0,1,3.73,3.18,SPY220422P00425000,425.0,0,0.0,0.0,,0.0,normalDay
2022-03-25,8049.0,109.0,0.0,0,452.69,0.0,1,3.73,2.64,SPY220422P00425000,425.0,0,0.0,0.0,,0.0,normalDay
2022-03-28,8049.0,201.0,0.0,0,455.91,0.0,1,3.73,1.72,SPY220422P00425000,425.0,0,0.0,0.0,,0.0,normalDay
2022-03-29,8049.0,258.0,0.0,0,461.55,0.0,1,3.73,1.15,SPY220422P00425000,425.0,0,0.0,0.0,,0.0,normalDay
2022-03-30,8049.0,251.0,0.0,0,458.7,0.0,1,3.73,1.22,SPY220422P00425000,425.0,0,0.0,0.0,,0.0,normalDay
2022-03-31,8049.0,198.0,0.0,0,451.64,0.0,1,3.73,1.75,SPY220422P00425000,425.0,0,0.0,0.0,,0.0,normalDay
2022-04-01,8049.0,248.0,0.0,0,452.92,0.0,1,3.73,1.25,SPY220422P00425000,425.0,0,0.0,0.0,,0.0,normalDay
2022-04-04,8049.0,307.0,0.0,0,456.8,0.0,1,3.73,0.66,SPY220422P00425000,425.0,0,0.0,0.0,,0.0,normalDay
2022-04-05,8049.0,249.0,0.0,0,451.03,0.0,1,3.73,1.24,SPY220422P00425000,425.0,0,0.0,0.0,,0.0,normalDay
2022-04-06,8049.0,207.0,0.0,0,446.52,0.0,1,3.73,1.66,SPY220422P00425000,425.0,0,0.0,0.0,,0.0,normalDay
2022-04-07,8049.0,243.0,0.0,0,448.77,0.0,1,3.73,1.3,SPY220422P00425000,425.0,0,0.0,0.0,,0.0,normalDay
2022-04-08,8049.0,259.0,0.0,0,447.57,0.0,1,3.73,1.14,SPY220422P00425000,425.0,0,0.0,0.0,,0.0,normalDay
2022-04-11,8049.0,148.0,0.0,0,439.92,0.0,1,3.73,2.25,SPY220422P00425000,425.0,0,0.0,0.0,,0.0,normalDay
2022-04-12,8049.0,149.0,0.0,0,438.29,0.0,1,3.73,2.24,SPY220422P00425000,425.0,0,0.0,0.0,,0.0,normalDay
2022-04-13,8049.0,285.0,0.0,0,443.31,0.0,1,3.73,0.88,SPY220422P00425000,425.0,0,0.0,0.0,,0.0,normalDay
2022-04-14,8049.0,258.0,0.0,0,437.79,0.0,1,3.73,1.15,SPY220422P00425000,425.0,0,0.0,0.0,,0.0,normalDay
2022-04-18,8049.0,332.0,0.0,0,437.97,0.0,1,3.73,0.41,SPY220422P00425000,425.0,0,0.0,0.0,,0.0,normalDay
2022-04-19,8049.0,356.0,0.0,0,445.04,0.0,1,3.73,0.17,SPY220422P00425000,425.0,0,0.0,0.0,,0.0,normalDay
2022-04-20,8049.0,368.0,0.0,0,444.71,0.0,1,3.73,0.05,SPY220422P00425000,425.0,0,0.0,0.0,,0.0,normalDay
2022-04-21,8049.0,365.0,0.0,0,438.06,0.0,1,3.73,0.08,SPY220422P00425000,425.0,0,0.0,0.0,,0.0,normalDay
2022-04-22,8422.0,0.0,373.0,0,426.04,0.0,1,3.73,0.0,SPY220422P00425000,425.0,0,0.0,0.0,,0.0,expirationDay
2022-04-25,8422.0,-42.0,0.0,0,428.51,0.0,1,16.35,16.77,SPY220527P00439000,439.0,0,0.0,0.0,,0.0,normalDay
2022-04-26,8422.0,-1076.0,0.0,0,416.1,0.0,1,16.35,27.11,SPY220527P00439000,439.0,0,0.0,0.0,,0.0,normalDay
2022-04-27,8422.0,-779.0,0.0,0,417.27,0.0,1,16.35,24.14,SPY220527P00439000,439.0,0,0.0,0.0,,0.0,normalDay
2022-04-28,8422.0,-222.0,0.0,0,427.81,0.0,1,16.35,18.57,SPY220527P00439000,439.0,0,0.0,0.0,,0.0,normalDay
2022-04-29,8422.0,-1211.0,0.0,0,412.0,0.0,1,16.35,28.46,SPY220527P00439000,439.0,0,0.0,0.0,,0.0,normalDay
2022-05-02,8422.0,-1024.0,0.0,0,414.48,0.0,1,16.35,26.59,SPY220527P00439000,439.0,0,0.0,0.0,,0.0,normalDay
2022-05-03,8422.0,-771.0,0.0,0,416.38,0.0,1,16.35,24.06,SPY220527P00439000,439.0,0,0.0,0.0,,0.0,normalDay
2022-05-04,8422.0,138.0,0.0,0,429.06,0.0,1,16.35,14.97,SPY220527P00439000,439.0,0,0.0,0.0,,0.0,normalDay
2022-05-05,8422.0,-1066.0,0.0,0,413.81,0.0,1,16.35,27.01,SPY220527P00439000,439.0,0,0.0,0.0,,0.0,normalDay
2022-05-06,8422.0,-1346.0,0.0,0,411.34,0.0,1,16.35,29.81,SPY220527P00439000,439.0,0,0.0,0.0,,0.0,normalDay
2022-05-09,8422.0,-2404.0,0.0,0,398.17,0.0,1,16.35,40.39,SPY220527P00439000,439.0,0,0.0,0.0,,0.0,normalDay
2022-05-10,8422.0,-2376.0,0.0,0,399.09,0.0,1,16.35,40.11,SPY220527P00439000,439.0,0,0.0,0.0,,0.0,normalDay
2022-05-11,8422.0,-2968.0,0.0,0,392.75,0.0,1,16.35,46.03,SPY220527P00439000,439.0,0,0.0,0.0,,0.0,normalDay
2022-05-12,8422.0,-3057.0,0.0,0,392.34,0.0,1,16.35,46.92,SPY220527P00439000,439.0,0,0.0,0.0,,0.0,normalDay
2022-05-13,8422.0,-2196.0,0.0,0,401.72,0.0,1,16.35,38.31,SPY220527P00439000,439.0,0,0.0,0.0,,0.0,normalDay
2022-05-16,8422.0,-2316.0,0.0,0,400.09,0.0,1,16.35,39.51,SPY220527P00439000,439.0,0,0.0,0.0,,0.0,normalDay
2022-05-17,8422.0,-1456.0,0.0,0,408.32,0.0,1,16.35,30.91,SPY220527P00439000,439.0,0,0.0,0.0,,0.0,normalDay
2022-05-18,8422.0,-3198.0,0.0,0,391.86,0.0,1,16.35,48.33,SPY220527P00439000,439.0,0,0.0,0.0,,0.0,normalDay
2022-05-19,8422.0,-3377.0,0.0,0,389.46,0.0,1,16.35,50.12,SPY220527P00439000,439.0,0,0.0,0.0,,0.0,normalDay
2022-05-20,8422.0,-3356.0,0.0,0,389.63,0.0,1,16.35,49.91,SPY220527P00439000,439.0,0,0.0,0.0,,0.0,normalDay
2022-05-23,8422.0,-2553.0,0.0,0,396.92,0.0,1,16.35,41.88,SPY220527P00439000,439.0,0,0.0,0.0,,0.0,normalDay
2022-05-24,8422.0,-2850.0,0.0,0,393.89,0.0,1,16.35,44.85,SPY220527P00439000,439.0,0,0.0,0.0,,0.0,normalDay
2022-05-25,8422.0,-2566.0,0.0,0,397.37,0.0,1,16.35,42.01,SPY220527P00439000,439.0,0,0.0,0.0,,0.0,normalDay
2022-05-26,8422.0,-1825.0,0.0,0,405.31,0.0,1,16.35,34.6,SPY220527P00439000,439.0,0,0.0,0.0,,0.0,normalDay
2022-05-27,10057.0,-2374.0,1635.0,100,415.26,439.0,1,16.35,0.0,SPY220527P00439000,439.0,0,0.0,0.0,,0.0,expirationDay
2022-05-31,10057.0,-2610.0,0.0,100,412.93,439.0,0,0.0,0.0,,0.0,1,2.06,2.09,SPY220606C00419000,419.0,normalDay
2022-06-01,10057.0,-2825.0,0.0,100,409.59,439.0,0,0.0,0.0,,0.0,1,2.06,0.9,SPY220606C00419000,419.0,normalDay
2022-06-02,10057.0,-2199.0,0.0,100,417.39,439.0,0,0.0,0.0,,0.0,1,2.06,2.44,SPY220606C00419000,419.0,normalDay
2022-06-03,10057.0,-2659.0,0.0,100,410.54,439.0,0,0.0,0.0,,0.0,1,2.06,0.19,SPY220606C00419000,419.0,normalDay
2022-06-06,10263.0,-2721.0,206.0,100,411.79,439.0,0,0.0,0.0,,0.0,1,2.06,0.0,SPY220606C00419000,419.0,expirationDay
2022-06-07,10263.0,-2330.0,0.0,100,415.74,439.0,0,0.0,0.0,,0.0,1,3.55,3.59,SPY220613C00417000,417.0,normalDay
2022-06-08,10263.0,-2588.0,0.0,100,411.22,439.0,0,0.0,0.0,,0.0,1,3.55,1.65,SPY220613C00417000,417.0,normalDay
2022-06-09,10263.0,-3430.0,0.0,100,401.44,439.0,0,0.0,0.0,,0.0,1,3.55,0.29,SPY220613C00417000,417.0,normalDay
2022-06-10,10263.0,-4567.0,0.0,100,389.8,439.0,0,0.0,0.0,,0.0,1,3.55,0.02,SPY220613C00417000,417.0,normalDay
2022-06-13,10618.0,-6400.0,355.0,100,375.0,439.0,0,0.0,0.0,,0.0,1,3.55,0.0,SPY220613C00417000,417.0,expirationDay
2022-06-14,10618.0,-6513.0,0.0,100,373.87,439.0,0,0.0,0.0,,0.0,0,0.0,0.0,,0.0,bidTooLow
2022-06-15,10618.0,-5980.0,0.0,100,379.2,439.0,0,0.0,0.0,,0.0,0,0.0,0.0,,0.0,bidTooLow
2022-06-16,10618.0,-7235.0,0.0,100,366.65,439.0,0,0.0,0.0,,0.0,0,0.0,0.0,,0.0,bidTooLow
2022-06-17,10618.0,-7314.0,0.0,100,365.86,439.0,0,0.0,0.0,,0.0,0,0.0,0.0,,0.0,bidTooLow
2022-06-21,10618.0,-6393.0,0.0,100,375.07,439.0,0,0.0,0.0,,0.0,0,0.0,0.0,,0.0,bidTooLow
2022-06-22,10618.0,-6461.0,0.0,100,374.39,439.0,0,0.0,0.0,,0.0,0,0.0,0.0,,0.0,bidTooLow
2022-06-23,10618.0,-6094.0,0.0,100,378.06,439.0,0,0.0,0.0,,0.0,0,0.0,0.0,,0.0,bidTooLow
2022-06-24,10618.0,-4895.0,0.0,100,390.08,439.0,0,0.0,0.0,,0.0,1,0.01,0.04,SPY220630C00422000,422.0,normalDay
2022-06-27,10618.0,-5043.0,0.0,100,388.59,439.0,0,0.0,0.0,,0.0,1,0.01,0.03,SPY220630C00422000,422.0,normalDay
2022-06-28,10618.0,-5835.0,0.0,100,380.65,439.0,0,0.0,0.0,,0.0,1,0.01,0.01,SPY220630C00422000,422.0,normalDay
2022-06-29,10618.0,-5866.0,0.0,100,380.34,439.0,0,0.0,0.0,,0.0,1,0.01,0.01,SPY220630C00422000,422.0,normalDay
2022-06-30,10619.0,-6175.0,1.0,100,377.25,439.0,0,0.0,0.0,,0.0,1,0.01,0.0,SPY220630C00422000,422.0,expirationDay
2022-07-01,10619.0,-5776.0,0.0,100,381.24,439.0,0,0.0,0.0,,0.0,0,0.0,0.0,,0.0,bidTooLow
2022-07-05,10619.0,-5707.0,0.0,100,381.96,439.0,0,0.0,0.0,,0.0,1,0.01,0.04,SPY220711C00407000,407.0,normalDay
2022-07-06,10619.0,-5577.0,0.0,100,383.25,439.0,0,0.0,0.0,,0.0,1,0.01,0.03,SPY220711C00407000,407.0,normalDay
2022-07-07,10619.0,-5002.0,0.0,100,388.99,439.0,0,0.0,0.0,,0.0,1,0.01,0.02,SPY220711C00407000,407.0,normalDay
2022-07-08,10619.0,-5033.0,0.0,100,388.67,439.0,0,0.0,0.0,,0.0,1,0.01,0.01,SPY220711C00407000,407.0,normalDay
2022-07-11,10620.0,-5477.0,1.0,100,384.23,439.0,0,0.0,0.0,,0.0,1,0.01,0.0,SPY220711C00407000,407.0,expirationDay
2022-07-12,10620.0,-5820.0,0.0,100,380.83,439.0,0,0.0,0.0,,0.0,1,1.34,1.37,SPY220718C00390000,390.0,normalDay
2022-07-13,10620.0,-5933.0,0.0,100,378.83,439.0,0,0.0,0.0,,0.0,1,1.34,0.5,SPY220718C00390000,390.0,normalDay
2022-07-14,10620.0,-5993.0,0.0,100,377.91,439.0,0,0.0,0.0,,0.0,1,1.34,0.18,SPY220718C00390000,390.0,normalDay
2022-07-15,10620.0,-5283.0,0.0,100,385.13,439.0,0,0.0,0.0,,0.0,1,1.34,0.3,SPY220718C00390000,390.0,normalDay
2022-07-18,10754.0,-5705.0,134.0,100,381.95,439.0,0,0.0,0.0,,0.0,1,1.34,0.0,SPY220718C00390000,390.0,expirationDay
2022-07-19,10754.0,-4679.0,0.0,100,392.27,439.0,0,0.0,0.0,,0.0,1,5.85,5.91,SPY220725C00390000,390.0,normalDay
2022-07-20,10754.0,-4528.0,0.0,100,394.77,439.0,0,0.0,0.0,,0.0,1,5.85,6.9,SPY220725C00390000,390.0,normalDay
2022-07-21,10754.0,-4355.0,0.0,100,398.79,439.0,0,0.0,0.0,,0.0,1,5.85,9.19,SPY220725C00390000,390.0,normalDay
2022-07-22,10754.0,-4334.0,0.0,100,395.09,439.0,0,0.0,0.0,,0.0,1,5.85,5.28,SPY220725C00390000,390.0,normalDay
2022-07-25,6439.0,-4334.0,-4315.0,0,395.57,0.0,0,0.0,0.0,,0.0,1,5.85,0.0,SPY220725C00390000,390.0,expirationDay
2022-07-26,6439.0,-7.0,0.0,0,390.89,0.0,1,6.3,6.37,SPY220826P00381000,381.0,0,0.0,0.0,,0.0,normalDay
2022-07-27,6439.0,248.0,0.0,0,401.04,0.0,1,6.3,3.82,SPY220826P00381000,381.0,0,0.0,0.0,,0.0,normalDay
2022-07-28,6439.0,390.0,0.0,0,406.07,0.0,1,6.3,2.4,SPY220826P00381000,381.0,0,0.0,0.0,,0.0,normalDay
2022-07-29,6439.0,466.0,0.0,0,411.99,0.0,1,6.3,1.64,SPY220826P00381000,381.0,0,0.0,0.0,,0.0,normalDay
2022-08-01,6439.0,449.0,0.0,0,410.77,0.0,1,6.3,1.81,SPY220826P00381000,381.0,0,0.0,0.0,,0.0,normalDay
2022-08-02,6439.0,398.0,0.0,0,408.06,0.0,1,6.3,2.32,SPY220826P00381000,381.0,0,0.0,0.0,,0.0,normalDay
2022-08-03,6439.0,507.0,0.0,0,414.45,0.0,1,6.3,1.23,SPY220826P00381000,381.0,0,0.0,0.0,,0.0,normalDay
2022-08-04,6439.0,524.0,0.0,0,414.17,0.0,1,6.3,1.06,SPY220826P00381000,381.0,0,0.0,0.0,,0.0,normalDay
2022-08-05,6439.0,528.0,0.0,0,413.47,0.0,1,6.3,1.02,SPY220826P00381000,381.0,0,0.0,0.0,,0.0,normalDay
2022-08-08,6439.0,547.0,0.0,0,412.99,0.0,1,6.3,0.83,SPY220826P00381000,381.0,0,0.0,0.0,,0.0,normalDay
2022-08-09,6439.0,539.0,0.0,0,411.35,0.0,1,6.3,0.91,SPY220826P00381000,381.0,0,0.0,0.0,,0.0,normalDay
2022-08-10,6439.0,595.0,0.0,0,419.99,0.0,1,6.3,0.35,SPY220826P00381000,381.0,0,0.0,0.0,,0.0,normalDay
2022-08-11,6439.0,597.0,0.0,0,419.99,0.0,1,6.3,0.33,SPY220826P00381000,381.0,0,0.0,0.0,,0.0,normalDay
2022-08-12,6439.0,612.0,0.0,0,427.1,0.0,1,6.3,0.18,SPY220826P00381000,381.0,0,0.0,0.0,,0.0,normalDay
2022-08-15,6439.0,619.0,0.0,0,428.86,0.0,1,6.3,0.11,SPY220826P00381000,381.0,0,0.0,0.0,,0.0,normalDay
2022-08-16,6439.0,620.0,0.0,0,429.7,0.0,1,6.3,0.1,SPY220826P00381000,381.0,0,0.0,0.0,,0.0,normalDay
2022-08-17,6439.0,623.0,0.0,0,426.65,0.0,1,6.3,0.07,SPY220826P00381000,381.0,0,0.0,0.0,,0.0,normalDay
2022-08-18,6439.0,625.0,0.0,0,427.89,0.0,1,6.3,0.05,SPY220826P00381000,381.0,0,0.0,0.0,,0.0,normalDay
2022-08-19,6439.0,626.0,0.0,0,422.14,0.0,1,6.3,0.04,SPY220826P00381000,381.0,0,0.0,0.0,,0.0,normalDay
2022-08-22,6439.0,624.0,0.0,0,413.35,0.0,1,6.3,0.06,SPY220826P00381000,381.0,0,0.0,0.0,,0.0,normalDay
2022-08-23,6439.0,625.0,0.0,0,412.35,0.0,1,6.3,0.05,SPY220826P00381000,381.0,0,0.0,0.0,,0.0,normalDay
2022-08-24,6439.0,628.0,0.0,0,413.67,0.0,1,6.3,0.02,SPY220826P00381000,381.0,0,0.0,0.0,,0.0,normalDay
2022-08-25,6439.0,629.0,0.0,0,419.51,0.0,1,6.3,0.01,SPY220826P00381000,381.0,0,0.0,0.0,,0.0,normalDay
2022-08-26,7069.0,0.0,630.0,0,405.31,0.0,1,6.3,0.0,SPY220826P00381000,381.0,0,0.0,0.0,,0.0,expirationDay
2022-08-29,7069.0,-12.0,0.0,0,402.63,0.0,1,16.32,16.44,SPY220930P00412000,412.0,0,0.0,0.0,,0.0,normalDay
2022-08-30,7069.0,-282.0,0.0,0,398.21,0.0,1,16.32,19.14,SPY220930P00412000,412.0,0,0.0,0.0,,0.0,normalDay
2022-08-31,7069.0,-450.0,0.0,0,395.18,0.0,1,16.32,20.82,SPY220930P00412000,412.0,0,0.0,0.0,,0.0,normalDay
2022-09-01,7069.0,-351.0,0.0,0,396.42,0.0,1,16.32,19.83,SPY220930P00412000,412.0,0,0.0,0.0,,0.0,normalDay
2022-09-02,7069.0,-633.0,0.0,0,392.24,0.0,1,16.32,22.65,SPY220930P00412000,412.0,0,0.0,0.0,,0.0,normalDay
2022-09-06,7069.0,-834.0,0.0,0,390.76,0.0,1,16.32,24.66,SPY220930P00412000,412.0,0,0.0,0.0,,0.0,normalDay
2022-09-07,7069.0,-212.0,0.0,0,397.78,0.0,1,16.32,18.44,SPY220930P00412000,412.0,0,0.0,0.0,,0.0,normalDay
2022-09-08,7069.0,61.0,0.0,0,400.38,0.0,1,16.32,15.71,SPY220930P00412000,412.0,0,0.0,0.0,,0.0,normalDay
2022-09-09,7069.0,450.0,0.0,0,406.6,0.0,1,16.32,11.82,SPY220930P00412000,412.0,0,0.0,0.0,,0.0,normalDay
2022-09-12,7069.0,719.0,0.0,0,410.97,0.0,1,16.32,9.13,SPY220930P00412000,412.0,0,0.0,0.0,,0.0,normalDay
2022-09-13,7069.0,-529.0,0.0,0,393.1,0.0,1,16.32,21.61,SPY220930P00412000,412.0,0,0.0,0.0,,0.0,normalDay
2022-09-14,7069.0,-383.0,0.0,0,394.6,0.0,1,16.32,20.15,SPY220930P00412000,412.0,0,0.0,0.0,,0.0,normalDay
2022-09-15,7069.0,-693.0,0.0,0,390.12,0.0,1,16.32,23.25,SPY220930P00412000,412.0,0,0.0,0.0,,0.0,normalDay
2022-09-16,7069.0,-1002.0,0.0,0,385.56,0.0,1,16.32,26.34,SPY220930P00412000,412.0,0,0.0,0.0,,0.0,normalDay
2022-09-19,7069.0,-739.0,0.0,0,388.55,0.0,1,16.32,23.71,SPY220930P00412000,412.0,0,0.0,0.0,,0.0,normalDay
2022-09-20,7069.0,-1130.0,0.0,0,384.09,0.0,1,16.32,27.62,SPY220930P00412000,412.0,0,0.0,0.0,,0.0,normalDay
2022-09-21,7069.0,-1840.0,0.0,0,377.39,0.0,1,16.32,34.72,SPY220930P00412000,412.0,0,0.0,0.0,,0.0,normalDay
2022-09-22,7069.0,-2117.0,0.0,0,374.22,0.0,1,16.32,37.49,SPY220930P00412000,412.0,0,0.0,0.0,,0.0,normalDay
2022-09-23,7069.0,-2821.0,0.0,0,367.95,0.0,1,16.32,44.53,SPY220930P00412000,412.0,0,0.0,0.0,,0.0,normalDay
2022-09-26,7069.0,-3212.0,0.0,0,364.31,0.0,1,16.32,48.44,SPY220930P00412000,412.0,0,0.0,0.0,,0.0,normalDay
2022-09-27,7069.0,-3248.0,0.0,0,363.38,0.0,1,16.32,48.8,SPY220930P00412000,412.0,0,0.0,0.0,,0.0,normalDay
2022-09-28,7069.0,-2535.0,0.0,0,370.53,0.0,1,16.32,41.67,SPY220930P00412000,412.0,0,0.0,0.0,,0.0,normalDay
2022-09-29,7069.0,-3287.0,0.0,0,362.79,0.0,1,16.32,49.19,SPY220930P00412000,412.0,0,0.0,0.0,,0.0,normalDay
2022-09-30,8701.0,-5482.0,1632.0,100,357.18,412.0,1,16.32,0.0,SPY220930P00412000,412.0,0,0.0,0.0,,0.0,expirationDay
2022-10-03,8701.0,-4539.0,0.0,100,366.61,412.0,0,0.0,0.0,,0.0,0,0.0,0.0,,0.0,bidTooLow
2022-10-04,8701.0,-3406.0,0.0,100,377.97,412.0,0,0.0,0.0,,0.0,1,0.03,0.06,SPY221010C00405000,405.0,normalDay
2022-10-05,8701.0,-3490.0,0.0,100,377.09,412.0,0,0.0,0.0,,0.0,1,0.03,0.02,SPY221010C00405000,405.0,normalDay
2022-10-06,8701.0,-3878.0,0.0,100,373.2,412.0,0,0.0,0.0,,0.0,1,0.03,0.01,SPY221010C00405000,405.0,normalDay
2022-10-07,8701.0,-4919.0,0.0,100,362.79,412.0,0,0.0,0.0,,0.0,1,0.03,0.01,SPY221010C00405000,405.0,normalDay
2022-10-10,8704.0,-5198.0,3.0,100,360.02,412.0,0,0.0,0.0,,0.0,1,0.03,0.0,SPY221010C00405000,405.0,expirationDay
2022-10-11,8704.0,-5429.0,0.0,100,357.74,412.0,0,0.0,0.0,,0.0,1,0.05,0.08,SPY221017C00390000,390.0,normalDay
2022-10-12,8704.0,-5544.0,0.0,100,356.56,412.0,0,0.0,0.0,,0.0,1,0.05,0.05,SPY221017C00390000,390.0,normalDay
2022-10-13,8704.0,-4603.0,0.0,100,365.97,412.0,0,0.0,0.0,,0.0,1,0.05,0.05,SPY221017C00390000,390.0,normalDay
2022-10-14,8704.0,-5433.0,0.0,100,357.63,412.0,0,0.0,0.0,,0.0,1,0.05,0.01,SPY221017C00390000,390.0,normalDay
2022-10-17,8709.0,-4518.0,5.0,100,366.82,412.0,0,0.0,0.0,,0.0,1,0.05,0.0,SPY221017C00390000,390.0,expirationDay
2022-10-18,8709.0,-4092.0,0.0,100,371.13,412.0,0,0.0,0.0,,0.0,1,2.89,2.94,SPY221024C00377000,377.0,normalDay
2022-10-19,8709.0,-4183.0,0.0,100,368.5,412.0,0,0.0,0.0,,0.0,1,2.89,1.22,SPY221024C00377000,377.0,normalDay
2022-10-20,8709.0,-4400.0,0.0,100,365.41,412.0,0,0.0,0.0,,0.0,1,2.89,0.3,SPY221024C00377000,377.0,normalDay
2022-10-21,8709.0,-3623.0,0.0,100,374.29,412.0,0,0.0,0.0,,0.0,1,2.89,1.41,SPY221024C00377000,377.0,normalDay
2022-10-24,5498.0,-3623.0,-3211.0,0,378.87,0.0,0,0.0,0.0,,0.0,1,2.89,0.0,SPY221024C00377000,377.0,expirationDay
2022-10-25,5498.0,-10.0,0.0,0,384.92,0.0,1,4.26,4.36,SPY221125P00362000,362.0,0,0.0,0.0,,0.0,normalDay
2022-10-26,5498.0,25.0,0.0,0,382.02,0.0,1,4.26,4.01,SPY221125P00362000,362.0,0,0.0,0.0,,0.0,normalDay
2022-10-27,5498.0,-110.0,0.0,0,379.98,0.0,1,4.26,5.36,SPY221125P00362000,362.0,0,0.0,0.0,,0.0,normalDay
2022-10-28,5498.0,177.0,0.0,0,389.02,0.0,1,4.26,2.49,SPY221125P00362000,362.0,0,0.0,0.0,,0.0,normalDay
2022-10-31,5498.0,181.0,0.0,0,386.21,0.0,1,4.26,2.45,SPY221125P00362000,362.0,0,0.0,0.0,,0.0,normalDay
2022-11-01,5498.0,165.0,0.0,0,384.52,0.0,1,4.26,2.61,SPY221125P00362000,362.0,0,0.0,0.0,,0.0,normalDay
2022-11-02,5498.0,-9.0,0.0,0,374.87,0.0,1,4.26,4.35,SPY221125P00362000,362.0,0,0.0,0.0,,0.0,normalDay
2022-11-03,5498.0,-75.0,0.0,0,371.01,0.0,1,4.26,5.01,SPY221125P00362000,362.0,0,0.0,0.0,,0.0,normalDay
2022-11-04,5498.0,93.0,0.0,0,376.35,0.0,1,4.26,3.33,SPY221125P00362000,362.0,0,0.0,0.0,,0.0,normalDay
2022-11-07,5498.0,219.0,0.0,0,379.95,0.0,1,4.26,2.07,SPY221125P00362000,362.0,0,0.0,0.0,,0.0,normalDay
2022-11-08,5498.0,223.0,0.0,0,382.0,0.0,1,4.26,2.03,SPY221125P00362000,362.0,0,0.0,0.0,,0.0,normalDay
2022-11-09,5498.0,109.0,0.0,0,374.13,0.0,1,4.26,3.17,SPY221125P00362000,362.0,0,0.0,0.0,,0.0,normalDay
2022-11-10,5498.0,386.0,0.0,0,394.69,0.0,1,4.26,0.4,SPY221125P00362000,362.0,0,0.0,0.0,,0.0,normalDay
2022-11-11,5498.0,401.0,0.0,0,398.51,0.0,1,4.26,0.25,SPY221125P00362000,362.0,0,0.0,0.0,,0.0,normalDay
2022-11-14,5498.0,406.0,0.0,0,395.12,0.0,1,4.26,0.2,SPY221125P00362000,362.0,0,0.0,0.0,,0.0,normalDay
2022-11-15,5498.0,409.0,0.0,0,398.49,0.0,1,4.26,0.17,SPY221125P00362000,362.0,0,0.0,0.0,,0.0,normalDay
2022-11-16,5498.0,413.0,0.0,0,395.45,0.0,1,4.26,0.13,SPY221125P00362000,362.0,0,0.0,0.0,,0.0,normalDay
2022-11-17,5498.0,413.0,0.0,0,394.24,0.0,1,4.26,0.13,SPY221125P00362000,362.0,0,0.0,0.0,,0.0,normalDay
2022-11-18,5498.0,420.0,0.0,0,396.03,0.0,1,4.26,0.06,SPY221125P00362000,362.0,0,0.0,0.0,,0.0,normalDay
2022-11-21,5498.0,424.0,0.0,0,394.59,0.0,1,4.26,0.02,SPY221125P00362000,362.0,0,0.0,0.0,,0.0,normalDay
2022-11-22,5498.0,424.0,0.0,0,399.9,0.0,1,4.26,0.02,SPY221125P00362000,362.0,0,0.0,0.0,,0.0,normalDay
2022-11-23,5498.0,425.0,0.0,0,402.42,0.0,1,4.26,0.01,SPY221125P00362000,362.0,0,0.0,0.0,,0.0,normalDay
2022-11-25,5924.0,0.0,426.0,0,402.33,0.0,1,4.26,0.0,SPY221125P00362000,362.0,0,0.0,0.0,,0.0,expirationDay
2022-11-28,5924.0,-4.0,0.0,0,395.91,0.0,1,5.12,5.16,SPY221230P00383000,383.0,0,0.0,0.0,,0.0,normalDay
2022-11-29,5924.0,-2.0,0.0,0,395.23,0.0,1,5.12,5.14,SPY221230P00383000,383.0,0,0.0,0.0,,0.0,normalDay
2022-11-30,5924.0,286.0,0.0,0,407.68,0.0,1,5.12,2.26,SPY221230P00383000,383.0,0,0.0,0.0,,0.0,normalDay
2022-12-01,5924.0,304.0,0.0,0,407.38,0.0,1,5.12,2.08,SPY221230P00383000,383.0,0,0.0,0.0,,0.0,normalDay
2022-12-02,5924.0,329.0,0.0,0,406.91,0.0,1,5.12,1.83,SPY221230P00383000,383.0,0,0.0,0.0,,0.0,normalDay
2022-12-05,5924.0,209.0,0.0,0,399.59,0.0,1,5.12,3.03,SPY221230P00383000,383.0,0,0.0,0.0,,0.0,normalDay
2022-12-06,5924.0,38.0,0.0,0,393.83,0.0,1,5.12,4.74,SPY221230P00383000,383.0,0,0.0,0.0,,0.0,normalDay
2022-12-07,5924.0,13.0,0.0,0,393.16,0.0,1,5.12,4.99,SPY221230P00383000,383.0,0,0.0,0.0,,0.0,normalDay
2022-12-08,5924.0,129.0,0.0,0,396.24,0.0,1,5.12,3.83,SPY221230P00383000,383.0,0,0.0,0.0,,0.0,normalDay
2022-12-09,5924.0,70.0,0.0,0,393.28,0.0,1,5.12,4.42,SPY221230P00383000,383.0,0,0.0,0.0,,0.0,normalDay
2022-12-12,5924.0,185.0,0.0,0,398.95,0.0,1,5.12,3.27,SPY221230P00383000,383.0,0,0.0,0.0,,0.0,normalDay
2022-12-13,5924.0,353.0,0.0,0,401.97,0.0,1,5.12,1.59,SPY221230P00383000,383.0,0,0.0,0.0,,0.0,normalDay
2022-12-14,5924.0,376.0,0.0,0,399.4,0.0,1,5.12,1.36,SPY221230P00383000,383.0,0,0.0,0.0,,0.0,normalDay
2022-12-15,5924.0,143.0,0.0,0,389.63,0.0,1,5.12,3.69,SPY221230P00383000,383.0,0,0.0,0.0,,0.0,normalDay
2022-12-16,5924.0,-17.0,0.0,0,383.27,0.0,1,5.12,5.29,SPY221230P00383000,383.0,0,0.0,0.0,,0.0,normalDay
2022-12-19,5924.0,-126.0,0.0,0,380.02,0.0,1,5.12,6.38,SPY221230P00383000,383.0,0,0.0,0.0,,0.0,normalDay
2022-12-20,5924.0,-34.0,0.0,0,380.54,0.0,1,5.12,5.46,SPY221230P00383000,383.0,0,0.0,0.0,,0.0,normalDay
2022-12-21,5924.0,272.0,0.0,0,386.23,0.0,1,5.12,2.4,SPY221230P00383000,383.0,0,0.0,0.0,,0.0,normalDay
2022-12-22,5924.0,13.0,0.0,0,380.72,0.0,1,5.12,4.99,SPY221230P00383000,383.0,0,0.0,0.0,,0.0,normalDay
2022-12-23,5924.0,185.0,0.0,0,382.91,0.0,1,5.12,3.27,SPY221230P00383000,383.0,0,0.0,0.0,,0.0,normalDay
2022-12-27,5924.0,179.0,0.0,0,381.4,0.0,1,5.12,3.33,SPY221230P00383000,383.0,0,0.0,0.0,,0.0,normalDay
2022-12-28,5924.0,-147.0,0.0,0,376.66,0.0,1,5.12,6.59,SPY221230P00383000,383.0,0,0.0,0.0,,0.0,normalDay
2022-12-29,5924.0,372.0,0.0,0,383.44,0.0,1,5.12,1.4,SPY221230P00383000,383.0,0,0.0,0.0,,0.0,normalDay
2022-12-30,6436.0,-57.0,512.0,100,382.43,383.0,1,5.12,0.0,SPY221230P00383000,383.0,0,0.0,0.0,,0.0,expirationDay
2023-01-03,6436.0,-221.0,0.0,100,380.82,383.0,0,0.0,0.0,,0.0,1,0.05,0.08,SPY230109C00400000,400.0,normalDay
2023-01-04,6436.0,74.0,0.0,100,383.76,383.0,0,0.0,0.0,,0.0,1,0.05,0.07,SPY230109C00400000,400.0,normalDay
2023-01-05,6436.0,-359.0,0.0,100,379.38,383.0,0,0.0,0.0,,0.0,1,0.05,0.02,SPY230109C00400000,400.0,normalDay
2023-01-06,6436.0,511.0,0.0,100,388.08,383.0,0,0.0,0.0,,0.0,1,0.05,0.02,SPY230109C00400000,400.0,normalDay
2023-01-09,6441.0,486.0,5.0,100,387.86,383.0,0,0.0,0.0,,0.0,1,0.05,0.0,SPY230109C00400000,400.0,expirationDay
2023-01-10,6441.0,754.0,0.0,100,390.58,383.0,0,0.0,0.0,,0.0,1,1.78,1.82,SPY230113C00397000,397.0,normalDay
2023-01-11,6441.0,1064.0,0.0,100,395.52,383.0,0,0.0,0.0,,0.0,1,1.78,3.66,SPY230113C00397000,397.0,normalDay
2023-01-12,6441.0,1401.0,0.0,100,396.96,383.0,0,0.0,0.0,,0.0,1,1.78,1.73,SPY230113C00397000,397.0,normalDay
2023-01-13,8019.0,1401.0,1578.0,0,398.5,0.0,0,0.0,0.0,,0.0,1,1.78,0.0,SPY230113C00397000,397.0,expirationDay
2023-01-17,8019.0,-4.0,0.0,0,397.77,0.0,1,2.86,2.9,SPY230217P00381000,381.0,0,0.0,0.0,,0.0,normalDay
2023-01-18,8019.0,-156.0,0.0,0,391.49,0.0,1,2.86,4.42,SPY230217P00381000,381.0,0,0.0,0.0,,0.0,normalDay
2023-01-19,8019.0,-222.0,0.0,0,388.64,0.0,1,2.86,5.08,SPY230217P00381000,381.0,0,0.0,0.0,,0.0,normalDay
2023-01-20,8019.0,-31.0,0.0,0,395.88,0.0,1,2.86,3.17,SPY230217P00381000,381.0,0,0.0,0.0,,0.0,normalDay
2023-01-23,8019.0,67.0,0.0,0,400.63,0.0,1,2.86,2.19,SPY230217P00381000,381.0,0,0.0,0.0,,0.0,normalDay
2023-01-24,8019.0,96.0,0.0,0,400.2,0.0,1,2.86,1.9,SPY230217P00381000,381.0,0,0.0,0.0,,0.0,normalDay
2023-01-25,8019.0,92.0,0.0,0,400.35,0.0,1,2.86,1.94,SPY230217P00381000,381.0,0,0.0,0.0,,0.0,normalDay
2023-01-26,8019.0,154.0,0.0,0,404.75,0.0,1,2.86,1.32,SPY230217P00381000,381.0,0,0.0,0.0,,0.0,normalDay
2023-01-27,8019.0,173.0,0.0,0,405.68,0.0,1,2.86,1.13,SPY230217P00381000,381.0,0,0.0,0.0,,0.0,normalDay
2023-01-30,8019.0,127.0,0.0,0,400.59,0.0,1,2.86,1.59,SPY230217P00381000,381.0,0,0.0,0.0,,0.0,normalDay
2023-01-31,8019.0,184.0,0.0,0,406.48,0.0,1,2.86,1.02,SPY230217P00381000,381.0,0,0.0,0.0,,0.0,normalDay
2023-02-01,8019.0,234.0,0.0,0,410.8,0.0,1,2.86,0.52,SPY230217P00381000,381.0,0,0.0,0.0,,0.0,normalDay
2023-02-02,8019.0,242.0,0.0,0,416.78,0.0,1,2.86,0.44,SPY230217P00381000,381.0,0,0.0,0.0,,0.0,normalDay
2023-02-03,8019.0,248.0,0.0,0,412.35,0.0,1,2.86,0.38,SPY230217P00381000,381.0,0,0.0,0.0,,0.0,normalDay
2023-02-06,8019.0,249.0,0.0,0,409.83,0.0,1,2.86,0.37,SPY230217P00381000,381.0,0,0.0,0.0,,0.0,normalDay
2023-02-07,8019.0,267.0,0.0,0,415.19,0.0,1,2.86,0.19,SPY230217P00381000,381.0,0,0.0,0.0,,0.0,normalDay
2023-02-08,8019.0,263.0,0.0,0,410.65,0.0,1,2.86,0.23,SPY230217P00381000,381.0,0,0.0,0.0,,0.0,normalDay
2023-02-09,8019.0,251.0,0.0,0,407.09,0.0,1,2.86,0.35,SPY230217P00381000,381.0,0,0.0,0.0,,0.0,normalDay
2023-02-10,8019.0,266.0,0.0,0,408.04,0.0,1,2.86,0.2,SPY230217P00381000,381.0,0,0.0,0.0,,0.0,normalDay
2023-02-13,8019.0,276.0,0.0,0,412.83,0.0,1,2.86,0.1,SPY230217P00381000,381.0,0,0.0,0.0,,0.0,normalDay
2023-02-14,8019.0,281.0,0.0,0,412.64,0.0,1,2.86,0.05,SPY230217P00381000,381.0,0,0.0,0.0,,0.0,normalDay
2023-02-15,8019.0,283.0,0.0,0,413.98,0.0,1,2.86,0.03,SPY230217P00381000,381.0,0,0.0,0.0,,0.0,normalDay
2023-02-16,8019.0,278.0,0.0,0,408.28,0.0,1,2.86,0.08,SPY230217P00381000,381.0,0,0.0,0.0,,0.0,normalDay
2023-02-17,8305.0,0.0,286.0,0,407.26,0.0,1,2.86,0.0,SPY230217P00381000,381.0,0,0.0,0.0,,0.0,expirationDay
2023-02-21,8305.0,-5.0,0.0,0,399.09,0.0,1,11.73,11.78,SPY230324P00404000,404.0,0,0.0,0.0,,0.0,normalDay
2023-02-22,8305.0,-1.0,0.0,0,398.54,0.0,1,11.73,11.74,SPY230324P00404000,404.0,0,0.0,0.0,,0.0,normalDay
2023-02-23,8305.0,129.0,0.0,0,400.66,0.0,1,11.73,10.44,SPY230324P00404000,404.0,0,0.0,0.0,,0.0,normalDay
2023-02-24,8305.0,-126.0,0.0,0,396.38,0.0,1,11.73,12.99,SPY230324P00404000,404.0,0,0.0,0.0,,0.0,normalDay
2023-02-27,8305.0,27.0,0.0,0,397.73,0.0,1,11.73,11.46,SPY230324P00404000,404.0,0,0.0,0.0,,0.0,normalDay
2023-02-28,8305.0,-76.0,0.0,0,396.26,0.0,1,11.73,12.49,SPY230324P00404000,404.0,0,0.0,0.0,,0.0,normalDay
2023-03-01,8305.0,-160.0,0.0,0,394.74,0.0,1,11.73,13.33,SPY230324P00404000,404.0,0,0.0,0.0,,0.0,normalDay
2023-03-02,8305.0,54.0,0.0,0,397.81,0.0,1,11.73,11.19,SPY230324P00404000,404.0,0,0.0,0.0,,0.0,normalDay
2023-03-03,8305.0,457.0,0.0,0,404.19,0.0,1,11.73,7.16,SPY230324P00404000,404.0,0,0.0,0.0,,0.0,normalDay
2023-03-06,8305.0,488.0,0.0,0,404.47,0.0,1,11.73,6.85,SPY230324P00404000,404.0,0,0.0,0.0,,0.0,normalDay
2023-03-07,8305.0,141.0,0.0,0,398.27,0.0,1,11.73,10.32,SPY230324P00404000,404.0,0,0.0,0.0,,0.0,normalDay
2023-03-08,8305.0,200.0,0.0,0,398.92,0.0,1,11.73,9.73,SPY230324P00404000,404.0,0,0.0,0.0,,0.0,normalDay
2023-03-09,8305.0,-397.0,0.0,0,391.56,0.0,1,11.73,15.7,SPY230324P00404000,404.0,0,0.0,0.0,,0.0,normalDay
2023-03-10,8305.0,-832.0,0.0,0,385.91,0.0,1,11.73,20.05,SPY230324P00404000,404.0,0,0.0,0.0,,0.0,normalDay
2023-03-13,8305.0,-856.0,0.0,0,385.36,0.0,1,11.73,20.29,SPY230324P00404000,404.0,0,0.0,0.0,,0.0,normalDay
2023-03-14,8305.0,-308.0,0.0,0,391.73,0.0,1,11.73,14.81,SPY230324P00404000,404.0,0,0.0,0.0,,0.0,normalDay
2023-03-15,8305.0,-512.0,0.0,0,389.28,0.0,1,11.73,16.85,SPY230324P00404000,404.0,0,0.0,0.0,,0.0,normalDay
2023-03-16,8305.0,89.0,0.0,0,396.11,0.0,1,11.73,10.84,SPY230324P00404000,404.0,0,0.0,0.0,,0.0,normalDay
2023-03-17,8305.0,-243.0,0.0,0,389.99,0.0,1,11.73,14.16,SPY230324P00404000,404.0,0,0.0,0.0,,0.0,normalDay
2023-03-20,8305.0,76.0,0.0,0,393.74,0.0,1,11.73,10.97,SPY230324P00404000,404.0,0,0.0,0.0,,0.0,normalDay
2023-03-21,8305.0,510.0,0.0,0,398.91,0.0,1,11.73,6.63,SPY230324P00404000,404.0,0,0.0,0.0,,0.0,normalDay
2023-03-22,8305.0,-34.0,0.0,0,392.11,0.0,1,11.73,12.07,SPY230324P00404000,404.0,0,0.0,0.0,,0.0,normalDay
2023-03-23,8305.0,79.0,0.0,0,393.17,0.0,1,11.73,10.94,SPY230324P00404000,404.0,0,0.0,0.0,,0.0,normalDay
2023-03-24,9478.0,-825.0,1173.0,100,395.75,404.0,1,11.73,0.0,SPY230324P00404000,404.0,0,0.0,0.0,,0.0,expirationDay
2023-03-27,9478.0,-754.0,0.0,100,396.49,404.0,0,0.0,0.0,,0.0,1,1.1,1.13,SPY230331C00402000,402.0,normalDay
2023-03-28,9478.0,-790.0,0.0,100,395.6,404.0,0,0.0,0.0,,0.0,1,1.1,0.6,SPY230331C00402000,402.0,normalDay
2023-03-29,9478.0,-333.0,0.0,100,401.35,404.0,0,0.0,0.0,,0.0,1,1.1,1.78,SPY230331C00402000,402.0,normalDay
2023-03-30,9478.0,-174.0,0.0,100,403.7,404.0,0,0.0,0.0,,0.0,1,1.1,2.54,SPY230331C00402000,402.0,normalDay
2023-03-31,9388.0,-174.0,-90.0,0,409.39,0.0,0,0.0,0.0,,0.0,1,1.1,0.0,SPY230331C00402000,402.0,expirationDay
2023-04-03,9388.0,-3.0,0.0,0,410.95,0.0,1,2.53,2.56,SPY230505P00391000,391.0,0,0.0,0.0,,0.0,normalDay
2023-04-04,9388.0,-34.0,0.0,0,408.67,0.0,1,2.53,2.87,SPY230505P00391000,391.0,0,0.0,0.0,,0.0,normalDay
2023-04-05,9388.0,-47.0,0.0,0,407.6,0.0,1,2.53,3.0,SPY230505P00391000,391.0,0,0.0,0.0,,0.0,normalDay
2023-04-06,9388.0,4.0,0.0,0,409.19,0.0,1,2.53,2.49,SPY230505P00391000,391.0,0,0.0,0.0,,0.0,normalDay
2023-04-10,9388.0,44.0,0.0,0,409.61,0.0,1,2.53,2.09,SPY230505P00391000,391.0,0,0.0,0.0,,0.0,normalDay
2023-04-11,9388.0,53.0,0.0,0,409.72,0.0,1,2.53,2.0,SPY230505P00391000,391.0,0,0.0,0.0,,0.0,normalDay
2023-04-12,9388.0,40.0,0.0,0,408.05,0.0,1,2.53,2.13,SPY230505P00391000,391.0,0,0.0,0.0,,0.0,normalDay
2023-04-13,9388.0,136.0,0.0,0,413.47,0.0,1,2.53,1.17,SPY230505P00391000,391.0,0,0.0,0.0,,0.0,normalDay
2023-04-14,9388.0,154.0,0.0,0,412.46,0.0,1,2.53,0.99,SPY230505P00391000,391.0,0,0.0,0.0,,0.0,normalDay
2023-04-17,9388.0,177.0,0.0,0,413.94,0.0,1,2.53,0.76,SPY230505P00391000,391.0,0,0.0,0.0,,0.0,normalDay
2023-04-18,9388.0,178.0,0.0,0,414.21,0.0,1,2.53,0.75,SPY230505P00391000,391.0,0,0.0,0.0,,0.0,normalDay
2023-04-19,9388.0,186.0,0.0,0,414.14,0.0,1,2.53,0.67,SPY230505P00391000,391.0,0,0.0,0.0,,0.0,normalDay
2023-04-20,9388.0,175.0,0.0,0,411.88,0.0,1,2.53,0.78,SPY230505P00391000,391.0,0,0.0,0.0,,0.0,normalDay
2023-04-21,9388.0,188.0,0.0,0,412.2,0.0,1,2.53,0.65,SPY230505P00391000,391.0,0,0.0,0.0,,0.0,normalDay
2023-04-24,9388.0,208.0,0.0,0,412.63,0.0,1,2.53,0.45,SPY230505P00391000,391.0,0,0.0,0.0,,0.0,normalDay
2023-04-25,9388.0,159.0,0.0,0,406.08,0.0,1,2.53,0.94,SPY230505P00391000,391.0,0,0.0,0.0,,0.0,normalDay
2023-04-26,9388.0,145.0,0.0,0,404.36,0.0,1,2.53,1.08,SPY230505P00391000,391.0,0,0.0,0.0,,0.0,normalDay
2023-04-27,9388.0,233.0,0.0,0,412.41,0.0,1,2.53,0.2,SPY230505P00391000,391.0,0,0.0,0.0,,0.0,normalDay
2023-04-28,9388.0,244.0,0.0,0,415.93,0.0,1,2.53,0.09,SPY230505P00391000,391.0,0,0.0,0.0,,0.0,normalDay
2023-05-01,9388.0,248.0,0.0,0,415.51,0.0,1,2.53,0.05,SPY230505P00391000,391.0,0,0.0,0.0,,0.0,normalDay
2023-05-02,9388.0,246.0,0.0,0,410.84,0.0,1,2.53,0.07,SPY230505P00391000,391.0,0,0.0,0.0,,0.0,normalDay
2023-05-03,9388.0,245.0,0.0,0,408.02,0.0,1,2.53,0.08,SPY230505P00391000,391.0,0,0.0,0.0,,0.0,normalDay
2023-05-04,9388.0,248.0,0.0,0,405.13,0.0,1,2.53,0.05,SPY230505P00391000,391.0,0,0.0,0.0,,0.0,normalDay
2023-05-05,9641.0,0.0,253.0,0,412.63,0.0,1,2.53,0.0,SPY230505P00391000,391.0,0,0.0,0.0,,0.0,expirationDay
2023-05-08,9641.0,-4.0,0.0,0,412.74,0.0,1,5.26,5.3,SPY230609P00409000,409.0,0,0.0,0.0,,0.0,normalDay
2023-05-09,9641.0,-65.0,0.0,0,410.93,0.0,1,5.26,5.91,SPY230609P00409000,409.0,0,0.0,0.0,,0.0,normalDay
2023-05-10,9641.0,44.0,0.0,0,412.85,0.0,1,5.26,4.82,SPY230609P00409000,409.0,0,0.0,0.0,,0.0,normalDay
2023-05-11,9641.0,31.0,0.0,0,412.13,0.0,1,5.26,4.95,SPY230609P00409000,409.0,0,0.0,0.0,,0.0,normalDay
2023-05-12,9641.0,20.0,0.0,0,411.59,0.0,1,5.26,5.06,SPY230609P00409000,409.0,0,0.0,0.0,,0.0,normalDay
2023-05-15,9641.0,117.0,0.0,0,413.01,0.0,1,5.26,4.09,SPY230609P00409000,409.0,0,0.0,0.0,,0.0,normalDay
2023-05-16,9641.0,13.0,0.0,0,410.25,0.0,1,5.26,5.13,SPY230609P00409000,409.0,0,0.0,0.0,,0.0,normalDay
2023-05-17,9641.0,197.0,0.0,0,415.23,0.0,1,5.26,3.29,SPY230609P00409000,409.0,0,0.0,0.0,,0.0,normalDay
2023-05-18,9641.0,312.0,0.0,0,419.23,0.0,1,5.26,2.14,SPY230609P00409000,409.0,0,0.0,0.0,,0.0,normalDay
2023-05-19,9641.0,292.0,0.0,0,418.62,0.0,1,5.26,2.34,SPY230609P00409000,409.0,0,0.0,0.0,,0.0,normalDay
2023-05-22,9641.0,312.0,0.0,0,418.79,0.0,1,5.26,2.14,SPY230609P00409000,409.0,0,0.0,0.0,,0.0,normalDay
2023-05-23,9641.0,183.0,0.0,0,414.09,0.0,1,5.26,3.43,SPY230609P00409000,409.0,0,0.0,0.0,,0.0,normalDay
2023-05-24,9641.0,68.0,0.0,0,411.09,0.0,1,5.26,4.58,SPY230609P00409000,409.0,0,0.0,0.0,,0.0,normalDay
2023-05-25,9641.0,210.0,0.0,0,414.65,0.0,1,5.26,3.16,SPY230609P00409000,409.0,0,0.0,0.0,,0.0,normalDay
2023-05-26,9641.0,356.0,0.0,0,420.02,0.0,1,5.26,1.7,SPY230609P00409000,409.0,0,0.0,0.0,,0.0,normalDay
2023-05-30,9641.0,423.0,0.0,0,420.18,0.0,1,5.26,1.03,SPY230609P00409000,409.0,0,0.0,0.0,,0.0,normalDay
2023-05-31,9641.0,413.0,0.0,0,417.85,0.0,1,5.26,1.13,SPY230609P00409000,409.0,0,0.0,0.0,,0.0,normalDay
2023-06-01,9641.0,489.0,0.0,0,421.82,0.0,1,5.26,0.37,SPY230609P00409000,409.0,0,0.0,0.0,,0.0,normalDay
2023-06-02,9641.0,516.0,0.0,0,427.92,0.0,1,5.26,0.1,SPY230609P00409000,409.0,0,0.0,0.0,,0.0,normalDay
2023-06-05,9641.0,520.0,0.0,0,427.1,0.0,1,5.26,0.06,SPY230609P00409000,409.0,0,0.0,0.0,,0.0,normalDay
2023-06-06,9641.0,521.0,0.0,0,428.03,0.0,1,5.26,0.05,SPY230609P00409000,409.0,0,0.0,0.0,,0.0,normalDay
2023-06-07,9641.0,522.0,0.0,0,426.55,0.0,1,5.26,0.04,SPY230609P00409000,409.0,0,0.0,0.0,,0.0,normalDay
2023-06-08,9641.0,524.0,0.0,0,429.13,0.0,1,5.26,0.02,SPY230609P00409000,409.0,0,0.0,0.0,,0.0,normalDay
2023-06-09,10167.0,0.0,526.0,0,429.9,0.0,1,5.26,0.0,SPY230609P00409000,409.0,0,0.0,0.0,,0.0,expirationDay
2023-06-12,10167.0,-4.0,0.0,0,433.8,0.0,1,1.9,1.94,SPY230714P00416000,416.0,0,0.0,0.0,,0.0,normalDay
2023-06-13,10167.0,44.0,0.0,0,436.66,0.0,1,1.9,1.46,SPY230714P00416000,416.0,0,0.0,0.0,,0.0,normalDay
2023-06-14,10167.0,72.0,0.0,0,437.18,0.0,1,1.9,1.18,SPY230714P00416000,416.0,0,0.0,0.0,,0.0,normalDay
2023-06-15,10167.0,93.0,0.0,0,442.6,0.0,1,1.9,0.97,SPY230714P00416000,416.0,0,0.0,0.0,,0.0,normalDay
2023-06-16,10167.0,113.0,0.0,0,439.46,0.0,1,1.9,0.77,SPY230714P00416000,416.0,0,0.0,0.0,,0.0,normalDay
2023-06-20,10167.0,109.0,0.0,0,437.18,0.0,1,1.9,0.81,SPY230714P00416000,416.0,0,0.0,0.0,,0.0,normalDay
2023-06-21,10167.0,109.0,0.0,0,434.94,0.0,1,1.9,0.81,SPY230714P00416000,416.0,0,0.0,0.0,,0.0,normalDay
2023-06-22,10167.0,128.0,0.0,0,436.51,0.0,1,1.9,0.62,SPY230714P00416000,416.0,0,0.0,0.0,,0.0,normalDay
2023-06-23,10167.0,106.0,0.0,0,433.21,0.0,1,1.9,0.84,SPY230714P00416000,416.0,0,0.0,0.0,,0.0,normalDay
2023-06-26,10167.0,101.0,0.0,0,431.44,0.0,1,1.9,0.89,SPY230714P00416000,416.0,0,0.0,0.0,,0.0,normalDay
2023-06-27,10167.0,140.0,0.0,0,436.17,0.0,1,1.9,0.5,SPY230714P00416000,416.0,0,0.0,0.0,,0.0,normalDay
2023-06-28,10167.0,152.0,0.0,0,436.39,0.0,1,1.9,0.38,SPY230714P00416000,416.0,0,0.0,0.0,,0.0,normalDay
2023-06-29,10167.0,159.0,0.0,0,438.11,0.0,1,1.9,0.31,SPY230714P00416000,416.0,0,0.0,0.0,,0.0,normalDay
2023-06-30,10167.0,170.0,0.0,0,443.28,0.0,1,1.9,0.2,SPY230714P00416000,416.0,0,0.0,0.0,,0.0,normalDay
2023-07-03,10167.0,174.0,0.0,0,443.79,0.0,1,1.9,0.16,SPY230714P00416000,416.0,0,0.0,0.0,,0.0,normalDay
2023-07-05,10167.0,176.0,0.0,0,443.13,0.0,1,1.9,0.14,SPY230714P00416000,416.0,0,0.0,0.0,,0.0,normalDay
2023-07-06,10167.0,174.0,0.0,0,439.66,0.0,1,1.9,0.16,SPY230714P00416000,416.0,0,0.0,0.0,,0.0,normalDay
2023-07-07,10167.0,181.0,0.0,0,438.55,0.0,1,1.9,0.09,SPY230714P00416000,416.0,0,0.0,0.0,,0.0,normalDay
2023-07-10,10167.0,186.0,0.0,0,439.66,0.0,1,1.9,0.04,SPY230714P00416000,416.0,0,0.0,0.0,,0.0,normalDay
2023-07-11,10167.0,186.0,0.0,0,442.46,0.0,1,1.9,0.04,SPY230714P00416000,416.0,0,0.0,0.0,,0.0,normalDay
2023-07-12,10167.0,187.0,0.0,0,446.02,0.0,1,1.9,0.03,SPY230714P00416000,416.0,0,0.0,0.0,,0.0,normalDay
2023-07-13,10167.0,188.0,0.0,0,449.56,0.0,1,1.9,0.02,SPY230714P00416000,416.0,0,0.0,0.0,,0.0,normalDay
2023-07-14,10357.0,0.0,190.0,0,449.28,0.0,1,1.9,0.0,SPY230714P00416000,416.0,0,0.0,0.0,,0.0,expirationDay
2023-07-17,10357.0,-3.0,0.0,0,450.84,0.0,1,1.81,1.84,SPY230818P00436000,436.0,0,0.0,0.0,,0.0,normalDay
2023-07-18,10357.0,45.0,0.0,0,454.19,0.0,1,1.81,1.36,SPY230818P00436000,436.0,0,0.0,0.0,,0.0,normalDay
2023-07-19,10357.0,47.0,0.0,0,455.2,0.0,1,1.81,1.34,SPY230818P00436000,436.0,0,0.0,0.0,,0.0,normalDay
2023-07-20,10357.0,24.0,0.0,0,452.18,0.0,1,1.81,1.57,SPY230818P00436000,436.0,0,0.0,0.0,,0.0,normalDay
2023-07-21,10357.0,37.0,0.0,0,452.18,0.0,1,1.81,1.44,SPY230818P00436000,436.0,0,0.0,0.0,,0.0,normalDay
2023-07-24,10357.0,68.0,0.0,0,454.2,0.0,1,1.81,1.13,SPY230818P00436000,436.0,0,0.0,0.0,,0.0,normalDay
2023-07-25,10357.0,80.0,0.0,0,455.44,0.0,1,1.81,1.01,SPY230818P00436000,436.0,0,0.0,0.0,,0.0,normalDay
2023-07-26,10357.0,102.0,0.0,0,455.51,0.0,1,1.81,0.79,SPY230818P00436000,436.0,0,0.0,0.0,,0.0,normalDay
2023-07-27,10357.0,60.0,0.0,0,452.49,0.0,1,1.81,1.21,SPY230818P00436000,436.0,0,0.0,0.0,,0.0,normalDay
2023-07-28,10357.0,118.0,0.0,0,456.92,0.0,1,1.81,0.63,SPY230818P00436000,436.0,0,0.0,0.0,,0.0,normalDay
2023-07-31,10357.0,130.0,0.0,0,457.79,0.0,1,1.81,0.51,SPY230818P00436000,436.0,0,0.0,0.0,,0.0,normalDay
2023-08-01,10357.0,126.0,0.0,0,456.48,0.0,1,1.81,0.55,SPY230818P00436000,436.0,0,0.0,0.0,,0.0,normalDay
2023-08-02,10357.0,50.0,0.0,0,450.13,0.0,1,1.81,1.31,SPY230818P00436000,436.0,0,0.0,0.0,,0.0,normalDay
2023-08-03,10357.0,61.0,0.0,0,448.84,0.0,1,1.81,1.2,SPY230818P00436000,436.0,0,0.0,0.0,,0.0,normalDay
2023-08-04,10357.0,10.0,0.0,0,446.81,0.0,1,1.81,1.71,SPY230818P00436000,436.0,0,0.0,0.0,,0.0,normalDay
2023-08-07,10357.0,106.0,0.0,0,450.71,0.0,1,1.81,0.75,SPY230818P00436000,436.0,0,0.0,0.0,,0.0,normalDay
2023-08-08,10357.0,97.0,0.0,0,448.75,0.0,1,1.81,0.84,SPY230818P00436000,436.0,0,0.0,0.0,,0.0,normalDay
2023-08-09,10357.0,72.0,0.0,0,445.75,0.0,1,1.81,1.09,SPY230818P00436000,436.0,0,0.0,0.0,,0.0,normalDay
2023-08-10,10357.0,83.0,0.0,0,445.91,0.0,1,1.81,0.98,SPY230818P00436000,436.0,0,0.0,0.0,,0.0,normalDay
2023-08-11,10357.0,121.0,0.0,0,445.65,0.0,1,1.81,0.6,SPY230818P00436000,436.0,0,0.0,0.0,,0.0,normalDay
2023-08-14,10357.0,159.0,0.0,0,448.11,0.0,1,1.81,0.22,SPY230818P00436000,436.0,0,0.0,0.0,,0.0,normalDay
2023-08-15,10357.0,123.0,0.0,0,442.89,0.0,1,1.81,0.58,SPY230818P00436000,436.0,0,0.0,0.0,,0.0,normalDay
2023-08-16,10357.0,104.0,0.0,0,439.64,0.0,1,1.81,0.77,SPY230818P00436000,436.0,0,0.0,0.0,,0.0,normalDay
2023-08-17,10357.0,40.0,0.0,0,436.29,0.0,1,1.81,1.41,SPY230818P00436000,436.0,0,0.0,0.0,,0.0,normalDay
2023-08-18,10538.0,0.0,181.0,0,436.5,0.0,1,1.81,0.0,SPY230818P00436000,436.0,0,0.0,0.0,,0.0,expirationDay
2023-08-21,10538.0,-4.0,0.0,0,439.34,0.0,1,9.15,9.19,SPY230922P00443000,443.0,0,0.0,0.0,,0.0,normalDay
2023-08-22,10538.0,-38.0,0.0,0,438.15,0.0,1,9.15,9.53,SPY230922P00443000,443.0,0,0.0,0.0,,0.0,normalDay
2023-08-23,10538.0,239.0,0.0,0,443.03,0.0,1,9.15,6.76,SPY230922P00443000,443.0,0,0.0,0.0,,0.0,normalDay
2023-08-24,10538.0,-102.0,0.0,0,436.89,0.0,1,9.15,10.17,SPY230922P00443000,443.0,0,0.0,0.0,,0.0,normalDay
2023-08-25,10538.0,125.0,0.0,0,439.97,0.0,1,9.15,7.9,SPY230922P00443000,443.0,0,0.0,0.0,,0.0,normalDay
2023-08-28,10538.0,312.0,0.0,0,442.76,0.0,1,9.15,6.03,SPY230922P00443000,443.0,0,0.0,0.0,,0.0,normalDay
2023-08-29,10538.0,568.0,0.0,0,449.16,0.0,1,9.15,3.47,SPY230922P00443000,443.0,0,0.0,0.0,,0.0,normalDay
2023-08-30,10538.0,646.0,0.0,0,451.01,0.0,1,9.15,2.69,SPY230922P00443000,443.0,0,0.0,0.0,,0.0,normalDay
2023-08-31,10538.0,660.0,0.0,0,450.35,0.0,1,9.15,2.55,SPY230922P00443000,443.0,0,0.0,0.0,,0.0,normalDay
2023-09-01,10538.0,693.0,0.0,0,451.19,0.0,1,9.15,2.22,SPY230922P00443000,443.0,0,0.0,0.0,,0.0,normalDay
2023-09-05,10538.0,654.0,0.0,0,449.24,0.0,1,9.15,2.61,SPY230922P00443000,443.0,0,0.0,0.0,,0.0,normalDay
2023-09-06,10538.0,556.0,0.0,0,446.22,0.0,1,9.15,3.59,SPY230922P00443000,443.0,0,0.0,0.0,,0.0,normalDay
2023-09-07,10538.0,515.0,0.0,0,444.85,0.0,1,9.15,4.0,SPY230922P00443000,443.0,0,0.0,0.0,,0.0,normalDay
2023-09-08,10538.0,598.0,0.0,0,445.52,0.0,1,9.15,3.17,SPY230922P00443000,443.0,0,0.0,0.0,,0.0,normalDay
2023-09-11,10538.0,713.0,0.0,0,448.45,0.0,1,9.15,2.02,SPY230922P00443000,443.0,0,0.0,0.0,,0.0,normalDay
2023-09-12,10538.0,637.0,0.0,0,445.99,0.0,1,9.15,2.78,SPY230922P00443000,443.0,0,0.0,0.0,,0.0,normalDay
2023-09-13,10538.0,709.0,0.0,0,446.51,0.0,1,9.15,2.06,SPY230922P00443000,443.0,0,0.0,0.0,,0.0,normalDay
2023-09-14,10538.0,835.0,0.0,0,450.36,0.0,1,9.15,0.8,SPY230922P00443000,443.0,0,0.0,0.0,,0.0,normalDay
2023-09-15,10538.0,679.0,0.0,0,443.37,0.0,1,9.15,2.36,SPY230922P00443000,443.0,0,0.0,0.0,,0.0,normalDay
2023-09-18,10538.0,714.0,0.0,0,443.63,0.0,1,9.15,2.01,SPY230922P00443000,443.0,0,0.0,0.0,,0.0,normalDay
2023-09-19,10538.0,688.0,0.0,0,442.71,0.0,1,9.15,2.27,SPY230922P00443000,443.0,0,0.0,0.0,,0.0,normalDay
2023-09-20,10538.0,424.0,0.0,0,438.64,0.0,1,9.15,4.91,SPY230922P00443000,443.0,0,0.0,0.0,,0.0,normalDay
2023-09-21,10538.0,-266.0,0.0,0,431.39,0.0,1,9.15,11.81,SPY230922P00443000,443.0,0,0.0,0.0,,0.0,normalDay
2023-09-22,11453.0,-1258.0,915.0,100,430.42,443.0,1,9.15,0.0,SPY230922P00443000,443.0,0,0.0,0.0,,0.0,expirationDay
2023-09-25,11453.0,-1077.0,0.0,100,432.23,443.0,0,0.0,0.0,,0.0,0,0.0,0.0,,0.0,bidTooLow
2023-09-26,11453.0,-1712.0,0.0,100,425.88,443.0,0,0.0,0.0,,0.0,0,0.0,0.0,,0.0,bidTooLow
2023-09-27,11453.0,-1695.0,0.0,100,426.05,443.0,0,0.0,0.0,,0.0,0,0.0,0.0,,0.0,bidTooLow
2023-09-28,11453.0,-1448.0,0.0,100,428.52,443.0,0,0.0,0.0,,0.0,0,0.0,0.0,,0.0,bidTooLow
2023-09-29,11453.0,-1552.0,0.0,100,427.48,443.0,0,0.0,0.0,,0.0,0,0.0,0.0,,0.0,bidTooLow
2023-10-02,11453.0,-1569.0,0.0,100,427.31,443.0,0,0.0,0.0,,0.0,0,0.0,0.0,,0.0,bidTooLow
2023-10-03,11453.0,-2141.0,0.0,100,421.59,443.0,0,0.0,0.0,,0.0,0,0.0,0.0,,0.0,bidTooLow
2023-10-04,11453.0,-1834.0,0.0,100,424.66,443.0,0,0.0,0.0,,0.0,0,0.0,0.0,,0.0,bidTooLow
2023-10-05,11453.0,-1850.0,0.0,100,424.5,443.0,0,0.0,0.0,,0.0,0,0.0,0.0,,0.0,bidTooLow
2023-10-06,11453.0,-1346.0,0.0,100,429.54,443.0,0,0.0,0.0,,0.0,0,0.0,0.0,,0.0,bidTooLow
2023-10-09,11453.0,-1074.0,0.0,100,432.29,443.0,0,0.0,0.0,,0.0,1,0.02,0.05,SPY231013C00447000,447.0,normalDay
2023-10-10,11453.0,-850.0,0.0,100,434.54,443.0,0,0.0,0.0,,0.0,1,0.02,0.06,SPY231013C00447000,447.0,normalDay
2023-10-11,11453.0,-669.0,0.0,100,436.32,443.0,0,0.0,0.0,,0.0,1,0.02,0.03,SPY231013C00447000,447.0,normalDay
2023-10-12,11453.0,-933.0,0.0,100,433.66,443.0,0,0.0,0.0,,0.0,1,0.02,0.01,SPY231013C00447000,447.0,normalDay
2023-10-13,11455.0,-1150.0,2.0,100,431.5,443.0,0,0.0,0.0,,0.0,1,0.02,0.0,SPY231013C00447000,447.0,expirationDay
2023-10-16,11455.0,-699.0,0.0,100,436.04,443.0,0,0.0,0.0,,0.0,1,1.67,1.7,SPY231020C00439000,439.0,normalDay
2023-10-17,11455.0,-667.0,0.0,100,436.02,443.0,0,0.0,0.0,,0.0,1,1.67,1.36,SPY231020C00439000,439.0,normalDay
2023-10-18,11455.0,-1132.0,0.0,100,430.21,443.0,0,0.0,0.0,,0.0,1,1.67,0.2,SPY231020C00439000,439.0,normalDay
2023-10-19,11455.0,-1493.0,0.0,100,426.43,443.0,0,0.0,0.0,,0.0,1,1.67,0.03,SPY231020C00439000,439.0,normalDay
2023-10-20,11622.0,-2181.0,167.0,100,421.19,443.0,0,0.0,0.0,,0.0,1,1.67,0.0,SPY231020C00439000,439.0,expirationDay
2023-10-23,11622.0,-2257.0,0.0,100,420.46,443.0,0,0.0,0.0,,0.0,1,0.05,0.08,SPY231027C00436000,436.0,normalDay
2023-10-24,11622.0,-1938.0,0.0,100,423.63,443.0,0,0.0,0.0,,0.0,1,0.05,0.06,SPY231027C00436000,436.0,normalDay
2023-10-25,11622.0,-2542.0,0.0,100,417.55,443.0,0,0.0,0.0,,0.0,1,0.05,0.02,SPY231027C00436000,436.0,normalDay
2023-10-26,11622.0,-3041.0,0.0,100,412.55,443.0,0,0.0,0.0,,0.0,1,0.05,0.01,SPY231027C00436000,436.0,normalDay
2023-10-27,11627.0,-3232.0,5.0,100,410.68,443.0,0,0.0,0.0,,0.0,1,0.05,0.0,SPY231027C00436000,436.0,expirationDay
2023-10-30,11627.0,-2741.0,0.0,100,415.59,443.0,0,0.0,0.0,,0.0,0,0.0,0.0,,0.0,bidTooLow
2023-10-31,11627.0,-2480.0,0.0,100,418.2,443.0,0,0.0,0.0,,0.0,0,0.0,0.0,,0.0,bidTooLow
2023-11-01,11627.0,-2037.0,0.0,100,422.66,443.0,0,0.0,0.0,,0.0,1,0.01,0.04,SPY231107C00438000,438.0,normalDay
2023-11-02,11627.0,-1249.0,0.0,100,430.76,443.0,0,0.0,0.0,,0.0,1,0.01,0.26,SPY231107C00438000,438.0,normalDay
2023-11-03,11627.0,-893.0,0.0,100,434.69,443.0,0,0.0,0.0,,0.0,1,0.01,0.63,SPY231107C00438000,438.0,normalDay
2023-11-06,11627.0,-754.0,0.0,100,435.69,443.0,0,0.0,0.0,,0.0,1,0.01,0.24,SPY231107C00438000,438.0,normalDay
2023-11-07,11628.0,-607.0,1.0,100,436.93,443.0,0,0.0,0.0,,0.0,1,0.01,0.0,SPY231107C00438000,438.0,expirationDay
2023-11-08,11628.0,-578.0,0.0,100,437.25,443.0,0,0.0,0.0,,0.0,1,1.34,1.37,SPY231114C00440000,440.0,normalDay
2023-11-09,11628.0,-828.0,0.0,100,433.84,443.0,0,0.0,0.0,,0.0,1,1.34,0.46,SPY231114C00440000,440.0,normalDay
2023-11-10,11628.0,-349.0,0.0,100,440.61,443.0,0,0.0,0.0,,0.0,1,1.34,2.44,SPY231114C00440000,440.0,normalDay
2023-11-13,11628.0,-337.0,0.0,100,440.19,443.0,0,0.0,0.0,,0.0,1,1.34,1.9,SPY231114C00440000,440.0,normalDay
2023-11-14,11462.0,-337.0,-166.0,0,448.73,0.0,0,0.0,0.0,,0.0,1,1.34,0.0,SPY231114C00440000,440.0,expirationDay
2023-11-15,11462.0,-3.0,0.0,0,449.68,0.0,1,0.87,0.9,SPY231215P00421000,421.0,0,0.0,0.0,,0.0,normalDay
2023-11-16,11462.0,4.0,0.0,0,450.23,0.0,1,0.87,0.83,SPY231215P00421000,421.0,0,0.0,0.0,,0.0,normalDay
2023-11-17,11462.0,14.0,0.0,0,450.79,0.0,1,0.87,0.73,SPY231215P00421000,421.0,0,0.0,0.0,,0.0,normalDay
2023-11-20,11462.0,38.0,0.0,0,454.26,0.0,1,0.87,0.49,SPY231215P00421000,421.0,0,0.0,0.0,,0.0,normalDay
2023-11-21,11462.0,40.0,0.0,0,453.27,0.0,1,0.87,0.47,SPY231215P00421000,421.0,0,0.0,0.0,,0.0,normalDay
2023-11-22,11462.0,48.0,0.0,0,455.02,0.0,1,0.87,0.39,SPY231215P00421000,421.0,0,0.0,0.0,,0.0,normalDay
2023-11-24,11462.0,56.0,0.0,0,455.3,0.0,1,0.87,0.31,SPY231215P00421000,421.0,0,0.0,0.0,,0.0,normalDay
2023-11-27,11462.0,58.0,0.0,0,454.48,0.0,1,0.87,0.29,SPY231215P00421000,421.0,0,0.0,0.0,,0.0,normalDay
2023-11-28,11462.0,60.0,0.0,0,454.93,0.0,1,0.87,0.27,SPY231215P00421000,421.0,0,0.0,0.0,,0.0,normalDay
2023-11-29,11462.0,59.0,0.0,0,454.61,0.0,1,0.87,0.28,SPY231215P00421000,421.0,0,0.0,0.0,,0.0,normalDay
2023-11-30,11462.0,64.0,0.0,0,456.4,0.0,1,0.87,0.23,SPY231215P00421000,421.0,0,0.0,0.0,,0.0,normalDay
