date,totalCapital,unrializedPnL,rializedPnL,stocksOwned,stocksPriceToday,stocksPriceBoughtAt,putOwned,putOwnedSoldAt,putPriceToday,putOwnedContract,putOwnedStrike,callOwned,callOwnedSoldAt,callPriceToday,callOwnedContract,callOwnedStrike,trackType
2018-11-01,0.0,-5.0,0.0,0,273.51,0.0,1,0.24,0.29,SPY181119P00245000,245.0,0,0.0,0.0,,0.0,normalDay
2018-11-02,0.0,-4.0,0.0,0,271.89,0.0,1,0.24,0.28,SPY181119P00245000,245.0,0,0.0,0.0,,0.0,normalDay
2018-11-05,0.0,4.0,0.0,0,273.39,0.0,1,0.24,0.2,SPY181119P00245000,245.0,0,0.0,0.0,,0.0,normalDay
2018-11-06,0.0,5.0,0.0,0,275.12,0.0,1,0.24,0.19,SPY181119P00245000,245.0,0,0.0,0.0,,0.0,normalDay
2018-11-07,0.0,18.0,0.0,0,281.01,0.0,1,0.24,0.06,SPY181119P00245000,245.0,0,0.0,0.0,,0.0,normalDay
2018-11-08,0.0,18.0,0.0,0,280.5,0.0,1,0.24,0.06,SPY181119P00245000,245.0,0,0.0,0.0,,0.0,normalDay
2018-11-09,0.0,19.0,0.0,0,277.76,0.0,1,0.24,0.05,SPY181119P00245000,245.0,0,0.0,0.0,,0.0,normalDay
2018-11-12,0.0,14.0,0.0,0,272.57,0.0,1,0.24,0.1,SPY181119P00245000,245.0,0,0.0,0.0,,0.0,normalDay
2018-11-13,0.0,17.0,0.0,0,272.06,0.0,1,0.24,0.07,SPY181119P00245000,245.0,0,0.0,0.0,,0.0,normalDay
2018-11-14,0.0,18.0,0.0,0,270.2,0.0,1,0.24,0.06,SPY181119P00245000,245.0,0,0.0,0.0,,0.0,normalDay
2018-11-15,0.0,20.0,0.0,0,273.02,0.0,1,0.24,0.04,SPY181119P00245000,245.0,0,0.0,0.0,,0.0,normalDay
2018-11-16,0.0,23.0,0.0,0,273.73,0.0,1,0.24,0.01,SPY181119P00245000,245.0,0,0.0,0.0,,0.0,normalDay
2018-11-19,24.0,0.0,24.0,0,269.1,0.0,1,0.24,0.0,SPY181119P00245000,245.0,0,0.0,0.0,,0.0,expirationDay
2018-11-20,24.0,-6.0,0.0,0,264.12,0.0,1,1.24,1.3,SPY181207P00250000,250.0,0,0.0,0.0,,0.0,normalDay
2018-11-21,24.0,39.0,0.0,0,265.02,0.0,1,1.24,0.85,SPY181207P00250000,250.0,0,0.0,0.0,,0.0,normalDay
2018-11-23,24.0,29.0,0.0,0,263.25,0.0,1,1.24,0.95,SPY181207P00250000,250.0,0,0.0,0.0,,0.0,normalDay
2018-11-26,24.0,98.0,0.0,0,267.5,0.0,1,1.24,0.26,SPY181207P00250000,250.0,0,0.0,0.0,,0.0,normalDay
2018-11-27,24.0,100.0,0.0,0,268.4,0.0,1,1.24,0.24,SPY181207P00250000,250.0,0,0.0,0.0,,0.0,normalDay
2018-11-28,24.0,112.0,0.0,0,274.58,0.0,1,1.24,0.12,SPY181207P00250000,250.0,0,0.0,0.0,,0.0,normalDay
2018-11-29,24.0,111.0,0.0,0,273.98,0.0,1,1.24,0.13,SPY181207P00250000,250.0,0,0.0,0.0,,0.0,normalDay
2018-11-30,24.0,117.0,0.0,0,275.65,0.0,1,1.24,0.07,SPY181207P00250000,250.0,0,0.0,0.0,,0.0,normalDay
2018-12-03,24.0,122.0,0.0,0,279.3,0.0,1,1.24,0.02,SPY181207P00250000,250.0,0,0.0,0.0,,0.0,normalDay
2018-12-04,24.0,114.0,0.0,0,270.25,0.0,1,1.24,0.1,SPY181207P00250000,250.0,0,0.0,0.0,,0.0,normalDay
2018-12-06,24.0,123.0,0.0,0,269.84,0.0,1,1.24,0.01,SPY181207P00250000,250.0,0,0.0,0.0,,0.0,normalDay
2018-12-07,148.0,0.0,124.0,0,263.57,0.0,1,1.24,0.0,SPY181207P00250000,250.0,0,0.0,0.0,,0.0,expirationDay
2018-12-10,148.0,-7.0,0.0,0,264.07,0.0,1,1.3,1.37,SPY181228P00250000,250.0,0,0.0,0.0,,0.0,normalDay
2018-12-11,148.0,12.0,0.0,0,264.13,0.0,1,1.3,1.18,SPY181228P00250000,250.0,0,0.0,0.0,,0.0,normalDay
2018-12-12,148.0,38.0,0.0,0,265.46,0.0,1,1.3,0.92,SPY181228P00250000,250.0,0,0.0,0.0,,0.0,normalDay
2018-12-13,148.0,62.0,0.0,0,265.37,0.0,1,1.3,0.68,SPY181228P00250000,250.0,0,0.0,0.0,,0.0,normalDay
2018-12-14,148.0,7.0,0.0,0,260.47,0.0,1,1.3,1.23,SPY181228P00250000,250.0,0,0.0,0.0,,0.0,normalDay
2018-12-17,148.0,-125.0,0.0,0,255.36,0.0,1,1.3,2.55,SPY181228P00250000,250.0,0,0.0,0.0,,0.0,normalDay
2018-12-18,148.0,-162.0,0.0,0,255.08,0.0,1,1.3,2.92,SPY181228P00250000,250.0,0,0.0,0.0,,0.0,normalDay
2018-12-19,148.0,-225.0,0.0,0,251.26,0.0,1,1.3,3.55,SPY181228P00250000,250.0,0,0.0,0.0,,0.0,normalDay
2018-12-20,148.0,-443.0,0.0,0,247.17,0.0,1,1.3,5.73,SPY181228P00250000,250.0,0,0.0,0.0,,0.0,normalDay
2018-12-21,148.0,-924.0,0.0,0,240.7,0.0,1,1.3,10.54,SPY181228P00250000,250.0,0,0.0,0.0,,0.0,normalDay
2018-12-24,148.0,-1660.0,0.0,0,234.34,0.0,1,1.3,17.9,SPY181228P00250000,250.0,0,0.0,0.0,,0.0,normalDay
2018-12-26,148.0,-339.0,0.0,0,246.18,0.0,1,1.3,4.69,SPY181228P00250000,250.0,0,0.0,0.0,,0.0,normalDay
2018-12-27,148.0,-139.0,0.0,0,248.07,0.0,1,1.3,2.69,SPY181228P00250000,250.0,0,0.0,0.0,,0.0,normalDay
2018-12-28,278.0,-225.0,130.0,100,247.75,250.0,1,1.3,0.0,SPY181228P00250000,250.0,0,0.0,0.0,,0.0,expirationDay
2018-12-31,278.0,-26.0,0.0,100,249.92,250.0,0,0.0,0.0,,0.0,1,1.51,1.69,SPY191220C00310000,310.0,normalDay
2019-01-02,278.0,14.0,0.0,100,250.18,250.0,0,0.0,0.0,,0.0,1,1.51,1.55,SPY191220C00310000,310.0,normalDay
2019-01-03,278.0,-536.0,0.0,100,244.21,250.0,0,0.0,0.0,,0.0,1,1.51,1.08,SPY191220C00310000,310.0,normalDay
2019-01-04,278.0,232.0,0.0,100,252.39,250.0,0,0.0,0.0,,0.0,1,1.51,1.58,SPY191220C00310000,310.0,normalDay
2019-01-07,278.0,422.0,0.0,100,254.38,250.0,0,0.0,0.0,,0.0,1,1.51,1.67,SPY191220C00310000,310.0,normalDay
2019-01-08,278.0,641.0,0.0,100,256.77,250.0,0,0.0,0.0,,0.0,1,1.51,1.87,SPY191220C00310000,310.0,normalDay
2019-01-09,278.0,765.0,0.0,100,257.97,250.0,0,0.0,0.0,,0.0,1,1.51,1.83,SPY191220C00310000,310.0,normalDay
2019-01-10,278.0,846.0,0.0,100,258.88,250.0,0,0.0,0.0,,0.0,1,1.51,1.93,SPY191220C00310000,310.0,normalDay
2019-01-11,278.0,883.0,0.0,100,258.98,250.0,0,0.0,0.0,,0.0,1,1.51,1.66,SPY191220C00310000,310.0,normalDay
2019-01-14,278.0,750.0,0.0,100,257.4,250.0,0,0.0,0.0,,0.0,1,1.51,1.41,SPY191220C00310000,310.0,normalDay
2019-01-15,278.0,1043.0,0.0,100,260.35,250.0,0,0.0,0.0,,0.0,1,1.51,1.43,SPY191220C00310000,310.0,normalDay
2019-01-16,278.0,1103.0,0.0,100,260.98,250.0,0,0.0,0.0,,0.0,1,1.51,1.46,SPY191220C00310000,310.0,normalDay
2019-01-17,278.0,1282.0,0.0,100,262.96,250.0,0,0.0,0.0,,0.0,1,1.51,1.65,SPY191220C00310000,310.0,normalDay
2019-01-18,278.0,1598.0,0.0,100,266.46,250.0,0,0.0,0.0,,0.0,1,1.51,1.99,SPY191220C00310000,310.0,normalDay
2019-01-22,278.0,1262.0,0.0,100,262.86,250.0,0,0.0,0.0,,0.0,1,1.51,1.75,SPY191220C00310000,310.0,normalDay
2019-01-23,278.0,1326.0,0.0,100,263.41,250.0,0,0.0,0.0,,0.0,1,1.51,1.66,SPY191220C00310000,310.0,normalDay
2019-01-24,278.0,1354.0,0.0,100,263.55,250.0,0,0.0,0.0,,0.0,1,1.51,1.52,SPY191220C00310000,310.0,normalDay
2019-01-25,278.0,1546.0,0.0,100,265.78,250.0,0,0.0,0.0,,0.0,1,1.51,1.83,SPY191220C00310000,310.0,normalDay
2019-01-28,278.0,1371.0,0.0,100,263.76,250.0,0,0.0,0.0,,0.0,1,1.51,1.56,SPY191220C00310000,310.0,normalDay
2019-01-29,278.0,1341.0,0.0,100,263.41,250.0,0,0.0,0.0,,0.0,1,1.51,1.51,SPY191220C00310000,310.0,normalDay
2019-01-30,278.0,1720.0,0.0,100,267.58,250.0,0,0.0,0.0,,0.0,1,1.51,1.89,SPY191220C00310000,310.0,normalDay
2019-01-31,278.0,1935.0,0.0,100,269.93,250.0,0,0.0,0.0,,0.0,1,1.51,2.09,SPY191220C00310000,310.0,normalDay
2019-02-01,278.0,1949.0,0.0,100,270.06,250.0,0,0.0,0.0,,0.0,1,1.51,2.08,SPY191220C00310000,310.0,normalDay
2019-02-04,278.0,2124.0,0.0,100,271.96,250.0,0,0.0,0.0,,0.0,1,1.51,2.23,SPY191220C00310000,310.0,normalDay
2019-02-05,278.0,2235.0,0.0,100,273.1,250.0,0,0.0,0.0,,0.0,1,1.51,2.26,SPY191220C00310000,310.0,normalDay
2019-02-06,278.0,2211.0,0.0,100,272.74,250.0,0,0.0,0.0,,0.0,1,1.51,2.14,SPY191220C00310000,310.0,normalDay
2019-02-07,278.0,1984.0,0.0,100,270.14,250.0,0,0.0,0.0,,0.0,1,1.51,1.81,SPY191220C00310000,310.0,normalDay
2019-02-08,278.0,2017.0,0.0,100,270.47,250.0,0,0.0,0.0,,0.0,1,1.51,1.81,SPY191220C00310000,310.0,normalDay
2019-02-11,278.0,2034.0,0.0,100,270.62,250.0,0,0.0,0.0,,0.0,1,1.51,1.79,SPY191220C00310000,310.0,normalDay
2019-02-12,278.0,2331.0,0.0,100,274.1,250.0,0,0.0,0.0,,0.0,1,1.51,2.3,SPY191220C00310000,310.0,normalDay
2019-02-13,278.0,2408.0,0.0,100,274.99,250.0,0,0.0,0.0,,0.0,1,1.51,2.42,SPY191220C00310000,310.0,normalDay
2019-02-14,278.0,2351.0,0.0,100,274.38,250.0,0,0.0,0.0,,0.0,1,1.51,2.38,SPY191220C00310000,310.0,normalDay
2019-02-15,278.0,2611.0,0.0,100,277.37,250.0,0,0.0,0.0,,0.0,1,1.51,2.77,SPY191220C00310000,310.0,normalDay
2019-02-19,278.0,2678.0,0.0,100,277.85,250.0,0,0.0,0.0,,0.0,1,1.51,2.58,SPY191220C00310000,310.0,normalDay
2019-02-20,278.0,2741.0,0.0,100,278.41,250.0,0,0.0,0.0,,0.0,1,1.51,2.51,SPY191220C00310000,310.0,normalDay
2019-02-21,278.0,2663.0,0.0,100,277.42,250.0,0,0.0,0.0,,0.0,1,1.51,2.3,SPY191220C00310000,310.0,normalDay
2019-02-22,278.0,2817.0,0.0,100,279.14,250.0,0,0.0,0.0,,0.0,1,1.51,2.48,SPY191220C00310000,310.0,normalDay
2019-02-25,278.0,2844.0,0.0,100,279.52,250.0,0,0.0,0.0,,0.0,1,1.51,2.59,SPY191220C00310000,310.0,normalDay
2019-02-26,278.0,2831.0,0.0,100,279.32,250.0,0,0.0,0.0,,0.0,1,1.51,2.52,SPY191220C00310000,310.0,normalDay
2019-02-27,278.0,2830.0,0.0,100,279.2,250.0,0,0.0,0.0,,0.0,1,1.51,2.41,SPY191220C00310000,310.0,normalDay
2019-02-28,278.0,2790.0,0.0,100,278.68,250.0,0,0.0,0.0,,0.0,1,1.51,2.29,SPY191220C00310000,310.0,normalDay
2019-03-01,278.0,2951.0,0.0,100,280.42,250.0,0,0.0,0.0,,0.0,1,1.51,2.42,SPY191220C00310000,310.0,normalDay
2019-03-04,278.0,2869.0,0.0,100,279.4,250.0,0,0.0,0.0,,0.0,1,1.51,2.22,SPY191220C00310000,310.0,normalDay
2019-03-05,278.0,2840.0,0.0,100,279.02,250.0,0,0.0,0.0,,0.0,1,1.51,2.13,SPY191220C00310000,310.0,normalDay
2019-03-06,278.0,2689.0,0.0,100,277.33,250.0,0,0.0,0.0,,0.0,1,1.51,1.95,SPY191220C00310000,310.0,normalDay
2019-03-07,278.0,2470.0,0.0,100,275.01,250.0,0,0.0,0.0,,0.0,1,1.51,1.82,SPY191220C00310000,310.0,normalDay
2019-03-08,278.0,2417.0,0.0,100,274.46,250.0,0,0.0,0.0,,0.0,1,1.51,1.8,SPY191220C00310000,310.0,normalDay
2019-03-11,278.0,2780.0,0.0,100,278.44,250.0,0,0.0,0.0,,0.0,1,1.51,2.15,SPY191220C00310000,310.0,normalDay
2019-03-12,278.0,2880.0,0.0,100,279.49,250.0,0,0.0,0.0,,0.0,1,1.51,2.2,SPY191220C00310000,310.0,normalDay
2019-03-13,278.0,3030.0,0.0,100,281.34,250.0,0,0.0,0.0,,0.0,1,1.51,2.55,SPY191220C00310000,310.0,normalDay
2019-03-14,278.0,3022.0,0.0,100,281.16,250.0,0,0.0,0.0,,0.0,1,1.51,2.45,SPY191220C00310000,310.0,normalDay
2019-03-15,278.0,3018.0,0.0,100,281.31,250.0,0,0.0,0.0,,0.0,1,1.51,2.64,SPY191220C00310000,310.0,normalDay
2019-03-18,278.0,3090.0,0.0,100,282.33,250.0,0,0.0,0.0,,0.0,1,1.51,2.94,SPY191220C00310000,310.0,normalDay
2019-03-19,278.0,3100.0,0.0,100,282.4,250.0,0,0.0,0.0,,0.0,1,1.51,2.91,SPY191220C00310000,310.0,normalDay
2019-03-20,278.0,3033.0,0.0,100,281.55,250.0,0,0.0,0.0,,0.0,1,1.51,2.73,SPY191220C00310000,310.0,normalDay
2019-03-21,278.0,3281.0,0.0,100,284.73,250.0,0,0.0,0.0,,0.0,1,1.51,3.43,SPY191220C00310000,310.0,normalDay
2019-03-22,278.0,2808.0,0.0,100,279.25,250.0,0,0.0,0.0,,0.0,1,1.51,2.68,SPY191220C00310000,310.0,normalDay
2019-03-25,278.0,2807.0,0.0,100,279.04,250.0,0,0.0,0.0,,0.0,1,1.51,2.48,SPY191220C00310000,310.0,normalDay
2019-03-26,278.0,3003.0,0.0,100,281.12,250.0,0,0.0,0.0,,0.0,1,1.51,2.6,SPY191220C00310000,310.0,normalDay
2019-03-27,278.0,2869.0,0.0,100,279.65,250.0,0,0.0,0.0,,0.0,1,1.51,2.47,SPY191220C00310000,310.0,normalDay
2019-03-28,278.0,2967.0,0.0,100,280.71,250.0,0,0.0,0.0,,0.0,1,1.51,2.55,SPY191220C00310000,310.0,normalDay
2019-03-29,278.0,3116.0,0.0,100,282.48,250.0,0,0.0,0.0,,0.0,1,1.51,2.83,SPY191220C00310000,310.0,normalDay
2019-04-01,278.0,3395.0,0.0,100,285.83,250.0,0,0.0,0.0,,0.0,1,1.51,3.39,SPY191220C00310000,310.0,normalDay
2019-04-02,278.0,3411.0,0.0,100,285.97,250.0,0,0.0,0.0,,0.0,1,1.51,3.37,SPY191220C00310000,310.0,normalDay
2019-04-03,278.0,3438.0,0.0,100,286.42,250.0,0,0.0,0.0,,0.0,1,1.51,3.55,SPY191220C00310000,310.0,normalDay
2019-04-04,278.0,3500.0,0.0,100,287.18,250.0,0,0.0,0.0,,0.0,1,1.51,3.69,SPY191220C00310000,310.0,normalDay
2019-04-05,278.0,3617.0,0.0,100,288.57,250.0,0,0.0,0.0,,0.0,1,1.51,3.91,SPY191220C00310000,310.0,normalDay
2019-04-08,278.0,3637.0,0.0,100,288.79,250.0,0,0.0,0.0,,0.0,1,1.51,3.93,SPY191220C00310000,310.0,normalDay
2019-04-09,278.0,3517.0,0.0,100,287.31,250.0,0,0.0,0.0,,0.0,1,1.51,3.65,SPY191220C00310000,310.0,normalDay
2019-04-10,278.0,3595.0,0.0,100,288.29,250.0,0,0.0,0.0,,0.0,1,1.51,3.85,SPY191220C00310000,310.0,normalDay
2019-04-11,278.0,3596.0,0.0,100,288.21,250.0,0,0.0,0.0,,0.0,1,1.51,3.76,SPY191220C00310000,310.0,normalDay
2019-04-12,278.0,3744.0,0.0,100,290.16,250.0,0,0.0,0.0,,0.0,1,1.51,4.23,SPY191220C00310000,310.0,normalDay
2019-04-15,278.0,3738.0,0.0,100,289.97,250.0,0,0.0,0.0,,0.0,1,1.51,4.1,SPY191220C00310000,310.0,normalDay
2019-04-16,278.0,3765.0,0.0,100,290.16,250.0,0,0.0,0.0,,0.0,1,1.51,4.02,SPY191220C00310000,310.0,normalDay
2019-04-17,278.0,3715.0,0.0,100,289.45,250.0,0,0.0,0.0,,0.0,1,1.51,3.81,SPY191220C00310000,310.0,normalDay
2019-04-18,278.0,3754.0,0.0,100,290.02,250.0,0,0.0,0.0,,0.0,1,1.51,3.99,SPY191220C00310000,310.0,normalDay
2019-04-22,278.0,3783.0,0.0,100,290.27,250.0,0,0.0,0.0,,0.0,1,1.51,3.95,SPY191220C00310000,310.0,normalDay
2019-04-23,278.0,3967.0,0.0,100,292.88,250.0,0,0.0,0.0,,0.0,1,1.51,4.72,SPY191220C00310000,310.0,normalDay
2019-04-24,278.0,3912.0,0.0,100,292.23,250.0,0,0.0,0.0,,0.0,1,1.51,4.62,SPY191220C00310000,310.0,normalDay
2019-04-25,278.0,3905.0,0.0,100,292.05,250.0,0,0.0,0.0,,0.0,1,1.51,4.51,SPY191220C00310000,310.0,normalDay
2019-04-26,278.0,4008.0,0.0,100,293.41,250.0,0,0.0,0.0,,0.0,1,1.51,4.84,SPY191220C00310000,310.0,normalDay
2019-04-29,278.0,4039.0,0.0,100,293.87,250.0,0,0.0,0.0,,0.0,1,1.51,4.99,SPY191220C00310000,310.0,normalDay
2019-04-30,278.0,4038.0,0.0,100,294.02,250.0,0,0.0,0.0,,0.0,1,1.51,5.15,SPY191220C00310000,310.0,normalDay
2019-05-01,278.0,3879.0,0.0,100,291.81,250.0,0,0.0,0.0,,0.0,1,1.51,4.53,SPY191220C00310000,310.0,normalDay
2019-05-02,278.0,3846.0,0.0,100,291.18,250.0,0,0.0,0.0,,0.0,1,1.51,4.23,SPY191220C00310000,310.0,normalDay
2019-05-03,278.0,4048.0,0.0,100,294.03,250.0,0,0.0,0.0,,0.0,1,1.51,5.06,SPY191220C00310000,310.0,normalDay
2019-05-06,278.0,3957.0,0.0,100,292.82,250.0,0,0.0,0.0,,0.0,1,1.51,4.76,SPY191220C00310000,310.0,normalDay
2019-05-07,278.0,3540.0,0.0,100,287.93,250.0,0,0.0,0.0,,0.0,1,1.51,4.04,SPY191220C00310000,310.0,normalDay
2019-05-08,278.0,3533.0,0.0,100,287.53,250.0,0,0.0,0.0,,0.0,1,1.51,3.71,SPY191220C00310000,310.0,normalDay
2019-05-09,278.0,3482.0,0.0,100,286.66,250.0,0,0.0,0.0,,0.0,1,1.51,3.35,SPY191220C00310000,310.0,normalDay
2019-05-10,278.0,3638.0,0.0,100,288.1,250.0,0,0.0,0.0,,0.0,1,1.51,3.23,SPY191220C00310000,310.0,normalDay
2019-05-13,278.0,3024.0,0.0,100,280.86,250.0,0,0.0,0.0,,0.0,1,1.51,2.13,SPY191220C00310000,310.0,normalDay
2019-05-14,278.0,3255.0,0.0,100,283.4,250.0,0,0.0,0.0,,0.0,1,1.51,2.36,SPY191220C00310000,310.0,normalDay
2019-05-15,278.0,3401.0,0.0,100,285.06,250.0,0,0.0,0.0,,0.0,1,1.51,2.56,SPY191220C00310000,310.0,normalDay
2019-05-16,278.0,3619.0,0.0,100,287.7,250.0,0,0.0,0.0,,0.0,1,1.51,3.02,SPY191220C00310000,310.0,normalDay
2019-05-17,278.0,3471.0,0.0,100,285.84,250.0,0,0.0,0.0,,0.0,1,1.51,2.64,SPY191220C00310000,310.0,normalDay
2019-05-20,278.0,3313.0,0.0,100,283.95,250.0,0,0.0,0.0,,0.0,1,1.51,2.33,SPY191220C00310000,310.0,normalDay
2019-05-21,278.0,3538.0,0.0,100,286.51,250.0,0,0.0,0.0,,0.0,1,1.51,2.64,SPY191220C00310000,310.0,normalDay
2019-05-22,278.0,3476.0,0.0,100,285.63,250.0,0,0.0,0.0,,0.0,1,1.51,2.38,SPY191220C00310000,310.0,normalDay
2019-05-23,278.0,3165.0,0.0,100,282.14,250.0,0,0.0,0.0,,0.0,1,1.51,2.0,SPY191220C00310000,310.0,normalDay
2019-05-24,278.0,3219.0,0.0,100,282.78,250.0,0,0.0,0.0,,0.0,1,1.51,2.1,SPY191220C00310000,310.0,normalDay
2019-05-28,278.0,2987.0,0.0,100,280.15,250.0,0,0.0,0.0,,0.0,1,1.51,1.79,SPY191220C00310000,310.0,normalDay
2019-05-29,278.0,2822.0,0.0,100,278.27,250.0,0,0.0,0.0,,0.0,1,1.51,1.56,SPY191220C00310000,310.0,normalDay
2019-05-30,278.0,2888.0,0.0,100,279.03,250.0,0,0.0,0.0,,0.0,1,1.51,1.66,SPY191220C00310000,310.0,normalDay
2019-05-31,278.0,2543.0,0.0,100,275.27,250.0,0,0.0,0.0,,0.0,1,1.51,1.35,SPY191220C00310000,310.0,normalDay
2019-06-03,278.0,2485.0,0.0,100,274.57,250.0,0,0.0,0.0,,0.0,1,1.51,1.23,SPY191220C00310000,310.0,normalDay
2019-06-04,278.0,3034.0,0.0,100,280.53,250.0,0,0.0,0.0,,0.0,1,1.51,1.7,SPY191220C00310000,310.0,normalDay
2019-06-05,278.0,3250.0,0.0,100,282.96,250.0,0,0.0,0.0,,0.0,1,1.51,1.97,SPY191220C00310000,310.0,normalDay
2019-06-06,278.0,3413.0,0.0,100,284.8,250.0,0,0.0,0.0,,0.0,1,1.51,2.18,SPY191220C00310000,310.0,normalDay
2019-06-07,278.0,3633.0,0.0,100,287.65,250.0,0,0.0,0.0,,0.0,1,1.51,2.83,SPY191220C00310000,310.0,normalDay
2019-06-10,278.0,3737.0,0.0,100,288.97,250.0,0,0.0,0.0,,0.0,1,1.51,3.11,SPY191220C00310000,310.0,normalDay
2019-06-11,278.0,3731.0,0.0,100,288.9,250.0,0,0.0,0.0,,0.0,1,1.51,3.1,SPY191220C00310000,310.0,normalDay
2019-06-12,278.0,3701.0,0.0,100,288.39,250.0,0,0.0,0.0,,0.0,1,1.51,2.89,SPY191220C00310000,310.0,normalDay
2019-06-13,278.0,3794.0,0.0,100,289.58,250.0,0,0.0,0.0,,0.0,1,1.51,3.15,SPY191220C00310000,310.0,normalDay
2019-06-14,278.0,3773.0,0.0,100,289.26,250.0,0,0.0,0.0,,0.0,1,1.51,3.04,SPY191220C00310000,310.0,normalDay
2019-06-17,278.0,3788.0,0.0,100,289.37,250.0,0,0.0,0.0,,0.0,1,1.51,3.0,SPY191220C00310000,310.0,normalDay
2019-06-18,278.0,4008.0,0.0,100,292.4,250.0,0,0.0,0.0,,0.0,1,1.51,3.83,SPY191220C00310000,310.0,normalDay
2019-06-19,278.0,4071.0,0.0,100,293.06,250.0,0,0.0,0.0,,0.0,1,1.51,3.86,SPY191220C00310000,310.0,normalDay
2019-06-20,278.0,4263.0,0.0,100,295.86,250.0,0,0.0,0.0,,0.0,1,1.51,4.74,SPY191220C00310000,310.0,normalDay
2019-06-21,278.0,4079.0,0.0,100,294.0,250.0,0,0.0,0.0,,0.0,1,1.51,4.72,SPY191220C00310000,310.0,normalDay
2019-06-24,278.0,4078.0,0.0,100,293.64,250.0,0,0.0,0.0,,0.0,1,1.51,4.37,SPY191220C00310000,310.0,normalDay
2019-06-25,278.0,3864.0,0.0,100,290.76,250.0,0,0.0,0.0,,0.0,1,1.51,3.63,SPY191220C00310000,310.0,normalDay
2019-06-26,278.0,3859.0,0.0,100,290.47,250.0,0,0.0,0.0,,0.0,1,1.51,3.39,SPY191220C00310000,310.0,normalDay
2019-06-27,278.0,3932.0,0.0,100,291.5,250.0,0,0.0,0.0,,0.0,1,1.51,3.69,SPY191220C00310000,310.0,normalDay
2019-06-28,278.0,4046.0,0.0,100,293.0,250.0,0,0.0,0.0,,0.0,1,1.51,4.05,SPY191220C00310000,310.0,normalDay
2019-07-01,278.0,4303.0,0.0,100,295.66,250.0,0,0.0,0.0,,0.0,1,1.51,4.14,SPY191220C00310000,310.0,normalDay
2019-07-02,278.0,4383.0,0.0,100,296.43,250.0,0,0.0,0.0,,0.0,1,1.51,4.11,SPY191220C00310000,310.0,normalDay
2019-07-03,278.0,4528.0,0.0,100,298.8,250.0,0,0.0,0.0,,0.0,1,1.51,5.03,SPY191220C00310000,310.0,normalDay
2019-07-05,278.0,4523.0,0.0,100,298.46,250.0,0,0.0,0.0,,0.0,1,1.51,4.74,SPY191220C00310000,310.0,normalDay
2019-07-08,278.0,4390.0,0.0,100,296.82,250.0,0,0.0,0.0,,0.0,1,1.51,4.43,SPY191220C00310000,310.0,normalDay
2019-07-09,278.0,4413.0,0.0,100,297.19,250.0,0,0.0,0.0,,0.0,1,1.51,4.57,SPY191220C00310000,310.0,normalDay
2019-07-10,278.0,4506.0,0.0,100,298.61,250.0,0,0.0,0.0,,0.0,1,1.51,5.06,SPY191220C00310000,310.0,normalDay
2019-07-11,278.0,4557.0,0.0,100,299.31,250.0,0,0.0,0.0,,0.0,1,1.51,5.25,SPY191220C00310000,310.0,normalDay
2019-07-12,278.0,4639.0,0.0,100,300.65,250.0,0,0.0,0.0,,0.0,1,1.51,5.77,SPY191220C00310000,310.0,normalDay
2019-07-15,278.0,4644.0,0.0,100,300.75,250.0,0,0.0,0.0,,0.0,1,1.51,5.82,SPY191220C00310000,310.0,normalDay
2019-07-16,278.0,4585.0,0.0,100,299.78,250.0,0,0.0,0.0,,0.0,1,1.51,5.44,SPY191220C00310000,310.0,normalDay
2019-07-17,278.0,4450.0,0.0,100,297.74,250.0,0,0.0,0.0,,0.0,1,1.51,4.75,SPY191220C00310000,310.0,normalDay
2019-07-18,278.0,4522.0,0.0,100,298.83,250.0,0,0.0,0.0,,0.0,1,1.51,5.12,SPY191220C00310000,310.0,normalDay
2019-07-19,278.0,4414.0,0.0,100,297.17,250.0,0,0.0,0.0,,0.0,1,1.51,4.54,SPY191220C00310000,310.0,normalDay
2019-07-22,278.0,4485.0,0.0,100,297.9,250.0,0,0.0,0.0,,0.0,1,1.51,4.56,SPY191220C00310000,310.0,normalDay
2019-07-23,278.0,4638.0,0.0,100,300.03,250.0,0,0.0,0.0,,0.0,1,1.51,5.16,SPY191220C00310000,310.0,normalDay
2019-07-24,278.0,4728.0,0.0,100,301.44,250.0,0,0.0,0.0,,0.0,1,1.51,5.67,SPY191220C00310000,310.0,normalDay
2019-07-25,278.0,4630.0,0.0,100,300.0,250.0,0,0.0,0.0,,0.0,1,1.51,5.21,SPY191220C00310000,310.0,normalDay
2019-07-26,278.0,4774.0,0.0,100,302.01,250.0,0,0.0,0.0,,0.0,1,1.51,5.78,SPY191220C00310000,310.0,normalDay
2019-07-29,278.0,4736.0,0.0,100,301.46,250.0,0,0.0,0.0,,0.0,1,1.51,5.61,SPY191220C00310000,310.0,normalDay
2019-07-30,278.0,4679.0,0.0,100,300.72,250.0,0,0.0,0.0,,0.0,1,1.51,5.44,SPY191220C00310000,310.0,normalDay
2019-07-31,278.0,4446.0,0.0,100,297.43,250.0,0,0.0,0.0,,0.0,1,1.51,4.48,SPY191220C00310000,310.0,normalDay
2019-08-01,278.0,4239.0,0.0,100,294.84,250.0,0,0.0,0.0,,0.0,1,1.51,3.96,SPY191220C00310000,310.0,normalDay
2019-08-02,278.0,4099.0,0.0,100,292.62,250.0,0,0.0,0.0,,0.0,1,1.51,3.14,SPY191220C00310000,310.0,normalDay
2019-08-05,278.0,3357.0,0.0,100,283.82,250.0,0,0.0,0.0,,0.0,1,1.51,1.76,SPY191220C00310000,310.0,normalDay
2019-08-06,278.0,3724.0,0.0,100,287.8,250.0,0,0.0,0.0,,0.0,1,1.51,2.07,SPY191220C00310000,310.0,normalDay
2019-08-07,278.0,3742.0,0.0,100,287.97,250.0,0,0.0,0.0,,0.0,1,1.51,2.06,SPY191220C00310000,310.0,normalDay
2019-08-08,278.0,4209.0,0.0,100,293.62,250.0,0,0.0,0.0,,0.0,1,1.51,3.04,SPY191220C00310000,310.0,normalDay
2019-08-09,278.0,4038.0,0.0,100,291.62,250.0,0,0.0,0.0,,0.0,1,1.51,2.75,SPY191220C00310000,310.0,normalDay
2019-08-12,278.0,3737.0,0.0,100,288.07,250.0,0,0.0,0.0,,0.0,1,1.51,2.21,SPY191220C00310000,310.0,normalDay
2019-08-13,278.0,4119.0,0.0,100,292.55,250.0,0,0.0,0.0,,0.0,1,1.51,2.87,SPY191220C00310000,310.0,normalDay
2019-08-14,278.0,3367.0,0.0,100,283.9,250.0,0,0.0,0.0,,0.0,1,1.51,1.74,SPY191220C00310000,310.0,normalDay
2019-08-15,278.0,3439.0,0.0,100,284.65,250.0,0,0.0,0.0,,0.0,1,1.51,1.77,SPY191220C00310000,310.0,normalDay
2019-08-16,278.0,3812.0,0.0,100,288.85,250.0,0,0.0,0.0,,0.0,1,1.51,2.24,SPY191220C00310000,310.0,normalDay
2019-08-19,278.0,4125.0,0.0,100,292.33,250.0,0,0.0,0.0,,0.0,1,1.51,2.59,SPY191220C00310000,310.0,normalDay
2019-08-20,278.0,3948.0,0.0,100,290.09,250.0,0,0.0,0.0,,0.0,1,1.51,2.12,SPY191220C00310000,310.0,normalDay
2019-08-21,278.0,4143.0,0.0,100,292.45,250.0,0,0.0,0.0,,0.0,1,1.51,2.53,SPY191220C00310000,310.0,normalDay
2019-08-22,278.0,4144.0,0.0,100,292.36,250.0,0,0.0,0.0,,0.0,1,1.51,2.43,SPY191220C00310000,310.0,normalDay
2019-08-23,278.0,3483.0,0.0,100,284.85,250.0,0,0.0,0.0,,0.0,1,1.51,1.53,SPY191220C00310000,310.0,normalDay
2019-08-26,278.0,3761.0,0.0,100,288.0,250.0,0,0.0,0.0,,0.0,1,1.51,1.9,SPY191220C00310000,310.0,normalDay
2019-08-27,278.0,3661.0,0.0,100,286.87,250.0,0,0.0,0.0,,0.0,1,1.51,1.77,SPY191220C00310000,310.0,normalDay
2019-08-28,278.0,3831.0,0.0,100,288.89,250.0,0,0.0,0.0,,0.0,1,1.51,2.09,SPY191220C00310000,310.0,normalDay
2019-08-29,278.0,4144.0,0.0,100,292.58,250.0,0,0.0,0.0,,0.0,1,1.51,2.65,SPY191220C00310000,310.0,normalDay
2019-08-30,278.0,4135.0,0.0,100,292.45,250.0,0,0.0,0.0,,0.0,1,1.51,2.61,SPY191220C00310000,310.0,normalDay
2019-09-03,278.0,4005.0,0.0,100,290.74,250.0,0,0.0,0.0,,0.0,1,1.51,2.2,SPY191220C00310000,310.0,normalDay
2019-09-04,278.0,4292.0,0.0,100,294.04,250.0,0,0.0,0.0,,0.0,1,1.51,2.63,SPY191220C00310000,310.0,normalDay
2019-09-05,278.0,4588.0,0.0,100,297.82,250.0,0,0.0,0.0,,0.0,1,1.51,3.45,SPY191220C00310000,310.0,normalDay
2019-09-06,278.0,4616.0,0.0,100,298.05,250.0,0,0.0,0.0,,0.0,1,1.51,3.4,SPY191220C00310000,310.0,normalDay
2019-09-09,278.0,4646.0,0.0,100,298.2,250.0,0,0.0,0.0,,0.0,1,1.51,3.25,SPY191220C00310000,310.0,normalDay
2019-09-10,278.0,4649.0,0.0,100,298.13,250.0,0,0.0,0.0,,0.0,1,1.51,3.15,SPY191220C00310000,310.0,normalDay
2019-09-11,278.0,4781.0,0.0,100,300.25,250.0,0,0.0,0.0,,0.0,1,1.51,3.95,SPY191220C00310000,310.0,normalDay
2019-09-12,278.0,4861.0,0.0,100,301.29,250.0,0,0.0,0.0,,0.0,1,1.51,4.19,SPY191220C00310000,310.0,normalDay
2019-09-13,278.0,4861.0,0.0,100,301.09,250.0,0,0.0,0.0,,0.0,1,1.51,3.99,SPY191220C00310000,310.0,normalDay
2019-09-16,278.0,4792.0,0.0,100,300.16,250.0,0,0.0,0.0,,0.0,1,1.51,3.75,SPY191220C00310000,310.0,normalDay
2019-09-17,278.0,4840.0,0.0,100,300.92,250.0,0,0.0,0.0,,0.0,1,1.51,4.03,SPY191220C00310000,310.0,normalDay
2019-09-18,278.0,4863.0,0.0,100,301.1,250.0,0,0.0,0.0,,0.0,1,1.51,3.98,SPY191220C00310000,310.0,normalDay
2019-09-19,278.0,4873.0,0.0,100,301.08,250.0,0,0.0,0.0,,0.0,1,1.51,3.86,SPY191220C00310000,310.0,normalDay
2019-09-20,278.0,4630.0,0.0,100,298.28,250.0,0,0.0,0.0,,0.0,1,1.51,3.49,SPY191220C00310000,310.0,normalDay
2019-09-23,278.0,4641.0,0.0,100,298.21,250.0,0,0.0,0.0,,0.0,1,1.51,3.31,SPY191220C00310000,310.0,normalDay
2019-09-24,278.0,4453.0,0.0,100,295.87,250.0,0,0.0,0.0,,0.0,1,1.51,2.85,SPY191220C00310000,310.0,normalDay
2019-09-25,278.0,4609.0,0.0,100,297.62,250.0,0,0.0,0.0,,0.0,1,1.51,3.04,SPY191220C00310000,310.0,normalDay
2019-09-26,278.0,4567.0,0.0,100,297.0,250.0,0,0.0,0.0,,0.0,1,1.51,2.84,SPY191220C00310000,310.0,normalDay
2019-09-27,278.0,4441.0,0.0,100,295.4,250.0,0,0.0,0.0,,0.0,1,1.51,2.5,SPY191220C00310000,310.0,normalDay
2019-09-30,278.0,4573.0,0.0,100,296.77,250.0,0,0.0,0.0,,0.0,1,1.51,2.55,SPY191220C00310000,310.0,normalDay
2019-10-01,278.0,4298.0,0.0,100,293.24,250.0,0,0.0,0.0,,0.0,1,1.51,1.77,SPY191220C00310000,310.0,normalDay
2019-10-02,278.0,3851.0,0.0,100,288.06,250.0,0,0.0,0.0,,0.0,1,1.51,1.06,SPY191220C00310000,310.0,normalDay
2019-10-03,278.0,4070.0,0.0,100,290.42,250.0,0,0.0,0.0,,0.0,1,1.51,1.23,SPY191220C00310000,310.0,normalDay
2019-10-04,278.0,4421.0,0.0,100,294.35,250.0,0,0.0,0.0,,0.0,1,1.51,1.65,SPY191220C00310000,310.0,normalDay
2019-10-07,278.0,4326.0,0.0,100,293.08,250.0,0,0.0,0.0,,0.0,1,1.51,1.33,SPY191220C00310000,310.0,normalDay
2019-10-08,278.0,3916.0,0.0,100,288.53,250.0,0,0.0,0.0,,0.0,1,1.51,0.88,SPY191220C00310000,310.0,normalDay
2019-10-09,278.0,4170.0,0.0,100,291.27,250.0,0,0.0,0.0,,0.0,1,1.51,1.08,SPY191220C00310000,310.0,normalDay
2019-10-10,278.0,4344.0,0.0,100,293.24,250.0,0,0.0,0.0,,0.0,1,1.51,1.31,SPY191220C00310000,310.0,normalDay
2019-10-11,278.0,4611.0,0.0,100,296.28,250.0,0,0.0,0.0,,0.0,1,1.51,1.68,SPY191220C00310000,310.0,normalDay
2019-10-14,278.0,4615.0,0.0,100,295.95,250.0,0,0.0,0.0,,0.0,1,1.51,1.31,SPY191220C00310000,310.0,normalDay
2019-10-15,278.0,4850.0,0.0,100,298.88,250.0,0,0.0,0.0,,0.0,1,1.51,1.89,SPY191220C00310000,310.0,normalDay
2019-10-16,278.0,4819.0,0.0,100,298.4,250.0,0,0.0,0.0,,0.0,1,1.51,1.72,SPY191220C00310000,310.0,normalDay
2019-10-17,278.0,4891.0,0.0,100,299.28,250.0,0,0.0,0.0,,0.0,1,1.51,1.88,SPY191220C00310000,310.0,normalDay
2019-10-18,278.0,4783.0,0.0,100,297.97,250.0,0,0.0,0.0,,0.0,1,1.51,1.65,SPY191220C00310000,310.0,normalDay
2019-10-21,278.0,4957.0,0.0,100,299.99,250.0,0,0.0,0.0,,0.0,1,1.51,1.93,SPY191220C00310000,310.0,normalDay
2019-10-22,278.0,4885.0,0.0,100,299.01,250.0,0,0.0,0.0,,0.0,1,1.51,1.67,SPY191220C00310000,310.0,normalDay
2019-10-23,278.0,4956.0,0.0,100,299.88,250.0,0,0.0,0.0,,0.0,1,1.51,1.83,SPY191220C00310000,310.0,normalDay
2019-10-24,278.0,5010.0,0.0,100,300.37,250.0,0,0.0,0.0,,0.0,1,1.51,1.78,SPY191220C00310000,310.0,normalDay
2019-10-25,278.0,5114.0,0.0,100,301.6,250.0,0,0.0,0.0,,0.0,1,1.51,1.97,SPY191220C00310000,310.0,normalDay
2019-10-28,278.0,5229.0,0.0,100,303.3,250.0,0,0.0,0.0,,0.0,1,1.51,2.52,SPY191220C00310000,310.0,normalDay
2019-10-29,278.0,5229.0,0.0,100,303.21,250.0,0,0.0,0.0,,0.0,1,1.51,2.43,SPY191220C00310000,310.0,normalDay
2019-10-30,278.0,5299.0,0.0,100,304.14,250.0,0,0.0,0.0,,0.0,1,1.51,2.66,SPY191220C00310000,310.0,normalDay
2019-10-31,278.0,5261.0,0.0,100,303.33,250.0,0,0.0,0.0,,0.0,1,1.51,2.23,SPY191220C00310000,310.0,normalDay
2019-11-01,278.0,5449.0,0.0,100,306.14,250.0,0,0.0,0.0,,0.0,1,1.51,3.16,SPY191220C00310000,310.0,normalDay
2019-11-04,278.0,5520.0,0.0,100,307.37,250.0,0,0.0,0.0,,0.0,1,1.51,3.68,SPY191220C00310000,310.0,normalDay
2019-11-05,278.0,5497.0,0.0,100,307.03,250.0,0,0.0,0.0,,0.0,1,1.51,3.57,SPY191220C00310000,310.0,normalDay
2019-11-06,278.0,5506.0,0.0,100,307.1,250.0,0,0.0,0.0,,0.0,1,1.51,3.55,SPY191220C00310000,310.0,normalDay
2019-11-07,278.0,5565.0,0.0,100,308.18,250.0,0,0.0,0.0,,0.0,1,1.51,4.04,SPY191220C00310000,310.0,normalDay
2019-11-08,278.0,5615.0,0.0,100,308.94,250.0,0,0.0,0.0,,0.0,1,1.51,4.3,SPY191220C00310000,310.0,normalDay
2019-11-11,278.0,5591.0,0.0,100,308.35,250.0,0,0.0,0.0,,0.0,1,1.51,3.95,SPY191220C00310000,310.0,normalDay
2019-11-12,278.0,5648.0,0.0,100,309.0,250.0,0,0.0,0.0,,0.0,1,1.51,4.03,SPY191220C00310000,310.0,normalDay
2019-11-13,278.0,5645.0,0.0,100,309.1,250.0,0,0.0,0.0,,0.0,1,1.51,4.16,SPY191220C00310000,310.0,normalDay
2019-11-14,278.0,5677.0,0.0,100,309.55,250.0,0,0.0,0.0,,0.0,1,1.51,4.29,SPY191220C00310000,310.0,normalDay
2019-11-15,278.0,5801.0,0.0,100,311.79,250.0,0,0.0,0.0,,0.0,1,1.51,5.29,SPY191220C00310000,310.0,normalDay
2019-11-18,278.0,5811.0,0.0,100,312.02,250.0,0,0.0,0.0,,0.0,1,1.51,5.42,SPY191220C00310000,310.0,normalDay
2019-11-19,278.0,5821.0,0.0,100,311.93,250.0,0,0.0,0.0,,0.0,1,1.51,5.23,SPY191220C00310000,310.0,normalDay
2019-11-20,278.0,5786.0,0.0,100,310.77,250.0,0,0.0,0.0,,0.0,1,1.51,4.42,SPY191220C00310000,310.0,normalDay
2019-11-21,278.0,5756.0,0.0,100,310.27,250.0,0,0.0,0.0,,0.0,1,1.51,4.22,SPY191220C00310000,310.0,normalDay
2019-11-22,278.0,5808.0,0.0,100,310.96,250.0,0,0.0,0.0,,0.0,1,1.51,4.39,SPY191220C00310000,310.0,normalDay
2019-11-25,278.0,5934.0,0.0,100,313.37,250.0,0,0.0,0.0,,0.0,1,1.51,5.54,SPY191220C00310000,310.0,normalDay
2019-11-26,278.0,5942.0,0.0,100,314.08,250.0,0,0.0,0.0,,0.0,1,1.51,6.17,SPY191220C00310000,310.0,normalDay
2019-11-27,278.0,5980.0,0.0,100,315.48,250.0,0,0.0,0.0,,0.0,1,1.51,7.19,SPY191220C00310000,310.0,normalDay
2019-11-29,278.0,5934.0,0.0,100,314.31,250.0,0,0.0,0.0,,0.0,1,1.51,6.48,SPY191220C00310000,310.0,normalDay
2019-12-02,278.0,5852.0,0.0,100,311.64,250.0,0,0.0,0.0,,0.0,1,1.51,4.63,SPY191220C00310000,310.0,normalDay
2019-12-03,278.0,5757.0,0.0,100,309.55,250.0,0,0.0,0.0,,0.0,1,1.51,3.49,SPY191220C00310000,310.0,normalDay
2019-12-04,278.0,5874.0,0.0,100,311.46,250.0,0,0.0,0.0,,0.0,1,1.51,4.23,SPY191220C00310000,310.0,normalDay
2019-12-05,278.0,5893.0,0.0,100,312.02,250.0,0,0.0,0.0,,0.0,1,1.51,4.6,SPY191220C00310000,310.0,normalDay
2019-12-06,278.0,6007.0,0.0,100,314.87,250.0,0,0.0,0.0,,0.0,1,1.51,6.31,SPY191220C00310000,310.0,normalDay
2019-12-09,278.0,5985.0,0.0,100,313.88,250.0,0,0.0,0.0,,0.0,1,1.51,5.54,SPY191220C00310000,310.0,normalDay
2019-12-10,278.0,5960.0,0.0,100,313.53,250.0,0,0.0,0.0,,0.0,1,1.51,5.44,SPY191220C00310000,310.0,normalDay
2019-12-11,278.0,6009.0,0.0,100,314.42,250.0,0,0.0,0.0,,0.0,1,1.51,5.84,SPY191220C00310000,310.0,normalDay
2019-12-12,278.0,6086.0,0.0,100,317.13,250.0,0,0.0,0.0,,0.0,1,1.51,7.78,SPY191220C00310000,310.0,normalDay
2019-12-13,278.0,6105.0,0.0,100,317.32,250.0,0,0.0,0.0,,0.0,1,1.51,7.78,SPY191220C00310000,310.0,normalDay
2019-12-16,278.0,6097.0,0.0,100,319.5,250.0,0,0.0,0.0,,0.0,1,1.51,10.04,SPY191220C00310000,310.0,normalDay
2019-12-17,278.0,6125.0,0.0,100,319.57,250.0,0,0.0,0.0,,0.0,1,1.51,9.83,SPY191220C00310000,310.0,normalDay
2019-12-18,278.0,6110.0,0.0,100,319.59,250.0,0,0.0,0.0,,0.0,1,1.51,10.0,SPY191220C00310000,310.0,normalDay
2019-12-19,278.0,6141.0,0.0,100,320.9,250.0,0,0.0,0.0,,0.0,1,1.51,11.0,SPY191220C00310000,310.0,normalDay
2019-12-20,6429.0,6141.0,6151.0,0,320.73,0.0,0,0.0,0.0,,0.0,1,1.51,0.0,SPY191220C00310000,310.0,expirationDay
2019-12-23,6429.0,-3.0,0.0,0,321.22,0.0,1,0.31,0.34,SPY200110P00301000,301.0,0,0.0,0.0,,0.0,normalDay
2019-12-24,6429.0,0.0,0.0,0,321.23,0.0,1,0.31,0.31,SPY200110P00301000,301.0,0,0.0,0.0,,0.0,normalDay
2019-12-26,6429.0,11.0,0.0,0,322.94,0.0,1,0.31,0.2,SPY200110P00301000,301.0,0,0.0,0.0,,0.0,normalDay
2019-12-27,6429.0,11.0,0.0,0,322.86,0.0,1,0.31,0.2,SPY200110P00301000,301.0,0,0.0,0.0,,0.0,normalDay
2019-12-30,6429.0,9.0,0.0,0,321.08,0.0,1,0.31,0.22,SPY200110P00301000,301.0,0,0.0,0.0,,0.0,normalDay
2019-12-31,6429.0,11.0,0.0,0,321.86,0.0,1,0.31,0.2,SPY200110P00301000,301.0,0,0.0,0.0,,0.0,normalDay
2020-01-02,6429.0,26.0,0.0,0,324.87,0.0,1,0.31,0.05,SPY200110P00301000,301.0,0,0.0,0.0,,0.0,normalDay
2020-01-03,6429.0,25.0,0.0,0,322.41,0.0,1,0.31,0.06,SPY200110P00301000,301.0,0,0.0,0.0,,0.0,normalDay
2020-01-06,6429.0,29.0,0.0,0,323.64,0.0,1,0.31,0.02,SPY200110P00301000,301.0,0,0.0,0.0,,0.0,normalDay
2020-01-07,6429.0,29.0,0.0,0,322.73,0.0,1,0.31,0.02,SPY200110P00301000,301.0,0,0.0,0.0,,0.0,normalDay
2020-01-08,6429.0,29.0,0.0,0,324.45,0.0,1,0.31,0.02,SPY200110P00301000,301.0,0,0.0,0.0,,0.0,normalDay
2020-01-09,6429.0,30.0,0.0,0,326.65,0.0,1,0.31,0.01,SPY200110P00301000,301.0,0,0.0,0.0,,0.0,normalDay
2020-01-10,6460.0,0.0,31.0,0,325.71,0.0,1,0.31,0.0,SPY200110P00301000,301.0,0,0.0,0.0,,0.0,expirationDay
2020-01-13,6460.0,-3.0,0.0,0,327.95,0.0,1,0.34,0.37,SPY200131P00311500,311.5,0,0.0,0.0,,0.0,normalDay
2020-01-14,6460.0,0.0,0.0,0,327.45,0.0,1,0.34,0.34,SPY200131P00311500,311.5,0,0.0,0.0,,0.0,normalDay
2020-01-15,6460.0,6.0,0.0,0,328.19,0.0,1,0.34,0.28,SPY200131P00311500,311.5,0,0.0,0.0,,0.0,normalDay
2020-01-16,6460.0,14.0,0.0,0,330.92,0.0,1,0.34,0.2,SPY200131P00311500,311.5,0,0.0,0.0,,0.0,normalDay
2020-01-17,6460.0,20.0,0.0,0,331.95,0.0,1,0.34,0.14,SPY200131P00311500,311.5,0,0.0,0.0,,0.0,normalDay
2020-01-21,6460.0,22.0,0.0,0,331.3,0.0,1,0.34,0.12,SPY200131P00311500,311.5,0,0.0,0.0,,0.0,normalDay
2020-01-22,6460.0,26.0,0.0,0,331.34,0.0,1,0.34,0.08,SPY200131P00311500,311.5,0,0.0,0.0,,0.0,normalDay
2020-01-23,6460.0,26.0,0.0,0,331.72,0.0,1,0.34,0.08,SPY200131P00311500,311.5,0,0.0,0.0,,0.0,normalDay
2020-01-24,6460.0,20.0,0.0,0,328.77,0.0,1,0.34,0.14,SPY200131P00311500,311.5,0,0.0,0.0,,0.0,normalDay
2020-01-27,6460.0,-13.0,0.0,0,323.5,0.0,1,0.34,0.47,SPY200131P00311500,311.5,0,0.0,0.0,,0.0,normalDay
2020-01-28,6460.0,24.0,0.0,0,326.89,0.0,1,0.34,0.1,SPY200131P00311500,311.5,0,0.0,0.0,,0.0,normalDay
2020-01-29,6460.0,30.0,0.0,0,326.62,0.0,1,0.34,0.04,SPY200131P00311500,311.5,0,0.0,0.0,,0.0,normalDay
2020-01-30,6460.0,32.0,0.0,0,327.68,0.0,1,0.34,0.02,SPY200131P00311500,311.5,0,0.0,0.0,,0.0,normalDay
2020-01-31,6494.0,0.0,34.0,0,321.73,0.0,1,0.34,0.0,SPY200131P00311500,311.5,0,0.0,0.0,,0.0,expirationDay
2020-02-03,6494.0,-3.0,0.0,0,324.12,0.0,1,1.88,1.91,SPY200221P00314000,314.0,0,0.0,0.0,,0.0,normalDay
2020-02-04,6494.0,112.0,0.0,0,329.06,0.0,1,1.88,0.76,SPY200221P00314000,314.0,0,0.0,0.0,,0.0,normalDay
2020-02-05,6494.0,150.0,0.0,0,332.86,0.0,1,1.88,0.38,SPY200221P00314000,314.0,0,0.0,0.0,,0.0,normalDay
2020-02-06,6494.0,154.0,0.0,0,333.98,0.0,1,1.88,0.34,SPY200221P00314000,314.0,0,0.0,0.0,,0.0,normalDay
2020-02-07,6494.0,149.0,0.0,0,332.2,0.0,1,1.88,0.39,SPY200221P00314000,314.0,0,0.0,0.0,,0.0,normalDay
2020-02-10,6494.0,169.0,0.0,0,334.68,0.0,1,1.88,0.19,SPY200221P00314000,314.0,0,0.0,0.0,,0.0,normalDay
2020-02-11,6494.0,171.0,0.0,0,335.26,0.0,1,1.88,0.17,SPY200221P00314000,314.0,0,0.0,0.0,,0.0,normalDay
2020-02-12,6494.0,180.0,0.0,0,337.42,0.0,1,1.88,0.08,SPY200221P00314000,314.0,0,0.0,0.0,,0.0,normalDay
2020-02-13,6494.0,180.0,0.0,0,337.06,0.0,1,1.88,0.08,SPY200221P00314000,314.0,0,0.0,0.0,,0.0,normalDay
2020-02-14,6494.0,184.0,0.0,0,337.6,0.0,1,1.88,0.04,SPY200221P00314000,314.0,0,0.0,0.0,,0.0,normalDay
2020-02-18,6494.0,185.0,0.0,0,336.73,0.0,1,1.88,0.03,SPY200221P00314000,314.0,0,0.0,0.0,,0.0,normalDay
2020-02-19,6494.0,186.0,0.0,0,338.34,0.0,1,1.88,0.02,SPY200221P00314000,314.0,0,0.0,0.0,,0.0,normalDay
2020-02-20,6494.0,187.0,0.0,0,336.95,0.0,1,1.88,0.01,SPY200221P00314000,314.0,0,0.0,0.0,,0.0,normalDay
2020-02-21,6682.0,0.0,188.0,0,333.48,0.0,1,1.88,0.0,SPY200221P00314000,314.0,0,0.0,0.0,,0.0,expirationDay
2020-02-24,6682.0,-6.0,0.0,0,322.42,0.0,1,2.93,2.99,SPY200313P00307500,307.5,0,0.0,0.0,,0.0,normalDay
2020-02-25,6682.0,-239.0,0.0,0,312.65,0.0,1,2.93,5.32,SPY200313P00307500,307.5,0,0.0,0.0,,0.0,normalDay
2020-02-26,6682.0,-276.0,0.0,0,311.5,0.0,1,2.93,5.69,SPY200313P00307500,307.5,0,0.0,0.0,,0.0,normalDay
2020-02-27,6682.0,-1182.0,0.0,0,297.51,0.0,1,2.93,14.75,SPY200313P00307500,307.5,0,0.0,0.0,,0.0,normalDay
2020-02-28,6682.0,-1228.0,0.0,0,296.26,0.0,1,2.93,15.21,SPY200313P00307500,307.5,0,0.0,0.0,,0.0,normalDay
2020-03-02,6682.0,-344.0,0.0,0,309.09,0.0,1,2.93,6.37,SPY200313P00307500,307.5,0,0.0,0.0,,0.0,normalDay
2020-03-03,6682.0,-777.0,0.0,0,300.24,0.0,1,2.93,10.7,SPY200313P00307500,307.5,0,0.0,0.0,,0.0,normalDay
2020-03-04,6682.0,-172.0,0.0,0,312.86,0.0,1,2.93,4.65,SPY200313P00307500,307.5,0,0.0,0.0,,0.0,normalDay
2020-03-05,6682.0,-738.0,0.0,0,302.46,0.0,1,2.93,10.31,SPY200313P00307500,307.5,0,0.0,0.0,,0.0,normalDay
2020-03-06,6682.0,-1020.0,0.0,0,297.46,0.0,1,2.93,13.13,SPY200313P00307500,307.5,0,0.0,0.0,,0.0,normalDay
2020-03-09,6682.0,-3127.0,0.0,0,274.23,0.0,1,2.93,34.2,SPY200313P00307500,307.5,0,0.0,0.0,,0.0,normalDay
2020-03-10,6682.0,-1727.0,0.0,0,288.42,0.0,1,2.93,20.2,SPY200313P00307500,307.5,0,0.0,0.0,,0.0,normalDay
2020-03-11,6682.0,-3091.0,0.0,0,274.36,0.0,1,2.93,33.84,SPY200313P00307500,307.5,0,0.0,0.0,,0.0,normalDay
2020-03-12,6682.0,-5643.0,0.0,0,248.11,0.0,1,2.93,59.36,SPY200313P00307500,307.5,0,0.0,0.0,,0.0,normalDay
2020-03-13,6975.0,-3818.0,293.0,100,269.32,307.5,1,2.93,0.0,SPY200313P00307500,307.5,0,0.0,0.0,,0.0,expirationDay
2020-03-16,6975.0,-6785.0,0.0,100,239.85,307.5,0,0.0,0.0,,0.0,1,0.3,0.5,SPY210319C00400000,400.0,normalDay
2020-03-17,6975.0,-5480.0,0.0,100,252.8,307.5,0,0.0,0.0,,0.0,1,0.3,0.4,SPY210319C00400000,400.0,normalDay
2020-03-18,6975.0,-6762.0,0.0,100,240.0,307.5,0,0.0,0.0,,0.0,1,0.3,0.42,SPY210319C00400000,400.0,normalDay
2020-03-19,6975.0,-6714.0,0.0,100,240.51,307.5,0,0.0,0.0,,0.0,1,0.3,0.45,SPY210319C00400000,400.0,normalDay
2020-03-20,6975.0,-7876.0,0.0,100,228.8,307.5,0,0.0,0.0,,0.0,1,0.3,0.36,SPY210319C00400000,400.0,normalDay
2020-03-23,6975.0,-8461.0,0.0,100,222.95,307.5,0,0.0,0.0,,0.0,1,0.3,0.36,SPY210319C00400000,400.0,normalDay
2020-03-24,6975.0,-6447.0,0.0,100,243.15,307.5,0,0.0,0.0,,0.0,1,0.3,0.42,SPY210319C00400000,400.0,normalDay
2020-03-25,6975.0,-6113.0,0.0,100,246.79,307.5,0,0.0,0.0,,0.0,1,0.3,0.72,SPY210319C00400000,400.0,normalDay
2020-03-26,6975.0,-4669.0,0.0,100,261.2,307.5,0,0.0,0.0,,0.0,1,0.3,0.69,SPY210319C00400000,400.0,normalDay
2020-03-27,6975.0,-5431.0,0.0,100,253.42,307.5,0,0.0,0.0,,0.0,1,0.3,0.53,SPY210319C00400000,400.0,normalDay
2020-03-30,6975.0,-4600.0,0.0,100,261.65,307.5,0,0.0,0.0,,0.0,1,0.3,0.45,SPY210319C00400000,400.0,normalDay
2020-03-31,6975.0,-4984.0,0.0,100,257.75,307.5,0,0.0,0.0,,0.0,1,0.3,0.39,SPY210319C00400000,400.0,normalDay
2020-04-01,6975.0,-6137.0,0.0,100,246.15,307.5,0,0.0,0.0,,0.0,1,0.3,0.32,SPY210319C00400000,400.0,normalDay
2020-04-02,6975.0,-5577.0,0.0,100,251.83,307.5,0,0.0,0.0,,0.0,1,0.3,0.4,SPY210319C00400000,400.0,normalDay
2020-04-03,6975.0,-5939.0,0.0,100,248.19,307.5,0,0.0,0.0,,0.0,1,0.3,0.38,SPY210319C00400000,400.0,normalDay
2020-04-06,6975.0,-4271.0,0.0,100,264.86,307.5,0,0.0,0.0,,0.0,1,0.3,0.37,SPY210319C00400000,400.0,normalDay
2020-04-07,6975.0,-4254.0,0.0,100,265.13,307.5,0,0.0,0.0,,0.0,1,0.3,0.47,SPY210319C00400000,400.0,normalDay
2020-04-08,6975.0,-3360.0,0.0,100,274.03,307.5,0,0.0,0.0,,0.0,1,0.3,0.43,SPY210319C00400000,400.0,normalDay
2020-04-09,6975.0,-2945.0,0.0,100,278.2,307.5,0,0.0,0.0,,0.0,1,0.3,0.45,SPY210319C00400000,400.0,normalDay
2020-04-13,6975.0,-3199.0,0.0,100,275.66,307.5,0,0.0,0.0,,0.0,1,0.3,0.45,SPY210319C00400000,400.0,normalDay
2020-04-14,6975.0,-2386.0,0.0,100,283.79,307.5,0,0.0,0.0,,0.0,1,0.3,0.45,SPY210319C00400000,400.0,normalDay
2020-04-15,6975.0,-2981.0,0.0,100,277.76,307.5,0,0.0,0.0,,0.0,1,0.3,0.37,SPY210319C00400000,400.0,normalDay
2020-04-16,6975.0,-2860.0,0.0,100,279.1,307.5,0,0.0,0.0,,0.0,1,0.3,0.5,SPY210319C00400000,400.0,normalDay
2020-04-17,6975.0,-2111.0,0.0,100,286.64,307.5,0,0.0,0.0,,0.0,1,0.3,0.55,SPY210319C00400000,400.0,normalDay
2020-04-20,6975.0,-2605.0,0.0,100,281.59,307.5,0,0.0,0.0,,0.0,1,0.3,0.44,SPY210319C00400000,400.0,normalDay
2020-04-21,6975.0,-3452.0,0.0,100,273.04,307.5,0,0.0,0.0,,0.0,1,0.3,0.36,SPY210319C00400000,400.0,normalDay
2020-04-22,6975.0,-2855.0,0.0,100,279.1,307.5,0,0.0,0.0,,0.0,1,0.3,0.45,SPY210319C00400000,400.0,normalDay
2020-04-23,6975.0,-2857.0,0.0,100,279.08,307.5,0,0.0,0.0,,0.0,1,0.3,0.45,SPY210319C00400000,400.0,normalDay
2020-04-24,6975.0,-2472.0,0.0,100,282.97,307.5,0,0.0,0.0,,0.0,1,0.3,0.49,SPY210319C00400000,400.0,normalDay
2020-04-27,6975.0,-2062.0,0.0,100,287.05,307.5,0,0.0,0.0,,0.0,1,0.3,0.47,SPY210319C00400000,400.0,normalDay
2020-04-28,6975.0,-2182.0,0.0,100,285.73,307.5,0,0.0,0.0,,0.0,1,0.3,0.35,SPY210319C00400000,400.0,normalDay
2020-04-29,6975.0,-1438.0,0.0,100,293.21,307.5,0,0.0,0.0,,0.0,1,0.3,0.39,SPY210319C00400000,400.0,normalDay
2020-04-30,6975.0,-1715.0,0.0,100,290.48,307.5,0,0.0,0.0,,0.0,1,0.3,0.43,SPY210319C00400000,400.0,normalDay
2020-05-01,6975.0,-2474.0,0.0,100,282.79,307.5,0,0.0,0.0,,0.0,1,0.3,0.33,SPY210319C00400000,400.0,normalDay
2020-05-04,6975.0,-2397.0,0.0,100,283.57,307.5,0,0.0,0.0,,0.0,1,0.3,0.34,SPY210319C00400000,400.0,normalDay
2020-05-05,6975.0,-2134.0,0.0,100,286.19,307.5,0,0.0,0.0,,0.0,1,0.3,0.33,SPY210319C00400000,400.0,normalDay
2020-05-06,6975.0,-2325.0,0.0,100,284.25,307.5,0,0.0,0.0,,0.0,1,0.3,0.3,SPY210319C00400000,400.0,normalDay
2020-05-07,6975.0,-1984.0,0.0,100,287.68,307.5,0,0.0,0.0,,0.0,1,0.3,0.32,SPY210319C00400000,400.0,normalDay
2020-05-08,6975.0,-1509.0,0.0,100,292.44,307.5,0,0.0,0.0,,0.0,1,0.3,0.33,SPY210319C00400000,400.0,normalDay
2020-05-11,6975.0,-1501.0,0.0,100,292.5,307.5,0,0.0,0.0,,0.0,1,0.3,0.31,SPY210319C00400000,400.0,normalDay
2020-05-12,6975.0,-2086.0,0.0,100,286.67,307.5,0,0.0,0.0,,0.0,1,0.3,0.33,SPY210319C00400000,400.0,normalDay
2020-05-13,6975.0,-2583.0,0.0,100,281.6,307.5,0,0.0,0.0,,0.0,1,0.3,0.23,SPY210319C00400000,400.0,normalDay
2020-05-14,6975.0,-2254.0,0.0,100,284.97,307.5,0,0.0,0.0,,0.0,1,0.3,0.31,SPY210319C00400000,400.0,normalDay
2020-05-15,6975.0,-2121.0,0.0,100,286.28,307.5,0,0.0,0.0,,0.0,1,0.3,0.29,SPY210319C00400000,400.0,normalDay
2020-05-18,6975.0,-1255.0,0.0,100,295.0,307.5,0,0.0,0.0,,0.0,1,0.3,0.35,SPY210319C00400000,400.0,normalDay
2020-05-19,6975.0,-1553.0,0.0,100,291.97,307.5,0,0.0,0.0,,0.0,1,0.3,0.3,SPY210319C00400000,400.0,normalDay
2020-05-20,6975.0,-1057.0,0.0,100,296.93,307.5,0,0.0,0.0,,0.0,1,0.3,0.3,SPY210319C00400000,400.0,normalDay
2020-05-21,6975.0,-1267.0,0.0,100,294.88,307.5,0,0.0,0.0,,0.0,1,0.3,0.35,SPY210319C00400000,400.0,normalDay
2020-05-22,6975.0,-1215.0,0.0,100,295.44,307.5,0,0.0,0.0,,0.0,1,0.3,0.39,SPY210319C00400000,400.0,normalDay
2020-05-26,6975.0,-849.0,0.0,100,299.08,307.5,0,0.0,0.0,,0.0,1,0.3,0.37,SPY210319C00400000,400.0,normalDay
2020-05-27,6975.0,-407.0,0.0,100,303.53,307.5,0,0.0,0.0,,0.0,1,0.3,0.4,SPY210319C00400000,400.0,normalDay
2020-05-28,6975.0,-462.0,0.0,100,302.97,307.5,0,0.0,0.0,,0.0,1,0.3,0.39,SPY210319C00400000,400.0,normalDay
2020-05-29,6975.0,-328.0,0.0,100,304.32,307.5,0,0.0,0.0,,0.0,1,0.3,0.4,SPY210319C00400000,400.0,normalDay
2020-06-01,6975.0,-211.0,0.0,100,305.55,307.5,0,0.0,0.0,,0.0,1,0.3,0.46,SPY210319C00400000,400.0,normalDay
2020-06-02,6975.0,40.0,0.0,100,308.08,307.5,0,0.0,0.0,,0.0,1,0.3,0.48,SPY210319C00400000,400.0,normalDay
2020-06-03,6975.0,436.0,0.0,100,312.18,307.5,0,0.0,0.0,,0.0,1,0.3,0.62,SPY210319C00400000,400.0,normalDay
2020-06-04,6975.0,359.0,0.0,100,311.36,307.5,0,0.0,0.0,,0.0,1,0.3,0.57,SPY210319C00400000,400.0,normalDay
2020-06-05,6975.0,1133.0,0.0,100,319.34,307.5,0,0.0,0.0,,0.0,1,0.3,0.81,SPY210319C00400000,400.0,normalDay
2020-06-08,6975.0,1499.0,0.0,100,323.2,307.5,0,0.0,0.0,,0.0,1,0.3,1.01,SPY210319C00400000,400.0,normalDay
2020-06-09,6975.0,1244.0,0.0,100,320.79,307.5,0,0.0,0.0,,0.0,1,0.3,1.15,SPY210319C00400000,400.0,normalDay
2020-06-10,6975.0,1074.0,0.0,100,319.0,307.5,0,0.0,0.0,,0.0,1,0.3,1.06,SPY210319C00400000,400.0,normalDay
2020-06-11,6975.0,-729.0,0.0,100,300.61,307.5,0,0.0,0.0,,0.0,1,0.3,0.7,SPY210319C00400000,400.0,normalDay
2020-06-12,6975.0,-374.0,0.0,100,304.21,307.5,0,0.0,0.0,,0.0,1,0.3,0.75,SPY210319C00400000,400.0,normalDay
2020-06-15,6975.0,-90.0,0.0,100,307.05,307.5,0,0.0,0.0,,0.0,1,0.3,0.75,SPY210319C00400000,400.0,normalDay
2020-06-16,6975.0,472.0,0.0,100,312.96,307.5,0,0.0,0.0,,0.0,1,0.3,1.04,SPY210319C00400000,400.0,normalDay
2020-06-17,6975.0,346.0,0.0,100,311.66,307.5,0,0.0,0.0,,0.0,1,0.3,1.0,SPY210319C00400000,400.0,normalDay
2020-06-18,6975.0,363.0,0.0,100,311.78,307.5,0,0.0,0.0,,0.0,1,0.3,0.95,SPY210319C00400000,400.0,normalDay
2020-06-19,6975.0,44.0,0.0,100,308.64,307.5,0,0.0,0.0,,0.0,1,0.3,1.0,SPY210319C00400000,400.0,normalDay
2020-06-22,6975.0,249.0,0.0,100,310.62,307.5,0,0.0,0.0,,0.0,1,0.3,0.93,SPY210319C00400000,400.0,normalDay
2020-06-23,6975.0,395.0,0.0,100,312.05,307.5,0,0.0,0.0,,0.0,1,0.3,0.9,SPY210319C00400000,400.0,normalDay
2020-06-24,6975.0,-384.0,0.0,100,304.09,307.5,0,0.0,0.0,,0.0,1,0.3,0.73,SPY210319C00400000,400.0,normalDay
2020-06-25,6975.0,-64.0,0.0,100,307.35,307.5,0,0.0,0.0,,0.0,1,0.3,0.79,SPY210319C00400000,400.0,normalDay
2020-06-26,6975.0,-781.0,0.0,100,300.05,307.5,0,0.0,0.0,,0.0,1,0.3,0.66,SPY210319C00400000,400.0,normalDay
2020-06-29,6975.0,-341.0,0.0,100,304.46,307.5,0,0.0,0.0,,0.0,1,0.3,0.67,SPY210319C00400000,400.0,normalDay
2020-06-30,6975.0,46.0,0.0,100,308.36,307.5,0,0.0,0.0,,0.0,1,0.3,0.7,SPY210319C00400000,400.0,normalDay
2020-07-01,6975.0,256.0,0.0,100,310.52,307.5,0,0.0,0.0,,0.0,1,0.3,0.76,SPY210319C00400000,400.0,normalDay
2020-07-02,6975.0,429.0,0.0,100,312.23,307.5,0,0.0,0.0,,0.0,1,0.3,0.74,SPY210319C00400000,400.0,normalDay
2020-07-06,6975.0,887.0,0.0,100,317.05,307.5,0,0.0,0.0,,0.0,1,0.3,0.98,SPY210319C00400000,400.0,normalDay
2020-07-07,6975.0,572.0,0.0,100,313.78,307.5,0,0.0,0.0,,0.0,1,0.3,0.86,SPY210319C00400000,400.0,normalDay
2020-07-08,6975.0,811.0,0.0,100,316.18,307.5,0,0.0,0.0,,0.0,1,0.3,0.87,SPY210319C00400000,400.0,normalDay
2020-07-09,6975.0,634.0,0.0,100,314.38,307.5,0,0.0,0.0,,0.0,1,0.3,0.84,SPY210319C00400000,400.0,normalDay
2020-07-10,6975.0,941.0,0.0,100,317.59,307.5,0,0.0,0.0,,0.0,1,0.3,0.98,SPY210319C00400000,400.0,normalDay
2020-07-13,6975.0,662.0,0.0,100,314.84,307.5,0,0.0,0.0,,0.0,1,0.3,1.02,SPY210319C00400000,400.0,normalDay
2020-07-14,6975.0,1055.0,0.0,100,318.92,307.5,0,0.0,0.0,,0.0,1,0.3,1.17,SPY210319C00400000,400.0,normalDay
2020-07-15,6975.0,1333.0,0.0,100,321.85,307.5,0,0.0,0.0,,0.0,1,0.3,1.32,SPY210319C00400000,400.0,normalDay
2020-07-16,6975.0,1238.0,0.0,100,320.79,307.5,0,0.0,0.0,,0.0,1,0.3,1.21,SPY210319C00400000,400.0,normalDay
2020-07-17,6975.0,1327.0,0.0,100,321.72,307.5,0,0.0,0.0,,0.0,1,0.3,1.25,SPY210319C00400000,400.0,normalDay
2020-07-20,6975.0,1589.0,0.0,100,324.32,307.5,0,0.0,0.0,,0.0,1,0.3,1.23,SPY210319C00400000,400.0,normalDay
2020-07-21,6975.0,1649.0,0.0,100,325.01,307.5,0,0.0,0.0,,0.0,1,0.3,1.32,SPY210319C00400000,400.0,normalDay
2020-07-22,6975.0,1834.0,0.0,100,326.86,307.5,0,0.0,0.0,,0.0,1,0.3,1.32,SPY210319C00400000,400.0,normalDay
2020-07-23,6975.0,1469.0,0.0,100,322.96,307.5,0,0.0,0.0,,0.0,1,0.3,1.07,SPY210319C00400000,400.0,normalDay
2020-07-24,6975.0,1263.0,0.0,100,320.88,307.5,0,0.0,0.0,,0.0,1,0.3,1.05,SPY210319C00400000,400.0,normalDay
2020-07-27,6975.0,1493.0,0.0,100,323.22,307.5,0,0.0,0.0,,0.0,1,0.3,1.09,SPY210319C00400000,400.0,normalDay
2020-07-28,6975.0,1299.0,0.0,100,321.17,307.5,0,0.0,0.0,,0.0,1,0.3,0.98,SPY210319C00400000,400.0,normalDay
2020-07-29,6975.0,1672.0,0.0,100,325.12,307.5,0,0.0,0.0,,0.0,1,0.3,1.2,SPY210319C00400000,400.0,normalDay
2020-07-30,6975.0,1557.0,0.0,100,323.96,307.5,0,0.0,0.0,,0.0,1,0.3,1.19,SPY210319C00400000,400.0,normalDay
2020-07-31,6975.0,1807.0,0.0,100,326.52,307.5,0,0.0,0.0,,0.0,1,0.3,1.25,SPY210319C00400000,400.0,normalDay
2020-08-03,6975.0,2027.0,0.0,100,328.79,307.5,0,0.0,0.0,,0.0,1,0.3,1.32,SPY210319C00400000,400.0,normalDay
2020-08-04,6975.0,2151.0,0.0,100,330.06,307.5,0,0.0,0.0,,0.0,1,0.3,1.35,SPY210319C00400000,400.0,normalDay
2020-08-05,6975.0,2346.0,0.0,100,332.11,307.5,0,0.0,0.0,,0.0,1,0.3,1.45,SPY210319C00400000,400.0,normalDay
2020-08-06,6975.0,2546.0,0.0,100,334.33,307.5,0,0.0,0.0,,0.0,1,0.3,1.67,SPY210319C00400000,400.0,normalDay
2020-08-07,6975.0,2570.0,0.0,100,334.57,307.5,0,0.0,0.0,,0.0,1,0.3,1.67,SPY210319C00400000,400.0,normalDay
2020-08-10,6975.0,2669.0,0.0,100,335.57,307.5,0,0.0,0.0,,0.0,1,0.3,1.68,SPY210319C00400000,400.0,normalDay
2020-08-11,6975.0,2402.0,0.0,100,332.8,307.5,0,0.0,0.0,,0.0,1,0.3,1.58,SPY210319C00400000,400.0,normalDay
2020-08-12,6975.0,2838.0,0.0,100,337.44,307.5,0,0.0,0.0,,0.0,1,0.3,1.86,SPY210319C00400000,400.0,normalDay
2020-08-13,6975.0,2774.0,0.0,100,336.83,307.5,0,0.0,0.0,,0.0,1,0.3,1.89,SPY210319C00400000,400.0,normalDay
2020-08-14,6975.0,2778.0,0.0,100,336.84,307.5,0,0.0,0.0,,0.0,1,0.3,1.86,SPY210319C00400000,400.0,normalDay
2020-08-17,6975.0,2890.0,0.0,100,337.91,307.5,0,0.0,0.0,,0.0,1,0.3,1.81,SPY210319C00400000,400.0,normalDay
2020-08-18,6975.0,2962.0,0.0,100,338.64,307.5,0,0.0,0.0,,0.0,1,0.3,1.82,SPY210319C00400000,400.0,normalDay
2020-08-19,6975.0,2832.0,0.0,100,337.23,307.5,0,0.0,0.0,,0.0,1,0.3,1.71,SPY210319C00400000,400.0,normalDay
2020-08-20,6975.0,2933.0,0.0,100,338.28,307.5,0,0.0,0.0,,0.0,1,0.3,1.75,SPY210319C00400000,400.0,normalDay
2020-08-21,6975.0,3047.0,0.0,100,339.48,307.5,0,0.0,0.0,,0.0,1,0.3,1.81,SPY210319C00400000,400.0,normalDay
2020-08-24,6975.0,3367.0,0.0,100,342.92,307.5,0,0.0,0.0,,0.0,1,0.3,2.05,SPY210319C00400000,400.0,normalDay
2020-08-25,6975.0,3478.0,0.0,100,344.12,307.5,0,0.0,0.0,,0.0,1,0.3,2.14,SPY210319C00400000,400.0,normalDay
2020-08-26,6975.0,3761.0,0.0,100,347.57,307.5,0,0.0,0.0,,0.0,1,0.3,2.76,SPY210319C00400000,400.0,normalDay
2020-08-27,6975.0,3798.0,0.0,100,348.33,307.5,0,0.0,0.0,,0.0,1,0.3,3.15,SPY210319C00400000,400.0,normalDay
2020-08-28,6975.0,3996.0,0.0,100,350.58,307.5,0,0.0,0.0,,0.0,1,0.3,3.42,SPY210319C00400000,400.0,normalDay
2020-08-31,6975.0,3814.0,0.0,100,349.31,307.5,0,0.0,0.0,,0.0,1,0.3,3.97,SPY210319C00400000,400.0,normalDay
2020-09-01,6975.0,4090.0,0.0,100,352.6,307.5,0,0.0,0.0,,0.0,1,0.3,4.5,SPY210319C00400000,400.0,normalDay
2020-09-02,6975.0,4370.0,0.0,100,357.7,307.5,0,0.0,0.0,,0.0,1,0.3,6.8,SPY210319C00400000,400.0,normalDay
2020-09-03,6975.0,3369.0,0.0,100,345.39,307.5,0,0.0,0.0,,0.0,1,0.3,4.5,SPY210319C00400000,400.0,normalDay
2020-09-04,6975.0,3194.0,0.0,100,342.57,307.5,0,0.0,0.0,,0.0,1,0.3,3.43,SPY210319C00400000,400.0,normalDay
2020-09-08,6975.0,2381.0,0.0,100,333.21,307.5,0,0.0,0.0,,0.0,1,0.3,2.2,SPY210319C00400000,400.0,normalDay
2020-09-09,6975.0,2980.0,0.0,100,339.79,307.5,0,0.0,0.0,,0.0,1,0.3,2.79,SPY210319C00400000,400.0,normalDay
2020-09-10,6975.0,2447.0,0.0,100,333.89,307.5,0,0.0,0.0,,0.0,1,0.3,2.22,SPY210319C00400000,400.0,normalDay
2020-09-11,6975.0,2492.0,0.0,100,334.06,307.5,0,0.0,0.0,,0.0,1,0.3,1.94,SPY210319C00400000,400.0,normalDay
2020-09-14,6975.0,2899.0,0.0,100,338.46,307.5,0,0.0,0.0,,0.0,1,0.3,2.27,SPY210319C00400000,400.0,normalDay
2020-09-15,6975.0,3055.0,0.0,100,340.17,307.5,0,0.0,0.0,,0.0,1,0.3,2.42,SPY210319C00400000,400.0,normalDay
2020-09-16,6975.0,2939.0,0.0,100,338.82,307.5,0,0.0,0.0,,0.0,1,0.3,2.23,SPY210319C00400000,400.0,normalDay
2020-09-17,6975.0,2662.0,0.0,100,335.84,307.5,0,0.0,0.0,,0.0,1,0.3,2.02,SPY210319C00400000,400.0,normalDay
2020-09-18,6975.0,2177.0,0.0,100,330.65,307.5,0,0.0,0.0,,0.0,1,0.3,1.68,SPY210319C00400000,400.0,normalDay
2020-09-21,6975.0,1827.0,0.0,100,326.97,307.5,0,0.0,0.0,,0.0,1,0.3,1.5,SPY210319C00400000,400.0,normalDay
2020-09-22,6975.0,2145.0,0.0,100,330.3,307.5,0,0.0,0.0,,0.0,1,0.3,1.65,SPY210319C00400000,400.0,normalDay
2020-09-23,6975.0,1423.0,0.0,100,322.64,307.5,0,0.0,0.0,,0.0,1,0.3,1.21,SPY210319C00400000,400.0,normalDay
2020-09-24,6975.0,1500.0,0.0,100,323.5,307.5,0,0.0,0.0,,0.0,1,0.3,1.3,SPY210319C00400000,400.0,normalDay
2020-09-25,6975.0,1999.0,0.0,100,328.73,307.5,0,0.0,0.0,,0.0,1,0.3,1.54,SPY210319C00400000,400.0,normalDay
2020-09-28,6975.0,2499.0,0.0,100,334.19,307.5,0,0.0,0.0,,0.0,1,0.3,2.0,SPY210319C00400000,400.0,normalDay
2020-09-29,6975.0,2335.0,0.0,100,332.37,307.5,0,0.0,0.0,,0.0,1,0.3,1.82,SPY210319C00400000,400.0,normalDay
2020-09-30,6975.0,2571.0,0.0,100,334.89,307.5,0,0.0,0.0,,0.0,1,0.3,1.98,SPY210319C00400000,400.0,normalDay
2020-10-01,6975.0,2755.0,0.0,100,337.04,307.5,0,0.0,0.0,,0.0,1,0.3,2.29,SPY210319C00400000,400.0,normalDay
2020-10-02,6975.0,2458.0,0.0,100,333.84,307.5,0,0.0,0.0,,0.0,1,0.3,2.06,SPY210319C00400000,400.0,normalDay
2020-10-05,6975.0,3008.0,0.0,100,339.76,307.5,0,0.0,0.0,,0.0,1,0.3,2.48,SPY210319C00400000,400.0,normalDay
2020-10-06,6975.0,2566.0,0.0,100,334.93,307.5,0,0.0,0.0,,0.0,1,0.3,2.07,SPY210319C00400000,400.0,normalDay
2020-10-07,6975.0,3109.0,0.0,100,340.76,307.5,0,0.0,0.0,,0.0,1,0.3,2.47,SPY210319C00400000,400.0,normalDay
2020-10-08,6975.0,3399.0,0.0,100,343.78,307.5,0,0.0,0.0,,0.0,1,0.3,2.59,SPY210319C00400000,400.0,normalDay
2020-10-09,6975.0,3692.0,0.0,100,346.85,307.5,0,0.0,0.0,,0.0,1,0.3,2.73,SPY210319C00400000,400.0,normalDay
2020-10-12,6975.0,4193.0,0.0,100,352.43,307.5,0,0.0,0.0,,0.0,1,0.3,3.3,SPY210319C00400000,400.0,normalDay
2020-10-13,6975.0,4014.0,0.0,100,350.13,307.5,0,0.0,0.0,,0.0,1,0.3,2.79,SPY210319C00400000,400.0,normalDay
2020-10-14,6975.0,3834.0,0.0,100,347.93,307.5,0,0.0,0.0,,0.0,1,0.3,2.39,SPY210319C00400000,400.0,normalDay
2020-10-15,6975.0,3791.0,0.0,100,347.5,307.5,0,0.0,0.0,,0.0,1,0.3,2.39,SPY210319C00400000,400.0,normalDay
2020-10-16,6975.0,3780.0,0.0,100,347.29,307.5,0,0.0,0.0,,0.0,1,0.3,2.29,SPY210319C00400000,400.0,normalDay
2020-10-19,6975.0,3291.0,0.0,100,342.01,307.5,0,0.0,0.0,,0.0,1,0.3,1.9,SPY210319C00400000,400.0,normalDay
2020-10-20,6975.0,3427.0,0.0,100,343.38,307.5,0,0.0,0.0,,0.0,1,0.3,1.91,SPY210319C00400000,400.0,normalDay
2020-10-21,6975.0,3380.0,0.0,100,342.73,307.5,0,0.0,0.0,,0.0,1,0.3,1.73,SPY210319C00400000,400.0,normalDay
2020-10-22,6975.0,3569.0,0.0,100,344.61,307.5,0,0.0,0.0,,0.0,1,0.3,1.72,SPY210319C00400000,400.0,normalDay
2020-10-23,6975.0,3689.0,0.0,100,345.78,307.5,0,0.0,0.0,,0.0,1,0.3,1.69,SPY210319C00400000,400.0,normalDay
2020-10-26,6975.0,3071.0,0.0,100,339.39,307.5,0,0.0,0.0,,0.0,1,0.3,1.48,SPY210319C00400000,400.0,normalDay
2020-10-27,6975.0,2965.0,0.0,100,338.22,307.5,0,0.0,0.0,,0.0,1,0.3,1.37,SPY210319C00400000,400.0,normalDay
2020-10-28,6975.0,1854.0,0.0,100,326.66,307.5,0,0.0,0.0,,0.0,1,0.3,0.92,SPY210319C00400000,400.0,normalDay
2020-10-29,6975.0,2179.0,0.0,100,329.98,307.5,0,0.0,0.0,,0.0,1,0.3,0.99,SPY210319C00400000,400.0,normalDay
2020-10-30,6975.0,1841.0,0.0,100,326.54,307.5,0,0.0,0.0,,0.0,1,0.3,0.93,SPY210319C00400000,400.0,normalDay
2020-11-02,6975.0,2205.0,0.0,100,330.2,307.5,0,0.0,0.0,,0.0,1,0.3,0.95,SPY210319C00400000,400.0,normalDay
2020-11-03,6975.0,2758.0,0.0,100,336.03,307.5,0,0.0,0.0,,0.0,1,0.3,1.25,SPY210319C00400000,400.0,normalDay
2020-11-04,6975.0,3489.0,0.0,100,343.54,307.5,0,0.0,0.0,,0.0,1,0.3,1.45,SPY210319C00400000,400.0,normalDay
2020-11-05,6975.0,4077.0,0.0,100,350.24,307.5,0,0.0,0.0,,0.0,1,0.3,2.27,SPY210319C00400000,400.0,normalDay
2020-11-06,6975.0,4101.0,0.0,100,350.16,307.5,0,0.0,0.0,,0.0,1,0.3,1.95,SPY210319C00400000,400.0,normalDay
2020-11-09,6975.0,4496.0,0.0,100,354.56,307.5,0,0.0,0.0,,0.0,1,0.3,2.4,SPY210319C00400000,400.0,normalDay
2020-11-10,6975.0,4475.0,0.0,100,354.04,307.5,0,0.0,0.0,,0.0,1,0.3,2.09,SPY210319C00400000,400.0,normalDay
2020-11-11,6975.0,4722.0,0.0,100,356.67,307.5,0,0.0,0.0,,0.0,1,0.3,2.25,SPY210319C00400000,400.0,normalDay
2020-11-12,6975.0,4409.0,0.0,100,353.21,307.5,0,0.0,0.0,,0.0,1,0.3,1.92,SPY210319C00400000,400.0,normalDay
2020-11-13,6975.0,4858.0,0.0,100,358.1,307.5,0,0.0,0.0,,0.0,1,0.3,2.32,SPY210319C00400000,400.0,normalDay
2020-11-16,6975.0,5248.0,0.0,100,362.57,307.5,0,0.0,0.0,,0.0,1,0.3,2.89,SPY210319C00400000,400.0,normalDay
2020-11-17,6975.0,5093.0,0.0,100,360.62,307.5,0,0.0,0.0,,0.0,1,0.3,2.49,SPY210319C00400000,400.0,normalDay
2020-11-18,6975.0,4711.0,0.0,100,356.28,307.5,0,0.0,0.0,,0.0,1,0.3,1.97,SPY210319C00400000,400.0,normalDay
2020-11-19,6975.0,4854.0,0.0,100,357.78,307.5,0,0.0,0.0,,0.0,1,0.3,2.04,SPY210319C00400000,400.0,normalDay
2020-11-20,6975.0,4643.0,0.0,100,355.33,307.5,0,0.0,0.0,,0.0,1,0.3,1.7,SPY210319C00400000,400.0,normalDay
2020-11-23,6975.0,4852.0,0.0,100,357.46,307.5,0,0.0,0.0,,0.0,1,0.3,1.74,SPY210319C00400000,400.0,normalDay
2020-11-24,6975.0,5363.0,0.0,100,363.22,307.5,0,0.0,0.0,,0.0,1,0.3,2.39,SPY210319C00400000,400.0,normalDay
2020-11-25,6975.0,5334.0,0.0,100,362.66,307.5,0,0.0,0.0,,0.0,1,0.3,2.12,SPY210319C00400000,400.0,normalDay
2020-11-27,6975.0,5423.0,0.0,100,363.67,307.5,0,0.0,0.0,,0.0,1,0.3,2.24,SPY210319C00400000,400.0,normalDay
2020-11-30,6975.0,5293.0,0.0,100,362.06,307.5,0,0.0,0.0,,0.0,1,0.3,1.93,SPY210319C00400000,400.0,normalDay
2020-12-01,6975.0,5629.0,0.0,100,366.02,307.5,0,0.0,0.0,,0.0,1,0.3,2.53,SPY210319C00400000,400.0,normalDay
2020-12-02,6975.0,5692.0,0.0,100,366.79,307.5,0,0.0,0.0,,0.0,1,0.3,2.67,SPY210319C00400000,400.0,normalDay
2020-12-03,6975.0,5698.0,0.0,100,366.69,307.5,0,0.0,0.0,,0.0,1,0.3,2.51,SPY210319C00400000,400.0,normalDay
2020-12-04,6975.0,5981.0,0.0,100,369.85,307.5,0,0.0,0.0,,0.0,1,0.3,2.84,SPY210319C00400000,400.0,normalDay
2020-12-07,6975.0,5929.0,0.0,100,369.09,307.5,0,0.0,0.0,,0.0,1,0.3,2.6,SPY210319C00400000,400.0,normalDay
2020-12-08,6975.0,6034.0,0.0,100,370.17,307.5,0,0.0,0.0,,0.0,1,0.3,2.63,SPY210319C00400000,400.0,normalDay
2020-12-09,6975.0,5746.0,0.0,100,366.85,307.5,0,0.0,0.0,,0.0,1,0.3,2.19,SPY210319C00400000,400.0,normalDay
2020-12-10,6975.0,5743.0,0.0,100,366.73,307.5,0,0.0,0.0,,0.0,1,0.3,2.1,SPY210319C00400000,400.0,normalDay
2020-12-11,6975.0,5702.0,0.0,100,366.3,307.5,0,0.0,0.0,,0.0,1,0.3,2.08,SPY210319C00400000,400.0,normalDay
2020-12-14,6975.0,5552.0,0.0,100,364.66,307.5,0,0.0,0.0,,0.0,1,0.3,1.94,SPY210319C00400000,400.0,normalDay
2020-12-15,6975.0,6012.0,0.0,100,369.59,307.5,0,0.0,0.0,,0.0,1,0.3,2.27,SPY210319C00400000,400.0,normalDay
2020-12-16,6975.0,6061.0,0.0,100,370.17,307.5,0,0.0,0.0,,0.0,1,0.3,2.36,SPY210319C00400000,400.0,normalDay
2020-12-17,6975.0,6248.0,0.0,100,372.24,307.5,0,0.0,0.0,,0.0,1,0.3,2.56,SPY210319C00400000,400.0,normalDay
2020-12-18,6975.0,5962.0,0.0,100,369.18,307.5,0,0.0,0.0,,0.0,1,0.3,2.36,SPY210319C00400000,400.0,normalDay
2020-12-21,6975.0,5836.0,0.0,100,367.86,307.5,0,0.0,0.0,,0.0,1,0.3,2.3,SPY210319C00400000,400.0,normalDay
2020-12-22,6975.0,5806.0,0.0,100,367.24,307.5,0,0.0,0.0,,0.0,1,0.3,1.98,SPY210319C00400000,400.0,normalDay
2020-12-23,6975.0,5868.0,0.0,100,367.57,307.5,0,0.0,0.0,,0.0,1,0.3,1.69,SPY210319C00400000,400.0,normalDay
2020-12-24,6975.0,6014.0,0.0,100,369.0,307.5,0,0.0,0.0,,0.0,1,0.3,1.66,SPY210319C00400000,400.0,normalDay
2020-12-28,6975.0,6293.0,0.0,100,372.17,307.5,0,0.0,0.0,,0.0,1,0.3,2.04,SPY210319C00400000,400.0,normalDay
2020-12-29,6975.0,6206.0,0.0,100,371.46,307.5,0,0.0,0.0,,0.0,1,0.3,2.2,SPY210319C00400000,400.0,normalDay
2020-12-30,6975.0,6267.0,0.0,100,371.99,307.5,0,0.0,0.0,,0.0,1,0.3,2.12,SPY210319C00400000,400.0,normalDay
2020-12-31,6975.0,6426.0,0.0,100,373.88,307.5,0,0.0,0.0,,0.0,1,0.3,2.42,SPY210319C00400000,400.0,normalDay
2021-01-04,6975.0,5973.0,0.0,100,368.79,307.5,0,0.0,0.0,,0.0,1,0.3,1.86,SPY210319C00400000,400.0,normalDay
2021-01-05,6975.0,6216.0,0.0,100,371.33,307.5,0,0.0,0.0,,0.0,1,0.3,1.97,SPY210319C00400000,400.0,normalDay
2021-01-06,6975.0,6405.0,0.0,100,373.55,307.5,0,0.0,0.0,,0.0,1,0.3,2.3,SPY210319C00400000,400.0,normalDay
2021-01-07,6975.0,6879.0,0.0,100,379.1,307.5,0,0.0,0.0,,0.0,1,0.3,3.11,SPY210319C00400000,400.0,normalDay
2021-01-08,6975.0,7034.0,0.0,100,381.26,307.5,0,0.0,0.0,,0.0,1,0.3,3.72,SPY210319C00400000,400.0,normalDay
2021-01-11,6975.0,6815.0,0.0,100,378.69,307.5,0,0.0,0.0,,0.0,1,0.3,3.34,SPY210319C00400000,400.0,normalDay
2021-01-12,6975.0,6865.0,0.0,100,378.77,307.5,0,0.0,0.0,,0.0,1,0.3,2.92,SPY210319C00400000,400.0,normalDay
2021-01-13,6975.0,6964.0,0.0,100,379.79,307.5,0,0.0,0.0,,0.0,1,0.3,2.95,SPY210319C00400000,400.0,normalDay
2021-01-14,6975.0,6853.0,0.0,100,378.46,307.5,0,0.0,0.0,,0.0,1,0.3,2.73,SPY210319C00400000,400.0,normalDay
2021-01-15,6975.0,6652.0,0.0,100,375.7,307.5,0,0.0,0.0,,0.0,1,0.3,1.98,SPY210319C00400000,400.0,normalDay
2021-01-19,6975.0,6907.0,0.0,100,378.65,307.5,0,0.0,0.0,,0.0,1,0.3,2.38,SPY210319C00400000,400.0,normalDay
2021-01-20,6975.0,7314.0,0.0,100,383.89,307.5,0,0.0,0.0,,0.0,1,0.3,3.55,SPY210319C00400000,400.0,normalDay
2021-01-21,6975.0,7356.0,0.0,100,384.24,307.5,0,0.0,0.0,,0.0,1,0.3,3.48,SPY210319C00400000,400.0,normalDay
2021-01-22,6975.0,7260.0,0.0,100,382.88,307.5,0,0.0,0.0,,0.0,1,0.3,3.08,SPY210319C00400000,400.0,normalDay
2021-01-25,6975.0,7350.0,0.0,100,384.39,307.5,0,0.0,0.0,,0.0,1,0.3,3.69,SPY210319C00400000,400.0,normalDay
2021-01-26,6975.0,7296.0,0.0,100,383.79,307.5,0,0.0,0.0,,0.0,1,0.3,3.63,SPY210319C00400000,400.0,normalDay
2021-01-27,6975.0,6462.0,0.0,100,374.41,307.5,0,0.0,0.0,,0.0,1,0.3,2.59,SPY210319C00400000,400.0,normalDay
2021-01-28,6975.0,6770.0,0.0,100,377.63,307.5,0,0.0,0.0,,0.0,1,0.3,2.73,SPY210319C00400000,400.0,normalDay
2021-01-29,6975.0,6126.0,0.0,100,370.07,307.5,0,0.0,0.0,,0.0,1,0.3,1.61,SPY210319C00400000,400.0,normalDay
2021-02-01,6975.0,6693.0,0.0,100,376.23,307.5,0,0.0,0.0,,0.0,1,0.3,2.1,SPY210319C00400000,400.0,normalDay
2021-02-02,6975.0,7146.0,0.0,100,381.55,307.5,0,0.0,0.0,,0.0,1,0.3,2.89,SPY210319C00400000,400.0,normalDay
2021-02-03,6975.0,7213.0,0.0,100,381.85,307.5,0,0.0,0.0,,0.0,1,0.3,2.52,SPY210319C00400000,400.0,normalDay
2021-02-04,6975.0,7579.0,0.0,100,386.19,307.5,0,0.0,0.0,,0.0,1,0.3,3.2,SPY210319C00400000,400.0,normalDay
2021-02-05,6975.0,7711.0,0.0,100,387.71,307.5,0,0.0,0.0,,0.0,1,0.3,3.4,SPY210319C00400000,400.0,normalDay
2021-02-08,6975.0,7927.0,0.0,100,390.51,307.5,0,0.0,0.0,,0.0,1,0.3,4.04,SPY210319C00400000,400.0,normalDay
2021-02-09,6975.0,7905.0,0.0,100,390.25,307.5,0,0.0,0.0,,0.0,1,0.3,4.0,SPY210319C00400000,400.0,normalDay
2021-02-10,6975.0,7901.0,0.0,100,390.08,307.5,0,0.0,0.0,,0.0,1,0.3,3.87,SPY210319C00400000,400.0,normalDay
2021-02-11,6975.0,7996.0,0.0,100,390.71,307.5,0,0.0,0.0,,0.0,1,0.3,3.55,SPY210319C00400000,400.0,normalDay
2021-02-12,6975.0,8132.0,0.0,100,392.64,307.5,0,0.0,0.0,,0.0,1,0.3,4.12,SPY210319C00400000,400.0,normalDay
2021-02-16,6975.0,8156.0,0.0,100,392.3,307.5,0,0.0,0.0,,0.0,1,0.3,3.54,SPY210319C00400000,400.0,normalDay
2021-02-17,6975.0,8187.0,0.0,100,392.39,307.5,0,0.0,0.0,,0.0,1,0.3,3.32,SPY210319C00400000,400.0,normalDay
2021-02-18,6975.0,8065.0,0.0,100,390.72,307.5,0,0.0,0.0,,0.0,1,0.3,2.87,SPY210319C00400000,400.0,normalDay
2021-02-19,6975.0,8063.0,0.0,100,390.03,307.5,0,0.0,0.0,,0.0,1,0.3,2.2,SPY210319C00400000,400.0,normalDay
2021-02-22,6975.0,7825.0,0.0,100,387.03,307.5,0,0.0,0.0,,0.0,1,0.3,1.58,SPY210319C00400000,400.0,normalDay
2021-02-23,6975.0,7873.0,0.0,100,387.5,307.5,0,0.0,0.0,,0.0,1,0.3,1.57,SPY210319C00400000,400.0,normalDay
2021-02-24,6975.0,8216.0,0.0,100,391.77,307.5,0,0.0,0.0,,0.0,1,0.3,2.41,SPY210319C00400000,400.0,normalDay
2021-02-25,6975.0,7391.0,0.0,100,382.33,307.5,0,0.0,0.0,,0.0,1,0.3,1.22,SPY210319C00400000,400.0,normalDay
2021-02-26,6975.0,7242.0,0.0,100,380.36,307.5,0,0.0,0.0,,0.0,1,0.3,0.74,SPY210319C00400000,400.0,normalDay
2021-03-01,6975.0,8089.0,0.0,100,389.58,307.5,0,0.0,0.0,,0.0,1,0.3,1.49,SPY210319C00400000,400.0,normalDay
2021-03-02,6975.0,7832.0,0.0,100,386.54,307.5,0,0.0,0.0,,0.0,1,0.3,1.02,SPY210319C00400000,400.0,normalDay
2021-03-03,6975.0,7370.0,0.0,100,381.42,307.5,0,0.0,0.0,,0.0,1,0.3,0.52,SPY210319C00400000,400.0,normalDay
2021-03-04,6975.0,6927.0,0.0,100,376.7,307.5,0,0.0,0.0,,0.0,1,0.3,0.23,SPY210319C00400000,400.0,normalDay
2021-03-05,6975.0,7599.0,0.0,100,383.63,307.5,0,0.0,0.0,,0.0,1,0.3,0.44,SPY210319C00400000,400.0,normalDay
2021-03-08,6975.0,7418.0,0.0,100,381.72,307.5,0,0.0,0.0,,0.0,1,0.3,0.34,SPY210319C00400000,400.0,normalDay
2021-03-09,6975.0,7936.0,0.0,100,387.17,307.5,0,0.0,0.0,,0.0,1,0.3,0.61,SPY210319C00400000,400.0,normalDay
2021-03-10,6975.0,8169.0,0.0,100,389.58,307.5,0,0.0,0.0,,0.0,1,0.3,0.69,SPY210319C00400000,400.0,normalDay
2021-03-11,6975.0,8524.0,0.0,100,393.53,307.5,0,0.0,0.0,,0.0,1,0.3,1.09,SPY210319C00400000,400.0,normalDay
2021-03-12,6975.0,8601.0,0.0,100,394.06,307.5,0,0.0,0.0,,0.0,1,0.3,0.85,SPY210319C00400000,400.0,normalDay
2021-03-15,6975.0,8820.0,0.0,100,396.41,307.5,0,0.0,0.0,,0.0,1,0.3,1.01,SPY210319C00400000,400.0,normalDay
2021-03-16,6975.0,8805.0,0.0,100,395.91,307.5,0,0.0,0.0,,0.0,1,0.3,0.66,SPY210319C00400000,400.0,normalDay
2021-03-17,6975.0,8949.0,0.0,100,397.26,307.5,0,0.0,0.0,,0.0,1,0.3,0.57,SPY210319C00400000,400.0,normalDay
2021-03-18,6975.0,8421.0,0.0,100,391.48,307.5,0,0.0,0.0,,0.0,1,0.3,0.07,SPY210319C00400000,400.0,normalDay
2021-03-19,7005.0,8198.0,30.0,100,389.48,307.5,0,0.0,0.0,,0.0,1,0.3,0.0,SPY210319C00400000,400.0,expirationDay
2021-03-22,7005.0,8470.0,0.0,100,392.59,307.5,0,0.0,0.0,,0.0,1,17.46,17.85,SPY220318C00415000,415.0,normalDay
2021-03-23,7005.0,8324.0,0.0,100,389.5,307.5,0,0.0,0.0,,0.0,1,17.46,16.22,SPY220318C00415000,415.0,normalDay
2021-03-24,7005.0,8215.0,0.0,100,387.52,307.5,0,0.0,0.0,,0.0,1,17.46,15.33,SPY220318C00415000,415.0,normalDay
2021-03-25,7005.0,8394.0,0.0,100,389.7,307.5,0,0.0,0.0,,0.0,1,17.46,15.72,SPY220318C00415000,415.0,normalDay
2021-03-26,7005.0,8815.0,0.0,100,395.98,307.5,0,0.0,0.0,,0.0,1,17.46,17.79,SPY220318C00415000,415.0,normalDay
2021-03-29,7005.0,8798.0,0.0,100,395.78,307.5,0,0.0,0.0,,0.0,1,17.46,17.76,SPY220318C00415000,415.0,normalDay
2021-03-30,7005.0,8819.0,0.0,100,394.73,307.5,0,0.0,0.0,,0.0,1,17.46,16.5,SPY220318C00415000,415.0,normalDay
2021-03-31,7005.0,8901.0,0.0,100,396.33,307.5,0,0.0,0.0,,0.0,1,17.46,17.28,SPY220318C00415000,415.0,normalDay
2021-04-01,7005.0,9145.0,0.0,100,400.61,307.5,0,0.0,0.0,,0.0,1,17.46,19.12,SPY220318C00415000,415.0,normalDay
2021-04-05,7005.0,9421.0,0.0,100,406.36,307.5,0,0.0,0.0,,0.0,1,17.46,22.11,SPY220318C00415000,415.0,normalDay
2021-04-06,7005.0,9393.0,0.0,100,406.12,307.5,0,0.0,0.0,,0.0,1,17.46,22.15,SPY220318C00415000,415.0,normalDay
2021-04-07,7005.0,9424.0,0.0,100,406.59,307.5,0,0.0,0.0,,0.0,1,17.46,22.31,SPY220318C00415000,415.0,normalDay
2021-04-08,7005.0,9485.0,0.0,100,408.52,307.5,0,0.0,0.0,,0.0,1,17.46,23.63,SPY220318C00415000,415.0,normalDay
2021-04-09,7005.0,9641.0,0.0,100,411.49,307.5,0,0.0,0.0,,0.0,1,17.46,25.04,SPY220318C00415000,415.0,normalDay
2021-04-12,7005.0,9623.0,0.0,100,411.64,307.5,0,0.0,0.0,,0.0,1,17.46,25.37,SPY220318C00415000,415.0,normalDay
2021-04-13,7005.0,9681.0,0.0,100,412.86,307.5,0,0.0,0.0,,0.0,1,17.46,26.01,SPY220318C00415000,415.0,normalDay
2021-04-14,7005.0,9591.0,0.0,100,411.45,307.5,0,0.0,0.0,,0.0,1,17.46,25.5,SPY220318C00415000,415.0,normalDay
2021-04-15,7005.0,9809.0,0.0,100,415.87,307.5,0,0.0,0.0,,0.0,1,17.46,27.74,SPY220318C00415000,415.0,normalDay
2021-04-16,7005.0,9876.0,0.0,100,417.26,307.5,0,0.0,0.0,,0.0,1,17.46,28.46,SPY220318C00415000,415.0,normalDay
2021-04-19,7005.0,9758.0,0.0,100,415.21,307.5,0,0.0,0.0,,0.0,1,17.46,27.59,SPY220318C00415000,415.0,normalDay
2021-04-20,7005.0,9630.0,0.0,100,412.17,307.5,0,0.0,0.0,,0.0,1,17.46,25.83,SPY220318C00415000,415.0,normalDay
2021-04-21,7005.0,9861.0,0.0,100,416.07,307.5,0,0.0,0.0,,0.0,1,17.46,27.42,SPY220318C00415000,415.0,normalDay
2021-04-22,7005.0,9626.0,0.0,100,412.27,307.5,0,0.0,0.0,,0.0,1,17.46,25.97,SPY220318C00415000,415.0,normalDay
2021-04-23,7005.0,9850.0,0.0,100,416.74,307.5,0,0.0,0.0,,0.0,1,17.46,28.2,SPY220318C00415000,415.0,normalDay
2021-04-26,7005.0,9877.0,0.0,100,417.61,307.5,0,0.0,0.0,,0.0,1,17.46,28.8,SPY220318C00415000,415.0,normalDay
2021-04-27,7005.0,9896.0,0.0,100,417.52,307.5,0,0.0,0.0,,0.0,1,17.46,28.52,SPY220318C00415000,415.0,normalDay
2021-04-28,7005.0,9873.0,0.0,100,417.4,307.5,0,0.0,0.0,,0.0,1,17.46,28.63,SPY220318C00415000,415.0,normalDay
2021-04-29,7005.0,9992.0,0.0,100,420.06,307.5,0,0.0,0.0,,0.0,1,17.46,30.1,SPY220318C00415000,415.0,normalDay
2021-04-30,7005.0,9846.0,0.0,100,417.3,307.5,0,0.0,0.0,,0.0,1,17.46,28.8,SPY220318C00415000,415.0,normalDay
2021-05-03,7005.0,9933.0,0.0,100,418.2,307.5,0,0.0,0.0,,0.0,1,17.46,28.83,SPY220318C00415000,415.0,normalDay
2021-05-04,7005.0,9805.0,0.0,100,415.62,307.5,0,0.0,0.0,,0.0,1,17.46,27.53,SPY220318C00415000,415.0,normalDay
2021-05-05,7005.0,9839.0,0.0,100,415.75,307.5,0,0.0,0.0,,0.0,1,17.46,27.32,SPY220318C00415000,415.0,normalDay
2021-05-06,7005.0,9983.0,0.0,100,419.07,307.5,0,0.0,0.0,,0.0,1,17.46,29.2,SPY220318C00415000,415.0,normalDay
2021-05-07,7005.0,10139.0,0.0,100,422.12,307.5,0,0.0,0.0,,0.0,1,17.46,30.69,SPY220318C00415000,415.0,normalDay
2021-05-10,7005.0,9961.0,0.0,100,417.94,307.5,0,0.0,0.0,,0.0,1,17.46,28.29,SPY220318C00415000,415.0,normalDay
2021-05-11,7005.0,9751.0,0.0,100,414.21,307.5,0,0.0,0.0,,0.0,1,17.46,26.66,SPY220318C00415000,415.0,normalDay
2021-05-12,7005.0,9197.0,0.0,100,405.41,307.5,0,0.0,0.0,,0.0,1,17.46,23.4,SPY220318C00415000,415.0,normalDay
2021-05-13,7005.0,9560.0,0.0,100,410.28,307.5,0,0.0,0.0,,0.0,1,17.46,24.64,SPY220318C00415000,415.0,normalDay
2021-05-14,7005.0,9921.0,0.0,100,416.58,307.5,0,0.0,0.0,,0.0,1,17.46,27.33,SPY220318C00415000,415.0,normalDay
2021-05-17,7005.0,9859.0,0.0,100,415.52,307.5,0,0.0,0.0,,0.0,1,17.46,26.89,SPY220318C00415000,415.0,normalDay
2021-05-18,7005.0,9648.0,0.0,100,411.94,307.5,0,0.0,0.0,,0.0,1,17.46,25.42,SPY220318C00415000,415.0,normalDay
2021-05-19,7005.0,9591.0,0.0,100,410.86,307.5,0,0.0,0.0,,0.0,1,17.46,24.91,SPY220318C00415000,415.0,normalDay
2021-05-20,7005.0,9829.0,0.0,100,415.28,307.5,0,0.0,0.0,,0.0,1,17.46,26.95,SPY220318C00415000,415.0,normalDay
2021-05-21,7005.0,9814.0,0.0,100,414.94,307.5,0,0.0,0.0,,0.0,1,17.46,26.76,SPY220318C00415000,415.0,normalDay
2021-05-24,7005.0,10067.0,0.0,100,419.17,307.5,0,0.0,0.0,,0.0,1,17.46,28.46,SPY220318C00415000,415.0,normalDay
2021-05-25,7005.0,10044.0,0.0,100,418.24,307.5,0,0.0,0.0,,0.0,1,17.46,27.76,SPY220318C00415000,415.0,normalDay
2021-05-26,7005.0,10124.0,0.0,100,419.07,307.5,0,0.0,0.0,,0.0,1,17.46,27.79,SPY220318C00415000,415.0,normalDay
2021-05-27,7005.0,10150.0,0.0,100,419.29,307.5,0,0.0,0.0,,0.0,1,17.46,27.75,SPY220318C00415000,415.0,normalDay
2021-05-28,7005.0,10249.0,0.0,100,420.04,307.5,0,0.0,0.0,,0.0,1,17.46,27.51,SPY220318C00415000,415.0,normalDay
2021-06-01,7005.0,10210.0,0.0,100,419.67,307.5,0,0.0,0.0,,0.0,1,17.46,27.53,SPY220318C00415000,415.0,normalDay
2021-06-02,7005.0,10206.0,0.0,100,420.33,307.5,0,0.0,0.0,,0.0,1,17.46,28.23,SPY220318C00415000,415.0,normalDay
2021-06-03,7005.0,10145.0,0.0,100,418.77,307.5,0,0.0,0.0,,0.0,1,17.46,27.28,SPY220318C00415000,415.0,normalDay
2021-06-04,7005.0,10349.0,0.0,100,422.6,307.5,0,0.0,0.0,,0.0,1,17.46,29.07,SPY220318C00415000,415.0,normalDay
2021-06-07,7005.0,10330.0,0.0,100,422.19,307.5,0,0.0,0.0,,0.0,1,17.46,28.85,SPY220318C00415000,415.0,normalDay
2021-06-08,7005.0,10332.0,0.0,100,422.28,307.5,0,0.0,0.0,,0.0,1,17.46,28.92,SPY220318C00415000,415.0,normalDay
2021-06-09,7005.0,10279.0,0.0,100,421.65,307.5,0,0.0,0.0,,0.0,1,17.46,28.82,SPY220318C00415000,415.0,normalDay
2021-06-10,7005.0,10456.0,0.0,100,423.61,307.5,0,0.0,0.0,,0.0,1,17.46,29.01,SPY220318C00415000,415.0,normalDay
2021-06-11,7005.0,10512.0,0.0,100,424.31,307.5,0,0.0,0.0,,0.0,1,17.46,29.15,SPY220318C00415000,415.0,normalDay
2021-06-14,7005.0,10517.0,0.0,100,425.26,307.5,0,0.0,0.0,,0.0,1,17.46,30.05,SPY220318C00415000,415.0,normalDay
2021-06-15,7005.0,10481.0,0.0,100,424.48,307.5,0,0.0,0.0,,0.0,1,17.46,29.63,SPY220318C00415000,415.0,normalDay
2021-06-16,7005.0,10357.0,0.0,100,422.11,307.5,0,0.0,0.0,,0.0,1,17.46,28.5,SPY220318C00415000,415.0,normalDay
2021-06-17,7005.0,10387.0,0.0,100,421.97,307.5,0,0.0,0.0,,0.0,1,17.46,28.06,SPY220318C00415000,415.0,normalDay
2021-06-18,7005.0,9956.0,0.0,100,414.92,307.5,0,0.0,0.0,,0.0,1,17.46,25.32,SPY220318C00415000,415.0,normalDay
2021-06-21,7005.0,10258.0,0.0,100,420.86,307.5,0,0.0,0.0,,0.0,1,17.46,28.24,SPY220318C00415000,415.0,normalDay
2021-06-22,7005.0,10423.0,0.0,100,423.11,307.5,0,0.0,0.0,,0.0,1,17.46,28.84,SPY220318C00415000,415.0,normalDay
2021-06-23,7005.0,10430.0,0.0,100,422.6,307.5,0,0.0,0.0,,0.0,1,17.46,28.26,SPY220318C00415000,415.0,normalDay
2021-06-24,7005.0,10535.0,0.0,100,425.1,307.5,0,0.0,0.0,,0.0,1,17.46,29.71,SPY220318C00415000,415.0,normalDay
2021-06-25,7005.0,10598.0,0.0,100,426.61,307.5,0,0.0,0.0,,0.0,1,17.46,30.59,SPY220318C00415000,415.0,normalDay
2021-06-28,7005.0,10623.0,0.0,100,427.47,307.5,0,0.0,0.0,,0.0,1,17.46,31.2,SPY220318C00415000,415.0,normalDay
2021-06-29,7005.0,10578.0,0.0,100,427.7,307.5,0,0.0,0.0,,0.0,1,17.46,31.88,SPY220318C00415000,415.0,normalDay
2021-06-30,7005.0,10577.0,0.0,100,428.06,307.5,0,0.0,0.0,,0.0,1,17.46,32.25,SPY220318C00415000,415.0,normalDay
2021-07-01,7005.0,10664.0,0.0,100,430.43,307.5,0,0.0,0.0,,0.0,1,17.46,33.75,SPY220318C00415000,415.0,normalDay
2021-07-02,7005.0,10783.0,0.0,100,433.72,307.5,0,0.0,0.0,,0.0,1,17.46,35.85,SPY220318C00415000,415.0,normalDay
2021-07-06,7005.0,10760.0,0.0,100,432.93,307.5,0,0.0,0.0,,0.0,1,17.46,35.29,SPY220318C00415000,415.0,normalDay
2021-07-07,7005.0,10766.0,0.0,100,434.46,307.5,0,0.0,0.0,,0.0,1,17.46,36.76,SPY220318C00415000,415.0,normalDay
2021-07-08,7005.0,10631.0,0.0,100,430.92,307.5,0,0.0,0.0,,0.0,1,17.46,34.57,SPY220318C00415000,415.0,normalDay
2021-07-09,7005.0,10811.0,0.0,100,435.52,307.5,0,0.0,0.0,,0.0,1,17.46,37.37,SPY220318C00415000,415.0,normalDay
2021-07-12,7005.0,10815.0,0.0,100,437.08,307.5,0,0.0,0.0,,0.0,1,17.46,38.89,SPY220318C00415000,415.0,normalDay
2021-07-13,7005.0,10778.0,0.0,100,435.59,307.5,0,0.0,0.0,,0.0,1,17.46,37.77,SPY220318C00415000,415.0,normalDay
2021-07-14,7005.0,10777.0,0.0,100,436.24,307.5,0,0.0,0.0,,0.0,1,17.46,38.43,SPY220318C00415000,415.0,normalDay
2021-07-15,7005.0,10768.0,0.0,100,434.75,307.5,0,0.0,0.0,,0.0,1,17.46,37.03,SPY220318C00415000,415.0,normalDay
2021-07-16,7005.0,10618.0,0.0,100,431.34,307.5,0,0.0,0.0,,0.0,1,17.46,35.12,SPY220318C00415000,415.0,normalDay
2021-07-19,7005.0,10349.0,0.0,100,424.97,307.5,0,0.0,0.0,,0.0,1,17.46,31.44,SPY220318C00415000,415.0,normalDay
2021-07-20,7005.0,10596.0,0.0,100,431.06,307.5,0,0.0,0.0,,0.0,1,17.46,35.06,SPY220318C00415000,415.0,normalDay
2021-07-21,7005.0,10731.0,0.0,100,434.55,307.5,0,0.0,0.0,,0.0,1,17.46,37.2,SPY220318C00415000,415.0,normalDay
2021-07-22,7005.0,10760.0,0.0,100,435.46,307.5,0,0.0,0.0,,0.0,1,17.46,37.82,SPY220318C00415000,415.0,normalDay
2021-07-23,7005.0,10912.0,0.0,100,439.94,307.5,0,0.0,0.0,,0.0,1,17.46,40.78,SPY220318C00415000,415.0,normalDay
2021-07-26,7005.0,10929.0,0.0,100,441.02,307.5,0,0.0,0.0,,0.0,1,17.46,41.69,SPY220318C00415000,415.0,normalDay
2021-07-27,7005.0,10863.0,0.0,100,439.01,307.5,0,0.0,0.0,,0.0,1,17.46,40.34,SPY220318C00415000,415.0,normalDay
2021-07-28,7005.0,10884.0,0.0,100,438.83,307.5,0,0.0,0.0,,0.0,1,17.46,39.95,SPY220318C00415000,415.0,normalDay
2021-07-29,7005.0,10965.0,0.0,100,440.65,307.5,0,0.0,0.0,,0.0,1,17.46,40.96,SPY220318C00415000,415.0,normalDay
2021-07-30,7005.0,10851.0,0.0,100,438.51,307.5,0,0.0,0.0,,0.0,1,17.46,39.96,SPY220318C00415000,415.0,normalDay
2021-08-02,7005.0,10830.0,0.0,100,437.59,307.5,0,0.0,0.0,,0.0,1,17.46,39.25,SPY220318C00415000,415.0,normalDay
2021-08-03,7005.0,10998.0,0.0,100,441.15,307.5,0,0.0,0.0,,0.0,1,17.46,41.13,SPY220318C00415000,415.0,normalDay
2021-08-04,7005.0,10908.0,0.0,100,438.98,307.5,0,0.0,0.0,,0.0,1,17.46,39.86,SPY220318C00415000,415.0,normalDay
2021-08-05,7005.0,11032.0,0.0,100,441.76,307.5,0,0.0,0.0,,0.0,1,17.46,41.4,SPY220318C00415000,415.0,normalDay
2021-08-06,7005.0,11072.0,0.0,100,442.49,307.5,0,0.0,0.0,,0.0,1,17.46,41.73,SPY220318C00415000,415.0,normalDay
2021-08-09,7005.0,11031.0,0.0,100,442.13,307.5,0,0.0,0.0,,0.0,1,17.46,41.78,SPY220318C00415000,415.0,normalDay
2021-08-10,7005.0,11087.0,0.0,100,442.68,307.5,0,0.0,0.0,,0.0,1,17.46,41.77,SPY220318C00415000,415.0,normalDay
2021-08-11,7005.0,11117.0,0.0,100,443.78,307.5,0,0.0,0.0,,0.0,1,17.46,42.57,SPY220318C00415000,415.0,normalDay
2021-08-12,7005.0,11141.0,0.0,100,445.11,307.5,0,0.0,0.0,,0.0,1,17.46,43.66,SPY220318C00415000,415.0,normalDay
2021-08-13,7005.0,11170.0,0.0,100,445.92,307.5,0,0.0,0.0,,0.0,1,17.46,44.18,SPY220318C00415000,415.0,normalDay
2021-08-16,7005.0,11181.0,0.0,100,446.97,307.5,0,0.0,0.0,,0.0,1,17.46,45.12,SPY220318C00415000,415.0,normalDay
2021-08-17,7005.0,11130.0,0.0,100,444.04,307.5,0,0.0,0.0,,0.0,1,17.46,42.7,SPY220318C00415000,415.0,normalDay
2021-08-18,7005.0,10881.0,0.0,100,439.18,307.5,0,0.0,0.0,,0.0,1,17.46,40.33,SPY220318C00415000,415.0,normalDay
2021-08-19,7005.0,10879.0,0.0,100,439.86,307.5,0,0.0,0.0,,0.0,1,17.46,41.03,SPY220318C00415000,415.0,normalDay
2021-08-20,7005.0,11051.0,0.0,100,443.36,307.5,0,0.0,0.0,,0.0,1,17.46,42.81,SPY220318C00415000,415.0,normalDay
2021-08-23,7005.0,11158.0,0.0,100,447.26,307.5,0,0.0,0.0,,0.0,1,17.46,45.64,SPY220318C00415000,415.0,normalDay
2021-08-24,7005.0,11189.0,0.0,100,447.97,307.5,0,0.0,0.0,,0.0,1,17.46,46.04,SPY220318C00415000,415.0,normalDay
2021-08-25,7005.0,11219.0,0.0,100,448.91,307.5,0,0.0,0.0,,0.0,1,17.46,46.68,SPY220318C00415000,415.0,normalDay
2021-08-26,7005.0,11125.0,0.0,100,446.26,307.5,0,0.0,0.0,,0.0,1,17.46,44.97,SPY220318C00415000,415.0,normalDay
2021-08-27,7005.0,11287.0,0.0,100,450.25,307.5,0,0.0,0.0,,0.0,1,17.46,47.34,SPY220318C00415000,415.0,normalDay
2021-08-30,7005.0,11330.0,0.0,100,452.23,307.5,0,0.0,0.0,,0.0,1,17.46,48.89,SPY220318C00415000,415.0,normalDay
2021-08-31,7005.0,11279.0,0.0,100,451.56,307.5,0,0.0,0.0,,0.0,1,17.46,48.73,SPY220318C00415000,415.0,normalDay
2021-09-01,7005.0,11322.0,0.0,100,451.8,307.5,0,0.0,0.0,,0.0,1,17.46,48.54,SPY220318C00415000,415.0,normalDay
2021-09-02,7005.0,11365.0,0.0,100,453.19,307.5,0,0.0,0.0,,0.0,1,17.46,49.5,SPY220318C00415000,415.0,normalDay
2021-09-03,7005.0,11351.0,0.0,100,453.08,307.5,0,0.0,0.0,,0.0,1,17.46,49.53,SPY220318C00415000,415.0,normalDay
2021-09-07,7005.0,11297.0,0.0,100,451.46,307.5,0,0.0,0.0,,0.0,1,17.46,48.45,SPY220318C00415000,415.0,normalDay
2021-09-08,7005.0,11287.0,0.0,100,450.91,307.5,0,0.0,0.0,,0.0,1,17.46,48.0,SPY220318C00415000,415.0,normalDay
2021-09-09,7005.0,11235.0,0.0,100,448.98,307.5,0,0.0,0.0,,0.0,1,17.46,46.59,SPY220318C00415000,415.0,normalDay
2021-09-10,7005.0,11083.0,0.0,100,445.44,307.5,0,0.0,0.0,,0.0,1,17.46,44.57,SPY220318C00415000,415.0,normalDay
2021-09-13,7005.0,11157.0,0.0,100,446.58,307.5,0,0.0,0.0,,0.0,1,17.46,44.97,SPY220318C00415000,415.0,normalDay
2021-09-14,7005.0,11112.0,0.0,100,444.17,307.5,0,0.0,0.0,,0.0,1,17.46,43.01,SPY220318C00415000,415.0,normalDay
2021-09-15,7005.0,11248.0,0.0,100,447.88,307.5,0,0.0,0.0,,0.0,1,17.46,45.36,SPY220318C00415000,415.0,normalDay
2021-09-16,7005.0,11254.0,0.0,100,447.17,307.5,0,0.0,0.0,,0.0,1,17.46,44.59,SPY220318C00415000,415.0,normalDay
2021-09-17,7005.0,10969.0,0.0,100,441.4,307.5,0,0.0,0.0,,0.0,1,17.46,41.67,SPY220318C00415000,415.0,normalDay
2021-09-20,7005.0,10659.0,0.0,100,434.04,307.5,0,0.0,0.0,,0.0,1,17.46,37.41,SPY220318C00415000,415.0,normalDay
2021-09-21,7005.0,10708.0,0.0,100,433.63,307.5,0,0.0,0.0,,0.0,1,17.46,36.51,SPY220318C00415000,415.0,normalDay
2021-09-22,7005.0,10872.0,0.0,100,437.86,307.5,0,0.0,0.0,,0.0,1,17.46,39.1,SPY220318C00415000,415.0,normalDay
2021-09-23,7005.0,11099.0,0.0,100,443.18,307.5,0,0.0,0.0,,0.0,1,17.46,42.15,SPY220318C00415000,415.0,normalDay
2021-09-24,7005.0,11134.0,0.0,100,443.91,307.5,0,0.0,0.0,,0.0,1,17.46,42.53,SPY220318C00415000,415.0,normalDay
2021-09-27,7005.0,11118.0,0.0,100,442.64,307.5,0,0.0,0.0,,0.0,1,17.46,41.42,SPY220318C00415000,415.0,normalDay
2021-09-28,7005.0,10719.0,0.0,100,433.72,307.5,0,0.0,0.0,,0.0,1,17.46,36.49,SPY220318C00415000,415.0,normalDay
2021-09-29,7005.0,10769.0,0.0,100,434.45,307.5,0,0.0,0.0,,0.0,1,17.46,36.72,SPY220318C00415000,415.0,normalDay
2021-09-30,7005.0,10570.0,0.0,100,429.14,307.5,0,0.0,0.0,,0.0,1,17.46,33.4,SPY220318C00415000,415.0,normalDay
2021-10-01,7005.0,10807.0,0.0,100,434.24,307.5,0,0.0,0.0,,0.0,1,17.46,36.13,SPY220318C00415000,415.0,normalDay
2021-10-04,7005.0,10664.0,0.0,100,428.64,307.5,0,0.0,0.0,,0.0,1,17.46,31.96,SPY220318C00415000,415.0,normalDay
2021-10-05,7005.0,10841.0,0.0,100,433.1,307.5,0,0.0,0.0,,0.0,1,17.46,34.65,SPY220318C00415000,415.0,normalDay
2021-10-06,7005.0,10937.0,0.0,100,434.9,307.5,0,0.0,0.0,,0.0,1,17.46,35.49,SPY220318C00415000,415.0,normalDay
2021-10-07,7005.0,11064.0,0.0,100,438.66,307.5,0,0.0,0.0,,0.0,1,17.46,37.98,SPY220318C00415000,415.0,normalDay
2021-10-08,7005.0,11097.0,0.0,100,437.86,307.5,0,0.0,0.0,,0.0,1,17.46,36.85,SPY220318C00415000,415.0,normalDay
2021-10-11,7005.0,11017.0,0.0,100,434.69,307.5,0,0.0,0.0,,0.0,1,17.46,34.48,SPY220318C00415000,415.0,normalDay
2021-10-12,7005.0,11063.0,0.0,100,433.62,307.5,0,0.0,0.0,,0.0,1,17.46,32.95,SPY220318C00415000,415.0,normalDay
2021-10-13,7005.0,11094.0,0.0,100,435.18,307.5,0,0.0,0.0,,0.0,1,17.46,34.2,SPY220318C00415000,415.0,normalDay
2021-10-14,7005.0,11333.0,0.0,100,442.5,307.5,0,0.0,0.0,,0.0,1,17.46,39.13,SPY220318C00415000,415.0,normalDay
2021-10-15,7005.0,11408.0,0.0,100,445.87,307.5,0,0.0,0.0,,0.0,1,17.46,41.75,SPY220318C00415000,415.0,normalDay
2021-10-18,7005.0,11441.0,0.0,100,447.19,307.5,0,0.0,0.0,,0.0,1,17.46,42.74,SPY220318C00415000,415.0,normalDay
2021-10-19,7005.0,11495.0,0.0,100,450.64,307.5,0,0.0,0.0,,0.0,1,17.46,45.65,SPY220318C00415000,415.0,normalDay
2021-10-20,7005.0,11590.0,0.0,100,452.41,307.5,0,0.0,0.0,,0.0,1,17.46,46.47,SPY220318C00415000,415.0,normalDay
2021-10-21,7005.0,11614.0,0.0,100,453.59,307.5,0,0.0,0.0,,0.0,1,17.46,47.41,SPY220318C00415000,415.0,normalDay
2021-10-22,7005.0,11590.0,0.0,100,453.12,307.5,0,0.0,0.0,,0.0,1,17.46,47.18,SPY220318C00415000,415.0,normalDay
2021-10-25,7005.0,11698.0,0.0,100,455.55,307.5,0,0.0,0.0,,0.0,1,17.46,48.53,SPY220318C00415000,415.0,normalDay
2021-10-26,7005.0,11628.0,0.0,100,455.96,307.5,0,0.0,0.0,,0.0,1,17.46,49.64,SPY220318C00415000,415.0,normalDay
2021-10-27,7005.0,11552.0,0.0,100,453.94,307.5,0,0.0,0.0,,0.0,1,17.46,48.38,SPY220318C00415000,415.0,normalDay
2021-10-28,7005.0,11691.0,0.0,100,458.32,307.5,0,0.0,0.0,,0.0,1,17.46,51.37,SPY220318C00415000,415.0,normalDay
2021-10-29,7005.0,11683.0,0.0,100,459.25,307.5,0,0.0,0.0,,0.0,1,17.46,52.38,SPY220318C00415000,415.0,normalDay
2021-11-01,7005.0,11721.0,0.0,100,460.04,307.5,0,0.0,0.0,,0.0,1,17.46,52.79,SPY220318C00415000,415.0,normalDay
2021-11-02,7005.0,11783.0,0.0,100,461.9,307.5,0,0.0,0.0,,0.0,1,17.46,54.03,SPY220318C00415000,415.0,normalDay
2021-11-03,7005.0,11842.0,0.0,100,464.72,307.5,0,0.0,0.0,,0.0,1,17.46,56.26,SPY220318C00415000,415.0,normalDay
2021-11-04,7005.0,11885.0,0.0,100,466.91,307.5,0,0.0,0.0,,0.0,1,17.46,58.02,SPY220318C00415000,415.0,normalDay
2021-11-05,7005.0,11855.0,0.0,100,468.53,307.5,0,0.0,0.0,,0.0,1,17.46,59.94,SPY220318C00415000,415.0,normalDay
2021-11-08,7005.0,11864.0,0.0,100,468.93,307.5,0,0.0,0.0,,0.0,1,17.46,60.25,SPY220318C00415000,415.0,normalDay
2021-11-09,7005.0,11842.0,0.0,100,467.38,307.5,0,0.0,0.0,,0.0,1,17.46,58.92,SPY220318C00415000,415.0,normalDay
2021-11-10,7005.0,11764.0,0.0,100,463.62,307.5,0,0.0,0.0,,0.0,1,17.46,55.94,SPY220318C00415000,415.0,normalDay
2021-11-11,7005.0,11777.0,0.0,100,463.77,307.5,0,0.0,0.0,,0.0,1,17.46,55.96,SPY220318C00415000,415.0,normalDay
2021-11-12,7005.0,11843.0,0.0,100,467.27,307.5,0,0.0,0.0,,0.0,1,17.46,58.8,SPY220318C00415000,415.0,normalDay
2021-11-15,7005.0,11892.0,0.0,100,467.43,307.5,0,0.0,0.0,,0.0,1,17.46,58.47,SPY220318C00415000,415.0,normalDay
2021-11-16,7005.0,11898.0,0.0,100,469.28,307.5,0,0.0,0.0,,0.0,1,17.46,60.26,SPY220318C00415000,415.0,normalDay
2021-11-17,7005.0,11881.0,0.0,100,468.14,307.5,0,0.0,0.0,,0.0,1,17.46,59.29,SPY220318C00415000,415.0,normalDay
2021-11-18,7005.0,11883.0,0.0,100,469.73,307.5,0,0.0,0.0,,0.0,1,17.46,60.86,SPY220318C00415000,415.0,normalDay
2021-11-19,7005.0,11862.0,0.0,100,468.89,307.5,0,0.0,0.0,,0.0,1,17.46,60.23,SPY220318C00415000,415.0,normalDay
2021-11-22,7005.0,11835.0,0.0,100,467.57,307.5,0,0.0,0.0,,0.0,1,17.46,59.18,SPY220318C00415000,415.0,normalDay
2021-11-23,7005.0,11887.0,0.0,100,468.19,307.5,0,0.0,0.0,,0.0,1,17.46,59.28,SPY220318C00415000,415.0,normalDay
2021-11-24,7005.0,11902.0,0.0,100,469.44,307.5,0,0.0,0.0,,0.0,1,17.46,60.38,SPY220318C00415000,415.0,normalDay
2021-11-26,7005.0,11408.0,0.0,100,458.97,307.5,0,0.0,0.0,,0.0,1,17.46,54.85,SPY220318C00415000,415.0,normalDay
2021-11-29,7005.0,11751.0,0.0,100,464.6,307.5,0,0.0,0.0,,0.0,1,17.46,57.05,SPY220318C00415000,415.0,normalDay
2021-11-30,7005.0,11289.0,0.0,100,455.56,307.5,0,0.0,0.0,,0.0,1,17.46,52.63,SPY220318C00415000,415.0,normalDay
2021-12-01,7005.0,11248.0,0.0,100,450.5,307.5,0,0.0,0.0,,0.0,1,17.46,47.98,SPY220318C00415000,415.0,normalDay
2021-12-02,7005.0,11512.0,0.0,100,457.4,307.5,0,0.0,0.0,,0.0,1,17.46,52.24,SPY220318C00415000,415.0,normalDay
2021-12-03,7005.0,11322.0,0.0,100,453.42,307.5,0,0.0,0.0,,0.0,1,17.46,50.16,SPY220318C00415000,415.0,normalDay
2021-12-06,7005.0,11567.0,0.0,100,458.79,307.5,0,0.0,0.0,,0.0,1,17.46,53.08,SPY220318C00415000,415.0,normalDay
2021-12-07,7005.0,11850.0,0.0,100,468.28,307.5,0,0.0,0.0,,0.0,1,17.46,59.74,SPY220318C00415000,415.0,normalDay
2021-12-08,7005.0,11962.0,0.0,100,469.52,307.5,0,0.0,0.0,,0.0,1,17.46,59.86,SPY220318C00415000,415.0,normalDay
2021-12-09,7005.0,11899.0,0.0,100,466.35,307.5,0,0.0,0.0,,0.0,1,17.46,57.32,SPY220318C00415000,415.0,normalDay
2021-12-10,7005.0,11997.0,0.0,100,470.74,307.5,0,0.0,0.0,,0.0,1,17.46,60.73,SPY220318C00415000,415.0,normalDay
2021-12-13,7005.0,11947.0,0.0,100,466.57,307.5,0,0.0,0.0,,0.0,1,17.46,57.06,SPY220318C00415000,415.0,normalDay
2021-12-14,7005.0,11877.0,0.0,100,463.36,307.5,0,0.0,0.0,,0.0,1,17.46,54.55,SPY220318C00415000,415.0,normalDay
2021-12-15,7005.0,11995.0,0.0,100,470.6,307.5,0,0.0,0.0,,0.0,1,17.46,60.61,SPY220318C00415000,415.0,normalDay
2021-12-16,7005.0,11886.0,0.0,100,466.45,307.5,0,0.0,0.0,,0.0,1,17.46,57.55,SPY220318C00415000,415.0,normalDay
2021-12-17,7005.0,11639.0,0.0,100,459.87,307.5,0,0.0,0.0,,0.0,1,17.46,53.44,SPY220318C00415000,415.0,normalDay
2021-12-20,7005.0,11565.0,0.0,100,454.98,307.5,0,0.0,0.0,,0.0,1,17.46,49.29,SPY220318C00415000,415.0,normalDay
2021-12-21,7005.0,11802.0,0.0,100,463.06,307.5,0,0.0,0.0,,0.0,1,17.46,55.0,SPY220318C00415000,415.0,normalDay
2021-12-22,7005.0,11917.0,0.0,100,467.69,307.5,0,0.0,0.0,,0.0,1,17.46,58.48,SPY220318C00415000,415.0,normalDay
2021-12-23,7005.0,11927.0,0.0,100,470.6,307.5,0,0.0,0.0,,0.0,1,17.46,61.29,SPY220318C00415000,415.0,normalDay
2021-12-27,7005.0,12058.0,0.0,100,477.26,307.5,0,0.0,0.0,,0.0,1,17.46,66.64,SPY220318C00415000,415.0,normalDay
2021-12-28,7005.0,12020.0,0.0,100,476.87,307.5,0,0.0,0.0,,0.0,1,17.46,66.63,SPY220318C00415000,415.0,normalDay
2021-12-29,7005.0,12084.0,0.0,100,477.48,307.5,0,0.0,0.0,,0.0,1,17.46,66.6,SPY220318C00415000,415.0,normalDay
2021-12-30,7005.0,12111.0,0.0,100,476.16,307.5,0,0.0,0.0,,0.0,1,17.46,65.01,SPY220318C00415000,415.0,normalDay
2021-12-31,7005.0,12054.0,0.0,100,474.96,307.5,0,0.0,0.0,,0.0,1,17.46,64.38,SPY220318C00415000,415.0,normalDay
2022-01-03,7005.0,12154.0,0.0,100,477.71,307.5,0,0.0,0.0,,0.0,1,17.46,66.13,SPY220318C00415000,415.0,normalDay
2022-01-04,7005.0,12168.0,0.0,100,477.55,307.5,0,0.0,0.0,,0.0,1,17.46,65.83,SPY220318C00415000,415.0,normalDay
2022-01-05,7005.0,11997.0,0.0,100,468.38,307.5,0,0.0,0.0,,0.0,1,17.46,58.37,SPY220318C00415000,415.0,normalDay
2022-01-06,7005.0,12027.0,0.0,100,467.94,307.5,0,0.0,0.0,,0.0,1,17.46,57.63,SPY220318C00415000,415.0,normalDay
2022-01-07,7005.0,11993.0,0.0,100,466.09,307.5,0,0.0,0.0,,0.0,1,17.46,56.12,SPY220318C00415000,415.0,normalDay
2022-01-10,7005.0,12058.0,0.0,100,465.51,307.5,0,0.0,0.0,,0.0,1,17.46,54.89,SPY220318C00415000,415.0,normalDay
2022-01-11,7005.0,12152.0,0.0,100,469.75,307.5,0,0.0,0.0,,0.0,1,17.46,58.19,SPY220318C00415000,415.0,normalDay
2022-01-12,7005.0,12123.0,0.0,100,471.02,307.5,0,0.0,0.0,,0.0,1,17.46,59.75,SPY220318C00415000,415.0,normalDay
2022-01-13,7005.0,12063.0,0.0,100,464.53,307.5,0,0.0,0.0,,0.0,1,17.46,53.86,SPY220318C00415000,415.0,normalDay
2022-01-14,7005.0,12087.0,0.0,100,464.72,307.5,0,0.0,0.0,,0.0,1,17.46,53.81,SPY220318C00415000,415.0,normalDay
2022-01-18,7005.0,11981.0,0.0,100,456.49,307.5,0,0.0,0.0,,0.0,1,17.46,46.64,SPY220318C00415000,415.0,normalDay
2022-01-19,7005.0,11876.0,0.0,100,451.75,307.5,0,0.0,0.0,,0.0,1,17.46,42.95,SPY220318C00415000,415.0,normalDay
2022-01-20,7005.0,11756.0,0.0,100,446.75,307.5,0,0.0,0.0,,0.0,1,17.46,39.15,SPY220318C00415000,415.0,normalDay
2022-01-21,7005.0,11483.0,0.0,100,437.98,307.5,0,0.0,0.0,,0.0,1,17.46,33.11,SPY220318C00415000,415.0,normalDay
2022-01-24,7005.0,11626.0,0.0,100,439.84,307.5,0,0.0,0.0,,0.0,1,17.46,33.54,SPY220318C00415000,415.0,normalDay
2022-01-25,7005.0,11523.0,0.0,100,434.47,307.5,0,0.0,0.0,,0.0,1,17.46,29.2,SPY220318C00415000,415.0,normalDay
2022-01-26,7005.0,11405.0,0.0,100,433.38,307.5,0,0.0,0.0,,0.0,1,17.46,29.29,SPY220318C00415000,415.0,normalDay
2022-01-27,7005.0,11341.0,0.0,100,431.24,307.5,0,0.0,0.0,,0.0,1,17.46,27.79,SPY220318C00415000,415.0,normalDay
2022-01-28,7005.0,11748.0,0.0,100,441.95,307.5,0,0.0,0.0,,0.0,1,17.46,34.43,SPY220318C00415000,415.0,normalDay
2022-01-31,7005.0,12024.0,0.0,100,449.91,307.5,0,0.0,0.0,,0.0,1,17.46,39.63,SPY220318C00415000,415.0,normalDay
2022-02-01,7005.0,12065.0,0.0,100,452.95,307.5,0,0.0,0.0,,0.0,1,17.46,42.26,SPY220318C00415000,415.0,normalDay
2022-02-02,7005.0,12332.0,0.0,100,457.35,307.5,0,0.0,0.0,,0.0,1,17.46,43.99,SPY220318C00415000,415.0,normalDay
2022-02-03,7005.0,11674.0,0.0,100,446.6,307.5,0,0.0,0.0,,0.0,1,17.46,39.82,SPY220318C00415000,415.0,normalDay
2022-02-04,7005.0,12067.0,0.0,100,448.7,307.5,0,0.0,0.0,,0.0,1,17.46,37.99,SPY220318C00415000,415.0,normalDay
2022-02-07,7005.0,12014.0,0.0,100,447.26,307.5,0,0.0,0.0,,0.0,1,17.46,37.08,SPY220318C00415000,415.0,normalDay
2022-02-08,7005.0,12120.0,0.0,100,450.94,307.5,0,0.0,0.0,,0.0,1,17.46,39.7,SPY220318C00415000,415.0,normalDay
2022-02-09,7005.0,12264.0,0.0,100,457.54,307.5,0,0.0,0.0,,0.0,1,17.46,44.86,SPY220318C00415000,415.0,normalDay
2022-02-10,7005.0,12117.0,0.0,100,449.32,307.5,0,0.0,0.0,,0.0,1,17.46,38.11,SPY220318C00415000,415.0,normalDay
2022-02-11,7005.0,11835.0,0.0,100,440.46,307.5,0,0.0,0.0,,0.0,1,17.46,32.07,SPY220318C00415000,415.0,normalDay
2022-02-14,7005.0,11843.0,0.0,100,439.02,307.5,0,0.0,0.0,,0.0,1,17.46,30.55,SPY220318C00415000,415.0,normalDay
2022-02-15,7005.0,12182.0,0.0,100,446.1,307.5,0,0.0,0.0,,0.0,1,17.46,34.24,SPY220318C00415000,415.0,normalDay
2022-02-16,7005.0,12169.0,0.0,100,446.6,307.5,0,0.0,0.0,,0.0,1,17.46,34.87,SPY220318C00415000,415.0,normalDay
2022-02-17,7005.0,11920.0,0.0,100,437.06,307.5,0,0.0,0.0,,0.0,1,17.46,27.82,SPY220318C00415000,415.0,normalDay
2022-02-18,7005.0,11850.0,0.0,100,434.23,307.5,0,0.0,0.0,,0.0,1,17.46,25.69,SPY220318C00415000,415.0,normalDay
2022-02-22,7005.0,11703.0,0.0,100,429.57,307.5,0,0.0,0.0,,0.0,1,17.46,22.5,SPY220318C00415000,415.0,normalDay
2022-02-23,7005.0,11559.0,0.0,100,421.95,307.5,0,0.0,0.0,,0.0,1,17.46,16.32,SPY220318C00415000,415.0,normalDay
2022-02-24,7005.0,11896.0,0.0,100,428.3,307.5,0,0.0,0.0,,0.0,1,17.46,19.3,SPY220318C00415000,415.0,normalDay
2022-02-25,7005.0,12084.0,0.0,100,437.75,307.5,0,0.0,0.0,,0.0,1,17.46,26.87,SPY220318C00415000,415.0,normalDay
2022-02-28,7005.0,12041.0,0.0,100,436.63,307.5,0,0.0,0.0,,0.0,1,17.46,26.18,SPY220318C00415000,415.0,normalDay
2022-03-01,7005.0,11761.0,0.0,100,429.98,307.5,0,0.0,0.0,,0.0,1,17.46,22.33,SPY220318C00415000,415.0,normalDay
2022-03-02,7005.0,12101.0,0.0,100,437.89,307.5,0,0.0,0.0,,0.0,1,17.46,26.84,SPY220318C00415000,415.0,normalDay
2022-03-03,7005.0,12054.0,0.0,100,435.71,307.5,0,0.0,0.0,,0.0,1,17.46,25.13,SPY220318C00415000,415.0,normalDay
2022-03-04,7005.0,12053.0,0.0,100,432.17,307.5,0,0.0,0.0,,0.0,1,17.46,21.6,SPY220318C00415000,415.0,normalDay
2022-03-07,7005.0,11740.0,0.0,100,419.43,307.5,0,0.0,0.0,,0.0,1,17.46,11.99,SPY220318C00415000,415.0,normalDay
2022-03-08,7005.0,11686.0,0.0,100,416.25,307.5,0,0.0,0.0,,0.0,1,17.46,9.35,SPY220318C00415000,415.0,normalDay
2022-03-09,7005.0,12070.0,0.0,100,427.41,307.5,0,0.0,0.0,,0.0,1,17.46,16.67,SPY220318C00415000,415.0,normalDay
2022-03-10,7005.0,12161.0,0.0,100,425.48,307.5,0,0.0,0.0,,0.0,1,17.46,13.83,SPY220318C00415000,415.0,normalDay
2022-03-11,7005.0,12014.0,0.0,100,420.07,307.5,0,0.0,0.0,,0.0,1,17.46,9.89,SPY220318C00415000,415.0,normalDay
2022-03-14,7005.0,11938.0,0.0,100,417.0,307.5,0,0.0,0.0,,0.0,1,17.46,7.58,SPY220318C00415000,415.0,normalDay
2022-03-15,7005.0,12375.0,0.0,100,426.17,307.5,0,0.0,0.0,,0.0,1,17.46,12.38,SPY220318C00415000,415.0,normalDay
2022-03-16,7005.0,12485.0,0.0,100,435.62,307.5,0,0.0,0.0,,0.0,1,17.46,20.73,SPY220318C00415000,415.0,normalDay
2022-03-17,7005.0,12545.0,0.0,100,441.07,307.5,0,0.0,0.0,,0.0,1,17.46,25.58,SPY220318C00415000,415.0,normalDay
2022-03-18,19501.0,12545.0,12496.0,0,444.52,0.0,0,0.0,0.0,,0.0,1,17.46,0.0,SPY220318C00415000,415.0,expirationDay
2022-03-21,19501.0,-3.0,0.0,0,444.39,0.0,1,0.66,0.69,SPY220408P00394000,394.0,0,0.0,0.0,,0.0,normalDay
2022-03-22,19501.0,9.0,0.0,0,449.59,0.0,1,0.66,0.57,SPY220408P00394000,394.0,0,0.0,0.0,,0.0,normalDay
2022-03-23,19501.0,5.0,0.0,0,443.8,0.0,1,0.66,0.61,SPY220408P00394000,394.0,0,0.0,0.0,,0.0,normalDay
2022-03-24,19501.0,31.0,0.0,0,450.49,0.0,1,0.66,0.35,SPY220408P00394000,394.0,0,0.0,0.0,,0.0,normalDay
2022-03-25,19501.0,40.0,0.0,0,452.69,0.0,1,0.66,0.26,SPY220408P00394000,394.0,0,0.0,0.0,,0.0,normalDay
2022-03-28,19501.0,54.0,0.0,0,455.91,0.0,1,0.66,0.12,SPY220408P00394000,394.0,0,0.0,0.0,,0.0,normalDay
2022-03-29,19501.0,56.0,0.0,0,461.55,0.0,1,0.66,0.1,SPY220408P00394000,394.0,0,0.0,0.0,,0.0,normalDay
2022-03-30,19501.0,58.0,0.0,0,458.7,0.0,1,0.66,0.08,SPY220408P00394000,394.0,0,0.0,0.0,,0.0,normalDay
2022-03-31,19501.0,54.0,0.0,0,451.64,0.0,1,0.66,0.12,SPY220408P00394000,394.0,0,0.0,0.0,,0.0,normalDay
2022-04-01,19501.0,60.0,0.0,0,452.92,0.0,1,0.66,0.06,SPY220408P00394000,394.0,0,0.0,0.0,,0.0,normalDay
2022-04-04,19501.0,63.0,0.0,0,456.8,0.0,1,0.66,0.03,SPY220408P00394000,394.0,0,0.0,0.0,,0.0,normalDay
2022-04-05,19501.0,63.0,0.0,0,451.03,0.0,1,0.66,0.03,SPY220408P00394000,394.0,0,0.0,0.0,,0.0,normalDay
2022-04-06,19501.0,64.0,0.0,0,446.52,0.0,1,0.66,0.02,SPY220408P00394000,394.0,0,0.0,0.0,,0.0,normalDay
2022-04-07,19501.0,65.0,0.0,0,448.77,0.0,1,0.66,0.01,SPY220408P00394000,394.0,0,0.0,0.0,,0.0,normalDay
2022-04-08,19567.0,0.0,66.0,0,447.57,0.0,1,0.66,0.0,SPY220408P00394000,394.0,0,0.0,0.0,,0.0,expirationDay
2022-04-11,19567.0,-4.0,0.0,0,439.92,0.0,1,2.04,2.08,SPY220429P00413000,413.0,0,0.0,0.0,,0.0,normalDay
2022-04-12,19567.0,-10.0,0.0,0,438.29,0.0,1,2.04,2.14,SPY220429P00413000,413.0,0,0.0,0.0,,0.0,normalDay
2022-04-13,19567.0,101.0,0.0,0,443.31,0.0,1,2.04,1.03,SPY220429P00413000,413.0,0,0.0,0.0,,0.0,normalDay
2022-04-14,19567.0,75.0,0.0,0,437.79,0.0,1,2.04,1.29,SPY220429P00413000,413.0,0,0.0,0.0,,0.0,normalDay
2022-04-18,19567.0,134.0,0.0,0,437.97,0.0,1,2.04,0.7,SPY220429P00413000,413.0,0,0.0,0.0,,0.0,normalDay
2022-04-19,19567.0,155.0,0.0,0,445.04,0.0,1,2.04,0.49,SPY220429P00413000,413.0,0,0.0,0.0,,0.0,normalDay
2022-04-20,19567.0,175.0,0.0,0,444.71,0.0,1,2.04,0.29,SPY220429P00413000,413.0,0,0.0,0.0,,0.0,normalDay
2022-04-21,19567.0,145.0,0.0,0,438.06,0.0,1,2.04,0.59,SPY220429P00413000,413.0,0,0.0,0.0,,0.0,normalDay
2022-04-22,19567.0,-36.0,0.0,0,426.04,0.0,1,2.04,2.4,SPY220429P00413000,413.0,0,0.0,0.0,,0.0,normalDay
2022-04-25,19567.0,102.0,0.0,0,428.51,0.0,1,2.04,1.02,SPY220429P00413000,413.0,0,0.0,0.0,,0.0,normalDay
2022-04-26,19567.0,-274.0,0.0,0,416.1,0.0,1,2.04,4.78,SPY220429P00413000,413.0,0,0.0,0.0,,0.0,normalDay
2022-04-27,19567.0,-40.0,0.0,0,417.27,0.0,1,2.04,2.44,SPY220429P00413000,413.0,0,0.0,0.0,,0.0,normalDay
2022-04-28,19567.0,176.0,0.0,0,427.81,0.0,1,2.04,0.28,SPY220429P00413000,413.0,0,0.0,0.0,,0.0,normalDay
2022-04-29,19771.0,-100.0,204.0,100,412.0,413.0,1,2.04,0.0,SPY220429P00413000,413.0,0,0.0,0.0,,0.0,expirationDay
2022-05-02,19771.0,-281.0,0.0,100,414.48,413.0,0,0.0,0.0,,0.0,1,4.44,8.73,SPY230331C00494000,494.0,normalDay
2022-05-03,19771.0,-63.0,0.0,100,416.38,413.0,0,0.0,0.0,,0.0,1,4.44,8.45,SPY230331C00494000,494.0,normalDay
2022-05-04,19771.0,972.0,0.0,100,429.06,413.0,0,0.0,0.0,,0.0,1,4.44,10.78,SPY230331C00494000,494.0,normalDay
2022-05-05,19771.0,-319.0,0.0,100,413.81,413.0,0,0.0,0.0,,0.0,1,4.44,8.44,SPY230331C00494000,494.0,normalDay
2022-05-06,19771.0,-453.0,0.0,100,411.34,413.0,0,0.0,0.0,,0.0,1,4.44,7.31,SPY230331C00494000,494.0,normalDay
2022-05-09,19771.0,-1530.0,0.0,100,398.17,413.0,0,0.0,0.0,,0.0,1,4.44,4.91,SPY230331C00494000,494.0,normalDay
2022-05-10,19771.0,-1407.0,0.0,100,399.09,413.0,0,0.0,0.0,,0.0,1,4.44,4.6,SPY230331C00494000,494.0,normalDay
2022-05-11,19771.0,-1991.0,0.0,100,392.75,413.0,0,0.0,0.0,,0.0,1,4.44,4.1,SPY230331C00494000,494.0,normalDay
2022-05-12,19771.0,-1990.0,0.0,100,392.34,413.0,0,0.0,0.0,,0.0,1,4.44,3.68,SPY230331C00494000,494.0,normalDay
2022-05-13,19771.0,-1119.0,0.0,100,401.72,413.0,0,0.0,0.0,,0.0,1,4.44,4.35,SPY230331C00494000,494.0,normalDay
2022-05-16,19771.0,-1254.0,0.0,100,400.09,413.0,0,0.0,0.0,,0.0,1,4.44,4.07,SPY230331C00494000,494.0,normalDay
2022-05-17,19771.0,-510.0,0.0,100,408.32,413.0,0,0.0,0.0,,0.0,1,4.44,4.86,SPY230331C00494000,494.0,normalDay
2022-05-18,19771.0,-1977.0,0.0,100,391.86,413.0,0,0.0,0.0,,0.0,1,4.44,3.07,SPY230331C00494000,494.0,normalDay
2022-05-19,19771.0,-2183.0,0.0,100,389.46,413.0,0,0.0,0.0,,0.0,1,4.44,2.73,SPY230331C00494000,494.0,normalDay
2022-05-20,19771.0,-2164.0,0.0,100,389.63,413.0,0,0.0,0.0,,0.0,1,4.44,2.71,SPY230331C00494000,494.0,normalDay
2022-05-23,19771.0,-1531.0,0.0,100,396.92,413.0,0,0.0,0.0,,0.0,1,4.44,3.67,SPY230331C00494000,494.0,normalDay
2022-05-24,19771.0,-1814.0,0.0,100,393.89,413.0,0,0.0,0.0,,0.0,1,4.44,3.47,SPY230331C00494000,494.0,normalDay
2022-05-25,19771.0,-1481.0,0.0,100,397.37,413.0,0,0.0,0.0,,0.0,1,4.44,3.62,SPY230331C00494000,494.0,normalDay
2022-05-26,19771.0,-771.0,0.0,100,405.31,413.0,0,0.0,0.0,,0.0,1,4.44,4.46,SPY230331C00494000,494.0,normalDay
2022-05-27,19771.0,77.0,0.0,100,415.26,413.0,0,0.0,0.0,,0.0,1,4.44,5.93,SPY230331C00494000,494.0,normalDay
2022-05-31,19771.0,-93.0,0.0,100,412.93,413.0,0,0.0,0.0,,0.0,1,4.44,5.3,SPY230331C00494000,494.0,normalDay
2022-06-01,19771.0,-368.0,0.0,100,409.59,413.0,0,0.0,0.0,,0.0,1,4.44,4.71,SPY230331C00494000,494.0,normalDay
2022-06-02,19771.0,291.0,0.0,100,417.39,413.0,0,0.0,0.0,,0.0,1,4.44,5.92,SPY230331C00494000,494.0,normalDay
2022-06-03,19771.0,-270.0,0.0,100,410.54,413.0,0,0.0,0.0,,0.0,1,4.44,4.68,SPY230331C00494000,494.0,normalDay
2022-06-06,19771.0,-169.0,0.0,100,411.79,413.0,0,0.0,0.0,,0.0,1,4.44,4.92,SPY230331C00494000,494.0,normalDay
2022-06-07,19771.0,175.0,0.0,100,415.74,413.0,0,0.0,0.0,,0.0,1,4.44,5.43,SPY230331C00494000,494.0,normalDay
2022-06-08,19771.0,-217.0,0.0,100,411.22,413.0,0,0.0,0.0,,0.0,1,4.44,4.83,SPY230331C00494000,494.0,normalDay
2022-06-09,19771.0,-1089.0,0.0,100,401.44,413.0,0,0.0,0.0,,0.0,1,4.44,3.77,SPY230331C00494000,494.0,normalDay
2022-06-10,19771.0,-2140.0,0.0,100,389.8,413.0,0,0.0,0.0,,0.0,1,4.44,2.64,SPY230331C00494000,494.0,normalDay
2022-06-13,19771.0,-3565.0,0.0,100,375.0,413.0,0,0.0,0.0,,0.0,1,4.44,2.09,SPY230331C00494000,494.0,normalDay
2022-06-14,19771.0,-3633.0,0.0,100,373.87,413.0,0,0.0,0.0,,0.0,1,4.44,1.64,SPY230331C00494000,494.0,normalDay
2022-06-15,19771.0,-3122.0,0.0,100,379.2,413.0,0,0.0,0.0,,0.0,1,4.44,1.86,SPY230331C00494000,494.0,normalDay
2022-06-16,19771.0,-4350.0,0.0,100,366.65,413.0,0,0.0,0.0,,0.0,1,4.44,1.59,SPY230331C00494000,494.0,normalDay
2022-06-17,19771.0,-4417.0,0.0,100,365.86,413.0,0,0.0,0.0,,0.0,1,4.44,1.47,SPY230331C00494000,494.0,normalDay
2022-06-21,19771.0,-3523.0,0.0,100,375.07,413.0,0,0.0,0.0,,0.0,1,4.44,1.74,SPY230331C00494000,494.0,normalDay
2022-06-22,19771.0,-3595.0,0.0,100,374.39,413.0,0,0.0,0.0,,0.0,1,4.44,1.78,SPY230331C00494000,494.0,normalDay
2022-06-23,19771.0,-3235.0,0.0,100,378.06,413.0,0,0.0,0.0,,0.0,1,4.44,1.85,SPY230331C00494000,494.0,normalDay
2022-06-24,19771.0,-2111.0,0.0,100,390.08,413.0,0,0.0,0.0,,0.0,1,4.44,2.63,SPY230331C00494000,494.0,normalDay
2022-06-27,19771.0,-2237.0,0.0,100,388.59,413.0,0,0.0,0.0,,0.0,1,4.44,2.4,SPY230331C00494000,494.0,normalDay
2022-06-28,19771.0,-2980.0,0.0,100,380.65,413.0,0,0.0,0.0,,0.0,1,4.44,1.89,SPY230331C00494000,494.0,normalDay
2022-06-29,19771.0,-3017.0,0.0,100,380.34,413.0,0,0.0,0.0,,0.0,1,4.44,1.95,SPY230331C00494000,494.0,normalDay
2022-06-30,19771.0,-3293.0,0.0,100,377.25,413.0,0,0.0,0.0,,0.0,1,4.44,1.62,SPY230331C00494000,494.0,normalDay
2022-07-01,19771.0,-2903.0,0.0,100,381.24,413.0,0,0.0,0.0,,0.0,1,4.44,1.71,SPY230331C00494000,494.0,normalDay
2022-07-05,19771.0,-2824.0,0.0,100,381.96,413.0,0,0.0,0.0,,0.0,1,4.44,1.64,SPY230331C00494000,494.0,normalDay
2022-07-06,19771.0,-2701.0,0.0,100,383.25,413.0,0,0.0,0.0,,0.0,1,4.44,1.7,SPY230331C00494000,494.0,normalDay
2022-07-07,19771.0,-2155.0,0.0,100,388.99,413.0,0,0.0,0.0,,0.0,1,4.44,1.98,SPY230331C00494000,494.0,normalDay
2022-07-08,19771.0,-2187.0,0.0,100,388.67,413.0,0,0.0,0.0,,0.0,1,4.44,1.98,SPY230331C00494000,494.0,normalDay
2022-07-11,19771.0,-2601.0,0.0,100,384.23,413.0,0,0.0,0.0,,0.0,1,4.44,1.68,SPY230331C00494000,494.0,normalDay
2022-07-12,19771.0,-2923.0,0.0,100,380.83,413.0,0,0.0,0.0,,0.0,1,4.44,1.5,SPY230331C00494000,494.0,normalDay
2022-07-13,19771.0,-3117.0,0.0,100,378.83,413.0,0,0.0,0.0,,0.0,1,4.44,1.44,SPY230331C00494000,494.0,normalDay
2022-07-14,19771.0,-3203.0,0.0,100,377.91,413.0,0,0.0,0.0,,0.0,1,4.44,1.38,SPY230331C00494000,494.0,normalDay
2022-07-15,19771.0,-2502.0,0.0,100,385.13,413.0,0,0.0,0.0,,0.0,1,4.44,1.59,SPY230331C00494000,494.0,normalDay
2022-07-18,19771.0,-2816.0,0.0,100,381.95,413.0,0,0.0,0.0,,0.0,1,4.44,1.55,SPY230331C00494000,494.0,normalDay
2022-07-19,19771.0,-1862.0,0.0,100,392.27,413.0,0,0.0,0.0,,0.0,1,4.44,2.33,SPY230331C00494000,494.0,normalDay
2022-07-20,19771.0,-1630.0,0.0,100,394.77,413.0,0,0.0,0.0,,0.0,1,4.44,2.51,SPY230331C00494000,494.0,normalDay
2022-07-21,19771.0,-1255.0,0.0,100,398.79,413.0,0,0.0,0.0,,0.0,1,4.44,2.78,SPY230331C00494000,494.0,normalDay
2022-07-22,19771.0,-1570.0,0.0,100,395.09,413.0,0,0.0,0.0,,0.0,1,4.44,2.23,SPY230331C00494000,494.0,normalDay
2022-07-25,19771.0,-1521.0,0.0,100,395.57,413.0,0,0.0,0.0,,0.0,1,4.44,2.22,SPY230331C00494000,494.0,normalDay
2022-07-26,19771.0,-1954.0,0.0,100,390.89,413.0,0,0.0,0.0,,0.0,1,4.44,1.87,SPY230331C00494000,494.0,normalDay
2022-07-27,19771.0,-1016.0,0.0,100,401.04,413.0,0,0.0,0.0,,0.0,1,4.44,2.64,SPY230331C00494000,494.0,normalDay
2022-07-28,19771.0,-557.0,0.0,100,406.07,413.0,0,0.0,0.0,,0.0,1,4.44,3.08,SPY230331C00494000,494.0,normalDay
2022-07-29,19771.0,-0.0,0.0,100,411.99,413.0,0,0.0,0.0,,0.0,1,4.44,3.43,SPY230331C00494000,494.0,normalDay
2022-08-01,19771.0,-123.0,0.0,100,410.77,413.0,0,0.0,0.0,,0.0,1,4.44,3.44,SPY230331C00494000,494.0,normalDay
2022-08-02,19771.0,-357.0,0.0,100,408.06,413.0,0,0.0,0.0,,0.0,1,4.44,3.07,SPY230331C00494000,494.0,normalDay
2022-08-03,19771.0,245.0,0.0,100,414.45,413.0,0,0.0,0.0,,0.0,1,4.44,3.44,SPY230331C00494000,494.0,normalDay
2022-08-04,19771.0,209.0,0.0,100,414.17,413.0,0,0.0,0.0,,0.0,1,4.44,3.52,SPY230331C00494000,494.0,normalDay
2022-08-05,19771.0,163.0,0.0,100,413.47,413.0,0,0.0,0.0,,0.0,1,4.44,3.28,SPY230331C00494000,494.0,normalDay
2022-08-08,19771.0,106.0,0.0,100,412.99,413.0,0,0.0,0.0,,0.0,1,4.44,3.37,SPY230331C00494000,494.0,normalDay
2022-08-09,19771.0,-41.0,0.0,100,411.35,413.0,0,0.0,0.0,,0.0,1,4.44,3.2,SPY230331C00494000,494.0,normalDay
2022-08-10,19771.0,749.0,0.0,100,419.99,413.0,0,0.0,0.0,,0.0,1,4.44,3.94,SPY230331C00494000,494.0,normalDay
2022-08-11,19771.0,753.0,0.0,100,419.99,413.0,0,0.0,0.0,,0.0,1,4.44,3.9,SPY230331C00494000,494.0,normalDay
2022-08-12,19771.0,1373.0,0.0,100,427.1,413.0,0,0.0,0.0,,0.0,1,4.44,4.81,SPY230331C00494000,494.0,normalDay
2022-08-15,19771.0,1526.0,0.0,100,428.86,413.0,0,0.0,0.0,,0.0,1,4.44,5.04,SPY230331C00494000,494.0,normalDay
2022-08-16,19771.0,1609.0,0.0,100,429.7,413.0,0,0.0,0.0,,0.0,1,4.44,5.05,SPY230331C00494000,494.0,normalDay
2022-08-17,19771.0,1350.0,0.0,100,426.65,413.0,0,0.0,0.0,,0.0,1,4.44,4.59,SPY230331C00494000,494.0,normalDay
2022-08-18,19771.0,1488.0,0.0,100,427.89,413.0,0,0.0,0.0,,0.0,1,4.44,4.45,SPY230331C00494000,494.0,normalDay
2022-08-19,19771.0,1000.0,0.0,100,422.14,413.0,0,0.0,0.0,,0.0,1,4.44,3.58,SPY230331C00494000,494.0,normalDay
2022-08-22,19771.0,209.0,0.0,100,413.35,413.0,0,0.0,0.0,,0.0,1,4.44,2.7,SPY230331C00494000,494.0,normalDay
2022-08-23,19771.0,122.0,0.0,100,412.35,413.0,0,0.0,0.0,,0.0,1,4.44,2.57,SPY230331C00494000,494.0,normalDay
2022-08-24,19771.0,255.0,0.0,100,413.67,413.0,0,0.0,0.0,,0.0,1,4.44,2.56,SPY230331C00494000,494.0,normalDay
2022-08-25,19771.0,788.0,0.0,100,419.51,413.0,0,0.0,0.0,,0.0,1,4.44,3.07,SPY230331C00494000,494.0,normalDay
2022-08-26,19771.0,-508.0,0.0,100,405.31,413.0,0,0.0,0.0,,0.0,1,4.44,1.83,SPY230331C00494000,494.0,normalDay
2022-08-29,19771.0,-761.0,0.0,100,402.63,413.0,0,0.0,0.0,,0.0,1,4.44,1.68,SPY230331C00494000,494.0,normalDay
2022-08-30,19771.0,-1180.0,0.0,100,398.21,413.0,0,0.0,0.0,,0.0,1,4.44,1.45,SPY230331C00494000,494.0,normalDay
2022-08-31,19771.0,-1471.0,0.0,100,395.18,413.0,0,0.0,0.0,,0.0,1,4.44,1.33,SPY230331C00494000,494.0,normalDay
2022-09-01,19771.0,-1352.0,0.0,100,396.42,413.0,0,0.0,0.0,,0.0,1,4.44,1.38,SPY230331C00494000,494.0,normalDay
2022-09-02,19771.0,-1749.0,0.0,100,392.24,413.0,0,0.0,0.0,,0.0,1,4.44,1.17,SPY230331C00494000,494.0,normalDay
2022-09-06,19771.0,-1892.0,0.0,100,390.76,413.0,0,0.0,0.0,,0.0,1,4.44,1.12,SPY230331C00494000,494.0,normalDay
2022-09-07,19771.0,-1218.0,0.0,100,397.78,413.0,0,0.0,0.0,,0.0,1,4.44,1.4,SPY230331C00494000,494.0,normalDay
2022-09-08,19771.0,-962.0,0.0,100,400.38,413.0,0,0.0,0.0,,0.0,1,4.44,1.44,SPY230331C00494000,494.0,normalDay
2022-09-09,19771.0,-374.0,0.0,100,406.6,413.0,0,0.0,0.0,,0.0,1,4.44,1.78,SPY230331C00494000,494.0,normalDay
2022-09-12,19771.0,18.0,0.0,100,410.97,413.0,0,0.0,0.0,,0.0,1,4.44,2.23,SPY230331C00494000,494.0,normalDay
2022-09-13,19771.0,-1688.0,0.0,100,393.1,413.0,0,0.0,0.0,,0.0,1,4.44,1.42,SPY230331C00494000,494.0,normalDay
2022-09-14,19771.0,-1520.0,0.0,100,394.6,413.0,0,0.0,0.0,,0.0,1,4.44,1.24,SPY230331C00494000,494.0,normalDay
2022-09-15,19771.0,-1949.0,0.0,100,390.12,413.0,0,0.0,0.0,,0.0,1,4.44,1.05,SPY230331C00494000,494.0,normalDay
2022-09-16,19771.0,-2393.0,0.0,100,385.56,413.0,0,0.0,0.0,,0.0,1,4.44,0.93,SPY230331C00494000,494.0,normalDay
2022-09-19,19771.0,-2099.0,0.0,100,388.55,413.0,0,0.0,0.0,,0.0,1,4.44,0.98,SPY230331C00494000,494.0,normalDay
2022-09-20,19771.0,-2529.0,0.0,100,384.09,413.0,0,0.0,0.0,,0.0,1,4.44,0.82,SPY230331C00494000,494.0,normalDay
2022-09-21,19771.0,-3186.0,0.0,100,377.39,413.0,0,0.0,0.0,,0.0,1,4.44,0.69,SPY230331C00494000,494.0,normalDay
2022-09-22,19771.0,-3492.0,0.0,100,374.22,413.0,0,0.0,0.0,,0.0,1,4.44,0.58,SPY230331C00494000,494.0,normalDay
2022-09-23,19771.0,-4108.0,0.0,100,367.95,413.0,0,0.0,0.0,,0.0,1,4.44,0.47,SPY230331C00494000,494.0,normalDay
2022-09-26,19771.0,-4473.0,0.0,100,364.31,413.0,0,0.0,0.0,,0.0,1,4.44,0.48,SPY230331C00494000,494.0,normalDay
2022-09-27,19771.0,-4558.0,0.0,100,363.38,413.0,0,0.0,0.0,,0.0,1,4.44,0.4,SPY230331C00494000,494.0,normalDay
2022-09-28,19771.0,-3856.0,0.0,100,370.53,413.0,0,0.0,0.0,,0.0,1,4.44,0.53,SPY230331C00494000,494.0,normalDay
2022-09-29,19771.0,-4614.0,0.0,100,362.79,413.0,0,0.0,0.0,,0.0,1,4.44,0.37,SPY230331C00494000,494.0,normalDay
2022-09-30,19771.0,-5167.0,0.0,100,357.18,413.0,0,0.0,0.0,,0.0,1,4.44,0.29,SPY230331C00494000,494.0,normalDay
2022-10-03,19771.0,-4235.0,0.0,100,366.61,413.0,0,0.0,0.0,,0.0,1,4.44,0.4,SPY230331C00494000,494.0,normalDay
2022-10-04,19771.0,-3125.0,0.0,100,377.97,413.0,0,0.0,0.0,,0.0,1,4.44,0.66,SPY230331C00494000,494.0,normalDay
2022-10-05,19771.0,-3204.0,0.0,100,377.09,413.0,0,0.0,0.0,,0.0,1,4.44,0.57,SPY230331C00494000,494.0,normalDay
2022-10-06,19771.0,-3589.0,0.0,100,373.2,413.0,0,0.0,0.0,,0.0,1,4.44,0.53,SPY230331C00494000,494.0,normalDay
2022-10-07,19771.0,-4611.0,0.0,100,362.79,413.0,0,0.0,0.0,,0.0,1,4.44,0.34,SPY230331C00494000,494.0,normalDay
2022-10-10,19771.0,-4891.0,0.0,100,360.02,413.0,0,0.0,0.0,,0.0,1,4.44,0.37,SPY230331C00494000,494.0,normalDay
2022-10-11,19771.0,-5118.0,0.0,100,357.74,413.0,0,0.0,0.0,,0.0,1,4.44,0.36,SPY230331C00494000,494.0,normalDay
2022-10-12,19771.0,-5239.0,0.0,100,356.56,413.0,0,0.0,0.0,,0.0,1,4.44,0.39,SPY230331C00494000,494.0,normalDay
2022-10-13,19771.0,-4316.0,0.0,100,365.97,413.0,0,0.0,0.0,,0.0,1,4.44,0.57,SPY230331C00494000,494.0,normalDay
2022-10-14,19771.0,-5136.0,0.0,100,357.63,413.0,0,0.0,0.0,,0.0,1,4.44,0.43,SPY230331C00494000,494.0,normalDay
2022-10-17,19771.0,-4234.0,0.0,100,366.82,413.0,0,0.0,0.0,,0.0,1,4.44,0.6,SPY230331C00494000,494.0,normalDay
2022-10-18,19771.0,-3812.0,0.0,100,371.13,413.0,0,0.0,0.0,,0.0,1,4.44,0.69,SPY230331C00494000,494.0,normalDay
2022-10-19,19771.0,-4065.0,0.0,100,368.5,413.0,0,0.0,0.0,,0.0,1,4.44,0.59,SPY230331C00494000,494.0,normalDay
2022-10-20,19771.0,-4367.0,0.0,100,365.41,413.0,0,0.0,0.0,,0.0,1,4.44,0.52,SPY230331C00494000,494.0,normalDay
2022-10-21,19771.0,-3499.0,0.0,100,374.29,413.0,0,0.0,0.0,,0.0,1,4.44,0.72,SPY230331C00494000,494.0,normalDay
2022-10-24,19771.0,-3052.0,0.0,100,378.87,413.0,0,0.0,0.0,,0.0,1,4.44,0.83,SPY230331C00494000,494.0,normalDay
2022-10-25,19771.0,-2451.0,0.0,100,384.92,413.0,0,0.0,0.0,,0.0,1,4.44,0.87,SPY230331C00494000,494.0,normalDay
2022-10-26,19771.0,-2727.0,0.0,100,382.02,413.0,0,0.0,0.0,,0.0,1,4.44,0.73,SPY230331C00494000,494.0,normalDay
2022-10-27,19771.0,-2904.0,0.0,100,379.98,413.0,0,0.0,0.0,,0.0,1,4.44,0.46,SPY230331C00494000,494.0,normalDay
2022-10-28,19771.0,-2027.0,0.0,100,389.02,413.0,0,0.0,0.0,,0.0,1,4.44,0.73,SPY230331C00494000,494.0,normalDay
2022-10-31,19771.0,-2294.0,0.0,100,386.21,413.0,0,0.0,0.0,,0.0,1,4.44,0.59,SPY230331C00494000,494.0,normalDay
2022-11-01,19771.0,-2454.0,0.0,100,384.52,413.0,0,0.0,0.0,,0.0,1,4.44,0.5,SPY230331C00494000,494.0,normalDay
2022-11-02,19771.0,-3404.0,0.0,100,374.87,413.0,0,0.0,0.0,,0.0,1,4.44,0.35,SPY230331C00494000,494.0,normalDay
2022-11-03,19771.0,-3786.0,0.0,100,371.01,413.0,0,0.0,0.0,,0.0,1,4.44,0.31,SPY230331C00494000,494.0,normalDay
2022-11-04,19771.0,-3250.0,0.0,100,376.35,413.0,0,0.0,0.0,,0.0,1,4.44,0.29,SPY230331C00494000,494.0,normalDay
2022-11-07,19771.0,-2893.0,0.0,100,379.95,413.0,0,0.0,0.0,,0.0,1,4.44,0.32,SPY230331C00494000,494.0,normalDay
2022-11-08,19771.0,-2691.0,0.0,100,382.0,413.0,0,0.0,0.0,,0.0,1,4.44,0.35,SPY230331C00494000,494.0,normalDay
2022-11-09,19771.0,-3470.0,0.0,100,374.13,413.0,0,0.0,0.0,,0.0,1,4.44,0.27,SPY230331C00494000,494.0,normalDay
2022-11-10,19771.0,-1450.0,0.0,100,394.69,413.0,0,0.0,0.0,,0.0,1,4.44,0.63,SPY230331C00494000,494.0,normalDay
2022-11-11,19771.0,-1064.0,0.0,100,398.51,413.0,0,0.0,0.0,,0.0,1,4.44,0.59,SPY230331C00494000,494.0,normalDay
2022-11-14,19771.0,-1391.0,0.0,100,395.12,413.0,0,0.0,0.0,,0.0,1,4.44,0.47,SPY230331C00494000,494.0,normalDay
2022-11-15,19771.0,-1061.0,0.0,100,398.49,413.0,0,0.0,0.0,,0.0,1,4.44,0.54,SPY230331C00494000,494.0,normalDay
2022-11-16,19771.0,-1351.0,0.0,100,395.45,413.0,0,0.0,0.0,,0.0,1,4.44,0.4,SPY230331C00494000,494.0,normalDay
2022-11-17,19771.0,-1470.0,0.0,100,394.24,413.0,0,0.0,0.0,,0.0,1,4.44,0.38,SPY230331C00494000,494.0,normalDay
2022-11-18,19771.0,-1290.0,0.0,100,396.03,413.0,0,0.0,0.0,,0.0,1,4.44,0.37,SPY230331C00494000,494.0,normalDay
2022-11-21,19771.0,-1429.0,0.0,100,394.59,413.0,0,0.0,0.0,,0.0,1,4.44,0.32,SPY230331C00494000,494.0,normalDay
2022-11-22,19771.0,-901.0,0.0,100,399.9,413.0,0,0.0,0.0,,0.0,1,4.44,0.35,SPY230331C00494000,494.0,normalDay
2022-11-23,19771.0,-649.0,0.0,100,402.42,413.0,0,0.0,0.0,,0.0,1,4.44,0.35,SPY230331C00494000,494.0,normalDay
2022-11-25,19771.0,-655.0,0.0,100,402.33,413.0,0,0.0,0.0,,0.0,1,4.44,0.32,SPY230331C00494000,494.0,normalDay
2022-11-28,19771.0,-1291.0,0.0,100,395.91,413.0,0,0.0,0.0,,0.0,1,4.44,0.26,SPY230331C00494000,494.0,normalDay
2022-11-29,19771.0,-1355.0,0.0,100,395.23,413.0,0,0.0,0.0,,0.0,1,4.44,0.22,SPY230331C00494000,494.0,normalDay
2022-11-30,19771.0,-127.0,0.0,100,407.68,413.0,0,0.0,0.0,,0.0,1,4.44,0.39,SPY230331C00494000,494.0,normalDay
2022-12-01,19771.0,-155.0,0.0,100,407.38,413.0,0,0.0,0.0,,0.0,1,4.44,0.37,SPY230331C00494000,494.0,normalDay
2022-12-02,19771.0,-195.0,0.0,100,406.91,413.0,0,0.0,0.0,,0.0,1,4.44,0.3,SPY230331C00494000,494.0,normalDay
2022-12-05,19771.0,-918.0,0.0,100,399.59,413.0,0,0.0,0.0,,0.0,1,4.44,0.21,SPY230331C00494000,494.0,normalDay
2022-12-06,19771.0,-1492.0,0.0,100,393.83,413.0,0,0.0,0.0,,0.0,1,4.44,0.19,SPY230331C00494000,494.0,normalDay
2022-12-07,19771.0,-1560.0,0.0,100,393.16,413.0,0,0.0,0.0,,0.0,1,4.44,0.2,SPY230331C00494000,494.0,normalDay
2022-12-08,19771.0,-1254.0,0.0,100,396.24,413.0,0,0.0,0.0,,0.0,1,4.44,0.22,SPY230331C00494000,494.0,normalDay
2022-12-09,19771.0,-1548.0,0.0,100,393.28,413.0,0,0.0,0.0,,0.0,1,4.44,0.2,SPY230331C00494000,494.0,normalDay
2022-12-12,19771.0,-990.0,0.0,100,398.95,413.0,0,0.0,0.0,,0.0,1,4.44,0.29,SPY230331C00494000,494.0,normalDay
2022-12-13,19771.0,-685.0,0.0,100,401.97,413.0,0,0.0,0.0,,0.0,1,4.44,0.26,SPY230331C00494000,494.0,normalDay
2022-12-14,19771.0,-936.0,0.0,100,399.4,413.0,0,0.0,0.0,,0.0,1,4.44,0.2,SPY230331C00494000,494.0,normalDay
2022-12-15,19771.0,-1909.0,0.0,100,389.63,413.0,0,0.0,0.0,,0.0,1,4.44,0.16,SPY230331C00494000,494.0,normalDay
2022-12-16,19771.0,-2539.0,0.0,100,383.27,413.0,0,0.0,0.0,,0.0,1,4.44,0.1,SPY230331C00494000,494.0,normalDay
2022-12-19,19771.0,-2862.0,0.0,100,380.02,413.0,0,0.0,0.0,,0.0,1,4.44,0.08,SPY230331C00494000,494.0,normalDay
2022-12-20,19771.0,-2810.0,0.0,100,380.54,413.0,0,0.0,0.0,,0.0,1,4.44,0.08,SPY230331C00494000,494.0,normalDay
2022-12-21,19771.0,-2241.0,0.0,100,386.23,413.0,0,0.0,0.0,,0.0,1,4.44,0.08,SPY230331C00494000,494.0,normalDay
2022-12-22,19771.0,-2793.0,0.0,100,380.72,413.0,0,0.0,0.0,,0.0,1,4.44,0.09,SPY230331C00494000,494.0,normalDay
2022-12-23,19771.0,-2573.0,0.0,100,382.91,413.0,0,0.0,0.0,,0.0,1,4.44,0.08,SPY230331C00494000,494.0,normalDay
2022-12-27,19771.0,-2723.0,0.0,100,381.4,413.0,0,0.0,0.0,,0.0,1,4.44,0.07,SPY230331C00494000,494.0,normalDay
2022-12-28,19771.0,-3196.0,0.0,100,376.66,413.0,0,0.0,0.0,,0.0,1,4.44,0.06,SPY230331C00494000,494.0,normalDay
2022-12-29,19771.0,-2519.0,0.0,100,383.44,413.0,0,0.0,0.0,,0.0,1,4.44,0.07,SPY230331C00494000,494.0,normalDay
2022-12-30,19771.0,-2620.0,0.0,100,382.43,413.0,0,0.0,0.0,,0.0,1,4.44,0.07,SPY230331C00494000,494.0,normalDay
2023-01-03,19771.0,-2781.0,0.0,100,380.82,413.0,0,0.0,0.0,,0.0,1,4.44,0.07,SPY230331C00494000,494.0,normalDay
2023-01-04,19771.0,-2486.0,0.0,100,383.76,413.0,0,0.0,0.0,,0.0,1,4.44,0.06,SPY230331C00494000,494.0,normalDay
2023-01-05,19771.0,-2923.0,0.0,100,379.38,413.0,0,0.0,0.0,,0.0,1,4.44,0.05,SPY230331C00494000,494.0,normalDay
2023-01-06,19771.0,-2054.0,0.0,100,388.08,413.0,0,0.0,0.0,,0.0,1,4.44,0.06,SPY230331C00494000,494.0,normalDay
2023-01-09,19771.0,-2076.0,0.0,100,387.86,413.0,0,0.0,0.0,,0.0,1,4.44,0.06,SPY230331C00494000,494.0,normalDay
2023-01-10,19771.0,-1804.0,0.0,100,390.58,413.0,0,0.0,0.0,,0.0,1,4.44,0.06,SPY230331C00494000,494.0,normalDay
2023-01-11,19771.0,-1311.0,0.0,100,395.52,413.0,0,0.0,0.0,,0.0,1,4.44,0.07,SPY230331C00494000,494.0,normalDay
2023-01-12,19771.0,-1165.0,0.0,100,396.96,413.0,0,0.0,0.0,,0.0,1,4.44,0.05,SPY230331C00494000,494.0,normalDay
2023-01-13,19771.0,-1011.0,0.0,100,398.5,413.0,0,0.0,0.0,,0.0,1,4.44,0.05,SPY230331C00494000,494.0,normalDay
2023-01-17,19771.0,-1084.0,0.0,100,397.77,413.0,0,0.0,0.0,,0.0,1,4.44,0.05,SPY230331C00494000,494.0,normalDay
2023-01-18,19771.0,-1711.0,0.0,100,391.49,413.0,0,0.0,0.0,,0.0,1,4.44,0.04,SPY230331C00494000,494.0,normalDay
2023-01-19,19771.0,-1995.0,0.0,100,388.64,413.0,0,0.0,0.0,,0.0,1,4.44,0.03,SPY230331C00494000,494.0,normalDay
2023-01-20,19771.0,-1271.0,0.0,100,395.88,413.0,0,0.0,0.0,,0.0,1,4.44,0.03,SPY230331C00494000,494.0,normalDay
2023-01-23,19771.0,-797.0,0.0,100,400.63,413.0,0,0.0,0.0,,0.0,1,4.44,0.04,SPY230331C00494000,494.0,normalDay
2023-01-24,19771.0,-839.0,0.0,100,400.2,413.0,0,0.0,0.0,,0.0,1,4.44,0.03,SPY230331C00494000,494.0,normalDay
2023-01-25,19771.0,-824.0,0.0,100,400.35,413.0,0,0.0,0.0,,0.0,1,4.44,0.03,SPY230331C00494000,494.0,normalDay
2023-01-26,19771.0,-384.0,0.0,100,404.75,413.0,0,0.0,0.0,,0.0,1,4.44,0.03,SPY230331C00494000,494.0,normalDay
2023-01-27,19771.0,-291.0,0.0,100,405.68,413.0,0,0.0,0.0,,0.0,1,4.44,0.03,SPY230331C00494000,494.0,normalDay
2023-01-30,19771.0,-800.0,0.0,100,400.59,413.0,0,0.0,0.0,,0.0,1,4.44,0.03,SPY230331C00494000,494.0,normalDay
2023-01-31,19771.0,-211.0,0.0,100,406.48,413.0,0,0.0,0.0,,0.0,1,4.44,0.03,SPY230331C00494000,494.0,normalDay
2023-02-01,19771.0,220.0,0.0,100,410.8,413.0,0,0.0,0.0,,0.0,1,4.44,0.04,SPY230331C00494000,494.0,normalDay
2023-02-02,19771.0,815.0,0.0,100,416.78,413.0,0,0.0,0.0,,0.0,1,4.44,0.07,SPY230331C00494000,494.0,normalDay
2023-02-03,19771.0,375.0,0.0,100,412.35,413.0,0,0.0,0.0,,0.0,1,4.44,0.04,SPY230331C00494000,494.0,normalDay
2023-02-06,19771.0,124.0,0.0,100,409.83,413.0,0,0.0,0.0,,0.0,1,4.44,0.03,SPY230331C00494000,494.0,normalDay
2023-02-07,19771.0,660.0,0.0,100,415.19,413.0,0,0.0,0.0,,0.0,1,4.44,0.03,SPY230331C00494000,494.0,normalDay
2023-02-08,19771.0,207.0,0.0,100,410.65,413.0,0,0.0,0.0,,0.0,1,4.44,0.02,SPY230331C00494000,494.0,normalDay
2023-02-09,19771.0,-149.0,0.0,100,407.09,413.0,0,0.0,0.0,,0.0,1,4.44,0.02,SPY230331C00494000,494.0,normalDay
2023-02-10,19771.0,-54.0,0.0,100,408.04,413.0,0,0.0,0.0,,0.0,1,4.44,0.02,SPY230331C00494000,494.0,normalDay
2023-02-13,19771.0,424.0,0.0,100,412.83,413.0,0,0.0,0.0,,0.0,1,4.44,0.03,SPY230331C00494000,494.0,normalDay
2023-02-14,19771.0,406.0,0.0,100,412.64,413.0,0,0.0,0.0,,0.0,1,4.44,0.02,SPY230331C00494000,494.0,normalDay
2023-02-15,19771.0,541.0,0.0,100,413.98,413.0,0,0.0,0.0,,0.0,1,4.44,0.01,SPY230331C00494000,494.0,normalDay
2023-02-16,19771.0,-30.0,0.0,100,408.28,413.0,0,0.0,0.0,,0.0,1,4.44,0.02,SPY230331C00494000,494.0,normalDay
2023-02-17,19771.0,-131.0,0.0,100,407.26,413.0,0,0.0,0.0,,0.0,1,4.44,0.01,SPY230331C00494000,494.0,normalDay
2023-02-21,19771.0,-949.0,0.0,100,399.09,413.0,0,0.0,0.0,,0.0,1,4.44,0.02,SPY230331C00494000,494.0,normalDay
2023-02-22,19771.0,-1003.0,0.0,100,398.54,413.0,0,0.0,0.0,,0.0,1,4.44,0.01,SPY230331C00494000,494.0,normalDay
2023-02-23,19771.0,-791.0,0.0,100,400.66,413.0,0,0.0,0.0,,0.0,1,4.44,0.01,SPY230331C00494000,494.0,normalDay
2023-02-24,19771.0,-1219.0,0.0,100,396.38,413.0,0,0.0,0.0,,0.0,1,4.44,0.01,SPY230331C00494000,494.0,normalDay
2023-02-27,19771.0,-1084.0,0.0,100,397.73,413.0,0,0.0,0.0,,0.0,1,4.44,0.01,SPY230331C00494000,494.0,normalDay
2023-02-28,19771.0,-1231.0,0.0,100,396.26,413.0,0,0.0,0.0,,0.0,1,4.44,0.01,SPY230331C00494000,494.0,normalDay
2023-03-01,19771.0,-1383.0,0.0,100,394.74,413.0,0,0.0,0.0,,0.0,1,4.44,0.01,SPY230331C00494000,494.0,normalDay
2023-03-02,19771.0,-1076.0,0.0,100,397.81,413.0,0,0.0,0.0,,0.0,1,4.44,0.01,SPY230331C00494000,494.0,normalDay
2023-03-03,19771.0,-438.0,0.0,100,404.19,413.0,0,0.0,0.0,,0.0,1,4.44,0.01,SPY230331C00494000,494.0,normalDay
2023-03-06,19771.0,-410.0,0.0,100,404.47,413.0,0,0.0,0.0,,0.0,1,4.44,0.01,SPY230331C00494000,494.0,normalDay
2023-03-07,19771.0,-1030.0,0.0,100,398.27,413.0,0,0.0,0.0,,0.0,1,4.44,0.01,SPY230331C00494000,494.0,normalDay
2023-03-08,19771.0,-965.0,0.0,100,398.92,413.0,0,0.0,0.0,,0.0,1,4.44,0.01,SPY230331C00494000,494.0,normalDay
2023-03-09,19771.0,-1701.0,0.0,100,391.56,413.0,0,0.0,0.0,,0.0,1,4.44,0.01,SPY230331C00494000,494.0,normalDay
2023-03-10,19771.0,-2266.0,0.0,100,385.91,413.0,0,0.0,0.0,,0.0,1,4.44,0.01,SPY230331C00494000,494.0,normalDay
2023-03-13,19771.0,-2321.0,0.0,100,385.36,413.0,0,0.0,0.0,,0.0,1,4.44,0.01,SPY230331C00494000,494.0,normalDay
2023-03-14,19771.0,-1684.0,0.0,100,391.73,413.0,0,0.0,0.0,,0.0,1,4.44,0.01,SPY230331C00494000,494.0,normalDay
2023-03-15,19771.0,-1929.0,0.0,100,389.28,413.0,0,0.0,0.0,,0.0,1,4.44,0.01,SPY230331C00494000,494.0,normalDay
2023-03-16,19771.0,-1246.0,0.0,100,396.11,413.0,0,0.0,0.0,,0.0,1,4.44,0.01,SPY230331C00494000,494.0,normalDay
2023-03-17,19771.0,-1858.0,0.0,100,389.99,413.0,0,0.0,0.0,,0.0,1,4.44,0.01,SPY230331C00494000,494.0,normalDay
2023-03-20,19771.0,-1483.0,0.0,100,393.74,413.0,0,0.0,0.0,,0.0,1,4.44,0.01,SPY230331C00494000,494.0,normalDay
2023-03-21,19771.0,-966.0,0.0,100,398.91,413.0,0,0.0,0.0,,0.0,1,4.44,0.01,SPY230331C00494000,494.0,normalDay
2023-03-22,19771.0,-1646.0,0.0,100,392.11,413.0,0,0.0,0.0,,0.0,1,4.44,0.01,SPY230331C00494000,494.0,normalDay
2023-03-23,19771.0,-1540.0,0.0,100,393.17,413.0,0,0.0,0.0,,0.0,1,4.44,0.01,SPY230331C00494000,494.0,normalDay
2023-03-24,19771.0,-1282.0,0.0,100,395.75,413.0,0,0.0,0.0,,0.0,1,4.44,0.01,SPY230331C00494000,494.0,normalDay
2023-03-27,19771.0,-1208.0,0.0,100,396.49,413.0,0,0.0,0.0,,0.0,1,4.44,0.01,SPY230331C00494000,494.0,normalDay
2023-03-28,19771.0,-1297.0,0.0,100,395.6,413.0,0,0.0,0.0,,0.0,1,4.44,0.01,SPY230331C00494000,494.0,normalDay
2023-03-29,19771.0,-722.0,0.0,100,401.35,413.0,0,0.0,0.0,,0.0,1,4.44,0.01,SPY230331C00494000,494.0,normalDay
2023-03-30,19771.0,-487.0,0.0,100,403.7,413.0,0,0.0,0.0,,0.0,1,4.44,0.01,SPY230331C00494000,494.0,normalDay
2023-03-31,20215.0,-361.0,444.0,100,409.39,413.0,0,0.0,0.0,,0.0,1,4.44,0.0,SPY230331C00494000,494.0,expirationDay
2023-04-03,20215.0,-673.0,0.0,100,410.95,413.0,0,0.0,0.0,,0.0,1,27.48,32.16,SPY240328C00425000,425.0,normalDay
2023-04-04,20215.0,-763.0,0.0,100,408.67,413.0,0,0.0,0.0,,0.0,1,27.48,30.78,SPY240328C00425000,425.0,normalDay
2023-04-05,20215.0,-780.0,0.0,100,407.6,413.0,0,0.0,0.0,,0.0,1,27.48,29.88,SPY240328C00425000,425.0,normalDay
2023-04-06,20215.0,-714.0,0.0,100,409.19,413.0,0,0.0,0.0,,0.0,1,27.48,30.81,SPY240328C00425000,425.0,normalDay
2023-04-10,20215.0,-625.0,0.0,100,409.61,413.0,0,0.0,0.0,,0.0,1,27.48,30.34,SPY240328C00425000,425.0,normalDay
2023-04-11,20215.0,-680.0,0.0,100,409.72,413.0,0,0.0,0.0,,0.0,1,27.48,31.0,SPY240328C00425000,425.0,normalDay
2023-04-12,20215.0,-730.0,0.0,100,408.05,413.0,0,0.0,0.0,,0.0,1,27.48,29.83,SPY240328C00425000,425.0,normalDay
2023-04-13,20215.0,-454.0,0.0,100,413.47,413.0,0,0.0,0.0,,0.0,1,27.48,32.49,SPY240328C00425000,425.0,normalDay
2023-04-14,20215.0,-506.0,0.0,100,412.46,413.0,0,0.0,0.0,,0.0,1,27.48,32.0,SPY240328C00425000,425.0,normalDay
2023-04-17,20215.0,-383.0,0.0,100,413.94,413.0,0,0.0,0.0,,0.0,1,27.48,32.25,SPY240328C00425000,425.0,normalDay
2023-04-18,20215.0,-369.0,0.0,100,414.21,413.0,0,0.0,0.0,,0.0,1,27.48,32.38,SPY240328C00425000,425.0,normalDay
2023-04-19,20215.0,-388.0,0.0,100,414.14,413.0,0,0.0,0.0,,0.0,1,27.48,32.5,SPY240328C00425000,425.0,normalDay
2023-04-20,20215.0,-511.0,0.0,100,411.88,413.0,0,0.0,0.0,,0.0,1,27.48,31.47,SPY240328C00425000,425.0,normalDay
2023-04-21,20215.0,-477.0,0.0,100,412.2,413.0,0,0.0,0.0,,0.0,1,27.48,31.45,SPY240328C00425000,425.0,normalDay
2023-04-24,20215.0,-439.0,0.0,100,412.63,413.0,0,0.0,0.0,,0.0,1,27.48,31.5,SPY240328C00425000,425.0,normalDay
2023-04-25,20215.0,-794.0,0.0,100,406.08,413.0,0,0.0,0.0,,0.0,1,27.48,28.5,SPY240328C00425000,425.0,normalDay
2023-04-26,20215.0,-688.0,0.0,100,404.36,413.0,0,0.0,0.0,,0.0,1,27.48,25.72,SPY240328C00425000,425.0,normalDay
2023-04-27,20215.0,-355.0,0.0,100,412.41,413.0,0,0.0,0.0,,0.0,1,27.48,30.44,SPY240328C00425000,425.0,normalDay
2023-04-28,20215.0,-76.0,0.0,100,415.93,413.0,0,0.0,0.0,,0.0,1,27.48,31.17,SPY240328C00425000,425.0,normalDay
2023-05-01,20215.0,-94.0,0.0,100,415.51,413.0,0,0.0,0.0,,0.0,1,27.48,30.93,SPY240328C00425000,425.0,normalDay
2023-05-02,20215.0,-280.0,0.0,100,410.84,413.0,0,0.0,0.0,,0.0,1,27.48,28.12,SPY240328C00425000,425.0,normalDay
2023-05-03,20215.0,-449.0,0.0,100,408.02,413.0,0,0.0,0.0,,0.0,1,27.48,26.99,SPY240328C00425000,425.0,normalDay
2023-05-04,20215.0,-531.0,0.0,100,405.13,413.0,0,0.0,0.0,,0.0,1,27.48,24.92,SPY240328C00425000,425.0,normalDay
2023-05-05,20215.0,-152.0,0.0,100,412.63,413.0,0,0.0,0.0,,0.0,1,27.48,28.63,SPY240328C00425000,425.0,normalDay
2023-05-08,20215.0,-126.0,0.0,100,412.74,413.0,0,0.0,0.0,,0.0,1,27.48,28.48,SPY240328C00425000,425.0,normalDay
2023-05-09,20215.0,-232.0,0.0,100,410.93,413.0,0,0.0,0.0,,0.0,1,27.48,27.73,SPY240328C00425000,425.0,normalDay
2023-05-10,20215.0,-113.0,0.0,100,412.85,413.0,0,0.0,0.0,,0.0,1,27.48,28.46,SPY240328C00425000,425.0,normalDay
2023-05-11,20215.0,-85.0,0.0,100,412.13,413.0,0,0.0,0.0,,0.0,1,27.48,27.46,SPY240328C00425000,425.0,normalDay
2023-05-12,20215.0,-93.0,0.0,100,411.59,413.0,0,0.0,0.0,,0.0,1,27.48,27.0,SPY240328C00425000,425.0,normalDay
2023-05-15,20215.0,-12.0,0.0,100,413.01,413.0,0,0.0,0.0,,0.0,1,27.48,27.61,SPY240328C00425000,425.0,normalDay
2023-05-16,20215.0,-159.0,0.0,100,410.25,413.0,0,0.0,0.0,,0.0,1,27.48,26.32,SPY240328C00425000,425.0,normalDay
2023-05-17,20215.0,102.0,0.0,100,415.23,413.0,0,0.0,0.0,,0.0,1,27.48,28.69,SPY240328C00425000,425.0,normalDay
2023-05-18,20215.0,292.0,0.0,100,419.23,413.0,0,0.0,0.0,,0.0,1,27.48,30.79,SPY240328C00425000,425.0,normalDay
2023-05-19,20215.0,246.0,0.0,100,418.62,413.0,0,0.0,0.0,,0.0,1,27.48,30.64,SPY240328C00425000,425.0,normalDay
2023-05-22,20215.0,243.0,0.0,100,418.79,413.0,0,0.0,0.0,,0.0,1,27.48,30.84,SPY240328C00425000,425.0,normalDay
2023-05-23,20215.0,57.0,0.0,100,414.09,413.0,0,0.0,0.0,,0.0,1,27.48,28.0,SPY240328C00425000,425.0,normalDay
2023-05-24,20215.0,-90.0,0.0,100,411.09,413.0,0,0.0,0.0,,0.0,1,27.48,26.47,SPY240328C00425000,425.0,normalDay
2023-05-25,20215.0,90.0,0.0,100,414.65,413.0,0,0.0,0.0,,0.0,1,27.48,28.23,SPY240328C00425000,425.0,normalDay
2023-05-26,20215.0,290.0,0.0,100,420.02,413.0,0,0.0,0.0,,0.0,1,27.48,31.6,SPY240328C00425000,425.0,normalDay
2023-05-30,20215.0,345.0,0.0,100,420.18,413.0,0,0.0,0.0,,0.0,1,27.48,31.21,SPY240328C00425000,425.0,normalDay
2023-05-31,20215.0,286.0,0.0,100,417.85,413.0,0,0.0,0.0,,0.0,1,27.48,29.47,SPY240328C00425000,425.0,normalDay
2023-06-01,20215.0,496.0,0.0,100,421.82,413.0,0,0.0,0.0,,0.0,1,27.48,31.34,SPY240328C00425000,425.0,normalDay
2023-06-02,20215.0,731.0,0.0,100,427.92,413.0,0,0.0,0.0,,0.0,1,27.48,35.09,SPY240328C00425000,425.0,normalDay
2023-06-05,20215.0,728.0,0.0,100,427.1,413.0,0,0.0,0.0,,0.0,1,27.48,34.3,SPY240328C00425000,425.0,normalDay
2023-06-06,20215.0,797.0,0.0,100,428.03,413.0,0,0.0,0.0,,0.0,1,27.48,34.54,SPY240328C00425000,425.0,normalDay
2023-06-07,20215.0,788.0,0.0,100,426.55,413.0,0,0.0,0.0,,0.0,1,27.48,33.15,SPY240328C00425000,425.0,normalDay
2023-06-08,20215.0,944.0,0.0,100,429.13,413.0,0,0.0,0.0,,0.0,1,27.48,34.17,SPY240328C00425000,425.0,normalDay
2023-06-09,20215.0,914.0,0.0,100,429.9,413.0,0,0.0,0.0,,0.0,1,27.48,35.24,SPY240328C00425000,425.0,normalDay
2023-06-12,20215.0,1067.0,0.0,100,433.8,413.0,0,0.0,0.0,,0.0,1,27.48,37.61,SPY240328C00425000,425.0,normalDay
2023-06-13,20215.0,1124.0,0.0,100,436.66,413.0,0,0.0,0.0,,0.0,1,27.48,39.9,SPY240328C00425000,425.0,normalDay
2023-06-14,20215.0,1109.0,0.0,100,437.18,413.0,0,0.0,0.0,,0.0,1,27.48,40.57,SPY240328C00425000,425.0,normalDay
2023-06-15,20215.0,1305.0,0.0,100,442.6,413.0,0,0.0,0.0,,0.0,1,27.48,44.03,SPY240328C00425000,425.0,normalDay
2023-06-16,20215.0,1042.0,0.0,100,439.46,413.0,0,0.0,0.0,,0.0,1,27.48,43.52,SPY240328C00425000,425.0,normalDay
2023-06-20,20215.0,1030.0,0.0,100,437.18,413.0,0,0.0,0.0,,0.0,1,27.48,41.36,SPY240328C00425000,425.0,normalDay
2023-06-21,20215.0,968.0,0.0,100,434.94,413.0,0,0.0,0.0,,0.0,1,27.48,39.74,SPY240328C00425000,425.0,normalDay
2023-06-22,20215.0,1057.0,0.0,100,436.51,413.0,0,0.0,0.0,,0.0,1,27.48,40.42,SPY240328C00425000,425.0,normalDay
2023-06-23,20215.0,964.0,0.0,100,433.21,413.0,0,0.0,0.0,,0.0,1,27.48,38.05,SPY240328C00425000,425.0,normalDay
2023-06-26,20215.0,932.0,0.0,100,431.44,413.0,0,0.0,0.0,,0.0,1,27.48,36.6,SPY240328C00425000,425.0,normalDay
2023-06-27,20215.0,1143.0,0.0,100,436.17,413.0,0,0.0,0.0,,0.0,1,27.48,39.22,SPY240328C00425000,425.0,normalDay
2023-06-28,20215.0,1158.0,0.0,100,436.39,413.0,0,0.0,0.0,,0.0,1,27.48,39.29,SPY240328C00425000,425.0,normalDay
2023-06-29,20215.0,1215.0,0.0,100,438.11,413.0,0,0.0,0.0,,0.0,1,27.48,40.44,SPY240328C00425000,425.0,normalDay
2023-06-30,20215.0,1331.0,0.0,100,443.28,413.0,0,0.0,0.0,,0.0,1,27.48,44.45,SPY240328C00425000,425.0,normalDay
2023-07-03,20215.0,1341.0,0.0,100,443.79,413.0,0,0.0,0.0,,0.0,1,27.48,44.86,SPY240328C00425000,425.0,normalDay
2023-07-05,20215.0,1344.0,0.0,100,443.13,413.0,0,0.0,0.0,,0.0,1,27.48,44.17,SPY240328C00425000,425.0,normalDay
2023-07-06,20215.0,1227.0,0.0,100,439.66,413.0,0,0.0,0.0,,0.0,1,27.48,41.87,SPY240328C00425000,425.0,normalDay
2023-07-07,20215.0,1204.0,0.0,100,438.55,413.0,0,0.0,0.0,,0.0,1,27.48,40.99,SPY240328C00425000,425.0,normalDay
2023-07-10,20215.0,1274.0,0.0,100,439.66,413.0,0,0.0,0.0,,0.0,1,27.48,41.4,SPY240328C00425000,425.0,normalDay
2023-07-11,20215.0,1390.0,0.0,100,442.46,413.0,0,0.0,0.0,,0.0,1,27.48,43.04,SPY240328C00425000,425.0,normalDay
2023-07-12,20215.0,1507.0,0.0,100,446.02,413.0,0,0.0,0.0,,0.0,1,27.48,45.43,SPY240328C00425000,425.0,normalDay
2023-07-13,20215.0,1611.0,0.0,100,449.56,413.0,0,0.0,0.0,,0.0,1,27.48,47.93,SPY240328C00425000,425.0,normalDay
2023-07-14,20215.0,1609.0,0.0,100,449.28,413.0,0,0.0,0.0,,0.0,1,27.48,47.67,SPY240328C00425000,425.0,normalDay
2023-07-17,20215.0,1658.0,0.0,100,450.84,413.0,0,0.0,0.0,,0.0,1,27.48,48.74,SPY240328C00425000,425.0,normalDay
2023-07-18,20215.0,1712.0,0.0,100,454.19,413.0,0,0.0,0.0,,0.0,1,27.48,51.55,SPY240328C00425000,425.0,normalDay
2023-07-19,20215.0,1697.0,0.0,100,455.2,413.0,0,0.0,0.0,,0.0,1,27.48,52.71,SPY240328C00425000,425.0,normalDay
2023-07-20,20215.0,1618.0,0.0,100,452.18,413.0,0,0.0,0.0,,0.0,1,27.48,50.48,SPY240328C00425000,425.0,normalDay
2023-07-21,20215.0,1667.0,0.0,100,452.18,413.0,0,0.0,0.0,,0.0,1,27.48,49.99,SPY240328C00425000,425.0,normalDay
2023-07-24,20215.0,1708.0,0.0,100,454.2,413.0,0,0.0,0.0,,0.0,1,27.48,51.6,SPY240328C00425000,425.0,normalDay
2023-07-25,20215.0,1652.0,0.0,100,455.44,413.0,0,0.0,0.0,,0.0,1,27.48,53.4,SPY240328C00425000,425.0,normalDay
2023-07-26,20215.0,1607.0,0.0,100,455.51,413.0,0,0.0,0.0,,0.0,1,27.48,53.92,SPY240328C00425000,425.0,normalDay
2023-07-27,20215.0,1639.0,0.0,100,452.49,413.0,0,0.0,0.0,,0.0,1,27.48,50.58,SPY240328C00425000,425.0,normalDay
2023-07-28,20215.0,1768.0,0.0,100,456.92,413.0,0,0.0,0.0,,0.0,1,27.48,53.72,SPY240328C00425000,425.0,normalDay
2023-07-31,20215.0,1785.0,0.0,100,457.79,413.0,0,0.0,0.0,,0.0,1,27.48,54.42,SPY240328C00425000,425.0,normalDay
2023-08-01,20215.0,1785.0,0.0,100,456.48,413.0,0,0.0,0.0,,0.0,1,27.48,53.11,SPY240328C00425000,425.0,normalDay
2023-08-02,20215.0,1577.0,0.0,100,450.13,413.0,0,0.0,0.0,,0.0,1,27.48,48.84,SPY240328C00425000,425.0,normalDay
2023-08-03,20215.0,1504.0,0.0,100,448.84,413.0,0,0.0,0.0,,0.0,1,27.48,48.28,SPY240328C00425000,425.0,normalDay
2023-08-04,20215.0,1547.0,0.0,100,446.81,413.0,0,0.0,0.0,,0.0,1,27.48,45.82,SPY240328C00425000,425.0,normalDay
2023-08-07,20215.0,1673.0,0.0,100,450.71,413.0,0,0.0,0.0,,0.0,1,27.48,48.46,SPY240328C00425000,425.0,normalDay
2023-08-08,20215.0,1644.0,0.0,100,448.75,413.0,0,0.0,0.0,,0.0,1,27.48,46.79,SPY240328C00425000,425.0,normalDay
2023-08-09,20215.0,1550.0,0.0,100,445.75,413.0,0,0.0,0.0,,0.0,1,27.48,44.73,SPY240328C00425000,425.0,normalDay
2023-08-10,20215.0,1620.0,0.0,100,445.91,413.0,0,0.0,0.0,,0.0,1,27.48,44.19,SPY240328C00425000,425.0,normalDay
2023-08-11,20215.0,1628.0,0.0,100,445.65,413.0,0,0.0,0.0,,0.0,1,27.48,43.85,SPY240328C00425000,425.0,normalDay
2023-08-14,20215.0,1720.0,0.0,100,448.11,413.0,0,0.0,0.0,,0.0,1,27.48,45.39,SPY240328C00425000,425.0,normalDay
2023-08-15,20215.0,1578.0,0.0,100,442.89,413.0,0,0.0,0.0,,0.0,1,27.48,41.59,SPY240328C00425000,425.0,normalDay
2023-08-16,20215.0,1472.0,0.0,100,439.64,413.0,0,0.0,0.0,,0.0,1,27.48,39.4,SPY240328C00425000,425.0,normalDay
2023-08-17,20215.0,1388.0,0.0,100,436.29,413.0,0,0.0,0.0,,0.0,1,27.48,36.89,SPY240328C00425000,425.0,normalDay
2023-08-18,20215.0,1418.0,0.0,100,436.5,413.0,0,0.0,0.0,,0.0,1,27.48,36.8,SPY240328C00425000,425.0,normalDay
2023-08-21,20215.0,1556.0,0.0,100,439.34,413.0,0,0.0,0.0,,0.0,1,27.48,38.26,SPY240328C00425000,425.0,normalDay
2023-08-22,20215.0,1521.0,0.0,100,438.15,413.0,0,0.0,0.0,,0.0,1,27.48,37.42,SPY240328C00425000,425.0,normalDay
2023-08-23,20215.0,1673.0,0.0,100,443.03,413.0,0,0.0,0.0,,0.0,1,27.48,40.78,SPY240328C00425000,425.0,normalDay
2023-08-24,20215.0,1460.0,0.0,100,436.89,413.0,0,0.0,0.0,,0.0,1,27.48,36.77,SPY240328C00425000,425.0,normalDay
2023-08-25,20215.0,1640.0,0.0,100,439.97,413.0,0,0.0,0.0,,0.0,1,27.48,38.05,SPY240328C00425000,425.0,normalDay
2023-08-28,20215.0,1746.0,0.0,100,442.76,413.0,0,0.0,0.0,,0.0,1,27.48,39.78,SPY240328C00425000,425.0,normalDay
2023-08-29,20215.0,1870.0,0.0,100,449.16,413.0,0,0.0,0.0,,0.0,1,27.48,44.94,SPY240328C00425000,425.0,normalDay
2023-08-30,20215.0,1936.0,0.0,100,451.01,413.0,0,0.0,0.0,,0.0,1,27.48,46.13,SPY240328C00425000,425.0,normalDay
2023-08-31,20215.0,1936.0,0.0,100,450.35,413.0,0,0.0,0.0,,0.0,1,27.48,45.47,SPY240328C00425000,425.0,normalDay
2023-09-01,20215.0,2066.0,0.0,100,451.19,413.0,0,0.0,0.0,,0.0,1,27.48,45.01,SPY240328C00425000,425.0,normalDay
2023-09-05,20215.0,2025.0,0.0,100,449.24,413.0,0,0.0,0.0,,0.0,1,27.48,43.47,SPY240328C00425000,425.0,normalDay
2023-09-06,20215.0,1959.0,0.0,100,446.22,413.0,0,0.0,0.0,,0.0,1,27.48,41.11,SPY240328C00425000,425.0,normalDay
2023-09-07,20215.0,1958.0,0.0,100,444.85,413.0,0,0.0,0.0,,0.0,1,27.48,39.75,SPY240328C00425000,425.0,normalDay
2023-09-08,20215.0,1976.0,0.0,100,445.52,413.0,0,0.0,0.0,,0.0,1,27.48,40.24,SPY240328C00425000,425.0,normalDay
2023-09-11,20215.0,2089.0,0.0,100,448.45,413.0,0,0.0,0.0,,0.0,1,27.48,42.04,SPY240328C00425000,425.0,normalDay
2023-09-12,20215.0,2026.0,0.0,100,445.99,413.0,0,0.0,0.0,,0.0,1,27.48,40.21,SPY240328C00425000,425.0,normalDay
2023-09-13,20215.0,2057.0,0.0,100,446.51,413.0,0,0.0,0.0,,0.0,1,27.48,40.42,SPY240328C00425000,425.0,normalDay
2023-09-14,20215.0,2193.0,0.0,100,450.36,413.0,0,0.0,0.0,,0.0,1,27.48,42.91,SPY240328C00425000,425.0,normalDay
2023-09-15,20215.0,1922.0,0.0,100,443.37,413.0,0,0.0,0.0,,0.0,1,27.48,38.63,SPY240328C00425000,425.0,normalDay
2023-09-18,20215.0,1942.0,0.0,100,443.63,413.0,0,0.0,0.0,,0.0,1,27.48,38.69,SPY240328C00425000,425.0,normalDay
2023-09-19,20215.0,1929.0,0.0,100,442.71,413.0,0,0.0,0.0,,0.0,1,27.48,37.9,SPY240328C00425000,425.0,normalDay
2023-09-20,20215.0,1857.0,0.0,100,438.64,413.0,0,0.0,0.0,,0.0,1,27.48,34.55,SPY240328C00425000,425.0,normalDay
2023-09-21,20215.0,1619.0,0.0,100,431.39,413.0,0,0.0,0.0,,0.0,1,27.48,29.68,SPY240328C00425000,425.0,normalDay
2023-09-22,20215.0,1565.0,0.0,100,430.42,413.0,0,0.0,0.0,,0.0,1,27.48,29.25,SPY240328C00425000,425.0,normalDay
2023-09-25,20215.0,1663.0,0.0,100,432.23,413.0,0,0.0,0.0,,0.0,1,27.48,30.08,SPY240328C00425000,425.0,normalDay
2023-09-26,20215.0,1340.0,0.0,100,425.88,413.0,0,0.0,0.0,,0.0,1,27.48,26.96,SPY240328C00425000,425.0,normalDay
2023-09-27,20215.0,1375.0,0.0,100,426.05,413.0,0,0.0,0.0,,0.0,1,27.48,26.78,SPY240328C00425000,425.0,normalDay
2023-09-28,20215.0,1565.0,0.0,100,428.52,413.0,0,0.0,0.0,,0.0,1,27.48,27.35,SPY240328C00425000,425.0,normalDay
2023-09-29,20215.0,1480.0,0.0,100,427.48,413.0,0,0.0,0.0,,0.0,1,27.48,27.16,SPY240328C00425000,425.0,normalDay
2023-10-02,20215.0,1520.0,0.0,100,427.31,413.0,0,0.0,0.0,,0.0,1,27.48,26.59,SPY240328C00425000,425.0,normalDay
2023-10-03,20215.0,1227.0,0.0,100,421.59,413.0,0,0.0,0.0,,0.0,1,27.48,23.8,SPY240328C00425000,425.0,normalDay
2023-10-04,20215.0,1416.0,0.0,100,424.66,413.0,0,0.0,0.0,,0.0,1,27.48,24.98,SPY240328C00425000,425.0,normalDay
2023-10-05,20215.0,1456.0,0.0,100,424.5,413.0,0,0.0,0.0,,0.0,1,27.48,24.42,SPY240328C00425000,425.0,normalDay
2023-10-06,20215.0,1622.0,0.0,100,429.54,413.0,0,0.0,0.0,,0.0,1,27.48,27.8,SPY240328C00425000,425.0,normalDay
2023-10-09,20215.0,1733.0,0.0,100,432.29,413.0,0,0.0,0.0,,0.0,1,27.48,29.44,SPY240328C00425000,425.0,normalDay
2023-10-10,20215.0,1841.0,0.0,100,434.54,413.0,0,0.0,0.0,,0.0,1,27.48,30.61,SPY240328C00425000,425.0,normalDay
2023-10-11,20215.0,1879.0,0.0,100,436.32,413.0,0,0.0,0.0,,0.0,1,27.48,32.01,SPY240328C00425000,425.0,normalDay
2023-10-12,20215.0,1832.0,0.0,100,433.66,413.0,0,0.0,0.0,,0.0,1,27.48,29.82,SPY240328C00425000,425.0,normalDay
2023-10-13,20215.0,1733.0,0.0,100,431.5,413.0,0,0.0,0.0,,0.0,1,27.48,28.65,SPY240328C00425000,425.0,normalDay
2023-10-16,20215.0,1936.0,0.0,100,436.04,413.0,0,0.0,0.0,,0.0,1,27.48,31.16,SPY240328C00425000,425.0,normalDay
2023-10-17,20215.0,1953.0,0.0,100,436.02,413.0,0,0.0,0.0,,0.0,1,27.48,30.97,SPY240328C00425000,425.0,normalDay
2023-10-18,20215.0,1645.0,0.0,100,430.21,413.0,0,0.0,0.0,,0.0,1,27.48,28.24,SPY240328C00425000,425.0,normalDay
2023-10-19,20215.0,1592.0,0.0,100,426.43,413.0,0,0.0,0.0,,0.0,1,27.48,24.99,SPY240328C00425000,425.0,normalDay
2023-10-20,20215.0,1321.0,0.0,100,421.19,413.0,0,0.0,0.0,,0.0,1,27.48,22.46,SPY240328C00425000,425.0,normalDay
2023-10-23,20215.0,1354.0,0.0,100,420.46,413.0,0,0.0,0.0,,0.0,1,27.48,21.4,SPY240328C00425000,425.0,normalDay
2023-10-24,20215.0,1433.0,0.0,100,423.63,413.0,0,0.0,0.0,,0.0,1,27.48,23.78,SPY240328C00425000,425.0,normalDay
2023-10-25,20215.0,1282.0,0.0,100,417.55,413.0,0,0.0,0.0,,0.0,1,27.48,19.21,SPY240328C00425000,425.0,normalDay
2023-10-26,20215.0,1039.0,0.0,100,412.55,413.0,0,0.0,0.0,,0.0,1,27.48,16.64,SPY240328C00425000,425.0,normalDay
2023-10-27,20215.0,981.0,0.0,100,410.68,413.0,0,0.0,0.0,,0.0,1,27.48,15.35,SPY240328C00425000,425.0,normalDay
2023-10-30,20215.0,1301.0,0.0,100,415.59,413.0,0,0.0,0.0,,0.0,1,27.48,17.06,SPY240328C00425000,425.0,normalDay
2023-10-31,20215.0,1514.0,0.0,100,418.2,413.0,0,0.0,0.0,,0.0,1,27.48,17.54,SPY240328C00425000,425.0,normalDay
2023-11-01,20215.0,1695.0,0.0,100,422.66,413.0,0,0.0,0.0,,0.0,1,27.48,20.19,SPY240328C00425000,425.0,normalDay
2023-11-02,20215.0,2084.0,0.0,100,430.76,413.0,0,0.0,0.0,,0.0,1,27.48,24.4,SPY240328C00425000,425.0,normalDay
2023-11-03,20215.0,2166.0,0.0,100,434.69,413.0,0,0.0,0.0,,0.0,1,27.48,27.51,SPY240328C00425000,425.0,normalDay
2023-11-06,20215.0,2280.0,0.0,100,435.69,413.0,0,0.0,0.0,,0.0,1,27.48,27.37,SPY240328C00425000,425.0,normalDay
2023-11-07,20215.0,2302.0,0.0,100,436.93,413.0,0,0.0,0.0,,0.0,1,27.48,28.39,SPY240328C00425000,425.0,normalDay
2023-11-08,20215.0,2358.0,0.0,100,437.25,413.0,0,0.0,0.0,,0.0,1,27.48,28.15,SPY240328C00425000,425.0,normalDay
2023-11-09,20215.0,2217.0,0.0,100,433.84,413.0,0,0.0,0.0,,0.0,1,27.48,26.15,SPY240328C00425000,425.0,normalDay
2023-11-10,20215.0,2433.0,0.0,100,440.61,413.0,0,0.0,0.0,,0.0,1,27.48,30.76,SPY240328C00425000,425.0,normalDay
2023-11-13,20215.0,2446.0,0.0,100,440.19,413.0,0,0.0,0.0,,0.0,1,27.48,30.21,SPY240328C00425000,425.0,normalDay
2023-11-14,20215.0,2620.0,0.0,100,448.73,413.0,0,0.0,0.0,,0.0,1,27.48,37.01,SPY240328C00425000,425.0,normalDay
2023-11-15,20215.0,2710.0,0.0,100,449.68,413.0,0,0.0,0.0,,0.0,1,27.48,37.06,SPY240328C00425000,425.0,normalDay
2023-11-16,20215.0,2712.0,0.0,100,450.23,413.0,0,0.0,0.0,,0.0,1,27.48,37.59,SPY240328C00425000,425.0,normalDay
2023-11-17,20215.0,2755.0,0.0,100,450.79,413.0,0,0.0,0.0,,0.0,1,27.48,37.72,SPY240328C00425000,425.0,normalDay
2023-11-20,20215.0,2824.0,0.0,100,454.26,413.0,0,0.0,0.0,,0.0,1,27.48,40.5,SPY240328C00425000,425.0,normalDay
2023-11-21,20215.0,2864.0,0.0,100,453.27,413.0,0,0.0,0.0,,0.0,1,27.48,39.11,SPY240328C00425000,425.0,normalDay
2023-11-22,20215.0,2850.0,0.0,100,455.02,413.0,0,0.0,0.0,,0.0,1,27.48,41.0,SPY240328C00425000,425.0,normalDay
2023-11-24,20215.0,2833.0,0.0,100,455.3,413.0,0,0.0,0.0,,0.0,1,27.48,41.45,SPY240328C00425000,425.0,normalDay
2023-11-27,20215.0,2828.0,0.0,100,454.48,413.0,0,0.0,0.0,,0.0,1,27.48,40.68,SPY240328C00425000,425.0,normalDay
2023-11-28,20215.0,2852.0,0.0,100,454.93,413.0,0,0.0,0.0,,0.0,1,27.48,40.89,SPY240328C00425000,425.0,normalDay
2023-11-29,20215.0,2874.0,0.0,100,454.61,413.0,0,0.0,0.0,,0.0,1,27.48,40.35,SPY240328C00425000,425.0,normalDay
2023-11-30,20215.0,2894.0,0.0,100,456.4,413.0,0,0.0,0.0,,0.0,1,27.48,41.94,SPY240328C00425000,425.0,normalDay
