date,totalCapital,unrializedPnL,rializedPnL,stocksOwned,stocksPriceToday,stocksPriceBoughtAt,putOwned,putOwnedSoldAt,putPriceToday,putOwnedContract,putOwnedStrike,callOwned,callOwnedSoldAt,callPriceToday,callOwnedContract,callOwnedStrike,trackType
2018-11-01,0.0,-7.0,0.0,0,273.51,0.0,1,3.55,3.62,SPY190118P00255000,255.0,0,0.0,0.0,,0.0,normalDay
2018-11-02,0.0,-33.0,0.0,0,271.89,0.0,1,3.55,3.88,SPY190118P00255000,255.0,0,0.0,0.0,,0.0,normalDay
2018-11-05,0.0,9.0,0.0,0,273.39,0.0,1,3.55,3.46,SPY190118P00255000,255.0,0,0.0,0.0,,0.0,normalDay
2018-11-06,0.0,50.0,0.0,0,275.12,0.0,1,3.55,3.05,SPY190118P00255000,255.0,0,0.0,0.0,,0.0,normalDay
2018-11-07,0.0,171.0,0.0,0,281.01,0.0,1,3.55,1.84,SPY190118P00255000,255.0,0,0.0,0.0,,0.0,normalDay
2018-11-08,0.0,169.0,0.0,0,280.5,0.0,1,3.55,1.86,SPY190118P00255000,255.0,0,0.0,0.0,,0.0,normalDay
2018-11-09,0.0,121.0,0.0,0,277.76,0.0,1,3.55,2.34,SPY190118P00255000,255.0,0,0.0,0.0,,0.0,normalDay
2018-11-12,0.0,21.0,0.0,0,272.57,0.0,1,3.55,3.34,SPY190118P00255000,255.0,0,0.0,0.0,,0.0,normalDay
2018-11-13,0.0,11.0,0.0,0,272.06,0.0,1,3.55,3.44,SPY190118P00255000,255.0,0,0.0,0.0,,0.0,normalDay
2018-11-14,0.0,-46.0,0.0,0,270.2,0.0,1,3.55,4.01,SPY190118P00255000,255.0,0,0.0,0.0,,0.0,normalDay
2018-11-15,0.0,36.0,0.0,0,273.02,0.0,1,3.55,3.19,SPY190118P00255000,255.0,0,0.0,0.0,,0.0,normalDay
2018-11-16,0.0,89.0,0.0,0,273.73,0.0,1,3.55,2.66,SPY190118P00255000,255.0,0,0.0,0.0,,0.0,normalDay
2018-11-19,0.0,-14.0,0.0,0,269.1,0.0,1,3.55,3.69,SPY190118P00255000,255.0,0,0.0,0.0,,0.0,normalDay
2018-11-20,0.0,-177.0,0.0,0,264.12,0.0,1,3.55,5.32,SPY190118P00255000,255.0,0,0.0,0.0,,0.0,normalDay
2018-11-21,0.0,-103.0,0.0,0,265.02,0.0,1,3.55,4.58,SPY190118P00255000,255.0,0,0.0,0.0,,0.0,normalDay
2018-11-23,0.0,-157.0,0.0,0,263.25,0.0,1,3.55,5.12,SPY190118P00255000,255.0,0,0.0,0.0,,0.0,normalDay
2018-11-26,0.0,32.0,0.0,0,267.5,0.0,1,3.55,3.23,SPY190118P00255000,255.0,0,0.0,0.0,,0.0,normalDay
2018-11-27,0.0,43.0,0.0,0,268.4,0.0,1,3.55,3.12,SPY190118P00255000,255.0,0,0.0,0.0,,0.0,normalDay
2018-11-28,0.0,153.0,0.0,0,274.58,0.0,1,3.55,2.02,SPY190118P00255000,255.0,0,0.0,0.0,,0.0,normalDay
2018-11-29,0.0,139.0,0.0,0,273.98,0.0,1,3.55,2.16,SPY190118P00255000,255.0,0,0.0,0.0,,0.0,normalDay
2018-11-30,0.0,178.0,0.0,0,275.65,0.0,1,3.55,1.77,SPY190118P00255000,255.0,0,0.0,0.0,,0.0,normalDay
2018-12-03,0.0,241.0,0.0,0,279.3,0.0,1,3.55,1.14,SPY190118P00255000,255.0,0,0.0,0.0,,0.0,normalDay
2018-12-04,0.0,76.0,0.0,0,270.25,0.0,1,3.55,2.79,SPY190118P00255000,255.0,0,0.0,0.0,,0.0,normalDay
2018-12-06,0.0,67.0,0.0,0,269.84,0.0,1,3.55,2.88,SPY190118P00255000,255.0,0,0.0,0.0,,0.0,normalDay
2018-12-07,0.0,-120.0,0.0,0,263.57,0.0,1,3.55,4.75,SPY190118P00255000,255.0,0,0.0,0.0,,0.0,normalDay
2018-12-10,0.0,-46.0,0.0,0,264.07,0.0,1,3.55,4.01,SPY190118P00255000,255.0,0,0.0,0.0,,0.0,normalDay
2018-12-11,0.0,-26.0,0.0,0,264.13,0.0,1,3.55,3.81,SPY190118P00255000,255.0,0,0.0,0.0,,0.0,normalDay
2018-12-12,0.0,11.0,0.0,0,265.46,0.0,1,3.55,3.44,SPY190118P00255000,255.0,0,0.0,0.0,,0.0,normalDay
2018-12-13,0.0,41.0,0.0,0,265.37,0.0,1,3.55,3.14,SPY190118P00255000,255.0,0,0.0,0.0,,0.0,normalDay
2018-12-14,0.0,-94.0,0.0,0,260.47,0.0,1,3.55,4.49,SPY190118P00255000,255.0,0,0.0,0.0,,0.0,normalDay
2018-12-17,0.0,-308.0,0.0,0,255.36,0.0,1,3.55,6.63,SPY190118P00255000,255.0,0,0.0,0.0,,0.0,normalDay
2018-12-18,0.0,-363.0,0.0,0,255.08,0.0,1,3.55,7.18,SPY190118P00255000,255.0,0,0.0,0.0,,0.0,normalDay
2018-12-19,0.0,-498.0,0.0,0,251.26,0.0,1,3.55,8.53,SPY190118P00255000,255.0,0,0.0,0.0,,0.0,normalDay
2018-12-20,0.0,-763.0,0.0,0,247.17,0.0,1,3.55,11.18,SPY190118P00255000,255.0,0,0.0,0.0,,0.0,normalDay
2018-12-21,0.0,-1255.0,0.0,0,240.7,0.0,1,3.55,16.1,SPY190118P00255000,255.0,0,0.0,0.0,,0.0,normalDay
2018-12-24,0.0,-1995.0,0.0,0,234.34,0.0,1,3.55,23.5,SPY190118P00255000,255.0,0,0.0,0.0,,0.0,normalDay
2018-12-26,0.0,-771.0,0.0,0,246.18,0.0,1,3.55,11.26,SPY190118P00255000,255.0,0,0.0,0.0,,0.0,normalDay
2018-12-27,0.0,-649.0,0.0,0,248.07,0.0,1,3.55,10.04,SPY190118P00255000,255.0,0,0.0,0.0,,0.0,normalDay
2018-12-28,0.0,-646.0,0.0,0,247.75,0.0,1,3.55,10.01,SPY190118P00255000,255.0,0,0.0,0.0,,0.0,normalDay
2018-12-31,0.0,-425.0,0.0,0,249.92,0.0,1,3.55,7.8,SPY190118P00255000,255.0,0,0.0,0.0,,0.0,normalDay
2019-01-02,0.0,-311.0,0.0,0,250.18,0.0,1,3.55,6.66,SPY190118P00255000,255.0,0,0.0,0.0,,0.0,normalDay
2019-01-03,0.0,-806.0,0.0,0,244.21,0.0,1,3.55,11.61,SPY190118P00255000,255.0,0,0.0,0.0,,0.0,normalDay
2019-01-04,0.0,-147.0,0.0,0,252.39,0.0,1,3.55,5.02,SPY190118P00255000,255.0,0,0.0,0.0,,0.0,normalDay
2019-01-07,0.0,-26.0,0.0,0,254.38,0.0,1,3.55,3.81,SPY190118P00255000,255.0,0,0.0,0.0,,0.0,normalDay
2019-01-08,0.0,102.0,0.0,0,256.77,0.0,1,3.55,2.53,SPY190118P00255000,255.0,0,0.0,0.0,,0.0,normalDay
2019-01-09,0.0,173.0,0.0,0,257.97,0.0,1,3.55,1.82,SPY190118P00255000,255.0,0,0.0,0.0,,0.0,normalDay
2019-01-10,0.0,231.0,0.0,0,258.88,0.0,1,3.55,1.24,SPY190118P00255000,255.0,0,0.0,0.0,,0.0,normalDay
2019-01-11,0.0,268.0,0.0,0,258.98,0.0,1,3.55,0.87,SPY190118P00255000,255.0,0,0.0,0.0,,0.0,normalDay
2019-01-14,0.0,259.0,0.0,0,257.4,0.0,1,3.55,0.96,SPY190118P00255000,255.0,0,0.0,0.0,,0.0,normalDay
2019-01-15,0.0,324.0,0.0,0,260.35,0.0,1,3.55,0.31,SPY190118P00255000,255.0,0,0.0,0.0,,0.0,normalDay
2019-01-16,0.0,341.0,0.0,0,260.98,0.0,1,3.55,0.14,SPY190118P00255000,255.0,0,0.0,0.0,,0.0,normalDay
2019-01-17,0.0,353.0,0.0,0,262.96,0.0,1,3.55,0.02,SPY190118P00255000,255.0,0,0.0,0.0,,0.0,normalDay
2019-01-18,355.0,0.0,355.0,0,266.46,0.0,1,3.55,0.0,SPY190118P00255000,255.0,0,0.0,0.0,,0.0,expirationDay
2019-01-22,355.0,-6.0,0.0,0,262.86,0.0,1,2.01,2.07,SPY190418P00230000,230.0,0,0.0,0.0,,0.0,normalDay
2019-01-23,355.0,6.0,0.0,0,263.41,0.0,1,2.01,1.95,SPY190418P00230000,230.0,0,0.0,0.0,,0.0,normalDay
2019-01-24,355.0,18.0,0.0,0,263.55,0.0,1,2.01,1.83,SPY190418P00230000,230.0,0,0.0,0.0,,0.0,normalDay
2019-01-25,355.0,60.0,0.0,0,265.78,0.0,1,2.01,1.41,SPY190418P00230000,230.0,0,0.0,0.0,,0.0,normalDay
2019-01-28,355.0,39.0,0.0,0,263.76,0.0,1,2.01,1.62,SPY190418P00230000,230.0,0,0.0,0.0,,0.0,normalDay
2019-01-29,355.0,36.0,0.0,0,263.41,0.0,1,2.01,1.65,SPY190418P00230000,230.0,0,0.0,0.0,,0.0,normalDay
2019-01-30,355.0,83.0,0.0,0,267.58,0.0,1,2.01,1.18,SPY190418P00230000,230.0,0,0.0,0.0,,0.0,normalDay
2019-01-31,355.0,111.0,0.0,0,269.93,0.0,1,2.01,0.9,SPY190418P00230000,230.0,0,0.0,0.0,,0.0,normalDay
2019-02-01,355.0,116.0,0.0,0,270.06,0.0,1,2.01,0.85,SPY190418P00230000,230.0,0,0.0,0.0,,0.0,normalDay
2019-02-04,355.0,131.0,0.0,0,271.96,0.0,1,2.01,0.7,SPY190418P00230000,230.0,0,0.0,0.0,,0.0,normalDay
2019-02-05,355.0,134.0,0.0,0,273.1,0.0,1,2.01,0.67,SPY190418P00230000,230.0,0,0.0,0.0,,0.0,normalDay
2019-02-06,355.0,134.0,0.0,0,272.74,0.0,1,2.01,0.67,SPY190418P00230000,230.0,0,0.0,0.0,,0.0,normalDay
2019-02-07,355.0,123.0,0.0,0,270.14,0.0,1,2.01,0.78,SPY190418P00230000,230.0,0,0.0,0.0,,0.0,normalDay
2019-02-08,355.0,129.0,0.0,0,270.47,0.0,1,2.01,0.72,SPY190418P00230000,230.0,0,0.0,0.0,,0.0,normalDay
2019-02-11,355.0,136.0,0.0,0,270.62,0.0,1,2.01,0.65,SPY190418P00230000,230.0,0,0.0,0.0,,0.0,normalDay
2019-02-12,355.0,149.0,0.0,0,274.1,0.0,1,2.01,0.52,SPY190418P00230000,230.0,0,0.0,0.0,,0.0,normalDay
2019-02-13,355.0,151.0,0.0,0,274.99,0.0,1,2.01,0.5,SPY190418P00230000,230.0,0,0.0,0.0,,0.0,normalDay
2019-02-14,355.0,147.0,0.0,0,274.38,0.0,1,2.01,0.54,SPY190418P00230000,230.0,0,0.0,0.0,,0.0,normalDay
2019-02-15,355.0,159.0,0.0,0,277.37,0.0,1,2.01,0.42,SPY190418P00230000,230.0,0,0.0,0.0,,0.0,normalDay
2019-02-19,355.0,163.0,0.0,0,277.85,0.0,1,2.01,0.38,SPY190418P00230000,230.0,0,0.0,0.0,,0.0,normalDay
2019-02-20,355.0,171.0,0.0,0,278.41,0.0,1,2.01,0.3,SPY190418P00230000,230.0,0,0.0,0.0,,0.0,normalDay
2019-02-21,355.0,169.0,0.0,0,277.42,0.0,1,2.01,0.32,SPY190418P00230000,230.0,0,0.0,0.0,,0.0,normalDay
2019-02-22,355.0,175.0,0.0,0,279.14,0.0,1,2.01,0.26,SPY190418P00230000,230.0,0,0.0,0.0,,0.0,normalDay
2019-02-25,355.0,171.0,0.0,0,279.52,0.0,1,2.01,0.3,SPY190418P00230000,230.0,0,0.0,0.0,,0.0,normalDay
2019-02-26,355.0,171.0,0.0,0,279.32,0.0,1,2.01,0.3,SPY190418P00230000,230.0,0,0.0,0.0,,0.0,normalDay
2019-02-27,355.0,173.0,0.0,0,279.2,0.0,1,2.01,0.28,SPY190418P00230000,230.0,0,0.0,0.0,,0.0,normalDay
2019-02-28,355.0,172.0,0.0,0,278.68,0.0,1,2.01,0.29,SPY190418P00230000,230.0,0,0.0,0.0,,0.0,normalDay
2019-03-01,355.0,179.0,0.0,0,280.42,0.0,1,2.01,0.22,SPY190418P00230000,230.0,0,0.0,0.0,,0.0,normalDay
2019-03-04,355.0,178.0,0.0,0,279.4,0.0,1,2.01,0.23,SPY190418P00230000,230.0,0,0.0,0.0,,0.0,normalDay
2019-03-05,355.0,176.0,0.0,0,279.02,0.0,1,2.01,0.25,SPY190418P00230000,230.0,0,0.0,0.0,,0.0,normalDay
2019-03-06,355.0,174.0,0.0,0,277.33,0.0,1,2.01,0.27,SPY190418P00230000,230.0,0,0.0,0.0,,0.0,normalDay
2019-03-07,355.0,170.0,0.0,0,275.01,0.0,1,2.01,0.31,SPY190418P00230000,230.0,0,0.0,0.0,,0.0,normalDay
2019-03-08,355.0,174.0,0.0,0,274.46,0.0,1,2.01,0.27,SPY190418P00230000,230.0,0,0.0,0.0,,0.0,normalDay
2019-03-11,355.0,184.0,0.0,0,278.44,0.0,1,2.01,0.17,SPY190418P00230000,230.0,0,0.0,0.0,,0.0,normalDay
2019-03-12,355.0,186.0,0.0,0,279.49,0.0,1,2.01,0.15,SPY190418P00230000,230.0,0,0.0,0.0,,0.0,normalDay
2019-03-13,355.0,188.0,0.0,0,281.34,0.0,1,2.01,0.13,SPY190418P00230000,230.0,0,0.0,0.0,,0.0,normalDay
2019-03-14,355.0,189.0,0.0,0,281.16,0.0,1,2.01,0.12,SPY190418P00230000,230.0,0,0.0,0.0,,0.0,normalDay
2019-03-15,355.0,191.0,0.0,0,281.31,0.0,1,2.01,0.1,SPY190418P00230000,230.0,0,0.0,0.0,,0.0,normalDay
2019-03-18,355.0,193.0,0.0,0,282.33,0.0,1,2.01,0.08,SPY190418P00230000,230.0,0,0.0,0.0,,0.0,normalDay
2019-03-19,355.0,193.0,0.0,0,282.4,0.0,1,2.01,0.08,SPY190418P00230000,230.0,0,0.0,0.0,,0.0,normalDay
2019-03-20,355.0,193.0,0.0,0,281.55,0.0,1,2.01,0.08,SPY190418P00230000,230.0,0,0.0,0.0,,0.0,normalDay
2019-03-21,355.0,195.0,0.0,0,284.73,0.0,1,2.01,0.06,SPY190418P00230000,230.0,0,0.0,0.0,,0.0,normalDay
2019-03-22,355.0,191.0,0.0,0,279.25,0.0,1,2.01,0.1,SPY190418P00230000,230.0,0,0.0,0.0,,0.0,normalDay
2019-03-25,355.0,194.0,0.0,0,279.04,0.0,1,2.01,0.07,SPY190418P00230000,230.0,0,0.0,0.0,,0.0,normalDay
2019-03-26,355.0,197.0,0.0,0,281.12,0.0,1,2.01,0.04,SPY190418P00230000,230.0,0,0.0,0.0,,0.0,normalDay
2019-03-27,355.0,196.0,0.0,0,279.65,0.0,1,2.01,0.05,SPY190418P00230000,230.0,0,0.0,0.0,,0.0,normalDay
2019-03-28,355.0,197.0,0.0,0,280.71,0.0,1,2.01,0.04,SPY190418P00230000,230.0,0,0.0,0.0,,0.0,normalDay
2019-03-29,355.0,197.0,0.0,0,282.48,0.0,1,2.01,0.04,SPY190418P00230000,230.0,0,0.0,0.0,,0.0,normalDay
2019-04-01,355.0,198.0,0.0,0,285.83,0.0,1,2.01,0.03,SPY190418P00230000,230.0,0,0.0,0.0,,0.0,normalDay
2019-04-02,355.0,199.0,0.0,0,285.97,0.0,1,2.01,0.02,SPY190418P00230000,230.0,0,0.0,0.0,,0.0,normalDay
2019-04-03,355.0,199.0,0.0,0,286.42,0.0,1,2.01,0.02,SPY190418P00230000,230.0,0,0.0,0.0,,0.0,normalDay
2019-04-04,355.0,199.0,0.0,0,287.18,0.0,1,2.01,0.02,SPY190418P00230000,230.0,0,0.0,0.0,,0.0,normalDay
2019-04-05,355.0,199.0,0.0,0,288.57,0.0,1,2.01,0.02,SPY190418P00230000,230.0,0,0.0,0.0,,0.0,normalDay
2019-04-08,355.0,200.0,0.0,0,288.79,0.0,1,2.01,0.01,SPY190418P00230000,230.0,0,0.0,0.0,,0.0,normalDay
2019-04-09,355.0,200.0,0.0,0,287.31,0.0,1,2.01,0.01,SPY190418P00230000,230.0,0,0.0,0.0,,0.0,normalDay
2019-04-10,355.0,200.0,0.0,0,288.29,0.0,1,2.01,0.01,SPY190418P00230000,230.0,0,0.0,0.0,,0.0,normalDay
2019-04-11,355.0,200.0,0.0,0,288.21,0.0,1,2.01,0.01,SPY190418P00230000,230.0,0,0.0,0.0,,0.0,normalDay
2019-04-12,355.0,200.0,0.0,0,290.16,0.0,1,2.01,0.01,SPY190418P00230000,230.0,0,0.0,0.0,,0.0,normalDay
2019-04-15,355.0,200.0,0.0,0,289.97,0.0,1,2.01,0.01,SPY190418P00230000,230.0,0,0.0,0.0,,0.0,normalDay
2019-04-16,355.0,200.0,0.0,0,290.16,0.0,1,2.01,0.01,SPY190418P00230000,230.0,0,0.0,0.0,,0.0,normalDay
2019-04-17,355.0,200.0,0.0,0,289.45,0.0,1,2.01,0.01,SPY190418P00230000,230.0,0,0.0,0.0,,0.0,normalDay
2019-04-18,556.0,0.0,201.0,0,290.02,0.0,1,2.01,0.0,SPY190418P00230000,230.0,0,0.0,0.0,,0.0,expirationDay
2019-04-22,556.0,-4.0,0.0,0,290.27,0.0,1,2.19,2.23,SPY190628P00276000,276.0,0,0.0,0.0,,0.0,normalDay
2019-04-23,556.0,31.0,0.0,0,292.88,0.0,1,2.19,1.88,SPY190628P00276000,276.0,0,0.0,0.0,,0.0,normalDay
2019-04-24,556.0,15.0,0.0,0,292.23,0.0,1,2.19,2.04,SPY190628P00276000,276.0,0,0.0,0.0,,0.0,normalDay
2019-04-25,556.0,8.0,0.0,0,292.05,0.0,1,2.19,2.11,SPY190628P00276000,276.0,0,0.0,0.0,,0.0,normalDay
2019-04-26,556.0,35.0,0.0,0,293.41,0.0,1,2.19,1.84,SPY190628P00276000,276.0,0,0.0,0.0,,0.0,normalDay
2019-04-29,556.0,43.0,0.0,0,293.87,0.0,1,2.19,1.76,SPY190628P00276000,276.0,0,0.0,0.0,,0.0,normalDay
2019-04-30,556.0,47.0,0.0,0,294.02,0.0,1,2.19,1.72,SPY190628P00276000,276.0,0,0.0,0.0,,0.0,normalDay
2019-05-01,556.0,-2.0,0.0,0,291.81,0.0,1,2.19,2.21,SPY190628P00276000,276.0,0,0.0,0.0,,0.0,normalDay
2019-05-02,556.0,-9.0,0.0,0,291.18,0.0,1,2.19,2.28,SPY190628P00276000,276.0,0,0.0,0.0,,0.0,normalDay
2019-05-03,556.0,56.0,0.0,0,294.03,0.0,1,2.19,1.63,SPY190628P00276000,276.0,0,0.0,0.0,,0.0,normalDay
2019-05-06,556.0,9.0,0.0,0,292.82,0.0,1,2.19,2.1,SPY190628P00276000,276.0,0,0.0,0.0,,0.0,normalDay
2019-05-07,556.0,-160.0,0.0,0,287.93,0.0,1,2.19,3.79,SPY190628P00276000,276.0,0,0.0,0.0,,0.0,normalDay
2019-05-08,556.0,-156.0,0.0,0,287.53,0.0,1,2.19,3.75,SPY190628P00276000,276.0,0,0.0,0.0,,0.0,normalDay
2019-05-09,556.0,-162.0,0.0,0,286.66,0.0,1,2.19,3.81,SPY190628P00276000,276.0,0,0.0,0.0,,0.0,normalDay
2019-05-10,556.0,-72.0,0.0,0,288.1,0.0,1,2.19,2.91,SPY190628P00276000,276.0,0,0.0,0.0,,0.0,normalDay
2019-05-13,556.0,-341.0,0.0,0,280.86,0.0,1,2.19,5.6,SPY190628P00276000,276.0,0,0.0,0.0,,0.0,normalDay
2019-05-14,556.0,-208.0,0.0,0,283.4,0.0,1,2.19,4.27,SPY190628P00276000,276.0,0,0.0,0.0,,0.0,normalDay
2019-05-15,556.0,-113.0,0.0,0,285.06,0.0,1,2.19,3.32,SPY190628P00276000,276.0,0,0.0,0.0,,0.0,normalDay
2019-05-16,556.0,-30.0,0.0,0,287.7,0.0,1,2.19,2.49,SPY190628P00276000,276.0,0,0.0,0.0,,0.0,normalDay
2019-05-17,556.0,-76.0,0.0,0,285.84,0.0,1,2.19,2.95,SPY190628P00276000,276.0,0,0.0,0.0,,0.0,normalDay
2019-05-20,556.0,-107.0,0.0,0,283.95,0.0,1,2.19,3.26,SPY190628P00276000,276.0,0,0.0,0.0,,0.0,normalDay
2019-05-21,556.0,-17.0,0.0,0,286.51,0.0,1,2.19,2.36,SPY190628P00276000,276.0,0,0.0,0.0,,0.0,normalDay
2019-05-22,556.0,-27.0,0.0,0,285.63,0.0,1,2.19,2.46,SPY190628P00276000,276.0,0,0.0,0.0,,0.0,normalDay
2019-05-23,556.0,-156.0,0.0,0,282.14,0.0,1,2.19,3.75,SPY190628P00276000,276.0,0,0.0,0.0,,0.0,normalDay
2019-05-24,556.0,-103.0,0.0,0,282.78,0.0,1,2.19,3.22,SPY190628P00276000,276.0,0,0.0,0.0,,0.0,normalDay
2019-05-28,556.0,-178.0,0.0,0,280.15,0.0,1,2.19,3.97,SPY190628P00276000,276.0,0,0.0,0.0,,0.0,normalDay
2019-05-29,556.0,-252.0,0.0,0,278.27,0.0,1,2.19,4.71,SPY190628P00276000,276.0,0,0.0,0.0,,0.0,normalDay
2019-05-30,556.0,-205.0,0.0,0,279.03,0.0,1,2.19,4.24,SPY190628P00276000,276.0,0,0.0,0.0,,0.0,normalDay
2019-05-31,556.0,-385.0,0.0,0,275.27,0.0,1,2.19,6.04,SPY190628P00276000,276.0,0,0.0,0.0,,0.0,normalDay
2019-06-03,556.0,-382.0,0.0,0,274.57,0.0,1,2.19,6.01,SPY190628P00276000,276.0,0,0.0,0.0,,0.0,normalDay
2019-06-04,556.0,-102.0,0.0,0,280.53,0.0,1,2.19,3.21,SPY190628P00276000,276.0,0,0.0,0.0,,0.0,normalDay
2019-06-05,556.0,1.0,0.0,0,282.96,0.0,1,2.19,2.18,SPY190628P00276000,276.0,0,0.0,0.0,,0.0,normalDay
2019-06-06,556.0,48.0,0.0,0,284.8,0.0,1,2.19,1.71,SPY190628P00276000,276.0,0,0.0,0.0,,0.0,normalDay
2019-06-07,556.0,90.0,0.0,0,287.65,0.0,1,2.19,1.29,SPY190628P00276000,276.0,0,0.0,0.0,,0.0,normalDay
2019-06-10,556.0,128.0,0.0,0,288.97,0.0,1,2.19,0.91,SPY190628P00276000,276.0,0,0.0,0.0,,0.0,normalDay
2019-06-11,556.0,131.0,0.0,0,288.9,0.0,1,2.19,0.88,SPY190628P00276000,276.0,0,0.0,0.0,,0.0,normalDay
2019-06-12,556.0,134.0,0.0,0,288.39,0.0,1,2.19,0.85,SPY190628P00276000,276.0,0,0.0,0.0,,0.0,normalDay
2019-06-13,556.0,153.0,0.0,0,289.58,0.0,1,2.19,0.66,SPY190628P00276000,276.0,0,0.0,0.0,,0.0,normalDay
2019-06-14,556.0,168.0,0.0,0,289.26,0.0,1,2.19,0.51,SPY190628P00276000,276.0,0,0.0,0.0,,0.0,normalDay
2019-06-17,556.0,176.0,0.0,0,289.37,0.0,1,2.19,0.43,SPY190628P00276000,276.0,0,0.0,0.0,,0.0,normalDay
2019-06-18,556.0,196.0,0.0,0,292.4,0.0,1,2.19,0.23,SPY190628P00276000,276.0,0,0.0,0.0,,0.0,normalDay
2019-06-19,556.0,205.0,0.0,0,293.06,0.0,1,2.19,0.14,SPY190628P00276000,276.0,0,0.0,0.0,,0.0,normalDay
2019-06-20,556.0,208.0,0.0,0,295.86,0.0,1,2.19,0.11,SPY190628P00276000,276.0,0,0.0,0.0,,0.0,normalDay
2019-06-21,556.0,210.0,0.0,0,294.0,0.0,1,2.19,0.09,SPY190628P00276000,276.0,0,0.0,0.0,,0.0,normalDay
2019-06-24,556.0,215.0,0.0,0,293.64,0.0,1,2.19,0.04,SPY190628P00276000,276.0,0,0.0,0.0,,0.0,normalDay
2019-06-25,556.0,215.0,0.0,0,290.76,0.0,1,2.19,0.04,SPY190628P00276000,276.0,0,0.0,0.0,,0.0,normalDay
2019-06-26,556.0,217.0,0.0,0,290.47,0.0,1,2.19,0.02,SPY190628P00276000,276.0,0,0.0,0.0,,0.0,normalDay
2019-06-27,556.0,218.0,0.0,0,291.5,0.0,1,2.19,0.01,SPY190628P00276000,276.0,0,0.0,0.0,,0.0,normalDay
2019-06-28,775.0,0.0,219.0,0,293.0,0.0,1,2.19,0.0,SPY190628P00276000,276.0,0,0.0,0.0,,0.0,expirationDay
2019-07-01,775.0,-5.0,0.0,0,295.66,0.0,1,2.93,2.98,SPY190920P00279000,279.0,0,0.0,0.0,,0.0,normalDay
2019-07-02,775.0,38.0,0.0,0,296.43,0.0,1,2.93,2.55,SPY190920P00279000,279.0,0,0.0,0.0,,0.0,normalDay
2019-07-03,775.0,78.0,0.0,0,298.8,0.0,1,2.93,2.15,SPY190920P00279000,279.0,0,0.0,0.0,,0.0,normalDay
2019-07-05,775.0,66.0,0.0,0,298.46,0.0,1,2.93,2.27,SPY190920P00279000,279.0,0,0.0,0.0,,0.0,normalDay
2019-07-08,775.0,46.0,0.0,0,296.82,0.0,1,2.93,2.47,SPY190920P00279000,279.0,0,0.0,0.0,,0.0,normalDay
2019-07-09,775.0,43.0,0.0,0,297.19,0.0,1,2.93,2.5,SPY190920P00279000,279.0,0,0.0,0.0,,0.0,normalDay
2019-07-10,775.0,82.0,0.0,0,298.61,0.0,1,2.93,2.11,SPY190920P00279000,279.0,0,0.0,0.0,,0.0,normalDay
2019-07-11,775.0,96.0,0.0,0,299.31,0.0,1,2.93,1.97,SPY190920P00279000,279.0,0,0.0,0.0,,0.0,normalDay
2019-07-12,775.0,119.0,0.0,0,300.65,0.0,1,2.93,1.74,SPY190920P00279000,279.0,0,0.0,0.0,,0.0,normalDay
2019-07-15,775.0,123.0,0.0,0,300.75,0.0,1,2.93,1.7,SPY190920P00279000,279.0,0,0.0,0.0,,0.0,normalDay
2019-07-16,775.0,114.0,0.0,0,299.78,0.0,1,2.93,1.79,SPY190920P00279000,279.0,0,0.0,0.0,,0.0,normalDay
2019-07-17,775.0,78.0,0.0,0,297.74,0.0,1,2.93,2.15,SPY190920P00279000,279.0,0,0.0,0.0,,0.0,normalDay
2019-07-18,775.0,101.0,0.0,0,298.83,0.0,1,2.93,1.92,SPY190920P00279000,279.0,0,0.0,0.0,,0.0,normalDay
2019-07-19,775.0,75.0,0.0,0,297.17,0.0,1,2.93,2.18,SPY190920P00279000,279.0,0,0.0,0.0,,0.0,normalDay
2019-07-22,775.0,107.0,0.0,0,297.9,0.0,1,2.93,1.86,SPY190920P00279000,279.0,0,0.0,0.0,,0.0,normalDay
2019-07-23,775.0,145.0,0.0,0,300.03,0.0,1,2.93,1.48,SPY190920P00279000,279.0,0,0.0,0.0,,0.0,normalDay
2019-07-24,775.0,168.0,0.0,0,301.44,0.0,1,2.93,1.25,SPY190920P00279000,279.0,0,0.0,0.0,,0.0,normalDay
2019-07-25,775.0,148.0,0.0,0,300.0,0.0,1,2.93,1.45,SPY190920P00279000,279.0,0,0.0,0.0,,0.0,normalDay
2019-07-26,775.0,174.0,0.0,0,302.01,0.0,1,2.93,1.19,SPY190920P00279000,279.0,0,0.0,0.0,,0.0,normalDay
2019-07-29,775.0,174.0,0.0,0,301.46,0.0,1,2.93,1.19,SPY190920P00279000,279.0,0,0.0,0.0,,0.0,normalDay
2019-07-30,775.0,152.0,0.0,0,300.72,0.0,1,2.93,1.41,SPY190920P00279000,279.0,0,0.0,0.0,,0.0,normalDay
2019-07-31,775.0,91.0,0.0,0,297.43,0.0,1,2.93,2.02,SPY190920P00279000,279.0,0,0.0,0.0,,0.0,normalDay
2019-08-01,775.0,17.0,0.0,0,294.84,0.0,1,2.93,2.76,SPY190920P00279000,279.0,0,0.0,0.0,,0.0,normalDay
2019-08-02,775.0,-25.0,0.0,0,292.62,0.0,1,2.93,3.18,SPY190920P00279000,279.0,0,0.0,0.0,,0.0,normalDay
2019-08-05,775.0,-414.0,0.0,0,283.82,0.0,1,2.93,7.07,SPY190920P00279000,279.0,0,0.0,0.0,,0.0,normalDay
2019-08-06,775.0,-172.0,0.0,0,287.8,0.0,1,2.93,4.65,SPY190920P00279000,279.0,0,0.0,0.0,,0.0,normalDay
2019-08-07,775.0,-159.0,0.0,0,287.97,0.0,1,2.93,4.52,SPY190920P00279000,279.0,0,0.0,0.0,,0.0,normalDay
2019-08-08,775.0,25.0,0.0,0,293.62,0.0,1,2.93,2.68,SPY190920P00279000,279.0,0,0.0,0.0,,0.0,normalDay
2019-08-09,775.0,-24.0,0.0,0,291.62,0.0,1,2.93,3.17,SPY190920P00279000,279.0,0,0.0,0.0,,0.0,normalDay
2019-08-12,775.0,-171.0,0.0,0,288.07,0.0,1,2.93,4.64,SPY190920P00279000,279.0,0,0.0,0.0,,0.0,normalDay
2019-08-13,775.0,14.0,0.0,0,292.55,0.0,1,2.93,2.79,SPY190920P00279000,279.0,0,0.0,0.0,,0.0,normalDay
2019-08-14,775.0,-292.0,0.0,0,283.9,0.0,1,2.93,5.85,SPY190920P00279000,279.0,0,0.0,0.0,,0.0,normalDay
2019-08-15,775.0,-240.0,0.0,0,284.65,0.0,1,2.93,5.33,SPY190920P00279000,279.0,0,0.0,0.0,,0.0,normalDay
2019-08-16,775.0,-54.0,0.0,0,288.85,0.0,1,2.93,3.47,SPY190920P00279000,279.0,0,0.0,0.0,,0.0,normalDay
2019-08-19,775.0,76.0,0.0,0,292.33,0.0,1,2.93,2.17,SPY190920P00279000,279.0,0,0.0,0.0,,0.0,normalDay
2019-08-20,775.0,23.0,0.0,0,290.09,0.0,1,2.93,2.7,SPY190920P00279000,279.0,0,0.0,0.0,,0.0,normalDay
2019-08-21,775.0,119.0,0.0,0,292.45,0.0,1,2.93,1.74,SPY190920P00279000,279.0,0,0.0,0.0,,0.0,normalDay
2019-08-22,775.0,102.0,0.0,0,292.36,0.0,1,2.93,1.91,SPY190920P00279000,279.0,0,0.0,0.0,,0.0,normalDay
2019-08-23,775.0,-100.0,0.0,0,284.85,0.0,1,2.93,3.93,SPY190920P00279000,279.0,0,0.0,0.0,,0.0,normalDay
2019-08-26,775.0,1.0,0.0,0,288.0,0.0,1,2.93,2.92,SPY190920P00279000,279.0,0,0.0,0.0,,0.0,normalDay
2019-08-27,775.0,-46.0,0.0,0,286.87,0.0,1,2.93,3.39,SPY190920P00279000,279.0,0,0.0,0.0,,0.0,normalDay
2019-08-28,775.0,37.0,0.0,0,288.89,0.0,1,2.93,2.56,SPY190920P00279000,279.0,0,0.0,0.0,,0.0,normalDay
2019-08-29,775.0,126.0,0.0,0,292.58,0.0,1,2.93,1.67,SPY190920P00279000,279.0,0,0.0,0.0,,0.0,normalDay
2019-08-30,775.0,120.0,0.0,0,292.45,0.0,1,2.93,1.73,SPY190920P00279000,279.0,0,0.0,0.0,,0.0,normalDay
2019-09-03,775.0,113.0,0.0,0,290.74,0.0,1,2.93,1.8,SPY190920P00279000,279.0,0,0.0,0.0,,0.0,normalDay
2019-09-04,775.0,204.0,0.0,0,294.04,0.0,1,2.93,0.89,SPY190920P00279000,279.0,0,0.0,0.0,,0.0,normalDay
2019-09-05,775.0,244.0,0.0,0,297.82,0.0,1,2.93,0.49,SPY190920P00279000,279.0,0,0.0,0.0,,0.0,normalDay
2019-09-06,775.0,265.0,0.0,0,298.05,0.0,1,2.93,0.28,SPY190920P00279000,279.0,0,0.0,0.0,,0.0,normalDay
2019-09-09,775.0,271.0,0.0,0,298.2,0.0,1,2.93,0.22,SPY190920P00279000,279.0,0,0.0,0.0,,0.0,normalDay
2019-09-10,775.0,274.0,0.0,0,298.13,0.0,1,2.93,0.19,SPY190920P00279000,279.0,0,0.0,0.0,,0.0,normalDay
2019-09-11,775.0,281.0,0.0,0,300.25,0.0,1,2.93,0.12,SPY190920P00279000,279.0,0,0.0,0.0,,0.0,normalDay
2019-09-12,775.0,283.0,0.0,0,301.29,0.0,1,2.93,0.1,SPY190920P00279000,279.0,0,0.0,0.0,,0.0,normalDay
2019-09-13,775.0,284.0,0.0,0,301.09,0.0,1,2.93,0.09,SPY190920P00279000,279.0,0,0.0,0.0,,0.0,normalDay
2019-09-16,775.0,286.0,0.0,0,300.16,0.0,1,2.93,0.07,SPY190920P00279000,279.0,0,0.0,0.0,,0.0,normalDay
2019-09-17,775.0,287.0,0.0,0,300.92,0.0,1,2.93,0.06,SPY190920P00279000,279.0,0,0.0,0.0,,0.0,normalDay
2019-09-18,775.0,289.0,0.0,0,301.1,0.0,1,2.93,0.04,SPY190920P00279000,279.0,0,0.0,0.0,,0.0,normalDay
2019-09-19,775.0,290.0,0.0,0,301.08,0.0,1,2.93,0.03,SPY190920P00279000,279.0,0,0.0,0.0,,0.0,normalDay
2019-09-20,1068.0,0.0,293.0,0,298.28,0.0,1,2.93,0.0,SPY190920P00279000,279.0,0,0.0,0.0,,0.0,expirationDay
2019-09-23,1068.0,-4.0,0.0,0,298.21,0.0,1,2.48,2.52,SPY191115P00283000,283.0,0,0.0,0.0,,0.0,normalDay
2019-09-24,1068.0,-76.0,0.0,0,295.87,0.0,1,2.48,3.24,SPY191115P00283000,283.0,0,0.0,0.0,,0.0,normalDay
2019-09-25,1068.0,-30.0,0.0,0,297.62,0.0,1,2.48,2.78,SPY191115P00283000,283.0,0,0.0,0.0,,0.0,normalDay
2019-09-26,1068.0,-28.0,0.0,0,297.0,0.0,1,2.48,2.76,SPY191115P00283000,283.0,0,0.0,0.0,,0.0,normalDay
2019-09-27,1068.0,-79.0,0.0,0,295.4,0.0,1,2.48,3.27,SPY191115P00283000,283.0,0,0.0,0.0,,0.0,normalDay
2019-09-30,1068.0,-14.0,0.0,0,296.77,0.0,1,2.48,2.62,SPY191115P00283000,283.0,0,0.0,0.0,,0.0,normalDay
2019-10-01,1068.0,-126.0,0.0,0,293.24,0.0,1,2.48,3.74,SPY191115P00283000,283.0,0,0.0,0.0,,0.0,normalDay
2019-10-02,1068.0,-331.0,0.0,0,288.06,0.0,1,2.48,5.79,SPY191115P00283000,283.0,0,0.0,0.0,,0.0,normalDay
2019-10-03,1068.0,-209.0,0.0,0,290.42,0.0,1,2.48,4.57,SPY191115P00283000,283.0,0,0.0,0.0,,0.0,normalDay
2019-10-04,1068.0,-59.0,0.0,0,294.35,0.0,1,2.48,3.07,SPY191115P00283000,283.0,0,0.0,0.0,,0.0,normalDay
2019-10-07,1068.0,-86.0,0.0,0,293.08,0.0,1,2.48,3.34,SPY191115P00283000,283.0,0,0.0,0.0,,0.0,normalDay
2019-10-08,1068.0,-249.0,0.0,0,288.53,0.0,1,2.48,4.97,SPY191115P00283000,283.0,0,0.0,0.0,,0.0,normalDay
2019-10-09,1068.0,-128.0,0.0,0,291.27,0.0,1,2.48,3.76,SPY191115P00283000,283.0,0,0.0,0.0,,0.0,normalDay
2019-10-10,1068.0,-45.0,0.0,0,293.24,0.0,1,2.48,2.93,SPY191115P00283000,283.0,0,0.0,0.0,,0.0,normalDay
2019-10-11,1068.0,67.0,0.0,0,296.28,0.0,1,2.48,1.81,SPY191115P00283000,283.0,0,0.0,0.0,,0.0,normalDay
2019-10-14,1068.0,93.0,0.0,0,295.95,0.0,1,2.48,1.55,SPY191115P00283000,283.0,0,0.0,0.0,,0.0,normalDay
2019-10-15,1068.0,152.0,0.0,0,298.88,0.0,1,2.48,0.96,SPY191115P00283000,283.0,0,0.0,0.0,,0.0,normalDay
2019-10-16,1068.0,152.0,0.0,0,298.4,0.0,1,2.48,0.96,SPY191115P00283000,283.0,0,0.0,0.0,,0.0,normalDay
2019-10-17,1068.0,161.0,0.0,0,299.28,0.0,1,2.48,0.87,SPY191115P00283000,283.0,0,0.0,0.0,,0.0,normalDay
2019-10-18,1068.0,151.0,0.0,0,297.97,0.0,1,2.48,0.97,SPY191115P00283000,283.0,0,0.0,0.0,,0.0,normalDay
2019-10-21,1068.0,184.0,0.0,0,299.99,0.0,1,2.48,0.64,SPY191115P00283000,283.0,0,0.0,0.0,,0.0,normalDay
2019-10-22,1068.0,176.0,0.0,0,299.01,0.0,1,2.48,0.72,SPY191115P00283000,283.0,0,0.0,0.0,,0.0,normalDay
2019-10-23,1068.0,193.0,0.0,0,299.88,0.0,1,2.48,0.55,SPY191115P00283000,283.0,0,0.0,0.0,,0.0,normalDay
2019-10-24,1068.0,202.0,0.0,0,300.37,0.0,1,2.48,0.46,SPY191115P00283000,283.0,0,0.0,0.0,,0.0,normalDay
2019-10-25,1068.0,217.0,0.0,0,301.6,0.0,1,2.48,0.31,SPY191115P00283000,283.0,0,0.0,0.0,,0.0,normalDay
2019-10-28,1068.0,224.0,0.0,0,303.3,0.0,1,2.48,0.24,SPY191115P00283000,283.0,0,0.0,0.0,,0.0,normalDay
2019-10-29,1068.0,227.0,0.0,0,303.21,0.0,1,2.48,0.21,SPY191115P00283000,283.0,0,0.0,0.0,,0.0,normalDay
2019-10-30,1068.0,233.0,0.0,0,304.14,0.0,1,2.48,0.15,SPY191115P00283000,283.0,0,0.0,0.0,,0.0,normalDay
2019-10-31,1068.0,227.0,0.0,0,303.33,0.0,1,2.48,0.21,SPY191115P00283000,283.0,0,0.0,0.0,,0.0,normalDay
2019-11-01,1068.0,238.0,0.0,0,306.14,0.0,1,2.48,0.1,SPY191115P00283000,283.0,0,0.0,0.0,,0.0,normalDay
2019-11-04,1068.0,240.0,0.0,0,307.37,0.0,1,2.48,0.08,SPY191115P00283000,283.0,0,0.0,0.0,,0.0,normalDay
2019-11-05,1068.0,242.0,0.0,0,307.03,0.0,1,2.48,0.06,SPY191115P00283000,283.0,0,0.0,0.0,,0.0,normalDay
2019-11-06,1068.0,244.0,0.0,0,307.1,0.0,1,2.48,0.04,SPY191115P00283000,283.0,0,0.0,0.0,,0.0,normalDay
2019-11-07,1068.0,245.0,0.0,0,308.18,0.0,1,2.48,0.03,SPY191115P00283000,283.0,0,0.0,0.0,,0.0,normalDay
2019-11-08,1068.0,246.0,0.0,0,308.94,0.0,1,2.48,0.02,SPY191115P00283000,283.0,0,0.0,0.0,,0.0,normalDay
2019-11-11,1068.0,246.0,0.0,0,308.35,0.0,1,2.48,0.02,SPY191115P00283000,283.0,0,0.0,0.0,,0.0,normalDay
2019-11-12,1068.0,246.0,0.0,0,309.0,0.0,1,2.48,0.02,SPY191115P00283000,283.0,0,0.0,0.0,,0.0,normalDay
2019-11-13,1068.0,247.0,0.0,0,309.1,0.0,1,2.48,0.01,SPY191115P00283000,283.0,0,0.0,0.0,,0.0,normalDay
2019-11-14,1068.0,247.0,0.0,0,309.55,0.0,1,2.48,0.01,SPY191115P00283000,283.0,0,0.0,0.0,,0.0,normalDay
2019-11-15,1316.0,0.0,248.0,0,311.79,0.0,1,2.48,0.0,SPY191115P00283000,283.0,0,0.0,0.0,,0.0,expirationDay
2019-11-18,1316.0,-3.0,0.0,0,312.02,0.0,1,2.2,2.23,SPY200117P00295000,295.0,0,0.0,0.0,,0.0,normalDay
2019-11-19,1316.0,-13.0,0.0,0,311.93,0.0,1,2.2,2.33,SPY200117P00295000,295.0,0,0.0,0.0,,0.0,normalDay
2019-11-20,1316.0,-33.0,0.0,0,310.77,0.0,1,2.2,2.53,SPY200117P00295000,295.0,0,0.0,0.0,,0.0,normalDay
2019-11-21,1316.0,-41.0,0.0,0,310.27,0.0,1,2.2,2.61,SPY200117P00295000,295.0,0,0.0,0.0,,0.0,normalDay
2019-11-22,1316.0,-12.0,0.0,0,310.96,0.0,1,2.2,2.32,SPY200117P00295000,295.0,0,0.0,0.0,,0.0,normalDay
2019-11-25,1316.0,45.0,0.0,0,313.37,0.0,1,2.2,1.75,SPY200117P00295000,295.0,0,0.0,0.0,,0.0,normalDay
2019-11-26,1316.0,64.0,0.0,0,314.08,0.0,1,2.2,1.56,SPY200117P00295000,295.0,0,0.0,0.0,,0.0,normalDay
2019-11-27,1316.0,77.0,0.0,0,315.48,0.0,1,2.2,1.43,SPY200117P00295000,295.0,0,0.0,0.0,,0.0,normalDay
2019-11-29,1316.0,56.0,0.0,0,314.31,0.0,1,2.2,1.64,SPY200117P00295000,295.0,0,0.0,0.0,,0.0,normalDay
2019-12-02,1316.0,-10.0,0.0,0,311.64,0.0,1,2.2,2.3,SPY200117P00295000,295.0,0,0.0,0.0,,0.0,normalDay
2019-12-03,1316.0,-67.0,0.0,0,309.55,0.0,1,2.2,2.87,SPY200117P00295000,295.0,0,0.0,0.0,,0.0,normalDay
2019-12-04,1316.0,-14.0,0.0,0,311.46,0.0,1,2.2,2.34,SPY200117P00295000,295.0,0,0.0,0.0,,0.0,normalDay
2019-12-05,1316.0,15.0,0.0,0,312.02,0.0,1,2.2,2.05,SPY200117P00295000,295.0,0,0.0,0.0,,0.0,normalDay
2019-12-06,1316.0,68.0,0.0,0,314.87,0.0,1,2.2,1.52,SPY200117P00295000,295.0,0,0.0,0.0,,0.0,normalDay
2019-12-09,1316.0,37.0,0.0,0,313.88,0.0,1,2.2,1.83,SPY200117P00295000,295.0,0,0.0,0.0,,0.0,normalDay
2019-12-10,1316.0,48.0,0.0,0,313.53,0.0,1,2.2,1.72,SPY200117P00295000,295.0,0,0.0,0.0,,0.0,normalDay
2019-12-11,1316.0,74.0,0.0,0,314.42,0.0,1,2.2,1.46,SPY200117P00295000,295.0,0,0.0,0.0,,0.0,normalDay
2019-12-12,1316.0,117.0,0.0,0,317.13,0.0,1,2.2,1.03,SPY200117P00295000,295.0,0,0.0,0.0,,0.0,normalDay
2019-12-13,1316.0,142.0,0.0,0,317.32,0.0,1,2.2,0.78,SPY200117P00295000,295.0,0,0.0,0.0,,0.0,normalDay
2019-12-16,1316.0,167.0,0.0,0,319.5,0.0,1,2.2,0.53,SPY200117P00295000,295.0,0,0.0,0.0,,0.0,normalDay
2019-12-17,1316.0,166.0,0.0,0,319.57,0.0,1,2.2,0.54,SPY200117P00295000,295.0,0,0.0,0.0,,0.0,normalDay
2019-12-18,1316.0,167.0,0.0,0,319.59,0.0,1,2.2,0.53,SPY200117P00295000,295.0,0,0.0,0.0,,0.0,normalDay
2019-12-19,1316.0,174.0,0.0,0,320.9,0.0,1,2.2,0.46,SPY200117P00295000,295.0,0,0.0,0.0,,0.0,normalDay
2019-12-20,1316.0,176.0,0.0,0,320.73,0.0,1,2.2,0.44,SPY200117P00295000,295.0,0,0.0,0.0,,0.0,normalDay
2019-12-23,1316.0,180.0,0.0,0,321.22,0.0,1,2.2,0.4,SPY200117P00295000,295.0,0,0.0,0.0,,0.0,normalDay
2019-12-24,1316.0,183.0,0.0,0,321.23,0.0,1,2.2,0.37,SPY200117P00295000,295.0,0,0.0,0.0,,0.0,normalDay
2019-12-26,1316.0,193.0,0.0,0,322.94,0.0,1,2.2,0.27,SPY200117P00295000,295.0,0,0.0,0.0,,0.0,normalDay
2019-12-27,1316.0,192.0,0.0,0,322.86,0.0,1,2.2,0.28,SPY200117P00295000,295.0,0,0.0,0.0,,0.0,normalDay
2019-12-30,1316.0,189.0,0.0,0,321.08,0.0,1,2.2,0.31,SPY200117P00295000,295.0,0,0.0,0.0,,0.0,normalDay
2019-12-31,1316.0,195.0,0.0,0,321.86,0.0,1,2.2,0.25,SPY200117P00295000,295.0,0,0.0,0.0,,0.0,normalDay
2020-01-02,1316.0,210.0,0.0,0,324.87,0.0,1,2.2,0.1,SPY200117P00295000,295.0,0,0.0,0.0,,0.0,normalDay
2020-01-03,1316.0,204.0,0.0,0,322.41,0.0,1,2.2,0.16,SPY200117P00295000,295.0,0,0.0,0.0,,0.0,normalDay
2020-01-06,1316.0,213.0,0.0,0,323.64,0.0,1,2.2,0.07,SPY200117P00295000,295.0,0,0.0,0.0,,0.0,normalDay
2020-01-07,1316.0,214.0,0.0,0,322.73,0.0,1,2.2,0.06,SPY200117P00295000,295.0,0,0.0,0.0,,0.0,normalDay
2020-01-08,1316.0,213.0,0.0,0,324.45,0.0,1,2.2,0.07,SPY200117P00295000,295.0,0,0.0,0.0,,0.0,normalDay
2020-01-09,1316.0,216.0,0.0,0,326.65,0.0,1,2.2,0.04,SPY200117P00295000,295.0,0,0.0,0.0,,0.0,normalDay
2020-01-10,1316.0,218.0,0.0,0,325.71,0.0,1,2.2,0.02,SPY200117P00295000,295.0,0,0.0,0.0,,0.0,normalDay
2020-01-13,1316.0,218.0,0.0,0,327.95,0.0,1,2.2,0.02,SPY200117P00295000,295.0,0,0.0,0.0,,0.0,normalDay
2020-01-14,1316.0,219.0,0.0,0,327.45,0.0,1,2.2,0.01,SPY200117P00295000,295.0,0,0.0,0.0,,0.0,normalDay
2020-01-15,1316.0,219.0,0.0,0,328.19,0.0,1,2.2,0.01,SPY200117P00295000,295.0,0,0.0,0.0,,0.0,normalDay
2020-01-16,1316.0,219.0,0.0,0,330.92,0.0,1,2.2,0.01,SPY200117P00295000,295.0,0,0.0,0.0,,0.0,normalDay
2020-01-17,1536.0,0.0,220.0,0,331.95,0.0,1,2.2,0.0,SPY200117P00295000,295.0,0,0.0,0.0,,0.0,expirationDay
2020-01-21,1536.0,-4.0,0.0,0,331.3,0.0,1,3.7,3.74,SPY200417P00315000,315.0,0,0.0,0.0,,0.0,normalDay
2020-01-22,1536.0,-5.0,0.0,0,331.34,0.0,1,3.7,3.75,SPY200417P00315000,315.0,0,0.0,0.0,,0.0,normalDay
2020-01-23,1536.0,1.0,0.0,0,331.72,0.0,1,3.7,3.69,SPY200417P00315000,315.0,0,0.0,0.0,,0.0,normalDay
2020-01-24,1536.0,-92.0,0.0,0,328.77,0.0,1,3.7,4.62,SPY200417P00315000,315.0,0,0.0,0.0,,0.0,normalDay
2020-01-27,1536.0,-315.0,0.0,0,323.5,0.0,1,3.7,6.85,SPY200417P00315000,315.0,0,0.0,0.0,,0.0,normalDay
2020-01-28,1536.0,-161.0,0.0,0,326.89,0.0,1,3.7,5.31,SPY200417P00315000,315.0,0,0.0,0.0,,0.0,normalDay
2020-01-29,1536.0,-164.0,0.0,0,326.62,0.0,1,3.7,5.34,SPY200417P00315000,315.0,0,0.0,0.0,,0.0,normalDay
2020-01-30,1536.0,-95.0,0.0,0,327.68,0.0,1,3.7,4.65,SPY200417P00315000,315.0,0,0.0,0.0,,0.0,normalDay
2020-01-31,1536.0,-335.0,0.0,0,321.73,0.0,1,3.7,7.05,SPY200417P00315000,315.0,0,0.0,0.0,,0.0,normalDay
2020-02-03,1536.0,-246.0,0.0,0,324.12,0.0,1,3.7,6.16,SPY200417P00315000,315.0,0,0.0,0.0,,0.0,normalDay
2020-02-04,1536.0,-54.0,0.0,0,329.06,0.0,1,3.7,4.24,SPY200417P00315000,315.0,0,0.0,0.0,,0.0,normalDay
2020-02-05,1536.0,41.0,0.0,0,332.86,0.0,1,3.7,3.29,SPY200417P00315000,315.0,0,0.0,0.0,,0.0,normalDay
2020-02-06,1536.0,62.0,0.0,0,333.98,0.0,1,3.7,3.08,SPY200417P00315000,315.0,0,0.0,0.0,,0.0,normalDay
2020-02-07,1536.0,25.0,0.0,0,332.2,0.0,1,3.7,3.45,SPY200417P00315000,315.0,0,0.0,0.0,,0.0,normalDay
2020-02-10,1536.0,80.0,0.0,0,334.68,0.0,1,3.7,2.9,SPY200417P00315000,315.0,0,0.0,0.0,,0.0,normalDay
2020-02-11,1536.0,93.0,0.0,0,335.26,0.0,1,3.7,2.77,SPY200417P00315000,315.0,0,0.0,0.0,,0.0,normalDay
2020-02-12,1536.0,146.0,0.0,0,337.42,0.0,1,3.7,2.24,SPY200417P00315000,315.0,0,0.0,0.0,,0.0,normalDay
2020-02-13,1536.0,136.0,0.0,0,337.06,0.0,1,3.7,2.34,SPY200417P00315000,315.0,0,0.0,0.0,,0.0,normalDay
2020-02-14,1536.0,154.0,0.0,0,337.6,0.0,1,3.7,2.16,SPY200417P00315000,315.0,0,0.0,0.0,,0.0,normalDay
2020-02-18,1536.0,141.0,0.0,0,336.73,0.0,1,3.7,2.29,SPY200417P00315000,315.0,0,0.0,0.0,,0.0,normalDay
2020-02-19,1536.0,173.0,0.0,0,338.34,0.0,1,3.7,1.97,SPY200417P00315000,315.0,0,0.0,0.0,,0.0,normalDay
2020-02-20,1536.0,138.0,0.0,0,336.95,0.0,1,3.7,2.32,SPY200417P00315000,315.0,0,0.0,0.0,,0.0,normalDay
2020-02-21,1536.0,51.0,0.0,0,333.48,0.0,1,3.7,3.19,SPY200417P00315000,315.0,0,0.0,0.0,,0.0,normalDay
2020-02-24,1536.0,-383.0,0.0,0,322.42,0.0,1,3.7,7.53,SPY200417P00315000,315.0,0,0.0,0.0,,0.0,normalDay
2020-02-25,1536.0,-781.0,0.0,0,312.65,0.0,1,3.7,11.51,SPY200417P00315000,315.0,0,0.0,0.0,,0.0,normalDay
2020-02-26,1536.0,-864.0,0.0,0,311.5,0.0,1,3.7,12.34,SPY200417P00315000,315.0,0,0.0,0.0,,0.0,normalDay
2020-02-27,1536.0,-1900.0,0.0,0,297.51,0.0,1,3.7,22.7,SPY200417P00315000,315.0,0,0.0,0.0,,0.0,normalDay
2020-02-28,1536.0,-2009.0,0.0,0,296.26,0.0,1,3.7,23.79,SPY200417P00315000,315.0,0,0.0,0.0,,0.0,normalDay
2020-03-02,1536.0,-1049.0,0.0,0,309.09,0.0,1,3.7,14.19,SPY200417P00315000,315.0,0,0.0,0.0,,0.0,normalDay
2020-03-03,1536.0,-1568.0,0.0,0,300.24,0.0,1,3.7,19.38,SPY200417P00315000,315.0,0,0.0,0.0,,0.0,normalDay
2020-03-04,1536.0,-906.0,0.0,0,312.86,0.0,1,3.7,12.76,SPY200417P00315000,315.0,0,0.0,0.0,,0.0,normalDay
2020-03-05,1536.0,-1636.0,0.0,0,302.46,0.0,1,3.7,20.06,SPY200417P00315000,315.0,0,0.0,0.0,,0.0,normalDay
2020-03-06,1536.0,-2022.0,0.0,0,297.46,0.0,1,3.7,23.92,SPY200417P00315000,315.0,0,0.0,0.0,,0.0,normalDay
2020-03-09,1536.0,-4055.0,0.0,0,274.23,0.0,1,3.7,44.25,SPY200417P00315000,315.0,0,0.0,0.0,,0.0,normalDay
2020-03-10,1536.0,-2752.0,0.0,0,288.42,0.0,1,3.7,31.22,SPY200417P00315000,315.0,0,0.0,0.0,,0.0,normalDay
2020-03-11,1536.0,-3978.0,0.0,0,274.36,0.0,1,3.7,43.48,SPY200417P00315000,315.0,0,0.0,0.0,,0.0,normalDay
2020-03-12,1536.0,-6499.0,0.0,0,248.11,0.0,1,3.7,68.69,SPY200417P00315000,315.0,0,0.0,0.0,,0.0,normalDay
2020-03-13,1536.0,-4484.0,0.0,0,269.32,0.0,1,3.7,48.54,SPY200417P00315000,315.0,0,0.0,0.0,,0.0,normalDay
2020-03-16,1536.0,-7028.0,0.0,0,239.85,0.0,1,3.7,73.98,SPY200417P00315000,315.0,0,0.0,0.0,,0.0,normalDay
2020-03-17,1536.0,-6177.0,0.0,0,252.8,0.0,1,3.7,65.47,SPY200417P00315000,315.0,0,0.0,0.0,,0.0,normalDay
2020-03-18,1536.0,-7280.0,0.0,0,240.0,0.0,1,3.7,76.5,SPY200417P00315000,315.0,0,0.0,0.0,,0.0,normalDay
2020-03-19,1536.0,-7286.0,0.0,0,240.51,0.0,1,3.7,76.56,SPY200417P00315000,315.0,0,0.0,0.0,,0.0,normalDay
2020-03-20,1536.0,-8241.0,0.0,0,228.8,0.0,1,3.7,86.11,SPY200417P00315000,315.0,0,0.0,0.0,,0.0,normalDay
2020-03-23,1536.0,-9040.0,0.0,0,222.95,0.0,1,3.7,94.1,SPY200417P00315000,315.0,0,0.0,0.0,,0.0,normalDay
2020-03-24,1536.0,-6915.0,0.0,0,243.15,0.0,1,3.7,72.85,SPY200417P00315000,315.0,0,0.0,0.0,,0.0,normalDay
2020-03-25,1536.0,-6452.0,0.0,0,246.79,0.0,1,3.7,68.22,SPY200417P00315000,315.0,0,0.0,0.0,,0.0,normalDay
2020-03-26,1536.0,-5100.0,0.0,0,261.2,0.0,1,3.7,54.7,SPY200417P00315000,315.0,0,0.0,0.0,,0.0,normalDay
2020-03-27,1536.0,-5883.0,0.0,0,253.42,0.0,1,3.7,62.53,SPY200417P00315000,315.0,0,0.0,0.0,,0.0,normalDay
2020-03-30,1536.0,-5088.0,0.0,0,261.65,0.0,1,3.7,54.58,SPY200417P00315000,315.0,0,0.0,0.0,,0.0,normalDay
2020-03-31,1536.0,-5480.0,0.0,0,257.75,0.0,1,3.7,58.5,SPY200417P00315000,315.0,0,0.0,0.0,,0.0,normalDay
2020-04-01,1536.0,-6564.0,0.0,0,246.15,0.0,1,3.7,69.34,SPY200417P00315000,315.0,0,0.0,0.0,,0.0,normalDay
2020-04-02,1536.0,-5901.0,0.0,0,251.83,0.0,1,3.7,62.71,SPY200417P00315000,315.0,0,0.0,0.0,,0.0,normalDay
2020-04-03,1536.0,-6307.0,0.0,0,248.19,0.0,1,3.7,66.77,SPY200417P00315000,315.0,0,0.0,0.0,,0.0,normalDay
2020-04-06,1536.0,-4639.0,0.0,0,264.86,0.0,1,3.7,50.09,SPY200417P00315000,315.0,0,0.0,0.0,,0.0,normalDay
2020-04-07,1536.0,-4741.0,0.0,0,265.13,0.0,1,3.7,51.11,SPY200417P00315000,315.0,0,0.0,0.0,,0.0,normalDay
2020-04-08,1536.0,-3751.0,0.0,0,274.03,0.0,1,3.7,41.21,SPY200417P00315000,315.0,0,0.0,0.0,,0.0,normalDay
2020-04-09,1536.0,-3340.0,0.0,0,278.2,0.0,1,3.7,37.1,SPY200417P00315000,315.0,0,0.0,0.0,,0.0,normalDay
2020-04-13,1536.0,-3593.0,0.0,0,275.66,0.0,1,3.7,39.63,SPY200417P00315000,315.0,0,0.0,0.0,,0.0,normalDay
2020-04-14,1536.0,-2742.0,0.0,0,283.79,0.0,1,3.7,31.12,SPY200417P00315000,315.0,0,0.0,0.0,,0.0,normalDay
2020-04-15,1536.0,-3376.0,0.0,0,277.76,0.0,1,3.7,37.46,SPY200417P00315000,315.0,0,0.0,0.0,,0.0,normalDay
2020-04-16,1536.0,-3224.0,0.0,0,279.1,0.0,1,3.7,35.94,SPY200417P00315000,315.0,0,0.0,0.0,,0.0,normalDay
2020-04-17,1906.0,-2836.0,370.0,100,286.64,315.0,1,3.7,0.0,SPY200417P00315000,315.0,0,0.0,0.0,,0.0,expirationDay
2020-04-20,1906.0,-3352.0,0.0,100,281.59,315.0,0,0.0,0.0,,0.0,1,16.75,16.86,SPY200508C00271000,271.0,normalDay
2020-04-21,1906.0,-3659.0,0.0,100,273.04,315.0,0,0.0,0.0,,0.0,1,16.75,11.38,SPY200508C00271000,271.0,normalDay
2020-04-22,1906.0,-3295.0,0.0,100,279.1,315.0,0,0.0,0.0,,0.0,1,16.75,13.8,SPY200508C00271000,271.0,normalDay
2020-04-23,1906.0,-3248.0,0.0,100,279.08,315.0,0,0.0,0.0,,0.0,1,16.75,13.31,SPY200508C00271000,271.0,normalDay
2020-04-24,1906.0,-3036.0,0.0,100,282.97,315.0,0,0.0,0.0,,0.0,1,16.75,15.08,SPY200508C00271000,271.0,normalDay
2020-04-27,1906.0,-2905.0,0.0,100,287.05,315.0,0,0.0,0.0,,0.0,1,16.75,17.85,SPY200508C00271000,271.0,normalDay
2020-04-28,1906.0,-2949.0,0.0,100,285.73,315.0,0,0.0,0.0,,0.0,1,16.75,16.97,SPY200508C00271000,271.0,normalDay
2020-04-29,1906.0,-2814.0,0.0,100,293.21,315.0,0,0.0,0.0,,0.0,1,16.75,23.1,SPY200508C00271000,271.0,normalDay
2020-04-30,1906.0,-2732.0,0.0,100,290.48,315.0,0,0.0,0.0,,0.0,1,16.75,19.55,SPY200508C00271000,271.0,normalDay
2020-05-01,1906.0,-2884.0,0.0,100,282.79,315.0,0,0.0,0.0,,0.0,1,16.75,13.38,SPY200508C00271000,271.0,normalDay
2020-05-04,1906.0,-2758.0,0.0,100,283.57,315.0,0,0.0,0.0,,0.0,1,16.75,12.9,SPY200508C00271000,271.0,normalDay
2020-05-05,1906.0,-2739.0,0.0,100,286.19,315.0,0,0.0,0.0,,0.0,1,16.75,15.33,SPY200508C00271000,271.0,normalDay
2020-05-06,1906.0,-2708.0,0.0,100,284.25,315.0,0,0.0,0.0,,0.0,1,16.75,13.08,SPY200508C00271000,271.0,normalDay
2020-05-07,1906.0,-2765.0,0.0,100,287.68,315.0,0,0.0,0.0,,0.0,1,16.75,17.08,SPY200508C00271000,271.0,normalDay
2020-05-08,-819.0,-2765.0,-2725.0,0,292.44,0.0,0,0.0,0.0,,0.0,1,16.75,0.0,SPY200508C00271000,271.0,expirationDay
2020-05-11,-819.0,-4.0,0.0,0,292.5,0.0,1,6.45,6.49,SPY200717P00269000,269.0,0,0.0,0.0,,0.0,normalDay
2020-05-12,-819.0,-253.0,0.0,0,286.67,0.0,1,6.45,8.98,SPY200717P00269000,269.0,0,0.0,0.0,,0.0,normalDay
2020-05-13,-819.0,-400.0,0.0,0,281.6,0.0,1,6.45,10.45,SPY200717P00269000,269.0,0,0.0,0.0,,0.0,normalDay
2020-05-14,-819.0,-255.0,0.0,0,284.97,0.0,1,6.45,9.0,SPY200717P00269000,269.0,0,0.0,0.0,,0.0,normalDay
2020-05-15,-819.0,-215.0,0.0,0,286.28,0.0,1,6.45,8.6,SPY200717P00269000,269.0,0,0.0,0.0,,0.0,normalDay
2020-05-18,-819.0,72.0,0.0,0,295.0,0.0,1,6.45,5.73,SPY200717P00269000,269.0,0,0.0,0.0,,0.0,normalDay
2020-05-19,-819.0,7.0,0.0,0,291.97,0.0,1,6.45,6.38,SPY200717P00269000,269.0,0,0.0,0.0,,0.0,normalDay
2020-05-20,-819.0,167.0,0.0,0,296.93,0.0,1,6.45,4.78,SPY200717P00269000,269.0,0,0.0,0.0,,0.0,normalDay
2020-05-21,-819.0,98.0,0.0,0,294.88,0.0,1,6.45,5.47,SPY200717P00269000,269.0,0,0.0,0.0,,0.0,normalDay
2020-05-22,-819.0,138.0,0.0,0,295.44,0.0,1,6.45,5.07,SPY200717P00269000,269.0,0,0.0,0.0,,0.0,normalDay
2020-05-26,-819.0,236.0,0.0,0,299.08,0.0,1,6.45,4.09,SPY200717P00269000,269.0,0,0.0,0.0,,0.0,normalDay
2020-05-27,-819.0,306.0,0.0,0,303.53,0.0,1,6.45,3.39,SPY200717P00269000,269.0,0,0.0,0.0,,0.0,normalDay
2020-05-28,-819.0,296.0,0.0,0,302.97,0.0,1,6.45,3.49,SPY200717P00269000,269.0,0,0.0,0.0,,0.0,normalDay
2020-05-29,-819.0,342.0,0.0,0,304.32,0.0,1,6.45,3.03,SPY200717P00269000,269.0,0,0.0,0.0,,0.0,normalDay
2020-06-01,-819.0,348.0,0.0,0,305.55,0.0,1,6.45,2.97,SPY200717P00269000,269.0,0,0.0,0.0,,0.0,normalDay
2020-06-02,-819.0,405.0,0.0,0,308.08,0.0,1,6.45,2.4,SPY200717P00269000,269.0,0,0.0,0.0,,0.0,normalDay
2020-06-03,-819.0,465.0,0.0,0,312.18,0.0,1,6.45,1.8,SPY200717P00269000,269.0,0,0.0,0.0,,0.0,normalDay
2020-06-04,-819.0,468.0,0.0,0,311.36,0.0,1,6.45,1.77,SPY200717P00269000,269.0,0,0.0,0.0,,0.0,normalDay
2020-06-05,-819.0,526.0,0.0,0,319.34,0.0,1,6.45,1.19,SPY200717P00269000,269.0,0,0.0,0.0,,0.0,normalDay
2020-06-08,-819.0,536.0,0.0,0,323.2,0.0,1,6.45,1.09,SPY200717P00269000,269.0,0,0.0,0.0,,0.0,normalDay
2020-06-09,-819.0,516.0,0.0,0,320.79,0.0,1,6.45,1.29,SPY200717P00269000,269.0,0,0.0,0.0,,0.0,normalDay
2020-06-10,-819.0,503.0,0.0,0,319.0,0.0,1,6.45,1.42,SPY200717P00269000,269.0,0,0.0,0.0,,0.0,normalDay
2020-06-11,-819.0,150.0,0.0,0,300.61,0.0,1,6.45,4.95,SPY200717P00269000,269.0,0,0.0,0.0,,0.0,normalDay
2020-06-12,-819.0,285.0,0.0,0,304.21,0.0,1,6.45,3.6,SPY200717P00269000,269.0,0,0.0,0.0,,0.0,normalDay
2020-06-15,-819.0,377.0,0.0,0,307.05,0.0,1,6.45,2.68,SPY200717P00269000,269.0,0,0.0,0.0,,0.0,normalDay
2020-06-16,-819.0,434.0,0.0,0,312.96,0.0,1,6.45,2.11,SPY200717P00269000,269.0,0,0.0,0.0,,0.0,normalDay
2020-06-17,-819.0,445.0,0.0,0,311.66,0.0,1,6.45,2.0,SPY200717P00269000,269.0,0,0.0,0.0,,0.0,normalDay
2020-06-18,-819.0,470.0,0.0,0,311.78,0.0,1,6.45,1.75,SPY200717P00269000,269.0,0,0.0,0.0,,0.0,normalDay
2020-06-19,-819.0,436.0,0.0,0,308.64,0.0,1,6.45,2.09,SPY200717P00269000,269.0,0,0.0,0.0,,0.0,normalDay
2020-06-22,-819.0,517.0,0.0,0,310.62,0.0,1,6.45,1.28,SPY200717P00269000,269.0,0,0.0,0.0,,0.0,normalDay
2020-06-23,-819.0,531.0,0.0,0,312.05,0.0,1,6.45,1.14,SPY200717P00269000,269.0,0,0.0,0.0,,0.0,normalDay
2020-06-24,-819.0,484.0,0.0,0,304.09,0.0,1,6.45,1.61,SPY200717P00269000,269.0,0,0.0,0.0,,0.0,normalDay
2020-06-25,-819.0,535.0,0.0,0,307.35,0.0,1,6.45,1.1,SPY200717P00269000,269.0,0,0.0,0.0,,0.0,normalDay
2020-06-26,-819.0,476.0,0.0,0,300.05,0.0,1,6.45,1.69,SPY200717P00269000,269.0,0,0.0,0.0,,0.0,normalDay
2020-06-29,-819.0,549.0,0.0,0,304.46,0.0,1,6.45,0.96,SPY200717P00269000,269.0,0,0.0,0.0,,0.0,normalDay
2020-06-30,-819.0,580.0,0.0,0,308.36,0.0,1,6.45,0.65,SPY200717P00269000,269.0,0,0.0,0.0,,0.0,normalDay
2020-07-01,-819.0,602.0,0.0,0,310.52,0.0,1,6.45,0.43,SPY200717P00269000,269.0,0,0.0,0.0,,0.0,normalDay
2020-07-02,-819.0,612.0,0.0,0,312.23,0.0,1,6.45,0.33,SPY200717P00269000,269.0,0,0.0,0.0,,0.0,normalDay
2020-07-06,-819.0,627.0,0.0,0,317.05,0.0,1,6.45,0.18,SPY200717P00269000,269.0,0,0.0,0.0,,0.0,normalDay
2020-07-07,-819.0,626.0,0.0,0,313.78,0.0,1,6.45,0.19,SPY200717P00269000,269.0,0,0.0,0.0,,0.0,normalDay
2020-07-08,-819.0,635.0,0.0,0,316.18,0.0,1,6.45,0.1,SPY200717P00269000,269.0,0,0.0,0.0,,0.0,normalDay
2020-07-09,-819.0,635.0,0.0,0,314.38,0.0,1,6.45,0.1,SPY200717P00269000,269.0,0,0.0,0.0,,0.0,normalDay
2020-07-10,-819.0,641.0,0.0,0,317.59,0.0,1,6.45,0.04,SPY200717P00269000,269.0,0,0.0,0.0,,0.0,normalDay
2020-07-13,-819.0,640.0,0.0,0,314.84,0.0,1,6.45,0.05,SPY200717P00269000,269.0,0,0.0,0.0,,0.0,normalDay
2020-07-14,-819.0,643.0,0.0,0,318.92,0.0,1,6.45,0.02,SPY200717P00269000,269.0,0,0.0,0.0,,0.0,normalDay
2020-07-15,-819.0,644.0,0.0,0,321.85,0.0,1,6.45,0.01,SPY200717P00269000,269.0,0,0.0,0.0,,0.0,normalDay
2020-07-16,-819.0,644.0,0.0,0,320.79,0.0,1,6.45,0.01,SPY200717P00269000,269.0,0,0.0,0.0,,0.0,normalDay
2020-07-17,-174.0,0.0,645.0,0,321.72,0.0,1,6.45,0.0,SPY200717P00269000,269.0,0,0.0,0.0,,0.0,expirationDay
2020-07-20,-174.0,-6.0,0.0,0,324.32,0.0,1,5.45,5.51,SPY200930P00295000,295.0,0,0.0,0.0,,0.0,normalDay
2020-07-21,-174.0,3.0,0.0,0,325.01,0.0,1,5.45,5.42,SPY200930P00295000,295.0,0,0.0,0.0,,0.0,normalDay
2020-07-22,-174.0,44.0,0.0,0,326.86,0.0,1,5.45,5.01,SPY200930P00295000,295.0,0,0.0,0.0,,0.0,normalDay
2020-07-23,-174.0,-59.0,0.0,0,322.96,0.0,1,5.45,6.04,SPY200930P00295000,295.0,0,0.0,0.0,,0.0,normalDay
2020-07-24,-174.0,-64.0,0.0,0,320.88,0.0,1,5.45,6.09,SPY200930P00295000,295.0,0,0.0,0.0,,0.0,normalDay
2020-07-27,-174.0,23.0,0.0,0,323.22,0.0,1,5.45,5.22,SPY200930P00295000,295.0,0,0.0,0.0,,0.0,normalDay
2020-07-28,-174.0,-19.0,0.0,0,321.17,0.0,1,5.45,5.64,SPY200930P00295000,295.0,0,0.0,0.0,,0.0,normalDay
2020-07-29,-174.0,77.0,0.0,0,325.12,0.0,1,5.45,4.68,SPY200930P00295000,295.0,0,0.0,0.0,,0.0,normalDay
2020-07-30,-174.0,40.0,0.0,0,323.96,0.0,1,5.45,5.05,SPY200930P00295000,295.0,0,0.0,0.0,,0.0,normalDay
2020-07-31,-174.0,106.0,0.0,0,326.52,0.0,1,5.45,4.39,SPY200930P00295000,295.0,0,0.0,0.0,,0.0,normalDay
2020-08-03,-174.0,153.0,0.0,0,328.79,0.0,1,5.45,3.92,SPY200930P00295000,295.0,0,0.0,0.0,,0.0,normalDay
2020-08-04,-174.0,190.0,0.0,0,330.06,0.0,1,5.45,3.55,SPY200930P00295000,295.0,0,0.0,0.0,,0.0,normalDay
2020-08-05,-174.0,235.0,0.0,0,332.11,0.0,1,5.45,3.1,SPY200930P00295000,295.0,0,0.0,0.0,,0.0,normalDay
2020-08-06,-174.0,266.0,0.0,0,334.33,0.0,1,5.45,2.79,SPY200930P00295000,295.0,0,0.0,0.0,,0.0,normalDay
2020-08-07,-174.0,274.0,0.0,0,334.57,0.0,1,5.45,2.71,SPY200930P00295000,295.0,0,0.0,0.0,,0.0,normalDay
2020-08-10,-174.0,302.0,0.0,0,335.57,0.0,1,5.45,2.43,SPY200930P00295000,295.0,0,0.0,0.0,,0.0,normalDay
2020-08-11,-174.0,246.0,0.0,0,332.8,0.0,1,5.45,2.99,SPY200930P00295000,295.0,0,0.0,0.0,,0.0,normalDay
2020-08-12,-174.0,323.0,0.0,0,337.44,0.0,1,5.45,2.22,SPY200930P00295000,295.0,0,0.0,0.0,,0.0,normalDay
2020-08-13,-174.0,322.0,0.0,0,336.83,0.0,1,5.45,2.23,SPY200930P00295000,295.0,0,0.0,0.0,,0.0,normalDay
2020-08-14,-174.0,334.0,0.0,0,336.84,0.0,1,5.45,2.11,SPY200930P00295000,295.0,0,0.0,0.0,,0.0,normalDay
2020-08-17,-174.0,370.0,0.0,0,337.91,0.0,1,5.45,1.75,SPY200930P00295000,295.0,0,0.0,0.0,,0.0,normalDay
2020-08-18,-174.0,380.0,0.0,0,338.64,0.0,1,5.45,1.65,SPY200930P00295000,295.0,0,0.0,0.0,,0.0,normalDay
2020-08-19,-174.0,365.0,0.0,0,337.23,0.0,1,5.45,1.8,SPY200930P00295000,295.0,0,0.0,0.0,,0.0,normalDay
2020-08-20,-174.0,376.0,0.0,0,338.28,0.0,1,5.45,1.69,SPY200930P00295000,295.0,0,0.0,0.0,,0.0,normalDay
2020-08-21,-174.0,393.0,0.0,0,339.48,0.0,1,5.45,1.52,SPY200930P00295000,295.0,0,0.0,0.0,,0.0,normalDay
2020-08-24,-174.0,422.0,0.0,0,342.92,0.0,1,5.45,1.23,SPY200930P00295000,295.0,0,0.0,0.0,,0.0,normalDay
2020-08-25,-174.0,438.0,0.0,0,344.12,0.0,1,5.45,1.07,SPY200930P00295000,295.0,0,0.0,0.0,,0.0,normalDay
2020-08-26,-174.0,442.0,0.0,0,347.57,0.0,1,5.45,1.03,SPY200930P00295000,295.0,0,0.0,0.0,,0.0,normalDay
2020-08-27,-174.0,437.0,0.0,0,348.33,0.0,1,5.45,1.08,SPY200930P00295000,295.0,0,0.0,0.0,,0.0,normalDay
2020-08-28,-174.0,461.0,0.0,0,350.58,0.0,1,5.45,0.84,SPY200930P00295000,295.0,0,0.0,0.0,,0.0,normalDay
2020-08-31,-174.0,440.0,0.0,0,349.31,0.0,1,5.45,1.05,SPY200930P00295000,295.0,0,0.0,0.0,,0.0,normalDay
2020-09-01,-174.0,452.0,0.0,0,352.6,0.0,1,5.45,0.93,SPY200930P00295000,295.0,0,0.0,0.0,,0.0,normalDay
2020-09-02,-174.0,470.0,0.0,0,357.7,0.0,1,5.45,0.75,SPY200930P00295000,295.0,0,0.0,0.0,,0.0,normalDay
2020-09-03,-174.0,384.0,0.0,0,345.39,0.0,1,5.45,1.61,SPY200930P00295000,295.0,0,0.0,0.0,,0.0,normalDay
2020-09-04,-174.0,398.0,0.0,0,342.57,0.0,1,5.45,1.47,SPY200930P00295000,295.0,0,0.0,0.0,,0.0,normalDay
2020-09-08,-174.0,383.0,0.0,0,333.21,0.0,1,5.45,1.62,SPY200930P00295000,295.0,0,0.0,0.0,,0.0,normalDay
2020-09-09,-174.0,448.0,0.0,0,339.79,0.0,1,5.45,0.97,SPY200930P00295000,295.0,0,0.0,0.0,,0.0,normalDay
2020-09-10,-174.0,426.0,0.0,0,333.89,0.0,1,5.45,1.19,SPY200930P00295000,295.0,0,0.0,0.0,,0.0,normalDay
2020-09-11,-174.0,469.0,0.0,0,334.06,0.0,1,5.45,0.76,SPY200930P00295000,295.0,0,0.0,0.0,,0.0,normalDay
2020-09-14,-174.0,506.0,0.0,0,338.46,0.0,1,5.45,0.39,SPY200930P00295000,295.0,0,0.0,0.0,,0.0,normalDay
2020-09-15,-174.0,511.0,0.0,0,340.17,0.0,1,5.45,0.34,SPY200930P00295000,295.0,0,0.0,0.0,,0.0,normalDay
2020-09-16,-174.0,511.0,0.0,0,338.82,0.0,1,5.45,0.34,SPY200930P00295000,295.0,0,0.0,0.0,,0.0,normalDay
2020-09-17,-174.0,511.0,0.0,0,335.84,0.0,1,5.45,0.34,SPY200930P00295000,295.0,0,0.0,0.0,,0.0,normalDay
2020-09-18,-174.0,515.0,0.0,0,330.65,0.0,1,5.45,0.3,SPY200930P00295000,295.0,0,0.0,0.0,,0.0,normalDay
2020-09-21,-174.0,519.0,0.0,0,326.97,0.0,1,5.45,0.26,SPY200930P00295000,295.0,0,0.0,0.0,,0.0,normalDay
2020-09-22,-174.0,532.0,0.0,0,330.3,0.0,1,5.45,0.13,SPY200930P00295000,295.0,0,0.0,0.0,,0.0,normalDay
2020-09-23,-174.0,522.0,0.0,0,322.64,0.0,1,5.45,0.23,SPY200930P00295000,295.0,0,0.0,0.0,,0.0,normalDay
2020-09-24,-174.0,530.0,0.0,0,323.5,0.0,1,5.45,0.15,SPY200930P00295000,295.0,0,0.0,0.0,,0.0,normalDay
2020-09-25,-174.0,541.0,0.0,0,328.73,0.0,1,5.45,0.04,SPY200930P00295000,295.0,0,0.0,0.0,,0.0,normalDay
2020-09-28,-174.0,543.0,0.0,0,334.19,0.0,1,5.45,0.02,SPY200930P00295000,295.0,0,0.0,0.0,,0.0,normalDay
2020-09-29,-174.0,544.0,0.0,0,332.37,0.0,1,5.45,0.01,SPY200930P00295000,295.0,0,0.0,0.0,,0.0,normalDay
2020-09-30,371.0,0.0,545.0,0,334.89,0.0,1,5.45,0.0,SPY200930P00295000,295.0,0,0.0,0.0,,0.0,expirationDay
2020-10-01,371.0,-6.0,0.0,0,337.04,0.0,1,10.77,10.83,SPY201218P00317000,317.0,0,0.0,0.0,,0.0,normalDay
2020-10-02,371.0,-112.0,0.0,0,333.84,0.0,1,10.77,11.89,SPY201218P00317000,317.0,0,0.0,0.0,,0.0,normalDay
2020-10-05,371.0,102.0,0.0,0,339.76,0.0,1,10.77,9.75,SPY201218P00317000,317.0,0,0.0,0.0,,0.0,normalDay
2020-10-06,371.0,-7.0,0.0,0,334.93,0.0,1,10.77,10.84,SPY201218P00317000,317.0,0,0.0,0.0,,0.0,normalDay
2020-10-07,371.0,193.0,0.0,0,340.76,0.0,1,10.77,8.84,SPY201218P00317000,317.0,0,0.0,0.0,,0.0,normalDay
2020-10-08,371.0,322.0,0.0,0,343.78,0.0,1,10.77,7.55,SPY201218P00317000,317.0,0,0.0,0.0,,0.0,normalDay
2020-10-09,371.0,451.0,0.0,0,346.85,0.0,1,10.77,6.26,SPY201218P00317000,317.0,0,0.0,0.0,,0.0,normalDay
2020-10-12,371.0,555.0,0.0,0,352.43,0.0,1,10.77,5.22,SPY201218P00317000,317.0,0,0.0,0.0,,0.0,normalDay
2020-10-13,371.0,512.0,0.0,0,350.13,0.0,1,10.77,5.65,SPY201218P00317000,317.0,0,0.0,0.0,,0.0,normalDay
2020-10-14,371.0,488.0,0.0,0,347.93,0.0,1,10.77,5.89,SPY201218P00317000,317.0,0,0.0,0.0,,0.0,normalDay
2020-10-15,371.0,474.0,0.0,0,347.5,0.0,1,10.77,6.03,SPY201218P00317000,317.0,0,0.0,0.0,,0.0,normalDay
2020-10-16,371.0,448.0,0.0,0,347.29,0.0,1,10.77,6.29,SPY201218P00317000,317.0,0,0.0,0.0,,0.0,normalDay
2020-10-19,371.0,346.0,0.0,0,342.01,0.0,1,10.77,7.31,SPY201218P00317000,317.0,0,0.0,0.0,,0.0,normalDay
2020-10-20,371.0,364.0,0.0,0,343.38,0.0,1,10.77,7.13,SPY201218P00317000,317.0,0,0.0,0.0,,0.0,normalDay
2020-10-21,371.0,412.0,0.0,0,342.73,0.0,1,10.77,6.65,SPY201218P00317000,317.0,0,0.0,0.0,,0.0,normalDay
2020-10-22,371.0,454.0,0.0,0,344.61,0.0,1,10.77,6.23,SPY201218P00317000,317.0,0,0.0,0.0,,0.0,normalDay
2020-10-23,371.0,486.0,0.0,0,345.78,0.0,1,10.77,5.91,SPY201218P00317000,317.0,0,0.0,0.0,,0.0,normalDay
2020-10-26,371.0,275.0,0.0,0,339.39,0.0,1,10.77,8.02,SPY201218P00317000,317.0,0,0.0,0.0,,0.0,normalDay
2020-10-27,371.0,245.0,0.0,0,338.22,0.0,1,10.77,8.32,SPY201218P00317000,317.0,0,0.0,0.0,,0.0,normalDay
2020-10-28,371.0,-296.0,0.0,0,326.66,0.0,1,10.77,13.73,SPY201218P00317000,317.0,0,0.0,0.0,,0.0,normalDay
2020-10-29,371.0,-25.0,0.0,0,329.98,0.0,1,10.77,11.02,SPY201218P00317000,317.0,0,0.0,0.0,,0.0,normalDay
2020-10-30,371.0,-148.0,0.0,0,326.54,0.0,1,10.77,12.25,SPY201218P00317000,317.0,0,0.0,0.0,,0.0,normalDay
2020-11-02,371.0,46.0,0.0,0,330.2,0.0,1,10.77,10.31,SPY201218P00317000,317.0,0,0.0,0.0,,0.0,normalDay
2020-11-03,371.0,238.0,0.0,0,336.03,0.0,1,10.77,8.39,SPY201218P00317000,317.0,0,0.0,0.0,,0.0,normalDay
2020-11-04,371.0,551.0,0.0,0,343.54,0.0,1,10.77,5.26,SPY201218P00317000,317.0,0,0.0,0.0,,0.0,normalDay
2020-11-05,371.0,679.0,0.0,0,350.24,0.0,1,10.77,3.98,SPY201218P00317000,317.0,0,0.0,0.0,,0.0,normalDay
2020-11-06,371.0,754.0,0.0,0,350.16,0.0,1,10.77,3.23,SPY201218P00317000,317.0,0,0.0,0.0,,0.0,normalDay
2020-11-09,371.0,830.0,0.0,0,354.56,0.0,1,10.77,2.47,SPY201218P00317000,317.0,0,0.0,0.0,,0.0,normalDay
2020-11-10,371.0,849.0,0.0,0,354.04,0.0,1,10.77,2.28,SPY201218P00317000,317.0,0,0.0,0.0,,0.0,normalDay
2020-11-11,371.0,890.0,0.0,0,356.67,0.0,1,10.77,1.87,SPY201218P00317000,317.0,0,0.0,0.0,,0.0,normalDay
2020-11-12,371.0,838.0,0.0,0,353.21,0.0,1,10.77,2.39,SPY201218P00317000,317.0,0,0.0,0.0,,0.0,normalDay
2020-11-13,371.0,914.0,0.0,0,358.1,0.0,1,10.77,1.63,SPY201218P00317000,317.0,0,0.0,0.0,,0.0,normalDay
2020-11-16,371.0,960.0,0.0,0,362.57,0.0,1,10.77,1.17,SPY201218P00317000,317.0,0,0.0,0.0,,0.0,normalDay
2020-11-17,371.0,956.0,0.0,0,360.62,0.0,1,10.77,1.21,SPY201218P00317000,317.0,0,0.0,0.0,,0.0,normalDay
2020-11-18,371.0,932.0,0.0,0,356.28,0.0,1,10.77,1.45,SPY201218P00317000,317.0,0,0.0,0.0,,0.0,normalDay
2020-11-19,371.0,956.0,0.0,0,357.78,0.0,1,10.77,1.21,SPY201218P00317000,317.0,0,0.0,0.0,,0.0,normalDay
2020-11-20,371.0,946.0,0.0,0,355.33,0.0,1,10.77,1.31,SPY201218P00317000,317.0,0,0.0,0.0,,0.0,normalDay
2020-11-23,371.0,977.0,0.0,0,357.46,0.0,1,10.77,1.0,SPY201218P00317000,317.0,0,0.0,0.0,,0.0,normalDay
2020-11-24,371.0,1011.0,0.0,0,363.22,0.0,1,10.77,0.66,SPY201218P00317000,317.0,0,0.0,0.0,,0.0,normalDay
2020-11-25,371.0,1015.0,0.0,0,362.66,0.0,1,10.77,0.62,SPY201218P00317000,317.0,0,0.0,0.0,,0.0,normalDay
2020-11-27,371.0,1027.0,0.0,0,363.67,0.0,1,10.77,0.5,SPY201218P00317000,317.0,0,0.0,0.0,,0.0,normalDay
2020-11-30,371.0,1035.0,0.0,0,362.06,0.0,1,10.77,0.42,SPY201218P00317000,317.0,0,0.0,0.0,,0.0,normalDay
2020-12-01,371.0,1040.0,0.0,0,366.02,0.0,1,10.77,0.37,SPY201218P00317000,317.0,0,0.0,0.0,,0.0,normalDay
2020-12-02,371.0,1042.0,0.0,0,366.79,0.0,1,10.77,0.35,SPY201218P00317000,317.0,0,0.0,0.0,,0.0,normalDay
2020-12-03,371.0,1043.0,0.0,0,366.69,0.0,1,10.77,0.34,SPY201218P00317000,317.0,0,0.0,0.0,,0.0,normalDay
2020-12-04,371.0,1055.0,0.0,0,369.85,0.0,1,10.77,0.22,SPY201218P00317000,317.0,0,0.0,0.0,,0.0,normalDay
2020-12-07,371.0,1062.0,0.0,0,369.09,0.0,1,10.77,0.15,SPY201218P00317000,317.0,0,0.0,0.0,,0.0,normalDay
2020-12-08,371.0,1065.0,0.0,0,370.17,0.0,1,10.77,0.12,SPY201218P00317000,317.0,0,0.0,0.0,,0.0,normalDay
2020-12-09,371.0,1060.0,0.0,0,366.85,0.0,1,10.77,0.17,SPY201218P00317000,317.0,0,0.0,0.0,,0.0,normalDay
2020-12-10,371.0,1063.0,0.0,0,366.73,0.0,1,10.77,0.14,SPY201218P00317000,317.0,0,0.0,0.0,,0.0,normalDay
2020-12-11,371.0,1061.0,0.0,0,366.3,0.0,1,10.77,0.16,SPY201218P00317000,317.0,0,0.0,0.0,,0.0,normalDay
2020-12-14,371.0,1059.0,0.0,0,364.66,0.0,1,10.77,0.18,SPY201218P00317000,317.0,0,0.0,0.0,,0.0,normalDay
2020-12-15,371.0,1069.0,0.0,0,369.59,0.0,1,10.77,0.08,SPY201218P00317000,317.0,0,0.0,0.0,,0.0,normalDay
2020-12-16,371.0,1073.0,0.0,0,370.17,0.0,1,10.77,0.04,SPY201218P00317000,317.0,0,0.0,0.0,,0.0,normalDay
2020-12-17,371.0,1075.0,0.0,0,372.24,0.0,1,10.77,0.02,SPY201218P00317000,317.0,0,0.0,0.0,,0.0,normalDay
2020-12-18,1448.0,0.0,1077.0,0,369.18,0.0,1,10.77,0.0,SPY201218P00317000,317.0,0,0.0,0.0,,0.0,expirationDay
2020-12-21,1448.0,-7.0,0.0,0,367.86,0.0,1,8.72,8.79,SPY210219P00357000,357.0,0,0.0,0.0,,0.0,normalDay
2020-12-22,1448.0,10.0,0.0,0,367.24,0.0,1,8.72,8.62,SPY210219P00357000,357.0,0,0.0,0.0,,0.0,normalDay
2020-12-23,1448.0,73.0,0.0,0,367.57,0.0,1,8.72,7.99,SPY210219P00357000,357.0,0,0.0,0.0,,0.0,normalDay
2020-12-24,1448.0,169.0,0.0,0,369.0,0.0,1,8.72,7.03,SPY210219P00357000,357.0,0,0.0,0.0,,0.0,normalDay
2020-12-28,1448.0,287.0,0.0,0,372.17,0.0,1,8.72,5.85,SPY210219P00357000,357.0,0,0.0,0.0,,0.0,normalDay
2020-12-29,1448.0,221.0,0.0,0,371.46,0.0,1,8.72,6.51,SPY210219P00357000,357.0,0,0.0,0.0,,0.0,normalDay
2020-12-30,1448.0,267.0,0.0,0,371.99,0.0,1,8.72,6.05,SPY210219P00357000,357.0,0,0.0,0.0,,0.0,normalDay
2020-12-31,1448.0,323.0,0.0,0,373.88,0.0,1,8.72,5.49,SPY210219P00357000,357.0,0,0.0,0.0,,0.0,normalDay
2021-01-04,1448.0,137.0,0.0,0,368.79,0.0,1,8.72,7.35,SPY210219P00357000,357.0,0,0.0,0.0,,0.0,normalDay
2021-01-05,1448.0,243.0,0.0,0,371.33,0.0,1,8.72,6.29,SPY210219P00357000,357.0,0,0.0,0.0,,0.0,normalDay
2021-01-06,1448.0,289.0,0.0,0,373.55,0.0,1,8.72,5.83,SPY210219P00357000,357.0,0,0.0,0.0,,0.0,normalDay
2021-01-07,1448.0,478.0,0.0,0,379.1,0.0,1,8.72,3.94,SPY210219P00357000,357.0,0,0.0,0.0,,0.0,normalDay
2021-01-08,1448.0,528.0,0.0,0,381.26,0.0,1,8.72,3.44,SPY210219P00357000,357.0,0,0.0,0.0,,0.0,normalDay
2021-01-11,1448.0,453.0,0.0,0,378.69,0.0,1,8.72,4.19,SPY210219P00357000,357.0,0,0.0,0.0,,0.0,normalDay
2021-01-12,1448.0,482.0,0.0,0,378.77,0.0,1,8.72,3.9,SPY210219P00357000,357.0,0,0.0,0.0,,0.0,normalDay
2021-01-13,1448.0,541.0,0.0,0,379.79,0.0,1,8.72,3.31,SPY210219P00357000,357.0,0,0.0,0.0,,0.0,normalDay
2021-01-14,1448.0,507.0,0.0,0,378.46,0.0,1,8.72,3.65,SPY210219P00357000,357.0,0,0.0,0.0,,0.0,normalDay
2021-01-15,1448.0,431.0,0.0,0,375.7,0.0,1,8.72,4.41,SPY210219P00357000,357.0,0,0.0,0.0,,0.0,normalDay
2021-01-19,1448.0,547.0,0.0,0,378.65,0.0,1,8.72,3.25,SPY210219P00357000,357.0,0,0.0,0.0,,0.0,normalDay
2021-01-20,1448.0,649.0,0.0,0,383.89,0.0,1,8.72,2.23,SPY210219P00357000,357.0,0,0.0,0.0,,0.0,normalDay
2021-01-21,1448.0,667.0,0.0,0,384.24,0.0,1,8.72,2.05,SPY210219P00357000,357.0,0,0.0,0.0,,0.0,normalDay
2021-01-22,1448.0,657.0,0.0,0,382.88,0.0,1,8.72,2.15,SPY210219P00357000,357.0,0,0.0,0.0,,0.0,normalDay
2021-01-25,1448.0,675.0,0.0,0,384.39,0.0,1,8.72,1.97,SPY210219P00357000,357.0,0,0.0,0.0,,0.0,normalDay
2021-01-26,1448.0,690.0,0.0,0,383.79,0.0,1,8.72,1.82,SPY210219P00357000,357.0,0,0.0,0.0,,0.0,normalDay
2021-01-27,1448.0,346.0,0.0,0,374.41,0.0,1,8.72,5.26,SPY210219P00357000,357.0,0,0.0,0.0,,0.0,normalDay
2021-01-28,1448.0,506.0,0.0,0,377.63,0.0,1,8.72,3.66,SPY210219P00357000,357.0,0,0.0,0.0,,0.0,normalDay
2021-01-29,1448.0,243.0,0.0,0,370.07,0.0,1,8.72,6.29,SPY210219P00357000,357.0,0,0.0,0.0,,0.0,normalDay
2021-02-01,1448.0,536.0,0.0,0,376.23,0.0,1,8.72,3.36,SPY210219P00357000,357.0,0,0.0,0.0,,0.0,normalDay
2021-02-02,1448.0,715.0,0.0,0,381.55,0.0,1,8.72,1.57,SPY210219P00357000,357.0,0,0.0,0.0,,0.0,normalDay
2021-02-03,1448.0,763.0,0.0,0,381.85,0.0,1,8.72,1.09,SPY210219P00357000,357.0,0,0.0,0.0,,0.0,normalDay
2021-02-04,1448.0,808.0,0.0,0,386.19,0.0,1,8.72,0.64,SPY210219P00357000,357.0,0,0.0,0.0,,0.0,normalDay
2021-02-05,1448.0,833.0,0.0,0,387.71,0.0,1,8.72,0.39,SPY210219P00357000,357.0,0,0.0,0.0,,0.0,normalDay
2021-02-08,1448.0,848.0,0.0,0,390.51,0.0,1,8.72,0.24,SPY210219P00357000,357.0,0,0.0,0.0,,0.0,normalDay
2021-02-09,1448.0,849.0,0.0,0,390.25,0.0,1,8.72,0.23,SPY210219P00357000,357.0,0,0.0,0.0,,0.0,normalDay
2021-02-10,1448.0,848.0,0.0,0,390.08,0.0,1,8.72,0.24,SPY210219P00357000,357.0,0,0.0,0.0,,0.0,normalDay
2021-02-11,1448.0,856.0,0.0,0,390.71,0.0,1,8.72,0.16,SPY210219P00357000,357.0,0,0.0,0.0,,0.0,normalDay
2021-02-12,1448.0,864.0,0.0,0,392.64,0.0,1,8.72,0.08,SPY210219P00357000,357.0,0,0.0,0.0,,0.0,normalDay
2021-02-16,1448.0,864.0,0.0,0,392.3,0.0,1,8.72,0.08,SPY210219P00357000,357.0,0,0.0,0.0,,0.0,normalDay
2021-02-17,1448.0,868.0,0.0,0,392.39,0.0,1,8.72,0.04,SPY210219P00357000,357.0,0,0.0,0.0,,0.0,normalDay
2021-02-18,1448.0,870.0,0.0,0,390.72,0.0,1,8.72,0.02,SPY210219P00357000,357.0,0,0.0,0.0,,0.0,normalDay
2021-02-19,2320.0,0.0,872.0,0,390.03,0.0,1,8.72,0.0,SPY210219P00357000,357.0,0,0.0,0.0,,0.0,expirationDay
2021-02-22,2320.0,-5.0,0.0,0,387.03,0.0,1,6.41,6.46,SPY210416P00367000,367.0,0,0.0,0.0,,0.0,normalDay
2021-02-23,2320.0,38.0,0.0,0,387.5,0.0,1,6.41,6.03,SPY210416P00367000,367.0,0,0.0,0.0,,0.0,normalDay
2021-02-24,2320.0,173.0,0.0,0,391.77,0.0,1,6.41,4.68,SPY210416P00367000,367.0,0,0.0,0.0,,0.0,normalDay
2021-02-25,2320.0,-183.0,0.0,0,382.33,0.0,1,6.41,8.24,SPY210416P00367000,367.0,0,0.0,0.0,,0.0,normalDay
2021-02-26,2320.0,-191.0,0.0,0,380.36,0.0,1,6.41,8.32,SPY210416P00367000,367.0,0,0.0,0.0,,0.0,normalDay
2021-03-01,2320.0,144.0,0.0,0,389.58,0.0,1,6.41,4.97,SPY210416P00367000,367.0,0,0.0,0.0,,0.0,normalDay
2021-03-02,2320.0,67.0,0.0,0,386.54,0.0,1,6.41,5.74,SPY210416P00367000,367.0,0,0.0,0.0,,0.0,normalDay
2021-03-03,2320.0,-76.0,0.0,0,381.42,0.0,1,6.41,7.17,SPY210416P00367000,367.0,0,0.0,0.0,,0.0,normalDay
2021-03-04,2320.0,-241.0,0.0,0,376.7,0.0,1,6.41,8.82,SPY210416P00367000,367.0,0,0.0,0.0,,0.0,normalDay
2021-03-05,2320.0,40.0,0.0,0,383.63,0.0,1,6.41,6.01,SPY210416P00367000,367.0,0,0.0,0.0,,0.0,normalDay
2021-03-08,2320.0,9.0,0.0,0,381.72,0.0,1,6.41,6.32,SPY210416P00367000,367.0,0,0.0,0.0,,0.0,normalDay
2021-03-09,2320.0,171.0,0.0,0,387.17,0.0,1,6.41,4.7,SPY210416P00367000,367.0,0,0.0,0.0,,0.0,normalDay
2021-03-10,2320.0,262.0,0.0,0,389.58,0.0,1,6.41,3.79,SPY210416P00367000,367.0,0,0.0,0.0,,0.0,normalDay
2021-03-11,2320.0,331.0,0.0,0,393.53,0.0,1,6.41,3.1,SPY210416P00367000,367.0,0,0.0,0.0,,0.0,normalDay
2021-03-12,2320.0,385.0,0.0,0,394.06,0.0,1,6.41,2.56,SPY210416P00367000,367.0,0,0.0,0.0,,0.0,normalDay
2021-03-15,2320.0,445.0,0.0,0,396.41,0.0,1,6.41,1.96,SPY210416P00367000,367.0,0,0.0,0.0,,0.0,normalDay
2021-03-16,2320.0,446.0,0.0,0,395.91,0.0,1,6.41,1.95,SPY210416P00367000,367.0,0,0.0,0.0,,0.0,normalDay
2021-03-17,2320.0,479.0,0.0,0,397.26,0.0,1,6.41,1.62,SPY210416P00367000,367.0,0,0.0,0.0,,0.0,normalDay
2021-03-18,2320.0,411.0,0.0,0,391.48,0.0,1,6.41,2.3,SPY210416P00367000,367.0,0,0.0,0.0,,0.0,normalDay
2021-03-19,2320.0,407.0,0.0,0,389.48,0.0,1,6.41,2.34,SPY210416P00367000,367.0,0,0.0,0.0,,0.0,normalDay
2021-03-22,2320.0,503.0,0.0,0,392.59,0.0,1,6.41,1.38,SPY210416P00367000,367.0,0,0.0,0.0,,0.0,normalDay
2021-03-23,2320.0,456.0,0.0,0,389.5,0.0,1,6.41,1.85,SPY210416P00367000,367.0,0,0.0,0.0,,0.0,normalDay
2021-03-24,2320.0,433.0,0.0,0,387.52,0.0,1,6.41,2.08,SPY210416P00367000,367.0,0,0.0,0.0,,0.0,normalDay
2021-03-25,2320.0,487.0,0.0,0,389.7,0.0,1,6.41,1.54,SPY210416P00367000,367.0,0,0.0,0.0,,0.0,normalDay
2021-03-26,2320.0,542.0,0.0,0,395.98,0.0,1,6.41,0.99,SPY210416P00367000,367.0,0,0.0,0.0,,0.0,normalDay
2021-03-29,2320.0,534.0,0.0,0,395.78,0.0,1,6.41,1.07,SPY210416P00367000,367.0,0,0.0,0.0,,0.0,normalDay
2021-03-30,2320.0,555.0,0.0,0,394.73,0.0,1,6.41,0.86,SPY210416P00367000,367.0,0,0.0,0.0,,0.0,normalDay
2021-03-31,2320.0,579.0,0.0,0,396.33,0.0,1,6.41,0.62,SPY210416P00367000,367.0,0,0.0,0.0,,0.0,normalDay
2021-04-01,2320.0,612.0,0.0,0,400.61,0.0,1,6.41,0.29,SPY210416P00367000,367.0,0,0.0,0.0,,0.0,normalDay
2021-04-05,2320.0,623.0,0.0,0,406.36,0.0,1,6.41,0.18,SPY210416P00367000,367.0,0,0.0,0.0,,0.0,normalDay
2021-04-06,2320.0,624.0,0.0,0,406.12,0.0,1,6.41,0.17,SPY210416P00367000,367.0,0,0.0,0.0,,0.0,normalDay
2021-04-07,2320.0,632.0,0.0,0,406.59,0.0,1,6.41,0.09,SPY210416P00367000,367.0,0,0.0,0.0,,0.0,normalDay
2021-04-08,2320.0,633.0,0.0,0,408.52,0.0,1,6.41,0.08,SPY210416P00367000,367.0,0,0.0,0.0,,0.0,normalDay
2021-04-09,2320.0,637.0,0.0,0,411.49,0.0,1,6.41,0.04,SPY210416P00367000,367.0,0,0.0,0.0,,0.0,normalDay
2021-04-12,2320.0,639.0,0.0,0,411.64,0.0,1,6.41,0.02,SPY210416P00367000,367.0,0,0.0,0.0,,0.0,normalDay
2021-04-13,2320.0,639.0,0.0,0,412.86,0.0,1,6.41,0.02,SPY210416P00367000,367.0,0,0.0,0.0,,0.0,normalDay
2021-04-14,2320.0,639.0,0.0,0,411.45,0.0,1,6.41,0.02,SPY210416P00367000,367.0,0,0.0,0.0,,0.0,normalDay
2021-04-15,2320.0,640.0,0.0,0,415.87,0.0,1,6.41,0.01,SPY210416P00367000,367.0,0,0.0,0.0,,0.0,normalDay
2021-04-16,2961.0,0.0,641.0,0,417.26,0.0,1,6.41,0.0,SPY210416P00367000,367.0,0,0.0,0.0,,0.0,expirationDay
2021-04-19,2961.0,-4.0,0.0,0,415.21,0.0,1,3.7,3.74,SPY210630P00376000,376.0,0,0.0,0.0,,0.0,normalDay
2021-04-20,2961.0,-71.0,0.0,0,412.17,0.0,1,3.7,4.41,SPY210630P00376000,376.0,0,0.0,0.0,,0.0,normalDay
2021-04-21,2961.0,13.0,0.0,0,416.07,0.0,1,3.7,3.57,SPY210630P00376000,376.0,0,0.0,0.0,,0.0,normalDay
2021-04-22,2961.0,-66.0,0.0,0,412.27,0.0,1,3.7,4.36,SPY210630P00376000,376.0,0,0.0,0.0,,0.0,normalDay
2021-04-23,2961.0,30.0,0.0,0,416.74,0.0,1,3.7,3.4,SPY210630P00376000,376.0,0,0.0,0.0,,0.0,normalDay
2021-04-26,2961.0,55.0,0.0,0,417.61,0.0,1,3.7,3.15,SPY210630P00376000,376.0,0,0.0,0.0,,0.0,normalDay
2021-04-27,2961.0,64.0,0.0,0,417.52,0.0,1,3.7,3.06,SPY210630P00376000,376.0,0,0.0,0.0,,0.0,normalDay
2021-04-28,2961.0,83.0,0.0,0,417.4,0.0,1,3.7,2.87,SPY210630P00376000,376.0,0,0.0,0.0,,0.0,normalDay
2021-04-29,2961.0,95.0,0.0,0,420.06,0.0,1,3.7,2.75,SPY210630P00376000,376.0,0,0.0,0.0,,0.0,normalDay
2021-04-30,2961.0,59.0,0.0,0,417.3,0.0,1,3.7,3.11,SPY210630P00376000,376.0,0,0.0,0.0,,0.0,normalDay
2021-05-03,2961.0,90.0,0.0,0,418.2,0.0,1,3.7,2.8,SPY210630P00376000,376.0,0,0.0,0.0,,0.0,normalDay
2021-05-04,2961.0,44.0,0.0,0,415.62,0.0,1,3.7,3.26,SPY210630P00376000,376.0,0,0.0,0.0,,0.0,normalDay
2021-05-05,2961.0,60.0,0.0,0,415.75,0.0,1,3.7,3.1,SPY210630P00376000,376.0,0,0.0,0.0,,0.0,normalDay
2021-05-06,2961.0,111.0,0.0,0,419.07,0.0,1,3.7,2.59,SPY210630P00376000,376.0,0,0.0,0.0,,0.0,normalDay
2021-05-07,2961.0,164.0,0.0,0,422.12,0.0,1,3.7,2.06,SPY210630P00376000,376.0,0,0.0,0.0,,0.0,normalDay
2021-05-10,2961.0,105.0,0.0,0,417.94,0.0,1,3.7,2.65,SPY210630P00376000,376.0,0,0.0,0.0,,0.0,normalDay
2021-05-11,2961.0,38.0,0.0,0,414.21,0.0,1,3.7,3.32,SPY210630P00376000,376.0,0,0.0,0.0,,0.0,normalDay
2021-05-12,2961.0,-215.0,0.0,0,405.41,0.0,1,3.7,5.85,SPY210630P00376000,376.0,0,0.0,0.0,,0.0,normalDay
2021-05-13,2961.0,-32.0,0.0,0,410.28,0.0,1,3.7,4.02,SPY210630P00376000,376.0,0,0.0,0.0,,0.0,normalDay
2021-05-14,2961.0,138.0,0.0,0,416.58,0.0,1,3.7,2.32,SPY210630P00376000,376.0,0,0.0,0.0,,0.0,normalDay
2021-05-17,2961.0,125.0,0.0,0,415.52,0.0,1,3.7,2.45,SPY210630P00376000,376.0,0,0.0,0.0,,0.0,normalDay
2021-05-18,2961.0,70.0,0.0,0,411.94,0.0,1,3.7,3.0,SPY210630P00376000,376.0,0,0.0,0.0,,0.0,normalDay
2021-05-19,2961.0,51.0,0.0,0,410.86,0.0,1,3.7,3.19,SPY210630P00376000,376.0,0,0.0,0.0,,0.0,normalDay
2021-05-20,2961.0,127.0,0.0,0,415.28,0.0,1,3.7,2.43,SPY210630P00376000,376.0,0,0.0,0.0,,0.0,normalDay
2021-05-21,2961.0,143.0,0.0,0,414.94,0.0,1,3.7,2.27,SPY210630P00376000,376.0,0,0.0,0.0,,0.0,normalDay
2021-05-24,2961.0,219.0,0.0,0,419.17,0.0,1,3.7,1.51,SPY210630P00376000,376.0,0,0.0,0.0,,0.0,normalDay
2021-05-25,2961.0,218.0,0.0,0,418.24,0.0,1,3.7,1.52,SPY210630P00376000,376.0,0,0.0,0.0,,0.0,normalDay
2021-05-26,2961.0,254.0,0.0,0,419.07,0.0,1,3.7,1.16,SPY210630P00376000,376.0,0,0.0,0.0,,0.0,normalDay
2021-05-27,2961.0,272.0,0.0,0,419.29,0.0,1,3.7,0.98,SPY210630P00376000,376.0,0,0.0,0.0,,0.0,normalDay
2021-05-28,2961.0,273.0,0.0,0,420.04,0.0,1,3.7,0.97,SPY210630P00376000,376.0,0,0.0,0.0,,0.0,normalDay
2021-06-01,2961.0,275.0,0.0,0,419.67,0.0,1,3.7,0.95,SPY210630P00376000,376.0,0,0.0,0.0,,0.0,normalDay
2021-06-02,2961.0,287.0,0.0,0,420.33,0.0,1,3.7,0.83,SPY210630P00376000,376.0,0,0.0,0.0,,0.0,normalDay
2021-06-03,2961.0,281.0,0.0,0,418.77,0.0,1,3.7,0.89,SPY210630P00376000,376.0,0,0.0,0.0,,0.0,normalDay
2021-06-04,2961.0,309.0,0.0,0,422.6,0.0,1,3.7,0.61,SPY210630P00376000,376.0,0,0.0,0.0,,0.0,normalDay
2021-06-07,2961.0,319.0,0.0,0,422.19,0.0,1,3.7,0.51,SPY210630P00376000,376.0,0,0.0,0.0,,0.0,normalDay
2021-06-08,2961.0,315.0,0.0,0,422.28,0.0,1,3.7,0.55,SPY210630P00376000,376.0,0,0.0,0.0,,0.0,normalDay
2021-06-09,2961.0,308.0,0.0,0,421.65,0.0,1,3.7,0.62,SPY210630P00376000,376.0,0,0.0,0.0,,0.0,normalDay
2021-06-10,2961.0,329.0,0.0,0,423.61,0.0,1,3.7,0.41,SPY210630P00376000,376.0,0,0.0,0.0,,0.0,normalDay
2021-06-11,2961.0,334.0,0.0,0,424.31,0.0,1,3.7,0.36,SPY210630P00376000,376.0,0,0.0,0.0,,0.0,normalDay
2021-06-14,2961.0,341.0,0.0,0,425.26,0.0,1,3.7,0.29,SPY210630P00376000,376.0,0,0.0,0.0,,0.0,normalDay
2021-06-15,2961.0,338.0,0.0,0,424.48,0.0,1,3.7,0.32,SPY210630P00376000,376.0,0,0.0,0.0,,0.0,normalDay
2021-06-16,2961.0,332.0,0.0,0,422.11,0.0,1,3.7,0.38,SPY210630P00376000,376.0,0,0.0,0.0,,0.0,normalDay
2021-06-17,2961.0,339.0,0.0,0,421.97,0.0,1,3.7,0.31,SPY210630P00376000,376.0,0,0.0,0.0,,0.0,normalDay
2021-06-18,2961.0,318.0,0.0,0,414.92,0.0,1,3.7,0.52,SPY210630P00376000,376.0,0,0.0,0.0,,0.0,normalDay
2021-06-21,2961.0,351.0,0.0,0,420.86,0.0,1,3.7,0.19,SPY210630P00376000,376.0,0,0.0,0.0,,0.0,normalDay
2021-06-22,2961.0,358.0,0.0,0,423.11,0.0,1,3.7,0.12,SPY210630P00376000,376.0,0,0.0,0.0,,0.0,normalDay
2021-06-23,2961.0,364.0,0.0,0,422.6,0.0,1,3.7,0.06,SPY210630P00376000,376.0,0,0.0,0.0,,0.0,normalDay
2021-06-24,2961.0,365.0,0.0,0,425.1,0.0,1,3.7,0.05,SPY210630P00376000,376.0,0,0.0,0.0,,0.0,normalDay
2021-06-25,2961.0,366.0,0.0,0,426.61,0.0,1,3.7,0.04,SPY210630P00376000,376.0,0,0.0,0.0,,0.0,normalDay
2021-06-28,2961.0,368.0,0.0,0,427.47,0.0,1,3.7,0.02,SPY210630P00376000,376.0,0,0.0,0.0,,0.0,normalDay
2021-06-29,2961.0,369.0,0.0,0,427.7,0.0,1,3.7,0.01,SPY210630P00376000,376.0,0,0.0,0.0,,0.0,normalDay
2021-06-30,3331.0,0.0,370.0,0,428.06,0.0,1,3.7,0.0,SPY210630P00376000,376.0,0,0.0,0.0,,0.0,expirationDay
2021-07-01,3331.0,-4.0,0.0,0,430.43,0.0,1,6.92,6.96,SPY210917P00415000,415.0,0,0.0,0.0,,0.0,normalDay
2021-07-02,3331.0,72.0,0.0,0,433.72,0.0,1,6.92,6.2,SPY210917P00415000,415.0,0,0.0,0.0,,0.0,normalDay
2021-07-06,3331.0,38.0,0.0,0,432.93,0.0,1,6.92,6.54,SPY210917P00415000,415.0,0,0.0,0.0,,0.0,normalDay
2021-07-07,3331.0,64.0,0.0,0,434.46,0.0,1,6.92,6.28,SPY210917P00415000,415.0,0,0.0,0.0,,0.0,normalDay
2021-07-08,3331.0,-78.0,0.0,0,430.92,0.0,1,6.92,7.7,SPY210917P00415000,415.0,0,0.0,0.0,,0.0,normalDay
2021-07-09,3331.0,107.0,0.0,0,435.52,0.0,1,6.92,5.85,SPY210917P00415000,415.0,0,0.0,0.0,,0.0,normalDay
2021-07-12,3331.0,151.0,0.0,0,437.08,0.0,1,6.92,5.41,SPY210917P00415000,415.0,0,0.0,0.0,,0.0,normalDay
2021-07-13,3331.0,87.0,0.0,0,435.59,0.0,1,6.92,6.05,SPY210917P00415000,415.0,0,0.0,0.0,,0.0,normalDay
2021-07-14,3331.0,132.0,0.0,0,436.24,0.0,1,6.92,5.6,SPY210917P00415000,415.0,0,0.0,0.0,,0.0,normalDay
2021-07-15,3331.0,82.0,0.0,0,434.75,0.0,1,6.92,6.1,SPY210917P00415000,415.0,0,0.0,0.0,,0.0,normalDay
2021-07-16,3331.0,-18.0,0.0,0,431.34,0.0,1,6.92,7.1,SPY210917P00415000,415.0,0,0.0,0.0,,0.0,normalDay
2021-07-19,3331.0,-280.0,0.0,0,424.97,0.0,1,6.92,9.72,SPY210917P00415000,415.0,0,0.0,0.0,,0.0,normalDay
2021-07-20,3331.0,-28.0,0.0,0,431.06,0.0,1,6.92,7.2,SPY210917P00415000,415.0,0,0.0,0.0,,0.0,normalDay
2021-07-21,3331.0,120.0,0.0,0,434.55,0.0,1,6.92,5.72,SPY210917P00415000,415.0,0,0.0,0.0,,0.0,normalDay
2021-07-22,3331.0,143.0,0.0,0,435.46,0.0,1,6.92,5.49,SPY210917P00415000,415.0,0,0.0,0.0,,0.0,normalDay
2021-07-23,3331.0,230.0,0.0,0,439.94,0.0,1,6.92,4.62,SPY210917P00415000,415.0,0,0.0,0.0,,0.0,normalDay
2021-07-26,3331.0,268.0,0.0,0,441.02,0.0,1,6.92,4.24,SPY210917P00415000,415.0,0,0.0,0.0,,0.0,normalDay
2021-07-27,3331.0,188.0,0.0,0,439.01,0.0,1,6.92,5.04,SPY210917P00415000,415.0,0,0.0,0.0,,0.0,normalDay
2021-07-28,3331.0,227.0,0.0,0,438.83,0.0,1,6.92,4.65,SPY210917P00415000,415.0,0,0.0,0.0,,0.0,normalDay
2021-07-29,3331.0,291.0,0.0,0,440.65,0.0,1,6.92,4.01,SPY210917P00415000,415.0,0,0.0,0.0,,0.0,normalDay
2021-07-30,3331.0,264.0,0.0,0,438.51,0.0,1,6.92,4.28,SPY210917P00415000,415.0,0,0.0,0.0,,0.0,normalDay
2021-08-02,3331.0,228.0,0.0,0,437.59,0.0,1,6.92,4.64,SPY210917P00415000,415.0,0,0.0,0.0,,0.0,normalDay
2021-08-03,3331.0,327.0,0.0,0,441.15,0.0,1,6.92,3.65,SPY210917P00415000,415.0,0,0.0,0.0,,0.0,normalDay
2021-08-04,3331.0,311.0,0.0,0,438.98,0.0,1,6.92,3.81,SPY210917P00415000,415.0,0,0.0,0.0,,0.0,normalDay
2021-08-05,3331.0,370.0,0.0,0,441.76,0.0,1,6.92,3.22,SPY210917P00415000,415.0,0,0.0,0.0,,0.0,normalDay
2021-08-06,3331.0,413.0,0.0,0,442.49,0.0,1,6.92,2.79,SPY210917P00415000,415.0,0,0.0,0.0,,0.0,normalDay
2021-08-09,3331.0,423.0,0.0,0,442.13,0.0,1,6.92,2.69,SPY210917P00415000,415.0,0,0.0,0.0,,0.0,normalDay
2021-08-10,3331.0,430.0,0.0,0,442.68,0.0,1,6.92,2.62,SPY210917P00415000,415.0,0,0.0,0.0,,0.0,normalDay
2021-08-11,3331.0,463.0,0.0,0,443.78,0.0,1,6.92,2.29,SPY210917P00415000,415.0,0,0.0,0.0,,0.0,normalDay
2021-08-12,3331.0,492.0,0.0,0,445.11,0.0,1,6.92,2.0,SPY210917P00415000,415.0,0,0.0,0.0,,0.0,normalDay
2021-08-13,3331.0,511.0,0.0,0,445.92,0.0,1,6.92,1.81,SPY210917P00415000,415.0,0,0.0,0.0,,0.0,normalDay
2021-08-16,3331.0,524.0,0.0,0,446.97,0.0,1,6.92,1.68,SPY210917P00415000,415.0,0,0.0,0.0,,0.0,normalDay
2021-08-17,3331.0,465.0,0.0,0,444.04,0.0,1,6.92,2.27,SPY210917P00415000,415.0,0,0.0,0.0,,0.0,normalDay
2021-08-18,3331.0,343.0,0.0,0,439.18,0.0,1,6.92,3.49,SPY210917P00415000,415.0,0,0.0,0.0,,0.0,normalDay
2021-08-19,3331.0,355.0,0.0,0,439.86,0.0,1,6.92,3.37,SPY210917P00415000,415.0,0,0.0,0.0,,0.0,normalDay
2021-08-20,3331.0,479.0,0.0,0,443.36,0.0,1,6.92,2.13,SPY210917P00415000,415.0,0,0.0,0.0,,0.0,normalDay
2021-08-23,3331.0,565.0,0.0,0,447.26,0.0,1,6.92,1.27,SPY210917P00415000,415.0,0,0.0,0.0,,0.0,normalDay
2021-08-24,3331.0,574.0,0.0,0,447.97,0.0,1,6.92,1.18,SPY210917P00415000,415.0,0,0.0,0.0,,0.0,normalDay
2021-08-25,3331.0,592.0,0.0,0,448.91,0.0,1,6.92,1.0,SPY210917P00415000,415.0,0,0.0,0.0,,0.0,normalDay
2021-08-26,3331.0,552.0,0.0,0,446.26,0.0,1,6.92,1.4,SPY210917P00415000,415.0,0,0.0,0.0,,0.0,normalDay
2021-08-27,3331.0,613.0,0.0,0,450.25,0.0,1,6.92,0.79,SPY210917P00415000,415.0,0,0.0,0.0,,0.0,normalDay
2021-08-30,3331.0,638.0,0.0,0,452.23,0.0,1,6.92,0.54,SPY210917P00415000,415.0,0,0.0,0.0,,0.0,normalDay
2021-08-31,3331.0,633.0,0.0,0,451.56,0.0,1,6.92,0.59,SPY210917P00415000,415.0,0,0.0,0.0,,0.0,normalDay
2021-09-01,3331.0,644.0,0.0,0,451.8,0.0,1,6.92,0.48,SPY210917P00415000,415.0,0,0.0,0.0,,0.0,normalDay
2021-09-02,3331.0,643.0,0.0,0,453.19,0.0,1,6.92,0.49,SPY210917P00415000,415.0,0,0.0,0.0,,0.0,normalDay
2021-09-03,3331.0,651.0,0.0,0,453.08,0.0,1,6.92,0.41,SPY210917P00415000,415.0,0,0.0,0.0,,0.0,normalDay
2021-09-07,3331.0,655.0,0.0,0,451.46,0.0,1,6.92,0.37,SPY210917P00415000,415.0,0,0.0,0.0,,0.0,normalDay
2021-09-08,3331.0,662.0,0.0,0,450.91,0.0,1,6.92,0.3,SPY210917P00415000,415.0,0,0.0,0.0,,0.0,normalDay
2021-09-09,3331.0,658.0,0.0,0,448.98,0.0,1,6.92,0.34,SPY210917P00415000,415.0,0,0.0,0.0,,0.0,normalDay
2021-09-10,3331.0,621.0,0.0,0,445.44,0.0,1,6.92,0.71,SPY210917P00415000,415.0,0,0.0,0.0,,0.0,normalDay
2021-09-13,3331.0,662.0,0.0,0,446.58,0.0,1,6.92,0.3,SPY210917P00415000,415.0,0,0.0,0.0,,0.0,normalDay
2021-09-14,3331.0,672.0,0.0,0,444.17,0.0,1,6.92,0.2,SPY210917P00415000,415.0,0,0.0,0.0,,0.0,normalDay
2021-09-15,3331.0,684.0,0.0,0,447.88,0.0,1,6.92,0.08,SPY210917P00415000,415.0,0,0.0,0.0,,0.0,normalDay
2021-09-16,3331.0,688.0,0.0,0,447.17,0.0,1,6.92,0.04,SPY210917P00415000,415.0,0,0.0,0.0,,0.0,normalDay
2021-09-17,4023.0,0.0,692.0,0,441.4,0.0,1,6.92,0.0,SPY210917P00415000,415.0,0,0.0,0.0,,0.0,expirationDay
2021-09-20,4023.0,-7.0,0.0,0,434.04,0.0,1,14.15,14.22,SPY211119P00435000,435.0,0,0.0,0.0,,0.0,normalDay
2021-09-21,4023.0,21.0,0.0,0,433.63,0.0,1,14.15,13.94,SPY211119P00435000,435.0,0,0.0,0.0,,0.0,normalDay
2021-09-22,4023.0,320.0,0.0,0,437.86,0.0,1,14.15,10.95,SPY211119P00435000,435.0,0,0.0,0.0,,0.0,normalDay
2021-09-23,4023.0,581.0,0.0,0,443.18,0.0,1,14.15,8.34,SPY211119P00435000,435.0,0,0.0,0.0,,0.0,normalDay
2021-09-24,4023.0,646.0,0.0,0,443.91,0.0,1,14.15,7.69,SPY211119P00435000,435.0,0,0.0,0.0,,0.0,normalDay
2021-09-27,4023.0,602.0,0.0,0,442.64,0.0,1,14.15,8.13,SPY211119P00435000,435.0,0,0.0,0.0,,0.0,normalDay
2021-09-28,4023.0,172.0,0.0,0,433.72,0.0,1,14.15,12.43,SPY211119P00435000,435.0,0,0.0,0.0,,0.0,normalDay
2021-09-29,4023.0,222.0,0.0,0,434.45,0.0,1,14.15,11.93,SPY211119P00435000,435.0,0,0.0,0.0,,0.0,normalDay
2021-09-30,4023.0,-16.0,0.0,0,429.14,0.0,1,14.15,14.31,SPY211119P00435000,435.0,0,0.0,0.0,,0.0,normalDay
2021-10-01,4023.0,280.0,0.0,0,434.24,0.0,1,14.15,11.35,SPY211119P00435000,435.0,0,0.0,0.0,,0.0,normalDay
2021-10-04,4023.0,-6.0,0.0,0,428.64,0.0,1,14.15,14.21,SPY211119P00435000,435.0,0,0.0,0.0,,0.0,normalDay
2021-10-05,4023.0,263.0,0.0,0,433.1,0.0,1,14.15,11.52,SPY211119P00435000,435.0,0,0.0,0.0,,0.0,normalDay
2021-10-06,4023.0,346.0,0.0,0,434.9,0.0,1,14.15,10.69,SPY211119P00435000,435.0,0,0.0,0.0,,0.0,normalDay
2021-10-07,4023.0,569.0,0.0,0,438.66,0.0,1,14.15,8.46,SPY211119P00435000,435.0,0,0.0,0.0,,0.0,normalDay
2021-10-08,4023.0,547.0,0.0,0,437.86,0.0,1,14.15,8.68,SPY211119P00435000,435.0,0,0.0,0.0,,0.0,normalDay
2021-10-11,4023.0,437.0,0.0,0,434.69,0.0,1,14.15,9.78,SPY211119P00435000,435.0,0,0.0,0.0,,0.0,normalDay
2021-10-12,4023.0,398.0,0.0,0,433.62,0.0,1,14.15,10.17,SPY211119P00435000,435.0,0,0.0,0.0,,0.0,normalDay
2021-10-13,4023.0,568.0,0.0,0,435.18,0.0,1,14.15,8.47,SPY211119P00435000,435.0,0,0.0,0.0,,0.0,normalDay
2021-10-14,4023.0,887.0,0.0,0,442.5,0.0,1,14.15,5.28,SPY211119P00435000,435.0,0,0.0,0.0,,0.0,normalDay
2021-10-15,4023.0,986.0,0.0,0,445.87,0.0,1,14.15,4.29,SPY211119P00435000,435.0,0,0.0,0.0,,0.0,normalDay
2021-10-18,4023.0,1042.0,0.0,0,447.19,0.0,1,14.15,3.73,SPY211119P00435000,435.0,0,0.0,0.0,,0.0,normalDay
2021-10-19,4023.0,1131.0,0.0,0,450.64,0.0,1,14.15,2.84,SPY211119P00435000,435.0,0,0.0,0.0,,0.0,normalDay
2021-10-20,4023.0,1158.0,0.0,0,452.41,0.0,1,14.15,2.57,SPY211119P00435000,435.0,0,0.0,0.0,,0.0,normalDay
2021-10-21,4023.0,1193.0,0.0,0,453.59,0.0,1,14.15,2.22,SPY211119P00435000,435.0,0,0.0,0.0,,0.0,normalDay
2021-10-22,4023.0,1179.0,0.0,0,453.12,0.0,1,14.15,2.36,SPY211119P00435000,435.0,0,0.0,0.0,,0.0,normalDay
2021-10-25,4023.0,1232.0,0.0,0,455.55,0.0,1,14.15,1.83,SPY211119P00435000,435.0,0,0.0,0.0,,0.0,normalDay
2021-10-26,4023.0,1232.0,0.0,0,455.96,0.0,1,14.15,1.83,SPY211119P00435000,435.0,0,0.0,0.0,,0.0,normalDay
2021-10-27,4023.0,1193.0,0.0,0,453.94,0.0,1,14.15,2.22,SPY211119P00435000,435.0,0,0.0,0.0,,0.0,normalDay
2021-10-28,4023.0,1255.0,0.0,0,458.32,0.0,1,14.15,1.6,SPY211119P00435000,435.0,0,0.0,0.0,,0.0,normalDay
2021-10-29,4023.0,1274.0,0.0,0,459.25,0.0,1,14.15,1.41,SPY211119P00435000,435.0,0,0.0,0.0,,0.0,normalDay
2021-11-01,4023.0,1305.0,0.0,0,460.04,0.0,1,14.15,1.1,SPY211119P00435000,435.0,0,0.0,0.0,,0.0,normalDay
2021-11-02,4023.0,1325.0,0.0,0,461.9,0.0,1,14.15,0.9,SPY211119P00435000,435.0,0,0.0,0.0,,0.0,normalDay
2021-11-03,4023.0,1359.0,0.0,0,464.72,0.0,1,14.15,0.56,SPY211119P00435000,435.0,0,0.0,0.0,,0.0,normalDay
2021-11-04,4023.0,1366.0,0.0,0,466.91,0.0,1,14.15,0.49,SPY211119P00435000,435.0,0,0.0,0.0,,0.0,normalDay
2021-11-05,4023.0,1372.0,0.0,0,468.53,0.0,1,14.15,0.43,SPY211119P00435000,435.0,0,0.0,0.0,,0.0,normalDay
2021-11-08,4023.0,1380.0,0.0,0,468.93,0.0,1,14.15,0.35,SPY211119P00435000,435.0,0,0.0,0.0,,0.0,normalDay
2021-11-09,4023.0,1382.0,0.0,0,467.38,0.0,1,14.15,0.33,SPY211119P00435000,435.0,0,0.0,0.0,,0.0,normalDay
2021-11-10,4023.0,1378.0,0.0,0,463.62,0.0,1,14.15,0.37,SPY211119P00435000,435.0,0,0.0,0.0,,0.0,normalDay
2021-11-11,4023.0,1394.0,0.0,0,463.77,0.0,1,14.15,0.21,SPY211119P00435000,435.0,0,0.0,0.0,,0.0,normalDay
2021-11-12,4023.0,1405.0,0.0,0,467.27,0.0,1,14.15,0.1,SPY211119P00435000,435.0,0,0.0,0.0,,0.0,normalDay
2021-11-15,4023.0,1411.0,0.0,0,467.43,0.0,1,14.15,0.04,SPY211119P00435000,435.0,0,0.0,0.0,,0.0,normalDay
2021-11-16,4023.0,1411.0,0.0,0,469.28,0.0,1,14.15,0.04,SPY211119P00435000,435.0,0,0.0,0.0,,0.0,normalDay
2021-11-17,4023.0,1412.0,0.0,0,468.14,0.0,1,14.15,0.03,SPY211119P00435000,435.0,0,0.0,0.0,,0.0,normalDay
2021-11-18,4023.0,1413.0,0.0,0,469.73,0.0,1,14.15,0.02,SPY211119P00435000,435.0,0,0.0,0.0,,0.0,normalDay
2021-11-19,5438.0,0.0,1415.0,0,468.89,0.0,1,14.15,0.0,SPY211119P00435000,435.0,0,0.0,0.0,,0.0,expirationDay
2021-11-22,5438.0,-5.0,0.0,0,467.57,0.0,1,7.53,7.58,SPY220121P00451000,451.0,0,0.0,0.0,,0.0,normalDay
2021-11-23,5438.0,23.0,0.0,0,468.19,0.0,1,7.53,7.3,SPY220121P00451000,451.0,0,0.0,0.0,,0.0,normalDay
2021-11-24,5438.0,93.0,0.0,0,469.44,0.0,1,7.53,6.6,SPY220121P00451000,451.0,0,0.0,0.0,,0.0,normalDay
2021-11-26,5438.0,-647.0,0.0,0,458.97,0.0,1,7.53,14.0,SPY220121P00451000,451.0,0,0.0,0.0,,0.0,normalDay
2021-11-29,5438.0,-120.0,0.0,0,464.6,0.0,1,7.53,8.73,SPY220121P00451000,451.0,0,0.0,0.0,,0.0,normalDay
2021-11-30,5438.0,-453.0,0.0,0,455.56,0.0,1,7.53,12.06,SPY220121P00451000,451.0,0,0.0,0.0,,0.0,normalDay
2021-12-01,5438.0,-929.0,0.0,0,450.5,0.0,1,7.53,16.82,SPY220121P00451000,451.0,0,0.0,0.0,,0.0,normalDay
2021-12-02,5438.0,-481.0,0.0,0,457.4,0.0,1,7.53,12.34,SPY220121P00451000,451.0,0,0.0,0.0,,0.0,normalDay
2021-12-03,5438.0,-691.0,0.0,0,453.42,0.0,1,7.53,14.44,SPY220121P00451000,451.0,0,0.0,0.0,,0.0,normalDay
2021-12-06,5438.0,-351.0,0.0,0,458.79,0.0,1,7.53,11.04,SPY220121P00451000,451.0,0,0.0,0.0,,0.0,normalDay
2021-12-07,5438.0,78.0,0.0,0,468.28,0.0,1,7.53,6.75,SPY220121P00451000,451.0,0,0.0,0.0,,0.0,normalDay
2021-12-08,5438.0,179.0,0.0,0,469.52,0.0,1,7.53,5.74,SPY220121P00451000,451.0,0,0.0,0.0,,0.0,normalDay
2021-12-09,5438.0,83.0,0.0,0,466.35,0.0,1,7.53,6.7,SPY220121P00451000,451.0,0,0.0,0.0,,0.0,normalDay
2021-12-10,5438.0,260.0,0.0,0,470.74,0.0,1,7.53,4.93,SPY220121P00451000,451.0,0,0.0,0.0,,0.0,normalDay
2021-12-13,5438.0,152.0,0.0,0,466.57,0.0,1,7.53,6.01,SPY220121P00451000,451.0,0,0.0,0.0,,0.0,normalDay
2021-12-14,5438.0,33.0,0.0,0,463.36,0.0,1,7.53,7.2,SPY220121P00451000,451.0,0,0.0,0.0,,0.0,normalDay
2021-12-15,5438.0,302.0,0.0,0,470.6,0.0,1,7.53,4.51,SPY220121P00451000,451.0,0,0.0,0.0,,0.0,normalDay
2021-12-16,5438.0,201.0,0.0,0,466.45,0.0,1,7.53,5.52,SPY220121P00451000,451.0,0,0.0,0.0,,0.0,normalDay
2021-12-17,5438.0,36.0,0.0,0,459.87,0.0,1,7.53,7.17,SPY220121P00451000,451.0,0,0.0,0.0,,0.0,normalDay
2021-12-20,5438.0,-128.0,0.0,0,454.98,0.0,1,7.53,8.81,SPY220121P00451000,451.0,0,0.0,0.0,,0.0,normalDay
2021-12-21,5438.0,174.0,0.0,0,463.06,0.0,1,7.53,5.79,SPY220121P00451000,451.0,0,0.0,0.0,,0.0,normalDay
2021-12-22,5438.0,370.0,0.0,0,467.69,0.0,1,7.53,3.83,SPY220121P00451000,451.0,0,0.0,0.0,,0.0,normalDay
2021-12-23,5438.0,461.0,0.0,0,470.6,0.0,1,7.53,2.92,SPY220121P00451000,451.0,0,0.0,0.0,,0.0,normalDay
2021-12-27,5438.0,582.0,0.0,0,477.26,0.0,1,7.53,1.71,SPY220121P00451000,451.0,0,0.0,0.0,,0.0,normalDay
2021-12-28,5438.0,595.0,0.0,0,476.87,0.0,1,7.53,1.58,SPY220121P00451000,451.0,0,0.0,0.0,,0.0,normalDay
2021-12-29,5438.0,626.0,0.0,0,477.48,0.0,1,7.53,1.27,SPY220121P00451000,451.0,0,0.0,0.0,,0.0,normalDay
2021-12-30,5438.0,611.0,0.0,0,476.16,0.0,1,7.53,1.42,SPY220121P00451000,451.0,0,0.0,0.0,,0.0,normalDay
2021-12-31,5438.0,620.0,0.0,0,474.96,0.0,1,7.53,1.33,SPY220121P00451000,451.0,0,0.0,0.0,,0.0,normalDay
2022-01-03,5438.0,670.0,0.0,0,477.71,0.0,1,7.53,0.83,SPY220121P00451000,451.0,0,0.0,0.0,,0.0,normalDay
2022-01-04,5438.0,671.0,0.0,0,477.55,0.0,1,7.53,0.82,SPY220121P00451000,451.0,0,0.0,0.0,,0.0,normalDay
2022-01-05,5438.0,537.0,0.0,0,468.38,0.0,1,7.53,2.16,SPY220121P00451000,451.0,0,0.0,0.0,,0.0,normalDay
2022-01-06,5438.0,559.0,0.0,0,467.94,0.0,1,7.53,1.94,SPY220121P00451000,451.0,0,0.0,0.0,,0.0,normalDay
2022-01-07,5438.0,592.0,0.0,0,466.09,0.0,1,7.53,1.61,SPY220121P00451000,451.0,0,0.0,0.0,,0.0,normalDay
2022-01-10,5438.0,588.0,0.0,0,465.51,0.0,1,7.53,1.65,SPY220121P00451000,451.0,0,0.0,0.0,,0.0,normalDay
2022-01-11,5438.0,657.0,0.0,0,469.75,0.0,1,7.53,0.96,SPY220121P00451000,451.0,0,0.0,0.0,,0.0,normalDay
2022-01-12,5438.0,702.0,0.0,0,471.02,0.0,1,7.53,0.51,SPY220121P00451000,451.0,0,0.0,0.0,,0.0,normalDay
2022-01-13,5438.0,611.0,0.0,0,464.53,0.0,1,7.53,1.42,SPY220121P00451000,451.0,0,0.0,0.0,,0.0,normalDay
2022-01-14,5438.0,667.0,0.0,0,464.72,0.0,1,7.53,0.86,SPY220121P00451000,451.0,0,0.0,0.0,,0.0,normalDay
2022-01-18,5438.0,534.0,0.0,0,456.49,0.0,1,7.53,2.19,SPY220121P00451000,451.0,0,0.0,0.0,,0.0,normalDay
2022-01-19,5438.0,476.0,0.0,0,451.75,0.0,1,7.53,2.77,SPY220121P00451000,451.0,0,0.0,0.0,,0.0,normalDay
2022-01-20,5438.0,213.0,0.0,0,446.75,0.0,1,7.53,5.4,SPY220121P00451000,451.0,0,0.0,0.0,,0.0,normalDay
2022-01-21,6191.0,-1302.0,753.0,100,437.98,451.0,1,7.53,0.0,SPY220121P00451000,451.0,0,0.0,0.0,,0.0,expirationDay
2022-01-24,6191.0,-1120.0,0.0,100,439.84,451.0,0,0.0,0.0,,0.0,1,0.47,0.51,SPY220211C00472000,472.0,normalDay
2022-01-25,6191.0,-1631.0,0.0,100,434.47,451.0,0,0.0,0.0,,0.0,1,0.47,0.25,SPY220211C00472000,472.0,normalDay
2022-01-26,6191.0,-1740.0,0.0,100,433.38,451.0,0,0.0,0.0,,0.0,1,0.47,0.25,SPY220211C00472000,472.0,normalDay
2022-01-27,6191.0,-1947.0,0.0,100,431.24,451.0,0,0.0,0.0,,0.0,1,0.47,0.18,SPY220211C00472000,472.0,normalDay
2022-01-28,6191.0,-891.0,0.0,100,441.95,451.0,0,0.0,0.0,,0.0,1,0.47,0.33,SPY220211C00472000,472.0,normalDay
2022-01-31,6191.0,-99.0,0.0,100,449.91,451.0,0,0.0,0.0,,0.0,1,0.47,0.37,SPY220211C00472000,472.0,normalDay
2022-02-01,6191.0,213.0,0.0,100,452.95,451.0,0,0.0,0.0,,0.0,1,0.47,0.29,SPY220211C00472000,472.0,normalDay
2022-02-02,6191.0,652.0,0.0,100,457.35,451.0,0,0.0,0.0,,0.0,1,0.47,0.3,SPY220211C00472000,472.0,normalDay
2022-02-03,6191.0,-411.0,0.0,100,446.6,451.0,0,0.0,0.0,,0.0,1,0.47,0.18,SPY220211C00472000,472.0,normalDay
2022-02-04,6191.0,-187.0,0.0,100,448.7,451.0,0,0.0,0.0,,0.0,1,0.47,0.04,SPY220211C00472000,472.0,normalDay
2022-02-07,6191.0,-329.0,0.0,100,447.26,451.0,0,0.0,0.0,,0.0,1,0.47,0.02,SPY220211C00472000,472.0,normalDay
2022-02-08,6191.0,39.0,0.0,100,450.94,451.0,0,0.0,0.0,,0.0,1,0.47,0.02,SPY220211C00472000,472.0,normalDay
2022-02-09,6191.0,696.0,0.0,100,457.54,451.0,0,0.0,0.0,,0.0,1,0.47,0.05,SPY220211C00472000,472.0,normalDay
2022-02-10,6191.0,-122.0,0.0,100,449.32,451.0,0,0.0,0.0,,0.0,1,0.47,0.01,SPY220211C00472000,472.0,normalDay
2022-02-11,6238.0,-1054.0,47.0,100,440.46,451.0,0,0.0,0.0,,0.0,1,0.47,0.0,SPY220211C00472000,472.0,expirationDay
2022-02-14,6238.0,-1202.0,0.0,100,439.02,451.0,0,0.0,0.0,,0.0,1,3.97,4.01,SPY220304C00450000,450.0,normalDay
2022-02-15,6238.0,-636.0,0.0,100,446.1,451.0,0,0.0,0.0,,0.0,1,3.97,5.43,SPY220304C00450000,450.0,normalDay
2022-02-16,6238.0,-558.0,0.0,100,446.6,451.0,0,0.0,0.0,,0.0,1,3.97,5.15,SPY220304C00450000,450.0,normalDay
2022-02-17,6238.0,-1246.0,0.0,100,437.06,451.0,0,0.0,0.0,,0.0,1,3.97,2.49,SPY220304C00450000,450.0,normalDay
2022-02-18,6238.0,-1451.0,0.0,100,434.23,451.0,0,0.0,0.0,,0.0,1,3.97,1.71,SPY220304C00450000,450.0,normalDay
2022-02-22,6238.0,-1824.0,0.0,100,429.57,451.0,0,0.0,0.0,,0.0,1,3.97,0.78,SPY220304C00450000,450.0,normalDay
2022-02-23,6238.0,-2530.0,0.0,100,421.95,451.0,0,0.0,0.0,,0.0,1,3.97,0.22,SPY220304C00450000,450.0,normalDay
2022-02-24,6238.0,-1898.0,0.0,100,428.3,451.0,0,0.0,0.0,,0.0,1,3.97,0.25,SPY220304C00450000,450.0,normalDay
2022-02-25,6238.0,-1014.0,0.0,100,437.75,451.0,0,0.0,0.0,,0.0,1,3.97,0.86,SPY220304C00450000,450.0,normalDay
2022-02-28,6238.0,-1108.0,0.0,100,436.63,451.0,0,0.0,0.0,,0.0,1,3.97,0.68,SPY220304C00450000,450.0,normalDay
2022-03-01,6238.0,-1726.0,0.0,100,429.98,451.0,0,0.0,0.0,,0.0,1,3.97,0.21,SPY220304C00450000,450.0,normalDay
2022-03-02,6238.0,-936.0,0.0,100,437.89,451.0,0,0.0,0.0,,0.0,1,3.97,0.22,SPY220304C00450000,450.0,normalDay
2022-03-03,6238.0,-1135.0,0.0,100,435.71,451.0,0,0.0,0.0,,0.0,1,3.97,0.03,SPY220304C00450000,450.0,normalDay
2022-03-04,6635.0,-1883.0,397.0,100,432.17,451.0,0,0.0,0.0,,0.0,1,3.97,0.0,SPY220304C00450000,450.0,expirationDay
2022-03-07,6635.0,-3162.0,0.0,100,419.43,451.0,0,0.0,0.0,,0.0,1,1.83,1.88,SPY220325C00443000,443.0,normalDay
2022-03-08,6635.0,-3407.0,0.0,100,416.25,451.0,0,0.0,0.0,,0.0,1,1.83,1.15,SPY220325C00443000,443.0,normalDay
2022-03-09,6635.0,-2458.0,0.0,100,427.41,451.0,0,0.0,0.0,,0.0,1,1.83,2.82,SPY220325C00443000,443.0,normalDay
2022-03-10,6635.0,-2540.0,0.0,100,425.48,451.0,0,0.0,0.0,,0.0,1,1.83,1.71,SPY220325C00443000,443.0,normalDay
2022-03-11,6635.0,-3005.0,0.0,100,420.07,451.0,0,0.0,0.0,,0.0,1,1.83,0.95,SPY220325C00443000,443.0,normalDay
2022-03-14,6635.0,-3278.0,0.0,100,417.0,451.0,0,0.0,0.0,,0.0,1,1.83,0.61,SPY220325C00443000,443.0,normalDay
2022-03-15,6635.0,-2415.0,0.0,100,426.17,451.0,0,0.0,0.0,,0.0,1,1.83,1.15,SPY220325C00443000,443.0,normalDay
2022-03-16,6635.0,-1586.0,0.0,100,435.62,451.0,0,0.0,0.0,,0.0,1,1.83,2.31,SPY220325C00443000,443.0,normalDay
2022-03-17,6635.0,-1159.0,0.0,100,441.07,451.0,0,0.0,0.0,,0.0,1,1.83,3.49,SPY220325C00443000,443.0,normalDay
2022-03-18,6635.0,-1058.0,0.0,100,444.52,451.0,0,0.0,0.0,,0.0,1,1.83,5.93,SPY220325C00443000,443.0,normalDay
2022-03-21,6635.0,-969.0,0.0,100,444.39,451.0,0,0.0,0.0,,0.0,1,1.83,4.91,SPY220325C00443000,443.0,normalDay
2022-03-22,6635.0,-755.0,0.0,100,449.59,451.0,0,0.0,0.0,,0.0,1,1.83,7.97,SPY220325C00443000,443.0,normalDay
2022-03-23,6635.0,-868.0,0.0,100,443.8,451.0,0,0.0,0.0,,0.0,1,1.83,3.31,SPY220325C00443000,443.0,normalDay
2022-03-24,6635.0,-639.0,0.0,100,450.49,451.0,0,0.0,0.0,,0.0,1,1.83,7.71,SPY220325C00443000,443.0,normalDay
2022-03-25,6018.0,-639.0,-617.0,0,452.69,0.0,0,0.0,0.0,,0.0,1,1.83,0.0,SPY220325C00443000,443.0,expirationDay
2022-03-28,6018.0,-4.0,0.0,0,455.91,0.0,1,4.61,4.65,SPY220617P00401000,401.0,0,0.0,0.0,,0.0,normalDay
2022-03-29,6018.0,74.0,0.0,0,461.55,0.0,1,4.61,3.87,SPY220617P00401000,401.0,0,0.0,0.0,,0.0,normalDay
2022-03-30,6018.0,56.0,0.0,0,458.7,0.0,1,4.61,4.05,SPY220617P00401000,401.0,0,0.0,0.0,,0.0,normalDay
2022-03-31,6018.0,-36.0,0.0,0,451.64,0.0,1,4.61,4.97,SPY220617P00401000,401.0,0,0.0,0.0,,0.0,normalDay
2022-04-01,6018.0,9.0,0.0,0,452.92,0.0,1,4.61,4.52,SPY220617P00401000,401.0,0,0.0,0.0,,0.0,normalDay
2022-04-04,6018.0,108.0,0.0,0,456.8,0.0,1,4.61,3.53,SPY220617P00401000,401.0,0,0.0,0.0,,0.0,normalDay
2022-04-05,6018.0,0.0,0.0,0,451.03,0.0,1,4.61,4.61,SPY220617P00401000,401.0,0,0.0,0.0,,0.0,normalDay
2022-04-06,6018.0,-72.0,0.0,0,446.52,0.0,1,4.61,5.33,SPY220617P00401000,401.0,0,0.0,0.0,,0.0,normalDay
2022-04-07,6018.0,-26.0,0.0,0,448.77,0.0,1,4.61,4.87,SPY220617P00401000,401.0,0,0.0,0.0,,0.0,normalDay
2022-04-08,6018.0,-17.0,0.0,0,447.57,0.0,1,4.61,4.78,SPY220617P00401000,401.0,0,0.0,0.0,,0.0,normalDay
2022-04-11,6018.0,-165.0,0.0,0,439.92,0.0,1,4.61,6.26,SPY220617P00401000,401.0,0,0.0,0.0,,0.0,normalDay
2022-04-12,6018.0,-180.0,0.0,0,438.29,0.0,1,4.61,6.41,SPY220617P00401000,401.0,0,0.0,0.0,,0.0,normalDay
2022-04-13,6018.0,-30.0,0.0,0,443.31,0.0,1,4.61,4.91,SPY220617P00401000,401.0,0,0.0,0.0,,0.0,normalDay
2022-04-14,6018.0,-112.0,0.0,0,437.79,0.0,1,4.61,5.73,SPY220617P00401000,401.0,0,0.0,0.0,,0.0,normalDay
2022-04-18,6018.0,-39.0,0.0,0,437.97,0.0,1,4.61,5.0,SPY220617P00401000,401.0,0,0.0,0.0,,0.0,normalDay
2022-04-19,6018.0,41.0,0.0,0,445.04,0.0,1,4.61,4.2,SPY220617P00401000,401.0,0,0.0,0.0,,0.0,normalDay
2022-04-20,6018.0,102.0,0.0,0,444.71,0.0,1,4.61,3.59,SPY220617P00401000,401.0,0,0.0,0.0,,0.0,normalDay
2022-04-21,6018.0,-52.0,0.0,0,438.06,0.0,1,4.61,5.13,SPY220617P00401000,401.0,0,0.0,0.0,,0.0,normalDay
2022-04-22,6018.0,-421.0,0.0,0,426.04,0.0,1,4.61,8.82,SPY220617P00401000,401.0,0,0.0,0.0,,0.0,normalDay
2022-04-25,6018.0,-275.0,0.0,0,428.51,0.0,1,4.61,7.36,SPY220617P00401000,401.0,0,0.0,0.0,,0.0,normalDay
2022-04-26,6018.0,-775.0,0.0,0,416.1,0.0,1,4.61,12.36,SPY220617P00401000,401.0,0,0.0,0.0,,0.0,normalDay
2022-04-27,6018.0,-607.0,0.0,0,417.27,0.0,1,4.61,10.68,SPY220617P00401000,401.0,0,0.0,0.0,,0.0,normalDay
2022-04-28,6018.0,-366.0,0.0,0,427.81,0.0,1,4.61,8.27,SPY220617P00401000,401.0,0,0.0,0.0,,0.0,normalDay
2022-04-29,6018.0,-780.0,0.0,0,412.0,0.0,1,4.61,12.41,SPY220617P00401000,401.0,0,0.0,0.0,,0.0,normalDay
2022-05-02,6018.0,-648.0,0.0,0,414.48,0.0,1,4.61,11.09,SPY220617P00401000,401.0,0,0.0,0.0,,0.0,normalDay
2022-05-03,6018.0,-486.0,0.0,0,416.38,0.0,1,4.61,9.47,SPY220617P00401000,401.0,0,0.0,0.0,,0.0,normalDay
2022-05-04,6018.0,-123.0,0.0,0,429.06,0.0,1,4.61,5.84,SPY220617P00401000,401.0,0,0.0,0.0,,0.0,normalDay
2022-05-05,6018.0,-649.0,0.0,0,413.81,0.0,1,4.61,11.1,SPY220617P00401000,401.0,0,0.0,0.0,,0.0,normalDay
2022-05-06,6018.0,-711.0,0.0,0,411.34,0.0,1,4.61,11.72,SPY220617P00401000,401.0,0,0.0,0.0,,0.0,normalDay
2022-05-09,6018.0,-1237.0,0.0,0,398.17,0.0,1,4.61,16.98,SPY220617P00401000,401.0,0,0.0,0.0,,0.0,normalDay
2022-05-10,6018.0,-1164.0,0.0,0,399.09,0.0,1,4.61,16.25,SPY220617P00401000,401.0,0,0.0,0.0,,0.0,normalDay
2022-05-11,6018.0,-1439.0,0.0,0,392.75,0.0,1,4.61,19.0,SPY220617P00401000,401.0,0,0.0,0.0,,0.0,normalDay
2022-05-12,6018.0,-1458.0,0.0,0,392.34,0.0,1,4.61,19.19,SPY220617P00401000,401.0,0,0.0,0.0,,0.0,normalDay
2022-05-13,6018.0,-915.0,0.0,0,401.72,0.0,1,4.61,13.76,SPY220617P00401000,401.0,0,0.0,0.0,,0.0,normalDay
2022-05-16,6018.0,-878.0,0.0,0,400.09,0.0,1,4.61,13.39,SPY220617P00401000,401.0,0,0.0,0.0,,0.0,normalDay
2022-05-17,6018.0,-463.0,0.0,0,408.32,0.0,1,4.61,9.24,SPY220617P00401000,401.0,0,0.0,0.0,,0.0,normalDay
2022-05-18,6018.0,-1383.0,0.0,0,391.86,0.0,1,4.61,18.44,SPY220617P00401000,401.0,0,0.0,0.0,,0.0,normalDay
2022-05-19,6018.0,-1427.0,0.0,0,389.46,0.0,1,4.61,18.88,SPY220617P00401000,401.0,0,0.0,0.0,,0.0,normalDay
2022-05-20,6018.0,-1417.0,0.0,0,389.63,0.0,1,4.61,18.78,SPY220617P00401000,401.0,0,0.0,0.0,,0.0,normalDay
2022-05-23,6018.0,-886.0,0.0,0,396.92,0.0,1,4.61,13.47,SPY220617P00401000,401.0,0,0.0,0.0,,0.0,normalDay
2022-05-24,6018.0,-1056.0,0.0,0,393.89,0.0,1,4.61,15.17,SPY220617P00401000,401.0,0,0.0,0.0,,0.0,normalDay
2022-05-25,6018.0,-861.0,0.0,0,397.37,0.0,1,4.61,13.22,SPY220617P00401000,401.0,0,0.0,0.0,,0.0,normalDay
2022-05-26,6018.0,-448.0,0.0,0,405.31,0.0,1,4.61,9.09,SPY220617P00401000,401.0,0,0.0,0.0,,0.0,normalDay
2022-05-27,6018.0,-34.0,0.0,0,415.26,0.0,1,4.61,4.95,SPY220617P00401000,401.0,0,0.0,0.0,,0.0,normalDay
2022-05-31,6018.0,-76.0,0.0,0,412.93,0.0,1,4.61,5.37,SPY220617P00401000,401.0,0,0.0,0.0,,0.0,normalDay
2022-06-01,6018.0,-118.0,0.0,0,409.59,0.0,1,4.61,5.79,SPY220617P00401000,401.0,0,0.0,0.0,,0.0,normalDay
2022-06-02,6018.0,148.0,0.0,0,417.39,0.0,1,4.61,3.13,SPY220617P00401000,401.0,0,0.0,0.0,,0.0,normalDay
2022-06-03,6018.0,-2.0,0.0,0,410.54,0.0,1,4.61,4.63,SPY220617P00401000,401.0,0,0.0,0.0,,0.0,normalDay
2022-06-06,6018.0,77.0,0.0,0,411.79,0.0,1,4.61,3.84,SPY220617P00401000,401.0,0,0.0,0.0,,0.0,normalDay
2022-06-07,6018.0,212.0,0.0,0,415.74,0.0,1,4.61,2.49,SPY220617P00401000,401.0,0,0.0,0.0,,0.0,normalDay
2022-06-08,6018.0,150.0,0.0,0,411.22,0.0,1,4.61,3.11,SPY220617P00401000,401.0,0,0.0,0.0,,0.0,normalDay
2022-06-09,6018.0,-250.0,0.0,0,401.44,0.0,1,4.61,7.11,SPY220617P00401000,401.0,0,0.0,0.0,,0.0,normalDay
2022-06-10,6018.0,-936.0,0.0,0,389.8,0.0,1,4.61,13.97,SPY220617P00401000,401.0,0,0.0,0.0,,0.0,normalDay
2022-06-13,6018.0,-2339.0,0.0,0,375.0,0.0,1,4.61,28.0,SPY220617P00401000,401.0,0,0.0,0.0,,0.0,normalDay
2022-06-14,6018.0,-2516.0,0.0,0,373.87,0.0,1,4.61,29.77,SPY220617P00401000,401.0,0,0.0,0.0,,0.0,normalDay
2022-06-15,6018.0,-1908.0,0.0,0,379.2,0.0,1,4.61,23.69,SPY220617P00401000,401.0,0,0.0,0.0,,0.0,normalDay
2022-06-16,6018.0,-3079.0,0.0,0,366.65,0.0,1,4.61,35.4,SPY220617P00401000,401.0,0,0.0,0.0,,0.0,normalDay
2022-06-17,6479.0,-3514.0,461.0,100,365.86,401.0,1,4.61,0.0,SPY220617P00401000,401.0,0,0.0,0.0,,0.0,expirationDay
2022-06-21,6479.0,-2596.0,0.0,100,375.07,401.0,0,0.0,0.0,,0.0,1,0.58,0.61,SPY220708C00405000,405.0,normalDay
2022-06-22,6479.0,-2653.0,0.0,100,374.39,401.0,0,0.0,0.0,,0.0,1,0.58,0.5,SPY220708C00405000,405.0,normalDay
2022-06-23,6479.0,-2289.0,0.0,100,378.06,401.0,0,0.0,0.0,,0.0,1,0.58,0.53,SPY220708C00405000,405.0,normalDay
2022-06-24,6479.0,-1193.0,0.0,100,390.08,401.0,0,0.0,0.0,,0.0,1,0.58,1.59,SPY220708C00405000,405.0,normalDay
2022-06-27,6479.0,-1308.0,0.0,100,388.59,401.0,0,0.0,0.0,,0.0,1,0.58,1.25,SPY220708C00405000,405.0,normalDay
2022-06-28,6479.0,-2013.0,0.0,100,380.65,401.0,0,0.0,0.0,,0.0,1,0.58,0.36,SPY220708C00405000,405.0,normalDay
2022-06-29,6479.0,-2038.0,0.0,100,380.34,401.0,0,0.0,0.0,,0.0,1,0.58,0.3,SPY220708C00405000,405.0,normalDay
2022-06-30,6479.0,-2326.0,0.0,100,377.25,401.0,0,0.0,0.0,,0.0,1,0.58,0.09,SPY220708C00405000,405.0,normalDay
2022-07-01,6479.0,-1923.0,0.0,100,381.24,401.0,0,0.0,0.0,,0.0,1,0.58,0.05,SPY220708C00405000,405.0,normalDay
2022-07-05,6479.0,-1849.0,0.0,100,381.96,401.0,0,0.0,0.0,,0.0,1,0.58,0.03,SPY220708C00405000,405.0,normalDay
2022-07-06,6479.0,-1718.0,0.0,100,383.25,401.0,0,0.0,0.0,,0.0,1,0.58,0.01,SPY220708C00405000,405.0,normalDay
2022-07-07,6479.0,-1144.0,0.0,100,388.99,401.0,0,0.0,0.0,,0.0,1,0.58,0.01,SPY220708C00405000,405.0,normalDay
2022-07-08,6537.0,-1233.0,58.0,100,388.67,401.0,0,0.0,0.0,,0.0,1,0.58,0.0,SPY220708C00405000,405.0,expirationDay
2022-07-11,6537.0,-1685.0,0.0,100,384.23,401.0,0,0.0,0.0,,0.0,1,9.1,9.18,SPY220729C00384000,384.0,normalDay
2022-07-12,6537.0,-1819.0,0.0,100,380.83,401.0,0,0.0,0.0,,0.0,1,9.1,7.12,SPY220729C00384000,384.0,normalDay
2022-07-13,6537.0,-1887.0,0.0,100,378.83,401.0,0,0.0,0.0,,0.0,1,9.1,5.8,SPY220729C00384000,384.0,normalDay
2022-07-14,6537.0,-1911.0,0.0,100,377.91,401.0,0,0.0,0.0,,0.0,1,9.1,5.12,SPY220729C00384000,384.0,normalDay
2022-07-15,6537.0,-1450.0,0.0,100,385.13,401.0,0,0.0,0.0,,0.0,1,9.1,7.73,SPY220729C00384000,384.0,normalDay
2022-07-18,6537.0,-1586.0,0.0,100,381.95,401.0,0,0.0,0.0,,0.0,1,9.1,5.91,SPY220729C00384000,384.0,normalDay
2022-07-19,6537.0,-1213.0,0.0,100,392.27,401.0,0,0.0,0.0,,0.0,1,9.1,12.5,SPY220729C00384000,384.0,normalDay
2022-07-20,6537.0,-1085.0,0.0,100,394.77,401.0,0,0.0,0.0,,0.0,1,9.1,13.72,SPY220729C00384000,384.0,normalDay
2022-07-21,6537.0,-929.0,0.0,100,398.79,401.0,0,0.0,0.0,,0.0,1,9.1,16.18,SPY220729C00384000,384.0,normalDay
2022-07-22,6537.0,-930.0,0.0,100,395.09,401.0,0,0.0,0.0,,0.0,1,9.1,12.49,SPY220729C00384000,384.0,normalDay
2022-07-25,6537.0,-955.0,0.0,100,395.57,401.0,0,0.0,0.0,,0.0,1,9.1,13.22,SPY220729C00384000,384.0,normalDay
2022-07-26,6537.0,-1077.0,0.0,100,390.89,401.0,0,0.0,0.0,,0.0,1,9.1,9.76,SPY220729C00384000,384.0,normalDay
2022-07-27,6537.0,-767.0,0.0,100,401.04,401.0,0,0.0,0.0,,0.0,1,9.1,16.81,SPY220729C00384000,384.0,normalDay
2022-07-28,6537.0,-933.0,0.0,100,406.07,401.0,0,0.0,0.0,,0.0,1,9.1,23.5,SPY220729C00384000,384.0,normalDay
2022-07-29,5747.0,-933.0,-790.0,0,411.99,0.0,0,0.0,0.0,,0.0,1,9.1,0.0,SPY220729C00384000,384.0,expirationDay
2022-08-01,5747.0,-4.0,0.0,0,410.77,0.0,1,4.58,4.62,SPY221021P00363000,363.0,0,0.0,0.0,,0.0,normalDay
2022-08-02,5747.0,-79.0,0.0,0,408.06,0.0,1,4.58,5.37,SPY221021P00363000,363.0,0,0.0,0.0,,0.0,normalDay
2022-08-03,5747.0,61.0,0.0,0,414.45,0.0,1,4.58,3.97,SPY221021P00363000,363.0,0,0.0,0.0,,0.0,normalDay
2022-08-04,5747.0,73.0,0.0,0,414.17,0.0,1,4.58,3.85,SPY221021P00363000,363.0,0,0.0,0.0,,0.0,normalDay
2022-08-05,5747.0,74.0,0.0,0,413.47,0.0,1,4.58,3.84,SPY221021P00363000,363.0,0,0.0,0.0,,0.0,normalDay
2022-08-08,5747.0,85.0,0.0,0,412.99,0.0,1,4.58,3.73,SPY221021P00363000,363.0,0,0.0,0.0,,0.0,normalDay
2022-08-09,5747.0,73.0,0.0,0,411.35,0.0,1,4.58,3.85,SPY221021P00363000,363.0,0,0.0,0.0,,0.0,normalDay
2022-08-10,5747.0,189.0,0.0,0,419.99,0.0,1,4.58,2.69,SPY221021P00363000,363.0,0,0.0,0.0,,0.0,normalDay
2022-08-11,5747.0,193.0,0.0,0,419.99,0.0,1,4.58,2.65,SPY221021P00363000,363.0,0,0.0,0.0,,0.0,normalDay
2022-08-12,5747.0,249.0,0.0,0,427.1,0.0,1,4.58,2.09,SPY221021P00363000,363.0,0,0.0,0.0,,0.0,normalDay
2022-08-15,5747.0,273.0,0.0,0,428.86,0.0,1,4.58,1.85,SPY221021P00363000,363.0,0,0.0,0.0,,0.0,normalDay
2022-08-16,5747.0,281.0,0.0,0,429.7,0.0,1,4.58,1.77,SPY221021P00363000,363.0,0,0.0,0.0,,0.0,normalDay
2022-08-17,5747.0,270.0,0.0,0,426.65,0.0,1,4.58,1.88,SPY221021P00363000,363.0,0,0.0,0.0,,0.0,normalDay
2022-08-18,5747.0,290.0,0.0,0,427.89,0.0,1,4.58,1.68,SPY221021P00363000,363.0,0,0.0,0.0,,0.0,normalDay
2022-08-19,5747.0,244.0,0.0,0,422.14,0.0,1,4.58,2.14,SPY221021P00363000,363.0,0,0.0,0.0,,0.0,normalDay
2022-08-22,5747.0,150.0,0.0,0,413.35,0.0,1,4.58,3.08,SPY221021P00363000,363.0,0,0.0,0.0,,0.0,normalDay
2022-08-23,5747.0,148.0,0.0,0,412.35,0.0,1,4.58,3.1,SPY221021P00363000,363.0,0,0.0,0.0,,0.0,normalDay
2022-08-24,5747.0,198.0,0.0,0,413.67,0.0,1,4.58,2.6,SPY221021P00363000,363.0,0,0.0,0.0,,0.0,normalDay
2022-08-25,5747.0,261.0,0.0,0,419.51,0.0,1,4.58,1.97,SPY221021P00363000,363.0,0,0.0,0.0,,0.0,normalDay
2022-08-26,5747.0,74.0,0.0,0,405.31,0.0,1,4.58,3.84,SPY221021P00363000,363.0,0,0.0,0.0,,0.0,normalDay
2022-08-29,5747.0,63.0,0.0,0,402.63,0.0,1,4.58,3.95,SPY221021P00363000,363.0,0,0.0,0.0,,0.0,normalDay
2022-08-30,5747.0,11.0,0.0,0,398.21,0.0,1,4.58,4.47,SPY221021P00363000,363.0,0,0.0,0.0,,0.0,normalDay
2022-08-31,5747.0,-5.0,0.0,0,395.18,0.0,1,4.58,4.63,SPY221021P00363000,363.0,0,0.0,0.0,,0.0,normalDay
2022-09-01,5747.0,35.0,0.0,0,396.42,0.0,1,4.58,4.23,SPY221021P00363000,363.0,0,0.0,0.0,,0.0,normalDay
2022-09-02,5747.0,-14.0,0.0,0,392.24,0.0,1,4.58,4.72,SPY221021P00363000,363.0,0,0.0,0.0,,0.0,normalDay
2022-09-06,5747.0,-50.0,0.0,0,390.76,0.0,1,4.58,5.08,SPY221021P00363000,363.0,0,0.0,0.0,,0.0,normalDay
2022-09-07,5747.0,121.0,0.0,0,397.78,0.0,1,4.58,3.37,SPY221021P00363000,363.0,0,0.0,0.0,,0.0,normalDay
2022-09-08,5747.0,195.0,0.0,0,400.38,0.0,1,4.58,2.63,SPY221021P00363000,363.0,0,0.0,0.0,,0.0,normalDay
2022-09-09,5747.0,262.0,0.0,0,406.6,0.0,1,4.58,1.96,SPY221021P00363000,363.0,0,0.0,0.0,,0.0,normalDay
2022-09-12,5747.0,299.0,0.0,0,410.97,0.0,1,4.58,1.59,SPY221021P00363000,363.0,0,0.0,0.0,,0.0,normalDay
2022-09-13,5747.0,86.0,0.0,0,393.1,0.0,1,4.58,3.72,SPY221021P00363000,363.0,0,0.0,0.0,,0.0,normalDay
2022-09-14,5747.0,118.0,0.0,0,394.6,0.0,1,4.58,3.4,SPY221021P00363000,363.0,0,0.0,0.0,,0.0,normalDay
2022-09-15,5747.0,84.0,0.0,0,390.12,0.0,1,4.58,3.74,SPY221021P00363000,363.0,0,0.0,0.0,,0.0,normalDay
2022-09-16,5747.0,42.0,0.0,0,385.56,0.0,1,4.58,4.16,SPY221021P00363000,363.0,0,0.0,0.0,,0.0,normalDay
2022-09-19,5747.0,126.0,0.0,0,388.55,0.0,1,4.58,3.32,SPY221021P00363000,363.0,0,0.0,0.0,,0.0,normalDay
2022-09-20,5747.0,26.0,0.0,0,384.09,0.0,1,4.58,4.32,SPY221021P00363000,363.0,0,0.0,0.0,,0.0,normalDay
2022-09-21,5747.0,-135.0,0.0,0,377.39,0.0,1,4.58,5.93,SPY221021P00363000,363.0,0,0.0,0.0,,0.0,normalDay
2022-09-22,5747.0,-161.0,0.0,0,374.22,0.0,1,4.58,6.19,SPY221021P00363000,363.0,0,0.0,0.0,,0.0,normalDay
2022-09-23,5747.0,-443.0,0.0,0,367.95,0.0,1,4.58,9.01,SPY221021P00363000,363.0,0,0.0,0.0,,0.0,normalDay
2022-09-26,5747.0,-631.0,0.0,0,364.31,0.0,1,4.58,10.89,SPY221021P00363000,363.0,0,0.0,0.0,,0.0,normalDay
2022-09-27,5747.0,-634.0,0.0,0,363.38,0.0,1,4.58,10.92,SPY221021P00363000,363.0,0,0.0,0.0,,0.0,normalDay
2022-09-28,5747.0,-272.0,0.0,0,370.53,0.0,1,4.58,7.3,SPY221021P00363000,363.0,0,0.0,0.0,,0.0,normalDay
2022-09-29,5747.0,-566.0,0.0,0,362.79,0.0,1,4.58,10.24,SPY221021P00363000,363.0,0,0.0,0.0,,0.0,normalDay
2022-09-30,5747.0,-744.0,0.0,0,357.18,0.0,1,4.58,12.02,SPY221021P00363000,363.0,0,0.0,0.0,,0.0,normalDay
2022-10-03,5747.0,-258.0,0.0,0,366.61,0.0,1,4.58,7.16,SPY221021P00363000,363.0,0,0.0,0.0,,0.0,normalDay
2022-10-04,5747.0,90.0,0.0,0,377.97,0.0,1,4.58,3.68,SPY221021P00363000,363.0,0,0.0,0.0,,0.0,normalDay
2022-10-05,5747.0,118.0,0.0,0,377.09,0.0,1,4.58,3.4,SPY221021P00363000,363.0,0,0.0,0.0,,0.0,normalDay
2022-10-06,5747.0,-1.0,0.0,0,373.2,0.0,1,4.58,4.59,SPY221021P00363000,363.0,0,0.0,0.0,,0.0,normalDay
2022-10-07,5747.0,-364.0,0.0,0,362.79,0.0,1,4.58,8.22,SPY221021P00363000,363.0,0,0.0,0.0,,0.0,normalDay
2022-10-10,5747.0,-435.0,0.0,0,360.02,0.0,1,4.58,8.93,SPY221021P00363000,363.0,0,0.0,0.0,,0.0,normalDay
2022-10-11,5747.0,-577.0,0.0,0,357.74,0.0,1,4.58,10.35,SPY221021P00363000,363.0,0,0.0,0.0,,0.0,normalDay
2022-10-12,5747.0,-637.0,0.0,0,356.56,0.0,1,4.58,10.95,SPY221021P00363000,363.0,0,0.0,0.0,,0.0,normalDay
2022-10-13,5747.0,-62.0,0.0,0,365.97,0.0,1,4.58,5.2,SPY221021P00363000,363.0,0,0.0,0.0,,0.0,normalDay
2022-10-14,5747.0,-390.0,0.0,0,357.63,0.0,1,4.58,8.48,SPY221021P00363000,363.0,0,0.0,0.0,,0.0,normalDay
2022-10-17,5747.0,153.0,0.0,0,366.82,0.0,1,4.58,3.05,SPY221021P00363000,363.0,0,0.0,0.0,,0.0,normalDay
2022-10-18,5747.0,331.0,0.0,0,371.13,0.0,1,4.58,1.27,SPY221021P00363000,363.0,0,0.0,0.0,,0.0,normalDay
2022-10-19,5747.0,314.0,0.0,0,368.5,0.0,1,4.58,1.44,SPY221021P00363000,363.0,0,0.0,0.0,,0.0,normalDay
2022-10-20,5747.0,335.0,0.0,0,365.41,0.0,1,4.58,1.23,SPY221021P00363000,363.0,0,0.0,0.0,,0.0,normalDay
2022-10-21,6205.0,0.0,458.0,0,374.29,0.0,1,4.58,0.0,SPY221021P00363000,363.0,0,0.0,0.0,,0.0,expirationDay
2022-10-24,6205.0,-5.0,0.0,0,378.87,0.0,1,6.81,6.86,SPY221230P00347000,347.0,0,0.0,0.0,,0.0,normalDay
2022-10-25,6205.0,115.0,0.0,0,384.92,0.0,1,6.81,5.66,SPY221230P00347000,347.0,0,0.0,0.0,,0.0,normalDay
2022-10-26,6205.0,154.0,0.0,0,382.02,0.0,1,6.81,5.27,SPY221230P00347000,347.0,0,0.0,0.0,,0.0,normalDay
2022-10-27,6205.0,52.0,0.0,0,379.98,0.0,1,6.81,6.29,SPY221230P00347000,347.0,0,0.0,0.0,,0.0,normalDay
2022-10-28,6205.0,288.0,0.0,0,389.02,0.0,1,6.81,3.93,SPY221230P00347000,347.0,0,0.0,0.0,,0.0,normalDay
2022-10-31,6205.0,282.0,0.0,0,386.21,0.0,1,6.81,3.99,SPY221230P00347000,347.0,0,0.0,0.0,,0.0,normalDay
2022-11-01,6205.0,273.0,0.0,0,384.52,0.0,1,6.81,4.08,SPY221230P00347000,347.0,0,0.0,0.0,,0.0,normalDay
2022-11-02,6205.0,113.0,0.0,0,374.87,0.0,1,6.81,5.68,SPY221230P00347000,347.0,0,0.0,0.0,,0.0,normalDay
2022-11-03,6205.0,76.0,0.0,0,371.01,0.0,1,6.81,6.05,SPY221230P00347000,347.0,0,0.0,0.0,,0.0,normalDay
2022-11-04,6205.0,204.0,0.0,0,376.35,0.0,1,6.81,4.77,SPY221230P00347000,347.0,0,0.0,0.0,,0.0,normalDay
2022-11-07,6205.0,300.0,0.0,0,379.95,0.0,1,6.81,3.81,SPY221230P00347000,347.0,0,0.0,0.0,,0.0,normalDay
2022-11-08,6205.0,288.0,0.0,0,382.0,0.0,1,6.81,3.93,SPY221230P00347000,347.0,0,0.0,0.0,,0.0,normalDay
2022-11-09,6205.0,175.0,0.0,0,374.13,0.0,1,6.81,5.06,SPY221230P00347000,347.0,0,0.0,0.0,,0.0,normalDay
2022-11-10,6205.0,481.0,0.0,0,394.69,0.0,1,6.81,2.0,SPY221230P00347000,347.0,0,0.0,0.0,,0.0,normalDay
2022-11-11,6205.0,512.0,0.0,0,398.51,0.0,1,6.81,1.69,SPY221230P00347000,347.0,0,0.0,0.0,,0.0,normalDay
2022-11-14,6205.0,502.0,0.0,0,395.12,0.0,1,6.81,1.79,SPY221230P00347000,347.0,0,0.0,0.0,,0.0,normalDay
2022-11-15,6205.0,516.0,0.0,0,398.49,0.0,1,6.81,1.65,SPY221230P00347000,347.0,0,0.0,0.0,,0.0,normalDay
2022-11-16,6205.0,516.0,0.0,0,395.45,0.0,1,6.81,1.65,SPY221230P00347000,347.0,0,0.0,0.0,,0.0,normalDay
2022-11-17,6205.0,527.0,0.0,0,394.24,0.0,1,6.81,1.54,SPY221230P00347000,347.0,0,0.0,0.0,,0.0,normalDay
2022-11-18,6205.0,550.0,0.0,0,396.03,0.0,1,6.81,1.31,SPY221230P00347000,347.0,0,0.0,0.0,,0.0,normalDay
2022-11-21,6205.0,573.0,0.0,0,394.59,0.0,1,6.81,1.08,SPY221230P00347000,347.0,0,0.0,0.0,,0.0,normalDay
2022-11-22,6205.0,606.0,0.0,0,399.9,0.0,1,6.81,0.75,SPY221230P00347000,347.0,0,0.0,0.0,,0.0,normalDay
2022-11-23,6205.0,619.0,0.0,0,402.42,0.0,1,6.81,0.62,SPY221230P00347000,347.0,0,0.0,0.0,,0.0,normalDay
2022-11-25,6205.0,620.0,0.0,0,402.33,0.0,1,6.81,0.61,SPY221230P00347000,347.0,0,0.0,0.0,,0.0,normalDay
2022-11-28,6205.0,603.0,0.0,0,395.91,0.0,1,6.81,0.78,SPY221230P00347000,347.0,0,0.0,0.0,,0.0,normalDay
2022-11-29,6205.0,612.0,0.0,0,395.23,0.0,1,6.81,0.69,SPY221230P00347000,347.0,0,0.0,0.0,,0.0,normalDay
2022-11-30,6205.0,647.0,0.0,0,407.68,0.0,1,6.81,0.34,SPY221230P00347000,347.0,0,0.0,0.0,,0.0,normalDay
2022-12-01,6205.0,652.0,0.0,0,407.38,0.0,1,6.81,0.29,SPY221230P00347000,347.0,0,0.0,0.0,,0.0,normalDay
2022-12-02,6205.0,655.0,0.0,0,406.91,0.0,1,6.81,0.26,SPY221230P00347000,347.0,0,0.0,0.0,,0.0,normalDay
2022-12-05,6205.0,647.0,0.0,0,399.59,0.0,1,6.81,0.34,SPY221230P00347000,347.0,0,0.0,0.0,,0.0,normalDay
2022-12-06,6205.0,632.0,0.0,0,393.83,0.0,1,6.81,0.49,SPY221230P00347000,347.0,0,0.0,0.0,,0.0,normalDay
2022-12-07,6205.0,633.0,0.0,0,393.16,0.0,1,6.81,0.48,SPY221230P00347000,347.0,0,0.0,0.0,,0.0,normalDay
2022-12-08,6205.0,644.0,0.0,0,396.24,0.0,1,6.81,0.37,SPY221230P00347000,347.0,0,0.0,0.0,,0.0,normalDay
2022-12-09,6205.0,642.0,0.0,0,393.28,0.0,1,6.81,0.39,SPY221230P00347000,347.0,0,0.0,0.0,,0.0,normalDay
2022-12-12,6205.0,650.0,0.0,0,398.95,0.0,1,6.81,0.31,SPY221230P00347000,347.0,0,0.0,0.0,,0.0,normalDay
2022-12-13,6205.0,664.0,0.0,0,401.97,0.0,1,6.81,0.17,SPY221230P00347000,347.0,0,0.0,0.0,,0.0,normalDay
2022-12-14,6205.0,667.0,0.0,0,399.4,0.0,1,6.81,0.14,SPY221230P00347000,347.0,0,0.0,0.0,,0.0,normalDay
2022-12-15,6205.0,654.0,0.0,0,389.63,0.0,1,6.81,0.27,SPY221230P00347000,347.0,0,0.0,0.0,,0.0,normalDay
2022-12-16,6205.0,657.0,0.0,0,383.27,0.0,1,6.81,0.24,SPY221230P00347000,347.0,0,0.0,0.0,,0.0,normalDay
2022-12-19,6205.0,661.0,0.0,0,380.02,0.0,1,6.81,0.2,SPY221230P00347000,347.0,0,0.0,0.0,,0.0,normalDay
2022-12-20,6205.0,667.0,0.0,0,380.54,0.0,1,6.81,0.14,SPY221230P00347000,347.0,0,0.0,0.0,,0.0,normalDay
2022-12-21,6205.0,673.0,0.0,0,386.23,0.0,1,6.81,0.08,SPY221230P00347000,347.0,0,0.0,0.0,,0.0,normalDay
2022-12-22,6205.0,670.0,0.0,0,380.72,0.0,1,6.81,0.11,SPY221230P00347000,347.0,0,0.0,0.0,,0.0,normalDay
2022-12-23,6205.0,676.0,0.0,0,382.91,0.0,1,6.81,0.05,SPY221230P00347000,347.0,0,0.0,0.0,,0.0,normalDay
2022-12-27,6205.0,678.0,0.0,0,381.4,0.0,1,6.81,0.03,SPY221230P00347000,347.0,0,0.0,0.0,,0.0,normalDay
2022-12-28,6205.0,679.0,0.0,0,376.66,0.0,1,6.81,0.02,SPY221230P00347000,347.0,0,0.0,0.0,,0.0,normalDay
2022-12-29,6205.0,680.0,0.0,0,383.44,0.0,1,6.81,0.01,SPY221230P00347000,347.0,0,0.0,0.0,,0.0,normalDay
2022-12-30,6886.0,0.0,681.0,0,382.43,0.0,1,6.81,0.0,SPY221230P00347000,347.0,0,0.0,0.0,,0.0,expirationDay
2023-01-03,6886.0,-7.0,0.0,0,380.82,0.0,1,10.32,10.39,SPY230331P00366000,366.0,0,0.0,0.0,,0.0,normalDay
2023-01-04,6886.0,143.0,0.0,0,383.76,0.0,1,10.32,8.89,SPY230331P00366000,366.0,0,0.0,0.0,,0.0,normalDay
2023-01-05,6886.0,19.0,0.0,0,379.38,0.0,1,10.32,10.13,SPY230331P00366000,366.0,0,0.0,0.0,,0.0,normalDay
2023-01-06,6886.0,291.0,0.0,0,388.08,0.0,1,10.32,7.41,SPY230331P00366000,366.0,0,0.0,0.0,,0.0,normalDay
2023-01-09,6886.0,276.0,0.0,0,387.86,0.0,1,10.32,7.56,SPY230331P00366000,366.0,0,0.0,0.0,,0.0,normalDay
2023-01-10,6886.0,396.0,0.0,0,390.58,0.0,1,10.32,6.36,SPY230331P00366000,366.0,0,0.0,0.0,,0.0,normalDay
2023-01-11,6886.0,481.0,0.0,0,395.52,0.0,1,10.32,5.51,SPY230331P00366000,366.0,0,0.0,0.0,,0.0,normalDay
2023-01-12,6886.0,574.0,0.0,0,396.96,0.0,1,10.32,4.58,SPY230331P00366000,366.0,0,0.0,0.0,,0.0,normalDay
2023-01-13,6886.0,616.0,0.0,0,398.5,0.0,1,10.32,4.16,SPY230331P00366000,366.0,0,0.0,0.0,,0.0,normalDay
2023-01-17,6886.0,617.0,0.0,0,397.77,0.0,1,10.32,4.15,SPY230331P00366000,366.0,0,0.0,0.0,,0.0,normalDay
2023-01-18,6886.0,492.0,0.0,0,391.49,0.0,1,10.32,5.4,SPY230331P00366000,366.0,0,0.0,0.0,,0.0,normalDay
2023-01-19,6886.0,445.0,0.0,0,388.64,0.0,1,10.32,5.87,SPY230331P00366000,366.0,0,0.0,0.0,,0.0,normalDay
2023-01-20,6886.0,594.0,0.0,0,395.88,0.0,1,10.32,4.38,SPY230331P00366000,366.0,0,0.0,0.0,,0.0,normalDay
2023-01-23,6886.0,674.0,0.0,0,400.63,0.0,1,10.32,3.58,SPY230331P00366000,366.0,0,0.0,0.0,,0.0,normalDay
2023-01-24,6886.0,708.0,0.0,0,400.2,0.0,1,10.32,3.24,SPY230331P00366000,366.0,0,0.0,0.0,,0.0,normalDay
2023-01-25,6886.0,701.0,0.0,0,400.35,0.0,1,10.32,3.31,SPY230331P00366000,366.0,0,0.0,0.0,,0.0,normalDay
2023-01-26,6886.0,757.0,0.0,0,404.75,0.0,1,10.32,2.75,SPY230331P00366000,366.0,0,0.0,0.0,,0.0,normalDay
2023-01-27,6886.0,773.0,0.0,0,405.68,0.0,1,10.32,2.59,SPY230331P00366000,366.0,0,0.0,0.0,,0.0,normalDay
2023-01-30,6886.0,719.0,0.0,0,400.59,0.0,1,10.32,3.13,SPY230331P00366000,366.0,0,0.0,0.0,,0.0,normalDay
2023-01-31,6886.0,784.0,0.0,0,406.48,0.0,1,10.32,2.48,SPY230331P00366000,366.0,0,0.0,0.0,,0.0,normalDay
2023-02-01,6886.0,847.0,0.0,0,410.8,0.0,1,10.32,1.85,SPY230331P00366000,366.0,0,0.0,0.0,,0.0,normalDay
2023-02-02,6886.0,845.0,0.0,0,416.78,0.0,1,10.32,1.87,SPY230331P00366000,366.0,0,0.0,0.0,,0.0,normalDay
2023-02-03,6886.0,840.0,0.0,0,412.35,0.0,1,10.32,1.92,SPY230331P00366000,366.0,0,0.0,0.0,,0.0,normalDay
2023-02-06,6886.0,825.0,0.0,0,409.83,0.0,1,10.32,2.07,SPY230331P00366000,366.0,0,0.0,0.0,,0.0,normalDay
2023-02-07,6886.0,873.0,0.0,0,415.19,0.0,1,10.32,1.59,SPY230331P00366000,366.0,0,0.0,0.0,,0.0,normalDay
2023-02-08,6886.0,833.0,0.0,0,410.65,0.0,1,10.32,1.99,SPY230331P00366000,366.0,0,0.0,0.0,,0.0,normalDay
2023-02-09,6886.0,796.0,0.0,0,407.09,0.0,1,10.32,2.36,SPY230331P00366000,366.0,0,0.0,0.0,,0.0,normalDay
2023-02-10,6886.0,812.0,0.0,0,408.04,0.0,1,10.32,2.2,SPY230331P00366000,366.0,0,0.0,0.0,,0.0,normalDay
2023-02-13,6886.0,872.0,0.0,0,412.83,0.0,1,10.32,1.6,SPY230331P00366000,366.0,0,0.0,0.0,,0.0,normalDay
2023-02-14,6886.0,896.0,0.0,0,412.64,0.0,1,10.32,1.36,SPY230331P00366000,366.0,0,0.0,0.0,,0.0,normalDay
2023-02-15,6886.0,918.0,0.0,0,413.98,0.0,1,10.32,1.14,SPY230331P00366000,366.0,0,0.0,0.0,,0.0,normalDay
2023-02-16,6886.0,862.0,0.0,0,408.28,0.0,1,10.32,1.7,SPY230331P00366000,366.0,0,0.0,0.0,,0.0,normalDay
2023-02-17,6886.0,868.0,0.0,0,407.26,0.0,1,10.32,1.64,SPY230331P00366000,366.0,0,0.0,0.0,,0.0,normalDay
2023-02-21,6886.0,792.0,0.0,0,399.09,0.0,1,10.32,2.4,SPY230331P00366000,366.0,0,0.0,0.0,,0.0,normalDay
2023-02-22,6886.0,808.0,0.0,0,398.54,0.0,1,10.32,2.24,SPY230331P00366000,366.0,0,0.0,0.0,,0.0,normalDay
2023-02-23,6886.0,853.0,0.0,0,400.66,0.0,1,10.32,1.79,SPY230331P00366000,366.0,0,0.0,0.0,,0.0,normalDay
2023-02-24,6886.0,813.0,0.0,0,396.38,0.0,1,10.32,2.19,SPY230331P00366000,366.0,0,0.0,0.0,,0.0,normalDay
2023-02-27,6886.0,871.0,0.0,0,397.73,0.0,1,10.32,1.61,SPY230331P00366000,366.0,0,0.0,0.0,,0.0,normalDay
2023-02-28,6886.0,869.0,0.0,0,396.26,0.0,1,10.32,1.63,SPY230331P00366000,366.0,0,0.0,0.0,,0.0,normalDay
2023-03-01,6886.0,867.0,0.0,0,394.74,0.0,1,10.32,1.65,SPY230331P00366000,366.0,0,0.0,0.0,,0.0,normalDay
2023-03-02,6886.0,917.0,0.0,0,397.81,0.0,1,10.32,1.15,SPY230331P00366000,366.0,0,0.0,0.0,,0.0,normalDay
2023-03-03,6886.0,967.0,0.0,0,404.19,0.0,1,10.32,0.65,SPY230331P00366000,366.0,0,0.0,0.0,,0.0,normalDay
2023-03-06,6886.0,975.0,0.0,0,404.47,0.0,1,10.32,0.57,SPY230331P00366000,366.0,0,0.0,0.0,,0.0,normalDay
2023-03-07,6886.0,941.0,0.0,0,398.27,0.0,1,10.32,0.91,SPY230331P00366000,366.0,0,0.0,0.0,,0.0,normalDay
2023-03-08,6886.0,957.0,0.0,0,398.92,0.0,1,10.32,0.75,SPY230331P00366000,366.0,0,0.0,0.0,,0.0,normalDay
2023-03-09,6886.0,844.0,0.0,0,391.56,0.0,1,10.32,1.88,SPY230331P00366000,366.0,0,0.0,0.0,,0.0,normalDay
2023-03-10,6886.0,733.0,0.0,0,385.91,0.0,1,10.32,2.99,SPY230331P00366000,366.0,0,0.0,0.0,,0.0,normalDay
2023-03-13,6886.0,713.0,0.0,0,385.36,0.0,1,10.32,3.19,SPY230331P00366000,366.0,0,0.0,0.0,,0.0,normalDay
2023-03-14,6886.0,880.0,0.0,0,391.73,0.0,1,10.32,1.52,SPY230331P00366000,366.0,0,0.0,0.0,,0.0,normalDay
2023-03-15,6886.0,794.0,0.0,0,389.28,0.0,1,10.32,2.38,SPY230331P00366000,366.0,0,0.0,0.0,,0.0,normalDay
2023-03-16,6886.0,925.0,0.0,0,396.11,0.0,1,10.32,1.07,SPY230331P00366000,366.0,0,0.0,0.0,,0.0,normalDay
2023-03-17,6886.0,879.0,0.0,0,389.99,0.0,1,10.32,1.53,SPY230331P00366000,366.0,0,0.0,0.0,,0.0,normalDay
2023-03-20,6886.0,943.0,0.0,0,393.74,0.0,1,10.32,0.89,SPY230331P00366000,366.0,0,0.0,0.0,,0.0,normalDay
2023-03-21,6886.0,998.0,0.0,0,398.91,0.0,1,10.32,0.34,SPY230331P00366000,366.0,0,0.0,0.0,,0.0,normalDay
2023-03-22,6886.0,975.0,0.0,0,392.11,0.0,1,10.32,0.57,SPY230331P00366000,366.0,0,0.0,0.0,,0.0,normalDay
2023-03-23,6886.0,988.0,0.0,0,393.17,0.0,1,10.32,0.44,SPY230331P00366000,366.0,0,0.0,0.0,,0.0,normalDay
2023-03-24,6886.0,1016.0,0.0,0,395.75,0.0,1,10.32,0.16,SPY230331P00366000,366.0,0,0.0,0.0,,0.0,normalDay
2023-03-27,6886.0,1027.0,0.0,0,396.49,0.0,1,10.32,0.05,SPY230331P00366000,366.0,0,0.0,0.0,,0.0,normalDay
2023-03-28,6886.0,1028.0,0.0,0,395.6,0.0,1,10.32,0.04,SPY230331P00366000,366.0,0,0.0,0.0,,0.0,normalDay
2023-03-29,6886.0,1029.0,0.0,0,401.35,0.0,1,10.32,0.03,SPY230331P00366000,366.0,0,0.0,0.0,,0.0,normalDay
2023-03-30,6886.0,1030.0,0.0,0,403.7,0.0,1,10.32,0.02,SPY230331P00366000,366.0,0,0.0,0.0,,0.0,normalDay
2023-03-31,7918.0,0.0,1032.0,0,409.39,0.0,1,10.32,0.0,SPY230331P00366000,366.0,0,0.0,0.0,,0.0,expirationDay
2023-04-03,7918.0,-4.0,0.0,0,410.95,0.0,1,3.94,3.98,SPY230616P00377000,377.0,0,0.0,0.0,,0.0,normalDay
2023-04-04,7918.0,-42.0,0.0,0,408.67,0.0,1,3.94,4.36,SPY230616P00377000,377.0,0,0.0,0.0,,0.0,normalDay
2023-04-05,7918.0,-61.0,0.0,0,407.6,0.0,1,3.94,4.55,SPY230616P00377000,377.0,0,0.0,0.0,,0.0,normalDay
2023-04-06,7918.0,-17.0,0.0,0,409.19,0.0,1,3.94,4.11,SPY230616P00377000,377.0,0,0.0,0.0,,0.0,normalDay
2023-04-10,7918.0,15.0,0.0,0,409.61,0.0,1,3.94,3.79,SPY230616P00377000,377.0,0,0.0,0.0,,0.0,normalDay
2023-04-11,7918.0,23.0,0.0,0,409.72,0.0,1,3.94,3.71,SPY230616P00377000,377.0,0,0.0,0.0,,0.0,normalDay
2023-04-12,7918.0,2.0,0.0,0,408.05,0.0,1,3.94,3.92,SPY230616P00377000,377.0,0,0.0,0.0,,0.0,normalDay
2023-04-13,7918.0,104.0,0.0,0,413.47,0.0,1,3.94,2.9,SPY230616P00377000,377.0,0,0.0,0.0,,0.0,normalDay
2023-04-14,7918.0,116.0,0.0,0,412.46,0.0,1,3.94,2.78,SPY230616P00377000,377.0,0,0.0,0.0,,0.0,normalDay
2023-04-17,7918.0,155.0,0.0,0,413.94,0.0,1,3.94,2.39,SPY230616P00377000,377.0,0,0.0,0.0,,0.0,normalDay
2023-04-18,7918.0,153.0,0.0,0,414.21,0.0,1,3.94,2.41,SPY230616P00377000,377.0,0,0.0,0.0,,0.0,normalDay
2023-04-19,7918.0,155.0,0.0,0,414.14,0.0,1,3.94,2.39,SPY230616P00377000,377.0,0,0.0,0.0,,0.0,normalDay
2023-04-20,7918.0,126.0,0.0,0,411.88,0.0,1,3.94,2.68,SPY230616P00377000,377.0,0,0.0,0.0,,0.0,normalDay
2023-04-21,7918.0,138.0,0.0,0,412.2,0.0,1,3.94,2.56,SPY230616P00377000,377.0,0,0.0,0.0,,0.0,normalDay
2023-04-24,7918.0,156.0,0.0,0,412.63,0.0,1,3.94,2.38,SPY230616P00377000,377.0,0,0.0,0.0,,0.0,normalDay
2023-04-25,7918.0,62.0,0.0,0,406.08,0.0,1,3.94,3.32,SPY230616P00377000,377.0,0,0.0,0.0,,0.0,normalDay
2023-04-26,7918.0,40.0,0.0,0,404.36,0.0,1,3.94,3.54,SPY230616P00377000,377.0,0,0.0,0.0,,0.0,normalDay
2023-04-27,7918.0,184.0,0.0,0,412.41,0.0,1,3.94,2.1,SPY230616P00377000,377.0,0,0.0,0.0,,0.0,normalDay
2023-04-28,7918.0,228.0,0.0,0,415.93,0.0,1,3.94,1.66,SPY230616P00377000,377.0,0,0.0,0.0,,0.0,normalDay
2023-05-01,7918.0,234.0,0.0,0,415.51,0.0,1,3.94,1.6,SPY230616P00377000,377.0,0,0.0,0.0,,0.0,normalDay
2023-05-02,7918.0,168.0,0.0,0,410.84,0.0,1,3.94,2.26,SPY230616P00377000,377.0,0,0.0,0.0,,0.0,normalDay
2023-05-03,7918.0,140.0,0.0,0,408.02,0.0,1,3.94,2.54,SPY230616P00377000,377.0,0,0.0,0.0,,0.0,normalDay
2023-05-04,7918.0,61.0,0.0,0,405.13,0.0,1,3.94,3.33,SPY230616P00377000,377.0,0,0.0,0.0,,0.0,normalDay
2023-05-05,7918.0,200.0,0.0,0,412.63,0.0,1,3.94,1.94,SPY230616P00377000,377.0,0,0.0,0.0,,0.0,normalDay
2023-05-08,7918.0,220.0,0.0,0,412.74,0.0,1,3.94,1.74,SPY230616P00377000,377.0,0,0.0,0.0,,0.0,normalDay
2023-05-09,7918.0,205.0,0.0,0,410.93,0.0,1,3.94,1.89,SPY230616P00377000,377.0,0,0.0,0.0,,0.0,normalDay
2023-05-10,7918.0,239.0,0.0,0,412.85,0.0,1,3.94,1.55,SPY230616P00377000,377.0,0,0.0,0.0,,0.0,normalDay
2023-05-11,7918.0,242.0,0.0,0,412.13,0.0,1,3.94,1.52,SPY230616P00377000,377.0,0,0.0,0.0,,0.0,normalDay
2023-05-12,7918.0,246.0,0.0,0,411.59,0.0,1,3.94,1.48,SPY230616P00377000,377.0,0,0.0,0.0,,0.0,normalDay
2023-05-15,7918.0,273.0,0.0,0,413.01,0.0,1,3.94,1.21,SPY230616P00377000,377.0,0,0.0,0.0,,0.0,normalDay
2023-05-16,7918.0,253.0,0.0,0,410.25,0.0,1,3.94,1.41,SPY230616P00377000,377.0,0,0.0,0.0,,0.0,normalDay
2023-05-17,7918.0,300.0,0.0,0,415.23,0.0,1,3.94,0.94,SPY230616P00377000,377.0,0,0.0,0.0,,0.0,normalDay
2023-05-18,7918.0,326.0,0.0,0,419.23,0.0,1,3.94,0.68,SPY230616P00377000,377.0,0,0.0,0.0,,0.0,normalDay
2023-05-19,7918.0,318.0,0.0,0,418.62,0.0,1,3.94,0.76,SPY230616P00377000,377.0,0,0.0,0.0,,0.0,normalDay
2023-05-22,7918.0,320.0,0.0,0,418.79,0.0,1,3.94,0.74,SPY230616P00377000,377.0,0,0.0,0.0,,0.0,normalDay
2023-05-23,7918.0,293.0,0.0,0,414.09,0.0,1,3.94,1.01,SPY230616P00377000,377.0,0,0.0,0.0,,0.0,normalDay
2023-05-24,7918.0,265.0,0.0,0,411.09,0.0,1,3.94,1.29,SPY230616P00377000,377.0,0,0.0,0.0,,0.0,normalDay
2023-05-25,7918.0,298.0,0.0,0,414.65,0.0,1,3.94,0.96,SPY230616P00377000,377.0,0,0.0,0.0,,0.0,normalDay
2023-05-26,7918.0,327.0,0.0,0,420.02,0.0,1,3.94,0.67,SPY230616P00377000,377.0,0,0.0,0.0,,0.0,normalDay
2023-05-30,7918.0,354.0,0.0,0,420.18,0.0,1,3.94,0.4,SPY230616P00377000,377.0,0,0.0,0.0,,0.0,normalDay
2023-05-31,7918.0,352.0,0.0,0,417.85,0.0,1,3.94,0.42,SPY230616P00377000,377.0,0,0.0,0.0,,0.0,normalDay
2023-06-01,7918.0,369.0,0.0,0,421.82,0.0,1,3.94,0.25,SPY230616P00377000,377.0,0,0.0,0.0,,0.0,normalDay
2023-06-02,7918.0,380.0,0.0,0,427.92,0.0,1,3.94,0.14,SPY230616P00377000,377.0,0,0.0,0.0,,0.0,normalDay
2023-06-05,7918.0,384.0,0.0,0,427.1,0.0,1,3.94,0.1,SPY230616P00377000,377.0,0,0.0,0.0,,0.0,normalDay
2023-06-06,7918.0,385.0,0.0,0,428.03,0.0,1,3.94,0.09,SPY230616P00377000,377.0,0,0.0,0.0,,0.0,normalDay
2023-06-07,7918.0,385.0,0.0,0,426.55,0.0,1,3.94,0.09,SPY230616P00377000,377.0,0,0.0,0.0,,0.0,normalDay
2023-06-08,7918.0,385.0,0.0,0,429.13,0.0,1,3.94,0.09,SPY230616P00377000,377.0,0,0.0,0.0,,0.0,normalDay
2023-06-09,7918.0,388.0,0.0,0,429.9,0.0,1,3.94,0.06,SPY230616P00377000,377.0,0,0.0,0.0,,0.0,normalDay
2023-06-12,7918.0,388.0,0.0,0,433.8,0.0,1,3.94,0.06,SPY230616P00377000,377.0,0,0.0,0.0,,0.0,normalDay
2023-06-13,7918.0,390.0,0.0,0,436.66,0.0,1,3.94,0.04,SPY230616P00377000,377.0,0,0.0,0.0,,0.0,normalDay
2023-06-14,7918.0,391.0,0.0,0,437.18,0.0,1,3.94,0.03,SPY230616P00377000,377.0,0,0.0,0.0,,0.0,normalDay
2023-06-15,7918.0,392.0,0.0,0,442.6,0.0,1,3.94,0.02,SPY230616P00377000,377.0,0,0.0,0.0,,0.0,normalDay
2023-06-16,8312.0,0.0,394.0,0,439.46,0.0,1,3.94,0.0,SPY230616P00377000,377.0,0,0.0,0.0,,0.0,expirationDay
2023-06-20,8312.0,-7.0,0.0,0,437.18,0.0,1,3.13,3.2,SPY230915P00401000,401.0,0,0.0,0.0,,0.0,normalDay
2023-06-21,8312.0,-5.0,0.0,0,434.94,0.0,1,3.13,3.18,SPY230915P00401000,401.0,0,0.0,0.0,,0.0,normalDay
2023-06-22,8312.0,21.0,0.0,0,436.51,0.0,1,3.13,2.92,SPY230915P00401000,401.0,0,0.0,0.0,,0.0,normalDay
2023-06-23,8312.0,-16.0,0.0,0,433.21,0.0,1,3.13,3.29,SPY230915P00401000,401.0,0,0.0,0.0,,0.0,normalDay
2023-06-26,8312.0,-24.0,0.0,0,431.44,0.0,1,3.13,3.37,SPY230915P00401000,401.0,0,0.0,0.0,,0.0,normalDay
2023-06-27,8312.0,44.0,0.0,0,436.17,0.0,1,3.13,2.69,SPY230915P00401000,401.0,0,0.0,0.0,,0.0,normalDay
2023-06-28,8312.0,73.0,0.0,0,436.39,0.0,1,3.13,2.4,SPY230915P00401000,401.0,0,0.0,0.0,,0.0,normalDay
2023-06-29,8312.0,77.0,0.0,0,438.11,0.0,1,3.13,2.36,SPY230915P00401000,401.0,0,0.0,0.0,,0.0,normalDay
2023-06-30,8312.0,117.0,0.0,0,443.28,0.0,1,3.13,1.96,SPY230915P00401000,401.0,0,0.0,0.0,,0.0,normalDay
2023-07-03,8312.0,126.0,0.0,0,443.79,0.0,1,3.13,1.87,SPY230915P00401000,401.0,0,0.0,0.0,,0.0,normalDay
2023-07-05,8312.0,116.0,0.0,0,443.13,0.0,1,3.13,1.97,SPY230915P00401000,401.0,0,0.0,0.0,,0.0,normalDay
2023-07-06,8312.0,69.0,0.0,0,439.66,0.0,1,3.13,2.44,SPY230915P00401000,401.0,0,0.0,0.0,,0.0,normalDay
2023-07-07,8312.0,80.0,0.0,0,438.55,0.0,1,3.13,2.33,SPY230915P00401000,401.0,0,0.0,0.0,,0.0,normalDay
2023-07-10,8312.0,94.0,0.0,0,439.66,0.0,1,3.13,2.19,SPY230915P00401000,401.0,0,0.0,0.0,,0.0,normalDay
2023-07-11,8312.0,121.0,0.0,0,442.46,0.0,1,3.13,1.92,SPY230915P00401000,401.0,0,0.0,0.0,,0.0,normalDay
2023-07-12,8312.0,167.0,0.0,0,446.02,0.0,1,3.13,1.46,SPY230915P00401000,401.0,0,0.0,0.0,,0.0,normalDay
2023-07-13,8312.0,178.0,0.0,0,449.56,0.0,1,3.13,1.35,SPY230915P00401000,401.0,0,0.0,0.0,,0.0,normalDay
2023-07-14,8312.0,184.0,0.0,0,449.28,0.0,1,3.13,1.29,SPY230915P00401000,401.0,0,0.0,0.0,,0.0,normalDay
2023-07-17,8312.0,195.0,0.0,0,450.84,0.0,1,3.13,1.18,SPY230915P00401000,401.0,0,0.0,0.0,,0.0,normalDay
2023-07-18,8312.0,214.0,0.0,0,454.19,0.0,1,3.13,0.99,SPY230915P00401000,401.0,0,0.0,0.0,,0.0,normalDay
2023-07-19,8312.0,209.0,0.0,0,455.2,0.0,1,3.13,1.04,SPY230915P00401000,401.0,0,0.0,0.0,,0.0,normalDay
2023-07-20,8312.0,201.0,0.0,0,452.18,0.0,1,3.13,1.12,SPY230915P00401000,401.0,0,0.0,0.0,,0.0,normalDay
2023-07-21,8312.0,206.0,0.0,0,452.18,0.0,1,3.13,1.07,SPY230915P00401000,401.0,0,0.0,0.0,,0.0,normalDay
2023-07-24,8312.0,219.0,0.0,0,454.2,0.0,1,3.13,0.94,SPY230915P00401000,401.0,0,0.0,0.0,,0.0,normalDay
2023-07-25,8312.0,225.0,0.0,0,455.44,0.0,1,3.13,0.88,SPY230915P00401000,401.0,0,0.0,0.0,,0.0,normalDay
2023-07-26,8312.0,237.0,0.0,0,455.51,0.0,1,3.13,0.76,SPY230915P00401000,401.0,0,0.0,0.0,,0.0,normalDay
2023-07-27,8312.0,214.0,0.0,0,452.49,0.0,1,3.13,0.99,SPY230915P00401000,401.0,0,0.0,0.0,,0.0,normalDay
2023-07-28,8312.0,243.0,0.0,0,456.92,0.0,1,3.13,0.7,SPY230915P00401000,401.0,0,0.0,0.0,,0.0,normalDay
2023-07-31,8312.0,251.0,0.0,0,457.79,0.0,1,3.13,0.62,SPY230915P00401000,401.0,0,0.0,0.0,,0.0,normalDay
2023-08-01,8312.0,248.0,0.0,0,456.48,0.0,1,3.13,0.65,SPY230915P00401000,401.0,0,0.0,0.0,,0.0,normalDay
2023-08-02,8312.0,207.0,0.0,0,450.13,0.0,1,3.13,1.06,SPY230915P00401000,401.0,0,0.0,0.0,,0.0,normalDay
2023-08-03,8312.0,211.0,0.0,0,448.84,0.0,1,3.13,1.02,SPY230915P00401000,401.0,0,0.0,0.0,,0.0,normalDay
2023-08-04,8312.0,183.0,0.0,0,446.81,0.0,1,3.13,1.3,SPY230915P00401000,401.0,0,0.0,0.0,,0.0,normalDay
2023-08-07,8312.0,226.0,0.0,0,450.71,0.0,1,3.13,0.87,SPY230915P00401000,401.0,0,0.0,0.0,,0.0,normalDay
2023-08-08,8312.0,220.0,0.0,0,448.75,0.0,1,3.13,0.93,SPY230915P00401000,401.0,0,0.0,0.0,,0.0,normalDay
2023-08-09,8312.0,219.0,0.0,0,445.75,0.0,1,3.13,0.94,SPY230915P00401000,401.0,0,0.0,0.0,,0.0,normalDay
2023-08-10,8312.0,223.0,0.0,0,445.91,0.0,1,3.13,0.9,SPY230915P00401000,401.0,0,0.0,0.0,,0.0,normalDay
2023-08-11,8312.0,238.0,0.0,0,445.65,0.0,1,3.13,0.75,SPY230915P00401000,401.0,0,0.0,0.0,,0.0,normalDay
2023-08-14,8312.0,256.0,0.0,0,448.11,0.0,1,3.13,0.57,SPY230915P00401000,401.0,0,0.0,0.0,,0.0,normalDay
2023-08-15,8312.0,231.0,0.0,0,442.89,0.0,1,3.13,0.82,SPY230915P00401000,401.0,0,0.0,0.0,,0.0,normalDay
2023-08-16,8312.0,221.0,0.0,0,439.64,0.0,1,3.13,0.92,SPY230915P00401000,401.0,0,0.0,0.0,,0.0,normalDay
2023-08-17,8312.0,194.0,0.0,0,436.29,0.0,1,3.13,1.19,SPY230915P00401000,401.0,0,0.0,0.0,,0.0,normalDay
2023-08-18,8312.0,218.0,0.0,0,436.5,0.0,1,3.13,0.95,SPY230915P00401000,401.0,0,0.0,0.0,,0.0,normalDay
2023-08-21,8312.0,242.0,0.0,0,439.34,0.0,1,3.13,0.71,SPY230915P00401000,401.0,0,0.0,0.0,,0.0,normalDay
2023-08-22,8312.0,248.0,0.0,0,438.15,0.0,1,3.13,0.65,SPY230915P00401000,401.0,0,0.0,0.0,,0.0,normalDay
2023-08-23,8312.0,272.0,0.0,0,443.03,0.0,1,3.13,0.41,SPY230915P00401000,401.0,0,0.0,0.0,,0.0,normalDay
2023-08-24,8312.0,253.0,0.0,0,436.89,0.0,1,3.13,0.6,SPY230915P00401000,401.0,0,0.0,0.0,,0.0,normalDay
2023-08-25,8312.0,276.0,0.0,0,439.97,0.0,1,3.13,0.37,SPY230915P00401000,401.0,0,0.0,0.0,,0.0,normalDay
2023-08-28,8312.0,290.0,0.0,0,442.76,0.0,1,3.13,0.23,SPY230915P00401000,401.0,0,0.0,0.0,,0.0,normalDay
2023-08-29,8312.0,296.0,0.0,0,449.16,0.0,1,3.13,0.17,SPY230915P00401000,401.0,0,0.0,0.0,,0.0,normalDay
2023-08-30,8312.0,297.0,0.0,0,451.01,0.0,1,3.13,0.16,SPY230915P00401000,401.0,0,0.0,0.0,,0.0,normalDay
2023-08-31,8312.0,299.0,0.0,0,450.35,0.0,1,3.13,0.14,SPY230915P00401000,401.0,0,0.0,0.0,,0.0,normalDay
2023-09-01,8312.0,302.0,0.0,0,451.19,0.0,1,3.13,0.11,SPY230915P00401000,401.0,0,0.0,0.0,,0.0,normalDay
2023-09-05,8312.0,304.0,0.0,0,449.24,0.0,1,3.13,0.09,SPY230915P00401000,401.0,0,0.0,0.0,,0.0,normalDay
2023-09-06,8312.0,304.0,0.0,0,446.22,0.0,1,3.13,0.09,SPY230915P00401000,401.0,0,0.0,0.0,,0.0,normalDay
2023-09-07,8312.0,306.0,0.0,0,444.85,0.0,1,3.13,0.07,SPY230915P00401000,401.0,0,0.0,0.0,,0.0,normalDay
2023-09-08,8312.0,308.0,0.0,0,445.52,0.0,1,3.13,0.05,SPY230915P00401000,401.0,0,0.0,0.0,,0.0,normalDay
2023-09-11,8312.0,309.0,0.0,0,448.45,0.0,1,3.13,0.04,SPY230915P00401000,401.0,0,0.0,0.0,,0.0,normalDay
2023-09-12,8312.0,309.0,0.0,0,445.99,0.0,1,3.13,0.04,SPY230915P00401000,401.0,0,0.0,0.0,,0.0,normalDay
2023-09-13,8312.0,311.0,0.0,0,446.51,0.0,1,3.13,0.02,SPY230915P00401000,401.0,0,0.0,0.0,,0.0,normalDay
2023-09-14,8312.0,311.0,0.0,0,450.36,0.0,1,3.13,0.02,SPY230915P00401000,401.0,0,0.0,0.0,,0.0,normalDay
2023-09-15,8625.0,0.0,313.0,0,443.37,0.0,1,3.13,0.0,SPY230915P00401000,401.0,0,0.0,0.0,,0.0,expirationDay
2023-09-18,8625.0,-3.0,0.0,0,443.63,0.0,1,4.66,4.69,SPY231117P00433000,433.0,0,0.0,0.0,,0.0,normalDay
2023-09-19,8625.0,-18.0,0.0,0,442.71,0.0,1,4.66,4.84,SPY231117P00433000,433.0,0,0.0,0.0,,0.0,normalDay
2023-09-20,8625.0,-167.0,0.0,0,438.64,0.0,1,4.66,6.33,SPY231117P00433000,433.0,0,0.0,0.0,,0.0,normalDay
2023-09-21,8625.0,-493.0,0.0,0,431.39,0.0,1,4.66,9.59,SPY231117P00433000,433.0,0,0.0,0.0,,0.0,normalDay
2023-09-22,8625.0,-519.0,0.0,0,430.42,0.0,1,4.66,9.85,SPY231117P00433000,433.0,0,0.0,0.0,,0.0,normalDay
2023-09-25,8625.0,-421.0,0.0,0,432.23,0.0,1,4.66,8.87,SPY231117P00433000,433.0,0,0.0,0.0,,0.0,normalDay
2023-09-26,8625.0,-768.0,0.0,0,425.88,0.0,1,4.66,12.34,SPY231117P00433000,433.0,0,0.0,0.0,,0.0,normalDay
2023-09-27,8625.0,-725.0,0.0,0,426.05,0.0,1,4.66,11.91,SPY231117P00433000,433.0,0,0.0,0.0,,0.0,normalDay
2023-09-28,8625.0,-590.0,0.0,0,428.52,0.0,1,4.66,10.56,SPY231117P00433000,433.0,0,0.0,0.0,,0.0,normalDay
2023-09-29,8625.0,-627.0,0.0,0,427.48,0.0,1,4.66,10.93,SPY231117P00433000,433.0,0,0.0,0.0,,0.0,normalDay
2023-10-02,8625.0,-615.0,0.0,0,427.31,0.0,1,4.66,10.81,SPY231117P00433000,433.0,0,0.0,0.0,,0.0,normalDay
2023-10-03,8625.0,-996.0,0.0,0,421.59,0.0,1,4.66,14.62,SPY231117P00433000,433.0,0,0.0,0.0,,0.0,normalDay
2023-10-04,8625.0,-800.0,0.0,0,424.66,0.0,1,4.66,12.66,SPY231117P00433000,433.0,0,0.0,0.0,,0.0,normalDay
2023-10-05,8625.0,-812.0,0.0,0,424.5,0.0,1,4.66,12.78,SPY231117P00433000,433.0,0,0.0,0.0,,0.0,normalDay
2023-10-06,8625.0,-470.0,0.0,0,429.54,0.0,1,4.66,9.36,SPY231117P00433000,433.0,0,0.0,0.0,,0.0,normalDay
2023-10-09,8625.0,-334.0,0.0,0,432.29,0.0,1,4.66,8.0,SPY231117P00433000,433.0,0,0.0,0.0,,0.0,normalDay
2023-10-10,8625.0,-219.0,0.0,0,434.54,0.0,1,4.66,6.85,SPY231117P00433000,433.0,0,0.0,0.0,,0.0,normalDay
2023-10-11,8625.0,-91.0,0.0,0,436.32,0.0,1,4.66,5.57,SPY231117P00433000,433.0,0,0.0,0.0,,0.0,normalDay
2023-10-12,8625.0,-203.0,0.0,0,433.66,0.0,1,4.66,6.69,SPY231117P00433000,433.0,0,0.0,0.0,,0.0,normalDay
2023-10-13,8625.0,-389.0,0.0,0,431.5,0.0,1,4.66,8.55,SPY231117P00433000,433.0,0,0.0,0.0,,0.0,normalDay
2023-10-16,8625.0,-107.0,0.0,0,436.04,0.0,1,4.66,5.73,SPY231117P00433000,433.0,0,0.0,0.0,,0.0,normalDay
2023-10-17,8625.0,-132.0,0.0,0,436.02,0.0,1,4.66,5.98,SPY231117P00433000,433.0,0,0.0,0.0,,0.0,normalDay
2023-10-18,8625.0,-371.0,0.0,0,430.21,0.0,1,4.66,8.37,SPY231117P00433000,433.0,0,0.0,0.0,,0.0,normalDay
2023-10-19,8625.0,-679.0,0.0,0,426.43,0.0,1,4.66,11.45,SPY231117P00433000,433.0,0,0.0,0.0,,0.0,normalDay
2023-10-20,8625.0,-939.0,0.0,0,421.19,0.0,1,4.66,14.05,SPY231117P00433000,433.0,0,0.0,0.0,,0.0,normalDay
2023-10-23,8625.0,-892.0,0.0,0,420.46,0.0,1,4.66,13.58,SPY231117P00433000,433.0,0,0.0,0.0,,0.0,normalDay
2023-10-24,8625.0,-670.0,0.0,0,423.63,0.0,1,4.66,11.36,SPY231117P00433000,433.0,0,0.0,0.0,,0.0,normalDay
2023-10-25,8625.0,-1223.0,0.0,0,417.55,0.0,1,4.66,16.89,SPY231117P00433000,433.0,0,0.0,0.0,,0.0,normalDay
2023-10-26,8625.0,-1644.0,0.0,0,412.55,0.0,1,4.66,21.1,SPY231117P00433000,433.0,0,0.0,0.0,,0.0,normalDay
2023-10-27,8625.0,-1820.0,0.0,0,410.68,0.0,1,4.66,22.86,SPY231117P00433000,433.0,0,0.0,0.0,,0.0,normalDay
2023-10-30,8625.0,-1329.0,0.0,0,415.59,0.0,1,4.66,17.95,SPY231117P00433000,433.0,0,0.0,0.0,,0.0,normalDay
2023-10-31,8625.0,-1083.0,0.0,0,418.2,0.0,1,4.66,15.49,SPY231117P00433000,433.0,0,0.0,0.0,,0.0,normalDay
2023-11-01,8625.0,-661.0,0.0,0,422.66,0.0,1,4.66,11.27,SPY231117P00433000,433.0,0,0.0,0.0,,0.0,normalDay
2023-11-02,8625.0,-92.0,0.0,0,430.76,0.0,1,4.66,5.58,SPY231117P00433000,433.0,0,0.0,0.0,,0.0,normalDay
2023-11-03,8625.0,149.0,0.0,0,434.69,0.0,1,4.66,3.17,SPY231117P00433000,433.0,0,0.0,0.0,,0.0,normalDay
2023-11-06,8625.0,202.0,0.0,0,435.69,0.0,1,4.66,2.64,SPY231117P00433000,433.0,0,0.0,0.0,,0.0,normalDay
2023-11-07,8625.0,262.0,0.0,0,436.93,0.0,1,4.66,2.04,SPY231117P00433000,433.0,0,0.0,0.0,,0.0,normalDay
2023-11-08,8625.0,292.0,0.0,0,437.25,0.0,1,4.66,1.74,SPY231117P00433000,433.0,0,0.0,0.0,,0.0,normalDay
2023-11-09,8625.0,186.0,0.0,0,433.84,0.0,1,4.66,2.8,SPY231117P00433000,433.0,0,0.0,0.0,,0.0,normalDay
2023-11-10,8625.0,402.0,0.0,0,440.61,0.0,1,4.66,0.64,SPY231117P00433000,433.0,0,0.0,0.0,,0.0,normalDay
2023-11-13,8625.0,406.0,0.0,0,440.19,0.0,1,4.66,0.6,SPY231117P00433000,433.0,0,0.0,0.0,,0.0,normalDay
2023-11-14,8625.0,455.0,0.0,0,448.73,0.0,1,4.66,0.11,SPY231117P00433000,433.0,0,0.0,0.0,,0.0,normalDay
2023-11-15,8625.0,461.0,0.0,0,449.68,0.0,1,4.66,0.05,SPY231117P00433000,433.0,0,0.0,0.0,,0.0,normalDay
2023-11-16,8625.0,464.0,0.0,0,450.23,0.0,1,4.66,0.02,SPY231117P00433000,433.0,0,0.0,0.0,,0.0,normalDay
2023-11-17,9091.0,0.0,466.0,0,450.79,0.0,1,4.66,0.0,SPY231117P00433000,433.0,0,0.0,0.0,,0.0,expirationDay
2023-11-20,9091.0,-3.0,0.0,0,454.26,0.0,1,0.89,0.92,SPY240131P00390000,390.0,0,0.0,0.0,,0.0,normalDay
2023-11-21,9091.0,0.0,0.0,0,453.27,0.0,1,0.89,0.89,SPY240131P00390000,390.0,0,0.0,0.0,,0.0,normalDay
2023-11-22,9091.0,4.0,0.0,0,455.02,0.0,1,0.89,0.85,SPY240131P00390000,390.0,0,0.0,0.0,,0.0,normalDay
2023-11-24,9091.0,14.0,0.0,0,455.3,0.0,1,0.89,0.75,SPY240131P00390000,390.0,0,0.0,0.0,,0.0,normalDay
2023-11-27,9091.0,14.0,0.0,0,454.48,0.0,1,0.89,0.75,SPY240131P00390000,390.0,0,0.0,0.0,,0.0,normalDay
2023-11-28,9091.0,19.0,0.0,0,454.93,0.0,1,0.89,0.7,SPY240131P00390000,390.0,0,0.0,0.0,,0.0,normalDay
2023-11-29,9091.0,18.0,0.0,0,454.61,0.0,1,0.89,0.71,SPY240131P00390000,390.0,0,0.0,0.0,,0.0,normalDay
2023-11-30,9091.0,23.0,0.0,0,456.4,0.0,1,0.89,0.66,SPY240131P00390000,390.0,0,0.0,0.0,,0.0,normalDay
