date,totalCapital,unrializedPnL,rializedPnL,stocksOwned,stocksPriceToday,stocksPriceBoughtAt,putOwned,putOwnedSoldAt,putPriceToday,putOwnedContract,putOwnedStrike,callOwned,callOwnedSoldAt,callPriceToday,callOwnedContract,callOwnedStrike,trackType
2018-11-01,0.0,-8.0,0.0,0,273.51,0.0,1,4.42,4.5,SPY181114P00275000,275.0,0,0.0,0.0,,0.0,normalDay
2018-11-02,0.0,-60.0,0.0,0,271.89,0.0,1,4.42,5.02,SPY181114P00275000,275.0,0,0.0,0.0,,0.0,normalDay
2018-11-05,0.0,60.0,0.0,0,273.39,0.0,1,4.42,3.82,SPY181114P00275000,275.0,0,0.0,0.0,,0.0,normalDay
2018-11-06,0.0,150.0,0.0,0,275.12,0.0,1,4.42,2.92,SPY181114P00275000,275.0,0,0.0,0.0,,0.0,normalDay
2018-11-07,0.0,383.0,0.0,0,281.01,0.0,1,4.42,0.59,SPY181114P00275000,275.0,0,0.0,0.0,,0.0,normalDay
2018-11-08,0.0,390.0,0.0,0,280.5,0.0,1,4.42,0.52,SPY181114P00275000,275.0,0,0.0,0.0,,0.0,normalDay
2018-11-09,0.0,353.0,0.0,0,277.76,0.0,1,4.42,0.89,SPY181114P00275000,275.0,0,0.0,0.0,,0.0,normalDay
2018-11-12,0.0,140.0,0.0,0,272.57,0.0,1,4.42,3.02,SPY181114P00275000,275.0,0,0.0,0.0,,0.0,normalDay
2018-11-13,0.0,113.0,0.0,0,272.06,0.0,1,4.42,3.29,SPY181114P00275000,275.0,0,0.0,0.0,,0.0,normalDay
2018-11-14,442.0,-480.0,442.0,100,270.2,275.0,1,4.42,0.0,SPY181114P00275000,275.0,0,0.0,0.0,,0.0,expirationDay
2018-11-15,442.0,-205.0,0.0,100,273.02,275.0,0,0.0,0.0,,0.0,1,1.42,1.49,SPY181128C00277500,277.5,normalDay
2018-11-16,442.0,-123.0,0.0,100,273.73,275.0,0,0.0,0.0,,0.0,1,1.42,1.38,SPY181128C00277500,277.5,normalDay
2018-11-19,442.0,-485.0,0.0,100,269.1,275.0,0,0.0,0.0,,0.0,1,1.42,0.37,SPY181128C00277500,277.5,normalDay
2018-11-20,442.0,-954.0,0.0,100,264.12,275.0,0,0.0,0.0,,0.0,1,1.42,0.08,SPY181128C00277500,277.5,normalDay
2018-11-21,442.0,-859.0,0.0,100,265.02,275.0,0,0.0,0.0,,0.0,1,1.42,0.03,SPY181128C00277500,277.5,normalDay
2018-11-23,442.0,-1035.0,0.0,100,263.25,275.0,0,0.0,0.0,,0.0,1,1.42,0.02,SPY181128C00277500,277.5,normalDay
2018-11-26,442.0,-609.0,0.0,100,267.5,275.0,0,0.0,0.0,,0.0,1,1.42,0.01,SPY181128C00277500,277.5,normalDay
2018-11-27,442.0,-519.0,0.0,100,268.4,275.0,0,0.0,0.0,,0.0,1,1.42,0.01,SPY181128C00277500,277.5,normalDay
2018-11-28,584.0,-42.0,142.0,100,274.58,275.0,0,0.0,0.0,,0.0,1,1.42,0.0,SPY181128C00277500,277.5,expirationDay
2018-11-29,584.0,-108.0,0.0,100,273.98,275.0,0,0.0,0.0,,0.0,1,2.51,2.57,SPY181212C00277000,277.0,normalDay
2018-11-30,584.0,-28.0,0.0,100,275.65,275.0,0,0.0,0.0,,0.0,1,2.51,3.44,SPY181212C00277000,277.0,normalDay
2018-12-03,584.0,269.0,0.0,100,279.3,275.0,0,0.0,0.0,,0.0,1,2.51,4.12,SPY181212C00277000,277.0,normalDay
2018-12-04,584.0,-311.0,0.0,100,270.25,275.0,0,0.0,0.0,,0.0,1,2.51,0.87,SPY181212C00277000,277.0,normalDay
2018-12-06,584.0,-322.0,0.0,100,269.84,275.0,0,0.0,0.0,,0.0,1,2.51,0.57,SPY181212C00277000,277.0,normalDay
2018-12-07,584.0,-898.0,0.0,100,263.57,275.0,0,0.0,0.0,,0.0,1,2.51,0.06,SPY181212C00277000,277.0,normalDay
2018-12-10,584.0,-844.0,0.0,100,264.07,275.0,0,0.0,0.0,,0.0,1,2.51,0.02,SPY181212C00277000,277.0,normalDay
2018-12-11,584.0,-837.0,0.0,100,264.13,275.0,0,0.0,0.0,,0.0,1,2.51,0.01,SPY181212C00277000,277.0,normalDay
2018-12-12,835.0,-954.0,251.0,100,265.46,275.0,0,0.0,0.0,,0.0,1,2.51,0.0,SPY181212C00277000,277.0,expirationDay
2018-12-13,835.0,-968.0,0.0,100,265.37,275.0,0,0.0,0.0,,0.0,1,0.39,0.44,SPY181226C00274000,274.0,normalDay
2018-12-14,835.0,-1428.0,0.0,100,260.47,275.0,0,0.0,0.0,,0.0,1,0.39,0.14,SPY181226C00274000,274.0,normalDay
2018-12-17,835.0,-1932.0,0.0,100,255.36,275.0,0,0.0,0.0,,0.0,1,0.39,0.07,SPY181226C00274000,274.0,normalDay
2018-12-18,835.0,-1959.0,0.0,100,255.08,275.0,0,0.0,0.0,,0.0,1,0.39,0.06,SPY181226C00274000,274.0,normalDay
2018-12-19,835.0,-2338.0,0.0,100,251.26,275.0,0,0.0,0.0,,0.0,1,0.39,0.03,SPY181226C00274000,274.0,normalDay
2018-12-20,835.0,-2747.0,0.0,100,247.17,275.0,0,0.0,0.0,,0.0,1,0.39,0.03,SPY181226C00274000,274.0,normalDay
2018-12-21,835.0,-3392.0,0.0,100,240.7,275.0,0,0.0,0.0,,0.0,1,0.39,0.01,SPY181226C00274000,274.0,normalDay
2018-12-24,835.0,-4028.0,0.0,100,234.34,275.0,0,0.0,0.0,,0.0,1,0.39,0.01,SPY181226C00274000,274.0,normalDay
2018-12-26,874.0,-2882.0,39.0,100,246.18,275.0,0,0.0,0.0,,0.0,1,0.39,0.0,SPY181226C00274000,274.0,expirationDay
2018-12-27,874.0,-2697.0,0.0,100,248.07,275.0,0,0.0,0.0,,0.0,1,0.04,0.08,SPY190109C00274000,274.0,normalDay
2018-12-28,874.0,-2726.0,0.0,100,247.75,275.0,0,0.0,0.0,,0.0,1,0.04,0.05,SPY190109C00274000,274.0,normalDay
2018-12-31,874.0,-2506.0,0.0,100,249.92,275.0,0,0.0,0.0,,0.0,1,0.04,0.02,SPY190109C00274000,274.0,normalDay
2019-01-02,874.0,-2479.0,0.0,100,250.18,275.0,0,0.0,0.0,,0.0,1,0.04,0.01,SPY190109C00274000,274.0,normalDay
2019-01-03,874.0,-3076.0,0.0,100,244.21,275.0,0,0.0,0.0,,0.0,1,0.04,0.01,SPY190109C00274000,274.0,normalDay
2019-01-04,874.0,-2258.0,0.0,100,252.39,275.0,0,0.0,0.0,,0.0,1,0.04,0.01,SPY190109C00274000,274.0,normalDay
2019-01-07,874.0,-2059.0,0.0,100,254.38,275.0,0,0.0,0.0,,0.0,1,0.04,0.01,SPY190109C00274000,274.0,normalDay
2019-01-08,874.0,-1820.0,0.0,100,256.77,275.0,0,0.0,0.0,,0.0,1,0.04,0.01,SPY190109C00274000,274.0,normalDay
2019-01-09,878.0,-1703.0,4.0,100,257.97,275.0,0,0.0,0.0,,0.0,1,0.04,0.0,SPY190109C00274000,274.0,expirationDay
2019-01-10,878.0,-1619.0,0.0,100,258.88,275.0,0,0.0,0.0,,0.0,1,2.02,2.09,SPY190123C00261000,261.0,normalDay
2019-01-11,878.0,-1571.0,0.0,100,258.98,275.0,0,0.0,0.0,,0.0,1,2.02,1.71,SPY190123C00261000,261.0,normalDay
2019-01-14,878.0,-1645.0,0.0,100,257.4,275.0,0,0.0,0.0,,0.0,1,2.02,0.87,SPY190123C00261000,261.0,normalDay
2019-01-15,878.0,-1440.0,0.0,100,260.35,275.0,0,0.0,0.0,,0.0,1,2.02,1.77,SPY190123C00261000,261.0,normalDay
2019-01-16,878.0,-1390.0,0.0,100,260.98,275.0,0,0.0,0.0,,0.0,1,2.02,1.9,SPY190123C00261000,261.0,normalDay
2019-01-17,878.0,-1299.0,0.0,100,262.96,275.0,0,0.0,0.0,,0.0,1,2.02,2.97,SPY190123C00261000,261.0,normalDay
2019-01-18,878.0,-1217.0,0.0,100,266.46,275.0,0,0.0,0.0,,0.0,1,2.02,5.65,SPY190123C00261000,261.0,normalDay
2019-01-22,878.0,-1250.0,0.0,100,262.86,275.0,0,0.0,0.0,,0.0,1,2.02,2.38,SPY190123C00261000,261.0,normalDay
2019-01-23,-320.0,-1250.0,-1198.0,0,263.41,0.0,0,0.0,0.0,,0.0,1,2.02,0.0,SPY190123C00261000,261.0,expirationDay
2019-01-24,-320.0,-4.0,0.0,0,263.55,0.0,1,1.2,1.24,SPY190206P00256000,256.0,0,0.0,0.0,,0.0,normalDay
2019-01-25,-320.0,61.0,0.0,0,265.78,0.0,1,1.2,0.59,SPY190206P00256000,256.0,0,0.0,0.0,,0.0,normalDay
2019-01-28,-320.0,38.0,0.0,0,263.76,0.0,1,1.2,0.82,SPY190206P00256000,256.0,0,0.0,0.0,,0.0,normalDay
2019-01-29,-320.0,36.0,0.0,0,263.41,0.0,1,1.2,0.84,SPY190206P00256000,256.0,0,0.0,0.0,,0.0,normalDay
2019-01-30,-320.0,98.0,0.0,0,267.58,0.0,1,1.2,0.22,SPY190206P00256000,256.0,0,0.0,0.0,,0.0,normalDay
2019-01-31,-320.0,113.0,0.0,0,269.93,0.0,1,1.2,0.07,SPY190206P00256000,256.0,0,0.0,0.0,,0.0,normalDay
2019-02-01,-320.0,118.0,0.0,0,270.06,0.0,1,1.2,0.02,SPY190206P00256000,256.0,0,0.0,0.0,,0.0,normalDay
2019-02-04,-320.0,119.0,0.0,0,271.96,0.0,1,1.2,0.01,SPY190206P00256000,256.0,0,0.0,0.0,,0.0,normalDay
2019-02-05,-320.0,119.0,0.0,0,273.1,0.0,1,1.2,0.01,SPY190206P00256000,256.0,0,0.0,0.0,,0.0,normalDay
2019-02-06,-200.0,0.0,120.0,0,272.74,0.0,1,1.2,0.0,SPY190206P00256000,256.0,0,0.0,0.0,,0.0,expirationDay
2019-02-07,-200.0,-5.0,0.0,0,270.14,0.0,1,0.98,1.03,SPY190220P00265000,265.0,0,0.0,0.0,,0.0,normalDay
2019-02-08,-200.0,13.0,0.0,0,270.47,0.0,1,0.98,0.85,SPY190220P00265000,265.0,0,0.0,0.0,,0.0,normalDay
2019-02-11,-200.0,28.0,0.0,0,270.62,0.0,1,0.98,0.7,SPY190220P00265000,265.0,0,0.0,0.0,,0.0,normalDay
2019-02-12,-200.0,73.0,0.0,0,274.1,0.0,1,0.98,0.25,SPY190220P00265000,265.0,0,0.0,0.0,,0.0,normalDay
2019-02-13,-200.0,84.0,0.0,0,274.99,0.0,1,0.98,0.14,SPY190220P00265000,265.0,0,0.0,0.0,,0.0,normalDay
2019-02-14,-200.0,85.0,0.0,0,274.38,0.0,1,0.98,0.13,SPY190220P00265000,265.0,0,0.0,0.0,,0.0,normalDay
2019-02-15,-200.0,95.0,0.0,0,277.37,0.0,1,0.98,0.03,SPY190220P00265000,265.0,0,0.0,0.0,,0.0,normalDay
2019-02-19,-200.0,97.0,0.0,0,277.85,0.0,1,0.98,0.01,SPY190220P00265000,265.0,0,0.0,0.0,,0.0,normalDay
2019-02-20,-102.0,0.0,98.0,0,278.41,0.0,1,0.98,0.0,SPY190220P00265000,265.0,0,0.0,0.0,,0.0,expirationDay
2019-02-21,-102.0,-4.0,0.0,0,277.42,0.0,1,0.73,0.77,SPY190306P00271000,271.0,0,0.0,0.0,,0.0,normalDay
2019-02-22,-102.0,32.0,0.0,0,279.14,0.0,1,0.73,0.41,SPY190306P00271000,271.0,0,0.0,0.0,,0.0,normalDay
2019-02-25,-102.0,36.0,0.0,0,279.52,0.0,1,0.73,0.37,SPY190306P00271000,271.0,0,0.0,0.0,,0.0,normalDay
2019-02-26,-102.0,39.0,0.0,0,279.32,0.0,1,0.73,0.34,SPY190306P00271000,271.0,0,0.0,0.0,,0.0,normalDay
2019-02-27,-102.0,50.0,0.0,0,279.2,0.0,1,0.73,0.23,SPY190306P00271000,271.0,0,0.0,0.0,,0.0,normalDay
2019-02-28,-102.0,55.0,0.0,0,278.68,0.0,1,0.73,0.18,SPY190306P00271000,271.0,0,0.0,0.0,,0.0,normalDay
2019-03-01,-102.0,68.0,0.0,0,280.42,0.0,1,0.73,0.05,SPY190306P00271000,271.0,0,0.0,0.0,,0.0,normalDay
2019-03-04,-102.0,70.0,0.0,0,279.4,0.0,1,0.73,0.03,SPY190306P00271000,271.0,0,0.0,0.0,,0.0,normalDay
2019-03-05,-102.0,72.0,0.0,0,279.02,0.0,1,0.73,0.01,SPY190306P00271000,271.0,0,0.0,0.0,,0.0,normalDay
2019-03-06,-29.0,0.0,73.0,0,277.33,0.0,1,0.73,0.0,SPY190306P00271000,271.0,0,0.0,0.0,,0.0,expirationDay
2019-03-07,-29.0,-21.0,0.0,0,275.01,0.0,1,3.8,4.01,SPY190320P00276500,276.5,0,0.0,0.0,,0.0,normalDay
2019-03-08,-29.0,-29.0,0.0,0,274.46,0.0,1,3.8,4.09,SPY190320P00276500,276.5,0,0.0,0.0,,0.0,normalDay
2019-03-11,-29.0,208.0,0.0,0,278.44,0.0,1,3.8,1.72,SPY190320P00276500,276.5,0,0.0,0.0,,0.0,normalDay
2019-03-12,-29.0,257.0,0.0,0,279.49,0.0,1,3.8,1.23,SPY190320P00276500,276.5,0,0.0,0.0,,0.0,normalDay
2019-03-13,-29.0,322.0,0.0,0,281.34,0.0,1,3.8,0.58,SPY190320P00276500,276.5,0,0.0,0.0,,0.0,normalDay
2019-03-14,-29.0,326.0,0.0,0,281.16,0.0,1,3.8,0.54,SPY190320P00276500,276.5,0,0.0,0.0,,0.0,normalDay
2019-03-15,-29.0,361.0,0.0,0,281.31,0.0,1,3.8,0.19,SPY190320P00276500,276.5,0,0.0,0.0,,0.0,normalDay
2019-03-18,-29.0,376.0,0.0,0,282.33,0.0,1,3.8,0.04,SPY190320P00276500,276.5,0,0.0,0.0,,0.0,normalDay
2019-03-19,-29.0,377.0,0.0,0,282.4,0.0,1,3.8,0.03,SPY190320P00276500,276.5,0,0.0,0.0,,0.0,normalDay
2019-03-20,351.0,0.0,380.0,0,281.55,0.0,1,3.8,0.0,SPY190320P00276500,276.5,0,0.0,0.0,,0.0,expirationDay
2019-03-21,351.0,-4.0,0.0,0,284.73,0.0,1,1.0,1.04,SPY190403P00280000,280.0,0,0.0,0.0,,0.0,normalDay
2019-03-22,351.0,-196.0,0.0,0,279.25,0.0,1,1.0,2.96,SPY190403P00280000,280.0,0,0.0,0.0,,0.0,normalDay
2019-03-25,351.0,-189.0,0.0,0,279.04,0.0,1,1.0,2.89,SPY190403P00280000,280.0,0,0.0,0.0,,0.0,normalDay
2019-03-26,351.0,-72.0,0.0,0,281.12,0.0,1,1.0,1.72,SPY190403P00280000,280.0,0,0.0,0.0,,0.0,normalDay
2019-03-27,351.0,-117.0,0.0,0,279.65,0.0,1,1.0,2.17,SPY190403P00280000,280.0,0,0.0,0.0,,0.0,normalDay
2019-03-28,351.0,-38.0,0.0,0,280.71,0.0,1,1.0,1.38,SPY190403P00280000,280.0,0,0.0,0.0,,0.0,normalDay
2019-03-29,351.0,46.0,0.0,0,282.48,0.0,1,1.0,0.54,SPY190403P00280000,280.0,0,0.0,0.0,,0.0,normalDay
2019-04-01,351.0,94.0,0.0,0,285.83,0.0,1,1.0,0.06,SPY190403P00280000,280.0,0,0.0,0.0,,0.0,normalDay
2019-04-02,351.0,99.0,0.0,0,285.97,0.0,1,1.0,0.01,SPY190403P00280000,280.0,0,0.0,0.0,,0.0,normalDay
2019-04-03,451.0,0.0,100.0,0,286.42,0.0,1,1.0,0.0,SPY190403P00280000,280.0,0,0.0,0.0,,0.0,expirationDay
2019-04-04,451.0,-4.0,0.0,0,287.18,0.0,1,0.67,0.71,SPY190417P00281500,281.5,0,0.0,0.0,,0.0,normalDay
2019-04-05,451.0,29.0,0.0,0,288.57,0.0,1,0.67,0.38,SPY190417P00281500,281.5,0,0.0,0.0,,0.0,normalDay
2019-04-08,451.0,39.0,0.0,0,288.79,0.0,1,0.67,0.28,SPY190417P00281500,281.5,0,0.0,0.0,,0.0,normalDay
2019-04-09,451.0,22.0,0.0,0,287.31,0.0,1,0.67,0.45,SPY190417P00281500,281.5,0,0.0,0.0,,0.0,normalDay
2019-04-10,451.0,49.0,0.0,0,288.29,0.0,1,0.67,0.18,SPY190417P00281500,281.5,0,0.0,0.0,,0.0,normalDay
2019-04-11,451.0,53.0,0.0,0,288.21,0.0,1,0.67,0.14,SPY190417P00281500,281.5,0,0.0,0.0,,0.0,normalDay
2019-04-12,451.0,62.0,0.0,0,290.16,0.0,1,0.67,0.05,SPY190417P00281500,281.5,0,0.0,0.0,,0.0,normalDay
2019-04-15,451.0,64.0,0.0,0,289.97,0.0,1,0.67,0.03,SPY190417P00281500,281.5,0,0.0,0.0,,0.0,normalDay
2019-04-16,451.0,66.0,0.0,0,290.16,0.0,1,0.67,0.01,SPY190417P00281500,281.5,0,0.0,0.0,,0.0,normalDay
2019-04-17,518.0,0.0,67.0,0,289.45,0.0,1,0.67,0.0,SPY190417P00281500,281.5,0,0.0,0.0,,0.0,expirationDay
2019-04-18,518.0,-4.0,0.0,0,290.02,0.0,1,0.78,0.82,SPY190501P00286000,286.0,0,0.0,0.0,,0.0,normalDay
2019-04-22,518.0,23.0,0.0,0,290.27,0.0,1,0.78,0.55,SPY190501P00286000,286.0,0,0.0,0.0,,0.0,normalDay
2019-04-23,518.0,46.0,0.0,0,292.88,0.0,1,0.78,0.32,SPY190501P00286000,286.0,0,0.0,0.0,,0.0,normalDay
2019-04-24,518.0,45.0,0.0,0,292.23,0.0,1,0.78,0.33,SPY190501P00286000,286.0,0,0.0,0.0,,0.0,normalDay
2019-04-25,518.0,50.0,0.0,0,292.05,0.0,1,0.78,0.28,SPY190501P00286000,286.0,0,0.0,0.0,,0.0,normalDay
2019-04-26,518.0,63.0,0.0,0,293.41,0.0,1,0.78,0.15,SPY190501P00286000,286.0,0,0.0,0.0,,0.0,normalDay
2019-04-29,518.0,73.0,0.0,0,293.87,0.0,1,0.78,0.05,SPY190501P00286000,286.0,0,0.0,0.0,,0.0,normalDay
2019-04-30,518.0,76.0,0.0,0,294.02,0.0,1,0.78,0.02,SPY190501P00286000,286.0,0,0.0,0.0,,0.0,normalDay
2019-05-01,596.0,0.0,78.0,0,291.81,0.0,1,0.78,0.0,SPY190501P00286000,286.0,0,0.0,0.0,,0.0,expirationDay
2019-05-02,596.0,-4.0,0.0,0,291.18,0.0,1,2.01,2.05,SPY190515P00290000,290.0,0,0.0,0.0,,0.0,normalDay
2019-05-03,596.0,114.0,0.0,0,294.03,0.0,1,2.01,0.87,SPY190515P00290000,290.0,0,0.0,0.0,,0.0,normalDay
2019-05-06,596.0,54.0,0.0,0,292.82,0.0,1,2.01,1.47,SPY190515P00290000,290.0,0,0.0,0.0,,0.0,normalDay
2019-05-07,596.0,-202.0,0.0,0,287.93,0.0,1,2.01,4.03,SPY190515P00290000,290.0,0,0.0,0.0,,0.0,normalDay
2019-05-08,596.0,-206.0,0.0,0,287.53,0.0,1,2.01,4.07,SPY190515P00290000,290.0,0,0.0,0.0,,0.0,normalDay
2019-05-09,596.0,-262.0,0.0,0,286.66,0.0,1,2.01,4.63,SPY190515P00290000,290.0,0,0.0,0.0,,0.0,normalDay
2019-05-10,596.0,-109.0,0.0,0,288.1,0.0,1,2.01,3.1,SPY190515P00290000,290.0,0,0.0,0.0,,0.0,normalDay
2019-05-13,596.0,-751.0,0.0,0,280.86,0.0,1,2.01,9.52,SPY190515P00290000,290.0,0,0.0,0.0,,0.0,normalDay
2019-05-14,596.0,-470.0,0.0,0,283.4,0.0,1,2.01,6.71,SPY190515P00290000,290.0,0,0.0,0.0,,0.0,normalDay
2019-05-15,797.0,-494.0,201.0,100,285.06,290.0,1,2.01,0.0,SPY190515P00290000,290.0,0,0.0,0.0,,0.0,expirationDay
2019-05-16,797.0,-233.0,0.0,100,287.7,290.0,0,0.0,0.0,,0.0,1,0.35,0.38,SPY190529C00294000,294.0,normalDay
2019-05-17,797.0,-397.0,0.0,100,285.84,290.0,0,0.0,0.0,,0.0,1,0.35,0.16,SPY190529C00294000,294.0,normalDay
2019-05-20,797.0,-576.0,0.0,100,283.95,290.0,0,0.0,0.0,,0.0,1,0.35,0.06,SPY190529C00294000,294.0,normalDay
2019-05-21,797.0,-322.0,0.0,100,286.51,290.0,0,0.0,0.0,,0.0,1,0.35,0.08,SPY190529C00294000,294.0,normalDay
2019-05-22,797.0,-405.0,0.0,100,285.63,290.0,0,0.0,0.0,,0.0,1,0.35,0.03,SPY190529C00294000,294.0,normalDay
2019-05-23,797.0,-752.0,0.0,100,282.14,290.0,0,0.0,0.0,,0.0,1,0.35,0.01,SPY190529C00294000,294.0,normalDay
2019-05-24,797.0,-688.0,0.0,100,282.78,290.0,0,0.0,0.0,,0.0,1,0.35,0.01,SPY190529C00294000,294.0,normalDay
2019-05-28,797.0,-951.0,0.0,100,280.15,290.0,0,0.0,0.0,,0.0,1,0.35,0.01,SPY190529C00294000,294.0,normalDay
2019-05-29,832.0,-1173.0,35.0,100,278.27,290.0,0,0.0,0.0,,0.0,1,0.35,0.0,SPY190529C00294000,294.0,expirationDay
2019-05-30,832.0,-1100.0,0.0,100,279.03,290.0,0,0.0,0.0,,0.0,1,0.1,0.13,SPY190612C00290000,290.0,normalDay
2019-05-31,832.0,-1468.0,0.0,100,275.27,290.0,0,0.0,0.0,,0.0,1,0.1,0.05,SPY190612C00290000,290.0,normalDay
2019-06-03,832.0,-1535.0,0.0,100,274.57,290.0,0,0.0,0.0,,0.0,1,0.1,0.02,SPY190612C00290000,290.0,normalDay
2019-06-04,832.0,-944.0,0.0,100,280.53,290.0,0,0.0,0.0,,0.0,1,0.1,0.07,SPY190612C00290000,290.0,normalDay
2019-06-05,832.0,-707.0,0.0,100,282.96,290.0,0,0.0,0.0,,0.0,1,0.1,0.13,SPY190612C00290000,290.0,normalDay
2019-06-06,832.0,-535.0,0.0,100,284.8,290.0,0,0.0,0.0,,0.0,1,0.1,0.25,SPY190612C00290000,290.0,normalDay
2019-06-07,832.0,-296.0,0.0,100,287.65,290.0,0,0.0,0.0,,0.0,1,0.1,0.71,SPY190612C00290000,290.0,normalDay
2019-06-10,832.0,-171.0,0.0,100,288.97,290.0,0,0.0,0.0,,0.0,1,0.1,0.78,SPY190612C00290000,290.0,normalDay
2019-06-11,832.0,-136.0,0.0,100,288.9,290.0,0,0.0,0.0,,0.0,1,0.1,0.36,SPY190612C00290000,290.0,normalDay
2019-06-12,842.0,-161.0,10.0,100,288.39,290.0,0,0.0,0.0,,0.0,1,0.1,0.0,SPY190612C00290000,290.0,expirationDay
2019-06-13,842.0,-48.0,0.0,100,289.58,290.0,0,0.0,0.0,,0.0,1,3.17,3.23,SPY190626C00288500,288.5,normalDay
2019-06-14,842.0,-37.0,0.0,100,289.26,290.0,0,0.0,0.0,,0.0,1,3.17,2.8,SPY190626C00288500,288.5,normalDay
2019-06-17,842.0,2.0,0.0,100,289.37,290.0,0,0.0,0.0,,0.0,1,3.17,2.52,SPY190626C00288500,288.5,normalDay
2019-06-18,842.0,93.0,0.0,100,292.4,290.0,0,0.0,0.0,,0.0,1,3.17,4.64,SPY190626C00288500,288.5,normalDay
2019-06-19,842.0,126.0,0.0,100,293.06,290.0,0,0.0,0.0,,0.0,1,3.17,4.97,SPY190626C00288500,288.5,normalDay
2019-06-20,842.0,146.0,0.0,100,295.86,290.0,0,0.0,0.0,,0.0,1,3.17,7.57,SPY190626C00288500,288.5,normalDay
2019-06-21,842.0,118.0,0.0,100,294.0,290.0,0,0.0,0.0,,0.0,1,3.17,5.99,SPY190626C00288500,288.5,normalDay
2019-06-24,842.0,140.0,0.0,100,293.64,290.0,0,0.0,0.0,,0.0,1,3.17,5.41,SPY190626C00288500,288.5,normalDay
2019-06-25,842.0,133.0,0.0,100,290.76,290.0,0,0.0,0.0,,0.0,1,3.17,2.6,SPY190626C00288500,288.5,normalDay
2019-06-26,1009.0,133.0,167.0,0,290.47,0.0,0,0.0,0.0,,0.0,1,3.17,0.0,SPY190626C00288500,288.5,expirationDay
2019-06-27,1009.0,-5.0,0.0,0,291.5,0.0,1,1.72,1.77,SPY190710P00288000,288.0,0,0.0,0.0,,0.0,normalDay
2019-06-28,1009.0,50.0,0.0,0,293.0,0.0,1,1.72,1.22,SPY190710P00288000,288.0,0,0.0,0.0,,0.0,normalDay
2019-07-01,1009.0,135.0,0.0,0,295.66,0.0,1,1.72,0.37,SPY190710P00288000,288.0,0,0.0,0.0,,0.0,normalDay
2019-07-02,1009.0,155.0,0.0,0,296.43,0.0,1,1.72,0.17,SPY190710P00288000,288.0,0,0.0,0.0,,0.0,normalDay
2019-07-03,1009.0,164.0,0.0,0,298.8,0.0,1,1.72,0.08,SPY190710P00288000,288.0,0,0.0,0.0,,0.0,normalDay
2019-07-05,1009.0,168.0,0.0,0,298.46,0.0,1,1.72,0.04,SPY190710P00288000,288.0,0,0.0,0.0,,0.0,normalDay
2019-07-08,1009.0,170.0,0.0,0,296.82,0.0,1,1.72,0.02,SPY190710P00288000,288.0,0,0.0,0.0,,0.0,normalDay
2019-07-09,1009.0,171.0,0.0,0,297.19,0.0,1,1.72,0.01,SPY190710P00288000,288.0,0,0.0,0.0,,0.0,normalDay
2019-07-10,1181.0,0.0,172.0,0,298.61,0.0,1,1.72,0.0,SPY190710P00288000,288.0,0,0.0,0.0,,0.0,expirationDay
2019-07-11,1181.0,-3.0,0.0,0,299.31,0.0,1,0.6,0.63,SPY190724P00294000,294.0,0,0.0,0.0,,0.0,normalDay
2019-07-12,1181.0,18.0,0.0,0,300.65,0.0,1,0.6,0.42,SPY190724P00294000,294.0,0,0.0,0.0,,0.0,normalDay
2019-07-15,1181.0,25.0,0.0,0,300.75,0.0,1,0.6,0.35,SPY190724P00294000,294.0,0,0.0,0.0,,0.0,normalDay
2019-07-16,1181.0,20.0,0.0,0,299.78,0.0,1,0.6,0.4,SPY190724P00294000,294.0,0,0.0,0.0,,0.0,normalDay
2019-07-17,1181.0,-5.0,0.0,0,297.74,0.0,1,0.6,0.65,SPY190724P00294000,294.0,0,0.0,0.0,,0.0,normalDay
2019-07-18,1181.0,24.0,0.0,0,298.83,0.0,1,0.6,0.36,SPY190724P00294000,294.0,0,0.0,0.0,,0.0,normalDay
2019-07-19,1181.0,12.0,0.0,0,297.17,0.0,1,0.6,0.48,SPY190724P00294000,294.0,0,0.0,0.0,,0.0,normalDay
2019-07-22,1181.0,48.0,0.0,0,297.9,0.0,1,0.6,0.12,SPY190724P00294000,294.0,0,0.0,0.0,,0.0,normalDay
2019-07-23,1181.0,58.0,0.0,0,300.03,0.0,1,0.6,0.02,SPY190724P00294000,294.0,0,0.0,0.0,,0.0,normalDay
2019-07-24,1241.0,0.0,60.0,0,301.44,0.0,1,0.6,0.0,SPY190724P00294000,294.0,0,0.0,0.0,,0.0,expirationDay
2019-07-25,1241.0,-4.0,0.0,0,300.0,0.0,1,1.62,1.66,SPY190807P00298000,298.0,0,0.0,0.0,,0.0,normalDay
2019-07-26,1241.0,64.0,0.0,0,302.01,0.0,1,1.62,0.98,SPY190807P00298000,298.0,0,0.0,0.0,,0.0,normalDay
2019-07-29,1241.0,69.0,0.0,0,301.46,0.0,1,1.62,0.93,SPY190807P00298000,298.0,0,0.0,0.0,,0.0,normalDay
2019-07-30,1241.0,26.0,0.0,0,300.72,0.0,1,1.62,1.36,SPY190807P00298000,298.0,0,0.0,0.0,,0.0,normalDay
2019-07-31,1241.0,-113.0,0.0,0,297.43,0.0,1,1.62,2.75,SPY190807P00298000,298.0,0,0.0,0.0,,0.0,normalDay
2019-08-01,1241.0,-237.0,0.0,0,294.84,0.0,1,1.62,3.99,SPY190807P00298000,298.0,0,0.0,0.0,,0.0,normalDay
2019-08-02,1241.0,-379.0,0.0,0,292.62,0.0,1,1.62,5.41,SPY190807P00298000,298.0,0,0.0,0.0,,0.0,normalDay
2019-08-05,1241.0,-1313.0,0.0,0,283.82,0.0,1,1.62,14.75,SPY190807P00298000,298.0,0,0.0,0.0,,0.0,normalDay
2019-08-06,1241.0,-866.0,0.0,0,287.8,0.0,1,1.62,10.28,SPY190807P00298000,298.0,0,0.0,0.0,,0.0,normalDay
2019-08-07,1403.0,-1003.0,162.0,100,287.97,298.0,1,1.62,0.0,SPY190807P00298000,298.0,0,0.0,0.0,,0.0,expirationDay
2019-08-08,1403.0,-441.0,0.0,100,293.62,298.0,0,0.0,0.0,,0.0,1,0.13,0.16,SPY190821C00303000,303.0,normalDay
2019-08-09,1403.0,-632.0,0.0,100,291.62,298.0,0,0.0,0.0,,0.0,1,0.13,0.07,SPY190821C00303000,303.0,normalDay
2019-08-12,1403.0,-983.0,0.0,100,288.07,298.0,0,0.0,0.0,,0.0,1,0.13,0.03,SPY190821C00303000,303.0,normalDay
2019-08-13,1403.0,-537.0,0.0,100,292.55,298.0,0,0.0,0.0,,0.0,1,0.13,0.05,SPY190821C00303000,303.0,normalDay
2019-08-14,1403.0,-1399.0,0.0,100,283.9,298.0,0,0.0,0.0,,0.0,1,0.13,0.02,SPY190821C00303000,303.0,normalDay
2019-08-15,1403.0,-1323.0,0.0,100,284.65,298.0,0,0.0,0.0,,0.0,1,0.13,0.01,SPY190821C00303000,303.0,normalDay
2019-08-16,1403.0,-903.0,0.0,100,288.85,298.0,0,0.0,0.0,,0.0,1,0.13,0.01,SPY190821C00303000,303.0,normalDay
2019-08-19,1403.0,-555.0,0.0,100,292.33,298.0,0,0.0,0.0,,0.0,1,0.13,0.01,SPY190821C00303000,303.0,normalDay
2019-08-20,1403.0,-779.0,0.0,100,290.09,298.0,0,0.0,0.0,,0.0,1,0.13,0.01,SPY190821C00303000,303.0,normalDay
2019-08-21,1416.0,-555.0,13.0,100,292.45,298.0,0,0.0,0.0,,0.0,1,0.13,0.0,SPY190821C00303000,303.0,expirationDay
2019-08-22,1416.0,-568.0,0.0,100,292.36,298.0,0,0.0,0.0,,0.0,1,0.63,0.67,SPY190904C00298000,298.0,normalDay
2019-08-23,1416.0,-1266.0,0.0,100,284.85,298.0,0,0.0,0.0,,0.0,1,0.63,0.14,SPY190904C00298000,298.0,normalDay
2019-08-26,1416.0,-950.0,0.0,100,288.0,298.0,0,0.0,0.0,,0.0,1,0.63,0.13,SPY190904C00298000,298.0,normalDay
2019-08-27,1416.0,-1058.0,0.0,100,286.87,298.0,0,0.0,0.0,,0.0,1,0.63,0.08,SPY190904C00298000,298.0,normalDay
2019-08-28,1416.0,-858.0,0.0,100,288.89,298.0,0,0.0,0.0,,0.0,1,0.63,0.1,SPY190904C00298000,298.0,normalDay
2019-08-29,1416.0,-502.0,0.0,100,292.58,298.0,0,0.0,0.0,,0.0,1,0.63,0.23,SPY190904C00298000,298.0,normalDay
2019-08-30,1416.0,-513.0,0.0,100,292.45,298.0,0,0.0,0.0,,0.0,1,0.63,0.21,SPY190904C00298000,298.0,normalDay
2019-09-03,1416.0,-664.0,0.0,100,290.74,298.0,0,0.0,0.0,,0.0,1,0.63,0.01,SPY190904C00298000,298.0,normalDay
2019-09-04,1479.0,-396.0,63.0,100,294.04,298.0,0,0.0,0.0,,0.0,1,0.63,0.0,SPY190904C00298000,298.0,expirationDay
2019-09-05,1479.0,-30.0,0.0,100,297.82,298.0,0,0.0,0.0,,0.0,1,5.25,5.37,SPY190918C00294000,294.0,normalDay
2019-09-06,1479.0,-22.0,0.0,100,298.05,298.0,0,0.0,0.0,,0.0,1,5.25,5.52,SPY190918C00294000,294.0,normalDay
2019-09-09,1479.0,26.0,0.0,100,298.2,298.0,0,0.0,0.0,,0.0,1,5.25,5.19,SPY190918C00294000,294.0,normalDay
2019-09-10,1479.0,35.0,0.0,100,298.13,298.0,0,0.0,0.0,,0.0,1,5.25,5.03,SPY190918C00294000,294.0,normalDay
2019-09-11,1479.0,61.0,0.0,100,300.25,298.0,0,0.0,0.0,,0.0,1,5.25,6.89,SPY190918C00294000,294.0,normalDay
2019-09-12,1479.0,62.0,0.0,100,301.29,298.0,0,0.0,0.0,,0.0,1,5.25,7.92,SPY190918C00294000,294.0,normalDay
2019-09-13,1479.0,85.0,0.0,100,301.09,298.0,0,0.0,0.0,,0.0,1,5.25,7.49,SPY190918C00294000,294.0,normalDay
2019-09-16,1479.0,77.0,0.0,100,300.16,298.0,0,0.0,0.0,,0.0,1,5.25,6.64,SPY190918C00294000,294.0,normalDay
2019-09-17,1479.0,114.0,0.0,100,300.92,298.0,0,0.0,0.0,,0.0,1,5.25,7.03,SPY190918C00294000,294.0,normalDay
2019-09-18,1604.0,114.0,125.0,0,301.1,0.0,0,0.0,0.0,,0.0,1,5.25,0.0,SPY190918C00294000,294.0,expirationDay
2019-09-19,1604.0,-5.0,0.0,0,301.08,0.0,1,1.09,1.14,SPY191002P00295000,295.0,0,0.0,0.0,,0.0,normalDay
2019-09-20,1604.0,-52.0,0.0,0,298.28,0.0,1,1.09,1.61,SPY191002P00295000,295.0,0,0.0,0.0,,0.0,normalDay
2019-09-23,1604.0,-6.0,0.0,0,298.21,0.0,1,1.09,1.15,SPY191002P00295000,295.0,0,0.0,0.0,,0.0,normalDay
2019-09-24,1604.0,-101.0,0.0,0,295.87,0.0,1,1.09,2.1,SPY191002P00295000,295.0,0,0.0,0.0,,0.0,normalDay
2019-09-25,1604.0,-17.0,0.0,0,297.62,0.0,1,1.09,1.26,SPY191002P00295000,295.0,0,0.0,0.0,,0.0,normalDay
2019-09-26,1604.0,-6.0,0.0,0,297.0,0.0,1,1.09,1.15,SPY191002P00295000,295.0,0,0.0,0.0,,0.0,normalDay
2019-09-27,1604.0,-60.0,0.0,0,295.4,0.0,1,1.09,1.69,SPY191002P00295000,295.0,0,0.0,0.0,,0.0,normalDay
2019-09-30,1604.0,58.0,0.0,0,296.77,0.0,1,1.09,0.51,SPY191002P00295000,295.0,0,0.0,0.0,,0.0,normalDay
2019-10-01,1604.0,-98.0,0.0,0,293.24,0.0,1,1.09,2.07,SPY191002P00295000,295.0,0,0.0,0.0,,0.0,normalDay
2019-10-02,1713.0,-694.0,109.0,100,288.06,295.0,1,1.09,0.0,SPY191002P00295000,295.0,0,0.0,0.0,,0.0,expirationDay
2019-10-03,1713.0,-461.0,0.0,100,290.42,295.0,0,0.0,0.0,,0.0,1,0.1,0.13,SPY191016C00302000,302.0,normalDay
2019-10-04,1713.0,-83.0,0.0,100,294.35,295.0,0,0.0,0.0,,0.0,1,0.1,0.28,SPY191016C00302000,302.0,normalDay
2019-10-07,1713.0,-196.0,0.0,100,293.08,295.0,0,0.0,0.0,,0.0,1,0.1,0.14,SPY191016C00302000,302.0,normalDay
2019-10-08,1713.0,-642.0,0.0,100,288.53,295.0,0,0.0,0.0,,0.0,1,0.1,0.05,SPY191016C00302000,302.0,normalDay
2019-10-09,1713.0,-369.0,0.0,100,291.27,295.0,0,0.0,0.0,,0.0,1,0.1,0.06,SPY191016C00302000,302.0,normalDay
2019-10-10,1713.0,-181.0,0.0,100,293.24,295.0,0,0.0,0.0,,0.0,1,0.1,0.15,SPY191016C00302000,302.0,normalDay
2019-10-11,1713.0,116.0,0.0,100,296.28,295.0,0,0.0,0.0,,0.0,1,0.1,0.22,SPY191016C00302000,302.0,normalDay
2019-10-14,1713.0,103.0,0.0,100,295.95,295.0,0,0.0,0.0,,0.0,1,0.1,0.02,SPY191016C00302000,302.0,normalDay
2019-10-15,1713.0,392.0,0.0,100,298.88,295.0,0,0.0,0.0,,0.0,1,0.1,0.06,SPY191016C00302000,302.0,normalDay
2019-10-16,1723.0,340.0,10.0,100,298.4,295.0,0,0.0,0.0,,0.0,1,0.1,0.0,SPY191016C00302000,302.0,expirationDay
2019-10-17,1723.0,424.0,0.0,100,299.28,295.0,0,0.0,0.0,,0.0,1,2.65,2.69,SPY191030C00299000,299.0,normalDay
2019-10-18,1723.0,357.0,0.0,100,297.97,295.0,0,0.0,0.0,,0.0,1,2.65,2.05,SPY191030C00299000,299.0,normalDay
2019-10-21,1723.0,484.0,0.0,100,299.99,295.0,0,0.0,0.0,,0.0,1,2.65,2.8,SPY191030C00299000,299.0,normalDay
2019-10-22,1723.0,460.0,0.0,100,299.01,295.0,0,0.0,0.0,,0.0,1,2.65,2.06,SPY191030C00299000,299.0,normalDay
2019-10-23,1723.0,506.0,0.0,100,299.88,295.0,0,0.0,0.0,,0.0,1,2.65,2.47,SPY191030C00299000,299.0,normalDay
2019-10-24,1723.0,569.0,0.0,100,300.37,295.0,0,0.0,0.0,,0.0,1,2.65,2.33,SPY191030C00299000,299.0,normalDay
2019-10-25,1723.0,616.0,0.0,100,301.6,295.0,0,0.0,0.0,,0.0,1,2.65,3.09,SPY191030C00299000,299.0,normalDay
2019-10-28,1723.0,648.0,0.0,100,303.3,295.0,0,0.0,0.0,,0.0,1,2.65,4.47,SPY191030C00299000,299.0,normalDay
2019-10-29,1723.0,658.0,0.0,100,303.21,295.0,0,0.0,0.0,,0.0,1,2.65,4.28,SPY191030C00299000,299.0,normalDay
2019-10-30,2388.0,658.0,665.0,0,304.14,0.0,0,0.0,0.0,,0.0,1,2.65,0.0,SPY191030C00299000,299.0,expirationDay
2019-10-31,2388.0,-4.0,0.0,0,303.33,0.0,1,0.87,0.91,SPY191113P00298000,298.0,0,0.0,0.0,,0.0,normalDay
2019-11-01,2388.0,51.0,0.0,0,306.14,0.0,1,0.87,0.36,SPY191113P00298000,298.0,0,0.0,0.0,,0.0,normalDay
2019-11-04,2388.0,65.0,0.0,0,307.37,0.0,1,0.87,0.22,SPY191113P00298000,298.0,0,0.0,0.0,,0.0,normalDay
2019-11-05,2388.0,68.0,0.0,0,307.03,0.0,1,0.87,0.19,SPY191113P00298000,298.0,0,0.0,0.0,,0.0,normalDay
2019-11-06,2388.0,78.0,0.0,0,307.1,0.0,1,0.87,0.09,SPY191113P00298000,298.0,0,0.0,0.0,,0.0,normalDay
2019-11-07,2388.0,80.0,0.0,0,308.18,0.0,1,0.87,0.07,SPY191113P00298000,298.0,0,0.0,0.0,,0.0,normalDay
2019-11-08,2388.0,84.0,0.0,0,308.94,0.0,1,0.87,0.03,SPY191113P00298000,298.0,0,0.0,0.0,,0.0,normalDay
2019-11-11,2388.0,85.0,0.0,0,308.35,0.0,1,0.87,0.02,SPY191113P00298000,298.0,0,0.0,0.0,,0.0,normalDay
2019-11-12,2388.0,86.0,0.0,0,309.0,0.0,1,0.87,0.01,SPY191113P00298000,298.0,0,0.0,0.0,,0.0,normalDay
2019-11-13,2475.0,0.0,87.0,0,309.1,0.0,1,0.87,0.0,SPY191113P00298000,298.0,0,0.0,0.0,,0.0,expirationDay
2019-11-14,2475.0,-4.0,0.0,0,309.55,0.0,1,0.9,0.94,SPY191127P00304500,304.5,0,0.0,0.0,,0.0,normalDay
2019-11-15,2475.0,43.0,0.0,0,311.79,0.0,1,0.9,0.47,SPY191127P00304500,304.5,0,0.0,0.0,,0.0,normalDay
2019-11-18,2475.0,55.0,0.0,0,312.02,0.0,1,0.9,0.35,SPY191127P00304500,304.5,0,0.0,0.0,,0.0,normalDay
2019-11-19,2475.0,58.0,0.0,0,311.93,0.0,1,0.9,0.32,SPY191127P00304500,304.5,0,0.0,0.0,,0.0,normalDay
2019-11-20,2475.0,54.0,0.0,0,310.77,0.0,1,0.9,0.36,SPY191127P00304500,304.5,0,0.0,0.0,,0.0,normalDay
2019-11-21,2475.0,61.0,0.0,0,310.27,0.0,1,0.9,0.29,SPY191127P00304500,304.5,0,0.0,0.0,,0.0,normalDay
2019-11-22,2475.0,80.0,0.0,0,310.96,0.0,1,0.9,0.1,SPY191127P00304500,304.5,0,0.0,0.0,,0.0,normalDay
2019-11-25,2475.0,87.0,0.0,0,313.37,0.0,1,0.9,0.03,SPY191127P00304500,304.5,0,0.0,0.0,,0.0,normalDay
2019-11-26,2475.0,88.0,0.0,0,314.08,0.0,1,0.9,0.02,SPY191127P00304500,304.5,0,0.0,0.0,,0.0,normalDay
2019-11-27,2565.0,0.0,90.0,0,315.48,0.0,1,0.9,0.0,SPY191127P00304500,304.5,0,0.0,0.0,,0.0,expirationDay
2019-11-29,2565.0,-5.0,0.0,0,314.31,0.0,1,0.95,1.0,SPY191211P00310000,310.0,0,0.0,0.0,,0.0,normalDay
2019-12-02,2565.0,-87.0,0.0,0,311.64,0.0,1,0.95,1.82,SPY191211P00310000,310.0,0,0.0,0.0,,0.0,normalDay
2019-12-03,2565.0,-186.0,0.0,0,309.55,0.0,1,0.95,2.81,SPY191211P00310000,310.0,0,0.0,0.0,,0.0,normalDay
2019-12-04,2565.0,-81.0,0.0,0,311.46,0.0,1,0.95,1.76,SPY191211P00310000,310.0,0,0.0,0.0,,0.0,normalDay
2019-12-05,2565.0,-16.0,0.0,0,312.02,0.0,1,0.95,1.11,SPY191211P00310000,310.0,0,0.0,0.0,,0.0,normalDay
2019-12-06,2565.0,61.0,0.0,0,314.87,0.0,1,0.95,0.34,SPY191211P00310000,310.0,0,0.0,0.0,,0.0,normalDay
2019-12-09,2565.0,62.0,0.0,0,313.88,0.0,1,0.95,0.33,SPY191211P00310000,310.0,0,0.0,0.0,,0.0,normalDay
2019-12-10,2565.0,83.0,0.0,0,313.53,0.0,1,0.95,0.12,SPY191211P00310000,310.0,0,0.0,0.0,,0.0,normalDay
2019-12-11,2660.0,0.0,95.0,0,314.42,0.0,1,0.95,0.0,SPY191211P00310000,310.0,0,0.0,0.0,,0.0,expirationDay
2019-12-12,2660.0,-6.0,0.0,0,317.13,0.0,1,1.53,1.59,SPY191224P00312500,312.5,0,0.0,0.0,,0.0,normalDay
2019-12-13,2660.0,48.0,0.0,0,317.32,0.0,1,1.53,1.05,SPY191224P00312500,312.5,0,0.0,0.0,,0.0,normalDay
2019-12-16,2660.0,107.0,0.0,0,319.5,0.0,1,1.53,0.46,SPY191224P00312500,312.5,0,0.0,0.0,,0.0,normalDay
2019-12-17,2660.0,120.0,0.0,0,319.57,0.0,1,1.53,0.33,SPY191224P00312500,312.5,0,0.0,0.0,,0.0,normalDay
2019-12-18,2660.0,133.0,0.0,0,319.59,0.0,1,1.53,0.2,SPY191224P00312500,312.5,0,0.0,0.0,,0.0,normalDay
2019-12-19,2660.0,145.0,0.0,0,320.9,0.0,1,1.53,0.08,SPY191224P00312500,312.5,0,0.0,0.0,,0.0,normalDay
2019-12-20,2660.0,150.0,0.0,0,320.73,0.0,1,1.53,0.03,SPY191224P00312500,312.5,0,0.0,0.0,,0.0,normalDay
2019-12-23,2660.0,152.0,0.0,0,321.22,0.0,1,1.53,0.01,SPY191224P00312500,312.5,0,0.0,0.0,,0.0,normalDay
2019-12-24,2813.0,0.0,153.0,0,321.23,0.0,1,1.53,0.0,SPY191224P00312500,312.5,0,0.0,0.0,,0.0,expirationDay
2019-12-26,2813.0,-3.0,0.0,0,322.94,0.0,1,0.61,0.64,SPY200108P00317000,317.0,0,0.0,0.0,,0.0,normalDay
2019-12-27,2813.0,-13.0,0.0,0,322.86,0.0,1,0.61,0.74,SPY200108P00317000,317.0,0,0.0,0.0,,0.0,normalDay
2019-12-30,2813.0,-37.0,0.0,0,321.08,0.0,1,0.61,0.98,SPY200108P00317000,317.0,0,0.0,0.0,,0.0,normalDay
2019-12-31,2813.0,-3.0,0.0,0,321.86,0.0,1,0.61,0.64,SPY200108P00317000,317.0,0,0.0,0.0,,0.0,normalDay
2020-01-02,2813.0,47.0,0.0,0,324.87,0.0,1,0.61,0.14,SPY200108P00317000,317.0,0,0.0,0.0,,0.0,normalDay
2020-01-03,2813.0,27.0,0.0,0,322.41,0.0,1,0.61,0.34,SPY200108P00317000,317.0,0,0.0,0.0,,0.0,normalDay
2020-01-06,2813.0,55.0,0.0,0,323.64,0.0,1,0.61,0.06,SPY200108P00317000,317.0,0,0.0,0.0,,0.0,normalDay
2020-01-07,2813.0,58.0,0.0,0,322.73,0.0,1,0.61,0.03,SPY200108P00317000,317.0,0,0.0,0.0,,0.0,normalDay
2020-01-08,2874.0,0.0,61.0,0,324.45,0.0,1,0.61,0.0,SPY200108P00317000,317.0,0,0.0,0.0,,0.0,expirationDay
2020-01-09,2874.0,-4.0,0.0,0,326.65,0.0,1,0.78,0.82,SPY200122P00321000,321.0,0,0.0,0.0,,0.0,normalDay
2020-01-10,2874.0,-10.0,0.0,0,325.71,0.0,1,0.78,0.88,SPY200122P00321000,321.0,0,0.0,0.0,,0.0,normalDay
2020-01-13,2874.0,44.0,0.0,0,327.95,0.0,1,0.78,0.34,SPY200122P00321000,321.0,0,0.0,0.0,,0.0,normalDay
2020-01-14,2874.0,46.0,0.0,0,327.45,0.0,1,0.78,0.32,SPY200122P00321000,321.0,0,0.0,0.0,,0.0,normalDay
2020-01-15,2874.0,60.0,0.0,0,328.19,0.0,1,0.78,0.18,SPY200122P00321000,321.0,0,0.0,0.0,,0.0,normalDay
2020-01-16,2874.0,69.0,0.0,0,330.92,0.0,1,0.78,0.09,SPY200122P00321000,321.0,0,0.0,0.0,,0.0,normalDay
2020-01-17,2874.0,75.0,0.0,0,331.95,0.0,1,0.78,0.03,SPY200122P00321000,321.0,0,0.0,0.0,,0.0,normalDay
2020-01-21,2874.0,76.0,0.0,0,331.3,0.0,1,0.78,0.02,SPY200122P00321000,321.0,0,0.0,0.0,,0.0,normalDay
2020-01-22,2952.0,0.0,78.0,0,331.34,0.0,1,0.78,0.0,SPY200122P00321000,321.0,0,0.0,0.0,,0.0,expirationDay
2020-01-23,2952.0,-4.0,0.0,0,331.72,0.0,1,1.07,1.11,SPY200205P00326000,326.0,0,0.0,0.0,,0.0,normalDay
2020-01-24,2952.0,-101.0,0.0,0,328.77,0.0,1,1.07,2.08,SPY200205P00326000,326.0,0,0.0,0.0,,0.0,normalDay
2020-01-27,2952.0,-385.0,0.0,0,323.5,0.0,1,1.07,4.92,SPY200205P00326000,326.0,0,0.0,0.0,,0.0,normalDay
2020-01-28,2952.0,-161.0,0.0,0,326.89,0.0,1,1.07,2.68,SPY200205P00326000,326.0,0,0.0,0.0,,0.0,normalDay
2020-01-29,2952.0,-155.0,0.0,0,326.62,0.0,1,1.07,2.62,SPY200205P00326000,326.0,0,0.0,0.0,,0.0,normalDay
2020-01-30,2952.0,-53.0,0.0,0,327.68,0.0,1,1.07,1.6,SPY200205P00326000,326.0,0,0.0,0.0,,0.0,normalDay
2020-01-31,2952.0,-405.0,0.0,0,321.73,0.0,1,1.07,5.12,SPY200205P00326000,326.0,0,0.0,0.0,,0.0,normalDay
2020-02-03,2952.0,-207.0,0.0,0,324.12,0.0,1,1.07,3.14,SPY200205P00326000,326.0,0,0.0,0.0,,0.0,normalDay
2020-02-04,2952.0,76.0,0.0,0,329.06,0.0,1,1.07,0.31,SPY200205P00326000,326.0,0,0.0,0.0,,0.0,normalDay
2020-02-05,3059.0,0.0,107.0,0,332.86,0.0,1,1.07,0.0,SPY200205P00326000,326.0,0,0.0,0.0,,0.0,expirationDay
2020-02-06,3059.0,-4.0,0.0,0,333.98,0.0,1,1.13,1.17,SPY200219P00328000,328.0,0,0.0,0.0,,0.0,normalDay
2020-02-07,3059.0,-38.0,0.0,0,332.2,0.0,1,1.13,1.51,SPY200219P00328000,328.0,0,0.0,0.0,,0.0,normalDay
2020-02-10,3059.0,42.0,0.0,0,334.68,0.0,1,1.13,0.71,SPY200219P00328000,328.0,0,0.0,0.0,,0.0,normalDay
2020-02-11,3059.0,58.0,0.0,0,335.26,0.0,1,1.13,0.55,SPY200219P00328000,328.0,0,0.0,0.0,,0.0,normalDay
2020-02-12,3059.0,94.0,0.0,0,337.42,0.0,1,1.13,0.19,SPY200219P00328000,328.0,0,0.0,0.0,,0.0,normalDay
2020-02-13,3059.0,92.0,0.0,0,337.06,0.0,1,1.13,0.21,SPY200219P00328000,328.0,0,0.0,0.0,,0.0,normalDay
2020-02-14,3059.0,103.0,0.0,0,337.6,0.0,1,1.13,0.1,SPY200219P00328000,328.0,0,0.0,0.0,,0.0,normalDay
2020-02-18,3059.0,110.0,0.0,0,336.73,0.0,1,1.13,0.03,SPY200219P00328000,328.0,0,0.0,0.0,,0.0,normalDay
2020-02-19,3172.0,0.0,113.0,0,338.34,0.0,1,1.13,0.0,SPY200219P00328000,328.0,0,0.0,0.0,,0.0,expirationDay
2020-02-20,3172.0,-5.0,0.0,0,336.95,0.0,1,1.6,1.65,SPY200304P00332000,332.0,0,0.0,0.0,,0.0,normalDay
2020-02-21,3172.0,-142.0,0.0,0,333.48,0.0,1,1.6,3.02,SPY200304P00332000,332.0,0,0.0,0.0,,0.0,normalDay
2020-02-24,3172.0,-947.0,0.0,0,322.42,0.0,1,1.6,11.07,SPY200304P00332000,332.0,0,0.0,0.0,,0.0,normalDay
2020-02-25,3172.0,-1752.0,0.0,0,312.65,0.0,1,1.6,19.12,SPY200304P00332000,332.0,0,0.0,0.0,,0.0,normalDay
2020-02-26,3172.0,-1955.0,0.0,0,311.5,0.0,1,1.6,21.15,SPY200304P00332000,332.0,0,0.0,0.0,,0.0,normalDay
2020-02-27,3172.0,-3402.0,0.0,0,297.51,0.0,1,1.6,35.62,SPY200304P00332000,332.0,0,0.0,0.0,,0.0,normalDay
2020-02-28,3172.0,-3401.0,0.0,0,296.26,0.0,1,1.6,35.61,SPY200304P00332000,332.0,0,0.0,0.0,,0.0,normalDay
2020-03-02,3172.0,-2156.0,0.0,0,309.09,0.0,1,1.6,23.16,SPY200304P00332000,332.0,0,0.0,0.0,,0.0,normalDay
2020-03-03,3172.0,-2902.0,0.0,0,300.24,0.0,1,1.6,30.62,SPY200304P00332000,332.0,0,0.0,0.0,,0.0,normalDay
2020-03-04,3332.0,-1914.0,160.0,100,312.86,332.0,1,1.6,0.0,SPY200304P00332000,332.0,0,0.0,0.0,,0.0,expirationDay
2020-03-05,3332.0,-2958.0,0.0,100,302.46,332.0,0,0.0,0.0,,0.0,1,0.01,0.05,SPY200318C00340000,340.0,normalDay
2020-03-06,3332.0,-3456.0,0.0,100,297.46,332.0,0,0.0,0.0,,0.0,1,0.01,0.03,SPY200318C00340000,340.0,normalDay
2020-03-09,3332.0,-5778.0,0.0,100,274.23,332.0,0,0.0,0.0,,0.0,1,0.01,0.02,SPY200318C00340000,340.0,normalDay
2020-03-10,3332.0,-4358.0,0.0,100,288.42,332.0,0,0.0,0.0,,0.0,1,0.01,0.01,SPY200318C00340000,340.0,normalDay
2020-03-11,3332.0,-5764.0,0.0,100,274.36,332.0,0,0.0,0.0,,0.0,1,0.01,0.01,SPY200318C00340000,340.0,normalDay
2020-03-12,3332.0,-8390.0,0.0,100,248.11,332.0,0,0.0,0.0,,0.0,1,0.01,0.02,SPY200318C00340000,340.0,normalDay
2020-03-13,3332.0,-6268.0,0.0,100,269.32,332.0,0,0.0,0.0,,0.0,1,0.01,0.01,SPY200318C00340000,340.0,normalDay
2020-03-16,3332.0,-9215.0,0.0,100,239.85,332.0,0,0.0,0.0,,0.0,1,0.01,0.01,SPY200318C00340000,340.0,normalDay
2020-03-17,3332.0,-7920.0,0.0,100,252.8,332.0,0,0.0,0.0,,0.0,1,0.01,0.01,SPY200318C00340000,340.0,normalDay
2020-03-18,3333.0,-9200.0,1.0,100,240.0,332.0,0,0.0,0.0,,0.0,1,0.01,0.0,SPY200318C00340000,340.0,expirationDay
2020-03-19,3333.0,-9149.0,0.0,100,240.51,332.0,0,0.0,0.0,,0.0,0,0.0,0.0,,0.0,bidTooLow
2020-03-20,3333.0,-10324.0,0.0,100,228.8,332.0,0,0.0,0.0,,0.0,1,0.01,0.05,SPY200403C00314000,314.0,normalDay
2020-03-23,3333.0,-10910.0,0.0,100,222.95,332.0,0,0.0,0.0,,0.0,1,0.01,0.06,SPY200403C00314000,314.0,normalDay
2020-03-24,3333.0,-8893.0,0.0,100,243.15,332.0,0,0.0,0.0,,0.0,1,0.01,0.09,SPY200403C00314000,314.0,normalDay
2020-03-25,3333.0,-8526.0,0.0,100,246.79,332.0,0,0.0,0.0,,0.0,1,0.01,0.06,SPY200403C00314000,314.0,normalDay
2020-03-26,3333.0,-7086.0,0.0,100,261.2,332.0,0,0.0,0.0,,0.0,1,0.01,0.07,SPY200403C00314000,314.0,normalDay
2020-03-27,3333.0,-7860.0,0.0,100,253.42,332.0,0,0.0,0.0,,0.0,1,0.01,0.03,SPY200403C00314000,314.0,normalDay
2020-03-30,3333.0,-7036.0,0.0,100,261.65,332.0,0,0.0,0.0,,0.0,1,0.01,0.02,SPY200403C00314000,314.0,normalDay
2020-03-31,3333.0,-7425.0,0.0,100,257.75,332.0,0,0.0,0.0,,0.0,1,0.01,0.01,SPY200403C00314000,314.0,normalDay
2020-04-01,3333.0,-8585.0,0.0,100,246.15,332.0,0,0.0,0.0,,0.0,1,0.01,0.01,SPY200403C00314000,314.0,normalDay
2020-04-02,3333.0,-8017.0,0.0,100,251.83,332.0,0,0.0,0.0,,0.0,1,0.01,0.01,SPY200403C00314000,314.0,normalDay
2020-04-03,3334.0,-8381.0,1.0,100,248.19,332.0,0,0.0,0.0,,0.0,1,0.01,0.0,SPY200403C00314000,314.0,expirationDay
2020-04-06,3334.0,-6727.0,0.0,100,264.86,332.0,0,0.0,0.0,,0.0,1,5.71,5.84,SPY200420C00269000,269.0,normalDay
2020-04-07,3334.0,-6704.0,0.0,100,265.13,332.0,0,0.0,0.0,,0.0,1,5.71,5.88,SPY200420C00269000,269.0,normalDay
2020-04-08,3334.0,-6283.0,0.0,100,274.03,332.0,0,0.0,0.0,,0.0,1,5.71,10.57,SPY200420C00269000,269.0,normalDay
2020-04-09,3334.0,-6137.0,0.0,100,278.2,332.0,0,0.0,0.0,,0.0,1,5.71,13.28,SPY200420C00269000,269.0,normalDay
2020-04-13,3334.0,-6055.0,0.0,100,275.66,332.0,0,0.0,0.0,,0.0,1,5.71,9.92,SPY200420C00269000,269.0,normalDay
2020-04-14,3334.0,-5868.0,0.0,100,283.79,332.0,0,0.0,0.0,,0.0,1,5.71,16.18,SPY200420C00269000,269.0,normalDay
2020-04-15,3334.0,-5907.0,0.0,100,277.76,332.0,0,0.0,0.0,,0.0,1,5.71,10.54,SPY200420C00269000,269.0,normalDay
2020-04-16,3334.0,-5844.0,0.0,100,279.1,332.0,0,0.0,0.0,,0.0,1,5.71,11.25,SPY200420C00269000,269.0,normalDay
2020-04-17,3334.0,-5772.0,0.0,100,286.64,332.0,0,0.0,0.0,,0.0,1,5.71,18.07,SPY200420C00269000,269.0,normalDay
2020-04-20,-2395.0,-5772.0,-5729.0,0,281.59,0.0,0,0.0,0.0,,0.0,1,5.71,0.0,SPY200420C00269000,269.0,expirationDay
2020-04-21,-2395.0,-10.0,0.0,0,273.04,0.0,1,5.35,5.45,SPY200504P00265000,265.0,0,0.0,0.0,,0.0,normalDay
2020-04-22,-2395.0,218.0,0.0,0,279.1,0.0,1,5.35,3.17,SPY200504P00265000,265.0,0,0.0,0.0,,0.0,normalDay
2020-04-23,-2395.0,276.0,0.0,0,279.08,0.0,1,5.35,2.59,SPY200504P00265000,265.0,0,0.0,0.0,,0.0,normalDay
2020-04-24,-2395.0,436.0,0.0,0,282.97,0.0,1,5.35,0.99,SPY200504P00265000,265.0,0,0.0,0.0,,0.0,normalDay
2020-04-27,-2395.0,506.0,0.0,0,287.05,0.0,1,5.35,0.29,SPY200504P00265000,265.0,0,0.0,0.0,,0.0,normalDay
2020-04-28,-2395.0,506.0,0.0,0,285.73,0.0,1,5.35,0.29,SPY200504P00265000,265.0,0,0.0,0.0,,0.0,normalDay
2020-04-29,-2395.0,528.0,0.0,0,293.21,0.0,1,5.35,0.07,SPY200504P00265000,265.0,0,0.0,0.0,,0.0,normalDay
2020-04-30,-2395.0,530.0,0.0,0,290.48,0.0,1,5.35,0.05,SPY200504P00265000,265.0,0,0.0,0.0,,0.0,normalDay
2020-05-01,-2395.0,532.0,0.0,0,282.79,0.0,1,5.35,0.03,SPY200504P00265000,265.0,0,0.0,0.0,,0.0,normalDay
2020-05-04,-1860.0,0.0,535.0,0,283.57,0.0,1,5.35,0.0,SPY200504P00265000,265.0,0,0.0,0.0,,0.0,expirationDay
2020-05-05,-1860.0,-6.0,0.0,0,286.19,0.0,1,4.42,4.48,SPY200518P00281000,281.0,0,0.0,0.0,,0.0,normalDay
2020-05-06,-1860.0,-59.0,0.0,0,284.25,0.0,1,4.42,5.01,SPY200518P00281000,281.0,0,0.0,0.0,,0.0,normalDay
2020-05-07,-1860.0,148.0,0.0,0,287.68,0.0,1,4.42,2.94,SPY200518P00281000,281.0,0,0.0,0.0,,0.0,normalDay
2020-05-08,-1860.0,324.0,0.0,0,292.44,0.0,1,4.42,1.18,SPY200518P00281000,281.0,0,0.0,0.0,,0.0,normalDay
2020-05-11,-1860.0,356.0,0.0,0,292.5,0.0,1,4.42,0.86,SPY200518P00281000,281.0,0,0.0,0.0,,0.0,normalDay
2020-05-12,-1860.0,202.0,0.0,0,286.67,0.0,1,4.42,2.4,SPY200518P00281000,281.0,0,0.0,0.0,,0.0,normalDay
2020-05-13,-1860.0,119.0,0.0,0,281.6,0.0,1,4.42,3.23,SPY200518P00281000,281.0,0,0.0,0.0,,0.0,normalDay
2020-05-14,-1860.0,292.0,0.0,0,284.97,0.0,1,4.42,1.5,SPY200518P00281000,281.0,0,0.0,0.0,,0.0,normalDay
2020-05-15,-1860.0,368.0,0.0,0,286.28,0.0,1,4.42,0.74,SPY200518P00281000,281.0,0,0.0,0.0,,0.0,normalDay
2020-05-18,-1418.0,0.0,442.0,0,295.0,0.0,1,4.42,0.0,SPY200518P00281000,281.0,0,0.0,0.0,,0.0,expirationDay
2020-05-19,-1418.0,-6.0,0.0,0,291.97,0.0,1,3.51,3.57,SPY200601P00287000,287.0,0,0.0,0.0,,0.0,normalDay
2020-05-20,-1418.0,169.0,0.0,0,296.93,0.0,1,3.51,1.82,SPY200601P00287000,287.0,0,0.0,0.0,,0.0,normalDay
2020-05-21,-1418.0,132.0,0.0,0,294.88,0.0,1,3.51,2.19,SPY200601P00287000,287.0,0,0.0,0.0,,0.0,normalDay
2020-05-22,-1418.0,203.0,0.0,0,295.44,0.0,1,3.51,1.48,SPY200601P00287000,287.0,0,0.0,0.0,,0.0,normalDay
2020-05-26,-1418.0,297.0,0.0,0,299.08,0.0,1,3.51,0.54,SPY200601P00287000,287.0,0,0.0,0.0,,0.0,normalDay
2020-05-27,-1418.0,330.0,0.0,0,303.53,0.0,1,3.51,0.21,SPY200601P00287000,287.0,0,0.0,0.0,,0.0,normalDay
2020-05-28,-1418.0,335.0,0.0,0,302.97,0.0,1,3.51,0.16,SPY200601P00287000,287.0,0,0.0,0.0,,0.0,normalDay
2020-05-29,-1418.0,348.0,0.0,0,304.32,0.0,1,3.51,0.03,SPY200601P00287000,287.0,0,0.0,0.0,,0.0,normalDay
2020-06-01,-1067.0,0.0,351.0,0,305.55,0.0,1,3.51,0.0,SPY200601P00287000,287.0,0,0.0,0.0,,0.0,expirationDay
2020-06-02,-1067.0,-4.0,0.0,0,308.08,0.0,1,1.52,1.56,SPY200615P00294000,294.0,0,0.0,0.0,,0.0,normalDay
2020-06-03,-1067.0,70.0,0.0,0,312.18,0.0,1,1.52,0.82,SPY200615P00294000,294.0,0,0.0,0.0,,0.0,normalDay
2020-06-04,-1067.0,78.0,0.0,0,311.36,0.0,1,1.52,0.74,SPY200615P00294000,294.0,0,0.0,0.0,,0.0,normalDay
2020-06-05,-1067.0,129.0,0.0,0,319.34,0.0,1,1.52,0.23,SPY200615P00294000,294.0,0,0.0,0.0,,0.0,normalDay
2020-06-08,-1067.0,140.0,0.0,0,323.2,0.0,1,1.52,0.12,SPY200615P00294000,294.0,0,0.0,0.0,,0.0,normalDay
2020-06-09,-1067.0,139.0,0.0,0,320.79,0.0,1,1.52,0.13,SPY200615P00294000,294.0,0,0.0,0.0,,0.0,normalDay
2020-06-10,-1067.0,142.0,0.0,0,319.0,0.0,1,1.52,0.1,SPY200615P00294000,294.0,0,0.0,0.0,,0.0,normalDay
2020-06-11,-1067.0,-83.0,0.0,0,300.61,0.0,1,1.52,2.35,SPY200615P00294000,294.0,0,0.0,0.0,,0.0,normalDay
2020-06-12,-1067.0,78.0,0.0,0,304.21,0.0,1,1.52,0.74,SPY200615P00294000,294.0,0,0.0,0.0,,0.0,normalDay
2020-06-15,-915.0,0.0,152.0,0,307.05,0.0,1,1.52,0.0,SPY200615P00294000,294.0,0,0.0,0.0,,0.0,expirationDay
2020-06-16,-915.0,-9.0,0.0,0,312.96,0.0,1,5.52,5.61,SPY200629P00307000,307.0,0,0.0,0.0,,0.0,normalDay
2020-06-17,-915.0,36.0,0.0,0,311.66,0.0,1,5.52,5.16,SPY200629P00307000,307.0,0,0.0,0.0,,0.0,normalDay
2020-06-18,-915.0,102.0,0.0,0,311.78,0.0,1,5.52,4.5,SPY200629P00307000,307.0,0,0.0,0.0,,0.0,normalDay
2020-06-19,-915.0,-16.0,0.0,0,308.64,0.0,1,5.52,5.68,SPY200629P00307000,307.0,0,0.0,0.0,,0.0,normalDay
2020-06-22,-915.0,245.0,0.0,0,310.62,0.0,1,5.52,3.07,SPY200629P00307000,307.0,0,0.0,0.0,,0.0,normalDay
2020-06-23,-915.0,318.0,0.0,0,312.05,0.0,1,5.52,2.34,SPY200629P00307000,307.0,0,0.0,0.0,,0.0,normalDay
2020-06-24,-915.0,32.0,0.0,0,304.09,0.0,1,5.52,5.2,SPY200629P00307000,307.0,0,0.0,0.0,,0.0,normalDay
2020-06-25,-915.0,281.0,0.0,0,307.35,0.0,1,5.52,2.71,SPY200629P00307000,307.0,0,0.0,0.0,,0.0,normalDay
2020-06-26,-915.0,-72.0,0.0,0,300.05,0.0,1,5.52,6.24,SPY200629P00307000,307.0,0,0.0,0.0,,0.0,normalDay
2020-06-29,-363.0,-254.0,552.0,100,304.46,307.0,1,5.52,0.0,SPY200629P00307000,307.0,0,0.0,0.0,,0.0,expirationDay
2020-06-30,-363.0,130.0,0.0,100,308.36,307.0,0,0.0,0.0,,0.0,1,1.31,1.37,SPY200713C00318000,318.0,normalDay
2020-07-01,-363.0,341.0,0.0,100,310.52,307.0,0,0.0,0.0,,0.0,1,1.31,1.42,SPY200713C00318000,318.0,normalDay
2020-07-02,-363.0,504.0,0.0,100,312.23,307.0,0,0.0,0.0,,0.0,1,1.31,1.5,SPY200713C00318000,318.0,normalDay
2020-07-06,-363.0,849.0,0.0,100,317.05,307.0,0,0.0,0.0,,0.0,1,1.31,2.87,SPY200713C00318000,318.0,normalDay
2020-07-07,-363.0,664.0,0.0,100,313.78,307.0,0,0.0,0.0,,0.0,1,1.31,1.45,SPY200713C00318000,318.0,normalDay
2020-07-08,-363.0,866.0,0.0,100,316.18,307.0,0,0.0,0.0,,0.0,1,1.31,1.83,SPY200713C00318000,318.0,normalDay
2020-07-09,-363.0,784.0,0.0,100,314.38,307.0,0,0.0,0.0,,0.0,1,1.31,0.85,SPY200713C00318000,318.0,normalDay
2020-07-10,-363.0,1051.0,0.0,100,317.59,307.0,0,0.0,0.0,,0.0,1,1.31,1.39,SPY200713C00318000,318.0,normalDay
2020-07-13,-232.0,784.0,131.0,100,314.84,307.0,0,0.0,0.0,,0.0,1,1.31,0.0,SPY200713C00318000,318.0,expirationDay
2020-07-14,-232.0,1185.0,0.0,100,318.92,307.0,0,0.0,0.0,,0.0,1,6.36,6.43,SPY200727C00317000,317.0,normalDay
2020-07-15,-232.0,1309.0,0.0,100,321.85,307.0,0,0.0,0.0,,0.0,1,6.36,8.12,SPY200727C00317000,317.0,normalDay
2020-07-16,-232.0,1379.0,0.0,100,320.79,307.0,0,0.0,0.0,,0.0,1,6.36,6.36,SPY200727C00317000,317.0,normalDay
2020-07-17,-232.0,1395.0,0.0,100,321.72,307.0,0,0.0,0.0,,0.0,1,6.36,7.13,SPY200727C00317000,317.0,normalDay
2020-07-20,-232.0,1507.0,0.0,100,324.32,307.0,0,0.0,0.0,,0.0,1,6.36,8.61,SPY200727C00317000,317.0,normalDay
2020-07-21,-232.0,1538.0,0.0,100,325.01,307.0,0,0.0,0.0,,0.0,1,6.36,8.99,SPY200727C00317000,317.0,normalDay
2020-07-22,-232.0,1617.0,0.0,100,326.86,307.0,0,0.0,0.0,,0.0,1,6.36,10.05,SPY200727C00317000,317.0,normalDay
2020-07-23,-232.0,1620.0,0.0,100,322.96,307.0,0,0.0,0.0,,0.0,1,6.36,6.12,SPY200727C00317000,317.0,normalDay
2020-07-24,-232.0,1588.0,0.0,100,320.88,307.0,0,0.0,0.0,,0.0,1,6.36,4.36,SPY200727C00317000,317.0,normalDay
2020-07-27,1404.0,1588.0,1636.0,0,323.22,0.0,0,0.0,0.0,,0.0,1,6.36,0.0,SPY200727C00317000,317.0,expirationDay
2020-07-28,1404.0,-6.0,0.0,0,321.17,0.0,1,4.02,4.08,SPY200810P00319000,319.0,0,0.0,0.0,,0.0,normalDay
2020-07-29,1404.0,159.0,0.0,0,325.12,0.0,1,4.02,2.43,SPY200810P00319000,319.0,0,0.0,0.0,,0.0,normalDay
2020-07-30,1404.0,138.0,0.0,0,323.96,0.0,1,4.02,2.64,SPY200810P00319000,319.0,0,0.0,0.0,,0.0,normalDay
2020-07-31,1404.0,260.0,0.0,0,326.52,0.0,1,4.02,1.42,SPY200810P00319000,319.0,0,0.0,0.0,,0.0,normalDay
2020-08-03,1404.0,330.0,0.0,0,328.79,0.0,1,4.02,0.72,SPY200810P00319000,319.0,0,0.0,0.0,,0.0,normalDay
2020-08-04,1404.0,359.0,0.0,0,330.06,0.0,1,4.02,0.43,SPY200810P00319000,319.0,0,0.0,0.0,,0.0,normalDay
2020-08-05,1404.0,385.0,0.0,0,332.11,0.0,1,4.02,0.17,SPY200810P00319000,319.0,0,0.0,0.0,,0.0,normalDay
2020-08-06,1404.0,389.0,0.0,0,334.33,0.0,1,4.02,0.13,SPY200810P00319000,319.0,0,0.0,0.0,,0.0,normalDay
2020-08-07,1404.0,398.0,0.0,0,334.57,0.0,1,4.02,0.04,SPY200810P00319000,319.0,0,0.0,0.0,,0.0,normalDay
2020-08-10,1806.0,0.0,402.0,0,335.57,0.0,1,4.02,0.0,SPY200810P00319000,319.0,0,0.0,0.0,,0.0,expirationDay
2020-08-11,1806.0,-6.0,0.0,0,332.8,0.0,1,2.75,2.81,SPY200824P00327000,327.0,0,0.0,0.0,,0.0,normalDay
2020-08-12,1806.0,147.0,0.0,0,337.44,0.0,1,2.75,1.28,SPY200824P00327000,327.0,0,0.0,0.0,,0.0,normalDay
2020-08-13,1806.0,155.0,0.0,0,336.83,0.0,1,2.75,1.2,SPY200824P00327000,327.0,0,0.0,0.0,,0.0,normalDay
2020-08-14,1806.0,186.0,0.0,0,336.84,0.0,1,2.75,0.89,SPY200824P00327000,327.0,0,0.0,0.0,,0.0,normalDay
2020-08-17,1806.0,237.0,0.0,0,337.91,0.0,1,2.75,0.38,SPY200824P00327000,327.0,0,0.0,0.0,,0.0,normalDay
2020-08-18,1806.0,246.0,0.0,0,338.64,0.0,1,2.75,0.29,SPY200824P00327000,327.0,0,0.0,0.0,,0.0,normalDay
2020-08-19,1806.0,238.0,0.0,0,337.23,0.0,1,2.75,0.37,SPY200824P00327000,327.0,0,0.0,0.0,,0.0,normalDay
2020-08-20,1806.0,259.0,0.0,0,338.28,0.0,1,2.75,0.16,SPY200824P00327000,327.0,0,0.0,0.0,,0.0,normalDay
2020-08-21,1806.0,267.0,0.0,0,339.48,0.0,1,2.75,0.08,SPY200824P00327000,327.0,0,0.0,0.0,,0.0,normalDay
2020-08-24,2081.0,0.0,275.0,0,342.92,0.0,1,2.75,0.0,SPY200824P00327000,327.0,0,0.0,0.0,,0.0,expirationDay
2020-08-25,2081.0,-4.0,0.0,0,344.12,0.0,1,1.17,1.21,SPY200904P00335000,335.0,0,0.0,0.0,,0.0,normalDay
2020-08-26,2081.0,25.0,0.0,0,347.57,0.0,1,1.17,0.92,SPY200904P00335000,335.0,0,0.0,0.0,,0.0,normalDay
2020-08-27,2081.0,41.0,0.0,0,348.33,0.0,1,1.17,0.76,SPY200904P00335000,335.0,0,0.0,0.0,,0.0,normalDay
2020-08-28,2081.0,92.0,0.0,0,350.58,0.0,1,1.17,0.25,SPY200904P00335000,335.0,0,0.0,0.0,,0.0,normalDay
2020-08-31,2081.0,86.0,0.0,0,349.31,0.0,1,1.17,0.31,SPY200904P00335000,335.0,0,0.0,0.0,,0.0,normalDay
2020-09-01,2081.0,106.0,0.0,0,352.6,0.0,1,1.17,0.11,SPY200904P00335000,335.0,0,0.0,0.0,,0.0,normalDay
2020-09-02,2081.0,111.0,0.0,0,357.7,0.0,1,1.17,0.06,SPY200904P00335000,335.0,0,0.0,0.0,,0.0,normalDay
2020-09-03,2081.0,91.0,0.0,0,345.39,0.0,1,1.17,0.26,SPY200904P00335000,335.0,0,0.0,0.0,,0.0,normalDay
2020-09-04,2198.0,0.0,117.0,0,342.57,0.0,1,1.17,0.0,SPY200904P00335000,335.0,0,0.0,0.0,,0.0,expirationDay
2020-09-08,2198.0,-34.0,0.0,0,333.21,0.0,1,12.06,12.4,SPY200921P00342000,342.0,0,0.0,0.0,,0.0,normalDay
2020-09-09,2198.0,416.0,0.0,0,339.79,0.0,1,12.06,7.9,SPY200921P00342000,342.0,0,0.0,0.0,,0.0,normalDay
2020-09-10,2198.0,80.0,0.0,0,333.89,0.0,1,12.06,11.26,SPY200921P00342000,342.0,0,0.0,0.0,,0.0,normalDay
2020-09-11,2198.0,85.0,0.0,0,334.06,0.0,1,12.06,11.21,SPY200921P00342000,342.0,0,0.0,0.0,,0.0,normalDay
2020-09-14,2198.0,554.0,0.0,0,338.46,0.0,1,12.06,6.52,SPY200921P00342000,342.0,0,0.0,0.0,,0.0,normalDay
2020-09-15,2198.0,710.0,0.0,0,340.17,0.0,1,12.06,4.96,SPY200921P00342000,342.0,0,0.0,0.0,,0.0,normalDay
2020-09-16,2198.0,634.0,0.0,0,338.82,0.0,1,12.06,5.72,SPY200921P00342000,342.0,0,0.0,0.0,,0.0,normalDay
2020-09-17,2198.0,443.0,0.0,0,335.84,0.0,1,12.06,7.63,SPY200921P00342000,342.0,0,0.0,0.0,,0.0,normalDay
2020-09-18,2198.0,71.0,0.0,0,330.65,0.0,1,12.06,11.35,SPY200921P00342000,342.0,0,0.0,0.0,,0.0,normalDay
2020-09-21,3404.0,-1503.0,1206.0,100,326.97,342.0,1,12.06,0.0,SPY200921P00342000,342.0,0,0.0,0.0,,0.0,expirationDay
2020-09-22,3404.0,-1173.0,0.0,100,330.3,342.0,0,0.0,0.0,,0.0,1,0.24,0.27,SPY201005C00350000,350.0,normalDay
2020-09-23,3404.0,-1921.0,0.0,100,322.64,342.0,0,0.0,0.0,,0.0,1,0.24,0.09,SPY201005C00350000,350.0,normalDay
2020-09-24,3404.0,-1834.0,0.0,100,323.5,342.0,0,0.0,0.0,,0.0,1,0.24,0.08,SPY201005C00350000,350.0,normalDay
2020-09-25,3404.0,-1311.0,0.0,100,328.73,342.0,0,0.0,0.0,,0.0,1,0.24,0.08,SPY201005C00350000,350.0,normalDay
2020-09-28,3404.0,-772.0,0.0,100,334.19,342.0,0,0.0,0.0,,0.0,1,0.24,0.15,SPY201005C00350000,350.0,normalDay
2020-09-29,3404.0,-951.0,0.0,100,332.37,342.0,0,0.0,0.0,,0.0,1,0.24,0.12,SPY201005C00350000,350.0,normalDay
2020-09-30,3404.0,-695.0,0.0,100,334.89,342.0,0,0.0,0.0,,0.0,1,0.24,0.08,SPY201005C00350000,350.0,normalDay
2020-10-01,3404.0,-480.0,0.0,100,337.04,342.0,0,0.0,0.0,,0.0,1,0.24,0.08,SPY201005C00350000,350.0,normalDay
2020-10-02,3404.0,-793.0,0.0,100,333.84,342.0,0,0.0,0.0,,0.0,1,0.24,0.01,SPY201005C00350000,350.0,normalDay
2020-10-05,3428.0,-224.0,24.0,100,339.76,342.0,0,0.0,0.0,,0.0,1,0.24,0.0,SPY201005C00350000,350.0,expirationDay
2020-10-06,3428.0,-715.0,0.0,100,334.93,342.0,0,0.0,0.0,,0.0,1,3.56,3.64,SPY201019C00339000,339.0,normalDay
2020-10-07,3428.0,-350.0,0.0,100,340.76,342.0,0,0.0,0.0,,0.0,1,3.56,5.82,SPY201019C00339000,339.0,normalDay
2020-10-08,3428.0,-180.0,0.0,100,343.78,342.0,0,0.0,0.0,,0.0,1,3.56,7.14,SPY201019C00339000,339.0,normalDay
2020-10-09,3428.0,-88.0,0.0,100,346.85,342.0,0,0.0,0.0,,0.0,1,3.56,9.29,SPY201019C00339000,339.0,normalDay
2020-10-12,3428.0,-5.0,0.0,100,352.43,342.0,0,0.0,0.0,,0.0,1,3.56,14.04,SPY201019C00339000,339.0,normalDay
2020-10-13,3428.0,-12.0,0.0,100,350.13,342.0,0,0.0,0.0,,0.0,1,3.56,11.81,SPY201019C00339000,339.0,normalDay
2020-10-14,3428.0,-10.0,0.0,100,347.93,342.0,0,0.0,0.0,,0.0,1,3.56,9.59,SPY201019C00339000,339.0,normalDay
2020-10-15,3428.0,7.0,0.0,100,347.5,342.0,0,0.0,0.0,,0.0,1,3.56,8.99,SPY201019C00339000,339.0,normalDay
2020-10-16,3428.0,80.0,0.0,100,347.29,342.0,0,0.0,0.0,,0.0,1,3.56,8.05,SPY201019C00339000,339.0,normalDay
2020-10-19,3484.0,80.0,56.0,0,342.01,0.0,0,0.0,0.0,,0.0,1,3.56,0.0,SPY201019C00339000,339.0,expirationDay
2020-10-20,3484.0,-7.0,0.0,0,343.38,0.0,1,4.1,4.17,SPY201102P00339000,339.0,0,0.0,0.0,,0.0,normalDay
2020-10-21,3484.0,48.0,0.0,0,342.73,0.0,1,4.1,3.62,SPY201102P00339000,339.0,0,0.0,0.0,,0.0,normalDay
2020-10-22,3484.0,127.0,0.0,0,344.61,0.0,1,4.1,2.83,SPY201102P00339000,339.0,0,0.0,0.0,,0.0,normalDay
2020-10-23,3484.0,200.0,0.0,0,345.78,0.0,1,4.1,2.1,SPY201102P00339000,339.0,0,0.0,0.0,,0.0,normalDay
2020-10-26,3484.0,-17.0,0.0,0,339.39,0.0,1,4.1,4.27,SPY201102P00339000,339.0,0,0.0,0.0,,0.0,normalDay
2020-10-27,3484.0,-5.0,0.0,0,338.22,0.0,1,4.1,4.15,SPY201102P00339000,339.0,0,0.0,0.0,,0.0,normalDay
2020-10-28,3484.0,-930.0,0.0,0,326.66,0.0,1,4.1,13.4,SPY201102P00339000,339.0,0,0.0,0.0,,0.0,normalDay
2020-10-29,3484.0,-507.0,0.0,0,329.98,0.0,1,4.1,9.17,SPY201102P00339000,339.0,0,0.0,0.0,,0.0,normalDay
2020-10-30,3484.0,-811.0,0.0,0,326.54,0.0,1,4.1,12.21,SPY201102P00339000,339.0,0,0.0,0.0,,0.0,normalDay
2020-11-02,3894.0,-880.0,410.0,100,330.2,339.0,1,4.1,0.0,SPY201102P00339000,339.0,0,0.0,0.0,,0.0,expirationDay
2020-11-03,3894.0,-305.0,0.0,100,336.03,339.0,0,0.0,0.0,,0.0,1,2.04,2.12,SPY201116C00350000,350.0,normalDay
2020-11-04,3894.0,332.0,0.0,100,343.54,339.0,0,0.0,0.0,,0.0,1,2.04,3.26,SPY201116C00350000,350.0,normalDay
2020-11-05,3894.0,737.0,0.0,100,350.24,339.0,0,0.0,0.0,,0.0,1,2.04,5.91,SPY201116C00350000,350.0,normalDay
2020-11-06,3894.0,834.0,0.0,100,350.16,339.0,0,0.0,0.0,,0.0,1,2.04,4.86,SPY201116C00350000,350.0,normalDay
2020-11-09,3894.0,962.0,0.0,100,354.56,339.0,0,0.0,0.0,,0.0,1,2.04,7.98,SPY201116C00350000,350.0,normalDay
2020-11-10,3894.0,1042.0,0.0,100,354.04,339.0,0,0.0,0.0,,0.0,1,2.04,6.66,SPY201116C00350000,350.0,normalDay
2020-11-11,3894.0,1166.0,0.0,100,356.67,339.0,0,0.0,0.0,,0.0,1,2.04,8.05,SPY201116C00350000,350.0,normalDay
2020-11-12,3894.0,1113.0,0.0,100,353.21,339.0,0,0.0,0.0,,0.0,1,2.04,5.12,SPY201116C00350000,350.0,normalDay
2020-11-13,3894.0,1269.0,0.0,100,358.1,339.0,0,0.0,0.0,,0.0,1,2.04,8.45,SPY201116C00350000,350.0,normalDay
2020-11-16,5198.0,1269.0,1304.0,0,362.57,0.0,0,0.0,0.0,,0.0,1,2.04,0.0,SPY201116C00350000,350.0,expirationDay
2020-11-17,5198.0,-4.0,0.0,0,360.62,0.0,1,1.05,1.09,SPY201130P00345000,345.0,0,0.0,0.0,,0.0,normalDay
2020-11-18,5198.0,-45.0,0.0,0,356.28,0.0,1,1.05,1.5,SPY201130P00345000,345.0,0,0.0,0.0,,0.0,normalDay
2020-11-19,5198.0,2.0,0.0,0,357.78,0.0,1,1.05,1.03,SPY201130P00345000,345.0,0,0.0,0.0,,0.0,normalDay
2020-11-20,5198.0,-15.0,0.0,0,355.33,0.0,1,1.05,1.2,SPY201130P00345000,345.0,0,0.0,0.0,,0.0,normalDay
2020-11-23,5198.0,63.0,0.0,0,357.46,0.0,1,1.05,0.42,SPY201130P00345000,345.0,0,0.0,0.0,,0.0,normalDay
2020-11-24,5198.0,95.0,0.0,0,363.22,0.0,1,1.05,0.1,SPY201130P00345000,345.0,0,0.0,0.0,,0.0,normalDay
2020-11-25,5198.0,99.0,0.0,0,362.66,0.0,1,1.05,0.06,SPY201130P00345000,345.0,0,0.0,0.0,,0.0,normalDay
2020-11-27,5198.0,102.0,0.0,0,363.67,0.0,1,1.05,0.03,SPY201130P00345000,345.0,0,0.0,0.0,,0.0,normalDay
2020-11-30,5303.0,0.0,105.0,0,362.06,0.0,1,1.05,0.0,SPY201130P00345000,345.0,0,0.0,0.0,,0.0,expirationDay
2020-12-01,5303.0,-5.0,0.0,0,366.02,0.0,1,1.71,1.76,SPY201214P00356000,356.0,0,0.0,0.0,,0.0,normalDay
2020-12-02,5303.0,32.0,0.0,0,366.79,0.0,1,1.71,1.39,SPY201214P00356000,356.0,0,0.0,0.0,,0.0,normalDay
2020-12-03,5303.0,38.0,0.0,0,366.69,0.0,1,1.71,1.33,SPY201214P00356000,356.0,0,0.0,0.0,,0.0,normalDay
2020-12-04,5303.0,107.0,0.0,0,369.85,0.0,1,1.71,0.64,SPY201214P00356000,356.0,0,0.0,0.0,,0.0,normalDay
2020-12-07,5303.0,131.0,0.0,0,369.09,0.0,1,1.71,0.4,SPY201214P00356000,356.0,0,0.0,0.0,,0.0,normalDay
2020-12-08,5303.0,149.0,0.0,0,370.17,0.0,1,1.71,0.22,SPY201214P00356000,356.0,0,0.0,0.0,,0.0,normalDay
2020-12-09,5303.0,132.0,0.0,0,366.85,0.0,1,1.71,0.39,SPY201214P00356000,356.0,0,0.0,0.0,,0.0,normalDay
2020-12-10,5303.0,147.0,0.0,0,366.73,0.0,1,1.71,0.24,SPY201214P00356000,356.0,0,0.0,0.0,,0.0,normalDay
2020-12-11,5303.0,154.0,0.0,0,366.3,0.0,1,1.71,0.17,SPY201214P00356000,356.0,0,0.0,0.0,,0.0,normalDay
2020-12-14,5474.0,0.0,171.0,0,364.66,0.0,1,1.71,0.0,SPY201214P00356000,356.0,0,0.0,0.0,,0.0,expirationDay
2020-12-15,5474.0,-6.0,0.0,0,369.59,0.0,1,2.79,2.85,SPY201228P00364000,364.0,0,0.0,0.0,,0.0,normalDay
2020-12-16,5474.0,53.0,0.0,0,370.17,0.0,1,2.79,2.26,SPY201228P00364000,364.0,0,0.0,0.0,,0.0,normalDay
2020-12-17,5474.0,132.0,0.0,0,372.24,0.0,1,2.79,1.47,SPY201228P00364000,364.0,0,0.0,0.0,,0.0,normalDay
2020-12-18,5474.0,152.0,0.0,0,369.18,0.0,1,2.79,1.27,SPY201228P00364000,364.0,0,0.0,0.0,,0.0,normalDay
2020-12-21,5474.0,85.0,0.0,0,367.86,0.0,1,2.79,1.94,SPY201228P00364000,364.0,0,0.0,0.0,,0.0,normalDay
2020-12-22,5474.0,127.0,0.0,0,367.24,0.0,1,2.79,1.52,SPY201228P00364000,364.0,0,0.0,0.0,,0.0,normalDay
2020-12-23,5474.0,188.0,0.0,0,367.57,0.0,1,2.79,0.91,SPY201228P00364000,364.0,0,0.0,0.0,,0.0,normalDay
2020-12-24,5474.0,247.0,0.0,0,369.0,0.0,1,2.79,0.32,SPY201228P00364000,364.0,0,0.0,0.0,,0.0,normalDay
2020-12-28,5753.0,0.0,279.0,0,372.17,0.0,1,2.79,0.0,SPY201228P00364000,364.0,0,0.0,0.0,,0.0,expirationDay
2020-12-29,5753.0,-5.0,0.0,0,371.46,0.0,1,3.43,3.48,SPY210111P00368000,368.0,0,0.0,0.0,,0.0,normalDay
2020-12-30,5753.0,32.0,0.0,0,371.99,0.0,1,3.43,3.11,SPY210111P00368000,368.0,0,0.0,0.0,,0.0,normalDay
2020-12-31,5753.0,117.0,0.0,0,373.88,0.0,1,3.43,2.26,SPY210111P00368000,368.0,0,0.0,0.0,,0.0,normalDay
2021-01-04,5753.0,-60.0,0.0,0,368.79,0.0,1,3.43,4.03,SPY210111P00368000,368.0,0,0.0,0.0,,0.0,normalDay
2021-01-05,5753.0,75.0,0.0,0,371.33,0.0,1,3.43,2.68,SPY210111P00368000,368.0,0,0.0,0.0,,0.0,normalDay
2021-01-06,5753.0,165.0,0.0,0,373.55,0.0,1,3.43,1.78,SPY210111P00368000,368.0,0,0.0,0.0,,0.0,normalDay
2021-01-07,5753.0,316.0,0.0,0,379.1,0.0,1,3.43,0.27,SPY210111P00368000,368.0,0,0.0,0.0,,0.0,normalDay
2021-01-08,5753.0,337.0,0.0,0,381.26,0.0,1,3.43,0.06,SPY210111P00368000,368.0,0,0.0,0.0,,0.0,normalDay
2021-01-11,6096.0,0.0,343.0,0,378.69,0.0,1,3.43,0.0,SPY210111P00368000,368.0,0,0.0,0.0,,0.0,expirationDay
2021-01-12,6096.0,-6.0,0.0,0,378.77,0.0,1,2.73,2.79,SPY210125P00372000,372.0,0,0.0,0.0,,0.0,normalDay
2021-01-13,6096.0,72.0,0.0,0,379.79,0.0,1,2.73,2.01,SPY210125P00372000,372.0,0,0.0,0.0,,0.0,normalDay
2021-01-14,6096.0,36.0,0.0,0,378.46,0.0,1,2.73,2.37,SPY210125P00372000,372.0,0,0.0,0.0,,0.0,normalDay
2021-01-15,6096.0,-37.0,0.0,0,375.7,0.0,1,2.73,3.1,SPY210125P00372000,372.0,0,0.0,0.0,,0.0,normalDay
2021-01-19,6096.0,142.0,0.0,0,378.65,0.0,1,2.73,1.31,SPY210125P00372000,372.0,0,0.0,0.0,,0.0,normalDay
2021-01-20,6096.0,240.0,0.0,0,383.89,0.0,1,2.73,0.33,SPY210125P00372000,372.0,0,0.0,0.0,,0.0,normalDay
2021-01-21,6096.0,259.0,0.0,0,384.24,0.0,1,2.73,0.14,SPY210125P00372000,372.0,0,0.0,0.0,,0.0,normalDay
2021-01-22,6096.0,263.0,0.0,0,382.88,0.0,1,2.73,0.1,SPY210125P00372000,372.0,0,0.0,0.0,,0.0,normalDay
2021-01-25,6369.0,0.0,273.0,0,384.39,0.0,1,2.73,0.0,SPY210125P00372000,372.0,0,0.0,0.0,,0.0,expirationDay
2021-01-26,6369.0,-5.0,0.0,0,383.79,0.0,1,2.72,2.77,SPY210208P00378000,378.0,0,0.0,0.0,,0.0,normalDay
2021-01-27,6369.0,-637.0,0.0,0,374.41,0.0,1,2.72,9.09,SPY210208P00378000,378.0,0,0.0,0.0,,0.0,normalDay
2021-01-28,6369.0,-311.0,0.0,0,377.63,0.0,1,2.72,5.83,SPY210208P00378000,378.0,0,0.0,0.0,,0.0,normalDay
2021-01-29,6369.0,-825.0,0.0,0,370.07,0.0,1,2.72,10.97,SPY210208P00378000,378.0,0,0.0,0.0,,0.0,normalDay
2021-02-01,6369.0,-291.0,0.0,0,376.23,0.0,1,2.72,5.63,SPY210208P00378000,378.0,0,0.0,0.0,,0.0,normalDay
2021-02-02,6369.0,78.0,0.0,0,381.55,0.0,1,2.72,1.94,SPY210208P00378000,378.0,0,0.0,0.0,,0.0,normalDay
2021-02-03,6369.0,150.0,0.0,0,381.85,0.0,1,2.72,1.22,SPY210208P00378000,378.0,0,0.0,0.0,,0.0,normalDay
2021-02-04,6369.0,237.0,0.0,0,386.19,0.0,1,2.72,0.35,SPY210208P00378000,378.0,0,0.0,0.0,,0.0,normalDay
2021-02-05,6369.0,265.0,0.0,0,387.71,0.0,1,2.72,0.07,SPY210208P00378000,378.0,0,0.0,0.0,,0.0,normalDay
2021-02-08,6641.0,0.0,272.0,0,390.51,0.0,1,2.72,0.0,SPY210208P00378000,378.0,0,0.0,0.0,,0.0,expirationDay
2021-02-09,6641.0,-5.0,0.0,0,390.25,0.0,1,1.65,1.7,SPY210222P00381000,381.0,0,0.0,0.0,,0.0,normalDay
2021-02-10,6641.0,-12.0,0.0,0,390.08,0.0,1,1.65,1.77,SPY210222P00381000,381.0,0,0.0,0.0,,0.0,normalDay
2021-02-11,6641.0,23.0,0.0,0,390.71,0.0,1,1.65,1.42,SPY210222P00381000,381.0,0,0.0,0.0,,0.0,normalDay
2021-02-12,6641.0,97.0,0.0,0,392.64,0.0,1,1.65,0.68,SPY210222P00381000,381.0,0,0.0,0.0,,0.0,normalDay
2021-02-16,6641.0,114.0,0.0,0,392.3,0.0,1,1.65,0.51,SPY210222P00381000,381.0,0,0.0,0.0,,0.0,normalDay
2021-02-17,6641.0,133.0,0.0,0,392.39,0.0,1,1.65,0.32,SPY210222P00381000,381.0,0,0.0,0.0,,0.0,normalDay
2021-02-18,6641.0,133.0,0.0,0,390.72,0.0,1,1.65,0.32,SPY210222P00381000,381.0,0,0.0,0.0,,0.0,normalDay
2021-02-19,6641.0,155.0,0.0,0,390.03,0.0,1,1.65,0.1,SPY210222P00381000,381.0,0,0.0,0.0,,0.0,normalDay
2021-02-22,6806.0,0.0,165.0,0,387.03,0.0,1,1.65,0.0,SPY210222P00381000,381.0,0,0.0,0.0,,0.0,expirationDay
2021-02-23,6806.0,-7.0,0.0,0,387.5,0.0,1,4.34,4.41,SPY210308P00386000,386.0,0,0.0,0.0,,0.0,normalDay
2021-02-24,6806.0,192.0,0.0,0,391.77,0.0,1,4.34,2.42,SPY210308P00386000,386.0,0,0.0,0.0,,0.0,normalDay
2021-02-25,6806.0,-315.0,0.0,0,382.33,0.0,1,4.34,7.49,SPY210308P00386000,386.0,0,0.0,0.0,,0.0,normalDay
2021-02-26,6806.0,-401.0,0.0,0,380.36,0.0,1,4.34,8.35,SPY210308P00386000,386.0,0,0.0,0.0,,0.0,normalDay
2021-03-01,6806.0,173.0,0.0,0,389.58,0.0,1,4.34,2.61,SPY210308P00386000,386.0,0,0.0,0.0,,0.0,normalDay
2021-03-02,6806.0,74.0,0.0,0,386.54,0.0,1,4.34,3.6,SPY210308P00386000,386.0,0,0.0,0.0,,0.0,normalDay
2021-03-03,6806.0,-196.0,0.0,0,381.42,0.0,1,4.34,6.3,SPY210308P00386000,386.0,0,0.0,0.0,,0.0,normalDay
2021-03-04,6806.0,-526.0,0.0,0,376.7,0.0,1,4.34,9.6,SPY210308P00386000,386.0,0,0.0,0.0,,0.0,normalDay
2021-03-05,6806.0,53.0,0.0,0,383.63,0.0,1,4.34,3.81,SPY210308P00386000,386.0,0,0.0,0.0,,0.0,normalDay
2021-03-08,7240.0,-428.0,434.0,100,381.72,386.0,1,4.34,0.0,SPY210308P00386000,386.0,0,0.0,0.0,,0.0,expirationDay
2021-03-09,7240.0,111.0,0.0,100,387.17,386.0,0,0.0,0.0,,0.0,1,2.78,2.84,SPY210322C00392000,392.0,normalDay
2021-03-10,7240.0,297.0,0.0,100,389.58,386.0,0,0.0,0.0,,0.0,1,2.78,3.39,SPY210322C00392000,392.0,normalDay
2021-03-11,7240.0,557.0,0.0,100,393.53,386.0,0,0.0,0.0,,0.0,1,2.78,4.74,SPY210322C00392000,392.0,normalDay
2021-03-12,7240.0,615.0,0.0,100,394.06,386.0,0,0.0,0.0,,0.0,1,2.78,4.69,SPY210322C00392000,392.0,normalDay
2021-03-15,7240.0,738.0,0.0,100,396.41,386.0,0,0.0,0.0,,0.0,1,2.78,5.81,SPY210322C00392000,392.0,normalDay
2021-03-16,7240.0,751.0,0.0,100,395.91,386.0,0,0.0,0.0,,0.0,1,2.78,5.18,SPY210322C00392000,392.0,normalDay
2021-03-17,7240.0,850.0,0.0,100,397.26,386.0,0,0.0,0.0,,0.0,1,2.78,5.54,SPY210322C00392000,392.0,normalDay
2021-03-18,7240.0,629.0,0.0,100,391.48,386.0,0,0.0,0.0,,0.0,1,2.78,1.97,SPY210322C00392000,392.0,normalDay
2021-03-19,7240.0,569.0,0.0,100,389.48,386.0,0,0.0,0.0,,0.0,1,2.78,0.57,SPY210322C00392000,392.0,normalDay
2021-03-22,8118.0,569.0,878.0,0,392.59,0.0,0,0.0,0.0,,0.0,1,2.78,0.0,SPY210322C00392000,392.0,expirationDay
2021-03-23,8118.0,-7.0,0.0,0,389.5,0.0,1,3.92,3.99,SPY210405P00389000,389.0,0,0.0,0.0,,0.0,normalDay
2021-03-24,8118.0,-81.0,0.0,0,387.52,0.0,1,3.92,4.73,SPY210405P00389000,389.0,0,0.0,0.0,,0.0,normalDay
2021-03-25,8118.0,67.0,0.0,0,389.7,0.0,1,3.92,3.25,SPY210405P00389000,389.0,0,0.0,0.0,,0.0,normalDay
2021-03-26,8118.0,250.0,0.0,0,395.98,0.0,1,3.92,1.42,SPY210405P00389000,389.0,0,0.0,0.0,,0.0,normalDay
2021-03-29,8118.0,268.0,0.0,0,395.78,0.0,1,3.92,1.24,SPY210405P00389000,389.0,0,0.0,0.0,,0.0,normalDay
2021-03-30,8118.0,286.0,0.0,0,394.73,0.0,1,3.92,1.06,SPY210405P00389000,389.0,0,0.0,0.0,,0.0,normalDay
2021-03-31,8118.0,356.0,0.0,0,396.33,0.0,1,3.92,0.36,SPY210405P00389000,389.0,0,0.0,0.0,,0.0,normalDay
2021-04-01,8118.0,388.0,0.0,0,400.61,0.0,1,3.92,0.04,SPY210405P00389000,389.0,0,0.0,0.0,,0.0,normalDay
2021-04-05,8510.0,0.0,392.0,0,406.36,0.0,1,3.92,0.0,SPY210405P00389000,389.0,0,0.0,0.0,,0.0,expirationDay
2021-04-06,8510.0,-4.0,0.0,0,406.12,0.0,1,1.23,1.27,SPY210419P00395000,395.0,0,0.0,0.0,,0.0,normalDay
2021-04-07,8510.0,33.0,0.0,0,406.59,0.0,1,1.23,0.9,SPY210419P00395000,395.0,0,0.0,0.0,,0.0,normalDay
2021-04-08,8510.0,61.0,0.0,0,408.52,0.0,1,1.23,0.62,SPY210419P00395000,395.0,0,0.0,0.0,,0.0,normalDay
2021-04-09,8510.0,90.0,0.0,0,411.49,0.0,1,1.23,0.33,SPY210419P00395000,395.0,0,0.0,0.0,,0.0,normalDay
2021-04-12,8510.0,110.0,0.0,0,411.64,0.0,1,1.23,0.13,SPY210419P00395000,395.0,0,0.0,0.0,,0.0,normalDay
2021-04-13,8510.0,115.0,0.0,0,412.86,0.0,1,1.23,0.08,SPY210419P00395000,395.0,0,0.0,0.0,,0.0,normalDay
2021-04-14,8510.0,114.0,0.0,0,411.45,0.0,1,1.23,0.09,SPY210419P00395000,395.0,0,0.0,0.0,,0.0,normalDay
2021-04-15,8510.0,119.0,0.0,0,415.87,0.0,1,1.23,0.04,SPY210419P00395000,395.0,0,0.0,0.0,,0.0,normalDay
2021-04-16,8510.0,122.0,0.0,0,417.26,0.0,1,1.23,0.01,SPY210419P00395000,395.0,0,0.0,0.0,,0.0,normalDay
2021-04-19,8633.0,0.0,123.0,0,415.21,0.0,1,1.23,0.0,SPY210419P00395000,395.0,0,0.0,0.0,,0.0,expirationDay
2021-04-20,8633.0,-5.0,0.0,0,412.17,0.0,1,2.23,2.28,SPY210503P00404000,404.0,0,0.0,0.0,,0.0,normalDay
2021-04-21,8633.0,117.0,0.0,0,416.07,0.0,1,2.23,1.06,SPY210503P00404000,404.0,0,0.0,0.0,,0.0,normalDay
2021-04-22,8633.0,42.0,0.0,0,412.27,0.0,1,2.23,1.81,SPY210503P00404000,404.0,0,0.0,0.0,,0.0,normalDay
2021-04-23,8633.0,164.0,0.0,0,416.74,0.0,1,2.23,0.59,SPY210503P00404000,404.0,0,0.0,0.0,,0.0,normalDay
2021-04-26,8633.0,196.0,0.0,0,417.61,0.0,1,2.23,0.27,SPY210503P00404000,404.0,0,0.0,0.0,,0.0,normalDay
2021-04-27,8633.0,201.0,0.0,0,417.52,0.0,1,2.23,0.22,SPY210503P00404000,404.0,0,0.0,0.0,,0.0,normalDay
2021-04-28,8633.0,213.0,0.0,0,417.4,0.0,1,2.23,0.1,SPY210503P00404000,404.0,0,0.0,0.0,,0.0,normalDay
2021-04-29,8633.0,217.0,0.0,0,420.06,0.0,1,2.23,0.06,SPY210503P00404000,404.0,0,0.0,0.0,,0.0,normalDay
2021-04-30,8633.0,216.0,0.0,0,417.3,0.0,1,2.23,0.07,SPY210503P00404000,404.0,0,0.0,0.0,,0.0,normalDay
2021-05-03,8856.0,0.0,223.0,0,418.2,0.0,1,2.23,0.0,SPY210503P00404000,404.0,0,0.0,0.0,,0.0,expirationDay
2021-05-04,8856.0,-7.0,0.0,0,415.62,0.0,1,4.12,4.19,SPY210517P00415000,415.0,0,0.0,0.0,,0.0,normalDay
2021-05-05,8856.0,20.0,0.0,0,415.75,0.0,1,4.12,3.92,SPY210517P00415000,415.0,0,0.0,0.0,,0.0,normalDay
2021-05-06,8856.0,191.0,0.0,0,419.07,0.0,1,4.12,2.21,SPY210517P00415000,415.0,0,0.0,0.0,,0.0,normalDay
2021-05-07,8856.0,295.0,0.0,0,422.12,0.0,1,4.12,1.17,SPY210517P00415000,415.0,0,0.0,0.0,,0.0,normalDay
2021-05-10,8856.0,172.0,0.0,0,417.94,0.0,1,4.12,2.4,SPY210517P00415000,415.0,0,0.0,0.0,,0.0,normalDay
2021-05-11,8856.0,23.0,0.0,0,414.21,0.0,1,4.12,3.89,SPY210517P00415000,415.0,0,0.0,0.0,,0.0,normalDay
2021-05-12,8856.0,-612.0,0.0,0,405.41,0.0,1,4.12,10.24,SPY210517P00415000,415.0,0,0.0,0.0,,0.0,normalDay
2021-05-13,8856.0,-160.0,0.0,0,410.28,0.0,1,4.12,5.72,SPY210517P00415000,415.0,0,0.0,0.0,,0.0,normalDay
2021-05-14,8856.0,336.0,0.0,0,416.58,0.0,1,4.12,0.76,SPY210517P00415000,415.0,0,0.0,0.0,,0.0,normalDay
2021-05-17,9268.0,0.0,412.0,0,415.52,0.0,1,4.12,0.0,SPY210517P00415000,415.0,0,0.0,0.0,,0.0,expirationDay
2021-05-18,9268.0,-5.0,0.0,0,411.94,0.0,1,6.51,6.56,SPY210528P00416000,416.0,0,0.0,0.0,,0.0,normalDay
2021-05-19,9268.0,-72.0,0.0,0,410.86,0.0,1,6.51,7.23,SPY210528P00416000,416.0,0,0.0,0.0,,0.0,normalDay
2021-05-20,9268.0,235.0,0.0,0,415.28,0.0,1,6.51,4.16,SPY210528P00416000,416.0,0,0.0,0.0,,0.0,normalDay
2021-05-21,9268.0,289.0,0.0,0,414.94,0.0,1,6.51,3.62,SPY210528P00416000,416.0,0,0.0,0.0,,0.0,normalDay
2021-05-24,9268.0,535.0,0.0,0,419.17,0.0,1,6.51,1.16,SPY210528P00416000,416.0,0,0.0,0.0,,0.0,normalDay
2021-05-25,9268.0,515.0,0.0,0,418.24,0.0,1,6.51,1.36,SPY210528P00416000,416.0,0,0.0,0.0,,0.0,normalDay
2021-05-26,9268.0,584.0,0.0,0,419.07,0.0,1,6.51,0.67,SPY210528P00416000,416.0,0,0.0,0.0,,0.0,normalDay
2021-05-27,9268.0,636.0,0.0,0,419.29,0.0,1,6.51,0.15,SPY210528P00416000,416.0,0,0.0,0.0,,0.0,normalDay
2021-05-28,9919.0,0.0,651.0,0,420.04,0.0,1,6.51,0.0,SPY210528P00416000,416.0,0,0.0,0.0,,0.0,expirationDay
2021-06-01,9919.0,-5.0,0.0,0,419.67,0.0,1,2.46,2.51,SPY210614P00416000,416.0,0,0.0,0.0,,0.0,normalDay
2021-06-02,9919.0,53.0,0.0,0,420.33,0.0,1,2.46,1.93,SPY210614P00416000,416.0,0,0.0,0.0,,0.0,normalDay
2021-06-03,9919.0,4.0,0.0,0,418.77,0.0,1,2.46,2.42,SPY210614P00416000,416.0,0,0.0,0.0,,0.0,normalDay
2021-06-04,9919.0,143.0,0.0,0,422.6,0.0,1,2.46,1.03,SPY210614P00416000,416.0,0,0.0,0.0,,0.0,normalDay
2021-06-07,9919.0,184.0,0.0,0,422.19,0.0,1,2.46,0.62,SPY210614P00416000,416.0,0,0.0,0.0,,0.0,normalDay
2021-06-08,9919.0,180.0,0.0,0,422.28,0.0,1,2.46,0.66,SPY210614P00416000,416.0,0,0.0,0.0,,0.0,normalDay
2021-06-09,9919.0,168.0,0.0,0,421.65,0.0,1,2.46,0.78,SPY210614P00416000,416.0,0,0.0,0.0,,0.0,normalDay
2021-06-10,9919.0,229.0,0.0,0,423.61,0.0,1,2.46,0.17,SPY210614P00416000,416.0,0,0.0,0.0,,0.0,normalDay
2021-06-11,9919.0,238.0,0.0,0,424.31,0.0,1,2.46,0.08,SPY210614P00416000,416.0,0,0.0,0.0,,0.0,normalDay
2021-06-14,10165.0,0.0,246.0,0,425.26,0.0,1,2.46,0.0,SPY210614P00416000,416.0,0,0.0,0.0,,0.0,expirationDay
2021-06-15,10165.0,-4.0,0.0,0,424.48,0.0,1,2.59,2.63,SPY210628P00420000,420.0,0,0.0,0.0,,0.0,normalDay
2021-06-16,10165.0,-84.0,0.0,0,422.11,0.0,1,2.59,3.43,SPY210628P00420000,420.0,0,0.0,0.0,,0.0,normalDay
2021-06-17,10165.0,-39.0,0.0,0,421.97,0.0,1,2.59,2.98,SPY210628P00420000,420.0,0,0.0,0.0,,0.0,normalDay
2021-06-18,10165.0,-410.0,0.0,0,414.92,0.0,1,2.59,6.69,SPY210628P00420000,420.0,0,0.0,0.0,,0.0,normalDay
2021-06-21,10165.0,52.0,0.0,0,420.86,0.0,1,2.59,2.07,SPY210628P00420000,420.0,0,0.0,0.0,,0.0,normalDay
2021-06-22,10165.0,146.0,0.0,0,423.11,0.0,1,2.59,1.13,SPY210628P00420000,420.0,0,0.0,0.0,,0.0,normalDay
2021-06-23,10165.0,170.0,0.0,0,422.6,0.0,1,2.59,0.89,SPY210628P00420000,420.0,0,0.0,0.0,,0.0,normalDay
2021-06-24,10165.0,232.0,0.0,0,425.1,0.0,1,2.59,0.27,SPY210628P00420000,420.0,0,0.0,0.0,,0.0,normalDay
2021-06-25,10165.0,250.0,0.0,0,426.61,0.0,1,2.59,0.09,SPY210628P00420000,420.0,0,0.0,0.0,,0.0,normalDay
2021-06-28,10424.0,0.0,259.0,0,427.47,0.0,1,2.59,0.0,SPY210628P00420000,420.0,0,0.0,0.0,,0.0,expirationDay
2021-06-29,10424.0,-3.0,0.0,0,427.7,0.0,1,1.47,1.5,SPY210712P00423000,423.0,0,0.0,0.0,,0.0,normalDay
2021-06-30,10424.0,30.0,0.0,0,428.06,0.0,1,1.47,1.17,SPY210712P00423000,423.0,0,0.0,0.0,,0.0,normalDay
2021-07-01,10424.0,58.0,0.0,0,430.43,0.0,1,1.47,0.89,SPY210712P00423000,423.0,0,0.0,0.0,,0.0,normalDay
2021-07-02,10424.0,106.0,0.0,0,433.72,0.0,1,1.47,0.41,SPY210712P00423000,423.0,0,0.0,0.0,,0.0,normalDay
2021-07-06,10424.0,116.0,0.0,0,432.93,0.0,1,1.47,0.31,SPY210712P00423000,423.0,0,0.0,0.0,,0.0,normalDay
2021-07-07,10424.0,134.0,0.0,0,434.46,0.0,1,1.47,0.13,SPY210712P00423000,423.0,0,0.0,0.0,,0.0,normalDay
2021-07-08,10424.0,105.0,0.0,0,430.92,0.0,1,1.47,0.42,SPY210712P00423000,423.0,0,0.0,0.0,,0.0,normalDay
2021-07-09,10424.0,142.0,0.0,0,435.52,0.0,1,1.47,0.05,SPY210712P00423000,423.0,0,0.0,0.0,,0.0,normalDay
2021-07-12,10571.0,0.0,147.0,0,437.08,0.0,1,1.47,0.0,SPY210712P00423000,423.0,0,0.0,0.0,,0.0,expirationDay
2021-07-13,10571.0,-4.0,0.0,0,435.59,0.0,1,1.8,1.84,SPY210726P00428000,428.0,0,0.0,0.0,,0.0,normalDay
2021-07-14,10571.0,55.0,0.0,0,436.24,0.0,1,1.8,1.25,SPY210726P00428000,428.0,0,0.0,0.0,,0.0,normalDay
2021-07-15,10571.0,21.0,0.0,0,434.75,0.0,1,1.8,1.59,SPY210726P00428000,428.0,0,0.0,0.0,,0.0,normalDay
2021-07-16,10571.0,-67.0,0.0,0,431.34,0.0,1,1.8,2.47,SPY210726P00428000,428.0,0,0.0,0.0,,0.0,normalDay
2021-07-19,10571.0,-364.0,0.0,0,424.97,0.0,1,1.8,5.44,SPY210726P00428000,428.0,0,0.0,0.0,,0.0,normalDay
2021-07-20,10571.0,-7.0,0.0,0,431.06,0.0,1,1.8,1.87,SPY210726P00428000,428.0,0,0.0,0.0,,0.0,normalDay
2021-07-21,10571.0,133.0,0.0,0,434.55,0.0,1,1.8,0.47,SPY210726P00428000,428.0,0,0.0,0.0,,0.0,normalDay
2021-07-22,10571.0,155.0,0.0,0,435.46,0.0,1,1.8,0.25,SPY210726P00428000,428.0,0,0.0,0.0,,0.0,normalDay
2021-07-23,10571.0,176.0,0.0,0,439.94,0.0,1,1.8,0.04,SPY210726P00428000,428.0,0,0.0,0.0,,0.0,normalDay
2021-07-26,10751.0,0.0,180.0,0,441.02,0.0,1,1.8,0.0,SPY210726P00428000,428.0,0,0.0,0.0,,0.0,expirationDay
2021-07-27,10751.0,-5.0,0.0,0,439.01,0.0,1,2.86,2.91,SPY210809P00434000,434.0,0,0.0,0.0,,0.0,normalDay
2021-07-28,10751.0,54.0,0.0,0,438.83,0.0,1,2.86,2.32,SPY210809P00434000,434.0,0,0.0,0.0,,0.0,normalDay
2021-07-29,10751.0,140.0,0.0,0,440.65,0.0,1,2.86,1.46,SPY210809P00434000,434.0,0,0.0,0.0,,0.0,normalDay
2021-07-30,10751.0,122.0,0.0,0,438.51,0.0,1,2.86,1.64,SPY210809P00434000,434.0,0,0.0,0.0,,0.0,normalDay
2021-08-02,10751.0,110.0,0.0,0,437.59,0.0,1,2.86,1.76,SPY210809P00434000,434.0,0,0.0,0.0,,0.0,normalDay
2021-08-03,10751.0,225.0,0.0,0,441.15,0.0,1,2.86,0.61,SPY210809P00434000,434.0,0,0.0,0.0,,0.0,normalDay
2021-08-04,10751.0,218.0,0.0,0,438.98,0.0,1,2.86,0.68,SPY210809P00434000,434.0,0,0.0,0.0,,0.0,normalDay
2021-08-05,10751.0,264.0,0.0,0,441.76,0.0,1,2.86,0.22,SPY210809P00434000,434.0,0,0.0,0.0,,0.0,normalDay
2021-08-06,10751.0,281.0,0.0,0,442.49,0.0,1,2.86,0.05,SPY210809P00434000,434.0,0,0.0,0.0,,0.0,normalDay
2021-08-09,11037.0,0.0,286.0,0,442.13,0.0,1,2.86,0.0,SPY210809P00434000,434.0,0,0.0,0.0,,0.0,expirationDay
2021-08-10,11037.0,-4.0,0.0,0,442.68,0.0,1,2.01,2.05,SPY210823P00438000,438.0,0,0.0,0.0,,0.0,normalDay
2021-08-11,11037.0,60.0,0.0,0,443.78,0.0,1,2.01,1.41,SPY210823P00438000,438.0,0,0.0,0.0,,0.0,normalDay
2021-08-12,11037.0,104.0,0.0,0,445.11,0.0,1,2.01,0.97,SPY210823P00438000,438.0,0,0.0,0.0,,0.0,normalDay
2021-08-13,11037.0,140.0,0.0,0,445.92,0.0,1,2.01,0.61,SPY210823P00438000,438.0,0,0.0,0.0,,0.0,normalDay
2021-08-16,11037.0,160.0,0.0,0,446.97,0.0,1,2.01,0.41,SPY210823P00438000,438.0,0,0.0,0.0,,0.0,normalDay
2021-08-17,11037.0,94.0,0.0,0,444.04,0.0,1,2.01,1.07,SPY210823P00438000,438.0,0,0.0,0.0,,0.0,normalDay
2021-08-18,11037.0,-84.0,0.0,0,439.18,0.0,1,2.01,2.85,SPY210823P00438000,438.0,0,0.0,0.0,,0.0,normalDay
2021-08-19,11037.0,15.0,0.0,0,439.86,0.0,1,2.01,1.86,SPY210823P00438000,438.0,0,0.0,0.0,,0.0,normalDay
2021-08-20,11037.0,179.0,0.0,0,443.36,0.0,1,2.01,0.22,SPY210823P00438000,438.0,0,0.0,0.0,,0.0,normalDay
2021-08-23,11238.0,0.0,201.0,0,447.26,0.0,1,2.01,0.0,SPY210823P00438000,438.0,0,0.0,0.0,,0.0,expirationDay
2021-08-24,11238.0,-3.0,0.0,0,447.97,0.0,1,1.53,1.56,SPY210903P00442000,442.0,0,0.0,0.0,,0.0,normalDay
2021-08-25,11238.0,41.0,0.0,0,448.91,0.0,1,1.53,1.12,SPY210903P00442000,442.0,0,0.0,0.0,,0.0,normalDay
2021-08-26,11238.0,-59.0,0.0,0,446.26,0.0,1,1.53,2.12,SPY210903P00442000,442.0,0,0.0,0.0,,0.0,normalDay
2021-08-27,11238.0,92.0,0.0,0,450.25,0.0,1,1.53,0.61,SPY210903P00442000,442.0,0,0.0,0.0,,0.0,normalDay
2021-08-30,11238.0,131.0,0.0,0,452.23,0.0,1,1.53,0.22,SPY210903P00442000,442.0,0,0.0,0.0,,0.0,normalDay
2021-08-31,11238.0,132.0,0.0,0,451.56,0.0,1,1.53,0.21,SPY210903P00442000,442.0,0,0.0,0.0,,0.0,normalDay
2021-09-01,11238.0,144.0,0.0,0,451.8,0.0,1,1.53,0.09,SPY210903P00442000,442.0,0,0.0,0.0,,0.0,normalDay
2021-09-02,11238.0,148.0,0.0,0,453.19,0.0,1,1.53,0.05,SPY210903P00442000,442.0,0,0.0,0.0,,0.0,normalDay
2021-09-03,11391.0,0.0,153.0,0,453.08,0.0,1,1.53,0.0,SPY210903P00442000,442.0,0,0.0,0.0,,0.0,expirationDay
2021-09-07,11391.0,-4.0,0.0,0,451.46,0.0,1,2.61,2.65,SPY210920P00447000,447.0,0,0.0,0.0,,0.0,normalDay
2021-09-08,11391.0,0.0,0.0,0,450.91,0.0,1,2.61,2.61,SPY210920P00447000,447.0,0,0.0,0.0,,0.0,normalDay
2021-09-09,11391.0,-101.0,0.0,0,448.98,0.0,1,2.61,3.62,SPY210920P00447000,447.0,0,0.0,0.0,,0.0,normalDay
2021-09-10,11391.0,-277.0,0.0,0,445.44,0.0,1,2.61,5.38,SPY210920P00447000,447.0,0,0.0,0.0,,0.0,normalDay
2021-09-13,11391.0,-133.0,0.0,0,446.58,0.0,1,2.61,3.94,SPY210920P00447000,447.0,0,0.0,0.0,,0.0,normalDay
2021-09-14,11391.0,-263.0,0.0,0,444.17,0.0,1,2.61,5.24,SPY210920P00447000,447.0,0,0.0,0.0,,0.0,normalDay
2021-09-15,11391.0,23.0,0.0,0,447.88,0.0,1,2.61,2.38,SPY210920P00447000,447.0,0,0.0,0.0,,0.0,normalDay
2021-09-16,11391.0,-7.0,0.0,0,447.17,0.0,1,2.61,2.68,SPY210920P00447000,447.0,0,0.0,0.0,,0.0,normalDay
2021-09-17,11391.0,-375.0,0.0,0,441.4,0.0,1,2.61,6.36,SPY210920P00447000,447.0,0,0.0,0.0,,0.0,normalDay
2021-09-20,11652.0,-1296.0,261.0,100,434.04,447.0,1,2.61,0.0,SPY210920P00447000,447.0,0,0.0,0.0,,0.0,expirationDay
2021-09-21,11652.0,-1340.0,0.0,100,433.63,447.0,0,0.0,0.0,,0.0,1,0.17,0.2,SPY211004C00453000,453.0,normalDay
2021-09-22,11652.0,-921.0,0.0,100,437.86,447.0,0,0.0,0.0,,0.0,1,0.17,0.24,SPY211004C00453000,453.0,normalDay
2021-09-23,11652.0,-413.0,0.0,100,443.18,447.0,0,0.0,0.0,,0.0,1,0.17,0.48,SPY211004C00453000,453.0,normalDay
2021-09-24,11652.0,-322.0,0.0,100,443.91,447.0,0,0.0,0.0,,0.0,1,0.17,0.3,SPY211004C00453000,453.0,normalDay
2021-09-27,11652.0,-431.0,0.0,100,442.64,447.0,0,0.0,0.0,,0.0,1,0.17,0.12,SPY211004C00453000,453.0,normalDay
2021-09-28,11652.0,-1317.0,0.0,100,433.72,447.0,0,0.0,0.0,,0.0,1,0.17,0.06,SPY211004C00453000,453.0,normalDay
2021-09-29,11652.0,-1241.0,0.0,100,434.45,447.0,0,0.0,0.0,,0.0,1,0.17,0.03,SPY211004C00453000,453.0,normalDay
2021-09-30,11652.0,-1771.0,0.0,100,429.14,447.0,0,0.0,0.0,,0.0,1,0.17,0.02,SPY211004C00453000,453.0,normalDay
2021-10-01,11652.0,-1261.0,0.0,100,434.24,447.0,0,0.0,0.0,,0.0,1,0.17,0.02,SPY211004C00453000,453.0,normalDay
2021-10-04,11669.0,-1836.0,17.0,100,428.64,447.0,0,0.0,0.0,,0.0,1,0.17,0.0,SPY211004C00453000,453.0,expirationDay
2021-10-05,11669.0,-1393.0,0.0,100,433.1,447.0,0,0.0,0.0,,0.0,1,0.4,0.43,SPY211018C00448000,448.0,normalDay
2021-10-06,11669.0,-1220.0,0.0,100,434.9,447.0,0,0.0,0.0,,0.0,1,0.4,0.5,SPY211018C00448000,448.0,normalDay
2021-10-07,11669.0,-869.0,0.0,100,438.66,447.0,0,0.0,0.0,,0.0,1,0.4,0.75,SPY211018C00448000,448.0,normalDay
2021-10-08,11669.0,-902.0,0.0,100,437.86,447.0,0,0.0,0.0,,0.0,1,0.4,0.28,SPY211018C00448000,448.0,normalDay
2021-10-11,11669.0,-1202.0,0.0,100,434.69,447.0,0,0.0,0.0,,0.0,1,0.4,0.11,SPY211018C00448000,448.0,normalDay
2021-10-12,11669.0,-1304.0,0.0,100,433.62,447.0,0,0.0,0.0,,0.0,1,0.4,0.06,SPY211018C00448000,448.0,normalDay
2021-10-13,11669.0,-1147.0,0.0,100,435.18,447.0,0,0.0,0.0,,0.0,1,0.4,0.05,SPY211018C00448000,448.0,normalDay
2021-10-14,11669.0,-434.0,0.0,100,442.5,447.0,0,0.0,0.0,,0.0,1,0.4,0.24,SPY211018C00448000,448.0,normalDay
2021-10-15,11669.0,-114.0,0.0,100,445.87,447.0,0,0.0,0.0,,0.0,1,0.4,0.41,SPY211018C00448000,448.0,normalDay
2021-10-18,11709.0,19.0,40.0,100,447.19,447.0,0,0.0,0.0,,0.0,1,0.4,0.0,SPY211018C00448000,448.0,expirationDay
2021-10-19,11709.0,353.0,0.0,100,450.64,447.0,0,0.0,0.0,,0.0,1,7.76,7.87,SPY211101C00445000,445.0,normalDay
2021-10-20,11709.0,466.0,0.0,100,452.41,447.0,0,0.0,0.0,,0.0,1,7.76,8.51,SPY211101C00445000,445.0,normalDay
2021-10-21,11709.0,482.0,0.0,100,453.59,447.0,0,0.0,0.0,,0.0,1,7.76,9.53,SPY211101C00445000,445.0,normalDay
2021-10-22,11709.0,507.0,0.0,100,453.12,447.0,0,0.0,0.0,,0.0,1,7.76,8.81,SPY211101C00445000,445.0,normalDay
2021-10-25,11709.0,593.0,0.0,100,455.55,447.0,0,0.0,0.0,,0.0,1,7.76,10.38,SPY211101C00445000,445.0,normalDay
2021-10-26,11709.0,509.0,0.0,100,455.96,447.0,0,0.0,0.0,,0.0,1,7.76,11.63,SPY211101C00445000,445.0,normalDay
2021-10-27,11709.0,509.0,0.0,100,453.94,447.0,0,0.0,0.0,,0.0,1,7.76,9.61,SPY211101C00445000,445.0,normalDay
2021-10-28,11709.0,601.0,0.0,100,458.32,447.0,0,0.0,0.0,,0.0,1,7.76,13.07,SPY211101C00445000,445.0,normalDay
2021-10-29,11709.0,560.0,0.0,100,459.25,447.0,0,0.0,0.0,,0.0,1,7.76,14.41,SPY211101C00445000,445.0,normalDay
2021-11-01,12285.0,560.0,576.0,0,460.04,0.0,0,0.0,0.0,,0.0,1,7.76,0.0,SPY211101C00445000,445.0,expirationDay
2021-11-02,12285.0,-4.0,0.0,0,461.9,0.0,1,1.16,1.2,SPY211115P00448000,448.0,0,0.0,0.0,,0.0,normalDay
2021-11-03,12285.0,52.0,0.0,0,464.72,0.0,1,1.16,0.64,SPY211115P00448000,448.0,0,0.0,0.0,,0.0,normalDay
2021-11-04,12285.0,70.0,0.0,0,466.91,0.0,1,1.16,0.46,SPY211115P00448000,448.0,0,0.0,0.0,,0.0,normalDay
2021-11-05,12285.0,82.0,0.0,0,468.53,0.0,1,1.16,0.34,SPY211115P00448000,448.0,0,0.0,0.0,,0.0,normalDay
2021-11-08,12285.0,97.0,0.0,0,468.93,0.0,1,1.16,0.19,SPY211115P00448000,448.0,0,0.0,0.0,,0.0,normalDay
2021-11-09,12285.0,98.0,0.0,0,467.38,0.0,1,1.16,0.18,SPY211115P00448000,448.0,0,0.0,0.0,,0.0,normalDay
2021-11-10,12285.0,93.0,0.0,0,463.62,0.0,1,1.16,0.23,SPY211115P00448000,448.0,0,0.0,0.0,,0.0,normalDay
2021-11-11,12285.0,108.0,0.0,0,463.77,0.0,1,1.16,0.08,SPY211115P00448000,448.0,0,0.0,0.0,,0.0,normalDay
2021-11-12,12285.0,113.0,0.0,0,467.27,0.0,1,1.16,0.03,SPY211115P00448000,448.0,0,0.0,0.0,,0.0,normalDay
2021-11-15,12401.0,0.0,116.0,0,467.43,0.0,1,1.16,0.0,SPY211115P00448000,448.0,0,0.0,0.0,,0.0,expirationDay
2021-11-16,12401.0,-3.0,0.0,0,469.28,0.0,1,1.48,1.51,SPY211129P00462000,462.0,0,0.0,0.0,,0.0,normalDay
2021-11-17,12401.0,-8.0,0.0,0,468.14,0.0,1,1.48,1.56,SPY211129P00462000,462.0,0,0.0,0.0,,0.0,normalDay
2021-11-18,12401.0,32.0,0.0,0,469.73,0.0,1,1.48,1.16,SPY211129P00462000,462.0,0,0.0,0.0,,0.0,normalDay
2021-11-19,12401.0,37.0,0.0,0,468.89,0.0,1,1.48,1.11,SPY211129P00462000,462.0,0,0.0,0.0,,0.0,normalDay
2021-11-22,12401.0,24.0,0.0,0,467.57,0.0,1,1.48,1.24,SPY211129P00462000,462.0,0,0.0,0.0,,0.0,normalDay
2021-11-23,12401.0,51.0,0.0,0,468.19,0.0,1,1.48,0.97,SPY211129P00462000,462.0,0,0.0,0.0,,0.0,normalDay
2021-11-24,12401.0,108.0,0.0,0,469.44,0.0,1,1.48,0.4,SPY211129P00462000,462.0,0,0.0,0.0,,0.0,normalDay
2021-11-26,12401.0,-452.0,0.0,0,458.97,0.0,1,1.48,6.0,SPY211129P00462000,462.0,0,0.0,0.0,,0.0,normalDay
2021-11-29,12549.0,0.0,148.0,0,464.6,0.0,1,1.48,0.0,SPY211129P00462000,462.0,0,0.0,0.0,,0.0,expirationDay
2021-11-30,12549.0,-18.0,0.0,0,455.56,0.0,1,10.87,11.05,SPY211213P00466000,466.0,0,0.0,0.0,,0.0,normalDay
2021-12-01,12549.0,-623.0,0.0,0,450.5,0.0,1,10.87,17.1,SPY211213P00466000,466.0,0,0.0,0.0,,0.0,normalDay
2021-12-02,12549.0,-19.0,0.0,0,457.4,0.0,1,10.87,11.06,SPY211213P00466000,466.0,0,0.0,0.0,,0.0,normalDay
2021-12-03,12549.0,-308.0,0.0,0,453.42,0.0,1,10.87,13.95,SPY211213P00466000,466.0,0,0.0,0.0,,0.0,normalDay
2021-12-06,12549.0,205.0,0.0,0,458.79,0.0,1,10.87,8.82,SPY211213P00466000,466.0,0,0.0,0.0,,0.0,normalDay
2021-12-07,12549.0,831.0,0.0,0,468.28,0.0,1,10.87,2.56,SPY211213P00466000,466.0,0,0.0,0.0,,0.0,normalDay
2021-12-08,12549.0,943.0,0.0,0,469.52,0.0,1,10.87,1.44,SPY211213P00466000,466.0,0,0.0,0.0,,0.0,normalDay
2021-12-09,12549.0,849.0,0.0,0,466.35,0.0,1,10.87,2.38,SPY211213P00466000,466.0,0,0.0,0.0,,0.0,normalDay
2021-12-10,12549.0,1051.0,0.0,0,470.74,0.0,1,10.87,0.36,SPY211213P00466000,466.0,0,0.0,0.0,,0.0,normalDay
2021-12-13,13636.0,0.0,1087.0,0,466.57,0.0,1,10.87,0.0,SPY211213P00466000,466.0,0,0.0,0.0,,0.0,expirationDay
2021-12-14,13636.0,-11.0,0.0,0,463.36,0.0,1,6.62,6.73,SPY211227P00464000,464.0,0,0.0,0.0,,0.0,normalDay
2021-12-15,13636.0,395.0,0.0,0,470.6,0.0,1,6.62,2.67,SPY211227P00464000,464.0,0,0.0,0.0,,0.0,normalDay
2021-12-16,13636.0,249.0,0.0,0,466.45,0.0,1,6.62,4.13,SPY211227P00464000,464.0,0,0.0,0.0,,0.0,normalDay
2021-12-17,13636.0,7.0,0.0,0,459.87,0.0,1,6.62,6.55,SPY211227P00464000,464.0,0,0.0,0.0,,0.0,normalDay
2021-12-20,13636.0,-298.0,0.0,0,454.98,0.0,1,6.62,9.6,SPY211227P00464000,464.0,0,0.0,0.0,,0.0,normalDay
2021-12-21,13636.0,292.0,0.0,0,463.06,0.0,1,6.62,3.7,SPY211227P00464000,464.0,0,0.0,0.0,,0.0,normalDay
2021-12-22,13636.0,565.0,0.0,0,467.69,0.0,1,6.62,0.97,SPY211227P00464000,464.0,0,0.0,0.0,,0.0,normalDay
2021-12-23,13636.0,641.0,0.0,0,470.6,0.0,1,6.62,0.21,SPY211227P00464000,464.0,0,0.0,0.0,,0.0,normalDay
2021-12-27,14298.0,0.0,662.0,0,477.26,0.0,1,6.62,0.0,SPY211227P00464000,464.0,0,0.0,0.0,,0.0,expirationDay
2021-12-28,14298.0,-3.0,0.0,0,476.87,0.0,1,1.14,1.17,SPY220110P00464000,464.0,0,0.0,0.0,,0.0,normalDay
2021-12-29,14298.0,39.0,0.0,0,477.48,0.0,1,1.14,0.75,SPY220110P00464000,464.0,0,0.0,0.0,,0.0,normalDay
2021-12-30,14298.0,27.0,0.0,0,476.16,0.0,1,1.14,0.87,SPY220110P00464000,464.0,0,0.0,0.0,,0.0,normalDay
2021-12-31,14298.0,41.0,0.0,0,474.96,0.0,1,1.14,0.73,SPY220110P00464000,464.0,0,0.0,0.0,,0.0,normalDay
2022-01-03,14298.0,92.0,0.0,0,477.71,0.0,1,1.14,0.22,SPY220110P00464000,464.0,0,0.0,0.0,,0.0,normalDay
2022-01-04,14298.0,91.0,0.0,0,477.55,0.0,1,1.14,0.23,SPY220110P00464000,464.0,0,0.0,0.0,,0.0,normalDay
2022-01-05,14298.0,-47.0,0.0,0,468.38,0.0,1,1.14,1.61,SPY220110P00464000,464.0,0,0.0,0.0,,0.0,normalDay
2022-01-06,14298.0,-9.0,0.0,0,467.94,0.0,1,1.14,1.23,SPY220110P00464000,464.0,0,0.0,0.0,,0.0,normalDay
2022-01-07,14298.0,30.0,0.0,0,466.09,0.0,1,1.14,0.84,SPY220110P00464000,464.0,0,0.0,0.0,,0.0,normalDay
2022-01-10,14412.0,0.0,114.0,0,465.51,0.0,1,1.14,0.0,SPY220110P00464000,464.0,0,0.0,0.0,,0.0,expirationDay
2022-01-11,14412.0,-5.0,0.0,0,469.75,0.0,1,4.83,4.88,SPY220124P00470000,470.0,0,0.0,0.0,,0.0,normalDay
2022-01-12,14412.0,104.0,0.0,0,471.02,0.0,1,4.83,3.79,SPY220124P00470000,470.0,0,0.0,0.0,,0.0,normalDay
2022-01-13,14412.0,-304.0,0.0,0,464.53,0.0,1,4.83,7.87,SPY220124P00470000,470.0,0,0.0,0.0,,0.0,normalDay
2022-01-14,14412.0,-219.0,0.0,0,464.72,0.0,1,4.83,7.02,SPY220124P00470000,470.0,0,0.0,0.0,,0.0,normalDay
2022-01-18,14412.0,-932.0,0.0,0,456.49,0.0,1,4.83,14.15,SPY220124P00470000,470.0,0,0.0,0.0,,0.0,normalDay
2022-01-19,14412.0,-1325.0,0.0,0,451.75,0.0,1,4.83,18.08,SPY220124P00470000,470.0,0,0.0,0.0,,0.0,normalDay
2022-01-20,14412.0,-1903.0,0.0,0,446.75,0.0,1,4.83,23.86,SPY220124P00470000,470.0,0,0.0,0.0,,0.0,normalDay
2022-01-21,14412.0,-2724.0,0.0,0,437.98,0.0,1,4.83,32.07,SPY220124P00470000,470.0,0,0.0,0.0,,0.0,normalDay
2022-01-24,14895.0,-3016.0,483.0,100,439.84,470.0,1,4.83,0.0,SPY220124P00470000,470.0,0,0.0,0.0,,0.0,expirationDay
2022-01-25,14895.0,-3556.0,0.0,100,434.47,470.0,0,0.0,0.0,,0.0,1,0.04,0.07,SPY220207C00479000,479.0,normalDay
2022-01-26,14895.0,-3663.0,0.0,100,433.38,470.0,0,0.0,0.0,,0.0,1,0.04,0.05,SPY220207C00479000,479.0,normalDay
2022-01-27,14895.0,-3876.0,0.0,100,431.24,470.0,0,0.0,0.0,,0.0,1,0.04,0.04,SPY220207C00479000,479.0,normalDay
2022-01-28,14895.0,-2806.0,0.0,100,441.95,470.0,0,0.0,0.0,,0.0,1,0.04,0.05,SPY220207C00479000,479.0,normalDay
2022-01-31,14895.0,-2008.0,0.0,100,449.91,470.0,0,0.0,0.0,,0.0,1,0.04,0.03,SPY220207C00479000,479.0,normalDay
2022-02-01,14895.0,-1703.0,0.0,100,452.95,470.0,0,0.0,0.0,,0.0,1,0.04,0.02,SPY220207C00479000,479.0,normalDay
2022-02-02,14895.0,-1263.0,0.0,100,457.35,470.0,0,0.0,0.0,,0.0,1,0.04,0.02,SPY220207C00479000,479.0,normalDay
2022-02-03,14895.0,-2337.0,0.0,100,446.6,470.0,0,0.0,0.0,,0.0,1,0.04,0.01,SPY220207C00479000,479.0,normalDay
2022-02-04,14895.0,-2127.0,0.0,100,448.7,470.0,0,0.0,0.0,,0.0,1,0.04,0.01,SPY220207C00479000,479.0,normalDay
2022-02-07,14899.0,-2274.0,4.0,100,447.26,470.0,0,0.0,0.0,,0.0,1,0.04,0.0,SPY220207C00479000,479.0,expirationDay
2022-02-08,14899.0,-1910.0,0.0,100,450.94,470.0,0,0.0,0.0,,0.0,1,1.46,1.5,SPY220222C00462000,462.0,normalDay
2022-02-09,14899.0,-1407.0,0.0,100,457.54,470.0,0,0.0,0.0,,0.0,1,1.46,3.07,SPY220222C00462000,462.0,normalDay
2022-02-10,14899.0,-2049.0,0.0,100,449.32,470.0,0,0.0,0.0,,0.0,1,1.46,1.27,SPY220222C00462000,462.0,normalDay
2022-02-11,14899.0,-2838.0,0.0,100,440.46,470.0,0,0.0,0.0,,0.0,1,1.46,0.3,SPY220222C00462000,462.0,normalDay
2022-02-14,14899.0,-2964.0,0.0,100,439.02,470.0,0,0.0,0.0,,0.0,1,1.46,0.12,SPY220222C00462000,462.0,normalDay
2022-02-15,14899.0,-2262.0,0.0,100,446.1,470.0,0,0.0,0.0,,0.0,1,1.46,0.18,SPY220222C00462000,462.0,normalDay
2022-02-16,14899.0,-2203.0,0.0,100,446.6,470.0,0,0.0,0.0,,0.0,1,1.46,0.09,SPY220222C00462000,462.0,normalDay
2022-02-17,14899.0,-3151.0,0.0,100,437.06,470.0,0,0.0,0.0,,0.0,1,1.46,0.03,SPY220222C00462000,462.0,normalDay
2022-02-18,14899.0,-3432.0,0.0,100,434.23,470.0,0,0.0,0.0,,0.0,1,1.46,0.01,SPY220222C00462000,462.0,normalDay
2022-02-22,15045.0,-4043.0,146.0,100,429.57,470.0,0,0.0,0.0,,0.0,1,1.46,0.0,SPY220222C00462000,462.0,expirationDay
2022-02-23,15045.0,-4808.0,0.0,100,421.95,470.0,0,0.0,0.0,,0.0,1,0.2,0.23,SPY220309C00454000,454.0,normalDay
2022-02-24,15045.0,-4180.0,0.0,100,428.3,470.0,0,0.0,0.0,,0.0,1,0.2,0.3,SPY220309C00454000,454.0,normalDay
2022-02-25,15045.0,-3289.0,0.0,100,437.75,470.0,0,0.0,0.0,,0.0,1,0.2,0.84,SPY220309C00454000,454.0,normalDay
2022-02-28,15045.0,-3389.0,0.0,100,436.63,470.0,0,0.0,0.0,,0.0,1,0.2,0.72,SPY220309C00454000,454.0,normalDay
2022-03-01,15045.0,-4015.0,0.0,100,429.98,470.0,0,0.0,0.0,,0.0,1,0.2,0.33,SPY220309C00454000,454.0,normalDay
2022-03-02,15045.0,-3236.0,0.0,100,437.89,470.0,0,0.0,0.0,,0.0,1,0.2,0.45,SPY220309C00454000,454.0,normalDay
2022-03-03,15045.0,-3429.0,0.0,100,435.71,470.0,0,0.0,0.0,,0.0,1,0.2,0.2,SPY220309C00454000,454.0,normalDay
2022-03-04,15045.0,-3768.0,0.0,100,432.17,470.0,0,0.0,0.0,,0.0,1,0.2,0.05,SPY220309C00454000,454.0,normalDay
2022-03-07,15045.0,-5038.0,0.0,100,419.43,470.0,0,0.0,0.0,,0.0,1,0.2,0.01,SPY220309C00454000,454.0,normalDay
2022-03-08,15045.0,-5356.0,0.0,100,416.25,470.0,0,0.0,0.0,,0.0,1,0.2,0.01,SPY220309C00454000,454.0,normalDay
2022-03-09,15065.0,-4259.0,20.0,100,427.41,470.0,0,0.0,0.0,,0.0,1,0.2,0.0,SPY220309C00454000,454.0,expirationDay
2022-03-10,15065.0,-4456.0,0.0,100,425.48,470.0,0,0.0,0.0,,0.0,1,1.27,1.31,SPY220323C00443000,443.0,normalDay
2022-03-11,15065.0,-4934.0,0.0,100,420.07,470.0,0,0.0,0.0,,0.0,1,1.27,0.68,SPY220323C00443000,443.0,normalDay
2022-03-14,15065.0,-5212.0,0.0,100,417.0,470.0,0,0.0,0.0,,0.0,1,1.27,0.39,SPY220323C00443000,443.0,normalDay
2022-03-15,15065.0,-4333.0,0.0,100,426.17,470.0,0,0.0,0.0,,0.0,1,1.27,0.77,SPY220323C00443000,443.0,normalDay
2022-03-16,15065.0,-3475.0,0.0,100,435.62,470.0,0,0.0,0.0,,0.0,1,1.27,1.64,SPY220323C00443000,443.0,normalDay
2022-03-17,15065.0,-3029.0,0.0,100,441.07,470.0,0,0.0,0.0,,0.0,1,1.27,2.63,SPY220323C00443000,443.0,normalDay
2022-03-18,15065.0,-2920.0,0.0,100,444.52,470.0,0,0.0,0.0,,0.0,1,1.27,4.99,SPY220323C00443000,443.0,normalDay
2022-03-21,15065.0,-2808.0,0.0,100,444.39,470.0,0,0.0,0.0,,0.0,1,1.27,3.74,SPY220323C00443000,443.0,normalDay
2022-03-22,15065.0,-2620.0,0.0,100,449.59,470.0,0,0.0,0.0,,0.0,1,1.27,7.06,SPY220323C00443000,443.0,normalDay
2022-03-23,12492.0,-2620.0,-2573.0,0,443.8,0.0,0,0.0,0.0,,0.0,1,1.27,0.0,SPY220323C00443000,443.0,expirationDay
2022-03-24,12492.0,-4.0,0.0,0,450.49,0.0,1,1.86,1.9,SPY220406P00434000,434.0,0,0.0,0.0,,0.0,normalDay
2022-03-25,12492.0,59.0,0.0,0,452.69,0.0,1,1.86,1.27,SPY220406P00434000,434.0,0,0.0,0.0,,0.0,normalDay
2022-03-28,12492.0,135.0,0.0,0,455.91,0.0,1,1.86,0.51,SPY220406P00434000,434.0,0,0.0,0.0,,0.0,normalDay
2022-03-29,12492.0,160.0,0.0,0,461.55,0.0,1,1.86,0.26,SPY220406P00434000,434.0,0,0.0,0.0,,0.0,normalDay
2022-03-30,12492.0,169.0,0.0,0,458.7,0.0,1,1.86,0.17,SPY220406P00434000,434.0,0,0.0,0.0,,0.0,normalDay
2022-03-31,12492.0,157.0,0.0,0,451.64,0.0,1,1.86,0.29,SPY220406P00434000,434.0,0,0.0,0.0,,0.0,normalDay
2022-04-01,12492.0,176.0,0.0,0,452.92,0.0,1,1.86,0.1,SPY220406P00434000,434.0,0,0.0,0.0,,0.0,normalDay
2022-04-04,12492.0,183.0,0.0,0,456.8,0.0,1,1.86,0.03,SPY220406P00434000,434.0,0,0.0,0.0,,0.0,normalDay
2022-04-05,12492.0,183.0,0.0,0,451.03,0.0,1,1.86,0.03,SPY220406P00434000,434.0,0,0.0,0.0,,0.0,normalDay
2022-04-06,12678.0,0.0,186.0,0,446.52,0.0,1,1.86,0.0,SPY220406P00434000,434.0,0,0.0,0.0,,0.0,expirationDay
2022-04-07,12678.0,-5.0,0.0,0,448.77,0.0,1,4.09,4.14,SPY220420P00445000,445.0,0,0.0,0.0,,0.0,normalDay
2022-04-08,12678.0,5.0,0.0,0,447.57,0.0,1,4.09,4.04,SPY220420P00445000,445.0,0,0.0,0.0,,0.0,normalDay
2022-04-11,12678.0,-402.0,0.0,0,439.92,0.0,1,4.09,8.11,SPY220420P00445000,445.0,0,0.0,0.0,,0.0,normalDay
2022-04-12,12678.0,-449.0,0.0,0,438.29,0.0,1,4.09,8.58,SPY220420P00445000,445.0,0,0.0,0.0,,0.0,normalDay
2022-04-13,12678.0,-67.0,0.0,0,443.31,0.0,1,4.09,4.76,SPY220420P00445000,445.0,0,0.0,0.0,,0.0,normalDay
2022-04-14,12678.0,-406.0,0.0,0,437.79,0.0,1,4.09,8.15,SPY220420P00445000,445.0,0,0.0,0.0,,0.0,normalDay
2022-04-18,12678.0,-232.0,0.0,0,437.97,0.0,1,4.09,6.41,SPY220420P00445000,445.0,0,0.0,0.0,,0.0,normalDay
2022-04-19,12678.0,126.0,0.0,0,445.04,0.0,1,4.09,2.83,SPY220420P00445000,445.0,0,0.0,0.0,,0.0,normalDay
2022-04-20,13087.0,-29.0,409.0,100,444.71,445.0,1,4.09,0.0,SPY220420P00445000,445.0,0,0.0,0.0,,0.0,expirationDay
2022-04-21,13087.0,-697.0,0.0,100,438.06,445.0,0,0.0,0.0,,0.0,1,0.47,0.5,SPY220504C00456000,456.0,normalDay
2022-04-22,13087.0,-1860.0,0.0,100,426.04,445.0,0,0.0,0.0,,0.0,1,0.47,0.11,SPY220504C00456000,456.0,normalDay
2022-04-25,13087.0,-1612.0,0.0,100,428.51,445.0,0,0.0,0.0,,0.0,1,0.47,0.1,SPY220504C00456000,456.0,normalDay
2022-04-26,13087.0,-2846.0,0.0,100,416.1,445.0,0,0.0,0.0,,0.0,1,0.47,0.03,SPY220504C00456000,456.0,normalDay
2022-04-27,13087.0,-2728.0,0.0,100,417.27,445.0,0,0.0,0.0,,0.0,1,0.47,0.02,SPY220504C00456000,456.0,normalDay
2022-04-28,13087.0,-1676.0,0.0,100,427.81,445.0,0,0.0,0.0,,0.0,1,0.47,0.04,SPY220504C00456000,456.0,normalDay
2022-04-29,13087.0,-3255.0,0.0,100,412.0,445.0,0,0.0,0.0,,0.0,1,0.47,0.02,SPY220504C00456000,456.0,normalDay
2022-05-02,13087.0,-3006.0,0.0,100,414.48,445.0,0,0.0,0.0,,0.0,1,0.47,0.01,SPY220504C00456000,456.0,normalDay
2022-05-03,13087.0,-2816.0,0.0,100,416.38,445.0,0,0.0,0.0,,0.0,1,0.47,0.01,SPY220504C00456000,456.0,normalDay
2022-05-04,13134.0,-1594.0,47.0,100,429.06,445.0,0,0.0,0.0,,0.0,1,0.47,0.0,SPY220504C00456000,456.0,expirationDay
2022-05-05,13134.0,-3123.0,0.0,100,413.81,445.0,0,0.0,0.0,,0.0,1,0.35,0.39,SPY220518C00445000,445.0,normalDay
2022-05-06,13134.0,-3344.0,0.0,100,411.34,445.0,0,0.0,0.0,,0.0,1,0.35,0.13,SPY220518C00445000,445.0,normalDay
2022-05-09,13134.0,-4655.0,0.0,100,398.17,445.0,0,0.0,0.0,,0.0,1,0.35,0.07,SPY220518C00445000,445.0,normalDay
2022-05-10,13134.0,-4559.0,0.0,100,399.09,445.0,0,0.0,0.0,,0.0,1,0.35,0.03,SPY220518C00445000,445.0,normalDay
2022-05-11,13134.0,-5192.0,0.0,100,392.75,445.0,0,0.0,0.0,,0.0,1,0.35,0.02,SPY220518C00445000,445.0,normalDay
2022-05-12,13134.0,-5233.0,0.0,100,392.34,445.0,0,0.0,0.0,,0.0,1,0.35,0.02,SPY220518C00445000,445.0,normalDay
2022-05-13,13134.0,-4295.0,0.0,100,401.72,445.0,0,0.0,0.0,,0.0,1,0.35,0.02,SPY220518C00445000,445.0,normalDay
2022-05-16,13134.0,-4457.0,0.0,100,400.09,445.0,0,0.0,0.0,,0.0,1,0.35,0.01,SPY220518C00445000,445.0,normalDay
2022-05-17,13134.0,-3634.0,0.0,100,408.32,445.0,0,0.0,0.0,,0.0,1,0.35,0.01,SPY220518C00445000,445.0,normalDay
2022-05-18,13169.0,-5314.0,35.0,100,391.86,445.0,0,0.0,0.0,,0.0,1,0.35,0.0,SPY220518C00445000,445.0,expirationDay
2022-05-19,13169.0,-5557.0,0.0,100,389.46,445.0,0,0.0,0.0,,0.0,1,0.15,0.18,SPY220601C00424000,424.0,normalDay
2022-05-20,13169.0,-5534.0,0.0,100,389.63,445.0,0,0.0,0.0,,0.0,1,0.15,0.12,SPY220601C00424000,424.0,normalDay
2022-05-23,13169.0,-4812.0,0.0,100,396.92,445.0,0,0.0,0.0,,0.0,1,0.15,0.19,SPY220601C00424000,424.0,normalDay
2022-05-24,13169.0,-5106.0,0.0,100,393.89,445.0,0,0.0,0.0,,0.0,1,0.15,0.1,SPY220601C00424000,424.0,normalDay
2022-05-25,13169.0,-4754.0,0.0,100,397.37,445.0,0,0.0,0.0,,0.0,1,0.15,0.06,SPY220601C00424000,424.0,normalDay
2022-05-26,13169.0,-3966.0,0.0,100,405.31,445.0,0,0.0,0.0,,0.0,1,0.15,0.12,SPY220601C00424000,424.0,normalDay
2022-05-27,13169.0,-3018.0,0.0,100,415.26,445.0,0,0.0,0.0,,0.0,1,0.15,0.59,SPY220601C00424000,424.0,normalDay
2022-05-31,13169.0,-3211.0,0.0,100,412.93,445.0,0,0.0,0.0,,0.0,1,0.15,0.19,SPY220601C00424000,424.0,normalDay
2022-06-01,13184.0,-3541.0,15.0,100,409.59,445.0,0,0.0,0.0,,0.0,1,0.15,0.0,SPY220601C00424000,424.0,expirationDay
2022-06-02,13184.0,-2782.0,0.0,100,417.39,445.0,0,0.0,0.0,,0.0,1,10.22,10.43,SPY220615C00412000,412.0,normalDay
2022-06-03,13184.0,-3030.0,0.0,100,410.54,445.0,0,0.0,0.0,,0.0,1,10.22,6.06,SPY220615C00412000,412.0,normalDay
2022-06-06,13184.0,-2904.0,0.0,100,411.79,445.0,0,0.0,0.0,,0.0,1,10.22,6.05,SPY220615C00412000,412.0,normalDay
2022-06-07,13184.0,-2673.0,0.0,100,415.74,445.0,0,0.0,0.0,,0.0,1,10.22,7.69,SPY220615C00412000,412.0,normalDay
2022-06-08,13184.0,-2843.0,0.0,100,411.22,445.0,0,0.0,0.0,,0.0,1,10.22,4.87,SPY220615C00412000,412.0,normalDay
2022-06-09,13184.0,-3508.0,0.0,100,401.44,445.0,0,0.0,0.0,,0.0,1,10.22,1.74,SPY220615C00412000,412.0,normalDay
2022-06-10,13184.0,-4514.0,0.0,100,389.8,445.0,0,0.0,0.0,,0.0,1,10.22,0.16,SPY220615C00412000,412.0,normalDay
2022-06-13,13184.0,-5982.0,0.0,100,375.0,445.0,0,0.0,0.0,,0.0,1,10.22,0.04,SPY220615C00412000,412.0,normalDay
2022-06-14,13184.0,-6093.0,0.0,100,373.87,445.0,0,0.0,0.0,,0.0,1,10.22,0.02,SPY220615C00412000,412.0,normalDay
2022-06-15,14206.0,-6580.0,1022.0,100,379.2,445.0,0,0.0,0.0,,0.0,1,10.22,0.0,SPY220615C00412000,412.0,expirationDay
2022-06-16,14206.0,-7838.0,0.0,100,366.65,445.0,0,0.0,0.0,,0.0,1,0.08,0.11,SPY220630C00415000,415.0,normalDay
2022-06-17,14206.0,-7915.0,0.0,100,365.86,445.0,0,0.0,0.0,,0.0,1,0.08,0.09,SPY220630C00415000,415.0,normalDay
2022-06-21,14206.0,-6990.0,0.0,100,375.07,445.0,0,0.0,0.0,,0.0,1,0.08,0.05,SPY220630C00415000,415.0,normalDay
2022-06-22,14206.0,-7057.0,0.0,100,374.39,445.0,0,0.0,0.0,,0.0,1,0.08,0.04,SPY220630C00415000,415.0,normalDay
2022-06-23,14206.0,-6689.0,0.0,100,378.06,445.0,0,0.0,0.0,,0.0,1,0.08,0.03,SPY220630C00415000,415.0,normalDay
2022-06-24,14206.0,-5492.0,0.0,100,390.08,445.0,0,0.0,0.0,,0.0,1,0.08,0.08,SPY220630C00415000,415.0,normalDay
2022-06-27,14206.0,-5639.0,0.0,100,388.59,445.0,0,0.0,0.0,,0.0,1,0.08,0.06,SPY220630C00415000,415.0,normalDay
2022-06-28,14206.0,-6429.0,0.0,100,380.65,445.0,0,0.0,0.0,,0.0,1,0.08,0.02,SPY220630C00415000,415.0,normalDay
2022-06-29,14206.0,-6459.0,0.0,100,380.34,445.0,0,0.0,0.0,,0.0,1,0.08,0.01,SPY220630C00415000,415.0,normalDay
2022-06-30,14214.0,-6775.0,8.0,100,377.25,445.0,0,0.0,0.0,,0.0,1,0.08,0.0,SPY220630C00415000,415.0,expirationDay
2022-07-01,14214.0,-6379.0,0.0,100,381.24,445.0,0,0.0,0.0,,0.0,1,0.54,0.57,SPY220715C00404000,404.0,normalDay
2022-07-05,14214.0,-6293.0,0.0,100,381.96,445.0,0,0.0,0.0,,0.0,1,0.54,0.43,SPY220715C00404000,404.0,normalDay
2022-07-06,14214.0,-6165.0,0.0,100,383.25,445.0,0,0.0,0.0,,0.0,1,0.54,0.44,SPY220715C00404000,404.0,normalDay
2022-07-07,14214.0,-5612.0,0.0,100,388.99,445.0,0,0.0,0.0,,0.0,1,0.54,0.65,SPY220715C00404000,404.0,normalDay
2022-07-08,14214.0,-5611.0,0.0,100,388.67,445.0,0,0.0,0.0,,0.0,1,0.54,0.32,SPY220715C00404000,404.0,normalDay
2022-07-11,14214.0,-6031.0,0.0,100,384.23,445.0,0,0.0,0.0,,0.0,1,0.54,0.08,SPY220715C00404000,404.0,normalDay
2022-07-12,14214.0,-6368.0,0.0,100,380.83,445.0,0,0.0,0.0,,0.0,1,0.54,0.05,SPY220715C00404000,404.0,normalDay
2022-07-13,14214.0,-6564.0,0.0,100,378.83,445.0,0,0.0,0.0,,0.0,1,0.54,0.01,SPY220715C00404000,404.0,normalDay
2022-07-14,14214.0,-6656.0,0.0,100,377.91,445.0,0,0.0,0.0,,0.0,1,0.54,0.01,SPY220715C00404000,404.0,normalDay
2022-07-15,14268.0,-5987.0,54.0,100,385.13,445.0,0,0.0,0.0,,0.0,1,0.54,0.0,SPY220715C00404000,404.0,expirationDay
2022-07-18,14268.0,-6310.0,0.0,100,381.95,445.0,0,0.0,0.0,,0.0,1,4.3,4.35,SPY220801C00388000,388.0,normalDay
2022-07-19,14268.0,-5845.0,0.0,100,392.27,445.0,0,0.0,0.0,,0.0,1,4.3,10.02,SPY220801C00388000,388.0,normalDay
2022-07-20,14268.0,-5702.0,0.0,100,394.77,445.0,0,0.0,0.0,,0.0,1,4.3,11.09,SPY220801C00388000,388.0,normalDay
2022-07-21,14268.0,-5491.0,0.0,100,398.79,445.0,0,0.0,0.0,,0.0,1,4.3,13.0,SPY220801C00388000,388.0,normalDay
2022-07-22,14268.0,-5526.0,0.0,100,395.09,445.0,0,0.0,0.0,,0.0,1,4.3,9.65,SPY220801C00388000,388.0,normalDay
2022-07-25,14268.0,-5530.0,0.0,100,395.57,445.0,0,0.0,0.0,,0.0,1,4.3,10.17,SPY220801C00388000,388.0,normalDay
2022-07-26,14268.0,-5707.0,0.0,100,390.89,445.0,0,0.0,0.0,,0.0,1,4.3,7.26,SPY220801C00388000,388.0,normalDay
2022-07-27,14268.0,-5289.0,0.0,100,401.04,445.0,0,0.0,0.0,,0.0,1,4.3,13.23,SPY220801C00388000,388.0,normalDay
2022-07-28,14268.0,-5421.0,0.0,100,406.07,445.0,0,0.0,0.0,,0.0,1,4.3,19.58,SPY220801C00388000,388.0,normalDay
2022-07-29,14268.0,-5296.0,0.0,100,411.99,445.0,0,0.0,0.0,,0.0,1,4.3,24.25,SPY220801C00388000,388.0,normalDay
2022-08-01,8998.0,-5296.0,-5270.0,0,410.77,0.0,0,0.0,0.0,,0.0,1,4.3,0.0,SPY220801C00388000,388.0,expirationDay
2022-08-02,8998.0,-4.0,0.0,0,408.06,0.0,1,2.0,2.04,SPY220815P00393000,393.0,0,0.0,0.0,,0.0,normalDay
2022-08-03,8998.0,120.0,0.0,0,414.45,0.0,1,2.0,0.8,SPY220815P00393000,393.0,0,0.0,0.0,,0.0,normalDay
2022-08-04,8998.0,144.0,0.0,0,414.17,0.0,1,2.0,0.56,SPY220815P00393000,393.0,0,0.0,0.0,,0.0,normalDay
2022-08-05,8998.0,152.0,0.0,0,413.47,0.0,1,2.0,0.48,SPY220815P00393000,393.0,0,0.0,0.0,,0.0,normalDay
2022-08-08,8998.0,177.0,0.0,0,412.99,0.0,1,2.0,0.23,SPY220815P00393000,393.0,0,0.0,0.0,,0.0,normalDay
2022-08-09,8998.0,175.0,0.0,0,411.35,0.0,1,2.0,0.25,SPY220815P00393000,393.0,0,0.0,0.0,,0.0,normalDay
2022-08-10,8998.0,196.0,0.0,0,419.99,0.0,1,2.0,0.04,SPY220815P00393000,393.0,0,0.0,0.0,,0.0,normalDay
2022-08-11,8998.0,197.0,0.0,0,419.99,0.0,1,2.0,0.03,SPY220815P00393000,393.0,0,0.0,0.0,,0.0,normalDay
2022-08-12,8998.0,198.0,0.0,0,427.1,0.0,1,2.0,0.02,SPY220815P00393000,393.0,0,0.0,0.0,,0.0,normalDay
2022-08-15,9198.0,0.0,200.0,0,428.86,0.0,1,2.0,0.0,SPY220815P00393000,393.0,0,0.0,0.0,,0.0,expirationDay
2022-08-16,9198.0,-3.0,0.0,0,429.7,0.0,1,0.81,0.84,SPY220829P00410000,410.0,0,0.0,0.0,,0.0,normalDay
2022-08-17,9198.0,-15.0,0.0,0,426.65,0.0,1,0.81,0.96,SPY220829P00410000,410.0,0,0.0,0.0,,0.0,normalDay
2022-08-18,9198.0,21.0,0.0,0,427.89,0.0,1,0.81,0.6,SPY220829P00410000,410.0,0,0.0,0.0,,0.0,normalDay
2022-08-19,9198.0,-30.0,0.0,0,422.14,0.0,1,0.81,1.11,SPY220829P00410000,410.0,0,0.0,0.0,,0.0,normalDay
2022-08-22,9198.0,-226.0,0.0,0,413.35,0.0,1,0.81,3.07,SPY220829P00410000,410.0,0,0.0,0.0,,0.0,normalDay
2022-08-23,9198.0,-259.0,0.0,0,412.35,0.0,1,0.81,3.4,SPY220829P00410000,410.0,0,0.0,0.0,,0.0,normalDay
2022-08-24,9198.0,-138.0,0.0,0,413.67,0.0,1,0.81,2.19,SPY220829P00410000,410.0,0,0.0,0.0,,0.0,normalDay
2022-08-25,9198.0,2.0,0.0,0,419.51,0.0,1,0.81,0.79,SPY220829P00410000,410.0,0,0.0,0.0,,0.0,normalDay
2022-08-26,9198.0,-477.0,0.0,0,405.31,0.0,1,0.81,5.58,SPY220829P00410000,410.0,0,0.0,0.0,,0.0,normalDay
2022-08-29,9279.0,-737.0,81.0,100,402.63,410.0,1,0.81,0.0,SPY220829P00410000,410.0,0,0.0,0.0,,0.0,expirationDay
2022-08-30,9279.0,-1182.0,0.0,100,398.21,410.0,0,0.0,0.0,,0.0,1,0.11,0.14,SPY220912C00426000,426.0,normalDay
2022-08-31,9279.0,-1479.0,0.0,100,395.18,410.0,0,0.0,0.0,,0.0,1,0.11,0.08,SPY220912C00426000,426.0,normalDay
2022-09-01,9279.0,-1353.0,0.0,100,396.42,410.0,0,0.0,0.0,,0.0,1,0.11,0.06,SPY220912C00426000,426.0,normalDay
2022-09-02,9279.0,-1767.0,0.0,100,392.24,410.0,0,0.0,0.0,,0.0,1,0.11,0.02,SPY220912C00426000,426.0,normalDay
2022-09-06,9279.0,-1915.0,0.0,100,390.76,410.0,0,0.0,0.0,,0.0,1,0.11,0.02,SPY220912C00426000,426.0,normalDay
2022-09-07,9279.0,-1212.0,0.0,100,397.78,410.0,0,0.0,0.0,,0.0,1,0.11,0.01,SPY220912C00426000,426.0,normalDay
2022-09-08,9279.0,-952.0,0.0,100,400.38,410.0,0,0.0,0.0,,0.0,1,0.11,0.01,SPY220912C00426000,426.0,normalDay
2022-09-09,9279.0,-330.0,0.0,100,406.6,410.0,0,0.0,0.0,,0.0,1,0.11,0.01,SPY220912C00426000,426.0,normalDay
2022-09-12,9290.0,97.0,11.0,100,410.97,410.0,0,0.0,0.0,,0.0,1,0.11,0.0,SPY220912C00426000,426.0,expirationDay
2022-09-13,9290.0,-1693.0,0.0,100,393.1,410.0,0,0.0,0.0,,0.0,1,0.26,0.29,SPY220926C00422000,422.0,normalDay
2022-09-14,9290.0,-1536.0,0.0,100,394.6,410.0,0,0.0,0.0,,0.0,1,0.26,0.22,SPY220926C00422000,422.0,normalDay
2022-09-15,9290.0,-1972.0,0.0,100,390.12,410.0,0,0.0,0.0,,0.0,1,0.26,0.1,SPY220926C00422000,422.0,normalDay
2022-09-16,9290.0,-2423.0,0.0,100,385.56,410.0,0,0.0,0.0,,0.0,1,0.26,0.05,SPY220926C00422000,422.0,normalDay
2022-09-19,9290.0,-2123.0,0.0,100,388.55,410.0,0,0.0,0.0,,0.0,1,0.26,0.04,SPY220926C00422000,422.0,normalDay
2022-09-20,9290.0,-2567.0,0.0,100,384.09,410.0,0,0.0,0.0,,0.0,1,0.26,0.02,SPY220926C00422000,422.0,normalDay
2022-09-21,9290.0,-3236.0,0.0,100,377.39,410.0,0,0.0,0.0,,0.0,1,0.26,0.01,SPY220926C00422000,422.0,normalDay
2022-09-22,9290.0,-3553.0,0.0,100,374.22,410.0,0,0.0,0.0,,0.0,1,0.26,0.01,SPY220926C00422000,422.0,normalDay
2022-09-23,9290.0,-4180.0,0.0,100,367.95,410.0,0,0.0,0.0,,0.0,1,0.26,0.01,SPY220926C00422000,422.0,normalDay
2022-09-26,9316.0,-4569.0,26.0,100,364.31,410.0,0,0.0,0.0,,0.0,1,0.26,0.0,SPY220926C00422000,422.0,expirationDay
2022-09-27,9316.0,-4665.0,0.0,100,363.38,410.0,0,0.0,0.0,,0.0,1,0.07,0.1,SPY221010C00403000,403.0,normalDay
2022-09-28,9316.0,-3957.0,0.0,100,370.53,410.0,0,0.0,0.0,,0.0,1,0.07,0.17,SPY221010C00403000,403.0,normalDay
2022-09-29,9316.0,-4719.0,0.0,100,362.79,410.0,0,0.0,0.0,,0.0,1,0.07,0.05,SPY221010C00403000,403.0,normalDay
2022-09-30,9316.0,-5278.0,0.0,100,357.18,410.0,0,0.0,0.0,,0.0,1,0.07,0.03,SPY221010C00403000,403.0,normalDay
2022-10-03,9316.0,-4334.0,0.0,100,366.61,410.0,0,0.0,0.0,,0.0,1,0.07,0.02,SPY221010C00403000,403.0,normalDay
2022-10-04,9316.0,-3204.0,0.0,100,377.97,410.0,0,0.0,0.0,,0.0,1,0.07,0.08,SPY221010C00403000,403.0,normalDay
2022-10-05,9316.0,-3286.0,0.0,100,377.09,410.0,0,0.0,0.0,,0.0,1,0.07,0.02,SPY221010C00403000,403.0,normalDay
2022-10-06,9316.0,-3675.0,0.0,100,373.2,410.0,0,0.0,0.0,,0.0,1,0.07,0.02,SPY221010C00403000,403.0,normalDay
2022-10-07,9316.0,-4715.0,0.0,100,362.79,410.0,0,0.0,0.0,,0.0,1,0.07,0.01,SPY221010C00403000,403.0,normalDay
2022-10-10,9323.0,-4998.0,7.0,100,360.02,410.0,0,0.0,0.0,,0.0,1,0.07,0.0,SPY221010C00403000,403.0,expirationDay
2022-10-11,9323.0,-5229.0,0.0,100,357.74,410.0,0,0.0,0.0,,0.0,1,0.69,0.72,SPY221024C00385000,385.0,normalDay
2022-10-12,9323.0,-5332.0,0.0,100,356.56,410.0,0,0.0,0.0,,0.0,1,0.69,0.57,SPY221024C00385000,385.0,normalDay
2022-10-13,9323.0,-4460.0,0.0,100,365.97,410.0,0,0.0,0.0,,0.0,1,0.69,1.26,SPY221024C00385000,385.0,normalDay
2022-10-14,9323.0,-5189.0,0.0,100,357.63,410.0,0,0.0,0.0,,0.0,1,0.69,0.21,SPY221024C00385000,385.0,normalDay
2022-10-17,9323.0,-4307.0,0.0,100,366.82,410.0,0,0.0,0.0,,0.0,1,0.69,0.58,SPY221024C00385000,385.0,normalDay
2022-10-18,9323.0,-3906.0,0.0,100,371.13,410.0,0,0.0,0.0,,0.0,1,0.69,0.88,SPY221024C00385000,385.0,normalDay
2022-10-19,9323.0,-4107.0,0.0,100,368.5,410.0,0,0.0,0.0,,0.0,1,0.69,0.26,SPY221024C00385000,385.0,normalDay
2022-10-20,9323.0,-4394.0,0.0,100,365.41,410.0,0,0.0,0.0,,0.0,1,0.69,0.04,SPY221024C00385000,385.0,normalDay
2022-10-21,9323.0,-3512.0,0.0,100,374.29,410.0,0,0.0,0.0,,0.0,1,0.69,0.1,SPY221024C00385000,385.0,normalDay
2022-10-24,9392.0,-3113.0,69.0,100,378.87,410.0,0,0.0,0.0,,0.0,1,0.69,0.0,SPY221024C00385000,385.0,expirationDay
2022-10-25,9392.0,-2534.0,0.0,100,384.92,410.0,0,0.0,0.0,,0.0,1,11.71,11.97,SPY221107C00377000,377.0,normalDay
2022-10-26,9392.0,-2733.0,0.0,100,382.02,410.0,0,0.0,0.0,,0.0,1,11.71,11.06,SPY221107C00377000,377.0,normalDay
2022-10-27,9392.0,-2499.0,0.0,100,379.98,410.0,0,0.0,0.0,,0.0,1,11.71,6.68,SPY221107C00377000,377.0,normalDay
2022-10-28,9392.0,-2403.0,0.0,100,389.02,410.0,0,0.0,0.0,,0.0,1,11.71,14.76,SPY221107C00377000,377.0,normalDay
2022-10-31,9392.0,-2389.0,0.0,100,386.21,410.0,0,0.0,0.0,,0.0,1,11.71,11.81,SPY221107C00377000,377.0,normalDay
2022-11-01,9392.0,-2371.0,0.0,100,384.52,410.0,0,0.0,0.0,,0.0,1,11.71,9.94,SPY221107C00377000,377.0,normalDay
2022-11-02,9392.0,-2661.0,0.0,100,374.87,410.0,0,0.0,0.0,,0.0,1,11.71,3.19,SPY221107C00377000,377.0,normalDay
2022-11-03,9392.0,-2858.0,0.0,100,371.01,410.0,0,0.0,0.0,,0.0,1,11.71,1.3,SPY221107C00377000,377.0,normalDay
2022-11-04,9392.0,-2381.0,0.0,100,376.35,410.0,0,0.0,0.0,,0.0,1,11.71,1.87,SPY221107C00377000,377.0,normalDay
2022-11-07,7263.0,-2381.0,-2129.0,0,379.95,0.0,0,0.0,0.0,,0.0,1,11.71,0.0,SPY221107C00377000,377.0,expirationDay
2022-11-08,7263.0,-5.0,0.0,0,382.0,0.0,1,4.54,4.59,SPY221121P00375000,375.0,0,0.0,0.0,,0.0,normalDay
2022-11-09,7263.0,-266.0,0.0,0,374.13,0.0,1,4.54,7.2,SPY221121P00375000,375.0,0,0.0,0.0,,0.0,normalDay
2022-11-10,7263.0,363.0,0.0,0,394.69,0.0,1,4.54,0.91,SPY221121P00375000,375.0,0,0.0,0.0,,0.0,normalDay
2022-11-11,7263.0,412.0,0.0,0,398.51,0.0,1,4.54,0.42,SPY221121P00375000,375.0,0,0.0,0.0,,0.0,normalDay
2022-11-14,7263.0,426.0,0.0,0,395.12,0.0,1,4.54,0.28,SPY221121P00375000,375.0,0,0.0,0.0,,0.0,normalDay
2022-11-15,7263.0,435.0,0.0,0,398.49,0.0,1,4.54,0.19,SPY221121P00375000,375.0,0,0.0,0.0,,0.0,normalDay
2022-11-16,7263.0,443.0,0.0,0,395.45,0.0,1,4.54,0.11,SPY221121P00375000,375.0,0,0.0,0.0,,0.0,normalDay
2022-11-17,7263.0,443.0,0.0,0,394.24,0.0,1,4.54,0.11,SPY221121P00375000,375.0,0,0.0,0.0,,0.0,normalDay
2022-11-18,7263.0,451.0,0.0,0,396.03,0.0,1,4.54,0.03,SPY221121P00375000,375.0,0,0.0,0.0,,0.0,normalDay
2022-11-21,7717.0,0.0,454.0,0,394.59,0.0,1,4.54,0.0,SPY221121P00375000,375.0,0,0.0,0.0,,0.0,expirationDay
2022-11-22,7717.0,-4.0,0.0,0,399.9,0.0,1,1.29,1.33,SPY221205P00387000,387.0,0,0.0,0.0,,0.0,normalDay
2022-11-23,7717.0,57.0,0.0,0,402.42,0.0,1,1.29,0.72,SPY221205P00387000,387.0,0,0.0,0.0,,0.0,normalDay
2022-11-25,7717.0,74.0,0.0,0,402.33,0.0,1,1.29,0.55,SPY221205P00387000,387.0,0,0.0,0.0,,0.0,normalDay
2022-11-28,7717.0,10.0,0.0,0,395.91,0.0,1,1.29,1.19,SPY221205P00387000,387.0,0,0.0,0.0,,0.0,normalDay
2022-11-29,7717.0,6.0,0.0,0,395.23,0.0,1,1.29,1.23,SPY221205P00387000,387.0,0,0.0,0.0,,0.0,normalDay
2022-11-30,7717.0,115.0,0.0,0,407.68,0.0,1,1.29,0.14,SPY221205P00387000,387.0,0,0.0,0.0,,0.0,normalDay
2022-12-01,7717.0,125.0,0.0,0,407.38,0.0,1,1.29,0.04,SPY221205P00387000,387.0,0,0.0,0.0,,0.0,normalDay
2022-12-02,7717.0,127.0,0.0,0,406.91,0.0,1,1.29,0.02,SPY221205P00387000,387.0,0,0.0,0.0,,0.0,normalDay
2022-12-05,7846.0,0.0,129.0,0,399.59,0.0,1,1.29,0.0,SPY221205P00387000,387.0,0,0.0,0.0,,0.0,expirationDay
2022-12-06,7846.0,-21.0,0.0,0,393.83,0.0,1,9.19,9.4,SPY221219P00397000,397.0,0,0.0,0.0,,0.0,normalDay
2022-12-07,7846.0,-63.0,0.0,0,393.16,0.0,1,9.19,9.82,SPY221219P00397000,397.0,0,0.0,0.0,,0.0,normalDay
2022-12-08,7846.0,142.0,0.0,0,396.24,0.0,1,9.19,7.77,SPY221219P00397000,397.0,0,0.0,0.0,,0.0,normalDay
2022-12-09,7846.0,-9.0,0.0,0,393.28,0.0,1,9.19,9.28,SPY221219P00397000,397.0,0,0.0,0.0,,0.0,normalDay
2022-12-12,7846.0,235.0,0.0,0,398.95,0.0,1,9.19,6.84,SPY221219P00397000,397.0,0,0.0,0.0,,0.0,normalDay
2022-12-13,7846.0,556.0,0.0,0,401.97,0.0,1,9.19,3.63,SPY221219P00397000,397.0,0,0.0,0.0,,0.0,normalDay
2022-12-14,7846.0,624.0,0.0,0,399.4,0.0,1,9.19,2.95,SPY221219P00397000,397.0,0,0.0,0.0,,0.0,normalDay
2022-12-15,7846.0,-39.0,0.0,0,389.63,0.0,1,9.19,9.58,SPY221219P00397000,397.0,0,0.0,0.0,,0.0,normalDay
2022-12-16,7846.0,-476.0,0.0,0,383.27,0.0,1,9.19,13.95,SPY221219P00397000,397.0,0,0.0,0.0,,0.0,normalDay
2022-12-19,8765.0,-1698.0,919.0,100,380.02,397.0,1,9.19,0.0,SPY221219P00397000,397.0,0,0.0,0.0,,0.0,expirationDay
2022-12-20,8765.0,-1649.0,0.0,100,380.54,397.0,0,0.0,0.0,,0.0,1,0.06,0.09,SPY230103C00410000,410.0,normalDay
2022-12-21,8765.0,-1082.0,0.0,100,386.23,397.0,0,0.0,0.0,,0.0,1,0.06,0.11,SPY230103C00410000,410.0,normalDay
2022-12-22,8765.0,-1628.0,0.0,100,380.72,397.0,0,0.0,0.0,,0.0,1,0.06,0.06,SPY230103C00410000,410.0,normalDay
2022-12-23,8765.0,-1407.0,0.0,100,382.91,397.0,0,0.0,0.0,,0.0,1,0.06,0.04,SPY230103C00410000,410.0,normalDay
2022-12-27,8765.0,-1556.0,0.0,100,381.4,397.0,0,0.0,0.0,,0.0,1,0.06,0.02,SPY230103C00410000,410.0,normalDay
2022-12-28,8765.0,-2029.0,0.0,100,376.66,397.0,0,0.0,0.0,,0.0,1,0.06,0.01,SPY230103C00410000,410.0,normalDay
2022-12-29,8765.0,-1351.0,0.0,100,383.44,397.0,0,0.0,0.0,,0.0,1,0.06,0.01,SPY230103C00410000,410.0,normalDay
2022-12-30,8765.0,-1452.0,0.0,100,382.43,397.0,0,0.0,0.0,,0.0,1,0.06,0.01,SPY230103C00410000,410.0,normalDay
2023-01-03,8771.0,-1618.0,6.0,100,380.82,397.0,0,0.0,0.0,,0.0,1,0.06,0.0,SPY230103C00410000,410.0,expirationDay
2023-01-04,8771.0,-1327.0,0.0,100,383.76,397.0,0,0.0,0.0,,0.0,1,1.02,1.05,SPY230118C00400000,400.0,normalDay
2023-01-05,8771.0,-1714.0,0.0,100,379.38,397.0,0,0.0,0.0,,0.0,1,1.02,0.54,SPY230118C00400000,400.0,normalDay
2023-01-06,8771.0,-920.0,0.0,100,388.08,397.0,0,0.0,0.0,,0.0,1,1.02,1.3,SPY230118C00400000,400.0,normalDay
2023-01-09,8771.0,-933.0,0.0,100,387.86,397.0,0,0.0,0.0,,0.0,1,1.02,1.21,SPY230118C00400000,400.0,normalDay
2023-01-10,8771.0,-690.0,0.0,100,390.58,397.0,0,0.0,0.0,,0.0,1,1.02,1.5,SPY230118C00400000,400.0,normalDay
2023-01-11,8771.0,-351.0,0.0,100,395.52,397.0,0,0.0,0.0,,0.0,1,1.02,3.05,SPY230118C00400000,400.0,normalDay
2023-01-12,8771.0,-72.0,0.0,100,396.96,397.0,0,0.0,0.0,,0.0,1,1.02,1.7,SPY230118C00400000,400.0,normalDay
2023-01-13,8771.0,111.0,0.0,100,398.5,397.0,0,0.0,0.0,,0.0,1,1.02,1.41,SPY230118C00400000,400.0,normalDay
2023-01-17,8771.0,108.0,0.0,100,397.77,397.0,0,0.0,0.0,,0.0,1,1.02,0.71,SPY230118C00400000,400.0,normalDay
2023-01-18,8873.0,-551.0,102.0,100,391.49,397.0,0,0.0,0.0,,0.0,1,1.02,0.0,SPY230118C00400000,400.0,expirationDay
2023-01-19,8873.0,-840.0,0.0,100,388.64,397.0,0,0.0,0.0,,0.0,1,3.44,3.48,SPY230202C00394000,394.0,normalDay
2023-01-20,8873.0,-435.0,0.0,100,395.88,397.0,0,0.0,0.0,,0.0,1,3.44,6.67,SPY230202C00394000,394.0,normalDay
2023-01-23,8873.0,-243.0,0.0,100,400.63,397.0,0,0.0,0.0,,0.0,1,3.44,9.5,SPY230202C00394000,394.0,normalDay
2023-01-24,8873.0,-335.0,0.0,100,400.2,397.0,0,0.0,0.0,,0.0,1,3.44,9.99,SPY230202C00394000,394.0,normalDay
2023-01-25,8873.0,-231.0,0.0,100,400.35,397.0,0,0.0,0.0,,0.0,1,3.44,9.1,SPY230202C00394000,394.0,normalDay
2023-01-26,8873.0,-108.0,0.0,100,404.75,397.0,0,0.0,0.0,,0.0,1,3.44,12.27,SPY230202C00394000,394.0,normalDay
2023-01-27,8873.0,-45.0,0.0,100,405.68,397.0,0,0.0,0.0,,0.0,1,3.44,12.57,SPY230202C00394000,394.0,normalDay
2023-01-30,8873.0,-182.0,0.0,100,400.59,397.0,0,0.0,0.0,,0.0,1,3.44,8.85,SPY230202C00394000,394.0,normalDay
2023-01-31,8873.0,5.0,0.0,100,406.48,397.0,0,0.0,0.0,,0.0,1,3.44,12.87,SPY230202C00394000,394.0,normalDay
2023-02-01,8873.0,-100.0,0.0,100,410.8,397.0,0,0.0,0.0,,0.0,1,3.44,18.24,SPY230202C00394000,394.0,normalDay
2023-02-02,8917.0,-100.0,44.0,0,416.78,0.0,0,0.0,0.0,,0.0,1,3.44,0.0,SPY230202C00394000,394.0,expirationDay
2023-02-03,8917.0,-3.0,0.0,0,412.35,0.0,1,1.52,1.55,SPY230216P00399000,399.0,0,0.0,0.0,,0.0,normalDay
2023-02-06,8917.0,-30.0,0.0,0,409.83,0.0,1,1.52,1.82,SPY230216P00399000,399.0,0,0.0,0.0,,0.0,normalDay
2023-02-07,8917.0,65.0,0.0,0,415.19,0.0,1,1.52,0.87,SPY230216P00399000,399.0,0,0.0,0.0,,0.0,normalDay
2023-02-08,8917.0,18.0,0.0,0,410.65,0.0,1,1.52,1.34,SPY230216P00399000,399.0,0,0.0,0.0,,0.0,normalDay
2023-02-09,8917.0,-69.0,0.0,0,407.09,0.0,1,1.52,2.21,SPY230216P00399000,399.0,0,0.0,0.0,,0.0,normalDay
2023-02-10,8917.0,-18.0,0.0,0,408.04,0.0,1,1.52,1.7,SPY230216P00399000,399.0,0,0.0,0.0,,0.0,normalDay
2023-02-13,8917.0,93.0,0.0,0,412.83,0.0,1,1.52,0.59,SPY230216P00399000,399.0,0,0.0,0.0,,0.0,normalDay
2023-02-14,8917.0,137.0,0.0,0,412.64,0.0,1,1.52,0.15,SPY230216P00399000,399.0,0,0.0,0.0,,0.0,normalDay
2023-02-15,8917.0,149.0,0.0,0,413.98,0.0,1,1.52,0.03,SPY230216P00399000,399.0,0,0.0,0.0,,0.0,normalDay
2023-02-16,9069.0,0.0,152.0,0,408.28,0.0,1,1.52,0.0,SPY230216P00399000,399.0,0,0.0,0.0,,0.0,expirationDay
2023-02-17,9069.0,-4.0,0.0,0,407.26,0.0,1,4.95,4.99,SPY230302P00408000,408.0,0,0.0,0.0,,0.0,normalDay
2023-02-21,9069.0,-477.0,0.0,0,399.09,0.0,1,4.95,9.72,SPY230302P00408000,408.0,0,0.0,0.0,,0.0,normalDay
2023-02-22,9069.0,-486.0,0.0,0,398.54,0.0,1,4.95,9.81,SPY230302P00408000,408.0,0,0.0,0.0,,0.0,normalDay
2023-02-23,9069.0,-330.0,0.0,0,400.66,0.0,1,4.95,8.25,SPY230302P00408000,408.0,0,0.0,0.0,,0.0,normalDay
2023-02-24,9069.0,-701.0,0.0,0,396.38,0.0,1,4.95,11.96,SPY230302P00408000,408.0,0,0.0,0.0,,0.0,normalDay
2023-02-27,9069.0,-525.0,0.0,0,397.73,0.0,1,4.95,10.2,SPY230302P00408000,408.0,0,0.0,0.0,,0.0,normalDay
2023-02-28,9069.0,-721.0,0.0,0,396.26,0.0,1,4.95,12.16,SPY230302P00408000,408.0,0,0.0,0.0,,0.0,normalDay
2023-03-01,9069.0,-844.0,0.0,0,394.74,0.0,1,4.95,13.39,SPY230302P00408000,408.0,0,0.0,0.0,,0.0,normalDay
2023-03-02,9564.0,-1019.0,495.0,100,397.81,408.0,1,4.95,0.0,SPY230302P00408000,408.0,0,0.0,0.0,,0.0,expirationDay
2023-03-03,9564.0,-384.0,0.0,100,404.19,408.0,0,0.0,0.0,,0.0,1,1.92,1.95,SPY230317C00413000,413.0,normalDay
2023-03-06,9564.0,-342.0,0.0,100,404.47,408.0,0,0.0,0.0,,0.0,1,1.92,1.81,SPY230317C00413000,413.0,normalDay
2023-03-07,9564.0,-845.0,0.0,100,398.27,408.0,0,0.0,0.0,,0.0,1,1.92,0.64,SPY230317C00413000,413.0,normalDay
2023-03-08,9564.0,-772.0,0.0,100,398.92,408.0,0,0.0,0.0,,0.0,1,1.92,0.56,SPY230317C00413000,413.0,normalDay
2023-03-09,9564.0,-1472.0,0.0,100,391.56,408.0,0,0.0,0.0,,0.0,1,1.92,0.2,SPY230317C00413000,413.0,normalDay
2023-03-10,9564.0,-2023.0,0.0,100,385.91,408.0,0,0.0,0.0,,0.0,1,1.92,0.06,SPY230317C00413000,413.0,normalDay
2023-03-13,9564.0,-2078.0,0.0,100,385.36,408.0,0,0.0,0.0,,0.0,1,1.92,0.06,SPY230317C00413000,413.0,normalDay
2023-03-14,9564.0,-1437.0,0.0,100,391.73,408.0,0,0.0,0.0,,0.0,1,1.92,0.02,SPY230317C00413000,413.0,normalDay
2023-03-15,9564.0,-1682.0,0.0,100,389.28,408.0,0,0.0,0.0,,0.0,1,1.92,0.02,SPY230317C00413000,413.0,normalDay
2023-03-16,9564.0,-998.0,0.0,100,396.11,408.0,0,0.0,0.0,,0.0,1,1.92,0.01,SPY230317C00413000,413.0,normalDay
2023-03-17,9756.0,-1801.0,192.0,100,389.99,408.0,0,0.0,0.0,,0.0,1,1.92,0.0,SPY230317C00413000,413.0,expirationDay
2023-03-20,9756.0,-1432.0,0.0,100,393.74,408.0,0,0.0,0.0,,0.0,1,3.26,3.32,SPY230403C00401000,401.0,normalDay
2023-03-21,9756.0,-1081.0,0.0,100,398.91,408.0,0,0.0,0.0,,0.0,1,3.26,4.98,SPY230403C00401000,401.0,normalDay
2023-03-22,9756.0,-1465.0,0.0,100,392.11,408.0,0,0.0,0.0,,0.0,1,3.26,2.02,SPY230403C00401000,401.0,normalDay
2023-03-23,9756.0,-1356.0,0.0,100,393.17,408.0,0,0.0,0.0,,0.0,1,3.26,1.99,SPY230403C00401000,401.0,normalDay
2023-03-24,9756.0,-1136.0,0.0,100,395.75,408.0,0,0.0,0.0,,0.0,1,3.26,2.37,SPY230403C00401000,401.0,normalDay
2023-03-27,9756.0,-1017.0,0.0,100,396.49,408.0,0,0.0,0.0,,0.0,1,3.26,1.92,SPY230403C00401000,401.0,normalDay
2023-03-28,9756.0,-1043.0,0.0,100,395.6,408.0,0,0.0,0.0,,0.0,1,3.26,1.29,SPY230403C00401000,401.0,normalDay
2023-03-29,9756.0,-641.0,0.0,100,401.35,408.0,0,0.0,0.0,,0.0,1,3.26,3.02,SPY230403C00401000,401.0,normalDay
2023-03-30,9756.0,-502.0,0.0,100,403.7,408.0,0,0.0,0.0,,0.0,1,3.26,3.98,SPY230403C00401000,401.0,normalDay
2023-03-31,9756.0,-405.0,0.0,100,409.39,408.0,0,0.0,0.0,,0.0,1,3.26,8.7,SPY230403C00401000,401.0,normalDay
2023-04-03,9382.0,-405.0,-374.0,0,410.95,0.0,0,0.0,0.0,,0.0,1,3.26,0.0,SPY230403C00401000,401.0,expirationDay
2023-04-04,9382.0,-3.0,0.0,0,408.67,0.0,1,1.13,1.16,SPY230417P00396000,396.0,0,0.0,0.0,,0.0,normalDay
2023-04-05,9382.0,2.0,0.0,0,407.6,0.0,1,1.13,1.11,SPY230417P00396000,396.0,0,0.0,0.0,,0.0,normalDay
2023-04-06,9382.0,46.0,0.0,0,409.19,0.0,1,1.13,0.67,SPY230417P00396000,396.0,0,0.0,0.0,,0.0,normalDay
2023-04-10,9382.0,77.0,0.0,0,409.61,0.0,1,1.13,0.36,SPY230417P00396000,396.0,0,0.0,0.0,,0.0,normalDay
2023-04-11,9382.0,83.0,0.0,0,409.72,0.0,1,1.13,0.3,SPY230417P00396000,396.0,0,0.0,0.0,,0.0,normalDay
2023-04-12,9382.0,92.0,0.0,0,408.05,0.0,1,1.13,0.21,SPY230417P00396000,396.0,0,0.0,0.0,,0.0,normalDay
2023-04-13,9382.0,108.0,0.0,0,413.47,0.0,1,1.13,0.05,SPY230417P00396000,396.0,0,0.0,0.0,,0.0,normalDay
2023-04-14,9382.0,111.0,0.0,0,412.46,0.0,1,1.13,0.02,SPY230417P00396000,396.0,0,0.0,0.0,,0.0,normalDay
2023-04-17,9495.0,0.0,113.0,0,413.94,0.0,1,1.13,0.0,SPY230417P00396000,396.0,0,0.0,0.0,,0.0,expirationDay
2023-04-18,9495.0,-4.0,0.0,0,414.21,0.0,1,1.25,1.29,SPY230501P00405000,405.0,0,0.0,0.0,,0.0,normalDay
2023-04-19,9495.0,11.0,0.0,0,414.14,0.0,1,1.25,1.14,SPY230501P00405000,405.0,0,0.0,0.0,,0.0,normalDay
2023-04-20,9495.0,-12.0,0.0,0,411.88,0.0,1,1.25,1.37,SPY230501P00405000,405.0,0,0.0,0.0,,0.0,normalDay
2023-04-21,9495.0,14.0,0.0,0,412.2,0.0,1,1.25,1.11,SPY230501P00405000,405.0,0,0.0,0.0,,0.0,normalDay
2023-04-24,9495.0,55.0,0.0,0,412.63,0.0,1,1.25,0.7,SPY230501P00405000,405.0,0,0.0,0.0,,0.0,normalDay
2023-04-25,9495.0,-84.0,0.0,0,406.08,0.0,1,1.25,2.09,SPY230501P00405000,405.0,0,0.0,0.0,,0.0,normalDay
2023-04-26,9495.0,-155.0,0.0,0,404.36,0.0,1,1.25,2.8,SPY230501P00405000,405.0,0,0.0,0.0,,0.0,normalDay
2023-04-27,9495.0,99.0,0.0,0,412.41,0.0,1,1.25,0.26,SPY230501P00405000,405.0,0,0.0,0.0,,0.0,normalDay
2023-04-28,9495.0,121.0,0.0,0,415.93,0.0,1,1.25,0.04,SPY230501P00405000,405.0,0,0.0,0.0,,0.0,normalDay
2023-05-01,9620.0,0.0,125.0,0,415.51,0.0,1,1.25,0.0,SPY230501P00405000,405.0,0,0.0,0.0,,0.0,expirationDay
2023-05-02,9620.0,-5.0,0.0,0,410.84,0.0,1,4.46,4.51,SPY230515P00411000,411.0,0,0.0,0.0,,0.0,normalDay
2023-05-03,9620.0,-100.0,0.0,0,408.02,0.0,1,4.46,5.46,SPY230515P00411000,411.0,0,0.0,0.0,,0.0,normalDay
2023-05-04,9620.0,-345.0,0.0,0,405.13,0.0,1,4.46,7.91,SPY230515P00411000,411.0,0,0.0,0.0,,0.0,normalDay
2023-05-05,9620.0,159.0,0.0,0,412.63,0.0,1,4.46,2.87,SPY230515P00411000,411.0,0,0.0,0.0,,0.0,normalDay
2023-05-08,9620.0,231.0,0.0,0,412.74,0.0,1,4.46,2.15,SPY230515P00411000,411.0,0,0.0,0.0,,0.0,normalDay
2023-05-09,9620.0,168.0,0.0,0,410.93,0.0,1,4.46,2.78,SPY230515P00411000,411.0,0,0.0,0.0,,0.0,normalDay
2023-05-10,9620.0,313.0,0.0,0,412.85,0.0,1,4.46,1.33,SPY230515P00411000,411.0,0,0.0,0.0,,0.0,normalDay
2023-05-11,9620.0,312.0,0.0,0,412.13,0.0,1,4.46,1.34,SPY230515P00411000,411.0,0,0.0,0.0,,0.0,normalDay
2023-05-12,9620.0,334.0,0.0,0,411.59,0.0,1,4.46,1.12,SPY230515P00411000,411.0,0,0.0,0.0,,0.0,normalDay
2023-05-15,10066.0,0.0,446.0,0,413.01,0.0,1,4.46,0.0,SPY230515P00411000,411.0,0,0.0,0.0,,0.0,expirationDay
2023-05-16,10066.0,-3.0,0.0,0,410.25,0.0,1,3.78,3.81,SPY230526P00411000,411.0,0,0.0,0.0,,0.0,normalDay
2023-05-17,10066.0,196.0,0.0,0,415.23,0.0,1,3.78,1.82,SPY230526P00411000,411.0,0,0.0,0.0,,0.0,normalDay
2023-05-18,10066.0,295.0,0.0,0,419.23,0.0,1,3.78,0.83,SPY230526P00411000,411.0,0,0.0,0.0,,0.0,normalDay
2023-05-19,10066.0,303.0,0.0,0,418.62,0.0,1,3.78,0.75,SPY230526P00411000,411.0,0,0.0,0.0,,0.0,normalDay
2023-05-22,10066.0,331.0,0.0,0,418.79,0.0,1,3.78,0.47,SPY230526P00411000,411.0,0,0.0,0.0,,0.0,normalDay
2023-05-23,10066.0,259.0,0.0,0,414.09,0.0,1,3.78,1.19,SPY230526P00411000,411.0,0,0.0,0.0,,0.0,normalDay
2023-05-24,10066.0,182.0,0.0,0,411.09,0.0,1,3.78,1.96,SPY230526P00411000,411.0,0,0.0,0.0,,0.0,normalDay
2023-05-25,10066.0,335.0,0.0,0,414.65,0.0,1,3.78,0.43,SPY230526P00411000,411.0,0,0.0,0.0,,0.0,normalDay
2023-05-26,10444.0,0.0,378.0,0,420.02,0.0,1,3.78,0.0,SPY230526P00411000,411.0,0,0.0,0.0,,0.0,expirationDay
2023-05-30,10444.0,-4.0,0.0,0,420.18,0.0,1,1.96,2.0,SPY230612P00414000,414.0,0,0.0,0.0,,0.0,normalDay
2023-05-31,10444.0,-37.0,0.0,0,417.85,0.0,1,1.96,2.33,SPY230612P00414000,414.0,0,0.0,0.0,,0.0,normalDay
2023-06-01,10444.0,103.0,0.0,0,421.82,0.0,1,1.96,0.93,SPY230612P00414000,414.0,0,0.0,0.0,,0.0,normalDay
2023-06-02,10444.0,170.0,0.0,0,427.92,0.0,1,1.96,0.26,SPY230612P00414000,414.0,0,0.0,0.0,,0.0,normalDay
2023-06-05,10444.0,180.0,0.0,0,427.1,0.0,1,1.96,0.16,SPY230612P00414000,414.0,0,0.0,0.0,,0.0,normalDay
2023-06-06,10444.0,184.0,0.0,0,428.03,0.0,1,1.96,0.12,SPY230612P00414000,414.0,0,0.0,0.0,,0.0,normalDay
2023-06-07,10444.0,186.0,0.0,0,426.55,0.0,1,1.96,0.1,SPY230612P00414000,414.0,0,0.0,0.0,,0.0,normalDay
2023-06-08,10444.0,191.0,0.0,0,429.13,0.0,1,1.96,0.05,SPY230612P00414000,414.0,0,0.0,0.0,,0.0,normalDay
2023-06-09,10444.0,192.0,0.0,0,429.9,0.0,1,1.96,0.04,SPY230612P00414000,414.0,0,0.0,0.0,,0.0,normalDay
2023-06-12,10640.0,0.0,196.0,0,433.8,0.0,1,1.96,0.0,SPY230612P00414000,414.0,0,0.0,0.0,,0.0,expirationDay
2023-06-13,10640.0,-3.0,0.0,0,436.66,0.0,1,0.63,0.66,SPY230626P00422000,422.0,0,0.0,0.0,,0.0,normalDay
2023-06-14,10640.0,23.0,0.0,0,437.18,0.0,1,0.63,0.4,SPY230626P00422000,422.0,0,0.0,0.0,,0.0,normalDay
2023-06-15,10640.0,36.0,0.0,0,442.6,0.0,1,0.63,0.27,SPY230626P00422000,422.0,0,0.0,0.0,,0.0,normalDay
2023-06-16,10640.0,51.0,0.0,0,439.46,0.0,1,0.63,0.12,SPY230626P00422000,422.0,0,0.0,0.0,,0.0,normalDay
2023-06-20,10640.0,55.0,0.0,0,437.18,0.0,1,0.63,0.08,SPY230626P00422000,422.0,0,0.0,0.0,,0.0,normalDay
2023-06-21,10640.0,57.0,0.0,0,434.94,0.0,1,0.63,0.06,SPY230626P00422000,422.0,0,0.0,0.0,,0.0,normalDay
2023-06-22,10640.0,60.0,0.0,0,436.51,0.0,1,0.63,0.03,SPY230626P00422000,422.0,0,0.0,0.0,,0.0,normalDay
2023-06-23,10640.0,60.0,0.0,0,433.21,0.0,1,0.63,0.03,SPY230626P00422000,422.0,0,0.0,0.0,,0.0,normalDay
2023-06-26,10703.0,0.0,63.0,0,431.44,0.0,1,0.63,0.0,SPY230626P00422000,422.0,0,0.0,0.0,,0.0,expirationDay
2023-06-27,10703.0,-3.0,0.0,0,436.17,0.0,1,1.35,1.38,SPY230710P00431000,431.0,0,0.0,0.0,,0.0,normalDay
2023-06-28,10703.0,24.0,0.0,0,436.39,0.0,1,1.35,1.11,SPY230710P00431000,431.0,0,0.0,0.0,,0.0,normalDay
2023-06-29,10703.0,56.0,0.0,0,438.11,0.0,1,1.35,0.79,SPY230710P00431000,431.0,0,0.0,0.0,,0.0,normalDay
2023-06-30,10703.0,113.0,0.0,0,443.28,0.0,1,1.35,0.22,SPY230710P00431000,431.0,0,0.0,0.0,,0.0,normalDay
2023-07-03,10703.0,121.0,0.0,0,443.79,0.0,1,1.35,0.14,SPY230710P00431000,431.0,0,0.0,0.0,,0.0,normalDay
2023-07-05,10703.0,126.0,0.0,0,443.13,0.0,1,1.35,0.09,SPY230710P00431000,431.0,0,0.0,0.0,,0.0,normalDay
2023-07-06,10703.0,121.0,0.0,0,439.66,0.0,1,1.35,0.14,SPY230710P00431000,431.0,0,0.0,0.0,,0.0,normalDay
2023-07-07,10703.0,130.0,0.0,0,438.55,0.0,1,1.35,0.05,SPY230710P00431000,431.0,0,0.0,0.0,,0.0,normalDay
2023-07-10,10838.0,0.0,135.0,0,439.66,0.0,1,1.35,0.0,SPY230710P00431000,431.0,0,0.0,0.0,,0.0,expirationDay
2023-07-11,10838.0,-4.0,0.0,0,442.46,0.0,1,1.93,1.97,SPY230724P00438000,438.0,0,0.0,0.0,,0.0,normalDay
2023-07-12,10838.0,122.0,0.0,0,446.02,0.0,1,1.93,0.71,SPY230724P00438000,438.0,0,0.0,0.0,,0.0,normalDay
2023-07-13,10838.0,149.0,0.0,0,449.56,0.0,1,1.93,0.44,SPY230724P00438000,438.0,0,0.0,0.0,,0.0,normalDay
2023-07-14,10838.0,161.0,0.0,0,449.28,0.0,1,1.93,0.32,SPY230724P00438000,438.0,0,0.0,0.0,,0.0,normalDay
2023-07-17,10838.0,179.0,0.0,0,450.84,0.0,1,1.93,0.14,SPY230724P00438000,438.0,0,0.0,0.0,,0.0,normalDay
2023-07-18,10838.0,184.0,0.0,0,454.19,0.0,1,1.93,0.09,SPY230724P00438000,438.0,0,0.0,0.0,,0.0,normalDay
2023-07-19,10838.0,187.0,0.0,0,455.2,0.0,1,1.93,0.06,SPY230724P00438000,438.0,0,0.0,0.0,,0.0,normalDay
2023-07-20,10838.0,186.0,0.0,0,452.18,0.0,1,1.93,0.07,SPY230724P00438000,438.0,0,0.0,0.0,,0.0,normalDay
2023-07-21,10838.0,191.0,0.0,0,452.18,0.0,1,1.93,0.02,SPY230724P00438000,438.0,0,0.0,0.0,,0.0,normalDay
2023-07-24,11031.0,0.0,193.0,0,454.2,0.0,1,1.93,0.0,SPY230724P00438000,438.0,0,0.0,0.0,,0.0,expirationDay
2023-07-25,11031.0,-4.0,0.0,0,455.44,0.0,1,0.97,1.01,SPY230807P00446000,446.0,0,0.0,0.0,,0.0,normalDay
2023-07-26,11031.0,32.0,0.0,0,455.51,0.0,1,0.97,0.65,SPY230807P00446000,446.0,0,0.0,0.0,,0.0,normalDay
2023-07-27,11031.0,-24.0,0.0,0,452.49,0.0,1,0.97,1.21,SPY230807P00446000,446.0,0,0.0,0.0,,0.0,normalDay
2023-07-28,11031.0,64.0,0.0,0,456.92,0.0,1,0.97,0.33,SPY230807P00446000,446.0,0,0.0,0.0,,0.0,normalDay
2023-07-31,11031.0,74.0,0.0,0,457.79,0.0,1,0.97,0.23,SPY230807P00446000,446.0,0,0.0,0.0,,0.0,normalDay
2023-08-01,11031.0,74.0,0.0,0,456.48,0.0,1,0.97,0.23,SPY230807P00446000,446.0,0,0.0,0.0,,0.0,normalDay
2023-08-02,11031.0,-7.0,0.0,0,450.13,0.0,1,0.97,1.04,SPY230807P00446000,446.0,0,0.0,0.0,,0.0,normalDay
2023-08-03,11031.0,13.0,0.0,0,448.84,0.0,1,0.97,0.84,SPY230807P00446000,446.0,0,0.0,0.0,,0.0,normalDay
2023-08-04,11031.0,-18.0,0.0,0,446.81,0.0,1,0.97,1.15,SPY230807P00446000,446.0,0,0.0,0.0,,0.0,normalDay
2023-08-07,11128.0,0.0,97.0,0,450.71,0.0,1,0.97,0.0,SPY230807P00446000,446.0,0,0.0,0.0,,0.0,expirationDay
2023-08-08,11128.0,-4.0,0.0,0,448.75,0.0,1,5.36,5.4,SPY230821P00452000,452.0,0,0.0,0.0,,0.0,normalDay
2023-08-09,11128.0,-166.0,0.0,0,445.75,0.0,1,5.36,7.02,SPY230821P00452000,452.0,0,0.0,0.0,,0.0,normalDay
2023-08-10,11128.0,-184.0,0.0,0,445.91,0.0,1,5.36,7.2,SPY230821P00452000,452.0,0,0.0,0.0,,0.0,normalDay
2023-08-11,11128.0,-148.0,0.0,0,445.65,0.0,1,5.36,6.84,SPY230821P00452000,452.0,0,0.0,0.0,,0.0,normalDay
2023-08-14,11128.0,54.0,0.0,0,448.11,0.0,1,5.36,4.82,SPY230821P00452000,452.0,0,0.0,0.0,,0.0,normalDay
2023-08-15,11128.0,-393.0,0.0,0,442.89,0.0,1,5.36,9.29,SPY230821P00452000,452.0,0,0.0,0.0,,0.0,normalDay
2023-08-16,11128.0,-691.0,0.0,0,439.64,0.0,1,5.36,12.27,SPY230821P00452000,452.0,0,0.0,0.0,,0.0,normalDay
2023-08-17,11128.0,-1051.0,0.0,0,436.29,0.0,1,5.36,15.87,SPY230821P00452000,452.0,0,0.0,0.0,,0.0,normalDay
2023-08-18,11128.0,-1022.0,0.0,0,436.5,0.0,1,5.36,15.58,SPY230821P00452000,452.0,0,0.0,0.0,,0.0,normalDay
2023-08-21,11664.0,-1266.0,536.0,100,439.34,452.0,1,5.36,0.0,SPY230821P00452000,452.0,0,0.0,0.0,,0.0,expirationDay
2023-08-22,11664.0,-1388.0,0.0,100,438.15,452.0,0,0.0,0.0,,0.0,1,0.73,0.76,SPY230905C00450000,450.0,normalDay
2023-08-23,11664.0,-981.0,0.0,100,443.03,452.0,0,0.0,0.0,,0.0,1,0.73,1.57,SPY230905C00450000,450.0,normalDay
2023-08-24,11664.0,-1477.0,0.0,100,436.89,452.0,0,0.0,0.0,,0.0,1,0.73,0.39,SPY230905C00450000,450.0,normalDay
2023-08-25,11664.0,-1175.0,0.0,100,439.97,452.0,0,0.0,0.0,,0.0,1,0.73,0.45,SPY230905C00450000,450.0,normalDay
2023-08-28,11664.0,-911.0,0.0,100,442.76,452.0,0,0.0,0.0,,0.0,1,0.73,0.6,SPY230905C00450000,450.0,normalDay
2023-08-29,11664.0,-454.0,0.0,100,449.16,452.0,0,0.0,0.0,,0.0,1,0.73,2.43,SPY230905C00450000,450.0,normalDay
2023-08-30,11664.0,-328.0,0.0,100,451.01,452.0,0,0.0,0.0,,0.0,1,0.73,3.02,SPY230905C00450000,450.0,normalDay
2023-08-31,11664.0,-325.0,0.0,100,450.35,452.0,0,0.0,0.0,,0.0,1,0.73,2.33,SPY230905C00450000,450.0,normalDay
2023-09-01,11664.0,-185.0,0.0,100,451.19,452.0,0,0.0,0.0,,0.0,1,0.73,1.77,SPY230905C00450000,450.0,normalDay
2023-09-05,11737.0,-276.0,73.0,100,449.24,452.0,0,0.0,0.0,,0.0,1,0.73,0.0,SPY230905C00450000,450.0,expirationDay
2023-09-06,11737.0,-611.0,0.0,100,446.22,452.0,0,0.0,0.0,,0.0,1,2.31,2.64,SPY230920C00449000,449.0,normalDay
2023-09-07,11737.0,-664.0,0.0,100,444.85,452.0,0,0.0,0.0,,0.0,1,2.31,1.8,SPY230920C00449000,449.0,normalDay
2023-09-08,11737.0,-593.0,0.0,100,445.52,452.0,0,0.0,0.0,,0.0,1,2.31,1.76,SPY230920C00449000,449.0,normalDay
2023-09-11,11737.0,-377.0,0.0,100,448.45,452.0,0,0.0,0.0,,0.0,1,2.31,2.53,SPY230920C00449000,449.0,normalDay
2023-09-12,11737.0,-525.0,0.0,100,445.99,452.0,0,0.0,0.0,,0.0,1,2.31,1.55,SPY230920C00449000,449.0,normalDay
2023-09-13,11737.0,-438.0,0.0,100,446.51,452.0,0,0.0,0.0,,0.0,1,2.31,1.2,SPY230920C00449000,449.0,normalDay
2023-09-14,11737.0,-167.0,0.0,100,450.36,452.0,0,0.0,0.0,,0.0,1,2.31,2.34,SPY230920C00449000,449.0,normalDay
2023-09-15,11737.0,-666.0,0.0,100,443.37,452.0,0,0.0,0.0,,0.0,1,2.31,0.34,SPY230920C00449000,449.0,normalDay
2023-09-18,11737.0,-629.0,0.0,100,443.63,452.0,0,0.0,0.0,,0.0,1,2.31,0.23,SPY230920C00449000,449.0,normalDay
2023-09-19,11737.0,-704.0,0.0,100,442.71,452.0,0,0.0,0.0,,0.0,1,2.31,0.06,SPY230920C00449000,449.0,normalDay
2023-09-20,11968.0,-1336.0,231.0,100,438.64,452.0,0,0.0,0.0,,0.0,1,2.31,0.0,SPY230920C00449000,449.0,expirationDay
2023-09-21,11968.0,-2064.0,0.0,100,431.39,452.0,0,0.0,0.0,,0.0,1,0.13,0.16,SPY231005C00451000,451.0,normalDay
2023-09-22,11968.0,-2152.0,0.0,100,430.42,452.0,0,0.0,0.0,,0.0,1,0.13,0.07,SPY231005C00451000,451.0,normalDay
2023-09-25,11968.0,-1972.0,0.0,100,432.23,452.0,0,0.0,0.0,,0.0,1,0.13,0.08,SPY231005C00451000,451.0,normalDay
2023-09-26,11968.0,-2603.0,0.0,100,425.88,452.0,0,0.0,0.0,,0.0,1,0.13,0.04,SPY231005C00451000,451.0,normalDay
2023-09-27,11968.0,-2585.0,0.0,100,426.05,452.0,0,0.0,0.0,,0.0,1,0.13,0.03,SPY231005C00451000,451.0,normalDay
2023-09-28,11968.0,-2337.0,0.0,100,428.52,452.0,0,0.0,0.0,,0.0,1,0.13,0.02,SPY231005C00451000,451.0,normalDay
2023-09-29,11968.0,-2440.0,0.0,100,427.48,452.0,0,0.0,0.0,,0.0,1,0.13,0.01,SPY231005C00451000,451.0,normalDay
2023-10-02,11968.0,-2457.0,0.0,100,427.31,452.0,0,0.0,0.0,,0.0,1,0.13,0.01,SPY231005C00451000,451.0,normalDay
2023-10-03,11968.0,-3029.0,0.0,100,421.59,452.0,0,0.0,0.0,,0.0,1,0.13,0.01,SPY231005C00451000,451.0,normalDay
2023-10-04,11968.0,-2722.0,0.0,100,424.66,452.0,0,0.0,0.0,,0.0,1,0.13,0.01,SPY231005C00451000,451.0,normalDay
2023-10-05,11981.0,-2750.0,13.0,100,424.5,452.0,0,0.0,0.0,,0.0,1,0.13,0.0,SPY231005C00451000,451.0,expirationDay
2023-10-06,11981.0,-2249.0,0.0,100,429.54,452.0,0,0.0,0.0,,0.0,1,0.5,0.53,SPY231020C00445000,445.0,normalDay
2023-10-09,11981.0,-1989.0,0.0,100,432.29,452.0,0,0.0,0.0,,0.0,1,0.5,0.68,SPY231020C00445000,445.0,normalDay
2023-10-10,11981.0,-1774.0,0.0,100,434.54,452.0,0,0.0,0.0,,0.0,1,0.5,0.78,SPY231020C00445000,445.0,normalDay
2023-10-11,11981.0,-1604.0,0.0,100,436.32,452.0,0,0.0,0.0,,0.0,1,0.5,0.86,SPY231020C00445000,445.0,normalDay
2023-10-12,11981.0,-1815.0,0.0,100,433.66,452.0,0,0.0,0.0,,0.0,1,0.5,0.31,SPY231020C00445000,445.0,normalDay
2023-10-13,11981.0,-2011.0,0.0,100,431.5,452.0,0,0.0,0.0,,0.0,1,0.5,0.11,SPY231020C00445000,445.0,normalDay
2023-10-16,11981.0,-1572.0,0.0,100,436.04,452.0,0,0.0,0.0,,0.0,1,0.5,0.26,SPY231020C00445000,445.0,normalDay
2023-10-17,11981.0,-1564.0,0.0,100,436.02,452.0,0,0.0,0.0,,0.0,1,0.5,0.16,SPY231020C00445000,445.0,normalDay
2023-10-18,11981.0,-2132.0,0.0,100,430.21,452.0,0,0.0,0.0,,0.0,1,0.5,0.03,SPY231020C00445000,445.0,normalDay
2023-10-19,11981.0,-2509.0,0.0,100,426.43,452.0,0,0.0,0.0,,0.0,1,0.5,0.02,SPY231020C00445000,445.0,normalDay
2023-10-20,12031.0,-3081.0,50.0,100,421.19,452.0,0,0.0,0.0,,0.0,1,0.5,0.0,SPY231020C00445000,445.0,expirationDay
2023-10-23,12031.0,-3158.0,0.0,100,420.46,452.0,0,0.0,0.0,,0.0,1,1.68,1.72,SPY231106C00432000,432.0,normalDay
2023-10-24,12031.0,-2873.0,0.0,100,423.63,452.0,0,0.0,0.0,,0.0,1,1.68,2.04,SPY231106C00432000,432.0,normalDay
2023-10-25,12031.0,-3347.0,0.0,100,417.55,452.0,0,0.0,0.0,,0.0,1,1.68,0.7,SPY231106C00432000,432.0,normalDay
2023-10-26,12031.0,-3800.0,0.0,100,412.55,452.0,0,0.0,0.0,,0.0,1,1.68,0.23,SPY231106C00432000,432.0,normalDay
2023-10-27,12031.0,-3973.0,0.0,100,410.68,452.0,0,0.0,0.0,,0.0,1,1.68,0.09,SPY231106C00432000,432.0,normalDay
2023-10-30,12031.0,-3485.0,0.0,100,415.59,452.0,0,0.0,0.0,,0.0,1,1.68,0.12,SPY231106C00432000,432.0,normalDay
2023-10-31,12031.0,-3222.0,0.0,100,418.2,452.0,0,0.0,0.0,,0.0,1,1.68,0.1,SPY231106C00432000,432.0,normalDay
2023-11-01,12031.0,-2786.0,0.0,100,422.66,452.0,0,0.0,0.0,,0.0,1,1.68,0.2,SPY231106C00432000,432.0,normalDay
2023-11-02,12031.0,-2098.0,0.0,100,430.76,452.0,0,0.0,0.0,,0.0,1,1.68,1.42,SPY231106C00432000,432.0,normalDay
2023-11-03,12031.0,-1909.0,0.0,100,434.69,452.0,0,0.0,0.0,,0.0,1,1.68,3.46,SPY231106C00432000,432.0,normalDay
2023-11-06,10199.0,-1909.0,-1832.0,0,435.69,0.0,0,0.0,0.0,,0.0,1,1.68,0.0,SPY231106C00432000,432.0,expirationDay
2023-11-07,10199.0,-3.0,0.0,0,436.93,0.0,1,1.07,1.1,SPY231120P00427000,427.0,0,0.0,0.0,,0.0,normalDay
2023-11-08,10199.0,18.0,0.0,0,437.25,0.0,1,1.07,0.89,SPY231120P00427000,427.0,0,0.0,0.0,,0.0,normalDay
2023-11-09,10199.0,-32.0,0.0,0,433.84,0.0,1,1.07,1.39,SPY231120P00427000,427.0,0,0.0,0.0,,0.0,normalDay
2023-11-10,10199.0,72.0,0.0,0,440.61,0.0,1,1.07,0.35,SPY231120P00427000,427.0,0,0.0,0.0,,0.0,normalDay
2023-11-13,10199.0,80.0,0.0,0,440.19,0.0,1,1.07,0.27,SPY231120P00427000,427.0,0,0.0,0.0,,0.0,normalDay
2023-11-14,10199.0,97.0,0.0,0,448.73,0.0,1,1.07,0.1,SPY231120P00427000,427.0,0,0.0,0.0,,0.0,normalDay
2023-11-15,10199.0,101.0,0.0,0,449.68,0.0,1,1.07,0.06,SPY231120P00427000,427.0,0,0.0,0.0,,0.0,normalDay
2023-11-16,10199.0,103.0,0.0,0,450.23,0.0,1,1.07,0.04,SPY231120P00427000,427.0,0,0.0,0.0,,0.0,normalDay
2023-11-17,10199.0,105.0,0.0,0,450.79,0.0,1,1.07,0.02,SPY231120P00427000,427.0,0,0.0,0.0,,0.0,normalDay
2023-11-20,10306.0,0.0,107.0,0,454.26,0.0,1,1.07,0.0,SPY231120P00427000,427.0,0,0.0,0.0,,0.0,expirationDay
2023-11-21,10306.0,-3.0,0.0,0,453.27,0.0,1,0.14,0.17,SPY231204P00430000,430.0,0,0.0,0.0,,0.0,normalDay
2023-11-22,10306.0,3.0,0.0,0,455.02,0.0,1,0.14,0.11,SPY231204P00430000,430.0,0,0.0,0.0,,0.0,normalDay
2023-11-24,10306.0,7.0,0.0,0,455.3,0.0,1,0.14,0.07,SPY231204P00430000,430.0,0,0.0,0.0,,0.0,normalDay
2023-11-27,10306.0,9.0,0.0,0,454.48,0.0,1,0.14,0.05,SPY231204P00430000,430.0,0,0.0,0.0,,0.0,normalDay
2023-11-28,10306.0,9.0,0.0,0,454.93,0.0,1,0.14,0.05,SPY231204P00430000,430.0,0,0.0,0.0,,0.0,normalDay
2023-11-29,10306.0,11.0,0.0,0,454.61,0.0,1,0.14,0.03,SPY231204P00430000,430.0,0,0.0,0.0,,0.0,normalDay
2023-11-30,10306.0,12.0,0.0,0,456.4,0.0,1,0.14,0.02,SPY231204P00430000,430.0,0,0.0,0.0,,0.0,normalDay
