date,totalCapital,unrializedPnL,rializedPnL,stocksOwned,stocksPriceToday,stocksPriceBoughtAt,putOwned,putOwnedSoldAt,putPriceToday,putOwnedContract,putOwnedStrike,callOwned,callOwnedSoldAt,callPriceToday,callOwnedContract,callOwnedStrike,trackType
2018-11-01,0.0,-6.0,0.0,0,273.51,0.0,1,4.87,4.93,SPY181221P00267000,267.0,0,0.0,0.0,,0.0,normalDay
2018-11-02,0.0,-50.0,0.0,0,271.89,0.0,1,4.87,5.37,SPY181221P00267000,267.0,0,0.0,0.0,,0.0,normalDay
2018-11-05,0.0,18.0,0.0,0,273.39,0.0,1,4.87,4.69,SPY181221P00267000,267.0,0,0.0,0.0,,0.0,normalDay
2018-11-06,0.0,79.0,0.0,0,275.12,0.0,1,4.87,4.08,SPY181221P00267000,267.0,0,0.0,0.0,,0.0,normalDay
2018-11-07,0.0,270.0,0.0,0,281.01,0.0,1,4.87,2.17,SPY181221P00267000,267.0,0,0.0,0.0,,0.0,normalDay
2018-11-08,0.0,265.0,0.0,0,280.5,0.0,1,4.87,2.22,SPY181221P00267000,267.0,0,0.0,0.0,,0.0,normalDay
2018-11-09,0.0,199.0,0.0,0,277.76,0.0,1,4.87,2.88,SPY181221P00267000,267.0,0,0.0,0.0,,0.0,normalDay
2018-11-12,0.0,36.0,0.0,0,272.57,0.0,1,4.87,4.51,SPY181221P00267000,267.0,0,0.0,0.0,,0.0,normalDay
2018-11-13,0.0,21.0,0.0,0,272.06,0.0,1,4.87,4.66,SPY181221P00267000,267.0,0,0.0,0.0,,0.0,normalDay
2018-11-14,0.0,-75.0,0.0,0,270.2,0.0,1,4.87,5.62,SPY181221P00267000,267.0,0,0.0,0.0,,0.0,normalDay
2018-11-15,0.0,67.0,0.0,0,273.02,0.0,1,4.87,4.2,SPY181221P00267000,267.0,0,0.0,0.0,,0.0,normalDay
2018-11-16,0.0,142.0,0.0,0,273.73,0.0,1,4.87,3.45,SPY181221P00267000,267.0,0,0.0,0.0,,0.0,normalDay
2018-11-19,0.0,-33.0,0.0,0,269.1,0.0,1,4.87,5.2,SPY181221P00267000,267.0,0,0.0,0.0,,0.0,normalDay
2018-11-20,0.0,-320.0,0.0,0,264.12,0.0,1,4.87,8.07,SPY181221P00267000,267.0,0,0.0,0.0,,0.0,normalDay
2018-11-21,0.0,-218.0,0.0,0,265.02,0.0,1,4.87,7.05,SPY181221P00267000,267.0,0,0.0,0.0,,0.0,normalDay
2018-11-23,0.0,-339.0,0.0,0,263.25,0.0,1,4.87,8.26,SPY181221P00267000,267.0,0,0.0,0.0,,0.0,normalDay
2018-11-26,0.0,-8.0,0.0,0,267.5,0.0,1,4.87,4.95,SPY181221P00267000,267.0,0,0.0,0.0,,0.0,normalDay
2018-11-27,0.0,9.0,0.0,0,268.4,0.0,1,4.87,4.78,SPY181221P00267000,267.0,0,0.0,0.0,,0.0,normalDay
2018-11-28,0.0,221.0,0.0,0,274.58,0.0,1,4.87,2.66,SPY181221P00267000,267.0,0,0.0,0.0,,0.0,normalDay
2018-11-29,0.0,211.0,0.0,0,273.98,0.0,1,4.87,2.76,SPY181221P00267000,267.0,0,0.0,0.0,,0.0,normalDay
2018-11-30,0.0,267.0,0.0,0,275.65,0.0,1,4.87,2.2,SPY181221P00267000,267.0,0,0.0,0.0,,0.0,normalDay
2018-12-03,0.0,383.0,0.0,0,279.3,0.0,1,4.87,1.04,SPY181221P00267000,267.0,0,0.0,0.0,,0.0,normalDay
2018-12-04,0.0,96.0,0.0,0,270.25,0.0,1,4.87,3.91,SPY181221P00267000,267.0,0,0.0,0.0,,0.0,normalDay
2018-12-06,0.0,103.0,0.0,0,269.84,0.0,1,4.87,3.84,SPY181221P00267000,267.0,0,0.0,0.0,,0.0,normalDay
2018-12-07,0.0,-258.0,0.0,0,263.57,0.0,1,4.87,7.45,SPY181221P00267000,267.0,0,0.0,0.0,,0.0,normalDay
2018-12-10,0.0,-128.0,0.0,0,264.07,0.0,1,4.87,6.15,SPY181221P00267000,267.0,0,0.0,0.0,,0.0,normalDay
2018-12-11,0.0,-103.0,0.0,0,264.13,0.0,1,4.87,5.9,SPY181221P00267000,267.0,0,0.0,0.0,,0.0,normalDay
2018-12-12,0.0,-31.0,0.0,0,265.46,0.0,1,4.87,5.18,SPY181221P00267000,267.0,0,0.0,0.0,,0.0,normalDay
2018-12-13,0.0,6.0,0.0,0,265.37,0.0,1,4.87,4.81,SPY181221P00267000,267.0,0,0.0,0.0,,0.0,normalDay
2018-12-14,0.0,-350.0,0.0,0,260.47,0.0,1,4.87,8.37,SPY181221P00267000,267.0,0,0.0,0.0,,0.0,normalDay
2018-12-17,0.0,-819.0,0.0,0,255.36,0.0,1,4.87,13.06,SPY181221P00267000,267.0,0,0.0,0.0,,0.0,normalDay
2018-12-18,0.0,-913.0,0.0,0,255.08,0.0,1,4.87,14.0,SPY181221P00267000,267.0,0,0.0,0.0,,0.0,normalDay
2018-12-19,0.0,-1225.0,0.0,0,251.26,0.0,1,4.87,17.12,SPY181221P00267000,267.0,0,0.0,0.0,,0.0,normalDay
2018-12-20,0.0,-1569.0,0.0,0,247.17,0.0,1,4.87,20.56,SPY181221P00267000,267.0,0,0.0,0.0,,0.0,normalDay
2018-12-21,487.0,-2630.0,487.0,100,240.7,267.0,1,4.87,0.0,SPY181221P00267000,267.0,0,0.0,0.0,,0.0,expirationDay
2018-12-24,487.0,-3266.0,0.0,100,234.34,267.0,0,0.0,0.0,,0.0,0,0.0,0.0,,0.0,bidTooLow
2018-12-26,487.0,-2082.0,0.0,100,246.18,267.0,0,0.0,0.0,,0.0,0,0.0,0.0,,0.0,bidTooLow
2018-12-27,487.0,-1893.0,0.0,100,248.07,267.0,0,0.0,0.0,,0.0,0,0.0,0.0,,0.0,bidTooLow
2018-12-28,487.0,-1925.0,0.0,100,247.75,267.0,0,0.0,0.0,,0.0,0,0.0,0.0,,0.0,bidTooLow
2018-12-31,487.0,-1708.0,0.0,100,249.92,267.0,0,0.0,0.0,,0.0,0,0.0,0.0,,0.0,bidTooLow
2019-01-02,487.0,-1682.0,0.0,100,250.18,267.0,0,0.0,0.0,,0.0,0,0.0,0.0,,0.0,bidTooLow
2019-01-03,487.0,-2279.0,0.0,100,244.21,267.0,0,0.0,0.0,,0.0,0,0.0,0.0,,0.0,bidTooLow
2019-01-04,487.0,-1461.0,0.0,100,252.39,267.0,0,0.0,0.0,,0.0,0,0.0,0.0,,0.0,bidTooLow
2019-01-07,487.0,-1262.0,0.0,100,254.38,267.0,0,0.0,0.0,,0.0,0,0.0,0.0,,0.0,bidTooLow
2019-01-08,487.0,-1023.0,0.0,100,256.77,267.0,0,0.0,0.0,,0.0,0,0.0,0.0,,0.0,bidTooLow
2019-01-09,487.0,-903.0,0.0,100,257.97,267.0,0,0.0,0.0,,0.0,0,0.0,0.0,,0.0,bidTooLow
2019-01-10,487.0,-812.0,0.0,100,258.88,267.0,0,0.0,0.0,,0.0,0,0.0,0.0,,0.0,bidTooLow
2019-01-11,487.0,-802.0,0.0,100,258.98,267.0,0,0.0,0.0,,0.0,0,0.0,0.0,,0.0,bidTooLow
2019-01-14,487.0,-960.0,0.0,100,257.4,267.0,0,0.0,0.0,,0.0,0,0.0,0.0,,0.0,bidTooLow
2019-01-15,487.0,-665.0,0.0,100,260.35,267.0,0,0.0,0.0,,0.0,0,0.0,0.0,,0.0,bidTooLow
2019-01-16,487.0,-605.0,0.0,100,260.98,267.0,0,0.0,0.0,,0.0,1,0.01,0.04,SPY190122C00272000,272.0,normalDay
2019-01-17,487.0,-407.0,0.0,100,262.96,267.0,0,0.0,0.0,,0.0,1,0.01,0.04,SPY190122C00272000,272.0,normalDay
2019-01-18,487.0,-57.0,0.0,100,266.46,267.0,0,0.0,0.0,,0.0,1,0.01,0.04,SPY190122C00272000,272.0,normalDay
2019-01-22,488.0,-414.0,1.0,100,262.86,267.0,0,0.0,0.0,,0.0,1,0.01,0.0,SPY190122C00272000,272.0,expirationDay
2019-01-23,488.0,-359.0,0.0,100,263.41,267.0,0,0.0,0.0,,0.0,0,0.0,0.0,,0.0,bidTooLow
2019-01-24,488.0,-345.0,0.0,100,263.55,267.0,0,0.0,0.0,,0.0,0,0.0,0.0,,0.0,bidTooLow
2019-01-25,488.0,-122.0,0.0,100,265.78,267.0,0,0.0,0.0,,0.0,0,0.0,0.0,,0.0,bidTooLow
2019-01-28,488.0,-324.0,0.0,100,263.76,267.0,0,0.0,0.0,,0.0,0,0.0,0.0,,0.0,bidTooLow
2019-01-29,488.0,-359.0,0.0,100,263.41,267.0,0,0.0,0.0,,0.0,0,0.0,0.0,,0.0,bidTooLow
2019-01-30,488.0,58.0,0.0,100,267.58,267.0,0,0.0,0.0,,0.0,0,0.0,0.0,,0.0,bidTooLow
2019-01-31,488.0,290.0,0.0,100,269.93,267.0,0,0.0,0.0,,0.0,1,0.06,0.09,SPY190206C00278000,278.0,normalDay
2019-02-01,488.0,310.0,0.0,100,270.06,267.0,0,0.0,0.0,,0.0,1,0.06,0.02,SPY190206C00278000,278.0,normalDay
2019-02-04,488.0,500.0,0.0,100,271.96,267.0,0,0.0,0.0,,0.0,1,0.06,0.02,SPY190206C00278000,278.0,normalDay
2019-02-05,488.0,615.0,0.0,100,273.1,267.0,0,0.0,0.0,,0.0,1,0.06,0.01,SPY190206C00278000,278.0,normalDay
2019-02-06,494.0,574.0,6.0,100,272.74,267.0,0,0.0,0.0,,0.0,1,0.06,0.0,SPY190206C00278000,278.0,expirationDay
2019-02-07,494.0,314.0,0.0,100,270.14,267.0,0,0.0,0.0,,0.0,0,0.0,0.0,,0.0,bidTooLow
2019-02-08,494.0,347.0,0.0,100,270.47,267.0,0,0.0,0.0,,0.0,0,0.0,0.0,,0.0,bidTooLow
2019-02-11,494.0,362.0,0.0,100,270.62,267.0,0,0.0,0.0,,0.0,0,0.0,0.0,,0.0,bidTooLow
2019-02-12,494.0,707.0,0.0,100,274.1,267.0,0,0.0,0.0,,0.0,1,0.02,0.05,SPY190215C00280000,280.0,normalDay
2019-02-13,494.0,796.0,0.0,100,274.99,267.0,0,0.0,0.0,,0.0,1,0.02,0.05,SPY190215C00280000,280.0,normalDay
2019-02-14,494.0,738.0,0.0,100,274.38,267.0,0,0.0,0.0,,0.0,1,0.02,0.02,SPY190215C00280000,280.0,normalDay
2019-02-15,496.0,1037.0,2.0,100,277.37,267.0,0,0.0,0.0,,0.0,1,0.02,0.0,SPY190215C00280000,280.0,expirationDay
2019-02-19,496.0,1085.0,0.0,100,277.85,267.0,0,0.0,0.0,,0.0,0,0.0,0.0,,0.0,bidTooLow
2019-02-20,496.0,1141.0,0.0,100,278.41,267.0,0,0.0,0.0,,0.0,0,0.0,0.0,,0.0,bidTooLow
2019-02-21,496.0,1042.0,0.0,100,277.42,267.0,0,0.0,0.0,,0.0,0,0.0,0.0,,0.0,bidTooLow
2019-02-22,496.0,1214.0,0.0,100,279.14,267.0,0,0.0,0.0,,0.0,0,0.0,0.0,,0.0,bidTooLow
2019-02-25,496.0,1252.0,0.0,100,279.52,267.0,0,0.0,0.0,,0.0,0,0.0,0.0,,0.0,bidTooLow
2019-02-26,496.0,1232.0,0.0,100,279.32,267.0,0,0.0,0.0,,0.0,0,0.0,0.0,,0.0,bidTooLow
2019-02-27,496.0,1220.0,0.0,100,279.2,267.0,0,0.0,0.0,,0.0,0,0.0,0.0,,0.0,bidTooLow
2019-02-28,496.0,1168.0,0.0,100,278.68,267.0,0,0.0,0.0,,0.0,0,0.0,0.0,,0.0,bidTooLow
2019-03-01,496.0,1342.0,0.0,100,280.42,267.0,0,0.0,0.0,,0.0,0,0.0,0.0,,0.0,bidTooLow
2019-03-04,496.0,1240.0,0.0,100,279.4,267.0,0,0.0,0.0,,0.0,0,0.0,0.0,,0.0,bidTooLow
2019-03-05,496.0,1202.0,0.0,100,279.02,267.0,0,0.0,0.0,,0.0,0,0.0,0.0,,0.0,bidTooLow
2019-03-06,496.0,1033.0,0.0,100,277.33,267.0,0,0.0,0.0,,0.0,0,0.0,0.0,,0.0,bidTooLow
2019-03-07,496.0,801.0,0.0,100,275.01,267.0,0,0.0,0.0,,0.0,0,0.0,0.0,,0.0,bidTooLow
2019-03-08,496.0,746.0,0.0,100,274.46,267.0,0,0.0,0.0,,0.0,0,0.0,0.0,,0.0,bidTooLow
2019-03-11,496.0,1141.0,0.0,100,278.44,267.0,0,0.0,0.0,,0.0,1,0.02,0.05,SPY190315C00284500,284.5,normalDay
2019-03-12,496.0,1247.0,0.0,100,279.49,267.0,0,0.0,0.0,,0.0,1,0.02,0.04,SPY190315C00284500,284.5,normalDay
2019-03-13,496.0,1426.0,0.0,100,281.34,267.0,0,0.0,0.0,,0.0,1,0.02,0.1,SPY190315C00284500,284.5,normalDay
2019-03-14,496.0,1416.0,0.0,100,281.16,267.0,0,0.0,0.0,,0.0,1,0.02,0.02,SPY190315C00284500,284.5,normalDay
2019-03-15,498.0,1431.0,2.0,100,281.31,267.0,0,0.0,0.0,,0.0,1,0.02,0.0,SPY190315C00284500,284.5,expirationDay
2019-03-18,498.0,1530.0,0.0,100,282.33,267.0,0,0.0,0.0,,0.0,1,0.52,0.55,SPY190322C00284500,284.5,normalDay
2019-03-19,498.0,1543.0,0.0,100,282.4,267.0,0,0.0,0.0,,0.0,1,0.52,0.49,SPY190322C00284500,284.5,normalDay
2019-03-20,498.0,1492.0,0.0,100,281.55,267.0,0,0.0,0.0,,0.0,1,0.52,0.15,SPY190322C00284500,284.5,normalDay
2019-03-21,498.0,1745.0,0.0,100,284.73,267.0,0,0.0,0.0,,0.0,1,0.52,0.8,SPY190322C00284500,284.5,normalDay
2019-03-22,550.0,1225.0,52.0,100,279.25,267.0,0,0.0,0.0,,0.0,1,0.52,0.0,SPY190322C00284500,284.5,expirationDay
2019-03-25,550.0,1201.0,0.0,100,279.04,267.0,0,0.0,0.0,,0.0,1,0.03,0.06,SPY190329C00287000,287.0,normalDay
2019-03-26,550.0,1410.0,0.0,100,281.12,267.0,0,0.0,0.0,,0.0,1,0.03,0.05,SPY190329C00287000,287.0,normalDay
2019-03-27,550.0,1266.0,0.0,100,279.65,267.0,0,0.0,0.0,,0.0,1,0.03,0.02,SPY190329C00287000,287.0,normalDay
2019-03-28,550.0,1373.0,0.0,100,280.71,267.0,0,0.0,0.0,,0.0,1,0.03,0.01,SPY190329C00287000,287.0,normalDay
2019-03-29,553.0,1548.0,3.0,100,282.48,267.0,0,0.0,0.0,,0.0,1,0.03,0.0,SPY190329C00287000,287.0,expirationDay
2019-04-01,553.0,1879.0,0.0,100,285.83,267.0,0,0.0,0.0,,0.0,1,0.39,0.43,SPY190405C00288000,288.0,normalDay
2019-04-02,553.0,1902.0,0.0,100,285.97,267.0,0,0.0,0.0,,0.0,1,0.39,0.34,SPY190405C00288000,288.0,normalDay
2019-04-03,553.0,1932.0,0.0,100,286.42,267.0,0,0.0,0.0,,0.0,1,0.39,0.49,SPY190405C00288000,288.0,normalDay
2019-04-04,553.0,2011.0,0.0,100,287.18,267.0,0,0.0,0.0,,0.0,1,0.39,0.46,SPY190405C00288000,288.0,normalDay
2019-04-05,2692.0,2011.0,2139.0,0,288.57,0.0,0,0.0,0.0,,0.0,1,0.39,0.0,SPY190405C00288000,288.0,expirationDay
2019-04-08,2692.0,-4.0,0.0,0,288.79,0.0,1,2.05,2.09,SPY190524P00280000,280.0,0,0.0,0.0,,0.0,normalDay
2019-04-09,2692.0,-56.0,0.0,0,287.31,0.0,1,2.05,2.61,SPY190524P00280000,280.0,0,0.0,0.0,,0.0,normalDay
2019-04-10,2692.0,-4.0,0.0,0,288.29,0.0,1,2.05,2.09,SPY190524P00280000,280.0,0,0.0,0.0,,0.0,normalDay
2019-04-11,2692.0,0.0,0.0,0,288.21,0.0,1,2.05,2.05,SPY190524P00280000,280.0,0,0.0,0.0,,0.0,normalDay
2019-04-12,2692.0,58.0,0.0,0,290.16,0.0,1,2.05,1.47,SPY190524P00280000,280.0,0,0.0,0.0,,0.0,normalDay
2019-04-15,2692.0,63.0,0.0,0,289.97,0.0,1,2.05,1.42,SPY190524P00280000,280.0,0,0.0,0.0,,0.0,normalDay
2019-04-16,2692.0,67.0,0.0,0,290.16,0.0,1,2.05,1.38,SPY190524P00280000,280.0,0,0.0,0.0,,0.0,normalDay
2019-04-17,2692.0,54.0,0.0,0,289.45,0.0,1,2.05,1.51,SPY190524P00280000,280.0,0,0.0,0.0,,0.0,normalDay
2019-04-18,2692.0,74.0,0.0,0,290.02,0.0,1,2.05,1.31,SPY190524P00280000,280.0,0,0.0,0.0,,0.0,normalDay
2019-04-22,2692.0,93.0,0.0,0,290.27,0.0,1,2.05,1.12,SPY190524P00280000,280.0,0,0.0,0.0,,0.0,normalDay
2019-04-23,2692.0,117.0,0.0,0,292.88,0.0,1,2.05,0.88,SPY190524P00280000,280.0,0,0.0,0.0,,0.0,normalDay
2019-04-24,2692.0,105.0,0.0,0,292.23,0.0,1,2.05,1.0,SPY190524P00280000,280.0,0,0.0,0.0,,0.0,normalDay
2019-04-25,2692.0,104.0,0.0,0,292.05,0.0,1,2.05,1.01,SPY190524P00280000,280.0,0,0.0,0.0,,0.0,normalDay
2019-04-26,2692.0,124.0,0.0,0,293.41,0.0,1,2.05,0.81,SPY190524P00280000,280.0,0,0.0,0.0,,0.0,normalDay
2019-04-29,2692.0,132.0,0.0,0,293.87,0.0,1,2.05,0.73,SPY190524P00280000,280.0,0,0.0,0.0,,0.0,normalDay
2019-04-30,2692.0,135.0,0.0,0,294.02,0.0,1,2.05,0.7,SPY190524P00280000,280.0,0,0.0,0.0,,0.0,normalDay
2019-05-01,2692.0,101.0,0.0,0,291.81,0.0,1,2.05,1.04,SPY190524P00280000,280.0,0,0.0,0.0,,0.0,normalDay
2019-05-02,2692.0,100.0,0.0,0,291.18,0.0,1,2.05,1.05,SPY190524P00280000,280.0,0,0.0,0.0,,0.0,normalDay
2019-05-03,2692.0,148.0,0.0,0,294.03,0.0,1,2.05,0.57,SPY190524P00280000,280.0,0,0.0,0.0,,0.0,normalDay
2019-05-06,2692.0,116.0,0.0,0,292.82,0.0,1,2.05,0.89,SPY190524P00280000,280.0,0,0.0,0.0,,0.0,normalDay
2019-05-07,2692.0,-20.0,0.0,0,287.93,0.0,1,2.05,2.25,SPY190524P00280000,280.0,0,0.0,0.0,,0.0,normalDay
2019-05-08,2692.0,-16.0,0.0,0,287.53,0.0,1,2.05,2.21,SPY190524P00280000,280.0,0,0.0,0.0,,0.0,normalDay
2019-05-09,2692.0,-22.0,0.0,0,286.66,0.0,1,2.05,2.27,SPY190524P00280000,280.0,0,0.0,0.0,,0.0,normalDay
2019-05-10,2692.0,74.0,0.0,0,288.1,0.0,1,2.05,1.31,SPY190524P00280000,280.0,0,0.0,0.0,,0.0,normalDay
2019-05-13,2692.0,-171.0,0.0,0,280.86,0.0,1,2.05,3.76,SPY190524P00280000,280.0,0,0.0,0.0,,0.0,normalDay
2019-05-14,2692.0,-13.0,0.0,0,283.4,0.0,1,2.05,2.18,SPY190524P00280000,280.0,0,0.0,0.0,,0.0,normalDay
2019-05-15,2692.0,84.0,0.0,0,285.06,0.0,1,2.05,1.21,SPY190524P00280000,280.0,0,0.0,0.0,,0.0,normalDay
2019-05-16,2692.0,144.0,0.0,0,287.7,0.0,1,2.05,0.61,SPY190524P00280000,280.0,0,0.0,0.0,,0.0,normalDay
2019-05-17,2692.0,115.0,0.0,0,285.84,0.0,1,2.05,0.9,SPY190524P00280000,280.0,0,0.0,0.0,,0.0,normalDay
2019-05-20,2692.0,123.0,0.0,0,283.95,0.0,1,2.05,0.82,SPY190524P00280000,280.0,0,0.0,0.0,,0.0,normalDay
2019-05-21,2692.0,186.0,0.0,0,286.51,0.0,1,2.05,0.19,SPY190524P00280000,280.0,0,0.0,0.0,,0.0,normalDay
2019-05-22,2692.0,193.0,0.0,0,285.63,0.0,1,2.05,0.12,SPY190524P00280000,280.0,0,0.0,0.0,,0.0,normalDay
2019-05-23,2692.0,152.0,0.0,0,282.14,0.0,1,2.05,0.53,SPY190524P00280000,280.0,0,0.0,0.0,,0.0,normalDay
2019-05-24,2897.0,0.0,205.0,0,282.78,0.0,1,2.05,0.0,SPY190524P00280000,280.0,0,0.0,0.0,,0.0,expirationDay
2019-05-28,2897.0,-7.0,0.0,0,280.15,0.0,1,7.43,7.5,SPY190719P00282000,282.0,0,0.0,0.0,,0.0,normalDay
2019-05-29,2897.0,-120.0,0.0,0,278.27,0.0,1,7.43,8.63,SPY190719P00282000,282.0,0,0.0,0.0,,0.0,normalDay
2019-05-30,2897.0,-70.0,0.0,0,279.03,0.0,1,7.43,8.13,SPY190719P00282000,282.0,0,0.0,0.0,,0.0,normalDay
2019-05-31,2897.0,-311.0,0.0,0,275.27,0.0,1,7.43,10.54,SPY190719P00282000,282.0,0,0.0,0.0,,0.0,normalDay
2019-06-03,2897.0,-326.0,0.0,0,274.57,0.0,1,7.43,10.69,SPY190719P00282000,282.0,0,0.0,0.0,,0.0,normalDay
2019-06-04,2897.0,43.0,0.0,0,280.53,0.0,1,7.43,7.0,SPY190719P00282000,282.0,0,0.0,0.0,,0.0,normalDay
2019-06-05,2897.0,183.0,0.0,0,282.96,0.0,1,7.43,5.6,SPY190719P00282000,282.0,0,0.0,0.0,,0.0,normalDay
2019-06-06,2897.0,272.0,0.0,0,284.8,0.0,1,7.43,4.71,SPY190719P00282000,282.0,0,0.0,0.0,,0.0,normalDay
2019-06-07,2897.0,355.0,0.0,0,287.65,0.0,1,7.43,3.88,SPY190719P00282000,282.0,0,0.0,0.0,,0.0,normalDay
2019-06-10,2897.0,415.0,0.0,0,288.97,0.0,1,7.43,3.28,SPY190719P00282000,282.0,0,0.0,0.0,,0.0,normalDay
2019-06-11,2897.0,408.0,0.0,0,288.9,0.0,1,7.43,3.35,SPY190719P00282000,282.0,0,0.0,0.0,,0.0,normalDay
2019-06-12,2897.0,407.0,0.0,0,288.39,0.0,1,7.43,3.36,SPY190719P00282000,282.0,0,0.0,0.0,,0.0,normalDay
2019-06-13,2897.0,445.0,0.0,0,289.58,0.0,1,7.43,2.98,SPY190719P00282000,282.0,0,0.0,0.0,,0.0,normalDay
2019-06-14,2897.0,460.0,0.0,0,289.26,0.0,1,7.43,2.83,SPY190719P00282000,282.0,0,0.0,0.0,,0.0,normalDay
2019-06-17,2897.0,480.0,0.0,0,289.37,0.0,1,7.43,2.63,SPY190719P00282000,282.0,0,0.0,0.0,,0.0,normalDay
2019-06-18,2897.0,548.0,0.0,0,292.4,0.0,1,7.43,1.95,SPY190719P00282000,282.0,0,0.0,0.0,,0.0,normalDay
2019-06-19,2897.0,587.0,0.0,0,293.06,0.0,1,7.43,1.56,SPY190719P00282000,282.0,0,0.0,0.0,,0.0,normalDay
2019-06-20,2897.0,624.0,0.0,0,295.86,0.0,1,7.43,1.19,SPY190719P00282000,282.0,0,0.0,0.0,,0.0,normalDay
2019-06-21,2897.0,614.0,0.0,0,294.0,0.0,1,7.43,1.29,SPY190719P00282000,282.0,0,0.0,0.0,,0.0,normalDay
2019-06-24,2897.0,624.0,0.0,0,293.64,0.0,1,7.43,1.19,SPY190719P00282000,282.0,0,0.0,0.0,,0.0,normalDay
2019-06-25,2897.0,569.0,0.0,0,290.76,0.0,1,7.43,1.74,SPY190719P00282000,282.0,0,0.0,0.0,,0.0,normalDay
2019-06-26,2897.0,568.0,0.0,0,290.47,0.0,1,7.43,1.75,SPY190719P00282000,282.0,0,0.0,0.0,,0.0,normalDay
2019-06-27,2897.0,606.0,0.0,0,291.5,0.0,1,7.43,1.37,SPY190719P00282000,282.0,0,0.0,0.0,,0.0,normalDay
2019-06-28,2897.0,640.0,0.0,0,293.0,0.0,1,7.43,1.03,SPY190719P00282000,282.0,0,0.0,0.0,,0.0,normalDay
2019-07-01,2897.0,695.0,0.0,0,295.66,0.0,1,7.43,0.48,SPY190719P00282000,282.0,0,0.0,0.0,,0.0,normalDay
2019-07-02,2897.0,713.0,0.0,0,296.43,0.0,1,7.43,0.3,SPY190719P00282000,282.0,0,0.0,0.0,,0.0,normalDay
2019-07-03,2897.0,724.0,0.0,0,298.8,0.0,1,7.43,0.19,SPY190719P00282000,282.0,0,0.0,0.0,,0.0,normalDay
2019-07-05,2897.0,723.0,0.0,0,298.46,0.0,1,7.43,0.2,SPY190719P00282000,282.0,0,0.0,0.0,,0.0,normalDay
2019-07-08,2897.0,727.0,0.0,0,296.82,0.0,1,7.43,0.16,SPY190719P00282000,282.0,0,0.0,0.0,,0.0,normalDay
2019-07-09,2897.0,729.0,0.0,0,297.19,0.0,1,7.43,0.14,SPY190719P00282000,282.0,0,0.0,0.0,,0.0,normalDay
2019-07-10,2897.0,735.0,0.0,0,298.61,0.0,1,7.43,0.08,SPY190719P00282000,282.0,0,0.0,0.0,,0.0,normalDay
2019-07-11,2897.0,736.0,0.0,0,299.31,0.0,1,7.43,0.07,SPY190719P00282000,282.0,0,0.0,0.0,,0.0,normalDay
2019-07-12,2897.0,739.0,0.0,0,300.65,0.0,1,7.43,0.04,SPY190719P00282000,282.0,0,0.0,0.0,,0.0,normalDay
2019-07-15,2897.0,739.0,0.0,0,300.75,0.0,1,7.43,0.04,SPY190719P00282000,282.0,0,0.0,0.0,,0.0,normalDay
2019-07-16,2897.0,740.0,0.0,0,299.78,0.0,1,7.43,0.03,SPY190719P00282000,282.0,0,0.0,0.0,,0.0,normalDay
2019-07-17,2897.0,741.0,0.0,0,297.74,0.0,1,7.43,0.02,SPY190719P00282000,282.0,0,0.0,0.0,,0.0,normalDay
2019-07-18,2897.0,742.0,0.0,0,298.83,0.0,1,7.43,0.01,SPY190719P00282000,282.0,0,0.0,0.0,,0.0,normalDay
2019-07-19,3640.0,0.0,743.0,0,297.17,0.0,1,7.43,0.0,SPY190719P00282000,282.0,0,0.0,0.0,,0.0,expirationDay
2019-07-22,3640.0,-4.0,0.0,0,297.9,0.0,1,2.78,2.82,SPY190830P00293000,293.0,0,0.0,0.0,,0.0,normalDay
2019-07-23,3640.0,66.0,0.0,0,300.03,0.0,1,2.78,2.12,SPY190830P00293000,293.0,0,0.0,0.0,,0.0,normalDay
2019-07-24,3640.0,106.0,0.0,0,301.44,0.0,1,2.78,1.72,SPY190830P00293000,293.0,0,0.0,0.0,,0.0,normalDay
2019-07-25,3640.0,70.0,0.0,0,300.0,0.0,1,2.78,2.08,SPY190830P00293000,293.0,0,0.0,0.0,,0.0,normalDay
2019-07-26,3640.0,122.0,0.0,0,302.01,0.0,1,2.78,1.56,SPY190830P00293000,293.0,0,0.0,0.0,,0.0,normalDay
2019-07-29,3640.0,121.0,0.0,0,301.46,0.0,1,2.78,1.57,SPY190830P00293000,293.0,0,0.0,0.0,,0.0,normalDay
2019-07-30,3640.0,84.0,0.0,0,300.72,0.0,1,2.78,1.94,SPY190830P00293000,293.0,0,0.0,0.0,,0.0,normalDay
2019-07-31,3640.0,-27.0,0.0,0,297.43,0.0,1,2.78,3.05,SPY190830P00293000,293.0,0,0.0,0.0,,0.0,normalDay
2019-08-01,3640.0,-148.0,0.0,0,294.84,0.0,1,2.78,4.26,SPY190830P00293000,293.0,0,0.0,0.0,,0.0,normalDay
2019-08-02,3640.0,-228.0,0.0,0,292.62,0.0,1,2.78,5.06,SPY190830P00293000,293.0,0,0.0,0.0,,0.0,normalDay
2019-08-05,3640.0,-872.0,0.0,0,283.82,0.0,1,2.78,11.5,SPY190830P00293000,293.0,0,0.0,0.0,,0.0,normalDay
2019-08-06,3640.0,-480.0,0.0,0,287.8,0.0,1,2.78,7.58,SPY190830P00293000,293.0,0,0.0,0.0,,0.0,normalDay
2019-08-07,3640.0,-453.0,0.0,0,287.97,0.0,1,2.78,7.31,SPY190830P00293000,293.0,0,0.0,0.0,,0.0,normalDay
2019-08-08,3640.0,-112.0,0.0,0,293.62,0.0,1,2.78,3.9,SPY190830P00293000,293.0,0,0.0,0.0,,0.0,normalDay
2019-08-09,3640.0,-204.0,0.0,0,291.62,0.0,1,2.78,4.82,SPY190830P00293000,293.0,0,0.0,0.0,,0.0,normalDay
2019-08-12,3640.0,-454.0,0.0,0,288.07,0.0,1,2.78,7.32,SPY190830P00293000,293.0,0,0.0,0.0,,0.0,normalDay
2019-08-13,3640.0,-136.0,0.0,0,292.55,0.0,1,2.78,4.14,SPY190830P00293000,293.0,0,0.0,0.0,,0.0,normalDay
2019-08-14,3640.0,-717.0,0.0,0,283.9,0.0,1,2.78,9.95,SPY190830P00293000,293.0,0,0.0,0.0,,0.0,normalDay
2019-08-15,3640.0,-636.0,0.0,0,284.65,0.0,1,2.78,9.14,SPY190830P00293000,293.0,0,0.0,0.0,,0.0,normalDay
2019-08-16,3640.0,-305.0,0.0,0,288.85,0.0,1,2.78,5.83,SPY190830P00293000,293.0,0,0.0,0.0,,0.0,normalDay
2019-08-19,3640.0,-60.0,0.0,0,292.33,0.0,1,2.78,3.38,SPY190830P00293000,293.0,0,0.0,0.0,,0.0,normalDay
2019-08-20,3640.0,-194.0,0.0,0,290.09,0.0,1,2.78,4.72,SPY190830P00293000,293.0,0,0.0,0.0,,0.0,normalDay
2019-08-21,3640.0,-2.0,0.0,0,292.45,0.0,1,2.78,2.8,SPY190830P00293000,293.0,0,0.0,0.0,,0.0,normalDay
2019-08-22,3640.0,-17.0,0.0,0,292.36,0.0,1,2.78,2.95,SPY190830P00293000,293.0,0,0.0,0.0,,0.0,normalDay
2019-08-23,3640.0,-511.0,0.0,0,284.85,0.0,1,2.78,7.89,SPY190830P00293000,293.0,0,0.0,0.0,,0.0,normalDay
2019-08-26,3640.0,-250.0,0.0,0,288.0,0.0,1,2.78,5.28,SPY190830P00293000,293.0,0,0.0,0.0,,0.0,normalDay
2019-08-27,3640.0,-363.0,0.0,0,286.87,0.0,1,2.78,6.41,SPY190830P00293000,293.0,0,0.0,0.0,,0.0,normalDay
2019-08-28,3640.0,-146.0,0.0,0,288.89,0.0,1,2.78,4.24,SPY190830P00293000,293.0,0,0.0,0.0,,0.0,normalDay
2019-08-29,3640.0,156.0,0.0,0,292.58,0.0,1,2.78,1.22,SPY190830P00293000,293.0,0,0.0,0.0,,0.0,normalDay
2019-08-30,3918.0,-55.0,278.0,100,292.45,293.0,1,2.78,0.0,SPY190830P00293000,293.0,0,0.0,0.0,,0.0,expirationDay
2019-09-03,3918.0,-229.0,0.0,100,290.74,293.0,0,0.0,0.0,,0.0,1,0.07,0.1,SPY190909C00298000,298.0,normalDay
2019-09-04,3918.0,88.0,0.0,100,294.04,293.0,0,0.0,0.0,,0.0,1,0.07,0.23,SPY190909C00298000,298.0,normalDay
2019-09-05,3918.0,387.0,0.0,100,297.82,293.0,0,0.0,0.0,,0.0,1,0.07,1.02,SPY190909C00298000,298.0,normalDay
2019-09-06,3918.0,424.0,0.0,100,298.05,293.0,0,0.0,0.0,,0.0,1,0.07,0.88,SPY190909C00298000,298.0,normalDay
2019-09-09,4425.0,424.0,507.0,0,298.2,0.0,0,0.0,0.0,,0.0,1,0.07,0.0,SPY190909C00298000,298.0,expirationDay
2019-09-10,4425.0,-5.0,0.0,0,298.13,0.0,1,2.77,2.82,SPY191025P00286000,286.0,0,0.0,0.0,,0.0,normalDay
2019-09-11,4425.0,53.0,0.0,0,300.25,0.0,1,2.77,2.24,SPY191025P00286000,286.0,0,0.0,0.0,,0.0,normalDay
2019-09-12,4425.0,86.0,0.0,0,301.29,0.0,1,2.77,1.91,SPY191025P00286000,286.0,0,0.0,0.0,,0.0,normalDay
2019-09-13,4425.0,97.0,0.0,0,301.09,0.0,1,2.77,1.8,SPY191025P00286000,286.0,0,0.0,0.0,,0.0,normalDay
2019-09-16,4425.0,84.0,0.0,0,300.16,0.0,1,2.77,1.93,SPY191025P00286000,286.0,0,0.0,0.0,,0.0,normalDay
2019-09-17,4425.0,100.0,0.0,0,300.92,0.0,1,2.77,1.77,SPY191025P00286000,286.0,0,0.0,0.0,,0.0,normalDay
2019-09-18,4425.0,122.0,0.0,0,301.1,0.0,1,2.77,1.55,SPY191025P00286000,286.0,0,0.0,0.0,,0.0,normalDay
2019-09-19,4425.0,124.0,0.0,0,301.08,0.0,1,2.77,1.53,SPY191025P00286000,286.0,0,0.0,0.0,,0.0,normalDay
2019-09-20,4425.0,80.0,0.0,0,298.28,0.0,1,2.77,1.97,SPY191025P00286000,286.0,0,0.0,0.0,,0.0,normalDay
2019-09-23,4425.0,107.0,0.0,0,298.21,0.0,1,2.77,1.7,SPY191025P00286000,286.0,0,0.0,0.0,,0.0,normalDay
2019-09-24,4425.0,38.0,0.0,0,295.87,0.0,1,2.77,2.39,SPY191025P00286000,286.0,0,0.0,0.0,,0.0,normalDay
2019-09-25,4425.0,86.0,0.0,0,297.62,0.0,1,2.77,1.91,SPY191025P00286000,286.0,0,0.0,0.0,,0.0,normalDay
2019-09-26,4425.0,91.0,0.0,0,297.0,0.0,1,2.77,1.86,SPY191025P00286000,286.0,0,0.0,0.0,,0.0,normalDay
2019-09-27,4425.0,42.0,0.0,0,295.4,0.0,1,2.77,2.35,SPY191025P00286000,286.0,0,0.0,0.0,,0.0,normalDay
2019-09-30,4425.0,104.0,0.0,0,296.77,0.0,1,2.77,1.73,SPY191025P00286000,286.0,0,0.0,0.0,,0.0,normalDay
2019-10-01,4425.0,-4.0,0.0,0,293.24,0.0,1,2.77,2.81,SPY191025P00286000,286.0,0,0.0,0.0,,0.0,normalDay
2019-10-02,4425.0,-215.0,0.0,0,288.06,0.0,1,2.77,4.92,SPY191025P00286000,286.0,0,0.0,0.0,,0.0,normalDay
2019-10-03,4425.0,-80.0,0.0,0,290.42,0.0,1,2.77,3.57,SPY191025P00286000,286.0,0,0.0,0.0,,0.0,normalDay
2019-10-04,4425.0,76.0,0.0,0,294.35,0.0,1,2.77,2.01,SPY191025P00286000,286.0,0,0.0,0.0,,0.0,normalDay
2019-10-07,4425.0,55.0,0.0,0,293.08,0.0,1,2.77,2.22,SPY191025P00286000,286.0,0,0.0,0.0,,0.0,normalDay
2019-10-08,4425.0,-102.0,0.0,0,288.53,0.0,1,2.77,3.79,SPY191025P00286000,286.0,0,0.0,0.0,,0.0,normalDay
2019-10-09,4425.0,21.0,0.0,0,291.27,0.0,1,2.77,2.56,SPY191025P00286000,286.0,0,0.0,0.0,,0.0,normalDay
2019-10-10,4425.0,99.0,0.0,0,293.24,0.0,1,2.77,1.78,SPY191025P00286000,286.0,0,0.0,0.0,,0.0,normalDay
2019-10-11,4425.0,191.0,0.0,0,296.28,0.0,1,2.77,0.86,SPY191025P00286000,286.0,0,0.0,0.0,,0.0,normalDay
2019-10-14,4425.0,218.0,0.0,0,295.95,0.0,1,2.77,0.59,SPY191025P00286000,286.0,0,0.0,0.0,,0.0,normalDay
2019-10-15,4425.0,254.0,0.0,0,298.88,0.0,1,2.77,0.23,SPY191025P00286000,286.0,0,0.0,0.0,,0.0,normalDay
2019-10-16,4425.0,259.0,0.0,0,298.4,0.0,1,2.77,0.18,SPY191025P00286000,286.0,0,0.0,0.0,,0.0,normalDay
2019-10-17,4425.0,266.0,0.0,0,299.28,0.0,1,2.77,0.11,SPY191025P00286000,286.0,0,0.0,0.0,,0.0,normalDay
2019-10-18,4425.0,268.0,0.0,0,297.97,0.0,1,2.77,0.09,SPY191025P00286000,286.0,0,0.0,0.0,,0.0,normalDay
2019-10-21,4425.0,274.0,0.0,0,299.99,0.0,1,2.77,0.03,SPY191025P00286000,286.0,0,0.0,0.0,,0.0,normalDay
2019-10-22,4425.0,274.0,0.0,0,299.01,0.0,1,2.77,0.03,SPY191025P00286000,286.0,0,0.0,0.0,,0.0,normalDay
2019-10-23,4425.0,275.0,0.0,0,299.88,0.0,1,2.77,0.02,SPY191025P00286000,286.0,0,0.0,0.0,,0.0,normalDay
2019-10-24,4425.0,276.0,0.0,0,300.37,0.0,1,2.77,0.01,SPY191025P00286000,286.0,0,0.0,0.0,,0.0,normalDay
2019-10-25,4702.0,0.0,277.0,0,301.6,0.0,1,2.77,0.0,SPY191025P00286000,286.0,0,0.0,0.0,,0.0,expirationDay
2019-10-28,4702.0,-4.0,0.0,0,303.3,0.0,1,2.63,2.67,SPY191220P00291000,291.0,0,0.0,0.0,,0.0,normalDay
2019-10-29,4702.0,-9.0,0.0,0,303.21,0.0,1,2.63,2.72,SPY191220P00291000,291.0,0,0.0,0.0,,0.0,normalDay
2019-10-30,4702.0,29.0,0.0,0,304.14,0.0,1,2.63,2.34,SPY191220P00291000,291.0,0,0.0,0.0,,0.0,normalDay
2019-10-31,4702.0,5.0,0.0,0,303.33,0.0,1,2.63,2.58,SPY191220P00291000,291.0,0,0.0,0.0,,0.0,normalDay
2019-11-01,4702.0,72.0,0.0,0,306.14,0.0,1,2.63,1.91,SPY191220P00291000,291.0,0,0.0,0.0,,0.0,normalDay
2019-11-04,4702.0,92.0,0.0,0,307.37,0.0,1,2.63,1.71,SPY191220P00291000,291.0,0,0.0,0.0,,0.0,normalDay
2019-11-05,4702.0,85.0,0.0,0,307.03,0.0,1,2.63,1.78,SPY191220P00291000,291.0,0,0.0,0.0,,0.0,normalDay
2019-11-06,4702.0,95.0,0.0,0,307.1,0.0,1,2.63,1.68,SPY191220P00291000,291.0,0,0.0,0.0,,0.0,normalDay
2019-11-07,4702.0,108.0,0.0,0,308.18,0.0,1,2.63,1.55,SPY191220P00291000,291.0,0,0.0,0.0,,0.0,normalDay
2019-11-08,4702.0,133.0,0.0,0,308.94,0.0,1,2.63,1.3,SPY191220P00291000,291.0,0,0.0,0.0,,0.0,normalDay
2019-11-11,4702.0,133.0,0.0,0,308.35,0.0,1,2.63,1.3,SPY191220P00291000,291.0,0,0.0,0.0,,0.0,normalDay
2019-11-12,4702.0,141.0,0.0,0,309.0,0.0,1,2.63,1.22,SPY191220P00291000,291.0,0,0.0,0.0,,0.0,normalDay
2019-11-13,4702.0,142.0,0.0,0,309.1,0.0,1,2.63,1.21,SPY191220P00291000,291.0,0,0.0,0.0,,0.0,normalDay
2019-11-14,4702.0,151.0,0.0,0,309.55,0.0,1,2.63,1.12,SPY191220P00291000,291.0,0,0.0,0.0,,0.0,normalDay
2019-11-15,4702.0,183.0,0.0,0,311.79,0.0,1,2.63,0.8,SPY191220P00291000,291.0,0,0.0,0.0,,0.0,normalDay
2019-11-18,4702.0,189.0,0.0,0,312.02,0.0,1,2.63,0.74,SPY191220P00291000,291.0,0,0.0,0.0,,0.0,normalDay
2019-11-19,4702.0,184.0,0.0,0,311.93,0.0,1,2.63,0.79,SPY191220P00291000,291.0,0,0.0,0.0,,0.0,normalDay
2019-11-20,4702.0,180.0,0.0,0,310.77,0.0,1,2.63,0.83,SPY191220P00291000,291.0,0,0.0,0.0,,0.0,normalDay
2019-11-21,4702.0,180.0,0.0,0,310.27,0.0,1,2.63,0.83,SPY191220P00291000,291.0,0,0.0,0.0,,0.0,normalDay
2019-11-22,4702.0,196.0,0.0,0,310.96,0.0,1,2.63,0.67,SPY191220P00291000,291.0,0,0.0,0.0,,0.0,normalDay
2019-11-25,4702.0,220.0,0.0,0,313.37,0.0,1,2.63,0.43,SPY191220P00291000,291.0,0,0.0,0.0,,0.0,normalDay
2019-11-26,4702.0,227.0,0.0,0,314.08,0.0,1,2.63,0.36,SPY191220P00291000,291.0,0,0.0,0.0,,0.0,normalDay
2019-11-27,4702.0,232.0,0.0,0,315.48,0.0,1,2.63,0.31,SPY191220P00291000,291.0,0,0.0,0.0,,0.0,normalDay
2019-11-29,4702.0,224.0,0.0,0,314.31,0.0,1,2.63,0.39,SPY191220P00291000,291.0,0,0.0,0.0,,0.0,normalDay
2019-12-02,4702.0,203.0,0.0,0,311.64,0.0,1,2.63,0.6,SPY191220P00291000,291.0,0,0.0,0.0,,0.0,normalDay
2019-12-03,4702.0,185.0,0.0,0,309.55,0.0,1,2.63,0.78,SPY191220P00291000,291.0,0,0.0,0.0,,0.0,normalDay
2019-12-04,4702.0,212.0,0.0,0,311.46,0.0,1,2.63,0.51,SPY191220P00291000,291.0,0,0.0,0.0,,0.0,normalDay
2019-12-05,4702.0,225.0,0.0,0,312.02,0.0,1,2.63,0.38,SPY191220P00291000,291.0,0,0.0,0.0,,0.0,normalDay
2019-12-06,4702.0,239.0,0.0,0,314.87,0.0,1,2.63,0.24,SPY191220P00291000,291.0,0,0.0,0.0,,0.0,normalDay
2019-12-09,4702.0,227.0,0.0,0,313.88,0.0,1,2.63,0.36,SPY191220P00291000,291.0,0,0.0,0.0,,0.0,normalDay
2019-12-10,4702.0,234.0,0.0,0,313.53,0.0,1,2.63,0.29,SPY191220P00291000,291.0,0,0.0,0.0,,0.0,normalDay
2019-12-11,4702.0,242.0,0.0,0,314.42,0.0,1,2.63,0.21,SPY191220P00291000,291.0,0,0.0,0.0,,0.0,normalDay
2019-12-12,4702.0,248.0,0.0,0,317.13,0.0,1,2.63,0.15,SPY191220P00291000,291.0,0,0.0,0.0,,0.0,normalDay
2019-12-13,4702.0,252.0,0.0,0,317.32,0.0,1,2.63,0.11,SPY191220P00291000,291.0,0,0.0,0.0,,0.0,normalDay
2019-12-16,4702.0,257.0,0.0,0,319.5,0.0,1,2.63,0.06,SPY191220P00291000,291.0,0,0.0,0.0,,0.0,normalDay
2019-12-17,4702.0,260.0,0.0,0,319.57,0.0,1,2.63,0.03,SPY191220P00291000,291.0,0,0.0,0.0,,0.0,normalDay
2019-12-18,4702.0,261.0,0.0,0,319.59,0.0,1,2.63,0.02,SPY191220P00291000,291.0,0,0.0,0.0,,0.0,normalDay
2019-12-19,4702.0,262.0,0.0,0,320.9,0.0,1,2.63,0.01,SPY191220P00291000,291.0,0,0.0,0.0,,0.0,normalDay
2019-12-20,4965.0,0.0,263.0,0,320.73,0.0,1,2.63,0.0,SPY191220P00291000,291.0,0,0.0,0.0,,0.0,expirationDay
2019-12-23,4965.0,-4.0,0.0,0,321.22,0.0,1,1.99,2.03,SPY200131P00312000,312.0,0,0.0,0.0,,0.0,normalDay
2019-12-24,4965.0,0.0,0.0,0,321.23,0.0,1,1.99,1.99,SPY200131P00312000,312.0,0,0.0,0.0,,0.0,normalDay
2019-12-26,4965.0,32.0,0.0,0,322.94,0.0,1,1.99,1.67,SPY200131P00312000,312.0,0,0.0,0.0,,0.0,normalDay
2019-12-27,4965.0,13.0,0.0,0,322.86,0.0,1,1.99,1.86,SPY200131P00312000,312.0,0,0.0,0.0,,0.0,normalDay
2019-12-30,4965.0,-28.0,0.0,0,321.08,0.0,1,1.99,2.27,SPY200131P00312000,312.0,0,0.0,0.0,,0.0,normalDay
2019-12-31,4965.0,17.0,0.0,0,321.86,0.0,1,1.99,1.82,SPY200131P00312000,312.0,0,0.0,0.0,,0.0,normalDay
2020-01-02,4965.0,85.0,0.0,0,324.87,0.0,1,1.99,1.14,SPY200131P00312000,312.0,0,0.0,0.0,,0.0,normalDay
2020-01-03,4965.0,25.0,0.0,0,322.41,0.0,1,1.99,1.74,SPY200131P00312000,312.0,0,0.0,0.0,,0.0,normalDay
2020-01-06,4965.0,70.0,0.0,0,323.64,0.0,1,1.99,1.29,SPY200131P00312000,312.0,0,0.0,0.0,,0.0,normalDay
2020-01-07,4965.0,58.0,0.0,0,322.73,0.0,1,1.99,1.41,SPY200131P00312000,312.0,0,0.0,0.0,,0.0,normalDay
2020-01-08,4965.0,94.0,0.0,0,324.45,0.0,1,1.99,1.05,SPY200131P00312000,312.0,0,0.0,0.0,,0.0,normalDay
2020-01-09,4965.0,130.0,0.0,0,326.65,0.0,1,1.99,0.69,SPY200131P00312000,312.0,0,0.0,0.0,,0.0,normalDay
2020-01-10,4965.0,128.0,0.0,0,325.71,0.0,1,1.99,0.71,SPY200131P00312000,312.0,0,0.0,0.0,,0.0,normalDay
2020-01-13,4965.0,160.0,0.0,0,327.95,0.0,1,1.99,0.39,SPY200131P00312000,312.0,0,0.0,0.0,,0.0,normalDay
2020-01-14,4965.0,163.0,0.0,0,327.45,0.0,1,1.99,0.36,SPY200131P00312000,312.0,0,0.0,0.0,,0.0,normalDay
2020-01-15,4965.0,170.0,0.0,0,328.19,0.0,1,1.99,0.29,SPY200131P00312000,312.0,0,0.0,0.0,,0.0,normalDay
2020-01-16,4965.0,178.0,0.0,0,330.92,0.0,1,1.99,0.21,SPY200131P00312000,312.0,0,0.0,0.0,,0.0,normalDay
2020-01-17,4965.0,184.0,0.0,0,331.95,0.0,1,1.99,0.15,SPY200131P00312000,312.0,0,0.0,0.0,,0.0,normalDay
2020-01-21,4965.0,186.0,0.0,0,331.3,0.0,1,1.99,0.13,SPY200131P00312000,312.0,0,0.0,0.0,,0.0,normalDay
2020-01-22,4965.0,191.0,0.0,0,331.34,0.0,1,1.99,0.08,SPY200131P00312000,312.0,0,0.0,0.0,,0.0,normalDay
2020-01-23,4965.0,191.0,0.0,0,331.72,0.0,1,1.99,0.08,SPY200131P00312000,312.0,0,0.0,0.0,,0.0,normalDay
2020-01-24,4965.0,184.0,0.0,0,328.77,0.0,1,1.99,0.15,SPY200131P00312000,312.0,0,0.0,0.0,,0.0,normalDay
2020-01-27,4965.0,148.0,0.0,0,323.5,0.0,1,1.99,0.51,SPY200131P00312000,312.0,0,0.0,0.0,,0.0,normalDay
2020-01-28,4965.0,189.0,0.0,0,326.89,0.0,1,1.99,0.1,SPY200131P00312000,312.0,0,0.0,0.0,,0.0,normalDay
2020-01-29,4965.0,195.0,0.0,0,326.62,0.0,1,1.99,0.04,SPY200131P00312000,312.0,0,0.0,0.0,,0.0,normalDay
2020-01-30,4965.0,197.0,0.0,0,327.68,0.0,1,1.99,0.02,SPY200131P00312000,312.0,0,0.0,0.0,,0.0,normalDay
2020-01-31,5164.0,0.0,199.0,0,321.73,0.0,1,1.99,0.0,SPY200131P00312000,312.0,0,0.0,0.0,,0.0,expirationDay
2020-02-03,5164.0,-5.0,0.0,0,324.12,0.0,1,7.43,7.48,SPY200320P00324000,324.0,0,0.0,0.0,,0.0,normalDay
2020-02-04,5164.0,259.0,0.0,0,329.06,0.0,1,7.43,4.84,SPY200320P00324000,324.0,0,0.0,0.0,,0.0,normalDay
2020-02-05,5164.0,396.0,0.0,0,332.86,0.0,1,7.43,3.47,SPY200320P00324000,324.0,0,0.0,0.0,,0.0,normalDay
2020-02-06,5164.0,425.0,0.0,0,333.98,0.0,1,7.43,3.18,SPY200320P00324000,324.0,0,0.0,0.0,,0.0,normalDay
2020-02-07,5164.0,377.0,0.0,0,332.2,0.0,1,7.43,3.66,SPY200320P00324000,324.0,0,0.0,0.0,,0.0,normalDay
2020-02-10,5164.0,455.0,0.0,0,334.68,0.0,1,7.43,2.88,SPY200320P00324000,324.0,0,0.0,0.0,,0.0,normalDay
2020-02-11,5164.0,471.0,0.0,0,335.26,0.0,1,7.43,2.72,SPY200320P00324000,324.0,0,0.0,0.0,,0.0,normalDay
2020-02-12,5164.0,541.0,0.0,0,337.42,0.0,1,7.43,2.02,SPY200320P00324000,324.0,0,0.0,0.0,,0.0,normalDay
2020-02-13,5164.0,533.0,0.0,0,337.06,0.0,1,7.43,2.1,SPY200320P00324000,324.0,0,0.0,0.0,,0.0,normalDay
2020-02-14,5164.0,556.0,0.0,0,337.6,0.0,1,7.43,1.87,SPY200320P00324000,324.0,0,0.0,0.0,,0.0,normalDay
2020-02-18,5164.0,544.0,0.0,0,336.73,0.0,1,7.43,1.99,SPY200320P00324000,324.0,0,0.0,0.0,,0.0,normalDay
2020-02-19,5164.0,583.0,0.0,0,338.34,0.0,1,7.43,1.6,SPY200320P00324000,324.0,0,0.0,0.0,,0.0,normalDay
2020-02-20,5164.0,546.0,0.0,0,336.95,0.0,1,7.43,1.97,SPY200320P00324000,324.0,0,0.0,0.0,,0.0,normalDay
2020-02-21,5164.0,440.0,0.0,0,333.48,0.0,1,7.43,3.03,SPY200320P00324000,324.0,0,0.0,0.0,,0.0,normalDay
2020-02-24,5164.0,-127.0,0.0,0,322.42,0.0,1,7.43,8.7,SPY200320P00324000,324.0,0,0.0,0.0,,0.0,normalDay
2020-02-25,5164.0,-673.0,0.0,0,312.65,0.0,1,7.43,14.16,SPY200320P00324000,324.0,0,0.0,0.0,,0.0,normalDay
2020-02-26,5164.0,-841.0,0.0,0,311.5,0.0,1,7.43,15.84,SPY200320P00324000,324.0,0,0.0,0.0,,0.0,normalDay
2020-02-27,5164.0,-2110.0,0.0,0,297.51,0.0,1,7.43,28.53,SPY200320P00324000,324.0,0,0.0,0.0,,0.0,normalDay
2020-02-28,5164.0,-2121.0,0.0,0,296.26,0.0,1,7.43,28.64,SPY200320P00324000,324.0,0,0.0,0.0,,0.0,normalDay
2020-03-02,5164.0,-978.0,0.0,0,309.09,0.0,1,7.43,17.21,SPY200320P00324000,324.0,0,0.0,0.0,,0.0,normalDay
2020-03-03,5164.0,-1676.0,0.0,0,300.24,0.0,1,7.43,24.19,SPY200320P00324000,324.0,0,0.0,0.0,,0.0,normalDay
2020-03-04,5164.0,-740.0,0.0,0,312.86,0.0,1,7.43,14.83,SPY200320P00324000,324.0,0,0.0,0.0,,0.0,normalDay
2020-03-05,5164.0,-1649.0,0.0,0,302.46,0.0,1,7.43,23.92,SPY200320P00324000,324.0,0,0.0,0.0,,0.0,normalDay
2020-03-06,5164.0,-2158.0,0.0,0,297.46,0.0,1,7.43,29.01,SPY200320P00324000,324.0,0,0.0,0.0,,0.0,normalDay
2020-03-09,5164.0,-4465.0,0.0,0,274.23,0.0,1,7.43,52.08,SPY200320P00324000,324.0,0,0.0,0.0,,0.0,normalDay
2020-03-10,5164.0,-3049.0,0.0,0,288.42,0.0,1,7.43,37.92,SPY200320P00324000,324.0,0,0.0,0.0,,0.0,normalDay
2020-03-11,5164.0,-4419.0,0.0,0,274.36,0.0,1,7.43,51.62,SPY200320P00324000,324.0,0,0.0,0.0,,0.0,normalDay
2020-03-12,5164.0,-7005.0,0.0,0,248.11,0.0,1,7.43,77.48,SPY200320P00324000,324.0,0,0.0,0.0,,0.0,normalDay
2020-03-13,5164.0,-4827.0,0.0,0,269.32,0.0,1,7.43,55.7,SPY200320P00324000,324.0,0,0.0,0.0,,0.0,normalDay
2020-03-16,5164.0,-7619.0,0.0,0,239.85,0.0,1,7.43,83.62,SPY200320P00324000,324.0,0,0.0,0.0,,0.0,normalDay
2020-03-17,5164.0,-6674.0,0.0,0,252.8,0.0,1,7.43,74.17,SPY200320P00324000,324.0,0,0.0,0.0,,0.0,normalDay
2020-03-18,5164.0,-7785.0,0.0,0,240.0,0.0,1,7.43,85.28,SPY200320P00324000,324.0,0,0.0,0.0,,0.0,normalDay
2020-03-19,5164.0,-7786.0,0.0,0,240.51,0.0,1,7.43,85.29,SPY200320P00324000,324.0,0,0.0,0.0,,0.0,normalDay
2020-03-20,5907.0,-9520.0,743.0,100,228.8,324.0,1,7.43,0.0,SPY200320P00324000,324.0,0,0.0,0.0,,0.0,expirationDay
2020-03-23,5907.0,-10105.0,0.0,100,222.95,324.0,0,0.0,0.0,,0.0,0,0.0,0.0,,0.0,bidTooLow
2020-03-24,5907.0,-8085.0,0.0,100,243.15,324.0,0,0.0,0.0,,0.0,0,0.0,0.0,,0.0,bidTooLow
2020-03-25,5907.0,-7721.0,0.0,100,246.79,324.0,0,0.0,0.0,,0.0,0,0.0,0.0,,0.0,bidTooLow
2020-03-26,5907.0,-6280.0,0.0,100,261.2,324.0,0,0.0,0.0,,0.0,0,0.0,0.0,,0.0,bidTooLow
2020-03-27,5907.0,-7058.0,0.0,100,253.42,324.0,0,0.0,0.0,,0.0,0,0.0,0.0,,0.0,bidTooLow
2020-03-30,5907.0,-6235.0,0.0,100,261.65,324.0,0,0.0,0.0,,0.0,0,0.0,0.0,,0.0,bidTooLow
2020-03-31,5907.0,-6625.0,0.0,100,257.75,324.0,0,0.0,0.0,,0.0,0,0.0,0.0,,0.0,bidTooLow
2020-04-01,5907.0,-7785.0,0.0,100,246.15,324.0,0,0.0,0.0,,0.0,0,0.0,0.0,,0.0,bidTooLow
2020-04-02,5907.0,-7217.0,0.0,100,251.83,324.0,0,0.0,0.0,,0.0,0,0.0,0.0,,0.0,bidTooLow
2020-04-03,5907.0,-7581.0,0.0,100,248.19,324.0,0,0.0,0.0,,0.0,0,0.0,0.0,,0.0,bidTooLow
2020-04-06,5907.0,-5914.0,0.0,100,264.86,324.0,0,0.0,0.0,,0.0,0,0.0,0.0,,0.0,bidTooLow
2020-04-07,5907.0,-5890.0,0.0,100,265.13,324.0,0,0.0,0.0,,0.0,1,0.12,0.15,SPY200413C00289000,289.0,normalDay
2020-04-08,5907.0,-5017.0,0.0,100,274.03,324.0,0,0.0,0.0,,0.0,1,0.12,0.32,SPY200413C00289000,289.0,normalDay
2020-04-09,5907.0,-4608.0,0.0,100,278.2,324.0,0,0.0,0.0,,0.0,1,0.12,0.4,SPY200413C00289000,289.0,normalDay
2020-04-13,5919.0,-4834.0,12.0,100,275.66,324.0,0,0.0,0.0,,0.0,1,0.12,0.0,SPY200413C00289000,289.0,expirationDay
2020-04-14,5919.0,-4024.0,0.0,100,283.79,324.0,0,0.0,0.0,,0.0,1,0.2,0.23,SPY200420C00302000,302.0,normalDay
2020-04-15,5919.0,-4610.0,0.0,100,277.76,324.0,0,0.0,0.0,,0.0,1,0.2,0.06,SPY200420C00302000,302.0,normalDay
2020-04-16,5919.0,-4473.0,0.0,100,279.1,324.0,0,0.0,0.0,,0.0,1,0.2,0.03,SPY200420C00302000,302.0,normalDay
2020-04-17,5919.0,-3718.0,0.0,100,286.64,324.0,0,0.0,0.0,,0.0,1,0.2,0.02,SPY200420C00302000,302.0,normalDay
2020-04-20,5939.0,-4241.0,20.0,100,281.59,324.0,0,0.0,0.0,,0.0,1,0.2,0.0,SPY200420C00302000,302.0,expirationDay
2020-04-21,5939.0,-5096.0,0.0,100,273.04,324.0,0,0.0,0.0,,0.0,0,0.0,0.0,,0.0,bidTooLow
2020-04-22,5939.0,-4490.0,0.0,100,279.1,324.0,0,0.0,0.0,,0.0,0,0.0,0.0,,0.0,bidTooLow
2020-04-23,5939.0,-4495.0,0.0,100,279.08,324.0,0,0.0,0.0,,0.0,1,0.01,0.04,SPY200429C00305000,305.0,normalDay
2020-04-24,5939.0,-4105.0,0.0,100,282.97,324.0,0,0.0,0.0,,0.0,1,0.01,0.03,SPY200429C00305000,305.0,normalDay
2020-04-27,5939.0,-3695.0,0.0,100,287.05,324.0,0,0.0,0.0,,0.0,1,0.01,0.01,SPY200429C00305000,305.0,normalDay
2020-04-28,5939.0,-3827.0,0.0,100,285.73,324.0,0,0.0,0.0,,0.0,1,0.01,0.01,SPY200429C00305000,305.0,normalDay
2020-04-29,5940.0,-3079.0,1.0,100,293.21,324.0,0,0.0,0.0,,0.0,1,0.01,0.0,SPY200429C00305000,305.0,expirationDay
2020-04-30,5940.0,-3355.0,0.0,100,290.48,324.0,0,0.0,0.0,,0.0,1,0.03,0.06,SPY200506C00311000,311.0,normalDay
2020-05-01,5940.0,-4119.0,0.0,100,282.79,324.0,0,0.0,0.0,,0.0,1,0.03,0.01,SPY200506C00311000,311.0,normalDay
2020-05-04,5940.0,-4041.0,0.0,100,283.57,324.0,0,0.0,0.0,,0.0,1,0.03,0.01,SPY200506C00311000,311.0,normalDay
2020-05-05,5940.0,-3779.0,0.0,100,286.19,324.0,0,0.0,0.0,,0.0,1,0.03,0.01,SPY200506C00311000,311.0,normalDay
2020-05-06,5943.0,-3975.0,3.0,100,284.25,324.0,0,0.0,0.0,,0.0,1,0.03,0.0,SPY200506C00311000,311.0,expirationDay
2020-05-07,5943.0,-3636.0,0.0,100,287.68,324.0,0,0.0,0.0,,0.0,1,0.33,0.37,SPY200513C00298000,298.0,normalDay
2020-05-08,5943.0,-3192.0,0.0,100,292.44,324.0,0,0.0,0.0,,0.0,1,0.33,0.69,SPY200513C00298000,298.0,normalDay
2020-05-11,5943.0,-3141.0,0.0,100,292.5,324.0,0,0.0,0.0,,0.0,1,0.33,0.24,SPY200513C00298000,298.0,normalDay
2020-05-12,5943.0,-3701.0,0.0,100,286.67,324.0,0,0.0,0.0,,0.0,1,0.33,0.01,SPY200513C00298000,298.0,normalDay
2020-05-13,5976.0,-4240.0,33.0,100,281.6,324.0,0,0.0,0.0,,0.0,1,0.33,0.0,SPY200513C00298000,298.0,expirationDay
2020-05-14,5976.0,-3906.0,0.0,100,284.97,324.0,0,0.0,0.0,,0.0,1,0.08,0.11,SPY200520C00300000,300.0,normalDay
2020-05-15,5976.0,-3769.0,0.0,100,286.28,324.0,0,0.0,0.0,,0.0,1,0.08,0.05,SPY200520C00300000,300.0,normalDay
2020-05-18,5976.0,-2944.0,0.0,100,295.0,324.0,0,0.0,0.0,,0.0,1,0.08,0.52,SPY200520C00300000,300.0,normalDay
2020-05-19,5976.0,-3201.0,0.0,100,291.97,324.0,0,0.0,0.0,,0.0,1,0.08,0.06,SPY200520C00300000,300.0,normalDay
2020-05-20,5984.0,-2707.0,8.0,100,296.93,324.0,0,0.0,0.0,,0.0,1,0.08,0.0,SPY200520C00300000,300.0,expirationDay
2020-05-21,5984.0,-2915.0,0.0,100,294.88,324.0,0,0.0,0.0,,0.0,1,0.54,0.57,SPY200527C00302000,302.0,normalDay
2020-05-22,5984.0,-2836.0,0.0,100,295.44,324.0,0,0.0,0.0,,0.0,1,0.54,0.34,SPY200527C00302000,302.0,normalDay
2020-05-26,5984.0,-2479.0,0.0,100,299.08,324.0,0,0.0,0.0,,0.0,1,0.54,0.41,SPY200527C00302000,302.0,normalDay
2020-05-27,3838.0,-2479.0,-2146.0,0,303.53,0.0,0,0.0,0.0,,0.0,1,0.54,0.0,SPY200527C00302000,302.0,expirationDay
2020-05-28,3838.0,-5.0,0.0,0,302.97,0.0,1,5.69,5.74,SPY200717P00284000,284.0,0,0.0,0.0,,0.0,normalDay
2020-05-29,3838.0,54.0,0.0,0,304.32,0.0,1,5.69,5.15,SPY200717P00284000,284.0,0,0.0,0.0,,0.0,normalDay
2020-06-01,3838.0,59.0,0.0,0,305.55,0.0,1,5.69,5.1,SPY200717P00284000,284.0,0,0.0,0.0,,0.0,normalDay
2020-06-02,3838.0,146.0,0.0,0,308.08,0.0,1,5.69,4.23,SPY200717P00284000,284.0,0,0.0,0.0,,0.0,normalDay
2020-06-03,3838.0,243.0,0.0,0,312.18,0.0,1,5.69,3.26,SPY200717P00284000,284.0,0,0.0,0.0,,0.0,normalDay
2020-06-04,3838.0,243.0,0.0,0,311.36,0.0,1,5.69,3.26,SPY200717P00284000,284.0,0,0.0,0.0,,0.0,normalDay
2020-06-05,3838.0,353.0,0.0,0,319.34,0.0,1,5.69,2.16,SPY200717P00284000,284.0,0,0.0,0.0,,0.0,normalDay
2020-06-08,3838.0,375.0,0.0,0,323.2,0.0,1,5.69,1.94,SPY200717P00284000,284.0,0,0.0,0.0,,0.0,normalDay
2020-06-09,3838.0,340.0,0.0,0,320.79,0.0,1,5.69,2.29,SPY200717P00284000,284.0,0,0.0,0.0,,0.0,normalDay
2020-06-10,3838.0,315.0,0.0,0,319.0,0.0,1,5.69,2.54,SPY200717P00284000,284.0,0,0.0,0.0,,0.0,normalDay
2020-06-11,3838.0,-217.0,0.0,0,300.61,0.0,1,5.69,7.86,SPY200717P00284000,284.0,0,0.0,0.0,,0.0,normalDay
2020-06-12,3838.0,-40.0,0.0,0,304.21,0.0,1,5.69,6.09,SPY200717P00284000,284.0,0,0.0,0.0,,0.0,normalDay
2020-06-15,3838.0,94.0,0.0,0,307.05,0.0,1,5.69,4.75,SPY200717P00284000,284.0,0,0.0,0.0,,0.0,normalDay
2020-06-16,3838.0,193.0,0.0,0,312.96,0.0,1,5.69,3.76,SPY200717P00284000,284.0,0,0.0,0.0,,0.0,normalDay
2020-06-17,3838.0,208.0,0.0,0,311.66,0.0,1,5.69,3.61,SPY200717P00284000,284.0,0,0.0,0.0,,0.0,normalDay
2020-06-18,3838.0,238.0,0.0,0,311.78,0.0,1,5.69,3.31,SPY200717P00284000,284.0,0,0.0,0.0,,0.0,normalDay
2020-06-19,3838.0,177.0,0.0,0,308.64,0.0,1,5.69,3.92,SPY200717P00284000,284.0,0,0.0,0.0,,0.0,normalDay
2020-06-22,3838.0,312.0,0.0,0,310.62,0.0,1,5.69,2.57,SPY200717P00284000,284.0,0,0.0,0.0,,0.0,normalDay
2020-06-23,3838.0,338.0,0.0,0,312.05,0.0,1,5.69,2.31,SPY200717P00284000,284.0,0,0.0,0.0,,0.0,normalDay
2020-06-24,3838.0,225.0,0.0,0,304.09,0.0,1,5.69,3.44,SPY200717P00284000,284.0,0,0.0,0.0,,0.0,normalDay
2020-06-25,3838.0,325.0,0.0,0,307.35,0.0,1,5.69,2.44,SPY200717P00284000,284.0,0,0.0,0.0,,0.0,normalDay
2020-06-26,3838.0,198.0,0.0,0,300.05,0.0,1,5.69,3.71,SPY200717P00284000,284.0,0,0.0,0.0,,0.0,normalDay
2020-06-29,3838.0,340.0,0.0,0,304.46,0.0,1,5.69,2.29,SPY200717P00284000,284.0,0,0.0,0.0,,0.0,normalDay
2020-06-30,3838.0,414.0,0.0,0,308.36,0.0,1,5.69,1.55,SPY200717P00284000,284.0,0,0.0,0.0,,0.0,normalDay
2020-07-01,3838.0,465.0,0.0,0,310.52,0.0,1,5.69,1.04,SPY200717P00284000,284.0,0,0.0,0.0,,0.0,normalDay
2020-07-02,3838.0,497.0,0.0,0,312.23,0.0,1,5.69,0.72,SPY200717P00284000,284.0,0,0.0,0.0,,0.0,normalDay
2020-07-06,3838.0,529.0,0.0,0,317.05,0.0,1,5.69,0.4,SPY200717P00284000,284.0,0,0.0,0.0,,0.0,normalDay
2020-07-07,3838.0,522.0,0.0,0,313.78,0.0,1,5.69,0.47,SPY200717P00284000,284.0,0,0.0,0.0,,0.0,normalDay
2020-07-08,3838.0,545.0,0.0,0,316.18,0.0,1,5.69,0.24,SPY200717P00284000,284.0,0,0.0,0.0,,0.0,normalDay
2020-07-09,3838.0,544.0,0.0,0,314.38,0.0,1,5.69,0.25,SPY200717P00284000,284.0,0,0.0,0.0,,0.0,normalDay
2020-07-10,3838.0,560.0,0.0,0,317.59,0.0,1,5.69,0.09,SPY200717P00284000,284.0,0,0.0,0.0,,0.0,normalDay
2020-07-13,3838.0,555.0,0.0,0,314.84,0.0,1,5.69,0.14,SPY200717P00284000,284.0,0,0.0,0.0,,0.0,normalDay
2020-07-14,3838.0,564.0,0.0,0,318.92,0.0,1,5.69,0.05,SPY200717P00284000,284.0,0,0.0,0.0,,0.0,normalDay
2020-07-15,3838.0,567.0,0.0,0,321.85,0.0,1,5.69,0.02,SPY200717P00284000,284.0,0,0.0,0.0,,0.0,normalDay
2020-07-16,3838.0,568.0,0.0,0,320.79,0.0,1,5.69,0.01,SPY200717P00284000,284.0,0,0.0,0.0,,0.0,normalDay
2020-07-17,4407.0,0.0,569.0,0,321.72,0.0,1,5.69,0.0,SPY200717P00284000,284.0,0,0.0,0.0,,0.0,expirationDay
2020-07-20,4407.0,-5.0,0.0,0,324.32,0.0,1,3.89,3.94,SPY200828P00306000,306.0,0,0.0,0.0,,0.0,normalDay
2020-07-21,4407.0,0.0,0.0,0,325.01,0.0,1,3.89,3.89,SPY200828P00306000,306.0,0,0.0,0.0,,0.0,normalDay
2020-07-22,4407.0,44.0,0.0,0,326.86,0.0,1,3.89,3.45,SPY200828P00306000,306.0,0,0.0,0.0,,0.0,normalDay
2020-07-23,4407.0,-60.0,0.0,0,322.96,0.0,1,3.89,4.49,SPY200828P00306000,306.0,0,0.0,0.0,,0.0,normalDay
2020-07-24,4407.0,-57.0,0.0,0,320.88,0.0,1,3.89,4.46,SPY200828P00306000,306.0,0,0.0,0.0,,0.0,normalDay
2020-07-27,4407.0,41.0,0.0,0,323.22,0.0,1,3.89,3.48,SPY200828P00306000,306.0,0,0.0,0.0,,0.0,normalDay
2020-07-28,4407.0,-2.0,0.0,0,321.17,0.0,1,3.89,3.91,SPY200828P00306000,306.0,0,0.0,0.0,,0.0,normalDay
2020-07-29,4407.0,104.0,0.0,0,325.12,0.0,1,3.89,2.85,SPY200828P00306000,306.0,0,0.0,0.0,,0.0,normalDay
2020-07-30,4407.0,81.0,0.0,0,323.96,0.0,1,3.89,3.08,SPY200828P00306000,306.0,0,0.0,0.0,,0.0,normalDay
2020-07-31,4407.0,152.0,0.0,0,326.52,0.0,1,3.89,2.37,SPY200828P00306000,306.0,0,0.0,0.0,,0.0,normalDay
2020-08-03,4407.0,199.0,0.0,0,328.79,0.0,1,3.89,1.9,SPY200828P00306000,306.0,0,0.0,0.0,,0.0,normalDay
2020-08-04,4407.0,230.0,0.0,0,330.06,0.0,1,3.89,1.59,SPY200828P00306000,306.0,0,0.0,0.0,,0.0,normalDay
2020-08-05,4407.0,266.0,0.0,0,332.11,0.0,1,3.89,1.23,SPY200828P00306000,306.0,0,0.0,0.0,,0.0,normalDay
2020-08-06,4407.0,287.0,0.0,0,334.33,0.0,1,3.89,1.02,SPY200828P00306000,306.0,0,0.0,0.0,,0.0,normalDay
2020-08-07,4407.0,299.0,0.0,0,334.57,0.0,1,3.89,0.9,SPY200828P00306000,306.0,0,0.0,0.0,,0.0,normalDay
2020-08-10,4407.0,318.0,0.0,0,335.57,0.0,1,3.89,0.71,SPY200828P00306000,306.0,0,0.0,0.0,,0.0,normalDay
2020-08-11,4407.0,284.0,0.0,0,332.8,0.0,1,3.89,1.05,SPY200828P00306000,306.0,0,0.0,0.0,,0.0,normalDay
2020-08-12,4407.0,335.0,0.0,0,337.44,0.0,1,3.89,0.54,SPY200828P00306000,306.0,0,0.0,0.0,,0.0,normalDay
2020-08-13,4407.0,337.0,0.0,0,336.83,0.0,1,3.89,0.52,SPY200828P00306000,306.0,0,0.0,0.0,,0.0,normalDay
2020-08-14,4407.0,352.0,0.0,0,336.84,0.0,1,3.89,0.37,SPY200828P00306000,306.0,0,0.0,0.0,,0.0,normalDay
2020-08-17,4407.0,368.0,0.0,0,337.91,0.0,1,3.89,0.21,SPY200828P00306000,306.0,0,0.0,0.0,,0.0,normalDay
2020-08-18,4407.0,370.0,0.0,0,338.64,0.0,1,3.89,0.19,SPY200828P00306000,306.0,0,0.0,0.0,,0.0,normalDay
2020-08-19,4407.0,368.0,0.0,0,337.23,0.0,1,3.89,0.21,SPY200828P00306000,306.0,0,0.0,0.0,,0.0,normalDay
2020-08-20,4407.0,372.0,0.0,0,338.28,0.0,1,3.89,0.17,SPY200828P00306000,306.0,0,0.0,0.0,,0.0,normalDay
2020-08-21,4407.0,380.0,0.0,0,339.48,0.0,1,3.89,0.09,SPY200828P00306000,306.0,0,0.0,0.0,,0.0,normalDay
2020-08-24,4407.0,385.0,0.0,0,342.92,0.0,1,3.89,0.04,SPY200828P00306000,306.0,0,0.0,0.0,,0.0,normalDay
2020-08-25,4407.0,387.0,0.0,0,344.12,0.0,1,3.89,0.02,SPY200828P00306000,306.0,0,0.0,0.0,,0.0,normalDay
2020-08-26,4407.0,386.0,0.0,0,347.57,0.0,1,3.89,0.03,SPY200828P00306000,306.0,0,0.0,0.0,,0.0,normalDay
2020-08-27,4407.0,388.0,0.0,0,348.33,0.0,1,3.89,0.01,SPY200828P00306000,306.0,0,0.0,0.0,,0.0,normalDay
2020-08-28,4796.0,0.0,389.0,0,350.58,0.0,1,3.89,0.0,SPY200828P00306000,306.0,0,0.0,0.0,,0.0,expirationDay
2020-08-31,4796.0,-5.0,0.0,0,349.31,0.0,1,5.81,5.86,SPY201016P00333000,333.0,0,0.0,0.0,,0.0,normalDay
2020-09-01,4796.0,50.0,0.0,0,352.6,0.0,1,5.81,5.31,SPY201016P00333000,333.0,0,0.0,0.0,,0.0,normalDay
2020-09-02,4796.0,137.0,0.0,0,357.7,0.0,1,5.81,4.44,SPY201016P00333000,333.0,0,0.0,0.0,,0.0,normalDay
2020-09-03,4796.0,-241.0,0.0,0,345.39,0.0,1,5.81,8.22,SPY201016P00333000,333.0,0,0.0,0.0,,0.0,normalDay
2020-09-04,4796.0,-259.0,0.0,0,342.57,0.0,1,5.81,8.4,SPY201016P00333000,333.0,0,0.0,0.0,,0.0,normalDay
2020-09-08,4796.0,-544.0,0.0,0,333.21,0.0,1,5.81,11.25,SPY201016P00333000,333.0,0,0.0,0.0,,0.0,normalDay
2020-09-09,4796.0,-248.0,0.0,0,339.79,0.0,1,5.81,8.29,SPY201016P00333000,333.0,0,0.0,0.0,,0.0,normalDay
2020-09-10,4796.0,-453.0,0.0,0,333.89,0.0,1,5.81,10.34,SPY201016P00333000,333.0,0,0.0,0.0,,0.0,normalDay
2020-09-11,4796.0,-411.0,0.0,0,334.06,0.0,1,5.81,9.92,SPY201016P00333000,333.0,0,0.0,0.0,,0.0,normalDay
2020-09-14,4796.0,-126.0,0.0,0,338.46,0.0,1,5.81,7.07,SPY201016P00333000,333.0,0,0.0,0.0,,0.0,normalDay
2020-09-15,4796.0,-47.0,0.0,0,340.17,0.0,1,5.81,6.28,SPY201016P00333000,333.0,0,0.0,0.0,,0.0,normalDay
2020-09-16,4796.0,-95.0,0.0,0,338.82,0.0,1,5.81,6.76,SPY201016P00333000,333.0,0,0.0,0.0,,0.0,normalDay
2020-09-17,4796.0,-176.0,0.0,0,335.84,0.0,1,5.81,7.57,SPY201016P00333000,333.0,0,0.0,0.0,,0.0,normalDay
2020-09-18,4796.0,-322.0,0.0,0,330.65,0.0,1,5.81,9.03,SPY201016P00333000,333.0,0,0.0,0.0,,0.0,normalDay
2020-09-21,4796.0,-487.0,0.0,0,326.97,0.0,1,5.81,10.68,SPY201016P00333000,333.0,0,0.0,0.0,,0.0,normalDay
2020-09-22,4796.0,-315.0,0.0,0,330.3,0.0,1,5.81,8.96,SPY201016P00333000,333.0,0,0.0,0.0,,0.0,normalDay
2020-09-23,4796.0,-763.0,0.0,0,322.64,0.0,1,5.81,13.44,SPY201016P00333000,333.0,0,0.0,0.0,,0.0,normalDay
2020-09-24,4796.0,-667.0,0.0,0,323.5,0.0,1,5.81,12.48,SPY201016P00333000,333.0,0,0.0,0.0,,0.0,normalDay
2020-09-25,4796.0,-322.0,0.0,0,328.73,0.0,1,5.81,9.03,SPY201016P00333000,333.0,0,0.0,0.0,,0.0,normalDay
2020-09-28,4796.0,-34.0,0.0,0,334.19,0.0,1,5.81,6.15,SPY201016P00333000,333.0,0,0.0,0.0,,0.0,normalDay
2020-09-29,4796.0,-87.0,0.0,0,332.37,0.0,1,5.81,6.68,SPY201016P00333000,333.0,0,0.0,0.0,,0.0,normalDay
2020-09-30,4796.0,-44.0,0.0,0,334.89,0.0,1,5.81,6.25,SPY201016P00333000,333.0,0,0.0,0.0,,0.0,normalDay
2020-10-01,4796.0,102.0,0.0,0,337.04,0.0,1,5.81,4.79,SPY201016P00333000,333.0,0,0.0,0.0,,0.0,normalDay
2020-10-02,4796.0,2.0,0.0,0,333.84,0.0,1,5.81,5.79,SPY201016P00333000,333.0,0,0.0,0.0,,0.0,normalDay
2020-10-05,4796.0,277.0,0.0,0,339.76,0.0,1,5.81,3.04,SPY201016P00333000,333.0,0,0.0,0.0,,0.0,normalDay
2020-10-06,4796.0,142.0,0.0,0,334.93,0.0,1,5.81,4.39,SPY201016P00333000,333.0,0,0.0,0.0,,0.0,normalDay
2020-10-07,4796.0,375.0,0.0,0,340.76,0.0,1,5.81,2.06,SPY201016P00333000,333.0,0,0.0,0.0,,0.0,normalDay
2020-10-08,4796.0,480.0,0.0,0,343.78,0.0,1,5.81,1.01,SPY201016P00333000,333.0,0,0.0,0.0,,0.0,normalDay
2020-10-09,4796.0,540.0,0.0,0,346.85,0.0,1,5.81,0.41,SPY201016P00333000,333.0,0,0.0,0.0,,0.0,normalDay
2020-10-12,4796.0,566.0,0.0,0,352.43,0.0,1,5.81,0.15,SPY201016P00333000,333.0,0,0.0,0.0,,0.0,normalDay
2020-10-13,4796.0,569.0,0.0,0,350.13,0.0,1,5.81,0.12,SPY201016P00333000,333.0,0,0.0,0.0,,0.0,normalDay
2020-10-14,4796.0,570.0,0.0,0,347.93,0.0,1,5.81,0.11,SPY201016P00333000,333.0,0,0.0,0.0,,0.0,normalDay
2020-10-15,4796.0,577.0,0.0,0,347.5,0.0,1,5.81,0.04,SPY201016P00333000,333.0,0,0.0,0.0,,0.0,normalDay
2020-10-16,5377.0,0.0,581.0,0,347.29,0.0,1,5.81,0.0,SPY201016P00333000,333.0,0,0.0,0.0,,0.0,expirationDay
2020-10-19,5377.0,-9.0,0.0,0,342.01,0.0,1,6.95,7.04,SPY201127P00329000,329.0,0,0.0,0.0,,0.0,normalDay
2020-10-20,5377.0,9.0,0.0,0,343.38,0.0,1,6.95,6.86,SPY201127P00329000,329.0,0,0.0,0.0,,0.0,normalDay
2020-10-21,5377.0,55.0,0.0,0,342.73,0.0,1,6.95,6.4,SPY201127P00329000,329.0,0,0.0,0.0,,0.0,normalDay
2020-10-22,5377.0,112.0,0.0,0,344.61,0.0,1,6.95,5.83,SPY201127P00329000,329.0,0,0.0,0.0,,0.0,normalDay
2020-10-23,5377.0,154.0,0.0,0,345.78,0.0,1,6.95,5.41,SPY201127P00329000,329.0,0,0.0,0.0,,0.0,normalDay
2020-10-26,5377.0,-88.0,0.0,0,339.39,0.0,1,6.95,7.83,SPY201127P00329000,329.0,0,0.0,0.0,,0.0,normalDay
2020-10-27,5377.0,-117.0,0.0,0,338.22,0.0,1,6.95,8.12,SPY201127P00329000,329.0,0,0.0,0.0,,0.0,normalDay
2020-10-28,5377.0,-749.0,0.0,0,326.66,0.0,1,6.95,14.44,SPY201127P00329000,329.0,0,0.0,0.0,,0.0,normalDay
2020-10-29,5377.0,-444.0,0.0,0,329.98,0.0,1,6.95,11.39,SPY201127P00329000,329.0,0,0.0,0.0,,0.0,normalDay
2020-10-30,5377.0,-586.0,0.0,0,326.54,0.0,1,6.95,12.81,SPY201127P00329000,329.0,0,0.0,0.0,,0.0,normalDay
2020-11-02,5377.0,-355.0,0.0,0,330.2,0.0,1,6.95,10.5,SPY201127P00329000,329.0,0,0.0,0.0,,0.0,normalDay
2020-11-03,5377.0,-132.0,0.0,0,336.03,0.0,1,6.95,8.27,SPY201127P00329000,329.0,0,0.0,0.0,,0.0,normalDay
2020-11-04,5377.0,253.0,0.0,0,343.54,0.0,1,6.95,4.42,SPY201127P00329000,329.0,0,0.0,0.0,,0.0,normalDay
2020-11-05,5377.0,412.0,0.0,0,350.24,0.0,1,6.95,2.83,SPY201127P00329000,329.0,0,0.0,0.0,,0.0,normalDay
2020-11-06,5377.0,485.0,0.0,0,350.16,0.0,1,6.95,2.1,SPY201127P00329000,329.0,0,0.0,0.0,,0.0,normalDay
2020-11-09,5377.0,559.0,0.0,0,354.56,0.0,1,6.95,1.36,SPY201127P00329000,329.0,0,0.0,0.0,,0.0,normalDay
2020-11-10,5377.0,576.0,0.0,0,354.04,0.0,1,6.95,1.19,SPY201127P00329000,329.0,0,0.0,0.0,,0.0,normalDay
2020-11-11,5377.0,617.0,0.0,0,356.67,0.0,1,6.95,0.78,SPY201127P00329000,329.0,0,0.0,0.0,,0.0,normalDay
2020-11-12,5377.0,585.0,0.0,0,353.21,0.0,1,6.95,1.1,SPY201127P00329000,329.0,0,0.0,0.0,,0.0,normalDay
2020-11-13,5377.0,637.0,0.0,0,358.1,0.0,1,6.95,0.58,SPY201127P00329000,329.0,0,0.0,0.0,,0.0,normalDay
2020-11-16,5377.0,671.0,0.0,0,362.57,0.0,1,6.95,0.24,SPY201127P00329000,329.0,0,0.0,0.0,,0.0,normalDay
2020-11-17,5377.0,676.0,0.0,0,360.62,0.0,1,6.95,0.19,SPY201127P00329000,329.0,0,0.0,0.0,,0.0,normalDay
2020-11-18,5377.0,673.0,0.0,0,356.28,0.0,1,6.95,0.22,SPY201127P00329000,329.0,0,0.0,0.0,,0.0,normalDay
2020-11-19,5377.0,678.0,0.0,0,357.78,0.0,1,6.95,0.17,SPY201127P00329000,329.0,0,0.0,0.0,,0.0,normalDay
2020-11-20,5377.0,685.0,0.0,0,355.33,0.0,1,6.95,0.1,SPY201127P00329000,329.0,0,0.0,0.0,,0.0,normalDay
2020-11-23,5377.0,692.0,0.0,0,357.46,0.0,1,6.95,0.03,SPY201127P00329000,329.0,0,0.0,0.0,,0.0,normalDay
2020-11-24,5377.0,693.0,0.0,0,363.22,0.0,1,6.95,0.02,SPY201127P00329000,329.0,0,0.0,0.0,,0.0,normalDay
2020-11-25,5377.0,694.0,0.0,0,362.66,0.0,1,6.95,0.01,SPY201127P00329000,329.0,0,0.0,0.0,,0.0,normalDay
2020-11-27,6072.0,0.0,695.0,0,363.67,0.0,1,6.95,0.0,SPY201127P00329000,329.0,0,0.0,0.0,,0.0,expirationDay
2020-11-30,6072.0,-6.0,0.0,0,362.06,0.0,1,4.82,4.88,SPY210115P00345000,345.0,0,0.0,0.0,,0.0,normalDay
2020-12-01,6072.0,50.0,0.0,0,366.02,0.0,1,4.82,4.32,SPY210115P00345000,345.0,0,0.0,0.0,,0.0,normalDay
2020-12-02,6072.0,72.0,0.0,0,366.79,0.0,1,4.82,4.1,SPY210115P00345000,345.0,0,0.0,0.0,,0.0,normalDay
2020-12-03,6072.0,69.0,0.0,0,366.69,0.0,1,4.82,4.13,SPY210115P00345000,345.0,0,0.0,0.0,,0.0,normalDay
2020-12-04,6072.0,143.0,0.0,0,369.85,0.0,1,4.82,3.39,SPY210115P00345000,345.0,0,0.0,0.0,,0.0,normalDay
2020-12-07,6072.0,147.0,0.0,0,369.09,0.0,1,4.82,3.35,SPY210115P00345000,345.0,0,0.0,0.0,,0.0,normalDay
2020-12-08,6072.0,203.0,0.0,0,370.17,0.0,1,4.82,2.79,SPY210115P00345000,345.0,0,0.0,0.0,,0.0,normalDay
2020-12-09,6072.0,128.0,0.0,0,366.85,0.0,1,4.82,3.54,SPY210115P00345000,345.0,0,0.0,0.0,,0.0,normalDay
2020-12-10,6072.0,137.0,0.0,0,366.73,0.0,1,4.82,3.45,SPY210115P00345000,345.0,0,0.0,0.0,,0.0,normalDay
2020-12-11,6072.0,116.0,0.0,0,366.3,0.0,1,4.82,3.66,SPY210115P00345000,345.0,0,0.0,0.0,,0.0,normalDay
2020-12-14,6072.0,95.0,0.0,0,364.66,0.0,1,4.82,3.87,SPY210115P00345000,345.0,0,0.0,0.0,,0.0,normalDay
2020-12-15,6072.0,197.0,0.0,0,369.59,0.0,1,4.82,2.85,SPY210115P00345000,345.0,0,0.0,0.0,,0.0,normalDay
2020-12-16,6072.0,233.0,0.0,0,370.17,0.0,1,4.82,2.49,SPY210115P00345000,345.0,0,0.0,0.0,,0.0,normalDay
2020-12-17,6072.0,281.0,0.0,0,372.24,0.0,1,4.82,2.01,SPY210115P00345000,345.0,0,0.0,0.0,,0.0,normalDay
2020-12-18,6072.0,285.0,0.0,0,369.18,0.0,1,4.82,1.97,SPY210115P00345000,345.0,0,0.0,0.0,,0.0,normalDay
2020-12-21,6072.0,213.0,0.0,0,367.86,0.0,1,4.82,2.69,SPY210115P00345000,345.0,0,0.0,0.0,,0.0,normalDay
2020-12-22,6072.0,234.0,0.0,0,367.24,0.0,1,4.82,2.48,SPY210115P00345000,345.0,0,0.0,0.0,,0.0,normalDay
2020-12-23,6072.0,266.0,0.0,0,367.57,0.0,1,4.82,2.16,SPY210115P00345000,345.0,0,0.0,0.0,,0.0,normalDay
2020-12-24,6072.0,320.0,0.0,0,369.0,0.0,1,4.82,1.62,SPY210115P00345000,345.0,0,0.0,0.0,,0.0,normalDay
2020-12-28,6072.0,375.0,0.0,0,372.17,0.0,1,4.82,1.07,SPY210115P00345000,345.0,0,0.0,0.0,,0.0,normalDay
2020-12-29,6072.0,364.0,0.0,0,371.46,0.0,1,4.82,1.18,SPY210115P00345000,345.0,0,0.0,0.0,,0.0,normalDay
2020-12-30,6072.0,379.0,0.0,0,371.99,0.0,1,4.82,1.03,SPY210115P00345000,345.0,0,0.0,0.0,,0.0,normalDay
2020-12-31,6072.0,401.0,0.0,0,373.88,0.0,1,4.82,0.81,SPY210115P00345000,345.0,0,0.0,0.0,,0.0,normalDay
2021-01-04,6072.0,362.0,0.0,0,368.79,0.0,1,4.82,1.2,SPY210115P00345000,345.0,0,0.0,0.0,,0.0,normalDay
2021-01-05,6072.0,401.0,0.0,0,371.33,0.0,1,4.82,0.81,SPY210115P00345000,345.0,0,0.0,0.0,,0.0,normalDay
2021-01-06,6072.0,410.0,0.0,0,373.55,0.0,1,4.82,0.72,SPY210115P00345000,345.0,0,0.0,0.0,,0.0,normalDay
2021-01-07,6072.0,455.0,0.0,0,379.1,0.0,1,4.82,0.27,SPY210115P00345000,345.0,0,0.0,0.0,,0.0,normalDay
2021-01-08,6072.0,468.0,0.0,0,381.26,0.0,1,4.82,0.14,SPY210115P00345000,345.0,0,0.0,0.0,,0.0,normalDay
2021-01-11,6072.0,470.0,0.0,0,378.69,0.0,1,4.82,0.12,SPY210115P00345000,345.0,0,0.0,0.0,,0.0,normalDay
2021-01-12,6072.0,475.0,0.0,0,378.77,0.0,1,4.82,0.07,SPY210115P00345000,345.0,0,0.0,0.0,,0.0,normalDay
2021-01-13,6072.0,478.0,0.0,0,379.79,0.0,1,4.82,0.04,SPY210115P00345000,345.0,0,0.0,0.0,,0.0,normalDay
2021-01-14,6072.0,479.0,0.0,0,378.46,0.0,1,4.82,0.03,SPY210115P00345000,345.0,0,0.0,0.0,,0.0,normalDay
2021-01-15,6554.0,0.0,482.0,0,375.7,0.0,1,4.82,0.0,SPY210115P00345000,345.0,0,0.0,0.0,,0.0,expirationDay
2021-01-19,6554.0,-5.0,0.0,0,378.65,0.0,1,6.21,6.26,SPY210226P00369000,369.0,0,0.0,0.0,,0.0,normalDay
2021-01-20,6554.0,160.0,0.0,0,383.89,0.0,1,6.21,4.61,SPY210226P00369000,369.0,0,0.0,0.0,,0.0,normalDay
2021-01-21,6554.0,185.0,0.0,0,384.24,0.0,1,6.21,4.36,SPY210226P00369000,369.0,0,0.0,0.0,,0.0,normalDay
2021-01-22,6554.0,159.0,0.0,0,382.88,0.0,1,6.21,4.62,SPY210226P00369000,369.0,0,0.0,0.0,,0.0,normalDay
2021-01-25,6554.0,187.0,0.0,0,384.39,0.0,1,6.21,4.34,SPY210226P00369000,369.0,0,0.0,0.0,,0.0,normalDay
2021-01-26,6554.0,202.0,0.0,0,383.79,0.0,1,6.21,4.19,SPY210226P00369000,369.0,0,0.0,0.0,,0.0,normalDay
2021-01-27,6554.0,-333.0,0.0,0,374.41,0.0,1,6.21,9.54,SPY210226P00369000,369.0,0,0.0,0.0,,0.0,normalDay
2021-01-28,6554.0,-92.0,0.0,0,377.63,0.0,1,6.21,7.13,SPY210226P00369000,369.0,0,0.0,0.0,,0.0,normalDay
2021-01-29,6554.0,-488.0,0.0,0,370.07,0.0,1,6.21,11.09,SPY210226P00369000,369.0,0,0.0,0.0,,0.0,normalDay
2021-02-01,6554.0,-94.0,0.0,0,376.23,0.0,1,6.21,7.15,SPY210226P00369000,369.0,0,0.0,0.0,,0.0,normalDay
2021-02-02,6554.0,206.0,0.0,0,381.55,0.0,1,6.21,4.15,SPY210226P00369000,369.0,0,0.0,0.0,,0.0,normalDay
2021-02-03,6554.0,279.0,0.0,0,381.85,0.0,1,6.21,3.42,SPY210226P00369000,369.0,0,0.0,0.0,,0.0,normalDay
2021-02-04,6554.0,384.0,0.0,0,386.19,0.0,1,6.21,2.37,SPY210226P00369000,369.0,0,0.0,0.0,,0.0,normalDay
2021-02-05,6554.0,436.0,0.0,0,387.71,0.0,1,6.21,1.85,SPY210226P00369000,369.0,0,0.0,0.0,,0.0,normalDay
2021-02-08,6554.0,483.0,0.0,0,390.51,0.0,1,6.21,1.38,SPY210226P00369000,369.0,0,0.0,0.0,,0.0,normalDay
2021-02-09,6554.0,490.0,0.0,0,390.25,0.0,1,6.21,1.31,SPY210226P00369000,369.0,0,0.0,0.0,,0.0,normalDay
2021-02-10,6554.0,486.0,0.0,0,390.08,0.0,1,6.21,1.35,SPY210226P00369000,369.0,0,0.0,0.0,,0.0,normalDay
2021-02-11,6554.0,510.0,0.0,0,390.71,0.0,1,6.21,1.11,SPY210226P00369000,369.0,0,0.0,0.0,,0.0,normalDay
2021-02-12,6554.0,557.0,0.0,0,392.64,0.0,1,6.21,0.64,SPY210226P00369000,369.0,0,0.0,0.0,,0.0,normalDay
2021-02-16,6554.0,560.0,0.0,0,392.3,0.0,1,6.21,0.61,SPY210226P00369000,369.0,0,0.0,0.0,,0.0,normalDay
2021-02-17,6554.0,576.0,0.0,0,392.39,0.0,1,6.21,0.45,SPY210226P00369000,369.0,0,0.0,0.0,,0.0,normalDay
2021-02-18,6554.0,571.0,0.0,0,390.72,0.0,1,6.21,0.5,SPY210226P00369000,369.0,0,0.0,0.0,,0.0,normalDay
2021-02-19,6554.0,595.0,0.0,0,390.03,0.0,1,6.21,0.26,SPY210226P00369000,369.0,0,0.0,0.0,,0.0,normalDay
2021-02-22,6554.0,596.0,0.0,0,387.03,0.0,1,6.21,0.25,SPY210226P00369000,369.0,0,0.0,0.0,,0.0,normalDay
2021-02-23,6554.0,605.0,0.0,0,387.5,0.0,1,6.21,0.16,SPY210226P00369000,369.0,0,0.0,0.0,,0.0,normalDay
2021-02-24,6554.0,617.0,0.0,0,391.77,0.0,1,6.21,0.04,SPY210226P00369000,369.0,0,0.0,0.0,,0.0,normalDay
2021-02-25,6554.0,604.0,0.0,0,382.33,0.0,1,6.21,0.17,SPY210226P00369000,369.0,0,0.0,0.0,,0.0,normalDay
2021-02-26,7175.0,0.0,621.0,0,380.36,0.0,1,6.21,0.0,SPY210226P00369000,369.0,0,0.0,0.0,,0.0,expirationDay
2021-03-01,7175.0,-5.0,0.0,0,389.58,0.0,1,8.01,8.06,SPY210416P00382000,382.0,0,0.0,0.0,,0.0,normalDay
2021-03-02,7175.0,-134.0,0.0,0,386.54,0.0,1,8.01,9.35,SPY210416P00382000,382.0,0,0.0,0.0,,0.0,normalDay
2021-03-03,7175.0,-375.0,0.0,0,381.42,0.0,1,8.01,11.76,SPY210416P00382000,382.0,0,0.0,0.0,,0.0,normalDay
2021-03-04,7175.0,-625.0,0.0,0,376.7,0.0,1,8.01,14.26,SPY210416P00382000,382.0,0,0.0,0.0,,0.0,normalDay
2021-03-05,7175.0,-206.0,0.0,0,383.63,0.0,1,8.01,10.07,SPY210416P00382000,382.0,0,0.0,0.0,,0.0,normalDay
2021-03-08,7175.0,-273.0,0.0,0,381.72,0.0,1,8.01,10.74,SPY210416P00382000,382.0,0,0.0,0.0,,0.0,normalDay
2021-03-09,7175.0,-23.0,0.0,0,387.17,0.0,1,8.01,8.24,SPY210416P00382000,382.0,0,0.0,0.0,,0.0,normalDay
2021-03-10,7175.0,127.0,0.0,0,389.58,0.0,1,8.01,6.74,SPY210416P00382000,382.0,0,0.0,0.0,,0.0,normalDay
2021-03-11,7175.0,246.0,0.0,0,393.53,0.0,1,8.01,5.55,SPY210416P00382000,382.0,0,0.0,0.0,,0.0,normalDay
2021-03-12,7175.0,322.0,0.0,0,394.06,0.0,1,8.01,4.79,SPY210416P00382000,382.0,0,0.0,0.0,,0.0,normalDay
2021-03-15,7175.0,425.0,0.0,0,396.41,0.0,1,8.01,3.76,SPY210416P00382000,382.0,0,0.0,0.0,,0.0,normalDay
2021-03-16,7175.0,421.0,0.0,0,395.91,0.0,1,8.01,3.8,SPY210416P00382000,382.0,0,0.0,0.0,,0.0,normalDay
2021-03-17,7175.0,478.0,0.0,0,397.26,0.0,1,8.01,3.23,SPY210416P00382000,382.0,0,0.0,0.0,,0.0,normalDay
2021-03-18,7175.0,340.0,0.0,0,391.48,0.0,1,8.01,4.61,SPY210416P00382000,382.0,0,0.0,0.0,,0.0,normalDay
2021-03-19,7175.0,323.0,0.0,0,389.48,0.0,1,8.01,4.78,SPY210416P00382000,382.0,0,0.0,0.0,,0.0,normalDay
2021-03-22,7175.0,498.0,0.0,0,392.59,0.0,1,8.01,3.03,SPY210416P00382000,382.0,0,0.0,0.0,,0.0,normalDay
2021-03-23,7175.0,399.0,0.0,0,389.5,0.0,1,8.01,4.02,SPY210416P00382000,382.0,0,0.0,0.0,,0.0,normalDay
2021-03-24,7175.0,341.0,0.0,0,387.52,0.0,1,8.01,4.6,SPY210416P00382000,382.0,0,0.0,0.0,,0.0,normalDay
2021-03-25,7175.0,448.0,0.0,0,389.7,0.0,1,8.01,3.53,SPY210416P00382000,382.0,0,0.0,0.0,,0.0,normalDay
2021-03-26,7175.0,584.0,0.0,0,395.98,0.0,1,8.01,2.17,SPY210416P00382000,382.0,0,0.0,0.0,,0.0,normalDay
2021-03-29,7175.0,570.0,0.0,0,395.78,0.0,1,8.01,2.31,SPY210416P00382000,382.0,0,0.0,0.0,,0.0,normalDay
2021-03-30,7175.0,589.0,0.0,0,394.73,0.0,1,8.01,2.12,SPY210416P00382000,382.0,0,0.0,0.0,,0.0,normalDay
2021-03-31,7175.0,640.0,0.0,0,396.33,0.0,1,8.01,1.61,SPY210416P00382000,382.0,0,0.0,0.0,,0.0,normalDay
2021-04-01,7175.0,720.0,0.0,0,400.61,0.0,1,8.01,0.81,SPY210416P00382000,382.0,0,0.0,0.0,,0.0,normalDay
2021-04-05,7175.0,760.0,0.0,0,406.36,0.0,1,8.01,0.41,SPY210416P00382000,382.0,0,0.0,0.0,,0.0,normalDay
2021-04-06,7175.0,763.0,0.0,0,406.12,0.0,1,8.01,0.38,SPY210416P00382000,382.0,0,0.0,0.0,,0.0,normalDay
2021-04-07,7175.0,778.0,0.0,0,406.59,0.0,1,8.01,0.23,SPY210416P00382000,382.0,0,0.0,0.0,,0.0,normalDay
2021-04-08,7175.0,785.0,0.0,0,408.52,0.0,1,8.01,0.16,SPY210416P00382000,382.0,0,0.0,0.0,,0.0,normalDay
2021-04-09,7175.0,793.0,0.0,0,411.49,0.0,1,8.01,0.08,SPY210416P00382000,382.0,0,0.0,0.0,,0.0,normalDay
2021-04-12,7175.0,798.0,0.0,0,411.64,0.0,1,8.01,0.03,SPY210416P00382000,382.0,0,0.0,0.0,,0.0,normalDay
2021-04-13,7175.0,798.0,0.0,0,412.86,0.0,1,8.01,0.03,SPY210416P00382000,382.0,0,0.0,0.0,,0.0,normalDay
2021-04-14,7175.0,798.0,0.0,0,411.45,0.0,1,8.01,0.03,SPY210416P00382000,382.0,0,0.0,0.0,,0.0,normalDay
2021-04-15,7175.0,800.0,0.0,0,415.87,0.0,1,8.01,0.01,SPY210416P00382000,382.0,0,0.0,0.0,,0.0,normalDay
2021-04-16,7976.0,0.0,801.0,0,417.26,0.0,1,8.01,0.0,SPY210416P00382000,382.0,0,0.0,0.0,,0.0,expirationDay
2021-04-19,7976.0,-6.0,0.0,0,415.21,0.0,1,2.83,2.89,SPY210528P00392500,392.5,0,0.0,0.0,,0.0,normalDay
2021-04-20,7976.0,-85.0,0.0,0,412.17,0.0,1,2.83,3.68,SPY210528P00392500,392.5,0,0.0,0.0,,0.0,normalDay
2021-04-21,7976.0,15.0,0.0,0,416.07,0.0,1,2.83,2.68,SPY210528P00392500,392.5,0,0.0,0.0,,0.0,normalDay
2021-04-22,7976.0,-65.0,0.0,0,412.27,0.0,1,2.83,3.48,SPY210528P00392500,392.5,0,0.0,0.0,,0.0,normalDay
2021-04-23,7976.0,41.0,0.0,0,416.74,0.0,1,2.83,2.42,SPY210528P00392500,392.5,0,0.0,0.0,,0.0,normalDay
2021-04-26,7976.0,71.0,0.0,0,417.61,0.0,1,2.83,2.12,SPY210528P00392500,392.5,0,0.0,0.0,,0.0,normalDay
2021-04-27,7976.0,77.0,0.0,0,417.52,0.0,1,2.83,2.06,SPY210528P00392500,392.5,0,0.0,0.0,,0.0,normalDay
2021-04-28,7976.0,98.0,0.0,0,417.4,0.0,1,2.83,1.85,SPY210528P00392500,392.5,0,0.0,0.0,,0.0,normalDay
2021-04-29,7976.0,116.0,0.0,0,420.06,0.0,1,2.83,1.67,SPY210528P00392500,392.5,0,0.0,0.0,,0.0,normalDay
2021-04-30,7976.0,85.0,0.0,0,417.3,0.0,1,2.83,1.98,SPY210528P00392500,392.5,0,0.0,0.0,,0.0,normalDay
2021-05-03,7976.0,118.0,0.0,0,418.2,0.0,1,2.83,1.65,SPY210528P00392500,392.5,0,0.0,0.0,,0.0,normalDay
2021-05-04,7976.0,77.0,0.0,0,415.62,0.0,1,2.83,2.06,SPY210528P00392500,392.5,0,0.0,0.0,,0.0,normalDay
2021-05-05,7976.0,89.0,0.0,0,415.75,0.0,1,2.83,1.94,SPY210528P00392500,392.5,0,0.0,0.0,,0.0,normalDay
2021-05-06,7976.0,144.0,0.0,0,419.07,0.0,1,2.83,1.39,SPY210528P00392500,392.5,0,0.0,0.0,,0.0,normalDay
2021-05-07,7976.0,188.0,0.0,0,422.12,0.0,1,2.83,0.95,SPY210528P00392500,392.5,0,0.0,0.0,,0.0,normalDay
2021-05-10,7976.0,137.0,0.0,0,417.94,0.0,1,2.83,1.46,SPY210528P00392500,392.5,0,0.0,0.0,,0.0,normalDay
2021-05-11,7976.0,85.0,0.0,0,414.21,0.0,1,2.83,1.98,SPY210528P00392500,392.5,0,0.0,0.0,,0.0,normalDay
2021-05-12,7976.0,-161.0,0.0,0,405.41,0.0,1,2.83,4.44,SPY210528P00392500,392.5,0,0.0,0.0,,0.0,normalDay
2021-05-13,7976.0,33.0,0.0,0,410.28,0.0,1,2.83,2.5,SPY210528P00392500,392.5,0,0.0,0.0,,0.0,normalDay
2021-05-14,7976.0,187.0,0.0,0,416.58,0.0,1,2.83,0.96,SPY210528P00392500,392.5,0,0.0,0.0,,0.0,normalDay
2021-05-17,7976.0,203.0,0.0,0,415.52,0.0,1,2.83,0.8,SPY210528P00392500,392.5,0,0.0,0.0,,0.0,normalDay
2021-05-18,7976.0,168.0,0.0,0,411.94,0.0,1,2.83,1.15,SPY210528P00392500,392.5,0,0.0,0.0,,0.0,normalDay
2021-05-19,7976.0,173.0,0.0,0,410.86,0.0,1,2.83,1.1,SPY210528P00392500,392.5,0,0.0,0.0,,0.0,normalDay
2021-05-20,7976.0,231.0,0.0,0,415.28,0.0,1,2.83,0.52,SPY210528P00392500,392.5,0,0.0,0.0,,0.0,normalDay
2021-05-21,7976.0,252.0,0.0,0,414.94,0.0,1,2.83,0.31,SPY210528P00392500,392.5,0,0.0,0.0,,0.0,normalDay
2021-05-24,7976.0,276.0,0.0,0,419.17,0.0,1,2.83,0.07,SPY210528P00392500,392.5,0,0.0,0.0,,0.0,normalDay
2021-05-25,7976.0,275.0,0.0,0,418.24,0.0,1,2.83,0.08,SPY210528P00392500,392.5,0,0.0,0.0,,0.0,normalDay
2021-05-26,7976.0,280.0,0.0,0,419.07,0.0,1,2.83,0.03,SPY210528P00392500,392.5,0,0.0,0.0,,0.0,normalDay
2021-05-27,7976.0,281.0,0.0,0,419.29,0.0,1,2.83,0.02,SPY210528P00392500,392.5,0,0.0,0.0,,0.0,normalDay
2021-05-28,8259.0,0.0,283.0,0,420.04,0.0,1,2.83,0.0,SPY210528P00392500,392.5,0,0.0,0.0,,0.0,expirationDay
2021-06-01,8259.0,-5.0,0.0,0,419.67,0.0,1,6.18,6.23,SPY210716P00412000,412.0,0,0.0,0.0,,0.0,normalDay
2021-06-02,8259.0,41.0,0.0,0,420.33,0.0,1,6.18,5.77,SPY210716P00412000,412.0,0,0.0,0.0,,0.0,normalDay
2021-06-03,8259.0,-20.0,0.0,0,418.77,0.0,1,6.18,6.38,SPY210716P00412000,412.0,0,0.0,0.0,,0.0,normalDay
2021-06-04,8259.0,134.0,0.0,0,422.6,0.0,1,6.18,4.84,SPY210716P00412000,412.0,0,0.0,0.0,,0.0,normalDay
2021-06-07,8259.0,175.0,0.0,0,422.19,0.0,1,6.18,4.43,SPY210716P00412000,412.0,0,0.0,0.0,,0.0,normalDay
2021-06-08,8259.0,167.0,0.0,0,422.28,0.0,1,6.18,4.51,SPY210716P00412000,412.0,0,0.0,0.0,,0.0,normalDay
2021-06-09,8259.0,134.0,0.0,0,421.65,0.0,1,6.18,4.84,SPY210716P00412000,412.0,0,0.0,0.0,,0.0,normalDay
2021-06-10,8259.0,252.0,0.0,0,423.61,0.0,1,6.18,3.66,SPY210716P00412000,412.0,0,0.0,0.0,,0.0,normalDay
2021-06-11,8259.0,285.0,0.0,0,424.31,0.0,1,6.18,3.33,SPY210716P00412000,412.0,0,0.0,0.0,,0.0,normalDay
2021-06-14,8259.0,308.0,0.0,0,425.26,0.0,1,6.18,3.1,SPY210716P00412000,412.0,0,0.0,0.0,,0.0,normalDay
2021-06-15,8259.0,286.0,0.0,0,424.48,0.0,1,6.18,3.32,SPY210716P00412000,412.0,0,0.0,0.0,,0.0,normalDay
2021-06-16,8259.0,220.0,0.0,0,422.11,0.0,1,6.18,3.98,SPY210716P00412000,412.0,0,0.0,0.0,,0.0,normalDay
2021-06-17,8259.0,247.0,0.0,0,421.97,0.0,1,6.18,3.71,SPY210716P00412000,412.0,0,0.0,0.0,,0.0,normalDay
2021-06-18,8259.0,-10.0,0.0,0,414.92,0.0,1,6.18,6.28,SPY210716P00412000,412.0,0,0.0,0.0,,0.0,normalDay
2021-06-21,8259.0,286.0,0.0,0,420.86,0.0,1,6.18,3.32,SPY210716P00412000,412.0,0,0.0,0.0,,0.0,normalDay
2021-06-22,8259.0,364.0,0.0,0,423.11,0.0,1,6.18,2.54,SPY210716P00412000,412.0,0,0.0,0.0,,0.0,normalDay
2021-06-23,8259.0,379.0,0.0,0,422.6,0.0,1,6.18,2.39,SPY210716P00412000,412.0,0,0.0,0.0,,0.0,normalDay
2021-06-24,8259.0,434.0,0.0,0,425.1,0.0,1,6.18,1.84,SPY210716P00412000,412.0,0,0.0,0.0,,0.0,normalDay
2021-06-25,8259.0,477.0,0.0,0,426.61,0.0,1,6.18,1.41,SPY210716P00412000,412.0,0,0.0,0.0,,0.0,normalDay
2021-06-28,8259.0,501.0,0.0,0,427.47,0.0,1,6.18,1.17,SPY210716P00412000,412.0,0,0.0,0.0,,0.0,normalDay
2021-06-29,8259.0,506.0,0.0,0,427.7,0.0,1,6.18,1.12,SPY210716P00412000,412.0,0,0.0,0.0,,0.0,normalDay
2021-06-30,8259.0,525.0,0.0,0,428.06,0.0,1,6.18,0.93,SPY210716P00412000,412.0,0,0.0,0.0,,0.0,normalDay
2021-07-01,8259.0,540.0,0.0,0,430.43,0.0,1,6.18,0.78,SPY210716P00412000,412.0,0,0.0,0.0,,0.0,normalDay
2021-07-02,8259.0,569.0,0.0,0,433.72,0.0,1,6.18,0.49,SPY210716P00412000,412.0,0,0.0,0.0,,0.0,normalDay
2021-07-06,8259.0,570.0,0.0,0,432.93,0.0,1,6.18,0.48,SPY210716P00412000,412.0,0,0.0,0.0,,0.0,normalDay
2021-07-07,8259.0,585.0,0.0,0,434.46,0.0,1,6.18,0.33,SPY210716P00412000,412.0,0,0.0,0.0,,0.0,normalDay
2021-07-08,8259.0,546.0,0.0,0,430.92,0.0,1,6.18,0.72,SPY210716P00412000,412.0,0,0.0,0.0,,0.0,normalDay
2021-07-09,8259.0,598.0,0.0,0,435.52,0.0,1,6.18,0.2,SPY210716P00412000,412.0,0,0.0,0.0,,0.0,normalDay
2021-07-12,8259.0,610.0,0.0,0,437.08,0.0,1,6.18,0.08,SPY210716P00412000,412.0,0,0.0,0.0,,0.0,normalDay
2021-07-13,8259.0,607.0,0.0,0,435.59,0.0,1,6.18,0.11,SPY210716P00412000,412.0,0,0.0,0.0,,0.0,normalDay
2021-07-14,8259.0,614.0,0.0,0,436.24,0.0,1,6.18,0.04,SPY210716P00412000,412.0,0,0.0,0.0,,0.0,normalDay
2021-07-15,8259.0,615.0,0.0,0,434.75,0.0,1,6.18,0.03,SPY210716P00412000,412.0,0,0.0,0.0,,0.0,normalDay
2021-07-16,8877.0,0.0,618.0,0,431.34,0.0,1,6.18,0.0,SPY210716P00412000,412.0,0,0.0,0.0,,0.0,expirationDay
2021-07-19,8877.0,-12.0,0.0,0,424.97,0.0,1,9.34,9.46,SPY210827P00424000,424.0,0,0.0,0.0,,0.0,normalDay
2021-07-20,8877.0,276.0,0.0,0,431.06,0.0,1,9.34,6.58,SPY210827P00424000,424.0,0,0.0,0.0,,0.0,normalDay
2021-07-21,8877.0,439.0,0.0,0,434.55,0.0,1,9.34,4.95,SPY210827P00424000,424.0,0,0.0,0.0,,0.0,normalDay
2021-07-22,8877.0,469.0,0.0,0,435.46,0.0,1,9.34,4.65,SPY210827P00424000,424.0,0,0.0,0.0,,0.0,normalDay
2021-07-23,8877.0,570.0,0.0,0,439.94,0.0,1,9.34,3.64,SPY210827P00424000,424.0,0,0.0,0.0,,0.0,normalDay
2021-07-26,8877.0,611.0,0.0,0,441.02,0.0,1,9.34,3.23,SPY210827P00424000,424.0,0,0.0,0.0,,0.0,normalDay
2021-07-27,8877.0,532.0,0.0,0,439.01,0.0,1,9.34,4.02,SPY210827P00424000,424.0,0,0.0,0.0,,0.0,normalDay
2021-07-28,8877.0,576.0,0.0,0,438.83,0.0,1,9.34,3.58,SPY210827P00424000,424.0,0,0.0,0.0,,0.0,normalDay
2021-07-29,8877.0,643.0,0.0,0,440.65,0.0,1,9.34,2.91,SPY210827P00424000,424.0,0,0.0,0.0,,0.0,normalDay
2021-07-30,8877.0,617.0,0.0,0,438.51,0.0,1,9.34,3.17,SPY210827P00424000,424.0,0,0.0,0.0,,0.0,normalDay
2021-08-02,8877.0,591.0,0.0,0,437.59,0.0,1,9.34,3.43,SPY210827P00424000,424.0,0,0.0,0.0,,0.0,normalDay
2021-08-03,8877.0,695.0,0.0,0,441.15,0.0,1,9.34,2.39,SPY210827P00424000,424.0,0,0.0,0.0,,0.0,normalDay
2021-08-04,8877.0,682.0,0.0,0,438.98,0.0,1,9.34,2.52,SPY210827P00424000,424.0,0,0.0,0.0,,0.0,normalDay
2021-08-05,8877.0,739.0,0.0,0,441.76,0.0,1,9.34,1.95,SPY210827P00424000,424.0,0,0.0,0.0,,0.0,normalDay
2021-08-06,8877.0,785.0,0.0,0,442.49,0.0,1,9.34,1.49,SPY210827P00424000,424.0,0,0.0,0.0,,0.0,normalDay
2021-08-09,8877.0,799.0,0.0,0,442.13,0.0,1,9.34,1.35,SPY210827P00424000,424.0,0,0.0,0.0,,0.0,normalDay
2021-08-10,8877.0,802.0,0.0,0,442.68,0.0,1,9.34,1.32,SPY210827P00424000,424.0,0,0.0,0.0,,0.0,normalDay
2021-08-11,8877.0,838.0,0.0,0,443.78,0.0,1,9.34,0.96,SPY210827P00424000,424.0,0,0.0,0.0,,0.0,normalDay
2021-08-12,8877.0,863.0,0.0,0,445.11,0.0,1,9.34,0.71,SPY210827P00424000,424.0,0,0.0,0.0,,0.0,normalDay
2021-08-13,8877.0,879.0,0.0,0,445.92,0.0,1,9.34,0.55,SPY210827P00424000,424.0,0,0.0,0.0,,0.0,normalDay
2021-08-16,8877.0,890.0,0.0,0,446.97,0.0,1,9.34,0.44,SPY210827P00424000,424.0,0,0.0,0.0,,0.0,normalDay
2021-08-17,8877.0,855.0,0.0,0,444.04,0.0,1,9.34,0.79,SPY210827P00424000,424.0,0,0.0,0.0,,0.0,normalDay
2021-08-18,8877.0,765.0,0.0,0,439.18,0.0,1,9.34,1.69,SPY210827P00424000,424.0,0,0.0,0.0,,0.0,normalDay
2021-08-19,8877.0,800.0,0.0,0,439.86,0.0,1,9.34,1.34,SPY210827P00424000,424.0,0,0.0,0.0,,0.0,normalDay
2021-08-20,8877.0,903.0,0.0,0,443.36,0.0,1,9.34,0.31,SPY210827P00424000,424.0,0,0.0,0.0,,0.0,normalDay
2021-08-23,8877.0,925.0,0.0,0,447.26,0.0,1,9.34,0.09,SPY210827P00424000,424.0,0,0.0,0.0,,0.0,normalDay
2021-08-24,8877.0,927.0,0.0,0,447.97,0.0,1,9.34,0.07,SPY210827P00424000,424.0,0,0.0,0.0,,0.0,normalDay
2021-08-25,8877.0,930.0,0.0,0,448.91,0.0,1,9.34,0.04,SPY210827P00424000,424.0,0,0.0,0.0,,0.0,normalDay
2021-08-26,8877.0,929.0,0.0,0,446.26,0.0,1,9.34,0.05,SPY210827P00424000,424.0,0,0.0,0.0,,0.0,normalDay
2021-08-27,9811.0,0.0,934.0,0,450.25,0.0,1,9.34,0.0,SPY210827P00424000,424.0,0,0.0,0.0,,0.0,expirationDay
2021-08-30,9811.0,-3.0,0.0,0,452.23,0.0,1,5.25,5.28,SPY211015P00440000,440.0,0,0.0,0.0,,0.0,normalDay
2021-08-31,9811.0,-1.0,0.0,0,451.56,0.0,1,5.25,5.26,SPY211015P00440000,440.0,0,0.0,0.0,,0.0,normalDay
2021-09-01,9811.0,26.0,0.0,0,451.8,0.0,1,5.25,4.99,SPY211015P00440000,440.0,0,0.0,0.0,,0.0,normalDay
2021-09-02,9811.0,60.0,0.0,0,453.19,0.0,1,5.25,4.65,SPY211015P00440000,440.0,0,0.0,0.0,,0.0,normalDay
2021-09-03,9811.0,63.0,0.0,0,453.08,0.0,1,5.25,4.62,SPY211015P00440000,440.0,0,0.0,0.0,,0.0,normalDay
2021-09-07,9811.0,18.0,0.0,0,451.46,0.0,1,5.25,5.07,SPY211015P00440000,440.0,0,0.0,0.0,,0.0,normalDay
2021-09-08,9811.0,16.0,0.0,0,450.91,0.0,1,5.25,5.09,SPY211015P00440000,440.0,0,0.0,0.0,,0.0,normalDay
2021-09-09,9811.0,-62.0,0.0,0,448.98,0.0,1,5.25,5.87,SPY211015P00440000,440.0,0,0.0,0.0,,0.0,normalDay
2021-09-10,9811.0,-182.0,0.0,0,445.44,0.0,1,5.25,7.07,SPY211015P00440000,440.0,0,0.0,0.0,,0.0,normalDay
2021-09-13,9811.0,-69.0,0.0,0,446.58,0.0,1,5.25,5.94,SPY211015P00440000,440.0,0,0.0,0.0,,0.0,normalDay
2021-09-14,9811.0,-150.0,0.0,0,444.17,0.0,1,5.25,6.75,SPY211015P00440000,440.0,0,0.0,0.0,,0.0,normalDay
2021-09-15,9811.0,24.0,0.0,0,447.88,0.0,1,5.25,5.01,SPY211015P00440000,440.0,0,0.0,0.0,,0.0,normalDay
2021-09-16,9811.0,-5.0,0.0,0,447.17,0.0,1,5.25,5.3,SPY211015P00440000,440.0,0,0.0,0.0,,0.0,normalDay
2021-09-17,9811.0,-194.0,0.0,0,441.4,0.0,1,5.25,7.19,SPY211015P00440000,440.0,0,0.0,0.0,,0.0,normalDay
2021-09-20,9811.0,-622.0,0.0,0,434.04,0.0,1,5.25,11.47,SPY211015P00440000,440.0,0,0.0,0.0,,0.0,normalDay
2021-09-21,9811.0,-611.0,0.0,0,433.63,0.0,1,5.25,11.36,SPY211015P00440000,440.0,0,0.0,0.0,,0.0,normalDay
2021-09-22,9811.0,-264.0,0.0,0,437.86,0.0,1,5.25,7.89,SPY211015P00440000,440.0,0,0.0,0.0,,0.0,normalDay
2021-09-23,9811.0,21.0,0.0,0,443.18,0.0,1,5.25,5.04,SPY211015P00440000,440.0,0,0.0,0.0,,0.0,normalDay
2021-09-24,9811.0,91.0,0.0,0,443.91,0.0,1,5.25,4.34,SPY211015P00440000,440.0,0,0.0,0.0,,0.0,normalDay
2021-09-27,9811.0,60.0,0.0,0,442.64,0.0,1,5.25,4.65,SPY211015P00440000,440.0,0,0.0,0.0,,0.0,normalDay
2021-09-28,9811.0,-439.0,0.0,0,433.72,0.0,1,5.25,9.64,SPY211015P00440000,440.0,0,0.0,0.0,,0.0,normalDay
2021-09-29,9811.0,-367.0,0.0,0,434.45,0.0,1,5.25,8.92,SPY211015P00440000,440.0,0,0.0,0.0,,0.0,normalDay
2021-09-30,9811.0,-685.0,0.0,0,429.14,0.0,1,5.25,12.1,SPY211015P00440000,440.0,0,0.0,0.0,,0.0,normalDay
2021-10-01,9811.0,-320.0,0.0,0,434.24,0.0,1,5.25,8.45,SPY211015P00440000,440.0,0,0.0,0.0,,0.0,normalDay
2021-10-04,9811.0,-717.0,0.0,0,428.64,0.0,1,5.25,12.42,SPY211015P00440000,440.0,0,0.0,0.0,,0.0,normalDay
2021-10-05,9811.0,-347.0,0.0,0,433.1,0.0,1,5.25,8.72,SPY211015P00440000,440.0,0,0.0,0.0,,0.0,normalDay
2021-10-06,9811.0,-228.0,0.0,0,434.9,0.0,1,5.25,7.53,SPY211015P00440000,440.0,0,0.0,0.0,,0.0,normalDay
2021-10-07,9811.0,66.0,0.0,0,438.66,0.0,1,5.25,4.59,SPY211015P00440000,440.0,0,0.0,0.0,,0.0,normalDay
2021-10-08,9811.0,42.0,0.0,0,437.86,0.0,1,5.25,4.83,SPY211015P00440000,440.0,0,0.0,0.0,,0.0,normalDay
2021-10-11,9811.0,-132.0,0.0,0,434.69,0.0,1,5.25,6.57,SPY211015P00440000,440.0,0,0.0,0.0,,0.0,normalDay
2021-10-12,9811.0,-243.0,0.0,0,433.62,0.0,1,5.25,7.68,SPY211015P00440000,440.0,0,0.0,0.0,,0.0,normalDay
2021-10-13,9811.0,1.0,0.0,0,435.18,0.0,1,5.25,5.24,SPY211015P00440000,440.0,0,0.0,0.0,,0.0,normalDay
2021-10-14,9811.0,472.0,0.0,0,442.5,0.0,1,5.25,0.53,SPY211015P00440000,440.0,0,0.0,0.0,,0.0,normalDay
2021-10-15,10336.0,0.0,525.0,0,445.87,0.0,1,5.25,0.0,SPY211015P00440000,440.0,0,0.0,0.0,,0.0,expirationDay
2021-10-18,10336.0,-4.0,0.0,0,447.19,0.0,1,3.73,3.77,SPY211126P00431000,431.0,0,0.0,0.0,,0.0,normalDay
2021-10-19,10336.0,75.0,0.0,0,450.64,0.0,1,3.73,2.98,SPY211126P00431000,431.0,0,0.0,0.0,,0.0,normalDay
2021-10-20,10336.0,99.0,0.0,0,452.41,0.0,1,3.73,2.74,SPY211126P00431000,431.0,0,0.0,0.0,,0.0,normalDay
2021-10-21,10336.0,134.0,0.0,0,453.59,0.0,1,3.73,2.39,SPY211126P00431000,431.0,0,0.0,0.0,,0.0,normalDay
2021-10-22,10336.0,118.0,0.0,0,453.12,0.0,1,3.73,2.55,SPY211126P00431000,431.0,0,0.0,0.0,,0.0,normalDay
2021-10-25,10336.0,169.0,0.0,0,455.55,0.0,1,3.73,2.04,SPY211126P00431000,431.0,0,0.0,0.0,,0.0,normalDay
2021-10-26,10336.0,169.0,0.0,0,455.96,0.0,1,3.73,2.04,SPY211126P00431000,431.0,0,0.0,0.0,,0.0,normalDay
2021-10-27,10336.0,129.0,0.0,0,453.94,0.0,1,3.73,2.44,SPY211126P00431000,431.0,0,0.0,0.0,,0.0,normalDay
2021-10-28,10336.0,189.0,0.0,0,458.32,0.0,1,3.73,1.84,SPY211126P00431000,431.0,0,0.0,0.0,,0.0,normalDay
2021-10-29,10336.0,211.0,0.0,0,459.25,0.0,1,3.73,1.62,SPY211126P00431000,431.0,0,0.0,0.0,,0.0,normalDay
2021-11-01,10336.0,241.0,0.0,0,460.04,0.0,1,3.73,1.32,SPY211126P00431000,431.0,0,0.0,0.0,,0.0,normalDay
2021-11-02,10336.0,262.0,0.0,0,461.9,0.0,1,3.73,1.11,SPY211126P00431000,431.0,0,0.0,0.0,,0.0,normalDay
2021-11-03,10336.0,298.0,0.0,0,464.72,0.0,1,3.73,0.75,SPY211126P00431000,431.0,0,0.0,0.0,,0.0,normalDay
2021-11-04,10336.0,305.0,0.0,0,466.91,0.0,1,3.73,0.68,SPY211126P00431000,431.0,0,0.0,0.0,,0.0,normalDay
2021-11-05,10336.0,305.0,0.0,0,468.53,0.0,1,3.73,0.68,SPY211126P00431000,431.0,0,0.0,0.0,,0.0,normalDay
2021-11-08,10336.0,311.0,0.0,0,468.93,0.0,1,3.73,0.62,SPY211126P00431000,431.0,0,0.0,0.0,,0.0,normalDay
2021-11-09,10336.0,309.0,0.0,0,467.38,0.0,1,3.73,0.64,SPY211126P00431000,431.0,0,0.0,0.0,,0.0,normalDay
2021-11-10,10336.0,299.0,0.0,0,463.62,0.0,1,3.73,0.74,SPY211126P00431000,431.0,0,0.0,0.0,,0.0,normalDay
2021-11-11,10336.0,324.0,0.0,0,463.77,0.0,1,3.73,0.49,SPY211126P00431000,431.0,0,0.0,0.0,,0.0,normalDay
2021-11-12,10336.0,346.0,0.0,0,467.27,0.0,1,3.73,0.27,SPY211126P00431000,431.0,0,0.0,0.0,,0.0,normalDay
2021-11-15,10336.0,356.0,0.0,0,467.43,0.0,1,3.73,0.17,SPY211126P00431000,431.0,0,0.0,0.0,,0.0,normalDay
2021-11-16,10336.0,359.0,0.0,0,469.28,0.0,1,3.73,0.14,SPY211126P00431000,431.0,0,0.0,0.0,,0.0,normalDay
2021-11-17,10336.0,362.0,0.0,0,468.14,0.0,1,3.73,0.11,SPY211126P00431000,431.0,0,0.0,0.0,,0.0,normalDay
2021-11-18,10336.0,364.0,0.0,0,469.73,0.0,1,3.73,0.09,SPY211126P00431000,431.0,0,0.0,0.0,,0.0,normalDay
2021-11-19,10336.0,366.0,0.0,0,468.89,0.0,1,3.73,0.07,SPY211126P00431000,431.0,0,0.0,0.0,,0.0,normalDay
2021-11-22,10336.0,368.0,0.0,0,467.57,0.0,1,3.73,0.05,SPY211126P00431000,431.0,0,0.0,0.0,,0.0,normalDay
2021-11-23,10336.0,370.0,0.0,0,468.19,0.0,1,3.73,0.03,SPY211126P00431000,431.0,0,0.0,0.0,,0.0,normalDay
2021-11-24,10336.0,371.0,0.0,0,469.44,0.0,1,3.73,0.02,SPY211126P00431000,431.0,0,0.0,0.0,,0.0,normalDay
2021-11-26,10709.0,0.0,373.0,0,458.97,0.0,1,3.73,0.0,SPY211126P00431000,431.0,0,0.0,0.0,,0.0,expirationDay
2021-11-29,10709.0,-6.0,0.0,0,464.6,0.0,1,12.03,12.09,SPY220121P00463000,463.0,0,0.0,0.0,,0.0,normalDay
2021-11-30,10709.0,-475.0,0.0,0,455.56,0.0,1,12.03,16.78,SPY220121P00463000,463.0,0,0.0,0.0,,0.0,normalDay
2021-12-01,10709.0,-993.0,0.0,0,450.5,0.0,1,12.03,21.96,SPY220121P00463000,463.0,0,0.0,0.0,,0.0,normalDay
2021-12-02,10709.0,-471.0,0.0,0,457.4,0.0,1,12.03,16.74,SPY220121P00463000,463.0,0,0.0,0.0,,0.0,normalDay
2021-12-03,10709.0,-730.0,0.0,0,453.42,0.0,1,12.03,19.33,SPY220121P00463000,463.0,0,0.0,0.0,,0.0,normalDay
2021-12-06,10709.0,-346.0,0.0,0,458.79,0.0,1,12.03,15.49,SPY220121P00463000,463.0,0,0.0,0.0,,0.0,normalDay
2021-12-07,10709.0,239.0,0.0,0,468.28,0.0,1,12.03,9.64,SPY220121P00463000,463.0,0,0.0,0.0,,0.0,normalDay
2021-12-08,10709.0,353.0,0.0,0,469.52,0.0,1,12.03,8.5,SPY220121P00463000,463.0,0,0.0,0.0,,0.0,normalDay
2021-12-09,10709.0,216.0,0.0,0,466.35,0.0,1,12.03,9.87,SPY220121P00463000,463.0,0,0.0,0.0,,0.0,normalDay
2021-12-10,10709.0,469.0,0.0,0,470.74,0.0,1,12.03,7.34,SPY220121P00463000,463.0,0,0.0,0.0,,0.0,normalDay
2021-12-13,10709.0,291.0,0.0,0,466.57,0.0,1,12.03,9.12,SPY220121P00463000,463.0,0,0.0,0.0,,0.0,normalDay
2021-12-14,10709.0,121.0,0.0,0,463.36,0.0,1,12.03,10.82,SPY220121P00463000,463.0,0,0.0,0.0,,0.0,normalDay
2021-12-15,10709.0,509.0,0.0,0,470.6,0.0,1,12.03,6.94,SPY220121P00463000,463.0,0,0.0,0.0,,0.0,normalDay
2021-12-16,10709.0,353.0,0.0,0,466.45,0.0,1,12.03,8.5,SPY220121P00463000,463.0,0,0.0,0.0,,0.0,normalDay
2021-12-17,10709.0,110.0,0.0,0,459.87,0.0,1,12.03,10.93,SPY220121P00463000,463.0,0,0.0,0.0,,0.0,normalDay
2021-12-20,10709.0,-152.0,0.0,0,454.98,0.0,1,12.03,13.55,SPY220121P00463000,463.0,0,0.0,0.0,,0.0,normalDay
2021-12-21,10709.0,292.0,0.0,0,463.06,0.0,1,12.03,9.11,SPY220121P00463000,463.0,0,0.0,0.0,,0.0,normalDay
2021-12-22,10709.0,573.0,0.0,0,467.69,0.0,1,12.03,6.3,SPY220121P00463000,463.0,0,0.0,0.0,,0.0,normalDay
2021-12-23,10709.0,716.0,0.0,0,470.6,0.0,1,12.03,4.87,SPY220121P00463000,463.0,0,0.0,0.0,,0.0,normalDay
2021-12-27,10709.0,914.0,0.0,0,477.26,0.0,1,12.03,2.89,SPY220121P00463000,463.0,0,0.0,0.0,,0.0,normalDay
2021-12-28,10709.0,936.0,0.0,0,476.87,0.0,1,12.03,2.67,SPY220121P00463000,463.0,0,0.0,0.0,,0.0,normalDay
2021-12-29,10709.0,974.0,0.0,0,477.48,0.0,1,12.03,2.29,SPY220121P00463000,463.0,0,0.0,0.0,,0.0,normalDay
2021-12-30,10709.0,944.0,0.0,0,476.16,0.0,1,12.03,2.59,SPY220121P00463000,463.0,0,0.0,0.0,,0.0,normalDay
2021-12-31,10709.0,950.0,0.0,0,474.96,0.0,1,12.03,2.53,SPY220121P00463000,463.0,0,0.0,0.0,,0.0,normalDay
2022-01-03,10709.0,1035.0,0.0,0,477.71,0.0,1,12.03,1.68,SPY220121P00463000,463.0,0,0.0,0.0,,0.0,normalDay
2022-01-04,10709.0,1034.0,0.0,0,477.55,0.0,1,12.03,1.69,SPY220121P00463000,463.0,0,0.0,0.0,,0.0,normalDay
2022-01-05,10709.0,773.0,0.0,0,468.38,0.0,1,12.03,4.3,SPY220121P00463000,463.0,0,0.0,0.0,,0.0,normalDay
2022-01-06,10709.0,792.0,0.0,0,467.94,0.0,1,12.03,4.11,SPY220121P00463000,463.0,0,0.0,0.0,,0.0,normalDay
2022-01-07,10709.0,816.0,0.0,0,466.09,0.0,1,12.03,3.87,SPY220121P00463000,463.0,0,0.0,0.0,,0.0,normalDay
2022-01-10,10709.0,795.0,0.0,0,465.51,0.0,1,12.03,4.08,SPY220121P00463000,463.0,0,0.0,0.0,,0.0,normalDay
2022-01-11,10709.0,955.0,0.0,0,469.75,0.0,1,12.03,2.48,SPY220121P00463000,463.0,0,0.0,0.0,,0.0,normalDay
2022-01-12,10709.0,1036.0,0.0,0,471.02,0.0,1,12.03,1.67,SPY220121P00463000,463.0,0,0.0,0.0,,0.0,normalDay
2022-01-13,10709.0,793.0,0.0,0,464.53,0.0,1,12.03,4.1,SPY220121P00463000,463.0,0,0.0,0.0,,0.0,normalDay
2022-01-14,10709.0,883.0,0.0,0,464.72,0.0,1,12.03,3.2,SPY220121P00463000,463.0,0,0.0,0.0,,0.0,normalDay
2022-01-18,10709.0,404.0,0.0,0,456.49,0.0,1,12.03,7.99,SPY220121P00463000,463.0,0,0.0,0.0,,0.0,normalDay
2022-01-19,10709.0,82.0,0.0,0,451.75,0.0,1,12.03,11.21,SPY220121P00463000,463.0,0,0.0,0.0,,0.0,normalDay
2022-01-20,10709.0,-486.0,0.0,0,446.75,0.0,1,12.03,16.89,SPY220121P00463000,463.0,0,0.0,0.0,,0.0,normalDay
2022-01-21,11912.0,-2502.0,1203.0,100,437.98,463.0,1,12.03,0.0,SPY220121P00463000,463.0,0,0.0,0.0,,0.0,expirationDay
2022-01-24,11912.0,-2316.0,0.0,100,439.84,463.0,0,0.0,0.0,,0.0,0,0.0,0.0,,0.0,bidTooLow
2022-01-25,11912.0,-2853.0,0.0,100,434.47,463.0,0,0.0,0.0,,0.0,0,0.0,0.0,,0.0,bidTooLow
2022-01-26,11912.0,-2962.0,0.0,100,433.38,463.0,0,0.0,0.0,,0.0,0,0.0,0.0,,0.0,bidTooLow
2022-01-27,11912.0,-3176.0,0.0,100,431.24,463.0,0,0.0,0.0,,0.0,0,0.0,0.0,,0.0,bidTooLow
2022-01-28,11912.0,-2105.0,0.0,100,441.95,463.0,0,0.0,0.0,,0.0,0,0.0,0.0,,0.0,bidTooLow
2022-01-31,11912.0,-1309.0,0.0,100,449.91,463.0,0,0.0,0.0,,0.0,0,0.0,0.0,,0.0,bidTooLow
2022-02-01,11912.0,-1005.0,0.0,100,452.95,463.0,0,0.0,0.0,,0.0,0,0.0,0.0,,0.0,bidTooLow
2022-02-02,11912.0,-565.0,0.0,100,457.35,463.0,0,0.0,0.0,,0.0,0,0.0,0.0,,0.0,bidTooLow
2022-02-03,11912.0,-1640.0,0.0,100,446.6,463.0,0,0.0,0.0,,0.0,0,0.0,0.0,,0.0,bidTooLow
2022-02-04,11912.0,-1430.0,0.0,100,448.7,463.0,0,0.0,0.0,,0.0,0,0.0,0.0,,0.0,bidTooLow
2022-02-07,11912.0,-1574.0,0.0,100,447.26,463.0,0,0.0,0.0,,0.0,0,0.0,0.0,,0.0,bidTooLow
2022-02-08,11912.0,-1206.0,0.0,100,450.94,463.0,0,0.0,0.0,,0.0,0,0.0,0.0,,0.0,bidTooLow
2022-02-09,11912.0,-546.0,0.0,100,457.54,463.0,0,0.0,0.0,,0.0,0,0.0,0.0,,0.0,bidTooLow
2022-02-10,11912.0,-1368.0,0.0,100,449.32,463.0,0,0.0,0.0,,0.0,0,0.0,0.0,,0.0,bidTooLow
2022-02-11,11912.0,-2254.0,0.0,100,440.46,463.0,0,0.0,0.0,,0.0,0,0.0,0.0,,0.0,bidTooLow
2022-02-14,11912.0,-2398.0,0.0,100,439.02,463.0,0,0.0,0.0,,0.0,0,0.0,0.0,,0.0,bidTooLow
2022-02-15,11912.0,-1693.0,0.0,100,446.1,463.0,0,0.0,0.0,,0.0,1,0.01,0.04,SPY220218C00467000,467.0,normalDay
2022-02-16,11912.0,-1641.0,0.0,100,446.6,463.0,0,0.0,0.0,,0.0,1,0.01,0.02,SPY220218C00467000,467.0,normalDay
2022-02-17,11912.0,-2594.0,0.0,100,437.06,463.0,0,0.0,0.0,,0.0,1,0.01,0.01,SPY220218C00467000,467.0,normalDay
2022-02-18,11913.0,-2877.0,1.0,100,434.23,463.0,0,0.0,0.0,,0.0,1,0.01,0.0,SPY220218C00467000,467.0,expirationDay
2022-02-22,11913.0,-3343.0,0.0,100,429.57,463.0,0,0.0,0.0,,0.0,0,0.0,0.0,,0.0,bidTooLow
2022-02-23,11913.0,-4105.0,0.0,100,421.95,463.0,0,0.0,0.0,,0.0,0,0.0,0.0,,0.0,bidTooLow
2022-02-24,11913.0,-3470.0,0.0,100,428.3,463.0,0,0.0,0.0,,0.0,0,0.0,0.0,,0.0,bidTooLow
2022-02-25,11913.0,-2525.0,0.0,100,437.75,463.0,0,0.0,0.0,,0.0,0,0.0,0.0,,0.0,bidTooLow
2022-02-28,11913.0,-2637.0,0.0,100,436.63,463.0,0,0.0,0.0,,0.0,0,0.0,0.0,,0.0,bidTooLow
2022-03-01,11913.0,-3302.0,0.0,100,429.98,463.0,0,0.0,0.0,,0.0,0,0.0,0.0,,0.0,bidTooLow
2022-03-02,11913.0,-2511.0,0.0,100,437.89,463.0,0,0.0,0.0,,0.0,0,0.0,0.0,,0.0,bidTooLow
2022-03-03,11913.0,-2729.0,0.0,100,435.71,463.0,0,0.0,0.0,,0.0,0,0.0,0.0,,0.0,bidTooLow
2022-03-04,11913.0,-3083.0,0.0,100,432.17,463.0,0,0.0,0.0,,0.0,0,0.0,0.0,,0.0,bidTooLow
2022-03-07,11913.0,-4357.0,0.0,100,419.43,463.0,0,0.0,0.0,,0.0,0,0.0,0.0,,0.0,bidTooLow
2022-03-08,11913.0,-4675.0,0.0,100,416.25,463.0,0,0.0,0.0,,0.0,0,0.0,0.0,,0.0,bidTooLow
2022-03-09,11913.0,-3559.0,0.0,100,427.41,463.0,0,0.0,0.0,,0.0,0,0.0,0.0,,0.0,bidTooLow
2022-03-10,11913.0,-3752.0,0.0,100,425.48,463.0,0,0.0,0.0,,0.0,0,0.0,0.0,,0.0,bidTooLow
2022-03-11,11913.0,-4293.0,0.0,100,420.07,463.0,0,0.0,0.0,,0.0,0,0.0,0.0,,0.0,bidTooLow
2022-03-14,11913.0,-4600.0,0.0,100,417.0,463.0,0,0.0,0.0,,0.0,0,0.0,0.0,,0.0,bidTooLow
2022-03-15,11913.0,-3683.0,0.0,100,426.17,463.0,0,0.0,0.0,,0.0,0,0.0,0.0,,0.0,bidTooLow
2022-03-16,11913.0,-2741.0,0.0,100,435.62,463.0,0,0.0,0.0,,0.0,1,0.07,0.1,SPY220321C00453000,453.0,normalDay
2022-03-17,11913.0,-2199.0,0.0,100,441.07,463.0,0,0.0,0.0,,0.0,1,0.07,0.13,SPY220321C00453000,453.0,normalDay
2022-03-18,11913.0,-1852.0,0.0,100,444.52,463.0,0,0.0,0.0,,0.0,1,0.07,0.11,SPY220321C00453000,453.0,normalDay
2022-03-21,11920.0,-1861.0,7.0,100,444.39,463.0,0,0.0,0.0,,0.0,1,0.07,0.0,SPY220321C00453000,453.0,expirationDay
2022-03-22,11920.0,-1344.0,0.0,100,449.59,463.0,0,0.0,0.0,,0.0,1,0.46,0.49,SPY220328C00460000,460.0,normalDay
2022-03-23,11920.0,-1882.0,0.0,100,443.8,463.0,0,0.0,0.0,,0.0,1,0.46,0.08,SPY220328C00460000,460.0,normalDay
2022-03-24,11920.0,-1219.0,0.0,100,450.49,463.0,0,0.0,0.0,,0.0,1,0.46,0.14,SPY220328C00460000,460.0,normalDay
2022-03-25,11920.0,-990.0,0.0,100,452.69,463.0,0,0.0,0.0,,0.0,1,0.46,0.05,SPY220328C00460000,460.0,normalDay
2022-03-28,11966.0,-709.0,46.0,100,455.91,463.0,0,0.0,0.0,,0.0,1,0.46,0.0,SPY220328C00460000,460.0,expirationDay
2022-03-29,11966.0,-148.0,0.0,100,461.55,463.0,0,0.0,0.0,,0.0,1,0.07,0.1,SPY220404C00476000,476.0,normalDay
2022-03-30,11966.0,-427.0,0.0,100,458.7,463.0,0,0.0,0.0,,0.0,1,0.07,0.04,SPY220404C00476000,476.0,normalDay
2022-03-31,11966.0,-1130.0,0.0,100,451.64,463.0,0,0.0,0.0,,0.0,1,0.07,0.01,SPY220404C00476000,476.0,normalDay
2022-04-01,11966.0,-1002.0,0.0,100,452.92,463.0,0,0.0,0.0,,0.0,1,0.07,0.01,SPY220404C00476000,476.0,normalDay
2022-04-04,11973.0,-620.0,7.0,100,456.8,463.0,0,0.0,0.0,,0.0,1,0.07,0.0,SPY220404C00476000,476.0,expirationDay
2022-04-05,11973.0,-1197.0,0.0,100,451.03,463.0,0,0.0,0.0,,0.0,0,0.0,0.0,,0.0,bidTooLow
2022-04-06,11973.0,-1648.0,0.0,100,446.52,463.0,0,0.0,0.0,,0.0,0,0.0,0.0,,0.0,bidTooLow
2022-04-07,11973.0,-1423.0,0.0,100,448.77,463.0,0,0.0,0.0,,0.0,0,0.0,0.0,,0.0,bidTooLow
2022-04-08,11973.0,-1543.0,0.0,100,447.57,463.0,0,0.0,0.0,,0.0,0,0.0,0.0,,0.0,bidTooLow
2022-04-11,11973.0,-2308.0,0.0,100,439.92,463.0,0,0.0,0.0,,0.0,0,0.0,0.0,,0.0,bidTooLow
2022-04-12,11973.0,-2471.0,0.0,100,438.29,463.0,0,0.0,0.0,,0.0,0,0.0,0.0,,0.0,bidTooLow
2022-04-13,11973.0,-1969.0,0.0,100,443.31,463.0,0,0.0,0.0,,0.0,0,0.0,0.0,,0.0,bidTooLow
2022-04-14,11973.0,-2521.0,0.0,100,437.79,463.0,0,0.0,0.0,,0.0,0,0.0,0.0,,0.0,bidTooLow
2022-04-18,11973.0,-2503.0,0.0,100,437.97,463.0,0,0.0,0.0,,0.0,0,0.0,0.0,,0.0,bidTooLow
2022-04-19,11973.0,-1796.0,0.0,100,445.04,463.0,0,0.0,0.0,,0.0,0,0.0,0.0,,0.0,bidTooLow
2022-04-20,11973.0,-1829.0,0.0,100,444.71,463.0,0,0.0,0.0,,0.0,0,0.0,0.0,,0.0,bidTooLow
2022-04-21,11973.0,-2494.0,0.0,100,438.06,463.0,0,0.0,0.0,,0.0,0,0.0,0.0,,0.0,bidTooLow
2022-04-22,11973.0,-3696.0,0.0,100,426.04,463.0,0,0.0,0.0,,0.0,0,0.0,0.0,,0.0,bidTooLow
2022-04-25,11973.0,-3449.0,0.0,100,428.51,463.0,0,0.0,0.0,,0.0,0,0.0,0.0,,0.0,bidTooLow
2022-04-26,11973.0,-4690.0,0.0,100,416.1,463.0,0,0.0,0.0,,0.0,0,0.0,0.0,,0.0,bidTooLow
2022-04-27,11973.0,-4573.0,0.0,100,417.27,463.0,0,0.0,0.0,,0.0,0,0.0,0.0,,0.0,bidTooLow
2022-04-28,11973.0,-3519.0,0.0,100,427.81,463.0,0,0.0,0.0,,0.0,0,0.0,0.0,,0.0,bidTooLow
2022-04-29,11973.0,-5100.0,0.0,100,412.0,463.0,0,0.0,0.0,,0.0,0,0.0,0.0,,0.0,bidTooLow
2022-05-02,11973.0,-4852.0,0.0,100,414.48,463.0,0,0.0,0.0,,0.0,0,0.0,0.0,,0.0,bidTooLow
2022-05-03,11973.0,-4662.0,0.0,100,416.38,463.0,0,0.0,0.0,,0.0,0,0.0,0.0,,0.0,bidTooLow
2022-05-04,11973.0,-3394.0,0.0,100,429.06,463.0,0,0.0,0.0,,0.0,0,0.0,0.0,,0.0,bidTooLow
2022-05-05,11973.0,-4919.0,0.0,100,413.81,463.0,0,0.0,0.0,,0.0,0,0.0,0.0,,0.0,bidTooLow
2022-05-06,11973.0,-5166.0,0.0,100,411.34,463.0,0,0.0,0.0,,0.0,0,0.0,0.0,,0.0,bidTooLow
2022-05-09,11973.0,-6483.0,0.0,100,398.17,463.0,0,0.0,0.0,,0.0,0,0.0,0.0,,0.0,bidTooLow
2022-05-10,11973.0,-6391.0,0.0,100,399.09,463.0,0,0.0,0.0,,0.0,0,0.0,0.0,,0.0,bidTooLow
2022-05-11,11973.0,-7025.0,0.0,100,392.75,463.0,0,0.0,0.0,,0.0,0,0.0,0.0,,0.0,bidTooLow
2022-05-12,11973.0,-7066.0,0.0,100,392.34,463.0,0,0.0,0.0,,0.0,0,0.0,0.0,,0.0,bidTooLow
2022-05-13,11973.0,-6128.0,0.0,100,401.72,463.0,0,0.0,0.0,,0.0,0,0.0,0.0,,0.0,bidTooLow
2022-05-16,11973.0,-6291.0,0.0,100,400.09,463.0,0,0.0,0.0,,0.0,0,0.0,0.0,,0.0,bidTooLow
2022-05-17,11973.0,-5468.0,0.0,100,408.32,463.0,0,0.0,0.0,,0.0,0,0.0,0.0,,0.0,bidTooLow
2022-05-18,11973.0,-7114.0,0.0,100,391.86,463.0,0,0.0,0.0,,0.0,0,0.0,0.0,,0.0,bidTooLow
2022-05-19,11973.0,-7354.0,0.0,100,389.46,463.0,0,0.0,0.0,,0.0,0,0.0,0.0,,0.0,bidTooLow
2022-05-20,11973.0,-7337.0,0.0,100,389.63,463.0,0,0.0,0.0,,0.0,0,0.0,0.0,,0.0,bidTooLow
2022-05-23,11973.0,-6608.0,0.0,100,396.92,463.0,0,0.0,0.0,,0.0,0,0.0,0.0,,0.0,bidTooLow
2022-05-24,11973.0,-6911.0,0.0,100,393.89,463.0,0,0.0,0.0,,0.0,0,0.0,0.0,,0.0,bidTooLow
2022-05-25,11973.0,-6563.0,0.0,100,397.37,463.0,0,0.0,0.0,,0.0,0,0.0,0.0,,0.0,bidTooLow
2022-05-26,11973.0,-5769.0,0.0,100,405.31,463.0,0,0.0,0.0,,0.0,0,0.0,0.0,,0.0,bidTooLow
2022-05-27,11973.0,-4774.0,0.0,100,415.26,463.0,0,0.0,0.0,,0.0,0,0.0,0.0,,0.0,bidTooLow
2022-05-31,11973.0,-5010.0,0.0,100,412.93,463.0,0,0.0,0.0,,0.0,1,0.05,0.08,SPY220606C00434000,434.0,normalDay
2022-06-01,11973.0,-5339.0,0.0,100,409.59,463.0,0,0.0,0.0,,0.0,1,0.05,0.03,SPY220606C00434000,434.0,normalDay
2022-06-02,11973.0,-4559.0,0.0,100,417.39,463.0,0,0.0,0.0,,0.0,1,0.05,0.03,SPY220606C00434000,434.0,normalDay
2022-06-03,11973.0,-5242.0,0.0,100,410.54,463.0,0,0.0,0.0,,0.0,1,0.05,0.01,SPY220606C00434000,434.0,normalDay
2022-06-06,11978.0,-5121.0,5.0,100,411.79,463.0,0,0.0,0.0,,0.0,1,0.05,0.0,SPY220606C00434000,434.0,expirationDay
2022-06-07,11978.0,-4729.0,0.0,100,415.74,463.0,0,0.0,0.0,,0.0,1,0.27,0.3,SPY220613C00430000,430.0,normalDay
2022-06-08,11978.0,-5159.0,0.0,100,411.22,463.0,0,0.0,0.0,,0.0,1,0.27,0.08,SPY220613C00430000,430.0,normalDay
2022-06-09,11978.0,-6132.0,0.0,100,401.44,463.0,0,0.0,0.0,,0.0,1,0.27,0.03,SPY220613C00430000,430.0,normalDay
2022-06-10,11978.0,-7294.0,0.0,100,389.8,463.0,0,0.0,0.0,,0.0,1,0.27,0.01,SPY220613C00430000,430.0,normalDay
2022-06-13,12005.0,-8800.0,27.0,100,375.0,463.0,0,0.0,0.0,,0.0,1,0.27,0.0,SPY220613C00430000,430.0,expirationDay
2022-06-14,12005.0,-8913.0,0.0,100,373.87,463.0,0,0.0,0.0,,0.0,0,0.0,0.0,,0.0,bidTooLow
2022-06-15,12005.0,-8380.0,0.0,100,379.2,463.0,0,0.0,0.0,,0.0,0,0.0,0.0,,0.0,bidTooLow
2022-06-16,12005.0,-9635.0,0.0,100,366.65,463.0,0,0.0,0.0,,0.0,0,0.0,0.0,,0.0,bidTooLow
2022-06-17,12005.0,-9714.0,0.0,100,365.86,463.0,0,0.0,0.0,,0.0,0,0.0,0.0,,0.0,bidTooLow
2022-06-21,12005.0,-8793.0,0.0,100,375.07,463.0,0,0.0,0.0,,0.0,0,0.0,0.0,,0.0,bidTooLow
2022-06-22,12005.0,-8861.0,0.0,100,374.39,463.0,0,0.0,0.0,,0.0,0,0.0,0.0,,0.0,bidTooLow
2022-06-23,12005.0,-8494.0,0.0,100,378.06,463.0,0,0.0,0.0,,0.0,0,0.0,0.0,,0.0,bidTooLow
2022-06-24,12005.0,-7292.0,0.0,100,390.08,463.0,0,0.0,0.0,,0.0,0,0.0,0.0,,0.0,bidTooLow
2022-06-27,12005.0,-7441.0,0.0,100,388.59,463.0,0,0.0,0.0,,0.0,0,0.0,0.0,,0.0,bidTooLow
2022-06-28,12005.0,-8235.0,0.0,100,380.65,463.0,0,0.0,0.0,,0.0,0,0.0,0.0,,0.0,bidTooLow
2022-06-29,12005.0,-8266.0,0.0,100,380.34,463.0,0,0.0,0.0,,0.0,0,0.0,0.0,,0.0,bidTooLow
2022-06-30,12005.0,-8575.0,0.0,100,377.25,463.0,0,0.0,0.0,,0.0,0,0.0,0.0,,0.0,bidTooLow
2022-07-01,12005.0,-8176.0,0.0,100,381.24,463.0,0,0.0,0.0,,0.0,0,0.0,0.0,,0.0,bidTooLow
2022-07-05,12005.0,-8104.0,0.0,100,381.96,463.0,0,0.0,0.0,,0.0,0,0.0,0.0,,0.0,bidTooLow
2022-07-06,12005.0,-7975.0,0.0,100,383.25,463.0,0,0.0,0.0,,0.0,0,0.0,0.0,,0.0,bidTooLow
2022-07-07,12005.0,-7401.0,0.0,100,388.99,463.0,0,0.0,0.0,,0.0,0,0.0,0.0,,0.0,bidTooLow
2022-07-08,12005.0,-7436.0,0.0,100,388.67,463.0,0,0.0,0.0,,0.0,1,0.04,0.07,SPY220713C00406000,406.0,normalDay
2022-07-11,12005.0,-7875.0,0.0,100,384.23,463.0,0,0.0,0.0,,0.0,1,0.04,0.02,SPY220713C00406000,406.0,normalDay
2022-07-12,12005.0,-8214.0,0.0,100,380.83,463.0,0,0.0,0.0,,0.0,1,0.04,0.01,SPY220713C00406000,406.0,normalDay
2022-07-13,12009.0,-8417.0,4.0,100,378.83,463.0,0,0.0,0.0,,0.0,1,0.04,0.0,SPY220713C00406000,406.0,expirationDay
2022-07-14,12009.0,-8512.0,0.0,100,377.91,463.0,0,0.0,0.0,,0.0,1,0.05,0.08,SPY220720C00399000,399.0,normalDay
2022-07-15,12009.0,-7791.0,0.0,100,385.13,463.0,0,0.0,0.0,,0.0,1,0.05,0.09,SPY220720C00399000,399.0,normalDay
2022-07-18,12009.0,-8102.0,0.0,100,381.95,463.0,0,0.0,0.0,,0.0,1,0.05,0.02,SPY220720C00399000,399.0,normalDay
2022-07-19,12009.0,-7088.0,0.0,100,392.27,463.0,0,0.0,0.0,,0.0,1,0.05,0.2,SPY220720C00399000,399.0,normalDay
2022-07-20,12014.0,-6823.0,5.0,100,394.77,463.0,0,0.0,0.0,,0.0,1,0.05,0.0,SPY220720C00399000,399.0,expirationDay
2022-07-21,12014.0,-6424.0,0.0,100,398.79,463.0,0,0.0,0.0,,0.0,1,2.61,2.64,SPY220727C00402000,402.0,normalDay
2022-07-22,12014.0,-6636.0,0.0,100,395.09,463.0,0,0.0,0.0,,0.0,1,2.61,1.06,SPY220727C00402000,402.0,normalDay
2022-07-25,12014.0,-6574.0,0.0,100,395.57,463.0,0,0.0,0.0,,0.0,1,2.61,0.92,SPY220727C00402000,402.0,normalDay
2022-07-26,12014.0,-6965.0,0.0,100,390.89,463.0,0,0.0,0.0,,0.0,1,2.61,0.15,SPY220727C00402000,402.0,normalDay
2022-07-27,12275.0,-6196.0,261.0,100,401.04,463.0,0,0.0,0.0,,0.0,1,2.61,0.0,SPY220727C00402000,402.0,expirationDay
2022-07-28,12275.0,-5697.0,0.0,100,406.07,463.0,0,0.0,0.0,,0.0,1,1.61,1.65,SPY220803C00412000,412.0,normalDay
2022-07-29,12275.0,-5245.0,0.0,100,411.99,463.0,0,0.0,0.0,,0.0,1,1.61,3.05,SPY220803C00412000,412.0,normalDay
2022-08-01,12275.0,-5266.0,0.0,100,410.77,463.0,0,0.0,0.0,,0.0,1,1.61,2.04,SPY220803C00412000,412.0,normalDay
2022-08-02,12275.0,-5388.0,0.0,100,408.06,463.0,0,0.0,0.0,,0.0,1,1.61,0.55,SPY220803C00412000,412.0,normalDay
2022-08-03,7336.0,-5388.0,-4939.0,0,414.45,0.0,0,0.0,0.0,,0.0,1,1.61,0.0,SPY220803C00412000,412.0,expirationDay
2022-08-04,7336.0,-5.0,0.0,0,414.17,0.0,1,3.81,3.86,SPY220923P00380000,380.0,0,0.0,0.0,,0.0,normalDay
2022-08-05,7336.0,-8.0,0.0,0,413.47,0.0,1,3.81,3.89,SPY220923P00380000,380.0,0,0.0,0.0,,0.0,normalDay
2022-08-08,7336.0,10.0,0.0,0,412.99,0.0,1,3.81,3.71,SPY220923P00380000,380.0,0,0.0,0.0,,0.0,normalDay
2022-08-09,7336.0,-8.0,0.0,0,411.35,0.0,1,3.81,3.89,SPY220923P00380000,380.0,0,0.0,0.0,,0.0,normalDay
2022-08-10,7336.0,140.0,0.0,0,419.99,0.0,1,3.81,2.41,SPY220923P00380000,380.0,0,0.0,0.0,,0.0,normalDay
2022-08-11,7336.0,150.0,0.0,0,419.99,0.0,1,3.81,2.31,SPY220923P00380000,380.0,0,0.0,0.0,,0.0,normalDay
2022-08-12,7336.0,216.0,0.0,0,427.1,0.0,1,3.81,1.65,SPY220923P00380000,380.0,0,0.0,0.0,,0.0,normalDay
2022-08-15,7336.0,244.0,0.0,0,428.86,0.0,1,3.81,1.37,SPY220923P00380000,380.0,0,0.0,0.0,,0.0,normalDay
2022-08-16,7336.0,254.0,0.0,0,429.7,0.0,1,3.81,1.27,SPY220923P00380000,380.0,0,0.0,0.0,,0.0,normalDay
2022-08-17,7336.0,245.0,0.0,0,426.65,0.0,1,3.81,1.36,SPY220923P00380000,380.0,0,0.0,0.0,,0.0,normalDay
2022-08-18,7336.0,267.0,0.0,0,427.89,0.0,1,3.81,1.14,SPY220923P00380000,380.0,0,0.0,0.0,,0.0,normalDay
2022-08-19,7336.0,226.0,0.0,0,422.14,0.0,1,3.81,1.55,SPY220923P00380000,380.0,0,0.0,0.0,,0.0,normalDay
2022-08-22,7336.0,127.0,0.0,0,413.35,0.0,1,3.81,2.54,SPY220923P00380000,380.0,0,0.0,0.0,,0.0,normalDay
2022-08-23,7336.0,119.0,0.0,0,412.35,0.0,1,3.81,2.62,SPY220923P00380000,380.0,0,0.0,0.0,,0.0,normalDay
2022-08-24,7336.0,172.0,0.0,0,413.67,0.0,1,3.81,2.09,SPY220923P00380000,380.0,0,0.0,0.0,,0.0,normalDay
2022-08-25,7336.0,242.0,0.0,0,419.51,0.0,1,3.81,1.39,SPY220923P00380000,380.0,0,0.0,0.0,,0.0,normalDay
2022-08-26,7336.0,31.0,0.0,0,405.31,0.0,1,3.81,3.5,SPY220923P00380000,380.0,0,0.0,0.0,,0.0,normalDay
2022-08-29,7336.0,12.0,0.0,0,402.63,0.0,1,3.81,3.69,SPY220923P00380000,380.0,0,0.0,0.0,,0.0,normalDay
2022-08-30,7336.0,-60.0,0.0,0,398.21,0.0,1,3.81,4.41,SPY220923P00380000,380.0,0,0.0,0.0,,0.0,normalDay
2022-08-31,7336.0,-96.0,0.0,0,395.18,0.0,1,3.81,4.77,SPY220923P00380000,380.0,0,0.0,0.0,,0.0,normalDay
2022-09-01,7336.0,-39.0,0.0,0,396.42,0.0,1,3.81,4.2,SPY220923P00380000,380.0,0,0.0,0.0,,0.0,normalDay
2022-09-02,7336.0,-109.0,0.0,0,392.24,0.0,1,3.81,4.9,SPY220923P00380000,380.0,0,0.0,0.0,,0.0,normalDay
2022-09-06,7336.0,-144.0,0.0,0,390.76,0.0,1,3.81,5.25,SPY220923P00380000,380.0,0,0.0,0.0,,0.0,normalDay
2022-09-07,7336.0,95.0,0.0,0,397.78,0.0,1,3.81,2.86,SPY220923P00380000,380.0,0,0.0,0.0,,0.0,normalDay
2022-09-08,7336.0,193.0,0.0,0,400.38,0.0,1,3.81,1.88,SPY220923P00380000,380.0,0,0.0,0.0,,0.0,normalDay
2022-09-09,7336.0,279.0,0.0,0,406.6,0.0,1,3.81,1.02,SPY220923P00380000,380.0,0,0.0,0.0,,0.0,normalDay
2022-09-12,7336.0,320.0,0.0,0,410.97,0.0,1,3.81,0.61,SPY220923P00380000,380.0,0,0.0,0.0,,0.0,normalDay
2022-09-13,7336.0,96.0,0.0,0,393.1,0.0,1,3.81,2.85,SPY220923P00380000,380.0,0,0.0,0.0,,0.0,normalDay
2022-09-14,7336.0,157.0,0.0,0,394.6,0.0,1,3.81,2.24,SPY220923P00380000,380.0,0,0.0,0.0,,0.0,normalDay
2022-09-15,7336.0,115.0,0.0,0,390.12,0.0,1,3.81,2.66,SPY220923P00380000,380.0,0,0.0,0.0,,0.0,normalDay
2022-09-16,7336.0,48.0,0.0,0,385.56,0.0,1,3.81,3.33,SPY220923P00380000,380.0,0,0.0,0.0,,0.0,normalDay
2022-09-19,7336.0,170.0,0.0,0,388.55,0.0,1,3.81,2.11,SPY220923P00380000,380.0,0,0.0,0.0,,0.0,normalDay
2022-09-20,7336.0,46.0,0.0,0,384.09,0.0,1,3.81,3.35,SPY220923P00380000,380.0,0,0.0,0.0,,0.0,normalDay
2022-09-21,7336.0,-162.0,0.0,0,377.39,0.0,1,3.81,5.43,SPY220923P00380000,380.0,0,0.0,0.0,,0.0,normalDay
2022-09-22,7336.0,-216.0,0.0,0,374.22,0.0,1,3.81,5.97,SPY220923P00380000,380.0,0,0.0,0.0,,0.0,normalDay
2022-09-23,7717.0,-1205.0,381.0,100,367.95,380.0,1,3.81,0.0,SPY220923P00380000,380.0,0,0.0,0.0,,0.0,expirationDay
2022-09-26,7717.0,-1569.0,0.0,100,364.31,380.0,0,0.0,0.0,,0.0,0,0.0,0.0,,0.0,bidTooLow
2022-09-27,7717.0,-1662.0,0.0,100,363.38,380.0,0,0.0,0.0,,0.0,0,0.0,0.0,,0.0,bidTooLow
2022-09-28,7717.0,-947.0,0.0,100,370.53,380.0,0,0.0,0.0,,0.0,0,0.0,0.0,,0.0,bidTooLow
2022-09-29,7717.0,-1721.0,0.0,100,362.79,380.0,0,0.0,0.0,,0.0,0,0.0,0.0,,0.0,bidTooLow
2022-09-30,7717.0,-2282.0,0.0,100,357.18,380.0,0,0.0,0.0,,0.0,0,0.0,0.0,,0.0,bidTooLow
2022-10-03,7717.0,-1339.0,0.0,100,366.61,380.0,0,0.0,0.0,,0.0,0,0.0,0.0,,0.0,bidTooLow
2022-10-04,7717.0,-203.0,0.0,100,377.97,380.0,0,0.0,0.0,,0.0,0,0.0,0.0,,0.0,bidTooLow
2022-10-05,7717.0,-291.0,0.0,100,377.09,380.0,0,0.0,0.0,,0.0,0,0.0,0.0,,0.0,bidTooLow
2022-10-06,7717.0,-680.0,0.0,100,373.2,380.0,0,0.0,0.0,,0.0,0,0.0,0.0,,0.0,bidTooLow
2022-10-07,7717.0,-1721.0,0.0,100,362.79,380.0,0,0.0,0.0,,0.0,0,0.0,0.0,,0.0,bidTooLow
2022-10-10,7717.0,-1998.0,0.0,100,360.02,380.0,0,0.0,0.0,,0.0,0,0.0,0.0,,0.0,bidTooLow
2022-10-11,7717.0,-2226.0,0.0,100,357.74,380.0,0,0.0,0.0,,0.0,0,0.0,0.0,,0.0,bidTooLow
2022-10-12,7717.0,-2344.0,0.0,100,356.56,380.0,0,0.0,0.0,,0.0,0,0.0,0.0,,0.0,bidTooLow
2022-10-13,7717.0,-1406.0,0.0,100,365.97,380.0,0,0.0,0.0,,0.0,1,0.04,0.07,SPY221019C00398000,398.0,normalDay
2022-10-14,7717.0,-2235.0,0.0,100,357.63,380.0,0,0.0,0.0,,0.0,1,0.04,0.02,SPY221019C00398000,398.0,normalDay
2022-10-17,7717.0,-1315.0,0.0,100,366.82,380.0,0,0.0,0.0,,0.0,1,0.04,0.01,SPY221019C00398000,398.0,normalDay
2022-10-18,7717.0,-884.0,0.0,100,371.13,380.0,0,0.0,0.0,,0.0,1,0.04,0.01,SPY221019C00398000,398.0,normalDay
2022-10-19,7721.0,-1150.0,4.0,100,368.5,380.0,0,0.0,0.0,,0.0,1,0.04,0.0,SPY221019C00398000,398.0,expirationDay
2022-10-20,7721.0,-1462.0,0.0,100,365.41,380.0,0,0.0,0.0,,0.0,1,0.22,0.25,SPY221026C00384000,384.0,normalDay
2022-10-21,7721.0,-653.0,0.0,100,374.29,380.0,0,0.0,0.0,,0.0,1,0.22,1.04,SPY221026C00384000,384.0,normalDay
2022-10-24,7721.0,-235.0,0.0,100,378.87,380.0,0,0.0,0.0,,0.0,1,0.22,1.44,SPY221026C00384000,384.0,normalDay
2022-10-25,7721.0,325.0,0.0,100,384.92,380.0,0,0.0,0.0,,0.0,1,0.22,1.89,SPY221026C00384000,384.0,normalDay
2022-10-26,7743.0,202.0,22.0,100,382.02,380.0,0,0.0,0.0,,0.0,1,0.22,0.0,SPY221026C00384000,384.0,expirationDay
2022-10-27,7743.0,-6.0,0.0,100,379.98,380.0,0,0.0,0.0,,0.0,1,0.4,0.44,SPY221102C00395000,395.0,normalDay
2022-10-28,7743.0,708.0,0.0,100,389.02,380.0,0,0.0,0.0,,0.0,1,0.4,2.34,SPY221102C00395000,395.0,normalDay
2022-10-31,7743.0,573.0,0.0,100,386.21,380.0,0,0.0,0.0,,0.0,1,0.4,0.88,SPY221102C00395000,395.0,normalDay
2022-11-01,7743.0,462.0,0.0,100,384.52,380.0,0,0.0,0.0,,0.0,1,0.4,0.3,SPY221102C00395000,395.0,normalDay
2022-11-02,7783.0,-513.0,40.0,100,374.87,380.0,0,0.0,0.0,,0.0,1,0.4,0.0,SPY221102C00395000,395.0,expirationDay
2022-11-03,7783.0,-902.0,0.0,100,371.01,380.0,0,0.0,0.0,,0.0,1,0.01,0.04,SPY221109C00402000,402.0,normalDay
2022-11-04,7783.0,-366.0,0.0,100,376.35,380.0,0,0.0,0.0,,0.0,1,0.01,0.02,SPY221109C00402000,402.0,normalDay
2022-11-07,7783.0,-6.0,0.0,100,379.95,380.0,0,0.0,0.0,,0.0,1,0.01,0.02,SPY221109C00402000,402.0,normalDay
2022-11-08,7783.0,200.0,0.0,100,382.0,380.0,0,0.0,0.0,,0.0,1,0.01,0.01,SPY221109C00402000,402.0,normalDay
2022-11-09,7784.0,-587.0,1.0,100,374.13,380.0,0,0.0,0.0,,0.0,1,0.01,0.0,SPY221109C00402000,402.0,expirationDay
2022-11-10,7784.0,1466.0,0.0,100,394.69,380.0,0,0.0,0.0,,0.0,1,1.67,1.7,SPY221116C00403000,403.0,normalDay
2022-11-11,7784.0,1844.0,0.0,100,398.51,380.0,0,0.0,0.0,,0.0,1,1.67,1.74,SPY221116C00403000,403.0,normalDay
2022-11-14,7784.0,1627.0,0.0,100,395.12,380.0,0,0.0,0.0,,0.0,1,1.67,0.52,SPY221116C00403000,403.0,normalDay
2022-11-15,7784.0,1952.0,0.0,100,398.49,380.0,0,0.0,0.0,,0.0,1,1.67,0.64,SPY221116C00403000,403.0,normalDay
2022-11-16,7951.0,1545.0,167.0,100,395.45,380.0,0,0.0,0.0,,0.0,1,1.67,0.0,SPY221116C00403000,403.0,expirationDay
2022-11-17,7951.0,1421.0,0.0,100,394.24,380.0,0,0.0,0.0,,0.0,1,0.18,0.21,SPY221123C00410000,410.0,normalDay
2022-11-18,7951.0,1609.0,0.0,100,396.03,380.0,0,0.0,0.0,,0.0,1,0.18,0.12,SPY221123C00410000,410.0,normalDay
2022-11-21,7951.0,1474.0,0.0,100,394.59,380.0,0,0.0,0.0,,0.0,1,0.18,0.03,SPY221123C00410000,410.0,normalDay
2022-11-22,7951.0,2006.0,0.0,100,399.9,380.0,0,0.0,0.0,,0.0,1,0.18,0.02,SPY221123C00410000,410.0,normalDay
2022-11-23,7969.0,2242.0,18.0,100,402.42,380.0,0,0.0,0.0,,0.0,1,0.18,0.0,SPY221123C00410000,410.0,expirationDay
2022-11-25,7969.0,2233.0,0.0,100,402.33,380.0,0,0.0,0.0,,0.0,0,0.0,0.0,,0.0,bidTooLow
2022-11-28,7969.0,1591.0,0.0,100,395.91,380.0,0,0.0,0.0,,0.0,0,0.0,0.0,,0.0,bidTooLow
2022-11-29,7969.0,1523.0,0.0,100,395.23,380.0,0,0.0,0.0,,0.0,0,0.0,0.0,,0.0,bidTooLow
2022-11-30,7969.0,2765.0,0.0,100,407.68,380.0,0,0.0,0.0,,0.0,1,0.13,0.16,SPY221206C00423000,423.0,normalDay
2022-12-01,7969.0,2745.0,0.0,100,407.38,380.0,0,0.0,0.0,,0.0,1,0.13,0.06,SPY221206C00423000,423.0,normalDay
2022-12-02,7969.0,2703.0,0.0,100,406.91,380.0,0,0.0,0.0,,0.0,1,0.13,0.01,SPY221206C00423000,423.0,normalDay
2022-12-05,7969.0,1971.0,0.0,100,399.59,380.0,0,0.0,0.0,,0.0,1,0.13,0.01,SPY221206C00423000,423.0,normalDay
2022-12-06,7982.0,1383.0,13.0,100,393.83,380.0,0,0.0,0.0,,0.0,1,0.13,0.0,SPY221206C00423000,423.0,expirationDay
2022-12-07,7982.0,1313.0,0.0,100,393.16,380.0,0,0.0,0.0,,0.0,1,0.07,0.1,SPY221213C00418000,418.0,normalDay
2022-12-08,7982.0,1618.0,0.0,100,396.24,380.0,0,0.0,0.0,,0.0,1,0.07,0.13,SPY221213C00418000,418.0,normalDay
2022-12-09,7982.0,1330.0,0.0,100,393.28,380.0,0,0.0,0.0,,0.0,1,0.07,0.05,SPY221213C00418000,418.0,normalDay
2022-12-12,7982.0,1887.0,0.0,100,398.95,380.0,0,0.0,0.0,,0.0,1,0.07,0.15,SPY221213C00418000,418.0,normalDay
2022-12-13,7989.0,2197.0,7.0,100,401.97,380.0,0,0.0,0.0,,0.0,1,0.07,0.0,SPY221213C00418000,418.0,expirationDay
2022-12-14,7989.0,1936.0,0.0,100,399.4,380.0,0,0.0,0.0,,0.0,1,0.24,0.28,SPY221220C00412000,412.0,normalDay
2022-12-15,7989.0,983.0,0.0,100,389.63,380.0,0,0.0,0.0,,0.0,1,0.24,0.04,SPY221220C00412000,412.0,normalDay
2022-12-16,7989.0,350.0,0.0,100,383.27,380.0,0,0.0,0.0,,0.0,1,0.24,0.01,SPY221220C00412000,412.0,normalDay
2022-12-19,7989.0,25.0,0.0,100,380.02,380.0,0,0.0,0.0,,0.0,1,0.24,0.01,SPY221220C00412000,412.0,normalDay
2022-12-20,8013.0,54.0,24.0,100,380.54,380.0,0,0.0,0.0,,0.0,1,0.24,0.0,SPY221220C00412000,412.0,expirationDay
2022-12-21,8013.0,623.0,0.0,100,386.23,380.0,0,0.0,0.0,,0.0,0,0.0,0.0,,0.0,bidTooLow
2022-12-22,8013.0,72.0,0.0,100,380.72,380.0,0,0.0,0.0,,0.0,0,0.0,0.0,,0.0,bidTooLow
2022-12-23,8013.0,291.0,0.0,100,382.91,380.0,0,0.0,0.0,,0.0,0,0.0,0.0,,0.0,bidTooLow
2022-12-27,8013.0,140.0,0.0,100,381.4,380.0,0,0.0,0.0,,0.0,0,0.0,0.0,,0.0,bidTooLow
2022-12-28,8013.0,-334.0,0.0,100,376.66,380.0,0,0.0,0.0,,0.0,0,0.0,0.0,,0.0,bidTooLow
2022-12-29,8013.0,344.0,0.0,100,383.44,380.0,0,0.0,0.0,,0.0,0,0.0,0.0,,0.0,bidTooLow
2022-12-30,8013.0,243.0,0.0,100,382.43,380.0,0,0.0,0.0,,0.0,0,0.0,0.0,,0.0,bidTooLow
2023-01-03,8013.0,82.0,0.0,100,380.82,380.0,0,0.0,0.0,,0.0,0,0.0,0.0,,0.0,bidTooLow
2023-01-04,8013.0,376.0,0.0,100,383.76,380.0,0,0.0,0.0,,0.0,0,0.0,0.0,,0.0,bidTooLow
2023-01-05,8013.0,-62.0,0.0,100,379.38,380.0,0,0.0,0.0,,0.0,0,0.0,0.0,,0.0,bidTooLow
2023-01-06,8013.0,805.0,0.0,100,388.08,380.0,0,0.0,0.0,,0.0,1,0.08,0.11,SPY230112C00408000,408.0,normalDay
2023-01-09,8013.0,786.0,0.0,100,387.86,380.0,0,0.0,0.0,,0.0,1,0.08,0.08,SPY230112C00408000,408.0,normalDay
2023-01-10,8013.0,1057.0,0.0,100,390.58,380.0,0,0.0,0.0,,0.0,1,0.08,0.09,SPY230112C00408000,408.0,normalDay
2023-01-11,8013.0,1538.0,0.0,100,395.52,380.0,0,0.0,0.0,,0.0,1,0.08,0.22,SPY230112C00408000,408.0,normalDay
2023-01-12,8021.0,1696.0,8.0,100,396.96,380.0,0,0.0,0.0,,0.0,1,0.08,0.0,SPY230112C00408000,408.0,expirationDay
2023-01-13,8021.0,1847.0,0.0,100,398.5,380.0,0,0.0,0.0,,0.0,1,0.8,0.83,SPY230119C00403000,403.0,normalDay
2023-01-17,8021.0,1816.0,0.0,100,397.77,380.0,0,0.0,0.0,,0.0,1,0.8,0.41,SPY230119C00403000,403.0,normalDay
2023-01-18,8021.0,1227.0,0.0,100,391.49,380.0,0,0.0,0.0,,0.0,1,0.8,0.02,SPY230119C00403000,403.0,normalDay
2023-01-19,8101.0,864.0,80.0,100,388.64,380.0,0,0.0,0.0,,0.0,1,0.8,0.0,SPY230119C00403000,403.0,expirationDay
2023-01-20,8101.0,1585.0,0.0,100,395.88,380.0,0,0.0,0.0,,0.0,1,0.14,0.17,SPY230126C00407000,407.0,normalDay
2023-01-23,8101.0,2025.0,0.0,100,400.63,380.0,0,0.0,0.0,,0.0,1,0.14,0.52,SPY230126C00407000,407.0,normalDay
2023-01-24,8101.0,1992.0,0.0,100,400.2,380.0,0,0.0,0.0,,0.0,1,0.14,0.42,SPY230126C00407000,407.0,normalDay
2023-01-25,8101.0,2039.0,0.0,100,400.35,380.0,0,0.0,0.0,,0.0,1,0.14,0.1,SPY230126C00407000,407.0,normalDay
2023-01-26,8115.0,2475.0,14.0,100,404.75,380.0,0,0.0,0.0,,0.0,1,0.14,0.0,SPY230126C00407000,407.0,expirationDay
2023-01-27,8115.0,2565.0,0.0,100,405.68,380.0,0,0.0,0.0,,0.0,1,0.56,0.59,SPY230202C00416000,416.0,normalDay
2023-01-30,8115.0,2094.0,0.0,100,400.59,380.0,0,0.0,0.0,,0.0,1,0.56,0.21,SPY230202C00416000,416.0,normalDay
2023-01-31,8115.0,2664.0,0.0,100,406.48,380.0,0,0.0,0.0,,0.0,1,0.56,0.4,SPY230202C00416000,416.0,normalDay
2023-02-01,8115.0,3100.0,0.0,100,410.8,380.0,0,0.0,0.0,,0.0,1,0.56,0.36,SPY230202C00416000,416.0,normalDay
2023-02-02,11771.0,3100.0,3656.0,0,416.78,0.0,0,0.0,0.0,,0.0,1,0.56,0.0,SPY230202C00416000,416.0,expirationDay
2023-02-03,11771.0,-5.0,0.0,0,412.35,0.0,1,4.04,4.09,SPY230324P00390000,390.0,0,0.0,0.0,,0.0,normalDay
2023-02-06,11771.0,-53.0,0.0,0,409.83,0.0,1,4.04,4.57,SPY230324P00390000,390.0,0,0.0,0.0,,0.0,normalDay
2023-02-07,11771.0,52.0,0.0,0,415.19,0.0,1,4.04,3.52,SPY230324P00390000,390.0,0,0.0,0.0,,0.0,normalDay
2023-02-08,11771.0,-37.0,0.0,0,410.65,0.0,1,4.04,4.41,SPY230324P00390000,390.0,0,0.0,0.0,,0.0,normalDay
2023-02-09,11771.0,-131.0,0.0,0,407.09,0.0,1,4.04,5.35,SPY230324P00390000,390.0,0,0.0,0.0,,0.0,normalDay
2023-02-10,11771.0,-109.0,0.0,0,408.04,0.0,1,4.04,5.13,SPY230324P00390000,390.0,0,0.0,0.0,,0.0,normalDay
2023-02-13,11771.0,26.0,0.0,0,412.83,0.0,1,4.04,3.78,SPY230324P00390000,390.0,0,0.0,0.0,,0.0,normalDay
2023-02-14,11771.0,66.0,0.0,0,412.64,0.0,1,4.04,3.38,SPY230324P00390000,390.0,0,0.0,0.0,,0.0,normalDay
2023-02-15,11771.0,122.0,0.0,0,413.98,0.0,1,4.04,2.82,SPY230324P00390000,390.0,0,0.0,0.0,,0.0,normalDay
2023-02-16,11771.0,-12.0,0.0,0,408.28,0.0,1,4.04,4.16,SPY230324P00390000,390.0,0,0.0,0.0,,0.0,normalDay
2023-02-17,11771.0,-12.0,0.0,0,407.26,0.0,1,4.04,4.16,SPY230324P00390000,390.0,0,0.0,0.0,,0.0,normalDay
2023-02-21,11771.0,-229.0,0.0,0,399.09,0.0,1,4.04,6.33,SPY230324P00390000,390.0,0,0.0,0.0,,0.0,normalDay
2023-02-22,11771.0,-215.0,0.0,0,398.54,0.0,1,4.04,6.19,SPY230324P00390000,390.0,0,0.0,0.0,,0.0,normalDay
2023-02-23,11771.0,-119.0,0.0,0,400.66,0.0,1,4.04,5.23,SPY230324P00390000,390.0,0,0.0,0.0,,0.0,normalDay
2023-02-24,11771.0,-256.0,0.0,0,396.38,0.0,1,4.04,6.6,SPY230324P00390000,390.0,0,0.0,0.0,,0.0,normalDay
2023-02-27,11771.0,-143.0,0.0,0,397.73,0.0,1,4.04,5.47,SPY230324P00390000,390.0,0,0.0,0.0,,0.0,normalDay
2023-02-28,11771.0,-183.0,0.0,0,396.26,0.0,1,4.04,5.87,SPY230324P00390000,390.0,0,0.0,0.0,,0.0,normalDay
2023-03-01,11771.0,-224.0,0.0,0,394.74,0.0,1,4.04,6.28,SPY230324P00390000,390.0,0,0.0,0.0,,0.0,normalDay
2023-03-02,11771.0,-85.0,0.0,0,397.81,0.0,1,4.04,4.89,SPY230324P00390000,390.0,0,0.0,0.0,,0.0,normalDay
2023-03-03,11771.0,128.0,0.0,0,404.19,0.0,1,4.04,2.76,SPY230324P00390000,390.0,0,0.0,0.0,,0.0,normalDay
2023-03-06,11771.0,154.0,0.0,0,404.47,0.0,1,4.04,2.5,SPY230324P00390000,390.0,0,0.0,0.0,,0.0,normalDay
2023-03-07,11771.0,-6.0,0.0,0,398.27,0.0,1,4.04,4.1,SPY230324P00390000,390.0,0,0.0,0.0,,0.0,normalDay
2023-03-08,11771.0,37.0,0.0,0,398.92,0.0,1,4.04,3.67,SPY230324P00390000,390.0,0,0.0,0.0,,0.0,normalDay
2023-03-09,11771.0,-328.0,0.0,0,391.56,0.0,1,4.04,7.32,SPY230324P00390000,390.0,0,0.0,0.0,,0.0,normalDay
2023-03-10,11771.0,-597.0,0.0,0,385.91,0.0,1,4.04,10.01,SPY230324P00390000,390.0,0,0.0,0.0,,0.0,normalDay
2023-03-13,11771.0,-635.0,0.0,0,385.36,0.0,1,4.04,10.39,SPY230324P00390000,390.0,0,0.0,0.0,,0.0,normalDay
2023-03-14,11771.0,-213.0,0.0,0,391.73,0.0,1,4.04,6.17,SPY230324P00390000,390.0,0,0.0,0.0,,0.0,normalDay
2023-03-15,11771.0,-355.0,0.0,0,389.28,0.0,1,4.04,7.59,SPY230324P00390000,390.0,0,0.0,0.0,,0.0,normalDay
2023-03-16,11771.0,29.0,0.0,0,396.11,0.0,1,4.04,3.75,SPY230324P00390000,390.0,0,0.0,0.0,,0.0,normalDay
2023-03-17,11771.0,-150.0,0.0,0,389.99,0.0,1,4.04,5.54,SPY230324P00390000,390.0,0,0.0,0.0,,0.0,normalDay
2023-03-20,11771.0,65.0,0.0,0,393.74,0.0,1,4.04,3.39,SPY230324P00390000,390.0,0,0.0,0.0,,0.0,normalDay
2023-03-21,11771.0,284.0,0.0,0,398.91,0.0,1,4.04,1.2,SPY230324P00390000,390.0,0,0.0,0.0,,0.0,normalDay
2023-03-22,11771.0,174.0,0.0,0,392.11,0.0,1,4.04,2.3,SPY230324P00390000,390.0,0,0.0,0.0,,0.0,normalDay
2023-03-23,11771.0,290.0,0.0,0,393.17,0.0,1,4.04,1.14,SPY230324P00390000,390.0,0,0.0,0.0,,0.0,normalDay
2023-03-24,12175.0,0.0,404.0,0,395.75,0.0,1,4.04,0.0,SPY230324P00390000,390.0,0,0.0,0.0,,0.0,expirationDay
2023-03-27,12175.0,-5.0,0.0,0,396.49,0.0,1,7.88,7.93,SPY230519P00389000,389.0,0,0.0,0.0,,0.0,normalDay
2023-03-28,12175.0,13.0,0.0,0,395.6,0.0,1,7.88,7.75,SPY230519P00389000,389.0,0,0.0,0.0,,0.0,normalDay
2023-03-29,12175.0,192.0,0.0,0,401.35,0.0,1,7.88,5.96,SPY230519P00389000,389.0,0,0.0,0.0,,0.0,normalDay
2023-03-30,12175.0,261.0,0.0,0,403.7,0.0,1,7.88,5.27,SPY230519P00389000,389.0,0,0.0,0.0,,0.0,normalDay
2023-03-31,12175.0,374.0,0.0,0,409.39,0.0,1,7.88,4.14,SPY230519P00389000,389.0,0,0.0,0.0,,0.0,normalDay
2023-04-03,12175.0,445.0,0.0,0,410.95,0.0,1,7.88,3.43,SPY230519P00389000,389.0,0,0.0,0.0,,0.0,normalDay
2023-04-04,12175.0,409.0,0.0,0,408.67,0.0,1,7.88,3.79,SPY230519P00389000,389.0,0,0.0,0.0,,0.0,normalDay
2023-04-05,12175.0,389.0,0.0,0,407.6,0.0,1,7.88,3.99,SPY230519P00389000,389.0,0,0.0,0.0,,0.0,normalDay
2023-04-06,12175.0,443.0,0.0,0,409.19,0.0,1,7.88,3.45,SPY230519P00389000,389.0,0,0.0,0.0,,0.0,normalDay
2023-04-10,12175.0,480.0,0.0,0,409.61,0.0,1,7.88,3.08,SPY230519P00389000,389.0,0,0.0,0.0,,0.0,normalDay
2023-04-11,12175.0,487.0,0.0,0,409.72,0.0,1,7.88,3.01,SPY230519P00389000,389.0,0,0.0,0.0,,0.0,normalDay
2023-04-12,12175.0,466.0,0.0,0,408.05,0.0,1,7.88,3.22,SPY230519P00389000,389.0,0,0.0,0.0,,0.0,normalDay
2023-04-13,12175.0,582.0,0.0,0,413.47,0.0,1,7.88,2.06,SPY230519P00389000,389.0,0,0.0,0.0,,0.0,normalDay
2023-04-14,12175.0,599.0,0.0,0,412.46,0.0,1,7.88,1.89,SPY230519P00389000,389.0,0,0.0,0.0,,0.0,normalDay
2023-04-17,12175.0,634.0,0.0,0,413.94,0.0,1,7.88,1.54,SPY230519P00389000,389.0,0,0.0,0.0,,0.0,normalDay
2023-04-18,12175.0,636.0,0.0,0,414.21,0.0,1,7.88,1.52,SPY230519P00389000,389.0,0,0.0,0.0,,0.0,normalDay
2023-04-19,12175.0,643.0,0.0,0,414.14,0.0,1,7.88,1.45,SPY230519P00389000,389.0,0,0.0,0.0,,0.0,normalDay
2023-04-20,12175.0,620.0,0.0,0,411.88,0.0,1,7.88,1.68,SPY230519P00389000,389.0,0,0.0,0.0,,0.0,normalDay
2023-04-21,12175.0,635.0,0.0,0,412.2,0.0,1,7.88,1.53,SPY230519P00389000,389.0,0,0.0,0.0,,0.0,normalDay
2023-04-24,12175.0,658.0,0.0,0,412.63,0.0,1,7.88,1.3,SPY230519P00389000,389.0,0,0.0,0.0,,0.0,normalDay
2023-04-25,12175.0,563.0,0.0,0,406.08,0.0,1,7.88,2.25,SPY230519P00389000,389.0,0,0.0,0.0,,0.0,normalDay
2023-04-26,12175.0,533.0,0.0,0,404.36,0.0,1,7.88,2.55,SPY230519P00389000,389.0,0,0.0,0.0,,0.0,normalDay
2023-04-27,12175.0,686.0,0.0,0,412.41,0.0,1,7.88,1.02,SPY230519P00389000,389.0,0,0.0,0.0,,0.0,normalDay
2023-04-28,12175.0,721.0,0.0,0,415.93,0.0,1,7.88,0.67,SPY230519P00389000,389.0,0,0.0,0.0,,0.0,normalDay
2023-05-01,12175.0,728.0,0.0,0,415.51,0.0,1,7.88,0.6,SPY230519P00389000,389.0,0,0.0,0.0,,0.0,normalDay
2023-05-02,12175.0,685.0,0.0,0,410.84,0.0,1,7.88,1.03,SPY230519P00389000,389.0,0,0.0,0.0,,0.0,normalDay
2023-05-03,12175.0,665.0,0.0,0,408.02,0.0,1,7.88,1.23,SPY230519P00389000,389.0,0,0.0,0.0,,0.0,normalDay
2023-05-04,12175.0,603.0,0.0,0,405.13,0.0,1,7.88,1.85,SPY230519P00389000,389.0,0,0.0,0.0,,0.0,normalDay
2023-05-05,12175.0,731.0,0.0,0,412.63,0.0,1,7.88,0.57,SPY230519P00389000,389.0,0,0.0,0.0,,0.0,normalDay
2023-05-08,12175.0,752.0,0.0,0,412.74,0.0,1,7.88,0.36,SPY230519P00389000,389.0,0,0.0,0.0,,0.0,normalDay
2023-05-09,12175.0,750.0,0.0,0,410.93,0.0,1,7.88,0.38,SPY230519P00389000,389.0,0,0.0,0.0,,0.0,normalDay
2023-05-10,12175.0,765.0,0.0,0,412.85,0.0,1,7.88,0.23,SPY230519P00389000,389.0,0,0.0,0.0,,0.0,normalDay
2023-05-11,12175.0,768.0,0.0,0,412.13,0.0,1,7.88,0.2,SPY230519P00389000,389.0,0,0.0,0.0,,0.0,normalDay
2023-05-12,12175.0,771.0,0.0,0,411.59,0.0,1,7.88,0.17,SPY230519P00389000,389.0,0,0.0,0.0,,0.0,normalDay
2023-05-15,12175.0,780.0,0.0,0,413.01,0.0,1,7.88,0.08,SPY230519P00389000,389.0,0,0.0,0.0,,0.0,normalDay
2023-05-16,12175.0,778.0,0.0,0,410.25,0.0,1,7.88,0.1,SPY230519P00389000,389.0,0,0.0,0.0,,0.0,normalDay
2023-05-17,12175.0,783.0,0.0,0,415.23,0.0,1,7.88,0.05,SPY230519P00389000,389.0,0,0.0,0.0,,0.0,normalDay
2023-05-18,12175.0,785.0,0.0,0,419.23,0.0,1,7.88,0.03,SPY230519P00389000,389.0,0,0.0,0.0,,0.0,normalDay
2023-05-19,12963.0,0.0,788.0,0,418.62,0.0,1,7.88,0.0,SPY230519P00389000,389.0,0,0.0,0.0,,0.0,expirationDay
2023-05-22,12963.0,-4.0,0.0,0,418.79,0.0,1,4.41,4.45,SPY230630P00408000,408.0,0,0.0,0.0,,0.0,normalDay
2023-05-23,12963.0,-162.0,0.0,0,414.09,0.0,1,4.41,6.03,SPY230630P00408000,408.0,0,0.0,0.0,,0.0,normalDay
2023-05-24,12963.0,-289.0,0.0,0,411.09,0.0,1,4.41,7.3,SPY230630P00408000,408.0,0,0.0,0.0,,0.0,normalDay
2023-05-25,12963.0,-142.0,0.0,0,414.65,0.0,1,4.41,5.83,SPY230630P00408000,408.0,0,0.0,0.0,,0.0,normalDay
2023-05-26,12963.0,37.0,0.0,0,420.02,0.0,1,4.41,4.04,SPY230630P00408000,408.0,0,0.0,0.0,,0.0,normalDay
2023-05-30,12963.0,90.0,0.0,0,420.18,0.0,1,4.41,3.51,SPY230630P00408000,408.0,0,0.0,0.0,,0.0,normalDay
2023-05-31,12963.0,49.0,0.0,0,417.85,0.0,1,4.41,3.92,SPY230630P00408000,408.0,0,0.0,0.0,,0.0,normalDay
2023-06-01,12963.0,192.0,0.0,0,421.82,0.0,1,4.41,2.49,SPY230630P00408000,408.0,0,0.0,0.0,,0.0,normalDay
2023-06-02,12963.0,299.0,0.0,0,427.92,0.0,1,4.41,1.42,SPY230630P00408000,408.0,0,0.0,0.0,,0.0,normalDay
2023-06-05,12963.0,305.0,0.0,0,427.1,0.0,1,4.41,1.36,SPY230630P00408000,408.0,0,0.0,0.0,,0.0,normalDay
2023-06-06,12963.0,333.0,0.0,0,428.03,0.0,1,4.41,1.08,SPY230630P00408000,408.0,0,0.0,0.0,,0.0,normalDay
2023-06-07,12963.0,328.0,0.0,0,426.55,0.0,1,4.41,1.13,SPY230630P00408000,408.0,0,0.0,0.0,,0.0,normalDay
2023-06-08,12963.0,355.0,0.0,0,429.13,0.0,1,4.41,0.86,SPY230630P00408000,408.0,0,0.0,0.0,,0.0,normalDay
2023-06-09,12963.0,365.0,0.0,0,429.9,0.0,1,4.41,0.76,SPY230630P00408000,408.0,0,0.0,0.0,,0.0,normalDay
2023-06-12,12963.0,381.0,0.0,0,433.8,0.0,1,4.41,0.6,SPY230630P00408000,408.0,0,0.0,0.0,,0.0,normalDay
2023-06-13,12963.0,398.0,0.0,0,436.66,0.0,1,4.41,0.43,SPY230630P00408000,408.0,0,0.0,0.0,,0.0,normalDay
2023-06-14,12963.0,411.0,0.0,0,437.18,0.0,1,4.41,0.3,SPY230630P00408000,408.0,0,0.0,0.0,,0.0,normalDay
2023-06-15,12963.0,415.0,0.0,0,442.6,0.0,1,4.41,0.26,SPY230630P00408000,408.0,0,0.0,0.0,,0.0,normalDay
2023-06-16,12963.0,426.0,0.0,0,439.46,0.0,1,4.41,0.15,SPY230630P00408000,408.0,0,0.0,0.0,,0.0,normalDay
2023-06-20,12963.0,430.0,0.0,0,437.18,0.0,1,4.41,0.11,SPY230630P00408000,408.0,0,0.0,0.0,,0.0,normalDay
2023-06-21,12963.0,432.0,0.0,0,434.94,0.0,1,4.41,0.09,SPY230630P00408000,408.0,0,0.0,0.0,,0.0,normalDay
2023-06-22,12963.0,435.0,0.0,0,436.51,0.0,1,4.41,0.06,SPY230630P00408000,408.0,0,0.0,0.0,,0.0,normalDay
2023-06-23,12963.0,434.0,0.0,0,433.21,0.0,1,4.41,0.07,SPY230630P00408000,408.0,0,0.0,0.0,,0.0,normalDay
2023-06-26,12963.0,434.0,0.0,0,431.44,0.0,1,4.41,0.07,SPY230630P00408000,408.0,0,0.0,0.0,,0.0,normalDay
2023-06-27,12963.0,436.0,0.0,0,436.17,0.0,1,4.41,0.05,SPY230630P00408000,408.0,0,0.0,0.0,,0.0,normalDay
2023-06-28,12963.0,438.0,0.0,0,436.39,0.0,1,4.41,0.03,SPY230630P00408000,408.0,0,0.0,0.0,,0.0,normalDay
2023-06-29,12963.0,439.0,0.0,0,438.11,0.0,1,4.41,0.02,SPY230630P00408000,408.0,0,0.0,0.0,,0.0,normalDay
2023-06-30,13404.0,0.0,441.0,0,443.28,0.0,1,4.41,0.0,SPY230630P00408000,408.0,0,0.0,0.0,,0.0,expirationDay
2023-07-03,13404.0,-6.0,0.0,0,443.79,0.0,1,2.7,2.76,SPY230818P00429000,429.0,0,0.0,0.0,,0.0,normalDay
2023-07-05,13404.0,-25.0,0.0,0,443.13,0.0,1,2.7,2.95,SPY230818P00429000,429.0,0,0.0,0.0,,0.0,normalDay
2023-07-06,13404.0,-118.0,0.0,0,439.66,0.0,1,2.7,3.88,SPY230818P00429000,429.0,0,0.0,0.0,,0.0,normalDay
2023-07-07,13404.0,-105.0,0.0,0,438.55,0.0,1,2.7,3.75,SPY230818P00429000,429.0,0,0.0,0.0,,0.0,normalDay
2023-07-10,13404.0,-75.0,0.0,0,439.66,0.0,1,2.7,3.45,SPY230818P00429000,429.0,0,0.0,0.0,,0.0,normalDay
2023-07-11,13404.0,-15.0,0.0,0,442.46,0.0,1,2.7,2.85,SPY230818P00429000,429.0,0,0.0,0.0,,0.0,normalDay
2023-07-12,13404.0,84.0,0.0,0,446.02,0.0,1,2.7,1.86,SPY230818P00429000,429.0,0,0.0,0.0,,0.0,normalDay
2023-07-13,13404.0,118.0,0.0,0,449.56,0.0,1,2.7,1.52,SPY230818P00429000,429.0,0,0.0,0.0,,0.0,normalDay
2023-07-14,13404.0,126.0,0.0,0,449.28,0.0,1,2.7,1.44,SPY230818P00429000,429.0,0,0.0,0.0,,0.0,normalDay
2023-07-17,13404.0,150.0,0.0,0,450.84,0.0,1,2.7,1.2,SPY230818P00429000,429.0,0,0.0,0.0,,0.0,normalDay
2023-07-18,13404.0,181.0,0.0,0,454.19,0.0,1,2.7,0.89,SPY230818P00429000,429.0,0,0.0,0.0,,0.0,normalDay
2023-07-19,13404.0,179.0,0.0,0,455.2,0.0,1,2.7,0.91,SPY230818P00429000,429.0,0,0.0,0.0,,0.0,normalDay
2023-07-20,13404.0,166.0,0.0,0,452.18,0.0,1,2.7,1.04,SPY230818P00429000,429.0,0,0.0,0.0,,0.0,normalDay
2023-07-21,13404.0,176.0,0.0,0,452.18,0.0,1,2.7,0.94,SPY230818P00429000,429.0,0,0.0,0.0,,0.0,normalDay
2023-07-24,13404.0,195.0,0.0,0,454.2,0.0,1,2.7,0.75,SPY230818P00429000,429.0,0,0.0,0.0,,0.0,normalDay
2023-07-25,13404.0,204.0,0.0,0,455.44,0.0,1,2.7,0.66,SPY230818P00429000,429.0,0,0.0,0.0,,0.0,normalDay
2023-07-26,13404.0,219.0,0.0,0,455.51,0.0,1,2.7,0.51,SPY230818P00429000,429.0,0,0.0,0.0,,0.0,normalDay
2023-07-27,13404.0,191.0,0.0,0,452.49,0.0,1,2.7,0.79,SPY230818P00429000,429.0,0,0.0,0.0,,0.0,normalDay
2023-07-28,13404.0,230.0,0.0,0,456.92,0.0,1,2.7,0.4,SPY230818P00429000,429.0,0,0.0,0.0,,0.0,normalDay
2023-07-31,13404.0,237.0,0.0,0,457.79,0.0,1,2.7,0.33,SPY230818P00429000,429.0,0,0.0,0.0,,0.0,normalDay
2023-08-01,13404.0,235.0,0.0,0,456.48,0.0,1,2.7,0.35,SPY230818P00429000,429.0,0,0.0,0.0,,0.0,normalDay
2023-08-02,13404.0,192.0,0.0,0,450.13,0.0,1,2.7,0.78,SPY230818P00429000,429.0,0,0.0,0.0,,0.0,normalDay
2023-08-03,13404.0,200.0,0.0,0,448.84,0.0,1,2.7,0.7,SPY230818P00429000,429.0,0,0.0,0.0,,0.0,normalDay
2023-08-04,13404.0,172.0,0.0,0,446.81,0.0,1,2.7,0.98,SPY230818P00429000,429.0,0,0.0,0.0,,0.0,normalDay
2023-08-07,13404.0,228.0,0.0,0,450.71,0.0,1,2.7,0.42,SPY230818P00429000,429.0,0,0.0,0.0,,0.0,normalDay
2023-08-08,13404.0,228.0,0.0,0,448.75,0.0,1,2.7,0.42,SPY230818P00429000,429.0,0,0.0,0.0,,0.0,normalDay
2023-08-09,13404.0,223.0,0.0,0,445.75,0.0,1,2.7,0.47,SPY230818P00429000,429.0,0,0.0,0.0,,0.0,normalDay
2023-08-10,13404.0,228.0,0.0,0,445.91,0.0,1,2.7,0.42,SPY230818P00429000,429.0,0,0.0,0.0,,0.0,normalDay
2023-08-11,13404.0,249.0,0.0,0,445.65,0.0,1,2.7,0.21,SPY230818P00429000,429.0,0,0.0,0.0,,0.0,normalDay
2023-08-14,13404.0,262.0,0.0,0,448.11,0.0,1,2.7,0.08,SPY230818P00429000,429.0,0,0.0,0.0,,0.0,normalDay
2023-08-15,13404.0,256.0,0.0,0,442.89,0.0,1,2.7,0.14,SPY230818P00429000,429.0,0,0.0,0.0,,0.0,normalDay
2023-08-16,13404.0,258.0,0.0,0,439.64,0.0,1,2.7,0.12,SPY230818P00429000,429.0,0,0.0,0.0,,0.0,normalDay
2023-08-17,13404.0,259.0,0.0,0,436.29,0.0,1,2.7,0.11,SPY230818P00429000,429.0,0,0.0,0.0,,0.0,normalDay
2023-08-18,13674.0,0.0,270.0,0,436.5,0.0,1,2.7,0.0,SPY230818P00429000,429.0,0,0.0,0.0,,0.0,expirationDay
2023-08-21,13674.0,-4.0,0.0,0,439.34,0.0,1,8.88,8.92,SPY230929P00441000,441.0,0,0.0,0.0,,0.0,normalDay
2023-08-22,13674.0,-32.0,0.0,0,438.15,0.0,1,8.88,9.2,SPY230929P00441000,441.0,0,0.0,0.0,,0.0,normalDay
2023-08-23,13674.0,221.0,0.0,0,443.03,0.0,1,8.88,6.67,SPY230929P00441000,441.0,0,0.0,0.0,,0.0,normalDay
2023-08-24,13674.0,-87.0,0.0,0,436.89,0.0,1,8.88,9.75,SPY230929P00441000,441.0,0,0.0,0.0,,0.0,normalDay
2023-08-25,13674.0,122.0,0.0,0,439.97,0.0,1,8.88,7.66,SPY230929P00441000,441.0,0,0.0,0.0,,0.0,normalDay
2023-08-28,13674.0,293.0,0.0,0,442.76,0.0,1,8.88,5.95,SPY230929P00441000,441.0,0,0.0,0.0,,0.0,normalDay
2023-08-29,13674.0,524.0,0.0,0,449.16,0.0,1,8.88,3.64,SPY230929P00441000,441.0,0,0.0,0.0,,0.0,normalDay
2023-08-30,13674.0,598.0,0.0,0,451.01,0.0,1,8.88,2.9,SPY230929P00441000,441.0,0,0.0,0.0,,0.0,normalDay
2023-08-31,13674.0,611.0,0.0,0,450.35,0.0,1,8.88,2.77,SPY230929P00441000,441.0,0,0.0,0.0,,0.0,normalDay
2023-09-01,13674.0,640.0,0.0,0,451.19,0.0,1,8.88,2.48,SPY230929P00441000,441.0,0,0.0,0.0,,0.0,normalDay
2023-09-05,13674.0,604.0,0.0,0,449.24,0.0,1,8.88,2.84,SPY230929P00441000,441.0,0,0.0,0.0,,0.0,normalDay
2023-09-06,13674.0,514.0,0.0,0,446.22,0.0,1,8.88,3.74,SPY230929P00441000,441.0,0,0.0,0.0,,0.0,normalDay
2023-09-07,13674.0,479.0,0.0,0,444.85,0.0,1,8.88,4.09,SPY230929P00441000,441.0,0,0.0,0.0,,0.0,normalDay
2023-09-08,13674.0,554.0,0.0,0,445.52,0.0,1,8.88,3.34,SPY230929P00441000,441.0,0,0.0,0.0,,0.0,normalDay
2023-09-11,13674.0,653.0,0.0,0,448.45,0.0,1,8.88,2.35,SPY230929P00441000,441.0,0,0.0,0.0,,0.0,normalDay
2023-09-12,13674.0,588.0,0.0,0,445.99,0.0,1,8.88,3.0,SPY230929P00441000,441.0,0,0.0,0.0,,0.0,normalDay
2023-09-13,13674.0,651.0,0.0,0,446.51,0.0,1,8.88,2.37,SPY230929P00441000,441.0,0,0.0,0.0,,0.0,normalDay
2023-09-14,13674.0,767.0,0.0,0,450.36,0.0,1,8.88,1.21,SPY230929P00441000,441.0,0,0.0,0.0,,0.0,normalDay
2023-09-15,13674.0,621.0,0.0,0,443.37,0.0,1,8.88,2.67,SPY230929P00441000,441.0,0,0.0,0.0,,0.0,normalDay
2023-09-18,13674.0,647.0,0.0,0,443.63,0.0,1,8.88,2.41,SPY230929P00441000,441.0,0,0.0,0.0,,0.0,normalDay
2023-09-19,13674.0,620.0,0.0,0,442.71,0.0,1,8.88,2.68,SPY230929P00441000,441.0,0,0.0,0.0,,0.0,normalDay
2023-09-20,13674.0,416.0,0.0,0,438.64,0.0,1,8.88,4.72,SPY230929P00441000,441.0,0,0.0,0.0,,0.0,normalDay
2023-09-21,13674.0,-122.0,0.0,0,431.39,0.0,1,8.88,10.1,SPY230929P00441000,441.0,0,0.0,0.0,,0.0,normalDay
2023-09-22,13674.0,-179.0,0.0,0,430.42,0.0,1,8.88,10.67,SPY230929P00441000,441.0,0,0.0,0.0,,0.0,normalDay
2023-09-25,13674.0,-2.0,0.0,0,432.23,0.0,1,8.88,8.9,SPY230929P00441000,441.0,0,0.0,0.0,,0.0,normalDay
2023-09-26,13674.0,-606.0,0.0,0,425.88,0.0,1,8.88,14.94,SPY230929P00441000,441.0,0,0.0,0.0,,0.0,normalDay
2023-09-27,13674.0,-595.0,0.0,0,426.05,0.0,1,8.88,14.83,SPY230929P00441000,441.0,0,0.0,0.0,,0.0,normalDay
2023-09-28,13674.0,-397.0,0.0,0,428.52,0.0,1,8.88,12.85,SPY230929P00441000,441.0,0,0.0,0.0,,0.0,normalDay
2023-09-29,14562.0,-1352.0,888.0,100,427.48,441.0,1,8.88,0.0,SPY230929P00441000,441.0,0,0.0,0.0,,0.0,expirationDay
2023-10-02,14562.0,-1369.0,0.0,100,427.31,441.0,0,0.0,0.0,,0.0,0,0.0,0.0,,0.0,bidTooLow
2023-10-03,14562.0,-1941.0,0.0,100,421.59,441.0,0,0.0,0.0,,0.0,0,0.0,0.0,,0.0,bidTooLow
2023-10-04,14562.0,-1634.0,0.0,100,424.66,441.0,0,0.0,0.0,,0.0,0,0.0,0.0,,0.0,bidTooLow
2023-10-05,14562.0,-1650.0,0.0,100,424.5,441.0,0,0.0,0.0,,0.0,0,0.0,0.0,,0.0,bidTooLow
2023-10-06,14562.0,-1146.0,0.0,100,429.54,441.0,0,0.0,0.0,,0.0,0,0.0,0.0,,0.0,bidTooLow
2023-10-09,14562.0,-871.0,0.0,100,432.29,441.0,0,0.0,0.0,,0.0,0,0.0,0.0,,0.0,bidTooLow
2023-10-10,14562.0,-646.0,0.0,100,434.54,441.0,0,0.0,0.0,,0.0,0,0.0,0.0,,0.0,bidTooLow
2023-10-11,14562.0,-468.0,0.0,100,436.32,441.0,0,0.0,0.0,,0.0,0,0.0,0.0,,0.0,bidTooLow
2023-10-12,14562.0,-734.0,0.0,100,433.66,441.0,0,0.0,0.0,,0.0,0,0.0,0.0,,0.0,bidTooLow
2023-10-13,14562.0,-950.0,0.0,100,431.5,441.0,0,0.0,0.0,,0.0,0,0.0,0.0,,0.0,bidTooLow
2023-10-16,14562.0,-499.0,0.0,100,436.04,441.0,0,0.0,0.0,,0.0,1,0.15,0.18,SPY231020C00446000,446.0,normalDay
2023-10-17,14562.0,-493.0,0.0,100,436.02,441.0,0,0.0,0.0,,0.0,1,0.15,0.1,SPY231020C00446000,446.0,normalDay
2023-10-18,14562.0,-1067.0,0.0,100,430.21,441.0,0,0.0,0.0,,0.0,1,0.15,0.03,SPY231020C00446000,446.0,normalDay
2023-10-19,14562.0,-1443.0,0.0,100,426.43,441.0,0,0.0,0.0,,0.0,1,0.15,0.01,SPY231020C00446000,446.0,normalDay
2023-10-20,14577.0,-1981.0,15.0,100,421.19,441.0,0,0.0,0.0,,0.0,1,0.15,0.0,SPY231020C00446000,446.0,expirationDay
2023-10-23,14577.0,-2054.0,0.0,100,420.46,441.0,0,0.0,0.0,,0.0,0,0.0,0.0,,0.0,bidTooLow
2023-10-24,14577.0,-1737.0,0.0,100,423.63,441.0,0,0.0,0.0,,0.0,0,0.0,0.0,,0.0,bidTooLow
2023-10-25,14577.0,-2345.0,0.0,100,417.55,441.0,0,0.0,0.0,,0.0,0,0.0,0.0,,0.0,bidTooLow
2023-10-26,14577.0,-2845.0,0.0,100,412.55,441.0,0,0.0,0.0,,0.0,0,0.0,0.0,,0.0,bidTooLow
2023-10-27,14577.0,-3032.0,0.0,100,410.68,441.0,0,0.0,0.0,,0.0,0,0.0,0.0,,0.0,bidTooLow
2023-10-30,14577.0,-2541.0,0.0,100,415.59,441.0,0,0.0,0.0,,0.0,0,0.0,0.0,,0.0,bidTooLow
2023-10-31,14577.0,-2280.0,0.0,100,418.2,441.0,0,0.0,0.0,,0.0,0,0.0,0.0,,0.0,bidTooLow
2023-11-01,14577.0,-1834.0,0.0,100,422.66,441.0,0,0.0,0.0,,0.0,0,0.0,0.0,,0.0,bidTooLow
2023-11-02,14577.0,-1024.0,0.0,100,430.76,441.0,0,0.0,0.0,,0.0,0,0.0,0.0,,0.0,bidTooLow
2023-11-03,14577.0,-631.0,0.0,100,434.69,441.0,0,0.0,0.0,,0.0,0,0.0,0.0,,0.0,bidTooLow
2023-11-06,14577.0,-531.0,0.0,100,435.69,441.0,0,0.0,0.0,,0.0,0,0.0,0.0,,0.0,bidTooLow
2023-11-07,14577.0,-407.0,0.0,100,436.93,441.0,0,0.0,0.0,,0.0,0,0.0,0.0,,0.0,bidTooLow
2023-11-08,14577.0,-375.0,0.0,100,437.25,441.0,0,0.0,0.0,,0.0,0,0.0,0.0,,0.0,bidTooLow
2023-11-09,14577.0,-716.0,0.0,100,433.84,441.0,0,0.0,0.0,,0.0,0,0.0,0.0,,0.0,bidTooLow
2023-11-10,14577.0,-42.0,0.0,100,440.61,441.0,0,0.0,0.0,,0.0,1,0.02,0.05,SPY231116C00454000,454.0,normalDay
2023-11-13,14577.0,-82.0,0.0,100,440.19,441.0,0,0.0,0.0,,0.0,1,0.02,0.03,SPY231116C00454000,454.0,normalDay
2023-11-14,14577.0,740.0,0.0,100,448.73,441.0,0,0.0,0.0,,0.0,1,0.02,0.35,SPY231116C00454000,454.0,normalDay
2023-11-15,14577.0,861.0,0.0,100,449.68,441.0,0,0.0,0.0,,0.0,1,0.02,0.09,SPY231116C00454000,454.0,normalDay
2023-11-16,14579.0,923.0,2.0,100,450.23,441.0,0,0.0,0.0,,0.0,1,0.02,0.0,SPY231116C00454000,454.0,expirationDay
2023-11-17,14579.0,979.0,0.0,100,450.79,441.0,0,0.0,0.0,,0.0,0,0.0,0.0,,0.0,bidTooLow
2023-11-20,14579.0,1326.0,0.0,100,454.26,441.0,0,0.0,0.0,,0.0,0,0.0,0.0,,0.0,bidTooLow
2023-11-21,14579.0,1227.0,0.0,100,453.27,441.0,0,0.0,0.0,,0.0,0,0.0,0.0,,0.0,bidTooLow
2023-11-22,14579.0,1402.0,0.0,100,455.02,441.0,0,0.0,0.0,,0.0,0,0.0,0.0,,0.0,bidTooLow
2023-11-24,14579.0,1430.0,0.0,100,455.3,441.0,0,0.0,0.0,,0.0,0,0.0,0.0,,0.0,bidTooLow
2023-11-27,14579.0,1348.0,0.0,100,454.48,441.0,0,0.0,0.0,,0.0,0,0.0,0.0,,0.0,bidTooLow
2023-11-28,14579.0,1393.0,0.0,100,454.93,441.0,0,0.0,0.0,,0.0,0,0.0,0.0,,0.0,bidTooLow
2023-11-29,14579.0,1361.0,0.0,100,454.61,441.0,0,0.0,0.0,,0.0,0,0.0,0.0,,0.0,bidTooLow
2023-11-30,14579.0,1540.0,0.0,100,456.4,441.0,0,0.0,0.0,,0.0,0,0.0,0.0,,0.0,bidTooLow
