date,totalCapital,unrializedPnL,rializedPnL,stocksOwned,stocksPriceToday,stocksPriceBoughtAt,putOwned,putOwnedSoldAt,putPriceToday,putOwnedContract,putOwnedStrike,callOwned,callOwnedSoldAt,callPriceToday,callOwnedContract,callOwnedStrike,trackType
2018-11-01,0.0,-6.0,0.0,0,273.51,0.0,1,1.79,1.85,SPY181119P00265000,265.0,0,0.0,0.0,,0.0,normalDay
2018-11-02,0.0,-26.0,0.0,0,271.89,0.0,1,1.79,2.05,SPY181119P00265000,265.0,0,0.0,0.0,,0.0,normalDay
2018-11-05,0.0,32.0,0.0,0,273.39,0.0,1,1.79,1.47,SPY181119P00265000,265.0,0,0.0,0.0,,0.0,normalDay
2018-11-06,0.0,65.0,0.0,0,275.12,0.0,1,1.79,1.14,SPY181119P00265000,265.0,0,0.0,0.0,,0.0,normalDay
2018-11-07,0.0,153.0,0.0,0,281.01,0.0,1,1.79,0.26,SPY181119P00265000,265.0,0,0.0,0.0,,0.0,normalDay
2018-11-08,0.0,153.0,0.0,0,280.5,0.0,1,1.79,0.26,SPY181119P00265000,265.0,0,0.0,0.0,,0.0,normalDay
2018-11-09,0.0,147.0,0.0,0,277.76,0.0,1,1.79,0.32,SPY181119P00265000,265.0,0,0.0,0.0,,0.0,normalDay
2018-11-12,0.0,90.0,0.0,0,272.57,0.0,1,1.79,0.89,SPY181119P00265000,265.0,0,0.0,0.0,,0.0,normalDay
2018-11-13,0.0,104.0,0.0,0,272.06,0.0,1,1.79,0.75,SPY181119P00265000,265.0,0,0.0,0.0,,0.0,normalDay
2018-11-14,0.0,71.0,0.0,0,270.2,0.0,1,1.79,1.08,SPY181119P00265000,265.0,0,0.0,0.0,,0.0,normalDay
2018-11-15,0.0,152.0,0.0,0,273.02,0.0,1,1.79,0.27,SPY181119P00265000,265.0,0,0.0,0.0,,0.0,normalDay
2018-11-16,0.0,175.0,0.0,0,273.73,0.0,1,1.79,0.04,SPY181119P00265000,265.0,0,0.0,0.0,,0.0,normalDay
2018-11-19,179.0,0.0,179.0,0,269.1,0.0,1,1.79,0.0,SPY181119P00265000,265.0,0,0.0,0.0,,0.0,expirationDay
2018-11-20,179.0,-8.0,0.0,0,264.12,0.0,1,4.95,5.03,SPY181207P00264500,264.5,0,0.0,0.0,,0.0,normalDay
2018-11-21,179.0,97.0,0.0,0,265.02,0.0,1,4.95,3.98,SPY181207P00264500,264.5,0,0.0,0.0,,0.0,normalDay
2018-11-23,179.0,13.0,0.0,0,263.25,0.0,1,4.95,4.82,SPY181207P00264500,264.5,0,0.0,0.0,,0.0,normalDay
2018-11-26,179.0,281.0,0.0,0,267.5,0.0,1,4.95,2.14,SPY181207P00264500,264.5,0,0.0,0.0,,0.0,normalDay
2018-11-27,179.0,286.0,0.0,0,268.4,0.0,1,4.95,2.09,SPY181207P00264500,264.5,0,0.0,0.0,,0.0,normalDay
2018-11-28,179.0,412.0,0.0,0,274.58,0.0,1,4.95,0.83,SPY181207P00264500,264.5,0,0.0,0.0,,0.0,normalDay
2018-11-29,179.0,407.0,0.0,0,273.98,0.0,1,4.95,0.88,SPY181207P00264500,264.5,0,0.0,0.0,,0.0,normalDay
2018-11-30,179.0,440.0,0.0,0,275.65,0.0,1,4.95,0.55,SPY181207P00264500,264.5,0,0.0,0.0,,0.0,normalDay
2018-12-03,179.0,489.0,0.0,0,279.3,0.0,1,4.95,0.06,SPY181207P00264500,264.5,0,0.0,0.0,,0.0,normalDay
2018-12-04,179.0,411.0,0.0,0,270.25,0.0,1,4.95,0.84,SPY181207P00264500,264.5,0,0.0,0.0,,0.0,normalDay
2018-12-06,179.0,470.0,0.0,0,269.84,0.0,1,4.95,0.25,SPY181207P00264500,264.5,0,0.0,0.0,,0.0,normalDay
2018-12-07,674.0,-93.0,495.0,100,263.57,264.5,1,4.95,0.0,SPY181207P00264500,264.5,0,0.0,0.0,,0.0,expirationDay
2018-12-10,674.0,-54.0,0.0,100,264.07,264.5,0,0.0,0.0,,0.0,1,2.99,3.1,SPY190628C00293000,293.0,normalDay
2018-12-11,674.0,-45.0,0.0,100,264.13,264.5,0,0.0,0.0,,0.0,1,2.99,3.07,SPY190628C00293000,293.0,normalDay
2018-12-12,674.0,60.0,0.0,100,265.46,264.5,0,0.0,0.0,,0.0,1,2.99,3.35,SPY190628C00293000,293.0,normalDay
2018-12-13,674.0,51.0,0.0,100,265.37,264.5,0,0.0,0.0,,0.0,1,2.99,3.35,SPY190628C00293000,293.0,normalDay
2018-12-14,674.0,-369.0,0.0,100,260.47,264.5,0,0.0,0.0,,0.0,1,2.99,2.65,SPY190628C00293000,293.0,normalDay
2018-12-17,674.0,-823.0,0.0,100,255.36,264.5,0,0.0,0.0,,0.0,1,2.99,2.08,SPY190628C00293000,293.0,normalDay
2018-12-18,674.0,-841.0,0.0,100,255.08,264.5,0,0.0,0.0,,0.0,1,2.99,1.98,SPY190628C00293000,293.0,normalDay
2018-12-19,674.0,-1172.0,0.0,100,251.26,264.5,0,0.0,0.0,,0.0,1,2.99,1.47,SPY190628C00293000,293.0,normalDay
2018-12-20,674.0,-1569.0,0.0,100,247.17,264.5,0,0.0,0.0,,0.0,1,2.99,1.35,SPY190628C00293000,293.0,normalDay
2018-12-21,674.0,-2164.0,0.0,100,240.7,264.5,0,0.0,0.0,,0.0,1,2.99,0.83,SPY190628C00293000,293.0,normalDay
2018-12-24,674.0,-2777.0,0.0,100,234.34,264.5,0,0.0,0.0,,0.0,1,2.99,0.6,SPY190628C00293000,293.0,normalDay
2018-12-26,674.0,-1646.0,0.0,100,246.18,264.5,0,0.0,0.0,,0.0,1,2.99,1.13,SPY190628C00293000,293.0,normalDay
2018-12-27,674.0,-1488.0,0.0,100,248.07,264.5,0,0.0,0.0,,0.0,1,2.99,1.44,SPY190628C00293000,293.0,normalDay
2018-12-28,674.0,-1502.0,0.0,100,247.75,264.5,0,0.0,0.0,,0.0,1,2.99,1.26,SPY190628C00293000,293.0,normalDay
2018-12-31,674.0,-1279.0,0.0,100,249.92,264.5,0,0.0,0.0,,0.0,1,2.99,1.2,SPY190628C00293000,293.0,normalDay
2019-01-02,674.0,-1236.0,0.0,100,250.18,264.5,0,0.0,0.0,,0.0,1,2.99,1.03,SPY190628C00293000,293.0,normalDay
2019-01-03,674.0,-1793.0,0.0,100,244.21,264.5,0,0.0,0.0,,0.0,1,2.99,0.63,SPY190628C00293000,293.0,normalDay
2019-01-04,674.0,-1015.0,0.0,100,252.39,264.5,0,0.0,0.0,,0.0,1,2.99,1.03,SPY190628C00293000,293.0,normalDay
2019-01-07,674.0,-822.0,0.0,100,254.38,264.5,0,0.0,0.0,,0.0,1,2.99,1.09,SPY190628C00293000,293.0,normalDay
2019-01-08,674.0,-595.0,0.0,100,256.77,264.5,0,0.0,0.0,,0.0,1,2.99,1.21,SPY190628C00293000,293.0,normalDay
2019-01-09,674.0,-472.0,0.0,100,257.97,264.5,0,0.0,0.0,,0.0,1,2.99,1.18,SPY190628C00293000,293.0,normalDay
2019-01-10,674.0,-388.0,0.0,100,258.88,264.5,0,0.0,0.0,,0.0,1,2.99,1.25,SPY190628C00293000,293.0,normalDay
2019-01-11,674.0,-355.0,0.0,100,258.98,264.5,0,0.0,0.0,,0.0,1,2.99,1.02,SPY190628C00293000,293.0,normalDay
2019-01-14,674.0,-490.0,0.0,100,257.4,264.5,0,0.0,0.0,,0.0,1,2.99,0.79,SPY190628C00293000,293.0,normalDay
2019-01-15,674.0,-200.0,0.0,100,260.35,264.5,0,0.0,0.0,,0.0,1,2.99,0.84,SPY190628C00293000,293.0,normalDay
2019-01-16,674.0,-143.0,0.0,100,260.98,264.5,0,0.0,0.0,,0.0,1,2.99,0.9,SPY190628C00293000,293.0,normalDay
2019-01-17,674.0,35.0,0.0,100,262.96,264.5,0,0.0,0.0,,0.0,1,2.99,1.1,SPY190628C00293000,293.0,normalDay
2019-01-18,674.0,339.0,0.0,100,266.46,264.5,0,0.0,0.0,,0.0,1,2.99,1.56,SPY190628C00293000,293.0,normalDay
2019-01-22,674.0,7.0,0.0,100,262.86,264.5,0,0.0,0.0,,0.0,1,2.99,1.28,SPY190628C00293000,293.0,normalDay
2019-01-23,674.0,69.0,0.0,100,263.41,264.5,0,0.0,0.0,,0.0,1,2.99,1.21,SPY190628C00293000,293.0,normalDay
2019-01-24,674.0,98.0,0.0,100,263.55,264.5,0,0.0,0.0,,0.0,1,2.99,1.06,SPY190628C00293000,293.0,normalDay
2019-01-25,674.0,291.0,0.0,100,265.78,264.5,0,0.0,0.0,,0.0,1,2.99,1.36,SPY190628C00293000,293.0,normalDay
2019-01-28,674.0,115.0,0.0,100,263.76,264.5,0,0.0,0.0,,0.0,1,2.99,1.1,SPY190628C00293000,293.0,normalDay
2019-01-29,674.0,85.0,0.0,100,263.41,264.5,0,0.0,0.0,,0.0,1,2.99,1.05,SPY190628C00293000,293.0,normalDay
2019-01-30,674.0,458.0,0.0,100,267.58,264.5,0,0.0,0.0,,0.0,1,2.99,1.49,SPY190628C00293000,293.0,normalDay
2019-01-31,674.0,659.0,0.0,100,269.93,264.5,0,0.0,0.0,,0.0,1,2.99,1.83,SPY190628C00293000,293.0,normalDay
2019-02-01,674.0,682.0,0.0,100,270.06,264.5,0,0.0,0.0,,0.0,1,2.99,1.73,SPY190628C00293000,293.0,normalDay
2019-02-04,674.0,852.0,0.0,100,271.96,264.5,0,0.0,0.0,,0.0,1,2.99,1.93,SPY190628C00293000,293.0,normalDay
2019-02-05,674.0,954.0,0.0,100,273.1,264.5,0,0.0,0.0,,0.0,1,2.99,2.05,SPY190628C00293000,293.0,normalDay
2019-02-06,674.0,933.0,0.0,100,272.74,264.5,0,0.0,0.0,,0.0,1,2.99,1.9,SPY190628C00293000,293.0,normalDay
2019-02-07,674.0,714.0,0.0,100,270.14,264.5,0,0.0,0.0,,0.0,1,2.99,1.49,SPY190628C00293000,293.0,normalDay
2019-02-08,674.0,751.0,0.0,100,270.47,264.5,0,0.0,0.0,,0.0,1,2.99,1.45,SPY190628C00293000,293.0,normalDay
2019-02-11,674.0,769.0,0.0,100,270.62,264.5,0,0.0,0.0,,0.0,1,2.99,1.42,SPY190628C00293000,293.0,normalDay
2019-02-12,674.0,1050.0,0.0,100,274.1,264.5,0,0.0,0.0,,0.0,1,2.99,2.09,SPY190628C00293000,293.0,normalDay
2019-02-13,674.0,1127.0,0.0,100,274.99,264.5,0,0.0,0.0,,0.0,1,2.99,2.21,SPY190628C00293000,293.0,normalDay
2019-02-14,674.0,1075.0,0.0,100,274.38,264.5,0,0.0,0.0,,0.0,1,2.99,2.12,SPY190628C00293000,293.0,normalDay
2019-02-15,674.0,1322.0,0.0,100,277.37,264.5,0,0.0,0.0,,0.0,1,2.99,2.64,SPY190628C00293000,293.0,normalDay
2019-02-19,674.0,1385.0,0.0,100,277.85,264.5,0,0.0,0.0,,0.0,1,2.99,2.49,SPY190628C00293000,293.0,normalDay
2019-02-20,674.0,1445.0,0.0,100,278.41,264.5,0,0.0,0.0,,0.0,1,2.99,2.45,SPY190628C00293000,293.0,normalDay
2019-02-21,674.0,1377.0,0.0,100,277.42,264.5,0,0.0,0.0,,0.0,1,2.99,2.14,SPY190628C00293000,293.0,normalDay
2019-02-22,674.0,1524.0,0.0,100,279.14,264.5,0,0.0,0.0,,0.0,1,2.99,2.39,SPY190628C00293000,293.0,normalDay
2019-02-25,674.0,1544.0,0.0,100,279.52,264.5,0,0.0,0.0,,0.0,1,2.99,2.57,SPY190628C00293000,293.0,normalDay
2019-02-26,674.0,1534.0,0.0,100,279.32,264.5,0,0.0,0.0,,0.0,1,2.99,2.47,SPY190628C00293000,293.0,normalDay
2019-02-27,674.0,1530.0,0.0,100,279.2,264.5,0,0.0,0.0,,0.0,1,2.99,2.39,SPY190628C00293000,293.0,normalDay
2019-02-28,674.0,1503.0,0.0,100,278.68,264.5,0,0.0,0.0,,0.0,1,2.99,2.14,SPY190628C00293000,293.0,normalDay
2019-03-01,674.0,1658.0,0.0,100,280.42,264.5,0,0.0,0.0,,0.0,1,2.99,2.33,SPY190628C00293000,293.0,normalDay
2019-03-04,674.0,1585.0,0.0,100,279.4,264.5,0,0.0,0.0,,0.0,1,2.99,2.04,SPY190628C00293000,293.0,normalDay
2019-03-05,674.0,1555.0,0.0,100,279.02,264.5,0,0.0,0.0,,0.0,1,2.99,1.96,SPY190628C00293000,293.0,normalDay
2019-03-06,674.0,1416.0,0.0,100,277.33,264.5,0,0.0,0.0,,0.0,1,2.99,1.66,SPY190628C00293000,293.0,normalDay
2019-03-07,674.0,1215.0,0.0,100,275.01,264.5,0,0.0,0.0,,0.0,1,2.99,1.35,SPY190628C00293000,293.0,normalDay
2019-03-08,674.0,1169.0,0.0,100,274.46,264.5,0,0.0,0.0,,0.0,1,2.99,1.26,SPY190628C00293000,293.0,normalDay
2019-03-11,674.0,1524.0,0.0,100,278.44,264.5,0,0.0,0.0,,0.0,1,2.99,1.69,SPY190628C00293000,293.0,normalDay
2019-03-12,674.0,1623.0,0.0,100,279.49,264.5,0,0.0,0.0,,0.0,1,2.99,1.75,SPY190628C00293000,293.0,normalDay
2019-03-13,674.0,1755.0,0.0,100,281.34,264.5,0,0.0,0.0,,0.0,1,2.99,2.28,SPY190628C00293000,293.0,normalDay
2019-03-14,674.0,1750.0,0.0,100,281.16,264.5,0,0.0,0.0,,0.0,1,2.99,2.15,SPY190628C00293000,293.0,normalDay
2019-03-15,674.0,1736.0,0.0,100,281.31,264.5,0,0.0,0.0,,0.0,1,2.99,2.44,SPY190628C00293000,293.0,normalDay
2019-03-18,674.0,1788.0,0.0,100,282.33,264.5,0,0.0,0.0,,0.0,1,2.99,2.94,SPY190628C00293000,293.0,normalDay
2019-03-19,674.0,1796.0,0.0,100,282.4,264.5,0,0.0,0.0,,0.0,1,2.99,2.93,SPY190628C00293000,293.0,normalDay
2019-03-20,674.0,1737.0,0.0,100,281.55,264.5,0,0.0,0.0,,0.0,1,2.99,2.67,SPY190628C00293000,293.0,normalDay
2019-03-21,674.0,1939.0,0.0,100,284.73,264.5,0,0.0,0.0,,0.0,1,2.99,3.83,SPY190628C00293000,293.0,normalDay
2019-03-22,674.0,1506.0,0.0,100,279.25,264.5,0,0.0,0.0,,0.0,1,2.99,2.68,SPY190628C00293000,293.0,normalDay
2019-03-25,674.0,1509.0,0.0,100,279.04,264.5,0,0.0,0.0,,0.0,1,2.99,2.44,SPY190628C00293000,293.0,normalDay
2019-03-26,674.0,1699.0,0.0,100,281.12,264.5,0,0.0,0.0,,0.0,1,2.99,2.62,SPY190628C00293000,293.0,normalDay
2019-03-27,674.0,1582.0,0.0,100,279.65,264.5,0,0.0,0.0,,0.0,1,2.99,2.32,SPY190628C00293000,293.0,normalDay
2019-03-28,674.0,1681.0,0.0,100,280.71,264.5,0,0.0,0.0,,0.0,1,2.99,2.39,SPY190628C00293000,293.0,normalDay
2019-03-29,674.0,1816.0,0.0,100,282.48,264.5,0,0.0,0.0,,0.0,1,2.99,2.81,SPY190628C00293000,293.0,normalDay
2019-04-01,674.0,2057.0,0.0,100,285.83,264.5,0,0.0,0.0,,0.0,1,2.99,3.75,SPY190628C00293000,293.0,normalDay
2019-04-02,674.0,2075.0,0.0,100,285.97,264.5,0,0.0,0.0,,0.0,1,2.99,3.71,SPY190628C00293000,293.0,normalDay
2019-04-03,674.0,2084.0,0.0,100,286.42,264.5,0,0.0,0.0,,0.0,1,2.99,4.07,SPY190628C00293000,293.0,normalDay
2019-04-04,674.0,2144.0,0.0,100,287.18,264.5,0,0.0,0.0,,0.0,1,2.99,4.23,SPY190628C00293000,293.0,normalDay
2019-04-05,674.0,2244.0,0.0,100,288.57,264.5,0,0.0,0.0,,0.0,1,2.99,4.62,SPY190628C00293000,293.0,normalDay
2019-04-08,674.0,2264.0,0.0,100,288.79,264.5,0,0.0,0.0,,0.0,1,2.99,4.64,SPY190628C00293000,293.0,normalDay
2019-04-09,674.0,2177.0,0.0,100,287.31,264.5,0,0.0,0.0,,0.0,1,2.99,4.03,SPY190628C00293000,293.0,normalDay
2019-04-10,674.0,2242.0,0.0,100,288.29,264.5,0,0.0,0.0,,0.0,1,2.99,4.36,SPY190628C00293000,293.0,normalDay
2019-04-11,674.0,2257.0,0.0,100,288.21,264.5,0,0.0,0.0,,0.0,1,2.99,4.13,SPY190628C00293000,293.0,normalDay
2019-04-12,674.0,2377.0,0.0,100,290.16,264.5,0,0.0,0.0,,0.0,1,2.99,4.88,SPY190628C00293000,293.0,normalDay
2019-04-15,674.0,2385.0,0.0,100,289.97,264.5,0,0.0,0.0,,0.0,1,2.99,4.61,SPY190628C00293000,293.0,normalDay
2019-04-16,674.0,2410.0,0.0,100,290.16,264.5,0,0.0,0.0,,0.0,1,2.99,4.55,SPY190628C00293000,293.0,normalDay
2019-04-17,674.0,2377.0,0.0,100,289.45,264.5,0,0.0,0.0,,0.0,1,2.99,4.17,SPY190628C00293000,293.0,normalDay
2019-04-18,674.0,2407.0,0.0,100,290.02,264.5,0,0.0,0.0,,0.0,1,2.99,4.44,SPY190628C00293000,293.0,normalDay
2019-04-22,674.0,2436.0,0.0,100,290.27,264.5,0,0.0,0.0,,0.0,1,2.99,4.4,SPY190628C00293000,293.0,normalDay
2019-04-23,674.0,2562.0,0.0,100,292.88,264.5,0,0.0,0.0,,0.0,1,2.99,5.75,SPY190628C00293000,293.0,normalDay
2019-04-24,674.0,2520.0,0.0,100,292.23,264.5,0,0.0,0.0,,0.0,1,2.99,5.52,SPY190628C00293000,293.0,normalDay
2019-04-25,674.0,2524.0,0.0,100,292.05,264.5,0,0.0,0.0,,0.0,1,2.99,5.3,SPY190628C00293000,293.0,normalDay
2019-04-26,674.0,2591.0,0.0,100,293.41,264.5,0,0.0,0.0,,0.0,1,2.99,5.99,SPY190628C00293000,293.0,normalDay
2019-04-29,674.0,2619.0,0.0,100,293.87,264.5,0,0.0,0.0,,0.0,1,2.99,6.17,SPY190628C00293000,293.0,normalDay
2019-04-30,674.0,2605.0,0.0,100,294.02,264.5,0,0.0,0.0,,0.0,1,2.99,6.46,SPY190628C00293000,293.0,normalDay
2019-05-01,674.0,2513.0,0.0,100,291.81,264.5,0,0.0,0.0,,0.0,1,2.99,5.17,SPY190628C00293000,293.0,normalDay
2019-05-02,674.0,2498.0,0.0,100,291.18,264.5,0,0.0,0.0,,0.0,1,2.99,4.69,SPY190628C00293000,293.0,normalDay
2019-05-03,674.0,2640.0,0.0,100,294.03,264.5,0,0.0,0.0,,0.0,1,2.99,6.12,SPY190628C00293000,293.0,normalDay
2019-05-06,674.0,2557.0,0.0,100,292.82,264.5,0,0.0,0.0,,0.0,1,2.99,5.74,SPY190628C00293000,293.0,normalDay
2019-05-07,674.0,2196.0,0.0,100,287.93,264.5,0,0.0,0.0,,0.0,1,2.99,4.46,SPY190628C00293000,293.0,normalDay
2019-05-08,674.0,2199.0,0.0,100,287.53,264.5,0,0.0,0.0,,0.0,1,2.99,4.03,SPY190628C00293000,293.0,normalDay
2019-05-09,674.0,2167.0,0.0,100,286.66,264.5,0,0.0,0.0,,0.0,1,2.99,3.48,SPY190628C00293000,293.0,normalDay
2019-05-10,674.0,2346.0,0.0,100,288.1,264.5,0,0.0,0.0,,0.0,1,2.99,3.13,SPY190628C00293000,293.0,normalDay
2019-05-13,674.0,1801.0,0.0,100,280.86,264.5,0,0.0,0.0,,0.0,1,2.99,1.34,SPY190628C00293000,293.0,normalDay
2019-05-14,674.0,2026.0,0.0,100,283.4,264.5,0,0.0,0.0,,0.0,1,2.99,1.63,SPY190628C00293000,293.0,normalDay
2019-05-15,674.0,2164.0,0.0,100,285.06,264.5,0,0.0,0.0,,0.0,1,2.99,1.91,SPY190628C00293000,293.0,normalDay
2019-05-16,674.0,2369.0,0.0,100,287.7,264.5,0,0.0,0.0,,0.0,1,2.99,2.5,SPY190628C00293000,293.0,normalDay
2019-05-17,674.0,2247.0,0.0,100,285.84,264.5,0,0.0,0.0,,0.0,1,2.99,1.86,SPY190628C00293000,293.0,normalDay
2019-05-20,674.0,2112.0,0.0,100,283.95,264.5,0,0.0,0.0,,0.0,1,2.99,1.32,SPY190628C00293000,293.0,normalDay
2019-05-21,674.0,2330.0,0.0,100,286.51,264.5,0,0.0,0.0,,0.0,1,2.99,1.7,SPY190628C00293000,293.0,normalDay
2019-05-22,674.0,2281.0,0.0,100,285.63,264.5,0,0.0,0.0,,0.0,1,2.99,1.31,SPY190628C00293000,293.0,normalDay
2019-05-23,674.0,1985.0,0.0,100,282.14,264.5,0,0.0,0.0,,0.0,1,2.99,0.78,SPY190628C00293000,293.0,normalDay
2019-05-24,674.0,2049.0,0.0,100,282.78,264.5,0,0.0,0.0,,0.0,1,2.99,0.78,SPY190628C00293000,293.0,normalDay
2019-05-28,674.0,1820.0,0.0,100,280.15,264.5,0,0.0,0.0,,0.0,1,2.99,0.44,SPY190628C00293000,293.0,normalDay
2019-05-29,674.0,1647.0,0.0,100,278.27,264.5,0,0.0,0.0,,0.0,1,2.99,0.29,SPY190628C00293000,293.0,normalDay
2019-05-30,674.0,1725.0,0.0,100,279.03,264.5,0,0.0,0.0,,0.0,1,2.99,0.27,SPY190628C00293000,293.0,normalDay
2019-05-31,674.0,1363.0,0.0,100,275.27,264.5,0,0.0,0.0,,0.0,1,2.99,0.13,SPY190628C00293000,293.0,normalDay
2019-06-03,674.0,1295.0,0.0,100,274.57,264.5,0,0.0,0.0,,0.0,1,2.99,0.11,SPY190628C00293000,293.0,normalDay
2019-06-04,674.0,1876.0,0.0,100,280.53,264.5,0,0.0,0.0,,0.0,1,2.99,0.26,SPY190628C00293000,293.0,normalDay
2019-06-05,674.0,2103.0,0.0,100,282.96,264.5,0,0.0,0.0,,0.0,1,2.99,0.42,SPY190628C00293000,293.0,normalDay
2019-06-06,674.0,2266.0,0.0,100,284.8,264.5,0,0.0,0.0,,0.0,1,2.99,0.63,SPY190628C00293000,293.0,normalDay
2019-06-07,674.0,2489.0,0.0,100,287.65,264.5,0,0.0,0.0,,0.0,1,2.99,1.25,SPY190628C00293000,293.0,normalDay
2019-06-10,674.0,2599.0,0.0,100,288.97,264.5,0,0.0,0.0,,0.0,1,2.99,1.47,SPY190628C00293000,293.0,normalDay
2019-06-11,674.0,2606.0,0.0,100,288.9,264.5,0,0.0,0.0,,0.0,1,2.99,1.33,SPY190628C00293000,293.0,normalDay
2019-06-12,674.0,2589.0,0.0,100,288.39,264.5,0,0.0,0.0,,0.0,1,2.99,0.99,SPY190628C00293000,293.0,normalDay
2019-06-13,674.0,2676.0,0.0,100,289.58,264.5,0,0.0,0.0,,0.0,1,2.99,1.31,SPY190628C00293000,293.0,normalDay
2019-06-14,674.0,2674.0,0.0,100,289.26,264.5,0,0.0,0.0,,0.0,1,2.99,1.01,SPY190628C00293000,293.0,normalDay
2019-06-17,674.0,2705.0,0.0,100,289.37,264.5,0,0.0,0.0,,0.0,1,2.99,0.81,SPY190628C00293000,293.0,normalDay
2019-06-18,674.0,2908.0,0.0,100,292.4,264.5,0,0.0,0.0,,0.0,1,2.99,1.81,SPY190628C00293000,293.0,normalDay
2019-06-19,674.0,2976.0,0.0,100,293.06,264.5,0,0.0,0.0,,0.0,1,2.99,1.79,SPY190628C00293000,293.0,normalDay
2019-06-20,674.0,3118.0,0.0,100,295.86,264.5,0,0.0,0.0,,0.0,1,2.99,3.17,SPY190628C00293000,293.0,normalDay
2019-06-21,674.0,2976.0,0.0,100,294.0,264.5,0,0.0,0.0,,0.0,1,2.99,2.73,SPY190628C00293000,293.0,normalDay
2019-06-24,674.0,2999.0,0.0,100,293.64,264.5,0,0.0,0.0,,0.0,1,2.99,2.14,SPY190628C00293000,293.0,normalDay
2019-06-25,674.0,2864.0,0.0,100,290.76,264.5,0,0.0,0.0,,0.0,1,2.99,0.61,SPY190628C00293000,293.0,normalDay
2019-06-26,674.0,2868.0,0.0,100,290.47,264.5,0,0.0,0.0,,0.0,1,2.99,0.28,SPY190628C00293000,293.0,normalDay
2019-06-27,674.0,2969.0,0.0,100,291.5,264.5,0,0.0,0.0,,0.0,1,2.99,0.3,SPY190628C00293000,293.0,normalDay
2019-06-28,973.0,2850.0,299.0,100,293.0,264.5,0,0.0,0.0,,0.0,1,2.99,0.0,SPY190628C00293000,293.0,expirationDay
2019-07-01,973.0,3105.0,0.0,100,295.66,264.5,0,0.0,0.0,,0.0,1,5.19,5.3,SPY200117C00309000,309.0,normalDay
2019-07-02,973.0,3186.0,0.0,100,296.43,264.5,0,0.0,0.0,,0.0,1,5.19,5.26,SPY200117C00309000,309.0,normalDay
2019-07-03,973.0,3323.0,0.0,100,298.8,264.5,0,0.0,0.0,,0.0,1,5.19,6.26,SPY200117C00309000,309.0,normalDay
2019-07-05,973.0,3323.0,0.0,100,298.46,264.5,0,0.0,0.0,,0.0,1,5.19,5.92,SPY200117C00309000,309.0,normalDay
2019-07-08,973.0,3194.0,0.0,100,296.82,264.5,0,0.0,0.0,,0.0,1,5.19,5.57,SPY200117C00309000,309.0,normalDay
2019-07-09,973.0,3215.0,0.0,100,297.19,264.5,0,0.0,0.0,,0.0,1,5.19,5.73,SPY200117C00309000,309.0,normalDay
2019-07-10,973.0,3301.0,0.0,100,298.61,264.5,0,0.0,0.0,,0.0,1,5.19,6.29,SPY200117C00309000,309.0,normalDay
2019-07-11,973.0,3352.0,0.0,100,299.31,264.5,0,0.0,0.0,,0.0,1,5.19,6.48,SPY200117C00309000,309.0,normalDay
2019-07-12,973.0,3428.0,0.0,100,300.65,264.5,0,0.0,0.0,,0.0,1,5.19,7.06,SPY200117C00309000,309.0,normalDay
2019-07-15,973.0,3435.0,0.0,100,300.75,264.5,0,0.0,0.0,,0.0,1,5.19,7.09,SPY200117C00309000,309.0,normalDay
2019-07-16,973.0,3374.0,0.0,100,299.78,264.5,0,0.0,0.0,,0.0,1,5.19,6.73,SPY200117C00309000,309.0,normalDay
2019-07-17,973.0,3246.0,0.0,100,297.74,264.5,0,0.0,0.0,,0.0,1,5.19,5.97,SPY200117C00309000,309.0,normalDay
2019-07-18,973.0,3314.0,0.0,100,298.83,264.5,0,0.0,0.0,,0.0,1,5.19,6.38,SPY200117C00309000,309.0,normalDay
2019-07-19,973.0,3212.0,0.0,100,297.17,264.5,0,0.0,0.0,,0.0,1,5.19,5.74,SPY200117C00309000,309.0,normalDay
2019-07-22,973.0,3280.0,0.0,100,297.9,264.5,0,0.0,0.0,,0.0,1,5.19,5.79,SPY200117C00309000,309.0,normalDay
2019-07-23,973.0,3428.0,0.0,100,300.03,264.5,0,0.0,0.0,,0.0,1,5.19,6.44,SPY200117C00309000,309.0,normalDay
2019-07-24,973.0,3511.0,0.0,100,301.44,264.5,0,0.0,0.0,,0.0,1,5.19,7.02,SPY200117C00309000,309.0,normalDay
2019-07-25,973.0,3423.0,0.0,100,300.0,264.5,0,0.0,0.0,,0.0,1,5.19,6.46,SPY200117C00309000,309.0,normalDay
2019-07-26,973.0,3556.0,0.0,100,302.01,264.5,0,0.0,0.0,,0.0,1,5.19,7.14,SPY200117C00309000,309.0,normalDay
2019-07-29,973.0,3520.0,0.0,100,301.46,264.5,0,0.0,0.0,,0.0,1,5.19,6.95,SPY200117C00309000,309.0,normalDay
2019-07-30,973.0,3467.0,0.0,100,300.72,264.5,0,0.0,0.0,,0.0,1,5.19,6.74,SPY200117C00309000,309.0,normalDay
2019-07-31,973.0,3241.0,0.0,100,297.43,264.5,0,0.0,0.0,,0.0,1,5.19,5.71,SPY200117C00309000,309.0,normalDay
2019-08-01,973.0,3049.0,0.0,100,294.84,264.5,0,0.0,0.0,,0.0,1,5.19,5.04,SPY200117C00309000,309.0,normalDay
2019-08-02,973.0,2914.0,0.0,100,292.62,264.5,0,0.0,0.0,,0.0,1,5.19,4.17,SPY200117C00309000,309.0,normalDay
2019-08-05,973.0,2208.0,0.0,100,283.82,264.5,0,0.0,0.0,,0.0,1,5.19,2.43,SPY200117C00309000,309.0,normalDay
2019-08-06,973.0,2560.0,0.0,100,287.8,264.5,0,0.0,0.0,,0.0,1,5.19,2.89,SPY200117C00309000,309.0,normalDay
2019-08-07,973.0,2578.0,0.0,100,287.97,264.5,0,0.0,0.0,,0.0,1,5.19,2.88,SPY200117C00309000,309.0,normalDay
2019-08-08,973.0,3024.0,0.0,100,293.62,264.5,0,0.0,0.0,,0.0,1,5.19,4.07,SPY200117C00309000,309.0,normalDay
2019-08-09,973.0,2861.0,0.0,100,291.62,264.5,0,0.0,0.0,,0.0,1,5.19,3.7,SPY200117C00309000,309.0,normalDay
2019-08-12,973.0,2575.0,0.0,100,288.07,264.5,0,0.0,0.0,,0.0,1,5.19,3.01,SPY200117C00309000,309.0,normalDay
2019-08-13,973.0,2935.0,0.0,100,292.55,264.5,0,0.0,0.0,,0.0,1,5.19,3.89,SPY200117C00309000,309.0,normalDay
2019-08-14,973.0,2212.0,0.0,100,283.9,264.5,0,0.0,0.0,,0.0,1,5.19,2.47,SPY200117C00309000,309.0,normalDay
2019-08-15,973.0,2285.0,0.0,100,284.65,264.5,0,0.0,0.0,,0.0,1,5.19,2.49,SPY200117C00309000,309.0,normalDay
2019-08-16,973.0,2641.0,0.0,100,288.85,264.5,0,0.0,0.0,,0.0,1,5.19,3.13,SPY200117C00309000,309.0,normalDay
2019-08-19,973.0,2941.0,0.0,100,292.33,264.5,0,0.0,0.0,,0.0,1,5.19,3.61,SPY200117C00309000,309.0,normalDay
2019-08-20,973.0,2775.0,0.0,100,290.09,264.5,0,0.0,0.0,,0.0,1,5.19,3.03,SPY200117C00309000,309.0,normalDay
2019-08-21,973.0,2960.0,0.0,100,292.45,264.5,0,0.0,0.0,,0.0,1,5.19,3.54,SPY200117C00309000,309.0,normalDay
2019-08-22,973.0,2962.0,0.0,100,292.36,264.5,0,0.0,0.0,,0.0,1,5.19,3.43,SPY200117C00309000,309.0,normalDay
2019-08-23,973.0,2320.0,0.0,100,284.85,264.5,0,0.0,0.0,,0.0,1,5.19,2.34,SPY200117C00309000,309.0,normalDay
2019-08-26,973.0,2591.0,0.0,100,288.0,264.5,0,0.0,0.0,,0.0,1,5.19,2.78,SPY200117C00309000,309.0,normalDay
2019-08-27,973.0,2499.0,0.0,100,286.87,264.5,0,0.0,0.0,,0.0,1,5.19,2.57,SPY200117C00309000,309.0,normalDay
2019-08-28,973.0,2658.0,0.0,100,288.89,264.5,0,0.0,0.0,,0.0,1,5.19,3.0,SPY200117C00309000,309.0,normalDay
2019-08-29,973.0,2958.0,0.0,100,292.58,264.5,0,0.0,0.0,,0.0,1,5.19,3.69,SPY200117C00309000,309.0,normalDay
2019-08-30,973.0,2942.0,0.0,100,292.45,264.5,0,0.0,0.0,,0.0,1,5.19,3.72,SPY200117C00309000,309.0,normalDay
2019-09-03,973.0,2822.0,0.0,100,290.74,264.5,0,0.0,0.0,,0.0,1,5.19,3.21,SPY200117C00309000,309.0,normalDay
2019-09-04,973.0,3094.0,0.0,100,294.04,264.5,0,0.0,0.0,,0.0,1,5.19,3.79,SPY200117C00309000,309.0,normalDay
2019-09-05,973.0,3375.0,0.0,100,297.82,264.5,0,0.0,0.0,,0.0,1,5.19,4.76,SPY200117C00309000,309.0,normalDay
2019-09-06,973.0,3403.0,0.0,100,298.05,264.5,0,0.0,0.0,,0.0,1,5.19,4.71,SPY200117C00309000,309.0,normalDay
2019-09-09,973.0,3433.0,0.0,100,298.2,264.5,0,0.0,0.0,,0.0,1,5.19,4.56,SPY200117C00309000,309.0,normalDay
2019-09-10,973.0,3433.0,0.0,100,298.13,264.5,0,0.0,0.0,,0.0,1,5.19,4.49,SPY200117C00309000,309.0,normalDay
2019-09-11,973.0,3557.0,0.0,100,300.25,264.5,0,0.0,0.0,,0.0,1,5.19,5.37,SPY200117C00309000,309.0,normalDay
2019-09-12,973.0,3631.0,0.0,100,301.29,264.5,0,0.0,0.0,,0.0,1,5.19,5.67,SPY200117C00309000,309.0,normalDay
2019-09-13,973.0,3633.0,0.0,100,301.09,264.5,0,0.0,0.0,,0.0,1,5.19,5.45,SPY200117C00309000,309.0,normalDay
2019-09-16,973.0,3563.0,0.0,100,300.16,264.5,0,0.0,0.0,,0.0,1,5.19,5.22,SPY200117C00309000,309.0,normalDay
2019-09-17,973.0,3603.0,0.0,100,300.92,264.5,0,0.0,0.0,,0.0,1,5.19,5.58,SPY200117C00309000,309.0,normalDay
2019-09-18,973.0,3626.0,0.0,100,301.1,264.5,0,0.0,0.0,,0.0,1,5.19,5.53,SPY200117C00309000,309.0,normalDay
2019-09-19,973.0,3641.0,0.0,100,301.08,264.5,0,0.0,0.0,,0.0,1,5.19,5.36,SPY200117C00309000,309.0,normalDay
2019-09-20,973.0,3402.0,0.0,100,298.28,264.5,0,0.0,0.0,,0.0,1,5.19,4.95,SPY200117C00309000,309.0,normalDay
2019-09-23,973.0,3414.0,0.0,100,298.21,264.5,0,0.0,0.0,,0.0,1,5.19,4.76,SPY200117C00309000,309.0,normalDay
2019-09-24,973.0,3234.0,0.0,100,295.87,264.5,0,0.0,0.0,,0.0,1,5.19,4.22,SPY200117C00309000,309.0,normalDay
2019-09-25,973.0,3384.0,0.0,100,297.62,264.5,0,0.0,0.0,,0.0,1,5.19,4.47,SPY200117C00309000,309.0,normalDay
2019-09-26,973.0,3343.0,0.0,100,297.0,264.5,0,0.0,0.0,,0.0,1,5.19,4.26,SPY200117C00309000,309.0,normalDay
2019-09-27,973.0,3227.0,0.0,100,295.4,264.5,0,0.0,0.0,,0.0,1,5.19,3.82,SPY200117C00309000,309.0,normalDay
2019-09-30,973.0,3349.0,0.0,100,296.77,264.5,0,0.0,0.0,,0.0,1,5.19,3.97,SPY200117C00309000,309.0,normalDay
2019-10-01,973.0,3097.0,0.0,100,293.24,264.5,0,0.0,0.0,,0.0,1,5.19,2.96,SPY200117C00309000,309.0,normalDay
2019-10-02,973.0,2686.0,0.0,100,288.06,264.5,0,0.0,0.0,,0.0,1,5.19,1.89,SPY200117C00309000,309.0,normalDay
2019-10-03,973.0,2890.0,0.0,100,290.42,264.5,0,0.0,0.0,,0.0,1,5.19,2.21,SPY200117C00309000,309.0,normalDay
2019-10-04,973.0,3218.0,0.0,100,294.35,264.5,0,0.0,0.0,,0.0,1,5.19,2.86,SPY200117C00309000,309.0,normalDay
2019-10-07,973.0,3136.0,0.0,100,293.08,264.5,0,0.0,0.0,,0.0,1,5.19,2.41,SPY200117C00309000,309.0,normalDay
2019-10-08,973.0,2749.0,0.0,100,288.53,264.5,0,0.0,0.0,,0.0,1,5.19,1.73,SPY200117C00309000,309.0,normalDay
2019-10-09,973.0,2990.0,0.0,100,291.27,264.5,0,0.0,0.0,,0.0,1,5.19,2.06,SPY200117C00309000,309.0,normalDay
2019-10-10,973.0,3147.0,0.0,100,293.24,264.5,0,0.0,0.0,,0.0,1,5.19,2.46,SPY200117C00309000,309.0,normalDay
2019-10-11,973.0,3397.0,0.0,100,296.28,264.5,0,0.0,0.0,,0.0,1,5.19,3.0,SPY200117C00309000,309.0,normalDay
2019-10-14,973.0,3414.0,0.0,100,295.95,264.5,0,0.0,0.0,,0.0,1,5.19,2.5,SPY200117C00309000,309.0,normalDay
2019-10-15,973.0,3630.0,0.0,100,298.88,264.5,0,0.0,0.0,,0.0,1,5.19,3.27,SPY200117C00309000,309.0,normalDay
2019-10-16,973.0,3604.0,0.0,100,298.4,264.5,0,0.0,0.0,,0.0,1,5.19,3.05,SPY200117C00309000,309.0,normalDay
2019-10-17,973.0,3673.0,0.0,100,299.28,264.5,0,0.0,0.0,,0.0,1,5.19,3.24,SPY200117C00309000,309.0,normalDay
2019-10-18,973.0,3570.0,0.0,100,297.97,264.5,0,0.0,0.0,,0.0,1,5.19,2.96,SPY200117C00309000,309.0,normalDay
2019-10-21,973.0,3732.0,0.0,100,299.99,264.5,0,0.0,0.0,,0.0,1,5.19,3.36,SPY200117C00309000,309.0,normalDay
2019-10-22,973.0,3669.0,0.0,100,299.01,264.5,0,0.0,0.0,,0.0,1,5.19,3.01,SPY200117C00309000,309.0,normalDay
2019-10-23,973.0,3732.0,0.0,100,299.88,264.5,0,0.0,0.0,,0.0,1,5.19,3.25,SPY200117C00309000,309.0,normalDay
2019-10-24,973.0,3785.0,0.0,100,300.37,264.5,0,0.0,0.0,,0.0,1,5.19,3.21,SPY200117C00309000,309.0,normalDay
2019-10-25,973.0,3880.0,0.0,100,301.6,264.5,0,0.0,0.0,,0.0,1,5.19,3.49,SPY200117C00309000,309.0,normalDay
2019-10-28,973.0,3983.0,0.0,100,303.3,264.5,0,0.0,0.0,,0.0,1,5.19,4.16,SPY200117C00309000,309.0,normalDay
2019-10-29,973.0,3984.0,0.0,100,303.21,264.5,0,0.0,0.0,,0.0,1,5.19,4.06,SPY200117C00309000,309.0,normalDay
2019-10-30,973.0,4042.0,0.0,100,304.14,264.5,0,0.0,0.0,,0.0,1,5.19,4.41,SPY200117C00309000,309.0,normalDay
2019-10-31,973.0,4013.0,0.0,100,303.33,264.5,0,0.0,0.0,,0.0,1,5.19,3.89,SPY200117C00309000,309.0,normalDay
2019-11-01,973.0,4186.0,0.0,100,306.14,264.5,0,0.0,0.0,,0.0,1,5.19,4.97,SPY200117C00309000,309.0,normalDay
2019-11-04,973.0,4247.0,0.0,100,307.37,264.5,0,0.0,0.0,,0.0,1,5.19,5.59,SPY200117C00309000,309.0,normalDay
2019-11-05,973.0,4225.0,0.0,100,307.03,264.5,0,0.0,0.0,,0.0,1,5.19,5.47,SPY200117C00309000,309.0,normalDay
2019-11-06,973.0,4226.0,0.0,100,307.1,264.5,0,0.0,0.0,,0.0,1,5.19,5.53,SPY200117C00309000,309.0,normalDay
2019-11-07,973.0,4281.0,0.0,100,308.18,264.5,0,0.0,0.0,,0.0,1,5.19,6.06,SPY200117C00309000,309.0,normalDay
2019-11-08,973.0,4326.0,0.0,100,308.94,264.5,0,0.0,0.0,,0.0,1,5.19,6.37,SPY200117C00309000,309.0,normalDay
2019-11-11,973.0,4304.0,0.0,100,308.35,264.5,0,0.0,0.0,,0.0,1,5.19,6.0,SPY200117C00309000,309.0,normalDay
2019-11-12,973.0,4359.0,0.0,100,309.0,264.5,0,0.0,0.0,,0.0,1,5.19,6.1,SPY200117C00309000,309.0,normalDay
2019-11-13,973.0,4352.0,0.0,100,309.1,264.5,0,0.0,0.0,,0.0,1,5.19,6.27,SPY200117C00309000,309.0,normalDay
2019-11-14,973.0,4379.0,0.0,100,309.55,264.5,0,0.0,0.0,,0.0,1,5.19,6.45,SPY200117C00309000,309.0,normalDay
2019-11-15,973.0,4501.0,0.0,100,311.79,264.5,0,0.0,0.0,,0.0,1,5.19,7.47,SPY200117C00309000,309.0,normalDay
2019-11-18,973.0,4514.0,0.0,100,312.02,264.5,0,0.0,0.0,,0.0,1,5.19,7.57,SPY200117C00309000,309.0,normalDay
2019-11-19,973.0,4519.0,0.0,100,311.93,264.5,0,0.0,0.0,,0.0,1,5.19,7.43,SPY200117C00309000,309.0,normalDay
2019-11-20,973.0,4475.0,0.0,100,310.77,264.5,0,0.0,0.0,,0.0,1,5.19,6.71,SPY200117C00309000,309.0,normalDay
2019-11-21,973.0,4444.0,0.0,100,310.27,264.5,0,0.0,0.0,,0.0,1,5.19,6.52,SPY200117C00309000,309.0,normalDay
2019-11-22,973.0,4489.0,0.0,100,310.96,264.5,0,0.0,0.0,,0.0,1,5.19,6.76,SPY200117C00309000,309.0,normalDay
2019-11-25,973.0,4624.0,0.0,100,313.37,264.5,0,0.0,0.0,,0.0,1,5.19,7.82,SPY200117C00309000,309.0,normalDay
2019-11-26,973.0,4635.0,0.0,100,314.08,264.5,0,0.0,0.0,,0.0,1,5.19,8.42,SPY200117C00309000,309.0,normalDay
2019-11-27,973.0,4679.0,0.0,100,315.48,264.5,0,0.0,0.0,,0.0,1,5.19,9.38,SPY200117C00309000,309.0,normalDay
2019-11-29,973.0,4624.0,0.0,100,314.31,264.5,0,0.0,0.0,,0.0,1,5.19,8.76,SPY200117C00309000,309.0,normalDay
2019-12-02,973.0,4520.0,0.0,100,311.64,264.5,0,0.0,0.0,,0.0,1,5.19,7.13,SPY200117C00309000,309.0,normalDay
2019-12-03,973.0,4415.0,0.0,100,309.55,264.5,0,0.0,0.0,,0.0,1,5.19,6.09,SPY200117C00309000,309.0,normalDay
2019-12-04,973.0,4533.0,0.0,100,311.46,264.5,0,0.0,0.0,,0.0,1,5.19,6.82,SPY200117C00309000,309.0,normalDay
2019-12-05,973.0,4553.0,0.0,100,312.02,264.5,0,0.0,0.0,,0.0,1,5.19,7.18,SPY200117C00309000,309.0,normalDay
2019-12-06,973.0,4684.0,0.0,100,314.87,264.5,0,0.0,0.0,,0.0,1,5.19,8.72,SPY200117C00309000,309.0,normalDay
2019-12-09,973.0,4641.0,0.0,100,313.88,264.5,0,0.0,0.0,,0.0,1,5.19,8.16,SPY200117C00309000,309.0,normalDay
2019-12-10,973.0,4608.0,0.0,100,313.53,264.5,0,0.0,0.0,,0.0,1,5.19,8.14,SPY200117C00309000,309.0,normalDay
2019-12-11,973.0,4664.0,0.0,100,314.42,264.5,0,0.0,0.0,,0.0,1,5.19,8.47,SPY200117C00309000,309.0,normalDay
2019-12-12,973.0,4784.0,0.0,100,317.13,264.5,0,0.0,0.0,,0.0,1,5.19,9.98,SPY200117C00309000,309.0,normalDay
2019-12-13,973.0,4830.0,0.0,100,317.32,264.5,0,0.0,0.0,,0.0,1,5.19,9.71,SPY200117C00309000,309.0,normalDay
2019-12-16,973.0,4865.0,0.0,100,319.5,264.5,0,0.0,0.0,,0.0,1,5.19,11.54,SPY200117C00309000,309.0,normalDay
2019-12-17,973.0,4895.0,0.0,100,319.57,264.5,0,0.0,0.0,,0.0,1,5.19,11.31,SPY200117C00309000,309.0,normalDay
2019-12-18,973.0,4888.0,0.0,100,319.59,264.5,0,0.0,0.0,,0.0,1,5.19,11.4,SPY200117C00309000,309.0,normalDay
2019-12-19,973.0,4910.0,0.0,100,320.9,264.5,0,0.0,0.0,,0.0,1,5.19,12.49,SPY200117C00309000,309.0,normalDay
2019-12-20,973.0,4756.0,0.0,100,320.73,264.5,0,0.0,0.0,,0.0,1,5.19,13.86,SPY200117C00309000,309.0,normalDay
2019-12-23,973.0,4808.0,0.0,100,321.22,264.5,0,0.0,0.0,,0.0,1,5.19,13.83,SPY200117C00309000,309.0,normalDay
2019-12-24,973.0,4806.0,0.0,100,321.23,264.5,0,0.0,0.0,,0.0,1,5.19,13.86,SPY200117C00309000,309.0,normalDay
2019-12-26,973.0,4836.0,0.0,100,322.94,264.5,0,0.0,0.0,,0.0,1,5.19,15.27,SPY200117C00309000,309.0,normalDay
2019-12-27,973.0,4859.0,0.0,100,322.86,264.5,0,0.0,0.0,,0.0,1,5.19,14.96,SPY200117C00309000,309.0,normalDay
2019-12-30,973.0,4814.0,0.0,100,321.08,264.5,0,0.0,0.0,,0.0,1,5.19,13.63,SPY200117C00309000,309.0,normalDay
2019-12-31,973.0,4823.0,0.0,100,321.86,264.5,0,0.0,0.0,,0.0,1,5.19,14.32,SPY200117C00309000,309.0,normalDay
2020-01-02,973.0,4904.0,0.0,100,324.87,264.5,0,0.0,0.0,,0.0,1,5.19,16.52,SPY200117C00309000,309.0,normalDay
2020-01-03,973.0,4861.0,0.0,100,322.41,264.5,0,0.0,0.0,,0.0,1,5.19,14.49,SPY200117C00309000,309.0,normalDay
2020-01-06,973.0,4899.0,0.0,100,323.64,264.5,0,0.0,0.0,,0.0,1,5.19,15.34,SPY200117C00309000,309.0,normalDay
2020-01-07,973.0,4930.0,0.0,100,322.73,264.5,0,0.0,0.0,,0.0,1,5.19,14.12,SPY200117C00309000,309.0,normalDay
2020-01-08,973.0,4898.0,0.0,100,324.45,264.5,0,0.0,0.0,,0.0,1,5.19,16.16,SPY200117C00309000,309.0,normalDay
2020-01-09,973.0,4936.0,0.0,100,326.65,264.5,0,0.0,0.0,,0.0,1,5.19,17.98,SPY200117C00309000,309.0,normalDay
2020-01-10,973.0,4958.0,0.0,100,325.71,264.5,0,0.0,0.0,,0.0,1,5.19,16.82,SPY200117C00309000,309.0,normalDay
2020-01-13,973.0,4949.0,0.0,100,327.95,264.5,0,0.0,0.0,,0.0,1,5.19,19.15,SPY200117C00309000,309.0,normalDay
2020-01-14,973.0,4927.0,0.0,100,327.45,264.5,0,0.0,0.0,,0.0,1,5.19,18.87,SPY200117C00309000,309.0,normalDay
2020-01-15,973.0,4946.0,0.0,100,328.19,264.5,0,0.0,0.0,,0.0,1,5.19,19.42,SPY200117C00309000,309.0,normalDay
2020-01-16,973.0,4973.0,0.0,100,330.92,264.5,0,0.0,0.0,,0.0,1,5.19,21.88,SPY200117C00309000,309.0,normalDay
2020-01-17,5942.0,4973.0,4969.0,0,331.95,0.0,0,0.0,0.0,,0.0,1,5.19,0.0,SPY200117C00309000,309.0,expirationDay
2020-01-21,5942.0,-4.0,0.0,0,331.3,0.0,1,0.8,0.84,SPY200207P00320000,320.0,0,0.0,0.0,,0.0,normalDay
2020-01-22,5942.0,2.0,0.0,0,331.34,0.0,1,0.8,0.78,SPY200207P00320000,320.0,0,0.0,0.0,,0.0,normalDay
2020-01-23,5942.0,10.0,0.0,0,331.72,0.0,1,0.8,0.7,SPY200207P00320000,320.0,0,0.0,0.0,,0.0,normalDay
2020-01-24,5942.0,-45.0,0.0,0,328.77,0.0,1,0.8,1.25,SPY200207P00320000,320.0,0,0.0,0.0,,0.0,normalDay
2020-01-27,5942.0,-225.0,0.0,0,323.5,0.0,1,0.8,3.05,SPY200207P00320000,320.0,0,0.0,0.0,,0.0,normalDay
2020-01-28,5942.0,-83.0,0.0,0,326.89,0.0,1,0.8,1.63,SPY200207P00320000,320.0,0,0.0,0.0,,0.0,normalDay
2020-01-29,5942.0,-74.0,0.0,0,326.62,0.0,1,0.8,1.54,SPY200207P00320000,320.0,0,0.0,0.0,,0.0,normalDay
2020-01-30,5942.0,-9.0,0.0,0,327.68,0.0,1,0.8,0.89,SPY200207P00320000,320.0,0,0.0,0.0,,0.0,normalDay
2020-01-31,5942.0,-209.0,0.0,0,321.73,0.0,1,0.8,2.89,SPY200207P00320000,320.0,0,0.0,0.0,,0.0,normalDay
2020-02-03,5942.0,-75.0,0.0,0,324.12,0.0,1,0.8,1.55,SPY200207P00320000,320.0,0,0.0,0.0,,0.0,normalDay
2020-02-04,5942.0,57.0,0.0,0,329.06,0.0,1,0.8,0.23,SPY200207P00320000,320.0,0,0.0,0.0,,0.0,normalDay
2020-02-05,5942.0,75.0,0.0,0,332.86,0.0,1,0.8,0.05,SPY200207P00320000,320.0,0,0.0,0.0,,0.0,normalDay
2020-02-06,5942.0,78.0,0.0,0,333.98,0.0,1,0.8,0.02,SPY200207P00320000,320.0,0,0.0,0.0,,0.0,normalDay
2020-02-07,6022.0,0.0,80.0,0,332.2,0.0,1,0.8,0.0,SPY200207P00320000,320.0,0,0.0,0.0,,0.0,expirationDay
2020-02-10,6022.0,-4.0,0.0,0,334.68,0.0,1,1.07,1.11,SPY200228P00324000,324.0,0,0.0,0.0,,0.0,normalDay
2020-02-11,6022.0,6.0,0.0,0,335.26,0.0,1,1.07,1.01,SPY200228P00324000,324.0,0,0.0,0.0,,0.0,normalDay
2020-02-12,6022.0,49.0,0.0,0,337.42,0.0,1,1.07,0.58,SPY200228P00324000,324.0,0,0.0,0.0,,0.0,normalDay
2020-02-13,6022.0,47.0,0.0,0,337.06,0.0,1,1.07,0.6,SPY200228P00324000,324.0,0,0.0,0.0,,0.0,normalDay
2020-02-14,6022.0,64.0,0.0,0,337.6,0.0,1,1.07,0.43,SPY200228P00324000,324.0,0,0.0,0.0,,0.0,normalDay
2020-02-18,6022.0,68.0,0.0,0,336.73,0.0,1,1.07,0.39,SPY200228P00324000,324.0,0,0.0,0.0,,0.0,normalDay
2020-02-19,6022.0,87.0,0.0,0,338.34,0.0,1,1.07,0.2,SPY200228P00324000,324.0,0,0.0,0.0,,0.0,normalDay
2020-02-20,6022.0,81.0,0.0,0,336.95,0.0,1,1.07,0.26,SPY200228P00324000,324.0,0,0.0,0.0,,0.0,normalDay
2020-02-21,6022.0,59.0,0.0,0,333.48,0.0,1,1.07,0.48,SPY200228P00324000,324.0,0,0.0,0.0,,0.0,normalDay
2020-02-24,6022.0,-397.0,0.0,0,322.42,0.0,1,1.07,5.04,SPY200228P00324000,324.0,0,0.0,0.0,,0.0,normalDay
2020-02-25,6022.0,-1026.0,0.0,0,312.65,0.0,1,1.07,11.33,SPY200228P00324000,324.0,0,0.0,0.0,,0.0,normalDay
2020-02-26,6022.0,-1211.0,0.0,0,311.5,0.0,1,1.07,13.18,SPY200228P00324000,324.0,0,0.0,0.0,,0.0,normalDay
2020-02-27,6022.0,-2574.0,0.0,0,297.51,0.0,1,1.07,26.81,SPY200228P00324000,324.0,0,0.0,0.0,,0.0,normalDay
2020-02-28,6129.0,-2774.0,107.0,100,296.26,324.0,1,1.07,0.0,SPY200228P00324000,324.0,0,0.0,0.0,,0.0,expirationDay
2020-03-02,6129.0,-1491.0,0.0,100,309.09,324.0,0,0.0,0.0,,0.0,0,0.0,0.0,,0.0,bidTooLow
2020-03-03,6129.0,-2376.0,0.0,100,300.24,324.0,0,0.0,0.0,,0.0,0,0.0,0.0,,0.0,bidTooLow
2020-03-04,6129.0,-1126.0,0.0,100,312.86,324.0,0,0.0,0.0,,0.0,1,0.11,0.23,SPY201016C00395000,395.0,normalDay
2020-03-05,6129.0,-2173.0,0.0,100,302.46,324.0,0,0.0,0.0,,0.0,1,0.11,0.3,SPY201016C00395000,395.0,normalDay
2020-03-06,6129.0,-2682.0,0.0,100,297.46,324.0,0,0.0,0.0,,0.0,1,0.11,0.39,SPY201016C00395000,395.0,normalDay
2020-03-09,6129.0,-5032.0,0.0,100,274.23,324.0,0,0.0,0.0,,0.0,1,0.11,0.66,SPY201016C00395000,395.0,normalDay
2020-03-10,6129.0,-3587.0,0.0,100,288.42,324.0,0,0.0,0.0,,0.0,1,0.11,0.4,SPY201016C00395000,395.0,normalDay
2020-03-11,6129.0,-5009.0,0.0,100,274.36,324.0,0,0.0,0.0,,0.0,1,0.11,0.56,SPY201016C00395000,395.0,normalDay
2020-03-12,6129.0,-7681.0,0.0,100,248.11,324.0,0,0.0,0.0,,0.0,1,0.11,1.03,SPY201016C00395000,395.0,normalDay
2020-03-13,6129.0,-5557.0,0.0,100,269.32,324.0,0,0.0,0.0,,0.0,1,0.11,1.0,SPY201016C00395000,395.0,normalDay
2020-03-16,6129.0,-8458.0,0.0,100,239.85,324.0,0,0.0,0.0,,0.0,1,0.11,0.54,SPY201016C00395000,395.0,normalDay
2020-03-17,6129.0,-7135.0,0.0,100,252.8,324.0,0,0.0,0.0,,0.0,1,0.11,0.26,SPY201016C00395000,395.0,normalDay
2020-03-18,6129.0,-8423.0,0.0,100,240.0,324.0,0,0.0,0.0,,0.0,1,0.11,0.34,SPY201016C00395000,395.0,normalDay
2020-03-19,6129.0,-8380.0,0.0,100,240.51,324.0,0,0.0,0.0,,0.0,1,0.11,0.42,SPY201016C00395000,395.0,normalDay
2020-03-20,6129.0,-9525.0,0.0,100,228.8,324.0,0,0.0,0.0,,0.0,1,0.11,0.16,SPY201016C00395000,395.0,normalDay
2020-03-23,6129.0,-10113.0,0.0,100,222.95,324.0,0,0.0,0.0,,0.0,1,0.11,0.19,SPY201016C00395000,395.0,normalDay
2020-03-24,6129.0,-8104.0,0.0,100,243.15,324.0,0,0.0,0.0,,0.0,1,0.11,0.3,SPY201016C00395000,395.0,normalDay
2020-03-25,6129.0,-7745.0,0.0,100,246.79,324.0,0,0.0,0.0,,0.0,1,0.11,0.35,SPY201016C00395000,395.0,normalDay
2020-03-26,6129.0,-6293.0,0.0,100,261.2,324.0,0,0.0,0.0,,0.0,1,0.11,0.24,SPY201016C00395000,395.0,normalDay
2020-03-27,6129.0,-7065.0,0.0,100,253.42,324.0,0,0.0,0.0,,0.0,1,0.11,0.18,SPY201016C00395000,395.0,normalDay
2020-03-30,6129.0,-6235.0,0.0,100,261.65,324.0,0,0.0,0.0,,0.0,1,0.11,0.11,SPY201016C00395000,395.0,normalDay
2020-03-31,6129.0,-6629.0,0.0,100,257.75,324.0,0,0.0,0.0,,0.0,1,0.11,0.15,SPY201016C00395000,395.0,normalDay
2020-04-01,6129.0,-7786.0,0.0,100,246.15,324.0,0,0.0,0.0,,0.0,1,0.11,0.12,SPY201016C00395000,395.0,normalDay
2020-04-02,6129.0,-7219.0,0.0,100,251.83,324.0,0,0.0,0.0,,0.0,1,0.11,0.13,SPY201016C00395000,395.0,normalDay
2020-04-03,6129.0,-7579.0,0.0,100,248.19,324.0,0,0.0,0.0,,0.0,1,0.11,0.09,SPY201016C00395000,395.0,normalDay
2020-04-06,6129.0,-5919.0,0.0,100,264.86,324.0,0,0.0,0.0,,0.0,1,0.11,0.16,SPY201016C00395000,395.0,normalDay
2020-04-07,6129.0,-5895.0,0.0,100,265.13,324.0,0,0.0,0.0,,0.0,1,0.11,0.19,SPY201016C00395000,395.0,normalDay
2020-04-08,6129.0,-5005.0,0.0,100,274.03,324.0,0,0.0,0.0,,0.0,1,0.11,0.19,SPY201016C00395000,395.0,normalDay
2020-04-09,6129.0,-4592.0,0.0,100,278.2,324.0,0,0.0,0.0,,0.0,1,0.11,0.23,SPY201016C00395000,395.0,normalDay
2020-04-13,6129.0,-4842.0,0.0,100,275.66,324.0,0,0.0,0.0,,0.0,1,0.11,0.19,SPY201016C00395000,395.0,normalDay
2020-04-14,6129.0,-4025.0,0.0,100,283.79,324.0,0,0.0,0.0,,0.0,1,0.11,0.15,SPY201016C00395000,395.0,normalDay
2020-04-15,6129.0,-4629.0,0.0,100,277.76,324.0,0,0.0,0.0,,0.0,1,0.11,0.16,SPY201016C00395000,395.0,normalDay
2020-04-16,6129.0,-4499.0,0.0,100,279.1,324.0,0,0.0,0.0,,0.0,1,0.11,0.2,SPY201016C00395000,395.0,normalDay
2020-04-17,6129.0,-3746.0,0.0,100,286.64,324.0,0,0.0,0.0,,0.0,1,0.11,0.21,SPY201016C00395000,395.0,normalDay
2020-04-20,6129.0,-4244.0,0.0,100,281.59,324.0,0,0.0,0.0,,0.0,1,0.11,0.14,SPY201016C00395000,395.0,normalDay
2020-04-21,6129.0,-5101.0,0.0,100,273.04,324.0,0,0.0,0.0,,0.0,1,0.11,0.16,SPY201016C00395000,395.0,normalDay
2020-04-22,6129.0,-4495.0,0.0,100,279.1,324.0,0,0.0,0.0,,0.0,1,0.11,0.16,SPY201016C00395000,395.0,normalDay
2020-04-23,6129.0,-4497.0,0.0,100,279.08,324.0,0,0.0,0.0,,0.0,1,0.11,0.16,SPY201016C00395000,395.0,normalDay
2020-04-24,6129.0,-4109.0,0.0,100,282.97,324.0,0,0.0,0.0,,0.0,1,0.11,0.17,SPY201016C00395000,395.0,normalDay
2020-04-27,6129.0,-3700.0,0.0,100,287.05,324.0,0,0.0,0.0,,0.0,1,0.11,0.16,SPY201016C00395000,395.0,normalDay
2020-04-28,6129.0,-3829.0,0.0,100,285.73,324.0,0,0.0,0.0,,0.0,1,0.11,0.13,SPY201016C00395000,395.0,normalDay
2020-04-29,6129.0,-3081.0,0.0,100,293.21,324.0,0,0.0,0.0,,0.0,1,0.11,0.13,SPY201016C00395000,395.0,normalDay
2020-04-30,6129.0,-3359.0,0.0,100,290.48,324.0,0,0.0,0.0,,0.0,1,0.11,0.18,SPY201016C00395000,395.0,normalDay
2020-05-01,6129.0,-4124.0,0.0,100,282.79,324.0,0,0.0,0.0,,0.0,1,0.11,0.14,SPY201016C00395000,395.0,normalDay
2020-05-04,6129.0,-4045.0,0.0,100,283.57,324.0,0,0.0,0.0,,0.0,1,0.11,0.13,SPY201016C00395000,395.0,normalDay
2020-05-05,6129.0,-3779.0,0.0,100,286.19,324.0,0,0.0,0.0,,0.0,1,0.11,0.09,SPY201016C00395000,395.0,normalDay
2020-05-06,6129.0,-3973.0,0.0,100,284.25,324.0,0,0.0,0.0,,0.0,1,0.11,0.09,SPY201016C00395000,395.0,normalDay
2020-05-07,6129.0,-3630.0,0.0,100,287.68,324.0,0,0.0,0.0,,0.0,1,0.11,0.09,SPY201016C00395000,395.0,normalDay
2020-05-08,6129.0,-3153.0,0.0,100,292.44,324.0,0,0.0,0.0,,0.0,1,0.11,0.08,SPY201016C00395000,395.0,normalDay
2020-05-11,6129.0,-3147.0,0.0,100,292.5,324.0,0,0.0,0.0,,0.0,1,0.11,0.08,SPY201016C00395000,395.0,normalDay
2020-05-12,6129.0,-3734.0,0.0,100,286.67,324.0,0,0.0,0.0,,0.0,1,0.11,0.12,SPY201016C00395000,395.0,normalDay
2020-05-13,6129.0,-4236.0,0.0,100,281.6,324.0,0,0.0,0.0,,0.0,1,0.11,0.07,SPY201016C00395000,395.0,normalDay
2020-05-14,6129.0,-3899.0,0.0,100,284.97,324.0,0,0.0,0.0,,0.0,1,0.11,0.07,SPY201016C00395000,395.0,normalDay
2020-05-15,6129.0,-3767.0,0.0,100,286.28,324.0,0,0.0,0.0,,0.0,1,0.11,0.06,SPY201016C00395000,395.0,normalDay
2020-05-18,6129.0,-2898.0,0.0,100,295.0,324.0,0,0.0,0.0,,0.0,1,0.11,0.09,SPY201016C00395000,395.0,normalDay
2020-05-19,6129.0,-3199.0,0.0,100,291.97,324.0,0,0.0,0.0,,0.0,1,0.11,0.07,SPY201016C00395000,395.0,normalDay
2020-05-20,6129.0,-2705.0,0.0,100,296.93,324.0,0,0.0,0.0,,0.0,1,0.11,0.09,SPY201016C00395000,395.0,normalDay
2020-05-21,6129.0,-2910.0,0.0,100,294.88,324.0,0,0.0,0.0,,0.0,1,0.11,0.09,SPY201016C00395000,395.0,normalDay
2020-05-22,6129.0,-2855.0,0.0,100,295.44,324.0,0,0.0,0.0,,0.0,1,0.11,0.1,SPY201016C00395000,395.0,normalDay
2020-05-26,6129.0,-2490.0,0.0,100,299.08,324.0,0,0.0,0.0,,0.0,1,0.11,0.09,SPY201016C00395000,395.0,normalDay
2020-05-27,6129.0,-2047.0,0.0,100,303.53,324.0,0,0.0,0.0,,0.0,1,0.11,0.11,SPY201016C00395000,395.0,normalDay
2020-05-28,6129.0,-2108.0,0.0,100,302.97,324.0,0,0.0,0.0,,0.0,1,0.11,0.16,SPY201016C00395000,395.0,normalDay
2020-05-29,6129.0,-1970.0,0.0,100,304.32,324.0,0,0.0,0.0,,0.0,1,0.11,0.13,SPY201016C00395000,395.0,normalDay
2020-06-01,6129.0,-1845.0,0.0,100,305.55,324.0,0,0.0,0.0,,0.0,1,0.11,0.11,SPY201016C00395000,395.0,normalDay
2020-06-02,6129.0,-1594.0,0.0,100,308.08,324.0,0,0.0,0.0,,0.0,1,0.11,0.13,SPY201016C00395000,395.0,normalDay
2020-06-03,6129.0,-1189.0,0.0,100,312.18,324.0,0,0.0,0.0,,0.0,1,0.11,0.18,SPY201016C00395000,395.0,normalDay
2020-06-04,6129.0,-1268.0,0.0,100,311.36,324.0,0,0.0,0.0,,0.0,1,0.11,0.15,SPY201016C00395000,395.0,normalDay
2020-06-05,6129.0,-477.0,0.0,100,319.34,324.0,0,0.0,0.0,,0.0,1,0.11,0.22,SPY201016C00395000,395.0,normalDay
2020-06-08,6129.0,-103.0,0.0,100,323.2,324.0,0,0.0,0.0,,0.0,1,0.11,0.34,SPY201016C00395000,395.0,normalDay
2020-06-09,6129.0,-348.0,0.0,100,320.79,324.0,0,0.0,0.0,,0.0,1,0.11,0.38,SPY201016C00395000,395.0,normalDay
2020-06-10,6129.0,-514.0,0.0,100,319.0,324.0,0,0.0,0.0,,0.0,1,0.11,0.25,SPY201016C00395000,395.0,normalDay
2020-06-11,6129.0,-2356.0,0.0,100,300.61,324.0,0,0.0,0.0,,0.0,1,0.11,0.28,SPY201016C00395000,395.0,normalDay
2020-06-12,6129.0,-1990.0,0.0,100,304.21,324.0,0,0.0,0.0,,0.0,1,0.11,0.22,SPY201016C00395000,395.0,normalDay
2020-06-15,6129.0,-1709.0,0.0,100,307.05,324.0,0,0.0,0.0,,0.0,1,0.11,0.25,SPY201016C00395000,395.0,normalDay
2020-06-16,6129.0,-1125.0,0.0,100,312.96,324.0,0,0.0,0.0,,0.0,1,0.11,0.32,SPY201016C00395000,395.0,normalDay
2020-06-17,6129.0,-1253.0,0.0,100,311.66,324.0,0,0.0,0.0,,0.0,1,0.11,0.3,SPY201016C00395000,395.0,normalDay
2020-06-18,6129.0,-1240.0,0.0,100,311.78,324.0,0,0.0,0.0,,0.0,1,0.11,0.29,SPY201016C00395000,395.0,normalDay
2020-06-19,6129.0,-1553.0,0.0,100,308.64,324.0,0,0.0,0.0,,0.0,1,0.11,0.28,SPY201016C00395000,395.0,normalDay
2020-06-22,6129.0,-1354.0,0.0,100,310.62,324.0,0,0.0,0.0,,0.0,1,0.11,0.27,SPY201016C00395000,395.0,normalDay
2020-06-23,6129.0,-1212.0,0.0,100,312.05,324.0,0,0.0,0.0,,0.0,1,0.11,0.28,SPY201016C00395000,395.0,normalDay
2020-06-24,6129.0,-2003.0,0.0,100,304.09,324.0,0,0.0,0.0,,0.0,1,0.11,0.23,SPY201016C00395000,395.0,normalDay
2020-06-25,6129.0,-1676.0,0.0,100,307.35,324.0,0,0.0,0.0,,0.0,1,0.11,0.22,SPY201016C00395000,395.0,normalDay
2020-06-26,6129.0,-2403.0,0.0,100,300.05,324.0,0,0.0,0.0,,0.0,1,0.11,0.19,SPY201016C00395000,395.0,normalDay
2020-06-29,6129.0,-1961.0,0.0,100,304.46,324.0,0,0.0,0.0,,0.0,1,0.11,0.18,SPY201016C00395000,395.0,normalDay
2020-06-30,6129.0,-1573.0,0.0,100,308.36,324.0,0,0.0,0.0,,0.0,1,0.11,0.2,SPY201016C00395000,395.0,normalDay
2020-07-01,6129.0,-1357.0,0.0,100,310.52,324.0,0,0.0,0.0,,0.0,1,0.11,0.2,SPY201016C00395000,395.0,normalDay
2020-07-02,6129.0,-1185.0,0.0,100,312.23,324.0,0,0.0,0.0,,0.0,1,0.11,0.19,SPY201016C00395000,395.0,normalDay
2020-07-06,6129.0,-708.0,0.0,100,317.05,324.0,0,0.0,0.0,,0.0,1,0.11,0.24,SPY201016C00395000,395.0,normalDay
2020-07-07,6129.0,-1030.0,0.0,100,313.78,324.0,0,0.0,0.0,,0.0,1,0.11,0.19,SPY201016C00395000,395.0,normalDay
2020-07-08,6129.0,-791.0,0.0,100,316.18,324.0,0,0.0,0.0,,0.0,1,0.11,0.2,SPY201016C00395000,395.0,normalDay
2020-07-09,6129.0,-969.0,0.0,100,314.38,324.0,0,0.0,0.0,,0.0,1,0.11,0.18,SPY201016C00395000,395.0,normalDay
2020-07-10,6129.0,-650.0,0.0,100,317.59,324.0,0,0.0,0.0,,0.0,1,0.11,0.2,SPY201016C00395000,395.0,normalDay
2020-07-13,6129.0,-925.0,0.0,100,314.84,324.0,0,0.0,0.0,,0.0,1,0.11,0.2,SPY201016C00395000,395.0,normalDay
2020-07-14,6129.0,-521.0,0.0,100,318.92,324.0,0,0.0,0.0,,0.0,1,0.11,0.24,SPY201016C00395000,395.0,normalDay
2020-07-15,6129.0,-231.0,0.0,100,321.85,324.0,0,0.0,0.0,,0.0,1,0.11,0.27,SPY201016C00395000,395.0,normalDay
2020-07-16,6129.0,-333.0,0.0,100,320.79,324.0,0,0.0,0.0,,0.0,1,0.11,0.23,SPY201016C00395000,395.0,normalDay
2020-07-17,6129.0,-240.0,0.0,100,321.72,324.0,0,0.0,0.0,,0.0,1,0.11,0.23,SPY201016C00395000,395.0,normalDay
2020-07-20,6129.0,20.0,0.0,100,324.32,324.0,0,0.0,0.0,,0.0,1,0.11,0.23,SPY201016C00395000,395.0,normalDay
2020-07-21,6129.0,92.0,0.0,100,325.01,324.0,0,0.0,0.0,,0.0,1,0.11,0.2,SPY201016C00395000,395.0,normalDay
2020-07-22,6129.0,278.0,0.0,100,326.86,324.0,0,0.0,0.0,,0.0,1,0.11,0.19,SPY201016C00395000,395.0,normalDay
2020-07-23,6129.0,-106.0,0.0,100,322.96,324.0,0,0.0,0.0,,0.0,1,0.11,0.13,SPY201016C00395000,395.0,normalDay
2020-07-24,6129.0,-313.0,0.0,100,320.88,324.0,0,0.0,0.0,,0.0,1,0.11,0.12,SPY201016C00395000,395.0,normalDay
2020-07-27,6129.0,-79.0,0.0,100,323.22,324.0,0,0.0,0.0,,0.0,1,0.11,0.12,SPY201016C00395000,395.0,normalDay
2020-07-28,6129.0,-281.0,0.0,100,321.17,324.0,0,0.0,0.0,,0.0,1,0.11,0.09,SPY201016C00395000,395.0,normalDay
2020-07-29,6129.0,111.0,0.0,100,325.12,324.0,0,0.0,0.0,,0.0,1,0.11,0.12,SPY201016C00395000,395.0,normalDay
2020-07-30,6129.0,-4.0,0.0,100,323.96,324.0,0,0.0,0.0,,0.0,1,0.11,0.11,SPY201016C00395000,395.0,normalDay
2020-07-31,6129.0,251.0,0.0,100,326.52,324.0,0,0.0,0.0,,0.0,1,0.11,0.12,SPY201016C00395000,395.0,normalDay
2020-08-03,6129.0,477.0,0.0,100,328.79,324.0,0,0.0,0.0,,0.0,1,0.11,0.13,SPY201016C00395000,395.0,normalDay
2020-08-04,6129.0,605.0,0.0,100,330.06,324.0,0,0.0,0.0,,0.0,1,0.11,0.12,SPY201016C00395000,395.0,normalDay
2020-08-05,6129.0,809.0,0.0,100,332.11,324.0,0,0.0,0.0,,0.0,1,0.11,0.13,SPY201016C00395000,395.0,normalDay
2020-08-06,6129.0,1029.0,0.0,100,334.33,324.0,0,0.0,0.0,,0.0,1,0.11,0.15,SPY201016C00395000,395.0,normalDay
2020-08-07,6129.0,1055.0,0.0,100,334.57,324.0,0,0.0,0.0,,0.0,1,0.11,0.13,SPY201016C00395000,395.0,normalDay
2020-08-10,6129.0,1156.0,0.0,100,335.57,324.0,0,0.0,0.0,,0.0,1,0.11,0.12,SPY201016C00395000,395.0,normalDay
2020-08-11,6129.0,882.0,0.0,100,332.8,324.0,0,0.0,0.0,,0.0,1,0.11,0.09,SPY201016C00395000,395.0,normalDay
2020-08-12,6129.0,1343.0,0.0,100,337.44,324.0,0,0.0,0.0,,0.0,1,0.11,0.12,SPY201016C00395000,395.0,normalDay
2020-08-13,6129.0,1283.0,0.0,100,336.83,324.0,0,0.0,0.0,,0.0,1,0.11,0.11,SPY201016C00395000,395.0,normalDay
2020-08-14,6129.0,1286.0,0.0,100,336.84,324.0,0,0.0,0.0,,0.0,1,0.11,0.09,SPY201016C00395000,395.0,normalDay
2020-08-17,6129.0,1394.0,0.0,100,337.91,324.0,0,0.0,0.0,,0.0,1,0.11,0.08,SPY201016C00395000,395.0,normalDay
2020-08-18,6129.0,1468.0,0.0,100,338.64,324.0,0,0.0,0.0,,0.0,1,0.11,0.07,SPY201016C00395000,395.0,normalDay
2020-08-19,6129.0,1328.0,0.0,100,337.23,324.0,0,0.0,0.0,,0.0,1,0.11,0.06,SPY201016C00395000,395.0,normalDay
2020-08-20,6129.0,1433.0,0.0,100,338.28,324.0,0,0.0,0.0,,0.0,1,0.11,0.06,SPY201016C00395000,395.0,normalDay
2020-08-21,6129.0,1552.0,0.0,100,339.48,324.0,0,0.0,0.0,,0.0,1,0.11,0.07,SPY201016C00395000,395.0,normalDay
2020-08-24,6129.0,1895.0,0.0,100,342.92,324.0,0,0.0,0.0,,0.0,1,0.11,0.08,SPY201016C00395000,395.0,normalDay
2020-08-25,6129.0,2014.0,0.0,100,344.12,324.0,0,0.0,0.0,,0.0,1,0.11,0.09,SPY201016C00395000,395.0,normalDay
2020-08-26,6129.0,2354.0,0.0,100,347.57,324.0,0,0.0,0.0,,0.0,1,0.11,0.14,SPY201016C00395000,395.0,normalDay
2020-08-27,6129.0,2425.0,0.0,100,348.33,324.0,0,0.0,0.0,,0.0,1,0.11,0.19,SPY201016C00395000,395.0,normalDay
2020-08-28,6129.0,2648.0,0.0,100,350.58,324.0,0,0.0,0.0,,0.0,1,0.11,0.21,SPY201016C00395000,395.0,normalDay
2020-08-31,6129.0,2518.0,0.0,100,349.31,324.0,0,0.0,0.0,,0.0,1,0.11,0.24,SPY201016C00395000,395.0,normalDay
2020-09-01,6129.0,2843.0,0.0,100,352.6,324.0,0,0.0,0.0,,0.0,1,0.11,0.28,SPY201016C00395000,395.0,normalDay
2020-09-02,6129.0,3305.0,0.0,100,357.7,324.0,0,0.0,0.0,,0.0,1,0.11,0.76,SPY201016C00395000,395.0,normalDay
2020-09-03,6129.0,2113.0,0.0,100,345.39,324.0,0,0.0,0.0,,0.0,1,0.11,0.37,SPY201016C00395000,395.0,normalDay
2020-09-04,6129.0,1847.0,0.0,100,342.57,324.0,0,0.0,0.0,,0.0,1,0.11,0.21,SPY201016C00395000,395.0,normalDay
2020-09-08,6129.0,919.0,0.0,100,333.21,324.0,0,0.0,0.0,,0.0,1,0.11,0.13,SPY201016C00395000,395.0,normalDay
2020-09-09,6129.0,1575.0,0.0,100,339.79,324.0,0,0.0,0.0,,0.0,1,0.11,0.15,SPY201016C00395000,395.0,normalDay
2020-09-10,6129.0,990.0,0.0,100,333.89,324.0,0,0.0,0.0,,0.0,1,0.11,0.1,SPY201016C00395000,395.0,normalDay
2020-09-11,6129.0,1010.0,0.0,100,334.06,324.0,0,0.0,0.0,,0.0,1,0.11,0.07,SPY201016C00395000,395.0,normalDay
2020-09-14,6129.0,1450.0,0.0,100,338.46,324.0,0,0.0,0.0,,0.0,1,0.11,0.07,SPY201016C00395000,395.0,normalDay
2020-09-15,6129.0,1621.0,0.0,100,340.17,324.0,0,0.0,0.0,,0.0,1,0.11,0.07,SPY201016C00395000,395.0,normalDay
2020-09-16,6129.0,1487.0,0.0,100,338.82,324.0,0,0.0,0.0,,0.0,1,0.11,0.06,SPY201016C00395000,395.0,normalDay
2020-09-17,6129.0,1190.0,0.0,100,335.84,324.0,0,0.0,0.0,,0.0,1,0.11,0.05,SPY201016C00395000,395.0,normalDay
2020-09-18,6129.0,672.0,0.0,100,330.65,324.0,0,0.0,0.0,,0.0,1,0.11,0.04,SPY201016C00395000,395.0,normalDay
2020-09-21,6129.0,305.0,0.0,100,326.97,324.0,0,0.0,0.0,,0.0,1,0.11,0.03,SPY201016C00395000,395.0,normalDay
2020-09-22,6129.0,638.0,0.0,100,330.3,324.0,0,0.0,0.0,,0.0,1,0.11,0.03,SPY201016C00395000,395.0,normalDay
2020-09-23,6129.0,-128.0,0.0,100,322.64,324.0,0,0.0,0.0,,0.0,1,0.11,0.03,SPY201016C00395000,395.0,normalDay
2020-09-24,6129.0,-41.0,0.0,100,323.5,324.0,0,0.0,0.0,,0.0,1,0.11,0.02,SPY201016C00395000,395.0,normalDay
2020-09-25,6129.0,482.0,0.0,100,328.73,324.0,0,0.0,0.0,,0.0,1,0.11,0.02,SPY201016C00395000,395.0,normalDay
2020-09-28,6129.0,1028.0,0.0,100,334.19,324.0,0,0.0,0.0,,0.0,1,0.11,0.02,SPY201016C00395000,395.0,normalDay
2020-09-29,6129.0,846.0,0.0,100,332.37,324.0,0,0.0,0.0,,0.0,1,0.11,0.02,SPY201016C00395000,395.0,normalDay
2020-09-30,6129.0,1098.0,0.0,100,334.89,324.0,0,0.0,0.0,,0.0,1,0.11,0.02,SPY201016C00395000,395.0,normalDay
2020-10-01,6129.0,1313.0,0.0,100,337.04,324.0,0,0.0,0.0,,0.0,1,0.11,0.02,SPY201016C00395000,395.0,normalDay
2020-10-02,6129.0,993.0,0.0,100,333.84,324.0,0,0.0,0.0,,0.0,1,0.11,0.02,SPY201016C00395000,395.0,normalDay
2020-10-05,6129.0,1586.0,0.0,100,339.76,324.0,0,0.0,0.0,,0.0,1,0.11,0.01,SPY201016C00395000,395.0,normalDay
2020-10-06,6129.0,1103.0,0.0,100,334.93,324.0,0,0.0,0.0,,0.0,1,0.11,0.01,SPY201016C00395000,395.0,normalDay
2020-10-07,6129.0,1686.0,0.0,100,340.76,324.0,0,0.0,0.0,,0.0,1,0.11,0.01,SPY201016C00395000,395.0,normalDay
2020-10-08,6129.0,1988.0,0.0,100,343.78,324.0,0,0.0,0.0,,0.0,1,0.11,0.01,SPY201016C00395000,395.0,normalDay
2020-10-09,6129.0,2295.0,0.0,100,346.85,324.0,0,0.0,0.0,,0.0,1,0.11,0.01,SPY201016C00395000,395.0,normalDay
2020-10-12,6129.0,2853.0,0.0,100,352.43,324.0,0,0.0,0.0,,0.0,1,0.11,0.01,SPY201016C00395000,395.0,normalDay
2020-10-13,6129.0,2623.0,0.0,100,350.13,324.0,0,0.0,0.0,,0.0,1,0.11,0.01,SPY201016C00395000,395.0,normalDay
2020-10-14,6129.0,2403.0,0.0,100,347.93,324.0,0,0.0,0.0,,0.0,1,0.11,0.01,SPY201016C00395000,395.0,normalDay
2020-10-15,6129.0,2360.0,0.0,100,347.5,324.0,0,0.0,0.0,,0.0,1,0.11,0.01,SPY201016C00395000,395.0,normalDay
2020-10-16,6140.0,2329.0,11.0,100,347.29,324.0,0,0.0,0.0,,0.0,1,0.11,0.0,SPY201016C00395000,395.0,expirationDay
2020-10-19,6140.0,1773.0,0.0,100,342.01,324.0,0,0.0,0.0,,0.0,1,7.13,7.41,SPY210521C00379000,379.0,normalDay
2020-10-20,6140.0,1903.0,0.0,100,343.38,324.0,0,0.0,0.0,,0.0,1,7.13,7.48,SPY210521C00379000,379.0,normalDay
2020-10-21,6140.0,1867.0,0.0,100,342.73,324.0,0,0.0,0.0,,0.0,1,7.13,7.19,SPY210521C00379000,379.0,normalDay
2020-10-22,6140.0,2040.0,0.0,100,344.61,324.0,0,0.0,0.0,,0.0,1,7.13,7.34,SPY210521C00379000,379.0,normalDay
2020-10-23,6140.0,2158.0,0.0,100,345.78,324.0,0,0.0,0.0,,0.0,1,7.13,7.33,SPY210521C00379000,379.0,normalDay
2020-10-26,6140.0,1613.0,0.0,100,339.39,324.0,0,0.0,0.0,,0.0,1,7.13,6.39,SPY210521C00379000,379.0,normalDay
2020-10-27,6140.0,1533.0,0.0,100,338.22,324.0,0,0.0,0.0,,0.0,1,7.13,6.02,SPY210521C00379000,379.0,normalDay
2020-10-28,6140.0,540.0,0.0,100,326.66,324.0,0,0.0,0.0,,0.0,1,7.13,4.39,SPY210521C00379000,379.0,normalDay
2020-10-29,6140.0,832.0,0.0,100,329.98,324.0,0,0.0,0.0,,0.0,1,7.13,4.79,SPY210521C00379000,379.0,normalDay
2020-10-30,6140.0,563.0,0.0,100,326.54,324.0,0,0.0,0.0,,0.0,1,7.13,4.04,SPY210521C00379000,379.0,normalDay
2020-11-02,6140.0,906.0,0.0,100,330.2,324.0,0,0.0,0.0,,0.0,1,7.13,4.27,SPY210521C00379000,379.0,normalDay
2020-11-03,6140.0,1411.0,0.0,100,336.03,324.0,0,0.0,0.0,,0.0,1,7.13,5.05,SPY210521C00379000,379.0,normalDay
2020-11-04,6140.0,2035.0,0.0,100,343.54,324.0,0,0.0,0.0,,0.0,1,7.13,6.32,SPY210521C00379000,379.0,normalDay
2020-11-05,6140.0,2473.0,0.0,100,350.24,324.0,0,0.0,0.0,,0.0,1,7.13,8.64,SPY210521C00379000,379.0,normalDay
2020-11-06,6140.0,2525.0,0.0,100,350.16,324.0,0,0.0,0.0,,0.0,1,7.13,8.04,SPY210521C00379000,379.0,normalDay
2020-11-09,6140.0,2832.0,0.0,100,354.56,324.0,0,0.0,0.0,,0.0,1,7.13,9.37,SPY210521C00379000,379.0,normalDay
2020-11-10,6140.0,2825.0,0.0,100,354.04,324.0,0,0.0,0.0,,0.0,1,7.13,8.92,SPY210521C00379000,379.0,normalDay
2020-11-11,6140.0,3043.0,0.0,100,356.67,324.0,0,0.0,0.0,,0.0,1,7.13,9.37,SPY210521C00379000,379.0,normalDay
2020-11-12,6140.0,2789.0,0.0,100,353.21,324.0,0,0.0,0.0,,0.0,1,7.13,8.45,SPY210521C00379000,379.0,normalDay
2020-11-13,6140.0,3143.0,0.0,100,358.1,324.0,0,0.0,0.0,,0.0,1,7.13,9.8,SPY210521C00379000,379.0,normalDay
2020-11-16,6140.0,3406.0,0.0,100,362.57,324.0,0,0.0,0.0,,0.0,1,7.13,11.64,SPY210521C00379000,379.0,normalDay
2020-11-17,6140.0,3295.0,0.0,100,360.62,324.0,0,0.0,0.0,,0.0,1,7.13,10.8,SPY210521C00379000,379.0,normalDay
2020-11-18,6140.0,3014.0,0.0,100,356.28,324.0,0,0.0,0.0,,0.0,1,7.13,9.27,SPY210521C00379000,379.0,normalDay
2020-11-19,6140.0,3146.0,0.0,100,357.78,324.0,0,0.0,0.0,,0.0,1,7.13,9.45,SPY210521C00379000,379.0,normalDay
2020-11-20,6140.0,2999.0,0.0,100,355.33,324.0,0,0.0,0.0,,0.0,1,7.13,8.47,SPY210521C00379000,379.0,normalDay
2020-11-23,6140.0,3166.0,0.0,100,357.46,324.0,0,0.0,0.0,,0.0,1,7.13,8.93,SPY210521C00379000,379.0,normalDay
2020-11-24,6140.0,3525.0,0.0,100,363.22,324.0,0,0.0,0.0,,0.0,1,7.13,11.1,SPY210521C00379000,379.0,normalDay
2020-11-25,6140.0,3535.0,0.0,100,362.66,324.0,0,0.0,0.0,,0.0,1,7.13,10.44,SPY210521C00379000,379.0,normalDay
2020-11-27,6140.0,3588.0,0.0,100,363.67,324.0,0,0.0,0.0,,0.0,1,7.13,10.92,SPY210521C00379000,379.0,normalDay
2020-11-30,6140.0,3492.0,0.0,100,362.06,324.0,0,0.0,0.0,,0.0,1,7.13,10.27,SPY210521C00379000,379.0,normalDay
2020-12-01,6140.0,3709.0,0.0,100,366.02,324.0,0,0.0,0.0,,0.0,1,7.13,12.06,SPY210521C00379000,379.0,normalDay
2020-12-02,6140.0,3743.0,0.0,100,366.79,324.0,0,0.0,0.0,,0.0,1,7.13,12.49,SPY210521C00379000,379.0,normalDay
2020-12-03,6140.0,3764.0,0.0,100,366.69,324.0,0,0.0,0.0,,0.0,1,7.13,12.18,SPY210521C00379000,379.0,normalDay
2020-12-04,6140.0,3958.0,0.0,100,369.85,324.0,0,0.0,0.0,,0.0,1,7.13,13.4,SPY210521C00379000,379.0,normalDay
2020-12-07,6140.0,3917.0,0.0,100,369.09,324.0,0,0.0,0.0,,0.0,1,7.13,13.05,SPY210521C00379000,379.0,normalDay
2020-12-08,6140.0,3991.0,0.0,100,370.17,324.0,0,0.0,0.0,,0.0,1,7.13,13.39,SPY210521C00379000,379.0,normalDay
2020-12-09,6140.0,3800.0,0.0,100,366.85,324.0,0,0.0,0.0,,0.0,1,7.13,11.98,SPY210521C00379000,379.0,normalDay
2020-12-10,6140.0,3786.0,0.0,100,366.73,324.0,0,0.0,0.0,,0.0,1,7.13,12.0,SPY210521C00379000,379.0,normalDay
2020-12-11,6140.0,3734.0,0.0,100,366.3,324.0,0,0.0,0.0,,0.0,1,7.13,12.09,SPY210521C00379000,379.0,normalDay
2020-12-14,6140.0,3610.0,0.0,100,364.66,324.0,0,0.0,0.0,,0.0,1,7.13,11.69,SPY210521C00379000,379.0,normalDay
2020-12-15,6140.0,3951.0,0.0,100,369.59,324.0,0,0.0,0.0,,0.0,1,7.13,13.21,SPY210521C00379000,379.0,normalDay
2020-12-16,6140.0,3996.0,0.0,100,370.17,324.0,0,0.0,0.0,,0.0,1,7.13,13.34,SPY210521C00379000,379.0,normalDay
2020-12-17,6140.0,4113.0,0.0,100,372.24,324.0,0,0.0,0.0,,0.0,1,7.13,14.24,SPY210521C00379000,379.0,normalDay
2020-12-18,6140.0,3842.0,0.0,100,369.18,324.0,0,0.0,0.0,,0.0,1,7.13,13.89,SPY210521C00379000,379.0,normalDay
2020-12-21,6140.0,3761.0,0.0,100,367.86,324.0,0,0.0,0.0,,0.0,1,7.13,13.38,SPY210521C00379000,379.0,normalDay
2020-12-22,6140.0,3763.0,0.0,100,367.24,324.0,0,0.0,0.0,,0.0,1,7.13,12.74,SPY210521C00379000,379.0,normalDay
2020-12-23,6140.0,3847.0,0.0,100,367.57,324.0,0,0.0,0.0,,0.0,1,7.13,12.23,SPY210521C00379000,379.0,normalDay
2020-12-24,6140.0,3963.0,0.0,100,369.0,324.0,0,0.0,0.0,,0.0,1,7.13,12.5,SPY210521C00379000,379.0,normalDay
2020-12-28,6140.0,4116.0,0.0,100,372.17,324.0,0,0.0,0.0,,0.0,1,7.13,14.14,SPY210521C00379000,379.0,normalDay
2020-12-29,6140.0,4021.0,0.0,100,371.46,324.0,0,0.0,0.0,,0.0,1,7.13,14.38,SPY210521C00379000,379.0,normalDay
2020-12-30,6140.0,4098.0,0.0,100,371.99,324.0,0,0.0,0.0,,0.0,1,7.13,14.14,SPY210521C00379000,379.0,normalDay
2020-12-31,6140.0,4168.0,0.0,100,373.88,324.0,0,0.0,0.0,,0.0,1,7.13,15.33,SPY210521C00379000,379.0,normalDay
2021-01-04,6140.0,3840.0,0.0,100,368.79,324.0,0,0.0,0.0,,0.0,1,7.13,13.52,SPY210521C00379000,379.0,normalDay
2021-01-05,6140.0,4026.0,0.0,100,371.33,324.0,0,0.0,0.0,,0.0,1,7.13,14.2,SPY210521C00379000,379.0,normalDay
2021-01-06,6140.0,4115.0,0.0,100,373.55,324.0,0,0.0,0.0,,0.0,1,7.13,15.53,SPY210521C00379000,379.0,normalDay
2021-01-07,6140.0,4444.0,0.0,100,379.1,324.0,0,0.0,0.0,,0.0,1,7.13,17.79,SPY210521C00379000,379.0,normalDay
2021-01-08,6140.0,4511.0,0.0,100,381.26,324.0,0,0.0,0.0,,0.0,1,7.13,19.28,SPY210521C00379000,379.0,normalDay
2021-01-11,6140.0,4336.0,0.0,100,378.69,324.0,0,0.0,0.0,,0.0,1,7.13,18.46,SPY210521C00379000,379.0,normalDay
2021-01-12,6140.0,4410.0,0.0,100,378.77,324.0,0,0.0,0.0,,0.0,1,7.13,17.8,SPY210521C00379000,379.0,normalDay
2021-01-13,6140.0,4462.0,0.0,100,379.79,324.0,0,0.0,0.0,,0.0,1,7.13,18.3,SPY210521C00379000,379.0,normalDay
2021-01-14,6140.0,4385.0,0.0,100,378.46,324.0,0,0.0,0.0,,0.0,1,7.13,17.74,SPY210521C00379000,379.0,normalDay
2021-01-15,6140.0,4294.0,0.0,100,375.7,324.0,0,0.0,0.0,,0.0,1,7.13,15.89,SPY210521C00379000,379.0,normalDay
2021-01-19,6140.0,4421.0,0.0,100,378.65,324.0,0,0.0,0.0,,0.0,1,7.13,17.57,SPY210521C00379000,379.0,normalDay
2021-01-20,6140.0,4657.0,0.0,100,383.89,324.0,0,0.0,0.0,,0.0,1,7.13,20.45,SPY210521C00379000,379.0,normalDay
2021-01-21,6140.0,4677.0,0.0,100,384.24,324.0,0,0.0,0.0,,0.0,1,7.13,20.6,SPY210521C00379000,379.0,normalDay
2021-01-22,6140.0,4616.0,0.0,100,382.88,324.0,0,0.0,0.0,,0.0,1,7.13,19.85,SPY210521C00379000,379.0,normalDay
2021-01-25,6140.0,4641.0,0.0,100,384.39,324.0,0,0.0,0.0,,0.0,1,7.13,21.11,SPY210521C00379000,379.0,normalDay
2021-01-26,6140.0,4568.0,0.0,100,383.79,324.0,0,0.0,0.0,,0.0,1,7.13,21.24,SPY210521C00379000,379.0,normalDay
2021-01-27,6140.0,3959.0,0.0,100,374.41,324.0,0,0.0,0.0,,0.0,1,7.13,17.95,SPY210521C00379000,379.0,normalDay
2021-01-28,6140.0,4166.0,0.0,100,377.63,324.0,0,0.0,0.0,,0.0,1,7.13,19.1,SPY210521C00379000,379.0,normalDay
2021-01-29,6140.0,3777.0,0.0,100,370.07,324.0,0,0.0,0.0,,0.0,1,7.13,15.43,SPY210521C00379000,379.0,normalDay
2021-02-01,6140.0,4175.0,0.0,100,376.23,324.0,0,0.0,0.0,,0.0,1,7.13,17.61,SPY210521C00379000,379.0,normalDay
2021-02-02,6140.0,4463.0,0.0,100,381.55,324.0,0,0.0,0.0,,0.0,1,7.13,20.05,SPY210521C00379000,379.0,normalDay
2021-02-03,6140.0,4565.0,0.0,100,381.85,324.0,0,0.0,0.0,,0.0,1,7.13,19.33,SPY210521C00379000,379.0,normalDay
2021-02-04,6140.0,4808.0,0.0,100,386.19,324.0,0,0.0,0.0,,0.0,1,7.13,21.24,SPY210521C00379000,379.0,normalDay
2021-02-05,6140.0,4865.0,0.0,100,387.71,324.0,0,0.0,0.0,,0.0,1,7.13,22.19,SPY210521C00379000,379.0,normalDay
2021-02-08,6140.0,4986.0,0.0,100,390.51,324.0,0,0.0,0.0,,0.0,1,7.13,23.78,SPY210521C00379000,379.0,normalDay
2021-02-09,6140.0,4940.0,0.0,100,390.25,324.0,0,0.0,0.0,,0.0,1,7.13,23.98,SPY210521C00379000,379.0,normalDay
2021-02-10,6140.0,4935.0,0.0,100,390.08,324.0,0,0.0,0.0,,0.0,1,7.13,23.86,SPY210521C00379000,379.0,normalDay
2021-02-11,6140.0,4999.0,0.0,100,390.71,324.0,0,0.0,0.0,,0.0,1,7.13,23.85,SPY210521C00379000,379.0,normalDay
2021-02-12,6140.0,5073.0,0.0,100,392.64,324.0,0,0.0,0.0,,0.0,1,7.13,25.04,SPY210521C00379000,379.0,normalDay
2021-02-16,6140.0,5094.0,0.0,100,392.3,324.0,0,0.0,0.0,,0.0,1,7.13,24.49,SPY210521C00379000,379.0,normalDay
2021-02-17,6140.0,5124.0,0.0,100,392.39,324.0,0,0.0,0.0,,0.0,1,7.13,24.28,SPY210521C00379000,379.0,normalDay
2021-02-18,6140.0,5047.0,0.0,100,390.72,324.0,0,0.0,0.0,,0.0,1,7.13,23.38,SPY210521C00379000,379.0,normalDay
2021-02-19,6140.0,5079.0,0.0,100,390.03,324.0,0,0.0,0.0,,0.0,1,7.13,22.37,SPY210521C00379000,379.0,normalDay
2021-02-22,6140.0,4958.0,0.0,100,387.03,324.0,0,0.0,0.0,,0.0,1,7.13,20.58,SPY210521C00379000,379.0,normalDay
2021-02-23,6140.0,5031.0,0.0,100,387.5,324.0,0,0.0,0.0,,0.0,1,7.13,20.32,SPY210521C00379000,379.0,normalDay
2021-02-24,6140.0,5185.0,0.0,100,391.77,324.0,0,0.0,0.0,,0.0,1,7.13,23.05,SPY210521C00379000,379.0,normalDay
2021-02-25,6140.0,4627.0,0.0,100,382.33,324.0,0,0.0,0.0,,0.0,1,7.13,19.19,SPY210521C00379000,379.0,normalDay
2021-02-26,6140.0,4677.0,0.0,100,380.36,324.0,0,0.0,0.0,,0.0,1,7.13,16.72,SPY210521C00379000,379.0,normalDay
2021-03-01,6140.0,5189.0,0.0,100,389.58,324.0,0,0.0,0.0,,0.0,1,7.13,20.82,SPY210521C00379000,379.0,normalDay
2021-03-02,6140.0,5062.0,0.0,100,386.54,324.0,0,0.0,0.0,,0.0,1,7.13,19.05,SPY210521C00379000,379.0,normalDay
2021-03-03,6140.0,4827.0,0.0,100,381.42,324.0,0,0.0,0.0,,0.0,1,7.13,16.28,SPY210521C00379000,379.0,normalDay
2021-03-04,6140.0,4578.0,0.0,100,376.7,324.0,0,0.0,0.0,,0.0,1,7.13,14.05,SPY210521C00379000,379.0,normalDay
2021-03-05,6140.0,4987.0,0.0,100,383.63,324.0,0,0.0,0.0,,0.0,1,7.13,16.89,SPY210521C00379000,379.0,normalDay
2021-03-08,6140.0,4894.0,0.0,100,381.72,324.0,0,0.0,0.0,,0.0,1,7.13,15.91,SPY210521C00379000,379.0,normalDay
2021-03-09,6140.0,5153.0,0.0,100,387.17,324.0,0,0.0,0.0,,0.0,1,7.13,18.77,SPY210521C00379000,379.0,normalDay
2021-03-10,6140.0,5237.0,0.0,100,389.58,324.0,0,0.0,0.0,,0.0,1,7.13,20.34,SPY210521C00379000,379.0,normalDay
2021-03-11,6140.0,5428.0,0.0,100,393.53,324.0,0,0.0,0.0,,0.0,1,7.13,22.38,SPY210521C00379000,379.0,normalDay
2021-03-12,6140.0,5452.0,0.0,100,394.06,324.0,0,0.0,0.0,,0.0,1,7.13,22.67,SPY210521C00379000,379.0,normalDay
2021-03-15,6140.0,5578.0,0.0,100,396.41,324.0,0,0.0,0.0,,0.0,1,7.13,23.76,SPY210521C00379000,379.0,normalDay
2021-03-16,6140.0,5579.0,0.0,100,395.91,324.0,0,0.0,0.0,,0.0,1,7.13,23.25,SPY210521C00379000,379.0,normalDay
2021-03-17,6140.0,5680.0,0.0,100,397.26,324.0,0,0.0,0.0,,0.0,1,7.13,23.59,SPY210521C00379000,379.0,normalDay
2021-03-18,6140.0,5435.0,0.0,100,391.48,324.0,0,0.0,0.0,,0.0,1,7.13,20.26,SPY210521C00379000,379.0,normalDay
2021-03-19,6140.0,5376.0,0.0,100,389.48,324.0,0,0.0,0.0,,0.0,1,7.13,18.85,SPY210521C00379000,379.0,normalDay
2021-03-22,6140.0,5549.0,0.0,100,392.59,324.0,0,0.0,0.0,,0.0,1,7.13,20.23,SPY210521C00379000,379.0,normalDay
2021-03-23,6140.0,5431.0,0.0,100,389.5,324.0,0,0.0,0.0,,0.0,1,7.13,18.32,SPY210521C00379000,379.0,normalDay
2021-03-24,6140.0,5376.0,0.0,100,387.52,324.0,0,0.0,0.0,,0.0,1,7.13,16.89,SPY210521C00379000,379.0,normalDay
2021-03-25,6140.0,5489.0,0.0,100,389.7,324.0,0,0.0,0.0,,0.0,1,7.13,17.94,SPY210521C00379000,379.0,normalDay
2021-03-26,6140.0,5690.0,0.0,100,395.98,324.0,0,0.0,0.0,,0.0,1,7.13,22.21,SPY210521C00379000,379.0,normalDay
2021-03-29,6140.0,5660.0,0.0,100,395.78,324.0,0,0.0,0.0,,0.0,1,7.13,22.31,SPY210521C00379000,379.0,normalDay
2021-03-30,6140.0,5696.0,0.0,100,394.73,324.0,0,0.0,0.0,,0.0,1,7.13,20.9,SPY210521C00379000,379.0,normalDay
2021-03-31,6140.0,5738.0,0.0,100,396.33,324.0,0,0.0,0.0,,0.0,1,7.13,22.08,SPY210521C00379000,379.0,normalDay
2021-04-01,6140.0,5827.0,0.0,100,400.61,324.0,0,0.0,0.0,,0.0,1,7.13,25.47,SPY210521C00379000,379.0,normalDay
2021-04-05,6140.0,5939.0,0.0,100,406.36,324.0,0,0.0,0.0,,0.0,1,7.13,30.1,SPY210521C00379000,379.0,normalDay
2021-04-06,6140.0,5935.0,0.0,100,406.12,324.0,0,0.0,0.0,,0.0,1,7.13,29.9,SPY210521C00379000,379.0,normalDay
2021-04-07,6140.0,5935.0,0.0,100,406.59,324.0,0,0.0,0.0,,0.0,1,7.13,30.37,SPY210521C00379000,379.0,normalDay
2021-04-08,6140.0,5959.0,0.0,100,408.52,324.0,0,0.0,0.0,,0.0,1,7.13,32.06,SPY210521C00379000,379.0,normalDay
2021-04-09,6140.0,6059.0,0.0,100,411.49,324.0,0,0.0,0.0,,0.0,1,7.13,34.03,SPY210521C00379000,379.0,normalDay
2021-04-12,6140.0,6039.0,0.0,100,411.64,324.0,0,0.0,0.0,,0.0,1,7.13,34.38,SPY210521C00379000,379.0,normalDay
2021-04-13,6140.0,6059.0,0.0,100,412.86,324.0,0,0.0,0.0,,0.0,1,7.13,35.4,SPY210521C00379000,379.0,normalDay
2021-04-14,6140.0,6009.0,0.0,100,411.45,324.0,0,0.0,0.0,,0.0,1,7.13,34.49,SPY210521C00379000,379.0,normalDay
2021-04-15,6140.0,6079.0,0.0,100,415.87,324.0,0,0.0,0.0,,0.0,1,7.13,38.21,SPY210521C00379000,379.0,normalDay
2021-04-16,6140.0,6111.0,0.0,100,417.26,324.0,0,0.0,0.0,,0.0,1,7.13,39.28,SPY210521C00379000,379.0,normalDay
2021-04-19,6140.0,6081.0,0.0,100,415.21,324.0,0,0.0,0.0,,0.0,1,7.13,37.53,SPY210521C00379000,379.0,normalDay
2021-04-20,6140.0,6073.0,0.0,100,412.17,324.0,0,0.0,0.0,,0.0,1,7.13,34.57,SPY210521C00379000,379.0,normalDay
2021-04-21,6140.0,6149.0,0.0,100,416.07,324.0,0,0.0,0.0,,0.0,1,7.13,37.71,SPY210521C00379000,379.0,normalDay
2021-04-22,6140.0,6085.0,0.0,100,412.27,324.0,0,0.0,0.0,,0.0,1,7.13,34.55,SPY210521C00379000,379.0,normalDay
2021-04-23,6140.0,6138.0,0.0,100,416.74,324.0,0,0.0,0.0,,0.0,1,7.13,38.49,SPY210521C00379000,379.0,normalDay
2021-04-26,6140.0,6127.0,0.0,100,417.61,324.0,0,0.0,0.0,,0.0,1,7.13,39.47,SPY210521C00379000,379.0,normalDay
2021-04-27,6140.0,6137.0,0.0,100,417.52,324.0,0,0.0,0.0,,0.0,1,7.13,39.28,SPY210521C00379000,379.0,normalDay
2021-04-28,6140.0,6101.0,0.0,100,417.4,324.0,0,0.0,0.0,,0.0,1,7.13,39.52,SPY210521C00379000,379.0,normalDay
2021-04-29,6140.0,6165.0,0.0,100,420.06,324.0,0,0.0,0.0,,0.0,1,7.13,41.54,SPY210521C00379000,379.0,normalDay
2021-04-30,6140.0,6109.0,0.0,100,417.3,324.0,0,0.0,0.0,,0.0,1,7.13,39.34,SPY210521C00379000,379.0,normalDay
2021-05-03,6140.0,6151.0,0.0,100,418.2,324.0,0,0.0,0.0,,0.0,1,7.13,39.82,SPY210521C00379000,379.0,normalDay
2021-05-04,6140.0,6158.0,0.0,100,415.62,324.0,0,0.0,0.0,,0.0,1,7.13,37.17,SPY210521C00379000,379.0,normalDay
2021-05-05,6140.0,6163.0,0.0,100,415.75,324.0,0,0.0,0.0,,0.0,1,7.13,37.25,SPY210521C00379000,379.0,normalDay
2021-05-06,6140.0,6158.0,0.0,100,419.07,324.0,0,0.0,0.0,,0.0,1,7.13,40.62,SPY210521C00379000,379.0,normalDay
2021-05-07,6140.0,6166.0,0.0,100,422.12,324.0,0,0.0,0.0,,0.0,1,7.13,43.59,SPY210521C00379000,379.0,normalDay
2021-05-10,6140.0,6196.0,0.0,100,417.94,324.0,0,0.0,0.0,,0.0,1,7.13,39.11,SPY210521C00379000,379.0,normalDay
2021-05-11,6140.0,6169.0,0.0,100,414.21,324.0,0,0.0,0.0,,0.0,1,7.13,35.65,SPY210521C00379000,379.0,normalDay
2021-05-12,6140.0,6066.0,0.0,100,405.41,324.0,0,0.0,0.0,,0.0,1,7.13,27.88,SPY210521C00379000,379.0,normalDay
2021-05-13,6140.0,6183.0,0.0,100,410.28,324.0,0,0.0,0.0,,0.0,1,7.13,31.58,SPY210521C00379000,379.0,normalDay
2021-05-14,6140.0,6140.0,0.0,100,416.58,324.0,0,0.0,0.0,,0.0,1,7.13,38.31,SPY210521C00379000,379.0,normalDay
2021-05-17,6140.0,6173.0,0.0,100,415.52,324.0,0,0.0,0.0,,0.0,1,7.13,36.92,SPY210521C00379000,379.0,normalDay
2021-05-18,6140.0,6195.0,0.0,100,411.94,324.0,0,0.0,0.0,,0.0,1,7.13,33.12,SPY210521C00379000,379.0,normalDay
2021-05-19,6140.0,6196.0,0.0,100,410.86,324.0,0,0.0,0.0,,0.0,1,7.13,32.03,SPY210521C00379000,379.0,normalDay
2021-05-20,6140.0,6229.0,0.0,100,415.28,324.0,0,0.0,0.0,,0.0,1,7.13,36.12,SPY210521C00379000,379.0,normalDay
2021-05-21,12353.0,6229.0,6213.0,0,414.94,0.0,0,0.0,0.0,,0.0,1,7.13,0.0,SPY210521C00379000,379.0,expirationDay
2021-05-24,12353.0,-3.0,0.0,0,419.17,0.0,1,2.41,2.44,SPY210611P00410000,410.0,0,0.0,0.0,,0.0,normalDay
2021-05-25,12353.0,-22.0,0.0,0,418.24,0.0,1,2.41,2.63,SPY210611P00410000,410.0,0,0.0,0.0,,0.0,normalDay
2021-05-26,12353.0,41.0,0.0,0,419.07,0.0,1,2.41,2.0,SPY210611P00410000,410.0,0,0.0,0.0,,0.0,normalDay
2021-05-27,12353.0,87.0,0.0,0,419.29,0.0,1,2.41,1.54,SPY210611P00410000,410.0,0,0.0,0.0,,0.0,normalDay
2021-05-28,12353.0,113.0,0.0,0,420.04,0.0,1,2.41,1.28,SPY210611P00410000,410.0,0,0.0,0.0,,0.0,normalDay
2021-06-01,12353.0,121.0,0.0,0,419.67,0.0,1,2.41,1.2,SPY210611P00410000,410.0,0,0.0,0.0,,0.0,normalDay
2021-06-02,12353.0,160.0,0.0,0,420.33,0.0,1,2.41,0.81,SPY210611P00410000,410.0,0,0.0,0.0,,0.0,normalDay
2021-06-03,12353.0,139.0,0.0,0,418.77,0.0,1,2.41,1.02,SPY210611P00410000,410.0,0,0.0,0.0,,0.0,normalDay
2021-06-04,12353.0,210.0,0.0,0,422.6,0.0,1,2.41,0.31,SPY210611P00410000,410.0,0,0.0,0.0,,0.0,normalDay
2021-06-07,12353.0,225.0,0.0,0,422.19,0.0,1,2.41,0.16,SPY210611P00410000,410.0,0,0.0,0.0,,0.0,normalDay
2021-06-08,12353.0,226.0,0.0,0,422.28,0.0,1,2.41,0.15,SPY210611P00410000,410.0,0,0.0,0.0,,0.0,normalDay
2021-06-09,12353.0,223.0,0.0,0,421.65,0.0,1,2.41,0.18,SPY210611P00410000,410.0,0,0.0,0.0,,0.0,normalDay
2021-06-10,12353.0,238.0,0.0,0,423.61,0.0,1,2.41,0.03,SPY210611P00410000,410.0,0,0.0,0.0,,0.0,normalDay
2021-06-11,12594.0,0.0,241.0,0,424.31,0.0,1,2.41,0.0,SPY210611P00410000,410.0,0,0.0,0.0,,0.0,expirationDay
2021-06-14,12594.0,-4.0,0.0,0,425.26,0.0,1,1.98,2.02,SPY210702P00414000,414.0,0,0.0,0.0,,0.0,normalDay
2021-06-15,12594.0,-24.0,0.0,0,424.48,0.0,1,1.98,2.22,SPY210702P00414000,414.0,0,0.0,0.0,,0.0,normalDay
2021-06-16,12594.0,-82.0,0.0,0,422.11,0.0,1,1.98,2.8,SPY210702P00414000,414.0,0,0.0,0.0,,0.0,normalDay
2021-06-17,12594.0,-45.0,0.0,0,421.97,0.0,1,1.98,2.43,SPY210702P00414000,414.0,0,0.0,0.0,,0.0,normalDay
2021-06-18,12594.0,-299.0,0.0,0,414.92,0.0,1,1.98,4.97,SPY210702P00414000,414.0,0,0.0,0.0,,0.0,normalDay
2021-06-21,12594.0,8.0,0.0,0,420.86,0.0,1,1.98,1.9,SPY210702P00414000,414.0,0,0.0,0.0,,0.0,normalDay
2021-06-22,12594.0,81.0,0.0,0,423.11,0.0,1,1.98,1.17,SPY210702P00414000,414.0,0,0.0,0.0,,0.0,normalDay
2021-06-23,12594.0,103.0,0.0,0,422.6,0.0,1,1.98,0.95,SPY210702P00414000,414.0,0,0.0,0.0,,0.0,normalDay
2021-06-24,12594.0,144.0,0.0,0,425.1,0.0,1,1.98,0.54,SPY210702P00414000,414.0,0,0.0,0.0,,0.0,normalDay
2021-06-25,12594.0,167.0,0.0,0,426.61,0.0,1,1.98,0.31,SPY210702P00414000,414.0,0,0.0,0.0,,0.0,normalDay
2021-06-28,12594.0,185.0,0.0,0,427.47,0.0,1,1.98,0.13,SPY210702P00414000,414.0,0,0.0,0.0,,0.0,normalDay
2021-06-29,12594.0,189.0,0.0,0,427.7,0.0,1,1.98,0.09,SPY210702P00414000,414.0,0,0.0,0.0,,0.0,normalDay
2021-06-30,12594.0,193.0,0.0,0,428.06,0.0,1,1.98,0.05,SPY210702P00414000,414.0,0,0.0,0.0,,0.0,normalDay
2021-07-01,12594.0,196.0,0.0,0,430.43,0.0,1,1.98,0.02,SPY210702P00414000,414.0,0,0.0,0.0,,0.0,normalDay
2021-07-02,12792.0,0.0,198.0,0,433.72,0.0,1,1.98,0.0,SPY210702P00414000,414.0,0,0.0,0.0,,0.0,expirationDay
2021-07-06,12792.0,-3.0,0.0,0,432.93,0.0,1,1.42,1.45,SPY210723P00419000,419.0,0,0.0,0.0,,0.0,normalDay
2021-07-07,12792.0,27.0,0.0,0,434.46,0.0,1,1.42,1.15,SPY210723P00419000,419.0,0,0.0,0.0,,0.0,normalDay
2021-07-08,12792.0,-72.0,0.0,0,430.92,0.0,1,1.42,2.14,SPY210723P00419000,419.0,0,0.0,0.0,,0.0,normalDay
2021-07-09,12792.0,52.0,0.0,0,435.52,0.0,1,1.42,0.9,SPY210723P00419000,419.0,0,0.0,0.0,,0.0,normalDay
2021-07-12,12792.0,83.0,0.0,0,437.08,0.0,1,1.42,0.59,SPY210723P00419000,419.0,0,0.0,0.0,,0.0,normalDay
2021-07-13,12792.0,68.0,0.0,0,435.59,0.0,1,1.42,0.74,SPY210723P00419000,419.0,0,0.0,0.0,,0.0,normalDay
2021-07-14,12792.0,99.0,0.0,0,436.24,0.0,1,1.42,0.43,SPY210723P00419000,419.0,0,0.0,0.0,,0.0,normalDay
2021-07-15,12792.0,90.0,0.0,0,434.75,0.0,1,1.42,0.52,SPY210723P00419000,419.0,0,0.0,0.0,,0.0,normalDay
2021-07-16,12792.0,72.0,0.0,0,431.34,0.0,1,1.42,0.7,SPY210723P00419000,419.0,0,0.0,0.0,,0.0,normalDay
2021-07-19,12792.0,-37.0,0.0,0,424.97,0.0,1,1.42,1.79,SPY210723P00419000,419.0,0,0.0,0.0,,0.0,normalDay
2021-07-20,12792.0,107.0,0.0,0,431.06,0.0,1,1.42,0.35,SPY210723P00419000,419.0,0,0.0,0.0,,0.0,normalDay
2021-07-21,12792.0,137.0,0.0,0,434.55,0.0,1,1.42,0.05,SPY210723P00419000,419.0,0,0.0,0.0,,0.0,normalDay
2021-07-22,12792.0,140.0,0.0,0,435.46,0.0,1,1.42,0.02,SPY210723P00419000,419.0,0,0.0,0.0,,0.0,normalDay
2021-07-23,12934.0,0.0,142.0,0,439.94,0.0,1,1.42,0.0,SPY210723P00419000,419.0,0,0.0,0.0,,0.0,expirationDay
2021-07-26,12934.0,-4.0,0.0,0,441.02,0.0,1,1.78,1.82,SPY210813P00427500,427.5,0,0.0,0.0,,0.0,normalDay
2021-07-27,12934.0,-79.0,0.0,0,439.01,0.0,1,1.78,2.57,SPY210813P00427500,427.5,0,0.0,0.0,,0.0,normalDay
2021-07-28,12934.0,-34.0,0.0,0,438.83,0.0,1,1.78,2.12,SPY210813P00427500,427.5,0,0.0,0.0,,0.0,normalDay
2021-07-29,12934.0,32.0,0.0,0,440.65,0.0,1,1.78,1.46,SPY210813P00427500,427.5,0,0.0,0.0,,0.0,normalDay
2021-07-30,12934.0,12.0,0.0,0,438.51,0.0,1,1.78,1.66,SPY210813P00427500,427.5,0,0.0,0.0,,0.0,normalDay
2021-08-02,12934.0,7.0,0.0,0,437.59,0.0,1,1.78,1.71,SPY210813P00427500,427.5,0,0.0,0.0,,0.0,normalDay
2021-08-03,12934.0,97.0,0.0,0,441.15,0.0,1,1.78,0.81,SPY210813P00427500,427.5,0,0.0,0.0,,0.0,normalDay
2021-08-04,12934.0,94.0,0.0,0,438.98,0.0,1,1.78,0.84,SPY210813P00427500,427.5,0,0.0,0.0,,0.0,normalDay
2021-08-05,12934.0,129.0,0.0,0,441.76,0.0,1,1.78,0.49,SPY210813P00427500,427.5,0,0.0,0.0,,0.0,normalDay
2021-08-06,12934.0,161.0,0.0,0,442.49,0.0,1,1.78,0.17,SPY210813P00427500,427.5,0,0.0,0.0,,0.0,normalDay
2021-08-09,12934.0,166.0,0.0,0,442.13,0.0,1,1.78,0.12,SPY210813P00427500,427.5,0,0.0,0.0,,0.0,normalDay
2021-08-10,12934.0,167.0,0.0,0,442.68,0.0,1,1.78,0.11,SPY210813P00427500,427.5,0,0.0,0.0,,0.0,normalDay
2021-08-11,12934.0,173.0,0.0,0,443.78,0.0,1,1.78,0.05,SPY210813P00427500,427.5,0,0.0,0.0,,0.0,normalDay
2021-08-12,12934.0,174.0,0.0,0,445.11,0.0,1,1.78,0.04,SPY210813P00427500,427.5,0,0.0,0.0,,0.0,normalDay
2021-08-13,13112.0,0.0,178.0,0,445.92,0.0,1,1.78,0.0,SPY210813P00427500,427.5,0,0.0,0.0,,0.0,expirationDay
2021-08-16,13112.0,-4.0,0.0,0,446.97,0.0,1,1.78,1.82,SPY210903P00435000,435.0,0,0.0,0.0,,0.0,normalDay
2021-08-17,13112.0,-104.0,0.0,0,444.04,0.0,1,1.78,2.82,SPY210903P00435000,435.0,0,0.0,0.0,,0.0,normalDay
2021-08-18,13112.0,-304.0,0.0,0,439.18,0.0,1,1.78,4.82,SPY210903P00435000,435.0,0,0.0,0.0,,0.0,normalDay
2021-08-19,13112.0,-256.0,0.0,0,439.86,0.0,1,1.78,4.34,SPY210903P00435000,435.0,0,0.0,0.0,,0.0,normalDay
2021-08-20,13112.0,-60.0,0.0,0,443.36,0.0,1,1.78,2.38,SPY210903P00435000,435.0,0,0.0,0.0,,0.0,normalDay
2021-08-23,13112.0,75.0,0.0,0,447.26,0.0,1,1.78,1.03,SPY210903P00435000,435.0,0,0.0,0.0,,0.0,normalDay
2021-08-24,13112.0,89.0,0.0,0,447.97,0.0,1,1.78,0.89,SPY210903P00435000,435.0,0,0.0,0.0,,0.0,normalDay
2021-08-25,13112.0,116.0,0.0,0,448.91,0.0,1,1.78,0.62,SPY210903P00435000,435.0,0,0.0,0.0,,0.0,normalDay
2021-08-26,13112.0,59.0,0.0,0,446.26,0.0,1,1.78,1.19,SPY210903P00435000,435.0,0,0.0,0.0,,0.0,normalDay
2021-08-27,13112.0,146.0,0.0,0,450.25,0.0,1,1.78,0.32,SPY210903P00435000,435.0,0,0.0,0.0,,0.0,normalDay
2021-08-30,13112.0,167.0,0.0,0,452.23,0.0,1,1.78,0.11,SPY210903P00435000,435.0,0,0.0,0.0,,0.0,normalDay
2021-08-31,13112.0,168.0,0.0,0,451.56,0.0,1,1.78,0.1,SPY210903P00435000,435.0,0,0.0,0.0,,0.0,normalDay
2021-09-01,13112.0,173.0,0.0,0,451.8,0.0,1,1.78,0.05,SPY210903P00435000,435.0,0,0.0,0.0,,0.0,normalDay
2021-09-02,13112.0,175.0,0.0,0,453.19,0.0,1,1.78,0.03,SPY210903P00435000,435.0,0,0.0,0.0,,0.0,normalDay
2021-09-03,13290.0,0.0,178.0,0,453.08,0.0,1,1.78,0.0,SPY210903P00435000,435.0,0,0.0,0.0,,0.0,expirationDay
2021-09-07,13290.0,-3.0,0.0,0,451.46,0.0,1,2.53,2.56,SPY210924P00441000,441.0,0,0.0,0.0,,0.0,normalDay
2021-09-08,13290.0,2.0,0.0,0,450.91,0.0,1,2.53,2.51,SPY210924P00441000,441.0,0,0.0,0.0,,0.0,normalDay
2021-09-09,13290.0,-66.0,0.0,0,448.98,0.0,1,2.53,3.19,SPY210924P00441000,441.0,0,0.0,0.0,,0.0,normalDay
2021-09-10,13290.0,-187.0,0.0,0,445.44,0.0,1,2.53,4.4,SPY210924P00441000,441.0,0,0.0,0.0,,0.0,normalDay
2021-09-13,13290.0,-68.0,0.0,0,446.58,0.0,1,2.53,3.21,SPY210924P00441000,441.0,0,0.0,0.0,,0.0,normalDay
2021-09-14,13290.0,-126.0,0.0,0,444.17,0.0,1,2.53,3.79,SPY210924P00441000,441.0,0,0.0,0.0,,0.0,normalDay
2021-09-15,13290.0,54.0,0.0,0,447.88,0.0,1,2.53,1.99,SPY210924P00441000,441.0,0,0.0,0.0,,0.0,normalDay
2021-09-16,13290.0,44.0,0.0,0,447.17,0.0,1,2.53,2.09,SPY210924P00441000,441.0,0,0.0,0.0,,0.0,normalDay
2021-09-17,13290.0,-137.0,0.0,0,441.4,0.0,1,2.53,3.9,SPY210924P00441000,441.0,0,0.0,0.0,,0.0,normalDay
2021-09-20,13290.0,-582.0,0.0,0,434.04,0.0,1,2.53,8.35,SPY210924P00441000,441.0,0,0.0,0.0,,0.0,normalDay
2021-09-21,13290.0,-576.0,0.0,0,433.63,0.0,1,2.53,8.29,SPY210924P00441000,441.0,0,0.0,0.0,,0.0,normalDay
2021-09-22,13290.0,-153.0,0.0,0,437.86,0.0,1,2.53,4.06,SPY210924P00441000,441.0,0,0.0,0.0,,0.0,normalDay
2021-09-23,13290.0,192.0,0.0,0,443.18,0.0,1,2.53,0.61,SPY210924P00441000,441.0,0,0.0,0.0,,0.0,normalDay
2021-09-24,13543.0,0.0,253.0,0,443.91,0.0,1,2.53,0.0,SPY210924P00441000,441.0,0,0.0,0.0,,0.0,expirationDay
2021-09-27,13543.0,-3.0,0.0,0,442.64,0.0,1,3.98,4.01,SPY211015P00437500,437.5,0,0.0,0.0,,0.0,normalDay
2021-09-28,13543.0,-454.0,0.0,0,433.72,0.0,1,3.98,8.52,SPY211015P00437500,437.5,0,0.0,0.0,,0.0,normalDay
2021-09-29,13543.0,-382.0,0.0,0,434.45,0.0,1,3.98,7.8,SPY211015P00437500,437.5,0,0.0,0.0,,0.0,normalDay
2021-09-30,13543.0,-669.0,0.0,0,429.14,0.0,1,3.98,10.67,SPY211015P00437500,437.5,0,0.0,0.0,,0.0,normalDay
2021-10-01,13543.0,-321.0,0.0,0,434.24,0.0,1,3.98,7.19,SPY211015P00437500,437.5,0,0.0,0.0,,0.0,normalDay
2021-10-04,13543.0,-665.0,0.0,0,428.64,0.0,1,3.98,10.63,SPY211015P00437500,437.5,0,0.0,0.0,,0.0,normalDay
2021-10-05,13543.0,-324.0,0.0,0,433.1,0.0,1,3.98,7.22,SPY211015P00437500,437.5,0,0.0,0.0,,0.0,normalDay
2021-10-06,13543.0,-217.0,0.0,0,434.9,0.0,1,3.98,6.15,SPY211015P00437500,437.5,0,0.0,0.0,,0.0,normalDay
2021-10-07,13543.0,36.0,0.0,0,438.66,0.0,1,3.98,3.62,SPY211015P00437500,437.5,0,0.0,0.0,,0.0,normalDay
2021-10-08,13543.0,32.0,0.0,0,437.86,0.0,1,3.98,3.66,SPY211015P00437500,437.5,0,0.0,0.0,,0.0,normalDay
2021-10-11,13543.0,-102.0,0.0,0,434.69,0.0,1,3.98,5.0,SPY211015P00437500,437.5,0,0.0,0.0,,0.0,normalDay
2021-10-12,13543.0,-173.0,0.0,0,433.62,0.0,1,3.98,5.71,SPY211015P00437500,437.5,0,0.0,0.0,,0.0,normalDay
2021-10-13,13543.0,62.0,0.0,0,435.18,0.0,1,3.98,3.36,SPY211015P00437500,437.5,0,0.0,0.0,,0.0,normalDay
2021-10-14,13543.0,374.0,0.0,0,442.5,0.0,1,3.98,0.24,SPY211015P00437500,437.5,0,0.0,0.0,,0.0,normalDay
2021-10-15,13941.0,0.0,398.0,0,445.87,0.0,1,3.98,0.0,SPY211015P00437500,437.5,0,0.0,0.0,,0.0,expirationDay
2021-10-18,13941.0,-4.0,0.0,0,447.19,0.0,1,1.46,1.5,SPY211105P00430000,430.0,0,0.0,0.0,,0.0,normalDay
2021-10-19,13941.0,45.0,0.0,0,450.64,0.0,1,1.46,1.01,SPY211105P00430000,430.0,0,0.0,0.0,,0.0,normalDay
2021-10-20,13941.0,64.0,0.0,0,452.41,0.0,1,1.46,0.82,SPY211105P00430000,430.0,0,0.0,0.0,,0.0,normalDay
2021-10-21,13941.0,86.0,0.0,0,453.59,0.0,1,1.46,0.6,SPY211105P00430000,430.0,0,0.0,0.0,,0.0,normalDay
2021-10-22,13941.0,89.0,0.0,0,453.12,0.0,1,1.46,0.57,SPY211105P00430000,430.0,0,0.0,0.0,,0.0,normalDay
2021-10-25,13941.0,111.0,0.0,0,455.55,0.0,1,1.46,0.35,SPY211105P00430000,430.0,0,0.0,0.0,,0.0,normalDay
2021-10-26,13941.0,109.0,0.0,0,455.96,0.0,1,1.46,0.37,SPY211105P00430000,430.0,0,0.0,0.0,,0.0,normalDay
2021-10-27,13941.0,105.0,0.0,0,453.94,0.0,1,1.46,0.41,SPY211105P00430000,430.0,0,0.0,0.0,,0.0,normalDay
2021-10-28,13941.0,125.0,0.0,0,458.32,0.0,1,1.46,0.21,SPY211105P00430000,430.0,0,0.0,0.0,,0.0,normalDay
2021-10-29,13941.0,134.0,0.0,0,459.25,0.0,1,1.46,0.12,SPY211105P00430000,430.0,0,0.0,0.0,,0.0,normalDay
2021-11-01,13941.0,140.0,0.0,0,460.04,0.0,1,1.46,0.06,SPY211105P00430000,430.0,0,0.0,0.0,,0.0,normalDay
2021-11-02,13941.0,141.0,0.0,0,461.9,0.0,1,1.46,0.05,SPY211105P00430000,430.0,0,0.0,0.0,,0.0,normalDay
2021-11-03,13941.0,143.0,0.0,0,464.72,0.0,1,1.46,0.03,SPY211105P00430000,430.0,0,0.0,0.0,,0.0,normalDay
2021-11-04,13941.0,144.0,0.0,0,466.91,0.0,1,1.46,0.02,SPY211105P00430000,430.0,0,0.0,0.0,,0.0,normalDay
2021-11-05,14087.0,0.0,146.0,0,468.53,0.0,1,1.46,0.0,SPY211105P00430000,430.0,0,0.0,0.0,,0.0,expirationDay
2021-11-08,14087.0,-3.0,0.0,0,468.93,0.0,1,0.86,0.89,SPY211126P00440000,440.0,0,0.0,0.0,,0.0,normalDay
2021-11-09,14087.0,-10.0,0.0,0,467.38,0.0,1,0.86,0.96,SPY211126P00440000,440.0,0,0.0,0.0,,0.0,normalDay
2021-11-10,14087.0,-31.0,0.0,0,463.62,0.0,1,0.86,1.17,SPY211126P00440000,440.0,0,0.0,0.0,,0.0,normalDay
2021-11-11,14087.0,4.0,0.0,0,463.77,0.0,1,0.86,0.82,SPY211126P00440000,440.0,0,0.0,0.0,,0.0,normalDay
2021-11-12,14087.0,46.0,0.0,0,467.27,0.0,1,0.86,0.4,SPY211126P00440000,440.0,0,0.0,0.0,,0.0,normalDay
2021-11-15,14087.0,60.0,0.0,0,467.43,0.0,1,0.86,0.26,SPY211126P00440000,440.0,0,0.0,0.0,,0.0,normalDay
2021-11-16,14087.0,66.0,0.0,0,469.28,0.0,1,0.86,0.2,SPY211126P00440000,440.0,0,0.0,0.0,,0.0,normalDay
2021-11-17,14087.0,70.0,0.0,0,468.14,0.0,1,0.86,0.16,SPY211126P00440000,440.0,0,0.0,0.0,,0.0,normalDay
2021-11-18,14087.0,72.0,0.0,0,469.73,0.0,1,0.86,0.14,SPY211126P00440000,440.0,0,0.0,0.0,,0.0,normalDay
2021-11-19,14087.0,76.0,0.0,0,468.89,0.0,1,0.86,0.1,SPY211126P00440000,440.0,0,0.0,0.0,,0.0,normalDay
2021-11-22,14087.0,79.0,0.0,0,467.57,0.0,1,0.86,0.07,SPY211126P00440000,440.0,0,0.0,0.0,,0.0,normalDay
2021-11-23,14087.0,81.0,0.0,0,468.19,0.0,1,0.86,0.05,SPY211126P00440000,440.0,0,0.0,0.0,,0.0,normalDay
2021-11-24,14087.0,84.0,0.0,0,469.44,0.0,1,0.86,0.02,SPY211126P00440000,440.0,0,0.0,0.0,,0.0,normalDay
2021-11-26,14173.0,0.0,86.0,0,458.97,0.0,1,0.86,0.0,SPY211126P00440000,440.0,0,0.0,0.0,,0.0,expirationDay
2021-11-29,14173.0,-4.0,0.0,0,464.6,0.0,1,6.84,6.88,SPY211217P00462000,462.0,0,0.0,0.0,,0.0,normalDay
2021-11-30,14173.0,-435.0,0.0,0,455.56,0.0,1,6.84,11.19,SPY211217P00462000,462.0,0,0.0,0.0,,0.0,normalDay
2021-12-01,14173.0,-998.0,0.0,0,450.5,0.0,1,6.84,16.82,SPY211217P00462000,462.0,0,0.0,0.0,,0.0,normalDay
2021-12-02,14173.0,-431.0,0.0,0,457.4,0.0,1,6.84,11.15,SPY211217P00462000,462.0,0,0.0,0.0,,0.0,normalDay
2021-12-03,14173.0,-683.0,0.0,0,453.42,0.0,1,6.84,13.67,SPY211217P00462000,462.0,0,0.0,0.0,,0.0,normalDay
2021-12-06,14173.0,-222.0,0.0,0,458.79,0.0,1,6.84,9.06,SPY211217P00462000,462.0,0,0.0,0.0,,0.0,normalDay
2021-12-07,14173.0,311.0,0.0,0,468.28,0.0,1,6.84,3.73,SPY211217P00462000,462.0,0,0.0,0.0,,0.0,normalDay
2021-12-08,14173.0,426.0,0.0,0,469.52,0.0,1,6.84,2.58,SPY211217P00462000,462.0,0,0.0,0.0,,0.0,normalDay
2021-12-09,14173.0,308.0,0.0,0,466.35,0.0,1,6.84,3.76,SPY211217P00462000,462.0,0,0.0,0.0,,0.0,normalDay
2021-12-10,14173.0,527.0,0.0,0,470.74,0.0,1,6.84,1.57,SPY211217P00462000,462.0,0,0.0,0.0,,0.0,normalDay
2021-12-13,14173.0,429.0,0.0,0,466.57,0.0,1,6.84,2.55,SPY211217P00462000,462.0,0,0.0,0.0,,0.0,normalDay
2021-12-14,14173.0,316.0,0.0,0,463.36,0.0,1,6.84,3.68,SPY211217P00462000,462.0,0,0.0,0.0,,0.0,normalDay
2021-12-15,14173.0,623.0,0.0,0,470.6,0.0,1,6.84,0.61,SPY211217P00462000,462.0,0,0.0,0.0,,0.0,normalDay
2021-12-16,14173.0,578.0,0.0,0,466.45,0.0,1,6.84,1.06,SPY211217P00462000,462.0,0,0.0,0.0,,0.0,normalDay
2021-12-17,14857.0,-213.0,684.0,100,459.87,462.0,1,6.84,0.0,SPY211217P00462000,462.0,0,0.0,0.0,,0.0,expirationDay
2021-12-20,14857.0,-740.0,0.0,100,454.98,462.0,0,0.0,0.0,,0.0,1,8.02,8.4,SPY220630C00493000,493.0,normalDay
2021-12-21,14857.0,-157.0,0.0,100,463.06,462.0,0,0.0,0.0,,0.0,1,8.02,10.65,SPY220630C00493000,493.0,normalDay
2021-12-22,14857.0,194.0,0.0,100,467.69,462.0,0,0.0,0.0,,0.0,1,8.02,11.77,SPY220630C00493000,493.0,normalDay
2021-12-23,14857.0,374.0,0.0,100,470.6,462.0,0,0.0,0.0,,0.0,1,8.02,12.88,SPY220630C00493000,493.0,normalDay
2021-12-27,14857.0,783.0,0.0,100,477.26,462.0,0,0.0,0.0,,0.0,1,8.02,15.45,SPY220630C00493000,493.0,normalDay
2021-12-28,14857.0,774.0,0.0,100,476.87,462.0,0,0.0,0.0,,0.0,1,8.02,15.15,SPY220630C00493000,493.0,normalDay
2021-12-29,14857.0,850.0,0.0,100,477.48,462.0,0,0.0,0.0,,0.0,1,8.02,15.0,SPY220630C00493000,493.0,normalDay
2021-12-30,14857.0,811.0,0.0,100,476.16,462.0,0,0.0,0.0,,0.0,1,8.02,14.07,SPY220630C00493000,493.0,normalDay
2021-12-31,14857.0,767.0,0.0,100,474.96,462.0,0,0.0,0.0,,0.0,1,8.02,13.31,SPY220630C00493000,493.0,normalDay
2022-01-03,14857.0,955.0,0.0,100,477.71,462.0,0,0.0,0.0,,0.0,1,8.02,14.18,SPY220630C00493000,493.0,normalDay
2022-01-04,14857.0,951.0,0.0,100,477.55,462.0,0,0.0,0.0,,0.0,1,8.02,14.06,SPY220630C00493000,493.0,normalDay
2022-01-05,14857.0,358.0,0.0,100,468.38,462.0,0,0.0,0.0,,0.0,1,8.02,10.82,SPY220630C00493000,493.0,normalDay
2022-01-06,14857.0,339.0,0.0,100,467.94,462.0,0,0.0,0.0,,0.0,1,8.02,10.57,SPY220630C00493000,493.0,normalDay
2022-01-07,14857.0,253.0,0.0,100,466.09,462.0,0,0.0,0.0,,0.0,1,8.02,9.58,SPY220630C00493000,493.0,normalDay
2022-01-10,14857.0,274.0,0.0,100,465.51,462.0,0,0.0,0.0,,0.0,1,8.02,8.79,SPY220630C00493000,493.0,normalDay
2022-01-11,14857.0,568.0,0.0,100,469.75,462.0,0,0.0,0.0,,0.0,1,8.02,10.09,SPY220630C00493000,493.0,normalDay
2022-01-12,14857.0,640.0,0.0,100,471.02,462.0,0,0.0,0.0,,0.0,1,8.02,10.64,SPY220630C00493000,493.0,normalDay
2022-01-13,14857.0,203.0,0.0,100,464.53,462.0,0,0.0,0.0,,0.0,1,8.02,8.52,SPY220630C00493000,493.0,normalDay
2022-01-14,14857.0,247.0,0.0,100,464.72,462.0,0,0.0,0.0,,0.0,1,8.02,8.27,SPY220630C00493000,493.0,normalDay
2022-01-18,14857.0,-377.0,0.0,100,456.49,462.0,0,0.0,0.0,,0.0,1,8.02,6.28,SPY220630C00493000,493.0,normalDay
2022-01-19,14857.0,-730.0,0.0,100,451.75,462.0,0,0.0,0.0,,0.0,1,8.02,5.07,SPY220630C00493000,493.0,normalDay
2022-01-20,14857.0,-1188.0,0.0,100,446.75,462.0,0,0.0,0.0,,0.0,1,8.02,4.65,SPY220630C00493000,493.0,normalDay
2022-01-21,14857.0,-1935.0,0.0,100,437.98,462.0,0,0.0,0.0,,0.0,1,8.02,3.35,SPY220630C00493000,493.0,normalDay
2022-01-24,14857.0,-1761.0,0.0,100,439.84,462.0,0,0.0,0.0,,0.0,1,8.02,3.47,SPY220630C00493000,493.0,normalDay
2022-01-25,14857.0,-2221.0,0.0,100,434.47,462.0,0,0.0,0.0,,0.0,1,8.02,2.7,SPY220630C00493000,493.0,normalDay
2022-01-26,14857.0,-2332.0,0.0,100,433.38,462.0,0,0.0,0.0,,0.0,1,8.02,2.72,SPY220630C00493000,493.0,normalDay
2022-01-27,14857.0,-2526.0,0.0,100,431.24,462.0,0,0.0,0.0,,0.0,1,8.02,2.52,SPY220630C00493000,493.0,normalDay
2022-01-28,14857.0,-1544.0,0.0,100,441.95,462.0,0,0.0,0.0,,0.0,1,8.02,3.41,SPY220630C00493000,493.0,normalDay
2022-01-31,14857.0,-831.0,0.0,100,449.91,462.0,0,0.0,0.0,,0.0,1,8.02,4.24,SPY220630C00493000,493.0,normalDay
2022-02-01,14857.0,-536.0,0.0,100,452.95,462.0,0,0.0,0.0,,0.0,1,8.02,4.33,SPY220630C00493000,493.0,normalDay
2022-02-02,14857.0,-150.0,0.0,100,457.35,462.0,0,0.0,0.0,,0.0,1,8.02,4.87,SPY220630C00493000,493.0,normalDay
2022-02-03,14857.0,-1167.0,0.0,100,446.6,462.0,0,0.0,0.0,,0.0,1,8.02,4.29,SPY220630C00493000,493.0,normalDay
2022-02-04,14857.0,-922.0,0.0,100,448.7,462.0,0,0.0,0.0,,0.0,1,8.02,3.94,SPY220630C00493000,493.0,normalDay
2022-02-07,14857.0,-1049.0,0.0,100,447.26,462.0,0,0.0,0.0,,0.0,1,8.02,3.77,SPY220630C00493000,493.0,normalDay
2022-02-08,14857.0,-694.0,0.0,100,450.94,462.0,0,0.0,0.0,,0.0,1,8.02,3.9,SPY220630C00493000,493.0,normalDay
2022-02-09,14857.0,-126.0,0.0,100,457.54,462.0,0,0.0,0.0,,0.0,1,8.02,4.82,SPY220630C00493000,493.0,normalDay
2022-02-10,14857.0,-829.0,0.0,100,449.32,462.0,0,0.0,0.0,,0.0,1,8.02,3.63,SPY220630C00493000,493.0,normalDay
2022-02-11,14857.0,-1623.0,0.0,100,440.46,462.0,0,0.0,0.0,,0.0,1,8.02,2.71,SPY220630C00493000,493.0,normalDay
2022-02-14,14857.0,-1764.0,0.0,100,439.02,462.0,0,0.0,0.0,,0.0,1,8.02,2.68,SPY220630C00493000,493.0,normalDay
2022-02-15,14857.0,-1086.0,0.0,100,446.1,462.0,0,0.0,0.0,,0.0,1,8.02,2.98,SPY220630C00493000,493.0,normalDay
2022-02-16,14857.0,-1024.0,0.0,100,446.6,462.0,0,0.0,0.0,,0.0,1,8.02,2.86,SPY220630C00493000,493.0,normalDay
2022-02-17,14857.0,-1890.0,0.0,100,437.06,462.0,0,0.0,0.0,,0.0,1,8.02,1.98,SPY220630C00493000,493.0,normalDay
2022-02-18,14857.0,-2173.0,0.0,100,434.23,462.0,0,0.0,0.0,,0.0,1,8.02,1.98,SPY220630C00493000,493.0,normalDay
2022-02-22,14857.0,-2590.0,0.0,100,429.57,462.0,0,0.0,0.0,,0.0,1,8.02,1.49,SPY220630C00493000,493.0,normalDay
2022-02-23,14857.0,-3315.0,0.0,100,421.95,462.0,0,0.0,0.0,,0.0,1,8.02,1.12,SPY220630C00493000,493.0,normalDay
2022-02-24,14857.0,-2706.0,0.0,100,428.3,462.0,0,0.0,0.0,,0.0,1,8.02,1.38,SPY220630C00493000,493.0,normalDay
2022-02-25,14857.0,-1832.0,0.0,100,437.75,462.0,0,0.0,0.0,,0.0,1,8.02,2.09,SPY220630C00493000,493.0,normalDay
2022-02-28,14857.0,-1953.0,0.0,100,436.63,462.0,0,0.0,0.0,,0.0,1,8.02,2.18,SPY220630C00493000,493.0,normalDay
2022-03-01,14857.0,-2583.0,0.0,100,429.98,462.0,0,0.0,0.0,,0.0,1,8.02,1.83,SPY220630C00493000,493.0,normalDay
2022-03-02,14857.0,-1825.0,0.0,100,437.89,462.0,0,0.0,0.0,,0.0,1,8.02,2.16,SPY220630C00493000,493.0,normalDay
2022-03-03,14857.0,-2017.0,0.0,100,435.71,462.0,0,0.0,0.0,,0.0,1,8.02,1.9,SPY220630C00493000,493.0,normalDay
2022-03-04,14857.0,-2345.0,0.0,100,432.17,462.0,0,0.0,0.0,,0.0,1,8.02,1.64,SPY220630C00493000,493.0,normalDay
2022-03-07,14857.0,-3567.0,0.0,100,419.43,462.0,0,0.0,0.0,,0.0,1,8.02,1.12,SPY220630C00493000,493.0,normalDay
2022-03-08,14857.0,-3865.0,0.0,100,416.25,462.0,0,0.0,0.0,,0.0,1,8.02,0.92,SPY220630C00493000,493.0,normalDay
2022-03-09,14857.0,-2797.0,0.0,100,427.41,462.0,0,0.0,0.0,,0.0,1,8.02,1.4,SPY220630C00493000,493.0,normalDay
2022-03-10,14857.0,-2963.0,0.0,100,425.48,462.0,0,0.0,0.0,,0.0,1,8.02,1.13,SPY220630C00493000,493.0,normalDay
2022-03-11,14857.0,-3477.0,0.0,100,420.07,462.0,0,0.0,0.0,,0.0,1,8.02,0.86,SPY220630C00493000,493.0,normalDay
2022-03-14,14857.0,-3777.0,0.0,100,417.0,462.0,0,0.0,0.0,,0.0,1,8.02,0.79,SPY220630C00493000,493.0,normalDay
2022-03-15,14857.0,-2885.0,0.0,100,426.17,462.0,0,0.0,0.0,,0.0,1,8.02,1.04,SPY220630C00493000,493.0,normalDay
2022-03-16,14857.0,-1964.0,0.0,100,435.62,462.0,0,0.0,0.0,,0.0,1,8.02,1.28,SPY220630C00493000,493.0,normalDay
2022-03-17,14857.0,-1429.0,0.0,100,441.07,462.0,0,0.0,0.0,,0.0,1,8.02,1.38,SPY220630C00493000,493.0,normalDay
2022-03-18,14857.0,-1102.0,0.0,100,444.52,462.0,0,0.0,0.0,,0.0,1,8.02,1.56,SPY220630C00493000,493.0,normalDay
2022-03-21,14857.0,-1098.0,0.0,100,444.39,462.0,0,0.0,0.0,,0.0,1,8.02,1.39,SPY220630C00493000,493.0,normalDay
2022-03-22,14857.0,-625.0,0.0,100,449.59,462.0,0,0.0,0.0,,0.0,1,8.02,1.86,SPY220630C00493000,493.0,normalDay
2022-03-23,14857.0,-1146.0,0.0,100,443.8,462.0,0,0.0,0.0,,0.0,1,8.02,1.28,SPY220630C00493000,493.0,normalDay
2022-03-24,14857.0,-523.0,0.0,100,450.49,462.0,0,0.0,0.0,,0.0,1,8.02,1.74,SPY220630C00493000,493.0,normalDay
2022-03-25,14857.0,-315.0,0.0,100,452.69,462.0,0,0.0,0.0,,0.0,1,8.02,1.86,SPY220630C00493000,493.0,normalDay
2022-03-28,14857.0,-12.0,0.0,100,455.91,462.0,0,0.0,0.0,,0.0,1,8.02,2.05,SPY220630C00493000,493.0,normalDay
2022-03-29,14857.0,480.0,0.0,100,461.55,462.0,0,0.0,0.0,,0.0,1,8.02,2.77,SPY220630C00493000,493.0,normalDay
2022-03-30,14857.0,227.0,0.0,100,458.7,462.0,0,0.0,0.0,,0.0,1,8.02,2.45,SPY220630C00493000,493.0,normalDay
2022-03-31,14857.0,-404.0,0.0,100,451.64,462.0,0,0.0,0.0,,0.0,1,8.02,1.7,SPY220630C00493000,493.0,normalDay
2022-04-01,14857.0,-252.0,0.0,100,452.92,462.0,0,0.0,0.0,,0.0,1,8.02,1.46,SPY220630C00493000,493.0,normalDay
2022-04-04,14857.0,118.0,0.0,100,456.8,462.0,0,0.0,0.0,,0.0,1,8.02,1.64,SPY220630C00493000,493.0,normalDay
2022-04-05,14857.0,-420.0,0.0,100,451.03,462.0,0,0.0,0.0,,0.0,1,8.02,1.25,SPY220630C00493000,493.0,normalDay
2022-04-06,14857.0,-837.0,0.0,100,446.52,462.0,0,0.0,0.0,,0.0,1,8.02,0.91,SPY220630C00493000,493.0,normalDay
2022-04-07,14857.0,-620.0,0.0,100,448.77,462.0,0,0.0,0.0,,0.0,1,8.02,0.99,SPY220630C00493000,493.0,normalDay
2022-04-08,14857.0,-727.0,0.0,100,447.57,462.0,0,0.0,0.0,,0.0,1,8.02,0.86,SPY220630C00493000,493.0,normalDay
2022-04-11,14857.0,-1463.0,0.0,100,439.92,462.0,0,0.0,0.0,,0.0,1,8.02,0.57,SPY220630C00493000,493.0,normalDay
2022-04-12,14857.0,-1619.0,0.0,100,438.29,462.0,0,0.0,0.0,,0.0,1,8.02,0.5,SPY220630C00493000,493.0,normalDay
2022-04-13,14857.0,-1125.0,0.0,100,443.31,462.0,0,0.0,0.0,,0.0,1,8.02,0.58,SPY220630C00493000,493.0,normalDay
2022-04-14,14857.0,-1661.0,0.0,100,437.79,462.0,0,0.0,0.0,,0.0,1,8.02,0.42,SPY220630C00493000,493.0,normalDay
2022-04-18,14857.0,-1637.0,0.0,100,437.97,462.0,0,0.0,0.0,,0.0,1,8.02,0.36,SPY220630C00493000,493.0,normalDay
2022-04-19,14857.0,-939.0,0.0,100,445.04,462.0,0,0.0,0.0,,0.0,1,8.02,0.45,SPY220630C00493000,493.0,normalDay
2022-04-20,14857.0,-975.0,0.0,100,444.71,462.0,0,0.0,0.0,,0.0,1,8.02,0.48,SPY220630C00493000,493.0,normalDay
2022-04-21,14857.0,-1622.0,0.0,100,438.06,462.0,0,0.0,0.0,,0.0,1,8.02,0.3,SPY220630C00493000,493.0,normalDay
2022-04-22,14857.0,-2811.0,0.0,100,426.04,462.0,0,0.0,0.0,,0.0,1,8.02,0.17,SPY220630C00493000,493.0,normalDay
2022-04-25,14857.0,-2563.0,0.0,100,428.51,462.0,0,0.0,0.0,,0.0,1,8.02,0.16,SPY220630C00493000,493.0,normalDay
2022-04-26,14857.0,-3798.0,0.0,100,416.1,462.0,0,0.0,0.0,,0.0,1,8.02,0.1,SPY220630C00493000,493.0,normalDay
2022-04-27,14857.0,-3680.0,0.0,100,417.27,462.0,0,0.0,0.0,,0.0,1,8.02,0.09,SPY220630C00493000,493.0,normalDay
2022-04-28,14857.0,-2632.0,0.0,100,427.81,462.0,0,0.0,0.0,,0.0,1,8.02,0.15,SPY220630C00493000,493.0,normalDay
2022-04-29,14857.0,-4208.0,0.0,100,412.0,462.0,0,0.0,0.0,,0.0,1,8.02,0.1,SPY220630C00493000,493.0,normalDay
2022-05-02,14857.0,-3960.0,0.0,100,414.48,462.0,0,0.0,0.0,,0.0,1,8.02,0.1,SPY220630C00493000,493.0,normalDay
2022-05-03,14857.0,-3767.0,0.0,100,416.38,462.0,0,0.0,0.0,,0.0,1,8.02,0.07,SPY220630C00493000,493.0,normalDay
2022-05-04,14857.0,-2503.0,0.0,100,429.06,462.0,0,0.0,0.0,,0.0,1,8.02,0.11,SPY220630C00493000,493.0,normalDay
2022-05-05,14857.0,-4024.0,0.0,100,413.81,462.0,0,0.0,0.0,,0.0,1,8.02,0.07,SPY220630C00493000,493.0,normalDay
2022-05-06,14857.0,-4269.0,0.0,100,411.34,462.0,0,0.0,0.0,,0.0,1,8.02,0.05,SPY220630C00493000,493.0,normalDay
2022-05-09,14857.0,-5586.0,0.0,100,398.17,462.0,0,0.0,0.0,,0.0,1,8.02,0.05,SPY220630C00493000,493.0,normalDay
2022-05-10,14857.0,-5493.0,0.0,100,399.09,462.0,0,0.0,0.0,,0.0,1,8.02,0.04,SPY220630C00493000,493.0,normalDay
2022-05-11,14857.0,-6127.0,0.0,100,392.75,462.0,0,0.0,0.0,,0.0,1,8.02,0.04,SPY220630C00493000,493.0,normalDay
2022-05-12,14857.0,-6168.0,0.0,100,392.34,462.0,0,0.0,0.0,,0.0,1,8.02,0.04,SPY220630C00493000,493.0,normalDay
2022-05-13,14857.0,-5229.0,0.0,100,401.72,462.0,0,0.0,0.0,,0.0,1,8.02,0.03,SPY220630C00493000,493.0,normalDay
2022-05-16,14857.0,-5392.0,0.0,100,400.09,462.0,0,0.0,0.0,,0.0,1,8.02,0.03,SPY220630C00493000,493.0,normalDay
2022-05-17,14857.0,-4568.0,0.0,100,408.32,462.0,0,0.0,0.0,,0.0,1,8.02,0.02,SPY220630C00493000,493.0,normalDay
2022-05-18,14857.0,-6214.0,0.0,100,391.86,462.0,0,0.0,0.0,,0.0,1,8.02,0.02,SPY220630C00493000,493.0,normalDay
2022-05-19,14857.0,-6454.0,0.0,100,389.46,462.0,0,0.0,0.0,,0.0,1,8.02,0.02,SPY220630C00493000,493.0,normalDay
2022-05-20,14857.0,-6437.0,0.0,100,389.63,462.0,0,0.0,0.0,,0.0,1,8.02,0.02,SPY220630C00493000,493.0,normalDay
2022-05-23,14857.0,-5709.0,0.0,100,396.92,462.0,0,0.0,0.0,,0.0,1,8.02,0.03,SPY220630C00493000,493.0,normalDay
2022-05-24,14857.0,-6012.0,0.0,100,393.89,462.0,0,0.0,0.0,,0.0,1,8.02,0.03,SPY220630C00493000,493.0,normalDay
2022-05-25,14857.0,-5664.0,0.0,100,397.37,462.0,0,0.0,0.0,,0.0,1,8.02,0.03,SPY220630C00493000,493.0,normalDay
2022-05-26,14857.0,-4871.0,0.0,100,405.31,462.0,0,0.0,0.0,,0.0,1,8.02,0.04,SPY220630C00493000,493.0,normalDay
2022-05-27,14857.0,-3877.0,0.0,100,415.26,462.0,0,0.0,0.0,,0.0,1,8.02,0.05,SPY220630C00493000,493.0,normalDay
2022-05-31,14857.0,-4108.0,0.0,100,412.93,462.0,0,0.0,0.0,,0.0,1,8.02,0.03,SPY220630C00493000,493.0,normalDay
2022-06-01,14857.0,-4442.0,0.0,100,409.59,462.0,0,0.0,0.0,,0.0,1,8.02,0.03,SPY220630C00493000,493.0,normalDay
2022-06-02,14857.0,-3662.0,0.0,100,417.39,462.0,0,0.0,0.0,,0.0,1,8.02,0.03,SPY220630C00493000,493.0,normalDay
2022-06-03,14857.0,-4346.0,0.0,100,410.54,462.0,0,0.0,0.0,,0.0,1,8.02,0.02,SPY220630C00493000,493.0,normalDay
2022-06-06,14857.0,-4221.0,0.0,100,411.79,462.0,0,0.0,0.0,,0.0,1,8.02,0.02,SPY220630C00493000,493.0,normalDay
2022-06-07,14857.0,-3826.0,0.0,100,415.74,462.0,0,0.0,0.0,,0.0,1,8.02,0.02,SPY220630C00493000,493.0,normalDay
2022-06-08,14857.0,-4278.0,0.0,100,411.22,462.0,0,0.0,0.0,,0.0,1,8.02,0.02,SPY220630C00493000,493.0,normalDay
2022-06-09,14857.0,-5256.0,0.0,100,401.44,462.0,0,0.0,0.0,,0.0,1,8.02,0.02,SPY220630C00493000,493.0,normalDay
2022-06-10,14857.0,-6420.0,0.0,100,389.8,462.0,0,0.0,0.0,,0.0,1,8.02,0.02,SPY220630C00493000,493.0,normalDay
2022-06-13,14857.0,-7900.0,0.0,100,375.0,462.0,0,0.0,0.0,,0.0,1,8.02,0.02,SPY220630C00493000,493.0,normalDay
2022-06-14,14857.0,-8013.0,0.0,100,373.87,462.0,0,0.0,0.0,,0.0,1,8.02,0.02,SPY220630C00493000,493.0,normalDay
2022-06-15,14857.0,-7479.0,0.0,100,379.2,462.0,0,0.0,0.0,,0.0,1,8.02,0.01,SPY220630C00493000,493.0,normalDay
2022-06-16,14857.0,-8734.0,0.0,100,366.65,462.0,0,0.0,0.0,,0.0,1,8.02,0.01,SPY220630C00493000,493.0,normalDay
2022-06-17,14857.0,-8813.0,0.0,100,365.86,462.0,0,0.0,0.0,,0.0,1,8.02,0.01,SPY220630C00493000,493.0,normalDay
2022-06-21,14857.0,-7892.0,0.0,100,375.07,462.0,0,0.0,0.0,,0.0,1,8.02,0.01,SPY220630C00493000,493.0,normalDay
2022-06-22,14857.0,-7960.0,0.0,100,374.39,462.0,0,0.0,0.0,,0.0,1,8.02,0.01,SPY220630C00493000,493.0,normalDay
2022-06-23,14857.0,-7593.0,0.0,100,378.06,462.0,0,0.0,0.0,,0.0,1,8.02,0.01,SPY220630C00493000,493.0,normalDay
2022-06-24,14857.0,-6391.0,0.0,100,390.08,462.0,0,0.0,0.0,,0.0,1,8.02,0.01,SPY220630C00493000,493.0,normalDay
2022-06-27,14857.0,-6540.0,0.0,100,388.59,462.0,0,0.0,0.0,,0.0,1,8.02,0.01,SPY220630C00493000,493.0,normalDay
2022-06-28,14857.0,-7334.0,0.0,100,380.65,462.0,0,0.0,0.0,,0.0,1,8.02,0.01,SPY220630C00493000,493.0,normalDay
2022-06-29,14857.0,-7365.0,0.0,100,380.34,462.0,0,0.0,0.0,,0.0,1,8.02,0.01,SPY220630C00493000,493.0,normalDay
2022-06-30,15659.0,-8475.0,802.0,100,377.25,462.0,0,0.0,0.0,,0.0,1,8.02,0.0,SPY220630C00493000,493.0,expirationDay
2022-07-01,15659.0,-8084.0,0.0,100,381.24,462.0,0,0.0,0.0,,0.0,1,2.41,2.49,SPY230120C00460000,460.0,normalDay
2022-07-05,15659.0,-8002.0,0.0,100,381.96,462.0,0,0.0,0.0,,0.0,1,2.41,2.39,SPY230120C00460000,460.0,normalDay
2022-07-06,15659.0,-7895.0,0.0,100,383.25,462.0,0,0.0,0.0,,0.0,1,2.41,2.61,SPY230120C00460000,460.0,normalDay
2022-07-07,15659.0,-7376.0,0.0,100,388.99,462.0,0,0.0,0.0,,0.0,1,2.41,3.16,SPY230120C00460000,460.0,normalDay
2022-07-08,15659.0,-7400.0,0.0,100,388.67,462.0,0,0.0,0.0,,0.0,1,2.41,3.08,SPY230120C00460000,460.0,normalDay
2022-07-11,15659.0,-7794.0,0.0,100,384.23,462.0,0,0.0,0.0,,0.0,1,2.41,2.58,SPY230120C00460000,460.0,normalDay
2022-07-12,15659.0,-8089.0,0.0,100,380.83,462.0,0,0.0,0.0,,0.0,1,2.41,2.13,SPY230120C00460000,460.0,normalDay
2022-07-13,15659.0,-8272.0,0.0,100,378.83,462.0,0,0.0,0.0,,0.0,1,2.41,1.96,SPY230120C00460000,460.0,normalDay
2022-07-14,15659.0,-8363.0,0.0,100,377.91,462.0,0,0.0,0.0,,0.0,1,2.41,1.95,SPY230120C00460000,460.0,normalDay
2022-07-15,15659.0,-7684.0,0.0,100,385.13,462.0,0,0.0,0.0,,0.0,1,2.41,2.38,SPY230120C00460000,460.0,normalDay
2022-07-18,15659.0,-7979.0,0.0,100,381.95,462.0,0,0.0,0.0,,0.0,1,2.41,2.15,SPY230120C00460000,460.0,normalDay
2022-07-19,15659.0,-7077.0,0.0,100,392.27,462.0,0,0.0,0.0,,0.0,1,2.41,3.45,SPY230120C00460000,460.0,normalDay
2022-07-20,15659.0,-6864.0,0.0,100,394.77,462.0,0,0.0,0.0,,0.0,1,2.41,3.82,SPY230120C00460000,460.0,normalDay
2022-07-21,15659.0,-6505.0,0.0,100,398.79,462.0,0,0.0,0.0,,0.0,1,2.41,4.25,SPY230120C00460000,460.0,normalDay
2022-07-22,15659.0,-6807.0,0.0,100,395.09,462.0,0,0.0,0.0,,0.0,1,2.41,3.57,SPY230120C00460000,460.0,normalDay
2022-07-25,15659.0,-6762.0,0.0,100,395.57,462.0,0,0.0,0.0,,0.0,1,2.41,3.6,SPY230120C00460000,460.0,normalDay
2022-07-26,15659.0,-7174.0,0.0,100,390.89,462.0,0,0.0,0.0,,0.0,1,2.41,3.04,SPY230120C00460000,460.0,normalDay
2022-07-27,15659.0,-6265.0,0.0,100,401.04,462.0,0,0.0,0.0,,0.0,1,2.41,4.1,SPY230120C00460000,460.0,normalDay
2022-07-28,15659.0,-5862.0,0.0,100,406.07,462.0,0,0.0,0.0,,0.0,1,2.41,5.1,SPY230120C00460000,460.0,normalDay
2022-07-29,15659.0,-5362.0,0.0,100,411.99,462.0,0,0.0,0.0,,0.0,1,2.41,6.02,SPY230120C00460000,460.0,normalDay
2022-08-01,15659.0,-5472.0,0.0,100,410.77,462.0,0,0.0,0.0,,0.0,1,2.41,5.9,SPY230120C00460000,460.0,normalDay
2022-08-02,15659.0,-5692.0,0.0,100,408.06,462.0,0,0.0,0.0,,0.0,1,2.41,5.39,SPY230120C00460000,460.0,normalDay
2022-08-03,15659.0,-5153.0,0.0,100,414.45,462.0,0,0.0,0.0,,0.0,1,2.41,6.39,SPY230120C00460000,460.0,normalDay
2022-08-04,15659.0,-5189.0,0.0,100,414.17,462.0,0,0.0,0.0,,0.0,1,2.41,6.47,SPY230120C00460000,460.0,normalDay
2022-08-05,15659.0,-5213.0,0.0,100,413.47,462.0,0,0.0,0.0,,0.0,1,2.41,6.01,SPY230120C00460000,460.0,normalDay
2022-08-08,15659.0,-5264.0,0.0,100,412.99,462.0,0,0.0,0.0,,0.0,1,2.41,6.04,SPY230120C00460000,460.0,normalDay
2022-08-09,15659.0,-5383.0,0.0,100,411.35,462.0,0,0.0,0.0,,0.0,1,2.41,5.59,SPY230120C00460000,460.0,normalDay
2022-08-10,15659.0,-4678.0,0.0,100,419.99,462.0,0,0.0,0.0,,0.0,1,2.41,7.18,SPY230120C00460000,460.0,normalDay
2022-08-11,15659.0,-4683.0,0.0,100,419.99,462.0,0,0.0,0.0,,0.0,1,2.41,7.23,SPY230120C00460000,460.0,normalDay
2022-08-12,15659.0,-4158.0,0.0,100,427.1,462.0,0,0.0,0.0,,0.0,1,2.41,9.09,SPY230120C00460000,460.0,normalDay
2022-08-15,15659.0,-4027.0,0.0,100,428.86,462.0,0,0.0,0.0,,0.0,1,2.41,9.54,SPY230120C00460000,460.0,normalDay
2022-08-16,15659.0,-3953.0,0.0,100,429.7,462.0,0,0.0,0.0,,0.0,1,2.41,9.64,SPY230120C00460000,460.0,normalDay
2022-08-17,15659.0,-4181.0,0.0,100,426.65,462.0,0,0.0,0.0,,0.0,1,2.41,8.87,SPY230120C00460000,460.0,normalDay
2022-08-18,15659.0,-4049.0,0.0,100,427.89,462.0,0,0.0,0.0,,0.0,1,2.41,8.79,SPY230120C00460000,460.0,normalDay
2022-08-19,15659.0,-4459.0,0.0,100,422.14,462.0,0,0.0,0.0,,0.0,1,2.41,7.14,SPY230120C00460000,460.0,normalDay
2022-08-22,15659.0,-5152.0,0.0,100,413.35,462.0,0,0.0,0.0,,0.0,1,2.41,5.28,SPY230120C00460000,460.0,normalDay
2022-08-23,15659.0,-5211.0,0.0,100,412.35,462.0,0,0.0,0.0,,0.0,1,2.41,4.87,SPY230120C00460000,460.0,normalDay
2022-08-24,15659.0,-5078.0,0.0,100,413.67,462.0,0,0.0,0.0,,0.0,1,2.41,4.86,SPY230120C00460000,460.0,normalDay
2022-08-25,15659.0,-4596.0,0.0,100,419.51,462.0,0,0.0,0.0,,0.0,1,2.41,5.88,SPY230120C00460000,460.0,normalDay
2022-08-26,15659.0,-5767.0,0.0,100,405.31,462.0,0,0.0,0.0,,0.0,1,2.41,3.39,SPY230120C00460000,460.0,normalDay
2022-08-29,15659.0,-5993.0,0.0,100,402.63,462.0,0,0.0,0.0,,0.0,1,2.41,2.97,SPY230120C00460000,460.0,normalDay
2022-08-30,15659.0,-6373.0,0.0,100,398.21,462.0,0,0.0,0.0,,0.0,1,2.41,2.35,SPY230120C00460000,460.0,normalDay
2022-08-31,15659.0,-6641.0,0.0,100,395.18,462.0,0,0.0,0.0,,0.0,1,2.41,2.0,SPY230120C00460000,460.0,normalDay
2022-09-01,15659.0,-6521.0,0.0,100,396.42,462.0,0,0.0,0.0,,0.0,1,2.41,2.04,SPY230120C00460000,460.0,normalDay
2022-09-02,15659.0,-6905.0,0.0,100,392.24,462.0,0,0.0,0.0,,0.0,1,2.41,1.7,SPY230120C00460000,460.0,normalDay
2022-09-06,15659.0,-7040.0,0.0,100,390.76,462.0,0,0.0,0.0,,0.0,1,2.41,1.57,SPY230120C00460000,460.0,normalDay
2022-09-07,15659.0,-6385.0,0.0,100,397.78,462.0,0,0.0,0.0,,0.0,1,2.41,2.04,SPY230120C00460000,460.0,normalDay
2022-09-08,15659.0,-6150.0,0.0,100,400.38,462.0,0,0.0,0.0,,0.0,1,2.41,2.29,SPY230120C00460000,460.0,normalDay
2022-09-09,15659.0,-5592.0,0.0,100,406.6,462.0,0,0.0,0.0,,0.0,1,2.41,2.93,SPY230120C00460000,460.0,normalDay
2022-09-12,15659.0,-5242.0,0.0,100,410.97,462.0,0,0.0,0.0,,0.0,1,2.41,3.8,SPY230120C00460000,460.0,normalDay
2022-09-13,15659.0,-6843.0,0.0,100,393.1,462.0,0,0.0,0.0,,0.0,1,2.41,1.94,SPY230120C00460000,460.0,normalDay
2022-09-14,15659.0,-6678.0,0.0,100,394.6,462.0,0,0.0,0.0,,0.0,1,2.41,1.79,SPY230120C00460000,460.0,normalDay
2022-09-15,15659.0,-7091.0,0.0,100,390.12,462.0,0,0.0,0.0,,0.0,1,2.41,1.44,SPY230120C00460000,460.0,normalDay
2022-09-16,15659.0,-7528.0,0.0,100,385.56,462.0,0,0.0,0.0,,0.0,1,2.41,1.25,SPY230120C00460000,460.0,normalDay
2022-09-19,15659.0,-7237.0,0.0,100,388.55,462.0,0,0.0,0.0,,0.0,1,2.41,1.33,SPY230120C00460000,460.0,normalDay
2022-09-20,15659.0,-7661.0,0.0,100,384.09,462.0,0,0.0,0.0,,0.0,1,2.41,1.11,SPY230120C00460000,460.0,normalDay
2022-09-21,15659.0,-8298.0,0.0,100,377.39,462.0,0,0.0,0.0,,0.0,1,2.41,0.78,SPY230120C00460000,460.0,normalDay
2022-09-22,15659.0,-8603.0,0.0,100,374.22,462.0,0,0.0,0.0,,0.0,1,2.41,0.66,SPY230120C00460000,460.0,normalDay
2022-09-23,15659.0,-9218.0,0.0,100,367.95,462.0,0,0.0,0.0,,0.0,1,2.41,0.54,SPY230120C00460000,460.0,normalDay
2022-09-26,15659.0,-9575.0,0.0,100,364.31,462.0,0,0.0,0.0,,0.0,1,2.41,0.47,SPY230120C00460000,460.0,normalDay
2022-09-27,15659.0,-9663.0,0.0,100,363.38,462.0,0,0.0,0.0,,0.0,1,2.41,0.42,SPY230120C00460000,460.0,normalDay
2022-09-28,15659.0,-8964.0,0.0,100,370.53,462.0,0,0.0,0.0,,0.0,1,2.41,0.58,SPY230120C00460000,460.0,normalDay
2022-09-29,15659.0,-9717.0,0.0,100,362.79,462.0,0,0.0,0.0,,0.0,1,2.41,0.37,SPY230120C00460000,460.0,normalDay
2022-09-30,15659.0,-10270.0,0.0,100,357.18,462.0,0,0.0,0.0,,0.0,1,2.41,0.29,SPY230120C00460000,460.0,normalDay
2022-10-03,15659.0,-9340.0,0.0,100,366.61,462.0,0,0.0,0.0,,0.0,1,2.41,0.42,SPY230120C00460000,460.0,normalDay
2022-10-04,15659.0,-8239.0,0.0,100,377.97,462.0,0,0.0,0.0,,0.0,1,2.41,0.77,SPY230120C00460000,460.0,normalDay
2022-10-05,15659.0,-8313.0,0.0,100,377.09,462.0,0,0.0,0.0,,0.0,1,2.41,0.63,SPY230120C00460000,460.0,normalDay
2022-10-06,15659.0,-8691.0,0.0,100,373.2,462.0,0,0.0,0.0,,0.0,1,2.41,0.52,SPY230120C00460000,460.0,normalDay
2022-10-07,15659.0,-9714.0,0.0,100,362.79,462.0,0,0.0,0.0,,0.0,1,2.41,0.34,SPY230120C00460000,460.0,normalDay
2022-10-10,15659.0,-9993.0,0.0,100,360.02,462.0,0,0.0,0.0,,0.0,1,2.41,0.36,SPY230120C00460000,460.0,normalDay
2022-10-11,15659.0,-10220.0,0.0,100,357.74,462.0,0,0.0,0.0,,0.0,1,2.41,0.35,SPY230120C00460000,460.0,normalDay
2022-10-12,15659.0,-10337.0,0.0,100,356.56,462.0,0,0.0,0.0,,0.0,1,2.41,0.34,SPY230120C00460000,460.0,normalDay
2022-10-13,15659.0,-9414.0,0.0,100,365.97,462.0,0,0.0,0.0,,0.0,1,2.41,0.52,SPY230120C00460000,460.0,normalDay
2022-10-14,15659.0,-10230.0,0.0,100,357.63,462.0,0,0.0,0.0,,0.0,1,2.41,0.34,SPY230120C00460000,460.0,normalDay
2022-10-17,15659.0,-9327.0,0.0,100,366.82,462.0,0,0.0,0.0,,0.0,1,2.41,0.5,SPY230120C00460000,460.0,normalDay
2022-10-18,15659.0,-8906.0,0.0,100,371.13,462.0,0,0.0,0.0,,0.0,1,2.41,0.6,SPY230120C00460000,460.0,normalDay
2022-10-19,15659.0,-9157.0,0.0,100,368.5,462.0,0,0.0,0.0,,0.0,1,2.41,0.48,SPY230120C00460000,460.0,normalDay
2022-10-20,15659.0,-9453.0,0.0,100,365.41,462.0,0,0.0,0.0,,0.0,1,2.41,0.35,SPY230120C00460000,460.0,normalDay
2022-10-21,15659.0,-8594.0,0.0,100,374.29,462.0,0,0.0,0.0,,0.0,1,2.41,0.64,SPY230120C00460000,460.0,normalDay
2022-10-24,15659.0,-8149.0,0.0,100,378.87,462.0,0,0.0,0.0,,0.0,1,2.41,0.77,SPY230120C00460000,460.0,normalDay
2022-10-25,15659.0,-7548.0,0.0,100,384.92,462.0,0,0.0,0.0,,0.0,1,2.41,0.81,SPY230120C00460000,460.0,normalDay
2022-10-26,15659.0,-7820.0,0.0,100,382.02,462.0,0,0.0,0.0,,0.0,1,2.41,0.63,SPY230120C00460000,460.0,normalDay
2022-10-27,15659.0,-7999.0,0.0,100,379.98,462.0,0,0.0,0.0,,0.0,1,2.41,0.38,SPY230120C00460000,460.0,normalDay
2022-10-28,15659.0,-7131.0,0.0,100,389.02,462.0,0,0.0,0.0,,0.0,1,2.41,0.74,SPY230120C00460000,460.0,normalDay
2022-10-31,15659.0,-7392.0,0.0,100,386.21,462.0,0,0.0,0.0,,0.0,1,2.41,0.54,SPY230120C00460000,460.0,normalDay
2022-11-01,15659.0,-7551.0,0.0,100,384.52,462.0,0,0.0,0.0,,0.0,1,2.41,0.44,SPY230120C00460000,460.0,normalDay
2022-11-02,15659.0,-8496.0,0.0,100,374.87,462.0,0,0.0,0.0,,0.0,1,2.41,0.24,SPY230120C00460000,460.0,normalDay
2022-11-03,15659.0,-8875.0,0.0,100,371.01,462.0,0,0.0,0.0,,0.0,1,2.41,0.17,SPY230120C00460000,460.0,normalDay
2022-11-04,15659.0,-8343.0,0.0,100,376.35,462.0,0,0.0,0.0,,0.0,1,2.41,0.19,SPY230120C00460000,460.0,normalDay
2022-11-07,15659.0,-7987.0,0.0,100,379.95,462.0,0,0.0,0.0,,0.0,1,2.41,0.23,SPY230120C00460000,460.0,normalDay
2022-11-08,15659.0,-7785.0,0.0,100,382.0,462.0,0,0.0,0.0,,0.0,1,2.41,0.26,SPY230120C00460000,460.0,normalDay
2022-11-09,15659.0,-8562.0,0.0,100,374.13,462.0,0,0.0,0.0,,0.0,1,2.41,0.16,SPY230120C00460000,460.0,normalDay
2022-11-10,15659.0,-6547.0,0.0,100,394.69,462.0,0,0.0,0.0,,0.0,1,2.41,0.57,SPY230120C00460000,460.0,normalDay
2022-11-11,15659.0,-6161.0,0.0,100,398.51,462.0,0,0.0,0.0,,0.0,1,2.41,0.53,SPY230120C00460000,460.0,normalDay
2022-11-14,15659.0,-6484.0,0.0,100,395.12,462.0,0,0.0,0.0,,0.0,1,2.41,0.37,SPY230120C00460000,460.0,normalDay
2022-11-15,15659.0,-6155.0,0.0,100,398.49,462.0,0,0.0,0.0,,0.0,1,2.41,0.45,SPY230120C00460000,460.0,normalDay
2022-11-16,15659.0,-6446.0,0.0,100,395.45,462.0,0,0.0,0.0,,0.0,1,2.41,0.32,SPY230120C00460000,460.0,normalDay
2022-11-17,15659.0,-6562.0,0.0,100,394.24,462.0,0,0.0,0.0,,0.0,1,2.41,0.27,SPY230120C00460000,460.0,normalDay
2022-11-18,15659.0,-6382.0,0.0,100,396.03,462.0,0,0.0,0.0,,0.0,1,2.41,0.26,SPY230120C00460000,460.0,normalDay
2022-11-21,15659.0,-6518.0,0.0,100,394.59,462.0,0,0.0,0.0,,0.0,1,2.41,0.18,SPY230120C00460000,460.0,normalDay
2022-11-22,15659.0,-5989.0,0.0,100,399.9,462.0,0,0.0,0.0,,0.0,1,2.41,0.2,SPY230120C00460000,460.0,normalDay
2022-11-23,15659.0,-5735.0,0.0,100,402.42,462.0,0,0.0,0.0,,0.0,1,2.41,0.18,SPY230120C00460000,460.0,normalDay
2022-11-25,15659.0,-5742.0,0.0,100,402.33,462.0,0,0.0,0.0,,0.0,1,2.41,0.16,SPY230120C00460000,460.0,normalDay
2022-11-28,15659.0,-6379.0,0.0,100,395.91,462.0,0,0.0,0.0,,0.0,1,2.41,0.11,SPY230120C00460000,460.0,normalDay
2022-11-29,15659.0,-6445.0,0.0,100,395.23,462.0,0,0.0,0.0,,0.0,1,2.41,0.09,SPY230120C00460000,460.0,normalDay
2022-11-30,15659.0,-5216.0,0.0,100,407.68,462.0,0,0.0,0.0,,0.0,1,2.41,0.25,SPY230120C00460000,460.0,normalDay
2022-12-01,15659.0,-5243.0,0.0,100,407.38,462.0,0,0.0,0.0,,0.0,1,2.41,0.22,SPY230120C00460000,460.0,normalDay
2022-12-02,15659.0,-5283.0,0.0,100,406.91,462.0,0,0.0,0.0,,0.0,1,2.41,0.15,SPY230120C00460000,460.0,normalDay
2022-12-05,15659.0,-6009.0,0.0,100,399.59,462.0,0,0.0,0.0,,0.0,1,2.41,0.09,SPY230120C00460000,460.0,normalDay
2022-12-06,15659.0,-6583.0,0.0,100,393.83,462.0,0,0.0,0.0,,0.0,1,2.41,0.07,SPY230120C00460000,460.0,normalDay
2022-12-07,15659.0,-6650.0,0.0,100,393.16,462.0,0,0.0,0.0,,0.0,1,2.41,0.07,SPY230120C00460000,460.0,normalDay
2022-12-08,15659.0,-6343.0,0.0,100,396.24,462.0,0,0.0,0.0,,0.0,1,2.41,0.08,SPY230120C00460000,460.0,normalDay
2022-12-09,15659.0,-6638.0,0.0,100,393.28,462.0,0,0.0,0.0,,0.0,1,2.41,0.07,SPY230120C00460000,460.0,normalDay
2022-12-12,15659.0,-6078.0,0.0,100,398.95,462.0,0,0.0,0.0,,0.0,1,2.41,0.14,SPY230120C00460000,460.0,normalDay
2022-12-13,15659.0,-5773.0,0.0,100,401.97,462.0,0,0.0,0.0,,0.0,1,2.41,0.11,SPY230120C00460000,460.0,normalDay
2022-12-14,15659.0,-6025.0,0.0,100,399.4,462.0,0,0.0,0.0,,0.0,1,2.41,0.06,SPY230120C00460000,460.0,normalDay
2022-12-15,15659.0,-7000.0,0.0,100,389.63,462.0,0,0.0,0.0,,0.0,1,2.41,0.04,SPY230120C00460000,460.0,normalDay
2022-12-16,15659.0,-7636.0,0.0,100,383.27,462.0,0,0.0,0.0,,0.0,1,2.41,0.04,SPY230120C00460000,460.0,normalDay
2022-12-19,15659.0,-7960.0,0.0,100,380.02,462.0,0,0.0,0.0,,0.0,1,2.41,0.03,SPY230120C00460000,460.0,normalDay
2022-12-20,15659.0,-7908.0,0.0,100,380.54,462.0,0,0.0,0.0,,0.0,1,2.41,0.03,SPY230120C00460000,460.0,normalDay
2022-12-21,15659.0,-7339.0,0.0,100,386.23,462.0,0,0.0,0.0,,0.0,1,2.41,0.03,SPY230120C00460000,460.0,normalDay
2022-12-22,15659.0,-7889.0,0.0,100,380.72,462.0,0,0.0,0.0,,0.0,1,2.41,0.02,SPY230120C00460000,460.0,normalDay
2022-12-23,15659.0,-7670.0,0.0,100,382.91,462.0,0,0.0,0.0,,0.0,1,2.41,0.02,SPY230120C00460000,460.0,normalDay
2022-12-27,15659.0,-7821.0,0.0,100,381.4,462.0,0,0.0,0.0,,0.0,1,2.41,0.02,SPY230120C00460000,460.0,normalDay
2022-12-28,15659.0,-8295.0,0.0,100,376.66,462.0,0,0.0,0.0,,0.0,1,2.41,0.02,SPY230120C00460000,460.0,normalDay
2022-12-29,15659.0,-7617.0,0.0,100,383.44,462.0,0,0.0,0.0,,0.0,1,2.41,0.02,SPY230120C00460000,460.0,normalDay
2022-12-30,15659.0,-7718.0,0.0,100,382.43,462.0,0,0.0,0.0,,0.0,1,2.41,0.02,SPY230120C00460000,460.0,normalDay
2023-01-03,15659.0,-7879.0,0.0,100,380.82,462.0,0,0.0,0.0,,0.0,1,2.41,0.02,SPY230120C00460000,460.0,normalDay
2023-01-04,15659.0,-7584.0,0.0,100,383.76,462.0,0,0.0,0.0,,0.0,1,2.41,0.01,SPY230120C00460000,460.0,normalDay
2023-01-05,15659.0,-8022.0,0.0,100,379.38,462.0,0,0.0,0.0,,0.0,1,2.41,0.01,SPY230120C00460000,460.0,normalDay
2023-01-06,15659.0,-7152.0,0.0,100,388.08,462.0,0,0.0,0.0,,0.0,1,2.41,0.01,SPY230120C00460000,460.0,normalDay
2023-01-09,15659.0,-7174.0,0.0,100,387.86,462.0,0,0.0,0.0,,0.0,1,2.41,0.01,SPY230120C00460000,460.0,normalDay
2023-01-10,15659.0,-6902.0,0.0,100,390.58,462.0,0,0.0,0.0,,0.0,1,2.41,0.01,SPY230120C00460000,460.0,normalDay
2023-01-11,15659.0,-6408.0,0.0,100,395.52,462.0,0,0.0,0.0,,0.0,1,2.41,0.01,SPY230120C00460000,460.0,normalDay
2023-01-12,15659.0,-6264.0,0.0,100,396.96,462.0,0,0.0,0.0,,0.0,1,2.41,0.01,SPY230120C00460000,460.0,normalDay
2023-01-13,15659.0,-6110.0,0.0,100,398.5,462.0,0,0.0,0.0,,0.0,1,2.41,0.01,SPY230120C00460000,460.0,normalDay
2023-01-17,15659.0,-6183.0,0.0,100,397.77,462.0,0,0.0,0.0,,0.0,1,2.41,0.01,SPY230120C00460000,460.0,normalDay
2023-01-18,15659.0,-6811.0,0.0,100,391.49,462.0,0,0.0,0.0,,0.0,1,2.41,0.01,SPY230120C00460000,460.0,normalDay
2023-01-19,15659.0,-7096.0,0.0,100,388.64,462.0,0,0.0,0.0,,0.0,1,2.41,0.01,SPY230120C00460000,460.0,normalDay
2023-01-20,15900.0,-6612.0,241.0,100,395.88,462.0,0,0.0,0.0,,0.0,1,2.41,0.0,SPY230120C00460000,460.0,expirationDay
2023-01-23,15900.0,-6167.0,0.0,100,400.63,462.0,0,0.0,0.0,,0.0,1,11.22,11.52,SPY230721C00425000,425.0,normalDay
2023-01-24,15900.0,-6242.0,0.0,100,400.2,462.0,0,0.0,0.0,,0.0,1,11.22,11.84,SPY230721C00425000,425.0,normalDay
2023-01-25,15900.0,-6100.0,0.0,100,400.35,462.0,0,0.0,0.0,,0.0,1,11.22,10.57,SPY230721C00425000,425.0,normalDay
2023-01-26,15900.0,-5835.0,0.0,100,404.75,462.0,0,0.0,0.0,,0.0,1,11.22,12.32,SPY230721C00425000,425.0,normalDay
2023-01-27,15900.0,-5771.0,0.0,100,405.68,462.0,0,0.0,0.0,,0.0,1,11.22,12.61,SPY230721C00425000,425.0,normalDay
2023-01-30,15900.0,-6092.0,0.0,100,400.59,462.0,0,0.0,0.0,,0.0,1,11.22,10.73,SPY230721C00425000,425.0,normalDay
2023-01-31,15900.0,-5706.0,0.0,100,406.48,462.0,0,0.0,0.0,,0.0,1,11.22,12.76,SPY230721C00425000,425.0,normalDay
2023-02-01,15900.0,-5514.0,0.0,100,410.8,462.0,0,0.0,0.0,,0.0,1,11.22,15.16,SPY230721C00425000,425.0,normalDay
2023-02-02,15900.0,-5206.0,0.0,100,416.78,462.0,0,0.0,0.0,,0.0,1,11.22,18.06,SPY230721C00425000,425.0,normalDay
2023-02-03,15900.0,-5419.0,0.0,100,412.35,462.0,0,0.0,0.0,,0.0,1,11.22,15.76,SPY230721C00425000,425.0,normalDay
2023-02-06,15900.0,-5567.0,0.0,100,409.83,462.0,0,0.0,0.0,,0.0,1,11.22,14.72,SPY230721C00425000,425.0,normalDay
2023-02-07,15900.0,-5272.0,0.0,100,415.19,462.0,0,0.0,0.0,,0.0,1,11.22,17.13,SPY230721C00425000,425.0,normalDay
2023-02-08,15900.0,-5540.0,0.0,100,410.65,462.0,0,0.0,0.0,,0.0,1,11.22,15.27,SPY230721C00425000,425.0,normalDay
2023-02-09,15900.0,-5750.0,0.0,100,407.09,462.0,0,0.0,0.0,,0.0,1,11.22,13.81,SPY230721C00425000,425.0,normalDay
2023-02-10,15900.0,-5707.0,0.0,100,408.04,462.0,0,0.0,0.0,,0.0,1,11.22,14.33,SPY230721C00425000,425.0,normalDay
2023-02-13,15900.0,-5437.0,0.0,100,412.83,462.0,0,0.0,0.0,,0.0,1,11.22,16.42,SPY230721C00425000,425.0,normalDay
2023-02-14,15900.0,-5357.0,0.0,100,412.64,462.0,0,0.0,0.0,,0.0,1,11.22,15.43,SPY230721C00425000,425.0,normalDay
2023-02-15,15900.0,-5275.0,0.0,100,413.98,462.0,0,0.0,0.0,,0.0,1,11.22,15.95,SPY230721C00425000,425.0,normalDay
2023-02-16,15900.0,-5574.0,0.0,100,408.28,462.0,0,0.0,0.0,,0.0,1,11.22,13.24,SPY230721C00425000,425.0,normalDay
2023-02-17,15900.0,-5615.0,0.0,100,407.26,462.0,0,0.0,0.0,,0.0,1,11.22,12.63,SPY230721C00425000,425.0,normalDay
2023-02-21,15900.0,-6136.0,0.0,100,399.09,462.0,0,0.0,0.0,,0.0,1,11.22,9.67,SPY230721C00425000,425.0,normalDay
2023-02-22,15900.0,-6129.0,0.0,100,398.54,462.0,0,0.0,0.0,,0.0,1,11.22,9.05,SPY230721C00425000,425.0,normalDay
2023-02-23,15900.0,-5926.0,0.0,100,400.66,462.0,0,0.0,0.0,,0.0,1,11.22,9.14,SPY230721C00425000,425.0,normalDay
2023-02-24,15900.0,-6230.0,0.0,100,396.38,462.0,0,0.0,0.0,,0.0,1,11.22,7.9,SPY230721C00425000,425.0,normalDay
2023-02-27,15900.0,-6106.0,0.0,100,397.73,462.0,0,0.0,0.0,,0.0,1,11.22,8.01,SPY230721C00425000,425.0,normalDay
2023-02-28,15900.0,-6152.0,0.0,100,396.26,462.0,0,0.0,0.0,,0.0,1,11.22,7.0,SPY230721C00425000,425.0,normalDay
2023-03-01,15900.0,-6281.0,0.0,100,394.74,462.0,0,0.0,0.0,,0.0,1,11.22,6.77,SPY230721C00425000,425.0,normalDay
2023-03-02,15900.0,-6042.0,0.0,100,397.81,462.0,0,0.0,0.0,,0.0,1,11.22,7.45,SPY230721C00425000,425.0,normalDay
2023-03-03,15900.0,-5632.0,0.0,100,404.19,462.0,0,0.0,0.0,,0.0,1,11.22,9.73,SPY230721C00425000,425.0,normalDay
2023-03-06,15900.0,-5589.0,0.0,100,404.47,462.0,0,0.0,0.0,,0.0,1,11.22,9.58,SPY230721C00425000,425.0,normalDay
2023-03-07,15900.0,-5988.0,0.0,100,398.27,462.0,0,0.0,0.0,,0.0,1,11.22,7.37,SPY230721C00425000,425.0,normalDay
2023-03-08,15900.0,-5910.0,0.0,100,398.92,462.0,0,0.0,0.0,,0.0,1,11.22,7.24,SPY230721C00425000,425.0,normalDay
2023-03-09,15900.0,-6480.0,0.0,100,391.56,462.0,0,0.0,0.0,,0.0,1,11.22,5.58,SPY230721C00425000,425.0,normalDay
2023-03-10,15900.0,-6915.0,0.0,100,385.91,462.0,0,0.0,0.0,,0.0,1,11.22,4.28,SPY230721C00425000,425.0,normalDay
2023-03-13,15900.0,-6981.0,0.0,100,385.36,462.0,0,0.0,0.0,,0.0,1,11.22,4.39,SPY230721C00425000,425.0,normalDay
2023-03-14,15900.0,-6431.0,0.0,100,391.73,462.0,0,0.0,0.0,,0.0,1,11.22,5.26,SPY230721C00425000,425.0,normalDay
2023-03-15,15900.0,-6659.0,0.0,100,389.28,462.0,0,0.0,0.0,,0.0,1,11.22,5.09,SPY230721C00425000,425.0,normalDay
2023-03-16,15900.0,-6112.0,0.0,100,396.11,462.0,0,0.0,0.0,,0.0,1,11.22,6.45,SPY230721C00425000,425.0,normalDay
2023-03-17,15900.0,-6674.0,0.0,100,389.99,462.0,0,0.0,0.0,,0.0,1,11.22,5.95,SPY230721C00425000,425.0,normalDay
2023-03-20,15900.0,-6334.0,0.0,100,393.74,462.0,0,0.0,0.0,,0.0,1,11.22,6.3,SPY230721C00425000,425.0,normalDay
2023-03-21,15900.0,-5927.0,0.0,100,398.91,462.0,0,0.0,0.0,,0.0,1,11.22,7.4,SPY230721C00425000,425.0,normalDay
2023-03-22,15900.0,-6395.0,0.0,100,392.11,462.0,0,0.0,0.0,,0.0,1,11.22,5.28,SPY230721C00425000,425.0,normalDay
2023-03-23,15900.0,-6324.0,0.0,100,393.17,462.0,0,0.0,0.0,,0.0,1,11.22,5.63,SPY230721C00425000,425.0,normalDay
2023-03-24,15900.0,-6119.0,0.0,100,395.75,462.0,0,0.0,0.0,,0.0,1,11.22,6.16,SPY230721C00425000,425.0,normalDay
2023-03-27,15900.0,-6008.0,0.0,100,396.49,462.0,0,0.0,0.0,,0.0,1,11.22,5.79,SPY230721C00425000,425.0,normalDay
2023-03-28,15900.0,-6063.0,0.0,100,395.6,462.0,0,0.0,0.0,,0.0,1,11.22,5.45,SPY230721C00425000,425.0,normalDay
2023-03-29,15900.0,-5642.0,0.0,100,401.35,462.0,0,0.0,0.0,,0.0,1,11.22,6.99,SPY230721C00425000,425.0,normalDay
2023-03-30,15900.0,-5491.0,0.0,100,403.7,462.0,0,0.0,0.0,,0.0,1,11.22,7.83,SPY230721C00425000,425.0,normalDay
2023-03-31,15900.0,-5150.0,0.0,100,409.39,462.0,0,0.0,0.0,,0.0,1,11.22,10.11,SPY230721C00425000,425.0,normalDay
2023-04-03,15900.0,-5008.0,0.0,100,410.95,462.0,0,0.0,0.0,,0.0,1,11.22,10.25,SPY230721C00425000,425.0,normalDay
2023-04-04,15900.0,-5134.0,0.0,100,408.67,462.0,0,0.0,0.0,,0.0,1,11.22,9.23,SPY230721C00425000,425.0,normalDay
2023-04-05,15900.0,-5186.0,0.0,100,407.6,462.0,0,0.0,0.0,,0.0,1,11.22,8.68,SPY230721C00425000,425.0,normalDay
2023-04-06,15900.0,-5061.0,0.0,100,409.19,462.0,0,0.0,0.0,,0.0,1,11.22,9.02,SPY230721C00425000,425.0,normalDay
2023-04-10,15900.0,-5032.0,0.0,100,409.61,462.0,0,0.0,0.0,,0.0,1,11.22,9.15,SPY230721C00425000,425.0,normalDay
2023-04-11,15900.0,-5005.0,0.0,100,409.72,462.0,0,0.0,0.0,,0.0,1,11.22,8.99,SPY230721C00425000,425.0,normalDay
2023-04-12,15900.0,-5058.0,0.0,100,408.05,462.0,0,0.0,0.0,,0.0,1,11.22,7.85,SPY230721C00425000,425.0,normalDay
2023-04-13,15900.0,-4725.0,0.0,100,413.47,462.0,0,0.0,0.0,,0.0,1,11.22,9.94,SPY230721C00425000,425.0,normalDay
2023-04-14,15900.0,-4750.0,0.0,100,412.46,462.0,0,0.0,0.0,,0.0,1,11.22,9.18,SPY230721C00425000,425.0,normalDay
2023-04-17,15900.0,-4612.0,0.0,100,413.94,462.0,0,0.0,0.0,,0.0,1,11.22,9.28,SPY230721C00425000,425.0,normalDay
2023-04-18,15900.0,-4563.0,0.0,100,414.21,462.0,0,0.0,0.0,,0.0,1,11.22,9.06,SPY230721C00425000,425.0,normalDay
2023-04-19,15900.0,-4548.0,0.0,100,414.14,462.0,0,0.0,0.0,,0.0,1,11.22,8.84,SPY230721C00425000,425.0,normalDay
2023-04-20,15900.0,-4681.0,0.0,100,411.88,462.0,0,0.0,0.0,,0.0,1,11.22,7.91,SPY230721C00425000,425.0,normalDay
2023-04-21,15900.0,-4625.0,0.0,100,412.2,462.0,0,0.0,0.0,,0.0,1,11.22,7.67,SPY230721C00425000,425.0,normalDay
2023-04-24,15900.0,-4582.0,0.0,100,412.63,462.0,0,0.0,0.0,,0.0,1,11.22,7.67,SPY230721C00425000,425.0,normalDay
2023-04-25,15900.0,-5065.0,0.0,100,406.08,462.0,0,0.0,0.0,,0.0,1,11.22,5.95,SPY230721C00425000,425.0,normalDay
2023-04-26,15900.0,-5120.0,0.0,100,404.36,462.0,0,0.0,0.0,,0.0,1,11.22,4.78,SPY230721C00425000,425.0,normalDay
2023-04-27,15900.0,-4596.0,0.0,100,412.41,462.0,0,0.0,0.0,,0.0,1,11.22,7.59,SPY230721C00425000,425.0,normalDay
2023-04-28,15900.0,-4332.0,0.0,100,415.93,462.0,0,0.0,0.0,,0.0,1,11.22,8.47,SPY230721C00425000,425.0,normalDay
2023-05-01,15900.0,-4327.0,0.0,100,415.51,462.0,0,0.0,0.0,,0.0,1,11.22,8.0,SPY230721C00425000,425.0,normalDay
2023-05-02,15900.0,-4619.0,0.0,100,410.84,462.0,0,0.0,0.0,,0.0,1,11.22,6.25,SPY230721C00425000,425.0,normalDay
2023-05-03,15900.0,-4821.0,0.0,100,408.02,462.0,0,0.0,0.0,,0.0,1,11.22,5.45,SPY230721C00425000,425.0,normalDay
2023-05-04,15900.0,-5016.0,0.0,100,405.13,462.0,0,0.0,0.0,,0.0,1,11.22,4.51,SPY230721C00425000,425.0,normalDay
2023-05-05,15900.0,-4457.0,0.0,100,412.63,462.0,0,0.0,0.0,,0.0,1,11.22,6.42,SPY230721C00425000,425.0,normalDay
2023-05-08,15900.0,-4424.0,0.0,100,412.74,462.0,0,0.0,0.0,,0.0,1,11.22,6.2,SPY230721C00425000,425.0,normalDay
2023-05-09,15900.0,-4555.0,0.0,100,410.93,462.0,0,0.0,0.0,,0.0,1,11.22,5.7,SPY230721C00425000,425.0,normalDay
2023-05-10,15900.0,-4396.0,0.0,100,412.85,462.0,0,0.0,0.0,,0.0,1,11.22,6.03,SPY230721C00425000,425.0,normalDay
2023-05-11,15900.0,-4400.0,0.0,100,412.13,462.0,0,0.0,0.0,,0.0,1,11.22,5.35,SPY230721C00425000,425.0,normalDay
2023-05-12,15900.0,-4406.0,0.0,100,411.59,462.0,0,0.0,0.0,,0.0,1,11.22,4.87,SPY230721C00425000,425.0,normalDay
2023-05-15,15900.0,-4283.0,0.0,100,413.01,462.0,0,0.0,0.0,,0.0,1,11.22,5.06,SPY230721C00425000,425.0,normalDay
2023-05-16,15900.0,-4474.0,0.0,100,410.25,462.0,0,0.0,0.0,,0.0,1,11.22,4.21,SPY230721C00425000,425.0,normalDay
2023-05-17,15900.0,-4128.0,0.0,100,415.23,462.0,0,0.0,0.0,,0.0,1,11.22,5.73,SPY230721C00425000,425.0,normalDay
2023-05-18,15900.0,-3888.0,0.0,100,419.23,462.0,0,0.0,0.0,,0.0,1,11.22,7.33,SPY230721C00425000,425.0,normalDay
2023-05-19,15900.0,-3933.0,0.0,100,418.62,462.0,0,0.0,0.0,,0.0,1,11.22,7.17,SPY230721C00425000,425.0,normalDay
2023-05-22,15900.0,-3921.0,0.0,100,418.79,462.0,0,0.0,0.0,,0.0,1,11.22,7.22,SPY230721C00425000,425.0,normalDay
2023-05-23,15900.0,-4186.0,0.0,100,414.09,462.0,0,0.0,0.0,,0.0,1,11.22,5.17,SPY230721C00425000,425.0,normalDay
2023-05-24,15900.0,-4399.0,0.0,100,411.09,462.0,0,0.0,0.0,,0.0,1,11.22,4.3,SPY230721C00425000,425.0,normalDay
2023-05-25,15900.0,-4133.0,0.0,100,414.65,462.0,0,0.0,0.0,,0.0,1,11.22,5.2,SPY230721C00425000,425.0,normalDay
2023-05-26,15900.0,-3828.0,0.0,100,420.02,462.0,0,0.0,0.0,,0.0,1,11.22,7.52,SPY230721C00425000,425.0,normalDay
2023-05-30,15900.0,-3771.0,0.0,100,420.18,462.0,0,0.0,0.0,,0.0,1,11.22,7.11,SPY230721C00425000,425.0,normalDay
2023-05-31,15900.0,-3853.0,0.0,100,417.85,462.0,0,0.0,0.0,,0.0,1,11.22,5.6,SPY230721C00425000,425.0,normalDay
2023-06-01,15900.0,-3604.0,0.0,100,421.82,462.0,0,0.0,0.0,,0.0,1,11.22,7.08,SPY230721C00425000,425.0,normalDay
2023-06-02,15900.0,-3322.0,0.0,100,427.92,462.0,0,0.0,0.0,,0.0,1,11.22,10.36,SPY230721C00425000,425.0,normalDay
2023-06-05,15900.0,-3326.0,0.0,100,427.1,462.0,0,0.0,0.0,,0.0,1,11.22,9.58,SPY230721C00425000,425.0,normalDay
2023-06-06,15900.0,-3261.0,0.0,100,428.03,462.0,0,0.0,0.0,,0.0,1,11.22,9.86,SPY230721C00425000,425.0,normalDay
2023-06-07,15900.0,-3278.0,0.0,100,426.55,462.0,0,0.0,0.0,,0.0,1,11.22,8.55,SPY230721C00425000,425.0,normalDay
2023-06-08,15900.0,-3150.0,0.0,100,429.13,462.0,0,0.0,0.0,,0.0,1,11.22,9.85,SPY230721C00425000,425.0,normalDay
2023-06-09,15900.0,-3157.0,0.0,100,429.9,462.0,0,0.0,0.0,,0.0,1,11.22,10.69,SPY230721C00425000,425.0,normalDay
2023-06-12,15900.0,-3035.0,0.0,100,433.8,462.0,0,0.0,0.0,,0.0,1,11.22,13.37,SPY230721C00425000,425.0,normalDay
2023-06-13,15900.0,-2973.0,0.0,100,436.66,462.0,0,0.0,0.0,,0.0,1,11.22,15.61,SPY230721C00425000,425.0,normalDay
2023-06-14,15900.0,-2959.0,0.0,100,437.18,462.0,0,0.0,0.0,,0.0,1,11.22,15.99,SPY230721C00425000,425.0,normalDay
2023-06-15,15900.0,-2810.0,0.0,100,442.6,462.0,0,0.0,0.0,,0.0,1,11.22,19.92,SPY230721C00425000,425.0,normalDay
2023-06-16,15900.0,-3047.0,0.0,100,439.46,462.0,0,0.0,0.0,,0.0,1,11.22,19.15,SPY230721C00425000,425.0,normalDay
2023-06-20,15900.0,-2982.0,0.0,100,437.18,462.0,0,0.0,0.0,,0.0,1,11.22,16.22,SPY230721C00425000,425.0,normalDay
2023-06-21,15900.0,-3040.0,0.0,100,434.94,462.0,0,0.0,0.0,,0.0,1,11.22,14.56,SPY230721C00425000,425.0,normalDay
2023-06-22,15900.0,-2943.0,0.0,100,436.51,462.0,0,0.0,0.0,,0.0,1,11.22,15.16,SPY230721C00425000,425.0,normalDay
2023-06-23,15900.0,-3018.0,0.0,100,433.21,462.0,0,0.0,0.0,,0.0,1,11.22,12.61,SPY230721C00425000,425.0,normalDay
2023-06-26,15900.0,-3044.0,0.0,100,431.44,462.0,0,0.0,0.0,,0.0,1,11.22,11.1,SPY230721C00425000,425.0,normalDay
2023-06-27,15900.0,-2897.0,0.0,100,436.17,462.0,0,0.0,0.0,,0.0,1,11.22,14.36,SPY230721C00425000,425.0,normalDay
2023-06-28,15900.0,-2933.0,0.0,100,436.39,462.0,0,0.0,0.0,,0.0,1,11.22,14.94,SPY230721C00425000,425.0,normalDay
2023-06-29,15900.0,-2852.0,0.0,100,438.11,462.0,0,0.0,0.0,,0.0,1,11.22,15.85,SPY230721C00425000,425.0,normalDay
2023-06-30,15900.0,-2808.0,0.0,100,443.28,462.0,0,0.0,0.0,,0.0,1,11.22,20.58,SPY230721C00425000,425.0,normalDay
2023-07-03,15900.0,-2787.0,0.0,100,443.79,462.0,0,0.0,0.0,,0.0,1,11.22,20.88,SPY230721C00425000,425.0,normalDay
2023-07-05,15900.0,-2747.0,0.0,100,443.13,462.0,0,0.0,0.0,,0.0,1,11.22,19.82,SPY230721C00425000,425.0,normalDay
2023-07-06,15900.0,-2777.0,0.0,100,439.66,462.0,0,0.0,0.0,,0.0,1,11.22,16.65,SPY230721C00425000,425.0,normalDay
2023-07-07,15900.0,-2779.0,0.0,100,438.55,462.0,0,0.0,0.0,,0.0,1,11.22,15.56,SPY230721C00425000,425.0,normalDay
2023-07-10,15900.0,-2736.0,0.0,100,439.66,462.0,0,0.0,0.0,,0.0,1,11.22,16.24,SPY230721C00425000,425.0,normalDay
2023-07-11,15900.0,-2679.0,0.0,100,442.46,462.0,0,0.0,0.0,,0.0,1,11.22,18.47,SPY230721C00425000,425.0,normalDay
2023-07-12,15900.0,-2698.0,0.0,100,446.02,462.0,0,0.0,0.0,,0.0,1,11.22,22.22,SPY230721C00425000,425.0,normalDay
2023-07-13,15900.0,-2635.0,0.0,100,449.56,462.0,0,0.0,0.0,,0.0,1,11.22,25.13,SPY230721C00425000,425.0,normalDay
2023-07-14,15900.0,-2605.0,0.0,100,449.28,462.0,0,0.0,0.0,,0.0,1,11.22,24.55,SPY230721C00425000,425.0,normalDay
2023-07-17,15900.0,-2587.0,0.0,100,450.84,462.0,0,0.0,0.0,,0.0,1,11.22,25.93,SPY230721C00425000,425.0,normalDay
2023-07-18,15900.0,-2604.0,0.0,100,454.19,462.0,0,0.0,0.0,,0.0,1,11.22,29.45,SPY230721C00425000,425.0,normalDay
2023-07-19,15900.0,-2601.0,0.0,100,455.2,462.0,0,0.0,0.0,,0.0,1,11.22,30.43,SPY230721C00425000,425.0,normalDay
2023-07-20,15900.0,-2626.0,0.0,100,452.18,462.0,0,0.0,0.0,,0.0,1,11.22,27.66,SPY230721C00425000,425.0,normalDay
2023-07-21,13322.0,-2626.0,-2578.0,0,452.18,0.0,0,0.0,0.0,,0.0,1,11.22,0.0,SPY230721C00425000,425.0,expirationDay
2023-07-24,13322.0,-3.0,0.0,0,454.2,0.0,1,0.65,0.68,SPY230811P00435000,435.0,0,0.0,0.0,,0.0,normalDay
2023-07-25,13322.0,7.0,0.0,0,455.44,0.0,1,0.65,0.58,SPY230811P00435000,435.0,0,0.0,0.0,,0.0,normalDay
2023-07-26,13322.0,24.0,0.0,0,455.51,0.0,1,0.65,0.41,SPY230811P00435000,435.0,0,0.0,0.0,,0.0,normalDay
2023-07-27,13322.0,-4.0,0.0,0,452.49,0.0,1,0.65,0.69,SPY230811P00435000,435.0,0,0.0,0.0,,0.0,normalDay
2023-07-28,13322.0,37.0,0.0,0,456.92,0.0,1,0.65,0.28,SPY230811P00435000,435.0,0,0.0,0.0,,0.0,normalDay
2023-07-31,13322.0,43.0,0.0,0,457.79,0.0,1,0.65,0.22,SPY230811P00435000,435.0,0,0.0,0.0,,0.0,normalDay
2023-08-01,13322.0,43.0,0.0,0,456.48,0.0,1,0.65,0.22,SPY230811P00435000,435.0,0,0.0,0.0,,0.0,normalDay
2023-08-02,13322.0,8.0,0.0,0,450.13,0.0,1,0.65,0.57,SPY230811P00435000,435.0,0,0.0,0.0,,0.0,normalDay
2023-08-03,13322.0,20.0,0.0,0,448.84,0.0,1,0.65,0.45,SPY230811P00435000,435.0,0,0.0,0.0,,0.0,normalDay
2023-08-04,13322.0,4.0,0.0,0,446.81,0.0,1,0.65,0.61,SPY230811P00435000,435.0,0,0.0,0.0,,0.0,normalDay
2023-08-07,13322.0,51.0,0.0,0,450.71,0.0,1,0.65,0.14,SPY230811P00435000,435.0,0,0.0,0.0,,0.0,normalDay
2023-08-08,13322.0,53.0,0.0,0,448.75,0.0,1,0.65,0.12,SPY230811P00435000,435.0,0,0.0,0.0,,0.0,normalDay
2023-08-09,13322.0,53.0,0.0,0,445.75,0.0,1,0.65,0.12,SPY230811P00435000,435.0,0,0.0,0.0,,0.0,normalDay
2023-08-10,13322.0,59.0,0.0,0,445.91,0.0,1,0.65,0.06,SPY230811P00435000,435.0,0,0.0,0.0,,0.0,normalDay
2023-08-11,13387.0,0.0,65.0,0,445.65,0.0,1,0.65,0.0,SPY230811P00435000,435.0,0,0.0,0.0,,0.0,expirationDay
2023-08-14,13387.0,-4.0,0.0,0,448.11,0.0,1,3.8,3.84,SPY230901P00446000,446.0,0,0.0,0.0,,0.0,normalDay
2023-08-15,13387.0,-274.0,0.0,0,442.89,0.0,1,3.8,6.54,SPY230901P00446000,446.0,0,0.0,0.0,,0.0,normalDay
2023-08-16,13387.0,-439.0,0.0,0,439.64,0.0,1,3.8,8.19,SPY230901P00446000,446.0,0,0.0,0.0,,0.0,normalDay
2023-08-17,13387.0,-705.0,0.0,0,436.29,0.0,1,3.8,10.85,SPY230901P00446000,446.0,0,0.0,0.0,,0.0,normalDay
2023-08-18,13387.0,-657.0,0.0,0,436.5,0.0,1,3.8,10.37,SPY230901P00446000,446.0,0,0.0,0.0,,0.0,normalDay
2023-08-21,13387.0,-442.0,0.0,0,439.34,0.0,1,3.8,8.22,SPY230901P00446000,446.0,0,0.0,0.0,,0.0,normalDay
2023-08-22,13387.0,-491.0,0.0,0,438.15,0.0,1,3.8,8.71,SPY230901P00446000,446.0,0,0.0,0.0,,0.0,normalDay
2023-08-23,13387.0,-133.0,0.0,0,443.03,0.0,1,3.8,5.13,SPY230901P00446000,446.0,0,0.0,0.0,,0.0,normalDay
2023-08-24,13387.0,-584.0,0.0,0,436.89,0.0,1,3.8,9.64,SPY230901P00446000,446.0,0,0.0,0.0,,0.0,normalDay
2023-08-25,13387.0,-287.0,0.0,0,439.97,0.0,1,3.8,6.67,SPY230901P00446000,446.0,0,0.0,0.0,,0.0,normalDay
2023-08-28,13387.0,-37.0,0.0,0,442.76,0.0,1,3.8,4.17,SPY230901P00446000,446.0,0,0.0,0.0,,0.0,normalDay
2023-08-29,13387.0,277.0,0.0,0,449.16,0.0,1,3.8,1.03,SPY230901P00446000,446.0,0,0.0,0.0,,0.0,normalDay
2023-08-30,13387.0,342.0,0.0,0,451.01,0.0,1,3.8,0.38,SPY230901P00446000,446.0,0,0.0,0.0,,0.0,normalDay
2023-08-31,13387.0,365.0,0.0,0,450.35,0.0,1,3.8,0.15,SPY230901P00446000,446.0,0,0.0,0.0,,0.0,normalDay
2023-09-01,13767.0,0.0,380.0,0,451.19,0.0,1,3.8,0.0,SPY230901P00446000,446.0,0,0.0,0.0,,0.0,expirationDay
2023-09-05,13767.0,-3.0,0.0,0,449.24,0.0,1,1.46,1.49,SPY230922P00437000,437.0,0,0.0,0.0,,0.0,normalDay
2023-09-06,13767.0,-57.0,0.0,0,446.22,0.0,1,1.46,2.03,SPY230922P00437000,437.0,0,0.0,0.0,,0.0,normalDay
2023-09-07,13767.0,-74.0,0.0,0,444.85,0.0,1,1.46,2.2,SPY230922P00437000,437.0,0,0.0,0.0,,0.0,normalDay
2023-09-08,13767.0,-15.0,0.0,0,445.52,0.0,1,1.46,1.61,SPY230922P00437000,437.0,0,0.0,0.0,,0.0,normalDay
2023-09-11,13767.0,51.0,0.0,0,448.45,0.0,1,1.46,0.95,SPY230922P00437000,437.0,0,0.0,0.0,,0.0,normalDay
2023-09-12,13767.0,17.0,0.0,0,445.99,0.0,1,1.46,1.29,SPY230922P00437000,437.0,0,0.0,0.0,,0.0,normalDay
2023-09-13,13767.0,66.0,0.0,0,446.51,0.0,1,1.46,0.8,SPY230922P00437000,437.0,0,0.0,0.0,,0.0,normalDay
2023-09-14,13767.0,115.0,0.0,0,450.36,0.0,1,1.46,0.31,SPY230922P00437000,437.0,0,0.0,0.0,,0.0,normalDay
2023-09-15,13767.0,71.0,0.0,0,443.37,0.0,1,1.46,0.75,SPY230922P00437000,437.0,0,0.0,0.0,,0.0,normalDay
2023-09-18,13767.0,93.0,0.0,0,443.63,0.0,1,1.46,0.53,SPY230922P00437000,437.0,0,0.0,0.0,,0.0,normalDay
2023-09-19,13767.0,89.0,0.0,0,442.71,0.0,1,1.46,0.57,SPY230922P00437000,437.0,0,0.0,0.0,,0.0,normalDay
2023-09-20,13767.0,17.0,0.0,0,438.64,0.0,1,1.46,1.29,SPY230922P00437000,437.0,0,0.0,0.0,,0.0,normalDay
2023-09-21,13767.0,-434.0,0.0,0,431.39,0.0,1,1.46,5.8,SPY230922P00437000,437.0,0,0.0,0.0,,0.0,normalDay
2023-09-22,13913.0,-658.0,146.0,100,430.42,437.0,1,1.46,0.0,SPY230922P00437000,437.0,0,0.0,0.0,,0.0,expirationDay
2023-09-25,13913.0,-525.0,0.0,100,432.23,437.0,0,0.0,0.0,,0.0,1,4.43,4.91,SPY240328C00475000,475.0,normalDay
2023-09-26,13913.0,-1102.0,0.0,100,425.88,437.0,0,0.0,0.0,,0.0,1,4.43,4.33,SPY240328C00475000,475.0,normalDay
2023-09-27,13913.0,-1055.0,0.0,100,426.05,437.0,0,0.0,0.0,,0.0,1,4.43,4.03,SPY240328C00475000,475.0,normalDay
2023-09-28,13913.0,-807.0,0.0,100,428.52,437.0,0,0.0,0.0,,0.0,1,4.43,4.02,SPY240328C00475000,475.0,normalDay
2023-09-29,13913.0,-940.0,0.0,100,427.48,437.0,0,0.0,0.0,,0.0,1,4.43,4.31,SPY240328C00475000,475.0,normalDay
2023-10-02,13913.0,-898.0,0.0,100,427.31,437.0,0,0.0,0.0,,0.0,1,4.43,3.72,SPY240328C00475000,475.0,normalDay
2023-10-03,13913.0,-1402.0,0.0,100,421.59,437.0,0,0.0,0.0,,0.0,1,4.43,3.04,SPY240328C00475000,475.0,normalDay
2023-10-04,13913.0,-1137.0,0.0,100,424.66,437.0,0,0.0,0.0,,0.0,1,4.43,3.46,SPY240328C00475000,475.0,normalDay
2023-10-05,13913.0,-1125.0,0.0,100,424.5,437.0,0,0.0,0.0,,0.0,1,4.43,3.18,SPY240328C00475000,475.0,normalDay
2023-10-06,13913.0,-715.0,0.0,100,429.54,437.0,0,0.0,0.0,,0.0,1,4.43,4.12,SPY240328C00475000,475.0,normalDay
2023-10-09,13913.0,-499.0,0.0,100,432.29,437.0,0,0.0,0.0,,0.0,1,4.43,4.71,SPY240328C00475000,475.0,normalDay
2023-10-10,13913.0,-303.0,0.0,100,434.54,437.0,0,0.0,0.0,,0.0,1,4.43,5.0,SPY240328C00475000,475.0,normalDay
2023-10-11,13913.0,-160.0,0.0,100,436.32,437.0,0,0.0,0.0,,0.0,1,4.43,5.35,SPY240328C00475000,475.0,normalDay
2023-10-12,13913.0,-322.0,0.0,100,433.66,437.0,0,0.0,0.0,,0.0,1,4.43,4.31,SPY240328C00475000,475.0,normalDay
2023-10-13,13913.0,-520.0,0.0,100,431.5,437.0,0,0.0,0.0,,0.0,1,4.43,4.13,SPY240328C00475000,475.0,normalDay
2023-10-16,13913.0,-121.0,0.0,100,436.04,437.0,0,0.0,0.0,,0.0,1,4.43,4.68,SPY240328C00475000,475.0,normalDay
2023-10-17,13913.0,-120.0,0.0,100,436.02,437.0,0,0.0,0.0,,0.0,1,4.43,4.65,SPY240328C00475000,475.0,normalDay
2023-10-18,13913.0,-608.0,0.0,100,430.21,437.0,0,0.0,0.0,,0.0,1,4.43,3.72,SPY240328C00475000,475.0,normalDay
2023-10-19,13913.0,-919.0,0.0,100,426.43,437.0,0,0.0,0.0,,0.0,1,4.43,3.05,SPY240328C00475000,475.0,normalDay
2023-10-20,13913.0,-1375.0,0.0,100,421.19,437.0,0,0.0,0.0,,0.0,1,4.43,2.37,SPY240328C00475000,475.0,normalDay
2023-10-23,13913.0,-1420.0,0.0,100,420.46,437.0,0,0.0,0.0,,0.0,1,4.43,2.09,SPY240328C00475000,475.0,normalDay
2023-10-24,13913.0,-1156.0,0.0,100,423.63,437.0,0,0.0,0.0,,0.0,1,4.43,2.62,SPY240328C00475000,475.0,normalDay
2023-10-25,13913.0,-1669.0,0.0,100,417.55,437.0,0,0.0,0.0,,0.0,1,4.43,1.67,SPY240328C00475000,475.0,normalDay
2023-10-26,13913.0,-2127.0,0.0,100,412.55,437.0,0,0.0,0.0,,0.0,1,4.43,1.25,SPY240328C00475000,475.0,normalDay
2023-10-27,13913.0,-2306.0,0.0,100,410.68,437.0,0,0.0,0.0,,0.0,1,4.43,1.17,SPY240328C00475000,475.0,normalDay
2023-10-30,13913.0,-1836.0,0.0,100,415.59,437.0,0,0.0,0.0,,0.0,1,4.43,1.38,SPY240328C00475000,475.0,normalDay
2023-10-31,13913.0,-1566.0,0.0,100,418.2,437.0,0,0.0,0.0,,0.0,1,4.43,1.29,SPY240328C00475000,475.0,normalDay
2023-11-01,13913.0,-1149.0,0.0,100,422.66,437.0,0,0.0,0.0,,0.0,1,4.43,1.58,SPY240328C00475000,475.0,normalDay
2023-11-02,13913.0,-423.0,0.0,100,430.76,437.0,0,0.0,0.0,,0.0,1,4.43,2.42,SPY240328C00475000,475.0,normalDay
2023-11-03,13913.0,-74.0,0.0,100,434.69,437.0,0,0.0,0.0,,0.0,1,4.43,2.86,SPY240328C00475000,475.0,normalDay
2023-11-06,13913.0,40.0,0.0,100,435.69,437.0,0,0.0,0.0,,0.0,1,4.43,2.72,SPY240328C00475000,475.0,normalDay
2023-11-07,13913.0,141.0,0.0,100,436.93,437.0,0,0.0,0.0,,0.0,1,4.43,2.95,SPY240328C00475000,475.0,normalDay
2023-11-08,13913.0,179.0,0.0,100,437.25,437.0,0,0.0,0.0,,0.0,1,4.43,2.89,SPY240328C00475000,475.0,normalDay
2023-11-09,13913.0,-113.0,0.0,100,433.84,437.0,0,0.0,0.0,,0.0,1,4.43,2.4,SPY240328C00475000,475.0,normalDay
2023-11-10,13913.0,462.0,0.0,100,440.61,437.0,0,0.0,0.0,,0.0,1,4.43,3.42,SPY240328C00475000,475.0,normalDay
2023-11-13,13913.0,435.0,0.0,100,440.19,437.0,0,0.0,0.0,,0.0,1,4.43,3.27,SPY240328C00475000,475.0,normalDay
2023-11-14,13913.0,1061.0,0.0,100,448.73,437.0,0,0.0,0.0,,0.0,1,4.43,5.55,SPY240328C00475000,475.0,normalDay
2023-11-15,13913.0,1155.0,0.0,100,449.68,437.0,0,0.0,0.0,,0.0,1,4.43,5.56,SPY240328C00475000,475.0,normalDay
2023-11-16,13913.0,1208.0,0.0,100,450.23,437.0,0,0.0,0.0,,0.0,1,4.43,5.58,SPY240328C00475000,475.0,normalDay
2023-11-17,13913.0,1261.0,0.0,100,450.79,437.0,0,0.0,0.0,,0.0,1,4.43,5.61,SPY240328C00475000,475.0,normalDay
2023-11-20,13913.0,1502.0,0.0,100,454.26,437.0,0,0.0,0.0,,0.0,1,4.43,6.67,SPY240328C00475000,475.0,normalDay
2023-11-21,13913.0,1468.0,0.0,100,453.27,437.0,0,0.0,0.0,,0.0,1,4.43,6.02,SPY240328C00475000,475.0,normalDay
2023-11-22,13913.0,1578.0,0.0,100,455.02,437.0,0,0.0,0.0,,0.0,1,4.43,6.67,SPY240328C00475000,475.0,normalDay
2023-11-24,13913.0,1626.0,0.0,100,455.3,437.0,0,0.0,0.0,,0.0,1,4.43,6.47,SPY240328C00475000,475.0,normalDay
2023-11-27,13913.0,1581.0,0.0,100,454.48,437.0,0,0.0,0.0,,0.0,1,4.43,6.1,SPY240328C00475000,475.0,normalDay
2023-11-28,13913.0,1618.0,0.0,100,454.93,437.0,0,0.0,0.0,,0.0,1,4.43,6.18,SPY240328C00475000,475.0,normalDay
2023-11-29,13913.0,1571.0,0.0,100,454.61,437.0,0,0.0,0.0,,0.0,1,4.43,6.33,SPY240328C00475000,475.0,normalDay
2023-11-30,13913.0,1726.0,0.0,100,456.4,437.0,0,0.0,0.0,,0.0,1,4.43,6.57,SPY240328C00475000,475.0,normalDay
