date,totalCapital,unrializedPnL,rializedPnL,stocksOwned,stocksPriceToday,stocksPriceBoughtAt,putOwned,putOwnedSoldAt,putPriceToday,putOwnedContract,putOwnedStrike,callOwned,callOwnedSoldAt,callPriceToday,callOwnedContract,callOwnedStrike,trackType
2018-11-01,0.0,-4.0,0.0,0,273.51,0.0,1,2.38,2.42,SPY181221P00255000,255.0,0,0.0,0.0,,0.0,normalDay
2018-11-02,0.0,-21.0,0.0,0,271.89,0.0,1,2.38,2.59,SPY181221P00255000,255.0,0,0.0,0.0,,0.0,normalDay
2018-11-05,0.0,14.0,0.0,0,273.39,0.0,1,2.38,2.24,SPY181221P00255000,255.0,0,0.0,0.0,,0.0,normalDay
2018-11-06,0.0,44.0,0.0,0,275.12,0.0,1,2.38,1.94,SPY181221P00255000,255.0,0,0.0,0.0,,0.0,normalDay
2018-11-07,0.0,140.0,0.0,0,281.01,0.0,1,2.38,0.98,SPY181221P00255000,255.0,0,0.0,0.0,,0.0,normalDay
2018-11-08,0.0,137.0,0.0,0,280.5,0.0,1,2.38,1.01,SPY181221P00255000,255.0,0,0.0,0.0,,0.0,normalDay
2018-11-09,0.0,107.0,0.0,0,277.76,0.0,1,2.38,1.31,SPY181221P00255000,255.0,0,0.0,0.0,,0.0,normalDay
2018-11-12,0.0,29.0,0.0,0,272.57,0.0,1,2.38,2.09,SPY181221P00255000,255.0,0,0.0,0.0,,0.0,normalDay
2018-11-13,0.0,25.0,0.0,0,272.06,0.0,1,2.38,2.13,SPY181221P00255000,255.0,0,0.0,0.0,,0.0,normalDay
2018-11-14,0.0,-15.0,0.0,0,270.2,0.0,1,2.38,2.53,SPY181221P00255000,255.0,0,0.0,0.0,,0.0,normalDay
2018-11-15,0.0,57.0,0.0,0,273.02,0.0,1,2.38,1.81,SPY181221P00255000,255.0,0,0.0,0.0,,0.0,normalDay
2018-11-16,0.0,99.0,0.0,0,273.73,0.0,1,2.38,1.39,SPY181221P00255000,255.0,0,0.0,0.0,,0.0,normalDay
2018-11-19,0.0,27.0,0.0,0,269.1,0.0,1,2.38,2.11,SPY181221P00255000,255.0,0,0.0,0.0,,0.0,normalDay
2018-11-20,0.0,-115.0,0.0,0,264.12,0.0,1,2.38,3.53,SPY181221P00255000,255.0,0,0.0,0.0,,0.0,normalDay
2018-11-21,0.0,-47.0,0.0,0,265.02,0.0,1,2.38,2.85,SPY181221P00255000,255.0,0,0.0,0.0,,0.0,normalDay
2018-11-23,0.0,-95.0,0.0,0,263.25,0.0,1,2.38,3.33,SPY181221P00255000,255.0,0,0.0,0.0,,0.0,normalDay
2018-11-26,0.0,78.0,0.0,0,267.5,0.0,1,2.38,1.6,SPY181221P00255000,255.0,0,0.0,0.0,,0.0,normalDay
2018-11-27,0.0,82.0,0.0,0,268.4,0.0,1,2.38,1.56,SPY181221P00255000,255.0,0,0.0,0.0,,0.0,normalDay
2018-11-28,0.0,158.0,0.0,0,274.58,0.0,1,2.38,0.8,SPY181221P00255000,255.0,0,0.0,0.0,,0.0,normalDay
2018-11-29,0.0,149.0,0.0,0,273.98,0.0,1,2.38,0.89,SPY181221P00255000,255.0,0,0.0,0.0,,0.0,normalDay
2018-11-30,0.0,171.0,0.0,0,275.65,0.0,1,2.38,0.67,SPY181221P00255000,255.0,0,0.0,0.0,,0.0,normalDay
2018-12-03,0.0,207.0,0.0,0,279.3,0.0,1,2.38,0.31,SPY181221P00255000,255.0,0,0.0,0.0,,0.0,normalDay
2018-12-04,0.0,113.0,0.0,0,270.25,0.0,1,2.38,1.25,SPY181221P00255000,255.0,0,0.0,0.0,,0.0,normalDay
2018-12-06,0.0,117.0,0.0,0,269.84,0.0,1,2.38,1.21,SPY181221P00255000,255.0,0,0.0,0.0,,0.0,normalDay
2018-12-07,0.0,-21.0,0.0,0,263.57,0.0,1,2.38,2.59,SPY181221P00255000,255.0,0,0.0,0.0,,0.0,normalDay
2018-12-10,0.0,71.0,0.0,0,264.07,0.0,1,2.38,1.67,SPY181221P00255000,255.0,0,0.0,0.0,,0.0,normalDay
2018-12-11,0.0,95.0,0.0,0,264.13,0.0,1,2.38,1.43,SPY181221P00255000,255.0,0,0.0,0.0,,0.0,normalDay
2018-12-12,0.0,130.0,0.0,0,265.46,0.0,1,2.38,1.08,SPY181221P00255000,255.0,0,0.0,0.0,,0.0,normalDay
2018-12-13,0.0,162.0,0.0,0,265.37,0.0,1,2.38,0.76,SPY181221P00255000,255.0,0,0.0,0.0,,0.0,normalDay
2018-12-14,0.0,78.0,0.0,0,260.47,0.0,1,2.38,1.6,SPY181221P00255000,255.0,0,0.0,0.0,,0.0,normalDay
2018-12-17,0.0,-123.0,0.0,0,255.36,0.0,1,2.38,3.61,SPY181221P00255000,255.0,0,0.0,0.0,,0.0,normalDay
2018-12-18,0.0,-174.0,0.0,0,255.08,0.0,1,2.38,4.12,SPY181221P00255000,255.0,0,0.0,0.0,,0.0,normalDay
2018-12-19,0.0,-327.0,0.0,0,251.26,0.0,1,2.38,5.65,SPY181221P00255000,255.0,0,0.0,0.0,,0.0,normalDay
2018-12-20,0.0,-630.0,0.0,0,247.17,0.0,1,2.38,8.68,SPY181221P00255000,255.0,0,0.0,0.0,,0.0,normalDay
2018-12-21,238.0,-1430.0,238.0,100,240.7,255.0,1,2.38,0.0,SPY181221P00255000,255.0,0,0.0,0.0,,0.0,expirationDay
2018-12-24,238.0,-2066.0,0.0,100,234.34,255.0,0,0.0,0.0,,0.0,0,0.0,0.0,,0.0,bidTooLow
2018-12-26,238.0,-882.0,0.0,100,246.18,255.0,0,0.0,0.0,,0.0,0,0.0,0.0,,0.0,bidTooLow
2018-12-27,238.0,-693.0,0.0,100,248.07,255.0,0,0.0,0.0,,0.0,0,0.0,0.0,,0.0,bidTooLow
2018-12-28,238.0,-725.0,0.0,100,247.75,255.0,0,0.0,0.0,,0.0,0,0.0,0.0,,0.0,bidTooLow
2018-12-31,238.0,-508.0,0.0,100,249.92,255.0,0,0.0,0.0,,0.0,0,0.0,0.0,,0.0,bidTooLow
2019-01-02,238.0,-482.0,0.0,100,250.18,255.0,0,0.0,0.0,,0.0,0,0.0,0.0,,0.0,bidTooLow
2019-01-03,238.0,-1079.0,0.0,100,244.21,255.0,0,0.0,0.0,,0.0,0,0.0,0.0,,0.0,bidTooLow
2019-01-04,238.0,-261.0,0.0,100,252.39,255.0,0,0.0,0.0,,0.0,0,0.0,0.0,,0.0,bidTooLow
2019-01-07,238.0,-62.0,0.0,100,254.38,255.0,0,0.0,0.0,,0.0,0,0.0,0.0,,0.0,bidTooLow
2019-01-08,238.0,177.0,0.0,100,256.77,255.0,0,0.0,0.0,,0.0,0,0.0,0.0,,0.0,bidTooLow
2019-01-09,238.0,297.0,0.0,100,257.97,255.0,0,0.0,0.0,,0.0,0,0.0,0.0,,0.0,bidTooLow
2019-01-10,238.0,388.0,0.0,100,258.88,255.0,0,0.0,0.0,,0.0,0,0.0,0.0,,0.0,bidTooLow
2019-01-11,238.0,398.0,0.0,100,258.98,255.0,0,0.0,0.0,,0.0,0,0.0,0.0,,0.0,bidTooLow
2019-01-14,238.0,240.0,0.0,100,257.4,255.0,0,0.0,0.0,,0.0,0,0.0,0.0,,0.0,bidTooLow
2019-01-15,238.0,532.0,0.0,100,260.35,255.0,0,0.0,0.0,,0.0,1,0.01,0.04,SPY190125C00274000,274.0,normalDay
2019-01-16,238.0,593.0,0.0,100,260.98,255.0,0,0.0,0.0,,0.0,1,0.01,0.06,SPY190125C00274000,274.0,normalDay
2019-01-17,238.0,790.0,0.0,100,262.96,255.0,0,0.0,0.0,,0.0,1,0.01,0.07,SPY190125C00274000,274.0,normalDay
2019-01-18,238.0,1130.0,0.0,100,266.46,255.0,0,0.0,0.0,,0.0,1,0.01,0.17,SPY190125C00274000,274.0,normalDay
2019-01-22,238.0,785.0,0.0,100,262.86,255.0,0,0.0,0.0,,0.0,1,0.01,0.02,SPY190125C00274000,274.0,normalDay
2019-01-23,238.0,841.0,0.0,100,263.41,255.0,0,0.0,0.0,,0.0,1,0.01,0.01,SPY190125C00274000,274.0,normalDay
2019-01-24,238.0,855.0,0.0,100,263.55,255.0,0,0.0,0.0,,0.0,1,0.01,0.01,SPY190125C00274000,274.0,normalDay
2019-01-25,239.0,1078.0,1.0,100,265.78,255.0,0,0.0,0.0,,0.0,1,0.01,0.0,SPY190125C00274000,274.0,expirationDay
2019-01-28,239.0,873.0,0.0,100,263.76,255.0,0,0.0,0.0,,0.0,1,0.01,0.04,SPY190208C00279000,279.0,normalDay
2019-01-29,239.0,838.0,0.0,100,263.41,255.0,0,0.0,0.0,,0.0,1,0.01,0.04,SPY190208C00279000,279.0,normalDay
2019-01-30,239.0,1251.0,0.0,100,267.58,255.0,0,0.0,0.0,,0.0,1,0.01,0.08,SPY190208C00279000,279.0,normalDay
2019-01-31,239.0,1481.0,0.0,100,269.93,255.0,0,0.0,0.0,,0.0,1,0.01,0.13,SPY190208C00279000,279.0,normalDay
2019-02-01,239.0,1502.0,0.0,100,270.06,255.0,0,0.0,0.0,,0.0,1,0.01,0.05,SPY190208C00279000,279.0,normalDay
2019-02-04,239.0,1693.0,0.0,100,271.96,255.0,0,0.0,0.0,,0.0,1,0.01,0.04,SPY190208C00279000,279.0,normalDay
2019-02-05,239.0,1806.0,0.0,100,273.1,255.0,0,0.0,0.0,,0.0,1,0.01,0.05,SPY190208C00279000,279.0,normalDay
2019-02-06,239.0,1774.0,0.0,100,272.74,255.0,0,0.0,0.0,,0.0,1,0.01,0.01,SPY190208C00279000,279.0,normalDay
2019-02-07,239.0,1514.0,0.0,100,270.14,255.0,0,0.0,0.0,,0.0,1,0.01,0.01,SPY190208C00279000,279.0,normalDay
2019-02-08,240.0,1547.0,1.0,100,270.47,255.0,0,0.0,0.0,,0.0,1,0.01,0.0,SPY190208C00279000,279.0,expirationDay
2019-02-11,240.0,1559.0,0.0,100,270.62,255.0,0,0.0,0.0,,0.0,1,0.02,0.05,SPY190222C00281000,281.0,normalDay
2019-02-12,240.0,1892.0,0.0,100,274.1,255.0,0,0.0,0.0,,0.0,1,0.02,0.2,SPY190222C00281000,281.0,normalDay
2019-02-13,240.0,1979.0,0.0,100,274.99,255.0,0,0.0,0.0,,0.0,1,0.02,0.22,SPY190222C00281000,281.0,normalDay
2019-02-14,240.0,1925.0,0.0,100,274.38,255.0,0,0.0,0.0,,0.0,1,0.02,0.15,SPY190222C00281000,281.0,normalDay
2019-02-15,240.0,2204.0,0.0,100,277.37,255.0,0,0.0,0.0,,0.0,1,0.02,0.35,SPY190222C00281000,281.0,normalDay
2019-02-19,240.0,2271.0,0.0,100,277.85,255.0,0,0.0,0.0,,0.0,1,0.02,0.16,SPY190222C00281000,281.0,normalDay
2019-02-20,240.0,2327.0,0.0,100,278.41,255.0,0,0.0,0.0,,0.0,1,0.02,0.16,SPY190222C00281000,281.0,normalDay
2019-02-21,240.0,2241.0,0.0,100,277.42,255.0,0,0.0,0.0,,0.0,1,0.02,0.03,SPY190222C00281000,281.0,normalDay
2019-02-22,242.0,2414.0,2.0,100,279.14,255.0,0,0.0,0.0,,0.0,1,0.02,0.0,SPY190222C00281000,281.0,expirationDay
2019-02-25,242.0,2449.0,0.0,100,279.52,255.0,0,0.0,0.0,,0.0,1,0.08,0.11,SPY190308C00288000,288.0,normalDay
2019-02-26,242.0,2433.0,0.0,100,279.32,255.0,0,0.0,0.0,,0.0,1,0.08,0.07,SPY190308C00288000,288.0,normalDay
2019-02-27,242.0,2423.0,0.0,100,279.2,255.0,0,0.0,0.0,,0.0,1,0.08,0.05,SPY190308C00288000,288.0,normalDay
2019-02-28,242.0,2374.0,0.0,100,278.68,255.0,0,0.0,0.0,,0.0,1,0.08,0.02,SPY190308C00288000,288.0,normalDay
2019-03-01,242.0,2548.0,0.0,100,280.42,255.0,0,0.0,0.0,,0.0,1,0.08,0.02,SPY190308C00288000,288.0,normalDay
2019-03-04,242.0,2447.0,0.0,100,279.4,255.0,0,0.0,0.0,,0.0,1,0.08,0.01,SPY190308C00288000,288.0,normalDay
2019-03-05,242.0,2409.0,0.0,100,279.02,255.0,0,0.0,0.0,,0.0,1,0.08,0.01,SPY190308C00288000,288.0,normalDay
2019-03-06,242.0,2240.0,0.0,100,277.33,255.0,0,0.0,0.0,,0.0,1,0.08,0.01,SPY190308C00288000,288.0,normalDay
2019-03-07,242.0,2008.0,0.0,100,275.01,255.0,0,0.0,0.0,,0.0,1,0.08,0.01,SPY190308C00288000,288.0,normalDay
2019-03-08,250.0,1946.0,8.0,100,274.46,255.0,0,0.0,0.0,,0.0,1,0.08,0.0,SPY190308C00288000,288.0,expirationDay
2019-03-11,250.0,2341.0,0.0,100,278.44,255.0,0,0.0,0.0,,0.0,1,0.05,0.08,SPY190322C00286000,286.0,normalDay
2019-03-12,250.0,2446.0,0.0,100,279.49,255.0,0,0.0,0.0,,0.0,1,0.05,0.08,SPY190322C00286000,286.0,normalDay
2019-03-13,250.0,2616.0,0.0,100,281.34,255.0,0,0.0,0.0,,0.0,1,0.05,0.23,SPY190322C00286000,286.0,normalDay
2019-03-14,250.0,2608.0,0.0,100,281.16,255.0,0,0.0,0.0,,0.0,1,0.05,0.13,SPY190322C00286000,286.0,normalDay
2019-03-15,250.0,2621.0,0.0,100,281.31,255.0,0,0.0,0.0,,0.0,1,0.05,0.15,SPY190322C00286000,286.0,normalDay
2019-03-18,250.0,2717.0,0.0,100,282.33,255.0,0,0.0,0.0,,0.0,1,0.05,0.21,SPY190322C00286000,286.0,normalDay
2019-03-19,250.0,2727.0,0.0,100,282.4,255.0,0,0.0,0.0,,0.0,1,0.05,0.18,SPY190322C00286000,286.0,normalDay
2019-03-20,250.0,2656.0,0.0,100,281.55,255.0,0,0.0,0.0,,0.0,1,0.05,0.04,SPY190322C00286000,286.0,normalDay
2019-03-21,250.0,2956.0,0.0,100,284.73,255.0,0,0.0,0.0,,0.0,1,0.05,0.22,SPY190322C00286000,286.0,normalDay
2019-03-22,255.0,2425.0,5.0,100,279.25,255.0,0,0.0,0.0,,0.0,1,0.05,0.0,SPY190322C00286000,286.0,expirationDay
2019-03-25,255.0,2401.0,0.0,100,279.04,255.0,0,0.0,0.0,,0.0,1,0.22,0.25,SPY190405C00287500,287.5,normalDay
2019-03-26,255.0,2609.0,0.0,100,281.12,255.0,0,0.0,0.0,,0.0,1,0.22,0.25,SPY190405C00287500,287.5,normalDay
2019-03-27,255.0,2474.0,0.0,100,279.65,255.0,0,0.0,0.0,,0.0,1,0.22,0.13,SPY190405C00287500,287.5,normalDay
2019-03-28,255.0,2580.0,0.0,100,280.71,255.0,0,0.0,0.0,,0.0,1,0.22,0.13,SPY190405C00287500,287.5,normalDay
2019-03-29,255.0,2751.0,0.0,100,282.48,255.0,0,0.0,0.0,,0.0,1,0.22,0.19,SPY190405C00287500,287.5,normalDay
2019-04-01,255.0,3048.0,0.0,100,285.83,255.0,0,0.0,0.0,,0.0,1,0.22,0.57,SPY190405C00287500,287.5,normalDay
2019-04-02,255.0,3072.0,0.0,100,285.97,255.0,0,0.0,0.0,,0.0,1,0.22,0.47,SPY190405C00287500,287.5,normalDay
2019-04-03,255.0,3099.0,0.0,100,286.42,255.0,0,0.0,0.0,,0.0,1,0.22,0.65,SPY190405C00287500,287.5,normalDay
2019-04-04,255.0,3173.0,0.0,100,287.18,255.0,0,0.0,0.0,,0.0,1,0.22,0.67,SPY190405C00287500,287.5,normalDay
2019-04-05,3527.0,3173.0,3272.0,0,288.57,0.0,0,0.0,0.0,,0.0,1,0.22,0.0,SPY190405C00287500,287.5,expirationDay
2019-04-08,3527.0,-3.0,0.0,0,288.79,0.0,1,1.32,1.35,SPY190524P00274000,274.0,0,0.0,0.0,,0.0,normalDay
2019-04-09,3527.0,-40.0,0.0,0,287.31,0.0,1,1.32,1.72,SPY190524P00274000,274.0,0,0.0,0.0,,0.0,normalDay
2019-04-10,3527.0,-4.0,0.0,0,288.29,0.0,1,1.32,1.36,SPY190524P00274000,274.0,0,0.0,0.0,,0.0,normalDay
2019-04-11,3527.0,0.0,0.0,0,288.21,0.0,1,1.32,1.32,SPY190524P00274000,274.0,0,0.0,0.0,,0.0,normalDay
2019-04-12,3527.0,39.0,0.0,0,290.16,0.0,1,1.32,0.93,SPY190524P00274000,274.0,0,0.0,0.0,,0.0,normalDay
2019-04-15,3527.0,43.0,0.0,0,289.97,0.0,1,1.32,0.89,SPY190524P00274000,274.0,0,0.0,0.0,,0.0,normalDay
2019-04-16,3527.0,47.0,0.0,0,290.16,0.0,1,1.32,0.85,SPY190524P00274000,274.0,0,0.0,0.0,,0.0,normalDay
2019-04-17,3527.0,39.0,0.0,0,289.45,0.0,1,1.32,0.93,SPY190524P00274000,274.0,0,0.0,0.0,,0.0,normalDay
2019-04-18,3527.0,51.0,0.0,0,290.02,0.0,1,1.32,0.81,SPY190524P00274000,274.0,0,0.0,0.0,,0.0,normalDay
2019-04-22,3527.0,63.0,0.0,0,290.27,0.0,1,1.32,0.69,SPY190524P00274000,274.0,0,0.0,0.0,,0.0,normalDay
2019-04-23,3527.0,76.0,0.0,0,292.88,0.0,1,1.32,0.56,SPY190524P00274000,274.0,0,0.0,0.0,,0.0,normalDay
2019-04-24,3527.0,68.0,0.0,0,292.23,0.0,1,1.32,0.64,SPY190524P00274000,274.0,0,0.0,0.0,,0.0,normalDay
2019-04-25,3527.0,68.0,0.0,0,292.05,0.0,1,1.32,0.64,SPY190524P00274000,274.0,0,0.0,0.0,,0.0,normalDay
2019-04-26,3527.0,80.0,0.0,0,293.41,0.0,1,1.32,0.52,SPY190524P00274000,274.0,0,0.0,0.0,,0.0,normalDay
2019-04-29,3527.0,85.0,0.0,0,293.87,0.0,1,1.32,0.47,SPY190524P00274000,274.0,0,0.0,0.0,,0.0,normalDay
2019-04-30,3527.0,86.0,0.0,0,294.02,0.0,1,1.32,0.46,SPY190524P00274000,274.0,0,0.0,0.0,,0.0,normalDay
2019-05-01,3527.0,66.0,0.0,0,291.81,0.0,1,1.32,0.66,SPY190524P00274000,274.0,0,0.0,0.0,,0.0,normalDay
2019-05-02,3527.0,68.0,0.0,0,291.18,0.0,1,1.32,0.64,SPY190524P00274000,274.0,0,0.0,0.0,,0.0,normalDay
2019-05-03,3527.0,97.0,0.0,0,294.03,0.0,1,1.32,0.35,SPY190524P00274000,274.0,0,0.0,0.0,,0.0,normalDay
2019-05-06,3527.0,78.0,0.0,0,292.82,0.0,1,1.32,0.54,SPY190524P00274000,274.0,0,0.0,0.0,,0.0,normalDay
2019-05-07,3527.0,-7.0,0.0,0,287.93,0.0,1,1.32,1.39,SPY190524P00274000,274.0,0,0.0,0.0,,0.0,normalDay
2019-05-08,3527.0,-1.0,0.0,0,287.53,0.0,1,1.32,1.33,SPY190524P00274000,274.0,0,0.0,0.0,,0.0,normalDay
2019-05-09,3527.0,6.0,0.0,0,286.66,0.0,1,1.32,1.26,SPY190524P00274000,274.0,0,0.0,0.0,,0.0,normalDay
2019-05-10,3527.0,72.0,0.0,0,288.1,0.0,1,1.32,0.6,SPY190524P00274000,274.0,0,0.0,0.0,,0.0,normalDay
2019-05-13,3527.0,-67.0,0.0,0,280.86,0.0,1,1.32,1.99,SPY190524P00274000,274.0,0,0.0,0.0,,0.0,normalDay
2019-05-14,3527.0,34.0,0.0,0,283.4,0.0,1,1.32,0.98,SPY190524P00274000,274.0,0,0.0,0.0,,0.0,normalDay
2019-05-15,3527.0,88.0,0.0,0,285.06,0.0,1,1.32,0.44,SPY190524P00274000,274.0,0,0.0,0.0,,0.0,normalDay
2019-05-16,3527.0,112.0,0.0,0,287.7,0.0,1,1.32,0.2,SPY190524P00274000,274.0,0,0.0,0.0,,0.0,normalDay
2019-05-17,3527.0,103.0,0.0,0,285.84,0.0,1,1.32,0.29,SPY190524P00274000,274.0,0,0.0,0.0,,0.0,normalDay
2019-05-20,3527.0,117.0,0.0,0,283.95,0.0,1,1.32,0.15,SPY190524P00274000,274.0,0,0.0,0.0,,0.0,normalDay
2019-05-21,3527.0,128.0,0.0,0,286.51,0.0,1,1.32,0.04,SPY190524P00274000,274.0,0,0.0,0.0,,0.0,normalDay
2019-05-22,3527.0,130.0,0.0,0,285.63,0.0,1,1.32,0.02,SPY190524P00274000,274.0,0,0.0,0.0,,0.0,normalDay
2019-05-23,3527.0,127.0,0.0,0,282.14,0.0,1,1.32,0.05,SPY190524P00274000,274.0,0,0.0,0.0,,0.0,normalDay
2019-05-24,3659.0,0.0,132.0,0,282.78,0.0,1,1.32,0.0,SPY190524P00274000,274.0,0,0.0,0.0,,0.0,expirationDay
2019-05-28,3659.0,-4.0,0.0,0,280.15,0.0,1,4.88,4.92,SPY190719P00275000,275.0,0,0.0,0.0,,0.0,normalDay
2019-05-29,3659.0,-77.0,0.0,0,278.27,0.0,1,4.88,5.65,SPY190719P00275000,275.0,0,0.0,0.0,,0.0,normalDay
2019-05-30,3659.0,-37.0,0.0,0,279.03,0.0,1,4.88,5.25,SPY190719P00275000,275.0,0,0.0,0.0,,0.0,normalDay
2019-05-31,3659.0,-208.0,0.0,0,275.27,0.0,1,4.88,6.96,SPY190719P00275000,275.0,0,0.0,0.0,,0.0,normalDay
2019-06-03,3659.0,-204.0,0.0,0,274.57,0.0,1,4.88,6.92,SPY190719P00275000,275.0,0,0.0,0.0,,0.0,normalDay
2019-06-04,3659.0,55.0,0.0,0,280.53,0.0,1,4.88,4.33,SPY190719P00275000,275.0,0,0.0,0.0,,0.0,normalDay
2019-06-05,3659.0,155.0,0.0,0,282.96,0.0,1,4.88,3.33,SPY190719P00275000,275.0,0,0.0,0.0,,0.0,normalDay
2019-06-06,3659.0,210.0,0.0,0,284.8,0.0,1,4.88,2.78,SPY190719P00275000,275.0,0,0.0,0.0,,0.0,normalDay
2019-06-07,3659.0,255.0,0.0,0,287.65,0.0,1,4.88,2.33,SPY190719P00275000,275.0,0,0.0,0.0,,0.0,normalDay
2019-06-10,3659.0,296.0,0.0,0,288.97,0.0,1,4.88,1.92,SPY190719P00275000,275.0,0,0.0,0.0,,0.0,normalDay
2019-06-11,3659.0,293.0,0.0,0,288.9,0.0,1,4.88,1.95,SPY190719P00275000,275.0,0,0.0,0.0,,0.0,normalDay
2019-06-12,3659.0,294.0,0.0,0,288.39,0.0,1,4.88,1.94,SPY190719P00275000,275.0,0,0.0,0.0,,0.0,normalDay
2019-06-13,3659.0,317.0,0.0,0,289.58,0.0,1,4.88,1.71,SPY190719P00275000,275.0,0,0.0,0.0,,0.0,normalDay
2019-06-14,3659.0,331.0,0.0,0,289.26,0.0,1,4.88,1.57,SPY190719P00275000,275.0,0,0.0,0.0,,0.0,normalDay
2019-06-17,3659.0,345.0,0.0,0,289.37,0.0,1,4.88,1.43,SPY190719P00275000,275.0,0,0.0,0.0,,0.0,normalDay
2019-06-18,3659.0,381.0,0.0,0,292.4,0.0,1,4.88,1.07,SPY190719P00275000,275.0,0,0.0,0.0,,0.0,normalDay
2019-06-19,3659.0,404.0,0.0,0,293.06,0.0,1,4.88,0.84,SPY190719P00275000,275.0,0,0.0,0.0,,0.0,normalDay
2019-06-20,3659.0,422.0,0.0,0,295.86,0.0,1,4.88,0.66,SPY190719P00275000,275.0,0,0.0,0.0,,0.0,normalDay
2019-06-21,3659.0,416.0,0.0,0,294.0,0.0,1,4.88,0.72,SPY190719P00275000,275.0,0,0.0,0.0,,0.0,normalDay
2019-06-24,3659.0,425.0,0.0,0,293.64,0.0,1,4.88,0.63,SPY190719P00275000,275.0,0,0.0,0.0,,0.0,normalDay
2019-06-25,3659.0,397.0,0.0,0,290.76,0.0,1,4.88,0.91,SPY190719P00275000,275.0,0,0.0,0.0,,0.0,normalDay
2019-06-26,3659.0,398.0,0.0,0,290.47,0.0,1,4.88,0.9,SPY190719P00275000,275.0,0,0.0,0.0,,0.0,normalDay
2019-06-27,3659.0,418.0,0.0,0,291.5,0.0,1,4.88,0.7,SPY190719P00275000,275.0,0,0.0,0.0,,0.0,normalDay
2019-06-28,3659.0,434.0,0.0,0,293.0,0.0,1,4.88,0.54,SPY190719P00275000,275.0,0,0.0,0.0,,0.0,normalDay
2019-07-01,3659.0,463.0,0.0,0,295.66,0.0,1,4.88,0.25,SPY190719P00275000,275.0,0,0.0,0.0,,0.0,normalDay
2019-07-02,3659.0,472.0,0.0,0,296.43,0.0,1,4.88,0.16,SPY190719P00275000,275.0,0,0.0,0.0,,0.0,normalDay
2019-07-03,3659.0,477.0,0.0,0,298.8,0.0,1,4.88,0.11,SPY190719P00275000,275.0,0,0.0,0.0,,0.0,normalDay
2019-07-05,3659.0,476.0,0.0,0,298.46,0.0,1,4.88,0.12,SPY190719P00275000,275.0,0,0.0,0.0,,0.0,normalDay
2019-07-08,3659.0,479.0,0.0,0,296.82,0.0,1,4.88,0.09,SPY190719P00275000,275.0,0,0.0,0.0,,0.0,normalDay
2019-07-09,3659.0,481.0,0.0,0,297.19,0.0,1,4.88,0.07,SPY190719P00275000,275.0,0,0.0,0.0,,0.0,normalDay
2019-07-10,3659.0,484.0,0.0,0,298.61,0.0,1,4.88,0.04,SPY190719P00275000,275.0,0,0.0,0.0,,0.0,normalDay
2019-07-11,3659.0,484.0,0.0,0,299.31,0.0,1,4.88,0.04,SPY190719P00275000,275.0,0,0.0,0.0,,0.0,normalDay
2019-07-12,3659.0,485.0,0.0,0,300.65,0.0,1,4.88,0.03,SPY190719P00275000,275.0,0,0.0,0.0,,0.0,normalDay
2019-07-15,3659.0,485.0,0.0,0,300.75,0.0,1,4.88,0.03,SPY190719P00275000,275.0,0,0.0,0.0,,0.0,normalDay
2019-07-16,3659.0,486.0,0.0,0,299.78,0.0,1,4.88,0.02,SPY190719P00275000,275.0,0,0.0,0.0,,0.0,normalDay
2019-07-17,3659.0,486.0,0.0,0,297.74,0.0,1,4.88,0.02,SPY190719P00275000,275.0,0,0.0,0.0,,0.0,normalDay
2019-07-18,3659.0,487.0,0.0,0,298.83,0.0,1,4.88,0.01,SPY190719P00275000,275.0,0,0.0,0.0,,0.0,normalDay
2019-07-19,4147.0,0.0,488.0,0,297.17,0.0,1,4.88,0.0,SPY190719P00275000,275.0,0,0.0,0.0,,0.0,expirationDay
2019-07-22,4147.0,-4.0,0.0,0,297.9,0.0,1,1.86,1.9,SPY190830P00288000,288.0,0,0.0,0.0,,0.0,normalDay
2019-07-23,4147.0,45.0,0.0,0,300.03,0.0,1,1.86,1.41,SPY190830P00288000,288.0,0,0.0,0.0,,0.0,normalDay
2019-07-24,4147.0,72.0,0.0,0,301.44,0.0,1,1.86,1.14,SPY190830P00288000,288.0,0,0.0,0.0,,0.0,normalDay
2019-07-25,4147.0,48.0,0.0,0,300.0,0.0,1,1.86,1.38,SPY190830P00288000,288.0,0,0.0,0.0,,0.0,normalDay
2019-07-26,4147.0,83.0,0.0,0,302.01,0.0,1,1.86,1.03,SPY190830P00288000,288.0,0,0.0,0.0,,0.0,normalDay
2019-07-29,4147.0,81.0,0.0,0,301.46,0.0,1,1.86,1.05,SPY190830P00288000,288.0,0,0.0,0.0,,0.0,normalDay
2019-07-30,4147.0,57.0,0.0,0,300.72,0.0,1,1.86,1.29,SPY190830P00288000,288.0,0,0.0,0.0,,0.0,normalDay
2019-07-31,4147.0,-19.0,0.0,0,297.43,0.0,1,1.86,2.05,SPY190830P00288000,288.0,0,0.0,0.0,,0.0,normalDay
2019-08-01,4147.0,-109.0,0.0,0,294.84,0.0,1,1.86,2.95,SPY190830P00288000,288.0,0,0.0,0.0,,0.0,normalDay
2019-08-02,4147.0,-165.0,0.0,0,292.62,0.0,1,1.86,3.51,SPY190830P00288000,288.0,0,0.0,0.0,,0.0,normalDay
2019-08-05,4147.0,-683.0,0.0,0,283.82,0.0,1,1.86,8.69,SPY190830P00288000,288.0,0,0.0,0.0,,0.0,normalDay
2019-08-06,4147.0,-352.0,0.0,0,287.8,0.0,1,1.86,5.38,SPY190830P00288000,288.0,0,0.0,0.0,,0.0,normalDay
2019-08-07,4147.0,-325.0,0.0,0,287.97,0.0,1,1.86,5.11,SPY190830P00288000,288.0,0,0.0,0.0,,0.0,normalDay
2019-08-08,4147.0,-72.0,0.0,0,293.62,0.0,1,1.86,2.58,SPY190830P00288000,288.0,0,0.0,0.0,,0.0,normalDay
2019-08-09,4147.0,-136.0,0.0,0,291.62,0.0,1,1.86,3.22,SPY190830P00288000,288.0,0,0.0,0.0,,0.0,normalDay
2019-08-12,4147.0,-317.0,0.0,0,288.07,0.0,1,1.86,5.03,SPY190830P00288000,288.0,0,0.0,0.0,,0.0,normalDay
2019-08-13,4147.0,-77.0,0.0,0,292.55,0.0,1,1.86,2.63,SPY190830P00288000,288.0,0,0.0,0.0,,0.0,normalDay
2019-08-14,4147.0,-509.0,0.0,0,283.9,0.0,1,1.86,6.95,SPY190830P00288000,288.0,0,0.0,0.0,,0.0,normalDay
2019-08-15,4147.0,-430.0,0.0,0,284.65,0.0,1,1.86,6.16,SPY190830P00288000,288.0,0,0.0,0.0,,0.0,normalDay
2019-08-16,4147.0,-172.0,0.0,0,288.85,0.0,1,1.86,3.58,SPY190830P00288000,288.0,0,0.0,0.0,,0.0,normalDay
2019-08-19,4147.0,4.0,0.0,0,292.33,0.0,1,1.86,1.82,SPY190830P00288000,288.0,0,0.0,0.0,,0.0,normalDay
2019-08-20,4147.0,-73.0,0.0,0,290.09,0.0,1,1.86,2.59,SPY190830P00288000,288.0,0,0.0,0.0,,0.0,normalDay
2019-08-21,4147.0,53.0,0.0,0,292.45,0.0,1,1.86,1.33,SPY190830P00288000,288.0,0,0.0,0.0,,0.0,normalDay
2019-08-22,4147.0,45.0,0.0,0,292.36,0.0,1,1.86,1.41,SPY190830P00288000,288.0,0,0.0,0.0,,0.0,normalDay
2019-08-23,4147.0,-257.0,0.0,0,284.85,0.0,1,1.86,4.43,SPY190830P00288000,288.0,0,0.0,0.0,,0.0,normalDay
2019-08-26,4147.0,-55.0,0.0,0,288.0,0.0,1,1.86,2.41,SPY190830P00288000,288.0,0,0.0,0.0,,0.0,normalDay
2019-08-27,4147.0,-100.0,0.0,0,286.87,0.0,1,1.86,2.86,SPY190830P00288000,288.0,0,0.0,0.0,,0.0,normalDay
2019-08-28,4147.0,48.0,0.0,0,288.89,0.0,1,1.86,1.38,SPY190830P00288000,288.0,0,0.0,0.0,,0.0,normalDay
2019-08-29,4147.0,166.0,0.0,0,292.58,0.0,1,1.86,0.2,SPY190830P00288000,288.0,0,0.0,0.0,,0.0,normalDay
2019-08-30,4333.0,0.0,186.0,0,292.45,0.0,1,1.86,0.0,SPY190830P00288000,288.0,0,0.0,0.0,,0.0,expirationDay
2019-09-03,4333.0,-4.0,0.0,0,290.74,0.0,1,4.5,4.54,SPY191018P00281000,281.0,0,0.0,0.0,,0.0,normalDay
2019-09-04,4333.0,133.0,0.0,0,294.04,0.0,1,4.5,3.17,SPY191018P00281000,281.0,0,0.0,0.0,,0.0,normalDay
2019-09-05,4333.0,220.0,0.0,0,297.82,0.0,1,4.5,2.3,SPY191018P00281000,281.0,0,0.0,0.0,,0.0,normalDay
2019-09-06,4333.0,260.0,0.0,0,298.05,0.0,1,4.5,1.9,SPY191018P00281000,281.0,0,0.0,0.0,,0.0,normalDay
2019-09-09,4333.0,272.0,0.0,0,298.2,0.0,1,4.5,1.78,SPY191018P00281000,281.0,0,0.0,0.0,,0.0,normalDay
2019-09-10,4333.0,279.0,0.0,0,298.13,0.0,1,4.5,1.71,SPY191018P00281000,281.0,0,0.0,0.0,,0.0,normalDay
2019-09-11,4333.0,318.0,0.0,0,300.25,0.0,1,4.5,1.32,SPY191018P00281000,281.0,0,0.0,0.0,,0.0,normalDay
2019-09-12,4333.0,339.0,0.0,0,301.29,0.0,1,4.5,1.11,SPY191018P00281000,281.0,0,0.0,0.0,,0.0,normalDay
2019-09-13,4333.0,349.0,0.0,0,301.09,0.0,1,4.5,1.01,SPY191018P00281000,281.0,0,0.0,0.0,,0.0,normalDay
2019-09-16,4333.0,344.0,0.0,0,300.16,0.0,1,4.5,1.06,SPY191018P00281000,281.0,0,0.0,0.0,,0.0,normalDay
2019-09-17,4333.0,357.0,0.0,0,300.92,0.0,1,4.5,0.93,SPY191018P00281000,281.0,0,0.0,0.0,,0.0,normalDay
2019-09-18,4333.0,372.0,0.0,0,301.1,0.0,1,4.5,0.78,SPY191018P00281000,281.0,0,0.0,0.0,,0.0,normalDay
2019-09-19,4333.0,372.0,0.0,0,301.08,0.0,1,4.5,0.78,SPY191018P00281000,281.0,0,0.0,0.0,,0.0,normalDay
2019-09-20,4333.0,349.0,0.0,0,298.28,0.0,1,4.5,1.01,SPY191018P00281000,281.0,0,0.0,0.0,,0.0,normalDay
2019-09-23,4333.0,368.0,0.0,0,298.21,0.0,1,4.5,0.82,SPY191018P00281000,281.0,0,0.0,0.0,,0.0,normalDay
2019-09-24,4333.0,326.0,0.0,0,295.87,0.0,1,4.5,1.24,SPY191018P00281000,281.0,0,0.0,0.0,,0.0,normalDay
2019-09-25,4333.0,357.0,0.0,0,297.62,0.0,1,4.5,0.93,SPY191018P00281000,281.0,0,0.0,0.0,,0.0,normalDay
2019-09-26,4333.0,363.0,0.0,0,297.0,0.0,1,4.5,0.87,SPY191018P00281000,281.0,0,0.0,0.0,,0.0,normalDay
2019-09-27,4333.0,337.0,0.0,0,295.4,0.0,1,4.5,1.13,SPY191018P00281000,281.0,0,0.0,0.0,,0.0,normalDay
2019-09-30,4333.0,376.0,0.0,0,296.77,0.0,1,4.5,0.74,SPY191018P00281000,281.0,0,0.0,0.0,,0.0,normalDay
2019-10-01,4333.0,317.0,0.0,0,293.24,0.0,1,4.5,1.33,SPY191018P00281000,281.0,0,0.0,0.0,,0.0,normalDay
2019-10-02,4333.0,190.0,0.0,0,288.06,0.0,1,4.5,2.6,SPY191018P00281000,281.0,0,0.0,0.0,,0.0,normalDay
2019-10-03,4333.0,283.0,0.0,0,290.42,0.0,1,4.5,1.67,SPY191018P00281000,281.0,0,0.0,0.0,,0.0,normalDay
2019-10-04,4333.0,377.0,0.0,0,294.35,0.0,1,4.5,0.73,SPY191018P00281000,281.0,0,0.0,0.0,,0.0,normalDay
2019-10-07,4333.0,375.0,0.0,0,293.08,0.0,1,4.5,0.75,SPY191018P00281000,281.0,0,0.0,0.0,,0.0,normalDay
2019-10-08,4333.0,297.0,0.0,0,288.53,0.0,1,4.5,1.53,SPY191018P00281000,281.0,0,0.0,0.0,,0.0,normalDay
2019-10-09,4333.0,371.0,0.0,0,291.27,0.0,1,4.5,0.79,SPY191018P00281000,281.0,0,0.0,0.0,,0.0,normalDay
2019-10-10,4333.0,409.0,0.0,0,293.24,0.0,1,4.5,0.41,SPY191018P00281000,281.0,0,0.0,0.0,,0.0,normalDay
2019-10-11,4333.0,434.0,0.0,0,296.28,0.0,1,4.5,0.16,SPY191018P00281000,281.0,0,0.0,0.0,,0.0,normalDay
2019-10-14,4333.0,444.0,0.0,0,295.95,0.0,1,4.5,0.06,SPY191018P00281000,281.0,0,0.0,0.0,,0.0,normalDay
2019-10-15,4333.0,446.0,0.0,0,298.88,0.0,1,4.5,0.04,SPY191018P00281000,281.0,0,0.0,0.0,,0.0,normalDay
2019-10-16,4333.0,448.0,0.0,0,298.4,0.0,1,4.5,0.02,SPY191018P00281000,281.0,0,0.0,0.0,,0.0,normalDay
2019-10-17,4333.0,449.0,0.0,0,299.28,0.0,1,4.5,0.01,SPY191018P00281000,281.0,0,0.0,0.0,,0.0,normalDay
2019-10-18,4783.0,0.0,450.0,0,297.97,0.0,1,4.5,0.0,SPY191018P00281000,281.0,0,0.0,0.0,,0.0,expirationDay
2019-10-21,4783.0,-3.0,0.0,0,299.99,0.0,1,1.37,1.4,SPY191129P00285000,285.0,0,0.0,0.0,,0.0,normalDay
2019-10-22,4783.0,-20.0,0.0,0,299.01,0.0,1,1.37,1.57,SPY191129P00285000,285.0,0,0.0,0.0,,0.0,normalDay
2019-10-23,4783.0,5.0,0.0,0,299.88,0.0,1,1.37,1.32,SPY191129P00285000,285.0,0,0.0,0.0,,0.0,normalDay
2019-10-24,4783.0,16.0,0.0,0,300.37,0.0,1,1.37,1.21,SPY191129P00285000,285.0,0,0.0,0.0,,0.0,normalDay
2019-10-25,4783.0,46.0,0.0,0,301.6,0.0,1,1.37,0.91,SPY191129P00285000,285.0,0,0.0,0.0,,0.0,normalDay
2019-10-28,4783.0,60.0,0.0,0,303.3,0.0,1,1.37,0.77,SPY191129P00285000,285.0,0,0.0,0.0,,0.0,normalDay
2019-10-29,4783.0,62.0,0.0,0,303.21,0.0,1,1.37,0.75,SPY191129P00285000,285.0,0,0.0,0.0,,0.0,normalDay
2019-10-30,4783.0,81.0,0.0,0,304.14,0.0,1,1.37,0.56,SPY191129P00285000,285.0,0,0.0,0.0,,0.0,normalDay
2019-10-31,4783.0,66.0,0.0,0,303.33,0.0,1,1.37,0.71,SPY191129P00285000,285.0,0,0.0,0.0,,0.0,normalDay
2019-11-01,4783.0,94.0,0.0,0,306.14,0.0,1,1.37,0.43,SPY191129P00285000,285.0,0,0.0,0.0,,0.0,normalDay
2019-11-04,4783.0,101.0,0.0,0,307.37,0.0,1,1.37,0.36,SPY191129P00285000,285.0,0,0.0,0.0,,0.0,normalDay
2019-11-05,4783.0,101.0,0.0,0,307.03,0.0,1,1.37,0.36,SPY191129P00285000,285.0,0,0.0,0.0,,0.0,normalDay
2019-11-06,4783.0,110.0,0.0,0,307.1,0.0,1,1.37,0.27,SPY191129P00285000,285.0,0,0.0,0.0,,0.0,normalDay
2019-11-07,4783.0,114.0,0.0,0,308.18,0.0,1,1.37,0.23,SPY191129P00285000,285.0,0,0.0,0.0,,0.0,normalDay
2019-11-08,4783.0,123.0,0.0,0,308.94,0.0,1,1.37,0.14,SPY191129P00285000,285.0,0,0.0,0.0,,0.0,normalDay
2019-11-11,4783.0,124.0,0.0,0,308.35,0.0,1,1.37,0.13,SPY191129P00285000,285.0,0,0.0,0.0,,0.0,normalDay
2019-11-12,4783.0,125.0,0.0,0,309.0,0.0,1,1.37,0.12,SPY191129P00285000,285.0,0,0.0,0.0,,0.0,normalDay
2019-11-13,4783.0,125.0,0.0,0,309.1,0.0,1,1.37,0.12,SPY191129P00285000,285.0,0,0.0,0.0,,0.0,normalDay
2019-11-14,4783.0,125.0,0.0,0,309.55,0.0,1,1.37,0.12,SPY191129P00285000,285.0,0,0.0,0.0,,0.0,normalDay
2019-11-15,4783.0,131.0,0.0,0,311.79,0.0,1,1.37,0.06,SPY191129P00285000,285.0,0,0.0,0.0,,0.0,normalDay
2019-11-18,4783.0,132.0,0.0,0,312.02,0.0,1,1.37,0.05,SPY191129P00285000,285.0,0,0.0,0.0,,0.0,normalDay
2019-11-19,4783.0,132.0,0.0,0,311.93,0.0,1,1.37,0.05,SPY191129P00285000,285.0,0,0.0,0.0,,0.0,normalDay
2019-11-20,4783.0,132.0,0.0,0,310.77,0.0,1,1.37,0.05,SPY191129P00285000,285.0,0,0.0,0.0,,0.0,normalDay
2019-11-21,4783.0,132.0,0.0,0,310.27,0.0,1,1.37,0.05,SPY191129P00285000,285.0,0,0.0,0.0,,0.0,normalDay
2019-11-22,4783.0,134.0,0.0,0,310.96,0.0,1,1.37,0.03,SPY191129P00285000,285.0,0,0.0,0.0,,0.0,normalDay
2019-11-25,4783.0,135.0,0.0,0,313.37,0.0,1,1.37,0.02,SPY191129P00285000,285.0,0,0.0,0.0,,0.0,normalDay
2019-11-26,4783.0,136.0,0.0,0,314.08,0.0,1,1.37,0.01,SPY191129P00285000,285.0,0,0.0,0.0,,0.0,normalDay
2019-11-27,4783.0,136.0,0.0,0,315.48,0.0,1,1.37,0.01,SPY191129P00285000,285.0,0,0.0,0.0,,0.0,normalDay
2019-11-29,4920.0,0.0,137.0,0,314.31,0.0,1,1.37,0.0,SPY191129P00285000,285.0,0,0.0,0.0,,0.0,expirationDay
2019-12-02,4920.0,-4.0,0.0,0,311.64,0.0,1,3.89,3.93,SPY200117P00304000,304.0,0,0.0,0.0,,0.0,normalDay
2019-12-03,4920.0,-97.0,0.0,0,309.55,0.0,1,3.89,4.86,SPY200117P00304000,304.0,0,0.0,0.0,,0.0,normalDay
2019-12-04,4920.0,-16.0,0.0,0,311.46,0.0,1,3.89,4.05,SPY200117P00304000,304.0,0,0.0,0.0,,0.0,normalDay
2019-12-05,4920.0,27.0,0.0,0,312.02,0.0,1,3.89,3.62,SPY200117P00304000,304.0,0,0.0,0.0,,0.0,normalDay
2019-12-06,4920.0,120.0,0.0,0,314.87,0.0,1,3.89,2.69,SPY200117P00304000,304.0,0,0.0,0.0,,0.0,normalDay
2019-12-09,4920.0,74.0,0.0,0,313.88,0.0,1,3.89,3.15,SPY200117P00304000,304.0,0,0.0,0.0,,0.0,normalDay
2019-12-10,4920.0,89.0,0.0,0,313.53,0.0,1,3.89,3.0,SPY200117P00304000,304.0,0,0.0,0.0,,0.0,normalDay
2019-12-11,4920.0,127.0,0.0,0,314.42,0.0,1,3.89,2.62,SPY200117P00304000,304.0,0,0.0,0.0,,0.0,normalDay
2019-12-12,4920.0,198.0,0.0,0,317.13,0.0,1,3.89,1.91,SPY200117P00304000,304.0,0,0.0,0.0,,0.0,normalDay
2019-12-13,4920.0,244.0,0.0,0,317.32,0.0,1,3.89,1.45,SPY200117P00304000,304.0,0,0.0,0.0,,0.0,normalDay
2019-12-16,4920.0,292.0,0.0,0,319.5,0.0,1,3.89,0.97,SPY200117P00304000,304.0,0,0.0,0.0,,0.0,normalDay
2019-12-17,4920.0,291.0,0.0,0,319.57,0.0,1,3.89,0.98,SPY200117P00304000,304.0,0,0.0,0.0,,0.0,normalDay
2019-12-18,4920.0,292.0,0.0,0,319.59,0.0,1,3.89,0.97,SPY200117P00304000,304.0,0,0.0,0.0,,0.0,normalDay
2019-12-19,4920.0,306.0,0.0,0,320.9,0.0,1,3.89,0.83,SPY200117P00304000,304.0,0,0.0,0.0,,0.0,normalDay
2019-12-20,4920.0,314.0,0.0,0,320.73,0.0,1,3.89,0.75,SPY200117P00304000,304.0,0,0.0,0.0,,0.0,normalDay
2019-12-23,4920.0,318.0,0.0,0,321.22,0.0,1,3.89,0.71,SPY200117P00304000,304.0,0,0.0,0.0,,0.0,normalDay
2019-12-24,4920.0,322.0,0.0,0,321.23,0.0,1,3.89,0.67,SPY200117P00304000,304.0,0,0.0,0.0,,0.0,normalDay
2019-12-26,4920.0,339.0,0.0,0,322.94,0.0,1,3.89,0.5,SPY200117P00304000,304.0,0,0.0,0.0,,0.0,normalDay
2019-12-27,4920.0,336.0,0.0,0,322.86,0.0,1,3.89,0.53,SPY200117P00304000,304.0,0,0.0,0.0,,0.0,normalDay
2019-12-30,4920.0,326.0,0.0,0,321.08,0.0,1,3.89,0.63,SPY200117P00304000,304.0,0,0.0,0.0,,0.0,normalDay
2019-12-31,4920.0,343.0,0.0,0,321.86,0.0,1,3.89,0.46,SPY200117P00304000,304.0,0,0.0,0.0,,0.0,normalDay
2020-01-02,4920.0,369.0,0.0,0,324.87,0.0,1,3.89,0.2,SPY200117P00304000,304.0,0,0.0,0.0,,0.0,normalDay
2020-01-03,4920.0,356.0,0.0,0,322.41,0.0,1,3.89,0.33,SPY200117P00304000,304.0,0,0.0,0.0,,0.0,normalDay
2020-01-06,4920.0,373.0,0.0,0,323.64,0.0,1,3.89,0.16,SPY200117P00304000,304.0,0,0.0,0.0,,0.0,normalDay
2020-01-07,4920.0,374.0,0.0,0,322.73,0.0,1,3.89,0.15,SPY200117P00304000,304.0,0,0.0,0.0,,0.0,normalDay
2020-01-08,4920.0,377.0,0.0,0,324.45,0.0,1,3.89,0.12,SPY200117P00304000,304.0,0,0.0,0.0,,0.0,normalDay
2020-01-09,4920.0,382.0,0.0,0,326.65,0.0,1,3.89,0.07,SPY200117P00304000,304.0,0,0.0,0.0,,0.0,normalDay
2020-01-10,4920.0,385.0,0.0,0,325.71,0.0,1,3.89,0.04,SPY200117P00304000,304.0,0,0.0,0.0,,0.0,normalDay
2020-01-13,4920.0,387.0,0.0,0,327.95,0.0,1,3.89,0.02,SPY200117P00304000,304.0,0,0.0,0.0,,0.0,normalDay
2020-01-14,4920.0,387.0,0.0,0,327.45,0.0,1,3.89,0.02,SPY200117P00304000,304.0,0,0.0,0.0,,0.0,normalDay
2020-01-15,4920.0,387.0,0.0,0,328.19,0.0,1,3.89,0.02,SPY200117P00304000,304.0,0,0.0,0.0,,0.0,normalDay
2020-01-16,4920.0,388.0,0.0,0,330.92,0.0,1,3.89,0.01,SPY200117P00304000,304.0,0,0.0,0.0,,0.0,normalDay
2020-01-17,5309.0,0.0,389.0,0,331.95,0.0,1,3.89,0.0,SPY200117P00304000,304.0,0,0.0,0.0,,0.0,expirationDay
2020-01-21,5309.0,-4.0,0.0,0,331.3,0.0,1,1.34,1.38,SPY200228P00315000,315.0,0,0.0,0.0,,0.0,normalDay
2020-01-22,5309.0,-3.0,0.0,0,331.34,0.0,1,1.34,1.37,SPY200228P00315000,315.0,0,0.0,0.0,,0.0,normalDay
2020-01-23,5309.0,1.0,0.0,0,331.72,0.0,1,1.34,1.33,SPY200228P00315000,315.0,0,0.0,0.0,,0.0,normalDay
2020-01-24,5309.0,-60.0,0.0,0,328.77,0.0,1,1.34,1.94,SPY200228P00315000,315.0,0,0.0,0.0,,0.0,normalDay
2020-01-27,5309.0,-229.0,0.0,0,323.5,0.0,1,1.34,3.63,SPY200228P00315000,315.0,0,0.0,0.0,,0.0,normalDay
2020-01-28,5309.0,-97.0,0.0,0,326.89,0.0,1,1.34,2.31,SPY200228P00315000,315.0,0,0.0,0.0,,0.0,normalDay
2020-01-29,5309.0,-99.0,0.0,0,326.62,0.0,1,1.34,2.33,SPY200228P00315000,315.0,0,0.0,0.0,,0.0,normalDay
2020-01-30,5309.0,-40.0,0.0,0,327.68,0.0,1,1.34,1.74,SPY200228P00315000,315.0,0,0.0,0.0,,0.0,normalDay
2020-01-31,5309.0,-221.0,0.0,0,321.73,0.0,1,1.34,3.55,SPY200228P00315000,315.0,0,0.0,0.0,,0.0,normalDay
2020-02-03,5309.0,-140.0,0.0,0,324.12,0.0,1,1.34,2.74,SPY200228P00315000,315.0,0,0.0,0.0,,0.0,normalDay
2020-02-04,5309.0,4.0,0.0,0,329.06,0.0,1,1.34,1.3,SPY200228P00315000,315.0,0,0.0,0.0,,0.0,normalDay
2020-02-05,5309.0,58.0,0.0,0,332.86,0.0,1,1.34,0.76,SPY200228P00315000,315.0,0,0.0,0.0,,0.0,normalDay
2020-02-06,5309.0,65.0,0.0,0,333.98,0.0,1,1.34,0.69,SPY200228P00315000,315.0,0,0.0,0.0,,0.0,normalDay
2020-02-07,5309.0,53.0,0.0,0,332.2,0.0,1,1.34,0.81,SPY200228P00315000,315.0,0,0.0,0.0,,0.0,normalDay
2020-02-10,5309.0,86.0,0.0,0,334.68,0.0,1,1.34,0.48,SPY200228P00315000,315.0,0,0.0,0.0,,0.0,normalDay
2020-02-11,5309.0,89.0,0.0,0,335.26,0.0,1,1.34,0.45,SPY200228P00315000,315.0,0,0.0,0.0,,0.0,normalDay
2020-02-12,5309.0,108.0,0.0,0,337.42,0.0,1,1.34,0.26,SPY200228P00315000,315.0,0,0.0,0.0,,0.0,normalDay
2020-02-13,5309.0,107.0,0.0,0,337.06,0.0,1,1.34,0.27,SPY200228P00315000,315.0,0,0.0,0.0,,0.0,normalDay
2020-02-14,5309.0,115.0,0.0,0,337.6,0.0,1,1.34,0.19,SPY200228P00315000,315.0,0,0.0,0.0,,0.0,normalDay
2020-02-18,5309.0,119.0,0.0,0,336.73,0.0,1,1.34,0.15,SPY200228P00315000,315.0,0,0.0,0.0,,0.0,normalDay
2020-02-19,5309.0,124.0,0.0,0,338.34,0.0,1,1.34,0.1,SPY200228P00315000,315.0,0,0.0,0.0,,0.0,normalDay
2020-02-20,5309.0,124.0,0.0,0,336.95,0.0,1,1.34,0.1,SPY200228P00315000,315.0,0,0.0,0.0,,0.0,normalDay
2020-02-21,5309.0,123.0,0.0,0,333.48,0.0,1,1.34,0.11,SPY200228P00315000,315.0,0,0.0,0.0,,0.0,normalDay
2020-02-24,5309.0,-88.0,0.0,0,322.42,0.0,1,1.34,2.22,SPY200228P00315000,315.0,0,0.0,0.0,,0.0,normalDay
2020-02-25,5309.0,-377.0,0.0,0,312.65,0.0,1,1.34,5.11,SPY200228P00315000,315.0,0,0.0,0.0,,0.0,normalDay
2020-02-26,5309.0,-411.0,0.0,0,311.5,0.0,1,1.34,5.45,SPY200228P00315000,315.0,0,0.0,0.0,,0.0,normalDay
2020-02-27,5309.0,-1651.0,0.0,0,297.51,0.0,1,1.34,17.85,SPY200228P00315000,315.0,0,0.0,0.0,,0.0,normalDay
2020-02-28,5443.0,-1874.0,134.0,100,296.26,315.0,1,1.34,0.0,SPY200228P00315000,315.0,0,0.0,0.0,,0.0,expirationDay
2020-03-02,5443.0,-591.0,0.0,100,309.09,315.0,0,0.0,0.0,,0.0,0,0.0,0.0,,0.0,bidTooLow
2020-03-03,5443.0,-1476.0,0.0,100,300.24,315.0,0,0.0,0.0,,0.0,0,0.0,0.0,,0.0,bidTooLow
2020-03-04,5443.0,-214.0,0.0,100,312.86,315.0,0,0.0,0.0,,0.0,0,0.0,0.0,,0.0,bidTooLow
2020-03-05,5443.0,-1254.0,0.0,100,302.46,315.0,0,0.0,0.0,,0.0,0,0.0,0.0,,0.0,bidTooLow
2020-03-06,5443.0,-1754.0,0.0,100,297.46,315.0,0,0.0,0.0,,0.0,0,0.0,0.0,,0.0,bidTooLow
2020-03-09,5443.0,-4077.0,0.0,100,274.23,315.0,0,0.0,0.0,,0.0,0,0.0,0.0,,0.0,bidTooLow
2020-03-10,5443.0,-2658.0,0.0,100,288.42,315.0,0,0.0,0.0,,0.0,0,0.0,0.0,,0.0,bidTooLow
2020-03-11,5443.0,-4064.0,0.0,100,274.36,315.0,0,0.0,0.0,,0.0,0,0.0,0.0,,0.0,bidTooLow
2020-03-12,5443.0,-6689.0,0.0,100,248.11,315.0,0,0.0,0.0,,0.0,0,0.0,0.0,,0.0,bidTooLow
2020-03-13,5443.0,-4568.0,0.0,100,269.32,315.0,0,0.0,0.0,,0.0,0,0.0,0.0,,0.0,bidTooLow
2020-03-16,5443.0,-7515.0,0.0,100,239.85,315.0,0,0.0,0.0,,0.0,0,0.0,0.0,,0.0,bidTooLow
2020-03-17,5443.0,-6220.0,0.0,100,252.8,315.0,0,0.0,0.0,,0.0,0,0.0,0.0,,0.0,bidTooLow
2020-03-18,5443.0,-7500.0,0.0,100,240.0,315.0,0,0.0,0.0,,0.0,0,0.0,0.0,,0.0,bidTooLow
2020-03-19,5443.0,-7449.0,0.0,100,240.51,315.0,0,0.0,0.0,,0.0,0,0.0,0.0,,0.0,bidTooLow
2020-03-20,5443.0,-8620.0,0.0,100,228.8,315.0,0,0.0,0.0,,0.0,0,0.0,0.0,,0.0,bidTooLow
2020-03-23,5443.0,-9205.0,0.0,100,222.95,315.0,0,0.0,0.0,,0.0,0,0.0,0.0,,0.0,bidTooLow
2020-03-24,5443.0,-7185.0,0.0,100,243.15,315.0,0,0.0,0.0,,0.0,0,0.0,0.0,,0.0,bidTooLow
2020-03-25,5443.0,-6821.0,0.0,100,246.79,315.0,0,0.0,0.0,,0.0,0,0.0,0.0,,0.0,bidTooLow
2020-03-26,5443.0,-5380.0,0.0,100,261.2,315.0,0,0.0,0.0,,0.0,0,0.0,0.0,,0.0,bidTooLow
2020-03-27,5443.0,-6158.0,0.0,100,253.42,315.0,0,0.0,0.0,,0.0,0,0.0,0.0,,0.0,bidTooLow
2020-03-30,5443.0,-5335.0,0.0,100,261.65,315.0,0,0.0,0.0,,0.0,0,0.0,0.0,,0.0,bidTooLow
2020-03-31,5443.0,-5725.0,0.0,100,257.75,315.0,0,0.0,0.0,,0.0,0,0.0,0.0,,0.0,bidTooLow
2020-04-01,5443.0,-6885.0,0.0,100,246.15,315.0,0,0.0,0.0,,0.0,0,0.0,0.0,,0.0,bidTooLow
2020-04-02,5443.0,-6317.0,0.0,100,251.83,315.0,0,0.0,0.0,,0.0,0,0.0,0.0,,0.0,bidTooLow
2020-04-03,5443.0,-6681.0,0.0,100,248.19,315.0,0,0.0,0.0,,0.0,0,0.0,0.0,,0.0,bidTooLow
2020-04-06,5443.0,-5018.0,0.0,100,264.86,315.0,0,0.0,0.0,,0.0,1,0.07,0.11,SPY200417C00303000,303.0,normalDay
2020-04-07,5443.0,-4990.0,0.0,100,265.13,315.0,0,0.0,0.0,,0.0,1,0.07,0.1,SPY200417C00303000,303.0,normalDay
2020-04-08,5443.0,-4103.0,0.0,100,274.03,315.0,0,0.0,0.0,,0.0,1,0.07,0.13,SPY200417C00303000,303.0,normalDay
2020-04-09,5443.0,-3692.0,0.0,100,278.2,315.0,0,0.0,0.0,,0.0,1,0.07,0.19,SPY200417C00303000,303.0,normalDay
2020-04-13,5443.0,-3931.0,0.0,100,275.66,315.0,0,0.0,0.0,,0.0,1,0.07,0.04,SPY200417C00303000,303.0,normalDay
2020-04-14,5443.0,-3123.0,0.0,100,283.79,315.0,0,0.0,0.0,,0.0,1,0.07,0.09,SPY200417C00303000,303.0,normalDay
2020-04-15,5443.0,-3718.0,0.0,100,277.76,315.0,0,0.0,0.0,,0.0,1,0.07,0.01,SPY200417C00303000,303.0,normalDay
2020-04-16,5443.0,-3584.0,0.0,100,279.1,315.0,0,0.0,0.0,,0.0,1,0.07,0.01,SPY200417C00303000,303.0,normalDay
2020-04-17,5450.0,-2836.0,7.0,100,286.64,315.0,0,0.0,0.0,,0.0,1,0.07,0.0,SPY200417C00303000,303.0,expirationDay
2020-04-20,5450.0,-3344.0,0.0,100,281.59,315.0,0,0.0,0.0,,0.0,1,0.02,0.05,SPY200501C00320000,320.0,normalDay
2020-04-21,5450.0,-4197.0,0.0,100,273.04,315.0,0,0.0,0.0,,0.0,1,0.02,0.03,SPY200501C00320000,320.0,normalDay
2020-04-22,5450.0,-3590.0,0.0,100,279.1,315.0,0,0.0,0.0,,0.0,1,0.02,0.02,SPY200501C00320000,320.0,normalDay
2020-04-23,5450.0,-3592.0,0.0,100,279.08,315.0,0,0.0,0.0,,0.0,1,0.02,0.02,SPY200501C00320000,320.0,normalDay
2020-04-24,5450.0,-3202.0,0.0,100,282.97,315.0,0,0.0,0.0,,0.0,1,0.02,0.01,SPY200501C00320000,320.0,normalDay
2020-04-27,5450.0,-2794.0,0.0,100,287.05,315.0,0,0.0,0.0,,0.0,1,0.02,0.01,SPY200501C00320000,320.0,normalDay
2020-04-28,5450.0,-2926.0,0.0,100,285.73,315.0,0,0.0,0.0,,0.0,1,0.02,0.01,SPY200501C00320000,320.0,normalDay
2020-04-29,5450.0,-2178.0,0.0,100,293.21,315.0,0,0.0,0.0,,0.0,1,0.02,0.01,SPY200501C00320000,320.0,normalDay
2020-04-30,5450.0,-2451.0,0.0,100,290.48,315.0,0,0.0,0.0,,0.0,1,0.02,0.01,SPY200501C00320000,320.0,normalDay
2020-05-01,5452.0,-3221.0,2.0,100,282.79,315.0,0,0.0,0.0,,0.0,1,0.02,0.0,SPY200501C00320000,320.0,expirationDay
2020-05-04,5452.0,-3146.0,0.0,100,283.57,315.0,0,0.0,0.0,,0.0,1,0.19,0.22,SPY200515C00304000,304.0,normalDay
2020-05-05,5452.0,-2885.0,0.0,100,286.19,315.0,0,0.0,0.0,,0.0,1,0.19,0.23,SPY200515C00304000,304.0,normalDay
2020-05-06,5452.0,-3069.0,0.0,100,284.25,315.0,0,0.0,0.0,,0.0,1,0.19,0.13,SPY200515C00304000,304.0,normalDay
2020-05-07,5452.0,-2728.0,0.0,100,287.68,315.0,0,0.0,0.0,,0.0,1,0.19,0.15,SPY200515C00304000,304.0,normalDay
2020-05-08,5452.0,-2264.0,0.0,100,292.44,315.0,0,0.0,0.0,,0.0,1,0.19,0.27,SPY200515C00304000,304.0,normalDay
2020-05-11,5452.0,-2244.0,0.0,100,292.5,315.0,0,0.0,0.0,,0.0,1,0.19,0.13,SPY200515C00304000,304.0,normalDay
2020-05-12,5452.0,-2819.0,0.0,100,286.67,315.0,0,0.0,0.0,,0.0,1,0.19,0.05,SPY200515C00304000,304.0,normalDay
2020-05-13,5452.0,-3323.0,0.0,100,281.6,315.0,0,0.0,0.0,,0.0,1,0.19,0.02,SPY200515C00304000,304.0,normalDay
2020-05-14,5452.0,-2985.0,0.0,100,284.97,315.0,0,0.0,0.0,,0.0,1,0.19,0.01,SPY200515C00304000,304.0,normalDay
2020-05-15,5471.0,-2872.0,19.0,100,286.28,315.0,0,0.0,0.0,,0.0,1,0.19,0.0,SPY200515C00304000,304.0,expirationDay
2020-05-18,5471.0,-2005.0,0.0,100,295.0,315.0,0,0.0,0.0,,0.0,1,1.19,1.24,SPY200529C00304000,304.0,normalDay
2020-05-19,5471.0,-2260.0,0.0,100,291.97,315.0,0,0.0,0.0,,0.0,1,1.19,0.76,SPY200529C00304000,304.0,normalDay
2020-05-20,5471.0,-1825.0,0.0,100,296.93,315.0,0,0.0,0.0,,0.0,1,1.19,1.37,SPY200529C00304000,304.0,normalDay
2020-05-21,5471.0,-1961.0,0.0,100,294.88,315.0,0,0.0,0.0,,0.0,1,1.19,0.68,SPY200529C00304000,304.0,normalDay
2020-05-22,5471.0,-1881.0,0.0,100,295.44,315.0,0,0.0,0.0,,0.0,1,1.19,0.44,SPY200529C00304000,304.0,normalDay
2020-05-26,5471.0,-1543.0,0.0,100,299.08,315.0,0,0.0,0.0,,0.0,1,1.19,0.7,SPY200529C00304000,304.0,normalDay
2020-05-27,5471.0,-1229.0,0.0,100,303.53,315.0,0,0.0,0.0,,0.0,1,1.19,2.01,SPY200529C00304000,304.0,normalDay
2020-05-28,5471.0,-1239.0,0.0,100,302.97,315.0,0,0.0,0.0,,0.0,1,1.19,1.55,SPY200529C00304000,304.0,normalDay
2020-05-29,4490.0,-1239.0,-981.0,0,304.32,0.0,0,0.0,0.0,,0.0,1,1.19,0.0,SPY200529C00304000,304.0,expirationDay
2020-06-01,4490.0,-4.0,0.0,0,305.55,0.0,1,3.27,3.31,SPY200717P00272000,272.0,0,0.0,0.0,,0.0,normalDay
2020-06-02,4490.0,58.0,0.0,0,308.08,0.0,1,3.27,2.69,SPY200717P00272000,272.0,0,0.0,0.0,,0.0,normalDay
2020-06-03,4490.0,124.0,0.0,0,312.18,0.0,1,3.27,2.03,SPY200717P00272000,272.0,0,0.0,0.0,,0.0,normalDay
2020-06-04,4490.0,127.0,0.0,0,311.36,0.0,1,3.27,2.0,SPY200717P00272000,272.0,0,0.0,0.0,,0.0,normalDay
2020-06-05,4490.0,193.0,0.0,0,319.34,0.0,1,3.27,1.34,SPY200717P00272000,272.0,0,0.0,0.0,,0.0,normalDay
2020-06-08,4490.0,205.0,0.0,0,323.2,0.0,1,3.27,1.22,SPY200717P00272000,272.0,0,0.0,0.0,,0.0,normalDay
2020-06-09,4490.0,182.0,0.0,0,320.79,0.0,1,3.27,1.45,SPY200717P00272000,272.0,0,0.0,0.0,,0.0,normalDay
2020-06-10,4490.0,168.0,0.0,0,319.0,0.0,1,3.27,1.59,SPY200717P00272000,272.0,0,0.0,0.0,,0.0,normalDay
2020-06-11,4490.0,-216.0,0.0,0,300.61,0.0,1,3.27,5.43,SPY200717P00272000,272.0,0,0.0,0.0,,0.0,normalDay
2020-06-12,4490.0,-75.0,0.0,0,304.21,0.0,1,3.27,4.02,SPY200717P00272000,272.0,0,0.0,0.0,,0.0,normalDay
2020-06-15,4490.0,26.0,0.0,0,307.05,0.0,1,3.27,3.01,SPY200717P00272000,272.0,0,0.0,0.0,,0.0,normalDay
2020-06-16,4490.0,90.0,0.0,0,312.96,0.0,1,3.27,2.37,SPY200717P00272000,272.0,0,0.0,0.0,,0.0,normalDay
2020-06-17,4490.0,102.0,0.0,0,311.66,0.0,1,3.27,2.25,SPY200717P00272000,272.0,0,0.0,0.0,,0.0,normalDay
2020-06-18,4490.0,128.0,0.0,0,311.78,0.0,1,3.27,1.99,SPY200717P00272000,272.0,0,0.0,0.0,,0.0,normalDay
2020-06-19,4490.0,90.0,0.0,0,308.64,0.0,1,3.27,2.37,SPY200717P00272000,272.0,0,0.0,0.0,,0.0,normalDay
2020-06-22,4490.0,180.0,0.0,0,310.62,0.0,1,3.27,1.47,SPY200717P00272000,272.0,0,0.0,0.0,,0.0,normalDay
2020-06-23,4490.0,196.0,0.0,0,312.05,0.0,1,3.27,1.31,SPY200717P00272000,272.0,0,0.0,0.0,,0.0,normalDay
2020-06-24,4490.0,139.0,0.0,0,304.09,0.0,1,3.27,1.88,SPY200717P00272000,272.0,0,0.0,0.0,,0.0,normalDay
2020-06-25,4490.0,198.0,0.0,0,307.35,0.0,1,3.27,1.29,SPY200717P00272000,272.0,0,0.0,0.0,,0.0,normalDay
2020-06-26,4490.0,129.0,0.0,0,300.05,0.0,1,3.27,1.98,SPY200717P00272000,272.0,0,0.0,0.0,,0.0,normalDay
2020-06-29,4490.0,213.0,0.0,0,304.46,0.0,1,3.27,1.14,SPY200717P00272000,272.0,0,0.0,0.0,,0.0,normalDay
2020-06-30,4490.0,251.0,0.0,0,308.36,0.0,1,3.27,0.76,SPY200717P00272000,272.0,0,0.0,0.0,,0.0,normalDay
2020-07-01,4490.0,277.0,0.0,0,310.52,0.0,1,3.27,0.5,SPY200717P00272000,272.0,0,0.0,0.0,,0.0,normalDay
2020-07-02,4490.0,290.0,0.0,0,312.23,0.0,1,3.27,0.37,SPY200717P00272000,272.0,0,0.0,0.0,,0.0,normalDay
2020-07-06,4490.0,307.0,0.0,0,317.05,0.0,1,3.27,0.2,SPY200717P00272000,272.0,0,0.0,0.0,,0.0,normalDay
2020-07-07,4490.0,305.0,0.0,0,313.78,0.0,1,3.27,0.22,SPY200717P00272000,272.0,0,0.0,0.0,,0.0,normalDay
2020-07-08,4490.0,315.0,0.0,0,316.18,0.0,1,3.27,0.12,SPY200717P00272000,272.0,0,0.0,0.0,,0.0,normalDay
2020-07-09,4490.0,315.0,0.0,0,314.38,0.0,1,3.27,0.12,SPY200717P00272000,272.0,0,0.0,0.0,,0.0,normalDay
2020-07-10,4490.0,323.0,0.0,0,317.59,0.0,1,3.27,0.04,SPY200717P00272000,272.0,0,0.0,0.0,,0.0,normalDay
2020-07-13,4490.0,321.0,0.0,0,314.84,0.0,1,3.27,0.06,SPY200717P00272000,272.0,0,0.0,0.0,,0.0,normalDay
2020-07-14,4490.0,325.0,0.0,0,318.92,0.0,1,3.27,0.02,SPY200717P00272000,272.0,0,0.0,0.0,,0.0,normalDay
2020-07-15,4490.0,326.0,0.0,0,321.85,0.0,1,3.27,0.01,SPY200717P00272000,272.0,0,0.0,0.0,,0.0,normalDay
2020-07-16,4490.0,326.0,0.0,0,320.79,0.0,1,3.27,0.01,SPY200717P00272000,272.0,0,0.0,0.0,,0.0,normalDay
2020-07-17,4817.0,0.0,327.0,0,321.72,0.0,1,3.27,0.0,SPY200717P00272000,272.0,0,0.0,0.0,,0.0,expirationDay
2020-07-20,4817.0,-4.0,0.0,0,324.32,0.0,1,2.48,2.52,SPY200828P00295000,295.0,0,0.0,0.0,,0.0,normalDay
2020-07-21,4817.0,-2.0,0.0,0,325.01,0.0,1,2.48,2.5,SPY200828P00295000,295.0,0,0.0,0.0,,0.0,normalDay
2020-07-22,4817.0,28.0,0.0,0,326.86,0.0,1,2.48,2.2,SPY200828P00295000,295.0,0,0.0,0.0,,0.0,normalDay
2020-07-23,4817.0,-39.0,0.0,0,322.96,0.0,1,2.48,2.87,SPY200828P00295000,295.0,0,0.0,0.0,,0.0,normalDay
2020-07-24,4817.0,-28.0,0.0,0,320.88,0.0,1,2.48,2.76,SPY200828P00295000,295.0,0,0.0,0.0,,0.0,normalDay
2020-07-27,4817.0,36.0,0.0,0,323.22,0.0,1,2.48,2.12,SPY200828P00295000,295.0,0,0.0,0.0,,0.0,normalDay
2020-07-28,4817.0,15.0,0.0,0,321.17,0.0,1,2.48,2.33,SPY200828P00295000,295.0,0,0.0,0.0,,0.0,normalDay
2020-07-29,4817.0,81.0,0.0,0,325.12,0.0,1,2.48,1.67,SPY200828P00295000,295.0,0,0.0,0.0,,0.0,normalDay
2020-07-30,4817.0,70.0,0.0,0,323.96,0.0,1,2.48,1.78,SPY200828P00295000,295.0,0,0.0,0.0,,0.0,normalDay
2020-07-31,4817.0,115.0,0.0,0,326.52,0.0,1,2.48,1.33,SPY200828P00295000,295.0,0,0.0,0.0,,0.0,normalDay
2020-08-03,4817.0,143.0,0.0,0,328.79,0.0,1,2.48,1.05,SPY200828P00295000,295.0,0,0.0,0.0,,0.0,normalDay
2020-08-04,4817.0,162.0,0.0,0,330.06,0.0,1,2.48,0.86,SPY200828P00295000,295.0,0,0.0,0.0,,0.0,normalDay
2020-08-05,4817.0,180.0,0.0,0,332.11,0.0,1,2.48,0.68,SPY200828P00295000,295.0,0,0.0,0.0,,0.0,normalDay
2020-08-06,4817.0,188.0,0.0,0,334.33,0.0,1,2.48,0.6,SPY200828P00295000,295.0,0,0.0,0.0,,0.0,normalDay
2020-08-07,4817.0,197.0,0.0,0,334.57,0.0,1,2.48,0.51,SPY200828P00295000,295.0,0,0.0,0.0,,0.0,normalDay
2020-08-10,4817.0,208.0,0.0,0,335.57,0.0,1,2.48,0.4,SPY200828P00295000,295.0,0,0.0,0.0,,0.0,normalDay
2020-08-11,4817.0,190.0,0.0,0,332.8,0.0,1,2.48,0.58,SPY200828P00295000,295.0,0,0.0,0.0,,0.0,normalDay
2020-08-12,4817.0,217.0,0.0,0,337.44,0.0,1,2.48,0.31,SPY200828P00295000,295.0,0,0.0,0.0,,0.0,normalDay
2020-08-13,4817.0,219.0,0.0,0,336.83,0.0,1,2.48,0.29,SPY200828P00295000,295.0,0,0.0,0.0,,0.0,normalDay
2020-08-14,4817.0,227.0,0.0,0,336.84,0.0,1,2.48,0.21,SPY200828P00295000,295.0,0,0.0,0.0,,0.0,normalDay
2020-08-17,4817.0,236.0,0.0,0,337.91,0.0,1,2.48,0.12,SPY200828P00295000,295.0,0,0.0,0.0,,0.0,normalDay
2020-08-18,4817.0,237.0,0.0,0,338.64,0.0,1,2.48,0.11,SPY200828P00295000,295.0,0,0.0,0.0,,0.0,normalDay
2020-08-19,4817.0,236.0,0.0,0,337.23,0.0,1,2.48,0.12,SPY200828P00295000,295.0,0,0.0,0.0,,0.0,normalDay
2020-08-20,4817.0,238.0,0.0,0,338.28,0.0,1,2.48,0.1,SPY200828P00295000,295.0,0,0.0,0.0,,0.0,normalDay
2020-08-21,4817.0,242.0,0.0,0,339.48,0.0,1,2.48,0.06,SPY200828P00295000,295.0,0,0.0,0.0,,0.0,normalDay
2020-08-24,4817.0,245.0,0.0,0,342.92,0.0,1,2.48,0.03,SPY200828P00295000,295.0,0,0.0,0.0,,0.0,normalDay
2020-08-25,4817.0,246.0,0.0,0,344.12,0.0,1,2.48,0.02,SPY200828P00295000,295.0,0,0.0,0.0,,0.0,normalDay
2020-08-26,4817.0,246.0,0.0,0,347.57,0.0,1,2.48,0.02,SPY200828P00295000,295.0,0,0.0,0.0,,0.0,normalDay
2020-08-27,4817.0,247.0,0.0,0,348.33,0.0,1,2.48,0.01,SPY200828P00295000,295.0,0,0.0,0.0,,0.0,normalDay
2020-08-28,5065.0,0.0,248.0,0,350.58,0.0,1,2.48,0.0,SPY200828P00295000,295.0,0,0.0,0.0,,0.0,expirationDay
2020-08-31,5065.0,-5.0,0.0,0,349.31,0.0,1,4.28,4.33,SPY201016P00323000,323.0,0,0.0,0.0,,0.0,normalDay
2020-09-01,5065.0,33.0,0.0,0,352.6,0.0,1,4.28,3.95,SPY201016P00323000,323.0,0,0.0,0.0,,0.0,normalDay
2020-09-02,5065.0,98.0,0.0,0,357.7,0.0,1,4.28,3.3,SPY201016P00323000,323.0,0,0.0,0.0,,0.0,normalDay
2020-09-03,5065.0,-189.0,0.0,0,345.39,0.0,1,4.28,6.17,SPY201016P00323000,323.0,0,0.0,0.0,,0.0,normalDay
2020-09-04,5065.0,-182.0,0.0,0,342.57,0.0,1,4.28,6.1,SPY201016P00323000,323.0,0,0.0,0.0,,0.0,normalDay
2020-09-08,5065.0,-362.0,0.0,0,333.21,0.0,1,4.28,7.9,SPY201016P00323000,323.0,0,0.0,0.0,,0.0,normalDay
2020-09-09,5065.0,-138.0,0.0,0,339.79,0.0,1,4.28,5.66,SPY201016P00323000,323.0,0,0.0,0.0,,0.0,normalDay
2020-09-10,5065.0,-272.0,0.0,0,333.89,0.0,1,4.28,7.0,SPY201016P00323000,323.0,0,0.0,0.0,,0.0,normalDay
2020-09-11,5065.0,-222.0,0.0,0,334.06,0.0,1,4.28,6.5,SPY201016P00323000,323.0,0,0.0,0.0,,0.0,normalDay
2020-09-14,5065.0,-18.0,0.0,0,338.46,0.0,1,4.28,4.46,SPY201016P00323000,323.0,0,0.0,0.0,,0.0,normalDay
2020-09-15,5065.0,31.0,0.0,0,340.17,0.0,1,4.28,3.97,SPY201016P00323000,323.0,0,0.0,0.0,,0.0,normalDay
2020-09-16,5065.0,2.0,0.0,0,338.82,0.0,1,4.28,4.26,SPY201016P00323000,323.0,0,0.0,0.0,,0.0,normalDay
2020-09-17,5065.0,-40.0,0.0,0,335.84,0.0,1,4.28,4.68,SPY201016P00323000,323.0,0,0.0,0.0,,0.0,normalDay
2020-09-18,5065.0,-112.0,0.0,0,330.65,0.0,1,4.28,5.4,SPY201016P00323000,323.0,0,0.0,0.0,,0.0,normalDay
2020-09-21,5065.0,-221.0,0.0,0,326.97,0.0,1,4.28,6.49,SPY201016P00323000,323.0,0,0.0,0.0,,0.0,normalDay
2020-09-22,5065.0,-101.0,0.0,0,330.3,0.0,1,4.28,5.29,SPY201016P00323000,323.0,0,0.0,0.0,,0.0,normalDay
2020-09-23,5065.0,-395.0,0.0,0,322.64,0.0,1,4.28,8.23,SPY201016P00323000,323.0,0,0.0,0.0,,0.0,normalDay
2020-09-24,5065.0,-318.0,0.0,0,323.5,0.0,1,4.28,7.46,SPY201016P00323000,323.0,0,0.0,0.0,,0.0,normalDay
2020-09-25,5065.0,-76.0,0.0,0,328.73,0.0,1,4.28,5.04,SPY201016P00323000,323.0,0,0.0,0.0,,0.0,normalDay
2020-09-28,5065.0,105.0,0.0,0,334.19,0.0,1,4.28,3.23,SPY201016P00323000,323.0,0,0.0,0.0,,0.0,normalDay
2020-09-29,5065.0,75.0,0.0,0,332.37,0.0,1,4.28,3.53,SPY201016P00323000,323.0,0,0.0,0.0,,0.0,normalDay
2020-09-30,5065.0,107.0,0.0,0,334.89,0.0,1,4.28,3.21,SPY201016P00323000,323.0,0,0.0,0.0,,0.0,normalDay
2020-10-01,5065.0,189.0,0.0,0,337.04,0.0,1,4.28,2.39,SPY201016P00323000,323.0,0,0.0,0.0,,0.0,normalDay
2020-10-02,5065.0,146.0,0.0,0,333.84,0.0,1,4.28,2.82,SPY201016P00323000,323.0,0,0.0,0.0,,0.0,normalDay
2020-10-05,5065.0,305.0,0.0,0,339.76,0.0,1,4.28,1.23,SPY201016P00323000,323.0,0,0.0,0.0,,0.0,normalDay
2020-10-06,5065.0,239.0,0.0,0,334.93,0.0,1,4.28,1.89,SPY201016P00323000,323.0,0,0.0,0.0,,0.0,normalDay
2020-10-07,5065.0,357.0,0.0,0,340.76,0.0,1,4.28,0.71,SPY201016P00323000,323.0,0,0.0,0.0,,0.0,normalDay
2020-10-08,5065.0,395.0,0.0,0,343.78,0.0,1,4.28,0.33,SPY201016P00323000,323.0,0,0.0,0.0,,0.0,normalDay
2020-10-09,5065.0,414.0,0.0,0,346.85,0.0,1,4.28,0.14,SPY201016P00323000,323.0,0,0.0,0.0,,0.0,normalDay
2020-10-12,5065.0,420.0,0.0,0,352.43,0.0,1,4.28,0.08,SPY201016P00323000,323.0,0,0.0,0.0,,0.0,normalDay
2020-10-13,5065.0,423.0,0.0,0,350.13,0.0,1,4.28,0.05,SPY201016P00323000,323.0,0,0.0,0.0,,0.0,normalDay
2020-10-14,5065.0,423.0,0.0,0,347.93,0.0,1,4.28,0.05,SPY201016P00323000,323.0,0,0.0,0.0,,0.0,normalDay
2020-10-15,5065.0,426.0,0.0,0,347.5,0.0,1,4.28,0.02,SPY201016P00323000,323.0,0,0.0,0.0,,0.0,normalDay
2020-10-16,5493.0,0.0,428.0,0,347.29,0.0,1,4.28,0.0,SPY201016P00323000,323.0,0,0.0,0.0,,0.0,expirationDay
2020-10-19,5493.0,-7.0,0.0,0,342.01,0.0,1,4.12,4.19,SPY201127P00315000,315.0,0,0.0,0.0,,0.0,normalDay
2020-10-20,5493.0,7.0,0.0,0,343.38,0.0,1,4.12,4.05,SPY201127P00315000,315.0,0,0.0,0.0,,0.0,normalDay
2020-10-21,5493.0,44.0,0.0,0,342.73,0.0,1,4.12,3.68,SPY201127P00315000,315.0,0,0.0,0.0,,0.0,normalDay
2020-10-22,5493.0,81.0,0.0,0,344.61,0.0,1,4.12,3.31,SPY201127P00315000,315.0,0,0.0,0.0,,0.0,normalDay
2020-10-23,5493.0,110.0,0.0,0,345.78,0.0,1,4.12,3.02,SPY201127P00315000,315.0,0,0.0,0.0,,0.0,normalDay
2020-10-26,5493.0,-50.0,0.0,0,339.39,0.0,1,4.12,4.62,SPY201127P00315000,315.0,0,0.0,0.0,,0.0,normalDay
2020-10-27,5493.0,-73.0,0.0,0,338.22,0.0,1,4.12,4.85,SPY201127P00315000,315.0,0,0.0,0.0,,0.0,normalDay
2020-10-28,5493.0,-518.0,0.0,0,326.66,0.0,1,4.12,9.3,SPY201127P00315000,315.0,0,0.0,0.0,,0.0,normalDay
2020-10-29,5493.0,-288.0,0.0,0,329.98,0.0,1,4.12,7.0,SPY201127P00315000,315.0,0,0.0,0.0,,0.0,normalDay
2020-10-30,5493.0,-384.0,0.0,0,326.54,0.0,1,4.12,7.96,SPY201127P00315000,315.0,0,0.0,0.0,,0.0,normalDay
2020-11-02,5493.0,-213.0,0.0,0,330.2,0.0,1,4.12,6.25,SPY201127P00315000,315.0,0,0.0,0.0,,0.0,normalDay
2020-11-03,5493.0,-63.0,0.0,0,336.03,0.0,1,4.12,4.75,SPY201127P00315000,315.0,0,0.0,0.0,,0.0,normalDay
2020-11-04,5493.0,182.0,0.0,0,343.54,0.0,1,4.12,2.3,SPY201127P00315000,315.0,0,0.0,0.0,,0.0,normalDay
2020-11-05,5493.0,267.0,0.0,0,350.24,0.0,1,4.12,1.45,SPY201127P00315000,315.0,0,0.0,0.0,,0.0,normalDay
2020-11-06,5493.0,319.0,0.0,0,350.16,0.0,1,4.12,0.93,SPY201127P00315000,315.0,0,0.0,0.0,,0.0,normalDay
2020-11-09,5493.0,345.0,0.0,0,354.56,0.0,1,4.12,0.67,SPY201127P00315000,315.0,0,0.0,0.0,,0.0,normalDay
2020-11-10,5493.0,357.0,0.0,0,354.04,0.0,1,4.12,0.55,SPY201127P00315000,315.0,0,0.0,0.0,,0.0,normalDay
2020-11-11,5493.0,374.0,0.0,0,356.67,0.0,1,4.12,0.38,SPY201127P00315000,315.0,0,0.0,0.0,,0.0,normalDay
2020-11-12,5493.0,360.0,0.0,0,353.21,0.0,1,4.12,0.52,SPY201127P00315000,315.0,0,0.0,0.0,,0.0,normalDay
2020-11-13,5493.0,384.0,0.0,0,358.1,0.0,1,4.12,0.28,SPY201127P00315000,315.0,0,0.0,0.0,,0.0,normalDay
2020-11-16,5493.0,399.0,0.0,0,362.57,0.0,1,4.12,0.13,SPY201127P00315000,315.0,0,0.0,0.0,,0.0,normalDay
2020-11-17,5493.0,403.0,0.0,0,360.62,0.0,1,4.12,0.09,SPY201127P00315000,315.0,0,0.0,0.0,,0.0,normalDay
2020-11-18,5493.0,401.0,0.0,0,356.28,0.0,1,4.12,0.11,SPY201127P00315000,315.0,0,0.0,0.0,,0.0,normalDay
2020-11-19,5493.0,403.0,0.0,0,357.78,0.0,1,4.12,0.09,SPY201127P00315000,315.0,0,0.0,0.0,,0.0,normalDay
2020-11-20,5493.0,407.0,0.0,0,355.33,0.0,1,4.12,0.05,SPY201127P00315000,315.0,0,0.0,0.0,,0.0,normalDay
2020-11-23,5493.0,410.0,0.0,0,357.46,0.0,1,4.12,0.02,SPY201127P00315000,315.0,0,0.0,0.0,,0.0,normalDay
2020-11-24,5493.0,411.0,0.0,0,363.22,0.0,1,4.12,0.01,SPY201127P00315000,315.0,0,0.0,0.0,,0.0,normalDay
2020-11-25,5493.0,411.0,0.0,0,362.66,0.0,1,4.12,0.01,SPY201127P00315000,315.0,0,0.0,0.0,,0.0,normalDay
2020-11-27,5905.0,0.0,412.0,0,363.67,0.0,1,4.12,0.0,SPY201127P00315000,315.0,0,0.0,0.0,,0.0,expirationDay
2020-11-30,5905.0,-3.0,0.0,0,362.06,0.0,1,2.58,2.61,SPY210115P00329000,329.0,0,0.0,0.0,,0.0,normalDay
2020-12-01,5905.0,23.0,0.0,0,366.02,0.0,1,2.58,2.35,SPY210115P00329000,329.0,0,0.0,0.0,,0.0,normalDay
2020-12-02,5905.0,34.0,0.0,0,366.79,0.0,1,2.58,2.24,SPY210115P00329000,329.0,0,0.0,0.0,,0.0,normalDay
2020-12-03,5905.0,32.0,0.0,0,366.69,0.0,1,2.58,2.26,SPY210115P00329000,329.0,0,0.0,0.0,,0.0,normalDay
2020-12-04,5905.0,78.0,0.0,0,369.85,0.0,1,2.58,1.8,SPY210115P00329000,329.0,0,0.0,0.0,,0.0,normalDay
2020-12-07,5905.0,85.0,0.0,0,369.09,0.0,1,2.58,1.73,SPY210115P00329000,329.0,0,0.0,0.0,,0.0,normalDay
2020-12-08,5905.0,118.0,0.0,0,370.17,0.0,1,2.58,1.4,SPY210115P00329000,329.0,0,0.0,0.0,,0.0,normalDay
2020-12-09,5905.0,81.0,0.0,0,366.85,0.0,1,2.58,1.77,SPY210115P00329000,329.0,0,0.0,0.0,,0.0,normalDay
2020-12-10,5905.0,87.0,0.0,0,366.73,0.0,1,2.58,1.71,SPY210115P00329000,329.0,0,0.0,0.0,,0.0,normalDay
2020-12-11,5905.0,73.0,0.0,0,366.3,0.0,1,2.58,1.85,SPY210115P00329000,329.0,0,0.0,0.0,,0.0,normalDay
2020-12-14,5905.0,58.0,0.0,0,364.66,0.0,1,2.58,2.0,SPY210115P00329000,329.0,0,0.0,0.0,,0.0,normalDay
2020-12-15,5905.0,112.0,0.0,0,369.59,0.0,1,2.58,1.46,SPY210115P00329000,329.0,0,0.0,0.0,,0.0,normalDay
2020-12-16,5905.0,133.0,0.0,0,370.17,0.0,1,2.58,1.25,SPY210115P00329000,329.0,0,0.0,0.0,,0.0,normalDay
2020-12-17,5905.0,156.0,0.0,0,372.24,0.0,1,2.58,1.02,SPY210115P00329000,329.0,0,0.0,0.0,,0.0,normalDay
2020-12-18,5905.0,162.0,0.0,0,369.18,0.0,1,2.58,0.96,SPY210115P00329000,329.0,0,0.0,0.0,,0.0,normalDay
2020-12-21,5905.0,124.0,0.0,0,367.86,0.0,1,2.58,1.34,SPY210115P00329000,329.0,0,0.0,0.0,,0.0,normalDay
2020-12-22,5905.0,139.0,0.0,0,367.24,0.0,1,2.58,1.19,SPY210115P00329000,329.0,0,0.0,0.0,,0.0,normalDay
2020-12-23,5905.0,157.0,0.0,0,367.57,0.0,1,2.58,1.01,SPY210115P00329000,329.0,0,0.0,0.0,,0.0,normalDay
2020-12-24,5905.0,184.0,0.0,0,369.0,0.0,1,2.58,0.74,SPY210115P00329000,329.0,0,0.0,0.0,,0.0,normalDay
2020-12-28,5905.0,209.0,0.0,0,372.17,0.0,1,2.58,0.49,SPY210115P00329000,329.0,0,0.0,0.0,,0.0,normalDay
2020-12-29,5905.0,203.0,0.0,0,371.46,0.0,1,2.58,0.55,SPY210115P00329000,329.0,0,0.0,0.0,,0.0,normalDay
2020-12-30,5905.0,210.0,0.0,0,371.99,0.0,1,2.58,0.48,SPY210115P00329000,329.0,0,0.0,0.0,,0.0,normalDay
2020-12-31,5905.0,218.0,0.0,0,373.88,0.0,1,2.58,0.4,SPY210115P00329000,329.0,0,0.0,0.0,,0.0,normalDay
2021-01-04,5905.0,207.0,0.0,0,368.79,0.0,1,2.58,0.51,SPY210115P00329000,329.0,0,0.0,0.0,,0.0,normalDay
2021-01-05,5905.0,224.0,0.0,0,371.33,0.0,1,2.58,0.34,SPY210115P00329000,329.0,0,0.0,0.0,,0.0,normalDay
2021-01-06,5905.0,223.0,0.0,0,373.55,0.0,1,2.58,0.35,SPY210115P00329000,329.0,0,0.0,0.0,,0.0,normalDay
2021-01-07,5905.0,243.0,0.0,0,379.1,0.0,1,2.58,0.15,SPY210115P00329000,329.0,0,0.0,0.0,,0.0,normalDay
2021-01-08,5905.0,251.0,0.0,0,381.26,0.0,1,2.58,0.07,SPY210115P00329000,329.0,0,0.0,0.0,,0.0,normalDay
2021-01-11,5905.0,252.0,0.0,0,378.69,0.0,1,2.58,0.06,SPY210115P00329000,329.0,0,0.0,0.0,,0.0,normalDay
2021-01-12,5905.0,254.0,0.0,0,378.77,0.0,1,2.58,0.04,SPY210115P00329000,329.0,0,0.0,0.0,,0.0,normalDay
2021-01-13,5905.0,256.0,0.0,0,379.79,0.0,1,2.58,0.02,SPY210115P00329000,329.0,0,0.0,0.0,,0.0,normalDay
2021-01-14,5905.0,257.0,0.0,0,378.46,0.0,1,2.58,0.01,SPY210115P00329000,329.0,0,0.0,0.0,,0.0,normalDay
2021-01-15,6163.0,0.0,258.0,0,375.7,0.0,1,2.58,0.0,SPY210115P00329000,329.0,0,0.0,0.0,,0.0,expirationDay
2021-01-19,6163.0,-6.0,0.0,0,378.65,0.0,1,4.46,4.52,SPY210226P00360000,360.0,0,0.0,0.0,,0.0,normalDay
2021-01-20,6163.0,117.0,0.0,0,383.89,0.0,1,4.46,3.29,SPY210226P00360000,360.0,0,0.0,0.0,,0.0,normalDay
2021-01-21,6163.0,137.0,0.0,0,384.24,0.0,1,4.46,3.09,SPY210226P00360000,360.0,0,0.0,0.0,,0.0,normalDay
2021-01-22,6163.0,121.0,0.0,0,382.88,0.0,1,4.46,3.25,SPY210226P00360000,360.0,0,0.0,0.0,,0.0,normalDay
2021-01-25,6163.0,139.0,0.0,0,384.39,0.0,1,4.46,3.07,SPY210226P00360000,360.0,0,0.0,0.0,,0.0,normalDay
2021-01-26,6163.0,153.0,0.0,0,383.79,0.0,1,4.46,2.93,SPY210226P00360000,360.0,0,0.0,0.0,,0.0,normalDay
2021-01-27,6163.0,-266.0,0.0,0,374.41,0.0,1,4.46,7.12,SPY210226P00360000,360.0,0,0.0,0.0,,0.0,normalDay
2021-01-28,6163.0,-80.0,0.0,0,377.63,0.0,1,4.46,5.26,SPY210226P00360000,360.0,0,0.0,0.0,,0.0,normalDay
2021-01-29,6163.0,-392.0,0.0,0,370.07,0.0,1,4.46,8.38,SPY210226P00360000,360.0,0,0.0,0.0,,0.0,normalDay
2021-02-01,6163.0,-70.0,0.0,0,376.23,0.0,1,4.46,5.16,SPY210226P00360000,360.0,0,0.0,0.0,,0.0,normalDay
2021-02-02,6163.0,160.0,0.0,0,381.55,0.0,1,4.46,2.86,SPY210226P00360000,360.0,0,0.0,0.0,,0.0,normalDay
2021-02-03,6163.0,221.0,0.0,0,381.85,0.0,1,4.46,2.25,SPY210226P00360000,360.0,0,0.0,0.0,,0.0,normalDay
2021-02-04,6163.0,294.0,0.0,0,386.19,0.0,1,4.46,1.52,SPY210226P00360000,360.0,0,0.0,0.0,,0.0,normalDay
2021-02-05,6163.0,330.0,0.0,0,387.71,0.0,1,4.46,1.16,SPY210226P00360000,360.0,0,0.0,0.0,,0.0,normalDay
2021-02-08,6163.0,362.0,0.0,0,390.51,0.0,1,4.46,0.84,SPY210226P00360000,360.0,0,0.0,0.0,,0.0,normalDay
2021-02-09,6163.0,367.0,0.0,0,390.25,0.0,1,4.46,0.79,SPY210226P00360000,360.0,0,0.0,0.0,,0.0,normalDay
2021-02-10,6163.0,364.0,0.0,0,390.08,0.0,1,4.46,0.82,SPY210226P00360000,360.0,0,0.0,0.0,,0.0,normalDay
2021-02-11,6163.0,381.0,0.0,0,390.71,0.0,1,4.46,0.65,SPY210226P00360000,360.0,0,0.0,0.0,,0.0,normalDay
2021-02-12,6163.0,410.0,0.0,0,392.64,0.0,1,4.46,0.36,SPY210226P00360000,360.0,0,0.0,0.0,,0.0,normalDay
2021-02-16,6163.0,411.0,0.0,0,392.3,0.0,1,4.46,0.35,SPY210226P00360000,360.0,0,0.0,0.0,,0.0,normalDay
2021-02-17,6163.0,420.0,0.0,0,392.39,0.0,1,4.46,0.26,SPY210226P00360000,360.0,0,0.0,0.0,,0.0,normalDay
2021-02-18,6163.0,418.0,0.0,0,390.72,0.0,1,4.46,0.28,SPY210226P00360000,360.0,0,0.0,0.0,,0.0,normalDay
2021-02-19,6163.0,432.0,0.0,0,390.03,0.0,1,4.46,0.14,SPY210226P00360000,360.0,0,0.0,0.0,,0.0,normalDay
2021-02-22,6163.0,434.0,0.0,0,387.03,0.0,1,4.46,0.12,SPY210226P00360000,360.0,0,0.0,0.0,,0.0,normalDay
2021-02-23,6163.0,440.0,0.0,0,387.5,0.0,1,4.46,0.06,SPY210226P00360000,360.0,0,0.0,0.0,,0.0,normalDay
2021-02-24,6163.0,444.0,0.0,0,391.77,0.0,1,4.46,0.02,SPY210226P00360000,360.0,0,0.0,0.0,,0.0,normalDay
2021-02-25,6163.0,439.0,0.0,0,382.33,0.0,1,4.46,0.07,SPY210226P00360000,360.0,0,0.0,0.0,,0.0,normalDay
2021-02-26,6609.0,0.0,446.0,0,380.36,0.0,1,4.46,0.0,SPY210226P00360000,360.0,0,0.0,0.0,,0.0,expirationDay
2021-03-01,6609.0,-5.0,0.0,0,389.58,0.0,1,6.15,6.2,SPY210416P00374000,374.0,0,0.0,0.0,,0.0,normalDay
2021-03-02,6609.0,-103.0,0.0,0,386.54,0.0,1,6.15,7.18,SPY210416P00374000,374.0,0,0.0,0.0,,0.0,normalDay
2021-03-03,6609.0,-287.0,0.0,0,381.42,0.0,1,6.15,9.02,SPY210416P00374000,374.0,0,0.0,0.0,,0.0,normalDay
2021-03-04,6609.0,-483.0,0.0,0,376.7,0.0,1,6.15,10.98,SPY210416P00374000,374.0,0,0.0,0.0,,0.0,normalDay
2021-03-05,6609.0,-145.0,0.0,0,383.63,0.0,1,6.15,7.6,SPY210416P00374000,374.0,0,0.0,0.0,,0.0,normalDay
2021-03-08,6609.0,-189.0,0.0,0,381.72,0.0,1,6.15,8.04,SPY210416P00374000,374.0,0,0.0,0.0,,0.0,normalDay
2021-03-09,6609.0,7.0,0.0,0,387.17,0.0,1,6.15,6.08,SPY210416P00374000,374.0,0,0.0,0.0,,0.0,normalDay
2021-03-10,6609.0,122.0,0.0,0,389.58,0.0,1,6.15,4.93,SPY210416P00374000,374.0,0,0.0,0.0,,0.0,normalDay
2021-03-11,6609.0,212.0,0.0,0,393.53,0.0,1,6.15,4.03,SPY210416P00374000,374.0,0,0.0,0.0,,0.0,normalDay
2021-03-12,6609.0,275.0,0.0,0,394.06,0.0,1,6.15,3.4,SPY210416P00374000,374.0,0,0.0,0.0,,0.0,normalDay
2021-03-15,6609.0,352.0,0.0,0,396.41,0.0,1,6.15,2.63,SPY210416P00374000,374.0,0,0.0,0.0,,0.0,normalDay
2021-03-16,6609.0,351.0,0.0,0,395.91,0.0,1,6.15,2.64,SPY210416P00374000,374.0,0,0.0,0.0,,0.0,normalDay
2021-03-17,6609.0,393.0,0.0,0,397.26,0.0,1,6.15,2.22,SPY210416P00374000,374.0,0,0.0,0.0,,0.0,normalDay
2021-03-18,6609.0,300.0,0.0,0,391.48,0.0,1,6.15,3.15,SPY210416P00374000,374.0,0,0.0,0.0,,0.0,normalDay
2021-03-19,6609.0,291.0,0.0,0,389.48,0.0,1,6.15,3.24,SPY210416P00374000,374.0,0,0.0,0.0,,0.0,normalDay
2021-03-22,6609.0,418.0,0.0,0,392.59,0.0,1,6.15,1.97,SPY210416P00374000,374.0,0,0.0,0.0,,0.0,normalDay
2021-03-23,6609.0,352.0,0.0,0,389.5,0.0,1,6.15,2.63,SPY210416P00374000,374.0,0,0.0,0.0,,0.0,normalDay
2021-03-24,6609.0,316.0,0.0,0,387.52,0.0,1,6.15,2.99,SPY210416P00374000,374.0,0,0.0,0.0,,0.0,normalDay
2021-03-25,6609.0,391.0,0.0,0,389.7,0.0,1,6.15,2.24,SPY210416P00374000,374.0,0,0.0,0.0,,0.0,normalDay
2021-03-26,6609.0,474.0,0.0,0,395.98,0.0,1,6.15,1.41,SPY210416P00374000,374.0,0,0.0,0.0,,0.0,normalDay
2021-03-29,6609.0,463.0,0.0,0,395.78,0.0,1,6.15,1.52,SPY210416P00374000,374.0,0,0.0,0.0,,0.0,normalDay
2021-03-30,6609.0,484.0,0.0,0,394.73,0.0,1,6.15,1.31,SPY210416P00374000,374.0,0,0.0,0.0,,0.0,normalDay
2021-03-31,6609.0,519.0,0.0,0,396.33,0.0,1,6.15,0.96,SPY210416P00374000,374.0,0,0.0,0.0,,0.0,normalDay
2021-04-01,6609.0,569.0,0.0,0,400.61,0.0,1,6.15,0.46,SPY210416P00374000,374.0,0,0.0,0.0,,0.0,normalDay
2021-04-05,6609.0,589.0,0.0,0,406.36,0.0,1,6.15,0.26,SPY210416P00374000,374.0,0,0.0,0.0,,0.0,normalDay
2021-04-06,6609.0,591.0,0.0,0,406.12,0.0,1,6.15,0.24,SPY210416P00374000,374.0,0,0.0,0.0,,0.0,normalDay
2021-04-07,6609.0,601.0,0.0,0,406.59,0.0,1,6.15,0.14,SPY210416P00374000,374.0,0,0.0,0.0,,0.0,normalDay
2021-04-08,6609.0,604.0,0.0,0,408.52,0.0,1,6.15,0.11,SPY210416P00374000,374.0,0,0.0,0.0,,0.0,normalDay
2021-04-09,6609.0,610.0,0.0,0,411.49,0.0,1,6.15,0.05,SPY210416P00374000,374.0,0,0.0,0.0,,0.0,normalDay
2021-04-12,6609.0,612.0,0.0,0,411.64,0.0,1,6.15,0.03,SPY210416P00374000,374.0,0,0.0,0.0,,0.0,normalDay
2021-04-13,6609.0,613.0,0.0,0,412.86,0.0,1,6.15,0.02,SPY210416P00374000,374.0,0,0.0,0.0,,0.0,normalDay
2021-04-14,6609.0,613.0,0.0,0,411.45,0.0,1,6.15,0.02,SPY210416P00374000,374.0,0,0.0,0.0,,0.0,normalDay
2021-04-15,6609.0,614.0,0.0,0,415.87,0.0,1,6.15,0.01,SPY210416P00374000,374.0,0,0.0,0.0,,0.0,normalDay
2021-04-16,7224.0,0.0,615.0,0,417.26,0.0,1,6.15,0.0,SPY210416P00374000,374.0,0,0.0,0.0,,0.0,expirationDay
2021-04-19,7224.0,-4.0,0.0,0,415.21,0.0,1,1.46,1.5,SPY210528P00376000,376.0,0,0.0,0.0,,0.0,normalDay
2021-04-20,7224.0,-45.0,0.0,0,412.17,0.0,1,1.46,1.91,SPY210528P00376000,376.0,0,0.0,0.0,,0.0,normalDay
2021-04-21,7224.0,10.0,0.0,0,416.07,0.0,1,1.46,1.36,SPY210528P00376000,376.0,0,0.0,0.0,,0.0,normalDay
2021-04-22,7224.0,-30.0,0.0,0,412.27,0.0,1,1.46,1.76,SPY210528P00376000,376.0,0,0.0,0.0,,0.0,normalDay
2021-04-23,7224.0,29.0,0.0,0,416.74,0.0,1,1.46,1.17,SPY210528P00376000,376.0,0,0.0,0.0,,0.0,normalDay
2021-04-26,7224.0,45.0,0.0,0,417.61,0.0,1,1.46,1.01,SPY210528P00376000,376.0,0,0.0,0.0,,0.0,normalDay
2021-04-27,7224.0,50.0,0.0,0,417.52,0.0,1,1.46,0.96,SPY210528P00376000,376.0,0,0.0,0.0,,0.0,normalDay
2021-04-28,7224.0,62.0,0.0,0,417.4,0.0,1,1.46,0.84,SPY210528P00376000,376.0,0,0.0,0.0,,0.0,normalDay
2021-04-29,7224.0,67.0,0.0,0,420.06,0.0,1,1.46,0.79,SPY210528P00376000,376.0,0,0.0,0.0,,0.0,normalDay
2021-04-30,7224.0,50.0,0.0,0,417.3,0.0,1,1.46,0.96,SPY210528P00376000,376.0,0,0.0,0.0,,0.0,normalDay
2021-05-03,7224.0,66.0,0.0,0,418.2,0.0,1,1.46,0.8,SPY210528P00376000,376.0,0,0.0,0.0,,0.0,normalDay
2021-05-04,7224.0,50.0,0.0,0,415.62,0.0,1,1.46,0.96,SPY210528P00376000,376.0,0,0.0,0.0,,0.0,normalDay
2021-05-05,7224.0,55.0,0.0,0,415.75,0.0,1,1.46,0.91,SPY210528P00376000,376.0,0,0.0,0.0,,0.0,normalDay
2021-05-06,7224.0,79.0,0.0,0,419.07,0.0,1,1.46,0.67,SPY210528P00376000,376.0,0,0.0,0.0,,0.0,normalDay
2021-05-07,7224.0,98.0,0.0,0,422.12,0.0,1,1.46,0.48,SPY210528P00376000,376.0,0,0.0,0.0,,0.0,normalDay
2021-05-10,7224.0,77.0,0.0,0,417.94,0.0,1,1.46,0.69,SPY210528P00376000,376.0,0,0.0,0.0,,0.0,normalDay
2021-05-11,7224.0,58.0,0.0,0,414.21,0.0,1,1.46,0.88,SPY210528P00376000,376.0,0,0.0,0.0,,0.0,normalDay
2021-05-12,7224.0,-69.0,0.0,0,405.41,0.0,1,1.46,2.15,SPY210528P00376000,376.0,0,0.0,0.0,,0.0,normalDay
2021-05-13,7224.0,43.0,0.0,0,410.28,0.0,1,1.46,1.03,SPY210528P00376000,376.0,0,0.0,0.0,,0.0,normalDay
2021-05-14,7224.0,106.0,0.0,0,416.58,0.0,1,1.46,0.4,SPY210528P00376000,376.0,0,0.0,0.0,,0.0,normalDay
2021-05-17,7224.0,118.0,0.0,0,415.52,0.0,1,1.46,0.28,SPY210528P00376000,376.0,0,0.0,0.0,,0.0,normalDay
2021-05-18,7224.0,106.0,0.0,0,411.94,0.0,1,1.46,0.4,SPY210528P00376000,376.0,0,0.0,0.0,,0.0,normalDay
2021-05-19,7224.0,111.0,0.0,0,410.86,0.0,1,1.46,0.35,SPY210528P00376000,376.0,0,0.0,0.0,,0.0,normalDay
2021-05-20,7224.0,129.0,0.0,0,415.28,0.0,1,1.46,0.17,SPY210528P00376000,376.0,0,0.0,0.0,,0.0,normalDay
2021-05-21,7224.0,138.0,0.0,0,414.94,0.0,1,1.46,0.08,SPY210528P00376000,376.0,0,0.0,0.0,,0.0,normalDay
2021-05-24,7224.0,142.0,0.0,0,419.17,0.0,1,1.46,0.04,SPY210528P00376000,376.0,0,0.0,0.0,,0.0,normalDay
2021-05-25,7224.0,142.0,0.0,0,418.24,0.0,1,1.46,0.04,SPY210528P00376000,376.0,0,0.0,0.0,,0.0,normalDay
2021-05-26,7224.0,144.0,0.0,0,419.07,0.0,1,1.46,0.02,SPY210528P00376000,376.0,0,0.0,0.0,,0.0,normalDay
2021-05-27,7224.0,145.0,0.0,0,419.29,0.0,1,1.46,0.01,SPY210528P00376000,376.0,0,0.0,0.0,,0.0,normalDay
2021-05-28,7370.0,0.0,146.0,0,420.04,0.0,1,1.46,0.0,SPY210528P00376000,376.0,0,0.0,0.0,,0.0,expirationDay
2021-06-01,7370.0,-4.0,0.0,0,419.67,0.0,1,4.68,4.72,SPY210716P00405000,405.0,0,0.0,0.0,,0.0,normalDay
2021-06-02,7370.0,34.0,0.0,0,420.33,0.0,1,4.68,4.34,SPY210716P00405000,405.0,0,0.0,0.0,,0.0,normalDay
2021-06-03,7370.0,-12.0,0.0,0,418.77,0.0,1,4.68,4.8,SPY210716P00405000,405.0,0,0.0,0.0,,0.0,normalDay
2021-06-04,7370.0,107.0,0.0,0,422.6,0.0,1,4.68,3.61,SPY210716P00405000,405.0,0,0.0,0.0,,0.0,normalDay
2021-06-07,7370.0,143.0,0.0,0,422.19,0.0,1,4.68,3.25,SPY210716P00405000,405.0,0,0.0,0.0,,0.0,normalDay
2021-06-08,7370.0,135.0,0.0,0,422.28,0.0,1,4.68,3.33,SPY210716P00405000,405.0,0,0.0,0.0,,0.0,normalDay
2021-06-09,7370.0,107.0,0.0,0,421.65,0.0,1,4.68,3.61,SPY210716P00405000,405.0,0,0.0,0.0,,0.0,normalDay
2021-06-10,7370.0,199.0,0.0,0,423.61,0.0,1,4.68,2.69,SPY210716P00405000,405.0,0,0.0,0.0,,0.0,normalDay
2021-06-11,7370.0,225.0,0.0,0,424.31,0.0,1,4.68,2.43,SPY210716P00405000,405.0,0,0.0,0.0,,0.0,normalDay
2021-06-14,7370.0,243.0,0.0,0,425.26,0.0,1,4.68,2.25,SPY210716P00405000,405.0,0,0.0,0.0,,0.0,normalDay
2021-06-15,7370.0,227.0,0.0,0,424.48,0.0,1,4.68,2.41,SPY210716P00405000,405.0,0,0.0,0.0,,0.0,normalDay
2021-06-16,7370.0,178.0,0.0,0,422.11,0.0,1,4.68,2.9,SPY210716P00405000,405.0,0,0.0,0.0,,0.0,normalDay
2021-06-17,7370.0,203.0,0.0,0,421.97,0.0,1,4.68,2.65,SPY210716P00405000,405.0,0,0.0,0.0,,0.0,normalDay
2021-06-18,7370.0,13.0,0.0,0,414.92,0.0,1,4.68,4.55,SPY210716P00405000,405.0,0,0.0,0.0,,0.0,normalDay
2021-06-21,7370.0,235.0,0.0,0,420.86,0.0,1,4.68,2.33,SPY210716P00405000,405.0,0,0.0,0.0,,0.0,normalDay
2021-06-22,7370.0,293.0,0.0,0,423.11,0.0,1,4.68,1.75,SPY210716P00405000,405.0,0,0.0,0.0,,0.0,normalDay
2021-06-23,7370.0,307.0,0.0,0,422.6,0.0,1,4.68,1.61,SPY210716P00405000,405.0,0,0.0,0.0,,0.0,normalDay
2021-06-24,7370.0,345.0,0.0,0,425.1,0.0,1,4.68,1.23,SPY210716P00405000,405.0,0,0.0,0.0,,0.0,normalDay
2021-06-25,7370.0,372.0,0.0,0,426.61,0.0,1,4.68,0.96,SPY210716P00405000,405.0,0,0.0,0.0,,0.0,normalDay
2021-06-28,7370.0,390.0,0.0,0,427.47,0.0,1,4.68,0.78,SPY210716P00405000,405.0,0,0.0,0.0,,0.0,normalDay
2021-06-29,7370.0,392.0,0.0,0,427.7,0.0,1,4.68,0.76,SPY210716P00405000,405.0,0,0.0,0.0,,0.0,normalDay
2021-06-30,7370.0,406.0,0.0,0,428.06,0.0,1,4.68,0.62,SPY210716P00405000,405.0,0,0.0,0.0,,0.0,normalDay
2021-07-01,7370.0,417.0,0.0,0,430.43,0.0,1,4.68,0.51,SPY210716P00405000,405.0,0,0.0,0.0,,0.0,normalDay
2021-07-02,7370.0,434.0,0.0,0,433.72,0.0,1,4.68,0.34,SPY210716P00405000,405.0,0,0.0,0.0,,0.0,normalDay
2021-07-06,7370.0,437.0,0.0,0,432.93,0.0,1,4.68,0.31,SPY210716P00405000,405.0,0,0.0,0.0,,0.0,normalDay
2021-07-07,7370.0,447.0,0.0,0,434.46,0.0,1,4.68,0.21,SPY210716P00405000,405.0,0,0.0,0.0,,0.0,normalDay
2021-07-08,7370.0,424.0,0.0,0,430.92,0.0,1,4.68,0.44,SPY210716P00405000,405.0,0,0.0,0.0,,0.0,normalDay
2021-07-09,7370.0,455.0,0.0,0,435.52,0.0,1,4.68,0.13,SPY210716P00405000,405.0,0,0.0,0.0,,0.0,normalDay
2021-07-12,7370.0,462.0,0.0,0,437.08,0.0,1,4.68,0.06,SPY210716P00405000,405.0,0,0.0,0.0,,0.0,normalDay
2021-07-13,7370.0,460.0,0.0,0,435.59,0.0,1,4.68,0.08,SPY210716P00405000,405.0,0,0.0,0.0,,0.0,normalDay
2021-07-14,7370.0,465.0,0.0,0,436.24,0.0,1,4.68,0.03,SPY210716P00405000,405.0,0,0.0,0.0,,0.0,normalDay
2021-07-15,7370.0,466.0,0.0,0,434.75,0.0,1,4.68,0.02,SPY210716P00405000,405.0,0,0.0,0.0,,0.0,normalDay
2021-07-16,7838.0,0.0,468.0,0,431.34,0.0,1,4.68,0.0,SPY210716P00405000,405.0,0,0.0,0.0,,0.0,expirationDay
2021-07-19,7838.0,-6.0,0.0,0,424.97,0.0,1,7.18,7.24,SPY210827P00416000,416.0,0,0.0,0.0,,0.0,normalDay
2021-07-20,7838.0,218.0,0.0,0,431.06,0.0,1,7.18,5.0,SPY210827P00416000,416.0,0,0.0,0.0,,0.0,normalDay
2021-07-21,7838.0,349.0,0.0,0,434.55,0.0,1,7.18,3.69,SPY210827P00416000,416.0,0,0.0,0.0,,0.0,normalDay
2021-07-22,7838.0,371.0,0.0,0,435.46,0.0,1,7.18,3.47,SPY210827P00416000,416.0,0,0.0,0.0,,0.0,normalDay
2021-07-23,7838.0,447.0,0.0,0,439.94,0.0,1,7.18,2.71,SPY210827P00416000,416.0,0,0.0,0.0,,0.0,normalDay
2021-07-26,7838.0,482.0,0.0,0,441.02,0.0,1,7.18,2.36,SPY210827P00416000,416.0,0,0.0,0.0,,0.0,normalDay
2021-07-27,7838.0,420.0,0.0,0,439.01,0.0,1,7.18,2.98,SPY210827P00416000,416.0,0,0.0,0.0,,0.0,normalDay
2021-07-28,7838.0,459.0,0.0,0,438.83,0.0,1,7.18,2.59,SPY210827P00416000,416.0,0,0.0,0.0,,0.0,normalDay
2021-07-29,7838.0,510.0,0.0,0,440.65,0.0,1,7.18,2.08,SPY210827P00416000,416.0,0,0.0,0.0,,0.0,normalDay
2021-07-30,7838.0,491.0,0.0,0,438.51,0.0,1,7.18,2.27,SPY210827P00416000,416.0,0,0.0,0.0,,0.0,normalDay
2021-08-02,7838.0,473.0,0.0,0,437.59,0.0,1,7.18,2.45,SPY210827P00416000,416.0,0,0.0,0.0,,0.0,normalDay
2021-08-03,7838.0,551.0,0.0,0,441.15,0.0,1,7.18,1.67,SPY210827P00416000,416.0,0,0.0,0.0,,0.0,normalDay
2021-08-04,7838.0,546.0,0.0,0,438.98,0.0,1,7.18,1.72,SPY210827P00416000,416.0,0,0.0,0.0,,0.0,normalDay
2021-08-05,7838.0,585.0,0.0,0,441.76,0.0,1,7.18,1.33,SPY210827P00416000,416.0,0,0.0,0.0,,0.0,normalDay
2021-08-06,7838.0,619.0,0.0,0,442.49,0.0,1,7.18,0.99,SPY210827P00416000,416.0,0,0.0,0.0,,0.0,normalDay
2021-08-09,7838.0,630.0,0.0,0,442.13,0.0,1,7.18,0.88,SPY210827P00416000,416.0,0,0.0,0.0,,0.0,normalDay
2021-08-10,7838.0,632.0,0.0,0,442.68,0.0,1,7.18,0.86,SPY210827P00416000,416.0,0,0.0,0.0,,0.0,normalDay
2021-08-11,7838.0,658.0,0.0,0,443.78,0.0,1,7.18,0.6,SPY210827P00416000,416.0,0,0.0,0.0,,0.0,normalDay
2021-08-12,7838.0,673.0,0.0,0,445.11,0.0,1,7.18,0.45,SPY210827P00416000,416.0,0,0.0,0.0,,0.0,normalDay
2021-08-13,7838.0,682.0,0.0,0,445.92,0.0,1,7.18,0.36,SPY210827P00416000,416.0,0,0.0,0.0,,0.0,normalDay
2021-08-16,7838.0,689.0,0.0,0,446.97,0.0,1,7.18,0.29,SPY210827P00416000,416.0,0,0.0,0.0,,0.0,normalDay
2021-08-17,7838.0,669.0,0.0,0,444.04,0.0,1,7.18,0.49,SPY210827P00416000,416.0,0,0.0,0.0,,0.0,normalDay
2021-08-18,7838.0,613.0,0.0,0,439.18,0.0,1,7.18,1.05,SPY210827P00416000,416.0,0,0.0,0.0,,0.0,normalDay
2021-08-19,7838.0,635.0,0.0,0,439.86,0.0,1,7.18,0.83,SPY210827P00416000,416.0,0,0.0,0.0,,0.0,normalDay
2021-08-20,7838.0,701.0,0.0,0,443.36,0.0,1,7.18,0.17,SPY210827P00416000,416.0,0,0.0,0.0,,0.0,normalDay
2021-08-23,7838.0,711.0,0.0,0,447.26,0.0,1,7.18,0.07,SPY210827P00416000,416.0,0,0.0,0.0,,0.0,normalDay
2021-08-24,7838.0,713.0,0.0,0,447.97,0.0,1,7.18,0.05,SPY210827P00416000,416.0,0,0.0,0.0,,0.0,normalDay
2021-08-25,7838.0,715.0,0.0,0,448.91,0.0,1,7.18,0.03,SPY210827P00416000,416.0,0,0.0,0.0,,0.0,normalDay
2021-08-26,7838.0,714.0,0.0,0,446.26,0.0,1,7.18,0.04,SPY210827P00416000,416.0,0,0.0,0.0,,0.0,normalDay
2021-08-27,8556.0,0.0,718.0,0,450.25,0.0,1,7.18,0.0,SPY210827P00416000,416.0,0,0.0,0.0,,0.0,expirationDay
2021-08-30,8556.0,-3.0,0.0,0,452.23,0.0,1,4.27,4.3,SPY211015P00434000,434.0,0,0.0,0.0,,0.0,normalDay
2021-08-31,8556.0,-2.0,0.0,0,451.56,0.0,1,4.27,4.29,SPY211015P00434000,434.0,0,0.0,0.0,,0.0,normalDay
2021-09-01,8556.0,26.0,0.0,0,451.8,0.0,1,4.27,4.01,SPY211015P00434000,434.0,0,0.0,0.0,,0.0,normalDay
2021-09-02,8556.0,51.0,0.0,0,453.19,0.0,1,4.27,3.76,SPY211015P00434000,434.0,0,0.0,0.0,,0.0,normalDay
2021-09-03,8556.0,53.0,0.0,0,453.08,0.0,1,4.27,3.74,SPY211015P00434000,434.0,0,0.0,0.0,,0.0,normalDay
2021-09-07,8556.0,16.0,0.0,0,451.46,0.0,1,4.27,4.11,SPY211015P00434000,434.0,0,0.0,0.0,,0.0,normalDay
2021-09-08,8556.0,18.0,0.0,0,450.91,0.0,1,4.27,4.09,SPY211015P00434000,434.0,0,0.0,0.0,,0.0,normalDay
2021-09-09,8556.0,-43.0,0.0,0,448.98,0.0,1,4.27,4.7,SPY211015P00434000,434.0,0,0.0,0.0,,0.0,normalDay
2021-09-10,8556.0,-142.0,0.0,0,445.44,0.0,1,4.27,5.69,SPY211015P00434000,434.0,0,0.0,0.0,,0.0,normalDay
2021-09-13,8556.0,-43.0,0.0,0,446.58,0.0,1,4.27,4.7,SPY211015P00434000,434.0,0,0.0,0.0,,0.0,normalDay
2021-09-14,8556.0,-101.0,0.0,0,444.17,0.0,1,4.27,5.28,SPY211015P00434000,434.0,0,0.0,0.0,,0.0,normalDay
2021-09-15,8556.0,38.0,0.0,0,447.88,0.0,1,4.27,3.89,SPY211015P00434000,434.0,0,0.0,0.0,,0.0,normalDay
2021-09-16,8556.0,16.0,0.0,0,447.17,0.0,1,4.27,4.11,SPY211015P00434000,434.0,0,0.0,0.0,,0.0,normalDay
2021-09-17,8556.0,-145.0,0.0,0,441.4,0.0,1,4.27,5.72,SPY211015P00434000,434.0,0,0.0,0.0,,0.0,normalDay
2021-09-20,8556.0,-485.0,0.0,0,434.04,0.0,1,4.27,9.12,SPY211015P00434000,434.0,0,0.0,0.0,,0.0,normalDay
2021-09-21,8556.0,-461.0,0.0,0,433.63,0.0,1,4.27,8.88,SPY211015P00434000,434.0,0,0.0,0.0,,0.0,normalDay
2021-09-22,8556.0,-166.0,0.0,0,437.86,0.0,1,4.27,5.93,SPY211015P00434000,434.0,0,0.0,0.0,,0.0,normalDay
2021-09-23,8556.0,60.0,0.0,0,443.18,0.0,1,4.27,3.67,SPY211015P00434000,434.0,0,0.0,0.0,,0.0,normalDay
2021-09-24,8556.0,113.0,0.0,0,443.91,0.0,1,4.27,3.14,SPY211015P00434000,434.0,0,0.0,0.0,,0.0,normalDay
2021-09-27,8556.0,97.0,0.0,0,442.64,0.0,1,4.27,3.3,SPY211015P00434000,434.0,0,0.0,0.0,,0.0,normalDay
2021-09-28,8556.0,-287.0,0.0,0,433.72,0.0,1,4.27,7.14,SPY211015P00434000,434.0,0,0.0,0.0,,0.0,normalDay
2021-09-29,8556.0,-219.0,0.0,0,434.45,0.0,1,4.27,6.46,SPY211015P00434000,434.0,0,0.0,0.0,,0.0,normalDay
2021-09-30,8556.0,-458.0,0.0,0,429.14,0.0,1,4.27,8.85,SPY211015P00434000,434.0,0,0.0,0.0,,0.0,normalDay
2021-10-01,8556.0,-148.0,0.0,0,434.24,0.0,1,4.27,5.75,SPY211015P00434000,434.0,0,0.0,0.0,,0.0,normalDay
2021-10-04,8556.0,-422.0,0.0,0,428.64,0.0,1,4.27,8.49,SPY211015P00434000,434.0,0,0.0,0.0,,0.0,normalDay
2021-10-05,8556.0,-126.0,0.0,0,433.1,0.0,1,4.27,5.53,SPY211015P00434000,434.0,0,0.0,0.0,,0.0,normalDay
2021-10-06,8556.0,-33.0,0.0,0,434.9,0.0,1,4.27,4.6,SPY211015P00434000,434.0,0,0.0,0.0,,0.0,normalDay
2021-10-07,8556.0,166.0,0.0,0,438.66,0.0,1,4.27,2.61,SPY211015P00434000,434.0,0,0.0,0.0,,0.0,normalDay
2021-10-08,8556.0,176.0,0.0,0,437.86,0.0,1,4.27,2.51,SPY211015P00434000,434.0,0,0.0,0.0,,0.0,normalDay
2021-10-11,8556.0,90.0,0.0,0,434.69,0.0,1,4.27,3.37,SPY211015P00434000,434.0,0,0.0,0.0,,0.0,normalDay
2021-10-12,8556.0,69.0,0.0,0,433.62,0.0,1,4.27,3.58,SPY211015P00434000,434.0,0,0.0,0.0,,0.0,normalDay
2021-10-13,8556.0,264.0,0.0,0,435.18,0.0,1,4.27,1.63,SPY211015P00434000,434.0,0,0.0,0.0,,0.0,normalDay
2021-10-14,8556.0,416.0,0.0,0,442.5,0.0,1,4.27,0.11,SPY211015P00434000,434.0,0,0.0,0.0,,0.0,normalDay
2021-10-15,8983.0,0.0,427.0,0,445.87,0.0,1,4.27,0.0,SPY211015P00434000,434.0,0,0.0,0.0,,0.0,expirationDay
2021-10-18,8983.0,-3.0,0.0,0,447.19,0.0,1,2.64,2.67,SPY211126P00422000,422.0,0,0.0,0.0,,0.0,normalDay
2021-10-19,8983.0,52.0,0.0,0,450.64,0.0,1,2.64,2.12,SPY211126P00422000,422.0,0,0.0,0.0,,0.0,normalDay
2021-10-20,8983.0,69.0,0.0,0,452.41,0.0,1,2.64,1.95,SPY211126P00422000,422.0,0,0.0,0.0,,0.0,normalDay
2021-10-21,8983.0,95.0,0.0,0,453.59,0.0,1,2.64,1.69,SPY211126P00422000,422.0,0,0.0,0.0,,0.0,normalDay
2021-10-22,8983.0,84.0,0.0,0,453.12,0.0,1,2.64,1.8,SPY211126P00422000,422.0,0,0.0,0.0,,0.0,normalDay
2021-10-25,8983.0,123.0,0.0,0,455.55,0.0,1,2.64,1.41,SPY211126P00422000,422.0,0,0.0,0.0,,0.0,normalDay
2021-10-26,8983.0,121.0,0.0,0,455.96,0.0,1,2.64,1.43,SPY211126P00422000,422.0,0,0.0,0.0,,0.0,normalDay
2021-10-27,8983.0,92.0,0.0,0,453.94,0.0,1,2.64,1.72,SPY211126P00422000,422.0,0,0.0,0.0,,0.0,normalDay
2021-10-28,8983.0,135.0,0.0,0,458.32,0.0,1,2.64,1.29,SPY211126P00422000,422.0,0,0.0,0.0,,0.0,normalDay
2021-10-29,8983.0,153.0,0.0,0,459.25,0.0,1,2.64,1.11,SPY211126P00422000,422.0,0,0.0,0.0,,0.0,normalDay
2021-11-01,8983.0,176.0,0.0,0,460.04,0.0,1,2.64,0.88,SPY211126P00422000,422.0,0,0.0,0.0,,0.0,normalDay
2021-11-02,8983.0,190.0,0.0,0,461.9,0.0,1,2.64,0.74,SPY211126P00422000,422.0,0,0.0,0.0,,0.0,normalDay
2021-11-03,8983.0,213.0,0.0,0,464.72,0.0,1,2.64,0.51,SPY211126P00422000,422.0,0,0.0,0.0,,0.0,normalDay
2021-11-04,8983.0,215.0,0.0,0,466.91,0.0,1,2.64,0.49,SPY211126P00422000,422.0,0,0.0,0.0,,0.0,normalDay
2021-11-05,8983.0,214.0,0.0,0,468.53,0.0,1,2.64,0.5,SPY211126P00422000,422.0,0,0.0,0.0,,0.0,normalDay
2021-11-08,8983.0,218.0,0.0,0,468.93,0.0,1,2.64,0.46,SPY211126P00422000,422.0,0,0.0,0.0,,0.0,normalDay
2021-11-09,8983.0,219.0,0.0,0,467.38,0.0,1,2.64,0.45,SPY211126P00422000,422.0,0,0.0,0.0,,0.0,normalDay
2021-11-10,8983.0,214.0,0.0,0,463.62,0.0,1,2.64,0.5,SPY211126P00422000,422.0,0,0.0,0.0,,0.0,normalDay
2021-11-11,8983.0,231.0,0.0,0,463.77,0.0,1,2.64,0.33,SPY211126P00422000,422.0,0,0.0,0.0,,0.0,normalDay
2021-11-12,8983.0,244.0,0.0,0,467.27,0.0,1,2.64,0.2,SPY211126P00422000,422.0,0,0.0,0.0,,0.0,normalDay
2021-11-15,8983.0,252.0,0.0,0,467.43,0.0,1,2.64,0.12,SPY211126P00422000,422.0,0,0.0,0.0,,0.0,normalDay
2021-11-16,8983.0,254.0,0.0,0,469.28,0.0,1,2.64,0.1,SPY211126P00422000,422.0,0,0.0,0.0,,0.0,normalDay
2021-11-17,8983.0,256.0,0.0,0,468.14,0.0,1,2.64,0.08,SPY211126P00422000,422.0,0,0.0,0.0,,0.0,normalDay
2021-11-18,8983.0,257.0,0.0,0,469.73,0.0,1,2.64,0.07,SPY211126P00422000,422.0,0,0.0,0.0,,0.0,normalDay
2021-11-19,8983.0,259.0,0.0,0,468.89,0.0,1,2.64,0.05,SPY211126P00422000,422.0,0,0.0,0.0,,0.0,normalDay
2021-11-22,8983.0,260.0,0.0,0,467.57,0.0,1,2.64,0.04,SPY211126P00422000,422.0,0,0.0,0.0,,0.0,normalDay
2021-11-23,8983.0,262.0,0.0,0,468.19,0.0,1,2.64,0.02,SPY211126P00422000,422.0,0,0.0,0.0,,0.0,normalDay
2021-11-24,8983.0,263.0,0.0,0,469.44,0.0,1,2.64,0.01,SPY211126P00422000,422.0,0,0.0,0.0,,0.0,normalDay
2021-11-26,9247.0,0.0,264.0,0,458.97,0.0,1,2.64,0.0,SPY211126P00422000,422.0,0,0.0,0.0,,0.0,expirationDay
2021-11-29,9247.0,-5.0,0.0,0,464.6,0.0,1,10.19,10.24,SPY220121P00457000,457.0,0,0.0,0.0,,0.0,normalDay
2021-11-30,9247.0,-409.0,0.0,0,455.56,0.0,1,10.19,14.28,SPY220121P00457000,457.0,0,0.0,0.0,,0.0,normalDay
2021-12-01,9247.0,-899.0,0.0,0,450.5,0.0,1,10.19,19.18,SPY220121P00457000,457.0,0,0.0,0.0,,0.0,normalDay
2021-12-02,9247.0,-411.0,0.0,0,457.4,0.0,1,10.19,14.3,SPY220121P00457000,457.0,0,0.0,0.0,,0.0,normalDay
2021-12-03,9247.0,-653.0,0.0,0,453.42,0.0,1,10.19,16.72,SPY220121P00457000,457.0,0,0.0,0.0,,0.0,normalDay
2021-12-06,9247.0,-273.0,0.0,0,458.79,0.0,1,10.19,12.92,SPY220121P00457000,457.0,0,0.0,0.0,,0.0,normalDay
2021-12-07,9247.0,214.0,0.0,0,468.28,0.0,1,10.19,8.05,SPY220121P00457000,457.0,0,0.0,0.0,,0.0,normalDay
2021-12-08,9247.0,322.0,0.0,0,469.52,0.0,1,10.19,6.97,SPY220121P00457000,457.0,0,0.0,0.0,,0.0,normalDay
2021-12-09,9247.0,209.0,0.0,0,466.35,0.0,1,10.19,8.1,SPY220121P00457000,457.0,0,0.0,0.0,,0.0,normalDay
2021-12-10,9247.0,420.0,0.0,0,470.74,0.0,1,10.19,5.99,SPY220121P00457000,457.0,0,0.0,0.0,,0.0,normalDay
2021-12-13,9247.0,282.0,0.0,0,466.57,0.0,1,10.19,7.37,SPY220121P00457000,457.0,0,0.0,0.0,,0.0,normalDay
2021-12-14,9247.0,138.0,0.0,0,463.36,0.0,1,10.19,8.81,SPY220121P00457000,457.0,0,0.0,0.0,,0.0,normalDay
2021-12-15,9247.0,461.0,0.0,0,470.6,0.0,1,10.19,5.58,SPY220121P00457000,457.0,0,0.0,0.0,,0.0,normalDay
2021-12-16,9247.0,335.0,0.0,0,466.45,0.0,1,10.19,6.84,SPY220121P00457000,457.0,0,0.0,0.0,,0.0,normalDay
2021-12-17,9247.0,136.0,0.0,0,459.87,0.0,1,10.19,8.83,SPY220121P00457000,457.0,0,0.0,0.0,,0.0,normalDay
2021-12-20,9247.0,-69.0,0.0,0,454.98,0.0,1,10.19,10.88,SPY220121P00457000,457.0,0,0.0,0.0,,0.0,normalDay
2021-12-21,9247.0,295.0,0.0,0,463.06,0.0,1,10.19,7.24,SPY220121P00457000,457.0,0,0.0,0.0,,0.0,normalDay
2021-12-22,9247.0,529.0,0.0,0,467.69,0.0,1,10.19,4.9,SPY220121P00457000,457.0,0,0.0,0.0,,0.0,normalDay
2021-12-23,9247.0,644.0,0.0,0,470.6,0.0,1,10.19,3.75,SPY220121P00457000,457.0,0,0.0,0.0,,0.0,normalDay
2021-12-27,9247.0,798.0,0.0,0,477.26,0.0,1,10.19,2.21,SPY220121P00457000,457.0,0,0.0,0.0,,0.0,normalDay
2021-12-28,9247.0,815.0,0.0,0,476.87,0.0,1,10.19,2.04,SPY220121P00457000,457.0,0,0.0,0.0,,0.0,normalDay
2021-12-29,9247.0,850.0,0.0,0,477.48,0.0,1,10.19,1.69,SPY220121P00457000,457.0,0,0.0,0.0,,0.0,normalDay
2021-12-30,9247.0,829.0,0.0,0,476.16,0.0,1,10.19,1.9,SPY220121P00457000,457.0,0,0.0,0.0,,0.0,normalDay
2021-12-31,9247.0,837.0,0.0,0,474.96,0.0,1,10.19,1.82,SPY220121P00457000,457.0,0,0.0,0.0,,0.0,normalDay
2022-01-03,9247.0,902.0,0.0,0,477.71,0.0,1,10.19,1.17,SPY220121P00457000,457.0,0,0.0,0.0,,0.0,normalDay
2022-01-04,9247.0,903.0,0.0,0,477.55,0.0,1,10.19,1.16,SPY220121P00457000,457.0,0,0.0,0.0,,0.0,normalDay
2022-01-05,9247.0,716.0,0.0,0,468.38,0.0,1,10.19,3.03,SPY220121P00457000,457.0,0,0.0,0.0,,0.0,normalDay
2022-01-06,9247.0,737.0,0.0,0,467.94,0.0,1,10.19,2.82,SPY220121P00457000,457.0,0,0.0,0.0,,0.0,normalDay
2022-01-07,9247.0,769.0,0.0,0,466.09,0.0,1,10.19,2.5,SPY220121P00457000,457.0,0,0.0,0.0,,0.0,normalDay
2022-01-10,9247.0,760.0,0.0,0,465.51,0.0,1,10.19,2.59,SPY220121P00457000,457.0,0,0.0,0.0,,0.0,normalDay
2022-01-11,9247.0,866.0,0.0,0,469.75,0.0,1,10.19,1.53,SPY220121P00457000,457.0,0,0.0,0.0,,0.0,normalDay
2022-01-12,9247.0,928.0,0.0,0,471.02,0.0,1,10.19,0.91,SPY220121P00457000,457.0,0,0.0,0.0,,0.0,normalDay
2022-01-13,9247.0,775.0,0.0,0,464.53,0.0,1,10.19,2.44,SPY220121P00457000,457.0,0,0.0,0.0,,0.0,normalDay
2022-01-14,9247.0,851.0,0.0,0,464.72,0.0,1,10.19,1.68,SPY220121P00457000,457.0,0,0.0,0.0,,0.0,normalDay
2022-01-18,9247.0,584.0,0.0,0,456.49,0.0,1,10.19,4.35,SPY220121P00457000,457.0,0,0.0,0.0,,0.0,normalDay
2022-01-19,9247.0,405.0,0.0,0,451.75,0.0,1,10.19,6.14,SPY220121P00457000,457.0,0,0.0,0.0,,0.0,normalDay
2022-01-20,9247.0,-76.0,0.0,0,446.75,0.0,1,10.19,10.95,SPY220121P00457000,457.0,0,0.0,0.0,,0.0,normalDay
2022-01-21,10266.0,-1902.0,1019.0,100,437.98,457.0,1,10.19,0.0,SPY220121P00457000,457.0,0,0.0,0.0,,0.0,expirationDay
2022-01-24,10266.0,-1716.0,0.0,100,439.84,457.0,0,0.0,0.0,,0.0,0,0.0,0.0,,0.0,bidTooLow
2022-01-25,10266.0,-2253.0,0.0,100,434.47,457.0,0,0.0,0.0,,0.0,0,0.0,0.0,,0.0,bidTooLow
2022-01-26,10266.0,-2362.0,0.0,100,433.38,457.0,0,0.0,0.0,,0.0,0,0.0,0.0,,0.0,bidTooLow
2022-01-27,10266.0,-2576.0,0.0,100,431.24,457.0,0,0.0,0.0,,0.0,0,0.0,0.0,,0.0,bidTooLow
2022-01-28,10266.0,-1505.0,0.0,100,441.95,457.0,0,0.0,0.0,,0.0,0,0.0,0.0,,0.0,bidTooLow
2022-01-31,10266.0,-709.0,0.0,100,449.91,457.0,0,0.0,0.0,,0.0,0,0.0,0.0,,0.0,bidTooLow
2022-02-01,10266.0,-405.0,0.0,100,452.95,457.0,0,0.0,0.0,,0.0,0,0.0,0.0,,0.0,bidTooLow
2022-02-02,10266.0,35.0,0.0,100,457.35,457.0,0,0.0,0.0,,0.0,0,0.0,0.0,,0.0,bidTooLow
2022-02-03,10266.0,-1040.0,0.0,100,446.6,457.0,0,0.0,0.0,,0.0,0,0.0,0.0,,0.0,bidTooLow
2022-02-04,10266.0,-830.0,0.0,100,448.7,457.0,0,0.0,0.0,,0.0,0,0.0,0.0,,0.0,bidTooLow
2022-02-07,10266.0,-974.0,0.0,100,447.26,457.0,0,0.0,0.0,,0.0,0,0.0,0.0,,0.0,bidTooLow
2022-02-08,10266.0,-606.0,0.0,100,450.94,457.0,0,0.0,0.0,,0.0,0,0.0,0.0,,0.0,bidTooLow
2022-02-09,10266.0,51.0,0.0,100,457.54,457.0,0,0.0,0.0,,0.0,1,0.01,0.04,SPY220218C00485000,485.0,normalDay
2022-02-10,10266.0,-769.0,0.0,100,449.32,457.0,0,0.0,0.0,,0.0,1,0.01,0.02,SPY220218C00485000,485.0,normalDay
2022-02-11,10266.0,-1655.0,0.0,100,440.46,457.0,0,0.0,0.0,,0.0,1,0.01,0.02,SPY220218C00485000,485.0,normalDay
2022-02-14,10266.0,-1799.0,0.0,100,439.02,457.0,0,0.0,0.0,,0.0,1,0.01,0.02,SPY220218C00485000,485.0,normalDay
2022-02-15,10266.0,-1090.0,0.0,100,446.1,457.0,0,0.0,0.0,,0.0,1,0.01,0.01,SPY220218C00485000,485.0,normalDay
2022-02-16,10266.0,-1040.0,0.0,100,446.6,457.0,0,0.0,0.0,,0.0,1,0.01,0.01,SPY220218C00485000,485.0,normalDay
2022-02-17,10266.0,-1994.0,0.0,100,437.06,457.0,0,0.0,0.0,,0.0,1,0.01,0.01,SPY220218C00485000,485.0,normalDay
2022-02-18,10267.0,-2277.0,1.0,100,434.23,457.0,0,0.0,0.0,,0.0,1,0.01,0.0,SPY220218C00485000,485.0,expirationDay
2022-02-22,10267.0,-2743.0,0.0,100,429.57,457.0,0,0.0,0.0,,0.0,0,0.0,0.0,,0.0,bidTooLow
2022-02-23,10267.0,-3505.0,0.0,100,421.95,457.0,0,0.0,0.0,,0.0,0,0.0,0.0,,0.0,bidTooLow
2022-02-24,10267.0,-2873.0,0.0,100,428.3,457.0,0,0.0,0.0,,0.0,1,0.01,0.04,SPY220307C00476000,476.0,normalDay
2022-02-25,10267.0,-1927.0,0.0,100,437.75,457.0,0,0.0,0.0,,0.0,1,0.01,0.03,SPY220307C00476000,476.0,normalDay
2022-02-28,10267.0,-2038.0,0.0,100,436.63,457.0,0,0.0,0.0,,0.0,1,0.01,0.02,SPY220307C00476000,476.0,normalDay
2022-03-01,10267.0,-2703.0,0.0,100,429.98,457.0,0,0.0,0.0,,0.0,1,0.01,0.02,SPY220307C00476000,476.0,normalDay
2022-03-02,10267.0,-1911.0,0.0,100,437.89,457.0,0,0.0,0.0,,0.0,1,0.01,0.01,SPY220307C00476000,476.0,normalDay
2022-03-03,10267.0,-2129.0,0.0,100,435.71,457.0,0,0.0,0.0,,0.0,1,0.01,0.01,SPY220307C00476000,476.0,normalDay
2022-03-04,10267.0,-2483.0,0.0,100,432.17,457.0,0,0.0,0.0,,0.0,1,0.01,0.01,SPY220307C00476000,476.0,normalDay
2022-03-07,10268.0,-3757.0,1.0,100,419.43,457.0,0,0.0,0.0,,0.0,1,0.01,0.0,SPY220307C00476000,476.0,expirationDay
2022-03-08,10268.0,-4078.0,0.0,100,416.25,457.0,0,0.0,0.0,,0.0,1,0.01,0.04,SPY220318C00471000,471.0,normalDay
2022-03-09,10268.0,-2962.0,0.0,100,427.41,457.0,0,0.0,0.0,,0.0,1,0.01,0.04,SPY220318C00471000,471.0,normalDay
2022-03-10,10268.0,-3154.0,0.0,100,425.48,457.0,0,0.0,0.0,,0.0,1,0.01,0.03,SPY220318C00471000,471.0,normalDay
2022-03-11,10268.0,-3694.0,0.0,100,420.07,457.0,0,0.0,0.0,,0.0,1,0.01,0.02,SPY220318C00471000,471.0,normalDay
2022-03-14,10268.0,-4001.0,0.0,100,417.0,457.0,0,0.0,0.0,,0.0,1,0.01,0.02,SPY220318C00471000,471.0,normalDay
2022-03-15,10268.0,-3083.0,0.0,100,426.17,457.0,0,0.0,0.0,,0.0,1,0.01,0.01,SPY220318C00471000,471.0,normalDay
2022-03-16,10268.0,-2138.0,0.0,100,435.62,457.0,0,0.0,0.0,,0.0,1,0.01,0.01,SPY220318C00471000,471.0,normalDay
2022-03-17,10268.0,-1593.0,0.0,100,441.07,457.0,0,0.0,0.0,,0.0,1,0.01,0.01,SPY220318C00471000,471.0,normalDay
2022-03-18,10269.0,-1248.0,1.0,100,444.52,457.0,0,0.0,0.0,,0.0,1,0.01,0.0,SPY220318C00471000,471.0,expirationDay
2022-03-21,10269.0,-1265.0,0.0,100,444.39,457.0,0,0.0,0.0,,0.0,1,0.98,1.02,SPY220401C00459000,459.0,normalDay
2022-03-22,10269.0,-815.0,0.0,100,449.59,457.0,0,0.0,0.0,,0.0,1,0.98,1.72,SPY220401C00459000,459.0,normalDay
2022-03-23,10269.0,-1284.0,0.0,100,443.8,457.0,0,0.0,0.0,,0.0,1,0.98,0.62,SPY220401C00459000,459.0,normalDay
2022-03-24,10269.0,-682.0,0.0,100,450.49,457.0,0,0.0,0.0,,0.0,1,0.98,1.29,SPY220401C00459000,459.0,normalDay
2022-03-25,10269.0,-461.0,0.0,100,452.69,457.0,0,0.0,0.0,,0.0,1,0.98,1.28,SPY220401C00459000,459.0,normalDay
2022-03-28,10269.0,-175.0,0.0,100,455.91,457.0,0,0.0,0.0,,0.0,1,0.98,1.64,SPY220401C00459000,459.0,normalDay
2022-03-29,10269.0,137.0,0.0,100,461.55,457.0,0,0.0,0.0,,0.0,1,0.98,4.16,SPY220401C00459000,459.0,normalDay
2022-03-30,10269.0,33.0,0.0,100,458.7,457.0,0,0.0,0.0,,0.0,1,0.98,2.35,SPY220401C00459000,459.0,normalDay
2022-03-31,10269.0,-460.0,0.0,100,451.64,457.0,0,0.0,0.0,,0.0,1,0.98,0.22,SPY220401C00459000,459.0,normalDay
2022-04-01,10367.0,-408.0,98.0,100,452.92,457.0,0,0.0,0.0,,0.0,1,0.98,0.0,SPY220401C00459000,459.0,expirationDay
2022-04-04,10367.0,-20.0,0.0,100,456.8,457.0,0,0.0,0.0,,0.0,0,0.0,0.0,,0.0,bidTooLow
2022-04-05,10367.0,-597.0,0.0,100,451.03,457.0,0,0.0,0.0,,0.0,0,0.0,0.0,,0.0,bidTooLow
2022-04-06,10367.0,-1048.0,0.0,100,446.52,457.0,0,0.0,0.0,,0.0,0,0.0,0.0,,0.0,bidTooLow
2022-04-07,10367.0,-823.0,0.0,100,448.77,457.0,0,0.0,0.0,,0.0,0,0.0,0.0,,0.0,bidTooLow
2022-04-08,10367.0,-943.0,0.0,100,447.57,457.0,0,0.0,0.0,,0.0,0,0.0,0.0,,0.0,bidTooLow
2022-04-11,10367.0,-1708.0,0.0,100,439.92,457.0,0,0.0,0.0,,0.0,0,0.0,0.0,,0.0,bidTooLow
2022-04-12,10367.0,-1871.0,0.0,100,438.29,457.0,0,0.0,0.0,,0.0,0,0.0,0.0,,0.0,bidTooLow
2022-04-13,10367.0,-1369.0,0.0,100,443.31,457.0,0,0.0,0.0,,0.0,0,0.0,0.0,,0.0,bidTooLow
2022-04-14,10367.0,-1921.0,0.0,100,437.79,457.0,0,0.0,0.0,,0.0,0,0.0,0.0,,0.0,bidTooLow
2022-04-18,10367.0,-1903.0,0.0,100,437.97,457.0,0,0.0,0.0,,0.0,0,0.0,0.0,,0.0,bidTooLow
2022-04-19,10367.0,-1196.0,0.0,100,445.04,457.0,0,0.0,0.0,,0.0,0,0.0,0.0,,0.0,bidTooLow
2022-04-20,10367.0,-1229.0,0.0,100,444.71,457.0,0,0.0,0.0,,0.0,0,0.0,0.0,,0.0,bidTooLow
2022-04-21,10367.0,-1894.0,0.0,100,438.06,457.0,0,0.0,0.0,,0.0,0,0.0,0.0,,0.0,bidTooLow
2022-04-22,10367.0,-3096.0,0.0,100,426.04,457.0,0,0.0,0.0,,0.0,0,0.0,0.0,,0.0,bidTooLow
2022-04-25,10367.0,-2849.0,0.0,100,428.51,457.0,0,0.0,0.0,,0.0,0,0.0,0.0,,0.0,bidTooLow
2022-04-26,10367.0,-4090.0,0.0,100,416.1,457.0,0,0.0,0.0,,0.0,0,0.0,0.0,,0.0,bidTooLow
2022-04-27,10367.0,-3973.0,0.0,100,417.27,457.0,0,0.0,0.0,,0.0,0,0.0,0.0,,0.0,bidTooLow
2022-04-28,10367.0,-2919.0,0.0,100,427.81,457.0,0,0.0,0.0,,0.0,0,0.0,0.0,,0.0,bidTooLow
2022-04-29,10367.0,-4500.0,0.0,100,412.0,457.0,0,0.0,0.0,,0.0,0,0.0,0.0,,0.0,bidTooLow
2022-05-02,10367.0,-4252.0,0.0,100,414.48,457.0,0,0.0,0.0,,0.0,0,0.0,0.0,,0.0,bidTooLow
2022-05-03,10367.0,-4062.0,0.0,100,416.38,457.0,0,0.0,0.0,,0.0,0,0.0,0.0,,0.0,bidTooLow
2022-05-04,10367.0,-2794.0,0.0,100,429.06,457.0,0,0.0,0.0,,0.0,0,0.0,0.0,,0.0,bidTooLow
2022-05-05,10367.0,-4319.0,0.0,100,413.81,457.0,0,0.0,0.0,,0.0,0,0.0,0.0,,0.0,bidTooLow
2022-05-06,10367.0,-4566.0,0.0,100,411.34,457.0,0,0.0,0.0,,0.0,0,0.0,0.0,,0.0,bidTooLow
2022-05-09,10367.0,-5883.0,0.0,100,398.17,457.0,0,0.0,0.0,,0.0,0,0.0,0.0,,0.0,bidTooLow
2022-05-10,10367.0,-5791.0,0.0,100,399.09,457.0,0,0.0,0.0,,0.0,0,0.0,0.0,,0.0,bidTooLow
2022-05-11,10367.0,-6425.0,0.0,100,392.75,457.0,0,0.0,0.0,,0.0,0,0.0,0.0,,0.0,bidTooLow
2022-05-12,10367.0,-6466.0,0.0,100,392.34,457.0,0,0.0,0.0,,0.0,0,0.0,0.0,,0.0,bidTooLow
2022-05-13,10367.0,-5528.0,0.0,100,401.72,457.0,0,0.0,0.0,,0.0,0,0.0,0.0,,0.0,bidTooLow
2022-05-16,10367.0,-5691.0,0.0,100,400.09,457.0,0,0.0,0.0,,0.0,0,0.0,0.0,,0.0,bidTooLow
2022-05-17,10367.0,-4868.0,0.0,100,408.32,457.0,0,0.0,0.0,,0.0,0,0.0,0.0,,0.0,bidTooLow
2022-05-18,10367.0,-6514.0,0.0,100,391.86,457.0,0,0.0,0.0,,0.0,0,0.0,0.0,,0.0,bidTooLow
2022-05-19,10367.0,-6754.0,0.0,100,389.46,457.0,0,0.0,0.0,,0.0,0,0.0,0.0,,0.0,bidTooLow
2022-05-20,10367.0,-6737.0,0.0,100,389.63,457.0,0,0.0,0.0,,0.0,0,0.0,0.0,,0.0,bidTooLow
2022-05-23,10367.0,-6008.0,0.0,100,396.92,457.0,0,0.0,0.0,,0.0,0,0.0,0.0,,0.0,bidTooLow
2022-05-24,10367.0,-6311.0,0.0,100,393.89,457.0,0,0.0,0.0,,0.0,0,0.0,0.0,,0.0,bidTooLow
2022-05-25,10367.0,-5963.0,0.0,100,397.37,457.0,0,0.0,0.0,,0.0,0,0.0,0.0,,0.0,bidTooLow
2022-05-26,10367.0,-5172.0,0.0,100,405.31,457.0,0,0.0,0.0,,0.0,1,0.03,0.06,SPY220606C00438000,438.0,normalDay
2022-05-27,10367.0,-4186.0,0.0,100,415.26,457.0,0,0.0,0.0,,0.0,1,0.03,0.15,SPY220606C00438000,438.0,normalDay
2022-05-31,10367.0,-4409.0,0.0,100,412.93,457.0,0,0.0,0.0,,0.0,1,0.03,0.05,SPY220606C00438000,438.0,normalDay
2022-06-01,10367.0,-4740.0,0.0,100,409.59,457.0,0,0.0,0.0,,0.0,1,0.03,0.02,SPY220606C00438000,438.0,normalDay
2022-06-02,10367.0,-3960.0,0.0,100,417.39,457.0,0,0.0,0.0,,0.0,1,0.03,0.02,SPY220606C00438000,438.0,normalDay
2022-06-03,10367.0,-4644.0,0.0,100,410.54,457.0,0,0.0,0.0,,0.0,1,0.03,0.01,SPY220606C00438000,438.0,normalDay
2022-06-06,10370.0,-4521.0,3.0,100,411.79,457.0,0,0.0,0.0,,0.0,1,0.03,0.0,SPY220606C00438000,438.0,expirationDay
2022-06-07,10370.0,-4129.0,0.0,100,415.74,457.0,0,0.0,0.0,,0.0,1,0.52,0.55,SPY220617C00434000,434.0,normalDay
2022-06-08,10370.0,-4547.0,0.0,100,411.22,457.0,0,0.0,0.0,,0.0,1,0.52,0.21,SPY220617C00434000,434.0,normalDay
2022-06-09,10370.0,-5513.0,0.0,100,401.44,457.0,0,0.0,0.0,,0.0,1,0.52,0.09,SPY220617C00434000,434.0,normalDay
2022-06-10,10370.0,-6671.0,0.0,100,389.8,457.0,0,0.0,0.0,,0.0,1,0.52,0.03,SPY220617C00434000,434.0,normalDay
2022-06-13,10370.0,-8150.0,0.0,100,375.0,457.0,0,0.0,0.0,,0.0,1,0.52,0.02,SPY220617C00434000,434.0,normalDay
2022-06-14,10370.0,-8263.0,0.0,100,373.87,457.0,0,0.0,0.0,,0.0,1,0.52,0.02,SPY220617C00434000,434.0,normalDay
2022-06-15,10370.0,-7729.0,0.0,100,379.2,457.0,0,0.0,0.0,,0.0,1,0.52,0.01,SPY220617C00434000,434.0,normalDay
2022-06-16,10370.0,-8984.0,0.0,100,366.65,457.0,0,0.0,0.0,,0.0,1,0.52,0.01,SPY220617C00434000,434.0,normalDay
2022-06-17,10422.0,-9114.0,52.0,100,365.86,457.0,0,0.0,0.0,,0.0,1,0.52,0.0,SPY220617C00434000,434.0,expirationDay
2022-06-21,10422.0,-8193.0,0.0,100,375.07,457.0,0,0.0,0.0,,0.0,0,0.0,0.0,,0.0,bidTooLow
2022-06-22,10422.0,-8261.0,0.0,100,374.39,457.0,0,0.0,0.0,,0.0,0,0.0,0.0,,0.0,bidTooLow
2022-06-23,10422.0,-7894.0,0.0,100,378.06,457.0,0,0.0,0.0,,0.0,0,0.0,0.0,,0.0,bidTooLow
2022-06-24,10422.0,-6692.0,0.0,100,390.08,457.0,0,0.0,0.0,,0.0,0,0.0,0.0,,0.0,bidTooLow
2022-06-27,10422.0,-6841.0,0.0,100,388.59,457.0,0,0.0,0.0,,0.0,0,0.0,0.0,,0.0,bidTooLow
2022-06-28,10422.0,-7635.0,0.0,100,380.65,457.0,0,0.0,0.0,,0.0,0,0.0,0.0,,0.0,bidTooLow
2022-06-29,10422.0,-7666.0,0.0,100,380.34,457.0,0,0.0,0.0,,0.0,0,0.0,0.0,,0.0,bidTooLow
2022-06-30,10422.0,-7975.0,0.0,100,377.25,457.0,0,0.0,0.0,,0.0,0,0.0,0.0,,0.0,bidTooLow
2022-07-01,10422.0,-7576.0,0.0,100,381.24,457.0,0,0.0,0.0,,0.0,0,0.0,0.0,,0.0,bidTooLow
2022-07-05,10422.0,-7504.0,0.0,100,381.96,457.0,0,0.0,0.0,,0.0,0,0.0,0.0,,0.0,bidTooLow
2022-07-06,10422.0,-7375.0,0.0,100,383.25,457.0,0,0.0,0.0,,0.0,0,0.0,0.0,,0.0,bidTooLow
2022-07-07,10422.0,-6804.0,0.0,100,388.99,457.0,0,0.0,0.0,,0.0,1,0.04,0.07,SPY220718C00418000,418.0,normalDay
2022-07-08,10422.0,-6832.0,0.0,100,388.67,457.0,0,0.0,0.0,,0.0,1,0.04,0.03,SPY220718C00418000,418.0,normalDay
2022-07-11,10422.0,-7275.0,0.0,100,384.23,457.0,0,0.0,0.0,,0.0,1,0.04,0.02,SPY220718C00418000,418.0,normalDay
2022-07-12,10422.0,-7615.0,0.0,100,380.83,457.0,0,0.0,0.0,,0.0,1,0.04,0.02,SPY220718C00418000,418.0,normalDay
2022-07-13,10422.0,-7814.0,0.0,100,378.83,457.0,0,0.0,0.0,,0.0,1,0.04,0.01,SPY220718C00418000,418.0,normalDay
2022-07-14,10422.0,-7906.0,0.0,100,377.91,457.0,0,0.0,0.0,,0.0,1,0.04,0.01,SPY220718C00418000,418.0,normalDay
2022-07-15,10422.0,-7184.0,0.0,100,385.13,457.0,0,0.0,0.0,,0.0,1,0.04,0.01,SPY220718C00418000,418.0,normalDay
2022-07-18,10426.0,-7505.0,4.0,100,381.95,457.0,0,0.0,0.0,,0.0,1,0.04,0.0,SPY220718C00418000,418.0,expirationDay
2022-07-19,10426.0,-6477.0,0.0,100,392.27,457.0,0,0.0,0.0,,0.0,1,3.54,3.58,SPY220729C00399000,399.0,normalDay
2022-07-20,10426.0,-6284.0,0.0,100,394.77,457.0,0,0.0,0.0,,0.0,1,3.54,4.15,SPY220729C00399000,399.0,normalDay
2022-07-21,10426.0,-5972.0,0.0,100,398.79,457.0,0,0.0,0.0,,0.0,1,3.54,5.05,SPY220729C00399000,399.0,normalDay
2022-07-22,10426.0,-6120.0,0.0,100,395.09,457.0,0,0.0,0.0,,0.0,1,3.54,2.83,SPY220729C00399000,399.0,normalDay
2022-07-25,10426.0,-6080.0,0.0,100,395.57,457.0,0,0.0,0.0,,0.0,1,3.54,2.91,SPY220729C00399000,399.0,normalDay
2022-07-26,10426.0,-6400.0,0.0,100,390.89,457.0,0,0.0,0.0,,0.0,1,3.54,1.43,SPY220729C00399000,399.0,normalDay
2022-07-27,10426.0,-5630.0,0.0,100,401.04,457.0,0,0.0,0.0,,0.0,1,3.54,3.88,SPY220729C00399000,399.0,normalDay
2022-07-28,10426.0,-5593.0,0.0,100,406.07,457.0,0,0.0,0.0,,0.0,1,3.54,8.54,SPY220729C00399000,399.0,normalDay
2022-07-29,4980.0,-5593.0,-5446.0,0,411.99,0.0,0,0.0,0.0,,0.0,1,3.54,0.0,SPY220729C00399000,399.0,expirationDay
2022-08-01,4980.0,-3.0,0.0,0,410.77,0.0,1,2.11,2.14,SPY220916P00363000,363.0,0,0.0,0.0,,0.0,normalDay
2022-08-02,4980.0,-49.0,0.0,0,408.06,0.0,1,2.11,2.6,SPY220916P00363000,363.0,0,0.0,0.0,,0.0,normalDay
2022-08-03,4980.0,45.0,0.0,0,414.45,0.0,1,2.11,1.66,SPY220916P00363000,363.0,0,0.0,0.0,,0.0,normalDay
2022-08-04,4980.0,55.0,0.0,0,414.17,0.0,1,2.11,1.56,SPY220916P00363000,363.0,0,0.0,0.0,,0.0,normalDay
2022-08-05,4980.0,58.0,0.0,0,413.47,0.0,1,2.11,1.53,SPY220916P00363000,363.0,0,0.0,0.0,,0.0,normalDay
2022-08-08,4980.0,67.0,0.0,0,412.99,0.0,1,2.11,1.44,SPY220916P00363000,363.0,0,0.0,0.0,,0.0,normalDay
2022-08-09,4980.0,60.0,0.0,0,411.35,0.0,1,2.11,1.51,SPY220916P00363000,363.0,0,0.0,0.0,,0.0,normalDay
2022-08-10,4980.0,123.0,0.0,0,419.99,0.0,1,2.11,0.88,SPY220916P00363000,363.0,0,0.0,0.0,,0.0,normalDay
2022-08-11,4980.0,124.0,0.0,0,419.99,0.0,1,2.11,0.87,SPY220916P00363000,363.0,0,0.0,0.0,,0.0,normalDay
2022-08-12,4980.0,147.0,0.0,0,427.1,0.0,1,2.11,0.64,SPY220916P00363000,363.0,0,0.0,0.0,,0.0,normalDay
2022-08-15,4980.0,161.0,0.0,0,428.86,0.0,1,2.11,0.5,SPY220916P00363000,363.0,0,0.0,0.0,,0.0,normalDay
2022-08-16,4980.0,166.0,0.0,0,429.7,0.0,1,2.11,0.45,SPY220916P00363000,363.0,0,0.0,0.0,,0.0,normalDay
2022-08-17,4980.0,164.0,0.0,0,426.65,0.0,1,2.11,0.47,SPY220916P00363000,363.0,0,0.0,0.0,,0.0,normalDay
2022-08-18,4980.0,172.0,0.0,0,427.89,0.0,1,2.11,0.39,SPY220916P00363000,363.0,0,0.0,0.0,,0.0,normalDay
2022-08-19,4980.0,160.0,0.0,0,422.14,0.0,1,2.11,0.51,SPY220916P00363000,363.0,0,0.0,0.0,,0.0,normalDay
2022-08-22,4980.0,126.0,0.0,0,413.35,0.0,1,2.11,0.85,SPY220916P00363000,363.0,0,0.0,0.0,,0.0,normalDay
2022-08-23,4980.0,125.0,0.0,0,412.35,0.0,1,2.11,0.86,SPY220916P00363000,363.0,0,0.0,0.0,,0.0,normalDay
2022-08-24,4980.0,149.0,0.0,0,413.67,0.0,1,2.11,0.62,SPY220916P00363000,363.0,0,0.0,0.0,,0.0,normalDay
2022-08-25,4980.0,171.0,0.0,0,419.51,0.0,1,2.11,0.4,SPY220916P00363000,363.0,0,0.0,0.0,,0.0,normalDay
2022-08-26,4980.0,101.0,0.0,0,405.31,0.0,1,2.11,1.1,SPY220916P00363000,363.0,0,0.0,0.0,,0.0,normalDay
2022-08-29,4980.0,107.0,0.0,0,402.63,0.0,1,2.11,1.04,SPY220916P00363000,363.0,0,0.0,0.0,,0.0,normalDay
2022-08-30,4980.0,97.0,0.0,0,398.21,0.0,1,2.11,1.14,SPY220916P00363000,363.0,0,0.0,0.0,,0.0,normalDay
2022-08-31,4980.0,101.0,0.0,0,395.18,0.0,1,2.11,1.1,SPY220916P00363000,363.0,0,0.0,0.0,,0.0,normalDay
2022-09-01,4980.0,120.0,0.0,0,396.42,0.0,1,2.11,0.91,SPY220916P00363000,363.0,0,0.0,0.0,,0.0,normalDay
2022-09-02,4980.0,114.0,0.0,0,392.24,0.0,1,2.11,0.97,SPY220916P00363000,363.0,0,0.0,0.0,,0.0,normalDay
2022-09-06,4980.0,122.0,0.0,0,390.76,0.0,1,2.11,0.89,SPY220916P00363000,363.0,0,0.0,0.0,,0.0,normalDay
2022-09-07,4980.0,178.0,0.0,0,397.78,0.0,1,2.11,0.33,SPY220916P00363000,363.0,0,0.0,0.0,,0.0,normalDay
2022-09-08,4980.0,194.0,0.0,0,400.38,0.0,1,2.11,0.17,SPY220916P00363000,363.0,0,0.0,0.0,,0.0,normalDay
2022-09-09,4980.0,201.0,0.0,0,406.6,0.0,1,2.11,0.1,SPY220916P00363000,363.0,0,0.0,0.0,,0.0,normalDay
2022-09-12,4980.0,205.0,0.0,0,410.97,0.0,1,2.11,0.06,SPY220916P00363000,363.0,0,0.0,0.0,,0.0,normalDay
2022-09-13,4980.0,188.0,0.0,0,393.1,0.0,1,2.11,0.23,SPY220916P00363000,363.0,0,0.0,0.0,,0.0,normalDay
2022-09-14,4980.0,204.0,0.0,0,394.6,0.0,1,2.11,0.07,SPY220916P00363000,363.0,0,0.0,0.0,,0.0,normalDay
2022-09-15,4980.0,208.0,0.0,0,390.12,0.0,1,2.11,0.03,SPY220916P00363000,363.0,0,0.0,0.0,,0.0,normalDay
2022-09-16,5191.0,0.0,211.0,0,385.56,0.0,1,2.11,0.0,SPY220916P00363000,363.0,0,0.0,0.0,,0.0,expirationDay
2022-09-19,5191.0,-6.0,0.0,0,388.55,0.0,1,6.57,6.63,SPY221028P00374000,374.0,0,0.0,0.0,,0.0,normalDay
2022-09-20,5191.0,-153.0,0.0,0,384.09,0.0,1,6.57,8.1,SPY221028P00374000,374.0,0,0.0,0.0,,0.0,normalDay
2022-09-21,5191.0,-411.0,0.0,0,377.39,0.0,1,6.57,10.68,SPY221028P00374000,374.0,0,0.0,0.0,,0.0,normalDay
2022-09-22,5191.0,-472.0,0.0,0,374.22,0.0,1,6.57,11.29,SPY221028P00374000,374.0,0,0.0,0.0,,0.0,normalDay
2022-09-23,5191.0,-855.0,0.0,0,367.95,0.0,1,6.57,15.12,SPY221028P00374000,374.0,0,0.0,0.0,,0.0,normalDay
2022-09-26,5191.0,-1097.0,0.0,0,364.31,0.0,1,6.57,17.54,SPY221028P00374000,374.0,0,0.0,0.0,,0.0,normalDay
2022-09-27,5191.0,-1100.0,0.0,0,363.38,0.0,1,6.57,17.57,SPY221028P00374000,374.0,0,0.0,0.0,,0.0,normalDay
2022-09-28,5191.0,-630.0,0.0,0,370.53,0.0,1,6.57,12.87,SPY221028P00374000,374.0,0,0.0,0.0,,0.0,normalDay
2022-09-29,5191.0,-1042.0,0.0,0,362.79,0.0,1,6.57,16.99,SPY221028P00374000,374.0,0,0.0,0.0,,0.0,normalDay
2022-09-30,5191.0,-1310.0,0.0,0,357.18,0.0,1,6.57,19.67,SPY221028P00374000,374.0,0,0.0,0.0,,0.0,normalDay
2022-10-03,5191.0,-694.0,0.0,0,366.61,0.0,1,6.57,13.51,SPY221028P00374000,374.0,0,0.0,0.0,,0.0,normalDay
2022-10-04,5191.0,-160.0,0.0,0,377.97,0.0,1,6.57,8.17,SPY221028P00374000,374.0,0,0.0,0.0,,0.0,normalDay
2022-10-05,5191.0,-142.0,0.0,0,377.09,0.0,1,6.57,7.99,SPY221028P00374000,374.0,0,0.0,0.0,,0.0,normalDay
2022-10-06,5191.0,-349.0,0.0,0,373.2,0.0,1,6.57,10.06,SPY221028P00374000,374.0,0,0.0,0.0,,0.0,normalDay
2022-10-07,5191.0,-928.0,0.0,0,362.79,0.0,1,6.57,15.85,SPY221028P00374000,374.0,0,0.0,0.0,,0.0,normalDay
2022-10-10,5191.0,-1058.0,0.0,0,360.02,0.0,1,6.57,17.15,SPY221028P00374000,374.0,0,0.0,0.0,,0.0,normalDay
2022-10-11,5191.0,-1243.0,0.0,0,357.74,0.0,1,6.57,19.0,SPY221028P00374000,374.0,0,0.0,0.0,,0.0,normalDay
2022-10-12,5191.0,-1334.0,0.0,0,356.56,0.0,1,6.57,19.91,SPY221028P00374000,374.0,0,0.0,0.0,,0.0,normalDay
2022-10-13,5191.0,-628.0,0.0,0,365.97,0.0,1,6.57,12.85,SPY221028P00374000,374.0,0,0.0,0.0,,0.0,normalDay
2022-10-14,5191.0,-1151.0,0.0,0,357.63,0.0,1,6.57,18.08,SPY221028P00374000,374.0,0,0.0,0.0,,0.0,normalDay
2022-10-17,5191.0,-432.0,0.0,0,366.82,0.0,1,6.57,10.89,SPY221028P00374000,374.0,0,0.0,0.0,,0.0,normalDay
2022-10-18,5191.0,-111.0,0.0,0,371.13,0.0,1,6.57,7.68,SPY221028P00374000,374.0,0,0.0,0.0,,0.0,normalDay
2022-10-19,5191.0,-292.0,0.0,0,368.5,0.0,1,6.57,9.49,SPY221028P00374000,374.0,0,0.0,0.0,,0.0,normalDay
2022-10-20,5191.0,-403.0,0.0,0,365.41,0.0,1,6.57,10.6,SPY221028P00374000,374.0,0,0.0,0.0,,0.0,normalDay
2022-10-21,5191.0,126.0,0.0,0,374.29,0.0,1,6.57,5.31,SPY221028P00374000,374.0,0,0.0,0.0,,0.0,normalDay
2022-10-24,5191.0,365.0,0.0,0,378.87,0.0,1,6.57,2.92,SPY221028P00374000,374.0,0,0.0,0.0,,0.0,normalDay
2022-10-25,5191.0,550.0,0.0,0,384.92,0.0,1,6.57,1.07,SPY221028P00374000,374.0,0,0.0,0.0,,0.0,normalDay
2022-10-26,5191.0,600.0,0.0,0,382.02,0.0,1,6.57,0.57,SPY221028P00374000,374.0,0,0.0,0.0,,0.0,normalDay
2022-10-27,5191.0,504.0,0.0,0,379.98,0.0,1,6.57,1.53,SPY221028P00374000,374.0,0,0.0,0.0,,0.0,normalDay
2022-10-28,5848.0,0.0,657.0,0,389.02,0.0,1,6.57,0.0,SPY221028P00374000,374.0,0,0.0,0.0,,0.0,expirationDay
2022-10-31,5848.0,-4.0,0.0,0,386.21,0.0,1,2.56,2.6,SPY221216P00344000,344.0,0,0.0,0.0,,0.0,normalDay
2022-11-01,5848.0,-11.0,0.0,0,384.52,0.0,1,2.56,2.67,SPY221216P00344000,344.0,0,0.0,0.0,,0.0,normalDay
2022-11-02,5848.0,-128.0,0.0,0,374.87,0.0,1,2.56,3.84,SPY221216P00344000,344.0,0,0.0,0.0,,0.0,normalDay
2022-11-03,5848.0,-153.0,0.0,0,371.01,0.0,1,2.56,4.09,SPY221216P00344000,344.0,0,0.0,0.0,,0.0,normalDay
2022-11-04,5848.0,-53.0,0.0,0,376.35,0.0,1,2.56,3.09,SPY221216P00344000,344.0,0,0.0,0.0,,0.0,normalDay
2022-11-07,5848.0,23.0,0.0,0,379.95,0.0,1,2.56,2.33,SPY221216P00344000,344.0,0,0.0,0.0,,0.0,normalDay
2022-11-08,5848.0,8.0,0.0,0,382.0,0.0,1,2.56,2.48,SPY221216P00344000,344.0,0,0.0,0.0,,0.0,normalDay
2022-11-09,5848.0,-73.0,0.0,0,374.13,0.0,1,2.56,3.29,SPY221216P00344000,344.0,0,0.0,0.0,,0.0,normalDay
2022-11-10,5848.0,150.0,0.0,0,394.69,0.0,1,2.56,1.06,SPY221216P00344000,344.0,0,0.0,0.0,,0.0,normalDay
2022-11-11,5848.0,168.0,0.0,0,398.51,0.0,1,2.56,0.88,SPY221216P00344000,344.0,0,0.0,0.0,,0.0,normalDay
2022-11-14,5848.0,164.0,0.0,0,395.12,0.0,1,2.56,0.92,SPY221216P00344000,344.0,0,0.0,0.0,,0.0,normalDay
2022-11-15,5848.0,173.0,0.0,0,398.49,0.0,1,2.56,0.83,SPY221216P00344000,344.0,0,0.0,0.0,,0.0,normalDay
2022-11-16,5848.0,173.0,0.0,0,395.45,0.0,1,2.56,0.83,SPY221216P00344000,344.0,0,0.0,0.0,,0.0,normalDay
2022-11-17,5848.0,181.0,0.0,0,394.24,0.0,1,2.56,0.75,SPY221216P00344000,344.0,0,0.0,0.0,,0.0,normalDay
2022-11-18,5848.0,196.0,0.0,0,396.03,0.0,1,2.56,0.6,SPY221216P00344000,344.0,0,0.0,0.0,,0.0,normalDay
2022-11-21,5848.0,211.0,0.0,0,394.59,0.0,1,2.56,0.45,SPY221216P00344000,344.0,0,0.0,0.0,,0.0,normalDay
2022-11-22,5848.0,224.0,0.0,0,399.9,0.0,1,2.56,0.32,SPY221216P00344000,344.0,0,0.0,0.0,,0.0,normalDay
2022-11-23,5848.0,231.0,0.0,0,402.42,0.0,1,2.56,0.25,SPY221216P00344000,344.0,0,0.0,0.0,,0.0,normalDay
2022-11-25,5848.0,232.0,0.0,0,402.33,0.0,1,2.56,0.24,SPY221216P00344000,344.0,0,0.0,0.0,,0.0,normalDay
2022-11-28,5848.0,227.0,0.0,0,395.91,0.0,1,2.56,0.29,SPY221216P00344000,344.0,0,0.0,0.0,,0.0,normalDay
2022-11-29,5848.0,230.0,0.0,0,395.23,0.0,1,2.56,0.26,SPY221216P00344000,344.0,0,0.0,0.0,,0.0,normalDay
2022-11-30,5848.0,242.0,0.0,0,407.68,0.0,1,2.56,0.14,SPY221216P00344000,344.0,0,0.0,0.0,,0.0,normalDay
2022-12-01,5848.0,245.0,0.0,0,407.38,0.0,1,2.56,0.11,SPY221216P00344000,344.0,0,0.0,0.0,,0.0,normalDay
2022-12-02,5848.0,246.0,0.0,0,406.91,0.0,1,2.56,0.1,SPY221216P00344000,344.0,0,0.0,0.0,,0.0,normalDay
2022-12-05,5848.0,244.0,0.0,0,399.59,0.0,1,2.56,0.12,SPY221216P00344000,344.0,0,0.0,0.0,,0.0,normalDay
2022-12-06,5848.0,238.0,0.0,0,393.83,0.0,1,2.56,0.18,SPY221216P00344000,344.0,0,0.0,0.0,,0.0,normalDay
2022-12-07,5848.0,240.0,0.0,0,393.16,0.0,1,2.56,0.16,SPY221216P00344000,344.0,0,0.0,0.0,,0.0,normalDay
2022-12-08,5848.0,245.0,0.0,0,396.24,0.0,1,2.56,0.11,SPY221216P00344000,344.0,0,0.0,0.0,,0.0,normalDay
2022-12-09,5848.0,245.0,0.0,0,393.28,0.0,1,2.56,0.11,SPY221216P00344000,344.0,0,0.0,0.0,,0.0,normalDay
2022-12-12,5848.0,248.0,0.0,0,398.95,0.0,1,2.56,0.08,SPY221216P00344000,344.0,0,0.0,0.0,,0.0,normalDay
2022-12-13,5848.0,252.0,0.0,0,401.97,0.0,1,2.56,0.04,SPY221216P00344000,344.0,0,0.0,0.0,,0.0,normalDay
2022-12-14,5848.0,253.0,0.0,0,399.4,0.0,1,2.56,0.03,SPY221216P00344000,344.0,0,0.0,0.0,,0.0,normalDay
2022-12-15,5848.0,254.0,0.0,0,389.63,0.0,1,2.56,0.02,SPY221216P00344000,344.0,0,0.0,0.0,,0.0,normalDay
2022-12-16,6104.0,0.0,256.0,0,383.27,0.0,1,2.56,0.0,SPY221216P00344000,344.0,0,0.0,0.0,,0.0,expirationDay
2022-12-19,6104.0,-5.0,0.0,0,380.02,0.0,1,8.46,8.51,SPY230127P00377000,377.0,0,0.0,0.0,,0.0,normalDay
2022-12-20,6104.0,71.0,0.0,0,380.54,0.0,1,8.46,7.75,SPY230127P00377000,377.0,0,0.0,0.0,,0.0,normalDay
2022-12-21,6104.0,308.0,0.0,0,386.23,0.0,1,8.46,5.38,SPY230127P00377000,377.0,0,0.0,0.0,,0.0,normalDay
2022-12-22,6104.0,75.0,0.0,0,380.72,0.0,1,8.46,7.71,SPY230127P00377000,377.0,0,0.0,0.0,,0.0,normalDay
2022-12-23,6104.0,185.0,0.0,0,382.91,0.0,1,8.46,6.61,SPY230127P00377000,377.0,0,0.0,0.0,,0.0,normalDay
2022-12-27,6104.0,167.0,0.0,0,381.4,0.0,1,8.46,6.79,SPY230127P00377000,377.0,0,0.0,0.0,,0.0,normalDay
2022-12-28,6104.0,-28.0,0.0,0,376.66,0.0,1,8.46,8.74,SPY230127P00377000,377.0,0,0.0,0.0,,0.0,normalDay
2022-12-29,6104.0,262.0,0.0,0,383.44,0.0,1,8.46,5.84,SPY230127P00377000,377.0,0,0.0,0.0,,0.0,normalDay
2022-12-30,6104.0,255.0,0.0,0,382.43,0.0,1,8.46,5.91,SPY230127P00377000,377.0,0,0.0,0.0,,0.0,normalDay
2023-01-03,6104.0,201.0,0.0,0,380.82,0.0,1,8.46,6.45,SPY230127P00377000,377.0,0,0.0,0.0,,0.0,normalDay
2023-01-04,6104.0,370.0,0.0,0,383.76,0.0,1,8.46,4.76,SPY230127P00377000,377.0,0,0.0,0.0,,0.0,normalDay
2023-01-05,6104.0,207.0,0.0,0,379.38,0.0,1,8.46,6.39,SPY230127P00377000,377.0,0,0.0,0.0,,0.0,normalDay
2023-01-06,6104.0,541.0,0.0,0,388.08,0.0,1,8.46,3.05,SPY230127P00377000,377.0,0,0.0,0.0,,0.0,normalDay
2023-01-09,6104.0,544.0,0.0,0,387.86,0.0,1,8.46,3.02,SPY230127P00377000,377.0,0,0.0,0.0,,0.0,normalDay
2023-01-10,6104.0,647.0,0.0,0,390.58,0.0,1,8.46,1.99,SPY230127P00377000,377.0,0,0.0,0.0,,0.0,normalDay
2023-01-11,6104.0,709.0,0.0,0,395.52,0.0,1,8.46,1.37,SPY230127P00377000,377.0,0,0.0,0.0,,0.0,normalDay
2023-01-12,6104.0,786.0,0.0,0,396.96,0.0,1,8.46,0.6,SPY230127P00377000,377.0,0,0.0,0.0,,0.0,normalDay
2023-01-13,6104.0,804.0,0.0,0,398.5,0.0,1,8.46,0.42,SPY230127P00377000,377.0,0,0.0,0.0,,0.0,normalDay
2023-01-17,6104.0,817.0,0.0,0,397.77,0.0,1,8.46,0.29,SPY230127P00377000,377.0,0,0.0,0.0,,0.0,normalDay
2023-01-18,6104.0,791.0,0.0,0,391.49,0.0,1,8.46,0.55,SPY230127P00377000,377.0,0,0.0,0.0,,0.0,normalDay
2023-01-19,6104.0,778.0,0.0,0,388.64,0.0,1,8.46,0.68,SPY230127P00377000,377.0,0,0.0,0.0,,0.0,normalDay
2023-01-20,6104.0,829.0,0.0,0,395.88,0.0,1,8.46,0.17,SPY230127P00377000,377.0,0,0.0,0.0,,0.0,normalDay
2023-01-23,6104.0,838.0,0.0,0,400.63,0.0,1,8.46,0.08,SPY230127P00377000,377.0,0,0.0,0.0,,0.0,normalDay
2023-01-24,6104.0,841.0,0.0,0,400.2,0.0,1,8.46,0.05,SPY230127P00377000,377.0,0,0.0,0.0,,0.0,normalDay
2023-01-25,6104.0,842.0,0.0,0,400.35,0.0,1,8.46,0.04,SPY230127P00377000,377.0,0,0.0,0.0,,0.0,normalDay
2023-01-26,6104.0,844.0,0.0,0,404.75,0.0,1,8.46,0.02,SPY230127P00377000,377.0,0,0.0,0.0,,0.0,normalDay
2023-01-27,6950.0,0.0,846.0,0,405.68,0.0,1,8.46,0.0,SPY230127P00377000,377.0,0,0.0,0.0,,0.0,expirationDay
2023-01-30,6950.0,-3.0,0.0,0,400.59,0.0,1,2.7,2.73,SPY230317P00371000,371.0,0,0.0,0.0,,0.0,normalDay
2023-01-31,6950.0,63.0,0.0,0,406.48,0.0,1,2.7,2.07,SPY230317P00371000,371.0,0,0.0,0.0,,0.0,normalDay
2023-02-01,6950.0,126.0,0.0,0,410.8,0.0,1,2.7,1.44,SPY230317P00371000,371.0,0,0.0,0.0,,0.0,normalDay
2023-02-02,6950.0,126.0,0.0,0,416.78,0.0,1,2.7,1.44,SPY230317P00371000,371.0,0,0.0,0.0,,0.0,normalDay
2023-02-03,6950.0,126.0,0.0,0,412.35,0.0,1,2.7,1.44,SPY230317P00371000,371.0,0,0.0,0.0,,0.0,normalDay
2023-02-06,6950.0,113.0,0.0,0,409.83,0.0,1,2.7,1.57,SPY230317P00371000,371.0,0,0.0,0.0,,0.0,normalDay
2023-02-07,6950.0,158.0,0.0,0,415.19,0.0,1,2.7,1.12,SPY230317P00371000,371.0,0,0.0,0.0,,0.0,normalDay
2023-02-08,6950.0,126.0,0.0,0,410.65,0.0,1,2.7,1.44,SPY230317P00371000,371.0,0,0.0,0.0,,0.0,normalDay
2023-02-09,6950.0,95.0,0.0,0,407.09,0.0,1,2.7,1.75,SPY230317P00371000,371.0,0,0.0,0.0,,0.0,normalDay
2023-02-10,6950.0,111.0,0.0,0,408.04,0.0,1,2.7,1.59,SPY230317P00371000,371.0,0,0.0,0.0,,0.0,normalDay
2023-02-13,6950.0,164.0,0.0,0,412.83,0.0,1,2.7,1.06,SPY230317P00371000,371.0,0,0.0,0.0,,0.0,normalDay
2023-02-14,6950.0,186.0,0.0,0,412.64,0.0,1,2.7,0.84,SPY230317P00371000,371.0,0,0.0,0.0,,0.0,normalDay
2023-02-15,6950.0,203.0,0.0,0,413.98,0.0,1,2.7,0.67,SPY230317P00371000,371.0,0,0.0,0.0,,0.0,normalDay
2023-02-16,6950.0,155.0,0.0,0,408.28,0.0,1,2.7,1.15,SPY230317P00371000,371.0,0,0.0,0.0,,0.0,normalDay
2023-02-17,6950.0,166.0,0.0,0,407.26,0.0,1,2.7,1.04,SPY230317P00371000,371.0,0,0.0,0.0,,0.0,normalDay
2023-02-21,6950.0,105.0,0.0,0,399.09,0.0,1,2.7,1.65,SPY230317P00371000,371.0,0,0.0,0.0,,0.0,normalDay
2023-02-22,6950.0,120.0,0.0,0,398.54,0.0,1,2.7,1.5,SPY230317P00371000,371.0,0,0.0,0.0,,0.0,normalDay
2023-02-23,6950.0,161.0,0.0,0,400.66,0.0,1,2.7,1.09,SPY230317P00371000,371.0,0,0.0,0.0,,0.0,normalDay
2023-02-24,6950.0,133.0,0.0,0,396.38,0.0,1,2.7,1.37,SPY230317P00371000,371.0,0,0.0,0.0,,0.0,normalDay
2023-02-27,6950.0,184.0,0.0,0,397.73,0.0,1,2.7,0.86,SPY230317P00371000,371.0,0,0.0,0.0,,0.0,normalDay
2023-02-28,6950.0,182.0,0.0,0,396.26,0.0,1,2.7,0.88,SPY230317P00371000,371.0,0,0.0,0.0,,0.0,normalDay
2023-03-01,6950.0,184.0,0.0,0,394.74,0.0,1,2.7,0.86,SPY230317P00371000,371.0,0,0.0,0.0,,0.0,normalDay
2023-03-02,6950.0,221.0,0.0,0,397.81,0.0,1,2.7,0.49,SPY230317P00371000,371.0,0,0.0,0.0,,0.0,normalDay
2023-03-03,6950.0,245.0,0.0,0,404.19,0.0,1,2.7,0.25,SPY230317P00371000,371.0,0,0.0,0.0,,0.0,normalDay
2023-03-06,6950.0,250.0,0.0,0,404.47,0.0,1,2.7,0.2,SPY230317P00371000,371.0,0,0.0,0.0,,0.0,normalDay
2023-03-07,6950.0,235.0,0.0,0,398.27,0.0,1,2.7,0.35,SPY230317P00371000,371.0,0,0.0,0.0,,0.0,normalDay
2023-03-08,6950.0,244.0,0.0,0,398.92,0.0,1,2.7,0.26,SPY230317P00371000,371.0,0,0.0,0.0,,0.0,normalDay
2023-03-09,6950.0,182.0,0.0,0,391.56,0.0,1,2.7,0.88,SPY230317P00371000,371.0,0,0.0,0.0,,0.0,normalDay
2023-03-10,6950.0,127.0,0.0,0,385.91,0.0,1,2.7,1.43,SPY230317P00371000,371.0,0,0.0,0.0,,0.0,normalDay
2023-03-13,6950.0,128.0,0.0,0,385.36,0.0,1,2.7,1.42,SPY230317P00371000,371.0,0,0.0,0.0,,0.0,normalDay
2023-03-14,6950.0,244.0,0.0,0,391.73,0.0,1,2.7,0.26,SPY230317P00371000,371.0,0,0.0,0.0,,0.0,normalDay
2023-03-15,6950.0,244.0,0.0,0,389.28,0.0,1,2.7,0.26,SPY230317P00371000,371.0,0,0.0,0.0,,0.0,normalDay
2023-03-16,6950.0,267.0,0.0,0,396.11,0.0,1,2.7,0.03,SPY230317P00371000,371.0,0,0.0,0.0,,0.0,normalDay
2023-03-17,7220.0,0.0,270.0,0,389.99,0.0,1,2.7,0.0,SPY230317P00371000,371.0,0,0.0,0.0,,0.0,expirationDay
2023-03-20,7220.0,-8.0,0.0,0,393.74,0.0,1,6.1,6.18,SPY230428P00381000,381.0,0,0.0,0.0,,0.0,normalDay
2023-03-21,7220.0,200.0,0.0,0,398.91,0.0,1,6.1,4.1,SPY230428P00381000,381.0,0,0.0,0.0,,0.0,normalDay
2023-03-22,7220.0,27.0,0.0,0,392.11,0.0,1,6.1,5.83,SPY230428P00381000,381.0,0,0.0,0.0,,0.0,normalDay
2023-03-23,7220.0,41.0,0.0,0,393.17,0.0,1,6.1,5.69,SPY230428P00381000,381.0,0,0.0,0.0,,0.0,normalDay
2023-03-24,7220.0,140.0,0.0,0,395.75,0.0,1,6.1,4.7,SPY230428P00381000,381.0,0,0.0,0.0,,0.0,normalDay
2023-03-27,7220.0,238.0,0.0,0,396.49,0.0,1,6.1,3.72,SPY230428P00381000,381.0,0,0.0,0.0,,0.0,normalDay
2023-03-28,7220.0,264.0,0.0,0,395.6,0.0,1,6.1,3.46,SPY230428P00381000,381.0,0,0.0,0.0,,0.0,normalDay
2023-03-29,7220.0,373.0,0.0,0,401.35,0.0,1,6.1,2.37,SPY230428P00381000,381.0,0,0.0,0.0,,0.0,normalDay
2023-03-30,7220.0,414.0,0.0,0,403.7,0.0,1,6.1,1.96,SPY230428P00381000,381.0,0,0.0,0.0,,0.0,normalDay
2023-03-31,7220.0,481.0,0.0,0,409.39,0.0,1,6.1,1.29,SPY230428P00381000,381.0,0,0.0,0.0,,0.0,normalDay
2023-04-03,7220.0,520.0,0.0,0,410.95,0.0,1,6.1,0.9,SPY230428P00381000,381.0,0,0.0,0.0,,0.0,normalDay
2023-04-04,7220.0,512.0,0.0,0,408.67,0.0,1,6.1,0.98,SPY230428P00381000,381.0,0,0.0,0.0,,0.0,normalDay
2023-04-05,7220.0,515.0,0.0,0,407.6,0.0,1,6.1,0.95,SPY230428P00381000,381.0,0,0.0,0.0,,0.0,normalDay
2023-04-06,7220.0,539.0,0.0,0,409.19,0.0,1,6.1,0.71,SPY230428P00381000,381.0,0,0.0,0.0,,0.0,normalDay
2023-04-10,7220.0,556.0,0.0,0,409.61,0.0,1,6.1,0.54,SPY230428P00381000,381.0,0,0.0,0.0,,0.0,normalDay
2023-04-11,7220.0,559.0,0.0,0,409.72,0.0,1,6.1,0.51,SPY230428P00381000,381.0,0,0.0,0.0,,0.0,normalDay
2023-04-12,7220.0,559.0,0.0,0,408.05,0.0,1,6.1,0.51,SPY230428P00381000,381.0,0,0.0,0.0,,0.0,normalDay
2023-04-13,7220.0,585.0,0.0,0,413.47,0.0,1,6.1,0.25,SPY230428P00381000,381.0,0,0.0,0.0,,0.0,normalDay
2023-04-14,7220.0,592.0,0.0,0,412.46,0.0,1,6.1,0.18,SPY230428P00381000,381.0,0,0.0,0.0,,0.0,normalDay
2023-04-17,7220.0,597.0,0.0,0,413.94,0.0,1,6.1,0.13,SPY230428P00381000,381.0,0,0.0,0.0,,0.0,normalDay
2023-04-18,7220.0,598.0,0.0,0,414.21,0.0,1,6.1,0.12,SPY230428P00381000,381.0,0,0.0,0.0,,0.0,normalDay
2023-04-19,7220.0,601.0,0.0,0,414.14,0.0,1,6.1,0.09,SPY230428P00381000,381.0,0,0.0,0.0,,0.0,normalDay
2023-04-20,7220.0,602.0,0.0,0,411.88,0.0,1,6.1,0.08,SPY230428P00381000,381.0,0,0.0,0.0,,0.0,normalDay
2023-04-21,7220.0,604.0,0.0,0,412.2,0.0,1,6.1,0.06,SPY230428P00381000,381.0,0,0.0,0.0,,0.0,normalDay
2023-04-24,7220.0,607.0,0.0,0,412.63,0.0,1,6.1,0.03,SPY230428P00381000,381.0,0,0.0,0.0,,0.0,normalDay
2023-04-25,7220.0,606.0,0.0,0,406.08,0.0,1,6.1,0.04,SPY230428P00381000,381.0,0,0.0,0.0,,0.0,normalDay
2023-04-26,7220.0,607.0,0.0,0,404.36,0.0,1,6.1,0.03,SPY230428P00381000,381.0,0,0.0,0.0,,0.0,normalDay
2023-04-27,7220.0,608.0,0.0,0,412.41,0.0,1,6.1,0.02,SPY230428P00381000,381.0,0,0.0,0.0,,0.0,normalDay
2023-04-28,7830.0,0.0,610.0,0,415.93,0.0,1,6.1,0.0,SPY230428P00381000,381.0,0,0.0,0.0,,0.0,expirationDay
2023-05-01,7830.0,-4.0,0.0,0,415.51,0.0,1,4.39,4.43,SPY230616P00402000,402.0,0,0.0,0.0,,0.0,normalDay
2023-05-02,7830.0,-171.0,0.0,0,410.84,0.0,1,4.39,6.1,SPY230616P00402000,402.0,0,0.0,0.0,,0.0,normalDay
2023-05-03,7830.0,-247.0,0.0,0,408.02,0.0,1,4.39,6.86,SPY230616P00402000,402.0,0,0.0,0.0,,0.0,normalDay
2023-05-04,7830.0,-430.0,0.0,0,405.13,0.0,1,4.39,8.69,SPY230616P00402000,402.0,0,0.0,0.0,,0.0,normalDay
2023-05-05,7830.0,-103.0,0.0,0,412.63,0.0,1,4.39,5.42,SPY230616P00402000,402.0,0,0.0,0.0,,0.0,normalDay
2023-05-08,7830.0,-59.0,0.0,0,412.74,0.0,1,4.39,4.98,SPY230616P00402000,402.0,0,0.0,0.0,,0.0,normalDay
2023-05-09,7830.0,-107.0,0.0,0,410.93,0.0,1,4.39,5.46,SPY230616P00402000,402.0,0,0.0,0.0,,0.0,normalDay
2023-05-10,7830.0,-19.0,0.0,0,412.85,0.0,1,4.39,4.58,SPY230616P00402000,402.0,0,0.0,0.0,,0.0,normalDay
2023-05-11,7830.0,-24.0,0.0,0,412.13,0.0,1,4.39,4.63,SPY230616P00402000,402.0,0,0.0,0.0,,0.0,normalDay
2023-05-12,7830.0,-31.0,0.0,0,411.59,0.0,1,4.39,4.7,SPY230616P00402000,402.0,0,0.0,0.0,,0.0,normalDay
2023-05-15,7830.0,49.0,0.0,0,413.01,0.0,1,4.39,3.9,SPY230616P00402000,402.0,0,0.0,0.0,,0.0,normalDay
2023-05-16,7830.0,-29.0,0.0,0,410.25,0.0,1,4.39,4.68,SPY230616P00402000,402.0,0,0.0,0.0,,0.0,normalDay
2023-05-17,7830.0,118.0,0.0,0,415.23,0.0,1,4.39,3.21,SPY230616P00402000,402.0,0,0.0,0.0,,0.0,normalDay
2023-05-18,7830.0,214.0,0.0,0,419.23,0.0,1,4.39,2.25,SPY230616P00402000,402.0,0,0.0,0.0,,0.0,normalDay
2023-05-19,7830.0,188.0,0.0,0,418.62,0.0,1,4.39,2.51,SPY230616P00402000,402.0,0,0.0,0.0,,0.0,normalDay
2023-05-22,7830.0,201.0,0.0,0,418.79,0.0,1,4.39,2.38,SPY230616P00402000,402.0,0,0.0,0.0,,0.0,normalDay
2023-05-23,7830.0,96.0,0.0,0,414.09,0.0,1,4.39,3.43,SPY230616P00402000,402.0,0,0.0,0.0,,0.0,normalDay
2023-05-24,7830.0,3.0,0.0,0,411.09,0.0,1,4.39,4.36,SPY230616P00402000,402.0,0,0.0,0.0,,0.0,normalDay
2023-05-25,7830.0,116.0,0.0,0,414.65,0.0,1,4.39,3.23,SPY230616P00402000,402.0,0,0.0,0.0,,0.0,normalDay
2023-05-26,7830.0,240.0,0.0,0,420.02,0.0,1,4.39,1.99,SPY230616P00402000,402.0,0,0.0,0.0,,0.0,normalDay
2023-05-30,7830.0,292.0,0.0,0,420.18,0.0,1,4.39,1.47,SPY230616P00402000,402.0,0,0.0,0.0,,0.0,normalDay
2023-05-31,7830.0,278.0,0.0,0,417.85,0.0,1,4.39,1.61,SPY230616P00402000,402.0,0,0.0,0.0,,0.0,normalDay
2023-06-01,7830.0,358.0,0.0,0,421.82,0.0,1,4.39,0.81,SPY230616P00402000,402.0,0,0.0,0.0,,0.0,normalDay
2023-06-02,7830.0,403.0,0.0,0,427.92,0.0,1,4.39,0.36,SPY230616P00402000,402.0,0,0.0,0.0,,0.0,normalDay
2023-06-05,7830.0,410.0,0.0,0,427.1,0.0,1,4.39,0.29,SPY230616P00402000,402.0,0,0.0,0.0,,0.0,normalDay
2023-06-06,7830.0,416.0,0.0,0,428.03,0.0,1,4.39,0.23,SPY230616P00402000,402.0,0,0.0,0.0,,0.0,normalDay
2023-06-07,7830.0,417.0,0.0,0,426.55,0.0,1,4.39,0.22,SPY230616P00402000,402.0,0,0.0,0.0,,0.0,normalDay
2023-06-08,7830.0,422.0,0.0,0,429.13,0.0,1,4.39,0.17,SPY230616P00402000,402.0,0,0.0,0.0,,0.0,normalDay
2023-06-09,7830.0,426.0,0.0,0,429.9,0.0,1,4.39,0.13,SPY230616P00402000,402.0,0,0.0,0.0,,0.0,normalDay
2023-06-12,7830.0,428.0,0.0,0,433.8,0.0,1,4.39,0.11,SPY230616P00402000,402.0,0,0.0,0.0,,0.0,normalDay
2023-06-13,7830.0,431.0,0.0,0,436.66,0.0,1,4.39,0.08,SPY230616P00402000,402.0,0,0.0,0.0,,0.0,normalDay
2023-06-14,7830.0,434.0,0.0,0,437.18,0.0,1,4.39,0.05,SPY230616P00402000,402.0,0,0.0,0.0,,0.0,normalDay
2023-06-15,7830.0,436.0,0.0,0,442.6,0.0,1,4.39,0.03,SPY230616P00402000,402.0,0,0.0,0.0,,0.0,normalDay
2023-06-16,8269.0,0.0,439.0,0,439.46,0.0,1,4.39,0.0,SPY230616P00402000,402.0,0,0.0,0.0,,0.0,expirationDay
2023-06-20,8269.0,-3.0,0.0,0,437.18,0.0,1,0.83,0.86,SPY230728P00401000,401.0,0,0.0,0.0,,0.0,normalDay
2023-06-21,8269.0,-1.0,0.0,0,434.94,0.0,1,0.83,0.84,SPY230728P00401000,401.0,0,0.0,0.0,,0.0,normalDay
2023-06-22,8269.0,13.0,0.0,0,436.51,0.0,1,0.83,0.7,SPY230728P00401000,401.0,0,0.0,0.0,,0.0,normalDay
2023-06-23,8269.0,-4.0,0.0,0,433.21,0.0,1,0.83,0.87,SPY230728P00401000,401.0,0,0.0,0.0,,0.0,normalDay
2023-06-26,8269.0,-8.0,0.0,0,431.44,0.0,1,0.83,0.91,SPY230728P00401000,401.0,0,0.0,0.0,,0.0,normalDay
2023-06-27,8269.0,20.0,0.0,0,436.17,0.0,1,0.83,0.63,SPY230728P00401000,401.0,0,0.0,0.0,,0.0,normalDay
2023-06-28,8269.0,31.0,0.0,0,436.39,0.0,1,0.83,0.52,SPY230728P00401000,401.0,0,0.0,0.0,,0.0,normalDay
2023-06-29,8269.0,36.0,0.0,0,438.11,0.0,1,0.83,0.47,SPY230728P00401000,401.0,0,0.0,0.0,,0.0,normalDay
2023-06-30,8269.0,47.0,0.0,0,443.28,0.0,1,0.83,0.36,SPY230728P00401000,401.0,0,0.0,0.0,,0.0,normalDay
2023-07-03,8269.0,52.0,0.0,0,443.79,0.0,1,0.83,0.31,SPY230728P00401000,401.0,0,0.0,0.0,,0.0,normalDay
2023-07-05,8269.0,52.0,0.0,0,443.13,0.0,1,0.83,0.31,SPY230728P00401000,401.0,0,0.0,0.0,,0.0,normalDay
2023-07-06,8269.0,41.0,0.0,0,439.66,0.0,1,0.83,0.42,SPY230728P00401000,401.0,0,0.0,0.0,,0.0,normalDay
2023-07-07,8269.0,47.0,0.0,0,438.55,0.0,1,0.83,0.36,SPY230728P00401000,401.0,0,0.0,0.0,,0.0,normalDay
2023-07-10,8269.0,55.0,0.0,0,439.66,0.0,1,0.83,0.28,SPY230728P00401000,401.0,0,0.0,0.0,,0.0,normalDay
2023-07-11,8269.0,60.0,0.0,0,442.46,0.0,1,0.83,0.23,SPY230728P00401000,401.0,0,0.0,0.0,,0.0,normalDay
2023-07-12,8269.0,67.0,0.0,0,446.02,0.0,1,0.83,0.16,SPY230728P00401000,401.0,0,0.0,0.0,,0.0,normalDay
2023-07-13,8269.0,67.0,0.0,0,449.56,0.0,1,0.83,0.16,SPY230728P00401000,401.0,0,0.0,0.0,,0.0,normalDay
2023-07-14,8269.0,70.0,0.0,0,449.28,0.0,1,0.83,0.13,SPY230728P00401000,401.0,0,0.0,0.0,,0.0,normalDay
2023-07-17,8269.0,74.0,0.0,0,450.84,0.0,1,0.83,0.09,SPY230728P00401000,401.0,0,0.0,0.0,,0.0,normalDay
2023-07-18,8269.0,75.0,0.0,0,454.19,0.0,1,0.83,0.08,SPY230728P00401000,401.0,0,0.0,0.0,,0.0,normalDay
2023-07-19,8269.0,77.0,0.0,0,455.2,0.0,1,0.83,0.06,SPY230728P00401000,401.0,0,0.0,0.0,,0.0,normalDay
2023-07-20,8269.0,77.0,0.0,0,452.18,0.0,1,0.83,0.06,SPY230728P00401000,401.0,0,0.0,0.0,,0.0,normalDay
2023-07-21,8269.0,80.0,0.0,0,452.18,0.0,1,0.83,0.03,SPY230728P00401000,401.0,0,0.0,0.0,,0.0,normalDay
2023-07-24,8269.0,81.0,0.0,0,454.2,0.0,1,0.83,0.02,SPY230728P00401000,401.0,0,0.0,0.0,,0.0,normalDay
2023-07-25,8269.0,81.0,0.0,0,455.44,0.0,1,0.83,0.02,SPY230728P00401000,401.0,0,0.0,0.0,,0.0,normalDay
2023-07-26,8269.0,81.0,0.0,0,455.51,0.0,1,0.83,0.02,SPY230728P00401000,401.0,0,0.0,0.0,,0.0,normalDay
2023-07-27,8269.0,81.0,0.0,0,452.49,0.0,1,0.83,0.02,SPY230728P00401000,401.0,0,0.0,0.0,,0.0,normalDay
2023-07-28,8352.0,0.0,83.0,0,456.92,0.0,1,0.83,0.0,SPY230728P00401000,401.0,0,0.0,0.0,,0.0,expirationDay
2023-07-31,8352.0,-3.0,0.0,0,457.79,0.0,1,1.79,1.82,SPY230915P00432000,432.0,0,0.0,0.0,,0.0,normalDay
2023-08-01,8352.0,-19.0,0.0,0,456.48,0.0,1,1.79,1.98,SPY230915P00432000,432.0,0,0.0,0.0,,0.0,normalDay
2023-08-02,8352.0,-151.0,0.0,0,450.13,0.0,1,1.79,3.3,SPY230915P00432000,432.0,0,0.0,0.0,,0.0,normalDay
2023-08-03,8352.0,-144.0,0.0,0,448.84,0.0,1,1.79,3.23,SPY230915P00432000,432.0,0,0.0,0.0,,0.0,normalDay
2023-08-04,8352.0,-224.0,0.0,0,446.81,0.0,1,1.79,4.03,SPY230915P00432000,432.0,0,0.0,0.0,,0.0,normalDay
2023-08-07,8352.0,-100.0,0.0,0,450.71,0.0,1,1.79,2.79,SPY230915P00432000,432.0,0,0.0,0.0,,0.0,normalDay
2023-08-08,8352.0,-138.0,0.0,0,448.75,0.0,1,1.79,3.17,SPY230915P00432000,432.0,0,0.0,0.0,,0.0,normalDay
2023-08-09,8352.0,-171.0,0.0,0,445.75,0.0,1,1.79,3.5,SPY230915P00432000,432.0,0,0.0,0.0,,0.0,normalDay
2023-08-10,8352.0,-168.0,0.0,0,445.91,0.0,1,1.79,3.47,SPY230915P00432000,432.0,0,0.0,0.0,,0.0,normalDay
2023-08-11,8352.0,-132.0,0.0,0,445.65,0.0,1,1.79,3.11,SPY230915P00432000,432.0,0,0.0,0.0,,0.0,normalDay
2023-08-14,8352.0,-64.0,0.0,0,448.11,0.0,1,1.79,2.43,SPY230915P00432000,432.0,0,0.0,0.0,,0.0,normalDay
2023-08-15,8352.0,-196.0,0.0,0,442.89,0.0,1,1.79,3.75,SPY230915P00432000,432.0,0,0.0,0.0,,0.0,normalDay
2023-08-16,8352.0,-273.0,0.0,0,439.64,0.0,1,1.79,4.52,SPY230915P00432000,432.0,0,0.0,0.0,,0.0,normalDay
2023-08-17,8352.0,-409.0,0.0,0,436.29,0.0,1,1.79,5.88,SPY230915P00432000,432.0,0,0.0,0.0,,0.0,normalDay
2023-08-18,8352.0,-354.0,0.0,0,436.5,0.0,1,1.79,5.33,SPY230915P00432000,432.0,0,0.0,0.0,,0.0,normalDay
2023-08-21,8352.0,-237.0,0.0,0,439.34,0.0,1,1.79,4.16,SPY230915P00432000,432.0,0,0.0,0.0,,0.0,normalDay
2023-08-22,8352.0,-244.0,0.0,0,438.15,0.0,1,1.79,4.23,SPY230915P00432000,432.0,0,0.0,0.0,,0.0,normalDay
2023-08-23,8352.0,-88.0,0.0,0,443.03,0.0,1,1.79,2.67,SPY230915P00432000,432.0,0,0.0,0.0,,0.0,normalDay
2023-08-24,8352.0,-265.0,0.0,0,436.89,0.0,1,1.79,4.44,SPY230915P00432000,432.0,0,0.0,0.0,,0.0,normalDay
2023-08-25,8352.0,-116.0,0.0,0,439.97,0.0,1,1.79,2.95,SPY230915P00432000,432.0,0,0.0,0.0,,0.0,normalDay
2023-08-28,8352.0,-9.0,0.0,0,442.76,0.0,1,1.79,1.88,SPY230915P00432000,432.0,0,0.0,0.0,,0.0,normalDay
2023-08-29,8352.0,88.0,0.0,0,449.16,0.0,1,1.79,0.91,SPY230915P00432000,432.0,0,0.0,0.0,,0.0,normalDay
2023-08-30,8352.0,116.0,0.0,0,451.01,0.0,1,1.79,0.63,SPY230915P00432000,432.0,0,0.0,0.0,,0.0,normalDay
2023-08-31,8352.0,128.0,0.0,0,450.35,0.0,1,1.79,0.51,SPY230915P00432000,432.0,0,0.0,0.0,,0.0,normalDay
2023-09-01,8352.0,138.0,0.0,0,451.19,0.0,1,1.79,0.41,SPY230915P00432000,432.0,0,0.0,0.0,,0.0,normalDay
2023-09-05,8352.0,136.0,0.0,0,449.24,0.0,1,1.79,0.43,SPY230915P00432000,432.0,0,0.0,0.0,,0.0,normalDay
2023-09-06,8352.0,123.0,0.0,0,446.22,0.0,1,1.79,0.56,SPY230915P00432000,432.0,0,0.0,0.0,,0.0,normalDay
2023-09-07,8352.0,128.0,0.0,0,444.85,0.0,1,1.79,0.51,SPY230915P00432000,432.0,0,0.0,0.0,,0.0,normalDay
2023-09-08,8352.0,151.0,0.0,0,445.52,0.0,1,1.79,0.28,SPY230915P00432000,432.0,0,0.0,0.0,,0.0,normalDay
2023-09-11,8352.0,167.0,0.0,0,448.45,0.0,1,1.79,0.12,SPY230915P00432000,432.0,0,0.0,0.0,,0.0,normalDay
2023-09-12,8352.0,164.0,0.0,0,445.99,0.0,1,1.79,0.15,SPY230915P00432000,432.0,0,0.0,0.0,,0.0,normalDay
2023-09-13,8352.0,174.0,0.0,0,446.51,0.0,1,1.79,0.05,SPY230915P00432000,432.0,0,0.0,0.0,,0.0,normalDay
2023-09-14,8352.0,175.0,0.0,0,450.36,0.0,1,1.79,0.04,SPY230915P00432000,432.0,0,0.0,0.0,,0.0,normalDay
2023-09-15,8531.0,0.0,179.0,0,443.37,0.0,1,1.79,0.0,SPY230915P00432000,432.0,0,0.0,0.0,,0.0,expirationDay
2023-09-18,8531.0,-4.0,0.0,0,443.63,0.0,1,3.17,3.21,SPY231027P00433000,433.0,0,0.0,0.0,,0.0,normalDay
2023-09-19,8531.0,-18.0,0.0,0,442.71,0.0,1,3.17,3.35,SPY231027P00433000,433.0,0,0.0,0.0,,0.0,normalDay
2023-09-20,8531.0,-156.0,0.0,0,438.64,0.0,1,3.17,4.73,SPY231027P00433000,433.0,0,0.0,0.0,,0.0,normalDay
2023-09-21,8531.0,-481.0,0.0,0,431.39,0.0,1,3.17,7.98,SPY231027P00433000,433.0,0,0.0,0.0,,0.0,normalDay
2023-09-22,8531.0,-502.0,0.0,0,430.42,0.0,1,3.17,8.19,SPY231027P00433000,433.0,0,0.0,0.0,,0.0,normalDay
2023-09-25,8531.0,-393.0,0.0,0,432.23,0.0,1,3.17,7.1,SPY231027P00433000,433.0,0,0.0,0.0,,0.0,normalDay
2023-09-26,8531.0,-747.0,0.0,0,425.88,0.0,1,3.17,10.64,SPY231027P00433000,433.0,0,0.0,0.0,,0.0,normalDay
2023-09-27,8531.0,-706.0,0.0,0,426.05,0.0,1,3.17,10.23,SPY231027P00433000,433.0,0,0.0,0.0,,0.0,normalDay
2023-09-28,8531.0,-569.0,0.0,0,428.52,0.0,1,3.17,8.86,SPY231027P00433000,433.0,0,0.0,0.0,,0.0,normalDay
2023-09-29,8531.0,-602.0,0.0,0,427.48,0.0,1,3.17,9.19,SPY231027P00433000,433.0,0,0.0,0.0,,0.0,normalDay
2023-10-02,8531.0,-583.0,0.0,0,427.31,0.0,1,3.17,9.0,SPY231027P00433000,433.0,0,0.0,0.0,,0.0,normalDay
2023-10-03,8531.0,-983.0,0.0,0,421.59,0.0,1,3.17,13.0,SPY231027P00433000,433.0,0,0.0,0.0,,0.0,normalDay
2023-10-04,8531.0,-769.0,0.0,0,424.66,0.0,1,3.17,10.86,SPY231027P00433000,433.0,0,0.0,0.0,,0.0,normalDay
2023-10-05,8531.0,-784.0,0.0,0,424.5,0.0,1,3.17,11.01,SPY231027P00433000,433.0,0,0.0,0.0,,0.0,normalDay
2023-10-06,8531.0,-400.0,0.0,0,429.54,0.0,1,3.17,7.17,SPY231027P00433000,433.0,0,0.0,0.0,,0.0,normalDay
2023-10-09,8531.0,-248.0,0.0,0,432.29,0.0,1,3.17,5.65,SPY231027P00433000,433.0,0,0.0,0.0,,0.0,normalDay
2023-10-10,8531.0,-126.0,0.0,0,434.54,0.0,1,3.17,4.43,SPY231027P00433000,433.0,0,0.0,0.0,,0.0,normalDay
2023-10-11,8531.0,2.0,0.0,0,436.32,0.0,1,3.17,3.15,SPY231027P00433000,433.0,0,0.0,0.0,,0.0,normalDay
2023-10-12,8531.0,-105.0,0.0,0,433.66,0.0,1,3.17,4.22,SPY231027P00433000,433.0,0,0.0,0.0,,0.0,normalDay
2023-10-13,8531.0,-270.0,0.0,0,431.5,0.0,1,3.17,5.87,SPY231027P00433000,433.0,0,0.0,0.0,,0.0,normalDay
2023-10-16,8531.0,13.0,0.0,0,436.04,0.0,1,3.17,3.04,SPY231027P00433000,433.0,0,0.0,0.0,,0.0,normalDay
2023-10-17,8531.0,1.0,0.0,0,436.02,0.0,1,3.17,3.16,SPY231027P00433000,433.0,0,0.0,0.0,,0.0,normalDay
2023-10-18,8531.0,-222.0,0.0,0,430.21,0.0,1,3.17,5.39,SPY231027P00433000,433.0,0,0.0,0.0,,0.0,normalDay
2023-10-19,8531.0,-560.0,0.0,0,426.43,0.0,1,3.17,8.77,SPY231027P00433000,433.0,0,0.0,0.0,,0.0,normalDay
2023-10-20,8531.0,-885.0,0.0,0,421.19,0.0,1,3.17,12.02,SPY231027P00433000,433.0,0,0.0,0.0,,0.0,normalDay
2023-10-23,8531.0,-866.0,0.0,0,420.46,0.0,1,3.17,11.83,SPY231027P00433000,433.0,0,0.0,0.0,,0.0,normalDay
2023-10-24,8531.0,-598.0,0.0,0,423.63,0.0,1,3.17,9.15,SPY231027P00433000,433.0,0,0.0,0.0,,0.0,normalDay
2023-10-25,8531.0,-1216.0,0.0,0,417.55,0.0,1,3.17,15.33,SPY231027P00433000,433.0,0,0.0,0.0,,0.0,normalDay
2023-10-26,8531.0,-1708.0,0.0,0,412.55,0.0,1,3.17,20.25,SPY231027P00433000,433.0,0,0.0,0.0,,0.0,normalDay
2023-10-27,8848.0,-2232.0,317.0,100,410.68,433.0,1,3.17,0.0,SPY231027P00433000,433.0,0,0.0,0.0,,0.0,expirationDay
2023-10-30,8848.0,-1741.0,0.0,100,415.59,433.0,0,0.0,0.0,,0.0,0,0.0,0.0,,0.0,bidTooLow
2023-10-31,8848.0,-1480.0,0.0,100,418.2,433.0,0,0.0,0.0,,0.0,0,0.0,0.0,,0.0,bidTooLow
2023-11-01,8848.0,-1034.0,0.0,100,422.66,433.0,0,0.0,0.0,,0.0,0,0.0,0.0,,0.0,bidTooLow
2023-11-02,8848.0,-224.0,0.0,100,430.76,433.0,0,0.0,0.0,,0.0,0,0.0,0.0,,0.0,bidTooLow
2023-11-03,8848.0,166.0,0.0,100,434.69,433.0,0,0.0,0.0,,0.0,1,0.03,0.06,SPY231114C00454000,454.0,normalDay
2023-11-06,8848.0,269.0,0.0,100,435.69,433.0,0,0.0,0.0,,0.0,1,0.03,0.03,SPY231114C00454000,454.0,normalDay
2023-11-07,8848.0,393.0,0.0,100,436.93,433.0,0,0.0,0.0,,0.0,1,0.03,0.03,SPY231114C00454000,454.0,normalDay
2023-11-08,8848.0,426.0,0.0,100,437.25,433.0,0,0.0,0.0,,0.0,1,0.03,0.02,SPY231114C00454000,454.0,normalDay
2023-11-09,8848.0,85.0,0.0,100,433.84,433.0,0,0.0,0.0,,0.0,1,0.03,0.02,SPY231114C00454000,454.0,normalDay
2023-11-10,8848.0,762.0,0.0,100,440.61,433.0,0,0.0,0.0,,0.0,1,0.03,0.02,SPY231114C00454000,454.0,normalDay
2023-11-13,8848.0,721.0,0.0,100,440.19,433.0,0,0.0,0.0,,0.0,1,0.03,0.01,SPY231114C00454000,454.0,normalDay
2023-11-14,8851.0,1573.0,3.0,100,448.73,433.0,0,0.0,0.0,,0.0,1,0.03,0.0,SPY231114C00454000,454.0,expirationDay
2023-11-15,8851.0,1665.0,0.0,100,449.68,433.0,0,0.0,0.0,,0.0,1,0.01,0.04,SPY231124C00467000,467.0,normalDay
2023-11-16,8851.0,1721.0,0.0,100,450.23,433.0,0,0.0,0.0,,0.0,1,0.01,0.03,SPY231124C00467000,467.0,normalDay
2023-11-17,8851.0,1778.0,0.0,100,450.79,433.0,0,0.0,0.0,,0.0,1,0.01,0.02,SPY231124C00467000,467.0,normalDay
2023-11-20,8851.0,2125.0,0.0,100,454.26,433.0,0,0.0,0.0,,0.0,1,0.01,0.02,SPY231124C00467000,467.0,normalDay
2023-11-21,8851.0,2026.0,0.0,100,453.27,433.0,0,0.0,0.0,,0.0,1,0.01,0.02,SPY231124C00467000,467.0,normalDay
2023-11-22,8851.0,2202.0,0.0,100,455.02,433.0,0,0.0,0.0,,0.0,1,0.01,0.01,SPY231124C00467000,467.0,normalDay
2023-11-24,8852.0,2230.0,1.0,100,455.3,433.0,0,0.0,0.0,,0.0,1,0.01,0.0,SPY231124C00467000,467.0,expirationDay
2023-11-27,8852.0,2148.0,0.0,100,454.48,433.0,0,0.0,0.0,,0.0,0,0.0,0.0,,0.0,bidTooLow
2023-11-28,8852.0,2193.0,0.0,100,454.93,433.0,0,0.0,0.0,,0.0,0,0.0,0.0,,0.0,bidTooLow
2023-11-29,8852.0,2161.0,0.0,100,454.61,433.0,0,0.0,0.0,,0.0,0,0.0,0.0,,0.0,bidTooLow
2023-11-30,8852.0,2340.0,0.0,100,456.4,433.0,0,0.0,0.0,,0.0,0,0.0,0.0,,0.0,bidTooLow
