date,totalCapital,unrializedPnL,rializedPnL,stocksOwned,stocksPriceToday,stocksPriceBoughtAt,putOwned,putOwnedSoldAt,putPriceToday,putOwnedContract,putOwnedStrike,callOwned,callOwnedSoldAt,callPriceToday,callOwnedContract,callOwnedStrike,trackType
2018-11-01,0.0,0.0,0.0,0,273.51,0.0,0,0.0,0.0,,0.0,0,0.0,0.0,,0.0,bidTooLow
2018-11-02,0.0,0.0,0.0,0,271.89,0.0,0,0.0,0.0,,0.0,0,0.0,0.0,,0.0,bidTooLow
2018-11-05,0.0,-3.0,0.0,0,273.39,0.0,1,0.09,0.12,SPY181107P00261000,261.0,0,0.0,0.0,,0.0,normalDay
2018-11-06,0.0,3.0,0.0,0,275.12,0.0,1,0.09,0.06,SPY181107P00261000,261.0,0,0.0,0.0,,0.0,normalDay
2018-11-07,9.0,0.0,9.0,0,281.01,0.0,1,0.09,0.0,SPY181107P00261000,261.0,0,0.0,0.0,,0.0,expirationDay
2018-11-08,9.0,0.0,0.0,0,280.5,0.0,0,0.0,0.0,,0.0,0,0.0,0.0,,0.0,bidTooLow
2018-11-09,9.0,0.0,0.0,0,277.76,0.0,0,0.0,0.0,,0.0,0,0.0,0.0,,0.0,bidTooLow
2018-11-12,9.0,-4.0,0.0,0,272.57,0.0,1,0.12,0.16,SPY181114P00262000,262.0,0,0.0,0.0,,0.0,normalDay
2018-11-13,9.0,9.0,0.0,0,272.06,0.0,1,0.12,0.03,SPY181114P00262000,262.0,0,0.0,0.0,,0.0,normalDay
2018-11-14,21.0,0.0,12.0,0,270.2,0.0,1,0.12,0.0,SPY181114P00262000,262.0,0,0.0,0.0,,0.0,expirationDay
2018-11-15,21.0,0.0,0.0,0,273.02,0.0,0,0.0,0.0,,0.0,0,0.0,0.0,,0.0,bidTooLow
2018-11-16,21.0,0.0,0.0,0,273.73,0.0,0,0.0,0.0,,0.0,0,0.0,0.0,,0.0,bidTooLow
2018-11-19,21.0,-4.0,0.0,0,269.1,0.0,1,0.19,0.23,SPY181121P00262000,262.0,0,0.0,0.0,,0.0,normalDay
2018-11-20,21.0,-63.0,0.0,0,264.12,0.0,1,0.19,0.82,SPY181121P00262000,262.0,0,0.0,0.0,,0.0,normalDay
2018-11-21,40.0,0.0,19.0,0,265.02,0.0,1,0.19,0.0,SPY181121P00262000,262.0,0,0.0,0.0,,0.0,expirationDay
2018-11-23,40.0,-5.0,0.0,0,263.25,0.0,1,0.56,0.61,SPY181126P00260000,260.0,0,0.0,0.0,,0.0,normalDay
2018-11-26,96.0,0.0,56.0,0,267.5,0.0,1,0.56,0.0,SPY181126P00260000,260.0,0,0.0,0.0,,0.0,expirationDay
2018-11-27,96.0,-4.0,0.0,0,268.4,0.0,1,0.26,0.3,SPY181130P00261000,261.0,0,0.0,0.0,,0.0,normalDay
2018-11-28,96.0,22.0,0.0,0,274.58,0.0,1,0.26,0.04,SPY181130P00261000,261.0,0,0.0,0.0,,0.0,normalDay
2018-11-29,96.0,25.0,0.0,0,273.98,0.0,1,0.26,0.01,SPY181130P00261000,261.0,0,0.0,0.0,,0.0,normalDay
2018-11-30,122.0,0.0,26.0,0,275.65,0.0,1,0.26,0.0,SPY181130P00261000,261.0,0,0.0,0.0,,0.0,expirationDay
2018-12-03,122.0,0.0,0.0,0,279.3,0.0,0,0.0,0.0,,0.0,0,0.0,0.0,,0.0,bidTooLow
2018-12-04,122.0,-5.0,0.0,0,270.25,0.0,1,0.37,0.42,SPY181207P00261000,261.0,0,0.0,0.0,,0.0,normalDay
2018-12-06,122.0,30.0,0.0,0,269.84,0.0,1,0.37,0.07,SPY181207P00261000,261.0,0,0.0,0.0,,0.0,normalDay
2018-12-07,159.0,0.0,37.0,0,263.57,0.0,1,0.37,0.0,SPY181207P00261000,261.0,0,0.0,0.0,,0.0,expirationDay
2018-12-10,159.0,-3.0,0.0,0,264.07,0.0,1,0.74,0.77,SPY181212P00260000,260.0,0,0.0,0.0,,0.0,normalDay
2018-12-11,159.0,33.0,0.0,0,264.13,0.0,1,0.74,0.41,SPY181212P00260000,260.0,0,0.0,0.0,,0.0,normalDay
2018-12-12,233.0,0.0,74.0,0,265.46,0.0,1,0.74,0.0,SPY181212P00260000,260.0,0,0.0,0.0,,0.0,expirationDay
2018-12-13,233.0,-4.0,0.0,0,265.37,0.0,1,0.05,0.09,SPY181214P00258500,258.5,0,0.0,0.0,,0.0,normalDay
2018-12-14,238.0,0.0,5.0,0,260.47,0.0,1,0.05,0.0,SPY181214P00258500,258.5,0,0.0,0.0,,0.0,expirationDay
2018-12-17,238.0,-6.0,0.0,0,255.36,0.0,1,2.14,2.2,SPY181219P00255000,255.0,0,0.0,0.0,,0.0,normalDay
2018-12-18,238.0,-34.0,0.0,0,255.08,0.0,1,2.14,2.48,SPY181219P00255000,255.0,0,0.0,0.0,,0.0,normalDay
2018-12-19,452.0,-374.0,214.0,100,251.26,255.0,1,2.14,0.0,SPY181219P00255000,255.0,0,0.0,0.0,,0.0,expirationDay
2018-12-20,452.0,-783.0,0.0,100,247.17,255.0,0,0.0,0.0,,0.0,0,0.0,0.0,,0.0,bidTooLow
2018-12-21,452.0,-1430.0,0.0,100,240.7,255.0,0,0.0,0.0,,0.0,0,0.0,0.0,,0.0,bidTooLow
2018-12-24,452.0,-2066.0,0.0,100,234.34,255.0,0,0.0,0.0,,0.0,0,0.0,0.0,,0.0,bidTooLow
2018-12-26,452.0,-882.0,0.0,100,246.18,255.0,0,0.0,0.0,,0.0,0,0.0,0.0,,0.0,bidTooLow
2018-12-27,452.0,-693.0,0.0,100,248.07,255.0,0,0.0,0.0,,0.0,0,0.0,0.0,,0.0,bidTooLow
2018-12-28,452.0,-725.0,0.0,100,247.75,255.0,0,0.0,0.0,,0.0,0,0.0,0.0,,0.0,bidTooLow
2018-12-31,452.0,-508.0,0.0,100,249.92,255.0,0,0.0,0.0,,0.0,0,0.0,0.0,,0.0,bidTooLow
2019-01-02,452.0,-482.0,0.0,100,250.18,255.0,0,0.0,0.0,,0.0,0,0.0,0.0,,0.0,bidTooLow
2019-01-03,452.0,-1079.0,0.0,100,244.21,255.0,0,0.0,0.0,,0.0,0,0.0,0.0,,0.0,bidTooLow
2019-01-04,452.0,-261.0,0.0,100,252.39,255.0,0,0.0,0.0,,0.0,0,0.0,0.0,,0.0,bidTooLow
2019-01-07,452.0,-62.0,0.0,100,254.38,255.0,0,0.0,0.0,,0.0,0,0.0,0.0,,0.0,bidTooLow
2019-01-08,452.0,177.0,0.0,100,256.77,255.0,0,0.0,0.0,,0.0,0,0.0,0.0,,0.0,bidTooLow
2019-01-09,452.0,297.0,0.0,100,257.97,255.0,0,0.0,0.0,,0.0,0,0.0,0.0,,0.0,bidTooLow
2019-01-10,452.0,388.0,0.0,100,258.88,255.0,0,0.0,0.0,,0.0,0,0.0,0.0,,0.0,bidTooLow
2019-01-11,452.0,398.0,0.0,100,258.98,255.0,0,0.0,0.0,,0.0,0,0.0,0.0,,0.0,bidTooLow
2019-01-14,452.0,240.0,0.0,100,257.4,255.0,0,0.0,0.0,,0.0,0,0.0,0.0,,0.0,bidTooLow
2019-01-15,452.0,535.0,0.0,100,260.35,255.0,0,0.0,0.0,,0.0,0,0.0,0.0,,0.0,bidTooLow
2019-01-16,452.0,598.0,0.0,100,260.98,255.0,0,0.0,0.0,,0.0,0,0.0,0.0,,0.0,bidTooLow
2019-01-17,452.0,796.0,0.0,100,262.96,255.0,0,0.0,0.0,,0.0,0,0.0,0.0,,0.0,bidTooLow
2019-01-18,452.0,1146.0,0.0,100,266.46,255.0,0,0.0,0.0,,0.0,0,0.0,0.0,,0.0,bidTooLow
2019-01-22,452.0,786.0,0.0,100,262.86,255.0,0,0.0,0.0,,0.0,0,0.0,0.0,,0.0,bidTooLow
2019-01-23,452.0,841.0,0.0,100,263.41,255.0,0,0.0,0.0,,0.0,0,0.0,0.0,,0.0,bidTooLow
2019-01-24,452.0,855.0,0.0,100,263.55,255.0,0,0.0,0.0,,0.0,0,0.0,0.0,,0.0,bidTooLow
2019-01-25,452.0,1078.0,0.0,100,265.78,255.0,0,0.0,0.0,,0.0,0,0.0,0.0,,0.0,bidTooLow
2019-01-28,452.0,876.0,0.0,100,263.76,255.0,0,0.0,0.0,,0.0,0,0.0,0.0,,0.0,bidTooLow
2019-01-29,452.0,841.0,0.0,100,263.41,255.0,0,0.0,0.0,,0.0,0,0.0,0.0,,0.0,bidTooLow
2019-01-30,452.0,1258.0,0.0,100,267.58,255.0,0,0.0,0.0,,0.0,0,0.0,0.0,,0.0,bidTooLow
2019-01-31,452.0,1493.0,0.0,100,269.93,255.0,0,0.0,0.0,,0.0,0,0.0,0.0,,0.0,bidTooLow
2019-02-01,452.0,1506.0,0.0,100,270.06,255.0,0,0.0,0.0,,0.0,0,0.0,0.0,,0.0,bidTooLow
2019-02-04,452.0,1696.0,0.0,100,271.96,255.0,0,0.0,0.0,,0.0,0,0.0,0.0,,0.0,bidTooLow
2019-02-05,452.0,1810.0,0.0,100,273.1,255.0,0,0.0,0.0,,0.0,0,0.0,0.0,,0.0,bidTooLow
2019-02-06,452.0,1774.0,0.0,100,272.74,255.0,0,0.0,0.0,,0.0,0,0.0,0.0,,0.0,bidTooLow
2019-02-07,452.0,1514.0,0.0,100,270.14,255.0,0,0.0,0.0,,0.0,0,0.0,0.0,,0.0,bidTooLow
2019-02-08,452.0,1547.0,0.0,100,270.47,255.0,0,0.0,0.0,,0.0,0,0.0,0.0,,0.0,bidTooLow
2019-02-11,452.0,1562.0,0.0,100,270.62,255.0,0,0.0,0.0,,0.0,0,0.0,0.0,,0.0,bidTooLow
2019-02-12,452.0,1910.0,0.0,100,274.1,255.0,0,0.0,0.0,,0.0,0,0.0,0.0,,0.0,bidTooLow
2019-02-13,452.0,1999.0,0.0,100,274.99,255.0,0,0.0,0.0,,0.0,0,0.0,0.0,,0.0,bidTooLow
2019-02-14,452.0,1938.0,0.0,100,274.38,255.0,0,0.0,0.0,,0.0,0,0.0,0.0,,0.0,bidTooLow
2019-02-15,452.0,2237.0,0.0,100,277.37,255.0,0,0.0,0.0,,0.0,0,0.0,0.0,,0.0,bidTooLow
2019-02-19,452.0,2285.0,0.0,100,277.85,255.0,0,0.0,0.0,,0.0,0,0.0,0.0,,0.0,bidTooLow
2019-02-20,452.0,2341.0,0.0,100,278.41,255.0,0,0.0,0.0,,0.0,0,0.0,0.0,,0.0,bidTooLow
2019-02-21,452.0,2242.0,0.0,100,277.42,255.0,0,0.0,0.0,,0.0,0,0.0,0.0,,0.0,bidTooLow
2019-02-22,452.0,2414.0,0.0,100,279.14,255.0,0,0.0,0.0,,0.0,0,0.0,0.0,,0.0,bidTooLow
2019-02-25,452.0,2452.0,0.0,100,279.52,255.0,0,0.0,0.0,,0.0,0,0.0,0.0,,0.0,bidTooLow
2019-02-26,452.0,2432.0,0.0,100,279.32,255.0,0,0.0,0.0,,0.0,0,0.0,0.0,,0.0,bidTooLow
2019-02-27,452.0,2420.0,0.0,100,279.2,255.0,0,0.0,0.0,,0.0,0,0.0,0.0,,0.0,bidTooLow
2019-02-28,452.0,2368.0,0.0,100,278.68,255.0,0,0.0,0.0,,0.0,0,0.0,0.0,,0.0,bidTooLow
2019-03-01,452.0,2542.0,0.0,100,280.42,255.0,0,0.0,0.0,,0.0,0,0.0,0.0,,0.0,bidTooLow
2019-03-04,452.0,2440.0,0.0,100,279.4,255.0,0,0.0,0.0,,0.0,0,0.0,0.0,,0.0,bidTooLow
2019-03-05,452.0,2402.0,0.0,100,279.02,255.0,0,0.0,0.0,,0.0,0,0.0,0.0,,0.0,bidTooLow
2019-03-06,452.0,2233.0,0.0,100,277.33,255.0,0,0.0,0.0,,0.0,0,0.0,0.0,,0.0,bidTooLow
2019-03-07,452.0,2001.0,0.0,100,275.01,255.0,0,0.0,0.0,,0.0,0,0.0,0.0,,0.0,bidTooLow
2019-03-08,452.0,1946.0,0.0,100,274.46,255.0,0,0.0,0.0,,0.0,0,0.0,0.0,,0.0,bidTooLow
2019-03-11,452.0,2344.0,0.0,100,278.44,255.0,0,0.0,0.0,,0.0,0,0.0,0.0,,0.0,bidTooLow
2019-03-12,452.0,2449.0,0.0,100,279.49,255.0,0,0.0,0.0,,0.0,0,0.0,0.0,,0.0,bidTooLow
2019-03-13,452.0,2634.0,0.0,100,281.34,255.0,0,0.0,0.0,,0.0,0,0.0,0.0,,0.0,bidTooLow
2019-03-14,452.0,2616.0,0.0,100,281.16,255.0,0,0.0,0.0,,0.0,0,0.0,0.0,,0.0,bidTooLow
2019-03-15,452.0,2631.0,0.0,100,281.31,255.0,0,0.0,0.0,,0.0,0,0.0,0.0,,0.0,bidTooLow
2019-03-18,452.0,2733.0,0.0,100,282.33,255.0,0,0.0,0.0,,0.0,0,0.0,0.0,,0.0,bidTooLow
2019-03-19,452.0,2737.0,0.0,100,282.4,255.0,0,0.0,0.0,,0.0,1,0.01,0.04,SPY190322C00288000,288.0,normalDay
2019-03-20,452.0,2654.0,0.0,100,281.55,255.0,0,0.0,0.0,,0.0,1,0.01,0.02,SPY190322C00288000,288.0,normalDay
2019-03-21,452.0,2972.0,0.0,100,284.73,255.0,0,0.0,0.0,,0.0,1,0.01,0.02,SPY190322C00288000,288.0,normalDay
2019-03-22,453.0,2425.0,1.0,100,279.25,255.0,0,0.0,0.0,,0.0,1,0.01,0.0,SPY190322C00288000,288.0,expirationDay
2019-03-25,453.0,2404.0,0.0,100,279.04,255.0,0,0.0,0.0,,0.0,0,0.0,0.0,,0.0,bidTooLow
2019-03-26,453.0,2612.0,0.0,100,281.12,255.0,0,0.0,0.0,,0.0,0,0.0,0.0,,0.0,bidTooLow
2019-03-27,453.0,2465.0,0.0,100,279.65,255.0,0,0.0,0.0,,0.0,0,0.0,0.0,,0.0,bidTooLow
2019-03-28,453.0,2571.0,0.0,100,280.71,255.0,0,0.0,0.0,,0.0,0,0.0,0.0,,0.0,bidTooLow
2019-03-29,453.0,2748.0,0.0,100,282.48,255.0,0,0.0,0.0,,0.0,0,0.0,0.0,,0.0,bidTooLow
2019-04-01,453.0,3083.0,0.0,100,285.83,255.0,0,0.0,0.0,,0.0,0,0.0,0.0,,0.0,bidTooLow
2019-04-02,453.0,3097.0,0.0,100,285.97,255.0,0,0.0,0.0,,0.0,0,0.0,0.0,,0.0,bidTooLow
2019-04-03,453.0,3142.0,0.0,100,286.42,255.0,0,0.0,0.0,,0.0,0,0.0,0.0,,0.0,bidTooLow
2019-04-04,453.0,3218.0,0.0,100,287.18,255.0,0,0.0,0.0,,0.0,0,0.0,0.0,,0.0,bidTooLow
2019-04-05,453.0,3357.0,0.0,100,288.57,255.0,0,0.0,0.0,,0.0,0,0.0,0.0,,0.0,bidTooLow
2019-04-08,453.0,3379.0,0.0,100,288.79,255.0,0,0.0,0.0,,0.0,0,0.0,0.0,,0.0,bidTooLow
2019-04-09,453.0,3231.0,0.0,100,287.31,255.0,0,0.0,0.0,,0.0,0,0.0,0.0,,0.0,bidTooLow
2019-04-10,453.0,3329.0,0.0,100,288.29,255.0,0,0.0,0.0,,0.0,0,0.0,0.0,,0.0,bidTooLow
2019-04-11,453.0,3321.0,0.0,100,288.21,255.0,0,0.0,0.0,,0.0,0,0.0,0.0,,0.0,bidTooLow
2019-04-12,453.0,3516.0,0.0,100,290.16,255.0,0,0.0,0.0,,0.0,0,0.0,0.0,,0.0,bidTooLow
2019-04-15,453.0,3497.0,0.0,100,289.97,255.0,0,0.0,0.0,,0.0,0,0.0,0.0,,0.0,bidTooLow
2019-04-16,453.0,3516.0,0.0,100,290.16,255.0,0,0.0,0.0,,0.0,0,0.0,0.0,,0.0,bidTooLow
2019-04-17,453.0,3445.0,0.0,100,289.45,255.0,0,0.0,0.0,,0.0,0,0.0,0.0,,0.0,bidTooLow
2019-04-18,453.0,3502.0,0.0,100,290.02,255.0,0,0.0,0.0,,0.0,0,0.0,0.0,,0.0,bidTooLow
2019-04-22,453.0,3527.0,0.0,100,290.27,255.0,0,0.0,0.0,,0.0,0,0.0,0.0,,0.0,bidTooLow
2019-04-23,453.0,3788.0,0.0,100,292.88,255.0,0,0.0,0.0,,0.0,0,0.0,0.0,,0.0,bidTooLow
2019-04-24,453.0,3723.0,0.0,100,292.23,255.0,0,0.0,0.0,,0.0,0,0.0,0.0,,0.0,bidTooLow
2019-04-25,453.0,3705.0,0.0,100,292.05,255.0,0,0.0,0.0,,0.0,0,0.0,0.0,,0.0,bidTooLow
2019-04-26,453.0,3841.0,0.0,100,293.41,255.0,0,0.0,0.0,,0.0,0,0.0,0.0,,0.0,bidTooLow
2019-04-29,453.0,3887.0,0.0,100,293.87,255.0,0,0.0,0.0,,0.0,0,0.0,0.0,,0.0,bidTooLow
2019-04-30,453.0,3902.0,0.0,100,294.02,255.0,0,0.0,0.0,,0.0,0,0.0,0.0,,0.0,bidTooLow
2019-05-01,453.0,3681.0,0.0,100,291.81,255.0,0,0.0,0.0,,0.0,0,0.0,0.0,,0.0,bidTooLow
2019-05-02,453.0,3618.0,0.0,100,291.18,255.0,0,0.0,0.0,,0.0,0,0.0,0.0,,0.0,bidTooLow
2019-05-03,453.0,3903.0,0.0,100,294.03,255.0,0,0.0,0.0,,0.0,0,0.0,0.0,,0.0,bidTooLow
2019-05-06,453.0,3782.0,0.0,100,292.82,255.0,0,0.0,0.0,,0.0,0,0.0,0.0,,0.0,bidTooLow
2019-05-07,453.0,3293.0,0.0,100,287.93,255.0,0,0.0,0.0,,0.0,0,0.0,0.0,,0.0,bidTooLow
2019-05-08,453.0,3253.0,0.0,100,287.53,255.0,0,0.0,0.0,,0.0,0,0.0,0.0,,0.0,bidTooLow
2019-05-09,453.0,3166.0,0.0,100,286.66,255.0,0,0.0,0.0,,0.0,0,0.0,0.0,,0.0,bidTooLow
2019-05-10,453.0,3310.0,0.0,100,288.1,255.0,0,0.0,0.0,,0.0,0,0.0,0.0,,0.0,bidTooLow
2019-05-13,453.0,2586.0,0.0,100,280.86,255.0,0,0.0,0.0,,0.0,0,0.0,0.0,,0.0,bidTooLow
2019-05-14,453.0,2840.0,0.0,100,283.4,255.0,0,0.0,0.0,,0.0,0,0.0,0.0,,0.0,bidTooLow
2019-05-15,453.0,3006.0,0.0,100,285.06,255.0,0,0.0,0.0,,0.0,0,0.0,0.0,,0.0,bidTooLow
2019-05-16,453.0,3270.0,0.0,100,287.7,255.0,0,0.0,0.0,,0.0,0,0.0,0.0,,0.0,bidTooLow
2019-05-17,453.0,3084.0,0.0,100,285.84,255.0,0,0.0,0.0,,0.0,0,0.0,0.0,,0.0,bidTooLow
2019-05-20,453.0,2895.0,0.0,100,283.95,255.0,0,0.0,0.0,,0.0,0,0.0,0.0,,0.0,bidTooLow
2019-05-21,453.0,3151.0,0.0,100,286.51,255.0,0,0.0,0.0,,0.0,0,0.0,0.0,,0.0,bidTooLow
2019-05-22,453.0,3063.0,0.0,100,285.63,255.0,0,0.0,0.0,,0.0,0,0.0,0.0,,0.0,bidTooLow
2019-05-23,453.0,2714.0,0.0,100,282.14,255.0,0,0.0,0.0,,0.0,0,0.0,0.0,,0.0,bidTooLow
2019-05-24,453.0,2778.0,0.0,100,282.78,255.0,0,0.0,0.0,,0.0,0,0.0,0.0,,0.0,bidTooLow
2019-05-28,453.0,2515.0,0.0,100,280.15,255.0,0,0.0,0.0,,0.0,0,0.0,0.0,,0.0,bidTooLow
2019-05-29,453.0,2327.0,0.0,100,278.27,255.0,0,0.0,0.0,,0.0,0,0.0,0.0,,0.0,bidTooLow
2019-05-30,453.0,2403.0,0.0,100,279.03,255.0,0,0.0,0.0,,0.0,0,0.0,0.0,,0.0,bidTooLow
2019-05-31,453.0,2027.0,0.0,100,275.27,255.0,0,0.0,0.0,,0.0,0,0.0,0.0,,0.0,bidTooLow
2019-06-03,453.0,1957.0,0.0,100,274.57,255.0,0,0.0,0.0,,0.0,0,0.0,0.0,,0.0,bidTooLow
2019-06-04,453.0,2553.0,0.0,100,280.53,255.0,0,0.0,0.0,,0.0,0,0.0,0.0,,0.0,bidTooLow
2019-06-05,453.0,2796.0,0.0,100,282.96,255.0,0,0.0,0.0,,0.0,0,0.0,0.0,,0.0,bidTooLow
2019-06-06,453.0,2980.0,0.0,100,284.8,255.0,0,0.0,0.0,,0.0,0,0.0,0.0,,0.0,bidTooLow
2019-06-07,453.0,3265.0,0.0,100,287.65,255.0,0,0.0,0.0,,0.0,0,0.0,0.0,,0.0,bidTooLow
2019-06-10,453.0,3397.0,0.0,100,288.97,255.0,0,0.0,0.0,,0.0,0,0.0,0.0,,0.0,bidTooLow
2019-06-11,453.0,3390.0,0.0,100,288.9,255.0,0,0.0,0.0,,0.0,0,0.0,0.0,,0.0,bidTooLow
2019-06-12,453.0,3339.0,0.0,100,288.39,255.0,0,0.0,0.0,,0.0,0,0.0,0.0,,0.0,bidTooLow
2019-06-13,453.0,3458.0,0.0,100,289.58,255.0,0,0.0,0.0,,0.0,0,0.0,0.0,,0.0,bidTooLow
2019-06-14,453.0,3426.0,0.0,100,289.26,255.0,0,0.0,0.0,,0.0,0,0.0,0.0,,0.0,bidTooLow
2019-06-17,453.0,3437.0,0.0,100,289.37,255.0,0,0.0,0.0,,0.0,0,0.0,0.0,,0.0,bidTooLow
2019-06-18,453.0,3740.0,0.0,100,292.4,255.0,0,0.0,0.0,,0.0,0,0.0,0.0,,0.0,bidTooLow
2019-06-19,453.0,3806.0,0.0,100,293.06,255.0,0,0.0,0.0,,0.0,0,0.0,0.0,,0.0,bidTooLow
2019-06-20,453.0,4086.0,0.0,100,295.86,255.0,0,0.0,0.0,,0.0,0,0.0,0.0,,0.0,bidTooLow
2019-06-21,453.0,3900.0,0.0,100,294.0,255.0,0,0.0,0.0,,0.0,0,0.0,0.0,,0.0,bidTooLow
2019-06-24,453.0,3864.0,0.0,100,293.64,255.0,0,0.0,0.0,,0.0,0,0.0,0.0,,0.0,bidTooLow
2019-06-25,453.0,3576.0,0.0,100,290.76,255.0,0,0.0,0.0,,0.0,0,0.0,0.0,,0.0,bidTooLow
2019-06-26,453.0,3547.0,0.0,100,290.47,255.0,0,0.0,0.0,,0.0,0,0.0,0.0,,0.0,bidTooLow
2019-06-27,453.0,3650.0,0.0,100,291.5,255.0,0,0.0,0.0,,0.0,0,0.0,0.0,,0.0,bidTooLow
2019-06-28,453.0,3800.0,0.0,100,293.0,255.0,0,0.0,0.0,,0.0,0,0.0,0.0,,0.0,bidTooLow
2019-07-01,453.0,4066.0,0.0,100,295.66,255.0,0,0.0,0.0,,0.0,0,0.0,0.0,,0.0,bidTooLow
2019-07-02,453.0,4143.0,0.0,100,296.43,255.0,0,0.0,0.0,,0.0,0,0.0,0.0,,0.0,bidTooLow
2019-07-03,453.0,4380.0,0.0,100,298.8,255.0,0,0.0,0.0,,0.0,0,0.0,0.0,,0.0,bidTooLow
2019-07-05,453.0,4346.0,0.0,100,298.46,255.0,0,0.0,0.0,,0.0,0,0.0,0.0,,0.0,bidTooLow
2019-07-08,453.0,4182.0,0.0,100,296.82,255.0,0,0.0,0.0,,0.0,0,0.0,0.0,,0.0,bidTooLow
2019-07-09,453.0,4219.0,0.0,100,297.19,255.0,0,0.0,0.0,,0.0,0,0.0,0.0,,0.0,bidTooLow
2019-07-10,453.0,4361.0,0.0,100,298.61,255.0,0,0.0,0.0,,0.0,0,0.0,0.0,,0.0,bidTooLow
2019-07-11,453.0,4431.0,0.0,100,299.31,255.0,0,0.0,0.0,,0.0,0,0.0,0.0,,0.0,bidTooLow
2019-07-12,453.0,4565.0,0.0,100,300.65,255.0,0,0.0,0.0,,0.0,0,0.0,0.0,,0.0,bidTooLow
2019-07-15,453.0,4575.0,0.0,100,300.75,255.0,0,0.0,0.0,,0.0,0,0.0,0.0,,0.0,bidTooLow
2019-07-16,453.0,4478.0,0.0,100,299.78,255.0,0,0.0,0.0,,0.0,0,0.0,0.0,,0.0,bidTooLow
2019-07-17,453.0,4274.0,0.0,100,297.74,255.0,0,0.0,0.0,,0.0,0,0.0,0.0,,0.0,bidTooLow
2019-07-18,453.0,4383.0,0.0,100,298.83,255.0,0,0.0,0.0,,0.0,0,0.0,0.0,,0.0,bidTooLow
2019-07-19,453.0,4217.0,0.0,100,297.17,255.0,0,0.0,0.0,,0.0,0,0.0,0.0,,0.0,bidTooLow
2019-07-22,453.0,4290.0,0.0,100,297.9,255.0,0,0.0,0.0,,0.0,0,0.0,0.0,,0.0,bidTooLow
2019-07-23,453.0,4503.0,0.0,100,300.03,255.0,0,0.0,0.0,,0.0,0,0.0,0.0,,0.0,bidTooLow
2019-07-24,453.0,4644.0,0.0,100,301.44,255.0,0,0.0,0.0,,0.0,0,0.0,0.0,,0.0,bidTooLow
2019-07-25,453.0,4500.0,0.0,100,300.0,255.0,0,0.0,0.0,,0.0,0,0.0,0.0,,0.0,bidTooLow
2019-07-26,453.0,4701.0,0.0,100,302.01,255.0,0,0.0,0.0,,0.0,0,0.0,0.0,,0.0,bidTooLow
2019-07-29,453.0,4646.0,0.0,100,301.46,255.0,0,0.0,0.0,,0.0,0,0.0,0.0,,0.0,bidTooLow
2019-07-30,453.0,4569.0,0.0,100,300.72,255.0,0,0.0,0.0,,0.0,1,0.14,0.17,SPY190802C00306000,306.0,normalDay
2019-07-31,453.0,4255.0,0.0,100,297.43,255.0,0,0.0,0.0,,0.0,1,0.14,0.02,SPY190802C00306000,306.0,normalDay
2019-08-01,453.0,3997.0,0.0,100,294.84,255.0,0,0.0,0.0,,0.0,1,0.14,0.01,SPY190802C00306000,306.0,normalDay
2019-08-02,467.0,3762.0,14.0,100,292.62,255.0,0,0.0,0.0,,0.0,1,0.14,0.0,SPY190802C00306000,306.0,expirationDay
2019-08-05,467.0,2882.0,0.0,100,283.82,255.0,0,0.0,0.0,,0.0,0,0.0,0.0,,0.0,bidTooLow
2019-08-06,467.0,3280.0,0.0,100,287.8,255.0,0,0.0,0.0,,0.0,0,0.0,0.0,,0.0,bidTooLow
2019-08-07,467.0,3297.0,0.0,100,287.97,255.0,0,0.0,0.0,,0.0,0,0.0,0.0,,0.0,bidTooLow
2019-08-08,467.0,3862.0,0.0,100,293.62,255.0,0,0.0,0.0,,0.0,0,0.0,0.0,,0.0,bidTooLow
2019-08-09,467.0,3662.0,0.0,100,291.62,255.0,0,0.0,0.0,,0.0,0,0.0,0.0,,0.0,bidTooLow
2019-08-12,467.0,3307.0,0.0,100,288.07,255.0,0,0.0,0.0,,0.0,0,0.0,0.0,,0.0,bidTooLow
2019-08-13,467.0,3755.0,0.0,100,292.55,255.0,0,0.0,0.0,,0.0,0,0.0,0.0,,0.0,bidTooLow
2019-08-14,467.0,2890.0,0.0,100,283.9,255.0,0,0.0,0.0,,0.0,0,0.0,0.0,,0.0,bidTooLow
2019-08-15,467.0,2965.0,0.0,100,284.65,255.0,0,0.0,0.0,,0.0,0,0.0,0.0,,0.0,bidTooLow
2019-08-16,467.0,3385.0,0.0,100,288.85,255.0,0,0.0,0.0,,0.0,0,0.0,0.0,,0.0,bidTooLow
2019-08-19,467.0,3733.0,0.0,100,292.33,255.0,0,0.0,0.0,,0.0,0,0.0,0.0,,0.0,bidTooLow
2019-08-20,467.0,3509.0,0.0,100,290.09,255.0,0,0.0,0.0,,0.0,0,0.0,0.0,,0.0,bidTooLow
2019-08-21,467.0,3745.0,0.0,100,292.45,255.0,0,0.0,0.0,,0.0,0,0.0,0.0,,0.0,bidTooLow
2019-08-22,467.0,3736.0,0.0,100,292.36,255.0,0,0.0,0.0,,0.0,0,0.0,0.0,,0.0,bidTooLow
2019-08-23,467.0,2985.0,0.0,100,284.85,255.0,0,0.0,0.0,,0.0,0,0.0,0.0,,0.0,bidTooLow
2019-08-26,467.0,3300.0,0.0,100,288.0,255.0,0,0.0,0.0,,0.0,0,0.0,0.0,,0.0,bidTooLow
2019-08-27,467.0,3187.0,0.0,100,286.87,255.0,0,0.0,0.0,,0.0,0,0.0,0.0,,0.0,bidTooLow
2019-08-28,467.0,3389.0,0.0,100,288.89,255.0,0,0.0,0.0,,0.0,0,0.0,0.0,,0.0,bidTooLow
2019-08-29,467.0,3758.0,0.0,100,292.58,255.0,0,0.0,0.0,,0.0,0,0.0,0.0,,0.0,bidTooLow
2019-08-30,467.0,3745.0,0.0,100,292.45,255.0,0,0.0,0.0,,0.0,0,0.0,0.0,,0.0,bidTooLow
2019-09-03,467.0,3574.0,0.0,100,290.74,255.0,0,0.0,0.0,,0.0,0,0.0,0.0,,0.0,bidTooLow
2019-09-04,467.0,3904.0,0.0,100,294.04,255.0,0,0.0,0.0,,0.0,0,0.0,0.0,,0.0,bidTooLow
2019-09-05,467.0,4282.0,0.0,100,297.82,255.0,0,0.0,0.0,,0.0,0,0.0,0.0,,0.0,bidTooLow
2019-09-06,467.0,4305.0,0.0,100,298.05,255.0,0,0.0,0.0,,0.0,0,0.0,0.0,,0.0,bidTooLow
2019-09-09,467.0,4320.0,0.0,100,298.2,255.0,0,0.0,0.0,,0.0,0,0.0,0.0,,0.0,bidTooLow
2019-09-10,467.0,4313.0,0.0,100,298.13,255.0,0,0.0,0.0,,0.0,0,0.0,0.0,,0.0,bidTooLow
2019-09-11,467.0,4525.0,0.0,100,300.25,255.0,0,0.0,0.0,,0.0,0,0.0,0.0,,0.0,bidTooLow
2019-09-12,467.0,4629.0,0.0,100,301.29,255.0,0,0.0,0.0,,0.0,0,0.0,0.0,,0.0,bidTooLow
2019-09-13,467.0,4609.0,0.0,100,301.09,255.0,0,0.0,0.0,,0.0,0,0.0,0.0,,0.0,bidTooLow
2019-09-16,467.0,4516.0,0.0,100,300.16,255.0,0,0.0,0.0,,0.0,0,0.0,0.0,,0.0,bidTooLow
2019-09-17,467.0,4592.0,0.0,100,300.92,255.0,0,0.0,0.0,,0.0,0,0.0,0.0,,0.0,bidTooLow
2019-09-18,467.0,4610.0,0.0,100,301.1,255.0,0,0.0,0.0,,0.0,0,0.0,0.0,,0.0,bidTooLow
2019-09-19,467.0,4608.0,0.0,100,301.08,255.0,0,0.0,0.0,,0.0,0,0.0,0.0,,0.0,bidTooLow
2019-09-20,467.0,4328.0,0.0,100,298.28,255.0,0,0.0,0.0,,0.0,0,0.0,0.0,,0.0,bidTooLow
2019-09-23,467.0,4321.0,0.0,100,298.21,255.0,0,0.0,0.0,,0.0,0,0.0,0.0,,0.0,bidTooLow
2019-09-24,467.0,4087.0,0.0,100,295.87,255.0,0,0.0,0.0,,0.0,0,0.0,0.0,,0.0,bidTooLow
2019-09-25,467.0,4262.0,0.0,100,297.62,255.0,0,0.0,0.0,,0.0,0,0.0,0.0,,0.0,bidTooLow
2019-09-26,467.0,4200.0,0.0,100,297.0,255.0,0,0.0,0.0,,0.0,0,0.0,0.0,,0.0,bidTooLow
2019-09-27,467.0,4040.0,0.0,100,295.4,255.0,0,0.0,0.0,,0.0,0,0.0,0.0,,0.0,bidTooLow
2019-09-30,467.0,4177.0,0.0,100,296.77,255.0,0,0.0,0.0,,0.0,0,0.0,0.0,,0.0,bidTooLow
2019-10-01,467.0,3824.0,0.0,100,293.24,255.0,0,0.0,0.0,,0.0,0,0.0,0.0,,0.0,bidTooLow
2019-10-02,467.0,3306.0,0.0,100,288.06,255.0,0,0.0,0.0,,0.0,0,0.0,0.0,,0.0,bidTooLow
2019-10-03,467.0,3542.0,0.0,100,290.42,255.0,0,0.0,0.0,,0.0,0,0.0,0.0,,0.0,bidTooLow
2019-10-04,467.0,3935.0,0.0,100,294.35,255.0,0,0.0,0.0,,0.0,0,0.0,0.0,,0.0,bidTooLow
2019-10-07,467.0,3808.0,0.0,100,293.08,255.0,0,0.0,0.0,,0.0,0,0.0,0.0,,0.0,bidTooLow
2019-10-08,467.0,3353.0,0.0,100,288.53,255.0,0,0.0,0.0,,0.0,0,0.0,0.0,,0.0,bidTooLow
2019-10-09,467.0,3627.0,0.0,100,291.27,255.0,0,0.0,0.0,,0.0,0,0.0,0.0,,0.0,bidTooLow
2019-10-10,467.0,3824.0,0.0,100,293.24,255.0,0,0.0,0.0,,0.0,0,0.0,0.0,,0.0,bidTooLow
2019-10-11,467.0,4128.0,0.0,100,296.28,255.0,0,0.0,0.0,,0.0,0,0.0,0.0,,0.0,bidTooLow
2019-10-14,467.0,4095.0,0.0,100,295.95,255.0,0,0.0,0.0,,0.0,0,0.0,0.0,,0.0,bidTooLow
2019-10-15,467.0,4388.0,0.0,100,298.88,255.0,0,0.0,0.0,,0.0,0,0.0,0.0,,0.0,bidTooLow
2019-10-16,467.0,4340.0,0.0,100,298.4,255.0,0,0.0,0.0,,0.0,0,0.0,0.0,,0.0,bidTooLow
2019-10-17,467.0,4428.0,0.0,100,299.28,255.0,0,0.0,0.0,,0.0,0,0.0,0.0,,0.0,bidTooLow
2019-10-18,467.0,4297.0,0.0,100,297.97,255.0,0,0.0,0.0,,0.0,0,0.0,0.0,,0.0,bidTooLow
2019-10-21,467.0,4499.0,0.0,100,299.99,255.0,0,0.0,0.0,,0.0,0,0.0,0.0,,0.0,bidTooLow
2019-10-22,467.0,4401.0,0.0,100,299.01,255.0,0,0.0,0.0,,0.0,0,0.0,0.0,,0.0,bidTooLow
2019-10-23,467.0,4488.0,0.0,100,299.88,255.0,0,0.0,0.0,,0.0,0,0.0,0.0,,0.0,bidTooLow
2019-10-24,467.0,4537.0,0.0,100,300.37,255.0,0,0.0,0.0,,0.0,0,0.0,0.0,,0.0,bidTooLow
2019-10-25,467.0,4660.0,0.0,100,301.6,255.0,0,0.0,0.0,,0.0,0,0.0,0.0,,0.0,bidTooLow
2019-10-28,467.0,4830.0,0.0,100,303.3,255.0,0,0.0,0.0,,0.0,0,0.0,0.0,,0.0,bidTooLow
2019-10-29,467.0,4821.0,0.0,100,303.21,255.0,0,0.0,0.0,,0.0,0,0.0,0.0,,0.0,bidTooLow
2019-10-30,467.0,4914.0,0.0,100,304.14,255.0,0,0.0,0.0,,0.0,0,0.0,0.0,,0.0,bidTooLow
2019-10-31,467.0,4833.0,0.0,100,303.33,255.0,0,0.0,0.0,,0.0,0,0.0,0.0,,0.0,bidTooLow
2019-11-01,467.0,5114.0,0.0,100,306.14,255.0,0,0.0,0.0,,0.0,0,0.0,0.0,,0.0,bidTooLow
2019-11-04,467.0,5237.0,0.0,100,307.37,255.0,0,0.0,0.0,,0.0,0,0.0,0.0,,0.0,bidTooLow
2019-11-05,467.0,5203.0,0.0,100,307.03,255.0,0,0.0,0.0,,0.0,0,0.0,0.0,,0.0,bidTooLow
2019-11-06,467.0,5210.0,0.0,100,307.1,255.0,0,0.0,0.0,,0.0,0,0.0,0.0,,0.0,bidTooLow
2019-11-07,467.0,5318.0,0.0,100,308.18,255.0,0,0.0,0.0,,0.0,0,0.0,0.0,,0.0,bidTooLow
2019-11-08,467.0,5394.0,0.0,100,308.94,255.0,0,0.0,0.0,,0.0,0,0.0,0.0,,0.0,bidTooLow
2019-11-11,467.0,5335.0,0.0,100,308.35,255.0,0,0.0,0.0,,0.0,0,0.0,0.0,,0.0,bidTooLow
2019-11-12,467.0,5400.0,0.0,100,309.0,255.0,0,0.0,0.0,,0.0,0,0.0,0.0,,0.0,bidTooLow
2019-11-13,467.0,5410.0,0.0,100,309.1,255.0,0,0.0,0.0,,0.0,0,0.0,0.0,,0.0,bidTooLow
2019-11-14,467.0,5455.0,0.0,100,309.55,255.0,0,0.0,0.0,,0.0,0,0.0,0.0,,0.0,bidTooLow
2019-11-15,467.0,5679.0,0.0,100,311.79,255.0,0,0.0,0.0,,0.0,0,0.0,0.0,,0.0,bidTooLow
2019-11-18,467.0,5702.0,0.0,100,312.02,255.0,0,0.0,0.0,,0.0,0,0.0,0.0,,0.0,bidTooLow
2019-11-19,467.0,5693.0,0.0,100,311.93,255.0,0,0.0,0.0,,0.0,0,0.0,0.0,,0.0,bidTooLow
2019-11-20,467.0,5577.0,0.0,100,310.77,255.0,0,0.0,0.0,,0.0,0,0.0,0.0,,0.0,bidTooLow
2019-11-21,467.0,5527.0,0.0,100,310.27,255.0,0,0.0,0.0,,0.0,0,0.0,0.0,,0.0,bidTooLow
2019-11-22,467.0,5596.0,0.0,100,310.96,255.0,0,0.0,0.0,,0.0,0,0.0,0.0,,0.0,bidTooLow
2019-11-25,467.0,5837.0,0.0,100,313.37,255.0,0,0.0,0.0,,0.0,0,0.0,0.0,,0.0,bidTooLow
2019-11-26,467.0,5908.0,0.0,100,314.08,255.0,0,0.0,0.0,,0.0,0,0.0,0.0,,0.0,bidTooLow
2019-11-27,467.0,6048.0,0.0,100,315.48,255.0,0,0.0,0.0,,0.0,0,0.0,0.0,,0.0,bidTooLow
2019-11-29,467.0,5931.0,0.0,100,314.31,255.0,0,0.0,0.0,,0.0,0,0.0,0.0,,0.0,bidTooLow
2019-12-02,467.0,5664.0,0.0,100,311.64,255.0,0,0.0,0.0,,0.0,0,0.0,0.0,,0.0,bidTooLow
2019-12-03,467.0,5455.0,0.0,100,309.55,255.0,0,0.0,0.0,,0.0,0,0.0,0.0,,0.0,bidTooLow
2019-12-04,467.0,5646.0,0.0,100,311.46,255.0,0,0.0,0.0,,0.0,0,0.0,0.0,,0.0,bidTooLow
2019-12-05,467.0,5702.0,0.0,100,312.02,255.0,0,0.0,0.0,,0.0,0,0.0,0.0,,0.0,bidTooLow
2019-12-06,467.0,5987.0,0.0,100,314.87,255.0,0,0.0,0.0,,0.0,0,0.0,0.0,,0.0,bidTooLow
2019-12-09,467.0,5888.0,0.0,100,313.88,255.0,0,0.0,0.0,,0.0,0,0.0,0.0,,0.0,bidTooLow
2019-12-10,467.0,5853.0,0.0,100,313.53,255.0,0,0.0,0.0,,0.0,0,0.0,0.0,,0.0,bidTooLow
2019-12-11,467.0,5942.0,0.0,100,314.42,255.0,0,0.0,0.0,,0.0,0,0.0,0.0,,0.0,bidTooLow
2019-12-12,467.0,6210.0,0.0,100,317.13,255.0,0,0.0,0.0,,0.0,1,0.01,0.04,SPY191213C00321500,321.5,normalDay
2019-12-13,468.0,6232.0,1.0,100,317.32,255.0,0,0.0,0.0,,0.0,1,0.01,0.0,SPY191213C00321500,321.5,expirationDay
2019-12-16,468.0,6447.0,0.0,100,319.5,255.0,0,0.0,0.0,,0.0,1,0.04,0.07,SPY191218C00324000,324.0,normalDay
2019-12-17,468.0,6459.0,0.0,100,319.57,255.0,0,0.0,0.0,,0.0,1,0.04,0.02,SPY191218C00324000,324.0,normalDay
2019-12-18,472.0,6459.0,4.0,100,319.59,255.0,0,0.0,0.0,,0.0,1,0.04,0.0,SPY191218C00324000,324.0,expirationDay
2019-12-19,472.0,6590.0,0.0,100,320.9,255.0,0,0.0,0.0,,0.0,0,0.0,0.0,,0.0,bidTooLow
2019-12-20,472.0,6573.0,0.0,100,320.73,255.0,0,0.0,0.0,,0.0,0,0.0,0.0,,0.0,bidTooLow
2019-12-23,472.0,6622.0,0.0,100,321.22,255.0,0,0.0,0.0,,0.0,0,0.0,0.0,,0.0,bidTooLow
2019-12-24,472.0,6623.0,0.0,100,321.23,255.0,0,0.0,0.0,,0.0,0,0.0,0.0,,0.0,bidTooLow
2019-12-26,472.0,6794.0,0.0,100,322.94,255.0,0,0.0,0.0,,0.0,0,0.0,0.0,,0.0,bidTooLow
2019-12-27,472.0,6786.0,0.0,100,322.86,255.0,0,0.0,0.0,,0.0,0,0.0,0.0,,0.0,bidTooLow
2019-12-30,472.0,6608.0,0.0,100,321.08,255.0,0,0.0,0.0,,0.0,0,0.0,0.0,,0.0,bidTooLow
2019-12-31,472.0,6686.0,0.0,100,321.86,255.0,0,0.0,0.0,,0.0,0,0.0,0.0,,0.0,bidTooLow
2020-01-02,472.0,6987.0,0.0,100,324.87,255.0,0,0.0,0.0,,0.0,0,0.0,0.0,,0.0,bidTooLow
2020-01-03,472.0,6741.0,0.0,100,322.41,255.0,0,0.0,0.0,,0.0,0,0.0,0.0,,0.0,bidTooLow
2020-01-06,472.0,6864.0,0.0,100,323.64,255.0,0,0.0,0.0,,0.0,0,0.0,0.0,,0.0,bidTooLow
2020-01-07,472.0,6773.0,0.0,100,322.73,255.0,0,0.0,0.0,,0.0,0,0.0,0.0,,0.0,bidTooLow
2020-01-08,472.0,6945.0,0.0,100,324.45,255.0,0,0.0,0.0,,0.0,0,0.0,0.0,,0.0,bidTooLow
2020-01-09,472.0,7165.0,0.0,100,326.65,255.0,0,0.0,0.0,,0.0,0,0.0,0.0,,0.0,bidTooLow
2020-01-10,472.0,7071.0,0.0,100,325.71,255.0,0,0.0,0.0,,0.0,0,0.0,0.0,,0.0,bidTooLow
2020-01-13,472.0,7295.0,0.0,100,327.95,255.0,0,0.0,0.0,,0.0,0,0.0,0.0,,0.0,bidTooLow
2020-01-14,472.0,7245.0,0.0,100,327.45,255.0,0,0.0,0.0,,0.0,0,0.0,0.0,,0.0,bidTooLow
2020-01-15,472.0,7319.0,0.0,100,328.19,255.0,0,0.0,0.0,,0.0,0,0.0,0.0,,0.0,bidTooLow
2020-01-16,472.0,7592.0,0.0,100,330.92,255.0,0,0.0,0.0,,0.0,0,0.0,0.0,,0.0,bidTooLow
2020-01-17,472.0,7695.0,0.0,100,331.95,255.0,0,0.0,0.0,,0.0,0,0.0,0.0,,0.0,bidTooLow
2020-01-21,472.0,7630.0,0.0,100,331.3,255.0,0,0.0,0.0,,0.0,0,0.0,0.0,,0.0,bidTooLow
2020-01-22,472.0,7634.0,0.0,100,331.34,255.0,0,0.0,0.0,,0.0,0,0.0,0.0,,0.0,bidTooLow
2020-01-23,472.0,7672.0,0.0,100,331.72,255.0,0,0.0,0.0,,0.0,0,0.0,0.0,,0.0,bidTooLow
2020-01-24,472.0,7377.0,0.0,100,328.77,255.0,0,0.0,0.0,,0.0,0,0.0,0.0,,0.0,bidTooLow
2020-01-27,472.0,6850.0,0.0,100,323.5,255.0,0,0.0,0.0,,0.0,0,0.0,0.0,,0.0,bidTooLow
2020-01-28,472.0,7189.0,0.0,100,326.89,255.0,0,0.0,0.0,,0.0,0,0.0,0.0,,0.0,bidTooLow
2020-01-29,472.0,7162.0,0.0,100,326.62,255.0,0,0.0,0.0,,0.0,0,0.0,0.0,,0.0,bidTooLow
2020-01-30,472.0,7268.0,0.0,100,327.68,255.0,0,0.0,0.0,,0.0,0,0.0,0.0,,0.0,bidTooLow
2020-01-31,472.0,6673.0,0.0,100,321.73,255.0,0,0.0,0.0,,0.0,0,0.0,0.0,,0.0,bidTooLow
2020-02-03,472.0,6912.0,0.0,100,324.12,255.0,0,0.0,0.0,,0.0,0,0.0,0.0,,0.0,bidTooLow
2020-02-04,472.0,7406.0,0.0,100,329.06,255.0,0,0.0,0.0,,0.0,0,0.0,0.0,,0.0,bidTooLow
2020-02-05,472.0,7786.0,0.0,100,332.86,255.0,0,0.0,0.0,,0.0,0,0.0,0.0,,0.0,bidTooLow
2020-02-06,472.0,7898.0,0.0,100,333.98,255.0,0,0.0,0.0,,0.0,0,0.0,0.0,,0.0,bidTooLow
2020-02-07,472.0,7720.0,0.0,100,332.2,255.0,0,0.0,0.0,,0.0,0,0.0,0.0,,0.0,bidTooLow
2020-02-10,472.0,7968.0,0.0,100,334.68,255.0,0,0.0,0.0,,0.0,0,0.0,0.0,,0.0,bidTooLow
2020-02-11,472.0,8026.0,0.0,100,335.26,255.0,0,0.0,0.0,,0.0,0,0.0,0.0,,0.0,bidTooLow
2020-02-12,472.0,8242.0,0.0,100,337.42,255.0,0,0.0,0.0,,0.0,0,0.0,0.0,,0.0,bidTooLow
2020-02-13,472.0,8206.0,0.0,100,337.06,255.0,0,0.0,0.0,,0.0,0,0.0,0.0,,0.0,bidTooLow
2020-02-14,472.0,8260.0,0.0,100,337.6,255.0,0,0.0,0.0,,0.0,0,0.0,0.0,,0.0,bidTooLow
2020-02-18,472.0,8173.0,0.0,100,336.73,255.0,0,0.0,0.0,,0.0,0,0.0,0.0,,0.0,bidTooLow
2020-02-19,472.0,8334.0,0.0,100,338.34,255.0,0,0.0,0.0,,0.0,0,0.0,0.0,,0.0,bidTooLow
2020-02-20,472.0,8195.0,0.0,100,336.95,255.0,0,0.0,0.0,,0.0,0,0.0,0.0,,0.0,bidTooLow
2020-02-21,472.0,7848.0,0.0,100,333.48,255.0,0,0.0,0.0,,0.0,0,0.0,0.0,,0.0,bidTooLow
2020-02-24,472.0,6742.0,0.0,100,322.42,255.0,0,0.0,0.0,,0.0,0,0.0,0.0,,0.0,bidTooLow
2020-02-25,472.0,5765.0,0.0,100,312.65,255.0,0,0.0,0.0,,0.0,0,0.0,0.0,,0.0,bidTooLow
2020-02-26,472.0,5650.0,0.0,100,311.5,255.0,0,0.0,0.0,,0.0,0,0.0,0.0,,0.0,bidTooLow
2020-02-27,472.0,4251.0,0.0,100,297.51,255.0,0,0.0,0.0,,0.0,0,0.0,0.0,,0.0,bidTooLow
2020-02-28,472.0,4126.0,0.0,100,296.26,255.0,0,0.0,0.0,,0.0,0,0.0,0.0,,0.0,bidTooLow
2020-03-02,472.0,5409.0,0.0,100,309.09,255.0,0,0.0,0.0,,0.0,0,0.0,0.0,,0.0,bidTooLow
2020-03-03,472.0,4524.0,0.0,100,300.24,255.0,0,0.0,0.0,,0.0,0,0.0,0.0,,0.0,bidTooLow
2020-03-04,472.0,5786.0,0.0,100,312.86,255.0,0,0.0,0.0,,0.0,0,0.0,0.0,,0.0,bidTooLow
2020-03-05,472.0,4746.0,0.0,100,302.46,255.0,0,0.0,0.0,,0.0,0,0.0,0.0,,0.0,bidTooLow
2020-03-06,472.0,4246.0,0.0,100,297.46,255.0,0,0.0,0.0,,0.0,0,0.0,0.0,,0.0,bidTooLow
2020-03-09,472.0,1923.0,0.0,100,274.23,255.0,0,0.0,0.0,,0.0,0,0.0,0.0,,0.0,bidTooLow
2020-03-10,472.0,3342.0,0.0,100,288.42,255.0,0,0.0,0.0,,0.0,0,0.0,0.0,,0.0,bidTooLow
2020-03-11,472.0,1936.0,0.0,100,274.36,255.0,0,0.0,0.0,,0.0,0,0.0,0.0,,0.0,bidTooLow
2020-03-12,472.0,-689.0,0.0,100,248.11,255.0,0,0.0,0.0,,0.0,0,0.0,0.0,,0.0,bidTooLow
2020-03-13,472.0,1432.0,0.0,100,269.32,255.0,0,0.0,0.0,,0.0,0,0.0,0.0,,0.0,bidTooLow
2020-03-16,472.0,-1515.0,0.0,100,239.85,255.0,0,0.0,0.0,,0.0,0,0.0,0.0,,0.0,bidTooLow
2020-03-17,472.0,-220.0,0.0,100,252.8,255.0,0,0.0,0.0,,0.0,0,0.0,0.0,,0.0,bidTooLow
2020-03-18,472.0,-1500.0,0.0,100,240.0,255.0,0,0.0,0.0,,0.0,0,0.0,0.0,,0.0,bidTooLow
2020-03-19,472.0,-1449.0,0.0,100,240.51,255.0,0,0.0,0.0,,0.0,0,0.0,0.0,,0.0,bidTooLow
2020-03-20,472.0,-2620.0,0.0,100,228.8,255.0,0,0.0,0.0,,0.0,0,0.0,0.0,,0.0,bidTooLow
2020-03-23,472.0,-3205.0,0.0,100,222.95,255.0,0,0.0,0.0,,0.0,0,0.0,0.0,,0.0,bidTooLow
2020-03-24,472.0,-1185.0,0.0,100,243.15,255.0,0,0.0,0.0,,0.0,0,0.0,0.0,,0.0,bidTooLow
2020-03-25,472.0,-821.0,0.0,100,246.79,255.0,0,0.0,0.0,,0.0,0,0.0,0.0,,0.0,bidTooLow
2020-03-26,472.0,620.0,0.0,100,261.2,255.0,0,0.0,0.0,,0.0,0,0.0,0.0,,0.0,bidTooLow
2020-03-27,472.0,-158.0,0.0,100,253.42,255.0,0,0.0,0.0,,0.0,0,0.0,0.0,,0.0,bidTooLow
2020-03-30,472.0,665.0,0.0,100,261.65,255.0,0,0.0,0.0,,0.0,0,0.0,0.0,,0.0,bidTooLow
2020-03-31,472.0,275.0,0.0,100,257.75,255.0,0,0.0,0.0,,0.0,0,0.0,0.0,,0.0,bidTooLow
2020-04-01,472.0,-885.0,0.0,100,246.15,255.0,0,0.0,0.0,,0.0,0,0.0,0.0,,0.0,bidTooLow
2020-04-02,472.0,-317.0,0.0,100,251.83,255.0,0,0.0,0.0,,0.0,0,0.0,0.0,,0.0,bidTooLow
2020-04-03,472.0,-681.0,0.0,100,248.19,255.0,0,0.0,0.0,,0.0,0,0.0,0.0,,0.0,bidTooLow
2020-04-06,472.0,986.0,0.0,100,264.86,255.0,0,0.0,0.0,,0.0,0,0.0,0.0,,0.0,bidTooLow
2020-04-07,472.0,1013.0,0.0,100,265.13,255.0,0,0.0,0.0,,0.0,0,0.0,0.0,,0.0,bidTooLow
2020-04-08,472.0,1903.0,0.0,100,274.03,255.0,0,0.0,0.0,,0.0,0,0.0,0.0,,0.0,bidTooLow
2020-04-09,472.0,2320.0,0.0,100,278.2,255.0,0,0.0,0.0,,0.0,0,0.0,0.0,,0.0,bidTooLow
2020-04-13,472.0,2066.0,0.0,100,275.66,255.0,0,0.0,0.0,,0.0,0,0.0,0.0,,0.0,bidTooLow
2020-04-14,472.0,2879.0,0.0,100,283.79,255.0,0,0.0,0.0,,0.0,0,0.0,0.0,,0.0,bidTooLow
2020-04-15,472.0,2276.0,0.0,100,277.76,255.0,0,0.0,0.0,,0.0,0,0.0,0.0,,0.0,bidTooLow
2020-04-16,472.0,2410.0,0.0,100,279.1,255.0,0,0.0,0.0,,0.0,0,0.0,0.0,,0.0,bidTooLow
2020-04-17,472.0,3164.0,0.0,100,286.64,255.0,0,0.0,0.0,,0.0,0,0.0,0.0,,0.0,bidTooLow
2020-04-20,472.0,2659.0,0.0,100,281.59,255.0,0,0.0,0.0,,0.0,0,0.0,0.0,,0.0,bidTooLow
2020-04-21,472.0,1804.0,0.0,100,273.04,255.0,0,0.0,0.0,,0.0,0,0.0,0.0,,0.0,bidTooLow
2020-04-22,472.0,2410.0,0.0,100,279.1,255.0,0,0.0,0.0,,0.0,0,0.0,0.0,,0.0,bidTooLow
2020-04-23,472.0,2408.0,0.0,100,279.08,255.0,0,0.0,0.0,,0.0,0,0.0,0.0,,0.0,bidTooLow
2020-04-24,472.0,2797.0,0.0,100,282.97,255.0,0,0.0,0.0,,0.0,0,0.0,0.0,,0.0,bidTooLow
2020-04-27,472.0,3205.0,0.0,100,287.05,255.0,0,0.0,0.0,,0.0,0,0.0,0.0,,0.0,bidTooLow
2020-04-28,472.0,3073.0,0.0,100,285.73,255.0,0,0.0,0.0,,0.0,0,0.0,0.0,,0.0,bidTooLow
2020-04-29,472.0,3821.0,0.0,100,293.21,255.0,0,0.0,0.0,,0.0,0,0.0,0.0,,0.0,bidTooLow
2020-04-30,472.0,3548.0,0.0,100,290.48,255.0,0,0.0,0.0,,0.0,0,0.0,0.0,,0.0,bidTooLow
2020-05-01,472.0,2779.0,0.0,100,282.79,255.0,0,0.0,0.0,,0.0,0,0.0,0.0,,0.0,bidTooLow
2020-05-04,472.0,2857.0,0.0,100,283.57,255.0,0,0.0,0.0,,0.0,0,0.0,0.0,,0.0,bidTooLow
2020-05-05,472.0,3119.0,0.0,100,286.19,255.0,0,0.0,0.0,,0.0,0,0.0,0.0,,0.0,bidTooLow
2020-05-06,472.0,2925.0,0.0,100,284.25,255.0,0,0.0,0.0,,0.0,0,0.0,0.0,,0.0,bidTooLow
2020-05-07,472.0,3268.0,0.0,100,287.68,255.0,0,0.0,0.0,,0.0,0,0.0,0.0,,0.0,bidTooLow
2020-05-08,472.0,3744.0,0.0,100,292.44,255.0,0,0.0,0.0,,0.0,0,0.0,0.0,,0.0,bidTooLow
2020-05-11,472.0,3750.0,0.0,100,292.5,255.0,0,0.0,0.0,,0.0,0,0.0,0.0,,0.0,bidTooLow
2020-05-12,472.0,3167.0,0.0,100,286.67,255.0,0,0.0,0.0,,0.0,0,0.0,0.0,,0.0,bidTooLow
2020-05-13,472.0,2660.0,0.0,100,281.6,255.0,0,0.0,0.0,,0.0,0,0.0,0.0,,0.0,bidTooLow
2020-05-14,472.0,2997.0,0.0,100,284.97,255.0,0,0.0,0.0,,0.0,0,0.0,0.0,,0.0,bidTooLow
2020-05-15,472.0,3128.0,0.0,100,286.28,255.0,0,0.0,0.0,,0.0,0,0.0,0.0,,0.0,bidTooLow
2020-05-18,472.0,3997.0,0.0,100,295.0,255.0,0,0.0,0.0,,0.0,1,0.01,0.04,SPY200520C00309000,309.0,normalDay
2020-05-19,472.0,3696.0,0.0,100,291.97,255.0,0,0.0,0.0,,0.0,1,0.01,0.02,SPY200520C00309000,309.0,normalDay
2020-05-20,473.0,4193.0,1.0,100,296.93,255.0,0,0.0,0.0,,0.0,1,0.01,0.0,SPY200520C00309000,309.0,expirationDay
2020-05-21,473.0,3988.0,0.0,100,294.88,255.0,0,0.0,0.0,,0.0,0,0.0,0.0,,0.0,bidTooLow
2020-05-22,473.0,4044.0,0.0,100,295.44,255.0,0,0.0,0.0,,0.0,0,0.0,0.0,,0.0,bidTooLow
2020-05-26,473.0,4405.0,0.0,100,299.08,255.0,0,0.0,0.0,,0.0,1,0.02,0.05,SPY200529C00312000,312.0,normalDay
2020-05-27,473.0,4844.0,0.0,100,303.53,255.0,0,0.0,0.0,,0.0,1,0.02,0.11,SPY200529C00312000,312.0,normalDay
2020-05-28,473.0,4795.0,0.0,100,302.97,255.0,0,0.0,0.0,,0.0,1,0.02,0.04,SPY200529C00312000,312.0,normalDay
2020-05-29,475.0,4932.0,2.0,100,304.32,255.0,0,0.0,0.0,,0.0,1,0.02,0.0,SPY200529C00312000,312.0,expirationDay
2020-06-01,475.0,5055.0,0.0,100,305.55,255.0,0,0.0,0.0,,0.0,0,0.0,0.0,,0.0,bidTooLow
2020-06-02,475.0,5308.0,0.0,100,308.08,255.0,0,0.0,0.0,,0.0,0,0.0,0.0,,0.0,bidTooLow
2020-06-03,475.0,5718.0,0.0,100,312.18,255.0,0,0.0,0.0,,0.0,0,0.0,0.0,,0.0,bidTooLow
2020-06-04,475.0,5636.0,0.0,100,311.36,255.0,0,0.0,0.0,,0.0,0,0.0,0.0,,0.0,bidTooLow
2020-06-05,475.0,6434.0,0.0,100,319.34,255.0,0,0.0,0.0,,0.0,0,0.0,0.0,,0.0,bidTooLow
2020-06-08,475.0,6820.0,0.0,100,323.2,255.0,0,0.0,0.0,,0.0,0,0.0,0.0,,0.0,bidTooLow
2020-06-09,475.0,6579.0,0.0,100,320.79,255.0,0,0.0,0.0,,0.0,0,0.0,0.0,,0.0,bidTooLow
2020-06-10,475.0,6400.0,0.0,100,319.0,255.0,0,0.0,0.0,,0.0,0,0.0,0.0,,0.0,bidTooLow
2020-06-11,475.0,4561.0,0.0,100,300.61,255.0,0,0.0,0.0,,0.0,0,0.0,0.0,,0.0,bidTooLow
2020-06-12,475.0,4921.0,0.0,100,304.21,255.0,0,0.0,0.0,,0.0,0,0.0,0.0,,0.0,bidTooLow
2020-06-15,475.0,5205.0,0.0,100,307.05,255.0,0,0.0,0.0,,0.0,0,0.0,0.0,,0.0,bidTooLow
2020-06-16,475.0,5796.0,0.0,100,312.96,255.0,0,0.0,0.0,,0.0,0,0.0,0.0,,0.0,bidTooLow
2020-06-17,475.0,5666.0,0.0,100,311.66,255.0,0,0.0,0.0,,0.0,0,0.0,0.0,,0.0,bidTooLow
2020-06-18,475.0,5678.0,0.0,100,311.78,255.0,0,0.0,0.0,,0.0,0,0.0,0.0,,0.0,bidTooLow
2020-06-19,475.0,5364.0,0.0,100,308.64,255.0,0,0.0,0.0,,0.0,0,0.0,0.0,,0.0,bidTooLow
2020-06-22,475.0,5562.0,0.0,100,310.62,255.0,0,0.0,0.0,,0.0,0,0.0,0.0,,0.0,bidTooLow
2020-06-23,475.0,5705.0,0.0,100,312.05,255.0,0,0.0,0.0,,0.0,0,0.0,0.0,,0.0,bidTooLow
2020-06-24,475.0,4909.0,0.0,100,304.09,255.0,0,0.0,0.0,,0.0,0,0.0,0.0,,0.0,bidTooLow
2020-06-25,475.0,5235.0,0.0,100,307.35,255.0,0,0.0,0.0,,0.0,0,0.0,0.0,,0.0,bidTooLow
2020-06-26,475.0,4505.0,0.0,100,300.05,255.0,0,0.0,0.0,,0.0,0,0.0,0.0,,0.0,bidTooLow
2020-06-29,475.0,4946.0,0.0,100,304.46,255.0,0,0.0,0.0,,0.0,0,0.0,0.0,,0.0,bidTooLow
2020-06-30,475.0,5336.0,0.0,100,308.36,255.0,0,0.0,0.0,,0.0,0,0.0,0.0,,0.0,bidTooLow
2020-07-01,475.0,5552.0,0.0,100,310.52,255.0,0,0.0,0.0,,0.0,0,0.0,0.0,,0.0,bidTooLow
2020-07-02,475.0,5723.0,0.0,100,312.23,255.0,0,0.0,0.0,,0.0,0,0.0,0.0,,0.0,bidTooLow
2020-07-06,475.0,6205.0,0.0,100,317.05,255.0,0,0.0,0.0,,0.0,0,0.0,0.0,,0.0,bidTooLow
2020-07-07,475.0,5878.0,0.0,100,313.78,255.0,0,0.0,0.0,,0.0,0,0.0,0.0,,0.0,bidTooLow
2020-07-08,475.0,6118.0,0.0,100,316.18,255.0,0,0.0,0.0,,0.0,0,0.0,0.0,,0.0,bidTooLow
2020-07-09,475.0,5938.0,0.0,100,314.38,255.0,0,0.0,0.0,,0.0,0,0.0,0.0,,0.0,bidTooLow
2020-07-10,475.0,6259.0,0.0,100,317.59,255.0,0,0.0,0.0,,0.0,0,0.0,0.0,,0.0,bidTooLow
2020-07-13,475.0,5984.0,0.0,100,314.84,255.0,0,0.0,0.0,,0.0,0,0.0,0.0,,0.0,bidTooLow
2020-07-14,475.0,6389.0,0.0,100,318.92,255.0,0,0.0,0.0,,0.0,1,0.06,0.09,SPY200717C00332000,332.0,normalDay
2020-07-15,475.0,6684.0,0.0,100,321.85,255.0,0,0.0,0.0,,0.0,1,0.06,0.07,SPY200717C00332000,332.0,normalDay
2020-07-16,475.0,6584.0,0.0,100,320.79,255.0,0,0.0,0.0,,0.0,1,0.06,0.01,SPY200717C00332000,332.0,normalDay
2020-07-17,481.0,6672.0,6.0,100,321.72,255.0,0,0.0,0.0,,0.0,1,0.06,0.0,SPY200717C00332000,332.0,expirationDay
2020-07-20,481.0,6932.0,0.0,100,324.32,255.0,0,0.0,0.0,,0.0,0,0.0,0.0,,0.0,bidTooLow
2020-07-21,481.0,7001.0,0.0,100,325.01,255.0,0,0.0,0.0,,0.0,0,0.0,0.0,,0.0,bidTooLow
2020-07-22,481.0,7186.0,0.0,100,326.86,255.0,0,0.0,0.0,,0.0,0,0.0,0.0,,0.0,bidTooLow
2020-07-23,481.0,6796.0,0.0,100,322.96,255.0,0,0.0,0.0,,0.0,0,0.0,0.0,,0.0,bidTooLow
2020-07-24,481.0,6588.0,0.0,100,320.88,255.0,0,0.0,0.0,,0.0,0,0.0,0.0,,0.0,bidTooLow
2020-07-27,481.0,6822.0,0.0,100,323.22,255.0,0,0.0,0.0,,0.0,0,0.0,0.0,,0.0,bidTooLow
2020-07-28,481.0,6617.0,0.0,100,321.17,255.0,0,0.0,0.0,,0.0,0,0.0,0.0,,0.0,bidTooLow
2020-07-29,481.0,7012.0,0.0,100,325.12,255.0,0,0.0,0.0,,0.0,0,0.0,0.0,,0.0,bidTooLow
2020-07-30,481.0,6896.0,0.0,100,323.96,255.0,0,0.0,0.0,,0.0,0,0.0,0.0,,0.0,bidTooLow
2020-07-31,481.0,7152.0,0.0,100,326.52,255.0,0,0.0,0.0,,0.0,0,0.0,0.0,,0.0,bidTooLow
2020-08-03,481.0,7379.0,0.0,100,328.79,255.0,0,0.0,0.0,,0.0,0,0.0,0.0,,0.0,bidTooLow
2020-08-04,481.0,7506.0,0.0,100,330.06,255.0,0,0.0,0.0,,0.0,0,0.0,0.0,,0.0,bidTooLow
2020-08-05,481.0,7711.0,0.0,100,332.11,255.0,0,0.0,0.0,,0.0,0,0.0,0.0,,0.0,bidTooLow
2020-08-06,481.0,7933.0,0.0,100,334.33,255.0,0,0.0,0.0,,0.0,0,0.0,0.0,,0.0,bidTooLow
2020-08-07,481.0,7957.0,0.0,100,334.57,255.0,0,0.0,0.0,,0.0,0,0.0,0.0,,0.0,bidTooLow
2020-08-10,481.0,8057.0,0.0,100,335.57,255.0,0,0.0,0.0,,0.0,0,0.0,0.0,,0.0,bidTooLow
2020-08-11,481.0,7780.0,0.0,100,332.8,255.0,0,0.0,0.0,,0.0,0,0.0,0.0,,0.0,bidTooLow
2020-08-12,481.0,8244.0,0.0,100,337.44,255.0,0,0.0,0.0,,0.0,0,0.0,0.0,,0.0,bidTooLow
2020-08-13,481.0,8183.0,0.0,100,336.83,255.0,0,0.0,0.0,,0.0,0,0.0,0.0,,0.0,bidTooLow
2020-08-14,481.0,8184.0,0.0,100,336.84,255.0,0,0.0,0.0,,0.0,0,0.0,0.0,,0.0,bidTooLow
2020-08-17,481.0,8291.0,0.0,100,337.91,255.0,0,0.0,0.0,,0.0,0,0.0,0.0,,0.0,bidTooLow
2020-08-18,481.0,8364.0,0.0,100,338.64,255.0,0,0.0,0.0,,0.0,0,0.0,0.0,,0.0,bidTooLow
2020-08-19,481.0,8223.0,0.0,100,337.23,255.0,0,0.0,0.0,,0.0,0,0.0,0.0,,0.0,bidTooLow
2020-08-20,481.0,8328.0,0.0,100,338.28,255.0,0,0.0,0.0,,0.0,0,0.0,0.0,,0.0,bidTooLow
2020-08-21,481.0,8448.0,0.0,100,339.48,255.0,0,0.0,0.0,,0.0,0,0.0,0.0,,0.0,bidTooLow
2020-08-24,481.0,8792.0,0.0,100,342.92,255.0,0,0.0,0.0,,0.0,0,0.0,0.0,,0.0,bidTooLow
2020-08-25,481.0,8912.0,0.0,100,344.12,255.0,0,0.0,0.0,,0.0,0,0.0,0.0,,0.0,bidTooLow
2020-08-26,481.0,9254.0,0.0,100,347.57,255.0,0,0.0,0.0,,0.0,1,0.01,0.04,SPY200828C00361000,361.0,normalDay
2020-08-27,481.0,9333.0,0.0,100,348.33,255.0,0,0.0,0.0,,0.0,1,0.01,0.01,SPY200828C00361000,361.0,normalDay
2020-08-28,482.0,9558.0,1.0,100,350.58,255.0,0,0.0,0.0,,0.0,1,0.01,0.0,SPY200828C00361000,361.0,expirationDay
2020-08-31,482.0,9431.0,0.0,100,349.31,255.0,0,0.0,0.0,,0.0,0,0.0,0.0,,0.0,bidTooLow
2020-09-01,482.0,9760.0,0.0,100,352.6,255.0,0,0.0,0.0,,0.0,0,0.0,0.0,,0.0,bidTooLow
2020-09-02,482.0,10267.0,0.0,100,357.7,255.0,0,0.0,0.0,,0.0,1,0.01,0.04,SPY200904C00372000,372.0,normalDay
2020-09-03,482.0,9039.0,0.0,100,345.39,255.0,0,0.0,0.0,,0.0,1,0.01,0.01,SPY200904C00372000,372.0,normalDay
2020-09-04,483.0,8757.0,1.0,100,342.57,255.0,0,0.0,0.0,,0.0,1,0.01,0.0,SPY200904C00372000,372.0,expirationDay
2020-09-08,483.0,7821.0,0.0,100,333.21,255.0,0,0.0,0.0,,0.0,0,0.0,0.0,,0.0,bidTooLow
2020-09-09,483.0,8479.0,0.0,100,339.79,255.0,0,0.0,0.0,,0.0,0,0.0,0.0,,0.0,bidTooLow
2020-09-10,483.0,7889.0,0.0,100,333.89,255.0,0,0.0,0.0,,0.0,0,0.0,0.0,,0.0,bidTooLow
2020-09-11,483.0,7906.0,0.0,100,334.06,255.0,0,0.0,0.0,,0.0,0,0.0,0.0,,0.0,bidTooLow
2020-09-14,483.0,8346.0,0.0,100,338.46,255.0,0,0.0,0.0,,0.0,0,0.0,0.0,,0.0,bidTooLow
2020-09-15,483.0,8517.0,0.0,100,340.17,255.0,0,0.0,0.0,,0.0,0,0.0,0.0,,0.0,bidTooLow
2020-09-16,483.0,8382.0,0.0,100,338.82,255.0,0,0.0,0.0,,0.0,0,0.0,0.0,,0.0,bidTooLow
2020-09-17,483.0,8084.0,0.0,100,335.84,255.0,0,0.0,0.0,,0.0,0,0.0,0.0,,0.0,bidTooLow
2020-09-18,483.0,7565.0,0.0,100,330.65,255.0,0,0.0,0.0,,0.0,0,0.0,0.0,,0.0,bidTooLow
2020-09-21,483.0,7197.0,0.0,100,326.97,255.0,0,0.0,0.0,,0.0,0,0.0,0.0,,0.0,bidTooLow
2020-09-22,483.0,7530.0,0.0,100,330.3,255.0,0,0.0,0.0,,0.0,0,0.0,0.0,,0.0,bidTooLow
2020-09-23,483.0,6764.0,0.0,100,322.64,255.0,0,0.0,0.0,,0.0,0,0.0,0.0,,0.0,bidTooLow
2020-09-24,483.0,6850.0,0.0,100,323.5,255.0,0,0.0,0.0,,0.0,0,0.0,0.0,,0.0,bidTooLow
2020-09-25,483.0,7373.0,0.0,100,328.73,255.0,0,0.0,0.0,,0.0,0,0.0,0.0,,0.0,bidTooLow
2020-09-28,483.0,7919.0,0.0,100,334.19,255.0,0,0.0,0.0,,0.0,0,0.0,0.0,,0.0,bidTooLow
2020-09-29,483.0,7737.0,0.0,100,332.37,255.0,0,0.0,0.0,,0.0,0,0.0,0.0,,0.0,bidTooLow
2020-09-30,483.0,7989.0,0.0,100,334.89,255.0,0,0.0,0.0,,0.0,0,0.0,0.0,,0.0,bidTooLow
2020-10-01,483.0,8204.0,0.0,100,337.04,255.0,0,0.0,0.0,,0.0,0,0.0,0.0,,0.0,bidTooLow
2020-10-02,483.0,7884.0,0.0,100,333.84,255.0,0,0.0,0.0,,0.0,0,0.0,0.0,,0.0,bidTooLow
2020-10-05,483.0,8476.0,0.0,100,339.76,255.0,0,0.0,0.0,,0.0,0,0.0,0.0,,0.0,bidTooLow
2020-10-06,483.0,7993.0,0.0,100,334.93,255.0,0,0.0,0.0,,0.0,0,0.0,0.0,,0.0,bidTooLow
2020-10-07,483.0,8576.0,0.0,100,340.76,255.0,0,0.0,0.0,,0.0,0,0.0,0.0,,0.0,bidTooLow
2020-10-08,483.0,8878.0,0.0,100,343.78,255.0,0,0.0,0.0,,0.0,0,0.0,0.0,,0.0,bidTooLow
2020-10-09,483.0,9185.0,0.0,100,346.85,255.0,0,0.0,0.0,,0.0,0,0.0,0.0,,0.0,bidTooLow
2020-10-12,483.0,9743.0,0.0,100,352.43,255.0,0,0.0,0.0,,0.0,0,0.0,0.0,,0.0,bidTooLow
2020-10-13,483.0,9513.0,0.0,100,350.13,255.0,0,0.0,0.0,,0.0,0,0.0,0.0,,0.0,bidTooLow
2020-10-14,483.0,9293.0,0.0,100,347.93,255.0,0,0.0,0.0,,0.0,0,0.0,0.0,,0.0,bidTooLow
2020-10-15,483.0,9250.0,0.0,100,347.5,255.0,0,0.0,0.0,,0.0,0,0.0,0.0,,0.0,bidTooLow
2020-10-16,483.0,9229.0,0.0,100,347.29,255.0,0,0.0,0.0,,0.0,0,0.0,0.0,,0.0,bidTooLow
2020-10-19,483.0,8701.0,0.0,100,342.01,255.0,0,0.0,0.0,,0.0,0,0.0,0.0,,0.0,bidTooLow
2020-10-20,483.0,8838.0,0.0,100,343.38,255.0,0,0.0,0.0,,0.0,0,0.0,0.0,,0.0,bidTooLow
2020-10-21,483.0,8773.0,0.0,100,342.73,255.0,0,0.0,0.0,,0.0,0,0.0,0.0,,0.0,bidTooLow
2020-10-22,483.0,8961.0,0.0,100,344.61,255.0,0,0.0,0.0,,0.0,0,0.0,0.0,,0.0,bidTooLow
2020-10-23,483.0,9078.0,0.0,100,345.78,255.0,0,0.0,0.0,,0.0,0,0.0,0.0,,0.0,bidTooLow
2020-10-26,483.0,8439.0,0.0,100,339.39,255.0,0,0.0,0.0,,0.0,0,0.0,0.0,,0.0,bidTooLow
2020-10-27,483.0,8322.0,0.0,100,338.22,255.0,0,0.0,0.0,,0.0,0,0.0,0.0,,0.0,bidTooLow
2020-10-28,483.0,7166.0,0.0,100,326.66,255.0,0,0.0,0.0,,0.0,0,0.0,0.0,,0.0,bidTooLow
2020-10-29,483.0,7498.0,0.0,100,329.98,255.0,0,0.0,0.0,,0.0,0,0.0,0.0,,0.0,bidTooLow
2020-10-30,483.0,7154.0,0.0,100,326.54,255.0,0,0.0,0.0,,0.0,0,0.0,0.0,,0.0,bidTooLow
2020-11-02,483.0,7520.0,0.0,100,330.2,255.0,0,0.0,0.0,,0.0,0,0.0,0.0,,0.0,bidTooLow
2020-11-03,483.0,8100.0,0.0,100,336.03,255.0,0,0.0,0.0,,0.0,1,0.01,0.04,SPY201106C00374000,374.0,normalDay
2020-11-04,483.0,8854.0,0.0,100,343.54,255.0,0,0.0,0.0,,0.0,1,0.01,0.01,SPY201106C00374000,374.0,normalDay
2020-11-05,483.0,9524.0,0.0,100,350.24,255.0,0,0.0,0.0,,0.0,1,0.01,0.01,SPY201106C00374000,374.0,normalDay
2020-11-06,484.0,9516.0,1.0,100,350.16,255.0,0,0.0,0.0,,0.0,1,0.01,0.0,SPY201106C00374000,374.0,expirationDay
2020-11-09,484.0,9956.0,0.0,100,354.56,255.0,0,0.0,0.0,,0.0,0,0.0,0.0,,0.0,bidTooLow
2020-11-10,484.0,9904.0,0.0,100,354.04,255.0,0,0.0,0.0,,0.0,0,0.0,0.0,,0.0,bidTooLow
2020-11-11,484.0,10167.0,0.0,100,356.67,255.0,0,0.0,0.0,,0.0,0,0.0,0.0,,0.0,bidTooLow
2020-11-12,484.0,9821.0,0.0,100,353.21,255.0,0,0.0,0.0,,0.0,0,0.0,0.0,,0.0,bidTooLow
2020-11-13,484.0,10310.0,0.0,100,358.1,255.0,0,0.0,0.0,,0.0,0,0.0,0.0,,0.0,bidTooLow
2020-11-16,484.0,10757.0,0.0,100,362.57,255.0,0,0.0,0.0,,0.0,0,0.0,0.0,,0.0,bidTooLow
2020-11-17,484.0,10562.0,0.0,100,360.62,255.0,0,0.0,0.0,,0.0,0,0.0,0.0,,0.0,bidTooLow
2020-11-18,484.0,10128.0,0.0,100,356.28,255.0,0,0.0,0.0,,0.0,0,0.0,0.0,,0.0,bidTooLow
2020-11-19,484.0,10278.0,0.0,100,357.78,255.0,0,0.0,0.0,,0.0,0,0.0,0.0,,0.0,bidTooLow
2020-11-20,484.0,10033.0,0.0,100,355.33,255.0,0,0.0,0.0,,0.0,0,0.0,0.0,,0.0,bidTooLow
2020-11-23,484.0,10246.0,0.0,100,357.46,255.0,0,0.0,0.0,,0.0,0,0.0,0.0,,0.0,bidTooLow
2020-11-24,484.0,10822.0,0.0,100,363.22,255.0,0,0.0,0.0,,0.0,0,0.0,0.0,,0.0,bidTooLow
2020-11-25,484.0,10766.0,0.0,100,362.66,255.0,0,0.0,0.0,,0.0,0,0.0,0.0,,0.0,bidTooLow
2020-11-27,484.0,10867.0,0.0,100,363.67,255.0,0,0.0,0.0,,0.0,0,0.0,0.0,,0.0,bidTooLow
2020-11-30,484.0,10706.0,0.0,100,362.06,255.0,0,0.0,0.0,,0.0,0,0.0,0.0,,0.0,bidTooLow
2020-12-01,484.0,11102.0,0.0,100,366.02,255.0,0,0.0,0.0,,0.0,0,0.0,0.0,,0.0,bidTooLow
2020-12-02,484.0,11179.0,0.0,100,366.79,255.0,0,0.0,0.0,,0.0,0,0.0,0.0,,0.0,bidTooLow
2020-12-03,484.0,11169.0,0.0,100,366.69,255.0,0,0.0,0.0,,0.0,0,0.0,0.0,,0.0,bidTooLow
2020-12-04,484.0,11485.0,0.0,100,369.85,255.0,0,0.0,0.0,,0.0,0,0.0,0.0,,0.0,bidTooLow
2020-12-07,484.0,11409.0,0.0,100,369.09,255.0,0,0.0,0.0,,0.0,0,0.0,0.0,,0.0,bidTooLow
2020-12-08,484.0,11517.0,0.0,100,370.17,255.0,0,0.0,0.0,,0.0,0,0.0,0.0,,0.0,bidTooLow
2020-12-09,484.0,11185.0,0.0,100,366.85,255.0,0,0.0,0.0,,0.0,0,0.0,0.0,,0.0,bidTooLow
2020-12-10,484.0,11173.0,0.0,100,366.73,255.0,0,0.0,0.0,,0.0,0,0.0,0.0,,0.0,bidTooLow
2020-12-11,484.0,11130.0,0.0,100,366.3,255.0,0,0.0,0.0,,0.0,0,0.0,0.0,,0.0,bidTooLow
2020-12-14,484.0,10966.0,0.0,100,364.66,255.0,0,0.0,0.0,,0.0,0,0.0,0.0,,0.0,bidTooLow
2020-12-15,484.0,11456.0,0.0,100,369.59,255.0,0,0.0,0.0,,0.0,1,0.02,0.05,SPY201218C00384000,384.0,normalDay
2020-12-16,484.0,11514.0,0.0,100,370.17,255.0,0,0.0,0.0,,0.0,1,0.02,0.05,SPY201218C00384000,384.0,normalDay
2020-12-17,484.0,11723.0,0.0,100,372.24,255.0,0,0.0,0.0,,0.0,1,0.02,0.03,SPY201218C00384000,384.0,normalDay
2020-12-18,486.0,11418.0,2.0,100,369.18,255.0,0,0.0,0.0,,0.0,1,0.02,0.0,SPY201218C00384000,384.0,expirationDay
2020-12-21,486.0,11286.0,0.0,100,367.86,255.0,0,0.0,0.0,,0.0,0,0.0,0.0,,0.0,bidTooLow
2020-12-22,486.0,11224.0,0.0,100,367.24,255.0,0,0.0,0.0,,0.0,0,0.0,0.0,,0.0,bidTooLow
2020-12-23,486.0,11257.0,0.0,100,367.57,255.0,0,0.0,0.0,,0.0,0,0.0,0.0,,0.0,bidTooLow
2020-12-24,486.0,11400.0,0.0,100,369.0,255.0,0,0.0,0.0,,0.0,0,0.0,0.0,,0.0,bidTooLow
2020-12-28,486.0,11714.0,0.0,100,372.17,255.0,0,0.0,0.0,,0.0,1,0.14,0.17,SPY201231C00379000,379.0,normalDay
2020-12-29,486.0,11654.0,0.0,100,371.46,255.0,0,0.0,0.0,,0.0,1,0.14,0.06,SPY201231C00379000,379.0,normalDay
2020-12-30,486.0,11710.0,0.0,100,371.99,255.0,0,0.0,0.0,,0.0,1,0.14,0.03,SPY201231C00379000,379.0,normalDay
2020-12-31,500.0,11888.0,14.0,100,373.88,255.0,0,0.0,0.0,,0.0,1,0.14,0.0,SPY201231C00379000,379.0,expirationDay
2021-01-04,500.0,11376.0,0.0,100,368.79,255.0,0,0.0,0.0,,0.0,1,0.11,0.14,SPY210106C00379000,379.0,normalDay
2021-01-05,500.0,11637.0,0.0,100,371.33,255.0,0,0.0,0.0,,0.0,1,0.11,0.07,SPY210106C00379000,379.0,normalDay
2021-01-06,511.0,11855.0,11.0,100,373.55,255.0,0,0.0,0.0,,0.0,1,0.11,0.0,SPY210106C00379000,379.0,expirationDay
2021-01-07,511.0,12407.0,0.0,100,379.1,255.0,0,0.0,0.0,,0.0,1,0.03,0.06,SPY210108C00384000,384.0,normalDay
2021-01-08,514.0,12626.0,3.0,100,381.26,255.0,0,0.0,0.0,,0.0,1,0.03,0.0,SPY210108C00384000,384.0,expirationDay
2021-01-11,514.0,12369.0,0.0,100,378.69,255.0,0,0.0,0.0,,0.0,0,0.0,0.0,,0.0,bidTooLow
2021-01-12,514.0,12374.0,0.0,100,378.77,255.0,0,0.0,0.0,,0.0,1,0.01,0.04,SPY210115C00391000,391.0,normalDay
2021-01-13,514.0,12478.0,0.0,100,379.79,255.0,0,0.0,0.0,,0.0,1,0.01,0.02,SPY210115C00391000,391.0,normalDay
2021-01-14,514.0,12346.0,0.0,100,378.46,255.0,0,0.0,0.0,,0.0,1,0.01,0.01,SPY210115C00391000,391.0,normalDay
2021-01-15,515.0,12070.0,1.0,100,375.7,255.0,0,0.0,0.0,,0.0,1,0.01,0.0,SPY210115C00391000,391.0,expirationDay
2021-01-19,515.0,12365.0,0.0,100,378.65,255.0,0,0.0,0.0,,0.0,0,0.0,0.0,,0.0,bidTooLow
2021-01-20,515.0,12889.0,0.0,100,383.89,255.0,0,0.0,0.0,,0.0,0,0.0,0.0,,0.0,bidTooLow
2021-01-21,515.0,12924.0,0.0,100,384.24,255.0,0,0.0,0.0,,0.0,0,0.0,0.0,,0.0,bidTooLow
2021-01-22,515.0,12788.0,0.0,100,382.88,255.0,0,0.0,0.0,,0.0,0,0.0,0.0,,0.0,bidTooLow
2021-01-25,515.0,12939.0,0.0,100,384.39,255.0,0,0.0,0.0,,0.0,0,0.0,0.0,,0.0,bidTooLow
2021-01-26,515.0,12879.0,0.0,100,383.79,255.0,0,0.0,0.0,,0.0,0,0.0,0.0,,0.0,bidTooLow
2021-01-27,515.0,11941.0,0.0,100,374.41,255.0,0,0.0,0.0,,0.0,0,0.0,0.0,,0.0,bidTooLow
2021-01-28,515.0,12263.0,0.0,100,377.63,255.0,0,0.0,0.0,,0.0,0,0.0,0.0,,0.0,bidTooLow
2021-01-29,515.0,11507.0,0.0,100,370.07,255.0,0,0.0,0.0,,0.0,0,0.0,0.0,,0.0,bidTooLow
2021-02-01,515.0,12123.0,0.0,100,376.23,255.0,0,0.0,0.0,,0.0,0,0.0,0.0,,0.0,bidTooLow
2021-02-02,515.0,12655.0,0.0,100,381.55,255.0,0,0.0,0.0,,0.0,0,0.0,0.0,,0.0,bidTooLow
2021-02-03,515.0,12685.0,0.0,100,381.85,255.0,0,0.0,0.0,,0.0,0,0.0,0.0,,0.0,bidTooLow
2021-02-04,515.0,13119.0,0.0,100,386.19,255.0,0,0.0,0.0,,0.0,0,0.0,0.0,,0.0,bidTooLow
2021-02-05,515.0,13271.0,0.0,100,387.71,255.0,0,0.0,0.0,,0.0,0,0.0,0.0,,0.0,bidTooLow
2021-02-08,515.0,13551.0,0.0,100,390.51,255.0,0,0.0,0.0,,0.0,0,0.0,0.0,,0.0,bidTooLow
2021-02-09,515.0,13525.0,0.0,100,390.25,255.0,0,0.0,0.0,,0.0,0,0.0,0.0,,0.0,bidTooLow
2021-02-10,515.0,13508.0,0.0,100,390.08,255.0,0,0.0,0.0,,0.0,0,0.0,0.0,,0.0,bidTooLow
2021-02-11,515.0,13571.0,0.0,100,390.71,255.0,0,0.0,0.0,,0.0,0,0.0,0.0,,0.0,bidTooLow
2021-02-12,515.0,13764.0,0.0,100,392.64,255.0,0,0.0,0.0,,0.0,0,0.0,0.0,,0.0,bidTooLow
2021-02-16,515.0,13730.0,0.0,100,392.3,255.0,0,0.0,0.0,,0.0,0,0.0,0.0,,0.0,bidTooLow
2021-02-17,515.0,13739.0,0.0,100,392.39,255.0,0,0.0,0.0,,0.0,0,0.0,0.0,,0.0,bidTooLow
2021-02-18,515.0,13572.0,0.0,100,390.72,255.0,0,0.0,0.0,,0.0,0,0.0,0.0,,0.0,bidTooLow
2021-02-19,515.0,13503.0,0.0,100,390.03,255.0,0,0.0,0.0,,0.0,0,0.0,0.0,,0.0,bidTooLow
2021-02-22,515.0,13203.0,0.0,100,387.03,255.0,0,0.0,0.0,,0.0,0,0.0,0.0,,0.0,bidTooLow
2021-02-23,515.0,13250.0,0.0,100,387.5,255.0,0,0.0,0.0,,0.0,0,0.0,0.0,,0.0,bidTooLow
2021-02-24,515.0,13677.0,0.0,100,391.77,255.0,0,0.0,0.0,,0.0,0,0.0,0.0,,0.0,bidTooLow
2021-02-25,515.0,12733.0,0.0,100,382.33,255.0,0,0.0,0.0,,0.0,0,0.0,0.0,,0.0,bidTooLow
2021-02-26,515.0,12536.0,0.0,100,380.36,255.0,0,0.0,0.0,,0.0,0,0.0,0.0,,0.0,bidTooLow
2021-03-01,515.0,13458.0,0.0,100,389.58,255.0,0,0.0,0.0,,0.0,0,0.0,0.0,,0.0,bidTooLow
2021-03-02,515.0,13154.0,0.0,100,386.54,255.0,0,0.0,0.0,,0.0,0,0.0,0.0,,0.0,bidTooLow
2021-03-03,515.0,12642.0,0.0,100,381.42,255.0,0,0.0,0.0,,0.0,0,0.0,0.0,,0.0,bidTooLow
2021-03-04,515.0,12170.0,0.0,100,376.7,255.0,0,0.0,0.0,,0.0,0,0.0,0.0,,0.0,bidTooLow
2021-03-05,515.0,12863.0,0.0,100,383.63,255.0,0,0.0,0.0,,0.0,0,0.0,0.0,,0.0,bidTooLow
2021-03-08,515.0,12672.0,0.0,100,381.72,255.0,0,0.0,0.0,,0.0,0,0.0,0.0,,0.0,bidTooLow
2021-03-09,515.0,13217.0,0.0,100,387.17,255.0,0,0.0,0.0,,0.0,0,0.0,0.0,,0.0,bidTooLow
2021-03-10,515.0,13458.0,0.0,100,389.58,255.0,0,0.0,0.0,,0.0,0,0.0,0.0,,0.0,bidTooLow
2021-03-11,515.0,13853.0,0.0,100,393.53,255.0,0,0.0,0.0,,0.0,0,0.0,0.0,,0.0,bidTooLow
2021-03-12,515.0,13906.0,0.0,100,394.06,255.0,0,0.0,0.0,,0.0,0,0.0,0.0,,0.0,bidTooLow
2021-03-15,515.0,14141.0,0.0,100,396.41,255.0,0,0.0,0.0,,0.0,0,0.0,0.0,,0.0,bidTooLow
2021-03-16,515.0,14091.0,0.0,100,395.91,255.0,0,0.0,0.0,,0.0,0,0.0,0.0,,0.0,bidTooLow
2021-03-17,515.0,14226.0,0.0,100,397.26,255.0,0,0.0,0.0,,0.0,0,0.0,0.0,,0.0,bidTooLow
2021-03-18,515.0,13648.0,0.0,100,391.48,255.0,0,0.0,0.0,,0.0,0,0.0,0.0,,0.0,bidTooLow
2021-03-19,515.0,13448.0,0.0,100,389.48,255.0,0,0.0,0.0,,0.0,0,0.0,0.0,,0.0,bidTooLow
2021-03-22,515.0,13759.0,0.0,100,392.59,255.0,0,0.0,0.0,,0.0,0,0.0,0.0,,0.0,bidTooLow
2021-03-23,515.0,13450.0,0.0,100,389.5,255.0,0,0.0,0.0,,0.0,0,0.0,0.0,,0.0,bidTooLow
2021-03-24,515.0,13252.0,0.0,100,387.52,255.0,0,0.0,0.0,,0.0,0,0.0,0.0,,0.0,bidTooLow
2021-03-25,515.0,13470.0,0.0,100,389.7,255.0,0,0.0,0.0,,0.0,0,0.0,0.0,,0.0,bidTooLow
2021-03-26,515.0,14098.0,0.0,100,395.98,255.0,0,0.0,0.0,,0.0,0,0.0,0.0,,0.0,bidTooLow
2021-03-29,515.0,14078.0,0.0,100,395.78,255.0,0,0.0,0.0,,0.0,0,0.0,0.0,,0.0,bidTooLow
2021-03-30,515.0,13973.0,0.0,100,394.73,255.0,0,0.0,0.0,,0.0,0,0.0,0.0,,0.0,bidTooLow
2021-03-31,515.0,14133.0,0.0,100,396.33,255.0,0,0.0,0.0,,0.0,0,0.0,0.0,,0.0,bidTooLow
2021-04-01,515.0,14561.0,0.0,100,400.61,255.0,0,0.0,0.0,,0.0,0,0.0,0.0,,0.0,bidTooLow
2021-04-05,515.0,15136.0,0.0,100,406.36,255.0,0,0.0,0.0,,0.0,0,0.0,0.0,,0.0,bidTooLow
2021-04-06,515.0,15112.0,0.0,100,406.12,255.0,0,0.0,0.0,,0.0,0,0.0,0.0,,0.0,bidTooLow
2021-04-07,515.0,15159.0,0.0,100,406.59,255.0,0,0.0,0.0,,0.0,0,0.0,0.0,,0.0,bidTooLow
2021-04-08,515.0,15352.0,0.0,100,408.52,255.0,0,0.0,0.0,,0.0,0,0.0,0.0,,0.0,bidTooLow
2021-04-09,515.0,15649.0,0.0,100,411.49,255.0,0,0.0,0.0,,0.0,0,0.0,0.0,,0.0,bidTooLow
2021-04-12,515.0,15664.0,0.0,100,411.64,255.0,0,0.0,0.0,,0.0,0,0.0,0.0,,0.0,bidTooLow
2021-04-13,515.0,15786.0,0.0,100,412.86,255.0,0,0.0,0.0,,0.0,0,0.0,0.0,,0.0,bidTooLow
2021-04-14,515.0,15645.0,0.0,100,411.45,255.0,0,0.0,0.0,,0.0,0,0.0,0.0,,0.0,bidTooLow
2021-04-15,515.0,16087.0,0.0,100,415.87,255.0,0,0.0,0.0,,0.0,0,0.0,0.0,,0.0,bidTooLow
2021-04-16,515.0,16226.0,0.0,100,417.26,255.0,0,0.0,0.0,,0.0,0,0.0,0.0,,0.0,bidTooLow
2021-04-19,515.0,16021.0,0.0,100,415.21,255.0,0,0.0,0.0,,0.0,0,0.0,0.0,,0.0,bidTooLow
2021-04-20,515.0,15717.0,0.0,100,412.17,255.0,0,0.0,0.0,,0.0,0,0.0,0.0,,0.0,bidTooLow
2021-04-21,515.0,16107.0,0.0,100,416.07,255.0,0,0.0,0.0,,0.0,0,0.0,0.0,,0.0,bidTooLow
2021-04-22,515.0,15727.0,0.0,100,412.27,255.0,0,0.0,0.0,,0.0,0,0.0,0.0,,0.0,bidTooLow
2021-04-23,515.0,16174.0,0.0,100,416.74,255.0,0,0.0,0.0,,0.0,0,0.0,0.0,,0.0,bidTooLow
2021-04-26,515.0,16261.0,0.0,100,417.61,255.0,0,0.0,0.0,,0.0,0,0.0,0.0,,0.0,bidTooLow
2021-04-27,515.0,16252.0,0.0,100,417.52,255.0,0,0.0,0.0,,0.0,0,0.0,0.0,,0.0,bidTooLow
2021-04-28,515.0,16240.0,0.0,100,417.4,255.0,0,0.0,0.0,,0.0,0,0.0,0.0,,0.0,bidTooLow
2021-04-29,515.0,16506.0,0.0,100,420.06,255.0,0,0.0,0.0,,0.0,0,0.0,0.0,,0.0,bidTooLow
2021-04-30,515.0,16230.0,0.0,100,417.3,255.0,0,0.0,0.0,,0.0,0,0.0,0.0,,0.0,bidTooLow
2021-05-03,515.0,16320.0,0.0,100,418.2,255.0,0,0.0,0.0,,0.0,0,0.0,0.0,,0.0,bidTooLow
2021-05-04,515.0,16062.0,0.0,100,415.62,255.0,0,0.0,0.0,,0.0,0,0.0,0.0,,0.0,bidTooLow
2021-05-05,515.0,16075.0,0.0,100,415.75,255.0,0,0.0,0.0,,0.0,0,0.0,0.0,,0.0,bidTooLow
2021-05-06,515.0,16407.0,0.0,100,419.07,255.0,0,0.0,0.0,,0.0,0,0.0,0.0,,0.0,bidTooLow
2021-05-07,515.0,16709.0,0.0,100,422.12,255.0,0,0.0,0.0,,0.0,1,0.01,0.04,SPY210510C00428000,428.0,normalDay
2021-05-10,516.0,16294.0,1.0,100,417.94,255.0,0,0.0,0.0,,0.0,1,0.01,0.0,SPY210510C00428000,428.0,expirationDay
2021-05-11,516.0,15921.0,0.0,100,414.21,255.0,0,0.0,0.0,,0.0,0,0.0,0.0,,0.0,bidTooLow
2021-05-12,516.0,15041.0,0.0,100,405.41,255.0,0,0.0,0.0,,0.0,0,0.0,0.0,,0.0,bidTooLow
2021-05-13,516.0,15528.0,0.0,100,410.28,255.0,0,0.0,0.0,,0.0,0,0.0,0.0,,0.0,bidTooLow
2021-05-14,516.0,16158.0,0.0,100,416.58,255.0,0,0.0,0.0,,0.0,0,0.0,0.0,,0.0,bidTooLow
2021-05-17,516.0,16052.0,0.0,100,415.52,255.0,0,0.0,0.0,,0.0,0,0.0,0.0,,0.0,bidTooLow
2021-05-18,516.0,15694.0,0.0,100,411.94,255.0,0,0.0,0.0,,0.0,0,0.0,0.0,,0.0,bidTooLow
2021-05-19,516.0,15586.0,0.0,100,410.86,255.0,0,0.0,0.0,,0.0,0,0.0,0.0,,0.0,bidTooLow
2021-05-20,516.0,16028.0,0.0,100,415.28,255.0,0,0.0,0.0,,0.0,0,0.0,0.0,,0.0,bidTooLow
2021-05-21,516.0,15994.0,0.0,100,414.94,255.0,0,0.0,0.0,,0.0,0,0.0,0.0,,0.0,bidTooLow
2021-05-24,516.0,16417.0,0.0,100,419.17,255.0,0,0.0,0.0,,0.0,0,0.0,0.0,,0.0,bidTooLow
2021-05-25,516.0,16324.0,0.0,100,418.24,255.0,0,0.0,0.0,,0.0,0,0.0,0.0,,0.0,bidTooLow
2021-05-26,516.0,16407.0,0.0,100,419.07,255.0,0,0.0,0.0,,0.0,0,0.0,0.0,,0.0,bidTooLow
2021-05-27,516.0,16429.0,0.0,100,419.29,255.0,0,0.0,0.0,,0.0,0,0.0,0.0,,0.0,bidTooLow
2021-05-28,516.0,16504.0,0.0,100,420.04,255.0,0,0.0,0.0,,0.0,0,0.0,0.0,,0.0,bidTooLow
2021-06-01,516.0,16467.0,0.0,100,419.67,255.0,0,0.0,0.0,,0.0,0,0.0,0.0,,0.0,bidTooLow
2021-06-02,516.0,16533.0,0.0,100,420.33,255.0,0,0.0,0.0,,0.0,0,0.0,0.0,,0.0,bidTooLow
2021-06-03,516.0,16377.0,0.0,100,418.77,255.0,0,0.0,0.0,,0.0,0,0.0,0.0,,0.0,bidTooLow
2021-06-04,516.0,16760.0,0.0,100,422.6,255.0,0,0.0,0.0,,0.0,0,0.0,0.0,,0.0,bidTooLow
2021-06-07,516.0,16719.0,0.0,100,422.19,255.0,0,0.0,0.0,,0.0,0,0.0,0.0,,0.0,bidTooLow
2021-06-08,516.0,16728.0,0.0,100,422.28,255.0,0,0.0,0.0,,0.0,0,0.0,0.0,,0.0,bidTooLow
2021-06-09,516.0,16665.0,0.0,100,421.65,255.0,0,0.0,0.0,,0.0,0,0.0,0.0,,0.0,bidTooLow
2021-06-10,516.0,16861.0,0.0,100,423.61,255.0,0,0.0,0.0,,0.0,0,0.0,0.0,,0.0,bidTooLow
2021-06-11,516.0,16931.0,0.0,100,424.31,255.0,0,0.0,0.0,,0.0,0,0.0,0.0,,0.0,bidTooLow
2021-06-14,516.0,17026.0,0.0,100,425.26,255.0,0,0.0,0.0,,0.0,0,0.0,0.0,,0.0,bidTooLow
2021-06-15,516.0,16948.0,0.0,100,424.48,255.0,0,0.0,0.0,,0.0,0,0.0,0.0,,0.0,bidTooLow
2021-06-16,516.0,16711.0,0.0,100,422.11,255.0,0,0.0,0.0,,0.0,0,0.0,0.0,,0.0,bidTooLow
2021-06-17,516.0,16697.0,0.0,100,421.97,255.0,0,0.0,0.0,,0.0,0,0.0,0.0,,0.0,bidTooLow
2021-06-18,516.0,15992.0,0.0,100,414.92,255.0,0,0.0,0.0,,0.0,0,0.0,0.0,,0.0,bidTooLow
2021-06-21,516.0,16586.0,0.0,100,420.86,255.0,0,0.0,0.0,,0.0,0,0.0,0.0,,0.0,bidTooLow
2021-06-22,516.0,16808.0,0.0,100,423.11,255.0,0,0.0,0.0,,0.0,1,0.02,0.05,SPY210625C00432000,432.0,normalDay
2021-06-23,516.0,16759.0,0.0,100,422.6,255.0,0,0.0,0.0,,0.0,1,0.02,0.03,SPY210625C00432000,432.0,normalDay
2021-06-24,516.0,17010.0,0.0,100,425.1,255.0,0,0.0,0.0,,0.0,1,0.02,0.02,SPY210625C00432000,432.0,normalDay
2021-06-25,518.0,17161.0,2.0,100,426.61,255.0,0,0.0,0.0,,0.0,1,0.02,0.0,SPY210625C00432000,432.0,expirationDay
2021-06-28,518.0,17247.0,0.0,100,427.47,255.0,0,0.0,0.0,,0.0,0,0.0,0.0,,0.0,bidTooLow
2021-06-29,518.0,17270.0,0.0,100,427.7,255.0,0,0.0,0.0,,0.0,0,0.0,0.0,,0.0,bidTooLow
2021-06-30,518.0,17306.0,0.0,100,428.06,255.0,0,0.0,0.0,,0.0,0,0.0,0.0,,0.0,bidTooLow
2021-07-01,518.0,17543.0,0.0,100,430.43,255.0,0,0.0,0.0,,0.0,0,0.0,0.0,,0.0,bidTooLow
2021-07-02,518.0,17872.0,0.0,100,433.72,255.0,0,0.0,0.0,,0.0,0,0.0,0.0,,0.0,bidTooLow
2021-07-06,518.0,17793.0,0.0,100,432.93,255.0,0,0.0,0.0,,0.0,0,0.0,0.0,,0.0,bidTooLow
2021-07-07,518.0,17946.0,0.0,100,434.46,255.0,0,0.0,0.0,,0.0,0,0.0,0.0,,0.0,bidTooLow
2021-07-08,518.0,17592.0,0.0,100,430.92,255.0,0,0.0,0.0,,0.0,0,0.0,0.0,,0.0,bidTooLow
2021-07-09,518.0,18052.0,0.0,100,435.52,255.0,0,0.0,0.0,,0.0,0,0.0,0.0,,0.0,bidTooLow
2021-07-12,518.0,18208.0,0.0,100,437.08,255.0,0,0.0,0.0,,0.0,0,0.0,0.0,,0.0,bidTooLow
2021-07-13,518.0,18059.0,0.0,100,435.59,255.0,0,0.0,0.0,,0.0,0,0.0,0.0,,0.0,bidTooLow
2021-07-14,518.0,18124.0,0.0,100,436.24,255.0,0,0.0,0.0,,0.0,0,0.0,0.0,,0.0,bidTooLow
2021-07-15,518.0,17975.0,0.0,100,434.75,255.0,0,0.0,0.0,,0.0,0,0.0,0.0,,0.0,bidTooLow
2021-07-16,518.0,17634.0,0.0,100,431.34,255.0,0,0.0,0.0,,0.0,0,0.0,0.0,,0.0,bidTooLow
2021-07-19,518.0,16997.0,0.0,100,424.97,255.0,0,0.0,0.0,,0.0,0,0.0,0.0,,0.0,bidTooLow
2021-07-20,518.0,17606.0,0.0,100,431.06,255.0,0,0.0,0.0,,0.0,0,0.0,0.0,,0.0,bidTooLow
2021-07-21,518.0,17955.0,0.0,100,434.55,255.0,0,0.0,0.0,,0.0,0,0.0,0.0,,0.0,bidTooLow
2021-07-22,518.0,18046.0,0.0,100,435.46,255.0,0,0.0,0.0,,0.0,0,0.0,0.0,,0.0,bidTooLow
2021-07-23,518.0,18494.0,0.0,100,439.94,255.0,0,0.0,0.0,,0.0,0,0.0,0.0,,0.0,bidTooLow
2021-07-26,518.0,18602.0,0.0,100,441.02,255.0,0,0.0,0.0,,0.0,0,0.0,0.0,,0.0,bidTooLow
2021-07-27,518.0,18401.0,0.0,100,439.01,255.0,0,0.0,0.0,,0.0,0,0.0,0.0,,0.0,bidTooLow
2021-07-28,518.0,18383.0,0.0,100,438.83,255.0,0,0.0,0.0,,0.0,0,0.0,0.0,,0.0,bidTooLow
2021-07-29,518.0,18565.0,0.0,100,440.65,255.0,0,0.0,0.0,,0.0,0,0.0,0.0,,0.0,bidTooLow
2021-07-30,518.0,18351.0,0.0,100,438.51,255.0,0,0.0,0.0,,0.0,0,0.0,0.0,,0.0,bidTooLow
2021-08-02,518.0,18259.0,0.0,100,437.59,255.0,0,0.0,0.0,,0.0,0,0.0,0.0,,0.0,bidTooLow
2021-08-03,518.0,18615.0,0.0,100,441.15,255.0,0,0.0,0.0,,0.0,0,0.0,0.0,,0.0,bidTooLow
2021-08-04,518.0,18398.0,0.0,100,438.98,255.0,0,0.0,0.0,,0.0,0,0.0,0.0,,0.0,bidTooLow
2021-08-05,518.0,18676.0,0.0,100,441.76,255.0,0,0.0,0.0,,0.0,0,0.0,0.0,,0.0,bidTooLow
2021-08-06,518.0,18749.0,0.0,100,442.49,255.0,0,0.0,0.0,,0.0,0,0.0,0.0,,0.0,bidTooLow
2021-08-09,518.0,18713.0,0.0,100,442.13,255.0,0,0.0,0.0,,0.0,0,0.0,0.0,,0.0,bidTooLow
2021-08-10,518.0,18768.0,0.0,100,442.68,255.0,0,0.0,0.0,,0.0,0,0.0,0.0,,0.0,bidTooLow
2021-08-11,518.0,18878.0,0.0,100,443.78,255.0,0,0.0,0.0,,0.0,0,0.0,0.0,,0.0,bidTooLow
2021-08-12,518.0,19011.0,0.0,100,445.11,255.0,0,0.0,0.0,,0.0,0,0.0,0.0,,0.0,bidTooLow
2021-08-13,518.0,19092.0,0.0,100,445.92,255.0,0,0.0,0.0,,0.0,0,0.0,0.0,,0.0,bidTooLow
2021-08-16,518.0,19197.0,0.0,100,446.97,255.0,0,0.0,0.0,,0.0,0,0.0,0.0,,0.0,bidTooLow
2021-08-17,518.0,18904.0,0.0,100,444.04,255.0,0,0.0,0.0,,0.0,0,0.0,0.0,,0.0,bidTooLow
2021-08-18,518.0,18418.0,0.0,100,439.18,255.0,0,0.0,0.0,,0.0,0,0.0,0.0,,0.0,bidTooLow
2021-08-19,518.0,18486.0,0.0,100,439.86,255.0,0,0.0,0.0,,0.0,0,0.0,0.0,,0.0,bidTooLow
2021-08-20,518.0,18836.0,0.0,100,443.36,255.0,0,0.0,0.0,,0.0,0,0.0,0.0,,0.0,bidTooLow
2021-08-23,518.0,19226.0,0.0,100,447.26,255.0,0,0.0,0.0,,0.0,0,0.0,0.0,,0.0,bidTooLow
2021-08-24,518.0,19297.0,0.0,100,447.97,255.0,0,0.0,0.0,,0.0,0,0.0,0.0,,0.0,bidTooLow
2021-08-25,518.0,19391.0,0.0,100,448.91,255.0,0,0.0,0.0,,0.0,0,0.0,0.0,,0.0,bidTooLow
2021-08-26,518.0,19126.0,0.0,100,446.26,255.0,0,0.0,0.0,,0.0,0,0.0,0.0,,0.0,bidTooLow
2021-08-27,518.0,19525.0,0.0,100,450.25,255.0,0,0.0,0.0,,0.0,0,0.0,0.0,,0.0,bidTooLow
2021-08-30,518.0,19723.0,0.0,100,452.23,255.0,0,0.0,0.0,,0.0,0,0.0,0.0,,0.0,bidTooLow
2021-08-31,518.0,19656.0,0.0,100,451.56,255.0,0,0.0,0.0,,0.0,0,0.0,0.0,,0.0,bidTooLow
2021-09-01,518.0,19680.0,0.0,100,451.8,255.0,0,0.0,0.0,,0.0,0,0.0,0.0,,0.0,bidTooLow
2021-09-02,518.0,19819.0,0.0,100,453.19,255.0,0,0.0,0.0,,0.0,0,0.0,0.0,,0.0,bidTooLow
2021-09-03,518.0,19808.0,0.0,100,453.08,255.0,0,0.0,0.0,,0.0,0,0.0,0.0,,0.0,bidTooLow
2021-09-07,518.0,19646.0,0.0,100,451.46,255.0,0,0.0,0.0,,0.0,0,0.0,0.0,,0.0,bidTooLow
2021-09-08,518.0,19591.0,0.0,100,450.91,255.0,0,0.0,0.0,,0.0,0,0.0,0.0,,0.0,bidTooLow
2021-09-09,518.0,19398.0,0.0,100,448.98,255.0,0,0.0,0.0,,0.0,0,0.0,0.0,,0.0,bidTooLow
2021-09-10,518.0,19044.0,0.0,100,445.44,255.0,0,0.0,0.0,,0.0,0,0.0,0.0,,0.0,bidTooLow
2021-09-13,518.0,19158.0,0.0,100,446.58,255.0,0,0.0,0.0,,0.0,0,0.0,0.0,,0.0,bidTooLow
2021-09-14,518.0,18917.0,0.0,100,444.17,255.0,0,0.0,0.0,,0.0,0,0.0,0.0,,0.0,bidTooLow
2021-09-15,518.0,19288.0,0.0,100,447.88,255.0,0,0.0,0.0,,0.0,0,0.0,0.0,,0.0,bidTooLow
2021-09-16,518.0,19217.0,0.0,100,447.17,255.0,0,0.0,0.0,,0.0,0,0.0,0.0,,0.0,bidTooLow
2021-09-17,518.0,18640.0,0.0,100,441.4,255.0,0,0.0,0.0,,0.0,0,0.0,0.0,,0.0,bidTooLow
2021-09-20,518.0,17904.0,0.0,100,434.04,255.0,0,0.0,0.0,,0.0,0,0.0,0.0,,0.0,bidTooLow
2021-09-21,518.0,17863.0,0.0,100,433.63,255.0,0,0.0,0.0,,0.0,0,0.0,0.0,,0.0,bidTooLow
2021-09-22,518.0,18286.0,0.0,100,437.86,255.0,0,0.0,0.0,,0.0,0,0.0,0.0,,0.0,bidTooLow
2021-09-23,518.0,18818.0,0.0,100,443.18,255.0,0,0.0,0.0,,0.0,0,0.0,0.0,,0.0,bidTooLow
2021-09-24,518.0,18891.0,0.0,100,443.91,255.0,0,0.0,0.0,,0.0,0,0.0,0.0,,0.0,bidTooLow
2021-09-27,518.0,18764.0,0.0,100,442.64,255.0,0,0.0,0.0,,0.0,0,0.0,0.0,,0.0,bidTooLow
2021-09-28,518.0,17872.0,0.0,100,433.72,255.0,0,0.0,0.0,,0.0,0,0.0,0.0,,0.0,bidTooLow
2021-09-29,518.0,17945.0,0.0,100,434.45,255.0,0,0.0,0.0,,0.0,0,0.0,0.0,,0.0,bidTooLow
2021-09-30,518.0,17414.0,0.0,100,429.14,255.0,0,0.0,0.0,,0.0,0,0.0,0.0,,0.0,bidTooLow
2021-10-01,518.0,17924.0,0.0,100,434.24,255.0,0,0.0,0.0,,0.0,0,0.0,0.0,,0.0,bidTooLow
2021-10-04,518.0,17364.0,0.0,100,428.64,255.0,0,0.0,0.0,,0.0,0,0.0,0.0,,0.0,bidTooLow
2021-10-05,518.0,17810.0,0.0,100,433.1,255.0,0,0.0,0.0,,0.0,0,0.0,0.0,,0.0,bidTooLow
2021-10-06,518.0,17990.0,0.0,100,434.9,255.0,0,0.0,0.0,,0.0,0,0.0,0.0,,0.0,bidTooLow
2021-10-07,518.0,18366.0,0.0,100,438.66,255.0,0,0.0,0.0,,0.0,0,0.0,0.0,,0.0,bidTooLow
2021-10-08,518.0,18286.0,0.0,100,437.86,255.0,0,0.0,0.0,,0.0,0,0.0,0.0,,0.0,bidTooLow
2021-10-11,518.0,17969.0,0.0,100,434.69,255.0,0,0.0,0.0,,0.0,0,0.0,0.0,,0.0,bidTooLow
2021-10-12,518.0,17862.0,0.0,100,433.62,255.0,0,0.0,0.0,,0.0,0,0.0,0.0,,0.0,bidTooLow
2021-10-13,518.0,18018.0,0.0,100,435.18,255.0,0,0.0,0.0,,0.0,0,0.0,0.0,,0.0,bidTooLow
2021-10-14,518.0,18750.0,0.0,100,442.5,255.0,0,0.0,0.0,,0.0,0,0.0,0.0,,0.0,bidTooLow
2021-10-15,518.0,19087.0,0.0,100,445.87,255.0,0,0.0,0.0,,0.0,0,0.0,0.0,,0.0,bidTooLow
2021-10-18,518.0,19219.0,0.0,100,447.19,255.0,0,0.0,0.0,,0.0,0,0.0,0.0,,0.0,bidTooLow
2021-10-19,518.0,19564.0,0.0,100,450.64,255.0,0,0.0,0.0,,0.0,0,0.0,0.0,,0.0,bidTooLow
2021-10-20,518.0,19741.0,0.0,100,452.41,255.0,0,0.0,0.0,,0.0,0,0.0,0.0,,0.0,bidTooLow
2021-10-21,518.0,19859.0,0.0,100,453.59,255.0,0,0.0,0.0,,0.0,0,0.0,0.0,,0.0,bidTooLow
2021-10-22,518.0,19812.0,0.0,100,453.12,255.0,0,0.0,0.0,,0.0,0,0.0,0.0,,0.0,bidTooLow
2021-10-25,518.0,20055.0,0.0,100,455.55,255.0,0,0.0,0.0,,0.0,0,0.0,0.0,,0.0,bidTooLow
2021-10-26,518.0,20096.0,0.0,100,455.96,255.0,0,0.0,0.0,,0.0,0,0.0,0.0,,0.0,bidTooLow
2021-10-27,518.0,19894.0,0.0,100,453.94,255.0,0,0.0,0.0,,0.0,0,0.0,0.0,,0.0,bidTooLow
2021-10-28,518.0,20332.0,0.0,100,458.32,255.0,0,0.0,0.0,,0.0,0,0.0,0.0,,0.0,bidTooLow
2021-10-29,518.0,20425.0,0.0,100,459.25,255.0,0,0.0,0.0,,0.0,0,0.0,0.0,,0.0,bidTooLow
2021-11-01,518.0,20504.0,0.0,100,460.04,255.0,0,0.0,0.0,,0.0,0,0.0,0.0,,0.0,bidTooLow
2021-11-02,518.0,20690.0,0.0,100,461.9,255.0,0,0.0,0.0,,0.0,0,0.0,0.0,,0.0,bidTooLow
2021-11-03,518.0,20972.0,0.0,100,464.72,255.0,0,0.0,0.0,,0.0,0,0.0,0.0,,0.0,bidTooLow
2021-11-04,518.0,21191.0,0.0,100,466.91,255.0,0,0.0,0.0,,0.0,0,0.0,0.0,,0.0,bidTooLow
2021-11-05,518.0,21353.0,0.0,100,468.53,255.0,0,0.0,0.0,,0.0,0,0.0,0.0,,0.0,bidTooLow
2021-11-08,518.0,21393.0,0.0,100,468.93,255.0,0,0.0,0.0,,0.0,0,0.0,0.0,,0.0,bidTooLow
2021-11-09,518.0,21238.0,0.0,100,467.38,255.0,0,0.0,0.0,,0.0,0,0.0,0.0,,0.0,bidTooLow
2021-11-10,518.0,20862.0,0.0,100,463.62,255.0,0,0.0,0.0,,0.0,0,0.0,0.0,,0.0,bidTooLow
2021-11-11,518.0,20877.0,0.0,100,463.77,255.0,0,0.0,0.0,,0.0,0,0.0,0.0,,0.0,bidTooLow
2021-11-12,518.0,21227.0,0.0,100,467.27,255.0,0,0.0,0.0,,0.0,0,0.0,0.0,,0.0,bidTooLow
2021-11-15,518.0,21243.0,0.0,100,467.43,255.0,0,0.0,0.0,,0.0,0,0.0,0.0,,0.0,bidTooLow
2021-11-16,518.0,21428.0,0.0,100,469.28,255.0,0,0.0,0.0,,0.0,0,0.0,0.0,,0.0,bidTooLow
2021-11-17,518.0,21314.0,0.0,100,468.14,255.0,0,0.0,0.0,,0.0,0,0.0,0.0,,0.0,bidTooLow
2021-11-18,518.0,21473.0,0.0,100,469.73,255.0,0,0.0,0.0,,0.0,0,0.0,0.0,,0.0,bidTooLow
2021-11-19,518.0,21389.0,0.0,100,468.89,255.0,0,0.0,0.0,,0.0,0,0.0,0.0,,0.0,bidTooLow
2021-11-22,518.0,21257.0,0.0,100,467.57,255.0,0,0.0,0.0,,0.0,0,0.0,0.0,,0.0,bidTooLow
2021-11-23,518.0,21319.0,0.0,100,468.19,255.0,0,0.0,0.0,,0.0,0,0.0,0.0,,0.0,bidTooLow
2021-11-24,518.0,21444.0,0.0,100,469.44,255.0,0,0.0,0.0,,0.0,0,0.0,0.0,,0.0,bidTooLow
2021-11-26,518.0,20397.0,0.0,100,458.97,255.0,0,0.0,0.0,,0.0,0,0.0,0.0,,0.0,bidTooLow
2021-11-29,518.0,20960.0,0.0,100,464.6,255.0,0,0.0,0.0,,0.0,0,0.0,0.0,,0.0,bidTooLow
2021-11-30,518.0,20056.0,0.0,100,455.56,255.0,0,0.0,0.0,,0.0,0,0.0,0.0,,0.0,bidTooLow
2021-12-01,518.0,19550.0,0.0,100,450.5,255.0,0,0.0,0.0,,0.0,0,0.0,0.0,,0.0,bidTooLow
2021-12-02,518.0,20240.0,0.0,100,457.4,255.0,0,0.0,0.0,,0.0,0,0.0,0.0,,0.0,bidTooLow
2021-12-03,518.0,19842.0,0.0,100,453.42,255.0,0,0.0,0.0,,0.0,0,0.0,0.0,,0.0,bidTooLow
2021-12-06,518.0,20379.0,0.0,100,458.79,255.0,0,0.0,0.0,,0.0,0,0.0,0.0,,0.0,bidTooLow
2021-12-07,518.0,21328.0,0.0,100,468.28,255.0,0,0.0,0.0,,0.0,0,0.0,0.0,,0.0,bidTooLow
2021-12-08,518.0,21452.0,0.0,100,469.52,255.0,0,0.0,0.0,,0.0,0,0.0,0.0,,0.0,bidTooLow
2021-12-09,518.0,21135.0,0.0,100,466.35,255.0,0,0.0,0.0,,0.0,0,0.0,0.0,,0.0,bidTooLow
2021-12-10,518.0,21574.0,0.0,100,470.74,255.0,0,0.0,0.0,,0.0,0,0.0,0.0,,0.0,bidTooLow
2021-12-13,518.0,21157.0,0.0,100,466.57,255.0,0,0.0,0.0,,0.0,0,0.0,0.0,,0.0,bidTooLow
2021-12-14,518.0,20836.0,0.0,100,463.36,255.0,0,0.0,0.0,,0.0,0,0.0,0.0,,0.0,bidTooLow
2021-12-15,518.0,21560.0,0.0,100,470.6,255.0,0,0.0,0.0,,0.0,0,0.0,0.0,,0.0,bidTooLow
2021-12-16,518.0,21145.0,0.0,100,466.45,255.0,0,0.0,0.0,,0.0,0,0.0,0.0,,0.0,bidTooLow
2021-12-17,518.0,20487.0,0.0,100,459.87,255.0,0,0.0,0.0,,0.0,0,0.0,0.0,,0.0,bidTooLow
2021-12-20,518.0,19998.0,0.0,100,454.98,255.0,0,0.0,0.0,,0.0,0,0.0,0.0,,0.0,bidTooLow
2021-12-21,518.0,20806.0,0.0,100,463.06,255.0,0,0.0,0.0,,0.0,0,0.0,0.0,,0.0,bidTooLow
2021-12-22,518.0,21269.0,0.0,100,467.69,255.0,0,0.0,0.0,,0.0,0,0.0,0.0,,0.0,bidTooLow
2021-12-23,518.0,21560.0,0.0,100,470.6,255.0,0,0.0,0.0,,0.0,0,0.0,0.0,,0.0,bidTooLow
2021-12-27,518.0,22226.0,0.0,100,477.26,255.0,0,0.0,0.0,,0.0,0,0.0,0.0,,0.0,bidTooLow
2021-12-28,518.0,22187.0,0.0,100,476.87,255.0,0,0.0,0.0,,0.0,0,0.0,0.0,,0.0,bidTooLow
2021-12-29,518.0,22248.0,0.0,100,477.48,255.0,0,0.0,0.0,,0.0,0,0.0,0.0,,0.0,bidTooLow
2021-12-30,518.0,22116.0,0.0,100,476.16,255.0,0,0.0,0.0,,0.0,0,0.0,0.0,,0.0,bidTooLow
2021-12-31,518.0,21996.0,0.0,100,474.96,255.0,0,0.0,0.0,,0.0,0,0.0,0.0,,0.0,bidTooLow
2022-01-03,518.0,22271.0,0.0,100,477.71,255.0,0,0.0,0.0,,0.0,0,0.0,0.0,,0.0,bidTooLow
2022-01-04,518.0,22255.0,0.0,100,477.55,255.0,0,0.0,0.0,,0.0,0,0.0,0.0,,0.0,bidTooLow
2022-01-05,518.0,21338.0,0.0,100,468.38,255.0,0,0.0,0.0,,0.0,0,0.0,0.0,,0.0,bidTooLow
2022-01-06,518.0,21294.0,0.0,100,467.94,255.0,0,0.0,0.0,,0.0,0,0.0,0.0,,0.0,bidTooLow
2022-01-07,518.0,21109.0,0.0,100,466.09,255.0,0,0.0,0.0,,0.0,0,0.0,0.0,,0.0,bidTooLow
2022-01-10,518.0,21051.0,0.0,100,465.51,255.0,0,0.0,0.0,,0.0,0,0.0,0.0,,0.0,bidTooLow
2022-01-11,518.0,21475.0,0.0,100,469.75,255.0,0,0.0,0.0,,0.0,0,0.0,0.0,,0.0,bidTooLow
2022-01-12,518.0,21602.0,0.0,100,471.02,255.0,0,0.0,0.0,,0.0,0,0.0,0.0,,0.0,bidTooLow
2022-01-13,518.0,20953.0,0.0,100,464.53,255.0,0,0.0,0.0,,0.0,0,0.0,0.0,,0.0,bidTooLow
2022-01-14,518.0,20972.0,0.0,100,464.72,255.0,0,0.0,0.0,,0.0,0,0.0,0.0,,0.0,bidTooLow
2022-01-18,518.0,20149.0,0.0,100,456.49,255.0,0,0.0,0.0,,0.0,0,0.0,0.0,,0.0,bidTooLow
2022-01-19,518.0,19675.0,0.0,100,451.75,255.0,0,0.0,0.0,,0.0,0,0.0,0.0,,0.0,bidTooLow
2022-01-20,518.0,19175.0,0.0,100,446.75,255.0,0,0.0,0.0,,0.0,0,0.0,0.0,,0.0,bidTooLow
2022-01-21,518.0,18298.0,0.0,100,437.98,255.0,0,0.0,0.0,,0.0,0,0.0,0.0,,0.0,bidTooLow
2022-01-24,518.0,18484.0,0.0,100,439.84,255.0,0,0.0,0.0,,0.0,0,0.0,0.0,,0.0,bidTooLow
2022-01-25,518.0,17947.0,0.0,100,434.47,255.0,0,0.0,0.0,,0.0,0,0.0,0.0,,0.0,bidTooLow
2022-01-26,518.0,17838.0,0.0,100,433.38,255.0,0,0.0,0.0,,0.0,0,0.0,0.0,,0.0,bidTooLow
2022-01-27,518.0,17624.0,0.0,100,431.24,255.0,0,0.0,0.0,,0.0,0,0.0,0.0,,0.0,bidTooLow
2022-01-28,518.0,18695.0,0.0,100,441.95,255.0,0,0.0,0.0,,0.0,0,0.0,0.0,,0.0,bidTooLow
2022-01-31,518.0,19491.0,0.0,100,449.91,255.0,0,0.0,0.0,,0.0,0,0.0,0.0,,0.0,bidTooLow
2022-02-01,518.0,19795.0,0.0,100,452.95,255.0,0,0.0,0.0,,0.0,0,0.0,0.0,,0.0,bidTooLow
2022-02-02,518.0,20235.0,0.0,100,457.35,255.0,0,0.0,0.0,,0.0,0,0.0,0.0,,0.0,bidTooLow
2022-02-03,518.0,19160.0,0.0,100,446.6,255.0,0,0.0,0.0,,0.0,0,0.0,0.0,,0.0,bidTooLow
2022-02-04,518.0,19370.0,0.0,100,448.7,255.0,0,0.0,0.0,,0.0,0,0.0,0.0,,0.0,bidTooLow
2022-02-07,518.0,19226.0,0.0,100,447.26,255.0,0,0.0,0.0,,0.0,0,0.0,0.0,,0.0,bidTooLow
2022-02-08,518.0,19594.0,0.0,100,450.94,255.0,0,0.0,0.0,,0.0,0,0.0,0.0,,0.0,bidTooLow
2022-02-09,518.0,20254.0,0.0,100,457.54,255.0,0,0.0,0.0,,0.0,0,0.0,0.0,,0.0,bidTooLow
2022-02-10,518.0,19432.0,0.0,100,449.32,255.0,0,0.0,0.0,,0.0,0,0.0,0.0,,0.0,bidTooLow
2022-02-11,518.0,18546.0,0.0,100,440.46,255.0,0,0.0,0.0,,0.0,0,0.0,0.0,,0.0,bidTooLow
2022-02-14,518.0,18402.0,0.0,100,439.02,255.0,0,0.0,0.0,,0.0,0,0.0,0.0,,0.0,bidTooLow
2022-02-15,518.0,19110.0,0.0,100,446.1,255.0,0,0.0,0.0,,0.0,0,0.0,0.0,,0.0,bidTooLow
2022-02-16,518.0,19160.0,0.0,100,446.6,255.0,0,0.0,0.0,,0.0,0,0.0,0.0,,0.0,bidTooLow
2022-02-17,518.0,18206.0,0.0,100,437.06,255.0,0,0.0,0.0,,0.0,0,0.0,0.0,,0.0,bidTooLow
2022-02-18,518.0,17923.0,0.0,100,434.23,255.0,0,0.0,0.0,,0.0,0,0.0,0.0,,0.0,bidTooLow
2022-02-22,518.0,17457.0,0.0,100,429.57,255.0,0,0.0,0.0,,0.0,0,0.0,0.0,,0.0,bidTooLow
2022-02-23,518.0,16695.0,0.0,100,421.95,255.0,0,0.0,0.0,,0.0,0,0.0,0.0,,0.0,bidTooLow
2022-02-24,518.0,17330.0,0.0,100,428.3,255.0,0,0.0,0.0,,0.0,0,0.0,0.0,,0.0,bidTooLow
2022-02-25,518.0,18275.0,0.0,100,437.75,255.0,0,0.0,0.0,,0.0,0,0.0,0.0,,0.0,bidTooLow
2022-02-28,518.0,18163.0,0.0,100,436.63,255.0,0,0.0,0.0,,0.0,0,0.0,0.0,,0.0,bidTooLow
2022-03-01,518.0,17498.0,0.0,100,429.98,255.0,0,0.0,0.0,,0.0,0,0.0,0.0,,0.0,bidTooLow
2022-03-02,518.0,18289.0,0.0,100,437.89,255.0,0,0.0,0.0,,0.0,0,0.0,0.0,,0.0,bidTooLow
2022-03-03,518.0,18071.0,0.0,100,435.71,255.0,0,0.0,0.0,,0.0,0,0.0,0.0,,0.0,bidTooLow
2022-03-04,518.0,17717.0,0.0,100,432.17,255.0,0,0.0,0.0,,0.0,0,0.0,0.0,,0.0,bidTooLow
2022-03-07,518.0,16443.0,0.0,100,419.43,255.0,0,0.0,0.0,,0.0,0,0.0,0.0,,0.0,bidTooLow
2022-03-08,518.0,16125.0,0.0,100,416.25,255.0,0,0.0,0.0,,0.0,0,0.0,0.0,,0.0,bidTooLow
2022-03-09,518.0,17241.0,0.0,100,427.41,255.0,0,0.0,0.0,,0.0,0,0.0,0.0,,0.0,bidTooLow
2022-03-10,518.0,17048.0,0.0,100,425.48,255.0,0,0.0,0.0,,0.0,0,0.0,0.0,,0.0,bidTooLow
2022-03-11,518.0,16507.0,0.0,100,420.07,255.0,0,0.0,0.0,,0.0,0,0.0,0.0,,0.0,bidTooLow
2022-03-14,518.0,16200.0,0.0,100,417.0,255.0,0,0.0,0.0,,0.0,0,0.0,0.0,,0.0,bidTooLow
2022-03-15,518.0,17117.0,0.0,100,426.17,255.0,0,0.0,0.0,,0.0,0,0.0,0.0,,0.0,bidTooLow
2022-03-16,518.0,18062.0,0.0,100,435.62,255.0,0,0.0,0.0,,0.0,0,0.0,0.0,,0.0,bidTooLow
2022-03-17,518.0,18607.0,0.0,100,441.07,255.0,0,0.0,0.0,,0.0,0,0.0,0.0,,0.0,bidTooLow
2022-03-18,518.0,18952.0,0.0,100,444.52,255.0,0,0.0,0.0,,0.0,0,0.0,0.0,,0.0,bidTooLow
2022-03-21,518.0,18939.0,0.0,100,444.39,255.0,0,0.0,0.0,,0.0,0,0.0,0.0,,0.0,bidTooLow
2022-03-22,518.0,19459.0,0.0,100,449.59,255.0,0,0.0,0.0,,0.0,0,0.0,0.0,,0.0,bidTooLow
2022-03-23,518.0,18880.0,0.0,100,443.8,255.0,0,0.0,0.0,,0.0,0,0.0,0.0,,0.0,bidTooLow
2022-03-24,518.0,19549.0,0.0,100,450.49,255.0,0,0.0,0.0,,0.0,0,0.0,0.0,,0.0,bidTooLow
2022-03-25,518.0,19769.0,0.0,100,452.69,255.0,0,0.0,0.0,,0.0,0,0.0,0.0,,0.0,bidTooLow
2022-03-28,518.0,20091.0,0.0,100,455.91,255.0,0,0.0,0.0,,0.0,0,0.0,0.0,,0.0,bidTooLow
2022-03-29,518.0,20655.0,0.0,100,461.55,255.0,0,0.0,0.0,,0.0,0,0.0,0.0,,0.0,bidTooLow
2022-03-30,518.0,20370.0,0.0,100,458.7,255.0,0,0.0,0.0,,0.0,0,0.0,0.0,,0.0,bidTooLow
2022-03-31,518.0,19664.0,0.0,100,451.64,255.0,0,0.0,0.0,,0.0,0,0.0,0.0,,0.0,bidTooLow
2022-04-01,518.0,19792.0,0.0,100,452.92,255.0,0,0.0,0.0,,0.0,0,0.0,0.0,,0.0,bidTooLow
2022-04-04,518.0,20180.0,0.0,100,456.8,255.0,0,0.0,0.0,,0.0,0,0.0,0.0,,0.0,bidTooLow
2022-04-05,518.0,19603.0,0.0,100,451.03,255.0,0,0.0,0.0,,0.0,0,0.0,0.0,,0.0,bidTooLow
2022-04-06,518.0,19152.0,0.0,100,446.52,255.0,0,0.0,0.0,,0.0,0,0.0,0.0,,0.0,bidTooLow
2022-04-07,518.0,19377.0,0.0,100,448.77,255.0,0,0.0,0.0,,0.0,0,0.0,0.0,,0.0,bidTooLow
2022-04-08,518.0,19257.0,0.0,100,447.57,255.0,0,0.0,0.0,,0.0,0,0.0,0.0,,0.0,bidTooLow
2022-04-11,518.0,18492.0,0.0,100,439.92,255.0,0,0.0,0.0,,0.0,0,0.0,0.0,,0.0,bidTooLow
2022-04-12,518.0,18329.0,0.0,100,438.29,255.0,0,0.0,0.0,,0.0,0,0.0,0.0,,0.0,bidTooLow
2022-04-13,518.0,18831.0,0.0,100,443.31,255.0,0,0.0,0.0,,0.0,0,0.0,0.0,,0.0,bidTooLow
2022-04-14,518.0,18279.0,0.0,100,437.79,255.0,0,0.0,0.0,,0.0,0,0.0,0.0,,0.0,bidTooLow
2022-04-18,518.0,18297.0,0.0,100,437.97,255.0,0,0.0,0.0,,0.0,0,0.0,0.0,,0.0,bidTooLow
2022-04-19,518.0,19004.0,0.0,100,445.04,255.0,0,0.0,0.0,,0.0,0,0.0,0.0,,0.0,bidTooLow
2022-04-20,518.0,18971.0,0.0,100,444.71,255.0,0,0.0,0.0,,0.0,0,0.0,0.0,,0.0,bidTooLow
2022-04-21,518.0,18306.0,0.0,100,438.06,255.0,0,0.0,0.0,,0.0,0,0.0,0.0,,0.0,bidTooLow
2022-04-22,518.0,17104.0,0.0,100,426.04,255.0,0,0.0,0.0,,0.0,0,0.0,0.0,,0.0,bidTooLow
2022-04-25,518.0,17351.0,0.0,100,428.51,255.0,0,0.0,0.0,,0.0,0,0.0,0.0,,0.0,bidTooLow
2022-04-26,518.0,16110.0,0.0,100,416.1,255.0,0,0.0,0.0,,0.0,0,0.0,0.0,,0.0,bidTooLow
2022-04-27,518.0,16227.0,0.0,100,417.27,255.0,0,0.0,0.0,,0.0,0,0.0,0.0,,0.0,bidTooLow
2022-04-28,518.0,17281.0,0.0,100,427.81,255.0,0,0.0,0.0,,0.0,0,0.0,0.0,,0.0,bidTooLow
2022-04-29,518.0,15700.0,0.0,100,412.0,255.0,0,0.0,0.0,,0.0,0,0.0,0.0,,0.0,bidTooLow
2022-05-02,518.0,15948.0,0.0,100,414.48,255.0,0,0.0,0.0,,0.0,0,0.0,0.0,,0.0,bidTooLow
2022-05-03,518.0,16138.0,0.0,100,416.38,255.0,0,0.0,0.0,,0.0,0,0.0,0.0,,0.0,bidTooLow
2022-05-04,518.0,17406.0,0.0,100,429.06,255.0,0,0.0,0.0,,0.0,0,0.0,0.0,,0.0,bidTooLow
2022-05-05,518.0,15881.0,0.0,100,413.81,255.0,0,0.0,0.0,,0.0,0,0.0,0.0,,0.0,bidTooLow
2022-05-06,518.0,15634.0,0.0,100,411.34,255.0,0,0.0,0.0,,0.0,0,0.0,0.0,,0.0,bidTooLow
2022-05-09,518.0,14317.0,0.0,100,398.17,255.0,0,0.0,0.0,,0.0,0,0.0,0.0,,0.0,bidTooLow
2022-05-10,518.0,14409.0,0.0,100,399.09,255.0,0,0.0,0.0,,0.0,0,0.0,0.0,,0.0,bidTooLow
2022-05-11,518.0,13775.0,0.0,100,392.75,255.0,0,0.0,0.0,,0.0,0,0.0,0.0,,0.0,bidTooLow
2022-05-12,518.0,13734.0,0.0,100,392.34,255.0,0,0.0,0.0,,0.0,0,0.0,0.0,,0.0,bidTooLow
2022-05-13,518.0,14672.0,0.0,100,401.72,255.0,0,0.0,0.0,,0.0,0,0.0,0.0,,0.0,bidTooLow
2022-05-16,518.0,14509.0,0.0,100,400.09,255.0,0,0.0,0.0,,0.0,0,0.0,0.0,,0.0,bidTooLow
2022-05-17,518.0,15332.0,0.0,100,408.32,255.0,0,0.0,0.0,,0.0,0,0.0,0.0,,0.0,bidTooLow
2022-05-18,518.0,13686.0,0.0,100,391.86,255.0,0,0.0,0.0,,0.0,0,0.0,0.0,,0.0,bidTooLow
2022-05-19,518.0,13446.0,0.0,100,389.46,255.0,0,0.0,0.0,,0.0,0,0.0,0.0,,0.0,bidTooLow
2022-05-20,518.0,13463.0,0.0,100,389.63,255.0,0,0.0,0.0,,0.0,0,0.0,0.0,,0.0,bidTooLow
2022-05-23,518.0,14192.0,0.0,100,396.92,255.0,0,0.0,0.0,,0.0,0,0.0,0.0,,0.0,bidTooLow
2022-05-24,518.0,13889.0,0.0,100,393.89,255.0,0,0.0,0.0,,0.0,0,0.0,0.0,,0.0,bidTooLow
2022-05-25,518.0,14237.0,0.0,100,397.37,255.0,0,0.0,0.0,,0.0,0,0.0,0.0,,0.0,bidTooLow
2022-05-26,518.0,15031.0,0.0,100,405.31,255.0,0,0.0,0.0,,0.0,0,0.0,0.0,,0.0,bidTooLow
2022-05-27,518.0,16026.0,0.0,100,415.26,255.0,0,0.0,0.0,,0.0,0,0.0,0.0,,0.0,bidTooLow
2022-05-31,518.0,15793.0,0.0,100,412.93,255.0,0,0.0,0.0,,0.0,0,0.0,0.0,,0.0,bidTooLow
2022-06-01,518.0,15459.0,0.0,100,409.59,255.0,0,0.0,0.0,,0.0,0,0.0,0.0,,0.0,bidTooLow
2022-06-02,518.0,16239.0,0.0,100,417.39,255.0,0,0.0,0.0,,0.0,0,0.0,0.0,,0.0,bidTooLow
2022-06-03,518.0,15554.0,0.0,100,410.54,255.0,0,0.0,0.0,,0.0,0,0.0,0.0,,0.0,bidTooLow
2022-06-06,518.0,15679.0,0.0,100,411.79,255.0,0,0.0,0.0,,0.0,0,0.0,0.0,,0.0,bidTooLow
2022-06-07,518.0,16074.0,0.0,100,415.74,255.0,0,0.0,0.0,,0.0,0,0.0,0.0,,0.0,bidTooLow
2022-06-08,518.0,15622.0,0.0,100,411.22,255.0,0,0.0,0.0,,0.0,0,0.0,0.0,,0.0,bidTooLow
2022-06-09,518.0,14644.0,0.0,100,401.44,255.0,0,0.0,0.0,,0.0,0,0.0,0.0,,0.0,bidTooLow
2022-06-10,518.0,13480.0,0.0,100,389.8,255.0,0,0.0,0.0,,0.0,0,0.0,0.0,,0.0,bidTooLow
2022-06-13,518.0,12000.0,0.0,100,375.0,255.0,0,0.0,0.0,,0.0,0,0.0,0.0,,0.0,bidTooLow
2022-06-14,518.0,11887.0,0.0,100,373.87,255.0,0,0.0,0.0,,0.0,0,0.0,0.0,,0.0,bidTooLow
2022-06-15,518.0,12420.0,0.0,100,379.2,255.0,0,0.0,0.0,,0.0,0,0.0,0.0,,0.0,bidTooLow
2022-06-16,518.0,11165.0,0.0,100,366.65,255.0,0,0.0,0.0,,0.0,0,0.0,0.0,,0.0,bidTooLow
2022-06-17,518.0,11086.0,0.0,100,365.86,255.0,0,0.0,0.0,,0.0,0,0.0,0.0,,0.0,bidTooLow
2022-06-21,518.0,12007.0,0.0,100,375.07,255.0,0,0.0,0.0,,0.0,0,0.0,0.0,,0.0,bidTooLow
2022-06-22,518.0,11939.0,0.0,100,374.39,255.0,0,0.0,0.0,,0.0,0,0.0,0.0,,0.0,bidTooLow
2022-06-23,518.0,12306.0,0.0,100,378.06,255.0,0,0.0,0.0,,0.0,0,0.0,0.0,,0.0,bidTooLow
2022-06-24,518.0,13508.0,0.0,100,390.08,255.0,0,0.0,0.0,,0.0,0,0.0,0.0,,0.0,bidTooLow
2022-06-27,518.0,13359.0,0.0,100,388.59,255.0,0,0.0,0.0,,0.0,0,0.0,0.0,,0.0,bidTooLow
2022-06-28,518.0,12565.0,0.0,100,380.65,255.0,0,0.0,0.0,,0.0,0,0.0,0.0,,0.0,bidTooLow
2022-06-29,518.0,12534.0,0.0,100,380.34,255.0,0,0.0,0.0,,0.0,0,0.0,0.0,,0.0,bidTooLow
2022-06-30,518.0,12225.0,0.0,100,377.25,255.0,0,0.0,0.0,,0.0,0,0.0,0.0,,0.0,bidTooLow
2022-07-01,518.0,12624.0,0.0,100,381.24,255.0,0,0.0,0.0,,0.0,0,0.0,0.0,,0.0,bidTooLow
2022-07-05,518.0,12696.0,0.0,100,381.96,255.0,0,0.0,0.0,,0.0,0,0.0,0.0,,0.0,bidTooLow
2022-07-06,518.0,12825.0,0.0,100,383.25,255.0,0,0.0,0.0,,0.0,0,0.0,0.0,,0.0,bidTooLow
2022-07-07,518.0,13399.0,0.0,100,388.99,255.0,0,0.0,0.0,,0.0,0,0.0,0.0,,0.0,bidTooLow
2022-07-08,518.0,13367.0,0.0,100,388.67,255.0,0,0.0,0.0,,0.0,0,0.0,0.0,,0.0,bidTooLow
2022-07-11,518.0,12923.0,0.0,100,384.23,255.0,0,0.0,0.0,,0.0,0,0.0,0.0,,0.0,bidTooLow
2022-07-12,518.0,12583.0,0.0,100,380.83,255.0,0,0.0,0.0,,0.0,0,0.0,0.0,,0.0,bidTooLow
2022-07-13,518.0,12383.0,0.0,100,378.83,255.0,0,0.0,0.0,,0.0,0,0.0,0.0,,0.0,bidTooLow
2022-07-14,518.0,12291.0,0.0,100,377.91,255.0,0,0.0,0.0,,0.0,0,0.0,0.0,,0.0,bidTooLow
2022-07-15,518.0,13013.0,0.0,100,385.13,255.0,0,0.0,0.0,,0.0,0,0.0,0.0,,0.0,bidTooLow
2022-07-18,518.0,12695.0,0.0,100,381.95,255.0,0,0.0,0.0,,0.0,0,0.0,0.0,,0.0,bidTooLow
2022-07-19,518.0,13724.0,0.0,100,392.27,255.0,0,0.0,0.0,,0.0,1,0.21,0.24,SPY220722C00404000,404.0,normalDay
2022-07-20,518.0,13969.0,0.0,100,394.77,255.0,0,0.0,0.0,,0.0,1,0.21,0.29,SPY220722C00404000,404.0,normalDay
2022-07-21,518.0,14377.0,0.0,100,398.79,255.0,0,0.0,0.0,,0.0,1,0.21,0.23,SPY220722C00404000,404.0,normalDay
2022-07-22,539.0,14009.0,21.0,100,395.09,255.0,0,0.0,0.0,,0.0,1,0.21,0.0,SPY220722C00404000,404.0,expirationDay
2022-07-25,539.0,14057.0,0.0,100,395.57,255.0,0,0.0,0.0,,0.0,0,0.0,0.0,,0.0,bidTooLow
2022-07-26,539.0,13589.0,0.0,100,390.89,255.0,0,0.0,0.0,,0.0,0,0.0,0.0,,0.0,bidTooLow
2022-07-27,539.0,14604.0,0.0,100,401.04,255.0,0,0.0,0.0,,0.0,0,0.0,0.0,,0.0,bidTooLow
2022-07-28,539.0,15107.0,0.0,100,406.07,255.0,0,0.0,0.0,,0.0,0,0.0,0.0,,0.0,bidTooLow
2022-07-29,539.0,15699.0,0.0,100,411.99,255.0,0,0.0,0.0,,0.0,0,0.0,0.0,,0.0,bidTooLow
2022-08-01,539.0,15577.0,0.0,100,410.77,255.0,0,0.0,0.0,,0.0,0,0.0,0.0,,0.0,bidTooLow
2022-08-02,539.0,15306.0,0.0,100,408.06,255.0,0,0.0,0.0,,0.0,0,0.0,0.0,,0.0,bidTooLow
2022-08-03,539.0,15945.0,0.0,100,414.45,255.0,0,0.0,0.0,,0.0,0,0.0,0.0,,0.0,bidTooLow
2022-08-04,539.0,15917.0,0.0,100,414.17,255.0,0,0.0,0.0,,0.0,0,0.0,0.0,,0.0,bidTooLow
2022-08-05,539.0,15847.0,0.0,100,413.47,255.0,0,0.0,0.0,,0.0,0,0.0,0.0,,0.0,bidTooLow
2022-08-08,539.0,15799.0,0.0,100,412.99,255.0,0,0.0,0.0,,0.0,0,0.0,0.0,,0.0,bidTooLow
2022-08-09,539.0,15635.0,0.0,100,411.35,255.0,0,0.0,0.0,,0.0,0,0.0,0.0,,0.0,bidTooLow
2022-08-10,539.0,16499.0,0.0,100,419.99,255.0,0,0.0,0.0,,0.0,0,0.0,0.0,,0.0,bidTooLow
2022-08-11,539.0,16499.0,0.0,100,419.99,255.0,0,0.0,0.0,,0.0,0,0.0,0.0,,0.0,bidTooLow
2022-08-12,539.0,17210.0,0.0,100,427.1,255.0,0,0.0,0.0,,0.0,0,0.0,0.0,,0.0,bidTooLow
2022-08-15,539.0,17386.0,0.0,100,428.86,255.0,0,0.0,0.0,,0.0,0,0.0,0.0,,0.0,bidTooLow
2022-08-16,539.0,17470.0,0.0,100,429.7,255.0,0,0.0,0.0,,0.0,0,0.0,0.0,,0.0,bidTooLow
2022-08-17,539.0,17165.0,0.0,100,426.65,255.0,0,0.0,0.0,,0.0,0,0.0,0.0,,0.0,bidTooLow
2022-08-18,539.0,17289.0,0.0,100,427.89,255.0,0,0.0,0.0,,0.0,0,0.0,0.0,,0.0,bidTooLow
2022-08-19,539.0,16714.0,0.0,100,422.14,255.0,0,0.0,0.0,,0.0,0,0.0,0.0,,0.0,bidTooLow
2022-08-22,539.0,15835.0,0.0,100,413.35,255.0,0,0.0,0.0,,0.0,0,0.0,0.0,,0.0,bidTooLow
2022-08-23,539.0,15735.0,0.0,100,412.35,255.0,0,0.0,0.0,,0.0,0,0.0,0.0,,0.0,bidTooLow
2022-08-24,539.0,15867.0,0.0,100,413.67,255.0,0,0.0,0.0,,0.0,0,0.0,0.0,,0.0,bidTooLow
2022-08-25,539.0,16451.0,0.0,100,419.51,255.0,0,0.0,0.0,,0.0,0,0.0,0.0,,0.0,bidTooLow
2022-08-26,539.0,15031.0,0.0,100,405.31,255.0,0,0.0,0.0,,0.0,0,0.0,0.0,,0.0,bidTooLow
2022-08-29,539.0,14763.0,0.0,100,402.63,255.0,0,0.0,0.0,,0.0,0,0.0,0.0,,0.0,bidTooLow
2022-08-30,539.0,14321.0,0.0,100,398.21,255.0,0,0.0,0.0,,0.0,0,0.0,0.0,,0.0,bidTooLow
2022-08-31,539.0,14018.0,0.0,100,395.18,255.0,0,0.0,0.0,,0.0,0,0.0,0.0,,0.0,bidTooLow
2022-09-01,539.0,14142.0,0.0,100,396.42,255.0,0,0.0,0.0,,0.0,0,0.0,0.0,,0.0,bidTooLow
2022-09-02,539.0,13724.0,0.0,100,392.24,255.0,0,0.0,0.0,,0.0,0,0.0,0.0,,0.0,bidTooLow
2022-09-06,539.0,13576.0,0.0,100,390.76,255.0,0,0.0,0.0,,0.0,0,0.0,0.0,,0.0,bidTooLow
2022-09-07,539.0,14278.0,0.0,100,397.78,255.0,0,0.0,0.0,,0.0,0,0.0,0.0,,0.0,bidTooLow
2022-09-08,539.0,14538.0,0.0,100,400.38,255.0,0,0.0,0.0,,0.0,0,0.0,0.0,,0.0,bidTooLow
2022-09-09,539.0,15160.0,0.0,100,406.6,255.0,0,0.0,0.0,,0.0,0,0.0,0.0,,0.0,bidTooLow
2022-09-12,539.0,15597.0,0.0,100,410.97,255.0,0,0.0,0.0,,0.0,0,0.0,0.0,,0.0,bidTooLow
2022-09-13,539.0,13810.0,0.0,100,393.1,255.0,0,0.0,0.0,,0.0,0,0.0,0.0,,0.0,bidTooLow
2022-09-14,539.0,13960.0,0.0,100,394.6,255.0,0,0.0,0.0,,0.0,0,0.0,0.0,,0.0,bidTooLow
2022-09-15,539.0,13512.0,0.0,100,390.12,255.0,0,0.0,0.0,,0.0,0,0.0,0.0,,0.0,bidTooLow
2022-09-16,539.0,13056.0,0.0,100,385.56,255.0,0,0.0,0.0,,0.0,0,0.0,0.0,,0.0,bidTooLow
2022-09-19,539.0,13355.0,0.0,100,388.55,255.0,0,0.0,0.0,,0.0,0,0.0,0.0,,0.0,bidTooLow
2022-09-20,539.0,12909.0,0.0,100,384.09,255.0,0,0.0,0.0,,0.0,0,0.0,0.0,,0.0,bidTooLow
2022-09-21,539.0,12239.0,0.0,100,377.39,255.0,0,0.0,0.0,,0.0,0,0.0,0.0,,0.0,bidTooLow
2022-09-22,539.0,11922.0,0.0,100,374.22,255.0,0,0.0,0.0,,0.0,0,0.0,0.0,,0.0,bidTooLow
2022-09-23,539.0,11295.0,0.0,100,367.95,255.0,0,0.0,0.0,,0.0,0,0.0,0.0,,0.0,bidTooLow
2022-09-26,539.0,10931.0,0.0,100,364.31,255.0,0,0.0,0.0,,0.0,0,0.0,0.0,,0.0,bidTooLow
2022-09-27,539.0,10838.0,0.0,100,363.38,255.0,0,0.0,0.0,,0.0,0,0.0,0.0,,0.0,bidTooLow
2022-09-28,539.0,11553.0,0.0,100,370.53,255.0,0,0.0,0.0,,0.0,0,0.0,0.0,,0.0,bidTooLow
2022-09-29,539.0,10779.0,0.0,100,362.79,255.0,0,0.0,0.0,,0.0,0,0.0,0.0,,0.0,bidTooLow
2022-09-30,539.0,10218.0,0.0,100,357.18,255.0,0,0.0,0.0,,0.0,0,0.0,0.0,,0.0,bidTooLow
2022-10-03,539.0,11161.0,0.0,100,366.61,255.0,0,0.0,0.0,,0.0,0,0.0,0.0,,0.0,bidTooLow
2022-10-04,539.0,12297.0,0.0,100,377.97,255.0,0,0.0,0.0,,0.0,0,0.0,0.0,,0.0,bidTooLow
2022-10-05,539.0,12209.0,0.0,100,377.09,255.0,0,0.0,0.0,,0.0,0,0.0,0.0,,0.0,bidTooLow
2022-10-06,539.0,11820.0,0.0,100,373.2,255.0,0,0.0,0.0,,0.0,0,0.0,0.0,,0.0,bidTooLow
2022-10-07,539.0,10779.0,0.0,100,362.79,255.0,0,0.0,0.0,,0.0,0,0.0,0.0,,0.0,bidTooLow
2022-10-10,539.0,10502.0,0.0,100,360.02,255.0,0,0.0,0.0,,0.0,0,0.0,0.0,,0.0,bidTooLow
2022-10-11,539.0,10274.0,0.0,100,357.74,255.0,0,0.0,0.0,,0.0,0,0.0,0.0,,0.0,bidTooLow
2022-10-12,539.0,10156.0,0.0,100,356.56,255.0,0,0.0,0.0,,0.0,0,0.0,0.0,,0.0,bidTooLow
2022-10-13,539.0,11097.0,0.0,100,365.97,255.0,0,0.0,0.0,,0.0,0,0.0,0.0,,0.0,bidTooLow
2022-10-14,539.0,10263.0,0.0,100,357.63,255.0,0,0.0,0.0,,0.0,0,0.0,0.0,,0.0,bidTooLow
2022-10-17,539.0,11182.0,0.0,100,366.82,255.0,0,0.0,0.0,,0.0,0,0.0,0.0,,0.0,bidTooLow
2022-10-18,539.0,11610.0,0.0,100,371.13,255.0,0,0.0,0.0,,0.0,1,0.02,0.05,SPY221021C00397000,397.0,normalDay
2022-10-19,539.0,11350.0,0.0,100,368.5,255.0,0,0.0,0.0,,0.0,1,0.02,0.02,SPY221021C00397000,397.0,normalDay
2022-10-20,539.0,11042.0,0.0,100,365.41,255.0,0,0.0,0.0,,0.0,1,0.02,0.01,SPY221021C00397000,397.0,normalDay
2022-10-21,541.0,11929.0,2.0,100,374.29,255.0,0,0.0,0.0,,0.0,1,0.02,0.0,SPY221021C00397000,397.0,expirationDay
2022-10-24,541.0,12384.0,0.0,100,378.87,255.0,0,0.0,0.0,,0.0,1,0.03,0.06,SPY221026C00397000,397.0,normalDay
2022-10-25,541.0,12992.0,0.0,100,384.92,255.0,0,0.0,0.0,,0.0,1,0.03,0.03,SPY221026C00397000,397.0,normalDay
2022-10-26,544.0,12702.0,3.0,100,382.02,255.0,0,0.0,0.0,,0.0,1,0.03,0.0,SPY221026C00397000,397.0,expirationDay
2022-10-27,544.0,12498.0,0.0,100,379.98,255.0,0,0.0,0.0,,0.0,0,0.0,0.0,,0.0,bidTooLow
2022-10-28,544.0,13402.0,0.0,100,389.02,255.0,0,0.0,0.0,,0.0,0,0.0,0.0,,0.0,bidTooLow
2022-10-31,544.0,13121.0,0.0,100,386.21,255.0,0,0.0,0.0,,0.0,0,0.0,0.0,,0.0,bidTooLow
2022-11-01,544.0,12952.0,0.0,100,384.52,255.0,0,0.0,0.0,,0.0,0,0.0,0.0,,0.0,bidTooLow
2022-11-02,544.0,11987.0,0.0,100,374.87,255.0,0,0.0,0.0,,0.0,0,0.0,0.0,,0.0,bidTooLow
2022-11-03,544.0,11601.0,0.0,100,371.01,255.0,0,0.0,0.0,,0.0,0,0.0,0.0,,0.0,bidTooLow
2022-11-04,544.0,12135.0,0.0,100,376.35,255.0,0,0.0,0.0,,0.0,0,0.0,0.0,,0.0,bidTooLow
2022-11-07,544.0,12495.0,0.0,100,379.95,255.0,0,0.0,0.0,,0.0,0,0.0,0.0,,0.0,bidTooLow
2022-11-08,544.0,12700.0,0.0,100,382.0,255.0,0,0.0,0.0,,0.0,0,0.0,0.0,,0.0,bidTooLow
2022-11-09,544.0,11913.0,0.0,100,374.13,255.0,0,0.0,0.0,,0.0,0,0.0,0.0,,0.0,bidTooLow
2022-11-10,544.0,13969.0,0.0,100,394.69,255.0,0,0.0,0.0,,0.0,0,0.0,0.0,,0.0,bidTooLow
2022-11-11,544.0,14351.0,0.0,100,398.51,255.0,0,0.0,0.0,,0.0,0,0.0,0.0,,0.0,bidTooLow
2022-11-14,544.0,14012.0,0.0,100,395.12,255.0,0,0.0,0.0,,0.0,0,0.0,0.0,,0.0,bidTooLow
2022-11-15,544.0,14346.0,0.0,100,398.49,255.0,0,0.0,0.0,,0.0,1,0.01,0.04,SPY221118C00423000,423.0,normalDay
2022-11-16,544.0,14045.0,0.0,100,395.45,255.0,0,0.0,0.0,,0.0,1,0.01,0.01,SPY221118C00423000,423.0,normalDay
2022-11-17,544.0,13924.0,0.0,100,394.24,255.0,0,0.0,0.0,,0.0,1,0.01,0.01,SPY221118C00423000,423.0,normalDay
2022-11-18,545.0,14103.0,1.0,100,396.03,255.0,0,0.0,0.0,,0.0,1,0.01,0.0,SPY221118C00423000,423.0,expirationDay
2022-11-21,545.0,13959.0,0.0,100,394.59,255.0,0,0.0,0.0,,0.0,0,0.0,0.0,,0.0,bidTooLow
2022-11-22,545.0,14490.0,0.0,100,399.9,255.0,0,0.0,0.0,,0.0,0,0.0,0.0,,0.0,bidTooLow
2022-11-23,545.0,14742.0,0.0,100,402.42,255.0,0,0.0,0.0,,0.0,0,0.0,0.0,,0.0,bidTooLow
2022-11-25,545.0,14733.0,0.0,100,402.33,255.0,0,0.0,0.0,,0.0,0,0.0,0.0,,0.0,bidTooLow
2022-11-28,545.0,14091.0,0.0,100,395.91,255.0,0,0.0,0.0,,0.0,0,0.0,0.0,,0.0,bidTooLow
2022-11-29,545.0,14023.0,0.0,100,395.23,255.0,0,0.0,0.0,,0.0,0,0.0,0.0,,0.0,bidTooLow
2022-11-30,545.0,15268.0,0.0,100,407.68,255.0,0,0.0,0.0,,0.0,0,0.0,0.0,,0.0,bidTooLow
2022-12-01,545.0,15238.0,0.0,100,407.38,255.0,0,0.0,0.0,,0.0,0,0.0,0.0,,0.0,bidTooLow
2022-12-02,545.0,15191.0,0.0,100,406.91,255.0,0,0.0,0.0,,0.0,0,0.0,0.0,,0.0,bidTooLow
2022-12-05,545.0,14459.0,0.0,100,399.59,255.0,0,0.0,0.0,,0.0,0,0.0,0.0,,0.0,bidTooLow
2022-12-06,545.0,13883.0,0.0,100,393.83,255.0,0,0.0,0.0,,0.0,0,0.0,0.0,,0.0,bidTooLow
2022-12-07,545.0,13816.0,0.0,100,393.16,255.0,0,0.0,0.0,,0.0,0,0.0,0.0,,0.0,bidTooLow
2022-12-08,545.0,14124.0,0.0,100,396.24,255.0,0,0.0,0.0,,0.0,0,0.0,0.0,,0.0,bidTooLow
2022-12-09,545.0,13828.0,0.0,100,393.28,255.0,0,0.0,0.0,,0.0,0,0.0,0.0,,0.0,bidTooLow
2022-12-12,545.0,14392.0,0.0,100,398.95,255.0,0,0.0,0.0,,0.0,1,0.59,0.62,SPY221215C00419000,419.0,normalDay
2022-12-13,545.0,14728.0,0.0,100,401.97,255.0,0,0.0,0.0,,0.0,1,0.59,0.28,SPY221215C00419000,419.0,normalDay
2022-12-14,545.0,14498.0,0.0,100,399.4,255.0,0,0.0,0.0,,0.0,1,0.59,0.01,SPY221215C00419000,419.0,normalDay
2022-12-15,604.0,13463.0,59.0,100,389.63,255.0,0,0.0,0.0,,0.0,1,0.59,0.0,SPY221215C00419000,419.0,expirationDay
2022-12-16,604.0,12827.0,0.0,100,383.27,255.0,0,0.0,0.0,,0.0,0,0.0,0.0,,0.0,bidTooLow
2022-12-19,604.0,12502.0,0.0,100,380.02,255.0,0,0.0,0.0,,0.0,0,0.0,0.0,,0.0,bidTooLow
2022-12-20,604.0,12554.0,0.0,100,380.54,255.0,0,0.0,0.0,,0.0,0,0.0,0.0,,0.0,bidTooLow
2022-12-21,604.0,13123.0,0.0,100,386.23,255.0,0,0.0,0.0,,0.0,0,0.0,0.0,,0.0,bidTooLow
2022-12-22,604.0,12572.0,0.0,100,380.72,255.0,0,0.0,0.0,,0.0,0,0.0,0.0,,0.0,bidTooLow
2022-12-23,604.0,12791.0,0.0,100,382.91,255.0,0,0.0,0.0,,0.0,0,0.0,0.0,,0.0,bidTooLow
2022-12-27,604.0,12640.0,0.0,100,381.4,255.0,0,0.0,0.0,,0.0,0,0.0,0.0,,0.0,bidTooLow
2022-12-28,604.0,12166.0,0.0,100,376.66,255.0,0,0.0,0.0,,0.0,0,0.0,0.0,,0.0,bidTooLow
2022-12-29,604.0,12844.0,0.0,100,383.44,255.0,0,0.0,0.0,,0.0,0,0.0,0.0,,0.0,bidTooLow
2022-12-30,604.0,12743.0,0.0,100,382.43,255.0,0,0.0,0.0,,0.0,0,0.0,0.0,,0.0,bidTooLow
2023-01-03,604.0,12582.0,0.0,100,380.82,255.0,0,0.0,0.0,,0.0,0,0.0,0.0,,0.0,bidTooLow
2023-01-04,604.0,12876.0,0.0,100,383.76,255.0,0,0.0,0.0,,0.0,0,0.0,0.0,,0.0,bidTooLow
2023-01-05,604.0,12438.0,0.0,100,379.38,255.0,0,0.0,0.0,,0.0,0,0.0,0.0,,0.0,bidTooLow
2023-01-06,604.0,13308.0,0.0,100,388.08,255.0,0,0.0,0.0,,0.0,0,0.0,0.0,,0.0,bidTooLow
2023-01-09,604.0,13286.0,0.0,100,387.86,255.0,0,0.0,0.0,,0.0,0,0.0,0.0,,0.0,bidTooLow
2023-01-10,604.0,13558.0,0.0,100,390.58,255.0,0,0.0,0.0,,0.0,0,0.0,0.0,,0.0,bidTooLow
2023-01-11,604.0,14049.0,0.0,100,395.52,255.0,0,0.0,0.0,,0.0,1,0.03,0.06,SPY230113C00415000,415.0,normalDay
2023-01-12,604.0,14198.0,0.0,100,396.96,255.0,0,0.0,0.0,,0.0,1,0.03,0.01,SPY230113C00415000,415.0,normalDay
2023-01-13,607.0,14350.0,3.0,100,398.5,255.0,0,0.0,0.0,,0.0,1,0.03,0.0,SPY230113C00415000,415.0,expirationDay
2023-01-17,607.0,14277.0,0.0,100,397.77,255.0,0,0.0,0.0,,0.0,0,0.0,0.0,,0.0,bidTooLow
2023-01-18,607.0,13649.0,0.0,100,391.49,255.0,0,0.0,0.0,,0.0,0,0.0,0.0,,0.0,bidTooLow
2023-01-19,607.0,13364.0,0.0,100,388.64,255.0,0,0.0,0.0,,0.0,0,0.0,0.0,,0.0,bidTooLow
2023-01-20,607.0,14088.0,0.0,100,395.88,255.0,0,0.0,0.0,,0.0,0,0.0,0.0,,0.0,bidTooLow
2023-01-23,607.0,14563.0,0.0,100,400.63,255.0,0,0.0,0.0,,0.0,0,0.0,0.0,,0.0,bidTooLow
2023-01-24,607.0,14520.0,0.0,100,400.2,255.0,0,0.0,0.0,,0.0,0,0.0,0.0,,0.0,bidTooLow
2023-01-25,607.0,14535.0,0.0,100,400.35,255.0,0,0.0,0.0,,0.0,0,0.0,0.0,,0.0,bidTooLow
2023-01-26,607.0,14975.0,0.0,100,404.75,255.0,0,0.0,0.0,,0.0,0,0.0,0.0,,0.0,bidTooLow
2023-01-27,607.0,15068.0,0.0,100,405.68,255.0,0,0.0,0.0,,0.0,0,0.0,0.0,,0.0,bidTooLow
2023-01-30,607.0,14559.0,0.0,100,400.59,255.0,0,0.0,0.0,,0.0,0,0.0,0.0,,0.0,bidTooLow
2023-01-31,607.0,15145.0,0.0,100,406.48,255.0,0,0.0,0.0,,0.0,1,0.01,0.04,SPY230203C00429000,429.0,normalDay
2023-02-01,607.0,15578.0,0.0,100,410.8,255.0,0,0.0,0.0,,0.0,1,0.01,0.03,SPY230203C00429000,429.0,normalDay
2023-02-02,607.0,16176.0,0.0,100,416.78,255.0,0,0.0,0.0,,0.0,1,0.01,0.03,SPY230203C00429000,429.0,normalDay
2023-02-03,608.0,15735.0,1.0,100,412.35,255.0,0,0.0,0.0,,0.0,1,0.01,0.0,SPY230203C00429000,429.0,expirationDay
2023-02-06,608.0,15483.0,0.0,100,409.83,255.0,0,0.0,0.0,,0.0,0,0.0,0.0,,0.0,bidTooLow
2023-02-07,608.0,16019.0,0.0,100,415.19,255.0,0,0.0,0.0,,0.0,0,0.0,0.0,,0.0,bidTooLow
2023-02-08,608.0,15565.0,0.0,100,410.65,255.0,0,0.0,0.0,,0.0,0,0.0,0.0,,0.0,bidTooLow
2023-02-09,608.0,15209.0,0.0,100,407.09,255.0,0,0.0,0.0,,0.0,0,0.0,0.0,,0.0,bidTooLow
2023-02-10,608.0,15304.0,0.0,100,408.04,255.0,0,0.0,0.0,,0.0,0,0.0,0.0,,0.0,bidTooLow
2023-02-13,608.0,15783.0,0.0,100,412.83,255.0,0,0.0,0.0,,0.0,0,0.0,0.0,,0.0,bidTooLow
2023-02-14,608.0,15764.0,0.0,100,412.64,255.0,0,0.0,0.0,,0.0,0,0.0,0.0,,0.0,bidTooLow
2023-02-15,608.0,15898.0,0.0,100,413.98,255.0,0,0.0,0.0,,0.0,0,0.0,0.0,,0.0,bidTooLow
2023-02-16,608.0,15328.0,0.0,100,408.28,255.0,0,0.0,0.0,,0.0,0,0.0,0.0,,0.0,bidTooLow
2023-02-17,608.0,15226.0,0.0,100,407.26,255.0,0,0.0,0.0,,0.0,0,0.0,0.0,,0.0,bidTooLow
2023-02-21,608.0,14409.0,0.0,100,399.09,255.0,0,0.0,0.0,,0.0,0,0.0,0.0,,0.0,bidTooLow
2023-02-22,608.0,14354.0,0.0,100,398.54,255.0,0,0.0,0.0,,0.0,0,0.0,0.0,,0.0,bidTooLow
2023-02-23,608.0,14566.0,0.0,100,400.66,255.0,0,0.0,0.0,,0.0,0,0.0,0.0,,0.0,bidTooLow
2023-02-24,608.0,14138.0,0.0,100,396.38,255.0,0,0.0,0.0,,0.0,0,0.0,0.0,,0.0,bidTooLow
2023-02-27,608.0,14273.0,0.0,100,397.73,255.0,0,0.0,0.0,,0.0,0,0.0,0.0,,0.0,bidTooLow
2023-02-28,608.0,14126.0,0.0,100,396.26,255.0,0,0.0,0.0,,0.0,0,0.0,0.0,,0.0,bidTooLow
2023-03-01,608.0,13974.0,0.0,100,394.74,255.0,0,0.0,0.0,,0.0,0,0.0,0.0,,0.0,bidTooLow
2023-03-02,608.0,14281.0,0.0,100,397.81,255.0,0,0.0,0.0,,0.0,0,0.0,0.0,,0.0,bidTooLow
2023-03-03,608.0,14919.0,0.0,100,404.19,255.0,0,0.0,0.0,,0.0,0,0.0,0.0,,0.0,bidTooLow
2023-03-06,608.0,14947.0,0.0,100,404.47,255.0,0,0.0,0.0,,0.0,0,0.0,0.0,,0.0,bidTooLow
2023-03-07,608.0,14327.0,0.0,100,398.27,255.0,0,0.0,0.0,,0.0,0,0.0,0.0,,0.0,bidTooLow
2023-03-08,608.0,14392.0,0.0,100,398.92,255.0,0,0.0,0.0,,0.0,0,0.0,0.0,,0.0,bidTooLow
2023-03-09,608.0,13656.0,0.0,100,391.56,255.0,0,0.0,0.0,,0.0,0,0.0,0.0,,0.0,bidTooLow
2023-03-10,608.0,13091.0,0.0,100,385.91,255.0,0,0.0,0.0,,0.0,0,0.0,0.0,,0.0,bidTooLow
2023-03-13,608.0,13036.0,0.0,100,385.36,255.0,0,0.0,0.0,,0.0,0,0.0,0.0,,0.0,bidTooLow
2023-03-14,608.0,13673.0,0.0,100,391.73,255.0,0,0.0,0.0,,0.0,0,0.0,0.0,,0.0,bidTooLow
2023-03-15,608.0,13428.0,0.0,100,389.28,255.0,0,0.0,0.0,,0.0,0,0.0,0.0,,0.0,bidTooLow
2023-03-16,608.0,14111.0,0.0,100,396.11,255.0,0,0.0,0.0,,0.0,0,0.0,0.0,,0.0,bidTooLow
2023-03-17,608.0,13499.0,0.0,100,389.99,255.0,0,0.0,0.0,,0.0,0,0.0,0.0,,0.0,bidTooLow
2023-03-20,608.0,13874.0,0.0,100,393.74,255.0,0,0.0,0.0,,0.0,0,0.0,0.0,,0.0,bidTooLow
2023-03-21,608.0,14388.0,0.0,100,398.91,255.0,0,0.0,0.0,,0.0,1,0.02,0.05,SPY230324C00418000,418.0,normalDay
2023-03-22,608.0,13712.0,0.0,100,392.11,255.0,0,0.0,0.0,,0.0,1,0.02,0.01,SPY230324C00418000,418.0,normalDay
2023-03-23,608.0,13818.0,0.0,100,393.17,255.0,0,0.0,0.0,,0.0,1,0.02,0.01,SPY230324C00418000,418.0,normalDay
2023-03-24,610.0,14075.0,2.0,100,395.75,255.0,0,0.0,0.0,,0.0,1,0.02,0.0,SPY230324C00418000,418.0,expirationDay
2023-03-27,610.0,14149.0,0.0,100,396.49,255.0,0,0.0,0.0,,0.0,0,0.0,0.0,,0.0,bidTooLow
2023-03-28,610.0,14060.0,0.0,100,395.6,255.0,0,0.0,0.0,,0.0,0,0.0,0.0,,0.0,bidTooLow
2023-03-29,610.0,14635.0,0.0,100,401.35,255.0,0,0.0,0.0,,0.0,0,0.0,0.0,,0.0,bidTooLow
2023-03-30,610.0,14870.0,0.0,100,403.7,255.0,0,0.0,0.0,,0.0,0,0.0,0.0,,0.0,bidTooLow
2023-03-31,610.0,15439.0,0.0,100,409.39,255.0,0,0.0,0.0,,0.0,0,0.0,0.0,,0.0,bidTooLow
2023-04-03,610.0,15595.0,0.0,100,410.95,255.0,0,0.0,0.0,,0.0,0,0.0,0.0,,0.0,bidTooLow
2023-04-04,610.0,15367.0,0.0,100,408.67,255.0,0,0.0,0.0,,0.0,0,0.0,0.0,,0.0,bidTooLow
2023-04-05,610.0,15260.0,0.0,100,407.6,255.0,0,0.0,0.0,,0.0,0,0.0,0.0,,0.0,bidTooLow
2023-04-06,610.0,15419.0,0.0,100,409.19,255.0,0,0.0,0.0,,0.0,0,0.0,0.0,,0.0,bidTooLow
2023-04-10,610.0,15461.0,0.0,100,409.61,255.0,0,0.0,0.0,,0.0,0,0.0,0.0,,0.0,bidTooLow
2023-04-11,610.0,15472.0,0.0,100,409.72,255.0,0,0.0,0.0,,0.0,0,0.0,0.0,,0.0,bidTooLow
2023-04-12,610.0,15305.0,0.0,100,408.05,255.0,0,0.0,0.0,,0.0,0,0.0,0.0,,0.0,bidTooLow
2023-04-13,610.0,15847.0,0.0,100,413.47,255.0,0,0.0,0.0,,0.0,0,0.0,0.0,,0.0,bidTooLow
2023-04-14,610.0,15746.0,0.0,100,412.46,255.0,0,0.0,0.0,,0.0,0,0.0,0.0,,0.0,bidTooLow
2023-04-17,610.0,15894.0,0.0,100,413.94,255.0,0,0.0,0.0,,0.0,0,0.0,0.0,,0.0,bidTooLow
2023-04-18,610.0,15921.0,0.0,100,414.21,255.0,0,0.0,0.0,,0.0,0,0.0,0.0,,0.0,bidTooLow
2023-04-19,610.0,15914.0,0.0,100,414.14,255.0,0,0.0,0.0,,0.0,0,0.0,0.0,,0.0,bidTooLow
2023-04-20,610.0,15688.0,0.0,100,411.88,255.0,0,0.0,0.0,,0.0,0,0.0,0.0,,0.0,bidTooLow
2023-04-21,610.0,15720.0,0.0,100,412.2,255.0,0,0.0,0.0,,0.0,0,0.0,0.0,,0.0,bidTooLow
2023-04-24,610.0,15763.0,0.0,100,412.63,255.0,0,0.0,0.0,,0.0,0,0.0,0.0,,0.0,bidTooLow
2023-04-25,610.0,15108.0,0.0,100,406.08,255.0,0,0.0,0.0,,0.0,0,0.0,0.0,,0.0,bidTooLow
2023-04-26,610.0,14936.0,0.0,100,404.36,255.0,0,0.0,0.0,,0.0,0,0.0,0.0,,0.0,bidTooLow
2023-04-27,610.0,15741.0,0.0,100,412.41,255.0,0,0.0,0.0,,0.0,0,0.0,0.0,,0.0,bidTooLow
2023-04-28,610.0,16093.0,0.0,100,415.93,255.0,0,0.0,0.0,,0.0,0,0.0,0.0,,0.0,bidTooLow
2023-05-01,610.0,16048.0,0.0,100,415.51,255.0,0,0.0,0.0,,0.0,1,0.09,0.12,SPY230504C00425000,425.0,normalDay
2023-05-02,610.0,15590.0,0.0,100,410.84,255.0,0,0.0,0.0,,0.0,1,0.09,0.03,SPY230504C00425000,425.0,normalDay
2023-05-03,610.0,15310.0,0.0,100,408.02,255.0,0,0.0,0.0,,0.0,1,0.09,0.01,SPY230504C00425000,425.0,normalDay
2023-05-04,619.0,15013.0,9.0,100,405.13,255.0,0,0.0,0.0,,0.0,1,0.09,0.0,SPY230504C00425000,425.0,expirationDay
2023-05-05,619.0,15763.0,0.0,100,412.63,255.0,0,0.0,0.0,,0.0,0,0.0,0.0,,0.0,bidTooLow
2023-05-08,619.0,15774.0,0.0,100,412.74,255.0,0,0.0,0.0,,0.0,0,0.0,0.0,,0.0,bidTooLow
2023-05-09,619.0,15593.0,0.0,100,410.93,255.0,0,0.0,0.0,,0.0,0,0.0,0.0,,0.0,bidTooLow
2023-05-10,619.0,15785.0,0.0,100,412.85,255.0,0,0.0,0.0,,0.0,0,0.0,0.0,,0.0,bidTooLow
2023-05-11,619.0,15713.0,0.0,100,412.13,255.0,0,0.0,0.0,,0.0,0,0.0,0.0,,0.0,bidTooLow
2023-05-12,619.0,15659.0,0.0,100,411.59,255.0,0,0.0,0.0,,0.0,0,0.0,0.0,,0.0,bidTooLow
2023-05-15,619.0,15801.0,0.0,100,413.01,255.0,0,0.0,0.0,,0.0,0,0.0,0.0,,0.0,bidTooLow
2023-05-16,619.0,15525.0,0.0,100,410.25,255.0,0,0.0,0.0,,0.0,0,0.0,0.0,,0.0,bidTooLow
2023-05-17,619.0,16020.0,0.0,100,415.23,255.0,0,0.0,0.0,,0.0,1,0.01,0.04,SPY230519C00425000,425.0,normalDay
2023-05-18,619.0,16418.0,0.0,100,419.23,255.0,0,0.0,0.0,,0.0,1,0.01,0.06,SPY230519C00425000,425.0,normalDay
2023-05-19,620.0,16362.0,1.0,100,418.62,255.0,0,0.0,0.0,,0.0,1,0.01,0.0,SPY230519C00425000,425.0,expirationDay
2023-05-22,620.0,16376.0,0.0,100,418.79,255.0,0,0.0,0.0,,0.0,1,0.01,0.04,SPY230525C00431000,431.0,normalDay
2023-05-23,620.0,15909.0,0.0,100,414.09,255.0,0,0.0,0.0,,0.0,1,0.01,0.01,SPY230525C00431000,431.0,normalDay
2023-05-24,620.0,15609.0,0.0,100,411.09,255.0,0,0.0,0.0,,0.0,1,0.01,0.01,SPY230525C00431000,431.0,normalDay
2023-05-25,621.0,15965.0,1.0,100,414.65,255.0,0,0.0,0.0,,0.0,1,0.01,0.0,SPY230525C00431000,431.0,expirationDay
2023-05-26,621.0,16502.0,0.0,100,420.02,255.0,0,0.0,0.0,,0.0,0,0.0,0.0,,0.0,bidTooLow
2023-05-30,621.0,16515.0,0.0,100,420.18,255.0,0,0.0,0.0,,0.0,1,0.06,0.09,SPY230602C00431000,431.0,normalDay
2023-05-31,621.0,16288.0,0.0,100,417.85,255.0,0,0.0,0.0,,0.0,1,0.06,0.03,SPY230602C00431000,431.0,normalDay
2023-06-01,621.0,16686.0,0.0,100,421.82,255.0,0,0.0,0.0,,0.0,1,0.06,0.02,SPY230602C00431000,431.0,normalDay
2023-06-02,627.0,17292.0,6.0,100,427.92,255.0,0,0.0,0.0,,0.0,1,0.06,0.0,SPY230602C00431000,431.0,expirationDay
2023-06-05,627.0,17210.0,0.0,100,427.1,255.0,0,0.0,0.0,,0.0,0,0.0,0.0,,0.0,bidTooLow
2023-06-06,627.0,17303.0,0.0,100,428.03,255.0,0,0.0,0.0,,0.0,0,0.0,0.0,,0.0,bidTooLow
2023-06-07,627.0,17155.0,0.0,100,426.55,255.0,0,0.0,0.0,,0.0,0,0.0,0.0,,0.0,bidTooLow
2023-06-08,627.0,17413.0,0.0,100,429.13,255.0,0,0.0,0.0,,0.0,0,0.0,0.0,,0.0,bidTooLow
2023-06-09,627.0,17490.0,0.0,100,429.9,255.0,0,0.0,0.0,,0.0,0,0.0,0.0,,0.0,bidTooLow
2023-06-12,627.0,17877.0,0.0,100,433.8,255.0,0,0.0,0.0,,0.0,1,0.01,0.04,SPY230615C00450000,450.0,normalDay
2023-06-13,627.0,18161.0,0.0,100,436.66,255.0,0,0.0,0.0,,0.0,1,0.01,0.06,SPY230615C00450000,450.0,normalDay
2023-06-14,627.0,18217.0,0.0,100,437.18,255.0,0,0.0,0.0,,0.0,1,0.01,0.02,SPY230615C00450000,450.0,normalDay
2023-06-15,628.0,18760.0,1.0,100,442.6,255.0,0,0.0,0.0,,0.0,1,0.01,0.0,SPY230615C00450000,450.0,expirationDay
2023-06-16,628.0,18446.0,0.0,100,439.46,255.0,0,0.0,0.0,,0.0,0,0.0,0.0,,0.0,bidTooLow
2023-06-20,628.0,18218.0,0.0,100,437.18,255.0,0,0.0,0.0,,0.0,0,0.0,0.0,,0.0,bidTooLow
2023-06-21,628.0,17994.0,0.0,100,434.94,255.0,0,0.0,0.0,,0.0,0,0.0,0.0,,0.0,bidTooLow
2023-06-22,628.0,18151.0,0.0,100,436.51,255.0,0,0.0,0.0,,0.0,0,0.0,0.0,,0.0,bidTooLow
2023-06-23,628.0,17821.0,0.0,100,433.21,255.0,0,0.0,0.0,,0.0,0,0.0,0.0,,0.0,bidTooLow
2023-06-26,628.0,17644.0,0.0,100,431.44,255.0,0,0.0,0.0,,0.0,0,0.0,0.0,,0.0,bidTooLow
2023-06-27,628.0,18117.0,0.0,100,436.17,255.0,0,0.0,0.0,,0.0,0,0.0,0.0,,0.0,bidTooLow
2023-06-28,628.0,18139.0,0.0,100,436.39,255.0,0,0.0,0.0,,0.0,0,0.0,0.0,,0.0,bidTooLow
2023-06-29,628.0,18311.0,0.0,100,438.11,255.0,0,0.0,0.0,,0.0,0,0.0,0.0,,0.0,bidTooLow
2023-06-30,628.0,18828.0,0.0,100,443.28,255.0,0,0.0,0.0,,0.0,0,0.0,0.0,,0.0,bidTooLow
2023-07-03,628.0,18879.0,0.0,100,443.79,255.0,0,0.0,0.0,,0.0,0,0.0,0.0,,0.0,bidTooLow
2023-07-05,628.0,18813.0,0.0,100,443.13,255.0,0,0.0,0.0,,0.0,0,0.0,0.0,,0.0,bidTooLow
2023-07-06,628.0,18466.0,0.0,100,439.66,255.0,0,0.0,0.0,,0.0,0,0.0,0.0,,0.0,bidTooLow
2023-07-07,628.0,18355.0,0.0,100,438.55,255.0,0,0.0,0.0,,0.0,0,0.0,0.0,,0.0,bidTooLow
2023-07-10,628.0,18466.0,0.0,100,439.66,255.0,0,0.0,0.0,,0.0,0,0.0,0.0,,0.0,bidTooLow
2023-07-11,628.0,18743.0,0.0,100,442.46,255.0,0,0.0,0.0,,0.0,1,0.07,0.1,SPY230714C00453000,453.0,normalDay
2023-07-12,628.0,19102.0,0.0,100,446.02,255.0,0,0.0,0.0,,0.0,1,0.07,0.07,SPY230714C00453000,453.0,normalDay
2023-07-13,628.0,19448.0,0.0,100,449.56,255.0,0,0.0,0.0,,0.0,1,0.07,0.15,SPY230714C00453000,453.0,normalDay
2023-07-14,635.0,19428.0,7.0,100,449.28,255.0,0,0.0,0.0,,0.0,1,0.07,0.0,SPY230714C00453000,453.0,expirationDay
2023-07-17,635.0,19584.0,0.0,100,450.84,255.0,0,0.0,0.0,,0.0,0,0.0,0.0,,0.0,bidTooLow
2023-07-18,635.0,19919.0,0.0,100,454.19,255.0,0,0.0,0.0,,0.0,0,0.0,0.0,,0.0,bidTooLow
2023-07-19,635.0,20020.0,0.0,100,455.2,255.0,0,0.0,0.0,,0.0,0,0.0,0.0,,0.0,bidTooLow
2023-07-20,635.0,19718.0,0.0,100,452.18,255.0,0,0.0,0.0,,0.0,0,0.0,0.0,,0.0,bidTooLow
2023-07-21,635.0,19718.0,0.0,100,452.18,255.0,0,0.0,0.0,,0.0,0,0.0,0.0,,0.0,bidTooLow
2023-07-24,635.0,19920.0,0.0,100,454.2,255.0,0,0.0,0.0,,0.0,0,0.0,0.0,,0.0,bidTooLow
2023-07-25,635.0,20044.0,0.0,100,455.44,255.0,0,0.0,0.0,,0.0,0,0.0,0.0,,0.0,bidTooLow
2023-07-26,635.0,20051.0,0.0,100,455.51,255.0,0,0.0,0.0,,0.0,0,0.0,0.0,,0.0,bidTooLow
2023-07-27,635.0,19749.0,0.0,100,452.49,255.0,0,0.0,0.0,,0.0,0,0.0,0.0,,0.0,bidTooLow
2023-07-28,635.0,20192.0,0.0,100,456.92,255.0,0,0.0,0.0,,0.0,0,0.0,0.0,,0.0,bidTooLow
2023-07-31,635.0,20279.0,0.0,100,457.79,255.0,0,0.0,0.0,,0.0,0,0.0,0.0,,0.0,bidTooLow
2023-08-01,635.0,20148.0,0.0,100,456.48,255.0,0,0.0,0.0,,0.0,0,0.0,0.0,,0.0,bidTooLow
2023-08-02,635.0,19513.0,0.0,100,450.13,255.0,0,0.0,0.0,,0.0,0,0.0,0.0,,0.0,bidTooLow
2023-08-03,635.0,19384.0,0.0,100,448.84,255.0,0,0.0,0.0,,0.0,0,0.0,0.0,,0.0,bidTooLow
2023-08-04,635.0,19181.0,0.0,100,446.81,255.0,0,0.0,0.0,,0.0,0,0.0,0.0,,0.0,bidTooLow
2023-08-07,635.0,19571.0,0.0,100,450.71,255.0,0,0.0,0.0,,0.0,0,0.0,0.0,,0.0,bidTooLow
2023-08-08,635.0,19375.0,0.0,100,448.75,255.0,0,0.0,0.0,,0.0,0,0.0,0.0,,0.0,bidTooLow
2023-08-09,635.0,19075.0,0.0,100,445.75,255.0,0,0.0,0.0,,0.0,0,0.0,0.0,,0.0,bidTooLow
2023-08-10,635.0,19091.0,0.0,100,445.91,255.0,0,0.0,0.0,,0.0,0,0.0,0.0,,0.0,bidTooLow
2023-08-11,635.0,19065.0,0.0,100,445.65,255.0,0,0.0,0.0,,0.0,0,0.0,0.0,,0.0,bidTooLow
2023-08-14,635.0,19311.0,0.0,100,448.11,255.0,0,0.0,0.0,,0.0,0,0.0,0.0,,0.0,bidTooLow
2023-08-15,635.0,18789.0,0.0,100,442.89,255.0,0,0.0,0.0,,0.0,0,0.0,0.0,,0.0,bidTooLow
2023-08-16,635.0,18464.0,0.0,100,439.64,255.0,0,0.0,0.0,,0.0,0,0.0,0.0,,0.0,bidTooLow
2023-08-17,635.0,18129.0,0.0,100,436.29,255.0,0,0.0,0.0,,0.0,0,0.0,0.0,,0.0,bidTooLow
2023-08-18,635.0,18150.0,0.0,100,436.5,255.0,0,0.0,0.0,,0.0,0,0.0,0.0,,0.0,bidTooLow
2023-08-21,635.0,18434.0,0.0,100,439.34,255.0,0,0.0,0.0,,0.0,0,0.0,0.0,,0.0,bidTooLow
2023-08-22,635.0,18315.0,0.0,100,438.15,255.0,0,0.0,0.0,,0.0,0,0.0,0.0,,0.0,bidTooLow
2023-08-23,635.0,18803.0,0.0,100,443.03,255.0,0,0.0,0.0,,0.0,0,0.0,0.0,,0.0,bidTooLow
2023-08-24,635.0,18189.0,0.0,100,436.89,255.0,0,0.0,0.0,,0.0,0,0.0,0.0,,0.0,bidTooLow
2023-08-25,635.0,18497.0,0.0,100,439.97,255.0,0,0.0,0.0,,0.0,0,0.0,0.0,,0.0,bidTooLow
2023-08-28,635.0,18776.0,0.0,100,442.76,255.0,0,0.0,0.0,,0.0,0,0.0,0.0,,0.0,bidTooLow
2023-08-29,635.0,19416.0,0.0,100,449.16,255.0,0,0.0,0.0,,0.0,0,0.0,0.0,,0.0,bidTooLow
2023-08-30,635.0,19601.0,0.0,100,451.01,255.0,0,0.0,0.0,,0.0,0,0.0,0.0,,0.0,bidTooLow
2023-08-31,635.0,19535.0,0.0,100,450.35,255.0,0,0.0,0.0,,0.0,0,0.0,0.0,,0.0,bidTooLow
2023-09-01,635.0,19619.0,0.0,100,451.19,255.0,0,0.0,0.0,,0.0,0,0.0,0.0,,0.0,bidTooLow
2023-09-05,635.0,19424.0,0.0,100,449.24,255.0,0,0.0,0.0,,0.0,0,0.0,0.0,,0.0,bidTooLow
2023-09-06,635.0,19122.0,0.0,100,446.22,255.0,0,0.0,0.0,,0.0,0,0.0,0.0,,0.0,bidTooLow
2023-09-07,635.0,18985.0,0.0,100,444.85,255.0,0,0.0,0.0,,0.0,0,0.0,0.0,,0.0,bidTooLow
2023-09-08,635.0,19052.0,0.0,100,445.52,255.0,0,0.0,0.0,,0.0,0,0.0,0.0,,0.0,bidTooLow
2023-09-11,635.0,19345.0,0.0,100,448.45,255.0,0,0.0,0.0,,0.0,0,0.0,0.0,,0.0,bidTooLow
2023-09-12,635.0,19099.0,0.0,100,445.99,255.0,0,0.0,0.0,,0.0,0,0.0,0.0,,0.0,bidTooLow
2023-09-13,635.0,19151.0,0.0,100,446.51,255.0,0,0.0,0.0,,0.0,0,0.0,0.0,,0.0,bidTooLow
2023-09-14,635.0,19536.0,0.0,100,450.36,255.0,0,0.0,0.0,,0.0,0,0.0,0.0,,0.0,bidTooLow
2023-09-15,635.0,18837.0,0.0,100,443.37,255.0,0,0.0,0.0,,0.0,0,0.0,0.0,,0.0,bidTooLow
2023-09-18,635.0,18863.0,0.0,100,443.63,255.0,0,0.0,0.0,,0.0,0,0.0,0.0,,0.0,bidTooLow
2023-09-19,635.0,18771.0,0.0,100,442.71,255.0,0,0.0,0.0,,0.0,0,0.0,0.0,,0.0,bidTooLow
2023-09-20,635.0,18364.0,0.0,100,438.64,255.0,0,0.0,0.0,,0.0,0,0.0,0.0,,0.0,bidTooLow
2023-09-21,635.0,17639.0,0.0,100,431.39,255.0,0,0.0,0.0,,0.0,0,0.0,0.0,,0.0,bidTooLow
2023-09-22,635.0,17542.0,0.0,100,430.42,255.0,0,0.0,0.0,,0.0,0,0.0,0.0,,0.0,bidTooLow
2023-09-25,635.0,17723.0,0.0,100,432.23,255.0,0,0.0,0.0,,0.0,0,0.0,0.0,,0.0,bidTooLow
2023-09-26,635.0,17088.0,0.0,100,425.88,255.0,0,0.0,0.0,,0.0,0,0.0,0.0,,0.0,bidTooLow
2023-09-27,635.0,17105.0,0.0,100,426.05,255.0,0,0.0,0.0,,0.0,0,0.0,0.0,,0.0,bidTooLow
2023-09-28,635.0,17352.0,0.0,100,428.52,255.0,0,0.0,0.0,,0.0,0,0.0,0.0,,0.0,bidTooLow
2023-09-29,635.0,17248.0,0.0,100,427.48,255.0,0,0.0,0.0,,0.0,0,0.0,0.0,,0.0,bidTooLow
2023-10-02,635.0,17231.0,0.0,100,427.31,255.0,0,0.0,0.0,,0.0,0,0.0,0.0,,0.0,bidTooLow
2023-10-03,635.0,16659.0,0.0,100,421.59,255.0,0,0.0,0.0,,0.0,0,0.0,0.0,,0.0,bidTooLow
2023-10-04,635.0,16966.0,0.0,100,424.66,255.0,0,0.0,0.0,,0.0,0,0.0,0.0,,0.0,bidTooLow
2023-10-05,635.0,16950.0,0.0,100,424.5,255.0,0,0.0,0.0,,0.0,0,0.0,0.0,,0.0,bidTooLow
2023-10-06,635.0,17454.0,0.0,100,429.54,255.0,0,0.0,0.0,,0.0,0,0.0,0.0,,0.0,bidTooLow
2023-10-09,635.0,17729.0,0.0,100,432.29,255.0,0,0.0,0.0,,0.0,0,0.0,0.0,,0.0,bidTooLow
2023-10-10,635.0,17954.0,0.0,100,434.54,255.0,0,0.0,0.0,,0.0,0,0.0,0.0,,0.0,bidTooLow
2023-10-11,635.0,18132.0,0.0,100,436.32,255.0,0,0.0,0.0,,0.0,0,0.0,0.0,,0.0,bidTooLow
2023-10-12,635.0,17866.0,0.0,100,433.66,255.0,0,0.0,0.0,,0.0,0,0.0,0.0,,0.0,bidTooLow
2023-10-13,635.0,17650.0,0.0,100,431.5,255.0,0,0.0,0.0,,0.0,0,0.0,0.0,,0.0,bidTooLow
2023-10-16,635.0,18104.0,0.0,100,436.04,255.0,0,0.0,0.0,,0.0,0,0.0,0.0,,0.0,bidTooLow
2023-10-17,635.0,18102.0,0.0,100,436.02,255.0,0,0.0,0.0,,0.0,0,0.0,0.0,,0.0,bidTooLow
2023-10-18,635.0,17521.0,0.0,100,430.21,255.0,0,0.0,0.0,,0.0,0,0.0,0.0,,0.0,bidTooLow
2023-10-19,635.0,17143.0,0.0,100,426.43,255.0,0,0.0,0.0,,0.0,0,0.0,0.0,,0.0,bidTooLow
2023-10-20,635.0,16619.0,0.0,100,421.19,255.0,0,0.0,0.0,,0.0,0,0.0,0.0,,0.0,bidTooLow
2023-10-23,635.0,16546.0,0.0,100,420.46,255.0,0,0.0,0.0,,0.0,0,0.0,0.0,,0.0,bidTooLow
2023-10-24,635.0,16863.0,0.0,100,423.63,255.0,0,0.0,0.0,,0.0,0,0.0,0.0,,0.0,bidTooLow
2023-10-25,635.0,16255.0,0.0,100,417.55,255.0,0,0.0,0.0,,0.0,0,0.0,0.0,,0.0,bidTooLow
2023-10-26,635.0,15755.0,0.0,100,412.55,255.0,0,0.0,0.0,,0.0,0,0.0,0.0,,0.0,bidTooLow
2023-10-27,635.0,15568.0,0.0,100,410.68,255.0,0,0.0,0.0,,0.0,0,0.0,0.0,,0.0,bidTooLow
2023-10-30,635.0,16059.0,0.0,100,415.59,255.0,0,0.0,0.0,,0.0,0,0.0,0.0,,0.0,bidTooLow
2023-10-31,635.0,16320.0,0.0,100,418.2,255.0,0,0.0,0.0,,0.0,0,0.0,0.0,,0.0,bidTooLow
2023-11-01,635.0,16766.0,0.0,100,422.66,255.0,0,0.0,0.0,,0.0,0,0.0,0.0,,0.0,bidTooLow
2023-11-02,635.0,17576.0,0.0,100,430.76,255.0,0,0.0,0.0,,0.0,0,0.0,0.0,,0.0,bidTooLow
2023-11-03,635.0,17969.0,0.0,100,434.69,255.0,0,0.0,0.0,,0.0,0,0.0,0.0,,0.0,bidTooLow
2023-11-06,635.0,18069.0,0.0,100,435.69,255.0,0,0.0,0.0,,0.0,0,0.0,0.0,,0.0,bidTooLow
2023-11-07,635.0,18193.0,0.0,100,436.93,255.0,0,0.0,0.0,,0.0,0,0.0,0.0,,0.0,bidTooLow
2023-11-08,635.0,18225.0,0.0,100,437.25,255.0,0,0.0,0.0,,0.0,0,0.0,0.0,,0.0,bidTooLow
2023-11-09,635.0,17884.0,0.0,100,433.84,255.0,0,0.0,0.0,,0.0,0,0.0,0.0,,0.0,bidTooLow
2023-11-10,635.0,18561.0,0.0,100,440.61,255.0,0,0.0,0.0,,0.0,0,0.0,0.0,,0.0,bidTooLow
2023-11-13,635.0,18519.0,0.0,100,440.19,255.0,0,0.0,0.0,,0.0,0,0.0,0.0,,0.0,bidTooLow
2023-11-14,635.0,19373.0,0.0,100,448.73,255.0,0,0.0,0.0,,0.0,0,0.0,0.0,,0.0,bidTooLow
2023-11-15,635.0,19468.0,0.0,100,449.68,255.0,0,0.0,0.0,,0.0,0,0.0,0.0,,0.0,bidTooLow
2023-11-16,635.0,19523.0,0.0,100,450.23,255.0,0,0.0,0.0,,0.0,0,0.0,0.0,,0.0,bidTooLow
2023-11-17,635.0,19579.0,0.0,100,450.79,255.0,0,0.0,0.0,,0.0,0,0.0,0.0,,0.0,bidTooLow
2023-11-20,635.0,19926.0,0.0,100,454.26,255.0,0,0.0,0.0,,0.0,0,0.0,0.0,,0.0,bidTooLow
2023-11-21,635.0,19827.0,0.0,100,453.27,255.0,0,0.0,0.0,,0.0,0,0.0,0.0,,0.0,bidTooLow
2023-11-22,635.0,20002.0,0.0,100,455.02,255.0,0,0.0,0.0,,0.0,0,0.0,0.0,,0.0,bidTooLow
2023-11-24,635.0,20030.0,0.0,100,455.3,255.0,0,0.0,0.0,,0.0,0,0.0,0.0,,0.0,bidTooLow
2023-11-27,635.0,19948.0,0.0,100,454.48,255.0,0,0.0,0.0,,0.0,0,0.0,0.0,,0.0,bidTooLow
2023-11-28,635.0,19993.0,0.0,100,454.93,255.0,0,0.0,0.0,,0.0,0,0.0,0.0,,0.0,bidTooLow
2023-11-29,635.0,19961.0,0.0,100,454.61,255.0,0,0.0,0.0,,0.0,0,0.0,0.0,,0.0,bidTooLow
2023-11-30,635.0,20140.0,0.0,100,456.4,255.0,0,0.0,0.0,,0.0,0,0.0,0.0,,0.0,bidTooLow
