date,totalCapital,unrializedPnL,rializedPnL,stocksOwned,stocksPriceToday,stocksPriceBoughtAt,putOwned,putOwnedSoldAt,putPriceToday,putOwnedContract,putOwnedStrike,callOwned,callOwnedSoldAt,callPriceToday,callOwnedContract,callOwnedStrike,trackType
2018-11-01,0.0,-6.0,0.0,0,273.51,0.0,1,1.26,1.32,SPY181119P00261500,261.5,0,0.0,0.0,,0.0,normalDay
2018-11-02,0.0,-17.0,0.0,0,271.89,0.0,1,1.26,1.43,SPY181119P00261500,261.5,0,0.0,0.0,,0.0,normalDay
2018-11-05,0.0,25.0,0.0,0,273.39,0.0,1,1.26,1.01,SPY181119P00261500,261.5,0,0.0,0.0,,0.0,normalDay
2018-11-06,0.0,47.0,0.0,0,275.12,0.0,1,1.26,0.79,SPY181119P00261500,261.5,0,0.0,0.0,,0.0,normalDay
2018-11-07,0.0,108.0,0.0,0,281.01,0.0,1,1.26,0.18,SPY181119P00261500,261.5,0,0.0,0.0,,0.0,normalDay
2018-11-08,0.0,107.0,0.0,0,280.5,0.0,1,1.26,0.19,SPY181119P00261500,261.5,0,0.0,0.0,,0.0,normalDay
2018-11-09,0.0,106.0,0.0,0,277.76,0.0,1,1.26,0.2,SPY181119P00261500,261.5,0,0.0,0.0,,0.0,normalDay
2018-11-12,0.0,71.0,0.0,0,272.57,0.0,1,1.26,0.55,SPY181119P00261500,261.5,0,0.0,0.0,,0.0,normalDay
2018-11-13,0.0,85.0,0.0,0,272.06,0.0,1,1.26,0.41,SPY181119P00261500,261.5,0,0.0,0.0,,0.0,normalDay
2018-11-14,0.0,72.0,0.0,0,270.2,0.0,1,1.26,0.54,SPY181119P00261500,261.5,0,0.0,0.0,,0.0,normalDay
2018-11-15,0.0,112.0,0.0,0,273.02,0.0,1,1.26,0.14,SPY181119P00261500,261.5,0,0.0,0.0,,0.0,normalDay
2018-11-16,0.0,123.0,0.0,0,273.73,0.0,1,1.26,0.03,SPY181119P00261500,261.5,0,0.0,0.0,,0.0,normalDay
2018-11-19,126.0,0.0,126.0,0,269.1,0.0,1,1.26,0.0,SPY181119P00261500,261.5,0,0.0,0.0,,0.0,expirationDay
2018-11-20,126.0,-8.0,0.0,0,264.12,0.0,1,4.14,4.22,SPY181207P00262500,262.5,0,0.0,0.0,,0.0,normalDay
2018-11-21,126.0,90.0,0.0,0,265.02,0.0,1,4.14,3.24,SPY181207P00262500,262.5,0,0.0,0.0,,0.0,normalDay
2018-11-23,126.0,23.0,0.0,0,263.25,0.0,1,4.14,3.91,SPY181207P00262500,262.5,0,0.0,0.0,,0.0,normalDay
2018-11-26,126.0,253.0,0.0,0,267.5,0.0,1,4.14,1.61,SPY181207P00262500,262.5,0,0.0,0.0,,0.0,normalDay
2018-11-27,126.0,256.0,0.0,0,268.4,0.0,1,4.14,1.58,SPY181207P00262500,262.5,0,0.0,0.0,,0.0,normalDay
2018-11-28,126.0,353.0,0.0,0,274.58,0.0,1,4.14,0.61,SPY181207P00262500,262.5,0,0.0,0.0,,0.0,normalDay
2018-11-29,126.0,349.0,0.0,0,273.98,0.0,1,4.14,0.65,SPY181207P00262500,262.5,0,0.0,0.0,,0.0,normalDay
2018-11-30,126.0,375.0,0.0,0,275.65,0.0,1,4.14,0.39,SPY181207P00262500,262.5,0,0.0,0.0,,0.0,normalDay
2018-12-03,126.0,410.0,0.0,0,279.3,0.0,1,4.14,0.04,SPY181207P00262500,262.5,0,0.0,0.0,,0.0,normalDay
2018-12-04,126.0,358.0,0.0,0,270.25,0.0,1,4.14,0.56,SPY181207P00262500,262.5,0,0.0,0.0,,0.0,normalDay
2018-12-06,126.0,402.0,0.0,0,269.84,0.0,1,4.14,0.12,SPY181207P00262500,262.5,0,0.0,0.0,,0.0,normalDay
2018-12-07,540.0,0.0,414.0,0,263.57,0.0,1,4.14,0.0,SPY181207P00262500,262.5,0,0.0,0.0,,0.0,expirationDay
2018-12-10,540.0,-9.0,0.0,0,264.07,0.0,1,3.8,3.89,SPY181228P00261000,261.0,0,0.0,0.0,,0.0,normalDay
2018-12-11,540.0,17.0,0.0,0,264.13,0.0,1,3.8,3.63,SPY181228P00261000,261.0,0,0.0,0.0,,0.0,normalDay
2018-12-12,540.0,69.0,0.0,0,265.46,0.0,1,3.8,3.11,SPY181228P00261000,261.0,0,0.0,0.0,,0.0,normalDay
2018-12-13,540.0,110.0,0.0,0,265.37,0.0,1,3.8,2.7,SPY181228P00261000,261.0,0,0.0,0.0,,0.0,normalDay
2018-12-14,540.0,-90.0,0.0,0,260.47,0.0,1,3.8,4.7,SPY181228P00261000,261.0,0,0.0,0.0,,0.0,normalDay
2018-12-17,540.0,-451.0,0.0,0,255.36,0.0,1,3.8,8.31,SPY181228P00261000,261.0,0,0.0,0.0,,0.0,normalDay
2018-12-18,540.0,-526.0,0.0,0,255.08,0.0,1,3.8,9.06,SPY181228P00261000,261.0,0,0.0,0.0,,0.0,normalDay
2018-12-19,540.0,-764.0,0.0,0,251.26,0.0,1,3.8,11.44,SPY181228P00261000,261.0,0,0.0,0.0,,0.0,normalDay
2018-12-20,540.0,-1094.0,0.0,0,247.17,0.0,1,3.8,14.74,SPY181228P00261000,261.0,0,0.0,0.0,,0.0,normalDay
2018-12-21,540.0,-1725.0,0.0,0,240.7,0.0,1,3.8,21.05,SPY181228P00261000,261.0,0,0.0,0.0,,0.0,normalDay
2018-12-24,540.0,-2510.0,0.0,0,234.34,0.0,1,3.8,28.9,SPY181228P00261000,261.0,0,0.0,0.0,,0.0,normalDay
2018-12-26,540.0,-1106.0,0.0,0,246.18,0.0,1,3.8,14.86,SPY181228P00261000,261.0,0,0.0,0.0,,0.0,normalDay
2018-12-27,540.0,-877.0,0.0,0,248.07,0.0,1,3.8,12.57,SPY181228P00261000,261.0,0,0.0,0.0,,0.0,normalDay
2018-12-28,920.0,-1325.0,380.0,100,247.75,261.0,1,3.8,0.0,SPY181228P00261000,261.0,0,0.0,0.0,,0.0,expirationDay
2018-12-31,920.0,-1108.0,0.0,100,249.92,261.0,0,0.0,0.0,,0.0,0,0.0,0.0,,0.0,bidTooLow
2019-01-02,920.0,-1082.0,0.0,100,250.18,261.0,0,0.0,0.0,,0.0,0,0.0,0.0,,0.0,bidTooLow
2019-01-03,920.0,-1679.0,0.0,100,244.21,261.0,0,0.0,0.0,,0.0,0,0.0,0.0,,0.0,bidTooLow
2019-01-04,920.0,-861.0,0.0,100,252.39,261.0,0,0.0,0.0,,0.0,0,0.0,0.0,,0.0,bidTooLow
2019-01-07,920.0,-665.0,0.0,100,254.38,261.0,0,0.0,0.0,,0.0,1,0.02,0.05,SPY190125C00275000,275.0,normalDay
2019-01-08,920.0,-428.0,0.0,100,256.77,261.0,0,0.0,0.0,,0.0,1,0.02,0.07,SPY190125C00275000,275.0,normalDay
2019-01-09,920.0,-308.0,0.0,100,257.97,261.0,0,0.0,0.0,,0.0,1,0.02,0.07,SPY190125C00275000,275.0,normalDay
2019-01-10,920.0,-217.0,0.0,100,258.88,261.0,0,0.0,0.0,,0.0,1,0.02,0.07,SPY190125C00275000,275.0,normalDay
2019-01-11,920.0,-204.0,0.0,100,258.98,261.0,0,0.0,0.0,,0.0,1,0.02,0.04,SPY190125C00275000,275.0,normalDay
2019-01-14,920.0,-361.0,0.0,100,257.4,261.0,0,0.0,0.0,,0.0,1,0.02,0.03,SPY190125C00275000,275.0,normalDay
2019-01-15,920.0,-67.0,0.0,100,260.35,261.0,0,0.0,0.0,,0.0,1,0.02,0.04,SPY190125C00275000,275.0,normalDay
2019-01-16,920.0,-5.0,0.0,100,260.98,261.0,0,0.0,0.0,,0.0,1,0.02,0.05,SPY190125C00275000,275.0,normalDay
2019-01-17,920.0,193.0,0.0,100,262.96,261.0,0,0.0,0.0,,0.0,1,0.02,0.05,SPY190125C00275000,275.0,normalDay
2019-01-18,920.0,536.0,0.0,100,266.46,261.0,0,0.0,0.0,,0.0,1,0.02,0.12,SPY190125C00275000,275.0,normalDay
2019-01-22,920.0,186.0,0.0,100,262.86,261.0,0,0.0,0.0,,0.0,1,0.02,0.02,SPY190125C00275000,275.0,normalDay
2019-01-23,920.0,242.0,0.0,100,263.41,261.0,0,0.0,0.0,,0.0,1,0.02,0.01,SPY190125C00275000,275.0,normalDay
2019-01-24,920.0,256.0,0.0,100,263.55,261.0,0,0.0,0.0,,0.0,1,0.02,0.01,SPY190125C00275000,275.0,normalDay
2019-01-25,922.0,478.0,2.0,100,265.78,261.0,0,0.0,0.0,,0.0,1,0.02,0.0,SPY190125C00275000,275.0,expirationDay
2019-01-28,922.0,273.0,0.0,100,263.76,261.0,0,0.0,0.0,,0.0,1,0.43,0.46,SPY190215C00274000,274.0,normalDay
2019-01-29,922.0,242.0,0.0,100,263.41,261.0,0,0.0,0.0,,0.0,1,0.43,0.42,SPY190215C00274000,274.0,normalDay
2019-01-30,922.0,608.0,0.0,100,267.58,261.0,0,0.0,0.0,,0.0,1,0.43,0.93,SPY190215C00274000,274.0,normalDay
2019-01-31,922.0,787.0,0.0,100,269.93,261.0,0,0.0,0.0,,0.0,1,0.43,1.49,SPY190215C00274000,274.0,normalDay
2019-02-01,922.0,831.0,0.0,100,270.06,261.0,0,0.0,0.0,,0.0,1,0.43,1.18,SPY190215C00274000,274.0,normalDay
2019-02-04,922.0,1002.0,0.0,100,271.96,261.0,0,0.0,0.0,,0.0,1,0.43,1.37,SPY190215C00274000,274.0,normalDay
2019-02-05,922.0,1082.0,0.0,100,273.1,261.0,0,0.0,0.0,,0.0,1,0.43,1.71,SPY190215C00274000,274.0,normalDay
2019-02-06,922.0,1080.0,0.0,100,272.74,261.0,0,0.0,0.0,,0.0,1,0.43,1.37,SPY190215C00274000,274.0,normalDay
2019-02-07,922.0,900.0,0.0,100,270.14,261.0,0,0.0,0.0,,0.0,1,0.43,0.57,SPY190215C00274000,274.0,normalDay
2019-02-08,922.0,943.0,0.0,100,270.47,261.0,0,0.0,0.0,,0.0,1,0.43,0.47,SPY190215C00274000,274.0,normalDay
2019-02-11,922.0,963.0,0.0,100,270.62,261.0,0,0.0,0.0,,0.0,1,0.43,0.42,SPY190215C00274000,274.0,normalDay
2019-02-12,922.0,1204.0,0.0,100,274.1,261.0,0,0.0,0.0,,0.0,1,0.43,1.49,SPY190215C00274000,274.0,normalDay
2019-02-13,922.0,1276.0,0.0,100,274.99,261.0,0,0.0,0.0,,0.0,1,0.43,1.66,SPY190215C00274000,274.0,normalDay
2019-02-14,922.0,1281.0,0.0,100,274.38,261.0,0,0.0,0.0,,0.0,1,0.43,1.0,SPY190215C00274000,274.0,normalDay
2019-02-15,2265.0,1281.0,1343.0,0,277.37,0.0,0,0.0,0.0,,0.0,1,0.43,0.0,SPY190215C00274000,274.0,expirationDay
2019-02-19,2265.0,-4.0,0.0,0,277.85,0.0,1,0.32,0.36,SPY190308P00261000,261.0,0,0.0,0.0,,0.0,normalDay
2019-02-20,2265.0,7.0,0.0,0,278.41,0.0,1,0.32,0.25,SPY190308P00261000,261.0,0,0.0,0.0,,0.0,normalDay
2019-02-21,2265.0,6.0,0.0,0,277.42,0.0,1,0.32,0.26,SPY190308P00261000,261.0,0,0.0,0.0,,0.0,normalDay
2019-02-22,2265.0,18.0,0.0,0,279.14,0.0,1,0.32,0.14,SPY190308P00261000,261.0,0,0.0,0.0,,0.0,normalDay
2019-02-25,2265.0,16.0,0.0,0,279.52,0.0,1,0.32,0.16,SPY190308P00261000,261.0,0,0.0,0.0,,0.0,normalDay
2019-02-26,2265.0,17.0,0.0,0,279.32,0.0,1,0.32,0.15,SPY190308P00261000,261.0,0,0.0,0.0,,0.0,normalDay
2019-02-27,2265.0,21.0,0.0,0,279.2,0.0,1,0.32,0.11,SPY190308P00261000,261.0,0,0.0,0.0,,0.0,normalDay
2019-02-28,2265.0,21.0,0.0,0,278.68,0.0,1,0.32,0.11,SPY190308P00261000,261.0,0,0.0,0.0,,0.0,normalDay
2019-03-01,2265.0,28.0,0.0,0,280.42,0.0,1,0.32,0.04,SPY190308P00261000,261.0,0,0.0,0.0,,0.0,normalDay
2019-03-04,2265.0,29.0,0.0,0,279.4,0.0,1,0.32,0.03,SPY190308P00261000,261.0,0,0.0,0.0,,0.0,normalDay
2019-03-05,2265.0,30.0,0.0,0,279.02,0.0,1,0.32,0.02,SPY190308P00261000,261.0,0,0.0,0.0,,0.0,normalDay
2019-03-06,2265.0,30.0,0.0,0,277.33,0.0,1,0.32,0.02,SPY190308P00261000,261.0,0,0.0,0.0,,0.0,normalDay
2019-03-07,2265.0,31.0,0.0,0,275.01,0.0,1,0.32,0.01,SPY190308P00261000,261.0,0,0.0,0.0,,0.0,normalDay
2019-03-08,2297.0,0.0,32.0,0,274.46,0.0,1,0.32,0.0,SPY190308P00261000,261.0,0,0.0,0.0,,0.0,expirationDay
2019-03-11,2297.0,-4.0,0.0,0,278.44,0.0,1,1.41,1.45,SPY190329P00272000,272.0,0,0.0,0.0,,0.0,normalDay
2019-03-12,2297.0,30.0,0.0,0,279.49,0.0,1,1.41,1.11,SPY190329P00272000,272.0,0,0.0,0.0,,0.0,normalDay
2019-03-13,2297.0,70.0,0.0,0,281.34,0.0,1,1.41,0.71,SPY190329P00272000,272.0,0,0.0,0.0,,0.0,normalDay
2019-03-14,2297.0,72.0,0.0,0,281.16,0.0,1,1.41,0.69,SPY190329P00272000,272.0,0,0.0,0.0,,0.0,normalDay
2019-03-15,2297.0,98.0,0.0,0,281.31,0.0,1,1.41,0.43,SPY190329P00272000,272.0,0,0.0,0.0,,0.0,normalDay
2019-03-18,2297.0,110.0,0.0,0,282.33,0.0,1,1.41,0.31,SPY190329P00272000,272.0,0,0.0,0.0,,0.0,normalDay
2019-03-19,2297.0,106.0,0.0,0,282.4,0.0,1,1.41,0.35,SPY190329P00272000,272.0,0,0.0,0.0,,0.0,normalDay
2019-03-20,2297.0,108.0,0.0,0,281.55,0.0,1,1.41,0.33,SPY190329P00272000,272.0,0,0.0,0.0,,0.0,normalDay
2019-03-21,2297.0,127.0,0.0,0,284.73,0.0,1,1.41,0.14,SPY190329P00272000,272.0,0,0.0,0.0,,0.0,normalDay
2019-03-22,2297.0,86.0,0.0,0,279.25,0.0,1,1.41,0.55,SPY190329P00272000,272.0,0,0.0,0.0,,0.0,normalDay
2019-03-25,2297.0,112.0,0.0,0,279.04,0.0,1,1.41,0.29,SPY190329P00272000,272.0,0,0.0,0.0,,0.0,normalDay
2019-03-26,2297.0,133.0,0.0,0,281.12,0.0,1,1.41,0.08,SPY190329P00272000,272.0,0,0.0,0.0,,0.0,normalDay
2019-03-27,2297.0,133.0,0.0,0,279.65,0.0,1,1.41,0.08,SPY190329P00272000,272.0,0,0.0,0.0,,0.0,normalDay
2019-03-28,2297.0,139.0,0.0,0,280.71,0.0,1,1.41,0.02,SPY190329P00272000,272.0,0,0.0,0.0,,0.0,normalDay
2019-03-29,2438.0,0.0,141.0,0,282.48,0.0,1,1.41,0.0,SPY190329P00272000,272.0,0,0.0,0.0,,0.0,expirationDay
2019-04-01,2438.0,-4.0,0.0,0,285.83,0.0,1,0.51,0.55,SPY190418P00275000,275.0,0,0.0,0.0,,0.0,normalDay
2019-04-02,2438.0,5.0,0.0,0,285.97,0.0,1,0.51,0.46,SPY190418P00275000,275.0,0,0.0,0.0,,0.0,normalDay
2019-04-03,2438.0,10.0,0.0,0,286.42,0.0,1,0.51,0.41,SPY190418P00275000,275.0,0,0.0,0.0,,0.0,normalDay
2019-04-04,2438.0,20.0,0.0,0,287.18,0.0,1,0.51,0.31,SPY190418P00275000,275.0,0,0.0,0.0,,0.0,normalDay
2019-04-05,2438.0,34.0,0.0,0,288.57,0.0,1,0.51,0.17,SPY190418P00275000,275.0,0,0.0,0.0,,0.0,normalDay
2019-04-08,2438.0,37.0,0.0,0,288.79,0.0,1,0.51,0.14,SPY190418P00275000,275.0,0,0.0,0.0,,0.0,normalDay
2019-04-09,2438.0,32.0,0.0,0,287.31,0.0,1,0.51,0.19,SPY190418P00275000,275.0,0,0.0,0.0,,0.0,normalDay
2019-04-10,2438.0,41.0,0.0,0,288.29,0.0,1,0.51,0.1,SPY190418P00275000,275.0,0,0.0,0.0,,0.0,normalDay
2019-04-11,2438.0,44.0,0.0,0,288.21,0.0,1,0.51,0.07,SPY190418P00275000,275.0,0,0.0,0.0,,0.0,normalDay
2019-04-12,2438.0,48.0,0.0,0,290.16,0.0,1,0.51,0.03,SPY190418P00275000,275.0,0,0.0,0.0,,0.0,normalDay
2019-04-15,2438.0,49.0,0.0,0,289.97,0.0,1,0.51,0.02,SPY190418P00275000,275.0,0,0.0,0.0,,0.0,normalDay
2019-04-16,2438.0,49.0,0.0,0,290.16,0.0,1,0.51,0.02,SPY190418P00275000,275.0,0,0.0,0.0,,0.0,normalDay
2019-04-17,2438.0,50.0,0.0,0,289.45,0.0,1,0.51,0.01,SPY190418P00275000,275.0,0,0.0,0.0,,0.0,normalDay
2019-04-18,2489.0,0.0,51.0,0,290.02,0.0,1,0.51,0.0,SPY190418P00275000,275.0,0,0.0,0.0,,0.0,expirationDay
2019-04-22,2489.0,-3.0,0.0,0,290.27,0.0,1,0.48,0.51,SPY190510P00279000,279.0,0,0.0,0.0,,0.0,normalDay
2019-04-23,2489.0,10.0,0.0,0,292.88,0.0,1,0.48,0.38,SPY190510P00279000,279.0,0,0.0,0.0,,0.0,normalDay
2019-04-24,2489.0,4.0,0.0,0,292.23,0.0,1,0.48,0.44,SPY190510P00279000,279.0,0,0.0,0.0,,0.0,normalDay
2019-04-25,2489.0,7.0,0.0,0,292.05,0.0,1,0.48,0.41,SPY190510P00279000,279.0,0,0.0,0.0,,0.0,normalDay
2019-04-26,2489.0,18.0,0.0,0,293.41,0.0,1,0.48,0.3,SPY190510P00279000,279.0,0,0.0,0.0,,0.0,normalDay
2019-04-29,2489.0,25.0,0.0,0,293.87,0.0,1,0.48,0.23,SPY190510P00279000,279.0,0,0.0,0.0,,0.0,normalDay
2019-04-30,2489.0,26.0,0.0,0,294.02,0.0,1,0.48,0.22,SPY190510P00279000,279.0,0,0.0,0.0,,0.0,normalDay
2019-05-01,2489.0,14.0,0.0,0,291.81,0.0,1,0.48,0.34,SPY190510P00279000,279.0,0,0.0,0.0,,0.0,normalDay
2019-05-02,2489.0,22.0,0.0,0,291.18,0.0,1,0.48,0.26,SPY190510P00279000,279.0,0,0.0,0.0,,0.0,normalDay
2019-05-03,2489.0,41.0,0.0,0,294.03,0.0,1,0.48,0.07,SPY190510P00279000,279.0,0,0.0,0.0,,0.0,normalDay
2019-05-06,2489.0,36.0,0.0,0,292.82,0.0,1,0.48,0.12,SPY190510P00279000,279.0,0,0.0,0.0,,0.0,normalDay
2019-05-07,2489.0,4.0,0.0,0,287.93,0.0,1,0.48,0.44,SPY190510P00279000,279.0,0,0.0,0.0,,0.0,normalDay
2019-05-08,2489.0,13.0,0.0,0,287.53,0.0,1,0.48,0.35,SPY190510P00279000,279.0,0,0.0,0.0,,0.0,normalDay
2019-05-09,2489.0,14.0,0.0,0,286.66,0.0,1,0.48,0.34,SPY190510P00279000,279.0,0,0.0,0.0,,0.0,normalDay
2019-05-10,2537.0,0.0,48.0,0,288.1,0.0,1,0.48,0.0,SPY190510P00279000,279.0,0,0.0,0.0,,0.0,expirationDay
2019-05-13,2537.0,-7.0,0.0,0,280.86,0.0,1,6.11,6.18,SPY190531P00284000,284.0,0,0.0,0.0,,0.0,normalDay
2019-05-14,2537.0,184.0,0.0,0,283.4,0.0,1,6.11,4.27,SPY190531P00284000,284.0,0,0.0,0.0,,0.0,normalDay
2019-05-15,2537.0,310.0,0.0,0,285.06,0.0,1,6.11,3.01,SPY190531P00284000,284.0,0,0.0,0.0,,0.0,normalDay
2019-05-16,2537.0,417.0,0.0,0,287.7,0.0,1,6.11,1.94,SPY190531P00284000,284.0,0,0.0,0.0,,0.0,normalDay
2019-05-17,2537.0,354.0,0.0,0,285.84,0.0,1,6.11,2.57,SPY190531P00284000,284.0,0,0.0,0.0,,0.0,normalDay
2019-05-20,2537.0,316.0,0.0,0,283.95,0.0,1,6.11,2.95,SPY190531P00284000,284.0,0,0.0,0.0,,0.0,normalDay
2019-05-21,2537.0,449.0,0.0,0,286.51,0.0,1,6.11,1.62,SPY190531P00284000,284.0,0,0.0,0.0,,0.0,normalDay
2019-05-22,2537.0,442.0,0.0,0,285.63,0.0,1,6.11,1.69,SPY190531P00284000,284.0,0,0.0,0.0,,0.0,normalDay
2019-05-23,2537.0,246.0,0.0,0,282.14,0.0,1,6.11,3.65,SPY190531P00284000,284.0,0,0.0,0.0,,0.0,normalDay
2019-05-24,2537.0,337.0,0.0,0,282.78,0.0,1,6.11,2.74,SPY190531P00284000,284.0,0,0.0,0.0,,0.0,normalDay
2019-05-28,2537.0,205.0,0.0,0,280.15,0.0,1,6.11,4.06,SPY190531P00284000,284.0,0,0.0,0.0,,0.0,normalDay
2019-05-29,2537.0,28.0,0.0,0,278.27,0.0,1,6.11,5.83,SPY190531P00284000,284.0,0,0.0,0.0,,0.0,normalDay
2019-05-30,2537.0,102.0,0.0,0,279.03,0.0,1,6.11,5.09,SPY190531P00284000,284.0,0,0.0,0.0,,0.0,normalDay
2019-05-31,3148.0,-873.0,611.0,100,275.27,284.0,1,6.11,0.0,SPY190531P00284000,284.0,0,0.0,0.0,,0.0,expirationDay
2019-06-03,3148.0,-946.0,0.0,100,274.57,284.0,0,0.0,0.0,,0.0,1,0.01,0.04,SPY190621C00295000,295.0,normalDay
2019-06-04,3148.0,-355.0,0.0,100,280.53,284.0,0,0.0,0.0,,0.0,1,0.01,0.09,SPY190621C00295000,295.0,normalDay
2019-06-05,3148.0,-118.0,0.0,100,282.96,284.0,0,0.0,0.0,,0.0,1,0.01,0.15,SPY190621C00295000,295.0,normalDay
2019-06-06,3148.0,56.0,0.0,100,284.8,284.0,0,0.0,0.0,,0.0,1,0.01,0.25,SPY190621C00295000,295.0,normalDay
2019-06-07,3148.0,314.0,0.0,100,287.65,284.0,0,0.0,0.0,,0.0,1,0.01,0.52,SPY190621C00295000,295.0,normalDay
2019-06-10,3148.0,439.0,0.0,100,288.97,284.0,0,0.0,0.0,,0.0,1,0.01,0.59,SPY190621C00295000,295.0,normalDay
2019-06-11,3148.0,444.0,0.0,100,288.9,284.0,0,0.0,0.0,,0.0,1,0.01,0.47,SPY190621C00295000,295.0,normalDay
2019-06-12,3148.0,412.0,0.0,100,288.39,284.0,0,0.0,0.0,,0.0,1,0.01,0.28,SPY190621C00295000,295.0,normalDay
2019-06-13,3148.0,522.0,0.0,100,289.58,284.0,0,0.0,0.0,,0.0,1,0.01,0.37,SPY190621C00295000,295.0,normalDay
2019-06-14,3148.0,509.0,0.0,100,289.26,284.0,0,0.0,0.0,,0.0,1,0.01,0.18,SPY190621C00295000,295.0,normalDay
2019-06-17,3148.0,526.0,0.0,100,289.37,284.0,0,0.0,0.0,,0.0,1,0.01,0.12,SPY190621C00295000,295.0,normalDay
2019-06-18,3148.0,785.0,0.0,100,292.4,284.0,0,0.0,0.0,,0.0,1,0.01,0.56,SPY190621C00295000,295.0,normalDay
2019-06-19,3148.0,871.0,0.0,100,293.06,284.0,0,0.0,0.0,,0.0,1,0.01,0.36,SPY190621C00295000,295.0,normalDay
2019-06-20,3148.0,1081.0,0.0,100,295.86,284.0,0,0.0,0.0,,0.0,1,0.01,1.06,SPY190621C00295000,295.0,normalDay
2019-06-21,3149.0,1000.0,1.0,100,294.0,284.0,0,0.0,0.0,,0.0,1,0.01,0.0,SPY190621C00295000,295.0,expirationDay
2019-06-24,3149.0,960.0,0.0,100,293.64,284.0,0,0.0,0.0,,0.0,1,0.54,0.58,SPY190712C00302500,302.5,normalDay
2019-06-25,3149.0,706.0,0.0,100,290.76,284.0,0,0.0,0.0,,0.0,1,0.54,0.24,SPY190712C00302500,302.5,normalDay
2019-06-26,3149.0,684.0,0.0,100,290.47,284.0,0,0.0,0.0,,0.0,1,0.54,0.17,SPY190712C00302500,302.5,normalDay
2019-06-27,3149.0,783.0,0.0,100,291.5,284.0,0,0.0,0.0,,0.0,1,0.54,0.21,SPY190712C00302500,302.5,normalDay
2019-06-28,3149.0,919.0,0.0,100,293.0,284.0,0,0.0,0.0,,0.0,1,0.54,0.35,SPY190712C00302500,302.5,normalDay
2019-07-01,3149.0,1202.0,0.0,100,295.66,284.0,0,0.0,0.0,,0.0,1,0.54,0.18,SPY190712C00302500,302.5,normalDay
2019-07-02,3149.0,1286.0,0.0,100,296.43,284.0,0,0.0,0.0,,0.0,1,0.54,0.11,SPY190712C00302500,302.5,normalDay
2019-07-03,3149.0,1497.0,0.0,100,298.8,284.0,0,0.0,0.0,,0.0,1,0.54,0.37,SPY190712C00302500,302.5,normalDay
2019-07-05,3149.0,1485.0,0.0,100,298.46,284.0,0,0.0,0.0,,0.0,1,0.54,0.15,SPY190712C00302500,302.5,normalDay
2019-07-08,3149.0,1332.0,0.0,100,296.82,284.0,0,0.0,0.0,,0.0,1,0.54,0.04,SPY190712C00302500,302.5,normalDay
2019-07-09,3149.0,1369.0,0.0,100,297.19,284.0,0,0.0,0.0,,0.0,1,0.54,0.04,SPY190712C00302500,302.5,normalDay
2019-07-10,3149.0,1511.0,0.0,100,298.61,284.0,0,0.0,0.0,,0.0,1,0.54,0.04,SPY190712C00302500,302.5,normalDay
2019-07-11,3149.0,1584.0,0.0,100,299.31,284.0,0,0.0,0.0,,0.0,1,0.54,0.01,SPY190712C00302500,302.5,normalDay
2019-07-12,3203.0,1665.0,54.0,100,300.65,284.0,0,0.0,0.0,,0.0,1,0.54,0.0,SPY190712C00302500,302.5,expirationDay
2019-07-15,3203.0,1672.0,0.0,100,300.75,284.0,0,0.0,0.0,,0.0,1,1.28,1.31,SPY190802C00304000,304.0,normalDay
2019-07-16,3203.0,1609.0,0.0,100,299.78,284.0,0,0.0,0.0,,0.0,1,1.28,0.97,SPY190802C00304000,304.0,normalDay
2019-07-17,3203.0,1451.0,0.0,100,297.74,284.0,0,0.0,0.0,,0.0,1,1.28,0.51,SPY190802C00304000,304.0,normalDay
2019-07-18,3203.0,1536.0,0.0,100,298.83,284.0,0,0.0,0.0,,0.0,1,1.28,0.75,SPY190802C00304000,304.0,normalDay
2019-07-19,3203.0,1410.0,0.0,100,297.17,284.0,0,0.0,0.0,,0.0,1,1.28,0.35,SPY190802C00304000,304.0,normalDay
2019-07-22,3203.0,1490.0,0.0,100,297.9,284.0,0,0.0,0.0,,0.0,1,1.28,0.28,SPY190802C00304000,304.0,normalDay
2019-07-23,3203.0,1673.0,0.0,100,300.03,284.0,0,0.0,0.0,,0.0,1,1.28,0.58,SPY190802C00304000,304.0,normalDay
2019-07-24,3203.0,1782.0,0.0,100,301.44,284.0,0,0.0,0.0,,0.0,1,1.28,0.9,SPY190802C00304000,304.0,normalDay
2019-07-25,3203.0,1681.0,0.0,100,300.0,284.0,0,0.0,0.0,,0.0,1,1.28,0.47,SPY190802C00304000,304.0,normalDay
2019-07-26,3203.0,1843.0,0.0,100,302.01,284.0,0,0.0,0.0,,0.0,1,1.28,0.86,SPY190802C00304000,304.0,normalDay
2019-07-29,3203.0,1809.0,0.0,100,301.46,284.0,0,0.0,0.0,,0.0,1,1.28,0.65,SPY190802C00304000,304.0,normalDay
2019-07-30,3203.0,1746.0,0.0,100,300.72,284.0,0,0.0,0.0,,0.0,1,1.28,0.54,SPY190802C00304000,304.0,normalDay
2019-07-31,3203.0,1466.0,0.0,100,297.43,284.0,0,0.0,0.0,,0.0,1,1.28,0.05,SPY190802C00304000,304.0,normalDay
2019-08-01,3203.0,1210.0,0.0,100,294.84,284.0,0,0.0,0.0,,0.0,1,1.28,0.02,SPY190802C00304000,304.0,normalDay
2019-08-02,3331.0,862.0,128.0,100,292.62,284.0,0,0.0,0.0,,0.0,1,1.28,0.0,SPY190802C00304000,304.0,expirationDay
2019-08-05,3331.0,-18.0,0.0,100,283.82,284.0,0,0.0,0.0,,0.0,0,0.0,0.0,,0.0,bidTooLow
2019-08-06,3331.0,380.0,0.0,100,287.8,284.0,0,0.0,0.0,,0.0,0,0.0,0.0,,0.0,bidTooLow
2019-08-07,3331.0,397.0,0.0,100,287.97,284.0,0,0.0,0.0,,0.0,0,0.0,0.0,,0.0,bidTooLow
2019-08-08,3331.0,959.0,0.0,100,293.62,284.0,0,0.0,0.0,,0.0,1,0.01,0.04,SPY190826C00310000,310.0,normalDay
2019-08-09,3331.0,760.0,0.0,100,291.62,284.0,0,0.0,0.0,,0.0,1,0.01,0.03,SPY190826C00310000,310.0,normalDay
2019-08-12,3331.0,406.0,0.0,100,288.07,284.0,0,0.0,0.0,,0.0,1,0.01,0.02,SPY190826C00310000,310.0,normalDay
2019-08-13,3331.0,854.0,0.0,100,292.55,284.0,0,0.0,0.0,,0.0,1,0.01,0.02,SPY190826C00310000,310.0,normalDay
2019-08-14,3331.0,-10.0,0.0,100,283.9,284.0,0,0.0,0.0,,0.0,1,0.01,0.01,SPY190826C00310000,310.0,normalDay
2019-08-15,3331.0,65.0,0.0,100,284.65,284.0,0,0.0,0.0,,0.0,1,0.01,0.01,SPY190826C00310000,310.0,normalDay
2019-08-16,3331.0,485.0,0.0,100,288.85,284.0,0,0.0,0.0,,0.0,1,0.01,0.01,SPY190826C00310000,310.0,normalDay
2019-08-19,3331.0,833.0,0.0,100,292.33,284.0,0,0.0,0.0,,0.0,1,0.01,0.01,SPY190826C00310000,310.0,normalDay
2019-08-20,3331.0,609.0,0.0,100,290.09,284.0,0,0.0,0.0,,0.0,1,0.01,0.01,SPY190826C00310000,310.0,normalDay
2019-08-21,3331.0,845.0,0.0,100,292.45,284.0,0,0.0,0.0,,0.0,1,0.01,0.01,SPY190826C00310000,310.0,normalDay
2019-08-22,3331.0,836.0,0.0,100,292.36,284.0,0,0.0,0.0,,0.0,1,0.01,0.01,SPY190826C00310000,310.0,normalDay
2019-08-23,3331.0,85.0,0.0,100,284.85,284.0,0,0.0,0.0,,0.0,1,0.01,0.01,SPY190826C00310000,310.0,normalDay
2019-08-26,3332.0,400.0,1.0,100,288.0,284.0,0,0.0,0.0,,0.0,1,0.01,0.0,SPY190826C00310000,310.0,expirationDay
2019-08-27,3332.0,284.0,0.0,100,286.87,284.0,0,0.0,0.0,,0.0,1,0.28,0.31,SPY190913C00299000,299.0,normalDay
2019-08-28,3332.0,476.0,0.0,100,288.89,284.0,0,0.0,0.0,,0.0,1,0.28,0.41,SPY190913C00299000,299.0,normalDay
2019-08-29,3332.0,808.0,0.0,100,292.58,284.0,0,0.0,0.0,,0.0,1,0.28,0.78,SPY190913C00299000,299.0,normalDay
2019-08-30,3332.0,794.0,0.0,100,292.45,284.0,0,0.0,0.0,,0.0,1,0.28,0.79,SPY190913C00299000,299.0,normalDay
2019-09-03,3332.0,676.0,0.0,100,290.74,284.0,0,0.0,0.0,,0.0,1,0.28,0.26,SPY190913C00299000,299.0,normalDay
2019-09-04,3332.0,982.0,0.0,100,294.04,284.0,0,0.0,0.0,,0.0,1,0.28,0.5,SPY190913C00299000,299.0,normalDay
2019-09-05,3332.0,1272.0,0.0,100,297.82,284.0,0,0.0,0.0,,0.0,1,0.28,1.38,SPY190913C00299000,299.0,normalDay
2019-09-06,3332.0,1301.0,0.0,100,298.05,284.0,0,0.0,0.0,,0.0,1,0.28,1.32,SPY190913C00299000,299.0,normalDay
2019-09-09,3332.0,1351.0,0.0,100,298.2,284.0,0,0.0,0.0,,0.0,1,0.28,0.97,SPY190913C00299000,299.0,normalDay
2019-09-10,3332.0,1362.0,0.0,100,298.13,284.0,0,0.0,0.0,,0.0,1,0.28,0.79,SPY190913C00299000,299.0,normalDay
2019-09-11,3332.0,1453.0,0.0,100,300.25,284.0,0,0.0,0.0,,0.0,1,0.28,2.0,SPY190913C00299000,299.0,normalDay
2019-09-12,3332.0,1484.0,0.0,100,301.29,284.0,0,0.0,0.0,,0.0,1,0.28,2.73,SPY190913C00299000,299.0,normalDay
2019-09-13,4860.0,1484.0,1528.0,0,301.09,0.0,0,0.0,0.0,,0.0,1,0.28,0.0,SPY190913C00299000,299.0,expirationDay
2019-09-16,4860.0,-4.0,0.0,0,300.16,0.0,1,0.59,0.63,SPY191004P00284000,284.0,0,0.0,0.0,,0.0,normalDay
2019-09-17,4860.0,5.0,0.0,0,300.92,0.0,1,0.59,0.54,SPY191004P00284000,284.0,0,0.0,0.0,,0.0,normalDay
2019-09-18,4860.0,13.0,0.0,0,301.1,0.0,1,0.59,0.46,SPY191004P00284000,284.0,0,0.0,0.0,,0.0,normalDay
2019-09-19,4860.0,17.0,0.0,0,301.08,0.0,1,0.59,0.42,SPY191004P00284000,284.0,0,0.0,0.0,,0.0,normalDay
2019-09-20,4860.0,3.0,0.0,0,298.28,0.0,1,0.59,0.56,SPY191004P00284000,284.0,0,0.0,0.0,,0.0,normalDay
2019-09-23,4860.0,24.0,0.0,0,298.21,0.0,1,0.59,0.35,SPY191004P00284000,284.0,0,0.0,0.0,,0.0,normalDay
2019-09-24,4860.0,-5.0,0.0,0,295.87,0.0,1,0.59,0.64,SPY191004P00284000,284.0,0,0.0,0.0,,0.0,normalDay
2019-09-25,4860.0,22.0,0.0,0,297.62,0.0,1,0.59,0.37,SPY191004P00284000,284.0,0,0.0,0.0,,0.0,normalDay
2019-09-26,4860.0,30.0,0.0,0,297.0,0.0,1,0.59,0.29,SPY191004P00284000,284.0,0,0.0,0.0,,0.0,normalDay
2019-09-27,4860.0,23.0,0.0,0,295.4,0.0,1,0.59,0.36,SPY191004P00284000,284.0,0,0.0,0.0,,0.0,normalDay
2019-09-30,4860.0,49.0,0.0,0,296.77,0.0,1,0.59,0.1,SPY191004P00284000,284.0,0,0.0,0.0,,0.0,normalDay
2019-10-01,4860.0,38.0,0.0,0,293.24,0.0,1,0.59,0.21,SPY191004P00284000,284.0,0,0.0,0.0,,0.0,normalDay
2019-10-02,4860.0,-19.0,0.0,0,288.06,0.0,1,0.59,0.78,SPY191004P00284000,284.0,0,0.0,0.0,,0.0,normalDay
2019-10-03,4860.0,47.0,0.0,0,290.42,0.0,1,0.59,0.12,SPY191004P00284000,284.0,0,0.0,0.0,,0.0,normalDay
2019-10-04,4919.0,0.0,59.0,0,294.35,0.0,1,0.59,0.0,SPY191004P00284000,284.0,0,0.0,0.0,,0.0,expirationDay
2019-10-07,4919.0,-5.0,0.0,0,293.08,0.0,1,3.15,3.2,SPY191025P00290000,290.0,0,0.0,0.0,,0.0,normalDay
2019-10-08,4919.0,-215.0,0.0,0,288.53,0.0,1,3.15,5.3,SPY191025P00290000,290.0,0,0.0,0.0,,0.0,normalDay
2019-10-09,4919.0,-61.0,0.0,0,291.27,0.0,1,3.15,3.76,SPY191025P00290000,290.0,0,0.0,0.0,,0.0,normalDay
2019-10-10,4919.0,43.0,0.0,0,293.24,0.0,1,3.15,2.72,SPY191025P00290000,290.0,0,0.0,0.0,,0.0,normalDay
2019-10-11,4919.0,171.0,0.0,0,296.28,0.0,1,3.15,1.44,SPY191025P00290000,290.0,0,0.0,0.0,,0.0,normalDay
2019-10-14,4919.0,206.0,0.0,0,295.95,0.0,1,3.15,1.09,SPY191025P00290000,290.0,0,0.0,0.0,,0.0,normalDay
2019-10-15,4919.0,270.0,0.0,0,298.88,0.0,1,3.15,0.45,SPY191025P00290000,290.0,0,0.0,0.0,,0.0,normalDay
2019-10-16,4919.0,277.0,0.0,0,298.4,0.0,1,3.15,0.38,SPY191025P00290000,290.0,0,0.0,0.0,,0.0,normalDay
2019-10-17,4919.0,291.0,0.0,0,299.28,0.0,1,3.15,0.24,SPY191025P00290000,290.0,0,0.0,0.0,,0.0,normalDay
2019-10-18,4919.0,292.0,0.0,0,297.97,0.0,1,3.15,0.23,SPY191025P00290000,290.0,0,0.0,0.0,,0.0,normalDay
2019-10-21,4919.0,309.0,0.0,0,299.99,0.0,1,3.15,0.06,SPY191025P00290000,290.0,0,0.0,0.0,,0.0,normalDay
2019-10-22,4919.0,308.0,0.0,0,299.01,0.0,1,3.15,0.07,SPY191025P00290000,290.0,0,0.0,0.0,,0.0,normalDay
2019-10-23,4919.0,312.0,0.0,0,299.88,0.0,1,3.15,0.03,SPY191025P00290000,290.0,0,0.0,0.0,,0.0,normalDay
2019-10-24,4919.0,314.0,0.0,0,300.37,0.0,1,3.15,0.01,SPY191025P00290000,290.0,0,0.0,0.0,,0.0,normalDay
2019-10-25,5234.0,0.0,315.0,0,301.6,0.0,1,3.15,0.0,SPY191025P00290000,290.0,0,0.0,0.0,,0.0,expirationDay
2019-10-28,5234.0,-4.0,0.0,0,303.3,0.0,1,0.36,0.4,SPY191115P00288000,288.0,0,0.0,0.0,,0.0,normalDay
2019-10-29,5234.0,-1.0,0.0,0,303.21,0.0,1,0.36,0.37,SPY191115P00288000,288.0,0,0.0,0.0,,0.0,normalDay
2019-10-30,5234.0,11.0,0.0,0,304.14,0.0,1,0.36,0.25,SPY191115P00288000,288.0,0,0.0,0.0,,0.0,normalDay
2019-10-31,5234.0,2.0,0.0,0,303.33,0.0,1,0.36,0.34,SPY191115P00288000,288.0,0,0.0,0.0,,0.0,normalDay
2019-11-01,5234.0,21.0,0.0,0,306.14,0.0,1,0.36,0.15,SPY191115P00288000,288.0,0,0.0,0.0,,0.0,normalDay
2019-11-04,5234.0,25.0,0.0,0,307.37,0.0,1,0.36,0.11,SPY191115P00288000,288.0,0,0.0,0.0,,0.0,normalDay
2019-11-05,5234.0,26.0,0.0,0,307.03,0.0,1,0.36,0.1,SPY191115P00288000,288.0,0,0.0,0.0,,0.0,normalDay
2019-11-06,5234.0,30.0,0.0,0,307.1,0.0,1,0.36,0.06,SPY191115P00288000,288.0,0,0.0,0.0,,0.0,normalDay
2019-11-07,5234.0,32.0,0.0,0,308.18,0.0,1,0.36,0.04,SPY191115P00288000,288.0,0,0.0,0.0,,0.0,normalDay
2019-11-08,5234.0,33.0,0.0,0,308.94,0.0,1,0.36,0.03,SPY191115P00288000,288.0,0,0.0,0.0,,0.0,normalDay
2019-11-11,5234.0,34.0,0.0,0,308.35,0.0,1,0.36,0.02,SPY191115P00288000,288.0,0,0.0,0.0,,0.0,normalDay
2019-11-12,5234.0,34.0,0.0,0,309.0,0.0,1,0.36,0.02,SPY191115P00288000,288.0,0,0.0,0.0,,0.0,normalDay
2019-11-13,5234.0,34.0,0.0,0,309.1,0.0,1,0.36,0.02,SPY191115P00288000,288.0,0,0.0,0.0,,0.0,normalDay
2019-11-14,5234.0,35.0,0.0,0,309.55,0.0,1,0.36,0.01,SPY191115P00288000,288.0,0,0.0,0.0,,0.0,normalDay
2019-11-15,5270.0,0.0,36.0,0,311.79,0.0,1,0.36,0.0,SPY191115P00288000,288.0,0,0.0,0.0,,0.0,expirationDay
2019-11-18,5270.0,-3.0,0.0,0,312.02,0.0,1,0.46,0.49,SPY191206P00299000,299.0,0,0.0,0.0,,0.0,normalDay
2019-11-19,5270.0,-2.0,0.0,0,311.93,0.0,1,0.46,0.48,SPY191206P00299000,299.0,0,0.0,0.0,,0.0,normalDay
2019-11-20,5270.0,-9.0,0.0,0,310.77,0.0,1,0.46,0.55,SPY191206P00299000,299.0,0,0.0,0.0,,0.0,normalDay
2019-11-21,5270.0,-8.0,0.0,0,310.27,0.0,1,0.46,0.54,SPY191206P00299000,299.0,0,0.0,0.0,,0.0,normalDay
2019-11-22,5270.0,11.0,0.0,0,310.96,0.0,1,0.46,0.35,SPY191206P00299000,299.0,0,0.0,0.0,,0.0,normalDay
2019-11-25,5270.0,29.0,0.0,0,313.37,0.0,1,0.46,0.17,SPY191206P00299000,299.0,0,0.0,0.0,,0.0,normalDay
2019-11-26,5270.0,33.0,0.0,0,314.08,0.0,1,0.46,0.13,SPY191206P00299000,299.0,0,0.0,0.0,,0.0,normalDay
2019-11-27,5270.0,37.0,0.0,0,315.48,0.0,1,0.46,0.09,SPY191206P00299000,299.0,0,0.0,0.0,,0.0,normalDay
2019-11-29,5270.0,35.0,0.0,0,314.31,0.0,1,0.46,0.11,SPY191206P00299000,299.0,0,0.0,0.0,,0.0,normalDay
2019-12-02,5270.0,32.0,0.0,0,311.64,0.0,1,0.46,0.14,SPY191206P00299000,299.0,0,0.0,0.0,,0.0,normalDay
2019-12-03,5270.0,32.0,0.0,0,309.55,0.0,1,0.46,0.14,SPY191206P00299000,299.0,0,0.0,0.0,,0.0,normalDay
2019-12-04,5270.0,42.0,0.0,0,311.46,0.0,1,0.46,0.04,SPY191206P00299000,299.0,0,0.0,0.0,,0.0,normalDay
2019-12-05,5270.0,45.0,0.0,0,312.02,0.0,1,0.46,0.01,SPY191206P00299000,299.0,0,0.0,0.0,,0.0,normalDay
2019-12-06,5316.0,0.0,46.0,0,314.87,0.0,1,0.46,0.0,SPY191206P00299000,299.0,0,0.0,0.0,,0.0,expirationDay
2019-12-09,5316.0,-4.0,0.0,0,313.88,0.0,1,2.3,2.34,SPY191227P00308000,308.0,0,0.0,0.0,,0.0,normalDay
2019-12-10,5316.0,12.0,0.0,0,313.53,0.0,1,2.3,2.18,SPY191227P00308000,308.0,0,0.0,0.0,,0.0,normalDay
2019-12-11,5316.0,56.0,0.0,0,314.42,0.0,1,2.3,1.74,SPY191227P00308000,308.0,0,0.0,0.0,,0.0,normalDay
2019-12-12,5316.0,119.0,0.0,0,317.13,0.0,1,2.3,1.11,SPY191227P00308000,308.0,0,0.0,0.0,,0.0,normalDay
2019-12-13,5316.0,157.0,0.0,0,317.32,0.0,1,2.3,0.73,SPY191227P00308000,308.0,0,0.0,0.0,,0.0,normalDay
2019-12-16,5316.0,192.0,0.0,0,319.5,0.0,1,2.3,0.38,SPY191227P00308000,308.0,0,0.0,0.0,,0.0,normalDay
2019-12-17,5316.0,200.0,0.0,0,319.57,0.0,1,2.3,0.3,SPY191227P00308000,308.0,0,0.0,0.0,,0.0,normalDay
2019-12-18,5316.0,209.0,0.0,0,319.59,0.0,1,2.3,0.21,SPY191227P00308000,308.0,0,0.0,0.0,,0.0,normalDay
2019-12-19,5316.0,219.0,0.0,0,320.9,0.0,1,2.3,0.11,SPY191227P00308000,308.0,0,0.0,0.0,,0.0,normalDay
2019-12-20,5316.0,224.0,0.0,0,320.73,0.0,1,2.3,0.06,SPY191227P00308000,308.0,0,0.0,0.0,,0.0,normalDay
2019-12-23,5316.0,227.0,0.0,0,321.22,0.0,1,2.3,0.03,SPY191227P00308000,308.0,0,0.0,0.0,,0.0,normalDay
2019-12-24,5316.0,228.0,0.0,0,321.23,0.0,1,2.3,0.02,SPY191227P00308000,308.0,0,0.0,0.0,,0.0,normalDay
2019-12-26,5316.0,229.0,0.0,0,322.94,0.0,1,2.3,0.01,SPY191227P00308000,308.0,0,0.0,0.0,,0.0,normalDay
2019-12-27,5546.0,0.0,230.0,0,322.86,0.0,1,2.3,0.0,SPY191227P00308000,308.0,0,0.0,0.0,,0.0,expirationDay
2019-12-30,5546.0,-3.0,0.0,0,321.08,0.0,1,0.93,0.96,SPY200117P00309000,309.0,0,0.0,0.0,,0.0,normalDay
2019-12-31,5546.0,22.0,0.0,0,321.86,0.0,1,0.93,0.71,SPY200117P00309000,309.0,0,0.0,0.0,,0.0,normalDay
2020-01-02,5546.0,62.0,0.0,0,324.87,0.0,1,0.93,0.31,SPY200117P00309000,309.0,0,0.0,0.0,,0.0,normalDay
2020-01-03,5546.0,39.0,0.0,0,322.41,0.0,1,0.93,0.54,SPY200117P00309000,309.0,0,0.0,0.0,,0.0,normalDay
2020-01-06,5546.0,66.0,0.0,0,323.64,0.0,1,0.93,0.27,SPY200117P00309000,309.0,0,0.0,0.0,,0.0,normalDay
2020-01-07,5546.0,65.0,0.0,0,322.73,0.0,1,0.93,0.28,SPY200117P00309000,309.0,0,0.0,0.0,,0.0,normalDay
2020-01-08,5546.0,73.0,0.0,0,324.45,0.0,1,0.93,0.2,SPY200117P00309000,309.0,0,0.0,0.0,,0.0,normalDay
2020-01-09,5546.0,82.0,0.0,0,326.65,0.0,1,0.93,0.11,SPY200117P00309000,309.0,0,0.0,0.0,,0.0,normalDay
2020-01-10,5546.0,86.0,0.0,0,325.71,0.0,1,0.93,0.07,SPY200117P00309000,309.0,0,0.0,0.0,,0.0,normalDay
2020-01-13,5546.0,89.0,0.0,0,327.95,0.0,1,0.93,0.04,SPY200117P00309000,309.0,0,0.0,0.0,,0.0,normalDay
2020-01-14,5546.0,90.0,0.0,0,327.45,0.0,1,0.93,0.03,SPY200117P00309000,309.0,0,0.0,0.0,,0.0,normalDay
2020-01-15,5546.0,91.0,0.0,0,328.19,0.0,1,0.93,0.02,SPY200117P00309000,309.0,0,0.0,0.0,,0.0,normalDay
2020-01-16,5546.0,92.0,0.0,0,330.92,0.0,1,0.93,0.01,SPY200117P00309000,309.0,0,0.0,0.0,,0.0,normalDay
2020-01-17,5639.0,0.0,93.0,0,331.95,0.0,1,0.93,0.0,SPY200117P00309000,309.0,0,0.0,0.0,,0.0,expirationDay
2020-01-21,5639.0,-3.0,0.0,0,331.3,0.0,1,0.65,0.68,SPY200207P00318000,318.0,0,0.0,0.0,,0.0,normalDay
2020-01-22,5639.0,2.0,0.0,0,331.34,0.0,1,0.65,0.63,SPY200207P00318000,318.0,0,0.0,0.0,,0.0,normalDay
2020-01-23,5639.0,9.0,0.0,0,331.72,0.0,1,0.65,0.56,SPY200207P00318000,318.0,0,0.0,0.0,,0.0,normalDay
2020-01-24,5639.0,-35.0,0.0,0,328.77,0.0,1,0.65,1.0,SPY200207P00318000,318.0,0,0.0,0.0,,0.0,normalDay
2020-01-27,5639.0,-189.0,0.0,0,323.5,0.0,1,0.65,2.54,SPY200207P00318000,318.0,0,0.0,0.0,,0.0,normalDay
2020-01-28,5639.0,-66.0,0.0,0,326.89,0.0,1,0.65,1.31,SPY200207P00318000,318.0,0,0.0,0.0,,0.0,normalDay
2020-01-29,5639.0,-56.0,0.0,0,326.62,0.0,1,0.65,1.21,SPY200207P00318000,318.0,0,0.0,0.0,,0.0,normalDay
2020-01-30,5639.0,-2.0,0.0,0,327.68,0.0,1,0.65,0.67,SPY200207P00318000,318.0,0,0.0,0.0,,0.0,normalDay
2020-01-31,5639.0,-164.0,0.0,0,321.73,0.0,1,0.65,2.29,SPY200207P00318000,318.0,0,0.0,0.0,,0.0,normalDay
2020-02-03,5639.0,-46.0,0.0,0,324.12,0.0,1,0.65,1.11,SPY200207P00318000,318.0,0,0.0,0.0,,0.0,normalDay
2020-02-04,5639.0,50.0,0.0,0,329.06,0.0,1,0.65,0.15,SPY200207P00318000,318.0,0,0.0,0.0,,0.0,normalDay
2020-02-05,5639.0,62.0,0.0,0,332.86,0.0,1,0.65,0.03,SPY200207P00318000,318.0,0,0.0,0.0,,0.0,normalDay
2020-02-06,5639.0,64.0,0.0,0,333.98,0.0,1,0.65,0.01,SPY200207P00318000,318.0,0,0.0,0.0,,0.0,normalDay
2020-02-07,5704.0,0.0,65.0,0,332.2,0.0,1,0.65,0.0,SPY200207P00318000,318.0,0,0.0,0.0,,0.0,expirationDay
2020-02-10,5704.0,-3.0,0.0,0,334.68,0.0,1,0.93,0.96,SPY200228P00322500,322.5,0,0.0,0.0,,0.0,normalDay
2020-02-11,5704.0,5.0,0.0,0,335.26,0.0,1,0.93,0.88,SPY200228P00322500,322.5,0,0.0,0.0,,0.0,normalDay
2020-02-12,5704.0,43.0,0.0,0,337.42,0.0,1,0.93,0.5,SPY200228P00322500,322.5,0,0.0,0.0,,0.0,normalDay
2020-02-13,5704.0,41.0,0.0,0,337.06,0.0,1,0.93,0.52,SPY200228P00322500,322.5,0,0.0,0.0,,0.0,normalDay
2020-02-14,5704.0,56.0,0.0,0,337.6,0.0,1,0.93,0.37,SPY200228P00322500,322.5,0,0.0,0.0,,0.0,normalDay
2020-02-18,5704.0,60.0,0.0,0,336.73,0.0,1,0.93,0.33,SPY200228P00322500,322.5,0,0.0,0.0,,0.0,normalDay
2020-02-19,5704.0,76.0,0.0,0,338.34,0.0,1,0.93,0.17,SPY200228P00322500,322.5,0,0.0,0.0,,0.0,normalDay
2020-02-20,5704.0,72.0,0.0,0,336.95,0.0,1,0.93,0.21,SPY200228P00322500,322.5,0,0.0,0.0,,0.0,normalDay
2020-02-21,5704.0,58.0,0.0,0,333.48,0.0,1,0.93,0.35,SPY200228P00322500,322.5,0,0.0,0.0,,0.0,normalDay
2020-02-24,5704.0,-345.0,0.0,0,322.42,0.0,1,0.93,4.38,SPY200228P00322500,322.5,0,0.0,0.0,,0.0,normalDay
2020-02-25,5704.0,-914.0,0.0,0,312.65,0.0,1,0.93,10.07,SPY200228P00322500,322.5,0,0.0,0.0,,0.0,normalDay
2020-02-26,5704.0,-1079.0,0.0,0,311.5,0.0,1,0.93,11.72,SPY200228P00322500,322.5,0,0.0,0.0,,0.0,normalDay
2020-02-27,5704.0,-2438.0,0.0,0,297.51,0.0,1,0.93,25.31,SPY200228P00322500,322.5,0,0.0,0.0,,0.0,normalDay
2020-02-28,5797.0,-2624.0,93.0,100,296.26,322.5,1,0.93,0.0,SPY200228P00322500,322.5,0,0.0,0.0,,0.0,expirationDay
2020-03-02,5797.0,-1341.0,0.0,100,309.09,322.5,0,0.0,0.0,,0.0,0,0.0,0.0,,0.0,bidTooLow
2020-03-03,5797.0,-2226.0,0.0,100,300.24,322.5,0,0.0,0.0,,0.0,0,0.0,0.0,,0.0,bidTooLow
2020-03-04,5797.0,-964.0,0.0,100,312.86,322.5,0,0.0,0.0,,0.0,0,0.0,0.0,,0.0,bidTooLow
2020-03-05,5797.0,-2004.0,0.0,100,302.46,322.5,0,0.0,0.0,,0.0,0,0.0,0.0,,0.0,bidTooLow
2020-03-06,5797.0,-2504.0,0.0,100,297.46,322.5,0,0.0,0.0,,0.0,0,0.0,0.0,,0.0,bidTooLow
2020-03-09,5797.0,-4827.0,0.0,100,274.23,322.5,0,0.0,0.0,,0.0,0,0.0,0.0,,0.0,bidTooLow
2020-03-10,5797.0,-3408.0,0.0,100,288.42,322.5,0,0.0,0.0,,0.0,0,0.0,0.0,,0.0,bidTooLow
2020-03-11,5797.0,-4814.0,0.0,100,274.36,322.5,0,0.0,0.0,,0.0,0,0.0,0.0,,0.0,bidTooLow
2020-03-12,5797.0,-7439.0,0.0,100,248.11,322.5,0,0.0,0.0,,0.0,0,0.0,0.0,,0.0,bidTooLow
2020-03-13,5797.0,-5318.0,0.0,100,269.32,322.5,0,0.0,0.0,,0.0,0,0.0,0.0,,0.0,bidTooLow
2020-03-16,5797.0,-8265.0,0.0,100,239.85,322.5,0,0.0,0.0,,0.0,0,0.0,0.0,,0.0,bidTooLow
2020-03-17,5797.0,-6970.0,0.0,100,252.8,322.5,0,0.0,0.0,,0.0,0,0.0,0.0,,0.0,bidTooLow
2020-03-18,5797.0,-8250.0,0.0,100,240.0,322.5,0,0.0,0.0,,0.0,0,0.0,0.0,,0.0,bidTooLow
2020-03-19,5797.0,-8202.0,0.0,100,240.51,322.5,0,0.0,0.0,,0.0,1,0.01,0.04,SPY200406C00340000,340.0,normalDay
2020-03-20,5797.0,-9371.0,0.0,100,228.8,322.5,0,0.0,0.0,,0.0,1,0.01,0.02,SPY200406C00340000,340.0,normalDay
2020-03-23,5797.0,-9956.0,0.0,100,222.95,322.5,0,0.0,0.0,,0.0,1,0.01,0.02,SPY200406C00340000,340.0,normalDay
2020-03-24,5797.0,-7938.0,0.0,100,243.15,322.5,0,0.0,0.0,,0.0,1,0.01,0.04,SPY200406C00340000,340.0,normalDay
2020-03-25,5797.0,-7572.0,0.0,100,246.79,322.5,0,0.0,0.0,,0.0,1,0.01,0.02,SPY200406C00340000,340.0,normalDay
2020-03-26,5797.0,-6131.0,0.0,100,261.2,322.5,0,0.0,0.0,,0.0,1,0.01,0.02,SPY200406C00340000,340.0,normalDay
2020-03-27,5797.0,-6909.0,0.0,100,253.42,322.5,0,0.0,0.0,,0.0,1,0.01,0.02,SPY200406C00340000,340.0,normalDay
2020-03-30,5797.0,-6085.0,0.0,100,261.65,322.5,0,0.0,0.0,,0.0,1,0.01,0.01,SPY200406C00340000,340.0,normalDay
2020-03-31,5797.0,-6475.0,0.0,100,257.75,322.5,0,0.0,0.0,,0.0,1,0.01,0.01,SPY200406C00340000,340.0,normalDay
2020-04-01,5797.0,-7635.0,0.0,100,246.15,322.5,0,0.0,0.0,,0.0,1,0.01,0.01,SPY200406C00340000,340.0,normalDay
2020-04-02,5797.0,-7067.0,0.0,100,251.83,322.5,0,0.0,0.0,,0.0,1,0.01,0.01,SPY200406C00340000,340.0,normalDay
2020-04-03,5797.0,-7431.0,0.0,100,248.19,322.5,0,0.0,0.0,,0.0,1,0.01,0.01,SPY200406C00340000,340.0,normalDay
2020-04-06,5798.0,-5764.0,1.0,100,264.86,322.5,0,0.0,0.0,,0.0,1,0.01,0.0,SPY200406C00340000,340.0,expirationDay
2020-04-07,5798.0,-5743.0,0.0,100,265.13,322.5,0,0.0,0.0,,0.0,1,1.73,1.79,SPY200424C00284000,284.0,normalDay
2020-04-08,5798.0,-5068.0,0.0,100,274.03,322.5,0,0.0,0.0,,0.0,1,1.73,3.94,SPY200424C00284000,284.0,normalDay
2020-04-09,5798.0,-4812.0,0.0,100,278.2,322.5,0,0.0,0.0,,0.0,1,1.73,5.55,SPY200424C00284000,284.0,normalDay
2020-04-13,5798.0,-4853.0,0.0,100,275.66,322.5,0,0.0,0.0,,0.0,1,1.73,3.42,SPY200424C00284000,284.0,normalDay
2020-04-14,5798.0,-4364.0,0.0,100,283.79,322.5,0,0.0,0.0,,0.0,1,1.73,6.66,SPY200424C00284000,284.0,normalDay
2020-04-15,5798.0,-4657.0,0.0,100,277.76,322.5,0,0.0,0.0,,0.0,1,1.73,3.56,SPY200424C00284000,284.0,normalDay
2020-04-16,5798.0,-4528.0,0.0,100,279.1,322.5,0,0.0,0.0,,0.0,1,1.73,3.61,SPY200424C00284000,284.0,normalDay
2020-04-17,5798.0,-4114.0,0.0,100,286.64,322.5,0,0.0,0.0,,0.0,1,1.73,7.01,SPY200424C00284000,284.0,normalDay
2020-04-20,5798.0,-4286.0,0.0,100,281.59,322.5,0,0.0,0.0,,0.0,1,1.73,3.68,SPY200424C00284000,284.0,normalDay
2020-04-21,5798.0,-4860.0,0.0,100,273.04,322.5,0,0.0,0.0,,0.0,1,1.73,0.87,SPY200424C00284000,284.0,normalDay
2020-04-22,5798.0,-4270.0,0.0,100,279.1,322.5,0,0.0,0.0,,0.0,1,1.73,1.03,SPY200424C00284000,284.0,normalDay
2020-04-23,5798.0,-4208.0,0.0,100,279.08,322.5,0,0.0,0.0,,0.0,1,1.73,0.39,SPY200424C00284000,284.0,normalDay
2020-04-24,5971.0,-3953.0,173.0,100,282.97,322.5,0,0.0,0.0,,0.0,1,1.73,0.0,SPY200424C00284000,284.0,expirationDay
2020-04-27,5971.0,-3549.0,0.0,100,287.05,322.5,0,0.0,0.0,,0.0,1,0.84,0.88,SPY200515C00304000,304.0,normalDay
2020-04-28,5971.0,-3663.0,0.0,100,285.73,322.5,0,0.0,0.0,,0.0,1,0.84,0.7,SPY200515C00304000,304.0,normalDay
2020-04-29,5971.0,-3022.0,0.0,100,293.21,322.5,0,0.0,0.0,,0.0,1,0.84,1.77,SPY200515C00304000,304.0,normalDay
2020-04-30,5971.0,-3233.0,0.0,100,290.48,322.5,0,0.0,0.0,,0.0,1,0.84,1.15,SPY200515C00304000,304.0,normalDay
2020-05-01,5971.0,-3917.0,0.0,100,282.79,322.5,0,0.0,0.0,,0.0,1,0.84,0.3,SPY200515C00304000,304.0,normalDay
2020-05-04,5971.0,-3831.0,0.0,100,283.57,322.5,0,0.0,0.0,,0.0,1,0.84,0.22,SPY200515C00304000,304.0,normalDay
2020-05-05,5971.0,-3570.0,0.0,100,286.19,322.5,0,0.0,0.0,,0.0,1,0.84,0.23,SPY200515C00304000,304.0,normalDay
2020-05-06,5971.0,-3754.0,0.0,100,284.25,322.5,0,0.0,0.0,,0.0,1,0.84,0.13,SPY200515C00304000,304.0,normalDay
2020-05-07,5971.0,-3413.0,0.0,100,287.68,322.5,0,0.0,0.0,,0.0,1,0.84,0.15,SPY200515C00304000,304.0,normalDay
2020-05-08,5971.0,-2949.0,0.0,100,292.44,322.5,0,0.0,0.0,,0.0,1,0.84,0.27,SPY200515C00304000,304.0,normalDay
2020-05-11,5971.0,-2929.0,0.0,100,292.5,322.5,0,0.0,0.0,,0.0,1,0.84,0.13,SPY200515C00304000,304.0,normalDay
2020-05-12,5971.0,-3504.0,0.0,100,286.67,322.5,0,0.0,0.0,,0.0,1,0.84,0.05,SPY200515C00304000,304.0,normalDay
2020-05-13,5971.0,-4008.0,0.0,100,281.6,322.5,0,0.0,0.0,,0.0,1,0.84,0.02,SPY200515C00304000,304.0,normalDay
2020-05-14,5971.0,-3670.0,0.0,100,284.97,322.5,0,0.0,0.0,,0.0,1,0.84,0.01,SPY200515C00304000,304.0,normalDay
2020-05-15,6055.0,-3622.0,84.0,100,286.28,322.5,0,0.0,0.0,,0.0,1,0.84,0.0,SPY200515C00304000,304.0,expirationDay
2020-05-18,6055.0,-2757.0,0.0,100,295.0,322.5,0,0.0,0.0,,0.0,1,4.08,4.15,SPY200605C00299000,299.0,normalDay
2020-05-19,6055.0,-2954.0,0.0,100,291.97,322.5,0,0.0,0.0,,0.0,1,4.08,3.09,SPY200605C00299000,299.0,normalDay
2020-05-20,6055.0,-2631.0,0.0,100,296.93,322.5,0,0.0,0.0,,0.0,1,4.08,4.82,SPY200605C00299000,299.0,normalDay
2020-05-21,6055.0,-2707.0,0.0,100,294.88,322.5,0,0.0,0.0,,0.0,1,4.08,3.53,SPY200605C00299000,299.0,normalDay
2020-05-22,6055.0,-2642.0,0.0,100,295.44,322.5,0,0.0,0.0,,0.0,1,4.08,3.44,SPY200605C00299000,299.0,normalDay
2020-05-26,6055.0,-2402.0,0.0,100,299.08,322.5,0,0.0,0.0,,0.0,1,4.08,4.68,SPY200605C00299000,299.0,normalDay
2020-05-27,6055.0,-2220.0,0.0,100,303.53,322.5,0,0.0,0.0,,0.0,1,4.08,7.31,SPY200605C00299000,299.0,normalDay
2020-05-28,6055.0,-2285.0,0.0,100,302.97,322.5,0,0.0,0.0,,0.0,1,4.08,7.4,SPY200605C00299000,299.0,normalDay
2020-05-29,6055.0,-2200.0,0.0,100,304.32,322.5,0,0.0,0.0,,0.0,1,4.08,7.9,SPY200605C00299000,299.0,normalDay
2020-06-01,6055.0,-2051.0,0.0,100,305.55,322.5,0,0.0,0.0,,0.0,1,4.08,7.64,SPY200605C00299000,299.0,normalDay
2020-06-02,6055.0,-1965.0,0.0,100,308.08,322.5,0,0.0,0.0,,0.0,1,4.08,9.31,SPY200605C00299000,299.0,normalDay
2020-06-03,6055.0,-1949.0,0.0,100,312.18,322.5,0,0.0,0.0,,0.0,1,4.08,13.25,SPY200605C00299000,299.0,normalDay
2020-06-04,6055.0,-1963.0,0.0,100,311.36,322.5,0,0.0,0.0,,0.0,1,4.08,12.57,SPY200605C00299000,299.0,normalDay
2020-06-05,4113.0,-1963.0,-1942.0,0,319.34,0.0,0,0.0,0.0,,0.0,1,4.08,0.0,SPY200605C00299000,299.0,expirationDay
2020-06-08,4113.0,-3.0,0.0,0,323.2,0.0,1,0.43,0.46,SPY200626P00278000,278.0,0,0.0,0.0,,0.0,normalDay
2020-06-09,4113.0,-11.0,0.0,0,320.79,0.0,1,0.43,0.54,SPY200626P00278000,278.0,0,0.0,0.0,,0.0,normalDay
2020-06-10,4113.0,-15.0,0.0,0,319.0,0.0,1,0.43,0.58,SPY200626P00278000,278.0,0,0.0,0.0,,0.0,normalDay
2020-06-11,4113.0,-290.0,0.0,0,300.61,0.0,1,0.43,3.33,SPY200626P00278000,278.0,0,0.0,0.0,,0.0,normalDay
2020-06-12,4113.0,-158.0,0.0,0,304.21,0.0,1,0.43,2.01,SPY200626P00278000,278.0,0,0.0,0.0,,0.0,normalDay
2020-06-15,4113.0,-70.0,0.0,0,307.05,0.0,1,0.43,1.13,SPY200626P00278000,278.0,0,0.0,0.0,,0.0,normalDay
2020-06-16,4113.0,-29.0,0.0,0,312.96,0.0,1,0.43,0.72,SPY200626P00278000,278.0,0,0.0,0.0,,0.0,normalDay
2020-06-17,4113.0,-14.0,0.0,0,311.66,0.0,1,0.43,0.57,SPY200626P00278000,278.0,0,0.0,0.0,,0.0,normalDay
2020-06-18,4113.0,8.0,0.0,0,311.78,0.0,1,0.43,0.35,SPY200626P00278000,278.0,0,0.0,0.0,,0.0,normalDay
2020-06-19,4113.0,11.0,0.0,0,308.64,0.0,1,0.43,0.32,SPY200626P00278000,278.0,0,0.0,0.0,,0.0,normalDay
2020-06-22,4113.0,36.0,0.0,0,310.62,0.0,1,0.43,0.07,SPY200626P00278000,278.0,0,0.0,0.0,,0.0,normalDay
2020-06-23,4113.0,39.0,0.0,0,312.05,0.0,1,0.43,0.04,SPY200626P00278000,278.0,0,0.0,0.0,,0.0,normalDay
2020-06-24,4113.0,38.0,0.0,0,304.09,0.0,1,0.43,0.05,SPY200626P00278000,278.0,0,0.0,0.0,,0.0,normalDay
2020-06-25,4113.0,41.0,0.0,0,307.35,0.0,1,0.43,0.02,SPY200626P00278000,278.0,0,0.0,0.0,,0.0,normalDay
2020-06-26,4156.0,0.0,43.0,0,300.05,0.0,1,0.43,0.0,SPY200626P00278000,278.0,0,0.0,0.0,,0.0,expirationDay
2020-06-29,4156.0,-4.0,0.0,0,304.46,0.0,1,5.03,5.07,SPY200717P00298000,298.0,0,0.0,0.0,,0.0,normalDay
2020-06-30,4156.0,139.0,0.0,0,308.36,0.0,1,5.03,3.64,SPY200717P00298000,298.0,0,0.0,0.0,,0.0,normalDay
2020-07-01,4156.0,237.0,0.0,0,310.52,0.0,1,5.03,2.66,SPY200717P00298000,298.0,0,0.0,0.0,,0.0,normalDay
2020-07-02,4156.0,314.0,0.0,0,312.23,0.0,1,5.03,1.89,SPY200717P00298000,298.0,0,0.0,0.0,,0.0,normalDay
2020-07-06,4156.0,394.0,0.0,0,317.05,0.0,1,5.03,1.09,SPY200717P00298000,298.0,0,0.0,0.0,,0.0,normalDay
2020-07-07,4156.0,363.0,0.0,0,313.78,0.0,1,5.03,1.4,SPY200717P00298000,298.0,0,0.0,0.0,,0.0,normalDay
2020-07-08,4156.0,427.0,0.0,0,316.18,0.0,1,5.03,0.76,SPY200717P00298000,298.0,0,0.0,0.0,,0.0,normalDay
2020-07-09,4156.0,415.0,0.0,0,314.38,0.0,1,5.03,0.88,SPY200717P00298000,298.0,0,0.0,0.0,,0.0,normalDay
2020-07-10,4156.0,474.0,0.0,0,317.59,0.0,1,5.03,0.29,SPY200717P00298000,298.0,0,0.0,0.0,,0.0,normalDay
2020-07-13,4156.0,448.0,0.0,0,314.84,0.0,1,5.03,0.55,SPY200717P00298000,298.0,0,0.0,0.0,,0.0,normalDay
2020-07-14,4156.0,488.0,0.0,0,318.92,0.0,1,5.03,0.15,SPY200717P00298000,298.0,0,0.0,0.0,,0.0,normalDay
2020-07-15,4156.0,500.0,0.0,0,321.85,0.0,1,5.03,0.03,SPY200717P00298000,298.0,0,0.0,0.0,,0.0,normalDay
2020-07-16,4156.0,500.0,0.0,0,320.79,0.0,1,5.03,0.03,SPY200717P00298000,298.0,0,0.0,0.0,,0.0,normalDay
2020-07-17,4659.0,0.0,503.0,0,321.72,0.0,1,5.03,0.0,SPY200717P00298000,298.0,0,0.0,0.0,,0.0,expirationDay
2020-07-20,4659.0,-3.0,0.0,0,324.32,0.0,1,1.2,1.23,SPY200807P00301000,301.0,0,0.0,0.0,,0.0,normalDay
2020-07-21,4659.0,3.0,0.0,0,325.01,0.0,1,1.2,1.17,SPY200807P00301000,301.0,0,0.0,0.0,,0.0,normalDay
2020-07-22,4659.0,29.0,0.0,0,326.86,0.0,1,1.2,0.91,SPY200807P00301000,301.0,0,0.0,0.0,,0.0,normalDay
2020-07-23,4659.0,-13.0,0.0,0,322.96,0.0,1,1.2,1.33,SPY200807P00301000,301.0,0,0.0,0.0,,0.0,normalDay
2020-07-24,4659.0,11.0,0.0,0,320.88,0.0,1,1.2,1.09,SPY200807P00301000,301.0,0,0.0,0.0,,0.0,normalDay
2020-07-27,4659.0,61.0,0.0,0,323.22,0.0,1,1.2,0.59,SPY200807P00301000,301.0,0,0.0,0.0,,0.0,normalDay
2020-07-28,4659.0,50.0,0.0,0,321.17,0.0,1,1.2,0.7,SPY200807P00301000,301.0,0,0.0,0.0,,0.0,normalDay
2020-07-29,4659.0,85.0,0.0,0,325.12,0.0,1,1.2,0.35,SPY200807P00301000,301.0,0,0.0,0.0,,0.0,normalDay
2020-07-30,4659.0,84.0,0.0,0,323.96,0.0,1,1.2,0.36,SPY200807P00301000,301.0,0,0.0,0.0,,0.0,normalDay
2020-07-31,4659.0,107.0,0.0,0,326.52,0.0,1,1.2,0.13,SPY200807P00301000,301.0,0,0.0,0.0,,0.0,normalDay
2020-08-03,4659.0,115.0,0.0,0,328.79,0.0,1,1.2,0.05,SPY200807P00301000,301.0,0,0.0,0.0,,0.0,normalDay
2020-08-04,4659.0,117.0,0.0,0,330.06,0.0,1,1.2,0.03,SPY200807P00301000,301.0,0,0.0,0.0,,0.0,normalDay
2020-08-05,4659.0,118.0,0.0,0,332.11,0.0,1,1.2,0.02,SPY200807P00301000,301.0,0,0.0,0.0,,0.0,normalDay
2020-08-06,4659.0,119.0,0.0,0,334.33,0.0,1,1.2,0.01,SPY200807P00301000,301.0,0,0.0,0.0,,0.0,normalDay
2020-08-07,4779.0,0.0,120.0,0,334.57,0.0,1,1.2,0.0,SPY200807P00301000,301.0,0,0.0,0.0,,0.0,expirationDay
2020-08-10,4779.0,-4.0,0.0,0,335.57,0.0,1,1.27,1.31,SPY200828P00316000,316.0,0,0.0,0.0,,0.0,normalDay
2020-08-11,4779.0,-62.0,0.0,0,332.8,0.0,1,1.27,1.89,SPY200828P00316000,316.0,0,0.0,0.0,,0.0,normalDay
2020-08-12,4779.0,28.0,0.0,0,337.44,0.0,1,1.27,0.99,SPY200828P00316000,316.0,0,0.0,0.0,,0.0,normalDay
2020-08-13,4779.0,30.0,0.0,0,336.83,0.0,1,1.27,0.97,SPY200828P00316000,316.0,0,0.0,0.0,,0.0,normalDay
2020-08-14,4779.0,53.0,0.0,0,336.84,0.0,1,1.27,0.74,SPY200828P00316000,316.0,0,0.0,0.0,,0.0,normalDay
2020-08-17,4779.0,85.0,0.0,0,337.91,0.0,1,1.27,0.42,SPY200828P00316000,316.0,0,0.0,0.0,,0.0,normalDay
2020-08-18,4779.0,91.0,0.0,0,338.64,0.0,1,1.27,0.36,SPY200828P00316000,316.0,0,0.0,0.0,,0.0,normalDay
2020-08-19,4779.0,85.0,0.0,0,337.23,0.0,1,1.27,0.42,SPY200828P00316000,316.0,0,0.0,0.0,,0.0,normalDay
2020-08-20,4779.0,97.0,0.0,0,338.28,0.0,1,1.27,0.3,SPY200828P00316000,316.0,0,0.0,0.0,,0.0,normalDay
2020-08-21,4779.0,111.0,0.0,0,339.48,0.0,1,1.27,0.16,SPY200828P00316000,316.0,0,0.0,0.0,,0.0,normalDay
2020-08-24,4779.0,121.0,0.0,0,342.92,0.0,1,1.27,0.06,SPY200828P00316000,316.0,0,0.0,0.0,,0.0,normalDay
2020-08-25,4779.0,124.0,0.0,0,344.12,0.0,1,1.27,0.03,SPY200828P00316000,316.0,0,0.0,0.0,,0.0,normalDay
2020-08-26,4779.0,123.0,0.0,0,347.57,0.0,1,1.27,0.04,SPY200828P00316000,316.0,0,0.0,0.0,,0.0,normalDay
2020-08-27,4779.0,125.0,0.0,0,348.33,0.0,1,1.27,0.02,SPY200828P00316000,316.0,0,0.0,0.0,,0.0,normalDay
2020-08-28,4906.0,0.0,127.0,0,350.58,0.0,1,1.27,0.0,SPY200828P00316000,316.0,0,0.0,0.0,,0.0,expirationDay
2020-08-31,4906.0,-4.0,0.0,0,349.31,0.0,1,1.77,1.81,SPY200918P00328000,328.0,0,0.0,0.0,,0.0,normalDay
2020-09-01,4906.0,40.0,0.0,0,352.6,0.0,1,1.77,1.37,SPY200918P00328000,328.0,0,0.0,0.0,,0.0,normalDay
2020-09-02,4906.0,76.0,0.0,0,357.7,0.0,1,1.77,1.01,SPY200918P00328000,328.0,0,0.0,0.0,,0.0,normalDay
2020-09-03,4906.0,-112.0,0.0,0,345.39,0.0,1,1.77,2.89,SPY200918P00328000,328.0,0,0.0,0.0,,0.0,normalDay
2020-09-04,4906.0,-149.0,0.0,0,342.57,0.0,1,1.77,3.26,SPY200918P00328000,328.0,0,0.0,0.0,,0.0,normalDay
2020-09-08,4906.0,-317.0,0.0,0,333.21,0.0,1,1.77,4.94,SPY200918P00328000,328.0,0,0.0,0.0,,0.0,normalDay
2020-09-09,4906.0,-79.0,0.0,0,339.79,0.0,1,1.77,2.56,SPY200918P00328000,328.0,0,0.0,0.0,,0.0,normalDay
2020-09-10,4906.0,-196.0,0.0,0,333.89,0.0,1,1.77,3.73,SPY200918P00328000,328.0,0,0.0,0.0,,0.0,normalDay
2020-09-11,4906.0,-138.0,0.0,0,334.06,0.0,1,1.77,3.15,SPY200918P00328000,328.0,0,0.0,0.0,,0.0,normalDay
2020-09-14,4906.0,79.0,0.0,0,338.46,0.0,1,1.77,0.98,SPY200918P00328000,328.0,0,0.0,0.0,,0.0,normalDay
2020-09-15,4906.0,130.0,0.0,0,340.17,0.0,1,1.77,0.47,SPY200918P00328000,328.0,0,0.0,0.0,,0.0,normalDay
2020-09-16,4906.0,137.0,0.0,0,338.82,0.0,1,1.77,0.4,SPY200918P00328000,328.0,0,0.0,0.0,,0.0,normalDay
2020-09-17,4906.0,137.0,0.0,0,335.84,0.0,1,1.77,0.4,SPY200918P00328000,328.0,0,0.0,0.0,,0.0,normalDay
2020-09-18,5083.0,0.0,177.0,0,330.65,0.0,1,1.77,0.0,SPY200918P00328000,328.0,0,0.0,0.0,,0.0,expirationDay
2020-09-21,5083.0,-7.0,0.0,0,326.97,0.0,1,6.74,6.81,SPY201009P00327000,327.0,0,0.0,0.0,,0.0,normalDay
2020-09-22,5083.0,140.0,0.0,0,330.3,0.0,1,6.74,5.34,SPY201009P00327000,327.0,0,0.0,0.0,,0.0,normalDay
2020-09-23,5083.0,-207.0,0.0,0,322.64,0.0,1,6.74,8.81,SPY201009P00327000,327.0,0,0.0,0.0,,0.0,normalDay
2020-09-24,5083.0,-115.0,0.0,0,323.5,0.0,1,6.74,7.89,SPY201009P00327000,327.0,0,0.0,0.0,,0.0,normalDay
2020-09-25,5083.0,174.0,0.0,0,328.73,0.0,1,6.74,5.0,SPY201009P00327000,327.0,0,0.0,0.0,,0.0,normalDay
2020-09-28,5083.0,389.0,0.0,0,334.19,0.0,1,6.74,2.85,SPY201009P00327000,327.0,0,0.0,0.0,,0.0,normalDay
2020-09-29,5083.0,356.0,0.0,0,332.37,0.0,1,6.74,3.18,SPY201009P00327000,327.0,0,0.0,0.0,,0.0,normalDay
2020-09-30,5083.0,403.0,0.0,0,334.89,0.0,1,6.74,2.71,SPY201009P00327000,327.0,0,0.0,0.0,,0.0,normalDay
2020-10-01,5083.0,509.0,0.0,0,337.04,0.0,1,6.74,1.65,SPY201009P00327000,327.0,0,0.0,0.0,,0.0,normalDay
2020-10-02,5083.0,473.0,0.0,0,333.84,0.0,1,6.74,2.01,SPY201009P00327000,327.0,0,0.0,0.0,,0.0,normalDay
2020-10-05,5083.0,632.0,0.0,0,339.76,0.0,1,6.74,0.42,SPY201009P00327000,327.0,0,0.0,0.0,,0.0,normalDay
2020-10-06,5083.0,584.0,0.0,0,334.93,0.0,1,6.74,0.9,SPY201009P00327000,327.0,0,0.0,0.0,,0.0,normalDay
2020-10-07,5083.0,665.0,0.0,0,340.76,0.0,1,6.74,0.09,SPY201009P00327000,327.0,0,0.0,0.0,,0.0,normalDay
2020-10-08,5083.0,672.0,0.0,0,343.78,0.0,1,6.74,0.02,SPY201009P00327000,327.0,0,0.0,0.0,,0.0,normalDay
2020-10-09,5757.0,0.0,674.0,0,346.85,0.0,1,6.74,0.0,SPY201009P00327000,327.0,0,0.0,0.0,,0.0,expirationDay
2020-10-12,5757.0,-3.0,0.0,0,352.43,0.0,1,0.62,0.65,SPY201030P00321000,321.0,0,0.0,0.0,,0.0,normalDay
2020-10-13,5757.0,-9.0,0.0,0,350.13,0.0,1,0.62,0.71,SPY201030P00321000,321.0,0,0.0,0.0,,0.0,normalDay
2020-10-14,5757.0,-13.0,0.0,0,347.93,0.0,1,0.62,0.75,SPY201030P00321000,321.0,0,0.0,0.0,,0.0,normalDay
2020-10-15,5757.0,-5.0,0.0,0,347.5,0.0,1,0.62,0.67,SPY201030P00321000,321.0,0,0.0,0.0,,0.0,normalDay
2020-10-16,5757.0,1.0,0.0,0,347.29,0.0,1,0.62,0.61,SPY201030P00321000,321.0,0,0.0,0.0,,0.0,normalDay
2020-10-19,5757.0,-20.0,0.0,0,342.01,0.0,1,0.62,0.82,SPY201030P00321000,321.0,0,0.0,0.0,,0.0,normalDay
2020-10-20,5757.0,-2.0,0.0,0,343.38,0.0,1,0.62,0.64,SPY201030P00321000,321.0,0,0.0,0.0,,0.0,normalDay
2020-10-21,5757.0,21.0,0.0,0,342.73,0.0,1,0.62,0.41,SPY201030P00321000,321.0,0,0.0,0.0,,0.0,normalDay
2020-10-22,5757.0,39.0,0.0,0,344.61,0.0,1,0.62,0.23,SPY201030P00321000,321.0,0,0.0,0.0,,0.0,normalDay
2020-10-23,5757.0,50.0,0.0,0,345.78,0.0,1,0.62,0.12,SPY201030P00321000,321.0,0,0.0,0.0,,0.0,normalDay
2020-10-26,5757.0,28.0,0.0,0,339.39,0.0,1,0.62,0.34,SPY201030P00321000,321.0,0,0.0,0.0,,0.0,normalDay
2020-10-27,5757.0,43.0,0.0,0,338.22,0.0,1,0.62,0.19,SPY201030P00321000,321.0,0,0.0,0.0,,0.0,normalDay
2020-10-28,5757.0,-127.0,0.0,0,326.66,0.0,1,0.62,1.89,SPY201030P00321000,321.0,0,0.0,0.0,,0.0,normalDay
2020-10-29,5757.0,33.0,0.0,0,329.98,0.0,1,0.62,0.29,SPY201030P00321000,321.0,0,0.0,0.0,,0.0,normalDay
2020-10-30,5819.0,0.0,62.0,0,326.54,0.0,1,0.62,0.0,SPY201030P00321000,321.0,0,0.0,0.0,,0.0,expirationDay
2020-11-02,5819.0,-5.0,0.0,0,330.2,0.0,1,8.42,8.47,SPY201120P00326000,326.0,0,0.0,0.0,,0.0,normalDay
2020-11-03,5819.0,200.0,0.0,0,336.03,0.0,1,8.42,6.42,SPY201120P00326000,326.0,0,0.0,0.0,,0.0,normalDay
2020-11-04,5819.0,545.0,0.0,0,343.54,0.0,1,8.42,2.97,SPY201120P00326000,326.0,0,0.0,0.0,,0.0,normalDay
2020-11-05,5819.0,670.0,0.0,0,350.24,0.0,1,8.42,1.72,SPY201120P00326000,326.0,0,0.0,0.0,,0.0,normalDay
2020-11-06,5819.0,732.0,0.0,0,350.16,0.0,1,8.42,1.1,SPY201120P00326000,326.0,0,0.0,0.0,,0.0,normalDay
2020-11-09,5819.0,776.0,0.0,0,354.56,0.0,1,8.42,0.66,SPY201120P00326000,326.0,0,0.0,0.0,,0.0,normalDay
2020-11-10,5819.0,792.0,0.0,0,354.04,0.0,1,8.42,0.5,SPY201120P00326000,326.0,0,0.0,0.0,,0.0,normalDay
2020-11-11,5819.0,813.0,0.0,0,356.67,0.0,1,8.42,0.29,SPY201120P00326000,326.0,0,0.0,0.0,,0.0,normalDay
2020-11-12,5819.0,797.0,0.0,0,353.21,0.0,1,8.42,0.45,SPY201120P00326000,326.0,0,0.0,0.0,,0.0,normalDay
2020-11-13,5819.0,825.0,0.0,0,358.1,0.0,1,8.42,0.17,SPY201120P00326000,326.0,0,0.0,0.0,,0.0,normalDay
2020-11-16,5819.0,837.0,0.0,0,362.57,0.0,1,8.42,0.05,SPY201120P00326000,326.0,0,0.0,0.0,,0.0,normalDay
2020-11-17,5819.0,838.0,0.0,0,360.62,0.0,1,8.42,0.04,SPY201120P00326000,326.0,0,0.0,0.0,,0.0,normalDay
2020-11-18,5819.0,838.0,0.0,0,356.28,0.0,1,8.42,0.04,SPY201120P00326000,326.0,0,0.0,0.0,,0.0,normalDay
2020-11-19,5819.0,840.0,0.0,0,357.78,0.0,1,8.42,0.02,SPY201120P00326000,326.0,0,0.0,0.0,,0.0,normalDay
2020-11-20,6661.0,0.0,842.0,0,355.33,0.0,1,8.42,0.0,SPY201120P00326000,326.0,0,0.0,0.0,,0.0,expirationDay
2020-11-23,6661.0,-3.0,0.0,0,357.46,0.0,1,0.7,0.73,SPY201211P00325000,325.0,0,0.0,0.0,,0.0,normalDay
2020-11-24,6661.0,27.0,0.0,0,363.22,0.0,1,0.7,0.43,SPY201211P00325000,325.0,0,0.0,0.0,,0.0,normalDay
2020-11-25,6661.0,32.0,0.0,0,362.66,0.0,1,0.7,0.38,SPY201211P00325000,325.0,0,0.0,0.0,,0.0,normalDay
2020-11-27,6661.0,42.0,0.0,0,363.67,0.0,1,0.7,0.28,SPY201211P00325000,325.0,0,0.0,0.0,,0.0,normalDay
2020-11-30,6661.0,48.0,0.0,0,362.06,0.0,1,0.7,0.22,SPY201211P00325000,325.0,0,0.0,0.0,,0.0,normalDay
2020-12-01,6661.0,52.0,0.0,0,366.02,0.0,1,0.7,0.18,SPY201211P00325000,325.0,0,0.0,0.0,,0.0,normalDay
2020-12-02,6661.0,55.0,0.0,0,366.79,0.0,1,0.7,0.15,SPY201211P00325000,325.0,0,0.0,0.0,,0.0,normalDay
2020-12-03,6661.0,56.0,0.0,0,366.69,0.0,1,0.7,0.14,SPY201211P00325000,325.0,0,0.0,0.0,,0.0,normalDay
2020-12-04,6661.0,64.0,0.0,0,369.85,0.0,1,0.7,0.06,SPY201211P00325000,325.0,0,0.0,0.0,,0.0,normalDay
2020-12-07,6661.0,67.0,0.0,0,369.09,0.0,1,0.7,0.03,SPY201211P00325000,325.0,0,0.0,0.0,,0.0,normalDay
2020-12-08,6661.0,68.0,0.0,0,370.17,0.0,1,0.7,0.02,SPY201211P00325000,325.0,0,0.0,0.0,,0.0,normalDay
2020-12-09,6661.0,67.0,0.0,0,366.85,0.0,1,0.7,0.03,SPY201211P00325000,325.0,0,0.0,0.0,,0.0,normalDay
2020-12-10,6661.0,69.0,0.0,0,366.73,0.0,1,0.7,0.01,SPY201211P00325000,325.0,0,0.0,0.0,,0.0,normalDay
2020-12-11,6731.0,0.0,70.0,0,366.3,0.0,1,0.7,0.0,SPY201211P00325000,325.0,0,0.0,0.0,,0.0,expirationDay
2020-12-14,6731.0,-7.0,0.0,0,364.66,0.0,1,3.28,3.35,SPY201231P00355000,355.0,0,0.0,0.0,,0.0,normalDay
2020-12-15,6731.0,122.0,0.0,0,369.59,0.0,1,3.28,2.06,SPY201231P00355000,355.0,0,0.0,0.0,,0.0,normalDay
2020-12-16,6731.0,163.0,0.0,0,370.17,0.0,1,3.28,1.65,SPY201231P00355000,355.0,0,0.0,0.0,,0.0,normalDay
2020-12-17,6731.0,209.0,0.0,0,372.24,0.0,1,3.28,1.19,SPY201231P00355000,355.0,0,0.0,0.0,,0.0,normalDay
2020-12-18,6731.0,229.0,0.0,0,369.18,0.0,1,3.28,0.99,SPY201231P00355000,355.0,0,0.0,0.0,,0.0,normalDay
2020-12-21,6731.0,178.0,0.0,0,367.86,0.0,1,3.28,1.5,SPY201231P00355000,355.0,0,0.0,0.0,,0.0,normalDay
2020-12-22,6731.0,206.0,0.0,0,367.24,0.0,1,3.28,1.22,SPY201231P00355000,355.0,0,0.0,0.0,,0.0,normalDay
2020-12-23,6731.0,244.0,0.0,0,367.57,0.0,1,3.28,0.84,SPY201231P00355000,355.0,0,0.0,0.0,,0.0,normalDay
2020-12-24,6731.0,292.0,0.0,0,369.0,0.0,1,3.28,0.36,SPY201231P00355000,355.0,0,0.0,0.0,,0.0,normalDay
2020-12-28,6731.0,319.0,0.0,0,372.17,0.0,1,3.28,0.09,SPY201231P00355000,355.0,0,0.0,0.0,,0.0,normalDay
2020-12-29,6731.0,319.0,0.0,0,371.46,0.0,1,3.28,0.09,SPY201231P00355000,355.0,0,0.0,0.0,,0.0,normalDay
2020-12-30,6731.0,324.0,0.0,0,371.99,0.0,1,3.28,0.04,SPY201231P00355000,355.0,0,0.0,0.0,,0.0,normalDay
2020-12-31,7059.0,0.0,328.0,0,373.88,0.0,1,3.28,0.0,SPY201231P00355000,355.0,0,0.0,0.0,,0.0,expirationDay
2021-01-04,7059.0,-6.0,0.0,0,368.79,0.0,1,5.36,5.42,SPY210122P00365000,365.0,0,0.0,0.0,,0.0,normalDay
2021-01-05,7059.0,113.0,0.0,0,371.33,0.0,1,5.36,4.23,SPY210122P00365000,365.0,0,0.0,0.0,,0.0,normalDay
2021-01-06,7059.0,170.0,0.0,0,373.55,0.0,1,5.36,3.66,SPY210122P00365000,365.0,0,0.0,0.0,,0.0,normalDay
2021-01-07,7059.0,357.0,0.0,0,379.1,0.0,1,5.36,1.79,SPY210122P00365000,365.0,0,0.0,0.0,,0.0,normalDay
2021-01-08,7059.0,404.0,0.0,0,381.26,0.0,1,5.36,1.32,SPY210122P00365000,365.0,0,0.0,0.0,,0.0,normalDay
2021-01-11,7059.0,373.0,0.0,0,378.69,0.0,1,5.36,1.63,SPY210122P00365000,365.0,0,0.0,0.0,,0.0,normalDay
2021-01-12,7059.0,399.0,0.0,0,378.77,0.0,1,5.36,1.37,SPY210122P00365000,365.0,0,0.0,0.0,,0.0,normalDay
2021-01-13,7059.0,449.0,0.0,0,379.79,0.0,1,5.36,0.87,SPY210122P00365000,365.0,0,0.0,0.0,,0.0,normalDay
2021-01-14,7059.0,432.0,0.0,0,378.46,0.0,1,5.36,1.04,SPY210122P00365000,365.0,0,0.0,0.0,,0.0,normalDay
2021-01-15,7059.0,411.0,0.0,0,375.7,0.0,1,5.36,1.25,SPY210122P00365000,365.0,0,0.0,0.0,,0.0,normalDay
2021-01-19,7059.0,506.0,0.0,0,378.65,0.0,1,5.36,0.3,SPY210122P00365000,365.0,0,0.0,0.0,,0.0,normalDay
2021-01-20,7059.0,529.0,0.0,0,383.89,0.0,1,5.36,0.07,SPY210122P00365000,365.0,0,0.0,0.0,,0.0,normalDay
2021-01-21,7059.0,534.0,0.0,0,384.24,0.0,1,5.36,0.02,SPY210122P00365000,365.0,0,0.0,0.0,,0.0,normalDay
2021-01-22,7595.0,0.0,536.0,0,382.88,0.0,1,5.36,0.0,SPY210122P00365000,365.0,0,0.0,0.0,,0.0,expirationDay
2021-01-25,7595.0,-5.0,0.0,0,384.39,0.0,1,2.14,2.19,SPY210212P00367000,367.0,0,0.0,0.0,,0.0,normalDay
2021-01-26,7595.0,12.0,0.0,0,383.79,0.0,1,2.14,2.02,SPY210212P00367000,367.0,0,0.0,0.0,,0.0,normalDay
2021-01-27,7595.0,-430.0,0.0,0,374.41,0.0,1,2.14,6.44,SPY210212P00367000,367.0,0,0.0,0.0,,0.0,normalDay
2021-01-28,7595.0,-210.0,0.0,0,377.63,0.0,1,2.14,4.24,SPY210212P00367000,367.0,0,0.0,0.0,,0.0,normalDay
2021-01-29,7595.0,-541.0,0.0,0,370.07,0.0,1,2.14,7.55,SPY210212P00367000,367.0,0,0.0,0.0,,0.0,normalDay
2021-02-01,7595.0,-169.0,0.0,0,376.23,0.0,1,2.14,3.83,SPY210212P00367000,367.0,0,0.0,0.0,,0.0,normalDay
2021-02-02,7595.0,61.0,0.0,0,381.55,0.0,1,2.14,1.53,SPY210212P00367000,367.0,0,0.0,0.0,,0.0,normalDay
2021-02-03,7595.0,117.0,0.0,0,381.85,0.0,1,2.14,0.97,SPY210212P00367000,367.0,0,0.0,0.0,,0.0,normalDay
2021-02-04,7595.0,168.0,0.0,0,386.19,0.0,1,2.14,0.46,SPY210212P00367000,367.0,0,0.0,0.0,,0.0,normalDay
2021-02-05,7595.0,195.0,0.0,0,387.71,0.0,1,2.14,0.19,SPY210212P00367000,367.0,0,0.0,0.0,,0.0,normalDay
2021-02-08,7595.0,206.0,0.0,0,390.51,0.0,1,2.14,0.08,SPY210212P00367000,367.0,0,0.0,0.0,,0.0,normalDay
2021-02-09,7595.0,208.0,0.0,0,390.25,0.0,1,2.14,0.06,SPY210212P00367000,367.0,0,0.0,0.0,,0.0,normalDay
2021-02-10,7595.0,209.0,0.0,0,390.08,0.0,1,2.14,0.05,SPY210212P00367000,367.0,0,0.0,0.0,,0.0,normalDay
2021-02-11,7595.0,212.0,0.0,0,390.71,0.0,1,2.14,0.02,SPY210212P00367000,367.0,0,0.0,0.0,,0.0,normalDay
2021-02-12,7809.0,0.0,214.0,0,392.64,0.0,1,2.14,0.0,SPY210212P00367000,367.0,0,0.0,0.0,,0.0,expirationDay
2021-02-16,7809.0,-4.0,0.0,0,392.3,0.0,1,1.52,1.56,SPY210305P00372000,372.0,0,0.0,0.0,,0.0,normalDay
2021-02-17,7809.0,18.0,0.0,0,392.39,0.0,1,1.52,1.34,SPY210305P00372000,372.0,0,0.0,0.0,,0.0,normalDay
2021-02-18,7809.0,-2.0,0.0,0,390.72,0.0,1,1.52,1.54,SPY210305P00372000,372.0,0,0.0,0.0,,0.0,normalDay
2021-02-19,7809.0,13.0,0.0,0,390.03,0.0,1,1.52,1.39,SPY210305P00372000,372.0,0,0.0,0.0,,0.0,normalDay
2021-02-22,7809.0,-2.0,0.0,0,387.03,0.0,1,1.52,1.54,SPY210305P00372000,372.0,0,0.0,0.0,,0.0,normalDay
2021-02-23,7809.0,15.0,0.0,0,387.5,0.0,1,1.52,1.37,SPY210305P00372000,372.0,0,0.0,0.0,,0.0,normalDay
2021-02-24,7809.0,89.0,0.0,0,391.77,0.0,1,1.52,0.63,SPY210305P00372000,372.0,0,0.0,0.0,,0.0,normalDay
2021-02-25,7809.0,-146.0,0.0,0,382.33,0.0,1,1.52,2.98,SPY210305P00372000,372.0,0,0.0,0.0,,0.0,normalDay
2021-02-26,7809.0,-127.0,0.0,0,380.36,0.0,1,1.52,2.79,SPY210305P00372000,372.0,0,0.0,0.0,,0.0,normalDay
2021-03-01,7809.0,103.0,0.0,0,389.58,0.0,1,1.52,0.49,SPY210305P00372000,372.0,0,0.0,0.0,,0.0,normalDay
2021-03-02,7809.0,100.0,0.0,0,386.54,0.0,1,1.52,0.52,SPY210305P00372000,372.0,0,0.0,0.0,,0.0,normalDay
2021-03-03,7809.0,65.0,0.0,0,381.42,0.0,1,1.52,0.87,SPY210305P00372000,372.0,0,0.0,0.0,,0.0,normalDay
2021-03-04,7809.0,45.0,0.0,0,376.7,0.0,1,1.52,1.07,SPY210305P00372000,372.0,0,0.0,0.0,,0.0,normalDay
2021-03-05,7961.0,0.0,152.0,0,383.63,0.0,1,1.52,0.0,SPY210305P00372000,372.0,0,0.0,0.0,,0.0,expirationDay
2021-03-08,7961.0,-8.0,0.0,0,381.72,0.0,1,6.37,6.45,SPY210326P00378000,378.0,0,0.0,0.0,,0.0,normalDay
2021-03-09,7961.0,205.0,0.0,0,387.17,0.0,1,6.37,4.32,SPY210326P00378000,378.0,0,0.0,0.0,,0.0,normalDay
2021-03-10,7961.0,337.0,0.0,0,389.58,0.0,1,6.37,3.0,SPY210326P00378000,378.0,0,0.0,0.0,,0.0,normalDay
2021-03-11,7961.0,426.0,0.0,0,393.53,0.0,1,6.37,2.11,SPY210326P00378000,378.0,0,0.0,0.0,,0.0,normalDay
2021-03-12,7961.0,493.0,0.0,0,394.06,0.0,1,6.37,1.44,SPY210326P00378000,378.0,0,0.0,0.0,,0.0,normalDay
2021-03-15,7961.0,547.0,0.0,0,396.41,0.0,1,6.37,0.9,SPY210326P00378000,378.0,0,0.0,0.0,,0.0,normalDay
2021-03-16,7961.0,549.0,0.0,0,395.91,0.0,1,6.37,0.88,SPY210326P00378000,378.0,0,0.0,0.0,,0.0,normalDay
2021-03-17,7961.0,581.0,0.0,0,397.26,0.0,1,6.37,0.56,SPY210326P00378000,378.0,0,0.0,0.0,,0.0,normalDay
2021-03-18,7961.0,525.0,0.0,0,391.48,0.0,1,6.37,1.12,SPY210326P00378000,378.0,0,0.0,0.0,,0.0,normalDay
2021-03-19,7961.0,550.0,0.0,0,389.48,0.0,1,6.37,0.87,SPY210326P00378000,378.0,0,0.0,0.0,,0.0,normalDay
2021-03-22,7961.0,618.0,0.0,0,392.59,0.0,1,6.37,0.19,SPY210326P00378000,378.0,0,0.0,0.0,,0.0,normalDay
2021-03-23,7961.0,608.0,0.0,0,389.5,0.0,1,6.37,0.29,SPY210326P00378000,378.0,0,0.0,0.0,,0.0,normalDay
2021-03-24,7961.0,612.0,0.0,0,387.52,0.0,1,6.37,0.25,SPY210326P00378000,378.0,0,0.0,0.0,,0.0,normalDay
2021-03-25,7961.0,632.0,0.0,0,389.7,0.0,1,6.37,0.05,SPY210326P00378000,378.0,0,0.0,0.0,,0.0,normalDay
2021-03-26,8598.0,0.0,637.0,0,395.98,0.0,1,6.37,0.0,SPY210326P00378000,378.0,0,0.0,0.0,,0.0,expirationDay
2021-03-29,8598.0,-4.0,0.0,0,395.78,0.0,1,1.93,1.97,SPY210416P00379000,379.0,0,0.0,0.0,,0.0,normalDay
2021-03-30,8598.0,16.0,0.0,0,394.73,0.0,1,1.93,1.77,SPY210416P00379000,379.0,0,0.0,0.0,,0.0,normalDay
2021-03-31,8598.0,61.0,0.0,0,396.33,0.0,1,1.93,1.32,SPY210416P00379000,379.0,0,0.0,0.0,,0.0,normalDay
2021-04-01,8598.0,128.0,0.0,0,400.61,0.0,1,1.93,0.65,SPY210416P00379000,379.0,0,0.0,0.0,,0.0,normalDay
2021-04-05,8598.0,159.0,0.0,0,406.36,0.0,1,1.93,0.34,SPY210416P00379000,379.0,0,0.0,0.0,,0.0,normalDay
2021-04-06,8598.0,162.0,0.0,0,406.12,0.0,1,1.93,0.31,SPY210416P00379000,379.0,0,0.0,0.0,,0.0,normalDay
2021-04-07,8598.0,174.0,0.0,0,406.59,0.0,1,1.93,0.19,SPY210416P00379000,379.0,0,0.0,0.0,,0.0,normalDay
2021-04-08,8598.0,180.0,0.0,0,408.52,0.0,1,1.93,0.13,SPY210416P00379000,379.0,0,0.0,0.0,,0.0,normalDay
2021-04-09,8598.0,186.0,0.0,0,411.49,0.0,1,1.93,0.07,SPY210416P00379000,379.0,0,0.0,0.0,,0.0,normalDay
2021-04-12,8598.0,190.0,0.0,0,411.64,0.0,1,1.93,0.03,SPY210416P00379000,379.0,0,0.0,0.0,,0.0,normalDay
2021-04-13,8598.0,191.0,0.0,0,412.86,0.0,1,1.93,0.02,SPY210416P00379000,379.0,0,0.0,0.0,,0.0,normalDay
2021-04-14,8598.0,191.0,0.0,0,411.45,0.0,1,1.93,0.02,SPY210416P00379000,379.0,0,0.0,0.0,,0.0,normalDay
2021-04-15,8598.0,192.0,0.0,0,415.87,0.0,1,1.93,0.01,SPY210416P00379000,379.0,0,0.0,0.0,,0.0,normalDay
2021-04-16,8791.0,0.0,193.0,0,417.26,0.0,1,1.93,0.0,SPY210416P00379000,379.0,0,0.0,0.0,,0.0,expirationDay
2021-04-19,8791.0,-3.0,0.0,0,415.21,0.0,1,0.62,0.65,SPY210507P00385000,385.0,0,0.0,0.0,,0.0,normalDay
2021-04-20,8791.0,-28.0,0.0,0,412.17,0.0,1,0.62,0.9,SPY210507P00385000,385.0,0,0.0,0.0,,0.0,normalDay
2021-04-21,8791.0,15.0,0.0,0,416.07,0.0,1,0.62,0.47,SPY210507P00385000,385.0,0,0.0,0.0,,0.0,normalDay
2021-04-22,8791.0,-10.0,0.0,0,412.27,0.0,1,0.62,0.72,SPY210507P00385000,385.0,0,0.0,0.0,,0.0,normalDay
2021-04-23,8791.0,31.0,0.0,0,416.74,0.0,1,0.62,0.31,SPY210507P00385000,385.0,0,0.0,0.0,,0.0,normalDay
2021-04-26,8791.0,43.0,0.0,0,417.61,0.0,1,0.62,0.19,SPY210507P00385000,385.0,0,0.0,0.0,,0.0,normalDay
2021-04-27,8791.0,47.0,0.0,0,417.52,0.0,1,0.62,0.15,SPY210507P00385000,385.0,0,0.0,0.0,,0.0,normalDay
2021-04-28,8791.0,53.0,0.0,0,417.4,0.0,1,0.62,0.09,SPY210507P00385000,385.0,0,0.0,0.0,,0.0,normalDay
2021-04-29,8791.0,54.0,0.0,0,420.06,0.0,1,0.62,0.08,SPY210507P00385000,385.0,0,0.0,0.0,,0.0,normalDay
2021-04-30,8791.0,51.0,0.0,0,417.3,0.0,1,0.62,0.11,SPY210507P00385000,385.0,0,0.0,0.0,,0.0,normalDay
2021-05-03,8791.0,55.0,0.0,0,418.2,0.0,1,0.62,0.07,SPY210507P00385000,385.0,0,0.0,0.0,,0.0,normalDay
2021-05-04,8791.0,55.0,0.0,0,415.62,0.0,1,0.62,0.07,SPY210507P00385000,385.0,0,0.0,0.0,,0.0,normalDay
2021-05-05,8791.0,56.0,0.0,0,415.75,0.0,1,0.62,0.06,SPY210507P00385000,385.0,0,0.0,0.0,,0.0,normalDay
2021-05-06,8791.0,60.0,0.0,0,419.07,0.0,1,0.62,0.02,SPY210507P00385000,385.0,0,0.0,0.0,,0.0,normalDay
2021-05-07,8853.0,0.0,62.0,0,422.12,0.0,1,0.62,0.0,SPY210507P00385000,385.0,0,0.0,0.0,,0.0,expirationDay
2021-05-10,8853.0,-4.0,0.0,0,417.94,0.0,1,3.83,3.87,SPY210528P00411000,411.0,0,0.0,0.0,,0.0,normalDay
2021-05-11,8853.0,-149.0,0.0,0,414.21,0.0,1,3.83,5.32,SPY210528P00411000,411.0,0,0.0,0.0,,0.0,normalDay
2021-05-12,8853.0,-659.0,0.0,0,405.41,0.0,1,3.83,10.42,SPY210528P00411000,411.0,0,0.0,0.0,,0.0,normalDay
2021-05-13,8853.0,-307.0,0.0,0,410.28,0.0,1,3.83,6.9,SPY210528P00411000,411.0,0,0.0,0.0,,0.0,normalDay
2021-05-14,8853.0,80.0,0.0,0,416.58,0.0,1,3.83,3.03,SPY210528P00411000,411.0,0,0.0,0.0,,0.0,normalDay
2021-05-17,8853.0,78.0,0.0,0,415.52,0.0,1,3.83,3.05,SPY210528P00411000,411.0,0,0.0,0.0,,0.0,normalDay
2021-05-18,8853.0,-59.0,0.0,0,411.94,0.0,1,3.83,4.42,SPY210528P00411000,411.0,0,0.0,0.0,,0.0,normalDay
2021-05-19,8853.0,-86.0,0.0,0,410.86,0.0,1,3.83,4.69,SPY210528P00411000,411.0,0,0.0,0.0,,0.0,normalDay
2021-05-20,8853.0,125.0,0.0,0,415.28,0.0,1,3.83,2.58,SPY210528P00411000,411.0,0,0.0,0.0,,0.0,normalDay
2021-05-21,8853.0,172.0,0.0,0,414.94,0.0,1,3.83,2.11,SPY210528P00411000,411.0,0,0.0,0.0,,0.0,normalDay
2021-05-24,8853.0,332.0,0.0,0,419.17,0.0,1,3.83,0.51,SPY210528P00411000,411.0,0,0.0,0.0,,0.0,normalDay
2021-05-25,8853.0,328.0,0.0,0,418.24,0.0,1,3.83,0.55,SPY210528P00411000,411.0,0,0.0,0.0,,0.0,normalDay
2021-05-26,8853.0,361.0,0.0,0,419.07,0.0,1,3.83,0.22,SPY210528P00411000,411.0,0,0.0,0.0,,0.0,normalDay
2021-05-27,8853.0,377.0,0.0,0,419.29,0.0,1,3.83,0.06,SPY210528P00411000,411.0,0,0.0,0.0,,0.0,normalDay
2021-05-28,9236.0,0.0,383.0,0,420.04,0.0,1,3.83,0.0,SPY210528P00411000,411.0,0,0.0,0.0,,0.0,expirationDay
2021-06-01,9236.0,-3.0,0.0,0,419.67,0.0,1,2.25,2.28,SPY210618P00408000,408.0,0,0.0,0.0,,0.0,normalDay
2021-06-02,9236.0,39.0,0.0,0,420.33,0.0,1,2.25,1.86,SPY210618P00408000,408.0,0,0.0,0.0,,0.0,normalDay
2021-06-03,9236.0,11.0,0.0,0,418.77,0.0,1,2.25,2.14,SPY210618P00408000,408.0,0,0.0,0.0,,0.0,normalDay
2021-06-04,9236.0,107.0,0.0,0,422.6,0.0,1,2.25,1.18,SPY210618P00408000,408.0,0,0.0,0.0,,0.0,normalDay
2021-06-07,9236.0,139.0,0.0,0,422.19,0.0,1,2.25,0.86,SPY210618P00408000,408.0,0,0.0,0.0,,0.0,normalDay
2021-06-08,9236.0,128.0,0.0,0,422.28,0.0,1,2.25,0.97,SPY210618P00408000,408.0,0,0.0,0.0,,0.0,normalDay
2021-06-09,9236.0,113.0,0.0,0,421.65,0.0,1,2.25,1.12,SPY210618P00408000,408.0,0,0.0,0.0,,0.0,normalDay
2021-06-10,9236.0,173.0,0.0,0,423.61,0.0,1,2.25,0.52,SPY210618P00408000,408.0,0,0.0,0.0,,0.0,normalDay
2021-06-11,9236.0,187.0,0.0,0,424.31,0.0,1,2.25,0.38,SPY210618P00408000,408.0,0,0.0,0.0,,0.0,normalDay
2021-06-14,9236.0,202.0,0.0,0,425.26,0.0,1,2.25,0.23,SPY210618P00408000,408.0,0,0.0,0.0,,0.0,normalDay
2021-06-15,9236.0,196.0,0.0,0,424.48,0.0,1,2.25,0.29,SPY210618P00408000,408.0,0,0.0,0.0,,0.0,normalDay
2021-06-16,9236.0,186.0,0.0,0,422.11,0.0,1,2.25,0.39,SPY210618P00408000,408.0,0,0.0,0.0,,0.0,normalDay
2021-06-17,9236.0,211.0,0.0,0,421.97,0.0,1,2.25,0.14,SPY210618P00408000,408.0,0,0.0,0.0,,0.0,normalDay
2021-06-18,9461.0,0.0,225.0,0,414.92,0.0,1,2.25,0.0,SPY210618P00408000,408.0,0,0.0,0.0,,0.0,expirationDay
2021-06-21,9461.0,-4.0,0.0,0,420.86,0.0,1,3.09,3.13,SPY210709P00416000,416.0,0,0.0,0.0,,0.0,normalDay
2021-06-22,9461.0,84.0,0.0,0,423.11,0.0,1,3.09,2.25,SPY210709P00416000,416.0,0,0.0,0.0,,0.0,normalDay
2021-06-23,9461.0,102.0,0.0,0,422.6,0.0,1,3.09,2.07,SPY210709P00416000,416.0,0,0.0,0.0,,0.0,normalDay
2021-06-24,9461.0,166.0,0.0,0,425.1,0.0,1,3.09,1.43,SPY210709P00416000,416.0,0,0.0,0.0,,0.0,normalDay
2021-06-25,9461.0,209.0,0.0,0,426.61,0.0,1,3.09,1.0,SPY210709P00416000,416.0,0,0.0,0.0,,0.0,normalDay
2021-06-28,9461.0,237.0,0.0,0,427.47,0.0,1,3.09,0.72,SPY210709P00416000,416.0,0,0.0,0.0,,0.0,normalDay
2021-06-29,9461.0,247.0,0.0,0,427.7,0.0,1,3.09,0.62,SPY210709P00416000,416.0,0,0.0,0.0,,0.0,normalDay
2021-06-30,9461.0,267.0,0.0,0,428.06,0.0,1,3.09,0.42,SPY210709P00416000,416.0,0,0.0,0.0,,0.0,normalDay
2021-07-01,9461.0,278.0,0.0,0,430.43,0.0,1,3.09,0.31,SPY210709P00416000,416.0,0,0.0,0.0,,0.0,normalDay
2021-07-02,9461.0,298.0,0.0,0,433.72,0.0,1,3.09,0.11,SPY210709P00416000,416.0,0,0.0,0.0,,0.0,normalDay
2021-07-06,9461.0,304.0,0.0,0,432.93,0.0,1,3.09,0.05,SPY210709P00416000,416.0,0,0.0,0.0,,0.0,normalDay
2021-07-07,9461.0,306.0,0.0,0,434.46,0.0,1,3.09,0.03,SPY210709P00416000,416.0,0,0.0,0.0,,0.0,normalDay
2021-07-08,9461.0,306.0,0.0,0,430.92,0.0,1,3.09,0.03,SPY210709P00416000,416.0,0,0.0,0.0,,0.0,normalDay
2021-07-09,9770.0,0.0,309.0,0,435.52,0.0,1,3.09,0.0,SPY210709P00416000,416.0,0,0.0,0.0,,0.0,expirationDay
2021-07-12,9770.0,-3.0,0.0,0,437.08,0.0,1,1.05,1.08,SPY210730P00416000,416.0,0,0.0,0.0,,0.0,normalDay
2021-07-13,9770.0,-28.0,0.0,0,435.59,0.0,1,1.05,1.33,SPY210730P00416000,416.0,0,0.0,0.0,,0.0,normalDay
2021-07-14,9770.0,10.0,0.0,0,436.24,0.0,1,1.05,0.95,SPY210730P00416000,416.0,0,0.0,0.0,,0.0,normalDay
2021-07-15,9770.0,-7.0,0.0,0,434.75,0.0,1,1.05,1.12,SPY210730P00416000,416.0,0,0.0,0.0,,0.0,normalDay
2021-07-16,9770.0,-53.0,0.0,0,431.34,0.0,1,1.05,1.58,SPY210730P00416000,416.0,0,0.0,0.0,,0.0,normalDay
2021-07-19,9770.0,-196.0,0.0,0,424.97,0.0,1,1.05,3.01,SPY210730P00416000,416.0,0,0.0,0.0,,0.0,normalDay
2021-07-20,9770.0,-29.0,0.0,0,431.06,0.0,1,1.05,1.34,SPY210730P00416000,416.0,0,0.0,0.0,,0.0,normalDay
2021-07-21,9770.0,54.0,0.0,0,434.55,0.0,1,1.05,0.51,SPY210730P00416000,416.0,0,0.0,0.0,,0.0,normalDay
2021-07-22,9770.0,70.0,0.0,0,435.46,0.0,1,1.05,0.35,SPY210730P00416000,416.0,0,0.0,0.0,,0.0,normalDay
2021-07-23,9770.0,93.0,0.0,0,439.94,0.0,1,1.05,0.12,SPY210730P00416000,416.0,0,0.0,0.0,,0.0,normalDay
2021-07-26,9770.0,100.0,0.0,0,441.02,0.0,1,1.05,0.05,SPY210730P00416000,416.0,0,0.0,0.0,,0.0,normalDay
2021-07-27,9770.0,94.0,0.0,0,439.01,0.0,1,1.05,0.11,SPY210730P00416000,416.0,0,0.0,0.0,,0.0,normalDay
2021-07-28,9770.0,101.0,0.0,0,438.83,0.0,1,1.05,0.04,SPY210730P00416000,416.0,0,0.0,0.0,,0.0,normalDay
2021-07-29,9770.0,103.0,0.0,0,440.65,0.0,1,1.05,0.02,SPY210730P00416000,416.0,0,0.0,0.0,,0.0,normalDay
2021-07-30,9875.0,0.0,105.0,0,438.51,0.0,1,1.05,0.0,SPY210730P00416000,416.0,0,0.0,0.0,,0.0,expirationDay
2021-08-02,9875.0,-4.0,0.0,0,437.59,0.0,1,2.89,2.93,SPY210820P00428000,428.0,0,0.0,0.0,,0.0,normalDay
2021-08-03,9875.0,107.0,0.0,0,441.15,0.0,1,2.89,1.82,SPY210820P00428000,428.0,0,0.0,0.0,,0.0,normalDay
2021-08-04,9875.0,94.0,0.0,0,438.98,0.0,1,2.89,1.95,SPY210820P00428000,428.0,0,0.0,0.0,,0.0,normalDay
2021-08-05,9875.0,151.0,0.0,0,441.76,0.0,1,2.89,1.38,SPY210820P00428000,428.0,0,0.0,0.0,,0.0,normalDay
2021-08-06,9875.0,200.0,0.0,0,442.49,0.0,1,2.89,0.89,SPY210820P00428000,428.0,0,0.0,0.0,,0.0,normalDay
2021-08-09,9875.0,215.0,0.0,0,442.13,0.0,1,2.89,0.74,SPY210820P00428000,428.0,0,0.0,0.0,,0.0,normalDay
2021-08-10,9875.0,217.0,0.0,0,442.68,0.0,1,2.89,0.72,SPY210820P00428000,428.0,0,0.0,0.0,,0.0,normalDay
2021-08-11,9875.0,249.0,0.0,0,443.78,0.0,1,2.89,0.4,SPY210820P00428000,428.0,0,0.0,0.0,,0.0,normalDay
2021-08-12,9875.0,262.0,0.0,0,445.11,0.0,1,2.89,0.27,SPY210820P00428000,428.0,0,0.0,0.0,,0.0,normalDay
2021-08-13,9875.0,271.0,0.0,0,445.92,0.0,1,2.89,0.18,SPY210820P00428000,428.0,0,0.0,0.0,,0.0,normalDay
2021-08-16,9875.0,276.0,0.0,0,446.97,0.0,1,2.89,0.13,SPY210820P00428000,428.0,0,0.0,0.0,,0.0,normalDay
2021-08-17,9875.0,268.0,0.0,0,444.04,0.0,1,2.89,0.21,SPY210820P00428000,428.0,0,0.0,0.0,,0.0,normalDay
2021-08-18,9875.0,225.0,0.0,0,439.18,0.0,1,2.89,0.64,SPY210820P00428000,428.0,0,0.0,0.0,,0.0,normalDay
2021-08-19,9875.0,276.0,0.0,0,439.86,0.0,1,2.89,0.13,SPY210820P00428000,428.0,0,0.0,0.0,,0.0,normalDay
2021-08-20,10164.0,0.0,289.0,0,443.36,0.0,1,2.89,0.0,SPY210820P00428000,428.0,0,0.0,0.0,,0.0,expirationDay
2021-08-23,10164.0,-3.0,0.0,0,447.26,0.0,1,1.88,1.91,SPY210910P00436000,436.0,0,0.0,0.0,,0.0,normalDay
2021-08-24,10164.0,14.0,0.0,0,447.97,0.0,1,1.88,1.74,SPY210910P00436000,436.0,0,0.0,0.0,,0.0,normalDay
2021-08-25,10164.0,48.0,0.0,0,448.91,0.0,1,1.88,1.4,SPY210910P00436000,436.0,0,0.0,0.0,,0.0,normalDay
2021-08-26,10164.0,-28.0,0.0,0,446.26,0.0,1,1.88,2.16,SPY210910P00436000,436.0,0,0.0,0.0,,0.0,normalDay
2021-08-27,10164.0,95.0,0.0,0,450.25,0.0,1,1.88,0.93,SPY210910P00436000,436.0,0,0.0,0.0,,0.0,normalDay
2021-08-30,10164.0,135.0,0.0,0,452.23,0.0,1,1.88,0.53,SPY210910P00436000,436.0,0,0.0,0.0,,0.0,normalDay
2021-08-31,10164.0,133.0,0.0,0,451.56,0.0,1,1.88,0.55,SPY210910P00436000,436.0,0,0.0,0.0,,0.0,normalDay
2021-09-01,10164.0,149.0,0.0,0,451.8,0.0,1,1.88,0.39,SPY210910P00436000,436.0,0,0.0,0.0,,0.0,normalDay
2021-09-02,10164.0,152.0,0.0,0,453.19,0.0,1,1.88,0.36,SPY210910P00436000,436.0,0,0.0,0.0,,0.0,normalDay
2021-09-03,10164.0,167.0,0.0,0,453.08,0.0,1,1.88,0.21,SPY210910P00436000,436.0,0,0.0,0.0,,0.0,normalDay
2021-09-07,10164.0,175.0,0.0,0,451.46,0.0,1,1.88,0.13,SPY210910P00436000,436.0,0,0.0,0.0,,0.0,normalDay
2021-09-08,10164.0,180.0,0.0,0,450.91,0.0,1,1.88,0.08,SPY210910P00436000,436.0,0,0.0,0.0,,0.0,normalDay
2021-09-09,10164.0,183.0,0.0,0,448.98,0.0,1,1.88,0.05,SPY210910P00436000,436.0,0,0.0,0.0,,0.0,normalDay
2021-09-10,10352.0,0.0,188.0,0,445.44,0.0,1,1.88,0.0,SPY210910P00436000,436.0,0,0.0,0.0,,0.0,expirationDay
2021-09-13,10352.0,-4.0,0.0,0,446.58,0.0,1,4.04,4.08,SPY211001P00440000,440.0,0,0.0,0.0,,0.0,normalDay
2021-09-14,10352.0,-72.0,0.0,0,444.17,0.0,1,4.04,4.76,SPY211001P00440000,440.0,0,0.0,0.0,,0.0,normalDay
2021-09-15,10352.0,102.0,0.0,0,447.88,0.0,1,4.04,3.02,SPY211001P00440000,440.0,0,0.0,0.0,,0.0,normalDay
2021-09-16,10352.0,85.0,0.0,0,447.17,0.0,1,4.04,3.19,SPY211001P00440000,440.0,0,0.0,0.0,,0.0,normalDay
2021-09-17,10352.0,-88.0,0.0,0,441.4,0.0,1,4.04,4.92,SPY211001P00440000,440.0,0,0.0,0.0,,0.0,normalDay
2021-09-20,10352.0,-520.0,0.0,0,434.04,0.0,1,4.04,9.24,SPY211001P00440000,440.0,0,0.0,0.0,,0.0,normalDay
2021-09-21,10352.0,-501.0,0.0,0,433.63,0.0,1,4.04,9.05,SPY211001P00440000,440.0,0,0.0,0.0,,0.0,normalDay
2021-09-22,10352.0,-130.0,0.0,0,437.86,0.0,1,4.04,5.34,SPY211001P00440000,440.0,0,0.0,0.0,,0.0,normalDay
2021-09-23,10352.0,155.0,0.0,0,443.18,0.0,1,4.04,2.49,SPY211001P00440000,440.0,0,0.0,0.0,,0.0,normalDay
2021-09-24,10352.0,233.0,0.0,0,443.91,0.0,1,4.04,1.71,SPY211001P00440000,440.0,0,0.0,0.0,,0.0,normalDay
2021-09-27,10352.0,242.0,0.0,0,442.64,0.0,1,4.04,1.62,SPY211001P00440000,440.0,0,0.0,0.0,,0.0,normalDay
2021-09-28,10352.0,-277.0,0.0,0,433.72,0.0,1,4.04,6.81,SPY211001P00440000,440.0,0,0.0,0.0,,0.0,normalDay
2021-09-29,10352.0,-178.0,0.0,0,434.45,0.0,1,4.04,5.82,SPY211001P00440000,440.0,0,0.0,0.0,,0.0,normalDay
2021-09-30,10352.0,-631.0,0.0,0,429.14,0.0,1,4.04,10.35,SPY211001P00440000,440.0,0,0.0,0.0,,0.0,normalDay
2021-10-01,10756.0,-576.0,404.0,100,434.24,440.0,1,4.04,0.0,SPY211001P00440000,440.0,0,0.0,0.0,,0.0,expirationDay
2021-10-04,10756.0,-1139.0,0.0,100,428.64,440.0,0,0.0,0.0,,0.0,1,0.06,0.09,SPY211022C00459000,459.0,normalDay
2021-10-05,10756.0,-694.0,0.0,100,433.1,440.0,0,0.0,0.0,,0.0,1,0.06,0.1,SPY211022C00459000,459.0,normalDay
2021-10-06,10756.0,-514.0,0.0,100,434.9,440.0,0,0.0,0.0,,0.0,1,0.06,0.1,SPY211022C00459000,459.0,normalDay
2021-10-07,10756.0,-139.0,0.0,100,438.66,440.0,0,0.0,0.0,,0.0,1,0.06,0.11,SPY211022C00459000,459.0,normalDay
2021-10-08,10756.0,-212.0,0.0,100,437.86,440.0,0,0.0,0.0,,0.0,1,0.06,0.04,SPY211022C00459000,459.0,normalDay
2021-10-11,10756.0,-528.0,0.0,100,434.69,440.0,0,0.0,0.0,,0.0,1,0.06,0.03,SPY211022C00459000,459.0,normalDay
2021-10-12,10756.0,-634.0,0.0,100,433.62,440.0,0,0.0,0.0,,0.0,1,0.06,0.02,SPY211022C00459000,459.0,normalDay
2021-10-13,10756.0,-479.0,0.0,100,435.18,440.0,0,0.0,0.0,,0.0,1,0.06,0.03,SPY211022C00459000,459.0,normalDay
2021-10-14,10756.0,250.0,0.0,100,442.5,440.0,0,0.0,0.0,,0.0,1,0.06,0.06,SPY211022C00459000,459.0,normalDay
2021-10-15,10756.0,588.0,0.0,100,445.87,440.0,0,0.0,0.0,,0.0,1,0.06,0.05,SPY211022C00459000,459.0,normalDay
2021-10-18,10756.0,721.0,0.0,100,447.19,440.0,0,0.0,0.0,,0.0,1,0.06,0.04,SPY211022C00459000,459.0,normalDay
2021-10-19,10756.0,1065.0,0.0,100,450.64,440.0,0,0.0,0.0,,0.0,1,0.06,0.05,SPY211022C00459000,459.0,normalDay
2021-10-20,10756.0,1243.0,0.0,100,452.41,440.0,0,0.0,0.0,,0.0,1,0.06,0.04,SPY211022C00459000,459.0,normalDay
2021-10-21,10756.0,1362.0,0.0,100,453.59,440.0,0,0.0,0.0,,0.0,1,0.06,0.03,SPY211022C00459000,459.0,normalDay
2021-10-22,10762.0,1312.0,6.0,100,453.12,440.0,0,0.0,0.0,,0.0,1,0.06,0.0,SPY211022C00459000,459.0,expirationDay
2021-10-25,10762.0,1550.0,0.0,100,455.55,440.0,0,0.0,0.0,,0.0,1,1.33,1.38,SPY211112C00462000,462.0,normalDay
2021-10-26,10762.0,1545.0,0.0,100,455.96,440.0,0,0.0,0.0,,0.0,1,1.33,1.84,SPY211112C00462000,462.0,normalDay
2021-10-27,10762.0,1392.0,0.0,100,453.94,440.0,0,0.0,0.0,,0.0,1,1.33,1.35,SPY211112C00462000,462.0,normalDay
2021-10-28,10762.0,1733.0,0.0,100,458.32,440.0,0,0.0,0.0,,0.0,1,1.33,2.32,SPY211112C00462000,462.0,normalDay
2021-10-29,10762.0,1787.0,0.0,100,459.25,440.0,0,0.0,0.0,,0.0,1,1.33,2.71,SPY211112C00462000,462.0,normalDay
2021-11-01,10762.0,1864.0,0.0,100,460.04,440.0,0,0.0,0.0,,0.0,1,1.33,2.73,SPY211112C00462000,462.0,normalDay
2021-11-02,10762.0,1984.0,0.0,100,461.9,440.0,0,0.0,0.0,,0.0,1,1.33,3.39,SPY211112C00462000,462.0,normalDay
2021-11-03,10762.0,2122.0,0.0,100,464.72,440.0,0,0.0,0.0,,0.0,1,1.33,4.83,SPY211112C00462000,462.0,normalDay
2021-11-04,10762.0,2213.0,0.0,100,466.91,440.0,0,0.0,0.0,,0.0,1,1.33,6.11,SPY211112C00462000,462.0,normalDay
2021-11-05,10762.0,2253.0,0.0,100,468.53,440.0,0,0.0,0.0,,0.0,1,1.33,7.33,SPY211112C00462000,462.0,normalDay
2021-11-08,10762.0,2298.0,0.0,100,468.93,440.0,0,0.0,0.0,,0.0,1,1.33,7.28,SPY211112C00462000,462.0,normalDay
2021-11-09,10762.0,2282.0,0.0,100,467.38,440.0,0,0.0,0.0,,0.0,1,1.33,5.89,SPY211112C00462000,462.0,normalDay
2021-11-10,10762.0,2192.0,0.0,100,463.62,440.0,0,0.0,0.0,,0.0,1,1.33,3.03,SPY211112C00462000,462.0,normalDay
2021-11-11,10762.0,2246.0,0.0,100,463.77,440.0,0,0.0,0.0,,0.0,1,1.33,2.64,SPY211112C00462000,462.0,normalDay
2021-11-12,13095.0,2246.0,2333.0,0,467.27,0.0,0,0.0,0.0,,0.0,1,1.33,0.0,SPY211112C00462000,462.0,expirationDay
2021-11-15,13095.0,-4.0,0.0,0,467.43,0.0,1,1.3,1.34,SPY211203P00449000,449.0,0,0.0,0.0,,0.0,normalDay
2021-11-16,13095.0,22.0,0.0,0,469.28,0.0,1,1.3,1.08,SPY211203P00449000,449.0,0,0.0,0.0,,0.0,normalDay
2021-11-17,13095.0,18.0,0.0,0,468.14,0.0,1,1.3,1.12,SPY211203P00449000,449.0,0,0.0,0.0,,0.0,normalDay
2021-11-18,13095.0,37.0,0.0,0,469.73,0.0,1,1.3,0.93,SPY211203P00449000,449.0,0,0.0,0.0,,0.0,normalDay
2021-11-19,13095.0,38.0,0.0,0,468.89,0.0,1,1.3,0.92,SPY211203P00449000,449.0,0,0.0,0.0,,0.0,normalDay
2021-11-22,13095.0,33.0,0.0,0,467.57,0.0,1,1.3,0.97,SPY211203P00449000,449.0,0,0.0,0.0,,0.0,normalDay
2021-11-23,13095.0,45.0,0.0,0,468.19,0.0,1,1.3,0.85,SPY211203P00449000,449.0,0,0.0,0.0,,0.0,normalDay
2021-11-24,13095.0,75.0,0.0,0,469.44,0.0,1,1.3,0.55,SPY211203P00449000,449.0,0,0.0,0.0,,0.0,normalDay
2021-11-26,13095.0,-282.0,0.0,0,458.97,0.0,1,1.3,4.12,SPY211203P00449000,449.0,0,0.0,0.0,,0.0,normalDay
2021-11-29,13095.0,69.0,0.0,0,464.6,0.0,1,1.3,0.61,SPY211203P00449000,449.0,0,0.0,0.0,,0.0,normalDay
2021-11-30,13095.0,-38.0,0.0,0,455.56,0.0,1,1.3,1.68,SPY211203P00449000,449.0,0,0.0,0.0,,0.0,normalDay
2021-12-01,13095.0,-257.0,0.0,0,450.5,0.0,1,1.3,3.87,SPY211203P00449000,449.0,0,0.0,0.0,,0.0,normalDay
2021-12-02,13095.0,82.0,0.0,0,457.4,0.0,1,1.3,0.48,SPY211203P00449000,449.0,0,0.0,0.0,,0.0,normalDay
2021-12-03,13225.0,0.0,130.0,0,453.42,0.0,1,1.3,0.0,SPY211203P00449000,449.0,0,0.0,0.0,,0.0,expirationDay
2021-12-06,13225.0,-6.0,0.0,0,458.79,0.0,1,6.91,6.97,SPY211223P00453000,453.0,0,0.0,0.0,,0.0,normalDay
2021-12-07,13225.0,387.0,0.0,0,468.28,0.0,1,6.91,3.04,SPY211223P00453000,453.0,0,0.0,0.0,,0.0,normalDay
2021-12-08,13225.0,480.0,0.0,0,469.52,0.0,1,6.91,2.11,SPY211223P00453000,453.0,0,0.0,0.0,,0.0,normalDay
2021-12-09,13225.0,400.0,0.0,0,466.35,0.0,1,6.91,2.91,SPY211223P00453000,453.0,0,0.0,0.0,,0.0,normalDay
2021-12-10,13225.0,551.0,0.0,0,470.74,0.0,1,6.91,1.4,SPY211223P00453000,453.0,0,0.0,0.0,,0.0,normalDay
2021-12-13,13225.0,502.0,0.0,0,466.57,0.0,1,6.91,1.89,SPY211223P00453000,453.0,0,0.0,0.0,,0.0,normalDay
2021-12-14,13225.0,421.0,0.0,0,463.36,0.0,1,6.91,2.7,SPY211223P00453000,453.0,0,0.0,0.0,,0.0,normalDay
2021-12-15,13225.0,612.0,0.0,0,470.6,0.0,1,6.91,0.79,SPY211223P00453000,453.0,0,0.0,0.0,,0.0,normalDay
2021-12-16,13225.0,562.0,0.0,0,466.45,0.0,1,6.91,1.29,SPY211223P00453000,453.0,0,0.0,0.0,,0.0,normalDay
2021-12-17,13225.0,494.0,0.0,0,459.87,0.0,1,6.91,1.97,SPY211223P00453000,453.0,0,0.0,0.0,,0.0,normalDay
2021-12-20,13225.0,415.0,0.0,0,454.98,0.0,1,6.91,2.76,SPY211223P00453000,453.0,0,0.0,0.0,,0.0,normalDay
2021-12-21,13225.0,656.0,0.0,0,463.06,0.0,1,6.91,0.35,SPY211223P00453000,453.0,0,0.0,0.0,,0.0,normalDay
2021-12-22,13225.0,688.0,0.0,0,467.69,0.0,1,6.91,0.03,SPY211223P00453000,453.0,0,0.0,0.0,,0.0,normalDay
2021-12-23,13916.0,0.0,691.0,0,470.6,0.0,1,6.91,0.0,SPY211223P00453000,453.0,0,0.0,0.0,,0.0,expirationDay
2021-12-27,13916.0,-3.0,0.0,0,477.26,0.0,1,1.05,1.08,SPY220114P00451000,451.0,0,0.0,0.0,,0.0,normalDay
2021-12-28,13916.0,6.0,0.0,0,476.87,0.0,1,1.05,0.99,SPY220114P00451000,451.0,0,0.0,0.0,,0.0,normalDay
2021-12-29,13916.0,34.0,0.0,0,477.48,0.0,1,1.05,0.71,SPY220114P00451000,451.0,0,0.0,0.0,,0.0,normalDay
2021-12-30,13916.0,25.0,0.0,0,476.16,0.0,1,1.05,0.8,SPY220114P00451000,451.0,0,0.0,0.0,,0.0,normalDay
2021-12-31,13916.0,37.0,0.0,0,474.96,0.0,1,1.05,0.68,SPY220114P00451000,451.0,0,0.0,0.0,,0.0,normalDay
2022-01-03,13916.0,71.0,0.0,0,477.71,0.0,1,1.05,0.34,SPY220114P00451000,451.0,0,0.0,0.0,,0.0,normalDay
2022-01-04,13916.0,73.0,0.0,0,477.55,0.0,1,1.05,0.32,SPY220114P00451000,451.0,0,0.0,0.0,,0.0,normalDay
2022-01-05,13916.0,-5.0,0.0,0,468.38,0.0,1,1.05,1.1,SPY220114P00451000,451.0,0,0.0,0.0,,0.0,normalDay
2022-01-06,13916.0,22.0,0.0,0,467.94,0.0,1,1.05,0.83,SPY220114P00451000,451.0,0,0.0,0.0,,0.0,normalDay
2022-01-07,13916.0,56.0,0.0,0,466.09,0.0,1,1.05,0.49,SPY220114P00451000,451.0,0,0.0,0.0,,0.0,normalDay
2022-01-10,13916.0,52.0,0.0,0,465.51,0.0,1,1.05,0.53,SPY220114P00451000,451.0,0,0.0,0.0,,0.0,normalDay
2022-01-11,13916.0,88.0,0.0,0,469.75,0.0,1,1.05,0.17,SPY220114P00451000,451.0,0,0.0,0.0,,0.0,normalDay
2022-01-12,13916.0,101.0,0.0,0,471.02,0.0,1,1.05,0.04,SPY220114P00451000,451.0,0,0.0,0.0,,0.0,normalDay
2022-01-13,13916.0,97.0,0.0,0,464.53,0.0,1,1.05,0.08,SPY220114P00451000,451.0,0,0.0,0.0,,0.0,normalDay
2022-01-14,14021.0,0.0,105.0,0,464.72,0.0,1,1.05,0.0,SPY220114P00451000,451.0,0,0.0,0.0,,0.0,expirationDay
2022-01-18,14021.0,-5.0,0.0,0,456.49,0.0,1,8.07,8.12,SPY220204P00456000,456.0,0,0.0,0.0,,0.0,normalDay
2022-01-19,14021.0,-176.0,0.0,0,451.75,0.0,1,8.07,9.83,SPY220204P00456000,456.0,0,0.0,0.0,,0.0,normalDay
2022-01-20,14021.0,-522.0,0.0,0,446.75,0.0,1,8.07,13.29,SPY220204P00456000,456.0,0,0.0,0.0,,0.0,normalDay
2022-01-21,14021.0,-1163.0,0.0,0,437.98,0.0,1,8.07,19.7,SPY220204P00456000,456.0,0,0.0,0.0,,0.0,normalDay
2022-01-24,14021.0,-1128.0,0.0,0,439.84,0.0,1,8.07,19.35,SPY220204P00456000,456.0,0,0.0,0.0,,0.0,normalDay
2022-01-25,14021.0,-1617.0,0.0,0,434.47,0.0,1,8.07,24.24,SPY220204P00456000,456.0,0,0.0,0.0,,0.0,normalDay
2022-01-26,14021.0,-1598.0,0.0,0,433.38,0.0,1,8.07,24.05,SPY220204P00456000,456.0,0,0.0,0.0,,0.0,normalDay
2022-01-27,14021.0,-1674.0,0.0,0,431.24,0.0,1,8.07,24.81,SPY220204P00456000,456.0,0,0.0,0.0,,0.0,normalDay
2022-01-28,14021.0,-727.0,0.0,0,441.95,0.0,1,8.07,15.34,SPY220204P00456000,456.0,0,0.0,0.0,,0.0,normalDay
2022-01-31,14021.0,-66.0,0.0,0,449.91,0.0,1,8.07,8.73,SPY220204P00456000,456.0,0,0.0,0.0,,0.0,normalDay
2022-02-01,14021.0,323.0,0.0,0,452.95,0.0,1,8.07,4.84,SPY220204P00456000,456.0,0,0.0,0.0,,0.0,normalDay
2022-02-02,14021.0,478.0,0.0,0,457.35,0.0,1,8.07,3.29,SPY220204P00456000,456.0,0,0.0,0.0,,0.0,normalDay
2022-02-03,14021.0,116.0,0.0,0,446.6,0.0,1,8.07,6.91,SPY220204P00456000,456.0,0,0.0,0.0,,0.0,normalDay
2022-02-04,14828.0,-730.0,807.0,100,448.7,456.0,1,8.07,0.0,SPY220204P00456000,456.0,0,0.0,0.0,,0.0,expirationDay
2022-02-07,14828.0,-877.0,0.0,100,447.26,456.0,0,0.0,0.0,,0.0,1,0.05,0.08,SPY220225C00481000,481.0,normalDay
2022-02-08,14828.0,-510.0,0.0,100,450.94,456.0,0,0.0,0.0,,0.0,1,0.05,0.09,SPY220225C00481000,481.0,normalDay
2022-02-09,14828.0,139.0,0.0,100,457.54,456.0,0,0.0,0.0,,0.0,1,0.05,0.2,SPY220225C00481000,481.0,normalDay
2022-02-10,14828.0,-670.0,0.0,100,449.32,456.0,0,0.0,0.0,,0.0,1,0.05,0.07,SPY220225C00481000,481.0,normalDay
2022-02-11,14828.0,-1553.0,0.0,100,440.46,456.0,0,0.0,0.0,,0.0,1,0.05,0.04,SPY220225C00481000,481.0,normalDay
2022-02-14,14828.0,-1696.0,0.0,100,439.02,456.0,0,0.0,0.0,,0.0,1,0.05,0.03,SPY220225C00481000,481.0,normalDay
2022-02-15,14828.0,-988.0,0.0,100,446.1,456.0,0,0.0,0.0,,0.0,1,0.05,0.03,SPY220225C00481000,481.0,normalDay
2022-02-16,14828.0,-937.0,0.0,100,446.6,456.0,0,0.0,0.0,,0.0,1,0.05,0.02,SPY220225C00481000,481.0,normalDay
2022-02-17,14828.0,-1890.0,0.0,100,437.06,456.0,0,0.0,0.0,,0.0,1,0.05,0.01,SPY220225C00481000,481.0,normalDay
2022-02-18,14828.0,-2173.0,0.0,100,434.23,456.0,0,0.0,0.0,,0.0,1,0.05,0.01,SPY220225C00481000,481.0,normalDay
2022-02-22,14828.0,-2639.0,0.0,100,429.57,456.0,0,0.0,0.0,,0.0,1,0.05,0.01,SPY220225C00481000,481.0,normalDay
2022-02-23,14828.0,-3401.0,0.0,100,421.95,456.0,0,0.0,0.0,,0.0,1,0.05,0.01,SPY220225C00481000,481.0,normalDay
2022-02-24,14828.0,-2766.0,0.0,100,428.3,456.0,0,0.0,0.0,,0.0,1,0.05,0.01,SPY220225C00481000,481.0,normalDay
2022-02-25,14833.0,-1825.0,5.0,100,437.75,456.0,0,0.0,0.0,,0.0,1,0.05,0.0,SPY220225C00481000,481.0,expirationDay
2022-02-28,14833.0,-1940.0,0.0,100,436.63,456.0,0,0.0,0.0,,0.0,1,0.37,0.4,SPY220318C00467000,467.0,normalDay
2022-03-01,14833.0,-2590.0,0.0,100,429.98,456.0,0,0.0,0.0,,0.0,1,0.37,0.25,SPY220318C00467000,467.0,normalDay
2022-03-02,14833.0,-1805.0,0.0,100,437.89,456.0,0,0.0,0.0,,0.0,1,0.37,0.31,SPY220318C00467000,467.0,normalDay
2022-03-03,14833.0,-2009.0,0.0,100,435.71,456.0,0,0.0,0.0,,0.0,1,0.37,0.17,SPY220318C00467000,467.0,normalDay
2022-03-04,14833.0,-2354.0,0.0,100,432.17,456.0,0,0.0,0.0,,0.0,1,0.37,0.08,SPY220318C00467000,467.0,normalDay
2022-03-07,14833.0,-3624.0,0.0,100,419.43,456.0,0,0.0,0.0,,0.0,1,0.37,0.04,SPY220318C00467000,467.0,normalDay
2022-03-08,14833.0,-3942.0,0.0,100,416.25,456.0,0,0.0,0.0,,0.0,1,0.37,0.04,SPY220318C00467000,467.0,normalDay
2022-03-09,14833.0,-2828.0,0.0,100,427.41,456.0,0,0.0,0.0,,0.0,1,0.37,0.06,SPY220318C00467000,467.0,normalDay
2022-03-10,14833.0,-3018.0,0.0,100,425.48,456.0,0,0.0,0.0,,0.0,1,0.37,0.03,SPY220318C00467000,467.0,normalDay
2022-03-11,14833.0,-3559.0,0.0,100,420.07,456.0,0,0.0,0.0,,0.0,1,0.37,0.03,SPY220318C00467000,467.0,normalDay
2022-03-14,14833.0,-3865.0,0.0,100,417.0,456.0,0,0.0,0.0,,0.0,1,0.37,0.02,SPY220318C00467000,467.0,normalDay
2022-03-15,14833.0,-2947.0,0.0,100,426.17,456.0,0,0.0,0.0,,0.0,1,0.37,0.01,SPY220318C00467000,467.0,normalDay
2022-03-16,14833.0,-2002.0,0.0,100,435.62,456.0,0,0.0,0.0,,0.0,1,0.37,0.01,SPY220318C00467000,467.0,normalDay
2022-03-17,14833.0,-1457.0,0.0,100,441.07,456.0,0,0.0,0.0,,0.0,1,0.37,0.01,SPY220318C00467000,467.0,normalDay
2022-03-18,14870.0,-1148.0,37.0,100,444.52,456.0,0,0.0,0.0,,0.0,1,0.37,0.0,SPY220318C00467000,467.0,expirationDay
2022-03-21,14870.0,-1167.0,0.0,100,444.39,456.0,0,0.0,0.0,,0.0,1,4.15,4.21,SPY220408C00452000,452.0,normalDay
2022-03-22,14870.0,-824.0,0.0,100,449.59,456.0,0,0.0,0.0,,0.0,1,4.15,5.98,SPY220408C00452000,452.0,normalDay
2022-03-23,14870.0,-1147.0,0.0,100,443.8,456.0,0,0.0,0.0,,0.0,1,4.15,3.42,SPY220408C00452000,452.0,normalDay
2022-03-24,14870.0,-700.0,0.0,100,450.49,456.0,0,0.0,0.0,,0.0,1,4.15,5.64,SPY220408C00452000,452.0,normalDay
2022-03-25,14870.0,-540.0,0.0,100,452.69,456.0,0,0.0,0.0,,0.0,1,4.15,6.24,SPY220408C00452000,452.0,normalDay
2022-03-28,14870.0,-346.0,0.0,100,455.91,456.0,0,0.0,0.0,,0.0,1,4.15,7.52,SPY220408C00452000,452.0,normalDay
2022-03-29,14870.0,-153.0,0.0,100,461.55,456.0,0,0.0,0.0,,0.0,1,4.15,11.23,SPY220408C00452000,452.0,normalDay
2022-03-30,14870.0,-248.0,0.0,100,458.7,456.0,0,0.0,0.0,,0.0,1,4.15,9.33,SPY220408C00452000,452.0,normalDay
2022-03-31,14870.0,-480.0,0.0,100,451.64,456.0,0,0.0,0.0,,0.0,1,4.15,4.59,SPY220408C00452000,452.0,normalDay
2022-04-01,14870.0,-279.0,0.0,100,452.92,456.0,0,0.0,0.0,,0.0,1,4.15,3.86,SPY220408C00452000,452.0,normalDay
2022-04-04,14870.0,-90.0,0.0,100,456.8,456.0,0,0.0,0.0,,0.0,1,4.15,5.85,SPY220408C00452000,452.0,normalDay
2022-04-05,14870.0,-339.0,0.0,100,451.03,456.0,0,0.0,0.0,,0.0,1,4.15,2.57,SPY220408C00452000,452.0,normalDay
2022-04-06,14870.0,-595.0,0.0,100,446.52,456.0,0,0.0,0.0,,0.0,1,4.15,0.62,SPY220408C00452000,452.0,normalDay
2022-04-07,14870.0,-362.0,0.0,100,448.77,456.0,0,0.0,0.0,,0.0,1,4.15,0.54,SPY220408C00452000,452.0,normalDay
2022-04-08,15285.0,-843.0,415.0,100,447.57,456.0,0,0.0,0.0,,0.0,1,4.15,0.0,SPY220408C00452000,452.0,expirationDay
2022-04-11,15285.0,-1611.0,0.0,100,439.92,456.0,0,0.0,0.0,,0.0,1,0.08,0.11,SPY220429C00469000,469.0,normalDay
2022-04-12,15285.0,-1771.0,0.0,100,438.29,456.0,0,0.0,0.0,,0.0,1,0.08,0.08,SPY220429C00469000,469.0,normalDay
2022-04-13,15285.0,-1270.0,0.0,100,443.31,456.0,0,0.0,0.0,,0.0,1,0.08,0.09,SPY220429C00469000,469.0,normalDay
2022-04-14,15285.0,-1817.0,0.0,100,437.79,456.0,0,0.0,0.0,,0.0,1,0.08,0.04,SPY220429C00469000,469.0,normalDay
2022-04-18,15285.0,-1797.0,0.0,100,437.97,456.0,0,0.0,0.0,,0.0,1,0.08,0.02,SPY220429C00469000,469.0,normalDay
2022-04-19,15285.0,-1092.0,0.0,100,445.04,456.0,0,0.0,0.0,,0.0,1,0.08,0.04,SPY220429C00469000,469.0,normalDay
2022-04-20,15285.0,-1124.0,0.0,100,444.71,456.0,0,0.0,0.0,,0.0,1,0.08,0.03,SPY220429C00469000,469.0,normalDay
2022-04-21,15285.0,-1788.0,0.0,100,438.06,456.0,0,0.0,0.0,,0.0,1,0.08,0.02,SPY220429C00469000,469.0,normalDay
2022-04-22,15285.0,-2990.0,0.0,100,426.04,456.0,0,0.0,0.0,,0.0,1,0.08,0.02,SPY220429C00469000,469.0,normalDay
2022-04-25,15285.0,-2742.0,0.0,100,428.51,456.0,0,0.0,0.0,,0.0,1,0.08,0.01,SPY220429C00469000,469.0,normalDay
2022-04-26,15285.0,-3983.0,0.0,100,416.1,456.0,0,0.0,0.0,,0.0,1,0.08,0.01,SPY220429C00469000,469.0,normalDay
2022-04-27,15285.0,-3866.0,0.0,100,417.27,456.0,0,0.0,0.0,,0.0,1,0.08,0.01,SPY220429C00469000,469.0,normalDay
2022-04-28,15285.0,-2812.0,0.0,100,427.81,456.0,0,0.0,0.0,,0.0,1,0.08,0.01,SPY220429C00469000,469.0,normalDay
2022-04-29,15293.0,-4400.0,8.0,100,412.0,456.0,0,0.0,0.0,,0.0,1,0.08,0.0,SPY220429C00469000,469.0,expirationDay
2022-05-02,15293.0,-4155.0,0.0,100,414.48,456.0,0,0.0,0.0,,0.0,1,0.02,0.05,SPY220520C00469000,469.0,normalDay
2022-05-03,15293.0,-3963.0,0.0,100,416.38,456.0,0,0.0,0.0,,0.0,1,0.02,0.03,SPY220520C00469000,469.0,normalDay
2022-05-04,15293.0,-2698.0,0.0,100,429.06,456.0,0,0.0,0.0,,0.0,1,0.02,0.06,SPY220520C00469000,469.0,normalDay
2022-05-05,15293.0,-4221.0,0.0,100,413.81,456.0,0,0.0,0.0,,0.0,1,0.02,0.04,SPY220520C00469000,469.0,normalDay
2022-05-06,15293.0,-4467.0,0.0,100,411.34,456.0,0,0.0,0.0,,0.0,1,0.02,0.03,SPY220520C00469000,469.0,normalDay
2022-05-09,15293.0,-5784.0,0.0,100,398.17,456.0,0,0.0,0.0,,0.0,1,0.02,0.03,SPY220520C00469000,469.0,normalDay
2022-05-10,15293.0,-5691.0,0.0,100,399.09,456.0,0,0.0,0.0,,0.0,1,0.02,0.02,SPY220520C00469000,469.0,normalDay
2022-05-11,15293.0,-6325.0,0.0,100,392.75,456.0,0,0.0,0.0,,0.0,1,0.02,0.02,SPY220520C00469000,469.0,normalDay
2022-05-12,15293.0,-6365.0,0.0,100,392.34,456.0,0,0.0,0.0,,0.0,1,0.02,0.01,SPY220520C00469000,469.0,normalDay
2022-05-13,15293.0,-5427.0,0.0,100,401.72,456.0,0,0.0,0.0,,0.0,1,0.02,0.01,SPY220520C00469000,469.0,normalDay
2022-05-16,15293.0,-5590.0,0.0,100,400.09,456.0,0,0.0,0.0,,0.0,1,0.02,0.01,SPY220520C00469000,469.0,normalDay
2022-05-17,15293.0,-4767.0,0.0,100,408.32,456.0,0,0.0,0.0,,0.0,1,0.02,0.01,SPY220520C00469000,469.0,normalDay
2022-05-18,15293.0,-6413.0,0.0,100,391.86,456.0,0,0.0,0.0,,0.0,1,0.02,0.01,SPY220520C00469000,469.0,normalDay
2022-05-19,15293.0,-6653.0,0.0,100,389.46,456.0,0,0.0,0.0,,0.0,1,0.02,0.01,SPY220520C00469000,469.0,normalDay
2022-05-20,15295.0,-6637.0,2.0,100,389.63,456.0,0,0.0,0.0,,0.0,1,0.02,0.0,SPY220520C00469000,469.0,expirationDay
2022-05-23,15295.0,-5911.0,0.0,100,396.92,456.0,0,0.0,0.0,,0.0,1,0.15,0.18,SPY220610C00437000,437.0,normalDay
2022-05-24,15295.0,-6210.0,0.0,100,393.89,456.0,0,0.0,0.0,,0.0,1,0.15,0.14,SPY220610C00437000,437.0,normalDay
2022-05-25,15295.0,-5862.0,0.0,100,397.37,456.0,0,0.0,0.0,,0.0,1,0.15,0.14,SPY220610C00437000,437.0,normalDay
2022-05-26,15295.0,-5078.0,0.0,100,405.31,456.0,0,0.0,0.0,,0.0,1,0.15,0.24,SPY220610C00437000,437.0,normalDay
2022-05-27,15295.0,-4128.0,0.0,100,415.26,456.0,0,0.0,0.0,,0.0,1,0.15,0.69,SPY220610C00437000,437.0,normalDay
2022-05-31,15295.0,-4321.0,0.0,100,412.93,456.0,0,0.0,0.0,,0.0,1,0.15,0.29,SPY220610C00437000,437.0,normalDay
2022-06-01,15295.0,-4637.0,0.0,100,409.59,456.0,0,0.0,0.0,,0.0,1,0.15,0.11,SPY220610C00437000,437.0,normalDay
2022-06-02,15295.0,-3870.0,0.0,100,417.39,456.0,0,0.0,0.0,,0.0,1,0.15,0.24,SPY220610C00437000,437.0,normalDay
2022-06-03,15295.0,-4536.0,0.0,100,410.54,456.0,0,0.0,0.0,,0.0,1,0.15,0.05,SPY220610C00437000,437.0,normalDay
2022-06-06,15295.0,-4409.0,0.0,100,411.79,456.0,0,0.0,0.0,,0.0,1,0.15,0.03,SPY220610C00437000,437.0,normalDay
2022-06-07,15295.0,-4014.0,0.0,100,415.74,456.0,0,0.0,0.0,,0.0,1,0.15,0.03,SPY220610C00437000,437.0,normalDay
2022-06-08,15295.0,-4464.0,0.0,100,411.22,456.0,0,0.0,0.0,,0.0,1,0.15,0.01,SPY220610C00437000,437.0,normalDay
2022-06-09,15295.0,-5442.0,0.0,100,401.44,456.0,0,0.0,0.0,,0.0,1,0.15,0.01,SPY220610C00437000,437.0,normalDay
2022-06-10,15310.0,-6620.0,15.0,100,389.8,456.0,0,0.0,0.0,,0.0,1,0.15,0.0,SPY220610C00437000,437.0,expirationDay
2022-06-13,15310.0,-8103.0,0.0,100,375.0,456.0,0,0.0,0.0,,0.0,1,0.08,0.11,SPY220701C00431000,431.0,normalDay
2022-06-14,15310.0,-8214.0,0.0,100,373.87,456.0,0,0.0,0.0,,0.0,1,0.08,0.09,SPY220701C00431000,431.0,normalDay
2022-06-15,15310.0,-7680.0,0.0,100,379.2,456.0,0,0.0,0.0,,0.0,1,0.08,0.08,SPY220701C00431000,431.0,normalDay
2022-06-16,15310.0,-8931.0,0.0,100,366.65,456.0,0,0.0,0.0,,0.0,1,0.08,0.04,SPY220701C00431000,431.0,normalDay
2022-06-17,15310.0,-9010.0,0.0,100,365.86,456.0,0,0.0,0.0,,0.0,1,0.08,0.04,SPY220701C00431000,431.0,normalDay
2022-06-21,15310.0,-8088.0,0.0,100,375.07,456.0,0,0.0,0.0,,0.0,1,0.08,0.03,SPY220701C00431000,431.0,normalDay
2022-06-22,15310.0,-8156.0,0.0,100,374.39,456.0,0,0.0,0.0,,0.0,1,0.08,0.03,SPY220701C00431000,431.0,normalDay
2022-06-23,15310.0,-7788.0,0.0,100,378.06,456.0,0,0.0,0.0,,0.0,1,0.08,0.02,SPY220701C00431000,431.0,normalDay
2022-06-24,15310.0,-6587.0,0.0,100,390.08,456.0,0,0.0,0.0,,0.0,1,0.08,0.03,SPY220701C00431000,431.0,normalDay
2022-06-27,15310.0,-6735.0,0.0,100,388.59,456.0,0,0.0,0.0,,0.0,1,0.08,0.02,SPY220701C00431000,431.0,normalDay
2022-06-28,15310.0,-7528.0,0.0,100,380.65,456.0,0,0.0,0.0,,0.0,1,0.08,0.01,SPY220701C00431000,431.0,normalDay
2022-06-29,15310.0,-7559.0,0.0,100,380.34,456.0,0,0.0,0.0,,0.0,1,0.08,0.01,SPY220701C00431000,431.0,normalDay
2022-06-30,15310.0,-7868.0,0.0,100,377.25,456.0,0,0.0,0.0,,0.0,1,0.08,0.01,SPY220701C00431000,431.0,normalDay
2022-07-01,15318.0,-7476.0,8.0,100,381.24,456.0,0,0.0,0.0,,0.0,1,0.08,0.0,SPY220701C00431000,431.0,expirationDay
2022-07-05,15318.0,-7407.0,0.0,100,381.96,456.0,0,0.0,0.0,,0.0,1,0.08,0.11,SPY220722C00421000,421.0,normalDay
2022-07-06,15318.0,-7278.0,0.0,100,383.25,456.0,0,0.0,0.0,,0.0,1,0.08,0.11,SPY220722C00421000,421.0,normalDay
2022-07-07,15318.0,-6707.0,0.0,100,388.99,456.0,0,0.0,0.0,,0.0,1,0.08,0.14,SPY220722C00421000,421.0,normalDay
2022-07-08,15318.0,-6732.0,0.0,100,388.67,456.0,0,0.0,0.0,,0.0,1,0.08,0.07,SPY220722C00421000,421.0,normalDay
2022-07-11,15318.0,-7172.0,0.0,100,384.23,456.0,0,0.0,0.0,,0.0,1,0.08,0.03,SPY220722C00421000,421.0,normalDay
2022-07-12,15318.0,-7512.0,0.0,100,380.83,456.0,0,0.0,0.0,,0.0,1,0.08,0.03,SPY220722C00421000,421.0,normalDay
2022-07-13,15318.0,-7711.0,0.0,100,378.83,456.0,0,0.0,0.0,,0.0,1,0.08,0.02,SPY220722C00421000,421.0,normalDay
2022-07-14,15318.0,-7802.0,0.0,100,377.91,456.0,0,0.0,0.0,,0.0,1,0.08,0.01,SPY220722C00421000,421.0,normalDay
2022-07-15,15318.0,-7080.0,0.0,100,385.13,456.0,0,0.0,0.0,,0.0,1,0.08,0.01,SPY220722C00421000,421.0,normalDay
2022-07-18,15318.0,-7398.0,0.0,100,381.95,456.0,0,0.0,0.0,,0.0,1,0.08,0.01,SPY220722C00421000,421.0,normalDay
2022-07-19,15318.0,-6366.0,0.0,100,392.27,456.0,0,0.0,0.0,,0.0,1,0.08,0.01,SPY220722C00421000,421.0,normalDay
2022-07-20,15318.0,-6116.0,0.0,100,394.77,456.0,0,0.0,0.0,,0.0,1,0.08,0.01,SPY220722C00421000,421.0,normalDay
2022-07-21,15318.0,-5714.0,0.0,100,398.79,456.0,0,0.0,0.0,,0.0,1,0.08,0.01,SPY220722C00421000,421.0,normalDay
2022-07-22,15326.0,-6091.0,8.0,100,395.09,456.0,0,0.0,0.0,,0.0,1,0.08,0.0,SPY220722C00421000,421.0,expirationDay
2022-07-25,15326.0,-6048.0,0.0,100,395.57,456.0,0,0.0,0.0,,0.0,1,4.59,4.64,SPY220812C00402000,402.0,normalDay
2022-07-26,15326.0,-6377.0,0.0,100,390.89,456.0,0,0.0,0.0,,0.0,1,4.59,3.25,SPY220812C00402000,402.0,normalDay
2022-07-27,15326.0,-5656.0,0.0,100,401.04,456.0,0,0.0,0.0,,0.0,1,4.59,6.19,SPY220812C00402000,402.0,normalDay
2022-07-28,15326.0,-5512.0,0.0,100,406.07,456.0,0,0.0,0.0,,0.0,1,4.59,9.78,SPY220812C00402000,402.0,normalDay
2022-07-29,15326.0,-5223.0,0.0,100,411.99,456.0,0,0.0,0.0,,0.0,1,4.59,12.81,SPY220812C00402000,402.0,normalDay
2022-08-01,15326.0,-5258.0,0.0,100,410.77,456.0,0,0.0,0.0,,0.0,1,4.59,11.94,SPY220812C00402000,402.0,normalDay
2022-08-02,15326.0,-5316.0,0.0,100,408.06,456.0,0,0.0,0.0,,0.0,1,4.59,9.81,SPY220812C00402000,402.0,normalDay
2022-08-03,15326.0,-5090.0,0.0,100,414.45,456.0,0,0.0,0.0,,0.0,1,4.59,13.94,SPY220812C00402000,402.0,normalDay
2022-08-04,15326.0,-5102.0,0.0,100,414.17,456.0,0,0.0,0.0,,0.0,1,4.59,13.78,SPY220812C00402000,402.0,normalDay
2022-08-05,15326.0,-5025.0,0.0,100,413.47,456.0,0,0.0,0.0,,0.0,1,4.59,12.31,SPY220812C00402000,402.0,normalDay
2022-08-08,15326.0,-5046.0,0.0,100,412.99,456.0,0,0.0,0.0,,0.0,1,4.59,12.04,SPY220812C00402000,402.0,normalDay
2022-08-09,15326.0,-5066.0,0.0,100,411.35,456.0,0,0.0,0.0,,0.0,1,4.59,10.6,SPY220812C00402000,402.0,normalDay
2022-08-10,15326.0,-4937.0,0.0,100,419.99,456.0,0,0.0,0.0,,0.0,1,4.59,17.95,SPY220812C00402000,402.0,normalDay
2022-08-11,15326.0,-5009.0,0.0,100,419.99,456.0,0,0.0,0.0,,0.0,1,4.59,18.67,SPY220812C00402000,402.0,normalDay
2022-08-12,10385.0,-5009.0,-4941.0,0,427.1,0.0,0,0.0,0.0,,0.0,1,4.59,0.0,SPY220812C00402000,402.0,expirationDay
2022-08-15,10385.0,-3.0,0.0,0,428.86,0.0,1,0.36,0.39,SPY220902P00387000,387.0,0,0.0,0.0,,0.0,normalDay
2022-08-16,10385.0,0.0,0.0,0,429.7,0.0,1,0.36,0.36,SPY220902P00387000,387.0,0,0.0,0.0,,0.0,normalDay
2022-08-17,10385.0,2.0,0.0,0,426.65,0.0,1,0.36,0.34,SPY220902P00387000,387.0,0,0.0,0.0,,0.0,normalDay
2022-08-18,10385.0,10.0,0.0,0,427.89,0.0,1,0.36,0.26,SPY220902P00387000,387.0,0,0.0,0.0,,0.0,normalDay
2022-08-19,10385.0,2.0,0.0,0,422.14,0.0,1,0.36,0.34,SPY220902P00387000,387.0,0,0.0,0.0,,0.0,normalDay
2022-08-22,10385.0,-33.0,0.0,0,413.35,0.0,1,0.36,0.69,SPY220902P00387000,387.0,0,0.0,0.0,,0.0,normalDay
2022-08-23,10385.0,-35.0,0.0,0,412.35,0.0,1,0.36,0.71,SPY220902P00387000,387.0,0,0.0,0.0,,0.0,normalDay
2022-08-24,10385.0,0.0,0.0,0,413.67,0.0,1,0.36,0.36,SPY220902P00387000,387.0,0,0.0,0.0,,0.0,normalDay
2022-08-25,10385.0,19.0,0.0,0,419.51,0.0,1,0.36,0.17,SPY220902P00387000,387.0,0,0.0,0.0,,0.0,normalDay
2022-08-26,10385.0,-48.0,0.0,0,405.31,0.0,1,0.36,0.84,SPY220902P00387000,387.0,0,0.0,0.0,,0.0,normalDay
2022-08-29,10385.0,-19.0,0.0,0,402.63,0.0,1,0.36,0.55,SPY220902P00387000,387.0,0,0.0,0.0,,0.0,normalDay
2022-08-30,10385.0,-28.0,0.0,0,398.21,0.0,1,0.36,0.64,SPY220902P00387000,387.0,0,0.0,0.0,,0.0,normalDay
2022-08-31,10385.0,-25.0,0.0,0,395.18,0.0,1,0.36,0.61,SPY220902P00387000,387.0,0,0.0,0.0,,0.0,normalDay
2022-09-01,10385.0,14.0,0.0,0,396.42,0.0,1,0.36,0.22,SPY220902P00387000,387.0,0,0.0,0.0,,0.0,normalDay
2022-09-02,10421.0,0.0,36.0,0,392.24,0.0,1,0.36,0.0,SPY220902P00387000,387.0,0,0.0,0.0,,0.0,expirationDay
2022-09-06,10421.0,-6.0,0.0,0,390.76,0.0,1,8.04,8.1,SPY220923P00388000,388.0,0,0.0,0.0,,0.0,normalDay
2022-09-07,10421.0,327.0,0.0,0,397.78,0.0,1,8.04,4.77,SPY220923P00388000,388.0,0,0.0,0.0,,0.0,normalDay
2022-09-08,10421.0,471.0,0.0,0,400.38,0.0,1,8.04,3.33,SPY220923P00388000,388.0,0,0.0,0.0,,0.0,normalDay
2022-09-09,10421.0,614.0,0.0,0,406.6,0.0,1,8.04,1.9,SPY220923P00388000,388.0,0,0.0,0.0,,0.0,normalDay
2022-09-12,10421.0,685.0,0.0,0,410.97,0.0,1,8.04,1.19,SPY220923P00388000,388.0,0,0.0,0.0,,0.0,normalDay
2022-09-13,10421.0,293.0,0.0,0,393.1,0.0,1,8.04,5.11,SPY220923P00388000,388.0,0,0.0,0.0,,0.0,normalDay
2022-09-14,10421.0,369.0,0.0,0,394.6,0.0,1,8.04,4.35,SPY220923P00388000,388.0,0,0.0,0.0,,0.0,normalDay
2022-09-15,10421.0,270.0,0.0,0,390.12,0.0,1,8.04,5.34,SPY220923P00388000,388.0,0,0.0,0.0,,0.0,normalDay
2022-09-16,10421.0,142.0,0.0,0,385.56,0.0,1,8.04,6.62,SPY220923P00388000,388.0,0,0.0,0.0,,0.0,normalDay
2022-09-19,10421.0,315.0,0.0,0,388.55,0.0,1,8.04,4.89,SPY220923P00388000,388.0,0,0.0,0.0,,0.0,normalDay
2022-09-20,10421.0,104.0,0.0,0,384.09,0.0,1,8.04,7.0,SPY220923P00388000,388.0,0,0.0,0.0,,0.0,normalDay
2022-09-21,10421.0,-332.0,0.0,0,377.39,0.0,1,8.04,11.36,SPY220923P00388000,388.0,0,0.0,0.0,,0.0,normalDay
2022-09-22,10421.0,-544.0,0.0,0,374.22,0.0,1,8.04,13.48,SPY220923P00388000,388.0,0,0.0,0.0,,0.0,normalDay
2022-09-23,11225.0,-2005.0,804.0,100,367.95,388.0,1,8.04,0.0,SPY220923P00388000,388.0,0,0.0,0.0,,0.0,expirationDay
2022-09-26,11225.0,-2372.0,0.0,100,364.31,388.0,0,0.0,0.0,,0.0,1,0.03,0.06,SPY221014C00421000,421.0,normalDay
2022-09-27,11225.0,-2464.0,0.0,100,363.38,388.0,0,0.0,0.0,,0.0,1,0.03,0.05,SPY221014C00421000,421.0,normalDay
2022-09-28,11225.0,-1751.0,0.0,100,370.53,388.0,0,0.0,0.0,,0.0,1,0.03,0.07,SPY221014C00421000,421.0,normalDay
2022-09-29,11225.0,-2521.0,0.0,100,362.79,388.0,0,0.0,0.0,,0.0,1,0.03,0.03,SPY221014C00421000,421.0,normalDay
2022-09-30,11225.0,-3081.0,0.0,100,357.18,388.0,0,0.0,0.0,,0.0,1,0.03,0.02,SPY221014C00421000,421.0,normalDay
2022-10-03,11225.0,-2139.0,0.0,100,366.61,388.0,0,0.0,0.0,,0.0,1,0.03,0.03,SPY221014C00421000,421.0,normalDay
2022-10-04,11225.0,-1006.0,0.0,100,377.97,388.0,0,0.0,0.0,,0.0,1,0.03,0.06,SPY221014C00421000,421.0,normalDay
2022-10-05,11225.0,-1091.0,0.0,100,377.09,388.0,0,0.0,0.0,,0.0,1,0.03,0.03,SPY221014C00421000,421.0,normalDay
2022-10-06,11225.0,-1479.0,0.0,100,373.2,388.0,0,0.0,0.0,,0.0,1,0.03,0.02,SPY221014C00421000,421.0,normalDay
2022-10-07,11225.0,-2519.0,0.0,100,362.79,388.0,0,0.0,0.0,,0.0,1,0.03,0.01,SPY221014C00421000,421.0,normalDay
2022-10-10,11225.0,-2796.0,0.0,100,360.02,388.0,0,0.0,0.0,,0.0,1,0.03,0.01,SPY221014C00421000,421.0,normalDay
2022-10-11,11225.0,-3024.0,0.0,100,357.74,388.0,0,0.0,0.0,,0.0,1,0.03,0.01,SPY221014C00421000,421.0,normalDay
2022-10-12,11225.0,-3142.0,0.0,100,356.56,388.0,0,0.0,0.0,,0.0,1,0.03,0.01,SPY221014C00421000,421.0,normalDay
2022-10-13,11225.0,-2201.0,0.0,100,365.97,388.0,0,0.0,0.0,,0.0,1,0.03,0.01,SPY221014C00421000,421.0,normalDay
2022-10-14,11228.0,-3037.0,3.0,100,357.63,388.0,0,0.0,0.0,,0.0,1,0.03,0.0,SPY221014C00421000,421.0,expirationDay
2022-10-17,11228.0,-2123.0,0.0,100,366.82,388.0,0,0.0,0.0,,0.0,1,2.57,2.62,SPY221104C00387000,387.0,normalDay
2022-10-18,11228.0,-1782.0,0.0,100,371.13,388.0,0,0.0,0.0,,0.0,1,2.57,3.52,SPY221104C00387000,387.0,normalDay
2022-10-19,11228.0,-1930.0,0.0,100,368.5,388.0,0,0.0,0.0,,0.0,1,2.57,2.37,SPY221104C00387000,387.0,normalDay
2022-10-20,11228.0,-2157.0,0.0,100,365.41,388.0,0,0.0,0.0,,0.0,1,2.57,1.55,SPY221104C00387000,387.0,normalDay
2022-10-21,11228.0,-1456.0,0.0,100,374.29,388.0,0,0.0,0.0,,0.0,1,2.57,3.42,SPY221104C00387000,387.0,normalDay
2022-10-24,11228.0,-1129.0,0.0,100,378.87,388.0,0,0.0,0.0,,0.0,1,2.57,4.73,SPY221104C00387000,387.0,normalDay
2022-10-25,11228.0,-646.0,0.0,100,384.92,388.0,0,0.0,0.0,,0.0,1,2.57,5.95,SPY221104C00387000,387.0,normalDay
2022-10-26,11228.0,-854.0,0.0,100,382.02,388.0,0,0.0,0.0,,0.0,1,2.57,5.13,SPY221104C00387000,387.0,normalDay
2022-10-27,11228.0,-790.0,0.0,100,379.98,388.0,0,0.0,0.0,,0.0,1,2.57,2.45,SPY221104C00387000,387.0,normalDay
2022-10-28,11228.0,-372.0,0.0,100,389.02,388.0,0,0.0,0.0,,0.0,1,2.57,7.31,SPY221104C00387000,387.0,normalDay
2022-10-31,11228.0,-421.0,0.0,100,386.21,388.0,0,0.0,0.0,,0.0,1,2.57,4.99,SPY221104C00387000,387.0,normalDay
2022-11-01,11228.0,-459.0,0.0,100,384.52,388.0,0,0.0,0.0,,0.0,1,2.57,3.68,SPY221104C00387000,387.0,normalDay
2022-11-02,11228.0,-1096.0,0.0,100,374.87,388.0,0,0.0,0.0,,0.0,1,2.57,0.4,SPY221104C00387000,387.0,normalDay
2022-11-03,11228.0,-1446.0,0.0,100,371.01,388.0,0,0.0,0.0,,0.0,1,2.57,0.04,SPY221104C00387000,387.0,normalDay
2022-11-04,11485.0,-1165.0,257.0,100,376.35,388.0,0,0.0,0.0,,0.0,1,2.57,0.0,SPY221104C00387000,387.0,expirationDay
2022-11-07,11485.0,-809.0,0.0,100,379.95,388.0,0,0.0,0.0,,0.0,1,1.84,1.88,SPY221125C00398000,398.0,normalDay
2022-11-08,11485.0,-637.0,0.0,100,382.0,388.0,0,0.0,0.0,,0.0,1,1.84,2.21,SPY221125C00398000,398.0,normalDay
2022-11-09,11485.0,-1295.0,0.0,100,374.13,388.0,0,0.0,0.0,,0.0,1,1.84,0.92,SPY221125C00398000,398.0,normalDay
2022-11-10,11485.0,264.0,0.0,100,394.69,388.0,0,0.0,0.0,,0.0,1,1.84,5.89,SPY221125C00398000,398.0,normalDay
2022-11-11,11485.0,584.0,0.0,100,398.51,388.0,0,0.0,0.0,,0.0,1,1.84,6.51,SPY221125C00398000,398.0,normalDay
2022-11-14,11485.0,439.0,0.0,100,395.12,388.0,0,0.0,0.0,,0.0,1,1.84,4.57,SPY221125C00398000,398.0,normalDay
2022-11-15,11485.0,639.0,0.0,100,398.49,388.0,0,0.0,0.0,,0.0,1,1.84,5.94,SPY221125C00398000,398.0,normalDay
2022-11-16,11485.0,555.0,0.0,100,395.45,388.0,0,0.0,0.0,,0.0,1,1.84,3.74,SPY221125C00398000,398.0,normalDay
2022-11-17,11485.0,532.0,0.0,100,394.24,388.0,0,0.0,0.0,,0.0,1,1.84,2.76,SPY221125C00398000,398.0,normalDay
2022-11-18,11485.0,732.0,0.0,100,396.03,388.0,0,0.0,0.0,,0.0,1,1.84,2.55,SPY221125C00398000,398.0,normalDay
2022-11-21,11485.0,716.0,0.0,100,394.59,388.0,0,0.0,0.0,,0.0,1,1.84,1.27,SPY221125C00398000,398.0,normalDay
2022-11-22,11485.0,1059.0,0.0,100,399.9,388.0,0,0.0,0.0,,0.0,1,1.84,3.15,SPY221125C00398000,398.0,normalDay
2022-11-23,11485.0,1159.0,0.0,100,402.42,388.0,0,0.0,0.0,,0.0,1,1.84,4.67,SPY221125C00398000,398.0,normalDay
2022-11-25,12669.0,1159.0,1184.0,0,402.33,0.0,0,0.0,0.0,,0.0,1,1.84,0.0,SPY221125C00398000,398.0,expirationDay
2022-11-28,12669.0,-3.0,0.0,0,395.91,0.0,1,1.37,1.4,SPY221216P00370000,370.0,0,0.0,0.0,,0.0,normalDay
2022-11-29,12669.0,5.0,0.0,0,395.23,0.0,1,1.37,1.32,SPY221216P00370000,370.0,0,0.0,0.0,,0.0,normalDay
2022-11-30,12669.0,93.0,0.0,0,407.68,0.0,1,1.37,0.44,SPY221216P00370000,370.0,0,0.0,0.0,,0.0,normalDay
2022-12-01,12669.0,101.0,0.0,0,407.38,0.0,1,1.37,0.36,SPY221216P00370000,370.0,0,0.0,0.0,,0.0,normalDay
2022-12-02,12669.0,107.0,0.0,0,406.91,0.0,1,1.37,0.3,SPY221216P00370000,370.0,0,0.0,0.0,,0.0,normalDay
2022-12-05,12669.0,86.0,0.0,0,399.59,0.0,1,1.37,0.51,SPY221216P00370000,370.0,0,0.0,0.0,,0.0,normalDay
2022-12-06,12669.0,40.0,0.0,0,393.83,0.0,1,1.37,0.97,SPY221216P00370000,370.0,0,0.0,0.0,,0.0,normalDay
2022-12-07,12669.0,43.0,0.0,0,393.16,0.0,1,1.37,0.94,SPY221216P00370000,370.0,0,0.0,0.0,,0.0,normalDay
2022-12-08,12669.0,81.0,0.0,0,396.24,0.0,1,1.37,0.56,SPY221216P00370000,370.0,0,0.0,0.0,,0.0,normalDay
2022-12-09,12669.0,75.0,0.0,0,393.28,0.0,1,1.37,0.62,SPY221216P00370000,370.0,0,0.0,0.0,,0.0,normalDay
2022-12-12,12669.0,100.0,0.0,0,398.95,0.0,1,1.37,0.37,SPY221216P00370000,370.0,0,0.0,0.0,,0.0,normalDay
2022-12-13,12669.0,127.0,0.0,0,401.97,0.0,1,1.37,0.1,SPY221216P00370000,370.0,0,0.0,0.0,,0.0,normalDay
2022-12-14,12669.0,132.0,0.0,0,399.4,0.0,1,1.37,0.05,SPY221216P00370000,370.0,0,0.0,0.0,,0.0,normalDay
2022-12-15,12669.0,130.0,0.0,0,389.63,0.0,1,1.37,0.07,SPY221216P00370000,370.0,0,0.0,0.0,,0.0,normalDay
2022-12-16,12806.0,0.0,137.0,0,383.27,0.0,1,1.37,0.0,SPY221216P00370000,370.0,0,0.0,0.0,,0.0,expirationDay
2022-12-19,12806.0,-5.0,0.0,0,380.02,0.0,1,7.73,7.78,SPY230106P00383000,383.0,0,0.0,0.0,,0.0,normalDay
2022-12-20,12806.0,78.0,0.0,0,380.54,0.0,1,7.73,6.95,SPY230106P00383000,383.0,0,0.0,0.0,,0.0,normalDay
2022-12-21,12806.0,377.0,0.0,0,386.23,0.0,1,7.73,3.96,SPY230106P00383000,383.0,0,0.0,0.0,,0.0,normalDay
2022-12-22,12806.0,107.0,0.0,0,380.72,0.0,1,7.73,6.66,SPY230106P00383000,383.0,0,0.0,0.0,,0.0,normalDay
2022-12-23,12806.0,259.0,0.0,0,382.91,0.0,1,7.73,5.14,SPY230106P00383000,383.0,0,0.0,0.0,,0.0,normalDay
2022-12-27,12806.0,239.0,0.0,0,381.4,0.0,1,7.73,5.34,SPY230106P00383000,383.0,0,0.0,0.0,,0.0,normalDay
2022-12-28,12806.0,-49.0,0.0,0,376.66,0.0,1,7.73,8.22,SPY230106P00383000,383.0,0,0.0,0.0,,0.0,normalDay
2022-12-29,12806.0,369.0,0.0,0,383.44,0.0,1,7.73,4.04,SPY230106P00383000,383.0,0,0.0,0.0,,0.0,normalDay
2022-12-30,12806.0,351.0,0.0,0,382.43,0.0,1,7.73,4.22,SPY230106P00383000,383.0,0,0.0,0.0,,0.0,normalDay
2023-01-03,12806.0,270.0,0.0,0,380.82,0.0,1,7.73,5.03,SPY230106P00383000,383.0,0,0.0,0.0,,0.0,normalDay
2023-01-04,12806.0,519.0,0.0,0,383.76,0.0,1,7.73,2.54,SPY230106P00383000,383.0,0,0.0,0.0,,0.0,normalDay
2023-01-05,12806.0,296.0,0.0,0,379.38,0.0,1,7.73,4.77,SPY230106P00383000,383.0,0,0.0,0.0,,0.0,normalDay
2023-01-06,13579.0,0.0,773.0,0,388.08,0.0,1,7.73,0.0,SPY230106P00383000,383.0,0,0.0,0.0,,0.0,expirationDay
2023-01-09,13579.0,-4.0,0.0,0,387.86,0.0,1,1.94,1.98,SPY230127P00372000,372.0,0,0.0,0.0,,0.0,normalDay
2023-01-10,13579.0,72.0,0.0,0,390.58,0.0,1,1.94,1.22,SPY230127P00372000,372.0,0,0.0,0.0,,0.0,normalDay
2023-01-11,13579.0,109.0,0.0,0,395.52,0.0,1,1.94,0.85,SPY230127P00372000,372.0,0,0.0,0.0,,0.0,normalDay
2023-01-12,13579.0,157.0,0.0,0,396.96,0.0,1,1.94,0.37,SPY230127P00372000,372.0,0,0.0,0.0,,0.0,normalDay
2023-01-13,13579.0,167.0,0.0,0,398.5,0.0,1,1.94,0.27,SPY230127P00372000,372.0,0,0.0,0.0,,0.0,normalDay
2023-01-17,13579.0,176.0,0.0,0,397.77,0.0,1,1.94,0.18,SPY230127P00372000,372.0,0,0.0,0.0,,0.0,normalDay
2023-01-18,13579.0,168.0,0.0,0,391.49,0.0,1,1.94,0.26,SPY230127P00372000,372.0,0,0.0,0.0,,0.0,normalDay
2023-01-19,13579.0,164.0,0.0,0,388.64,0.0,1,1.94,0.3,SPY230127P00372000,372.0,0,0.0,0.0,,0.0,normalDay
2023-01-20,13579.0,184.0,0.0,0,395.88,0.0,1,1.94,0.1,SPY230127P00372000,372.0,0,0.0,0.0,,0.0,normalDay
2023-01-23,13579.0,188.0,0.0,0,400.63,0.0,1,1.94,0.06,SPY230127P00372000,372.0,0,0.0,0.0,,0.0,normalDay
2023-01-24,13579.0,190.0,0.0,0,400.2,0.0,1,1.94,0.04,SPY230127P00372000,372.0,0,0.0,0.0,,0.0,normalDay
2023-01-25,13579.0,191.0,0.0,0,400.35,0.0,1,1.94,0.03,SPY230127P00372000,372.0,0,0.0,0.0,,0.0,normalDay
2023-01-26,13579.0,193.0,0.0,0,404.75,0.0,1,1.94,0.01,SPY230127P00372000,372.0,0,0.0,0.0,,0.0,normalDay
2023-01-27,13773.0,0.0,194.0,0,405.68,0.0,1,1.94,0.0,SPY230127P00372000,372.0,0,0.0,0.0,,0.0,expirationDay
2023-01-30,13773.0,-3.0,0.0,0,400.59,0.0,1,1.23,1.26,SPY230217P00378000,378.0,0,0.0,0.0,,0.0,normalDay
2023-01-31,13773.0,41.0,0.0,0,406.48,0.0,1,1.23,0.82,SPY230217P00378000,378.0,0,0.0,0.0,,0.0,normalDay
2023-02-01,13773.0,80.0,0.0,0,410.8,0.0,1,1.23,0.43,SPY230217P00378000,378.0,0,0.0,0.0,,0.0,normalDay
2023-02-02,13773.0,85.0,0.0,0,416.78,0.0,1,1.23,0.38,SPY230217P00378000,378.0,0,0.0,0.0,,0.0,normalDay
2023-02-03,13773.0,92.0,0.0,0,412.35,0.0,1,1.23,0.31,SPY230217P00378000,378.0,0,0.0,0.0,,0.0,normalDay
2023-02-06,13773.0,94.0,0.0,0,409.83,0.0,1,1.23,0.29,SPY230217P00378000,378.0,0,0.0,0.0,,0.0,normalDay
2023-02-07,13773.0,107.0,0.0,0,415.19,0.0,1,1.23,0.16,SPY230217P00378000,378.0,0,0.0,0.0,,0.0,normalDay
2023-02-08,13773.0,106.0,0.0,0,410.65,0.0,1,1.23,0.17,SPY230217P00378000,378.0,0,0.0,0.0,,0.0,normalDay
2023-02-09,13773.0,97.0,0.0,0,407.09,0.0,1,1.23,0.26,SPY230217P00378000,378.0,0,0.0,0.0,,0.0,normalDay
2023-02-10,13773.0,108.0,0.0,0,408.04,0.0,1,1.23,0.15,SPY230217P00378000,378.0,0,0.0,0.0,,0.0,normalDay
2023-02-13,13773.0,115.0,0.0,0,412.83,0.0,1,1.23,0.08,SPY230217P00378000,378.0,0,0.0,0.0,,0.0,normalDay
2023-02-14,13773.0,118.0,0.0,0,412.64,0.0,1,1.23,0.05,SPY230217P00378000,378.0,0,0.0,0.0,,0.0,normalDay
2023-02-15,13773.0,120.0,0.0,0,413.98,0.0,1,1.23,0.03,SPY230217P00378000,378.0,0,0.0,0.0,,0.0,normalDay
2023-02-16,13773.0,116.0,0.0,0,408.28,0.0,1,1.23,0.07,SPY230217P00378000,378.0,0,0.0,0.0,,0.0,normalDay
2023-02-17,13896.0,0.0,123.0,0,407.26,0.0,1,1.23,0.0,SPY230217P00378000,378.0,0,0.0,0.0,,0.0,expirationDay
2023-02-21,13896.0,-4.0,0.0,0,399.09,0.0,1,6.01,6.05,SPY230310P00398000,398.0,0,0.0,0.0,,0.0,normalDay
2023-02-22,13896.0,17.0,0.0,0,398.54,0.0,1,6.01,5.84,SPY230310P00398000,398.0,0,0.0,0.0,,0.0,normalDay
2023-02-23,13896.0,134.0,0.0,0,400.66,0.0,1,6.01,4.67,SPY230310P00398000,398.0,0,0.0,0.0,,0.0,normalDay
2023-02-24,13896.0,-39.0,0.0,0,396.38,0.0,1,6.01,6.4,SPY230310P00398000,398.0,0,0.0,0.0,,0.0,normalDay
2023-02-27,13896.0,104.0,0.0,0,397.73,0.0,1,6.01,4.97,SPY230310P00398000,398.0,0,0.0,0.0,,0.0,normalDay
2023-02-28,13896.0,31.0,0.0,0,396.26,0.0,1,6.01,5.7,SPY230310P00398000,398.0,0,0.0,0.0,,0.0,normalDay
2023-03-01,13896.0,-27.0,0.0,0,394.74,0.0,1,6.01,6.28,SPY230310P00398000,398.0,0,0.0,0.0,,0.0,normalDay
2023-03-02,13896.0,173.0,0.0,0,397.81,0.0,1,6.01,4.28,SPY230310P00398000,398.0,0,0.0,0.0,,0.0,normalDay
2023-03-03,13896.0,446.0,0.0,0,404.19,0.0,1,6.01,1.55,SPY230310P00398000,398.0,0,0.0,0.0,,0.0,normalDay
2023-03-06,13896.0,476.0,0.0,0,404.47,0.0,1,6.01,1.25,SPY230310P00398000,398.0,0,0.0,0.0,,0.0,normalDay
2023-03-07,13896.0,309.0,0.0,0,398.27,0.0,1,6.01,2.92,SPY230310P00398000,398.0,0,0.0,0.0,,0.0,normalDay
2023-03-08,13896.0,368.0,0.0,0,398.92,0.0,1,6.01,2.33,SPY230310P00398000,398.0,0,0.0,0.0,,0.0,normalDay
2023-03-09,13896.0,-128.0,0.0,0,391.56,0.0,1,6.01,7.29,SPY230310P00398000,398.0,0,0.0,0.0,,0.0,normalDay
2023-03-10,14497.0,-1209.0,601.0,100,385.91,398.0,1,6.01,0.0,SPY230310P00398000,398.0,0,0.0,0.0,,0.0,expirationDay
2023-03-13,14497.0,-1267.0,0.0,100,385.36,398.0,0,0.0,0.0,,0.0,1,0.14,0.17,SPY230331C00420000,420.0,normalDay
2023-03-14,14497.0,-628.0,0.0,100,391.73,398.0,0,0.0,0.0,,0.0,1,0.14,0.15,SPY230331C00420000,420.0,normalDay
2023-03-15,14497.0,-869.0,0.0,100,389.28,398.0,0,0.0,0.0,,0.0,1,0.14,0.11,SPY230331C00420000,420.0,normalDay
2023-03-16,14497.0,-197.0,0.0,100,396.11,398.0,0,0.0,0.0,,0.0,1,0.14,0.22,SPY230331C00420000,420.0,normalDay
2023-03-17,14497.0,-797.0,0.0,100,389.99,398.0,0,0.0,0.0,,0.0,1,0.14,0.1,SPY230331C00420000,420.0,normalDay
2023-03-20,14497.0,-423.0,0.0,100,393.74,398.0,0,0.0,0.0,,0.0,1,0.14,0.11,SPY230331C00420000,420.0,normalDay
2023-03-21,14497.0,82.0,0.0,100,398.91,398.0,0,0.0,0.0,,0.0,1,0.14,0.23,SPY230331C00420000,420.0,normalDay
2023-03-22,14497.0,-579.0,0.0,100,392.11,398.0,0,0.0,0.0,,0.0,1,0.14,0.04,SPY230331C00420000,420.0,normalDay
2023-03-23,14497.0,-473.0,0.0,100,393.17,398.0,0,0.0,0.0,,0.0,1,0.14,0.04,SPY230331C00420000,420.0,normalDay
2023-03-24,14497.0,-214.0,0.0,100,395.75,398.0,0,0.0,0.0,,0.0,1,0.14,0.03,SPY230331C00420000,420.0,normalDay
2023-03-27,14497.0,-139.0,0.0,100,396.49,398.0,0,0.0,0.0,,0.0,1,0.14,0.02,SPY230331C00420000,420.0,normalDay
2023-03-28,14497.0,-227.0,0.0,100,395.6,398.0,0,0.0,0.0,,0.0,1,0.14,0.01,SPY230331C00420000,420.0,normalDay
2023-03-29,14497.0,348.0,0.0,100,401.35,398.0,0,0.0,0.0,,0.0,1,0.14,0.01,SPY230331C00420000,420.0,normalDay
2023-03-30,14497.0,583.0,0.0,100,403.7,398.0,0,0.0,0.0,,0.0,1,0.14,0.01,SPY230331C00420000,420.0,normalDay
2023-03-31,14511.0,1139.0,14.0,100,409.39,398.0,0,0.0,0.0,,0.0,1,0.14,0.0,SPY230331C00420000,420.0,expirationDay
2023-04-03,14511.0,1291.0,0.0,100,410.95,398.0,0,0.0,0.0,,0.0,1,5.1,5.14,SPY230421C00413000,413.0,normalDay
2023-04-04,14511.0,1191.0,0.0,100,408.67,398.0,0,0.0,0.0,,0.0,1,5.1,3.86,SPY230421C00413000,413.0,normalDay
2023-04-05,14511.0,1159.0,0.0,100,407.6,398.0,0,0.0,0.0,,0.0,1,5.1,3.11,SPY230421C00413000,413.0,normalDay
2023-04-06,14511.0,1298.0,0.0,100,409.19,398.0,0,0.0,0.0,,0.0,1,5.1,3.31,SPY230421C00413000,413.0,normalDay
2023-04-10,14511.0,1353.0,0.0,100,409.61,398.0,0,0.0,0.0,,0.0,1,5.1,3.18,SPY230421C00413000,413.0,normalDay
2023-04-11,14511.0,1382.0,0.0,100,409.72,398.0,0,0.0,0.0,,0.0,1,5.1,3.0,SPY230421C00413000,413.0,normalDay
2023-04-12,14511.0,1340.0,0.0,100,408.05,398.0,0,0.0,0.0,,0.0,1,5.1,1.75,SPY230421C00413000,413.0,normalDay
2023-04-13,14511.0,1683.0,0.0,100,413.47,398.0,0,0.0,0.0,,0.0,1,5.1,3.74,SPY230421C00413000,413.0,normalDay
2023-04-14,14511.0,1686.0,0.0,100,412.46,398.0,0,0.0,0.0,,0.0,1,5.1,2.7,SPY230421C00413000,413.0,normalDay
2023-04-17,14511.0,1799.0,0.0,100,413.94,398.0,0,0.0,0.0,,0.0,1,5.1,3.05,SPY230421C00413000,413.0,normalDay
2023-04-18,14511.0,1854.0,0.0,100,414.21,398.0,0,0.0,0.0,,0.0,1,5.1,2.77,SPY230421C00413000,413.0,normalDay
2023-04-19,14511.0,1888.0,0.0,100,414.14,398.0,0,0.0,0.0,,0.0,1,5.1,2.36,SPY230421C00413000,413.0,normalDay
2023-04-20,14511.0,1816.0,0.0,100,411.88,398.0,0,0.0,0.0,,0.0,1,5.1,0.82,SPY230421C00413000,413.0,normalDay
2023-04-21,15021.0,1420.0,510.0,100,412.2,398.0,0,0.0,0.0,,0.0,1,5.1,0.0,SPY230421C00413000,413.0,expirationDay
2023-04-24,15021.0,1460.0,0.0,100,412.63,398.0,0,0.0,0.0,,0.0,1,1.65,1.68,SPY230512C00422000,422.0,normalDay
2023-04-25,15021.0,897.0,0.0,100,406.08,398.0,0,0.0,0.0,,0.0,1,1.65,0.76,SPY230512C00422000,422.0,normalDay
2023-04-26,15021.0,765.0,0.0,100,404.36,398.0,0,0.0,0.0,,0.0,1,1.65,0.36,SPY230512C00422000,422.0,normalDay
2023-04-27,15021.0,1460.0,0.0,100,412.41,398.0,0,0.0,0.0,,0.0,1,1.65,1.46,SPY230512C00422000,422.0,normalDay
2023-04-28,15021.0,1762.0,0.0,100,415.93,398.0,0,0.0,0.0,,0.0,1,1.65,1.96,SPY230512C00422000,422.0,normalDay
2023-05-01,15021.0,1762.0,0.0,100,415.51,398.0,0,0.0,0.0,,0.0,1,1.65,1.54,SPY230512C00422000,422.0,normalDay
2023-05-02,15021.0,1383.0,0.0,100,410.84,398.0,0,0.0,0.0,,0.0,1,1.65,0.66,SPY230512C00422000,422.0,normalDay
2023-05-03,15021.0,1132.0,0.0,100,408.02,398.0,0,0.0,0.0,,0.0,1,1.65,0.35,SPY230512C00422000,422.0,normalDay
2023-05-04,15021.0,866.0,0.0,100,405.13,398.0,0,0.0,0.0,,0.0,1,1.65,0.12,SPY230512C00422000,422.0,normalDay
2023-05-05,15021.0,1605.0,0.0,100,412.63,398.0,0,0.0,0.0,,0.0,1,1.65,0.23,SPY230512C00422000,422.0,normalDay
2023-05-08,15021.0,1627.0,0.0,100,412.74,398.0,0,0.0,0.0,,0.0,1,1.65,0.12,SPY230512C00422000,422.0,normalDay
2023-05-09,15021.0,1450.0,0.0,100,410.93,398.0,0,0.0,0.0,,0.0,1,1.65,0.08,SPY230512C00422000,422.0,normalDay
2023-05-10,15021.0,1647.0,0.0,100,412.85,398.0,0,0.0,0.0,,0.0,1,1.65,0.03,SPY230512C00422000,422.0,normalDay
2023-05-11,15021.0,1577.0,0.0,100,412.13,398.0,0,0.0,0.0,,0.0,1,1.65,0.01,SPY230512C00422000,422.0,normalDay
2023-05-12,15186.0,1359.0,165.0,100,411.59,398.0,0,0.0,0.0,,0.0,1,1.65,0.0,SPY230512C00422000,422.0,expirationDay
2023-05-15,15186.0,1498.0,0.0,100,413.01,398.0,0,0.0,0.0,,0.0,1,2.2,2.23,SPY230602C00419000,419.0,normalDay
2023-05-16,15186.0,1291.0,0.0,100,410.25,398.0,0,0.0,0.0,,0.0,1,2.2,1.54,SPY230602C00419000,419.0,normalDay
2023-05-17,15186.0,1644.0,0.0,100,415.23,398.0,0,0.0,0.0,,0.0,1,2.2,2.99,SPY230602C00419000,419.0,normalDay
2023-05-18,15186.0,1858.0,0.0,100,419.23,398.0,0,0.0,0.0,,0.0,1,2.2,4.85,SPY230602C00419000,419.0,normalDay
2023-05-19,15186.0,1842.0,0.0,100,418.62,398.0,0,0.0,0.0,,0.0,1,2.2,4.4,SPY230602C00419000,419.0,normalDay
2023-05-22,15186.0,1866.0,0.0,100,418.79,398.0,0,0.0,0.0,,0.0,1,2.2,4.33,SPY230602C00419000,419.0,normalDay
2023-05-23,15186.0,1616.0,0.0,100,414.09,398.0,0,0.0,0.0,,0.0,1,2.2,2.13,SPY230602C00419000,419.0,normalDay
2023-05-24,15186.0,1399.0,0.0,100,411.09,398.0,0,0.0,0.0,,0.0,1,2.2,1.3,SPY230602C00419000,419.0,normalDay
2023-05-25,15186.0,1689.0,0.0,100,414.65,398.0,0,0.0,0.0,,0.0,1,2.2,1.96,SPY230602C00419000,419.0,normalDay
2023-05-26,15186.0,2000.0,0.0,100,420.02,398.0,0,0.0,0.0,,0.0,1,2.2,4.22,SPY230602C00419000,419.0,normalDay
2023-05-30,15186.0,2095.0,0.0,100,420.18,398.0,0,0.0,0.0,,0.0,1,2.2,3.43,SPY230602C00419000,419.0,normalDay
2023-05-31,15186.0,2050.0,0.0,100,417.85,398.0,0,0.0,0.0,,0.0,1,2.2,1.55,SPY230602C00419000,419.0,normalDay
2023-06-01,15186.0,2254.0,0.0,100,421.82,398.0,0,0.0,0.0,,0.0,1,2.2,3.48,SPY230602C00419000,419.0,normalDay
2023-06-02,17506.0,2254.0,2320.0,0,427.92,0.0,0,0.0,0.0,,0.0,1,2.2,0.0,SPY230602C00419000,419.0,expirationDay
2023-06-05,17506.0,-3.0,0.0,0,427.1,0.0,1,0.73,0.76,SPY230623P00407000,407.0,0,0.0,0.0,,0.0,normalDay
2023-06-06,17506.0,14.0,0.0,0,428.03,0.0,1,0.73,0.59,SPY230623P00407000,407.0,0,0.0,0.0,,0.0,normalDay
2023-06-07,17506.0,11.0,0.0,0,426.55,0.0,1,0.73,0.62,SPY230623P00407000,407.0,0,0.0,0.0,,0.0,normalDay
2023-06-08,17506.0,30.0,0.0,0,429.13,0.0,1,0.73,0.43,SPY230623P00407000,407.0,0,0.0,0.0,,0.0,normalDay
2023-06-09,17506.0,36.0,0.0,0,429.9,0.0,1,0.73,0.37,SPY230623P00407000,407.0,0,0.0,0.0,,0.0,normalDay
2023-06-12,17506.0,47.0,0.0,0,433.8,0.0,1,0.73,0.26,SPY230623P00407000,407.0,0,0.0,0.0,,0.0,normalDay
2023-06-13,17506.0,53.0,0.0,0,436.66,0.0,1,0.73,0.2,SPY230623P00407000,407.0,0,0.0,0.0,,0.0,normalDay
2023-06-14,17506.0,61.0,0.0,0,437.18,0.0,1,0.73,0.12,SPY230623P00407000,407.0,0,0.0,0.0,,0.0,normalDay
2023-06-15,17506.0,62.0,0.0,0,442.6,0.0,1,0.73,0.11,SPY230623P00407000,407.0,0,0.0,0.0,,0.0,normalDay
2023-06-16,17506.0,69.0,0.0,0,439.46,0.0,1,0.73,0.04,SPY230623P00407000,407.0,0,0.0,0.0,,0.0,normalDay
2023-06-20,17506.0,70.0,0.0,0,437.18,0.0,1,0.73,0.03,SPY230623P00407000,407.0,0,0.0,0.0,,0.0,normalDay
2023-06-21,17506.0,71.0,0.0,0,434.94,0.0,1,0.73,0.02,SPY230623P00407000,407.0,0,0.0,0.0,,0.0,normalDay
2023-06-22,17506.0,72.0,0.0,0,436.51,0.0,1,0.73,0.01,SPY230623P00407000,407.0,0,0.0,0.0,,0.0,normalDay
2023-06-23,17579.0,0.0,73.0,0,433.21,0.0,1,0.73,0.0,SPY230623P00407000,407.0,0,0.0,0.0,,0.0,expirationDay
2023-06-26,17579.0,-3.0,0.0,0,431.44,0.0,1,0.94,0.97,SPY230714P00417000,417.0,0,0.0,0.0,,0.0,normalDay
2023-06-27,17579.0,40.0,0.0,0,436.17,0.0,1,0.94,0.54,SPY230714P00417000,417.0,0,0.0,0.0,,0.0,normalDay
2023-06-28,17579.0,52.0,0.0,0,436.39,0.0,1,0.94,0.42,SPY230714P00417000,417.0,0,0.0,0.0,,0.0,normalDay
2023-06-29,17579.0,61.0,0.0,0,438.11,0.0,1,0.94,0.33,SPY230714P00417000,417.0,0,0.0,0.0,,0.0,normalDay
2023-06-30,17579.0,73.0,0.0,0,443.28,0.0,1,0.94,0.21,SPY230714P00417000,417.0,0,0.0,0.0,,0.0,normalDay
2023-07-03,17579.0,78.0,0.0,0,443.79,0.0,1,0.94,0.16,SPY230714P00417000,417.0,0,0.0,0.0,,0.0,normalDay
2023-07-05,17579.0,80.0,0.0,0,443.13,0.0,1,0.94,0.14,SPY230714P00417000,417.0,0,0.0,0.0,,0.0,normalDay
2023-07-06,17579.0,77.0,0.0,0,439.66,0.0,1,0.94,0.17,SPY230714P00417000,417.0,0,0.0,0.0,,0.0,normalDay
2023-07-07,17579.0,85.0,0.0,0,438.55,0.0,1,0.94,0.09,SPY230714P00417000,417.0,0,0.0,0.0,,0.0,normalDay
2023-07-10,17579.0,89.0,0.0,0,439.66,0.0,1,0.94,0.05,SPY230714P00417000,417.0,0,0.0,0.0,,0.0,normalDay
2023-07-11,17579.0,89.0,0.0,0,442.46,0.0,1,0.94,0.05,SPY230714P00417000,417.0,0,0.0,0.0,,0.0,normalDay
2023-07-12,17579.0,91.0,0.0,0,446.02,0.0,1,0.94,0.03,SPY230714P00417000,417.0,0,0.0,0.0,,0.0,normalDay
2023-07-13,17579.0,92.0,0.0,0,449.56,0.0,1,0.94,0.02,SPY230714P00417000,417.0,0,0.0,0.0,,0.0,normalDay
2023-07-14,17673.0,0.0,94.0,0,449.28,0.0,1,0.94,0.0,SPY230714P00417000,417.0,0,0.0,0.0,,0.0,expirationDay
2023-07-17,17673.0,-3.0,0.0,0,450.84,0.0,1,0.52,0.55,SPY230804P00430000,430.0,0,0.0,0.0,,0.0,normalDay
2023-07-18,17673.0,14.0,0.0,0,454.19,0.0,1,0.52,0.38,SPY230804P00430000,430.0,0,0.0,0.0,,0.0,normalDay
2023-07-19,17673.0,15.0,0.0,0,455.2,0.0,1,0.52,0.37,SPY230804P00430000,430.0,0,0.0,0.0,,0.0,normalDay
2023-07-20,17673.0,8.0,0.0,0,452.18,0.0,1,0.52,0.44,SPY230804P00430000,430.0,0,0.0,0.0,,0.0,normalDay
2023-07-21,17673.0,20.0,0.0,0,452.18,0.0,1,0.52,0.32,SPY230804P00430000,430.0,0,0.0,0.0,,0.0,normalDay
2023-07-24,17673.0,29.0,0.0,0,454.2,0.0,1,0.52,0.23,SPY230804P00430000,430.0,0,0.0,0.0,,0.0,normalDay
2023-07-25,17673.0,33.0,0.0,0,455.44,0.0,1,0.52,0.19,SPY230804P00430000,430.0,0,0.0,0.0,,0.0,normalDay
2023-07-26,17673.0,40.0,0.0,0,455.51,0.0,1,0.52,0.12,SPY230804P00430000,430.0,0,0.0,0.0,,0.0,normalDay
2023-07-27,17673.0,33.0,0.0,0,452.49,0.0,1,0.52,0.19,SPY230804P00430000,430.0,0,0.0,0.0,,0.0,normalDay
2023-07-28,17673.0,47.0,0.0,0,456.92,0.0,1,0.52,0.05,SPY230804P00430000,430.0,0,0.0,0.0,,0.0,normalDay
2023-07-31,17673.0,47.0,0.0,0,457.79,0.0,1,0.52,0.05,SPY230804P00430000,430.0,0,0.0,0.0,,0.0,normalDay
2023-08-01,17673.0,48.0,0.0,0,456.48,0.0,1,0.52,0.04,SPY230804P00430000,430.0,0,0.0,0.0,,0.0,normalDay
2023-08-02,17673.0,46.0,0.0,0,450.13,0.0,1,0.52,0.06,SPY230804P00430000,430.0,0,0.0,0.0,,0.0,normalDay
2023-08-03,17673.0,49.0,0.0,0,448.84,0.0,1,0.52,0.03,SPY230804P00430000,430.0,0,0.0,0.0,,0.0,normalDay
2023-08-04,17725.0,0.0,52.0,0,446.81,0.0,1,0.52,0.0,SPY230804P00430000,430.0,0,0.0,0.0,,0.0,expirationDay
2023-08-07,17725.0,-3.0,0.0,0,450.71,0.0,1,2.63,2.66,SPY230825P00444000,444.0,0,0.0,0.0,,0.0,normalDay
2023-08-08,17725.0,-56.0,0.0,0,448.75,0.0,1,2.63,3.19,SPY230825P00444000,444.0,0,0.0,0.0,,0.0,normalDay
2023-08-09,17725.0,-137.0,0.0,0,445.75,0.0,1,2.63,4.0,SPY230825P00444000,444.0,0,0.0,0.0,,0.0,normalDay
2023-08-10,17725.0,-137.0,0.0,0,445.91,0.0,1,2.63,4.0,SPY230825P00444000,444.0,0,0.0,0.0,,0.0,normalDay
2023-08-11,17725.0,-87.0,0.0,0,445.65,0.0,1,2.63,3.5,SPY230825P00444000,444.0,0,0.0,0.0,,0.0,normalDay
2023-08-14,17725.0,29.0,0.0,0,448.11,0.0,1,2.63,2.34,SPY230825P00444000,444.0,0,0.0,0.0,,0.0,normalDay
2023-08-15,17725.0,-197.0,0.0,0,442.89,0.0,1,2.63,4.6,SPY230825P00444000,444.0,0,0.0,0.0,,0.0,normalDay
2023-08-16,17725.0,-344.0,0.0,0,439.64,0.0,1,2.63,6.07,SPY230825P00444000,444.0,0,0.0,0.0,,0.0,normalDay
2023-08-17,17725.0,-606.0,0.0,0,436.29,0.0,1,2.63,8.69,SPY230825P00444000,444.0,0,0.0,0.0,,0.0,normalDay
2023-08-18,17725.0,-549.0,0.0,0,436.5,0.0,1,2.63,8.12,SPY230825P00444000,444.0,0,0.0,0.0,,0.0,normalDay
2023-08-21,17725.0,-323.0,0.0,0,439.34,0.0,1,2.63,5.86,SPY230825P00444000,444.0,0,0.0,0.0,,0.0,normalDay
2023-08-22,17725.0,-375.0,0.0,0,438.15,0.0,1,2.63,6.38,SPY230825P00444000,444.0,0,0.0,0.0,,0.0,normalDay
2023-08-23,17725.0,-17.0,0.0,0,443.03,0.0,1,2.63,2.8,SPY230825P00444000,444.0,0,0.0,0.0,,0.0,normalDay
2023-08-24,17725.0,-467.0,0.0,0,436.89,0.0,1,2.63,7.3,SPY230825P00444000,444.0,0,0.0,0.0,,0.0,normalDay
2023-08-25,17988.0,-403.0,263.0,100,439.97,444.0,1,2.63,0.0,SPY230825P00444000,444.0,0,0.0,0.0,,0.0,expirationDay
2023-08-28,17988.0,-127.0,0.0,100,442.76,444.0,0,0.0,0.0,,0.0,1,0.41,0.44,SPY230915C00458000,458.0,normalDay
2023-08-29,17988.0,422.0,0.0,100,449.16,444.0,0,0.0,0.0,,0.0,1,0.41,1.35,SPY230915C00458000,458.0,normalDay
2023-08-30,17988.0,587.0,0.0,100,451.01,444.0,0,0.0,0.0,,0.0,1,0.41,1.55,SPY230915C00458000,458.0,normalDay
2023-08-31,17988.0,551.0,0.0,100,450.35,444.0,0,0.0,0.0,,0.0,1,0.41,1.25,SPY230915C00458000,458.0,normalDay
2023-09-01,17988.0,668.0,0.0,100,451.19,444.0,0,0.0,0.0,,0.0,1,0.41,0.92,SPY230915C00458000,458.0,normalDay
2023-09-05,17988.0,513.0,0.0,100,449.24,444.0,0,0.0,0.0,,0.0,1,0.41,0.52,SPY230915C00458000,458.0,normalDay
2023-09-06,17988.0,249.0,0.0,100,446.22,444.0,0,0.0,0.0,,0.0,1,0.41,0.14,SPY230915C00458000,458.0,normalDay
2023-09-07,17988.0,118.0,0.0,100,444.85,444.0,0,0.0,0.0,,0.0,1,0.41,0.08,SPY230915C00458000,458.0,normalDay
2023-09-08,17988.0,189.0,0.0,100,445.52,444.0,0,0.0,0.0,,0.0,1,0.41,0.04,SPY230915C00458000,458.0,normalDay
2023-09-11,17988.0,480.0,0.0,100,448.45,444.0,0,0.0,0.0,,0.0,1,0.41,0.06,SPY230915C00458000,458.0,normalDay
2023-09-12,17988.0,237.0,0.0,100,445.99,444.0,0,0.0,0.0,,0.0,1,0.41,0.03,SPY230915C00458000,458.0,normalDay
2023-09-13,17988.0,290.0,0.0,100,446.51,444.0,0,0.0,0.0,,0.0,1,0.41,0.02,SPY230915C00458000,458.0,normalDay
2023-09-14,17988.0,675.0,0.0,100,450.36,444.0,0,0.0,0.0,,0.0,1,0.41,0.02,SPY230915C00458000,458.0,normalDay
2023-09-15,18029.0,-63.0,41.0,100,443.37,444.0,0,0.0,0.0,,0.0,1,0.41,0.0,SPY230915C00458000,458.0,expirationDay
2023-09-18,18029.0,-40.0,0.0,100,443.63,444.0,0,0.0,0.0,,0.0,1,0.71,0.74,SPY231006C00456000,456.0,normalDay
2023-09-19,18029.0,-116.0,0.0,100,442.71,444.0,0,0.0,0.0,,0.0,1,0.71,0.58,SPY231006C00456000,456.0,normalDay
2023-09-20,18029.0,-488.0,0.0,100,438.64,444.0,0,0.0,0.0,,0.0,1,0.71,0.23,SPY231006C00456000,456.0,normalDay
2023-09-21,18029.0,-1197.0,0.0,100,431.39,444.0,0,0.0,0.0,,0.0,1,0.71,0.07,SPY231006C00456000,456.0,normalDay
2023-09-22,18029.0,-1291.0,0.0,100,430.42,444.0,0,0.0,0.0,,0.0,1,0.71,0.04,SPY231006C00456000,456.0,normalDay
2023-09-25,18029.0,-1110.0,0.0,100,432.23,444.0,0,0.0,0.0,,0.0,1,0.71,0.04,SPY231006C00456000,456.0,normalDay
2023-09-26,18029.0,-1744.0,0.0,100,425.88,444.0,0,0.0,0.0,,0.0,1,0.71,0.03,SPY231006C00456000,456.0,normalDay
2023-09-27,18029.0,-1726.0,0.0,100,426.05,444.0,0,0.0,0.0,,0.0,1,0.71,0.02,SPY231006C00456000,456.0,normalDay
2023-09-28,18029.0,-1479.0,0.0,100,428.52,444.0,0,0.0,0.0,,0.0,1,0.71,0.02,SPY231006C00456000,456.0,normalDay
2023-09-29,18029.0,-1582.0,0.0,100,427.48,444.0,0,0.0,0.0,,0.0,1,0.71,0.01,SPY231006C00456000,456.0,normalDay
2023-10-02,18029.0,-1599.0,0.0,100,427.31,444.0,0,0.0,0.0,,0.0,1,0.71,0.01,SPY231006C00456000,456.0,normalDay
2023-10-03,18029.0,-2171.0,0.0,100,421.59,444.0,0,0.0,0.0,,0.0,1,0.71,0.01,SPY231006C00456000,456.0,normalDay
2023-10-04,18029.0,-1864.0,0.0,100,424.66,444.0,0,0.0,0.0,,0.0,1,0.71,0.01,SPY231006C00456000,456.0,normalDay
2023-10-05,18029.0,-1880.0,0.0,100,424.5,444.0,0,0.0,0.0,,0.0,1,0.71,0.01,SPY231006C00456000,456.0,normalDay
2023-10-06,18100.0,-1446.0,71.0,100,429.54,444.0,0,0.0,0.0,,0.0,1,0.71,0.0,SPY231006C00456000,456.0,expirationDay
2023-10-09,18100.0,-1174.0,0.0,100,432.29,444.0,0,0.0,0.0,,0.0,1,0.15,0.18,SPY231027C00456000,456.0,normalDay
2023-10-10,18100.0,-951.0,0.0,100,434.54,444.0,0,0.0,0.0,,0.0,1,0.15,0.2,SPY231027C00456000,456.0,normalDay
2023-10-11,18100.0,-772.0,0.0,100,436.32,444.0,0,0.0,0.0,,0.0,1,0.15,0.19,SPY231027C00456000,456.0,normalDay
2023-10-12,18100.0,-1027.0,0.0,100,433.66,444.0,0,0.0,0.0,,0.0,1,0.15,0.08,SPY231027C00456000,456.0,normalDay
2023-10-13,18100.0,-1241.0,0.0,100,431.5,444.0,0,0.0,0.0,,0.0,1,0.15,0.06,SPY231027C00456000,456.0,normalDay
2023-10-16,18100.0,-789.0,0.0,100,436.04,444.0,0,0.0,0.0,,0.0,1,0.15,0.08,SPY231027C00456000,456.0,normalDay
2023-10-17,18100.0,-789.0,0.0,100,436.02,444.0,0,0.0,0.0,,0.0,1,0.15,0.06,SPY231027C00456000,456.0,normalDay
2023-10-18,18100.0,-1367.0,0.0,100,430.21,444.0,0,0.0,0.0,,0.0,1,0.15,0.03,SPY231027C00456000,456.0,normalDay
2023-10-19,18100.0,-1745.0,0.0,100,426.43,444.0,0,0.0,0.0,,0.0,1,0.15,0.03,SPY231027C00456000,456.0,normalDay
2023-10-20,18100.0,-2268.0,0.0,100,421.19,444.0,0,0.0,0.0,,0.0,1,0.15,0.02,SPY231027C00456000,456.0,normalDay
2023-10-23,18100.0,-2340.0,0.0,100,420.46,444.0,0,0.0,0.0,,0.0,1,0.15,0.01,SPY231027C00456000,456.0,normalDay
2023-10-24,18100.0,-2023.0,0.0,100,423.63,444.0,0,0.0,0.0,,0.0,1,0.15,0.01,SPY231027C00456000,456.0,normalDay
2023-10-25,18100.0,-2631.0,0.0,100,417.55,444.0,0,0.0,0.0,,0.0,1,0.15,0.01,SPY231027C00456000,456.0,normalDay
2023-10-26,18100.0,-3131.0,0.0,100,412.55,444.0,0,0.0,0.0,,0.0,1,0.15,0.01,SPY231027C00456000,456.0,normalDay
2023-10-27,18115.0,-3332.0,15.0,100,410.68,444.0,0,0.0,0.0,,0.0,1,0.15,0.0,SPY231027C00456000,456.0,expirationDay
2023-10-30,18115.0,-2844.0,0.0,100,415.59,444.0,0,0.0,0.0,,0.0,1,0.07,0.1,SPY231117C00446000,446.0,normalDay
2023-10-31,18115.0,-2582.0,0.0,100,418.2,444.0,0,0.0,0.0,,0.0,1,0.07,0.09,SPY231117C00446000,446.0,normalDay
2023-11-01,18115.0,-2141.0,0.0,100,422.66,444.0,0,0.0,0.0,,0.0,1,0.07,0.14,SPY231117C00446000,446.0,normalDay
2023-11-02,18115.0,-1359.0,0.0,100,430.76,444.0,0,0.0,0.0,,0.0,1,0.07,0.42,SPY231117C00446000,446.0,normalDay
2023-11-03,18115.0,-1002.0,0.0,100,434.69,444.0,0,0.0,0.0,,0.0,1,0.07,0.78,SPY231117C00446000,446.0,normalDay
2023-11-06,18115.0,-883.0,0.0,100,435.69,444.0,0,0.0,0.0,,0.0,1,0.07,0.59,SPY231117C00446000,446.0,normalDay
2023-11-07,18115.0,-772.0,0.0,100,436.93,444.0,0,0.0,0.0,,0.0,1,0.07,0.72,SPY231117C00446000,446.0,normalDay
2023-11-08,18115.0,-726.0,0.0,100,437.25,444.0,0,0.0,0.0,,0.0,1,0.07,0.58,SPY231117C00446000,446.0,normalDay
2023-11-09,18115.0,-1031.0,0.0,100,433.84,444.0,0,0.0,0.0,,0.0,1,0.07,0.22,SPY231117C00446000,446.0,normalDay
2023-11-10,18115.0,-428.0,0.0,100,440.61,444.0,0,0.0,0.0,,0.0,1,0.07,0.96,SPY231117C00446000,446.0,normalDay
2023-11-13,18115.0,-453.0,0.0,100,440.19,444.0,0,0.0,0.0,,0.0,1,0.07,0.79,SPY231117C00446000,446.0,normalDay
2023-11-14,18115.0,41.0,0.0,100,448.73,444.0,0,0.0,0.0,,0.0,1,0.07,4.39,SPY231117C00446000,446.0,normalDay
2023-11-15,18115.0,166.0,0.0,100,449.68,444.0,0,0.0,0.0,,0.0,1,0.07,4.09,SPY231117C00446000,446.0,normalDay
2023-11-16,18115.0,179.0,0.0,100,450.23,444.0,0,0.0,0.0,,0.0,1,0.07,4.51,SPY231117C00446000,446.0,normalDay
2023-11-17,18322.0,179.0,207.0,0,450.79,0.0,0,0.0,0.0,,0.0,1,0.07,0.0,SPY231117C00446000,446.0,expirationDay
2023-11-20,18322.0,-3.0,0.0,0,454.26,0.0,1,0.12,0.15,SPY231208P00407000,407.0,0,0.0,0.0,,0.0,normalDay
2023-11-21,18322.0,-2.0,0.0,0,453.27,0.0,1,0.12,0.14,SPY231208P00407000,407.0,0,0.0,0.0,,0.0,normalDay
2023-11-22,18322.0,1.0,0.0,0,455.02,0.0,1,0.12,0.11,SPY231208P00407000,407.0,0,0.0,0.0,,0.0,normalDay
2023-11-24,18322.0,4.0,0.0,0,455.3,0.0,1,0.12,0.08,SPY231208P00407000,407.0,0,0.0,0.0,,0.0,normalDay
2023-11-27,18322.0,6.0,0.0,0,454.48,0.0,1,0.12,0.06,SPY231208P00407000,407.0,0,0.0,0.0,,0.0,normalDay
2023-11-28,18322.0,6.0,0.0,0,454.93,0.0,1,0.12,0.06,SPY231208P00407000,407.0,0,0.0,0.0,,0.0,normalDay
2023-11-29,18322.0,7.0,0.0,0,454.61,0.0,1,0.12,0.05,SPY231208P00407000,407.0,0,0.0,0.0,,0.0,normalDay
2023-11-30,18322.0,7.0,0.0,0,456.4,0.0,1,0.12,0.05,SPY231208P00407000,407.0,0,0.0,0.0,,0.0,normalDay
