date,totalCapital,unrializedPnL,rializedPnL,stocksOwned,stocksPriceToday,stocksPriceBoughtAt,putOwned,putOwnedSoldAt,putPriceToday,putOwnedContract,putOwnedStrike,callOwned,callOwnedSoldAt,callPriceToday,callOwnedContract,callOwnedStrike,trackType
2018-11-01,0.0,-3.0,0.0,0,273.51,0.0,1,0.06,0.09,SPY181102P00265000,265.0,0,0.0,0.0,,0.0,normalDay
2018-11-02,6.0,0.0,6.0,0,271.89,0.0,1,0.06,0.0,SPY181102P00265000,265.0,0,0.0,0.0,,0.0,expirationDay
2018-11-05,6.0,-3.0,0.0,0,273.39,0.0,1,0.31,0.34,SPY181107P00265500,265.5,0,0.0,0.0,,0.0,normalDay
2018-11-06,6.0,16.0,0.0,0,275.12,0.0,1,0.31,0.15,SPY181107P00265500,265.5,0,0.0,0.0,,0.0,normalDay
2018-11-07,37.0,0.0,31.0,0,281.01,0.0,1,0.31,0.0,SPY181107P00265500,265.5,0,0.0,0.0,,0.0,expirationDay
2018-11-08,37.0,0.0,0.0,0,280.5,0.0,0,0.0,0.0,,0.0,0,0.0,0.0,,0.0,bidTooLow
2018-11-09,37.0,0.0,0.0,0,277.76,0.0,0,0.0,0.0,,0.0,0,0.0,0.0,,0.0,bidTooLow
2018-11-12,37.0,-4.0,0.0,0,272.57,0.0,1,0.33,0.37,SPY181114P00266000,266.0,0,0.0,0.0,,0.0,normalDay
2018-11-13,37.0,19.0,0.0,0,272.06,0.0,1,0.33,0.14,SPY181114P00266000,266.0,0,0.0,0.0,,0.0,normalDay
2018-11-14,70.0,0.0,33.0,0,270.2,0.0,1,0.33,0.0,SPY181114P00266000,266.0,0,0.0,0.0,,0.0,expirationDay
2018-11-15,70.0,-3.0,0.0,0,273.02,0.0,1,0.08,0.11,SPY181116P00266000,266.0,0,0.0,0.0,,0.0,normalDay
2018-11-16,78.0,0.0,8.0,0,273.73,0.0,1,0.08,0.0,SPY181116P00266000,266.0,0,0.0,0.0,,0.0,expirationDay
2018-11-19,78.0,-3.0,0.0,0,269.1,0.0,1,0.71,0.74,SPY181121P00266000,266.0,0,0.0,0.0,,0.0,normalDay
2018-11-20,78.0,-197.0,0.0,0,264.12,0.0,1,0.71,2.68,SPY181121P00266000,266.0,0,0.0,0.0,,0.0,normalDay
2018-11-21,149.0,-98.0,71.0,100,265.02,266.0,1,0.71,0.0,SPY181121P00266000,266.0,0,0.0,0.0,,0.0,expirationDay
2018-11-23,149.0,-275.0,0.0,100,263.25,266.0,0,0.0,0.0,,0.0,0,0.0,0.0,,0.0,bidTooLow
2018-11-26,149.0,150.0,0.0,100,267.5,266.0,0,0.0,0.0,,0.0,0,0.0,0.0,,0.0,bidTooLow
2018-11-27,149.0,240.0,0.0,100,268.4,266.0,0,0.0,0.0,,0.0,0,0.0,0.0,,0.0,bidTooLow
2018-11-28,149.0,855.0,0.0,100,274.58,266.0,0,0.0,0.0,,0.0,1,0.4,0.43,SPY181130C00277500,277.5,normalDay
2018-11-29,149.0,827.0,0.0,100,273.98,266.0,0,0.0,0.0,,0.0,1,0.4,0.11,SPY181130C00277500,277.5,normalDay
2018-11-30,189.0,965.0,40.0,100,275.65,266.0,0,0.0,0.0,,0.0,1,0.4,0.0,SPY181130C00277500,277.5,expirationDay
2018-12-03,189.0,1325.0,0.0,100,279.3,266.0,0,0.0,0.0,,0.0,1,1.16,1.21,SPY181205C00279000,279.0,normalDay
2018-12-04,189.0,540.0,0.0,100,270.25,266.0,0,0.0,0.0,,0.0,1,1.16,0.01,SPY181205C00279000,279.0,normalDay
2018-12-06,305.0,384.0,116.0,100,269.84,266.0,0,0.0,0.0,,0.0,1,1.16,0.0,SPY181205C00279000,279.0,optionNotFound
2018-12-07,305.0,-243.0,0.0,100,263.57,266.0,0,0.0,0.0,,0.0,0,0.0,0.0,,0.0,bidTooLow
2018-12-10,305.0,-193.0,0.0,100,264.07,266.0,0,0.0,0.0,,0.0,0,0.0,0.0,,0.0,bidTooLow
2018-12-11,305.0,-190.0,0.0,100,264.13,266.0,0,0.0,0.0,,0.0,1,0.07,0.1,SPY181214C00275000,275.0,normalDay
2018-12-12,305.0,-51.0,0.0,100,265.46,266.0,0,0.0,0.0,,0.0,1,0.07,0.04,SPY181214C00275000,275.0,normalDay
2018-12-13,305.0,-57.0,0.0,100,265.37,266.0,0,0.0,0.0,,0.0,1,0.07,0.01,SPY181214C00275000,275.0,normalDay
2018-12-14,312.0,-553.0,7.0,100,260.47,266.0,0,0.0,0.0,,0.0,1,0.07,0.0,SPY181214C00275000,275.0,expirationDay
2018-12-17,312.0,-1064.0,0.0,100,255.36,266.0,0,0.0,0.0,,0.0,0,0.0,0.0,,0.0,bidTooLow
2018-12-18,312.0,-1095.0,0.0,100,255.08,266.0,0,0.0,0.0,,0.0,1,0.01,0.04,SPY181221C00274000,274.0,normalDay
2018-12-19,312.0,-1475.0,0.0,100,251.26,266.0,0,0.0,0.0,,0.0,1,0.01,0.02,SPY181221C00274000,274.0,normalDay
2018-12-20,312.0,-1883.0,0.0,100,247.17,266.0,0,0.0,0.0,,0.0,1,0.01,0.01,SPY181221C00274000,274.0,normalDay
2018-12-21,313.0,-2530.0,1.0,100,240.7,266.0,0,0.0,0.0,,0.0,1,0.01,0.0,SPY181221C00274000,274.0,expirationDay
2018-12-24,313.0,-3166.0,0.0,100,234.34,266.0,0,0.0,0.0,,0.0,0,0.0,0.0,,0.0,bidTooLow
2018-12-26,313.0,-1982.0,0.0,100,246.18,266.0,0,0.0,0.0,,0.0,0,0.0,0.0,,0.0,bidTooLow
2018-12-27,313.0,-1793.0,0.0,100,248.07,266.0,0,0.0,0.0,,0.0,0,0.0,0.0,,0.0,bidTooLow
2018-12-28,313.0,-1825.0,0.0,100,247.75,266.0,0,0.0,0.0,,0.0,0,0.0,0.0,,0.0,bidTooLow
2018-12-31,313.0,-1608.0,0.0,100,249.92,266.0,0,0.0,0.0,,0.0,0,0.0,0.0,,0.0,bidTooLow
2019-01-02,313.0,-1582.0,0.0,100,250.18,266.0,0,0.0,0.0,,0.0,0,0.0,0.0,,0.0,bidTooLow
2019-01-03,313.0,-2179.0,0.0,100,244.21,266.0,0,0.0,0.0,,0.0,0,0.0,0.0,,0.0,bidTooLow
2019-01-04,313.0,-1361.0,0.0,100,252.39,266.0,0,0.0,0.0,,0.0,0,0.0,0.0,,0.0,bidTooLow
2019-01-07,313.0,-1162.0,0.0,100,254.38,266.0,0,0.0,0.0,,0.0,0,0.0,0.0,,0.0,bidTooLow
2019-01-08,313.0,-926.0,0.0,100,256.77,266.0,0,0.0,0.0,,0.0,1,0.17,0.2,SPY190111C00263000,263.0,normalDay
2019-01-09,313.0,-801.0,0.0,100,257.97,266.0,0,0.0,0.0,,0.0,1,0.17,0.15,SPY190111C00263000,263.0,normalDay
2019-01-10,313.0,-701.0,0.0,100,258.88,266.0,0,0.0,0.0,,0.0,1,0.17,0.06,SPY190111C00263000,263.0,normalDay
2019-01-11,330.0,-702.0,17.0,100,258.98,266.0,0,0.0,0.0,,0.0,1,0.17,0.0,SPY190111C00263000,263.0,expirationDay
2019-01-14,330.0,-864.0,0.0,100,257.4,266.0,0,0.0,0.0,,0.0,1,0.43,0.47,SPY190116C00259500,259.5,normalDay
2019-01-15,330.0,-655.0,0.0,100,260.35,266.0,0,0.0,0.0,,0.0,1,0.43,1.33,SPY190116C00259500,259.5,normalDay
2019-01-16,-277.0,-655.0,-607.0,0,260.98,0.0,0,0.0,0.0,,0.0,1,0.43,0.0,SPY190116C00259500,259.5,expirationDay
2019-01-17,-277.0,0.0,0.0,0,262.96,0.0,0,0.0,0.0,,0.0,0,0.0,0.0,,0.0,bidTooLow
2019-01-18,-277.0,0.0,0.0,0,266.46,0.0,0,0.0,0.0,,0.0,0,0.0,0.0,,0.0,bidTooLow
2019-01-22,-277.0,0.0,0.0,0,262.86,0.0,0,0.0,0.0,,0.0,0,0.0,0.0,,0.0,bidTooLow
2019-01-23,-277.0,0.0,0.0,0,263.41,0.0,0,0.0,0.0,,0.0,0,0.0,0.0,,0.0,bidTooLow
2019-01-24,-277.0,0.0,0.0,0,263.55,0.0,0,0.0,0.0,,0.0,0,0.0,0.0,,0.0,bidTooLow
2019-01-25,-277.0,0.0,0.0,0,265.78,0.0,0,0.0,0.0,,0.0,0,0.0,0.0,,0.0,bidTooLow
2019-01-28,-277.0,0.0,0.0,0,263.76,0.0,0,0.0,0.0,,0.0,0,0.0,0.0,,0.0,bidTooLow
2019-01-29,-277.0,-3.0,0.0,0,263.41,0.0,1,0.05,0.08,SPY190201P00250500,250.5,0,0.0,0.0,,0.0,normalDay
2019-01-30,-277.0,4.0,0.0,0,267.58,0.0,1,0.05,0.01,SPY190201P00250500,250.5,0,0.0,0.0,,0.0,normalDay
2019-01-31,-277.0,4.0,0.0,0,269.93,0.0,1,0.05,0.01,SPY190201P00250500,250.5,0,0.0,0.0,,0.0,normalDay
2019-02-01,-272.0,0.0,5.0,0,270.06,0.0,1,0.05,0.0,SPY190201P00250500,250.5,0,0.0,0.0,,0.0,expirationDay
2019-02-04,-272.0,0.0,0.0,0,271.96,0.0,0,0.0,0.0,,0.0,0,0.0,0.0,,0.0,bidTooLow
2019-02-05,-272.0,0.0,0.0,0,273.1,0.0,0,0.0,0.0,,0.0,0,0.0,0.0,,0.0,bidTooLow
2019-02-06,-272.0,0.0,0.0,0,272.74,0.0,0,0.0,0.0,,0.0,0,0.0,0.0,,0.0,bidTooLow
2019-02-07,-272.0,0.0,0.0,0,270.14,0.0,0,0.0,0.0,,0.0,0,0.0,0.0,,0.0,bidTooLow
2019-02-08,-272.0,0.0,0.0,0,270.47,0.0,0,0.0,0.0,,0.0,0,0.0,0.0,,0.0,bidTooLow
2019-02-11,-272.0,0.0,0.0,0,270.62,0.0,0,0.0,0.0,,0.0,0,0.0,0.0,,0.0,bidTooLow
2019-02-12,-272.0,-3.0,0.0,0,274.1,0.0,1,0.01,0.04,SPY190215P00261000,261.0,0,0.0,0.0,,0.0,normalDay
2019-02-13,-272.0,-2.0,0.0,0,274.99,0.0,1,0.01,0.03,SPY190215P00261000,261.0,0,0.0,0.0,,0.0,normalDay
2019-02-14,-272.0,-1.0,0.0,0,274.38,0.0,1,0.01,0.02,SPY190215P00261000,261.0,0,0.0,0.0,,0.0,normalDay
2019-02-15,-271.0,0.0,1.0,0,277.37,0.0,1,0.01,0.0,SPY190215P00261000,261.0,0,0.0,0.0,,0.0,expirationDay
2019-02-19,-271.0,0.0,0.0,0,277.85,0.0,0,0.0,0.0,,0.0,0,0.0,0.0,,0.0,bidTooLow
2019-02-20,-271.0,0.0,0.0,0,278.41,0.0,0,0.0,0.0,,0.0,0,0.0,0.0,,0.0,bidTooLow
2019-02-21,-271.0,0.0,0.0,0,277.42,0.0,0,0.0,0.0,,0.0,0,0.0,0.0,,0.0,bidTooLow
2019-02-22,-271.0,0.0,0.0,0,279.14,0.0,0,0.0,0.0,,0.0,0,0.0,0.0,,0.0,bidTooLow
2019-02-25,-271.0,0.0,0.0,0,279.52,0.0,0,0.0,0.0,,0.0,0,0.0,0.0,,0.0,bidTooLow
2019-02-26,-271.0,-3.0,0.0,0,279.32,0.0,1,0.01,0.04,SPY190301P00267500,267.5,0,0.0,0.0,,0.0,normalDay
2019-02-27,-271.0,-1.0,0.0,0,279.2,0.0,1,0.01,0.02,SPY190301P00267500,267.5,0,0.0,0.0,,0.0,normalDay
2019-02-28,-271.0,0.0,0.0,0,278.68,0.0,1,0.01,0.01,SPY190301P00267500,267.5,0,0.0,0.0,,0.0,normalDay
2019-03-01,-270.0,0.0,1.0,0,280.42,0.0,1,0.01,0.0,SPY190301P00267500,267.5,0,0.0,0.0,,0.0,expirationDay
2019-03-04,-270.0,0.0,0.0,0,279.4,0.0,0,0.0,0.0,,0.0,0,0.0,0.0,,0.0,bidTooLow
2019-03-05,-270.0,-3.0,0.0,0,279.02,0.0,1,0.07,0.1,SPY190308P00271500,271.5,0,0.0,0.0,,0.0,normalDay
2019-03-06,-270.0,-6.0,0.0,0,277.33,0.0,1,0.07,0.13,SPY190308P00271500,271.5,0,0.0,0.0,,0.0,normalDay
2019-03-07,-270.0,-4.0,0.0,0,275.01,0.0,1,0.07,0.11,SPY190308P00271500,271.5,0,0.0,0.0,,0.0,normalDay
2019-03-08,-263.0,0.0,7.0,0,274.46,0.0,1,0.07,0.0,SPY190308P00271500,271.5,0,0.0,0.0,,0.0,expirationDay
2019-03-11,-263.0,-3.0,0.0,0,278.44,0.0,1,0.07,0.1,SPY190313P00273500,273.5,0,0.0,0.0,,0.0,normalDay
2019-03-12,-263.0,5.0,0.0,0,279.49,0.0,1,0.07,0.02,SPY190313P00273500,273.5,0,0.0,0.0,,0.0,normalDay
2019-03-13,-256.0,0.0,7.0,0,281.34,0.0,1,0.07,0.0,SPY190313P00273500,273.5,0,0.0,0.0,,0.0,expirationDay
2019-03-14,-256.0,-3.0,0.0,0,281.16,0.0,1,0.04,0.07,SPY190315P00275500,275.5,0,0.0,0.0,,0.0,normalDay
2019-03-15,-252.0,0.0,4.0,0,281.31,0.0,1,0.04,0.0,SPY190315P00275500,275.5,0,0.0,0.0,,0.0,expirationDay
2019-03-18,-252.0,-3.0,0.0,0,282.33,0.0,1,0.01,0.04,SPY190320P00276000,276.0,0,0.0,0.0,,0.0,normalDay
2019-03-19,-252.0,-1.0,0.0,0,282.4,0.0,1,0.01,0.02,SPY190320P00276000,276.0,0,0.0,0.0,,0.0,normalDay
2019-03-20,-251.0,0.0,1.0,0,281.55,0.0,1,0.01,0.0,SPY190320P00276000,276.0,0,0.0,0.0,,0.0,expirationDay
2019-03-21,-251.0,0.0,0.0,0,284.73,0.0,0,0.0,0.0,,0.0,0,0.0,0.0,,0.0,bidTooLow
2019-03-22,-251.0,-4.0,0.0,0,279.25,0.0,1,0.24,0.28,SPY190325P00276500,276.5,0,0.0,0.0,,0.0,normalDay
2019-03-25,-227.0,0.0,24.0,0,279.04,0.0,1,0.24,0.0,SPY190325P00276500,276.5,0,0.0,0.0,,0.0,expirationDay
2019-03-26,-227.0,-3.0,0.0,0,281.12,0.0,1,0.28,0.31,SPY190329P00276000,276.0,0,0.0,0.0,,0.0,normalDay
2019-03-27,-227.0,-9.0,0.0,0,279.65,0.0,1,0.28,0.37,SPY190329P00276000,276.0,0,0.0,0.0,,0.0,normalDay
2019-03-28,-227.0,22.0,0.0,0,280.71,0.0,1,0.28,0.06,SPY190329P00276000,276.0,0,0.0,0.0,,0.0,normalDay
2019-03-29,-199.0,0.0,28.0,0,282.48,0.0,1,0.28,0.0,SPY190329P00276000,276.0,0,0.0,0.0,,0.0,expirationDay
2019-04-01,-199.0,0.0,0.0,0,285.83,0.0,0,0.0,0.0,,0.0,0,0.0,0.0,,0.0,bidTooLow
2019-04-02,-199.0,-3.0,0.0,0,285.97,0.0,1,0.01,0.04,SPY190405P00276500,276.5,0,0.0,0.0,,0.0,normalDay
2019-04-03,-199.0,-1.0,0.0,0,286.42,0.0,1,0.01,0.02,SPY190405P00276500,276.5,0,0.0,0.0,,0.0,normalDay
2019-04-04,-199.0,0.0,0.0,0,287.18,0.0,1,0.01,0.01,SPY190405P00276500,276.5,0,0.0,0.0,,0.0,normalDay
2019-04-05,-198.0,0.0,1.0,0,288.57,0.0,1,0.01,0.0,SPY190405P00276500,276.5,0,0.0,0.0,,0.0,expirationDay
2019-04-08,-198.0,0.0,0.0,0,288.79,0.0,0,0.0,0.0,,0.0,0,0.0,0.0,,0.0,bidTooLow
2019-04-09,-198.0,-3.0,0.0,0,287.31,0.0,1,0.03,0.06,SPY190412P00279000,279.0,0,0.0,0.0,,0.0,normalDay
2019-04-10,-198.0,1.0,0.0,0,288.29,0.0,1,0.03,0.02,SPY190412P00279000,279.0,0,0.0,0.0,,0.0,normalDay
2019-04-11,-198.0,2.0,0.0,0,288.21,0.0,1,0.03,0.01,SPY190412P00279000,279.0,0,0.0,0.0,,0.0,normalDay
2019-04-12,-195.0,0.0,3.0,0,290.16,0.0,1,0.03,0.0,SPY190412P00279000,279.0,0,0.0,0.0,,0.0,expirationDay
2019-04-15,-195.0,-3.0,0.0,0,289.97,0.0,1,0.01,0.04,SPY190418P00279500,279.5,0,0.0,0.0,,0.0,normalDay
2019-04-16,-195.0,-2.0,0.0,0,290.16,0.0,1,0.01,0.03,SPY190418P00279500,279.5,0,0.0,0.0,,0.0,normalDay
2019-04-17,-195.0,-1.0,0.0,0,289.45,0.0,1,0.01,0.02,SPY190418P00279500,279.5,0,0.0,0.0,,0.0,normalDay
2019-04-18,-194.0,0.0,1.0,0,290.02,0.0,1,0.01,0.0,SPY190418P00279500,279.5,0,0.0,0.0,,0.0,expirationDay
2019-04-22,-194.0,0.0,0.0,0,290.27,0.0,0,0.0,0.0,,0.0,0,0.0,0.0,,0.0,bidTooLow
2019-04-23,-194.0,0.0,0.0,0,292.88,0.0,0,0.0,0.0,,0.0,0,0.0,0.0,,0.0,bidTooLow
2019-04-24,-194.0,-3.0,0.0,0,292.23,0.0,1,0.01,0.04,SPY190426P00283000,283.0,0,0.0,0.0,,0.0,normalDay
2019-04-25,-194.0,-1.0,0.0,0,292.05,0.0,1,0.01,0.02,SPY190426P00283000,283.0,0,0.0,0.0,,0.0,normalDay
2019-04-26,-193.0,0.0,1.0,0,293.41,0.0,1,0.01,0.0,SPY190426P00283000,283.0,0,0.0,0.0,,0.0,expirationDay
2019-04-29,-193.0,-3.0,0.0,0,293.87,0.0,1,0.02,0.05,SPY190501P00286000,286.0,0,0.0,0.0,,0.0,normalDay
2019-04-30,-193.0,0.0,0.0,0,294.02,0.0,1,0.02,0.02,SPY190501P00286000,286.0,0,0.0,0.0,,0.0,normalDay
2019-05-01,-191.0,0.0,2.0,0,291.81,0.0,1,0.02,0.0,SPY190501P00286000,286.0,0,0.0,0.0,,0.0,expirationDay
2019-05-02,-191.0,-3.0,0.0,0,291.18,0.0,1,0.09,0.12,SPY190503P00287500,287.5,0,0.0,0.0,,0.0,normalDay
2019-05-03,-182.0,0.0,9.0,0,294.03,0.0,1,0.09,0.0,SPY190503P00287500,287.5,0,0.0,0.0,,0.0,expirationDay
2019-05-06,-182.0,-3.0,0.0,0,292.82,0.0,1,0.2,0.23,SPY190508P00288000,288.0,0,0.0,0.0,,0.0,normalDay
2019-05-07,-182.0,-109.0,0.0,0,287.93,0.0,1,0.2,1.29,SPY190508P00288000,288.0,0,0.0,0.0,,0.0,normalDay
2019-05-08,-162.0,-47.0,20.0,100,287.53,288.0,1,0.2,0.0,SPY190508P00288000,288.0,0,0.0,0.0,,0.0,expirationDay
2019-05-09,-162.0,-137.0,0.0,100,286.66,288.0,0,0.0,0.0,,0.0,1,0.06,0.09,SPY190510C00293500,293.5,normalDay
2019-05-10,-156.0,10.0,6.0,100,288.1,288.0,0,0.0,0.0,,0.0,1,0.06,0.0,SPY190510C00293500,293.5,expirationDay
2019-05-13,-156.0,-714.0,0.0,100,280.86,288.0,0,0.0,0.0,,0.0,0,0.0,0.0,,0.0,bidTooLow
2019-05-14,-156.0,-460.0,0.0,100,283.4,288.0,0,0.0,0.0,,0.0,0,0.0,0.0,,0.0,bidTooLow
2019-05-15,-156.0,-294.0,0.0,100,285.06,288.0,0,0.0,0.0,,0.0,0,0.0,0.0,,0.0,bidTooLow
2019-05-16,-156.0,-30.0,0.0,100,287.7,288.0,0,0.0,0.0,,0.0,0,0.0,0.0,,0.0,bidTooLow
2019-05-17,-156.0,-216.0,0.0,100,285.84,288.0,0,0.0,0.0,,0.0,0,0.0,0.0,,0.0,bidTooLow
2019-05-20,-156.0,-405.0,0.0,100,283.95,288.0,0,0.0,0.0,,0.0,0,0.0,0.0,,0.0,bidTooLow
2019-05-21,-156.0,-149.0,0.0,100,286.51,288.0,0,0.0,0.0,,0.0,0,0.0,0.0,,0.0,bidTooLow
2019-05-22,-156.0,-237.0,0.0,100,285.63,288.0,0,0.0,0.0,,0.0,0,0.0,0.0,,0.0,bidTooLow
2019-05-23,-156.0,-586.0,0.0,100,282.14,288.0,0,0.0,0.0,,0.0,0,0.0,0.0,,0.0,bidTooLow
2019-05-24,-156.0,-522.0,0.0,100,282.78,288.0,0,0.0,0.0,,0.0,0,0.0,0.0,,0.0,bidTooLow
2019-05-28,-156.0,-785.0,0.0,100,280.15,288.0,0,0.0,0.0,,0.0,0,0.0,0.0,,0.0,bidTooLow
2019-05-29,-156.0,-973.0,0.0,100,278.27,288.0,0,0.0,0.0,,0.0,0,0.0,0.0,,0.0,bidTooLow
2019-05-30,-156.0,-897.0,0.0,100,279.03,288.0,0,0.0,0.0,,0.0,0,0.0,0.0,,0.0,bidTooLow
2019-05-31,-156.0,-1273.0,0.0,100,275.27,288.0,0,0.0,0.0,,0.0,0,0.0,0.0,,0.0,bidTooLow
2019-06-03,-156.0,-1343.0,0.0,100,274.57,288.0,0,0.0,0.0,,0.0,0,0.0,0.0,,0.0,bidTooLow
2019-06-04,-156.0,-747.0,0.0,100,280.53,288.0,0,0.0,0.0,,0.0,0,0.0,0.0,,0.0,bidTooLow
2019-06-05,-156.0,-507.0,0.0,100,282.96,288.0,0,0.0,0.0,,0.0,1,0.05,0.08,SPY190607C00287500,287.5,normalDay
2019-06-06,-156.0,-327.0,0.0,100,284.8,288.0,0,0.0,0.0,,0.0,1,0.05,0.12,SPY190607C00287500,287.5,normalDay
2019-06-07,-201.0,-327.0,-45.0,0,287.65,0.0,0,0.0,0.0,,0.0,1,0.05,0.0,SPY190607C00287500,287.5,expirationDay
2019-06-10,-201.0,0.0,0.0,0,288.97,0.0,0,0.0,0.0,,0.0,0,0.0,0.0,,0.0,bidTooLow
2019-06-11,-201.0,0.0,0.0,0,288.9,0.0,0,0.0,0.0,,0.0,0,0.0,0.0,,0.0,bidTooLow
2019-06-12,-201.0,0.0,0.0,0,288.39,0.0,0,0.0,0.0,,0.0,0,0.0,0.0,,0.0,bidTooLow
2019-06-13,-201.0,0.0,0.0,0,289.58,0.0,0,0.0,0.0,,0.0,0,0.0,0.0,,0.0,bidTooLow
2019-06-14,-201.0,0.0,0.0,0,289.26,0.0,0,0.0,0.0,,0.0,0,0.0,0.0,,0.0,bidTooLow
2019-06-17,-201.0,0.0,0.0,0,289.37,0.0,0,0.0,0.0,,0.0,0,0.0,0.0,,0.0,bidTooLow
2019-06-18,-201.0,-3.0,0.0,0,292.4,0.0,1,0.03,0.06,SPY190621P00277000,277.0,0,0.0,0.0,,0.0,normalDay
2019-06-19,-201.0,0.0,0.0,0,293.06,0.0,1,0.03,0.03,SPY190621P00277000,277.0,0,0.0,0.0,,0.0,normalDay
2019-06-20,-201.0,-1.0,0.0,0,295.86,0.0,1,0.03,0.04,SPY190621P00277000,277.0,0,0.0,0.0,,0.0,normalDay
2019-06-21,-198.0,0.0,3.0,0,294.0,0.0,1,0.03,0.0,SPY190621P00277000,277.0,0,0.0,0.0,,0.0,expirationDay
2019-06-24,-198.0,0.0,0.0,0,293.64,0.0,0,0.0,0.0,,0.0,0,0.0,0.0,,0.0,bidTooLow
2019-06-25,-198.0,-3.0,0.0,0,290.76,0.0,1,0.02,0.05,SPY190628P00278000,278.0,0,0.0,0.0,,0.0,normalDay
2019-06-26,-198.0,-1.0,0.0,0,290.47,0.0,1,0.02,0.03,SPY190628P00278000,278.0,0,0.0,0.0,,0.0,normalDay
2019-06-27,-198.0,1.0,0.0,0,291.5,0.0,1,0.02,0.01,SPY190628P00278000,278.0,0,0.0,0.0,,0.0,normalDay
2019-06-28,-196.0,0.0,2.0,0,293.0,0.0,1,0.02,0.0,SPY190628P00278000,278.0,0,0.0,0.0,,0.0,expirationDay
2019-07-01,-196.0,0.0,0.0,0,295.66,0.0,0,0.0,0.0,,0.0,0,0.0,0.0,,0.0,bidTooLow
2019-07-02,-196.0,-3.0,0.0,0,296.43,0.0,1,0.01,0.04,SPY190705P00286000,286.0,0,0.0,0.0,,0.0,normalDay
2019-07-03,-196.0,-1.0,0.0,0,298.8,0.0,1,0.01,0.02,SPY190705P00286000,286.0,0,0.0,0.0,,0.0,normalDay
2019-07-05,-195.0,0.0,1.0,0,298.46,0.0,1,0.01,0.0,SPY190705P00286000,286.0,0,0.0,0.0,,0.0,expirationDay
2019-07-08,-195.0,0.0,0.0,0,296.82,0.0,0,0.0,0.0,,0.0,0,0.0,0.0,,0.0,bidTooLow
2019-07-09,-195.0,-3.0,0.0,0,297.19,0.0,1,0.03,0.06,SPY190712P00288500,288.5,0,0.0,0.0,,0.0,normalDay
2019-07-10,-195.0,1.0,0.0,0,298.61,0.0,1,0.03,0.02,SPY190712P00288500,288.5,0,0.0,0.0,,0.0,normalDay
2019-07-11,-195.0,2.0,0.0,0,299.31,0.0,1,0.03,0.01,SPY190712P00288500,288.5,0,0.0,0.0,,0.0,normalDay
2019-07-12,-192.0,0.0,3.0,0,300.65,0.0,1,0.03,0.0,SPY190712P00288500,288.5,0,0.0,0.0,,0.0,expirationDay
2019-07-15,-192.0,0.0,0.0,0,300.75,0.0,0,0.0,0.0,,0.0,0,0.0,0.0,,0.0,bidTooLow
2019-07-16,-192.0,-3.0,0.0,0,299.78,0.0,1,0.04,0.07,SPY190719P00291000,291.0,0,0.0,0.0,,0.0,normalDay
2019-07-17,-192.0,-3.0,0.0,0,297.74,0.0,1,0.04,0.07,SPY190719P00291000,291.0,0,0.0,0.0,,0.0,normalDay
2019-07-18,-192.0,1.0,0.0,0,298.83,0.0,1,0.04,0.03,SPY190719P00291000,291.0,0,0.0,0.0,,0.0,normalDay
2019-07-19,-188.0,0.0,4.0,0,297.17,0.0,1,0.04,0.0,SPY190719P00291000,291.0,0,0.0,0.0,,0.0,expirationDay
2019-07-22,-188.0,-3.0,0.0,0,297.9,0.0,1,0.03,0.06,SPY190724P00292000,292.0,0,0.0,0.0,,0.0,normalDay
2019-07-23,-188.0,1.0,0.0,0,300.03,0.0,1,0.03,0.02,SPY190724P00292000,292.0,0,0.0,0.0,,0.0,normalDay
2019-07-24,-185.0,0.0,3.0,0,301.44,0.0,1,0.03,0.0,SPY190724P00292000,292.0,0,0.0,0.0,,0.0,expirationDay
2019-07-25,-185.0,0.0,0.0,0,300.0,0.0,0,0.0,0.0,,0.0,0,0.0,0.0,,0.0,bidTooLow
2019-07-26,-185.0,0.0,0.0,0,302.01,0.0,0,0.0,0.0,,0.0,0,0.0,0.0,,0.0,bidTooLow
2019-07-29,-185.0,-3.0,0.0,0,301.46,0.0,1,0.12,0.15,SPY190731P00296500,296.5,0,0.0,0.0,,0.0,normalDay
2019-07-30,-185.0,-6.0,0.0,0,300.72,0.0,1,0.12,0.18,SPY190731P00296500,296.5,0,0.0,0.0,,0.0,normalDay
2019-07-31,-173.0,0.0,12.0,0,297.43,0.0,1,0.12,0.0,SPY190731P00296500,296.5,0,0.0,0.0,,0.0,expirationDay
2019-08-01,-173.0,-8.0,0.0,0,294.84,0.0,1,1.73,1.81,SPY190802P00296000,296.0,0,0.0,0.0,,0.0,normalDay
2019-08-02,0.0,-338.0,173.0,100,292.62,296.0,1,1.73,0.0,SPY190802P00296000,296.0,0,0.0,0.0,,0.0,expirationDay
2019-08-05,0.0,-1218.0,0.0,100,283.82,296.0,0,0.0,0.0,,0.0,0,0.0,0.0,,0.0,bidTooLow
2019-08-06,0.0,-820.0,0.0,100,287.8,296.0,0,0.0,0.0,,0.0,0,0.0,0.0,,0.0,bidTooLow
2019-08-07,0.0,-803.0,0.0,100,287.97,296.0,0,0.0,0.0,,0.0,0,0.0,0.0,,0.0,bidTooLow
2019-08-08,0.0,-238.0,0.0,100,293.62,296.0,0,0.0,0.0,,0.0,0,0.0,0.0,,0.0,bidTooLow
2019-08-09,0.0,-438.0,0.0,100,291.62,296.0,0,0.0,0.0,,0.0,0,0.0,0.0,,0.0,bidTooLow
2019-08-12,0.0,-793.0,0.0,100,288.07,296.0,0,0.0,0.0,,0.0,0,0.0,0.0,,0.0,bidTooLow
2019-08-13,0.0,-345.0,0.0,100,292.55,296.0,0,0.0,0.0,,0.0,0,0.0,0.0,,0.0,bidTooLow
2019-08-14,0.0,-1210.0,0.0,100,283.9,296.0,0,0.0,0.0,,0.0,0,0.0,0.0,,0.0,bidTooLow
2019-08-15,0.0,-1135.0,0.0,100,284.65,296.0,0,0.0,0.0,,0.0,0,0.0,0.0,,0.0,bidTooLow
2019-08-16,0.0,-715.0,0.0,100,288.85,296.0,0,0.0,0.0,,0.0,0,0.0,0.0,,0.0,bidTooLow
2019-08-19,0.0,-367.0,0.0,100,292.33,296.0,0,0.0,0.0,,0.0,0,0.0,0.0,,0.0,bidTooLow
2019-08-20,0.0,-591.0,0.0,100,290.09,296.0,0,0.0,0.0,,0.0,0,0.0,0.0,,0.0,bidTooLow
2019-08-21,0.0,-355.0,0.0,100,292.45,296.0,0,0.0,0.0,,0.0,0,0.0,0.0,,0.0,bidTooLow
2019-08-22,0.0,-364.0,0.0,100,292.36,296.0,0,0.0,0.0,,0.0,0,0.0,0.0,,0.0,bidTooLow
2019-08-23,0.0,-1115.0,0.0,100,284.85,296.0,0,0.0,0.0,,0.0,0,0.0,0.0,,0.0,bidTooLow
2019-08-26,0.0,-800.0,0.0,100,288.0,296.0,0,0.0,0.0,,0.0,0,0.0,0.0,,0.0,bidTooLow
2019-08-27,0.0,-916.0,0.0,100,286.87,296.0,0,0.0,0.0,,0.0,1,0.08,0.11,SPY190830C00294500,294.5,normalDay
2019-08-28,0.0,-714.0,0.0,100,288.89,296.0,0,0.0,0.0,,0.0,1,0.08,0.11,SPY190830C00294500,294.5,normalDay
2019-08-29,0.0,-360.0,0.0,100,292.58,296.0,0,0.0,0.0,,0.0,1,0.08,0.26,SPY190830C00294500,294.5,normalDay
2019-08-30,8.0,-355.0,8.0,100,292.45,296.0,0,0.0,0.0,,0.0,1,0.08,0.0,SPY190830C00294500,294.5,expirationDay
2019-09-03,8.0,-529.0,0.0,100,290.74,296.0,0,0.0,0.0,,0.0,1,0.96,0.99,SPY190906C00293000,293.0,normalDay
2019-09-04,8.0,-302.0,0.0,100,294.04,296.0,0,0.0,0.0,,0.0,1,0.96,2.02,SPY190906C00293000,293.0,normalDay
2019-09-05,8.0,-180.0,0.0,100,297.82,296.0,0,0.0,0.0,,0.0,1,0.96,4.58,SPY190906C00293000,293.0,normalDay
2019-09-06,-196.0,-180.0,-204.0,0,298.05,0.0,0,0.0,0.0,,0.0,1,0.96,0.0,SPY190906C00293000,293.0,expirationDay
2019-09-09,-196.0,0.0,0.0,0,298.2,0.0,0,0.0,0.0,,0.0,0,0.0,0.0,,0.0,bidTooLow
2019-09-10,-196.0,-3.0,0.0,0,298.13,0.0,1,0.02,0.05,SPY190913P00285000,285.0,0,0.0,0.0,,0.0,normalDay
2019-09-11,-196.0,0.0,0.0,0,300.25,0.0,1,0.02,0.02,SPY190913P00285000,285.0,0,0.0,0.0,,0.0,normalDay
2019-09-12,-196.0,0.0,0.0,0,301.29,0.0,1,0.02,0.02,SPY190913P00285000,285.0,0,0.0,0.0,,0.0,normalDay
2019-09-13,-194.0,0.0,2.0,0,301.09,0.0,1,0.02,0.0,SPY190913P00285000,285.0,0,0.0,0.0,,0.0,expirationDay
2019-09-16,-194.0,-3.0,0.0,0,300.16,0.0,1,0.01,0.04,SPY190918P00287000,287.0,0,0.0,0.0,,0.0,normalDay
2019-09-17,-194.0,-1.0,0.0,0,300.92,0.0,1,0.01,0.02,SPY190918P00287000,287.0,0,0.0,0.0,,0.0,normalDay
2019-09-18,-193.0,0.0,1.0,0,301.1,0.0,1,0.01,0.0,SPY190918P00287000,287.0,0,0.0,0.0,,0.0,expirationDay
2019-09-19,-193.0,-3.0,0.0,0,301.08,0.0,1,0.03,0.06,SPY190920P00288000,288.0,0,0.0,0.0,,0.0,normalDay
2019-09-20,-190.0,0.0,3.0,0,298.28,0.0,1,0.03,0.0,SPY190920P00288000,288.0,0,0.0,0.0,,0.0,expirationDay
2019-09-23,-190.0,-3.0,0.0,0,298.21,0.0,1,0.01,0.04,SPY190925P00289500,289.5,0,0.0,0.0,,0.0,normalDay
2019-09-24,-190.0,-7.0,0.0,0,295.87,0.0,1,0.01,0.08,SPY190925P00289500,289.5,0,0.0,0.0,,0.0,normalDay
2019-09-25,-189.0,0.0,1.0,0,297.62,0.0,1,0.01,0.0,SPY190925P00289500,289.5,0,0.0,0.0,,0.0,expirationDay
2019-09-26,-189.0,-3.0,0.0,0,297.0,0.0,1,0.1,0.13,SPY190927P00293500,293.5,0,0.0,0.0,,0.0,normalDay
2019-09-27,-179.0,0.0,10.0,0,295.4,0.0,1,0.1,0.0,SPY190927P00293500,293.5,0,0.0,0.0,,0.0,expirationDay
2019-09-30,-179.0,-4.0,0.0,0,296.77,0.0,1,0.39,0.43,SPY191002P00294500,294.5,0,0.0,0.0,,0.0,normalDay
2019-10-01,-179.0,-134.0,0.0,0,293.24,0.0,1,0.39,1.73,SPY191002P00294500,294.5,0,0.0,0.0,,0.0,normalDay
2019-10-02,-140.0,-644.0,39.0,100,288.06,294.5,1,0.39,0.0,SPY191002P00294500,294.5,0,0.0,0.0,,0.0,expirationDay
2019-10-03,-140.0,-408.0,0.0,100,290.42,294.5,0,0.0,0.0,,0.0,0,0.0,0.0,,0.0,bidTooLow
2019-10-04,-140.0,-15.0,0.0,100,294.35,294.5,0,0.0,0.0,,0.0,0,0.0,0.0,,0.0,bidTooLow
2019-10-07,-140.0,-142.0,0.0,100,293.08,294.5,0,0.0,0.0,,0.0,0,0.0,0.0,,0.0,bidTooLow
2019-10-08,-140.0,-597.0,0.0,100,288.53,294.5,0,0.0,0.0,,0.0,0,0.0,0.0,,0.0,bidTooLow
2019-10-09,-140.0,-323.0,0.0,100,291.27,294.5,0,0.0,0.0,,0.0,0,0.0,0.0,,0.0,bidTooLow
2019-10-10,-140.0,-126.0,0.0,100,293.24,294.5,0,0.0,0.0,,0.0,0,0.0,0.0,,0.0,bidTooLow
2019-10-11,-140.0,175.0,0.0,100,296.28,294.5,0,0.0,0.0,,0.0,1,0.06,0.09,SPY191014C00300500,300.5,normalDay
2019-10-14,-134.0,145.0,6.0,100,295.95,294.5,0,0.0,0.0,,0.0,1,0.06,0.0,SPY191014C00300500,300.5,expirationDay
2019-10-15,-134.0,435.0,0.0,100,298.88,294.5,0,0.0,0.0,,0.0,1,0.79,0.82,SPY191018C00300000,300.0,normalDay
2019-10-16,-134.0,427.0,0.0,100,298.4,294.5,0,0.0,0.0,,0.0,1,0.79,0.42,SPY191018C00300000,300.0,normalDay
2019-10-17,-134.0,524.0,0.0,100,299.28,294.5,0,0.0,0.0,,0.0,1,0.79,0.33,SPY191018C00300000,300.0,normalDay
2019-10-18,-55.0,347.0,79.0,100,297.97,294.5,0,0.0,0.0,,0.0,1,0.79,0.0,SPY191018C00300000,300.0,expirationDay
2019-10-21,-55.0,546.0,0.0,100,299.99,294.5,0,0.0,0.0,,0.0,1,1.22,1.25,SPY191023C00299500,299.5,normalDay
2019-10-22,-55.0,528.0,0.0,100,299.01,294.5,0,0.0,0.0,,0.0,1,1.22,0.45,SPY191023C00299500,299.5,normalDay
2019-10-23,567.0,528.0,622.0,0,299.88,0.0,0,0.0,0.0,,0.0,1,1.22,0.0,SPY191023C00299500,299.5,expirationDay
2019-10-24,567.0,0.0,0.0,0,300.37,0.0,0,0.0,0.0,,0.0,0,0.0,0.0,,0.0,bidTooLow
2019-10-25,567.0,0.0,0.0,0,301.6,0.0,0,0.0,0.0,,0.0,0,0.0,0.0,,0.0,bidTooLow
2019-10-28,567.0,0.0,0.0,0,303.3,0.0,0,0.0,0.0,,0.0,0,0.0,0.0,,0.0,bidTooLow
2019-10-29,567.0,-3.0,0.0,0,303.21,0.0,1,0.01,0.04,SPY191101P00290000,290.0,0,0.0,0.0,,0.0,normalDay
2019-10-30,567.0,-1.0,0.0,0,304.14,0.0,1,0.01,0.02,SPY191101P00290000,290.0,0,0.0,0.0,,0.0,normalDay
2019-10-31,567.0,0.0,0.0,0,303.33,0.0,1,0.01,0.01,SPY191101P00290000,290.0,0,0.0,0.0,,0.0,normalDay
2019-11-01,568.0,0.0,1.0,0,306.14,0.0,1,0.01,0.0,SPY191101P00290000,290.0,0,0.0,0.0,,0.0,expirationDay
2019-11-04,568.0,0.0,0.0,0,307.37,0.0,0,0.0,0.0,,0.0,0,0.0,0.0,,0.0,bidTooLow
2019-11-05,568.0,0.0,0.0,0,307.03,0.0,0,0.0,0.0,,0.0,0,0.0,0.0,,0.0,bidTooLow
2019-11-06,568.0,0.0,0.0,0,307.1,0.0,0,0.0,0.0,,0.0,0,0.0,0.0,,0.0,bidTooLow
2019-11-07,568.0,0.0,0.0,0,308.18,0.0,0,0.0,0.0,,0.0,0,0.0,0.0,,0.0,bidTooLow
2019-11-08,568.0,0.0,0.0,0,308.94,0.0,0,0.0,0.0,,0.0,0,0.0,0.0,,0.0,bidTooLow
2019-11-11,568.0,0.0,0.0,0,308.35,0.0,0,0.0,0.0,,0.0,0,0.0,0.0,,0.0,bidTooLow
2019-11-12,568.0,0.0,0.0,0,309.0,0.0,0,0.0,0.0,,0.0,0,0.0,0.0,,0.0,bidTooLow
2019-11-13,568.0,0.0,0.0,0,309.1,0.0,0,0.0,0.0,,0.0,0,0.0,0.0,,0.0,bidTooLow
2019-11-14,568.0,0.0,0.0,0,309.55,0.0,0,0.0,0.0,,0.0,0,0.0,0.0,,0.0,bidTooLow
2019-11-15,568.0,0.0,0.0,0,311.79,0.0,0,0.0,0.0,,0.0,0,0.0,0.0,,0.0,bidTooLow
2019-11-18,568.0,0.0,0.0,0,312.02,0.0,0,0.0,0.0,,0.0,0,0.0,0.0,,0.0,bidTooLow
2019-11-19,568.0,-3.0,0.0,0,311.93,0.0,1,0.02,0.05,SPY191122P00301500,301.5,0,0.0,0.0,,0.0,normalDay
2019-11-20,568.0,-4.0,0.0,0,310.77,0.0,1,0.02,0.06,SPY191122P00301500,301.5,0,0.0,0.0,,0.0,normalDay
2019-11-21,568.0,0.0,0.0,0,310.27,0.0,1,0.02,0.02,SPY191122P00301500,301.5,0,0.0,0.0,,0.0,normalDay
2019-11-22,570.0,0.0,2.0,0,310.96,0.0,1,0.02,0.0,SPY191122P00301500,301.5,0,0.0,0.0,,0.0,expirationDay
2019-11-25,570.0,0.0,0.0,0,313.37,0.0,0,0.0,0.0,,0.0,0,0.0,0.0,,0.0,bidTooLow
2019-11-26,570.0,-3.0,0.0,0,314.08,0.0,1,0.02,0.05,SPY191129P00305000,305.0,0,0.0,0.0,,0.0,normalDay
2019-11-27,570.0,0.0,0.0,0,315.48,0.0,1,0.02,0.02,SPY191129P00305000,305.0,0,0.0,0.0,,0.0,normalDay
2019-11-29,572.0,0.0,2.0,0,314.31,0.0,1,0.02,0.0,SPY191129P00305000,305.0,0,0.0,0.0,,0.0,expirationDay
2019-12-02,572.0,-3.0,0.0,0,311.64,0.0,1,0.2,0.23,SPY191204P00307000,307.0,0,0.0,0.0,,0.0,normalDay
2019-12-03,572.0,-11.0,0.0,0,309.55,0.0,1,0.2,0.31,SPY191204P00307000,307.0,0,0.0,0.0,,0.0,normalDay
2019-12-04,592.0,0.0,20.0,0,311.46,0.0,1,0.2,0.0,SPY191204P00307000,307.0,0,0.0,0.0,,0.0,expirationDay
2019-12-05,592.0,-3.0,0.0,0,312.02,0.0,1,0.08,0.11,SPY191206P00308000,308.0,0,0.0,0.0,,0.0,normalDay
2019-12-06,600.0,0.0,8.0,0,314.87,0.0,1,0.08,0.0,SPY191206P00308000,308.0,0,0.0,0.0,,0.0,expirationDay
2019-12-09,600.0,-3.0,0.0,0,313.88,0.0,1,0.21,0.24,SPY191211P00309000,309.0,0,0.0,0.0,,0.0,normalDay
2019-12-10,600.0,13.0,0.0,0,313.53,0.0,1,0.21,0.08,SPY191211P00309000,309.0,0,0.0,0.0,,0.0,normalDay
2019-12-11,621.0,0.0,21.0,0,314.42,0.0,1,0.21,0.0,SPY191211P00309000,309.0,0,0.0,0.0,,0.0,expirationDay
2019-12-12,621.0,-3.0,0.0,0,317.13,0.0,1,0.05,0.08,SPY191213P00310000,310.0,0,0.0,0.0,,0.0,normalDay
2019-12-13,626.0,0.0,5.0,0,317.32,0.0,1,0.05,0.0,SPY191213P00310000,310.0,0,0.0,0.0,,0.0,expirationDay
2019-12-16,626.0,-3.0,0.0,0,319.5,0.0,1,0.04,0.07,SPY191218P00310000,310.0,0,0.0,0.0,,0.0,normalDay
2019-12-17,626.0,2.0,0.0,0,319.57,0.0,1,0.04,0.02,SPY191218P00310000,310.0,0,0.0,0.0,,0.0,normalDay
2019-12-18,630.0,0.0,4.0,0,319.59,0.0,1,0.04,0.0,SPY191218P00310000,310.0,0,0.0,0.0,,0.0,expirationDay
2019-12-19,630.0,-3.0,0.0,0,320.9,0.0,1,0.01,0.04,SPY191220P00310000,310.0,0,0.0,0.0,,0.0,normalDay
2019-12-20,631.0,0.0,1.0,0,320.73,0.0,1,0.01,0.0,SPY191220P00310000,310.0,0,0.0,0.0,,0.0,expirationDay
2019-12-23,631.0,0.0,0.0,0,321.22,0.0,0,0.0,0.0,,0.0,0,0.0,0.0,,0.0,bidTooLow
2019-12-24,631.0,0.0,0.0,0,321.23,0.0,0,0.0,0.0,,0.0,0,0.0,0.0,,0.0,bidTooLow
2019-12-26,631.0,0.0,0.0,0,322.94,0.0,0,0.0,0.0,,0.0,0,0.0,0.0,,0.0,bidTooLow
2019-12-27,631.0,0.0,0.0,0,322.86,0.0,0,0.0,0.0,,0.0,0,0.0,0.0,,0.0,bidTooLow
2019-12-30,631.0,0.0,0.0,0,321.08,0.0,0,0.0,0.0,,0.0,0,0.0,0.0,,0.0,bidTooLow
2019-12-31,631.0,-3.0,0.0,0,321.86,0.0,1,0.08,0.11,SPY200103P00312000,312.0,0,0.0,0.0,,0.0,normalDay
2020-01-02,631.0,7.0,0.0,0,324.87,0.0,1,0.08,0.01,SPY200103P00312000,312.0,0,0.0,0.0,,0.0,normalDay
2020-01-03,639.0,0.0,8.0,0,322.41,0.0,1,0.08,0.0,SPY200103P00312000,312.0,0,0.0,0.0,,0.0,expirationDay
2020-01-06,639.0,-3.0,0.0,0,323.64,0.0,1,0.01,0.04,SPY200108P00315000,315.0,0,0.0,0.0,,0.0,normalDay
2020-01-07,639.0,-1.0,0.0,0,322.73,0.0,1,0.01,0.02,SPY200108P00315000,315.0,0,0.0,0.0,,0.0,normalDay
2020-01-08,640.0,0.0,1.0,0,324.45,0.0,1,0.01,0.0,SPY200108P00315000,315.0,0,0.0,0.0,,0.0,expirationDay
2020-01-09,640.0,0.0,0.0,0,326.65,0.0,0,0.0,0.0,,0.0,0,0.0,0.0,,0.0,bidTooLow
2020-01-10,640.0,-3.0,0.0,0,325.71,0.0,1,0.01,0.04,SPY200113P00318500,318.5,0,0.0,0.0,,0.0,normalDay
2020-01-13,641.0,0.0,1.0,0,327.95,0.0,1,0.01,0.0,SPY200113P00318500,318.5,0,0.0,0.0,,0.0,expirationDay
2020-01-14,641.0,-3.0,0.0,0,327.45,0.0,1,0.06,0.09,SPY200117P00319000,319.0,0,0.0,0.0,,0.0,normalDay
2020-01-15,641.0,1.0,0.0,0,328.19,0.0,1,0.06,0.05,SPY200117P00319000,319.0,0,0.0,0.0,,0.0,normalDay
2020-01-16,641.0,4.0,0.0,0,330.92,0.0,1,0.06,0.02,SPY200117P00319000,319.0,0,0.0,0.0,,0.0,normalDay
2020-01-17,647.0,0.0,6.0,0,331.95,0.0,1,0.06,0.0,SPY200117P00319000,319.0,0,0.0,0.0,,0.0,expirationDay
2020-01-21,647.0,-3.0,0.0,0,331.3,0.0,1,0.01,0.04,SPY200124P00320000,320.0,0,0.0,0.0,,0.0,normalDay
2020-01-22,647.0,-1.0,0.0,0,331.34,0.0,1,0.01,0.02,SPY200124P00320000,320.0,0,0.0,0.0,,0.0,normalDay
2020-01-23,647.0,-1.0,0.0,0,331.72,0.0,1,0.01,0.02,SPY200124P00320000,320.0,0,0.0,0.0,,0.0,normalDay
2020-01-24,648.0,0.0,1.0,0,328.77,0.0,1,0.01,0.0,SPY200124P00320000,320.0,0,0.0,0.0,,0.0,expirationDay
2020-01-27,648.0,-4.0,0.0,0,323.5,0.0,1,1.29,1.33,SPY200129P00321000,321.0,0,0.0,0.0,,0.0,normalDay
2020-01-28,648.0,113.0,0.0,0,326.89,0.0,1,1.29,0.16,SPY200129P00321000,321.0,0,0.0,0.0,,0.0,normalDay
2020-01-29,777.0,0.0,129.0,0,326.62,0.0,1,1.29,0.0,SPY200129P00321000,321.0,0,0.0,0.0,,0.0,expirationDay
2020-01-30,777.0,-3.0,0.0,0,327.68,0.0,1,0.08,0.11,SPY200131P00323000,323.0,0,0.0,0.0,,0.0,normalDay
2020-01-31,785.0,-127.0,8.0,100,321.73,323.0,1,0.08,0.0,SPY200131P00323000,323.0,0,0.0,0.0,,0.0,expirationDay
2020-02-03,785.0,109.0,0.0,100,324.12,323.0,0,0.0,0.0,,0.0,1,0.02,0.05,SPY200205C00331000,331.0,normalDay
2020-02-04,785.0,572.0,0.0,100,329.06,323.0,0,0.0,0.0,,0.0,1,0.02,0.36,SPY200205C00331000,331.0,normalDay
2020-02-05,1587.0,572.0,802.0,0,332.86,0.0,0,0.0,0.0,,0.0,1,0.02,0.0,SPY200205C00331000,331.0,expirationDay
2020-02-06,1587.0,0.0,0.0,0,333.98,0.0,0,0.0,0.0,,0.0,0,0.0,0.0,,0.0,bidTooLow
2020-02-07,1587.0,-3.0,0.0,0,332.2,0.0,1,0.03,0.06,SPY200210P00324000,324.0,0,0.0,0.0,,0.0,normalDay
2020-02-10,1590.0,0.0,3.0,0,334.68,0.0,1,0.03,0.0,SPY200210P00324000,324.0,0,0.0,0.0,,0.0,expirationDay
2020-02-11,1590.0,-3.0,0.0,0,335.26,0.0,1,0.05,0.08,SPY200214P00324000,324.0,0,0.0,0.0,,0.0,normalDay
2020-02-12,1590.0,3.0,0.0,0,337.42,0.0,1,0.05,0.02,SPY200214P00324000,324.0,0,0.0,0.0,,0.0,normalDay
2020-02-13,1590.0,3.0,0.0,0,337.06,0.0,1,0.05,0.02,SPY200214P00324000,324.0,0,0.0,0.0,,0.0,normalDay
2020-02-14,1595.0,0.0,5.0,0,337.6,0.0,1,0.05,0.0,SPY200214P00324000,324.0,0,0.0,0.0,,0.0,expirationDay
2020-02-18,1595.0,-3.0,0.0,0,336.73,0.0,1,0.03,0.06,SPY200221P00324000,324.0,0,0.0,0.0,,0.0,normalDay
2020-02-19,1595.0,-1.0,0.0,0,338.34,0.0,1,0.03,0.04,SPY200221P00324000,324.0,0,0.0,0.0,,0.0,normalDay
2020-02-20,1595.0,0.0,0.0,0,336.95,0.0,1,0.03,0.03,SPY200221P00324000,324.0,0,0.0,0.0,,0.0,normalDay
2020-02-21,1598.0,0.0,3.0,0,333.48,0.0,1,0.03,0.0,SPY200221P00324000,324.0,0,0.0,0.0,,0.0,expirationDay
2020-02-24,1598.0,-5.0,0.0,0,322.42,0.0,1,4.01,4.06,SPY200226P00324000,324.0,0,0.0,0.0,,0.0,normalDay
2020-02-25,1598.0,-697.0,0.0,0,312.65,0.0,1,4.01,10.98,SPY200226P00324000,324.0,0,0.0,0.0,,0.0,normalDay
2020-02-26,1999.0,-1250.0,401.0,100,311.5,324.0,1,4.01,0.0,SPY200226P00324000,324.0,0,0.0,0.0,,0.0,expirationDay
2020-02-27,1999.0,-2649.0,0.0,100,297.51,324.0,0,0.0,0.0,,0.0,0,0.0,0.0,,0.0,bidTooLow
2020-02-28,1999.0,-2774.0,0.0,100,296.26,324.0,0,0.0,0.0,,0.0,0,0.0,0.0,,0.0,bidTooLow
2020-03-02,1999.0,-1491.0,0.0,100,309.09,324.0,0,0.0,0.0,,0.0,0,0.0,0.0,,0.0,bidTooLow
2020-03-03,1999.0,-2376.0,0.0,100,300.24,324.0,0,0.0,0.0,,0.0,0,0.0,0.0,,0.0,bidTooLow
2020-03-04,1999.0,-1114.0,0.0,100,312.86,324.0,0,0.0,0.0,,0.0,0,0.0,0.0,,0.0,bidTooLow
2020-03-05,1999.0,-2154.0,0.0,100,302.46,324.0,0,0.0,0.0,,0.0,0,0.0,0.0,,0.0,bidTooLow
2020-03-06,1999.0,-2654.0,0.0,100,297.46,324.0,0,0.0,0.0,,0.0,0,0.0,0.0,,0.0,bidTooLow
2020-03-09,1999.0,-4977.0,0.0,100,274.23,324.0,0,0.0,0.0,,0.0,0,0.0,0.0,,0.0,bidTooLow
2020-03-10,1999.0,-3558.0,0.0,100,288.42,324.0,0,0.0,0.0,,0.0,0,0.0,0.0,,0.0,bidTooLow
2020-03-11,1999.0,-4964.0,0.0,100,274.36,324.0,0,0.0,0.0,,0.0,0,0.0,0.0,,0.0,bidTooLow
2020-03-12,1999.0,-7589.0,0.0,100,248.11,324.0,0,0.0,0.0,,0.0,0,0.0,0.0,,0.0,bidTooLow
2020-03-13,1999.0,-5468.0,0.0,100,269.32,324.0,0,0.0,0.0,,0.0,0,0.0,0.0,,0.0,bidTooLow
2020-03-16,1999.0,-8415.0,0.0,100,239.85,324.0,0,0.0,0.0,,0.0,0,0.0,0.0,,0.0,bidTooLow
2020-03-17,1999.0,-7120.0,0.0,100,252.8,324.0,0,0.0,0.0,,0.0,0,0.0,0.0,,0.0,bidTooLow
2020-03-18,1999.0,-8400.0,0.0,100,240.0,324.0,0,0.0,0.0,,0.0,0,0.0,0.0,,0.0,bidTooLow
2020-03-19,1999.0,-8349.0,0.0,100,240.51,324.0,0,0.0,0.0,,0.0,0,0.0,0.0,,0.0,bidTooLow
2020-03-20,1999.0,-9520.0,0.0,100,228.8,324.0,0,0.0,0.0,,0.0,0,0.0,0.0,,0.0,bidTooLow
2020-03-23,1999.0,-10105.0,0.0,100,222.95,324.0,0,0.0,0.0,,0.0,0,0.0,0.0,,0.0,bidTooLow
2020-03-24,1999.0,-8085.0,0.0,100,243.15,324.0,0,0.0,0.0,,0.0,0,0.0,0.0,,0.0,bidTooLow
2020-03-25,1999.0,-7721.0,0.0,100,246.79,324.0,0,0.0,0.0,,0.0,0,0.0,0.0,,0.0,bidTooLow
2020-03-26,1999.0,-6280.0,0.0,100,261.2,324.0,0,0.0,0.0,,0.0,0,0.0,0.0,,0.0,bidTooLow
2020-03-27,1999.0,-7058.0,0.0,100,253.42,324.0,0,0.0,0.0,,0.0,0,0.0,0.0,,0.0,bidTooLow
2020-03-30,1999.0,-6235.0,0.0,100,261.65,324.0,0,0.0,0.0,,0.0,0,0.0,0.0,,0.0,bidTooLow
2020-03-31,1999.0,-6625.0,0.0,100,257.75,324.0,0,0.0,0.0,,0.0,0,0.0,0.0,,0.0,bidTooLow
2020-04-01,1999.0,-7785.0,0.0,100,246.15,324.0,0,0.0,0.0,,0.0,0,0.0,0.0,,0.0,bidTooLow
2020-04-02,1999.0,-7217.0,0.0,100,251.83,324.0,0,0.0,0.0,,0.0,0,0.0,0.0,,0.0,bidTooLow
2020-04-03,1999.0,-7581.0,0.0,100,248.19,324.0,0,0.0,0.0,,0.0,0,0.0,0.0,,0.0,bidTooLow
2020-04-06,1999.0,-5919.0,0.0,100,264.86,324.0,0,0.0,0.0,,0.0,1,2.34,2.39,SPY200409C00270000,270.0,normalDay
2020-04-07,1999.0,-5843.0,0.0,100,265.13,324.0,0,0.0,0.0,,0.0,1,2.34,1.9,SPY200409C00270000,270.0,normalDay
2020-04-08,1999.0,-5307.0,0.0,100,274.03,324.0,0,0.0,0.0,,0.0,1,2.34,5.44,SPY200409C00270000,270.0,normalDay
2020-04-09,-3167.0,-5307.0,-5166.0,0,278.2,0.0,0,0.0,0.0,,0.0,1,2.34,0.0,SPY200409C00270000,270.0,expirationDay
2020-04-13,-3167.0,0.0,0.0,0,275.66,0.0,0,0.0,0.0,,0.0,0,0.0,0.0,,0.0,bidTooLow
2020-04-14,-3167.0,0.0,0.0,0,283.79,0.0,0,0.0,0.0,,0.0,0,0.0,0.0,,0.0,bidTooLow
2020-04-15,-3167.0,0.0,0.0,0,277.76,0.0,0,0.0,0.0,,0.0,0,0.0,0.0,,0.0,bidTooLow
2020-04-16,-3167.0,0.0,0.0,0,279.1,0.0,0,0.0,0.0,,0.0,0,0.0,0.0,,0.0,bidTooLow
2020-04-17,-3167.0,0.0,0.0,0,286.64,0.0,0,0.0,0.0,,0.0,0,0.0,0.0,,0.0,bidTooLow
2020-04-20,-3167.0,0.0,0.0,0,281.59,0.0,0,0.0,0.0,,0.0,0,0.0,0.0,,0.0,bidTooLow
2020-04-21,-3167.0,-3.0,0.0,0,273.04,0.0,1,0.09,0.12,SPY200424P00246000,246.0,0,0.0,0.0,,0.0,normalDay
2020-04-22,-3167.0,7.0,0.0,0,279.1,0.0,1,0.09,0.02,SPY200424P00246000,246.0,0,0.0,0.0,,0.0,normalDay
2020-04-23,-3167.0,8.0,0.0,0,279.08,0.0,1,0.09,0.01,SPY200424P00246000,246.0,0,0.0,0.0,,0.0,normalDay
2020-04-24,-3158.0,0.0,9.0,0,282.97,0.0,1,0.09,0.0,SPY200424P00246000,246.0,0,0.0,0.0,,0.0,expirationDay
2020-04-27,-3158.0,0.0,0.0,0,287.05,0.0,0,0.0,0.0,,0.0,0,0.0,0.0,,0.0,bidTooLow
2020-04-28,-3158.0,0.0,0.0,0,285.73,0.0,0,0.0,0.0,,0.0,0,0.0,0.0,,0.0,bidTooLow
2020-04-29,-3158.0,0.0,0.0,0,293.21,0.0,0,0.0,0.0,,0.0,0,0.0,0.0,,0.0,bidTooLow
2020-04-30,-3158.0,0.0,0.0,0,290.48,0.0,0,0.0,0.0,,0.0,0,0.0,0.0,,0.0,bidTooLow
2020-05-01,-3158.0,0.0,0.0,0,282.79,0.0,0,0.0,0.0,,0.0,0,0.0,0.0,,0.0,bidTooLow
2020-05-04,-3158.0,-3.0,0.0,0,283.57,0.0,1,0.14,0.17,SPY200506P00270000,270.0,0,0.0,0.0,,0.0,normalDay
2020-05-05,-3158.0,12.0,0.0,0,286.19,0.0,1,0.14,0.02,SPY200506P00270000,270.0,0,0.0,0.0,,0.0,normalDay
2020-05-06,-3144.0,0.0,14.0,0,284.25,0.0,1,0.14,0.0,SPY200506P00270000,270.0,0,0.0,0.0,,0.0,expirationDay
2020-05-07,-3144.0,-3.0,0.0,0,287.68,0.0,1,0.05,0.08,SPY200508P00276000,276.0,0,0.0,0.0,,0.0,normalDay
2020-05-08,-3139.0,0.0,5.0,0,292.44,0.0,1,0.05,0.0,SPY200508P00276000,276.0,0,0.0,0.0,,0.0,expirationDay
2020-05-11,-3139.0,-3.0,0.0,0,292.5,0.0,1,0.03,0.06,SPY200513P00277000,277.0,0,0.0,0.0,,0.0,normalDay
2020-05-12,-3139.0,-10.0,0.0,0,286.67,0.0,1,0.03,0.13,SPY200513P00277000,277.0,0,0.0,0.0,,0.0,normalDay
2020-05-13,-3136.0,0.0,3.0,0,281.6,0.0,1,0.03,0.0,SPY200513P00277000,277.0,0,0.0,0.0,,0.0,expirationDay
2020-05-14,-3136.0,-3.0,0.0,0,284.97,0.0,1,0.21,0.24,SPY200515P00278000,278.0,0,0.0,0.0,,0.0,normalDay
2020-05-15,-3115.0,0.0,21.0,0,286.28,0.0,1,0.21,0.0,SPY200515P00278000,278.0,0,0.0,0.0,,0.0,expirationDay
2020-05-18,-3115.0,-3.0,0.0,0,295.0,0.0,1,0.02,0.05,SPY200520P00278000,278.0,0,0.0,0.0,,0.0,normalDay
2020-05-19,-3115.0,0.0,0.0,0,291.97,0.0,1,0.02,0.02,SPY200520P00278000,278.0,0,0.0,0.0,,0.0,normalDay
2020-05-20,-3113.0,0.0,2.0,0,296.93,0.0,1,0.02,0.0,SPY200520P00278000,278.0,0,0.0,0.0,,0.0,expirationDay
2020-05-21,-3113.0,0.0,0.0,0,294.88,0.0,0,0.0,0.0,,0.0,0,0.0,0.0,,0.0,bidTooLow
2020-05-22,-3113.0,0.0,0.0,0,295.44,0.0,0,0.0,0.0,,0.0,0,0.0,0.0,,0.0,bidTooLow
2020-05-26,-3113.0,-3.0,0.0,0,299.08,0.0,1,0.08,0.11,SPY200529P00282000,282.0,0,0.0,0.0,,0.0,normalDay
2020-05-27,-3113.0,4.0,0.0,0,303.53,0.0,1,0.08,0.04,SPY200529P00282000,282.0,0,0.0,0.0,,0.0,normalDay
2020-05-28,-3113.0,6.0,0.0,0,302.97,0.0,1,0.08,0.02,SPY200529P00282000,282.0,0,0.0,0.0,,0.0,normalDay
2020-05-29,-3105.0,0.0,8.0,0,304.32,0.0,1,0.08,0.0,SPY200529P00282000,282.0,0,0.0,0.0,,0.0,expirationDay
2020-06-01,-3105.0,0.0,0.0,0,305.55,0.0,0,0.0,0.0,,0.0,0,0.0,0.0,,0.0,bidTooLow
2020-06-02,-3105.0,0.0,0.0,0,308.08,0.0,0,0.0,0.0,,0.0,0,0.0,0.0,,0.0,bidTooLow
2020-06-03,-3105.0,0.0,0.0,0,312.18,0.0,0,0.0,0.0,,0.0,0,0.0,0.0,,0.0,bidTooLow
2020-06-04,-3105.0,0.0,0.0,0,311.36,0.0,0,0.0,0.0,,0.0,0,0.0,0.0,,0.0,bidTooLow
2020-06-05,-3105.0,0.0,0.0,0,319.34,0.0,0,0.0,0.0,,0.0,0,0.0,0.0,,0.0,bidTooLow
2020-06-08,-3105.0,0.0,0.0,0,323.2,0.0,0,0.0,0.0,,0.0,0,0.0,0.0,,0.0,bidTooLow
2020-06-09,-3105.0,-3.0,0.0,0,320.79,0.0,1,0.01,0.04,SPY200612P00284000,284.0,0,0.0,0.0,,0.0,normalDay
2020-06-10,-3105.0,-1.0,0.0,0,319.0,0.0,1,0.01,0.02,SPY200612P00284000,284.0,0,0.0,0.0,,0.0,normalDay
2020-06-11,-3105.0,-22.0,0.0,0,300.61,0.0,1,0.01,0.23,SPY200612P00284000,284.0,0,0.0,0.0,,0.0,normalDay
2020-06-12,-3104.0,0.0,1.0,0,304.21,0.0,1,0.01,0.0,SPY200612P00284000,284.0,0,0.0,0.0,,0.0,expirationDay
2020-06-15,-3104.0,-3.0,0.0,0,307.05,0.0,1,0.33,0.36,SPY200617P00293000,293.0,0,0.0,0.0,,0.0,normalDay
2020-06-16,-3104.0,29.0,0.0,0,312.96,0.0,1,0.33,0.04,SPY200617P00293000,293.0,0,0.0,0.0,,0.0,normalDay
2020-06-17,-3071.0,0.0,33.0,0,311.66,0.0,1,0.33,0.0,SPY200617P00293000,293.0,0,0.0,0.0,,0.0,expirationDay
2020-06-18,-3071.0,-3.0,0.0,0,311.78,0.0,1,0.07,0.1,SPY200619P00297000,297.0,0,0.0,0.0,,0.0,normalDay
2020-06-19,-3064.0,0.0,7.0,0,308.64,0.0,1,0.07,0.0,SPY200619P00297000,297.0,0,0.0,0.0,,0.0,expirationDay
2020-06-22,-3064.0,-3.0,0.0,0,310.62,0.0,1,0.28,0.31,SPY200624P00300000,300.0,0,0.0,0.0,,0.0,normalDay
2020-06-23,-3064.0,22.0,0.0,0,312.05,0.0,1,0.28,0.06,SPY200624P00300000,300.0,0,0.0,0.0,,0.0,normalDay
2020-06-24,-3036.0,0.0,28.0,0,304.09,0.0,1,0.28,0.0,SPY200624P00300000,300.0,0,0.0,0.0,,0.0,expirationDay
2020-06-25,-3036.0,-3.0,0.0,0,307.35,0.0,1,0.41,0.44,SPY200626P00302000,302.0,0,0.0,0.0,,0.0,normalDay
2020-06-26,-2995.0,-195.0,41.0,100,300.05,302.0,1,0.41,0.0,SPY200626P00302000,302.0,0,0.0,0.0,,0.0,expirationDay
2020-06-29,-2995.0,243.0,0.0,100,304.46,302.0,0,0.0,0.0,,0.0,1,0.07,0.1,SPY200702C00318000,318.0,normalDay
2020-06-30,-2995.0,627.0,0.0,100,308.36,302.0,0,0.0,0.0,,0.0,1,0.07,0.16,SPY200702C00318000,318.0,normalDay
2020-07-01,-2995.0,851.0,0.0,100,310.52,302.0,0,0.0,0.0,,0.0,1,0.07,0.08,SPY200702C00318000,318.0,normalDay
2020-07-02,-2988.0,1023.0,7.0,100,312.23,302.0,0,0.0,0.0,,0.0,1,0.07,0.0,SPY200702C00318000,318.0,expirationDay
2020-07-06,-2988.0,1501.0,0.0,100,317.05,302.0,0,0.0,0.0,,0.0,1,1.47,1.51,SPY200708C00318000,318.0,normalDay
2020-07-07,-2988.0,1302.0,0.0,100,313.78,302.0,0,0.0,0.0,,0.0,1,1.47,0.23,SPY200708C00318000,318.0,normalDay
2020-07-08,-2841.0,1418.0,147.0,100,316.18,302.0,0,0.0,0.0,,0.0,1,1.47,0.0,SPY200708C00318000,318.0,expirationDay
2020-07-09,-2841.0,1234.0,0.0,100,314.38,302.0,0,0.0,0.0,,0.0,1,1.22,1.26,SPY200710C00315000,315.0,normalDay
2020-07-10,-1419.0,1234.0,1422.0,0,317.59,0.0,0,0.0,0.0,,0.0,1,1.22,0.0,SPY200710C00315000,315.0,expirationDay
2020-07-13,-1419.0,-3.0,0.0,0,314.84,0.0,1,0.38,0.41,SPY200715P00304000,304.0,0,0.0,0.0,,0.0,normalDay
2020-07-14,-1419.0,34.0,0.0,0,318.92,0.0,1,0.38,0.04,SPY200715P00304000,304.0,0,0.0,0.0,,0.0,normalDay
2020-07-15,-1381.0,0.0,38.0,0,321.85,0.0,1,0.38,0.0,SPY200715P00304000,304.0,0,0.0,0.0,,0.0,expirationDay
2020-07-16,-1381.0,-3.0,0.0,0,320.79,0.0,1,0.02,0.05,SPY200717P00304000,304.0,0,0.0,0.0,,0.0,normalDay
2020-07-17,-1379.0,0.0,2.0,0,321.72,0.0,1,0.02,0.0,SPY200717P00304000,304.0,0,0.0,0.0,,0.0,expirationDay
2020-07-20,-1379.0,0.0,0.0,0,324.32,0.0,0,0.0,0.0,,0.0,0,0.0,0.0,,0.0,bidTooLow
2020-07-21,-1379.0,-3.0,0.0,0,325.01,0.0,1,0.02,0.05,SPY200724P00305000,305.0,0,0.0,0.0,,0.0,normalDay
2020-07-22,-1379.0,-1.0,0.0,0,326.86,0.0,1,0.02,0.03,SPY200724P00305000,305.0,0,0.0,0.0,,0.0,normalDay
2020-07-23,-1379.0,0.0,0.0,0,322.96,0.0,1,0.02,0.02,SPY200724P00305000,305.0,0,0.0,0.0,,0.0,normalDay
2020-07-24,-1377.0,0.0,2.0,0,320.88,0.0,1,0.02,0.0,SPY200724P00305000,305.0,0,0.0,0.0,,0.0,expirationDay
2020-07-27,-1377.0,-3.0,0.0,0,323.22,0.0,1,0.01,0.04,SPY200729P00309000,309.0,0,0.0,0.0,,0.0,normalDay
2020-07-28,-1377.0,-2.0,0.0,0,321.17,0.0,1,0.01,0.03,SPY200729P00309000,309.0,0,0.0,0.0,,0.0,normalDay
2020-07-29,-1376.0,0.0,1.0,0,325.12,0.0,1,0.01,0.0,SPY200729P00309000,309.0,0,0.0,0.0,,0.0,expirationDay
2020-07-30,-1376.0,-3.0,0.0,0,323.96,0.0,1,0.09,0.12,SPY200731P00314000,314.0,0,0.0,0.0,,0.0,normalDay
2020-07-31,-1367.0,0.0,9.0,0,326.52,0.0,1,0.09,0.0,SPY200731P00314000,314.0,0,0.0,0.0,,0.0,expirationDay
2020-08-03,-1367.0,-3.0,0.0,0,328.79,0.0,1,0.04,0.07,SPY200805P00315000,315.0,0,0.0,0.0,,0.0,normalDay
2020-08-04,-1367.0,1.0,0.0,0,330.06,0.0,1,0.04,0.03,SPY200805P00315000,315.0,0,0.0,0.0,,0.0,normalDay
2020-08-05,-1363.0,0.0,4.0,0,332.11,0.0,1,0.04,0.0,SPY200805P00315000,315.0,0,0.0,0.0,,0.0,expirationDay
2020-08-06,-1363.0,-3.0,0.0,0,334.33,0.0,1,0.01,0.04,SPY200807P00317000,317.0,0,0.0,0.0,,0.0,normalDay
2020-08-07,-1362.0,0.0,1.0,0,334.57,0.0,1,0.01,0.0,SPY200807P00317000,317.0,0,0.0,0.0,,0.0,expirationDay
2020-08-10,-1362.0,-3.0,0.0,0,335.57,0.0,1,0.02,0.05,SPY200812P00319000,319.0,0,0.0,0.0,,0.0,normalDay
2020-08-11,-1362.0,-5.0,0.0,0,332.8,0.0,1,0.02,0.07,SPY200812P00319000,319.0,0,0.0,0.0,,0.0,normalDay
2020-08-12,-1360.0,0.0,2.0,0,337.44,0.0,1,0.02,0.0,SPY200812P00319000,319.0,0,0.0,0.0,,0.0,expirationDay
2020-08-13,-1360.0,0.0,0.0,0,336.83,0.0,0,0.0,0.0,,0.0,0,0.0,0.0,,0.0,bidTooLow
2020-08-14,-1360.0,0.0,0.0,0,336.84,0.0,0,0.0,0.0,,0.0,0,0.0,0.0,,0.0,bidTooLow
2020-08-17,-1360.0,-3.0,0.0,0,337.91,0.0,1,0.01,0.04,SPY200819P00321000,321.0,0,0.0,0.0,,0.0,normalDay
2020-08-18,-1360.0,-2.0,0.0,0,338.64,0.0,1,0.01,0.03,SPY200819P00321000,321.0,0,0.0,0.0,,0.0,normalDay
2020-08-19,-1359.0,0.0,1.0,0,337.23,0.0,1,0.01,0.0,SPY200819P00321000,321.0,0,0.0,0.0,,0.0,expirationDay
2020-08-20,-1359.0,-3.0,0.0,0,338.28,0.0,1,0.01,0.04,SPY200821P00323000,323.0,0,0.0,0.0,,0.0,normalDay
2020-08-21,-1358.0,0.0,1.0,0,339.48,0.0,1,0.01,0.0,SPY200821P00323000,323.0,0,0.0,0.0,,0.0,expirationDay
2020-08-24,-1358.0,-3.0,0.0,0,342.92,0.0,1,0.02,0.05,SPY200826P00325000,325.0,0,0.0,0.0,,0.0,normalDay
2020-08-25,-1358.0,0.0,0.0,0,344.12,0.0,1,0.02,0.02,SPY200826P00325000,325.0,0,0.0,0.0,,0.0,normalDay
2020-08-26,-1356.0,0.0,2.0,0,347.57,0.0,1,0.02,0.0,SPY200826P00325000,325.0,0,0.0,0.0,,0.0,expirationDay
2020-08-27,-1356.0,0.0,0.0,0,348.33,0.0,0,0.0,0.0,,0.0,0,0.0,0.0,,0.0,bidTooLow
2020-08-28,-1356.0,-3.0,0.0,0,350.58,0.0,1,0.01,0.04,SPY200831P00330000,330.0,0,0.0,0.0,,0.0,normalDay
2020-08-31,-1355.0,0.0,1.0,0,349.31,0.0,1,0.01,0.0,SPY200831P00330000,330.0,0,0.0,0.0,,0.0,expirationDay
2020-09-01,-1355.0,-3.0,0.0,0,352.6,0.0,1,0.06,0.09,SPY200904P00332000,332.0,0,0.0,0.0,,0.0,normalDay
2020-09-02,-1355.0,1.0,0.0,0,357.7,0.0,1,0.06,0.05,SPY200904P00332000,332.0,0,0.0,0.0,,0.0,normalDay
2020-09-03,-1355.0,-11.0,0.0,0,345.39,0.0,1,0.06,0.17,SPY200904P00332000,332.0,0,0.0,0.0,,0.0,normalDay
2020-09-04,-1349.0,0.0,6.0,0,342.57,0.0,1,0.06,0.0,SPY200904P00332000,332.0,0,0.0,0.0,,0.0,expirationDay
2020-09-08,-1349.0,-6.0,0.0,0,333.21,0.0,1,3.95,4.01,SPY200911P00333000,333.0,0,0.0,0.0,,0.0,normalDay
2020-09-09,-1349.0,275.0,0.0,0,339.79,0.0,1,3.95,1.2,SPY200911P00333000,333.0,0,0.0,0.0,,0.0,normalDay
2020-09-10,-1349.0,214.0,0.0,0,333.89,0.0,1,3.95,1.81,SPY200911P00333000,333.0,0,0.0,0.0,,0.0,normalDay
2020-09-11,-954.0,0.0,395.0,0,334.06,0.0,1,3.95,0.0,SPY200911P00333000,333.0,0,0.0,0.0,,0.0,expirationDay
2020-09-14,-954.0,-3.0,0.0,0,338.46,0.0,1,0.81,0.84,SPY200916P00333000,333.0,0,0.0,0.0,,0.0,normalDay
2020-09-15,-954.0,65.0,0.0,0,340.17,0.0,1,0.81,0.16,SPY200916P00333000,333.0,0,0.0,0.0,,0.0,normalDay
2020-09-16,-873.0,0.0,81.0,0,338.82,0.0,1,0.81,0.0,SPY200916P00333000,333.0,0,0.0,0.0,,0.0,expirationDay
2020-09-17,-873.0,-4.0,0.0,0,335.84,0.0,1,1.2,1.24,SPY200918P00333000,333.0,0,0.0,0.0,,0.0,normalDay
2020-09-18,-753.0,-235.0,120.0,100,330.65,333.0,1,1.2,0.0,SPY200918P00333000,333.0,0,0.0,0.0,,0.0,expirationDay
2020-09-21,-753.0,-603.0,0.0,100,326.97,333.0,0,0.0,0.0,,0.0,0,0.0,0.0,,0.0,bidTooLow
2020-09-22,-753.0,-270.0,0.0,100,330.3,333.0,0,0.0,0.0,,0.0,0,0.0,0.0,,0.0,bidTooLow
2020-09-23,-753.0,-1036.0,0.0,100,322.64,333.0,0,0.0,0.0,,0.0,0,0.0,0.0,,0.0,bidTooLow
2020-09-24,-753.0,-950.0,0.0,100,323.5,333.0,0,0.0,0.0,,0.0,0,0.0,0.0,,0.0,bidTooLow
2020-09-25,-753.0,-427.0,0.0,100,328.73,333.0,0,0.0,0.0,,0.0,0,0.0,0.0,,0.0,bidTooLow
2020-09-28,-753.0,119.0,0.0,100,334.19,333.0,0,0.0,0.0,,0.0,0,0.0,0.0,,0.0,bidTooLow
2020-09-29,-753.0,-66.0,0.0,100,332.37,333.0,0,0.0,0.0,,0.0,1,0.11,0.14,SPY201002C00347000,347.0,normalDay
2020-09-30,-753.0,193.0,0.0,100,334.89,333.0,0,0.0,0.0,,0.0,1,0.11,0.07,SPY201002C00347000,347.0,normalDay
2020-10-01,-753.0,411.0,0.0,100,337.04,333.0,0,0.0,0.0,,0.0,1,0.11,0.04,SPY201002C00347000,347.0,normalDay
2020-10-02,-742.0,84.0,11.0,100,333.84,333.0,0,0.0,0.0,,0.0,1,0.11,0.0,SPY201002C00347000,347.0,expirationDay
2020-10-05,-742.0,672.0,0.0,100,339.76,333.0,0,0.0,0.0,,0.0,1,1.93,1.97,SPY201007C00340000,340.0,normalDay
2020-10-06,-742.0,356.0,0.0,100,334.93,333.0,0,0.0,0.0,,0.0,1,1.93,0.3,SPY201007C00340000,340.0,normalDay
2020-10-07,151.0,356.0,893.0,0,340.76,0.0,0,0.0,0.0,,0.0,1,1.93,0.0,SPY201007C00340000,340.0,expirationDay
2020-10-08,151.0,0.0,0.0,0,343.78,0.0,0,0.0,0.0,,0.0,0,0.0,0.0,,0.0,bidTooLow
2020-10-09,151.0,0.0,0.0,0,346.85,0.0,0,0.0,0.0,,0.0,0,0.0,0.0,,0.0,bidTooLow
2020-10-12,151.0,-3.0,0.0,0,352.43,0.0,1,0.01,0.04,SPY201014P00325000,325.0,0,0.0,0.0,,0.0,normalDay
2020-10-13,151.0,0.0,0.0,0,350.13,0.0,1,0.01,0.01,SPY201014P00325000,325.0,0,0.0,0.0,,0.0,normalDay
2020-10-14,152.0,0.0,1.0,0,347.93,0.0,1,0.01,0.0,SPY201014P00325000,325.0,0,0.0,0.0,,0.0,expirationDay
2020-10-15,152.0,0.0,0.0,0,347.5,0.0,0,0.0,0.0,,0.0,0,0.0,0.0,,0.0,bidTooLow
2020-10-16,152.0,0.0,0.0,0,347.29,0.0,0,0.0,0.0,,0.0,0,0.0,0.0,,0.0,bidTooLow
2020-10-19,152.0,-3.0,0.0,0,342.01,0.0,1,0.05,0.08,SPY201021P00326000,326.0,0,0.0,0.0,,0.0,normalDay
2020-10-20,152.0,2.0,0.0,0,343.38,0.0,1,0.05,0.03,SPY201021P00326000,326.0,0,0.0,0.0,,0.0,normalDay
2020-10-21,157.0,0.0,5.0,0,342.73,0.0,1,0.05,0.0,SPY201021P00326000,326.0,0,0.0,0.0,,0.0,expirationDay
2020-10-22,157.0,0.0,0.0,0,344.61,0.0,0,0.0,0.0,,0.0,0,0.0,0.0,,0.0,bidTooLow
2020-10-23,157.0,-3.0,0.0,0,345.78,0.0,1,0.02,0.05,SPY201026P00334000,334.0,0,0.0,0.0,,0.0,normalDay
2020-10-26,159.0,0.0,2.0,0,339.39,0.0,1,0.02,0.0,SPY201026P00334000,334.0,0,0.0,0.0,,0.0,expirationDay
2020-10-27,159.0,-3.0,0.0,0,338.22,0.0,1,1.81,1.84,SPY201030P00335000,335.0,0,0.0,0.0,,0.0,normalDay
2020-10-28,159.0,-749.0,0.0,0,326.66,0.0,1,1.81,9.3,SPY201030P00335000,335.0,0,0.0,0.0,,0.0,normalDay
2020-10-29,159.0,-322.0,0.0,0,329.98,0.0,1,1.81,5.03,SPY201030P00335000,335.0,0,0.0,0.0,,0.0,normalDay
2020-10-30,340.0,-846.0,181.0,100,326.54,335.0,1,1.81,0.0,SPY201030P00335000,335.0,0,0.0,0.0,,0.0,expirationDay
2020-11-02,340.0,-483.0,0.0,100,330.2,335.0,0,0.0,0.0,,0.0,1,0.09,0.12,SPY201104C00350000,350.0,normalDay
2020-11-03,340.0,82.0,0.0,100,336.03,335.0,0,0.0,0.0,,0.0,1,0.09,0.3,SPY201104C00350000,350.0,normalDay
2020-11-04,349.0,854.0,9.0,100,343.54,335.0,0,0.0,0.0,,0.0,1,0.09,0.0,SPY201104C00350000,350.0,expirationDay
2020-11-05,349.0,1520.0,0.0,100,350.24,335.0,0,0.0,0.0,,0.0,1,1.68,1.72,SPY201106C00351000,351.0,normalDay
2020-11-06,517.0,1516.0,168.0,100,350.16,335.0,0,0.0,0.0,,0.0,1,1.68,0.0,SPY201106C00351000,351.0,expirationDay
2020-11-09,517.0,1944.0,0.0,100,354.56,335.0,0,0.0,0.0,,0.0,1,4.95,5.07,SPY201111C00352000,352.0,normalDay
2020-11-10,517.0,2052.0,0.0,100,354.04,335.0,0,0.0,0.0,,0.0,1,4.95,3.47,SPY201111C00352000,352.0,normalDay
2020-11-11,2712.0,2052.0,2195.0,0,356.67,0.0,0,0.0,0.0,,0.0,1,4.95,0.0,SPY201111C00352000,352.0,expirationDay
2020-11-12,2712.0,-3.0,0.0,0,353.21,0.0,1,0.01,0.04,SPY201113P00330000,330.0,0,0.0,0.0,,0.0,normalDay
2020-11-13,2713.0,0.0,1.0,0,358.1,0.0,1,0.01,0.0,SPY201113P00330000,330.0,0,0.0,0.0,,0.0,expirationDay
2020-11-16,2713.0,0.0,0.0,0,362.57,0.0,0,0.0,0.0,,0.0,0,0.0,0.0,,0.0,bidTooLow
2020-11-17,2713.0,-3.0,0.0,0,360.62,0.0,1,0.02,0.05,SPY201120P00329000,329.0,0,0.0,0.0,,0.0,normalDay
2020-11-18,2713.0,-3.0,0.0,0,356.28,0.0,1,0.02,0.05,SPY201120P00329000,329.0,0,0.0,0.0,,0.0,normalDay
2020-11-19,2713.0,0.0,0.0,0,357.78,0.0,1,0.02,0.02,SPY201120P00329000,329.0,0,0.0,0.0,,0.0,normalDay
2020-11-20,2715.0,0.0,2.0,0,355.33,0.0,1,0.02,0.0,SPY201120P00329000,329.0,0,0.0,0.0,,0.0,expirationDay
2020-11-23,2715.0,0.0,0.0,0,357.46,0.0,0,0.0,0.0,,0.0,0,0.0,0.0,,0.0,bidTooLow
2020-11-24,2715.0,0.0,0.0,0,363.22,0.0,0,0.0,0.0,,0.0,0,0.0,0.0,,0.0,bidTooLow
2020-11-25,2715.0,0.0,0.0,0,362.66,0.0,0,0.0,0.0,,0.0,0,0.0,0.0,,0.0,bidTooLow
2020-11-27,2715.0,0.0,0.0,0,363.67,0.0,0,0.0,0.0,,0.0,0,0.0,0.0,,0.0,bidTooLow
2020-11-30,2715.0,-3.0,0.0,0,362.06,0.0,1,0.02,0.05,SPY201202P00342000,342.0,0,0.0,0.0,,0.0,normalDay
2020-12-01,2715.0,0.0,0.0,0,366.02,0.0,1,0.02,0.02,SPY201202P00342000,342.0,0,0.0,0.0,,0.0,normalDay
2020-12-02,2717.0,0.0,2.0,0,366.79,0.0,1,0.02,0.0,SPY201202P00342000,342.0,0,0.0,0.0,,0.0,expirationDay
2020-12-03,2717.0,-3.0,0.0,0,366.69,0.0,1,0.04,0.07,SPY201204P00352000,352.0,0,0.0,0.0,,0.0,normalDay
2020-12-04,2721.0,0.0,4.0,0,369.85,0.0,1,0.04,0.0,SPY201204P00352000,352.0,0,0.0,0.0,,0.0,expirationDay
2020-12-07,2721.0,-3.0,0.0,0,369.09,0.0,1,0.02,0.05,SPY201209P00354000,354.0,0,0.0,0.0,,0.0,normalDay
2020-12-08,2721.0,0.0,0.0,0,370.17,0.0,1,0.02,0.02,SPY201209P00354000,354.0,0,0.0,0.0,,0.0,normalDay
2020-12-09,2723.0,0.0,2.0,0,366.85,0.0,1,0.02,0.0,SPY201209P00354000,354.0,0,0.0,0.0,,0.0,expirationDay
2020-12-10,2723.0,-3.0,0.0,0,366.73,0.0,1,0.02,0.05,SPY201211P00356000,356.0,0,0.0,0.0,,0.0,normalDay
2020-12-11,2725.0,0.0,2.0,0,366.3,0.0,1,0.02,0.0,SPY201211P00356000,356.0,0,0.0,0.0,,0.0,expirationDay
2020-12-14,2725.0,-5.0,0.0,0,364.66,0.0,1,0.7,0.75,SPY201216P00358000,358.0,0,0.0,0.0,,0.0,normalDay
2020-12-15,2725.0,58.0,0.0,0,369.59,0.0,1,0.7,0.12,SPY201216P00358000,358.0,0,0.0,0.0,,0.0,normalDay
2020-12-16,2795.0,0.0,70.0,0,370.17,0.0,1,0.7,0.0,SPY201216P00358000,358.0,0,0.0,0.0,,0.0,expirationDay
2020-12-17,2795.0,-3.0,0.0,0,372.24,0.0,1,0.1,0.13,SPY201218P00359000,359.0,0,0.0,0.0,,0.0,normalDay
2020-12-18,2805.0,0.0,10.0,0,369.18,0.0,1,0.1,0.0,SPY201218P00359000,359.0,0,0.0,0.0,,0.0,expirationDay
2020-12-21,2805.0,-3.0,0.0,0,367.86,0.0,1,0.95,0.98,SPY201224P00362000,362.0,0,0.0,0.0,,0.0,normalDay
2020-12-22,2805.0,45.0,0.0,0,367.24,0.0,1,0.95,0.5,SPY201224P00362000,362.0,0,0.0,0.0,,0.0,normalDay
2020-12-23,2805.0,82.0,0.0,0,367.57,0.0,1,0.95,0.13,SPY201224P00362000,362.0,0,0.0,0.0,,0.0,normalDay
2020-12-24,2900.0,0.0,95.0,0,369.0,0.0,1,0.95,0.0,SPY201224P00362000,362.0,0,0.0,0.0,,0.0,expirationDay
2020-12-28,2900.0,-3.0,0.0,0,372.17,0.0,1,0.31,0.34,SPY201231P00365000,365.0,0,0.0,0.0,,0.0,normalDay
2020-12-29,2900.0,-3.0,0.0,0,371.46,0.0,1,0.31,0.34,SPY201231P00365000,365.0,0,0.0,0.0,,0.0,normalDay
2020-12-30,2900.0,18.0,0.0,0,371.99,0.0,1,0.31,0.13,SPY201231P00365000,365.0,0,0.0,0.0,,0.0,normalDay
2020-12-31,2931.0,0.0,31.0,0,373.88,0.0,1,0.31,0.0,SPY201231P00365000,365.0,0,0.0,0.0,,0.0,expirationDay
2021-01-04,2931.0,-3.0,0.0,0,368.79,0.0,1,1.83,1.86,SPY210106P00366000,366.0,0,0.0,0.0,,0.0,normalDay
2021-01-05,2931.0,117.0,0.0,0,371.33,0.0,1,1.83,0.66,SPY210106P00366000,366.0,0,0.0,0.0,,0.0,normalDay
2021-01-06,3114.0,0.0,183.0,0,373.55,0.0,1,1.83,0.0,SPY210106P00366000,366.0,0,0.0,0.0,,0.0,expirationDay
2021-01-07,3114.0,-3.0,0.0,0,379.1,0.0,1,0.02,0.05,SPY210108P00365000,365.0,0,0.0,0.0,,0.0,normalDay
2021-01-08,3116.0,0.0,2.0,0,381.26,0.0,1,0.02,0.0,SPY210108P00365000,365.0,0,0.0,0.0,,0.0,expirationDay
2021-01-11,3116.0,-3.0,0.0,0,378.69,0.0,1,0.13,0.16,SPY210113P00365000,365.0,0,0.0,0.0,,0.0,normalDay
2021-01-12,3116.0,9.0,0.0,0,378.77,0.0,1,0.13,0.04,SPY210113P00365000,365.0,0,0.0,0.0,,0.0,normalDay
2021-01-13,3129.0,0.0,13.0,0,379.79,0.0,1,0.13,0.0,SPY210113P00365000,365.0,0,0.0,0.0,,0.0,expirationDay
2021-01-14,3129.0,-3.0,0.0,0,378.46,0.0,1,0.07,0.1,SPY210115P00367000,367.0,0,0.0,0.0,,0.0,normalDay
2021-01-15,3136.0,0.0,7.0,0,375.7,0.0,1,0.07,0.0,SPY210115P00367000,367.0,0,0.0,0.0,,0.0,expirationDay
2021-01-19,3136.0,-3.0,0.0,0,378.65,0.0,1,0.38,0.41,SPY210122P00367000,367.0,0,0.0,0.0,,0.0,normalDay
2021-01-20,3136.0,30.0,0.0,0,383.89,0.0,1,0.38,0.08,SPY210122P00367000,367.0,0,0.0,0.0,,0.0,normalDay
2021-01-21,3136.0,35.0,0.0,0,384.24,0.0,1,0.38,0.03,SPY210122P00367000,367.0,0,0.0,0.0,,0.0,normalDay
2021-01-22,3174.0,0.0,38.0,0,382.88,0.0,1,0.38,0.0,SPY210122P00367000,367.0,0,0.0,0.0,,0.0,expirationDay
2021-01-25,3174.0,-3.0,0.0,0,384.39,0.0,1,0.09,0.12,SPY210127P00370000,370.0,0,0.0,0.0,,0.0,normalDay
2021-01-26,3174.0,4.0,0.0,0,383.79,0.0,1,0.09,0.05,SPY210127P00370000,370.0,0,0.0,0.0,,0.0,normalDay
2021-01-27,3183.0,0.0,9.0,0,374.41,0.0,1,0.09,0.0,SPY210127P00370000,370.0,0,0.0,0.0,,0.0,expirationDay
2021-01-28,3183.0,-4.0,0.0,0,377.63,0.0,1,0.6,0.64,SPY210129P00372000,372.0,0,0.0,0.0,,0.0,normalDay
2021-01-29,3243.0,-193.0,60.0,100,370.07,372.0,1,0.6,0.0,SPY210129P00372000,372.0,0,0.0,0.0,,0.0,expirationDay
2021-02-01,3243.0,420.0,0.0,100,376.23,372.0,0,0.0,0.0,,0.0,1,0.18,0.21,SPY210203C00384000,384.0,normalDay
2021-02-02,3243.0,897.0,0.0,100,381.55,372.0,0,0.0,0.0,,0.0,1,0.18,0.76,SPY210203C00384000,384.0,normalDay
2021-02-03,3261.0,985.0,18.0,100,381.85,372.0,0,0.0,0.0,,0.0,1,0.18,0.0,SPY210203C00384000,384.0,expirationDay
2021-02-04,3261.0,1415.0,0.0,100,386.19,372.0,0,0.0,0.0,,0.0,1,1.89,1.93,SPY210205C00385000,385.0,normalDay
2021-02-05,4750.0,1415.0,1489.0,0,387.71,0.0,0,0.0,0.0,,0.0,1,1.89,0.0,SPY210205C00385000,385.0,expirationDay
2021-02-08,4750.0,-3.0,0.0,0,390.51,0.0,1,0.03,0.06,SPY210210P00374000,374.0,0,0.0,0.0,,0.0,normalDay
2021-02-09,4750.0,0.0,0.0,0,390.25,0.0,1,0.03,0.03,SPY210210P00374000,374.0,0,0.0,0.0,,0.0,normalDay
2021-02-10,4753.0,0.0,3.0,0,390.08,0.0,1,0.03,0.0,SPY210210P00374000,374.0,0,0.0,0.0,,0.0,expirationDay
2021-02-11,4753.0,0.0,0.0,0,390.71,0.0,0,0.0,0.0,,0.0,0,0.0,0.0,,0.0,bidTooLow
2021-02-12,4753.0,0.0,0.0,0,392.64,0.0,0,0.0,0.0,,0.0,0,0.0,0.0,,0.0,bidTooLow
2021-02-16,4753.0,-3.0,0.0,0,392.3,0.0,1,0.13,0.16,SPY210219P00375000,375.0,0,0.0,0.0,,0.0,normalDay
2021-02-17,4753.0,5.0,0.0,0,392.39,0.0,1,0.13,0.08,SPY210219P00375000,375.0,0,0.0,0.0,,0.0,normalDay
2021-02-18,4753.0,8.0,0.0,0,390.72,0.0,1,0.13,0.05,SPY210219P00375000,375.0,0,0.0,0.0,,0.0,normalDay
2021-02-19,4766.0,0.0,13.0,0,390.03,0.0,1,0.13,0.0,SPY210219P00375000,375.0,0,0.0,0.0,,0.0,expirationDay
2021-02-22,4766.0,-3.0,0.0,0,387.03,0.0,1,0.15,0.18,SPY210224P00376000,376.0,0,0.0,0.0,,0.0,normalDay
2021-02-23,4766.0,9.0,0.0,0,387.5,0.0,1,0.15,0.06,SPY210224P00376000,376.0,0,0.0,0.0,,0.0,normalDay
2021-02-24,4781.0,0.0,15.0,0,391.77,0.0,1,0.15,0.0,SPY210224P00376000,376.0,0,0.0,0.0,,0.0,expirationDay
2021-02-25,4781.0,-4.0,0.0,0,382.33,0.0,1,0.84,0.88,SPY210226P00377500,377.5,0,0.0,0.0,,0.0,normalDay
2021-02-26,4865.0,0.0,84.0,0,380.36,0.0,1,0.84,0.0,SPY210226P00377500,377.5,0,0.0,0.0,,0.0,expirationDay
2021-03-01,4865.0,-3.0,0.0,0,389.58,0.0,1,0.48,0.51,SPY210303P00381000,381.0,0,0.0,0.0,,0.0,normalDay
2021-03-02,4865.0,-6.0,0.0,0,386.54,0.0,1,0.48,0.54,SPY210303P00381000,381.0,0,0.0,0.0,,0.0,normalDay
2021-03-03,4913.0,0.0,48.0,0,381.42,0.0,1,0.48,0.0,SPY210303P00381000,381.0,0,0.0,0.0,,0.0,expirationDay
2021-03-04,4913.0,-11.0,0.0,0,376.7,0.0,1,5.7,5.81,SPY210305P00382000,382.0,0,0.0,0.0,,0.0,normalDay
2021-03-05,5483.0,0.0,570.0,0,383.63,0.0,1,5.7,0.0,SPY210305P00382000,382.0,0,0.0,0.0,,0.0,expirationDay
2021-03-08,5483.0,-5.0,0.0,0,381.72,0.0,1,2.57,2.62,SPY210310P00381000,381.0,0,0.0,0.0,,0.0,normalDay
2021-03-09,5483.0,220.0,0.0,0,387.17,0.0,1,2.57,0.37,SPY210310P00381000,381.0,0,0.0,0.0,,0.0,normalDay
2021-03-10,5740.0,0.0,257.0,0,389.58,0.0,1,2.57,0.0,SPY210310P00381000,381.0,0,0.0,0.0,,0.0,expirationDay
2021-03-11,5740.0,-3.0,0.0,0,393.53,0.0,1,0.01,0.04,SPY210312P00381000,381.0,0,0.0,0.0,,0.0,normalDay
2021-03-12,5741.0,0.0,1.0,0,394.06,0.0,1,0.01,0.0,SPY210312P00381000,381.0,0,0.0,0.0,,0.0,expirationDay
2021-03-15,5741.0,-3.0,0.0,0,396.41,0.0,1,0.03,0.06,SPY210317P00380000,380.0,0,0.0,0.0,,0.0,normalDay
2021-03-16,5741.0,-2.0,0.0,0,395.91,0.0,1,0.03,0.05,SPY210317P00380000,380.0,0,0.0,0.0,,0.0,normalDay
2021-03-17,5744.0,0.0,3.0,0,397.26,0.0,1,0.03,0.0,SPY210317P00380000,380.0,0,0.0,0.0,,0.0,expirationDay
2021-03-18,5744.0,-3.0,0.0,0,391.48,0.0,1,0.17,0.2,SPY210319P00380000,380.0,0,0.0,0.0,,0.0,normalDay
2021-03-19,5761.0,0.0,17.0,0,389.48,0.0,1,0.17,0.0,SPY210319P00380000,380.0,0,0.0,0.0,,0.0,expirationDay
2021-03-22,5761.0,-3.0,0.0,0,392.59,0.0,1,0.03,0.06,SPY210324P00380000,380.0,0,0.0,0.0,,0.0,normalDay
2021-03-23,5761.0,-4.0,0.0,0,389.5,0.0,1,0.03,0.07,SPY210324P00380000,380.0,0,0.0,0.0,,0.0,normalDay
2021-03-24,5764.0,0.0,3.0,0,387.52,0.0,1,0.03,0.0,SPY210324P00380000,380.0,0,0.0,0.0,,0.0,expirationDay
2021-03-25,5764.0,-3.0,0.0,0,389.7,0.0,1,0.05,0.08,SPY210326P00381000,381.0,0,0.0,0.0,,0.0,normalDay
2021-03-26,5769.0,0.0,5.0,0,395.98,0.0,1,0.05,0.0,SPY210326P00381000,381.0,0,0.0,0.0,,0.0,expirationDay
2021-03-29,5769.0,-3.0,0.0,0,395.78,0.0,1,0.25,0.28,SPY210401P00382000,382.0,0,0.0,0.0,,0.0,normalDay
2021-03-30,5769.0,14.0,0.0,0,394.73,0.0,1,0.25,0.11,SPY210401P00382000,382.0,0,0.0,0.0,,0.0,normalDay
2021-03-31,5769.0,22.0,0.0,0,396.33,0.0,1,0.25,0.03,SPY210401P00382000,382.0,0,0.0,0.0,,0.0,normalDay
2021-04-01,5794.0,0.0,25.0,0,400.61,0.0,1,0.25,0.0,SPY210401P00382000,382.0,0,0.0,0.0,,0.0,expirationDay
2021-04-05,5794.0,-3.0,0.0,0,406.36,0.0,1,0.01,0.04,SPY210407P00386000,386.0,0,0.0,0.0,,0.0,normalDay
2021-04-06,5794.0,-1.0,0.0,0,406.12,0.0,1,0.01,0.02,SPY210407P00386000,386.0,0,0.0,0.0,,0.0,normalDay
2021-04-07,5795.0,0.0,1.0,0,406.59,0.0,1,0.01,0.0,SPY210407P00386000,386.0,0,0.0,0.0,,0.0,expirationDay
2021-04-08,5795.0,0.0,0.0,0,408.52,0.0,0,0.0,0.0,,0.0,0,0.0,0.0,,0.0,bidTooLow
2021-04-09,5795.0,0.0,0.0,0,411.49,0.0,0,0.0,0.0,,0.0,0,0.0,0.0,,0.0,bidTooLow
2021-04-12,5795.0,0.0,0.0,0,411.64,0.0,0,0.0,0.0,,0.0,0,0.0,0.0,,0.0,bidTooLow
2021-04-13,5795.0,0.0,0.0,0,412.86,0.0,0,0.0,0.0,,0.0,0,0.0,0.0,,0.0,bidTooLow
2021-04-14,5795.0,-3.0,0.0,0,411.45,0.0,1,0.01,0.04,SPY210416P00388000,388.0,0,0.0,0.0,,0.0,normalDay
2021-04-15,5795.0,-1.0,0.0,0,415.87,0.0,1,0.01,0.02,SPY210416P00388000,388.0,0,0.0,0.0,,0.0,normalDay
2021-04-16,5796.0,0.0,1.0,0,417.26,0.0,1,0.01,0.0,SPY210416P00388000,388.0,0,0.0,0.0,,0.0,expirationDay
2021-04-19,5796.0,0.0,0.0,0,415.21,0.0,0,0.0,0.0,,0.0,0,0.0,0.0,,0.0,bidTooLow
2021-04-20,5796.0,-3.0,0.0,0,412.17,0.0,1,0.02,0.05,SPY210423P00391000,391.0,0,0.0,0.0,,0.0,normalDay
2021-04-21,5796.0,0.0,0.0,0,416.07,0.0,1,0.02,0.02,SPY210423P00391000,391.0,0,0.0,0.0,,0.0,normalDay
2021-04-22,5796.0,0.0,0.0,0,412.27,0.0,1,0.02,0.02,SPY210423P00391000,391.0,0,0.0,0.0,,0.0,normalDay
2021-04-23,5798.0,0.0,2.0,0,416.74,0.0,1,0.02,0.0,SPY210423P00391000,391.0,0,0.0,0.0,,0.0,expirationDay
2021-04-26,5798.0,0.0,0.0,0,417.61,0.0,0,0.0,0.0,,0.0,0,0.0,0.0,,0.0,bidTooLow
2021-04-27,5798.0,-3.0,0.0,0,417.52,0.0,1,0.04,0.07,SPY210430P00401000,401.0,0,0.0,0.0,,0.0,normalDay
2021-04-28,5798.0,0.0,0.0,0,417.4,0.0,1,0.04,0.04,SPY210430P00401000,401.0,0,0.0,0.0,,0.0,normalDay
2021-04-29,5798.0,2.0,0.0,0,420.06,0.0,1,0.04,0.02,SPY210430P00401000,401.0,0,0.0,0.0,,0.0,normalDay
2021-04-30,5802.0,0.0,4.0,0,417.3,0.0,1,0.04,0.0,SPY210430P00401000,401.0,0,0.0,0.0,,0.0,expirationDay
2021-05-03,5802.0,-3.0,0.0,0,418.2,0.0,1,0.09,0.12,SPY210505P00409000,409.0,0,0.0,0.0,,0.0,normalDay
2021-05-04,5802.0,-2.0,0.0,0,415.62,0.0,1,0.09,0.11,SPY210505P00409000,409.0,0,0.0,0.0,,0.0,normalDay
2021-05-05,5811.0,0.0,9.0,0,415.75,0.0,1,0.09,0.0,SPY210505P00409000,409.0,0,0.0,0.0,,0.0,expirationDay
2021-05-06,5811.0,-3.0,0.0,0,419.07,0.0,1,0.07,0.1,SPY210507P00412000,412.0,0,0.0,0.0,,0.0,normalDay
2021-05-07,5818.0,0.0,7.0,0,422.12,0.0,1,0.07,0.0,SPY210507P00412000,412.0,0,0.0,0.0,,0.0,expirationDay
2021-05-10,5818.0,-3.0,0.0,0,417.94,0.0,1,0.78,0.81,SPY210512P00413000,413.0,0,0.0,0.0,,0.0,normalDay
2021-05-11,5818.0,-56.0,0.0,0,414.21,0.0,1,0.78,1.34,SPY210512P00413000,413.0,0,0.0,0.0,,0.0,normalDay
2021-05-12,5896.0,-759.0,78.0,100,405.41,413.0,1,0.78,0.0,SPY210512P00413000,413.0,0,0.0,0.0,,0.0,expirationDay
2021-05-13,5896.0,-272.0,0.0,100,410.28,413.0,0,0.0,0.0,,0.0,0,0.0,0.0,,0.0,bidTooLow
2021-05-14,5896.0,355.0,0.0,100,416.58,413.0,0,0.0,0.0,,0.0,1,0.28,0.31,SPY210517C00420000,420.0,normalDay
2021-05-17,5924.0,252.0,28.0,100,415.52,413.0,0,0.0,0.0,,0.0,1,0.28,0.0,SPY210517C00420000,420.0,expirationDay
2021-05-18,5924.0,-109.0,0.0,100,411.94,413.0,0,0.0,0.0,,0.0,1,0.22,0.25,SPY210521C00420000,420.0,normalDay
2021-05-19,5924.0,-202.0,0.0,100,410.86,413.0,0,0.0,0.0,,0.0,1,0.22,0.1,SPY210521C00420000,420.0,normalDay
2021-05-20,5924.0,235.0,0.0,100,415.28,413.0,0,0.0,0.0,,0.0,1,0.22,0.15,SPY210521C00420000,420.0,normalDay
2021-05-21,5946.0,194.0,22.0,100,414.94,413.0,0,0.0,0.0,,0.0,1,0.22,0.0,SPY210521C00420000,420.0,expirationDay
2021-05-24,5946.0,614.0,0.0,100,419.17,413.0,0,0.0,0.0,,0.0,1,1.09,1.12,SPY210526C00420000,420.0,normalDay
2021-05-25,5946.0,588.0,0.0,100,418.24,413.0,0,0.0,0.0,,0.0,1,1.09,0.45,SPY210526C00420000,420.0,normalDay
2021-05-26,6055.0,607.0,109.0,100,419.07,413.0,0,0.0,0.0,,0.0,1,1.09,0.0,SPY210526C00420000,420.0,expirationDay
2021-05-27,6055.0,625.0,0.0,100,419.29,413.0,0,0.0,0.0,,0.0,1,0.9,0.94,SPY210528C00420000,420.0,normalDay
2021-05-28,6845.0,625.0,790.0,0,420.04,0.0,0,0.0,0.0,,0.0,1,0.9,0.0,SPY210528C00420000,420.0,expirationDay
2021-06-01,6845.0,-3.0,0.0,0,419.67,0.0,1,0.18,0.21,SPY210604P00410000,410.0,0,0.0,0.0,,0.0,normalDay
2021-06-02,6845.0,11.0,0.0,0,420.33,0.0,1,0.18,0.07,SPY210604P00410000,410.0,0,0.0,0.0,,0.0,normalDay
2021-06-03,6845.0,11.0,0.0,0,418.77,0.0,1,0.18,0.07,SPY210604P00410000,410.0,0,0.0,0.0,,0.0,normalDay
2021-06-04,6863.0,0.0,18.0,0,422.6,0.0,1,0.18,0.0,SPY210604P00410000,410.0,0,0.0,0.0,,0.0,expirationDay
2021-06-07,6863.0,-3.0,0.0,0,422.19,0.0,1,0.02,0.05,SPY210609P00410000,410.0,0,0.0,0.0,,0.0,normalDay
2021-06-08,6863.0,-2.0,0.0,0,422.28,0.0,1,0.02,0.04,SPY210609P00410000,410.0,0,0.0,0.0,,0.0,normalDay
2021-06-09,6865.0,0.0,2.0,0,421.65,0.0,1,0.02,0.0,SPY210609P00410000,410.0,0,0.0,0.0,,0.0,expirationDay
2021-06-10,6865.0,0.0,0.0,0,423.61,0.0,0,0.0,0.0,,0.0,0,0.0,0.0,,0.0,bidTooLow
2021-06-11,6865.0,-3.0,0.0,0,424.31,0.0,1,0.04,0.07,SPY210614P00414000,414.0,0,0.0,0.0,,0.0,normalDay
2021-06-14,6869.0,0.0,4.0,0,425.26,0.0,1,0.04,0.0,SPY210614P00414000,414.0,0,0.0,0.0,,0.0,expirationDay
2021-06-15,6869.0,-3.0,0.0,0,424.48,0.0,1,0.52,0.55,SPY210618P00414000,414.0,0,0.0,0.0,,0.0,normalDay
2021-06-16,6869.0,-25.0,0.0,0,422.11,0.0,1,0.52,0.77,SPY210618P00414000,414.0,0,0.0,0.0,,0.0,normalDay
2021-06-17,6869.0,25.0,0.0,0,421.97,0.0,1,0.52,0.27,SPY210618P00414000,414.0,0,0.0,0.0,,0.0,normalDay
2021-06-18,6921.0,0.0,52.0,0,414.92,0.0,1,0.52,0.0,SPY210618P00414000,414.0,0,0.0,0.0,,0.0,expirationDay
2021-06-21,6921.0,-3.0,0.0,0,420.86,0.0,1,0.66,0.69,SPY210623P00418000,418.0,0,0.0,0.0,,0.0,normalDay
2021-06-22,6921.0,52.0,0.0,0,423.11,0.0,1,0.66,0.14,SPY210623P00418000,418.0,0,0.0,0.0,,0.0,normalDay
2021-06-23,6987.0,0.0,66.0,0,422.6,0.0,1,0.66,0.0,SPY210623P00418000,418.0,0,0.0,0.0,,0.0,expirationDay
2021-06-24,6987.0,-3.0,0.0,0,425.1,0.0,1,0.03,0.06,SPY210625P00418000,418.0,0,0.0,0.0,,0.0,normalDay
2021-06-25,6990.0,0.0,3.0,0,426.61,0.0,1,0.03,0.0,SPY210625P00418000,418.0,0,0.0,0.0,,0.0,expirationDay
2021-06-28,6990.0,-3.0,0.0,0,427.47,0.0,1,0.07,0.1,SPY210630P00419000,419.0,0,0.0,0.0,,0.0,normalDay
2021-06-29,6990.0,2.0,0.0,0,427.7,0.0,1,0.07,0.05,SPY210630P00419000,419.0,0,0.0,0.0,,0.0,normalDay
2021-06-30,6997.0,0.0,7.0,0,428.06,0.0,1,0.07,0.0,SPY210630P00419000,419.0,0,0.0,0.0,,0.0,expirationDay
2021-07-01,6997.0,-3.0,0.0,0,430.43,0.0,1,0.01,0.04,SPY210702P00419000,419.0,0,0.0,0.0,,0.0,normalDay
2021-07-02,6998.0,0.0,1.0,0,433.72,0.0,1,0.01,0.0,SPY210702P00419000,419.0,0,0.0,0.0,,0.0,expirationDay
2021-07-06,6998.0,-3.0,0.0,0,432.93,0.0,1,0.05,0.08,SPY210709P00419000,419.0,0,0.0,0.0,,0.0,normalDay
2021-07-07,6998.0,2.0,0.0,0,434.46,0.0,1,0.05,0.03,SPY210709P00419000,419.0,0,0.0,0.0,,0.0,normalDay
2021-07-08,6998.0,1.0,0.0,0,430.92,0.0,1,0.05,0.04,SPY210709P00419000,419.0,0,0.0,0.0,,0.0,normalDay
2021-07-09,7003.0,0.0,5.0,0,435.52,0.0,1,0.05,0.0,SPY210709P00419000,419.0,0,0.0,0.0,,0.0,expirationDay
2021-07-12,7003.0,-3.0,0.0,0,437.08,0.0,1,0.02,0.05,SPY210714P00419000,419.0,0,0.0,0.0,,0.0,normalDay
2021-07-13,7003.0,-3.0,0.0,0,435.59,0.0,1,0.02,0.05,SPY210714P00419000,419.0,0,0.0,0.0,,0.0,normalDay
2021-07-14,7005.0,0.0,2.0,0,436.24,0.0,1,0.02,0.0,SPY210714P00419000,419.0,0,0.0,0.0,,0.0,expirationDay
2021-07-15,7005.0,-3.0,0.0,0,434.75,0.0,1,0.01,0.04,SPY210716P00420000,420.0,0,0.0,0.0,,0.0,normalDay
2021-07-16,7006.0,0.0,1.0,0,431.34,0.0,1,0.01,0.0,SPY210716P00420000,420.0,0,0.0,0.0,,0.0,expirationDay
2021-07-19,7006.0,-5.0,0.0,0,424.97,0.0,1,1.89,1.94,SPY210721P00423000,423.0,0,0.0,0.0,,0.0,normalDay
2021-07-20,7006.0,178.0,0.0,0,431.06,0.0,1,1.89,0.11,SPY210721P00423000,423.0,0,0.0,0.0,,0.0,normalDay
2021-07-21,7195.0,0.0,189.0,0,434.55,0.0,1,1.89,0.0,SPY210721P00423000,423.0,0,0.0,0.0,,0.0,expirationDay
2021-07-22,7195.0,-3.0,0.0,0,435.46,0.0,1,0.02,0.05,SPY210723P00426000,426.0,0,0.0,0.0,,0.0,normalDay
2021-07-23,7197.0,0.0,2.0,0,439.94,0.0,1,0.02,0.0,SPY210723P00426000,426.0,0,0.0,0.0,,0.0,expirationDay
2021-07-26,7197.0,-3.0,0.0,0,441.02,0.0,1,0.02,0.05,SPY210728P00427000,427.0,0,0.0,0.0,,0.0,normalDay
2021-07-27,7197.0,-4.0,0.0,0,439.01,0.0,1,0.02,0.06,SPY210728P00427000,427.0,0,0.0,0.0,,0.0,normalDay
2021-07-28,7199.0,0.0,2.0,0,438.83,0.0,1,0.02,0.0,SPY210728P00427000,427.0,0,0.0,0.0,,0.0,expirationDay
2021-07-29,7199.0,0.0,0.0,0,440.65,0.0,0,0.0,0.0,,0.0,0,0.0,0.0,,0.0,bidTooLow
2021-07-30,7199.0,-3.0,0.0,0,438.51,0.0,1,0.06,0.09,SPY210802P00430000,430.0,0,0.0,0.0,,0.0,normalDay
2021-08-02,7205.0,0.0,6.0,0,437.59,0.0,1,0.06,0.0,SPY210802P00430000,430.0,0,0.0,0.0,,0.0,expirationDay
2021-08-03,7205.0,-3.0,0.0,0,441.15,0.0,1,0.13,0.16,SPY210806P00430000,430.0,0,0.0,0.0,,0.0,normalDay
2021-08-04,7205.0,-2.0,0.0,0,438.98,0.0,1,0.13,0.15,SPY210806P00430000,430.0,0,0.0,0.0,,0.0,normalDay
2021-08-05,7205.0,9.0,0.0,0,441.76,0.0,1,0.13,0.04,SPY210806P00430000,430.0,0,0.0,0.0,,0.0,normalDay
2021-08-06,7218.0,0.0,13.0,0,442.49,0.0,1,0.13,0.0,SPY210806P00430000,430.0,0,0.0,0.0,,0.0,expirationDay
2021-08-09,7218.0,-3.0,0.0,0,442.13,0.0,1,0.03,0.06,SPY210811P00431000,431.0,0,0.0,0.0,,0.0,normalDay
2021-08-10,7218.0,-1.0,0.0,0,442.68,0.0,1,0.03,0.04,SPY210811P00431000,431.0,0,0.0,0.0,,0.0,normalDay
2021-08-11,7221.0,0.0,3.0,0,443.78,0.0,1,0.03,0.0,SPY210811P00431000,431.0,0,0.0,0.0,,0.0,expirationDay
2021-08-12,7221.0,-3.0,0.0,0,445.11,0.0,1,0.02,0.05,SPY210813P00432000,432.0,0,0.0,0.0,,0.0,normalDay
2021-08-13,7223.0,0.0,2.0,0,445.92,0.0,1,0.02,0.0,SPY210813P00432000,432.0,0,0.0,0.0,,0.0,expirationDay
2021-08-16,7223.0,-3.0,0.0,0,446.97,0.0,1,0.06,0.09,SPY210818P00435000,435.0,0,0.0,0.0,,0.0,normalDay
2021-08-17,7223.0,-5.0,0.0,0,444.04,0.0,1,0.06,0.11,SPY210818P00435000,435.0,0,0.0,0.0,,0.0,normalDay
2021-08-18,7229.0,0.0,6.0,0,439.18,0.0,1,0.06,0.0,SPY210818P00435000,435.0,0,0.0,0.0,,0.0,expirationDay
2021-08-19,7229.0,-5.0,0.0,0,439.86,0.0,1,0.98,1.03,SPY210820P00438000,438.0,0,0.0,0.0,,0.0,normalDay
2021-08-20,7327.0,0.0,98.0,0,443.36,0.0,1,0.98,0.0,SPY210820P00438000,438.0,0,0.0,0.0,,0.0,expirationDay
2021-08-23,7327.0,-3.0,0.0,0,447.26,0.0,1,0.06,0.09,SPY210825P00438000,438.0,0,0.0,0.0,,0.0,normalDay
2021-08-24,7327.0,1.0,0.0,0,447.97,0.0,1,0.06,0.05,SPY210825P00438000,438.0,0,0.0,0.0,,0.0,normalDay
2021-08-25,7333.0,0.0,6.0,0,448.91,0.0,1,0.06,0.0,SPY210825P00438000,438.0,0,0.0,0.0,,0.0,expirationDay
2021-08-26,7333.0,-3.0,0.0,0,446.26,0.0,1,0.1,0.13,SPY210827P00438000,438.0,0,0.0,0.0,,0.0,normalDay
2021-08-27,7343.0,0.0,10.0,0,450.25,0.0,1,0.1,0.0,SPY210827P00438000,438.0,0,0.0,0.0,,0.0,expirationDay
2021-08-30,7343.0,-3.0,0.0,0,452.23,0.0,1,0.03,0.06,SPY210901P00439000,439.0,0,0.0,0.0,,0.0,normalDay
2021-08-31,7343.0,-1.0,0.0,0,451.56,0.0,1,0.03,0.04,SPY210901P00439000,439.0,0,0.0,0.0,,0.0,normalDay
2021-09-01,7346.0,0.0,3.0,0,451.8,0.0,1,0.03,0.0,SPY210901P00439000,439.0,0,0.0,0.0,,0.0,expirationDay
2021-09-02,7346.0,-3.0,0.0,0,453.19,0.0,1,0.01,0.04,SPY210903P00440000,440.0,0,0.0,0.0,,0.0,normalDay
2021-09-03,7347.0,0.0,1.0,0,453.08,0.0,1,0.01,0.0,SPY210903P00440000,440.0,0,0.0,0.0,,0.0,expirationDay
2021-09-07,7347.0,-3.0,0.0,0,451.46,0.0,1,0.22,0.25,SPY210910P00441000,441.0,0,0.0,0.0,,0.0,normalDay
2021-09-08,7347.0,9.0,0.0,0,450.91,0.0,1,0.22,0.13,SPY210910P00441000,441.0,0,0.0,0.0,,0.0,normalDay
2021-09-09,7347.0,12.0,0.0,0,448.98,0.0,1,0.22,0.1,SPY210910P00441000,441.0,0,0.0,0.0,,0.0,normalDay
2021-09-10,7369.0,0.0,22.0,0,445.44,0.0,1,0.22,0.0,SPY210910P00441000,441.0,0,0.0,0.0,,0.0,expirationDay
2021-09-13,7369.0,-3.0,0.0,0,446.58,0.0,1,0.81,0.84,SPY210915P00442000,442.0,0,0.0,0.0,,0.0,normalDay
2021-09-14,7369.0,12.0,0.0,0,444.17,0.0,1,0.81,0.69,SPY210915P00442000,442.0,0,0.0,0.0,,0.0,normalDay
2021-09-15,7450.0,0.0,81.0,0,447.88,0.0,1,0.81,0.0,SPY210915P00442000,442.0,0,0.0,0.0,,0.0,expirationDay
2021-09-16,7450.0,-3.0,0.0,0,447.17,0.0,1,0.45,0.48,SPY210917P00443000,443.0,0,0.0,0.0,,0.0,normalDay
2021-09-17,7495.0,-160.0,45.0,100,441.4,443.0,1,0.45,0.0,SPY210917P00443000,443.0,0,0.0,0.0,,0.0,expirationDay
2021-09-20,7495.0,-896.0,0.0,100,434.04,443.0,0,0.0,0.0,,0.0,0,0.0,0.0,,0.0,bidTooLow
2021-09-21,7495.0,-937.0,0.0,100,433.63,443.0,0,0.0,0.0,,0.0,0,0.0,0.0,,0.0,bidTooLow
2021-09-22,7495.0,-514.0,0.0,100,437.86,443.0,0,0.0,0.0,,0.0,0,0.0,0.0,,0.0,bidTooLow
2021-09-23,7495.0,18.0,0.0,100,443.18,443.0,0,0.0,0.0,,0.0,0,0.0,0.0,,0.0,bidTooLow
2021-09-24,7495.0,91.0,0.0,100,443.91,443.0,0,0.0,0.0,,0.0,0,0.0,0.0,,0.0,bidTooLow
2021-09-27,7495.0,-39.0,0.0,100,442.64,443.0,0,0.0,0.0,,0.0,1,0.03,0.06,SPY210930C00453000,453.0,normalDay
2021-09-28,7495.0,-928.0,0.0,100,433.72,443.0,0,0.0,0.0,,0.0,1,0.03,0.03,SPY210930C00453000,453.0,normalDay
2021-09-29,7495.0,-853.0,0.0,100,434.45,443.0,0,0.0,0.0,,0.0,1,0.03,0.01,SPY210930C00453000,453.0,normalDay
2021-09-30,7498.0,-1386.0,3.0,100,429.14,443.0,0,0.0,0.0,,0.0,1,0.03,0.0,SPY210930C00453000,453.0,expirationDay
2021-10-01,7498.0,-876.0,0.0,100,434.24,443.0,0,0.0,0.0,,0.0,0,0.0,0.0,,0.0,bidTooLow
2021-10-04,7498.0,-1436.0,0.0,100,428.64,443.0,0,0.0,0.0,,0.0,0,0.0,0.0,,0.0,bidTooLow
2021-10-05,7498.0,-993.0,0.0,100,433.1,443.0,0,0.0,0.0,,0.0,1,0.02,0.05,SPY211008C00448000,448.0,normalDay
2021-10-06,7498.0,-812.0,0.0,100,434.9,443.0,0,0.0,0.0,,0.0,1,0.02,0.04,SPY211008C00448000,448.0,normalDay
2021-10-07,7498.0,-435.0,0.0,100,438.66,443.0,0,0.0,0.0,,0.0,1,0.02,0.03,SPY211008C00448000,448.0,normalDay
2021-10-08,7500.0,-514.0,2.0,100,437.86,443.0,0,0.0,0.0,,0.0,1,0.02,0.0,SPY211008C00448000,448.0,expirationDay
2021-10-11,7500.0,-834.0,0.0,100,434.69,443.0,0,0.0,0.0,,0.0,1,0.04,0.07,SPY211013C00445000,445.0,normalDay
2021-10-12,7500.0,-936.0,0.0,100,433.62,443.0,0,0.0,0.0,,0.0,1,0.04,0.02,SPY211013C00445000,445.0,normalDay
2021-10-13,7504.0,-782.0,4.0,100,435.18,443.0,0,0.0,0.0,,0.0,1,0.04,0.0,SPY211013C00445000,445.0,expirationDay
2021-10-14,7504.0,-53.0,0.0,100,442.5,443.0,0,0.0,0.0,,0.0,1,1.51,1.54,SPY211015C00442000,442.0,normalDay
2021-10-15,7555.0,-53.0,51.0,0,445.87,0.0,0,0.0,0.0,,0.0,1,1.51,0.0,SPY211015C00442000,442.0,expirationDay
2021-10-18,7555.0,-3.0,0.0,0,447.19,0.0,1,0.01,0.04,SPY211020P00430000,430.0,0,0.0,0.0,,0.0,normalDay
2021-10-19,7555.0,-1.0,0.0,0,450.64,0.0,1,0.01,0.02,SPY211020P00430000,430.0,0,0.0,0.0,,0.0,normalDay
2021-10-20,7556.0,0.0,1.0,0,452.41,0.0,1,0.01,0.0,SPY211020P00430000,430.0,0,0.0,0.0,,0.0,expirationDay
2021-10-21,7556.0,0.0,0.0,0,453.59,0.0,0,0.0,0.0,,0.0,0,0.0,0.0,,0.0,bidTooLow
2021-10-22,7556.0,0.0,0.0,0,453.12,0.0,0,0.0,0.0,,0.0,0,0.0,0.0,,0.0,bidTooLow
2021-10-25,7556.0,0.0,0.0,0,455.55,0.0,0,0.0,0.0,,0.0,0,0.0,0.0,,0.0,bidTooLow
2021-10-26,7556.0,-3.0,0.0,0,455.96,0.0,1,0.02,0.05,SPY211029P00429000,429.0,0,0.0,0.0,,0.0,normalDay
2021-10-27,7556.0,-2.0,0.0,0,453.94,0.0,1,0.02,0.04,SPY211029P00429000,429.0,0,0.0,0.0,,0.0,normalDay
2021-10-28,7556.0,0.0,0.0,0,458.32,0.0,1,0.02,0.02,SPY211029P00429000,429.0,0,0.0,0.0,,0.0,normalDay
2021-10-29,7558.0,0.0,2.0,0,459.25,0.0,1,0.02,0.0,SPY211029P00429000,429.0,0,0.0,0.0,,0.0,expirationDay
2021-11-01,7558.0,0.0,0.0,0,460.04,0.0,0,0.0,0.0,,0.0,0,0.0,0.0,,0.0,bidTooLow
2021-11-02,7558.0,-3.0,0.0,0,461.9,0.0,1,0.03,0.06,SPY211105P00435000,435.0,0,0.0,0.0,,0.0,normalDay
2021-11-03,7558.0,0.0,0.0,0,464.72,0.0,1,0.03,0.03,SPY211105P00435000,435.0,0,0.0,0.0,,0.0,normalDay
2021-11-04,7558.0,1.0,0.0,0,466.91,0.0,1,0.03,0.02,SPY211105P00435000,435.0,0,0.0,0.0,,0.0,normalDay
2021-11-05,7561.0,0.0,3.0,0,468.53,0.0,1,0.03,0.0,SPY211105P00435000,435.0,0,0.0,0.0,,0.0,expirationDay
2021-11-08,7561.0,0.0,0.0,0,468.93,0.0,0,0.0,0.0,,0.0,0,0.0,0.0,,0.0,bidTooLow
2021-11-09,7561.0,-3.0,0.0,0,467.38,0.0,1,0.02,0.05,SPY211112P00443000,443.0,0,0.0,0.0,,0.0,normalDay
2021-11-10,7561.0,-3.0,0.0,0,463.62,0.0,1,0.02,0.05,SPY211112P00443000,443.0,0,0.0,0.0,,0.0,normalDay
2021-11-11,7561.0,0.0,0.0,0,463.77,0.0,1,0.02,0.02,SPY211112P00443000,443.0,0,0.0,0.0,,0.0,normalDay
2021-11-12,7563.0,0.0,2.0,0,467.27,0.0,1,0.02,0.0,SPY211112P00443000,443.0,0,0.0,0.0,,0.0,expirationDay
2021-11-15,7563.0,-3.0,0.0,0,467.43,0.0,1,0.01,0.04,SPY211117P00452000,452.0,0,0.0,0.0,,0.0,normalDay
2021-11-16,7563.0,-2.0,0.0,0,469.28,0.0,1,0.01,0.03,SPY211117P00452000,452.0,0,0.0,0.0,,0.0,normalDay
2021-11-17,7564.0,0.0,1.0,0,468.14,0.0,1,0.01,0.0,SPY211117P00452000,452.0,0,0.0,0.0,,0.0,expirationDay
2021-11-18,7564.0,-3.0,0.0,0,469.73,0.0,1,0.01,0.04,SPY211119P00455000,455.0,0,0.0,0.0,,0.0,normalDay
2021-11-19,7565.0,0.0,1.0,0,468.89,0.0,1,0.01,0.0,SPY211119P00455000,455.0,0,0.0,0.0,,0.0,expirationDay
2021-11-22,7565.0,-3.0,0.0,0,467.57,0.0,1,0.22,0.25,SPY211124P00458000,458.0,0,0.0,0.0,,0.0,normalDay
2021-11-23,7565.0,14.0,0.0,0,468.19,0.0,1,0.22,0.08,SPY211124P00458000,458.0,0,0.0,0.0,,0.0,normalDay
2021-11-24,7587.0,0.0,22.0,0,469.44,0.0,1,0.22,0.0,SPY211124P00458000,458.0,0,0.0,0.0,,0.0,expirationDay
2021-11-26,7587.0,-46.0,0.0,0,458.97,0.0,1,4.94,5.4,SPY211129P00461000,461.0,0,0.0,0.0,,0.0,normalDay
2021-11-29,8081.0,0.0,494.0,0,464.6,0.0,1,4.94,0.0,SPY211129P00461000,461.0,0,0.0,0.0,,0.0,expirationDay
2021-11-30,8081.0,-18.0,0.0,0,455.56,0.0,1,5.48,5.66,SPY211203P00461000,461.0,0,0.0,0.0,,0.0,normalDay
2021-12-01,8081.0,-575.0,0.0,0,450.5,0.0,1,5.48,11.23,SPY211203P00461000,461.0,0,0.0,0.0,,0.0,normalDay
2021-12-02,8081.0,92.0,0.0,0,457.4,0.0,1,5.48,4.56,SPY211203P00461000,461.0,0,0.0,0.0,,0.0,normalDay
2021-12-03,8629.0,-758.0,548.0,100,453.42,461.0,1,5.48,0.0,SPY211203P00461000,461.0,0,0.0,0.0,,0.0,expirationDay
2021-12-06,8629.0,-224.0,0.0,100,458.79,461.0,0,0.0,0.0,,0.0,1,0.01,0.04,SPY211208C00471000,471.0,normalDay
2021-12-07,8629.0,683.0,0.0,100,468.28,461.0,0,0.0,0.0,,0.0,1,0.01,0.46,SPY211208C00471000,471.0,normalDay
2021-12-08,8630.0,852.0,1.0,100,469.52,461.0,0,0.0,0.0,,0.0,1,0.01,0.0,SPY211208C00471000,471.0,expirationDay
2021-12-09,8630.0,532.0,0.0,100,466.35,461.0,0,0.0,0.0,,0.0,1,0.17,0.2,SPY211210C00471000,471.0,normalDay
2021-12-10,8647.0,974.0,17.0,100,470.74,461.0,0,0.0,0.0,,0.0,1,0.17,0.0,SPY211210C00471000,471.0,expirationDay
2021-12-13,8647.0,554.0,0.0,100,466.57,461.0,0,0.0,0.0,,0.0,1,0.45,0.48,SPY211215C00472000,472.0,normalDay
2021-12-14,8647.0,274.0,0.0,100,463.36,461.0,0,0.0,0.0,,0.0,1,0.45,0.07,SPY211215C00472000,472.0,normalDay
2021-12-15,8692.0,960.0,45.0,100,470.6,461.0,0,0.0,0.0,,0.0,1,0.45,0.0,SPY211215C00472000,472.0,expirationDay
2021-12-16,8692.0,542.0,0.0,100,466.45,461.0,0,0.0,0.0,,0.0,1,0.16,0.19,SPY211217C00472000,472.0,normalDay
2021-12-17,8708.0,-113.0,16.0,100,459.87,461.0,0,0.0,0.0,,0.0,1,0.16,0.0,SPY211217C00472000,472.0,expirationDay
2021-12-20,8708.0,-605.0,0.0,100,454.98,461.0,0,0.0,0.0,,0.0,1,0.06,0.09,SPY211223C00471000,471.0,normalDay
2021-12-21,8708.0,194.0,0.0,100,463.06,461.0,0,0.0,0.0,,0.0,1,0.06,0.18,SPY211223C00471000,471.0,normalDay
2021-12-22,8708.0,655.0,0.0,100,467.69,461.0,0,0.0,0.0,,0.0,1,0.06,0.2,SPY211223C00471000,471.0,normalDay
2021-12-23,8714.0,960.0,6.0,100,470.6,461.0,0,0.0,0.0,,0.0,1,0.06,0.0,SPY211223C00471000,471.0,expirationDay
2021-12-27,8714.0,1612.0,0.0,100,477.26,461.0,0,0.0,0.0,,0.0,1,5.56,5.7,SPY211229C00472000,472.0,normalDay
2021-12-28,8714.0,1585.0,0.0,100,476.87,461.0,0,0.0,0.0,,0.0,1,5.56,5.58,SPY211229C00472000,472.0,normalDay
2021-12-29,10370.0,1585.0,1656.0,0,477.48,0.0,0,0.0,0.0,,0.0,1,5.56,0.0,SPY211229C00472000,472.0,expirationDay
2021-12-30,10370.0,-3.0,0.0,0,476.16,0.0,1,0.01,0.04,SPY211231P00457000,457.0,0,0.0,0.0,,0.0,normalDay
2021-12-31,10371.0,0.0,1.0,0,474.96,0.0,1,0.01,0.0,SPY211231P00457000,457.0,0,0.0,0.0,,0.0,expirationDay
2022-01-03,10371.0,0.0,0.0,0,477.71,0.0,0,0.0,0.0,,0.0,0,0.0,0.0,,0.0,bidTooLow
2022-01-04,10371.0,-3.0,0.0,0,477.55,0.0,1,0.04,0.07,SPY220107P00461000,461.0,0,0.0,0.0,,0.0,normalDay
2022-01-05,10371.0,-55.0,0.0,0,468.38,0.0,1,0.04,0.59,SPY220107P00461000,461.0,0,0.0,0.0,,0.0,normalDay
2022-01-06,10371.0,-14.0,0.0,0,467.94,0.0,1,0.04,0.18,SPY220107P00461000,461.0,0,0.0,0.0,,0.0,normalDay
2022-01-07,10375.0,0.0,4.0,0,466.09,0.0,1,0.04,0.0,SPY220107P00461000,461.0,0,0.0,0.0,,0.0,expirationDay
2022-01-10,10375.0,-3.0,0.0,0,465.51,0.0,1,0.89,0.92,SPY220112P00460000,460.0,0,0.0,0.0,,0.0,normalDay
2022-01-11,10375.0,76.0,0.0,0,469.75,0.0,1,0.89,0.13,SPY220112P00460000,460.0,0,0.0,0.0,,0.0,normalDay
2022-01-12,10464.0,0.0,89.0,0,471.02,0.0,1,0.89,0.0,SPY220112P00460000,460.0,0,0.0,0.0,,0.0,expirationDay
2022-01-13,10464.0,-3.0,0.0,0,464.53,0.0,1,0.84,0.87,SPY220114P00461000,461.0,0,0.0,0.0,,0.0,normalDay
2022-01-14,10548.0,0.0,84.0,0,464.72,0.0,1,0.84,0.0,SPY220114P00461000,461.0,0,0.0,0.0,,0.0,expirationDay
2022-01-18,10548.0,-10.0,0.0,0,456.49,0.0,1,5.87,5.97,SPY220121P00460000,460.0,0,0.0,0.0,,0.0,normalDay
2022-01-19,10548.0,-263.0,0.0,0,451.75,0.0,1,5.87,8.5,SPY220121P00460000,460.0,0,0.0,0.0,,0.0,normalDay
2022-01-20,10548.0,-804.0,0.0,0,446.75,0.0,1,5.87,13.91,SPY220121P00460000,460.0,0,0.0,0.0,,0.0,normalDay
2022-01-21,11135.0,-2202.0,587.0,100,437.98,460.0,1,5.87,0.0,SPY220121P00460000,460.0,0,0.0,0.0,,0.0,expirationDay
2022-01-24,11135.0,-2016.0,0.0,100,439.84,460.0,0,0.0,0.0,,0.0,0,0.0,0.0,,0.0,bidTooLow
2022-01-25,11135.0,-2553.0,0.0,100,434.47,460.0,0,0.0,0.0,,0.0,0,0.0,0.0,,0.0,bidTooLow
2022-01-26,11135.0,-2662.0,0.0,100,433.38,460.0,0,0.0,0.0,,0.0,0,0.0,0.0,,0.0,bidTooLow
2022-01-27,11135.0,-2876.0,0.0,100,431.24,460.0,0,0.0,0.0,,0.0,0,0.0,0.0,,0.0,bidTooLow
2022-01-28,11135.0,-1805.0,0.0,100,441.95,460.0,0,0.0,0.0,,0.0,0,0.0,0.0,,0.0,bidTooLow
2022-01-31,11135.0,-1009.0,0.0,100,449.91,460.0,0,0.0,0.0,,0.0,0,0.0,0.0,,0.0,bidTooLow
2022-02-01,11135.0,-705.0,0.0,100,452.95,460.0,0,0.0,0.0,,0.0,0,0.0,0.0,,0.0,bidTooLow
2022-02-02,11135.0,-268.0,0.0,100,457.35,460.0,0,0.0,0.0,,0.0,1,0.01,0.04,SPY220204C00470000,470.0,normalDay
2022-02-03,11135.0,-1341.0,0.0,100,446.6,460.0,0,0.0,0.0,,0.0,1,0.01,0.02,SPY220204C00470000,470.0,normalDay
2022-02-04,11136.0,-1130.0,1.0,100,448.7,460.0,0,0.0,0.0,,0.0,1,0.01,0.0,SPY220204C00470000,470.0,expirationDay
2022-02-07,11136.0,-1274.0,0.0,100,447.26,460.0,0,0.0,0.0,,0.0,0,0.0,0.0,,0.0,bidTooLow
2022-02-08,11136.0,-909.0,0.0,100,450.94,460.0,0,0.0,0.0,,0.0,1,0.11,0.14,SPY220211C00464000,464.0,normalDay
2022-02-09,11136.0,-296.0,0.0,100,457.54,460.0,0,0.0,0.0,,0.0,1,0.11,0.61,SPY220211C00464000,464.0,normalDay
2022-02-10,11136.0,-1059.0,0.0,100,449.32,460.0,0,0.0,0.0,,0.0,1,0.11,0.02,SPY220211C00464000,464.0,normalDay
2022-02-11,11147.0,-1954.0,11.0,100,440.46,460.0,0,0.0,0.0,,0.0,1,0.11,0.0,SPY220211C00464000,464.0,expirationDay
2022-02-14,11147.0,-2101.0,0.0,100,439.02,460.0,0,0.0,0.0,,0.0,1,0.06,0.09,SPY220216C00455000,455.0,normalDay
2022-02-15,11147.0,-1391.0,0.0,100,446.1,460.0,0,0.0,0.0,,0.0,1,0.06,0.07,SPY220216C00455000,455.0,normalDay
2022-02-16,11153.0,-1340.0,6.0,100,446.6,460.0,0,0.0,0.0,,0.0,1,0.06,0.0,SPY220216C00455000,455.0,expirationDay
2022-02-17,11153.0,-2294.0,0.0,100,437.06,460.0,0,0.0,0.0,,0.0,0,0.0,0.0,,0.0,bidTooLow
2022-02-18,11153.0,-2577.0,0.0,100,434.23,460.0,0,0.0,0.0,,0.0,0,0.0,0.0,,0.0,bidTooLow
2022-02-22,11153.0,-3046.0,0.0,100,429.57,460.0,0,0.0,0.0,,0.0,1,0.01,0.04,SPY220225C00454000,454.0,normalDay
2022-02-23,11153.0,-3806.0,0.0,100,421.95,460.0,0,0.0,0.0,,0.0,1,0.01,0.02,SPY220225C00454000,454.0,normalDay
2022-02-24,11153.0,-3171.0,0.0,100,428.3,460.0,0,0.0,0.0,,0.0,1,0.01,0.02,SPY220225C00454000,454.0,normalDay
2022-02-25,11154.0,-2225.0,1.0,100,437.75,460.0,0,0.0,0.0,,0.0,1,0.01,0.0,SPY220225C00454000,454.0,expirationDay
2022-02-28,11154.0,-2340.0,0.0,100,436.63,460.0,0,0.0,0.0,,0.0,1,0.03,0.06,SPY220302C00455000,455.0,normalDay
2022-03-01,11154.0,-3000.0,0.0,100,429.98,460.0,0,0.0,0.0,,0.0,1,0.03,0.01,SPY220302C00455000,455.0,normalDay
2022-03-02,11157.0,-2211.0,3.0,100,437.89,460.0,0,0.0,0.0,,0.0,1,0.03,0.0,SPY220302C00455000,455.0,expirationDay
2022-03-03,11157.0,-2429.0,0.0,100,435.71,460.0,0,0.0,0.0,,0.0,0,0.0,0.0,,0.0,bidTooLow
2022-03-04,11157.0,-2783.0,0.0,100,432.17,460.0,0,0.0,0.0,,0.0,0,0.0,0.0,,0.0,bidTooLow
2022-03-07,11157.0,-4057.0,0.0,100,419.43,460.0,0,0.0,0.0,,0.0,0,0.0,0.0,,0.0,bidTooLow
2022-03-08,11157.0,-4378.0,0.0,100,416.25,460.0,0,0.0,0.0,,0.0,1,0.01,0.04,SPY220311C00449000,449.0,normalDay
2022-03-09,11157.0,-3262.0,0.0,100,427.41,460.0,0,0.0,0.0,,0.0,1,0.01,0.04,SPY220311C00449000,449.0,normalDay
2022-03-10,11157.0,-3452.0,0.0,100,425.48,460.0,0,0.0,0.0,,0.0,1,0.01,0.01,SPY220311C00449000,449.0,normalDay
2022-03-11,11158.0,-3993.0,1.0,100,420.07,460.0,0,0.0,0.0,,0.0,1,0.01,0.0,SPY220311C00449000,449.0,expirationDay
2022-03-14,11158.0,-4303.0,0.0,100,417.0,460.0,0,0.0,0.0,,0.0,1,0.01,0.04,SPY220316C00442000,442.0,normalDay
2022-03-15,11158.0,-3386.0,0.0,100,426.17,460.0,0,0.0,0.0,,0.0,1,0.01,0.04,SPY220316C00442000,442.0,normalDay
2022-03-16,11159.0,-2438.0,1.0,100,435.62,460.0,0,0.0,0.0,,0.0,1,0.01,0.0,SPY220316C00442000,442.0,expirationDay
2022-03-17,11159.0,-1898.0,0.0,100,441.07,460.0,0,0.0,0.0,,0.0,1,2.23,2.28,SPY220318C00439000,439.0,normalDay
2022-03-18,9282.0,-1898.0,-1877.0,0,444.52,0.0,0,0.0,0.0,,0.0,1,2.23,0.0,SPY220318C00439000,439.0,expirationDay
2022-03-21,9282.0,0.0,0.0,0,444.39,0.0,0,0.0,0.0,,0.0,0,0.0,0.0,,0.0,bidTooLow
2022-03-22,9282.0,-3.0,0.0,0,449.59,0.0,1,0.07,0.1,SPY220325P00418000,418.0,0,0.0,0.0,,0.0,normalDay
2022-03-23,9282.0,2.0,0.0,0,443.8,0.0,1,0.07,0.05,SPY220325P00418000,418.0,0,0.0,0.0,,0.0,normalDay
2022-03-24,9282.0,5.0,0.0,0,450.49,0.0,1,0.07,0.02,SPY220325P00418000,418.0,0,0.0,0.0,,0.0,normalDay
2022-03-25,9289.0,0.0,7.0,0,452.69,0.0,1,0.07,0.0,SPY220325P00418000,418.0,0,0.0,0.0,,0.0,expirationDay
2022-03-28,9289.0,-3.0,0.0,0,455.91,0.0,1,0.01,0.04,SPY220331P00418000,418.0,0,0.0,0.0,,0.0,normalDay
2022-03-29,9289.0,-1.0,0.0,0,461.55,0.0,1,0.01,0.02,SPY220331P00418000,418.0,0,0.0,0.0,,0.0,normalDay
2022-03-30,9289.0,0.0,0.0,0,458.7,0.0,1,0.01,0.01,SPY220331P00418000,418.0,0,0.0,0.0,,0.0,normalDay
2022-03-31,9290.0,0.0,1.0,0,451.64,0.0,1,0.01,0.0,SPY220331P00418000,418.0,0,0.0,0.0,,0.0,expirationDay
2022-04-01,9290.0,0.0,0.0,0,452.92,0.0,0,0.0,0.0,,0.0,0,0.0,0.0,,0.0,bidTooLow
2022-04-04,9290.0,0.0,0.0,0,456.8,0.0,0,0.0,0.0,,0.0,0,0.0,0.0,,0.0,bidTooLow
2022-04-05,9290.0,-3.0,0.0,0,451.03,0.0,1,0.03,0.06,SPY220408P00424000,424.0,0,0.0,0.0,,0.0,normalDay
2022-04-06,9290.0,-2.0,0.0,0,446.52,0.0,1,0.03,0.05,SPY220408P00424000,424.0,0,0.0,0.0,,0.0,normalDay
2022-04-07,9290.0,1.0,0.0,0,448.77,0.0,1,0.03,0.02,SPY220408P00424000,424.0,0,0.0,0.0,,0.0,normalDay
2022-04-08,9293.0,0.0,3.0,0,447.57,0.0,1,0.03,0.0,SPY220408P00424000,424.0,0,0.0,0.0,,0.0,expirationDay
2022-04-11,9293.0,-4.0,0.0,0,439.92,0.0,1,2.32,2.36,SPY220414P00436000,436.0,0,0.0,0.0,,0.0,normalDay
2022-04-12,9293.0,42.0,0.0,0,438.29,0.0,1,2.32,1.9,SPY220414P00436000,436.0,0,0.0,0.0,,0.0,normalDay
2022-04-13,9293.0,211.0,0.0,0,443.31,0.0,1,2.32,0.21,SPY220414P00436000,436.0,0,0.0,0.0,,0.0,normalDay
2022-04-14,9525.0,0.0,232.0,0,437.79,0.0,1,2.32,0.0,SPY220414P00436000,436.0,0,0.0,0.0,,0.0,expirationDay
2022-04-18,9525.0,-3.0,0.0,0,437.97,0.0,1,2.42,2.45,SPY220420P00439000,439.0,0,0.0,0.0,,0.0,normalDay
2022-04-19,9525.0,183.0,0.0,0,445.04,0.0,1,2.42,0.59,SPY220420P00439000,439.0,0,0.0,0.0,,0.0,normalDay
2022-04-20,9767.0,0.0,242.0,0,444.71,0.0,1,2.42,0.0,SPY220420P00439000,439.0,0,0.0,0.0,,0.0,expirationDay
2022-04-21,9767.0,-4.0,0.0,0,438.06,0.0,1,2.25,2.29,SPY220422P00438000,438.0,0,0.0,0.0,,0.0,normalDay
2022-04-22,9992.0,-1196.0,225.0,100,426.04,438.0,1,2.25,0.0,SPY220422P00438000,438.0,0,0.0,0.0,,0.0,expirationDay
2022-04-25,9992.0,-949.0,0.0,100,428.51,438.0,0,0.0,0.0,,0.0,0,0.0,0.0,,0.0,bidTooLow
2022-04-26,9992.0,-2190.0,0.0,100,416.1,438.0,0,0.0,0.0,,0.0,0,0.0,0.0,,0.0,bidTooLow
2022-04-27,9992.0,-2073.0,0.0,100,417.27,438.0,0,0.0,0.0,,0.0,0,0.0,0.0,,0.0,bidTooLow
2022-04-28,9992.0,-1019.0,0.0,100,427.81,438.0,0,0.0,0.0,,0.0,0,0.0,0.0,,0.0,bidTooLow
2022-04-29,9992.0,-2600.0,0.0,100,412.0,438.0,0,0.0,0.0,,0.0,0,0.0,0.0,,0.0,bidTooLow
2022-05-02,9992.0,-2352.0,0.0,100,414.48,438.0,0,0.0,0.0,,0.0,0,0.0,0.0,,0.0,bidTooLow
2022-05-03,9992.0,-2162.0,0.0,100,416.38,438.0,0,0.0,0.0,,0.0,0,0.0,0.0,,0.0,bidTooLow
2022-05-04,9992.0,-894.0,0.0,100,429.06,438.0,0,0.0,0.0,,0.0,0,0.0,0.0,,0.0,bidTooLow
2022-05-05,9992.0,-2419.0,0.0,100,413.81,438.0,0,0.0,0.0,,0.0,0,0.0,0.0,,0.0,bidTooLow
2022-05-06,9992.0,-2666.0,0.0,100,411.34,438.0,0,0.0,0.0,,0.0,0,0.0,0.0,,0.0,bidTooLow
2022-05-09,9992.0,-3983.0,0.0,100,398.17,438.0,0,0.0,0.0,,0.0,0,0.0,0.0,,0.0,bidTooLow
2022-05-10,9992.0,-3891.0,0.0,100,399.09,438.0,0,0.0,0.0,,0.0,0,0.0,0.0,,0.0,bidTooLow
2022-05-11,9992.0,-4525.0,0.0,100,392.75,438.0,0,0.0,0.0,,0.0,0,0.0,0.0,,0.0,bidTooLow
2022-05-12,9992.0,-4566.0,0.0,100,392.34,438.0,0,0.0,0.0,,0.0,0,0.0,0.0,,0.0,bidTooLow
2022-05-13,9992.0,-3628.0,0.0,100,401.72,438.0,0,0.0,0.0,,0.0,0,0.0,0.0,,0.0,bidTooLow
2022-05-16,9992.0,-3791.0,0.0,100,400.09,438.0,0,0.0,0.0,,0.0,0,0.0,0.0,,0.0,bidTooLow
2022-05-17,9992.0,-2968.0,0.0,100,408.32,438.0,0,0.0,0.0,,0.0,0,0.0,0.0,,0.0,bidTooLow
2022-05-18,9992.0,-4614.0,0.0,100,391.86,438.0,0,0.0,0.0,,0.0,0,0.0,0.0,,0.0,bidTooLow
2022-05-19,9992.0,-4854.0,0.0,100,389.46,438.0,0,0.0,0.0,,0.0,0,0.0,0.0,,0.0,bidTooLow
2022-05-20,9992.0,-4837.0,0.0,100,389.63,438.0,0,0.0,0.0,,0.0,0,0.0,0.0,,0.0,bidTooLow
2022-05-23,9992.0,-4108.0,0.0,100,396.92,438.0,0,0.0,0.0,,0.0,0,0.0,0.0,,0.0,bidTooLow
2022-05-24,9992.0,-4414.0,0.0,100,393.89,438.0,0,0.0,0.0,,0.0,1,0.02,0.05,SPY220527C00420000,420.0,normalDay
2022-05-25,9992.0,-4064.0,0.0,100,397.37,438.0,0,0.0,0.0,,0.0,1,0.02,0.03,SPY220527C00420000,420.0,normalDay
2022-05-26,9992.0,-3269.0,0.0,100,405.31,438.0,0,0.0,0.0,,0.0,1,0.02,0.02,SPY220527C00420000,420.0,normalDay
2022-05-27,9994.0,-2274.0,2.0,100,415.26,438.0,0,0.0,0.0,,0.0,1,0.02,0.0,SPY220527C00420000,420.0,expirationDay
2022-05-31,9994.0,-2510.0,0.0,100,412.93,438.0,0,0.0,0.0,,0.0,1,2.5,2.53,SPY220603C00416000,416.0,normalDay
2022-06-01,9994.0,-2687.0,0.0,100,409.59,438.0,0,0.0,0.0,,0.0,1,2.5,0.96,SPY220603C00416000,416.0,normalDay
2022-06-02,9994.0,-2116.0,0.0,100,417.39,438.0,0,0.0,0.0,,0.0,1,2.5,3.05,SPY220603C00416000,416.0,normalDay
2022-06-03,10244.0,-2746.0,250.0,100,410.54,438.0,0,0.0,0.0,,0.0,1,2.5,0.0,SPY220603C00416000,416.0,expirationDay
2022-06-06,10244.0,-2625.0,0.0,100,411.79,438.0,0,0.0,0.0,,0.0,1,2.23,2.27,SPY220608C00413000,413.0,normalDay
2022-06-07,10244.0,-2347.0,0.0,100,415.74,438.0,0,0.0,0.0,,0.0,1,2.23,3.44,SPY220608C00413000,413.0,normalDay
2022-06-08,10467.0,-2678.0,223.0,100,411.22,438.0,0,0.0,0.0,,0.0,1,2.23,0.0,SPY220608C00413000,413.0,expirationDay
2022-06-09,10467.0,-3659.0,0.0,100,401.44,438.0,0,0.0,0.0,,0.0,1,0.14,0.17,SPY220610C00415000,415.0,normalDay
2022-06-10,10481.0,-4820.0,14.0,100,389.8,438.0,0,0.0,0.0,,0.0,1,0.14,0.0,SPY220610C00415000,415.0,expirationDay
2022-06-13,10481.0,-6300.0,0.0,100,375.0,438.0,0,0.0,0.0,,0.0,0,0.0,0.0,,0.0,bidTooLow
2022-06-14,10481.0,-6413.0,0.0,100,373.87,438.0,0,0.0,0.0,,0.0,0,0.0,0.0,,0.0,bidTooLow
2022-06-15,10481.0,-5880.0,0.0,100,379.2,438.0,0,0.0,0.0,,0.0,0,0.0,0.0,,0.0,bidTooLow
2022-06-16,10481.0,-7135.0,0.0,100,366.65,438.0,0,0.0,0.0,,0.0,0,0.0,0.0,,0.0,bidTooLow
2022-06-17,10481.0,-7214.0,0.0,100,365.86,438.0,0,0.0,0.0,,0.0,0,0.0,0.0,,0.0,bidTooLow
2022-06-21,10481.0,-6293.0,0.0,100,375.07,438.0,0,0.0,0.0,,0.0,0,0.0,0.0,,0.0,bidTooLow
2022-06-22,10481.0,-6361.0,0.0,100,374.39,438.0,0,0.0,0.0,,0.0,0,0.0,0.0,,0.0,bidTooLow
2022-06-23,10481.0,-5994.0,0.0,100,378.06,438.0,0,0.0,0.0,,0.0,0,0.0,0.0,,0.0,bidTooLow
2022-06-24,10481.0,-4792.0,0.0,100,390.08,438.0,0,0.0,0.0,,0.0,0,0.0,0.0,,0.0,bidTooLow
2022-06-27,10481.0,-4944.0,0.0,100,388.59,438.0,0,0.0,0.0,,0.0,1,0.03,0.06,SPY220630C00415000,415.0,normalDay
2022-06-28,10481.0,-5734.0,0.0,100,380.65,438.0,0,0.0,0.0,,0.0,1,0.03,0.02,SPY220630C00415000,415.0,normalDay
2022-06-29,10481.0,-5764.0,0.0,100,380.34,438.0,0,0.0,0.0,,0.0,1,0.03,0.01,SPY220630C00415000,415.0,normalDay
2022-06-30,10484.0,-6075.0,3.0,100,377.25,438.0,0,0.0,0.0,,0.0,1,0.03,0.0,SPY220630C00415000,415.0,expirationDay
2022-07-01,10484.0,-5676.0,0.0,100,381.24,438.0,0,0.0,0.0,,0.0,0,0.0,0.0,,0.0,bidTooLow
2022-07-05,10484.0,-5607.0,0.0,100,381.96,438.0,0,0.0,0.0,,0.0,1,0.02,0.05,SPY220708C00402500,402.5,normalDay
2022-07-06,10484.0,-5475.0,0.0,100,383.25,438.0,0,0.0,0.0,,0.0,1,0.02,0.02,SPY220708C00402500,402.5,normalDay
2022-07-07,10484.0,-4901.0,0.0,100,388.99,438.0,0,0.0,0.0,,0.0,1,0.02,0.02,SPY220708C00402500,402.5,normalDay
2022-07-08,10486.0,-4933.0,2.0,100,388.67,438.0,0,0.0,0.0,,0.0,1,0.02,0.0,SPY220708C00402500,402.5,expirationDay
2022-07-11,10486.0,-5381.0,0.0,100,384.23,438.0,0,0.0,0.0,,0.0,1,1.4,1.44,SPY220713C00389000,389.0,normalDay
2022-07-12,10486.0,-5618.0,0.0,100,380.83,438.0,0,0.0,0.0,,0.0,1,1.4,0.41,SPY220713C00389000,389.0,normalDay
2022-07-13,10626.0,-5917.0,140.0,100,378.83,438.0,0,0.0,0.0,,0.0,1,1.4,0.0,SPY220713C00389000,389.0,expirationDay
2022-07-14,10626.0,-6012.0,0.0,100,377.91,438.0,0,0.0,0.0,,0.0,1,0.06,0.09,SPY220715C00388000,388.0,normalDay
2022-07-15,10632.0,-5287.0,6.0,100,385.13,438.0,0,0.0,0.0,,0.0,1,0.06,0.0,SPY220715C00388000,388.0,expirationDay
2022-07-18,10632.0,-5608.0,0.0,100,381.95,438.0,0,0.0,0.0,,0.0,1,0.59,0.62,SPY220720C00388000,388.0,normalDay
2022-07-19,10632.0,-5061.0,0.0,100,392.27,438.0,0,0.0,0.0,,0.0,1,0.59,5.47,SPY220720C00388000,388.0,normalDay
2022-07-20,5691.0,-5061.0,-4941.0,0,394.77,0.0,0,0.0,0.0,,0.0,1,0.59,0.0,SPY220720C00388000,388.0,expirationDay
2022-07-21,5691.0,0.0,0.0,0,398.79,0.0,0,0.0,0.0,,0.0,0,0.0,0.0,,0.0,bidTooLow
2022-07-22,5691.0,0.0,0.0,0,395.09,0.0,0,0.0,0.0,,0.0,0,0.0,0.0,,0.0,bidTooLow
2022-07-25,5691.0,-3.0,0.0,0,395.57,0.0,1,0.03,0.06,SPY220727P00377000,377.0,0,0.0,0.0,,0.0,normalDay
2022-07-26,5691.0,-3.0,0.0,0,390.89,0.0,1,0.03,0.06,SPY220727P00377000,377.0,0,0.0,0.0,,0.0,normalDay
2022-07-27,5694.0,0.0,3.0,0,401.04,0.0,1,0.03,0.0,SPY220727P00377000,377.0,0,0.0,0.0,,0.0,expirationDay
2022-07-28,5694.0,0.0,0.0,0,406.07,0.0,0,0.0,0.0,,0.0,0,0.0,0.0,,0.0,bidTooLow
2022-07-29,5694.0,0.0,0.0,0,411.99,0.0,0,0.0,0.0,,0.0,0,0.0,0.0,,0.0,bidTooLow
2022-08-01,5694.0,0.0,0.0,0,410.77,0.0,0,0.0,0.0,,0.0,0,0.0,0.0,,0.0,bidTooLow
2022-08-02,5694.0,-3.0,0.0,0,408.06,0.0,1,0.03,0.06,SPY220805P00378000,378.0,0,0.0,0.0,,0.0,normalDay
2022-08-03,5694.0,0.0,0.0,0,414.45,0.0,1,0.03,0.03,SPY220805P00378000,378.0,0,0.0,0.0,,0.0,normalDay
2022-08-04,5694.0,2.0,0.0,0,414.17,0.0,1,0.03,0.01,SPY220805P00378000,378.0,0,0.0,0.0,,0.0,normalDay
2022-08-05,5697.0,0.0,3.0,0,413.47,0.0,1,0.03,0.0,SPY220805P00378000,378.0,0,0.0,0.0,,0.0,expirationDay
2022-08-08,5697.0,0.0,0.0,0,412.99,0.0,0,0.0,0.0,,0.0,0,0.0,0.0,,0.0,bidTooLow
2022-08-09,5697.0,-3.0,0.0,0,411.35,0.0,1,0.01,0.04,SPY220812P00382500,382.5,0,0.0,0.0,,0.0,normalDay
2022-08-10,5697.0,-1.0,0.0,0,419.99,0.0,1,0.01,0.02,SPY220812P00382500,382.5,0,0.0,0.0,,0.0,normalDay
2022-08-11,5697.0,0.0,0.0,0,419.99,0.0,1,0.01,0.01,SPY220812P00382500,382.5,0,0.0,0.0,,0.0,normalDay
2022-08-12,5698.0,0.0,1.0,0,427.1,0.0,1,0.01,0.0,SPY220812P00382500,382.5,0,0.0,0.0,,0.0,expirationDay
2022-08-15,5698.0,0.0,0.0,0,428.86,0.0,0,0.0,0.0,,0.0,0,0.0,0.0,,0.0,bidTooLow
2022-08-16,5698.0,0.0,0.0,0,429.7,0.0,0,0.0,0.0,,0.0,0,0.0,0.0,,0.0,bidTooLow
2022-08-17,5698.0,0.0,0.0,0,426.65,0.0,0,0.0,0.0,,0.0,0,0.0,0.0,,0.0,bidTooLow
2022-08-18,5698.0,0.0,0.0,0,427.89,0.0,0,0.0,0.0,,0.0,0,0.0,0.0,,0.0,bidTooLow
2022-08-19,5698.0,0.0,0.0,0,422.14,0.0,0,0.0,0.0,,0.0,0,0.0,0.0,,0.0,bidTooLow
2022-08-22,5698.0,-3.0,0.0,0,413.35,0.0,1,0.15,0.18,SPY220824P00402000,402.0,0,0.0,0.0,,0.0,normalDay
2022-08-23,5698.0,8.0,0.0,0,412.35,0.0,1,0.15,0.07,SPY220824P00402000,402.0,0,0.0,0.0,,0.0,normalDay
2022-08-24,5713.0,0.0,15.0,0,413.67,0.0,1,0.15,0.0,SPY220824P00402000,402.0,0,0.0,0.0,,0.0,expirationDay
2022-08-25,5713.0,-3.0,0.0,0,419.51,0.0,1,0.16,0.19,SPY220826P00408000,408.0,0,0.0,0.0,,0.0,normalDay
2022-08-26,5729.0,-269.0,16.0,100,405.31,408.0,1,0.16,0.0,SPY220826P00408000,408.0,0,0.0,0.0,,0.0,expirationDay
2022-08-29,5729.0,-537.0,0.0,100,402.63,408.0,0,0.0,0.0,,0.0,0,0.0,0.0,,0.0,bidTooLow
2022-08-30,5729.0,-979.0,0.0,100,398.21,408.0,0,0.0,0.0,,0.0,0,0.0,0.0,,0.0,bidTooLow
2022-08-31,5729.0,-1282.0,0.0,100,395.18,408.0,0,0.0,0.0,,0.0,0,0.0,0.0,,0.0,bidTooLow
2022-09-01,5729.0,-1158.0,0.0,100,396.42,408.0,0,0.0,0.0,,0.0,0,0.0,0.0,,0.0,bidTooLow
2022-09-02,5729.0,-1576.0,0.0,100,392.24,408.0,0,0.0,0.0,,0.0,0,0.0,0.0,,0.0,bidTooLow
2022-09-06,5729.0,-1724.0,0.0,100,390.76,408.0,0,0.0,0.0,,0.0,0,0.0,0.0,,0.0,bidTooLow
2022-09-07,5729.0,-1022.0,0.0,100,397.78,408.0,0,0.0,0.0,,0.0,0,0.0,0.0,,0.0,bidTooLow
2022-09-08,5729.0,-762.0,0.0,100,400.38,408.0,0,0.0,0.0,,0.0,0,0.0,0.0,,0.0,bidTooLow
2022-09-09,5729.0,-140.0,0.0,100,406.6,408.0,0,0.0,0.0,,0.0,0,0.0,0.0,,0.0,bidTooLow
2022-09-12,5729.0,294.0,0.0,100,410.97,408.0,0,0.0,0.0,,0.0,1,0.16,0.19,SPY220914C00425000,425.0,normalDay
2022-09-13,5729.0,-1475.0,0.0,100,393.1,408.0,0,0.0,0.0,,0.0,1,0.16,0.01,SPY220914C00425000,425.0,normalDay
2022-09-14,5745.0,-1340.0,16.0,100,394.6,408.0,0,0.0,0.0,,0.0,1,0.16,0.0,SPY220914C00425000,425.0,expirationDay
2022-09-15,5745.0,-1788.0,0.0,100,390.12,408.0,0,0.0,0.0,,0.0,0,0.0,0.0,,0.0,bidTooLow
2022-09-16,5745.0,-2244.0,0.0,100,385.56,408.0,0,0.0,0.0,,0.0,0,0.0,0.0,,0.0,bidTooLow
2022-09-19,5745.0,-1945.0,0.0,100,388.55,408.0,0,0.0,0.0,,0.0,0,0.0,0.0,,0.0,bidTooLow
2022-09-20,5745.0,-2394.0,0.0,100,384.09,408.0,0,0.0,0.0,,0.0,1,0.03,0.06,SPY220923C00411000,411.0,normalDay
2022-09-21,5745.0,-3060.0,0.0,100,377.39,408.0,0,0.0,0.0,,0.0,1,0.03,0.02,SPY220923C00411000,411.0,normalDay
2022-09-22,5745.0,-3376.0,0.0,100,374.22,408.0,0,0.0,0.0,,0.0,1,0.03,0.01,SPY220923C00411000,411.0,normalDay
2022-09-23,5748.0,-4005.0,3.0,100,367.95,408.0,0,0.0,0.0,,0.0,1,0.03,0.0,SPY220923C00411000,411.0,expirationDay
2022-09-26,5748.0,-4369.0,0.0,100,364.31,408.0,0,0.0,0.0,,0.0,0,0.0,0.0,,0.0,bidTooLow
2022-09-27,5748.0,-4462.0,0.0,100,363.38,408.0,0,0.0,0.0,,0.0,0,0.0,0.0,,0.0,bidTooLow
2022-09-28,5748.0,-3747.0,0.0,100,370.53,408.0,0,0.0,0.0,,0.0,0,0.0,0.0,,0.0,bidTooLow
2022-09-29,5748.0,-4521.0,0.0,100,362.79,408.0,0,0.0,0.0,,0.0,0,0.0,0.0,,0.0,bidTooLow
2022-09-30,5748.0,-5082.0,0.0,100,357.18,408.0,0,0.0,0.0,,0.0,0,0.0,0.0,,0.0,bidTooLow
2022-10-03,5748.0,-4139.0,0.0,100,366.61,408.0,0,0.0,0.0,,0.0,0,0.0,0.0,,0.0,bidTooLow
2022-10-04,5748.0,-3006.0,0.0,100,377.97,408.0,0,0.0,0.0,,0.0,1,0.03,0.06,SPY221007C00401000,401.0,normalDay
2022-10-05,5748.0,-3090.0,0.0,100,377.09,408.0,0,0.0,0.0,,0.0,1,0.03,0.02,SPY221007C00401000,401.0,normalDay
2022-10-06,5748.0,-3478.0,0.0,100,373.2,408.0,0,0.0,0.0,,0.0,1,0.03,0.01,SPY221007C00401000,401.0,normalDay
2022-10-07,5751.0,-4521.0,3.0,100,362.79,408.0,0,0.0,0.0,,0.0,1,0.03,0.0,SPY221007C00401000,401.0,expirationDay
2022-10-10,5751.0,-4798.0,0.0,100,360.02,408.0,0,0.0,0.0,,0.0,0,0.0,0.0,,0.0,bidTooLow
2022-10-11,5751.0,-5029.0,0.0,100,357.74,408.0,0,0.0,0.0,,0.0,1,0.05,0.08,SPY221014C00386000,386.0,normalDay
2022-10-12,5751.0,-5143.0,0.0,100,356.56,408.0,0,0.0,0.0,,0.0,1,0.05,0.04,SPY221014C00386000,386.0,normalDay
2022-10-13,5751.0,-4199.0,0.0,100,365.97,408.0,0,0.0,0.0,,0.0,1,0.05,0.01,SPY221014C00386000,386.0,normalDay
2022-10-14,5756.0,-5037.0,5.0,100,357.63,408.0,0,0.0,0.0,,0.0,1,0.05,0.0,SPY221014C00386000,386.0,expirationDay
2022-10-17,5756.0,-4121.0,0.0,100,366.82,408.0,0,0.0,0.0,,0.0,1,0.49,0.52,SPY221019C00377000,377.0,normalDay
2022-10-18,5756.0,-3709.0,0.0,100,371.13,408.0,0,0.0,0.0,,0.0,1,0.49,0.71,SPY221019C00377000,377.0,normalDay
2022-10-19,5805.0,-3950.0,49.0,100,368.5,408.0,0,0.0,0.0,,0.0,1,0.49,0.0,SPY221019C00377000,377.0,expirationDay
2022-10-20,5805.0,-4262.0,0.0,100,365.41,408.0,0,0.0,0.0,,0.0,1,0.27,0.3,SPY221021C00373000,373.0,normalDay
2022-10-21,2332.0,-4262.0,-3473.0,0,374.29,0.0,0,0.0,0.0,,0.0,1,0.27,0.0,SPY221021C00373000,373.0,expirationDay
2022-10-24,2332.0,-3.0,0.0,0,378.87,0.0,1,0.02,0.05,SPY221026P00357000,357.0,0,0.0,0.0,,0.0,normalDay
2022-10-25,2332.0,0.0,0.0,0,384.92,0.0,1,0.02,0.02,SPY221026P00357000,357.0,0,0.0,0.0,,0.0,normalDay
2022-10-26,2334.0,0.0,2.0,0,382.02,0.0,1,0.02,0.0,SPY221026P00357000,357.0,0,0.0,0.0,,0.0,expirationDay
2022-10-27,2334.0,0.0,0.0,0,379.98,0.0,0,0.0,0.0,,0.0,0,0.0,0.0,,0.0,bidTooLow
2022-10-28,2334.0,0.0,0.0,0,389.02,0.0,0,0.0,0.0,,0.0,0,0.0,0.0,,0.0,bidTooLow
2022-10-31,2334.0,0.0,0.0,0,386.21,0.0,0,0.0,0.0,,0.0,0,0.0,0.0,,0.0,bidTooLow
2022-11-01,2334.0,-3.0,0.0,0,384.52,0.0,1,0.07,0.1,SPY221104P00358000,358.0,0,0.0,0.0,,0.0,normalDay
2022-11-02,2334.0,-5.0,0.0,0,374.87,0.0,1,0.07,0.12,SPY221104P00358000,358.0,0,0.0,0.0,,0.0,normalDay
2022-11-03,2334.0,1.0,0.0,0,371.01,0.0,1,0.07,0.06,SPY221104P00358000,358.0,0,0.0,0.0,,0.0,normalDay
2022-11-04,2341.0,0.0,7.0,0,376.35,0.0,1,0.07,0.0,SPY221104P00358000,358.0,0,0.0,0.0,,0.0,expirationDay
2022-11-07,2341.0,-3.0,0.0,0,379.95,0.0,1,0.02,0.05,SPY221109P00360000,360.0,0,0.0,0.0,,0.0,normalDay
2022-11-08,2341.0,-2.0,0.0,0,382.0,0.0,1,0.02,0.04,SPY221109P00360000,360.0,0,0.0,0.0,,0.0,normalDay
2022-11-09,2343.0,0.0,2.0,0,374.13,0.0,1,0.02,0.0,SPY221109P00360000,360.0,0,0.0,0.0,,0.0,expirationDay
2022-11-10,2343.0,0.0,0.0,0,394.69,0.0,0,0.0,0.0,,0.0,0,0.0,0.0,,0.0,bidTooLow
2022-11-11,2343.0,0.0,0.0,0,398.51,0.0,0,0.0,0.0,,0.0,0,0.0,0.0,,0.0,bidTooLow
2022-11-14,2343.0,0.0,0.0,0,395.12,0.0,0,0.0,0.0,,0.0,0,0.0,0.0,,0.0,bidTooLow
2022-11-15,2343.0,-3.0,0.0,0,398.49,0.0,1,0.05,0.08,SPY221118P00368000,368.0,0,0.0,0.0,,0.0,normalDay
2022-11-16,2343.0,1.0,0.0,0,395.45,0.0,1,0.05,0.04,SPY221118P00368000,368.0,0,0.0,0.0,,0.0,normalDay
2022-11-17,2343.0,2.0,0.0,0,394.24,0.0,1,0.05,0.03,SPY221118P00368000,368.0,0,0.0,0.0,,0.0,normalDay
2022-11-18,2348.0,0.0,5.0,0,396.03,0.0,1,0.05,0.0,SPY221118P00368000,368.0,0,0.0,0.0,,0.0,expirationDay
2022-11-21,2348.0,0.0,0.0,0,394.59,0.0,0,0.0,0.0,,0.0,0,0.0,0.0,,0.0,bidTooLow
2022-11-22,2348.0,0.0,0.0,0,399.9,0.0,0,0.0,0.0,,0.0,0,0.0,0.0,,0.0,bidTooLow
2022-11-23,2348.0,0.0,0.0,0,402.42,0.0,0,0.0,0.0,,0.0,0,0.0,0.0,,0.0,bidTooLow
2022-11-25,2348.0,0.0,0.0,0,402.33,0.0,0,0.0,0.0,,0.0,0,0.0,0.0,,0.0,bidTooLow
2022-11-28,2348.0,-3.0,0.0,0,395.91,0.0,1,0.03,0.06,SPY221201P00376000,376.0,0,0.0,0.0,,0.0,normalDay
2022-11-29,2348.0,-1.0,0.0,0,395.23,0.0,1,0.03,0.04,SPY221201P00376000,376.0,0,0.0,0.0,,0.0,normalDay
2022-11-30,2348.0,1.0,0.0,0,407.68,0.0,1,0.03,0.02,SPY221201P00376000,376.0,0,0.0,0.0,,0.0,normalDay
2022-12-01,2351.0,0.0,3.0,0,407.38,0.0,1,0.03,0.0,SPY221201P00376000,376.0,0,0.0,0.0,,0.0,expirationDay
2022-12-02,2351.0,0.0,0.0,0,406.91,0.0,0,0.0,0.0,,0.0,0,0.0,0.0,,0.0,bidTooLow
2022-12-05,2351.0,-3.0,0.0,0,399.59,0.0,1,0.05,0.08,SPY221208P00384000,384.0,0,0.0,0.0,,0.0,normalDay
2022-12-06,2351.0,-16.0,0.0,0,393.83,0.0,1,0.05,0.21,SPY221208P00384000,384.0,0,0.0,0.0,,0.0,normalDay
2022-12-07,2351.0,-2.0,0.0,0,393.16,0.0,1,0.05,0.07,SPY221208P00384000,384.0,0,0.0,0.0,,0.0,normalDay
2022-12-08,2356.0,0.0,5.0,0,396.24,0.0,1,0.05,0.0,SPY221208P00384000,384.0,0,0.0,0.0,,0.0,expirationDay
2022-12-09,2356.0,-3.0,0.0,0,393.28,0.0,1,1.15,1.18,SPY221212P00392000,392.0,0,0.0,0.0,,0.0,normalDay
2022-12-12,2471.0,0.0,115.0,0,398.95,0.0,1,1.15,0.0,SPY221212P00392000,392.0,0,0.0,0.0,,0.0,expirationDay
2022-12-13,2471.0,-4.0,0.0,0,401.97,0.0,1,1.69,1.73,SPY221216P00392000,392.0,0,0.0,0.0,,0.0,normalDay
2022-12-14,2471.0,70.0,0.0,0,399.4,0.0,1,1.69,0.99,SPY221216P00392000,392.0,0,0.0,0.0,,0.0,normalDay
2022-12-15,2471.0,-321.0,0.0,0,389.63,0.0,1,1.69,4.9,SPY221216P00392000,392.0,0,0.0,0.0,,0.0,normalDay
2022-12-16,2640.0,-873.0,169.0,100,383.27,392.0,1,1.69,0.0,SPY221216P00392000,392.0,0,0.0,0.0,,0.0,expirationDay
2022-12-19,2640.0,-1198.0,0.0,100,380.02,392.0,0,0.0,0.0,,0.0,0,0.0,0.0,,0.0,bidTooLow
2022-12-20,2640.0,-1146.0,0.0,100,380.54,392.0,0,0.0,0.0,,0.0,0,0.0,0.0,,0.0,bidTooLow
2022-12-21,2640.0,-577.0,0.0,100,386.23,392.0,0,0.0,0.0,,0.0,0,0.0,0.0,,0.0,bidTooLow
2022-12-22,2640.0,-1128.0,0.0,100,380.72,392.0,0,0.0,0.0,,0.0,0,0.0,0.0,,0.0,bidTooLow
2022-12-23,2640.0,-909.0,0.0,100,382.91,392.0,0,0.0,0.0,,0.0,0,0.0,0.0,,0.0,bidTooLow
2022-12-27,2640.0,-1060.0,0.0,100,381.4,392.0,0,0.0,0.0,,0.0,0,0.0,0.0,,0.0,bidTooLow
2022-12-28,2640.0,-1534.0,0.0,100,376.66,392.0,0,0.0,0.0,,0.0,0,0.0,0.0,,0.0,bidTooLow
2022-12-29,2640.0,-856.0,0.0,100,383.44,392.0,0,0.0,0.0,,0.0,0,0.0,0.0,,0.0,bidTooLow
2022-12-30,2640.0,-957.0,0.0,100,382.43,392.0,0,0.0,0.0,,0.0,0,0.0,0.0,,0.0,bidTooLow
2023-01-03,2640.0,-1121.0,0.0,100,380.82,392.0,0,0.0,0.0,,0.0,1,0.04,0.07,SPY230106C00398000,398.0,normalDay
2023-01-04,2640.0,-825.0,0.0,100,383.76,392.0,0,0.0,0.0,,0.0,1,0.04,0.05,SPY230106C00398000,398.0,normalDay
2023-01-05,2640.0,-1260.0,0.0,100,379.38,392.0,0,0.0,0.0,,0.0,1,0.04,0.02,SPY230106C00398000,398.0,normalDay
2023-01-06,2644.0,-392.0,4.0,100,388.08,392.0,0,0.0,0.0,,0.0,1,0.04,0.0,SPY230106C00398000,398.0,expirationDay
2023-01-09,2644.0,-417.0,0.0,100,387.86,392.0,0,0.0,0.0,,0.0,1,1.6,1.63,SPY230112C00395000,395.0,normalDay
2023-01-10,2644.0,-205.0,0.0,100,390.58,392.0,0,0.0,0.0,,0.0,1,1.6,2.23,SPY230112C00395000,395.0,normalDay
2023-01-11,2644.0,85.0,0.0,100,395.52,392.0,0,0.0,0.0,,0.0,1,1.6,4.27,SPY230112C00395000,395.0,normalDay
2023-01-12,3104.0,85.0,460.0,0,396.96,0.0,0,0.0,0.0,,0.0,1,1.6,0.0,SPY230112C00395000,395.0,expirationDay
2023-01-13,3104.0,0.0,0.0,0,398.5,0.0,0,0.0,0.0,,0.0,0,0.0,0.0,,0.0,bidTooLow
2023-01-17,3104.0,-3.0,0.0,0,397.77,0.0,1,0.03,0.06,SPY230120P00376000,376.0,0,0.0,0.0,,0.0,normalDay
2023-01-18,3104.0,-4.0,0.0,0,391.49,0.0,1,0.03,0.07,SPY230120P00376000,376.0,0,0.0,0.0,,0.0,normalDay
2023-01-19,3104.0,0.0,0.0,0,388.64,0.0,1,0.03,0.03,SPY230120P00376000,376.0,0,0.0,0.0,,0.0,normalDay
2023-01-20,3107.0,0.0,3.0,0,395.88,0.0,1,0.03,0.0,SPY230120P00376000,376.0,0,0.0,0.0,,0.0,expirationDay
2023-01-23,3107.0,-3.0,0.0,0,400.63,0.0,1,0.03,0.06,SPY230126P00378000,378.0,0,0.0,0.0,,0.0,normalDay
2023-01-24,3107.0,-1.0,0.0,0,400.2,0.0,1,0.03,0.04,SPY230126P00378000,378.0,0,0.0,0.0,,0.0,normalDay
2023-01-25,3107.0,1.0,0.0,0,400.35,0.0,1,0.03,0.02,SPY230126P00378000,378.0,0,0.0,0.0,,0.0,normalDay
2023-01-26,3110.0,0.0,3.0,0,404.75,0.0,1,0.03,0.0,SPY230126P00378000,378.0,0,0.0,0.0,,0.0,expirationDay
2023-01-27,3110.0,0.0,0.0,0,405.68,0.0,0,0.0,0.0,,0.0,0,0.0,0.0,,0.0,bidTooLow
2023-01-30,3110.0,-3.0,0.0,0,400.59,0.0,1,0.08,0.11,SPY230202P00382000,382.0,0,0.0,0.0,,0.0,normalDay
2023-01-31,3110.0,4.0,0.0,0,406.48,0.0,1,0.08,0.04,SPY230202P00382000,382.0,0,0.0,0.0,,0.0,normalDay
2023-02-01,3110.0,5.0,0.0,0,410.8,0.0,1,0.08,0.03,SPY230202P00382000,382.0,0,0.0,0.0,,0.0,normalDay
2023-02-02,3118.0,0.0,8.0,0,416.78,0.0,1,0.08,0.0,SPY230202P00382000,382.0,0,0.0,0.0,,0.0,expirationDay
2023-02-03,3118.0,0.0,0.0,0,412.35,0.0,0,0.0,0.0,,0.0,0,0.0,0.0,,0.0,bidTooLow
2023-02-06,3118.0,-3.0,0.0,0,409.83,0.0,1,0.01,0.04,SPY230209P00389000,389.0,0,0.0,0.0,,0.0,normalDay
2023-02-07,3118.0,-1.0,0.0,0,415.19,0.0,1,0.01,0.02,SPY230209P00389000,389.0,0,0.0,0.0,,0.0,normalDay
2023-02-08,3118.0,-1.0,0.0,0,410.65,0.0,1,0.01,0.02,SPY230209P00389000,389.0,0,0.0,0.0,,0.0,normalDay
2023-02-09,3119.0,0.0,1.0,0,407.09,0.0,1,0.01,0.0,SPY230209P00389000,389.0,0,0.0,0.0,,0.0,expirationDay
2023-02-10,3119.0,-3.0,0.0,0,408.04,0.0,1,0.01,0.04,SPY230213P00393000,393.0,0,0.0,0.0,,0.0,normalDay
2023-02-13,3120.0,0.0,1.0,0,412.83,0.0,1,0.01,0.0,SPY230213P00393000,393.0,0,0.0,0.0,,0.0,expirationDay
2023-02-14,3120.0,-3.0,0.0,0,412.64,0.0,1,0.12,0.15,SPY230217P00395000,395.0,0,0.0,0.0,,0.0,normalDay
2023-02-15,3120.0,7.0,0.0,0,413.98,0.0,1,0.12,0.05,SPY230217P00395000,395.0,0,0.0,0.0,,0.0,normalDay
2023-02-16,3120.0,-6.0,0.0,0,408.28,0.0,1,0.12,0.18,SPY230217P00395000,395.0,0,0.0,0.0,,0.0,normalDay
2023-02-17,3132.0,0.0,12.0,0,407.26,0.0,1,0.12,0.0,SPY230217P00395000,395.0,0,0.0,0.0,,0.0,expirationDay
2023-02-21,3132.0,-4.0,0.0,0,399.09,0.0,1,3.91,3.95,SPY230224P00401000,401.0,0,0.0,0.0,,0.0,normalDay
2023-02-22,3132.0,23.0,0.0,0,398.54,0.0,1,3.91,3.68,SPY230224P00401000,401.0,0,0.0,0.0,,0.0,normalDay
2023-02-23,3132.0,188.0,0.0,0,400.66,0.0,1,3.91,2.03,SPY230224P00401000,401.0,0,0.0,0.0,,0.0,normalDay
2023-02-24,3523.0,-462.0,391.0,100,396.38,401.0,1,3.91,0.0,SPY230224P00401000,401.0,0,0.0,0.0,,0.0,expirationDay
2023-02-27,3523.0,-327.0,0.0,100,397.73,401.0,0,0.0,0.0,,0.0,0,0.0,0.0,,0.0,bidTooLow
2023-02-28,3523.0,-474.0,0.0,100,396.26,401.0,0,0.0,0.0,,0.0,0,0.0,0.0,,0.0,bidTooLow
2023-03-01,3523.0,-626.0,0.0,100,394.74,401.0,0,0.0,0.0,,0.0,0,0.0,0.0,,0.0,bidTooLow
2023-03-02,3523.0,-319.0,0.0,100,397.81,401.0,0,0.0,0.0,,0.0,0,0.0,0.0,,0.0,bidTooLow
2023-03-03,3523.0,319.0,0.0,100,404.19,401.0,0,0.0,0.0,,0.0,0,0.0,0.0,,0.0,bidTooLow
2023-03-06,3523.0,344.0,0.0,100,404.47,401.0,0,0.0,0.0,,0.0,1,0.32,0.35,SPY230309C00413000,413.0,normalDay
2023-03-07,3523.0,-244.0,0.0,100,398.27,401.0,0,0.0,0.0,,0.0,1,0.32,0.03,SPY230309C00413000,413.0,normalDay
2023-03-08,3523.0,-177.0,0.0,100,398.92,401.0,0,0.0,0.0,,0.0,1,0.32,0.01,SPY230309C00413000,413.0,normalDay
2023-03-09,3555.0,-944.0,32.0,100,391.56,401.0,0,0.0,0.0,,0.0,1,0.32,0.0,SPY230309C00413000,413.0,expirationDay
2023-03-10,3555.0,-1509.0,0.0,100,385.91,401.0,0,0.0,0.0,,0.0,0,0.0,0.0,,0.0,bidTooLow
2023-03-13,3555.0,-1567.0,0.0,100,385.36,401.0,0,0.0,0.0,,0.0,1,0.04,0.07,SPY230316C00410000,410.0,normalDay
2023-03-14,3555.0,-925.0,0.0,100,391.73,401.0,0,0.0,0.0,,0.0,1,0.04,0.02,SPY230316C00410000,410.0,normalDay
2023-03-15,3555.0,-1169.0,0.0,100,389.28,401.0,0,0.0,0.0,,0.0,1,0.04,0.01,SPY230316C00410000,410.0,normalDay
2023-03-16,3559.0,-489.0,4.0,100,396.11,401.0,0,0.0,0.0,,0.0,1,0.04,0.0,SPY230316C00410000,410.0,expirationDay
2023-03-17,3559.0,-1101.0,0.0,100,389.99,401.0,0,0.0,0.0,,0.0,0,0.0,0.0,,0.0,bidTooLow
2023-03-20,3559.0,-730.0,0.0,100,393.74,401.0,0,0.0,0.0,,0.0,1,1.01,1.05,SPY230323C00402000,402.0,normalDay
2023-03-21,3559.0,-320.0,0.0,100,398.91,401.0,0,0.0,0.0,,0.0,1,1.01,2.12,SPY230323C00402000,402.0,normalDay
2023-03-22,3559.0,-796.0,0.0,100,392.11,401.0,0,0.0,0.0,,0.0,1,1.01,0.08,SPY230323C00402000,402.0,normalDay
2023-03-23,3660.0,-783.0,101.0,100,393.17,401.0,0,0.0,0.0,,0.0,1,1.01,0.0,SPY230323C00402000,402.0,expirationDay
2023-03-24,3660.0,-528.0,0.0,100,395.75,401.0,0,0.0,0.0,,0.0,1,0.25,0.28,SPY230327C00401000,401.0,normalDay
2023-03-27,3685.0,-451.0,25.0,100,396.49,401.0,0,0.0,0.0,,0.0,1,0.25,0.0,SPY230327C00401000,401.0,expirationDay
2023-03-28,3685.0,-543.0,0.0,100,395.6,401.0,0,0.0,0.0,,0.0,1,0.82,0.85,SPY230331C00401000,401.0,normalDay
2023-03-29,3685.0,-118.0,0.0,100,401.35,401.0,0,0.0,0.0,,0.0,1,0.82,2.35,SPY230331C00401000,401.0,normalDay
2023-03-30,3685.0,16.0,0.0,100,403.7,401.0,0,0.0,0.0,,0.0,1,0.82,3.36,SPY230331C00401000,401.0,normalDay
2023-03-31,3767.0,16.0,82.0,0,409.39,0.0,0,0.0,0.0,,0.0,1,0.82,0.0,SPY230331C00401000,401.0,expirationDay
2023-04-03,3767.0,0.0,0.0,0,410.95,0.0,0,0.0,0.0,,0.0,0,0.0,0.0,,0.0,bidTooLow
2023-04-04,3767.0,0.0,0.0,0,408.67,0.0,0,0.0,0.0,,0.0,0,0.0,0.0,,0.0,bidTooLow
2023-04-05,3767.0,0.0,0.0,0,407.6,0.0,0,0.0,0.0,,0.0,0,0.0,0.0,,0.0,bidTooLow
2023-04-06,3767.0,0.0,0.0,0,409.19,0.0,0,0.0,0.0,,0.0,0,0.0,0.0,,0.0,bidTooLow
2023-04-10,3767.0,-3.0,0.0,0,409.61,0.0,1,0.01,0.04,SPY230413P00388000,388.0,0,0.0,0.0,,0.0,normalDay
2023-04-11,3767.0,-3.0,0.0,0,409.72,0.0,1,0.01,0.04,SPY230413P00388000,388.0,0,0.0,0.0,,0.0,normalDay
2023-04-12,3767.0,-1.0,0.0,0,408.05,0.0,1,0.01,0.02,SPY230413P00388000,388.0,0,0.0,0.0,,0.0,normalDay
2023-04-13,3768.0,0.0,1.0,0,413.47,0.0,1,0.01,0.0,SPY230413P00388000,388.0,0,0.0,0.0,,0.0,expirationDay
2023-04-14,3768.0,0.0,0.0,0,412.46,0.0,0,0.0,0.0,,0.0,0,0.0,0.0,,0.0,bidTooLow
2023-04-17,3768.0,-3.0,0.0,0,413.94,0.0,1,0.02,0.05,SPY230420P00394000,394.0,0,0.0,0.0,,0.0,normalDay
2023-04-18,3768.0,-2.0,0.0,0,414.21,0.0,1,0.02,0.04,SPY230420P00394000,394.0,0,0.0,0.0,,0.0,normalDay
2023-04-19,3768.0,-1.0,0.0,0,414.14,0.0,1,0.02,0.03,SPY230420P00394000,394.0,0,0.0,0.0,,0.0,normalDay
2023-04-20,3770.0,0.0,2.0,0,411.88,0.0,1,0.02,0.0,SPY230420P00394000,394.0,0,0.0,0.0,,0.0,expirationDay
2023-04-21,3770.0,0.0,0.0,0,412.2,0.0,0,0.0,0.0,,0.0,0,0.0,0.0,,0.0,bidTooLow
2023-04-24,3770.0,-3.0,0.0,0,412.63,0.0,1,0.07,0.1,SPY230427P00401000,401.0,0,0.0,0.0,,0.0,normalDay
2023-04-25,3770.0,-32.0,0.0,0,406.08,0.0,1,0.07,0.39,SPY230427P00401000,401.0,0,0.0,0.0,,0.0,normalDay
2023-04-26,3770.0,-33.0,0.0,0,404.36,0.0,1,0.07,0.4,SPY230427P00401000,401.0,0,0.0,0.0,,0.0,normalDay
2023-04-27,3777.0,0.0,7.0,0,412.41,0.0,1,0.07,0.0,SPY230427P00401000,401.0,0,0.0,0.0,,0.0,expirationDay
2023-04-28,3777.0,-3.0,0.0,0,415.93,0.0,1,0.03,0.06,SPY230501P00407000,407.0,0,0.0,0.0,,0.0,normalDay
2023-05-01,3780.0,0.0,3.0,0,415.51,0.0,1,0.03,0.0,SPY230501P00407000,407.0,0,0.0,0.0,,0.0,expirationDay
2023-05-02,3780.0,-3.0,0.0,0,410.84,0.0,1,1.59,1.62,SPY230505P00407000,407.0,0,0.0,0.0,,0.0,normalDay
2023-05-03,3780.0,-25.0,0.0,0,408.02,0.0,1,1.59,1.84,SPY230505P00407000,407.0,0,0.0,0.0,,0.0,normalDay
2023-05-04,3780.0,-166.0,0.0,0,405.13,0.0,1,1.59,3.25,SPY230505P00407000,407.0,0,0.0,0.0,,0.0,normalDay
2023-05-05,3939.0,0.0,159.0,0,412.63,0.0,1,1.59,0.0,SPY230505P00407000,407.0,0,0.0,0.0,,0.0,expirationDay
2023-05-08,3939.0,-3.0,0.0,0,412.74,0.0,1,0.64,0.67,SPY230511P00407000,407.0,0,0.0,0.0,,0.0,normalDay
2023-05-09,3939.0,-20.0,0.0,0,410.93,0.0,1,0.64,0.84,SPY230511P00407000,407.0,0,0.0,0.0,,0.0,normalDay
2023-05-10,3939.0,53.0,0.0,0,412.85,0.0,1,0.64,0.11,SPY230511P00407000,407.0,0,0.0,0.0,,0.0,normalDay
2023-05-11,4003.0,0.0,64.0,0,412.13,0.0,1,0.64,0.0,SPY230511P00407000,407.0,0,0.0,0.0,,0.0,expirationDay
2023-05-12,4003.0,-3.0,0.0,0,411.59,0.0,1,0.24,0.27,SPY230515P00407000,407.0,0,0.0,0.0,,0.0,normalDay
2023-05-15,4027.0,0.0,24.0,0,413.01,0.0,1,0.24,0.0,SPY230515P00407000,407.0,0,0.0,0.0,,0.0,expirationDay
2023-05-16,4027.0,-3.0,0.0,0,410.25,0.0,1,1.04,1.07,SPY230519P00407000,407.0,0,0.0,0.0,,0.0,normalDay
2023-05-17,4027.0,83.0,0.0,0,415.23,0.0,1,1.04,0.21,SPY230519P00407000,407.0,0,0.0,0.0,,0.0,normalDay
2023-05-18,4027.0,97.0,0.0,0,419.23,0.0,1,1.04,0.07,SPY230519P00407000,407.0,0,0.0,0.0,,0.0,normalDay
2023-05-19,4131.0,0.0,104.0,0,418.62,0.0,1,1.04,0.0,SPY230519P00407000,407.0,0,0.0,0.0,,0.0,expirationDay
2023-05-22,4131.0,-3.0,0.0,0,418.79,0.0,1,0.08,0.11,SPY230525P00406000,406.0,0,0.0,0.0,,0.0,normalDay
2023-05-23,4131.0,-12.0,0.0,0,414.09,0.0,1,0.08,0.2,SPY230525P00406000,406.0,0,0.0,0.0,,0.0,normalDay
2023-05-24,4131.0,-15.0,0.0,0,411.09,0.0,1,0.08,0.23,SPY230525P00406000,406.0,0,0.0,0.0,,0.0,normalDay
2023-05-25,4139.0,0.0,8.0,0,414.65,0.0,1,0.08,0.0,SPY230525P00406000,406.0,0,0.0,0.0,,0.0,expirationDay
2023-05-26,4139.0,0.0,0.0,0,420.02,0.0,0,0.0,0.0,,0.0,0,0.0,0.0,,0.0,bidTooLow
2023-05-30,4139.0,-3.0,0.0,0,420.18,0.0,1,0.16,0.19,SPY230602P00408000,408.0,0,0.0,0.0,,0.0,normalDay
2023-05-31,4139.0,-1.0,0.0,0,417.85,0.0,1,0.16,0.17,SPY230602P00408000,408.0,0,0.0,0.0,,0.0,normalDay
2023-06-01,4139.0,11.0,0.0,0,421.82,0.0,1,0.16,0.05,SPY230602P00408000,408.0,0,0.0,0.0,,0.0,normalDay
2023-06-02,4155.0,0.0,16.0,0,427.92,0.0,1,0.16,0.0,SPY230602P00408000,408.0,0,0.0,0.0,,0.0,expirationDay
2023-06-05,4155.0,-3.0,0.0,0,427.1,0.0,1,0.01,0.04,SPY230608P00409000,409.0,0,0.0,0.0,,0.0,normalDay
2023-06-06,4155.0,-2.0,0.0,0,428.03,0.0,1,0.01,0.03,SPY230608P00409000,409.0,0,0.0,0.0,,0.0,normalDay
2023-06-07,4155.0,-1.0,0.0,0,426.55,0.0,1,0.01,0.02,SPY230608P00409000,409.0,0,0.0,0.0,,0.0,normalDay
2023-06-08,4156.0,0.0,1.0,0,429.13,0.0,1,0.01,0.0,SPY230608P00409000,409.0,0,0.0,0.0,,0.0,expirationDay
2023-06-09,4156.0,0.0,0.0,0,429.9,0.0,0,0.0,0.0,,0.0,0,0.0,0.0,,0.0,bidTooLow
2023-06-12,4156.0,-3.0,0.0,0,433.8,0.0,1,0.07,0.1,SPY230615P00411000,411.0,0,0.0,0.0,,0.0,normalDay
2023-06-13,4156.0,0.0,0.0,0,436.66,0.0,1,0.07,0.07,SPY230615P00411000,411.0,0,0.0,0.0,,0.0,normalDay
2023-06-14,4156.0,4.0,0.0,0,437.18,0.0,1,0.07,0.03,SPY230615P00411000,411.0,0,0.0,0.0,,0.0,normalDay
2023-06-15,4163.0,0.0,7.0,0,442.6,0.0,1,0.07,0.0,SPY230615P00411000,411.0,0,0.0,0.0,,0.0,expirationDay
2023-06-16,4163.0,0.0,0.0,0,439.46,0.0,0,0.0,0.0,,0.0,0,0.0,0.0,,0.0,bidTooLow
2023-06-20,4163.0,0.0,0.0,0,437.18,0.0,0,0.0,0.0,,0.0,0,0.0,0.0,,0.0,bidTooLow
2023-06-21,4163.0,0.0,0.0,0,434.94,0.0,0,0.0,0.0,,0.0,0,0.0,0.0,,0.0,bidTooLow
2023-06-22,4163.0,0.0,0.0,0,436.51,0.0,0,0.0,0.0,,0.0,0,0.0,0.0,,0.0,bidTooLow
2023-06-23,4163.0,0.0,0.0,0,433.21,0.0,0,0.0,0.0,,0.0,0,0.0,0.0,,0.0,bidTooLow
2023-06-26,4163.0,-3.0,0.0,0,431.44,0.0,1,0.07,0.1,SPY230629P00420000,420.0,0,0.0,0.0,,0.0,normalDay
2023-06-27,4163.0,2.0,0.0,0,436.17,0.0,1,0.07,0.05,SPY230629P00420000,420.0,0,0.0,0.0,,0.0,normalDay
2023-06-28,4163.0,5.0,0.0,0,436.39,0.0,1,0.07,0.02,SPY230629P00420000,420.0,0,0.0,0.0,,0.0,normalDay
2023-06-29,4170.0,0.0,7.0,0,438.11,0.0,1,0.07,0.0,SPY230629P00420000,420.0,0,0.0,0.0,,0.0,expirationDay
2023-06-30,4170.0,0.0,0.0,0,443.28,0.0,0,0.0,0.0,,0.0,0,0.0,0.0,,0.0,bidTooLow
2023-07-03,4170.0,-3.0,0.0,0,443.79,0.0,1,0.02,0.05,SPY230706P00428000,428.0,0,0.0,0.0,,0.0,normalDay
2023-07-05,4170.0,-1.0,0.0,0,443.13,0.0,1,0.02,0.03,SPY230706P00428000,428.0,0,0.0,0.0,,0.0,normalDay
2023-07-06,4172.0,0.0,2.0,0,439.66,0.0,1,0.02,0.0,SPY230706P00428000,428.0,0,0.0,0.0,,0.0,expirationDay
2023-07-07,4172.0,-3.0,0.0,0,438.55,0.0,1,0.02,0.05,SPY230710P00431000,431.0,0,0.0,0.0,,0.0,normalDay
2023-07-10,4174.0,0.0,2.0,0,439.66,0.0,1,0.02,0.0,SPY230710P00431000,431.0,0,0.0,0.0,,0.0,expirationDay
2023-07-11,4174.0,-3.0,0.0,0,442.46,0.0,1,0.24,0.27,SPY230714P00433000,433.0,0,0.0,0.0,,0.0,normalDay
2023-07-12,4174.0,18.0,0.0,0,446.02,0.0,1,0.24,0.06,SPY230714P00433000,433.0,0,0.0,0.0,,0.0,normalDay
2023-07-13,4174.0,19.0,0.0,0,449.56,0.0,1,0.24,0.05,SPY230714P00433000,433.0,0,0.0,0.0,,0.0,normalDay
2023-07-14,4198.0,0.0,24.0,0,449.28,0.0,1,0.24,0.0,SPY230714P00433000,433.0,0,0.0,0.0,,0.0,expirationDay
2023-07-17,4198.0,-3.0,0.0,0,450.84,0.0,1,0.02,0.05,SPY230720P00433000,433.0,0,0.0,0.0,,0.0,normalDay
2023-07-18,4198.0,-2.0,0.0,0,454.19,0.0,1,0.02,0.04,SPY230720P00433000,433.0,0,0.0,0.0,,0.0,normalDay
2023-07-19,4198.0,0.0,0.0,0,455.2,0.0,1,0.02,0.02,SPY230720P00433000,433.0,0,0.0,0.0,,0.0,normalDay
2023-07-20,4200.0,0.0,2.0,0,452.18,0.0,1,0.02,0.0,SPY230720P00433000,433.0,0,0.0,0.0,,0.0,expirationDay
2023-07-21,4200.0,0.0,0.0,0,452.18,0.0,0,0.0,0.0,,0.0,0,0.0,0.0,,0.0,bidTooLow
2023-07-24,4200.0,-3.0,0.0,0,454.2,0.0,1,0.01,0.04,SPY230727P00435000,435.0,0,0.0,0.0,,0.0,normalDay
2023-07-25,4200.0,-3.0,0.0,0,455.44,0.0,1,0.01,0.04,SPY230727P00435000,435.0,0,0.0,0.0,,0.0,normalDay
2023-07-26,4200.0,-1.0,0.0,0,455.51,0.0,1,0.01,0.02,SPY230727P00435000,435.0,0,0.0,0.0,,0.0,normalDay
2023-07-27,4201.0,0.0,1.0,0,452.49,0.0,1,0.01,0.0,SPY230727P00435000,435.0,0,0.0,0.0,,0.0,expirationDay
2023-07-28,4201.0,0.0,0.0,0,456.92,0.0,0,0.0,0.0,,0.0,0,0.0,0.0,,0.0,bidTooLow
2023-07-31,4201.0,-3.0,0.0,0,457.79,0.0,1,0.03,0.06,SPY230803P00441000,441.0,0,0.0,0.0,,0.0,normalDay
2023-08-01,4201.0,-1.0,0.0,0,456.48,0.0,1,0.03,0.04,SPY230803P00441000,441.0,0,0.0,0.0,,0.0,normalDay
2023-08-02,4201.0,-7.0,0.0,0,450.13,0.0,1,0.03,0.1,SPY230803P00441000,441.0,0,0.0,0.0,,0.0,normalDay
2023-08-03,4204.0,0.0,3.0,0,448.84,0.0,1,0.03,0.0,SPY230803P00441000,441.0,0,0.0,0.0,,0.0,expirationDay
2023-08-04,4204.0,-3.0,0.0,0,446.81,0.0,1,0.79,0.82,SPY230807P00445000,445.0,0,0.0,0.0,,0.0,normalDay
2023-08-07,4283.0,0.0,79.0,0,450.71,0.0,1,0.79,0.0,SPY230807P00445000,445.0,0,0.0,0.0,,0.0,expirationDay
2023-08-08,4283.0,-3.0,0.0,0,448.75,0.0,1,1.74,1.77,SPY230811P00447500,447.5,0,0.0,0.0,,0.0,normalDay
2023-08-09,4283.0,-120.0,0.0,0,445.75,0.0,1,1.74,2.94,SPY230811P00447500,447.5,0,0.0,0.0,,0.0,normalDay
2023-08-10,4283.0,-73.0,0.0,0,445.91,0.0,1,1.74,2.47,SPY230811P00447500,447.5,0,0.0,0.0,,0.0,normalDay
2023-08-11,4457.0,-185.0,174.0,100,445.65,447.5,1,1.74,0.0,SPY230811P00447500,447.5,0,0.0,0.0,,0.0,expirationDay
2023-08-14,4457.0,58.0,0.0,100,448.11,447.5,0,0.0,0.0,,0.0,1,0.09,0.12,SPY230817C00456000,456.0,normalDay
2023-08-15,4457.0,-454.0,0.0,100,442.89,447.5,0,0.0,0.0,,0.0,1,0.09,0.02,SPY230817C00456000,456.0,normalDay
2023-08-16,4457.0,-778.0,0.0,100,439.64,447.5,0,0.0,0.0,,0.0,1,0.09,0.01,SPY230817C00456000,456.0,normalDay
2023-08-17,4466.0,-1121.0,9.0,100,436.29,447.5,0,0.0,0.0,,0.0,1,0.09,0.0,SPY230817C00456000,456.0,expirationDay
2023-08-18,4466.0,-1100.0,0.0,100,436.5,447.5,0,0.0,0.0,,0.0,0,0.0,0.0,,0.0,bidTooLow
2023-08-21,4466.0,-816.0,0.0,100,439.34,447.5,0,0.0,0.0,,0.0,0,0.0,0.0,,0.0,bidTooLow
2023-08-22,4466.0,-935.0,0.0,100,438.15,447.5,0,0.0,0.0,,0.0,0,0.0,0.0,,0.0,bidTooLow
2023-08-23,4466.0,-450.0,0.0,100,443.03,447.5,0,0.0,0.0,,0.0,1,0.04,0.07,SPY230825C00454000,454.0,normalDay
2023-08-24,4466.0,-1058.0,0.0,100,436.89,447.5,0,0.0,0.0,,0.0,1,0.04,0.01,SPY230825C00454000,454.0,normalDay
2023-08-25,4470.0,-753.0,4.0,100,439.97,447.5,0,0.0,0.0,,0.0,1,0.04,0.0,SPY230825C00454000,454.0,expirationDay
2023-08-28,4470.0,-477.0,0.0,100,442.76,447.5,0,0.0,0.0,,0.0,1,0.1,0.13,SPY230831C00451000,451.0,normalDay
2023-08-29,4470.0,66.0,0.0,100,449.16,447.5,0,0.0,0.0,,0.0,1,0.1,1.1,SPY230831C00451000,451.0,normalDay
2023-08-30,4470.0,226.0,0.0,100,451.01,447.5,0,0.0,0.0,,0.0,1,0.1,1.35,SPY230831C00451000,451.0,normalDay
2023-08-31,4480.0,285.0,10.0,100,450.35,447.5,0,0.0,0.0,,0.0,1,0.1,0.0,SPY230831C00451000,451.0,expirationDay
2023-09-01,4822.0,285.0,342.0,0,451.19,0.0,0,0.0,0.0,,0.0,1,0.92,0.0,SPY230901C00450000,450.0,expirationDay
2023-09-05,4822.0,-3.0,0.0,0,449.24,0.0,1,0.04,0.07,SPY230908P00437000,437.0,0,0.0,0.0,,0.0,normalDay
2023-09-06,4822.0,-3.0,0.0,0,446.22,0.0,1,0.04,0.07,SPY230908P00437000,437.0,0,0.0,0.0,,0.0,normalDay
2023-09-07,4822.0,1.0,0.0,0,444.85,0.0,1,0.04,0.03,SPY230908P00437000,437.0,0,0.0,0.0,,0.0,normalDay
2023-09-08,4826.0,0.0,4.0,0,445.52,0.0,1,0.04,0.0,SPY230908P00437000,437.0,0,0.0,0.0,,0.0,expirationDay
2023-09-11,4826.0,-3.0,0.0,0,448.45,0.0,1,0.09,0.12,SPY230914P00437000,437.0,0,0.0,0.0,,0.0,normalDay
2023-09-12,4826.0,-6.0,0.0,0,445.99,0.0,1,0.09,0.15,SPY230914P00437000,437.0,0,0.0,0.0,,0.0,normalDay
2023-09-13,4826.0,6.0,0.0,0,446.51,0.0,1,0.09,0.03,SPY230914P00437000,437.0,0,0.0,0.0,,0.0,normalDay
2023-09-14,4835.0,0.0,9.0,0,450.36,0.0,1,0.09,0.0,SPY230914P00437000,437.0,0,0.0,0.0,,0.0,expirationDay
2023-09-15,4835.0,-3.0,0.0,0,443.37,0.0,1,0.04,0.07,SPY230918P00438000,438.0,0,0.0,0.0,,0.0,normalDay
2023-09-18,4839.0,0.0,4.0,0,443.63,0.0,1,0.04,0.0,SPY230918P00438000,438.0,0,0.0,0.0,,0.0,expirationDay
2023-09-19,4839.0,-3.0,0.0,0,442.71,0.0,1,1.16,1.19,SPY230922P00440000,440.0,0,0.0,0.0,,0.0,normalDay
2023-09-20,4839.0,-156.0,0.0,0,438.64,0.0,1,1.16,2.72,SPY230922P00440000,440.0,0,0.0,0.0,,0.0,normalDay
2023-09-21,4839.0,-764.0,0.0,0,431.39,0.0,1,1.16,8.8,SPY230922P00440000,440.0,0,0.0,0.0,,0.0,normalDay
2023-09-22,4955.0,-958.0,116.0,100,430.42,440.0,1,1.16,0.0,SPY230922P00440000,440.0,0,0.0,0.0,,0.0,expirationDay
2023-09-25,4955.0,-777.0,0.0,100,432.23,440.0,0,0.0,0.0,,0.0,0,0.0,0.0,,0.0,bidTooLow
2023-09-26,4955.0,-1412.0,0.0,100,425.88,440.0,0,0.0,0.0,,0.0,0,0.0,0.0,,0.0,bidTooLow
2023-09-27,4955.0,-1395.0,0.0,100,426.05,440.0,0,0.0,0.0,,0.0,0,0.0,0.0,,0.0,bidTooLow
2023-09-28,4955.0,-1148.0,0.0,100,428.52,440.0,0,0.0,0.0,,0.0,0,0.0,0.0,,0.0,bidTooLow
2023-09-29,4955.0,-1252.0,0.0,100,427.48,440.0,0,0.0,0.0,,0.0,0,0.0,0.0,,0.0,bidTooLow
2023-10-02,4955.0,-1269.0,0.0,100,427.31,440.0,0,0.0,0.0,,0.0,0,0.0,0.0,,0.0,bidTooLow
2023-10-03,4955.0,-1841.0,0.0,100,421.59,440.0,0,0.0,0.0,,0.0,0,0.0,0.0,,0.0,bidTooLow
2023-10-04,4955.0,-1534.0,0.0,100,424.66,440.0,0,0.0,0.0,,0.0,0,0.0,0.0,,0.0,bidTooLow
2023-10-05,4955.0,-1550.0,0.0,100,424.5,440.0,0,0.0,0.0,,0.0,0,0.0,0.0,,0.0,bidTooLow
2023-10-06,4955.0,-1046.0,0.0,100,429.54,440.0,0,0.0,0.0,,0.0,0,0.0,0.0,,0.0,bidTooLow
2023-10-09,4955.0,-774.0,0.0,100,432.29,440.0,0,0.0,0.0,,0.0,1,0.06,0.09,SPY231012C00444000,444.0,normalDay
2023-10-10,4955.0,-550.0,0.0,100,434.54,440.0,0,0.0,0.0,,0.0,1,0.06,0.1,SPY231012C00444000,444.0,normalDay
2023-10-11,4955.0,-367.0,0.0,100,436.32,440.0,0,0.0,0.0,,0.0,1,0.06,0.05,SPY231012C00444000,444.0,normalDay
2023-10-12,4961.0,-634.0,6.0,100,433.66,440.0,0,0.0,0.0,,0.0,1,0.06,0.0,SPY231012C00444000,444.0,expirationDay
2023-10-13,4961.0,-853.0,0.0,100,431.5,440.0,0,0.0,0.0,,0.0,1,0.08,0.11,SPY231016C00438000,438.0,normalDay
2023-10-16,4969.0,-396.0,8.0,100,436.04,440.0,0,0.0,0.0,,0.0,1,0.08,0.0,SPY231016C00438000,438.0,expirationDay
2023-10-17,4969.0,-402.0,0.0,100,436.02,440.0,0,0.0,0.0,,0.0,1,2.72,2.76,SPY231020C00436000,436.0,normalDay
2023-10-18,4969.0,-769.0,0.0,100,430.21,440.0,0,0.0,0.0,,0.0,1,2.72,0.62,SPY231020C00436000,436.0,normalDay
2023-10-19,4969.0,-1090.0,0.0,100,426.43,440.0,0,0.0,0.0,,0.0,1,2.72,0.05,SPY231020C00436000,436.0,normalDay
2023-10-20,5241.0,-1881.0,272.0,100,421.19,440.0,0,0.0,0.0,,0.0,1,2.72,0.0,SPY231020C00436000,436.0,expirationDay
2023-10-23,5241.0,-1957.0,0.0,100,420.46,440.0,0,0.0,0.0,,0.0,1,0.02,0.05,SPY231026C00435000,435.0,normalDay
2023-10-24,5241.0,-1638.0,0.0,100,423.63,440.0,0,0.0,0.0,,0.0,1,0.02,0.03,SPY231026C00435000,435.0,normalDay
2023-10-25,5241.0,-2244.0,0.0,100,417.55,440.0,0,0.0,0.0,,0.0,1,0.02,0.01,SPY231026C00435000,435.0,normalDay
2023-10-26,5243.0,-2745.0,2.0,100,412.55,440.0,0,0.0,0.0,,0.0,1,0.02,0.0,SPY231026C00435000,435.0,expirationDay
2023-10-27,5243.0,-2932.0,0.0,100,410.68,440.0,0,0.0,0.0,,0.0,0,0.0,0.0,,0.0,bidTooLow
2023-10-30,5243.0,-2441.0,0.0,100,415.59,440.0,0,0.0,0.0,,0.0,0,0.0,0.0,,0.0,bidTooLow
2023-10-31,5243.0,-2180.0,0.0,100,418.2,440.0,0,0.0,0.0,,0.0,0,0.0,0.0,,0.0,bidTooLow
2023-11-01,5243.0,-1734.0,0.0,100,422.66,440.0,0,0.0,0.0,,0.0,0,0.0,0.0,,0.0,bidTooLow
2023-11-02,5243.0,-927.0,0.0,100,430.76,440.0,0,0.0,0.0,,0.0,1,0.09,0.12,SPY231103C00436000,436.0,normalDay
2023-11-03,5252.0,-531.0,9.0,100,434.69,440.0,0,0.0,0.0,,0.0,1,0.09,0.0,SPY231103C00436000,436.0,expirationDay
2023-11-06,5252.0,-434.0,0.0,100,435.69,440.0,0,0.0,0.0,,0.0,1,1.33,1.36,SPY231109C00437000,437.0,normalDay
2023-11-07,5252.0,-341.0,0.0,100,436.93,440.0,0,0.0,0.0,,0.0,1,1.33,1.67,SPY231109C00437000,437.0,normalDay
2023-11-08,5252.0,-262.0,0.0,100,437.25,440.0,0,0.0,0.0,,0.0,1,1.33,1.2,SPY231109C00437000,437.0,normalDay
2023-11-09,5385.0,-616.0,133.0,100,433.84,440.0,0,0.0,0.0,,0.0,1,1.33,0.0,SPY231109C00437000,437.0,expirationDay
2023-11-10,5385.0,51.0,0.0,100,440.61,440.0,0,0.0,0.0,,0.0,1,3.18,3.28,SPY231113C00438000,438.0,normalDay
2023-11-13,5503.0,51.0,118.0,0,440.19,0.0,0,0.0,0.0,,0.0,1,3.18,0.0,SPY231113C00438000,438.0,expirationDay
2023-11-14,5503.0,-3.0,0.0,0,448.73,0.0,1,0.02,0.05,SPY231117P00413000,413.0,0,0.0,0.0,,0.0,normalDay
2023-11-15,5503.0,-1.0,0.0,0,449.68,0.0,1,0.02,0.03,SPY231117P00413000,413.0,0,0.0,0.0,,0.0,normalDay
2023-11-16,5503.0,0.0,0.0,0,450.23,0.0,1,0.02,0.02,SPY231117P00413000,413.0,0,0.0,0.0,,0.0,normalDay
2023-11-17,5505.0,0.0,2.0,0,450.79,0.0,1,0.02,0.0,SPY231117P00413000,413.0,0,0.0,0.0,,0.0,expirationDay
2023-11-20,5505.0,0.0,0.0,0,454.26,0.0,0,0.0,0.0,,0.0,0,0.0,0.0,,0.0,bidTooLow
2023-11-21,5505.0,0.0,0.0,0,453.27,0.0,0,0.0,0.0,,0.0,0,0.0,0.0,,0.0,bidTooLow
2023-11-22,5505.0,0.0,0.0,0,455.02,0.0,0,0.0,0.0,,0.0,0,0.0,0.0,,0.0,bidTooLow
2023-11-24,5505.0,0.0,0.0,0,455.3,0.0,0,0.0,0.0,,0.0,0,0.0,0.0,,0.0,bidTooLow
2023-11-27,5505.0,0.0,0.0,0,454.48,0.0,0,0.0,0.0,,0.0,0,0.0,0.0,,0.0,bidTooLow
2023-11-28,5505.0,0.0,0.0,0,454.93,0.0,0,0.0,0.0,,0.0,0,0.0,0.0,,0.0,bidTooLow
2023-11-29,5505.0,0.0,0.0,0,454.61,0.0,0,0.0,0.0,,0.0,0,0.0,0.0,,0.0,bidTooLow
2023-11-30,5505.0,0.0,0.0,0,456.4,0.0,0,0.0,0.0,,0.0,0,0.0,0.0,,0.0,bidTooLow
