date,totalCapital,unrializedPnL,rializedPnL,stocksOwned,stocksPriceToday,stocksPriceBoughtAt,putOwned,putOwnedSoldAt,putPriceToday,putOwnedContract,putOwnedStrike,callOwned,callOwnedSoldAt,callPriceToday,callOwnedContract,callOwnedStrike,trackType
2018-11-01,0.0,-6.0,0.0,0,273.51,0.0,1,5.49,5.55,SPY181221P00269000,269.0,0,0.0,0.0,,0.0,normalDay
2018-11-02,0.0,-56.0,0.0,0,271.89,0.0,1,5.49,6.05,SPY181221P00269000,269.0,0,0.0,0.0,,0.0,normalDay
2018-11-05,0.0,20.0,0.0,0,273.39,0.0,1,5.49,5.29,SPY181221P00269000,269.0,0,0.0,0.0,,0.0,normalDay
2018-11-06,0.0,88.0,0.0,0,275.12,0.0,1,5.49,4.61,SPY181221P00269000,269.0,0,0.0,0.0,,0.0,normalDay
2018-11-07,0.0,300.0,0.0,0,281.01,0.0,1,5.49,2.49,SPY181221P00269000,269.0,0,0.0,0.0,,0.0,normalDay
2018-11-08,0.0,294.0,0.0,0,280.5,0.0,1,5.49,2.55,SPY181221P00269000,269.0,0,0.0,0.0,,0.0,normalDay
2018-11-09,0.0,219.0,0.0,0,277.76,0.0,1,5.49,3.3,SPY181221P00269000,269.0,0,0.0,0.0,,0.0,normalDay
2018-11-12,0.0,37.0,0.0,0,272.57,0.0,1,5.49,5.12,SPY181221P00269000,269.0,0,0.0,0.0,,0.0,normalDay
2018-11-13,0.0,17.0,0.0,0,272.06,0.0,1,5.49,5.32,SPY181221P00269000,269.0,0,0.0,0.0,,0.0,normalDay
2018-11-14,0.0,-90.0,0.0,0,270.2,0.0,1,5.49,6.39,SPY181221P00269000,269.0,0,0.0,0.0,,0.0,normalDay
2018-11-15,0.0,66.0,0.0,0,273.02,0.0,1,5.49,4.83,SPY181221P00269000,269.0,0,0.0,0.0,,0.0,normalDay
2018-11-16,0.0,148.0,0.0,0,273.73,0.0,1,5.49,4.01,SPY181221P00269000,269.0,0,0.0,0.0,,0.0,normalDay
2018-11-19,0.0,-52.0,0.0,0,269.1,0.0,1,5.49,6.01,SPY181221P00269000,269.0,0,0.0,0.0,,0.0,normalDay
2018-11-20,0.0,-379.0,0.0,0,264.12,0.0,1,5.49,9.28,SPY181221P00269000,269.0,0,0.0,0.0,,0.0,normalDay
2018-11-21,0.0,-279.0,0.0,0,265.02,0.0,1,5.49,8.28,SPY181221P00269000,269.0,0,0.0,0.0,,0.0,normalDay
2018-11-23,0.0,-402.0,0.0,0,263.25,0.0,1,5.49,9.51,SPY181221P00269000,269.0,0,0.0,0.0,,0.0,normalDay
2018-11-26,0.0,-43.0,0.0,0,267.5,0.0,1,5.49,5.92,SPY181221P00269000,269.0,0,0.0,0.0,,0.0,normalDay
2018-11-27,0.0,-21.0,0.0,0,268.4,0.0,1,5.49,5.7,SPY181221P00269000,269.0,0,0.0,0.0,,0.0,normalDay
2018-11-28,0.0,226.0,0.0,0,274.58,0.0,1,5.49,3.23,SPY181221P00269000,269.0,0,0.0,0.0,,0.0,normalDay
2018-11-29,0.0,217.0,0.0,0,273.98,0.0,1,5.49,3.32,SPY181221P00269000,269.0,0,0.0,0.0,,0.0,normalDay
2018-11-30,0.0,282.0,0.0,0,275.65,0.0,1,5.49,2.67,SPY181221P00269000,269.0,0,0.0,0.0,,0.0,normalDay
2018-12-03,0.0,418.0,0.0,0,279.3,0.0,1,5.49,1.31,SPY181221P00269000,269.0,0,0.0,0.0,,0.0,normalDay
2018-12-04,0.0,79.0,0.0,0,270.25,0.0,1,5.49,4.7,SPY181221P00269000,269.0,0,0.0,0.0,,0.0,normalDay
2018-12-06,0.0,86.0,0.0,0,269.84,0.0,1,5.49,4.63,SPY181221P00269000,269.0,0,0.0,0.0,,0.0,normalDay
2018-12-07,0.0,-329.0,0.0,0,263.57,0.0,1,5.49,8.78,SPY181221P00269000,269.0,0,0.0,0.0,,0.0,normalDay
2018-12-10,0.0,-192.0,0.0,0,264.07,0.0,1,5.49,7.41,SPY181221P00269000,269.0,0,0.0,0.0,,0.0,normalDay
2018-12-11,0.0,-175.0,0.0,0,264.13,0.0,1,5.49,7.24,SPY181221P00269000,269.0,0,0.0,0.0,,0.0,normalDay
2018-12-12,0.0,-96.0,0.0,0,265.46,0.0,1,5.49,6.45,SPY181221P00269000,269.0,0,0.0,0.0,,0.0,normalDay
2018-12-13,0.0,-72.0,0.0,0,265.37,0.0,1,5.49,6.21,SPY181221P00269000,269.0,0,0.0,0.0,,0.0,normalDay
2018-12-14,0.0,-465.0,0.0,0,260.47,0.0,1,5.49,10.14,SPY181221P00269000,269.0,0,0.0,0.0,,0.0,normalDay
2018-12-17,0.0,-949.0,0.0,0,255.36,0.0,1,5.49,14.98,SPY181221P00269000,269.0,0,0.0,0.0,,0.0,normalDay
2018-12-18,0.0,-1046.0,0.0,0,255.08,0.0,1,5.49,15.95,SPY181221P00269000,269.0,0,0.0,0.0,,0.0,normalDay
2018-12-19,0.0,-1364.0,0.0,0,251.26,0.0,1,5.49,19.13,SPY181221P00269000,269.0,0,0.0,0.0,,0.0,normalDay
2018-12-20,0.0,-1713.0,0.0,0,247.17,0.0,1,5.49,22.62,SPY181221P00269000,269.0,0,0.0,0.0,,0.0,normalDay
2018-12-21,549.0,-2830.0,549.0,100,240.7,269.0,1,5.49,0.0,SPY181221P00269000,269.0,0,0.0,0.0,,0.0,expirationDay
2018-12-24,549.0,-3466.0,0.0,100,234.34,269.0,0,0.0,0.0,,0.0,0,0.0,0.0,,0.0,bidTooLow
2018-12-26,549.0,-2282.0,0.0,100,246.18,269.0,0,0.0,0.0,,0.0,0,0.0,0.0,,0.0,bidTooLow
2018-12-27,549.0,-2093.0,0.0,100,248.07,269.0,0,0.0,0.0,,0.0,0,0.0,0.0,,0.0,bidTooLow
2018-12-28,549.0,-2125.0,0.0,100,247.75,269.0,0,0.0,0.0,,0.0,0,0.0,0.0,,0.0,bidTooLow
2018-12-31,549.0,-1908.0,0.0,100,249.92,269.0,0,0.0,0.0,,0.0,0,0.0,0.0,,0.0,bidTooLow
2019-01-02,549.0,-1882.0,0.0,100,250.18,269.0,0,0.0,0.0,,0.0,0,0.0,0.0,,0.0,bidTooLow
2019-01-03,549.0,-2479.0,0.0,100,244.21,269.0,0,0.0,0.0,,0.0,0,0.0,0.0,,0.0,bidTooLow
2019-01-04,549.0,-1665.0,0.0,100,252.39,269.0,0,0.0,0.0,,0.0,1,0.2,0.24,SPY190107C00256000,256.0,normalDay
2019-01-07,569.0,-1462.0,20.0,100,254.38,269.0,0,0.0,0.0,,0.0,1,0.2,0.0,SPY190107C00256000,256.0,expirationDay
2019-01-08,569.0,-1229.0,0.0,100,256.77,269.0,0,0.0,0.0,,0.0,1,3.34,3.4,SPY190111C00254500,254.5,normalDay
2019-01-09,569.0,-1176.0,0.0,100,257.97,269.0,0,0.0,0.0,,0.0,1,3.34,4.07,SPY190111C00254500,254.5,normalDay
2019-01-10,569.0,-1141.0,0.0,100,258.88,269.0,0,0.0,0.0,,0.0,1,3.34,4.63,SPY190111C00254500,254.5,normalDay
2019-01-11,-547.0,-1141.0,-1116.0,0,258.98,0.0,0,0.0,0.0,,0.0,1,3.34,0.0,SPY190111C00254500,254.5,expirationDay
2019-01-14,-547.0,-4.0,0.0,0,257.4,0.0,1,2.62,2.66,SPY190301P00246000,246.0,0,0.0,0.0,,0.0,normalDay
2019-01-15,-547.0,59.0,0.0,0,260.35,0.0,1,2.62,2.03,SPY190301P00246000,246.0,0,0.0,0.0,,0.0,normalDay
2019-01-16,-547.0,72.0,0.0,0,260.98,0.0,1,2.62,1.9,SPY190301P00246000,246.0,0,0.0,0.0,,0.0,normalDay
2019-01-17,-547.0,107.0,0.0,0,262.96,0.0,1,2.62,1.55,SPY190301P00246000,246.0,0,0.0,0.0,,0.0,normalDay
2019-01-18,-547.0,141.0,0.0,0,266.46,0.0,1,2.62,1.21,SPY190301P00246000,246.0,0,0.0,0.0,,0.0,normalDay
2019-01-22,-547.0,82.0,0.0,0,262.86,0.0,1,2.62,1.8,SPY190301P00246000,246.0,0,0.0,0.0,,0.0,normalDay
2019-01-23,-547.0,97.0,0.0,0,263.41,0.0,1,2.62,1.65,SPY190301P00246000,246.0,0,0.0,0.0,,0.0,normalDay
2019-01-24,-547.0,113.0,0.0,0,263.55,0.0,1,2.62,1.49,SPY190301P00246000,246.0,0,0.0,0.0,,0.0,normalDay
2019-01-25,-547.0,163.0,0.0,0,265.78,0.0,1,2.62,0.99,SPY190301P00246000,246.0,0,0.0,0.0,,0.0,normalDay
2019-01-28,-547.0,142.0,0.0,0,263.76,0.0,1,2.62,1.2,SPY190301P00246000,246.0,0,0.0,0.0,,0.0,normalDay
2019-01-29,-547.0,137.0,0.0,0,263.41,0.0,1,2.62,1.25,SPY190301P00246000,246.0,0,0.0,0.0,,0.0,normalDay
2019-01-30,-547.0,191.0,0.0,0,267.58,0.0,1,2.62,0.71,SPY190301P00246000,246.0,0,0.0,0.0,,0.0,normalDay
2019-01-31,-547.0,215.0,0.0,0,269.93,0.0,1,2.62,0.47,SPY190301P00246000,246.0,0,0.0,0.0,,0.0,normalDay
2019-02-01,-547.0,219.0,0.0,0,270.06,0.0,1,2.62,0.43,SPY190301P00246000,246.0,0,0.0,0.0,,0.0,normalDay
2019-02-04,-547.0,232.0,0.0,0,271.96,0.0,1,2.62,0.3,SPY190301P00246000,246.0,0,0.0,0.0,,0.0,normalDay
2019-02-05,-547.0,236.0,0.0,0,273.1,0.0,1,2.62,0.26,SPY190301P00246000,246.0,0,0.0,0.0,,0.0,normalDay
2019-02-06,-547.0,237.0,0.0,0,272.74,0.0,1,2.62,0.25,SPY190301P00246000,246.0,0,0.0,0.0,,0.0,normalDay
2019-02-07,-547.0,230.0,0.0,0,270.14,0.0,1,2.62,0.32,SPY190301P00246000,246.0,0,0.0,0.0,,0.0,normalDay
2019-02-08,-547.0,239.0,0.0,0,270.47,0.0,1,2.62,0.23,SPY190301P00246000,246.0,0,0.0,0.0,,0.0,normalDay
2019-02-11,-547.0,243.0,0.0,0,270.62,0.0,1,2.62,0.19,SPY190301P00246000,246.0,0,0.0,0.0,,0.0,normalDay
2019-02-12,-547.0,249.0,0.0,0,274.1,0.0,1,2.62,0.13,SPY190301P00246000,246.0,0,0.0,0.0,,0.0,normalDay
2019-02-13,-547.0,251.0,0.0,0,274.99,0.0,1,2.62,0.11,SPY190301P00246000,246.0,0,0.0,0.0,,0.0,normalDay
2019-02-14,-547.0,250.0,0.0,0,274.38,0.0,1,2.62,0.12,SPY190301P00246000,246.0,0,0.0,0.0,,0.0,normalDay
2019-02-15,-547.0,255.0,0.0,0,277.37,0.0,1,2.62,0.07,SPY190301P00246000,246.0,0,0.0,0.0,,0.0,normalDay
2019-02-19,-547.0,259.0,0.0,0,277.85,0.0,1,2.62,0.03,SPY190301P00246000,246.0,0,0.0,0.0,,0.0,normalDay
2019-02-20,-547.0,260.0,0.0,0,278.41,0.0,1,2.62,0.02,SPY190301P00246000,246.0,0,0.0,0.0,,0.0,normalDay
2019-02-21,-547.0,260.0,0.0,0,277.42,0.0,1,2.62,0.02,SPY190301P00246000,246.0,0,0.0,0.0,,0.0,normalDay
2019-02-22,-547.0,261.0,0.0,0,279.14,0.0,1,2.62,0.01,SPY190301P00246000,246.0,0,0.0,0.0,,0.0,normalDay
2019-02-25,-547.0,261.0,0.0,0,279.52,0.0,1,2.62,0.01,SPY190301P00246000,246.0,0,0.0,0.0,,0.0,normalDay
2019-02-26,-547.0,261.0,0.0,0,279.32,0.0,1,2.62,0.01,SPY190301P00246000,246.0,0,0.0,0.0,,0.0,normalDay
2019-02-27,-547.0,261.0,0.0,0,279.2,0.0,1,2.62,0.01,SPY190301P00246000,246.0,0,0.0,0.0,,0.0,normalDay
2019-02-28,-547.0,261.0,0.0,0,278.68,0.0,1,2.62,0.01,SPY190301P00246000,246.0,0,0.0,0.0,,0.0,normalDay
2019-03-01,-285.0,0.0,262.0,0,280.42,0.0,1,2.62,0.0,SPY190301P00246000,246.0,0,0.0,0.0,,0.0,expirationDay
2019-03-04,-285.0,-4.0,0.0,0,279.4,0.0,1,2.89,2.93,SPY190418P00273000,273.0,0,0.0,0.0,,0.0,normalDay
2019-03-05,-285.0,-10.0,0.0,0,279.02,0.0,1,2.89,2.99,SPY190418P00273000,273.0,0,0.0,0.0,,0.0,normalDay
2019-03-06,-285.0,-68.0,0.0,0,277.33,0.0,1,2.89,3.57,SPY190418P00273000,273.0,0,0.0,0.0,,0.0,normalDay
2019-03-07,-285.0,-158.0,0.0,0,275.01,0.0,1,2.89,4.47,SPY190418P00273000,273.0,0,0.0,0.0,,0.0,normalDay
2019-03-08,-285.0,-164.0,0.0,0,274.46,0.0,1,2.89,4.53,SPY190418P00273000,273.0,0,0.0,0.0,,0.0,normalDay
2019-03-11,-285.0,8.0,0.0,0,278.44,0.0,1,2.89,2.81,SPY190418P00273000,273.0,0,0.0,0.0,,0.0,normalDay
2019-03-12,-285.0,54.0,0.0,0,279.49,0.0,1,2.89,2.35,SPY190418P00273000,273.0,0,0.0,0.0,,0.0,normalDay
2019-03-13,-285.0,116.0,0.0,0,281.34,0.0,1,2.89,1.73,SPY190418P00273000,273.0,0,0.0,0.0,,0.0,normalDay
2019-03-14,-285.0,110.0,0.0,0,281.16,0.0,1,2.89,1.79,SPY190418P00273000,273.0,0,0.0,0.0,,0.0,normalDay
2019-03-15,-285.0,145.0,0.0,0,281.31,0.0,1,2.89,1.44,SPY190418P00273000,273.0,0,0.0,0.0,,0.0,normalDay
2019-03-18,-285.0,168.0,0.0,0,282.33,0.0,1,2.89,1.21,SPY190418P00273000,273.0,0,0.0,0.0,,0.0,normalDay
2019-03-19,-285.0,156.0,0.0,0,282.4,0.0,1,2.89,1.33,SPY190418P00273000,273.0,0,0.0,0.0,,0.0,normalDay
2019-03-20,-285.0,143.0,0.0,0,281.55,0.0,1,2.89,1.46,SPY190418P00273000,273.0,0,0.0,0.0,,0.0,normalDay
2019-03-21,-285.0,189.0,0.0,0,284.73,0.0,1,2.89,1.0,SPY190418P00273000,273.0,0,0.0,0.0,,0.0,normalDay
2019-03-22,-285.0,64.0,0.0,0,279.25,0.0,1,2.89,2.25,SPY190418P00273000,273.0,0,0.0,0.0,,0.0,normalDay
2019-03-25,-285.0,70.0,0.0,0,279.04,0.0,1,2.89,2.19,SPY190418P00273000,273.0,0,0.0,0.0,,0.0,normalDay
2019-03-26,-285.0,146.0,0.0,0,281.12,0.0,1,2.89,1.43,SPY190418P00273000,273.0,0,0.0,0.0,,0.0,normalDay
2019-03-27,-285.0,120.0,0.0,0,279.65,0.0,1,2.89,1.69,SPY190418P00273000,273.0,0,0.0,0.0,,0.0,normalDay
2019-03-28,-285.0,163.0,0.0,0,280.71,0.0,1,2.89,1.26,SPY190418P00273000,273.0,0,0.0,0.0,,0.0,normalDay
2019-03-29,-285.0,209.0,0.0,0,282.48,0.0,1,2.89,0.8,SPY190418P00273000,273.0,0,0.0,0.0,,0.0,normalDay
2019-04-01,-285.0,247.0,0.0,0,285.83,0.0,1,2.89,0.42,SPY190418P00273000,273.0,0,0.0,0.0,,0.0,normalDay
2019-04-02,-285.0,253.0,0.0,0,285.97,0.0,1,2.89,0.36,SPY190418P00273000,273.0,0,0.0,0.0,,0.0,normalDay
2019-04-03,-285.0,257.0,0.0,0,286.42,0.0,1,2.89,0.32,SPY190418P00273000,273.0,0,0.0,0.0,,0.0,normalDay
2019-04-04,-285.0,265.0,0.0,0,287.18,0.0,1,2.89,0.24,SPY190418P00273000,273.0,0,0.0,0.0,,0.0,normalDay
2019-04-05,-285.0,276.0,0.0,0,288.57,0.0,1,2.89,0.13,SPY190418P00273000,273.0,0,0.0,0.0,,0.0,normalDay
2019-04-08,-285.0,278.0,0.0,0,288.79,0.0,1,2.89,0.11,SPY190418P00273000,273.0,0,0.0,0.0,,0.0,normalDay
2019-04-09,-285.0,274.0,0.0,0,287.31,0.0,1,2.89,0.15,SPY190418P00273000,273.0,0,0.0,0.0,,0.0,normalDay
2019-04-10,-285.0,281.0,0.0,0,288.29,0.0,1,2.89,0.08,SPY190418P00273000,273.0,0,0.0,0.0,,0.0,normalDay
2019-04-11,-285.0,283.0,0.0,0,288.21,0.0,1,2.89,0.06,SPY190418P00273000,273.0,0,0.0,0.0,,0.0,normalDay
2019-04-12,-285.0,286.0,0.0,0,290.16,0.0,1,2.89,0.03,SPY190418P00273000,273.0,0,0.0,0.0,,0.0,normalDay
2019-04-15,-285.0,287.0,0.0,0,289.97,0.0,1,2.89,0.02,SPY190418P00273000,273.0,0,0.0,0.0,,0.0,normalDay
2019-04-16,-285.0,287.0,0.0,0,290.16,0.0,1,2.89,0.02,SPY190418P00273000,273.0,0,0.0,0.0,,0.0,normalDay
2019-04-17,-285.0,288.0,0.0,0,289.45,0.0,1,2.89,0.01,SPY190418P00273000,273.0,0,0.0,0.0,,0.0,normalDay
2019-04-18,4.0,0.0,289.0,0,290.02,0.0,1,2.89,0.0,SPY190418P00273000,273.0,0,0.0,0.0,,0.0,expirationDay
2019-04-22,4.0,-4.0,0.0,0,290.27,0.0,1,1.72,1.76,SPY190531P00283000,283.0,0,0.0,0.0,,0.0,normalDay
2019-04-23,4.0,35.0,0.0,0,292.88,0.0,1,1.72,1.37,SPY190531P00283000,283.0,0,0.0,0.0,,0.0,normalDay
2019-04-24,4.0,19.0,0.0,0,292.23,0.0,1,1.72,1.53,SPY190531P00283000,283.0,0,0.0,0.0,,0.0,normalDay
2019-04-25,4.0,13.0,0.0,0,292.05,0.0,1,1.72,1.59,SPY190531P00283000,283.0,0,0.0,0.0,,0.0,normalDay
2019-04-26,4.0,42.0,0.0,0,293.41,0.0,1,1.72,1.3,SPY190531P00283000,283.0,0,0.0,0.0,,0.0,normalDay
2019-04-29,4.0,52.0,0.0,0,293.87,0.0,1,1.72,1.2,SPY190531P00283000,283.0,0,0.0,0.0,,0.0,normalDay
2019-04-30,4.0,57.0,0.0,0,294.02,0.0,1,1.72,1.15,SPY190531P00283000,283.0,0,0.0,0.0,,0.0,normalDay
2019-05-01,4.0,5.0,0.0,0,291.81,0.0,1,1.72,1.67,SPY190531P00283000,283.0,0,0.0,0.0,,0.0,normalDay
2019-05-02,4.0,-2.0,0.0,0,291.18,0.0,1,1.72,1.74,SPY190531P00283000,283.0,0,0.0,0.0,,0.0,normalDay
2019-05-03,4.0,66.0,0.0,0,294.03,0.0,1,1.72,1.06,SPY190531P00283000,283.0,0,0.0,0.0,,0.0,normalDay
2019-05-06,4.0,20.0,0.0,0,292.82,0.0,1,1.72,1.52,SPY190531P00283000,283.0,0,0.0,0.0,,0.0,normalDay
2019-05-07,4.0,-166.0,0.0,0,287.93,0.0,1,1.72,3.38,SPY190531P00283000,283.0,0,0.0,0.0,,0.0,normalDay
2019-05-08,4.0,-165.0,0.0,0,287.53,0.0,1,1.72,3.37,SPY190531P00283000,283.0,0,0.0,0.0,,0.0,normalDay
2019-05-09,4.0,-178.0,0.0,0,286.66,0.0,1,1.72,3.5,SPY190531P00283000,283.0,0,0.0,0.0,,0.0,normalDay
2019-05-10,4.0,-68.0,0.0,0,288.1,0.0,1,1.72,2.4,SPY190531P00283000,283.0,0,0.0,0.0,,0.0,normalDay
2019-05-13,4.0,-399.0,0.0,0,280.86,0.0,1,1.72,5.71,SPY190531P00283000,283.0,0,0.0,0.0,,0.0,normalDay
2019-05-14,4.0,-217.0,0.0,0,283.4,0.0,1,1.72,3.89,SPY190531P00283000,283.0,0,0.0,0.0,,0.0,normalDay
2019-05-15,4.0,-97.0,0.0,0,285.06,0.0,1,1.72,2.69,SPY190531P00283000,283.0,0,0.0,0.0,,0.0,normalDay
2019-05-16,4.0,1.0,0.0,0,287.7,0.0,1,1.72,1.71,SPY190531P00283000,283.0,0,0.0,0.0,,0.0,normalDay
2019-05-17,4.0,-56.0,0.0,0,285.84,0.0,1,1.72,2.28,SPY190531P00283000,283.0,0,0.0,0.0,,0.0,normalDay
2019-05-20,4.0,-86.0,0.0,0,283.95,0.0,1,1.72,2.58,SPY190531P00283000,283.0,0,0.0,0.0,,0.0,normalDay
2019-05-21,4.0,35.0,0.0,0,286.51,0.0,1,1.72,1.37,SPY190531P00283000,283.0,0,0.0,0.0,,0.0,normalDay
2019-05-22,4.0,31.0,0.0,0,285.63,0.0,1,1.72,1.41,SPY190531P00283000,283.0,0,0.0,0.0,,0.0,normalDay
2019-05-23,4.0,-141.0,0.0,0,282.14,0.0,1,1.72,3.13,SPY190531P00283000,283.0,0,0.0,0.0,,0.0,normalDay
2019-05-24,4.0,-56.0,0.0,0,282.78,0.0,1,1.72,2.28,SPY190531P00283000,283.0,0,0.0,0.0,,0.0,normalDay
2019-05-28,4.0,-166.0,0.0,0,280.15,0.0,1,1.72,3.38,SPY190531P00283000,283.0,0,0.0,0.0,,0.0,normalDay
2019-05-29,4.0,-320.0,0.0,0,278.27,0.0,1,1.72,4.92,SPY190531P00283000,283.0,0,0.0,0.0,,0.0,normalDay
2019-05-30,4.0,-238.0,0.0,0,279.03,0.0,1,1.72,4.1,SPY190531P00283000,283.0,0,0.0,0.0,,0.0,normalDay
2019-05-31,176.0,-773.0,172.0,100,275.27,283.0,1,1.72,0.0,SPY190531P00283000,283.0,0,0.0,0.0,,0.0,expirationDay
2019-06-03,176.0,-843.0,0.0,100,274.57,283.0,0,0.0,0.0,,0.0,0,0.0,0.0,,0.0,bidTooLow
2019-06-04,176.0,-250.0,0.0,100,280.53,283.0,0,0.0,0.0,,0.0,1,0.4,0.43,SPY190607C00284000,284.0,normalDay
2019-06-05,176.0,-46.0,0.0,100,282.96,283.0,0,0.0,0.0,,0.0,1,0.4,0.82,SPY190607C00284000,284.0,normalDay
2019-06-06,176.0,73.0,0.0,100,284.8,283.0,0,0.0,0.0,,0.0,1,0.4,1.47,SPY190607C00284000,284.0,normalDay
2019-06-07,316.0,73.0,140.0,0,287.65,0.0,0,0.0,0.0,,0.0,1,0.4,0.0,SPY190607C00284000,284.0,expirationDay
2019-06-10,316.0,-5.0,0.0,0,288.97,0.0,1,3.16,3.21,SPY190726P00280000,280.0,0,0.0,0.0,,0.0,normalDay
2019-06-11,316.0,-13.0,0.0,0,288.9,0.0,1,3.16,3.29,SPY190726P00280000,280.0,0,0.0,0.0,,0.0,normalDay
2019-06-12,316.0,-14.0,0.0,0,288.39,0.0,1,3.16,3.3,SPY190726P00280000,280.0,0,0.0,0.0,,0.0,normalDay
2019-06-13,316.0,20.0,0.0,0,289.58,0.0,1,3.16,2.96,SPY190726P00280000,280.0,0,0.0,0.0,,0.0,normalDay
2019-06-14,316.0,34.0,0.0,0,289.26,0.0,1,3.16,2.82,SPY190726P00280000,280.0,0,0.0,0.0,,0.0,normalDay
2019-06-17,316.0,52.0,0.0,0,289.37,0.0,1,3.16,2.64,SPY190726P00280000,280.0,0,0.0,0.0,,0.0,normalDay
2019-06-18,316.0,113.0,0.0,0,292.4,0.0,1,3.16,2.03,SPY190726P00280000,280.0,0,0.0,0.0,,0.0,normalDay
2019-06-19,316.0,149.0,0.0,0,293.06,0.0,1,3.16,1.67,SPY190726P00280000,280.0,0,0.0,0.0,,0.0,normalDay
2019-06-20,316.0,183.0,0.0,0,295.86,0.0,1,3.16,1.33,SPY190726P00280000,280.0,0,0.0,0.0,,0.0,normalDay
2019-06-21,316.0,173.0,0.0,0,294.0,0.0,1,3.16,1.43,SPY190726P00280000,280.0,0,0.0,0.0,,0.0,normalDay
2019-06-24,316.0,182.0,0.0,0,293.64,0.0,1,3.16,1.34,SPY190726P00280000,280.0,0,0.0,0.0,,0.0,normalDay
2019-06-25,316.0,129.0,0.0,0,290.76,0.0,1,3.16,1.87,SPY190726P00280000,280.0,0,0.0,0.0,,0.0,normalDay
2019-06-26,316.0,128.0,0.0,0,290.47,0.0,1,3.16,1.88,SPY190726P00280000,280.0,0,0.0,0.0,,0.0,normalDay
2019-06-27,316.0,163.0,0.0,0,291.5,0.0,1,3.16,1.53,SPY190726P00280000,280.0,0,0.0,0.0,,0.0,normalDay
2019-06-28,316.0,197.0,0.0,0,293.0,0.0,1,3.16,1.19,SPY190726P00280000,280.0,0,0.0,0.0,,0.0,normalDay
2019-07-01,316.0,249.0,0.0,0,295.66,0.0,1,3.16,0.67,SPY190726P00280000,280.0,0,0.0,0.0,,0.0,normalDay
2019-07-02,316.0,270.0,0.0,0,296.43,0.0,1,3.16,0.46,SPY190726P00280000,280.0,0,0.0,0.0,,0.0,normalDay
2019-07-03,316.0,285.0,0.0,0,298.8,0.0,1,3.16,0.31,SPY190726P00280000,280.0,0,0.0,0.0,,0.0,normalDay
2019-07-05,316.0,284.0,0.0,0,298.46,0.0,1,3.16,0.32,SPY190726P00280000,280.0,0,0.0,0.0,,0.0,normalDay
2019-07-08,316.0,283.0,0.0,0,296.82,0.0,1,3.16,0.33,SPY190726P00280000,280.0,0,0.0,0.0,,0.0,normalDay
2019-07-09,316.0,286.0,0.0,0,297.19,0.0,1,3.16,0.3,SPY190726P00280000,280.0,0,0.0,0.0,,0.0,normalDay
2019-07-10,316.0,298.0,0.0,0,298.61,0.0,1,3.16,0.18,SPY190726P00280000,280.0,0,0.0,0.0,,0.0,normalDay
2019-07-11,316.0,299.0,0.0,0,299.31,0.0,1,3.16,0.17,SPY190726P00280000,280.0,0,0.0,0.0,,0.0,normalDay
2019-07-12,316.0,304.0,0.0,0,300.65,0.0,1,3.16,0.12,SPY190726P00280000,280.0,0,0.0,0.0,,0.0,normalDay
2019-07-15,316.0,304.0,0.0,0,300.75,0.0,1,3.16,0.12,SPY190726P00280000,280.0,0,0.0,0.0,,0.0,normalDay
2019-07-16,316.0,303.0,0.0,0,299.78,0.0,1,3.16,0.13,SPY190726P00280000,280.0,0,0.0,0.0,,0.0,normalDay
2019-07-17,316.0,299.0,0.0,0,297.74,0.0,1,3.16,0.17,SPY190726P00280000,280.0,0,0.0,0.0,,0.0,normalDay
2019-07-18,316.0,306.0,0.0,0,298.83,0.0,1,3.16,0.1,SPY190726P00280000,280.0,0,0.0,0.0,,0.0,normalDay
2019-07-19,316.0,309.0,0.0,0,297.17,0.0,1,3.16,0.07,SPY190726P00280000,280.0,0,0.0,0.0,,0.0,normalDay
2019-07-22,316.0,313.0,0.0,0,297.9,0.0,1,3.16,0.03,SPY190726P00280000,280.0,0,0.0,0.0,,0.0,normalDay
2019-07-23,316.0,314.0,0.0,0,300.03,0.0,1,3.16,0.02,SPY190726P00280000,280.0,0,0.0,0.0,,0.0,normalDay
2019-07-24,316.0,315.0,0.0,0,301.44,0.0,1,3.16,0.01,SPY190726P00280000,280.0,0,0.0,0.0,,0.0,normalDay
2019-07-25,316.0,315.0,0.0,0,300.0,0.0,1,3.16,0.01,SPY190726P00280000,280.0,0,0.0,0.0,,0.0,normalDay
2019-07-26,632.0,0.0,316.0,0,302.01,0.0,1,3.16,0.0,SPY190726P00280000,280.0,0,0.0,0.0,,0.0,expirationDay
2019-07-29,632.0,-4.0,0.0,0,301.46,0.0,1,3.97,4.01,SPY190920P00298000,298.0,0,0.0,0.0,,0.0,normalDay
2019-07-30,632.0,-63.0,0.0,0,300.72,0.0,1,3.97,4.6,SPY190920P00298000,298.0,0,0.0,0.0,,0.0,normalDay
2019-07-31,632.0,-240.0,0.0,0,297.43,0.0,1,3.97,6.37,SPY190920P00298000,298.0,0,0.0,0.0,,0.0,normalDay
2019-08-01,632.0,-399.0,0.0,0,294.84,0.0,1,3.97,7.96,SPY190920P00298000,298.0,0,0.0,0.0,,0.0,normalDay
2019-08-02,632.0,-538.0,0.0,0,292.62,0.0,1,3.97,9.35,SPY190920P00298000,298.0,0,0.0,0.0,,0.0,normalDay
2019-08-05,632.0,-1270.0,0.0,0,283.82,0.0,1,3.97,16.67,SPY190920P00298000,298.0,0,0.0,0.0,,0.0,normalDay
2019-08-06,632.0,-858.0,0.0,0,287.8,0.0,1,3.97,12.55,SPY190920P00298000,298.0,0,0.0,0.0,,0.0,normalDay
2019-08-07,632.0,-836.0,0.0,0,287.97,0.0,1,3.97,12.33,SPY190920P00298000,298.0,0,0.0,0.0,,0.0,normalDay
2019-08-08,632.0,-421.0,0.0,0,293.62,0.0,1,3.97,8.18,SPY190920P00298000,298.0,0,0.0,0.0,,0.0,normalDay
2019-08-09,632.0,-551.0,0.0,0,291.62,0.0,1,3.97,9.48,SPY190920P00298000,298.0,0,0.0,0.0,,0.0,normalDay
2019-08-12,632.0,-866.0,0.0,0,288.07,0.0,1,3.97,12.63,SPY190920P00298000,298.0,0,0.0,0.0,,0.0,normalDay
2019-08-13,632.0,-482.0,0.0,0,292.55,0.0,1,3.97,8.79,SPY190920P00298000,298.0,0,0.0,0.0,,0.0,normalDay
2019-08-14,632.0,-1181.0,0.0,0,283.9,0.0,1,3.97,15.78,SPY190920P00298000,298.0,0,0.0,0.0,,0.0,normalDay
2019-08-15,632.0,-1103.0,0.0,0,284.65,0.0,1,3.97,15.0,SPY190920P00298000,298.0,0,0.0,0.0,,0.0,normalDay
2019-08-16,632.0,-744.0,0.0,0,288.85,0.0,1,3.97,11.41,SPY190920P00298000,298.0,0,0.0,0.0,,0.0,normalDay
2019-08-19,632.0,-451.0,0.0,0,292.33,0.0,1,3.97,8.48,SPY190920P00298000,298.0,0,0.0,0.0,,0.0,normalDay
2019-08-20,632.0,-630.0,0.0,0,290.09,0.0,1,3.97,10.27,SPY190920P00298000,298.0,0,0.0,0.0,,0.0,normalDay
2019-08-21,632.0,-393.0,0.0,0,292.45,0.0,1,3.97,7.9,SPY190920P00298000,298.0,0,0.0,0.0,,0.0,normalDay
2019-08-22,632.0,-425.0,0.0,0,292.36,0.0,1,3.97,8.22,SPY190920P00298000,298.0,0,0.0,0.0,,0.0,normalDay
2019-08-23,632.0,-994.0,0.0,0,284.85,0.0,1,3.97,13.91,SPY190920P00298000,298.0,0,0.0,0.0,,0.0,normalDay
2019-08-26,632.0,-751.0,0.0,0,288.0,0.0,1,3.97,11.48,SPY190920P00298000,298.0,0,0.0,0.0,,0.0,normalDay
2019-08-27,632.0,-885.0,0.0,0,286.87,0.0,1,3.97,12.82,SPY190920P00298000,298.0,0,0.0,0.0,,0.0,normalDay
2019-08-28,632.0,-682.0,0.0,0,288.89,0.0,1,3.97,10.79,SPY190920P00298000,298.0,0,0.0,0.0,,0.0,normalDay
2019-08-29,632.0,-390.0,0.0,0,292.58,0.0,1,3.97,7.87,SPY190920P00298000,298.0,0,0.0,0.0,,0.0,normalDay
2019-08-30,632.0,-407.0,0.0,0,292.45,0.0,1,3.97,8.04,SPY190920P00298000,298.0,0,0.0,0.0,,0.0,normalDay
2019-09-03,632.0,-521.0,0.0,0,290.74,0.0,1,3.97,9.18,SPY190920P00298000,298.0,0,0.0,0.0,,0.0,normalDay
2019-09-04,632.0,-236.0,0.0,0,294.04,0.0,1,3.97,6.33,SPY190920P00298000,298.0,0,0.0,0.0,,0.0,normalDay
2019-09-05,632.0,3.0,0.0,0,297.82,0.0,1,3.97,3.94,SPY190920P00298000,298.0,0,0.0,0.0,,0.0,normalDay
2019-09-06,632.0,79.0,0.0,0,298.05,0.0,1,3.97,3.18,SPY190920P00298000,298.0,0,0.0,0.0,,0.0,normalDay
2019-09-09,632.0,94.0,0.0,0,298.2,0.0,1,3.97,3.03,SPY190920P00298000,298.0,0,0.0,0.0,,0.0,normalDay
2019-09-10,632.0,98.0,0.0,0,298.13,0.0,1,3.97,2.99,SPY190920P00298000,298.0,0,0.0,0.0,,0.0,normalDay
2019-09-11,632.0,214.0,0.0,0,300.25,0.0,1,3.97,1.83,SPY190920P00298000,298.0,0,0.0,0.0,,0.0,normalDay
2019-09-12,632.0,271.0,0.0,0,301.29,0.0,1,3.97,1.26,SPY190920P00298000,298.0,0,0.0,0.0,,0.0,normalDay
2019-09-13,632.0,278.0,0.0,0,301.09,0.0,1,3.97,1.19,SPY190920P00298000,298.0,0,0.0,0.0,,0.0,normalDay
2019-09-16,632.0,259.0,0.0,0,300.16,0.0,1,3.97,1.38,SPY190920P00298000,298.0,0,0.0,0.0,,0.0,normalDay
2019-09-17,632.0,294.0,0.0,0,300.92,0.0,1,3.97,1.03,SPY190920P00298000,298.0,0,0.0,0.0,,0.0,normalDay
2019-09-18,632.0,333.0,0.0,0,301.1,0.0,1,3.97,0.64,SPY190920P00298000,298.0,0,0.0,0.0,,0.0,normalDay
2019-09-19,632.0,367.0,0.0,0,301.08,0.0,1,3.97,0.3,SPY190920P00298000,298.0,0,0.0,0.0,,0.0,normalDay
2019-09-20,1029.0,0.0,397.0,0,298.28,0.0,1,3.97,0.0,SPY190920P00298000,298.0,0,0.0,0.0,,0.0,expirationDay
2019-09-23,1029.0,-4.0,0.0,0,298.21,0.0,1,4.36,4.4,SPY191115P00293000,293.0,0,0.0,0.0,,0.0,normalDay
2019-09-24,1029.0,-115.0,0.0,0,295.87,0.0,1,4.36,5.51,SPY191115P00293000,293.0,0,0.0,0.0,,0.0,normalDay
2019-09-25,1029.0,-46.0,0.0,0,297.62,0.0,1,4.36,4.82,SPY191115P00293000,293.0,0,0.0,0.0,,0.0,normalDay
2019-09-26,1029.0,-47.0,0.0,0,297.0,0.0,1,4.36,4.83,SPY191115P00293000,293.0,0,0.0,0.0,,0.0,normalDay
2019-09-27,1029.0,-127.0,0.0,0,295.4,0.0,1,4.36,5.63,SPY191115P00293000,293.0,0,0.0,0.0,,0.0,normalDay
2019-09-30,1029.0,-30.0,0.0,0,296.77,0.0,1,4.36,4.66,SPY191115P00293000,293.0,0,0.0,0.0,,0.0,normalDay
2019-10-01,1029.0,-208.0,0.0,0,293.24,0.0,1,4.36,6.44,SPY191115P00293000,293.0,0,0.0,0.0,,0.0,normalDay
2019-10-02,1029.0,-528.0,0.0,0,288.06,0.0,1,4.36,9.64,SPY191115P00293000,293.0,0,0.0,0.0,,0.0,normalDay
2019-10-03,1029.0,-343.0,0.0,0,290.42,0.0,1,4.36,7.79,SPY191115P00293000,293.0,0,0.0,0.0,,0.0,normalDay
2019-10-04,1029.0,-114.0,0.0,0,294.35,0.0,1,4.36,5.5,SPY191115P00293000,293.0,0,0.0,0.0,,0.0,normalDay
2019-10-07,1029.0,-163.0,0.0,0,293.08,0.0,1,4.36,5.99,SPY191115P00293000,293.0,0,0.0,0.0,,0.0,normalDay
2019-10-08,1029.0,-417.0,0.0,0,288.53,0.0,1,4.36,8.53,SPY191115P00293000,293.0,0,0.0,0.0,,0.0,normalDay
2019-10-09,1029.0,-250.0,0.0,0,291.27,0.0,1,4.36,6.86,SPY191115P00293000,293.0,0,0.0,0.0,,0.0,normalDay
2019-10-10,1029.0,-121.0,0.0,0,293.24,0.0,1,4.36,5.57,SPY191115P00293000,293.0,0,0.0,0.0,,0.0,normalDay
2019-10-11,1029.0,49.0,0.0,0,296.28,0.0,1,4.36,3.87,SPY191115P00293000,293.0,0,0.0,0.0,,0.0,normalDay
2019-10-14,1029.0,80.0,0.0,0,295.95,0.0,1,4.36,3.56,SPY191115P00293000,293.0,0,0.0,0.0,,0.0,normalDay
2019-10-15,1029.0,201.0,0.0,0,298.88,0.0,1,4.36,2.35,SPY191115P00293000,293.0,0,0.0,0.0,,0.0,normalDay
2019-10-16,1029.0,197.0,0.0,0,298.4,0.0,1,4.36,2.39,SPY191115P00293000,293.0,0,0.0,0.0,,0.0,normalDay
2019-10-17,1029.0,217.0,0.0,0,299.28,0.0,1,4.36,2.19,SPY191115P00293000,293.0,0,0.0,0.0,,0.0,normalDay
2019-10-18,1029.0,191.0,0.0,0,297.97,0.0,1,4.36,2.45,SPY191115P00293000,293.0,0,0.0,0.0,,0.0,normalDay
2019-10-21,1029.0,265.0,0.0,0,299.99,0.0,1,4.36,1.71,SPY191115P00293000,293.0,0,0.0,0.0,,0.0,normalDay
2019-10-22,1029.0,242.0,0.0,0,299.01,0.0,1,4.36,1.94,SPY191115P00293000,293.0,0,0.0,0.0,,0.0,normalDay
2019-10-23,1029.0,280.0,0.0,0,299.88,0.0,1,4.36,1.56,SPY191115P00293000,293.0,0,0.0,0.0,,0.0,normalDay
2019-10-24,1029.0,299.0,0.0,0,300.37,0.0,1,4.36,1.37,SPY191115P00293000,293.0,0,0.0,0.0,,0.0,normalDay
2019-10-25,1029.0,341.0,0.0,0,301.6,0.0,1,4.36,0.95,SPY191115P00293000,293.0,0,0.0,0.0,,0.0,normalDay
2019-10-28,1029.0,366.0,0.0,0,303.3,0.0,1,4.36,0.7,SPY191115P00293000,293.0,0,0.0,0.0,,0.0,normalDay
2019-10-29,1029.0,368.0,0.0,0,303.21,0.0,1,4.36,0.68,SPY191115P00293000,293.0,0,0.0,0.0,,0.0,normalDay
2019-10-30,1029.0,390.0,0.0,0,304.14,0.0,1,4.36,0.46,SPY191115P00293000,293.0,0,0.0,0.0,,0.0,normalDay
2019-10-31,1029.0,376.0,0.0,0,303.33,0.0,1,4.36,0.6,SPY191115P00293000,293.0,0,0.0,0.0,,0.0,normalDay
2019-11-01,1029.0,410.0,0.0,0,306.14,0.0,1,4.36,0.26,SPY191115P00293000,293.0,0,0.0,0.0,,0.0,normalDay
2019-11-04,1029.0,417.0,0.0,0,307.37,0.0,1,4.36,0.19,SPY191115P00293000,293.0,0,0.0,0.0,,0.0,normalDay
2019-11-05,1029.0,420.0,0.0,0,307.03,0.0,1,4.36,0.16,SPY191115P00293000,293.0,0,0.0,0.0,,0.0,normalDay
2019-11-06,1029.0,427.0,0.0,0,307.1,0.0,1,4.36,0.09,SPY191115P00293000,293.0,0,0.0,0.0,,0.0,normalDay
2019-11-07,1029.0,429.0,0.0,0,308.18,0.0,1,4.36,0.07,SPY191115P00293000,293.0,0,0.0,0.0,,0.0,normalDay
2019-11-08,1029.0,432.0,0.0,0,308.94,0.0,1,4.36,0.04,SPY191115P00293000,293.0,0,0.0,0.0,,0.0,normalDay
2019-11-11,1029.0,433.0,0.0,0,308.35,0.0,1,4.36,0.03,SPY191115P00293000,293.0,0,0.0,0.0,,0.0,normalDay
2019-11-12,1029.0,434.0,0.0,0,309.0,0.0,1,4.36,0.02,SPY191115P00293000,293.0,0,0.0,0.0,,0.0,normalDay
2019-11-13,1029.0,434.0,0.0,0,309.1,0.0,1,4.36,0.02,SPY191115P00293000,293.0,0,0.0,0.0,,0.0,normalDay
2019-11-14,1029.0,435.0,0.0,0,309.55,0.0,1,4.36,0.01,SPY191115P00293000,293.0,0,0.0,0.0,,0.0,normalDay
2019-11-15,1465.0,0.0,436.0,0,311.79,0.0,1,4.36,0.0,SPY191115P00293000,293.0,0,0.0,0.0,,0.0,expirationDay
2019-11-18,1465.0,-4.0,0.0,0,312.02,0.0,1,2.42,2.46,SPY191231P00303000,303.0,0,0.0,0.0,,0.0,normalDay
2019-11-19,1465.0,-13.0,0.0,0,311.93,0.0,1,2.42,2.55,SPY191231P00303000,303.0,0,0.0,0.0,,0.0,normalDay
2019-11-20,1465.0,-38.0,0.0,0,310.77,0.0,1,2.42,2.8,SPY191231P00303000,303.0,0,0.0,0.0,,0.0,normalDay
2019-11-21,1465.0,-50.0,0.0,0,310.27,0.0,1,2.42,2.92,SPY191231P00303000,303.0,0,0.0,0.0,,0.0,normalDay
2019-11-22,1465.0,-12.0,0.0,0,310.96,0.0,1,2.42,2.54,SPY191231P00303000,303.0,0,0.0,0.0,,0.0,normalDay
2019-11-25,1465.0,60.0,0.0,0,313.37,0.0,1,2.42,1.82,SPY191231P00303000,303.0,0,0.0,0.0,,0.0,normalDay
2019-11-26,1465.0,87.0,0.0,0,314.08,0.0,1,2.42,1.55,SPY191231P00303000,303.0,0,0.0,0.0,,0.0,normalDay
2019-11-27,1465.0,107.0,0.0,0,315.48,0.0,1,2.42,1.35,SPY191231P00303000,303.0,0,0.0,0.0,,0.0,normalDay
2019-11-29,1465.0,81.0,0.0,0,314.31,0.0,1,2.42,1.61,SPY191231P00303000,303.0,0,0.0,0.0,,0.0,normalDay
2019-12-02,1465.0,-6.0,0.0,0,311.64,0.0,1,2.42,2.48,SPY191231P00303000,303.0,0,0.0,0.0,,0.0,normalDay
2019-12-03,1465.0,-80.0,0.0,0,309.55,0.0,1,2.42,3.22,SPY191231P00303000,303.0,0,0.0,0.0,,0.0,normalDay
2019-12-04,1465.0,-9.0,0.0,0,311.46,0.0,1,2.42,2.51,SPY191231P00303000,303.0,0,0.0,0.0,,0.0,normalDay
2019-12-05,1465.0,28.0,0.0,0,312.02,0.0,1,2.42,2.14,SPY191231P00303000,303.0,0,0.0,0.0,,0.0,normalDay
2019-12-06,1465.0,101.0,0.0,0,314.87,0.0,1,2.42,1.41,SPY191231P00303000,303.0,0,0.0,0.0,,0.0,normalDay
2019-12-09,1465.0,68.0,0.0,0,313.88,0.0,1,2.42,1.74,SPY191231P00303000,303.0,0,0.0,0.0,,0.0,normalDay
2019-12-10,1465.0,80.0,0.0,0,313.53,0.0,1,2.42,1.62,SPY191231P00303000,303.0,0,0.0,0.0,,0.0,normalDay
2019-12-11,1465.0,114.0,0.0,0,314.42,0.0,1,2.42,1.28,SPY191231P00303000,303.0,0,0.0,0.0,,0.0,normalDay
2019-12-12,1465.0,158.0,0.0,0,317.13,0.0,1,2.42,0.84,SPY191231P00303000,303.0,0,0.0,0.0,,0.0,normalDay
2019-12-13,1465.0,183.0,0.0,0,317.32,0.0,1,2.42,0.59,SPY191231P00303000,303.0,0,0.0,0.0,,0.0,normalDay
2019-12-16,1465.0,207.0,0.0,0,319.5,0.0,1,2.42,0.35,SPY191231P00303000,303.0,0,0.0,0.0,,0.0,normalDay
2019-12-17,1465.0,212.0,0.0,0,319.57,0.0,1,2.42,0.3,SPY191231P00303000,303.0,0,0.0,0.0,,0.0,normalDay
2019-12-18,1465.0,218.0,0.0,0,319.59,0.0,1,2.42,0.24,SPY191231P00303000,303.0,0,0.0,0.0,,0.0,normalDay
2019-12-19,1465.0,227.0,0.0,0,320.9,0.0,1,2.42,0.15,SPY191231P00303000,303.0,0,0.0,0.0,,0.0,normalDay
2019-12-20,1465.0,230.0,0.0,0,320.73,0.0,1,2.42,0.12,SPY191231P00303000,303.0,0,0.0,0.0,,0.0,normalDay
2019-12-23,1465.0,235.0,0.0,0,321.22,0.0,1,2.42,0.07,SPY191231P00303000,303.0,0,0.0,0.0,,0.0,normalDay
2019-12-24,1465.0,237.0,0.0,0,321.23,0.0,1,2.42,0.05,SPY191231P00303000,303.0,0,0.0,0.0,,0.0,normalDay
2019-12-26,1465.0,239.0,0.0,0,322.94,0.0,1,2.42,0.03,SPY191231P00303000,303.0,0,0.0,0.0,,0.0,normalDay
2019-12-27,1465.0,240.0,0.0,0,322.86,0.0,1,2.42,0.02,SPY191231P00303000,303.0,0,0.0,0.0,,0.0,normalDay
2019-12-30,1465.0,241.0,0.0,0,321.08,0.0,1,2.42,0.01,SPY191231P00303000,303.0,0,0.0,0.0,,0.0,normalDay
2019-12-31,1707.0,0.0,242.0,0,321.86,0.0,1,2.42,0.0,SPY191231P00303000,303.0,0,0.0,0.0,,0.0,expirationDay
2020-01-02,1707.0,-4.0,0.0,0,324.87,0.0,1,2.6,2.64,SPY200221P00315000,315.0,0,0.0,0.0,,0.0,normalDay
2020-01-03,1707.0,-88.0,0.0,0,322.41,0.0,1,2.6,3.48,SPY200221P00315000,315.0,0,0.0,0.0,,0.0,normalDay
2020-01-06,1707.0,-38.0,0.0,0,323.64,0.0,1,2.6,2.98,SPY200221P00315000,315.0,0,0.0,0.0,,0.0,normalDay
2020-01-07,1707.0,-59.0,0.0,0,322.73,0.0,1,2.6,3.19,SPY200221P00315000,315.0,0,0.0,0.0,,0.0,normalDay
2020-01-08,1707.0,3.0,0.0,0,324.45,0.0,1,2.6,2.57,SPY200221P00315000,315.0,0,0.0,0.0,,0.0,normalDay
2020-01-09,1707.0,59.0,0.0,0,326.65,0.0,1,2.6,2.01,SPY200221P00315000,315.0,0,0.0,0.0,,0.0,normalDay
2020-01-10,1707.0,44.0,0.0,0,325.71,0.0,1,2.6,2.16,SPY200221P00315000,315.0,0,0.0,0.0,,0.0,normalDay
2020-01-13,1707.0,99.0,0.0,0,327.95,0.0,1,2.6,1.61,SPY200221P00315000,315.0,0,0.0,0.0,,0.0,normalDay
2020-01-14,1707.0,100.0,0.0,0,327.45,0.0,1,2.6,1.6,SPY200221P00315000,315.0,0,0.0,0.0,,0.0,normalDay
2020-01-15,1707.0,115.0,0.0,0,328.19,0.0,1,2.6,1.45,SPY200221P00315000,315.0,0,0.0,0.0,,0.0,normalDay
2020-01-16,1707.0,144.0,0.0,0,330.92,0.0,1,2.6,1.16,SPY200221P00315000,315.0,0,0.0,0.0,,0.0,normalDay
2020-01-17,1707.0,159.0,0.0,0,331.95,0.0,1,2.6,1.01,SPY200221P00315000,315.0,0,0.0,0.0,,0.0,normalDay
2020-01-21,1707.0,155.0,0.0,0,331.3,0.0,1,2.6,1.05,SPY200221P00315000,315.0,0,0.0,0.0,,0.0,normalDay
2020-01-22,1707.0,157.0,0.0,0,331.34,0.0,1,2.6,1.03,SPY200221P00315000,315.0,0,0.0,0.0,,0.0,normalDay
2020-01-23,1707.0,160.0,0.0,0,331.72,0.0,1,2.6,1.0,SPY200221P00315000,315.0,0,0.0,0.0,,0.0,normalDay
2020-01-24,1707.0,109.0,0.0,0,328.77,0.0,1,2.6,1.51,SPY200221P00315000,315.0,0,0.0,0.0,,0.0,normalDay
2020-01-27,1707.0,-43.0,0.0,0,323.5,0.0,1,2.6,3.03,SPY200221P00315000,315.0,0,0.0,0.0,,0.0,normalDay
2020-01-28,1707.0,78.0,0.0,0,326.89,0.0,1,2.6,1.82,SPY200221P00315000,315.0,0,0.0,0.0,,0.0,normalDay
2020-01-29,1707.0,79.0,0.0,0,326.62,0.0,1,2.6,1.81,SPY200221P00315000,315.0,0,0.0,0.0,,0.0,normalDay
2020-01-30,1707.0,133.0,0.0,0,327.68,0.0,1,2.6,1.27,SPY200221P00315000,315.0,0,0.0,0.0,,0.0,normalDay
2020-01-31,1707.0,-33.0,0.0,0,321.73,0.0,1,2.6,2.93,SPY200221P00315000,315.0,0,0.0,0.0,,0.0,normalDay
2020-02-03,1707.0,50.0,0.0,0,324.12,0.0,1,2.6,2.1,SPY200221P00315000,315.0,0,0.0,0.0,,0.0,normalDay
2020-02-04,1707.0,176.0,0.0,0,329.06,0.0,1,2.6,0.84,SPY200221P00315000,315.0,0,0.0,0.0,,0.0,normalDay
2020-02-05,1707.0,218.0,0.0,0,332.86,0.0,1,2.6,0.42,SPY200221P00315000,315.0,0,0.0,0.0,,0.0,normalDay
2020-02-06,1707.0,223.0,0.0,0,333.98,0.0,1,2.6,0.37,SPY200221P00315000,315.0,0,0.0,0.0,,0.0,normalDay
2020-02-07,1707.0,217.0,0.0,0,332.2,0.0,1,2.6,0.43,SPY200221P00315000,315.0,0,0.0,0.0,,0.0,normalDay
2020-02-10,1707.0,239.0,0.0,0,334.68,0.0,1,2.6,0.21,SPY200221P00315000,315.0,0,0.0,0.0,,0.0,normalDay
2020-02-11,1707.0,242.0,0.0,0,335.26,0.0,1,2.6,0.18,SPY200221P00315000,315.0,0,0.0,0.0,,0.0,normalDay
2020-02-12,1707.0,252.0,0.0,0,337.42,0.0,1,2.6,0.08,SPY200221P00315000,315.0,0,0.0,0.0,,0.0,normalDay
2020-02-13,1707.0,251.0,0.0,0,337.06,0.0,1,2.6,0.09,SPY200221P00315000,315.0,0,0.0,0.0,,0.0,normalDay
2020-02-14,1707.0,255.0,0.0,0,337.6,0.0,1,2.6,0.05,SPY200221P00315000,315.0,0,0.0,0.0,,0.0,normalDay
2020-02-18,1707.0,257.0,0.0,0,336.73,0.0,1,2.6,0.03,SPY200221P00315000,315.0,0,0.0,0.0,,0.0,normalDay
2020-02-19,1707.0,258.0,0.0,0,338.34,0.0,1,2.6,0.02,SPY200221P00315000,315.0,0,0.0,0.0,,0.0,normalDay
2020-02-20,1707.0,259.0,0.0,0,336.95,0.0,1,2.6,0.01,SPY200221P00315000,315.0,0,0.0,0.0,,0.0,normalDay
2020-02-21,1967.0,0.0,260.0,0,333.48,0.0,1,2.6,0.0,SPY200221P00315000,315.0,0,0.0,0.0,,0.0,expirationDay
2020-02-24,1967.0,-25.0,0.0,0,322.42,0.0,1,11.77,12.02,SPY200417P00327000,327.0,0,0.0,0.0,,0.0,normalDay
2020-02-25,1967.0,-613.0,0.0,0,312.65,0.0,1,11.77,17.9,SPY200417P00327000,327.0,0,0.0,0.0,,0.0,normalDay
2020-02-26,1967.0,-757.0,0.0,0,311.5,0.0,1,11.77,19.34,SPY200417P00327000,327.0,0,0.0,0.0,,0.0,normalDay
2020-02-27,1967.0,-2023.0,0.0,0,297.51,0.0,1,11.77,32.0,SPY200417P00327000,327.0,0,0.0,0.0,,0.0,normalDay
2020-02-28,1967.0,-2116.0,0.0,0,296.26,0.0,1,11.77,32.93,SPY200417P00327000,327.0,0,0.0,0.0,,0.0,normalDay
2020-03-02,1967.0,-960.0,0.0,0,309.09,0.0,1,11.77,21.37,SPY200417P00327000,327.0,0,0.0,0.0,,0.0,normalDay
2020-03-03,1967.0,-1675.0,0.0,0,300.24,0.0,1,11.77,28.52,SPY200417P00327000,327.0,0,0.0,0.0,,0.0,normalDay
2020-03-04,1967.0,-767.0,0.0,0,312.86,0.0,1,11.77,19.44,SPY200417P00327000,327.0,0,0.0,0.0,,0.0,normalDay
2020-03-05,1967.0,-1639.0,0.0,0,302.46,0.0,1,11.77,28.16,SPY200417P00327000,327.0,0,0.0,0.0,,0.0,normalDay
2020-03-06,1967.0,-2127.0,0.0,0,297.46,0.0,1,11.77,33.04,SPY200417P00327000,327.0,0,0.0,0.0,,0.0,normalDay
2020-03-09,1967.0,-4362.0,0.0,0,274.23,0.0,1,11.77,55.39,SPY200417P00327000,327.0,0,0.0,0.0,,0.0,normalDay
2020-03-10,1967.0,-2974.0,0.0,0,288.42,0.0,1,11.77,41.51,SPY200417P00327000,327.0,0,0.0,0.0,,0.0,normalDay
2020-03-11,1967.0,-4320.0,0.0,0,274.36,0.0,1,11.77,54.97,SPY200417P00327000,327.0,0,0.0,0.0,,0.0,normalDay
2020-03-12,1967.0,-6881.0,0.0,0,248.11,0.0,1,11.77,80.58,SPY200417P00327000,327.0,0,0.0,0.0,,0.0,normalDay
2020-03-13,1967.0,-4860.0,0.0,0,269.32,0.0,1,11.77,60.37,SPY200417P00327000,327.0,0,0.0,0.0,,0.0,normalDay
2020-03-16,1967.0,-7404.0,0.0,0,239.85,0.0,1,11.77,85.81,SPY200417P00327000,327.0,0,0.0,0.0,,0.0,normalDay
2020-03-17,1967.0,-6560.0,0.0,0,252.8,0.0,1,11.77,77.37,SPY200417P00327000,327.0,0,0.0,0.0,,0.0,normalDay
2020-03-18,1967.0,-7663.0,0.0,0,240.0,0.0,1,11.77,88.4,SPY200417P00327000,327.0,0,0.0,0.0,,0.0,normalDay
2020-03-19,1967.0,-7669.0,0.0,0,240.51,0.0,1,11.77,88.46,SPY200417P00327000,327.0,0,0.0,0.0,,0.0,normalDay
2020-03-20,1967.0,-8629.0,0.0,0,228.8,0.0,1,11.77,98.06,SPY200417P00327000,327.0,0,0.0,0.0,,0.0,normalDay
2020-03-23,1967.0,-9429.0,0.0,0,222.95,0.0,1,11.77,106.06,SPY200417P00327000,327.0,0,0.0,0.0,,0.0,normalDay
2020-03-24,1967.0,-7294.0,0.0,0,243.15,0.0,1,11.77,84.71,SPY200417P00327000,327.0,0,0.0,0.0,,0.0,normalDay
2020-03-25,1967.0,-6834.0,0.0,0,246.79,0.0,1,11.77,80.11,SPY200417P00327000,327.0,0,0.0,0.0,,0.0,normalDay
2020-03-26,1967.0,-5479.0,0.0,0,261.2,0.0,1,11.77,66.56,SPY200417P00327000,327.0,0,0.0,0.0,,0.0,normalDay
2020-03-27,1967.0,-6269.0,0.0,0,253.42,0.0,1,11.77,74.46,SPY200417P00327000,327.0,0,0.0,0.0,,0.0,normalDay
2020-03-30,1967.0,-5468.0,0.0,0,261.65,0.0,1,11.77,66.45,SPY200417P00327000,327.0,0,0.0,0.0,,0.0,normalDay
2020-03-31,1967.0,-5874.0,0.0,0,257.75,0.0,1,11.77,70.51,SPY200417P00327000,327.0,0,0.0,0.0,,0.0,normalDay
2020-04-01,1967.0,-6975.0,0.0,0,246.15,0.0,1,11.77,81.52,SPY200417P00327000,327.0,0,0.0,0.0,,0.0,normalDay
2020-04-02,1967.0,-6290.0,0.0,0,251.83,0.0,1,11.77,74.67,SPY200417P00327000,327.0,0,0.0,0.0,,0.0,normalDay
2020-04-03,1967.0,-6705.0,0.0,0,248.19,0.0,1,11.77,78.82,SPY200417P00327000,327.0,0,0.0,0.0,,0.0,normalDay
2020-04-06,1967.0,-5041.0,0.0,0,264.86,0.0,1,11.77,62.18,SPY200417P00327000,327.0,0,0.0,0.0,,0.0,normalDay
2020-04-07,1967.0,-5128.0,0.0,0,265.13,0.0,1,11.77,63.05,SPY200417P00327000,327.0,0,0.0,0.0,,0.0,normalDay
2020-04-08,1967.0,-4141.0,0.0,0,274.03,0.0,1,11.77,53.18,SPY200417P00327000,327.0,0,0.0,0.0,,0.0,normalDay
2020-04-09,1967.0,-3728.0,0.0,0,278.2,0.0,1,11.77,49.05,SPY200417P00327000,327.0,0,0.0,0.0,,0.0,normalDay
2020-04-13,1967.0,-3987.0,0.0,0,275.66,0.0,1,11.77,51.64,SPY200417P00327000,327.0,0,0.0,0.0,,0.0,normalDay
2020-04-14,1967.0,-3134.0,0.0,0,283.79,0.0,1,11.77,43.11,SPY200417P00327000,327.0,0,0.0,0.0,,0.0,normalDay
2020-04-15,1967.0,-3770.0,0.0,0,277.76,0.0,1,11.77,49.47,SPY200417P00327000,327.0,0,0.0,0.0,,0.0,normalDay
2020-04-16,1967.0,-3620.0,0.0,0,279.1,0.0,1,11.77,47.97,SPY200417P00327000,327.0,0,0.0,0.0,,0.0,normalDay
2020-04-17,3144.0,-4036.0,1177.0,100,286.64,327.0,1,11.77,0.0,SPY200417P00327000,327.0,0,0.0,0.0,,0.0,expirationDay
2020-04-20,3144.0,-4564.0,0.0,100,281.59,327.0,0,0.0,0.0,,0.0,1,15.72,15.95,SPY200422C00266000,266.0,normalDay
2020-04-21,3144.0,-4626.0,0.0,100,273.04,327.0,0,0.0,0.0,,0.0,1,15.72,8.02,SPY200422C00266000,266.0,normalDay
2020-04-22,-1384.0,-4626.0,-4528.0,0,279.1,0.0,0,0.0,0.0,,0.0,1,15.72,0.0,SPY200422C00266000,266.0,expirationDay
2020-04-23,-1384.0,-10.0,0.0,0,279.08,0.0,1,7.93,8.03,SPY200605P00260000,260.0,0,0.0,0.0,,0.0,normalDay
2020-04-24,-1384.0,210.0,0.0,0,282.97,0.0,1,7.93,5.83,SPY200605P00260000,260.0,0,0.0,0.0,,0.0,normalDay
2020-04-27,-1384.0,381.0,0.0,0,287.05,0.0,1,7.93,4.12,SPY200605P00260000,260.0,0,0.0,0.0,,0.0,normalDay
2020-04-28,-1384.0,355.0,0.0,0,285.73,0.0,1,7.93,4.38,SPY200605P00260000,260.0,0,0.0,0.0,,0.0,normalDay
2020-04-29,-1384.0,501.0,0.0,0,293.21,0.0,1,7.93,2.92,SPY200605P00260000,260.0,0,0.0,0.0,,0.0,normalDay
2020-04-30,-1384.0,412.0,0.0,0,290.48,0.0,1,7.93,3.81,SPY200605P00260000,260.0,0,0.0,0.0,,0.0,normalDay
2020-05-01,-1384.0,268.0,0.0,0,282.79,0.0,1,7.93,5.25,SPY200605P00260000,260.0,0,0.0,0.0,,0.0,normalDay
2020-05-04,-1384.0,352.0,0.0,0,283.57,0.0,1,7.93,4.41,SPY200605P00260000,260.0,0,0.0,0.0,,0.0,normalDay
2020-05-05,-1384.0,453.0,0.0,0,286.19,0.0,1,7.93,3.4,SPY200605P00260000,260.0,0,0.0,0.0,,0.0,normalDay
2020-05-06,-1384.0,428.0,0.0,0,284.25,0.0,1,7.93,3.65,SPY200605P00260000,260.0,0,0.0,0.0,,0.0,normalDay
2020-05-07,-1384.0,538.0,0.0,0,287.68,0.0,1,7.93,2.55,SPY200605P00260000,260.0,0,0.0,0.0,,0.0,normalDay
2020-05-08,-1384.0,641.0,0.0,0,292.44,0.0,1,7.93,1.52,SPY200605P00260000,260.0,0,0.0,0.0,,0.0,normalDay
2020-05-11,-1384.0,660.0,0.0,0,292.5,0.0,1,7.93,1.33,SPY200605P00260000,260.0,0,0.0,0.0,,0.0,normalDay
2020-05-12,-1384.0,543.0,0.0,0,286.67,0.0,1,7.93,2.5,SPY200605P00260000,260.0,0,0.0,0.0,,0.0,normalDay
2020-05-13,-1384.0,492.0,0.0,0,281.6,0.0,1,7.93,3.01,SPY200605P00260000,260.0,0,0.0,0.0,,0.0,normalDay
2020-05-14,-1384.0,570.0,0.0,0,284.97,0.0,1,7.93,2.23,SPY200605P00260000,260.0,0,0.0,0.0,,0.0,normalDay
2020-05-15,-1384.0,600.0,0.0,0,286.28,0.0,1,7.93,1.93,SPY200605P00260000,260.0,0,0.0,0.0,,0.0,normalDay
2020-05-18,-1384.0,709.0,0.0,0,295.0,0.0,1,7.93,0.84,SPY200605P00260000,260.0,0,0.0,0.0,,0.0,normalDay
2020-05-19,-1384.0,702.0,0.0,0,291.97,0.0,1,7.93,0.91,SPY200605P00260000,260.0,0,0.0,0.0,,0.0,normalDay
2020-05-20,-1384.0,746.0,0.0,0,296.93,0.0,1,7.93,0.47,SPY200605P00260000,260.0,0,0.0,0.0,,0.0,normalDay
2020-05-21,-1384.0,745.0,0.0,0,294.88,0.0,1,7.93,0.48,SPY200605P00260000,260.0,0,0.0,0.0,,0.0,normalDay
2020-05-22,-1384.0,763.0,0.0,0,295.44,0.0,1,7.93,0.3,SPY200605P00260000,260.0,0,0.0,0.0,,0.0,normalDay
2020-05-26,-1384.0,774.0,0.0,0,299.08,0.0,1,7.93,0.19,SPY200605P00260000,260.0,0,0.0,0.0,,0.0,normalDay
2020-05-27,-1384.0,782.0,0.0,0,303.53,0.0,1,7.93,0.11,SPY200605P00260000,260.0,0,0.0,0.0,,0.0,normalDay
2020-05-28,-1384.0,783.0,0.0,0,302.97,0.0,1,7.93,0.1,SPY200605P00260000,260.0,0,0.0,0.0,,0.0,normalDay
2020-05-29,-1384.0,787.0,0.0,0,304.32,0.0,1,7.93,0.06,SPY200605P00260000,260.0,0,0.0,0.0,,0.0,normalDay
2020-06-01,-1384.0,790.0,0.0,0,305.55,0.0,1,7.93,0.03,SPY200605P00260000,260.0,0,0.0,0.0,,0.0,normalDay
2020-06-02,-1384.0,791.0,0.0,0,308.08,0.0,1,7.93,0.02,SPY200605P00260000,260.0,0,0.0,0.0,,0.0,normalDay
2020-06-03,-1384.0,792.0,0.0,0,312.18,0.0,1,7.93,0.01,SPY200605P00260000,260.0,0,0.0,0.0,,0.0,normalDay
2020-06-04,-1384.0,792.0,0.0,0,311.36,0.0,1,7.93,0.01,SPY200605P00260000,260.0,0,0.0,0.0,,0.0,normalDay
2020-06-05,-591.0,0.0,793.0,0,319.34,0.0,1,7.93,0.0,SPY200605P00260000,260.0,0,0.0,0.0,,0.0,expirationDay
2020-06-08,-591.0,-6.0,0.0,0,323.2,0.0,1,2.96,3.02,SPY200724P00290000,290.0,0,0.0,0.0,,0.0,normalDay
2020-06-09,-591.0,-55.0,0.0,0,320.79,0.0,1,2.96,3.51,SPY200724P00290000,290.0,0,0.0,0.0,,0.0,normalDay
2020-06-10,-591.0,-91.0,0.0,0,319.0,0.0,1,2.96,3.87,SPY200724P00290000,290.0,0,0.0,0.0,,0.0,normalDay
2020-06-11,-591.0,-760.0,0.0,0,300.61,0.0,1,2.96,10.56,SPY200724P00290000,290.0,0,0.0,0.0,,0.0,normalDay
2020-06-12,-591.0,-558.0,0.0,0,304.21,0.0,1,2.96,8.54,SPY200724P00290000,290.0,0,0.0,0.0,,0.0,normalDay
2020-06-15,-591.0,-399.0,0.0,0,307.05,0.0,1,2.96,6.95,SPY200724P00290000,290.0,0,0.0,0.0,,0.0,normalDay
2020-06-16,-591.0,-270.0,0.0,0,312.96,0.0,1,2.96,5.66,SPY200724P00290000,290.0,0,0.0,0.0,,0.0,normalDay
2020-06-17,-591.0,-257.0,0.0,0,311.66,0.0,1,2.96,5.53,SPY200724P00290000,290.0,0,0.0,0.0,,0.0,normalDay
2020-06-18,-591.0,-224.0,0.0,0,311.78,0.0,1,2.96,5.2,SPY200724P00290000,290.0,0,0.0,0.0,,0.0,normalDay
2020-06-19,-591.0,-309.0,0.0,0,308.64,0.0,1,2.96,6.05,SPY200724P00290000,290.0,0,0.0,0.0,,0.0,normalDay
2020-06-22,-591.0,-136.0,0.0,0,310.62,0.0,1,2.96,4.32,SPY200724P00290000,290.0,0,0.0,0.0,,0.0,normalDay
2020-06-23,-591.0,-102.0,0.0,0,312.05,0.0,1,2.96,3.98,SPY200724P00290000,290.0,0,0.0,0.0,,0.0,normalDay
2020-06-24,-591.0,-276.0,0.0,0,304.09,0.0,1,2.96,5.72,SPY200724P00290000,290.0,0,0.0,0.0,,0.0,normalDay
2020-06-25,-591.0,-140.0,0.0,0,307.35,0.0,1,2.96,4.36,SPY200724P00290000,290.0,0,0.0,0.0,,0.0,normalDay
2020-06-26,-591.0,-321.0,0.0,0,300.05,0.0,1,2.96,6.17,SPY200724P00290000,290.0,0,0.0,0.0,,0.0,normalDay
2020-06-29,-591.0,-137.0,0.0,0,304.46,0.0,1,2.96,4.33,SPY200724P00290000,290.0,0,0.0,0.0,,0.0,normalDay
2020-06-30,-591.0,-20.0,0.0,0,308.36,0.0,1,2.96,3.16,SPY200724P00290000,290.0,0,0.0,0.0,,0.0,normalDay
2020-07-01,-591.0,52.0,0.0,0,310.52,0.0,1,2.96,2.44,SPY200724P00290000,290.0,0,0.0,0.0,,0.0,normalDay
2020-07-02,-591.0,111.0,0.0,0,312.23,0.0,1,2.96,1.85,SPY200724P00290000,290.0,0,0.0,0.0,,0.0,normalDay
2020-07-06,-591.0,174.0,0.0,0,317.05,0.0,1,2.96,1.22,SPY200724P00290000,290.0,0,0.0,0.0,,0.0,normalDay
2020-07-07,-591.0,140.0,0.0,0,313.78,0.0,1,2.96,1.56,SPY200724P00290000,290.0,0,0.0,0.0,,0.0,normalDay
2020-07-08,-591.0,194.0,0.0,0,316.18,0.0,1,2.96,1.02,SPY200724P00290000,290.0,0,0.0,0.0,,0.0,normalDay
2020-07-09,-591.0,178.0,0.0,0,314.38,0.0,1,2.96,1.18,SPY200724P00290000,290.0,0,0.0,0.0,,0.0,normalDay
2020-07-10,-591.0,234.0,0.0,0,317.59,0.0,1,2.96,0.62,SPY200724P00290000,290.0,0,0.0,0.0,,0.0,normalDay
2020-07-13,-591.0,188.0,0.0,0,314.84,0.0,1,2.96,1.08,SPY200724P00290000,290.0,0,0.0,0.0,,0.0,normalDay
2020-07-14,-591.0,241.0,0.0,0,318.92,0.0,1,2.96,0.55,SPY200724P00290000,290.0,0,0.0,0.0,,0.0,normalDay
2020-07-15,-591.0,269.0,0.0,0,321.85,0.0,1,2.96,0.27,SPY200724P00290000,290.0,0,0.0,0.0,,0.0,normalDay
2020-07-16,-591.0,268.0,0.0,0,320.79,0.0,1,2.96,0.28,SPY200724P00290000,290.0,0,0.0,0.0,,0.0,normalDay
2020-07-17,-591.0,286.0,0.0,0,321.72,0.0,1,2.96,0.1,SPY200724P00290000,290.0,0,0.0,0.0,,0.0,normalDay
2020-07-20,-591.0,293.0,0.0,0,324.32,0.0,1,2.96,0.03,SPY200724P00290000,290.0,0,0.0,0.0,,0.0,normalDay
2020-07-21,-591.0,294.0,0.0,0,325.01,0.0,1,2.96,0.02,SPY200724P00290000,290.0,0,0.0,0.0,,0.0,normalDay
2020-07-22,-591.0,294.0,0.0,0,326.86,0.0,1,2.96,0.02,SPY200724P00290000,290.0,0,0.0,0.0,,0.0,normalDay
2020-07-23,-591.0,295.0,0.0,0,322.96,0.0,1,2.96,0.01,SPY200724P00290000,290.0,0,0.0,0.0,,0.0,normalDay
2020-07-24,-295.0,0.0,296.0,0,320.88,0.0,1,2.96,0.0,SPY200724P00290000,290.0,0,0.0,0.0,,0.0,expirationDay
2020-07-27,-295.0,-4.0,0.0,0,323.22,0.0,1,7.55,7.59,SPY200918P00313000,313.0,0,0.0,0.0,,0.0,normalDay
2020-07-28,-295.0,-78.0,0.0,0,321.17,0.0,1,7.55,8.33,SPY200918P00313000,313.0,0,0.0,0.0,,0.0,normalDay
2020-07-29,-295.0,74.0,0.0,0,325.12,0.0,1,7.55,6.81,SPY200918P00313000,313.0,0,0.0,0.0,,0.0,normalDay
2020-07-30,-295.0,24.0,0.0,0,323.96,0.0,1,7.55,7.31,SPY200918P00313000,313.0,0,0.0,0.0,,0.0,normalDay
2020-07-31,-295.0,126.0,0.0,0,326.52,0.0,1,7.55,6.29,SPY200918P00313000,313.0,0,0.0,0.0,,0.0,normalDay
2020-08-03,-295.0,198.0,0.0,0,328.79,0.0,1,7.55,5.57,SPY200918P00313000,313.0,0,0.0,0.0,,0.0,normalDay
2020-08-04,-295.0,252.0,0.0,0,330.06,0.0,1,7.55,5.03,SPY200918P00313000,313.0,0,0.0,0.0,,0.0,normalDay
2020-08-05,-295.0,323.0,0.0,0,332.11,0.0,1,7.55,4.32,SPY200918P00313000,313.0,0,0.0,0.0,,0.0,normalDay
2020-08-06,-295.0,380.0,0.0,0,334.33,0.0,1,7.55,3.75,SPY200918P00313000,313.0,0,0.0,0.0,,0.0,normalDay
2020-08-07,-295.0,391.0,0.0,0,334.57,0.0,1,7.55,3.64,SPY200918P00313000,313.0,0,0.0,0.0,,0.0,normalDay
2020-08-10,-295.0,429.0,0.0,0,335.57,0.0,1,7.55,3.26,SPY200918P00313000,313.0,0,0.0,0.0,,0.0,normalDay
2020-08-11,-295.0,344.0,0.0,0,332.8,0.0,1,7.55,4.11,SPY200918P00313000,313.0,0,0.0,0.0,,0.0,normalDay
2020-08-12,-295.0,466.0,0.0,0,337.44,0.0,1,7.55,2.89,SPY200918P00313000,313.0,0,0.0,0.0,,0.0,normalDay
2020-08-13,-295.0,461.0,0.0,0,336.83,0.0,1,7.55,2.94,SPY200918P00313000,313.0,0,0.0,0.0,,0.0,normalDay
2020-08-14,-295.0,478.0,0.0,0,336.84,0.0,1,7.55,2.77,SPY200918P00313000,313.0,0,0.0,0.0,,0.0,normalDay
2020-08-17,-295.0,530.0,0.0,0,337.91,0.0,1,7.55,2.25,SPY200918P00313000,313.0,0,0.0,0.0,,0.0,normalDay
2020-08-18,-295.0,546.0,0.0,0,338.64,0.0,1,7.55,2.09,SPY200918P00313000,313.0,0,0.0,0.0,,0.0,normalDay
2020-08-19,-295.0,526.0,0.0,0,337.23,0.0,1,7.55,2.29,SPY200918P00313000,313.0,0,0.0,0.0,,0.0,normalDay
2020-08-20,-295.0,543.0,0.0,0,338.28,0.0,1,7.55,2.12,SPY200918P00313000,313.0,0,0.0,0.0,,0.0,normalDay
2020-08-21,-295.0,573.0,0.0,0,339.48,0.0,1,7.55,1.82,SPY200918P00313000,313.0,0,0.0,0.0,,0.0,normalDay
2020-08-24,-295.0,619.0,0.0,0,342.92,0.0,1,7.55,1.36,SPY200918P00313000,313.0,0,0.0,0.0,,0.0,normalDay
2020-08-25,-295.0,639.0,0.0,0,344.12,0.0,1,7.55,1.16,SPY200918P00313000,313.0,0,0.0,0.0,,0.0,normalDay
2020-08-26,-295.0,648.0,0.0,0,347.57,0.0,1,7.55,1.07,SPY200918P00313000,313.0,0,0.0,0.0,,0.0,normalDay
2020-08-27,-295.0,649.0,0.0,0,348.33,0.0,1,7.55,1.06,SPY200918P00313000,313.0,0,0.0,0.0,,0.0,normalDay
2020-08-28,-295.0,680.0,0.0,0,350.58,0.0,1,7.55,0.75,SPY200918P00313000,313.0,0,0.0,0.0,,0.0,normalDay
2020-08-31,-295.0,660.0,0.0,0,349.31,0.0,1,7.55,0.95,SPY200918P00313000,313.0,0,0.0,0.0,,0.0,normalDay
2020-09-01,-295.0,684.0,0.0,0,352.6,0.0,1,7.55,0.71,SPY200918P00313000,313.0,0,0.0,0.0,,0.0,normalDay
2020-09-02,-295.0,701.0,0.0,0,357.7,0.0,1,7.55,0.54,SPY200918P00313000,313.0,0,0.0,0.0,,0.0,normalDay
2020-09-03,-295.0,606.0,0.0,0,345.39,0.0,1,7.55,1.49,SPY200918P00313000,313.0,0,0.0,0.0,,0.0,normalDay
2020-09-04,-295.0,602.0,0.0,0,342.57,0.0,1,7.55,1.53,SPY200918P00313000,313.0,0,0.0,0.0,,0.0,normalDay
2020-09-08,-295.0,575.0,0.0,0,333.21,0.0,1,7.55,1.8,SPY200918P00313000,313.0,0,0.0,0.0,,0.0,normalDay
2020-09-09,-295.0,672.0,0.0,0,339.79,0.0,1,7.55,0.83,SPY200918P00313000,313.0,0,0.0,0.0,,0.0,normalDay
2020-09-10,-295.0,644.0,0.0,0,333.89,0.0,1,7.55,1.11,SPY200918P00313000,313.0,0,0.0,0.0,,0.0,normalDay
2020-09-11,-295.0,698.0,0.0,0,334.06,0.0,1,7.55,0.57,SPY200918P00313000,313.0,0,0.0,0.0,,0.0,normalDay
2020-09-14,-295.0,741.0,0.0,0,338.46,0.0,1,7.55,0.14,SPY200918P00313000,313.0,0,0.0,0.0,,0.0,normalDay
2020-09-15,-295.0,747.0,0.0,0,340.17,0.0,1,7.55,0.08,SPY200918P00313000,313.0,0,0.0,0.0,,0.0,normalDay
2020-09-16,-295.0,746.0,0.0,0,338.82,0.0,1,7.55,0.09,SPY200918P00313000,313.0,0,0.0,0.0,,0.0,normalDay
2020-09-17,-295.0,747.0,0.0,0,335.84,0.0,1,7.55,0.08,SPY200918P00313000,313.0,0,0.0,0.0,,0.0,normalDay
2020-09-18,460.0,0.0,755.0,0,330.65,0.0,1,7.55,0.0,SPY200918P00313000,313.0,0,0.0,0.0,,0.0,expirationDay
2020-09-21,460.0,-15.0,0.0,0,326.97,0.0,1,13.67,13.82,SPY201030P00335000,335.0,0,0.0,0.0,,0.0,normalDay
2020-09-22,460.0,153.0,0.0,0,330.3,0.0,1,13.67,12.14,SPY201030P00335000,335.0,0,0.0,0.0,,0.0,normalDay
2020-09-23,460.0,-301.0,0.0,0,322.64,0.0,1,13.67,16.68,SPY201030P00335000,335.0,0,0.0,0.0,,0.0,normalDay
2020-09-24,460.0,-205.0,0.0,0,323.5,0.0,1,13.67,15.72,SPY201030P00335000,335.0,0,0.0,0.0,,0.0,normalDay
2020-09-25,460.0,136.0,0.0,0,328.73,0.0,1,13.67,12.31,SPY201030P00335000,335.0,0,0.0,0.0,,0.0,normalDay
2020-09-28,460.0,433.0,0.0,0,334.19,0.0,1,13.67,9.34,SPY201030P00335000,335.0,0,0.0,0.0,,0.0,normalDay
2020-09-29,460.0,380.0,0.0,0,332.37,0.0,1,13.67,9.87,SPY201030P00335000,335.0,0,0.0,0.0,,0.0,normalDay
2020-09-30,460.0,425.0,0.0,0,334.89,0.0,1,13.67,9.42,SPY201030P00335000,335.0,0,0.0,0.0,,0.0,normalDay
2020-10-01,460.0,570.0,0.0,0,337.04,0.0,1,13.67,7.97,SPY201030P00335000,335.0,0,0.0,0.0,,0.0,normalDay
2020-10-02,460.0,444.0,0.0,0,333.84,0.0,1,13.67,9.23,SPY201030P00335000,335.0,0,0.0,0.0,,0.0,normalDay
2020-10-05,460.0,732.0,0.0,0,339.76,0.0,1,13.67,6.35,SPY201030P00335000,335.0,0,0.0,0.0,,0.0,normalDay
2020-10-06,460.0,560.0,0.0,0,334.93,0.0,1,13.67,8.07,SPY201030P00335000,335.0,0,0.0,0.0,,0.0,normalDay
2020-10-07,460.0,829.0,0.0,0,340.76,0.0,1,13.67,5.38,SPY201030P00335000,335.0,0,0.0,0.0,,0.0,normalDay
2020-10-08,460.0,975.0,0.0,0,343.78,0.0,1,13.67,3.92,SPY201030P00335000,335.0,0,0.0,0.0,,0.0,normalDay
2020-10-09,460.0,1102.0,0.0,0,346.85,0.0,1,13.67,2.65,SPY201030P00335000,335.0,0,0.0,0.0,,0.0,normalDay
2020-10-12,460.0,1200.0,0.0,0,352.43,0.0,1,13.67,1.67,SPY201030P00335000,335.0,0,0.0,0.0,,0.0,normalDay
2020-10-13,460.0,1170.0,0.0,0,350.13,0.0,1,13.67,1.97,SPY201030P00335000,335.0,0,0.0,0.0,,0.0,normalDay
2020-10-14,460.0,1144.0,0.0,0,347.93,0.0,1,13.67,2.23,SPY201030P00335000,335.0,0,0.0,0.0,,0.0,normalDay
2020-10-15,460.0,1154.0,0.0,0,347.5,0.0,1,13.67,2.13,SPY201030P00335000,335.0,0,0.0,0.0,,0.0,normalDay
2020-10-16,460.0,1156.0,0.0,0,347.29,0.0,1,13.67,2.11,SPY201030P00335000,335.0,0,0.0,0.0,,0.0,normalDay
2020-10-19,460.0,1078.0,0.0,0,342.01,0.0,1,13.67,2.89,SPY201030P00335000,335.0,0,0.0,0.0,,0.0,normalDay
2020-10-20,460.0,1111.0,0.0,0,343.38,0.0,1,13.67,2.56,SPY201030P00335000,335.0,0,0.0,0.0,,0.0,normalDay
2020-10-21,460.0,1162.0,0.0,0,342.73,0.0,1,13.67,2.05,SPY201030P00335000,335.0,0,0.0,0.0,,0.0,normalDay
2020-10-22,460.0,1222.0,0.0,0,344.61,0.0,1,13.67,1.45,SPY201030P00335000,335.0,0,0.0,0.0,,0.0,normalDay
2020-10-23,460.0,1279.0,0.0,0,345.78,0.0,1,13.67,0.88,SPY201030P00335000,335.0,0,0.0,0.0,,0.0,normalDay
2020-10-26,460.0,1145.0,0.0,0,339.39,0.0,1,13.67,2.22,SPY201030P00335000,335.0,0,0.0,0.0,,0.0,normalDay
2020-10-27,460.0,1183.0,0.0,0,338.22,0.0,1,13.67,1.84,SPY201030P00335000,335.0,0,0.0,0.0,,0.0,normalDay
2020-10-28,460.0,437.0,0.0,0,326.66,0.0,1,13.67,9.3,SPY201030P00335000,335.0,0,0.0,0.0,,0.0,normalDay
2020-10-29,460.0,864.0,0.0,0,329.98,0.0,1,13.67,5.03,SPY201030P00335000,335.0,0,0.0,0.0,,0.0,normalDay
2020-10-30,1827.0,-846.0,1367.0,100,326.54,335.0,1,13.67,0.0,SPY201030P00335000,335.0,0,0.0,0.0,,0.0,expirationDay
2020-11-02,1827.0,-483.0,0.0,100,330.2,335.0,0,0.0,0.0,,0.0,1,0.57,0.6,SPY201104C00343000,343.0,normalDay
2020-11-03,1827.0,32.0,0.0,100,336.03,335.0,0,0.0,0.0,,0.0,1,0.57,1.28,SPY201104C00343000,343.0,normalDay
2020-11-04,2684.0,32.0,857.0,0,343.54,0.0,0,0.0,0.0,,0.0,1,0.57,0.0,SPY201104C00343000,343.0,expirationDay
2020-11-05,2684.0,-11.0,0.0,0,350.24,0.0,1,7.59,7.7,SPY201224P00335000,335.0,0,0.0,0.0,,0.0,normalDay
2020-11-06,2684.0,78.0,0.0,0,350.16,0.0,1,7.59,6.81,SPY201224P00335000,335.0,0,0.0,0.0,,0.0,normalDay
2020-11-09,2684.0,227.0,0.0,0,354.56,0.0,1,7.59,5.32,SPY201224P00335000,335.0,0,0.0,0.0,,0.0,normalDay
2020-11-10,2684.0,248.0,0.0,0,354.04,0.0,1,7.59,5.11,SPY201224P00335000,335.0,0,0.0,0.0,,0.0,normalDay
2020-11-11,2684.0,334.0,0.0,0,356.67,0.0,1,7.59,4.25,SPY201224P00335000,335.0,0,0.0,0.0,,0.0,normalDay
2020-11-12,2684.0,232.0,0.0,0,353.21,0.0,1,7.59,5.27,SPY201224P00335000,335.0,0,0.0,0.0,,0.0,normalDay
2020-11-13,2684.0,367.0,0.0,0,358.1,0.0,1,7.59,3.92,SPY201224P00335000,335.0,0,0.0,0.0,,0.0,normalDay
2020-11-16,2684.0,462.0,0.0,0,362.57,0.0,1,7.59,2.97,SPY201224P00335000,335.0,0,0.0,0.0,,0.0,normalDay
2020-11-17,2684.0,448.0,0.0,0,360.62,0.0,1,7.59,3.11,SPY201224P00335000,335.0,0,0.0,0.0,,0.0,normalDay
2020-11-18,2684.0,389.0,0.0,0,356.28,0.0,1,7.59,3.7,SPY201224P00335000,335.0,0,0.0,0.0,,0.0,normalDay
2020-11-19,2684.0,440.0,0.0,0,357.78,0.0,1,7.59,3.19,SPY201224P00335000,335.0,0,0.0,0.0,,0.0,normalDay
2020-11-20,2684.0,393.0,0.0,0,355.33,0.0,1,7.59,3.66,SPY201224P00335000,335.0,0,0.0,0.0,,0.0,normalDay
2020-11-23,2684.0,473.0,0.0,0,357.46,0.0,1,7.59,2.86,SPY201224P00335000,335.0,0,0.0,0.0,,0.0,normalDay
2020-11-24,2684.0,564.0,0.0,0,363.22,0.0,1,7.59,1.95,SPY201224P00335000,335.0,0,0.0,0.0,,0.0,normalDay
2020-11-25,2684.0,572.0,0.0,0,362.66,0.0,1,7.59,1.87,SPY201224P00335000,335.0,0,0.0,0.0,,0.0,normalDay
2020-11-27,2684.0,603.0,0.0,0,363.67,0.0,1,7.59,1.56,SPY201224P00335000,335.0,0,0.0,0.0,,0.0,normalDay
2020-11-30,2684.0,622.0,0.0,0,362.06,0.0,1,7.59,1.37,SPY201224P00335000,335.0,0,0.0,0.0,,0.0,normalDay
2020-12-01,2684.0,645.0,0.0,0,366.02,0.0,1,7.59,1.14,SPY201224P00335000,335.0,0,0.0,0.0,,0.0,normalDay
2020-12-02,2684.0,655.0,0.0,0,366.79,0.0,1,7.59,1.04,SPY201224P00335000,335.0,0,0.0,0.0,,0.0,normalDay
2020-12-03,2684.0,658.0,0.0,0,366.69,0.0,1,7.59,1.01,SPY201224P00335000,335.0,0,0.0,0.0,,0.0,normalDay
2020-12-04,2684.0,690.0,0.0,0,369.85,0.0,1,7.59,0.69,SPY201224P00335000,335.0,0,0.0,0.0,,0.0,normalDay
2020-12-07,2684.0,702.0,0.0,0,369.09,0.0,1,7.59,0.57,SPY201224P00335000,335.0,0,0.0,0.0,,0.0,normalDay
2020-12-08,2684.0,717.0,0.0,0,370.17,0.0,1,7.59,0.42,SPY201224P00335000,335.0,0,0.0,0.0,,0.0,normalDay
2020-12-09,2684.0,702.0,0.0,0,366.85,0.0,1,7.59,0.57,SPY201224P00335000,335.0,0,0.0,0.0,,0.0,normalDay
2020-12-10,2684.0,707.0,0.0,0,366.73,0.0,1,7.59,0.52,SPY201224P00335000,335.0,0,0.0,0.0,,0.0,normalDay
2020-12-11,2684.0,706.0,0.0,0,366.3,0.0,1,7.59,0.53,SPY201224P00335000,335.0,0,0.0,0.0,,0.0,normalDay
2020-12-14,2684.0,704.0,0.0,0,364.66,0.0,1,7.59,0.55,SPY201224P00335000,335.0,0,0.0,0.0,,0.0,normalDay
2020-12-15,2684.0,729.0,0.0,0,369.59,0.0,1,7.59,0.3,SPY201224P00335000,335.0,0,0.0,0.0,,0.0,normalDay
2020-12-16,2684.0,738.0,0.0,0,370.17,0.0,1,7.59,0.21,SPY201224P00335000,335.0,0,0.0,0.0,,0.0,normalDay
2020-12-17,2684.0,741.0,0.0,0,372.24,0.0,1,7.59,0.18,SPY201224P00335000,335.0,0,0.0,0.0,,0.0,normalDay
2020-12-18,2684.0,753.0,0.0,0,369.18,0.0,1,7.59,0.06,SPY201224P00335000,335.0,0,0.0,0.0,,0.0,normalDay
2020-12-21,2684.0,755.0,0.0,0,367.86,0.0,1,7.59,0.04,SPY201224P00335000,335.0,0,0.0,0.0,,0.0,normalDay
2020-12-22,2684.0,757.0,0.0,0,367.24,0.0,1,7.59,0.02,SPY201224P00335000,335.0,0,0.0,0.0,,0.0,normalDay
2020-12-23,2684.0,758.0,0.0,0,367.57,0.0,1,7.59,0.01,SPY201224P00335000,335.0,0,0.0,0.0,,0.0,normalDay
2020-12-24,3443.0,0.0,759.0,0,369.0,0.0,1,7.59,0.0,SPY201224P00335000,335.0,0,0.0,0.0,,0.0,expirationDay
2020-12-28,3443.0,-5.0,0.0,0,372.17,0.0,1,7.91,7.96,SPY210219P00366000,366.0,0,0.0,0.0,,0.0,normalDay
2020-12-29,3443.0,-85.0,0.0,0,371.46,0.0,1,7.91,8.76,SPY210219P00366000,366.0,0,0.0,0.0,,0.0,normalDay
2020-12-30,3443.0,-36.0,0.0,0,371.99,0.0,1,7.91,8.27,SPY210219P00366000,366.0,0,0.0,0.0,,0.0,normalDay
2020-12-31,3443.0,46.0,0.0,0,373.88,0.0,1,7.91,7.45,SPY210219P00366000,366.0,0,0.0,0.0,,0.0,normalDay
2021-01-04,3443.0,-199.0,0.0,0,368.79,0.0,1,7.91,9.9,SPY210219P00366000,366.0,0,0.0,0.0,,0.0,normalDay
2021-01-05,3443.0,-65.0,0.0,0,371.33,0.0,1,7.91,8.56,SPY210219P00366000,366.0,0,0.0,0.0,,0.0,normalDay
2021-01-06,3443.0,3.0,0.0,0,373.55,0.0,1,7.91,7.88,SPY210219P00366000,366.0,0,0.0,0.0,,0.0,normalDay
2021-01-07,3443.0,240.0,0.0,0,379.1,0.0,1,7.91,5.51,SPY210219P00366000,366.0,0,0.0,0.0,,0.0,normalDay
2021-01-08,3443.0,311.0,0.0,0,381.26,0.0,1,7.91,4.8,SPY210219P00366000,366.0,0,0.0,0.0,,0.0,normalDay
2021-01-11,3443.0,209.0,0.0,0,378.69,0.0,1,7.91,5.82,SPY210219P00366000,366.0,0,0.0,0.0,,0.0,normalDay
2021-01-12,3443.0,243.0,0.0,0,378.77,0.0,1,7.91,5.48,SPY210219P00366000,366.0,0,0.0,0.0,,0.0,normalDay
2021-01-13,3443.0,321.0,0.0,0,379.79,0.0,1,7.91,4.7,SPY210219P00366000,366.0,0,0.0,0.0,,0.0,normalDay
2021-01-14,3443.0,275.0,0.0,0,378.46,0.0,1,7.91,5.16,SPY210219P00366000,366.0,0,0.0,0.0,,0.0,normalDay
2021-01-15,3443.0,170.0,0.0,0,375.7,0.0,1,7.91,6.21,SPY210219P00366000,366.0,0,0.0,0.0,,0.0,normalDay
2021-01-19,3443.0,324.0,0.0,0,378.65,0.0,1,7.91,4.67,SPY210219P00366000,366.0,0,0.0,0.0,,0.0,normalDay
2021-01-20,3443.0,467.0,0.0,0,383.89,0.0,1,7.91,3.24,SPY210219P00366000,366.0,0,0.0,0.0,,0.0,normalDay
2021-01-21,3443.0,489.0,0.0,0,384.24,0.0,1,7.91,3.02,SPY210219P00366000,366.0,0,0.0,0.0,,0.0,normalDay
2021-01-22,3443.0,472.0,0.0,0,382.88,0.0,1,7.91,3.19,SPY210219P00366000,366.0,0,0.0,0.0,,0.0,normalDay
2021-01-25,3443.0,500.0,0.0,0,384.39,0.0,1,7.91,2.91,SPY210219P00366000,366.0,0,0.0,0.0,,0.0,normalDay
2021-01-26,3443.0,515.0,0.0,0,383.79,0.0,1,7.91,2.76,SPY210219P00366000,366.0,0,0.0,0.0,,0.0,normalDay
2021-01-27,3443.0,57.0,0.0,0,374.41,0.0,1,7.91,7.34,SPY210219P00366000,366.0,0,0.0,0.0,,0.0,normalDay
2021-01-28,3443.0,272.0,0.0,0,377.63,0.0,1,7.91,5.19,SPY210219P00366000,366.0,0,0.0,0.0,,0.0,normalDay
2021-01-29,3443.0,-77.0,0.0,0,370.07,0.0,1,7.91,8.68,SPY210219P00366000,366.0,0,0.0,0.0,,0.0,normalDay
2021-02-01,3443.0,289.0,0.0,0,376.23,0.0,1,7.91,5.02,SPY210219P00366000,366.0,0,0.0,0.0,,0.0,normalDay
2021-02-02,3443.0,542.0,0.0,0,381.55,0.0,1,7.91,2.49,SPY210219P00366000,366.0,0,0.0,0.0,,0.0,normalDay
2021-02-03,3443.0,606.0,0.0,0,381.85,0.0,1,7.91,1.85,SPY210219P00366000,366.0,0,0.0,0.0,,0.0,normalDay
2021-02-04,3443.0,678.0,0.0,0,386.19,0.0,1,7.91,1.13,SPY210219P00366000,366.0,0,0.0,0.0,,0.0,normalDay
2021-02-05,3443.0,719.0,0.0,0,387.71,0.0,1,7.91,0.72,SPY210219P00366000,366.0,0,0.0,0.0,,0.0,normalDay
2021-02-08,3443.0,748.0,0.0,0,390.51,0.0,1,7.91,0.43,SPY210219P00366000,366.0,0,0.0,0.0,,0.0,normalDay
2021-02-09,3443.0,750.0,0.0,0,390.25,0.0,1,7.91,0.41,SPY210219P00366000,366.0,0,0.0,0.0,,0.0,normalDay
2021-02-10,3443.0,749.0,0.0,0,390.08,0.0,1,7.91,0.42,SPY210219P00366000,366.0,0,0.0,0.0,,0.0,normalDay
2021-02-11,3443.0,761.0,0.0,0,390.71,0.0,1,7.91,0.3,SPY210219P00366000,366.0,0,0.0,0.0,,0.0,normalDay
2021-02-12,3443.0,779.0,0.0,0,392.64,0.0,1,7.91,0.12,SPY210219P00366000,366.0,0,0.0,0.0,,0.0,normalDay
2021-02-16,3443.0,780.0,0.0,0,392.3,0.0,1,7.91,0.11,SPY210219P00366000,366.0,0,0.0,0.0,,0.0,normalDay
2021-02-17,3443.0,785.0,0.0,0,392.39,0.0,1,7.91,0.06,SPY210219P00366000,366.0,0,0.0,0.0,,0.0,normalDay
2021-02-18,3443.0,788.0,0.0,0,390.72,0.0,1,7.91,0.03,SPY210219P00366000,366.0,0,0.0,0.0,,0.0,normalDay
2021-02-19,4234.0,0.0,791.0,0,390.03,0.0,1,7.91,0.0,SPY210219P00366000,366.0,0,0.0,0.0,,0.0,expirationDay
2021-02-22,4234.0,-6.0,0.0,0,387.03,0.0,1,9.38,9.44,SPY210416P00380000,380.0,0,0.0,0.0,,0.0,normalDay
2021-02-23,4234.0,42.0,0.0,0,387.5,0.0,1,9.38,8.96,SPY210416P00380000,380.0,0,0.0,0.0,,0.0,normalDay
2021-02-24,4234.0,229.0,0.0,0,391.77,0.0,1,9.38,7.09,SPY210416P00380000,380.0,0,0.0,0.0,,0.0,normalDay
2021-02-25,4234.0,-241.0,0.0,0,382.33,0.0,1,9.38,11.79,SPY210416P00380000,380.0,0,0.0,0.0,,0.0,normalDay
2021-02-26,4234.0,-285.0,0.0,0,380.36,0.0,1,9.38,12.23,SPY210416P00380000,380.0,0,0.0,0.0,,0.0,normalDay
2021-03-01,4234.0,184.0,0.0,0,389.58,0.0,1,9.38,7.54,SPY210416P00380000,380.0,0,0.0,0.0,,0.0,normalDay
2021-03-02,4234.0,64.0,0.0,0,386.54,0.0,1,9.38,8.74,SPY210416P00380000,380.0,0,0.0,0.0,,0.0,normalDay
2021-03-03,4234.0,-161.0,0.0,0,381.42,0.0,1,9.38,10.99,SPY210416P00380000,380.0,0,0.0,0.0,,0.0,normalDay
2021-03-04,4234.0,-391.0,0.0,0,376.7,0.0,1,9.38,13.29,SPY210416P00380000,380.0,0,0.0,0.0,,0.0,normalDay
2021-03-05,4234.0,1.0,0.0,0,383.63,0.0,1,9.38,9.37,SPY210416P00380000,380.0,0,0.0,0.0,,0.0,normalDay
2021-03-08,4234.0,-57.0,0.0,0,381.72,0.0,1,9.38,9.95,SPY210416P00380000,380.0,0,0.0,0.0,,0.0,normalDay
2021-03-09,4234.0,175.0,0.0,0,387.17,0.0,1,9.38,7.63,SPY210416P00380000,380.0,0,0.0,0.0,,0.0,normalDay
2021-03-10,4234.0,315.0,0.0,0,389.58,0.0,1,9.38,6.23,SPY210416P00380000,380.0,0,0.0,0.0,,0.0,normalDay
2021-03-11,4234.0,426.0,0.0,0,393.53,0.0,1,9.38,5.12,SPY210416P00380000,380.0,0,0.0,0.0,,0.0,normalDay
2021-03-12,4234.0,499.0,0.0,0,394.06,0.0,1,9.38,4.39,SPY210416P00380000,380.0,0,0.0,0.0,,0.0,normalDay
2021-03-15,4234.0,595.0,0.0,0,396.41,0.0,1,9.38,3.43,SPY210416P00380000,380.0,0,0.0,0.0,,0.0,normalDay
2021-03-16,4234.0,591.0,0.0,0,395.91,0.0,1,9.38,3.47,SPY210416P00380000,380.0,0,0.0,0.0,,0.0,normalDay
2021-03-17,4234.0,644.0,0.0,0,397.26,0.0,1,9.38,2.94,SPY210416P00380000,380.0,0,0.0,0.0,,0.0,normalDay
2021-03-18,4234.0,519.0,0.0,0,391.48,0.0,1,9.38,4.19,SPY210416P00380000,380.0,0,0.0,0.0,,0.0,normalDay
2021-03-19,4234.0,504.0,0.0,0,389.48,0.0,1,9.38,4.34,SPY210416P00380000,380.0,0,0.0,0.0,,0.0,normalDay
2021-03-22,4234.0,666.0,0.0,0,392.59,0.0,1,9.38,2.72,SPY210416P00380000,380.0,0,0.0,0.0,,0.0,normalDay
2021-03-23,4234.0,576.0,0.0,0,389.5,0.0,1,9.38,3.62,SPY210416P00380000,380.0,0,0.0,0.0,,0.0,normalDay
2021-03-24,4234.0,525.0,0.0,0,387.52,0.0,1,9.38,4.13,SPY210416P00380000,380.0,0,0.0,0.0,,0.0,normalDay
2021-03-25,4234.0,624.0,0.0,0,389.7,0.0,1,9.38,3.14,SPY210416P00380000,380.0,0,0.0,0.0,,0.0,normalDay
2021-03-26,4234.0,744.0,0.0,0,395.98,0.0,1,9.38,1.94,SPY210416P00380000,380.0,0,0.0,0.0,,0.0,normalDay
2021-03-29,4234.0,730.0,0.0,0,395.78,0.0,1,9.38,2.08,SPY210416P00380000,380.0,0,0.0,0.0,,0.0,normalDay
2021-03-30,4234.0,750.0,0.0,0,394.73,0.0,1,9.38,1.88,SPY210416P00380000,380.0,0,0.0,0.0,,0.0,normalDay
2021-03-31,4234.0,797.0,0.0,0,396.33,0.0,1,9.38,1.41,SPY210416P00380000,380.0,0,0.0,0.0,,0.0,normalDay
2021-04-01,4234.0,868.0,0.0,0,400.61,0.0,1,9.38,0.7,SPY210416P00380000,380.0,0,0.0,0.0,,0.0,normalDay
2021-04-05,4234.0,902.0,0.0,0,406.36,0.0,1,9.38,0.36,SPY210416P00380000,380.0,0,0.0,0.0,,0.0,normalDay
2021-04-06,4234.0,905.0,0.0,0,406.12,0.0,1,9.38,0.33,SPY210416P00380000,380.0,0,0.0,0.0,,0.0,normalDay
2021-04-07,4234.0,917.0,0.0,0,406.59,0.0,1,9.38,0.21,SPY210416P00380000,380.0,0,0.0,0.0,,0.0,normalDay
2021-04-08,4234.0,924.0,0.0,0,408.52,0.0,1,9.38,0.14,SPY210416P00380000,380.0,0,0.0,0.0,,0.0,normalDay
2021-04-09,4234.0,931.0,0.0,0,411.49,0.0,1,9.38,0.07,SPY210416P00380000,380.0,0,0.0,0.0,,0.0,normalDay
2021-04-12,4234.0,934.0,0.0,0,411.64,0.0,1,9.38,0.04,SPY210416P00380000,380.0,0,0.0,0.0,,0.0,normalDay
2021-04-13,4234.0,935.0,0.0,0,412.86,0.0,1,9.38,0.03,SPY210416P00380000,380.0,0,0.0,0.0,,0.0,normalDay
2021-04-14,4234.0,935.0,0.0,0,411.45,0.0,1,9.38,0.03,SPY210416P00380000,380.0,0,0.0,0.0,,0.0,normalDay
2021-04-15,4234.0,937.0,0.0,0,415.87,0.0,1,9.38,0.01,SPY210416P00380000,380.0,0,0.0,0.0,,0.0,normalDay
2021-04-16,5172.0,0.0,938.0,0,417.26,0.0,1,9.38,0.0,SPY210416P00380000,380.0,0,0.0,0.0,,0.0,expirationDay
2021-04-19,5172.0,-6.0,0.0,0,415.21,0.0,1,3.14,3.2,SPY210528P00395000,395.0,0,0.0,0.0,,0.0,normalDay
2021-04-20,5172.0,-94.0,0.0,0,412.17,0.0,1,3.14,4.08,SPY210528P00395000,395.0,0,0.0,0.0,,0.0,normalDay
2021-04-21,5172.0,16.0,0.0,0,416.07,0.0,1,3.14,2.98,SPY210528P00395000,395.0,0,0.0,0.0,,0.0,normalDay
2021-04-22,5172.0,-73.0,0.0,0,412.27,0.0,1,3.14,3.87,SPY210528P00395000,395.0,0,0.0,0.0,,0.0,normalDay
2021-04-23,5172.0,44.0,0.0,0,416.74,0.0,1,3.14,2.7,SPY210528P00395000,395.0,0,0.0,0.0,,0.0,normalDay
2021-04-26,5172.0,77.0,0.0,0,417.61,0.0,1,3.14,2.37,SPY210528P00395000,395.0,0,0.0,0.0,,0.0,normalDay
2021-04-27,5172.0,83.0,0.0,0,417.52,0.0,1,3.14,2.31,SPY210528P00395000,395.0,0,0.0,0.0,,0.0,normalDay
2021-04-28,5172.0,105.0,0.0,0,417.4,0.0,1,3.14,2.09,SPY210528P00395000,395.0,0,0.0,0.0,,0.0,normalDay
2021-04-29,5172.0,126.0,0.0,0,420.06,0.0,1,3.14,1.88,SPY210528P00395000,395.0,0,0.0,0.0,,0.0,normalDay
2021-04-30,5172.0,92.0,0.0,0,417.3,0.0,1,3.14,2.22,SPY210528P00395000,395.0,0,0.0,0.0,,0.0,normalDay
2021-05-03,5172.0,129.0,0.0,0,418.2,0.0,1,3.14,1.85,SPY210528P00395000,395.0,0,0.0,0.0,,0.0,normalDay
2021-05-04,5172.0,81.0,0.0,0,415.62,0.0,1,3.14,2.33,SPY210528P00395000,395.0,0,0.0,0.0,,0.0,normalDay
2021-05-05,5172.0,95.0,0.0,0,415.75,0.0,1,3.14,2.19,SPY210528P00395000,395.0,0,0.0,0.0,,0.0,normalDay
2021-05-06,5172.0,157.0,0.0,0,419.07,0.0,1,3.14,1.57,SPY210528P00395000,395.0,0,0.0,0.0,,0.0,normalDay
2021-05-07,5172.0,207.0,0.0,0,422.12,0.0,1,3.14,1.07,SPY210528P00395000,395.0,0,0.0,0.0,,0.0,normalDay
2021-05-10,5172.0,148.0,0.0,0,417.94,0.0,1,3.14,1.66,SPY210528P00395000,395.0,0,0.0,0.0,,0.0,normalDay
2021-05-11,5172.0,89.0,0.0,0,414.21,0.0,1,3.14,2.25,SPY210528P00395000,395.0,0,0.0,0.0,,0.0,normalDay
2021-05-12,5172.0,-185.0,0.0,0,405.41,0.0,1,3.14,4.99,SPY210528P00395000,395.0,0,0.0,0.0,,0.0,normalDay
2021-05-13,5172.0,27.0,0.0,0,410.28,0.0,1,3.14,2.87,SPY210528P00395000,395.0,0,0.0,0.0,,0.0,normalDay
2021-05-14,5172.0,203.0,0.0,0,416.58,0.0,1,3.14,1.11,SPY210528P00395000,395.0,0,0.0,0.0,,0.0,normalDay
2021-05-17,5172.0,218.0,0.0,0,415.52,0.0,1,3.14,0.96,SPY210528P00395000,395.0,0,0.0,0.0,,0.0,normalDay
2021-05-18,5172.0,177.0,0.0,0,411.94,0.0,1,3.14,1.37,SPY210528P00395000,395.0,0,0.0,0.0,,0.0,normalDay
2021-05-19,5172.0,180.0,0.0,0,410.86,0.0,1,3.14,1.34,SPY210528P00395000,395.0,0,0.0,0.0,,0.0,normalDay
2021-05-20,5172.0,250.0,0.0,0,415.28,0.0,1,3.14,0.64,SPY210528P00395000,395.0,0,0.0,0.0,,0.0,normalDay
2021-05-21,5172.0,274.0,0.0,0,414.94,0.0,1,3.14,0.4,SPY210528P00395000,395.0,0,0.0,0.0,,0.0,normalDay
2021-05-24,5172.0,306.0,0.0,0,419.17,0.0,1,3.14,0.08,SPY210528P00395000,395.0,0,0.0,0.0,,0.0,normalDay
2021-05-25,5172.0,305.0,0.0,0,418.24,0.0,1,3.14,0.09,SPY210528P00395000,395.0,0,0.0,0.0,,0.0,normalDay
2021-05-26,5172.0,310.0,0.0,0,419.07,0.0,1,3.14,0.04,SPY210528P00395000,395.0,0,0.0,0.0,,0.0,normalDay
2021-05-27,5172.0,312.0,0.0,0,419.29,0.0,1,3.14,0.02,SPY210528P00395000,395.0,0,0.0,0.0,,0.0,normalDay
2021-05-28,5486.0,0.0,314.0,0,420.04,0.0,1,3.14,0.0,SPY210528P00395000,395.0,0,0.0,0.0,,0.0,expirationDay
2021-06-01,5486.0,-6.0,0.0,0,419.67,0.0,1,6.44,6.5,SPY210716P00413000,413.0,0,0.0,0.0,,0.0,normalDay
2021-06-02,5486.0,42.0,0.0,0,420.33,0.0,1,6.44,6.02,SPY210716P00413000,413.0,0,0.0,0.0,,0.0,normalDay
2021-06-03,5486.0,-22.0,0.0,0,418.77,0.0,1,6.44,6.66,SPY210716P00413000,413.0,0,0.0,0.0,,0.0,normalDay
2021-06-04,5486.0,138.0,0.0,0,422.6,0.0,1,6.44,5.06,SPY210716P00413000,413.0,0,0.0,0.0,,0.0,normalDay
2021-06-07,5486.0,179.0,0.0,0,422.19,0.0,1,6.44,4.65,SPY210716P00413000,413.0,0,0.0,0.0,,0.0,normalDay
2021-06-08,5486.0,171.0,0.0,0,422.28,0.0,1,6.44,4.73,SPY210716P00413000,413.0,0,0.0,0.0,,0.0,normalDay
2021-06-09,5486.0,138.0,0.0,0,421.65,0.0,1,6.44,5.06,SPY210716P00413000,413.0,0,0.0,0.0,,0.0,normalDay
2021-06-10,5486.0,261.0,0.0,0,423.61,0.0,1,6.44,3.83,SPY210716P00413000,413.0,0,0.0,0.0,,0.0,normalDay
2021-06-11,5486.0,295.0,0.0,0,424.31,0.0,1,6.44,3.49,SPY210716P00413000,413.0,0,0.0,0.0,,0.0,normalDay
2021-06-14,5486.0,318.0,0.0,0,425.26,0.0,1,6.44,3.26,SPY210716P00413000,413.0,0,0.0,0.0,,0.0,normalDay
2021-06-15,5486.0,295.0,0.0,0,424.48,0.0,1,6.44,3.49,SPY210716P00413000,413.0,0,0.0,0.0,,0.0,normalDay
2021-06-16,5486.0,226.0,0.0,0,422.11,0.0,1,6.44,4.18,SPY210716P00413000,413.0,0,0.0,0.0,,0.0,normalDay
2021-06-17,5486.0,254.0,0.0,0,421.97,0.0,1,6.44,3.9,SPY210716P00413000,413.0,0,0.0,0.0,,0.0,normalDay
2021-06-18,5486.0,-14.0,0.0,0,414.92,0.0,1,6.44,6.58,SPY210716P00413000,413.0,0,0.0,0.0,,0.0,normalDay
2021-06-21,5486.0,294.0,0.0,0,420.86,0.0,1,6.44,3.5,SPY210716P00413000,413.0,0,0.0,0.0,,0.0,normalDay
2021-06-22,5486.0,376.0,0.0,0,423.11,0.0,1,6.44,2.68,SPY210716P00413000,413.0,0,0.0,0.0,,0.0,normalDay
2021-06-23,5486.0,390.0,0.0,0,422.6,0.0,1,6.44,2.54,SPY210716P00413000,413.0,0,0.0,0.0,,0.0,normalDay
2021-06-24,5486.0,449.0,0.0,0,425.1,0.0,1,6.44,1.95,SPY210716P00413000,413.0,0,0.0,0.0,,0.0,normalDay
2021-06-25,5486.0,495.0,0.0,0,426.61,0.0,1,6.44,1.49,SPY210716P00413000,413.0,0,0.0,0.0,,0.0,normalDay
2021-06-28,5486.0,519.0,0.0,0,427.47,0.0,1,6.44,1.25,SPY210716P00413000,413.0,0,0.0,0.0,,0.0,normalDay
2021-06-29,5486.0,525.0,0.0,0,427.7,0.0,1,6.44,1.19,SPY210716P00413000,413.0,0,0.0,0.0,,0.0,normalDay
2021-06-30,5486.0,545.0,0.0,0,428.06,0.0,1,6.44,0.99,SPY210716P00413000,413.0,0,0.0,0.0,,0.0,normalDay
2021-07-01,5486.0,561.0,0.0,0,430.43,0.0,1,6.44,0.83,SPY210716P00413000,413.0,0,0.0,0.0,,0.0,normalDay
2021-07-02,5486.0,592.0,0.0,0,433.72,0.0,1,6.44,0.52,SPY210716P00413000,413.0,0,0.0,0.0,,0.0,normalDay
2021-07-06,5486.0,593.0,0.0,0,432.93,0.0,1,6.44,0.51,SPY210716P00413000,413.0,0,0.0,0.0,,0.0,normalDay
2021-07-07,5486.0,609.0,0.0,0,434.46,0.0,1,6.44,0.35,SPY210716P00413000,413.0,0,0.0,0.0,,0.0,normalDay
2021-07-08,5486.0,566.0,0.0,0,430.92,0.0,1,6.44,0.78,SPY210716P00413000,413.0,0,0.0,0.0,,0.0,normalDay
2021-07-09,5486.0,622.0,0.0,0,435.52,0.0,1,6.44,0.22,SPY210716P00413000,413.0,0,0.0,0.0,,0.0,normalDay
2021-07-12,5486.0,635.0,0.0,0,437.08,0.0,1,6.44,0.09,SPY210716P00413000,413.0,0,0.0,0.0,,0.0,normalDay
2021-07-13,5486.0,633.0,0.0,0,435.59,0.0,1,6.44,0.11,SPY210716P00413000,413.0,0,0.0,0.0,,0.0,normalDay
2021-07-14,5486.0,640.0,0.0,0,436.24,0.0,1,6.44,0.04,SPY210716P00413000,413.0,0,0.0,0.0,,0.0,normalDay
2021-07-15,5486.0,641.0,0.0,0,434.75,0.0,1,6.44,0.03,SPY210716P00413000,413.0,0,0.0,0.0,,0.0,normalDay
2021-07-16,6130.0,0.0,644.0,0,431.34,0.0,1,6.44,0.0,SPY210716P00413000,413.0,0,0.0,0.0,,0.0,expirationDay
2021-07-19,6130.0,-12.0,0.0,0,424.97,0.0,1,10.0,10.12,SPY210827P00426000,426.0,0,0.0,0.0,,0.0,normalDay
2021-07-20,6130.0,293.0,0.0,0,431.06,0.0,1,10.0,7.07,SPY210827P00426000,426.0,0,0.0,0.0,,0.0,normalDay
2021-07-21,6130.0,467.0,0.0,0,434.55,0.0,1,10.0,5.33,SPY210827P00426000,426.0,0,0.0,0.0,,0.0,normalDay
2021-07-22,6130.0,498.0,0.0,0,435.46,0.0,1,10.0,5.02,SPY210827P00426000,426.0,0,0.0,0.0,,0.0,normalDay
2021-07-23,6130.0,607.0,0.0,0,439.94,0.0,1,10.0,3.93,SPY210827P00426000,426.0,0,0.0,0.0,,0.0,normalDay
2021-07-26,6130.0,651.0,0.0,0,441.02,0.0,1,10.0,3.49,SPY210827P00426000,426.0,0,0.0,0.0,,0.0,normalDay
2021-07-27,6130.0,566.0,0.0,0,439.01,0.0,1,10.0,4.34,SPY210827P00426000,426.0,0,0.0,0.0,,0.0,normalDay
2021-07-28,6130.0,612.0,0.0,0,438.83,0.0,1,10.0,3.88,SPY210827P00426000,426.0,0,0.0,0.0,,0.0,normalDay
2021-07-29,6130.0,683.0,0.0,0,440.65,0.0,1,10.0,3.17,SPY210827P00426000,426.0,0,0.0,0.0,,0.0,normalDay
2021-07-30,6130.0,656.0,0.0,0,438.51,0.0,1,10.0,3.44,SPY210827P00426000,426.0,0,0.0,0.0,,0.0,normalDay
2021-08-02,6130.0,626.0,0.0,0,437.59,0.0,1,10.0,3.74,SPY210827P00426000,426.0,0,0.0,0.0,,0.0,normalDay
2021-08-03,6130.0,738.0,0.0,0,441.15,0.0,1,10.0,2.62,SPY210827P00426000,426.0,0,0.0,0.0,,0.0,normalDay
2021-08-04,6130.0,722.0,0.0,0,438.98,0.0,1,10.0,2.78,SPY210827P00426000,426.0,0,0.0,0.0,,0.0,normalDay
2021-08-05,6130.0,785.0,0.0,0,441.76,0.0,1,10.0,2.15,SPY210827P00426000,426.0,0,0.0,0.0,,0.0,normalDay
2021-08-06,6130.0,834.0,0.0,0,442.49,0.0,1,10.0,1.66,SPY210827P00426000,426.0,0,0.0,0.0,,0.0,normalDay
2021-08-09,6130.0,849.0,0.0,0,442.13,0.0,1,10.0,1.51,SPY210827P00426000,426.0,0,0.0,0.0,,0.0,normalDay
2021-08-10,6130.0,853.0,0.0,0,442.68,0.0,1,10.0,1.47,SPY210827P00426000,426.0,0,0.0,0.0,,0.0,normalDay
2021-08-11,6130.0,892.0,0.0,0,443.78,0.0,1,10.0,1.08,SPY210827P00426000,426.0,0,0.0,0.0,,0.0,normalDay
2021-08-12,6130.0,919.0,0.0,0,445.11,0.0,1,10.0,0.81,SPY210827P00426000,426.0,0,0.0,0.0,,0.0,normalDay
2021-08-13,6130.0,938.0,0.0,0,445.92,0.0,1,10.0,0.62,SPY210827P00426000,426.0,0,0.0,0.0,,0.0,normalDay
2021-08-16,6130.0,951.0,0.0,0,446.97,0.0,1,10.0,0.49,SPY210827P00426000,426.0,0,0.0,0.0,,0.0,normalDay
2021-08-17,6130.0,910.0,0.0,0,444.04,0.0,1,10.0,0.9,SPY210827P00426000,426.0,0,0.0,0.0,,0.0,normalDay
2021-08-18,6130.0,809.0,0.0,0,439.18,0.0,1,10.0,1.91,SPY210827P00426000,426.0,0,0.0,0.0,,0.0,normalDay
2021-08-19,6130.0,847.0,0.0,0,439.86,0.0,1,10.0,1.53,SPY210827P00426000,426.0,0,0.0,0.0,,0.0,normalDay
2021-08-20,6130.0,962.0,0.0,0,443.36,0.0,1,10.0,0.38,SPY210827P00426000,426.0,0,0.0,0.0,,0.0,normalDay
2021-08-23,6130.0,990.0,0.0,0,447.26,0.0,1,10.0,0.1,SPY210827P00426000,426.0,0,0.0,0.0,,0.0,normalDay
2021-08-24,6130.0,993.0,0.0,0,447.97,0.0,1,10.0,0.07,SPY210827P00426000,426.0,0,0.0,0.0,,0.0,normalDay
2021-08-25,6130.0,996.0,0.0,0,448.91,0.0,1,10.0,0.04,SPY210827P00426000,426.0,0,0.0,0.0,,0.0,normalDay
2021-08-26,6130.0,995.0,0.0,0,446.26,0.0,1,10.0,0.05,SPY210827P00426000,426.0,0,0.0,0.0,,0.0,normalDay
2021-08-27,7130.0,0.0,1000.0,0,450.25,0.0,1,10.0,0.0,SPY210827P00426000,426.0,0,0.0,0.0,,0.0,expirationDay
2021-08-30,7130.0,-4.0,0.0,0,452.23,0.0,1,5.64,5.68,SPY211015P00442000,442.0,0,0.0,0.0,,0.0,normalDay
2021-08-31,7130.0,-2.0,0.0,0,451.56,0.0,1,5.64,5.66,SPY211015P00442000,442.0,0,0.0,0.0,,0.0,normalDay
2021-09-01,7130.0,26.0,0.0,0,451.8,0.0,1,5.64,5.38,SPY211015P00442000,442.0,0,0.0,0.0,,0.0,normalDay
2021-09-02,7130.0,63.0,0.0,0,453.19,0.0,1,5.64,5.01,SPY211015P00442000,442.0,0,0.0,0.0,,0.0,normalDay
2021-09-03,7130.0,67.0,0.0,0,453.08,0.0,1,5.64,4.97,SPY211015P00442000,442.0,0,0.0,0.0,,0.0,normalDay
2021-09-07,7130.0,17.0,0.0,0,451.46,0.0,1,5.64,5.47,SPY211015P00442000,442.0,0,0.0,0.0,,0.0,normalDay
2021-09-08,7130.0,15.0,0.0,0,450.91,0.0,1,5.64,5.49,SPY211015P00442000,442.0,0,0.0,0.0,,0.0,normalDay
2021-09-09,7130.0,-70.0,0.0,0,448.98,0.0,1,5.64,6.34,SPY211015P00442000,442.0,0,0.0,0.0,,0.0,normalDay
2021-09-10,7130.0,-199.0,0.0,0,445.44,0.0,1,5.64,7.63,SPY211015P00442000,442.0,0,0.0,0.0,,0.0,normalDay
2021-09-13,7130.0,-81.0,0.0,0,446.58,0.0,1,5.64,6.45,SPY211015P00442000,442.0,0,0.0,0.0,,0.0,normalDay
2021-09-14,7130.0,-173.0,0.0,0,444.17,0.0,1,5.64,7.37,SPY211015P00442000,442.0,0,0.0,0.0,,0.0,normalDay
2021-09-15,7130.0,17.0,0.0,0,447.88,0.0,1,5.64,5.47,SPY211015P00442000,442.0,0,0.0,0.0,,0.0,normalDay
2021-09-16,7130.0,-16.0,0.0,0,447.17,0.0,1,5.64,5.8,SPY211015P00442000,442.0,0,0.0,0.0,,0.0,normalDay
2021-09-17,7130.0,-224.0,0.0,0,441.4,0.0,1,5.64,7.88,SPY211015P00442000,442.0,0,0.0,0.0,,0.0,normalDay
2021-09-20,7130.0,-678.0,0.0,0,434.04,0.0,1,5.64,12.42,SPY211015P00442000,442.0,0,0.0,0.0,,0.0,normalDay
2021-09-21,7130.0,-683.0,0.0,0,433.63,0.0,1,5.64,12.47,SPY211015P00442000,442.0,0,0.0,0.0,,0.0,normalDay
2021-09-22,7130.0,-310.0,0.0,0,437.86,0.0,1,5.64,8.74,SPY211015P00442000,442.0,0,0.0,0.0,,0.0,normalDay
2021-09-23,7130.0,0.0,0.0,0,443.18,0.0,1,5.64,5.64,SPY211015P00442000,442.0,0,0.0,0.0,,0.0,normalDay
2021-09-24,7130.0,76.0,0.0,0,443.91,0.0,1,5.64,4.88,SPY211015P00442000,442.0,0,0.0,0.0,,0.0,normalDay
2021-09-27,7130.0,37.0,0.0,0,442.64,0.0,1,5.64,5.27,SPY211015P00442000,442.0,0,0.0,0.0,,0.0,normalDay
2021-09-28,7130.0,-518.0,0.0,0,433.72,0.0,1,5.64,10.82,SPY211015P00442000,442.0,0,0.0,0.0,,0.0,normalDay
2021-09-29,7130.0,-435.0,0.0,0,434.45,0.0,1,5.64,9.99,SPY211015P00442000,442.0,0,0.0,0.0,,0.0,normalDay
2021-09-30,7130.0,-802.0,0.0,0,429.14,0.0,1,5.64,13.66,SPY211015P00442000,442.0,0,0.0,0.0,,0.0,normalDay
2021-10-01,7130.0,-396.0,0.0,0,434.24,0.0,1,5.64,9.6,SPY211015P00442000,442.0,0,0.0,0.0,,0.0,normalDay
2021-10-04,7130.0,-838.0,0.0,0,428.64,0.0,1,5.64,14.02,SPY211015P00442000,442.0,0,0.0,0.0,,0.0,normalDay
2021-10-05,7130.0,-447.0,0.0,0,433.1,0.0,1,5.64,10.11,SPY211015P00442000,442.0,0,0.0,0.0,,0.0,normalDay
2021-10-06,7130.0,-318.0,0.0,0,434.9,0.0,1,5.64,8.82,SPY211015P00442000,442.0,0,0.0,0.0,,0.0,normalDay
2021-10-07,7130.0,2.0,0.0,0,438.66,0.0,1,5.64,5.62,SPY211015P00442000,442.0,0,0.0,0.0,,0.0,normalDay
2021-10-08,7130.0,-34.0,0.0,0,437.86,0.0,1,5.64,5.98,SPY211015P00442000,442.0,0,0.0,0.0,,0.0,normalDay
2021-10-11,7130.0,-245.0,0.0,0,434.69,0.0,1,5.64,8.09,SPY211015P00442000,442.0,0,0.0,0.0,,0.0,normalDay
2021-10-12,7130.0,-384.0,0.0,0,433.62,0.0,1,5.64,9.48,SPY211015P00442000,442.0,0,0.0,0.0,,0.0,normalDay
2021-10-13,7130.0,-137.0,0.0,0,435.18,0.0,1,5.64,7.01,SPY211015P00442000,442.0,0,0.0,0.0,,0.0,normalDay
2021-10-14,7130.0,458.0,0.0,0,442.5,0.0,1,5.64,1.06,SPY211015P00442000,442.0,0,0.0,0.0,,0.0,normalDay
2021-10-15,7694.0,0.0,564.0,0,445.87,0.0,1,5.64,0.0,SPY211015P00442000,442.0,0,0.0,0.0,,0.0,expirationDay
2021-10-18,7694.0,-4.0,0.0,0,447.19,0.0,1,4.04,4.08,SPY211126P00433000,433.0,0,0.0,0.0,,0.0,normalDay
2021-10-19,7694.0,83.0,0.0,0,450.64,0.0,1,4.04,3.21,SPY211126P00433000,433.0,0,0.0,0.0,,0.0,normalDay
2021-10-20,7694.0,108.0,0.0,0,452.41,0.0,1,4.04,2.96,SPY211126P00433000,433.0,0,0.0,0.0,,0.0,normalDay
2021-10-21,7694.0,146.0,0.0,0,453.59,0.0,1,4.04,2.58,SPY211126P00433000,433.0,0,0.0,0.0,,0.0,normalDay
2021-10-22,7694.0,128.0,0.0,0,453.12,0.0,1,4.04,2.76,SPY211126P00433000,433.0,0,0.0,0.0,,0.0,normalDay
2021-10-25,7694.0,182.0,0.0,0,455.55,0.0,1,4.04,2.22,SPY211126P00433000,433.0,0,0.0,0.0,,0.0,normalDay
2021-10-26,7694.0,184.0,0.0,0,455.96,0.0,1,4.04,2.2,SPY211126P00433000,433.0,0,0.0,0.0,,0.0,normalDay
2021-10-27,7694.0,140.0,0.0,0,453.94,0.0,1,4.04,2.64,SPY211126P00433000,433.0,0,0.0,0.0,,0.0,normalDay
2021-10-28,7694.0,205.0,0.0,0,458.32,0.0,1,4.04,1.99,SPY211126P00433000,433.0,0,0.0,0.0,,0.0,normalDay
2021-10-29,7694.0,228.0,0.0,0,459.25,0.0,1,4.04,1.76,SPY211126P00433000,433.0,0,0.0,0.0,,0.0,normalDay
2021-11-01,7694.0,259.0,0.0,0,460.04,0.0,1,4.04,1.45,SPY211126P00433000,433.0,0,0.0,0.0,,0.0,normalDay
2021-11-02,7694.0,282.0,0.0,0,461.9,0.0,1,4.04,1.22,SPY211126P00433000,433.0,0,0.0,0.0,,0.0,normalDay
2021-11-03,7694.0,322.0,0.0,0,464.72,0.0,1,4.04,0.82,SPY211126P00433000,433.0,0,0.0,0.0,,0.0,normalDay
2021-11-04,7694.0,330.0,0.0,0,466.91,0.0,1,4.04,0.74,SPY211126P00433000,433.0,0,0.0,0.0,,0.0,normalDay
2021-11-05,7694.0,331.0,0.0,0,468.53,0.0,1,4.04,0.73,SPY211126P00433000,433.0,0,0.0,0.0,,0.0,normalDay
2021-11-08,7694.0,337.0,0.0,0,468.93,0.0,1,4.04,0.67,SPY211126P00433000,433.0,0,0.0,0.0,,0.0,normalDay
2021-11-09,7694.0,335.0,0.0,0,467.38,0.0,1,4.04,0.69,SPY211126P00433000,433.0,0,0.0,0.0,,0.0,normalDay
2021-11-10,7694.0,323.0,0.0,0,463.62,0.0,1,4.04,0.81,SPY211126P00433000,433.0,0,0.0,0.0,,0.0,normalDay
2021-11-11,7694.0,349.0,0.0,0,463.77,0.0,1,4.04,0.55,SPY211126P00433000,433.0,0,0.0,0.0,,0.0,normalDay
2021-11-12,7694.0,375.0,0.0,0,467.27,0.0,1,4.04,0.29,SPY211126P00433000,433.0,0,0.0,0.0,,0.0,normalDay
2021-11-15,7694.0,386.0,0.0,0,467.43,0.0,1,4.04,0.18,SPY211126P00433000,433.0,0,0.0,0.0,,0.0,normalDay
2021-11-16,7694.0,389.0,0.0,0,469.28,0.0,1,4.04,0.15,SPY211126P00433000,433.0,0,0.0,0.0,,0.0,normalDay
2021-11-17,7694.0,392.0,0.0,0,468.14,0.0,1,4.04,0.12,SPY211126P00433000,433.0,0,0.0,0.0,,0.0,normalDay
2021-11-18,7694.0,394.0,0.0,0,469.73,0.0,1,4.04,0.1,SPY211126P00433000,433.0,0,0.0,0.0,,0.0,normalDay
2021-11-19,7694.0,397.0,0.0,0,468.89,0.0,1,4.04,0.07,SPY211126P00433000,433.0,0,0.0,0.0,,0.0,normalDay
2021-11-22,7694.0,399.0,0.0,0,467.57,0.0,1,4.04,0.05,SPY211126P00433000,433.0,0,0.0,0.0,,0.0,normalDay
2021-11-23,7694.0,401.0,0.0,0,468.19,0.0,1,4.04,0.03,SPY211126P00433000,433.0,0,0.0,0.0,,0.0,normalDay
2021-11-24,7694.0,402.0,0.0,0,469.44,0.0,1,4.04,0.02,SPY211126P00433000,433.0,0,0.0,0.0,,0.0,normalDay
2021-11-26,8098.0,0.0,404.0,0,458.97,0.0,1,4.04,0.0,SPY211126P00433000,433.0,0,0.0,0.0,,0.0,expirationDay
2021-11-29,8098.0,-7.0,0.0,0,464.6,0.0,1,12.37,12.44,SPY220121P00464000,464.0,0,0.0,0.0,,0.0,normalDay
2021-11-30,8098.0,-484.0,0.0,0,455.56,0.0,1,12.37,17.21,SPY220121P00464000,464.0,0,0.0,0.0,,0.0,normalDay
2021-12-01,8098.0,-1011.0,0.0,0,450.5,0.0,1,12.37,22.48,SPY220121P00464000,464.0,0,0.0,0.0,,0.0,normalDay
2021-12-02,8098.0,-482.0,0.0,0,457.4,0.0,1,12.37,17.19,SPY220121P00464000,464.0,0,0.0,0.0,,0.0,normalDay
2021-12-03,8098.0,-745.0,0.0,0,453.42,0.0,1,12.37,19.82,SPY220121P00464000,464.0,0,0.0,0.0,,0.0,normalDay
2021-12-06,8098.0,-346.0,0.0,0,458.79,0.0,1,12.37,15.83,SPY220121P00464000,464.0,0,0.0,0.0,,0.0,normalDay
2021-12-07,8098.0,243.0,0.0,0,468.28,0.0,1,12.37,9.94,SPY220121P00464000,464.0,0,0.0,0.0,,0.0,normalDay
2021-12-08,8098.0,357.0,0.0,0,469.52,0.0,1,12.37,8.8,SPY220121P00464000,464.0,0,0.0,0.0,,0.0,normalDay
2021-12-09,8098.0,209.0,0.0,0,466.35,0.0,1,12.37,10.28,SPY220121P00464000,464.0,0,0.0,0.0,,0.0,normalDay
2021-12-10,8098.0,477.0,0.0,0,470.74,0.0,1,12.37,7.6,SPY220121P00464000,464.0,0,0.0,0.0,,0.0,normalDay
2021-12-13,8098.0,292.0,0.0,0,466.57,0.0,1,12.37,9.45,SPY220121P00464000,464.0,0,0.0,0.0,,0.0,normalDay
2021-12-14,8098.0,115.0,0.0,0,463.36,0.0,1,12.37,11.22,SPY220121P00464000,464.0,0,0.0,0.0,,0.0,normalDay
2021-12-15,8098.0,516.0,0.0,0,470.6,0.0,1,12.37,7.21,SPY220121P00464000,464.0,0,0.0,0.0,,0.0,normalDay
2021-12-16,8098.0,354.0,0.0,0,466.45,0.0,1,12.37,8.83,SPY220121P00464000,464.0,0,0.0,0.0,,0.0,normalDay
2021-12-17,8098.0,103.0,0.0,0,459.87,0.0,1,12.37,11.34,SPY220121P00464000,464.0,0,0.0,0.0,,0.0,normalDay
2021-12-20,8098.0,-168.0,0.0,0,454.98,0.0,1,12.37,14.05,SPY220121P00464000,464.0,0,0.0,0.0,,0.0,normalDay
2021-12-21,8098.0,289.0,0.0,0,463.06,0.0,1,12.37,9.48,SPY220121P00464000,464.0,0,0.0,0.0,,0.0,normalDay
2021-12-22,8098.0,579.0,0.0,0,467.69,0.0,1,12.37,6.58,SPY220121P00464000,464.0,0,0.0,0.0,,0.0,normalDay
2021-12-23,8098.0,728.0,0.0,0,470.6,0.0,1,12.37,5.09,SPY220121P00464000,464.0,0,0.0,0.0,,0.0,normalDay
2021-12-27,8098.0,934.0,0.0,0,477.26,0.0,1,12.37,3.03,SPY220121P00464000,464.0,0,0.0,0.0,,0.0,normalDay
2021-12-28,8098.0,957.0,0.0,0,476.87,0.0,1,12.37,2.8,SPY220121P00464000,464.0,0,0.0,0.0,,0.0,normalDay
2021-12-29,8098.0,996.0,0.0,0,477.48,0.0,1,12.37,2.41,SPY220121P00464000,464.0,0,0.0,0.0,,0.0,normalDay
2021-12-30,8098.0,964.0,0.0,0,476.16,0.0,1,12.37,2.73,SPY220121P00464000,464.0,0,0.0,0.0,,0.0,normalDay
2021-12-31,8098.0,969.0,0.0,0,474.96,0.0,1,12.37,2.68,SPY220121P00464000,464.0,0,0.0,0.0,,0.0,normalDay
2022-01-03,8098.0,1058.0,0.0,0,477.71,0.0,1,12.37,1.79,SPY220121P00464000,464.0,0,0.0,0.0,,0.0,normalDay
2022-01-04,8098.0,1057.0,0.0,0,477.55,0.0,1,12.37,1.8,SPY220121P00464000,464.0,0,0.0,0.0,,0.0,normalDay
2022-01-05,8098.0,780.0,0.0,0,468.38,0.0,1,12.37,4.57,SPY220121P00464000,464.0,0,0.0,0.0,,0.0,normalDay
2022-01-06,8098.0,800.0,0.0,0,467.94,0.0,1,12.37,4.37,SPY220121P00464000,464.0,0,0.0,0.0,,0.0,normalDay
2022-01-07,8098.0,820.0,0.0,0,466.09,0.0,1,12.37,4.17,SPY220121P00464000,464.0,0,0.0,0.0,,0.0,normalDay
2022-01-10,8098.0,798.0,0.0,0,465.51,0.0,1,12.37,4.39,SPY220121P00464000,464.0,0,0.0,0.0,,0.0,normalDay
2022-01-11,8098.0,967.0,0.0,0,469.75,0.0,1,12.37,2.7,SPY220121P00464000,464.0,0,0.0,0.0,,0.0,normalDay
2022-01-12,8098.0,1052.0,0.0,0,471.02,0.0,1,12.37,1.85,SPY220121P00464000,464.0,0,0.0,0.0,,0.0,normalDay
2022-01-13,8098.0,790.0,0.0,0,464.53,0.0,1,12.37,4.47,SPY220121P00464000,464.0,0,0.0,0.0,,0.0,normalDay
2022-01-14,8098.0,881.0,0.0,0,464.72,0.0,1,12.37,3.56,SPY220121P00464000,464.0,0,0.0,0.0,,0.0,normalDay
2022-01-18,8098.0,365.0,0.0,0,456.49,0.0,1,12.37,8.72,SPY220121P00464000,464.0,0,0.0,0.0,,0.0,normalDay
2022-01-19,8098.0,20.0,0.0,0,451.75,0.0,1,12.37,12.17,SPY220121P00464000,464.0,0,0.0,0.0,,0.0,normalDay
2022-01-20,8098.0,-551.0,0.0,0,446.75,0.0,1,12.37,17.88,SPY220121P00464000,464.0,0,0.0,0.0,,0.0,normalDay
2022-01-21,9335.0,-2602.0,1237.0,100,437.98,464.0,1,12.37,0.0,SPY220121P00464000,464.0,0,0.0,0.0,,0.0,expirationDay
2022-01-24,9335.0,-2419.0,0.0,100,439.84,464.0,0,0.0,0.0,,0.0,1,0.02,0.05,SPY220126C00468000,468.0,normalDay
2022-01-25,9335.0,-2952.0,0.0,100,434.47,464.0,0,0.0,0.0,,0.0,1,0.02,0.01,SPY220126C00468000,468.0,normalDay
2022-01-26,9337.0,-3062.0,2.0,100,433.38,464.0,0,0.0,0.0,,0.0,1,0.02,0.0,SPY220126C00468000,468.0,expirationDay
2022-01-27,9337.0,-3276.0,0.0,100,431.24,464.0,0,0.0,0.0,,0.0,0,0.0,0.0,,0.0,bidTooLow
2022-01-28,9337.0,-2205.0,0.0,100,441.95,464.0,0,0.0,0.0,,0.0,0,0.0,0.0,,0.0,bidTooLow
2022-01-31,9337.0,-1412.0,0.0,100,449.91,464.0,0,0.0,0.0,,0.0,1,0.49,0.52,SPY220202C00458000,458.0,normalDay
2022-02-01,9337.0,-1092.0,0.0,100,452.95,464.0,0,0.0,0.0,,0.0,1,0.49,0.36,SPY220202C00458000,458.0,normalDay
2022-02-02,9386.0,-665.0,49.0,100,457.35,464.0,0,0.0,0.0,,0.0,1,0.49,0.0,SPY220202C00458000,458.0,expirationDay
2022-02-03,9386.0,-1744.0,0.0,100,446.6,464.0,0,0.0,0.0,,0.0,1,0.81,0.85,SPY220204C00455000,455.0,normalDay
2022-02-04,9467.0,-1530.0,81.0,100,448.7,464.0,0,0.0,0.0,,0.0,1,0.81,0.0,SPY220204C00455000,455.0,expirationDay
2022-02-07,9467.0,-1677.0,0.0,100,447.26,464.0,0,0.0,0.0,,0.0,1,0.6,0.63,SPY220209C00454000,454.0,normalDay
2022-02-08,9467.0,-1322.0,0.0,100,450.94,464.0,0,0.0,0.0,,0.0,1,0.6,0.76,SPY220209C00454000,454.0,normalDay
2022-02-09,8527.0,-1322.0,-940.0,0,457.54,0.0,0,0.0,0.0,,0.0,1,0.6,0.0,SPY220209C00454000,454.0,expirationDay
2022-02-10,8527.0,-9.0,0.0,0,449.32,0.0,1,11.3,11.39,SPY220401P00441000,441.0,0,0.0,0.0,,0.0,normalDay
2022-02-11,8527.0,-453.0,0.0,0,440.46,0.0,1,11.3,15.83,SPY220401P00441000,441.0,0,0.0,0.0,,0.0,normalDay
2022-02-14,8527.0,-469.0,0.0,0,439.02,0.0,1,11.3,15.99,SPY220401P00441000,441.0,0,0.0,0.0,,0.0,normalDay
2022-02-15,8527.0,-132.0,0.0,0,446.1,0.0,1,11.3,12.62,SPY220401P00441000,441.0,0,0.0,0.0,,0.0,normalDay
2022-02-16,8527.0,6.0,0.0,0,446.6,0.0,1,11.3,11.24,SPY220401P00441000,441.0,0,0.0,0.0,,0.0,normalDay
2022-02-17,8527.0,-497.0,0.0,0,437.06,0.0,1,11.3,16.27,SPY220401P00441000,441.0,0,0.0,0.0,,0.0,normalDay
2022-02-18,8527.0,-603.0,0.0,0,434.23,0.0,1,11.3,17.33,SPY220401P00441000,441.0,0,0.0,0.0,,0.0,normalDay
2022-02-22,8527.0,-807.0,0.0,0,429.57,0.0,1,11.3,19.37,SPY220401P00441000,441.0,0,0.0,0.0,,0.0,normalDay
2022-02-23,8527.0,-1405.0,0.0,0,421.95,0.0,1,11.3,25.35,SPY220401P00441000,441.0,0,0.0,0.0,,0.0,normalDay
2022-02-24,8527.0,-1017.0,0.0,0,428.3,0.0,1,11.3,21.47,SPY220401P00441000,441.0,0,0.0,0.0,,0.0,normalDay
2022-02-25,8527.0,-318.0,0.0,0,437.75,0.0,1,11.3,14.48,SPY220401P00441000,441.0,0,0.0,0.0,,0.0,normalDay
2022-02-28,8527.0,-395.0,0.0,0,436.63,0.0,1,11.3,15.25,SPY220401P00441000,441.0,0,0.0,0.0,,0.0,normalDay
2022-03-01,8527.0,-880.0,0.0,0,429.98,0.0,1,11.3,20.1,SPY220401P00441000,441.0,0,0.0,0.0,,0.0,normalDay
2022-03-02,8527.0,-381.0,0.0,0,437.89,0.0,1,11.3,15.11,SPY220401P00441000,441.0,0,0.0,0.0,,0.0,normalDay
2022-03-03,8527.0,-421.0,0.0,0,435.71,0.0,1,11.3,15.51,SPY220401P00441000,441.0,0,0.0,0.0,,0.0,normalDay
2022-03-04,8527.0,-696.0,0.0,0,432.17,0.0,1,11.3,18.26,SPY220401P00441000,441.0,0,0.0,0.0,,0.0,normalDay
2022-03-07,8527.0,-1603.0,0.0,0,419.43,0.0,1,11.3,27.33,SPY220401P00441000,441.0,0,0.0,0.0,,0.0,normalDay
2022-03-08,8527.0,-1839.0,0.0,0,416.25,0.0,1,11.3,29.69,SPY220401P00441000,441.0,0,0.0,0.0,,0.0,normalDay
2022-03-09,8527.0,-852.0,0.0,0,427.41,0.0,1,11.3,19.82,SPY220401P00441000,441.0,0,0.0,0.0,,0.0,normalDay
2022-03-10,8527.0,-948.0,0.0,0,425.48,0.0,1,11.3,20.78,SPY220401P00441000,441.0,0,0.0,0.0,,0.0,normalDay
2022-03-11,8527.0,-1341.0,0.0,0,420.07,0.0,1,11.3,24.71,SPY220401P00441000,441.0,0,0.0,0.0,,0.0,normalDay
2022-03-14,8527.0,-1541.0,0.0,0,417.0,0.0,1,11.3,26.71,SPY220401P00441000,441.0,0,0.0,0.0,,0.0,normalDay
2022-03-15,8527.0,-844.0,0.0,0,426.17,0.0,1,11.3,19.74,SPY220401P00441000,441.0,0,0.0,0.0,,0.0,normalDay
2022-03-16,8527.0,-72.0,0.0,0,435.62,0.0,1,11.3,12.02,SPY220401P00441000,441.0,0,0.0,0.0,,0.0,normalDay
2022-03-17,8527.0,270.0,0.0,0,441.07,0.0,1,11.3,8.6,SPY220401P00441000,441.0,0,0.0,0.0,,0.0,normalDay
2022-03-18,8527.0,561.0,0.0,0,444.52,0.0,1,11.3,5.69,SPY220401P00441000,441.0,0,0.0,0.0,,0.0,normalDay
2022-03-21,8527.0,638.0,0.0,0,444.39,0.0,1,11.3,4.92,SPY220401P00441000,441.0,0,0.0,0.0,,0.0,normalDay
2022-03-22,8527.0,818.0,0.0,0,449.59,0.0,1,11.3,3.12,SPY220401P00441000,441.0,0,0.0,0.0,,0.0,normalDay
2022-03-23,8527.0,660.0,0.0,0,443.8,0.0,1,11.3,4.7,SPY220401P00441000,441.0,0,0.0,0.0,,0.0,normalDay
2022-03-24,8527.0,923.0,0.0,0,450.49,0.0,1,11.3,2.07,SPY220401P00441000,441.0,0,0.0,0.0,,0.0,normalDay
2022-03-25,8527.0,1011.0,0.0,0,452.69,0.0,1,11.3,1.19,SPY220401P00441000,441.0,0,0.0,0.0,,0.0,normalDay
2022-03-28,8527.0,1096.0,0.0,0,455.91,0.0,1,11.3,0.34,SPY220401P00441000,441.0,0,0.0,0.0,,0.0,normalDay
2022-03-29,8527.0,1118.0,0.0,0,461.55,0.0,1,11.3,0.12,SPY220401P00441000,441.0,0,0.0,0.0,,0.0,normalDay
2022-03-30,8527.0,1124.0,0.0,0,458.7,0.0,1,11.3,0.06,SPY220401P00441000,441.0,0,0.0,0.0,,0.0,normalDay
2022-03-31,8527.0,1122.0,0.0,0,451.64,0.0,1,11.3,0.08,SPY220401P00441000,441.0,0,0.0,0.0,,0.0,normalDay
2022-04-01,9657.0,0.0,1130.0,0,452.92,0.0,1,11.3,0.0,SPY220401P00441000,441.0,0,0.0,0.0,,0.0,expirationDay
2022-04-04,9657.0,-4.0,0.0,0,456.8,0.0,1,3.99,4.03,SPY220520P00430000,430.0,0,0.0,0.0,,0.0,normalDay
2022-04-05,9657.0,-159.0,0.0,0,451.03,0.0,1,3.99,5.58,SPY220520P00430000,430.0,0,0.0,0.0,,0.0,normalDay
2022-04-06,9657.0,-274.0,0.0,0,446.52,0.0,1,3.99,6.73,SPY220520P00430000,430.0,0,0.0,0.0,,0.0,normalDay
2022-04-07,9657.0,-207.0,0.0,0,448.77,0.0,1,3.99,6.06,SPY220520P00430000,430.0,0,0.0,0.0,,0.0,normalDay
2022-04-08,9657.0,-201.0,0.0,0,447.57,0.0,1,3.99,6.0,SPY220520P00430000,430.0,0,0.0,0.0,,0.0,normalDay
2022-04-11,9657.0,-460.0,0.0,0,439.92,0.0,1,3.99,8.59,SPY220520P00430000,430.0,0,0.0,0.0,,0.0,normalDay
2022-04-12,9657.0,-486.0,0.0,0,438.29,0.0,1,3.99,8.85,SPY220520P00430000,430.0,0,0.0,0.0,,0.0,normalDay
2022-04-13,9657.0,-249.0,0.0,0,443.31,0.0,1,3.99,6.48,SPY220520P00430000,430.0,0,0.0,0.0,,0.0,normalDay
2022-04-14,9657.0,-411.0,0.0,0,437.79,0.0,1,3.99,8.1,SPY220520P00430000,430.0,0,0.0,0.0,,0.0,normalDay
2022-04-18,9657.0,-298.0,0.0,0,437.97,0.0,1,3.99,6.97,SPY220520P00430000,430.0,0,0.0,0.0,,0.0,normalDay
2022-04-19,9657.0,-157.0,0.0,0,445.04,0.0,1,3.99,5.56,SPY220520P00430000,430.0,0,0.0,0.0,,0.0,normalDay
2022-04-20,9657.0,-59.0,0.0,0,444.71,0.0,1,3.99,4.58,SPY220520P00430000,430.0,0,0.0,0.0,,0.0,normalDay
2022-04-21,9657.0,-325.0,0.0,0,438.06,0.0,1,3.99,7.24,SPY220520P00430000,430.0,0,0.0,0.0,,0.0,normalDay
2022-04-22,9657.0,-964.0,0.0,0,426.04,0.0,1,3.99,13.63,SPY220520P00430000,430.0,0,0.0,0.0,,0.0,normalDay
2022-04-25,9657.0,-723.0,0.0,0,428.51,0.0,1,3.99,11.22,SPY220520P00430000,430.0,0,0.0,0.0,,0.0,normalDay
2022-04-26,9657.0,-1601.0,0.0,0,416.1,0.0,1,3.99,20.0,SPY220520P00430000,430.0,0,0.0,0.0,,0.0,normalDay
2022-04-27,9657.0,-1321.0,0.0,0,417.27,0.0,1,3.99,17.2,SPY220520P00430000,430.0,0,0.0,0.0,,0.0,normalDay
2022-04-28,9657.0,-837.0,0.0,0,427.81,0.0,1,3.99,12.36,SPY220520P00430000,430.0,0,0.0,0.0,,0.0,normalDay
2022-04-29,9657.0,-1692.0,0.0,0,412.0,0.0,1,3.99,20.91,SPY220520P00430000,430.0,0,0.0,0.0,,0.0,normalDay
2022-05-02,9657.0,-1500.0,0.0,0,414.48,0.0,1,3.99,18.99,SPY220520P00430000,430.0,0,0.0,0.0,,0.0,normalDay
2022-05-03,9657.0,-1261.0,0.0,0,416.38,0.0,1,3.99,16.6,SPY220520P00430000,430.0,0,0.0,0.0,,0.0,normalDay
2022-05-04,9657.0,-479.0,0.0,0,429.06,0.0,1,3.99,8.78,SPY220520P00430000,430.0,0,0.0,0.0,,0.0,normalDay
2022-05-05,9657.0,-1520.0,0.0,0,413.81,0.0,1,3.99,19.19,SPY220520P00430000,430.0,0,0.0,0.0,,0.0,normalDay
2022-05-06,9657.0,-1746.0,0.0,0,411.34,0.0,1,3.99,21.45,SPY220520P00430000,430.0,0,0.0,0.0,,0.0,normalDay
2022-05-09,9657.0,-2745.0,0.0,0,398.17,0.0,1,3.99,31.44,SPY220520P00430000,430.0,0,0.0,0.0,,0.0,normalDay
2022-05-10,9657.0,-2717.0,0.0,0,399.09,0.0,1,3.99,31.16,SPY220520P00430000,430.0,0,0.0,0.0,,0.0,normalDay
2022-05-11,9657.0,-3295.0,0.0,0,392.75,0.0,1,3.99,36.94,SPY220520P00430000,430.0,0,0.0,0.0,,0.0,normalDay
2022-05-12,9657.0,-3391.0,0.0,0,392.34,0.0,1,3.99,37.9,SPY220520P00430000,430.0,0,0.0,0.0,,0.0,normalDay
2022-05-13,9657.0,-2528.0,0.0,0,401.72,0.0,1,3.99,29.27,SPY220520P00430000,430.0,0,0.0,0.0,,0.0,normalDay
2022-05-16,9657.0,-2649.0,0.0,0,400.09,0.0,1,3.99,30.48,SPY220520P00430000,430.0,0,0.0,0.0,,0.0,normalDay
2022-05-17,9657.0,-1791.0,0.0,0,408.32,0.0,1,3.99,21.9,SPY220520P00430000,430.0,0,0.0,0.0,,0.0,normalDay
2022-05-18,9657.0,-3535.0,0.0,0,391.86,0.0,1,3.99,39.34,SPY220520P00430000,430.0,0,0.0,0.0,,0.0,normalDay
2022-05-19,9657.0,-3715.0,0.0,0,389.46,0.0,1,3.99,41.14,SPY220520P00430000,430.0,0,0.0,0.0,,0.0,normalDay
2022-05-20,10056.0,-4037.0,399.0,100,389.63,430.0,1,3.99,0.0,SPY220520P00430000,430.0,0,0.0,0.0,,0.0,expirationDay
2022-05-23,10056.0,-3311.0,0.0,100,396.92,430.0,0,0.0,0.0,,0.0,1,0.45,0.48,SPY220525C00408000,408.0,normalDay
2022-05-24,10056.0,-3570.0,0.0,100,393.89,430.0,0,0.0,0.0,,0.0,1,0.45,0.04,SPY220525C00408000,408.0,normalDay
2022-05-25,10101.0,-3263.0,45.0,100,397.37,430.0,0,0.0,0.0,,0.0,1,0.45,0.0,SPY220525C00408000,408.0,expirationDay
2022-05-26,10101.0,-2473.0,0.0,100,405.31,430.0,0,0.0,0.0,,0.0,1,2.03,2.07,SPY220527C00405000,405.0,normalDay
2022-05-27,7804.0,-2473.0,-2297.0,0,415.26,0.0,0,0.0,0.0,,0.0,1,2.03,0.0,SPY220527C00405000,405.0,expirationDay
2022-05-31,7804.0,-5.0,0.0,0,412.93,0.0,1,7.75,7.8,SPY220715P00394000,394.0,0,0.0,0.0,,0.0,normalDay
2022-06-01,7804.0,-54.0,0.0,0,409.59,0.0,1,7.75,8.29,SPY220715P00394000,394.0,0,0.0,0.0,,0.0,normalDay
2022-06-02,7804.0,188.0,0.0,0,417.39,0.0,1,7.75,5.87,SPY220715P00394000,394.0,0,0.0,0.0,,0.0,normalDay
2022-06-03,7804.0,30.0,0.0,0,410.54,0.0,1,7.75,7.45,SPY220715P00394000,394.0,0,0.0,0.0,,0.0,normalDay
2022-06-06,7804.0,99.0,0.0,0,411.79,0.0,1,7.75,6.76,SPY220715P00394000,394.0,0,0.0,0.0,,0.0,normalDay
2022-06-07,7804.0,227.0,0.0,0,415.74,0.0,1,7.75,5.48,SPY220715P00394000,394.0,0,0.0,0.0,,0.0,normalDay
2022-06-08,7804.0,145.0,0.0,0,411.22,0.0,1,7.75,6.3,SPY220715P00394000,394.0,0,0.0,0.0,,0.0,normalDay
2022-06-09,7804.0,-191.0,0.0,0,401.44,0.0,1,7.75,9.66,SPY220715P00394000,394.0,0,0.0,0.0,,0.0,normalDay
2022-06-10,7804.0,-711.0,0.0,0,389.8,0.0,1,7.75,14.86,SPY220715P00394000,394.0,0,0.0,0.0,,0.0,normalDay
2022-06-13,7804.0,-1745.0,0.0,0,375.0,0.0,1,7.75,25.2,SPY220715P00394000,394.0,0,0.0,0.0,,0.0,normalDay
2022-06-14,7804.0,-1827.0,0.0,0,373.87,0.0,1,7.75,26.02,SPY220715P00394000,394.0,0,0.0,0.0,,0.0,normalDay
2022-06-15,7804.0,-1324.0,0.0,0,379.2,0.0,1,7.75,20.99,SPY220715P00394000,394.0,0,0.0,0.0,,0.0,normalDay
2022-06-16,7804.0,-2250.0,0.0,0,366.65,0.0,1,7.75,30.25,SPY220715P00394000,394.0,0,0.0,0.0,,0.0,normalDay
2022-06-17,7804.0,-2154.0,0.0,0,365.86,0.0,1,7.75,29.29,SPY220715P00394000,394.0,0,0.0,0.0,,0.0,normalDay
2022-06-21,7804.0,-1420.0,0.0,0,375.07,0.0,1,7.75,21.95,SPY220715P00394000,394.0,0,0.0,0.0,,0.0,normalDay
2022-06-22,7804.0,-1400.0,0.0,0,374.39,0.0,1,7.75,21.75,SPY220715P00394000,394.0,0,0.0,0.0,,0.0,normalDay
2022-06-23,7804.0,-1207.0,0.0,0,378.06,0.0,1,7.75,19.82,SPY220715P00394000,394.0,0,0.0,0.0,,0.0,normalDay
2022-06-24,7804.0,-374.0,0.0,0,390.08,0.0,1,7.75,11.49,SPY220715P00394000,394.0,0,0.0,0.0,,0.0,normalDay
2022-06-27,7804.0,-308.0,0.0,0,388.59,0.0,1,7.75,10.83,SPY220715P00394000,394.0,0,0.0,0.0,,0.0,normalDay
2022-06-28,7804.0,-860.0,0.0,0,380.65,0.0,1,7.75,16.35,SPY220715P00394000,394.0,0,0.0,0.0,,0.0,normalDay
2022-06-29,7804.0,-837.0,0.0,0,380.34,0.0,1,7.75,16.12,SPY220715P00394000,394.0,0,0.0,0.0,,0.0,normalDay
2022-06-30,7804.0,-1154.0,0.0,0,377.25,0.0,1,7.75,19.29,SPY220715P00394000,394.0,0,0.0,0.0,,0.0,normalDay
2022-07-01,7804.0,-742.0,0.0,0,381.24,0.0,1,7.75,15.17,SPY220715P00394000,394.0,0,0.0,0.0,,0.0,normalDay
2022-07-05,7804.0,-676.0,0.0,0,381.96,0.0,1,7.75,14.51,SPY220715P00394000,394.0,0,0.0,0.0,,0.0,normalDay
2022-07-06,7804.0,-478.0,0.0,0,383.25,0.0,1,7.75,12.53,SPY220715P00394000,394.0,0,0.0,0.0,,0.0,normalDay
2022-07-07,7804.0,-68.0,0.0,0,388.99,0.0,1,7.75,8.43,SPY220715P00394000,394.0,0,0.0,0.0,,0.0,normalDay
2022-07-08,7804.0,31.0,0.0,0,388.67,0.0,1,7.75,7.44,SPY220715P00394000,394.0,0,0.0,0.0,,0.0,normalDay
2022-07-11,7804.0,-246.0,0.0,0,384.23,0.0,1,7.75,10.21,SPY220715P00394000,394.0,0,0.0,0.0,,0.0,normalDay
2022-07-12,7804.0,-610.0,0.0,0,380.83,0.0,1,7.75,13.85,SPY220715P00394000,394.0,0,0.0,0.0,,0.0,normalDay
2022-07-13,7804.0,-777.0,0.0,0,378.83,0.0,1,7.75,15.52,SPY220715P00394000,394.0,0,0.0,0.0,,0.0,normalDay
2022-07-14,7804.0,-827.0,0.0,0,377.91,0.0,1,7.75,16.02,SPY220715P00394000,394.0,0,0.0,0.0,,0.0,normalDay
2022-07-15,8579.0,-887.0,775.0,100,385.13,394.0,1,7.75,0.0,SPY220715P00394000,394.0,0,0.0,0.0,,0.0,expirationDay
2022-07-18,8579.0,-1209.0,0.0,100,381.95,394.0,0,0.0,0.0,,0.0,1,2.78,2.82,SPY220720C00382000,382.0,normalDay
2022-07-19,8579.0,-995.0,0.0,100,392.27,394.0,0,0.0,0.0,,0.0,1,2.78,11.0,SPY220720C00382000,382.0,normalDay
2022-07-20,7657.0,-995.0,-922.0,0,394.77,0.0,0,0.0,0.0,,0.0,1,2.78,0.0,SPY220720C00382000,382.0,expirationDay
2022-07-21,7657.0,-7.0,0.0,0,398.79,0.0,1,5.72,5.79,SPY220902P00380000,380.0,0,0.0,0.0,,0.0,normalDay
2022-07-22,7657.0,-77.0,0.0,0,395.09,0.0,1,5.72,6.49,SPY220902P00380000,380.0,0,0.0,0.0,,0.0,normalDay
2022-07-25,7657.0,-6.0,0.0,0,395.57,0.0,1,5.72,5.78,SPY220902P00380000,380.0,0,0.0,0.0,,0.0,normalDay
2022-07-26,7657.0,-141.0,0.0,0,390.89,0.0,1,5.72,7.13,SPY220902P00380000,380.0,0,0.0,0.0,,0.0,normalDay
2022-07-27,7657.0,114.0,0.0,0,401.04,0.0,1,5.72,4.58,SPY220902P00380000,380.0,0,0.0,0.0,,0.0,normalDay
2022-07-28,7657.0,267.0,0.0,0,406.07,0.0,1,5.72,3.05,SPY220902P00380000,380.0,0,0.0,0.0,,0.0,normalDay
2022-07-29,7657.0,349.0,0.0,0,411.99,0.0,1,5.72,2.23,SPY220902P00380000,380.0,0,0.0,0.0,,0.0,normalDay
2022-08-01,7657.0,327.0,0.0,0,410.77,0.0,1,5.72,2.45,SPY220902P00380000,380.0,0,0.0,0.0,,0.0,normalDay
2022-08-02,7657.0,266.0,0.0,0,408.06,0.0,1,5.72,3.06,SPY220902P00380000,380.0,0,0.0,0.0,,0.0,normalDay
2022-08-03,7657.0,392.0,0.0,0,414.45,0.0,1,5.72,1.8,SPY220902P00380000,380.0,0,0.0,0.0,,0.0,normalDay
2022-08-04,7657.0,412.0,0.0,0,414.17,0.0,1,5.72,1.6,SPY220902P00380000,380.0,0,0.0,0.0,,0.0,normalDay
2022-08-05,7657.0,415.0,0.0,0,413.47,0.0,1,5.72,1.57,SPY220902P00380000,380.0,0,0.0,0.0,,0.0,normalDay
2022-08-08,7657.0,434.0,0.0,0,412.99,0.0,1,5.72,1.38,SPY220902P00380000,380.0,0,0.0,0.0,,0.0,normalDay
2022-08-09,7657.0,423.0,0.0,0,411.35,0.0,1,5.72,1.49,SPY220902P00380000,380.0,0,0.0,0.0,,0.0,normalDay
2022-08-10,7657.0,503.0,0.0,0,419.99,0.0,1,5.72,0.69,SPY220902P00380000,380.0,0,0.0,0.0,,0.0,normalDay
2022-08-11,7657.0,504.0,0.0,0,419.99,0.0,1,5.72,0.68,SPY220902P00380000,380.0,0,0.0,0.0,,0.0,normalDay
2022-08-12,7657.0,532.0,0.0,0,427.1,0.0,1,5.72,0.4,SPY220902P00380000,380.0,0,0.0,0.0,,0.0,normalDay
2022-08-15,7657.0,544.0,0.0,0,428.86,0.0,1,5.72,0.28,SPY220902P00380000,380.0,0,0.0,0.0,,0.0,normalDay
2022-08-16,7657.0,546.0,0.0,0,429.7,0.0,1,5.72,0.26,SPY220902P00380000,380.0,0,0.0,0.0,,0.0,normalDay
2022-08-17,7657.0,548.0,0.0,0,426.65,0.0,1,5.72,0.24,SPY220902P00380000,380.0,0,0.0,0.0,,0.0,normalDay
2022-08-18,7657.0,553.0,0.0,0,427.89,0.0,1,5.72,0.19,SPY220902P00380000,380.0,0,0.0,0.0,,0.0,normalDay
2022-08-19,7657.0,549.0,0.0,0,422.14,0.0,1,5.72,0.23,SPY220902P00380000,380.0,0,0.0,0.0,,0.0,normalDay
2022-08-22,7657.0,531.0,0.0,0,413.35,0.0,1,5.72,0.41,SPY220902P00380000,380.0,0,0.0,0.0,,0.0,normalDay
2022-08-23,7657.0,530.0,0.0,0,412.35,0.0,1,5.72,0.42,SPY220902P00380000,380.0,0,0.0,0.0,,0.0,normalDay
2022-08-24,7657.0,552.0,0.0,0,413.67,0.0,1,5.72,0.2,SPY220902P00380000,380.0,0,0.0,0.0,,0.0,normalDay
2022-08-25,7657.0,561.0,0.0,0,419.51,0.0,1,5.72,0.11,SPY220902P00380000,380.0,0,0.0,0.0,,0.0,normalDay
2022-08-26,7657.0,530.0,0.0,0,405.31,0.0,1,5.72,0.42,SPY220902P00380000,380.0,0,0.0,0.0,,0.0,normalDay
2022-08-29,7657.0,553.0,0.0,0,402.63,0.0,1,5.72,0.19,SPY220902P00380000,380.0,0,0.0,0.0,,0.0,normalDay
2022-08-30,7657.0,556.0,0.0,0,398.21,0.0,1,5.72,0.16,SPY220902P00380000,380.0,0,0.0,0.0,,0.0,normalDay
2022-08-31,7657.0,563.0,0.0,0,395.18,0.0,1,5.72,0.09,SPY220902P00380000,380.0,0,0.0,0.0,,0.0,normalDay
2022-09-01,7657.0,568.0,0.0,0,396.42,0.0,1,5.72,0.04,SPY220902P00380000,380.0,0,0.0,0.0,,0.0,normalDay
2022-09-02,8229.0,0.0,572.0,0,392.24,0.0,1,5.72,0.0,SPY220902P00380000,380.0,0,0.0,0.0,,0.0,expirationDay
2022-09-06,8229.0,-42.0,0.0,0,390.76,0.0,1,19.14,19.56,SPY221021P00402000,402.0,0,0.0,0.0,,0.0,normalDay
2022-09-07,8229.0,438.0,0.0,0,397.78,0.0,1,19.14,14.76,SPY221021P00402000,402.0,0,0.0,0.0,,0.0,normalDay
2022-09-08,8229.0,651.0,0.0,0,400.38,0.0,1,19.14,12.63,SPY221021P00402000,402.0,0,0.0,0.0,,0.0,normalDay
2022-09-09,8229.0,911.0,0.0,0,406.6,0.0,1,19.14,10.03,SPY221021P00402000,402.0,0,0.0,0.0,,0.0,normalDay
2022-09-12,8229.0,1092.0,0.0,0,410.97,0.0,1,19.14,8.22,SPY221021P00402000,402.0,0,0.0,0.0,,0.0,normalDay
2022-09-13,8229.0,256.0,0.0,0,393.1,0.0,1,19.14,16.58,SPY221021P00402000,402.0,0,0.0,0.0,,0.0,normalDay
2022-09-14,8229.0,328.0,0.0,0,394.6,0.0,1,19.14,15.86,SPY221021P00402000,402.0,0,0.0,0.0,,0.0,normalDay
2022-09-15,8229.0,129.0,0.0,0,390.12,0.0,1,19.14,17.85,SPY221021P00402000,402.0,0,0.0,0.0,,0.0,normalDay
2022-09-16,8229.0,-82.0,0.0,0,385.56,0.0,1,19.14,19.96,SPY221021P00402000,402.0,0,0.0,0.0,,0.0,normalDay
2022-09-19,8229.0,129.0,0.0,0,388.55,0.0,1,19.14,17.85,SPY221021P00402000,402.0,0,0.0,0.0,,0.0,normalDay
2022-09-20,8229.0,-172.0,0.0,0,384.09,0.0,1,19.14,20.86,SPY221021P00402000,402.0,0,0.0,0.0,,0.0,normalDay
2022-09-21,8229.0,-742.0,0.0,0,377.39,0.0,1,19.14,26.56,SPY221021P00402000,402.0,0,0.0,0.0,,0.0,normalDay
2022-09-22,8229.0,-946.0,0.0,0,374.22,0.0,1,19.14,28.6,SPY221021P00402000,402.0,0,0.0,0.0,,0.0,normalDay
2022-09-23,8229.0,-1587.0,0.0,0,367.95,0.0,1,19.14,35.01,SPY221021P00402000,402.0,0,0.0,0.0,,0.0,normalDay
2022-09-26,8229.0,-1960.0,0.0,0,364.31,0.0,1,19.14,38.74,SPY221021P00402000,402.0,0,0.0,0.0,,0.0,normalDay
2022-09-27,8229.0,-1984.0,0.0,0,363.38,0.0,1,19.14,38.98,SPY221021P00402000,402.0,0,0.0,0.0,,0.0,normalDay
2022-09-28,8229.0,-1298.0,0.0,0,370.53,0.0,1,19.14,32.12,SPY221021P00402000,402.0,0,0.0,0.0,,0.0,normalDay
2022-09-29,8229.0,-2019.0,0.0,0,362.79,0.0,1,19.14,39.33,SPY221021P00402000,402.0,0,0.0,0.0,,0.0,normalDay
2022-09-30,8229.0,-2494.0,0.0,0,357.18,0.0,1,19.14,44.08,SPY221021P00402000,402.0,0,0.0,0.0,,0.0,normalDay
2022-10-03,8229.0,-1589.0,0.0,0,366.61,0.0,1,19.14,35.03,SPY221021P00402000,402.0,0,0.0,0.0,,0.0,normalDay
2022-10-04,8229.0,-571.0,0.0,0,377.97,0.0,1,19.14,24.85,SPY221021P00402000,402.0,0,0.0,0.0,,0.0,normalDay
2022-10-05,8229.0,-575.0,0.0,0,377.09,0.0,1,19.14,24.89,SPY221021P00402000,402.0,0,0.0,0.0,,0.0,normalDay
2022-10-06,8229.0,-978.0,0.0,0,373.2,0.0,1,19.14,28.92,SPY221021P00402000,402.0,0,0.0,0.0,,0.0,normalDay
2022-10-07,8229.0,-2050.0,0.0,0,362.79,0.0,1,19.14,39.64,SPY221021P00402000,402.0,0,0.0,0.0,,0.0,normalDay
2022-10-10,8229.0,-2268.0,0.0,0,360.02,0.0,1,19.14,41.82,SPY221021P00402000,402.0,0,0.0,0.0,,0.0,normalDay
2022-10-11,8229.0,-2510.0,0.0,0,357.74,0.0,1,19.14,44.24,SPY221021P00402000,402.0,0,0.0,0.0,,0.0,normalDay
2022-10-12,8229.0,-2629.0,0.0,0,356.56,0.0,1,19.14,45.43,SPY221021P00402000,402.0,0,0.0,0.0,,0.0,normalDay
2022-10-13,8229.0,-1690.0,0.0,0,365.97,0.0,1,19.14,36.04,SPY221021P00402000,402.0,0,0.0,0.0,,0.0,normalDay
2022-10-14,8229.0,-2529.0,0.0,0,357.63,0.0,1,19.14,44.43,SPY221021P00402000,402.0,0,0.0,0.0,,0.0,normalDay
2022-10-17,8229.0,-1567.0,0.0,0,366.82,0.0,1,19.14,34.81,SPY221021P00402000,402.0,0,0.0,0.0,,0.0,normalDay
2022-10-18,8229.0,-1083.0,0.0,0,371.13,0.0,1,19.14,29.97,SPY221021P00402000,402.0,0,0.0,0.0,,0.0,normalDay
2022-10-19,8229.0,-1474.0,0.0,0,368.5,0.0,1,19.14,33.88,SPY221021P00402000,402.0,0,0.0,0.0,,0.0,normalDay
2022-10-20,8229.0,-1717.0,0.0,0,365.41,0.0,1,19.14,36.31,SPY221021P00402000,402.0,0,0.0,0.0,,0.0,normalDay
2022-10-21,10143.0,-2771.0,1914.0,100,374.29,402.0,1,19.14,0.0,SPY221021P00402000,402.0,0,0.0,0.0,,0.0,expirationDay
2022-10-24,10143.0,-2330.0,0.0,100,378.87,402.0,0,0.0,0.0,,0.0,1,11.12,11.29,SPY221026C00368000,368.0,normalDay
2022-10-25,10143.0,-2158.0,0.0,100,384.92,402.0,0,0.0,0.0,,0.0,1,11.12,15.62,SPY221026C00368000,368.0,normalDay
2022-10-26,7855.0,-2158.0,-2288.0,0,382.02,0.0,0,0.0,0.0,,0.0,1,11.12,0.0,SPY221026C00368000,368.0,expirationDay
2022-10-27,7855.0,-5.0,0.0,0,379.98,0.0,1,8.82,8.87,SPY221216P00362000,362.0,0,0.0,0.0,,0.0,normalDay
2022-10-28,7855.0,346.0,0.0,0,389.02,0.0,1,8.82,5.36,SPY221216P00362000,362.0,0,0.0,0.0,,0.0,normalDay
2022-10-31,7855.0,334.0,0.0,0,386.21,0.0,1,8.82,5.48,SPY221216P00362000,362.0,0,0.0,0.0,,0.0,normalDay
2022-11-01,7855.0,305.0,0.0,0,384.52,0.0,1,8.82,5.77,SPY221216P00362000,362.0,0,0.0,0.0,,0.0,normalDay
2022-11-02,7855.0,61.0,0.0,0,374.87,0.0,1,8.82,8.21,SPY221216P00362000,362.0,0,0.0,0.0,,0.0,normalDay
2022-11-03,7855.0,-28.0,0.0,0,371.01,0.0,1,8.82,9.1,SPY221216P00362000,362.0,0,0.0,0.0,,0.0,normalDay
2022-11-04,7855.0,174.0,0.0,0,376.35,0.0,1,8.82,7.08,SPY221216P00362000,362.0,0,0.0,0.0,,0.0,normalDay
2022-11-07,7855.0,317.0,0.0,0,379.95,0.0,1,8.82,5.65,SPY221216P00362000,362.0,0,0.0,0.0,,0.0,normalDay
2022-11-08,7855.0,317.0,0.0,0,382.0,0.0,1,8.82,5.65,SPY221216P00362000,362.0,0,0.0,0.0,,0.0,normalDay
2022-11-09,7855.0,135.0,0.0,0,374.13,0.0,1,8.82,7.47,SPY221216P00362000,362.0,0,0.0,0.0,,0.0,normalDay
2022-11-10,7855.0,622.0,0.0,0,394.69,0.0,1,8.82,2.6,SPY221216P00362000,362.0,0,0.0,0.0,,0.0,normalDay
2022-11-11,7855.0,678.0,0.0,0,398.51,0.0,1,8.82,2.04,SPY221216P00362000,362.0,0,0.0,0.0,,0.0,normalDay
2022-11-14,7855.0,666.0,0.0,0,395.12,0.0,1,8.82,2.16,SPY221216P00362000,362.0,0,0.0,0.0,,0.0,normalDay
2022-11-15,7855.0,692.0,0.0,0,398.49,0.0,1,8.82,1.9,SPY221216P00362000,362.0,0,0.0,0.0,,0.0,normalDay
2022-11-16,7855.0,683.0,0.0,0,395.45,0.0,1,8.82,1.99,SPY221216P00362000,362.0,0,0.0,0.0,,0.0,normalDay
2022-11-17,7855.0,690.0,0.0,0,394.24,0.0,1,8.82,1.92,SPY221216P00362000,362.0,0,0.0,0.0,,0.0,normalDay
2022-11-18,7855.0,727.0,0.0,0,396.03,0.0,1,8.82,1.55,SPY221216P00362000,362.0,0,0.0,0.0,,0.0,normalDay
2022-11-21,7855.0,754.0,0.0,0,394.59,0.0,1,8.82,1.28,SPY221216P00362000,362.0,0,0.0,0.0,,0.0,normalDay
2022-11-22,7855.0,801.0,0.0,0,399.9,0.0,1,8.82,0.81,SPY221216P00362000,362.0,0,0.0,0.0,,0.0,normalDay
2022-11-23,7855.0,822.0,0.0,0,402.42,0.0,1,8.82,0.6,SPY221216P00362000,362.0,0,0.0,0.0,,0.0,normalDay
2022-11-25,7855.0,826.0,0.0,0,402.33,0.0,1,8.82,0.56,SPY221216P00362000,362.0,0,0.0,0.0,,0.0,normalDay
2022-11-28,7855.0,804.0,0.0,0,395.91,0.0,1,8.82,0.78,SPY221216P00362000,362.0,0,0.0,0.0,,0.0,normalDay
2022-11-29,7855.0,811.0,0.0,0,395.23,0.0,1,8.82,0.71,SPY221216P00362000,362.0,0,0.0,0.0,,0.0,normalDay
2022-11-30,7855.0,854.0,0.0,0,407.68,0.0,1,8.82,0.28,SPY221216P00362000,362.0,0,0.0,0.0,,0.0,normalDay
2022-12-01,7855.0,860.0,0.0,0,407.38,0.0,1,8.82,0.22,SPY221216P00362000,362.0,0,0.0,0.0,,0.0,normalDay
2022-12-02,7855.0,863.0,0.0,0,406.91,0.0,1,8.82,0.19,SPY221216P00362000,362.0,0,0.0,0.0,,0.0,normalDay
2022-12-05,7855.0,854.0,0.0,0,399.59,0.0,1,8.82,0.28,SPY221216P00362000,362.0,0,0.0,0.0,,0.0,normalDay
2022-12-06,7855.0,835.0,0.0,0,393.83,0.0,1,8.82,0.47,SPY221216P00362000,362.0,0,0.0,0.0,,0.0,normalDay
2022-12-07,7855.0,839.0,0.0,0,393.16,0.0,1,8.82,0.43,SPY221216P00362000,362.0,0,0.0,0.0,,0.0,normalDay
2022-12-08,7855.0,856.0,0.0,0,396.24,0.0,1,8.82,0.26,SPY221216P00362000,362.0,0,0.0,0.0,,0.0,normalDay
2022-12-09,7855.0,855.0,0.0,0,393.28,0.0,1,8.82,0.27,SPY221216P00362000,362.0,0,0.0,0.0,,0.0,normalDay
2022-12-12,7855.0,865.0,0.0,0,398.95,0.0,1,8.82,0.17,SPY221216P00362000,362.0,0,0.0,0.0,,0.0,normalDay
2022-12-13,7855.0,875.0,0.0,0,401.97,0.0,1,8.82,0.07,SPY221216P00362000,362.0,0,0.0,0.0,,0.0,normalDay
2022-12-14,7855.0,878.0,0.0,0,399.4,0.0,1,8.82,0.04,SPY221216P00362000,362.0,0,0.0,0.0,,0.0,normalDay
2022-12-15,7855.0,878.0,0.0,0,389.63,0.0,1,8.82,0.04,SPY221216P00362000,362.0,0,0.0,0.0,,0.0,normalDay
2022-12-16,8737.0,0.0,882.0,0,383.27,0.0,1,8.82,0.0,SPY221216P00362000,362.0,0,0.0,0.0,,0.0,expirationDay
2022-12-19,8737.0,-22.0,0.0,0,380.02,0.0,1,15.31,15.53,SPY230127P00391000,391.0,0,0.0,0.0,,0.0,normalDay
2022-12-20,8737.0,69.0,0.0,0,380.54,0.0,1,15.31,14.62,SPY230127P00391000,391.0,0,0.0,0.0,,0.0,normalDay
2022-12-21,8737.0,440.0,0.0,0,386.23,0.0,1,15.31,10.91,SPY230127P00391000,391.0,0,0.0,0.0,,0.0,normalDay
2022-12-22,8737.0,65.0,0.0,0,380.72,0.0,1,15.31,14.66,SPY230127P00391000,391.0,0,0.0,0.0,,0.0,normalDay
2022-12-23,8737.0,231.0,0.0,0,382.91,0.0,1,15.31,13.0,SPY230127P00391000,391.0,0,0.0,0.0,,0.0,normalDay
2022-12-27,8737.0,167.0,0.0,0,381.4,0.0,1,15.31,13.64,SPY230127P00391000,391.0,0,0.0,0.0,,0.0,normalDay
2022-12-28,8737.0,-150.0,0.0,0,376.66,0.0,1,15.31,16.81,SPY230127P00391000,391.0,0,0.0,0.0,,0.0,normalDay
2022-12-29,8737.0,306.0,0.0,0,383.44,0.0,1,15.31,12.25,SPY230127P00391000,391.0,0,0.0,0.0,,0.0,normalDay
2022-12-30,8737.0,284.0,0.0,0,382.43,0.0,1,15.31,12.47,SPY230127P00391000,391.0,0,0.0,0.0,,0.0,normalDay
2023-01-03,8737.0,158.0,0.0,0,380.82,0.0,1,15.31,13.73,SPY230127P00391000,391.0,0,0.0,0.0,,0.0,normalDay
2023-01-04,8737.0,421.0,0.0,0,383.76,0.0,1,15.31,11.1,SPY230127P00391000,391.0,0,0.0,0.0,,0.0,normalDay
2023-01-05,8737.0,122.0,0.0,0,379.38,0.0,1,15.31,14.09,SPY230127P00391000,391.0,0,0.0,0.0,,0.0,normalDay
2023-01-06,8737.0,705.0,0.0,0,388.08,0.0,1,15.31,8.26,SPY230127P00391000,391.0,0,0.0,0.0,,0.0,normalDay
2023-01-09,8737.0,697.0,0.0,0,387.86,0.0,1,15.31,8.34,SPY230127P00391000,391.0,0,0.0,0.0,,0.0,normalDay
2023-01-10,8737.0,891.0,0.0,0,390.58,0.0,1,15.31,6.4,SPY230127P00391000,391.0,0,0.0,0.0,,0.0,normalDay
2023-01-11,8737.0,1074.0,0.0,0,395.52,0.0,1,15.31,4.57,SPY230127P00391000,391.0,0,0.0,0.0,,0.0,normalDay
2023-01-12,8737.0,1259.0,0.0,0,396.96,0.0,1,15.31,2.72,SPY230127P00391000,391.0,0,0.0,0.0,,0.0,normalDay
2023-01-13,8737.0,1340.0,0.0,0,398.5,0.0,1,15.31,1.91,SPY230127P00391000,391.0,0,0.0,0.0,,0.0,normalDay
2023-01-17,8737.0,1364.0,0.0,0,397.77,0.0,1,15.31,1.67,SPY230127P00391000,391.0,0,0.0,0.0,,0.0,normalDay
2023-01-18,8737.0,1164.0,0.0,0,391.49,0.0,1,15.31,3.67,SPY230127P00391000,391.0,0,0.0,0.0,,0.0,normalDay
2023-01-19,8737.0,1056.0,0.0,0,388.64,0.0,1,15.31,4.75,SPY230127P00391000,391.0,0,0.0,0.0,,0.0,normalDay
2023-01-20,8737.0,1366.0,0.0,0,395.88,0.0,1,15.31,1.65,SPY230127P00391000,391.0,0,0.0,0.0,,0.0,normalDay
2023-01-23,8737.0,1474.0,0.0,0,400.63,0.0,1,15.31,0.57,SPY230127P00391000,391.0,0,0.0,0.0,,0.0,normalDay
2023-01-24,8737.0,1499.0,0.0,0,400.2,0.0,1,15.31,0.32,SPY230127P00391000,391.0,0,0.0,0.0,,0.0,normalDay
2023-01-25,8737.0,1503.0,0.0,0,400.35,0.0,1,15.31,0.28,SPY230127P00391000,391.0,0,0.0,0.0,,0.0,normalDay
2023-01-26,8737.0,1527.0,0.0,0,404.75,0.0,1,15.31,0.04,SPY230127P00391000,391.0,0,0.0,0.0,,0.0,normalDay
2023-01-27,10268.0,0.0,1531.0,0,405.68,0.0,1,15.31,0.0,SPY230127P00391000,391.0,0,0.0,0.0,,0.0,expirationDay
2023-01-30,10268.0,-4.0,0.0,0,400.59,0.0,1,5.43,5.47,SPY230317P00387000,387.0,0,0.0,0.0,,0.0,normalDay
2023-01-31,10268.0,124.0,0.0,0,406.48,0.0,1,5.43,4.19,SPY230317P00387000,387.0,0,0.0,0.0,,0.0,normalDay
2023-02-01,10268.0,248.0,0.0,0,410.8,0.0,1,5.43,2.95,SPY230317P00387000,387.0,0,0.0,0.0,,0.0,normalDay
2023-02-02,10268.0,272.0,0.0,0,416.78,0.0,1,5.43,2.71,SPY230317P00387000,387.0,0,0.0,0.0,,0.0,normalDay
2023-02-03,10268.0,253.0,0.0,0,412.35,0.0,1,5.43,2.9,SPY230317P00387000,387.0,0,0.0,0.0,,0.0,normalDay
2023-02-06,10268.0,217.0,0.0,0,409.83,0.0,1,5.43,3.26,SPY230317P00387000,387.0,0,0.0,0.0,,0.0,normalDay
2023-02-07,10268.0,304.0,0.0,0,415.19,0.0,1,5.43,2.39,SPY230317P00387000,387.0,0,0.0,0.0,,0.0,normalDay
2023-02-08,10268.0,238.0,0.0,0,410.65,0.0,1,5.43,3.05,SPY230317P00387000,387.0,0,0.0,0.0,,0.0,normalDay
2023-02-09,10268.0,162.0,0.0,0,407.09,0.0,1,5.43,3.81,SPY230317P00387000,387.0,0,0.0,0.0,,0.0,normalDay
2023-02-10,10268.0,184.0,0.0,0,408.04,0.0,1,5.43,3.59,SPY230317P00387000,387.0,0,0.0,0.0,,0.0,normalDay
2023-02-13,10268.0,294.0,0.0,0,412.83,0.0,1,5.43,2.49,SPY230317P00387000,387.0,0,0.0,0.0,,0.0,normalDay
2023-02-14,10268.0,332.0,0.0,0,412.64,0.0,1,5.43,2.11,SPY230317P00387000,387.0,0,0.0,0.0,,0.0,normalDay
2023-02-15,10268.0,374.0,0.0,0,413.98,0.0,1,5.43,1.69,SPY230317P00387000,387.0,0,0.0,0.0,,0.0,normalDay
2023-02-16,10268.0,271.0,0.0,0,408.28,0.0,1,5.43,2.72,SPY230317P00387000,387.0,0,0.0,0.0,,0.0,normalDay
2023-02-17,10268.0,279.0,0.0,0,407.26,0.0,1,5.43,2.64,SPY230317P00387000,387.0,0,0.0,0.0,,0.0,normalDay
2023-02-21,10268.0,111.0,0.0,0,399.09,0.0,1,5.43,4.32,SPY230317P00387000,387.0,0,0.0,0.0,,0.0,normalDay
2023-02-22,10268.0,127.0,0.0,0,398.54,0.0,1,5.43,4.16,SPY230317P00387000,387.0,0,0.0,0.0,,0.0,normalDay
2023-02-23,10268.0,211.0,0.0,0,400.66,0.0,1,5.43,3.32,SPY230317P00387000,387.0,0,0.0,0.0,,0.0,normalDay
2023-02-24,10268.0,108.0,0.0,0,396.38,0.0,1,5.43,4.35,SPY230317P00387000,387.0,0,0.0,0.0,,0.0,normalDay
2023-02-27,10268.0,212.0,0.0,0,397.73,0.0,1,5.43,3.31,SPY230317P00387000,387.0,0,0.0,0.0,,0.0,normalDay
2023-02-28,10268.0,184.0,0.0,0,396.26,0.0,1,5.43,3.59,SPY230317P00387000,387.0,0,0.0,0.0,,0.0,normalDay
2023-03-01,10268.0,158.0,0.0,0,394.74,0.0,1,5.43,3.85,SPY230317P00387000,387.0,0,0.0,0.0,,0.0,normalDay
2023-03-02,10268.0,277.0,0.0,0,397.81,0.0,1,5.43,2.66,SPY230317P00387000,387.0,0,0.0,0.0,,0.0,normalDay
2023-03-03,10268.0,424.0,0.0,0,404.19,0.0,1,5.43,1.19,SPY230317P00387000,387.0,0,0.0,0.0,,0.0,normalDay
2023-03-06,10268.0,442.0,0.0,0,404.47,0.0,1,5.43,1.01,SPY230317P00387000,387.0,0,0.0,0.0,,0.0,normalDay
2023-03-07,10268.0,345.0,0.0,0,398.27,0.0,1,5.43,1.98,SPY230317P00387000,387.0,0,0.0,0.0,,0.0,normalDay
2023-03-08,10268.0,376.0,0.0,0,398.92,0.0,1,5.43,1.67,SPY230317P00387000,387.0,0,0.0,0.0,,0.0,normalDay
2023-03-09,10268.0,100.0,0.0,0,391.56,0.0,1,5.43,4.43,SPY230317P00387000,387.0,0,0.0,0.0,,0.0,normalDay
2023-03-10,10268.0,-119.0,0.0,0,385.91,0.0,1,5.43,6.62,SPY230317P00387000,387.0,0,0.0,0.0,,0.0,normalDay
2023-03-13,10268.0,-124.0,0.0,0,385.36,0.0,1,5.43,6.67,SPY230317P00387000,387.0,0,0.0,0.0,,0.0,normalDay
2023-03-14,10268.0,303.0,0.0,0,391.73,0.0,1,5.43,2.4,SPY230317P00387000,387.0,0,0.0,0.0,,0.0,normalDay
2023-03-15,10268.0,239.0,0.0,0,389.28,0.0,1,5.43,3.04,SPY230317P00387000,387.0,0,0.0,0.0,,0.0,normalDay
2023-03-16,10268.0,514.0,0.0,0,396.11,0.0,1,5.43,0.29,SPY230317P00387000,387.0,0,0.0,0.0,,0.0,normalDay
2023-03-17,10811.0,0.0,543.0,0,389.99,0.0,1,5.43,0.0,SPY230317P00387000,387.0,0,0.0,0.0,,0.0,expirationDay
2023-03-20,10811.0,-10.0,0.0,0,393.74,0.0,1,8.97,9.07,SPY230428P00391000,391.0,0,0.0,0.0,,0.0,normalDay
2023-03-21,10811.0,259.0,0.0,0,398.91,0.0,1,8.97,6.38,SPY230428P00391000,391.0,0,0.0,0.0,,0.0,normalDay
2023-03-22,10811.0,-2.0,0.0,0,392.11,0.0,1,8.97,8.99,SPY230428P00391000,391.0,0,0.0,0.0,,0.0,normalDay
2023-03-23,10811.0,28.0,0.0,0,393.17,0.0,1,8.97,8.69,SPY230428P00391000,391.0,0,0.0,0.0,,0.0,normalDay
2023-03-24,10811.0,164.0,0.0,0,395.75,0.0,1,8.97,7.33,SPY230428P00391000,391.0,0,0.0,0.0,,0.0,normalDay
2023-03-27,10811.0,281.0,0.0,0,396.49,0.0,1,8.97,6.16,SPY230428P00391000,391.0,0,0.0,0.0,,0.0,normalDay
2023-03-28,10811.0,300.0,0.0,0,395.6,0.0,1,8.97,5.97,SPY230428P00391000,391.0,0,0.0,0.0,,0.0,normalDay
2023-03-29,10811.0,477.0,0.0,0,401.35,0.0,1,8.97,4.2,SPY230428P00391000,391.0,0,0.0,0.0,,0.0,normalDay
2023-03-30,10811.0,549.0,0.0,0,403.7,0.0,1,8.97,3.48,SPY230428P00391000,391.0,0,0.0,0.0,,0.0,normalDay
2023-03-31,10811.0,664.0,0.0,0,409.39,0.0,1,8.97,2.33,SPY230428P00391000,391.0,0,0.0,0.0,,0.0,normalDay
2023-04-03,10811.0,728.0,0.0,0,410.95,0.0,1,8.97,1.69,SPY230428P00391000,391.0,0,0.0,0.0,,0.0,normalDay
2023-04-04,10811.0,708.0,0.0,0,408.67,0.0,1,8.97,1.89,SPY230428P00391000,391.0,0,0.0,0.0,,0.0,normalDay
2023-04-05,10811.0,704.0,0.0,0,407.6,0.0,1,8.97,1.93,SPY230428P00391000,391.0,0,0.0,0.0,,0.0,normalDay
2023-04-06,10811.0,748.0,0.0,0,409.19,0.0,1,8.97,1.49,SPY230428P00391000,391.0,0,0.0,0.0,,0.0,normalDay
2023-04-10,10811.0,780.0,0.0,0,409.61,0.0,1,8.97,1.17,SPY230428P00391000,391.0,0,0.0,0.0,,0.0,normalDay
2023-04-11,10811.0,790.0,0.0,0,409.72,0.0,1,8.97,1.07,SPY230428P00391000,391.0,0,0.0,0.0,,0.0,normalDay
2023-04-12,10811.0,784.0,0.0,0,408.05,0.0,1,8.97,1.13,SPY230428P00391000,391.0,0,0.0,0.0,,0.0,normalDay
2023-04-13,10811.0,845.0,0.0,0,413.47,0.0,1,8.97,0.52,SPY230428P00391000,391.0,0,0.0,0.0,,0.0,normalDay
2023-04-14,10811.0,858.0,0.0,0,412.46,0.0,1,8.97,0.39,SPY230428P00391000,391.0,0,0.0,0.0,,0.0,normalDay
2023-04-17,10811.0,871.0,0.0,0,413.94,0.0,1,8.97,0.26,SPY230428P00391000,391.0,0,0.0,0.0,,0.0,normalDay
2023-04-18,10811.0,872.0,0.0,0,414.21,0.0,1,8.97,0.25,SPY230428P00391000,391.0,0,0.0,0.0,,0.0,normalDay
2023-04-19,10811.0,879.0,0.0,0,414.14,0.0,1,8.97,0.18,SPY230428P00391000,391.0,0,0.0,0.0,,0.0,normalDay
2023-04-20,10811.0,881.0,0.0,0,411.88,0.0,1,8.97,0.16,SPY230428P00391000,391.0,0,0.0,0.0,,0.0,normalDay
2023-04-21,10811.0,885.0,0.0,0,412.2,0.0,1,8.97,0.12,SPY230428P00391000,391.0,0,0.0,0.0,,0.0,normalDay
2023-04-24,10811.0,892.0,0.0,0,412.63,0.0,1,8.97,0.05,SPY230428P00391000,391.0,0,0.0,0.0,,0.0,normalDay
2023-04-25,10811.0,887.0,0.0,0,406.08,0.0,1,8.97,0.1,SPY230428P00391000,391.0,0,0.0,0.0,,0.0,normalDay
2023-04-26,10811.0,890.0,0.0,0,404.36,0.0,1,8.97,0.07,SPY230428P00391000,391.0,0,0.0,0.0,,0.0,normalDay
2023-04-27,10811.0,894.0,0.0,0,412.41,0.0,1,8.97,0.03,SPY230428P00391000,391.0,0,0.0,0.0,,0.0,normalDay
2023-04-28,11708.0,0.0,897.0,0,415.93,0.0,1,8.97,0.0,SPY230428P00391000,391.0,0,0.0,0.0,,0.0,expirationDay
2023-05-01,11708.0,-4.0,0.0,0,415.51,0.0,1,5.87,5.91,SPY230616P00409000,409.0,0,0.0,0.0,,0.0,normalDay
2023-05-02,11708.0,-212.0,0.0,0,410.84,0.0,1,5.87,7.99,SPY230616P00409000,409.0,0,0.0,0.0,,0.0,normalDay
2023-05-03,11708.0,-313.0,0.0,0,408.02,0.0,1,5.87,9.0,SPY230616P00409000,409.0,0,0.0,0.0,,0.0,normalDay
2023-05-04,11708.0,-538.0,0.0,0,405.13,0.0,1,5.87,11.25,SPY230616P00409000,409.0,0,0.0,0.0,,0.0,normalDay
2023-05-05,11708.0,-131.0,0.0,0,412.63,0.0,1,5.87,7.18,SPY230616P00409000,409.0,0,0.0,0.0,,0.0,normalDay
2023-05-08,11708.0,-79.0,0.0,0,412.74,0.0,1,5.87,6.66,SPY230616P00409000,409.0,0,0.0,0.0,,0.0,normalDay
2023-05-09,11708.0,-143.0,0.0,0,410.93,0.0,1,5.87,7.3,SPY230616P00409000,409.0,0,0.0,0.0,,0.0,normalDay
2023-05-10,11708.0,-34.0,0.0,0,412.85,0.0,1,5.87,6.21,SPY230616P00409000,409.0,0,0.0,0.0,,0.0,normalDay
2023-05-11,11708.0,-48.0,0.0,0,412.13,0.0,1,5.87,6.35,SPY230616P00409000,409.0,0,0.0,0.0,,0.0,normalDay
2023-05-12,11708.0,-64.0,0.0,0,411.59,0.0,1,5.87,6.51,SPY230616P00409000,409.0,0,0.0,0.0,,0.0,normalDay
2023-05-15,11708.0,40.0,0.0,0,413.01,0.0,1,5.87,5.47,SPY230616P00409000,409.0,0,0.0,0.0,,0.0,normalDay
2023-05-16,11708.0,-71.0,0.0,0,410.25,0.0,1,5.87,6.58,SPY230616P00409000,409.0,0,0.0,0.0,,0.0,normalDay
2023-05-17,11708.0,126.0,0.0,0,415.23,0.0,1,5.87,4.61,SPY230616P00409000,409.0,0,0.0,0.0,,0.0,normalDay
2023-05-18,11708.0,258.0,0.0,0,419.23,0.0,1,5.87,3.29,SPY230616P00409000,409.0,0,0.0,0.0,,0.0,normalDay
2023-05-19,11708.0,225.0,0.0,0,418.62,0.0,1,5.87,3.62,SPY230616P00409000,409.0,0,0.0,0.0,,0.0,normalDay
2023-05-22,11708.0,244.0,0.0,0,418.79,0.0,1,5.87,3.43,SPY230616P00409000,409.0,0,0.0,0.0,,0.0,normalDay
2023-05-23,11708.0,90.0,0.0,0,414.09,0.0,1,5.87,4.97,SPY230616P00409000,409.0,0,0.0,0.0,,0.0,normalDay
2023-05-24,11708.0,-37.0,0.0,0,411.09,0.0,1,5.87,6.24,SPY230616P00409000,409.0,0,0.0,0.0,,0.0,normalDay
2023-05-25,11708.0,114.0,0.0,0,414.65,0.0,1,5.87,4.73,SPY230616P00409000,409.0,0,0.0,0.0,,0.0,normalDay
2023-05-26,11708.0,293.0,0.0,0,420.02,0.0,1,5.87,2.94,SPY230616P00409000,409.0,0,0.0,0.0,,0.0,normalDay
2023-05-30,11708.0,352.0,0.0,0,420.18,0.0,1,5.87,2.35,SPY230616P00409000,409.0,0,0.0,0.0,,0.0,normalDay
2023-05-31,11708.0,320.0,0.0,0,417.85,0.0,1,5.87,2.67,SPY230616P00409000,409.0,0,0.0,0.0,,0.0,normalDay
2023-06-01,11708.0,449.0,0.0,0,421.82,0.0,1,5.87,1.38,SPY230616P00409000,409.0,0,0.0,0.0,,0.0,normalDay
2023-06-02,11708.0,528.0,0.0,0,427.92,0.0,1,5.87,0.59,SPY230616P00409000,409.0,0,0.0,0.0,,0.0,normalDay
2023-06-05,11708.0,538.0,0.0,0,427.1,0.0,1,5.87,0.49,SPY230616P00409000,409.0,0,0.0,0.0,,0.0,normalDay
2023-06-06,11708.0,549.0,0.0,0,428.03,0.0,1,5.87,0.38,SPY230616P00409000,409.0,0,0.0,0.0,,0.0,normalDay
2023-06-07,11708.0,550.0,0.0,0,426.55,0.0,1,5.87,0.37,SPY230616P00409000,409.0,0,0.0,0.0,,0.0,normalDay
2023-06-08,11708.0,562.0,0.0,0,429.13,0.0,1,5.87,0.25,SPY230616P00409000,409.0,0,0.0,0.0,,0.0,normalDay
2023-06-09,11708.0,569.0,0.0,0,429.9,0.0,1,5.87,0.18,SPY230616P00409000,409.0,0,0.0,0.0,,0.0,normalDay
2023-06-12,11708.0,573.0,0.0,0,433.8,0.0,1,5.87,0.14,SPY230616P00409000,409.0,0,0.0,0.0,,0.0,normalDay
2023-06-13,11708.0,577.0,0.0,0,436.66,0.0,1,5.87,0.1,SPY230616P00409000,409.0,0,0.0,0.0,,0.0,normalDay
2023-06-14,11708.0,581.0,0.0,0,437.18,0.0,1,5.87,0.06,SPY230616P00409000,409.0,0,0.0,0.0,,0.0,normalDay
2023-06-15,11708.0,583.0,0.0,0,442.6,0.0,1,5.87,0.04,SPY230616P00409000,409.0,0,0.0,0.0,,0.0,normalDay
2023-06-16,12295.0,0.0,587.0,0,439.46,0.0,1,5.87,0.0,SPY230616P00409000,409.0,0,0.0,0.0,,0.0,expirationDay
2023-06-20,12295.0,-4.0,0.0,0,437.18,0.0,1,2.04,2.08,SPY230728P00419000,419.0,0,0.0,0.0,,0.0,normalDay
2023-06-21,12295.0,-9.0,0.0,0,434.94,0.0,1,2.04,2.13,SPY230728P00419000,419.0,0,0.0,0.0,,0.0,normalDay
2023-06-22,12295.0,23.0,0.0,0,436.51,0.0,1,2.04,1.81,SPY230728P00419000,419.0,0,0.0,0.0,,0.0,normalDay
2023-06-23,12295.0,-21.0,0.0,0,433.21,0.0,1,2.04,2.25,SPY230728P00419000,419.0,0,0.0,0.0,,0.0,normalDay
2023-06-26,12295.0,-34.0,0.0,0,431.44,0.0,1,2.04,2.38,SPY230728P00419000,419.0,0,0.0,0.0,,0.0,normalDay
2023-06-27,12295.0,42.0,0.0,0,436.17,0.0,1,2.04,1.62,SPY230728P00419000,419.0,0,0.0,0.0,,0.0,normalDay
2023-06-28,12295.0,64.0,0.0,0,436.39,0.0,1,2.04,1.4,SPY230728P00419000,419.0,0,0.0,0.0,,0.0,normalDay
2023-06-29,12295.0,79.0,0.0,0,438.11,0.0,1,2.04,1.25,SPY230728P00419000,419.0,0,0.0,0.0,,0.0,normalDay
2023-06-30,12295.0,122.0,0.0,0,443.28,0.0,1,2.04,0.82,SPY230728P00419000,419.0,0,0.0,0.0,,0.0,normalDay
2023-07-03,12295.0,133.0,0.0,0,443.79,0.0,1,2.04,0.71,SPY230728P00419000,419.0,0,0.0,0.0,,0.0,normalDay
2023-07-05,12295.0,130.0,0.0,0,443.13,0.0,1,2.04,0.74,SPY230728P00419000,419.0,0,0.0,0.0,,0.0,normalDay
2023-07-06,12295.0,95.0,0.0,0,439.66,0.0,1,2.04,1.09,SPY230728P00419000,419.0,0,0.0,0.0,,0.0,normalDay
2023-07-07,12295.0,112.0,0.0,0,438.55,0.0,1,2.04,0.92,SPY230728P00419000,419.0,0,0.0,0.0,,0.0,normalDay
2023-07-10,12295.0,128.0,0.0,0,439.66,0.0,1,2.04,0.76,SPY230728P00419000,419.0,0,0.0,0.0,,0.0,normalDay
2023-07-11,12295.0,147.0,0.0,0,442.46,0.0,1,2.04,0.57,SPY230728P00419000,419.0,0,0.0,0.0,,0.0,normalDay
2023-07-12,12295.0,174.0,0.0,0,446.02,0.0,1,2.04,0.3,SPY230728P00419000,419.0,0,0.0,0.0,,0.0,normalDay
2023-07-13,12295.0,177.0,0.0,0,449.56,0.0,1,2.04,0.27,SPY230728P00419000,419.0,0,0.0,0.0,,0.0,normalDay
2023-07-14,12295.0,183.0,0.0,0,449.28,0.0,1,2.04,0.21,SPY230728P00419000,419.0,0,0.0,0.0,,0.0,normalDay
2023-07-17,12295.0,189.0,0.0,0,450.84,0.0,1,2.04,0.15,SPY230728P00419000,419.0,0,0.0,0.0,,0.0,normalDay
2023-07-18,12295.0,192.0,0.0,0,454.19,0.0,1,2.04,0.12,SPY230728P00419000,419.0,0,0.0,0.0,,0.0,normalDay
2023-07-19,12295.0,194.0,0.0,0,455.2,0.0,1,2.04,0.1,SPY230728P00419000,419.0,0,0.0,0.0,,0.0,normalDay
2023-07-20,12295.0,193.0,0.0,0,452.18,0.0,1,2.04,0.11,SPY230728P00419000,419.0,0,0.0,0.0,,0.0,normalDay
2023-07-21,12295.0,199.0,0.0,0,452.18,0.0,1,2.04,0.05,SPY230728P00419000,419.0,0,0.0,0.0,,0.0,normalDay
2023-07-24,12295.0,201.0,0.0,0,454.2,0.0,1,2.04,0.03,SPY230728P00419000,419.0,0,0.0,0.0,,0.0,normalDay
2023-07-25,12295.0,201.0,0.0,0,455.44,0.0,1,2.04,0.03,SPY230728P00419000,419.0,0,0.0,0.0,,0.0,normalDay
2023-07-26,12295.0,202.0,0.0,0,455.51,0.0,1,2.04,0.02,SPY230728P00419000,419.0,0,0.0,0.0,,0.0,normalDay
2023-07-27,12295.0,201.0,0.0,0,452.49,0.0,1,2.04,0.03,SPY230728P00419000,419.0,0,0.0,0.0,,0.0,normalDay
2023-07-28,12499.0,0.0,204.0,0,456.92,0.0,1,2.04,0.0,SPY230728P00419000,419.0,0,0.0,0.0,,0.0,expirationDay
2023-07-31,12499.0,-4.0,0.0,0,457.79,0.0,1,3.14,3.18,SPY230915P00444000,444.0,0,0.0,0.0,,0.0,normalDay
2023-08-01,12499.0,-36.0,0.0,0,456.48,0.0,1,3.14,3.5,SPY230915P00444000,444.0,0,0.0,0.0,,0.0,normalDay
2023-08-02,12499.0,-251.0,0.0,0,450.13,0.0,1,3.14,5.65,SPY230915P00444000,444.0,0,0.0,0.0,,0.0,normalDay
2023-08-03,12499.0,-243.0,0.0,0,448.84,0.0,1,3.14,5.57,SPY230915P00444000,444.0,0,0.0,0.0,,0.0,normalDay
2023-08-04,12499.0,-372.0,0.0,0,446.81,0.0,1,3.14,6.86,SPY230915P00444000,444.0,0,0.0,0.0,,0.0,normalDay
2023-08-07,12499.0,-178.0,0.0,0,450.71,0.0,1,3.14,4.92,SPY230915P00444000,444.0,0,0.0,0.0,,0.0,normalDay
2023-08-08,12499.0,-249.0,0.0,0,448.75,0.0,1,3.14,5.63,SPY230915P00444000,444.0,0,0.0,0.0,,0.0,normalDay
2023-08-09,12499.0,-325.0,0.0,0,445.75,0.0,1,3.14,6.39,SPY230915P00444000,444.0,0,0.0,0.0,,0.0,normalDay
2023-08-10,12499.0,-330.0,0.0,0,445.91,0.0,1,3.14,6.44,SPY230915P00444000,444.0,0,0.0,0.0,,0.0,normalDay
2023-08-11,12499.0,-291.0,0.0,0,445.65,0.0,1,3.14,6.05,SPY230915P00444000,444.0,0,0.0,0.0,,0.0,normalDay
2023-08-14,12499.0,-176.0,0.0,0,448.11,0.0,1,3.14,4.9,SPY230915P00444000,444.0,0,0.0,0.0,,0.0,normalDay
2023-08-15,12499.0,-425.0,0.0,0,442.89,0.0,1,3.14,7.39,SPY230915P00444000,444.0,0,0.0,0.0,,0.0,normalDay
2023-08-16,12499.0,-574.0,0.0,0,439.64,0.0,1,3.14,8.88,SPY230915P00444000,444.0,0,0.0,0.0,,0.0,normalDay
2023-08-17,12499.0,-804.0,0.0,0,436.29,0.0,1,3.14,11.18,SPY230915P00444000,444.0,0,0.0,0.0,,0.0,normalDay
2023-08-18,12499.0,-752.0,0.0,0,436.5,0.0,1,3.14,10.66,SPY230915P00444000,444.0,0,0.0,0.0,,0.0,normalDay
2023-08-21,12499.0,-572.0,0.0,0,439.34,0.0,1,3.14,8.86,SPY230915P00444000,444.0,0,0.0,0.0,,0.0,normalDay
2023-08-22,12499.0,-611.0,0.0,0,438.15,0.0,1,3.14,9.25,SPY230915P00444000,444.0,0,0.0,0.0,,0.0,normalDay
2023-08-23,12499.0,-313.0,0.0,0,443.03,0.0,1,3.14,6.27,SPY230915P00444000,444.0,0,0.0,0.0,,0.0,normalDay
2023-08-24,12499.0,-690.0,0.0,0,436.89,0.0,1,3.14,10.04,SPY230915P00444000,444.0,0,0.0,0.0,,0.0,normalDay
2023-08-25,12499.0,-438.0,0.0,0,439.97,0.0,1,3.14,7.52,SPY230915P00444000,444.0,0,0.0,0.0,,0.0,normalDay
2023-08-28,12499.0,-235.0,0.0,0,442.76,0.0,1,3.14,5.49,SPY230915P00444000,444.0,0,0.0,0.0,,0.0,normalDay
2023-08-29,12499.0,36.0,0.0,0,449.16,0.0,1,3.14,2.78,SPY230915P00444000,444.0,0,0.0,0.0,,0.0,normalDay
2023-08-30,12499.0,114.0,0.0,0,451.01,0.0,1,3.14,2.0,SPY230915P00444000,444.0,0,0.0,0.0,,0.0,normalDay
2023-08-31,12499.0,129.0,0.0,0,450.35,0.0,1,3.14,1.85,SPY230915P00444000,444.0,0,0.0,0.0,,0.0,normalDay
2023-09-01,12499.0,164.0,0.0,0,451.19,0.0,1,3.14,1.5,SPY230915P00444000,444.0,0,0.0,0.0,,0.0,normalDay
2023-09-05,12499.0,129.0,0.0,0,449.24,0.0,1,3.14,1.85,SPY230915P00444000,444.0,0,0.0,0.0,,0.0,normalDay
2023-09-06,12499.0,35.0,0.0,0,446.22,0.0,1,3.14,2.79,SPY230915P00444000,444.0,0,0.0,0.0,,0.0,normalDay
2023-09-07,12499.0,-9.0,0.0,0,444.85,0.0,1,3.14,3.23,SPY230915P00444000,444.0,0,0.0,0.0,,0.0,normalDay
2023-09-08,12499.0,84.0,0.0,0,445.52,0.0,1,3.14,2.3,SPY230915P00444000,444.0,0,0.0,0.0,,0.0,normalDay
2023-09-11,12499.0,202.0,0.0,0,448.45,0.0,1,3.14,1.12,SPY230915P00444000,444.0,0,0.0,0.0,,0.0,normalDay
2023-09-12,12499.0,128.0,0.0,0,445.99,0.0,1,3.14,1.86,SPY230915P00444000,444.0,0,0.0,0.0,,0.0,normalDay
2023-09-13,12499.0,210.0,0.0,0,446.51,0.0,1,3.14,1.04,SPY230915P00444000,444.0,0,0.0,0.0,,0.0,normalDay
2023-09-14,12499.0,305.0,0.0,0,450.36,0.0,1,3.14,0.09,SPY230915P00444000,444.0,0,0.0,0.0,,0.0,normalDay
2023-09-15,12813.0,-63.0,314.0,100,443.37,444.0,1,3.14,0.0,SPY230915P00444000,444.0,0,0.0,0.0,,0.0,expirationDay
2023-09-18,12813.0,-40.0,0.0,100,443.63,444.0,0,0.0,0.0,,0.0,1,1.24,1.27,SPY230921C00446000,446.0,normalDay
2023-09-19,12813.0,-82.0,0.0,100,442.71,444.0,0,0.0,0.0,,0.0,1,1.24,0.77,SPY230921C00446000,446.0,normalDay
2023-09-20,12813.0,-415.0,0.0,100,438.64,444.0,0,0.0,0.0,,0.0,1,1.24,0.03,SPY230921C00446000,446.0,normalDay
2023-09-21,12937.0,-1261.0,124.0,100,431.39,444.0,0,0.0,0.0,,0.0,1,1.24,0.0,SPY230921C00446000,446.0,expirationDay
2023-09-22,12937.0,-1358.0,0.0,100,430.42,444.0,0,0.0,0.0,,0.0,0,0.0,0.0,,0.0,bidTooLow
2023-09-25,12937.0,-1177.0,0.0,100,432.23,444.0,0,0.0,0.0,,0.0,0,0.0,0.0,,0.0,bidTooLow
2023-09-26,12937.0,-1812.0,0.0,100,425.88,444.0,0,0.0,0.0,,0.0,0,0.0,0.0,,0.0,bidTooLow
2023-09-27,12937.0,-1795.0,0.0,100,426.05,444.0,0,0.0,0.0,,0.0,0,0.0,0.0,,0.0,bidTooLow
2023-09-28,12937.0,-1548.0,0.0,100,428.52,444.0,0,0.0,0.0,,0.0,0,0.0,0.0,,0.0,bidTooLow
2023-09-29,12937.0,-1652.0,0.0,100,427.48,444.0,0,0.0,0.0,,0.0,0,0.0,0.0,,0.0,bidTooLow
2023-10-02,12937.0,-1669.0,0.0,100,427.31,444.0,0,0.0,0.0,,0.0,0,0.0,0.0,,0.0,bidTooLow
2023-10-03,12937.0,-2241.0,0.0,100,421.59,444.0,0,0.0,0.0,,0.0,0,0.0,0.0,,0.0,bidTooLow
2023-10-04,12937.0,-1934.0,0.0,100,424.66,444.0,0,0.0,0.0,,0.0,0,0.0,0.0,,0.0,bidTooLow
2023-10-05,12937.0,-1950.0,0.0,100,424.5,444.0,0,0.0,0.0,,0.0,0,0.0,0.0,,0.0,bidTooLow
2023-10-06,12937.0,-1449.0,0.0,100,429.54,444.0,0,0.0,0.0,,0.0,1,0.05,0.08,SPY231009C00436000,436.0,normalDay
2023-10-09,12942.0,-1171.0,5.0,100,432.29,444.0,0,0.0,0.0,,0.0,1,0.05,0.0,SPY231009C00436000,436.0,expirationDay
2023-10-10,12942.0,-950.0,0.0,100,434.54,444.0,0,0.0,0.0,,0.0,1,2.6,2.64,SPY231013C00435000,435.0,normalDay
2023-10-11,12942.0,-853.0,0.0,100,436.32,444.0,0,0.0,0.0,,0.0,1,2.6,3.45,SPY231013C00435000,435.0,normalDay
2023-10-12,12942.0,-868.0,0.0,100,433.66,444.0,0,0.0,0.0,,0.0,1,2.6,0.94,SPY231013C00435000,435.0,normalDay
2023-10-13,13202.0,-1250.0,260.0,100,431.5,444.0,0,0.0,0.0,,0.0,1,2.6,0.0,SPY231013C00435000,435.0,expirationDay
2023-10-16,13202.0,-803.0,0.0,100,436.04,444.0,0,0.0,0.0,,0.0,1,5.5,5.57,SPY231019C00432000,432.0,normalDay
2023-10-17,13202.0,-744.0,0.0,100,436.02,444.0,0,0.0,0.0,,0.0,1,5.5,4.96,SPY231019C00432000,432.0,normalDay
2023-10-18,13202.0,-956.0,0.0,100,430.21,444.0,0,0.0,0.0,,0.0,1,5.5,1.27,SPY231019C00432000,432.0,normalDay
2023-10-19,13752.0,-1757.0,550.0,100,426.43,444.0,0,0.0,0.0,,0.0,1,5.5,0.0,SPY231019C00432000,432.0,expirationDay
2023-10-20,13752.0,-2284.0,0.0,100,421.19,444.0,0,0.0,0.0,,0.0,1,0.02,0.05,SPY231023C00430000,430.0,normalDay
2023-10-23,13754.0,-2354.0,2.0,100,420.46,444.0,0,0.0,0.0,,0.0,1,0.02,0.0,SPY231023C00430000,430.0,expirationDay
2023-10-24,13754.0,-2040.0,0.0,100,423.63,444.0,0,0.0,0.0,,0.0,1,0.66,0.69,SPY231027C00430000,430.0,normalDay
2023-10-25,13754.0,-2584.0,0.0,100,417.55,444.0,0,0.0,0.0,,0.0,1,0.66,0.05,SPY231027C00430000,430.0,normalDay
2023-10-26,13754.0,-3081.0,0.0,100,412.55,444.0,0,0.0,0.0,,0.0,1,0.66,0.02,SPY231027C00430000,430.0,normalDay
2023-10-27,13820.0,-3332.0,66.0,100,410.68,444.0,0,0.0,0.0,,0.0,1,0.66,0.0,SPY231027C00430000,430.0,expirationDay
2023-10-30,13820.0,-2844.0,0.0,100,415.59,444.0,0,0.0,0.0,,0.0,1,0.1,0.13,SPY231102C00428000,428.0,normalDay
2023-10-31,13820.0,-2578.0,0.0,100,418.2,444.0,0,0.0,0.0,,0.0,1,0.1,0.08,SPY231102C00428000,428.0,normalDay
2023-11-01,13820.0,-2136.0,0.0,100,422.66,444.0,0,0.0,0.0,,0.0,1,0.1,0.12,SPY231102C00428000,428.0,normalDay
2023-11-02,12230.0,-2136.0,-1590.0,0,430.76,0.0,0,0.0,0.0,,0.0,1,0.1,0.0,SPY231102C00428000,428.0,expirationDay
2023-11-03,12230.0,-5.0,0.0,0,434.69,0.0,1,3.88,3.93,SPY231222P00420000,420.0,0,0.0,0.0,,0.0,normalDay
2023-11-06,12230.0,33.0,0.0,0,435.69,0.0,1,3.88,3.55,SPY231222P00420000,420.0,0,0.0,0.0,,0.0,normalDay
2023-11-07,12230.0,69.0,0.0,0,436.93,0.0,1,3.88,3.19,SPY231222P00420000,420.0,0,0.0,0.0,,0.0,normalDay
2023-11-08,12230.0,94.0,0.0,0,437.25,0.0,1,3.88,2.94,SPY231222P00420000,420.0,0,0.0,0.0,,0.0,normalDay
2023-11-09,12230.0,20.0,0.0,0,433.84,0.0,1,3.88,3.68,SPY231222P00420000,420.0,0,0.0,0.0,,0.0,normalDay
2023-11-10,12230.0,167.0,0.0,0,440.61,0.0,1,3.88,2.21,SPY231222P00420000,420.0,0,0.0,0.0,,0.0,normalDay
2023-11-13,12230.0,168.0,0.0,0,440.19,0.0,1,3.88,2.2,SPY231222P00420000,420.0,0,0.0,0.0,,0.0,normalDay
2023-11-14,12230.0,265.0,0.0,0,448.73,0.0,1,3.88,1.23,SPY231222P00420000,420.0,0,0.0,0.0,,0.0,normalDay
2023-11-15,12230.0,272.0,0.0,0,449.68,0.0,1,3.88,1.16,SPY231222P00420000,420.0,0,0.0,0.0,,0.0,normalDay
2023-11-16,12230.0,281.0,0.0,0,450.23,0.0,1,3.88,1.07,SPY231222P00420000,420.0,0,0.0,0.0,,0.0,normalDay
2023-11-17,12230.0,292.0,0.0,0,450.79,0.0,1,3.88,0.96,SPY231222P00420000,420.0,0,0.0,0.0,,0.0,normalDay
2023-11-20,12230.0,321.0,0.0,0,454.26,0.0,1,3.88,0.67,SPY231222P00420000,420.0,0,0.0,0.0,,0.0,normalDay
2023-11-21,12230.0,322.0,0.0,0,453.27,0.0,1,3.88,0.66,SPY231222P00420000,420.0,0,0.0,0.0,,0.0,normalDay
2023-11-22,12230.0,332.0,0.0,0,455.02,0.0,1,3.88,0.56,SPY231222P00420000,420.0,0,0.0,0.0,,0.0,normalDay
2023-11-24,12230.0,341.0,0.0,0,455.3,0.0,1,3.88,0.47,SPY231222P00420000,420.0,0,0.0,0.0,,0.0,normalDay
2023-11-27,12230.0,344.0,0.0,0,454.48,0.0,1,3.88,0.44,SPY231222P00420000,420.0,0,0.0,0.0,,0.0,normalDay
2023-11-28,12230.0,347.0,0.0,0,454.93,0.0,1,3.88,0.41,SPY231222P00420000,420.0,0,0.0,0.0,,0.0,normalDay
2023-11-29,12230.0,346.0,0.0,0,454.61,0.0,1,3.88,0.42,SPY231222P00420000,420.0,0,0.0,0.0,,0.0,normalDay
2023-11-30,12230.0,352.0,0.0,0,456.4,0.0,1,3.88,0.36,SPY231222P00420000,420.0,0,0.0,0.0,,0.0,normalDay
