date,totalCapital,unrializedPnL,rializedPnL,stocksOwned,stocksPriceToday,stocksPriceBoughtAt,putOwned,putOwnedSoldAt,putPriceToday,putOwnedContract,putOwnedStrike,callOwned,callOwnedSoldAt,callPriceToday,callOwnedContract,callOwnedStrike,trackType
2018-11-01,0.0,-6.0,0.0,0,273.51,0.0,1,4.59,4.65,SPY181221P00266000,266.0,0,0.0,0.0,,0.0,normalDay
2018-11-02,0.0,-46.0,0.0,0,271.89,0.0,1,4.59,5.05,SPY181221P00266000,266.0,0,0.0,0.0,,0.0,normalDay
2018-11-05,0.0,18.0,0.0,0,273.39,0.0,1,4.59,4.41,SPY181221P00266000,266.0,0,0.0,0.0,,0.0,normalDay
2018-11-06,0.0,76.0,0.0,0,275.12,0.0,1,4.59,3.83,SPY181221P00266000,266.0,0,0.0,0.0,,0.0,normalDay
2018-11-07,0.0,257.0,0.0,0,281.01,0.0,1,4.59,2.02,SPY181221P00266000,266.0,0,0.0,0.0,,0.0,normalDay
2018-11-08,0.0,252.0,0.0,0,280.5,0.0,1,4.59,2.07,SPY181221P00266000,266.0,0,0.0,0.0,,0.0,normalDay
2018-11-09,0.0,190.0,0.0,0,277.76,0.0,1,4.59,2.69,SPY181221P00266000,266.0,0,0.0,0.0,,0.0,normalDay
2018-11-12,0.0,37.0,0.0,0,272.57,0.0,1,4.59,4.22,SPY181221P00266000,266.0,0,0.0,0.0,,0.0,normalDay
2018-11-13,0.0,23.0,0.0,0,272.06,0.0,1,4.59,4.36,SPY181221P00266000,266.0,0,0.0,0.0,,0.0,normalDay
2018-11-14,0.0,-67.0,0.0,0,270.2,0.0,1,4.59,5.26,SPY181221P00266000,266.0,0,0.0,0.0,,0.0,normalDay
2018-11-15,0.0,68.0,0.0,0,273.02,0.0,1,4.59,3.91,SPY181221P00266000,266.0,0,0.0,0.0,,0.0,normalDay
2018-11-16,0.0,140.0,0.0,0,273.73,0.0,1,4.59,3.19,SPY181221P00266000,266.0,0,0.0,0.0,,0.0,normalDay
2018-11-19,0.0,-24.0,0.0,0,269.1,0.0,1,4.59,4.83,SPY181221P00266000,266.0,0,0.0,0.0,,0.0,normalDay
2018-11-20,0.0,-296.0,0.0,0,264.12,0.0,1,4.59,7.55,SPY181221P00266000,266.0,0,0.0,0.0,,0.0,normalDay
2018-11-21,0.0,-196.0,0.0,0,265.02,0.0,1,4.59,6.55,SPY181221P00266000,266.0,0,0.0,0.0,,0.0,normalDay
2018-11-23,0.0,-306.0,0.0,0,263.25,0.0,1,4.59,7.65,SPY181221P00266000,266.0,0,0.0,0.0,,0.0,normalDay
2018-11-26,0.0,7.0,0.0,0,267.5,0.0,1,4.59,4.52,SPY181221P00266000,266.0,0,0.0,0.0,,0.0,normalDay
2018-11-27,0.0,23.0,0.0,0,268.4,0.0,1,4.59,4.36,SPY181221P00266000,266.0,0,0.0,0.0,,0.0,normalDay
2018-11-28,0.0,219.0,0.0,0,274.58,0.0,1,4.59,2.4,SPY181221P00266000,266.0,0,0.0,0.0,,0.0,normalDay
2018-11-29,0.0,208.0,0.0,0,273.98,0.0,1,4.59,2.51,SPY181221P00266000,266.0,0,0.0,0.0,,0.0,normalDay
2018-11-30,0.0,260.0,0.0,0,275.65,0.0,1,4.59,1.99,SPY181221P00266000,266.0,0,0.0,0.0,,0.0,normalDay
2018-12-03,0.0,366.0,0.0,0,279.3,0.0,1,4.59,0.93,SPY181221P00266000,266.0,0,0.0,0.0,,0.0,normalDay
2018-12-04,0.0,102.0,0.0,0,270.25,0.0,1,4.59,3.57,SPY181221P00266000,266.0,0,0.0,0.0,,0.0,normalDay
2018-12-06,0.0,109.0,0.0,0,269.84,0.0,1,4.59,3.5,SPY181221P00266000,266.0,0,0.0,0.0,,0.0,normalDay
2018-12-07,0.0,-233.0,0.0,0,263.57,0.0,1,4.59,6.92,SPY181221P00266000,266.0,0,0.0,0.0,,0.0,normalDay
2018-12-10,0.0,-91.0,0.0,0,264.07,0.0,1,4.59,5.5,SPY181221P00266000,266.0,0,0.0,0.0,,0.0,normalDay
2018-12-11,0.0,-73.0,0.0,0,264.13,0.0,1,4.59,5.32,SPY181221P00266000,266.0,0,0.0,0.0,,0.0,normalDay
2018-12-12,0.0,-1.0,0.0,0,265.46,0.0,1,4.59,4.6,SPY181221P00266000,266.0,0,0.0,0.0,,0.0,normalDay
2018-12-13,0.0,37.0,0.0,0,265.37,0.0,1,4.59,4.22,SPY181221P00266000,266.0,0,0.0,0.0,,0.0,normalDay
2018-12-14,0.0,-291.0,0.0,0,260.47,0.0,1,4.59,7.5,SPY181221P00266000,266.0,0,0.0,0.0,,0.0,normalDay
2018-12-17,0.0,-752.0,0.0,0,255.36,0.0,1,4.59,12.11,SPY181221P00266000,266.0,0,0.0,0.0,,0.0,normalDay
2018-12-18,0.0,-846.0,0.0,0,255.08,0.0,1,4.59,13.05,SPY181221P00266000,266.0,0,0.0,0.0,,0.0,normalDay
2018-12-19,0.0,-1154.0,0.0,0,251.26,0.0,1,4.59,16.13,SPY181221P00266000,266.0,0,0.0,0.0,,0.0,normalDay
2018-12-20,0.0,-1498.0,0.0,0,247.17,0.0,1,4.59,19.57,SPY181221P00266000,266.0,0,0.0,0.0,,0.0,normalDay
2018-12-21,459.0,-2530.0,459.0,100,240.7,266.0,1,4.59,0.0,SPY181221P00266000,266.0,0,0.0,0.0,,0.0,expirationDay
2018-12-24,459.0,-3170.0,0.0,100,234.34,266.0,0,0.0,0.0,,0.0,1,0.02,0.06,SPY190125C00277500,277.5,normalDay
2018-12-26,459.0,-1996.0,0.0,100,246.18,266.0,0,0.0,0.0,,0.0,1,0.02,0.16,SPY190125C00277500,277.5,normalDay
2018-12-27,459.0,-1811.0,0.0,100,248.07,266.0,0,0.0,0.0,,0.0,1,0.02,0.2,SPY190125C00277500,277.5,normalDay
2018-12-28,459.0,-1835.0,0.0,100,247.75,266.0,0,0.0,0.0,,0.0,1,0.02,0.12,SPY190125C00277500,277.5,normalDay
2018-12-31,459.0,-1614.0,0.0,100,249.92,266.0,0,0.0,0.0,,0.0,1,0.02,0.08,SPY190125C00277500,277.5,normalDay
2019-01-02,459.0,-1583.0,0.0,100,250.18,266.0,0,0.0,0.0,,0.0,1,0.02,0.03,SPY190125C00277500,277.5,normalDay
2019-01-03,459.0,-2179.0,0.0,100,244.21,266.0,0,0.0,0.0,,0.0,1,0.02,0.02,SPY190125C00277500,277.5,normalDay
2019-01-04,459.0,-1362.0,0.0,100,252.39,266.0,0,0.0,0.0,,0.0,1,0.02,0.03,SPY190125C00277500,277.5,normalDay
2019-01-07,459.0,-1163.0,0.0,100,254.38,266.0,0,0.0,0.0,,0.0,1,0.02,0.03,SPY190125C00277500,277.5,normalDay
2019-01-08,459.0,-925.0,0.0,100,256.77,266.0,0,0.0,0.0,,0.0,1,0.02,0.04,SPY190125C00277500,277.5,normalDay
2019-01-09,459.0,-805.0,0.0,100,257.97,266.0,0,0.0,0.0,,0.0,1,0.02,0.04,SPY190125C00277500,277.5,normalDay
2019-01-10,459.0,-715.0,0.0,100,258.88,266.0,0,0.0,0.0,,0.0,1,0.02,0.05,SPY190125C00277500,277.5,normalDay
2019-01-11,459.0,-703.0,0.0,100,258.98,266.0,0,0.0,0.0,,0.0,1,0.02,0.03,SPY190125C00277500,277.5,normalDay
2019-01-14,459.0,-860.0,0.0,100,257.4,266.0,0,0.0,0.0,,0.0,1,0.02,0.02,SPY190125C00277500,277.5,normalDay
2019-01-15,459.0,-566.0,0.0,100,260.35,266.0,0,0.0,0.0,,0.0,1,0.02,0.03,SPY190125C00277500,277.5,normalDay
2019-01-16,459.0,-503.0,0.0,100,260.98,266.0,0,0.0,0.0,,0.0,1,0.02,0.03,SPY190125C00277500,277.5,normalDay
2019-01-17,459.0,-305.0,0.0,100,262.96,266.0,0,0.0,0.0,,0.0,1,0.02,0.03,SPY190125C00277500,277.5,normalDay
2019-01-18,459.0,43.0,0.0,100,266.46,266.0,0,0.0,0.0,,0.0,1,0.02,0.05,SPY190125C00277500,277.5,normalDay
2019-01-22,459.0,-313.0,0.0,100,262.86,266.0,0,0.0,0.0,,0.0,1,0.02,0.01,SPY190125C00277500,277.5,normalDay
2019-01-23,459.0,-258.0,0.0,100,263.41,266.0,0,0.0,0.0,,0.0,1,0.02,0.01,SPY190125C00277500,277.5,normalDay
2019-01-24,459.0,-244.0,0.0,100,263.55,266.0,0,0.0,0.0,,0.0,1,0.02,0.01,SPY190125C00277500,277.5,normalDay
2019-01-25,461.0,-22.0,2.0,100,265.78,266.0,0,0.0,0.0,,0.0,1,0.02,0.0,SPY190125C00277500,277.5,expirationDay
2019-01-28,461.0,-229.0,0.0,100,263.76,266.0,0,0.0,0.0,,0.0,1,4.08,4.13,SPY190301C00266000,266.0,normalDay
2019-01-29,461.0,-240.0,0.0,100,263.41,266.0,0,0.0,0.0,,0.0,1,4.08,3.89,SPY190301C00266000,266.0,normalDay
2019-01-30,461.0,-15.0,0.0,100,267.58,266.0,0,0.0,0.0,,0.0,1,4.08,5.81,SPY190301C00266000,266.0,normalDay
2019-01-31,461.0,64.0,0.0,100,269.93,266.0,0,0.0,0.0,,0.0,1,4.08,7.37,SPY190301C00266000,266.0,normalDay
2019-02-01,461.0,108.0,0.0,100,270.06,266.0,0,0.0,0.0,,0.0,1,4.08,7.06,SPY190301C00266000,266.0,normalDay
2019-02-04,461.0,201.0,0.0,100,271.96,266.0,0,0.0,0.0,,0.0,1,4.08,8.03,SPY190301C00266000,266.0,normalDay
2019-02-05,461.0,239.0,0.0,100,273.1,266.0,0,0.0,0.0,,0.0,1,4.08,8.79,SPY190301C00266000,266.0,normalDay
2019-02-06,461.0,232.0,0.0,100,272.74,266.0,0,0.0,0.0,,0.0,1,4.08,8.5,SPY190301C00266000,266.0,normalDay
2019-02-07,461.0,153.0,0.0,100,270.14,266.0,0,0.0,0.0,,0.0,1,4.08,6.69,SPY190301C00266000,266.0,normalDay
2019-02-08,461.0,197.0,0.0,100,270.47,266.0,0,0.0,0.0,,0.0,1,4.08,6.58,SPY190301C00266000,266.0,normalDay
2019-02-11,461.0,209.0,0.0,100,270.62,266.0,0,0.0,0.0,,0.0,1,4.08,6.61,SPY190301C00266000,266.0,normalDay
2019-02-12,461.0,273.0,0.0,100,274.1,266.0,0,0.0,0.0,,0.0,1,4.08,9.45,SPY190301C00266000,266.0,normalDay
2019-02-13,461.0,312.0,0.0,100,274.99,266.0,0,0.0,0.0,,0.0,1,4.08,9.95,SPY190301C00266000,266.0,normalDay
2019-02-14,461.0,310.0,0.0,100,274.38,266.0,0,0.0,0.0,,0.0,1,4.08,9.36,SPY190301C00266000,266.0,normalDay
2019-02-15,461.0,338.0,0.0,100,277.37,266.0,0,0.0,0.0,,0.0,1,4.08,12.07,SPY190301C00266000,266.0,normalDay
2019-02-19,461.0,384.0,0.0,100,277.85,266.0,0,0.0,0.0,,0.0,1,4.08,12.09,SPY190301C00266000,266.0,normalDay
2019-02-20,461.0,364.0,0.0,100,278.41,266.0,0,0.0,0.0,,0.0,1,4.08,12.85,SPY190301C00266000,266.0,normalDay
2019-02-21,461.0,358.0,0.0,100,277.42,266.0,0,0.0,0.0,,0.0,1,4.08,11.92,SPY190301C00266000,266.0,normalDay
2019-02-22,461.0,382.0,0.0,100,279.14,266.0,0,0.0,0.0,,0.0,1,4.08,13.4,SPY190301C00266000,266.0,normalDay
2019-02-25,461.0,379.0,0.0,100,279.52,266.0,0,0.0,0.0,,0.0,1,4.08,13.81,SPY190301C00266000,266.0,normalDay
2019-02-26,461.0,397.0,0.0,100,279.32,266.0,0,0.0,0.0,,0.0,1,4.08,13.43,SPY190301C00266000,266.0,normalDay
2019-02-27,461.0,375.0,0.0,100,279.2,266.0,0,0.0,0.0,,0.0,1,4.08,13.53,SPY190301C00266000,266.0,normalDay
2019-02-28,461.0,395.0,0.0,100,278.68,266.0,0,0.0,0.0,,0.0,1,4.08,12.81,SPY190301C00266000,266.0,normalDay
2019-03-01,869.0,395.0,408.0,0,280.42,0.0,0,0.0,0.0,,0.0,1,4.08,0.0,SPY190301C00266000,266.0,expirationDay
2019-03-04,869.0,-3.0,0.0,0,279.4,0.0,1,2.49,2.52,SPY190418P00271000,271.0,0,0.0,0.0,,0.0,normalDay
2019-03-05,869.0,-8.0,0.0,0,279.02,0.0,1,2.49,2.57,SPY190418P00271000,271.0,0,0.0,0.0,,0.0,normalDay
2019-03-06,869.0,-58.0,0.0,0,277.33,0.0,1,2.49,3.07,SPY190418P00271000,271.0,0,0.0,0.0,,0.0,normalDay
2019-03-07,869.0,-136.0,0.0,0,275.01,0.0,1,2.49,3.85,SPY190418P00271000,271.0,0,0.0,0.0,,0.0,normalDay
2019-03-08,869.0,-139.0,0.0,0,274.46,0.0,1,2.49,3.88,SPY190418P00271000,271.0,0,0.0,0.0,,0.0,normalDay
2019-03-11,869.0,13.0,0.0,0,278.44,0.0,1,2.49,2.36,SPY190418P00271000,271.0,0,0.0,0.0,,0.0,normalDay
2019-03-12,869.0,53.0,0.0,0,279.49,0.0,1,2.49,1.96,SPY190418P00271000,271.0,0,0.0,0.0,,0.0,normalDay
2019-03-13,869.0,105.0,0.0,0,281.34,0.0,1,2.49,1.44,SPY190418P00271000,271.0,0,0.0,0.0,,0.0,normalDay
2019-03-14,869.0,101.0,0.0,0,281.16,0.0,1,2.49,1.48,SPY190418P00271000,271.0,0,0.0,0.0,,0.0,normalDay
2019-03-15,869.0,130.0,0.0,0,281.31,0.0,1,2.49,1.19,SPY190418P00271000,271.0,0,0.0,0.0,,0.0,normalDay
2019-03-18,869.0,150.0,0.0,0,282.33,0.0,1,2.49,0.99,SPY190418P00271000,271.0,0,0.0,0.0,,0.0,normalDay
2019-03-19,869.0,140.0,0.0,0,282.4,0.0,1,2.49,1.09,SPY190418P00271000,271.0,0,0.0,0.0,,0.0,normalDay
2019-03-20,869.0,130.0,0.0,0,281.55,0.0,1,2.49,1.19,SPY190418P00271000,271.0,0,0.0,0.0,,0.0,normalDay
2019-03-21,869.0,168.0,0.0,0,284.73,0.0,1,2.49,0.81,SPY190418P00271000,271.0,0,0.0,0.0,,0.0,normalDay
2019-03-22,869.0,62.0,0.0,0,279.25,0.0,1,2.49,1.87,SPY190418P00271000,271.0,0,0.0,0.0,,0.0,normalDay
2019-03-25,869.0,70.0,0.0,0,279.04,0.0,1,2.49,1.79,SPY190418P00271000,271.0,0,0.0,0.0,,0.0,normalDay
2019-03-26,869.0,136.0,0.0,0,281.12,0.0,1,2.49,1.13,SPY190418P00271000,271.0,0,0.0,0.0,,0.0,normalDay
2019-03-27,869.0,115.0,0.0,0,279.65,0.0,1,2.49,1.34,SPY190418P00271000,271.0,0,0.0,0.0,,0.0,normalDay
2019-03-28,869.0,151.0,0.0,0,280.71,0.0,1,2.49,0.98,SPY190418P00271000,271.0,0,0.0,0.0,,0.0,normalDay
2019-03-29,869.0,187.0,0.0,0,282.48,0.0,1,2.49,0.62,SPY190418P00271000,271.0,0,0.0,0.0,,0.0,normalDay
2019-04-01,869.0,216.0,0.0,0,285.83,0.0,1,2.49,0.33,SPY190418P00271000,271.0,0,0.0,0.0,,0.0,normalDay
2019-04-02,869.0,221.0,0.0,0,285.97,0.0,1,2.49,0.28,SPY190418P00271000,271.0,0,0.0,0.0,,0.0,normalDay
2019-04-03,869.0,223.0,0.0,0,286.42,0.0,1,2.49,0.26,SPY190418P00271000,271.0,0,0.0,0.0,,0.0,normalDay
2019-04-04,869.0,230.0,0.0,0,287.18,0.0,1,2.49,0.19,SPY190418P00271000,271.0,0,0.0,0.0,,0.0,normalDay
2019-04-05,869.0,238.0,0.0,0,288.57,0.0,1,2.49,0.11,SPY190418P00271000,271.0,0,0.0,0.0,,0.0,normalDay
2019-04-08,869.0,240.0,0.0,0,288.79,0.0,1,2.49,0.09,SPY190418P00271000,271.0,0,0.0,0.0,,0.0,normalDay
2019-04-09,869.0,238.0,0.0,0,287.31,0.0,1,2.49,0.11,SPY190418P00271000,271.0,0,0.0,0.0,,0.0,normalDay
2019-04-10,869.0,243.0,0.0,0,288.29,0.0,1,2.49,0.06,SPY190418P00271000,271.0,0,0.0,0.0,,0.0,normalDay
2019-04-11,869.0,244.0,0.0,0,288.21,0.0,1,2.49,0.05,SPY190418P00271000,271.0,0,0.0,0.0,,0.0,normalDay
2019-04-12,869.0,246.0,0.0,0,290.16,0.0,1,2.49,0.03,SPY190418P00271000,271.0,0,0.0,0.0,,0.0,normalDay
2019-04-15,869.0,247.0,0.0,0,289.97,0.0,1,2.49,0.02,SPY190418P00271000,271.0,0,0.0,0.0,,0.0,normalDay
2019-04-16,869.0,247.0,0.0,0,290.16,0.0,1,2.49,0.02,SPY190418P00271000,271.0,0,0.0,0.0,,0.0,normalDay
2019-04-17,869.0,248.0,0.0,0,289.45,0.0,1,2.49,0.01,SPY190418P00271000,271.0,0,0.0,0.0,,0.0,normalDay
2019-04-18,1118.0,0.0,249.0,0,290.02,0.0,1,2.49,0.0,SPY190418P00271000,271.0,0,0.0,0.0,,0.0,expirationDay
2019-04-22,1118.0,-3.0,0.0,0,290.27,0.0,1,1.58,1.61,SPY190531P00282000,282.0,0,0.0,0.0,,0.0,normalDay
2019-04-23,1118.0,32.0,0.0,0,292.88,0.0,1,1.58,1.26,SPY190531P00282000,282.0,0,0.0,0.0,,0.0,normalDay
2019-04-24,1118.0,17.0,0.0,0,292.23,0.0,1,1.58,1.41,SPY190531P00282000,282.0,0,0.0,0.0,,0.0,normalDay
2019-04-25,1118.0,11.0,0.0,0,292.05,0.0,1,1.58,1.47,SPY190531P00282000,282.0,0,0.0,0.0,,0.0,normalDay
2019-04-26,1118.0,38.0,0.0,0,293.41,0.0,1,1.58,1.2,SPY190531P00282000,282.0,0,0.0,0.0,,0.0,normalDay
2019-04-29,1118.0,47.0,0.0,0,293.87,0.0,1,1.58,1.11,SPY190531P00282000,282.0,0,0.0,0.0,,0.0,normalDay
2019-04-30,1118.0,51.0,0.0,0,294.02,0.0,1,1.58,1.07,SPY190531P00282000,282.0,0,0.0,0.0,,0.0,normalDay
2019-05-01,1118.0,3.0,0.0,0,291.81,0.0,1,1.58,1.55,SPY190531P00282000,282.0,0,0.0,0.0,,0.0,normalDay
2019-05-02,1118.0,-2.0,0.0,0,291.18,0.0,1,1.58,1.6,SPY190531P00282000,282.0,0,0.0,0.0,,0.0,normalDay
2019-05-03,1118.0,61.0,0.0,0,294.03,0.0,1,1.58,0.97,SPY190531P00282000,282.0,0,0.0,0.0,,0.0,normalDay
2019-05-06,1118.0,18.0,0.0,0,292.82,0.0,1,1.58,1.4,SPY190531P00282000,282.0,0,0.0,0.0,,0.0,normalDay
2019-05-07,1118.0,-156.0,0.0,0,287.93,0.0,1,1.58,3.14,SPY190531P00282000,282.0,0,0.0,0.0,,0.0,normalDay
2019-05-08,1118.0,-155.0,0.0,0,287.53,0.0,1,1.58,3.13,SPY190531P00282000,282.0,0,0.0,0.0,,0.0,normalDay
2019-05-09,1118.0,-166.0,0.0,0,286.66,0.0,1,1.58,3.24,SPY190531P00282000,282.0,0,0.0,0.0,,0.0,normalDay
2019-05-10,1118.0,-60.0,0.0,0,288.1,0.0,1,1.58,2.18,SPY190531P00282000,282.0,0,0.0,0.0,,0.0,normalDay
2019-05-13,1118.0,-369.0,0.0,0,280.86,0.0,1,1.58,5.27,SPY190531P00282000,282.0,0,0.0,0.0,,0.0,normalDay
2019-05-14,1118.0,-196.0,0.0,0,283.4,0.0,1,1.58,3.54,SPY190531P00282000,282.0,0,0.0,0.0,,0.0,normalDay
2019-05-15,1118.0,-82.0,0.0,0,285.06,0.0,1,1.58,2.4,SPY190531P00282000,282.0,0,0.0,0.0,,0.0,normalDay
2019-05-16,1118.0,7.0,0.0,0,287.7,0.0,1,1.58,1.51,SPY190531P00282000,282.0,0,0.0,0.0,,0.0,normalDay
2019-05-17,1118.0,-44.0,0.0,0,285.84,0.0,1,1.58,2.02,SPY190531P00282000,282.0,0,0.0,0.0,,0.0,normalDay
2019-05-20,1118.0,-67.0,0.0,0,283.95,0.0,1,1.58,2.25,SPY190531P00282000,282.0,0,0.0,0.0,,0.0,normalDay
2019-05-21,1118.0,43.0,0.0,0,286.51,0.0,1,1.58,1.15,SPY190531P00282000,282.0,0,0.0,0.0,,0.0,normalDay
2019-05-22,1118.0,41.0,0.0,0,285.63,0.0,1,1.58,1.17,SPY190531P00282000,282.0,0,0.0,0.0,,0.0,normalDay
2019-05-23,1118.0,-109.0,0.0,0,282.14,0.0,1,1.58,2.67,SPY190531P00282000,282.0,0,0.0,0.0,,0.0,normalDay
2019-05-24,1118.0,-31.0,0.0,0,282.78,0.0,1,1.58,1.89,SPY190531P00282000,282.0,0,0.0,0.0,,0.0,normalDay
2019-05-28,1118.0,-119.0,0.0,0,280.15,0.0,1,1.58,2.77,SPY190531P00282000,282.0,0,0.0,0.0,,0.0,normalDay
2019-05-29,1118.0,-249.0,0.0,0,278.27,0.0,1,1.58,4.07,SPY190531P00282000,282.0,0,0.0,0.0,,0.0,normalDay
2019-05-30,1118.0,-151.0,0.0,0,279.03,0.0,1,1.58,3.09,SPY190531P00282000,282.0,0,0.0,0.0,,0.0,normalDay
2019-05-31,1276.0,-673.0,158.0,100,275.27,282.0,1,1.58,0.0,SPY190531P00282000,282.0,0,0.0,0.0,,0.0,expirationDay
2019-06-03,1276.0,-746.0,0.0,100,274.57,282.0,0,0.0,0.0,,0.0,1,0.39,0.42,SPY190705C00290000,290.0,normalDay
2019-06-04,1276.0,-205.0,0.0,100,280.53,282.0,0,0.0,0.0,,0.0,1,0.39,0.97,SPY190705C00290000,290.0,normalDay
2019-06-05,1276.0,-1.0,0.0,100,282.96,282.0,0,0.0,0.0,,0.0,1,0.39,1.36,SPY190705C00290000,290.0,normalDay
2019-06-06,1276.0,141.0,0.0,100,284.8,282.0,0,0.0,0.0,,0.0,1,0.39,1.78,SPY190705C00290000,290.0,normalDay
2019-06-07,1276.0,317.0,0.0,100,287.65,282.0,0,0.0,0.0,,0.0,1,0.39,2.87,SPY190705C00290000,290.0,normalDay
2019-06-10,1276.0,404.0,0.0,100,288.97,282.0,0,0.0,0.0,,0.0,1,0.39,3.32,SPY190705C00290000,290.0,normalDay
2019-06-11,1276.0,409.0,0.0,100,288.9,282.0,0,0.0,0.0,,0.0,1,0.39,3.2,SPY190705C00290000,290.0,normalDay
2019-06-12,1276.0,398.0,0.0,100,288.39,282.0,0,0.0,0.0,,0.0,1,0.39,2.8,SPY190705C00290000,290.0,normalDay
2019-06-13,1276.0,459.0,0.0,100,289.58,282.0,0,0.0,0.0,,0.0,1,0.39,3.38,SPY190705C00290000,290.0,normalDay
2019-06-14,1276.0,462.0,0.0,100,289.26,282.0,0,0.0,0.0,,0.0,1,0.39,3.03,SPY190705C00290000,290.0,normalDay
2019-06-17,1276.0,493.0,0.0,100,289.37,282.0,0,0.0,0.0,,0.0,1,0.39,2.83,SPY190705C00290000,290.0,normalDay
2019-06-18,1276.0,641.0,0.0,100,292.4,282.0,0,0.0,0.0,,0.0,1,0.39,4.38,SPY190705C00290000,290.0,normalDay
2019-06-19,1276.0,686.0,0.0,100,293.06,282.0,0,0.0,0.0,,0.0,1,0.39,4.59,SPY190705C00290000,290.0,normalDay
2019-06-20,1276.0,771.0,0.0,100,295.86,282.0,0,0.0,0.0,,0.0,1,0.39,6.54,SPY190705C00290000,290.0,normalDay
2019-06-21,1276.0,624.0,0.0,100,294.0,282.0,0,0.0,0.0,,0.0,1,0.39,6.15,SPY190705C00290000,290.0,normalDay
2019-06-24,1276.0,635.0,0.0,100,293.64,282.0,0,0.0,0.0,,0.0,1,0.39,5.68,SPY190705C00290000,290.0,normalDay
2019-06-25,1276.0,543.0,0.0,100,290.76,282.0,0,0.0,0.0,,0.0,1,0.39,3.72,SPY190705C00290000,290.0,normalDay
2019-06-26,1276.0,565.0,0.0,100,290.47,282.0,0,0.0,0.0,,0.0,1,0.39,3.21,SPY190705C00290000,290.0,normalDay
2019-06-27,1276.0,601.0,0.0,100,291.5,282.0,0,0.0,0.0,,0.0,1,0.39,3.88,SPY190705C00290000,290.0,normalDay
2019-06-28,1276.0,628.0,0.0,100,293.0,282.0,0,0.0,0.0,,0.0,1,0.39,5.11,SPY190705C00290000,290.0,normalDay
2019-07-01,1276.0,811.0,0.0,100,295.66,282.0,0,0.0,0.0,,0.0,1,0.39,5.94,SPY190705C00290000,290.0,normalDay
2019-07-02,1276.0,806.0,0.0,100,296.43,282.0,0,0.0,0.0,,0.0,1,0.39,6.76,SPY190705C00290000,290.0,normalDay
2019-07-03,1276.0,809.0,0.0,100,298.8,282.0,0,0.0,0.0,,0.0,1,0.39,9.1,SPY190705C00290000,290.0,normalDay
2019-07-05,2115.0,809.0,839.0,0,298.46,0.0,0,0.0,0.0,,0.0,1,0.39,0.0,SPY190705C00290000,290.0,expirationDay
2019-07-08,2115.0,-5.0,0.0,0,296.82,0.0,1,2.34,2.39,SPY190823P00288000,288.0,0,0.0,0.0,,0.0,normalDay
2019-07-09,2115.0,-6.0,0.0,0,297.19,0.0,1,2.34,2.4,SPY190823P00288000,288.0,0,0.0,0.0,,0.0,normalDay
2019-07-10,2115.0,46.0,0.0,0,298.61,0.0,1,2.34,1.88,SPY190823P00288000,288.0,0,0.0,0.0,,0.0,normalDay
2019-07-11,2115.0,62.0,0.0,0,299.31,0.0,1,2.34,1.72,SPY190823P00288000,288.0,0,0.0,0.0,,0.0,normalDay
2019-07-12,2115.0,90.0,0.0,0,300.65,0.0,1,2.34,1.44,SPY190823P00288000,288.0,0,0.0,0.0,,0.0,normalDay
2019-07-15,2115.0,98.0,0.0,0,300.75,0.0,1,2.34,1.36,SPY190823P00288000,288.0,0,0.0,0.0,,0.0,normalDay
2019-07-16,2115.0,89.0,0.0,0,299.78,0.0,1,2.34,1.45,SPY190823P00288000,288.0,0,0.0,0.0,,0.0,normalDay
2019-07-17,2115.0,48.0,0.0,0,297.74,0.0,1,2.34,1.86,SPY190823P00288000,288.0,0,0.0,0.0,,0.0,normalDay
2019-07-18,2115.0,74.0,0.0,0,298.83,0.0,1,2.34,1.6,SPY190823P00288000,288.0,0,0.0,0.0,,0.0,normalDay
2019-07-19,2115.0,41.0,0.0,0,297.17,0.0,1,2.34,1.93,SPY190823P00288000,288.0,0,0.0,0.0,,0.0,normalDay
2019-07-22,2115.0,80.0,0.0,0,297.9,0.0,1,2.34,1.54,SPY190823P00288000,288.0,0,0.0,0.0,,0.0,normalDay
2019-07-23,2115.0,125.0,0.0,0,300.03,0.0,1,2.34,1.09,SPY190823P00288000,288.0,0,0.0,0.0,,0.0,normalDay
2019-07-24,2115.0,149.0,0.0,0,301.44,0.0,1,2.34,0.85,SPY190823P00288000,288.0,0,0.0,0.0,,0.0,normalDay
2019-07-25,2115.0,130.0,0.0,0,300.0,0.0,1,2.34,1.04,SPY190823P00288000,288.0,0,0.0,0.0,,0.0,normalDay
2019-07-26,2115.0,159.0,0.0,0,302.01,0.0,1,2.34,0.75,SPY190823P00288000,288.0,0,0.0,0.0,,0.0,normalDay
2019-07-29,2115.0,159.0,0.0,0,301.46,0.0,1,2.34,0.75,SPY190823P00288000,288.0,0,0.0,0.0,,0.0,normalDay
2019-07-30,2115.0,140.0,0.0,0,300.72,0.0,1,2.34,0.94,SPY190823P00288000,288.0,0,0.0,0.0,,0.0,normalDay
2019-07-31,2115.0,73.0,0.0,0,297.43,0.0,1,2.34,1.61,SPY190823P00288000,288.0,0,0.0,0.0,,0.0,normalDay
2019-08-01,2115.0,-6.0,0.0,0,294.84,0.0,1,2.34,2.4,SPY190823P00288000,288.0,0,0.0,0.0,,0.0,normalDay
2019-08-02,2115.0,-56.0,0.0,0,292.62,0.0,1,2.34,2.9,SPY190823P00288000,288.0,0,0.0,0.0,,0.0,normalDay
2019-08-05,2115.0,-571.0,0.0,0,283.82,0.0,1,2.34,8.05,SPY190823P00288000,288.0,0,0.0,0.0,,0.0,normalDay
2019-08-06,2115.0,-235.0,0.0,0,287.8,0.0,1,2.34,4.69,SPY190823P00288000,288.0,0,0.0,0.0,,0.0,normalDay
2019-08-07,2115.0,-207.0,0.0,0,287.97,0.0,1,2.34,4.41,SPY190823P00288000,288.0,0,0.0,0.0,,0.0,normalDay
2019-08-08,2115.0,44.0,0.0,0,293.62,0.0,1,2.34,1.9,SPY190823P00288000,288.0,0,0.0,0.0,,0.0,normalDay
2019-08-09,2115.0,-9.0,0.0,0,291.62,0.0,1,2.34,2.43,SPY190823P00288000,288.0,0,0.0,0.0,,0.0,normalDay
2019-08-12,2115.0,-173.0,0.0,0,288.07,0.0,1,2.34,4.07,SPY190823P00288000,288.0,0,0.0,0.0,,0.0,normalDay
2019-08-13,2115.0,57.0,0.0,0,292.55,0.0,1,2.34,1.77,SPY190823P00288000,288.0,0,0.0,0.0,,0.0,normalDay
2019-08-14,2115.0,-366.0,0.0,0,283.9,0.0,1,2.34,6.0,SPY190823P00288000,288.0,0,0.0,0.0,,0.0,normalDay
2019-08-15,2115.0,-279.0,0.0,0,284.65,0.0,1,2.34,5.13,SPY190823P00288000,288.0,0,0.0,0.0,,0.0,normalDay
2019-08-16,2115.0,-14.0,0.0,0,288.85,0.0,1,2.34,2.48,SPY190823P00288000,288.0,0,0.0,0.0,,0.0,normalDay
2019-08-19,2115.0,140.0,0.0,0,292.33,0.0,1,2.34,0.94,SPY190823P00288000,288.0,0,0.0,0.0,,0.0,normalDay
2019-08-20,2115.0,90.0,0.0,0,290.09,0.0,1,2.34,1.44,SPY190823P00288000,288.0,0,0.0,0.0,,0.0,normalDay
2019-08-21,2115.0,191.0,0.0,0,292.45,0.0,1,2.34,0.43,SPY190823P00288000,288.0,0,0.0,0.0,,0.0,normalDay
2019-08-22,2115.0,210.0,0.0,0,292.36,0.0,1,2.34,0.24,SPY190823P00288000,288.0,0,0.0,0.0,,0.0,normalDay
2019-08-23,2349.0,-315.0,234.0,100,284.85,288.0,1,2.34,0.0,SPY190823P00288000,288.0,0,0.0,0.0,,0.0,expirationDay
2019-08-26,2349.0,-7.0,0.0,100,288.0,288.0,0,0.0,0.0,,0.0,1,1.79,1.86,SPY190927C00296000,296.0,normalDay
2019-08-27,2349.0,-86.0,0.0,100,286.87,288.0,0,0.0,0.0,,0.0,1,1.79,1.52,SPY190927C00296000,296.0,normalDay
2019-08-28,2349.0,78.0,0.0,100,288.89,288.0,0,0.0,0.0,,0.0,1,1.79,1.9,SPY190927C00296000,296.0,normalDay
2019-08-29,2349.0,346.0,0.0,100,292.58,288.0,0,0.0,0.0,,0.0,1,1.79,2.91,SPY190927C00296000,296.0,normalDay
2019-08-30,2349.0,334.0,0.0,100,292.45,288.0,0,0.0,0.0,,0.0,1,1.79,2.9,SPY190927C00296000,296.0,normalDay
2019-09-03,2349.0,258.0,0.0,100,290.74,288.0,0,0.0,0.0,,0.0,1,1.79,1.95,SPY190927C00296000,296.0,normalDay
2019-09-04,2349.0,499.0,0.0,100,294.04,288.0,0,0.0,0.0,,0.0,1,1.79,2.84,SPY190927C00296000,296.0,normalDay
2019-09-05,2349.0,722.0,0.0,100,297.82,288.0,0,0.0,0.0,,0.0,1,1.79,4.39,SPY190927C00296000,296.0,normalDay
2019-09-06,2349.0,733.0,0.0,100,298.05,288.0,0,0.0,0.0,,0.0,1,1.79,4.51,SPY190927C00296000,296.0,normalDay
2019-09-09,2349.0,779.0,0.0,100,298.2,288.0,0,0.0,0.0,,0.0,1,1.79,4.2,SPY190927C00296000,296.0,normalDay
2019-09-10,2349.0,788.0,0.0,100,298.13,288.0,0,0.0,0.0,,0.0,1,1.79,4.04,SPY190927C00296000,296.0,normalDay
2019-09-11,2349.0,841.0,0.0,100,300.25,288.0,0,0.0,0.0,,0.0,1,1.79,5.63,SPY190927C00296000,296.0,normalDay
2019-09-12,2349.0,866.0,0.0,100,301.29,288.0,0,0.0,0.0,,0.0,1,1.79,6.42,SPY190927C00296000,296.0,normalDay
2019-09-13,2349.0,889.0,0.0,100,301.09,288.0,0,0.0,0.0,,0.0,1,1.79,5.99,SPY190927C00296000,296.0,normalDay
2019-09-16,2349.0,868.0,0.0,100,300.16,288.0,0,0.0,0.0,,0.0,1,1.79,5.27,SPY190927C00296000,296.0,normalDay
2019-09-17,2349.0,916.0,0.0,100,300.92,288.0,0,0.0,0.0,,0.0,1,1.79,5.55,SPY190927C00296000,296.0,normalDay
2019-09-18,2349.0,918.0,0.0,100,301.1,288.0,0,0.0,0.0,,0.0,1,1.79,5.71,SPY190927C00296000,296.0,normalDay
2019-09-19,2349.0,961.0,0.0,100,301.08,288.0,0,0.0,0.0,,0.0,1,1.79,5.26,SPY190927C00296000,296.0,normalDay
2019-09-20,2349.0,844.0,0.0,100,298.28,288.0,0,0.0,0.0,,0.0,1,1.79,3.63,SPY190927C00296000,296.0,normalDay
2019-09-23,2349.0,874.0,0.0,100,298.21,288.0,0,0.0,0.0,,0.0,1,1.79,3.26,SPY190927C00296000,296.0,normalDay
2019-09-24,2349.0,773.0,0.0,100,295.87,288.0,0,0.0,0.0,,0.0,1,1.79,1.93,SPY190927C00296000,296.0,normalDay
2019-09-25,2349.0,908.0,0.0,100,297.62,288.0,0,0.0,0.0,,0.0,1,1.79,2.33,SPY190927C00296000,296.0,normalDay
2019-09-26,2349.0,913.0,0.0,100,297.0,288.0,0,0.0,0.0,,0.0,1,1.79,1.66,SPY190927C00296000,296.0,normalDay
2019-09-27,2528.0,740.0,179.0,100,295.4,288.0,0,0.0,0.0,,0.0,1,1.79,0.0,SPY190927C00296000,296.0,expirationDay
2019-09-30,2528.0,873.0,0.0,100,296.77,288.0,0,0.0,0.0,,0.0,1,2.55,2.59,SPY191101C00302000,302.0,normalDay
2019-10-01,2528.0,628.0,0.0,100,293.24,288.0,0,0.0,0.0,,0.0,1,2.55,1.51,SPY191101C00302000,302.0,normalDay
2019-10-02,2528.0,197.0,0.0,100,288.06,288.0,0,0.0,0.0,,0.0,1,2.55,0.64,SPY191101C00302000,302.0,normalDay
2019-10-03,2528.0,411.0,0.0,100,290.42,288.0,0,0.0,0.0,,0.0,1,2.55,0.86,SPY191101C00302000,302.0,normalDay
2019-10-04,2528.0,752.0,0.0,100,294.35,288.0,0,0.0,0.0,,0.0,1,2.55,1.38,SPY191101C00302000,302.0,normalDay
2019-10-07,2528.0,665.0,0.0,100,293.08,288.0,0,0.0,0.0,,0.0,1,2.55,0.98,SPY191101C00302000,302.0,normalDay
2019-10-08,2528.0,259.0,0.0,100,288.53,288.0,0,0.0,0.0,,0.0,1,2.55,0.49,SPY191101C00302000,302.0,normalDay
2019-10-09,2528.0,516.0,0.0,100,291.27,288.0,0,0.0,0.0,,0.0,1,2.55,0.66,SPY191101C00302000,302.0,normalDay
2019-10-10,2528.0,679.0,0.0,100,293.24,288.0,0,0.0,0.0,,0.0,1,2.55,1.0,SPY191101C00302000,302.0,normalDay
2019-10-11,2528.0,934.0,0.0,100,296.28,288.0,0,0.0,0.0,,0.0,1,2.55,1.49,SPY191101C00302000,302.0,normalDay
2019-10-14,2528.0,963.0,0.0,100,295.95,288.0,0,0.0,0.0,,0.0,1,2.55,0.87,SPY191101C00302000,302.0,normalDay
2019-10-15,2528.0,1184.0,0.0,100,298.88,288.0,0,0.0,0.0,,0.0,1,2.55,1.59,SPY191101C00302000,302.0,normalDay
2019-10-16,2528.0,1160.0,0.0,100,298.4,288.0,0,0.0,0.0,,0.0,1,2.55,1.35,SPY191101C00302000,302.0,normalDay
2019-10-17,2528.0,1233.0,0.0,100,299.28,288.0,0,0.0,0.0,,0.0,1,2.55,1.5,SPY191101C00302000,302.0,normalDay
2019-10-18,2528.0,1146.0,0.0,100,297.97,288.0,0,0.0,0.0,,0.0,1,2.55,1.06,SPY191101C00302000,302.0,normalDay
2019-10-21,2528.0,1309.0,0.0,100,299.99,288.0,0,0.0,0.0,,0.0,1,2.55,1.45,SPY191101C00302000,302.0,normalDay
2019-10-22,2528.0,1257.0,0.0,100,299.01,288.0,0,0.0,0.0,,0.0,1,2.55,0.99,SPY191101C00302000,302.0,normalDay
2019-10-23,2528.0,1327.0,0.0,100,299.88,288.0,0,0.0,0.0,,0.0,1,2.55,1.16,SPY191101C00302000,302.0,normalDay
2019-10-24,2528.0,1391.0,0.0,100,300.37,288.0,0,0.0,0.0,,0.0,1,2.55,1.01,SPY191101C00302000,302.0,normalDay
2019-10-25,2528.0,1478.0,0.0,100,301.6,288.0,0,0.0,0.0,,0.0,1,2.55,1.37,SPY191101C00302000,302.0,normalDay
2019-10-28,2528.0,1557.0,0.0,100,303.3,288.0,0,0.0,0.0,,0.0,1,2.55,2.28,SPY191101C00302000,302.0,normalDay
2019-10-29,2528.0,1562.0,0.0,100,303.21,288.0,0,0.0,0.0,,0.0,1,2.55,2.14,SPY191101C00302000,302.0,normalDay
2019-10-30,2528.0,1595.0,0.0,100,304.14,288.0,0,0.0,0.0,,0.0,1,2.55,2.74,SPY191101C00302000,302.0,normalDay
2019-10-31,2528.0,1615.0,0.0,100,303.33,288.0,0,0.0,0.0,,0.0,1,2.55,1.73,SPY191101C00302000,302.0,normalDay
2019-11-01,4183.0,1615.0,1655.0,0,306.14,0.0,0,0.0,0.0,,0.0,1,2.55,0.0,SPY191101C00302000,302.0,expirationDay
2019-11-04,4183.0,-4.0,0.0,0,307.37,0.0,1,1.9,1.94,SPY191220P00293000,293.0,0,0.0,0.0,,0.0,normalDay
2019-11-05,4183.0,-12.0,0.0,0,307.03,0.0,1,1.9,2.02,SPY191220P00293000,293.0,0,0.0,0.0,,0.0,normalDay
2019-11-06,4183.0,-1.0,0.0,0,307.1,0.0,1,1.9,1.91,SPY191220P00293000,293.0,0,0.0,0.0,,0.0,normalDay
2019-11-07,4183.0,13.0,0.0,0,308.18,0.0,1,1.9,1.77,SPY191220P00293000,293.0,0,0.0,0.0,,0.0,normalDay
2019-11-08,4183.0,40.0,0.0,0,308.94,0.0,1,1.9,1.5,SPY191220P00293000,293.0,0,0.0,0.0,,0.0,normalDay
2019-11-11,4183.0,40.0,0.0,0,308.35,0.0,1,1.9,1.5,SPY191220P00293000,293.0,0,0.0,0.0,,0.0,normalDay
2019-11-12,4183.0,48.0,0.0,0,309.0,0.0,1,1.9,1.42,SPY191220P00293000,293.0,0,0.0,0.0,,0.0,normalDay
2019-11-13,4183.0,50.0,0.0,0,309.1,0.0,1,1.9,1.4,SPY191220P00293000,293.0,0,0.0,0.0,,0.0,normalDay
2019-11-14,4183.0,60.0,0.0,0,309.55,0.0,1,1.9,1.3,SPY191220P00293000,293.0,0,0.0,0.0,,0.0,normalDay
2019-11-15,4183.0,98.0,0.0,0,311.79,0.0,1,1.9,0.92,SPY191220P00293000,293.0,0,0.0,0.0,,0.0,normalDay
2019-11-18,4183.0,104.0,0.0,0,312.02,0.0,1,1.9,0.86,SPY191220P00293000,293.0,0,0.0,0.0,,0.0,normalDay
2019-11-19,4183.0,99.0,0.0,0,311.93,0.0,1,1.9,0.91,SPY191220P00293000,293.0,0,0.0,0.0,,0.0,normalDay
2019-11-20,4183.0,93.0,0.0,0,310.77,0.0,1,1.9,0.97,SPY191220P00293000,293.0,0,0.0,0.0,,0.0,normalDay
2019-11-21,4183.0,92.0,0.0,0,310.27,0.0,1,1.9,0.98,SPY191220P00293000,293.0,0,0.0,0.0,,0.0,normalDay
2019-11-22,4183.0,111.0,0.0,0,310.96,0.0,1,1.9,0.79,SPY191220P00293000,293.0,0,0.0,0.0,,0.0,normalDay
2019-11-25,4183.0,139.0,0.0,0,313.37,0.0,1,1.9,0.51,SPY191220P00293000,293.0,0,0.0,0.0,,0.0,normalDay
2019-11-26,4183.0,147.0,0.0,0,314.08,0.0,1,1.9,0.43,SPY191220P00293000,293.0,0,0.0,0.0,,0.0,normalDay
2019-11-27,4183.0,154.0,0.0,0,315.48,0.0,1,1.9,0.36,SPY191220P00293000,293.0,0,0.0,0.0,,0.0,normalDay
2019-11-29,4183.0,144.0,0.0,0,314.31,0.0,1,1.9,0.46,SPY191220P00293000,293.0,0,0.0,0.0,,0.0,normalDay
2019-12-02,4183.0,118.0,0.0,0,311.64,0.0,1,1.9,0.72,SPY191220P00293000,293.0,0,0.0,0.0,,0.0,normalDay
2019-12-03,4183.0,96.0,0.0,0,309.55,0.0,1,1.9,0.94,SPY191220P00293000,293.0,0,0.0,0.0,,0.0,normalDay
2019-12-04,4183.0,128.0,0.0,0,311.46,0.0,1,1.9,0.62,SPY191220P00293000,293.0,0,0.0,0.0,,0.0,normalDay
2019-12-05,4183.0,143.0,0.0,0,312.02,0.0,1,1.9,0.47,SPY191220P00293000,293.0,0,0.0,0.0,,0.0,normalDay
2019-12-06,4183.0,162.0,0.0,0,314.87,0.0,1,1.9,0.28,SPY191220P00293000,293.0,0,0.0,0.0,,0.0,normalDay
2019-12-09,4183.0,148.0,0.0,0,313.88,0.0,1,1.9,0.42,SPY191220P00293000,293.0,0,0.0,0.0,,0.0,normalDay
2019-12-10,4183.0,156.0,0.0,0,313.53,0.0,1,1.9,0.34,SPY191220P00293000,293.0,0,0.0,0.0,,0.0,normalDay
2019-12-11,4183.0,166.0,0.0,0,314.42,0.0,1,1.9,0.24,SPY191220P00293000,293.0,0,0.0,0.0,,0.0,normalDay
2019-12-12,4183.0,174.0,0.0,0,317.13,0.0,1,1.9,0.16,SPY191220P00293000,293.0,0,0.0,0.0,,0.0,normalDay
2019-12-13,4183.0,177.0,0.0,0,317.32,0.0,1,1.9,0.13,SPY191220P00293000,293.0,0,0.0,0.0,,0.0,normalDay
2019-12-16,4183.0,184.0,0.0,0,319.5,0.0,1,1.9,0.06,SPY191220P00293000,293.0,0,0.0,0.0,,0.0,normalDay
2019-12-17,4183.0,186.0,0.0,0,319.57,0.0,1,1.9,0.04,SPY191220P00293000,293.0,0,0.0,0.0,,0.0,normalDay
2019-12-18,4183.0,188.0,0.0,0,319.59,0.0,1,1.9,0.02,SPY191220P00293000,293.0,0,0.0,0.0,,0.0,normalDay
2019-12-19,4183.0,189.0,0.0,0,320.9,0.0,1,1.9,0.01,SPY191220P00293000,293.0,0,0.0,0.0,,0.0,normalDay
2019-12-20,4373.0,0.0,190.0,0,320.73,0.0,1,1.9,0.0,SPY191220P00293000,293.0,0,0.0,0.0,,0.0,expirationDay
2019-12-23,4373.0,-5.0,0.0,0,321.22,0.0,1,1.86,1.91,SPY200131P00311000,311.0,0,0.0,0.0,,0.0,normalDay
2019-12-24,4373.0,-1.0,0.0,0,321.23,0.0,1,1.86,1.87,SPY200131P00311000,311.0,0,0.0,0.0,,0.0,normalDay
2019-12-26,4373.0,30.0,0.0,0,322.94,0.0,1,1.86,1.56,SPY200131P00311000,311.0,0,0.0,0.0,,0.0,normalDay
2019-12-27,4373.0,12.0,0.0,0,322.86,0.0,1,1.86,1.74,SPY200131P00311000,311.0,0,0.0,0.0,,0.0,normalDay
2019-12-30,4373.0,-26.0,0.0,0,321.08,0.0,1,1.86,2.12,SPY200131P00311000,311.0,0,0.0,0.0,,0.0,normalDay
2019-12-31,4373.0,17.0,0.0,0,321.86,0.0,1,1.86,1.69,SPY200131P00311000,311.0,0,0.0,0.0,,0.0,normalDay
2020-01-02,4373.0,80.0,0.0,0,324.87,0.0,1,1.86,1.06,SPY200131P00311000,311.0,0,0.0,0.0,,0.0,normalDay
2020-01-03,4373.0,25.0,0.0,0,322.41,0.0,1,1.86,1.61,SPY200131P00311000,311.0,0,0.0,0.0,,0.0,normalDay
2020-01-06,4373.0,68.0,0.0,0,323.64,0.0,1,1.86,1.18,SPY200131P00311000,311.0,0,0.0,0.0,,0.0,normalDay
2020-01-07,4373.0,57.0,0.0,0,322.73,0.0,1,1.86,1.29,SPY200131P00311000,311.0,0,0.0,0.0,,0.0,normalDay
2020-01-08,4373.0,90.0,0.0,0,324.45,0.0,1,1.86,0.96,SPY200131P00311000,311.0,0,0.0,0.0,,0.0,normalDay
2020-01-09,4373.0,123.0,0.0,0,326.65,0.0,1,1.86,0.63,SPY200131P00311000,311.0,0,0.0,0.0,,0.0,normalDay
2020-01-10,4373.0,122.0,0.0,0,325.71,0.0,1,1.86,0.64,SPY200131P00311000,311.0,0,0.0,0.0,,0.0,normalDay
2020-01-13,4373.0,151.0,0.0,0,327.95,0.0,1,1.86,0.35,SPY200131P00311000,311.0,0,0.0,0.0,,0.0,normalDay
2020-01-14,4373.0,154.0,0.0,0,327.45,0.0,1,1.86,0.32,SPY200131P00311000,311.0,0,0.0,0.0,,0.0,normalDay
2020-01-15,4373.0,160.0,0.0,0,328.19,0.0,1,1.86,0.26,SPY200131P00311000,311.0,0,0.0,0.0,,0.0,normalDay
2020-01-16,4373.0,167.0,0.0,0,330.92,0.0,1,1.86,0.19,SPY200131P00311000,311.0,0,0.0,0.0,,0.0,normalDay
2020-01-17,4373.0,173.0,0.0,0,331.95,0.0,1,1.86,0.13,SPY200131P00311000,311.0,0,0.0,0.0,,0.0,normalDay
2020-01-21,4373.0,174.0,0.0,0,331.3,0.0,1,1.86,0.12,SPY200131P00311000,311.0,0,0.0,0.0,,0.0,normalDay
2020-01-22,4373.0,179.0,0.0,0,331.34,0.0,1,1.86,0.07,SPY200131P00311000,311.0,0,0.0,0.0,,0.0,normalDay
2020-01-23,4373.0,179.0,0.0,0,331.72,0.0,1,1.86,0.07,SPY200131P00311000,311.0,0,0.0,0.0,,0.0,normalDay
2020-01-24,4373.0,173.0,0.0,0,328.77,0.0,1,1.86,0.13,SPY200131P00311000,311.0,0,0.0,0.0,,0.0,normalDay
2020-01-27,4373.0,142.0,0.0,0,323.5,0.0,1,1.86,0.44,SPY200131P00311000,311.0,0,0.0,0.0,,0.0,normalDay
2020-01-28,4373.0,177.0,0.0,0,326.89,0.0,1,1.86,0.09,SPY200131P00311000,311.0,0,0.0,0.0,,0.0,normalDay
2020-01-29,4373.0,182.0,0.0,0,326.62,0.0,1,1.86,0.04,SPY200131P00311000,311.0,0,0.0,0.0,,0.0,normalDay
2020-01-30,4373.0,185.0,0.0,0,327.68,0.0,1,1.86,0.01,SPY200131P00311000,311.0,0,0.0,0.0,,0.0,normalDay
2020-01-31,4559.0,0.0,186.0,0,321.73,0.0,1,1.86,0.0,SPY200131P00311000,311.0,0,0.0,0.0,,0.0,expirationDay
2020-02-03,4559.0,-4.0,0.0,0,324.12,0.0,1,7.06,7.1,SPY200320P00323000,323.0,0,0.0,0.0,,0.0,normalDay
2020-02-04,4559.0,249.0,0.0,0,329.06,0.0,1,7.06,4.57,SPY200320P00323000,323.0,0,0.0,0.0,,0.0,normalDay
2020-02-05,4559.0,378.0,0.0,0,332.86,0.0,1,7.06,3.28,SPY200320P00323000,323.0,0,0.0,0.0,,0.0,normalDay
2020-02-06,4559.0,406.0,0.0,0,333.98,0.0,1,7.06,3.0,SPY200320P00323000,323.0,0,0.0,0.0,,0.0,normalDay
2020-02-07,4559.0,361.0,0.0,0,332.2,0.0,1,7.06,3.45,SPY200320P00323000,323.0,0,0.0,0.0,,0.0,normalDay
2020-02-10,4559.0,435.0,0.0,0,334.68,0.0,1,7.06,2.71,SPY200320P00323000,323.0,0,0.0,0.0,,0.0,normalDay
2020-02-11,4559.0,450.0,0.0,0,335.26,0.0,1,7.06,2.56,SPY200320P00323000,323.0,0,0.0,0.0,,0.0,normalDay
2020-02-12,4559.0,517.0,0.0,0,337.42,0.0,1,7.06,1.89,SPY200320P00323000,323.0,0,0.0,0.0,,0.0,normalDay
2020-02-13,4559.0,509.0,0.0,0,337.06,0.0,1,7.06,1.97,SPY200320P00323000,323.0,0,0.0,0.0,,0.0,normalDay
2020-02-14,4559.0,531.0,0.0,0,337.6,0.0,1,7.06,1.75,SPY200320P00323000,323.0,0,0.0,0.0,,0.0,normalDay
2020-02-18,4559.0,521.0,0.0,0,336.73,0.0,1,7.06,1.85,SPY200320P00323000,323.0,0,0.0,0.0,,0.0,normalDay
2020-02-19,4559.0,557.0,0.0,0,338.34,0.0,1,7.06,1.49,SPY200320P00323000,323.0,0,0.0,0.0,,0.0,normalDay
2020-02-20,4559.0,521.0,0.0,0,336.95,0.0,1,7.06,1.85,SPY200320P00323000,323.0,0,0.0,0.0,,0.0,normalDay
2020-02-21,4559.0,422.0,0.0,0,333.48,0.0,1,7.06,2.84,SPY200320P00323000,323.0,0,0.0,0.0,,0.0,normalDay
2020-02-24,4559.0,-123.0,0.0,0,322.42,0.0,1,7.06,8.29,SPY200320P00323000,323.0,0,0.0,0.0,,0.0,normalDay
2020-02-25,4559.0,-646.0,0.0,0,312.65,0.0,1,7.06,13.52,SPY200320P00323000,323.0,0,0.0,0.0,,0.0,normalDay
2020-02-26,4559.0,-807.0,0.0,0,311.5,0.0,1,7.06,15.13,SPY200320P00323000,323.0,0,0.0,0.0,,0.0,normalDay
2020-02-27,4559.0,-2029.0,0.0,0,297.51,0.0,1,7.06,27.35,SPY200320P00323000,323.0,0,0.0,0.0,,0.0,normalDay
2020-02-28,4559.0,-2071.0,0.0,0,296.26,0.0,1,7.06,27.77,SPY200320P00323000,323.0,0,0.0,0.0,,0.0,normalDay
2020-03-02,4559.0,-933.0,0.0,0,309.09,0.0,1,7.06,16.39,SPY200320P00323000,323.0,0,0.0,0.0,,0.0,normalDay
2020-03-03,4559.0,-1620.0,0.0,0,300.24,0.0,1,7.06,23.26,SPY200320P00323000,323.0,0,0.0,0.0,,0.0,normalDay
2020-03-04,4559.0,-707.0,0.0,0,312.86,0.0,1,7.06,14.13,SPY200320P00323000,323.0,0,0.0,0.0,,0.0,normalDay
2020-03-05,4559.0,-1602.0,0.0,0,302.46,0.0,1,7.06,23.08,SPY200320P00323000,323.0,0,0.0,0.0,,0.0,normalDay
2020-03-06,4559.0,-2099.0,0.0,0,297.46,0.0,1,7.06,28.05,SPY200320P00323000,323.0,0,0.0,0.0,,0.0,normalDay
2020-03-09,4559.0,-4404.0,0.0,0,274.23,0.0,1,7.06,51.1,SPY200320P00323000,323.0,0,0.0,0.0,,0.0,normalDay
2020-03-10,4559.0,-2960.0,0.0,0,288.42,0.0,1,7.06,36.66,SPY200320P00323000,323.0,0,0.0,0.0,,0.0,normalDay
2020-03-11,4559.0,-4357.0,0.0,0,274.36,0.0,1,7.06,50.63,SPY200320P00323000,323.0,0,0.0,0.0,,0.0,normalDay
2020-03-12,4559.0,-6942.0,0.0,0,248.11,0.0,1,7.06,76.48,SPY200320P00323000,323.0,0,0.0,0.0,,0.0,normalDay
2020-03-13,4559.0,-4764.0,0.0,0,269.32,0.0,1,7.06,54.7,SPY200320P00323000,323.0,0,0.0,0.0,,0.0,normalDay
2020-03-16,4559.0,-7556.0,0.0,0,239.85,0.0,1,7.06,82.62,SPY200320P00323000,323.0,0,0.0,0.0,,0.0,normalDay
2020-03-17,4559.0,-6611.0,0.0,0,252.8,0.0,1,7.06,73.17,SPY200320P00323000,323.0,0,0.0,0.0,,0.0,normalDay
2020-03-18,4559.0,-7721.0,0.0,0,240.0,0.0,1,7.06,84.27,SPY200320P00323000,323.0,0,0.0,0.0,,0.0,normalDay
2020-03-19,4559.0,-7723.0,0.0,0,240.51,0.0,1,7.06,84.29,SPY200320P00323000,323.0,0,0.0,0.0,,0.0,normalDay
2020-03-20,5265.0,-9420.0,706.0,100,228.8,323.0,1,7.06,0.0,SPY200320P00323000,323.0,0,0.0,0.0,,0.0,expirationDay
2020-03-23,5265.0,-10010.0,0.0,100,222.95,323.0,0,0.0,0.0,,0.0,1,0.1,0.15,SPY200424C00315000,315.0,normalDay
2020-03-24,5265.0,-8018.0,0.0,100,243.15,323.0,0,0.0,0.0,,0.0,1,0.1,0.43,SPY200424C00315000,315.0,normalDay
2020-03-25,5265.0,-7648.0,0.0,100,246.79,323.0,0,0.0,0.0,,0.0,1,0.1,0.37,SPY200424C00315000,315.0,normalDay
2020-03-26,5265.0,-6216.0,0.0,100,261.2,323.0,0,0.0,0.0,,0.0,1,0.1,0.46,SPY200424C00315000,315.0,normalDay
2020-03-27,5265.0,-6974.0,0.0,100,253.42,323.0,0,0.0,0.0,,0.0,1,0.1,0.26,SPY200424C00315000,315.0,normalDay
2020-03-30,5265.0,-6150.0,0.0,100,261.65,323.0,0,0.0,0.0,,0.0,1,0.1,0.25,SPY200424C00315000,315.0,normalDay
2020-03-31,5265.0,-6525.0,0.0,100,257.75,323.0,0,0.0,0.0,,0.0,1,0.1,0.1,SPY200424C00315000,315.0,normalDay
2020-04-01,5265.0,-7682.0,0.0,100,246.15,323.0,0,0.0,0.0,,0.0,1,0.1,0.07,SPY200424C00315000,315.0,normalDay
2020-04-02,5265.0,-7115.0,0.0,100,251.83,323.0,0,0.0,0.0,,0.0,1,0.1,0.08,SPY200424C00315000,315.0,normalDay
2020-04-03,5265.0,-7476.0,0.0,100,248.19,323.0,0,0.0,0.0,,0.0,1,0.1,0.05,SPY200424C00315000,315.0,normalDay
2020-04-06,5265.0,-5813.0,0.0,100,264.86,323.0,0,0.0,0.0,,0.0,1,0.1,0.09,SPY200424C00315000,315.0,normalDay
2020-04-07,5265.0,-5786.0,0.0,100,265.13,323.0,0,0.0,0.0,,0.0,1,0.1,0.09,SPY200424C00315000,315.0,normalDay
2020-04-08,5265.0,-4898.0,0.0,100,274.03,323.0,0,0.0,0.0,,0.0,1,0.1,0.11,SPY200424C00315000,315.0,normalDay
2020-04-09,5265.0,-4485.0,0.0,100,278.2,323.0,0,0.0,0.0,,0.0,1,0.1,0.15,SPY200424C00315000,315.0,normalDay
2020-04-13,5265.0,-4730.0,0.0,100,275.66,323.0,0,0.0,0.0,,0.0,1,0.1,0.06,SPY200424C00315000,315.0,normalDay
2020-04-14,5265.0,-3923.0,0.0,100,283.79,323.0,0,0.0,0.0,,0.0,1,0.1,0.12,SPY200424C00315000,315.0,normalDay
2020-04-15,5265.0,-4520.0,0.0,100,277.76,323.0,0,0.0,0.0,,0.0,1,0.1,0.06,SPY200424C00315000,315.0,normalDay
2020-04-16,5265.0,-4384.0,0.0,100,279.1,323.0,0,0.0,0.0,,0.0,1,0.1,0.04,SPY200424C00315000,315.0,normalDay
2020-04-17,5265.0,-3630.0,0.0,100,286.64,323.0,0,0.0,0.0,,0.0,1,0.1,0.04,SPY200424C00315000,315.0,normalDay
2020-04-20,5265.0,-4133.0,0.0,100,281.59,323.0,0,0.0,0.0,,0.0,1,0.1,0.02,SPY200424C00315000,315.0,normalDay
2020-04-21,5265.0,-4987.0,0.0,100,273.04,323.0,0,0.0,0.0,,0.0,1,0.1,0.01,SPY200424C00315000,315.0,normalDay
2020-04-22,5265.0,-4381.0,0.0,100,279.1,323.0,0,0.0,0.0,,0.0,1,0.1,0.01,SPY200424C00315000,315.0,normalDay
2020-04-23,5265.0,-4383.0,0.0,100,279.08,323.0,0,0.0,0.0,,0.0,1,0.1,0.01,SPY200424C00315000,315.0,normalDay
2020-04-24,5275.0,-4003.0,10.0,100,282.97,323.0,0,0.0,0.0,,0.0,1,0.1,0.0,SPY200424C00315000,315.0,expirationDay
2020-04-27,5275.0,-3604.0,0.0,100,287.05,323.0,0,0.0,0.0,,0.0,1,8.89,8.98,SPY200529C00288000,288.0,normalDay
2020-04-28,5275.0,-3685.0,0.0,100,285.73,323.0,0,0.0,0.0,,0.0,1,8.89,8.47,SPY200529C00288000,288.0,normalDay
2020-04-29,5275.0,-3319.0,0.0,100,293.21,323.0,0,0.0,0.0,,0.0,1,8.89,12.29,SPY200529C00288000,288.0,normalDay
2020-04-30,5275.0,-3404.0,0.0,100,290.48,323.0,0,0.0,0.0,,0.0,1,8.89,10.41,SPY200529C00288000,288.0,normalDay
2020-05-01,5275.0,-3828.0,0.0,100,282.79,323.0,0,0.0,0.0,,0.0,1,8.89,6.96,SPY200529C00288000,288.0,normalDay
2020-05-04,5275.0,-3687.0,0.0,100,283.57,323.0,0,0.0,0.0,,0.0,1,8.89,6.33,SPY200529C00288000,288.0,normalDay
2020-05-05,5275.0,-3518.0,0.0,100,286.19,323.0,0,0.0,0.0,,0.0,1,8.89,7.26,SPY200529C00288000,288.0,normalDay
2020-05-06,5275.0,-3589.0,0.0,100,284.25,323.0,0,0.0,0.0,,0.0,1,8.89,6.03,SPY200529C00288000,288.0,normalDay
2020-05-07,5275.0,-3398.0,0.0,100,287.68,323.0,0,0.0,0.0,,0.0,1,8.89,7.55,SPY200529C00288000,288.0,normalDay
2020-05-08,5275.0,-3121.0,0.0,100,292.44,323.0,0,0.0,0.0,,0.0,1,8.89,9.54,SPY200529C00288000,288.0,normalDay
2020-05-11,5275.0,-3024.0,0.0,100,292.5,323.0,0,0.0,0.0,,0.0,1,8.89,8.63,SPY200529C00288000,288.0,normalDay
2020-05-12,5275.0,-3322.0,0.0,100,286.67,323.0,0,0.0,0.0,,0.0,1,8.89,5.78,SPY200529C00288000,288.0,normalDay
2020-05-13,5275.0,-3665.0,0.0,100,281.6,323.0,0,0.0,0.0,,0.0,1,8.89,4.14,SPY200529C00288000,288.0,normalDay
2020-05-14,5275.0,-3417.0,0.0,100,284.97,323.0,0,0.0,0.0,,0.0,1,8.89,5.03,SPY200529C00288000,288.0,normalDay
2020-05-15,5275.0,-3247.0,0.0,100,286.28,323.0,0,0.0,0.0,,0.0,1,8.89,4.64,SPY200529C00288000,288.0,normalDay
2020-05-18,5275.0,-2881.0,0.0,100,295.0,323.0,0,0.0,0.0,,0.0,1,8.89,9.7,SPY200529C00288000,288.0,normalDay
2020-05-19,5275.0,-2980.0,0.0,100,291.97,323.0,0,0.0,0.0,,0.0,1,8.89,7.66,SPY200529C00288000,288.0,normalDay
2020-05-20,5275.0,-2820.0,0.0,100,296.93,323.0,0,0.0,0.0,,0.0,1,8.89,11.02,SPY200529C00288000,288.0,normalDay
2020-05-21,5275.0,-2790.0,0.0,100,294.88,323.0,0,0.0,0.0,,0.0,1,8.89,8.67,SPY200529C00288000,288.0,normalDay
2020-05-22,5275.0,-2750.0,0.0,100,295.44,323.0,0,0.0,0.0,,0.0,1,8.89,8.83,SPY200529C00288000,288.0,normalDay
2020-05-26,5275.0,-2665.0,0.0,100,299.08,323.0,0,0.0,0.0,,0.0,1,8.89,11.62,SPY200529C00288000,288.0,normalDay
2020-05-27,5275.0,-2628.0,0.0,100,303.53,323.0,0,0.0,0.0,,0.0,1,8.89,15.7,SPY200529C00288000,288.0,normalDay
2020-05-28,5275.0,-2709.0,0.0,100,302.97,323.0,0,0.0,0.0,,0.0,1,8.89,15.95,SPY200529C00288000,288.0,normalDay
2020-05-29,2664.0,-2709.0,-2611.0,0,304.32,0.0,0,0.0,0.0,,0.0,1,8.89,0.0,SPY200529C00288000,288.0,expirationDay
2020-06-01,2664.0,-5.0,0.0,0,305.55,0.0,1,4.87,4.92,SPY200717P00283000,283.0,0,0.0,0.0,,0.0,normalDay
2020-06-02,2664.0,79.0,0.0,0,308.08,0.0,1,4.87,4.08,SPY200717P00283000,283.0,0,0.0,0.0,,0.0,normalDay
2020-06-03,2664.0,173.0,0.0,0,312.18,0.0,1,4.87,3.14,SPY200717P00283000,283.0,0,0.0,0.0,,0.0,normalDay
2020-06-04,2664.0,174.0,0.0,0,311.36,0.0,1,4.87,3.13,SPY200717P00283000,283.0,0,0.0,0.0,,0.0,normalDay
2020-06-05,2664.0,279.0,0.0,0,319.34,0.0,1,4.87,2.08,SPY200717P00283000,283.0,0,0.0,0.0,,0.0,normalDay
2020-06-08,2664.0,300.0,0.0,0,323.2,0.0,1,4.87,1.87,SPY200717P00283000,283.0,0,0.0,0.0,,0.0,normalDay
2020-06-09,2664.0,267.0,0.0,0,320.79,0.0,1,4.87,2.2,SPY200717P00283000,283.0,0,0.0,0.0,,0.0,normalDay
2020-06-10,2664.0,243.0,0.0,0,319.0,0.0,1,4.87,2.44,SPY200717P00283000,283.0,0,0.0,0.0,,0.0,normalDay
2020-06-11,2664.0,-275.0,0.0,0,300.61,0.0,1,4.87,7.62,SPY200717P00283000,283.0,0,0.0,0.0,,0.0,normalDay
2020-06-12,2664.0,-101.0,0.0,0,304.21,0.0,1,4.87,5.88,SPY200717P00283000,283.0,0,0.0,0.0,,0.0,normalDay
2020-06-15,2664.0,30.0,0.0,0,307.05,0.0,1,4.87,4.57,SPY200717P00283000,283.0,0,0.0,0.0,,0.0,normalDay
2020-06-16,2664.0,126.0,0.0,0,312.96,0.0,1,4.87,3.61,SPY200717P00283000,283.0,0,0.0,0.0,,0.0,normalDay
2020-06-17,2664.0,140.0,0.0,0,311.66,0.0,1,4.87,3.47,SPY200717P00283000,283.0,0,0.0,0.0,,0.0,normalDay
2020-06-18,2664.0,170.0,0.0,0,311.78,0.0,1,4.87,3.17,SPY200717P00283000,283.0,0,0.0,0.0,,0.0,normalDay
2020-06-19,2664.0,111.0,0.0,0,308.64,0.0,1,4.87,3.76,SPY200717P00283000,283.0,0,0.0,0.0,,0.0,normalDay
2020-06-22,2664.0,242.0,0.0,0,310.62,0.0,1,4.87,2.45,SPY200717P00283000,283.0,0,0.0,0.0,,0.0,normalDay
2020-06-23,2664.0,267.0,0.0,0,312.05,0.0,1,4.87,2.2,SPY200717P00283000,283.0,0,0.0,0.0,,0.0,normalDay
2020-06-24,2664.0,160.0,0.0,0,304.09,0.0,1,4.87,3.27,SPY200717P00283000,283.0,0,0.0,0.0,,0.0,normalDay
2020-06-25,2664.0,256.0,0.0,0,307.35,0.0,1,4.87,2.31,SPY200717P00283000,283.0,0,0.0,0.0,,0.0,normalDay
2020-06-26,2664.0,135.0,0.0,0,300.05,0.0,1,4.87,3.52,SPY200717P00283000,283.0,0,0.0,0.0,,0.0,normalDay
2020-06-29,2664.0,271.0,0.0,0,304.46,0.0,1,4.87,2.16,SPY200717P00283000,283.0,0,0.0,0.0,,0.0,normalDay
2020-06-30,2664.0,341.0,0.0,0,308.36,0.0,1,4.87,1.46,SPY200717P00283000,283.0,0,0.0,0.0,,0.0,normalDay
2020-07-01,2664.0,390.0,0.0,0,310.52,0.0,1,4.87,0.97,SPY200717P00283000,283.0,0,0.0,0.0,,0.0,normalDay
2020-07-02,2664.0,419.0,0.0,0,312.23,0.0,1,4.87,0.68,SPY200717P00283000,283.0,0,0.0,0.0,,0.0,normalDay
2020-07-06,2664.0,450.0,0.0,0,317.05,0.0,1,4.87,0.37,SPY200717P00283000,283.0,0,0.0,0.0,,0.0,normalDay
2020-07-07,2664.0,443.0,0.0,0,313.78,0.0,1,4.87,0.44,SPY200717P00283000,283.0,0,0.0,0.0,,0.0,normalDay
2020-07-08,2664.0,465.0,0.0,0,316.18,0.0,1,4.87,0.22,SPY200717P00283000,283.0,0,0.0,0.0,,0.0,normalDay
2020-07-09,2664.0,464.0,0.0,0,314.38,0.0,1,4.87,0.23,SPY200717P00283000,283.0,0,0.0,0.0,,0.0,normalDay
2020-07-10,2664.0,479.0,0.0,0,317.59,0.0,1,4.87,0.08,SPY200717P00283000,283.0,0,0.0,0.0,,0.0,normalDay
2020-07-13,2664.0,474.0,0.0,0,314.84,0.0,1,4.87,0.13,SPY200717P00283000,283.0,0,0.0,0.0,,0.0,normalDay
2020-07-14,2664.0,483.0,0.0,0,318.92,0.0,1,4.87,0.04,SPY200717P00283000,283.0,0,0.0,0.0,,0.0,normalDay
2020-07-15,2664.0,485.0,0.0,0,321.85,0.0,1,4.87,0.02,SPY200717P00283000,283.0,0,0.0,0.0,,0.0,normalDay
2020-07-16,2664.0,486.0,0.0,0,320.79,0.0,1,4.87,0.01,SPY200717P00283000,283.0,0,0.0,0.0,,0.0,normalDay
2020-07-17,3151.0,0.0,487.0,0,321.72,0.0,1,4.87,0.0,SPY200717P00283000,283.0,0,0.0,0.0,,0.0,expirationDay
2020-07-20,3151.0,-5.0,0.0,0,324.32,0.0,1,3.73,3.78,SPY200828P00305000,305.0,0,0.0,0.0,,0.0,normalDay
2020-07-21,3151.0,-1.0,0.0,0,325.01,0.0,1,3.73,3.74,SPY200828P00305000,305.0,0,0.0,0.0,,0.0,normalDay
2020-07-22,3151.0,42.0,0.0,0,326.86,0.0,1,3.73,3.31,SPY200828P00305000,305.0,0,0.0,0.0,,0.0,normalDay
2020-07-23,3151.0,-58.0,0.0,0,322.96,0.0,1,3.73,4.31,SPY200828P00305000,305.0,0,0.0,0.0,,0.0,normalDay
2020-07-24,3151.0,-53.0,0.0,0,320.88,0.0,1,3.73,4.26,SPY200828P00305000,305.0,0,0.0,0.0,,0.0,normalDay
2020-07-27,3151.0,40.0,0.0,0,323.22,0.0,1,3.73,3.33,SPY200828P00305000,305.0,0,0.0,0.0,,0.0,normalDay
2020-07-28,3151.0,0.0,0.0,0,321.17,0.0,1,3.73,3.73,SPY200828P00305000,305.0,0,0.0,0.0,,0.0,normalDay
2020-07-29,3151.0,102.0,0.0,0,325.12,0.0,1,3.73,2.71,SPY200828P00305000,305.0,0,0.0,0.0,,0.0,normalDay
2020-07-30,3151.0,80.0,0.0,0,323.96,0.0,1,3.73,2.93,SPY200828P00305000,305.0,0,0.0,0.0,,0.0,normalDay
2020-07-31,3151.0,148.0,0.0,0,326.52,0.0,1,3.73,2.25,SPY200828P00305000,305.0,0,0.0,0.0,,0.0,normalDay
2020-08-03,3151.0,193.0,0.0,0,328.79,0.0,1,3.73,1.8,SPY200828P00305000,305.0,0,0.0,0.0,,0.0,normalDay
2020-08-04,3151.0,222.0,0.0,0,330.06,0.0,1,3.73,1.51,SPY200828P00305000,305.0,0,0.0,0.0,,0.0,normalDay
2020-08-05,3151.0,256.0,0.0,0,332.11,0.0,1,3.73,1.17,SPY200828P00305000,305.0,0,0.0,0.0,,0.0,normalDay
2020-08-06,3151.0,276.0,0.0,0,334.33,0.0,1,3.73,0.97,SPY200828P00305000,305.0,0,0.0,0.0,,0.0,normalDay
2020-08-07,3151.0,287.0,0.0,0,334.57,0.0,1,3.73,0.86,SPY200828P00305000,305.0,0,0.0,0.0,,0.0,normalDay
2020-08-10,3151.0,306.0,0.0,0,335.57,0.0,1,3.73,0.67,SPY200828P00305000,305.0,0,0.0,0.0,,0.0,normalDay
2020-08-11,3151.0,273.0,0.0,0,332.8,0.0,1,3.73,1.0,SPY200828P00305000,305.0,0,0.0,0.0,,0.0,normalDay
2020-08-12,3151.0,322.0,0.0,0,337.44,0.0,1,3.73,0.51,SPY200828P00305000,305.0,0,0.0,0.0,,0.0,normalDay
2020-08-13,3151.0,324.0,0.0,0,336.83,0.0,1,3.73,0.49,SPY200828P00305000,305.0,0,0.0,0.0,,0.0,normalDay
2020-08-14,3151.0,338.0,0.0,0,336.84,0.0,1,3.73,0.35,SPY200828P00305000,305.0,0,0.0,0.0,,0.0,normalDay
2020-08-17,3151.0,353.0,0.0,0,337.91,0.0,1,3.73,0.2,SPY200828P00305000,305.0,0,0.0,0.0,,0.0,normalDay
2020-08-18,3151.0,355.0,0.0,0,338.64,0.0,1,3.73,0.18,SPY200828P00305000,305.0,0,0.0,0.0,,0.0,normalDay
2020-08-19,3151.0,353.0,0.0,0,337.23,0.0,1,3.73,0.2,SPY200828P00305000,305.0,0,0.0,0.0,,0.0,normalDay
2020-08-20,3151.0,357.0,0.0,0,338.28,0.0,1,3.73,0.16,SPY200828P00305000,305.0,0,0.0,0.0,,0.0,normalDay
2020-08-21,3151.0,364.0,0.0,0,339.48,0.0,1,3.73,0.09,SPY200828P00305000,305.0,0,0.0,0.0,,0.0,normalDay
2020-08-24,3151.0,369.0,0.0,0,342.92,0.0,1,3.73,0.04,SPY200828P00305000,305.0,0,0.0,0.0,,0.0,normalDay
2020-08-25,3151.0,371.0,0.0,0,344.12,0.0,1,3.73,0.02,SPY200828P00305000,305.0,0,0.0,0.0,,0.0,normalDay
2020-08-26,3151.0,370.0,0.0,0,347.57,0.0,1,3.73,0.03,SPY200828P00305000,305.0,0,0.0,0.0,,0.0,normalDay
2020-08-27,3151.0,372.0,0.0,0,348.33,0.0,1,3.73,0.01,SPY200828P00305000,305.0,0,0.0,0.0,,0.0,normalDay
2020-08-28,3524.0,0.0,373.0,0,350.58,0.0,1,3.73,0.0,SPY200828P00305000,305.0,0,0.0,0.0,,0.0,expirationDay
2020-08-31,3524.0,-6.0,0.0,0,349.31,0.0,1,5.45,5.51,SPY201016P00331000,331.0,0,0.0,0.0,,0.0,normalDay
2020-09-01,3524.0,45.0,0.0,0,352.6,0.0,1,5.45,5.0,SPY201016P00331000,331.0,0,0.0,0.0,,0.0,normalDay
2020-09-02,3524.0,127.0,0.0,0,357.7,0.0,1,5.45,4.18,SPY201016P00331000,331.0,0,0.0,0.0,,0.0,normalDay
2020-09-03,3524.0,-231.0,0.0,0,345.39,0.0,1,5.45,7.76,SPY201016P00331000,331.0,0,0.0,0.0,,0.0,normalDay
2020-09-04,3524.0,-242.0,0.0,0,342.57,0.0,1,5.45,7.87,SPY201016P00331000,331.0,0,0.0,0.0,,0.0,normalDay
2020-09-08,3524.0,-502.0,0.0,0,333.21,0.0,1,5.45,10.47,SPY201016P00331000,331.0,0,0.0,0.0,,0.0,normalDay
2020-09-09,3524.0,-222.0,0.0,0,339.79,0.0,1,5.45,7.67,SPY201016P00331000,331.0,0,0.0,0.0,,0.0,normalDay
2020-09-10,3524.0,-412.0,0.0,0,333.89,0.0,1,5.45,9.57,SPY201016P00331000,331.0,0,0.0,0.0,,0.0,normalDay
2020-09-11,3524.0,-366.0,0.0,0,334.06,0.0,1,5.45,9.11,SPY201016P00331000,331.0,0,0.0,0.0,,0.0,normalDay
2020-09-14,3524.0,-100.0,0.0,0,338.46,0.0,1,5.45,6.45,SPY201016P00331000,331.0,0,0.0,0.0,,0.0,normalDay
2020-09-15,3524.0,-27.0,0.0,0,340.17,0.0,1,5.45,5.72,SPY201016P00331000,331.0,0,0.0,0.0,,0.0,normalDay
2020-09-16,3524.0,-71.0,0.0,0,338.82,0.0,1,5.45,6.16,SPY201016P00331000,331.0,0,0.0,0.0,,0.0,normalDay
2020-09-17,3524.0,-142.0,0.0,0,335.84,0.0,1,5.45,6.87,SPY201016P00331000,331.0,0,0.0,0.0,,0.0,normalDay
2020-09-18,3524.0,-270.0,0.0,0,330.65,0.0,1,5.45,8.15,SPY201016P00331000,331.0,0,0.0,0.0,,0.0,normalDay
2020-09-21,3524.0,-424.0,0.0,0,326.97,0.0,1,5.45,9.69,SPY201016P00331000,331.0,0,0.0,0.0,,0.0,normalDay
2020-09-22,3524.0,-262.0,0.0,0,330.3,0.0,1,5.45,8.07,SPY201016P00331000,331.0,0,0.0,0.0,,0.0,normalDay
2020-09-23,3524.0,-676.0,0.0,0,322.64,0.0,1,5.45,12.21,SPY201016P00331000,331.0,0,0.0,0.0,,0.0,normalDay
2020-09-24,3524.0,-583.0,0.0,0,323.5,0.0,1,5.45,11.28,SPY201016P00331000,331.0,0,0.0,0.0,,0.0,normalDay
2020-09-25,3524.0,-260.0,0.0,0,328.73,0.0,1,5.45,8.05,SPY201016P00331000,331.0,0,0.0,0.0,,0.0,normalDay
2020-09-28,3524.0,3.0,0.0,0,334.19,0.0,1,5.45,5.42,SPY201016P00331000,331.0,0,0.0,0.0,,0.0,normalDay
2020-09-29,3524.0,-45.0,0.0,0,332.37,0.0,1,5.45,5.9,SPY201016P00331000,331.0,0,0.0,0.0,,0.0,normalDay
2020-09-30,3524.0,-3.0,0.0,0,334.89,0.0,1,5.45,5.48,SPY201016P00331000,331.0,0,0.0,0.0,,0.0,normalDay
2020-10-01,3524.0,127.0,0.0,0,337.04,0.0,1,5.45,4.18,SPY201016P00331000,331.0,0,0.0,0.0,,0.0,normalDay
2020-10-02,3524.0,41.0,0.0,0,333.84,0.0,1,5.45,5.04,SPY201016P00331000,331.0,0,0.0,0.0,,0.0,normalDay
2020-10-05,3524.0,289.0,0.0,0,339.76,0.0,1,5.45,2.56,SPY201016P00331000,331.0,0,0.0,0.0,,0.0,normalDay
2020-10-06,3524.0,172.0,0.0,0,334.93,0.0,1,5.45,3.73,SPY201016P00331000,331.0,0,0.0,0.0,,0.0,normalDay
2020-10-07,3524.0,378.0,0.0,0,340.76,0.0,1,5.45,1.67,SPY201016P00331000,331.0,0,0.0,0.0,,0.0,normalDay
2020-10-08,3524.0,465.0,0.0,0,343.78,0.0,1,5.45,0.8,SPY201016P00331000,331.0,0,0.0,0.0,,0.0,normalDay
2020-10-09,3524.0,514.0,0.0,0,346.85,0.0,1,5.45,0.31,SPY201016P00331000,331.0,0,0.0,0.0,,0.0,normalDay
2020-10-12,3524.0,532.0,0.0,0,352.43,0.0,1,5.45,0.13,SPY201016P00331000,331.0,0,0.0,0.0,,0.0,normalDay
2020-10-13,3524.0,536.0,0.0,0,350.13,0.0,1,5.45,0.09,SPY201016P00331000,331.0,0,0.0,0.0,,0.0,normalDay
2020-10-14,3524.0,536.0,0.0,0,347.93,0.0,1,5.45,0.09,SPY201016P00331000,331.0,0,0.0,0.0,,0.0,normalDay
2020-10-15,3524.0,542.0,0.0,0,347.5,0.0,1,5.45,0.03,SPY201016P00331000,331.0,0,0.0,0.0,,0.0,normalDay
2020-10-16,4069.0,0.0,545.0,0,347.29,0.0,1,5.45,0.0,SPY201016P00331000,331.0,0,0.0,0.0,,0.0,expirationDay
2020-10-19,4069.0,-8.0,0.0,0,342.01,0.0,1,6.47,6.55,SPY201127P00327000,327.0,0,0.0,0.0,,0.0,normalDay
2020-10-20,4069.0,9.0,0.0,0,343.38,0.0,1,6.47,6.38,SPY201127P00327000,327.0,0,0.0,0.0,,0.0,normalDay
2020-10-21,4069.0,54.0,0.0,0,342.73,0.0,1,6.47,5.93,SPY201127P00327000,327.0,0,0.0,0.0,,0.0,normalDay
2020-10-22,4069.0,110.0,0.0,0,344.61,0.0,1,6.47,5.37,SPY201127P00327000,327.0,0,0.0,0.0,,0.0,normalDay
2020-10-23,4069.0,148.0,0.0,0,345.78,0.0,1,6.47,4.99,SPY201127P00327000,327.0,0,0.0,0.0,,0.0,normalDay
2020-10-26,4069.0,-81.0,0.0,0,339.39,0.0,1,6.47,7.28,SPY201127P00327000,327.0,0,0.0,0.0,,0.0,normalDay
2020-10-27,4069.0,-109.0,0.0,0,338.22,0.0,1,6.47,7.56,SPY201127P00327000,327.0,0,0.0,0.0,,0.0,normalDay
2020-10-28,4069.0,-712.0,0.0,0,326.66,0.0,1,6.47,13.59,SPY201127P00327000,327.0,0,0.0,0.0,,0.0,normalDay
2020-10-29,4069.0,-419.0,0.0,0,329.98,0.0,1,6.47,10.66,SPY201127P00327000,327.0,0,0.0,0.0,,0.0,normalDay
2020-10-30,4069.0,-554.0,0.0,0,326.54,0.0,1,6.47,12.01,SPY201127P00327000,327.0,0,0.0,0.0,,0.0,normalDay
2020-11-02,4069.0,-331.0,0.0,0,330.2,0.0,1,6.47,9.78,SPY201127P00327000,327.0,0,0.0,0.0,,0.0,normalDay
2020-11-03,4069.0,-119.0,0.0,0,336.03,0.0,1,6.47,7.66,SPY201127P00327000,327.0,0,0.0,0.0,,0.0,normalDay
2020-11-04,4069.0,244.0,0.0,0,343.54,0.0,1,6.47,4.03,SPY201127P00327000,327.0,0,0.0,0.0,,0.0,normalDay
2020-11-05,4069.0,390.0,0.0,0,350.24,0.0,1,6.47,2.57,SPY201127P00327000,327.0,0,0.0,0.0,,0.0,normalDay
2020-11-06,4069.0,460.0,0.0,0,350.16,0.0,1,6.47,1.87,SPY201127P00327000,327.0,0,0.0,0.0,,0.0,normalDay
2020-11-09,4069.0,525.0,0.0,0,354.56,0.0,1,6.47,1.22,SPY201127P00327000,327.0,0,0.0,0.0,,0.0,normalDay
2020-11-10,4069.0,541.0,0.0,0,354.04,0.0,1,6.47,1.06,SPY201127P00327000,327.0,0,0.0,0.0,,0.0,normalDay
2020-11-11,4069.0,577.0,0.0,0,356.67,0.0,1,6.47,0.7,SPY201127P00327000,327.0,0,0.0,0.0,,0.0,normalDay
2020-11-12,4069.0,549.0,0.0,0,353.21,0.0,1,6.47,0.98,SPY201127P00327000,327.0,0,0.0,0.0,,0.0,normalDay
2020-11-13,4069.0,596.0,0.0,0,358.1,0.0,1,6.47,0.51,SPY201127P00327000,327.0,0,0.0,0.0,,0.0,normalDay
2020-11-16,4069.0,625.0,0.0,0,362.57,0.0,1,6.47,0.22,SPY201127P00327000,327.0,0,0.0,0.0,,0.0,normalDay
2020-11-17,4069.0,630.0,0.0,0,360.62,0.0,1,6.47,0.17,SPY201127P00327000,327.0,0,0.0,0.0,,0.0,normalDay
2020-11-18,4069.0,628.0,0.0,0,356.28,0.0,1,6.47,0.19,SPY201127P00327000,327.0,0,0.0,0.0,,0.0,normalDay
2020-11-19,4069.0,632.0,0.0,0,357.78,0.0,1,6.47,0.15,SPY201127P00327000,327.0,0,0.0,0.0,,0.0,normalDay
2020-11-20,4069.0,638.0,0.0,0,355.33,0.0,1,6.47,0.09,SPY201127P00327000,327.0,0,0.0,0.0,,0.0,normalDay
2020-11-23,4069.0,644.0,0.0,0,357.46,0.0,1,6.47,0.03,SPY201127P00327000,327.0,0,0.0,0.0,,0.0,normalDay
2020-11-24,4069.0,645.0,0.0,0,363.22,0.0,1,6.47,0.02,SPY201127P00327000,327.0,0,0.0,0.0,,0.0,normalDay
2020-11-25,4069.0,646.0,0.0,0,362.66,0.0,1,6.47,0.01,SPY201127P00327000,327.0,0,0.0,0.0,,0.0,normalDay
2020-11-27,4716.0,0.0,647.0,0,363.67,0.0,1,6.47,0.0,SPY201127P00327000,327.0,0,0.0,0.0,,0.0,expirationDay
2020-11-30,4716.0,-5.0,0.0,0,362.06,0.0,1,4.46,4.51,SPY210115P00343000,343.0,0,0.0,0.0,,0.0,normalDay
2020-12-01,4716.0,46.0,0.0,0,366.02,0.0,1,4.46,4.0,SPY210115P00343000,343.0,0,0.0,0.0,,0.0,normalDay
2020-12-02,4716.0,67.0,0.0,0,366.79,0.0,1,4.46,3.79,SPY210115P00343000,343.0,0,0.0,0.0,,0.0,normalDay
2020-12-03,4716.0,63.0,0.0,0,366.69,0.0,1,4.46,3.83,SPY210115P00343000,343.0,0,0.0,0.0,,0.0,normalDay
2020-12-04,4716.0,133.0,0.0,0,369.85,0.0,1,4.46,3.13,SPY210115P00343000,343.0,0,0.0,0.0,,0.0,normalDay
2020-12-07,4716.0,138.0,0.0,0,369.09,0.0,1,4.46,3.08,SPY210115P00343000,343.0,0,0.0,0.0,,0.0,normalDay
2020-12-08,4716.0,190.0,0.0,0,370.17,0.0,1,4.46,2.56,SPY210115P00343000,343.0,0,0.0,0.0,,0.0,normalDay
2020-12-09,4716.0,121.0,0.0,0,366.85,0.0,1,4.46,3.25,SPY210115P00343000,343.0,0,0.0,0.0,,0.0,normalDay
2020-12-10,4716.0,130.0,0.0,0,366.73,0.0,1,4.46,3.16,SPY210115P00343000,343.0,0,0.0,0.0,,0.0,normalDay
2020-12-11,4716.0,111.0,0.0,0,366.3,0.0,1,4.46,3.35,SPY210115P00343000,343.0,0,0.0,0.0,,0.0,normalDay
2020-12-14,4716.0,90.0,0.0,0,364.66,0.0,1,4.46,3.56,SPY210115P00343000,343.0,0,0.0,0.0,,0.0,normalDay
2020-12-15,4716.0,184.0,0.0,0,369.59,0.0,1,4.46,2.62,SPY210115P00343000,343.0,0,0.0,0.0,,0.0,normalDay
2020-12-16,4716.0,218.0,0.0,0,370.17,0.0,1,4.46,2.28,SPY210115P00343000,343.0,0,0.0,0.0,,0.0,normalDay
2020-12-17,4716.0,262.0,0.0,0,372.24,0.0,1,4.46,1.84,SPY210115P00343000,343.0,0,0.0,0.0,,0.0,normalDay
2020-12-18,4716.0,267.0,0.0,0,369.18,0.0,1,4.46,1.79,SPY210115P00343000,343.0,0,0.0,0.0,,0.0,normalDay
2020-12-21,4716.0,200.0,0.0,0,367.86,0.0,1,4.46,2.46,SPY210115P00343000,343.0,0,0.0,0.0,,0.0,normalDay
2020-12-22,4716.0,221.0,0.0,0,367.24,0.0,1,4.46,2.25,SPY210115P00343000,343.0,0,0.0,0.0,,0.0,normalDay
2020-12-23,4716.0,250.0,0.0,0,367.57,0.0,1,4.46,1.96,SPY210115P00343000,343.0,0,0.0,0.0,,0.0,normalDay
2020-12-24,4716.0,299.0,0.0,0,369.0,0.0,1,4.46,1.47,SPY210115P00343000,343.0,0,0.0,0.0,,0.0,normalDay
2020-12-28,4716.0,350.0,0.0,0,372.17,0.0,1,4.46,0.96,SPY210115P00343000,343.0,0,0.0,0.0,,0.0,normalDay
2020-12-29,4716.0,340.0,0.0,0,371.46,0.0,1,4.46,1.06,SPY210115P00343000,343.0,0,0.0,0.0,,0.0,normalDay
2020-12-30,4716.0,353.0,0.0,0,371.99,0.0,1,4.46,0.93,SPY210115P00343000,343.0,0,0.0,0.0,,0.0,normalDay
2020-12-31,4716.0,373.0,0.0,0,373.88,0.0,1,4.46,0.73,SPY210115P00343000,343.0,0,0.0,0.0,,0.0,normalDay
2021-01-04,4716.0,339.0,0.0,0,368.79,0.0,1,4.46,1.07,SPY210115P00343000,343.0,0,0.0,0.0,,0.0,normalDay
2021-01-05,4716.0,375.0,0.0,0,371.33,0.0,1,4.46,0.71,SPY210115P00343000,343.0,0,0.0,0.0,,0.0,normalDay
2021-01-06,4716.0,381.0,0.0,0,373.55,0.0,1,4.46,0.65,SPY210115P00343000,343.0,0,0.0,0.0,,0.0,normalDay
2021-01-07,4716.0,421.0,0.0,0,379.1,0.0,1,4.46,0.25,SPY210115P00343000,343.0,0,0.0,0.0,,0.0,normalDay
2021-01-08,4716.0,433.0,0.0,0,381.26,0.0,1,4.46,0.13,SPY210115P00343000,343.0,0,0.0,0.0,,0.0,normalDay
2021-01-11,4716.0,435.0,0.0,0,378.69,0.0,1,4.46,0.11,SPY210115P00343000,343.0,0,0.0,0.0,,0.0,normalDay
2021-01-12,4716.0,439.0,0.0,0,378.77,0.0,1,4.46,0.07,SPY210115P00343000,343.0,0,0.0,0.0,,0.0,normalDay
2021-01-13,4716.0,442.0,0.0,0,379.79,0.0,1,4.46,0.04,SPY210115P00343000,343.0,0,0.0,0.0,,0.0,normalDay
2021-01-14,4716.0,443.0,0.0,0,378.46,0.0,1,4.46,0.03,SPY210115P00343000,343.0,0,0.0,0.0,,0.0,normalDay
2021-01-15,5162.0,0.0,446.0,0,375.7,0.0,1,4.46,0.0,SPY210115P00343000,343.0,0,0.0,0.0,,0.0,expirationDay
2021-01-19,5162.0,-6.0,0.0,0,378.65,0.0,1,5.87,5.93,SPY210226P00367500,367.5,0,0.0,0.0,,0.0,normalDay
2021-01-20,5162.0,152.0,0.0,0,383.89,0.0,1,5.87,4.35,SPY210226P00367500,367.5,0,0.0,0.0,,0.0,normalDay
2021-01-21,5162.0,175.0,0.0,0,384.24,0.0,1,5.87,4.12,SPY210226P00367500,367.5,0,0.0,0.0,,0.0,normalDay
2021-01-22,5162.0,152.0,0.0,0,382.88,0.0,1,5.87,4.35,SPY210226P00367500,367.5,0,0.0,0.0,,0.0,normalDay
2021-01-25,5162.0,177.0,0.0,0,384.39,0.0,1,5.87,4.1,SPY210226P00367500,367.5,0,0.0,0.0,,0.0,normalDay
2021-01-26,5162.0,192.0,0.0,0,383.79,0.0,1,5.87,3.95,SPY210226P00367500,367.5,0,0.0,0.0,,0.0,normalDay
2021-01-27,5162.0,-322.0,0.0,0,374.41,0.0,1,5.87,9.09,SPY210226P00367500,367.5,0,0.0,0.0,,0.0,normalDay
2021-01-28,5162.0,-91.0,0.0,0,377.63,0.0,1,5.87,6.78,SPY210226P00367500,367.5,0,0.0,0.0,,0.0,normalDay
2021-01-29,5162.0,-472.0,0.0,0,370.07,0.0,1,5.87,10.59,SPY210226P00367500,367.5,0,0.0,0.0,,0.0,normalDay
2021-02-01,5162.0,-90.0,0.0,0,376.23,0.0,1,5.87,6.77,SPY210226P00367500,367.5,0,0.0,0.0,,0.0,normalDay
2021-02-02,5162.0,197.0,0.0,0,381.55,0.0,1,5.87,3.9,SPY210226P00367500,367.5,0,0.0,0.0,,0.0,normalDay
2021-02-03,5162.0,268.0,0.0,0,381.85,0.0,1,5.87,3.19,SPY210226P00367500,367.5,0,0.0,0.0,,0.0,normalDay
2021-02-04,5162.0,367.0,0.0,0,386.19,0.0,1,5.87,2.2,SPY210226P00367500,367.5,0,0.0,0.0,,0.0,normalDay
2021-02-05,5162.0,416.0,0.0,0,387.71,0.0,1,5.87,1.71,SPY210226P00367500,367.5,0,0.0,0.0,,0.0,normalDay
2021-02-08,5162.0,460.0,0.0,0,390.51,0.0,1,5.87,1.27,SPY210226P00367500,367.5,0,0.0,0.0,,0.0,normalDay
2021-02-09,5162.0,467.0,0.0,0,390.25,0.0,1,5.87,1.2,SPY210226P00367500,367.5,0,0.0,0.0,,0.0,normalDay
2021-02-10,5162.0,463.0,0.0,0,390.08,0.0,1,5.87,1.24,SPY210226P00367500,367.5,0,0.0,0.0,,0.0,normalDay
2021-02-11,5162.0,486.0,0.0,0,390.71,0.0,1,5.87,1.01,SPY210226P00367500,367.5,0,0.0,0.0,,0.0,normalDay
2021-02-12,5162.0,529.0,0.0,0,392.64,0.0,1,5.87,0.58,SPY210226P00367500,367.5,0,0.0,0.0,,0.0,normalDay
2021-02-16,5162.0,532.0,0.0,0,392.3,0.0,1,5.87,0.55,SPY210226P00367500,367.5,0,0.0,0.0,,0.0,normalDay
2021-02-17,5162.0,547.0,0.0,0,392.39,0.0,1,5.87,0.4,SPY210226P00367500,367.5,0,0.0,0.0,,0.0,normalDay
2021-02-18,5162.0,543.0,0.0,0,390.72,0.0,1,5.87,0.44,SPY210226P00367500,367.5,0,0.0,0.0,,0.0,normalDay
2021-02-19,5162.0,564.0,0.0,0,390.03,0.0,1,5.87,0.23,SPY210226P00367500,367.5,0,0.0,0.0,,0.0,normalDay
2021-02-22,5162.0,565.0,0.0,0,387.03,0.0,1,5.87,0.22,SPY210226P00367500,367.5,0,0.0,0.0,,0.0,normalDay
2021-02-23,5162.0,574.0,0.0,0,387.5,0.0,1,5.87,0.13,SPY210226P00367500,367.5,0,0.0,0.0,,0.0,normalDay
2021-02-24,5162.0,583.0,0.0,0,391.77,0.0,1,5.87,0.04,SPY210226P00367500,367.5,0,0.0,0.0,,0.0,normalDay
2021-02-25,5162.0,573.0,0.0,0,382.33,0.0,1,5.87,0.14,SPY210226P00367500,367.5,0,0.0,0.0,,0.0,normalDay
2021-02-26,5749.0,0.0,587.0,0,380.36,0.0,1,5.87,0.0,SPY210226P00367500,367.5,0,0.0,0.0,,0.0,expirationDay
2021-03-01,5749.0,-6.0,0.0,0,389.58,0.0,1,7.74,7.8,SPY210416P00381000,381.0,0,0.0,0.0,,0.0,normalDay
2021-03-02,5749.0,-130.0,0.0,0,386.54,0.0,1,7.74,9.04,SPY210416P00381000,381.0,0,0.0,0.0,,0.0,normalDay
2021-03-03,5749.0,-362.0,0.0,0,381.42,0.0,1,7.74,11.36,SPY210416P00381000,381.0,0,0.0,0.0,,0.0,normalDay
2021-03-04,5749.0,-606.0,0.0,0,376.7,0.0,1,7.74,13.8,SPY210416P00381000,381.0,0,0.0,0.0,,0.0,normalDay
2021-03-05,5749.0,-197.0,0.0,0,383.63,0.0,1,7.74,9.71,SPY210416P00381000,381.0,0,0.0,0.0,,0.0,normalDay
2021-03-08,5749.0,-258.0,0.0,0,381.72,0.0,1,7.74,10.32,SPY210416P00381000,381.0,0,0.0,0.0,,0.0,normalDay
2021-03-09,5749.0,-19.0,0.0,0,387.17,0.0,1,7.74,7.93,SPY210416P00381000,381.0,0,0.0,0.0,,0.0,normalDay
2021-03-10,5749.0,126.0,0.0,0,389.58,0.0,1,7.74,6.48,SPY210416P00381000,381.0,0,0.0,0.0,,0.0,normalDay
2021-03-11,5749.0,241.0,0.0,0,393.53,0.0,1,7.74,5.33,SPY210416P00381000,381.0,0,0.0,0.0,,0.0,normalDay
2021-03-12,5749.0,315.0,0.0,0,394.06,0.0,1,7.74,4.59,SPY210416P00381000,381.0,0,0.0,0.0,,0.0,normalDay
2021-03-15,5749.0,415.0,0.0,0,396.41,0.0,1,7.74,3.59,SPY210416P00381000,381.0,0,0.0,0.0,,0.0,normalDay
2021-03-16,5749.0,411.0,0.0,0,395.91,0.0,1,7.74,3.63,SPY210416P00381000,381.0,0,0.0,0.0,,0.0,normalDay
2021-03-17,5749.0,466.0,0.0,0,397.26,0.0,1,7.74,3.08,SPY210416P00381000,381.0,0,0.0,0.0,,0.0,normalDay
2021-03-18,5749.0,335.0,0.0,0,391.48,0.0,1,7.74,4.39,SPY210416P00381000,381.0,0,0.0,0.0,,0.0,normalDay
2021-03-19,5749.0,319.0,0.0,0,389.48,0.0,1,7.74,4.55,SPY210416P00381000,381.0,0,0.0,0.0,,0.0,normalDay
2021-03-22,5749.0,487.0,0.0,0,392.59,0.0,1,7.74,2.87,SPY210416P00381000,381.0,0,0.0,0.0,,0.0,normalDay
2021-03-23,5749.0,393.0,0.0,0,389.5,0.0,1,7.74,3.81,SPY210416P00381000,381.0,0,0.0,0.0,,0.0,normalDay
2021-03-24,5749.0,339.0,0.0,0,387.52,0.0,1,7.74,4.35,SPY210416P00381000,381.0,0,0.0,0.0,,0.0,normalDay
2021-03-25,5749.0,441.0,0.0,0,389.7,0.0,1,7.74,3.33,SPY210416P00381000,381.0,0,0.0,0.0,,0.0,normalDay
2021-03-26,5749.0,569.0,0.0,0,395.98,0.0,1,7.74,2.05,SPY210416P00381000,381.0,0,0.0,0.0,,0.0,normalDay
2021-03-29,5749.0,555.0,0.0,0,395.78,0.0,1,7.74,2.19,SPY210416P00381000,381.0,0,0.0,0.0,,0.0,normalDay
2021-03-30,5749.0,575.0,0.0,0,394.73,0.0,1,7.74,1.99,SPY210416P00381000,381.0,0,0.0,0.0,,0.0,normalDay
2021-03-31,5749.0,623.0,0.0,0,396.33,0.0,1,7.74,1.51,SPY210416P00381000,381.0,0,0.0,0.0,,0.0,normalDay
2021-04-01,5749.0,699.0,0.0,0,400.61,0.0,1,7.74,0.75,SPY210416P00381000,381.0,0,0.0,0.0,,0.0,normalDay
2021-04-05,5749.0,735.0,0.0,0,406.36,0.0,1,7.74,0.39,SPY210416P00381000,381.0,0,0.0,0.0,,0.0,normalDay
2021-04-06,5749.0,739.0,0.0,0,406.12,0.0,1,7.74,0.35,SPY210416P00381000,381.0,0,0.0,0.0,,0.0,normalDay
2021-04-07,5749.0,752.0,0.0,0,406.59,0.0,1,7.74,0.22,SPY210416P00381000,381.0,0,0.0,0.0,,0.0,normalDay
2021-04-08,5749.0,759.0,0.0,0,408.52,0.0,1,7.74,0.15,SPY210416P00381000,381.0,0,0.0,0.0,,0.0,normalDay
2021-04-09,5749.0,767.0,0.0,0,411.49,0.0,1,7.74,0.07,SPY210416P00381000,381.0,0,0.0,0.0,,0.0,normalDay
2021-04-12,5749.0,771.0,0.0,0,411.64,0.0,1,7.74,0.03,SPY210416P00381000,381.0,0,0.0,0.0,,0.0,normalDay
2021-04-13,5749.0,771.0,0.0,0,412.86,0.0,1,7.74,0.03,SPY210416P00381000,381.0,0,0.0,0.0,,0.0,normalDay
2021-04-14,5749.0,771.0,0.0,0,411.45,0.0,1,7.74,0.03,SPY210416P00381000,381.0,0,0.0,0.0,,0.0,normalDay
2021-04-15,5749.0,773.0,0.0,0,415.87,0.0,1,7.74,0.01,SPY210416P00381000,381.0,0,0.0,0.0,,0.0,normalDay
2021-04-16,6523.0,0.0,774.0,0,417.26,0.0,1,7.74,0.0,SPY210416P00381000,381.0,0,0.0,0.0,,0.0,expirationDay
2021-04-19,6523.0,-5.0,0.0,0,415.21,0.0,1,2.56,2.61,SPY210528P00390000,390.0,0,0.0,0.0,,0.0,normalDay
2021-04-20,6523.0,-77.0,0.0,0,412.17,0.0,1,2.56,3.33,SPY210528P00390000,390.0,0,0.0,0.0,,0.0,normalDay
2021-04-21,6523.0,14.0,0.0,0,416.07,0.0,1,2.56,2.42,SPY210528P00390000,390.0,0,0.0,0.0,,0.0,normalDay
2021-04-22,6523.0,-58.0,0.0,0,412.27,0.0,1,2.56,3.14,SPY210528P00390000,390.0,0,0.0,0.0,,0.0,normalDay
2021-04-23,6523.0,40.0,0.0,0,416.74,0.0,1,2.56,2.16,SPY210528P00390000,390.0,0,0.0,0.0,,0.0,normalDay
2021-04-26,6523.0,67.0,0.0,0,417.61,0.0,1,2.56,1.89,SPY210528P00390000,390.0,0,0.0,0.0,,0.0,normalDay
2021-04-27,6523.0,73.0,0.0,0,417.52,0.0,1,2.56,1.83,SPY210528P00390000,390.0,0,0.0,0.0,,0.0,normalDay
2021-04-28,6523.0,92.0,0.0,0,417.4,0.0,1,2.56,1.64,SPY210528P00390000,390.0,0,0.0,0.0,,0.0,normalDay
2021-04-29,6523.0,107.0,0.0,0,420.06,0.0,1,2.56,1.49,SPY210528P00390000,390.0,0,0.0,0.0,,0.0,normalDay
2021-04-30,6523.0,79.0,0.0,0,417.3,0.0,1,2.56,1.77,SPY210528P00390000,390.0,0,0.0,0.0,,0.0,normalDay
2021-05-03,6523.0,109.0,0.0,0,418.2,0.0,1,2.56,1.47,SPY210528P00390000,390.0,0,0.0,0.0,,0.0,normalDay
2021-05-04,6523.0,73.0,0.0,0,415.62,0.0,1,2.56,1.83,SPY210528P00390000,390.0,0,0.0,0.0,,0.0,normalDay
2021-05-05,6523.0,84.0,0.0,0,415.75,0.0,1,2.56,1.72,SPY210528P00390000,390.0,0,0.0,0.0,,0.0,normalDay
2021-05-06,6523.0,132.0,0.0,0,419.07,0.0,1,2.56,1.24,SPY210528P00390000,390.0,0,0.0,0.0,,0.0,normalDay
2021-05-07,6523.0,171.0,0.0,0,422.12,0.0,1,2.56,0.85,SPY210528P00390000,390.0,0,0.0,0.0,,0.0,normalDay
2021-05-10,6523.0,127.0,0.0,0,417.94,0.0,1,2.56,1.29,SPY210528P00390000,390.0,0,0.0,0.0,,0.0,normalDay
2021-05-11,6523.0,82.0,0.0,0,414.21,0.0,1,2.56,1.74,SPY210528P00390000,390.0,0,0.0,0.0,,0.0,normalDay
2021-05-12,6523.0,-141.0,0.0,0,405.41,0.0,1,2.56,3.97,SPY210528P00390000,390.0,0,0.0,0.0,,0.0,normalDay
2021-05-13,6523.0,38.0,0.0,0,410.28,0.0,1,2.56,2.18,SPY210528P00390000,390.0,0,0.0,0.0,,0.0,normalDay
2021-05-14,6523.0,174.0,0.0,0,416.58,0.0,1,2.56,0.82,SPY210528P00390000,390.0,0,0.0,0.0,,0.0,normalDay
2021-05-17,6523.0,189.0,0.0,0,415.52,0.0,1,2.56,0.67,SPY210528P00390000,390.0,0,0.0,0.0,,0.0,normalDay
2021-05-18,6523.0,160.0,0.0,0,411.94,0.0,1,2.56,0.96,SPY210528P00390000,390.0,0,0.0,0.0,,0.0,normalDay
2021-05-19,6523.0,165.0,0.0,0,410.86,0.0,1,2.56,0.91,SPY210528P00390000,390.0,0,0.0,0.0,,0.0,normalDay
2021-05-20,6523.0,213.0,0.0,0,415.28,0.0,1,2.56,0.43,SPY210528P00390000,390.0,0,0.0,0.0,,0.0,normalDay
2021-05-21,6523.0,231.0,0.0,0,414.94,0.0,1,2.56,0.25,SPY210528P00390000,390.0,0,0.0,0.0,,0.0,normalDay
2021-05-24,6523.0,249.0,0.0,0,419.17,0.0,1,2.56,0.07,SPY210528P00390000,390.0,0,0.0,0.0,,0.0,normalDay
2021-05-25,6523.0,249.0,0.0,0,418.24,0.0,1,2.56,0.07,SPY210528P00390000,390.0,0,0.0,0.0,,0.0,normalDay
2021-05-26,6523.0,253.0,0.0,0,419.07,0.0,1,2.56,0.03,SPY210528P00390000,390.0,0,0.0,0.0,,0.0,normalDay
2021-05-27,6523.0,254.0,0.0,0,419.29,0.0,1,2.56,0.02,SPY210528P00390000,390.0,0,0.0,0.0,,0.0,normalDay
2021-05-28,6779.0,0.0,256.0,0,420.04,0.0,1,2.56,0.0,SPY210528P00390000,390.0,0,0.0,0.0,,0.0,expirationDay
2021-06-01,6779.0,-5.0,0.0,0,419.67,0.0,1,5.93,5.98,SPY210716P00411000,411.0,0,0.0,0.0,,0.0,normalDay
2021-06-02,6779.0,40.0,0.0,0,420.33,0.0,1,5.93,5.53,SPY210716P00411000,411.0,0,0.0,0.0,,0.0,normalDay
2021-06-03,6779.0,-19.0,0.0,0,418.77,0.0,1,5.93,6.12,SPY210716P00411000,411.0,0,0.0,0.0,,0.0,normalDay
2021-06-04,6779.0,130.0,0.0,0,422.6,0.0,1,5.93,4.63,SPY210716P00411000,411.0,0,0.0,0.0,,0.0,normalDay
2021-06-07,6779.0,170.0,0.0,0,422.19,0.0,1,5.93,4.23,SPY210716P00411000,411.0,0,0.0,0.0,,0.0,normalDay
2021-06-08,6779.0,162.0,0.0,0,422.28,0.0,1,5.93,4.31,SPY210716P00411000,411.0,0,0.0,0.0,,0.0,normalDay
2021-06-09,6779.0,130.0,0.0,0,421.65,0.0,1,5.93,4.63,SPY210716P00411000,411.0,0,0.0,0.0,,0.0,normalDay
2021-06-10,6779.0,244.0,0.0,0,423.61,0.0,1,5.93,3.49,SPY210716P00411000,411.0,0,0.0,0.0,,0.0,normalDay
2021-06-11,6779.0,276.0,0.0,0,424.31,0.0,1,5.93,3.17,SPY210716P00411000,411.0,0,0.0,0.0,,0.0,normalDay
2021-06-14,6779.0,298.0,0.0,0,425.26,0.0,1,5.93,2.95,SPY210716P00411000,411.0,0,0.0,0.0,,0.0,normalDay
2021-06-15,6779.0,276.0,0.0,0,424.48,0.0,1,5.93,3.17,SPY210716P00411000,411.0,0,0.0,0.0,,0.0,normalDay
2021-06-16,6779.0,213.0,0.0,0,422.11,0.0,1,5.93,3.8,SPY210716P00411000,411.0,0,0.0,0.0,,0.0,normalDay
2021-06-17,6779.0,240.0,0.0,0,421.97,0.0,1,5.93,3.53,SPY210716P00411000,411.0,0,0.0,0.0,,0.0,normalDay
2021-06-18,6779.0,-6.0,0.0,0,414.92,0.0,1,5.93,5.99,SPY210716P00411000,411.0,0,0.0,0.0,,0.0,normalDay
2021-06-21,6779.0,278.0,0.0,0,420.86,0.0,1,5.93,3.15,SPY210716P00411000,411.0,0,0.0,0.0,,0.0,normalDay
2021-06-22,6779.0,353.0,0.0,0,423.11,0.0,1,5.93,2.4,SPY210716P00411000,411.0,0,0.0,0.0,,0.0,normalDay
2021-06-23,6779.0,367.0,0.0,0,422.6,0.0,1,5.93,2.26,SPY210716P00411000,411.0,0,0.0,0.0,,0.0,normalDay
2021-06-24,6779.0,420.0,0.0,0,425.1,0.0,1,5.93,1.73,SPY210716P00411000,411.0,0,0.0,0.0,,0.0,normalDay
2021-06-25,6779.0,460.0,0.0,0,426.61,0.0,1,5.93,1.33,SPY210716P00411000,411.0,0,0.0,0.0,,0.0,normalDay
2021-06-28,6779.0,482.0,0.0,0,427.47,0.0,1,5.93,1.11,SPY210716P00411000,411.0,0,0.0,0.0,,0.0,normalDay
2021-06-29,6779.0,487.0,0.0,0,427.7,0.0,1,5.93,1.06,SPY210716P00411000,411.0,0,0.0,0.0,,0.0,normalDay
2021-06-30,6779.0,505.0,0.0,0,428.06,0.0,1,5.93,0.88,SPY210716P00411000,411.0,0,0.0,0.0,,0.0,normalDay
2021-07-01,6779.0,520.0,0.0,0,430.43,0.0,1,5.93,0.73,SPY210716P00411000,411.0,0,0.0,0.0,,0.0,normalDay
2021-07-02,6779.0,546.0,0.0,0,433.72,0.0,1,5.93,0.47,SPY210716P00411000,411.0,0,0.0,0.0,,0.0,normalDay
2021-07-06,6779.0,548.0,0.0,0,432.93,0.0,1,5.93,0.45,SPY210716P00411000,411.0,0,0.0,0.0,,0.0,normalDay
2021-07-07,6779.0,562.0,0.0,0,434.46,0.0,1,5.93,0.31,SPY210716P00411000,411.0,0,0.0,0.0,,0.0,normalDay
2021-07-08,6779.0,526.0,0.0,0,430.92,0.0,1,5.93,0.67,SPY210716P00411000,411.0,0,0.0,0.0,,0.0,normalDay
2021-07-09,6779.0,574.0,0.0,0,435.52,0.0,1,5.93,0.19,SPY210716P00411000,411.0,0,0.0,0.0,,0.0,normalDay
2021-07-12,6779.0,585.0,0.0,0,437.08,0.0,1,5.93,0.08,SPY210716P00411000,411.0,0,0.0,0.0,,0.0,normalDay
2021-07-13,6779.0,583.0,0.0,0,435.59,0.0,1,5.93,0.1,SPY210716P00411000,411.0,0,0.0,0.0,,0.0,normalDay
2021-07-14,6779.0,589.0,0.0,0,436.24,0.0,1,5.93,0.04,SPY210716P00411000,411.0,0,0.0,0.0,,0.0,normalDay
2021-07-15,6779.0,591.0,0.0,0,434.75,0.0,1,5.93,0.02,SPY210716P00411000,411.0,0,0.0,0.0,,0.0,normalDay
2021-07-16,7372.0,0.0,593.0,0,431.34,0.0,1,5.93,0.0,SPY210716P00411000,411.0,0,0.0,0.0,,0.0,expirationDay
2021-07-19,7372.0,-7.0,0.0,0,424.97,0.0,1,9.05,9.12,SPY210827P00423000,423.0,0,0.0,0.0,,0.0,normalDay
2021-07-20,7372.0,269.0,0.0,0,431.06,0.0,1,9.05,6.36,SPY210827P00423000,423.0,0,0.0,0.0,,0.0,normalDay
2021-07-21,7372.0,428.0,0.0,0,434.55,0.0,1,9.05,4.77,SPY210827P00423000,423.0,0,0.0,0.0,,0.0,normalDay
2021-07-22,7372.0,457.0,0.0,0,435.46,0.0,1,9.05,4.48,SPY210827P00423000,423.0,0,0.0,0.0,,0.0,normalDay
2021-07-23,7372.0,554.0,0.0,0,439.94,0.0,1,9.05,3.51,SPY210827P00423000,423.0,0,0.0,0.0,,0.0,normalDay
2021-07-26,7372.0,595.0,0.0,0,441.02,0.0,1,9.05,3.1,SPY210827P00423000,423.0,0,0.0,0.0,,0.0,normalDay
2021-07-27,7372.0,518.0,0.0,0,439.01,0.0,1,9.05,3.87,SPY210827P00423000,423.0,0,0.0,0.0,,0.0,normalDay
2021-07-28,7372.0,562.0,0.0,0,438.83,0.0,1,9.05,3.43,SPY210827P00423000,423.0,0,0.0,0.0,,0.0,normalDay
2021-07-29,7372.0,627.0,0.0,0,440.65,0.0,1,9.05,2.78,SPY210827P00423000,423.0,0,0.0,0.0,,0.0,normalDay
2021-07-30,7372.0,602.0,0.0,0,438.51,0.0,1,9.05,3.03,SPY210827P00423000,423.0,0,0.0,0.0,,0.0,normalDay
2021-08-02,7372.0,576.0,0.0,0,437.59,0.0,1,9.05,3.29,SPY210827P00423000,423.0,0,0.0,0.0,,0.0,normalDay
2021-08-03,7372.0,677.0,0.0,0,441.15,0.0,1,9.05,2.28,SPY210827P00423000,423.0,0,0.0,0.0,,0.0,normalDay
2021-08-04,7372.0,665.0,0.0,0,438.98,0.0,1,9.05,2.4,SPY210827P00423000,423.0,0,0.0,0.0,,0.0,normalDay
2021-08-05,7372.0,719.0,0.0,0,441.76,0.0,1,9.05,1.86,SPY210827P00423000,423.0,0,0.0,0.0,,0.0,normalDay
2021-08-06,7372.0,763.0,0.0,0,442.49,0.0,1,9.05,1.42,SPY210827P00423000,423.0,0,0.0,0.0,,0.0,normalDay
2021-08-09,7372.0,777.0,0.0,0,442.13,0.0,1,9.05,1.28,SPY210827P00423000,423.0,0,0.0,0.0,,0.0,normalDay
2021-08-10,7372.0,780.0,0.0,0,442.68,0.0,1,9.05,1.25,SPY210827P00423000,423.0,0,0.0,0.0,,0.0,normalDay
2021-08-11,7372.0,815.0,0.0,0,443.78,0.0,1,9.05,0.9,SPY210827P00423000,423.0,0,0.0,0.0,,0.0,normalDay
2021-08-12,7372.0,838.0,0.0,0,445.11,0.0,1,9.05,0.67,SPY210827P00423000,423.0,0,0.0,0.0,,0.0,normalDay
2021-08-13,7372.0,853.0,0.0,0,445.92,0.0,1,9.05,0.52,SPY210827P00423000,423.0,0,0.0,0.0,,0.0,normalDay
2021-08-16,7372.0,863.0,0.0,0,446.97,0.0,1,9.05,0.42,SPY210827P00423000,423.0,0,0.0,0.0,,0.0,normalDay
2021-08-17,7372.0,831.0,0.0,0,444.04,0.0,1,9.05,0.74,SPY210827P00423000,423.0,0,0.0,0.0,,0.0,normalDay
2021-08-18,7372.0,746.0,0.0,0,439.18,0.0,1,9.05,1.59,SPY210827P00423000,423.0,0,0.0,0.0,,0.0,normalDay
2021-08-19,7372.0,779.0,0.0,0,439.86,0.0,1,9.05,1.26,SPY210827P00423000,423.0,0,0.0,0.0,,0.0,normalDay
2021-08-20,7372.0,877.0,0.0,0,443.36,0.0,1,9.05,0.28,SPY210827P00423000,423.0,0,0.0,0.0,,0.0,normalDay
2021-08-23,7372.0,896.0,0.0,0,447.26,0.0,1,9.05,0.09,SPY210827P00423000,423.0,0,0.0,0.0,,0.0,normalDay
2021-08-24,7372.0,899.0,0.0,0,447.97,0.0,1,9.05,0.06,SPY210827P00423000,423.0,0,0.0,0.0,,0.0,normalDay
2021-08-25,7372.0,901.0,0.0,0,448.91,0.0,1,9.05,0.04,SPY210827P00423000,423.0,0,0.0,0.0,,0.0,normalDay
2021-08-26,7372.0,900.0,0.0,0,446.26,0.0,1,9.05,0.05,SPY210827P00423000,423.0,0,0.0,0.0,,0.0,normalDay
2021-08-27,8277.0,0.0,905.0,0,450.25,0.0,1,9.05,0.0,SPY210827P00423000,423.0,0,0.0,0.0,,0.0,expirationDay
2021-08-30,8277.0,-3.0,0.0,0,452.23,0.0,1,5.25,5.28,SPY211015P00440000,440.0,0,0.0,0.0,,0.0,normalDay
2021-08-31,8277.0,-1.0,0.0,0,451.56,0.0,1,5.25,5.26,SPY211015P00440000,440.0,0,0.0,0.0,,0.0,normalDay
2021-09-01,8277.0,26.0,0.0,0,451.8,0.0,1,5.25,4.99,SPY211015P00440000,440.0,0,0.0,0.0,,0.0,normalDay
2021-09-02,8277.0,60.0,0.0,0,453.19,0.0,1,5.25,4.65,SPY211015P00440000,440.0,0,0.0,0.0,,0.0,normalDay
2021-09-03,8277.0,63.0,0.0,0,453.08,0.0,1,5.25,4.62,SPY211015P00440000,440.0,0,0.0,0.0,,0.0,normalDay
2021-09-07,8277.0,18.0,0.0,0,451.46,0.0,1,5.25,5.07,SPY211015P00440000,440.0,0,0.0,0.0,,0.0,normalDay
2021-09-08,8277.0,16.0,0.0,0,450.91,0.0,1,5.25,5.09,SPY211015P00440000,440.0,0,0.0,0.0,,0.0,normalDay
2021-09-09,8277.0,-62.0,0.0,0,448.98,0.0,1,5.25,5.87,SPY211015P00440000,440.0,0,0.0,0.0,,0.0,normalDay
2021-09-10,8277.0,-182.0,0.0,0,445.44,0.0,1,5.25,7.07,SPY211015P00440000,440.0,0,0.0,0.0,,0.0,normalDay
2021-09-13,8277.0,-69.0,0.0,0,446.58,0.0,1,5.25,5.94,SPY211015P00440000,440.0,0,0.0,0.0,,0.0,normalDay
2021-09-14,8277.0,-150.0,0.0,0,444.17,0.0,1,5.25,6.75,SPY211015P00440000,440.0,0,0.0,0.0,,0.0,normalDay
2021-09-15,8277.0,24.0,0.0,0,447.88,0.0,1,5.25,5.01,SPY211015P00440000,440.0,0,0.0,0.0,,0.0,normalDay
2021-09-16,8277.0,-5.0,0.0,0,447.17,0.0,1,5.25,5.3,SPY211015P00440000,440.0,0,0.0,0.0,,0.0,normalDay
2021-09-17,8277.0,-194.0,0.0,0,441.4,0.0,1,5.25,7.19,SPY211015P00440000,440.0,0,0.0,0.0,,0.0,normalDay
2021-09-20,8277.0,-622.0,0.0,0,434.04,0.0,1,5.25,11.47,SPY211015P00440000,440.0,0,0.0,0.0,,0.0,normalDay
2021-09-21,8277.0,-611.0,0.0,0,433.63,0.0,1,5.25,11.36,SPY211015P00440000,440.0,0,0.0,0.0,,0.0,normalDay
2021-09-22,8277.0,-264.0,0.0,0,437.86,0.0,1,5.25,7.89,SPY211015P00440000,440.0,0,0.0,0.0,,0.0,normalDay
2021-09-23,8277.0,21.0,0.0,0,443.18,0.0,1,5.25,5.04,SPY211015P00440000,440.0,0,0.0,0.0,,0.0,normalDay
2021-09-24,8277.0,91.0,0.0,0,443.91,0.0,1,5.25,4.34,SPY211015P00440000,440.0,0,0.0,0.0,,0.0,normalDay
2021-09-27,8277.0,60.0,0.0,0,442.64,0.0,1,5.25,4.65,SPY211015P00440000,440.0,0,0.0,0.0,,0.0,normalDay
2021-09-28,8277.0,-439.0,0.0,0,433.72,0.0,1,5.25,9.64,SPY211015P00440000,440.0,0,0.0,0.0,,0.0,normalDay
2021-09-29,8277.0,-367.0,0.0,0,434.45,0.0,1,5.25,8.92,SPY211015P00440000,440.0,0,0.0,0.0,,0.0,normalDay
2021-09-30,8277.0,-685.0,0.0,0,429.14,0.0,1,5.25,12.1,SPY211015P00440000,440.0,0,0.0,0.0,,0.0,normalDay
2021-10-01,8277.0,-320.0,0.0,0,434.24,0.0,1,5.25,8.45,SPY211015P00440000,440.0,0,0.0,0.0,,0.0,normalDay
2021-10-04,8277.0,-717.0,0.0,0,428.64,0.0,1,5.25,12.42,SPY211015P00440000,440.0,0,0.0,0.0,,0.0,normalDay
2021-10-05,8277.0,-347.0,0.0,0,433.1,0.0,1,5.25,8.72,SPY211015P00440000,440.0,0,0.0,0.0,,0.0,normalDay
2021-10-06,8277.0,-228.0,0.0,0,434.9,0.0,1,5.25,7.53,SPY211015P00440000,440.0,0,0.0,0.0,,0.0,normalDay
2021-10-07,8277.0,66.0,0.0,0,438.66,0.0,1,5.25,4.59,SPY211015P00440000,440.0,0,0.0,0.0,,0.0,normalDay
2021-10-08,8277.0,42.0,0.0,0,437.86,0.0,1,5.25,4.83,SPY211015P00440000,440.0,0,0.0,0.0,,0.0,normalDay
2021-10-11,8277.0,-132.0,0.0,0,434.69,0.0,1,5.25,6.57,SPY211015P00440000,440.0,0,0.0,0.0,,0.0,normalDay
2021-10-12,8277.0,-243.0,0.0,0,433.62,0.0,1,5.25,7.68,SPY211015P00440000,440.0,0,0.0,0.0,,0.0,normalDay
2021-10-13,8277.0,1.0,0.0,0,435.18,0.0,1,5.25,5.24,SPY211015P00440000,440.0,0,0.0,0.0,,0.0,normalDay
2021-10-14,8277.0,472.0,0.0,0,442.5,0.0,1,5.25,0.53,SPY211015P00440000,440.0,0,0.0,0.0,,0.0,normalDay
2021-10-15,8802.0,0.0,525.0,0,445.87,0.0,1,5.25,0.0,SPY211015P00440000,440.0,0,0.0,0.0,,0.0,expirationDay
2021-10-18,8802.0,-4.0,0.0,0,447.19,0.0,1,3.59,3.63,SPY211126P00430000,430.0,0,0.0,0.0,,0.0,normalDay
2021-10-19,8802.0,73.0,0.0,0,450.64,0.0,1,3.59,2.86,SPY211126P00430000,430.0,0,0.0,0.0,,0.0,normalDay
2021-10-20,8802.0,96.0,0.0,0,452.41,0.0,1,3.59,2.63,SPY211126P00430000,430.0,0,0.0,0.0,,0.0,normalDay
2021-10-21,8802.0,129.0,0.0,0,453.59,0.0,1,3.59,2.3,SPY211126P00430000,430.0,0,0.0,0.0,,0.0,normalDay
2021-10-22,8802.0,114.0,0.0,0,453.12,0.0,1,3.59,2.45,SPY211126P00430000,430.0,0,0.0,0.0,,0.0,normalDay
2021-10-25,8802.0,163.0,0.0,0,455.55,0.0,1,3.59,1.96,SPY211126P00430000,430.0,0,0.0,0.0,,0.0,normalDay
2021-10-26,8802.0,163.0,0.0,0,455.96,0.0,1,3.59,1.96,SPY211126P00430000,430.0,0,0.0,0.0,,0.0,normalDay
2021-10-27,8802.0,124.0,0.0,0,453.94,0.0,1,3.59,2.35,SPY211126P00430000,430.0,0,0.0,0.0,,0.0,normalDay
2021-10-28,8802.0,182.0,0.0,0,458.32,0.0,1,3.59,1.77,SPY211126P00430000,430.0,0,0.0,0.0,,0.0,normalDay
2021-10-29,8802.0,204.0,0.0,0,459.25,0.0,1,3.59,1.55,SPY211126P00430000,430.0,0,0.0,0.0,,0.0,normalDay
2021-11-01,8802.0,233.0,0.0,0,460.04,0.0,1,3.59,1.26,SPY211126P00430000,430.0,0,0.0,0.0,,0.0,normalDay
2021-11-02,8802.0,253.0,0.0,0,461.9,0.0,1,3.59,1.06,SPY211126P00430000,430.0,0,0.0,0.0,,0.0,normalDay
2021-11-03,8802.0,287.0,0.0,0,464.72,0.0,1,3.59,0.72,SPY211126P00430000,430.0,0,0.0,0.0,,0.0,normalDay
2021-11-04,8802.0,293.0,0.0,0,466.91,0.0,1,3.59,0.66,SPY211126P00430000,430.0,0,0.0,0.0,,0.0,normalDay
2021-11-05,8802.0,294.0,0.0,0,468.53,0.0,1,3.59,0.65,SPY211126P00430000,430.0,0,0.0,0.0,,0.0,normalDay
2021-11-08,8802.0,300.0,0.0,0,468.93,0.0,1,3.59,0.59,SPY211126P00430000,430.0,0,0.0,0.0,,0.0,normalDay
2021-11-09,8802.0,298.0,0.0,0,467.38,0.0,1,3.59,0.61,SPY211126P00430000,430.0,0,0.0,0.0,,0.0,normalDay
2021-11-10,8802.0,289.0,0.0,0,463.62,0.0,1,3.59,0.7,SPY211126P00430000,430.0,0,0.0,0.0,,0.0,normalDay
2021-11-11,8802.0,312.0,0.0,0,463.77,0.0,1,3.59,0.47,SPY211126P00430000,430.0,0,0.0,0.0,,0.0,normalDay
2021-11-12,8802.0,333.0,0.0,0,467.27,0.0,1,3.59,0.26,SPY211126P00430000,430.0,0,0.0,0.0,,0.0,normalDay
2021-11-15,8802.0,343.0,0.0,0,467.43,0.0,1,3.59,0.16,SPY211126P00430000,430.0,0,0.0,0.0,,0.0,normalDay
2021-11-16,8802.0,346.0,0.0,0,469.28,0.0,1,3.59,0.13,SPY211126P00430000,430.0,0,0.0,0.0,,0.0,normalDay
2021-11-17,8802.0,349.0,0.0,0,468.14,0.0,1,3.59,0.1,SPY211126P00430000,430.0,0,0.0,0.0,,0.0,normalDay
2021-11-18,8802.0,350.0,0.0,0,469.73,0.0,1,3.59,0.09,SPY211126P00430000,430.0,0,0.0,0.0,,0.0,normalDay
2021-11-19,8802.0,352.0,0.0,0,468.89,0.0,1,3.59,0.07,SPY211126P00430000,430.0,0,0.0,0.0,,0.0,normalDay
2021-11-22,8802.0,354.0,0.0,0,467.57,0.0,1,3.59,0.05,SPY211126P00430000,430.0,0,0.0,0.0,,0.0,normalDay
2021-11-23,8802.0,356.0,0.0,0,468.19,0.0,1,3.59,0.03,SPY211126P00430000,430.0,0,0.0,0.0,,0.0,normalDay
2021-11-24,8802.0,357.0,0.0,0,469.44,0.0,1,3.59,0.02,SPY211126P00430000,430.0,0,0.0,0.0,,0.0,normalDay
2021-11-26,9161.0,0.0,359.0,0,458.97,0.0,1,3.59,0.0,SPY211126P00430000,430.0,0,0.0,0.0,,0.0,expirationDay
2021-11-29,9161.0,-7.0,0.0,0,464.6,0.0,1,11.69,11.76,SPY220121P00462000,462.0,0,0.0,0.0,,0.0,normalDay
2021-11-30,9161.0,-468.0,0.0,0,455.56,0.0,1,11.69,16.37,SPY220121P00462000,462.0,0,0.0,0.0,,0.0,normalDay
2021-12-01,9161.0,-977.0,0.0,0,450.5,0.0,1,11.69,21.46,SPY220121P00462000,462.0,0,0.0,0.0,,0.0,normalDay
2021-12-02,9161.0,-462.0,0.0,0,457.4,0.0,1,11.69,16.31,SPY220121P00462000,462.0,0,0.0,0.0,,0.0,normalDay
2021-12-03,9161.0,-717.0,0.0,0,453.42,0.0,1,11.69,18.86,SPY220121P00462000,462.0,0,0.0,0.0,,0.0,normalDay
2021-12-06,9161.0,-337.0,0.0,0,458.79,0.0,1,11.69,15.06,SPY220121P00462000,462.0,0,0.0,0.0,,0.0,normalDay
2021-12-07,9161.0,234.0,0.0,0,468.28,0.0,1,11.69,9.35,SPY220121P00462000,462.0,0,0.0,0.0,,0.0,normalDay
2021-12-08,9161.0,347.0,0.0,0,469.52,0.0,1,11.69,8.22,SPY220121P00462000,462.0,0,0.0,0.0,,0.0,normalDay
2021-12-09,9161.0,215.0,0.0,0,466.35,0.0,1,11.69,9.54,SPY220121P00462000,462.0,0,0.0,0.0,,0.0,normalDay
2021-12-10,9161.0,460.0,0.0,0,470.74,0.0,1,11.69,7.09,SPY220121P00462000,462.0,0,0.0,0.0,,0.0,normalDay
2021-12-13,9161.0,290.0,0.0,0,466.57,0.0,1,11.69,8.79,SPY220121P00462000,462.0,0,0.0,0.0,,0.0,normalDay
2021-12-14,9161.0,124.0,0.0,0,463.36,0.0,1,11.69,10.45,SPY220121P00462000,462.0,0,0.0,0.0,,0.0,normalDay
2021-12-15,9161.0,500.0,0.0,0,470.6,0.0,1,11.69,6.69,SPY220121P00462000,462.0,0,0.0,0.0,,0.0,normalDay
2021-12-16,9161.0,350.0,0.0,0,466.45,0.0,1,11.69,8.19,SPY220121P00462000,462.0,0,0.0,0.0,,0.0,normalDay
2021-12-17,9161.0,115.0,0.0,0,459.87,0.0,1,11.69,10.54,SPY220121P00462000,462.0,0,0.0,0.0,,0.0,normalDay
2021-12-20,9161.0,-139.0,0.0,0,454.98,0.0,1,11.69,13.08,SPY220121P00462000,462.0,0,0.0,0.0,,0.0,normalDay
2021-12-21,9161.0,293.0,0.0,0,463.06,0.0,1,11.69,8.76,SPY220121P00462000,462.0,0,0.0,0.0,,0.0,normalDay
2021-12-22,9161.0,565.0,0.0,0,467.69,0.0,1,11.69,6.04,SPY220121P00462000,462.0,0,0.0,0.0,,0.0,normalDay
2021-12-23,9161.0,704.0,0.0,0,470.6,0.0,1,11.69,4.65,SPY220121P00462000,462.0,0,0.0,0.0,,0.0,normalDay
2021-12-27,9161.0,893.0,0.0,0,477.26,0.0,1,11.69,2.76,SPY220121P00462000,462.0,0,0.0,0.0,,0.0,normalDay
2021-12-28,9161.0,914.0,0.0,0,476.87,0.0,1,11.69,2.55,SPY220121P00462000,462.0,0,0.0,0.0,,0.0,normalDay
2021-12-29,9161.0,952.0,0.0,0,477.48,0.0,1,11.69,2.17,SPY220121P00462000,462.0,0,0.0,0.0,,0.0,normalDay
2021-12-30,9161.0,924.0,0.0,0,476.16,0.0,1,11.69,2.45,SPY220121P00462000,462.0,0,0.0,0.0,,0.0,normalDay
2021-12-31,9161.0,930.0,0.0,0,474.96,0.0,1,11.69,2.39,SPY220121P00462000,462.0,0,0.0,0.0,,0.0,normalDay
2022-01-03,9161.0,1011.0,0.0,0,477.71,0.0,1,11.69,1.58,SPY220121P00462000,462.0,0,0.0,0.0,,0.0,normalDay
2022-01-04,9161.0,1010.0,0.0,0,477.55,0.0,1,11.69,1.59,SPY220121P00462000,462.0,0,0.0,0.0,,0.0,normalDay
2022-01-05,9161.0,763.0,0.0,0,468.38,0.0,1,11.69,4.06,SPY220121P00462000,462.0,0,0.0,0.0,,0.0,normalDay
2022-01-06,9161.0,783.0,0.0,0,467.94,0.0,1,11.69,3.86,SPY220121P00462000,462.0,0,0.0,0.0,,0.0,normalDay
2022-01-07,9161.0,809.0,0.0,0,466.09,0.0,1,11.69,3.6,SPY220121P00462000,462.0,0,0.0,0.0,,0.0,normalDay
2022-01-10,9161.0,792.0,0.0,0,465.51,0.0,1,11.69,3.77,SPY220121P00462000,462.0,0,0.0,0.0,,0.0,normalDay
2022-01-11,9161.0,940.0,0.0,0,469.75,0.0,1,11.69,2.29,SPY220121P00462000,462.0,0,0.0,0.0,,0.0,normalDay
2022-01-12,9161.0,1018.0,0.0,0,471.02,0.0,1,11.69,1.51,SPY220121P00462000,462.0,0,0.0,0.0,,0.0,normalDay
2022-01-13,9161.0,793.0,0.0,0,464.53,0.0,1,11.69,3.76,SPY220121P00462000,462.0,0,0.0,0.0,,0.0,normalDay
2022-01-14,9161.0,881.0,0.0,0,464.72,0.0,1,11.69,2.88,SPY220121P00462000,462.0,0,0.0,0.0,,0.0,normalDay
2022-01-18,9161.0,441.0,0.0,0,456.49,0.0,1,11.69,7.28,SPY220121P00462000,462.0,0,0.0,0.0,,0.0,normalDay
2022-01-19,9161.0,140.0,0.0,0,451.75,0.0,1,11.69,10.29,SPY220121P00462000,462.0,0,0.0,0.0,,0.0,normalDay
2022-01-20,9161.0,-421.0,0.0,0,446.75,0.0,1,11.69,15.9,SPY220121P00462000,462.0,0,0.0,0.0,,0.0,normalDay
2022-01-21,10330.0,-2402.0,1169.0,100,437.98,462.0,1,11.69,0.0,SPY220121P00462000,462.0,0,0.0,0.0,,0.0,expirationDay
2022-01-24,10330.0,-2219.0,0.0,100,439.84,462.0,0,0.0,0.0,,0.0,1,0.38,0.41,SPY220225C00482000,482.0,normalDay
2022-01-25,10330.0,-2741.0,0.0,100,434.47,462.0,0,0.0,0.0,,0.0,1,0.38,0.26,SPY220225C00482000,482.0,normalDay
2022-01-26,10330.0,-2857.0,0.0,100,433.38,462.0,0,0.0,0.0,,0.0,1,0.38,0.33,SPY220225C00482000,482.0,normalDay
2022-01-27,10330.0,-3061.0,0.0,100,431.24,462.0,0,0.0,0.0,,0.0,1,0.38,0.23,SPY220225C00482000,482.0,normalDay
2022-01-28,10330.0,-2008.0,0.0,100,441.95,462.0,0,0.0,0.0,,0.0,1,0.38,0.41,SPY220225C00482000,482.0,normalDay
2022-01-31,10330.0,-1216.0,0.0,100,449.91,462.0,0,0.0,0.0,,0.0,1,0.38,0.45,SPY220225C00482000,482.0,normalDay
2022-02-01,10330.0,-902.0,0.0,100,452.95,462.0,0,0.0,0.0,,0.0,1,0.38,0.35,SPY220225C00482000,482.0,normalDay
2022-02-02,10330.0,-457.0,0.0,100,457.35,462.0,0,0.0,0.0,,0.0,1,0.38,0.3,SPY220225C00482000,482.0,normalDay
2022-02-03,10330.0,-1524.0,0.0,100,446.6,462.0,0,0.0,0.0,,0.0,1,0.38,0.22,SPY220225C00482000,482.0,normalDay
2022-02-04,10330.0,-1303.0,0.0,100,448.7,462.0,0,0.0,0.0,,0.0,1,0.38,0.11,SPY220225C00482000,482.0,normalDay
2022-02-07,10330.0,-1443.0,0.0,100,447.26,462.0,0,0.0,0.0,,0.0,1,0.38,0.07,SPY220225C00482000,482.0,normalDay
2022-02-08,10330.0,-1076.0,0.0,100,450.94,462.0,0,0.0,0.0,,0.0,1,0.38,0.08,SPY220225C00482000,482.0,normalDay
2022-02-09,10330.0,-425.0,0.0,100,457.54,462.0,0,0.0,0.0,,0.0,1,0.38,0.17,SPY220225C00482000,482.0,normalDay
2022-02-10,10330.0,-1236.0,0.0,100,449.32,462.0,0,0.0,0.0,,0.0,1,0.38,0.06,SPY220225C00482000,482.0,normalDay
2022-02-11,10330.0,-2119.0,0.0,100,440.46,462.0,0,0.0,0.0,,0.0,1,0.38,0.03,SPY220225C00482000,482.0,normalDay
2022-02-14,10330.0,-2263.0,0.0,100,439.02,462.0,0,0.0,0.0,,0.0,1,0.38,0.03,SPY220225C00482000,482.0,normalDay
2022-02-15,10330.0,-1555.0,0.0,100,446.1,462.0,0,0.0,0.0,,0.0,1,0.38,0.03,SPY220225C00482000,482.0,normalDay
2022-02-16,10330.0,-1504.0,0.0,100,446.6,462.0,0,0.0,0.0,,0.0,1,0.38,0.02,SPY220225C00482000,482.0,normalDay
2022-02-17,10330.0,-2457.0,0.0,100,437.06,462.0,0,0.0,0.0,,0.0,1,0.38,0.01,SPY220225C00482000,482.0,normalDay
2022-02-18,10330.0,-2740.0,0.0,100,434.23,462.0,0,0.0,0.0,,0.0,1,0.38,0.01,SPY220225C00482000,482.0,normalDay
2022-02-22,10330.0,-3206.0,0.0,100,429.57,462.0,0,0.0,0.0,,0.0,1,0.38,0.01,SPY220225C00482000,482.0,normalDay
2022-02-23,10330.0,-3968.0,0.0,100,421.95,462.0,0,0.0,0.0,,0.0,1,0.38,0.01,SPY220225C00482000,482.0,normalDay
2022-02-24,10330.0,-3333.0,0.0,100,428.3,462.0,0,0.0,0.0,,0.0,1,0.38,0.01,SPY220225C00482000,482.0,normalDay
2022-02-25,10368.0,-2425.0,38.0,100,437.75,462.0,0,0.0,0.0,,0.0,1,0.38,0.0,SPY220225C00482000,482.0,expirationDay
2022-02-28,10368.0,-2546.0,0.0,100,436.63,462.0,0,0.0,0.0,,0.0,1,3.35,3.44,SPY220401C00456000,456.0,normalDay
2022-03-01,10368.0,-3137.0,0.0,100,429.98,462.0,0,0.0,0.0,,0.0,1,3.35,2.7,SPY220401C00456000,456.0,normalDay
2022-03-02,10368.0,-2435.0,0.0,100,437.89,462.0,0,0.0,0.0,,0.0,1,3.35,3.59,SPY220401C00456000,456.0,normalDay
2022-03-03,10368.0,-2586.0,0.0,100,435.71,462.0,0,0.0,0.0,,0.0,1,3.35,2.92,SPY220401C00456000,456.0,normalDay
2022-03-04,10368.0,-2853.0,0.0,100,432.17,462.0,0,0.0,0.0,,0.0,1,3.35,2.05,SPY220401C00456000,456.0,normalDay
2022-03-07,10368.0,-3997.0,0.0,100,419.43,462.0,0,0.0,0.0,,0.0,1,3.35,0.75,SPY220401C00456000,456.0,normalDay
2022-03-08,10368.0,-4291.0,0.0,100,416.25,462.0,0,0.0,0.0,,0.0,1,3.35,0.51,SPY220401C00456000,456.0,normalDay
2022-03-09,10368.0,-3239.0,0.0,100,427.41,462.0,0,0.0,0.0,,0.0,1,3.35,1.15,SPY220401C00456000,456.0,normalDay
2022-03-10,10368.0,-3389.0,0.0,100,425.48,462.0,0,0.0,0.0,,0.0,1,3.35,0.72,SPY220401C00456000,456.0,normalDay
2022-03-11,10368.0,-3906.0,0.0,100,420.07,462.0,0,0.0,0.0,,0.0,1,3.35,0.48,SPY220401C00456000,456.0,normalDay
2022-03-14,10368.0,-4197.0,0.0,100,417.0,462.0,0,0.0,0.0,,0.0,1,3.35,0.32,SPY220401C00456000,456.0,normalDay
2022-03-15,10368.0,-3304.0,0.0,100,426.17,462.0,0,0.0,0.0,,0.0,1,3.35,0.56,SPY220401C00456000,456.0,normalDay
2022-03-16,10368.0,-2399.0,0.0,100,435.62,462.0,0,0.0,0.0,,0.0,1,3.35,0.96,SPY220401C00456000,456.0,normalDay
2022-03-17,10368.0,-1892.0,0.0,100,441.07,462.0,0,0.0,0.0,,0.0,1,3.35,1.34,SPY220401C00456000,456.0,normalDay
2022-03-18,10368.0,-1628.0,0.0,100,444.52,462.0,0,0.0,0.0,,0.0,1,3.35,2.15,SPY220401C00456000,456.0,normalDay
2022-03-21,10368.0,-1592.0,0.0,100,444.39,462.0,0,0.0,0.0,,0.0,1,3.35,1.66,SPY220401C00456000,456.0,normalDay
2022-03-22,10368.0,-1176.0,0.0,100,449.59,462.0,0,0.0,0.0,,0.0,1,3.35,2.7,SPY220401C00456000,456.0,normalDay
2022-03-23,10368.0,-1595.0,0.0,100,443.8,462.0,0,0.0,0.0,,0.0,1,3.35,1.1,SPY220401C00456000,456.0,normalDay
2022-03-24,10368.0,-1037.0,0.0,100,450.49,462.0,0,0.0,0.0,,0.0,1,3.35,2.21,SPY220401C00456000,456.0,normalDay
2022-03-25,10368.0,-832.0,0.0,100,452.69,462.0,0,0.0,0.0,,0.0,1,3.35,2.36,SPY220401C00456000,456.0,normalDay
2022-03-28,10368.0,-585.0,0.0,100,455.91,462.0,0,0.0,0.0,,0.0,1,3.35,3.11,SPY220401C00456000,456.0,normalDay
2022-03-29,10368.0,-354.0,0.0,100,461.55,462.0,0,0.0,0.0,,0.0,1,3.35,6.44,SPY220401C00456000,456.0,normalDay
2022-03-30,10368.0,-431.0,0.0,100,458.7,462.0,0,0.0,0.0,,0.0,1,3.35,4.36,SPY220401C00456000,456.0,normalDay
2022-03-31,10368.0,-760.0,0.0,100,451.64,462.0,0,0.0,0.0,,0.0,1,3.35,0.59,SPY220401C00456000,456.0,normalDay
2022-04-01,10703.0,-908.0,335.0,100,452.92,462.0,0,0.0,0.0,,0.0,1,3.35,0.0,SPY220401C00456000,456.0,expirationDay
2022-04-04,10703.0,-525.0,0.0,100,456.8,462.0,0,0.0,0.0,,0.0,1,5.79,5.84,SPY220506C00461000,461.0,normalDay
2022-04-05,10703.0,-931.0,0.0,100,451.03,462.0,0,0.0,0.0,,0.0,1,5.79,4.13,SPY220506C00461000,461.0,normalDay
2022-04-06,10703.0,-1218.0,0.0,100,446.52,462.0,0,0.0,0.0,,0.0,1,5.79,2.49,SPY220506C00461000,461.0,normalDay
2022-04-07,10703.0,-1042.0,0.0,100,448.77,462.0,0,0.0,0.0,,0.0,1,5.79,2.98,SPY220506C00461000,461.0,normalDay
2022-04-08,10703.0,-1106.0,0.0,100,447.57,462.0,0,0.0,0.0,,0.0,1,5.79,2.42,SPY220506C00461000,461.0,normalDay
2022-04-11,10703.0,-1735.0,0.0,100,439.92,462.0,0,0.0,0.0,,0.0,1,5.79,1.06,SPY220506C00461000,461.0,normalDay
2022-04-12,10703.0,-1874.0,0.0,100,438.29,462.0,0,0.0,0.0,,0.0,1,5.79,0.82,SPY220506C00461000,461.0,normalDay
2022-04-13,10703.0,-1397.0,0.0,100,443.31,462.0,0,0.0,0.0,,0.0,1,5.79,1.07,SPY220506C00461000,461.0,normalDay
2022-04-14,10703.0,-1896.0,0.0,100,437.79,462.0,0,0.0,0.0,,0.0,1,5.79,0.54,SPY220506C00461000,461.0,normalDay
2022-04-18,10703.0,-1871.0,0.0,100,437.97,462.0,0,0.0,0.0,,0.0,1,5.79,0.47,SPY220506C00461000,461.0,normalDay
2022-04-19,10703.0,-1195.0,0.0,100,445.04,462.0,0,0.0,0.0,,0.0,1,5.79,0.78,SPY220506C00461000,461.0,normalDay
2022-04-20,10703.0,-1239.0,0.0,100,444.71,462.0,0,0.0,0.0,,0.0,1,5.79,0.89,SPY220506C00461000,461.0,normalDay
2022-04-21,10703.0,-1843.0,0.0,100,438.06,462.0,0,0.0,0.0,,0.0,1,5.79,0.28,SPY220506C00461000,461.0,normalDay
2022-04-22,10703.0,-3024.0,0.0,100,426.04,462.0,0,0.0,0.0,,0.0,1,5.79,0.07,SPY220506C00461000,461.0,normalDay
2022-04-25,10703.0,-2776.0,0.0,100,428.51,462.0,0,0.0,0.0,,0.0,1,5.79,0.06,SPY220506C00461000,461.0,normalDay
2022-04-26,10703.0,-4015.0,0.0,100,416.1,462.0,0,0.0,0.0,,0.0,1,5.79,0.04,SPY220506C00461000,461.0,normalDay
2022-04-27,10703.0,-3896.0,0.0,100,417.27,462.0,0,0.0,0.0,,0.0,1,5.79,0.02,SPY220506C00461000,461.0,normalDay
2022-04-28,10703.0,-2843.0,0.0,100,427.81,462.0,0,0.0,0.0,,0.0,1,5.79,0.03,SPY220506C00461000,461.0,normalDay
2022-04-29,10703.0,-4423.0,0.0,100,412.0,462.0,0,0.0,0.0,,0.0,1,5.79,0.02,SPY220506C00461000,461.0,normalDay
2022-05-02,10703.0,-4175.0,0.0,100,414.48,462.0,0,0.0,0.0,,0.0,1,5.79,0.02,SPY220506C00461000,461.0,normalDay
2022-05-03,10703.0,-3984.0,0.0,100,416.38,462.0,0,0.0,0.0,,0.0,1,5.79,0.01,SPY220506C00461000,461.0,normalDay
2022-05-04,10703.0,-2716.0,0.0,100,429.06,462.0,0,0.0,0.0,,0.0,1,5.79,0.01,SPY220506C00461000,461.0,normalDay
2022-05-05,10703.0,-4241.0,0.0,100,413.81,462.0,0,0.0,0.0,,0.0,1,5.79,0.01,SPY220506C00461000,461.0,normalDay
2022-05-06,11282.0,-5066.0,579.0,100,411.34,462.0,0,0.0,0.0,,0.0,1,5.79,0.0,SPY220506C00461000,461.0,expirationDay
2022-05-09,11282.0,-6387.0,0.0,100,398.17,462.0,0,0.0,0.0,,0.0,1,0.7,0.74,SPY220610C00445000,445.0,normalDay
2022-05-10,11282.0,-6273.0,0.0,100,399.09,462.0,0,0.0,0.0,,0.0,1,0.7,0.52,SPY220610C00445000,445.0,normalDay
2022-05-11,11282.0,-6892.0,0.0,100,392.75,462.0,0,0.0,0.0,,0.0,1,0.7,0.37,SPY220610C00445000,445.0,normalDay
2022-05-12,11282.0,-6926.0,0.0,100,392.34,462.0,0,0.0,0.0,,0.0,1,0.7,0.3,SPY220610C00445000,445.0,normalDay
2022-05-13,11282.0,-5987.0,0.0,100,401.72,462.0,0,0.0,0.0,,0.0,1,0.7,0.29,SPY220610C00445000,445.0,normalDay
2022-05-16,11282.0,-6135.0,0.0,100,400.09,462.0,0,0.0,0.0,,0.0,1,0.7,0.14,SPY220610C00445000,445.0,normalDay
2022-05-17,11282.0,-5325.0,0.0,100,408.32,462.0,0,0.0,0.0,,0.0,1,0.7,0.27,SPY220610C00445000,445.0,normalDay
2022-05-18,11282.0,-6953.0,0.0,100,391.86,462.0,0,0.0,0.0,,0.0,1,0.7,0.09,SPY220610C00445000,445.0,normalDay
2022-05-19,11282.0,-7192.0,0.0,100,389.46,462.0,0,0.0,0.0,,0.0,1,0.7,0.08,SPY220610C00445000,445.0,normalDay
2022-05-20,11282.0,-7173.0,0.0,100,389.63,462.0,0,0.0,0.0,,0.0,1,0.7,0.06,SPY220610C00445000,445.0,normalDay
2022-05-23,11282.0,-6446.0,0.0,100,396.92,462.0,0,0.0,0.0,,0.0,1,0.7,0.08,SPY220610C00445000,445.0,normalDay
2022-05-24,11282.0,-6748.0,0.0,100,393.89,462.0,0,0.0,0.0,,0.0,1,0.7,0.07,SPY220610C00445000,445.0,normalDay
2022-05-25,11282.0,-6399.0,0.0,100,397.37,462.0,0,0.0,0.0,,0.0,1,0.7,0.06,SPY220610C00445000,445.0,normalDay
2022-05-26,11282.0,-5608.0,0.0,100,405.31,462.0,0,0.0,0.0,,0.0,1,0.7,0.09,SPY220610C00445000,445.0,normalDay
2022-05-27,11282.0,-4625.0,0.0,100,415.26,462.0,0,0.0,0.0,,0.0,1,0.7,0.21,SPY220610C00445000,445.0,normalDay
2022-05-31,11282.0,-4845.0,0.0,100,412.93,462.0,0,0.0,0.0,,0.0,1,0.7,0.08,SPY220610C00445000,445.0,normalDay
2022-06-01,11282.0,-5175.0,0.0,100,409.59,462.0,0,0.0,0.0,,0.0,1,0.7,0.04,SPY220610C00445000,445.0,normalDay
2022-06-02,11282.0,-4396.0,0.0,100,417.39,462.0,0,0.0,0.0,,0.0,1,0.7,0.05,SPY220610C00445000,445.0,normalDay
2022-06-03,11282.0,-5079.0,0.0,100,410.54,462.0,0,0.0,0.0,,0.0,1,0.7,0.03,SPY220610C00445000,445.0,normalDay
2022-06-06,11282.0,-4953.0,0.0,100,411.79,462.0,0,0.0,0.0,,0.0,1,0.7,0.02,SPY220610C00445000,445.0,normalDay
2022-06-07,11282.0,-4557.0,0.0,100,415.74,462.0,0,0.0,0.0,,0.0,1,0.7,0.01,SPY220610C00445000,445.0,normalDay
2022-06-08,11282.0,-5009.0,0.0,100,411.22,462.0,0,0.0,0.0,,0.0,1,0.7,0.01,SPY220610C00445000,445.0,normalDay
2022-06-09,11282.0,-5987.0,0.0,100,401.44,462.0,0,0.0,0.0,,0.0,1,0.7,0.01,SPY220610C00445000,445.0,normalDay
2022-06-10,11352.0,-7220.0,70.0,100,389.8,462.0,0,0.0,0.0,,0.0,1,0.7,0.0,SPY220610C00445000,445.0,expirationDay
2022-06-13,11352.0,-8704.0,0.0,100,375.0,462.0,0,0.0,0.0,,0.0,1,0.77,0.81,SPY220715C00417000,417.0,normalDay
2022-06-14,11352.0,-8798.0,0.0,100,373.87,462.0,0,0.0,0.0,,0.0,1,0.77,0.62,SPY220715C00417000,417.0,normalDay
2022-06-15,11352.0,-8281.0,0.0,100,379.2,462.0,0,0.0,0.0,,0.0,1,0.77,0.78,SPY220715C00417000,417.0,normalDay
2022-06-16,11352.0,-9491.0,0.0,100,366.65,462.0,0,0.0,0.0,,0.0,1,0.77,0.33,SPY220715C00417000,417.0,normalDay
2022-06-17,11352.0,-9572.0,0.0,100,365.86,462.0,0,0.0,0.0,,0.0,1,0.77,0.35,SPY220715C00417000,417.0,normalDay
2022-06-21,11352.0,-8656.0,0.0,100,375.07,462.0,0,0.0,0.0,,0.0,1,0.77,0.4,SPY220715C00417000,417.0,normalDay
2022-06-22,11352.0,-8721.0,0.0,100,374.39,462.0,0,0.0,0.0,,0.0,1,0.77,0.37,SPY220715C00417000,417.0,normalDay
2022-06-23,11352.0,-8356.0,0.0,100,378.06,462.0,0,0.0,0.0,,0.0,1,0.77,0.39,SPY220715C00417000,417.0,normalDay
2022-06-24,11352.0,-7209.0,0.0,100,390.08,462.0,0,0.0,0.0,,0.0,1,0.77,0.94,SPY220715C00417000,417.0,normalDay
2022-06-27,11352.0,-7337.0,0.0,100,388.59,462.0,0,0.0,0.0,,0.0,1,0.77,0.73,SPY220715C00417000,417.0,normalDay
2022-06-28,11352.0,-8085.0,0.0,100,380.65,462.0,0,0.0,0.0,,0.0,1,0.77,0.27,SPY220715C00417000,417.0,normalDay
2022-06-29,11352.0,-8114.0,0.0,100,380.34,462.0,0,0.0,0.0,,0.0,1,0.77,0.25,SPY220715C00417000,417.0,normalDay
2022-06-30,11352.0,-8410.0,0.0,100,377.25,462.0,0,0.0,0.0,,0.0,1,0.77,0.12,SPY220715C00417000,417.0,normalDay
2022-07-01,11352.0,-8008.0,0.0,100,381.24,462.0,0,0.0,0.0,,0.0,1,0.77,0.09,SPY220715C00417000,417.0,normalDay
2022-07-05,11352.0,-7933.0,0.0,100,381.96,462.0,0,0.0,0.0,,0.0,1,0.77,0.06,SPY220715C00417000,417.0,normalDay
2022-07-06,11352.0,-7803.0,0.0,100,383.25,462.0,0,0.0,0.0,,0.0,1,0.77,0.05,SPY220715C00417000,417.0,normalDay
2022-07-07,11352.0,-7229.0,0.0,100,388.99,462.0,0,0.0,0.0,,0.0,1,0.77,0.05,SPY220715C00417000,417.0,normalDay
2022-07-08,11352.0,-7258.0,0.0,100,388.67,462.0,0,0.0,0.0,,0.0,1,0.77,0.02,SPY220715C00417000,417.0,normalDay
2022-07-11,11352.0,-7701.0,0.0,100,384.23,462.0,0,0.0,0.0,,0.0,1,0.77,0.01,SPY220715C00417000,417.0,normalDay
2022-07-12,11352.0,-8041.0,0.0,100,380.83,462.0,0,0.0,0.0,,0.0,1,0.77,0.01,SPY220715C00417000,417.0,normalDay
2022-07-13,11352.0,-8241.0,0.0,100,378.83,462.0,0,0.0,0.0,,0.0,1,0.77,0.01,SPY220715C00417000,417.0,normalDay
2022-07-14,11352.0,-8333.0,0.0,100,377.91,462.0,0,0.0,0.0,,0.0,1,0.77,0.01,SPY220715C00417000,417.0,normalDay
2022-07-15,11429.0,-7687.0,77.0,100,385.13,462.0,0,0.0,0.0,,0.0,1,0.77,0.0,SPY220715C00417000,417.0,expirationDay
2022-07-18,11429.0,-8009.0,0.0,100,381.95,462.0,0,0.0,0.0,,0.0,1,7.3,7.34,SPY220819C00389000,389.0,normalDay
2022-07-19,11429.0,-7544.0,0.0,100,392.27,462.0,0,0.0,0.0,,0.0,1,7.3,13.01,SPY220819C00389000,389.0,normalDay
2022-07-20,11429.0,-7412.0,0.0,100,394.77,462.0,0,0.0,0.0,,0.0,1,7.3,14.19,SPY220819C00389000,389.0,normalDay
2022-07-21,11429.0,-7181.0,0.0,100,398.79,462.0,0,0.0,0.0,,0.0,1,7.3,15.9,SPY220819C00389000,389.0,normalDay
2022-07-22,11429.0,-7259.0,0.0,100,395.09,462.0,0,0.0,0.0,,0.0,1,7.3,12.98,SPY220819C00389000,389.0,normalDay
2022-07-25,11429.0,-7259.0,0.0,100,395.57,462.0,0,0.0,0.0,,0.0,1,7.3,13.46,SPY220819C00389000,389.0,normalDay
2022-07-26,11429.0,-7483.0,0.0,100,390.89,462.0,0,0.0,0.0,,0.0,1,7.3,11.02,SPY220819C00389000,389.0,normalDay
2022-07-27,11429.0,-6977.0,0.0,100,401.04,462.0,0,0.0,0.0,,0.0,1,7.3,16.11,SPY220819C00389000,389.0,normalDay
2022-07-28,11429.0,-7000.0,0.0,100,406.07,462.0,0,0.0,0.0,,0.0,1,7.3,21.37,SPY220819C00389000,389.0,normalDay
2022-07-29,11429.0,-6794.0,0.0,100,411.99,462.0,0,0.0,0.0,,0.0,1,7.3,25.23,SPY220819C00389000,389.0,normalDay
2022-08-01,11429.0,-6822.0,0.0,100,410.77,462.0,0,0.0,0.0,,0.0,1,7.3,24.29,SPY220819C00389000,389.0,normalDay
2022-08-02,11429.0,-6841.0,0.0,100,408.06,462.0,0,0.0,0.0,,0.0,1,7.3,21.77,SPY220819C00389000,389.0,normalDay
2022-08-03,11429.0,-6689.0,0.0,100,414.45,462.0,0,0.0,0.0,,0.0,1,7.3,26.64,SPY220819C00389000,389.0,normalDay
2022-08-04,11429.0,-6718.0,0.0,100,414.17,462.0,0,0.0,0.0,,0.0,1,7.3,26.65,SPY220819C00389000,389.0,normalDay
2022-08-05,11429.0,-6647.0,0.0,100,413.47,462.0,0,0.0,0.0,,0.0,1,7.3,25.24,SPY220819C00389000,389.0,normalDay
2022-08-08,11429.0,-6681.0,0.0,100,412.99,462.0,0,0.0,0.0,,0.0,1,7.3,25.1,SPY220819C00389000,389.0,normalDay
2022-08-09,11429.0,-6697.0,0.0,100,411.35,462.0,0,0.0,0.0,,0.0,1,7.3,23.62,SPY220819C00389000,389.0,normalDay
2022-08-10,11429.0,-6590.0,0.0,100,419.99,462.0,0,0.0,0.0,,0.0,1,7.3,31.19,SPY220819C00389000,389.0,normalDay
2022-08-11,11429.0,-6660.0,0.0,100,419.99,462.0,0,0.0,0.0,,0.0,1,7.3,31.89,SPY220819C00389000,389.0,normalDay
2022-08-12,11429.0,-6578.0,0.0,100,427.1,462.0,0,0.0,0.0,,0.0,1,7.3,38.18,SPY220819C00389000,389.0,normalDay
2022-08-15,11429.0,-6576.0,0.0,100,428.86,462.0,0,0.0,0.0,,0.0,1,7.3,39.92,SPY220819C00389000,389.0,normalDay
2022-08-16,11429.0,-6562.0,0.0,100,429.7,462.0,0,0.0,0.0,,0.0,1,7.3,40.62,SPY220819C00389000,389.0,normalDay
2022-08-17,11429.0,-6610.0,0.0,100,426.65,462.0,0,0.0,0.0,,0.0,1,7.3,38.05,SPY220819C00389000,389.0,normalDay
2022-08-18,11429.0,-6569.0,0.0,100,427.89,462.0,0,0.0,0.0,,0.0,1,7.3,38.88,SPY220819C00389000,389.0,normalDay
2022-08-19,4859.0,-6569.0,-6570.0,0,422.14,0.0,0,0.0,0.0,,0.0,1,7.3,0.0,SPY220819C00389000,389.0,expirationDay
2022-08-22,4859.0,-5.0,0.0,0,413.35,0.0,1,8.0,8.05,SPY220930P00403000,403.0,0,0.0,0.0,,0.0,normalDay
2022-08-23,4859.0,-38.0,0.0,0,412.35,0.0,1,8.0,8.38,SPY220930P00403000,403.0,0,0.0,0.0,,0.0,normalDay
2022-08-24,4859.0,72.0,0.0,0,413.67,0.0,1,8.0,7.28,SPY220930P00403000,403.0,0,0.0,0.0,,0.0,normalDay
2022-08-25,4859.0,266.0,0.0,0,419.51,0.0,1,8.0,5.34,SPY220930P00403000,403.0,0,0.0,0.0,,0.0,normalDay
2022-08-26,4859.0,-290.0,0.0,0,405.31,0.0,1,8.0,10.9,SPY220930P00403000,403.0,0,0.0,0.0,,0.0,normalDay
2022-08-29,4859.0,-374.0,0.0,0,402.63,0.0,1,8.0,11.74,SPY220930P00403000,403.0,0,0.0,0.0,,0.0,normalDay
2022-08-30,4859.0,-575.0,0.0,0,398.21,0.0,1,8.0,13.75,SPY220930P00403000,403.0,0,0.0,0.0,,0.0,normalDay
2022-08-31,4859.0,-695.0,0.0,0,395.18,0.0,1,8.0,14.95,SPY220930P00403000,403.0,0,0.0,0.0,,0.0,normalDay
2022-09-01,4859.0,-598.0,0.0,0,396.42,0.0,1,8.0,13.98,SPY220930P00403000,403.0,0,0.0,0.0,,0.0,normalDay
2022-09-02,4859.0,-812.0,0.0,0,392.24,0.0,1,8.0,16.12,SPY220930P00403000,403.0,0,0.0,0.0,,0.0,normalDay
2022-09-06,4859.0,-967.0,0.0,0,390.76,0.0,1,8.0,17.67,SPY220930P00403000,403.0,0,0.0,0.0,,0.0,normalDay
2022-09-07,4859.0,-441.0,0.0,0,397.78,0.0,1,8.0,12.41,SPY220930P00403000,403.0,0,0.0,0.0,,0.0,normalDay
2022-09-08,4859.0,-213.0,0.0,0,400.38,0.0,1,8.0,10.13,SPY220930P00403000,403.0,0,0.0,0.0,,0.0,normalDay
2022-09-09,4859.0,79.0,0.0,0,406.6,0.0,1,8.0,7.21,SPY220930P00403000,403.0,0,0.0,0.0,,0.0,normalDay
2022-09-12,4859.0,265.0,0.0,0,410.97,0.0,1,8.0,5.35,SPY220930P00403000,403.0,0,0.0,0.0,,0.0,normalDay
2022-09-13,4859.0,-627.0,0.0,0,393.1,0.0,1,8.0,14.27,SPY220930P00403000,403.0,0,0.0,0.0,,0.0,normalDay
2022-09-14,4859.0,-530.0,0.0,0,394.6,0.0,1,8.0,13.3,SPY220930P00403000,403.0,0,0.0,0.0,,0.0,normalDay
2022-09-15,4859.0,-772.0,0.0,0,390.12,0.0,1,8.0,15.72,SPY220930P00403000,403.0,0,0.0,0.0,,0.0,normalDay
2022-09-16,4859.0,-1020.0,0.0,0,385.56,0.0,1,8.0,18.2,SPY220930P00403000,403.0,0,0.0,0.0,,0.0,normalDay
2022-09-19,4859.0,-781.0,0.0,0,388.55,0.0,1,8.0,15.81,SPY220930P00403000,403.0,0,0.0,0.0,,0.0,normalDay
2022-09-20,4859.0,-1128.0,0.0,0,384.09,0.0,1,8.0,19.28,SPY220930P00403000,403.0,0,0.0,0.0,,0.0,normalDay
2022-09-21,4859.0,-1796.0,0.0,0,377.39,0.0,1,8.0,25.96,SPY220930P00403000,403.0,0,0.0,0.0,,0.0,normalDay
2022-09-22,4859.0,-2047.0,0.0,0,374.22,0.0,1,8.0,28.47,SPY220930P00403000,403.0,0,0.0,0.0,,0.0,normalDay
2022-09-23,4859.0,-2753.0,0.0,0,367.95,0.0,1,8.0,35.53,SPY220930P00403000,403.0,0,0.0,0.0,,0.0,normalDay
2022-09-26,4859.0,-3144.0,0.0,0,364.31,0.0,1,8.0,39.44,SPY220930P00403000,403.0,0,0.0,0.0,,0.0,normalDay
2022-09-27,4859.0,-3180.0,0.0,0,363.38,0.0,1,8.0,39.8,SPY220930P00403000,403.0,0,0.0,0.0,,0.0,normalDay
2022-09-28,4859.0,-2467.0,0.0,0,370.53,0.0,1,8.0,32.67,SPY220930P00403000,403.0,0,0.0,0.0,,0.0,normalDay
2022-09-29,4859.0,-3220.0,0.0,0,362.79,0.0,1,8.0,40.2,SPY220930P00403000,403.0,0,0.0,0.0,,0.0,normalDay
2022-09-30,5659.0,-4582.0,800.0,100,357.18,403.0,1,8.0,0.0,SPY220930P00403000,403.0,0,0.0,0.0,,0.0,expirationDay
2022-10-03,5659.0,-3643.0,0.0,100,366.61,403.0,0,0.0,0.0,,0.0,1,1.02,1.06,SPY221104C00403000,403.0,normalDay
2022-10-04,5659.0,-2648.0,0.0,100,377.97,403.0,0,0.0,0.0,,0.0,1,1.02,2.47,SPY221104C00403000,403.0,normalDay
2022-10-05,5659.0,-2711.0,0.0,100,377.09,403.0,0,0.0,0.0,,0.0,1,1.02,2.22,SPY221104C00403000,403.0,normalDay
2022-10-06,5659.0,-3046.0,0.0,100,373.2,403.0,0,0.0,0.0,,0.0,1,1.02,1.68,SPY221104C00403000,403.0,normalDay
2022-10-07,5659.0,-3977.0,0.0,100,362.79,403.0,0,0.0,0.0,,0.0,1,1.02,0.58,SPY221104C00403000,403.0,normalDay
2022-10-10,5659.0,-4246.0,0.0,100,360.02,403.0,0,0.0,0.0,,0.0,1,1.02,0.5,SPY221104C00403000,403.0,normalDay
2022-10-11,5659.0,-4470.0,0.0,100,357.74,403.0,0,0.0,0.0,,0.0,1,1.02,0.46,SPY221104C00403000,403.0,normalDay
2022-10-12,5659.0,-4581.0,0.0,100,356.56,403.0,0,0.0,0.0,,0.0,1,1.02,0.39,SPY221104C00403000,403.0,normalDay
2022-10-13,5659.0,-3688.0,0.0,100,365.97,403.0,0,0.0,0.0,,0.0,1,1.02,0.87,SPY221104C00403000,403.0,normalDay
2022-10-14,5659.0,-4466.0,0.0,100,357.63,403.0,0,0.0,0.0,,0.0,1,1.02,0.31,SPY221104C00403000,403.0,normalDay
2022-10-17,5659.0,-3575.0,0.0,100,366.82,403.0,0,0.0,0.0,,0.0,1,1.02,0.59,SPY221104C00403000,403.0,normalDay
2022-10-18,5659.0,-3166.0,0.0,100,371.13,403.0,0,0.0,0.0,,0.0,1,1.02,0.81,SPY221104C00403000,403.0,normalDay
2022-10-19,5659.0,-3399.0,0.0,100,368.5,403.0,0,0.0,0.0,,0.0,1,1.02,0.51,SPY221104C00403000,403.0,normalDay
2022-10-20,5659.0,-3684.0,0.0,100,365.41,403.0,0,0.0,0.0,,0.0,1,1.02,0.27,SPY221104C00403000,403.0,normalDay
2022-10-21,5659.0,-2845.0,0.0,100,374.29,403.0,0,0.0,0.0,,0.0,1,1.02,0.76,SPY221104C00403000,403.0,normalDay
2022-10-24,5659.0,-2422.0,0.0,100,378.87,403.0,0,0.0,0.0,,0.0,1,1.02,1.11,SPY221104C00403000,403.0,normalDay
2022-10-25,5659.0,-1840.0,0.0,100,384.92,403.0,0,0.0,0.0,,0.0,1,1.02,1.34,SPY221104C00403000,403.0,normalDay
2022-10-26,5659.0,-2088.0,0.0,100,382.02,403.0,0,0.0,0.0,,0.0,1,1.02,0.92,SPY221104C00403000,403.0,normalDay
2022-10-27,5659.0,-2228.0,0.0,100,379.98,403.0,0,0.0,0.0,,0.0,1,1.02,0.28,SPY221104C00403000,403.0,normalDay
2022-10-28,5659.0,-1421.0,0.0,100,389.02,403.0,0,0.0,0.0,,0.0,1,1.02,1.25,SPY221104C00403000,403.0,normalDay
2022-10-31,5659.0,-1630.0,0.0,100,386.21,403.0,0,0.0,0.0,,0.0,1,1.02,0.53,SPY221104C00403000,403.0,normalDay
2022-11-01,5659.0,-1778.0,0.0,100,384.52,403.0,0,0.0,0.0,,0.0,1,1.02,0.32,SPY221104C00403000,403.0,normalDay
2022-11-02,5659.0,-2714.0,0.0,100,374.87,403.0,0,0.0,0.0,,0.0,1,1.02,0.03,SPY221104C00403000,403.0,normalDay
2022-11-03,5659.0,-3098.0,0.0,100,371.01,403.0,0,0.0,0.0,,0.0,1,1.02,0.01,SPY221104C00403000,403.0,normalDay
2022-11-04,5761.0,-2665.0,102.0,100,376.35,403.0,0,0.0,0.0,,0.0,1,1.02,0.0,SPY221104C00403000,403.0,expirationDay
2022-11-07,5761.0,-2310.0,0.0,100,379.95,403.0,0,0.0,0.0,,0.0,1,8.09,8.14,SPY221209C00386000,386.0,normalDay
2022-11-08,5761.0,-2187.0,0.0,100,382.0,403.0,0,0.0,0.0,,0.0,1,8.09,8.96,SPY221209C00386000,386.0,normalDay
2022-11-09,5761.0,-2656.0,0.0,100,374.13,403.0,0,0.0,0.0,,0.0,1,8.09,5.78,SPY221209C00386000,386.0,normalDay
2022-11-10,5761.0,-1637.0,0.0,100,394.69,403.0,0,0.0,0.0,,0.0,1,8.09,16.15,SPY221209C00386000,386.0,normalDay
2022-11-11,5761.0,-1432.0,0.0,100,398.51,403.0,0,0.0,0.0,,0.0,1,8.09,17.92,SPY221209C00386000,386.0,normalDay
2022-11-14,5761.0,-1541.0,0.0,100,395.12,403.0,0,0.0,0.0,,0.0,1,8.09,15.62,SPY221209C00386000,386.0,normalDay
2022-11-15,5761.0,-1419.0,0.0,100,398.49,403.0,0,0.0,0.0,,0.0,1,8.09,17.77,SPY221209C00386000,386.0,normalDay
2022-11-16,5761.0,-1463.0,0.0,100,395.45,403.0,0,0.0,0.0,,0.0,1,8.09,15.17,SPY221209C00386000,386.0,normalDay
2022-11-17,5761.0,-1448.0,0.0,100,394.24,403.0,0,0.0,0.0,,0.0,1,8.09,13.81,SPY221209C00386000,386.0,normalDay
2022-11-18,5761.0,-1318.0,0.0,100,396.03,403.0,0,0.0,0.0,,0.0,1,8.09,14.3,SPY221209C00386000,386.0,normalDay
2022-11-21,5761.0,-1316.0,0.0,100,394.59,403.0,0,0.0,0.0,,0.0,1,8.09,12.84,SPY221209C00386000,386.0,normalDay
2022-11-22,5761.0,-1138.0,0.0,100,399.9,403.0,0,0.0,0.0,,0.0,1,8.09,16.37,SPY221209C00386000,386.0,normalDay
2022-11-23,5761.0,-1077.0,0.0,100,402.42,403.0,0,0.0,0.0,,0.0,1,8.09,18.28,SPY221209C00386000,386.0,normalDay
2022-11-25,5761.0,-1170.0,0.0,100,402.33,403.0,0,0.0,0.0,,0.0,1,8.09,19.12,SPY221209C00386000,386.0,normalDay
2022-11-28,5761.0,-1149.0,0.0,100,395.91,403.0,0,0.0,0.0,,0.0,1,8.09,12.49,SPY221209C00386000,386.0,normalDay
2022-11-29,5761.0,-1127.0,0.0,100,395.23,403.0,0,0.0,0.0,,0.0,1,8.09,11.59,SPY221209C00386000,386.0,normalDay
2022-11-30,5761.0,-981.0,0.0,100,407.68,403.0,0,0.0,0.0,,0.0,1,8.09,22.58,SPY221209C00386000,386.0,normalDay
2022-12-01,5761.0,-916.0,0.0,100,407.38,403.0,0,0.0,0.0,,0.0,1,8.09,21.63,SPY221209C00386000,386.0,normalDay
2022-12-02,5761.0,-888.0,0.0,100,406.91,403.0,0,0.0,0.0,,0.0,1,8.09,20.88,SPY221209C00386000,386.0,normalDay
2022-12-05,5761.0,-947.0,0.0,100,399.59,403.0,0,0.0,0.0,,0.0,1,8.09,14.15,SPY221209C00386000,386.0,normalDay
2022-12-06,5761.0,-999.0,0.0,100,393.83,403.0,0,0.0,0.0,,0.0,1,8.09,8.91,SPY221209C00386000,386.0,normalDay
2022-12-07,5761.0,-968.0,0.0,100,393.16,403.0,0,0.0,0.0,,0.0,1,8.09,7.93,SPY221209C00386000,386.0,normalDay
2022-12-08,5761.0,-910.0,0.0,100,396.24,403.0,0,0.0,0.0,,0.0,1,8.09,10.43,SPY221209C00386000,386.0,normalDay
2022-12-09,4870.0,-910.0,-891.0,0,393.28,0.0,0,0.0,0.0,,0.0,1,8.09,0.0,SPY221209C00386000,386.0,expirationDay
2022-12-12,4870.0,-8.0,0.0,0,398.95,0.0,1,9.81,9.89,SPY230127P00392000,392.0,0,0.0,0.0,,0.0,normalDay
2022-12-13,4870.0,224.0,0.0,0,401.97,0.0,1,9.81,7.57,SPY230127P00392000,392.0,0,0.0,0.0,,0.0,normalDay
2022-12-14,4870.0,231.0,0.0,0,399.4,0.0,1,9.81,7.5,SPY230127P00392000,392.0,0,0.0,0.0,,0.0,normalDay
2022-12-15,4870.0,-213.0,0.0,0,389.63,0.0,1,9.81,11.94,SPY230127P00392000,392.0,0,0.0,0.0,,0.0,normalDay
2022-12-16,4870.0,-469.0,0.0,0,383.27,0.0,1,9.81,14.5,SPY230127P00392000,392.0,0,0.0,0.0,,0.0,normalDay
2022-12-19,4870.0,-638.0,0.0,0,380.02,0.0,1,9.81,16.19,SPY230127P00392000,392.0,0,0.0,0.0,,0.0,normalDay
2022-12-20,4870.0,-542.0,0.0,0,380.54,0.0,1,9.81,15.23,SPY230127P00392000,392.0,0,0.0,0.0,,0.0,normalDay
2022-12-21,4870.0,-162.0,0.0,0,386.23,0.0,1,9.81,11.43,SPY230127P00392000,392.0,0,0.0,0.0,,0.0,normalDay
2022-12-22,4870.0,-547.0,0.0,0,380.72,0.0,1,9.81,15.28,SPY230127P00392000,392.0,0,0.0,0.0,,0.0,normalDay
2022-12-23,4870.0,-379.0,0.0,0,382.91,0.0,1,9.81,13.6,SPY230127P00392000,392.0,0,0.0,0.0,,0.0,normalDay
2022-12-27,4870.0,-445.0,0.0,0,381.4,0.0,1,9.81,14.26,SPY230127P00392000,392.0,0,0.0,0.0,,0.0,normalDay
2022-12-28,4870.0,-772.0,0.0,0,376.66,0.0,1,9.81,17.53,SPY230127P00392000,392.0,0,0.0,0.0,,0.0,normalDay
2022-12-29,4870.0,-303.0,0.0,0,383.44,0.0,1,9.81,12.84,SPY230127P00392000,392.0,0,0.0,0.0,,0.0,normalDay
2022-12-30,4870.0,-327.0,0.0,0,382.43,0.0,1,9.81,13.08,SPY230127P00392000,392.0,0,0.0,0.0,,0.0,normalDay
2023-01-03,4870.0,-459.0,0.0,0,380.82,0.0,1,9.81,14.4,SPY230127P00392000,392.0,0,0.0,0.0,,0.0,normalDay
2023-01-04,4870.0,-191.0,0.0,0,383.76,0.0,1,9.81,11.72,SPY230127P00392000,392.0,0,0.0,0.0,,0.0,normalDay
2023-01-05,4870.0,-499.0,0.0,0,379.38,0.0,1,9.81,14.8,SPY230127P00392000,392.0,0,0.0,0.0,,0.0,normalDay
2023-01-06,4870.0,102.0,0.0,0,388.08,0.0,1,9.81,8.79,SPY230127P00392000,392.0,0,0.0,0.0,,0.0,normalDay
2023-01-09,4870.0,93.0,0.0,0,387.86,0.0,1,9.81,8.88,SPY230127P00392000,392.0,0,0.0,0.0,,0.0,normalDay
2023-01-10,4870.0,294.0,0.0,0,390.58,0.0,1,9.81,6.87,SPY230127P00392000,392.0,0,0.0,0.0,,0.0,normalDay
2023-01-11,4870.0,488.0,0.0,0,395.52,0.0,1,9.81,4.93,SPY230127P00392000,392.0,0,0.0,0.0,,0.0,normalDay
2023-01-12,4870.0,680.0,0.0,0,396.96,0.0,1,9.81,3.01,SPY230127P00392000,392.0,0,0.0,0.0,,0.0,normalDay
2023-01-13,4870.0,767.0,0.0,0,398.5,0.0,1,9.81,2.14,SPY230127P00392000,392.0,0,0.0,0.0,,0.0,normalDay
2023-01-17,4870.0,791.0,0.0,0,397.77,0.0,1,9.81,1.9,SPY230127P00392000,392.0,0,0.0,0.0,,0.0,normalDay
2023-01-18,4870.0,569.0,0.0,0,391.49,0.0,1,9.81,4.12,SPY230127P00392000,392.0,0,0.0,0.0,,0.0,normalDay
2023-01-19,4870.0,448.0,0.0,0,388.64,0.0,1,9.81,5.33,SPY230127P00392000,392.0,0,0.0,0.0,,0.0,normalDay
2023-01-20,4870.0,788.0,0.0,0,395.88,0.0,1,9.81,1.93,SPY230127P00392000,392.0,0,0.0,0.0,,0.0,normalDay
2023-01-23,4870.0,912.0,0.0,0,400.63,0.0,1,9.81,0.69,SPY230127P00392000,392.0,0,0.0,0.0,,0.0,normalDay
2023-01-24,4870.0,941.0,0.0,0,400.2,0.0,1,9.81,0.4,SPY230127P00392000,392.0,0,0.0,0.0,,0.0,normalDay
2023-01-25,4870.0,946.0,0.0,0,400.35,0.0,1,9.81,0.35,SPY230127P00392000,392.0,0,0.0,0.0,,0.0,normalDay
2023-01-26,4870.0,977.0,0.0,0,404.75,0.0,1,9.81,0.04,SPY230127P00392000,392.0,0,0.0,0.0,,0.0,normalDay
2023-01-27,5851.0,0.0,981.0,0,405.68,0.0,1,9.81,0.0,SPY230127P00392000,392.0,0,0.0,0.0,,0.0,expirationDay
2023-01-30,5851.0,-3.0,0.0,0,400.59,0.0,1,4.58,4.61,SPY230317P00383000,383.0,0,0.0,0.0,,0.0,normalDay
2023-01-31,5851.0,107.0,0.0,0,406.48,0.0,1,4.58,3.51,SPY230317P00383000,383.0,0,0.0,0.0,,0.0,normalDay
2023-02-01,5851.0,213.0,0.0,0,410.8,0.0,1,4.58,2.45,SPY230317P00383000,383.0,0,0.0,0.0,,0.0,normalDay
2023-02-02,5851.0,228.0,0.0,0,416.78,0.0,1,4.58,2.3,SPY230317P00383000,383.0,0,0.0,0.0,,0.0,normalDay
2023-02-03,5851.0,216.0,0.0,0,412.35,0.0,1,4.58,2.42,SPY230317P00383000,383.0,0,0.0,0.0,,0.0,normalDay
2023-02-06,5851.0,187.0,0.0,0,409.83,0.0,1,4.58,2.71,SPY230317P00383000,383.0,0,0.0,0.0,,0.0,normalDay
2023-02-07,5851.0,261.0,0.0,0,415.19,0.0,1,4.58,1.97,SPY230317P00383000,383.0,0,0.0,0.0,,0.0,normalDay
2023-02-08,5851.0,205.0,0.0,0,410.65,0.0,1,4.58,2.53,SPY230317P00383000,383.0,0,0.0,0.0,,0.0,normalDay
2023-02-09,5851.0,144.0,0.0,0,407.09,0.0,1,4.58,3.14,SPY230317P00383000,383.0,0,0.0,0.0,,0.0,normalDay
2023-02-10,5851.0,164.0,0.0,0,408.04,0.0,1,4.58,2.94,SPY230317P00383000,383.0,0,0.0,0.0,,0.0,normalDay
2023-02-13,5851.0,257.0,0.0,0,412.83,0.0,1,4.58,2.01,SPY230317P00383000,383.0,0,0.0,0.0,,0.0,normalDay
2023-02-14,5851.0,290.0,0.0,0,412.64,0.0,1,4.58,1.68,SPY230317P00383000,383.0,0,0.0,0.0,,0.0,normalDay
2023-02-15,5851.0,325.0,0.0,0,413.98,0.0,1,4.58,1.33,SPY230317P00383000,383.0,0,0.0,0.0,,0.0,normalDay
2023-02-16,5851.0,240.0,0.0,0,408.28,0.0,1,4.58,2.18,SPY230317P00383000,383.0,0,0.0,0.0,,0.0,normalDay
2023-02-17,5851.0,249.0,0.0,0,407.26,0.0,1,4.58,2.09,SPY230317P00383000,383.0,0,0.0,0.0,,0.0,normalDay
2023-02-21,5851.0,116.0,0.0,0,399.09,0.0,1,4.58,3.42,SPY230317P00383000,383.0,0,0.0,0.0,,0.0,normalDay
2023-02-22,5851.0,133.0,0.0,0,398.54,0.0,1,4.58,3.25,SPY230317P00383000,383.0,0,0.0,0.0,,0.0,normalDay
2023-02-23,5851.0,204.0,0.0,0,400.66,0.0,1,4.58,2.54,SPY230317P00383000,383.0,0,0.0,0.0,,0.0,normalDay
2023-02-24,5851.0,127.0,0.0,0,396.38,0.0,1,4.58,3.31,SPY230317P00383000,383.0,0,0.0,0.0,,0.0,normalDay
2023-02-27,5851.0,217.0,0.0,0,397.73,0.0,1,4.58,2.41,SPY230317P00383000,383.0,0,0.0,0.0,,0.0,normalDay
2023-02-28,5851.0,198.0,0.0,0,396.26,0.0,1,4.58,2.6,SPY230317P00383000,383.0,0,0.0,0.0,,0.0,normalDay
2023-03-01,5851.0,183.0,0.0,0,394.74,0.0,1,4.58,2.75,SPY230317P00383000,383.0,0,0.0,0.0,,0.0,normalDay
2023-03-02,5851.0,278.0,0.0,0,397.81,0.0,1,4.58,1.8,SPY230317P00383000,383.0,0,0.0,0.0,,0.0,normalDay
2023-03-03,5851.0,379.0,0.0,0,404.19,0.0,1,4.58,0.79,SPY230317P00383000,383.0,0,0.0,0.0,,0.0,normalDay
2023-03-06,5851.0,393.0,0.0,0,404.47,0.0,1,4.58,0.65,SPY230317P00383000,383.0,0,0.0,0.0,,0.0,normalDay
2023-03-07,5851.0,329.0,0.0,0,398.27,0.0,1,4.58,1.29,SPY230317P00383000,383.0,0,0.0,0.0,,0.0,normalDay
2023-03-08,5851.0,353.0,0.0,0,398.92,0.0,1,4.58,1.05,SPY230317P00383000,383.0,0,0.0,0.0,,0.0,normalDay
2023-03-09,5851.0,149.0,0.0,0,391.56,0.0,1,4.58,3.09,SPY230317P00383000,383.0,0,0.0,0.0,,0.0,normalDay
2023-03-10,5851.0,-17.0,0.0,0,385.91,0.0,1,4.58,4.75,SPY230317P00383000,383.0,0,0.0,0.0,,0.0,normalDay
2023-03-13,5851.0,-19.0,0.0,0,385.36,0.0,1,4.58,4.77,SPY230317P00383000,383.0,0,0.0,0.0,,0.0,normalDay
2023-03-14,5851.0,322.0,0.0,0,391.73,0.0,1,4.58,1.36,SPY230317P00383000,383.0,0,0.0,0.0,,0.0,normalDay
2023-03-15,5851.0,283.0,0.0,0,389.28,0.0,1,4.58,1.75,SPY230317P00383000,383.0,0,0.0,0.0,,0.0,normalDay
2023-03-16,5851.0,446.0,0.0,0,396.11,0.0,1,4.58,0.12,SPY230317P00383000,383.0,0,0.0,0.0,,0.0,normalDay
2023-03-17,6309.0,0.0,458.0,0,389.99,0.0,1,4.58,0.0,SPY230317P00383000,383.0,0,0.0,0.0,,0.0,expirationDay
2023-03-20,6309.0,-9.0,0.0,0,393.74,0.0,1,8.31,8.4,SPY230428P00389000,389.0,0,0.0,0.0,,0.0,normalDay
2023-03-21,6309.0,247.0,0.0,0,398.91,0.0,1,8.31,5.84,SPY230428P00389000,389.0,0,0.0,0.0,,0.0,normalDay
2023-03-22,6309.0,5.0,0.0,0,392.11,0.0,1,8.31,8.26,SPY230428P00389000,389.0,0,0.0,0.0,,0.0,normalDay
2023-03-23,6309.0,31.0,0.0,0,393.17,0.0,1,8.31,8.0,SPY230428P00389000,389.0,0,0.0,0.0,,0.0,normalDay
2023-03-24,6309.0,160.0,0.0,0,395.75,0.0,1,8.31,6.71,SPY230428P00389000,389.0,0,0.0,0.0,,0.0,normalDay
2023-03-27,6309.0,272.0,0.0,0,396.49,0.0,1,8.31,5.59,SPY230428P00389000,389.0,0,0.0,0.0,,0.0,normalDay
2023-03-28,6309.0,294.0,0.0,0,395.6,0.0,1,8.31,5.37,SPY230428P00389000,389.0,0,0.0,0.0,,0.0,normalDay
2023-03-29,6309.0,456.0,0.0,0,401.35,0.0,1,8.31,3.75,SPY230428P00389000,389.0,0,0.0,0.0,,0.0,normalDay
2023-03-30,6309.0,520.0,0.0,0,403.7,0.0,1,8.31,3.11,SPY230428P00389000,389.0,0,0.0,0.0,,0.0,normalDay
2023-03-31,6309.0,624.0,0.0,0,409.39,0.0,1,8.31,2.07,SPY230428P00389000,389.0,0,0.0,0.0,,0.0,normalDay
2023-04-03,6309.0,682.0,0.0,0,410.95,0.0,1,8.31,1.49,SPY230428P00389000,389.0,0,0.0,0.0,,0.0,normalDay
2023-04-04,6309.0,665.0,0.0,0,408.67,0.0,1,8.31,1.66,SPY230428P00389000,389.0,0,0.0,0.0,,0.0,normalDay
2023-04-05,6309.0,663.0,0.0,0,407.6,0.0,1,8.31,1.68,SPY230428P00389000,389.0,0,0.0,0.0,,0.0,normalDay
2023-04-06,6309.0,703.0,0.0,0,409.19,0.0,1,8.31,1.28,SPY230428P00389000,389.0,0,0.0,0.0,,0.0,normalDay
2023-04-10,6309.0,731.0,0.0,0,409.61,0.0,1,8.31,1.0,SPY230428P00389000,389.0,0,0.0,0.0,,0.0,normalDay
2023-04-11,6309.0,740.0,0.0,0,409.72,0.0,1,8.31,0.91,SPY230428P00389000,389.0,0,0.0,0.0,,0.0,normalDay
2023-04-12,6309.0,736.0,0.0,0,408.05,0.0,1,8.31,0.95,SPY230428P00389000,389.0,0,0.0,0.0,,0.0,normalDay
2023-04-13,6309.0,787.0,0.0,0,413.47,0.0,1,8.31,0.44,SPY230428P00389000,389.0,0,0.0,0.0,,0.0,normalDay
2023-04-14,6309.0,798.0,0.0,0,412.46,0.0,1,8.31,0.33,SPY230428P00389000,389.0,0,0.0,0.0,,0.0,normalDay
2023-04-17,6309.0,809.0,0.0,0,413.94,0.0,1,8.31,0.22,SPY230428P00389000,389.0,0,0.0,0.0,,0.0,normalDay
2023-04-18,6309.0,810.0,0.0,0,414.21,0.0,1,8.31,0.21,SPY230428P00389000,389.0,0,0.0,0.0,,0.0,normalDay
2023-04-19,6309.0,816.0,0.0,0,414.14,0.0,1,8.31,0.15,SPY230428P00389000,389.0,0,0.0,0.0,,0.0,normalDay
2023-04-20,6309.0,817.0,0.0,0,411.88,0.0,1,8.31,0.14,SPY230428P00389000,389.0,0,0.0,0.0,,0.0,normalDay
2023-04-21,6309.0,821.0,0.0,0,412.2,0.0,1,8.31,0.1,SPY230428P00389000,389.0,0,0.0,0.0,,0.0,normalDay
2023-04-24,6309.0,827.0,0.0,0,412.63,0.0,1,8.31,0.04,SPY230428P00389000,389.0,0,0.0,0.0,,0.0,normalDay
2023-04-25,6309.0,823.0,0.0,0,406.08,0.0,1,8.31,0.08,SPY230428P00389000,389.0,0,0.0,0.0,,0.0,normalDay
2023-04-26,6309.0,826.0,0.0,0,404.36,0.0,1,8.31,0.05,SPY230428P00389000,389.0,0,0.0,0.0,,0.0,normalDay
2023-04-27,6309.0,829.0,0.0,0,412.41,0.0,1,8.31,0.02,SPY230428P00389000,389.0,0,0.0,0.0,,0.0,normalDay
2023-04-28,7140.0,0.0,831.0,0,415.93,0.0,1,8.31,0.0,SPY230428P00389000,389.0,0,0.0,0.0,,0.0,expirationDay
2023-05-01,7140.0,-4.0,0.0,0,415.51,0.0,1,5.4,5.44,SPY230616P00407000,407.0,0,0.0,0.0,,0.0,normalDay
2023-05-02,7140.0,-199.0,0.0,0,410.84,0.0,1,5.4,7.39,SPY230616P00407000,407.0,0,0.0,0.0,,0.0,normalDay
2023-05-03,7140.0,-292.0,0.0,0,408.02,0.0,1,5.4,8.32,SPY230616P00407000,407.0,0,0.0,0.0,,0.0,normalDay
2023-05-04,7140.0,-504.0,0.0,0,405.13,0.0,1,5.4,10.44,SPY230616P00407000,407.0,0,0.0,0.0,,0.0,normalDay
2023-05-05,7140.0,-122.0,0.0,0,412.63,0.0,1,5.4,6.62,SPY230616P00407000,407.0,0,0.0,0.0,,0.0,normalDay
2023-05-08,7140.0,-72.0,0.0,0,412.74,0.0,1,5.4,6.12,SPY230616P00407000,407.0,0,0.0,0.0,,0.0,normalDay
2023-05-09,7140.0,-131.0,0.0,0,410.93,0.0,1,5.4,6.71,SPY230616P00407000,407.0,0,0.0,0.0,,0.0,normalDay
2023-05-10,7140.0,-29.0,0.0,0,412.85,0.0,1,5.4,5.69,SPY230616P00407000,407.0,0,0.0,0.0,,0.0,normalDay
2023-05-11,7140.0,-39.0,0.0,0,412.13,0.0,1,5.4,5.79,SPY230616P00407000,407.0,0,0.0,0.0,,0.0,normalDay
2023-05-12,7140.0,-52.0,0.0,0,411.59,0.0,1,5.4,5.92,SPY230616P00407000,407.0,0,0.0,0.0,,0.0,normalDay
2023-05-15,7140.0,44.0,0.0,0,413.01,0.0,1,5.4,4.96,SPY230616P00407000,407.0,0,0.0,0.0,,0.0,normalDay
2023-05-16,7140.0,-56.0,0.0,0,410.25,0.0,1,5.4,5.96,SPY230616P00407000,407.0,0,0.0,0.0,,0.0,normalDay
2023-05-17,7140.0,125.0,0.0,0,415.23,0.0,1,5.4,4.15,SPY230616P00407000,407.0,0,0.0,0.0,,0.0,normalDay
2023-05-18,7140.0,246.0,0.0,0,419.23,0.0,1,5.4,2.94,SPY230616P00407000,407.0,0,0.0,0.0,,0.0,normalDay
2023-05-19,7140.0,215.0,0.0,0,418.62,0.0,1,5.4,3.25,SPY230616P00407000,407.0,0,0.0,0.0,,0.0,normalDay
2023-05-22,7140.0,232.0,0.0,0,418.79,0.0,1,5.4,3.08,SPY230616P00407000,407.0,0,0.0,0.0,,0.0,normalDay
2023-05-23,7140.0,94.0,0.0,0,414.09,0.0,1,5.4,4.46,SPY230616P00407000,407.0,0,0.0,0.0,,0.0,normalDay
2023-05-24,7140.0,-22.0,0.0,0,411.09,0.0,1,5.4,5.62,SPY230616P00407000,407.0,0,0.0,0.0,,0.0,normalDay
2023-05-25,7140.0,117.0,0.0,0,414.65,0.0,1,5.4,4.23,SPY230616P00407000,407.0,0,0.0,0.0,,0.0,normalDay
2023-05-26,7140.0,278.0,0.0,0,420.02,0.0,1,5.4,2.62,SPY230616P00407000,407.0,0,0.0,0.0,,0.0,normalDay
2023-05-30,7140.0,335.0,0.0,0,420.18,0.0,1,5.4,2.05,SPY230616P00407000,407.0,0,0.0,0.0,,0.0,normalDay
2023-05-31,7140.0,310.0,0.0,0,417.85,0.0,1,5.4,2.3,SPY230616P00407000,407.0,0,0.0,0.0,,0.0,normalDay
2023-06-01,7140.0,423.0,0.0,0,421.82,0.0,1,5.4,1.17,SPY230616P00407000,407.0,0,0.0,0.0,,0.0,normalDay
2023-06-02,7140.0,490.0,0.0,0,427.92,0.0,1,5.4,0.5,SPY230616P00407000,407.0,0,0.0,0.0,,0.0,normalDay
2023-06-05,7140.0,499.0,0.0,0,427.1,0.0,1,5.4,0.41,SPY230616P00407000,407.0,0,0.0,0.0,,0.0,normalDay
2023-06-06,7140.0,508.0,0.0,0,428.03,0.0,1,5.4,0.32,SPY230616P00407000,407.0,0,0.0,0.0,,0.0,normalDay
2023-06-07,7140.0,509.0,0.0,0,426.55,0.0,1,5.4,0.31,SPY230616P00407000,407.0,0,0.0,0.0,,0.0,normalDay
2023-06-08,7140.0,518.0,0.0,0,429.13,0.0,1,5.4,0.22,SPY230616P00407000,407.0,0,0.0,0.0,,0.0,normalDay
2023-06-09,7140.0,524.0,0.0,0,429.9,0.0,1,5.4,0.16,SPY230616P00407000,407.0,0,0.0,0.0,,0.0,normalDay
2023-06-12,7140.0,527.0,0.0,0,433.8,0.0,1,5.4,0.13,SPY230616P00407000,407.0,0,0.0,0.0,,0.0,normalDay
2023-06-13,7140.0,530.0,0.0,0,436.66,0.0,1,5.4,0.1,SPY230616P00407000,407.0,0,0.0,0.0,,0.0,normalDay
2023-06-14,7140.0,535.0,0.0,0,437.18,0.0,1,5.4,0.05,SPY230616P00407000,407.0,0,0.0,0.0,,0.0,normalDay
2023-06-15,7140.0,536.0,0.0,0,442.6,0.0,1,5.4,0.04,SPY230616P00407000,407.0,0,0.0,0.0,,0.0,normalDay
2023-06-16,7680.0,0.0,540.0,0,439.46,0.0,1,5.4,0.0,SPY230616P00407000,407.0,0,0.0,0.0,,0.0,expirationDay
2023-06-20,7680.0,-4.0,0.0,0,437.18,0.0,1,1.64,1.68,SPY230728P00415000,415.0,0,0.0,0.0,,0.0,normalDay
2023-06-21,7680.0,-7.0,0.0,0,434.94,0.0,1,1.64,1.71,SPY230728P00415000,415.0,0,0.0,0.0,,0.0,normalDay
2023-06-22,7680.0,20.0,0.0,0,436.51,0.0,1,1.64,1.44,SPY230728P00415000,415.0,0,0.0,0.0,,0.0,normalDay
2023-06-23,7680.0,-15.0,0.0,0,433.21,0.0,1,1.64,1.79,SPY230728P00415000,415.0,0,0.0,0.0,,0.0,normalDay
2023-06-26,7680.0,-25.0,0.0,0,431.44,0.0,1,1.64,1.89,SPY230728P00415000,415.0,0,0.0,0.0,,0.0,normalDay
2023-06-27,7680.0,35.0,0.0,0,436.17,0.0,1,1.64,1.29,SPY230728P00415000,415.0,0,0.0,0.0,,0.0,normalDay
2023-06-28,7680.0,54.0,0.0,0,436.39,0.0,1,1.64,1.1,SPY230728P00415000,415.0,0,0.0,0.0,,0.0,normalDay
2023-06-29,7680.0,66.0,0.0,0,438.11,0.0,1,1.64,0.98,SPY230728P00415000,415.0,0,0.0,0.0,,0.0,normalDay
2023-06-30,7680.0,98.0,0.0,0,443.28,0.0,1,1.64,0.66,SPY230728P00415000,415.0,0,0.0,0.0,,0.0,normalDay
2023-07-03,7680.0,107.0,0.0,0,443.79,0.0,1,1.64,0.57,SPY230728P00415000,415.0,0,0.0,0.0,,0.0,normalDay
2023-07-05,7680.0,105.0,0.0,0,443.13,0.0,1,1.64,0.59,SPY230728P00415000,415.0,0,0.0,0.0,,0.0,normalDay
2023-07-06,7680.0,79.0,0.0,0,439.66,0.0,1,1.64,0.85,SPY230728P00415000,415.0,0,0.0,0.0,,0.0,normalDay
2023-07-07,7680.0,93.0,0.0,0,438.55,0.0,1,1.64,0.71,SPY230728P00415000,415.0,0,0.0,0.0,,0.0,normalDay
2023-07-10,7680.0,106.0,0.0,0,439.66,0.0,1,1.64,0.58,SPY230728P00415000,415.0,0,0.0,0.0,,0.0,normalDay
2023-07-11,7680.0,120.0,0.0,0,442.46,0.0,1,1.64,0.44,SPY230728P00415000,415.0,0,0.0,0.0,,0.0,normalDay
2023-07-12,7680.0,139.0,0.0,0,446.02,0.0,1,1.64,0.25,SPY230728P00415000,415.0,0,0.0,0.0,,0.0,normalDay
2023-07-13,7680.0,141.0,0.0,0,449.56,0.0,1,1.64,0.23,SPY230728P00415000,415.0,0,0.0,0.0,,0.0,normalDay
2023-07-14,7680.0,146.0,0.0,0,449.28,0.0,1,1.64,0.18,SPY230728P00415000,415.0,0,0.0,0.0,,0.0,normalDay
2023-07-17,7680.0,151.0,0.0,0,450.84,0.0,1,1.64,0.13,SPY230728P00415000,415.0,0,0.0,0.0,,0.0,normalDay
2023-07-18,7680.0,153.0,0.0,0,454.19,0.0,1,1.64,0.11,SPY230728P00415000,415.0,0,0.0,0.0,,0.0,normalDay
2023-07-19,7680.0,155.0,0.0,0,455.2,0.0,1,1.64,0.09,SPY230728P00415000,415.0,0,0.0,0.0,,0.0,normalDay
2023-07-20,7680.0,155.0,0.0,0,452.18,0.0,1,1.64,0.09,SPY230728P00415000,415.0,0,0.0,0.0,,0.0,normalDay
2023-07-21,7680.0,159.0,0.0,0,452.18,0.0,1,1.64,0.05,SPY230728P00415000,415.0,0,0.0,0.0,,0.0,normalDay
2023-07-24,7680.0,161.0,0.0,0,454.2,0.0,1,1.64,0.03,SPY230728P00415000,415.0,0,0.0,0.0,,0.0,normalDay
2023-07-25,7680.0,161.0,0.0,0,455.44,0.0,1,1.64,0.03,SPY230728P00415000,415.0,0,0.0,0.0,,0.0,normalDay
2023-07-26,7680.0,162.0,0.0,0,455.51,0.0,1,1.64,0.02,SPY230728P00415000,415.0,0,0.0,0.0,,0.0,normalDay
2023-07-27,7680.0,161.0,0.0,0,452.49,0.0,1,1.64,0.03,SPY230728P00415000,415.0,0,0.0,0.0,,0.0,normalDay
2023-07-28,7844.0,0.0,164.0,0,456.92,0.0,1,1.64,0.0,SPY230728P00415000,415.0,0,0.0,0.0,,0.0,expirationDay
2023-07-31,7844.0,-3.0,0.0,0,457.79,0.0,1,2.71,2.74,SPY230915P00441000,441.0,0,0.0,0.0,,0.0,normalDay
2023-08-01,7844.0,-30.0,0.0,0,456.48,0.0,1,2.71,3.01,SPY230915P00441000,441.0,0,0.0,0.0,,0.0,normalDay
2023-08-02,7844.0,-220.0,0.0,0,450.13,0.0,1,2.71,4.91,SPY230915P00441000,441.0,0,0.0,0.0,,0.0,normalDay
2023-08-03,7844.0,-213.0,0.0,0,448.84,0.0,1,2.71,4.84,SPY230915P00441000,441.0,0,0.0,0.0,,0.0,normalDay
2023-08-04,7844.0,-327.0,0.0,0,446.81,0.0,1,2.71,5.98,SPY230915P00441000,441.0,0,0.0,0.0,,0.0,normalDay
2023-08-07,7844.0,-153.0,0.0,0,450.71,0.0,1,2.71,4.24,SPY230915P00441000,441.0,0,0.0,0.0,,0.0,normalDay
2023-08-08,7844.0,-214.0,0.0,0,448.75,0.0,1,2.71,4.85,SPY230915P00441000,441.0,0,0.0,0.0,,0.0,normalDay
2023-08-09,7844.0,-276.0,0.0,0,445.75,0.0,1,2.71,5.47,SPY230915P00441000,441.0,0,0.0,0.0,,0.0,normalDay
2023-08-10,7844.0,-278.0,0.0,0,445.91,0.0,1,2.71,5.49,SPY230915P00441000,441.0,0,0.0,0.0,,0.0,normalDay
2023-08-11,7844.0,-239.0,0.0,0,445.65,0.0,1,2.71,5.1,SPY230915P00441000,441.0,0,0.0,0.0,,0.0,normalDay
2023-08-14,7844.0,-138.0,0.0,0,448.11,0.0,1,2.71,4.09,SPY230915P00441000,441.0,0,0.0,0.0,,0.0,normalDay
2023-08-15,7844.0,-352.0,0.0,0,442.89,0.0,1,2.71,6.23,SPY230915P00441000,441.0,0,0.0,0.0,,0.0,normalDay
2023-08-16,7844.0,-480.0,0.0,0,439.64,0.0,1,2.71,7.51,SPY230915P00441000,441.0,0,0.0,0.0,,0.0,normalDay
2023-08-17,7844.0,-683.0,0.0,0,436.29,0.0,1,2.71,9.54,SPY230915P00441000,441.0,0,0.0,0.0,,0.0,normalDay
2023-08-18,7844.0,-629.0,0.0,0,436.5,0.0,1,2.71,9.0,SPY230915P00441000,441.0,0,0.0,0.0,,0.0,normalDay
2023-08-21,7844.0,-464.0,0.0,0,439.34,0.0,1,2.71,7.35,SPY230915P00441000,441.0,0,0.0,0.0,,0.0,normalDay
2023-08-22,7844.0,-493.0,0.0,0,438.15,0.0,1,2.71,7.64,SPY230915P00441000,441.0,0,0.0,0.0,,0.0,normalDay
2023-08-23,7844.0,-235.0,0.0,0,443.03,0.0,1,2.71,5.06,SPY230915P00441000,441.0,0,0.0,0.0,,0.0,normalDay
2023-08-24,7844.0,-553.0,0.0,0,436.89,0.0,1,2.71,8.24,SPY230915P00441000,441.0,0,0.0,0.0,,0.0,normalDay
2023-08-25,7844.0,-326.0,0.0,0,439.97,0.0,1,2.71,5.97,SPY230915P00441000,441.0,0,0.0,0.0,,0.0,normalDay
2023-08-28,7844.0,-150.0,0.0,0,442.76,0.0,1,2.71,4.21,SPY230915P00441000,441.0,0,0.0,0.0,,0.0,normalDay
2023-08-29,7844.0,65.0,0.0,0,449.16,0.0,1,2.71,2.06,SPY230915P00441000,441.0,0,0.0,0.0,,0.0,normalDay
2023-08-30,7844.0,126.0,0.0,0,451.01,0.0,1,2.71,1.45,SPY230915P00441000,441.0,0,0.0,0.0,,0.0,normalDay
2023-08-31,7844.0,142.0,0.0,0,450.35,0.0,1,2.71,1.29,SPY230915P00441000,441.0,0,0.0,0.0,,0.0,normalDay
2023-09-01,7844.0,168.0,0.0,0,451.19,0.0,1,2.71,1.03,SPY230915P00441000,441.0,0,0.0,0.0,,0.0,normalDay
2023-09-05,7844.0,148.0,0.0,0,449.24,0.0,1,2.71,1.23,SPY230915P00441000,441.0,0,0.0,0.0,,0.0,normalDay
2023-09-06,7844.0,88.0,0.0,0,446.22,0.0,1,2.71,1.83,SPY230915P00441000,441.0,0,0.0,0.0,,0.0,normalDay
2023-09-07,7844.0,65.0,0.0,0,444.85,0.0,1,2.71,2.06,SPY230915P00441000,441.0,0,0.0,0.0,,0.0,normalDay
2023-09-08,7844.0,140.0,0.0,0,445.52,0.0,1,2.71,1.31,SPY230915P00441000,441.0,0,0.0,0.0,,0.0,normalDay
2023-09-11,7844.0,214.0,0.0,0,448.45,0.0,1,2.71,0.57,SPY230915P00441000,441.0,0,0.0,0.0,,0.0,normalDay
2023-09-12,7844.0,176.0,0.0,0,445.99,0.0,1,2.71,0.95,SPY230915P00441000,441.0,0,0.0,0.0,,0.0,normalDay
2023-09-13,7844.0,233.0,0.0,0,446.51,0.0,1,2.71,0.38,SPY230915P00441000,441.0,0,0.0,0.0,,0.0,normalDay
2023-09-14,7844.0,265.0,0.0,0,450.36,0.0,1,2.71,0.06,SPY230915P00441000,441.0,0,0.0,0.0,,0.0,normalDay
2023-09-15,8115.0,0.0,271.0,0,443.37,0.0,1,2.71,0.0,SPY230915P00441000,441.0,0,0.0,0.0,,0.0,expirationDay
2023-09-18,8115.0,-4.0,0.0,0,443.63,0.0,1,4.8,4.84,SPY231027P00440000,440.0,0,0.0,0.0,,0.0,normalDay
2023-09-19,8115.0,-31.0,0.0,0,442.71,0.0,1,4.8,5.11,SPY231027P00440000,440.0,0,0.0,0.0,,0.0,normalDay
2023-09-20,8115.0,-234.0,0.0,0,438.64,0.0,1,4.8,7.14,SPY231027P00440000,440.0,0,0.0,0.0,,0.0,normalDay
2023-09-21,8115.0,-674.0,0.0,0,431.39,0.0,1,4.8,11.54,SPY231027P00440000,440.0,0,0.0,0.0,,0.0,normalDay
2023-09-22,8115.0,-712.0,0.0,0,430.42,0.0,1,4.8,11.92,SPY231027P00440000,440.0,0,0.0,0.0,,0.0,normalDay
2023-09-25,8115.0,-575.0,0.0,0,432.23,0.0,1,4.8,10.55,SPY231027P00440000,440.0,0,0.0,0.0,,0.0,normalDay
2023-09-26,8115.0,-1034.0,0.0,0,425.88,0.0,1,4.8,15.14,SPY231027P00440000,440.0,0,0.0,0.0,,0.0,normalDay
2023-09-27,8115.0,-1000.0,0.0,0,426.05,0.0,1,4.8,14.8,SPY231027P00440000,440.0,0,0.0,0.0,,0.0,normalDay
2023-09-28,8115.0,-838.0,0.0,0,428.52,0.0,1,4.8,13.18,SPY231027P00440000,440.0,0,0.0,0.0,,0.0,normalDay
2023-09-29,8115.0,-883.0,0.0,0,427.48,0.0,1,4.8,13.63,SPY231027P00440000,440.0,0,0.0,0.0,,0.0,normalDay
2023-10-02,8115.0,-875.0,0.0,0,427.31,0.0,1,4.8,13.55,SPY231027P00440000,440.0,0,0.0,0.0,,0.0,normalDay
2023-10-03,8115.0,-1364.0,0.0,0,421.59,0.0,1,4.8,18.44,SPY231027P00440000,440.0,0,0.0,0.0,,0.0,normalDay
2023-10-04,8115.0,-1121.0,0.0,0,424.66,0.0,1,4.8,16.01,SPY231027P00440000,440.0,0,0.0,0.0,,0.0,normalDay
2023-10-05,8115.0,-1154.0,0.0,0,424.5,0.0,1,4.8,16.34,SPY231027P00440000,440.0,0,0.0,0.0,,0.0,normalDay
2023-10-06,8115.0,-667.0,0.0,0,429.54,0.0,1,4.8,11.47,SPY231027P00440000,440.0,0,0.0,0.0,,0.0,normalDay
2023-10-09,8115.0,-461.0,0.0,0,432.29,0.0,1,4.8,9.41,SPY231027P00440000,440.0,0,0.0,0.0,,0.0,normalDay
2023-10-10,8115.0,-300.0,0.0,0,434.54,0.0,1,4.8,7.8,SPY231027P00440000,440.0,0,0.0,0.0,,0.0,normalDay
2023-10-11,8115.0,-113.0,0.0,0,436.32,0.0,1,4.8,5.93,SPY231027P00440000,440.0,0,0.0,0.0,,0.0,normalDay
2023-10-12,8115.0,-297.0,0.0,0,433.66,0.0,1,4.8,7.77,SPY231027P00440000,440.0,0,0.0,0.0,,0.0,normalDay
2023-10-13,8115.0,-525.0,0.0,0,431.5,0.0,1,4.8,10.05,SPY231027P00440000,440.0,0,0.0,0.0,,0.0,normalDay
2023-10-16,8115.0,-121.0,0.0,0,436.04,0.0,1,4.8,6.01,SPY231027P00440000,440.0,0,0.0,0.0,,0.0,normalDay
2023-10-17,8115.0,-147.0,0.0,0,436.02,0.0,1,4.8,6.27,SPY231027P00440000,440.0,0,0.0,0.0,,0.0,normalDay
2023-10-18,8115.0,-512.0,0.0,0,430.21,0.0,1,4.8,9.92,SPY231027P00440000,440.0,0,0.0,0.0,,0.0,normalDay
2023-10-19,8115.0,-969.0,0.0,0,426.43,0.0,1,4.8,14.49,SPY231027P00440000,440.0,0,0.0,0.0,,0.0,normalDay
2023-10-20,8115.0,-1404.0,0.0,0,421.19,0.0,1,4.8,18.84,SPY231027P00440000,440.0,0,0.0,0.0,,0.0,normalDay
2023-10-23,8115.0,-1406.0,0.0,0,420.46,0.0,1,4.8,18.86,SPY231027P00440000,440.0,0,0.0,0.0,,0.0,normalDay
2023-10-24,8115.0,-1139.0,0.0,0,423.63,0.0,1,4.8,16.19,SPY231027P00440000,440.0,0,0.0,0.0,,0.0,normalDay
2023-10-25,8115.0,-1753.0,0.0,0,417.55,0.0,1,4.8,22.33,SPY231027P00440000,440.0,0,0.0,0.0,,0.0,normalDay
2023-10-26,8115.0,-2244.0,0.0,0,412.55,0.0,1,4.8,27.24,SPY231027P00440000,440.0,0,0.0,0.0,,0.0,normalDay
2023-10-27,8595.0,-2932.0,480.0,100,410.68,440.0,1,4.8,0.0,SPY231027P00440000,440.0,0,0.0,0.0,,0.0,expirationDay
2023-10-30,8595.0,-2445.0,0.0,100,415.59,440.0,0,0.0,0.0,,0.0,1,1.55,1.59,SPY231201C00436000,436.0,normalDay
2023-10-31,8595.0,-2184.0,0.0,100,418.2,440.0,0,0.0,0.0,,0.0,1,1.55,1.59,SPY231201C00436000,436.0,normalDay
2023-11-01,8595.0,-1816.0,0.0,100,422.66,440.0,0,0.0,0.0,,0.0,1,1.55,2.37,SPY231201C00436000,436.0,normalDay
2023-11-02,8595.0,-1235.0,0.0,100,430.76,440.0,0,0.0,0.0,,0.0,1,1.55,4.66,SPY231201C00436000,436.0,normalDay
2023-11-03,8595.0,-1032.0,0.0,100,434.69,440.0,0,0.0,0.0,,0.0,1,1.55,6.56,SPY231201C00436000,436.0,normalDay
2023-11-06,8595.0,-912.0,0.0,100,435.69,440.0,0,0.0,0.0,,0.0,1,1.55,6.36,SPY231201C00436000,436.0,normalDay
2023-11-07,8595.0,-861.0,0.0,100,436.93,440.0,0,0.0,0.0,,0.0,1,1.55,7.09,SPY231201C00436000,436.0,normalDay
2023-11-08,8595.0,-805.0,0.0,100,437.25,440.0,0,0.0,0.0,,0.0,1,1.55,6.85,SPY231201C00436000,436.0,normalDay
2023-11-09,8595.0,-972.0,0.0,100,433.84,440.0,0,0.0,0.0,,0.0,1,1.55,5.11,SPY231201C00436000,436.0,normalDay
2023-11-10,8595.0,-677.0,0.0,100,440.61,440.0,0,0.0,0.0,,0.0,1,1.55,8.93,SPY231201C00436000,436.0,normalDay
2023-11-13,8595.0,-670.0,0.0,100,440.19,440.0,0,0.0,0.0,,0.0,1,1.55,8.44,SPY231201C00436000,436.0,normalDay
2023-11-14,8595.0,-498.0,0.0,100,448.73,440.0,0,0.0,0.0,,0.0,1,1.55,15.26,SPY231201C00436000,436.0,normalDay
2023-11-15,8595.0,-419.0,0.0,100,449.68,440.0,0,0.0,0.0,,0.0,1,1.55,15.42,SPY231201C00436000,436.0,normalDay
2023-11-16,8595.0,-411.0,0.0,100,450.23,440.0,0,0.0,0.0,,0.0,1,1.55,15.89,SPY231201C00436000,436.0,normalDay
2023-11-17,8595.0,-369.0,0.0,100,450.79,440.0,0,0.0,0.0,,0.0,1,1.55,16.03,SPY231201C00436000,436.0,normalDay
2023-11-20,8595.0,-336.0,0.0,100,454.26,440.0,0,0.0,0.0,,0.0,1,1.55,19.17,SPY231201C00436000,436.0,normalDay
2023-11-21,8595.0,-294.0,0.0,100,453.27,440.0,0,0.0,0.0,,0.0,1,1.55,17.76,SPY231201C00436000,436.0,normalDay
2023-11-22,8595.0,-311.0,0.0,100,455.02,440.0,0,0.0,0.0,,0.0,1,1.55,19.68,SPY231201C00436000,436.0,normalDay
2023-11-24,8595.0,-299.0,0.0,100,455.3,440.0,0,0.0,0.0,,0.0,1,1.55,19.84,SPY231201C00436000,436.0,normalDay
2023-11-27,8595.0,-301.0,0.0,100,454.48,440.0,0,0.0,0.0,,0.0,1,1.55,19.04,SPY231201C00436000,436.0,normalDay
2023-11-28,8595.0,-329.0,0.0,100,454.93,440.0,0,0.0,0.0,,0.0,1,1.55,19.77,SPY231201C00436000,436.0,normalDay
2023-11-29,8595.0,-344.0,0.0,100,454.61,440.0,0,0.0,0.0,,0.0,1,1.55,19.6,SPY231201C00436000,436.0,normalDay
2023-11-30,8595.0,-281.0,0.0,100,456.4,440.0,0,0.0,0.0,,0.0,1,1.55,20.76,SPY231201C00436000,436.0,normalDay
