date,totalCapital,unrializedPnL,rializedPnL,stocksOwned,stocksPriceToday,stocksPriceBoughtAt,putOwned,putOwnedSoldAt,putPriceToday,putOwnedContract,putOwnedStrike,callOwned,callOwnedSoldAt,callPriceToday,callOwnedContract,callOwnedStrike,trackType
2018-11-01,0.0,-8.0,0.0,0,273.51,0.0,1,2.53,2.61,SPY181119P00268500,268.5,0,0.0,0.0,,0.0,normalDay
2018-11-02,0.0,-38.0,0.0,0,271.89,0.0,1,2.53,2.91,SPY181119P00268500,268.5,0,0.0,0.0,,0.0,normalDay
2018-11-05,0.0,38.0,0.0,0,273.39,0.0,1,2.53,2.15,SPY181119P00268500,268.5,0,0.0,0.0,,0.0,normalDay
2018-11-06,0.0,88.0,0.0,0,275.12,0.0,1,2.53,1.65,SPY181119P00268500,268.5,0,0.0,0.0,,0.0,normalDay
2018-11-07,0.0,214.0,0.0,0,281.01,0.0,1,2.53,0.39,SPY181119P00268500,268.5,0,0.0,0.0,,0.0,normalDay
2018-11-08,0.0,214.0,0.0,0,280.5,0.0,1,2.53,0.39,SPY181119P00268500,268.5,0,0.0,0.0,,0.0,normalDay
2018-11-09,0.0,200.0,0.0,0,277.76,0.0,1,2.53,0.53,SPY181119P00268500,268.5,0,0.0,0.0,,0.0,normalDay
2018-11-12,0.0,104.0,0.0,0,272.57,0.0,1,2.53,1.49,SPY181119P00268500,268.5,0,0.0,0.0,,0.0,normalDay
2018-11-13,0.0,115.0,0.0,0,272.06,0.0,1,2.53,1.38,SPY181119P00268500,268.5,0,0.0,0.0,,0.0,normalDay
2018-11-14,0.0,45.0,0.0,0,270.2,0.0,1,2.53,2.08,SPY181119P00268500,268.5,0,0.0,0.0,,0.0,normalDay
2018-11-15,0.0,192.0,0.0,0,273.02,0.0,1,2.53,0.61,SPY181119P00268500,268.5,0,0.0,0.0,,0.0,normalDay
2018-11-16,0.0,240.0,0.0,0,273.73,0.0,1,2.53,0.13,SPY181119P00268500,268.5,0,0.0,0.0,,0.0,normalDay
2018-11-19,253.0,0.0,253.0,0,269.1,0.0,1,2.53,0.0,SPY181119P00268500,268.5,0,0.0,0.0,,0.0,expirationDay
2018-11-20,253.0,-8.0,0.0,0,264.12,0.0,1,6.15,6.23,SPY181207P00267000,267.0,0,0.0,0.0,,0.0,normalDay
2018-11-21,253.0,104.0,0.0,0,265.02,0.0,1,6.15,5.11,SPY181207P00267000,267.0,0,0.0,0.0,,0.0,normalDay
2018-11-23,253.0,-6.0,0.0,0,263.25,0.0,1,6.15,6.21,SPY181207P00267000,267.0,0,0.0,0.0,,0.0,normalDay
2018-11-26,253.0,313.0,0.0,0,267.5,0.0,1,6.15,3.02,SPY181207P00267000,267.0,0,0.0,0.0,,0.0,normalDay
2018-11-27,253.0,322.0,0.0,0,268.4,0.0,1,6.15,2.93,SPY181207P00267000,267.0,0,0.0,0.0,,0.0,normalDay
2018-11-28,253.0,492.0,0.0,0,274.58,0.0,1,6.15,1.23,SPY181207P00267000,267.0,0,0.0,0.0,,0.0,normalDay
2018-11-29,253.0,489.0,0.0,0,273.98,0.0,1,6.15,1.26,SPY181207P00267000,267.0,0,0.0,0.0,,0.0,normalDay
2018-11-30,253.0,530.0,0.0,0,275.65,0.0,1,6.15,0.85,SPY181207P00267000,267.0,0,0.0,0.0,,0.0,normalDay
2018-12-03,253.0,607.0,0.0,0,279.3,0.0,1,6.15,0.08,SPY181207P00267000,267.0,0,0.0,0.0,,0.0,normalDay
2018-12-04,253.0,479.0,0.0,0,270.25,0.0,1,6.15,1.36,SPY181207P00267000,267.0,0,0.0,0.0,,0.0,normalDay
2018-12-06,253.0,554.0,0.0,0,269.84,0.0,1,6.15,0.61,SPY181207P00267000,267.0,0,0.0,0.0,,0.0,normalDay
2018-12-07,868.0,-343.0,615.0,100,263.57,267.0,1,6.15,0.0,SPY181207P00267000,267.0,0,0.0,0.0,,0.0,expirationDay
2018-12-10,868.0,-296.0,0.0,100,264.07,267.0,0,0.0,0.0,,0.0,1,0.04,0.07,SPY181228C00285000,285.0,normalDay
2018-12-11,868.0,-288.0,0.0,100,264.13,267.0,0,0.0,0.0,,0.0,1,0.04,0.05,SPY181228C00285000,285.0,normalDay
2018-12-12,868.0,-155.0,0.0,100,265.46,267.0,0,0.0,0.0,,0.0,1,0.04,0.05,SPY181228C00285000,285.0,normalDay
2018-12-13,868.0,-163.0,0.0,100,265.37,267.0,0,0.0,0.0,,0.0,1,0.04,0.04,SPY181228C00285000,285.0,normalDay
2018-12-14,868.0,-652.0,0.0,100,260.47,267.0,0,0.0,0.0,,0.0,1,0.04,0.03,SPY181228C00285000,285.0,normalDay
2018-12-17,868.0,-1163.0,0.0,100,255.36,267.0,0,0.0,0.0,,0.0,1,0.04,0.03,SPY181228C00285000,285.0,normalDay
2018-12-18,868.0,-1191.0,0.0,100,255.08,267.0,0,0.0,0.0,,0.0,1,0.04,0.03,SPY181228C00285000,285.0,normalDay
2018-12-19,868.0,-1572.0,0.0,100,251.26,267.0,0,0.0,0.0,,0.0,1,0.04,0.02,SPY181228C00285000,285.0,normalDay
2018-12-20,868.0,-1981.0,0.0,100,247.17,267.0,0,0.0,0.0,,0.0,1,0.04,0.02,SPY181228C00285000,285.0,normalDay
2018-12-21,868.0,-2627.0,0.0,100,240.7,267.0,0,0.0,0.0,,0.0,1,0.04,0.01,SPY181228C00285000,285.0,normalDay
2018-12-24,868.0,-3263.0,0.0,100,234.34,267.0,0,0.0,0.0,,0.0,1,0.04,0.01,SPY181228C00285000,285.0,normalDay
2018-12-26,868.0,-2079.0,0.0,100,246.18,267.0,0,0.0,0.0,,0.0,1,0.04,0.01,SPY181228C00285000,285.0,normalDay
2018-12-27,868.0,-1890.0,0.0,100,248.07,267.0,0,0.0,0.0,,0.0,1,0.04,0.01,SPY181228C00285000,285.0,normalDay
2018-12-28,872.0,-1925.0,4.0,100,247.75,267.0,0,0.0,0.0,,0.0,1,0.04,0.0,SPY181228C00285000,285.0,expirationDay
2018-12-31,872.0,-1708.0,0.0,100,249.92,267.0,0,0.0,0.0,,0.0,0,0.0,0.0,,0.0,bidTooLow
2019-01-02,872.0,-1682.0,0.0,100,250.18,267.0,0,0.0,0.0,,0.0,0,0.0,0.0,,0.0,bidTooLow
2019-01-03,872.0,-2279.0,0.0,100,244.21,267.0,0,0.0,0.0,,0.0,0,0.0,0.0,,0.0,bidTooLow
2019-01-04,872.0,-1461.0,0.0,100,252.39,267.0,0,0.0,0.0,,0.0,0,0.0,0.0,,0.0,bidTooLow
2019-01-07,872.0,-1262.0,0.0,100,254.38,267.0,0,0.0,0.0,,0.0,0,0.0,0.0,,0.0,bidTooLow
2019-01-08,872.0,-1023.0,0.0,100,256.77,267.0,0,0.0,0.0,,0.0,0,0.0,0.0,,0.0,bidTooLow
2019-01-09,872.0,-906.0,0.0,100,257.97,267.0,0,0.0,0.0,,0.0,1,0.05,0.08,SPY190128C00275000,275.0,normalDay
2019-01-10,872.0,-815.0,0.0,100,258.88,267.0,0,0.0,0.0,,0.0,1,0.05,0.08,SPY190128C00275000,275.0,normalDay
2019-01-11,872.0,-802.0,0.0,100,258.98,267.0,0,0.0,0.0,,0.0,1,0.05,0.05,SPY190128C00275000,275.0,normalDay
2019-01-14,872.0,-959.0,0.0,100,257.4,267.0,0,0.0,0.0,,0.0,1,0.05,0.04,SPY190128C00275000,275.0,normalDay
2019-01-15,872.0,-665.0,0.0,100,260.35,267.0,0,0.0,0.0,,0.0,1,0.05,0.05,SPY190128C00275000,275.0,normalDay
2019-01-16,872.0,-603.0,0.0,100,260.98,267.0,0,0.0,0.0,,0.0,1,0.05,0.06,SPY190128C00275000,275.0,normalDay
2019-01-17,872.0,-406.0,0.0,100,262.96,267.0,0,0.0,0.0,,0.0,1,0.05,0.07,SPY190128C00275000,275.0,normalDay
2019-01-18,872.0,-66.0,0.0,100,266.46,267.0,0,0.0,0.0,,0.0,1,0.05,0.17,SPY190128C00275000,275.0,normalDay
2019-01-22,872.0,-412.0,0.0,100,262.86,267.0,0,0.0,0.0,,0.0,1,0.05,0.03,SPY190128C00275000,275.0,normalDay
2019-01-23,872.0,-355.0,0.0,100,263.41,267.0,0,0.0,0.0,,0.0,1,0.05,0.01,SPY190128C00275000,275.0,normalDay
2019-01-24,872.0,-341.0,0.0,100,263.55,267.0,0,0.0,0.0,,0.0,1,0.05,0.01,SPY190128C00275000,275.0,normalDay
2019-01-25,872.0,-118.0,0.0,100,265.78,267.0,0,0.0,0.0,,0.0,1,0.05,0.01,SPY190128C00275000,275.0,normalDay
2019-01-28,877.0,-324.0,5.0,100,263.76,267.0,0,0.0,0.0,,0.0,1,0.05,0.0,SPY190128C00275000,275.0,expirationDay
2019-01-29,877.0,-362.0,0.0,100,263.41,267.0,0,0.0,0.0,,0.0,1,0.15,0.18,SPY190215C00277000,277.0,normalDay
2019-01-30,877.0,31.0,0.0,100,267.58,267.0,0,0.0,0.0,,0.0,1,0.15,0.42,SPY190215C00277000,277.0,normalDay
2019-01-31,877.0,238.0,0.0,100,269.93,267.0,0,0.0,0.0,,0.0,1,0.15,0.7,SPY190215C00277000,277.0,normalDay
2019-02-01,877.0,272.0,0.0,100,270.06,267.0,0,0.0,0.0,,0.0,1,0.15,0.49,SPY190215C00277000,277.0,normalDay
2019-02-04,877.0,456.0,0.0,100,271.96,267.0,0,0.0,0.0,,0.0,1,0.15,0.55,SPY190215C00277000,277.0,normalDay
2019-02-05,877.0,557.0,0.0,100,273.1,267.0,0,0.0,0.0,,0.0,1,0.15,0.68,SPY190215C00277000,277.0,normalDay
2019-02-06,877.0,543.0,0.0,100,272.74,267.0,0,0.0,0.0,,0.0,1,0.15,0.46,SPY190215C00277000,277.0,normalDay
2019-02-07,877.0,316.0,0.0,100,270.14,267.0,0,0.0,0.0,,0.0,1,0.15,0.13,SPY190215C00277000,277.0,normalDay
2019-02-08,877.0,354.0,0.0,100,270.47,267.0,0,0.0,0.0,,0.0,1,0.15,0.08,SPY190215C00277000,277.0,normalDay
2019-02-11,877.0,371.0,0.0,100,270.62,267.0,0,0.0,0.0,,0.0,1,0.15,0.06,SPY190215C00277000,277.0,normalDay
2019-02-12,877.0,693.0,0.0,100,274.1,267.0,0,0.0,0.0,,0.0,1,0.15,0.32,SPY190215C00277000,277.0,normalDay
2019-02-13,877.0,780.0,0.0,100,274.99,267.0,0,0.0,0.0,,0.0,1,0.15,0.34,SPY190215C00277000,277.0,normalDay
2019-02-14,877.0,744.0,0.0,100,274.38,267.0,0,0.0,0.0,,0.0,1,0.15,0.09,SPY190215C00277000,277.0,normalDay
2019-02-15,1892.0,744.0,1015.0,0,277.37,0.0,0,0.0,0.0,,0.0,1,0.15,0.0,SPY190215C00277000,277.0,expirationDay
2019-02-19,1892.0,-4.0,0.0,0,277.85,0.0,1,0.57,0.61,SPY190308P00266000,266.0,0,0.0,0.0,,0.0,normalDay
2019-02-20,1892.0,13.0,0.0,0,278.41,0.0,1,0.57,0.44,SPY190308P00266000,266.0,0,0.0,0.0,,0.0,normalDay
2019-02-21,1892.0,8.0,0.0,0,277.42,0.0,1,0.57,0.49,SPY190308P00266000,266.0,0,0.0,0.0,,0.0,normalDay
2019-02-22,1892.0,30.0,0.0,0,279.14,0.0,1,0.57,0.27,SPY190308P00266000,266.0,0,0.0,0.0,,0.0,normalDay
2019-02-25,1892.0,30.0,0.0,0,279.52,0.0,1,0.57,0.27,SPY190308P00266000,266.0,0,0.0,0.0,,0.0,normalDay
2019-02-26,1892.0,31.0,0.0,0,279.32,0.0,1,0.57,0.26,SPY190308P00266000,266.0,0,0.0,0.0,,0.0,normalDay
2019-02-27,1892.0,37.0,0.0,0,279.2,0.0,1,0.57,0.2,SPY190308P00266000,266.0,0,0.0,0.0,,0.0,normalDay
2019-02-28,1892.0,38.0,0.0,0,278.68,0.0,1,0.57,0.19,SPY190308P00266000,266.0,0,0.0,0.0,,0.0,normalDay
2019-03-01,1892.0,51.0,0.0,0,280.42,0.0,1,0.57,0.06,SPY190308P00266000,266.0,0,0.0,0.0,,0.0,normalDay
2019-03-04,1892.0,51.0,0.0,0,279.4,0.0,1,0.57,0.06,SPY190308P00266000,266.0,0,0.0,0.0,,0.0,normalDay
2019-03-05,1892.0,54.0,0.0,0,279.02,0.0,1,0.57,0.03,SPY190308P00266000,266.0,0,0.0,0.0,,0.0,normalDay
2019-03-06,1892.0,54.0,0.0,0,277.33,0.0,1,0.57,0.03,SPY190308P00266000,266.0,0,0.0,0.0,,0.0,normalDay
2019-03-07,1892.0,55.0,0.0,0,275.01,0.0,1,0.57,0.02,SPY190308P00266000,266.0,0,0.0,0.0,,0.0,normalDay
2019-03-08,1949.0,0.0,57.0,0,274.46,0.0,1,0.57,0.0,SPY190308P00266000,266.0,0,0.0,0.0,,0.0,expirationDay
2019-03-11,1949.0,-5.0,0.0,0,278.44,0.0,1,2.08,2.13,SPY190329P00275000,275.0,0,0.0,0.0,,0.0,normalDay
2019-03-12,1949.0,40.0,0.0,0,279.49,0.0,1,2.08,1.68,SPY190329P00275000,275.0,0,0.0,0.0,,0.0,normalDay
2019-03-13,1949.0,99.0,0.0,0,281.34,0.0,1,2.08,1.09,SPY190329P00275000,275.0,0,0.0,0.0,,0.0,normalDay
2019-03-14,1949.0,99.0,0.0,0,281.16,0.0,1,2.08,1.09,SPY190329P00275000,275.0,0,0.0,0.0,,0.0,normalDay
2019-03-15,1949.0,138.0,0.0,0,281.31,0.0,1,2.08,0.7,SPY190329P00275000,275.0,0,0.0,0.0,,0.0,normalDay
2019-03-18,1949.0,157.0,0.0,0,282.33,0.0,1,2.08,0.51,SPY190329P00275000,275.0,0,0.0,0.0,,0.0,normalDay
2019-03-19,1949.0,150.0,0.0,0,282.4,0.0,1,2.08,0.58,SPY190329P00275000,275.0,0,0.0,0.0,,0.0,normalDay
2019-03-20,1949.0,151.0,0.0,0,281.55,0.0,1,2.08,0.57,SPY190329P00275000,275.0,0,0.0,0.0,,0.0,normalDay
2019-03-21,1949.0,184.0,0.0,0,284.73,0.0,1,2.08,0.24,SPY190329P00275000,275.0,0,0.0,0.0,,0.0,normalDay
2019-03-22,1949.0,110.0,0.0,0,279.25,0.0,1,2.08,0.98,SPY190329P00275000,275.0,0,0.0,0.0,,0.0,normalDay
2019-03-25,1949.0,140.0,0.0,0,279.04,0.0,1,2.08,0.68,SPY190329P00275000,275.0,0,0.0,0.0,,0.0,normalDay
2019-03-26,1949.0,186.0,0.0,0,281.12,0.0,1,2.08,0.22,SPY190329P00275000,275.0,0,0.0,0.0,,0.0,normalDay
2019-03-27,1949.0,183.0,0.0,0,279.65,0.0,1,2.08,0.25,SPY190329P00275000,275.0,0,0.0,0.0,,0.0,normalDay
2019-03-28,1949.0,204.0,0.0,0,280.71,0.0,1,2.08,0.04,SPY190329P00275000,275.0,0,0.0,0.0,,0.0,normalDay
2019-03-29,2157.0,0.0,208.0,0,282.48,0.0,1,2.08,0.0,SPY190329P00275000,275.0,0,0.0,0.0,,0.0,expirationDay
2019-04-01,2157.0,-3.0,0.0,0,285.83,0.0,1,0.78,0.81,SPY190418P00278000,278.0,0,0.0,0.0,,0.0,normalDay
2019-04-02,2157.0,9.0,0.0,0,285.97,0.0,1,0.78,0.69,SPY190418P00278000,278.0,0,0.0,0.0,,0.0,normalDay
2019-04-03,2157.0,17.0,0.0,0,286.42,0.0,1,0.78,0.61,SPY190418P00278000,278.0,0,0.0,0.0,,0.0,normalDay
2019-04-04,2157.0,31.0,0.0,0,287.18,0.0,1,0.78,0.47,SPY190418P00278000,278.0,0,0.0,0.0,,0.0,normalDay
2019-04-05,2157.0,52.0,0.0,0,288.57,0.0,1,0.78,0.26,SPY190418P00278000,278.0,0,0.0,0.0,,0.0,normalDay
2019-04-08,2157.0,58.0,0.0,0,288.79,0.0,1,0.78,0.2,SPY190418P00278000,278.0,0,0.0,0.0,,0.0,normalDay
2019-04-09,2157.0,48.0,0.0,0,287.31,0.0,1,0.78,0.3,SPY190418P00278000,278.0,0,0.0,0.0,,0.0,normalDay
2019-04-10,2157.0,63.0,0.0,0,288.29,0.0,1,0.78,0.15,SPY190418P00278000,278.0,0,0.0,0.0,,0.0,normalDay
2019-04-11,2157.0,67.0,0.0,0,288.21,0.0,1,0.78,0.11,SPY190418P00278000,278.0,0,0.0,0.0,,0.0,normalDay
2019-04-12,2157.0,73.0,0.0,0,290.16,0.0,1,0.78,0.05,SPY190418P00278000,278.0,0,0.0,0.0,,0.0,normalDay
2019-04-15,2157.0,75.0,0.0,0,289.97,0.0,1,0.78,0.03,SPY190418P00278000,278.0,0,0.0,0.0,,0.0,normalDay
2019-04-16,2157.0,75.0,0.0,0,290.16,0.0,1,0.78,0.03,SPY190418P00278000,278.0,0,0.0,0.0,,0.0,normalDay
2019-04-17,2157.0,76.0,0.0,0,289.45,0.0,1,0.78,0.02,SPY190418P00278000,278.0,0,0.0,0.0,,0.0,normalDay
2019-04-18,2235.0,0.0,78.0,0,290.02,0.0,1,0.78,0.0,SPY190418P00278000,278.0,0,0.0,0.0,,0.0,expirationDay
2019-04-22,2235.0,-3.0,0.0,0,290.27,0.0,1,0.77,0.8,SPY190510P00283000,283.0,0,0.0,0.0,,0.0,normalDay
2019-04-23,2235.0,19.0,0.0,0,292.88,0.0,1,0.77,0.58,SPY190510P00283000,283.0,0,0.0,0.0,,0.0,normalDay
2019-04-24,2235.0,11.0,0.0,0,292.23,0.0,1,0.77,0.66,SPY190510P00283000,283.0,0,0.0,0.0,,0.0,normalDay
2019-04-25,2235.0,14.0,0.0,0,292.05,0.0,1,0.77,0.63,SPY190510P00283000,283.0,0,0.0,0.0,,0.0,normalDay
2019-04-26,2235.0,31.0,0.0,0,293.41,0.0,1,0.77,0.46,SPY190510P00283000,283.0,0,0.0,0.0,,0.0,normalDay
2019-04-29,2235.0,41.0,0.0,0,293.87,0.0,1,0.77,0.36,SPY190510P00283000,283.0,0,0.0,0.0,,0.0,normalDay
2019-04-30,2235.0,45.0,0.0,0,294.02,0.0,1,0.77,0.32,SPY190510P00283000,283.0,0,0.0,0.0,,0.0,normalDay
2019-05-01,2235.0,24.0,0.0,0,291.81,0.0,1,0.77,0.53,SPY190510P00283000,283.0,0,0.0,0.0,,0.0,normalDay
2019-05-02,2235.0,32.0,0.0,0,291.18,0.0,1,0.77,0.45,SPY190510P00283000,283.0,0,0.0,0.0,,0.0,normalDay
2019-05-03,2235.0,65.0,0.0,0,294.03,0.0,1,0.77,0.12,SPY190510P00283000,283.0,0,0.0,0.0,,0.0,normalDay
2019-05-06,2235.0,56.0,0.0,0,292.82,0.0,1,0.77,0.21,SPY190510P00283000,283.0,0,0.0,0.0,,0.0,normalDay
2019-05-07,2235.0,-19.0,0.0,0,287.93,0.0,1,0.77,0.96,SPY190510P00283000,283.0,0,0.0,0.0,,0.0,normalDay
2019-05-08,2235.0,-5.0,0.0,0,287.53,0.0,1,0.77,0.82,SPY190510P00283000,283.0,0,0.0,0.0,,0.0,normalDay
2019-05-09,2235.0,-12.0,0.0,0,286.66,0.0,1,0.77,0.89,SPY190510P00283000,283.0,0,0.0,0.0,,0.0,normalDay
2019-05-10,2312.0,0.0,77.0,0,288.1,0.0,1,0.77,0.0,SPY190510P00283000,283.0,0,0.0,0.0,,0.0,expirationDay
2019-05-13,2312.0,-7.0,0.0,0,280.86,0.0,1,8.07,8.14,SPY190531P00287500,287.5,0,0.0,0.0,,0.0,normalDay
2019-05-14,2312.0,216.0,0.0,0,283.4,0.0,1,8.07,5.91,SPY190531P00287500,287.5,0,0.0,0.0,,0.0,normalDay
2019-05-15,2312.0,366.0,0.0,0,285.06,0.0,1,8.07,4.41,SPY190531P00287500,287.5,0,0.0,0.0,,0.0,normalDay
2019-05-16,2312.0,509.0,0.0,0,287.7,0.0,1,8.07,2.98,SPY190531P00287500,287.5,0,0.0,0.0,,0.0,normalDay
2019-05-17,2312.0,420.0,0.0,0,285.84,0.0,1,8.07,3.87,SPY190531P00287500,287.5,0,0.0,0.0,,0.0,normalDay
2019-05-20,2312.0,346.0,0.0,0,283.95,0.0,1,8.07,4.61,SPY190531P00287500,287.5,0,0.0,0.0,,0.0,normalDay
2019-05-21,2312.0,520.0,0.0,0,286.51,0.0,1,8.07,2.87,SPY190531P00287500,287.5,0,0.0,0.0,,0.0,normalDay
2019-05-22,2312.0,494.0,0.0,0,285.63,0.0,1,8.07,3.13,SPY190531P00287500,287.5,0,0.0,0.0,,0.0,normalDay
2019-05-23,2312.0,209.0,0.0,0,282.14,0.0,1,8.07,5.98,SPY190531P00287500,287.5,0,0.0,0.0,,0.0,normalDay
2019-05-24,2312.0,305.0,0.0,0,282.78,0.0,1,8.07,5.02,SPY190531P00287500,287.5,0,0.0,0.0,,0.0,normalDay
2019-05-28,2312.0,100.0,0.0,0,280.15,0.0,1,8.07,7.07,SPY190531P00287500,287.5,0,0.0,0.0,,0.0,normalDay
2019-05-29,2312.0,-118.0,0.0,0,278.27,0.0,1,8.07,9.25,SPY190531P00287500,287.5,0,0.0,0.0,,0.0,normalDay
2019-05-30,2312.0,-50.0,0.0,0,279.03,0.0,1,8.07,8.57,SPY190531P00287500,287.5,0,0.0,0.0,,0.0,normalDay
2019-05-31,3119.0,-1223.0,807.0,100,275.27,287.5,1,8.07,0.0,SPY190531P00287500,287.5,0,0.0,0.0,,0.0,expirationDay
2019-06-03,3119.0,-1293.0,0.0,100,274.57,287.5,0,0.0,0.0,,0.0,0,0.0,0.0,,0.0,bidTooLow
2019-06-04,3119.0,-700.0,0.0,100,280.53,287.5,0,0.0,0.0,,0.0,1,0.04,0.07,SPY190621C00296000,296.0,normalDay
2019-06-05,3119.0,-462.0,0.0,100,282.96,287.5,0,0.0,0.0,,0.0,1,0.04,0.12,SPY190621C00296000,296.0,normalDay
2019-06-06,3119.0,-285.0,0.0,100,284.8,287.5,0,0.0,0.0,,0.0,1,0.04,0.19,SPY190621C00296000,296.0,normalDay
2019-06-07,3119.0,-20.0,0.0,100,287.65,287.5,0,0.0,0.0,,0.0,1,0.04,0.39,SPY190621C00296000,296.0,normalDay
2019-06-10,3119.0,107.0,0.0,100,288.97,287.5,0,0.0,0.0,,0.0,1,0.04,0.44,SPY190621C00296000,296.0,normalDay
2019-06-11,3119.0,110.0,0.0,100,288.9,287.5,0,0.0,0.0,,0.0,1,0.04,0.34,SPY190621C00296000,296.0,normalDay
2019-06-12,3119.0,74.0,0.0,100,288.39,287.5,0,0.0,0.0,,0.0,1,0.04,0.19,SPY190621C00296000,296.0,normalDay
2019-06-13,3119.0,187.0,0.0,100,289.58,287.5,0,0.0,0.0,,0.0,1,0.04,0.25,SPY190621C00296000,296.0,normalDay
2019-06-14,3119.0,169.0,0.0,100,289.26,287.5,0,0.0,0.0,,0.0,1,0.04,0.11,SPY190621C00296000,296.0,normalDay
2019-06-17,3119.0,184.0,0.0,100,289.37,287.5,0,0.0,0.0,,0.0,1,0.04,0.07,SPY190621C00296000,296.0,normalDay
2019-06-18,3119.0,459.0,0.0,100,292.4,287.5,0,0.0,0.0,,0.0,1,0.04,0.35,SPY190621C00296000,296.0,normalDay
2019-06-19,3119.0,541.0,0.0,100,293.06,287.5,0,0.0,0.0,,0.0,1,0.04,0.19,SPY190621C00296000,296.0,normalDay
2019-06-20,3119.0,804.0,0.0,100,295.86,287.5,0,0.0,0.0,,0.0,1,0.04,0.36,SPY190621C00296000,296.0,normalDay
2019-06-21,3123.0,650.0,4.0,100,294.0,287.5,0,0.0,0.0,,0.0,1,0.04,0.0,SPY190621C00296000,296.0,expirationDay
2019-06-24,3123.0,611.0,0.0,100,293.64,287.5,0,0.0,0.0,,0.0,1,0.2,0.23,SPY190712C00306000,306.0,normalDay
2019-06-25,3123.0,337.0,0.0,100,290.76,287.5,0,0.0,0.0,,0.0,1,0.2,0.09,SPY190712C00306000,306.0,normalDay
2019-06-26,3123.0,310.0,0.0,100,290.47,287.5,0,0.0,0.0,,0.0,1,0.2,0.07,SPY190712C00306000,306.0,normalDay
2019-06-27,3123.0,412.0,0.0,100,291.5,287.5,0,0.0,0.0,,0.0,1,0.2,0.08,SPY190712C00306000,306.0,normalDay
2019-06-28,3123.0,557.0,0.0,100,293.0,287.5,0,0.0,0.0,,0.0,1,0.2,0.13,SPY190712C00306000,306.0,normalDay
2019-07-01,3123.0,830.0,0.0,100,295.66,287.5,0,0.0,0.0,,0.0,1,0.2,0.06,SPY190712C00306000,306.0,normalDay
2019-07-02,3123.0,909.0,0.0,100,296.43,287.5,0,0.0,0.0,,0.0,1,0.2,0.04,SPY190712C00306000,306.0,normalDay
2019-07-03,3123.0,1142.0,0.0,100,298.8,287.5,0,0.0,0.0,,0.0,1,0.2,0.08,SPY190712C00306000,306.0,normalDay
2019-07-05,3123.0,1114.0,0.0,100,298.46,287.5,0,0.0,0.0,,0.0,1,0.2,0.02,SPY190712C00306000,306.0,normalDay
2019-07-08,3123.0,950.0,0.0,100,296.82,287.5,0,0.0,0.0,,0.0,1,0.2,0.02,SPY190712C00306000,306.0,normalDay
2019-07-09,3123.0,988.0,0.0,100,297.19,287.5,0,0.0,0.0,,0.0,1,0.2,0.01,SPY190712C00306000,306.0,normalDay
2019-07-10,3123.0,1130.0,0.0,100,298.61,287.5,0,0.0,0.0,,0.0,1,0.2,0.01,SPY190712C00306000,306.0,normalDay
2019-07-11,3123.0,1200.0,0.0,100,299.31,287.5,0,0.0,0.0,,0.0,1,0.2,0.01,SPY190712C00306000,306.0,normalDay
2019-07-12,3143.0,1315.0,20.0,100,300.65,287.5,0,0.0,0.0,,0.0,1,0.2,0.0,SPY190712C00306000,306.0,expirationDay
2019-07-15,3143.0,1321.0,0.0,100,300.75,287.5,0,0.0,0.0,,0.0,1,0.64,0.68,SPY190802C00306000,306.0,normalDay
2019-07-16,3143.0,1245.0,0.0,100,299.78,287.5,0,0.0,0.0,,0.0,1,0.64,0.47,SPY190802C00306000,306.0,normalDay
2019-07-17,3143.0,1067.0,0.0,100,297.74,287.5,0,0.0,0.0,,0.0,1,0.64,0.21,SPY190802C00306000,306.0,normalDay
2019-07-18,3143.0,1162.0,0.0,100,298.83,287.5,0,0.0,0.0,,0.0,1,0.64,0.35,SPY190802C00306000,306.0,normalDay
2019-07-19,3143.0,1017.0,0.0,100,297.17,287.5,0,0.0,0.0,,0.0,1,0.64,0.14,SPY190802C00306000,306.0,normalDay
2019-07-22,3143.0,1094.0,0.0,100,297.9,287.5,0,0.0,0.0,,0.0,1,0.64,0.1,SPY190802C00306000,306.0,normalDay
2019-07-23,3143.0,1294.0,0.0,100,300.03,287.5,0,0.0,0.0,,0.0,1,0.64,0.23,SPY190802C00306000,306.0,normalDay
2019-07-24,3143.0,1421.0,0.0,100,301.44,287.5,0,0.0,0.0,,0.0,1,0.64,0.37,SPY190802C00306000,306.0,normalDay
2019-07-25,3143.0,1298.0,0.0,100,300.0,287.5,0,0.0,0.0,,0.0,1,0.64,0.16,SPY190802C00306000,306.0,normalDay
2019-07-26,3143.0,1484.0,0.0,100,302.01,287.5,0,0.0,0.0,,0.0,1,0.64,0.31,SPY190802C00306000,306.0,normalDay
2019-07-29,3143.0,1440.0,0.0,100,301.46,287.5,0,0.0,0.0,,0.0,1,0.64,0.2,SPY190802C00306000,306.0,normalDay
2019-07-30,3143.0,1369.0,0.0,100,300.72,287.5,0,0.0,0.0,,0.0,1,0.64,0.17,SPY190802C00306000,306.0,normalDay
2019-07-31,3143.0,1055.0,0.0,100,297.43,287.5,0,0.0,0.0,,0.0,1,0.64,0.02,SPY190802C00306000,306.0,normalDay
2019-08-01,3143.0,797.0,0.0,100,294.84,287.5,0,0.0,0.0,,0.0,1,0.64,0.01,SPY190802C00306000,306.0,normalDay
2019-08-02,3207.0,512.0,64.0,100,292.62,287.5,0,0.0,0.0,,0.0,1,0.64,0.0,SPY190802C00306000,306.0,expirationDay
2019-08-05,3207.0,-368.0,0.0,100,283.82,287.5,0,0.0,0.0,,0.0,0,0.0,0.0,,0.0,bidTooLow
2019-08-06,3207.0,30.0,0.0,100,287.8,287.5,0,0.0,0.0,,0.0,0,0.0,0.0,,0.0,bidTooLow
2019-08-07,3207.0,47.0,0.0,100,287.97,287.5,0,0.0,0.0,,0.0,0,0.0,0.0,,0.0,bidTooLow
2019-08-08,3207.0,612.0,0.0,100,293.62,287.5,0,0.0,0.0,,0.0,0,0.0,0.0,,0.0,bidTooLow
2019-08-09,3207.0,412.0,0.0,100,291.62,287.5,0,0.0,0.0,,0.0,0,0.0,0.0,,0.0,bidTooLow
2019-08-12,3207.0,57.0,0.0,100,288.07,287.5,0,0.0,0.0,,0.0,0,0.0,0.0,,0.0,bidTooLow
2019-08-13,3207.0,505.0,0.0,100,292.55,287.5,0,0.0,0.0,,0.0,0,0.0,0.0,,0.0,bidTooLow
2019-08-14,3207.0,-360.0,0.0,100,283.9,287.5,0,0.0,0.0,,0.0,0,0.0,0.0,,0.0,bidTooLow
2019-08-15,3207.0,-285.0,0.0,100,284.65,287.5,0,0.0,0.0,,0.0,0,0.0,0.0,,0.0,bidTooLow
2019-08-16,3207.0,135.0,0.0,100,288.85,287.5,0,0.0,0.0,,0.0,0,0.0,0.0,,0.0,bidTooLow
2019-08-19,3207.0,483.0,0.0,100,292.33,287.5,0,0.0,0.0,,0.0,0,0.0,0.0,,0.0,bidTooLow
2019-08-20,3207.0,259.0,0.0,100,290.09,287.5,0,0.0,0.0,,0.0,0,0.0,0.0,,0.0,bidTooLow
2019-08-21,3207.0,495.0,0.0,100,292.45,287.5,0,0.0,0.0,,0.0,0,0.0,0.0,,0.0,bidTooLow
2019-08-22,3207.0,486.0,0.0,100,292.36,287.5,0,0.0,0.0,,0.0,0,0.0,0.0,,0.0,bidTooLow
2019-08-23,3207.0,-265.0,0.0,100,284.85,287.5,0,0.0,0.0,,0.0,0,0.0,0.0,,0.0,bidTooLow
2019-08-26,3207.0,47.0,0.0,100,288.0,287.5,0,0.0,0.0,,0.0,1,0.06,0.09,SPY190913C00304000,304.0,normalDay
2019-08-27,3207.0,-64.0,0.0,100,286.87,287.5,0,0.0,0.0,,0.0,1,0.06,0.07,SPY190913C00304000,304.0,normalDay
2019-08-28,3207.0,136.0,0.0,100,288.89,287.5,0,0.0,0.0,,0.0,1,0.06,0.09,SPY190913C00304000,304.0,normalDay
2019-08-29,3207.0,499.0,0.0,100,292.58,287.5,0,0.0,0.0,,0.0,1,0.06,0.15,SPY190913C00304000,304.0,normalDay
2019-08-30,3207.0,488.0,0.0,100,292.45,287.5,0,0.0,0.0,,0.0,1,0.06,0.13,SPY190913C00304000,304.0,normalDay
2019-09-03,3207.0,327.0,0.0,100,290.74,287.5,0,0.0,0.0,,0.0,1,0.06,0.03,SPY190913C00304000,304.0,normalDay
2019-09-04,3207.0,656.0,0.0,100,294.04,287.5,0,0.0,0.0,,0.0,1,0.06,0.04,SPY190913C00304000,304.0,normalDay
2019-09-05,3207.0,1019.0,0.0,100,297.82,287.5,0,0.0,0.0,,0.0,1,0.06,0.19,SPY190913C00304000,304.0,normalDay
2019-09-06,3207.0,1049.0,0.0,100,298.05,287.5,0,0.0,0.0,,0.0,1,0.06,0.12,SPY190913C00304000,304.0,normalDay
2019-09-09,3207.0,1071.0,0.0,100,298.2,287.5,0,0.0,0.0,,0.0,1,0.06,0.05,SPY190913C00304000,304.0,normalDay
2019-09-10,3207.0,1066.0,0.0,100,298.13,287.5,0,0.0,0.0,,0.0,1,0.06,0.03,SPY190913C00304000,304.0,normalDay
2019-09-11,3207.0,1272.0,0.0,100,300.25,287.5,0,0.0,0.0,,0.0,1,0.06,0.09,SPY190913C00304000,304.0,normalDay
2019-09-12,3207.0,1379.0,0.0,100,301.29,287.5,0,0.0,0.0,,0.0,1,0.06,0.06,SPY190913C00304000,304.0,normalDay
2019-09-13,3213.0,1359.0,6.0,100,301.09,287.5,0,0.0,0.0,,0.0,1,0.06,0.0,SPY190913C00304000,304.0,expirationDay
2019-09-16,3213.0,1263.0,0.0,100,300.16,287.5,0,0.0,0.0,,0.0,1,0.11,0.14,SPY191004C00310000,310.0,normalDay
2019-09-17,3213.0,1336.0,0.0,100,300.92,287.5,0,0.0,0.0,,0.0,1,0.11,0.17,SPY191004C00310000,310.0,normalDay
2019-09-18,3213.0,1356.0,0.0,100,301.1,287.5,0,0.0,0.0,,0.0,1,0.11,0.15,SPY191004C00310000,310.0,normalDay
2019-09-19,3213.0,1356.0,0.0,100,301.08,287.5,0,0.0,0.0,,0.0,1,0.11,0.13,SPY191004C00310000,310.0,normalDay
2019-09-20,3213.0,1083.0,0.0,100,298.28,287.5,0,0.0,0.0,,0.0,1,0.11,0.06,SPY191004C00310000,310.0,normalDay
2019-09-23,3213.0,1079.0,0.0,100,298.21,287.5,0,0.0,0.0,,0.0,1,0.11,0.03,SPY191004C00310000,310.0,normalDay
2019-09-24,3213.0,846.0,0.0,100,295.87,287.5,0,0.0,0.0,,0.0,1,0.11,0.02,SPY191004C00310000,310.0,normalDay
2019-09-25,3213.0,1022.0,0.0,100,297.62,287.5,0,0.0,0.0,,0.0,1,0.11,0.01,SPY191004C00310000,310.0,normalDay
2019-09-26,3213.0,960.0,0.0,100,297.0,287.5,0,0.0,0.0,,0.0,1,0.11,0.01,SPY191004C00310000,310.0,normalDay
2019-09-27,3213.0,800.0,0.0,100,295.4,287.5,0,0.0,0.0,,0.0,1,0.11,0.01,SPY191004C00310000,310.0,normalDay
2019-09-30,3213.0,937.0,0.0,100,296.77,287.5,0,0.0,0.0,,0.0,1,0.11,0.01,SPY191004C00310000,310.0,normalDay
2019-10-01,3213.0,584.0,0.0,100,293.24,287.5,0,0.0,0.0,,0.0,1,0.11,0.01,SPY191004C00310000,310.0,normalDay
2019-10-02,3213.0,66.0,0.0,100,288.06,287.5,0,0.0,0.0,,0.0,1,0.11,0.01,SPY191004C00310000,310.0,normalDay
2019-10-03,3213.0,302.0,0.0,100,290.42,287.5,0,0.0,0.0,,0.0,1,0.11,0.01,SPY191004C00310000,310.0,normalDay
2019-10-04,3224.0,685.0,11.0,100,294.35,287.5,0,0.0,0.0,,0.0,1,0.11,0.0,SPY191004C00310000,310.0,expirationDay
2019-10-07,3224.0,555.0,0.0,100,293.08,287.5,0,0.0,0.0,,0.0,1,0.03,0.06,SPY191025C00309000,309.0,normalDay
2019-10-08,3224.0,103.0,0.0,100,288.53,287.5,0,0.0,0.0,,0.0,1,0.03,0.03,SPY191025C00309000,309.0,normalDay
2019-10-09,3224.0,377.0,0.0,100,291.27,287.5,0,0.0,0.0,,0.0,1,0.03,0.03,SPY191025C00309000,309.0,normalDay
2019-10-10,3224.0,572.0,0.0,100,293.24,287.5,0,0.0,0.0,,0.0,1,0.03,0.05,SPY191025C00309000,309.0,normalDay
2019-10-11,3224.0,874.0,0.0,100,296.28,287.5,0,0.0,0.0,,0.0,1,0.03,0.07,SPY191025C00309000,309.0,normalDay
2019-10-14,3224.0,846.0,0.0,100,295.95,287.5,0,0.0,0.0,,0.0,1,0.03,0.02,SPY191025C00309000,309.0,normalDay
2019-10-15,3224.0,1136.0,0.0,100,298.88,287.5,0,0.0,0.0,,0.0,1,0.03,0.05,SPY191025C00309000,309.0,normalDay
2019-10-16,3224.0,1091.0,0.0,100,298.4,287.5,0,0.0,0.0,,0.0,1,0.03,0.02,SPY191025C00309000,309.0,normalDay
2019-10-17,3224.0,1179.0,0.0,100,299.28,287.5,0,0.0,0.0,,0.0,1,0.03,0.02,SPY191025C00309000,309.0,normalDay
2019-10-18,3224.0,1049.0,0.0,100,297.97,287.5,0,0.0,0.0,,0.0,1,0.03,0.01,SPY191025C00309000,309.0,normalDay
2019-10-21,3224.0,1251.0,0.0,100,299.99,287.5,0,0.0,0.0,,0.0,1,0.03,0.01,SPY191025C00309000,309.0,normalDay
2019-10-22,3224.0,1153.0,0.0,100,299.01,287.5,0,0.0,0.0,,0.0,1,0.03,0.01,SPY191025C00309000,309.0,normalDay
2019-10-23,3224.0,1240.0,0.0,100,299.88,287.5,0,0.0,0.0,,0.0,1,0.03,0.01,SPY191025C00309000,309.0,normalDay
2019-10-24,3224.0,1289.0,0.0,100,300.37,287.5,0,0.0,0.0,,0.0,1,0.03,0.01,SPY191025C00309000,309.0,normalDay
2019-10-25,3227.0,1410.0,3.0,100,301.6,287.5,0,0.0,0.0,,0.0,1,0.03,0.0,SPY191025C00309000,309.0,expirationDay
2019-10-28,3227.0,1577.0,0.0,100,303.3,287.5,0,0.0,0.0,,0.0,1,0.49,0.52,SPY191115C00310000,310.0,normalDay
2019-10-29,3227.0,1577.0,0.0,100,303.21,287.5,0,0.0,0.0,,0.0,1,0.49,0.43,SPY191115C00310000,310.0,normalDay
2019-10-30,3227.0,1665.0,0.0,100,304.14,287.5,0,0.0,0.0,,0.0,1,0.49,0.48,SPY191115C00310000,310.0,normalDay
2019-10-31,3227.0,1599.0,0.0,100,303.33,287.5,0,0.0,0.0,,0.0,1,0.49,0.33,SPY191115C00310000,310.0,normalDay
2019-11-01,3227.0,1842.0,0.0,100,306.14,287.5,0,0.0,0.0,,0.0,1,0.49,0.71,SPY191115C00310000,310.0,normalDay
2019-11-04,3227.0,1943.0,0.0,100,307.37,287.5,0,0.0,0.0,,0.0,1,0.49,0.93,SPY191115C00310000,310.0,normalDay
2019-11-05,3227.0,1925.0,0.0,100,307.03,287.5,0,0.0,0.0,,0.0,1,0.49,0.77,SPY191115C00310000,310.0,normalDay
2019-11-06,3227.0,1948.0,0.0,100,307.1,287.5,0,0.0,0.0,,0.0,1,0.49,0.61,SPY191115C00310000,310.0,normalDay
2019-11-07,3227.0,2032.0,0.0,100,308.18,287.5,0,0.0,0.0,,0.0,1,0.49,0.85,SPY191115C00310000,310.0,normalDay
2019-11-08,3227.0,2101.0,0.0,100,308.94,287.5,0,0.0,0.0,,0.0,1,0.49,0.92,SPY191115C00310000,310.0,normalDay
2019-11-11,3227.0,2074.0,0.0,100,308.35,287.5,0,0.0,0.0,,0.0,1,0.49,0.6,SPY191115C00310000,310.0,normalDay
2019-11-12,3227.0,2143.0,0.0,100,309.0,287.5,0,0.0,0.0,,0.0,1,0.49,0.56,SPY191115C00310000,310.0,normalDay
2019-11-13,3227.0,2159.0,0.0,100,309.1,287.5,0,0.0,0.0,,0.0,1,0.49,0.5,SPY191115C00310000,310.0,normalDay
2019-11-14,3227.0,2209.0,0.0,100,309.55,287.5,0,0.0,0.0,,0.0,1,0.49,0.45,SPY191115C00310000,310.0,normalDay
2019-11-15,5526.0,2209.0,2299.0,0,311.79,0.0,0,0.0,0.0,,0.0,1,0.49,0.0,SPY191115C00310000,310.0,expirationDay
2019-11-18,5526.0,-3.0,0.0,0,312.02,0.0,1,0.7,0.73,SPY191206P00302500,302.5,0,0.0,0.0,,0.0,normalDay
2019-11-19,5526.0,-2.0,0.0,0,311.93,0.0,1,0.7,0.72,SPY191206P00302500,302.5,0,0.0,0.0,,0.0,normalDay
2019-11-20,5526.0,-13.0,0.0,0,310.77,0.0,1,0.7,0.83,SPY191206P00302500,302.5,0,0.0,0.0,,0.0,normalDay
2019-11-21,5526.0,-15.0,0.0,0,310.27,0.0,1,0.7,0.85,SPY191206P00302500,302.5,0,0.0,0.0,,0.0,normalDay
2019-11-22,5526.0,13.0,0.0,0,310.96,0.0,1,0.7,0.57,SPY191206P00302500,302.5,0,0.0,0.0,,0.0,normalDay
2019-11-25,5526.0,42.0,0.0,0,313.37,0.0,1,0.7,0.28,SPY191206P00302500,302.5,0,0.0,0.0,,0.0,normalDay
2019-11-26,5526.0,49.0,0.0,0,314.08,0.0,1,0.7,0.21,SPY191206P00302500,302.5,0,0.0,0.0,,0.0,normalDay
2019-11-27,5526.0,56.0,0.0,0,315.48,0.0,1,0.7,0.14,SPY191206P00302500,302.5,0,0.0,0.0,,0.0,normalDay
2019-11-29,5526.0,54.0,0.0,0,314.31,0.0,1,0.7,0.16,SPY191206P00302500,302.5,0,0.0,0.0,,0.0,normalDay
2019-12-02,5526.0,45.0,0.0,0,311.64,0.0,1,0.7,0.25,SPY191206P00302500,302.5,0,0.0,0.0,,0.0,normalDay
2019-12-03,5526.0,39.0,0.0,0,309.55,0.0,1,0.7,0.31,SPY191206P00302500,302.5,0,0.0,0.0,,0.0,normalDay
2019-12-04,5526.0,62.0,0.0,0,311.46,0.0,1,0.7,0.08,SPY191206P00302500,302.5,0,0.0,0.0,,0.0,normalDay
2019-12-05,5526.0,68.0,0.0,0,312.02,0.0,1,0.7,0.02,SPY191206P00302500,302.5,0,0.0,0.0,,0.0,normalDay
2019-12-06,5596.0,0.0,70.0,0,314.87,0.0,1,0.7,0.0,SPY191206P00302500,302.5,0,0.0,0.0,,0.0,expirationDay
2019-12-09,5596.0,-5.0,0.0,0,313.88,0.0,1,2.77,2.82,SPY191227P00310000,310.0,0,0.0,0.0,,0.0,normalDay
2019-12-10,5596.0,12.0,0.0,0,313.53,0.0,1,2.77,2.65,SPY191227P00310000,310.0,0,0.0,0.0,,0.0,normalDay
2019-12-11,5596.0,62.0,0.0,0,314.42,0.0,1,2.77,2.15,SPY191227P00310000,310.0,0,0.0,0.0,,0.0,normalDay
2019-12-12,5596.0,138.0,0.0,0,317.13,0.0,1,2.77,1.39,SPY191227P00310000,310.0,0,0.0,0.0,,0.0,normalDay
2019-12-13,5596.0,184.0,0.0,0,317.32,0.0,1,2.77,0.93,SPY191227P00310000,310.0,0,0.0,0.0,,0.0,normalDay
2019-12-16,5596.0,229.0,0.0,0,319.5,0.0,1,2.77,0.48,SPY191227P00310000,310.0,0,0.0,0.0,,0.0,normalDay
2019-12-17,5596.0,239.0,0.0,0,319.57,0.0,1,2.77,0.38,SPY191227P00310000,310.0,0,0.0,0.0,,0.0,normalDay
2019-12-18,5596.0,250.0,0.0,0,319.59,0.0,1,2.77,0.27,SPY191227P00310000,310.0,0,0.0,0.0,,0.0,normalDay
2019-12-19,5596.0,264.0,0.0,0,320.9,0.0,1,2.77,0.13,SPY191227P00310000,310.0,0,0.0,0.0,,0.0,normalDay
2019-12-20,5596.0,270.0,0.0,0,320.73,0.0,1,2.77,0.07,SPY191227P00310000,310.0,0,0.0,0.0,,0.0,normalDay
2019-12-23,5596.0,274.0,0.0,0,321.22,0.0,1,2.77,0.03,SPY191227P00310000,310.0,0,0.0,0.0,,0.0,normalDay
2019-12-24,5596.0,275.0,0.0,0,321.23,0.0,1,2.77,0.02,SPY191227P00310000,310.0,0,0.0,0.0,,0.0,normalDay
2019-12-26,5596.0,276.0,0.0,0,322.94,0.0,1,2.77,0.01,SPY191227P00310000,310.0,0,0.0,0.0,,0.0,normalDay
2019-12-27,5873.0,0.0,277.0,0,322.86,0.0,1,2.77,0.0,SPY191227P00310000,310.0,0,0.0,0.0,,0.0,expirationDay
2019-12-30,5873.0,-4.0,0.0,0,321.08,0.0,1,1.42,1.46,SPY200117P00313500,313.5,0,0.0,0.0,,0.0,normalDay
2019-12-31,5873.0,35.0,0.0,0,321.86,0.0,1,1.42,1.07,SPY200117P00313500,313.5,0,0.0,0.0,,0.0,normalDay
2020-01-02,5873.0,92.0,0.0,0,324.87,0.0,1,1.42,0.5,SPY200117P00313500,313.5,0,0.0,0.0,,0.0,normalDay
2020-01-03,5873.0,52.0,0.0,0,322.41,0.0,1,1.42,0.9,SPY200117P00313500,313.5,0,0.0,0.0,,0.0,normalDay
2020-01-06,5873.0,92.0,0.0,0,323.64,0.0,1,1.42,0.5,SPY200117P00313500,313.5,0,0.0,0.0,,0.0,normalDay
2020-01-07,5873.0,89.0,0.0,0,322.73,0.0,1,1.42,0.53,SPY200117P00313500,313.5,0,0.0,0.0,,0.0,normalDay
2020-01-08,5873.0,108.0,0.0,0,324.45,0.0,1,1.42,0.34,SPY200117P00313500,313.5,0,0.0,0.0,,0.0,normalDay
2020-01-09,5873.0,125.0,0.0,0,326.65,0.0,1,1.42,0.17,SPY200117P00313500,313.5,0,0.0,0.0,,0.0,normalDay
2020-01-10,5873.0,130.0,0.0,0,325.71,0.0,1,1.42,0.12,SPY200117P00313500,313.5,0,0.0,0.0,,0.0,normalDay
2020-01-13,5873.0,138.0,0.0,0,327.95,0.0,1,1.42,0.04,SPY200117P00313500,313.5,0,0.0,0.0,,0.0,normalDay
2020-01-14,5873.0,138.0,0.0,0,327.45,0.0,1,1.42,0.04,SPY200117P00313500,313.5,0,0.0,0.0,,0.0,normalDay
2020-01-15,5873.0,139.0,0.0,0,328.19,0.0,1,1.42,0.03,SPY200117P00313500,313.5,0,0.0,0.0,,0.0,normalDay
2020-01-16,5873.0,140.0,0.0,0,330.92,0.0,1,1.42,0.02,SPY200117P00313500,313.5,0,0.0,0.0,,0.0,normalDay
2020-01-17,6015.0,0.0,142.0,0,331.95,0.0,1,1.42,0.0,SPY200117P00313500,313.5,0,0.0,0.0,,0.0,expirationDay
2020-01-21,6015.0,-4.0,0.0,0,331.3,0.0,1,0.99,1.03,SPY200207P00322000,322.0,0,0.0,0.0,,0.0,normalDay
2020-01-22,6015.0,2.0,0.0,0,331.34,0.0,1,0.99,0.97,SPY200207P00322000,322.0,0,0.0,0.0,,0.0,normalDay
2020-01-23,6015.0,12.0,0.0,0,331.72,0.0,1,0.99,0.87,SPY200207P00322000,322.0,0,0.0,0.0,,0.0,normalDay
2020-01-24,6015.0,-54.0,0.0,0,328.77,0.0,1,0.99,1.53,SPY200207P00322000,322.0,0,0.0,0.0,,0.0,normalDay
2020-01-27,6015.0,-267.0,0.0,0,323.5,0.0,1,0.99,3.66,SPY200207P00322000,322.0,0,0.0,0.0,,0.0,normalDay
2020-01-28,6015.0,-102.0,0.0,0,326.89,0.0,1,0.99,2.01,SPY200207P00322000,322.0,0,0.0,0.0,,0.0,normalDay
2020-01-29,6015.0,-95.0,0.0,0,326.62,0.0,1,0.99,1.94,SPY200207P00322000,322.0,0,0.0,0.0,,0.0,normalDay
2020-01-30,6015.0,-18.0,0.0,0,327.68,0.0,1,0.99,1.17,SPY200207P00322000,322.0,0,0.0,0.0,,0.0,normalDay
2020-01-31,6015.0,-263.0,0.0,0,321.73,0.0,1,0.99,3.62,SPY200207P00322000,322.0,0,0.0,0.0,,0.0,normalDay
2020-02-03,6015.0,-113.0,0.0,0,324.12,0.0,1,0.99,2.12,SPY200207P00322000,322.0,0,0.0,0.0,,0.0,normalDay
2020-02-04,6015.0,63.0,0.0,0,329.06,0.0,1,0.99,0.36,SPY200207P00322000,322.0,0,0.0,0.0,,0.0,normalDay
2020-02-05,6015.0,93.0,0.0,0,332.86,0.0,1,0.99,0.06,SPY200207P00322000,322.0,0,0.0,0.0,,0.0,normalDay
2020-02-06,6015.0,97.0,0.0,0,333.98,0.0,1,0.99,0.02,SPY200207P00322000,322.0,0,0.0,0.0,,0.0,normalDay
2020-02-07,6114.0,0.0,99.0,0,332.2,0.0,1,0.99,0.0,SPY200207P00322000,322.0,0,0.0,0.0,,0.0,expirationDay
2020-02-10,6114.0,-3.0,0.0,0,334.68,0.0,1,1.31,1.34,SPY200228P00326000,326.0,0,0.0,0.0,,0.0,normalDay
2020-02-11,6114.0,8.0,0.0,0,335.26,0.0,1,1.31,1.23,SPY200228P00326000,326.0,0,0.0,0.0,,0.0,normalDay
2020-02-12,6114.0,60.0,0.0,0,337.42,0.0,1,1.31,0.71,SPY200228P00326000,326.0,0,0.0,0.0,,0.0,normalDay
2020-02-13,6114.0,57.0,0.0,0,337.06,0.0,1,1.31,0.74,SPY200228P00326000,326.0,0,0.0,0.0,,0.0,normalDay
2020-02-14,6114.0,77.0,0.0,0,337.6,0.0,1,1.31,0.54,SPY200228P00326000,326.0,0,0.0,0.0,,0.0,normalDay
2020-02-18,6114.0,80.0,0.0,0,336.73,0.0,1,1.31,0.51,SPY200228P00326000,326.0,0,0.0,0.0,,0.0,normalDay
2020-02-19,6114.0,105.0,0.0,0,338.34,0.0,1,1.31,0.26,SPY200228P00326000,326.0,0,0.0,0.0,,0.0,normalDay
2020-02-20,6114.0,96.0,0.0,0,336.95,0.0,1,1.31,0.35,SPY200228P00326000,326.0,0,0.0,0.0,,0.0,normalDay
2020-02-21,6114.0,60.0,0.0,0,333.48,0.0,1,1.31,0.71,SPY200228P00326000,326.0,0,0.0,0.0,,0.0,normalDay
2020-02-24,6114.0,-475.0,0.0,0,322.42,0.0,1,1.31,6.06,SPY200228P00326000,326.0,0,0.0,0.0,,0.0,normalDay
2020-02-25,6114.0,-1188.0,0.0,0,312.65,0.0,1,1.31,13.19,SPY200228P00326000,326.0,0,0.0,0.0,,0.0,normalDay
2020-02-26,6114.0,-1377.0,0.0,0,311.5,0.0,1,1.31,15.08,SPY200228P00326000,326.0,0,0.0,0.0,,0.0,normalDay
2020-02-27,6114.0,-2751.0,0.0,0,297.51,0.0,1,1.31,28.82,SPY200228P00326000,326.0,0,0.0,0.0,,0.0,normalDay
2020-02-28,6245.0,-2974.0,131.0,100,296.26,326.0,1,1.31,0.0,SPY200228P00326000,326.0,0,0.0,0.0,,0.0,expirationDay
2020-03-02,6245.0,-1691.0,0.0,100,309.09,326.0,0,0.0,0.0,,0.0,0,0.0,0.0,,0.0,bidTooLow
2020-03-03,6245.0,-2576.0,0.0,100,300.24,326.0,0,0.0,0.0,,0.0,0,0.0,0.0,,0.0,bidTooLow
2020-03-04,6245.0,-1314.0,0.0,100,312.86,326.0,0,0.0,0.0,,0.0,0,0.0,0.0,,0.0,bidTooLow
2020-03-05,6245.0,-2354.0,0.0,100,302.46,326.0,0,0.0,0.0,,0.0,0,0.0,0.0,,0.0,bidTooLow
2020-03-06,6245.0,-2854.0,0.0,100,297.46,326.0,0,0.0,0.0,,0.0,0,0.0,0.0,,0.0,bidTooLow
2020-03-09,6245.0,-5177.0,0.0,100,274.23,326.0,0,0.0,0.0,,0.0,0,0.0,0.0,,0.0,bidTooLow
2020-03-10,6245.0,-3758.0,0.0,100,288.42,326.0,0,0.0,0.0,,0.0,0,0.0,0.0,,0.0,bidTooLow
2020-03-11,6245.0,-5164.0,0.0,100,274.36,326.0,0,0.0,0.0,,0.0,0,0.0,0.0,,0.0,bidTooLow
2020-03-12,6245.0,-7789.0,0.0,100,248.11,326.0,0,0.0,0.0,,0.0,0,0.0,0.0,,0.0,bidTooLow
2020-03-13,6245.0,-5668.0,0.0,100,269.32,326.0,0,0.0,0.0,,0.0,0,0.0,0.0,,0.0,bidTooLow
2020-03-16,6245.0,-8615.0,0.0,100,239.85,326.0,0,0.0,0.0,,0.0,0,0.0,0.0,,0.0,bidTooLow
2020-03-17,6245.0,-7320.0,0.0,100,252.8,326.0,0,0.0,0.0,,0.0,0,0.0,0.0,,0.0,bidTooLow
2020-03-18,6245.0,-8600.0,0.0,100,240.0,326.0,0,0.0,0.0,,0.0,0,0.0,0.0,,0.0,bidTooLow
2020-03-19,6245.0,-8552.0,0.0,100,240.51,326.0,0,0.0,0.0,,0.0,1,0.01,0.04,SPY200406C00340000,340.0,normalDay
2020-03-20,6245.0,-9721.0,0.0,100,228.8,326.0,0,0.0,0.0,,0.0,1,0.01,0.02,SPY200406C00340000,340.0,normalDay
2020-03-23,6245.0,-10306.0,0.0,100,222.95,326.0,0,0.0,0.0,,0.0,1,0.01,0.02,SPY200406C00340000,340.0,normalDay
2020-03-24,6245.0,-8288.0,0.0,100,243.15,326.0,0,0.0,0.0,,0.0,1,0.01,0.04,SPY200406C00340000,340.0,normalDay
2020-03-25,6245.0,-7922.0,0.0,100,246.79,326.0,0,0.0,0.0,,0.0,1,0.01,0.02,SPY200406C00340000,340.0,normalDay
2020-03-26,6245.0,-6481.0,0.0,100,261.2,326.0,0,0.0,0.0,,0.0,1,0.01,0.02,SPY200406C00340000,340.0,normalDay
2020-03-27,6245.0,-7259.0,0.0,100,253.42,326.0,0,0.0,0.0,,0.0,1,0.01,0.02,SPY200406C00340000,340.0,normalDay
2020-03-30,6245.0,-6435.0,0.0,100,261.65,326.0,0,0.0,0.0,,0.0,1,0.01,0.01,SPY200406C00340000,340.0,normalDay
2020-03-31,6245.0,-6825.0,0.0,100,257.75,326.0,0,0.0,0.0,,0.0,1,0.01,0.01,SPY200406C00340000,340.0,normalDay
2020-04-01,6245.0,-7985.0,0.0,100,246.15,326.0,0,0.0,0.0,,0.0,1,0.01,0.01,SPY200406C00340000,340.0,normalDay
2020-04-02,6245.0,-7417.0,0.0,100,251.83,326.0,0,0.0,0.0,,0.0,1,0.01,0.01,SPY200406C00340000,340.0,normalDay
2020-04-03,6245.0,-7781.0,0.0,100,248.19,326.0,0,0.0,0.0,,0.0,1,0.01,0.01,SPY200406C00340000,340.0,normalDay
2020-04-06,6246.0,-6114.0,1.0,100,264.86,326.0,0,0.0,0.0,,0.0,1,0.01,0.0,SPY200406C00340000,340.0,expirationDay
2020-04-07,6246.0,-6092.0,0.0,100,265.13,326.0,0,0.0,0.0,,0.0,1,0.64,0.69,SPY200424C00292000,292.0,normalDay
2020-04-08,6246.0,-5293.0,0.0,100,274.03,326.0,0,0.0,0.0,,0.0,1,0.64,1.6,SPY200424C00292000,292.0,normalDay
2020-04-09,6246.0,-4968.0,0.0,100,278.2,326.0,0,0.0,0.0,,0.0,1,0.64,2.52,SPY200424C00292000,292.0,normalDay
2020-04-13,6246.0,-5093.0,0.0,100,275.66,326.0,0,0.0,0.0,,0.0,1,0.64,1.23,SPY200424C00292000,292.0,normalDay
2020-04-14,6246.0,-4452.0,0.0,100,283.79,326.0,0,0.0,0.0,,0.0,1,0.64,2.95,SPY200424C00292000,292.0,normalDay
2020-04-15,6246.0,-4883.0,0.0,100,277.76,326.0,0,0.0,0.0,,0.0,1,0.64,1.23,SPY200424C00292000,292.0,normalDay
2020-04-16,6246.0,-4737.0,0.0,100,279.1,326.0,0,0.0,0.0,,0.0,1,0.64,1.11,SPY200424C00292000,292.0,normalDay
2020-04-17,6246.0,-4149.0,0.0,100,286.64,326.0,0,0.0,0.0,,0.0,1,0.64,2.77,SPY200424C00292000,292.0,normalDay
2020-04-20,6246.0,-4473.0,0.0,100,281.59,326.0,0,0.0,0.0,,0.0,1,0.64,0.96,SPY200424C00292000,292.0,normalDay
2020-04-21,6246.0,-5247.0,0.0,100,273.04,326.0,0,0.0,0.0,,0.0,1,0.64,0.15,SPY200424C00292000,292.0,normalDay
2020-04-22,6246.0,-4634.0,0.0,100,279.1,326.0,0,0.0,0.0,,0.0,1,0.64,0.08,SPY200424C00292000,292.0,normalDay
2020-04-23,6246.0,-4630.0,0.0,100,279.08,326.0,0,0.0,0.0,,0.0,1,0.64,0.02,SPY200424C00292000,292.0,normalDay
2020-04-24,6310.0,-4303.0,64.0,100,282.97,326.0,0,0.0,0.0,,0.0,1,0.64,0.0,SPY200424C00292000,292.0,expirationDay
2020-04-27,6310.0,-3898.0,0.0,100,287.05,326.0,0,0.0,0.0,,0.0,1,0.26,0.29,SPY200515C00311000,311.0,normalDay
2020-04-28,6310.0,-4023.0,0.0,100,285.73,326.0,0,0.0,0.0,,0.0,1,0.26,0.22,SPY200515C00311000,311.0,normalDay
2020-04-29,6310.0,-3313.0,0.0,100,293.21,326.0,0,0.0,0.0,,0.0,1,0.26,0.6,SPY200515C00311000,311.0,normalDay
2020-04-30,6310.0,-3564.0,0.0,100,290.48,326.0,0,0.0,0.0,,0.0,1,0.26,0.38,SPY200515C00311000,311.0,normalDay
2020-05-01,6310.0,-4305.0,0.0,100,282.79,326.0,0,0.0,0.0,,0.0,1,0.26,0.1,SPY200515C00311000,311.0,normalDay
2020-05-04,6310.0,-4225.0,0.0,100,283.57,326.0,0,0.0,0.0,,0.0,1,0.26,0.08,SPY200515C00311000,311.0,normalDay
2020-05-05,6310.0,-3962.0,0.0,100,286.19,326.0,0,0.0,0.0,,0.0,1,0.26,0.07,SPY200515C00311000,311.0,normalDay
2020-05-06,6310.0,-4153.0,0.0,100,284.25,326.0,0,0.0,0.0,,0.0,1,0.26,0.04,SPY200515C00311000,311.0,normalDay
2020-05-07,6310.0,-3810.0,0.0,100,287.68,326.0,0,0.0,0.0,,0.0,1,0.26,0.04,SPY200515C00311000,311.0,normalDay
2020-05-08,6310.0,-3335.0,0.0,100,292.44,326.0,0,0.0,0.0,,0.0,1,0.26,0.05,SPY200515C00311000,311.0,normalDay
2020-05-11,6310.0,-3328.0,0.0,100,292.5,326.0,0,0.0,0.0,,0.0,1,0.26,0.04,SPY200515C00311000,311.0,normalDay
2020-05-12,6310.0,-3909.0,0.0,100,286.67,326.0,0,0.0,0.0,,0.0,1,0.26,0.02,SPY200515C00311000,311.0,normalDay
2020-05-13,6310.0,-4415.0,0.0,100,281.6,326.0,0,0.0,0.0,,0.0,1,0.26,0.01,SPY200515C00311000,311.0,normalDay
2020-05-14,6310.0,-4078.0,0.0,100,284.97,326.0,0,0.0,0.0,,0.0,1,0.26,0.01,SPY200515C00311000,311.0,normalDay
2020-05-15,6336.0,-3972.0,26.0,100,286.28,326.0,0,0.0,0.0,,0.0,1,0.26,0.0,SPY200515C00311000,311.0,expirationDay
2020-05-18,6336.0,-3106.0,0.0,100,295.0,326.0,0,0.0,0.0,,0.0,1,2.8,2.86,SPY200605C00302000,302.0,normalDay
2020-05-19,6336.0,-3328.0,0.0,100,291.97,326.0,0,0.0,0.0,,0.0,1,2.8,2.05,SPY200605C00302000,302.0,normalDay
2020-05-20,6336.0,-2963.0,0.0,100,296.93,326.0,0,0.0,0.0,,0.0,1,2.8,3.36,SPY200605C00302000,302.0,normalDay
2020-05-21,6336.0,-3064.0,0.0,100,294.88,326.0,0,0.0,0.0,,0.0,1,2.8,2.32,SPY200605C00302000,302.0,normalDay
2020-05-22,6336.0,-2994.0,0.0,100,295.44,326.0,0,0.0,0.0,,0.0,1,2.8,2.18,SPY200605C00302000,302.0,normalDay
2020-05-26,6336.0,-2720.0,0.0,100,299.08,326.0,0,0.0,0.0,,0.0,1,2.8,3.08,SPY200605C00302000,302.0,normalDay
2020-05-27,6336.0,-2491.0,0.0,100,303.53,326.0,0,0.0,0.0,,0.0,1,2.8,5.24,SPY200605C00302000,302.0,normalDay
2020-05-28,6336.0,-2550.0,0.0,100,302.97,326.0,0,0.0,0.0,,0.0,1,2.8,5.27,SPY200605C00302000,302.0,normalDay
2020-05-29,6336.0,-2453.0,0.0,100,304.32,326.0,0,0.0,0.0,,0.0,1,2.8,5.65,SPY200605C00302000,302.0,normalDay
2020-06-01,6336.0,-2300.0,0.0,100,305.55,326.0,0,0.0,0.0,,0.0,1,2.8,5.35,SPY200605C00302000,302.0,normalDay
2020-06-02,6336.0,-2180.0,0.0,100,308.08,326.0,0,0.0,0.0,,0.0,1,2.8,6.68,SPY200605C00302000,302.0,normalDay
2020-06-03,6336.0,-2135.0,0.0,100,312.18,326.0,0,0.0,0.0,,0.0,1,2.8,10.33,SPY200605C00302000,302.0,normalDay
2020-06-04,6336.0,-2139.0,0.0,100,311.36,326.0,0,0.0,0.0,,0.0,1,2.8,9.55,SPY200605C00302000,302.0,normalDay
2020-06-05,4216.0,-2139.0,-2120.0,0,319.34,0.0,0,0.0,0.0,,0.0,1,2.8,0.0,SPY200605C00302000,302.0,expirationDay
2020-06-08,4216.0,-4.0,0.0,0,323.2,0.0,1,0.84,0.88,SPY200626P00290000,290.0,0,0.0,0.0,,0.0,normalDay
2020-06-09,4216.0,-21.0,0.0,0,320.79,0.0,1,0.84,1.05,SPY200626P00290000,290.0,0,0.0,0.0,,0.0,normalDay
2020-06-10,4216.0,-35.0,0.0,0,319.0,0.0,1,0.84,1.19,SPY200626P00290000,290.0,0,0.0,0.0,,0.0,normalDay
2020-06-11,4216.0,-498.0,0.0,0,300.61,0.0,1,0.84,5.82,SPY200626P00290000,290.0,0,0.0,0.0,,0.0,normalDay
2020-06-12,4216.0,-312.0,0.0,0,304.21,0.0,1,0.84,3.96,SPY200626P00290000,290.0,0,0.0,0.0,,0.0,normalDay
2020-06-15,4216.0,-166.0,0.0,0,307.05,0.0,1,0.84,2.5,SPY200626P00290000,290.0,0,0.0,0.0,,0.0,normalDay
2020-06-16,4216.0,-82.0,0.0,0,312.96,0.0,1,0.84,1.66,SPY200626P00290000,290.0,0,0.0,0.0,,0.0,normalDay
2020-06-17,4216.0,-50.0,0.0,0,311.66,0.0,1,0.84,1.34,SPY200626P00290000,290.0,0,0.0,0.0,,0.0,normalDay
2020-06-18,4216.0,-7.0,0.0,0,311.78,0.0,1,0.84,0.91,SPY200626P00290000,290.0,0,0.0,0.0,,0.0,normalDay
2020-06-19,4216.0,-21.0,0.0,0,308.64,0.0,1,0.84,1.05,SPY200626P00290000,290.0,0,0.0,0.0,,0.0,normalDay
2020-06-22,4216.0,58.0,0.0,0,310.62,0.0,1,0.84,0.26,SPY200626P00290000,290.0,0,0.0,0.0,,0.0,normalDay
2020-06-23,4216.0,73.0,0.0,0,312.05,0.0,1,0.84,0.11,SPY200626P00290000,290.0,0,0.0,0.0,,0.0,normalDay
2020-06-24,4216.0,60.0,0.0,0,304.09,0.0,1,0.84,0.24,SPY200626P00290000,290.0,0,0.0,0.0,,0.0,normalDay
2020-06-25,4216.0,80.0,0.0,0,307.35,0.0,1,0.84,0.04,SPY200626P00290000,290.0,0,0.0,0.0,,0.0,normalDay
2020-06-26,4300.0,0.0,84.0,0,300.05,0.0,1,0.84,0.0,SPY200626P00290000,290.0,0,0.0,0.0,,0.0,expirationDay
2020-06-29,4300.0,-5.0,0.0,0,304.46,0.0,1,7.32,7.37,SPY200717P00305000,305.0,0,0.0,0.0,,0.0,normalDay
2020-06-30,4300.0,186.0,0.0,0,308.36,0.0,1,7.32,5.46,SPY200717P00305000,305.0,0,0.0,0.0,,0.0,normalDay
2020-07-01,4300.0,317.0,0.0,0,310.52,0.0,1,7.32,4.15,SPY200717P00305000,305.0,0,0.0,0.0,,0.0,normalDay
2020-07-02,4300.0,425.0,0.0,0,312.23,0.0,1,7.32,3.07,SPY200717P00305000,305.0,0,0.0,0.0,,0.0,normalDay
2020-07-06,4300.0,548.0,0.0,0,317.05,0.0,1,7.32,1.84,SPY200717P00305000,305.0,0,0.0,0.0,,0.0,normalDay
2020-07-07,4300.0,488.0,0.0,0,313.78,0.0,1,7.32,2.44,SPY200717P00305000,305.0,0,0.0,0.0,,0.0,normalDay
2020-07-08,4300.0,586.0,0.0,0,316.18,0.0,1,7.32,1.46,SPY200717P00305000,305.0,0,0.0,0.0,,0.0,normalDay
2020-07-09,4300.0,558.0,0.0,0,314.38,0.0,1,7.32,1.74,SPY200717P00305000,305.0,0,0.0,0.0,,0.0,normalDay
2020-07-10,4300.0,663.0,0.0,0,317.59,0.0,1,7.32,0.69,SPY200717P00305000,305.0,0,0.0,0.0,,0.0,normalDay
2020-07-13,4300.0,606.0,0.0,0,314.84,0.0,1,7.32,1.26,SPY200717P00305000,305.0,0,0.0,0.0,,0.0,normalDay
2020-07-14,4300.0,689.0,0.0,0,318.92,0.0,1,7.32,0.43,SPY200717P00305000,305.0,0,0.0,0.0,,0.0,normalDay
2020-07-15,4300.0,725.0,0.0,0,321.85,0.0,1,7.32,0.07,SPY200717P00305000,305.0,0,0.0,0.0,,0.0,normalDay
2020-07-16,4300.0,727.0,0.0,0,320.79,0.0,1,7.32,0.05,SPY200717P00305000,305.0,0,0.0,0.0,,0.0,normalDay
2020-07-17,5032.0,0.0,732.0,0,321.72,0.0,1,7.32,0.0,SPY200717P00305000,305.0,0,0.0,0.0,,0.0,expirationDay
2020-07-20,5032.0,-4.0,0.0,0,324.32,0.0,1,1.89,1.93,SPY200807P00308000,308.0,0,0.0,0.0,,0.0,normalDay
2020-07-21,5032.0,4.0,0.0,0,325.01,0.0,1,1.89,1.85,SPY200807P00308000,308.0,0,0.0,0.0,,0.0,normalDay
2020-07-22,5032.0,44.0,0.0,0,326.86,0.0,1,1.89,1.45,SPY200807P00308000,308.0,0,0.0,0.0,,0.0,normalDay
2020-07-23,5032.0,-25.0,0.0,0,322.96,0.0,1,1.89,2.14,SPY200807P00308000,308.0,0,0.0,0.0,,0.0,normalDay
2020-07-24,5032.0,-2.0,0.0,0,320.88,0.0,1,1.89,1.91,SPY200807P00308000,308.0,0,0.0,0.0,,0.0,normalDay
2020-07-27,5032.0,77.0,0.0,0,323.22,0.0,1,1.89,1.12,SPY200807P00308000,308.0,0,0.0,0.0,,0.0,normalDay
2020-07-28,5032.0,53.0,0.0,0,321.17,0.0,1,1.89,1.36,SPY200807P00308000,308.0,0,0.0,0.0,,0.0,normalDay
2020-07-29,5032.0,121.0,0.0,0,325.12,0.0,1,1.89,0.68,SPY200807P00308000,308.0,0,0.0,0.0,,0.0,normalDay
2020-07-30,5032.0,118.0,0.0,0,323.96,0.0,1,1.89,0.71,SPY200807P00308000,308.0,0,0.0,0.0,,0.0,normalDay
2020-07-31,5032.0,164.0,0.0,0,326.52,0.0,1,1.89,0.25,SPY200807P00308000,308.0,0,0.0,0.0,,0.0,normalDay
2020-08-03,5032.0,180.0,0.0,0,328.79,0.0,1,1.89,0.09,SPY200807P00308000,308.0,0,0.0,0.0,,0.0,normalDay
2020-08-04,5032.0,183.0,0.0,0,330.06,0.0,1,1.89,0.06,SPY200807P00308000,308.0,0,0.0,0.0,,0.0,normalDay
2020-08-05,5032.0,187.0,0.0,0,332.11,0.0,1,1.89,0.02,SPY200807P00308000,308.0,0,0.0,0.0,,0.0,normalDay
2020-08-06,5032.0,187.0,0.0,0,334.33,0.0,1,1.89,0.02,SPY200807P00308000,308.0,0,0.0,0.0,,0.0,normalDay
2020-08-07,5221.0,0.0,189.0,0,334.57,0.0,1,1.89,0.0,SPY200807P00308000,308.0,0,0.0,0.0,,0.0,expirationDay
2020-08-10,5221.0,-4.0,0.0,0,335.57,0.0,1,1.76,1.8,SPY200828P00321000,321.0,0,0.0,0.0,,0.0,normalDay
2020-08-11,5221.0,-79.0,0.0,0,332.8,0.0,1,1.76,2.55,SPY200828P00321000,321.0,0,0.0,0.0,,0.0,normalDay
2020-08-12,5221.0,38.0,0.0,0,337.44,0.0,1,1.76,1.38,SPY200828P00321000,321.0,0,0.0,0.0,,0.0,normalDay
2020-08-13,5221.0,39.0,0.0,0,336.83,0.0,1,1.76,1.37,SPY200828P00321000,321.0,0,0.0,0.0,,0.0,normalDay
2020-08-14,5221.0,67.0,0.0,0,336.84,0.0,1,1.76,1.09,SPY200828P00321000,321.0,0,0.0,0.0,,0.0,normalDay
2020-08-17,5221.0,112.0,0.0,0,337.91,0.0,1,1.76,0.64,SPY200828P00321000,321.0,0,0.0,0.0,,0.0,normalDay
2020-08-18,5221.0,122.0,0.0,0,338.64,0.0,1,1.76,0.54,SPY200828P00321000,321.0,0,0.0,0.0,,0.0,normalDay
2020-08-19,5221.0,112.0,0.0,0,337.23,0.0,1,1.76,0.64,SPY200828P00321000,321.0,0,0.0,0.0,,0.0,normalDay
2020-08-20,5221.0,132.0,0.0,0,338.28,0.0,1,1.76,0.44,SPY200828P00321000,321.0,0,0.0,0.0,,0.0,normalDay
2020-08-21,5221.0,153.0,0.0,0,339.48,0.0,1,1.76,0.23,SPY200828P00321000,321.0,0,0.0,0.0,,0.0,normalDay
2020-08-24,5221.0,167.0,0.0,0,342.92,0.0,1,1.76,0.09,SPY200828P00321000,321.0,0,0.0,0.0,,0.0,normalDay
2020-08-25,5221.0,172.0,0.0,0,344.12,0.0,1,1.76,0.04,SPY200828P00321000,321.0,0,0.0,0.0,,0.0,normalDay
2020-08-26,5221.0,171.0,0.0,0,347.57,0.0,1,1.76,0.05,SPY200828P00321000,321.0,0,0.0,0.0,,0.0,normalDay
2020-08-27,5221.0,174.0,0.0,0,348.33,0.0,1,1.76,0.02,SPY200828P00321000,321.0,0,0.0,0.0,,0.0,normalDay
2020-08-28,5397.0,0.0,176.0,0,350.58,0.0,1,1.76,0.0,SPY200828P00321000,321.0,0,0.0,0.0,,0.0,expirationDay
2020-08-31,5397.0,-4.0,0.0,0,349.31,0.0,1,2.4,2.44,SPY200918P00334000,334.0,0,0.0,0.0,,0.0,normalDay
2020-09-01,5397.0,53.0,0.0,0,352.6,0.0,1,2.4,1.87,SPY200918P00334000,334.0,0,0.0,0.0,,0.0,normalDay
2020-09-02,5397.0,105.0,0.0,0,357.7,0.0,1,2.4,1.35,SPY200918P00334000,334.0,0,0.0,0.0,,0.0,normalDay
2020-09-03,5397.0,-150.0,0.0,0,345.39,0.0,1,2.4,3.9,SPY200918P00334000,334.0,0,0.0,0.0,,0.0,normalDay
2020-09-04,5397.0,-213.0,0.0,0,342.57,0.0,1,2.4,4.53,SPY200918P00334000,334.0,0,0.0,0.0,,0.0,normalDay
2020-09-08,5397.0,-498.0,0.0,0,333.21,0.0,1,2.4,7.38,SPY200918P00334000,334.0,0,0.0,0.0,,0.0,normalDay
2020-09-09,5397.0,-170.0,0.0,0,339.79,0.0,1,2.4,4.1,SPY200918P00334000,334.0,0,0.0,0.0,,0.0,normalDay
2020-09-10,5397.0,-363.0,0.0,0,333.89,0.0,1,2.4,6.03,SPY200918P00334000,334.0,0,0.0,0.0,,0.0,normalDay
2020-09-11,5397.0,-322.0,0.0,0,334.06,0.0,1,2.4,5.62,SPY200918P00334000,334.0,0,0.0,0.0,,0.0,normalDay
2020-09-14,5397.0,10.0,0.0,0,338.46,0.0,1,2.4,2.3,SPY200918P00334000,334.0,0,0.0,0.0,,0.0,normalDay
2020-09-15,5397.0,108.0,0.0,0,340.17,0.0,1,2.4,1.32,SPY200918P00334000,334.0,0,0.0,0.0,,0.0,normalDay
2020-09-16,5397.0,115.0,0.0,0,338.82,0.0,1,2.4,1.25,SPY200918P00334000,334.0,0,0.0,0.0,,0.0,normalDay
2020-09-17,5397.0,81.0,0.0,0,335.84,0.0,1,2.4,1.59,SPY200918P00334000,334.0,0,0.0,0.0,,0.0,normalDay
2020-09-18,5637.0,-335.0,240.0,100,330.65,334.0,1,2.4,0.0,SPY200918P00334000,334.0,0,0.0,0.0,,0.0,expirationDay
2020-09-21,5637.0,-706.0,0.0,100,326.97,334.0,0,0.0,0.0,,0.0,1,0.06,0.09,SPY201009C00366000,366.0,normalDay
2020-09-22,5637.0,-373.0,0.0,100,330.3,334.0,0,0.0,0.0,,0.0,1,0.06,0.09,SPY201009C00366000,366.0,normalDay
2020-09-23,5637.0,-1135.0,0.0,100,322.64,334.0,0,0.0,0.0,,0.0,1,0.06,0.05,SPY201009C00366000,366.0,normalDay
2020-09-24,5637.0,-1048.0,0.0,100,323.5,334.0,0,0.0,0.0,,0.0,1,0.06,0.04,SPY201009C00366000,366.0,normalDay
2020-09-25,5637.0,-525.0,0.0,100,328.73,334.0,0,0.0,0.0,,0.0,1,0.06,0.04,SPY201009C00366000,366.0,normalDay
2020-09-28,5637.0,19.0,0.0,100,334.19,334.0,0,0.0,0.0,,0.0,1,0.06,0.06,SPY201009C00366000,366.0,normalDay
2020-09-29,5637.0,-161.0,0.0,100,332.37,334.0,0,0.0,0.0,,0.0,1,0.06,0.04,SPY201009C00366000,366.0,normalDay
2020-09-30,5637.0,90.0,0.0,100,334.89,334.0,0,0.0,0.0,,0.0,1,0.06,0.05,SPY201009C00366000,366.0,normalDay
2020-10-01,5637.0,305.0,0.0,100,337.04,334.0,0,0.0,0.0,,0.0,1,0.06,0.05,SPY201009C00366000,366.0,normalDay
2020-10-02,5637.0,-12.0,0.0,100,333.84,334.0,0,0.0,0.0,,0.0,1,0.06,0.02,SPY201009C00366000,366.0,normalDay
2020-10-05,5637.0,581.0,0.0,100,339.76,334.0,0,0.0,0.0,,0.0,1,0.06,0.01,SPY201009C00366000,366.0,normalDay
2020-10-06,5637.0,98.0,0.0,100,334.93,334.0,0,0.0,0.0,,0.0,1,0.06,0.01,SPY201009C00366000,366.0,normalDay
2020-10-07,5637.0,681.0,0.0,100,340.76,334.0,0,0.0,0.0,,0.0,1,0.06,0.01,SPY201009C00366000,366.0,normalDay
2020-10-08,5637.0,983.0,0.0,100,343.78,334.0,0,0.0,0.0,,0.0,1,0.06,0.01,SPY201009C00366000,366.0,normalDay
2020-10-09,5643.0,1285.0,6.0,100,346.85,334.0,0,0.0,0.0,,0.0,1,0.06,0.0,SPY201009C00366000,366.0,expirationDay
2020-10-12,5643.0,1838.0,0.0,100,352.43,334.0,0,0.0,0.0,,0.0,1,2.7,2.75,SPY201030C00359000,359.0,normalDay
2020-10-13,5643.0,1671.0,0.0,100,350.13,334.0,0,0.0,0.0,,0.0,1,2.7,2.12,SPY201030C00359000,359.0,normalDay
2020-10-14,5643.0,1516.0,0.0,100,347.93,334.0,0,0.0,0.0,,0.0,1,2.7,1.47,SPY201030C00359000,359.0,normalDay
2020-10-15,5643.0,1486.0,0.0,100,347.5,334.0,0,0.0,0.0,,0.0,1,2.7,1.34,SPY201030C00359000,359.0,normalDay
2020-10-16,5643.0,1491.0,0.0,100,347.29,334.0,0,0.0,0.0,,0.0,1,2.7,1.08,SPY201030C00359000,359.0,normalDay
2020-10-19,5643.0,1025.0,0.0,100,342.01,334.0,0,0.0,0.0,,0.0,1,2.7,0.46,SPY201030C00359000,359.0,normalDay
2020-10-20,5643.0,1160.0,0.0,100,343.38,334.0,0,0.0,0.0,,0.0,1,2.7,0.48,SPY201030C00359000,359.0,normalDay
2020-10-21,5643.0,1108.0,0.0,100,342.73,334.0,0,0.0,0.0,,0.0,1,2.7,0.35,SPY201030C00359000,359.0,normalDay
2020-10-22,5643.0,1300.0,0.0,100,344.61,334.0,0,0.0,0.0,,0.0,1,2.7,0.31,SPY201030C00359000,359.0,normalDay
2020-10-23,5643.0,1430.0,0.0,100,345.78,334.0,0,0.0,0.0,,0.0,1,2.7,0.18,SPY201030C00359000,359.0,normalDay
2020-10-26,5643.0,804.0,0.0,100,339.39,334.0,0,0.0,0.0,,0.0,1,2.7,0.05,SPY201030C00359000,359.0,normalDay
2020-10-27,5643.0,690.0,0.0,100,338.22,334.0,0,0.0,0.0,,0.0,1,2.7,0.02,SPY201030C00359000,359.0,normalDay
2020-10-28,5643.0,-465.0,0.0,100,326.66,334.0,0,0.0,0.0,,0.0,1,2.7,0.01,SPY201030C00359000,359.0,normalDay
2020-10-29,5643.0,-133.0,0.0,100,329.98,334.0,0,0.0,0.0,,0.0,1,2.7,0.01,SPY201030C00359000,359.0,normalDay
2020-10-30,5913.0,-746.0,270.0,100,326.54,334.0,0,0.0,0.0,,0.0,1,2.7,0.0,SPY201030C00359000,359.0,expirationDay
2020-11-02,5913.0,-383.0,0.0,100,330.2,334.0,0,0.0,0.0,,0.0,1,0.31,0.34,SPY201120C00365000,365.0,normalDay
2020-11-03,5913.0,175.0,0.0,100,336.03,334.0,0,0.0,0.0,,0.0,1,0.31,0.59,SPY201120C00365000,365.0,normalDay
2020-11-04,5913.0,930.0,0.0,100,343.54,334.0,0,0.0,0.0,,0.0,1,0.31,0.55,SPY201120C00365000,365.0,normalDay
2020-11-05,5913.0,1530.0,0.0,100,350.24,334.0,0,0.0,0.0,,0.0,1,0.31,1.25,SPY201120C00365000,365.0,normalDay
2020-11-06,5913.0,1571.0,0.0,100,350.16,334.0,0,0.0,0.0,,0.0,1,0.31,0.76,SPY201120C00365000,365.0,normalDay
2020-11-09,5913.0,1912.0,0.0,100,354.56,334.0,0,0.0,0.0,,0.0,1,0.31,1.75,SPY201120C00365000,365.0,normalDay
2020-11-10,5913.0,1928.0,0.0,100,354.04,334.0,0,0.0,0.0,,0.0,1,0.31,1.07,SPY201120C00365000,365.0,normalDay
2020-11-11,5913.0,2183.0,0.0,100,356.67,334.0,0,0.0,0.0,,0.0,1,0.31,1.15,SPY201120C00365000,365.0,normalDay
2020-11-12,5913.0,1906.0,0.0,100,353.21,334.0,0,0.0,0.0,,0.0,1,0.31,0.46,SPY201120C00365000,365.0,normalDay
2020-11-13,5913.0,2338.0,0.0,100,358.1,334.0,0,0.0,0.0,,0.0,1,0.31,1.03,SPY201120C00365000,365.0,normalDay
2020-11-16,5913.0,2736.0,0.0,100,362.57,334.0,0,0.0,0.0,,0.0,1,0.31,1.52,SPY201120C00365000,365.0,normalDay
2020-11-17,5913.0,2620.0,0.0,100,360.62,334.0,0,0.0,0.0,,0.0,1,0.31,0.73,SPY201120C00365000,365.0,normalDay
2020-11-18,5913.0,2248.0,0.0,100,356.28,334.0,0,0.0,0.0,,0.0,1,0.31,0.11,SPY201120C00365000,365.0,normalDay
2020-11-19,5913.0,2405.0,0.0,100,357.78,334.0,0,0.0,0.0,,0.0,1,0.31,0.04,SPY201120C00365000,365.0,normalDay
2020-11-20,5944.0,2133.0,31.0,100,355.33,334.0,0,0.0,0.0,,0.0,1,0.31,0.0,SPY201120C00365000,365.0,expirationDay
2020-11-23,5944.0,2343.0,0.0,100,357.46,334.0,0,0.0,0.0,,0.0,1,0.08,0.11,SPY201211C00385000,385.0,normalDay
2020-11-24,5944.0,2906.0,0.0,100,363.22,334.0,0,0.0,0.0,,0.0,1,0.08,0.24,SPY201211C00385000,385.0,normalDay
2020-11-25,5944.0,2856.0,0.0,100,362.66,334.0,0,0.0,0.0,,0.0,1,0.08,0.18,SPY201211C00385000,385.0,normalDay
2020-11-27,5944.0,2959.0,0.0,100,363.67,334.0,0,0.0,0.0,,0.0,1,0.08,0.16,SPY201211C00385000,385.0,normalDay
2020-11-30,5944.0,2807.0,0.0,100,362.06,334.0,0,0.0,0.0,,0.0,1,0.08,0.07,SPY201211C00385000,385.0,normalDay
2020-12-01,5944.0,3198.0,0.0,100,366.02,334.0,0,0.0,0.0,,0.0,1,0.08,0.12,SPY201211C00385000,385.0,normalDay
2020-12-02,5944.0,3276.0,0.0,100,366.79,334.0,0,0.0,0.0,,0.0,1,0.08,0.11,SPY201211C00385000,385.0,normalDay
2020-12-03,5944.0,3269.0,0.0,100,366.69,334.0,0,0.0,0.0,,0.0,1,0.08,0.08,SPY201211C00385000,385.0,normalDay
2020-12-04,5944.0,3586.0,0.0,100,369.85,334.0,0,0.0,0.0,,0.0,1,0.08,0.07,SPY201211C00385000,385.0,normalDay
2020-12-07,5944.0,3514.0,0.0,100,369.09,334.0,0,0.0,0.0,,0.0,1,0.08,0.03,SPY201211C00385000,385.0,normalDay
2020-12-08,5944.0,3623.0,0.0,100,370.17,334.0,0,0.0,0.0,,0.0,1,0.08,0.02,SPY201211C00385000,385.0,normalDay
2020-12-09,5944.0,3292.0,0.0,100,366.85,334.0,0,0.0,0.0,,0.0,1,0.08,0.01,SPY201211C00385000,385.0,normalDay
2020-12-10,5944.0,3280.0,0.0,100,366.73,334.0,0,0.0,0.0,,0.0,1,0.08,0.01,SPY201211C00385000,385.0,normalDay
2020-12-11,5952.0,3230.0,8.0,100,366.3,334.0,0,0.0,0.0,,0.0,1,0.08,0.0,SPY201211C00385000,385.0,expirationDay
2020-12-14,5952.0,3062.0,0.0,100,364.66,334.0,0,0.0,0.0,,0.0,1,0.72,0.76,SPY201231C00377000,377.0,normalDay
2020-12-15,5952.0,3513.0,0.0,100,369.59,334.0,0,0.0,0.0,,0.0,1,0.72,1.18,SPY201231C00377000,377.0,normalDay
2020-12-16,5952.0,3570.0,0.0,100,370.17,334.0,0,0.0,0.0,,0.0,1,0.72,1.19,SPY201231C00377000,377.0,normalDay
2020-12-17,5952.0,3740.0,0.0,100,372.24,334.0,0,0.0,0.0,,0.0,1,0.72,1.56,SPY201231C00377000,377.0,normalDay
2020-12-18,5952.0,3479.0,0.0,100,369.18,334.0,0,0.0,0.0,,0.0,1,0.72,1.11,SPY201231C00377000,377.0,normalDay
2020-12-21,5952.0,3380.0,0.0,100,367.86,334.0,0,0.0,0.0,,0.0,1,0.72,0.78,SPY201231C00377000,377.0,normalDay
2020-12-22,5952.0,3352.0,0.0,100,367.24,334.0,0,0.0,0.0,,0.0,1,0.72,0.44,SPY201231C00377000,377.0,normalDay
2020-12-23,5952.0,3401.0,0.0,100,367.57,334.0,0,0.0,0.0,,0.0,1,0.72,0.28,SPY201231C00377000,377.0,normalDay
2020-12-24,5952.0,3548.0,0.0,100,369.0,334.0,0,0.0,0.0,,0.0,1,0.72,0.24,SPY201231C00377000,377.0,normalDay
2020-12-28,5952.0,3856.0,0.0,100,372.17,334.0,0,0.0,0.0,,0.0,1,0.72,0.33,SPY201231C00377000,377.0,normalDay
2020-12-29,5952.0,3804.0,0.0,100,371.46,334.0,0,0.0,0.0,,0.0,1,0.72,0.14,SPY201231C00377000,377.0,normalDay
2020-12-30,5952.0,3866.0,0.0,100,371.99,334.0,0,0.0,0.0,,0.0,1,0.72,0.05,SPY201231C00377000,377.0,normalDay
2020-12-31,6024.0,3988.0,72.0,100,373.88,334.0,0,0.0,0.0,,0.0,1,0.72,0.0,SPY201231C00377000,377.0,expirationDay
2021-01-04,6024.0,3475.0,0.0,100,368.79,334.0,0,0.0,0.0,,0.0,1,2.66,2.7,SPY210122C00377000,377.0,normalDay
2021-01-05,6024.0,3687.0,0.0,100,371.33,334.0,0,0.0,0.0,,0.0,1,2.66,3.12,SPY210122C00377000,377.0,normalDay
2021-01-06,6024.0,3808.0,0.0,100,373.55,334.0,0,0.0,0.0,,0.0,1,2.66,4.13,SPY210122C00377000,377.0,normalDay
2021-01-07,6024.0,4161.0,0.0,100,379.1,334.0,0,0.0,0.0,,0.0,1,2.66,6.15,SPY210122C00377000,377.0,normalDay
2021-01-08,6024.0,4219.0,0.0,100,381.26,334.0,0,0.0,0.0,,0.0,1,2.66,7.73,SPY210122C00377000,377.0,normalDay
2021-01-11,6024.0,4126.0,0.0,100,378.69,334.0,0,0.0,0.0,,0.0,1,2.66,6.09,SPY210122C00377000,377.0,normalDay
2021-01-12,6024.0,4204.0,0.0,100,378.77,334.0,0,0.0,0.0,,0.0,1,2.66,5.39,SPY210122C00377000,377.0,normalDay
2021-01-13,6024.0,4275.0,0.0,100,379.79,334.0,0,0.0,0.0,,0.0,1,2.66,5.7,SPY210122C00377000,377.0,normalDay
2021-01-14,6024.0,4230.0,0.0,100,378.46,334.0,0,0.0,0.0,,0.0,1,2.66,4.82,SPY210122C00377000,377.0,normalDay
2021-01-15,6024.0,4191.0,0.0,100,375.7,334.0,0,0.0,0.0,,0.0,1,2.66,2.45,SPY210122C00377000,377.0,normalDay
2021-01-19,6024.0,4376.0,0.0,100,378.65,334.0,0,0.0,0.0,,0.0,1,2.66,3.55,SPY210122C00377000,377.0,normalDay
2021-01-20,6024.0,4538.0,0.0,100,383.89,334.0,0,0.0,0.0,,0.0,1,2.66,7.17,SPY210122C00377000,377.0,normalDay
2021-01-21,6024.0,4561.0,0.0,100,384.24,334.0,0,0.0,0.0,,0.0,1,2.66,7.29,SPY210122C00377000,377.0,normalDay
2021-01-22,10590.0,4561.0,4566.0,0,382.88,0.0,0,0.0,0.0,,0.0,1,2.66,0.0,SPY210122C00377000,377.0,expirationDay
2021-01-25,10590.0,-6.0,0.0,0,384.39,0.0,1,2.86,2.92,SPY210212P00372500,372.5,0,0.0,0.0,,0.0,normalDay
2021-01-26,10590.0,12.0,0.0,0,383.79,0.0,1,2.86,2.74,SPY210212P00372500,372.5,0,0.0,0.0,,0.0,normalDay
2021-01-27,10590.0,-526.0,0.0,0,374.41,0.0,1,2.86,8.12,SPY210212P00372500,372.5,0,0.0,0.0,,0.0,normalDay
2021-01-28,10590.0,-259.0,0.0,0,377.63,0.0,1,2.86,5.45,SPY210212P00372500,372.5,0,0.0,0.0,,0.0,normalDay
2021-01-29,10590.0,-663.0,0.0,0,370.07,0.0,1,2.86,9.49,SPY210212P00372500,372.5,0,0.0,0.0,,0.0,normalDay
2021-02-01,10590.0,-232.0,0.0,0,376.23,0.0,1,2.86,5.18,SPY210212P00372500,372.5,0,0.0,0.0,,0.0,normalDay
2021-02-02,10590.0,63.0,0.0,0,381.55,0.0,1,2.86,2.23,SPY210212P00372500,372.5,0,0.0,0.0,,0.0,normalDay
2021-02-03,10590.0,132.0,0.0,0,381.85,0.0,1,2.86,1.54,SPY210212P00372500,372.5,0,0.0,0.0,,0.0,normalDay
2021-02-04,10590.0,210.0,0.0,0,386.19,0.0,1,2.86,0.76,SPY210212P00372500,372.5,0,0.0,0.0,,0.0,normalDay
2021-02-05,10590.0,252.0,0.0,0,387.71,0.0,1,2.86,0.34,SPY210212P00372500,372.5,0,0.0,0.0,,0.0,normalDay
2021-02-08,10590.0,273.0,0.0,0,390.51,0.0,1,2.86,0.13,SPY210212P00372500,372.5,0,0.0,0.0,,0.0,normalDay
2021-02-09,10590.0,277.0,0.0,0,390.25,0.0,1,2.86,0.09,SPY210212P00372500,372.5,0,0.0,0.0,,0.0,normalDay
2021-02-10,10590.0,278.0,0.0,0,390.08,0.0,1,2.86,0.08,SPY210212P00372500,372.5,0,0.0,0.0,,0.0,normalDay
2021-02-11,10590.0,284.0,0.0,0,390.71,0.0,1,2.86,0.02,SPY210212P00372500,372.5,0,0.0,0.0,,0.0,normalDay
2021-02-12,10876.0,0.0,286.0,0,392.64,0.0,1,2.86,0.0,SPY210212P00372500,372.5,0,0.0,0.0,,0.0,expirationDay
2021-02-16,10876.0,-4.0,0.0,0,392.3,0.0,1,2.13,2.17,SPY210305P00378000,378.0,0,0.0,0.0,,0.0,normalDay
2021-02-17,10876.0,23.0,0.0,0,392.39,0.0,1,2.13,1.9,SPY210305P00378000,378.0,0,0.0,0.0,,0.0,normalDay
2021-02-18,10876.0,-6.0,0.0,0,390.72,0.0,1,2.13,2.19,SPY210305P00378000,378.0,0,0.0,0.0,,0.0,normalDay
2021-02-19,10876.0,10.0,0.0,0,390.03,0.0,1,2.13,2.03,SPY210305P00378000,378.0,0,0.0,0.0,,0.0,normalDay
2021-02-22,10876.0,-23.0,0.0,0,387.03,0.0,1,2.13,2.36,SPY210305P00378000,378.0,0,0.0,0.0,,0.0,normalDay
2021-02-23,10876.0,-2.0,0.0,0,387.5,0.0,1,2.13,2.15,SPY210305P00378000,378.0,0,0.0,0.0,,0.0,normalDay
2021-02-24,10876.0,110.0,0.0,0,391.77,0.0,1,2.13,1.03,SPY210305P00378000,378.0,0,0.0,0.0,,0.0,normalDay
2021-02-25,10876.0,-216.0,0.0,0,382.33,0.0,1,2.13,4.29,SPY210305P00378000,378.0,0,0.0,0.0,,0.0,normalDay
2021-02-26,10876.0,-228.0,0.0,0,380.36,0.0,1,2.13,4.41,SPY210305P00378000,378.0,0,0.0,0.0,,0.0,normalDay
2021-03-01,10876.0,122.0,0.0,0,389.58,0.0,1,2.13,0.91,SPY210305P00378000,378.0,0,0.0,0.0,,0.0,normalDay
2021-03-02,10876.0,99.0,0.0,0,386.54,0.0,1,2.13,1.14,SPY210305P00378000,378.0,0,0.0,0.0,,0.0,normalDay
2021-03-03,10876.0,0.0,0.0,0,381.42,0.0,1,2.13,2.13,SPY210305P00378000,378.0,0,0.0,0.0,,0.0,normalDay
2021-03-04,10876.0,-110.0,0.0,0,376.7,0.0,1,2.13,3.23,SPY210305P00378000,378.0,0,0.0,0.0,,0.0,normalDay
2021-03-05,11089.0,0.0,213.0,0,383.63,0.0,1,2.13,0.0,SPY210305P00378000,378.0,0,0.0,0.0,,0.0,expirationDay
2021-03-08,11089.0,-13.0,0.0,0,381.72,0.0,1,8.13,8.26,SPY210326P00383000,383.0,0,0.0,0.0,,0.0,normalDay
2021-03-09,11089.0,248.0,0.0,0,387.17,0.0,1,8.13,5.65,SPY210326P00383000,383.0,0,0.0,0.0,,0.0,normalDay
2021-03-10,11089.0,411.0,0.0,0,389.58,0.0,1,8.13,4.02,SPY210326P00383000,383.0,0,0.0,0.0,,0.0,normalDay
2021-03-11,11089.0,526.0,0.0,0,393.53,0.0,1,8.13,2.87,SPY210326P00383000,383.0,0,0.0,0.0,,0.0,normalDay
2021-03-12,11089.0,607.0,0.0,0,394.06,0.0,1,8.13,2.06,SPY210326P00383000,383.0,0,0.0,0.0,,0.0,normalDay
2021-03-15,11089.0,683.0,0.0,0,396.41,0.0,1,8.13,1.3,SPY210326P00383000,383.0,0,0.0,0.0,,0.0,normalDay
2021-03-16,11089.0,684.0,0.0,0,395.91,0.0,1,8.13,1.29,SPY210326P00383000,383.0,0,0.0,0.0,,0.0,normalDay
2021-03-17,11089.0,725.0,0.0,0,397.26,0.0,1,8.13,0.88,SPY210326P00383000,383.0,0,0.0,0.0,,0.0,normalDay
2021-03-18,11089.0,641.0,0.0,0,391.48,0.0,1,8.13,1.72,SPY210326P00383000,383.0,0,0.0,0.0,,0.0,normalDay
2021-03-19,11089.0,662.0,0.0,0,389.48,0.0,1,8.13,1.51,SPY210326P00383000,383.0,0,0.0,0.0,,0.0,normalDay
2021-03-22,11089.0,772.0,0.0,0,392.59,0.0,1,8.13,0.41,SPY210326P00383000,383.0,0,0.0,0.0,,0.0,normalDay
2021-03-23,11089.0,744.0,0.0,0,389.5,0.0,1,8.13,0.69,SPY210326P00383000,383.0,0,0.0,0.0,,0.0,normalDay
2021-03-24,11089.0,741.0,0.0,0,387.52,0.0,1,8.13,0.72,SPY210326P00383000,383.0,0,0.0,0.0,,0.0,normalDay
2021-03-25,11089.0,799.0,0.0,0,389.7,0.0,1,8.13,0.14,SPY210326P00383000,383.0,0,0.0,0.0,,0.0,normalDay
2021-03-26,11902.0,0.0,813.0,0,395.98,0.0,1,8.13,0.0,SPY210326P00383000,383.0,0,0.0,0.0,,0.0,expirationDay
2021-03-29,11902.0,-3.0,0.0,0,395.78,0.0,1,2.7,2.73,SPY210416P00385000,385.0,0,0.0,0.0,,0.0,normalDay
2021-03-30,11902.0,14.0,0.0,0,394.73,0.0,1,2.7,2.56,SPY210416P00385000,385.0,0,0.0,0.0,,0.0,normalDay
2021-03-31,11902.0,73.0,0.0,0,396.33,0.0,1,2.7,1.97,SPY210416P00385000,385.0,0,0.0,0.0,,0.0,normalDay
2021-04-01,11902.0,169.0,0.0,0,400.61,0.0,1,2.7,1.01,SPY210416P00385000,385.0,0,0.0,0.0,,0.0,normalDay
2021-04-05,11902.0,220.0,0.0,0,406.36,0.0,1,2.7,0.5,SPY210416P00385000,385.0,0,0.0,0.0,,0.0,normalDay
2021-04-06,11902.0,224.0,0.0,0,406.12,0.0,1,2.7,0.46,SPY210416P00385000,385.0,0,0.0,0.0,,0.0,normalDay
2021-04-07,11902.0,241.0,0.0,0,406.59,0.0,1,2.7,0.29,SPY210416P00385000,385.0,0,0.0,0.0,,0.0,normalDay
2021-04-08,11902.0,251.0,0.0,0,408.52,0.0,1,2.7,0.19,SPY210416P00385000,385.0,0,0.0,0.0,,0.0,normalDay
2021-04-09,11902.0,261.0,0.0,0,411.49,0.0,1,2.7,0.09,SPY210416P00385000,385.0,0,0.0,0.0,,0.0,normalDay
2021-04-12,11902.0,266.0,0.0,0,411.64,0.0,1,2.7,0.04,SPY210416P00385000,385.0,0,0.0,0.0,,0.0,normalDay
2021-04-13,11902.0,267.0,0.0,0,412.86,0.0,1,2.7,0.03,SPY210416P00385000,385.0,0,0.0,0.0,,0.0,normalDay
2021-04-14,11902.0,267.0,0.0,0,411.45,0.0,1,2.7,0.03,SPY210416P00385000,385.0,0,0.0,0.0,,0.0,normalDay
2021-04-15,11902.0,268.0,0.0,0,415.87,0.0,1,2.7,0.02,SPY210416P00385000,385.0,0,0.0,0.0,,0.0,normalDay
2021-04-16,12172.0,0.0,270.0,0,417.26,0.0,1,2.7,0.0,SPY210416P00385000,385.0,0,0.0,0.0,,0.0,expirationDay
2021-04-19,12172.0,-4.0,0.0,0,415.21,0.0,1,1.1,1.14,SPY210507P00394000,394.0,0,0.0,0.0,,0.0,normalDay
2021-04-20,12172.0,-51.0,0.0,0,412.17,0.0,1,1.1,1.61,SPY210507P00394000,394.0,0,0.0,0.0,,0.0,normalDay
2021-04-21,12172.0,24.0,0.0,0,416.07,0.0,1,1.1,0.86,SPY210507P00394000,394.0,0,0.0,0.0,,0.0,normalDay
2021-04-22,12172.0,-22.0,0.0,0,412.27,0.0,1,1.1,1.32,SPY210507P00394000,394.0,0,0.0,0.0,,0.0,normalDay
2021-04-23,12172.0,52.0,0.0,0,416.74,0.0,1,1.1,0.58,SPY210507P00394000,394.0,0,0.0,0.0,,0.0,normalDay
2021-04-26,12172.0,74.0,0.0,0,417.61,0.0,1,1.1,0.36,SPY210507P00394000,394.0,0,0.0,0.0,,0.0,normalDay
2021-04-27,12172.0,80.0,0.0,0,417.52,0.0,1,1.1,0.3,SPY210507P00394000,394.0,0,0.0,0.0,,0.0,normalDay
2021-04-28,12172.0,92.0,0.0,0,417.4,0.0,1,1.1,0.18,SPY210507P00394000,394.0,0,0.0,0.0,,0.0,normalDay
2021-04-29,12172.0,96.0,0.0,0,420.06,0.0,1,1.1,0.14,SPY210507P00394000,394.0,0,0.0,0.0,,0.0,normalDay
2021-04-30,12172.0,93.0,0.0,0,417.3,0.0,1,1.1,0.17,SPY210507P00394000,394.0,0,0.0,0.0,,0.0,normalDay
2021-05-03,12172.0,101.0,0.0,0,418.2,0.0,1,1.1,0.09,SPY210507P00394000,394.0,0,0.0,0.0,,0.0,normalDay
2021-05-04,12172.0,100.0,0.0,0,415.62,0.0,1,1.1,0.1,SPY210507P00394000,394.0,0,0.0,0.0,,0.0,normalDay
2021-05-05,12172.0,102.0,0.0,0,415.75,0.0,1,1.1,0.08,SPY210507P00394000,394.0,0,0.0,0.0,,0.0,normalDay
2021-05-06,12172.0,107.0,0.0,0,419.07,0.0,1,1.1,0.03,SPY210507P00394000,394.0,0,0.0,0.0,,0.0,normalDay
2021-05-07,12282.0,0.0,110.0,0,422.12,0.0,1,1.1,0.0,SPY210507P00394000,394.0,0,0.0,0.0,,0.0,expirationDay
2021-05-10,12282.0,-4.0,0.0,0,417.94,0.0,1,4.57,4.61,SPY210528P00414000,414.0,0,0.0,0.0,,0.0,normalDay
2021-05-11,12282.0,-175.0,0.0,0,414.21,0.0,1,4.57,6.32,SPY210528P00414000,414.0,0,0.0,0.0,,0.0,normalDay
2021-05-12,12282.0,-748.0,0.0,0,405.41,0.0,1,4.57,12.05,SPY210528P00414000,414.0,0,0.0,0.0,,0.0,normalDay
2021-05-13,12282.0,-364.0,0.0,0,410.28,0.0,1,4.57,8.21,SPY210528P00414000,414.0,0,0.0,0.0,,0.0,normalDay
2021-05-14,12282.0,84.0,0.0,0,416.58,0.0,1,4.57,3.73,SPY210528P00414000,414.0,0,0.0,0.0,,0.0,normalDay
2021-05-17,12282.0,73.0,0.0,0,415.52,0.0,1,4.57,3.84,SPY210528P00414000,414.0,0,0.0,0.0,,0.0,normalDay
2021-05-18,12282.0,-102.0,0.0,0,411.94,0.0,1,4.57,5.59,SPY210528P00414000,414.0,0,0.0,0.0,,0.0,normalDay
2021-05-19,12282.0,-143.0,0.0,0,410.86,0.0,1,4.57,6.0,SPY210528P00414000,414.0,0,0.0,0.0,,0.0,normalDay
2021-05-20,12282.0,116.0,0.0,0,415.28,0.0,1,4.57,3.41,SPY210528P00414000,414.0,0,0.0,0.0,,0.0,normalDay
2021-05-21,12282.0,167.0,0.0,0,414.94,0.0,1,4.57,2.9,SPY210528P00414000,414.0,0,0.0,0.0,,0.0,normalDay
2021-05-24,12282.0,375.0,0.0,0,419.17,0.0,1,4.57,0.82,SPY210528P00414000,414.0,0,0.0,0.0,,0.0,normalDay
2021-05-25,12282.0,364.0,0.0,0,418.24,0.0,1,4.57,0.93,SPY210528P00414000,414.0,0,0.0,0.0,,0.0,normalDay
2021-05-26,12282.0,415.0,0.0,0,419.07,0.0,1,4.57,0.42,SPY210528P00414000,414.0,0,0.0,0.0,,0.0,normalDay
2021-05-27,12282.0,449.0,0.0,0,419.29,0.0,1,4.57,0.08,SPY210528P00414000,414.0,0,0.0,0.0,,0.0,normalDay
2021-05-28,12739.0,0.0,457.0,0,420.04,0.0,1,4.57,0.0,SPY210528P00414000,414.0,0,0.0,0.0,,0.0,expirationDay
2021-06-01,12739.0,-3.0,0.0,0,419.67,0.0,1,2.95,2.98,SPY210618P00412000,412.0,0,0.0,0.0,,0.0,normalDay
2021-06-02,12739.0,48.0,0.0,0,420.33,0.0,1,2.95,2.47,SPY210618P00412000,412.0,0,0.0,0.0,,0.0,normalDay
2021-06-03,12739.0,6.0,0.0,0,418.77,0.0,1,2.95,2.89,SPY210618P00412000,412.0,0,0.0,0.0,,0.0,normalDay
2021-06-04,12739.0,133.0,0.0,0,422.6,0.0,1,2.95,1.62,SPY210618P00412000,412.0,0,0.0,0.0,,0.0,normalDay
2021-06-07,12739.0,172.0,0.0,0,422.19,0.0,1,2.95,1.23,SPY210618P00412000,412.0,0,0.0,0.0,,0.0,normalDay
2021-06-08,12739.0,159.0,0.0,0,422.28,0.0,1,2.95,1.36,SPY210618P00412000,412.0,0,0.0,0.0,,0.0,normalDay
2021-06-09,12739.0,140.0,0.0,0,421.65,0.0,1,2.95,1.55,SPY210618P00412000,412.0,0,0.0,0.0,,0.0,normalDay
2021-06-10,12739.0,222.0,0.0,0,423.61,0.0,1,2.95,0.73,SPY210618P00412000,412.0,0,0.0,0.0,,0.0,normalDay
2021-06-11,12739.0,243.0,0.0,0,424.31,0.0,1,2.95,0.52,SPY210618P00412000,412.0,0,0.0,0.0,,0.0,normalDay
2021-06-14,12739.0,260.0,0.0,0,425.26,0.0,1,2.95,0.35,SPY210618P00412000,412.0,0,0.0,0.0,,0.0,normalDay
2021-06-15,12739.0,251.0,0.0,0,424.48,0.0,1,2.95,0.44,SPY210618P00412000,412.0,0,0.0,0.0,,0.0,normalDay
2021-06-16,12739.0,235.0,0.0,0,422.11,0.0,1,2.95,0.6,SPY210618P00412000,412.0,0,0.0,0.0,,0.0,normalDay
2021-06-17,12739.0,274.0,0.0,0,421.97,0.0,1,2.95,0.21,SPY210618P00412000,412.0,0,0.0,0.0,,0.0,normalDay
2021-06-18,13034.0,0.0,295.0,0,414.92,0.0,1,2.95,0.0,SPY210618P00412000,412.0,0,0.0,0.0,,0.0,expirationDay
2021-06-21,13034.0,-4.0,0.0,0,420.86,0.0,1,3.8,3.84,SPY210709P00419000,419.0,0,0.0,0.0,,0.0,normalDay
2021-06-22,13034.0,99.0,0.0,0,423.11,0.0,1,3.8,2.81,SPY210709P00419000,419.0,0,0.0,0.0,,0.0,normalDay
2021-06-23,13034.0,116.0,0.0,0,422.6,0.0,1,3.8,2.64,SPY210709P00419000,419.0,0,0.0,0.0,,0.0,normalDay
2021-06-24,13034.0,197.0,0.0,0,425.1,0.0,1,3.8,1.83,SPY210709P00419000,419.0,0,0.0,0.0,,0.0,normalDay
2021-06-25,13034.0,252.0,0.0,0,426.61,0.0,1,3.8,1.28,SPY210709P00419000,419.0,0,0.0,0.0,,0.0,normalDay
2021-06-28,13034.0,285.0,0.0,0,427.47,0.0,1,3.8,0.95,SPY210709P00419000,419.0,0,0.0,0.0,,0.0,normalDay
2021-06-29,13034.0,298.0,0.0,0,427.7,0.0,1,3.8,0.82,SPY210709P00419000,419.0,0,0.0,0.0,,0.0,normalDay
2021-06-30,13034.0,323.0,0.0,0,428.06,0.0,1,3.8,0.57,SPY210709P00419000,419.0,0,0.0,0.0,,0.0,normalDay
2021-07-01,13034.0,338.0,0.0,0,430.43,0.0,1,3.8,0.42,SPY210709P00419000,419.0,0,0.0,0.0,,0.0,normalDay
2021-07-02,13034.0,365.0,0.0,0,433.72,0.0,1,3.8,0.15,SPY210709P00419000,419.0,0,0.0,0.0,,0.0,normalDay
2021-07-06,13034.0,372.0,0.0,0,432.93,0.0,1,3.8,0.08,SPY210709P00419000,419.0,0,0.0,0.0,,0.0,normalDay
2021-07-07,13034.0,377.0,0.0,0,434.46,0.0,1,3.8,0.03,SPY210709P00419000,419.0,0,0.0,0.0,,0.0,normalDay
2021-07-08,13034.0,376.0,0.0,0,430.92,0.0,1,3.8,0.04,SPY210709P00419000,419.0,0,0.0,0.0,,0.0,normalDay
2021-07-09,13414.0,0.0,380.0,0,435.52,0.0,1,3.8,0.0,SPY210709P00419000,419.0,0,0.0,0.0,,0.0,expirationDay
2021-07-12,13414.0,-3.0,0.0,0,437.08,0.0,1,1.48,1.51,SPY210730P00422000,422.0,0,0.0,0.0,,0.0,normalDay
2021-07-13,13414.0,-40.0,0.0,0,435.59,0.0,1,1.48,1.88,SPY210730P00422000,422.0,0,0.0,0.0,,0.0,normalDay
2021-07-14,13414.0,9.0,0.0,0,436.24,0.0,1,1.48,1.39,SPY210730P00422000,422.0,0,0.0,0.0,,0.0,normalDay
2021-07-15,13414.0,-20.0,0.0,0,434.75,0.0,1,1.48,1.68,SPY210730P00422000,422.0,0,0.0,0.0,,0.0,normalDay
2021-07-16,13414.0,-93.0,0.0,0,431.34,0.0,1,1.48,2.41,SPY210730P00422000,422.0,0,0.0,0.0,,0.0,normalDay
2021-07-19,13414.0,-301.0,0.0,0,424.97,0.0,1,1.48,4.49,SPY210730P00422000,422.0,0,0.0,0.0,,0.0,normalDay
2021-07-20,13414.0,-63.0,0.0,0,431.06,0.0,1,1.48,2.11,SPY210730P00422000,422.0,0,0.0,0.0,,0.0,normalDay
2021-07-21,13414.0,59.0,0.0,0,434.55,0.0,1,1.48,0.89,SPY210730P00422000,422.0,0,0.0,0.0,,0.0,normalDay
2021-07-22,13414.0,87.0,0.0,0,435.46,0.0,1,1.48,0.61,SPY210730P00422000,422.0,0,0.0,0.0,,0.0,normalDay
2021-07-23,13414.0,127.0,0.0,0,439.94,0.0,1,1.48,0.21,SPY210730P00422000,422.0,0,0.0,0.0,,0.0,normalDay
2021-07-26,13414.0,140.0,0.0,0,441.02,0.0,1,1.48,0.08,SPY210730P00422000,422.0,0,0.0,0.0,,0.0,normalDay
2021-07-27,13414.0,131.0,0.0,0,439.01,0.0,1,1.48,0.17,SPY210730P00422000,422.0,0,0.0,0.0,,0.0,normalDay
2021-07-28,13414.0,142.0,0.0,0,438.83,0.0,1,1.48,0.06,SPY210730P00422000,422.0,0,0.0,0.0,,0.0,normalDay
2021-07-29,13414.0,146.0,0.0,0,440.65,0.0,1,1.48,0.02,SPY210730P00422000,422.0,0,0.0,0.0,,0.0,normalDay
2021-07-30,13562.0,0.0,148.0,0,438.51,0.0,1,1.48,0.0,SPY210730P00422000,422.0,0,0.0,0.0,,0.0,expirationDay
2021-08-02,13562.0,-3.0,0.0,0,437.59,0.0,1,3.63,3.66,SPY210820P00432000,432.0,0,0.0,0.0,,0.0,normalDay
2021-08-03,13562.0,130.0,0.0,0,441.15,0.0,1,3.63,2.33,SPY210820P00432000,432.0,0,0.0,0.0,,0.0,normalDay
2021-08-04,13562.0,108.0,0.0,0,438.98,0.0,1,3.63,2.55,SPY210820P00432000,432.0,0,0.0,0.0,,0.0,normalDay
2021-08-05,13562.0,182.0,0.0,0,441.76,0.0,1,3.63,1.81,SPY210820P00432000,432.0,0,0.0,0.0,,0.0,normalDay
2021-08-06,13562.0,241.0,0.0,0,442.49,0.0,1,3.63,1.22,SPY210820P00432000,432.0,0,0.0,0.0,,0.0,normalDay
2021-08-09,13562.0,260.0,0.0,0,442.13,0.0,1,3.63,1.03,SPY210820P00432000,432.0,0,0.0,0.0,,0.0,normalDay
2021-08-10,13562.0,264.0,0.0,0,442.68,0.0,1,3.63,0.99,SPY210820P00432000,432.0,0,0.0,0.0,,0.0,normalDay
2021-08-11,13562.0,305.0,0.0,0,443.78,0.0,1,3.63,0.58,SPY210820P00432000,432.0,0,0.0,0.0,,0.0,normalDay
2021-08-12,13562.0,324.0,0.0,0,445.11,0.0,1,3.63,0.39,SPY210820P00432000,432.0,0,0.0,0.0,,0.0,normalDay
2021-08-13,13562.0,339.0,0.0,0,445.92,0.0,1,3.63,0.24,SPY210820P00432000,432.0,0,0.0,0.0,,0.0,normalDay
2021-08-16,13562.0,346.0,0.0,0,446.97,0.0,1,3.63,0.17,SPY210820P00432000,432.0,0,0.0,0.0,,0.0,normalDay
2021-08-17,13562.0,330.0,0.0,0,444.04,0.0,1,3.63,0.33,SPY210820P00432000,432.0,0,0.0,0.0,,0.0,normalDay
2021-08-18,13562.0,259.0,0.0,0,439.18,0.0,1,3.63,1.04,SPY210820P00432000,432.0,0,0.0,0.0,,0.0,normalDay
2021-08-19,13562.0,336.0,0.0,0,439.86,0.0,1,3.63,0.27,SPY210820P00432000,432.0,0,0.0,0.0,,0.0,normalDay
2021-08-20,13925.0,0.0,363.0,0,443.36,0.0,1,3.63,0.0,SPY210820P00432000,432.0,0,0.0,0.0,,0.0,expirationDay
2021-08-23,13925.0,-4.0,0.0,0,447.26,0.0,1,2.24,2.28,SPY210910P00439000,439.0,0,0.0,0.0,,0.0,normalDay
2021-08-24,13925.0,16.0,0.0,0,447.97,0.0,1,2.24,2.08,SPY210910P00439000,439.0,0,0.0,0.0,,0.0,normalDay
2021-08-25,13925.0,56.0,0.0,0,448.91,0.0,1,2.24,1.68,SPY210910P00439000,439.0,0,0.0,0.0,,0.0,normalDay
2021-08-26,13925.0,-33.0,0.0,0,446.26,0.0,1,2.24,2.57,SPY210910P00439000,439.0,0,0.0,0.0,,0.0,normalDay
2021-08-27,13925.0,110.0,0.0,0,450.25,0.0,1,2.24,1.14,SPY210910P00439000,439.0,0,0.0,0.0,,0.0,normalDay
2021-08-30,13925.0,158.0,0.0,0,452.23,0.0,1,2.24,0.66,SPY210910P00439000,439.0,0,0.0,0.0,,0.0,normalDay
2021-08-31,13925.0,155.0,0.0,0,451.56,0.0,1,2.24,0.69,SPY210910P00439000,439.0,0,0.0,0.0,,0.0,normalDay
2021-09-01,13925.0,173.0,0.0,0,451.8,0.0,1,2.24,0.51,SPY210910P00439000,439.0,0,0.0,0.0,,0.0,normalDay
2021-09-02,13925.0,179.0,0.0,0,453.19,0.0,1,2.24,0.45,SPY210910P00439000,439.0,0,0.0,0.0,,0.0,normalDay
2021-09-03,13925.0,198.0,0.0,0,453.08,0.0,1,2.24,0.26,SPY210910P00439000,439.0,0,0.0,0.0,,0.0,normalDay
2021-09-07,13925.0,205.0,0.0,0,451.46,0.0,1,2.24,0.19,SPY210910P00439000,439.0,0,0.0,0.0,,0.0,normalDay
2021-09-08,13925.0,214.0,0.0,0,450.91,0.0,1,2.24,0.1,SPY210910P00439000,439.0,0,0.0,0.0,,0.0,normalDay
2021-09-09,13925.0,217.0,0.0,0,448.98,0.0,1,2.24,0.07,SPY210910P00439000,439.0,0,0.0,0.0,,0.0,normalDay
2021-09-10,14149.0,0.0,224.0,0,445.44,0.0,1,2.24,0.0,SPY210910P00439000,439.0,0,0.0,0.0,,0.0,expirationDay
2021-09-13,14149.0,-6.0,0.0,0,446.58,0.0,1,5.05,5.11,SPY211001P00444000,444.0,0,0.0,0.0,,0.0,normalDay
2021-09-14,14149.0,-107.0,0.0,0,444.17,0.0,1,5.05,6.12,SPY211001P00444000,444.0,0,0.0,0.0,,0.0,normalDay
2021-09-15,14149.0,111.0,0.0,0,447.88,0.0,1,5.05,3.94,SPY211001P00444000,444.0,0,0.0,0.0,,0.0,normalDay
2021-09-16,14149.0,84.0,0.0,0,447.17,0.0,1,5.05,4.21,SPY211001P00444000,444.0,0,0.0,0.0,,0.0,normalDay
2021-09-17,14149.0,-170.0,0.0,0,441.4,0.0,1,5.05,6.75,SPY211001P00444000,444.0,0,0.0,0.0,,0.0,normalDay
2021-09-20,14149.0,-664.0,0.0,0,434.04,0.0,1,5.05,11.69,SPY211001P00444000,444.0,0,0.0,0.0,,0.0,normalDay
2021-09-21,14149.0,-671.0,0.0,0,433.63,0.0,1,5.05,11.76,SPY211001P00444000,444.0,0,0.0,0.0,,0.0,normalDay
2021-09-22,14149.0,-251.0,0.0,0,437.86,0.0,1,5.05,7.56,SPY211001P00444000,444.0,0,0.0,0.0,,0.0,normalDay
2021-09-23,14149.0,118.0,0.0,0,443.18,0.0,1,5.05,3.87,SPY211001P00444000,444.0,0,0.0,0.0,,0.0,normalDay
2021-09-24,14149.0,215.0,0.0,0,443.91,0.0,1,5.05,2.9,SPY211001P00444000,444.0,0,0.0,0.0,,0.0,normalDay
2021-09-27,14149.0,186.0,0.0,0,442.64,0.0,1,5.05,3.19,SPY211001P00444000,444.0,0,0.0,0.0,,0.0,normalDay
2021-09-28,14149.0,-502.0,0.0,0,433.72,0.0,1,5.05,10.07,SPY211001P00444000,444.0,0,0.0,0.0,,0.0,normalDay
2021-09-29,14149.0,-431.0,0.0,0,434.45,0.0,1,5.05,9.36,SPY211001P00444000,444.0,0,0.0,0.0,,0.0,normalDay
2021-09-30,14149.0,-926.0,0.0,0,429.14,0.0,1,5.05,14.31,SPY211001P00444000,444.0,0,0.0,0.0,,0.0,normalDay
2021-10-01,14654.0,-976.0,505.0,100,434.24,444.0,1,5.05,0.0,SPY211001P00444000,444.0,0,0.0,0.0,,0.0,expirationDay
2021-10-04,14654.0,-1539.0,0.0,100,428.64,444.0,0,0.0,0.0,,0.0,1,0.03,0.06,SPY211022C00463000,463.0,normalDay
2021-10-05,14654.0,-1093.0,0.0,100,433.1,444.0,0,0.0,0.0,,0.0,1,0.03,0.06,SPY211022C00463000,463.0,normalDay
2021-10-06,14654.0,-913.0,0.0,100,434.9,444.0,0,0.0,0.0,,0.0,1,0.03,0.06,SPY211022C00463000,463.0,normalDay
2021-10-07,14654.0,-537.0,0.0,100,438.66,444.0,0,0.0,0.0,,0.0,1,0.03,0.06,SPY211022C00463000,463.0,normalDay
2021-10-08,14654.0,-614.0,0.0,100,437.86,444.0,0,0.0,0.0,,0.0,1,0.03,0.03,SPY211022C00463000,463.0,normalDay
2021-10-11,14654.0,-930.0,0.0,100,434.69,444.0,0,0.0,0.0,,0.0,1,0.03,0.02,SPY211022C00463000,463.0,normalDay
2021-10-12,14654.0,-1037.0,0.0,100,433.62,444.0,0,0.0,0.0,,0.0,1,0.03,0.02,SPY211022C00463000,463.0,normalDay
2021-10-13,14654.0,-881.0,0.0,100,435.18,444.0,0,0.0,0.0,,0.0,1,0.03,0.02,SPY211022C00463000,463.0,normalDay
2021-10-14,14654.0,-151.0,0.0,100,442.5,444.0,0,0.0,0.0,,0.0,1,0.03,0.04,SPY211022C00463000,463.0,normalDay
2021-10-15,14654.0,187.0,0.0,100,445.87,444.0,0,0.0,0.0,,0.0,1,0.03,0.03,SPY211022C00463000,463.0,normalDay
2021-10-18,14654.0,320.0,0.0,100,447.19,444.0,0,0.0,0.0,,0.0,1,0.03,0.02,SPY211022C00463000,463.0,normalDay
2021-10-19,14654.0,665.0,0.0,100,450.64,444.0,0,0.0,0.0,,0.0,1,0.03,0.02,SPY211022C00463000,463.0,normalDay
2021-10-20,14654.0,842.0,0.0,100,452.41,444.0,0,0.0,0.0,,0.0,1,0.03,0.02,SPY211022C00463000,463.0,normalDay
2021-10-21,14654.0,961.0,0.0,100,453.59,444.0,0,0.0,0.0,,0.0,1,0.03,0.01,SPY211022C00463000,463.0,normalDay
2021-10-22,14657.0,912.0,3.0,100,453.12,444.0,0,0.0,0.0,,0.0,1,0.03,0.0,SPY211022C00463000,463.0,expirationDay
2021-10-25,14657.0,1152.0,0.0,100,455.55,444.0,0,0.0,0.0,,0.0,1,0.28,0.31,SPY211112C00468000,468.0,normalDay
2021-10-26,14657.0,1178.0,0.0,100,455.96,444.0,0,0.0,0.0,,0.0,1,0.28,0.46,SPY211112C00468000,468.0,normalDay
2021-10-27,14657.0,994.0,0.0,100,453.94,444.0,0,0.0,0.0,,0.0,1,0.28,0.28,SPY211112C00468000,468.0,normalDay
2021-10-28,14657.0,1403.0,0.0,100,458.32,444.0,0,0.0,0.0,,0.0,1,0.28,0.57,SPY211112C00468000,468.0,normalDay
2021-10-29,14657.0,1489.0,0.0,100,459.25,444.0,0,0.0,0.0,,0.0,1,0.28,0.64,SPY211112C00468000,468.0,normalDay
2021-11-01,14657.0,1569.0,0.0,100,460.04,444.0,0,0.0,0.0,,0.0,1,0.28,0.63,SPY211112C00468000,468.0,normalDay
2021-11-02,14657.0,1731.0,0.0,100,461.9,444.0,0,0.0,0.0,,0.0,1,0.28,0.87,SPY211112C00468000,468.0,normalDay
2021-11-03,14657.0,1949.0,0.0,100,464.72,444.0,0,0.0,0.0,,0.0,1,0.28,1.51,SPY211112C00468000,468.0,normalDay
2021-11-04,14657.0,2109.0,0.0,100,466.91,444.0,0,0.0,0.0,,0.0,1,0.28,2.1,SPY211112C00468000,468.0,normalDay
2021-11-05,14657.0,2201.0,0.0,100,468.53,444.0,0,0.0,0.0,,0.0,1,0.28,2.8,SPY211112C00468000,468.0,normalDay
2021-11-08,14657.0,2268.0,0.0,100,468.93,444.0,0,0.0,0.0,,0.0,1,0.28,2.53,SPY211112C00468000,468.0,normalDay
2021-11-09,14657.0,2197.0,0.0,100,467.38,444.0,0,0.0,0.0,,0.0,1,0.28,1.69,SPY211112C00468000,468.0,normalDay
2021-11-10,14657.0,1951.0,0.0,100,463.62,444.0,0,0.0,0.0,,0.0,1,0.28,0.39,SPY211112C00468000,468.0,normalDay
2021-11-11,14657.0,1996.0,0.0,100,463.77,444.0,0,0.0,0.0,,0.0,1,0.28,0.09,SPY211112C00468000,468.0,normalDay
2021-11-12,14685.0,2327.0,28.0,100,467.27,444.0,0,0.0,0.0,,0.0,1,0.28,0.0,SPY211112C00468000,468.0,expirationDay
2021-11-15,14685.0,2339.0,0.0,100,467.43,444.0,0,0.0,0.0,,0.0,1,0.42,0.46,SPY211203C00480000,480.0,normalDay
2021-11-16,14685.0,2506.0,0.0,100,469.28,444.0,0,0.0,0.0,,0.0,1,0.42,0.64,SPY211203C00480000,480.0,normalDay
2021-11-17,14685.0,2415.0,0.0,100,468.14,444.0,0,0.0,0.0,,0.0,1,0.42,0.41,SPY211203C00480000,480.0,normalDay
2021-11-18,14685.0,2557.0,0.0,100,469.73,444.0,0,0.0,0.0,,0.0,1,0.42,0.58,SPY211203C00480000,480.0,normalDay
2021-11-19,14685.0,2496.0,0.0,100,468.89,444.0,0,0.0,0.0,,0.0,1,0.42,0.35,SPY211203C00480000,480.0,normalDay
2021-11-22,14685.0,2374.0,0.0,100,467.57,444.0,0,0.0,0.0,,0.0,1,0.42,0.25,SPY211203C00480000,480.0,normalDay
2021-11-23,14685.0,2436.0,0.0,100,468.19,444.0,0,0.0,0.0,,0.0,1,0.42,0.25,SPY211203C00480000,480.0,normalDay
2021-11-24,14685.0,2566.0,0.0,100,469.44,444.0,0,0.0,0.0,,0.0,1,0.42,0.2,SPY211203C00480000,480.0,normalDay
2021-11-26,14685.0,1530.0,0.0,100,458.97,444.0,0,0.0,0.0,,0.0,1,0.42,0.09,SPY211203C00480000,480.0,normalDay
2021-11-29,14685.0,2098.0,0.0,100,464.6,444.0,0,0.0,0.0,,0.0,1,0.42,0.04,SPY211203C00480000,480.0,normalDay
2021-11-30,14685.0,1195.0,0.0,100,455.56,444.0,0,0.0,0.0,,0.0,1,0.42,0.03,SPY211203C00480000,480.0,normalDay
2021-12-01,14685.0,691.0,0.0,100,450.5,444.0,0,0.0,0.0,,0.0,1,0.42,0.01,SPY211203C00480000,480.0,normalDay
2021-12-02,14685.0,1381.0,0.0,100,457.4,444.0,0,0.0,0.0,,0.0,1,0.42,0.01,SPY211203C00480000,480.0,normalDay
2021-12-03,14727.0,942.0,42.0,100,453.42,444.0,0,0.0,0.0,,0.0,1,0.42,0.0,SPY211203C00480000,480.0,expirationDay
2021-12-06,14727.0,1476.0,0.0,100,458.79,444.0,0,0.0,0.0,,0.0,1,0.17,0.2,SPY211223C00483000,483.0,normalDay
2021-12-07,14727.0,2392.0,0.0,100,468.28,444.0,0,0.0,0.0,,0.0,1,0.17,0.53,SPY211223C00483000,483.0,normalDay
2021-12-08,14727.0,2522.0,0.0,100,469.52,444.0,0,0.0,0.0,,0.0,1,0.17,0.47,SPY211223C00483000,483.0,normalDay
2021-12-09,14727.0,2227.0,0.0,100,466.35,444.0,0,0.0,0.0,,0.0,1,0.17,0.25,SPY211223C00483000,483.0,normalDay
2021-12-10,14727.0,2664.0,0.0,100,470.74,444.0,0,0.0,0.0,,0.0,1,0.17,0.27,SPY211223C00483000,483.0,normalDay
2021-12-13,14727.0,2262.0,0.0,100,466.57,444.0,0,0.0,0.0,,0.0,1,0.17,0.12,SPY211223C00483000,483.0,normalDay
2021-12-14,14727.0,1945.0,0.0,100,463.36,444.0,0,0.0,0.0,,0.0,1,0.17,0.08,SPY211223C00483000,483.0,normalDay
2021-12-15,14727.0,2662.0,0.0,100,470.6,444.0,0,0.0,0.0,,0.0,1,0.17,0.15,SPY211223C00483000,483.0,normalDay
2021-12-16,14727.0,2255.0,0.0,100,466.45,444.0,0,0.0,0.0,,0.0,1,0.17,0.07,SPY211223C00483000,483.0,normalDay
2021-12-17,14727.0,1602.0,0.0,100,459.87,444.0,0,0.0,0.0,,0.0,1,0.17,0.02,SPY211223C00483000,483.0,normalDay
2021-12-20,14727.0,1114.0,0.0,100,454.98,444.0,0,0.0,0.0,,0.0,1,0.17,0.01,SPY211223C00483000,483.0,normalDay
2021-12-21,14727.0,1922.0,0.0,100,463.06,444.0,0,0.0,0.0,,0.0,1,0.17,0.01,SPY211223C00483000,483.0,normalDay
2021-12-22,14727.0,2385.0,0.0,100,467.69,444.0,0,0.0,0.0,,0.0,1,0.17,0.01,SPY211223C00483000,483.0,normalDay
2021-12-23,14744.0,2660.0,17.0,100,470.6,444.0,0,0.0,0.0,,0.0,1,0.17,0.0,SPY211223C00483000,483.0,expirationDay
2021-12-27,14744.0,3323.0,0.0,100,477.26,444.0,0,0.0,0.0,,0.0,1,1.77,1.8,SPY220114C00485000,485.0,normalDay
2021-12-28,14744.0,3295.0,0.0,100,476.87,444.0,0,0.0,0.0,,0.0,1,1.77,1.69,SPY220114C00485000,485.0,normalDay
2021-12-29,14744.0,3372.0,0.0,100,477.48,444.0,0,0.0,0.0,,0.0,1,1.77,1.53,SPY220114C00485000,485.0,normalDay
2021-12-30,14744.0,3283.0,0.0,100,476.16,444.0,0,0.0,0.0,,0.0,1,1.77,1.1,SPY220114C00485000,485.0,normalDay
2021-12-31,14744.0,3200.0,0.0,100,474.96,444.0,0,0.0,0.0,,0.0,1,1.77,0.73,SPY220114C00485000,485.0,normalDay
2022-01-03,14744.0,3465.0,0.0,100,477.71,444.0,0,0.0,0.0,,0.0,1,1.77,0.83,SPY220114C00485000,485.0,normalDay
2022-01-04,14744.0,3462.0,0.0,100,477.55,444.0,0,0.0,0.0,,0.0,1,1.77,0.7,SPY220114C00485000,485.0,normalDay
2022-01-05,14744.0,2603.0,0.0,100,468.38,444.0,0,0.0,0.0,,0.0,1,1.77,0.12,SPY220114C00485000,485.0,normalDay
2022-01-06,14744.0,2565.0,0.0,100,467.94,444.0,0,0.0,0.0,,0.0,1,1.77,0.06,SPY220114C00485000,485.0,normalDay
2022-01-07,14744.0,2382.0,0.0,100,466.09,444.0,0,0.0,0.0,,0.0,1,1.77,0.04,SPY220114C00485000,485.0,normalDay
2022-01-10,14744.0,2326.0,0.0,100,465.51,444.0,0,0.0,0.0,,0.0,1,1.77,0.02,SPY220114C00485000,485.0,normalDay
2022-01-11,14744.0,2749.0,0.0,100,469.75,444.0,0,0.0,0.0,,0.0,1,1.77,0.03,SPY220114C00485000,485.0,normalDay
2022-01-12,14744.0,2877.0,0.0,100,471.02,444.0,0,0.0,0.0,,0.0,1,1.77,0.02,SPY220114C00485000,485.0,normalDay
2022-01-13,14744.0,2229.0,0.0,100,464.53,444.0,0,0.0,0.0,,0.0,1,1.77,0.01,SPY220114C00485000,485.0,normalDay
2022-01-14,14921.0,2072.0,177.0,100,464.72,444.0,0,0.0,0.0,,0.0,1,1.77,0.0,SPY220114C00485000,485.0,expirationDay
2022-01-18,14921.0,1246.0,0.0,100,456.49,444.0,0,0.0,0.0,,0.0,1,0.02,0.05,SPY220204C00491000,491.0,normalDay
2022-01-19,14921.0,774.0,0.0,100,451.75,444.0,0,0.0,0.0,,0.0,1,0.02,0.03,SPY220204C00491000,491.0,normalDay
2022-01-20,14921.0,274.0,0.0,100,446.75,444.0,0,0.0,0.0,,0.0,1,0.02,0.03,SPY220204C00491000,491.0,normalDay
2022-01-21,14921.0,-603.0,0.0,100,437.98,444.0,0,0.0,0.0,,0.0,1,0.02,0.03,SPY220204C00491000,491.0,normalDay
2022-01-24,14921.0,-417.0,0.0,100,439.84,444.0,0,0.0,0.0,,0.0,1,0.02,0.03,SPY220204C00491000,491.0,normalDay
2022-01-25,14921.0,-953.0,0.0,100,434.47,444.0,0,0.0,0.0,,0.0,1,0.02,0.02,SPY220204C00491000,491.0,normalDay
2022-01-26,14921.0,-1062.0,0.0,100,433.38,444.0,0,0.0,0.0,,0.0,1,0.02,0.02,SPY220204C00491000,491.0,normalDay
2022-01-27,14921.0,-1276.0,0.0,100,431.24,444.0,0,0.0,0.0,,0.0,1,0.02,0.02,SPY220204C00491000,491.0,normalDay
2022-01-28,14921.0,-205.0,0.0,100,441.95,444.0,0,0.0,0.0,,0.0,1,0.02,0.02,SPY220204C00491000,491.0,normalDay
2022-01-31,14921.0,592.0,0.0,100,449.91,444.0,0,0.0,0.0,,0.0,1,0.02,0.01,SPY220204C00491000,491.0,normalDay
2022-02-01,14921.0,896.0,0.0,100,452.95,444.0,0,0.0,0.0,,0.0,1,0.02,0.01,SPY220204C00491000,491.0,normalDay
2022-02-02,14921.0,1336.0,0.0,100,457.35,444.0,0,0.0,0.0,,0.0,1,0.02,0.01,SPY220204C00491000,491.0,normalDay
2022-02-03,14921.0,261.0,0.0,100,446.6,444.0,0,0.0,0.0,,0.0,1,0.02,0.01,SPY220204C00491000,491.0,normalDay
2022-02-04,14923.0,470.0,2.0,100,448.7,444.0,0,0.0,0.0,,0.0,1,0.02,0.0,SPY220204C00491000,491.0,expirationDay
2022-02-07,14923.0,326.0,0.0,100,447.26,444.0,0,0.0,0.0,,0.0,0,0.0,0.0,,0.0,bidTooLow
2022-02-08,14923.0,691.0,0.0,100,450.94,444.0,0,0.0,0.0,,0.0,1,0.01,0.04,SPY220225C00486000,486.0,normalDay
2022-02-09,14923.0,1346.0,0.0,100,457.54,444.0,0,0.0,0.0,,0.0,1,0.01,0.09,SPY220225C00486000,486.0,normalDay
2022-02-10,14923.0,529.0,0.0,100,449.32,444.0,0,0.0,0.0,,0.0,1,0.01,0.04,SPY220225C00486000,486.0,normalDay
2022-02-11,14923.0,-356.0,0.0,100,440.46,444.0,0,0.0,0.0,,0.0,1,0.01,0.03,SPY220225C00486000,486.0,normalDay
2022-02-14,14923.0,-499.0,0.0,100,439.02,444.0,0,0.0,0.0,,0.0,1,0.01,0.02,SPY220225C00486000,486.0,normalDay
2022-02-15,14923.0,209.0,0.0,100,446.1,444.0,0,0.0,0.0,,0.0,1,0.01,0.02,SPY220225C00486000,486.0,normalDay
2022-02-16,14923.0,260.0,0.0,100,446.6,444.0,0,0.0,0.0,,0.0,1,0.01,0.01,SPY220225C00486000,486.0,normalDay
2022-02-17,14923.0,-694.0,0.0,100,437.06,444.0,0,0.0,0.0,,0.0,1,0.01,0.01,SPY220225C00486000,486.0,normalDay
2022-02-18,14923.0,-977.0,0.0,100,434.23,444.0,0,0.0,0.0,,0.0,1,0.01,0.01,SPY220225C00486000,486.0,normalDay
2022-02-22,14923.0,-1443.0,0.0,100,429.57,444.0,0,0.0,0.0,,0.0,1,0.01,0.01,SPY220225C00486000,486.0,normalDay
2022-02-23,14923.0,-2205.0,0.0,100,421.95,444.0,0,0.0,0.0,,0.0,1,0.01,0.01,SPY220225C00486000,486.0,normalDay
2022-02-24,14923.0,-1570.0,0.0,100,428.3,444.0,0,0.0,0.0,,0.0,1,0.01,0.01,SPY220225C00486000,486.0,normalDay
2022-02-25,14924.0,-625.0,1.0,100,437.75,444.0,0,0.0,0.0,,0.0,1,0.01,0.0,SPY220225C00486000,486.0,expirationDay
2022-02-28,14924.0,-740.0,0.0,100,436.63,444.0,0,0.0,0.0,,0.0,1,0.17,0.2,SPY220318C00473000,473.0,normalDay
2022-03-01,14924.0,-1398.0,0.0,100,429.98,444.0,0,0.0,0.0,,0.0,1,0.17,0.13,SPY220318C00473000,473.0,normalDay
2022-03-02,14924.0,-608.0,0.0,100,437.89,444.0,0,0.0,0.0,,0.0,1,0.17,0.14,SPY220318C00473000,473.0,normalDay
2022-03-03,14924.0,-820.0,0.0,100,435.71,444.0,0,0.0,0.0,,0.0,1,0.17,0.08,SPY220318C00473000,473.0,normalDay
2022-03-04,14924.0,-1170.0,0.0,100,432.17,444.0,0,0.0,0.0,,0.0,1,0.17,0.04,SPY220318C00473000,473.0,normalDay
2022-03-07,14924.0,-2443.0,0.0,100,419.43,444.0,0,0.0,0.0,,0.0,1,0.17,0.03,SPY220318C00473000,473.0,normalDay
2022-03-08,14924.0,-2761.0,0.0,100,416.25,444.0,0,0.0,0.0,,0.0,1,0.17,0.03,SPY220318C00473000,473.0,normalDay
2022-03-09,14924.0,-1646.0,0.0,100,427.41,444.0,0,0.0,0.0,,0.0,1,0.17,0.04,SPY220318C00473000,473.0,normalDay
2022-03-10,14924.0,-1837.0,0.0,100,425.48,444.0,0,0.0,0.0,,0.0,1,0.17,0.02,SPY220318C00473000,473.0,normalDay
2022-03-11,14924.0,-2378.0,0.0,100,420.07,444.0,0,0.0,0.0,,0.0,1,0.17,0.02,SPY220318C00473000,473.0,normalDay
2022-03-14,14924.0,-2684.0,0.0,100,417.0,444.0,0,0.0,0.0,,0.0,1,0.17,0.01,SPY220318C00473000,473.0,normalDay
2022-03-15,14924.0,-1767.0,0.0,100,426.17,444.0,0,0.0,0.0,,0.0,1,0.17,0.01,SPY220318C00473000,473.0,normalDay
2022-03-16,14924.0,-822.0,0.0,100,435.62,444.0,0,0.0,0.0,,0.0,1,0.17,0.01,SPY220318C00473000,473.0,normalDay
2022-03-17,14924.0,-277.0,0.0,100,441.07,444.0,0,0.0,0.0,,0.0,1,0.17,0.01,SPY220318C00473000,473.0,normalDay
2022-03-18,14941.0,52.0,17.0,100,444.52,444.0,0,0.0,0.0,,0.0,1,0.17,0.0,SPY220318C00473000,473.0,expirationDay
2022-03-21,14941.0,34.0,0.0,100,444.39,444.0,0,0.0,0.0,,0.0,1,2.39,2.44,SPY220408C00457000,457.0,normalDay
2022-03-22,14941.0,437.0,0.0,100,449.59,444.0,0,0.0,0.0,,0.0,1,2.39,3.61,SPY220408C00457000,457.0,normalDay
2022-03-23,14941.0,35.0,0.0,100,443.8,444.0,0,0.0,0.0,,0.0,1,2.39,1.84,SPY220408C00457000,457.0,normalDay
2022-03-24,14941.0,563.0,0.0,100,450.49,444.0,0,0.0,0.0,,0.0,1,2.39,3.25,SPY220408C00457000,457.0,normalDay
2022-03-25,14941.0,752.0,0.0,100,452.69,444.0,0,0.0,0.0,,0.0,1,2.39,3.56,SPY220408C00457000,457.0,normalDay
2022-03-28,14941.0,1000.0,0.0,100,455.91,444.0,0,0.0,0.0,,0.0,1,2.39,4.3,SPY220408C00457000,457.0,normalDay
2022-03-29,14941.0,1261.0,0.0,100,461.55,444.0,0,0.0,0.0,,0.0,1,2.39,7.33,SPY220408C00457000,457.0,normalDay
2022-03-30,14941.0,1138.0,0.0,100,458.7,444.0,0,0.0,0.0,,0.0,1,2.39,5.71,SPY220408C00457000,457.0,normalDay
2022-03-31,14941.0,774.0,0.0,100,451.64,444.0,0,0.0,0.0,,0.0,1,2.39,2.29,SPY220408C00457000,457.0,normalDay
2022-04-01,14941.0,973.0,0.0,100,452.92,444.0,0,0.0,0.0,,0.0,1,2.39,1.58,SPY220408C00457000,457.0,normalDay
2022-04-04,14941.0,1267.0,0.0,100,456.8,444.0,0,0.0,0.0,,0.0,1,2.39,2.52,SPY220408C00457000,457.0,normalDay
2022-04-05,14941.0,868.0,0.0,100,451.03,444.0,0,0.0,0.0,,0.0,1,2.39,0.74,SPY220408C00457000,457.0,normalDay
2022-04-06,14941.0,480.0,0.0,100,446.52,444.0,0,0.0,0.0,,0.0,1,2.39,0.11,SPY220408C00457000,457.0,normalDay
2022-04-07,14941.0,711.0,0.0,100,448.77,444.0,0,0.0,0.0,,0.0,1,2.39,0.05,SPY220408C00457000,457.0,normalDay
2022-04-08,15180.0,357.0,239.0,100,447.57,444.0,0,0.0,0.0,,0.0,1,2.39,0.0,SPY220408C00457000,457.0,expirationDay
2022-04-11,15180.0,-411.0,0.0,100,439.92,444.0,0,0.0,0.0,,0.0,1,0.01,0.04,SPY220429C00474000,474.0,normalDay
2022-04-12,15180.0,-573.0,0.0,100,438.29,444.0,0,0.0,0.0,,0.0,1,0.01,0.03,SPY220429C00474000,474.0,normalDay
2022-04-13,15180.0,-71.0,0.0,100,443.31,444.0,0,0.0,0.0,,0.0,1,0.01,0.03,SPY220429C00474000,474.0,normalDay
2022-04-14,15180.0,-622.0,0.0,100,437.79,444.0,0,0.0,0.0,,0.0,1,0.01,0.02,SPY220429C00474000,474.0,normalDay
2022-04-18,15180.0,-603.0,0.0,100,437.97,444.0,0,0.0,0.0,,0.0,1,0.01,0.01,SPY220429C00474000,474.0,normalDay
2022-04-19,15180.0,103.0,0.0,100,445.04,444.0,0,0.0,0.0,,0.0,1,0.01,0.02,SPY220429C00474000,474.0,normalDay
2022-04-20,15180.0,70.0,0.0,100,444.71,444.0,0,0.0,0.0,,0.0,1,0.01,0.02,SPY220429C00474000,474.0,normalDay
2022-04-21,15180.0,-595.0,0.0,100,438.06,444.0,0,0.0,0.0,,0.0,1,0.01,0.02,SPY220429C00474000,474.0,normalDay
2022-04-22,15180.0,-1796.0,0.0,100,426.04,444.0,0,0.0,0.0,,0.0,1,0.01,0.01,SPY220429C00474000,474.0,normalDay
2022-04-25,15180.0,-1549.0,0.0,100,428.51,444.0,0,0.0,0.0,,0.0,1,0.01,0.01,SPY220429C00474000,474.0,normalDay
2022-04-26,15180.0,-2790.0,0.0,100,416.1,444.0,0,0.0,0.0,,0.0,1,0.01,0.01,SPY220429C00474000,474.0,normalDay
2022-04-27,15180.0,-2673.0,0.0,100,417.27,444.0,0,0.0,0.0,,0.0,1,0.01,0.01,SPY220429C00474000,474.0,normalDay
2022-04-28,15180.0,-1619.0,0.0,100,427.81,444.0,0,0.0,0.0,,0.0,1,0.01,0.01,SPY220429C00474000,474.0,normalDay
2022-04-29,15181.0,-3200.0,1.0,100,412.0,444.0,0,0.0,0.0,,0.0,1,0.01,0.0,SPY220429C00474000,474.0,expirationDay
2022-05-02,15181.0,-2952.0,0.0,100,414.48,444.0,0,0.0,0.0,,0.0,0,0.0,0.0,,0.0,bidTooLow
2022-05-03,15181.0,-2762.0,0.0,100,416.38,444.0,0,0.0,0.0,,0.0,0,0.0,0.0,,0.0,bidTooLow
2022-05-04,15181.0,-1497.0,0.0,100,429.06,444.0,0,0.0,0.0,,0.0,1,0.03,0.06,SPY220523C00471000,471.0,normalDay
2022-05-05,15181.0,-3020.0,0.0,100,413.81,444.0,0,0.0,0.0,,0.0,1,0.03,0.04,SPY220523C00471000,471.0,normalDay
2022-05-06,15181.0,-3265.0,0.0,100,411.34,444.0,0,0.0,0.0,,0.0,1,0.03,0.02,SPY220523C00471000,471.0,normalDay
2022-05-09,15181.0,-4582.0,0.0,100,398.17,444.0,0,0.0,0.0,,0.0,1,0.03,0.02,SPY220523C00471000,471.0,normalDay
2022-05-10,15181.0,-4490.0,0.0,100,399.09,444.0,0,0.0,0.0,,0.0,1,0.03,0.02,SPY220523C00471000,471.0,normalDay
2022-05-11,15181.0,-5124.0,0.0,100,392.75,444.0,0,0.0,0.0,,0.0,1,0.03,0.02,SPY220523C00471000,471.0,normalDay
2022-05-12,15181.0,-5164.0,0.0,100,392.34,444.0,0,0.0,0.0,,0.0,1,0.03,0.01,SPY220523C00471000,471.0,normalDay
2022-05-13,15181.0,-4226.0,0.0,100,401.72,444.0,0,0.0,0.0,,0.0,1,0.03,0.01,SPY220523C00471000,471.0,normalDay
2022-05-16,15181.0,-4389.0,0.0,100,400.09,444.0,0,0.0,0.0,,0.0,1,0.03,0.01,SPY220523C00471000,471.0,normalDay
2022-05-17,15181.0,-3566.0,0.0,100,408.32,444.0,0,0.0,0.0,,0.0,1,0.03,0.01,SPY220523C00471000,471.0,normalDay
2022-05-18,15181.0,-5212.0,0.0,100,391.86,444.0,0,0.0,0.0,,0.0,1,0.03,0.01,SPY220523C00471000,471.0,normalDay
2022-05-19,15181.0,-5452.0,0.0,100,389.46,444.0,0,0.0,0.0,,0.0,1,0.03,0.01,SPY220523C00471000,471.0,normalDay
2022-05-20,15181.0,-5435.0,0.0,100,389.63,444.0,0,0.0,0.0,,0.0,1,0.03,0.01,SPY220523C00471000,471.0,normalDay
2022-05-23,15184.0,-4708.0,3.0,100,396.92,444.0,0,0.0,0.0,,0.0,1,0.03,0.0,SPY220523C00471000,471.0,expirationDay
2022-05-24,15184.0,-5014.0,0.0,100,393.89,444.0,0,0.0,0.0,,0.0,1,0.05,0.08,SPY220610C00443000,443.0,normalDay
2022-05-25,15184.0,-4665.0,0.0,100,397.37,444.0,0,0.0,0.0,,0.0,1,0.05,0.07,SPY220610C00443000,443.0,normalDay
2022-05-26,15184.0,-3875.0,0.0,100,405.31,444.0,0,0.0,0.0,,0.0,1,0.05,0.11,SPY220610C00443000,443.0,normalDay
2022-05-27,15184.0,-2897.0,0.0,100,415.26,444.0,0,0.0,0.0,,0.0,1,0.05,0.28,SPY220610C00443000,443.0,normalDay
2022-05-31,15184.0,-3112.0,0.0,100,412.93,444.0,0,0.0,0.0,,0.0,1,0.05,0.1,SPY220610C00443000,443.0,normalDay
2022-06-01,15184.0,-3441.0,0.0,100,409.59,444.0,0,0.0,0.0,,0.0,1,0.05,0.05,SPY220610C00443000,443.0,normalDay
2022-06-02,15184.0,-2663.0,0.0,100,417.39,444.0,0,0.0,0.0,,0.0,1,0.05,0.07,SPY220610C00443000,443.0,normalDay
2022-06-03,15184.0,-3344.0,0.0,100,410.54,444.0,0,0.0,0.0,,0.0,1,0.05,0.03,SPY220610C00443000,443.0,normalDay
2022-06-06,15184.0,-3218.0,0.0,100,411.79,444.0,0,0.0,0.0,,0.0,1,0.05,0.02,SPY220610C00443000,443.0,normalDay
2022-06-07,15184.0,-2823.0,0.0,100,415.74,444.0,0,0.0,0.0,,0.0,1,0.05,0.02,SPY220610C00443000,443.0,normalDay
2022-06-08,15184.0,-3274.0,0.0,100,411.22,444.0,0,0.0,0.0,,0.0,1,0.05,0.01,SPY220610C00443000,443.0,normalDay
2022-06-09,15184.0,-4252.0,0.0,100,401.44,444.0,0,0.0,0.0,,0.0,1,0.05,0.01,SPY220610C00443000,443.0,normalDay
2022-06-10,15189.0,-5420.0,5.0,100,389.8,444.0,0,0.0,0.0,,0.0,1,0.05,0.0,SPY220610C00443000,443.0,expirationDay
2022-06-13,15189.0,-6903.0,0.0,100,375.0,444.0,0,0.0,0.0,,0.0,1,0.04,0.07,SPY220701C00438000,438.0,normalDay
2022-06-14,15189.0,-7015.0,0.0,100,373.87,444.0,0,0.0,0.0,,0.0,1,0.04,0.06,SPY220701C00438000,438.0,normalDay
2022-06-15,15189.0,-6481.0,0.0,100,379.2,444.0,0,0.0,0.0,,0.0,1,0.04,0.05,SPY220701C00438000,438.0,normalDay
2022-06-16,15189.0,-7734.0,0.0,100,366.65,444.0,0,0.0,0.0,,0.0,1,0.04,0.03,SPY220701C00438000,438.0,normalDay
2022-06-17,15189.0,-7813.0,0.0,100,365.86,444.0,0,0.0,0.0,,0.0,1,0.04,0.03,SPY220701C00438000,438.0,normalDay
2022-06-21,15189.0,-6891.0,0.0,100,375.07,444.0,0,0.0,0.0,,0.0,1,0.04,0.02,SPY220701C00438000,438.0,normalDay
2022-06-22,15189.0,-6959.0,0.0,100,374.39,444.0,0,0.0,0.0,,0.0,1,0.04,0.02,SPY220701C00438000,438.0,normalDay
2022-06-23,15189.0,-6592.0,0.0,100,378.06,444.0,0,0.0,0.0,,0.0,1,0.04,0.02,SPY220701C00438000,438.0,normalDay
2022-06-24,15189.0,-5390.0,0.0,100,390.08,444.0,0,0.0,0.0,,0.0,1,0.04,0.02,SPY220701C00438000,438.0,normalDay
2022-06-27,15189.0,-5538.0,0.0,100,388.59,444.0,0,0.0,0.0,,0.0,1,0.04,0.01,SPY220701C00438000,438.0,normalDay
2022-06-28,15189.0,-6332.0,0.0,100,380.65,444.0,0,0.0,0.0,,0.0,1,0.04,0.01,SPY220701C00438000,438.0,normalDay
2022-06-29,15189.0,-6363.0,0.0,100,380.34,444.0,0,0.0,0.0,,0.0,1,0.04,0.01,SPY220701C00438000,438.0,normalDay
2022-06-30,15189.0,-6672.0,0.0,100,377.25,444.0,0,0.0,0.0,,0.0,1,0.04,0.01,SPY220701C00438000,438.0,normalDay
2022-07-01,15193.0,-6276.0,4.0,100,381.24,444.0,0,0.0,0.0,,0.0,1,0.04,0.0,SPY220701C00438000,438.0,expirationDay
2022-07-05,15193.0,-6207.0,0.0,100,381.96,444.0,0,0.0,0.0,,0.0,1,0.02,0.05,SPY220722C00430000,430.0,normalDay
2022-07-06,15193.0,-6077.0,0.0,100,383.25,444.0,0,0.0,0.0,,0.0,1,0.02,0.04,SPY220722C00430000,430.0,normalDay
2022-07-07,15193.0,-5503.0,0.0,100,388.99,444.0,0,0.0,0.0,,0.0,1,0.02,0.04,SPY220722C00430000,430.0,normalDay
2022-07-08,15193.0,-5534.0,0.0,100,388.67,444.0,0,0.0,0.0,,0.0,1,0.02,0.03,SPY220722C00430000,430.0,normalDay
2022-07-11,15193.0,-5977.0,0.0,100,384.23,444.0,0,0.0,0.0,,0.0,1,0.02,0.02,SPY220722C00430000,430.0,normalDay
2022-07-12,15193.0,-6317.0,0.0,100,380.83,444.0,0,0.0,0.0,,0.0,1,0.02,0.02,SPY220722C00430000,430.0,normalDay
2022-07-13,15193.0,-6517.0,0.0,100,378.83,444.0,0,0.0,0.0,,0.0,1,0.02,0.02,SPY220722C00430000,430.0,normalDay
2022-07-14,15193.0,-6608.0,0.0,100,377.91,444.0,0,0.0,0.0,,0.0,1,0.02,0.01,SPY220722C00430000,430.0,normalDay
2022-07-15,15193.0,-5886.0,0.0,100,385.13,444.0,0,0.0,0.0,,0.0,1,0.02,0.01,SPY220722C00430000,430.0,normalDay
2022-07-18,15193.0,-6204.0,0.0,100,381.95,444.0,0,0.0,0.0,,0.0,1,0.02,0.01,SPY220722C00430000,430.0,normalDay
2022-07-19,15193.0,-5172.0,0.0,100,392.27,444.0,0,0.0,0.0,,0.0,1,0.02,0.01,SPY220722C00430000,430.0,normalDay
2022-07-20,15193.0,-4922.0,0.0,100,394.77,444.0,0,0.0,0.0,,0.0,1,0.02,0.01,SPY220722C00430000,430.0,normalDay
2022-07-21,15193.0,-4520.0,0.0,100,398.79,444.0,0,0.0,0.0,,0.0,1,0.02,0.01,SPY220722C00430000,430.0,normalDay
2022-07-22,15195.0,-4891.0,2.0,100,395.09,444.0,0,0.0,0.0,,0.0,1,0.02,0.0,SPY220722C00430000,430.0,expirationDay
2022-07-25,15195.0,-4847.0,0.0,100,395.57,444.0,0,0.0,0.0,,0.0,1,3.07,3.11,SPY220812C00406000,406.0,normalDay
2022-07-26,15195.0,-5210.0,0.0,100,390.89,444.0,0,0.0,0.0,,0.0,1,3.07,2.06,SPY220812C00406000,406.0,normalDay
2022-07-27,15195.0,-4417.0,0.0,100,401.04,444.0,0,0.0,0.0,,0.0,1,3.07,4.28,SPY220812C00406000,406.0,normalDay
2022-07-28,15195.0,-4210.0,0.0,100,406.07,444.0,0,0.0,0.0,,0.0,1,3.07,7.24,SPY220812C00406000,406.0,normalDay
2022-07-29,15195.0,-3877.0,0.0,100,411.99,444.0,0,0.0,0.0,,0.0,1,3.07,9.83,SPY220812C00406000,406.0,normalDay
2022-08-01,15195.0,-3918.0,0.0,100,410.77,444.0,0,0.0,0.0,,0.0,1,3.07,9.02,SPY220812C00406000,406.0,normalDay
2022-08-02,15195.0,-4002.0,0.0,100,408.06,444.0,0,0.0,0.0,,0.0,1,3.07,7.15,SPY220812C00406000,406.0,normalDay
2022-08-03,15195.0,-3707.0,0.0,100,414.45,444.0,0,0.0,0.0,,0.0,1,3.07,10.59,SPY220812C00406000,406.0,normalDay
2022-08-04,15195.0,-3714.0,0.0,100,414.17,444.0,0,0.0,0.0,,0.0,1,3.07,10.38,SPY220812C00406000,406.0,normalDay
2022-08-05,15195.0,-3652.0,0.0,100,413.47,444.0,0,0.0,0.0,,0.0,1,3.07,9.06,SPY220812C00406000,406.0,normalDay
2022-08-08,15195.0,-3659.0,0.0,100,412.99,444.0,0,0.0,0.0,,0.0,1,3.07,8.65,SPY220812C00406000,406.0,normalDay
2022-08-09,15195.0,-3692.0,0.0,100,411.35,444.0,0,0.0,0.0,,0.0,1,3.07,7.34,SPY220812C00406000,406.0,normalDay
2022-08-10,15195.0,-3493.0,0.0,100,419.99,444.0,0,0.0,0.0,,0.0,1,3.07,13.99,SPY220812C00406000,406.0,normalDay
2022-08-11,15195.0,-3558.0,0.0,100,419.99,444.0,0,0.0,0.0,,0.0,1,3.07,14.64,SPY220812C00406000,406.0,normalDay
2022-08-12,11702.0,-3558.0,-3493.0,0,427.1,0.0,0,0.0,0.0,,0.0,1,3.07,0.0,SPY220812C00406000,406.0,expirationDay
2022-08-15,11702.0,-3.0,0.0,0,428.86,0.0,1,0.71,0.74,SPY220902P00398000,398.0,0,0.0,0.0,,0.0,normalDay
2022-08-16,11702.0,5.0,0.0,0,429.7,0.0,1,0.71,0.66,SPY220902P00398000,398.0,0,0.0,0.0,,0.0,normalDay
2022-08-17,11702.0,0.0,0.0,0,426.65,0.0,1,0.71,0.71,SPY220902P00398000,398.0,0,0.0,0.0,,0.0,normalDay
2022-08-18,11702.0,21.0,0.0,0,427.89,0.0,1,0.71,0.5,SPY220902P00398000,398.0,0,0.0,0.0,,0.0,normalDay
2022-08-19,11702.0,-5.0,0.0,0,422.14,0.0,1,0.71,0.76,SPY220902P00398000,398.0,0,0.0,0.0,,0.0,normalDay
2022-08-22,11702.0,-100.0,0.0,0,413.35,0.0,1,0.71,1.71,SPY220902P00398000,398.0,0,0.0,0.0,,0.0,normalDay
2022-08-23,11702.0,-111.0,0.0,0,412.35,0.0,1,0.71,1.82,SPY220902P00398000,398.0,0,0.0,0.0,,0.0,normalDay
2022-08-24,11702.0,-42.0,0.0,0,413.67,0.0,1,0.71,1.13,SPY220902P00398000,398.0,0,0.0,0.0,,0.0,normalDay
2022-08-25,11702.0,20.0,0.0,0,419.51,0.0,1,0.71,0.51,SPY220902P00398000,398.0,0,0.0,0.0,,0.0,normalDay
2022-08-26,11702.0,-193.0,0.0,0,405.31,0.0,1,0.71,2.64,SPY220902P00398000,398.0,0,0.0,0.0,,0.0,normalDay
2022-08-29,11702.0,-185.0,0.0,0,402.63,0.0,1,0.71,2.56,SPY220902P00398000,398.0,0,0.0,0.0,,0.0,normalDay
2022-08-30,11702.0,-300.0,0.0,0,398.21,0.0,1,0.71,3.71,SPY220902P00398000,398.0,0,0.0,0.0,,0.0,normalDay
2022-08-31,11702.0,-392.0,0.0,0,395.18,0.0,1,0.71,4.63,SPY220902P00398000,398.0,0,0.0,0.0,,0.0,normalDay
2022-09-01,11702.0,-267.0,0.0,0,396.42,0.0,1,0.71,3.38,SPY220902P00398000,398.0,0,0.0,0.0,,0.0,normalDay
2022-09-02,11773.0,-576.0,71.0,100,392.24,398.0,1,0.71,0.0,SPY220902P00398000,398.0,0,0.0,0.0,,0.0,expirationDay
2022-09-06,11773.0,-724.0,0.0,100,390.76,398.0,0,0.0,0.0,,0.0,0,0.0,0.0,,0.0,bidTooLow
2022-09-07,11773.0,-22.0,0.0,100,397.78,398.0,0,0.0,0.0,,0.0,0,0.0,0.0,,0.0,bidTooLow
2022-09-08,11773.0,238.0,0.0,100,400.38,398.0,0,0.0,0.0,,0.0,0,0.0,0.0,,0.0,bidTooLow
2022-09-09,11773.0,857.0,0.0,100,406.6,398.0,0,0.0,0.0,,0.0,1,0.01,0.04,SPY220928C00452000,452.0,normalDay
2022-09-12,11773.0,1291.0,0.0,100,410.97,398.0,0,0.0,0.0,,0.0,1,0.01,0.07,SPY220928C00452000,452.0,normalDay
2022-09-13,11773.0,-491.0,0.0,100,393.1,398.0,0,0.0,0.0,,0.0,1,0.01,0.02,SPY220928C00452000,452.0,normalDay
2022-09-14,11773.0,-341.0,0.0,100,394.6,398.0,0,0.0,0.0,,0.0,1,0.01,0.02,SPY220928C00452000,452.0,normalDay
2022-09-15,11773.0,-788.0,0.0,100,390.12,398.0,0,0.0,0.0,,0.0,1,0.01,0.01,SPY220928C00452000,452.0,normalDay
2022-09-16,11773.0,-1244.0,0.0,100,385.56,398.0,0,0.0,0.0,,0.0,1,0.01,0.01,SPY220928C00452000,452.0,normalDay
2022-09-19,11773.0,-945.0,0.0,100,388.55,398.0,0,0.0,0.0,,0.0,1,0.01,0.01,SPY220928C00452000,452.0,normalDay
2022-09-20,11773.0,-1391.0,0.0,100,384.09,398.0,0,0.0,0.0,,0.0,1,0.01,0.01,SPY220928C00452000,452.0,normalDay
2022-09-21,11773.0,-2061.0,0.0,100,377.39,398.0,0,0.0,0.0,,0.0,1,0.01,0.01,SPY220928C00452000,452.0,normalDay
2022-09-22,11773.0,-2378.0,0.0,100,374.22,398.0,0,0.0,0.0,,0.0,1,0.01,0.01,SPY220928C00452000,452.0,normalDay
2022-09-23,11773.0,-3005.0,0.0,100,367.95,398.0,0,0.0,0.0,,0.0,1,0.01,0.01,SPY220928C00452000,452.0,normalDay
2022-09-26,11773.0,-3369.0,0.0,100,364.31,398.0,0,0.0,0.0,,0.0,1,0.01,0.01,SPY220928C00452000,452.0,normalDay
2022-09-27,11773.0,-3462.0,0.0,100,363.38,398.0,0,0.0,0.0,,0.0,1,0.01,0.01,SPY220928C00452000,452.0,normalDay
2022-09-28,11774.0,-2747.0,1.0,100,370.53,398.0,0,0.0,0.0,,0.0,1,0.01,0.0,SPY220928C00452000,452.0,expirationDay
2022-09-29,11774.0,-3521.0,0.0,100,362.79,398.0,0,0.0,0.0,,0.0,0,0.0,0.0,,0.0,bidTooLow
2022-09-30,11774.0,-4082.0,0.0,100,357.18,398.0,0,0.0,0.0,,0.0,0,0.0,0.0,,0.0,bidTooLow
2022-10-03,11774.0,-3139.0,0.0,100,366.61,398.0,0,0.0,0.0,,0.0,0,0.0,0.0,,0.0,bidTooLow
2022-10-04,11774.0,-2006.0,0.0,100,377.97,398.0,0,0.0,0.0,,0.0,1,0.05,0.08,SPY221021C00431000,431.0,normalDay
2022-10-05,11774.0,-2090.0,0.0,100,377.09,398.0,0,0.0,0.0,,0.0,1,0.05,0.04,SPY221021C00431000,431.0,normalDay
2022-10-06,11774.0,-2478.0,0.0,100,373.2,398.0,0,0.0,0.0,,0.0,1,0.05,0.03,SPY221021C00431000,431.0,normalDay
2022-10-07,11774.0,-3518.0,0.0,100,362.79,398.0,0,0.0,0.0,,0.0,1,0.05,0.02,SPY221021C00431000,431.0,normalDay
2022-10-10,11774.0,-3794.0,0.0,100,360.02,398.0,0,0.0,0.0,,0.0,1,0.05,0.01,SPY221021C00431000,431.0,normalDay
2022-10-11,11774.0,-4023.0,0.0,100,357.74,398.0,0,0.0,0.0,,0.0,1,0.05,0.02,SPY221021C00431000,431.0,normalDay
2022-10-12,11774.0,-4141.0,0.0,100,356.56,398.0,0,0.0,0.0,,0.0,1,0.05,0.02,SPY221021C00431000,431.0,normalDay
2022-10-13,11774.0,-3200.0,0.0,100,365.97,398.0,0,0.0,0.0,,0.0,1,0.05,0.02,SPY221021C00431000,431.0,normalDay
2022-10-14,11774.0,-4033.0,0.0,100,357.63,398.0,0,0.0,0.0,,0.0,1,0.05,0.01,SPY221021C00431000,431.0,normalDay
2022-10-17,11774.0,-3114.0,0.0,100,366.82,398.0,0,0.0,0.0,,0.0,1,0.05,0.01,SPY221021C00431000,431.0,normalDay
2022-10-18,11774.0,-2683.0,0.0,100,371.13,398.0,0,0.0,0.0,,0.0,1,0.05,0.01,SPY221021C00431000,431.0,normalDay
2022-10-19,11774.0,-2946.0,0.0,100,368.5,398.0,0,0.0,0.0,,0.0,1,0.05,0.01,SPY221021C00431000,431.0,normalDay
2022-10-20,11774.0,-3255.0,0.0,100,365.41,398.0,0,0.0,0.0,,0.0,1,0.05,0.01,SPY221021C00431000,431.0,normalDay
2022-10-21,11779.0,-2371.0,5.0,100,374.29,398.0,0,0.0,0.0,,0.0,1,0.05,0.0,SPY221021C00431000,431.0,expirationDay
2022-10-24,11779.0,-1918.0,0.0,100,378.87,398.0,0,0.0,0.0,,0.0,1,6.06,6.11,SPY221111C00389000,389.0,normalDay
2022-10-25,11779.0,-1440.0,0.0,100,384.92,398.0,0,0.0,0.0,,0.0,1,6.06,7.38,SPY221111C00389000,389.0,normalDay
2022-10-26,11779.0,-1651.0,0.0,100,382.02,398.0,0,0.0,0.0,,0.0,1,6.06,6.59,SPY221111C00389000,389.0,normalDay
2022-10-27,11779.0,-1583.0,0.0,100,379.98,398.0,0,0.0,0.0,,0.0,1,6.06,3.87,SPY221111C00389000,389.0,normalDay
2022-10-28,11779.0,-1176.0,0.0,100,389.02,398.0,0,0.0,0.0,,0.0,1,6.06,8.84,SPY221111C00389000,389.0,normalDay
2022-10-31,11779.0,-1247.0,0.0,100,386.21,398.0,0,0.0,0.0,,0.0,1,6.06,6.74,SPY221111C00389000,389.0,normalDay
2022-11-01,11779.0,-1297.0,0.0,100,384.52,398.0,0,0.0,0.0,,0.0,1,6.06,5.55,SPY221111C00389000,389.0,normalDay
2022-11-02,11779.0,-1902.0,0.0,100,374.87,398.0,0,0.0,0.0,,0.0,1,6.06,1.95,SPY221111C00389000,389.0,normalDay
2022-11-03,11779.0,-2192.0,0.0,100,371.01,398.0,0,0.0,0.0,,0.0,1,6.06,0.99,SPY221111C00389000,389.0,normalDay
2022-11-04,11779.0,-1710.0,0.0,100,376.35,398.0,0,0.0,0.0,,0.0,1,6.06,1.51,SPY221111C00389000,389.0,normalDay
2022-11-07,11779.0,-1377.0,0.0,100,379.95,398.0,0,0.0,0.0,,0.0,1,6.06,1.78,SPY221111C00389000,389.0,normalDay
2022-11-08,11779.0,-1206.0,0.0,100,382.0,398.0,0,0.0,0.0,,0.0,1,6.06,2.12,SPY221111C00389000,389.0,normalDay
2022-11-09,11779.0,-1827.0,0.0,100,374.13,398.0,0,0.0,0.0,,0.0,1,6.06,0.46,SPY221111C00389000,389.0,normalDay
2022-11-10,11779.0,-395.0,0.0,100,394.69,398.0,0,0.0,0.0,,0.0,1,6.06,6.7,SPY221111C00389000,389.0,normalDay
2022-11-11,11485.0,-395.0,-294.0,0,398.51,0.0,0,0.0,0.0,,0.0,1,6.06,0.0,SPY221111C00389000,389.0,expirationDay
2022-11-14,11485.0,-4.0,0.0,0,395.12,0.0,1,1.24,1.28,SPY221202P00372000,372.0,0,0.0,0.0,,0.0,normalDay
2022-11-15,11485.0,25.0,0.0,0,398.49,0.0,1,1.24,0.99,SPY221202P00372000,372.0,0,0.0,0.0,,0.0,normalDay
2022-11-16,11485.0,23.0,0.0,0,395.45,0.0,1,1.24,1.01,SPY221202P00372000,372.0,0,0.0,0.0,,0.0,normalDay
2022-11-17,11485.0,28.0,0.0,0,394.24,0.0,1,1.24,0.96,SPY221202P00372000,372.0,0,0.0,0.0,,0.0,normalDay
2022-11-18,11485.0,60.0,0.0,0,396.03,0.0,1,1.24,0.64,SPY221202P00372000,372.0,0,0.0,0.0,,0.0,normalDay
2022-11-21,11485.0,81.0,0.0,0,394.59,0.0,1,1.24,0.43,SPY221202P00372000,372.0,0,0.0,0.0,,0.0,normalDay
2022-11-22,11485.0,99.0,0.0,0,399.9,0.0,1,1.24,0.25,SPY221202P00372000,372.0,0,0.0,0.0,,0.0,normalDay
2022-11-23,11485.0,110.0,0.0,0,402.42,0.0,1,1.24,0.14,SPY221202P00372000,372.0,0,0.0,0.0,,0.0,normalDay
2022-11-25,11485.0,114.0,0.0,0,402.33,0.0,1,1.24,0.1,SPY221202P00372000,372.0,0,0.0,0.0,,0.0,normalDay
2022-11-28,11485.0,117.0,0.0,0,395.91,0.0,1,1.24,0.07,SPY221202P00372000,372.0,0,0.0,0.0,,0.0,normalDay
2022-11-29,11485.0,118.0,0.0,0,395.23,0.0,1,1.24,0.06,SPY221202P00372000,372.0,0,0.0,0.0,,0.0,normalDay
2022-11-30,11485.0,121.0,0.0,0,407.68,0.0,1,1.24,0.03,SPY221202P00372000,372.0,0,0.0,0.0,,0.0,normalDay
2022-12-01,11485.0,123.0,0.0,0,407.38,0.0,1,1.24,0.01,SPY221202P00372000,372.0,0,0.0,0.0,,0.0,normalDay
2022-12-02,11609.0,0.0,124.0,0,406.91,0.0,1,1.24,0.0,SPY221202P00372000,372.0,0,0.0,0.0,,0.0,expirationDay
2022-12-05,11609.0,-5.0,0.0,0,399.59,0.0,1,3.55,3.6,SPY221223P00388000,388.0,0,0.0,0.0,,0.0,normalDay
2022-12-06,11609.0,-220.0,0.0,0,393.83,0.0,1,3.55,5.75,SPY221223P00388000,388.0,0,0.0,0.0,,0.0,normalDay
2022-12-07,11609.0,-245.0,0.0,0,393.16,0.0,1,3.55,6.0,SPY221223P00388000,388.0,0,0.0,0.0,,0.0,normalDay
2022-12-08,11609.0,-103.0,0.0,0,396.24,0.0,1,3.55,4.58,SPY221223P00388000,388.0,0,0.0,0.0,,0.0,normalDay
2022-12-09,11609.0,-180.0,0.0,0,393.28,0.0,1,3.55,5.35,SPY221223P00388000,388.0,0,0.0,0.0,,0.0,normalDay
2022-12-12,11609.0,-35.0,0.0,0,398.95,0.0,1,3.55,3.9,SPY221223P00388000,388.0,0,0.0,0.0,,0.0,normalDay
2022-12-13,11609.0,179.0,0.0,0,401.97,0.0,1,3.55,1.76,SPY221223P00388000,388.0,0,0.0,0.0,,0.0,normalDay
2022-12-14,11609.0,216.0,0.0,0,399.4,0.0,1,3.55,1.39,SPY221223P00388000,388.0,0,0.0,0.0,,0.0,normalDay
2022-12-15,11609.0,-87.0,0.0,0,389.63,0.0,1,3.55,4.42,SPY221223P00388000,388.0,0,0.0,0.0,,0.0,normalDay
2022-12-16,11609.0,-321.0,0.0,0,383.27,0.0,1,3.55,6.76,SPY221223P00388000,388.0,0,0.0,0.0,,0.0,normalDay
2022-12-19,11609.0,-525.0,0.0,0,380.02,0.0,1,3.55,8.8,SPY221223P00388000,388.0,0,0.0,0.0,,0.0,normalDay
2022-12-20,11609.0,-427.0,0.0,0,380.54,0.0,1,3.55,7.82,SPY221223P00388000,388.0,0,0.0,0.0,,0.0,normalDay
2022-12-21,11609.0,48.0,0.0,0,386.23,0.0,1,3.55,3.07,SPY221223P00388000,388.0,0,0.0,0.0,,0.0,normalDay
2022-12-22,11609.0,-391.0,0.0,0,380.72,0.0,1,3.55,7.46,SPY221223P00388000,388.0,0,0.0,0.0,,0.0,normalDay
2022-12-23,11964.0,-509.0,355.0,100,382.91,388.0,1,3.55,0.0,SPY221223P00388000,388.0,0,0.0,0.0,,0.0,expirationDay
2022-12-27,11964.0,-663.0,0.0,100,381.4,388.0,0,0.0,0.0,,0.0,1,0.05,0.08,SPY230113C00422000,422.0,normalDay
2022-12-28,11964.0,-1134.0,0.0,100,376.66,388.0,0,0.0,0.0,,0.0,1,0.05,0.05,SPY230113C00422000,422.0,normalDay
2022-12-29,11964.0,-457.0,0.0,100,383.44,388.0,0,0.0,0.0,,0.0,1,0.05,0.06,SPY230113C00422000,422.0,normalDay
2022-12-30,11964.0,-556.0,0.0,100,382.43,388.0,0,0.0,0.0,,0.0,1,0.05,0.04,SPY230113C00422000,422.0,normalDay
2023-01-03,11964.0,-716.0,0.0,100,380.82,388.0,0,0.0,0.0,,0.0,1,0.05,0.03,SPY230113C00422000,422.0,normalDay
2023-01-04,11964.0,-422.0,0.0,100,383.76,388.0,0,0.0,0.0,,0.0,1,0.05,0.03,SPY230113C00422000,422.0,normalDay
2023-01-05,11964.0,-859.0,0.0,100,379.38,388.0,0,0.0,0.0,,0.0,1,0.05,0.02,SPY230113C00422000,422.0,normalDay
2023-01-06,11964.0,11.0,0.0,100,388.08,388.0,0,0.0,0.0,,0.0,1,0.05,0.02,SPY230113C00422000,422.0,normalDay
2023-01-09,11964.0,-11.0,0.0,100,387.86,388.0,0,0.0,0.0,,0.0,1,0.05,0.02,SPY230113C00422000,422.0,normalDay
2023-01-10,11964.0,261.0,0.0,100,390.58,388.0,0,0.0,0.0,,0.0,1,0.05,0.02,SPY230113C00422000,422.0,normalDay
2023-01-11,11964.0,755.0,0.0,100,395.52,388.0,0,0.0,0.0,,0.0,1,0.05,0.02,SPY230113C00422000,422.0,normalDay
2023-01-12,11964.0,900.0,0.0,100,396.96,388.0,0,0.0,0.0,,0.0,1,0.05,0.01,SPY230113C00422000,422.0,normalDay
2023-01-13,11969.0,1050.0,5.0,100,398.5,388.0,0,0.0,0.0,,0.0,1,0.05,0.0,SPY230113C00422000,422.0,expirationDay
2023-01-17,11969.0,973.0,0.0,100,397.77,388.0,0,0.0,0.0,,0.0,1,2.6,2.64,SPY230203C00407000,407.0,normalDay
2023-01-18,11969.0,496.0,0.0,100,391.49,388.0,0,0.0,0.0,,0.0,1,2.6,1.13,SPY230203C00407000,407.0,normalDay
2023-01-19,11969.0,257.0,0.0,100,388.64,388.0,0,0.0,0.0,,0.0,1,2.6,0.67,SPY230203C00407000,407.0,normalDay
2023-01-20,11969.0,876.0,0.0,100,395.88,388.0,0,0.0,0.0,,0.0,1,2.6,1.72,SPY230203C00407000,407.0,normalDay
2023-01-23,11969.0,1229.0,0.0,100,400.63,388.0,0,0.0,0.0,,0.0,1,2.6,2.94,SPY230203C00407000,407.0,normalDay
2023-01-24,11969.0,1169.0,0.0,100,400.2,388.0,0,0.0,0.0,,0.0,1,2.6,3.11,SPY230203C00407000,407.0,normalDay
2023-01-25,11969.0,1237.0,0.0,100,400.35,388.0,0,0.0,0.0,,0.0,1,2.6,2.58,SPY230203C00407000,407.0,normalDay
2023-01-26,11969.0,1539.0,0.0,100,404.75,388.0,0,0.0,0.0,,0.0,1,2.6,3.96,SPY230203C00407000,407.0,normalDay
2023-01-27,11969.0,1620.0,0.0,100,405.68,388.0,0,0.0,0.0,,0.0,1,2.6,4.08,SPY230203C00407000,407.0,normalDay
2023-01-30,11969.0,1281.0,0.0,100,400.59,388.0,0,0.0,0.0,,0.0,1,2.6,2.38,SPY230203C00407000,407.0,normalDay
2023-01-31,11969.0,1709.0,0.0,100,406.48,388.0,0,0.0,0.0,,0.0,1,2.6,3.99,SPY230203C00407000,407.0,normalDay
2023-02-01,11969.0,1921.0,0.0,100,410.8,388.0,0,0.0,0.0,,0.0,1,2.6,6.19,SPY230203C00407000,407.0,normalDay
2023-02-02,11969.0,2245.0,0.0,100,416.78,388.0,0,0.0,0.0,,0.0,1,2.6,8.93,SPY230203C00407000,407.0,normalDay
2023-02-03,14129.0,2245.0,2160.0,0,412.35,0.0,0,0.0,0.0,,0.0,1,2.6,0.0,SPY230203C00407000,407.0,expirationDay
2023-02-06,14129.0,-3.0,0.0,0,409.83,0.0,1,1.68,1.71,SPY230224P00393000,393.0,0,0.0,0.0,,0.0,normalDay
2023-02-07,14129.0,69.0,0.0,0,415.19,0.0,1,1.68,0.99,SPY230224P00393000,393.0,0,0.0,0.0,,0.0,normalDay
2023-02-08,14129.0,27.0,0.0,0,410.65,0.0,1,1.68,1.41,SPY230224P00393000,393.0,0,0.0,0.0,,0.0,normalDay
2023-02-09,14129.0,-40.0,0.0,0,407.09,0.0,1,1.68,2.08,SPY230224P00393000,393.0,0,0.0,0.0,,0.0,normalDay
2023-02-10,14129.0,-4.0,0.0,0,408.04,0.0,1,1.68,1.72,SPY230224P00393000,393.0,0,0.0,0.0,,0.0,normalDay
2023-02-13,14129.0,83.0,0.0,0,412.83,0.0,1,1.68,0.85,SPY230224P00393000,393.0,0,0.0,0.0,,0.0,normalDay
2023-02-14,14129.0,115.0,0.0,0,412.64,0.0,1,1.68,0.53,SPY230224P00393000,393.0,0,0.0,0.0,,0.0,normalDay
2023-02-15,14129.0,141.0,0.0,0,413.98,0.0,1,1.68,0.27,SPY230224P00393000,393.0,0,0.0,0.0,,0.0,normalDay
2023-02-16,14129.0,91.0,0.0,0,408.28,0.0,1,1.68,0.77,SPY230224P00393000,393.0,0,0.0,0.0,,0.0,normalDay
2023-02-17,14129.0,131.0,0.0,0,407.26,0.0,1,1.68,0.37,SPY230224P00393000,393.0,0,0.0,0.0,,0.0,normalDay
2023-02-21,14129.0,54.0,0.0,0,399.09,0.0,1,1.68,1.14,SPY230224P00393000,393.0,0,0.0,0.0,,0.0,normalDay
2023-02-22,14129.0,98.0,0.0,0,398.54,0.0,1,1.68,0.7,SPY230224P00393000,393.0,0,0.0,0.0,,0.0,normalDay
2023-02-23,14129.0,152.0,0.0,0,400.66,0.0,1,1.68,0.16,SPY230224P00393000,393.0,0,0.0,0.0,,0.0,normalDay
2023-02-24,14297.0,0.0,168.0,0,396.38,0.0,1,1.68,0.0,SPY230224P00393000,393.0,0,0.0,0.0,,0.0,expirationDay
2023-02-27,14297.0,-9.0,0.0,0,397.73,0.0,1,9.04,9.13,SPY230317P00402000,402.0,0,0.0,0.0,,0.0,normalDay
2023-02-28,14297.0,-108.0,0.0,0,396.26,0.0,1,9.04,10.12,SPY230317P00402000,402.0,0,0.0,0.0,,0.0,normalDay
2023-03-01,14297.0,-187.0,0.0,0,394.74,0.0,1,9.04,10.91,SPY230317P00402000,402.0,0,0.0,0.0,,0.0,normalDay
2023-03-02,14297.0,35.0,0.0,0,397.81,0.0,1,9.04,8.69,SPY230317P00402000,402.0,0,0.0,0.0,,0.0,normalDay
2023-03-03,14297.0,418.0,0.0,0,404.19,0.0,1,9.04,4.86,SPY230317P00402000,402.0,0,0.0,0.0,,0.0,normalDay
2023-03-06,14297.0,453.0,0.0,0,404.47,0.0,1,9.04,4.51,SPY230317P00402000,402.0,0,0.0,0.0,,0.0,normalDay
2023-03-07,14297.0,133.0,0.0,0,398.27,0.0,1,9.04,7.71,SPY230317P00402000,402.0,0,0.0,0.0,,0.0,normalDay
2023-03-08,14297.0,190.0,0.0,0,398.92,0.0,1,9.04,7.14,SPY230317P00402000,402.0,0,0.0,0.0,,0.0,normalDay
2023-03-09,14297.0,-414.0,0.0,0,391.56,0.0,1,9.04,13.18,SPY230317P00402000,402.0,0,0.0,0.0,,0.0,normalDay
2023-03-10,14297.0,-868.0,0.0,0,385.91,0.0,1,9.04,17.72,SPY230317P00402000,402.0,0,0.0,0.0,,0.0,normalDay
2023-03-13,14297.0,-882.0,0.0,0,385.36,0.0,1,9.04,17.86,SPY230317P00402000,402.0,0,0.0,0.0,,0.0,normalDay
2023-03-14,14297.0,-307.0,0.0,0,391.73,0.0,1,9.04,12.11,SPY230317P00402000,402.0,0,0.0,0.0,,0.0,normalDay
2023-03-15,14297.0,-530.0,0.0,0,389.28,0.0,1,9.04,14.34,SPY230317P00402000,402.0,0,0.0,0.0,,0.0,normalDay
2023-03-16,14297.0,134.0,0.0,0,396.11,0.0,1,9.04,7.7,SPY230317P00402000,402.0,0,0.0,0.0,,0.0,normalDay
2023-03-17,15201.0,-1201.0,904.0,100,389.99,402.0,1,9.04,0.0,SPY230317P00402000,402.0,0,0.0,0.0,,0.0,expirationDay
2023-03-20,15201.0,-829.0,0.0,100,393.74,402.0,0,0.0,0.0,,0.0,1,0.86,0.89,SPY230406C00412000,412.0,normalDay
2023-03-21,15201.0,-380.0,0.0,100,398.91,402.0,0,0.0,0.0,,0.0,1,0.86,1.57,SPY230406C00412000,412.0,normalDay
2023-03-22,15201.0,-951.0,0.0,100,392.11,402.0,0,0.0,0.0,,0.0,1,0.86,0.48,SPY230406C00412000,412.0,normalDay
2023-03-23,15201.0,-835.0,0.0,100,393.17,402.0,0,0.0,0.0,,0.0,1,0.86,0.38,SPY230406C00412000,412.0,normalDay
2023-03-24,15201.0,-582.0,0.0,100,395.75,402.0,0,0.0,0.0,,0.0,1,0.86,0.43,SPY230406C00412000,412.0,normalDay
2023-03-27,15201.0,-497.0,0.0,100,396.49,402.0,0,0.0,0.0,,0.0,1,0.86,0.32,SPY230406C00412000,412.0,normalDay
2023-03-28,15201.0,-573.0,0.0,100,395.6,402.0,0,0.0,0.0,,0.0,1,0.86,0.19,SPY230406C00412000,412.0,normalDay
2023-03-29,15201.0,-26.0,0.0,100,401.35,402.0,0,0.0,0.0,,0.0,1,0.86,0.47,SPY230406C00412000,412.0,normalDay
2023-03-30,15201.0,200.0,0.0,100,403.7,402.0,0,0.0,0.0,,0.0,1,0.86,0.56,SPY230406C00412000,412.0,normalDay
2023-03-31,15201.0,636.0,0.0,100,409.39,402.0,0,0.0,0.0,,0.0,1,0.86,1.89,SPY230406C00412000,412.0,normalDay
2023-04-03,15201.0,795.0,0.0,100,410.95,402.0,0,0.0,0.0,,0.0,1,0.86,1.86,SPY230406C00412000,412.0,normalDay
2023-04-04,15201.0,689.0,0.0,100,408.67,402.0,0,0.0,0.0,,0.0,1,0.86,0.64,SPY230406C00412000,412.0,normalDay
2023-04-05,15201.0,636.0,0.0,100,407.6,402.0,0,0.0,0.0,,0.0,1,0.86,0.1,SPY230406C00412000,412.0,normalDay
2023-04-06,15287.0,719.0,86.0,100,409.19,402.0,0,0.0,0.0,,0.0,1,0.86,0.0,SPY230406C00412000,412.0,expirationDay
2023-04-10,15287.0,758.0,0.0,100,409.61,402.0,0,0.0,0.0,,0.0,1,0.9,0.93,SPY230428C00424000,424.0,normalDay
2023-04-11,15287.0,774.0,0.0,100,409.72,402.0,0,0.0,0.0,,0.0,1,0.9,0.88,SPY230428C00424000,424.0,normalDay
2023-04-12,15287.0,653.0,0.0,100,408.05,402.0,0,0.0,0.0,,0.0,1,0.9,0.42,SPY230428C00424000,424.0,normalDay
2023-04-13,15287.0,1138.0,0.0,100,413.47,402.0,0,0.0,0.0,,0.0,1,0.9,0.99,SPY230428C00424000,424.0,normalDay
2023-04-14,15287.0,1074.0,0.0,100,412.46,402.0,0,0.0,0.0,,0.0,1,0.9,0.62,SPY230428C00424000,424.0,normalDay
2023-04-17,15287.0,1221.0,0.0,100,413.94,402.0,0,0.0,0.0,,0.0,1,0.9,0.63,SPY230428C00424000,424.0,normalDay
2023-04-18,15287.0,1260.0,0.0,100,414.21,402.0,0,0.0,0.0,,0.0,1,0.9,0.51,SPY230428C00424000,424.0,normalDay
2023-04-19,15287.0,1267.0,0.0,100,414.14,402.0,0,0.0,0.0,,0.0,1,0.9,0.37,SPY230428C00424000,424.0,normalDay
2023-04-20,15287.0,1063.0,0.0,100,411.88,402.0,0,0.0,0.0,,0.0,1,0.9,0.15,SPY230428C00424000,424.0,normalDay
2023-04-21,15287.0,1102.0,0.0,100,412.2,402.0,0,0.0,0.0,,0.0,1,0.9,0.08,SPY230428C00424000,424.0,normalDay
2023-04-24,15287.0,1149.0,0.0,100,412.63,402.0,0,0.0,0.0,,0.0,1,0.9,0.04,SPY230428C00424000,424.0,normalDay
2023-04-25,15287.0,496.0,0.0,100,406.08,402.0,0,0.0,0.0,,0.0,1,0.9,0.02,SPY230428C00424000,424.0,normalDay
2023-04-26,15287.0,325.0,0.0,100,404.36,402.0,0,0.0,0.0,,0.0,1,0.9,0.01,SPY230428C00424000,424.0,normalDay
2023-04-27,15287.0,1130.0,0.0,100,412.41,402.0,0,0.0,0.0,,0.0,1,0.9,0.01,SPY230428C00424000,424.0,normalDay
2023-04-28,15377.0,1393.0,90.0,100,415.93,402.0,0,0.0,0.0,,0.0,1,0.9,0.0,SPY230428C00424000,424.0,expirationDay
2023-05-01,15377.0,1347.0,0.0,100,415.51,402.0,0,0.0,0.0,,0.0,1,2.72,2.76,SPY230519C00421000,421.0,normalDay
2023-05-02,15377.0,1008.0,0.0,100,410.84,402.0,0,0.0,0.0,,0.0,1,2.72,1.48,SPY230519C00421000,421.0,normalDay
2023-05-03,15377.0,775.0,0.0,100,408.02,402.0,0,0.0,0.0,,0.0,1,2.72,0.99,SPY230519C00421000,421.0,normalDay
2023-05-04,15377.0,538.0,0.0,100,405.13,402.0,0,0.0,0.0,,0.0,1,2.72,0.47,SPY230519C00421000,421.0,normalDay
2023-05-05,15377.0,1228.0,0.0,100,412.63,402.0,0,0.0,0.0,,0.0,1,2.72,1.07,SPY230519C00421000,421.0,normalDay
2023-05-08,15377.0,1266.0,0.0,100,412.74,402.0,0,0.0,0.0,,0.0,1,2.72,0.8,SPY230519C00421000,421.0,normalDay
2023-05-09,15377.0,1104.0,0.0,100,410.93,402.0,0,0.0,0.0,,0.0,1,2.72,0.61,SPY230519C00421000,421.0,normalDay
2023-05-10,15377.0,1299.0,0.0,100,412.85,402.0,0,0.0,0.0,,0.0,1,2.72,0.58,SPY230519C00421000,421.0,normalDay
2023-05-11,15377.0,1256.0,0.0,100,412.13,402.0,0,0.0,0.0,,0.0,1,2.72,0.29,SPY230519C00421000,421.0,normalDay
2023-05-12,15377.0,1221.0,0.0,100,411.59,402.0,0,0.0,0.0,,0.0,1,2.72,0.1,SPY230519C00421000,421.0,normalDay
2023-05-15,15377.0,1361.0,0.0,100,413.01,402.0,0,0.0,0.0,,0.0,1,2.72,0.12,SPY230519C00421000,421.0,normalDay
2023-05-16,15377.0,1092.0,0.0,100,410.25,402.0,0,0.0,0.0,,0.0,1,2.72,0.05,SPY230519C00421000,421.0,normalDay
2023-05-17,15377.0,1579.0,0.0,100,415.23,402.0,0,0.0,0.0,,0.0,1,2.72,0.16,SPY230519C00421000,421.0,normalDay
2023-05-18,15377.0,1945.0,0.0,100,419.23,402.0,0,0.0,0.0,,0.0,1,2.72,0.5,SPY230519C00421000,421.0,normalDay
2023-05-19,15649.0,1662.0,272.0,100,418.62,402.0,0,0.0,0.0,,0.0,1,2.72,0.0,SPY230519C00421000,421.0,expirationDay
2023-05-22,15649.0,1675.0,0.0,100,418.79,402.0,0,0.0,0.0,,0.0,1,2.48,2.52,SPY230609C00425000,425.0,normalDay
2023-05-23,15649.0,1335.0,0.0,100,414.09,402.0,0,0.0,0.0,,0.0,1,2.48,1.22,SPY230609C00425000,425.0,normalDay
2023-05-24,15649.0,1077.0,0.0,100,411.09,402.0,0,0.0,0.0,,0.0,1,2.48,0.8,SPY230609C00425000,425.0,normalDay
2023-05-25,15649.0,1395.0,0.0,100,414.65,402.0,0,0.0,0.0,,0.0,1,2.48,1.18,SPY230609C00425000,425.0,normalDay
2023-05-26,15649.0,1801.0,0.0,100,420.02,402.0,0,0.0,0.0,,0.0,1,2.48,2.49,SPY230609C00425000,425.0,normalDay
2023-05-30,15649.0,1868.0,0.0,100,420.18,402.0,0,0.0,0.0,,0.0,1,2.48,1.98,SPY230609C00425000,425.0,normalDay
2023-05-31,15649.0,1745.0,0.0,100,417.85,402.0,0,0.0,0.0,,0.0,1,2.48,0.88,SPY230609C00425000,425.0,normalDay
2023-06-01,15649.0,2069.0,0.0,100,421.82,402.0,0,0.0,0.0,,0.0,1,2.48,1.61,SPY230609C00425000,425.0,normalDay
2023-06-02,15649.0,2381.0,0.0,100,427.92,402.0,0,0.0,0.0,,0.0,1,2.48,4.59,SPY230609C00425000,425.0,normalDay
2023-06-05,15649.0,2393.0,0.0,100,427.1,402.0,0,0.0,0.0,,0.0,1,2.48,3.65,SPY230609C00425000,425.0,normalDay
2023-06-06,15649.0,2429.0,0.0,100,428.03,402.0,0,0.0,0.0,,0.0,1,2.48,4.22,SPY230609C00425000,425.0,normalDay
2023-06-07,15649.0,2443.0,0.0,100,426.55,402.0,0,0.0,0.0,,0.0,1,2.48,2.6,SPY230609C00425000,425.0,normalDay
2023-06-08,15649.0,2538.0,0.0,100,429.13,402.0,0,0.0,0.0,,0.0,1,2.48,4.23,SPY230609C00425000,425.0,normalDay
2023-06-09,18197.0,2538.0,2548.0,0,429.9,0.0,0,0.0,0.0,,0.0,1,2.48,0.0,SPY230609C00425000,425.0,expirationDay
2023-06-12,18197.0,-3.0,0.0,0,433.8,0.0,1,0.93,0.96,SPY230630P00415000,415.0,0,0.0,0.0,,0.0,normalDay
2023-06-13,18197.0,29.0,0.0,0,436.66,0.0,1,0.93,0.64,SPY230630P00415000,415.0,0,0.0,0.0,,0.0,normalDay
2023-06-14,18197.0,48.0,0.0,0,437.18,0.0,1,0.93,0.45,SPY230630P00415000,415.0,0,0.0,0.0,,0.0,normalDay
2023-06-15,18197.0,57.0,0.0,0,442.6,0.0,1,0.93,0.36,SPY230630P00415000,415.0,0,0.0,0.0,,0.0,normalDay
2023-06-16,18197.0,72.0,0.0,0,439.46,0.0,1,0.93,0.21,SPY230630P00415000,415.0,0,0.0,0.0,,0.0,normalDay
2023-06-20,18197.0,76.0,0.0,0,437.18,0.0,1,0.93,0.17,SPY230630P00415000,415.0,0,0.0,0.0,,0.0,normalDay
2023-06-21,18197.0,79.0,0.0,0,434.94,0.0,1,0.93,0.14,SPY230630P00415000,415.0,0,0.0,0.0,,0.0,normalDay
2023-06-22,18197.0,85.0,0.0,0,436.51,0.0,1,0.93,0.08,SPY230630P00415000,415.0,0,0.0,0.0,,0.0,normalDay
2023-06-23,18197.0,82.0,0.0,0,433.21,0.0,1,0.93,0.11,SPY230630P00415000,415.0,0,0.0,0.0,,0.0,normalDay
2023-06-26,18197.0,83.0,0.0,0,431.44,0.0,1,0.93,0.1,SPY230630P00415000,415.0,0,0.0,0.0,,0.0,normalDay
2023-06-27,18197.0,87.0,0.0,0,436.17,0.0,1,0.93,0.06,SPY230630P00415000,415.0,0,0.0,0.0,,0.0,normalDay
2023-06-28,18197.0,90.0,0.0,0,436.39,0.0,1,0.93,0.03,SPY230630P00415000,415.0,0,0.0,0.0,,0.0,normalDay
2023-06-29,18197.0,90.0,0.0,0,438.11,0.0,1,0.93,0.03,SPY230630P00415000,415.0,0,0.0,0.0,,0.0,normalDay
2023-06-30,18290.0,0.0,93.0,0,443.28,0.0,1,0.93,0.0,SPY230630P00415000,415.0,0,0.0,0.0,,0.0,expirationDay
2023-07-03,18290.0,-4.0,0.0,0,443.79,0.0,1,0.8,0.84,SPY230721P00430000,430.0,0,0.0,0.0,,0.0,normalDay
2023-07-05,18290.0,-7.0,0.0,0,443.13,0.0,1,0.8,0.87,SPY230721P00430000,430.0,0,0.0,0.0,,0.0,normalDay
2023-07-06,18290.0,-62.0,0.0,0,439.66,0.0,1,0.8,1.42,SPY230721P00430000,430.0,0,0.0,0.0,,0.0,normalDay
2023-07-07,18290.0,-38.0,0.0,0,438.55,0.0,1,0.8,1.18,SPY230721P00430000,430.0,0,0.0,0.0,,0.0,normalDay
2023-07-10,18290.0,-12.0,0.0,0,439.66,0.0,1,0.8,0.92,SPY230721P00430000,430.0,0,0.0,0.0,,0.0,normalDay
2023-07-11,18290.0,17.0,0.0,0,442.46,0.0,1,0.8,0.63,SPY230721P00430000,430.0,0,0.0,0.0,,0.0,normalDay
2023-07-12,18290.0,58.0,0.0,0,446.02,0.0,1,0.8,0.22,SPY230721P00430000,430.0,0,0.0,0.0,,0.0,normalDay
2023-07-13,18290.0,63.0,0.0,0,449.56,0.0,1,0.8,0.17,SPY230721P00430000,430.0,0,0.0,0.0,,0.0,normalDay
2023-07-14,18290.0,69.0,0.0,0,449.28,0.0,1,0.8,0.11,SPY230721P00430000,430.0,0,0.0,0.0,,0.0,normalDay
2023-07-17,18290.0,74.0,0.0,0,450.84,0.0,1,0.8,0.06,SPY230721P00430000,430.0,0,0.0,0.0,,0.0,normalDay
2023-07-18,18290.0,74.0,0.0,0,454.19,0.0,1,0.8,0.06,SPY230721P00430000,430.0,0,0.0,0.0,,0.0,normalDay
2023-07-19,18290.0,76.0,0.0,0,455.2,0.0,1,0.8,0.04,SPY230721P00430000,430.0,0,0.0,0.0,,0.0,normalDay
2023-07-20,18290.0,77.0,0.0,0,452.18,0.0,1,0.8,0.03,SPY230721P00430000,430.0,0,0.0,0.0,,0.0,normalDay
2023-07-21,18370.0,0.0,80.0,0,452.18,0.0,1,0.8,0.0,SPY230721P00430000,430.0,0,0.0,0.0,,0.0,expirationDay
2023-07-24,18370.0,-3.0,0.0,0,454.2,0.0,1,0.82,0.85,SPY230811P00438000,438.0,0,0.0,0.0,,0.0,normalDay
2023-07-25,18370.0,9.0,0.0,0,455.44,0.0,1,0.82,0.73,SPY230811P00438000,438.0,0,0.0,0.0,,0.0,normalDay
2023-07-26,18370.0,30.0,0.0,0,455.51,0.0,1,0.82,0.52,SPY230811P00438000,438.0,0,0.0,0.0,,0.0,normalDay
2023-07-27,18370.0,-6.0,0.0,0,452.49,0.0,1,0.82,0.88,SPY230811P00438000,438.0,0,0.0,0.0,,0.0,normalDay
2023-07-28,18370.0,47.0,0.0,0,456.92,0.0,1,0.82,0.35,SPY230811P00438000,438.0,0,0.0,0.0,,0.0,normalDay
2023-07-31,18370.0,55.0,0.0,0,457.79,0.0,1,0.82,0.27,SPY230811P00438000,438.0,0,0.0,0.0,,0.0,normalDay
2023-08-01,18370.0,54.0,0.0,0,456.48,0.0,1,0.82,0.28,SPY230811P00438000,438.0,0,0.0,0.0,,0.0,normalDay
2023-08-02,18370.0,3.0,0.0,0,450.13,0.0,1,0.82,0.79,SPY230811P00438000,438.0,0,0.0,0.0,,0.0,normalDay
2023-08-03,18370.0,17.0,0.0,0,448.84,0.0,1,0.82,0.65,SPY230811P00438000,438.0,0,0.0,0.0,,0.0,normalDay
2023-08-04,18370.0,-11.0,0.0,0,446.81,0.0,1,0.82,0.93,SPY230811P00438000,438.0,0,0.0,0.0,,0.0,normalDay
2023-08-07,18370.0,60.0,0.0,0,450.71,0.0,1,0.82,0.22,SPY230811P00438000,438.0,0,0.0,0.0,,0.0,normalDay
2023-08-08,18370.0,61.0,0.0,0,448.75,0.0,1,0.82,0.21,SPY230811P00438000,438.0,0,0.0,0.0,,0.0,normalDay
2023-08-09,18370.0,54.0,0.0,0,445.75,0.0,1,0.82,0.28,SPY230811P00438000,438.0,0,0.0,0.0,,0.0,normalDay
2023-08-10,18370.0,71.0,0.0,0,445.91,0.0,1,0.82,0.11,SPY230811P00438000,438.0,0,0.0,0.0,,0.0,normalDay
2023-08-11,18452.0,0.0,82.0,0,445.65,0.0,1,0.82,0.0,SPY230811P00438000,438.0,0,0.0,0.0,,0.0,expirationDay
2023-08-14,18452.0,-3.0,0.0,0,448.11,0.0,1,4.53,4.56,SPY230901P00448000,448.0,0,0.0,0.0,,0.0,normalDay
2023-08-15,18452.0,-308.0,0.0,0,442.89,0.0,1,4.53,7.61,SPY230901P00448000,448.0,0,0.0,0.0,,0.0,normalDay
2023-08-16,18452.0,-495.0,0.0,0,439.64,0.0,1,4.53,9.48,SPY230901P00448000,448.0,0,0.0,0.0,,0.0,normalDay
2023-08-17,18452.0,-788.0,0.0,0,436.29,0.0,1,4.53,12.41,SPY230901P00448000,448.0,0,0.0,0.0,,0.0,normalDay
2023-08-18,18452.0,-744.0,0.0,0,436.5,0.0,1,4.53,11.97,SPY230901P00448000,448.0,0,0.0,0.0,,0.0,normalDay
2023-08-21,18452.0,-520.0,0.0,0,439.34,0.0,1,4.53,9.73,SPY230901P00448000,448.0,0,0.0,0.0,,0.0,normalDay
2023-08-22,18452.0,-578.0,0.0,0,438.15,0.0,1,4.53,10.31,SPY230901P00448000,448.0,0,0.0,0.0,,0.0,normalDay
2023-08-23,18452.0,-181.0,0.0,0,443.03,0.0,1,4.53,6.34,SPY230901P00448000,448.0,0,0.0,0.0,,0.0,normalDay
2023-08-24,18452.0,-687.0,0.0,0,436.89,0.0,1,4.53,11.4,SPY230901P00448000,448.0,0,0.0,0.0,,0.0,normalDay
2023-08-25,18452.0,-381.0,0.0,0,439.97,0.0,1,4.53,8.34,SPY230901P00448000,448.0,0,0.0,0.0,,0.0,normalDay
2023-08-28,18452.0,-114.0,0.0,0,442.76,0.0,1,4.53,5.67,SPY230901P00448000,448.0,0,0.0,0.0,,0.0,normalDay
2023-08-29,18452.0,291.0,0.0,0,449.16,0.0,1,4.53,1.62,SPY230901P00448000,448.0,0,0.0,0.0,,0.0,normalDay
2023-08-30,18452.0,382.0,0.0,0,451.01,0.0,1,4.53,0.71,SPY230901P00448000,448.0,0,0.0,0.0,,0.0,normalDay
2023-08-31,18452.0,412.0,0.0,0,450.35,0.0,1,4.53,0.41,SPY230901P00448000,448.0,0,0.0,0.0,,0.0,normalDay
2023-09-01,18905.0,0.0,453.0,0,451.19,0.0,1,4.53,0.0,SPY230901P00448000,448.0,0,0.0,0.0,,0.0,expirationDay
2023-09-05,18905.0,-3.0,0.0,0,449.24,0.0,1,1.76,1.79,SPY230922P00439000,439.0,0,0.0,0.0,,0.0,normalDay
2023-09-06,18905.0,-69.0,0.0,0,446.22,0.0,1,1.76,2.45,SPY230922P00439000,439.0,0,0.0,0.0,,0.0,normalDay
2023-09-07,18905.0,-92.0,0.0,0,444.85,0.0,1,1.76,2.68,SPY230922P00439000,439.0,0,0.0,0.0,,0.0,normalDay
2023-09-08,18905.0,-25.0,0.0,0,445.52,0.0,1,1.76,2.01,SPY230922P00439000,439.0,0,0.0,0.0,,0.0,normalDay
2023-09-11,18905.0,55.0,0.0,0,448.45,0.0,1,1.76,1.21,SPY230922P00439000,439.0,0,0.0,0.0,,0.0,normalDay
2023-09-12,18905.0,9.0,0.0,0,445.99,0.0,1,1.76,1.67,SPY230922P00439000,439.0,0,0.0,0.0,,0.0,normalDay
2023-09-13,18905.0,66.0,0.0,0,446.51,0.0,1,1.76,1.1,SPY230922P00439000,439.0,0,0.0,0.0,,0.0,normalDay
2023-09-14,18905.0,135.0,0.0,0,450.36,0.0,1,1.76,0.41,SPY230922P00439000,439.0,0,0.0,0.0,,0.0,normalDay
2023-09-15,18905.0,64.0,0.0,0,443.37,0.0,1,1.76,1.12,SPY230922P00439000,439.0,0,0.0,0.0,,0.0,normalDay
2023-09-18,18905.0,90.0,0.0,0,443.63,0.0,1,1.76,0.86,SPY230922P00439000,439.0,0,0.0,0.0,,0.0,normalDay
2023-09-19,18905.0,82.0,0.0,0,442.71,0.0,1,1.76,0.94,SPY230922P00439000,439.0,0,0.0,0.0,,0.0,normalDay
2023-09-20,18905.0,-40.0,0.0,0,438.64,0.0,1,1.76,2.16,SPY230922P00439000,439.0,0,0.0,0.0,,0.0,normalDay
2023-09-21,18905.0,-606.0,0.0,0,431.39,0.0,1,1.76,7.82,SPY230922P00439000,439.0,0,0.0,0.0,,0.0,normalDay
2023-09-22,19081.0,-858.0,176.0,100,430.42,439.0,1,1.76,0.0,SPY230922P00439000,439.0,0,0.0,0.0,,0.0,expirationDay
2023-09-25,19081.0,-680.0,0.0,100,432.23,439.0,0,0.0,0.0,,0.0,1,0.01,0.04,SPY231013C00464000,464.0,normalDay
2023-09-26,19081.0,-1314.0,0.0,100,425.88,439.0,0,0.0,0.0,,0.0,1,0.01,0.03,SPY231013C00464000,464.0,normalDay
2023-09-27,19081.0,-1296.0,0.0,100,426.05,439.0,0,0.0,0.0,,0.0,1,0.01,0.02,SPY231013C00464000,464.0,normalDay
2023-09-28,19081.0,-1049.0,0.0,100,428.52,439.0,0,0.0,0.0,,0.0,1,0.01,0.02,SPY231013C00464000,464.0,normalDay
2023-09-29,19081.0,-1153.0,0.0,100,427.48,439.0,0,0.0,0.0,,0.0,1,0.01,0.02,SPY231013C00464000,464.0,normalDay
2023-10-02,19081.0,-1169.0,0.0,100,427.31,439.0,0,0.0,0.0,,0.0,1,0.01,0.01,SPY231013C00464000,464.0,normalDay
2023-10-03,19081.0,-1741.0,0.0,100,421.59,439.0,0,0.0,0.0,,0.0,1,0.01,0.01,SPY231013C00464000,464.0,normalDay
2023-10-04,19081.0,-1434.0,0.0,100,424.66,439.0,0,0.0,0.0,,0.0,1,0.01,0.01,SPY231013C00464000,464.0,normalDay
2023-10-05,19081.0,-1450.0,0.0,100,424.5,439.0,0,0.0,0.0,,0.0,1,0.01,0.01,SPY231013C00464000,464.0,normalDay
2023-10-06,19081.0,-946.0,0.0,100,429.54,439.0,0,0.0,0.0,,0.0,1,0.01,0.01,SPY231013C00464000,464.0,normalDay
2023-10-09,19081.0,-671.0,0.0,100,432.29,439.0,0,0.0,0.0,,0.0,1,0.01,0.01,SPY231013C00464000,464.0,normalDay
2023-10-10,19081.0,-446.0,0.0,100,434.54,439.0,0,0.0,0.0,,0.0,1,0.01,0.01,SPY231013C00464000,464.0,normalDay
2023-10-11,19081.0,-268.0,0.0,100,436.32,439.0,0,0.0,0.0,,0.0,1,0.01,0.01,SPY231013C00464000,464.0,normalDay
2023-10-12,19081.0,-534.0,0.0,100,433.66,439.0,0,0.0,0.0,,0.0,1,0.01,0.01,SPY231013C00464000,464.0,normalDay
2023-10-13,19082.0,-750.0,1.0,100,431.5,439.0,0,0.0,0.0,,0.0,1,0.01,0.0,SPY231013C00464000,464.0,expirationDay
2023-10-16,19082.0,-299.0,0.0,100,436.04,439.0,0,0.0,0.0,,0.0,1,1.61,1.64,SPY231103C00447000,447.0,normalDay
2023-10-17,19082.0,-291.0,0.0,100,436.02,439.0,0,0.0,0.0,,0.0,1,1.61,1.54,SPY231103C00447000,447.0,normalDay
2023-10-18,19082.0,-788.0,0.0,100,430.21,439.0,0,0.0,0.0,,0.0,1,1.61,0.7,SPY231103C00447000,447.0,normalDay
2023-10-19,19082.0,-1129.0,0.0,100,426.43,439.0,0,0.0,0.0,,0.0,1,1.61,0.33,SPY231103C00447000,447.0,normalDay
2023-10-20,19082.0,-1632.0,0.0,100,421.19,439.0,0,0.0,0.0,,0.0,1,1.61,0.12,SPY231103C00447000,447.0,normalDay
2023-10-23,19082.0,-1699.0,0.0,100,420.46,439.0,0,0.0,0.0,,0.0,1,1.61,0.06,SPY231103C00447000,447.0,normalDay
2023-10-24,19082.0,-1382.0,0.0,100,423.63,439.0,0,0.0,0.0,,0.0,1,1.61,0.06,SPY231103C00447000,447.0,normalDay
2023-10-25,19082.0,-1987.0,0.0,100,417.55,439.0,0,0.0,0.0,,0.0,1,1.61,0.03,SPY231103C00447000,447.0,normalDay
2023-10-26,19082.0,-2486.0,0.0,100,412.55,439.0,0,0.0,0.0,,0.0,1,1.61,0.02,SPY231103C00447000,447.0,normalDay
2023-10-27,19082.0,-2673.0,0.0,100,410.68,439.0,0,0.0,0.0,,0.0,1,1.61,0.02,SPY231103C00447000,447.0,normalDay
2023-10-30,19082.0,-2182.0,0.0,100,415.59,439.0,0,0.0,0.0,,0.0,1,1.61,0.02,SPY231103C00447000,447.0,normalDay
2023-10-31,19082.0,-1920.0,0.0,100,418.2,439.0,0,0.0,0.0,,0.0,1,1.61,0.01,SPY231103C00447000,447.0,normalDay
2023-11-01,19082.0,-1474.0,0.0,100,422.66,439.0,0,0.0,0.0,,0.0,1,1.61,0.01,SPY231103C00447000,447.0,normalDay
2023-11-02,19082.0,-664.0,0.0,100,430.76,439.0,0,0.0,0.0,,0.0,1,1.61,0.01,SPY231103C00447000,447.0,normalDay
2023-11-03,19243.0,-431.0,161.0,100,434.69,439.0,0,0.0,0.0,,0.0,1,1.61,0.0,SPY231103C00447000,447.0,expirationDay
2023-11-06,19243.0,-334.0,0.0,100,435.69,439.0,0,0.0,0.0,,0.0,1,0.25,0.28,SPY231124C00453000,453.0,normalDay
2023-11-07,19243.0,-215.0,0.0,100,436.93,439.0,0,0.0,0.0,,0.0,1,0.25,0.33,SPY231124C00453000,453.0,normalDay
2023-11-08,19243.0,-177.0,0.0,100,437.25,439.0,0,0.0,0.0,,0.0,1,0.25,0.27,SPY231124C00453000,453.0,normalDay
2023-11-09,19243.0,-502.0,0.0,100,433.84,439.0,0,0.0,0.0,,0.0,1,0.25,0.11,SPY231124C00453000,453.0,normalDay
2023-11-10,19243.0,145.0,0.0,100,440.61,439.0,0,0.0,0.0,,0.0,1,0.25,0.41,SPY231124C00453000,453.0,normalDay
2023-11-13,19243.0,114.0,0.0,100,440.19,439.0,0,0.0,0.0,,0.0,1,0.25,0.3,SPY231124C00453000,453.0,normalDay
2023-11-14,19243.0,816.0,0.0,100,448.73,439.0,0,0.0,0.0,,0.0,1,0.25,1.82,SPY231124C00453000,453.0,normalDay
2023-11-15,19243.0,936.0,0.0,100,449.68,439.0,0,0.0,0.0,,0.0,1,0.25,1.57,SPY231124C00453000,453.0,normalDay
2023-11-16,19243.0,991.0,0.0,100,450.23,439.0,0,0.0,0.0,,0.0,1,0.25,1.57,SPY231124C00453000,453.0,normalDay
2023-11-17,19243.0,1070.0,0.0,100,450.79,439.0,0,0.0,0.0,,0.0,1,0.25,1.34,SPY231124C00453000,453.0,normalDay
2023-11-20,19243.0,1289.0,0.0,100,454.26,439.0,0,0.0,0.0,,0.0,1,0.25,2.62,SPY231124C00453000,453.0,normalDay
2023-11-21,19243.0,1280.0,0.0,100,453.27,439.0,0,0.0,0.0,,0.0,1,0.25,1.72,SPY231124C00453000,453.0,normalDay
2023-11-22,19243.0,1396.0,0.0,100,455.02,439.0,0,0.0,0.0,,0.0,1,0.25,2.31,SPY231124C00453000,453.0,normalDay
2023-11-24,20668.0,1396.0,1425.0,0,455.3,0.0,0,0.0,0.0,,0.0,1,0.25,0.0,SPY231124C00453000,453.0,expirationDay
2023-11-27,20668.0,-3.0,0.0,0,454.48,0.0,1,0.43,0.46,SPY231215P00430000,430.0,0,0.0,0.0,,0.0,normalDay
2023-11-28,20668.0,1.0,0.0,0,454.93,0.0,1,0.43,0.42,SPY231215P00430000,430.0,0,0.0,0.0,,0.0,normalDay
2023-11-29,20668.0,-2.0,0.0,0,454.61,0.0,1,0.43,0.45,SPY231215P00430000,430.0,0,0.0,0.0,,0.0,normalDay
2023-11-30,20668.0,7.0,0.0,0,456.4,0.0,1,0.43,0.36,SPY231215P00430000,430.0,0,0.0,0.0,,0.0,normalDay
