date,totalCapital,unrializedPnL,rializedPnL,stocksOwned,stocksPriceToday,stocksPriceBoughtAt,putOwned,putOwnedSoldAt,putPriceToday,putOwnedContract,putOwnedStrike,callOwned,callOwnedSoldAt,callPriceToday,callOwnedContract,callOwnedStrike,trackType
2018-11-01,0.0,-3.0,0.0,0,273.51,0.0,1,0.18,0.21,SPY181102P00268000,268.0,0,0.0,0.0,,0.0,normalDay
2018-11-02,18.0,0.0,18.0,0,271.89,0.0,1,0.18,0.0,SPY181102P00268000,268.0,0,0.0,0.0,,0.0,expirationDay
2018-11-05,18.0,-3.0,0.0,0,273.39,0.0,1,0.58,0.61,SPY181107P00268000,268.0,0,0.0,0.0,,0.0,normalDay
2018-11-06,18.0,28.0,0.0,0,275.12,0.0,1,0.58,0.3,SPY181107P00268000,268.0,0,0.0,0.0,,0.0,normalDay
2018-11-07,76.0,0.0,58.0,0,281.01,0.0,1,0.58,0.0,SPY181107P00268000,268.0,0,0.0,0.0,,0.0,expirationDay
2018-11-08,76.0,0.0,0.0,0,280.5,0.0,0,0.0,0.0,,0.0,0,0.0,0.0,,0.0,bidTooLow
2018-11-09,76.0,0.0,0.0,0,277.76,0.0,0,0.0,0.0,,0.0,0,0.0,0.0,,0.0,bidTooLow
2018-11-12,76.0,-4.0,0.0,0,272.57,0.0,1,0.63,0.67,SPY181114P00268500,268.5,0,0.0,0.0,,0.0,normalDay
2018-11-13,76.0,25.0,0.0,0,272.06,0.0,1,0.63,0.38,SPY181114P00268500,268.5,0,0.0,0.0,,0.0,normalDay
2018-11-14,139.0,0.0,63.0,0,270.2,0.0,1,0.63,0.0,SPY181114P00268500,268.5,0,0.0,0.0,,0.0,expirationDay
2018-11-15,139.0,-3.0,0.0,0,273.02,0.0,1,0.19,0.22,SPY181116P00268000,268.0,0,0.0,0.0,,0.0,normalDay
2018-11-16,158.0,0.0,19.0,0,273.73,0.0,1,0.19,0.0,SPY181116P00268000,268.0,0,0.0,0.0,,0.0,expirationDay
2018-11-19,158.0,-4.0,0.0,0,269.1,0.0,1,1.09,1.13,SPY181121P00267500,267.5,0,0.0,0.0,,0.0,normalDay
2018-11-20,158.0,-294.0,0.0,0,264.12,0.0,1,1.09,4.03,SPY181121P00267500,267.5,0,0.0,0.0,,0.0,normalDay
2018-11-21,267.0,-248.0,109.0,100,265.02,267.5,1,1.09,0.0,SPY181121P00267500,267.5,0,0.0,0.0,,0.0,expirationDay
2018-11-23,267.0,-429.0,0.0,100,263.25,267.5,0,0.0,0.0,,0.0,1,0.03,0.07,SPY181212C00285000,285.0,normalDay
2018-11-26,267.0,-6.0,0.0,100,267.5,267.5,0,0.0,0.0,,0.0,1,0.03,0.09,SPY181212C00285000,285.0,normalDay
2018-11-27,267.0,81.0,0.0,100,268.4,267.5,0,0.0,0.0,,0.0,1,0.03,0.12,SPY181212C00285000,285.0,normalDay
2018-11-28,267.0,653.0,0.0,100,274.58,267.5,0,0.0,0.0,,0.0,1,0.03,0.58,SPY181212C00285000,285.0,normalDay
2018-11-29,267.0,602.0,0.0,100,273.98,267.5,0,0.0,0.0,,0.0,1,0.03,0.49,SPY181212C00285000,285.0,normalDay
2018-11-30,267.0,752.0,0.0,100,275.65,267.5,0,0.0,0.0,,0.0,1,0.03,0.66,SPY181212C00285000,285.0,normalDay
2018-12-03,267.0,1130.0,0.0,100,279.3,267.5,0,0.0,0.0,,0.0,1,0.03,0.53,SPY181212C00285000,285.0,normalDay
2018-12-04,267.0,273.0,0.0,100,270.25,267.5,0,0.0,0.0,,0.0,1,0.03,0.05,SPY181212C00285000,285.0,normalDay
2018-12-06,267.0,234.0,0.0,100,269.84,267.5,0,0.0,0.0,,0.0,1,0.03,0.03,SPY181212C00285000,285.0,normalDay
2018-12-07,267.0,-391.0,0.0,100,263.57,267.5,0,0.0,0.0,,0.0,1,0.03,0.01,SPY181212C00285000,285.0,normalDay
2018-12-10,267.0,-341.0,0.0,100,264.07,267.5,0,0.0,0.0,,0.0,1,0.03,0.01,SPY181212C00285000,285.0,normalDay
2018-12-11,267.0,-335.0,0.0,100,264.13,267.5,0,0.0,0.0,,0.0,1,0.03,0.01,SPY181212C00285000,285.0,normalDay
2018-12-12,270.0,-204.0,3.0,100,265.46,267.5,0,0.0,0.0,,0.0,1,0.03,0.0,SPY181212C00285000,285.0,expirationDay
2018-12-13,270.0,-216.0,0.0,100,265.37,267.5,0,0.0,0.0,,0.0,1,0.09,0.12,SPY181231C00281000,281.0,normalDay
2018-12-14,270.0,-700.0,0.0,100,260.47,267.5,0,0.0,0.0,,0.0,1,0.09,0.06,SPY181231C00281000,281.0,normalDay
2018-12-17,270.0,-1209.0,0.0,100,255.36,267.5,0,0.0,0.0,,0.0,1,0.09,0.04,SPY181231C00281000,281.0,normalDay
2018-12-18,270.0,-1238.0,0.0,100,255.08,267.5,0,0.0,0.0,,0.0,1,0.09,0.05,SPY181231C00281000,281.0,normalDay
2018-12-19,270.0,-1618.0,0.0,100,251.26,267.5,0,0.0,0.0,,0.0,1,0.09,0.03,SPY181231C00281000,281.0,normalDay
2018-12-20,270.0,-2027.0,0.0,100,247.17,267.5,0,0.0,0.0,,0.0,1,0.09,0.03,SPY181231C00281000,281.0,normalDay
2018-12-21,270.0,-2673.0,0.0,100,240.7,267.5,0,0.0,0.0,,0.0,1,0.09,0.02,SPY181231C00281000,281.0,normalDay
2018-12-24,270.0,-3308.0,0.0,100,234.34,267.5,0,0.0,0.0,,0.0,1,0.09,0.01,SPY181231C00281000,281.0,normalDay
2018-12-26,270.0,-2125.0,0.0,100,246.18,267.5,0,0.0,0.0,,0.0,1,0.09,0.02,SPY181231C00281000,281.0,normalDay
2018-12-27,270.0,-1935.0,0.0,100,248.07,267.5,0,0.0,0.0,,0.0,1,0.09,0.01,SPY181231C00281000,281.0,normalDay
2018-12-28,270.0,-1967.0,0.0,100,247.75,267.5,0,0.0,0.0,,0.0,1,0.09,0.01,SPY181231C00281000,281.0,normalDay
2018-12-31,279.0,-1758.0,9.0,100,249.92,267.5,0,0.0,0.0,,0.0,1,0.09,0.0,SPY181231C00281000,281.0,expirationDay
2019-01-02,279.0,-1732.0,0.0,100,250.18,267.5,0,0.0,0.0,,0.0,0,0.0,0.0,,0.0,bidTooLow
2019-01-03,279.0,-2329.0,0.0,100,244.21,267.5,0,0.0,0.0,,0.0,0,0.0,0.0,,0.0,bidTooLow
2019-01-04,279.0,-1511.0,0.0,100,252.39,267.5,0,0.0,0.0,,0.0,0,0.0,0.0,,0.0,bidTooLow
2019-01-07,279.0,-1315.0,0.0,100,254.38,267.5,0,0.0,0.0,,0.0,1,0.01,0.04,SPY190125C00276000,276.0,normalDay
2019-01-08,279.0,-1077.0,0.0,100,256.77,267.5,0,0.0,0.0,,0.0,1,0.01,0.05,SPY190125C00276000,276.0,normalDay
2019-01-09,279.0,-957.0,0.0,100,257.97,267.5,0,0.0,0.0,,0.0,1,0.01,0.05,SPY190125C00276000,276.0,normalDay
2019-01-10,279.0,-867.0,0.0,100,258.88,267.5,0,0.0,0.0,,0.0,1,0.01,0.06,SPY190125C00276000,276.0,normalDay
2019-01-11,279.0,-855.0,0.0,100,258.98,267.5,0,0.0,0.0,,0.0,1,0.01,0.04,SPY190125C00276000,276.0,normalDay
2019-01-14,279.0,-1012.0,0.0,100,257.4,267.5,0,0.0,0.0,,0.0,1,0.01,0.03,SPY190125C00276000,276.0,normalDay
2019-01-15,279.0,-717.0,0.0,100,260.35,267.5,0,0.0,0.0,,0.0,1,0.01,0.03,SPY190125C00276000,276.0,normalDay
2019-01-16,279.0,-655.0,0.0,100,260.98,267.5,0,0.0,0.0,,0.0,1,0.01,0.04,SPY190125C00276000,276.0,normalDay
2019-01-17,279.0,-457.0,0.0,100,262.96,267.5,0,0.0,0.0,,0.0,1,0.01,0.04,SPY190125C00276000,276.0,normalDay
2019-01-18,279.0,-112.0,0.0,100,266.46,267.5,0,0.0,0.0,,0.0,1,0.01,0.09,SPY190125C00276000,276.0,normalDay
2019-01-22,279.0,-464.0,0.0,100,262.86,267.5,0,0.0,0.0,,0.0,1,0.01,0.01,SPY190125C00276000,276.0,normalDay
2019-01-23,279.0,-409.0,0.0,100,263.41,267.5,0,0.0,0.0,,0.0,1,0.01,0.01,SPY190125C00276000,276.0,normalDay
2019-01-24,279.0,-395.0,0.0,100,263.55,267.5,0,0.0,0.0,,0.0,1,0.01,0.01,SPY190125C00276000,276.0,normalDay
2019-01-25,280.0,-172.0,1.0,100,265.78,267.5,0,0.0,0.0,,0.0,1,0.01,0.0,SPY190125C00276000,276.0,expirationDay
2019-01-28,280.0,-377.0,0.0,100,263.76,267.5,0,0.0,0.0,,0.0,1,0.43,0.46,SPY190215C00274000,274.0,normalDay
2019-01-29,280.0,-408.0,0.0,100,263.41,267.5,0,0.0,0.0,,0.0,1,0.43,0.42,SPY190215C00274000,274.0,normalDay
2019-01-30,280.0,-42.0,0.0,100,267.58,267.5,0,0.0,0.0,,0.0,1,0.43,0.93,SPY190215C00274000,274.0,normalDay
2019-01-31,280.0,137.0,0.0,100,269.93,267.5,0,0.0,0.0,,0.0,1,0.43,1.49,SPY190215C00274000,274.0,normalDay
2019-02-01,280.0,181.0,0.0,100,270.06,267.5,0,0.0,0.0,,0.0,1,0.43,1.18,SPY190215C00274000,274.0,normalDay
2019-02-04,280.0,352.0,0.0,100,271.96,267.5,0,0.0,0.0,,0.0,1,0.43,1.37,SPY190215C00274000,274.0,normalDay
2019-02-05,280.0,432.0,0.0,100,273.1,267.5,0,0.0,0.0,,0.0,1,0.43,1.71,SPY190215C00274000,274.0,normalDay
2019-02-06,280.0,430.0,0.0,100,272.74,267.5,0,0.0,0.0,,0.0,1,0.43,1.37,SPY190215C00274000,274.0,normalDay
2019-02-07,280.0,250.0,0.0,100,270.14,267.5,0,0.0,0.0,,0.0,1,0.43,0.57,SPY190215C00274000,274.0,normalDay
2019-02-08,280.0,293.0,0.0,100,270.47,267.5,0,0.0,0.0,,0.0,1,0.43,0.47,SPY190215C00274000,274.0,normalDay
2019-02-11,280.0,313.0,0.0,100,270.62,267.5,0,0.0,0.0,,0.0,1,0.43,0.42,SPY190215C00274000,274.0,normalDay
2019-02-12,280.0,554.0,0.0,100,274.1,267.5,0,0.0,0.0,,0.0,1,0.43,1.49,SPY190215C00274000,274.0,normalDay
2019-02-13,280.0,626.0,0.0,100,274.99,267.5,0,0.0,0.0,,0.0,1,0.43,1.66,SPY190215C00274000,274.0,normalDay
2019-02-14,280.0,631.0,0.0,100,274.38,267.5,0,0.0,0.0,,0.0,1,0.43,1.0,SPY190215C00274000,274.0,normalDay
2019-02-15,973.0,631.0,693.0,0,277.37,0.0,0,0.0,0.0,,0.0,1,0.43,0.0,SPY190215C00274000,274.0,expirationDay
2019-02-19,973.0,0.0,0.0,0,277.85,0.0,0,0.0,0.0,,0.0,0,0.0,0.0,,0.0,bidTooLow
2019-02-20,973.0,0.0,0.0,0,278.41,0.0,0,0.0,0.0,,0.0,0,0.0,0.0,,0.0,bidTooLow
2019-02-21,973.0,0.0,0.0,0,277.42,0.0,0,0.0,0.0,,0.0,0,0.0,0.0,,0.0,bidTooLow
2019-02-22,973.0,0.0,0.0,0,279.14,0.0,0,0.0,0.0,,0.0,0,0.0,0.0,,0.0,bidTooLow
2019-02-25,973.0,0.0,0.0,0,279.52,0.0,0,0.0,0.0,,0.0,0,0.0,0.0,,0.0,bidTooLow
2019-02-26,973.0,-3.0,0.0,0,279.32,0.0,1,0.03,0.06,SPY190301P00269000,269.0,0,0.0,0.0,,0.0,normalDay
2019-02-27,973.0,0.0,0.0,0,279.2,0.0,1,0.03,0.03,SPY190301P00269000,269.0,0,0.0,0.0,,0.0,normalDay
2019-02-28,973.0,2.0,0.0,0,278.68,0.0,1,0.03,0.01,SPY190301P00269000,269.0,0,0.0,0.0,,0.0,normalDay
2019-03-01,976.0,0.0,3.0,0,280.42,0.0,1,0.03,0.0,SPY190301P00269000,269.0,0,0.0,0.0,,0.0,expirationDay
2019-03-04,976.0,-3.0,0.0,0,279.4,0.0,1,0.02,0.05,SPY190306P00272500,272.5,0,0.0,0.0,,0.0,normalDay
2019-03-05,976.0,0.0,0.0,0,279.02,0.0,1,0.02,0.02,SPY190306P00272500,272.5,0,0.0,0.0,,0.0,normalDay
2019-03-06,978.0,0.0,2.0,0,277.33,0.0,1,0.02,0.0,SPY190306P00272500,272.5,0,0.0,0.0,,0.0,expirationDay
2019-03-07,978.0,-3.0,0.0,0,275.01,0.0,1,0.33,0.36,SPY190308P00273500,273.5,0,0.0,0.0,,0.0,normalDay
2019-03-08,1011.0,0.0,33.0,0,274.46,0.0,1,0.33,0.0,SPY190308P00273500,273.5,0,0.0,0.0,,0.0,expirationDay
2019-03-11,1011.0,-3.0,0.0,0,278.44,0.0,1,0.12,0.15,SPY190313P00274500,274.5,0,0.0,0.0,,0.0,normalDay
2019-03-12,1011.0,8.0,0.0,0,279.49,0.0,1,0.12,0.04,SPY190313P00274500,274.5,0,0.0,0.0,,0.0,normalDay
2019-03-13,1023.0,0.0,12.0,0,281.34,0.0,1,0.12,0.0,SPY190313P00274500,274.5,0,0.0,0.0,,0.0,expirationDay
2019-03-14,1023.0,-3.0,0.0,0,281.16,0.0,1,0.07,0.1,SPY190315P00276500,276.5,0,0.0,0.0,,0.0,normalDay
2019-03-15,1030.0,0.0,7.0,0,281.31,0.0,1,0.07,0.0,SPY190315P00276500,276.5,0,0.0,0.0,,0.0,expirationDay
2019-03-18,1030.0,-3.0,0.0,0,282.33,0.0,1,0.02,0.05,SPY190320P00277000,277.0,0,0.0,0.0,,0.0,normalDay
2019-03-19,1030.0,-2.0,0.0,0,282.4,0.0,1,0.02,0.04,SPY190320P00277000,277.0,0,0.0,0.0,,0.0,normalDay
2019-03-20,1032.0,0.0,2.0,0,281.55,0.0,1,0.02,0.0,SPY190320P00277000,277.0,0,0.0,0.0,,0.0,expirationDay
2019-03-21,1032.0,0.0,0.0,0,284.73,0.0,0,0.0,0.0,,0.0,0,0.0,0.0,,0.0,bidTooLow
2019-03-22,1032.0,-5.0,0.0,0,279.25,0.0,1,0.38,0.43,SPY190325P00277500,277.5,0,0.0,0.0,,0.0,normalDay
2019-03-25,1070.0,0.0,38.0,0,279.04,0.0,1,0.38,0.0,SPY190325P00277500,277.5,0,0.0,0.0,,0.0,expirationDay
2019-03-26,1070.0,-4.0,0.0,0,281.12,0.0,1,0.4,0.44,SPY190329P00277000,277.0,0,0.0,0.0,,0.0,normalDay
2019-03-27,1070.0,-14.0,0.0,0,279.65,0.0,1,0.4,0.54,SPY190329P00277000,277.0,0,0.0,0.0,,0.0,normalDay
2019-03-28,1070.0,30.0,0.0,0,280.71,0.0,1,0.4,0.1,SPY190329P00277000,277.0,0,0.0,0.0,,0.0,normalDay
2019-03-29,1110.0,0.0,40.0,0,282.48,0.0,1,0.4,0.0,SPY190329P00277000,277.0,0,0.0,0.0,,0.0,expirationDay
2019-04-01,1110.0,0.0,0.0,0,285.83,0.0,0,0.0,0.0,,0.0,0,0.0,0.0,,0.0,bidTooLow
2019-04-02,1110.0,-3.0,0.0,0,285.97,0.0,1,0.02,0.05,SPY190405P00277500,277.5,0,0.0,0.0,,0.0,normalDay
2019-04-03,1110.0,-1.0,0.0,0,286.42,0.0,1,0.02,0.03,SPY190405P00277500,277.5,0,0.0,0.0,,0.0,normalDay
2019-04-04,1110.0,1.0,0.0,0,287.18,0.0,1,0.02,0.01,SPY190405P00277500,277.5,0,0.0,0.0,,0.0,normalDay
2019-04-05,1112.0,0.0,2.0,0,288.57,0.0,1,0.02,0.0,SPY190405P00277500,277.5,0,0.0,0.0,,0.0,expirationDay
2019-04-08,1112.0,0.0,0.0,0,288.79,0.0,0,0.0,0.0,,0.0,0,0.0,0.0,,0.0,bidTooLow
2019-04-09,1112.0,-3.0,0.0,0,287.31,0.0,1,0.05,0.08,SPY190412P00280000,280.0,0,0.0,0.0,,0.0,normalDay
2019-04-10,1112.0,3.0,0.0,0,288.29,0.0,1,0.05,0.02,SPY190412P00280000,280.0,0,0.0,0.0,,0.0,normalDay
2019-04-11,1112.0,4.0,0.0,0,288.21,0.0,1,0.05,0.01,SPY190412P00280000,280.0,0,0.0,0.0,,0.0,normalDay
2019-04-12,1117.0,0.0,5.0,0,290.16,0.0,1,0.05,0.0,SPY190412P00280000,280.0,0,0.0,0.0,,0.0,expirationDay
2019-04-15,1117.0,-3.0,0.0,0,289.97,0.0,1,0.01,0.04,SPY190418P00281000,281.0,0,0.0,0.0,,0.0,normalDay
2019-04-16,1117.0,-3.0,0.0,0,290.16,0.0,1,0.01,0.04,SPY190418P00281000,281.0,0,0.0,0.0,,0.0,normalDay
2019-04-17,1117.0,-1.0,0.0,0,289.45,0.0,1,0.01,0.02,SPY190418P00281000,281.0,0,0.0,0.0,,0.0,normalDay
2019-04-18,1118.0,0.0,1.0,0,290.02,0.0,1,0.01,0.0,SPY190418P00281000,281.0,0,0.0,0.0,,0.0,expirationDay
2019-04-22,1118.0,0.0,0.0,0,290.27,0.0,0,0.0,0.0,,0.0,0,0.0,0.0,,0.0,bidTooLow
2019-04-23,1118.0,0.0,0.0,0,292.88,0.0,0,0.0,0.0,,0.0,0,0.0,0.0,,0.0,bidTooLow
2019-04-24,1118.0,-3.0,0.0,0,292.23,0.0,1,0.01,0.04,SPY190426P00284000,284.0,0,0.0,0.0,,0.0,normalDay
2019-04-25,1118.0,-1.0,0.0,0,292.05,0.0,1,0.01,0.02,SPY190426P00284000,284.0,0,0.0,0.0,,0.0,normalDay
2019-04-26,1119.0,0.0,1.0,0,293.41,0.0,1,0.01,0.0,SPY190426P00284000,284.0,0,0.0,0.0,,0.0,expirationDay
2019-04-29,1119.0,-3.0,0.0,0,293.87,0.0,1,0.03,0.06,SPY190501P00287000,287.0,0,0.0,0.0,,0.0,normalDay
2019-04-30,1119.0,0.0,0.0,0,294.02,0.0,1,0.03,0.03,SPY190501P00287000,287.0,0,0.0,0.0,,0.0,normalDay
2019-05-01,1122.0,0.0,3.0,0,291.81,0.0,1,0.03,0.0,SPY190501P00287000,287.0,0,0.0,0.0,,0.0,expirationDay
2019-05-02,1122.0,-4.0,0.0,0,291.18,0.0,1,0.16,0.2,SPY190503P00288500,288.5,0,0.0,0.0,,0.0,normalDay
2019-05-03,1138.0,0.0,16.0,0,294.03,0.0,1,0.16,0.0,SPY190503P00288500,288.5,0,0.0,0.0,,0.0,expirationDay
2019-05-06,1138.0,-4.0,0.0,0,292.82,0.0,1,0.28,0.32,SPY190508P00289000,289.0,0,0.0,0.0,,0.0,normalDay
2019-05-07,1138.0,-146.0,0.0,0,287.93,0.0,1,0.28,1.74,SPY190508P00289000,289.0,0,0.0,0.0,,0.0,normalDay
2019-05-08,1166.0,-147.0,28.0,100,287.53,289.0,1,0.28,0.0,SPY190508P00289000,289.0,0,0.0,0.0,,0.0,expirationDay
2019-05-09,1166.0,-238.0,0.0,100,286.66,289.0,0,0.0,0.0,,0.0,1,0.41,0.45,SPY190528C00297000,297.0,normalDay
2019-05-10,1166.0,-75.0,0.0,100,288.1,289.0,0,0.0,0.0,,0.0,1,0.41,0.26,SPY190528C00297000,297.0,normalDay
2019-05-13,1166.0,-778.0,0.0,100,280.86,289.0,0,0.0,0.0,,0.0,1,0.41,0.05,SPY190528C00297000,297.0,normalDay
2019-05-14,1166.0,-523.0,0.0,100,283.4,289.0,0,0.0,0.0,,0.0,1,0.41,0.04,SPY190528C00297000,297.0,normalDay
2019-05-15,1166.0,-358.0,0.0,100,285.06,289.0,0,0.0,0.0,,0.0,1,0.41,0.05,SPY190528C00297000,297.0,normalDay
2019-05-16,1166.0,-97.0,0.0,100,287.7,289.0,0,0.0,0.0,,0.0,1,0.41,0.08,SPY190528C00297000,297.0,normalDay
2019-05-17,1166.0,-279.0,0.0,100,285.84,289.0,0,0.0,0.0,,0.0,1,0.41,0.04,SPY190528C00297000,297.0,normalDay
2019-05-20,1166.0,-466.0,0.0,100,283.95,289.0,0,0.0,0.0,,0.0,1,0.41,0.02,SPY190528C00297000,297.0,normalDay
2019-05-21,1166.0,-209.0,0.0,100,286.51,289.0,0,0.0,0.0,,0.0,1,0.41,0.01,SPY190528C00297000,297.0,normalDay
2019-05-22,1166.0,-297.0,0.0,100,285.63,289.0,0,0.0,0.0,,0.0,1,0.41,0.01,SPY190528C00297000,297.0,normalDay
2019-05-23,1166.0,-646.0,0.0,100,282.14,289.0,0,0.0,0.0,,0.0,1,0.41,0.01,SPY190528C00297000,297.0,normalDay
2019-05-24,1166.0,-582.0,0.0,100,282.78,289.0,0,0.0,0.0,,0.0,1,0.41,0.01,SPY190528C00297000,297.0,normalDay
2019-05-28,1207.0,-885.0,41.0,100,280.15,289.0,0,0.0,0.0,,0.0,1,0.41,0.0,SPY190528C00297000,297.0,expirationDay
2019-05-29,1207.0,-1076.0,0.0,100,278.27,289.0,0,0.0,0.0,,0.0,1,0.01,0.04,SPY190617C00297000,297.0,normalDay
2019-05-30,1207.0,-1000.0,0.0,100,279.03,289.0,0,0.0,0.0,,0.0,1,0.01,0.04,SPY190617C00297000,297.0,normalDay
2019-05-31,1207.0,-1374.0,0.0,100,275.27,289.0,0,0.0,0.0,,0.0,1,0.01,0.02,SPY190617C00297000,297.0,normalDay
2019-06-03,1207.0,-1443.0,0.0,100,274.57,289.0,0,0.0,0.0,,0.0,1,0.01,0.01,SPY190617C00297000,297.0,normalDay
2019-06-04,1207.0,-849.0,0.0,100,280.53,289.0,0,0.0,0.0,,0.0,1,0.01,0.03,SPY190617C00297000,297.0,normalDay
2019-06-05,1207.0,-608.0,0.0,100,282.96,289.0,0,0.0,0.0,,0.0,1,0.01,0.05,SPY190617C00297000,297.0,normalDay
2019-06-06,1207.0,-426.0,0.0,100,284.8,289.0,0,0.0,0.0,,0.0,1,0.01,0.07,SPY190617C00297000,297.0,normalDay
2019-06-07,1207.0,-145.0,0.0,100,287.65,289.0,0,0.0,0.0,,0.0,1,0.01,0.11,SPY190617C00297000,297.0,normalDay
2019-06-10,1207.0,-11.0,0.0,100,288.97,289.0,0,0.0,0.0,,0.0,1,0.01,0.09,SPY190617C00297000,297.0,normalDay
2019-06-11,1207.0,-14.0,0.0,100,288.9,289.0,0,0.0,0.0,,0.0,1,0.01,0.05,SPY190617C00297000,297.0,normalDay
2019-06-12,1207.0,-62.0,0.0,100,288.39,289.0,0,0.0,0.0,,0.0,1,0.01,0.02,SPY190617C00297000,297.0,normalDay
2019-06-13,1207.0,58.0,0.0,100,289.58,289.0,0,0.0,0.0,,0.0,1,0.01,0.01,SPY190617C00297000,297.0,normalDay
2019-06-14,1207.0,26.0,0.0,100,289.26,289.0,0,0.0,0.0,,0.0,1,0.01,0.01,SPY190617C00297000,297.0,normalDay
2019-06-17,1208.0,37.0,1.0,100,289.37,289.0,0,0.0,0.0,,0.0,1,0.01,0.0,SPY190617C00297000,297.0,expirationDay
2019-06-18,1208.0,336.0,0.0,100,292.4,289.0,0,0.0,0.0,,0.0,1,0.91,0.95,SPY190705C00297500,297.5,normalDay
2019-06-19,1208.0,399.0,0.0,100,293.06,289.0,0,0.0,0.0,,0.0,1,0.91,0.98,SPY190705C00297500,297.5,normalDay
2019-06-20,1208.0,585.0,0.0,100,295.86,289.0,0,0.0,0.0,,0.0,1,0.91,1.92,SPY190705C00297500,297.5,normalDay
2019-06-21,1208.0,418.0,0.0,100,294.0,289.0,0,0.0,0.0,,0.0,1,0.91,1.73,SPY190705C00297500,297.5,normalDay
2019-06-24,1208.0,415.0,0.0,100,293.64,289.0,0,0.0,0.0,,0.0,1,0.91,1.4,SPY190705C00297500,297.5,normalDay
2019-06-25,1208.0,207.0,0.0,100,290.76,289.0,0,0.0,0.0,,0.0,1,0.91,0.6,SPY190705C00297500,297.5,normalDay
2019-06-26,1208.0,196.0,0.0,100,290.47,289.0,0,0.0,0.0,,0.0,1,0.91,0.42,SPY190705C00297500,297.5,normalDay
2019-06-27,1208.0,289.0,0.0,100,291.5,289.0,0,0.0,0.0,,0.0,1,0.91,0.52,SPY190705C00297500,297.5,normalDay
2019-06-28,1208.0,398.0,0.0,100,293.0,289.0,0,0.0,0.0,,0.0,1,0.91,0.93,SPY190705C00297500,297.5,normalDay
2019-07-01,1208.0,702.0,0.0,100,295.66,289.0,0,0.0,0.0,,0.0,1,0.91,0.55,SPY190705C00297500,297.5,normalDay
2019-07-02,1208.0,781.0,0.0,100,296.43,289.0,0,0.0,0.0,,0.0,1,0.91,0.53,SPY190705C00297500,297.5,normalDay
2019-07-03,1208.0,897.0,0.0,100,298.8,289.0,0,0.0,0.0,,0.0,1,0.91,1.74,SPY190705C00297500,297.5,normalDay
2019-07-05,2149.0,897.0,941.0,0,298.46,0.0,0,0.0,0.0,,0.0,1,0.91,0.0,SPY190705C00297500,297.5,expirationDay
2019-07-08,2149.0,0.0,0.0,0,296.82,0.0,0,0.0,0.0,,0.0,0,0.0,0.0,,0.0,bidTooLow
2019-07-09,2149.0,-3.0,0.0,0,297.19,0.0,1,0.06,0.09,SPY190712P00290000,290.0,0,0.0,0.0,,0.0,normalDay
2019-07-10,2149.0,3.0,0.0,0,298.61,0.0,1,0.06,0.03,SPY190712P00290000,290.0,0,0.0,0.0,,0.0,normalDay
2019-07-11,2149.0,4.0,0.0,0,299.31,0.0,1,0.06,0.02,SPY190712P00290000,290.0,0,0.0,0.0,,0.0,normalDay
2019-07-12,2155.0,0.0,6.0,0,300.65,0.0,1,0.06,0.0,SPY190712P00290000,290.0,0,0.0,0.0,,0.0,expirationDay
2019-07-15,2155.0,-3.0,0.0,0,300.75,0.0,1,0.01,0.04,SPY190717P00292000,292.0,0,0.0,0.0,,0.0,normalDay
2019-07-16,2155.0,-1.0,0.0,0,299.78,0.0,1,0.01,0.02,SPY190717P00292000,292.0,0,0.0,0.0,,0.0,normalDay
2019-07-17,2156.0,0.0,1.0,0,297.74,0.0,1,0.01,0.0,SPY190717P00292000,292.0,0,0.0,0.0,,0.0,expirationDay
2019-07-18,2156.0,-3.0,0.0,0,298.83,0.0,1,0.02,0.05,SPY190719P00293000,293.0,0,0.0,0.0,,0.0,normalDay
2019-07-19,2158.0,0.0,2.0,0,297.17,0.0,1,0.02,0.0,SPY190719P00293000,293.0,0,0.0,0.0,,0.0,expirationDay
2019-07-22,2158.0,-3.0,0.0,0,297.9,0.0,1,0.07,0.1,SPY190724P00293500,293.5,0,0.0,0.0,,0.0,normalDay
2019-07-23,2158.0,5.0,0.0,0,300.03,0.0,1,0.07,0.02,SPY190724P00293500,293.5,0,0.0,0.0,,0.0,normalDay
2019-07-24,2165.0,0.0,7.0,0,301.44,0.0,1,0.07,0.0,SPY190724P00293500,293.5,0,0.0,0.0,,0.0,expirationDay
2019-07-25,2165.0,-3.0,0.0,0,300.0,0.0,1,0.01,0.04,SPY190726P00295500,295.5,0,0.0,0.0,,0.0,normalDay
2019-07-26,2166.0,0.0,1.0,0,302.01,0.0,1,0.01,0.0,SPY190726P00295500,295.5,0,0.0,0.0,,0.0,expirationDay
2019-07-29,2166.0,-3.0,0.0,0,301.46,0.0,1,0.16,0.19,SPY190731P00297000,297.0,0,0.0,0.0,,0.0,normalDay
2019-07-30,2166.0,-7.0,0.0,0,300.72,0.0,1,0.16,0.23,SPY190731P00297000,297.0,0,0.0,0.0,,0.0,normalDay
2019-07-31,2182.0,0.0,16.0,0,297.43,0.0,1,0.16,0.0,SPY190731P00297000,297.0,0,0.0,0.0,,0.0,expirationDay
2019-08-01,2182.0,-7.0,0.0,0,294.84,0.0,1,2.35,2.42,SPY190802P00297000,297.0,0,0.0,0.0,,0.0,normalDay
2019-08-02,2417.0,-438.0,235.0,100,292.62,297.0,1,2.35,0.0,SPY190802P00297000,297.0,0,0.0,0.0,,0.0,expirationDay
2019-08-05,2417.0,-1318.0,0.0,100,283.82,297.0,0,0.0,0.0,,0.0,0,0.0,0.0,,0.0,bidTooLow
2019-08-06,2417.0,-920.0,0.0,100,287.8,297.0,0,0.0,0.0,,0.0,0,0.0,0.0,,0.0,bidTooLow
2019-08-07,2417.0,-903.0,0.0,100,287.97,297.0,0,0.0,0.0,,0.0,0,0.0,0.0,,0.0,bidTooLow
2019-08-08,2417.0,-341.0,0.0,100,293.62,297.0,0,0.0,0.0,,0.0,1,0.01,0.04,SPY190826C00310000,310.0,normalDay
2019-08-09,2417.0,-540.0,0.0,100,291.62,297.0,0,0.0,0.0,,0.0,1,0.01,0.03,SPY190826C00310000,310.0,normalDay
2019-08-12,2417.0,-894.0,0.0,100,288.07,297.0,0,0.0,0.0,,0.0,1,0.01,0.02,SPY190826C00310000,310.0,normalDay
2019-08-13,2417.0,-446.0,0.0,100,292.55,297.0,0,0.0,0.0,,0.0,1,0.01,0.02,SPY190826C00310000,310.0,normalDay
2019-08-14,2417.0,-1310.0,0.0,100,283.9,297.0,0,0.0,0.0,,0.0,1,0.01,0.01,SPY190826C00310000,310.0,normalDay
2019-08-15,2417.0,-1235.0,0.0,100,284.65,297.0,0,0.0,0.0,,0.0,1,0.01,0.01,SPY190826C00310000,310.0,normalDay
2019-08-16,2417.0,-815.0,0.0,100,288.85,297.0,0,0.0,0.0,,0.0,1,0.01,0.01,SPY190826C00310000,310.0,normalDay
2019-08-19,2417.0,-467.0,0.0,100,292.33,297.0,0,0.0,0.0,,0.0,1,0.01,0.01,SPY190826C00310000,310.0,normalDay
2019-08-20,2417.0,-691.0,0.0,100,290.09,297.0,0,0.0,0.0,,0.0,1,0.01,0.01,SPY190826C00310000,310.0,normalDay
2019-08-21,2417.0,-455.0,0.0,100,292.45,297.0,0,0.0,0.0,,0.0,1,0.01,0.01,SPY190826C00310000,310.0,normalDay
2019-08-22,2417.0,-464.0,0.0,100,292.36,297.0,0,0.0,0.0,,0.0,1,0.01,0.01,SPY190826C00310000,310.0,normalDay
2019-08-23,2417.0,-1215.0,0.0,100,284.85,297.0,0,0.0,0.0,,0.0,1,0.01,0.01,SPY190826C00310000,310.0,normalDay
2019-08-26,2418.0,-900.0,1.0,100,288.0,297.0,0,0.0,0.0,,0.0,1,0.01,0.0,SPY190826C00310000,310.0,expirationDay
2019-08-27,2418.0,-1016.0,0.0,100,286.87,297.0,0,0.0,0.0,,0.0,1,0.2,0.23,SPY190913C00300000,300.0,normalDay
2019-08-28,2418.0,-821.0,0.0,100,288.89,297.0,0,0.0,0.0,,0.0,1,0.2,0.3,SPY190913C00300000,300.0,normalDay
2019-08-29,2418.0,-479.0,0.0,100,292.58,297.0,0,0.0,0.0,,0.0,1,0.2,0.57,SPY190913C00300000,300.0,normalDay
2019-08-30,2418.0,-492.0,0.0,100,292.45,297.0,0,0.0,0.0,,0.0,1,0.2,0.57,SPY190913C00300000,300.0,normalDay
2019-09-03,2418.0,-623.0,0.0,100,290.74,297.0,0,0.0,0.0,,0.0,1,0.2,0.17,SPY190913C00300000,300.0,normalDay
2019-09-04,2418.0,-306.0,0.0,100,294.04,297.0,0,0.0,0.0,,0.0,1,0.2,0.3,SPY190913C00300000,300.0,normalDay
2019-09-05,2418.0,4.0,0.0,100,297.82,297.0,0,0.0,0.0,,0.0,1,0.2,0.98,SPY190913C00300000,300.0,normalDay
2019-09-06,2418.0,36.0,0.0,100,298.05,297.0,0,0.0,0.0,,0.0,1,0.2,0.89,SPY190913C00300000,300.0,normalDay
2019-09-09,2418.0,82.0,0.0,100,298.2,297.0,0,0.0,0.0,,0.0,1,0.2,0.58,SPY190913C00300000,300.0,normalDay
2019-09-10,2418.0,90.0,0.0,100,298.13,297.0,0,0.0,0.0,,0.0,1,0.2,0.43,SPY190913C00300000,300.0,normalDay
2019-09-11,2418.0,213.0,0.0,100,300.25,297.0,0,0.0,0.0,,0.0,1,0.2,1.32,SPY190913C00300000,300.0,normalDay
2019-09-12,2418.0,267.0,0.0,100,301.29,297.0,0,0.0,0.0,,0.0,1,0.2,1.82,SPY190913C00300000,300.0,normalDay
2019-09-13,2738.0,267.0,320.0,0,301.09,0.0,0,0.0,0.0,,0.0,1,0.2,0.0,SPY190913C00300000,300.0,expirationDay
2019-09-16,2738.0,-3.0,0.0,0,300.16,0.0,1,0.02,0.05,SPY190918P00289000,289.0,0,0.0,0.0,,0.0,normalDay
2019-09-17,2738.0,0.0,0.0,0,300.92,0.0,1,0.02,0.02,SPY190918P00289000,289.0,0,0.0,0.0,,0.0,normalDay
2019-09-18,2740.0,0.0,2.0,0,301.1,0.0,1,0.02,0.0,SPY190918P00289000,289.0,0,0.0,0.0,,0.0,expirationDay
2019-09-19,2740.0,-3.0,0.0,0,301.08,0.0,1,0.04,0.07,SPY190920P00290000,290.0,0,0.0,0.0,,0.0,normalDay
2019-09-20,2744.0,0.0,4.0,0,298.28,0.0,1,0.04,0.0,SPY190920P00290000,290.0,0,0.0,0.0,,0.0,expirationDay
2019-09-23,2744.0,-3.0,0.0,0,298.21,0.0,1,0.03,0.06,SPY190925P00291500,291.5,0,0.0,0.0,,0.0,normalDay
2019-09-24,2744.0,-12.0,0.0,0,295.87,0.0,1,0.03,0.15,SPY190925P00291500,291.5,0,0.0,0.0,,0.0,normalDay
2019-09-25,2747.0,0.0,3.0,0,297.62,0.0,1,0.03,0.0,SPY190925P00291500,291.5,0,0.0,0.0,,0.0,expirationDay
2019-09-26,2747.0,-3.0,0.0,0,297.0,0.0,1,0.19,0.22,SPY190927P00294500,294.5,0,0.0,0.0,,0.0,normalDay
2019-09-27,2766.0,0.0,19.0,0,295.4,0.0,1,0.19,0.0,SPY190927P00294500,294.5,0,0.0,0.0,,0.0,expirationDay
2019-09-30,2766.0,-4.0,0.0,0,296.77,0.0,1,0.58,0.62,SPY191002P00295500,295.5,0,0.0,0.0,,0.0,normalDay
2019-10-01,2766.0,-188.0,0.0,0,293.24,0.0,1,0.58,2.46,SPY191002P00295500,295.5,0,0.0,0.0,,0.0,normalDay
2019-10-02,2824.0,-744.0,58.0,100,288.06,295.5,1,0.58,0.0,SPY191002P00295500,295.5,0,0.0,0.0,,0.0,expirationDay
2019-10-03,2824.0,-511.0,0.0,100,290.42,295.5,0,0.0,0.0,,0.0,1,0.02,0.05,SPY191021C00307000,307.0,normalDay
2019-10-04,2824.0,-119.0,0.0,100,294.35,295.5,0,0.0,0.0,,0.0,1,0.02,0.06,SPY191021C00307000,307.0,normalDay
2019-10-07,2824.0,-244.0,0.0,100,293.08,295.5,0,0.0,0.0,,0.0,1,0.02,0.04,SPY191021C00307000,307.0,normalDay
2019-10-08,2824.0,-697.0,0.0,100,288.53,295.5,0,0.0,0.0,,0.0,1,0.02,0.02,SPY191021C00307000,307.0,normalDay
2019-10-09,2824.0,-423.0,0.0,100,291.27,295.5,0,0.0,0.0,,0.0,1,0.02,0.02,SPY191021C00307000,307.0,normalDay
2019-10-10,2824.0,-228.0,0.0,100,293.24,295.5,0,0.0,0.0,,0.0,1,0.02,0.04,SPY191021C00307000,307.0,normalDay
2019-10-11,2824.0,73.0,0.0,100,296.28,295.5,0,0.0,0.0,,0.0,1,0.02,0.07,SPY191021C00307000,307.0,normalDay
2019-10-14,2824.0,46.0,0.0,100,295.95,295.5,0,0.0,0.0,,0.0,1,0.02,0.01,SPY191021C00307000,307.0,normalDay
2019-10-15,2824.0,336.0,0.0,100,298.88,295.5,0,0.0,0.0,,0.0,1,0.02,0.04,SPY191021C00307000,307.0,normalDay
2019-10-16,2824.0,291.0,0.0,100,298.4,295.5,0,0.0,0.0,,0.0,1,0.02,0.01,SPY191021C00307000,307.0,normalDay
2019-10-17,2824.0,379.0,0.0,100,299.28,295.5,0,0.0,0.0,,0.0,1,0.02,0.01,SPY191021C00307000,307.0,normalDay
2019-10-18,2824.0,248.0,0.0,100,297.97,295.5,0,0.0,0.0,,0.0,1,0.02,0.01,SPY191021C00307000,307.0,normalDay
2019-10-21,2826.0,449.0,2.0,100,299.99,295.5,0,0.0,0.0,,0.0,1,0.02,0.0,SPY191021C00307000,307.0,expirationDay
2019-10-22,2826.0,348.0,0.0,100,299.01,295.5,0,0.0,0.0,,0.0,1,0.65,0.68,SPY191108C00305000,305.0,normalDay
2019-10-23,2826.0,429.0,0.0,100,299.88,295.5,0,0.0,0.0,,0.0,1,0.65,0.74,SPY191108C00305000,305.0,normalDay
2019-10-24,2826.0,488.0,0.0,100,300.37,295.5,0,0.0,0.0,,0.0,1,0.65,0.64,SPY191108C00305000,305.0,normalDay
2019-10-25,2826.0,597.0,0.0,100,301.6,295.5,0,0.0,0.0,,0.0,1,0.65,0.78,SPY191108C00305000,305.0,normalDay
2019-10-28,2826.0,711.0,0.0,100,303.3,295.5,0,0.0,0.0,,0.0,1,0.65,1.34,SPY191108C00305000,305.0,normalDay
2019-10-29,2826.0,713.0,0.0,100,303.21,295.5,0,0.0,0.0,,0.0,1,0.65,1.23,SPY191108C00305000,305.0,normalDay
2019-10-30,2826.0,779.0,0.0,100,304.14,295.5,0,0.0,0.0,,0.0,1,0.65,1.5,SPY191108C00305000,305.0,normalDay
2019-10-31,2826.0,750.0,0.0,100,303.33,295.5,0,0.0,0.0,,0.0,1,0.65,0.98,SPY191108C00305000,305.0,normalDay
2019-11-01,2826.0,916.0,0.0,100,306.14,295.5,0,0.0,0.0,,0.0,1,0.65,2.13,SPY191108C00305000,305.0,normalDay
2019-11-04,2826.0,968.0,0.0,100,307.37,295.5,0,0.0,0.0,,0.0,1,0.65,2.84,SPY191108C00305000,305.0,normalDay
2019-11-05,2826.0,966.0,0.0,100,307.03,295.5,0,0.0,0.0,,0.0,1,0.65,2.52,SPY191108C00305000,305.0,normalDay
2019-11-06,2826.0,974.0,0.0,100,307.1,295.5,0,0.0,0.0,,0.0,1,0.65,2.51,SPY191108C00305000,305.0,normalDay
2019-11-07,2826.0,1003.0,0.0,100,308.18,295.5,0,0.0,0.0,,0.0,1,0.65,3.3,SPY191108C00305000,305.0,normalDay
2019-11-08,3841.0,1003.0,1015.0,0,308.94,0.0,0,0.0,0.0,,0.0,1,0.65,0.0,SPY191108C00305000,305.0,expirationDay
2019-11-11,3841.0,0.0,0.0,0,308.35,0.0,0,0.0,0.0,,0.0,0,0.0,0.0,,0.0,bidTooLow
2019-11-12,3841.0,-3.0,0.0,0,309.0,0.0,1,0.01,0.04,SPY191115P00299500,299.5,0,0.0,0.0,,0.0,normalDay
2019-11-13,3841.0,-3.0,0.0,0,309.1,0.0,1,0.01,0.04,SPY191115P00299500,299.5,0,0.0,0.0,,0.0,normalDay
2019-11-14,3841.0,-1.0,0.0,0,309.55,0.0,1,0.01,0.02,SPY191115P00299500,299.5,0,0.0,0.0,,0.0,normalDay
2019-11-15,3842.0,0.0,1.0,0,311.79,0.0,1,0.01,0.0,SPY191115P00299500,299.5,0,0.0,0.0,,0.0,expirationDay
2019-11-18,3842.0,0.0,0.0,0,312.02,0.0,0,0.0,0.0,,0.0,0,0.0,0.0,,0.0,bidTooLow
2019-11-19,3842.0,-3.0,0.0,0,311.93,0.0,1,0.04,0.07,SPY191122P00303000,303.0,0,0.0,0.0,,0.0,normalDay
2019-11-20,3842.0,-4.0,0.0,0,310.77,0.0,1,0.04,0.08,SPY191122P00303000,303.0,0,0.0,0.0,,0.0,normalDay
2019-11-21,3842.0,1.0,0.0,0,310.27,0.0,1,0.04,0.03,SPY191122P00303000,303.0,0,0.0,0.0,,0.0,normalDay
2019-11-22,3846.0,0.0,4.0,0,310.96,0.0,1,0.04,0.0,SPY191122P00303000,303.0,0,0.0,0.0,,0.0,expirationDay
2019-11-25,3846.0,0.0,0.0,0,313.37,0.0,0,0.0,0.0,,0.0,0,0.0,0.0,,0.0,bidTooLow
2019-11-26,3846.0,-3.0,0.0,0,314.08,0.0,1,0.03,0.06,SPY191129P00306500,306.5,0,0.0,0.0,,0.0,normalDay
2019-11-27,3846.0,1.0,0.0,0,315.48,0.0,1,0.03,0.02,SPY191129P00306500,306.5,0,0.0,0.0,,0.0,normalDay
2019-11-29,3849.0,0.0,3.0,0,314.31,0.0,1,0.03,0.0,SPY191129P00306500,306.5,0,0.0,0.0,,0.0,expirationDay
2019-12-02,3849.0,-3.0,0.0,0,311.64,0.0,1,0.29,0.32,SPY191204P00308000,308.0,0,0.0,0.0,,0.0,normalDay
2019-12-03,3849.0,-21.0,0.0,0,309.55,0.0,1,0.29,0.5,SPY191204P00308000,308.0,0,0.0,0.0,,0.0,normalDay
2019-12-04,3878.0,0.0,29.0,0,311.46,0.0,1,0.29,0.0,SPY191204P00308000,308.0,0,0.0,0.0,,0.0,expirationDay
2019-12-05,3878.0,-3.0,0.0,0,312.02,0.0,1,0.13,0.16,SPY191206P00309000,309.0,0,0.0,0.0,,0.0,normalDay
2019-12-06,3891.0,0.0,13.0,0,314.87,0.0,1,0.13,0.0,SPY191206P00309000,309.0,0,0.0,0.0,,0.0,expirationDay
2019-12-09,3891.0,-3.0,0.0,0,313.88,0.0,1,0.25,0.28,SPY191211P00309500,309.5,0,0.0,0.0,,0.0,normalDay
2019-12-10,3891.0,16.0,0.0,0,313.53,0.0,1,0.25,0.09,SPY191211P00309500,309.5,0,0.0,0.0,,0.0,normalDay
2019-12-11,3916.0,0.0,25.0,0,314.42,0.0,1,0.25,0.0,SPY191211P00309500,309.5,0,0.0,0.0,,0.0,expirationDay
2019-12-12,3916.0,-3.0,0.0,0,317.13,0.0,1,0.06,0.09,SPY191213P00310500,310.5,0,0.0,0.0,,0.0,normalDay
2019-12-13,3922.0,0.0,6.0,0,317.32,0.0,1,0.06,0.0,SPY191213P00310500,310.5,0,0.0,0.0,,0.0,expirationDay
2019-12-16,3922.0,-3.0,0.0,0,319.5,0.0,1,0.05,0.08,SPY191218P00311000,311.0,0,0.0,0.0,,0.0,normalDay
2019-12-17,3922.0,3.0,0.0,0,319.57,0.0,1,0.05,0.02,SPY191218P00311000,311.0,0,0.0,0.0,,0.0,normalDay
2019-12-18,3927.0,0.0,5.0,0,319.59,0.0,1,0.05,0.0,SPY191218P00311000,311.0,0,0.0,0.0,,0.0,expirationDay
2019-12-19,3927.0,-3.0,0.0,0,320.9,0.0,1,0.01,0.04,SPY191220P00311500,311.5,0,0.0,0.0,,0.0,normalDay
2019-12-20,3928.0,0.0,1.0,0,320.73,0.0,1,0.01,0.0,SPY191220P00311500,311.5,0,0.0,0.0,,0.0,expirationDay
2019-12-23,3928.0,0.0,0.0,0,321.22,0.0,0,0.0,0.0,,0.0,0,0.0,0.0,,0.0,bidTooLow
2019-12-24,3928.0,0.0,0.0,0,321.23,0.0,0,0.0,0.0,,0.0,0,0.0,0.0,,0.0,bidTooLow
2019-12-26,3928.0,0.0,0.0,0,322.94,0.0,0,0.0,0.0,,0.0,0,0.0,0.0,,0.0,bidTooLow
2019-12-27,3928.0,0.0,0.0,0,322.86,0.0,0,0.0,0.0,,0.0,0,0.0,0.0,,0.0,bidTooLow
2019-12-30,3928.0,0.0,0.0,0,321.08,0.0,0,0.0,0.0,,0.0,0,0.0,0.0,,0.0,bidTooLow
2019-12-31,3928.0,-3.0,0.0,0,321.86,0.0,1,0.1,0.13,SPY200103P00313500,313.5,0,0.0,0.0,,0.0,normalDay
2020-01-02,3928.0,8.0,0.0,0,324.87,0.0,1,0.1,0.02,SPY200103P00313500,313.5,0,0.0,0.0,,0.0,normalDay
2020-01-03,3938.0,0.0,10.0,0,322.41,0.0,1,0.1,0.0,SPY200103P00313500,313.5,0,0.0,0.0,,0.0,expirationDay
2020-01-06,3938.0,-3.0,0.0,0,323.64,0.0,1,0.02,0.05,SPY200108P00316000,316.0,0,0.0,0.0,,0.0,normalDay
2020-01-07,3938.0,0.0,0.0,0,322.73,0.0,1,0.02,0.02,SPY200108P00316000,316.0,0,0.0,0.0,,0.0,normalDay
2020-01-08,3940.0,0.0,2.0,0,324.45,0.0,1,0.02,0.0,SPY200108P00316000,316.0,0,0.0,0.0,,0.0,expirationDay
2020-01-09,3940.0,0.0,0.0,0,326.65,0.0,0,0.0,0.0,,0.0,0,0.0,0.0,,0.0,bidTooLow
2020-01-10,3940.0,-3.0,0.0,0,325.71,0.0,1,0.02,0.05,SPY200113P00319500,319.5,0,0.0,0.0,,0.0,normalDay
2020-01-13,3942.0,0.0,2.0,0,327.95,0.0,1,0.02,0.0,SPY200113P00319500,319.5,0,0.0,0.0,,0.0,expirationDay
2020-01-14,3942.0,-3.0,0.0,0,327.45,0.0,1,0.1,0.13,SPY200117P00320500,320.5,0,0.0,0.0,,0.0,normalDay
2020-01-15,3942.0,4.0,0.0,0,328.19,0.0,1,0.1,0.06,SPY200117P00320500,320.5,0,0.0,0.0,,0.0,normalDay
2020-01-16,3942.0,7.0,0.0,0,330.92,0.0,1,0.1,0.03,SPY200117P00320500,320.5,0,0.0,0.0,,0.0,normalDay
2020-01-17,3952.0,0.0,10.0,0,331.95,0.0,1,0.1,0.0,SPY200117P00320500,320.5,0,0.0,0.0,,0.0,expirationDay
2020-01-21,3952.0,-3.0,0.0,0,331.3,0.0,1,0.03,0.06,SPY200124P00321500,321.5,0,0.0,0.0,,0.0,normalDay
2020-01-22,3952.0,0.0,0.0,0,331.34,0.0,1,0.03,0.03,SPY200124P00321500,321.5,0,0.0,0.0,,0.0,normalDay
2020-01-23,3952.0,1.0,0.0,0,331.72,0.0,1,0.03,0.02,SPY200124P00321500,321.5,0,0.0,0.0,,0.0,normalDay
2020-01-24,3955.0,0.0,3.0,0,328.77,0.0,1,0.03,0.0,SPY200124P00321500,321.5,0,0.0,0.0,,0.0,expirationDay
2020-01-27,3955.0,-5.0,0.0,0,323.5,0.0,1,1.94,1.99,SPY200129P00323000,323.0,0,0.0,0.0,,0.0,normalDay
2020-01-28,3955.0,162.0,0.0,0,326.89,0.0,1,1.94,0.32,SPY200129P00323000,323.0,0,0.0,0.0,,0.0,normalDay
2020-01-29,4149.0,0.0,194.0,0,326.62,0.0,1,1.94,0.0,SPY200129P00323000,323.0,0,0.0,0.0,,0.0,expirationDay
2020-01-30,4149.0,-3.0,0.0,0,327.68,0.0,1,0.11,0.14,SPY200131P00324000,324.0,0,0.0,0.0,,0.0,normalDay
2020-01-31,4160.0,-227.0,11.0,100,321.73,324.0,1,0.11,0.0,SPY200131P00324000,324.0,0,0.0,0.0,,0.0,expirationDay
2020-02-03,4160.0,9.0,0.0,100,324.12,324.0,0,0.0,0.0,,0.0,1,0.35,0.38,SPY200221C00335000,335.0,normalDay
2020-02-04,4160.0,423.0,0.0,100,329.06,324.0,0,0.0,0.0,,0.0,1,0.35,1.18,SPY200221C00335000,335.0,normalDay
2020-02-05,4160.0,690.0,0.0,100,332.86,324.0,0,0.0,0.0,,0.0,1,0.35,2.31,SPY200221C00335000,335.0,normalDay
2020-02-06,4160.0,791.0,0.0,100,333.98,324.0,0,0.0,0.0,,0.0,1,0.35,2.42,SPY200221C00335000,335.0,normalDay
2020-02-07,4160.0,678.0,0.0,100,332.2,324.0,0,0.0,0.0,,0.0,1,0.35,1.77,SPY200221C00335000,335.0,normalDay
2020-02-10,4160.0,839.0,0.0,100,334.68,324.0,0,0.0,0.0,,0.0,1,0.35,2.64,SPY200221C00335000,335.0,normalDay
2020-02-11,4160.0,879.0,0.0,100,335.26,324.0,0,0.0,0.0,,0.0,1,0.35,2.82,SPY200221C00335000,335.0,normalDay
2020-02-12,4160.0,1000.0,0.0,100,337.42,324.0,0,0.0,0.0,,0.0,1,0.35,3.77,SPY200221C00335000,335.0,normalDay
2020-02-13,4160.0,977.0,0.0,100,337.06,324.0,0,0.0,0.0,,0.0,1,0.35,3.64,SPY200221C00335000,335.0,normalDay
2020-02-14,4160.0,1025.0,0.0,100,337.6,324.0,0,0.0,0.0,,0.0,1,0.35,3.7,SPY200221C00335000,335.0,normalDay
2020-02-18,4160.0,1043.0,0.0,100,336.73,324.0,0,0.0,0.0,,0.0,1,0.35,2.65,SPY200221C00335000,335.0,normalDay
2020-02-19,4160.0,1081.0,0.0,100,338.34,324.0,0,0.0,0.0,,0.0,1,0.35,3.88,SPY200221C00335000,335.0,normalDay
2020-02-20,4160.0,1092.0,0.0,100,336.95,324.0,0,0.0,0.0,,0.0,1,0.35,2.38,SPY200221C00335000,335.0,normalDay
2020-02-21,4195.0,948.0,35.0,100,333.48,324.0,0,0.0,0.0,,0.0,1,0.35,0.0,SPY200221C00335000,335.0,expirationDay
2020-02-24,4195.0,-161.0,0.0,100,322.42,324.0,0,0.0,0.0,,0.0,1,0.04,0.07,SPY200313C00346000,346.0,normalDay
2020-02-25,4195.0,-1135.0,0.0,100,312.65,324.0,0,0.0,0.0,,0.0,1,0.04,0.04,SPY200313C00346000,346.0,normalDay
2020-02-26,4195.0,-1250.0,0.0,100,311.5,324.0,0,0.0,0.0,,0.0,1,0.04,0.04,SPY200313C00346000,346.0,normalDay
2020-02-27,4195.0,-2648.0,0.0,100,297.51,324.0,0,0.0,0.0,,0.0,1,0.04,0.03,SPY200313C00346000,346.0,normalDay
2020-02-28,4195.0,-2775.0,0.0,100,296.26,324.0,0,0.0,0.0,,0.0,1,0.04,0.05,SPY200313C00346000,346.0,normalDay
2020-03-02,4195.0,-1490.0,0.0,100,309.09,324.0,0,0.0,0.0,,0.0,1,0.04,0.03,SPY200313C00346000,346.0,normalDay
2020-03-03,4195.0,-2375.0,0.0,100,300.24,324.0,0,0.0,0.0,,0.0,1,0.04,0.03,SPY200313C00346000,346.0,normalDay
2020-03-04,4195.0,-1113.0,0.0,100,312.86,324.0,0,0.0,0.0,,0.0,1,0.04,0.03,SPY200313C00346000,346.0,normalDay
2020-03-05,4195.0,-2152.0,0.0,100,302.46,324.0,0,0.0,0.0,,0.0,1,0.04,0.02,SPY200313C00346000,346.0,normalDay
2020-03-06,4195.0,-2652.0,0.0,100,297.46,324.0,0,0.0,0.0,,0.0,1,0.04,0.02,SPY200313C00346000,346.0,normalDay
2020-03-09,4195.0,-4974.0,0.0,100,274.23,324.0,0,0.0,0.0,,0.0,1,0.04,0.01,SPY200313C00346000,346.0,normalDay
2020-03-10,4195.0,-3555.0,0.0,100,288.42,324.0,0,0.0,0.0,,0.0,1,0.04,0.01,SPY200313C00346000,346.0,normalDay
2020-03-11,4195.0,-4961.0,0.0,100,274.36,324.0,0,0.0,0.0,,0.0,1,0.04,0.01,SPY200313C00346000,346.0,normalDay
2020-03-12,4195.0,-7586.0,0.0,100,248.11,324.0,0,0.0,0.0,,0.0,1,0.04,0.01,SPY200313C00346000,346.0,normalDay
2020-03-13,4199.0,-5468.0,4.0,100,269.32,324.0,0,0.0,0.0,,0.0,1,0.04,0.0,SPY200313C00346000,346.0,expirationDay
2020-03-16,4199.0,-8415.0,0.0,100,239.85,324.0,0,0.0,0.0,,0.0,0,0.0,0.0,,0.0,bidTooLow
2020-03-17,4199.0,-7120.0,0.0,100,252.8,324.0,0,0.0,0.0,,0.0,0,0.0,0.0,,0.0,bidTooLow
2020-03-18,4199.0,-8400.0,0.0,100,240.0,324.0,0,0.0,0.0,,0.0,0,0.0,0.0,,0.0,bidTooLow
2020-03-19,4199.0,-8352.0,0.0,100,240.51,324.0,0,0.0,0.0,,0.0,1,0.01,0.04,SPY200406C00340000,340.0,normalDay
2020-03-20,4199.0,-9521.0,0.0,100,228.8,324.0,0,0.0,0.0,,0.0,1,0.01,0.02,SPY200406C00340000,340.0,normalDay
2020-03-23,4199.0,-10106.0,0.0,100,222.95,324.0,0,0.0,0.0,,0.0,1,0.01,0.02,SPY200406C00340000,340.0,normalDay
2020-03-24,4199.0,-8088.0,0.0,100,243.15,324.0,0,0.0,0.0,,0.0,1,0.01,0.04,SPY200406C00340000,340.0,normalDay
2020-03-25,4199.0,-7722.0,0.0,100,246.79,324.0,0,0.0,0.0,,0.0,1,0.01,0.02,SPY200406C00340000,340.0,normalDay
2020-03-26,4199.0,-6281.0,0.0,100,261.2,324.0,0,0.0,0.0,,0.0,1,0.01,0.02,SPY200406C00340000,340.0,normalDay
2020-03-27,4199.0,-7059.0,0.0,100,253.42,324.0,0,0.0,0.0,,0.0,1,0.01,0.02,SPY200406C00340000,340.0,normalDay
2020-03-30,4199.0,-6235.0,0.0,100,261.65,324.0,0,0.0,0.0,,0.0,1,0.01,0.01,SPY200406C00340000,340.0,normalDay
2020-03-31,4199.0,-6625.0,0.0,100,257.75,324.0,0,0.0,0.0,,0.0,1,0.01,0.01,SPY200406C00340000,340.0,normalDay
2020-04-01,4199.0,-7785.0,0.0,100,246.15,324.0,0,0.0,0.0,,0.0,1,0.01,0.01,SPY200406C00340000,340.0,normalDay
2020-04-02,4199.0,-7217.0,0.0,100,251.83,324.0,0,0.0,0.0,,0.0,1,0.01,0.01,SPY200406C00340000,340.0,normalDay
2020-04-03,4199.0,-7581.0,0.0,100,248.19,324.0,0,0.0,0.0,,0.0,1,0.01,0.01,SPY200406C00340000,340.0,normalDay
2020-04-06,4200.0,-5914.0,1.0,100,264.86,324.0,0,0.0,0.0,,0.0,1,0.01,0.0,SPY200406C00340000,340.0,expirationDay
2020-04-07,4200.0,-5894.0,0.0,100,265.13,324.0,0,0.0,0.0,,0.0,1,1.53,1.6,SPY200424C00285000,285.0,normalDay
2020-04-08,4200.0,-5201.0,0.0,100,274.03,324.0,0,0.0,0.0,,0.0,1,1.53,3.57,SPY200424C00285000,285.0,normalDay
2020-04-09,4200.0,-4936.0,0.0,100,278.2,324.0,0,0.0,0.0,,0.0,1,1.53,5.09,SPY200424C00285000,285.0,normalDay
2020-04-13,4200.0,-4986.0,0.0,100,275.66,324.0,0,0.0,0.0,,0.0,1,1.53,3.05,SPY200424C00285000,285.0,normalDay
2020-04-14,4200.0,-4477.0,0.0,100,283.79,324.0,0,0.0,0.0,,0.0,1,1.53,6.09,SPY200424C00285000,285.0,normalDay
2020-04-15,4200.0,-4787.0,0.0,100,277.76,324.0,0,0.0,0.0,,0.0,1,1.53,3.16,SPY200424C00285000,285.0,normalDay
2020-04-16,4200.0,-4656.0,0.0,100,279.1,324.0,0,0.0,0.0,,0.0,1,1.53,3.19,SPY200424C00285000,285.0,normalDay
2020-04-17,4200.0,-4220.0,0.0,100,286.64,324.0,0,0.0,0.0,,0.0,1,1.53,6.37,SPY200424C00285000,285.0,normalDay
2020-04-20,4200.0,-4409.0,0.0,100,281.59,324.0,0,0.0,0.0,,0.0,1,1.53,3.21,SPY200424C00285000,285.0,normalDay
2020-04-21,4200.0,-5014.0,0.0,100,273.04,324.0,0,0.0,0.0,,0.0,1,1.53,0.71,SPY200424C00285000,285.0,normalDay
2020-04-22,4200.0,-4415.0,0.0,100,279.1,324.0,0,0.0,0.0,,0.0,1,1.53,0.78,SPY200424C00285000,285.0,normalDay
2020-04-23,4200.0,-4365.0,0.0,100,279.08,324.0,0,0.0,0.0,,0.0,1,1.53,0.26,SPY200424C00285000,285.0,normalDay
2020-04-24,4353.0,-4103.0,153.0,100,282.97,324.0,0,0.0,0.0,,0.0,1,1.53,0.0,SPY200424C00285000,285.0,expirationDay
2020-04-27,4353.0,-3698.0,0.0,100,287.05,324.0,0,0.0,0.0,,0.0,1,0.72,0.75,SPY200515C00305000,305.0,normalDay
2020-04-28,4353.0,-3814.0,0.0,100,285.73,324.0,0,0.0,0.0,,0.0,1,0.72,0.59,SPY200515C00305000,305.0,normalDay
2020-04-29,4353.0,-3160.0,0.0,100,293.21,324.0,0,0.0,0.0,,0.0,1,0.72,1.53,SPY200515C00305000,305.0,normalDay
2020-04-30,4353.0,-3379.0,0.0,100,290.48,324.0,0,0.0,0.0,,0.0,1,0.72,0.99,SPY200515C00305000,305.0,normalDay
2020-05-01,4353.0,-4075.0,0.0,100,282.79,324.0,0,0.0,0.0,,0.0,1,0.72,0.26,SPY200515C00305000,305.0,normalDay
2020-05-04,4353.0,-3990.0,0.0,100,283.57,324.0,0,0.0,0.0,,0.0,1,0.72,0.19,SPY200515C00305000,305.0,normalDay
2020-05-05,4353.0,-3728.0,0.0,100,286.19,324.0,0,0.0,0.0,,0.0,1,0.72,0.19,SPY200515C00305000,305.0,normalDay
2020-05-06,4353.0,-3914.0,0.0,100,284.25,324.0,0,0.0,0.0,,0.0,1,0.72,0.11,SPY200515C00305000,305.0,normalDay
2020-05-07,4353.0,-3572.0,0.0,100,287.68,324.0,0,0.0,0.0,,0.0,1,0.72,0.12,SPY200515C00305000,305.0,normalDay
2020-05-08,4353.0,-3104.0,0.0,100,292.44,324.0,0,0.0,0.0,,0.0,1,0.72,0.2,SPY200515C00305000,305.0,normalDay
2020-05-11,4353.0,-3089.0,0.0,100,292.5,324.0,0,0.0,0.0,,0.0,1,0.72,0.11,SPY200515C00305000,305.0,normalDay
2020-05-12,4353.0,-3666.0,0.0,100,286.67,324.0,0,0.0,0.0,,0.0,1,0.72,0.05,SPY200515C00305000,305.0,normalDay
2020-05-13,4353.0,-4170.0,0.0,100,281.6,324.0,0,0.0,0.0,,0.0,1,0.72,0.02,SPY200515C00305000,305.0,normalDay
2020-05-14,4353.0,-3832.0,0.0,100,284.97,324.0,0,0.0,0.0,,0.0,1,0.72,0.01,SPY200515C00305000,305.0,normalDay
2020-05-15,4425.0,-3772.0,72.0,100,286.28,324.0,0,0.0,0.0,,0.0,1,0.72,0.0,SPY200515C00305000,305.0,expirationDay
2020-05-18,4425.0,-2907.0,0.0,100,295.0,324.0,0,0.0,0.0,,0.0,1,3.62,3.69,SPY200605C00300000,300.0,normalDay
2020-05-19,4425.0,-3112.0,0.0,100,291.97,324.0,0,0.0,0.0,,0.0,1,3.62,2.71,SPY200605C00300000,300.0,normalDay
2020-05-20,4425.0,-2775.0,0.0,100,296.93,324.0,0,0.0,0.0,,0.0,1,3.62,4.3,SPY200605C00300000,300.0,normalDay
2020-05-21,4425.0,-2859.0,0.0,100,294.88,324.0,0,0.0,0.0,,0.0,1,3.62,3.09,SPY200605C00300000,300.0,normalDay
2020-05-22,4425.0,-2792.0,0.0,100,295.44,324.0,0,0.0,0.0,,0.0,1,3.62,2.98,SPY200605C00300000,300.0,normalDay
2020-05-26,4425.0,-2541.0,0.0,100,299.08,324.0,0,0.0,0.0,,0.0,1,3.62,4.11,SPY200605C00300000,300.0,normalDay
2020-05-27,4425.0,-2344.0,0.0,100,303.53,324.0,0,0.0,0.0,,0.0,1,3.62,6.59,SPY200605C00300000,300.0,normalDay
2020-05-28,4425.0,-2407.0,0.0,100,302.97,324.0,0,0.0,0.0,,0.0,1,3.62,6.66,SPY200605C00300000,300.0,normalDay
2020-05-29,4425.0,-2318.0,0.0,100,304.32,324.0,0,0.0,0.0,,0.0,1,3.62,7.12,SPY200605C00300000,300.0,normalDay
2020-06-01,4425.0,-2168.0,0.0,100,305.55,324.0,0,0.0,0.0,,0.0,1,3.62,6.85,SPY200605C00300000,300.0,normalDay
2020-06-02,4425.0,-2071.0,0.0,100,308.08,324.0,0,0.0,0.0,,0.0,1,3.62,8.41,SPY200605C00300000,300.0,normalDay
2020-06-03,4425.0,-2051.0,0.0,100,312.18,324.0,0,0.0,0.0,,0.0,1,3.62,12.31,SPY200605C00300000,300.0,normalDay
2020-06-04,4425.0,-2055.0,0.0,100,311.36,324.0,0,0.0,0.0,,0.0,1,3.62,11.53,SPY200605C00300000,300.0,normalDay
2020-06-05,2387.0,-2055.0,-2038.0,0,319.34,0.0,0,0.0,0.0,,0.0,1,3.62,0.0,SPY200605C00300000,300.0,expirationDay
2020-06-08,2387.0,0.0,0.0,0,323.2,0.0,0,0.0,0.0,,0.0,0,0.0,0.0,,0.0,bidTooLow
2020-06-09,2387.0,-3.0,0.0,0,320.79,0.0,1,0.02,0.05,SPY200612P00289000,289.0,0,0.0,0.0,,0.0,normalDay
2020-06-10,2387.0,-1.0,0.0,0,319.0,0.0,1,0.02,0.03,SPY200612P00289000,289.0,0,0.0,0.0,,0.0,normalDay
2020-06-11,2387.0,-42.0,0.0,0,300.61,0.0,1,0.02,0.44,SPY200612P00289000,289.0,0,0.0,0.0,,0.0,normalDay
2020-06-12,2389.0,0.0,2.0,0,304.21,0.0,1,0.02,0.0,SPY200612P00289000,289.0,0,0.0,0.0,,0.0,expirationDay
2020-06-15,2389.0,-3.0,0.0,0,307.05,0.0,1,0.55,0.58,SPY200617P00296000,296.0,0,0.0,0.0,,0.0,normalDay
2020-06-16,2389.0,49.0,0.0,0,312.96,0.0,1,0.55,0.06,SPY200617P00296000,296.0,0,0.0,0.0,,0.0,normalDay
2020-06-17,2444.0,0.0,55.0,0,311.66,0.0,1,0.55,0.0,SPY200617P00296000,296.0,0,0.0,0.0,,0.0,expirationDay
2020-06-18,2444.0,-3.0,0.0,0,311.78,0.0,1,0.13,0.16,SPY200619P00300000,300.0,0,0.0,0.0,,0.0,normalDay
2020-06-19,2457.0,0.0,13.0,0,308.64,0.0,1,0.13,0.0,SPY200619P00300000,300.0,0,0.0,0.0,,0.0,expirationDay
2020-06-22,2457.0,-3.0,0.0,0,310.62,0.0,1,0.55,0.58,SPY200624P00303000,303.0,0,0.0,0.0,,0.0,normalDay
2020-06-23,2457.0,42.0,0.0,0,312.05,0.0,1,0.55,0.13,SPY200624P00303000,303.0,0,0.0,0.0,,0.0,normalDay
2020-06-24,2512.0,0.0,55.0,0,304.09,0.0,1,0.55,0.0,SPY200624P00303000,303.0,0,0.0,0.0,,0.0,expirationDay
2020-06-25,2512.0,-4.0,0.0,0,307.35,0.0,1,0.95,0.99,SPY200626P00305000,305.0,0,0.0,0.0,,0.0,normalDay
2020-06-26,2607.0,-495.0,95.0,100,300.05,305.0,1,0.95,0.0,SPY200626P00305000,305.0,0,0.0,0.0,,0.0,expirationDay
2020-06-29,2607.0,-57.0,0.0,100,304.46,305.0,0,0.0,0.0,,0.0,1,0.35,0.38,SPY200717C00327000,327.0,normalDay
2020-06-30,2607.0,315.0,0.0,100,308.36,305.0,0,0.0,0.0,,0.0,1,0.35,0.56,SPY200717C00327000,327.0,normalDay
2020-07-01,2607.0,529.0,0.0,100,310.52,305.0,0,0.0,0.0,,0.0,1,0.35,0.58,SPY200717C00327000,327.0,normalDay
2020-07-02,2607.0,705.0,0.0,100,312.23,305.0,0,0.0,0.0,,0.0,1,0.35,0.53,SPY200717C00327000,327.0,normalDay
2020-07-06,2607.0,1139.0,0.0,100,317.05,305.0,0,0.0,0.0,,0.0,1,0.35,1.01,SPY200717C00327000,327.0,normalDay
2020-07-07,2607.0,860.0,0.0,100,313.78,305.0,0,0.0,0.0,,0.0,1,0.35,0.53,SPY200717C00327000,327.0,normalDay
2020-07-08,2607.0,1100.0,0.0,100,316.18,305.0,0,0.0,0.0,,0.0,1,0.35,0.53,SPY200717C00327000,327.0,normalDay
2020-07-09,2607.0,943.0,0.0,100,314.38,305.0,0,0.0,0.0,,0.0,1,0.35,0.3,SPY200717C00327000,327.0,normalDay
2020-07-10,2607.0,1248.0,0.0,100,317.59,305.0,0,0.0,0.0,,0.0,1,0.35,0.46,SPY200717C00327000,327.0,normalDay
2020-07-13,2607.0,994.0,0.0,100,314.84,305.0,0,0.0,0.0,,0.0,1,0.35,0.25,SPY200717C00327000,327.0,normalDay
2020-07-14,2607.0,1391.0,0.0,100,318.92,305.0,0,0.0,0.0,,0.0,1,0.35,0.36,SPY200717C00327000,327.0,normalDay
2020-07-15,2607.0,1676.0,0.0,100,321.85,305.0,0,0.0,0.0,,0.0,1,0.35,0.44,SPY200717C00327000,327.0,normalDay
2020-07-16,2607.0,1608.0,0.0,100,320.79,305.0,0,0.0,0.0,,0.0,1,0.35,0.06,SPY200717C00327000,327.0,normalDay
2020-07-17,2642.0,1672.0,35.0,100,321.72,305.0,0,0.0,0.0,,0.0,1,0.35,0.0,SPY200717C00327000,327.0,expirationDay
2020-07-20,2642.0,1926.0,0.0,100,324.32,305.0,0,0.0,0.0,,0.0,1,2.58,2.64,SPY200807C00331000,331.0,normalDay
2020-07-21,2642.0,1967.0,0.0,100,325.01,305.0,0,0.0,0.0,,0.0,1,2.58,2.92,SPY200807C00331000,331.0,normalDay
2020-07-22,2642.0,2138.0,0.0,100,326.86,305.0,0,0.0,0.0,,0.0,1,2.58,3.06,SPY200807C00331000,331.0,normalDay
2020-07-23,2642.0,1881.0,0.0,100,322.96,305.0,0,0.0,0.0,,0.0,1,2.58,1.73,SPY200807C00331000,331.0,normalDay
2020-07-24,2642.0,1738.0,0.0,100,320.88,305.0,0,0.0,0.0,,0.0,1,2.58,1.08,SPY200807C00331000,331.0,normalDay
2020-07-27,2642.0,1967.0,0.0,100,323.22,305.0,0,0.0,0.0,,0.0,1,2.58,1.13,SPY200807C00331000,331.0,normalDay
2020-07-28,2642.0,1805.0,0.0,100,321.17,305.0,0,0.0,0.0,,0.0,1,2.58,0.7,SPY200807C00331000,331.0,normalDay
2020-07-29,2642.0,2141.0,0.0,100,325.12,305.0,0,0.0,0.0,,0.0,1,2.58,1.29,SPY200807C00331000,331.0,normalDay
2020-07-30,2642.0,2053.0,0.0,100,323.96,305.0,0,0.0,0.0,,0.0,1,2.58,1.01,SPY200807C00331000,331.0,normalDay
2020-07-31,2642.0,2296.0,0.0,100,326.52,305.0,0,0.0,0.0,,0.0,1,2.58,1.14,SPY200807C00331000,331.0,normalDay
2020-08-03,2642.0,2499.0,0.0,100,328.79,305.0,0,0.0,0.0,,0.0,1,2.58,1.38,SPY200807C00331000,331.0,normalDay
2020-08-04,2642.0,2610.0,0.0,100,330.06,305.0,0,0.0,0.0,,0.0,1,2.58,1.54,SPY200807C00331000,331.0,normalDay
2020-08-05,2642.0,2749.0,0.0,100,332.11,305.0,0,0.0,0.0,,0.0,1,2.58,2.2,SPY200807C00331000,331.0,normalDay
2020-08-06,2642.0,2806.0,0.0,100,334.33,305.0,0,0.0,0.0,,0.0,1,2.58,3.85,SPY200807C00331000,331.0,normalDay
2020-08-07,5500.0,2806.0,2858.0,0,334.57,0.0,0,0.0,0.0,,0.0,1,2.58,0.0,SPY200807C00331000,331.0,expirationDay
2020-08-10,5500.0,-3.0,0.0,0,335.57,0.0,1,0.03,0.06,SPY200812P00321000,321.0,0,0.0,0.0,,0.0,normalDay
2020-08-11,5500.0,-8.0,0.0,0,332.8,0.0,1,0.03,0.11,SPY200812P00321000,321.0,0,0.0,0.0,,0.0,normalDay
2020-08-12,5503.0,0.0,3.0,0,337.44,0.0,1,0.03,0.0,SPY200812P00321000,321.0,0,0.0,0.0,,0.0,expirationDay
2020-08-13,5503.0,-3.0,0.0,0,336.83,0.0,1,0.01,0.04,SPY200814P00323000,323.0,0,0.0,0.0,,0.0,normalDay
2020-08-14,5504.0,0.0,1.0,0,336.84,0.0,1,0.01,0.0,SPY200814P00323000,323.0,0,0.0,0.0,,0.0,expirationDay
2020-08-17,5504.0,-3.0,0.0,0,337.91,0.0,1,0.02,0.05,SPY200819P00324000,324.0,0,0.0,0.0,,0.0,normalDay
2020-08-18,5504.0,-1.0,0.0,0,338.64,0.0,1,0.02,0.03,SPY200819P00324000,324.0,0,0.0,0.0,,0.0,normalDay
2020-08-19,5506.0,0.0,2.0,0,337.23,0.0,1,0.02,0.0,SPY200819P00324000,324.0,0,0.0,0.0,,0.0,expirationDay
2020-08-20,5506.0,-3.0,0.0,0,338.28,0.0,1,0.02,0.05,SPY200821P00325000,325.0,0,0.0,0.0,,0.0,normalDay
2020-08-21,5508.0,0.0,2.0,0,339.48,0.0,1,0.02,0.0,SPY200821P00325000,325.0,0,0.0,0.0,,0.0,expirationDay
2020-08-24,5508.0,-3.0,0.0,0,342.92,0.0,1,0.04,0.07,SPY200826P00328000,328.0,0,0.0,0.0,,0.0,normalDay
2020-08-25,5508.0,2.0,0.0,0,344.12,0.0,1,0.04,0.02,SPY200826P00328000,328.0,0,0.0,0.0,,0.0,normalDay
2020-08-26,5512.0,0.0,4.0,0,347.57,0.0,1,0.04,0.0,SPY200826P00328000,328.0,0,0.0,0.0,,0.0,expirationDay
2020-08-27,5512.0,-3.0,0.0,0,348.33,0.0,1,0.01,0.04,SPY200828P00331000,331.0,0,0.0,0.0,,0.0,normalDay
2020-08-28,5513.0,0.0,1.0,0,350.58,0.0,1,0.01,0.0,SPY200828P00331000,331.0,0,0.0,0.0,,0.0,expirationDay
2020-08-31,5513.0,-3.0,0.0,0,349.31,0.0,1,0.06,0.09,SPY200902P00333000,333.0,0,0.0,0.0,,0.0,normalDay
2020-09-01,5513.0,4.0,0.0,0,352.6,0.0,1,0.06,0.02,SPY200902P00333000,333.0,0,0.0,0.0,,0.0,normalDay
2020-09-02,5519.0,0.0,6.0,0,357.7,0.0,1,0.06,0.0,SPY200902P00333000,333.0,0,0.0,0.0,,0.0,expirationDay
2020-09-03,5519.0,-5.0,0.0,0,345.39,0.0,1,0.21,0.26,SPY200904P00335000,335.0,0,0.0,0.0,,0.0,normalDay
2020-09-04,5540.0,0.0,21.0,0,342.57,0.0,1,0.21,0.0,SPY200904P00335000,335.0,0,0.0,0.0,,0.0,expirationDay
2020-09-08,5540.0,-8.0,0.0,0,333.21,0.0,1,5.39,5.47,SPY200911P00336000,336.0,0,0.0,0.0,,0.0,normalDay
2020-09-09,5540.0,350.0,0.0,0,339.79,0.0,1,5.39,1.89,SPY200911P00336000,336.0,0,0.0,0.0,,0.0,normalDay
2020-09-10,5540.0,213.0,0.0,0,333.89,0.0,1,5.39,3.26,SPY200911P00336000,336.0,0,0.0,0.0,,0.0,normalDay
2020-09-11,6079.0,-194.0,539.0,100,334.06,336.0,1,5.39,0.0,SPY200911P00336000,336.0,0,0.0,0.0,,0.0,expirationDay
2020-09-14,6079.0,242.0,0.0,100,338.46,336.0,0,0.0,0.0,,0.0,1,0.38,0.42,SPY201002C00360000,360.0,normalDay
2020-09-15,6079.0,408.0,0.0,100,340.17,336.0,0,0.0,0.0,,0.0,1,0.38,0.47,SPY201002C00360000,360.0,normalDay
2020-09-16,6079.0,290.0,0.0,100,338.82,336.0,0,0.0,0.0,,0.0,1,0.38,0.3,SPY201002C00360000,360.0,normalDay
2020-09-17,6079.0,1.0,0.0,100,335.84,336.0,0,0.0,0.0,,0.0,1,0.38,0.21,SPY201002C00360000,360.0,normalDay
2020-09-18,6079.0,-508.0,0.0,100,330.65,336.0,0,0.0,0.0,,0.0,1,0.38,0.11,SPY201002C00360000,360.0,normalDay
2020-09-21,6079.0,-871.0,0.0,100,326.97,336.0,0,0.0,0.0,,0.0,1,0.38,0.06,SPY201002C00360000,360.0,normalDay
2020-09-22,6079.0,-537.0,0.0,100,330.3,336.0,0,0.0,0.0,,0.0,1,0.38,0.05,SPY201002C00360000,360.0,normalDay
2020-09-23,6079.0,-1301.0,0.0,100,322.64,336.0,0,0.0,0.0,,0.0,1,0.38,0.03,SPY201002C00360000,360.0,normalDay
2020-09-24,6079.0,-1214.0,0.0,100,323.5,336.0,0,0.0,0.0,,0.0,1,0.38,0.02,SPY201002C00360000,360.0,normalDay
2020-09-25,6079.0,-690.0,0.0,100,328.73,336.0,0,0.0,0.0,,0.0,1,0.38,0.01,SPY201002C00360000,360.0,normalDay
2020-09-28,6079.0,-145.0,0.0,100,334.19,336.0,0,0.0,0.0,,0.0,1,0.38,0.02,SPY201002C00360000,360.0,normalDay
2020-09-29,6079.0,-326.0,0.0,100,332.37,336.0,0,0.0,0.0,,0.0,1,0.38,0.01,SPY201002C00360000,360.0,normalDay
2020-09-30,6079.0,-74.0,0.0,100,334.89,336.0,0,0.0,0.0,,0.0,1,0.38,0.01,SPY201002C00360000,360.0,normalDay
2020-10-01,6079.0,141.0,0.0,100,337.04,336.0,0,0.0,0.0,,0.0,1,0.38,0.01,SPY201002C00360000,360.0,normalDay
2020-10-02,6117.0,-216.0,38.0,100,333.84,336.0,0,0.0,0.0,,0.0,1,0.38,0.0,SPY201002C00360000,360.0,expirationDay
2020-10-05,6117.0,370.0,0.0,100,339.76,336.0,0,0.0,0.0,,0.0,1,3.08,3.14,SPY201023C00347000,347.0,normalDay
2020-10-06,6117.0,23.0,0.0,100,334.93,336.0,0,0.0,0.0,,0.0,1,3.08,1.78,SPY201023C00347000,347.0,normalDay
2020-10-07,6117.0,487.0,0.0,100,340.76,336.0,0,0.0,0.0,,0.0,1,3.08,2.97,SPY201023C00347000,347.0,normalDay
2020-10-08,6117.0,728.0,0.0,100,343.78,336.0,0,0.0,0.0,,0.0,1,3.08,3.58,SPY201023C00347000,347.0,normalDay
2020-10-09,6117.0,925.0,0.0,100,346.85,336.0,0,0.0,0.0,,0.0,1,3.08,4.68,SPY201023C00347000,347.0,normalDay
2020-10-12,6117.0,1140.0,0.0,100,352.43,336.0,0,0.0,0.0,,0.0,1,3.08,8.11,SPY201023C00347000,347.0,normalDay
2020-10-13,6117.0,1069.0,0.0,100,350.13,336.0,0,0.0,0.0,,0.0,1,3.08,6.52,SPY201023C00347000,347.0,normalDay
2020-10-14,6117.0,1015.0,0.0,100,347.93,336.0,0,0.0,0.0,,0.0,1,3.08,4.86,SPY201023C00347000,347.0,normalDay
2020-10-15,6117.0,1025.0,0.0,100,347.5,336.0,0,0.0,0.0,,0.0,1,3.08,4.33,SPY201023C00347000,347.0,normalDay
2020-10-16,6117.0,1082.0,0.0,100,347.29,336.0,0,0.0,0.0,,0.0,1,3.08,3.55,SPY201023C00347000,347.0,normalDay
2020-10-19,6117.0,768.0,0.0,100,342.01,336.0,0,0.0,0.0,,0.0,1,3.08,1.41,SPY201023C00347000,347.0,normalDay
2020-10-20,6117.0,912.0,0.0,100,343.38,336.0,0,0.0,0.0,,0.0,1,3.08,1.34,SPY201023C00347000,347.0,normalDay
2020-10-21,6117.0,893.0,0.0,100,342.73,336.0,0,0.0,0.0,,0.0,1,3.08,0.88,SPY201023C00347000,347.0,normalDay
2020-10-22,6117.0,1107.0,0.0,100,344.61,336.0,0,0.0,0.0,,0.0,1,3.08,0.62,SPY201023C00347000,347.0,normalDay
2020-10-23,6425.0,978.0,308.0,100,345.78,336.0,0,0.0,0.0,,0.0,1,3.08,0.0,SPY201023C00347000,347.0,expirationDay
2020-10-26,6425.0,333.0,0.0,100,339.39,336.0,0,0.0,0.0,,0.0,1,1.89,1.95,SPY201113C00357000,357.0,normalDay
2020-10-27,6425.0,251.0,0.0,100,338.22,336.0,0,0.0,0.0,,0.0,1,1.89,1.6,SPY201113C00357000,357.0,normalDay
2020-10-28,6425.0,-804.0,0.0,100,326.66,336.0,0,0.0,0.0,,0.0,1,1.89,0.59,SPY201113C00357000,357.0,normalDay
2020-10-29,6425.0,-468.0,0.0,100,329.98,336.0,0,0.0,0.0,,0.0,1,1.89,0.55,SPY201113C00357000,357.0,normalDay
2020-10-30,6425.0,-784.0,0.0,100,326.54,336.0,0,0.0,0.0,,0.0,1,1.89,0.27,SPY201113C00357000,357.0,normalDay
2020-11-02,6425.0,-425.0,0.0,100,330.2,336.0,0,0.0,0.0,,0.0,1,1.89,0.34,SPY201113C00357000,357.0,normalDay
2020-11-03,6425.0,116.0,0.0,100,336.03,336.0,0,0.0,0.0,,0.0,1,1.89,0.76,SPY201113C00357000,357.0,normalDay
2020-11-04,6425.0,857.0,0.0,100,343.54,336.0,0,0.0,0.0,,0.0,1,1.89,0.86,SPY201113C00357000,357.0,normalDay
2020-11-05,6425.0,1403.0,0.0,100,350.24,336.0,0,0.0,0.0,,0.0,1,1.89,2.1,SPY201113C00357000,357.0,normalDay
2020-11-06,6425.0,1467.0,0.0,100,350.16,336.0,0,0.0,0.0,,0.0,1,1.89,1.38,SPY201113C00357000,357.0,normalDay
2020-11-09,6425.0,1731.0,0.0,100,354.56,336.0,0,0.0,0.0,,0.0,1,1.89,3.14,SPY201113C00357000,357.0,normalDay
2020-11-10,6425.0,1801.0,0.0,100,354.04,336.0,0,0.0,0.0,,0.0,1,1.89,1.92,SPY201113C00357000,357.0,normalDay
2020-11-11,6425.0,2035.0,0.0,100,356.67,336.0,0,0.0,0.0,,0.0,1,1.89,2.21,SPY201113C00357000,357.0,normalDay
2020-11-12,6425.0,1869.0,0.0,100,353.21,336.0,0,0.0,0.0,,0.0,1,1.89,0.41,SPY201113C00357000,357.0,normalDay
2020-11-13,8714.0,1869.0,2289.0,0,358.1,0.0,0,0.0,0.0,,0.0,1,1.89,0.0,SPY201113C00357000,357.0,expirationDay
2020-11-16,8714.0,-3.0,0.0,0,362.57,0.0,1,0.01,0.04,SPY201118P00334000,334.0,0,0.0,0.0,,0.0,normalDay
2020-11-17,8714.0,-1.0,0.0,0,360.62,0.0,1,0.01,0.02,SPY201118P00334000,334.0,0,0.0,0.0,,0.0,normalDay
2020-11-18,8715.0,0.0,1.0,0,356.28,0.0,1,0.01,0.0,SPY201118P00334000,334.0,0,0.0,0.0,,0.0,expirationDay
2020-11-19,8715.0,0.0,0.0,0,357.78,0.0,0,0.0,0.0,,0.0,0,0.0,0.0,,0.0,bidTooLow
2020-11-20,8715.0,0.0,0.0,0,355.33,0.0,0,0.0,0.0,,0.0,0,0.0,0.0,,0.0,bidTooLow
2020-11-23,8715.0,0.0,0.0,0,357.46,0.0,0,0.0,0.0,,0.0,0,0.0,0.0,,0.0,bidTooLow
2020-11-24,8715.0,0.0,0.0,0,363.22,0.0,0,0.0,0.0,,0.0,0,0.0,0.0,,0.0,bidTooLow
2020-11-25,8715.0,0.0,0.0,0,362.66,0.0,0,0.0,0.0,,0.0,0,0.0,0.0,,0.0,bidTooLow
2020-11-27,8715.0,0.0,0.0,0,363.67,0.0,0,0.0,0.0,,0.0,0,0.0,0.0,,0.0,bidTooLow
2020-11-30,8715.0,-3.0,0.0,0,362.06,0.0,1,0.02,0.05,SPY201202P00345000,345.0,0,0.0,0.0,,0.0,normalDay
2020-12-01,8715.0,-1.0,0.0,0,366.02,0.0,1,0.02,0.03,SPY201202P00345000,345.0,0,0.0,0.0,,0.0,normalDay
2020-12-02,8717.0,0.0,2.0,0,366.79,0.0,1,0.02,0.0,SPY201202P00345000,345.0,0,0.0,0.0,,0.0,expirationDay
2020-12-03,8717.0,-3.0,0.0,0,366.69,0.0,1,0.05,0.08,SPY201204P00354000,354.0,0,0.0,0.0,,0.0,normalDay
2020-12-04,8722.0,0.0,5.0,0,369.85,0.0,1,0.05,0.0,SPY201204P00354000,354.0,0,0.0,0.0,,0.0,expirationDay
2020-12-07,8722.0,-3.0,0.0,0,369.09,0.0,1,0.03,0.06,SPY201209P00356000,356.0,0,0.0,0.0,,0.0,normalDay
2020-12-08,8722.0,1.0,0.0,0,370.17,0.0,1,0.03,0.02,SPY201209P00356000,356.0,0,0.0,0.0,,0.0,normalDay
2020-12-09,8725.0,0.0,3.0,0,366.85,0.0,1,0.03,0.0,SPY201209P00356000,356.0,0,0.0,0.0,,0.0,expirationDay
2020-12-10,8725.0,-3.0,0.0,0,366.73,0.0,1,0.04,0.07,SPY201211P00358000,358.0,0,0.0,0.0,,0.0,normalDay
2020-12-11,8729.0,0.0,4.0,0,366.3,0.0,1,0.04,0.0,SPY201211P00358000,358.0,0,0.0,0.0,,0.0,expirationDay
2020-12-14,8729.0,-5.0,0.0,0,364.66,0.0,1,0.82,0.87,SPY201216P00359000,359.0,0,0.0,0.0,,0.0,normalDay
2020-12-15,8729.0,68.0,0.0,0,369.59,0.0,1,0.82,0.14,SPY201216P00359000,359.0,0,0.0,0.0,,0.0,normalDay
2020-12-16,8811.0,0.0,82.0,0,370.17,0.0,1,0.82,0.0,SPY201216P00359000,359.0,0,0.0,0.0,,0.0,expirationDay
2020-12-17,8811.0,-3.0,0.0,0,372.24,0.0,1,0.12,0.15,SPY201218P00361000,361.0,0,0.0,0.0,,0.0,normalDay
2020-12-18,8823.0,0.0,12.0,0,369.18,0.0,1,0.12,0.0,SPY201218P00361000,361.0,0,0.0,0.0,,0.0,expirationDay
2020-12-21,8823.0,-3.0,0.0,0,367.86,0.0,1,1.12,1.15,SPY201224P00363000,363.0,0,0.0,0.0,,0.0,normalDay
2020-12-22,8823.0,49.0,0.0,0,367.24,0.0,1,1.12,0.63,SPY201224P00363000,363.0,0,0.0,0.0,,0.0,normalDay
2020-12-23,8823.0,93.0,0.0,0,367.57,0.0,1,1.12,0.19,SPY201224P00363000,363.0,0,0.0,0.0,,0.0,normalDay
2020-12-24,8935.0,0.0,112.0,0,369.0,0.0,1,1.12,0.0,SPY201224P00363000,363.0,0,0.0,0.0,,0.0,expirationDay
2020-12-28,8935.0,-3.0,0.0,0,372.17,0.0,1,0.38,0.41,SPY201231P00366000,366.0,0,0.0,0.0,,0.0,normalDay
2020-12-29,8935.0,-4.0,0.0,0,371.46,0.0,1,0.38,0.42,SPY201231P00366000,366.0,0,0.0,0.0,,0.0,normalDay
2020-12-30,8935.0,23.0,0.0,0,371.99,0.0,1,0.38,0.15,SPY201231P00366000,366.0,0,0.0,0.0,,0.0,normalDay
2020-12-31,8973.0,0.0,38.0,0,373.88,0.0,1,0.38,0.0,SPY201231P00366000,366.0,0,0.0,0.0,,0.0,expirationDay
2021-01-04,8973.0,-4.0,0.0,0,368.79,0.0,1,2.12,2.16,SPY210106P00367000,367.0,0,0.0,0.0,,0.0,normalDay
2021-01-05,8973.0,131.0,0.0,0,371.33,0.0,1,2.12,0.81,SPY210106P00367000,367.0,0,0.0,0.0,,0.0,normalDay
2021-01-06,9185.0,0.0,212.0,0,373.55,0.0,1,2.12,0.0,SPY210106P00367000,367.0,0,0.0,0.0,,0.0,expirationDay
2021-01-07,9185.0,-3.0,0.0,0,379.1,0.0,1,0.03,0.06,SPY210108P00367000,367.0,0,0.0,0.0,,0.0,normalDay
2021-01-08,9188.0,0.0,3.0,0,381.26,0.0,1,0.03,0.0,SPY210108P00367000,367.0,0,0.0,0.0,,0.0,expirationDay
2021-01-11,9188.0,-3.0,0.0,0,378.69,0.0,1,0.18,0.21,SPY210113P00367000,367.0,0,0.0,0.0,,0.0,normalDay
2021-01-12,9188.0,12.0,0.0,0,378.77,0.0,1,0.18,0.06,SPY210113P00367000,367.0,0,0.0,0.0,,0.0,normalDay
2021-01-13,9206.0,0.0,18.0,0,379.79,0.0,1,0.18,0.0,SPY210113P00367000,367.0,0,0.0,0.0,,0.0,expirationDay
2021-01-14,9206.0,-3.0,0.0,0,378.46,0.0,1,0.09,0.12,SPY210115P00369000,369.0,0,0.0,0.0,,0.0,normalDay
2021-01-15,9215.0,0.0,9.0,0,375.7,0.0,1,0.09,0.0,SPY210115P00369000,369.0,0,0.0,0.0,,0.0,expirationDay
2021-01-19,9215.0,-3.0,0.0,0,378.65,0.0,1,0.53,0.56,SPY210122P00369000,369.0,0,0.0,0.0,,0.0,normalDay
2021-01-20,9215.0,44.0,0.0,0,383.89,0.0,1,0.53,0.09,SPY210122P00369000,369.0,0,0.0,0.0,,0.0,normalDay
2021-01-21,9215.0,50.0,0.0,0,384.24,0.0,1,0.53,0.03,SPY210122P00369000,369.0,0,0.0,0.0,,0.0,normalDay
2021-01-22,9268.0,0.0,53.0,0,382.88,0.0,1,0.53,0.0,SPY210122P00369000,369.0,0,0.0,0.0,,0.0,expirationDay
2021-01-25,9268.0,-3.0,0.0,0,384.39,0.0,1,0.12,0.15,SPY210127P00372000,372.0,0,0.0,0.0,,0.0,normalDay
2021-01-26,9268.0,6.0,0.0,0,383.79,0.0,1,0.12,0.06,SPY210127P00372000,372.0,0,0.0,0.0,,0.0,normalDay
2021-01-27,9280.0,0.0,12.0,0,374.41,0.0,1,0.12,0.0,SPY210127P00372000,372.0,0,0.0,0.0,,0.0,expirationDay
2021-01-28,9280.0,-5.0,0.0,0,377.63,0.0,1,0.74,0.79,SPY210129P00373000,373.0,0,0.0,0.0,,0.0,normalDay
2021-01-29,9354.0,-293.0,74.0,100,370.07,373.0,1,0.74,0.0,SPY210129P00373000,373.0,0,0.0,0.0,,0.0,expirationDay
2021-02-01,9354.0,319.0,0.0,100,376.23,373.0,0,0.0,0.0,,0.0,1,1.22,1.26,SPY210219C00390000,390.0,normalDay
2021-02-02,9354.0,752.0,0.0,100,381.55,373.0,0,0.0,0.0,,0.0,1,1.22,2.25,SPY210219C00390000,390.0,normalDay
2021-02-03,9354.0,826.0,0.0,100,381.85,373.0,0,0.0,0.0,,0.0,1,1.22,1.81,SPY210219C00390000,390.0,normalDay
2021-02-04,9354.0,1168.0,0.0,100,386.19,373.0,0,0.0,0.0,,0.0,1,1.22,2.73,SPY210219C00390000,390.0,normalDay
2021-02-05,9354.0,1292.0,0.0,100,387.71,373.0,0,0.0,0.0,,0.0,1,1.22,3.01,SPY210219C00390000,390.0,normalDay
2021-02-08,9354.0,1464.0,0.0,100,390.51,373.0,0,0.0,0.0,,0.0,1,1.22,4.09,SPY210219C00390000,390.0,normalDay
2021-02-09,9354.0,1442.0,0.0,100,390.25,373.0,0,0.0,0.0,,0.0,1,1.22,4.05,SPY210219C00390000,390.0,normalDay
2021-02-10,9354.0,1442.0,0.0,100,390.08,373.0,0,0.0,0.0,,0.0,1,1.22,3.88,SPY210219C00390000,390.0,normalDay
2021-02-11,9354.0,1537.0,0.0,100,390.71,373.0,0,0.0,0.0,,0.0,1,1.22,3.56,SPY210219C00390000,390.0,normalDay
2021-02-12,9354.0,1636.0,0.0,100,392.64,373.0,0,0.0,0.0,,0.0,1,1.22,4.5,SPY210219C00390000,390.0,normalDay
2021-02-16,9354.0,1685.0,0.0,100,392.3,373.0,0,0.0,0.0,,0.0,1,1.22,3.67,SPY210219C00390000,390.0,normalDay
2021-02-17,9354.0,1740.0,0.0,100,392.39,373.0,0,0.0,0.0,,0.0,1,1.22,3.21,SPY210219C00390000,390.0,normalDay
2021-02-18,9354.0,1725.0,0.0,100,390.72,373.0,0,0.0,0.0,,0.0,1,1.22,1.69,SPY210219C00390000,390.0,normalDay
2021-02-19,11176.0,1725.0,1822.0,0,390.03,0.0,0,0.0,0.0,,0.0,1,1.22,0.0,SPY210219C00390000,390.0,expirationDay
2021-02-22,11176.0,-3.0,0.0,0,387.03,0.0,1,0.31,0.34,SPY210224P00379000,379.0,0,0.0,0.0,,0.0,normalDay
2021-02-23,11176.0,19.0,0.0,0,387.5,0.0,1,0.31,0.12,SPY210224P00379000,379.0,0,0.0,0.0,,0.0,normalDay
2021-02-24,11207.0,0.0,31.0,0,391.77,0.0,1,0.31,0.0,SPY210224P00379000,379.0,0,0.0,0.0,,0.0,expirationDay
2021-02-25,11207.0,-4.0,0.0,0,382.33,0.0,1,1.35,1.39,SPY210226P00380000,380.0,0,0.0,0.0,,0.0,normalDay
2021-02-26,11342.0,0.0,135.0,0,380.36,0.0,1,1.35,0.0,SPY210226P00380000,380.0,0,0.0,0.0,,0.0,expirationDay
2021-03-01,11342.0,-3.0,0.0,0,389.58,0.0,1,0.68,0.71,SPY210303P00383000,383.0,0,0.0,0.0,,0.0,normalDay
2021-03-02,11342.0,-19.0,0.0,0,386.54,0.0,1,0.68,0.87,SPY210303P00383000,383.0,0,0.0,0.0,,0.0,normalDay
2021-03-03,11410.0,-158.0,68.0,100,381.42,383.0,1,0.68,0.0,SPY210303P00383000,383.0,0,0.0,0.0,,0.0,expirationDay
2021-03-04,11410.0,-635.0,0.0,100,376.7,383.0,0,0.0,0.0,,0.0,1,0.29,0.34,SPY210322C00399000,399.0,normalDay
2021-03-05,11410.0,31.0,0.0,100,383.63,383.0,0,0.0,0.0,,0.0,1,0.29,0.61,SPY210322C00399000,399.0,normalDay
2021-03-08,11410.0,-147.0,0.0,100,381.72,383.0,0,0.0,0.0,,0.0,1,0.29,0.48,SPY210322C00399000,399.0,normalDay
2021-03-09,11410.0,360.0,0.0,100,387.17,383.0,0,0.0,0.0,,0.0,1,0.29,0.86,SPY210322C00399000,399.0,normalDay
2021-03-10,11410.0,587.0,0.0,100,389.58,383.0,0,0.0,0.0,,0.0,1,0.29,1.0,SPY210322C00399000,399.0,normalDay
2021-03-11,11410.0,929.0,0.0,100,393.53,383.0,0,0.0,0.0,,0.0,1,0.29,1.53,SPY210322C00399000,399.0,normalDay
2021-03-12,11410.0,1002.0,0.0,100,394.06,383.0,0,0.0,0.0,,0.0,1,0.29,1.33,SPY210322C00399000,399.0,normalDay
2021-03-15,11410.0,1218.0,0.0,100,396.41,383.0,0,0.0,0.0,,0.0,1,0.29,1.52,SPY210322C00399000,399.0,normalDay
2021-03-16,11410.0,1204.0,0.0,100,395.91,383.0,0,0.0,0.0,,0.0,1,0.29,1.16,SPY210322C00399000,399.0,normalDay
2021-03-17,11410.0,1344.0,0.0,100,397.26,383.0,0,0.0,0.0,,0.0,1,0.29,1.11,SPY210322C00399000,399.0,normalDay
2021-03-18,11410.0,856.0,0.0,100,391.48,383.0,0,0.0,0.0,,0.0,1,0.29,0.21,SPY210322C00399000,399.0,normalDay
2021-03-19,11410.0,673.0,0.0,100,389.48,383.0,0,0.0,0.0,,0.0,1,0.29,0.04,SPY210322C00399000,399.0,normalDay
2021-03-22,11439.0,959.0,29.0,100,392.59,383.0,0,0.0,0.0,,0.0,1,0.29,0.0,SPY210322C00399000,399.0,expirationDay
2021-03-23,11439.0,645.0,0.0,100,389.5,383.0,0,0.0,0.0,,0.0,1,0.42,0.47,SPY210409C00404000,404.0,normalDay
2021-03-24,11439.0,466.0,0.0,100,387.52,383.0,0,0.0,0.0,,0.0,1,0.42,0.28,SPY210409C00404000,404.0,normalDay
2021-03-25,11439.0,677.0,0.0,100,389.7,383.0,0,0.0,0.0,,0.0,1,0.42,0.35,SPY210409C00404000,404.0,normalDay
2021-03-26,11439.0,1245.0,0.0,100,395.98,383.0,0,0.0,0.0,,0.0,1,0.42,0.95,SPY210409C00404000,404.0,normalDay
2021-03-29,11439.0,1226.0,0.0,100,395.78,383.0,0,0.0,0.0,,0.0,1,0.42,0.94,SPY210409C00404000,404.0,normalDay
2021-03-30,11439.0,1169.0,0.0,100,394.73,383.0,0,0.0,0.0,,0.0,1,0.42,0.46,SPY210409C00404000,404.0,normalDay
2021-03-31,11439.0,1319.0,0.0,100,396.33,383.0,0,0.0,0.0,,0.0,1,0.42,0.56,SPY210409C00404000,404.0,normalDay
2021-04-01,11439.0,1681.0,0.0,100,400.61,383.0,0,0.0,0.0,,0.0,1,0.42,1.22,SPY210409C00404000,404.0,normalDay
2021-04-05,11439.0,2004.0,0.0,100,406.36,383.0,0,0.0,0.0,,0.0,1,0.42,3.74,SPY210409C00404000,404.0,normalDay
2021-04-06,11439.0,2024.0,0.0,100,406.12,383.0,0,0.0,0.0,,0.0,1,0.42,3.3,SPY210409C00404000,404.0,normalDay
2021-04-07,11439.0,2050.0,0.0,100,406.59,383.0,0,0.0,0.0,,0.0,1,0.42,3.51,SPY210409C00404000,404.0,normalDay
2021-04-08,11439.0,2097.0,0.0,100,408.52,383.0,0,0.0,0.0,,0.0,1,0.42,4.97,SPY210409C00404000,404.0,normalDay
2021-04-09,13581.0,2097.0,2142.0,0,411.49,0.0,0,0.0,0.0,,0.0,1,0.42,0.0,SPY210409C00404000,404.0,expirationDay
2021-04-12,13581.0,0.0,0.0,0,411.64,0.0,0,0.0,0.0,,0.0,0,0.0,0.0,,0.0,bidTooLow
2021-04-13,13581.0,-3.0,0.0,0,412.86,0.0,1,0.01,0.04,SPY210416P00391000,391.0,0,0.0,0.0,,0.0,normalDay
2021-04-14,13581.0,-3.0,0.0,0,411.45,0.0,1,0.01,0.04,SPY210416P00391000,391.0,0,0.0,0.0,,0.0,normalDay
2021-04-15,13581.0,-1.0,0.0,0,415.87,0.0,1,0.01,0.02,SPY210416P00391000,391.0,0,0.0,0.0,,0.0,normalDay
2021-04-16,13582.0,0.0,1.0,0,417.26,0.0,1,0.01,0.0,SPY210416P00391000,391.0,0,0.0,0.0,,0.0,expirationDay
2021-04-19,13582.0,0.0,0.0,0,415.21,0.0,0,0.0,0.0,,0.0,0,0.0,0.0,,0.0,bidTooLow
2021-04-20,13582.0,-3.0,0.0,0,412.17,0.0,1,0.04,0.07,SPY210423P00395000,395.0,0,0.0,0.0,,0.0,normalDay
2021-04-21,13582.0,2.0,0.0,0,416.07,0.0,1,0.04,0.02,SPY210423P00395000,395.0,0,0.0,0.0,,0.0,normalDay
2021-04-22,13582.0,2.0,0.0,0,412.27,0.0,1,0.04,0.02,SPY210423P00395000,395.0,0,0.0,0.0,,0.0,normalDay
2021-04-23,13586.0,0.0,4.0,0,416.74,0.0,1,0.04,0.0,SPY210423P00395000,395.0,0,0.0,0.0,,0.0,expirationDay
2021-04-26,13586.0,-3.0,0.0,0,417.61,0.0,1,0.01,0.04,SPY210428P00402000,402.0,0,0.0,0.0,,0.0,normalDay
2021-04-27,13586.0,-1.0,0.0,0,417.52,0.0,1,0.01,0.02,SPY210428P00402000,402.0,0,0.0,0.0,,0.0,normalDay
2021-04-28,13587.0,0.0,1.0,0,417.4,0.0,1,0.01,0.0,SPY210428P00402000,402.0,0,0.0,0.0,,0.0,expirationDay
2021-04-29,13587.0,0.0,0.0,0,420.06,0.0,0,0.0,0.0,,0.0,0,0.0,0.0,,0.0,bidTooLow
2021-04-30,13587.0,-3.0,0.0,0,417.3,0.0,1,0.09,0.12,SPY210503P00409000,409.0,0,0.0,0.0,,0.0,normalDay
2021-05-03,13596.0,0.0,9.0,0,418.2,0.0,1,0.09,0.0,SPY210503P00409000,409.0,0,0.0,0.0,,0.0,expirationDay
2021-05-04,13596.0,-3.0,0.0,0,415.62,0.0,1,0.91,0.94,SPY210507P00411000,411.0,0,0.0,0.0,,0.0,normalDay
2021-05-05,13596.0,29.0,0.0,0,415.75,0.0,1,0.91,0.62,SPY210507P00411000,411.0,0,0.0,0.0,,0.0,normalDay
2021-05-06,13596.0,83.0,0.0,0,419.07,0.0,1,0.91,0.08,SPY210507P00411000,411.0,0,0.0,0.0,,0.0,normalDay
2021-05-07,13687.0,0.0,91.0,0,422.12,0.0,1,0.91,0.0,SPY210507P00411000,411.0,0,0.0,0.0,,0.0,expirationDay
2021-05-10,13687.0,-3.0,0.0,0,417.94,0.0,1,0.96,0.99,SPY210512P00414000,414.0,0,0.0,0.0,,0.0,normalDay
2021-05-11,13687.0,-76.0,0.0,0,414.21,0.0,1,0.96,1.72,SPY210512P00414000,414.0,0,0.0,0.0,,0.0,normalDay
2021-05-12,13783.0,-859.0,96.0,100,405.41,414.0,1,0.96,0.0,SPY210512P00414000,414.0,0,0.0,0.0,,0.0,expirationDay
2021-05-13,13783.0,-376.0,0.0,100,410.28,414.0,0,0.0,0.0,,0.0,1,0.58,0.62,SPY210601C00426000,426.0,normalDay
2021-05-14,13783.0,203.0,0.0,100,416.58,414.0,0,0.0,0.0,,0.0,1,0.58,1.13,SPY210601C00426000,426.0,normalDay
2021-05-17,13783.0,145.0,0.0,100,415.52,414.0,0,0.0,0.0,,0.0,1,0.58,0.65,SPY210601C00426000,426.0,normalDay
2021-05-18,13783.0,-176.0,0.0,100,411.94,414.0,0,0.0,0.0,,0.0,1,0.58,0.28,SPY210601C00426000,426.0,normalDay
2021-05-19,13783.0,-273.0,0.0,100,410.86,414.0,0,0.0,0.0,,0.0,1,0.58,0.17,SPY210601C00426000,426.0,normalDay
2021-05-20,13783.0,154.0,0.0,100,415.28,414.0,0,0.0,0.0,,0.0,1,0.58,0.32,SPY210601C00426000,426.0,normalDay
2021-05-21,13783.0,133.0,0.0,100,414.94,414.0,0,0.0,0.0,,0.0,1,0.58,0.19,SPY210601C00426000,426.0,normalDay
2021-05-24,13783.0,547.0,0.0,100,419.17,414.0,0,0.0,0.0,,0.0,1,0.58,0.28,SPY210601C00426000,426.0,normalDay
2021-05-25,13783.0,466.0,0.0,100,418.24,414.0,0,0.0,0.0,,0.0,1,0.58,0.16,SPY210601C00426000,426.0,normalDay
2021-05-26,13783.0,557.0,0.0,100,419.07,414.0,0,0.0,0.0,,0.0,1,0.58,0.08,SPY210601C00426000,426.0,normalDay
2021-05-27,13783.0,581.0,0.0,100,419.29,414.0,0,0.0,0.0,,0.0,1,0.58,0.06,SPY210601C00426000,426.0,normalDay
2021-05-28,13783.0,658.0,0.0,100,420.04,414.0,0,0.0,0.0,,0.0,1,0.58,0.04,SPY210601C00426000,426.0,normalDay
2021-06-01,13841.0,567.0,58.0,100,419.67,414.0,0,0.0,0.0,,0.0,1,0.58,0.0,SPY210601C00426000,426.0,expirationDay
2021-06-02,13841.0,629.0,0.0,100,420.33,414.0,0,0.0,0.0,,0.0,1,1.33,1.37,SPY210621C00427000,427.0,normalDay
2021-06-03,13841.0,509.0,0.0,100,418.77,414.0,0,0.0,0.0,,0.0,1,1.33,1.01,SPY210621C00427000,427.0,normalDay
2021-06-04,13841.0,844.0,0.0,100,422.6,414.0,0,0.0,0.0,,0.0,1,1.33,1.49,SPY210621C00427000,427.0,normalDay
2021-06-07,13841.0,834.0,0.0,100,422.19,414.0,0,0.0,0.0,,0.0,1,1.33,1.18,SPY210621C00427000,427.0,normalDay
2021-06-08,13841.0,837.0,0.0,100,422.28,414.0,0,0.0,0.0,,0.0,1,1.33,1.24,SPY210621C00427000,427.0,normalDay
2021-06-09,13841.0,781.0,0.0,100,421.65,414.0,0,0.0,0.0,,0.0,1,1.33,1.17,SPY210621C00427000,427.0,normalDay
2021-06-10,13841.0,986.0,0.0,100,423.61,414.0,0,0.0,0.0,,0.0,1,1.33,1.08,SPY210621C00427000,427.0,normalDay
2021-06-11,13841.0,1070.0,0.0,100,424.31,414.0,0,0.0,0.0,,0.0,1,1.33,0.94,SPY210621C00427000,427.0,normalDay
2021-06-14,13841.0,1140.0,0.0,100,425.26,414.0,0,0.0,0.0,,0.0,1,1.33,1.19,SPY210621C00427000,427.0,normalDay
2021-06-15,13841.0,1091.0,0.0,100,424.48,414.0,0,0.0,0.0,,0.0,1,1.33,0.9,SPY210621C00427000,427.0,normalDay
2021-06-16,13841.0,912.0,0.0,100,422.11,414.0,0,0.0,0.0,,0.0,1,1.33,0.32,SPY210621C00427000,427.0,normalDay
2021-06-17,13841.0,920.0,0.0,100,421.97,414.0,0,0.0,0.0,,0.0,1,1.33,0.1,SPY210621C00427000,427.0,normalDay
2021-06-18,13841.0,223.0,0.0,100,414.92,414.0,0,0.0,0.0,,0.0,1,1.33,0.02,SPY210621C00427000,427.0,normalDay
2021-06-21,13974.0,686.0,133.0,100,420.86,414.0,0,0.0,0.0,,0.0,1,1.33,0.0,SPY210621C00427000,427.0,expirationDay
2021-06-22,13974.0,907.0,0.0,100,423.11,414.0,0,0.0,0.0,,0.0,1,1.62,1.66,SPY210709C00427500,427.5,normalDay
2021-06-23,13974.0,881.0,0.0,100,422.6,414.0,0,0.0,0.0,,0.0,1,1.62,1.41,SPY210709C00427500,427.5,normalDay
2021-06-24,13974.0,1063.0,0.0,100,425.1,414.0,0,0.0,0.0,,0.0,1,1.62,2.09,SPY210709C00427500,427.5,normalDay
2021-06-25,13974.0,1180.0,0.0,100,426.61,414.0,0,0.0,0.0,,0.0,1,1.62,2.43,SPY210709C00427500,427.5,normalDay
2021-06-28,13974.0,1253.0,0.0,100,427.47,414.0,0,0.0,0.0,,0.0,1,1.62,2.56,SPY210709C00427500,427.5,normalDay
2021-06-29,13974.0,1255.0,0.0,100,427.7,414.0,0,0.0,0.0,,0.0,1,1.62,2.77,SPY210709C00427500,427.5,normalDay
2021-06-30,13974.0,1271.0,0.0,100,428.06,414.0,0,0.0,0.0,,0.0,1,1.62,2.97,SPY210709C00427500,427.5,normalDay
2021-07-01,13974.0,1388.0,0.0,100,430.43,414.0,0,0.0,0.0,,0.0,1,1.62,4.17,SPY210709C00427500,427.5,normalDay
2021-07-02,13974.0,1485.0,0.0,100,433.72,414.0,0,0.0,0.0,,0.0,1,1.62,6.49,SPY210709C00427500,427.5,normalDay
2021-07-06,13974.0,1503.0,0.0,100,432.93,414.0,0,0.0,0.0,,0.0,1,1.62,5.52,SPY210709C00427500,427.5,normalDay
2021-07-07,13974.0,1519.0,0.0,100,434.46,414.0,0,0.0,0.0,,0.0,1,1.62,6.89,SPY210709C00427500,427.5,normalDay
2021-07-08,13974.0,1500.0,0.0,100,430.92,414.0,0,0.0,0.0,,0.0,1,1.62,3.54,SPY210709C00427500,427.5,normalDay
2021-07-09,15486.0,1500.0,1512.0,0,435.52,0.0,0,0.0,0.0,,0.0,1,1.62,0.0,SPY210709C00427500,427.5,expirationDay
2021-07-12,15486.0,-3.0,0.0,0,437.08,0.0,1,0.03,0.06,SPY210714P00422000,422.0,0,0.0,0.0,,0.0,normalDay
2021-07-13,15486.0,-3.0,0.0,0,435.59,0.0,1,0.03,0.06,SPY210714P00422000,422.0,0,0.0,0.0,,0.0,normalDay
2021-07-14,15489.0,0.0,3.0,0,436.24,0.0,1,0.03,0.0,SPY210714P00422000,422.0,0,0.0,0.0,,0.0,expirationDay
2021-07-15,15489.0,-3.0,0.0,0,434.75,0.0,1,0.03,0.06,SPY210716P00423000,423.0,0,0.0,0.0,,0.0,normalDay
2021-07-16,15492.0,0.0,3.0,0,431.34,0.0,1,0.03,0.0,SPY210716P00423000,423.0,0,0.0,0.0,,0.0,expirationDay
2021-07-19,15492.0,-4.0,0.0,0,424.97,0.0,1,2.61,2.65,SPY210721P00425000,425.0,0,0.0,0.0,,0.0,normalDay
2021-07-20,15492.0,241.0,0.0,0,431.06,0.0,1,2.61,0.2,SPY210721P00425000,425.0,0,0.0,0.0,,0.0,normalDay
2021-07-21,15753.0,0.0,261.0,0,434.55,0.0,1,2.61,0.0,SPY210721P00425000,425.0,0,0.0,0.0,,0.0,expirationDay
2021-07-22,15753.0,-3.0,0.0,0,435.46,0.0,1,0.03,0.06,SPY210723P00428000,428.0,0,0.0,0.0,,0.0,normalDay
2021-07-23,15756.0,0.0,3.0,0,439.94,0.0,1,0.03,0.0,SPY210723P00428000,428.0,0,0.0,0.0,,0.0,expirationDay
2021-07-26,15756.0,-3.0,0.0,0,441.02,0.0,1,0.04,0.07,SPY210728P00429000,429.0,0,0.0,0.0,,0.0,normalDay
2021-07-27,15756.0,-4.0,0.0,0,439.01,0.0,1,0.04,0.08,SPY210728P00429000,429.0,0,0.0,0.0,,0.0,normalDay
2021-07-28,15760.0,0.0,4.0,0,438.83,0.0,1,0.04,0.0,SPY210728P00429000,429.0,0,0.0,0.0,,0.0,expirationDay
2021-07-29,15760.0,-3.0,0.0,0,440.65,0.0,1,0.01,0.04,SPY210730P00431000,431.0,0,0.0,0.0,,0.0,normalDay
2021-07-30,15761.0,0.0,1.0,0,438.51,0.0,1,0.01,0.0,SPY210730P00431000,431.0,0,0.0,0.0,,0.0,expirationDay
2021-08-02,15761.0,-3.0,0.0,0,437.59,0.0,1,0.45,0.48,SPY210804P00432000,432.0,0,0.0,0.0,,0.0,normalDay
2021-08-03,15761.0,41.0,0.0,0,441.15,0.0,1,0.45,0.04,SPY210804P00432000,432.0,0,0.0,0.0,,0.0,normalDay
2021-08-04,15806.0,0.0,45.0,0,438.98,0.0,1,0.45,0.0,SPY210804P00432000,432.0,0,0.0,0.0,,0.0,expirationDay
2021-08-05,15806.0,-3.0,0.0,0,441.76,0.0,1,0.02,0.05,SPY210806P00432500,432.5,0,0.0,0.0,,0.0,normalDay
2021-08-06,15808.0,0.0,2.0,0,442.49,0.0,1,0.02,0.0,SPY210806P00432500,432.5,0,0.0,0.0,,0.0,expirationDay
2021-08-09,15808.0,-3.0,0.0,0,442.13,0.0,1,0.05,0.08,SPY210811P00433000,433.0,0,0.0,0.0,,0.0,normalDay
2021-08-10,15808.0,1.0,0.0,0,442.68,0.0,1,0.05,0.04,SPY210811P00433000,433.0,0,0.0,0.0,,0.0,normalDay
2021-08-11,15813.0,0.0,5.0,0,443.78,0.0,1,0.05,0.0,SPY210811P00433000,433.0,0,0.0,0.0,,0.0,expirationDay
2021-08-12,15813.0,-3.0,0.0,0,445.11,0.0,1,0.03,0.06,SPY210813P00434000,434.0,0,0.0,0.0,,0.0,normalDay
2021-08-13,15816.0,0.0,3.0,0,445.92,0.0,1,0.03,0.0,SPY210813P00434000,434.0,0,0.0,0.0,,0.0,expirationDay
2021-08-16,15816.0,-3.0,0.0,0,446.97,0.0,1,0.07,0.1,SPY210818P00436000,436.0,0,0.0,0.0,,0.0,normalDay
2021-08-17,15816.0,-6.0,0.0,0,444.04,0.0,1,0.07,0.13,SPY210818P00436000,436.0,0,0.0,0.0,,0.0,normalDay
2021-08-18,15823.0,0.0,7.0,0,439.18,0.0,1,0.07,0.0,SPY210818P00436000,436.0,0,0.0,0.0,,0.0,expirationDay
2021-08-19,15823.0,-5.0,0.0,0,439.86,0.0,1,1.25,1.3,SPY210820P00439000,439.0,0,0.0,0.0,,0.0,normalDay
2021-08-20,15948.0,0.0,125.0,0,443.36,0.0,1,1.25,0.0,SPY210820P00439000,439.0,0,0.0,0.0,,0.0,expirationDay
2021-08-23,15948.0,-3.0,0.0,0,447.26,0.0,1,0.08,0.11,SPY210825P00439000,439.0,0,0.0,0.0,,0.0,normalDay
2021-08-24,15948.0,3.0,0.0,0,447.97,0.0,1,0.08,0.05,SPY210825P00439000,439.0,0,0.0,0.0,,0.0,normalDay
2021-08-25,15956.0,0.0,8.0,0,448.91,0.0,1,0.08,0.0,SPY210825P00439000,439.0,0,0.0,0.0,,0.0,expirationDay
2021-08-26,15956.0,-3.0,0.0,0,446.26,0.0,1,0.17,0.2,SPY210827P00440000,440.0,0,0.0,0.0,,0.0,normalDay
2021-08-27,15973.0,0.0,17.0,0,450.25,0.0,1,0.17,0.0,SPY210827P00440000,440.0,0,0.0,0.0,,0.0,expirationDay
2021-08-30,15973.0,-3.0,0.0,0,452.23,0.0,1,0.04,0.07,SPY210901P00441000,441.0,0,0.0,0.0,,0.0,normalDay
2021-08-31,15973.0,-1.0,0.0,0,451.56,0.0,1,0.04,0.05,SPY210901P00441000,441.0,0,0.0,0.0,,0.0,normalDay
2021-09-01,15977.0,0.0,4.0,0,451.8,0.0,1,0.04,0.0,SPY210901P00441000,441.0,0,0.0,0.0,,0.0,expirationDay
2021-09-02,15977.0,-3.0,0.0,0,453.19,0.0,1,0.02,0.05,SPY210903P00442000,442.0,0,0.0,0.0,,0.0,normalDay
2021-09-03,15979.0,0.0,2.0,0,453.08,0.0,1,0.02,0.0,SPY210903P00442000,442.0,0,0.0,0.0,,0.0,expirationDay
2021-09-07,15979.0,-3.0,0.0,0,451.46,0.0,1,0.3,0.33,SPY210910P00443000,443.0,0,0.0,0.0,,0.0,normalDay
2021-09-08,15979.0,11.0,0.0,0,450.91,0.0,1,0.3,0.19,SPY210910P00443000,443.0,0,0.0,0.0,,0.0,normalDay
2021-09-09,15979.0,13.0,0.0,0,448.98,0.0,1,0.3,0.17,SPY210910P00443000,443.0,0,0.0,0.0,,0.0,normalDay
2021-09-10,16009.0,0.0,30.0,0,445.44,0.0,1,0.3,0.0,SPY210910P00443000,443.0,0,0.0,0.0,,0.0,expirationDay
2021-09-13,16009.0,-3.0,0.0,0,446.58,0.0,1,1.15,1.18,SPY210915P00444000,444.0,0,0.0,0.0,,0.0,normalDay
2021-09-14,16009.0,-13.0,0.0,0,444.17,0.0,1,1.15,1.28,SPY210915P00444000,444.0,0,0.0,0.0,,0.0,normalDay
2021-09-15,16124.0,0.0,115.0,0,447.88,0.0,1,1.15,0.0,SPY210915P00444000,444.0,0,0.0,0.0,,0.0,expirationDay
2021-09-16,16124.0,-4.0,0.0,0,447.17,0.0,1,0.94,0.98,SPY210917P00445000,445.0,0,0.0,0.0,,0.0,normalDay
2021-09-17,16218.0,-360.0,94.0,100,441.4,445.0,1,0.94,0.0,SPY210917P00445000,445.0,0,0.0,0.0,,0.0,expirationDay
2021-09-20,16218.0,-1099.0,0.0,100,434.04,445.0,0,0.0,0.0,,0.0,1,0.14,0.17,SPY211008C00460000,460.0,normalDay
2021-09-21,16218.0,-1134.0,0.0,100,433.63,445.0,0,0.0,0.0,,0.0,1,0.14,0.11,SPY211008C00460000,460.0,normalDay
2021-09-22,16218.0,-714.0,0.0,100,437.86,445.0,0,0.0,0.0,,0.0,1,0.14,0.14,SPY211008C00460000,460.0,normalDay
2021-09-23,16218.0,-189.0,0.0,100,443.18,445.0,0,0.0,0.0,,0.0,1,0.14,0.21,SPY211008C00460000,460.0,normalDay
2021-09-24,16218.0,-109.0,0.0,100,443.91,445.0,0,0.0,0.0,,0.0,1,0.14,0.14,SPY211008C00460000,460.0,normalDay
2021-09-27,16218.0,-231.0,0.0,100,442.64,445.0,0,0.0,0.0,,0.0,1,0.14,0.09,SPY211008C00460000,460.0,normalDay
2021-09-28,16218.0,-1119.0,0.0,100,433.72,445.0,0,0.0,0.0,,0.0,1,0.14,0.05,SPY211008C00460000,460.0,normalDay
2021-09-29,16218.0,-1045.0,0.0,100,434.45,445.0,0,0.0,0.0,,0.0,1,0.14,0.04,SPY211008C00460000,460.0,normalDay
2021-09-30,16218.0,-1576.0,0.0,100,429.14,445.0,0,0.0,0.0,,0.0,1,0.14,0.04,SPY211008C00460000,460.0,normalDay
2021-10-01,16218.0,-1065.0,0.0,100,434.24,445.0,0,0.0,0.0,,0.0,1,0.14,0.03,SPY211008C00460000,460.0,normalDay
2021-10-04,16218.0,-1624.0,0.0,100,428.64,445.0,0,0.0,0.0,,0.0,1,0.14,0.02,SPY211008C00460000,460.0,normalDay
2021-10-05,16218.0,-1177.0,0.0,100,433.1,445.0,0,0.0,0.0,,0.0,1,0.14,0.01,SPY211008C00460000,460.0,normalDay
2021-10-06,16218.0,-997.0,0.0,100,434.9,445.0,0,0.0,0.0,,0.0,1,0.14,0.01,SPY211008C00460000,460.0,normalDay
2021-10-07,16218.0,-621.0,0.0,100,438.66,445.0,0,0.0,0.0,,0.0,1,0.14,0.01,SPY211008C00460000,460.0,normalDay
2021-10-08,16232.0,-714.0,14.0,100,437.86,445.0,0,0.0,0.0,,0.0,1,0.14,0.0,SPY211008C00460000,460.0,expirationDay
2021-10-11,16232.0,-1034.0,0.0,100,434.69,445.0,0,0.0,0.0,,0.0,1,0.22,0.25,SPY211029C00452500,452.5,normalDay
2021-10-12,16232.0,-1132.0,0.0,100,433.62,445.0,0,0.0,0.0,,0.0,1,0.22,0.16,SPY211029C00452500,452.5,normalDay
2021-10-13,16232.0,-980.0,0.0,100,435.18,445.0,0,0.0,0.0,,0.0,1,0.22,0.2,SPY211029C00452500,452.5,normalDay
2021-10-14,16232.0,-290.0,0.0,100,442.5,445.0,0,0.0,0.0,,0.0,1,0.22,0.62,SPY211029C00452500,452.5,normalDay
2021-10-15,16232.0,8.0,0.0,100,445.87,445.0,0,0.0,0.0,,0.0,1,0.22,1.01,SPY211029C00452500,452.5,normalDay
2021-10-18,16232.0,129.0,0.0,100,447.19,445.0,0,0.0,0.0,,0.0,1,0.22,1.12,SPY211029C00452500,452.5,normalDay
2021-10-19,16232.0,353.0,0.0,100,450.64,445.0,0,0.0,0.0,,0.0,1,0.22,2.33,SPY211029C00452500,452.5,normalDay
2021-10-20,16232.0,496.0,0.0,100,452.41,445.0,0,0.0,0.0,,0.0,1,0.22,2.67,SPY211029C00452500,452.5,normalDay
2021-10-21,16232.0,567.0,0.0,100,453.59,445.0,0,0.0,0.0,,0.0,1,0.22,3.14,SPY211029C00452500,452.5,normalDay
2021-10-22,16232.0,579.0,0.0,100,453.12,445.0,0,0.0,0.0,,0.0,1,0.22,2.55,SPY211029C00452500,452.5,normalDay
2021-10-25,16232.0,721.0,0.0,100,455.55,445.0,0,0.0,0.0,,0.0,1,0.22,3.56,SPY211029C00452500,452.5,normalDay
2021-10-26,16232.0,667.0,0.0,100,455.96,445.0,0,0.0,0.0,,0.0,1,0.22,4.51,SPY211029C00452500,452.5,normalDay
2021-10-27,16232.0,641.0,0.0,100,453.94,445.0,0,0.0,0.0,,0.0,1,0.22,2.75,SPY211029C00452500,452.5,normalDay
2021-10-28,16232.0,799.0,0.0,100,458.32,445.0,0,0.0,0.0,,0.0,1,0.22,5.55,SPY211029C00452500,452.5,normalDay
2021-10-29,17004.0,799.0,772.0,0,459.25,0.0,0,0.0,0.0,,0.0,1,0.22,0.0,SPY211029C00452500,452.5,expirationDay
2021-11-01,17004.0,0.0,0.0,0,460.04,0.0,0,0.0,0.0,,0.0,0,0.0,0.0,,0.0,bidTooLow
2021-11-02,17004.0,-3.0,0.0,0,461.9,0.0,1,0.04,0.07,SPY211105P00439000,439.0,0,0.0,0.0,,0.0,normalDay
2021-11-03,17004.0,1.0,0.0,0,464.72,0.0,1,0.04,0.03,SPY211105P00439000,439.0,0,0.0,0.0,,0.0,normalDay
2021-11-04,17004.0,2.0,0.0,0,466.91,0.0,1,0.04,0.02,SPY211105P00439000,439.0,0,0.0,0.0,,0.0,normalDay
2021-11-05,17008.0,0.0,4.0,0,468.53,0.0,1,0.04,0.0,SPY211105P00439000,439.0,0,0.0,0.0,,0.0,expirationDay
2021-11-08,17008.0,0.0,0.0,0,468.93,0.0,0,0.0,0.0,,0.0,0,0.0,0.0,,0.0,bidTooLow
2021-11-09,17008.0,-3.0,0.0,0,467.38,0.0,1,0.04,0.07,SPY211112P00447000,447.0,0,0.0,0.0,,0.0,normalDay
2021-11-10,17008.0,-4.0,0.0,0,463.62,0.0,1,0.04,0.08,SPY211112P00447000,447.0,0,0.0,0.0,,0.0,normalDay
2021-11-11,17008.0,2.0,0.0,0,463.77,0.0,1,0.04,0.02,SPY211112P00447000,447.0,0,0.0,0.0,,0.0,normalDay
2021-11-12,17012.0,0.0,4.0,0,467.27,0.0,1,0.04,0.0,SPY211112P00447000,447.0,0,0.0,0.0,,0.0,expirationDay
2021-11-15,17012.0,-3.0,0.0,0,467.43,0.0,1,0.03,0.06,SPY211117P00455000,455.0,0,0.0,0.0,,0.0,normalDay
2021-11-16,17012.0,-1.0,0.0,0,469.28,0.0,1,0.03,0.04,SPY211117P00455000,455.0,0,0.0,0.0,,0.0,normalDay
2021-11-17,17015.0,0.0,3.0,0,468.14,0.0,1,0.03,0.0,SPY211117P00455000,455.0,0,0.0,0.0,,0.0,expirationDay
2021-11-18,17015.0,-3.0,0.0,0,469.73,0.0,1,0.02,0.05,SPY211119P00457500,457.5,0,0.0,0.0,,0.0,normalDay
2021-11-19,17017.0,0.0,2.0,0,468.89,0.0,1,0.02,0.0,SPY211119P00457500,457.5,0,0.0,0.0,,0.0,expirationDay
2021-11-22,17017.0,-3.0,0.0,0,467.57,0.0,1,0.35,0.38,SPY211124P00460000,460.0,0,0.0,0.0,,0.0,normalDay
2021-11-23,17017.0,23.0,0.0,0,468.19,0.0,1,0.35,0.12,SPY211124P00460000,460.0,0,0.0,0.0,,0.0,normalDay
2021-11-24,17052.0,0.0,35.0,0,469.44,0.0,1,0.35,0.0,SPY211124P00460000,460.0,0,0.0,0.0,,0.0,expirationDay
2021-11-26,17052.0,-80.0,0.0,0,458.97,0.0,1,5.2,6.0,SPY211129P00462000,462.0,0,0.0,0.0,,0.0,normalDay
2021-11-29,17572.0,0.0,520.0,0,464.6,0.0,1,5.2,0.0,SPY211129P00462000,462.0,0,0.0,0.0,,0.0,expirationDay
2021-11-30,17572.0,-19.0,0.0,0,455.56,0.0,1,6.35,6.54,SPY211203P00462500,462.5,0,0.0,0.0,,0.0,normalDay
2021-12-01,17572.0,-617.0,0.0,0,450.5,0.0,1,6.35,12.52,SPY211203P00462500,462.5,0,0.0,0.0,,0.0,normalDay
2021-12-02,17572.0,61.0,0.0,0,457.4,0.0,1,6.35,5.74,SPY211203P00462500,462.5,0,0.0,0.0,,0.0,normalDay
2021-12-03,18207.0,-908.0,635.0,100,453.42,462.5,1,6.35,0.0,SPY211203P00462500,462.5,0,0.0,0.0,,0.0,expirationDay
2021-12-06,18207.0,-374.0,0.0,100,458.79,462.5,0,0.0,0.0,,0.0,1,0.29,0.32,SPY211223C00480000,480.0,normalDay
2021-12-07,18207.0,513.0,0.0,100,468.28,462.5,0,0.0,0.0,,0.0,1,0.29,0.94,SPY211223C00480000,480.0,normalDay
2021-12-08,18207.0,648.0,0.0,100,469.52,462.5,0,0.0,0.0,,0.0,1,0.29,0.83,SPY211223C00480000,480.0,normalDay
2021-12-09,18207.0,368.0,0.0,100,466.35,462.5,0,0.0,0.0,,0.0,1,0.29,0.46,SPY211223C00480000,480.0,normalDay
2021-12-10,18207.0,800.0,0.0,100,470.74,462.5,0,0.0,0.0,,0.0,1,0.29,0.53,SPY211223C00480000,480.0,normalDay
2021-12-13,18207.0,414.0,0.0,100,466.57,462.5,0,0.0,0.0,,0.0,1,0.29,0.22,SPY211223C00480000,480.0,normalDay
2021-12-14,18207.0,102.0,0.0,100,463.36,462.5,0,0.0,0.0,,0.0,1,0.29,0.13,SPY211223C00480000,480.0,normalDay
2021-12-15,18207.0,808.0,0.0,100,470.6,462.5,0,0.0,0.0,,0.0,1,0.29,0.31,SPY211223C00480000,480.0,normalDay
2021-12-16,18207.0,410.0,0.0,100,466.45,462.5,0,0.0,0.0,,0.0,1,0.29,0.14,SPY211223C00480000,480.0,normalDay
2021-12-17,18207.0,-238.0,0.0,100,459.87,462.5,0,0.0,0.0,,0.0,1,0.29,0.04,SPY211223C00480000,480.0,normalDay
2021-12-20,18207.0,-725.0,0.0,100,454.98,462.5,0,0.0,0.0,,0.0,1,0.29,0.02,SPY211223C00480000,480.0,normalDay
2021-12-21,18207.0,84.0,0.0,100,463.06,462.5,0,0.0,0.0,,0.0,1,0.29,0.01,SPY211223C00480000,480.0,normalDay
2021-12-22,18207.0,547.0,0.0,100,467.69,462.5,0,0.0,0.0,,0.0,1,0.29,0.01,SPY211223C00480000,480.0,normalDay
2021-12-23,18236.0,810.0,29.0,100,470.6,462.5,0,0.0,0.0,,0.0,1,0.29,0.0,SPY211223C00480000,480.0,expirationDay
2021-12-27,18236.0,1471.0,0.0,100,477.26,462.5,0,0.0,0.0,,0.0,1,2.84,2.89,SPY220114C00482000,482.0,normalDay
2021-12-28,18236.0,1448.0,0.0,100,476.87,462.5,0,0.0,0.0,,0.0,1,2.84,2.73,SPY220114C00482000,482.0,normalDay
2021-12-29,18236.0,1528.0,0.0,100,477.48,462.5,0,0.0,0.0,,0.0,1,2.84,2.54,SPY220114C00482000,482.0,normalDay
2021-12-30,18236.0,1459.0,0.0,100,476.16,462.5,0,0.0,0.0,,0.0,1,2.84,1.91,SPY220114C00482000,482.0,normalDay
2021-12-31,18236.0,1389.0,0.0,100,474.96,462.5,0,0.0,0.0,,0.0,1,2.84,1.41,SPY220114C00482000,482.0,normalDay
2022-01-03,18236.0,1636.0,0.0,100,477.71,462.5,0,0.0,0.0,,0.0,1,2.84,1.69,SPY220114C00482000,482.0,normalDay
2022-01-04,18236.0,1640.0,0.0,100,477.55,462.5,0,0.0,0.0,,0.0,1,2.84,1.49,SPY220114C00482000,482.0,normalDay
2022-01-05,18236.0,844.0,0.0,100,468.38,462.5,0,0.0,0.0,,0.0,1,2.84,0.28,SPY220114C00482000,482.0,normalDay
2022-01-06,18236.0,814.0,0.0,100,467.94,462.5,0,0.0,0.0,,0.0,1,2.84,0.14,SPY220114C00482000,482.0,normalDay
2022-01-07,18236.0,636.0,0.0,100,466.09,462.5,0,0.0,0.0,,0.0,1,2.84,0.07,SPY220114C00482000,482.0,normalDay
2022-01-10,18236.0,581.0,0.0,100,465.51,462.5,0,0.0,0.0,,0.0,1,2.84,0.04,SPY220114C00482000,482.0,normalDay
2022-01-11,18236.0,1002.0,0.0,100,469.75,462.5,0,0.0,0.0,,0.0,1,2.84,0.07,SPY220114C00482000,482.0,normalDay
2022-01-12,18236.0,1131.0,0.0,100,471.02,462.5,0,0.0,0.0,,0.0,1,2.84,0.05,SPY220114C00482000,482.0,normalDay
2022-01-13,18236.0,485.0,0.0,100,464.53,462.5,0,0.0,0.0,,0.0,1,2.84,0.02,SPY220114C00482000,482.0,normalDay
2022-01-14,18520.0,222.0,284.0,100,464.72,462.5,0,0.0,0.0,,0.0,1,2.84,0.0,SPY220114C00482000,482.0,expirationDay
2022-01-18,18520.0,-604.0,0.0,100,456.49,462.5,0,0.0,0.0,,0.0,1,0.07,0.1,SPY220204C00487000,487.0,normalDay
2022-01-19,18520.0,-1073.0,0.0,100,451.75,462.5,0,0.0,0.0,,0.0,1,0.07,0.05,SPY220204C00487000,487.0,normalDay
2022-01-20,18520.0,-1572.0,0.0,100,446.75,462.5,0,0.0,0.0,,0.0,1,0.07,0.04,SPY220204C00487000,487.0,normalDay
2022-01-21,18520.0,-2448.0,0.0,100,437.98,462.5,0,0.0,0.0,,0.0,1,0.07,0.03,SPY220204C00487000,487.0,normalDay
2022-01-24,18520.0,-2263.0,0.0,100,439.84,462.5,0,0.0,0.0,,0.0,1,0.07,0.04,SPY220204C00487000,487.0,normalDay
2022-01-25,18520.0,-2799.0,0.0,100,434.47,462.5,0,0.0,0.0,,0.0,1,0.07,0.03,SPY220204C00487000,487.0,normalDay
2022-01-26,18520.0,-2907.0,0.0,100,433.38,462.5,0,0.0,0.0,,0.0,1,0.07,0.02,SPY220204C00487000,487.0,normalDay
2022-01-27,18520.0,-3121.0,0.0,100,431.24,462.5,0,0.0,0.0,,0.0,1,0.07,0.02,SPY220204C00487000,487.0,normalDay
2022-01-28,18520.0,-2050.0,0.0,100,441.95,462.5,0,0.0,0.0,,0.0,1,0.07,0.02,SPY220204C00487000,487.0,normalDay
2022-01-31,18520.0,-1253.0,0.0,100,449.91,462.5,0,0.0,0.0,,0.0,1,0.07,0.01,SPY220204C00487000,487.0,normalDay
2022-02-01,18520.0,-949.0,0.0,100,452.95,462.5,0,0.0,0.0,,0.0,1,0.07,0.01,SPY220204C00487000,487.0,normalDay
2022-02-02,18520.0,-509.0,0.0,100,457.35,462.5,0,0.0,0.0,,0.0,1,0.07,0.01,SPY220204C00487000,487.0,normalDay
2022-02-03,18520.0,-1584.0,0.0,100,446.6,462.5,0,0.0,0.0,,0.0,1,0.07,0.01,SPY220204C00487000,487.0,normalDay
2022-02-04,18527.0,-1380.0,7.0,100,448.7,462.5,0,0.0,0.0,,0.0,1,0.07,0.0,SPY220204C00487000,487.0,expirationDay
2022-02-07,18527.0,-1527.0,0.0,100,447.26,462.5,0,0.0,0.0,,0.0,1,0.04,0.07,SPY220225C00482000,482.0,normalDay
2022-02-08,18527.0,-1160.0,0.0,100,450.94,462.5,0,0.0,0.0,,0.0,1,0.04,0.08,SPY220225C00482000,482.0,normalDay
2022-02-09,18527.0,-509.0,0.0,100,457.54,462.5,0,0.0,0.0,,0.0,1,0.04,0.17,SPY220225C00482000,482.0,normalDay
2022-02-10,18527.0,-1320.0,0.0,100,449.32,462.5,0,0.0,0.0,,0.0,1,0.04,0.06,SPY220225C00482000,482.0,normalDay
2022-02-11,18527.0,-2203.0,0.0,100,440.46,462.5,0,0.0,0.0,,0.0,1,0.04,0.03,SPY220225C00482000,482.0,normalDay
2022-02-14,18527.0,-2347.0,0.0,100,439.02,462.5,0,0.0,0.0,,0.0,1,0.04,0.03,SPY220225C00482000,482.0,normalDay
2022-02-15,18527.0,-1639.0,0.0,100,446.1,462.5,0,0.0,0.0,,0.0,1,0.04,0.03,SPY220225C00482000,482.0,normalDay
2022-02-16,18527.0,-1588.0,0.0,100,446.6,462.5,0,0.0,0.0,,0.0,1,0.04,0.02,SPY220225C00482000,482.0,normalDay
2022-02-17,18527.0,-2541.0,0.0,100,437.06,462.5,0,0.0,0.0,,0.0,1,0.04,0.01,SPY220225C00482000,482.0,normalDay
2022-02-18,18527.0,-2824.0,0.0,100,434.23,462.5,0,0.0,0.0,,0.0,1,0.04,0.01,SPY220225C00482000,482.0,normalDay
2022-02-22,18527.0,-3290.0,0.0,100,429.57,462.5,0,0.0,0.0,,0.0,1,0.04,0.01,SPY220225C00482000,482.0,normalDay
2022-02-23,18527.0,-4052.0,0.0,100,421.95,462.5,0,0.0,0.0,,0.0,1,0.04,0.01,SPY220225C00482000,482.0,normalDay
2022-02-24,18527.0,-3417.0,0.0,100,428.3,462.5,0,0.0,0.0,,0.0,1,0.04,0.01,SPY220225C00482000,482.0,normalDay
2022-02-25,18531.0,-2475.0,4.0,100,437.75,462.5,0,0.0,0.0,,0.0,1,0.04,0.0,SPY220225C00482000,482.0,expirationDay
2022-02-28,18531.0,-2591.0,0.0,100,436.63,462.5,0,0.0,0.0,,0.0,1,0.32,0.36,SPY220318C00468000,468.0,normalDay
2022-03-01,18531.0,-3242.0,0.0,100,429.98,462.5,0,0.0,0.0,,0.0,1,0.32,0.22,SPY220318C00468000,468.0,normalDay
2022-03-02,18531.0,-2456.0,0.0,100,437.89,462.5,0,0.0,0.0,,0.0,1,0.32,0.27,SPY220318C00468000,468.0,normalDay
2022-03-03,18531.0,-2662.0,0.0,100,435.71,462.5,0,0.0,0.0,,0.0,1,0.32,0.15,SPY220318C00468000,468.0,normalDay
2022-03-04,18531.0,-3008.0,0.0,100,432.17,462.5,0,0.0,0.0,,0.0,1,0.32,0.07,SPY220318C00468000,468.0,normalDay
2022-03-07,18531.0,-4280.0,0.0,100,419.43,462.5,0,0.0,0.0,,0.0,1,0.32,0.05,SPY220318C00468000,468.0,normalDay
2022-03-08,18531.0,-4597.0,0.0,100,416.25,462.5,0,0.0,0.0,,0.0,1,0.32,0.04,SPY220318C00468000,468.0,normalDay
2022-03-09,18531.0,-3482.0,0.0,100,427.41,462.5,0,0.0,0.0,,0.0,1,0.32,0.05,SPY220318C00468000,468.0,normalDay
2022-03-10,18531.0,-3673.0,0.0,100,425.48,462.5,0,0.0,0.0,,0.0,1,0.32,0.03,SPY220318C00468000,468.0,normalDay
2022-03-11,18531.0,-4214.0,0.0,100,420.07,462.5,0,0.0,0.0,,0.0,1,0.32,0.03,SPY220318C00468000,468.0,normalDay
2022-03-14,18531.0,-4520.0,0.0,100,417.0,462.5,0,0.0,0.0,,0.0,1,0.32,0.02,SPY220318C00468000,468.0,normalDay
2022-03-15,18531.0,-3602.0,0.0,100,426.17,462.5,0,0.0,0.0,,0.0,1,0.32,0.01,SPY220318C00468000,468.0,normalDay
2022-03-16,18531.0,-2657.0,0.0,100,435.62,462.5,0,0.0,0.0,,0.0,1,0.32,0.01,SPY220318C00468000,468.0,normalDay
2022-03-17,18531.0,-2112.0,0.0,100,441.07,462.5,0,0.0,0.0,,0.0,1,0.32,0.01,SPY220318C00468000,468.0,normalDay
2022-03-18,18563.0,-1798.0,32.0,100,444.52,462.5,0,0.0,0.0,,0.0,1,0.32,0.0,SPY220318C00468000,468.0,expirationDay
2022-03-21,18563.0,-1816.0,0.0,100,444.39,462.5,0,0.0,0.0,,0.0,1,3.75,3.8,SPY220408C00453000,453.0,normalDay
2022-03-22,18563.0,-1461.0,0.0,100,449.59,462.5,0,0.0,0.0,,0.0,1,3.75,5.45,SPY220408C00453000,453.0,normalDay
2022-03-23,18563.0,-1800.0,0.0,100,443.8,462.5,0,0.0,0.0,,0.0,1,3.75,3.05,SPY220408C00453000,453.0,normalDay
2022-03-24,18563.0,-1337.0,0.0,100,450.49,462.5,0,0.0,0.0,,0.0,1,3.75,5.11,SPY220408C00453000,453.0,normalDay
2022-03-25,18563.0,-1170.0,0.0,100,452.69,462.5,0,0.0,0.0,,0.0,1,3.75,5.64,SPY220408C00453000,453.0,normalDay
2022-03-28,18563.0,-966.0,0.0,100,455.91,462.5,0,0.0,0.0,,0.0,1,3.75,6.82,SPY220408C00453000,453.0,normalDay
2022-03-29,18563.0,-749.0,0.0,100,461.55,462.5,0,0.0,0.0,,0.0,1,3.75,10.29,SPY220408C00453000,453.0,normalDay
2022-03-30,18563.0,-862.0,0.0,100,458.7,462.5,0,0.0,0.0,,0.0,1,3.75,8.57,SPY220408C00453000,453.0,normalDay
2022-03-31,18563.0,-1116.0,0.0,100,451.64,462.5,0,0.0,0.0,,0.0,1,3.75,4.05,SPY220408C00453000,453.0,normalDay
2022-04-01,18563.0,-914.0,0.0,100,452.92,462.5,0,0.0,0.0,,0.0,1,3.75,3.31,SPY220408C00453000,453.0,normalDay
2022-04-04,18563.0,-710.0,0.0,100,456.8,462.5,0,0.0,0.0,,0.0,1,3.75,5.15,SPY220408C00453000,453.0,normalDay
2022-04-05,18563.0,-981.0,0.0,100,451.03,462.5,0,0.0,0.0,,0.0,1,3.75,2.09,SPY220408C00453000,453.0,normalDay
2022-04-06,18563.0,-1268.0,0.0,100,446.52,462.5,0,0.0,0.0,,0.0,1,3.75,0.45,SPY220408C00453000,453.0,normalDay
2022-04-07,18563.0,-1033.0,0.0,100,448.77,462.5,0,0.0,0.0,,0.0,1,3.75,0.35,SPY220408C00453000,453.0,normalDay
2022-04-08,18938.0,-1493.0,375.0,100,447.57,462.5,0,0.0,0.0,,0.0,1,3.75,0.0,SPY220408C00453000,453.0,expirationDay
2022-04-11,18938.0,-2261.0,0.0,100,439.92,462.5,0,0.0,0.0,,0.0,1,0.06,0.09,SPY220429C00470000,470.0,normalDay
2022-04-12,18938.0,-2422.0,0.0,100,438.29,462.5,0,0.0,0.0,,0.0,1,0.06,0.07,SPY220429C00470000,470.0,normalDay
2022-04-13,18938.0,-1920.0,0.0,100,443.31,462.5,0,0.0,0.0,,0.0,1,0.06,0.07,SPY220429C00470000,470.0,normalDay
2022-04-14,18938.0,-2469.0,0.0,100,437.79,462.5,0,0.0,0.0,,0.0,1,0.06,0.04,SPY220429C00470000,470.0,normalDay
2022-04-18,18938.0,-2449.0,0.0,100,437.97,462.5,0,0.0,0.0,,0.0,1,0.06,0.02,SPY220429C00470000,470.0,normalDay
2022-04-19,18938.0,-1743.0,0.0,100,445.04,462.5,0,0.0,0.0,,0.0,1,0.06,0.03,SPY220429C00470000,470.0,normalDay
2022-04-20,18938.0,-1776.0,0.0,100,444.71,462.5,0,0.0,0.0,,0.0,1,0.06,0.03,SPY220429C00470000,470.0,normalDay
2022-04-21,18938.0,-2440.0,0.0,100,438.06,462.5,0,0.0,0.0,,0.0,1,0.06,0.02,SPY220429C00470000,470.0,normalDay
2022-04-22,18938.0,-3642.0,0.0,100,426.04,462.5,0,0.0,0.0,,0.0,1,0.06,0.02,SPY220429C00470000,470.0,normalDay
2022-04-25,18938.0,-3394.0,0.0,100,428.51,462.5,0,0.0,0.0,,0.0,1,0.06,0.01,SPY220429C00470000,470.0,normalDay
2022-04-26,18938.0,-4635.0,0.0,100,416.1,462.5,0,0.0,0.0,,0.0,1,0.06,0.01,SPY220429C00470000,470.0,normalDay
2022-04-27,18938.0,-4518.0,0.0,100,417.27,462.5,0,0.0,0.0,,0.0,1,0.06,0.01,SPY220429C00470000,470.0,normalDay
2022-04-28,18938.0,-3464.0,0.0,100,427.81,462.5,0,0.0,0.0,,0.0,1,0.06,0.01,SPY220429C00470000,470.0,normalDay
2022-04-29,18944.0,-5050.0,6.0,100,412.0,462.5,0,0.0,0.0,,0.0,1,0.06,0.0,SPY220429C00470000,470.0,expirationDay
2022-05-02,18944.0,-4805.0,0.0,100,414.48,462.5,0,0.0,0.0,,0.0,1,0.02,0.05,SPY220520C00470000,470.0,normalDay
2022-05-03,18944.0,-4613.0,0.0,100,416.38,462.5,0,0.0,0.0,,0.0,1,0.02,0.03,SPY220520C00470000,470.0,normalDay
2022-05-04,18944.0,-3347.0,0.0,100,429.06,462.5,0,0.0,0.0,,0.0,1,0.02,0.05,SPY220520C00470000,470.0,normalDay
2022-05-05,18944.0,-4870.0,0.0,100,413.81,462.5,0,0.0,0.0,,0.0,1,0.02,0.03,SPY220520C00470000,470.0,normalDay
2022-05-06,18944.0,-5116.0,0.0,100,411.34,462.5,0,0.0,0.0,,0.0,1,0.02,0.02,SPY220520C00470000,470.0,normalDay
2022-05-09,18944.0,-6433.0,0.0,100,398.17,462.5,0,0.0,0.0,,0.0,1,0.02,0.02,SPY220520C00470000,470.0,normalDay
2022-05-10,18944.0,-6341.0,0.0,100,399.09,462.5,0,0.0,0.0,,0.0,1,0.02,0.02,SPY220520C00470000,470.0,normalDay
2022-05-11,18944.0,-6975.0,0.0,100,392.75,462.5,0,0.0,0.0,,0.0,1,0.02,0.02,SPY220520C00470000,470.0,normalDay
2022-05-12,18944.0,-7015.0,0.0,100,392.34,462.5,0,0.0,0.0,,0.0,1,0.02,0.01,SPY220520C00470000,470.0,normalDay
2022-05-13,18944.0,-6077.0,0.0,100,401.72,462.5,0,0.0,0.0,,0.0,1,0.02,0.01,SPY220520C00470000,470.0,normalDay
2022-05-16,18944.0,-6240.0,0.0,100,400.09,462.5,0,0.0,0.0,,0.0,1,0.02,0.01,SPY220520C00470000,470.0,normalDay
2022-05-17,18944.0,-5417.0,0.0,100,408.32,462.5,0,0.0,0.0,,0.0,1,0.02,0.01,SPY220520C00470000,470.0,normalDay
2022-05-18,18944.0,-7063.0,0.0,100,391.86,462.5,0,0.0,0.0,,0.0,1,0.02,0.01,SPY220520C00470000,470.0,normalDay
2022-05-19,18944.0,-7303.0,0.0,100,389.46,462.5,0,0.0,0.0,,0.0,1,0.02,0.01,SPY220520C00470000,470.0,normalDay
2022-05-20,18946.0,-7287.0,2.0,100,389.63,462.5,0,0.0,0.0,,0.0,1,0.02,0.0,SPY220520C00470000,470.0,expirationDay
2022-05-23,18946.0,-6561.0,0.0,100,396.92,462.5,0,0.0,0.0,,0.0,1,0.13,0.16,SPY220610C00438000,438.0,normalDay
2022-05-24,18946.0,-6861.0,0.0,100,393.89,462.5,0,0.0,0.0,,0.0,1,0.13,0.13,SPY220610C00438000,438.0,normalDay
2022-05-25,18946.0,-6512.0,0.0,100,397.37,462.5,0,0.0,0.0,,0.0,1,0.13,0.12,SPY220610C00438000,438.0,normalDay
2022-05-26,18946.0,-5727.0,0.0,100,405.31,462.5,0,0.0,0.0,,0.0,1,0.13,0.21,SPY220610C00438000,438.0,normalDay
2022-05-27,18946.0,-4770.0,0.0,100,415.26,462.5,0,0.0,0.0,,0.0,1,0.13,0.59,SPY220610C00438000,438.0,normalDay
2022-05-31,18946.0,-4968.0,0.0,100,412.93,462.5,0,0.0,0.0,,0.0,1,0.13,0.24,SPY220610C00438000,438.0,normalDay
2022-06-01,18946.0,-5287.0,0.0,100,409.59,462.5,0,0.0,0.0,,0.0,1,0.13,0.09,SPY220610C00438000,438.0,normalDay
2022-06-02,18946.0,-4518.0,0.0,100,417.39,462.5,0,0.0,0.0,,0.0,1,0.13,0.2,SPY220610C00438000,438.0,normalDay
2022-06-03,18946.0,-5187.0,0.0,100,410.54,462.5,0,0.0,0.0,,0.0,1,0.13,0.04,SPY220610C00438000,438.0,normalDay
2022-06-06,18946.0,-5061.0,0.0,100,411.79,462.5,0,0.0,0.0,,0.0,1,0.13,0.03,SPY220610C00438000,438.0,normalDay
2022-06-07,18946.0,-4665.0,0.0,100,415.74,462.5,0,0.0,0.0,,0.0,1,0.13,0.02,SPY220610C00438000,438.0,normalDay
2022-06-08,18946.0,-5116.0,0.0,100,411.22,462.5,0,0.0,0.0,,0.0,1,0.13,0.01,SPY220610C00438000,438.0,normalDay
2022-06-09,18946.0,-6094.0,0.0,100,401.44,462.5,0,0.0,0.0,,0.0,1,0.13,0.01,SPY220610C00438000,438.0,normalDay
2022-06-10,18959.0,-7270.0,13.0,100,389.8,462.5,0,0.0,0.0,,0.0,1,0.13,0.0,SPY220610C00438000,438.0,expirationDay
2022-06-13,18959.0,-8753.0,0.0,100,375.0,462.5,0,0.0,0.0,,0.0,1,0.07,0.1,SPY220701C00432000,432.0,normalDay
2022-06-14,18959.0,-8865.0,0.0,100,373.87,462.5,0,0.0,0.0,,0.0,1,0.07,0.09,SPY220701C00432000,432.0,normalDay
2022-06-15,18959.0,-8331.0,0.0,100,379.2,462.5,0,0.0,0.0,,0.0,1,0.07,0.08,SPY220701C00432000,432.0,normalDay
2022-06-16,18959.0,-9582.0,0.0,100,366.65,462.5,0,0.0,0.0,,0.0,1,0.07,0.04,SPY220701C00432000,432.0,normalDay
2022-06-17,18959.0,-9661.0,0.0,100,365.86,462.5,0,0.0,0.0,,0.0,1,0.07,0.04,SPY220701C00432000,432.0,normalDay
2022-06-21,18959.0,-8739.0,0.0,100,375.07,462.5,0,0.0,0.0,,0.0,1,0.07,0.03,SPY220701C00432000,432.0,normalDay
2022-06-22,18959.0,-8807.0,0.0,100,374.39,462.5,0,0.0,0.0,,0.0,1,0.07,0.03,SPY220701C00432000,432.0,normalDay
2022-06-23,18959.0,-8439.0,0.0,100,378.06,462.5,0,0.0,0.0,,0.0,1,0.07,0.02,SPY220701C00432000,432.0,normalDay
2022-06-24,18959.0,-7238.0,0.0,100,390.08,462.5,0,0.0,0.0,,0.0,1,0.07,0.03,SPY220701C00432000,432.0,normalDay
2022-06-27,18959.0,-7386.0,0.0,100,388.59,462.5,0,0.0,0.0,,0.0,1,0.07,0.02,SPY220701C00432000,432.0,normalDay
2022-06-28,18959.0,-8179.0,0.0,100,380.65,462.5,0,0.0,0.0,,0.0,1,0.07,0.01,SPY220701C00432000,432.0,normalDay
2022-06-29,18959.0,-8210.0,0.0,100,380.34,462.5,0,0.0,0.0,,0.0,1,0.07,0.01,SPY220701C00432000,432.0,normalDay
2022-06-30,18959.0,-8519.0,0.0,100,377.25,462.5,0,0.0,0.0,,0.0,1,0.07,0.01,SPY220701C00432000,432.0,normalDay
2022-07-01,18966.0,-8126.0,7.0,100,381.24,462.5,0,0.0,0.0,,0.0,1,0.07,0.0,SPY220701C00432000,432.0,expirationDay
2022-07-05,18966.0,-8057.0,0.0,100,381.96,462.5,0,0.0,0.0,,0.0,1,0.06,0.09,SPY220722C00423000,423.0,normalDay
2022-07-06,18966.0,-7927.0,0.0,100,383.25,462.5,0,0.0,0.0,,0.0,1,0.06,0.08,SPY220722C00423000,423.0,normalDay
2022-07-07,18966.0,-7355.0,0.0,100,388.99,462.5,0,0.0,0.0,,0.0,1,0.06,0.1,SPY220722C00423000,423.0,normalDay
2022-07-08,18966.0,-7382.0,0.0,100,388.67,462.5,0,0.0,0.0,,0.0,1,0.06,0.05,SPY220722C00423000,423.0,normalDay
2022-07-11,18966.0,-7824.0,0.0,100,384.23,462.5,0,0.0,0.0,,0.0,1,0.06,0.03,SPY220722C00423000,423.0,normalDay
2022-07-12,18966.0,-8163.0,0.0,100,380.83,462.5,0,0.0,0.0,,0.0,1,0.06,0.02,SPY220722C00423000,423.0,normalDay
2022-07-13,18966.0,-8363.0,0.0,100,378.83,462.5,0,0.0,0.0,,0.0,1,0.06,0.02,SPY220722C00423000,423.0,normalDay
2022-07-14,18966.0,-8454.0,0.0,100,377.91,462.5,0,0.0,0.0,,0.0,1,0.06,0.01,SPY220722C00423000,423.0,normalDay
2022-07-15,18966.0,-7732.0,0.0,100,385.13,462.5,0,0.0,0.0,,0.0,1,0.06,0.01,SPY220722C00423000,423.0,normalDay
2022-07-18,18966.0,-8050.0,0.0,100,381.95,462.5,0,0.0,0.0,,0.0,1,0.06,0.01,SPY220722C00423000,423.0,normalDay
2022-07-19,18966.0,-7018.0,0.0,100,392.27,462.5,0,0.0,0.0,,0.0,1,0.06,0.01,SPY220722C00423000,423.0,normalDay
2022-07-20,18966.0,-6768.0,0.0,100,394.77,462.5,0,0.0,0.0,,0.0,1,0.06,0.01,SPY220722C00423000,423.0,normalDay
2022-07-21,18966.0,-6366.0,0.0,100,398.79,462.5,0,0.0,0.0,,0.0,1,0.06,0.01,SPY220722C00423000,423.0,normalDay
2022-07-22,18972.0,-6741.0,6.0,100,395.09,462.5,0,0.0,0.0,,0.0,1,0.06,0.0,SPY220722C00423000,423.0,expirationDay
2022-07-25,18972.0,-6697.0,0.0,100,395.57,462.5,0,0.0,0.0,,0.0,1,4.18,4.22,SPY220812C00403000,403.0,normalDay
2022-07-26,18972.0,-7035.0,0.0,100,390.89,462.5,0,0.0,0.0,,0.0,1,4.18,2.92,SPY220812C00403000,403.0,normalDay
2022-07-27,18972.0,-6295.0,0.0,100,401.04,462.5,0,0.0,0.0,,0.0,1,4.18,5.67,SPY220812C00403000,403.0,normalDay
2022-07-28,18972.0,-6135.0,0.0,100,406.07,462.5,0,0.0,0.0,,0.0,1,4.18,9.1,SPY220812C00403000,403.0,normalDay
2022-07-29,18972.0,-5836.0,0.0,100,411.99,462.5,0,0.0,0.0,,0.0,1,4.18,12.03,SPY220812C00403000,403.0,normalDay
2022-08-01,18972.0,-5873.0,0.0,100,410.77,462.5,0,0.0,0.0,,0.0,1,4.18,11.18,SPY220812C00403000,403.0,normalDay
2022-08-02,18972.0,-5937.0,0.0,100,408.06,462.5,0,0.0,0.0,,0.0,1,4.18,9.11,SPY220812C00403000,403.0,normalDay
2022-08-03,18972.0,-5696.0,0.0,100,414.45,462.5,0,0.0,0.0,,0.0,1,4.18,13.09,SPY220812C00403000,403.0,normalDay
2022-08-04,18972.0,-5704.0,0.0,100,414.17,462.5,0,0.0,0.0,,0.0,1,4.18,12.89,SPY220812C00403000,403.0,normalDay
2022-08-05,18972.0,-5632.0,0.0,100,413.47,462.5,0,0.0,0.0,,0.0,1,4.18,11.47,SPY220812C00403000,403.0,normalDay
2022-08-08,18972.0,-5649.0,0.0,100,412.99,462.5,0,0.0,0.0,,0.0,1,4.18,11.16,SPY220812C00403000,403.0,normalDay
2022-08-09,18972.0,-5671.0,0.0,100,411.35,462.5,0,0.0,0.0,,0.0,1,4.18,9.74,SPY220812C00403000,403.0,normalDay
2022-08-10,18972.0,-5529.0,0.0,100,419.99,462.5,0,0.0,0.0,,0.0,1,4.18,16.96,SPY220812C00403000,403.0,normalDay
2022-08-11,18972.0,-5600.0,0.0,100,419.99,462.5,0,0.0,0.0,,0.0,1,4.18,17.67,SPY220812C00403000,403.0,normalDay
2022-08-12,13440.0,-5600.0,-5532.0,0,427.1,0.0,0,0.0,0.0,,0.0,1,4.18,0.0,SPY220812C00403000,403.0,expirationDay
2022-08-15,13440.0,0.0,0.0,0,428.86,0.0,0,0.0,0.0,,0.0,0,0.0,0.0,,0.0,bidTooLow
2022-08-16,13440.0,-3.0,0.0,0,429.7,0.0,1,0.01,0.04,SPY220819P00399000,399.0,0,0.0,0.0,,0.0,normalDay
2022-08-17,13440.0,-2.0,0.0,0,426.65,0.0,1,0.01,0.03,SPY220819P00399000,399.0,0,0.0,0.0,,0.0,normalDay
2022-08-18,13440.0,-1.0,0.0,0,427.89,0.0,1,0.01,0.02,SPY220819P00399000,399.0,0,0.0,0.0,,0.0,normalDay
2022-08-19,13441.0,0.0,1.0,0,422.14,0.0,1,0.01,0.0,SPY220819P00399000,399.0,0,0.0,0.0,,0.0,expirationDay
2022-08-22,13441.0,-3.0,0.0,0,413.35,0.0,1,0.5,0.53,SPY220824P00406000,406.0,0,0.0,0.0,,0.0,normalDay
2022-08-23,13441.0,23.0,0.0,0,412.35,0.0,1,0.5,0.27,SPY220824P00406000,406.0,0,0.0,0.0,,0.0,normalDay
2022-08-24,13491.0,0.0,50.0,0,413.67,0.0,1,0.5,0.0,SPY220824P00406000,406.0,0,0.0,0.0,,0.0,expirationDay
2022-08-25,13491.0,-3.0,0.0,0,419.51,0.0,1,0.39,0.42,SPY220826P00411000,411.0,0,0.0,0.0,,0.0,normalDay
2022-08-26,13530.0,-569.0,39.0,100,405.31,411.0,1,0.39,0.0,SPY220826P00411000,411.0,0,0.0,0.0,,0.0,expirationDay
2022-08-29,13530.0,-840.0,0.0,100,402.63,411.0,0,0.0,0.0,,0.0,1,0.11,0.14,SPY220916C00438000,438.0,normalDay
2022-08-30,13530.0,-1275.0,0.0,100,398.21,411.0,0,0.0,0.0,,0.0,1,0.11,0.07,SPY220916C00438000,438.0,normalDay
2022-08-31,13530.0,-1576.0,0.0,100,395.18,411.0,0,0.0,0.0,,0.0,1,0.11,0.05,SPY220916C00438000,438.0,normalDay
2022-09-01,13530.0,-1451.0,0.0,100,396.42,411.0,0,0.0,0.0,,0.0,1,0.11,0.04,SPY220916C00438000,438.0,normalDay
2022-09-02,13530.0,-1868.0,0.0,100,392.24,411.0,0,0.0,0.0,,0.0,1,0.11,0.03,SPY220916C00438000,438.0,normalDay
2022-09-06,13530.0,-2015.0,0.0,100,390.76,411.0,0,0.0,0.0,,0.0,1,0.11,0.02,SPY220916C00438000,438.0,normalDay
2022-09-07,13530.0,-1314.0,0.0,100,397.78,411.0,0,0.0,0.0,,0.0,1,0.11,0.03,SPY220916C00438000,438.0,normalDay
2022-09-08,13530.0,-1053.0,0.0,100,400.38,411.0,0,0.0,0.0,,0.0,1,0.11,0.02,SPY220916C00438000,438.0,normalDay
2022-09-09,13530.0,-431.0,0.0,100,406.6,411.0,0,0.0,0.0,,0.0,1,0.11,0.02,SPY220916C00438000,438.0,normalDay
2022-09-12,13530.0,4.0,0.0,100,410.97,411.0,0,0.0,0.0,,0.0,1,0.11,0.04,SPY220916C00438000,438.0,normalDay
2022-09-13,13530.0,-1780.0,0.0,100,393.1,411.0,0,0.0,0.0,,0.0,1,0.11,0.01,SPY220916C00438000,438.0,normalDay
2022-09-14,13530.0,-1630.0,0.0,100,394.6,411.0,0,0.0,0.0,,0.0,1,0.11,0.01,SPY220916C00438000,438.0,normalDay
2022-09-15,13530.0,-2078.0,0.0,100,390.12,411.0,0,0.0,0.0,,0.0,1,0.11,0.01,SPY220916C00438000,438.0,normalDay
2022-09-16,13541.0,-2544.0,11.0,100,385.56,411.0,0,0.0,0.0,,0.0,1,0.11,0.0,SPY220916C00438000,438.0,expirationDay
2022-09-19,13541.0,-2248.0,0.0,100,388.55,411.0,0,0.0,0.0,,0.0,1,0.18,0.21,SPY221007C00426000,426.0,normalDay
2022-09-20,13541.0,-2687.0,0.0,100,384.09,411.0,0,0.0,0.0,,0.0,1,0.18,0.14,SPY221007C00426000,426.0,normalDay
2022-09-21,13541.0,-3350.0,0.0,100,377.39,411.0,0,0.0,0.0,,0.0,1,0.18,0.07,SPY221007C00426000,426.0,normalDay
2022-09-22,13541.0,-3663.0,0.0,100,374.22,411.0,0,0.0,0.0,,0.0,1,0.18,0.03,SPY221007C00426000,426.0,normalDay
2022-09-23,13541.0,-4289.0,0.0,100,367.95,411.0,0,0.0,0.0,,0.0,1,0.18,0.02,SPY221007C00426000,426.0,normalDay
2022-09-26,13541.0,-4653.0,0.0,100,364.31,411.0,0,0.0,0.0,,0.0,1,0.18,0.02,SPY221007C00426000,426.0,normalDay
2022-09-27,13541.0,-4746.0,0.0,100,363.38,411.0,0,0.0,0.0,,0.0,1,0.18,0.02,SPY221007C00426000,426.0,normalDay
2022-09-28,13541.0,-4031.0,0.0,100,370.53,411.0,0,0.0,0.0,,0.0,1,0.18,0.02,SPY221007C00426000,426.0,normalDay
2022-09-29,13541.0,-4804.0,0.0,100,362.79,411.0,0,0.0,0.0,,0.0,1,0.18,0.01,SPY221007C00426000,426.0,normalDay
2022-09-30,13541.0,-5365.0,0.0,100,357.18,411.0,0,0.0,0.0,,0.0,1,0.18,0.01,SPY221007C00426000,426.0,normalDay
2022-10-03,13541.0,-4422.0,0.0,100,366.61,411.0,0,0.0,0.0,,0.0,1,0.18,0.01,SPY221007C00426000,426.0,normalDay
2022-10-04,13541.0,-3286.0,0.0,100,377.97,411.0,0,0.0,0.0,,0.0,1,0.18,0.01,SPY221007C00426000,426.0,normalDay
2022-10-05,13541.0,-3374.0,0.0,100,377.09,411.0,0,0.0,0.0,,0.0,1,0.18,0.01,SPY221007C00426000,426.0,normalDay
2022-10-06,13541.0,-3763.0,0.0,100,373.2,411.0,0,0.0,0.0,,0.0,1,0.18,0.01,SPY221007C00426000,426.0,normalDay
2022-10-07,13559.0,-4821.0,18.0,100,362.79,411.0,0,0.0,0.0,,0.0,1,0.18,0.0,SPY221007C00426000,426.0,expirationDay
2022-10-10,13559.0,-5101.0,0.0,100,360.02,411.0,0,0.0,0.0,,0.0,1,0.15,0.18,SPY221028C00405000,405.0,normalDay
2022-10-11,13559.0,-5327.0,0.0,100,357.74,411.0,0,0.0,0.0,,0.0,1,0.15,0.16,SPY221028C00405000,405.0,normalDay
2022-10-12,13559.0,-5442.0,0.0,100,356.56,411.0,0,0.0,0.0,,0.0,1,0.15,0.13,SPY221028C00405000,405.0,normalDay
2022-10-13,13559.0,-4518.0,0.0,100,365.97,411.0,0,0.0,0.0,,0.0,1,0.15,0.3,SPY221028C00405000,405.0,normalDay
2022-10-14,13559.0,-5330.0,0.0,100,357.63,411.0,0,0.0,0.0,,0.0,1,0.15,0.08,SPY221028C00405000,405.0,normalDay
2022-10-17,13559.0,-4416.0,0.0,100,366.82,411.0,0,0.0,0.0,,0.0,1,0.15,0.13,SPY221028C00405000,405.0,normalDay
2022-10-18,13559.0,-3991.0,0.0,100,371.13,411.0,0,0.0,0.0,,0.0,1,0.15,0.19,SPY221028C00405000,405.0,normalDay
2022-10-19,13559.0,-4244.0,0.0,100,368.5,411.0,0,0.0,0.0,,0.0,1,0.15,0.09,SPY221028C00405000,405.0,normalDay
2022-10-20,13559.0,-4547.0,0.0,100,365.41,411.0,0,0.0,0.0,,0.0,1,0.15,0.03,SPY221028C00405000,405.0,normalDay
2022-10-21,13559.0,-3667.0,0.0,100,374.29,411.0,0,0.0,0.0,,0.0,1,0.15,0.11,SPY221028C00405000,405.0,normalDay
2022-10-24,13559.0,-3208.0,0.0,100,378.87,411.0,0,0.0,0.0,,0.0,1,0.15,0.1,SPY221028C00405000,405.0,normalDay
2022-10-25,13559.0,-2600.0,0.0,100,384.92,411.0,0,0.0,0.0,,0.0,1,0.15,0.07,SPY221028C00405000,405.0,normalDay
2022-10-26,13559.0,-2885.0,0.0,100,382.02,411.0,0,0.0,0.0,,0.0,1,0.15,0.02,SPY221028C00405000,405.0,normalDay
2022-10-27,13559.0,-3088.0,0.0,100,379.98,411.0,0,0.0,0.0,,0.0,1,0.15,0.01,SPY221028C00405000,405.0,normalDay
2022-10-28,13574.0,-2198.0,15.0,100,389.02,411.0,0,0.0,0.0,,0.0,1,0.15,0.0,SPY221028C00405000,405.0,expirationDay
2022-10-31,13574.0,-2482.0,0.0,100,386.21,411.0,0,0.0,0.0,,0.0,1,4.46,4.49,SPY221118C00398000,398.0,normalDay
2022-11-01,13574.0,-2569.0,0.0,100,384.52,411.0,0,0.0,0.0,,0.0,1,4.46,3.67,SPY221118C00398000,398.0,normalDay
2022-11-02,13574.0,-3298.0,0.0,100,374.87,411.0,0,0.0,0.0,,0.0,1,4.46,1.31,SPY221118C00398000,398.0,normalDay
2022-11-03,13574.0,-3627.0,0.0,100,371.01,411.0,0,0.0,0.0,,0.0,1,4.46,0.74,SPY221118C00398000,398.0,normalDay
2022-11-04,13574.0,-3125.0,0.0,100,376.35,411.0,0,0.0,0.0,,0.0,1,4.46,1.06,SPY221118C00398000,398.0,normalDay
2022-11-07,13574.0,-2779.0,0.0,100,379.95,411.0,0,0.0,0.0,,0.0,1,4.46,1.2,SPY221118C00398000,398.0,normalDay
2022-11-08,13574.0,-2601.0,0.0,100,382.0,411.0,0,0.0,0.0,,0.0,1,4.46,1.47,SPY221118C00398000,398.0,normalDay
2022-11-09,13574.0,-3290.0,0.0,100,374.13,411.0,0,0.0,0.0,,0.0,1,4.46,0.49,SPY221118C00398000,398.0,normalDay
2022-11-10,13574.0,-1633.0,0.0,100,394.69,411.0,0,0.0,0.0,,0.0,1,4.46,4.48,SPY221118C00398000,398.0,normalDay
2022-11-11,13574.0,-1297.0,0.0,100,398.51,411.0,0,0.0,0.0,,0.0,1,4.46,4.94,SPY221118C00398000,398.0,normalDay
2022-11-14,13574.0,-1438.0,0.0,100,395.12,411.0,0,0.0,0.0,,0.0,1,4.46,2.96,SPY221118C00398000,398.0,normalDay
2022-11-15,13574.0,-1222.0,0.0,100,398.49,411.0,0,0.0,0.0,,0.0,1,4.46,4.17,SPY221118C00398000,398.0,normalDay
2022-11-16,13574.0,-1292.0,0.0,100,395.45,411.0,0,0.0,0.0,,0.0,1,4.46,1.83,SPY221118C00398000,398.0,normalDay
2022-11-17,13574.0,-1300.0,0.0,100,394.24,411.0,0,0.0,0.0,,0.0,1,4.46,0.7,SPY221118C00398000,398.0,normalDay
2022-11-18,14020.0,-1497.0,446.0,100,396.03,411.0,0,0.0,0.0,,0.0,1,4.46,0.0,SPY221118C00398000,398.0,expirationDay
2022-11-21,14020.0,-1644.0,0.0,100,394.59,411.0,0,0.0,0.0,,0.0,1,1.37,1.4,SPY221209C00410000,410.0,normalDay
2022-11-22,14020.0,-1188.0,0.0,100,399.9,411.0,0,0.0,0.0,,0.0,1,1.37,2.15,SPY221209C00410000,410.0,normalDay
2022-11-23,14020.0,-957.0,0.0,100,402.42,411.0,0,0.0,0.0,,0.0,1,1.37,2.36,SPY221209C00410000,410.0,normalDay
2022-11-25,14020.0,-929.0,0.0,100,402.33,411.0,0,0.0,0.0,,0.0,1,1.37,1.99,SPY221209C00410000,410.0,normalDay
2022-11-28,14020.0,-1443.0,0.0,100,395.91,411.0,0,0.0,0.0,,0.0,1,1.37,0.71,SPY221209C00410000,410.0,normalDay
2022-11-29,14020.0,-1496.0,0.0,100,395.23,411.0,0,0.0,0.0,,0.0,1,1.37,0.56,SPY221209C00410000,410.0,normalDay
2022-11-30,14020.0,-556.0,0.0,100,407.68,411.0,0,0.0,0.0,,0.0,1,1.37,3.61,SPY221209C00410000,410.0,normalDay
2022-12-01,14020.0,-500.0,0.0,100,407.38,411.0,0,0.0,0.0,,0.0,1,1.37,2.75,SPY221209C00410000,410.0,normalDay
2022-12-02,14020.0,-444.0,0.0,100,406.91,411.0,0,0.0,0.0,,0.0,1,1.37,1.72,SPY221209C00410000,410.0,normalDay
2022-12-05,14020.0,-1033.0,0.0,100,399.59,411.0,0,0.0,0.0,,0.0,1,1.37,0.29,SPY221209C00410000,410.0,normalDay
2022-12-06,14020.0,-1586.0,0.0,100,393.83,411.0,0,0.0,0.0,,0.0,1,1.37,0.06,SPY221209C00410000,410.0,normalDay
2022-12-07,14020.0,-1650.0,0.0,100,393.16,411.0,0,0.0,0.0,,0.0,1,1.37,0.03,SPY221209C00410000,410.0,normalDay
2022-12-08,14020.0,-1341.0,0.0,100,396.24,411.0,0,0.0,0.0,,0.0,1,1.37,0.02,SPY221209C00410000,410.0,normalDay
2022-12-09,14157.0,-1772.0,137.0,100,393.28,411.0,0,0.0,0.0,,0.0,1,1.37,0.0,SPY221209C00410000,410.0,expirationDay
2022-12-12,14157.0,-1211.0,0.0,100,398.95,411.0,0,0.0,0.0,,0.0,1,2.88,2.94,SPY221230C00411000,411.0,normalDay
2022-12-13,14157.0,-906.0,0.0,100,401.97,411.0,0,0.0,0.0,,0.0,1,2.88,2.91,SPY221230C00411000,411.0,normalDay
2022-12-14,14157.0,-1034.0,0.0,100,399.4,411.0,0,0.0,0.0,,0.0,1,2.88,1.62,SPY221230C00411000,411.0,normalDay
2022-12-15,14157.0,-1886.0,0.0,100,389.63,411.0,0,0.0,0.0,,0.0,1,2.88,0.37,SPY221230C00411000,411.0,normalDay
2022-12-16,14157.0,-2499.0,0.0,100,383.27,411.0,0,0.0,0.0,,0.0,1,2.88,0.14,SPY221230C00411000,411.0,normalDay
2022-12-19,14157.0,-2817.0,0.0,100,380.02,411.0,0,0.0,0.0,,0.0,1,2.88,0.07,SPY221230C00411000,411.0,normalDay
2022-12-20,14157.0,-2764.0,0.0,100,380.54,411.0,0,0.0,0.0,,0.0,1,2.88,0.06,SPY221230C00411000,411.0,normalDay
2022-12-21,14157.0,-2196.0,0.0,100,386.23,411.0,0,0.0,0.0,,0.0,1,2.88,0.07,SPY221230C00411000,411.0,normalDay
2022-12-22,14157.0,-2744.0,0.0,100,380.72,411.0,0,0.0,0.0,,0.0,1,2.88,0.04,SPY221230C00411000,411.0,normalDay
2022-12-23,14157.0,-2523.0,0.0,100,382.91,411.0,0,0.0,0.0,,0.0,1,2.88,0.02,SPY221230C00411000,411.0,normalDay
2022-12-27,14157.0,-2674.0,0.0,100,381.4,411.0,0,0.0,0.0,,0.0,1,2.88,0.02,SPY221230C00411000,411.0,normalDay
2022-12-28,14157.0,-3147.0,0.0,100,376.66,411.0,0,0.0,0.0,,0.0,1,2.88,0.01,SPY221230C00411000,411.0,normalDay
2022-12-29,14157.0,-2469.0,0.0,100,383.44,411.0,0,0.0,0.0,,0.0,1,2.88,0.01,SPY221230C00411000,411.0,normalDay
2022-12-30,14445.0,-2857.0,288.0,100,382.43,411.0,0,0.0,0.0,,0.0,1,2.88,0.0,SPY221230C00411000,411.0,expirationDay
2023-01-03,14445.0,-3021.0,0.0,100,380.82,411.0,0,0.0,0.0,,0.0,1,0.26,0.29,SPY230120C00409000,409.0,normalDay
2023-01-04,14445.0,-2734.0,0.0,100,383.76,411.0,0,0.0,0.0,,0.0,1,0.26,0.36,SPY230120C00409000,409.0,normalDay
2023-01-05,14445.0,-3155.0,0.0,100,379.38,411.0,0,0.0,0.0,,0.0,1,0.26,0.19,SPY230120C00409000,409.0,normalDay
2023-01-06,14445.0,-2307.0,0.0,100,388.08,411.0,0,0.0,0.0,,0.0,1,0.26,0.41,SPY230120C00409000,409.0,normalDay
2023-01-09,14445.0,-2326.0,0.0,100,387.86,411.0,0,0.0,0.0,,0.0,1,0.26,0.38,SPY230120C00409000,409.0,normalDay
2023-01-10,14445.0,-2059.0,0.0,100,390.58,411.0,0,0.0,0.0,,0.0,1,0.26,0.43,SPY230120C00409000,409.0,normalDay
2023-01-11,14445.0,-1626.0,0.0,100,395.52,411.0,0,0.0,0.0,,0.0,1,0.26,1.04,SPY230120C00409000,409.0,normalDay
2023-01-12,14445.0,-1415.0,0.0,100,396.96,411.0,0,0.0,0.0,,0.0,1,0.26,0.37,SPY230120C00409000,409.0,normalDay
2023-01-13,14445.0,-1243.0,0.0,100,398.5,411.0,0,0.0,0.0,,0.0,1,0.26,0.19,SPY230120C00409000,409.0,normalDay
2023-01-17,14445.0,-1305.0,0.0,100,397.77,411.0,0,0.0,0.0,,0.0,1,0.26,0.08,SPY230120C00409000,409.0,normalDay
2023-01-18,14445.0,-1927.0,0.0,100,391.49,411.0,0,0.0,0.0,,0.0,1,0.26,0.02,SPY230120C00409000,409.0,normalDay
2023-01-19,14445.0,-2211.0,0.0,100,388.64,411.0,0,0.0,0.0,,0.0,1,0.26,0.01,SPY230120C00409000,409.0,normalDay
2023-01-20,14471.0,-1512.0,26.0,100,395.88,411.0,0,0.0,0.0,,0.0,1,0.26,0.0,SPY230120C00409000,409.0,expirationDay
2023-01-23,14471.0,-1041.0,0.0,100,400.63,411.0,0,0.0,0.0,,0.0,1,3.84,3.88,SPY230210C00407000,407.0,normalDay
2023-01-24,14471.0,-1096.0,0.0,100,400.2,411.0,0,0.0,0.0,,0.0,1,3.84,4.0,SPY230210C00407000,407.0,normalDay
2023-01-25,14471.0,-1026.0,0.0,100,400.35,411.0,0,0.0,0.0,,0.0,1,3.84,3.45,SPY230210C00407000,407.0,normalDay
2023-01-26,14471.0,-742.0,0.0,100,404.75,411.0,0,0.0,0.0,,0.0,1,3.84,5.01,SPY230210C00407000,407.0,normalDay
2023-01-27,14471.0,-673.0,0.0,100,405.68,411.0,0,0.0,0.0,,0.0,1,3.84,5.25,SPY230210C00407000,407.0,normalDay
2023-01-30,14471.0,-1000.0,0.0,100,400.59,411.0,0,0.0,0.0,,0.0,1,3.84,3.43,SPY230210C00407000,407.0,normalDay
2023-01-31,14471.0,-604.0,0.0,100,406.48,411.0,0,0.0,0.0,,0.0,1,3.84,5.36,SPY230210C00407000,407.0,normalDay
2023-02-01,14471.0,-416.0,0.0,100,410.8,411.0,0,0.0,0.0,,0.0,1,3.84,7.8,SPY230210C00407000,407.0,normalDay
2023-02-02,14471.0,-77.0,0.0,100,416.78,411.0,0,0.0,0.0,,0.0,1,3.84,10.39,SPY230210C00407000,407.0,normalDay
2023-02-03,14471.0,-212.0,0.0,100,412.35,411.0,0,0.0,0.0,,0.0,1,3.84,7.31,SPY230210C00407000,407.0,normalDay
2023-02-06,14471.0,-261.0,0.0,100,409.83,411.0,0,0.0,0.0,,0.0,1,3.84,5.28,SPY230210C00407000,407.0,normalDay
2023-02-07,14471.0,-30.0,0.0,100,415.19,411.0,0,0.0,0.0,,0.0,1,3.84,8.33,SPY230210C00407000,407.0,normalDay
2023-02-08,14471.0,-148.0,0.0,100,410.65,411.0,0,0.0,0.0,,0.0,1,3.84,4.97,SPY230210C00407000,407.0,normalDay
2023-02-09,14471.0,-210.0,0.0,100,407.09,411.0,0,0.0,0.0,,0.0,1,3.84,2.03,SPY230210C00407000,407.0,normalDay
2023-02-10,14455.0,-210.0,-16.0,0,408.04,0.0,0,0.0,0.0,,0.0,1,3.84,0.0,SPY230210C00407000,407.0,expirationDay
2023-02-13,14455.0,-3.0,0.0,0,412.83,0.0,1,0.4,0.43,SPY230216P00397000,397.0,0,0.0,0.0,,0.0,normalDay
2023-02-14,14455.0,30.0,0.0,0,412.64,0.0,1,0.4,0.1,SPY230216P00397000,397.0,0,0.0,0.0,,0.0,normalDay
2023-02-15,14455.0,37.0,0.0,0,413.98,0.0,1,0.4,0.03,SPY230216P00397000,397.0,0,0.0,0.0,,0.0,normalDay
2023-02-16,14495.0,0.0,40.0,0,408.28,0.0,1,0.4,0.0,SPY230216P00397000,397.0,0,0.0,0.0,,0.0,expirationDay
2023-02-17,14495.0,0.0,0.0,0,407.26,0.0,0,0.0,0.0,,0.0,0,0.0,0.0,,0.0,bidTooLow
2023-02-21,14495.0,-4.0,0.0,0,399.09,0.0,1,5.08,5.12,SPY230224P00403000,403.0,0,0.0,0.0,,0.0,normalDay
2023-02-22,14495.0,8.0,0.0,0,398.54,0.0,1,5.08,5.0,SPY230224P00403000,403.0,0,0.0,0.0,,0.0,normalDay
2023-02-23,14495.0,180.0,0.0,0,400.66,0.0,1,5.08,3.28,SPY230224P00403000,403.0,0,0.0,0.0,,0.0,normalDay
2023-02-24,15003.0,-662.0,508.0,100,396.38,403.0,1,5.08,0.0,SPY230224P00403000,403.0,0,0.0,0.0,,0.0,expirationDay
2023-02-27,15003.0,-530.0,0.0,100,397.73,403.0,0,0.0,0.0,,0.0,1,0.19,0.22,SPY230317C00424000,424.0,normalDay
2023-02-28,15003.0,-669.0,0.0,100,396.26,403.0,0,0.0,0.0,,0.0,1,0.19,0.14,SPY230317C00424000,424.0,normalDay
2023-03-01,15003.0,-816.0,0.0,100,394.74,403.0,0,0.0,0.0,,0.0,1,0.19,0.09,SPY230317C00424000,424.0,normalDay
2023-03-02,15003.0,-511.0,0.0,100,397.81,403.0,0,0.0,0.0,,0.0,1,0.19,0.11,SPY230317C00424000,424.0,normalDay
2023-03-03,15003.0,109.0,0.0,100,404.19,403.0,0,0.0,0.0,,0.0,1,0.19,0.29,SPY230317C00424000,424.0,normalDay
2023-03-06,15003.0,142.0,0.0,100,404.47,403.0,0,0.0,0.0,,0.0,1,0.19,0.24,SPY230317C00424000,424.0,normalDay
2023-03-07,15003.0,-462.0,0.0,100,398.27,403.0,0,0.0,0.0,,0.0,1,0.19,0.08,SPY230317C00424000,424.0,normalDay
2023-03-08,15003.0,-395.0,0.0,100,398.92,403.0,0,0.0,0.0,,0.0,1,0.19,0.06,SPY230317C00424000,424.0,normalDay
2023-03-09,15003.0,-1129.0,0.0,100,391.56,403.0,0,0.0,0.0,,0.0,1,0.19,0.04,SPY230317C00424000,424.0,normalDay
2023-03-10,15003.0,-1692.0,0.0,100,385.91,403.0,0,0.0,0.0,,0.0,1,0.19,0.02,SPY230317C00424000,424.0,normalDay
2023-03-13,15003.0,-1747.0,0.0,100,385.36,403.0,0,0.0,0.0,,0.0,1,0.19,0.02,SPY230317C00424000,424.0,normalDay
2023-03-14,15003.0,-1109.0,0.0,100,391.73,403.0,0,0.0,0.0,,0.0,1,0.19,0.01,SPY230317C00424000,424.0,normalDay
2023-03-15,15003.0,-1354.0,0.0,100,389.28,403.0,0,0.0,0.0,,0.0,1,0.19,0.01,SPY230317C00424000,424.0,normalDay
2023-03-16,15003.0,-671.0,0.0,100,396.11,403.0,0,0.0,0.0,,0.0,1,0.19,0.01,SPY230317C00424000,424.0,normalDay
2023-03-17,15022.0,-1301.0,19.0,100,389.99,403.0,0,0.0,0.0,,0.0,1,0.19,0.0,SPY230317C00424000,424.0,expirationDay
2023-03-20,15022.0,-930.0,0.0,100,393.74,403.0,0,0.0,0.0,,0.0,1,1.4,1.44,SPY230406C00409000,409.0,normalDay
2023-03-21,15022.0,-506.0,0.0,100,398.91,403.0,0,0.0,0.0,,0.0,1,1.4,2.37,SPY230406C00409000,409.0,normalDay
2023-03-22,15022.0,-1030.0,0.0,100,392.11,403.0,0,0.0,0.0,,0.0,1,1.4,0.81,SPY230406C00409000,409.0,normalDay
2023-03-23,15022.0,-913.0,0.0,100,393.17,403.0,0,0.0,0.0,,0.0,1,1.4,0.7,SPY230406C00409000,409.0,normalDay
2023-03-24,15022.0,-668.0,0.0,100,395.75,403.0,0,0.0,0.0,,0.0,1,1.4,0.83,SPY230406C00409000,409.0,normalDay
2023-03-27,15022.0,-575.0,0.0,100,396.49,403.0,0,0.0,0.0,,0.0,1,1.4,0.64,SPY230406C00409000,409.0,normalDay
2023-03-28,15022.0,-641.0,0.0,100,395.6,403.0,0,0.0,0.0,,0.0,1,1.4,0.41,SPY230406C00409000,409.0,normalDay
2023-03-29,15022.0,-122.0,0.0,100,401.35,403.0,0,0.0,0.0,,0.0,1,1.4,0.97,SPY230406C00409000,409.0,normalDay
2023-03-30,15022.0,86.0,0.0,100,403.7,403.0,0,0.0,0.0,,0.0,1,1.4,1.24,SPY230406C00409000,409.0,normalDay
2023-03-31,15022.0,440.0,0.0,100,409.39,403.0,0,0.0,0.0,,0.0,1,1.4,3.39,SPY230406C00409000,409.0,normalDay
2023-04-03,15022.0,576.0,0.0,100,410.95,403.0,0,0.0,0.0,,0.0,1,1.4,3.59,SPY230406C00409000,409.0,normalDay
2023-04-04,15022.0,523.0,0.0,100,408.67,403.0,0,0.0,0.0,,0.0,1,1.4,1.84,SPY230406C00409000,409.0,normalDay
2023-04-05,15022.0,532.0,0.0,100,407.6,403.0,0,0.0,0.0,,0.0,1,1.4,0.68,SPY230406C00409000,409.0,normalDay
2023-04-06,15762.0,532.0,740.0,0,409.19,0.0,0,0.0,0.0,,0.0,1,1.4,0.0,SPY230406C00409000,409.0,expirationDay
2023-04-10,15762.0,-3.0,0.0,0,409.61,0.0,1,0.03,0.06,SPY230413P00391000,391.0,0,0.0,0.0,,0.0,normalDay
2023-04-11,15762.0,-2.0,0.0,0,409.72,0.0,1,0.03,0.05,SPY230413P00391000,391.0,0,0.0,0.0,,0.0,normalDay
2023-04-12,15762.0,1.0,0.0,0,408.05,0.0,1,0.03,0.02,SPY230413P00391000,391.0,0,0.0,0.0,,0.0,normalDay
2023-04-13,15765.0,0.0,3.0,0,413.47,0.0,1,0.03,0.0,SPY230413P00391000,391.0,0,0.0,0.0,,0.0,expirationDay
2023-04-14,15765.0,0.0,0.0,0,412.46,0.0,0,0.0,0.0,,0.0,0,0.0,0.0,,0.0,bidTooLow
2023-04-17,15765.0,-3.0,0.0,0,413.94,0.0,1,0.04,0.07,SPY230420P00397000,397.0,0,0.0,0.0,,0.0,normalDay
2023-04-18,15765.0,-1.0,0.0,0,414.21,0.0,1,0.04,0.05,SPY230420P00397000,397.0,0,0.0,0.0,,0.0,normalDay
2023-04-19,15765.0,1.0,0.0,0,414.14,0.0,1,0.04,0.03,SPY230420P00397000,397.0,0,0.0,0.0,,0.0,normalDay
2023-04-20,15769.0,0.0,4.0,0,411.88,0.0,1,0.04,0.0,SPY230420P00397000,397.0,0,0.0,0.0,,0.0,expirationDay
2023-04-21,15769.0,-3.0,0.0,0,412.2,0.0,1,0.01,0.04,SPY230424P00402000,402.0,0,0.0,0.0,,0.0,normalDay
2023-04-24,15770.0,0.0,1.0,0,412.63,0.0,1,0.01,0.0,SPY230424P00402000,402.0,0,0.0,0.0,,0.0,expirationDay
2023-04-25,15770.0,-3.0,0.0,0,406.08,0.0,1,1.62,1.65,SPY230428P00405000,405.0,0,0.0,0.0,,0.0,normalDay
2023-04-26,15770.0,-63.0,0.0,0,404.36,0.0,1,1.62,2.25,SPY230428P00405000,405.0,0,0.0,0.0,,0.0,normalDay
2023-04-27,15770.0,152.0,0.0,0,412.41,0.0,1,1.62,0.1,SPY230428P00405000,405.0,0,0.0,0.0,,0.0,normalDay
2023-04-28,15932.0,0.0,162.0,0,415.93,0.0,1,1.62,0.0,SPY230428P00405000,405.0,0,0.0,0.0,,0.0,expirationDay
2023-05-01,15932.0,-3.0,0.0,0,415.51,0.0,1,0.43,0.46,SPY230504P00408000,408.0,0,0.0,0.0,,0.0,normalDay
2023-05-02,15932.0,-100.0,0.0,0,410.84,0.0,1,0.43,1.43,SPY230504P00408000,408.0,0,0.0,0.0,,0.0,normalDay
2023-05-03,15932.0,-100.0,0.0,0,408.02,0.0,1,0.43,1.43,SPY230504P00408000,408.0,0,0.0,0.0,,0.0,normalDay
2023-05-04,15975.0,-287.0,43.0,100,405.13,408.0,1,0.43,0.0,SPY230504P00408000,408.0,0,0.0,0.0,,0.0,expirationDay
2023-05-05,15975.0,460.0,0.0,100,412.63,408.0,0,0.0,0.0,,0.0,1,1.31,1.34,SPY230519C00420000,420.0,normalDay
2023-05-08,15975.0,501.0,0.0,100,412.74,408.0,0,0.0,0.0,,0.0,1,1.31,1.04,SPY230519C00420000,420.0,normalDay
2023-05-09,15975.0,344.0,0.0,100,410.93,408.0,0,0.0,0.0,,0.0,1,1.31,0.8,SPY230519C00420000,420.0,normalDay
2023-05-10,15975.0,538.0,0.0,100,412.85,408.0,0,0.0,0.0,,0.0,1,1.31,0.78,SPY230519C00420000,420.0,normalDay
2023-05-11,15975.0,503.0,0.0,100,412.13,408.0,0,0.0,0.0,,0.0,1,1.31,0.41,SPY230519C00420000,420.0,normalDay
2023-05-12,15975.0,474.0,0.0,100,411.59,408.0,0,0.0,0.0,,0.0,1,1.31,0.16,SPY230519C00420000,420.0,normalDay
2023-05-15,15975.0,614.0,0.0,100,413.01,408.0,0,0.0,0.0,,0.0,1,1.31,0.18,SPY230519C00420000,420.0,normalDay
2023-05-16,15975.0,349.0,0.0,100,410.25,408.0,0,0.0,0.0,,0.0,1,1.31,0.07,SPY230519C00420000,420.0,normalDay
2023-05-17,15975.0,828.0,0.0,100,415.23,408.0,0,0.0,0.0,,0.0,1,1.31,0.26,SPY230519C00420000,420.0,normalDay
2023-05-18,15975.0,1168.0,0.0,100,419.23,408.0,0,0.0,0.0,,0.0,1,1.31,0.86,SPY230519C00420000,420.0,normalDay
2023-05-19,16106.0,1062.0,131.0,100,418.62,408.0,0,0.0,0.0,,0.0,1,1.31,0.0,SPY230519C00420000,420.0,expirationDay
2023-05-22,16106.0,1075.0,0.0,100,418.79,408.0,0,0.0,0.0,,0.0,1,3.36,3.4,SPY230609C00423000,423.0,normalDay
2023-05-23,16106.0,769.0,0.0,100,414.09,408.0,0,0.0,0.0,,0.0,1,3.36,1.76,SPY230609C00423000,423.0,normalDay
2023-05-24,16106.0,526.0,0.0,100,411.09,408.0,0,0.0,0.0,,0.0,1,3.36,1.19,SPY230609C00423000,423.0,normalDay
2023-05-25,16106.0,829.0,0.0,100,414.65,408.0,0,0.0,0.0,,0.0,1,3.36,1.72,SPY230609C00423000,423.0,normalDay
2023-05-26,16106.0,1197.0,0.0,100,420.02,408.0,0,0.0,0.0,,0.0,1,3.36,3.41,SPY230609C00423000,423.0,normalDay
2023-05-30,16106.0,1270.0,0.0,100,420.18,408.0,0,0.0,0.0,,0.0,1,3.36,2.84,SPY230609C00423000,423.0,normalDay
2023-05-31,16106.0,1177.0,0.0,100,417.85,408.0,0,0.0,0.0,,0.0,1,3.36,1.44,SPY230609C00423000,423.0,normalDay
2023-06-01,16106.0,1466.0,0.0,100,421.82,408.0,0,0.0,0.0,,0.0,1,3.36,2.52,SPY230609C00423000,423.0,normalDay
2023-06-02,16106.0,1710.0,0.0,100,427.92,408.0,0,0.0,0.0,,0.0,1,3.36,6.18,SPY230609C00423000,423.0,normalDay
2023-06-05,16106.0,1728.0,0.0,100,427.1,408.0,0,0.0,0.0,,0.0,1,3.36,5.18,SPY230609C00423000,423.0,normalDay
2023-06-06,16106.0,1744.0,0.0,100,428.03,408.0,0,0.0,0.0,,0.0,1,3.36,5.95,SPY230609C00423000,423.0,normalDay
2023-06-07,16106.0,1765.0,0.0,100,426.55,408.0,0,0.0,0.0,,0.0,1,3.36,4.26,SPY230609C00423000,423.0,normalDay
2023-06-08,16106.0,1832.0,0.0,100,429.13,408.0,0,0.0,0.0,,0.0,1,3.36,6.17,SPY230609C00423000,423.0,normalDay
2023-06-09,17942.0,1832.0,1836.0,0,429.9,0.0,0,0.0,0.0,,0.0,1,3.36,0.0,SPY230609C00423000,423.0,expirationDay
2023-06-12,17942.0,-3.0,0.0,0,433.8,0.0,1,0.1,0.13,SPY230615P00414000,414.0,0,0.0,0.0,,0.0,normalDay
2023-06-13,17942.0,3.0,0.0,0,436.66,0.0,1,0.1,0.07,SPY230615P00414000,414.0,0,0.0,0.0,,0.0,normalDay
2023-06-14,17942.0,7.0,0.0,0,437.18,0.0,1,0.1,0.03,SPY230615P00414000,414.0,0,0.0,0.0,,0.0,normalDay
2023-06-15,17952.0,0.0,10.0,0,442.6,0.0,1,0.1,0.0,SPY230615P00414000,414.0,0,0.0,0.0,,0.0,expirationDay
2023-06-16,17952.0,0.0,0.0,0,439.46,0.0,0,0.0,0.0,,0.0,0,0.0,0.0,,0.0,bidTooLow
2023-06-20,17952.0,-3.0,0.0,0,437.18,0.0,1,0.01,0.04,SPY230623P00417500,417.5,0,0.0,0.0,,0.0,normalDay
2023-06-21,17952.0,-1.0,0.0,0,434.94,0.0,1,0.01,0.02,SPY230623P00417500,417.5,0,0.0,0.0,,0.0,normalDay
2023-06-22,17952.0,-1.0,0.0,0,436.51,0.0,1,0.01,0.02,SPY230623P00417500,417.5,0,0.0,0.0,,0.0,normalDay
2023-06-23,17953.0,0.0,1.0,0,433.21,0.0,1,0.01,0.0,SPY230623P00417500,417.5,0,0.0,0.0,,0.0,expirationDay
2023-06-26,17953.0,-3.0,0.0,0,431.44,0.0,1,0.16,0.19,SPY230629P00424000,424.0,0,0.0,0.0,,0.0,normalDay
2023-06-27,17953.0,10.0,0.0,0,436.17,0.0,1,0.16,0.06,SPY230629P00424000,424.0,0,0.0,0.0,,0.0,normalDay
2023-06-28,17953.0,13.0,0.0,0,436.39,0.0,1,0.16,0.03,SPY230629P00424000,424.0,0,0.0,0.0,,0.0,normalDay
2023-06-29,17969.0,0.0,16.0,0,438.11,0.0,1,0.16,0.0,SPY230629P00424000,424.0,0,0.0,0.0,,0.0,expirationDay
2023-06-30,17969.0,-3.0,0.0,0,443.28,0.0,1,0.01,0.04,SPY230703P00429000,429.0,0,0.0,0.0,,0.0,normalDay
2023-07-03,17970.0,0.0,1.0,0,443.79,0.0,1,0.01,0.0,SPY230703P00429000,429.0,0,0.0,0.0,,0.0,expirationDay
2023-07-05,17970.0,-3.0,0.0,0,443.13,0.0,1,0.03,0.06,SPY230707P00431000,431.0,0,0.0,0.0,,0.0,normalDay
2023-07-06,17970.0,-3.0,0.0,0,439.66,0.0,1,0.03,0.06,SPY230707P00431000,431.0,0,0.0,0.0,,0.0,normalDay
2023-07-07,17973.0,0.0,3.0,0,438.55,0.0,1,0.03,0.0,SPY230707P00431000,431.0,0,0.0,0.0,,0.0,expirationDay
2023-07-10,17973.0,-3.0,0.0,0,439.66,0.0,1,0.4,0.43,SPY230713P00434000,434.0,0,0.0,0.0,,0.0,normalDay
2023-07-11,17973.0,18.0,0.0,0,442.46,0.0,1,0.4,0.22,SPY230713P00434000,434.0,0,0.0,0.0,,0.0,normalDay
2023-07-12,17973.0,36.0,0.0,0,446.02,0.0,1,0.4,0.04,SPY230713P00434000,434.0,0,0.0,0.0,,0.0,normalDay
2023-07-13,18013.0,0.0,40.0,0,449.56,0.0,1,0.4,0.0,SPY230713P00434000,434.0,0,0.0,0.0,,0.0,expirationDay
2023-07-14,18013.0,-3.0,0.0,0,449.28,0.0,1,0.01,0.04,SPY230717P00435000,435.0,0,0.0,0.0,,0.0,normalDay
2023-07-17,18014.0,0.0,1.0,0,450.84,0.0,1,0.01,0.0,SPY230717P00435000,435.0,0,0.0,0.0,,0.0,expirationDay
2023-07-18,18014.0,-3.0,0.0,0,454.19,0.0,1,0.03,0.06,SPY230721P00435000,435.0,0,0.0,0.0,,0.0,normalDay
2023-07-19,18014.0,-1.0,0.0,0,455.2,0.0,1,0.03,0.04,SPY230721P00435000,435.0,0,0.0,0.0,,0.0,normalDay
2023-07-20,18014.0,-1.0,0.0,0,452.18,0.0,1,0.03,0.04,SPY230721P00435000,435.0,0,0.0,0.0,,0.0,normalDay
2023-07-21,18017.0,0.0,3.0,0,452.18,0.0,1,0.03,0.0,SPY230721P00435000,435.0,0,0.0,0.0,,0.0,expirationDay
2023-07-24,18017.0,-3.0,0.0,0,454.2,0.0,1,0.03,0.06,SPY230727P00438000,438.0,0,0.0,0.0,,0.0,normalDay
2023-07-25,18017.0,-2.0,0.0,0,455.44,0.0,1,0.03,0.05,SPY230727P00438000,438.0,0,0.0,0.0,,0.0,normalDay
2023-07-26,18017.0,0.0,0.0,0,455.51,0.0,1,0.03,0.03,SPY230727P00438000,438.0,0,0.0,0.0,,0.0,normalDay
2023-07-27,18020.0,0.0,3.0,0,452.49,0.0,1,0.03,0.0,SPY230727P00438000,438.0,0,0.0,0.0,,0.0,expirationDay
2023-07-28,18020.0,0.0,0.0,0,456.92,0.0,0,0.0,0.0,,0.0,0,0.0,0.0,,0.0,bidTooLow
2023-07-31,18020.0,-3.0,0.0,0,457.79,0.0,1,0.03,0.06,SPY230803P00443000,443.0,0,0.0,0.0,,0.0,normalDay
2023-08-01,18020.0,-2.0,0.0,0,456.48,0.0,1,0.03,0.05,SPY230803P00443000,443.0,0,0.0,0.0,,0.0,normalDay
2023-08-02,18020.0,-11.0,0.0,0,450.13,0.0,1,0.03,0.14,SPY230803P00443000,443.0,0,0.0,0.0,,0.0,normalDay
2023-08-03,18023.0,0.0,3.0,0,448.84,0.0,1,0.03,0.0,SPY230803P00443000,443.0,0,0.0,0.0,,0.0,expirationDay
2023-08-04,18023.0,-3.0,0.0,0,446.81,0.0,1,1.12,1.15,SPY230807P00446000,446.0,0,0.0,0.0,,0.0,normalDay
2023-08-07,18135.0,0.0,112.0,0,450.71,0.0,1,1.12,0.0,SPY230807P00446000,446.0,0,0.0,0.0,,0.0,expirationDay
2023-08-08,18135.0,-3.0,0.0,0,448.75,0.0,1,2.36,2.39,SPY230811P00449000,449.0,0,0.0,0.0,,0.0,normalDay
2023-08-09,18135.0,-147.0,0.0,0,445.75,0.0,1,2.36,3.83,SPY230811P00449000,449.0,0,0.0,0.0,,0.0,normalDay
2023-08-10,18135.0,-121.0,0.0,0,445.91,0.0,1,2.36,3.57,SPY230811P00449000,449.0,0,0.0,0.0,,0.0,normalDay
2023-08-11,18371.0,-335.0,236.0,100,445.65,449.0,1,2.36,0.0,SPY230811P00449000,449.0,0,0.0,0.0,,0.0,expirationDay
2023-08-14,18371.0,-92.0,0.0,100,448.11,449.0,0,0.0,0.0,,0.0,1,0.66,0.69,SPY230901C00462000,462.0,normalDay
2023-08-15,18371.0,-576.0,0.0,100,442.89,449.0,0,0.0,0.0,,0.0,1,0.66,0.31,SPY230901C00462000,462.0,normalDay
2023-08-16,18371.0,-886.0,0.0,100,439.64,449.0,0,0.0,0.0,,0.0,1,0.66,0.16,SPY230901C00462000,462.0,normalDay
2023-08-17,18371.0,-1213.0,0.0,100,436.29,449.0,0,0.0,0.0,,0.0,1,0.66,0.08,SPY230901C00462000,462.0,normalDay
2023-08-18,18371.0,-1189.0,0.0,100,436.5,449.0,0,0.0,0.0,,0.0,1,0.66,0.05,SPY230901C00462000,462.0,normalDay
2023-08-21,18371.0,-905.0,0.0,100,439.34,449.0,0,0.0,0.0,,0.0,1,0.66,0.05,SPY230901C00462000,462.0,normalDay
2023-08-22,18371.0,-1023.0,0.0,100,438.15,449.0,0,0.0,0.0,,0.0,1,0.66,0.04,SPY230901C00462000,462.0,normalDay
2023-08-23,18371.0,-539.0,0.0,100,443.03,449.0,0,0.0,0.0,,0.0,1,0.66,0.08,SPY230901C00462000,462.0,normalDay
2023-08-24,18371.0,-1148.0,0.0,100,436.89,449.0,0,0.0,0.0,,0.0,1,0.66,0.03,SPY230901C00462000,462.0,normalDay
2023-08-25,18371.0,-839.0,0.0,100,439.97,449.0,0,0.0,0.0,,0.0,1,0.66,0.02,SPY230901C00462000,462.0,normalDay
2023-08-28,18371.0,-560.0,0.0,100,442.76,449.0,0,0.0,0.0,,0.0,1,0.66,0.02,SPY230901C00462000,462.0,normalDay
2023-08-29,18371.0,77.0,0.0,100,449.16,449.0,0,0.0,0.0,,0.0,1,0.66,0.05,SPY230901C00462000,462.0,normalDay
2023-08-30,18371.0,264.0,0.0,100,451.01,449.0,0,0.0,0.0,,0.0,1,0.66,0.03,SPY230901C00462000,462.0,normalDay
2023-08-31,18371.0,199.0,0.0,100,450.35,449.0,0,0.0,0.0,,0.0,1,0.66,0.02,SPY230901C00462000,462.0,normalDay
2023-09-01,18437.0,219.0,66.0,100,451.19,449.0,0,0.0,0.0,,0.0,1,0.66,0.0,SPY230901C00462000,462.0,expirationDay
2023-09-05,18437.0,21.0,0.0,100,449.24,449.0,0,0.0,0.0,,0.0,1,1.14,1.17,SPY230922C00457500,457.5,normalDay
2023-09-06,18437.0,-218.0,0.0,100,446.22,449.0,0,0.0,0.0,,0.0,1,1.14,0.54,SPY230922C00457500,457.5,normalDay
2023-09-07,18437.0,-336.0,0.0,100,444.85,449.0,0,0.0,0.0,,0.0,1,1.14,0.35,SPY230922C00457500,457.5,normalDay
2023-09-08,18437.0,-264.0,0.0,100,445.52,449.0,0,0.0,0.0,,0.0,1,1.14,0.3,SPY230922C00457500,457.5,normalDay
2023-09-11,18437.0,12.0,0.0,100,448.45,449.0,0,0.0,0.0,,0.0,1,1.14,0.47,SPY230922C00457500,457.5,normalDay
2023-09-12,18437.0,-210.0,0.0,100,445.99,449.0,0,0.0,0.0,,0.0,1,1.14,0.23,SPY230922C00457500,457.5,normalDay
2023-09-13,18437.0,-149.0,0.0,100,446.51,449.0,0,0.0,0.0,,0.0,1,1.14,0.14,SPY230922C00457500,457.5,normalDay
2023-09-14,18437.0,219.0,0.0,100,450.36,449.0,0,0.0,0.0,,0.0,1,1.14,0.31,SPY230922C00457500,457.5,normalDay
2023-09-15,18437.0,-452.0,0.0,100,443.37,449.0,0,0.0,0.0,,0.0,1,1.14,0.03,SPY230922C00457500,457.5,normalDay
2023-09-18,18437.0,-426.0,0.0,100,443.63,449.0,0,0.0,0.0,,0.0,1,1.14,0.03,SPY230922C00457500,457.5,normalDay
2023-09-19,18437.0,-517.0,0.0,100,442.71,449.0,0,0.0,0.0,,0.0,1,1.14,0.02,SPY230922C00457500,457.5,normalDay
2023-09-20,18437.0,-923.0,0.0,100,438.64,449.0,0,0.0,0.0,,0.0,1,1.14,0.01,SPY230922C00457500,457.5,normalDay
2023-09-21,18437.0,-1648.0,0.0,100,431.39,449.0,0,0.0,0.0,,0.0,1,1.14,0.01,SPY230922C00457500,457.5,normalDay
2023-09-22,18551.0,-1858.0,114.0,100,430.42,449.0,0,0.0,0.0,,0.0,1,1.14,0.0,SPY230922C00457500,457.5,expirationDay
2023-09-25,18551.0,-1680.0,0.0,100,432.23,449.0,0,0.0,0.0,,0.0,1,0.02,0.05,SPY231013C00461000,461.0,normalDay
2023-09-26,18551.0,-2314.0,0.0,100,425.88,449.0,0,0.0,0.0,,0.0,1,0.02,0.04,SPY231013C00461000,461.0,normalDay
2023-09-27,18551.0,-2296.0,0.0,100,426.05,449.0,0,0.0,0.0,,0.0,1,0.02,0.03,SPY231013C00461000,461.0,normalDay
2023-09-28,18551.0,-2049.0,0.0,100,428.52,449.0,0,0.0,0.0,,0.0,1,0.02,0.03,SPY231013C00461000,461.0,normalDay
2023-09-29,18551.0,-2152.0,0.0,100,427.48,449.0,0,0.0,0.0,,0.0,1,0.02,0.02,SPY231013C00461000,461.0,normalDay
2023-10-02,18551.0,-2169.0,0.0,100,427.31,449.0,0,0.0,0.0,,0.0,1,0.02,0.02,SPY231013C00461000,461.0,normalDay
2023-10-03,18551.0,-2740.0,0.0,100,421.59,449.0,0,0.0,0.0,,0.0,1,0.02,0.01,SPY231013C00461000,461.0,normalDay
2023-10-04,18551.0,-2433.0,0.0,100,424.66,449.0,0,0.0,0.0,,0.0,1,0.02,0.01,SPY231013C00461000,461.0,normalDay
2023-10-05,18551.0,-2449.0,0.0,100,424.5,449.0,0,0.0,0.0,,0.0,1,0.02,0.01,SPY231013C00461000,461.0,normalDay
2023-10-06,18551.0,-1945.0,0.0,100,429.54,449.0,0,0.0,0.0,,0.0,1,0.02,0.01,SPY231013C00461000,461.0,normalDay
2023-10-09,18551.0,-1670.0,0.0,100,432.29,449.0,0,0.0,0.0,,0.0,1,0.02,0.01,SPY231013C00461000,461.0,normalDay
2023-10-10,18551.0,-1445.0,0.0,100,434.54,449.0,0,0.0,0.0,,0.0,1,0.02,0.01,SPY231013C00461000,461.0,normalDay
2023-10-11,18551.0,-1267.0,0.0,100,436.32,449.0,0,0.0,0.0,,0.0,1,0.02,0.01,SPY231013C00461000,461.0,normalDay
2023-10-12,18551.0,-1533.0,0.0,100,433.66,449.0,0,0.0,0.0,,0.0,1,0.02,0.01,SPY231013C00461000,461.0,normalDay
2023-10-13,18553.0,-1750.0,2.0,100,431.5,449.0,0,0.0,0.0,,0.0,1,0.02,0.0,SPY231013C00461000,461.0,expirationDay
2023-10-16,18553.0,-1300.0,0.0,100,436.04,449.0,0,0.0,0.0,,0.0,1,2.56,2.6,SPY231103C00444000,444.0,normalDay
2023-10-17,18553.0,-1288.0,0.0,100,436.02,449.0,0,0.0,0.0,,0.0,1,2.56,2.46,SPY231103C00444000,444.0,normalDay
2023-10-18,18553.0,-1745.0,0.0,100,430.21,449.0,0,0.0,0.0,,0.0,1,2.56,1.22,SPY231103C00444000,444.0,normalDay
2023-10-19,18553.0,-2061.0,0.0,100,426.43,449.0,0,0.0,0.0,,0.0,1,2.56,0.6,SPY231103C00444000,444.0,normalDay
2023-10-20,18553.0,-2546.0,0.0,100,421.19,449.0,0,0.0,0.0,,0.0,1,2.56,0.21,SPY231103C00444000,444.0,normalDay
2023-10-23,18553.0,-2610.0,0.0,100,420.46,449.0,0,0.0,0.0,,0.0,1,2.56,0.12,SPY231103C00444000,444.0,normalDay
2023-10-24,18553.0,-2293.0,0.0,100,423.63,449.0,0,0.0,0.0,,0.0,1,2.56,0.12,SPY231103C00444000,444.0,normalDay
2023-10-25,18553.0,-2893.0,0.0,100,417.55,449.0,0,0.0,0.0,,0.0,1,2.56,0.04,SPY231103C00444000,444.0,normalDay
2023-10-26,18553.0,-3392.0,0.0,100,412.55,449.0,0,0.0,0.0,,0.0,1,2.56,0.03,SPY231103C00444000,444.0,normalDay
2023-10-27,18553.0,-3578.0,0.0,100,410.68,449.0,0,0.0,0.0,,0.0,1,2.56,0.02,SPY231103C00444000,444.0,normalDay
2023-10-30,18553.0,-3087.0,0.0,100,415.59,449.0,0,0.0,0.0,,0.0,1,2.56,0.02,SPY231103C00444000,444.0,normalDay
2023-10-31,18553.0,-2825.0,0.0,100,418.2,449.0,0,0.0,0.0,,0.0,1,2.56,0.01,SPY231103C00444000,444.0,normalDay
2023-11-01,18553.0,-2379.0,0.0,100,422.66,449.0,0,0.0,0.0,,0.0,1,2.56,0.01,SPY231103C00444000,444.0,normalDay
2023-11-02,18553.0,-1569.0,0.0,100,430.76,449.0,0,0.0,0.0,,0.0,1,2.56,0.01,SPY231103C00444000,444.0,normalDay
2023-11-03,18809.0,-1431.0,256.0,100,434.69,449.0,0,0.0,0.0,,0.0,1,2.56,0.0,SPY231103C00444000,444.0,expirationDay
2023-11-06,18809.0,-1334.0,0.0,100,435.69,449.0,0,0.0,0.0,,0.0,1,0.61,0.64,SPY231124C00449000,449.0,normalDay
2023-11-07,18809.0,-1223.0,0.0,100,436.93,449.0,0,0.0,0.0,,0.0,1,0.61,0.77,SPY231124C00449000,449.0,normalDay
2023-11-08,18809.0,-1180.0,0.0,100,437.25,449.0,0,0.0,0.0,,0.0,1,0.61,0.66,SPY231124C00449000,449.0,normalDay
2023-11-09,18809.0,-1486.0,0.0,100,433.84,449.0,0,0.0,0.0,,0.0,1,0.61,0.31,SPY231124C00449000,449.0,normalDay
2023-11-10,18809.0,-881.0,0.0,100,440.61,449.0,0,0.0,0.0,,0.0,1,0.61,1.03,SPY231124C00449000,449.0,normalDay
2023-11-13,18809.0,-904.0,0.0,100,440.19,449.0,0,0.0,0.0,,0.0,1,0.61,0.84,SPY231124C00449000,449.0,normalDay
2023-11-14,18809.0,-331.0,0.0,100,448.73,449.0,0,0.0,0.0,,0.0,1,0.61,3.65,SPY231124C00449000,449.0,normalDay
2023-11-15,18809.0,-214.0,0.0,100,449.68,449.0,0,0.0,0.0,,0.0,1,0.61,3.43,SPY231124C00449000,449.0,normalDay
2023-11-16,18809.0,-179.0,0.0,100,450.23,449.0,0,0.0,0.0,,0.0,1,0.61,3.63,SPY231124C00449000,449.0,normalDay
2023-11-17,18809.0,-104.0,0.0,100,450.79,449.0,0,0.0,0.0,,0.0,1,0.61,3.44,SPY231124C00449000,449.0,normalDay
2023-11-20,18809.0,9.0,0.0,100,454.26,449.0,0,0.0,0.0,,0.0,1,0.61,5.78,SPY231124C00449000,449.0,normalDay
2023-11-21,18809.0,38.0,0.0,100,453.27,449.0,0,0.0,0.0,,0.0,1,0.61,4.5,SPY231124C00449000,449.0,normalDay
2023-11-22,18809.0,47.0,0.0,100,455.02,449.0,0,0.0,0.0,,0.0,1,0.61,6.16,SPY231124C00449000,449.0,normalDay
2023-11-24,18870.0,47.0,61.0,0,455.3,0.0,0,0.0,0.0,,0.0,1,0.61,0.0,SPY231124C00449000,449.0,expirationDay
2023-11-27,18870.0,0.0,0.0,0,454.48,0.0,0,0.0,0.0,,0.0,0,0.0,0.0,,0.0,bidTooLow
2023-11-28,18870.0,0.0,0.0,0,454.93,0.0,0,0.0,0.0,,0.0,0,0.0,0.0,,0.0,bidTooLow
2023-11-29,18870.0,0.0,0.0,0,454.61,0.0,0,0.0,0.0,,0.0,0,0.0,0.0,,0.0,bidTooLow
2023-11-30,18870.0,0.0,0.0,0,456.4,0.0,0,0.0,0.0,,0.0,0,0.0,0.0,,0.0,bidTooLow
