date,totalCapital,unrializedPnL,rializedPnL,stocksOwned,stocksPriceToday,stocksPriceBoughtAt,putOwned,putOwnedSoldAt,putPriceToday,putOwnedContract,putOwnedStrike,callOwned,callOwnedSoldAt,callPriceToday,callOwnedContract,callOwnedStrike,trackType
2018-11-01,0.0,-14.0,0.0,0,273.51,0.0,1,10.67,10.81,SPY190329P00271000,271.0,0,0.0,0.0,,0.0,normalDay
2018-11-02,0.0,-72.0,0.0,0,271.89,0.0,1,10.67,11.39,SPY190329P00271000,271.0,0,0.0,0.0,,0.0,normalDay
2018-11-05,0.0,16.0,0.0,0,273.39,0.0,1,10.67,10.51,SPY190329P00271000,271.0,0,0.0,0.0,,0.0,normalDay
2018-11-06,0.0,98.0,0.0,0,275.12,0.0,1,10.67,9.69,SPY190329P00271000,271.0,0,0.0,0.0,,0.0,normalDay
2018-11-07,0.0,348.0,0.0,0,281.01,0.0,1,10.67,7.19,SPY190329P00271000,271.0,0,0.0,0.0,,0.0,normalDay
2018-11-08,0.0,352.0,0.0,0,280.5,0.0,1,10.67,7.15,SPY190329P00271000,271.0,0,0.0,0.0,,0.0,normalDay
2018-11-09,0.0,238.0,0.0,0,277.76,0.0,1,10.67,8.29,SPY190329P00271000,271.0,0,0.0,0.0,,0.0,normalDay
2018-11-12,0.0,20.0,0.0,0,272.57,0.0,1,10.67,10.47,SPY190329P00271000,271.0,0,0.0,0.0,,0.0,normalDay
2018-11-13,0.0,-22.0,0.0,0,272.06,0.0,1,10.67,10.89,SPY190329P00271000,271.0,0,0.0,0.0,,0.0,normalDay
2018-11-14,0.0,-144.0,0.0,0,270.2,0.0,1,10.67,12.11,SPY190329P00271000,271.0,0,0.0,0.0,,0.0,normalDay
2018-11-15,0.0,4.0,0.0,0,273.02,0.0,1,10.67,10.63,SPY190329P00271000,271.0,0,0.0,0.0,,0.0,normalDay
2018-11-16,0.0,80.0,0.0,0,273.73,0.0,1,10.67,9.87,SPY190329P00271000,271.0,0,0.0,0.0,,0.0,normalDay
2018-11-19,0.0,-144.0,0.0,0,269.1,0.0,1,10.67,12.11,SPY190329P00271000,271.0,0,0.0,0.0,,0.0,normalDay
2018-11-20,0.0,-451.0,0.0,0,264.12,0.0,1,10.67,15.18,SPY190329P00271000,271.0,0,0.0,0.0,,0.0,normalDay
2018-11-21,0.0,-359.0,0.0,0,265.02,0.0,1,10.67,14.26,SPY190329P00271000,271.0,0,0.0,0.0,,0.0,normalDay
2018-11-23,0.0,-478.0,0.0,0,263.25,0.0,1,10.67,15.45,SPY190329P00271000,271.0,0,0.0,0.0,,0.0,normalDay
2018-11-26,0.0,-158.0,0.0,0,267.5,0.0,1,10.67,12.25,SPY190329P00271000,271.0,0,0.0,0.0,,0.0,normalDay
2018-11-27,0.0,-128.0,0.0,0,268.4,0.0,1,10.67,11.95,SPY190329P00271000,271.0,0,0.0,0.0,,0.0,normalDay
2018-11-28,0.0,131.0,0.0,0,274.58,0.0,1,10.67,9.36,SPY190329P00271000,271.0,0,0.0,0.0,,0.0,normalDay
2018-11-29,0.0,116.0,0.0,0,273.98,0.0,1,10.67,9.51,SPY190329P00271000,271.0,0,0.0,0.0,,0.0,normalDay
2018-11-30,0.0,204.0,0.0,0,275.65,0.0,1,10.67,8.63,SPY190329P00271000,271.0,0,0.0,0.0,,0.0,normalDay
2018-12-03,0.0,363.0,0.0,0,279.3,0.0,1,10.67,7.04,SPY190329P00271000,271.0,0,0.0,0.0,,0.0,normalDay
2018-12-04,0.0,-53.0,0.0,0,270.25,0.0,1,10.67,11.2,SPY190329P00271000,271.0,0,0.0,0.0,,0.0,normalDay
2018-12-06,0.0,-78.0,0.0,0,269.84,0.0,1,10.67,11.45,SPY190329P00271000,271.0,0,0.0,0.0,,0.0,normalDay
2018-12-07,0.0,-443.0,0.0,0,263.57,0.0,1,10.67,15.1,SPY190329P00271000,271.0,0,0.0,0.0,,0.0,normalDay
2018-12-10,0.0,-368.0,0.0,0,264.07,0.0,1,10.67,14.35,SPY190329P00271000,271.0,0,0.0,0.0,,0.0,normalDay
2018-12-11,0.0,-361.0,0.0,0,264.13,0.0,1,10.67,14.28,SPY190329P00271000,271.0,0,0.0,0.0,,0.0,normalDay
2018-12-12,0.0,-310.0,0.0,0,265.46,0.0,1,10.67,13.77,SPY190329P00271000,271.0,0,0.0,0.0,,0.0,normalDay
2018-12-13,0.0,-303.0,0.0,0,265.37,0.0,1,10.67,13.7,SPY190329P00271000,271.0,0,0.0,0.0,,0.0,normalDay
2018-12-14,0.0,-598.0,0.0,0,260.47,0.0,1,10.67,16.65,SPY190329P00271000,271.0,0,0.0,0.0,,0.0,normalDay
2018-12-17,0.0,-969.0,0.0,0,255.36,0.0,1,10.67,20.36,SPY190329P00271000,271.0,0,0.0,0.0,,0.0,normalDay
2018-12-18,0.0,-1042.0,0.0,0,255.08,0.0,1,10.67,21.09,SPY190329P00271000,271.0,0,0.0,0.0,,0.0,normalDay
2018-12-19,0.0,-1263.0,0.0,0,251.26,0.0,1,10.67,23.3,SPY190329P00271000,271.0,0,0.0,0.0,,0.0,normalDay
2018-12-20,0.0,-1572.0,0.0,0,247.17,0.0,1,10.67,26.39,SPY190329P00271000,271.0,0,0.0,0.0,,0.0,normalDay
2018-12-21,0.0,-2123.0,0.0,0,240.7,0.0,1,10.67,31.9,SPY190329P00271000,271.0,0,0.0,0.0,,0.0,normalDay
2018-12-24,0.0,-2863.0,0.0,0,234.34,0.0,1,10.67,39.3,SPY190329P00271000,271.0,0,0.0,0.0,,0.0,normalDay
2018-12-26,0.0,-1579.0,0.0,0,246.18,0.0,1,10.67,26.46,SPY190329P00271000,271.0,0,0.0,0.0,,0.0,normalDay
2018-12-27,0.0,-1420.0,0.0,0,248.07,0.0,1,10.67,24.87,SPY190329P00271000,271.0,0,0.0,0.0,,0.0,normalDay
2018-12-28,0.0,-1471.0,0.0,0,247.75,0.0,1,10.67,25.38,SPY190329P00271000,271.0,0,0.0,0.0,,0.0,normalDay
2018-12-31,0.0,-1259.0,0.0,0,249.92,0.0,1,10.67,23.26,SPY190329P00271000,271.0,0,0.0,0.0,,0.0,normalDay
2019-01-02,0.0,-1184.0,0.0,0,250.18,0.0,1,10.67,22.51,SPY190329P00271000,271.0,0,0.0,0.0,,0.0,normalDay
2019-01-03,0.0,-1739.0,0.0,0,244.21,0.0,1,10.67,28.06,SPY190329P00271000,271.0,0,0.0,0.0,,0.0,normalDay
2019-01-04,0.0,-998.0,0.0,0,252.39,0.0,1,10.67,20.65,SPY190329P00271000,271.0,0,0.0,0.0,,0.0,normalDay
2019-01-07,0.0,-844.0,0.0,0,254.38,0.0,1,10.67,19.11,SPY190329P00271000,271.0,0,0.0,0.0,,0.0,normalDay
2019-01-08,0.0,-650.0,0.0,0,256.77,0.0,1,10.67,17.17,SPY190329P00271000,271.0,0,0.0,0.0,,0.0,normalDay
2019-01-09,0.0,-534.0,0.0,0,257.97,0.0,1,10.67,16.01,SPY190329P00271000,271.0,0,0.0,0.0,,0.0,normalDay
2019-01-10,0.0,-452.0,0.0,0,258.88,0.0,1,10.67,15.19,SPY190329P00271000,271.0,0,0.0,0.0,,0.0,normalDay
2019-01-11,0.0,-413.0,0.0,0,258.98,0.0,1,10.67,14.8,SPY190329P00271000,271.0,0,0.0,0.0,,0.0,normalDay
2019-01-14,0.0,-506.0,0.0,0,257.4,0.0,1,10.67,15.73,SPY190329P00271000,271.0,0,0.0,0.0,,0.0,normalDay
2019-01-15,0.0,-272.0,0.0,0,260.35,0.0,1,10.67,13.39,SPY190329P00271000,271.0,0,0.0,0.0,,0.0,normalDay
2019-01-16,0.0,-224.0,0.0,0,260.98,0.0,1,10.67,12.91,SPY190329P00271000,271.0,0,0.0,0.0,,0.0,normalDay
2019-01-17,0.0,-86.0,0.0,0,262.96,0.0,1,10.67,11.53,SPY190329P00271000,271.0,0,0.0,0.0,,0.0,normalDay
2019-01-18,0.0,114.0,0.0,0,266.46,0.0,1,10.67,9.53,SPY190329P00271000,271.0,0,0.0,0.0,,0.0,normalDay
2019-01-22,0.0,-124.0,0.0,0,262.86,0.0,1,10.67,11.91,SPY190329P00271000,271.0,0,0.0,0.0,,0.0,normalDay
2019-01-23,0.0,-97.0,0.0,0,263.41,0.0,1,10.67,11.64,SPY190329P00271000,271.0,0,0.0,0.0,,0.0,normalDay
2019-01-24,0.0,-81.0,0.0,0,263.55,0.0,1,10.67,11.48,SPY190329P00271000,271.0,0,0.0,0.0,,0.0,normalDay
2019-01-25,0.0,105.0,0.0,0,265.78,0.0,1,10.67,9.62,SPY190329P00271000,271.0,0,0.0,0.0,,0.0,normalDay
2019-01-28,0.0,-25.0,0.0,0,263.76,0.0,1,10.67,10.92,SPY190329P00271000,271.0,0,0.0,0.0,,0.0,normalDay
2019-01-29,0.0,-50.0,0.0,0,263.41,0.0,1,10.67,11.17,SPY190329P00271000,271.0,0,0.0,0.0,,0.0,normalDay
2019-01-30,0.0,225.0,0.0,0,267.58,0.0,1,10.67,8.42,SPY190329P00271000,271.0,0,0.0,0.0,,0.0,normalDay
2019-01-31,0.0,401.0,0.0,0,269.93,0.0,1,10.67,6.66,SPY190329P00271000,271.0,0,0.0,0.0,,0.0,normalDay
2019-02-01,0.0,416.0,0.0,0,270.06,0.0,1,10.67,6.51,SPY190329P00271000,271.0,0,0.0,0.0,,0.0,normalDay
2019-02-04,0.0,523.0,0.0,0,271.96,0.0,1,10.67,5.44,SPY190329P00271000,271.0,0,0.0,0.0,,0.0,normalDay
2019-02-05,0.0,565.0,0.0,0,273.1,0.0,1,10.67,5.02,SPY190329P00271000,271.0,0,0.0,0.0,,0.0,normalDay
2019-02-06,0.0,568.0,0.0,0,272.74,0.0,1,10.67,4.99,SPY190329P00271000,271.0,0,0.0,0.0,,0.0,normalDay
2019-02-07,0.0,449.0,0.0,0,270.14,0.0,1,10.67,6.18,SPY190329P00271000,271.0,0,0.0,0.0,,0.0,normalDay
2019-02-08,0.0,469.0,0.0,0,270.47,0.0,1,10.67,5.98,SPY190329P00271000,271.0,0,0.0,0.0,,0.0,normalDay
2019-02-11,0.0,492.0,0.0,0,270.62,0.0,1,10.67,5.75,SPY190329P00271000,271.0,0,0.0,0.0,,0.0,normalDay
2019-02-12,0.0,656.0,0.0,0,274.1,0.0,1,10.67,4.11,SPY190329P00271000,271.0,0,0.0,0.0,,0.0,normalDay
2019-02-13,0.0,676.0,0.0,0,274.99,0.0,1,10.67,3.91,SPY190329P00271000,271.0,0,0.0,0.0,,0.0,normalDay
2019-02-14,0.0,645.0,0.0,0,274.38,0.0,1,10.67,4.22,SPY190329P00271000,271.0,0,0.0,0.0,,0.0,normalDay
2019-02-15,0.0,773.0,0.0,0,277.37,0.0,1,10.67,2.94,SPY190329P00271000,271.0,0,0.0,0.0,,0.0,normalDay
2019-02-19,0.0,798.0,0.0,0,277.85,0.0,1,10.67,2.69,SPY190329P00271000,271.0,0,0.0,0.0,,0.0,normalDay
2019-02-20,0.0,842.0,0.0,0,278.41,0.0,1,10.67,2.25,SPY190329P00271000,271.0,0,0.0,0.0,,0.0,normalDay
2019-02-21,0.0,817.0,0.0,0,277.42,0.0,1,10.67,2.5,SPY190329P00271000,271.0,0,0.0,0.0,,0.0,normalDay
2019-02-22,0.0,876.0,0.0,0,279.14,0.0,1,10.67,1.91,SPY190329P00271000,271.0,0,0.0,0.0,,0.0,normalDay
2019-02-25,0.0,883.0,0.0,0,279.52,0.0,1,10.67,1.84,SPY190329P00271000,271.0,0,0.0,0.0,,0.0,normalDay
2019-02-26,0.0,876.0,0.0,0,279.32,0.0,1,10.67,1.91,SPY190329P00271000,271.0,0,0.0,0.0,,0.0,normalDay
2019-02-27,0.0,887.0,0.0,0,279.2,0.0,1,10.67,1.8,SPY190329P00271000,271.0,0,0.0,0.0,,0.0,normalDay
2019-02-28,0.0,880.0,0.0,0,278.68,0.0,1,10.67,1.87,SPY190329P00271000,271.0,0,0.0,0.0,,0.0,normalDay
2019-03-01,0.0,939.0,0.0,0,280.42,0.0,1,10.67,1.28,SPY190329P00271000,271.0,0,0.0,0.0,,0.0,normalDay
2019-03-04,0.0,910.0,0.0,0,279.4,0.0,1,10.67,1.57,SPY190329P00271000,271.0,0,0.0,0.0,,0.0,normalDay
2019-03-05,0.0,907.0,0.0,0,279.02,0.0,1,10.67,1.6,SPY190329P00271000,271.0,0,0.0,0.0,,0.0,normalDay
2019-03-06,0.0,862.0,0.0,0,277.33,0.0,1,10.67,2.05,SPY190329P00271000,271.0,0,0.0,0.0,,0.0,normalDay
2019-03-07,0.0,797.0,0.0,0,275.01,0.0,1,10.67,2.7,SPY190329P00271000,271.0,0,0.0,0.0,,0.0,normalDay
2019-03-08,0.0,803.0,0.0,0,274.46,0.0,1,10.67,2.64,SPY190329P00271000,271.0,0,0.0,0.0,,0.0,normalDay
2019-03-11,0.0,939.0,0.0,0,278.44,0.0,1,10.67,1.28,SPY190329P00271000,271.0,0,0.0,0.0,,0.0,normalDay
2019-03-12,0.0,971.0,0.0,0,279.49,0.0,1,10.67,0.96,SPY190329P00271000,271.0,0,0.0,0.0,,0.0,normalDay
2019-03-13,0.0,1005.0,0.0,0,281.34,0.0,1,10.67,0.62,SPY190329P00271000,271.0,0,0.0,0.0,,0.0,normalDay
2019-03-14,0.0,1007.0,0.0,0,281.16,0.0,1,10.67,0.6,SPY190329P00271000,271.0,0,0.0,0.0,,0.0,normalDay
2019-03-15,0.0,1031.0,0.0,0,281.31,0.0,1,10.67,0.36,SPY190329P00271000,271.0,0,0.0,0.0,,0.0,normalDay
2019-03-18,0.0,1041.0,0.0,0,282.33,0.0,1,10.67,0.26,SPY190329P00271000,271.0,0,0.0,0.0,,0.0,normalDay
2019-03-19,0.0,1038.0,0.0,0,282.4,0.0,1,10.67,0.29,SPY190329P00271000,271.0,0,0.0,0.0,,0.0,normalDay
2019-03-20,0.0,1040.0,0.0,0,281.55,0.0,1,10.67,0.27,SPY190329P00271000,271.0,0,0.0,0.0,,0.0,normalDay
2019-03-21,0.0,1055.0,0.0,0,284.73,0.0,1,10.67,0.12,SPY190329P00271000,271.0,0,0.0,0.0,,0.0,normalDay
2019-03-22,0.0,1022.0,0.0,0,279.25,0.0,1,10.67,0.45,SPY190329P00271000,271.0,0,0.0,0.0,,0.0,normalDay
2019-03-25,0.0,1045.0,0.0,0,279.04,0.0,1,10.67,0.22,SPY190329P00271000,271.0,0,0.0,0.0,,0.0,normalDay
2019-03-26,0.0,1061.0,0.0,0,281.12,0.0,1,10.67,0.06,SPY190329P00271000,271.0,0,0.0,0.0,,0.0,normalDay
2019-03-27,0.0,1061.0,0.0,0,279.65,0.0,1,10.67,0.06,SPY190329P00271000,271.0,0,0.0,0.0,,0.0,normalDay
2019-03-28,0.0,1066.0,0.0,0,280.71,0.0,1,10.67,0.01,SPY190329P00271000,271.0,0,0.0,0.0,,0.0,normalDay
2019-03-29,1067.0,0.0,1067.0,0,282.48,0.0,1,10.67,0.0,SPY190329P00271000,271.0,0,0.0,0.0,,0.0,expirationDay
2019-04-01,1067.0,-7.0,0.0,0,285.83,0.0,1,8.47,8.54,SPY190930P00279000,279.0,0,0.0,0.0,,0.0,normalDay
2019-04-02,1067.0,0.0,0.0,0,285.97,0.0,1,8.47,8.47,SPY190930P00279000,279.0,0,0.0,0.0,,0.0,normalDay
2019-04-03,1067.0,28.0,0.0,0,286.42,0.0,1,8.47,8.19,SPY190930P00279000,279.0,0,0.0,0.0,,0.0,normalDay
2019-04-04,1067.0,50.0,0.0,0,287.18,0.0,1,8.47,7.97,SPY190930P00279000,279.0,0,0.0,0.0,,0.0,normalDay
2019-04-05,1067.0,110.0,0.0,0,288.57,0.0,1,8.47,7.37,SPY190930P00279000,279.0,0,0.0,0.0,,0.0,normalDay
2019-04-08,1067.0,120.0,0.0,0,288.79,0.0,1,8.47,7.27,SPY190930P00279000,279.0,0,0.0,0.0,,0.0,normalDay
2019-04-09,1067.0,46.0,0.0,0,287.31,0.0,1,8.47,8.01,SPY190930P00279000,279.0,0,0.0,0.0,,0.0,normalDay
2019-04-10,1067.0,108.0,0.0,0,288.29,0.0,1,8.47,7.39,SPY190930P00279000,279.0,0,0.0,0.0,,0.0,normalDay
2019-04-11,1067.0,104.0,0.0,0,288.21,0.0,1,8.47,7.43,SPY190930P00279000,279.0,0,0.0,0.0,,0.0,normalDay
2019-04-12,1067.0,185.0,0.0,0,290.16,0.0,1,8.47,6.62,SPY190930P00279000,279.0,0,0.0,0.0,,0.0,normalDay
2019-04-15,1067.0,188.0,0.0,0,289.97,0.0,1,8.47,6.59,SPY190930P00279000,279.0,0,0.0,0.0,,0.0,normalDay
2019-04-16,1067.0,193.0,0.0,0,290.16,0.0,1,8.47,6.54,SPY190930P00279000,279.0,0,0.0,0.0,,0.0,normalDay
2019-04-17,1067.0,166.0,0.0,0,289.45,0.0,1,8.47,6.81,SPY190930P00279000,279.0,0,0.0,0.0,,0.0,normalDay
2019-04-18,1067.0,190.0,0.0,0,290.02,0.0,1,8.47,6.57,SPY190930P00279000,279.0,0,0.0,0.0,,0.0,normalDay
2019-04-22,1067.0,212.0,0.0,0,290.27,0.0,1,8.47,6.35,SPY190930P00279000,279.0,0,0.0,0.0,,0.0,normalDay
2019-04-23,1067.0,280.0,0.0,0,292.88,0.0,1,8.47,5.67,SPY190930P00279000,279.0,0,0.0,0.0,,0.0,normalDay
2019-04-24,1067.0,255.0,0.0,0,292.23,0.0,1,8.47,5.92,SPY190930P00279000,279.0,0,0.0,0.0,,0.0,normalDay
2019-04-25,1067.0,241.0,0.0,0,292.05,0.0,1,8.47,6.06,SPY190930P00279000,279.0,0,0.0,0.0,,0.0,normalDay
2019-04-26,1067.0,284.0,0.0,0,293.41,0.0,1,8.47,5.63,SPY190930P00279000,279.0,0,0.0,0.0,,0.0,normalDay
2019-04-29,1067.0,291.0,0.0,0,293.87,0.0,1,8.47,5.56,SPY190930P00279000,279.0,0,0.0,0.0,,0.0,normalDay
2019-04-30,1067.0,299.0,0.0,0,294.02,0.0,1,8.47,5.48,SPY190930P00279000,279.0,0,0.0,0.0,,0.0,normalDay
2019-05-01,1067.0,216.0,0.0,0,291.81,0.0,1,8.47,6.31,SPY190930P00279000,279.0,0,0.0,0.0,,0.0,normalDay
2019-05-02,1067.0,203.0,0.0,0,291.18,0.0,1,8.47,6.44,SPY190930P00279000,279.0,0,0.0,0.0,,0.0,normalDay
2019-05-03,1067.0,300.0,0.0,0,294.03,0.0,1,8.47,5.47,SPY190930P00279000,279.0,0,0.0,0.0,,0.0,normalDay
2019-05-06,1067.0,241.0,0.0,0,292.82,0.0,1,8.47,6.06,SPY190930P00279000,279.0,0,0.0,0.0,,0.0,normalDay
2019-05-07,1067.0,19.0,0.0,0,287.93,0.0,1,8.47,8.28,SPY190930P00279000,279.0,0,0.0,0.0,,0.0,normalDay
2019-05-08,1067.0,32.0,0.0,0,287.53,0.0,1,8.47,8.15,SPY190930P00279000,279.0,0,0.0,0.0,,0.0,normalDay
2019-05-09,1067.0,19.0,0.0,0,286.66,0.0,1,8.47,8.28,SPY190930P00279000,279.0,0,0.0,0.0,,0.0,normalDay
2019-05-10,1067.0,108.0,0.0,0,288.1,0.0,1,8.47,7.39,SPY190930P00279000,279.0,0,0.0,0.0,,0.0,normalDay
2019-05-13,1067.0,-224.0,0.0,0,280.86,0.0,1,8.47,10.71,SPY190930P00279000,279.0,0,0.0,0.0,,0.0,normalDay
2019-05-14,1067.0,-73.0,0.0,0,283.4,0.0,1,8.47,9.2,SPY190930P00279000,279.0,0,0.0,0.0,,0.0,normalDay
2019-05-15,1067.0,26.0,0.0,0,285.06,0.0,1,8.47,8.21,SPY190930P00279000,279.0,0,0.0,0.0,,0.0,normalDay
2019-05-16,1067.0,137.0,0.0,0,287.7,0.0,1,8.47,7.1,SPY190930P00279000,279.0,0,0.0,0.0,,0.0,normalDay
2019-05-17,1067.0,71.0,0.0,0,285.84,0.0,1,8.47,7.76,SPY190930P00279000,279.0,0,0.0,0.0,,0.0,normalDay
2019-05-20,1067.0,17.0,0.0,0,283.95,0.0,1,8.47,8.3,SPY190930P00279000,279.0,0,0.0,0.0,,0.0,normalDay
2019-05-21,1067.0,129.0,0.0,0,286.51,0.0,1,8.47,7.18,SPY190930P00279000,279.0,0,0.0,0.0,,0.0,normalDay
2019-05-22,1067.0,107.0,0.0,0,285.63,0.0,1,8.47,7.4,SPY190930P00279000,279.0,0,0.0,0.0,,0.0,normalDay
2019-05-23,1067.0,-71.0,0.0,0,282.14,0.0,1,8.47,9.18,SPY190930P00279000,279.0,0,0.0,0.0,,0.0,normalDay
2019-05-24,1067.0,-19.0,0.0,0,282.78,0.0,1,8.47,8.66,SPY190930P00279000,279.0,0,0.0,0.0,,0.0,normalDay
2019-05-28,1067.0,-124.0,0.0,0,280.15,0.0,1,8.47,9.71,SPY190930P00279000,279.0,0,0.0,0.0,,0.0,normalDay
2019-05-29,1067.0,-227.0,0.0,0,278.27,0.0,1,8.47,10.74,SPY190930P00279000,279.0,0,0.0,0.0,,0.0,normalDay
2019-05-30,1067.0,-188.0,0.0,0,279.03,0.0,1,8.47,10.35,SPY190930P00279000,279.0,0,0.0,0.0,,0.0,normalDay
2019-05-31,1067.0,-393.0,0.0,0,275.27,0.0,1,8.47,12.4,SPY190930P00279000,279.0,0,0.0,0.0,,0.0,normalDay
2019-06-03,1067.0,-399.0,0.0,0,274.57,0.0,1,8.47,12.46,SPY190930P00279000,279.0,0,0.0,0.0,,0.0,normalDay
2019-06-04,1067.0,-98.0,0.0,0,280.53,0.0,1,8.47,9.45,SPY190930P00279000,279.0,0,0.0,0.0,,0.0,normalDay
2019-06-05,1067.0,14.0,0.0,0,282.96,0.0,1,8.47,8.33,SPY190930P00279000,279.0,0,0.0,0.0,,0.0,normalDay
2019-06-06,1067.0,88.0,0.0,0,284.8,0.0,1,8.47,7.59,SPY190930P00279000,279.0,0,0.0,0.0,,0.0,normalDay
2019-06-07,1067.0,165.0,0.0,0,287.65,0.0,1,8.47,6.82,SPY190930P00279000,279.0,0,0.0,0.0,,0.0,normalDay
2019-06-10,1067.0,223.0,0.0,0,288.97,0.0,1,8.47,6.24,SPY190930P00279000,279.0,0,0.0,0.0,,0.0,normalDay
2019-06-11,1067.0,211.0,0.0,0,288.9,0.0,1,8.47,6.36,SPY190930P00279000,279.0,0,0.0,0.0,,0.0,normalDay
2019-06-12,1067.0,207.0,0.0,0,288.39,0.0,1,8.47,6.4,SPY190930P00279000,279.0,0,0.0,0.0,,0.0,normalDay
2019-06-13,1067.0,247.0,0.0,0,289.58,0.0,1,8.47,6.0,SPY190930P00279000,279.0,0,0.0,0.0,,0.0,normalDay
2019-06-14,1067.0,256.0,0.0,0,289.26,0.0,1,8.47,5.91,SPY190930P00279000,279.0,0,0.0,0.0,,0.0,normalDay
2019-06-17,1067.0,266.0,0.0,0,289.37,0.0,1,8.47,5.81,SPY190930P00279000,279.0,0,0.0,0.0,,0.0,normalDay
2019-06-18,1067.0,340.0,0.0,0,292.4,0.0,1,8.47,5.07,SPY190930P00279000,279.0,0,0.0,0.0,,0.0,normalDay
2019-06-19,1067.0,381.0,0.0,0,293.06,0.0,1,8.47,4.66,SPY190930P00279000,279.0,0,0.0,0.0,,0.0,normalDay
2019-06-20,1067.0,433.0,0.0,0,295.86,0.0,1,8.47,4.14,SPY190930P00279000,279.0,0,0.0,0.0,,0.0,normalDay
2019-06-21,1067.0,412.0,0.0,0,294.0,0.0,1,8.47,4.35,SPY190930P00279000,279.0,0,0.0,0.0,,0.0,normalDay
2019-06-24,1067.0,420.0,0.0,0,293.64,0.0,1,8.47,4.27,SPY190930P00279000,279.0,0,0.0,0.0,,0.0,normalDay
2019-06-25,1067.0,340.0,0.0,0,290.76,0.0,1,8.47,5.07,SPY190930P00279000,279.0,0,0.0,0.0,,0.0,normalDay
2019-06-26,1067.0,334.0,0.0,0,290.47,0.0,1,8.47,5.13,SPY190930P00279000,279.0,0,0.0,0.0,,0.0,normalDay
2019-06-27,1067.0,382.0,0.0,0,291.5,0.0,1,8.47,4.65,SPY190930P00279000,279.0,0,0.0,0.0,,0.0,normalDay
2019-06-28,1067.0,442.0,0.0,0,293.0,0.0,1,8.47,4.05,SPY190930P00279000,279.0,0,0.0,0.0,,0.0,normalDay
2019-07-01,1067.0,518.0,0.0,0,295.66,0.0,1,8.47,3.29,SPY190930P00279000,279.0,0,0.0,0.0,,0.0,normalDay
2019-07-02,1067.0,560.0,0.0,0,296.43,0.0,1,8.47,2.87,SPY190930P00279000,279.0,0,0.0,0.0,,0.0,normalDay
2019-07-03,1067.0,603.0,0.0,0,298.8,0.0,1,8.47,2.44,SPY190930P00279000,279.0,0,0.0,0.0,,0.0,normalDay
2019-07-05,1067.0,589.0,0.0,0,298.46,0.0,1,8.47,2.58,SPY190930P00279000,279.0,0,0.0,0.0,,0.0,normalDay
2019-07-08,1067.0,567.0,0.0,0,296.82,0.0,1,8.47,2.8,SPY190930P00279000,279.0,0,0.0,0.0,,0.0,normalDay
2019-07-09,1067.0,564.0,0.0,0,297.19,0.0,1,8.47,2.83,SPY190930P00279000,279.0,0,0.0,0.0,,0.0,normalDay
2019-07-10,1067.0,604.0,0.0,0,298.61,0.0,1,8.47,2.43,SPY190930P00279000,279.0,0,0.0,0.0,,0.0,normalDay
2019-07-11,1067.0,619.0,0.0,0,299.31,0.0,1,8.47,2.28,SPY190930P00279000,279.0,0,0.0,0.0,,0.0,normalDay
2019-07-12,1067.0,643.0,0.0,0,300.65,0.0,1,8.47,2.04,SPY190930P00279000,279.0,0,0.0,0.0,,0.0,normalDay
2019-07-15,1067.0,646.0,0.0,0,300.75,0.0,1,8.47,2.01,SPY190930P00279000,279.0,0,0.0,0.0,,0.0,normalDay
2019-07-16,1067.0,637.0,0.0,0,299.78,0.0,1,8.47,2.1,SPY190930P00279000,279.0,0,0.0,0.0,,0.0,normalDay
2019-07-17,1067.0,598.0,0.0,0,297.74,0.0,1,8.47,2.49,SPY190930P00279000,279.0,0,0.0,0.0,,0.0,normalDay
2019-07-18,1067.0,622.0,0.0,0,298.83,0.0,1,8.47,2.25,SPY190930P00279000,279.0,0,0.0,0.0,,0.0,normalDay
2019-07-19,1067.0,594.0,0.0,0,297.17,0.0,1,8.47,2.53,SPY190930P00279000,279.0,0,0.0,0.0,,0.0,normalDay
2019-07-22,1067.0,627.0,0.0,0,297.9,0.0,1,8.47,2.2,SPY190930P00279000,279.0,0,0.0,0.0,,0.0,normalDay
2019-07-23,1067.0,668.0,0.0,0,300.03,0.0,1,8.47,1.79,SPY190930P00279000,279.0,0,0.0,0.0,,0.0,normalDay
2019-07-24,1067.0,694.0,0.0,0,301.44,0.0,1,8.47,1.53,SPY190930P00279000,279.0,0,0.0,0.0,,0.0,normalDay
2019-07-25,1067.0,671.0,0.0,0,300.0,0.0,1,8.47,1.76,SPY190930P00279000,279.0,0,0.0,0.0,,0.0,normalDay
2019-07-26,1067.0,701.0,0.0,0,302.01,0.0,1,8.47,1.46,SPY190930P00279000,279.0,0,0.0,0.0,,0.0,normalDay
2019-07-29,1067.0,700.0,0.0,0,301.46,0.0,1,8.47,1.47,SPY190930P00279000,279.0,0,0.0,0.0,,0.0,normalDay
2019-07-30,1067.0,676.0,0.0,0,300.72,0.0,1,8.47,1.71,SPY190930P00279000,279.0,0,0.0,0.0,,0.0,normalDay
2019-07-31,1067.0,607.0,0.0,0,297.43,0.0,1,8.47,2.4,SPY190930P00279000,279.0,0,0.0,0.0,,0.0,normalDay
2019-08-01,1067.0,531.0,0.0,0,294.84,0.0,1,8.47,3.16,SPY190930P00279000,279.0,0,0.0,0.0,,0.0,normalDay
2019-08-02,1067.0,484.0,0.0,0,292.62,0.0,1,8.47,3.63,SPY190930P00279000,279.0,0,0.0,0.0,,0.0,normalDay
2019-08-05,1067.0,87.0,0.0,0,283.82,0.0,1,8.47,7.6,SPY190930P00279000,279.0,0,0.0,0.0,,0.0,normalDay
2019-08-06,1067.0,327.0,0.0,0,287.8,0.0,1,8.47,5.2,SPY190930P00279000,279.0,0,0.0,0.0,,0.0,normalDay
2019-08-07,1067.0,338.0,0.0,0,287.97,0.0,1,8.47,5.09,SPY190930P00279000,279.0,0,0.0,0.0,,0.0,normalDay
2019-08-08,1067.0,532.0,0.0,0,293.62,0.0,1,8.47,3.15,SPY190930P00279000,279.0,0,0.0,0.0,,0.0,normalDay
2019-08-09,1067.0,478.0,0.0,0,291.62,0.0,1,8.47,3.69,SPY190930P00279000,279.0,0,0.0,0.0,,0.0,normalDay
2019-08-12,1067.0,325.0,0.0,0,288.07,0.0,1,8.47,5.22,SPY190930P00279000,279.0,0,0.0,0.0,,0.0,normalDay
2019-08-13,1067.0,512.0,0.0,0,292.55,0.0,1,8.47,3.35,SPY190930P00279000,279.0,0,0.0,0.0,,0.0,normalDay
2019-08-14,1067.0,190.0,0.0,0,283.9,0.0,1,8.47,6.57,SPY190930P00279000,279.0,0,0.0,0.0,,0.0,normalDay
2019-08-15,1067.0,242.0,0.0,0,284.65,0.0,1,8.47,6.05,SPY190930P00279000,279.0,0,0.0,0.0,,0.0,normalDay
2019-08-16,1067.0,431.0,0.0,0,288.85,0.0,1,8.47,4.16,SPY190930P00279000,279.0,0,0.0,0.0,,0.0,normalDay
2019-08-19,1067.0,572.0,0.0,0,292.33,0.0,1,8.47,2.75,SPY190930P00279000,279.0,0,0.0,0.0,,0.0,normalDay
2019-08-20,1067.0,513.0,0.0,0,290.09,0.0,1,8.47,3.34,SPY190930P00279000,279.0,0,0.0,0.0,,0.0,normalDay
2019-08-21,1067.0,616.0,0.0,0,292.45,0.0,1,8.47,2.31,SPY190930P00279000,279.0,0,0.0,0.0,,0.0,normalDay
2019-08-22,1067.0,593.0,0.0,0,292.36,0.0,1,8.47,2.54,SPY190930P00279000,279.0,0,0.0,0.0,,0.0,normalDay
2019-08-23,1067.0,374.0,0.0,0,284.85,0.0,1,8.47,4.73,SPY190930P00279000,279.0,0,0.0,0.0,,0.0,normalDay
2019-08-26,1067.0,478.0,0.0,0,288.0,0.0,1,8.47,3.69,SPY190930P00279000,279.0,0,0.0,0.0,,0.0,normalDay
2019-08-27,1067.0,424.0,0.0,0,286.87,0.0,1,8.47,4.23,SPY190930P00279000,279.0,0,0.0,0.0,,0.0,normalDay
2019-08-28,1067.0,512.0,0.0,0,288.89,0.0,1,8.47,3.35,SPY190930P00279000,279.0,0,0.0,0.0,,0.0,normalDay
2019-08-29,1067.0,615.0,0.0,0,292.58,0.0,1,8.47,2.32,SPY190930P00279000,279.0,0,0.0,0.0,,0.0,normalDay
2019-08-30,1067.0,604.0,0.0,0,292.45,0.0,1,8.47,2.43,SPY190930P00279000,279.0,0,0.0,0.0,,0.0,normalDay
2019-09-03,1067.0,586.0,0.0,0,290.74,0.0,1,8.47,2.61,SPY190930P00279000,279.0,0,0.0,0.0,,0.0,normalDay
2019-09-04,1067.0,695.0,0.0,0,294.04,0.0,1,8.47,1.52,SPY190930P00279000,279.0,0,0.0,0.0,,0.0,normalDay
2019-09-05,1067.0,752.0,0.0,0,297.82,0.0,1,8.47,0.95,SPY190930P00279000,279.0,0,0.0,0.0,,0.0,normalDay
2019-09-06,1067.0,779.0,0.0,0,298.05,0.0,1,8.47,0.68,SPY190930P00279000,279.0,0,0.0,0.0,,0.0,normalDay
2019-09-09,1067.0,788.0,0.0,0,298.2,0.0,1,8.47,0.59,SPY190930P00279000,279.0,0,0.0,0.0,,0.0,normalDay
2019-09-10,1067.0,793.0,0.0,0,298.13,0.0,1,8.47,0.54,SPY190930P00279000,279.0,0,0.0,0.0,,0.0,normalDay
2019-09-11,1067.0,810.0,0.0,0,300.25,0.0,1,8.47,0.37,SPY190930P00279000,279.0,0,0.0,0.0,,0.0,normalDay
2019-09-12,1067.0,818.0,0.0,0,301.29,0.0,1,8.47,0.29,SPY190930P00279000,279.0,0,0.0,0.0,,0.0,normalDay
2019-09-13,1067.0,822.0,0.0,0,301.09,0.0,1,8.47,0.25,SPY190930P00279000,279.0,0,0.0,0.0,,0.0,normalDay
2019-09-16,1067.0,822.0,0.0,0,300.16,0.0,1,8.47,0.25,SPY190930P00279000,279.0,0,0.0,0.0,,0.0,normalDay
2019-09-17,1067.0,825.0,0.0,0,300.92,0.0,1,8.47,0.22,SPY190930P00279000,279.0,0,0.0,0.0,,0.0,normalDay
2019-09-18,1067.0,829.0,0.0,0,301.1,0.0,1,8.47,0.18,SPY190930P00279000,279.0,0,0.0,0.0,,0.0,normalDay
2019-09-19,1067.0,832.0,0.0,0,301.08,0.0,1,8.47,0.15,SPY190930P00279000,279.0,0,0.0,0.0,,0.0,normalDay
2019-09-20,1067.0,831.0,0.0,0,298.28,0.0,1,8.47,0.16,SPY190930P00279000,279.0,0,0.0,0.0,,0.0,normalDay
2019-09-23,1067.0,841.0,0.0,0,298.21,0.0,1,8.47,0.06,SPY190930P00279000,279.0,0,0.0,0.0,,0.0,normalDay
2019-09-24,1067.0,834.0,0.0,0,295.87,0.0,1,8.47,0.13,SPY190930P00279000,279.0,0,0.0,0.0,,0.0,normalDay
2019-09-25,1067.0,841.0,0.0,0,297.62,0.0,1,8.47,0.06,SPY190930P00279000,279.0,0,0.0,0.0,,0.0,normalDay
2019-09-26,1067.0,844.0,0.0,0,297.0,0.0,1,8.47,0.03,SPY190930P00279000,279.0,0,0.0,0.0,,0.0,normalDay
2019-09-27,1067.0,844.0,0.0,0,295.4,0.0,1,8.47,0.03,SPY190930P00279000,279.0,0,0.0,0.0,,0.0,normalDay
2019-09-30,1914.0,0.0,847.0,0,296.77,0.0,1,8.47,0.0,SPY190930P00279000,279.0,0,0.0,0.0,,0.0,expirationDay
2019-10-01,1914.0,-10.0,0.0,0,293.24,0.0,1,15.41,15.51,SPY200331P00297000,297.0,0,0.0,0.0,,0.0,normalDay
2019-10-02,1914.0,-339.0,0.0,0,288.06,0.0,1,15.41,18.8,SPY200331P00297000,297.0,0,0.0,0.0,,0.0,normalDay
2019-10-03,1914.0,-169.0,0.0,0,290.42,0.0,1,15.41,17.1,SPY200331P00297000,297.0,0,0.0,0.0,,0.0,normalDay
2019-10-04,1914.0,72.0,0.0,0,294.35,0.0,1,15.41,14.69,SPY200331P00297000,297.0,0,0.0,0.0,,0.0,normalDay
2019-10-07,1914.0,19.0,0.0,0,293.08,0.0,1,15.41,15.22,SPY200331P00297000,297.0,0,0.0,0.0,,0.0,normalDay
2019-10-08,1914.0,-251.0,0.0,0,288.53,0.0,1,15.41,17.92,SPY200331P00297000,297.0,0,0.0,0.0,,0.0,normalDay
2019-10-09,1914.0,-93.0,0.0,0,291.27,0.0,1,15.41,16.34,SPY200331P00297000,297.0,0,0.0,0.0,,0.0,normalDay
2019-10-10,1914.0,44.0,0.0,0,293.24,0.0,1,15.41,14.97,SPY200331P00297000,297.0,0,0.0,0.0,,0.0,normalDay
2019-10-11,1914.0,231.0,0.0,0,296.28,0.0,1,15.41,13.1,SPY200331P00297000,297.0,0,0.0,0.0,,0.0,normalDay
2019-10-14,1914.0,244.0,0.0,0,295.95,0.0,1,15.41,12.97,SPY200331P00297000,297.0,0,0.0,0.0,,0.0,normalDay
2019-10-15,1914.0,394.0,0.0,0,298.88,0.0,1,15.41,11.47,SPY200331P00297000,297.0,0,0.0,0.0,,0.0,normalDay
2019-10-16,1914.0,386.0,0.0,0,298.4,0.0,1,15.41,11.55,SPY200331P00297000,297.0,0,0.0,0.0,,0.0,normalDay
2019-10-17,1914.0,414.0,0.0,0,299.28,0.0,1,15.41,11.27,SPY200331P00297000,297.0,0,0.0,0.0,,0.0,normalDay
2019-10-18,1914.0,366.0,0.0,0,297.97,0.0,1,15.41,11.75,SPY200331P00297000,297.0,0,0.0,0.0,,0.0,normalDay
2019-10-21,1914.0,468.0,0.0,0,299.99,0.0,1,15.41,10.73,SPY200331P00297000,297.0,0,0.0,0.0,,0.0,normalDay
2019-10-22,1914.0,422.0,0.0,0,299.01,0.0,1,15.41,11.19,SPY200331P00297000,297.0,0,0.0,0.0,,0.0,normalDay
2019-10-23,1914.0,474.0,0.0,0,299.88,0.0,1,15.41,10.67,SPY200331P00297000,297.0,0,0.0,0.0,,0.0,normalDay
2019-10-24,1914.0,487.0,0.0,0,300.37,0.0,1,15.41,10.54,SPY200331P00297000,297.0,0,0.0,0.0,,0.0,normalDay
2019-10-25,1914.0,559.0,0.0,0,301.6,0.0,1,15.41,9.82,SPY200331P00297000,297.0,0,0.0,0.0,,0.0,normalDay
2019-10-28,1914.0,617.0,0.0,0,303.3,0.0,1,15.41,9.24,SPY200331P00297000,297.0,0,0.0,0.0,,0.0,normalDay
2019-10-29,1914.0,606.0,0.0,0,303.21,0.0,1,15.41,9.35,SPY200331P00297000,297.0,0,0.0,0.0,,0.0,normalDay
2019-10-30,1914.0,661.0,0.0,0,304.14,0.0,1,15.41,8.8,SPY200331P00297000,297.0,0,0.0,0.0,,0.0,normalDay
2019-10-31,1914.0,609.0,0.0,0,303.33,0.0,1,15.41,9.32,SPY200331P00297000,297.0,0,0.0,0.0,,0.0,normalDay
2019-11-01,1914.0,711.0,0.0,0,306.14,0.0,1,15.41,8.3,SPY200331P00297000,297.0,0,0.0,0.0,,0.0,normalDay
2019-11-04,1914.0,750.0,0.0,0,307.37,0.0,1,15.41,7.91,SPY200331P00297000,297.0,0,0.0,0.0,,0.0,normalDay
2019-11-05,1914.0,732.0,0.0,0,307.03,0.0,1,15.41,8.09,SPY200331P00297000,297.0,0,0.0,0.0,,0.0,normalDay
2019-11-06,1914.0,740.0,0.0,0,307.1,0.0,1,15.41,8.01,SPY200331P00297000,297.0,0,0.0,0.0,,0.0,normalDay
2019-11-07,1914.0,763.0,0.0,0,308.18,0.0,1,15.41,7.78,SPY200331P00297000,297.0,0,0.0,0.0,,0.0,normalDay
2019-11-08,1914.0,801.0,0.0,0,308.94,0.0,1,15.41,7.4,SPY200331P00297000,297.0,0,0.0,0.0,,0.0,normalDay
2019-11-11,1914.0,793.0,0.0,0,308.35,0.0,1,15.41,7.48,SPY200331P00297000,297.0,0,0.0,0.0,,0.0,normalDay
2019-11-12,1914.0,804.0,0.0,0,309.0,0.0,1,15.41,7.37,SPY200331P00297000,297.0,0,0.0,0.0,,0.0,normalDay
2019-11-13,1914.0,809.0,0.0,0,309.1,0.0,1,15.41,7.32,SPY200331P00297000,297.0,0,0.0,0.0,,0.0,normalDay
2019-11-14,1914.0,823.0,0.0,0,309.55,0.0,1,15.41,7.18,SPY200331P00297000,297.0,0,0.0,0.0,,0.0,normalDay
2019-11-15,1914.0,901.0,0.0,0,311.79,0.0,1,15.41,6.4,SPY200331P00297000,297.0,0,0.0,0.0,,0.0,normalDay
2019-11-18,1914.0,916.0,0.0,0,312.02,0.0,1,15.41,6.25,SPY200331P00297000,297.0,0,0.0,0.0,,0.0,normalDay
2019-11-19,1914.0,901.0,0.0,0,311.93,0.0,1,15.41,6.4,SPY200331P00297000,297.0,0,0.0,0.0,,0.0,normalDay
2019-11-20,1914.0,862.0,0.0,0,310.77,0.0,1,15.41,6.79,SPY200331P00297000,297.0,0,0.0,0.0,,0.0,normalDay
2019-11-21,1914.0,847.0,0.0,0,310.27,0.0,1,15.41,6.94,SPY200331P00297000,297.0,0,0.0,0.0,,0.0,normalDay
2019-11-22,1914.0,885.0,0.0,0,310.96,0.0,1,15.41,6.56,SPY200331P00297000,297.0,0,0.0,0.0,,0.0,normalDay
2019-11-25,1914.0,966.0,0.0,0,313.37,0.0,1,15.41,5.75,SPY200331P00297000,297.0,0,0.0,0.0,,0.0,normalDay
2019-11-26,1914.0,1000.0,0.0,0,314.08,0.0,1,15.41,5.41,SPY200331P00297000,297.0,0,0.0,0.0,,0.0,normalDay
2019-11-27,1914.0,1026.0,0.0,0,315.48,0.0,1,15.41,5.15,SPY200331P00297000,297.0,0,0.0,0.0,,0.0,normalDay
2019-11-29,1914.0,985.0,0.0,0,314.31,0.0,1,15.41,5.56,SPY200331P00297000,297.0,0,0.0,0.0,,0.0,normalDay
2019-12-02,1914.0,885.0,0.0,0,311.64,0.0,1,15.41,6.56,SPY200331P00297000,297.0,0,0.0,0.0,,0.0,normalDay
2019-12-03,1914.0,796.0,0.0,0,309.55,0.0,1,15.41,7.45,SPY200331P00297000,297.0,0,0.0,0.0,,0.0,normalDay
2019-12-04,1914.0,867.0,0.0,0,311.46,0.0,1,15.41,6.74,SPY200331P00297000,297.0,0,0.0,0.0,,0.0,normalDay
2019-12-05,1914.0,906.0,0.0,0,312.02,0.0,1,15.41,6.35,SPY200331P00297000,297.0,0,0.0,0.0,,0.0,normalDay
2019-12-06,1914.0,995.0,0.0,0,314.87,0.0,1,15.41,5.46,SPY200331P00297000,297.0,0,0.0,0.0,,0.0,normalDay
2019-12-09,1914.0,946.0,0.0,0,313.88,0.0,1,15.41,5.95,SPY200331P00297000,297.0,0,0.0,0.0,,0.0,normalDay
2019-12-10,1914.0,960.0,0.0,0,313.53,0.0,1,15.41,5.81,SPY200331P00297000,297.0,0,0.0,0.0,,0.0,normalDay
2019-12-11,1914.0,995.0,0.0,0,314.42,0.0,1,15.41,5.46,SPY200331P00297000,297.0,0,0.0,0.0,,0.0,normalDay
2019-12-12,1914.0,1076.0,0.0,0,317.13,0.0,1,15.41,4.65,SPY200331P00297000,297.0,0,0.0,0.0,,0.0,normalDay
2019-12-13,1914.0,1122.0,0.0,0,317.32,0.0,1,15.41,4.19,SPY200331P00297000,297.0,0,0.0,0.0,,0.0,normalDay
2019-12-16,1914.0,1186.0,0.0,0,319.5,0.0,1,15.41,3.55,SPY200331P00297000,297.0,0,0.0,0.0,,0.0,normalDay
2019-12-17,1914.0,1183.0,0.0,0,319.57,0.0,1,15.41,3.58,SPY200331P00297000,297.0,0,0.0,0.0,,0.0,normalDay
2019-12-18,1914.0,1182.0,0.0,0,319.59,0.0,1,15.41,3.59,SPY200331P00297000,297.0,0,0.0,0.0,,0.0,normalDay
2019-12-19,1914.0,1210.0,0.0,0,320.9,0.0,1,15.41,3.31,SPY200331P00297000,297.0,0,0.0,0.0,,0.0,normalDay
2019-12-20,1914.0,1223.0,0.0,0,320.73,0.0,1,15.41,3.18,SPY200331P00297000,297.0,0,0.0,0.0,,0.0,normalDay
2019-12-23,1914.0,1225.0,0.0,0,321.22,0.0,1,15.41,3.16,SPY200331P00297000,297.0,0,0.0,0.0,,0.0,normalDay
2019-12-24,1914.0,1230.0,0.0,0,321.23,0.0,1,15.41,3.11,SPY200331P00297000,297.0,0,0.0,0.0,,0.0,normalDay
2019-12-26,1914.0,1259.0,0.0,0,322.94,0.0,1,15.41,2.82,SPY200331P00297000,297.0,0,0.0,0.0,,0.0,normalDay
2019-12-27,1914.0,1245.0,0.0,0,322.86,0.0,1,15.41,2.96,SPY200331P00297000,297.0,0,0.0,0.0,,0.0,normalDay
2019-12-30,1914.0,1211.0,0.0,0,321.08,0.0,1,15.41,3.3,SPY200331P00297000,297.0,0,0.0,0.0,,0.0,normalDay
2019-12-31,1914.0,1248.0,0.0,0,321.86,0.0,1,15.41,2.93,SPY200331P00297000,297.0,0,0.0,0.0,,0.0,normalDay
2020-01-02,1914.0,1304.0,0.0,0,324.87,0.0,1,15.41,2.37,SPY200331P00297000,297.0,0,0.0,0.0,,0.0,normalDay
2020-01-03,1914.0,1251.0,0.0,0,322.41,0.0,1,15.41,2.9,SPY200331P00297000,297.0,0,0.0,0.0,,0.0,normalDay
2020-01-06,1914.0,1283.0,0.0,0,323.64,0.0,1,15.41,2.58,SPY200331P00297000,297.0,0,0.0,0.0,,0.0,normalDay
2020-01-07,1914.0,1272.0,0.0,0,322.73,0.0,1,15.41,2.69,SPY200331P00297000,297.0,0,0.0,0.0,,0.0,normalDay
2020-01-08,1914.0,1309.0,0.0,0,324.45,0.0,1,15.41,2.32,SPY200331P00297000,297.0,0,0.0,0.0,,0.0,normalDay
2020-01-09,1914.0,1347.0,0.0,0,326.65,0.0,1,15.41,1.94,SPY200331P00297000,297.0,0,0.0,0.0,,0.0,normalDay
2020-01-10,1914.0,1338.0,0.0,0,325.71,0.0,1,15.41,2.03,SPY200331P00297000,297.0,0,0.0,0.0,,0.0,normalDay
2020-01-13,1914.0,1376.0,0.0,0,327.95,0.0,1,15.41,1.65,SPY200331P00297000,297.0,0,0.0,0.0,,0.0,normalDay
2020-01-14,1914.0,1378.0,0.0,0,327.45,0.0,1,15.41,1.63,SPY200331P00297000,297.0,0,0.0,0.0,,0.0,normalDay
2020-01-15,1914.0,1386.0,0.0,0,328.19,0.0,1,15.41,1.55,SPY200331P00297000,297.0,0,0.0,0.0,,0.0,normalDay
2020-01-16,1914.0,1408.0,0.0,0,330.92,0.0,1,15.41,1.33,SPY200331P00297000,297.0,0,0.0,0.0,,0.0,normalDay
2020-01-17,1914.0,1418.0,0.0,0,331.95,0.0,1,15.41,1.23,SPY200331P00297000,297.0,0,0.0,0.0,,0.0,normalDay
2020-01-21,1914.0,1415.0,0.0,0,331.3,0.0,1,15.41,1.26,SPY200331P00297000,297.0,0,0.0,0.0,,0.0,normalDay
2020-01-22,1914.0,1416.0,0.0,0,331.34,0.0,1,15.41,1.25,SPY200331P00297000,297.0,0,0.0,0.0,,0.0,normalDay
2020-01-23,1914.0,1418.0,0.0,0,331.72,0.0,1,15.41,1.23,SPY200331P00297000,297.0,0,0.0,0.0,,0.0,normalDay
2020-01-24,1914.0,1380.0,0.0,0,328.77,0.0,1,15.41,1.61,SPY200331P00297000,297.0,0,0.0,0.0,,0.0,normalDay
2020-01-27,1914.0,1267.0,0.0,0,323.5,0.0,1,15.41,2.74,SPY200331P00297000,297.0,0,0.0,0.0,,0.0,normalDay
2020-01-28,1914.0,1347.0,0.0,0,326.89,0.0,1,15.41,1.94,SPY200331P00297000,297.0,0,0.0,0.0,,0.0,normalDay
2020-01-29,1914.0,1349.0,0.0,0,326.62,0.0,1,15.41,1.92,SPY200331P00297000,297.0,0,0.0,0.0,,0.0,normalDay
2020-01-30,1914.0,1381.0,0.0,0,327.68,0.0,1,15.41,1.6,SPY200331P00297000,297.0,0,0.0,0.0,,0.0,normalDay
2020-01-31,1914.0,1271.0,0.0,0,321.73,0.0,1,15.41,2.7,SPY200331P00297000,297.0,0,0.0,0.0,,0.0,normalDay
2020-02-03,1914.0,1315.0,0.0,0,324.12,0.0,1,15.41,2.26,SPY200331P00297000,297.0,0,0.0,0.0,,0.0,normalDay
2020-02-04,1914.0,1402.0,0.0,0,329.06,0.0,1,15.41,1.39,SPY200331P00297000,297.0,0,0.0,0.0,,0.0,normalDay
2020-02-05,1914.0,1438.0,0.0,0,332.86,0.0,1,15.41,1.03,SPY200331P00297000,297.0,0,0.0,0.0,,0.0,normalDay
2020-02-06,1914.0,1443.0,0.0,0,333.98,0.0,1,15.41,0.98,SPY200331P00297000,297.0,0,0.0,0.0,,0.0,normalDay
2020-02-07,1914.0,1433.0,0.0,0,332.2,0.0,1,15.41,1.08,SPY200331P00297000,297.0,0,0.0,0.0,,0.0,normalDay
2020-02-10,1914.0,1455.0,0.0,0,334.68,0.0,1,15.41,0.86,SPY200331P00297000,297.0,0,0.0,0.0,,0.0,normalDay
2020-02-11,1914.0,1458.0,0.0,0,335.26,0.0,1,15.41,0.83,SPY200331P00297000,297.0,0,0.0,0.0,,0.0,normalDay
2020-02-12,1914.0,1476.0,0.0,0,337.42,0.0,1,15.41,0.65,SPY200331P00297000,297.0,0,0.0,0.0,,0.0,normalDay
2020-02-13,1914.0,1475.0,0.0,0,337.06,0.0,1,15.41,0.66,SPY200331P00297000,297.0,0,0.0,0.0,,0.0,normalDay
2020-02-14,1914.0,1482.0,0.0,0,337.6,0.0,1,15.41,0.59,SPY200331P00297000,297.0,0,0.0,0.0,,0.0,normalDay
2020-02-18,1914.0,1480.0,0.0,0,336.73,0.0,1,15.41,0.61,SPY200331P00297000,297.0,0,0.0,0.0,,0.0,normalDay
2020-02-19,1914.0,1489.0,0.0,0,338.34,0.0,1,15.41,0.52,SPY200331P00297000,297.0,0,0.0,0.0,,0.0,normalDay
2020-02-20,1914.0,1478.0,0.0,0,336.95,0.0,1,15.41,0.63,SPY200331P00297000,297.0,0,0.0,0.0,,0.0,normalDay
2020-02-21,1914.0,1454.0,0.0,0,333.48,0.0,1,15.41,0.87,SPY200331P00297000,297.0,0,0.0,0.0,,0.0,normalDay
2020-02-24,1914.0,1259.0,0.0,0,322.42,0.0,1,15.41,2.82,SPY200331P00297000,297.0,0,0.0,0.0,,0.0,normalDay
2020-02-25,1914.0,1083.0,0.0,0,312.65,0.0,1,15.41,4.58,SPY200331P00297000,297.0,0,0.0,0.0,,0.0,normalDay
2020-02-26,1914.0,1066.0,0.0,0,311.5,0.0,1,15.41,4.75,SPY200331P00297000,297.0,0,0.0,0.0,,0.0,normalDay
2020-02-27,1914.0,309.0,0.0,0,297.51,0.0,1,15.41,12.32,SPY200331P00297000,297.0,0,0.0,0.0,,0.0,normalDay
2020-02-28,1914.0,228.0,0.0,0,296.26,0.0,1,15.41,13.13,SPY200331P00297000,297.0,0,0.0,0.0,,0.0,normalDay
2020-03-02,1914.0,926.0,0.0,0,309.09,0.0,1,15.41,6.15,SPY200331P00297000,297.0,0,0.0,0.0,,0.0,normalDay
2020-03-03,1914.0,588.0,0.0,0,300.24,0.0,1,15.41,9.53,SPY200331P00297000,297.0,0,0.0,0.0,,0.0,normalDay
2020-03-04,1914.0,1020.0,0.0,0,312.86,0.0,1,15.41,5.21,SPY200331P00297000,297.0,0,0.0,0.0,,0.0,normalDay
2020-03-05,1914.0,543.0,0.0,0,302.46,0.0,1,15.41,9.98,SPY200331P00297000,297.0,0,0.0,0.0,,0.0,normalDay
2020-03-06,1914.0,327.0,0.0,0,297.46,0.0,1,15.41,12.14,SPY200331P00297000,297.0,0,0.0,0.0,,0.0,normalDay
2020-03-09,1914.0,-1248.0,0.0,0,274.23,0.0,1,15.41,27.89,SPY200331P00297000,297.0,0,0.0,0.0,,0.0,normalDay
2020-03-10,1914.0,-144.0,0.0,0,288.42,0.0,1,15.41,16.85,SPY200331P00297000,297.0,0,0.0,0.0,,0.0,normalDay
2020-03-11,1914.0,-1190.0,0.0,0,274.36,0.0,1,15.41,27.31,SPY200331P00297000,297.0,0,0.0,0.0,,0.0,normalDay
2020-03-12,1914.0,-3588.0,0.0,0,248.11,0.0,1,15.41,51.29,SPY200331P00297000,297.0,0,0.0,0.0,,0.0,normalDay
2020-03-13,1914.0,-1524.0,0.0,0,269.32,0.0,1,15.41,30.65,SPY200331P00297000,297.0,0,0.0,0.0,,0.0,normalDay
2020-03-16,1914.0,-4029.0,0.0,0,239.85,0.0,1,15.41,55.7,SPY200331P00297000,297.0,0,0.0,0.0,,0.0,normalDay
2020-03-17,1914.0,-3204.0,0.0,0,252.8,0.0,1,15.41,47.45,SPY200331P00297000,297.0,0,0.0,0.0,,0.0,normalDay
2020-03-18,1914.0,-4419.0,0.0,0,240.0,0.0,1,15.41,59.6,SPY200331P00297000,297.0,0,0.0,0.0,,0.0,normalDay
2020-03-19,1914.0,-4372.0,0.0,0,240.51,0.0,1,15.41,59.13,SPY200331P00297000,297.0,0,0.0,0.0,,0.0,normalDay
2020-03-20,1914.0,-5306.0,0.0,0,228.8,0.0,1,15.41,68.47,SPY200331P00297000,297.0,0,0.0,0.0,,0.0,normalDay
2020-03-23,1914.0,-6100.0,0.0,0,222.95,0.0,1,15.41,76.41,SPY200331P00297000,297.0,0,0.0,0.0,,0.0,normalDay
2020-03-24,1914.0,-3964.0,0.0,0,243.15,0.0,1,15.41,55.05,SPY200331P00297000,297.0,0,0.0,0.0,,0.0,normalDay
2020-03-25,1914.0,-3484.0,0.0,0,246.79,0.0,1,15.41,50.25,SPY200331P00297000,297.0,0,0.0,0.0,,0.0,normalDay
2020-03-26,1914.0,-2129.0,0.0,0,261.2,0.0,1,15.41,36.7,SPY200331P00297000,297.0,0,0.0,0.0,,0.0,normalDay
2020-03-27,1914.0,-2905.0,0.0,0,253.42,0.0,1,15.41,44.46,SPY200331P00297000,297.0,0,0.0,0.0,,0.0,normalDay
2020-03-30,1914.0,-2098.0,0.0,0,261.65,0.0,1,15.41,36.39,SPY200331P00297000,297.0,0,0.0,0.0,,0.0,normalDay
2020-03-31,3455.0,-3925.0,1541.0,100,257.75,297.0,1,15.41,0.0,SPY200331P00297000,297.0,0,0.0,0.0,,0.0,expirationDay
2020-04-01,3455.0,-5085.0,0.0,100,246.15,297.0,0,0.0,0.0,,0.0,0,0.0,0.0,,0.0,bidTooLow
2020-04-02,3455.0,-4517.0,0.0,100,251.83,297.0,0,0.0,0.0,,0.0,0,0.0,0.0,,0.0,bidTooLow
2020-04-03,3455.0,-4881.0,0.0,100,248.19,297.0,0,0.0,0.0,,0.0,0,0.0,0.0,,0.0,bidTooLow
2020-04-06,3455.0,-3217.0,0.0,100,264.86,297.0,0,0.0,0.0,,0.0,1,0.03,0.06,SPY200409C00289000,289.0,normalDay
2020-04-07,3455.0,-3188.0,0.0,100,265.13,297.0,0,0.0,0.0,,0.0,1,0.03,0.04,SPY200409C00289000,289.0,normalDay
2020-04-08,3455.0,-2298.0,0.0,100,274.03,297.0,0,0.0,0.0,,0.0,1,0.03,0.04,SPY200409C00289000,289.0,normalDay
2020-04-09,3458.0,-1880.0,3.0,100,278.2,297.0,0,0.0,0.0,,0.0,1,0.03,0.0,SPY200409C00289000,289.0,expirationDay
2020-04-13,3458.0,-2138.0,0.0,100,275.66,297.0,0,0.0,0.0,,0.0,1,0.2,0.24,SPY200415C00288000,288.0,normalDay
2020-04-14,3458.0,-1381.0,0.0,100,283.79,297.0,0,0.0,0.0,,0.0,1,0.2,0.8,SPY200415C00288000,288.0,normalDay
2020-04-15,3478.0,-1924.0,20.0,100,277.76,297.0,0,0.0,0.0,,0.0,1,0.2,0.0,SPY200415C00288000,288.0,expirationDay
2020-04-16,3478.0,-1790.0,0.0,100,279.1,297.0,0,0.0,0.0,,0.0,0,0.0,0.0,,0.0,bidTooLow
2020-04-17,3478.0,-1036.0,0.0,100,286.64,297.0,0,0.0,0.0,,0.0,0,0.0,0.0,,0.0,bidTooLow
2020-04-20,3478.0,-1541.0,0.0,100,281.59,297.0,0,0.0,0.0,,0.0,0,0.0,0.0,,0.0,bidTooLow
2020-04-21,3478.0,-2396.0,0.0,100,273.04,297.0,0,0.0,0.0,,0.0,0,0.0,0.0,,0.0,bidTooLow
2020-04-22,3478.0,-1790.0,0.0,100,279.1,297.0,0,0.0,0.0,,0.0,0,0.0,0.0,,0.0,bidTooLow
2020-04-23,3478.0,-1792.0,0.0,100,279.08,297.0,0,0.0,0.0,,0.0,0,0.0,0.0,,0.0,bidTooLow
2020-04-24,3478.0,-1403.0,0.0,100,282.97,297.0,0,0.0,0.0,,0.0,0,0.0,0.0,,0.0,bidTooLow
2020-04-27,3478.0,-995.0,0.0,100,287.05,297.0,0,0.0,0.0,,0.0,0,0.0,0.0,,0.0,bidTooLow
2020-04-28,3478.0,-1130.0,0.0,100,285.73,297.0,0,0.0,0.0,,0.0,1,0.01,0.04,SPY200501C00304000,304.0,normalDay
2020-04-29,3478.0,-389.0,0.0,100,293.21,297.0,0,0.0,0.0,,0.0,1,0.01,0.11,SPY200501C00304000,304.0,normalDay
2020-04-30,3478.0,-653.0,0.0,100,290.48,297.0,0,0.0,0.0,,0.0,1,0.01,0.02,SPY200501C00304000,304.0,normalDay
2020-05-01,3479.0,-1421.0,1.0,100,282.79,297.0,0,0.0,0.0,,0.0,1,0.01,0.0,SPY200501C00304000,304.0,expirationDay
2020-05-04,3479.0,-1343.0,0.0,100,283.57,297.0,0,0.0,0.0,,0.0,0,0.0,0.0,,0.0,bidTooLow
2020-05-05,3479.0,-1085.0,0.0,100,286.19,297.0,0,0.0,0.0,,0.0,1,0.13,0.17,SPY200508C00297000,297.0,normalDay
2020-05-06,3479.0,-1267.0,0.0,100,284.25,297.0,0,0.0,0.0,,0.0,1,0.13,0.05,SPY200508C00297000,297.0,normalDay
2020-05-07,3479.0,-922.0,0.0,100,287.68,297.0,0,0.0,0.0,,0.0,1,0.13,0.03,SPY200508C00297000,297.0,normalDay
2020-05-08,3492.0,-456.0,13.0,100,292.44,297.0,0,0.0,0.0,,0.0,1,0.13,0.0,SPY200508C00297000,297.0,expirationDay
2020-05-11,3492.0,-453.0,0.0,100,292.5,297.0,0,0.0,0.0,,0.0,1,0.33,0.36,SPY200513C00297000,297.0,normalDay
2020-05-12,3492.0,-1002.0,0.0,100,286.67,297.0,0,0.0,0.0,,0.0,1,0.33,0.02,SPY200513C00297000,297.0,normalDay
2020-05-13,3525.0,-1540.0,33.0,100,281.6,297.0,0,0.0,0.0,,0.0,1,0.33,0.0,SPY200513C00297000,297.0,expirationDay
2020-05-14,3525.0,-1203.0,0.0,100,284.97,297.0,0,0.0,0.0,,0.0,0,0.0,0.0,,0.0,bidTooLow
2020-05-15,3525.0,-1072.0,0.0,100,286.28,297.0,0,0.0,0.0,,0.0,0,0.0,0.0,,0.0,bidTooLow
2020-05-18,3525.0,-203.0,0.0,100,295.0,297.0,0,0.0,0.0,,0.0,1,0.68,0.71,SPY200520C00299000,299.0,normalDay
2020-05-19,3525.0,-445.0,0.0,100,291.97,297.0,0,0.0,0.0,,0.0,1,0.68,0.1,SPY200520C00299000,299.0,normalDay
2020-05-20,3593.0,-7.0,68.0,100,296.93,297.0,0,0.0,0.0,,0.0,1,0.68,0.0,SPY200520C00299000,299.0,expirationDay
2020-05-21,3593.0,-215.0,0.0,100,294.88,297.0,0,0.0,0.0,,0.0,1,0.17,0.2,SPY200522C00299500,299.5,normalDay
2020-05-22,3610.0,-156.0,17.0,100,295.44,297.0,0,0.0,0.0,,0.0,1,0.17,0.0,SPY200522C00299500,299.5,expirationDay
2020-05-26,3610.0,204.0,0.0,100,299.08,297.0,0,0.0,0.0,,0.0,1,1.25,1.29,SPY200529C00302000,302.0,normalDay
2020-05-27,3610.0,457.0,0.0,100,303.53,297.0,0,0.0,0.0,,0.0,1,1.25,3.21,SPY200529C00302000,302.0,normalDay
2020-05-28,3610.0,438.0,0.0,100,302.97,297.0,0,0.0,0.0,,0.0,1,1.25,2.84,SPY200529C00302000,302.0,normalDay
2020-05-29,4235.0,438.0,625.0,0,304.32,0.0,0,0.0,0.0,,0.0,1,1.25,0.0,SPY200529C00302000,302.0,expirationDay
2020-06-01,4235.0,-42.0,0.0,0,305.55,0.0,1,19.12,19.54,SPY210115P00288000,288.0,0,0.0,0.0,,0.0,normalDay
2020-06-02,4235.0,64.0,0.0,0,308.08,0.0,1,19.12,18.48,SPY210115P00288000,288.0,0,0.0,0.0,,0.0,normalDay
2020-06-03,4235.0,210.0,0.0,0,312.18,0.0,1,19.12,17.02,SPY210115P00288000,288.0,0,0.0,0.0,,0.0,normalDay
2020-06-04,4235.0,187.0,0.0,0,311.36,0.0,1,19.12,17.25,SPY210115P00288000,288.0,0,0.0,0.0,,0.0,normalDay
2020-06-05,4235.0,446.0,0.0,0,319.34,0.0,1,19.12,14.66,SPY210115P00288000,288.0,0,0.0,0.0,,0.0,normalDay
2020-06-08,4235.0,526.0,0.0,0,323.2,0.0,1,19.12,13.86,SPY210115P00288000,288.0,0,0.0,0.0,,0.0,normalDay
2020-06-09,4235.0,417.0,0.0,0,320.79,0.0,1,19.12,14.95,SPY210115P00288000,288.0,0,0.0,0.0,,0.0,normalDay
2020-06-10,4235.0,331.0,0.0,0,319.0,0.0,1,19.12,15.81,SPY210115P00288000,288.0,0,0.0,0.0,,0.0,normalDay
2020-06-11,4235.0,-577.0,0.0,0,300.61,0.0,1,19.12,24.89,SPY210115P00288000,288.0,0,0.0,0.0,,0.0,normalDay
2020-06-12,4235.0,-365.0,0.0,0,304.21,0.0,1,19.12,22.77,SPY210115P00288000,288.0,0,0.0,0.0,,0.0,normalDay
2020-06-15,4235.0,-174.0,0.0,0,307.05,0.0,1,19.12,20.86,SPY210115P00288000,288.0,0,0.0,0.0,,0.0,normalDay
2020-06-16,4235.0,-28.0,0.0,0,312.96,0.0,1,19.12,19.4,SPY210115P00288000,288.0,0,0.0,0.0,,0.0,normalDay
2020-06-17,4235.0,-50.0,0.0,0,311.66,0.0,1,19.12,19.62,SPY210115P00288000,288.0,0,0.0,0.0,,0.0,normalDay
2020-06-18,4235.0,-54.0,0.0,0,311.78,0.0,1,19.12,19.66,SPY210115P00288000,288.0,0,0.0,0.0,,0.0,normalDay
2020-06-19,4235.0,-181.0,0.0,0,308.64,0.0,1,19.12,20.93,SPY210115P00288000,288.0,0,0.0,0.0,,0.0,normalDay
2020-06-22,4235.0,35.0,0.0,0,310.62,0.0,1,19.12,18.77,SPY210115P00288000,288.0,0,0.0,0.0,,0.0,normalDay
2020-06-23,4235.0,97.0,0.0,0,312.05,0.0,1,19.12,18.15,SPY210115P00288000,288.0,0,0.0,0.0,,0.0,normalDay
2020-06-24,4235.0,-203.0,0.0,0,304.09,0.0,1,19.12,21.15,SPY210115P00288000,288.0,0,0.0,0.0,,0.0,normalDay
2020-06-25,4235.0,-16.0,0.0,0,307.35,0.0,1,19.12,19.28,SPY210115P00288000,288.0,0,0.0,0.0,,0.0,normalDay
2020-06-26,4235.0,-284.0,0.0,0,300.05,0.0,1,19.12,21.96,SPY210115P00288000,288.0,0,0.0,0.0,,0.0,normalDay
2020-06-29,4235.0,-67.0,0.0,0,304.46,0.0,1,19.12,19.79,SPY210115P00288000,288.0,0,0.0,0.0,,0.0,normalDay
2020-06-30,4235.0,91.0,0.0,0,308.36,0.0,1,19.12,18.21,SPY210115P00288000,288.0,0,0.0,0.0,,0.0,normalDay
2020-07-01,4235.0,195.0,0.0,0,310.52,0.0,1,19.12,17.17,SPY210115P00288000,288.0,0,0.0,0.0,,0.0,normalDay
2020-07-02,4235.0,285.0,0.0,0,312.23,0.0,1,19.12,16.27,SPY210115P00288000,288.0,0,0.0,0.0,,0.0,normalDay
2020-07-06,4235.0,412.0,0.0,0,317.05,0.0,1,19.12,15.0,SPY210115P00288000,288.0,0,0.0,0.0,,0.0,normalDay
2020-07-07,4235.0,292.0,0.0,0,313.78,0.0,1,19.12,16.2,SPY210115P00288000,288.0,0,0.0,0.0,,0.0,normalDay
2020-07-08,4235.0,387.0,0.0,0,316.18,0.0,1,19.12,15.25,SPY210115P00288000,288.0,0,0.0,0.0,,0.0,normalDay
2020-07-09,4235.0,292.0,0.0,0,314.38,0.0,1,19.12,16.2,SPY210115P00288000,288.0,0,0.0,0.0,,0.0,normalDay
2020-07-10,4235.0,424.0,0.0,0,317.59,0.0,1,19.12,14.88,SPY210115P00288000,288.0,0,0.0,0.0,,0.0,normalDay
2020-07-13,4235.0,190.0,0.0,0,314.84,0.0,1,19.12,17.22,SPY210115P00288000,288.0,0,0.0,0.0,,0.0,normalDay
2020-07-14,4235.0,398.0,0.0,0,318.92,0.0,1,19.12,15.14,SPY210115P00288000,288.0,0,0.0,0.0,,0.0,normalDay
2020-07-15,4235.0,510.0,0.0,0,321.85,0.0,1,19.12,14.02,SPY210115P00288000,288.0,0,0.0,0.0,,0.0,normalDay
2020-07-16,4235.0,472.0,0.0,0,320.79,0.0,1,19.12,14.4,SPY210115P00288000,288.0,0,0.0,0.0,,0.0,normalDay
2020-07-17,4235.0,589.0,0.0,0,321.72,0.0,1,19.12,13.23,SPY210115P00288000,288.0,0,0.0,0.0,,0.0,normalDay
2020-07-20,4235.0,718.0,0.0,0,324.32,0.0,1,19.12,11.94,SPY210115P00288000,288.0,0,0.0,0.0,,0.0,normalDay
2020-07-21,4235.0,721.0,0.0,0,325.01,0.0,1,19.12,11.91,SPY210115P00288000,288.0,0,0.0,0.0,,0.0,normalDay
2020-07-22,4235.0,766.0,0.0,0,326.86,0.0,1,19.12,11.46,SPY210115P00288000,288.0,0,0.0,0.0,,0.0,normalDay
2020-07-23,4235.0,636.0,0.0,0,322.96,0.0,1,19.12,12.76,SPY210115P00288000,288.0,0,0.0,0.0,,0.0,normalDay
2020-07-24,4235.0,606.0,0.0,0,320.88,0.0,1,19.12,13.06,SPY210115P00288000,288.0,0,0.0,0.0,,0.0,normalDay
2020-07-27,4235.0,701.0,0.0,0,323.22,0.0,1,19.12,12.11,SPY210115P00288000,288.0,0,0.0,0.0,,0.0,normalDay
2020-07-28,4235.0,631.0,0.0,0,321.17,0.0,1,19.12,12.81,SPY210115P00288000,288.0,0,0.0,0.0,,0.0,normalDay
2020-07-29,4235.0,745.0,0.0,0,325.12,0.0,1,19.12,11.67,SPY210115P00288000,288.0,0,0.0,0.0,,0.0,normalDay
2020-07-30,4235.0,693.0,0.0,0,323.96,0.0,1,19.12,12.19,SPY210115P00288000,288.0,0,0.0,0.0,,0.0,normalDay
2020-07-31,4235.0,770.0,0.0,0,326.52,0.0,1,19.12,11.42,SPY210115P00288000,288.0,0,0.0,0.0,,0.0,normalDay
2020-08-03,4235.0,827.0,0.0,0,328.79,0.0,1,19.12,10.85,SPY210115P00288000,288.0,0,0.0,0.0,,0.0,normalDay
2020-08-04,4235.0,887.0,0.0,0,330.06,0.0,1,19.12,10.25,SPY210115P00288000,288.0,0,0.0,0.0,,0.0,normalDay
2020-08-05,4235.0,942.0,0.0,0,332.11,0.0,1,19.12,9.7,SPY210115P00288000,288.0,0,0.0,0.0,,0.0,normalDay
2020-08-06,4235.0,989.0,0.0,0,334.33,0.0,1,19.12,9.23,SPY210115P00288000,288.0,0,0.0,0.0,,0.0,normalDay
2020-08-07,4235.0,988.0,0.0,0,334.57,0.0,1,19.12,9.24,SPY210115P00288000,288.0,0,0.0,0.0,,0.0,normalDay
2020-08-10,4235.0,1019.0,0.0,0,335.57,0.0,1,19.12,8.93,SPY210115P00288000,288.0,0,0.0,0.0,,0.0,normalDay
2020-08-11,4235.0,924.0,0.0,0,332.8,0.0,1,19.12,9.88,SPY210115P00288000,288.0,0,0.0,0.0,,0.0,normalDay
2020-08-12,4235.0,1051.0,0.0,0,337.44,0.0,1,19.12,8.61,SPY210115P00288000,288.0,0,0.0,0.0,,0.0,normalDay
2020-08-13,4235.0,1040.0,0.0,0,336.83,0.0,1,19.12,8.72,SPY210115P00288000,288.0,0,0.0,0.0,,0.0,normalDay
2020-08-14,4235.0,1039.0,0.0,0,336.84,0.0,1,19.12,8.73,SPY210115P00288000,288.0,0,0.0,0.0,,0.0,normalDay
2020-08-17,4235.0,1096.0,0.0,0,337.91,0.0,1,19.12,8.16,SPY210115P00288000,288.0,0,0.0,0.0,,0.0,normalDay
2020-08-18,4235.0,1133.0,0.0,0,338.64,0.0,1,19.12,7.79,SPY210115P00288000,288.0,0,0.0,0.0,,0.0,normalDay
2020-08-19,4235.0,1090.0,0.0,0,337.23,0.0,1,19.12,8.22,SPY210115P00288000,288.0,0,0.0,0.0,,0.0,normalDay
2020-08-20,4235.0,1116.0,0.0,0,338.28,0.0,1,19.12,7.96,SPY210115P00288000,288.0,0,0.0,0.0,,0.0,normalDay
2020-08-21,4235.0,1144.0,0.0,0,339.48,0.0,1,19.12,7.68,SPY210115P00288000,288.0,0,0.0,0.0,,0.0,normalDay
2020-08-24,4235.0,1196.0,0.0,0,342.92,0.0,1,19.12,7.16,SPY210115P00288000,288.0,0,0.0,0.0,,0.0,normalDay
2020-08-25,4235.0,1225.0,0.0,0,344.12,0.0,1,19.12,6.87,SPY210115P00288000,288.0,0,0.0,0.0,,0.0,normalDay
2020-08-26,4235.0,1236.0,0.0,0,347.57,0.0,1,19.12,6.76,SPY210115P00288000,288.0,0,0.0,0.0,,0.0,normalDay
2020-08-27,4235.0,1217.0,0.0,0,348.33,0.0,1,19.12,6.95,SPY210115P00288000,288.0,0,0.0,0.0,,0.0,normalDay
2020-08-28,4235.0,1260.0,0.0,0,350.58,0.0,1,19.12,6.52,SPY210115P00288000,288.0,0,0.0,0.0,,0.0,normalDay
2020-08-31,4235.0,1180.0,0.0,0,349.31,0.0,1,19.12,7.32,SPY210115P00288000,288.0,0,0.0,0.0,,0.0,normalDay
2020-09-01,4235.0,1202.0,0.0,0,352.6,0.0,1,19.12,7.1,SPY210115P00288000,288.0,0,0.0,0.0,,0.0,normalDay
2020-09-02,4235.0,1216.0,0.0,0,357.7,0.0,1,19.12,6.96,SPY210115P00288000,288.0,0,0.0,0.0,,0.0,normalDay
2020-09-03,4235.0,989.0,0.0,0,345.39,0.0,1,19.12,9.23,SPY210115P00288000,288.0,0,0.0,0.0,,0.0,normalDay
2020-09-04,4235.0,1019.0,0.0,0,342.57,0.0,1,19.12,8.93,SPY210115P00288000,288.0,0,0.0,0.0,,0.0,normalDay
2020-09-08,4235.0,955.0,0.0,0,333.21,0.0,1,19.12,9.57,SPY210115P00288000,288.0,0,0.0,0.0,,0.0,normalDay
2020-09-09,4235.0,1127.0,0.0,0,339.79,0.0,1,19.12,7.85,SPY210115P00288000,288.0,0,0.0,0.0,,0.0,normalDay
2020-09-10,4235.0,1030.0,0.0,0,333.89,0.0,1,19.12,8.82,SPY210115P00288000,288.0,0,0.0,0.0,,0.0,normalDay
2020-09-11,4235.0,1089.0,0.0,0,334.06,0.0,1,19.12,8.23,SPY210115P00288000,288.0,0,0.0,0.0,,0.0,normalDay
2020-09-14,4235.0,1218.0,0.0,0,338.46,0.0,1,19.12,6.94,SPY210115P00288000,288.0,0,0.0,0.0,,0.0,normalDay
2020-09-15,4235.0,1244.0,0.0,0,340.17,0.0,1,19.12,6.68,SPY210115P00288000,288.0,0,0.0,0.0,,0.0,normalDay
2020-09-16,4235.0,1213.0,0.0,0,338.82,0.0,1,19.12,6.99,SPY210115P00288000,288.0,0,0.0,0.0,,0.0,normalDay
2020-09-17,4235.0,1178.0,0.0,0,335.84,0.0,1,19.12,7.34,SPY210115P00288000,288.0,0,0.0,0.0,,0.0,normalDay
2020-09-18,4235.0,1140.0,0.0,0,330.65,0.0,1,19.12,7.72,SPY210115P00288000,288.0,0,0.0,0.0,,0.0,normalDay
2020-09-21,4235.0,1070.0,0.0,0,326.97,0.0,1,19.12,8.42,SPY210115P00288000,288.0,0,0.0,0.0,,0.0,normalDay
2020-09-22,4235.0,1101.0,0.0,0,330.3,0.0,1,19.12,8.11,SPY210115P00288000,288.0,0,0.0,0.0,,0.0,normalDay
2020-09-23,4235.0,918.0,0.0,0,322.64,0.0,1,19.12,9.94,SPY210115P00288000,288.0,0,0.0,0.0,,0.0,normalDay
2020-09-24,4235.0,967.0,0.0,0,323.5,0.0,1,19.12,9.45,SPY210115P00288000,288.0,0,0.0,0.0,,0.0,normalDay
2020-09-25,4235.0,1097.0,0.0,0,328.73,0.0,1,19.12,8.15,SPY210115P00288000,288.0,0,0.0,0.0,,0.0,normalDay
2020-09-28,4235.0,1208.0,0.0,0,334.19,0.0,1,19.12,7.04,SPY210115P00288000,288.0,0,0.0,0.0,,0.0,normalDay
2020-09-29,4235.0,1203.0,0.0,0,332.37,0.0,1,19.12,7.09,SPY210115P00288000,288.0,0,0.0,0.0,,0.0,normalDay
2020-09-30,4235.0,1204.0,0.0,0,334.89,0.0,1,19.12,7.08,SPY210115P00288000,288.0,0,0.0,0.0,,0.0,normalDay
2020-10-01,4235.0,1243.0,0.0,0,337.04,0.0,1,19.12,6.69,SPY210115P00288000,288.0,0,0.0,0.0,,0.0,normalDay
2020-10-02,4235.0,1181.0,0.0,0,333.84,0.0,1,19.12,7.31,SPY210115P00288000,288.0,0,0.0,0.0,,0.0,normalDay
2020-10-05,4235.0,1312.0,0.0,0,339.76,0.0,1,19.12,6.0,SPY210115P00288000,288.0,0,0.0,0.0,,0.0,normalDay
2020-10-06,4235.0,1240.0,0.0,0,334.93,0.0,1,19.12,6.72,SPY210115P00288000,288.0,0,0.0,0.0,,0.0,normalDay
2020-10-07,4235.0,1363.0,0.0,0,340.76,0.0,1,19.12,5.49,SPY210115P00288000,288.0,0,0.0,0.0,,0.0,normalDay
2020-10-08,4235.0,1446.0,0.0,0,343.78,0.0,1,19.12,4.66,SPY210115P00288000,288.0,0,0.0,0.0,,0.0,normalDay
2020-10-09,4235.0,1519.0,0.0,0,346.85,0.0,1,19.12,3.93,SPY210115P00288000,288.0,0,0.0,0.0,,0.0,normalDay
2020-10-12,4235.0,1569.0,0.0,0,352.43,0.0,1,19.12,3.43,SPY210115P00288000,288.0,0,0.0,0.0,,0.0,normalDay
2020-10-13,4235.0,1548.0,0.0,0,350.13,0.0,1,19.12,3.64,SPY210115P00288000,288.0,0,0.0,0.0,,0.0,normalDay
2020-10-14,4235.0,1541.0,0.0,0,347.93,0.0,1,19.12,3.71,SPY210115P00288000,288.0,0,0.0,0.0,,0.0,normalDay
2020-10-15,4235.0,1532.0,0.0,0,347.5,0.0,1,19.12,3.8,SPY210115P00288000,288.0,0,0.0,0.0,,0.0,normalDay
2020-10-16,4235.0,1514.0,0.0,0,347.29,0.0,1,19.12,3.98,SPY210115P00288000,288.0,0,0.0,0.0,,0.0,normalDay
2020-10-19,4235.0,1450.0,0.0,0,342.01,0.0,1,19.12,4.62,SPY210115P00288000,288.0,0,0.0,0.0,,0.0,normalDay
2020-10-20,4235.0,1462.0,0.0,0,343.38,0.0,1,19.12,4.5,SPY210115P00288000,288.0,0,0.0,0.0,,0.0,normalDay
2020-10-21,4235.0,1495.0,0.0,0,342.73,0.0,1,19.12,4.17,SPY210115P00288000,288.0,0,0.0,0.0,,0.0,normalDay
2020-10-22,4235.0,1517.0,0.0,0,344.61,0.0,1,19.12,3.95,SPY210115P00288000,288.0,0,0.0,0.0,,0.0,normalDay
2020-10-23,4235.0,1537.0,0.0,0,345.78,0.0,1,19.12,3.75,SPY210115P00288000,288.0,0,0.0,0.0,,0.0,normalDay
2020-10-26,4235.0,1409.0,0.0,0,339.39,0.0,1,19.12,5.03,SPY210115P00288000,288.0,0,0.0,0.0,,0.0,normalDay
2020-10-27,4235.0,1385.0,0.0,0,338.22,0.0,1,19.12,5.27,SPY210115P00288000,288.0,0,0.0,0.0,,0.0,normalDay
2020-10-28,4235.0,1039.0,0.0,0,326.66,0.0,1,19.12,8.73,SPY210115P00288000,288.0,0,0.0,0.0,,0.0,normalDay
2020-10-29,4235.0,1222.0,0.0,0,329.98,0.0,1,19.12,6.9,SPY210115P00288000,288.0,0,0.0,0.0,,0.0,normalDay
2020-10-30,4235.0,1142.0,0.0,0,326.54,0.0,1,19.12,7.7,SPY210115P00288000,288.0,0,0.0,0.0,,0.0,normalDay
2020-11-02,4235.0,1264.0,0.0,0,330.2,0.0,1,19.12,6.48,SPY210115P00288000,288.0,0,0.0,0.0,,0.0,normalDay
2020-11-03,4235.0,1383.0,0.0,0,336.03,0.0,1,19.12,5.29,SPY210115P00288000,288.0,0,0.0,0.0,,0.0,normalDay
2020-11-04,4235.0,1558.0,0.0,0,343.54,0.0,1,19.12,3.54,SPY210115P00288000,288.0,0,0.0,0.0,,0.0,normalDay
2020-11-05,4235.0,1621.0,0.0,0,350.24,0.0,1,19.12,2.91,SPY210115P00288000,288.0,0,0.0,0.0,,0.0,normalDay
2020-11-06,4235.0,1670.0,0.0,0,350.16,0.0,1,19.12,2.42,SPY210115P00288000,288.0,0,0.0,0.0,,0.0,normalDay
2020-11-09,4235.0,1715.0,0.0,0,354.56,0.0,1,19.12,1.97,SPY210115P00288000,288.0,0,0.0,0.0,,0.0,normalDay
2020-11-10,4235.0,1727.0,0.0,0,354.04,0.0,1,19.12,1.85,SPY210115P00288000,288.0,0,0.0,0.0,,0.0,normalDay
2020-11-11,4235.0,1752.0,0.0,0,356.67,0.0,1,19.12,1.6,SPY210115P00288000,288.0,0,0.0,0.0,,0.0,normalDay
2020-11-12,4235.0,1709.0,0.0,0,353.21,0.0,1,19.12,2.03,SPY210115P00288000,288.0,0,0.0,0.0,,0.0,normalDay
2020-11-13,4235.0,1763.0,0.0,0,358.1,0.0,1,19.12,1.49,SPY210115P00288000,288.0,0,0.0,0.0,,0.0,normalDay
2020-11-16,4235.0,1792.0,0.0,0,362.57,0.0,1,19.12,1.2,SPY210115P00288000,288.0,0,0.0,0.0,,0.0,normalDay
2020-11-17,4235.0,1793.0,0.0,0,360.62,0.0,1,19.12,1.19,SPY210115P00288000,288.0,0,0.0,0.0,,0.0,normalDay
2020-11-18,4235.0,1771.0,0.0,0,356.28,0.0,1,19.12,1.41,SPY210115P00288000,288.0,0,0.0,0.0,,0.0,normalDay
2020-11-19,4235.0,1791.0,0.0,0,357.78,0.0,1,19.12,1.21,SPY210115P00288000,288.0,0,0.0,0.0,,0.0,normalDay
2020-11-20,4235.0,1783.0,0.0,0,355.33,0.0,1,19.12,1.29,SPY210115P00288000,288.0,0,0.0,0.0,,0.0,normalDay
2020-11-23,4235.0,1805.0,0.0,0,357.46,0.0,1,19.12,1.07,SPY210115P00288000,288.0,0,0.0,0.0,,0.0,normalDay
2020-11-24,4235.0,1829.0,0.0,0,363.22,0.0,1,19.12,0.83,SPY210115P00288000,288.0,0,0.0,0.0,,0.0,normalDay
2020-11-25,4235.0,1838.0,0.0,0,362.66,0.0,1,19.12,0.74,SPY210115P00288000,288.0,0,0.0,0.0,,0.0,normalDay
2020-11-27,4235.0,1847.0,0.0,0,363.67,0.0,1,19.12,0.65,SPY210115P00288000,288.0,0,0.0,0.0,,0.0,normalDay
2020-11-30,4235.0,1854.0,0.0,0,362.06,0.0,1,19.12,0.58,SPY210115P00288000,288.0,0,0.0,0.0,,0.0,normalDay
2020-12-01,4235.0,1855.0,0.0,0,366.02,0.0,1,19.12,0.57,SPY210115P00288000,288.0,0,0.0,0.0,,0.0,normalDay
2020-12-02,4235.0,1857.0,0.0,0,366.79,0.0,1,19.12,0.55,SPY210115P00288000,288.0,0,0.0,0.0,,0.0,normalDay
2020-12-03,4235.0,1855.0,0.0,0,366.69,0.0,1,19.12,0.57,SPY210115P00288000,288.0,0,0.0,0.0,,0.0,normalDay
2020-12-04,4235.0,1868.0,0.0,0,369.85,0.0,1,19.12,0.44,SPY210115P00288000,288.0,0,0.0,0.0,,0.0,normalDay
2020-12-07,4235.0,1872.0,0.0,0,369.09,0.0,1,19.12,0.4,SPY210115P00288000,288.0,0,0.0,0.0,,0.0,normalDay
2020-12-08,4235.0,1879.0,0.0,0,370.17,0.0,1,19.12,0.33,SPY210115P00288000,288.0,0,0.0,0.0,,0.0,normalDay
2020-12-09,4235.0,1872.0,0.0,0,366.85,0.0,1,19.12,0.4,SPY210115P00288000,288.0,0,0.0,0.0,,0.0,normalDay
2020-12-10,4235.0,1872.0,0.0,0,366.73,0.0,1,19.12,0.4,SPY210115P00288000,288.0,0,0.0,0.0,,0.0,normalDay
2020-12-11,4235.0,1866.0,0.0,0,366.3,0.0,1,19.12,0.46,SPY210115P00288000,288.0,0,0.0,0.0,,0.0,normalDay
2020-12-14,4235.0,1862.0,0.0,0,364.66,0.0,1,19.12,0.5,SPY210115P00288000,288.0,0,0.0,0.0,,0.0,normalDay
2020-12-15,4235.0,1876.0,0.0,0,369.59,0.0,1,19.12,0.36,SPY210115P00288000,288.0,0,0.0,0.0,,0.0,normalDay
2020-12-16,4235.0,1878.0,0.0,0,370.17,0.0,1,19.12,0.34,SPY210115P00288000,288.0,0,0.0,0.0,,0.0,normalDay
2020-12-17,4235.0,1883.0,0.0,0,372.24,0.0,1,19.12,0.29,SPY210115P00288000,288.0,0,0.0,0.0,,0.0,normalDay
2020-12-18,4235.0,1885.0,0.0,0,369.18,0.0,1,19.12,0.27,SPY210115P00288000,288.0,0,0.0,0.0,,0.0,normalDay
2020-12-21,4235.0,1876.0,0.0,0,367.86,0.0,1,19.12,0.36,SPY210115P00288000,288.0,0,0.0,0.0,,0.0,normalDay
2020-12-22,4235.0,1881.0,0.0,0,367.24,0.0,1,19.12,0.31,SPY210115P00288000,288.0,0,0.0,0.0,,0.0,normalDay
2020-12-23,4235.0,1885.0,0.0,0,367.57,0.0,1,19.12,0.27,SPY210115P00288000,288.0,0,0.0,0.0,,0.0,normalDay
2020-12-24,4235.0,1892.0,0.0,0,369.0,0.0,1,19.12,0.2,SPY210115P00288000,288.0,0,0.0,0.0,,0.0,normalDay
2020-12-28,4235.0,1898.0,0.0,0,372.17,0.0,1,19.12,0.14,SPY210115P00288000,288.0,0,0.0,0.0,,0.0,normalDay
2020-12-29,4235.0,1896.0,0.0,0,371.46,0.0,1,19.12,0.16,SPY210115P00288000,288.0,0,0.0,0.0,,0.0,normalDay
2020-12-30,4235.0,1898.0,0.0,0,371.99,0.0,1,19.12,0.14,SPY210115P00288000,288.0,0,0.0,0.0,,0.0,normalDay
2020-12-31,4235.0,1898.0,0.0,0,373.88,0.0,1,19.12,0.14,SPY210115P00288000,288.0,0,0.0,0.0,,0.0,normalDay
2021-01-04,4235.0,1900.0,0.0,0,368.79,0.0,1,19.12,0.12,SPY210115P00288000,288.0,0,0.0,0.0,,0.0,normalDay
2021-01-05,4235.0,1905.0,0.0,0,371.33,0.0,1,19.12,0.07,SPY210115P00288000,288.0,0,0.0,0.0,,0.0,normalDay
2021-01-06,4235.0,1901.0,0.0,0,373.55,0.0,1,19.12,0.11,SPY210115P00288000,288.0,0,0.0,0.0,,0.0,normalDay
2021-01-07,4235.0,1908.0,0.0,0,379.1,0.0,1,19.12,0.04,SPY210115P00288000,288.0,0,0.0,0.0,,0.0,normalDay
2021-01-08,4235.0,1910.0,0.0,0,381.26,0.0,1,19.12,0.02,SPY210115P00288000,288.0,0,0.0,0.0,,0.0,normalDay
2021-01-11,4235.0,1910.0,0.0,0,378.69,0.0,1,19.12,0.02,SPY210115P00288000,288.0,0,0.0,0.0,,0.0,normalDay
2021-01-12,4235.0,1911.0,0.0,0,378.77,0.0,1,19.12,0.01,SPY210115P00288000,288.0,0,0.0,0.0,,0.0,normalDay
2021-01-13,4235.0,1911.0,0.0,0,379.79,0.0,1,19.12,0.01,SPY210115P00288000,288.0,0,0.0,0.0,,0.0,normalDay
2021-01-14,4235.0,1911.0,0.0,0,378.46,0.0,1,19.12,0.01,SPY210115P00288000,288.0,0,0.0,0.0,,0.0,normalDay
2021-01-15,6147.0,0.0,1912.0,0,375.7,0.0,1,19.12,0.0,SPY210115P00288000,288.0,0,0.0,0.0,,0.0,expirationDay
2021-01-19,6147.0,-26.0,0.0,0,378.65,0.0,1,19.81,20.07,SPY210716P00370000,370.0,0,0.0,0.0,,0.0,normalDay
2021-01-20,6147.0,180.0,0.0,0,383.89,0.0,1,19.81,18.01,SPY210716P00370000,370.0,0,0.0,0.0,,0.0,normalDay
2021-01-21,6147.0,186.0,0.0,0,384.24,0.0,1,19.81,17.95,SPY210716P00370000,370.0,0,0.0,0.0,,0.0,normalDay
2021-01-22,6147.0,132.0,0.0,0,382.88,0.0,1,19.81,18.49,SPY210716P00370000,370.0,0,0.0,0.0,,0.0,normalDay
2021-01-25,6147.0,138.0,0.0,0,384.39,0.0,1,19.81,18.43,SPY210716P00370000,370.0,0,0.0,0.0,,0.0,normalDay
2021-01-26,6147.0,128.0,0.0,0,383.79,0.0,1,19.81,18.53,SPY210716P00370000,370.0,0,0.0,0.0,,0.0,normalDay
2021-01-27,6147.0,-592.0,0.0,0,374.41,0.0,1,19.81,25.73,SPY210716P00370000,370.0,0,0.0,0.0,,0.0,normalDay
2021-01-28,6147.0,-301.0,0.0,0,377.63,0.0,1,19.81,22.82,SPY210716P00370000,370.0,0,0.0,0.0,,0.0,normalDay
2021-01-29,6147.0,-718.0,0.0,0,370.07,0.0,1,19.81,26.99,SPY210716P00370000,370.0,0,0.0,0.0,,0.0,normalDay
2021-02-01,6147.0,-350.0,0.0,0,376.23,0.0,1,19.81,23.31,SPY210716P00370000,370.0,0,0.0,0.0,,0.0,normalDay
2021-02-02,6147.0,15.0,0.0,0,381.55,0.0,1,19.81,19.66,SPY210716P00370000,370.0,0,0.0,0.0,,0.0,normalDay
2021-02-03,6147.0,98.0,0.0,0,381.85,0.0,1,19.81,18.83,SPY210716P00370000,370.0,0,0.0,0.0,,0.0,normalDay
2021-02-04,6147.0,261.0,0.0,0,386.19,0.0,1,19.81,17.2,SPY210716P00370000,370.0,0,0.0,0.0,,0.0,normalDay
2021-02-05,6147.0,311.0,0.0,0,387.71,0.0,1,19.81,16.7,SPY210716P00370000,370.0,0,0.0,0.0,,0.0,normalDay
2021-02-08,6147.0,400.0,0.0,0,390.51,0.0,1,19.81,15.81,SPY210716P00370000,370.0,0,0.0,0.0,,0.0,normalDay
2021-02-09,6147.0,396.0,0.0,0,390.25,0.0,1,19.81,15.85,SPY210716P00370000,370.0,0,0.0,0.0,,0.0,normalDay
2021-02-10,6147.0,357.0,0.0,0,390.08,0.0,1,19.81,16.24,SPY210716P00370000,370.0,0,0.0,0.0,,0.0,normalDay
2021-02-11,6147.0,384.0,0.0,0,390.71,0.0,1,19.81,15.97,SPY210716P00370000,370.0,0,0.0,0.0,,0.0,normalDay
2021-02-12,6147.0,492.0,0.0,0,392.64,0.0,1,19.81,14.89,SPY210716P00370000,370.0,0,0.0,0.0,,0.0,normalDay
2021-02-16,6147.0,463.0,0.0,0,392.3,0.0,1,19.81,15.18,SPY210716P00370000,370.0,0,0.0,0.0,,0.0,normalDay
2021-02-17,6147.0,481.0,0.0,0,392.39,0.0,1,19.81,15.0,SPY210716P00370000,370.0,0,0.0,0.0,,0.0,normalDay
2021-02-18,6147.0,424.0,0.0,0,390.72,0.0,1,19.81,15.57,SPY210716P00370000,370.0,0,0.0,0.0,,0.0,normalDay
2021-02-19,6147.0,436.0,0.0,0,390.03,0.0,1,19.81,15.45,SPY210716P00370000,370.0,0,0.0,0.0,,0.0,normalDay
2021-02-22,6147.0,341.0,0.0,0,387.03,0.0,1,19.81,16.4,SPY210716P00370000,370.0,0,0.0,0.0,,0.0,normalDay
2021-02-23,6147.0,400.0,0.0,0,387.5,0.0,1,19.81,15.81,SPY210716P00370000,370.0,0,0.0,0.0,,0.0,normalDay
2021-02-24,6147.0,578.0,0.0,0,391.77,0.0,1,19.81,14.03,SPY210716P00370000,370.0,0,0.0,0.0,,0.0,normalDay
2021-02-25,6147.0,151.0,0.0,0,382.33,0.0,1,19.81,18.3,SPY210716P00370000,370.0,0,0.0,0.0,,0.0,normalDay
2021-02-26,6147.0,155.0,0.0,0,380.36,0.0,1,19.81,18.26,SPY210716P00370000,370.0,0,0.0,0.0,,0.0,normalDay
2021-03-01,6147.0,560.0,0.0,0,389.58,0.0,1,19.81,14.21,SPY210716P00370000,370.0,0,0.0,0.0,,0.0,normalDay
2021-03-02,6147.0,451.0,0.0,0,386.54,0.0,1,19.81,15.3,SPY210716P00370000,370.0,0,0.0,0.0,,0.0,normalDay
2021-03-03,6147.0,255.0,0.0,0,381.42,0.0,1,19.81,17.26,SPY210716P00370000,370.0,0,0.0,0.0,,0.0,normalDay
2021-03-04,6147.0,68.0,0.0,0,376.7,0.0,1,19.81,19.13,SPY210716P00370000,370.0,0,0.0,0.0,,0.0,normalDay
2021-03-05,6147.0,413.0,0.0,0,383.63,0.0,1,19.81,15.68,SPY210716P00370000,370.0,0,0.0,0.0,,0.0,normalDay
2021-03-08,6147.0,369.0,0.0,0,381.72,0.0,1,19.81,16.12,SPY210716P00370000,370.0,0,0.0,0.0,,0.0,normalDay
2021-03-09,6147.0,553.0,0.0,0,387.17,0.0,1,19.81,14.28,SPY210716P00370000,370.0,0,0.0,0.0,,0.0,normalDay
2021-03-10,6147.0,660.0,0.0,0,389.58,0.0,1,19.81,13.21,SPY210716P00370000,370.0,0,0.0,0.0,,0.0,normalDay
2021-03-11,6147.0,770.0,0.0,0,393.53,0.0,1,19.81,12.11,SPY210716P00370000,370.0,0,0.0,0.0,,0.0,normalDay
2021-03-12,6147.0,825.0,0.0,0,394.06,0.0,1,19.81,11.56,SPY210716P00370000,370.0,0,0.0,0.0,,0.0,normalDay
2021-03-15,6147.0,930.0,0.0,0,396.41,0.0,1,19.81,10.51,SPY210716P00370000,370.0,0,0.0,0.0,,0.0,normalDay
2021-03-16,6147.0,922.0,0.0,0,395.91,0.0,1,19.81,10.59,SPY210716P00370000,370.0,0,0.0,0.0,,0.0,normalDay
2021-03-17,6147.0,998.0,0.0,0,397.26,0.0,1,19.81,9.83,SPY210716P00370000,370.0,0,0.0,0.0,,0.0,normalDay
2021-03-18,6147.0,836.0,0.0,0,391.48,0.0,1,19.81,11.45,SPY210716P00370000,370.0,0,0.0,0.0,,0.0,normalDay
2021-03-19,6147.0,828.0,0.0,0,389.48,0.0,1,19.81,11.53,SPY210716P00370000,370.0,0,0.0,0.0,,0.0,normalDay
2021-03-22,6147.0,1030.0,0.0,0,392.59,0.0,1,19.81,9.51,SPY210716P00370000,370.0,0,0.0,0.0,,0.0,normalDay
2021-03-23,6147.0,929.0,0.0,0,389.5,0.0,1,19.81,10.52,SPY210716P00370000,370.0,0,0.0,0.0,,0.0,normalDay
2021-03-24,6147.0,864.0,0.0,0,387.52,0.0,1,19.81,11.17,SPY210716P00370000,370.0,0,0.0,0.0,,0.0,normalDay
2021-03-25,6147.0,974.0,0.0,0,389.7,0.0,1,19.81,10.07,SPY210716P00370000,370.0,0,0.0,0.0,,0.0,normalDay
2021-03-26,6147.0,1141.0,0.0,0,395.98,0.0,1,19.81,8.4,SPY210716P00370000,370.0,0,0.0,0.0,,0.0,normalDay
2021-03-29,6147.0,1119.0,0.0,0,395.78,0.0,1,19.81,8.62,SPY210716P00370000,370.0,0,0.0,0.0,,0.0,normalDay
2021-03-30,6147.0,1138.0,0.0,0,394.73,0.0,1,19.81,8.43,SPY210716P00370000,370.0,0,0.0,0.0,,0.0,normalDay
2021-03-31,6147.0,1191.0,0.0,0,396.33,0.0,1,19.81,7.9,SPY210716P00370000,370.0,0,0.0,0.0,,0.0,normalDay
2021-04-01,6147.0,1324.0,0.0,0,400.61,0.0,1,19.81,6.57,SPY210716P00370000,370.0,0,0.0,0.0,,0.0,normalDay
2021-04-05,6147.0,1430.0,0.0,0,406.36,0.0,1,19.81,5.51,SPY210716P00370000,370.0,0,0.0,0.0,,0.0,normalDay
2021-04-06,6147.0,1418.0,0.0,0,406.12,0.0,1,19.81,5.63,SPY210716P00370000,370.0,0,0.0,0.0,,0.0,normalDay
2021-04-07,6147.0,1449.0,0.0,0,406.59,0.0,1,19.81,5.32,SPY210716P00370000,370.0,0,0.0,0.0,,0.0,normalDay
2021-04-08,6147.0,1471.0,0.0,0,408.52,0.0,1,19.81,5.1,SPY210716P00370000,370.0,0,0.0,0.0,,0.0,normalDay
2021-04-09,6147.0,1497.0,0.0,0,411.49,0.0,1,19.81,4.84,SPY210716P00370000,370.0,0,0.0,0.0,,0.0,normalDay
2021-04-12,6147.0,1513.0,0.0,0,411.64,0.0,1,19.81,4.68,SPY210716P00370000,370.0,0,0.0,0.0,,0.0,normalDay
2021-04-13,6147.0,1543.0,0.0,0,412.86,0.0,1,19.81,4.38,SPY210716P00370000,370.0,0,0.0,0.0,,0.0,normalDay
2021-04-14,6147.0,1522.0,0.0,0,411.45,0.0,1,19.81,4.59,SPY210716P00370000,370.0,0,0.0,0.0,,0.0,normalDay
2021-04-15,6147.0,1576.0,0.0,0,415.87,0.0,1,19.81,4.05,SPY210716P00370000,370.0,0,0.0,0.0,,0.0,normalDay
2021-04-16,6147.0,1595.0,0.0,0,417.26,0.0,1,19.81,3.86,SPY210716P00370000,370.0,0,0.0,0.0,,0.0,normalDay
2021-04-19,6147.0,1558.0,0.0,0,415.21,0.0,1,19.81,4.23,SPY210716P00370000,370.0,0,0.0,0.0,,0.0,normalDay
2021-04-20,6147.0,1492.0,0.0,0,412.17,0.0,1,19.81,4.89,SPY210716P00370000,370.0,0,0.0,0.0,,0.0,normalDay
2021-04-21,6147.0,1572.0,0.0,0,416.07,0.0,1,19.81,4.09,SPY210716P00370000,370.0,0,0.0,0.0,,0.0,normalDay
2021-04-22,6147.0,1494.0,0.0,0,412.27,0.0,1,19.81,4.87,SPY210716P00370000,370.0,0,0.0,0.0,,0.0,normalDay
2021-04-23,6147.0,1588.0,0.0,0,416.74,0.0,1,19.81,3.93,SPY210716P00370000,370.0,0,0.0,0.0,,0.0,normalDay
2021-04-26,6147.0,1611.0,0.0,0,417.61,0.0,1,19.81,3.7,SPY210716P00370000,370.0,0,0.0,0.0,,0.0,normalDay
2021-04-27,6147.0,1622.0,0.0,0,417.52,0.0,1,19.81,3.59,SPY210716P00370000,370.0,0,0.0,0.0,,0.0,normalDay
2021-04-28,6147.0,1641.0,0.0,0,417.4,0.0,1,19.81,3.4,SPY210716P00370000,370.0,0,0.0,0.0,,0.0,normalDay
2021-04-29,6147.0,1655.0,0.0,0,420.06,0.0,1,19.81,3.26,SPY210716P00370000,370.0,0,0.0,0.0,,0.0,normalDay
2021-04-30,6147.0,1617.0,0.0,0,417.3,0.0,1,19.81,3.64,SPY210716P00370000,370.0,0,0.0,0.0,,0.0,normalDay
2021-05-03,6147.0,1647.0,0.0,0,418.2,0.0,1,19.81,3.34,SPY210716P00370000,370.0,0,0.0,0.0,,0.0,normalDay
2021-05-04,6147.0,1599.0,0.0,0,415.62,0.0,1,19.81,3.82,SPY210716P00370000,370.0,0,0.0,0.0,,0.0,normalDay
2021-05-05,6147.0,1616.0,0.0,0,415.75,0.0,1,19.81,3.65,SPY210716P00370000,370.0,0,0.0,0.0,,0.0,normalDay
2021-05-06,6147.0,1666.0,0.0,0,419.07,0.0,1,19.81,3.15,SPY210716P00370000,370.0,0,0.0,0.0,,0.0,normalDay
2021-05-07,6147.0,1719.0,0.0,0,422.12,0.0,1,19.81,2.62,SPY210716P00370000,370.0,0,0.0,0.0,,0.0,normalDay
2021-05-10,6147.0,1654.0,0.0,0,417.94,0.0,1,19.81,3.27,SPY210716P00370000,370.0,0,0.0,0.0,,0.0,normalDay
2021-05-11,6147.0,1584.0,0.0,0,414.21,0.0,1,19.81,3.97,SPY210716P00370000,370.0,0,0.0,0.0,,0.0,normalDay
2021-05-12,6147.0,1332.0,0.0,0,405.41,0.0,1,19.81,6.49,SPY210716P00370000,370.0,0,0.0,0.0,,0.0,normalDay
2021-05-13,6147.0,1513.0,0.0,0,410.28,0.0,1,19.81,4.68,SPY210716P00370000,370.0,0,0.0,0.0,,0.0,normalDay
2021-05-14,6147.0,1685.0,0.0,0,416.58,0.0,1,19.81,2.96,SPY210716P00370000,370.0,0,0.0,0.0,,0.0,normalDay
2021-05-17,6147.0,1668.0,0.0,0,415.52,0.0,1,19.81,3.13,SPY210716P00370000,370.0,0,0.0,0.0,,0.0,normalDay
2021-05-18,6147.0,1612.0,0.0,0,411.94,0.0,1,19.81,3.69,SPY210716P00370000,370.0,0,0.0,0.0,,0.0,normalDay
2021-05-19,6147.0,1585.0,0.0,0,410.86,0.0,1,19.81,3.96,SPY210716P00370000,370.0,0,0.0,0.0,,0.0,normalDay
2021-05-20,6147.0,1664.0,0.0,0,415.28,0.0,1,19.81,3.17,SPY210716P00370000,370.0,0,0.0,0.0,,0.0,normalDay
2021-05-21,6147.0,1682.0,0.0,0,414.94,0.0,1,19.81,2.99,SPY210716P00370000,370.0,0,0.0,0.0,,0.0,normalDay
2021-05-24,6147.0,1762.0,0.0,0,419.17,0.0,1,19.81,2.19,SPY210716P00370000,370.0,0,0.0,0.0,,0.0,normalDay
2021-05-25,6147.0,1762.0,0.0,0,418.24,0.0,1,19.81,2.19,SPY210716P00370000,370.0,0,0.0,0.0,,0.0,normalDay
2021-05-26,6147.0,1805.0,0.0,0,419.07,0.0,1,19.81,1.76,SPY210716P00370000,370.0,0,0.0,0.0,,0.0,normalDay
2021-05-27,6147.0,1831.0,0.0,0,419.29,0.0,1,19.81,1.5,SPY210716P00370000,370.0,0,0.0,0.0,,0.0,normalDay
2021-05-28,6147.0,1834.0,0.0,0,420.04,0.0,1,19.81,1.47,SPY210716P00370000,370.0,0,0.0,0.0,,0.0,normalDay
2021-06-01,6147.0,1833.0,0.0,0,419.67,0.0,1,19.81,1.48,SPY210716P00370000,370.0,0,0.0,0.0,,0.0,normalDay
2021-06-02,6147.0,1846.0,0.0,0,420.33,0.0,1,19.81,1.35,SPY210716P00370000,370.0,0,0.0,0.0,,0.0,normalDay
2021-06-03,6147.0,1836.0,0.0,0,418.77,0.0,1,19.81,1.45,SPY210716P00370000,370.0,0,0.0,0.0,,0.0,normalDay
2021-06-04,6147.0,1875.0,0.0,0,422.6,0.0,1,19.81,1.06,SPY210716P00370000,370.0,0,0.0,0.0,,0.0,normalDay
2021-06-07,6147.0,1887.0,0.0,0,422.19,0.0,1,19.81,0.94,SPY210716P00370000,370.0,0,0.0,0.0,,0.0,normalDay
2021-06-08,6147.0,1883.0,0.0,0,422.28,0.0,1,19.81,0.98,SPY210716P00370000,370.0,0,0.0,0.0,,0.0,normalDay
2021-06-09,6147.0,1875.0,0.0,0,421.65,0.0,1,19.81,1.06,SPY210716P00370000,370.0,0,0.0,0.0,,0.0,normalDay
2021-06-10,6147.0,1901.0,0.0,0,423.61,0.0,1,19.81,0.8,SPY210716P00370000,370.0,0,0.0,0.0,,0.0,normalDay
2021-06-11,6147.0,1907.0,0.0,0,424.31,0.0,1,19.81,0.74,SPY210716P00370000,370.0,0,0.0,0.0,,0.0,normalDay
2021-06-14,6147.0,1915.0,0.0,0,425.26,0.0,1,19.81,0.66,SPY210716P00370000,370.0,0,0.0,0.0,,0.0,normalDay
2021-06-15,6147.0,1910.0,0.0,0,424.48,0.0,1,19.81,0.71,SPY210716P00370000,370.0,0,0.0,0.0,,0.0,normalDay
2021-06-16,6147.0,1899.0,0.0,0,422.11,0.0,1,19.81,0.82,SPY210716P00370000,370.0,0,0.0,0.0,,0.0,normalDay
2021-06-17,6147.0,1908.0,0.0,0,421.97,0.0,1,19.81,0.73,SPY210716P00370000,370.0,0,0.0,0.0,,0.0,normalDay
2021-06-18,6147.0,1866.0,0.0,0,414.92,0.0,1,19.81,1.15,SPY210716P00370000,370.0,0,0.0,0.0,,0.0,normalDay
2021-06-21,6147.0,1923.0,0.0,0,420.86,0.0,1,19.81,0.58,SPY210716P00370000,370.0,0,0.0,0.0,,0.0,normalDay
2021-06-22,6147.0,1936.0,0.0,0,423.11,0.0,1,19.81,0.45,SPY210716P00370000,370.0,0,0.0,0.0,,0.0,normalDay
2021-06-23,6147.0,1943.0,0.0,0,422.6,0.0,1,19.81,0.38,SPY210716P00370000,370.0,0,0.0,0.0,,0.0,normalDay
2021-06-24,6147.0,1948.0,0.0,0,425.1,0.0,1,19.81,0.33,SPY210716P00370000,370.0,0,0.0,0.0,,0.0,normalDay
2021-06-25,6147.0,1953.0,0.0,0,426.61,0.0,1,19.81,0.28,SPY210716P00370000,370.0,0,0.0,0.0,,0.0,normalDay
2021-06-28,6147.0,1960.0,0.0,0,427.47,0.0,1,19.81,0.21,SPY210716P00370000,370.0,0,0.0,0.0,,0.0,normalDay
2021-06-29,6147.0,1961.0,0.0,0,427.7,0.0,1,19.81,0.2,SPY210716P00370000,370.0,0,0.0,0.0,,0.0,normalDay
2021-06-30,6147.0,1964.0,0.0,0,428.06,0.0,1,19.81,0.17,SPY210716P00370000,370.0,0,0.0,0.0,,0.0,normalDay
2021-07-01,6147.0,1968.0,0.0,0,430.43,0.0,1,19.81,0.13,SPY210716P00370000,370.0,0,0.0,0.0,,0.0,normalDay
2021-07-02,6147.0,1972.0,0.0,0,433.72,0.0,1,19.81,0.09,SPY210716P00370000,370.0,0,0.0,0.0,,0.0,normalDay
2021-07-06,6147.0,1973.0,0.0,0,432.93,0.0,1,19.81,0.08,SPY210716P00370000,370.0,0,0.0,0.0,,0.0,normalDay
2021-07-07,6147.0,1976.0,0.0,0,434.46,0.0,1,19.81,0.05,SPY210716P00370000,370.0,0,0.0,0.0,,0.0,normalDay
2021-07-08,6147.0,1972.0,0.0,0,430.92,0.0,1,19.81,0.09,SPY210716P00370000,370.0,0,0.0,0.0,,0.0,normalDay
2021-07-09,6147.0,1977.0,0.0,0,435.52,0.0,1,19.81,0.04,SPY210716P00370000,370.0,0,0.0,0.0,,0.0,normalDay
2021-07-12,6147.0,1979.0,0.0,0,437.08,0.0,1,19.81,0.02,SPY210716P00370000,370.0,0,0.0,0.0,,0.0,normalDay
2021-07-13,6147.0,1979.0,0.0,0,435.59,0.0,1,19.81,0.02,SPY210716P00370000,370.0,0,0.0,0.0,,0.0,normalDay
2021-07-14,6147.0,1980.0,0.0,0,436.24,0.0,1,19.81,0.01,SPY210716P00370000,370.0,0,0.0,0.0,,0.0,normalDay
2021-07-15,6147.0,1980.0,0.0,0,434.75,0.0,1,19.81,0.01,SPY210716P00370000,370.0,0,0.0,0.0,,0.0,normalDay
2021-07-16,8128.0,0.0,1981.0,0,431.34,0.0,1,19.81,0.0,SPY210716P00370000,370.0,0,0.0,0.0,,0.0,expirationDay
2021-07-19,8128.0,-30.0,0.0,0,424.97,0.0,1,25.68,25.98,SPY220218P00427000,427.0,0,0.0,0.0,,0.0,normalDay
2021-07-20,8128.0,279.0,0.0,0,431.06,0.0,1,25.68,22.89,SPY220218P00427000,427.0,0,0.0,0.0,,0.0,normalDay
2021-07-21,8128.0,474.0,0.0,0,434.55,0.0,1,25.68,20.94,SPY220218P00427000,427.0,0,0.0,0.0,,0.0,normalDay
2021-07-22,8128.0,507.0,0.0,0,435.46,0.0,1,25.68,20.61,SPY220218P00427000,427.0,0,0.0,0.0,,0.0,normalDay
2021-07-23,8128.0,637.0,0.0,0,439.94,0.0,1,25.68,19.31,SPY220218P00427000,427.0,0,0.0,0.0,,0.0,normalDay
2021-07-26,8128.0,682.0,0.0,0,441.02,0.0,1,25.68,18.86,SPY220218P00427000,427.0,0,0.0,0.0,,0.0,normalDay
2021-07-27,8128.0,551.0,0.0,0,439.01,0.0,1,25.68,20.17,SPY220218P00427000,427.0,0,0.0,0.0,,0.0,normalDay
2021-07-28,8128.0,593.0,0.0,0,438.83,0.0,1,25.68,19.75,SPY220218P00427000,427.0,0,0.0,0.0,,0.0,normalDay
2021-07-29,8128.0,685.0,0.0,0,440.65,0.0,1,25.68,18.83,SPY220218P00427000,427.0,0,0.0,0.0,,0.0,normalDay
2021-07-30,8128.0,627.0,0.0,0,438.51,0.0,1,25.68,19.41,SPY220218P00427000,427.0,0,0.0,0.0,,0.0,normalDay
2021-08-02,8128.0,554.0,0.0,0,437.59,0.0,1,25.68,20.14,SPY220218P00427000,427.0,0,0.0,0.0,,0.0,normalDay
2021-08-03,8128.0,716.0,0.0,0,441.15,0.0,1,25.68,18.52,SPY220218P00427000,427.0,0,0.0,0.0,,0.0,normalDay
2021-08-04,8128.0,655.0,0.0,0,438.98,0.0,1,25.68,19.13,SPY220218P00427000,427.0,0,0.0,0.0,,0.0,normalDay
2021-08-05,8128.0,769.0,0.0,0,441.76,0.0,1,25.68,17.99,SPY220218P00427000,427.0,0,0.0,0.0,,0.0,normalDay
2021-08-06,8128.0,839.0,0.0,0,442.49,0.0,1,25.68,17.29,SPY220218P00427000,427.0,0,0.0,0.0,,0.0,normalDay
2021-08-09,8128.0,817.0,0.0,0,442.13,0.0,1,25.68,17.51,SPY220218P00427000,427.0,0,0.0,0.0,,0.0,normalDay
2021-08-10,8128.0,814.0,0.0,0,442.68,0.0,1,25.68,17.54,SPY220218P00427000,427.0,0,0.0,0.0,,0.0,normalDay
2021-08-11,8128.0,879.0,0.0,0,443.78,0.0,1,25.68,16.89,SPY220218P00427000,427.0,0,0.0,0.0,,0.0,normalDay
2021-08-12,8128.0,938.0,0.0,0,445.11,0.0,1,25.68,16.3,SPY220218P00427000,427.0,0,0.0,0.0,,0.0,normalDay
2021-08-13,8128.0,964.0,0.0,0,445.92,0.0,1,25.68,16.04,SPY220218P00427000,427.0,0,0.0,0.0,,0.0,normalDay
2021-08-16,8128.0,996.0,0.0,0,446.97,0.0,1,25.68,15.72,SPY220218P00427000,427.0,0,0.0,0.0,,0.0,normalDay
2021-08-17,8128.0,839.0,0.0,0,444.04,0.0,1,25.68,17.29,SPY220218P00427000,427.0,0,0.0,0.0,,0.0,normalDay
2021-08-18,8128.0,601.0,0.0,0,439.18,0.0,1,25.68,19.67,SPY220218P00427000,427.0,0,0.0,0.0,,0.0,normalDay
2021-08-19,8128.0,628.0,0.0,0,439.86,0.0,1,25.68,19.4,SPY220218P00427000,427.0,0,0.0,0.0,,0.0,normalDay
2021-08-20,8128.0,805.0,0.0,0,443.36,0.0,1,25.68,17.63,SPY220218P00427000,427.0,0,0.0,0.0,,0.0,normalDay
2021-08-23,8128.0,994.0,0.0,0,447.26,0.0,1,25.68,15.74,SPY220218P00427000,427.0,0,0.0,0.0,,0.0,normalDay
2021-08-24,8128.0,992.0,0.0,0,447.97,0.0,1,25.68,15.76,SPY220218P00427000,427.0,0,0.0,0.0,,0.0,normalDay
2021-08-25,8128.0,1052.0,0.0,0,448.91,0.0,1,25.68,15.16,SPY220218P00427000,427.0,0,0.0,0.0,,0.0,normalDay
2021-08-26,8128.0,934.0,0.0,0,446.26,0.0,1,25.68,16.34,SPY220218P00427000,427.0,0,0.0,0.0,,0.0,normalDay
2021-08-27,8128.0,1101.0,0.0,0,450.25,0.0,1,25.68,14.67,SPY220218P00427000,427.0,0,0.0,0.0,,0.0,normalDay
2021-08-30,8128.0,1159.0,0.0,0,452.23,0.0,1,25.68,14.09,SPY220218P00427000,427.0,0,0.0,0.0,,0.0,normalDay
2021-08-31,8128.0,1151.0,0.0,0,451.56,0.0,1,25.68,14.17,SPY220218P00427000,427.0,0,0.0,0.0,,0.0,normalDay
2021-09-01,8128.0,1178.0,0.0,0,451.8,0.0,1,25.68,13.9,SPY220218P00427000,427.0,0,0.0,0.0,,0.0,normalDay
2021-09-02,8128.0,1214.0,0.0,0,453.19,0.0,1,25.68,13.54,SPY220218P00427000,427.0,0,0.0,0.0,,0.0,normalDay
2021-09-03,8128.0,1198.0,0.0,0,453.08,0.0,1,25.68,13.7,SPY220218P00427000,427.0,0,0.0,0.0,,0.0,normalDay
2021-09-07,8128.0,1126.0,0.0,0,451.46,0.0,1,25.68,14.42,SPY220218P00427000,427.0,0,0.0,0.0,,0.0,normalDay
2021-09-08,8128.0,1113.0,0.0,0,450.91,0.0,1,25.68,14.55,SPY220218P00427000,427.0,0,0.0,0.0,,0.0,normalDay
2021-09-09,8128.0,1031.0,0.0,0,448.98,0.0,1,25.68,15.37,SPY220218P00427000,427.0,0,0.0,0.0,,0.0,normalDay
2021-09-10,8128.0,930.0,0.0,0,445.44,0.0,1,25.68,16.38,SPY220218P00427000,427.0,0,0.0,0.0,,0.0,normalDay
2021-09-13,8128.0,1017.0,0.0,0,446.58,0.0,1,25.68,15.51,SPY220218P00427000,427.0,0,0.0,0.0,,0.0,normalDay
2021-09-14,8128.0,943.0,0.0,0,444.17,0.0,1,25.68,16.25,SPY220218P00427000,427.0,0,0.0,0.0,,0.0,normalDay
2021-09-15,8128.0,1088.0,0.0,0,447.88,0.0,1,25.68,14.8,SPY220218P00427000,427.0,0,0.0,0.0,,0.0,normalDay
2021-09-16,8128.0,1055.0,0.0,0,447.17,0.0,1,25.68,15.13,SPY220218P00427000,427.0,0,0.0,0.0,,0.0,normalDay
2021-09-17,8128.0,885.0,0.0,0,441.4,0.0,1,25.68,16.83,SPY220218P00427000,427.0,0,0.0,0.0,,0.0,normalDay
2021-09-20,8128.0,523.0,0.0,0,434.04,0.0,1,25.68,20.45,SPY220218P00427000,427.0,0,0.0,0.0,,0.0,normalDay
2021-09-21,8128.0,549.0,0.0,0,433.63,0.0,1,25.68,20.19,SPY220218P00427000,427.0,0,0.0,0.0,,0.0,normalDay
2021-09-22,8128.0,815.0,0.0,0,437.86,0.0,1,25.68,17.53,SPY220218P00427000,427.0,0,0.0,0.0,,0.0,normalDay
2021-09-23,8128.0,1056.0,0.0,0,443.18,0.0,1,25.68,15.12,SPY220218P00427000,427.0,0,0.0,0.0,,0.0,normalDay
2021-09-24,8128.0,1103.0,0.0,0,443.91,0.0,1,25.68,14.65,SPY220218P00427000,427.0,0,0.0,0.0,,0.0,normalDay
2021-09-27,8128.0,1056.0,0.0,0,442.64,0.0,1,25.68,15.12,SPY220218P00427000,427.0,0,0.0,0.0,,0.0,normalDay
2021-09-28,8128.0,674.0,0.0,0,433.72,0.0,1,25.68,18.94,SPY220218P00427000,427.0,0,0.0,0.0,,0.0,normalDay
2021-09-29,8128.0,721.0,0.0,0,434.45,0.0,1,25.68,18.47,SPY220218P00427000,427.0,0,0.0,0.0,,0.0,normalDay
2021-09-30,8128.0,486.0,0.0,0,429.14,0.0,1,25.68,20.82,SPY220218P00427000,427.0,0,0.0,0.0,,0.0,normalDay
2021-10-01,8128.0,767.0,0.0,0,434.24,0.0,1,25.68,18.01,SPY220218P00427000,427.0,0,0.0,0.0,,0.0,normalDay
2021-10-04,8128.0,525.0,0.0,0,428.64,0.0,1,25.68,20.43,SPY220218P00427000,427.0,0,0.0,0.0,,0.0,normalDay
2021-10-05,8128.0,744.0,0.0,0,433.1,0.0,1,25.68,18.24,SPY220218P00427000,427.0,0,0.0,0.0,,0.0,normalDay
2021-10-06,8128.0,814.0,0.0,0,434.9,0.0,1,25.68,17.54,SPY220218P00427000,427.0,0,0.0,0.0,,0.0,normalDay
2021-10-07,8128.0,1000.0,0.0,0,438.66,0.0,1,25.68,15.68,SPY220218P00427000,427.0,0,0.0,0.0,,0.0,normalDay
2021-10-08,8128.0,977.0,0.0,0,437.86,0.0,1,25.68,15.91,SPY220218P00427000,427.0,0,0.0,0.0,,0.0,normalDay
2021-10-11,8128.0,885.0,0.0,0,434.69,0.0,1,25.68,16.83,SPY220218P00427000,427.0,0,0.0,0.0,,0.0,normalDay
2021-10-12,8128.0,858.0,0.0,0,433.62,0.0,1,25.68,17.1,SPY220218P00427000,427.0,0,0.0,0.0,,0.0,normalDay
2021-10-13,8128.0,1011.0,0.0,0,435.18,0.0,1,25.68,15.57,SPY220218P00427000,427.0,0,0.0,0.0,,0.0,normalDay
2021-10-14,8128.0,1291.0,0.0,0,442.5,0.0,1,25.68,12.77,SPY220218P00427000,427.0,0,0.0,0.0,,0.0,normalDay
2021-10-15,8128.0,1380.0,0.0,0,445.87,0.0,1,25.68,11.88,SPY220218P00427000,427.0,0,0.0,0.0,,0.0,normalDay
2021-10-18,8128.0,1426.0,0.0,0,447.19,0.0,1,25.68,11.42,SPY220218P00427000,427.0,0,0.0,0.0,,0.0,normalDay
2021-10-19,8128.0,1547.0,0.0,0,450.64,0.0,1,25.68,10.21,SPY220218P00427000,427.0,0,0.0,0.0,,0.0,normalDay
2021-10-20,8128.0,1576.0,0.0,0,452.41,0.0,1,25.68,9.92,SPY220218P00427000,427.0,0,0.0,0.0,,0.0,normalDay
2021-10-21,8128.0,1624.0,0.0,0,453.59,0.0,1,25.68,9.44,SPY220218P00427000,427.0,0,0.0,0.0,,0.0,normalDay
2021-10-22,8128.0,1582.0,0.0,0,453.12,0.0,1,25.68,9.86,SPY220218P00427000,427.0,0,0.0,0.0,,0.0,normalDay
2021-10-25,8128.0,1666.0,0.0,0,455.55,0.0,1,25.68,9.02,SPY220218P00427000,427.0,0,0.0,0.0,,0.0,normalDay
2021-10-26,8128.0,1679.0,0.0,0,455.96,0.0,1,25.68,8.89,SPY220218P00427000,427.0,0,0.0,0.0,,0.0,normalDay
2021-10-27,8128.0,1596.0,0.0,0,453.94,0.0,1,25.68,9.72,SPY220218P00427000,427.0,0,0.0,0.0,,0.0,normalDay
2021-10-28,8128.0,1697.0,0.0,0,458.32,0.0,1,25.68,8.71,SPY220218P00427000,427.0,0,0.0,0.0,,0.0,normalDay
2021-10-29,8128.0,1726.0,0.0,0,459.25,0.0,1,25.68,8.42,SPY220218P00427000,427.0,0,0.0,0.0,,0.0,normalDay
2021-11-01,8128.0,1755.0,0.0,0,460.04,0.0,1,25.68,8.13,SPY220218P00427000,427.0,0,0.0,0.0,,0.0,normalDay
2021-11-02,8128.0,1801.0,0.0,0,461.9,0.0,1,25.68,7.67,SPY220218P00427000,427.0,0,0.0,0.0,,0.0,normalDay
2021-11-03,8128.0,1881.0,0.0,0,464.72,0.0,1,25.68,6.87,SPY220218P00427000,427.0,0,0.0,0.0,,0.0,normalDay
2021-11-04,8128.0,1915.0,0.0,0,466.91,0.0,1,25.68,6.53,SPY220218P00427000,427.0,0,0.0,0.0,,0.0,normalDay
2021-11-05,8128.0,1904.0,0.0,0,468.53,0.0,1,25.68,6.64,SPY220218P00427000,427.0,0,0.0,0.0,,0.0,normalDay
2021-11-08,8128.0,1901.0,0.0,0,468.93,0.0,1,25.68,6.67,SPY220218P00427000,427.0,0,0.0,0.0,,0.0,normalDay
2021-11-09,8128.0,1873.0,0.0,0,467.38,0.0,1,25.68,6.95,SPY220218P00427000,427.0,0,0.0,0.0,,0.0,normalDay
2021-11-10,8128.0,1809.0,0.0,0,463.62,0.0,1,25.68,7.59,SPY220218P00427000,427.0,0,0.0,0.0,,0.0,normalDay
2021-11-11,8128.0,1862.0,0.0,0,463.77,0.0,1,25.68,7.06,SPY220218P00427000,427.0,0,0.0,0.0,,0.0,normalDay
2021-11-12,8128.0,1948.0,0.0,0,467.27,0.0,1,25.68,6.2,SPY220218P00427000,427.0,0,0.0,0.0,,0.0,normalDay
2021-11-15,8128.0,1962.0,0.0,0,467.43,0.0,1,25.68,6.06,SPY220218P00427000,427.0,0,0.0,0.0,,0.0,normalDay
2021-11-16,8128.0,1995.0,0.0,0,469.28,0.0,1,25.68,5.73,SPY220218P00427000,427.0,0,0.0,0.0,,0.0,normalDay
2021-11-17,8128.0,1950.0,0.0,0,468.14,0.0,1,25.68,6.18,SPY220218P00427000,427.0,0,0.0,0.0,,0.0,normalDay
2021-11-18,8128.0,1970.0,0.0,0,469.73,0.0,1,25.68,5.98,SPY220218P00427000,427.0,0,0.0,0.0,,0.0,normalDay
2021-11-19,8128.0,1955.0,0.0,0,468.89,0.0,1,25.68,6.13,SPY220218P00427000,427.0,0,0.0,0.0,,0.0,normalDay
2021-11-22,8128.0,1922.0,0.0,0,467.57,0.0,1,25.68,6.46,SPY220218P00427000,427.0,0,0.0,0.0,,0.0,normalDay
2021-11-23,8128.0,1944.0,0.0,0,468.19,0.0,1,25.68,6.24,SPY220218P00427000,427.0,0,0.0,0.0,,0.0,normalDay
2021-11-24,8128.0,1994.0,0.0,0,469.44,0.0,1,25.68,5.74,SPY220218P00427000,427.0,0,0.0,0.0,,0.0,normalDay
2021-11-26,8128.0,1377.0,0.0,0,458.97,0.0,1,25.68,11.91,SPY220218P00427000,427.0,0,0.0,0.0,,0.0,normalDay
2021-11-29,8128.0,1844.0,0.0,0,464.6,0.0,1,25.68,7.24,SPY220218P00427000,427.0,0,0.0,0.0,,0.0,normalDay
2021-11-30,8128.0,1595.0,0.0,0,455.56,0.0,1,25.68,9.73,SPY220218P00427000,427.0,0,0.0,0.0,,0.0,normalDay
2021-12-01,8128.0,1290.0,0.0,0,450.5,0.0,1,25.68,12.78,SPY220218P00427000,427.0,0,0.0,0.0,,0.0,normalDay
2021-12-02,8128.0,1551.0,0.0,0,457.4,0.0,1,25.68,10.17,SPY220218P00427000,427.0,0,0.0,0.0,,0.0,normalDay
2021-12-03,8128.0,1376.0,0.0,0,453.42,0.0,1,25.68,11.92,SPY220218P00427000,427.0,0,0.0,0.0,,0.0,normalDay
2021-12-06,8128.0,1629.0,0.0,0,458.79,0.0,1,25.68,9.39,SPY220218P00427000,427.0,0,0.0,0.0,,0.0,normalDay
2021-12-07,8128.0,1952.0,0.0,0,468.28,0.0,1,25.68,6.16,SPY220218P00427000,427.0,0,0.0,0.0,,0.0,normalDay
2021-12-08,8128.0,2040.0,0.0,0,469.52,0.0,1,25.68,5.28,SPY220218P00427000,427.0,0,0.0,0.0,,0.0,normalDay
2021-12-09,8128.0,1969.0,0.0,0,466.35,0.0,1,25.68,5.99,SPY220218P00427000,427.0,0,0.0,0.0,,0.0,normalDay
2021-12-10,8128.0,2088.0,0.0,0,470.74,0.0,1,25.68,4.8,SPY220218P00427000,427.0,0,0.0,0.0,,0.0,normalDay
2021-12-13,8128.0,2013.0,0.0,0,466.57,0.0,1,25.68,5.55,SPY220218P00427000,427.0,0,0.0,0.0,,0.0,normalDay
2021-12-14,8128.0,1939.0,0.0,0,463.36,0.0,1,25.68,6.29,SPY220218P00427000,427.0,0,0.0,0.0,,0.0,normalDay
2021-12-15,8128.0,2124.0,0.0,0,470.6,0.0,1,25.68,4.44,SPY220218P00427000,427.0,0,0.0,0.0,,0.0,normalDay
2021-12-16,8128.0,2044.0,0.0,0,466.45,0.0,1,25.68,5.24,SPY220218P00427000,427.0,0,0.0,0.0,,0.0,normalDay
2021-12-17,8128.0,1937.0,0.0,0,459.87,0.0,1,25.68,6.31,SPY220218P00427000,427.0,0,0.0,0.0,,0.0,normalDay
2021-12-20,8128.0,1852.0,0.0,0,454.98,0.0,1,25.68,7.16,SPY220218P00427000,427.0,0,0.0,0.0,,0.0,normalDay
2021-12-21,8128.0,2040.0,0.0,0,463.06,0.0,1,25.68,5.28,SPY220218P00427000,427.0,0,0.0,0.0,,0.0,normalDay
2021-12-22,8128.0,2169.0,0.0,0,467.69,0.0,1,25.68,3.99,SPY220218P00427000,427.0,0,0.0,0.0,,0.0,normalDay
2021-12-23,8128.0,2224.0,0.0,0,470.6,0.0,1,25.68,3.44,SPY220218P00427000,427.0,0,0.0,0.0,,0.0,normalDay
2021-12-27,8128.0,2317.0,0.0,0,477.26,0.0,1,25.68,2.51,SPY220218P00427000,427.0,0,0.0,0.0,,0.0,normalDay
2021-12-28,8128.0,2331.0,0.0,0,476.87,0.0,1,25.68,2.37,SPY220218P00427000,427.0,0,0.0,0.0,,0.0,normalDay
2021-12-29,8128.0,2361.0,0.0,0,477.48,0.0,1,25.68,2.07,SPY220218P00427000,427.0,0,0.0,0.0,,0.0,normalDay
2021-12-30,8128.0,2348.0,0.0,0,476.16,0.0,1,25.68,2.2,SPY220218P00427000,427.0,0,0.0,0.0,,0.0,normalDay
2021-12-31,8128.0,2359.0,0.0,0,474.96,0.0,1,25.68,2.09,SPY220218P00427000,427.0,0,0.0,0.0,,0.0,normalDay
2022-01-03,8128.0,2401.0,0.0,0,477.71,0.0,1,25.68,1.67,SPY220218P00427000,427.0,0,0.0,0.0,,0.0,normalDay
2022-01-04,8128.0,2398.0,0.0,0,477.55,0.0,1,25.68,1.7,SPY220218P00427000,427.0,0,0.0,0.0,,0.0,normalDay
2022-01-05,8128.0,2285.0,0.0,0,468.38,0.0,1,25.68,2.83,SPY220218P00427000,427.0,0,0.0,0.0,,0.0,normalDay
2022-01-06,8128.0,2296.0,0.0,0,467.94,0.0,1,25.68,2.72,SPY220218P00427000,427.0,0,0.0,0.0,,0.0,normalDay
2022-01-07,8128.0,2319.0,0.0,0,466.09,0.0,1,25.68,2.49,SPY220218P00427000,427.0,0,0.0,0.0,,0.0,normalDay
2022-01-10,8128.0,2323.0,0.0,0,465.51,0.0,1,25.68,2.45,SPY220218P00427000,427.0,0,0.0,0.0,,0.0,normalDay
2022-01-11,8128.0,2378.0,0.0,0,469.75,0.0,1,25.68,1.9,SPY220218P00427000,427.0,0,0.0,0.0,,0.0,normalDay
2022-01-12,8128.0,2407.0,0.0,0,471.02,0.0,1,25.68,1.61,SPY220218P00427000,427.0,0,0.0,0.0,,0.0,normalDay
2022-01-13,8128.0,2316.0,0.0,0,464.53,0.0,1,25.68,2.52,SPY220218P00427000,427.0,0,0.0,0.0,,0.0,normalDay
2022-01-14,8128.0,2355.0,0.0,0,464.72,0.0,1,25.68,2.13,SPY220218P00427000,427.0,0,0.0,0.0,,0.0,normalDay
2022-01-18,8128.0,2217.0,0.0,0,456.49,0.0,1,25.68,3.51,SPY220218P00427000,427.0,0,0.0,0.0,,0.0,normalDay
2022-01-19,8128.0,2160.0,0.0,0,451.75,0.0,1,25.68,4.08,SPY220218P00427000,427.0,0,0.0,0.0,,0.0,normalDay
2022-01-20,8128.0,2025.0,0.0,0,446.75,0.0,1,25.68,5.43,SPY220218P00427000,427.0,0,0.0,0.0,,0.0,normalDay
2022-01-21,8128.0,1743.0,0.0,0,437.98,0.0,1,25.68,8.25,SPY220218P00427000,427.0,0,0.0,0.0,,0.0,normalDay
2022-01-24,8128.0,1745.0,0.0,0,439.84,0.0,1,25.68,8.23,SPY220218P00427000,427.0,0,0.0,0.0,,0.0,normalDay
2022-01-25,8128.0,1542.0,0.0,0,434.47,0.0,1,25.68,10.26,SPY220218P00427000,427.0,0,0.0,0.0,,0.0,normalDay
2022-01-26,8128.0,1561.0,0.0,0,433.38,0.0,1,25.68,10.07,SPY220218P00427000,427.0,0,0.0,0.0,,0.0,normalDay
2022-01-27,8128.0,1591.0,0.0,0,431.24,0.0,1,25.68,9.77,SPY220218P00427000,427.0,0,0.0,0.0,,0.0,normalDay
2022-01-28,8128.0,1993.0,0.0,0,441.95,0.0,1,25.68,5.75,SPY220218P00427000,427.0,0,0.0,0.0,,0.0,normalDay
2022-01-31,8128.0,2250.0,0.0,0,449.91,0.0,1,25.68,3.18,SPY220218P00427000,427.0,0,0.0,0.0,,0.0,normalDay
2022-02-01,8128.0,2384.0,0.0,0,452.95,0.0,1,25.68,1.84,SPY220218P00427000,427.0,0,0.0,0.0,,0.0,normalDay
2022-02-02,8128.0,2425.0,0.0,0,457.35,0.0,1,25.68,1.43,SPY220218P00427000,427.0,0,0.0,0.0,,0.0,normalDay
2022-02-03,8128.0,2328.0,0.0,0,446.6,0.0,1,25.68,2.4,SPY220218P00427000,427.0,0,0.0,0.0,,0.0,normalDay
2022-02-04,8128.0,2361.0,0.0,0,448.7,0.0,1,25.68,2.07,SPY220218P00427000,427.0,0,0.0,0.0,,0.0,normalDay
2022-02-07,8128.0,2424.0,0.0,0,447.26,0.0,1,25.68,1.44,SPY220218P00427000,427.0,0,0.0,0.0,,0.0,normalDay
2022-02-08,8128.0,2483.0,0.0,0,450.94,0.0,1,25.68,0.85,SPY220218P00427000,427.0,0,0.0,0.0,,0.0,normalDay
2022-02-09,8128.0,2531.0,0.0,0,457.54,0.0,1,25.68,0.37,SPY220218P00427000,427.0,0,0.0,0.0,,0.0,normalDay
2022-02-10,8128.0,2457.0,0.0,0,449.32,0.0,1,25.68,1.11,SPY220218P00427000,427.0,0,0.0,0.0,,0.0,normalDay
2022-02-11,8128.0,2334.0,0.0,0,440.46,0.0,1,25.68,2.34,SPY220218P00427000,427.0,0,0.0,0.0,,0.0,normalDay
2022-02-14,8128.0,2402.0,0.0,0,439.02,0.0,1,25.68,1.66,SPY220218P00427000,427.0,0,0.0,0.0,,0.0,normalDay
2022-02-15,8128.0,2514.0,0.0,0,446.1,0.0,1,25.68,0.54,SPY220218P00427000,427.0,0,0.0,0.0,,0.0,normalDay
2022-02-16,8128.0,2555.0,0.0,0,446.6,0.0,1,25.68,0.13,SPY220218P00427000,427.0,0,0.0,0.0,,0.0,normalDay
2022-02-17,8128.0,2529.0,0.0,0,437.06,0.0,1,25.68,0.39,SPY220218P00427000,427.0,0,0.0,0.0,,0.0,normalDay
2022-02-18,10696.0,0.0,2568.0,0,434.23,0.0,1,25.68,0.0,SPY220218P00427000,427.0,0,0.0,0.0,,0.0,expirationDay
2022-02-22,10696.0,-129.0,0.0,0,429.57,0.0,1,33.38,34.67,SPY220930P00439000,439.0,0,0.0,0.0,,0.0,normalDay
2022-02-23,10696.0,-600.0,0.0,0,421.95,0.0,1,33.38,39.38,SPY220930P00439000,439.0,0,0.0,0.0,,0.0,normalDay
2022-02-24,10696.0,-311.0,0.0,0,428.3,0.0,1,33.38,36.49,SPY220930P00439000,439.0,0,0.0,0.0,,0.0,normalDay
2022-02-25,10696.0,230.0,0.0,0,437.75,0.0,1,33.38,31.08,SPY220930P00439000,439.0,0,0.0,0.0,,0.0,normalDay
2022-02-28,10696.0,127.0,0.0,0,436.63,0.0,1,33.38,32.11,SPY220930P00439000,439.0,0,0.0,0.0,,0.0,normalDay
2022-03-01,10696.0,-313.0,0.0,0,429.98,0.0,1,33.38,36.51,SPY220930P00439000,439.0,0,0.0,0.0,,0.0,normalDay
2022-03-02,10696.0,99.0,0.0,0,437.89,0.0,1,33.38,32.39,SPY220930P00439000,439.0,0,0.0,0.0,,0.0,normalDay
2022-03-03,10696.0,23.0,0.0,0,435.71,0.0,1,33.38,33.15,SPY220930P00439000,439.0,0,0.0,0.0,,0.0,normalDay
2022-03-04,10696.0,-232.0,0.0,0,432.17,0.0,1,33.38,35.7,SPY220930P00439000,439.0,0,0.0,0.0,,0.0,normalDay
2022-03-07,10696.0,-1010.0,0.0,0,419.43,0.0,1,33.38,43.48,SPY220930P00439000,439.0,0,0.0,0.0,,0.0,normalDay
2022-03-08,10696.0,-1157.0,0.0,0,416.25,0.0,1,33.38,44.95,SPY220930P00439000,439.0,0,0.0,0.0,,0.0,normalDay
2022-03-09,10696.0,-534.0,0.0,0,427.41,0.0,1,33.38,38.72,SPY220930P00439000,439.0,0,0.0,0.0,,0.0,normalDay
2022-03-10,10696.0,-490.0,0.0,0,425.48,0.0,1,33.38,38.28,SPY220930P00439000,439.0,0,0.0,0.0,,0.0,normalDay
2022-03-11,10696.0,-787.0,0.0,0,420.07,0.0,1,33.38,41.25,SPY220930P00439000,439.0,0,0.0,0.0,,0.0,normalDay
2022-03-14,10696.0,-921.0,0.0,0,417.0,0.0,1,33.38,42.59,SPY220930P00439000,439.0,0,0.0,0.0,,0.0,normalDay
2022-03-15,10696.0,-450.0,0.0,0,426.17,0.0,1,33.38,37.88,SPY220930P00439000,439.0,0,0.0,0.0,,0.0,normalDay
2022-03-16,10696.0,156.0,0.0,0,435.62,0.0,1,33.38,31.82,SPY220930P00439000,439.0,0,0.0,0.0,,0.0,normalDay
2022-03-17,10696.0,430.0,0.0,0,441.07,0.0,1,33.38,29.08,SPY220930P00439000,439.0,0,0.0,0.0,,0.0,normalDay
2022-03-18,10696.0,743.0,0.0,0,444.52,0.0,1,33.38,25.95,SPY220930P00439000,439.0,0,0.0,0.0,,0.0,normalDay
2022-03-21,10696.0,771.0,0.0,0,444.39,0.0,1,33.38,25.67,SPY220930P00439000,439.0,0,0.0,0.0,,0.0,normalDay
2022-03-22,10696.0,1000.0,0.0,0,449.59,0.0,1,33.38,23.38,SPY220930P00439000,439.0,0,0.0,0.0,,0.0,normalDay
2022-03-23,10696.0,768.0,0.0,0,443.8,0.0,1,33.38,25.7,SPY220930P00439000,439.0,0,0.0,0.0,,0.0,normalDay
2022-03-24,10696.0,1045.0,0.0,0,450.49,0.0,1,33.38,22.93,SPY220930P00439000,439.0,0,0.0,0.0,,0.0,normalDay
2022-03-25,10696.0,1138.0,0.0,0,452.69,0.0,1,33.38,22.0,SPY220930P00439000,439.0,0,0.0,0.0,,0.0,normalDay
2022-03-28,10696.0,1292.0,0.0,0,455.91,0.0,1,33.38,20.46,SPY220930P00439000,439.0,0,0.0,0.0,,0.0,normalDay
2022-03-29,10696.0,1476.0,0.0,0,461.55,0.0,1,33.38,18.62,SPY220930P00439000,439.0,0,0.0,0.0,,0.0,normalDay
2022-03-30,10696.0,1391.0,0.0,0,458.7,0.0,1,33.38,19.47,SPY220930P00439000,439.0,0,0.0,0.0,,0.0,normalDay
2022-03-31,10696.0,1137.0,0.0,0,451.64,0.0,1,33.38,22.01,SPY220930P00439000,439.0,0,0.0,0.0,,0.0,normalDay
2022-04-01,10696.0,1216.0,0.0,0,452.92,0.0,1,33.38,21.22,SPY220930P00439000,439.0,0,0.0,0.0,,0.0,normalDay
2022-04-04,10696.0,1410.0,0.0,0,456.8,0.0,1,33.38,19.28,SPY220930P00439000,439.0,0,0.0,0.0,,0.0,normalDay
2022-04-05,10696.0,1173.0,0.0,0,451.03,0.0,1,33.38,21.65,SPY220930P00439000,439.0,0,0.0,0.0,,0.0,normalDay
2022-04-06,10696.0,969.0,0.0,0,446.52,0.0,1,33.38,23.69,SPY220930P00439000,439.0,0,0.0,0.0,,0.0,normalDay
2022-04-07,10696.0,1060.0,0.0,0,448.77,0.0,1,33.38,22.78,SPY220930P00439000,439.0,0,0.0,0.0,,0.0,normalDay
2022-04-08,10696.0,1042.0,0.0,0,447.57,0.0,1,33.38,22.96,SPY220930P00439000,439.0,0,0.0,0.0,,0.0,normalDay
2022-04-11,10696.0,701.0,0.0,0,439.92,0.0,1,33.38,26.37,SPY220930P00439000,439.0,0,0.0,0.0,,0.0,normalDay
2022-04-12,10696.0,635.0,0.0,0,438.29,0.0,1,33.38,27.03,SPY220930P00439000,439.0,0,0.0,0.0,,0.0,normalDay
2022-04-13,10696.0,921.0,0.0,0,443.31,0.0,1,33.38,24.17,SPY220930P00439000,439.0,0,0.0,0.0,,0.0,normalDay
2022-04-14,10696.0,683.0,0.0,0,437.79,0.0,1,33.38,26.55,SPY220930P00439000,439.0,0,0.0,0.0,,0.0,normalDay
2022-04-18,10696.0,793.0,0.0,0,437.97,0.0,1,33.38,25.45,SPY220930P00439000,439.0,0,0.0,0.0,,0.0,normalDay
2022-04-19,10696.0,985.0,0.0,0,445.04,0.0,1,33.38,23.53,SPY220930P00439000,439.0,0,0.0,0.0,,0.0,normalDay
2022-04-20,10696.0,1127.0,0.0,0,444.71,0.0,1,33.38,22.11,SPY220930P00439000,439.0,0,0.0,0.0,,0.0,normalDay
2022-04-21,10696.0,736.0,0.0,0,438.06,0.0,1,33.38,26.02,SPY220930P00439000,439.0,0,0.0,0.0,,0.0,normalDay
2022-04-22,10696.0,-25.0,0.0,0,426.04,0.0,1,33.38,33.63,SPY220930P00439000,439.0,0,0.0,0.0,,0.0,normalDay
2022-04-25,10696.0,233.0,0.0,0,428.51,0.0,1,33.38,31.05,SPY220930P00439000,439.0,0,0.0,0.0,,0.0,normalDay
2022-04-26,10696.0,-677.0,0.0,0,416.1,0.0,1,33.38,40.15,SPY220930P00439000,439.0,0,0.0,0.0,,0.0,normalDay
2022-04-27,10696.0,-383.0,0.0,0,417.27,0.0,1,33.38,37.21,SPY220930P00439000,439.0,0,0.0,0.0,,0.0,normalDay
2022-04-28,10696.0,37.0,0.0,0,427.81,0.0,1,33.38,33.01,SPY220930P00439000,439.0,0,0.0,0.0,,0.0,normalDay
2022-04-29,10696.0,-703.0,0.0,0,412.0,0.0,1,33.38,40.41,SPY220930P00439000,439.0,0,0.0,0.0,,0.0,normalDay
2022-05-02,10696.0,-542.0,0.0,0,414.48,0.0,1,33.38,38.8,SPY220930P00439000,439.0,0,0.0,0.0,,0.0,normalDay
2022-05-03,10696.0,-314.0,0.0,0,416.38,0.0,1,33.38,36.52,SPY220930P00439000,439.0,0,0.0,0.0,,0.0,normalDay
2022-05-04,10696.0,398.0,0.0,0,429.06,0.0,1,33.38,29.4,SPY220930P00439000,439.0,0,0.0,0.0,,0.0,normalDay
2022-05-05,10696.0,-595.0,0.0,0,413.81,0.0,1,33.38,39.33,SPY220930P00439000,439.0,0,0.0,0.0,,0.0,normalDay
2022-05-06,10696.0,-812.0,0.0,0,411.34,0.0,1,33.38,41.5,SPY220930P00439000,439.0,0,0.0,0.0,,0.0,normalDay
2022-05-09,10696.0,-1588.0,0.0,0,398.17,0.0,1,33.38,49.26,SPY220930P00439000,439.0,0,0.0,0.0,,0.0,normalDay
2022-05-10,10696.0,-1538.0,0.0,0,399.09,0.0,1,33.38,48.76,SPY220930P00439000,439.0,0,0.0,0.0,,0.0,normalDay
2022-05-11,10696.0,-1992.0,0.0,0,392.75,0.0,1,33.38,53.3,SPY220930P00439000,439.0,0,0.0,0.0,,0.0,normalDay
2022-05-12,10696.0,-2028.0,0.0,0,392.34,0.0,1,33.38,53.66,SPY220930P00439000,439.0,0,0.0,0.0,,0.0,normalDay
2022-05-13,10696.0,-1318.0,0.0,0,401.72,0.0,1,33.38,46.56,SPY220930P00439000,439.0,0,0.0,0.0,,0.0,normalDay
2022-05-16,10696.0,-1366.0,0.0,0,400.09,0.0,1,33.38,47.04,SPY220930P00439000,439.0,0,0.0,0.0,,0.0,normalDay
2022-05-17,10696.0,-728.0,0.0,0,408.32,0.0,1,33.38,40.66,SPY220930P00439000,439.0,0,0.0,0.0,,0.0,normalDay
2022-05-18,10696.0,-2087.0,0.0,0,391.86,0.0,1,33.38,54.25,SPY220930P00439000,439.0,0,0.0,0.0,,0.0,normalDay
2022-05-19,10696.0,-2194.0,0.0,0,389.46,0.0,1,33.38,55.32,SPY220930P00439000,439.0,0,0.0,0.0,,0.0,normalDay
2022-05-20,10696.0,-2193.0,0.0,0,389.63,0.0,1,33.38,55.31,SPY220930P00439000,439.0,0,0.0,0.0,,0.0,normalDay
2022-05-23,10696.0,-1547.0,0.0,0,396.92,0.0,1,33.38,48.85,SPY220930P00439000,439.0,0,0.0,0.0,,0.0,normalDay
2022-05-24,10696.0,-1796.0,0.0,0,393.89,0.0,1,33.38,51.34,SPY220930P00439000,439.0,0,0.0,0.0,,0.0,normalDay
2022-05-25,10696.0,-1548.0,0.0,0,397.37,0.0,1,33.38,48.86,SPY220930P00439000,439.0,0,0.0,0.0,,0.0,normalDay
2022-05-26,10696.0,-994.0,0.0,0,405.31,0.0,1,33.38,43.32,SPY220930P00439000,439.0,0,0.0,0.0,,0.0,normalDay
2022-05-27,10696.0,-343.0,0.0,0,415.26,0.0,1,33.38,36.81,SPY220930P00439000,439.0,0,0.0,0.0,,0.0,normalDay
2022-05-31,10696.0,-370.0,0.0,0,412.93,0.0,1,33.38,37.08,SPY220930P00439000,439.0,0,0.0,0.0,,0.0,normalDay
2022-06-01,10696.0,-550.0,0.0,0,409.59,0.0,1,33.38,38.88,SPY220930P00439000,439.0,0,0.0,0.0,,0.0,normalDay
2022-06-02,10696.0,0.0,0.0,0,417.39,0.0,1,33.38,33.38,SPY220930P00439000,439.0,0,0.0,0.0,,0.0,normalDay
2022-06-03,10696.0,-447.0,0.0,0,410.54,0.0,1,33.38,37.85,SPY220930P00439000,439.0,0,0.0,0.0,,0.0,normalDay
2022-06-06,10696.0,-347.0,0.0,0,411.79,0.0,1,33.38,36.85,SPY220930P00439000,439.0,0,0.0,0.0,,0.0,normalDay
2022-06-07,10696.0,-94.0,0.0,0,415.74,0.0,1,33.38,34.32,SPY220930P00439000,439.0,0,0.0,0.0,,0.0,normalDay
2022-06-08,10696.0,-352.0,0.0,0,411.22,0.0,1,33.38,36.9,SPY220930P00439000,439.0,0,0.0,0.0,,0.0,normalDay
2022-06-09,10696.0,-1096.0,0.0,0,401.44,0.0,1,33.38,44.34,SPY220930P00439000,439.0,0,0.0,0.0,,0.0,normalDay
2022-06-10,10696.0,-2028.0,0.0,0,389.8,0.0,1,33.38,53.66,SPY220930P00439000,439.0,0,0.0,0.0,,0.0,normalDay
2022-06-13,10696.0,-3399.0,0.0,0,375.0,0.0,1,33.38,67.37,SPY220930P00439000,439.0,0,0.0,0.0,,0.0,normalDay
2022-06-14,10696.0,-3571.0,0.0,0,373.87,0.0,1,33.38,69.09,SPY220930P00439000,439.0,0,0.0,0.0,,0.0,normalDay
2022-06-15,10696.0,-2994.0,0.0,0,379.2,0.0,1,33.38,63.32,SPY220930P00439000,439.0,0,0.0,0.0,,0.0,normalDay
2022-06-16,10696.0,-4106.0,0.0,0,366.65,0.0,1,33.38,74.44,SPY220930P00439000,439.0,0,0.0,0.0,,0.0,normalDay
2022-06-17,10696.0,-4010.0,0.0,0,365.86,0.0,1,33.38,73.48,SPY220930P00439000,439.0,0,0.0,0.0,,0.0,normalDay
2022-06-21,10696.0,-3183.0,0.0,0,375.07,0.0,1,33.38,65.21,SPY220930P00439000,439.0,0,0.0,0.0,,0.0,normalDay
2022-06-22,10696.0,-3213.0,0.0,0,374.39,0.0,1,33.38,65.51,SPY220930P00439000,439.0,0,0.0,0.0,,0.0,normalDay
2022-06-23,10696.0,-3002.0,0.0,0,378.06,0.0,1,33.38,63.4,SPY220930P00439000,439.0,0,0.0,0.0,,0.0,normalDay
2022-06-24,10696.0,-1909.0,0.0,0,390.08,0.0,1,33.38,52.47,SPY220930P00439000,439.0,0,0.0,0.0,,0.0,normalDay
2022-06-27,10696.0,-1874.0,0.0,0,388.59,0.0,1,33.38,52.12,SPY220930P00439000,439.0,0,0.0,0.0,,0.0,normalDay
2022-06-28,10696.0,-2656.0,0.0,0,380.65,0.0,1,33.38,59.94,SPY220930P00439000,439.0,0,0.0,0.0,,0.0,normalDay
2022-06-29,10696.0,-2644.0,0.0,0,380.34,0.0,1,33.38,59.82,SPY220930P00439000,439.0,0,0.0,0.0,,0.0,normalDay
2022-06-30,10696.0,-3038.0,0.0,0,377.25,0.0,1,33.38,63.76,SPY220930P00439000,439.0,0,0.0,0.0,,0.0,normalDay
2022-07-01,10696.0,-2607.0,0.0,0,381.24,0.0,1,33.38,59.45,SPY220930P00439000,439.0,0,0.0,0.0,,0.0,normalDay
2022-07-05,10696.0,-2563.0,0.0,0,381.96,0.0,1,33.38,59.01,SPY220930P00439000,439.0,0,0.0,0.0,,0.0,normalDay
2022-07-06,10696.0,-2357.0,0.0,0,383.25,0.0,1,33.38,56.95,SPY220930P00439000,439.0,0,0.0,0.0,,0.0,normalDay
2022-07-07,10696.0,-1878.0,0.0,0,388.99,0.0,1,33.38,52.16,SPY220930P00439000,439.0,0,0.0,0.0,,0.0,normalDay
2022-07-08,10696.0,-1836.0,0.0,0,388.67,0.0,1,33.38,51.74,SPY220930P00439000,439.0,0,0.0,0.0,,0.0,normalDay
2022-07-11,10696.0,-2240.0,0.0,0,384.23,0.0,1,33.38,55.78,SPY220930P00439000,439.0,0,0.0,0.0,,0.0,normalDay
2022-07-12,10696.0,-2621.0,0.0,0,380.83,0.0,1,33.38,59.59,SPY220930P00439000,439.0,0,0.0,0.0,,0.0,normalDay
2022-07-13,10696.0,-2805.0,0.0,0,378.83,0.0,1,33.38,61.43,SPY220930P00439000,439.0,0,0.0,0.0,,0.0,normalDay
2022-07-14,10696.0,-2848.0,0.0,0,377.91,0.0,1,33.38,61.86,SPY220930P00439000,439.0,0,0.0,0.0,,0.0,normalDay
2022-07-15,10696.0,-2164.0,0.0,0,385.13,0.0,1,33.38,55.02,SPY220930P00439000,439.0,0,0.0,0.0,,0.0,normalDay
2022-07-18,10696.0,-2451.0,0.0,0,381.95,0.0,1,33.38,57.89,SPY220930P00439000,439.0,0,0.0,0.0,,0.0,normalDay
2022-07-19,10696.0,-1471.0,0.0,0,392.27,0.0,1,33.38,48.09,SPY220930P00439000,439.0,0,0.0,0.0,,0.0,normalDay
2022-07-20,10696.0,-1271.0,0.0,0,394.77,0.0,1,33.38,46.09,SPY220930P00439000,439.0,0,0.0,0.0,,0.0,normalDay
2022-07-21,10696.0,-959.0,0.0,0,398.79,0.0,1,33.38,42.97,SPY220930P00439000,439.0,0,0.0,0.0,,0.0,normalDay
2022-07-22,10696.0,-1298.0,0.0,0,395.09,0.0,1,33.38,46.36,SPY220930P00439000,439.0,0,0.0,0.0,,0.0,normalDay
2022-07-25,10696.0,-1150.0,0.0,0,395.57,0.0,1,33.38,44.88,SPY220930P00439000,439.0,0,0.0,0.0,,0.0,normalDay
2022-07-26,10696.0,-1541.0,0.0,0,390.89,0.0,1,33.38,48.79,SPY220930P00439000,439.0,0,0.0,0.0,,0.0,normalDay
2022-07-27,10696.0,-748.0,0.0,0,401.04,0.0,1,33.38,40.86,SPY220930P00439000,439.0,0,0.0,0.0,,0.0,normalDay
2022-07-28,10696.0,-154.0,0.0,0,406.07,0.0,1,33.38,34.92,SPY220930P00439000,439.0,0,0.0,0.0,,0.0,normalDay
2022-07-29,10696.0,267.0,0.0,0,411.99,0.0,1,33.38,30.71,SPY220930P00439000,439.0,0,0.0,0.0,,0.0,normalDay
2022-08-01,10696.0,171.0,0.0,0,410.77,0.0,1,33.38,31.67,SPY220930P00439000,439.0,0,0.0,0.0,,0.0,normalDay
2022-08-02,10696.0,-98.0,0.0,0,408.06,0.0,1,33.38,34.36,SPY220930P00439000,439.0,0,0.0,0.0,,0.0,normalDay
2022-08-03,10696.0,452.0,0.0,0,414.45,0.0,1,33.38,28.86,SPY220930P00439000,439.0,0,0.0,0.0,,0.0,normalDay
2022-08-04,10696.0,480.0,0.0,0,414.17,0.0,1,33.38,28.58,SPY220930P00439000,439.0,0,0.0,0.0,,0.0,normalDay
2022-08-05,10696.0,418.0,0.0,0,413.47,0.0,1,33.38,29.2,SPY220930P00439000,439.0,0,0.0,0.0,,0.0,normalDay
2022-08-08,10696.0,440.0,0.0,0,412.99,0.0,1,33.38,28.98,SPY220930P00439000,439.0,0,0.0,0.0,,0.0,normalDay
2022-08-09,10696.0,318.0,0.0,0,411.35,0.0,1,33.38,30.2,SPY220930P00439000,439.0,0,0.0,0.0,,0.0,normalDay
2022-08-10,10696.0,981.0,0.0,0,419.99,0.0,1,33.38,23.57,SPY220930P00439000,439.0,0,0.0,0.0,,0.0,normalDay
2022-08-11,10696.0,1038.0,0.0,0,419.99,0.0,1,33.38,23.0,SPY220930P00439000,439.0,0,0.0,0.0,,0.0,normalDay
2022-08-12,10696.0,1484.0,0.0,0,427.1,0.0,1,33.38,18.54,SPY220930P00439000,439.0,0,0.0,0.0,,0.0,normalDay
2022-08-15,10696.0,1629.0,0.0,0,428.86,0.0,1,33.38,17.09,SPY220930P00439000,439.0,0,0.0,0.0,,0.0,normalDay
2022-08-16,10696.0,1692.0,0.0,0,429.7,0.0,1,33.38,16.46,SPY220930P00439000,439.0,0,0.0,0.0,,0.0,normalDay
2022-08-17,10696.0,1505.0,0.0,0,426.65,0.0,1,33.38,18.33,SPY220930P00439000,439.0,0,0.0,0.0,,0.0,normalDay
2022-08-18,10696.0,1625.0,0.0,0,427.89,0.0,1,33.38,17.13,SPY220930P00439000,439.0,0,0.0,0.0,,0.0,normalDay
2022-08-19,10696.0,1227.0,0.0,0,422.14,0.0,1,33.38,21.11,SPY220930P00439000,439.0,0,0.0,0.0,,0.0,normalDay
2022-08-22,10696.0,524.0,0.0,0,413.35,0.0,1,33.38,28.14,SPY220930P00439000,439.0,0,0.0,0.0,,0.0,normalDay
2022-08-23,10696.0,384.0,0.0,0,412.35,0.0,1,33.38,29.54,SPY220930P00439000,439.0,0,0.0,0.0,,0.0,normalDay
2022-08-24,10696.0,574.0,0.0,0,413.67,0.0,1,33.38,27.64,SPY220930P00439000,439.0,0,0.0,0.0,,0.0,normalDay
2022-08-25,10696.0,1027.0,0.0,0,419.51,0.0,1,33.38,23.11,SPY220930P00439000,439.0,0,0.0,0.0,,0.0,normalDay
2022-08-26,10696.0,-262.0,0.0,0,405.31,0.0,1,33.38,36.0,SPY220930P00439000,439.0,0,0.0,0.0,,0.0,normalDay
2022-08-29,10696.0,-468.0,0.0,0,402.63,0.0,1,33.38,38.06,SPY220930P00439000,439.0,0,0.0,0.0,,0.0,normalDay
2022-08-30,10696.0,-888.0,0.0,0,398.21,0.0,1,33.38,42.26,SPY220930P00439000,439.0,0,0.0,0.0,,0.0,normalDay
2022-08-31,10696.0,-1164.0,0.0,0,395.18,0.0,1,33.38,45.02,SPY220930P00439000,439.0,0,0.0,0.0,,0.0,normalDay
2022-09-01,10696.0,-1071.0,0.0,0,396.42,0.0,1,33.38,44.09,SPY220930P00439000,439.0,0,0.0,0.0,,0.0,normalDay
2022-09-02,10696.0,-1493.0,0.0,0,392.24,0.0,1,33.38,48.31,SPY220930P00439000,439.0,0,0.0,0.0,,0.0,normalDay
2022-09-06,10696.0,-1726.0,0.0,0,390.76,0.0,1,33.38,50.64,SPY220930P00439000,439.0,0,0.0,0.0,,0.0,normalDay
2022-09-07,10696.0,-976.0,0.0,0,397.78,0.0,1,33.38,43.14,SPY220930P00439000,439.0,0,0.0,0.0,,0.0,normalDay
2022-09-08,10696.0,-646.0,0.0,0,400.38,0.0,1,33.38,39.84,SPY220930P00439000,439.0,0,0.0,0.0,,0.0,normalDay
2022-09-09,10696.0,-119.0,0.0,0,406.6,0.0,1,33.38,34.57,SPY220930P00439000,439.0,0,0.0,0.0,,0.0,normalDay
2022-09-12,10696.0,353.0,0.0,0,410.97,0.0,1,33.38,29.85,SPY220930P00439000,439.0,0,0.0,0.0,,0.0,normalDay
2022-09-13,10696.0,-1391.0,0.0,0,393.1,0.0,1,33.38,47.29,SPY220930P00439000,439.0,0,0.0,0.0,,0.0,normalDay
2022-09-14,10696.0,-1288.0,0.0,0,394.6,0.0,1,33.38,46.26,SPY220930P00439000,439.0,0,0.0,0.0,,0.0,normalDay
2022-09-15,10696.0,-1659.0,0.0,0,390.12,0.0,1,33.38,49.97,SPY220930P00439000,439.0,0,0.0,0.0,,0.0,normalDay
2022-09-16,10696.0,-1986.0,0.0,0,385.56,0.0,1,33.38,53.24,SPY220930P00439000,439.0,0,0.0,0.0,,0.0,normalDay
2022-09-19,10696.0,-1737.0,0.0,0,388.55,0.0,1,33.38,50.75,SPY220930P00439000,439.0,0,0.0,0.0,,0.0,normalDay
2022-09-20,10696.0,-2105.0,0.0,0,384.09,0.0,1,33.38,54.43,SPY220930P00439000,439.0,0,0.0,0.0,,0.0,normalDay
2022-09-21,10696.0,-2836.0,0.0,0,377.39,0.0,1,33.38,61.74,SPY220930P00439000,439.0,0,0.0,0.0,,0.0,normalDay
2022-09-22,10696.0,-3108.0,0.0,0,374.22,0.0,1,33.38,64.46,SPY220930P00439000,439.0,0,0.0,0.0,,0.0,normalDay
2022-09-23,10696.0,-3815.0,0.0,0,367.95,0.0,1,33.38,71.53,SPY220930P00439000,439.0,0,0.0,0.0,,0.0,normalDay
2022-09-26,10696.0,-4206.0,0.0,0,364.31,0.0,1,33.38,75.44,SPY220930P00439000,439.0,0,0.0,0.0,,0.0,normalDay
2022-09-27,10696.0,-4242.0,0.0,0,363.38,0.0,1,33.38,75.8,SPY220930P00439000,439.0,0,0.0,0.0,,0.0,normalDay
2022-09-28,10696.0,-3529.0,0.0,0,370.53,0.0,1,33.38,68.67,SPY220930P00439000,439.0,0,0.0,0.0,,0.0,normalDay
2022-09-29,10696.0,-4281.0,0.0,0,362.79,0.0,1,33.38,76.19,SPY220930P00439000,439.0,0,0.0,0.0,,0.0,normalDay
2022-09-30,14034.0,-8182.0,3338.0,100,357.18,439.0,1,33.38,0.0,SPY220930P00439000,439.0,0,0.0,0.0,,0.0,expirationDay
2022-10-03,14034.0,-7239.0,0.0,100,366.61,439.0,0,0.0,0.0,,0.0,0,0.0,0.0,,0.0,bidTooLow
2022-10-04,14034.0,-6103.0,0.0,100,377.97,439.0,0,0.0,0.0,,0.0,0,0.0,0.0,,0.0,bidTooLow
2022-10-05,14034.0,-6191.0,0.0,100,377.09,439.0,0,0.0,0.0,,0.0,0,0.0,0.0,,0.0,bidTooLow
2022-10-06,14034.0,-6580.0,0.0,100,373.2,439.0,0,0.0,0.0,,0.0,0,0.0,0.0,,0.0,bidTooLow
2022-10-07,14034.0,-7621.0,0.0,100,362.79,439.0,0,0.0,0.0,,0.0,0,0.0,0.0,,0.0,bidTooLow
2022-10-10,14034.0,-7898.0,0.0,100,360.02,439.0,0,0.0,0.0,,0.0,0,0.0,0.0,,0.0,bidTooLow
2022-10-11,14034.0,-8126.0,0.0,100,357.74,439.0,0,0.0,0.0,,0.0,0,0.0,0.0,,0.0,bidTooLow
2022-10-12,14034.0,-8244.0,0.0,100,356.56,439.0,0,0.0,0.0,,0.0,0,0.0,0.0,,0.0,bidTooLow
2022-10-13,14034.0,-7303.0,0.0,100,365.97,439.0,0,0.0,0.0,,0.0,0,0.0,0.0,,0.0,bidTooLow
2022-10-14,14034.0,-8137.0,0.0,100,357.63,439.0,0,0.0,0.0,,0.0,0,0.0,0.0,,0.0,bidTooLow
2022-10-17,14034.0,-7221.0,0.0,100,366.82,439.0,0,0.0,0.0,,0.0,1,0.01,0.04,SPY221019C00386000,386.0,normalDay
2022-10-18,14034.0,-6790.0,0.0,100,371.13,439.0,0,0.0,0.0,,0.0,1,0.01,0.04,SPY221019C00386000,386.0,normalDay
2022-10-19,14035.0,-7050.0,1.0,100,368.5,439.0,0,0.0,0.0,,0.0,1,0.01,0.0,SPY221019C00386000,386.0,expirationDay
2022-10-20,14035.0,-7359.0,0.0,100,365.41,439.0,0,0.0,0.0,,0.0,0,0.0,0.0,,0.0,bidTooLow
2022-10-21,14035.0,-6474.0,0.0,100,374.29,439.0,0,0.0,0.0,,0.0,1,0.28,0.31,SPY221024C00382000,382.0,normalDay
2022-10-24,14063.0,-6013.0,28.0,100,378.87,439.0,0,0.0,0.0,,0.0,1,0.28,0.0,SPY221024C00382000,382.0,expirationDay
2022-10-25,14063.0,-5412.0,0.0,100,384.92,439.0,0,0.0,0.0,,0.0,1,2.3,2.34,SPY221028C00387500,387.5,normalDay
2022-10-26,14063.0,-5598.0,0.0,100,382.02,439.0,0,0.0,0.0,,0.0,1,2.3,1.3,SPY221028C00387500,387.5,normalDay
2022-10-27,14063.0,-5682.0,0.0,100,379.98,439.0,0,0.0,0.0,,0.0,1,2.3,0.1,SPY221028C00387500,387.5,normalDay
2022-10-28,9143.0,-5682.0,-4920.0,0,389.02,0.0,0,0.0,0.0,,0.0,1,2.3,0.0,SPY221028C00387500,387.5,expirationDay
2022-10-31,9143.0,-19.0,0.0,0,386.21,0.0,1,19.26,19.45,SPY230616P00366000,366.0,0,0.0,0.0,,0.0,normalDay
2022-11-01,9143.0,-71.0,0.0,0,384.52,0.0,1,19.26,19.97,SPY230616P00366000,366.0,0,0.0,0.0,,0.0,normalDay
2022-11-02,9143.0,-444.0,0.0,0,374.87,0.0,1,19.26,23.7,SPY230616P00366000,366.0,0,0.0,0.0,,0.0,normalDay
2022-11-03,9143.0,-493.0,0.0,0,371.01,0.0,1,19.26,24.19,SPY230616P00366000,366.0,0,0.0,0.0,,0.0,normalDay
2022-11-04,9143.0,-279.0,0.0,0,376.35,0.0,1,19.26,22.05,SPY230616P00366000,366.0,0,0.0,0.0,,0.0,normalDay
2022-11-07,9143.0,-127.0,0.0,0,379.95,0.0,1,19.26,20.53,SPY230616P00366000,366.0,0,0.0,0.0,,0.0,normalDay
2022-11-08,9143.0,-129.0,0.0,0,382.0,0.0,1,19.26,20.55,SPY230616P00366000,366.0,0,0.0,0.0,,0.0,normalDay
2022-11-09,9143.0,-375.0,0.0,0,374.13,0.0,1,19.26,23.01,SPY230616P00366000,366.0,0,0.0,0.0,,0.0,normalDay
2022-11-10,9143.0,299.0,0.0,0,394.69,0.0,1,19.26,16.27,SPY230616P00366000,366.0,0,0.0,0.0,,0.0,normalDay
2022-11-11,9143.0,379.0,0.0,0,398.51,0.0,1,19.26,15.47,SPY230616P00366000,366.0,0,0.0,0.0,,0.0,normalDay
2022-11-14,9143.0,335.0,0.0,0,395.12,0.0,1,19.26,15.91,SPY230616P00366000,366.0,0,0.0,0.0,,0.0,normalDay
2022-11-15,9143.0,398.0,0.0,0,398.49,0.0,1,19.26,15.28,SPY230616P00366000,366.0,0,0.0,0.0,,0.0,normalDay
2022-11-16,9143.0,349.0,0.0,0,395.45,0.0,1,19.26,15.77,SPY230616P00366000,366.0,0,0.0,0.0,,0.0,normalDay
2022-11-17,9143.0,329.0,0.0,0,394.24,0.0,1,19.26,15.97,SPY230616P00366000,366.0,0,0.0,0.0,,0.0,normalDay
2022-11-18,9143.0,380.0,0.0,0,396.03,0.0,1,19.26,15.46,SPY230616P00366000,366.0,0,0.0,0.0,,0.0,normalDay
2022-11-21,9143.0,401.0,0.0,0,394.59,0.0,1,19.26,15.25,SPY230616P00366000,366.0,0,0.0,0.0,,0.0,normalDay
2022-11-22,9143.0,560.0,0.0,0,399.9,0.0,1,19.26,13.66,SPY230616P00366000,366.0,0,0.0,0.0,,0.0,normalDay
2022-11-23,9143.0,636.0,0.0,0,402.42,0.0,1,19.26,12.9,SPY230616P00366000,366.0,0,0.0,0.0,,0.0,normalDay
2022-11-25,9143.0,626.0,0.0,0,402.33,0.0,1,19.26,13.0,SPY230616P00366000,366.0,0,0.0,0.0,,0.0,normalDay
2022-11-28,9143.0,444.0,0.0,0,395.91,0.0,1,19.26,14.82,SPY230616P00366000,366.0,0,0.0,0.0,,0.0,normalDay
2022-11-29,9143.0,445.0,0.0,0,395.23,0.0,1,19.26,14.81,SPY230616P00366000,366.0,0,0.0,0.0,,0.0,normalDay
2022-11-30,9143.0,751.0,0.0,0,407.68,0.0,1,19.26,11.75,SPY230616P00366000,366.0,0,0.0,0.0,,0.0,normalDay
2022-12-01,9143.0,752.0,0.0,0,407.38,0.0,1,19.26,11.74,SPY230616P00366000,366.0,0,0.0,0.0,,0.0,normalDay
2022-12-02,9143.0,771.0,0.0,0,406.91,0.0,1,19.26,11.55,SPY230616P00366000,366.0,0,0.0,0.0,,0.0,normalDay
2022-12-05,9143.0,614.0,0.0,0,399.59,0.0,1,19.26,13.12,SPY230616P00366000,366.0,0,0.0,0.0,,0.0,normalDay
2022-12-06,9143.0,454.0,0.0,0,393.83,0.0,1,19.26,14.72,SPY230616P00366000,366.0,0,0.0,0.0,,0.0,normalDay
2022-12-07,9143.0,419.0,0.0,0,393.16,0.0,1,19.26,15.07,SPY230616P00366000,366.0,0,0.0,0.0,,0.0,normalDay
2022-12-08,9143.0,509.0,0.0,0,396.24,0.0,1,19.26,14.17,SPY230616P00366000,366.0,0,0.0,0.0,,0.0,normalDay
2022-12-09,9143.0,426.0,0.0,0,393.28,0.0,1,19.26,15.0,SPY230616P00366000,366.0,0,0.0,0.0,,0.0,normalDay
2022-12-12,9143.0,551.0,0.0,0,398.95,0.0,1,19.26,13.75,SPY230616P00366000,366.0,0,0.0,0.0,,0.0,normalDay
2022-12-13,9143.0,696.0,0.0,0,401.97,0.0,1,19.26,12.3,SPY230616P00366000,366.0,0,0.0,0.0,,0.0,normalDay
2022-12-14,9143.0,686.0,0.0,0,399.4,0.0,1,19.26,12.4,SPY230616P00366000,366.0,0,0.0,0.0,,0.0,normalDay
2022-12-15,9143.0,382.0,0.0,0,389.63,0.0,1,19.26,15.44,SPY230616P00366000,366.0,0,0.0,0.0,,0.0,normalDay
2022-12-16,9143.0,260.0,0.0,0,383.27,0.0,1,19.26,16.66,SPY230616P00366000,366.0,0,0.0,0.0,,0.0,normalDay
2022-12-19,9143.0,192.0,0.0,0,380.02,0.0,1,19.26,17.34,SPY230616P00366000,366.0,0,0.0,0.0,,0.0,normalDay
2022-12-20,9143.0,252.0,0.0,0,380.54,0.0,1,19.26,16.74,SPY230616P00366000,366.0,0,0.0,0.0,,0.0,normalDay
2022-12-21,9143.0,463.0,0.0,0,386.23,0.0,1,19.26,14.63,SPY230616P00366000,366.0,0,0.0,0.0,,0.0,normalDay
2022-12-22,9143.0,255.0,0.0,0,380.72,0.0,1,19.26,16.71,SPY230616P00366000,366.0,0,0.0,0.0,,0.0,normalDay
2022-12-23,9143.0,349.0,0.0,0,382.91,0.0,1,19.26,15.77,SPY230616P00366000,366.0,0,0.0,0.0,,0.0,normalDay
2022-12-27,9143.0,325.0,0.0,0,381.4,0.0,1,19.26,16.01,SPY230616P00366000,366.0,0,0.0,0.0,,0.0,normalDay
2022-12-28,9143.0,181.0,0.0,0,376.66,0.0,1,19.26,17.45,SPY230616P00366000,366.0,0,0.0,0.0,,0.0,normalDay
2022-12-29,9143.0,412.0,0.0,0,383.44,0.0,1,19.26,15.14,SPY230616P00366000,366.0,0,0.0,0.0,,0.0,normalDay
2022-12-30,9143.0,397.0,0.0,0,382.43,0.0,1,19.26,15.29,SPY230616P00366000,366.0,0,0.0,0.0,,0.0,normalDay
2023-01-03,9143.0,357.0,0.0,0,380.82,0.0,1,19.26,15.69,SPY230616P00366000,366.0,0,0.0,0.0,,0.0,normalDay
2023-01-04,9143.0,521.0,0.0,0,383.76,0.0,1,19.26,14.05,SPY230616P00366000,366.0,0,0.0,0.0,,0.0,normalDay
2023-01-05,9143.0,393.0,0.0,0,379.38,0.0,1,19.26,15.33,SPY230616P00366000,366.0,0,0.0,0.0,,0.0,normalDay
2023-01-06,9143.0,688.0,0.0,0,388.08,0.0,1,19.26,12.38,SPY230616P00366000,366.0,0,0.0,0.0,,0.0,normalDay
2023-01-09,9143.0,672.0,0.0,0,387.86,0.0,1,19.26,12.54,SPY230616P00366000,366.0,0,0.0,0.0,,0.0,normalDay
2023-01-10,9143.0,805.0,0.0,0,390.58,0.0,1,19.26,11.21,SPY230616P00366000,366.0,0,0.0,0.0,,0.0,normalDay
2023-01-11,9143.0,915.0,0.0,0,395.52,0.0,1,19.26,10.11,SPY230616P00366000,366.0,0,0.0,0.0,,0.0,normalDay
2023-01-12,9143.0,1019.0,0.0,0,396.96,0.0,1,19.26,9.07,SPY230616P00366000,366.0,0,0.0,0.0,,0.0,normalDay
2023-01-13,9143.0,1073.0,0.0,0,398.5,0.0,1,19.26,8.53,SPY230616P00366000,366.0,0,0.0,0.0,,0.0,normalDay
2023-01-17,9143.0,1066.0,0.0,0,397.77,0.0,1,19.26,8.6,SPY230616P00366000,366.0,0,0.0,0.0,,0.0,normalDay
2023-01-18,9143.0,900.0,0.0,0,391.49,0.0,1,19.26,10.26,SPY230616P00366000,366.0,0,0.0,0.0,,0.0,normalDay
2023-01-19,9143.0,851.0,0.0,0,388.64,0.0,1,19.26,10.75,SPY230616P00366000,366.0,0,0.0,0.0,,0.0,normalDay
2023-01-20,9143.0,1039.0,0.0,0,395.88,0.0,1,19.26,8.87,SPY230616P00366000,366.0,0,0.0,0.0,,0.0,normalDay
2023-01-23,9143.0,1150.0,0.0,0,400.63,0.0,1,19.26,7.76,SPY230616P00366000,366.0,0,0.0,0.0,,0.0,normalDay
2023-01-24,9143.0,1203.0,0.0,0,400.2,0.0,1,19.26,7.23,SPY230616P00366000,366.0,0,0.0,0.0,,0.0,normalDay
2023-01-25,9143.0,1199.0,0.0,0,400.35,0.0,1,19.26,7.27,SPY230616P00366000,366.0,0,0.0,0.0,,0.0,normalDay
2023-01-26,9143.0,1279.0,0.0,0,404.75,0.0,1,19.26,6.47,SPY230616P00366000,366.0,0,0.0,0.0,,0.0,normalDay
2023-01-27,9143.0,1304.0,0.0,0,405.68,0.0,1,19.26,6.22,SPY230616P00366000,366.0,0,0.0,0.0,,0.0,normalDay
2023-01-30,9143.0,1226.0,0.0,0,400.59,0.0,1,19.26,7.0,SPY230616P00366000,366.0,0,0.0,0.0,,0.0,normalDay
2023-01-31,9143.0,1320.0,0.0,0,406.48,0.0,1,19.26,6.06,SPY230616P00366000,366.0,0,0.0,0.0,,0.0,normalDay
2023-02-01,9143.0,1407.0,0.0,0,410.8,0.0,1,19.26,5.19,SPY230616P00366000,366.0,0,0.0,0.0,,0.0,normalDay
2023-02-02,9143.0,1391.0,0.0,0,416.78,0.0,1,19.26,5.35,SPY230616P00366000,366.0,0,0.0,0.0,,0.0,normalDay
2023-02-03,9143.0,1389.0,0.0,0,412.35,0.0,1,19.26,5.37,SPY230616P00366000,366.0,0,0.0,0.0,,0.0,normalDay
2023-02-06,9143.0,1355.0,0.0,0,409.83,0.0,1,19.26,5.71,SPY230616P00366000,366.0,0,0.0,0.0,,0.0,normalDay
2023-02-07,9143.0,1435.0,0.0,0,415.19,0.0,1,19.26,4.91,SPY230616P00366000,366.0,0,0.0,0.0,,0.0,normalDay
2023-02-08,9143.0,1363.0,0.0,0,410.65,0.0,1,19.26,5.63,SPY230616P00366000,366.0,0,0.0,0.0,,0.0,normalDay
2023-02-09,9143.0,1296.0,0.0,0,407.09,0.0,1,19.26,6.3,SPY230616P00366000,366.0,0,0.0,0.0,,0.0,normalDay
2023-02-10,9143.0,1301.0,0.0,0,408.04,0.0,1,19.26,6.25,SPY230616P00366000,366.0,0,0.0,0.0,,0.0,normalDay
2023-02-13,9143.0,1399.0,0.0,0,412.83,0.0,1,19.26,5.27,SPY230616P00366000,366.0,0,0.0,0.0,,0.0,normalDay
2023-02-14,9143.0,1427.0,0.0,0,412.64,0.0,1,19.26,4.99,SPY230616P00366000,366.0,0,0.0,0.0,,0.0,normalDay
2023-02-15,9143.0,1473.0,0.0,0,413.98,0.0,1,19.26,4.53,SPY230616P00366000,366.0,0,0.0,0.0,,0.0,normalDay
2023-02-16,9143.0,1362.0,0.0,0,408.28,0.0,1,19.26,5.64,SPY230616P00366000,366.0,0,0.0,0.0,,0.0,normalDay
2023-02-17,9143.0,1363.0,0.0,0,407.26,0.0,1,19.26,5.63,SPY230616P00366000,366.0,0,0.0,0.0,,0.0,normalDay
2023-02-21,9143.0,1200.0,0.0,0,399.09,0.0,1,19.26,7.26,SPY230616P00366000,366.0,0,0.0,0.0,,0.0,normalDay
2023-02-22,9143.0,1223.0,0.0,0,398.54,0.0,1,19.26,7.03,SPY230616P00366000,366.0,0,0.0,0.0,,0.0,normalDay
2023-02-23,9143.0,1296.0,0.0,0,400.66,0.0,1,19.26,6.3,SPY230616P00366000,366.0,0,0.0,0.0,,0.0,normalDay
2023-02-24,9143.0,1198.0,0.0,0,396.38,0.0,1,19.26,7.28,SPY230616P00366000,366.0,0,0.0,0.0,,0.0,normalDay
2023-02-27,9143.0,1279.0,0.0,0,397.73,0.0,1,19.26,6.47,SPY230616P00366000,366.0,0,0.0,0.0,,0.0,normalDay
2023-02-28,9143.0,1272.0,0.0,0,396.26,0.0,1,19.26,6.54,SPY230616P00366000,366.0,0,0.0,0.0,,0.0,normalDay
2023-03-01,9143.0,1250.0,0.0,0,394.74,0.0,1,19.26,6.76,SPY230616P00366000,366.0,0,0.0,0.0,,0.0,normalDay
2023-03-02,9143.0,1340.0,0.0,0,397.81,0.0,1,19.26,5.86,SPY230616P00366000,366.0,0,0.0,0.0,,0.0,normalDay
2023-03-03,9143.0,1464.0,0.0,0,404.19,0.0,1,19.26,4.62,SPY230616P00366000,366.0,0,0.0,0.0,,0.0,normalDay
2023-03-06,9143.0,1486.0,0.0,0,404.47,0.0,1,19.26,4.4,SPY230616P00366000,366.0,0,0.0,0.0,,0.0,normalDay
2023-03-07,9143.0,1387.0,0.0,0,398.27,0.0,1,19.26,5.39,SPY230616P00366000,366.0,0,0.0,0.0,,0.0,normalDay
2023-03-08,9143.0,1424.0,0.0,0,398.92,0.0,1,19.26,5.02,SPY230616P00366000,366.0,0,0.0,0.0,,0.0,normalDay
2023-03-09,9143.0,1186.0,0.0,0,391.56,0.0,1,19.26,7.4,SPY230616P00366000,366.0,0,0.0,0.0,,0.0,normalDay
2023-03-10,9143.0,986.0,0.0,0,385.91,0.0,1,19.26,9.4,SPY230616P00366000,366.0,0,0.0,0.0,,0.0,normalDay
2023-03-13,9143.0,930.0,0.0,0,385.36,0.0,1,19.26,9.96,SPY230616P00366000,366.0,0,0.0,0.0,,0.0,normalDay
2023-03-14,9143.0,1148.0,0.0,0,391.73,0.0,1,19.26,7.78,SPY230616P00366000,366.0,0,0.0,0.0,,0.0,normalDay
2023-03-15,9143.0,997.0,0.0,0,389.28,0.0,1,19.26,9.29,SPY230616P00366000,366.0,0,0.0,0.0,,0.0,normalDay
2023-03-16,9143.0,1237.0,0.0,0,396.11,0.0,1,19.26,6.89,SPY230616P00366000,366.0,0,0.0,0.0,,0.0,normalDay
2023-03-17,9143.0,1051.0,0.0,0,389.99,0.0,1,19.26,8.75,SPY230616P00366000,366.0,0,0.0,0.0,,0.0,normalDay
2023-03-20,9143.0,1176.0,0.0,0,393.74,0.0,1,19.26,7.5,SPY230616P00366000,366.0,0,0.0,0.0,,0.0,normalDay
2023-03-21,9143.0,1369.0,0.0,0,398.91,0.0,1,19.26,5.57,SPY230616P00366000,366.0,0,0.0,0.0,,0.0,normalDay
2023-03-22,9143.0,1222.0,0.0,0,392.11,0.0,1,19.26,7.04,SPY230616P00366000,366.0,0,0.0,0.0,,0.0,normalDay
2023-03-23,9143.0,1227.0,0.0,0,393.17,0.0,1,19.26,6.99,SPY230616P00366000,366.0,0,0.0,0.0,,0.0,normalDay
2023-03-24,9143.0,1308.0,0.0,0,395.75,0.0,1,19.26,6.18,SPY230616P00366000,366.0,0,0.0,0.0,,0.0,normalDay
2023-03-27,9143.0,1390.0,0.0,0,396.49,0.0,1,19.26,5.36,SPY230616P00366000,366.0,0,0.0,0.0,,0.0,normalDay
2023-03-28,9143.0,1413.0,0.0,0,395.6,0.0,1,19.26,5.13,SPY230616P00366000,366.0,0,0.0,0.0,,0.0,normalDay
2023-03-29,9143.0,1513.0,0.0,0,401.35,0.0,1,19.26,4.13,SPY230616P00366000,366.0,0,0.0,0.0,,0.0,normalDay
2023-03-30,9143.0,1550.0,0.0,0,403.7,0.0,1,19.26,3.76,SPY230616P00366000,366.0,0,0.0,0.0,,0.0,normalDay
2023-03-31,9143.0,1605.0,0.0,0,409.39,0.0,1,19.26,3.21,SPY230616P00366000,366.0,0,0.0,0.0,,0.0,normalDay
2023-04-03,9143.0,1648.0,0.0,0,410.95,0.0,1,19.26,2.78,SPY230616P00366000,366.0,0,0.0,0.0,,0.0,normalDay
2023-04-04,9143.0,1623.0,0.0,0,408.67,0.0,1,19.26,3.03,SPY230616P00366000,366.0,0,0.0,0.0,,0.0,normalDay
2023-04-05,9143.0,1611.0,0.0,0,407.6,0.0,1,19.26,3.15,SPY230616P00366000,366.0,0,0.0,0.0,,0.0,normalDay
2023-04-06,9143.0,1646.0,0.0,0,409.19,0.0,1,19.26,2.8,SPY230616P00366000,366.0,0,0.0,0.0,,0.0,normalDay
2023-04-10,9143.0,1669.0,0.0,0,409.61,0.0,1,19.26,2.57,SPY230616P00366000,366.0,0,0.0,0.0,,0.0,normalDay
2023-04-11,9143.0,1675.0,0.0,0,409.72,0.0,1,19.26,2.51,SPY230616P00366000,366.0,0,0.0,0.0,,0.0,normalDay
2023-04-12,9143.0,1661.0,0.0,0,408.05,0.0,1,19.26,2.65,SPY230616P00366000,366.0,0,0.0,0.0,,0.0,normalDay
2023-04-13,9143.0,1729.0,0.0,0,413.47,0.0,1,19.26,1.97,SPY230616P00366000,366.0,0,0.0,0.0,,0.0,normalDay
2023-04-14,9143.0,1738.0,0.0,0,412.46,0.0,1,19.26,1.88,SPY230616P00366000,366.0,0,0.0,0.0,,0.0,normalDay
2023-04-17,9143.0,1763.0,0.0,0,413.94,0.0,1,19.26,1.63,SPY230616P00366000,366.0,0,0.0,0.0,,0.0,normalDay
2023-04-18,9143.0,1760.0,0.0,0,414.21,0.0,1,19.26,1.66,SPY230616P00366000,366.0,0,0.0,0.0,,0.0,normalDay
2023-04-19,9143.0,1761.0,0.0,0,414.14,0.0,1,19.26,1.65,SPY230616P00366000,366.0,0,0.0,0.0,,0.0,normalDay
2023-04-20,9143.0,1741.0,0.0,0,411.88,0.0,1,19.26,1.85,SPY230616P00366000,366.0,0,0.0,0.0,,0.0,normalDay
2023-04-21,9143.0,1752.0,0.0,0,412.2,0.0,1,19.26,1.74,SPY230616P00366000,366.0,0,0.0,0.0,,0.0,normalDay
2023-04-24,9143.0,1765.0,0.0,0,412.63,0.0,1,19.26,1.61,SPY230616P00366000,366.0,0,0.0,0.0,,0.0,normalDay
2023-04-25,9143.0,1704.0,0.0,0,406.08,0.0,1,19.26,2.22,SPY230616P00366000,366.0,0,0.0,0.0,,0.0,normalDay
2023-04-26,9143.0,1695.0,0.0,0,404.36,0.0,1,19.26,2.31,SPY230616P00366000,366.0,0,0.0,0.0,,0.0,normalDay
2023-04-27,9143.0,1788.0,0.0,0,412.41,0.0,1,19.26,1.38,SPY230616P00366000,366.0,0,0.0,0.0,,0.0,normalDay
2023-04-28,9143.0,1817.0,0.0,0,415.93,0.0,1,19.26,1.09,SPY230616P00366000,366.0,0,0.0,0.0,,0.0,normalDay
2023-05-01,9143.0,1820.0,0.0,0,415.51,0.0,1,19.26,1.06,SPY230616P00366000,366.0,0,0.0,0.0,,0.0,normalDay
2023-05-02,9143.0,1780.0,0.0,0,410.84,0.0,1,19.26,1.46,SPY230616P00366000,366.0,0,0.0,0.0,,0.0,normalDay
2023-05-03,9143.0,1763.0,0.0,0,408.02,0.0,1,19.26,1.63,SPY230616P00366000,366.0,0,0.0,0.0,,0.0,normalDay
2023-05-04,9143.0,1712.0,0.0,0,405.13,0.0,1,19.26,2.14,SPY230616P00366000,366.0,0,0.0,0.0,,0.0,normalDay
2023-05-05,9143.0,1803.0,0.0,0,412.63,0.0,1,19.26,1.23,SPY230616P00366000,366.0,0,0.0,0.0,,0.0,normalDay
2023-05-08,9143.0,1815.0,0.0,0,412.74,0.0,1,19.26,1.11,SPY230616P00366000,366.0,0,0.0,0.0,,0.0,normalDay
2023-05-09,9143.0,1807.0,0.0,0,410.93,0.0,1,19.26,1.19,SPY230616P00366000,366.0,0,0.0,0.0,,0.0,normalDay
2023-05-10,9143.0,1827.0,0.0,0,412.85,0.0,1,19.26,0.99,SPY230616P00366000,366.0,0,0.0,0.0,,0.0,normalDay
2023-05-11,9143.0,1830.0,0.0,0,412.13,0.0,1,19.26,0.96,SPY230616P00366000,366.0,0,0.0,0.0,,0.0,normalDay
2023-05-12,9143.0,1832.0,0.0,0,411.59,0.0,1,19.26,0.94,SPY230616P00366000,366.0,0,0.0,0.0,,0.0,normalDay
2023-05-15,9143.0,1849.0,0.0,0,413.01,0.0,1,19.26,0.77,SPY230616P00366000,366.0,0,0.0,0.0,,0.0,normalDay
2023-05-16,9143.0,1839.0,0.0,0,410.25,0.0,1,19.26,0.87,SPY230616P00366000,366.0,0,0.0,0.0,,0.0,normalDay
2023-05-17,9143.0,1866.0,0.0,0,415.23,0.0,1,19.26,0.6,SPY230616P00366000,366.0,0,0.0,0.0,,0.0,normalDay
2023-05-18,9143.0,1880.0,0.0,0,419.23,0.0,1,19.26,0.46,SPY230616P00366000,366.0,0,0.0,0.0,,0.0,normalDay
2023-05-19,9143.0,1877.0,0.0,0,418.62,0.0,1,19.26,0.49,SPY230616P00366000,366.0,0,0.0,0.0,,0.0,normalDay
2023-05-22,9143.0,1879.0,0.0,0,418.79,0.0,1,19.26,0.47,SPY230616P00366000,366.0,0,0.0,0.0,,0.0,normalDay
2023-05-23,9143.0,1863.0,0.0,0,414.09,0.0,1,19.26,0.63,SPY230616P00366000,366.0,0,0.0,0.0,,0.0,normalDay
2023-05-24,9143.0,1845.0,0.0,0,411.09,0.0,1,19.26,0.81,SPY230616P00366000,366.0,0,0.0,0.0,,0.0,normalDay
2023-05-25,9143.0,1864.0,0.0,0,414.65,0.0,1,19.26,0.62,SPY230616P00366000,366.0,0,0.0,0.0,,0.0,normalDay
2023-05-26,9143.0,1880.0,0.0,0,420.02,0.0,1,19.26,0.46,SPY230616P00366000,366.0,0,0.0,0.0,,0.0,normalDay
2023-05-30,9143.0,1898.0,0.0,0,420.18,0.0,1,19.26,0.28,SPY230616P00366000,366.0,0,0.0,0.0,,0.0,normalDay
2023-05-31,9143.0,1895.0,0.0,0,417.85,0.0,1,19.26,0.31,SPY230616P00366000,366.0,0,0.0,0.0,,0.0,normalDay
2023-06-01,9143.0,1907.0,0.0,0,421.82,0.0,1,19.26,0.19,SPY230616P00366000,366.0,0,0.0,0.0,,0.0,normalDay
2023-06-02,9143.0,1916.0,0.0,0,427.92,0.0,1,19.26,0.1,SPY230616P00366000,366.0,0,0.0,0.0,,0.0,normalDay
2023-06-05,9143.0,1919.0,0.0,0,427.1,0.0,1,19.26,0.07,SPY230616P00366000,366.0,0,0.0,0.0,,0.0,normalDay
2023-06-06,9143.0,1919.0,0.0,0,428.03,0.0,1,19.26,0.07,SPY230616P00366000,366.0,0,0.0,0.0,,0.0,normalDay
2023-06-07,9143.0,1919.0,0.0,0,426.55,0.0,1,19.26,0.07,SPY230616P00366000,366.0,0,0.0,0.0,,0.0,normalDay
2023-06-08,9143.0,1919.0,0.0,0,429.13,0.0,1,19.26,0.07,SPY230616P00366000,366.0,0,0.0,0.0,,0.0,normalDay
2023-06-09,9143.0,1921.0,0.0,0,429.9,0.0,1,19.26,0.05,SPY230616P00366000,366.0,0,0.0,0.0,,0.0,normalDay
2023-06-12,9143.0,1922.0,0.0,0,433.8,0.0,1,19.26,0.04,SPY230616P00366000,366.0,0,0.0,0.0,,0.0,normalDay
2023-06-13,9143.0,1923.0,0.0,0,436.66,0.0,1,19.26,0.03,SPY230616P00366000,366.0,0,0.0,0.0,,0.0,normalDay
2023-06-14,9143.0,1924.0,0.0,0,437.18,0.0,1,19.26,0.02,SPY230616P00366000,366.0,0,0.0,0.0,,0.0,normalDay
2023-06-15,9143.0,1925.0,0.0,0,442.6,0.0,1,19.26,0.01,SPY230616P00366000,366.0,0,0.0,0.0,,0.0,normalDay
2023-06-16,11069.0,0.0,1926.0,0,439.46,0.0,1,19.26,0.0,SPY230616P00366000,366.0,0,0.0,0.0,,0.0,expirationDay
2023-06-20,11069.0,-16.0,0.0,0,437.18,0.0,1,12.02,12.18,SPY240119P00420000,420.0,0,0.0,0.0,,0.0,normalDay
2023-06-21,11069.0,-37.0,0.0,0,434.94,0.0,1,12.02,12.39,SPY240119P00420000,420.0,0,0.0,0.0,,0.0,normalDay
2023-06-22,11069.0,8.0,0.0,0,436.51,0.0,1,12.02,11.94,SPY240119P00420000,420.0,0,0.0,0.0,,0.0,normalDay
2023-06-23,11069.0,-63.0,0.0,0,433.21,0.0,1,12.02,12.65,SPY240119P00420000,420.0,0,0.0,0.0,,0.0,normalDay
2023-06-26,11069.0,-91.0,0.0,0,431.44,0.0,1,12.02,12.93,SPY240119P00420000,420.0,0,0.0,0.0,,0.0,normalDay
2023-06-27,11069.0,66.0,0.0,0,436.17,0.0,1,12.02,11.36,SPY240119P00420000,420.0,0,0.0,0.0,,0.0,normalDay
2023-06-28,11069.0,135.0,0.0,0,436.39,0.0,1,12.02,10.67,SPY240119P00420000,420.0,0,0.0,0.0,,0.0,normalDay
2023-06-29,11069.0,156.0,0.0,0,438.11,0.0,1,12.02,10.46,SPY240119P00420000,420.0,0,0.0,0.0,,0.0,normalDay
2023-06-30,11069.0,266.0,0.0,0,443.28,0.0,1,12.02,9.36,SPY240119P00420000,420.0,0,0.0,0.0,,0.0,normalDay
2023-07-03,11069.0,275.0,0.0,0,443.79,0.0,1,12.02,9.27,SPY240119P00420000,420.0,0,0.0,0.0,,0.0,normalDay
2023-07-05,11069.0,247.0,0.0,0,443.13,0.0,1,12.02,9.55,SPY240119P00420000,420.0,0,0.0,0.0,,0.0,normalDay
2023-07-06,11069.0,137.0,0.0,0,439.66,0.0,1,12.02,10.65,SPY240119P00420000,420.0,0,0.0,0.0,,0.0,normalDay
2023-07-07,11069.0,143.0,0.0,0,438.55,0.0,1,12.02,10.59,SPY240119P00420000,420.0,0,0.0,0.0,,0.0,normalDay
2023-07-10,11069.0,166.0,0.0,0,439.66,0.0,1,12.02,10.36,SPY240119P00420000,420.0,0,0.0,0.0,,0.0,normalDay
2023-07-11,11069.0,252.0,0.0,0,442.46,0.0,1,12.02,9.5,SPY240119P00420000,420.0,0,0.0,0.0,,0.0,normalDay
2023-07-12,11069.0,370.0,0.0,0,446.02,0.0,1,12.02,8.32,SPY240119P00420000,420.0,0,0.0,0.0,,0.0,normalDay
2023-07-13,11069.0,428.0,0.0,0,449.56,0.0,1,12.02,7.74,SPY240119P00420000,420.0,0,0.0,0.0,,0.0,normalDay
2023-07-14,11069.0,420.0,0.0,0,449.28,0.0,1,12.02,7.82,SPY240119P00420000,420.0,0,0.0,0.0,,0.0,normalDay
2023-07-17,11069.0,444.0,0.0,0,450.84,0.0,1,12.02,7.58,SPY240119P00420000,420.0,0,0.0,0.0,,0.0,normalDay
2023-07-18,11069.0,503.0,0.0,0,454.19,0.0,1,12.02,6.99,SPY240119P00420000,420.0,0,0.0,0.0,,0.0,normalDay
2023-07-19,11069.0,487.0,0.0,0,455.2,0.0,1,12.02,7.15,SPY240119P00420000,420.0,0,0.0,0.0,,0.0,normalDay
2023-07-20,11069.0,453.0,0.0,0,452.18,0.0,1,12.02,7.49,SPY240119P00420000,420.0,0,0.0,0.0,,0.0,normalDay
2023-07-21,11069.0,477.0,0.0,0,452.18,0.0,1,12.02,7.25,SPY240119P00420000,420.0,0,0.0,0.0,,0.0,normalDay
2023-07-24,11069.0,521.0,0.0,0,454.2,0.0,1,12.02,6.81,SPY240119P00420000,420.0,0,0.0,0.0,,0.0,normalDay
2023-07-25,11069.0,537.0,0.0,0,455.44,0.0,1,12.02,6.65,SPY240119P00420000,420.0,0,0.0,0.0,,0.0,normalDay
2023-07-26,11069.0,555.0,0.0,0,455.51,0.0,1,12.02,6.47,SPY240119P00420000,420.0,0,0.0,0.0,,0.0,normalDay
2023-07-27,11069.0,479.0,0.0,0,452.49,0.0,1,12.02,7.23,SPY240119P00420000,420.0,0,0.0,0.0,,0.0,normalDay
2023-07-28,11069.0,560.0,0.0,0,456.92,0.0,1,12.02,6.42,SPY240119P00420000,420.0,0,0.0,0.0,,0.0,normalDay
2023-07-31,11069.0,571.0,0.0,0,457.79,0.0,1,12.02,6.31,SPY240119P00420000,420.0,0,0.0,0.0,,0.0,normalDay
2023-08-01,11069.0,541.0,0.0,0,456.48,0.0,1,12.02,6.61,SPY240119P00420000,420.0,0,0.0,0.0,,0.0,normalDay
2023-08-02,11069.0,381.0,0.0,0,450.13,0.0,1,12.02,8.21,SPY240119P00420000,420.0,0,0.0,0.0,,0.0,normalDay
2023-08-03,11069.0,387.0,0.0,0,448.84,0.0,1,12.02,8.15,SPY240119P00420000,420.0,0,0.0,0.0,,0.0,normalDay
2023-08-04,11069.0,296.0,0.0,0,446.81,0.0,1,12.02,9.06,SPY240119P00420000,420.0,0,0.0,0.0,,0.0,normalDay
2023-08-07,11069.0,427.0,0.0,0,450.71,0.0,1,12.02,7.75,SPY240119P00420000,420.0,0,0.0,0.0,,0.0,normalDay
2023-08-08,11069.0,373.0,0.0,0,448.75,0.0,1,12.02,8.29,SPY240119P00420000,420.0,0,0.0,0.0,,0.0,normalDay
2023-08-09,11069.0,338.0,0.0,0,445.75,0.0,1,12.02,8.64,SPY240119P00420000,420.0,0,0.0,0.0,,0.0,normalDay
2023-08-10,11069.0,331.0,0.0,0,445.91,0.0,1,12.02,8.71,SPY240119P00420000,420.0,0,0.0,0.0,,0.0,normalDay
2023-08-11,11069.0,357.0,0.0,0,445.65,0.0,1,12.02,8.45,SPY240119P00420000,420.0,0,0.0,0.0,,0.0,normalDay
2023-08-14,11069.0,428.0,0.0,0,448.11,0.0,1,12.02,7.74,SPY240119P00420000,420.0,0,0.0,0.0,,0.0,normalDay
2023-08-15,11069.0,280.0,0.0,0,442.89,0.0,1,12.02,9.22,SPY240119P00420000,420.0,0,0.0,0.0,,0.0,normalDay
2023-08-16,11069.0,200.0,0.0,0,439.64,0.0,1,12.02,10.02,SPY240119P00420000,420.0,0,0.0,0.0,,0.0,normalDay
2023-08-17,11069.0,78.0,0.0,0,436.29,0.0,1,12.02,11.24,SPY240119P00420000,420.0,0,0.0,0.0,,0.0,normalDay
2023-08-18,11069.0,119.0,0.0,0,436.5,0.0,1,12.02,10.83,SPY240119P00420000,420.0,0,0.0,0.0,,0.0,normalDay
2023-08-21,11069.0,206.0,0.0,0,439.34,0.0,1,12.02,9.96,SPY240119P00420000,420.0,0,0.0,0.0,,0.0,normalDay
2023-08-22,11069.0,197.0,0.0,0,438.15,0.0,1,12.02,10.05,SPY240119P00420000,420.0,0,0.0,0.0,,0.0,normalDay
2023-08-23,11069.0,332.0,0.0,0,443.03,0.0,1,12.02,8.7,SPY240119P00420000,420.0,0,0.0,0.0,,0.0,normalDay
2023-08-24,11069.0,166.0,0.0,0,436.89,0.0,1,12.02,10.36,SPY240119P00420000,420.0,0,0.0,0.0,,0.0,normalDay
2023-08-25,11069.0,297.0,0.0,0,439.97,0.0,1,12.02,9.05,SPY240119P00420000,420.0,0,0.0,0.0,,0.0,normalDay
2023-08-28,11069.0,396.0,0.0,0,442.76,0.0,1,12.02,8.06,SPY240119P00420000,420.0,0,0.0,0.0,,0.0,normalDay
2023-08-29,11069.0,541.0,0.0,0,449.16,0.0,1,12.02,6.61,SPY240119P00420000,420.0,0,0.0,0.0,,0.0,normalDay
2023-08-30,11069.0,594.0,0.0,0,451.01,0.0,1,12.02,6.08,SPY240119P00420000,420.0,0,0.0,0.0,,0.0,normalDay
2023-08-31,11069.0,609.0,0.0,0,450.35,0.0,1,12.02,5.93,SPY240119P00420000,420.0,0,0.0,0.0,,0.0,normalDay
2023-09-01,11069.0,625.0,0.0,0,451.19,0.0,1,12.02,5.77,SPY240119P00420000,420.0,0,0.0,0.0,,0.0,normalDay
2023-09-05,11069.0,599.0,0.0,0,449.24,0.0,1,12.02,6.03,SPY240119P00420000,420.0,0,0.0,0.0,,0.0,normalDay
2023-09-06,11069.0,530.0,0.0,0,446.22,0.0,1,12.02,6.72,SPY240119P00420000,420.0,0,0.0,0.0,,0.0,normalDay
2023-09-07,11069.0,513.0,0.0,0,444.85,0.0,1,12.02,6.89,SPY240119P00420000,420.0,0,0.0,0.0,,0.0,normalDay
2023-09-08,11069.0,563.0,0.0,0,445.52,0.0,1,12.02,6.39,SPY240119P00420000,420.0,0,0.0,0.0,,0.0,normalDay
2023-09-11,11069.0,633.0,0.0,0,448.45,0.0,1,12.02,5.69,SPY240119P00420000,420.0,0,0.0,0.0,,0.0,normalDay
2023-09-12,11069.0,593.0,0.0,0,445.99,0.0,1,12.02,6.09,SPY240119P00420000,420.0,0,0.0,0.0,,0.0,normalDay
2023-09-13,11069.0,625.0,0.0,0,446.51,0.0,1,12.02,5.77,SPY240119P00420000,420.0,0,0.0,0.0,,0.0,normalDay
2023-09-14,11069.0,711.0,0.0,0,450.36,0.0,1,12.02,4.91,SPY240119P00420000,420.0,0,0.0,0.0,,0.0,normalDay
2023-09-15,11069.0,597.0,0.0,0,443.37,0.0,1,12.02,6.05,SPY240119P00420000,420.0,0,0.0,0.0,,0.0,normalDay
2023-09-18,11069.0,613.0,0.0,0,443.63,0.0,1,12.02,5.89,SPY240119P00420000,420.0,0,0.0,0.0,,0.0,normalDay
2023-09-19,11069.0,608.0,0.0,0,442.71,0.0,1,12.02,5.94,SPY240119P00420000,420.0,0,0.0,0.0,,0.0,normalDay
2023-09-20,11069.0,499.0,0.0,0,438.64,0.0,1,12.02,7.03,SPY240119P00420000,420.0,0,0.0,0.0,,0.0,normalDay
2023-09-21,11069.0,270.0,0.0,0,431.39,0.0,1,12.02,9.32,SPY240119P00420000,420.0,0,0.0,0.0,,0.0,normalDay
2023-09-22,11069.0,244.0,0.0,0,430.42,0.0,1,12.02,9.58,SPY240119P00420000,420.0,0,0.0,0.0,,0.0,normalDay
2023-09-25,11069.0,300.0,0.0,0,432.23,0.0,1,12.02,9.02,SPY240119P00420000,420.0,0,0.0,0.0,,0.0,normalDay
2023-09-26,11069.0,41.0,0.0,0,425.88,0.0,1,12.02,11.61,SPY240119P00420000,420.0,0,0.0,0.0,,0.0,normalDay
2023-09-27,11069.0,89.0,0.0,0,426.05,0.0,1,12.02,11.13,SPY240119P00420000,420.0,0,0.0,0.0,,0.0,normalDay
2023-09-28,11069.0,189.0,0.0,0,428.52,0.0,1,12.02,10.13,SPY240119P00420000,420.0,0,0.0,0.0,,0.0,normalDay
2023-09-29,11069.0,169.0,0.0,0,427.48,0.0,1,12.02,10.33,SPY240119P00420000,420.0,0,0.0,0.0,,0.0,normalDay
2023-10-02,11069.0,178.0,0.0,0,427.31,0.0,1,12.02,10.24,SPY240119P00420000,420.0,0,0.0,0.0,,0.0,normalDay
2023-10-03,11069.0,-98.0,0.0,0,421.59,0.0,1,12.02,13.0,SPY240119P00420000,420.0,0,0.0,0.0,,0.0,normalDay
2023-10-04,11069.0,37.0,0.0,0,424.66,0.0,1,12.02,11.65,SPY240119P00420000,420.0,0,0.0,0.0,,0.0,normalDay
2023-10-05,11069.0,31.0,0.0,0,424.5,0.0,1,12.02,11.71,SPY240119P00420000,420.0,0,0.0,0.0,,0.0,normalDay
2023-10-06,11069.0,253.0,0.0,0,429.54,0.0,1,12.02,9.49,SPY240119P00420000,420.0,0,0.0,0.0,,0.0,normalDay
2023-10-09,11069.0,334.0,0.0,0,432.29,0.0,1,12.02,8.68,SPY240119P00420000,420.0,0,0.0,0.0,,0.0,normalDay
2023-10-10,11069.0,421.0,0.0,0,434.54,0.0,1,12.02,7.81,SPY240119P00420000,420.0,0,0.0,0.0,,0.0,normalDay
2023-10-11,11069.0,508.0,0.0,0,436.32,0.0,1,12.02,6.94,SPY240119P00420000,420.0,0,0.0,0.0,,0.0,normalDay
2023-10-12,11069.0,428.0,0.0,0,433.66,0.0,1,12.02,7.74,SPY240119P00420000,420.0,0,0.0,0.0,,0.0,normalDay
2023-10-13,11069.0,250.0,0.0,0,431.5,0.0,1,12.02,9.52,SPY240119P00420000,420.0,0,0.0,0.0,,0.0,normalDay
2023-10-16,11069.0,473.0,0.0,0,436.04,0.0,1,12.02,7.29,SPY240119P00420000,420.0,0,0.0,0.0,,0.0,normalDay
2023-10-17,11069.0,448.0,0.0,0,436.02,0.0,1,12.02,7.54,SPY240119P00420000,420.0,0,0.0,0.0,,0.0,normalDay
2023-10-18,11069.0,261.0,0.0,0,430.21,0.0,1,12.02,9.41,SPY240119P00420000,420.0,0,0.0,0.0,,0.0,normalDay
2023-10-19,11069.0,31.0,0.0,0,426.43,0.0,1,12.02,11.71,SPY240119P00420000,420.0,0,0.0,0.0,,0.0,normalDay
2023-10-20,11069.0,-116.0,0.0,0,421.19,0.0,1,12.02,13.18,SPY240119P00420000,420.0,0,0.0,0.0,,0.0,normalDay
2023-10-23,11069.0,-50.0,0.0,0,420.46,0.0,1,12.02,12.52,SPY240119P00420000,420.0,0,0.0,0.0,,0.0,normalDay
2023-10-24,11069.0,112.0,0.0,0,423.63,0.0,1,12.02,10.9,SPY240119P00420000,420.0,0,0.0,0.0,,0.0,normalDay
2023-10-25,11069.0,-181.0,0.0,0,417.55,0.0,1,12.02,13.83,SPY240119P00420000,420.0,0,0.0,0.0,,0.0,normalDay
2023-10-26,11069.0,-415.0,0.0,0,412.55,0.0,1,12.02,16.17,SPY240119P00420000,420.0,0,0.0,0.0,,0.0,normalDay
2023-10-27,11069.0,-543.0,0.0,0,410.68,0.0,1,12.02,17.45,SPY240119P00420000,420.0,0,0.0,0.0,,0.0,normalDay
2023-10-30,11069.0,-231.0,0.0,0,415.59,0.0,1,12.02,14.33,SPY240119P00420000,420.0,0,0.0,0.0,,0.0,normalDay
2023-10-31,11069.0,-37.0,0.0,0,418.2,0.0,1,12.02,12.39,SPY240119P00420000,420.0,0,0.0,0.0,,0.0,normalDay
2023-11-01,11069.0,206.0,0.0,0,422.66,0.0,1,12.02,9.96,SPY240119P00420000,420.0,0,0.0,0.0,,0.0,normalDay
2023-11-02,11069.0,501.0,0.0,0,430.76,0.0,1,12.02,7.01,SPY240119P00420000,420.0,0,0.0,0.0,,0.0,normalDay
2023-11-03,11069.0,637.0,0.0,0,434.69,0.0,1,12.02,5.65,SPY240119P00420000,420.0,0,0.0,0.0,,0.0,normalDay
2023-11-06,11069.0,679.0,0.0,0,435.69,0.0,1,12.02,5.23,SPY240119P00420000,420.0,0,0.0,0.0,,0.0,normalDay
2023-11-07,11069.0,717.0,0.0,0,436.93,0.0,1,12.02,4.85,SPY240119P00420000,420.0,0,0.0,0.0,,0.0,normalDay
2023-11-08,11069.0,748.0,0.0,0,437.25,0.0,1,12.02,4.54,SPY240119P00420000,420.0,0,0.0,0.0,,0.0,normalDay
2023-11-09,11069.0,659.0,0.0,0,433.84,0.0,1,12.02,5.43,SPY240119P00420000,420.0,0,0.0,0.0,,0.0,normalDay
2023-11-10,11069.0,830.0,0.0,0,440.61,0.0,1,12.02,3.72,SPY240119P00420000,420.0,0,0.0,0.0,,0.0,normalDay
2023-11-13,11069.0,829.0,0.0,0,440.19,0.0,1,12.02,3.73,SPY240119P00420000,420.0,0,0.0,0.0,,0.0,normalDay
2023-11-14,11069.0,956.0,0.0,0,448.73,0.0,1,12.02,2.46,SPY240119P00420000,420.0,0,0.0,0.0,,0.0,normalDay
2023-11-15,11069.0,965.0,0.0,0,449.68,0.0,1,12.02,2.37,SPY240119P00420000,420.0,0,0.0,0.0,,0.0,normalDay
2023-11-16,11069.0,982.0,0.0,0,450.23,0.0,1,12.02,2.2,SPY240119P00420000,420.0,0,0.0,0.0,,0.0,normalDay
2023-11-17,11069.0,997.0,0.0,0,450.79,0.0,1,12.02,2.05,SPY240119P00420000,420.0,0,0.0,0.0,,0.0,normalDay
2023-11-20,11069.0,1037.0,0.0,0,454.26,0.0,1,12.02,1.65,SPY240119P00420000,420.0,0,0.0,0.0,,0.0,normalDay
2023-11-21,11069.0,1037.0,0.0,0,453.27,0.0,1,12.02,1.65,SPY240119P00420000,420.0,0,0.0,0.0,,0.0,normalDay
2023-11-22,11069.0,1054.0,0.0,0,455.02,0.0,1,12.02,1.48,SPY240119P00420000,420.0,0,0.0,0.0,,0.0,normalDay
2023-11-24,11069.0,1071.0,0.0,0,455.3,0.0,1,12.02,1.31,SPY240119P00420000,420.0,0,0.0,0.0,,0.0,normalDay
2023-11-27,11069.0,1072.0,0.0,0,454.48,0.0,1,12.02,1.3,SPY240119P00420000,420.0,0,0.0,0.0,,0.0,normalDay
2023-11-28,11069.0,1078.0,0.0,0,454.93,0.0,1,12.02,1.24,SPY240119P00420000,420.0,0,0.0,0.0,,0.0,normalDay
2023-11-29,11069.0,1075.0,0.0,0,454.61,0.0,1,12.02,1.27,SPY240119P00420000,420.0,0,0.0,0.0,,0.0,normalDay
2023-11-30,11069.0,1084.0,0.0,0,456.4,0.0,1,12.02,1.18,SPY240119P00420000,420.0,0,0.0,0.0,,0.0,normalDay
