date,totalCapital,unrializedPnL,rializedPnL,stocksOwned,stocksPriceToday,stocksPriceBoughtAt,putOwned,putOwnedSoldAt,putPriceToday,putOwnedContract,putOwnedStrike,callOwned,callOwnedSoldAt,callPriceToday,callOwnedContract,callOwnedStrike,trackType
2018-11-01,0.0,-41.0,0.0,0,273.51,0.0,1,11.11,11.52,SPY190930P00256000,256.0,0,0.0,0.0,,0.0,normalDay
2018-11-02,0.0,-95.0,0.0,0,271.89,0.0,1,11.11,12.06,SPY190930P00256000,256.0,0,0.0,0.0,,0.0,normalDay
2018-11-05,0.0,-21.0,0.0,0,273.39,0.0,1,11.11,11.32,SPY190930P00256000,256.0,0,0.0,0.0,,0.0,normalDay
2018-11-06,0.0,39.0,0.0,0,275.12,0.0,1,11.11,10.72,SPY190930P00256000,256.0,0,0.0,0.0,,0.0,normalDay
2018-11-07,0.0,241.0,0.0,0,281.01,0.0,1,11.11,8.7,SPY190930P00256000,256.0,0,0.0,0.0,,0.0,normalDay
2018-11-08,0.0,246.0,0.0,0,280.5,0.0,1,11.11,8.65,SPY190930P00256000,256.0,0,0.0,0.0,,0.0,normalDay
2018-11-09,0.0,146.0,0.0,0,277.76,0.0,1,11.11,9.65,SPY190930P00256000,256.0,0,0.0,0.0,,0.0,normalDay
2018-11-12,0.0,-17.0,0.0,0,272.57,0.0,1,11.11,11.28,SPY190930P00256000,256.0,0,0.0,0.0,,0.0,normalDay
2018-11-13,0.0,-55.0,0.0,0,272.06,0.0,1,11.11,11.66,SPY190930P00256000,256.0,0,0.0,0.0,,0.0,normalDay
2018-11-14,0.0,-154.0,0.0,0,270.2,0.0,1,11.11,12.65,SPY190930P00256000,256.0,0,0.0,0.0,,0.0,normalDay
2018-11-15,0.0,-52.0,0.0,0,273.02,0.0,1,11.11,11.63,SPY190930P00256000,256.0,0,0.0,0.0,,0.0,normalDay
2018-11-16,0.0,14.0,0.0,0,273.73,0.0,1,11.11,10.97,SPY190930P00256000,256.0,0,0.0,0.0,,0.0,normalDay
2018-11-19,0.0,-148.0,0.0,0,269.1,0.0,1,11.11,12.59,SPY190930P00256000,256.0,0,0.0,0.0,,0.0,normalDay
2018-11-20,0.0,-367.0,0.0,0,264.12,0.0,1,11.11,14.78,SPY190930P00256000,256.0,0,0.0,0.0,,0.0,normalDay
2018-11-21,0.0,-315.0,0.0,0,265.02,0.0,1,11.11,14.26,SPY190930P00256000,256.0,0,0.0,0.0,,0.0,normalDay
2018-11-23,0.0,-376.0,0.0,0,263.25,0.0,1,11.11,14.87,SPY190930P00256000,256.0,0,0.0,0.0,,0.0,normalDay
2018-11-26,0.0,-154.0,0.0,0,267.5,0.0,1,11.11,12.65,SPY190930P00256000,256.0,0,0.0,0.0,,0.0,normalDay
2018-11-27,0.0,-147.0,0.0,0,268.4,0.0,1,11.11,12.58,SPY190930P00256000,256.0,0,0.0,0.0,,0.0,normalDay
2018-11-28,0.0,27.0,0.0,0,274.58,0.0,1,11.11,10.84,SPY190930P00256000,256.0,0,0.0,0.0,,0.0,normalDay
2018-11-29,0.0,13.0,0.0,0,273.98,0.0,1,11.11,10.98,SPY190930P00256000,256.0,0,0.0,0.0,,0.0,normalDay
2018-11-30,0.0,71.0,0.0,0,275.65,0.0,1,11.11,10.4,SPY190930P00256000,256.0,0,0.0,0.0,,0.0,normalDay
2018-12-03,0.0,204.0,0.0,0,279.3,0.0,1,11.11,9.07,SPY190930P00256000,256.0,0,0.0,0.0,,0.0,normalDay
2018-12-04,0.0,-100.0,0.0,0,270.25,0.0,1,11.11,12.11,SPY190930P00256000,256.0,0,0.0,0.0,,0.0,normalDay
2018-12-06,0.0,-116.0,0.0,0,269.84,0.0,1,11.11,12.27,SPY190930P00256000,256.0,0,0.0,0.0,,0.0,normalDay
2018-12-07,0.0,-379.0,0.0,0,263.57,0.0,1,11.11,14.9,SPY190930P00256000,256.0,0,0.0,0.0,,0.0,normalDay
2018-12-10,0.0,-326.0,0.0,0,264.07,0.0,1,11.11,14.37,SPY190930P00256000,256.0,0,0.0,0.0,,0.0,normalDay
2018-12-11,0.0,-323.0,0.0,0,264.13,0.0,1,11.11,14.34,SPY190930P00256000,256.0,0,0.0,0.0,,0.0,normalDay
2018-12-12,0.0,-299.0,0.0,0,265.46,0.0,1,11.11,14.1,SPY190930P00256000,256.0,0,0.0,0.0,,0.0,normalDay
2018-12-13,0.0,-288.0,0.0,0,265.37,0.0,1,11.11,13.99,SPY190930P00256000,256.0,0,0.0,0.0,,0.0,normalDay
2018-12-14,0.0,-475.0,0.0,0,260.47,0.0,1,11.11,15.86,SPY190930P00256000,256.0,0,0.0,0.0,,0.0,normalDay
2018-12-17,0.0,-717.0,0.0,0,255.36,0.0,1,11.11,18.28,SPY190930P00256000,256.0,0,0.0,0.0,,0.0,normalDay
2018-12-18,0.0,-747.0,0.0,0,255.08,0.0,1,11.11,18.58,SPY190930P00256000,256.0,0,0.0,0.0,,0.0,normalDay
2018-12-19,0.0,-880.0,0.0,0,251.26,0.0,1,11.11,19.91,SPY190930P00256000,256.0,0,0.0,0.0,,0.0,normalDay
2018-12-20,0.0,-1077.0,0.0,0,247.17,0.0,1,11.11,21.88,SPY190930P00256000,256.0,0,0.0,0.0,,0.0,normalDay
2018-12-21,0.0,-1408.0,0.0,0,240.7,0.0,1,11.11,25.19,SPY190930P00256000,256.0,0,0.0,0.0,,0.0,normalDay
2018-12-24,0.0,-1939.0,0.0,0,234.34,0.0,1,11.11,30.5,SPY190930P00256000,256.0,0,0.0,0.0,,0.0,normalDay
2018-12-26,0.0,-1028.0,0.0,0,246.18,0.0,1,11.11,21.39,SPY190930P00256000,256.0,0,0.0,0.0,,0.0,normalDay
2018-12-27,0.0,-966.0,0.0,0,248.07,0.0,1,11.11,20.77,SPY190930P00256000,256.0,0,0.0,0.0,,0.0,normalDay
2018-12-28,0.0,-985.0,0.0,0,247.75,0.0,1,11.11,20.96,SPY190930P00256000,256.0,0,0.0,0.0,,0.0,normalDay
2018-12-31,0.0,-824.0,0.0,0,249.92,0.0,1,11.11,19.35,SPY190930P00256000,256.0,0,0.0,0.0,,0.0,normalDay
2019-01-02,0.0,-764.0,0.0,0,250.18,0.0,1,11.11,18.75,SPY190930P00256000,256.0,0,0.0,0.0,,0.0,normalDay
2019-01-03,0.0,-1134.0,0.0,0,244.21,0.0,1,11.11,22.45,SPY190930P00256000,256.0,0,0.0,0.0,,0.0,normalDay
2019-01-04,0.0,-661.0,0.0,0,252.39,0.0,1,11.11,17.72,SPY190930P00256000,256.0,0,0.0,0.0,,0.0,normalDay
2019-01-07,0.0,-562.0,0.0,0,254.38,0.0,1,11.11,16.73,SPY190930P00256000,256.0,0,0.0,0.0,,0.0,normalDay
2019-01-08,0.0,-456.0,0.0,0,256.77,0.0,1,11.11,15.67,SPY190930P00256000,256.0,0,0.0,0.0,,0.0,normalDay
2019-01-09,0.0,-385.0,0.0,0,257.97,0.0,1,11.11,14.96,SPY190930P00256000,256.0,0,0.0,0.0,,0.0,normalDay
2019-01-10,0.0,-345.0,0.0,0,258.88,0.0,1,11.11,14.56,SPY190930P00256000,256.0,0,0.0,0.0,,0.0,normalDay
2019-01-11,0.0,-298.0,0.0,0,258.98,0.0,1,11.11,14.09,SPY190930P00256000,256.0,0,0.0,0.0,,0.0,normalDay
2019-01-14,0.0,-335.0,0.0,0,257.4,0.0,1,11.11,14.46,SPY190930P00256000,256.0,0,0.0,0.0,,0.0,normalDay
2019-01-15,0.0,-182.0,0.0,0,260.35,0.0,1,11.11,12.93,SPY190930P00256000,256.0,0,0.0,0.0,,0.0,normalDay
2019-01-16,0.0,-146.0,0.0,0,260.98,0.0,1,11.11,12.57,SPY190930P00256000,256.0,0,0.0,0.0,,0.0,normalDay
2019-01-17,0.0,-87.0,0.0,0,262.96,0.0,1,11.11,11.98,SPY190930P00256000,256.0,0,0.0,0.0,,0.0,normalDay
2019-01-18,0.0,37.0,0.0,0,266.46,0.0,1,11.11,10.74,SPY190930P00256000,256.0,0,0.0,0.0,,0.0,normalDay
2019-01-22,0.0,-115.0,0.0,0,262.86,0.0,1,11.11,12.26,SPY190930P00256000,256.0,0,0.0,0.0,,0.0,normalDay
2019-01-23,0.0,-93.0,0.0,0,263.41,0.0,1,11.11,12.04,SPY190930P00256000,256.0,0,0.0,0.0,,0.0,normalDay
2019-01-24,0.0,-77.0,0.0,0,263.55,0.0,1,11.11,11.88,SPY190930P00256000,256.0,0,0.0,0.0,,0.0,normalDay
2019-01-25,0.0,24.0,0.0,0,265.78,0.0,1,11.11,10.87,SPY190930P00256000,256.0,0,0.0,0.0,,0.0,normalDay
2019-01-28,0.0,-43.0,0.0,0,263.76,0.0,1,11.11,11.54,SPY190930P00256000,256.0,0,0.0,0.0,,0.0,normalDay
2019-01-29,0.0,-59.0,0.0,0,263.41,0.0,1,11.11,11.7,SPY190930P00256000,256.0,0,0.0,0.0,,0.0,normalDay
2019-01-30,0.0,99.0,0.0,0,267.58,0.0,1,11.11,10.12,SPY190930P00256000,256.0,0,0.0,0.0,,0.0,normalDay
2019-01-31,0.0,208.0,0.0,0,269.93,0.0,1,11.11,9.03,SPY190930P00256000,256.0,0,0.0,0.0,,0.0,normalDay
2019-02-01,0.0,216.0,0.0,0,270.06,0.0,1,11.11,8.95,SPY190930P00256000,256.0,0,0.0,0.0,,0.0,normalDay
2019-02-04,0.0,284.0,0.0,0,271.96,0.0,1,11.11,8.27,SPY190930P00256000,256.0,0,0.0,0.0,,0.0,normalDay
2019-02-05,0.0,324.0,0.0,0,273.1,0.0,1,11.11,7.87,SPY190930P00256000,256.0,0,0.0,0.0,,0.0,normalDay
2019-02-06,0.0,324.0,0.0,0,272.74,0.0,1,11.11,7.87,SPY190930P00256000,256.0,0,0.0,0.0,,0.0,normalDay
2019-02-07,0.0,247.0,0.0,0,270.14,0.0,1,11.11,8.64,SPY190930P00256000,256.0,0,0.0,0.0,,0.0,normalDay
2019-02-08,0.0,254.0,0.0,0,270.47,0.0,1,11.11,8.57,SPY190930P00256000,256.0,0,0.0,0.0,,0.0,normalDay
2019-02-11,0.0,272.0,0.0,0,270.62,0.0,1,11.11,8.39,SPY190930P00256000,256.0,0,0.0,0.0,,0.0,normalDay
2019-02-12,0.0,378.0,0.0,0,274.1,0.0,1,11.11,7.33,SPY190930P00256000,256.0,0,0.0,0.0,,0.0,normalDay
2019-02-13,0.0,385.0,0.0,0,274.99,0.0,1,11.11,7.26,SPY190930P00256000,256.0,0,0.0,0.0,,0.0,normalDay
2019-02-14,0.0,350.0,0.0,0,274.38,0.0,1,11.11,7.61,SPY190930P00256000,256.0,0,0.0,0.0,,0.0,normalDay
2019-02-15,0.0,442.0,0.0,0,277.37,0.0,1,11.11,6.69,SPY190930P00256000,256.0,0,0.0,0.0,,0.0,normalDay
2019-02-19,0.0,460.0,0.0,0,277.85,0.0,1,11.11,6.51,SPY190930P00256000,256.0,0,0.0,0.0,,0.0,normalDay
2019-02-20,0.0,505.0,0.0,0,278.41,0.0,1,11.11,6.06,SPY190930P00256000,256.0,0,0.0,0.0,,0.0,normalDay
2019-02-21,0.0,482.0,0.0,0,277.42,0.0,1,11.11,6.29,SPY190930P00256000,256.0,0,0.0,0.0,,0.0,normalDay
2019-02-22,0.0,531.0,0.0,0,279.14,0.0,1,11.11,5.8,SPY190930P00256000,256.0,0,0.0,0.0,,0.0,normalDay
2019-02-25,0.0,537.0,0.0,0,279.52,0.0,1,11.11,5.74,SPY190930P00256000,256.0,0,0.0,0.0,,0.0,normalDay
2019-02-26,0.0,520.0,0.0,0,279.32,0.0,1,11.11,5.91,SPY190930P00256000,256.0,0,0.0,0.0,,0.0,normalDay
2019-02-27,0.0,530.0,0.0,0,279.2,0.0,1,11.11,5.81,SPY190930P00256000,256.0,0,0.0,0.0,,0.0,normalDay
2019-02-28,0.0,516.0,0.0,0,278.68,0.0,1,11.11,5.95,SPY190930P00256000,256.0,0,0.0,0.0,,0.0,normalDay
2019-03-01,0.0,571.0,0.0,0,280.42,0.0,1,11.11,5.4,SPY190930P00256000,256.0,0,0.0,0.0,,0.0,normalDay
2019-03-04,0.0,536.0,0.0,0,279.4,0.0,1,11.11,5.75,SPY190930P00256000,256.0,0,0.0,0.0,,0.0,normalDay
2019-03-05,0.0,527.0,0.0,0,279.02,0.0,1,11.11,5.84,SPY190930P00256000,256.0,0,0.0,0.0,,0.0,normalDay
2019-03-06,0.0,477.0,0.0,0,277.33,0.0,1,11.11,6.34,SPY190930P00256000,256.0,0,0.0,0.0,,0.0,normalDay
2019-03-07,0.0,417.0,0.0,0,275.01,0.0,1,11.11,6.94,SPY190930P00256000,256.0,0,0.0,0.0,,0.0,normalDay
2019-03-08,0.0,407.0,0.0,0,274.46,0.0,1,11.11,7.04,SPY190930P00256000,256.0,0,0.0,0.0,,0.0,normalDay
2019-03-11,0.0,529.0,0.0,0,278.44,0.0,1,11.11,5.82,SPY190930P00256000,256.0,0,0.0,0.0,,0.0,normalDay
2019-03-12,0.0,562.0,0.0,0,279.49,0.0,1,11.11,5.49,SPY190930P00256000,256.0,0,0.0,0.0,,0.0,normalDay
2019-03-13,0.0,617.0,0.0,0,281.34,0.0,1,11.11,4.94,SPY190930P00256000,256.0,0,0.0,0.0,,0.0,normalDay
2019-03-14,0.0,614.0,0.0,0,281.16,0.0,1,11.11,4.97,SPY190930P00256000,256.0,0,0.0,0.0,,0.0,normalDay
2019-03-15,0.0,645.0,0.0,0,281.31,0.0,1,11.11,4.66,SPY190930P00256000,256.0,0,0.0,0.0,,0.0,normalDay
2019-03-18,0.0,664.0,0.0,0,282.33,0.0,1,11.11,4.47,SPY190930P00256000,256.0,0,0.0,0.0,,0.0,normalDay
2019-03-19,0.0,650.0,0.0,0,282.4,0.0,1,11.11,4.61,SPY190930P00256000,256.0,0,0.0,0.0,,0.0,normalDay
2019-03-20,0.0,633.0,0.0,0,281.55,0.0,1,11.11,4.78,SPY190930P00256000,256.0,0,0.0,0.0,,0.0,normalDay
2019-03-21,0.0,689.0,0.0,0,284.73,0.0,1,11.11,4.22,SPY190930P00256000,256.0,0,0.0,0.0,,0.0,normalDay
2019-03-22,0.0,562.0,0.0,0,279.25,0.0,1,11.11,5.49,SPY190930P00256000,256.0,0,0.0,0.0,,0.0,normalDay
2019-03-25,0.0,549.0,0.0,0,279.04,0.0,1,11.11,5.62,SPY190930P00256000,256.0,0,0.0,0.0,,0.0,normalDay
2019-03-26,0.0,607.0,0.0,0,281.12,0.0,1,11.11,5.04,SPY190930P00256000,256.0,0,0.0,0.0,,0.0,normalDay
2019-03-27,0.0,578.0,0.0,0,279.65,0.0,1,11.11,5.33,SPY190930P00256000,256.0,0,0.0,0.0,,0.0,normalDay
2019-03-28,0.0,610.0,0.0,0,280.71,0.0,1,11.11,5.01,SPY190930P00256000,256.0,0,0.0,0.0,,0.0,normalDay
2019-03-29,0.0,655.0,0.0,0,282.48,0.0,1,11.11,4.56,SPY190930P00256000,256.0,0,0.0,0.0,,0.0,normalDay
2019-04-01,0.0,715.0,0.0,0,285.83,0.0,1,11.11,3.96,SPY190930P00256000,256.0,0,0.0,0.0,,0.0,normalDay
2019-04-02,0.0,719.0,0.0,0,285.97,0.0,1,11.11,3.92,SPY190930P00256000,256.0,0,0.0,0.0,,0.0,normalDay
2019-04-03,0.0,731.0,0.0,0,286.42,0.0,1,11.11,3.8,SPY190930P00256000,256.0,0,0.0,0.0,,0.0,normalDay
2019-04-04,0.0,742.0,0.0,0,287.18,0.0,1,11.11,3.69,SPY190930P00256000,256.0,0,0.0,0.0,,0.0,normalDay
2019-04-05,0.0,771.0,0.0,0,288.57,0.0,1,11.11,3.4,SPY190930P00256000,256.0,0,0.0,0.0,,0.0,normalDay
2019-04-08,0.0,775.0,0.0,0,288.79,0.0,1,11.11,3.36,SPY190930P00256000,256.0,0,0.0,0.0,,0.0,normalDay
2019-04-09,0.0,735.0,0.0,0,287.31,0.0,1,11.11,3.76,SPY190930P00256000,256.0,0,0.0,0.0,,0.0,normalDay
2019-04-10,0.0,770.0,0.0,0,288.29,0.0,1,11.11,3.41,SPY190930P00256000,256.0,0,0.0,0.0,,0.0,normalDay
2019-04-11,0.0,772.0,0.0,0,288.21,0.0,1,11.11,3.39,SPY190930P00256000,256.0,0,0.0,0.0,,0.0,normalDay
2019-04-12,0.0,813.0,0.0,0,290.16,0.0,1,11.11,2.98,SPY190930P00256000,256.0,0,0.0,0.0,,0.0,normalDay
2019-04-15,0.0,816.0,0.0,0,289.97,0.0,1,11.11,2.95,SPY190930P00256000,256.0,0,0.0,0.0,,0.0,normalDay
2019-04-16,0.0,821.0,0.0,0,290.16,0.0,1,11.11,2.9,SPY190930P00256000,256.0,0,0.0,0.0,,0.0,normalDay
2019-04-17,0.0,808.0,0.0,0,289.45,0.0,1,11.11,3.03,SPY190930P00256000,256.0,0,0.0,0.0,,0.0,normalDay
2019-04-18,0.0,819.0,0.0,0,290.02,0.0,1,11.11,2.92,SPY190930P00256000,256.0,0,0.0,0.0,,0.0,normalDay
2019-04-22,0.0,825.0,0.0,0,290.27,0.0,1,11.11,2.86,SPY190930P00256000,256.0,0,0.0,0.0,,0.0,normalDay
2019-04-23,0.0,852.0,0.0,0,292.88,0.0,1,11.11,2.59,SPY190930P00256000,256.0,0,0.0,0.0,,0.0,normalDay
2019-04-24,0.0,840.0,0.0,0,292.23,0.0,1,11.11,2.71,SPY190930P00256000,256.0,0,0.0,0.0,,0.0,normalDay
2019-04-25,0.0,834.0,0.0,0,292.05,0.0,1,11.11,2.77,SPY190930P00256000,256.0,0,0.0,0.0,,0.0,normalDay
2019-04-26,0.0,854.0,0.0,0,293.41,0.0,1,11.11,2.57,SPY190930P00256000,256.0,0,0.0,0.0,,0.0,normalDay
2019-04-29,0.0,856.0,0.0,0,293.87,0.0,1,11.11,2.55,SPY190930P00256000,256.0,0,0.0,0.0,,0.0,normalDay
2019-04-30,0.0,861.0,0.0,0,294.02,0.0,1,11.11,2.5,SPY190930P00256000,256.0,0,0.0,0.0,,0.0,normalDay
2019-05-01,0.0,822.0,0.0,0,291.81,0.0,1,11.11,2.89,SPY190930P00256000,256.0,0,0.0,0.0,,0.0,normalDay
2019-05-02,0.0,819.0,0.0,0,291.18,0.0,1,11.11,2.92,SPY190930P00256000,256.0,0,0.0,0.0,,0.0,normalDay
2019-05-03,0.0,867.0,0.0,0,294.03,0.0,1,11.11,2.44,SPY190930P00256000,256.0,0,0.0,0.0,,0.0,normalDay
2019-05-06,0.0,834.0,0.0,0,292.82,0.0,1,11.11,2.77,SPY190930P00256000,256.0,0,0.0,0.0,,0.0,normalDay
2019-05-07,0.0,717.0,0.0,0,287.93,0.0,1,11.11,3.94,SPY190930P00256000,256.0,0,0.0,0.0,,0.0,normalDay
2019-05-08,0.0,727.0,0.0,0,287.53,0.0,1,11.11,3.84,SPY190930P00256000,256.0,0,0.0,0.0,,0.0,normalDay
2019-05-09,0.0,733.0,0.0,0,286.66,0.0,1,11.11,3.78,SPY190930P00256000,256.0,0,0.0,0.0,,0.0,normalDay
2019-05-10,0.0,785.0,0.0,0,288.1,0.0,1,11.11,3.26,SPY190930P00256000,256.0,0,0.0,0.0,,0.0,normalDay
2019-05-13,0.0,621.0,0.0,0,280.86,0.0,1,11.11,4.9,SPY190930P00256000,256.0,0,0.0,0.0,,0.0,normalDay
2019-05-14,0.0,706.0,0.0,0,283.4,0.0,1,11.11,4.05,SPY190930P00256000,256.0,0,0.0,0.0,,0.0,normalDay
2019-05-15,0.0,757.0,0.0,0,285.06,0.0,1,11.11,3.54,SPY190930P00256000,256.0,0,0.0,0.0,,0.0,normalDay
2019-05-16,0.0,812.0,0.0,0,287.7,0.0,1,11.11,2.99,SPY190930P00256000,256.0,0,0.0,0.0,,0.0,normalDay
2019-05-17,0.0,780.0,0.0,0,285.84,0.0,1,11.11,3.31,SPY190930P00256000,256.0,0,0.0,0.0,,0.0,normalDay
2019-05-20,0.0,762.0,0.0,0,283.95,0.0,1,11.11,3.49,SPY190930P00256000,256.0,0,0.0,0.0,,0.0,normalDay
2019-05-21,0.0,818.0,0.0,0,286.51,0.0,1,11.11,2.93,SPY190930P00256000,256.0,0,0.0,0.0,,0.0,normalDay
2019-05-22,0.0,811.0,0.0,0,285.63,0.0,1,11.11,3.0,SPY190930P00256000,256.0,0,0.0,0.0,,0.0,normalDay
2019-05-23,0.0,730.0,0.0,0,282.14,0.0,1,11.11,3.81,SPY190930P00256000,256.0,0,0.0,0.0,,0.0,normalDay
2019-05-24,0.0,757.0,0.0,0,282.78,0.0,1,11.11,3.54,SPY190930P00256000,256.0,0,0.0,0.0,,0.0,normalDay
2019-05-28,0.0,714.0,0.0,0,280.15,0.0,1,11.11,3.97,SPY190930P00256000,256.0,0,0.0,0.0,,0.0,normalDay
2019-05-29,0.0,675.0,0.0,0,278.27,0.0,1,11.11,4.36,SPY190930P00256000,256.0,0,0.0,0.0,,0.0,normalDay
2019-05-30,0.0,697.0,0.0,0,279.03,0.0,1,11.11,4.14,SPY190930P00256000,256.0,0,0.0,0.0,,0.0,normalDay
2019-05-31,0.0,602.0,0.0,0,275.27,0.0,1,11.11,5.09,SPY190930P00256000,256.0,0,0.0,0.0,,0.0,normalDay
2019-06-03,0.0,607.0,0.0,0,274.57,0.0,1,11.11,5.04,SPY190930P00256000,256.0,0,0.0,0.0,,0.0,normalDay
2019-06-04,0.0,746.0,0.0,0,280.53,0.0,1,11.11,3.65,SPY190930P00256000,256.0,0,0.0,0.0,,0.0,normalDay
2019-06-05,0.0,795.0,0.0,0,282.96,0.0,1,11.11,3.16,SPY190930P00256000,256.0,0,0.0,0.0,,0.0,normalDay
2019-06-06,0.0,823.0,0.0,0,284.8,0.0,1,11.11,2.88,SPY190930P00256000,256.0,0,0.0,0.0,,0.0,normalDay
2019-06-07,0.0,844.0,0.0,0,287.65,0.0,1,11.11,2.67,SPY190930P00256000,256.0,0,0.0,0.0,,0.0,normalDay
2019-06-10,0.0,871.0,0.0,0,288.97,0.0,1,11.11,2.4,SPY190930P00256000,256.0,0,0.0,0.0,,0.0,normalDay
2019-06-11,0.0,864.0,0.0,0,288.9,0.0,1,11.11,2.47,SPY190930P00256000,256.0,0,0.0,0.0,,0.0,normalDay
2019-06-12,0.0,865.0,0.0,0,288.39,0.0,1,11.11,2.46,SPY190930P00256000,256.0,0,0.0,0.0,,0.0,normalDay
2019-06-13,0.0,882.0,0.0,0,289.58,0.0,1,11.11,2.29,SPY190930P00256000,256.0,0,0.0,0.0,,0.0,normalDay
2019-06-14,0.0,891.0,0.0,0,289.26,0.0,1,11.11,2.2,SPY190930P00256000,256.0,0,0.0,0.0,,0.0,normalDay
2019-06-17,0.0,897.0,0.0,0,289.37,0.0,1,11.11,2.14,SPY190930P00256000,256.0,0,0.0,0.0,,0.0,normalDay
2019-06-18,0.0,923.0,0.0,0,292.4,0.0,1,11.11,1.88,SPY190930P00256000,256.0,0,0.0,0.0,,0.0,normalDay
2019-06-19,0.0,941.0,0.0,0,293.06,0.0,1,11.11,1.7,SPY190930P00256000,256.0,0,0.0,0.0,,0.0,normalDay
2019-06-20,0.0,958.0,0.0,0,295.86,0.0,1,11.11,1.53,SPY190930P00256000,256.0,0,0.0,0.0,,0.0,normalDay
2019-06-21,0.0,949.0,0.0,0,294.0,0.0,1,11.11,1.62,SPY190930P00256000,256.0,0,0.0,0.0,,0.0,normalDay
2019-06-24,0.0,955.0,0.0,0,293.64,0.0,1,11.11,1.56,SPY190930P00256000,256.0,0,0.0,0.0,,0.0,normalDay
2019-06-25,0.0,926.0,0.0,0,290.76,0.0,1,11.11,1.85,SPY190930P00256000,256.0,0,0.0,0.0,,0.0,normalDay
2019-06-26,0.0,925.0,0.0,0,290.47,0.0,1,11.11,1.86,SPY190930P00256000,256.0,0,0.0,0.0,,0.0,normalDay
2019-06-27,0.0,943.0,0.0,0,291.5,0.0,1,11.11,1.68,SPY190930P00256000,256.0,0,0.0,0.0,,0.0,normalDay
2019-06-28,0.0,970.0,0.0,0,293.0,0.0,1,11.11,1.41,SPY190930P00256000,256.0,0,0.0,0.0,,0.0,normalDay
2019-07-01,0.0,999.0,0.0,0,295.66,0.0,1,11.11,1.12,SPY190930P00256000,256.0,0,0.0,0.0,,0.0,normalDay
2019-07-02,0.0,1012.0,0.0,0,296.43,0.0,1,11.11,0.99,SPY190930P00256000,256.0,0,0.0,0.0,,0.0,normalDay
2019-07-03,0.0,1026.0,0.0,0,298.8,0.0,1,11.11,0.85,SPY190930P00256000,256.0,0,0.0,0.0,,0.0,normalDay
2019-07-05,0.0,1021.0,0.0,0,298.46,0.0,1,11.11,0.9,SPY190930P00256000,256.0,0,0.0,0.0,,0.0,normalDay
2019-07-08,0.0,1015.0,0.0,0,296.82,0.0,1,11.11,0.96,SPY190930P00256000,256.0,0,0.0,0.0,,0.0,normalDay
2019-07-09,0.0,1015.0,0.0,0,297.19,0.0,1,11.11,0.96,SPY190930P00256000,256.0,0,0.0,0.0,,0.0,normalDay
2019-07-10,0.0,1027.0,0.0,0,298.61,0.0,1,11.11,0.84,SPY190930P00256000,256.0,0,0.0,0.0,,0.0,normalDay
2019-07-11,0.0,1031.0,0.0,0,299.31,0.0,1,11.11,0.8,SPY190930P00256000,256.0,0,0.0,0.0,,0.0,normalDay
2019-07-12,0.0,1040.0,0.0,0,300.65,0.0,1,11.11,0.71,SPY190930P00256000,256.0,0,0.0,0.0,,0.0,normalDay
2019-07-15,0.0,1039.0,0.0,0,300.75,0.0,1,11.11,0.72,SPY190930P00256000,256.0,0,0.0,0.0,,0.0,normalDay
2019-07-16,0.0,1036.0,0.0,0,299.78,0.0,1,11.11,0.75,SPY190930P00256000,256.0,0,0.0,0.0,,0.0,normalDay
2019-07-17,0.0,1024.0,0.0,0,297.74,0.0,1,11.11,0.87,SPY190930P00256000,256.0,0,0.0,0.0,,0.0,normalDay
2019-07-18,0.0,1035.0,0.0,0,298.83,0.0,1,11.11,0.76,SPY190930P00256000,256.0,0,0.0,0.0,,0.0,normalDay
2019-07-19,0.0,1028.0,0.0,0,297.17,0.0,1,11.11,0.83,SPY190930P00256000,256.0,0,0.0,0.0,,0.0,normalDay
2019-07-22,0.0,1042.0,0.0,0,297.9,0.0,1,11.11,0.69,SPY190930P00256000,256.0,0,0.0,0.0,,0.0,normalDay
2019-07-23,0.0,1055.0,0.0,0,300.03,0.0,1,11.11,0.56,SPY190930P00256000,256.0,0,0.0,0.0,,0.0,normalDay
2019-07-24,0.0,1064.0,0.0,0,301.44,0.0,1,11.11,0.47,SPY190930P00256000,256.0,0,0.0,0.0,,0.0,normalDay
2019-07-25,0.0,1057.0,0.0,0,300.0,0.0,1,11.11,0.54,SPY190930P00256000,256.0,0,0.0,0.0,,0.0,normalDay
2019-07-26,0.0,1065.0,0.0,0,302.01,0.0,1,11.11,0.46,SPY190930P00256000,256.0,0,0.0,0.0,,0.0,normalDay
2019-07-29,0.0,1064.0,0.0,0,301.46,0.0,1,11.11,0.47,SPY190930P00256000,256.0,0,0.0,0.0,,0.0,normalDay
2019-07-30,0.0,1056.0,0.0,0,300.72,0.0,1,11.11,0.55,SPY190930P00256000,256.0,0,0.0,0.0,,0.0,normalDay
2019-07-31,0.0,1036.0,0.0,0,297.43,0.0,1,11.11,0.75,SPY190930P00256000,256.0,0,0.0,0.0,,0.0,normalDay
2019-08-01,0.0,1011.0,0.0,0,294.84,0.0,1,11.11,1.0,SPY190930P00256000,256.0,0,0.0,0.0,,0.0,normalDay
2019-08-02,0.0,1001.0,0.0,0,292.62,0.0,1,11.11,1.1,SPY190930P00256000,256.0,0,0.0,0.0,,0.0,normalDay
2019-08-05,0.0,848.0,0.0,0,283.82,0.0,1,11.11,2.63,SPY190930P00256000,256.0,0,0.0,0.0,,0.0,normalDay
2019-08-06,0.0,952.0,0.0,0,287.8,0.0,1,11.11,1.59,SPY190930P00256000,256.0,0,0.0,0.0,,0.0,normalDay
2019-08-07,0.0,961.0,0.0,0,287.97,0.0,1,11.11,1.5,SPY190930P00256000,256.0,0,0.0,0.0,,0.0,normalDay
2019-08-08,0.0,1021.0,0.0,0,293.62,0.0,1,11.11,0.9,SPY190930P00256000,256.0,0,0.0,0.0,,0.0,normalDay
2019-08-09,0.0,1006.0,0.0,0,291.62,0.0,1,11.11,1.05,SPY190930P00256000,256.0,0,0.0,0.0,,0.0,normalDay
2019-08-12,0.0,956.0,0.0,0,288.07,0.0,1,11.11,1.55,SPY190930P00256000,256.0,0,0.0,0.0,,0.0,normalDay
2019-08-13,0.0,1022.0,0.0,0,292.55,0.0,1,11.11,0.89,SPY190930P00256000,256.0,0,0.0,0.0,,0.0,normalDay
2019-08-14,0.0,923.0,0.0,0,283.9,0.0,1,11.11,1.88,SPY190930P00256000,256.0,0,0.0,0.0,,0.0,normalDay
2019-08-15,0.0,949.0,0.0,0,284.65,0.0,1,11.11,1.62,SPY190930P00256000,256.0,0,0.0,0.0,,0.0,normalDay
2019-08-16,0.0,1013.0,0.0,0,288.85,0.0,1,11.11,0.98,SPY190930P00256000,256.0,0,0.0,0.0,,0.0,normalDay
2019-08-19,0.0,1055.0,0.0,0,292.33,0.0,1,11.11,0.56,SPY190930P00256000,256.0,0,0.0,0.0,,0.0,normalDay
2019-08-20,0.0,1043.0,0.0,0,290.09,0.0,1,11.11,0.68,SPY190930P00256000,256.0,0,0.0,0.0,,0.0,normalDay
2019-08-21,0.0,1070.0,0.0,0,292.45,0.0,1,11.11,0.41,SPY190930P00256000,256.0,0,0.0,0.0,,0.0,normalDay
2019-08-22,0.0,1064.0,0.0,0,292.36,0.0,1,11.11,0.47,SPY190930P00256000,256.0,0,0.0,0.0,,0.0,normalDay
2019-08-23,0.0,1014.0,0.0,0,284.85,0.0,1,11.11,0.97,SPY190930P00256000,256.0,0,0.0,0.0,,0.0,normalDay
2019-08-26,0.0,1042.0,0.0,0,288.0,0.0,1,11.11,0.69,SPY190930P00256000,256.0,0,0.0,0.0,,0.0,normalDay
2019-08-27,0.0,1030.0,0.0,0,286.87,0.0,1,11.11,0.81,SPY190930P00256000,256.0,0,0.0,0.0,,0.0,normalDay
2019-08-28,0.0,1050.0,0.0,0,288.89,0.0,1,11.11,0.61,SPY190930P00256000,256.0,0,0.0,0.0,,0.0,normalDay
2019-08-29,0.0,1067.0,0.0,0,292.58,0.0,1,11.11,0.44,SPY190930P00256000,256.0,0,0.0,0.0,,0.0,normalDay
2019-08-30,0.0,1060.0,0.0,0,292.45,0.0,1,11.11,0.51,SPY190930P00256000,256.0,0,0.0,0.0,,0.0,normalDay
2019-09-03,0.0,1064.0,0.0,0,290.74,0.0,1,11.11,0.47,SPY190930P00256000,256.0,0,0.0,0.0,,0.0,normalDay
2019-09-04,0.0,1087.0,0.0,0,294.04,0.0,1,11.11,0.24,SPY190930P00256000,256.0,0,0.0,0.0,,0.0,normalDay
2019-09-05,0.0,1093.0,0.0,0,297.82,0.0,1,11.11,0.18,SPY190930P00256000,256.0,0,0.0,0.0,,0.0,normalDay
2019-09-06,0.0,1099.0,0.0,0,298.05,0.0,1,11.11,0.12,SPY190930P00256000,256.0,0,0.0,0.0,,0.0,normalDay
2019-09-09,0.0,1100.0,0.0,0,298.2,0.0,1,11.11,0.11,SPY190930P00256000,256.0,0,0.0,0.0,,0.0,normalDay
2019-09-10,0.0,1101.0,0.0,0,298.13,0.0,1,11.11,0.1,SPY190930P00256000,256.0,0,0.0,0.0,,0.0,normalDay
2019-09-11,0.0,1103.0,0.0,0,300.25,0.0,1,11.11,0.08,SPY190930P00256000,256.0,0,0.0,0.0,,0.0,normalDay
2019-09-12,0.0,1105.0,0.0,0,301.29,0.0,1,11.11,0.06,SPY190930P00256000,256.0,0,0.0,0.0,,0.0,normalDay
2019-09-13,0.0,1106.0,0.0,0,301.09,0.0,1,11.11,0.05,SPY190930P00256000,256.0,0,0.0,0.0,,0.0,normalDay
2019-09-16,0.0,1106.0,0.0,0,300.16,0.0,1,11.11,0.05,SPY190930P00256000,256.0,0,0.0,0.0,,0.0,normalDay
2019-09-17,0.0,1106.0,0.0,0,300.92,0.0,1,11.11,0.05,SPY190930P00256000,256.0,0,0.0,0.0,,0.0,normalDay
2019-09-18,0.0,1107.0,0.0,0,301.1,0.0,1,11.11,0.04,SPY190930P00256000,256.0,0,0.0,0.0,,0.0,normalDay
2019-09-19,0.0,1107.0,0.0,0,301.08,0.0,1,11.11,0.04,SPY190930P00256000,256.0,0,0.0,0.0,,0.0,normalDay
2019-09-20,0.0,1108.0,0.0,0,298.28,0.0,1,11.11,0.03,SPY190930P00256000,256.0,0,0.0,0.0,,0.0,normalDay
2019-09-23,0.0,1109.0,0.0,0,298.21,0.0,1,11.11,0.02,SPY190930P00256000,256.0,0,0.0,0.0,,0.0,normalDay
2019-09-24,0.0,1108.0,0.0,0,295.87,0.0,1,11.11,0.03,SPY190930P00256000,256.0,0,0.0,0.0,,0.0,normalDay
2019-09-25,0.0,1109.0,0.0,0,297.62,0.0,1,11.11,0.02,SPY190930P00256000,256.0,0,0.0,0.0,,0.0,normalDay
2019-09-26,0.0,1110.0,0.0,0,297.0,0.0,1,11.11,0.01,SPY190930P00256000,256.0,0,0.0,0.0,,0.0,normalDay
2019-09-27,0.0,1110.0,0.0,0,295.4,0.0,1,11.11,0.01,SPY190930P00256000,256.0,0,0.0,0.0,,0.0,normalDay
2019-09-30,1111.0,0.0,1111.0,0,296.77,0.0,1,11.11,0.0,SPY190930P00256000,256.0,0,0.0,0.0,,0.0,expirationDay
2019-10-01,1111.0,-22.0,0.0,0,293.24,0.0,1,19.67,19.89,SPY200930P00292000,292.0,0,0.0,0.0,,0.0,normalDay
2019-10-02,1111.0,-324.0,0.0,0,288.06,0.0,1,19.67,22.91,SPY200930P00292000,292.0,0,0.0,0.0,,0.0,normalDay
2019-10-03,1111.0,-191.0,0.0,0,290.42,0.0,1,19.67,21.58,SPY200930P00292000,292.0,0,0.0,0.0,,0.0,normalDay
2019-10-04,1111.0,31.0,0.0,0,294.35,0.0,1,19.67,19.36,SPY200930P00292000,292.0,0,0.0,0.0,,0.0,normalDay
2019-10-07,1111.0,-19.0,0.0,0,293.08,0.0,1,19.67,19.86,SPY200930P00292000,292.0,0,0.0,0.0,,0.0,normalDay
2019-10-08,1111.0,-265.0,0.0,0,288.53,0.0,1,19.67,22.32,SPY200930P00292000,292.0,0,0.0,0.0,,0.0,normalDay
2019-10-09,1111.0,-119.0,0.0,0,291.27,0.0,1,19.67,20.86,SPY200930P00292000,292.0,0,0.0,0.0,,0.0,normalDay
2019-10-10,1111.0,10.0,0.0,0,293.24,0.0,1,19.67,19.57,SPY200930P00292000,292.0,0,0.0,0.0,,0.0,normalDay
2019-10-11,1111.0,174.0,0.0,0,296.28,0.0,1,19.67,17.93,SPY200930P00292000,292.0,0,0.0,0.0,,0.0,normalDay
2019-10-14,1111.0,191.0,0.0,0,295.95,0.0,1,19.67,17.76,SPY200930P00292000,292.0,0,0.0,0.0,,0.0,normalDay
2019-10-15,1111.0,332.0,0.0,0,298.88,0.0,1,19.67,16.35,SPY200930P00292000,292.0,0,0.0,0.0,,0.0,normalDay
2019-10-16,1111.0,314.0,0.0,0,298.4,0.0,1,19.67,16.53,SPY200930P00292000,292.0,0,0.0,0.0,,0.0,normalDay
2019-10-17,1111.0,341.0,0.0,0,299.28,0.0,1,19.67,16.26,SPY200930P00292000,292.0,0,0.0,0.0,,0.0,normalDay
2019-10-18,1111.0,281.0,0.0,0,297.97,0.0,1,19.67,16.86,SPY200930P00292000,292.0,0,0.0,0.0,,0.0,normalDay
2019-10-21,1111.0,378.0,0.0,0,299.99,0.0,1,19.67,15.89,SPY200930P00292000,292.0,0,0.0,0.0,,0.0,normalDay
2019-10-22,1111.0,331.0,0.0,0,299.01,0.0,1,19.67,16.36,SPY200930P00292000,292.0,0,0.0,0.0,,0.0,normalDay
2019-10-23,1111.0,370.0,0.0,0,299.88,0.0,1,19.67,15.97,SPY200930P00292000,292.0,0,0.0,0.0,,0.0,normalDay
2019-10-24,1111.0,387.0,0.0,0,300.37,0.0,1,19.67,15.8,SPY200930P00292000,292.0,0,0.0,0.0,,0.0,normalDay
2019-10-25,1111.0,453.0,0.0,0,301.6,0.0,1,19.67,15.14,SPY200930P00292000,292.0,0,0.0,0.0,,0.0,normalDay
2019-10-28,1111.0,509.0,0.0,0,303.3,0.0,1,19.67,14.58,SPY200930P00292000,292.0,0,0.0,0.0,,0.0,normalDay
2019-10-29,1111.0,495.0,0.0,0,303.21,0.0,1,19.67,14.72,SPY200930P00292000,292.0,0,0.0,0.0,,0.0,normalDay
2019-10-30,1111.0,547.0,0.0,0,304.14,0.0,1,19.67,14.2,SPY200930P00292000,292.0,0,0.0,0.0,,0.0,normalDay
2019-10-31,1111.0,493.0,0.0,0,303.33,0.0,1,19.67,14.74,SPY200930P00292000,292.0,0,0.0,0.0,,0.0,normalDay
2019-11-01,1111.0,592.0,0.0,0,306.14,0.0,1,19.67,13.75,SPY200930P00292000,292.0,0,0.0,0.0,,0.0,normalDay
2019-11-04,1111.0,633.0,0.0,0,307.37,0.0,1,19.67,13.34,SPY200930P00292000,292.0,0,0.0,0.0,,0.0,normalDay
2019-11-05,1111.0,608.0,0.0,0,307.03,0.0,1,19.67,13.59,SPY200930P00292000,292.0,0,0.0,0.0,,0.0,normalDay
2019-11-06,1111.0,607.0,0.0,0,307.1,0.0,1,19.67,13.6,SPY200930P00292000,292.0,0,0.0,0.0,,0.0,normalDay
2019-11-07,1111.0,635.0,0.0,0,308.18,0.0,1,19.67,13.32,SPY200930P00292000,292.0,0,0.0,0.0,,0.0,normalDay
2019-11-08,1111.0,664.0,0.0,0,308.94,0.0,1,19.67,13.03,SPY200930P00292000,292.0,0,0.0,0.0,,0.0,normalDay
2019-11-11,1111.0,653.0,0.0,0,308.35,0.0,1,19.67,13.14,SPY200930P00292000,292.0,0,0.0,0.0,,0.0,normalDay
2019-11-12,1111.0,664.0,0.0,0,309.0,0.0,1,19.67,13.03,SPY200930P00292000,292.0,0,0.0,0.0,,0.0,normalDay
2019-11-13,1111.0,672.0,0.0,0,309.1,0.0,1,19.67,12.95,SPY200930P00292000,292.0,0,0.0,0.0,,0.0,normalDay
2019-11-14,1111.0,684.0,0.0,0,309.55,0.0,1,19.67,12.83,SPY200930P00292000,292.0,0,0.0,0.0,,0.0,normalDay
2019-11-15,1111.0,763.0,0.0,0,311.79,0.0,1,19.67,12.04,SPY200930P00292000,292.0,0,0.0,0.0,,0.0,normalDay
2019-11-18,1111.0,773.0,0.0,0,312.02,0.0,1,19.67,11.94,SPY200930P00292000,292.0,0,0.0,0.0,,0.0,normalDay
2019-11-19,1111.0,757.0,0.0,0,311.93,0.0,1,19.67,12.1,SPY200930P00292000,292.0,0,0.0,0.0,,0.0,normalDay
2019-11-20,1111.0,710.0,0.0,0,310.77,0.0,1,19.67,12.57,SPY200930P00292000,292.0,0,0.0,0.0,,0.0,normalDay
2019-11-21,1111.0,682.0,0.0,0,310.27,0.0,1,19.67,12.85,SPY200930P00292000,292.0,0,0.0,0.0,,0.0,normalDay
2019-11-22,1111.0,718.0,0.0,0,310.96,0.0,1,19.67,12.49,SPY200930P00292000,292.0,0,0.0,0.0,,0.0,normalDay
2019-11-25,1111.0,808.0,0.0,0,313.37,0.0,1,19.67,11.59,SPY200930P00292000,292.0,0,0.0,0.0,,0.0,normalDay
2019-11-26,1111.0,847.0,0.0,0,314.08,0.0,1,19.67,11.2,SPY200930P00292000,292.0,0,0.0,0.0,,0.0,normalDay
2019-11-27,1111.0,874.0,0.0,0,315.48,0.0,1,19.67,10.93,SPY200930P00292000,292.0,0,0.0,0.0,,0.0,normalDay
2019-11-29,1111.0,832.0,0.0,0,314.31,0.0,1,19.67,11.35,SPY200930P00292000,292.0,0,0.0,0.0,,0.0,normalDay
2019-12-02,1111.0,722.0,0.0,0,311.64,0.0,1,19.67,12.45,SPY200930P00292000,292.0,0,0.0,0.0,,0.0,normalDay
2019-12-03,1111.0,633.0,0.0,0,309.55,0.0,1,19.67,13.34,SPY200930P00292000,292.0,0,0.0,0.0,,0.0,normalDay
2019-12-04,1111.0,707.0,0.0,0,311.46,0.0,1,19.67,12.6,SPY200930P00292000,292.0,0,0.0,0.0,,0.0,normalDay
2019-12-05,1111.0,746.0,0.0,0,312.02,0.0,1,19.67,12.21,SPY200930P00292000,292.0,0,0.0,0.0,,0.0,normalDay
2019-12-06,1111.0,836.0,0.0,0,314.87,0.0,1,19.67,11.31,SPY200930P00292000,292.0,0,0.0,0.0,,0.0,normalDay
2019-12-09,1111.0,783.0,0.0,0,313.88,0.0,1,19.67,11.84,SPY200930P00292000,292.0,0,0.0,0.0,,0.0,normalDay
2019-12-10,1111.0,794.0,0.0,0,313.53,0.0,1,19.67,11.73,SPY200930P00292000,292.0,0,0.0,0.0,,0.0,normalDay
2019-12-11,1111.0,833.0,0.0,0,314.42,0.0,1,19.67,11.34,SPY200930P00292000,292.0,0,0.0,0.0,,0.0,normalDay
2019-12-12,1111.0,923.0,0.0,0,317.13,0.0,1,19.67,10.44,SPY200930P00292000,292.0,0,0.0,0.0,,0.0,normalDay
2019-12-13,1111.0,969.0,0.0,0,317.32,0.0,1,19.67,9.98,SPY200930P00292000,292.0,0,0.0,0.0,,0.0,normalDay
2019-12-16,1111.0,1051.0,0.0,0,319.5,0.0,1,19.67,9.16,SPY200930P00292000,292.0,0,0.0,0.0,,0.0,normalDay
2019-12-17,1111.0,1036.0,0.0,0,319.57,0.0,1,19.67,9.31,SPY200930P00292000,292.0,0,0.0,0.0,,0.0,normalDay
2019-12-18,1111.0,1039.0,0.0,0,319.59,0.0,1,19.67,9.28,SPY200930P00292000,292.0,0,0.0,0.0,,0.0,normalDay
2019-12-19,1111.0,1068.0,0.0,0,320.9,0.0,1,19.67,8.99,SPY200930P00292000,292.0,0,0.0,0.0,,0.0,normalDay
2019-12-20,1111.0,1102.0,0.0,0,320.73,0.0,1,19.67,8.65,SPY200930P00292000,292.0,0,0.0,0.0,,0.0,normalDay
2019-12-23,1111.0,1104.0,0.0,0,321.22,0.0,1,19.67,8.63,SPY200930P00292000,292.0,0,0.0,0.0,,0.0,normalDay
2019-12-24,1111.0,1110.0,0.0,0,321.23,0.0,1,19.67,8.57,SPY200930P00292000,292.0,0,0.0,0.0,,0.0,normalDay
2019-12-26,1111.0,1148.0,0.0,0,322.94,0.0,1,19.67,8.19,SPY200930P00292000,292.0,0,0.0,0.0,,0.0,normalDay
2019-12-27,1111.0,1127.0,0.0,0,322.86,0.0,1,19.67,8.4,SPY200930P00292000,292.0,0,0.0,0.0,,0.0,normalDay
2019-12-30,1111.0,1080.0,0.0,0,321.08,0.0,1,19.67,8.87,SPY200930P00292000,292.0,0,0.0,0.0,,0.0,normalDay
2019-12-31,1111.0,1121.0,0.0,0,321.86,0.0,1,19.67,8.46,SPY200930P00292000,292.0,0,0.0,0.0,,0.0,normalDay
2020-01-02,1111.0,1202.0,0.0,0,324.87,0.0,1,19.67,7.65,SPY200930P00292000,292.0,0,0.0,0.0,,0.0,normalDay
2020-01-03,1111.0,1123.0,0.0,0,322.41,0.0,1,19.67,8.44,SPY200930P00292000,292.0,0,0.0,0.0,,0.0,normalDay
2020-01-06,1111.0,1165.0,0.0,0,323.64,0.0,1,19.67,8.02,SPY200930P00292000,292.0,0,0.0,0.0,,0.0,normalDay
2020-01-07,1111.0,1152.0,0.0,0,322.73,0.0,1,19.67,8.15,SPY200930P00292000,292.0,0,0.0,0.0,,0.0,normalDay
2020-01-08,1111.0,1211.0,0.0,0,324.45,0.0,1,19.67,7.56,SPY200930P00292000,292.0,0,0.0,0.0,,0.0,normalDay
2020-01-09,1111.0,1266.0,0.0,0,326.65,0.0,1,19.67,7.01,SPY200930P00292000,292.0,0,0.0,0.0,,0.0,normalDay
2020-01-10,1111.0,1244.0,0.0,0,325.71,0.0,1,19.67,7.23,SPY200930P00292000,292.0,0,0.0,0.0,,0.0,normalDay
2020-01-13,1111.0,1305.0,0.0,0,327.95,0.0,1,19.67,6.62,SPY200930P00292000,292.0,0,0.0,0.0,,0.0,normalDay
2020-01-14,1111.0,1312.0,0.0,0,327.45,0.0,1,19.67,6.55,SPY200930P00292000,292.0,0,0.0,0.0,,0.0,normalDay
2020-01-15,1111.0,1324.0,0.0,0,328.19,0.0,1,19.67,6.43,SPY200930P00292000,292.0,0,0.0,0.0,,0.0,normalDay
2020-01-16,1111.0,1372.0,0.0,0,330.92,0.0,1,19.67,5.95,SPY200930P00292000,292.0,0,0.0,0.0,,0.0,normalDay
2020-01-17,1111.0,1393.0,0.0,0,331.95,0.0,1,19.67,5.74,SPY200930P00292000,292.0,0,0.0,0.0,,0.0,normalDay
2020-01-21,1111.0,1379.0,0.0,0,331.3,0.0,1,19.67,5.88,SPY200930P00292000,292.0,0,0.0,0.0,,0.0,normalDay
2020-01-22,1111.0,1372.0,0.0,0,331.34,0.0,1,19.67,5.95,SPY200930P00292000,292.0,0,0.0,0.0,,0.0,normalDay
2020-01-23,1111.0,1382.0,0.0,0,331.72,0.0,1,19.67,5.85,SPY200930P00292000,292.0,0,0.0,0.0,,0.0,normalDay
2020-01-24,1111.0,1309.0,0.0,0,328.77,0.0,1,19.67,6.58,SPY200930P00292000,292.0,0,0.0,0.0,,0.0,normalDay
2020-01-27,1111.0,1151.0,0.0,0,323.5,0.0,1,19.67,8.16,SPY200930P00292000,292.0,0,0.0,0.0,,0.0,normalDay
2020-01-28,1111.0,1260.0,0.0,0,326.89,0.0,1,19.67,7.07,SPY200930P00292000,292.0,0,0.0,0.0,,0.0,normalDay
2020-01-29,1111.0,1259.0,0.0,0,326.62,0.0,1,19.67,7.08,SPY200930P00292000,292.0,0,0.0,0.0,,0.0,normalDay
2020-01-30,1111.0,1304.0,0.0,0,327.68,0.0,1,19.67,6.63,SPY200930P00292000,292.0,0,0.0,0.0,,0.0,normalDay
2020-01-31,1111.0,1134.0,0.0,0,321.73,0.0,1,19.67,8.33,SPY200930P00292000,292.0,0,0.0,0.0,,0.0,normalDay
2020-02-03,1111.0,1196.0,0.0,0,324.12,0.0,1,19.67,7.71,SPY200930P00292000,292.0,0,0.0,0.0,,0.0,normalDay
2020-02-04,1111.0,1339.0,0.0,0,329.06,0.0,1,19.67,6.28,SPY200930P00292000,292.0,0,0.0,0.0,,0.0,normalDay
2020-02-05,1111.0,1413.0,0.0,0,332.86,0.0,1,19.67,5.54,SPY200930P00292000,292.0,0,0.0,0.0,,0.0,normalDay
2020-02-06,1111.0,1425.0,0.0,0,333.98,0.0,1,19.67,5.42,SPY200930P00292000,292.0,0,0.0,0.0,,0.0,normalDay
2020-02-07,1111.0,1385.0,0.0,0,332.2,0.0,1,19.67,5.82,SPY200930P00292000,292.0,0,0.0,0.0,,0.0,normalDay
2020-02-10,1111.0,1438.0,0.0,0,334.68,0.0,1,19.67,5.29,SPY200930P00292000,292.0,0,0.0,0.0,,0.0,normalDay
2020-02-11,1111.0,1442.0,0.0,0,335.26,0.0,1,19.67,5.25,SPY200930P00292000,292.0,0,0.0,0.0,,0.0,normalDay
2020-02-12,1111.0,1483.0,0.0,0,337.42,0.0,1,19.67,4.84,SPY200930P00292000,292.0,0,0.0,0.0,,0.0,normalDay
2020-02-13,1111.0,1474.0,0.0,0,337.06,0.0,1,19.67,4.93,SPY200930P00292000,292.0,0,0.0,0.0,,0.0,normalDay
2020-02-14,1111.0,1484.0,0.0,0,337.6,0.0,1,19.67,4.83,SPY200930P00292000,292.0,0,0.0,0.0,,0.0,normalDay
2020-02-18,1111.0,1462.0,0.0,0,336.73,0.0,1,19.67,5.05,SPY200930P00292000,292.0,0,0.0,0.0,,0.0,normalDay
2020-02-19,1111.0,1487.0,0.0,0,338.34,0.0,1,19.67,4.8,SPY200930P00292000,292.0,0,0.0,0.0,,0.0,normalDay
2020-02-20,1111.0,1452.0,0.0,0,336.95,0.0,1,19.67,5.15,SPY200930P00292000,292.0,0,0.0,0.0,,0.0,normalDay
2020-02-21,1111.0,1369.0,0.0,0,333.48,0.0,1,19.67,5.98,SPY200930P00292000,292.0,0,0.0,0.0,,0.0,normalDay
2020-02-24,1111.0,1053.0,0.0,0,322.42,0.0,1,19.67,9.14,SPY200930P00292000,292.0,0,0.0,0.0,,0.0,normalDay
2020-02-25,1111.0,781.0,0.0,0,312.65,0.0,1,19.67,11.86,SPY200930P00292000,292.0,0,0.0,0.0,,0.0,normalDay
2020-02-26,1111.0,749.0,0.0,0,311.5,0.0,1,19.67,12.18,SPY200930P00292000,292.0,0,0.0,0.0,,0.0,normalDay
2020-02-27,1111.0,-75.0,0.0,0,297.51,0.0,1,19.67,20.42,SPY200930P00292000,292.0,0,0.0,0.0,,0.0,normalDay
2020-02-28,1111.0,-108.0,0.0,0,296.26,0.0,1,19.67,20.75,SPY200930P00292000,292.0,0,0.0,0.0,,0.0,normalDay
2020-03-02,1111.0,524.0,0.0,0,309.09,0.0,1,19.67,14.43,SPY200930P00292000,292.0,0,0.0,0.0,,0.0,normalDay
2020-03-03,1111.0,158.0,0.0,0,300.24,0.0,1,19.67,18.09,SPY200930P00292000,292.0,0,0.0,0.0,,0.0,normalDay
2020-03-04,1111.0,530.0,0.0,0,312.86,0.0,1,19.67,14.37,SPY200930P00292000,292.0,0,0.0,0.0,,0.0,normalDay
2020-03-05,1111.0,-40.0,0.0,0,302.46,0.0,1,19.67,20.07,SPY200930P00292000,292.0,0,0.0,0.0,,0.0,normalDay
2020-03-06,1111.0,-490.0,0.0,0,297.46,0.0,1,19.67,24.57,SPY200930P00292000,292.0,0,0.0,0.0,,0.0,normalDay
2020-03-09,1111.0,-1790.0,0.0,0,274.23,0.0,1,19.67,37.57,SPY200930P00292000,292.0,0,0.0,0.0,,0.0,normalDay
2020-03-10,1111.0,-930.0,0.0,0,288.42,0.0,1,19.67,28.97,SPY200930P00292000,292.0,0,0.0,0.0,,0.0,normalDay
2020-03-11,1111.0,-1833.0,0.0,0,274.36,0.0,1,19.67,38.0,SPY200930P00292000,292.0,0,0.0,0.0,,0.0,normalDay
2020-03-12,1111.0,-3854.0,0.0,0,248.11,0.0,1,19.67,58.21,SPY200930P00292000,292.0,0,0.0,0.0,,0.0,normalDay
2020-03-13,1111.0,-2063.0,0.0,0,269.32,0.0,1,19.67,40.3,SPY200930P00292000,292.0,0,0.0,0.0,,0.0,normalDay
2020-03-16,1111.0,-4345.0,0.0,0,239.85,0.0,1,19.67,63.12,SPY200930P00292000,292.0,0,0.0,0.0,,0.0,normalDay
2020-03-17,1111.0,-3649.0,0.0,0,252.8,0.0,1,19.67,56.16,SPY200930P00292000,292.0,0,0.0,0.0,,0.0,normalDay
2020-03-18,1111.0,-4532.0,0.0,0,240.0,0.0,1,19.67,64.99,SPY200930P00292000,292.0,0,0.0,0.0,,0.0,normalDay
2020-03-19,1111.0,-4244.0,0.0,0,240.51,0.0,1,19.67,62.11,SPY200930P00292000,292.0,0,0.0,0.0,,0.0,normalDay
2020-03-20,1111.0,-4890.0,0.0,0,228.8,0.0,1,19.67,68.57,SPY200930P00292000,292.0,0,0.0,0.0,,0.0,normalDay
2020-03-23,1111.0,-5537.0,0.0,0,222.95,0.0,1,19.67,75.04,SPY200930P00292000,292.0,0,0.0,0.0,,0.0,normalDay
2020-03-24,1111.0,-3615.0,0.0,0,243.15,0.0,1,19.67,55.82,SPY200930P00292000,292.0,0,0.0,0.0,,0.0,normalDay
2020-03-25,1111.0,-3397.0,0.0,0,246.79,0.0,1,19.67,53.64,SPY200930P00292000,292.0,0,0.0,0.0,,0.0,normalDay
2020-03-26,1111.0,-2393.0,0.0,0,261.2,0.0,1,19.67,43.6,SPY200930P00292000,292.0,0,0.0,0.0,,0.0,normalDay
2020-03-27,1111.0,-2899.0,0.0,0,253.42,0.0,1,19.67,48.66,SPY200930P00292000,292.0,0,0.0,0.0,,0.0,normalDay
2020-03-30,1111.0,-2335.0,0.0,0,261.65,0.0,1,19.67,43.02,SPY200930P00292000,292.0,0,0.0,0.0,,0.0,normalDay
2020-03-31,1111.0,-2512.0,0.0,0,257.75,0.0,1,19.67,44.79,SPY200930P00292000,292.0,0,0.0,0.0,,0.0,normalDay
2020-04-01,1111.0,-3398.0,0.0,0,246.15,0.0,1,19.67,53.65,SPY200930P00292000,292.0,0,0.0,0.0,,0.0,normalDay
2020-04-02,1111.0,-2853.0,0.0,0,251.83,0.0,1,19.67,48.2,SPY200930P00292000,292.0,0,0.0,0.0,,0.0,normalDay
2020-04-03,1111.0,-3099.0,0.0,0,248.19,0.0,1,19.67,50.66,SPY200930P00292000,292.0,0,0.0,0.0,,0.0,normalDay
2020-04-06,1111.0,-1881.0,0.0,0,264.86,0.0,1,19.67,38.48,SPY200930P00292000,292.0,0,0.0,0.0,,0.0,normalDay
2020-04-07,1111.0,-1991.0,0.0,0,265.13,0.0,1,19.67,39.58,SPY200930P00292000,292.0,0,0.0,0.0,,0.0,normalDay
2020-04-08,1111.0,-1413.0,0.0,0,274.03,0.0,1,19.67,33.8,SPY200930P00292000,292.0,0,0.0,0.0,,0.0,normalDay
2020-04-09,1111.0,-1217.0,0.0,0,278.2,0.0,1,19.67,31.84,SPY200930P00292000,292.0,0,0.0,0.0,,0.0,normalDay
2020-04-13,1111.0,-1299.0,0.0,0,275.66,0.0,1,19.67,32.66,SPY200930P00292000,292.0,0,0.0,0.0,,0.0,normalDay
2020-04-14,1111.0,-793.0,0.0,0,283.79,0.0,1,19.67,27.6,SPY200930P00292000,292.0,0,0.0,0.0,,0.0,normalDay
2020-04-15,1111.0,-1203.0,0.0,0,277.76,0.0,1,19.67,31.7,SPY200930P00292000,292.0,0,0.0,0.0,,0.0,normalDay
2020-04-16,1111.0,-1138.0,0.0,0,279.1,0.0,1,19.67,31.05,SPY200930P00292000,292.0,0,0.0,0.0,,0.0,normalDay
2020-04-17,1111.0,-715.0,0.0,0,286.64,0.0,1,19.67,26.82,SPY200930P00292000,292.0,0,0.0,0.0,,0.0,normalDay
2020-04-20,1111.0,-1085.0,0.0,0,281.59,0.0,1,19.67,30.52,SPY200930P00292000,292.0,0,0.0,0.0,,0.0,normalDay
2020-04-21,1111.0,-1588.0,0.0,0,273.04,0.0,1,19.67,35.55,SPY200930P00292000,292.0,0,0.0,0.0,,0.0,normalDay
2020-04-22,1111.0,-1254.0,0.0,0,279.1,0.0,1,19.67,32.21,SPY200930P00292000,292.0,0,0.0,0.0,,0.0,normalDay
2020-04-23,1111.0,-1233.0,0.0,0,279.08,0.0,1,19.67,32.0,SPY200930P00292000,292.0,0,0.0,0.0,,0.0,normalDay
2020-04-24,1111.0,-905.0,0.0,0,282.97,0.0,1,19.67,28.72,SPY200930P00292000,292.0,0,0.0,0.0,,0.0,normalDay
2020-04-27,1111.0,-570.0,0.0,0,287.05,0.0,1,19.67,25.37,SPY200930P00292000,292.0,0,0.0,0.0,,0.0,normalDay
2020-04-28,1111.0,-606.0,0.0,0,285.73,0.0,1,19.67,25.73,SPY200930P00292000,292.0,0,0.0,0.0,,0.0,normalDay
2020-04-29,1111.0,-204.0,0.0,0,293.21,0.0,1,19.67,21.71,SPY200930P00292000,292.0,0,0.0,0.0,,0.0,normalDay
2020-04-30,1111.0,-433.0,0.0,0,290.48,0.0,1,19.67,24.0,SPY200930P00292000,292.0,0,0.0,0.0,,0.0,normalDay
2020-05-01,1111.0,-830.0,0.0,0,282.79,0.0,1,19.67,27.97,SPY200930P00292000,292.0,0,0.0,0.0,,0.0,normalDay
2020-05-04,1111.0,-754.0,0.0,0,283.57,0.0,1,19.67,27.21,SPY200930P00292000,292.0,0,0.0,0.0,,0.0,normalDay
2020-05-05,1111.0,-570.0,0.0,0,286.19,0.0,1,19.67,25.37,SPY200930P00292000,292.0,0,0.0,0.0,,0.0,normalDay
2020-05-06,1111.0,-668.0,0.0,0,284.25,0.0,1,19.67,26.35,SPY200930P00292000,292.0,0,0.0,0.0,,0.0,normalDay
2020-05-07,1111.0,-413.0,0.0,0,287.68,0.0,1,19.67,23.8,SPY200930P00292000,292.0,0,0.0,0.0,,0.0,normalDay
2020-05-08,1111.0,-83.0,0.0,0,292.44,0.0,1,19.67,20.5,SPY200930P00292000,292.0,0,0.0,0.0,,0.0,normalDay
2020-05-11,1111.0,-58.0,0.0,0,292.5,0.0,1,19.67,20.25,SPY200930P00292000,292.0,0,0.0,0.0,,0.0,normalDay
2020-05-12,1111.0,-411.0,0.0,0,286.67,0.0,1,19.67,23.78,SPY200930P00292000,292.0,0,0.0,0.0,,0.0,normalDay
2020-05-13,1111.0,-661.0,0.0,0,281.6,0.0,1,19.67,26.28,SPY200930P00292000,292.0,0,0.0,0.0,,0.0,normalDay
2020-05-14,1111.0,-439.0,0.0,0,284.97,0.0,1,19.67,24.06,SPY200930P00292000,292.0,0,0.0,0.0,,0.0,normalDay
2020-05-15,1111.0,-387.0,0.0,0,286.28,0.0,1,19.67,23.54,SPY200930P00292000,292.0,0,0.0,0.0,,0.0,normalDay
2020-05-18,1111.0,117.0,0.0,0,295.0,0.0,1,19.67,18.5,SPY200930P00292000,292.0,0,0.0,0.0,,0.0,normalDay
2020-05-19,1111.0,-17.0,0.0,0,291.97,0.0,1,19.67,19.84,SPY200930P00292000,292.0,0,0.0,0.0,,0.0,normalDay
2020-05-20,1111.0,259.0,0.0,0,296.93,0.0,1,19.67,17.08,SPY200930P00292000,292.0,0,0.0,0.0,,0.0,normalDay
2020-05-21,1111.0,114.0,0.0,0,294.88,0.0,1,19.67,18.53,SPY200930P00292000,292.0,0,0.0,0.0,,0.0,normalDay
2020-05-22,1111.0,159.0,0.0,0,295.44,0.0,1,19.67,18.08,SPY200930P00292000,292.0,0,0.0,0.0,,0.0,normalDay
2020-05-26,1111.0,356.0,0.0,0,299.08,0.0,1,19.67,16.11,SPY200930P00292000,292.0,0,0.0,0.0,,0.0,normalDay
2020-05-27,1111.0,538.0,0.0,0,303.53,0.0,1,19.67,14.29,SPY200930P00292000,292.0,0,0.0,0.0,,0.0,normalDay
2020-05-28,1111.0,518.0,0.0,0,302.97,0.0,1,19.67,14.49,SPY200930P00292000,292.0,0,0.0,0.0,,0.0,normalDay
2020-05-29,1111.0,585.0,0.0,0,304.32,0.0,1,19.67,13.82,SPY200930P00292000,292.0,0,0.0,0.0,,0.0,normalDay
2020-06-01,1111.0,581.0,0.0,0,305.55,0.0,1,19.67,13.86,SPY200930P00292000,292.0,0,0.0,0.0,,0.0,normalDay
2020-06-02,1111.0,695.0,0.0,0,308.08,0.0,1,19.67,12.72,SPY200930P00292000,292.0,0,0.0,0.0,,0.0,normalDay
2020-06-03,1111.0,836.0,0.0,0,312.18,0.0,1,19.67,11.31,SPY200930P00292000,292.0,0,0.0,0.0,,0.0,normalDay
2020-06-04,1111.0,832.0,0.0,0,311.36,0.0,1,19.67,11.35,SPY200930P00292000,292.0,0,0.0,0.0,,0.0,normalDay
2020-06-05,1111.0,1069.0,0.0,0,319.34,0.0,1,19.67,8.98,SPY200930P00292000,292.0,0,0.0,0.0,,0.0,normalDay
2020-06-08,1111.0,1127.0,0.0,0,323.2,0.0,1,19.67,8.4,SPY200930P00292000,292.0,0,0.0,0.0,,0.0,normalDay
2020-06-09,1111.0,1031.0,0.0,0,320.79,0.0,1,19.67,9.36,SPY200930P00292000,292.0,0,0.0,0.0,,0.0,normalDay
2020-06-10,1111.0,962.0,0.0,0,319.0,0.0,1,19.67,10.05,SPY200930P00292000,292.0,0,0.0,0.0,,0.0,normalDay
2020-06-11,1111.0,52.0,0.0,0,300.61,0.0,1,19.67,19.15,SPY200930P00292000,292.0,0,0.0,0.0,,0.0,normalDay
2020-06-12,1111.0,279.0,0.0,0,304.21,0.0,1,19.67,16.88,SPY200930P00292000,292.0,0,0.0,0.0,,0.0,normalDay
2020-06-15,1111.0,474.0,0.0,0,307.05,0.0,1,19.67,14.93,SPY200930P00292000,292.0,0,0.0,0.0,,0.0,normalDay
2020-06-16,1111.0,664.0,0.0,0,312.96,0.0,1,19.67,13.03,SPY200930P00292000,292.0,0,0.0,0.0,,0.0,normalDay
2020-06-17,1111.0,656.0,0.0,0,311.66,0.0,1,19.67,13.11,SPY200930P00292000,292.0,0,0.0,0.0,,0.0,normalDay
2020-06-18,1111.0,671.0,0.0,0,311.78,0.0,1,19.67,12.96,SPY200930P00292000,292.0,0,0.0,0.0,,0.0,normalDay
2020-06-19,1111.0,542.0,0.0,0,308.64,0.0,1,19.67,14.25,SPY200930P00292000,292.0,0,0.0,0.0,,0.0,normalDay
2020-06-22,1111.0,765.0,0.0,0,310.62,0.0,1,19.67,12.02,SPY200930P00292000,292.0,0,0.0,0.0,,0.0,normalDay
2020-06-23,1111.0,812.0,0.0,0,312.05,0.0,1,19.67,11.55,SPY200930P00292000,292.0,0,0.0,0.0,,0.0,normalDay
2020-06-24,1111.0,542.0,0.0,0,304.09,0.0,1,19.67,14.25,SPY200930P00292000,292.0,0,0.0,0.0,,0.0,normalDay
2020-06-25,1111.0,719.0,0.0,0,307.35,0.0,1,19.67,12.48,SPY200930P00292000,292.0,0,0.0,0.0,,0.0,normalDay
2020-06-26,1111.0,462.0,0.0,0,300.05,0.0,1,19.67,15.05,SPY200930P00292000,292.0,0,0.0,0.0,,0.0,normalDay
2020-06-29,1111.0,673.0,0.0,0,304.46,0.0,1,19.67,12.94,SPY200930P00292000,292.0,0,0.0,0.0,,0.0,normalDay
2020-06-30,1111.0,844.0,0.0,0,308.36,0.0,1,19.67,11.23,SPY200930P00292000,292.0,0,0.0,0.0,,0.0,normalDay
2020-07-01,1111.0,943.0,0.0,0,310.52,0.0,1,19.67,10.24,SPY200930P00292000,292.0,0,0.0,0.0,,0.0,normalDay
2020-07-02,1111.0,1028.0,0.0,0,312.23,0.0,1,19.67,9.39,SPY200930P00292000,292.0,0,0.0,0.0,,0.0,normalDay
2020-07-06,1111.0,1144.0,0.0,0,317.05,0.0,1,19.67,8.23,SPY200930P00292000,292.0,0,0.0,0.0,,0.0,normalDay
2020-07-07,1111.0,1039.0,0.0,0,313.78,0.0,1,19.67,9.28,SPY200930P00292000,292.0,0,0.0,0.0,,0.0,normalDay
2020-07-08,1111.0,1133.0,0.0,0,316.18,0.0,1,19.67,8.34,SPY200930P00292000,292.0,0,0.0,0.0,,0.0,normalDay
2020-07-09,1111.0,1061.0,0.0,0,314.38,0.0,1,19.67,9.06,SPY200930P00292000,292.0,0,0.0,0.0,,0.0,normalDay
2020-07-10,1111.0,1181.0,0.0,0,317.59,0.0,1,19.67,7.86,SPY200930P00292000,292.0,0,0.0,0.0,,0.0,normalDay
2020-07-13,1111.0,1000.0,0.0,0,314.84,0.0,1,19.67,9.67,SPY200930P00292000,292.0,0,0.0,0.0,,0.0,normalDay
2020-07-14,1111.0,1177.0,0.0,0,318.92,0.0,1,19.67,7.9,SPY200930P00292000,292.0,0,0.0,0.0,,0.0,normalDay
2020-07-15,1111.0,1275.0,0.0,0,321.85,0.0,1,19.67,6.92,SPY200930P00292000,292.0,0,0.0,0.0,,0.0,normalDay
2020-07-16,1111.0,1251.0,0.0,0,320.79,0.0,1,19.67,7.16,SPY200930P00292000,292.0,0,0.0,0.0,,0.0,normalDay
2020-07-17,1111.0,1366.0,0.0,0,321.72,0.0,1,19.67,6.01,SPY200930P00292000,292.0,0,0.0,0.0,,0.0,normalDay
2020-07-20,1111.0,1461.0,0.0,0,324.32,0.0,1,19.67,5.06,SPY200930P00292000,292.0,0,0.0,0.0,,0.0,normalDay
2020-07-21,1111.0,1469.0,0.0,0,325.01,0.0,1,19.67,4.98,SPY200930P00292000,292.0,0,0.0,0.0,,0.0,normalDay
2020-07-22,1111.0,1506.0,0.0,0,326.86,0.0,1,19.67,4.61,SPY200930P00292000,292.0,0,0.0,0.0,,0.0,normalDay
2020-07-23,1111.0,1411.0,0.0,0,322.96,0.0,1,19.67,5.56,SPY200930P00292000,292.0,0,0.0,0.0,,0.0,normalDay
2020-07-24,1111.0,1409.0,0.0,0,320.88,0.0,1,19.67,5.58,SPY200930P00292000,292.0,0,0.0,0.0,,0.0,normalDay
2020-07-27,1111.0,1489.0,0.0,0,323.22,0.0,1,19.67,4.78,SPY200930P00292000,292.0,0,0.0,0.0,,0.0,normalDay
2020-07-28,1111.0,1452.0,0.0,0,321.17,0.0,1,19.67,5.15,SPY200930P00292000,292.0,0,0.0,0.0,,0.0,normalDay
2020-07-29,1111.0,1540.0,0.0,0,325.12,0.0,1,19.67,4.27,SPY200930P00292000,292.0,0,0.0,0.0,,0.0,normalDay
2020-07-30,1111.0,1507.0,0.0,0,323.96,0.0,1,19.67,4.6,SPY200930P00292000,292.0,0,0.0,0.0,,0.0,normalDay
2020-07-31,1111.0,1568.0,0.0,0,326.52,0.0,1,19.67,3.99,SPY200930P00292000,292.0,0,0.0,0.0,,0.0,normalDay
2020-08-03,1111.0,1611.0,0.0,0,328.79,0.0,1,19.67,3.56,SPY200930P00292000,292.0,0,0.0,0.0,,0.0,normalDay
2020-08-04,1111.0,1646.0,0.0,0,330.06,0.0,1,19.67,3.21,SPY200930P00292000,292.0,0,0.0,0.0,,0.0,normalDay
2020-08-05,1111.0,1686.0,0.0,0,332.11,0.0,1,19.67,2.81,SPY200930P00292000,292.0,0,0.0,0.0,,0.0,normalDay
2020-08-06,1111.0,1713.0,0.0,0,334.33,0.0,1,19.67,2.54,SPY200930P00292000,292.0,0,0.0,0.0,,0.0,normalDay
2020-08-07,1111.0,1722.0,0.0,0,334.57,0.0,1,19.67,2.45,SPY200930P00292000,292.0,0,0.0,0.0,,0.0,normalDay
2020-08-10,1111.0,1747.0,0.0,0,335.57,0.0,1,19.67,2.2,SPY200930P00292000,292.0,0,0.0,0.0,,0.0,normalDay
2020-08-11,1111.0,1695.0,0.0,0,332.8,0.0,1,19.67,2.72,SPY200930P00292000,292.0,0,0.0,0.0,,0.0,normalDay
2020-08-12,1111.0,1765.0,0.0,0,337.44,0.0,1,19.67,2.02,SPY200930P00292000,292.0,0,0.0,0.0,,0.0,normalDay
2020-08-13,1111.0,1765.0,0.0,0,336.83,0.0,1,19.67,2.02,SPY200930P00292000,292.0,0,0.0,0.0,,0.0,normalDay
2020-08-14,1111.0,1776.0,0.0,0,336.84,0.0,1,19.67,1.91,SPY200930P00292000,292.0,0,0.0,0.0,,0.0,normalDay
2020-08-17,1111.0,1809.0,0.0,0,337.91,0.0,1,19.67,1.58,SPY200930P00292000,292.0,0,0.0,0.0,,0.0,normalDay
2020-08-18,1111.0,1819.0,0.0,0,338.64,0.0,1,19.67,1.48,SPY200930P00292000,292.0,0,0.0,0.0,,0.0,normalDay
2020-08-19,1111.0,1804.0,0.0,0,337.23,0.0,1,19.67,1.63,SPY200930P00292000,292.0,0,0.0,0.0,,0.0,normalDay
2020-08-20,1111.0,1814.0,0.0,0,338.28,0.0,1,19.67,1.53,SPY200930P00292000,292.0,0,0.0,0.0,,0.0,normalDay
2020-08-21,1111.0,1829.0,0.0,0,339.48,0.0,1,19.67,1.38,SPY200930P00292000,292.0,0,0.0,0.0,,0.0,normalDay
2020-08-24,1111.0,1855.0,0.0,0,342.92,0.0,1,19.67,1.12,SPY200930P00292000,292.0,0,0.0,0.0,,0.0,normalDay
2020-08-25,1111.0,1870.0,0.0,0,344.12,0.0,1,19.67,0.97,SPY200930P00292000,292.0,0,0.0,0.0,,0.0,normalDay
2020-08-26,1111.0,1873.0,0.0,0,347.57,0.0,1,19.67,0.94,SPY200930P00292000,292.0,0,0.0,0.0,,0.0,normalDay
2020-08-27,1111.0,1868.0,0.0,0,348.33,0.0,1,19.67,0.99,SPY200930P00292000,292.0,0,0.0,0.0,,0.0,normalDay
2020-08-28,1111.0,1890.0,0.0,0,350.58,0.0,1,19.67,0.77,SPY200930P00292000,292.0,0,0.0,0.0,,0.0,normalDay
2020-08-31,1111.0,1871.0,0.0,0,349.31,0.0,1,19.67,0.96,SPY200930P00292000,292.0,0,0.0,0.0,,0.0,normalDay
2020-09-01,1111.0,1882.0,0.0,0,352.6,0.0,1,19.67,0.85,SPY200930P00292000,292.0,0,0.0,0.0,,0.0,normalDay
2020-09-02,1111.0,1898.0,0.0,0,357.7,0.0,1,19.67,0.69,SPY200930P00292000,292.0,0,0.0,0.0,,0.0,normalDay
2020-09-03,1111.0,1819.0,0.0,0,345.39,0.0,1,19.67,1.48,SPY200930P00292000,292.0,0,0.0,0.0,,0.0,normalDay
2020-09-04,1111.0,1834.0,0.0,0,342.57,0.0,1,19.67,1.33,SPY200930P00292000,292.0,0,0.0,0.0,,0.0,normalDay
2020-09-08,1111.0,1822.0,0.0,0,333.21,0.0,1,19.67,1.45,SPY200930P00292000,292.0,0,0.0,0.0,,0.0,normalDay
2020-09-09,1111.0,1880.0,0.0,0,339.79,0.0,1,19.67,0.87,SPY200930P00292000,292.0,0,0.0,0.0,,0.0,normalDay
2020-09-10,1111.0,1862.0,0.0,0,333.89,0.0,1,19.67,1.05,SPY200930P00292000,292.0,0,0.0,0.0,,0.0,normalDay
2020-09-11,1111.0,1902.0,0.0,0,334.06,0.0,1,19.67,0.65,SPY200930P00292000,292.0,0,0.0,0.0,,0.0,normalDay
2020-09-14,1111.0,1933.0,0.0,0,338.46,0.0,1,19.67,0.34,SPY200930P00292000,292.0,0,0.0,0.0,,0.0,normalDay
2020-09-15,1111.0,1938.0,0.0,0,340.17,0.0,1,19.67,0.29,SPY200930P00292000,292.0,0,0.0,0.0,,0.0,normalDay
2020-09-16,1111.0,1938.0,0.0,0,338.82,0.0,1,19.67,0.29,SPY200930P00292000,292.0,0,0.0,0.0,,0.0,normalDay
2020-09-17,1111.0,1937.0,0.0,0,335.84,0.0,1,19.67,0.3,SPY200930P00292000,292.0,0,0.0,0.0,,0.0,normalDay
2020-09-18,1111.0,1941.0,0.0,0,330.65,0.0,1,19.67,0.26,SPY200930P00292000,292.0,0,0.0,0.0,,0.0,normalDay
2020-09-21,1111.0,1945.0,0.0,0,326.97,0.0,1,19.67,0.22,SPY200930P00292000,292.0,0,0.0,0.0,,0.0,normalDay
2020-09-22,1111.0,1956.0,0.0,0,330.3,0.0,1,19.67,0.11,SPY200930P00292000,292.0,0,0.0,0.0,,0.0,normalDay
2020-09-23,1111.0,1949.0,0.0,0,322.64,0.0,1,19.67,0.18,SPY200930P00292000,292.0,0,0.0,0.0,,0.0,normalDay
2020-09-24,1111.0,1955.0,0.0,0,323.5,0.0,1,19.67,0.12,SPY200930P00292000,292.0,0,0.0,0.0,,0.0,normalDay
2020-09-25,1111.0,1963.0,0.0,0,328.73,0.0,1,19.67,0.04,SPY200930P00292000,292.0,0,0.0,0.0,,0.0,normalDay
2020-09-28,1111.0,1965.0,0.0,0,334.19,0.0,1,19.67,0.02,SPY200930P00292000,292.0,0,0.0,0.0,,0.0,normalDay
2020-09-29,1111.0,1966.0,0.0,0,332.37,0.0,1,19.67,0.01,SPY200930P00292000,292.0,0,0.0,0.0,,0.0,normalDay
2020-09-30,3078.0,0.0,1967.0,0,334.89,0.0,1,19.67,0.0,SPY200930P00292000,292.0,0,0.0,0.0,,0.0,expirationDay
2020-10-01,3078.0,-102.0,0.0,0,337.04,0.0,1,26.74,27.76,SPY210930P00319000,319.0,0,0.0,0.0,,0.0,normalDay
2020-10-02,3078.0,-227.0,0.0,0,333.84,0.0,1,26.74,29.01,SPY210930P00319000,319.0,0,0.0,0.0,,0.0,normalDay
2020-10-05,3078.0,10.0,0.0,0,339.76,0.0,1,26.74,26.64,SPY210930P00319000,319.0,0,0.0,0.0,,0.0,normalDay
2020-10-06,3078.0,-166.0,0.0,0,334.93,0.0,1,26.74,28.4,SPY210930P00319000,319.0,0,0.0,0.0,,0.0,normalDay
2020-10-07,3078.0,88.0,0.0,0,340.76,0.0,1,26.74,25.86,SPY210930P00319000,319.0,0,0.0,0.0,,0.0,normalDay
2020-10-08,3078.0,222.0,0.0,0,343.78,0.0,1,26.74,24.52,SPY210930P00319000,319.0,0,0.0,0.0,,0.0,normalDay
2020-10-09,3078.0,377.0,0.0,0,346.85,0.0,1,26.74,22.97,SPY210930P00319000,319.0,0,0.0,0.0,,0.0,normalDay
2020-10-12,3078.0,551.0,0.0,0,352.43,0.0,1,26.74,21.23,SPY210930P00319000,319.0,0,0.0,0.0,,0.0,normalDay
2020-10-13,3078.0,477.0,0.0,0,350.13,0.0,1,26.74,21.97,SPY210930P00319000,319.0,0,0.0,0.0,,0.0,normalDay
2020-10-14,3078.0,434.0,0.0,0,347.93,0.0,1,26.74,22.4,SPY210930P00319000,319.0,0,0.0,0.0,,0.0,normalDay
2020-10-15,3078.0,417.0,0.0,0,347.5,0.0,1,26.74,22.57,SPY210930P00319000,319.0,0,0.0,0.0,,0.0,normalDay
2020-10-16,3078.0,374.0,0.0,0,347.29,0.0,1,26.74,23.0,SPY210930P00319000,319.0,0,0.0,0.0,,0.0,normalDay
2020-10-19,3078.0,181.0,0.0,0,342.01,0.0,1,26.74,24.93,SPY210930P00319000,319.0,0,0.0,0.0,,0.0,normalDay
2020-10-20,3078.0,205.0,0.0,0,343.38,0.0,1,26.74,24.69,SPY210930P00319000,319.0,0,0.0,0.0,,0.0,normalDay
2020-10-21,3078.0,263.0,0.0,0,342.73,0.0,1,26.74,24.11,SPY210930P00319000,319.0,0,0.0,0.0,,0.0,normalDay
2020-10-22,3078.0,337.0,0.0,0,344.61,0.0,1,26.74,23.37,SPY210930P00319000,319.0,0,0.0,0.0,,0.0,normalDay
2020-10-23,3078.0,391.0,0.0,0,345.78,0.0,1,26.74,22.83,SPY210930P00319000,319.0,0,0.0,0.0,,0.0,normalDay
2020-10-26,3078.0,122.0,0.0,0,339.39,0.0,1,26.74,25.52,SPY210930P00319000,319.0,0,0.0,0.0,,0.0,normalDay
2020-10-27,3078.0,117.0,0.0,0,338.22,0.0,1,26.74,25.57,SPY210930P00319000,319.0,0,0.0,0.0,,0.0,normalDay
2020-10-28,3078.0,-477.0,0.0,0,326.66,0.0,1,26.74,31.51,SPY210930P00319000,319.0,0,0.0,0.0,,0.0,normalDay
2020-10-29,3078.0,-243.0,0.0,0,329.98,0.0,1,26.74,29.17,SPY210930P00319000,319.0,0,0.0,0.0,,0.0,normalDay
2020-10-30,3078.0,-341.0,0.0,0,326.54,0.0,1,26.74,30.15,SPY210930P00319000,319.0,0,0.0,0.0,,0.0,normalDay
2020-11-02,3078.0,-111.0,0.0,0,330.2,0.0,1,26.74,27.85,SPY210930P00319000,319.0,0,0.0,0.0,,0.0,normalDay
2020-11-03,3078.0,106.0,0.0,0,336.03,0.0,1,26.74,25.68,SPY210930P00319000,319.0,0,0.0,0.0,,0.0,normalDay
2020-11-04,3078.0,466.0,0.0,0,343.54,0.0,1,26.74,22.08,SPY210930P00319000,319.0,0,0.0,0.0,,0.0,normalDay
2020-11-05,3078.0,612.0,0.0,0,350.24,0.0,1,26.74,20.62,SPY210930P00319000,319.0,0,0.0,0.0,,0.0,normalDay
2020-11-06,3078.0,666.0,0.0,0,350.16,0.0,1,26.74,20.08,SPY210930P00319000,319.0,0,0.0,0.0,,0.0,normalDay
2020-11-09,3078.0,855.0,0.0,0,354.56,0.0,1,26.74,18.19,SPY210930P00319000,319.0,0,0.0,0.0,,0.0,normalDay
2020-11-10,3078.0,848.0,0.0,0,354.04,0.0,1,26.74,18.26,SPY210930P00319000,319.0,0,0.0,0.0,,0.0,normalDay
2020-11-11,3078.0,927.0,0.0,0,356.67,0.0,1,26.74,17.47,SPY210930P00319000,319.0,0,0.0,0.0,,0.0,normalDay
2020-11-12,3078.0,789.0,0.0,0,353.21,0.0,1,26.74,18.85,SPY210930P00319000,319.0,0,0.0,0.0,,0.0,normalDay
2020-11-13,3078.0,941.0,0.0,0,358.1,0.0,1,26.74,17.33,SPY210930P00319000,319.0,0,0.0,0.0,,0.0,normalDay
2020-11-16,3078.0,1035.0,0.0,0,362.57,0.0,1,26.74,16.39,SPY210930P00319000,319.0,0,0.0,0.0,,0.0,normalDay
2020-11-17,3078.0,994.0,0.0,0,360.62,0.0,1,26.74,16.8,SPY210930P00319000,319.0,0,0.0,0.0,,0.0,normalDay
2020-11-18,3078.0,878.0,0.0,0,356.28,0.0,1,26.74,17.96,SPY210930P00319000,319.0,0,0.0,0.0,,0.0,normalDay
2020-11-19,3078.0,946.0,0.0,0,357.78,0.0,1,26.74,17.28,SPY210930P00319000,319.0,0,0.0,0.0,,0.0,normalDay
2020-11-20,3078.0,861.0,0.0,0,355.33,0.0,1,26.74,18.13,SPY210930P00319000,319.0,0,0.0,0.0,,0.0,normalDay
2020-11-23,3078.0,953.0,0.0,0,357.46,0.0,1,26.74,17.21,SPY210930P00319000,319.0,0,0.0,0.0,,0.0,normalDay
2020-11-24,3078.0,1101.0,0.0,0,363.22,0.0,1,26.74,15.73,SPY210930P00319000,319.0,0,0.0,0.0,,0.0,normalDay
2020-11-25,3078.0,1099.0,0.0,0,362.66,0.0,1,26.74,15.75,SPY210930P00319000,319.0,0,0.0,0.0,,0.0,normalDay
2020-11-27,3078.0,1076.0,0.0,0,363.67,0.0,1,26.74,15.98,SPY210930P00319000,319.0,0,0.0,0.0,,0.0,normalDay
2020-11-30,3078.0,1133.0,0.0,0,362.06,0.0,1,26.74,15.41,SPY210930P00319000,319.0,0,0.0,0.0,,0.0,normalDay
2020-12-01,3078.0,1182.0,0.0,0,366.02,0.0,1,26.74,14.92,SPY210930P00319000,319.0,0,0.0,0.0,,0.0,normalDay
2020-12-02,3078.0,1200.0,0.0,0,366.79,0.0,1,26.74,14.74,SPY210930P00319000,319.0,0,0.0,0.0,,0.0,normalDay
2020-12-03,3078.0,1194.0,0.0,0,366.69,0.0,1,26.74,14.8,SPY210930P00319000,319.0,0,0.0,0.0,,0.0,normalDay
2020-12-04,3078.0,1260.0,0.0,0,369.85,0.0,1,26.74,14.14,SPY210930P00319000,319.0,0,0.0,0.0,,0.0,normalDay
2020-12-07,3078.0,1228.0,0.0,0,369.09,0.0,1,26.74,14.46,SPY210930P00319000,319.0,0,0.0,0.0,,0.0,normalDay
2020-12-08,3078.0,1288.0,0.0,0,370.17,0.0,1,26.74,13.86,SPY210930P00319000,319.0,0,0.0,0.0,,0.0,normalDay
2020-12-09,3078.0,1192.0,0.0,0,366.85,0.0,1,26.74,14.82,SPY210930P00319000,319.0,0,0.0,0.0,,0.0,normalDay
2020-12-10,3078.0,1181.0,0.0,0,366.73,0.0,1,26.74,14.93,SPY210930P00319000,319.0,0,0.0,0.0,,0.0,normalDay
2020-12-11,3078.0,1145.0,0.0,0,366.3,0.0,1,26.74,15.29,SPY210930P00319000,319.0,0,0.0,0.0,,0.0,normalDay
2020-12-14,3078.0,1093.0,0.0,0,364.66,0.0,1,26.74,15.81,SPY210930P00319000,319.0,0,0.0,0.0,,0.0,normalDay
2020-12-15,3078.0,1204.0,0.0,0,369.59,0.0,1,26.74,14.7,SPY210930P00319000,319.0,0,0.0,0.0,,0.0,normalDay
2020-12-16,3078.0,1235.0,0.0,0,370.17,0.0,1,26.74,14.39,SPY210930P00319000,319.0,0,0.0,0.0,,0.0,normalDay
2020-12-17,3078.0,1300.0,0.0,0,372.24,0.0,1,26.74,13.74,SPY210930P00319000,319.0,0,0.0,0.0,,0.0,normalDay
2020-12-18,3078.0,1292.0,0.0,0,369.18,0.0,1,26.74,13.82,SPY210930P00319000,319.0,0,0.0,0.0,,0.0,normalDay
2020-12-21,3078.0,1183.0,0.0,0,367.86,0.0,1,26.74,14.91,SPY210930P00319000,319.0,0,0.0,0.0,,0.0,normalDay
2020-12-22,3078.0,1181.0,0.0,0,367.24,0.0,1,26.74,14.93,SPY210930P00319000,319.0,0,0.0,0.0,,0.0,normalDay
2020-12-23,3078.0,1227.0,0.0,0,367.57,0.0,1,26.74,14.47,SPY210930P00319000,319.0,0,0.0,0.0,,0.0,normalDay
2020-12-24,3078.0,1295.0,0.0,0,369.0,0.0,1,26.74,13.79,SPY210930P00319000,319.0,0,0.0,0.0,,0.0,normalDay
2020-12-28,3078.0,1367.0,0.0,0,372.17,0.0,1,26.74,13.07,SPY210930P00319000,319.0,0,0.0,0.0,,0.0,normalDay
2020-12-29,3078.0,1299.0,0.0,0,371.46,0.0,1,26.74,13.75,SPY210930P00319000,319.0,0,0.0,0.0,,0.0,normalDay
2020-12-30,3078.0,1340.0,0.0,0,371.99,0.0,1,26.74,13.34,SPY210930P00319000,319.0,0,0.0,0.0,,0.0,normalDay
2020-12-31,3078.0,1382.0,0.0,0,373.88,0.0,1,26.74,12.92,SPY210930P00319000,319.0,0,0.0,0.0,,0.0,normalDay
2021-01-04,3078.0,1220.0,0.0,0,368.79,0.0,1,26.74,14.54,SPY210930P00319000,319.0,0,0.0,0.0,,0.0,normalDay
2021-01-05,3078.0,1294.0,0.0,0,371.33,0.0,1,26.74,13.8,SPY210930P00319000,319.0,0,0.0,0.0,,0.0,normalDay
2021-01-06,3078.0,1333.0,0.0,0,373.55,0.0,1,26.74,13.41,SPY210930P00319000,319.0,0,0.0,0.0,,0.0,normalDay
2021-01-07,3078.0,1501.0,0.0,0,379.1,0.0,1,26.74,11.73,SPY210930P00319000,319.0,0,0.0,0.0,,0.0,normalDay
2021-01-08,3078.0,1540.0,0.0,0,381.26,0.0,1,26.74,11.34,SPY210930P00319000,319.0,0,0.0,0.0,,0.0,normalDay
2021-01-11,3078.0,1430.0,0.0,0,378.69,0.0,1,26.74,12.44,SPY210930P00319000,319.0,0,0.0,0.0,,0.0,normalDay
2021-01-12,3078.0,1459.0,0.0,0,378.77,0.0,1,26.74,12.15,SPY210930P00319000,319.0,0,0.0,0.0,,0.0,normalDay
2021-01-13,3078.0,1501.0,0.0,0,379.79,0.0,1,26.74,11.73,SPY210930P00319000,319.0,0,0.0,0.0,,0.0,normalDay
2021-01-14,3078.0,1443.0,0.0,0,378.46,0.0,1,26.74,12.31,SPY210930P00319000,319.0,0,0.0,0.0,,0.0,normalDay
2021-01-15,3078.0,1357.0,0.0,0,375.7,0.0,1,26.74,13.17,SPY210930P00319000,319.0,0,0.0,0.0,,0.0,normalDay
2021-01-19,3078.0,1449.0,0.0,0,378.65,0.0,1,26.74,12.25,SPY210930P00319000,319.0,0,0.0,0.0,,0.0,normalDay
2021-01-20,3078.0,1559.0,0.0,0,383.89,0.0,1,26.74,11.15,SPY210930P00319000,319.0,0,0.0,0.0,,0.0,normalDay
2021-01-21,3078.0,1553.0,0.0,0,384.24,0.0,1,26.74,11.21,SPY210930P00319000,319.0,0,0.0,0.0,,0.0,normalDay
2021-01-22,3078.0,1525.0,0.0,0,382.88,0.0,1,26.74,11.49,SPY210930P00319000,319.0,0,0.0,0.0,,0.0,normalDay
2021-01-25,3078.0,1511.0,0.0,0,384.39,0.0,1,26.74,11.63,SPY210930P00319000,319.0,0,0.0,0.0,,0.0,normalDay
2021-01-26,3078.0,1498.0,0.0,0,383.79,0.0,1,26.74,11.76,SPY210930P00319000,319.0,0,0.0,0.0,,0.0,normalDay
2021-01-27,3078.0,1071.0,0.0,0,374.41,0.0,1,26.74,16.03,SPY210930P00319000,319.0,0,0.0,0.0,,0.0,normalDay
2021-01-28,3078.0,1227.0,0.0,0,377.63,0.0,1,26.74,14.47,SPY210930P00319000,319.0,0,0.0,0.0,,0.0,normalDay
2021-01-29,3078.0,980.0,0.0,0,370.07,0.0,1,26.74,16.94,SPY210930P00319000,319.0,0,0.0,0.0,,0.0,normalDay
2021-02-01,3078.0,1199.0,0.0,0,376.23,0.0,1,26.74,14.75,SPY210930P00319000,319.0,0,0.0,0.0,,0.0,normalDay
2021-02-02,3078.0,1414.0,0.0,0,381.55,0.0,1,26.74,12.6,SPY210930P00319000,319.0,0,0.0,0.0,,0.0,normalDay
2021-02-03,3078.0,1472.0,0.0,0,381.85,0.0,1,26.74,12.02,SPY210930P00319000,319.0,0,0.0,0.0,,0.0,normalDay
2021-02-04,3078.0,1565.0,0.0,0,386.19,0.0,1,26.74,11.09,SPY210930P00319000,319.0,0,0.0,0.0,,0.0,normalDay
2021-02-05,3078.0,1576.0,0.0,0,387.71,0.0,1,26.74,10.98,SPY210930P00319000,319.0,0,0.0,0.0,,0.0,normalDay
2021-02-08,3078.0,1627.0,0.0,0,390.51,0.0,1,26.74,10.47,SPY210930P00319000,319.0,0,0.0,0.0,,0.0,normalDay
2021-02-09,3078.0,1618.0,0.0,0,390.25,0.0,1,26.74,10.56,SPY210930P00319000,319.0,0,0.0,0.0,,0.0,normalDay
2021-02-10,3078.0,1592.0,0.0,0,390.08,0.0,1,26.74,10.82,SPY210930P00319000,319.0,0,0.0,0.0,,0.0,normalDay
2021-02-11,3078.0,1611.0,0.0,0,390.71,0.0,1,26.74,10.63,SPY210930P00319000,319.0,0,0.0,0.0,,0.0,normalDay
2021-02-12,3078.0,1661.0,0.0,0,392.64,0.0,1,26.74,10.13,SPY210930P00319000,319.0,0,0.0,0.0,,0.0,normalDay
2021-02-16,3078.0,1627.0,0.0,0,392.3,0.0,1,26.74,10.47,SPY210930P00319000,319.0,0,0.0,0.0,,0.0,normalDay
2021-02-17,3078.0,1639.0,0.0,0,392.39,0.0,1,26.74,10.35,SPY210930P00319000,319.0,0,0.0,0.0,,0.0,normalDay
2021-02-18,3078.0,1601.0,0.0,0,390.72,0.0,1,26.74,10.73,SPY210930P00319000,319.0,0,0.0,0.0,,0.0,normalDay
2021-02-19,3078.0,1609.0,0.0,0,390.03,0.0,1,26.74,10.65,SPY210930P00319000,319.0,0,0.0,0.0,,0.0,normalDay
2021-02-22,3078.0,1556.0,0.0,0,387.03,0.0,1,26.74,11.18,SPY210930P00319000,319.0,0,0.0,0.0,,0.0,normalDay
2021-02-23,3078.0,1595.0,0.0,0,387.5,0.0,1,26.74,10.79,SPY210930P00319000,319.0,0,0.0,0.0,,0.0,normalDay
2021-02-24,3078.0,1702.0,0.0,0,391.77,0.0,1,26.74,9.72,SPY210930P00319000,319.0,0,0.0,0.0,,0.0,normalDay
2021-02-25,3078.0,1459.0,0.0,0,382.33,0.0,1,26.74,12.15,SPY210930P00319000,319.0,0,0.0,0.0,,0.0,normalDay
2021-02-26,3078.0,1486.0,0.0,0,380.36,0.0,1,26.74,11.88,SPY210930P00319000,319.0,0,0.0,0.0,,0.0,normalDay
2021-03-01,3078.0,1706.0,0.0,0,389.58,0.0,1,26.74,9.68,SPY210930P00319000,319.0,0,0.0,0.0,,0.0,normalDay
2021-03-02,3078.0,1650.0,0.0,0,386.54,0.0,1,26.74,10.24,SPY210930P00319000,319.0,0,0.0,0.0,,0.0,normalDay
2021-03-03,3078.0,1550.0,0.0,0,381.42,0.0,1,26.74,11.24,SPY210930P00319000,319.0,0,0.0,0.0,,0.0,normalDay
2021-03-04,3078.0,1469.0,0.0,0,376.7,0.0,1,26.74,12.05,SPY210930P00319000,319.0,0,0.0,0.0,,0.0,normalDay
2021-03-05,3078.0,1659.0,0.0,0,383.63,0.0,1,26.74,10.15,SPY210930P00319000,319.0,0,0.0,0.0,,0.0,normalDay
2021-03-08,3078.0,1648.0,0.0,0,381.72,0.0,1,26.74,10.26,SPY210930P00319000,319.0,0,0.0,0.0,,0.0,normalDay
2021-03-09,3078.0,1743.0,0.0,0,387.17,0.0,1,26.74,9.31,SPY210930P00319000,319.0,0,0.0,0.0,,0.0,normalDay
2021-03-10,3078.0,1793.0,0.0,0,389.58,0.0,1,26.74,8.81,SPY210930P00319000,319.0,0,0.0,0.0,,0.0,normalDay
2021-03-11,3078.0,1852.0,0.0,0,393.53,0.0,1,26.74,8.22,SPY210930P00319000,319.0,0,0.0,0.0,,0.0,normalDay
2021-03-12,3078.0,1883.0,0.0,0,394.06,0.0,1,26.74,7.91,SPY210930P00319000,319.0,0,0.0,0.0,,0.0,normalDay
2021-03-15,3078.0,1928.0,0.0,0,396.41,0.0,1,26.74,7.46,SPY210930P00319000,319.0,0,0.0,0.0,,0.0,normalDay
2021-03-16,3078.0,1931.0,0.0,0,395.91,0.0,1,26.74,7.43,SPY210930P00319000,319.0,0,0.0,0.0,,0.0,normalDay
2021-03-17,3078.0,1985.0,0.0,0,397.26,0.0,1,26.74,6.89,SPY210930P00319000,319.0,0,0.0,0.0,,0.0,normalDay
2021-03-18,3078.0,1903.0,0.0,0,391.48,0.0,1,26.74,7.71,SPY210930P00319000,319.0,0,0.0,0.0,,0.0,normalDay
2021-03-19,3078.0,1902.0,0.0,0,389.48,0.0,1,26.74,7.72,SPY210930P00319000,319.0,0,0.0,0.0,,0.0,normalDay
2021-03-22,3078.0,2013.0,0.0,0,392.59,0.0,1,26.74,6.61,SPY210930P00319000,319.0,0,0.0,0.0,,0.0,normalDay
2021-03-23,3078.0,1962.0,0.0,0,389.5,0.0,1,26.74,7.12,SPY210930P00319000,319.0,0,0.0,0.0,,0.0,normalDay
2021-03-24,3078.0,1924.0,0.0,0,387.52,0.0,1,26.74,7.5,SPY210930P00319000,319.0,0,0.0,0.0,,0.0,normalDay
2021-03-25,3078.0,1991.0,0.0,0,389.7,0.0,1,26.74,6.83,SPY210930P00319000,319.0,0,0.0,0.0,,0.0,normalDay
2021-03-26,3078.0,2074.0,0.0,0,395.98,0.0,1,26.74,6.0,SPY210930P00319000,319.0,0,0.0,0.0,,0.0,normalDay
2021-03-29,3078.0,2065.0,0.0,0,395.78,0.0,1,26.74,6.09,SPY210930P00319000,319.0,0,0.0,0.0,,0.0,normalDay
2021-03-30,3078.0,2093.0,0.0,0,394.73,0.0,1,26.74,5.81,SPY210930P00319000,319.0,0,0.0,0.0,,0.0,normalDay
2021-03-31,3078.0,2127.0,0.0,0,396.33,0.0,1,26.74,5.47,SPY210930P00319000,319.0,0,0.0,0.0,,0.0,normalDay
2021-04-01,3078.0,2193.0,0.0,0,400.61,0.0,1,26.74,4.81,SPY210930P00319000,319.0,0,0.0,0.0,,0.0,normalDay
2021-04-05,3078.0,2250.0,0.0,0,406.36,0.0,1,26.74,4.24,SPY210930P00319000,319.0,0,0.0,0.0,,0.0,normalDay
2021-04-06,3078.0,2248.0,0.0,0,406.12,0.0,1,26.74,4.26,SPY210930P00319000,319.0,0,0.0,0.0,,0.0,normalDay
2021-04-07,3078.0,2270.0,0.0,0,406.59,0.0,1,26.74,4.04,SPY210930P00319000,319.0,0,0.0,0.0,,0.0,normalDay
2021-04-08,3078.0,2284.0,0.0,0,408.52,0.0,1,26.74,3.9,SPY210930P00319000,319.0,0,0.0,0.0,,0.0,normalDay
2021-04-09,3078.0,2292.0,0.0,0,411.49,0.0,1,26.74,3.82,SPY210930P00319000,319.0,0,0.0,0.0,,0.0,normalDay
2021-04-12,3078.0,2298.0,0.0,0,411.64,0.0,1,26.74,3.76,SPY210930P00319000,319.0,0,0.0,0.0,,0.0,normalDay
2021-04-13,3078.0,2313.0,0.0,0,412.86,0.0,1,26.74,3.61,SPY210930P00319000,319.0,0,0.0,0.0,,0.0,normalDay
2021-04-14,3078.0,2300.0,0.0,0,411.45,0.0,1,26.74,3.74,SPY210930P00319000,319.0,0,0.0,0.0,,0.0,normalDay
2021-04-15,3078.0,2328.0,0.0,0,415.87,0.0,1,26.74,3.46,SPY210930P00319000,319.0,0,0.0,0.0,,0.0,normalDay
2021-04-16,3078.0,2335.0,0.0,0,417.26,0.0,1,26.74,3.39,SPY210930P00319000,319.0,0,0.0,0.0,,0.0,normalDay
2021-04-19,3078.0,2315.0,0.0,0,415.21,0.0,1,26.74,3.59,SPY210930P00319000,319.0,0,0.0,0.0,,0.0,normalDay
2021-04-20,3078.0,2283.0,0.0,0,412.17,0.0,1,26.74,3.91,SPY210930P00319000,319.0,0,0.0,0.0,,0.0,normalDay
2021-04-21,3078.0,2324.0,0.0,0,416.07,0.0,1,26.74,3.5,SPY210930P00319000,319.0,0,0.0,0.0,,0.0,normalDay
2021-04-22,3078.0,2276.0,0.0,0,412.27,0.0,1,26.74,3.98,SPY210930P00319000,319.0,0,0.0,0.0,,0.0,normalDay
2021-04-23,3078.0,2329.0,0.0,0,416.74,0.0,1,26.74,3.45,SPY210930P00319000,319.0,0,0.0,0.0,,0.0,normalDay
2021-04-26,3078.0,2339.0,0.0,0,417.61,0.0,1,26.74,3.35,SPY210930P00319000,319.0,0,0.0,0.0,,0.0,normalDay
2021-04-27,3078.0,2345.0,0.0,0,417.52,0.0,1,26.74,3.29,SPY210930P00319000,319.0,0,0.0,0.0,,0.0,normalDay
2021-04-28,3078.0,2355.0,0.0,0,417.4,0.0,1,26.74,3.19,SPY210930P00319000,319.0,0,0.0,0.0,,0.0,normalDay
2021-04-29,3078.0,2361.0,0.0,0,420.06,0.0,1,26.74,3.13,SPY210930P00319000,319.0,0,0.0,0.0,,0.0,normalDay
2021-04-30,3078.0,2337.0,0.0,0,417.3,0.0,1,26.74,3.37,SPY210930P00319000,319.0,0,0.0,0.0,,0.0,normalDay
2021-05-03,3078.0,2352.0,0.0,0,418.2,0.0,1,26.74,3.22,SPY210930P00319000,319.0,0,0.0,0.0,,0.0,normalDay
2021-05-04,3078.0,2322.0,0.0,0,415.62,0.0,1,26.74,3.52,SPY210930P00319000,319.0,0,0.0,0.0,,0.0,normalDay
2021-05-05,3078.0,2335.0,0.0,0,415.75,0.0,1,26.74,3.39,SPY210930P00319000,319.0,0,0.0,0.0,,0.0,normalDay
2021-05-06,3078.0,2363.0,0.0,0,419.07,0.0,1,26.74,3.11,SPY210930P00319000,319.0,0,0.0,0.0,,0.0,normalDay
2021-05-07,3078.0,2398.0,0.0,0,422.12,0.0,1,26.74,2.76,SPY210930P00319000,319.0,0,0.0,0.0,,0.0,normalDay
2021-05-10,3078.0,2354.0,0.0,0,417.94,0.0,1,26.74,3.2,SPY210930P00319000,319.0,0,0.0,0.0,,0.0,normalDay
2021-05-11,3078.0,2307.0,0.0,0,414.21,0.0,1,26.74,3.67,SPY210930P00319000,319.0,0,0.0,0.0,,0.0,normalDay
2021-05-12,3078.0,2149.0,0.0,0,405.41,0.0,1,26.74,5.25,SPY210930P00319000,319.0,0,0.0,0.0,,0.0,normalDay
2021-05-13,3078.0,2266.0,0.0,0,410.28,0.0,1,26.74,4.08,SPY210930P00319000,319.0,0,0.0,0.0,,0.0,normalDay
2021-05-14,3078.0,2366.0,0.0,0,416.58,0.0,1,26.74,3.08,SPY210930P00319000,319.0,0,0.0,0.0,,0.0,normalDay
2021-05-17,3078.0,2340.0,0.0,0,415.52,0.0,1,26.74,3.34,SPY210930P00319000,319.0,0,0.0,0.0,,0.0,normalDay
2021-05-18,3078.0,2298.0,0.0,0,411.94,0.0,1,26.74,3.76,SPY210930P00319000,319.0,0,0.0,0.0,,0.0,normalDay
2021-05-19,3078.0,2282.0,0.0,0,410.86,0.0,1,26.74,3.92,SPY210930P00319000,319.0,0,0.0,0.0,,0.0,normalDay
2021-05-20,3078.0,2332.0,0.0,0,415.28,0.0,1,26.74,3.42,SPY210930P00319000,319.0,0,0.0,0.0,,0.0,normalDay
2021-05-21,3078.0,2344.0,0.0,0,414.94,0.0,1,26.74,3.3,SPY210930P00319000,319.0,0,0.0,0.0,,0.0,normalDay
2021-05-24,3078.0,2398.0,0.0,0,419.17,0.0,1,26.74,2.76,SPY210930P00319000,319.0,0,0.0,0.0,,0.0,normalDay
2021-05-25,3078.0,2395.0,0.0,0,418.24,0.0,1,26.74,2.79,SPY210930P00319000,319.0,0,0.0,0.0,,0.0,normalDay
2021-05-26,3078.0,2427.0,0.0,0,419.07,0.0,1,26.74,2.47,SPY210930P00319000,319.0,0,0.0,0.0,,0.0,normalDay
2021-05-27,3078.0,2453.0,0.0,0,419.29,0.0,1,26.74,2.21,SPY210930P00319000,319.0,0,0.0,0.0,,0.0,normalDay
2021-05-28,3078.0,2456.0,0.0,0,420.04,0.0,1,26.74,2.18,SPY210930P00319000,319.0,0,0.0,0.0,,0.0,normalDay
2021-06-01,3078.0,2444.0,0.0,0,419.67,0.0,1,26.74,2.3,SPY210930P00319000,319.0,0,0.0,0.0,,0.0,normalDay
2021-06-02,3078.0,2450.0,0.0,0,420.33,0.0,1,26.74,2.24,SPY210930P00319000,319.0,0,0.0,0.0,,0.0,normalDay
2021-06-03,3078.0,2438.0,0.0,0,418.77,0.0,1,26.74,2.36,SPY210930P00319000,319.0,0,0.0,0.0,,0.0,normalDay
2021-06-04,3078.0,2473.0,0.0,0,422.6,0.0,1,26.74,2.01,SPY210930P00319000,319.0,0,0.0,0.0,,0.0,normalDay
2021-06-07,3078.0,2484.0,0.0,0,422.19,0.0,1,26.74,1.9,SPY210930P00319000,319.0,0,0.0,0.0,,0.0,normalDay
2021-06-08,3078.0,2483.0,0.0,0,422.28,0.0,1,26.74,1.91,SPY210930P00319000,319.0,0,0.0,0.0,,0.0,normalDay
2021-06-09,3078.0,2479.0,0.0,0,421.65,0.0,1,26.74,1.95,SPY210930P00319000,319.0,0,0.0,0.0,,0.0,normalDay
2021-06-10,3078.0,2510.0,0.0,0,423.61,0.0,1,26.74,1.64,SPY210930P00319000,319.0,0,0.0,0.0,,0.0,normalDay
2021-06-11,3078.0,2521.0,0.0,0,424.31,0.0,1,26.74,1.53,SPY210930P00319000,319.0,0,0.0,0.0,,0.0,normalDay
2021-06-14,3078.0,2521.0,0.0,0,425.26,0.0,1,26.74,1.53,SPY210930P00319000,319.0,0,0.0,0.0,,0.0,normalDay
2021-06-15,3078.0,2510.0,0.0,0,424.48,0.0,1,26.74,1.64,SPY210930P00319000,319.0,0,0.0,0.0,,0.0,normalDay
2021-06-16,3078.0,2503.0,0.0,0,422.11,0.0,1,26.74,1.71,SPY210930P00319000,319.0,0,0.0,0.0,,0.0,normalDay
2021-06-17,3078.0,2513.0,0.0,0,421.97,0.0,1,26.74,1.61,SPY210930P00319000,319.0,0,0.0,0.0,,0.0,normalDay
2021-06-18,3078.0,2464.0,0.0,0,414.92,0.0,1,26.74,2.1,SPY210930P00319000,319.0,0,0.0,0.0,,0.0,normalDay
2021-06-21,3078.0,2528.0,0.0,0,420.86,0.0,1,26.74,1.46,SPY210930P00319000,319.0,0,0.0,0.0,,0.0,normalDay
2021-06-22,3078.0,2543.0,0.0,0,423.11,0.0,1,26.74,1.31,SPY210930P00319000,319.0,0,0.0,0.0,,0.0,normalDay
2021-06-23,3078.0,2551.0,0.0,0,422.6,0.0,1,26.74,1.23,SPY210930P00319000,319.0,0,0.0,0.0,,0.0,normalDay
2021-06-24,3078.0,2562.0,0.0,0,425.1,0.0,1,26.74,1.12,SPY210930P00319000,319.0,0,0.0,0.0,,0.0,normalDay
2021-06-25,3078.0,2570.0,0.0,0,426.61,0.0,1,26.74,1.04,SPY210930P00319000,319.0,0,0.0,0.0,,0.0,normalDay
2021-06-28,3078.0,2573.0,0.0,0,427.47,0.0,1,26.74,1.01,SPY210930P00319000,319.0,0,0.0,0.0,,0.0,normalDay
2021-06-29,3078.0,2566.0,0.0,0,427.7,0.0,1,26.74,1.08,SPY210930P00319000,319.0,0,0.0,0.0,,0.0,normalDay
2021-06-30,3078.0,2570.0,0.0,0,428.06,0.0,1,26.74,1.04,SPY210930P00319000,319.0,0,0.0,0.0,,0.0,normalDay
2021-07-01,3078.0,2574.0,0.0,0,430.43,0.0,1,26.74,1.0,SPY210930P00319000,319.0,0,0.0,0.0,,0.0,normalDay
2021-07-02,3078.0,2579.0,0.0,0,433.72,0.0,1,26.74,0.95,SPY210930P00319000,319.0,0,0.0,0.0,,0.0,normalDay
2021-07-06,3078.0,2576.0,0.0,0,432.93,0.0,1,26.74,0.98,SPY210930P00319000,319.0,0,0.0,0.0,,0.0,normalDay
2021-07-07,3078.0,2579.0,0.0,0,434.46,0.0,1,26.74,0.95,SPY210930P00319000,319.0,0,0.0,0.0,,0.0,normalDay
2021-07-08,3078.0,2559.0,0.0,0,430.92,0.0,1,26.74,1.15,SPY210930P00319000,319.0,0,0.0,0.0,,0.0,normalDay
2021-07-09,3078.0,2581.0,0.0,0,435.52,0.0,1,26.74,0.93,SPY210930P00319000,319.0,0,0.0,0.0,,0.0,normalDay
2021-07-12,3078.0,2589.0,0.0,0,437.08,0.0,1,26.74,0.85,SPY210930P00319000,319.0,0,0.0,0.0,,0.0,normalDay
2021-07-13,3078.0,2583.0,0.0,0,435.59,0.0,1,26.74,0.91,SPY210930P00319000,319.0,0,0.0,0.0,,0.0,normalDay
2021-07-14,3078.0,2594.0,0.0,0,436.24,0.0,1,26.74,0.8,SPY210930P00319000,319.0,0,0.0,0.0,,0.0,normalDay
2021-07-15,3078.0,2590.0,0.0,0,434.75,0.0,1,26.74,0.84,SPY210930P00319000,319.0,0,0.0,0.0,,0.0,normalDay
2021-07-16,3078.0,2578.0,0.0,0,431.34,0.0,1,26.74,0.96,SPY210930P00319000,319.0,0,0.0,0.0,,0.0,normalDay
2021-07-19,3078.0,2537.0,0.0,0,424.97,0.0,1,26.74,1.37,SPY210930P00319000,319.0,0,0.0,0.0,,0.0,normalDay
2021-07-20,3078.0,2570.0,0.0,0,431.06,0.0,1,26.74,1.04,SPY210930P00319000,319.0,0,0.0,0.0,,0.0,normalDay
2021-07-21,3078.0,2592.0,0.0,0,434.55,0.0,1,26.74,0.82,SPY210930P00319000,319.0,0,0.0,0.0,,0.0,normalDay
2021-07-22,3078.0,2596.0,0.0,0,435.46,0.0,1,26.74,0.78,SPY210930P00319000,319.0,0,0.0,0.0,,0.0,normalDay
2021-07-23,3078.0,2601.0,0.0,0,439.94,0.0,1,26.74,0.73,SPY210930P00319000,319.0,0,0.0,0.0,,0.0,normalDay
2021-07-26,3078.0,2609.0,0.0,0,441.02,0.0,1,26.74,0.65,SPY210930P00319000,319.0,0,0.0,0.0,,0.0,normalDay
2021-07-27,3078.0,2599.0,0.0,0,439.01,0.0,1,26.74,0.75,SPY210930P00319000,319.0,0,0.0,0.0,,0.0,normalDay
2021-07-28,3078.0,2609.0,0.0,0,438.83,0.0,1,26.74,0.65,SPY210930P00319000,319.0,0,0.0,0.0,,0.0,normalDay
2021-07-29,3078.0,2615.0,0.0,0,440.65,0.0,1,26.74,0.59,SPY210930P00319000,319.0,0,0.0,0.0,,0.0,normalDay
2021-07-30,3078.0,2611.0,0.0,0,438.51,0.0,1,26.74,0.63,SPY210930P00319000,319.0,0,0.0,0.0,,0.0,normalDay
2021-08-02,3078.0,2607.0,0.0,0,437.59,0.0,1,26.74,0.67,SPY210930P00319000,319.0,0,0.0,0.0,,0.0,normalDay
2021-08-03,3078.0,2621.0,0.0,0,441.15,0.0,1,26.74,0.53,SPY210930P00319000,319.0,0,0.0,0.0,,0.0,normalDay
2021-08-04,3078.0,2622.0,0.0,0,438.98,0.0,1,26.74,0.52,SPY210930P00319000,319.0,0,0.0,0.0,,0.0,normalDay
2021-08-05,3078.0,2628.0,0.0,0,441.76,0.0,1,26.74,0.46,SPY210930P00319000,319.0,0,0.0,0.0,,0.0,normalDay
2021-08-06,3078.0,2633.0,0.0,0,442.49,0.0,1,26.74,0.41,SPY210930P00319000,319.0,0,0.0,0.0,,0.0,normalDay
2021-08-09,3078.0,2635.0,0.0,0,442.13,0.0,1,26.74,0.39,SPY210930P00319000,319.0,0,0.0,0.0,,0.0,normalDay
2021-08-10,3078.0,2637.0,0.0,0,442.68,0.0,1,26.74,0.37,SPY210930P00319000,319.0,0,0.0,0.0,,0.0,normalDay
2021-08-11,3078.0,2642.0,0.0,0,443.78,0.0,1,26.74,0.32,SPY210930P00319000,319.0,0,0.0,0.0,,0.0,normalDay
2021-08-12,3078.0,2645.0,0.0,0,445.11,0.0,1,26.74,0.29,SPY210930P00319000,319.0,0,0.0,0.0,,0.0,normalDay
2021-08-13,3078.0,2644.0,0.0,0,445.92,0.0,1,26.74,0.3,SPY210930P00319000,319.0,0,0.0,0.0,,0.0,normalDay
2021-08-16,3078.0,2647.0,0.0,0,446.97,0.0,1,26.74,0.27,SPY210930P00319000,319.0,0,0.0,0.0,,0.0,normalDay
2021-08-17,3078.0,2642.0,0.0,0,444.04,0.0,1,26.74,0.32,SPY210930P00319000,319.0,0,0.0,0.0,,0.0,normalDay
2021-08-18,3078.0,2629.0,0.0,0,439.18,0.0,1,26.74,0.45,SPY210930P00319000,319.0,0,0.0,0.0,,0.0,normalDay
2021-08-19,3078.0,2625.0,0.0,0,439.86,0.0,1,26.74,0.49,SPY210930P00319000,319.0,0,0.0,0.0,,0.0,normalDay
2021-08-20,3078.0,2642.0,0.0,0,443.36,0.0,1,26.74,0.32,SPY210930P00319000,319.0,0,0.0,0.0,,0.0,normalDay
2021-08-23,3078.0,2652.0,0.0,0,447.26,0.0,1,26.74,0.22,SPY210930P00319000,319.0,0,0.0,0.0,,0.0,normalDay
2021-08-24,3078.0,2652.0,0.0,0,447.97,0.0,1,26.74,0.22,SPY210930P00319000,319.0,0,0.0,0.0,,0.0,normalDay
2021-08-25,3078.0,2655.0,0.0,0,448.91,0.0,1,26.74,0.19,SPY210930P00319000,319.0,0,0.0,0.0,,0.0,normalDay
2021-08-26,3078.0,2649.0,0.0,0,446.26,0.0,1,26.74,0.25,SPY210930P00319000,319.0,0,0.0,0.0,,0.0,normalDay
2021-08-27,3078.0,2656.0,0.0,0,450.25,0.0,1,26.74,0.18,SPY210930P00319000,319.0,0,0.0,0.0,,0.0,normalDay
2021-08-30,3078.0,2661.0,0.0,0,452.23,0.0,1,26.74,0.13,SPY210930P00319000,319.0,0,0.0,0.0,,0.0,normalDay
2021-08-31,3078.0,2662.0,0.0,0,451.56,0.0,1,26.74,0.12,SPY210930P00319000,319.0,0,0.0,0.0,,0.0,normalDay
2021-09-01,3078.0,2664.0,0.0,0,451.8,0.0,1,26.74,0.1,SPY210930P00319000,319.0,0,0.0,0.0,,0.0,normalDay
2021-09-02,3078.0,2663.0,0.0,0,453.19,0.0,1,26.74,0.11,SPY210930P00319000,319.0,0,0.0,0.0,,0.0,normalDay
2021-09-03,3078.0,2664.0,0.0,0,453.08,0.0,1,26.74,0.1,SPY210930P00319000,319.0,0,0.0,0.0,,0.0,normalDay
2021-09-07,3078.0,2665.0,0.0,0,451.46,0.0,1,26.74,0.09,SPY210930P00319000,319.0,0,0.0,0.0,,0.0,normalDay
2021-09-08,3078.0,2666.0,0.0,0,450.91,0.0,1,26.74,0.08,SPY210930P00319000,319.0,0,0.0,0.0,,0.0,normalDay
2021-09-09,3078.0,2666.0,0.0,0,448.98,0.0,1,26.74,0.08,SPY210930P00319000,319.0,0,0.0,0.0,,0.0,normalDay
2021-09-10,3078.0,2660.0,0.0,0,445.44,0.0,1,26.74,0.14,SPY210930P00319000,319.0,0,0.0,0.0,,0.0,normalDay
2021-09-13,3078.0,2666.0,0.0,0,446.58,0.0,1,26.74,0.08,SPY210930P00319000,319.0,0,0.0,0.0,,0.0,normalDay
2021-09-14,3078.0,2666.0,0.0,0,444.17,0.0,1,26.74,0.08,SPY210930P00319000,319.0,0,0.0,0.0,,0.0,normalDay
2021-09-15,3078.0,2669.0,0.0,0,447.88,0.0,1,26.74,0.05,SPY210930P00319000,319.0,0,0.0,0.0,,0.0,normalDay
2021-09-16,3078.0,2669.0,0.0,0,447.17,0.0,1,26.74,0.05,SPY210930P00319000,319.0,0,0.0,0.0,,0.0,normalDay
2021-09-17,3078.0,2667.0,0.0,0,441.4,0.0,1,26.74,0.07,SPY210930P00319000,319.0,0,0.0,0.0,,0.0,normalDay
2021-09-20,3078.0,2666.0,0.0,0,434.04,0.0,1,26.74,0.08,SPY210930P00319000,319.0,0,0.0,0.0,,0.0,normalDay
2021-09-21,3078.0,2669.0,0.0,0,433.63,0.0,1,26.74,0.05,SPY210930P00319000,319.0,0,0.0,0.0,,0.0,normalDay
2021-09-22,3078.0,2672.0,0.0,0,437.86,0.0,1,26.74,0.02,SPY210930P00319000,319.0,0,0.0,0.0,,0.0,normalDay
2021-09-23,3078.0,2673.0,0.0,0,443.18,0.0,1,26.74,0.01,SPY210930P00319000,319.0,0,0.0,0.0,,0.0,normalDay
2021-09-24,3078.0,2673.0,0.0,0,443.91,0.0,1,26.74,0.01,SPY210930P00319000,319.0,0,0.0,0.0,,0.0,normalDay
2021-09-27,3078.0,2673.0,0.0,0,442.64,0.0,1,26.74,0.01,SPY210930P00319000,319.0,0,0.0,0.0,,0.0,normalDay
2021-09-28,3078.0,2673.0,0.0,0,433.72,0.0,1,26.74,0.01,SPY210930P00319000,319.0,0,0.0,0.0,,0.0,normalDay
2021-09-29,3078.0,2673.0,0.0,0,434.45,0.0,1,26.74,0.01,SPY210930P00319000,319.0,0,0.0,0.0,,0.0,normalDay
2021-09-30,5752.0,0.0,2674.0,0,429.14,0.0,1,26.74,0.0,SPY210930P00319000,319.0,0,0.0,0.0,,0.0,expirationDay
2021-10-01,5752.0,-222.0,0.0,0,434.24,0.0,1,31.82,34.04,SPY220930P00424000,424.0,0,0.0,0.0,,0.0,normalDay
2021-10-04,5752.0,-421.0,0.0,0,428.64,0.0,1,31.82,36.03,SPY220930P00424000,424.0,0,0.0,0.0,,0.0,normalDay
2021-10-05,5752.0,-210.0,0.0,0,433.1,0.0,1,31.82,33.92,SPY220930P00424000,424.0,0,0.0,0.0,,0.0,normalDay
2021-10-06,5752.0,-143.0,0.0,0,434.9,0.0,1,31.82,33.25,SPY220930P00424000,424.0,0,0.0,0.0,,0.0,normalDay
2021-10-07,5752.0,85.0,0.0,0,438.66,0.0,1,31.82,30.97,SPY220930P00424000,424.0,0,0.0,0.0,,0.0,normalDay
2021-10-08,5752.0,60.0,0.0,0,437.86,0.0,1,31.82,31.22,SPY220930P00424000,424.0,0,0.0,0.0,,0.0,normalDay
2021-10-11,5752.0,-26.0,0.0,0,434.69,0.0,1,31.82,32.08,SPY220930P00424000,424.0,0,0.0,0.0,,0.0,normalDay
2021-10-12,5752.0,-60.0,0.0,0,433.62,0.0,1,31.82,32.42,SPY220930P00424000,424.0,0,0.0,0.0,,0.0,normalDay
2021-10-13,5752.0,87.0,0.0,0,435.18,0.0,1,31.82,30.95,SPY220930P00424000,424.0,0,0.0,0.0,,0.0,normalDay
2021-10-14,5752.0,368.0,0.0,0,442.5,0.0,1,31.82,28.14,SPY220930P00424000,424.0,0,0.0,0.0,,0.0,normalDay
2021-10-15,5752.0,425.0,0.0,0,445.87,0.0,1,31.82,27.57,SPY220930P00424000,424.0,0,0.0,0.0,,0.0,normalDay
2021-10-18,5752.0,441.0,0.0,0,447.19,0.0,1,31.82,27.41,SPY220930P00424000,424.0,0,0.0,0.0,,0.0,normalDay
2021-10-19,5752.0,612.0,0.0,0,450.64,0.0,1,31.82,25.7,SPY220930P00424000,424.0,0,0.0,0.0,,0.0,normalDay
2021-10-20,5752.0,662.0,0.0,0,452.41,0.0,1,31.82,25.2,SPY220930P00424000,424.0,0,0.0,0.0,,0.0,normalDay
2021-10-21,5752.0,718.0,0.0,0,453.59,0.0,1,31.82,24.64,SPY220930P00424000,424.0,0,0.0,0.0,,0.0,normalDay
2021-10-22,5752.0,677.0,0.0,0,453.12,0.0,1,31.82,25.05,SPY220930P00424000,424.0,0,0.0,0.0,,0.0,normalDay
2021-10-25,5752.0,766.0,0.0,0,455.55,0.0,1,31.82,24.16,SPY220930P00424000,424.0,0,0.0,0.0,,0.0,normalDay
2021-10-26,5752.0,789.0,0.0,0,455.96,0.0,1,31.82,23.93,SPY220930P00424000,424.0,0,0.0,0.0,,0.0,normalDay
2021-10-27,5752.0,670.0,0.0,0,453.94,0.0,1,31.82,25.12,SPY220930P00424000,424.0,0,0.0,0.0,,0.0,normalDay
2021-10-28,5752.0,770.0,0.0,0,458.32,0.0,1,31.82,24.12,SPY220930P00424000,424.0,0,0.0,0.0,,0.0,normalDay
2021-10-29,5752.0,858.0,0.0,0,459.25,0.0,1,31.82,23.24,SPY220930P00424000,424.0,0,0.0,0.0,,0.0,normalDay
2021-11-01,5752.0,879.0,0.0,0,460.04,0.0,1,31.82,23.03,SPY220930P00424000,424.0,0,0.0,0.0,,0.0,normalDay
2021-11-02,5752.0,930.0,0.0,0,461.9,0.0,1,31.82,22.52,SPY220930P00424000,424.0,0,0.0,0.0,,0.0,normalDay
2021-11-03,5752.0,1010.0,0.0,0,464.72,0.0,1,31.82,21.72,SPY220930P00424000,424.0,0,0.0,0.0,,0.0,normalDay
2021-11-04,5752.0,1049.0,0.0,0,466.91,0.0,1,31.82,21.33,SPY220930P00424000,424.0,0,0.0,0.0,,0.0,normalDay
2021-11-05,5752.0,1046.0,0.0,0,468.53,0.0,1,31.82,21.36,SPY220930P00424000,424.0,0,0.0,0.0,,0.0,normalDay
2021-11-08,5752.0,1043.0,0.0,0,468.93,0.0,1,31.82,21.39,SPY220930P00424000,424.0,0,0.0,0.0,,0.0,normalDay
2021-11-09,5752.0,995.0,0.0,0,467.38,0.0,1,31.82,21.87,SPY220930P00424000,424.0,0,0.0,0.0,,0.0,normalDay
2021-11-10,5752.0,920.0,0.0,0,463.62,0.0,1,31.82,22.62,SPY220930P00424000,424.0,0,0.0,0.0,,0.0,normalDay
2021-11-11,5752.0,969.0,0.0,0,463.77,0.0,1,31.82,22.13,SPY220930P00424000,424.0,0,0.0,0.0,,0.0,normalDay
2021-11-12,5752.0,1084.0,0.0,0,467.27,0.0,1,31.82,20.98,SPY220930P00424000,424.0,0,0.0,0.0,,0.0,normalDay
2021-11-15,5752.0,1078.0,0.0,0,467.43,0.0,1,31.82,21.04,SPY220930P00424000,424.0,0,0.0,0.0,,0.0,normalDay
2021-11-16,5752.0,1110.0,0.0,0,469.28,0.0,1,31.82,20.72,SPY220930P00424000,424.0,0,0.0,0.0,,0.0,normalDay
2021-11-17,5752.0,1011.0,0.0,0,468.14,0.0,1,31.82,21.71,SPY220930P00424000,424.0,0,0.0,0.0,,0.0,normalDay
2021-11-18,5752.0,1052.0,0.0,0,469.73,0.0,1,31.82,21.3,SPY220930P00424000,424.0,0,0.0,0.0,,0.0,normalDay
2021-11-19,5752.0,1023.0,0.0,0,468.89,0.0,1,31.82,21.59,SPY220930P00424000,424.0,0,0.0,0.0,,0.0,normalDay
2021-11-22,5752.0,956.0,0.0,0,467.57,0.0,1,31.82,22.26,SPY220930P00424000,424.0,0,0.0,0.0,,0.0,normalDay
2021-11-23,5752.0,990.0,0.0,0,468.19,0.0,1,31.82,21.92,SPY220930P00424000,424.0,0,0.0,0.0,,0.0,normalDay
2021-11-24,5752.0,1057.0,0.0,0,469.44,0.0,1,31.82,21.25,SPY220930P00424000,424.0,0,0.0,0.0,,0.0,normalDay
2021-11-26,5752.0,244.0,0.0,0,458.97,0.0,1,31.82,29.38,SPY220930P00424000,424.0,0,0.0,0.0,,0.0,normalDay
2021-11-29,5752.0,860.0,0.0,0,464.6,0.0,1,31.82,23.22,SPY220930P00424000,424.0,0,0.0,0.0,,0.0,normalDay
2021-11-30,5752.0,530.0,0.0,0,455.56,0.0,1,31.82,26.52,SPY220930P00424000,424.0,0,0.0,0.0,,0.0,normalDay
2021-12-01,5752.0,134.0,0.0,0,450.5,0.0,1,31.82,30.48,SPY220930P00424000,424.0,0,0.0,0.0,,0.0,normalDay
2021-12-02,5752.0,518.0,0.0,0,457.4,0.0,1,31.82,26.64,SPY220930P00424000,424.0,0,0.0,0.0,,0.0,normalDay
2021-12-03,5752.0,255.0,0.0,0,453.42,0.0,1,31.82,29.27,SPY220930P00424000,424.0,0,0.0,0.0,,0.0,normalDay
2021-12-06,5752.0,544.0,0.0,0,458.79,0.0,1,31.82,26.38,SPY220930P00424000,424.0,0,0.0,0.0,,0.0,normalDay
2021-12-07,5752.0,968.0,0.0,0,468.28,0.0,1,31.82,22.14,SPY220930P00424000,424.0,0,0.0,0.0,,0.0,normalDay
2021-12-08,5752.0,1046.0,0.0,0,469.52,0.0,1,31.82,21.36,SPY220930P00424000,424.0,0,0.0,0.0,,0.0,normalDay
2021-12-09,5752.0,936.0,0.0,0,466.35,0.0,1,31.82,22.46,SPY220930P00424000,424.0,0,0.0,0.0,,0.0,normalDay
2021-12-10,5752.0,1093.0,0.0,0,470.74,0.0,1,31.82,20.89,SPY220930P00424000,424.0,0,0.0,0.0,,0.0,normalDay
2021-12-13,5752.0,942.0,0.0,0,466.57,0.0,1,31.82,22.4,SPY220930P00424000,424.0,0,0.0,0.0,,0.0,normalDay
2021-12-14,5752.0,832.0,0.0,0,463.36,0.0,1,31.82,23.5,SPY220930P00424000,424.0,0,0.0,0.0,,0.0,normalDay
2021-12-15,5752.0,1097.0,0.0,0,470.6,0.0,1,31.82,20.85,SPY220930P00424000,424.0,0,0.0,0.0,,0.0,normalDay
2021-12-16,5752.0,922.0,0.0,0,466.45,0.0,1,31.82,22.6,SPY220930P00424000,424.0,0,0.0,0.0,,0.0,normalDay
2021-12-17,5752.0,790.0,0.0,0,459.87,0.0,1,31.82,23.92,SPY220930P00424000,424.0,0,0.0,0.0,,0.0,normalDay
2021-12-20,5752.0,669.0,0.0,0,454.98,0.0,1,31.82,25.13,SPY220930P00424000,424.0,0,0.0,0.0,,0.0,normalDay
2021-12-21,5752.0,917.0,0.0,0,463.06,0.0,1,31.82,22.65,SPY220930P00424000,424.0,0,0.0,0.0,,0.0,normalDay
2021-12-22,5752.0,1091.0,0.0,0,467.69,0.0,1,31.82,20.91,SPY220930P00424000,424.0,0,0.0,0.0,,0.0,normalDay
2021-12-23,5752.0,1179.0,0.0,0,470.6,0.0,1,31.82,20.03,SPY220930P00424000,424.0,0,0.0,0.0,,0.0,normalDay
2021-12-27,5752.0,1349.0,0.0,0,477.26,0.0,1,31.82,18.33,SPY220930P00424000,424.0,0,0.0,0.0,,0.0,normalDay
2021-12-28,5752.0,1370.0,0.0,0,476.87,0.0,1,31.82,18.12,SPY220930P00424000,424.0,0,0.0,0.0,,0.0,normalDay
2021-12-29,5752.0,1400.0,0.0,0,477.48,0.0,1,31.82,17.82,SPY220930P00424000,424.0,0,0.0,0.0,,0.0,normalDay
2021-12-30,5752.0,1353.0,0.0,0,476.16,0.0,1,31.82,18.29,SPY220930P00424000,424.0,0,0.0,0.0,,0.0,normalDay
2021-12-31,5752.0,1383.0,0.0,0,474.96,0.0,1,31.82,17.99,SPY220930P00424000,424.0,0,0.0,0.0,,0.0,normalDay
2022-01-03,5752.0,1465.0,0.0,0,477.71,0.0,1,31.82,17.17,SPY220930P00424000,424.0,0,0.0,0.0,,0.0,normalDay
2022-01-04,5752.0,1452.0,0.0,0,477.55,0.0,1,31.82,17.3,SPY220930P00424000,424.0,0,0.0,0.0,,0.0,normalDay
2022-01-05,5752.0,1201.0,0.0,0,468.38,0.0,1,31.82,19.81,SPY220930P00424000,424.0,0,0.0,0.0,,0.0,normalDay
2022-01-06,5752.0,1205.0,0.0,0,467.94,0.0,1,31.82,19.77,SPY220930P00424000,424.0,0,0.0,0.0,,0.0,normalDay
2022-01-07,5752.0,1207.0,0.0,0,466.09,0.0,1,31.82,19.75,SPY220930P00424000,424.0,0,0.0,0.0,,0.0,normalDay
2022-01-10,5752.0,1225.0,0.0,0,465.51,0.0,1,31.82,19.57,SPY220930P00424000,424.0,0,0.0,0.0,,0.0,normalDay
2022-01-11,5752.0,1363.0,0.0,0,469.75,0.0,1,31.82,18.19,SPY220930P00424000,424.0,0,0.0,0.0,,0.0,normalDay
2022-01-12,5752.0,1414.0,0.0,0,471.02,0.0,1,31.82,17.68,SPY220930P00424000,424.0,0,0.0,0.0,,0.0,normalDay
2022-01-13,5752.0,1193.0,0.0,0,464.53,0.0,1,31.82,19.89,SPY220930P00424000,424.0,0,0.0,0.0,,0.0,normalDay
2022-01-14,5752.0,1252.0,0.0,0,464.72,0.0,1,31.82,19.3,SPY220930P00424000,424.0,0,0.0,0.0,,0.0,normalDay
2022-01-18,5752.0,955.0,0.0,0,456.49,0.0,1,31.82,22.27,SPY220930P00424000,424.0,0,0.0,0.0,,0.0,normalDay
2022-01-19,5752.0,850.0,0.0,0,451.75,0.0,1,31.82,23.32,SPY220930P00424000,424.0,0,0.0,0.0,,0.0,normalDay
2022-01-20,5752.0,579.0,0.0,0,446.75,0.0,1,31.82,26.03,SPY220930P00424000,424.0,0,0.0,0.0,,0.0,normalDay
2022-01-21,5752.0,271.0,0.0,0,437.98,0.0,1,31.82,29.11,SPY220930P00424000,424.0,0,0.0,0.0,,0.0,normalDay
2022-01-24,5752.0,289.0,0.0,0,439.84,0.0,1,31.82,28.93,SPY220930P00424000,424.0,0,0.0,0.0,,0.0,normalDay
2022-01-25,5752.0,45.0,0.0,0,434.47,0.0,1,31.82,31.37,SPY220930P00424000,424.0,0,0.0,0.0,,0.0,normalDay
2022-01-26,5752.0,81.0,0.0,0,433.38,0.0,1,31.82,31.01,SPY220930P00424000,424.0,0,0.0,0.0,,0.0,normalDay
2022-01-27,5752.0,105.0,0.0,0,431.24,0.0,1,31.82,30.77,SPY220930P00424000,424.0,0,0.0,0.0,,0.0,normalDay
2022-01-28,5752.0,542.0,0.0,0,441.95,0.0,1,31.82,26.4,SPY220930P00424000,424.0,0,0.0,0.0,,0.0,normalDay
2022-01-31,5752.0,857.0,0.0,0,449.91,0.0,1,31.82,23.25,SPY220930P00424000,424.0,0,0.0,0.0,,0.0,normalDay
2022-02-01,5752.0,1085.0,0.0,0,452.95,0.0,1,31.82,20.97,SPY220930P00424000,424.0,0,0.0,0.0,,0.0,normalDay
2022-02-02,5752.0,1093.0,0.0,0,457.35,0.0,1,31.82,20.89,SPY220930P00424000,424.0,0,0.0,0.0,,0.0,normalDay
2022-02-03,5752.0,850.0,0.0,0,446.6,0.0,1,31.82,23.32,SPY220930P00424000,424.0,0,0.0,0.0,,0.0,normalDay
2022-02-04,5752.0,807.0,0.0,0,448.7,0.0,1,31.82,23.75,SPY220930P00424000,424.0,0,0.0,0.0,,0.0,normalDay
2022-02-07,5752.0,848.0,0.0,0,447.26,0.0,1,31.82,23.34,SPY220930P00424000,424.0,0,0.0,0.0,,0.0,normalDay
2022-02-08,5752.0,1029.0,0.0,0,450.94,0.0,1,31.82,21.53,SPY220930P00424000,424.0,0,0.0,0.0,,0.0,normalDay
2022-02-09,5752.0,1234.0,0.0,0,457.54,0.0,1,31.82,19.48,SPY220930P00424000,424.0,0,0.0,0.0,,0.0,normalDay
2022-02-10,5752.0,933.0,0.0,0,449.32,0.0,1,31.82,22.49,SPY220930P00424000,424.0,0,0.0,0.0,,0.0,normalDay
2022-02-11,5752.0,523.0,0.0,0,440.46,0.0,1,31.82,26.59,SPY220930P00424000,424.0,0,0.0,0.0,,0.0,normalDay
2022-02-14,5752.0,543.0,0.0,0,439.02,0.0,1,31.82,26.39,SPY220930P00424000,424.0,0,0.0,0.0,,0.0,normalDay
2022-02-15,5752.0,824.0,0.0,0,446.1,0.0,1,31.82,23.58,SPY220930P00424000,424.0,0,0.0,0.0,,0.0,normalDay
2022-02-16,5752.0,906.0,0.0,0,446.6,0.0,1,31.82,22.76,SPY220930P00424000,424.0,0,0.0,0.0,,0.0,normalDay
2022-02-17,5752.0,481.0,0.0,0,437.06,0.0,1,31.82,27.01,SPY220930P00424000,424.0,0,0.0,0.0,,0.0,normalDay
2022-02-18,5752.0,404.0,0.0,0,434.23,0.0,1,31.82,27.78,SPY220930P00424000,424.0,0,0.0,0.0,,0.0,normalDay
2022-02-22,5752.0,313.0,0.0,0,429.57,0.0,1,31.82,28.69,SPY220930P00424000,424.0,0,0.0,0.0,,0.0,normalDay
2022-02-23,5752.0,-86.0,0.0,0,421.95,0.0,1,31.82,32.68,SPY220930P00424000,424.0,0,0.0,0.0,,0.0,normalDay
2022-02-24,5752.0,168.0,0.0,0,428.3,0.0,1,31.82,30.14,SPY220930P00424000,424.0,0,0.0,0.0,,0.0,normalDay
2022-02-25,5752.0,621.0,0.0,0,437.75,0.0,1,31.82,25.61,SPY220930P00424000,424.0,0,0.0,0.0,,0.0,normalDay
2022-02-28,5752.0,530.0,0.0,0,436.63,0.0,1,31.82,26.52,SPY220930P00424000,424.0,0,0.0,0.0,,0.0,normalDay
2022-03-01,5752.0,133.0,0.0,0,429.98,0.0,1,31.82,30.49,SPY220930P00424000,424.0,0,0.0,0.0,,0.0,normalDay
2022-03-02,5752.0,486.0,0.0,0,437.89,0.0,1,31.82,26.96,SPY220930P00424000,424.0,0,0.0,0.0,,0.0,normalDay
2022-03-03,5752.0,423.0,0.0,0,435.71,0.0,1,31.82,27.59,SPY220930P00424000,424.0,0,0.0,0.0,,0.0,normalDay
2022-03-04,5752.0,199.0,0.0,0,432.17,0.0,1,31.82,29.83,SPY220930P00424000,424.0,0,0.0,0.0,,0.0,normalDay
2022-03-07,5752.0,-469.0,0.0,0,419.43,0.0,1,31.82,36.51,SPY220930P00424000,424.0,0,0.0,0.0,,0.0,normalDay
2022-03-08,5752.0,-583.0,0.0,0,416.25,0.0,1,31.82,37.65,SPY220930P00424000,424.0,0,0.0,0.0,,0.0,normalDay
2022-03-09,5752.0,-27.0,0.0,0,427.41,0.0,1,31.82,32.09,SPY220930P00424000,424.0,0,0.0,0.0,,0.0,normalDay
2022-03-10,5752.0,7.0,0.0,0,425.48,0.0,1,31.82,31.75,SPY220930P00424000,424.0,0,0.0,0.0,,0.0,normalDay
2022-03-11,5752.0,-261.0,0.0,0,420.07,0.0,1,31.82,34.43,SPY220930P00424000,424.0,0,0.0,0.0,,0.0,normalDay
2022-03-14,5752.0,-371.0,0.0,0,417.0,0.0,1,31.82,35.53,SPY220930P00424000,424.0,0,0.0,0.0,,0.0,normalDay
2022-03-15,5752.0,33.0,0.0,0,426.17,0.0,1,31.82,31.49,SPY220930P00424000,424.0,0,0.0,0.0,,0.0,normalDay
2022-03-16,5752.0,557.0,0.0,0,435.62,0.0,1,31.82,26.25,SPY220930P00424000,424.0,0,0.0,0.0,,0.0,normalDay
2022-03-17,5752.0,794.0,0.0,0,441.07,0.0,1,31.82,23.88,SPY220930P00424000,424.0,0,0.0,0.0,,0.0,normalDay
2022-03-18,5752.0,1059.0,0.0,0,444.52,0.0,1,31.82,21.23,SPY220930P00424000,424.0,0,0.0,0.0,,0.0,normalDay
2022-03-21,5752.0,1085.0,0.0,0,444.39,0.0,1,31.82,20.97,SPY220930P00424000,424.0,0,0.0,0.0,,0.0,normalDay
2022-03-22,5752.0,1279.0,0.0,0,449.59,0.0,1,31.82,19.03,SPY220930P00424000,424.0,0,0.0,0.0,,0.0,normalDay
2022-03-23,5752.0,1089.0,0.0,0,443.8,0.0,1,31.82,20.93,SPY220930P00424000,424.0,0,0.0,0.0,,0.0,normalDay
2022-03-24,5752.0,1316.0,0.0,0,450.49,0.0,1,31.82,18.66,SPY220930P00424000,424.0,0,0.0,0.0,,0.0,normalDay
2022-03-25,5752.0,1396.0,0.0,0,452.69,0.0,1,31.82,17.86,SPY220930P00424000,424.0,0,0.0,0.0,,0.0,normalDay
2022-03-28,5752.0,1523.0,0.0,0,455.91,0.0,1,31.82,16.59,SPY220930P00424000,424.0,0,0.0,0.0,,0.0,normalDay
2022-03-29,5752.0,1676.0,0.0,0,461.55,0.0,1,31.82,15.06,SPY220930P00424000,424.0,0,0.0,0.0,,0.0,normalDay
2022-03-30,5752.0,1606.0,0.0,0,458.7,0.0,1,31.82,15.76,SPY220930P00424000,424.0,0,0.0,0.0,,0.0,normalDay
2022-03-31,5752.0,1397.0,0.0,0,451.64,0.0,1,31.82,17.85,SPY220930P00424000,424.0,0,0.0,0.0,,0.0,normalDay
2022-04-01,5752.0,1466.0,0.0,0,452.92,0.0,1,31.82,17.16,SPY220930P00424000,424.0,0,0.0,0.0,,0.0,normalDay
2022-04-04,5752.0,1630.0,0.0,0,456.8,0.0,1,31.82,15.52,SPY220930P00424000,424.0,0,0.0,0.0,,0.0,normalDay
2022-04-05,5752.0,1383.0,0.0,0,451.03,0.0,1,31.82,17.99,SPY220930P00424000,424.0,0,0.0,0.0,,0.0,normalDay
2022-04-06,5752.0,1262.0,0.0,0,446.52,0.0,1,31.82,19.2,SPY220930P00424000,424.0,0,0.0,0.0,,0.0,normalDay
2022-04-07,5752.0,1337.0,0.0,0,448.77,0.0,1,31.82,18.45,SPY220930P00424000,424.0,0,0.0,0.0,,0.0,normalDay
2022-04-08,5752.0,1327.0,0.0,0,447.57,0.0,1,31.82,18.55,SPY220930P00424000,424.0,0,0.0,0.0,,0.0,normalDay
2022-04-11,5752.0,1050.0,0.0,0,439.92,0.0,1,31.82,21.32,SPY220930P00424000,424.0,0,0.0,0.0,,0.0,normalDay
2022-04-12,5752.0,998.0,0.0,0,438.29,0.0,1,31.82,21.84,SPY220930P00424000,424.0,0,0.0,0.0,,0.0,normalDay
2022-04-13,5752.0,1244.0,0.0,0,443.31,0.0,1,31.82,19.38,SPY220930P00424000,424.0,0,0.0,0.0,,0.0,normalDay
2022-04-14,5752.0,1049.0,0.0,0,437.79,0.0,1,31.82,21.33,SPY220930P00424000,424.0,0,0.0,0.0,,0.0,normalDay
2022-04-18,5752.0,1146.0,0.0,0,437.97,0.0,1,31.82,20.36,SPY220930P00424000,424.0,0,0.0,0.0,,0.0,normalDay
2022-04-19,5752.0,1307.0,0.0,0,445.04,0.0,1,31.82,18.75,SPY220930P00424000,424.0,0,0.0,0.0,,0.0,normalDay
2022-04-20,5752.0,1426.0,0.0,0,444.71,0.0,1,31.82,17.56,SPY220930P00424000,424.0,0,0.0,0.0,,0.0,normalDay
2022-04-21,5752.0,1113.0,0.0,0,438.06,0.0,1,31.82,20.69,SPY220930P00424000,424.0,0,0.0,0.0,,0.0,normalDay
2022-04-22,5752.0,503.0,0.0,0,426.04,0.0,1,31.82,26.79,SPY220930P00424000,424.0,0,0.0,0.0,,0.0,normalDay
2022-04-25,5752.0,712.0,0.0,0,428.51,0.0,1,31.82,24.7,SPY220930P00424000,424.0,0,0.0,0.0,,0.0,normalDay
2022-04-26,5752.0,-89.0,0.0,0,416.1,0.0,1,31.82,32.71,SPY220930P00424000,424.0,0,0.0,0.0,,0.0,normalDay
2022-04-27,5752.0,175.0,0.0,0,417.27,0.0,1,31.82,30.07,SPY220930P00424000,424.0,0,0.0,0.0,,0.0,normalDay
2022-04-28,5752.0,574.0,0.0,0,427.81,0.0,1,31.82,26.08,SPY220930P00424000,424.0,0,0.0,0.0,,0.0,normalDay
2022-04-29,5752.0,-84.0,0.0,0,412.0,0.0,1,31.82,32.66,SPY220930P00424000,424.0,0,0.0,0.0,,0.0,normalDay
2022-05-02,5752.0,94.0,0.0,0,414.48,0.0,1,31.82,30.88,SPY220930P00424000,424.0,0,0.0,0.0,,0.0,normalDay
2022-05-03,5752.0,303.0,0.0,0,416.38,0.0,1,31.82,28.79,SPY220930P00424000,424.0,0,0.0,0.0,,0.0,normalDay
2022-05-04,5752.0,876.0,0.0,0,429.06,0.0,1,31.82,23.06,SPY220930P00424000,424.0,0,0.0,0.0,,0.0,normalDay
2022-05-05,5752.0,26.0,0.0,0,413.81,0.0,1,31.82,31.56,SPY220930P00424000,424.0,0,0.0,0.0,,0.0,normalDay
2022-05-06,5752.0,-137.0,0.0,0,411.34,0.0,1,31.82,33.19,SPY220930P00424000,424.0,0,0.0,0.0,,0.0,normalDay
2022-05-09,5752.0,-802.0,0.0,0,398.17,0.0,1,31.82,39.84,SPY220930P00424000,424.0,0,0.0,0.0,,0.0,normalDay
2022-05-10,5752.0,-742.0,0.0,0,399.09,0.0,1,31.82,39.24,SPY220930P00424000,424.0,0,0.0,0.0,,0.0,normalDay
2022-05-11,5752.0,-1112.0,0.0,0,392.75,0.0,1,31.82,42.94,SPY220930P00424000,424.0,0,0.0,0.0,,0.0,normalDay
2022-05-12,5752.0,-1131.0,0.0,0,392.34,0.0,1,31.82,43.13,SPY220930P00424000,424.0,0,0.0,0.0,,0.0,normalDay
2022-05-13,5752.0,-510.0,0.0,0,401.72,0.0,1,31.82,36.92,SPY220930P00424000,424.0,0,0.0,0.0,,0.0,normalDay
2022-05-16,5752.0,-535.0,0.0,0,400.09,0.0,1,31.82,37.17,SPY220930P00424000,424.0,0,0.0,0.0,,0.0,normalDay
2022-05-17,5752.0,6.0,0.0,0,408.32,0.0,1,31.82,31.76,SPY220930P00424000,424.0,0,0.0,0.0,,0.0,normalDay
2022-05-18,5752.0,-1157.0,0.0,0,391.86,0.0,1,31.82,43.39,SPY220930P00424000,424.0,0,0.0,0.0,,0.0,normalDay
2022-05-19,5752.0,-1215.0,0.0,0,389.46,0.0,1,31.82,43.97,SPY220930P00424000,424.0,0,0.0,0.0,,0.0,normalDay
2022-05-20,5752.0,-1213.0,0.0,0,389.63,0.0,1,31.82,43.95,SPY220930P00424000,424.0,0,0.0,0.0,,0.0,normalDay
2022-05-23,5752.0,-657.0,0.0,0,396.92,0.0,1,31.82,38.39,SPY220930P00424000,424.0,0,0.0,0.0,,0.0,normalDay
2022-05-24,5752.0,-871.0,0.0,0,393.89,0.0,1,31.82,40.53,SPY220930P00424000,424.0,0,0.0,0.0,,0.0,normalDay
2022-05-25,5752.0,-649.0,0.0,0,397.37,0.0,1,31.82,38.31,SPY220930P00424000,424.0,0,0.0,0.0,,0.0,normalDay
2022-05-26,5752.0,-183.0,0.0,0,405.31,0.0,1,31.82,33.65,SPY220930P00424000,424.0,0,0.0,0.0,,0.0,normalDay
2022-05-27,5752.0,468.0,0.0,0,415.26,0.0,1,31.82,27.14,SPY220930P00424000,424.0,0,0.0,0.0,,0.0,normalDay
2022-05-31,5752.0,338.0,0.0,0,412.93,0.0,1,31.82,28.44,SPY220930P00424000,424.0,0,0.0,0.0,,0.0,normalDay
2022-06-01,5752.0,203.0,0.0,0,409.59,0.0,1,31.82,29.79,SPY220930P00424000,424.0,0,0.0,0.0,,0.0,normalDay
2022-06-02,5752.0,652.0,0.0,0,417.39,0.0,1,31.82,25.3,SPY220930P00424000,424.0,0,0.0,0.0,,0.0,normalDay
2022-06-03,5752.0,295.0,0.0,0,410.54,0.0,1,31.82,28.87,SPY220930P00424000,424.0,0,0.0,0.0,,0.0,normalDay
2022-06-06,5752.0,383.0,0.0,0,411.79,0.0,1,31.82,27.99,SPY220930P00424000,424.0,0,0.0,0.0,,0.0,normalDay
2022-06-07,5752.0,598.0,0.0,0,415.74,0.0,1,31.82,25.84,SPY220930P00424000,424.0,0,0.0,0.0,,0.0,normalDay
2022-06-08,5752.0,400.0,0.0,0,411.22,0.0,1,31.82,27.82,SPY220930P00424000,424.0,0,0.0,0.0,,0.0,normalDay
2022-06-09,5752.0,-216.0,0.0,0,401.44,0.0,1,31.82,33.98,SPY220930P00424000,424.0,0,0.0,0.0,,0.0,normalDay
2022-06-10,5752.0,-1018.0,0.0,0,389.8,0.0,1,31.82,42.0,SPY220930P00424000,424.0,0,0.0,0.0,,0.0,normalDay
2022-06-13,5752.0,-2255.0,0.0,0,375.0,0.0,1,31.82,54.37,SPY220930P00424000,424.0,0,0.0,0.0,,0.0,normalDay
2022-06-14,5752.0,-2389.0,0.0,0,373.87,0.0,1,31.82,55.71,SPY220930P00424000,424.0,0,0.0,0.0,,0.0,normalDay
2022-06-15,5752.0,-1841.0,0.0,0,379.2,0.0,1,31.82,50.23,SPY220930P00424000,424.0,0,0.0,0.0,,0.0,normalDay
2022-06-16,5752.0,-2881.0,0.0,0,366.65,0.0,1,31.82,60.63,SPY220930P00424000,424.0,0,0.0,0.0,,0.0,normalDay
2022-06-17,5752.0,-2774.0,0.0,0,365.86,0.0,1,31.82,59.56,SPY220930P00424000,424.0,0,0.0,0.0,,0.0,normalDay
2022-06-21,5752.0,-1998.0,0.0,0,375.07,0.0,1,31.82,51.8,SPY220930P00424000,424.0,0,0.0,0.0,,0.0,normalDay
2022-06-22,5752.0,-2012.0,0.0,0,374.39,0.0,1,31.82,51.94,SPY220930P00424000,424.0,0,0.0,0.0,,0.0,normalDay
2022-06-23,5752.0,-1815.0,0.0,0,378.06,0.0,1,31.82,49.97,SPY220930P00424000,424.0,0,0.0,0.0,,0.0,normalDay
2022-06-24,5752.0,-827.0,0.0,0,390.08,0.0,1,31.82,40.09,SPY220930P00424000,424.0,0,0.0,0.0,,0.0,normalDay
2022-06-27,5752.0,-774.0,0.0,0,388.59,0.0,1,31.82,39.56,SPY220930P00424000,424.0,0,0.0,0.0,,0.0,normalDay
2022-06-28,5752.0,-1473.0,0.0,0,380.65,0.0,1,31.82,46.55,SPY220930P00424000,424.0,0,0.0,0.0,,0.0,normalDay
2022-06-29,5752.0,-1459.0,0.0,0,380.34,0.0,1,31.82,46.41,SPY220930P00424000,424.0,0,0.0,0.0,,0.0,normalDay
2022-06-30,5752.0,-1826.0,0.0,0,377.25,0.0,1,31.82,50.08,SPY220930P00424000,424.0,0,0.0,0.0,,0.0,normalDay
2022-07-01,5752.0,-1418.0,0.0,0,381.24,0.0,1,31.82,46.0,SPY220930P00424000,424.0,0,0.0,0.0,,0.0,normalDay
2022-07-05,5752.0,-1364.0,0.0,0,381.96,0.0,1,31.82,45.46,SPY220930P00424000,424.0,0,0.0,0.0,,0.0,normalDay
2022-07-06,5752.0,-1175.0,0.0,0,383.25,0.0,1,31.82,43.57,SPY220930P00424000,424.0,0,0.0,0.0,,0.0,normalDay
2022-07-07,5752.0,-740.0,0.0,0,388.99,0.0,1,31.82,39.22,SPY220930P00424000,424.0,0,0.0,0.0,,0.0,normalDay
2022-07-08,5752.0,-686.0,0.0,0,388.67,0.0,1,31.82,38.68,SPY220930P00424000,424.0,0,0.0,0.0,,0.0,normalDay
2022-07-11,5752.0,-1048.0,0.0,0,384.23,0.0,1,31.82,42.3,SPY220930P00424000,424.0,0,0.0,0.0,,0.0,normalDay
2022-07-12,5752.0,-1395.0,0.0,0,380.83,0.0,1,31.82,45.77,SPY220930P00424000,424.0,0,0.0,0.0,,0.0,normalDay
2022-07-13,5752.0,-1562.0,0.0,0,378.83,0.0,1,31.82,47.44,SPY220930P00424000,424.0,0,0.0,0.0,,0.0,normalDay
2022-07-14,5752.0,-1600.0,0.0,0,377.91,0.0,1,31.82,47.82,SPY220930P00424000,424.0,0,0.0,0.0,,0.0,normalDay
2022-07-15,5752.0,-952.0,0.0,0,385.13,0.0,1,31.82,41.34,SPY220930P00424000,424.0,0,0.0,0.0,,0.0,normalDay
2022-07-18,5752.0,-1222.0,0.0,0,381.95,0.0,1,31.82,44.04,SPY220930P00424000,424.0,0,0.0,0.0,,0.0,normalDay
2022-07-19,5752.0,-334.0,0.0,0,392.27,0.0,1,31.82,35.16,SPY220930P00424000,424.0,0,0.0,0.0,,0.0,normalDay
2022-07-20,5752.0,-150.0,0.0,0,394.77,0.0,1,31.82,33.32,SPY220930P00424000,424.0,0,0.0,0.0,,0.0,normalDay
2022-07-21,5752.0,132.0,0.0,0,398.79,0.0,1,31.82,30.5,SPY220930P00424000,424.0,0,0.0,0.0,,0.0,normalDay
2022-07-22,5752.0,-155.0,0.0,0,395.09,0.0,1,31.82,33.37,SPY220930P00424000,424.0,0,0.0,0.0,,0.0,normalDay
2022-07-25,5752.0,-17.0,0.0,0,395.57,0.0,1,31.82,31.99,SPY220930P00424000,424.0,0,0.0,0.0,,0.0,normalDay
2022-07-26,5752.0,-379.0,0.0,0,390.89,0.0,1,31.82,35.61,SPY220930P00424000,424.0,0,0.0,0.0,,0.0,normalDay
2022-07-27,5752.0,340.0,0.0,0,401.04,0.0,1,31.82,28.42,SPY220930P00424000,424.0,0,0.0,0.0,,0.0,normalDay
2022-07-28,5752.0,840.0,0.0,0,406.07,0.0,1,31.82,23.42,SPY220930P00424000,424.0,0,0.0,0.0,,0.0,normalDay
2022-07-29,5752.0,1203.0,0.0,0,411.99,0.0,1,31.82,19.79,SPY220930P00424000,424.0,0,0.0,0.0,,0.0,normalDay
2022-08-01,5752.0,1110.0,0.0,0,410.77,0.0,1,31.82,20.72,SPY220930P00424000,424.0,0,0.0,0.0,,0.0,normalDay
2022-08-02,5752.0,887.0,0.0,0,408.06,0.0,1,31.82,22.95,SPY220930P00424000,424.0,0,0.0,0.0,,0.0,normalDay
2022-08-03,5752.0,1332.0,0.0,0,414.45,0.0,1,31.82,18.5,SPY220930P00424000,424.0,0,0.0,0.0,,0.0,normalDay
2022-08-04,5752.0,1361.0,0.0,0,414.17,0.0,1,31.82,18.21,SPY220930P00424000,424.0,0,0.0,0.0,,0.0,normalDay
2022-08-05,5752.0,1316.0,0.0,0,413.47,0.0,1,31.82,18.66,SPY220930P00424000,424.0,0,0.0,0.0,,0.0,normalDay
2022-08-08,5752.0,1341.0,0.0,0,412.99,0.0,1,31.82,18.41,SPY220930P00424000,424.0,0,0.0,0.0,,0.0,normalDay
2022-08-09,5752.0,1253.0,0.0,0,411.35,0.0,1,31.82,19.29,SPY220930P00424000,424.0,0,0.0,0.0,,0.0,normalDay
2022-08-10,5752.0,1775.0,0.0,0,419.99,0.0,1,31.82,14.07,SPY220930P00424000,424.0,0,0.0,0.0,,0.0,normalDay
2022-08-11,5752.0,1814.0,0.0,0,419.99,0.0,1,31.82,13.68,SPY220930P00424000,424.0,0,0.0,0.0,,0.0,normalDay
2022-08-12,5752.0,2115.0,0.0,0,427.1,0.0,1,31.82,10.67,SPY220930P00424000,424.0,0,0.0,0.0,,0.0,normalDay
2022-08-15,5752.0,2212.0,0.0,0,428.86,0.0,1,31.82,9.7,SPY220930P00424000,424.0,0,0.0,0.0,,0.0,normalDay
2022-08-16,5752.0,2254.0,0.0,0,429.7,0.0,1,31.82,9.28,SPY220930P00424000,424.0,0,0.0,0.0,,0.0,normalDay
2022-08-17,5752.0,2136.0,0.0,0,426.65,0.0,1,31.82,10.46,SPY220930P00424000,424.0,0,0.0,0.0,,0.0,normalDay
2022-08-18,5752.0,2220.0,0.0,0,427.89,0.0,1,31.82,9.62,SPY220930P00424000,424.0,0,0.0,0.0,,0.0,normalDay
2022-08-19,5752.0,1951.0,0.0,0,422.14,0.0,1,31.82,12.31,SPY220930P00424000,424.0,0,0.0,0.0,,0.0,normalDay
2022-08-22,5752.0,1443.0,0.0,0,413.35,0.0,1,31.82,17.39,SPY220930P00424000,424.0,0,0.0,0.0,,0.0,normalDay
2022-08-23,5752.0,1351.0,0.0,0,412.35,0.0,1,31.82,18.31,SPY220930P00424000,424.0,0,0.0,0.0,,0.0,normalDay
2022-08-24,5752.0,1523.0,0.0,0,413.67,0.0,1,31.82,16.59,SPY220930P00424000,424.0,0,0.0,0.0,,0.0,normalDay
2022-08-25,5752.0,1866.0,0.0,0,419.51,0.0,1,31.82,13.16,SPY220930P00424000,424.0,0,0.0,0.0,,0.0,normalDay
2022-08-26,5752.0,862.0,0.0,0,405.31,0.0,1,31.82,23.2,SPY220930P00424000,424.0,0,0.0,0.0,,0.0,normalDay
2022-08-29,5752.0,700.0,0.0,0,402.63,0.0,1,31.82,24.82,SPY220930P00424000,424.0,0,0.0,0.0,,0.0,normalDay
2022-08-30,5752.0,344.0,0.0,0,398.21,0.0,1,31.82,28.38,SPY220930P00424000,424.0,0,0.0,0.0,,0.0,normalDay
2022-08-31,5752.0,107.0,0.0,0,395.18,0.0,1,31.82,30.75,SPY220930P00424000,424.0,0,0.0,0.0,,0.0,normalDay
2022-09-01,5752.0,203.0,0.0,0,396.42,0.0,1,31.82,29.79,SPY220930P00424000,424.0,0,0.0,0.0,,0.0,normalDay
2022-09-02,5752.0,-141.0,0.0,0,392.24,0.0,1,31.82,33.23,SPY220930P00424000,424.0,0,0.0,0.0,,0.0,normalDay
2022-09-06,5752.0,-379.0,0.0,0,390.76,0.0,1,31.82,35.61,SPY220930P00424000,424.0,0,0.0,0.0,,0.0,normalDay
2022-09-07,5752.0,312.0,0.0,0,397.78,0.0,1,31.82,28.7,SPY220930P00424000,424.0,0,0.0,0.0,,0.0,normalDay
2022-09-08,5752.0,627.0,0.0,0,400.38,0.0,1,31.82,25.55,SPY220930P00424000,424.0,0,0.0,0.0,,0.0,normalDay
2022-09-09,5752.0,1113.0,0.0,0,406.6,0.0,1,31.82,20.69,SPY220930P00424000,424.0,0,0.0,0.0,,0.0,normalDay
2022-09-12,5752.0,1500.0,0.0,0,410.97,0.0,1,31.82,16.82,SPY220930P00424000,424.0,0,0.0,0.0,,0.0,normalDay
2022-09-13,5752.0,-102.0,0.0,0,393.1,0.0,1,31.82,32.84,SPY220930P00424000,424.0,0,0.0,0.0,,0.0,normalDay
2022-09-14,5752.0,63.0,0.0,0,394.6,0.0,1,31.82,31.19,SPY220930P00424000,424.0,0,0.0,0.0,,0.0,normalDay
2022-09-15,5752.0,-291.0,0.0,0,390.12,0.0,1,31.82,34.73,SPY220930P00424000,424.0,0,0.0,0.0,,0.0,normalDay
2022-09-16,5752.0,-633.0,0.0,0,385.56,0.0,1,31.82,38.15,SPY220930P00424000,424.0,0,0.0,0.0,,0.0,normalDay
2022-09-19,5752.0,-356.0,0.0,0,388.55,0.0,1,31.82,35.38,SPY220930P00424000,424.0,0,0.0,0.0,,0.0,normalDay
2022-09-20,5752.0,-761.0,0.0,0,384.09,0.0,1,31.82,39.43,SPY220930P00424000,424.0,0,0.0,0.0,,0.0,normalDay
2022-09-21,5752.0,-1492.0,0.0,0,377.39,0.0,1,31.82,46.74,SPY220930P00424000,424.0,0,0.0,0.0,,0.0,normalDay
2022-09-22,5752.0,-1767.0,0.0,0,374.22,0.0,1,31.82,49.49,SPY220930P00424000,424.0,0,0.0,0.0,,0.0,normalDay
2022-09-23,5752.0,-2471.0,0.0,0,367.95,0.0,1,31.82,56.53,SPY220930P00424000,424.0,0,0.0,0.0,,0.0,normalDay
2022-09-26,5752.0,-2862.0,0.0,0,364.31,0.0,1,31.82,60.44,SPY220930P00424000,424.0,0,0.0,0.0,,0.0,normalDay
2022-09-27,5752.0,-2898.0,0.0,0,363.38,0.0,1,31.82,60.8,SPY220930P00424000,424.0,0,0.0,0.0,,0.0,normalDay
2022-09-28,5752.0,-2185.0,0.0,0,370.53,0.0,1,31.82,53.67,SPY220930P00424000,424.0,0,0.0,0.0,,0.0,normalDay
2022-09-29,5752.0,-2937.0,0.0,0,362.79,0.0,1,31.82,61.19,SPY220930P00424000,424.0,0,0.0,0.0,,0.0,normalDay
2022-09-30,8934.0,-6682.0,3182.0,100,357.18,424.0,1,31.82,0.0,SPY220930P00424000,424.0,0,0.0,0.0,,0.0,expirationDay
2022-10-03,8934.0,-5742.0,0.0,100,366.61,424.0,0,0.0,0.0,,0.0,1,0.07,0.1,SPY221118C00450000,450.0,normalDay
2022-10-04,8934.0,-4620.0,0.0,100,377.97,424.0,0,0.0,0.0,,0.0,1,0.07,0.24,SPY221118C00450000,450.0,normalDay
2022-10-05,8934.0,-4700.0,0.0,100,377.09,424.0,0,0.0,0.0,,0.0,1,0.07,0.16,SPY221118C00450000,450.0,normalDay
2022-10-06,8934.0,-5086.0,0.0,100,373.2,424.0,0,0.0,0.0,,0.0,1,0.07,0.13,SPY221118C00450000,450.0,normalDay
2022-10-07,8934.0,-6121.0,0.0,100,362.79,424.0,0,0.0,0.0,,0.0,1,0.07,0.07,SPY221118C00450000,450.0,normalDay
2022-10-10,8934.0,-6398.0,0.0,100,360.02,424.0,0,0.0,0.0,,0.0,1,0.07,0.07,SPY221118C00450000,450.0,normalDay
2022-10-11,8934.0,-6625.0,0.0,100,357.74,424.0,0,0.0,0.0,,0.0,1,0.07,0.06,SPY221118C00450000,450.0,normalDay
2022-10-12,8934.0,-6744.0,0.0,100,356.56,424.0,0,0.0,0.0,,0.0,1,0.07,0.07,SPY221118C00450000,450.0,normalDay
2022-10-13,8934.0,-5808.0,0.0,100,365.97,424.0,0,0.0,0.0,,0.0,1,0.07,0.12,SPY221118C00450000,450.0,normalDay
2022-10-14,8934.0,-6637.0,0.0,100,357.63,424.0,0,0.0,0.0,,0.0,1,0.07,0.07,SPY221118C00450000,450.0,normalDay
2022-10-17,8934.0,-5719.0,0.0,100,366.82,424.0,0,0.0,0.0,,0.0,1,0.07,0.08,SPY221118C00450000,450.0,normalDay
2022-10-18,8934.0,-5291.0,0.0,100,371.13,424.0,0,0.0,0.0,,0.0,1,0.07,0.11,SPY221118C00450000,450.0,normalDay
2022-10-19,8934.0,-5551.0,0.0,100,368.5,424.0,0,0.0,0.0,,0.0,1,0.07,0.08,SPY221118C00450000,450.0,normalDay
2022-10-20,8934.0,-5857.0,0.0,100,365.41,424.0,0,0.0,0.0,,0.0,1,0.07,0.05,SPY221118C00450000,450.0,normalDay
2022-10-21,8934.0,-4973.0,0.0,100,374.29,424.0,0,0.0,0.0,,0.0,1,0.07,0.09,SPY221118C00450000,450.0,normalDay
2022-10-24,8934.0,-4516.0,0.0,100,378.87,424.0,0,0.0,0.0,,0.0,1,0.07,0.1,SPY221118C00450000,450.0,normalDay
2022-10-25,8934.0,-3910.0,0.0,100,384.92,424.0,0,0.0,0.0,,0.0,1,0.07,0.09,SPY221118C00450000,450.0,normalDay
2022-10-26,8934.0,-4197.0,0.0,100,382.02,424.0,0,0.0,0.0,,0.0,1,0.07,0.06,SPY221118C00450000,450.0,normalDay
2022-10-27,8934.0,-4399.0,0.0,100,379.98,424.0,0,0.0,0.0,,0.0,1,0.07,0.04,SPY221118C00450000,450.0,normalDay
2022-10-28,8934.0,-3498.0,0.0,100,389.02,424.0,0,0.0,0.0,,0.0,1,0.07,0.07,SPY221118C00450000,450.0,normalDay
2022-10-31,8934.0,-3776.0,0.0,100,386.21,424.0,0,0.0,0.0,,0.0,1,0.07,0.04,SPY221118C00450000,450.0,normalDay
2022-11-01,8934.0,-3945.0,0.0,100,384.52,424.0,0,0.0,0.0,,0.0,1,0.07,0.04,SPY221118C00450000,450.0,normalDay
2022-11-02,8934.0,-4908.0,0.0,100,374.87,424.0,0,0.0,0.0,,0.0,1,0.07,0.02,SPY221118C00450000,450.0,normalDay
2022-11-03,8934.0,-5294.0,0.0,100,371.01,424.0,0,0.0,0.0,,0.0,1,0.07,0.02,SPY221118C00450000,450.0,normalDay
2022-11-04,8934.0,-4760.0,0.0,100,376.35,424.0,0,0.0,0.0,,0.0,1,0.07,0.02,SPY221118C00450000,450.0,normalDay
2022-11-07,8934.0,-4399.0,0.0,100,379.95,424.0,0,0.0,0.0,,0.0,1,0.07,0.01,SPY221118C00450000,450.0,normalDay
2022-11-08,8934.0,-4194.0,0.0,100,382.0,424.0,0,0.0,0.0,,0.0,1,0.07,0.01,SPY221118C00450000,450.0,normalDay
2022-11-09,8934.0,-4981.0,0.0,100,374.13,424.0,0,0.0,0.0,,0.0,1,0.07,0.01,SPY221118C00450000,450.0,normalDay
2022-11-10,8934.0,-2925.0,0.0,100,394.69,424.0,0,0.0,0.0,,0.0,1,0.07,0.01,SPY221118C00450000,450.0,normalDay
2022-11-11,8934.0,-2543.0,0.0,100,398.51,424.0,0,0.0,0.0,,0.0,1,0.07,0.01,SPY221118C00450000,450.0,normalDay
2022-11-14,8934.0,-2882.0,0.0,100,395.12,424.0,0,0.0,0.0,,0.0,1,0.07,0.01,SPY221118C00450000,450.0,normalDay
2022-11-15,8934.0,-2545.0,0.0,100,398.49,424.0,0,0.0,0.0,,0.0,1,0.07,0.01,SPY221118C00450000,450.0,normalDay
2022-11-16,8934.0,-2849.0,0.0,100,395.45,424.0,0,0.0,0.0,,0.0,1,0.07,0.01,SPY221118C00450000,450.0,normalDay
2022-11-17,8934.0,-2970.0,0.0,100,394.24,424.0,0,0.0,0.0,,0.0,1,0.07,0.01,SPY221118C00450000,450.0,normalDay
2022-11-18,8941.0,-2797.0,7.0,100,396.03,424.0,0,0.0,0.0,,0.0,1,0.07,0.0,SPY221118C00450000,450.0,expirationDay
2022-11-21,8941.0,-2944.0,0.0,100,394.59,424.0,0,0.0,0.0,,0.0,1,1.02,1.05,SPY221230C00425000,425.0,normalDay
2022-11-22,8941.0,-2448.0,0.0,100,399.9,424.0,0,0.0,0.0,,0.0,1,1.02,1.4,SPY221230C00425000,425.0,normalDay
2022-11-23,8941.0,-2203.0,0.0,100,402.42,424.0,0,0.0,0.0,,0.0,1,1.02,1.47,SPY221230C00425000,425.0,normalDay
2022-11-25,8941.0,-2197.0,0.0,100,402.33,424.0,0,0.0,0.0,,0.0,1,1.02,1.32,SPY221230C00425000,425.0,normalDay
2022-11-28,8941.0,-2774.0,0.0,100,395.91,424.0,0,0.0,0.0,,0.0,1,1.02,0.67,SPY221230C00425000,425.0,normalDay
2022-11-29,8941.0,-2830.0,0.0,100,395.23,424.0,0,0.0,0.0,,0.0,1,1.02,0.55,SPY221230C00425000,425.0,normalDay
2022-11-30,8941.0,-1749.0,0.0,100,407.68,424.0,0,0.0,0.0,,0.0,1,1.02,2.19,SPY221230C00425000,425.0,normalDay
2022-12-01,8941.0,-1740.0,0.0,100,407.38,424.0,0,0.0,0.0,,0.0,1,1.02,1.8,SPY221230C00425000,425.0,normalDay
2022-12-02,8941.0,-1732.0,0.0,100,406.91,424.0,0,0.0,0.0,,0.0,1,1.02,1.25,SPY221230C00425000,425.0,normalDay
2022-12-05,8941.0,-2390.0,0.0,100,399.59,424.0,0,0.0,0.0,,0.0,1,1.02,0.51,SPY221230C00425000,425.0,normalDay
2022-12-06,8941.0,-2948.0,0.0,100,393.83,424.0,0,0.0,0.0,,0.0,1,1.02,0.33,SPY221230C00425000,425.0,normalDay
2022-12-07,8941.0,-3009.0,0.0,100,393.16,424.0,0,0.0,0.0,,0.0,1,1.02,0.27,SPY221230C00425000,425.0,normalDay
2022-12-08,8941.0,-2709.0,0.0,100,396.24,424.0,0,0.0,0.0,,0.0,1,1.02,0.35,SPY221230C00425000,425.0,normalDay
2022-12-09,8941.0,-2992.0,0.0,100,393.28,424.0,0,0.0,0.0,,0.0,1,1.02,0.22,SPY221230C00425000,425.0,normalDay
2022-12-12,8941.0,-2470.0,0.0,100,398.95,424.0,0,0.0,0.0,,0.0,1,1.02,0.67,SPY221230C00425000,425.0,normalDay
2022-12-13,8941.0,-2154.0,0.0,100,401.97,424.0,0,0.0,0.0,,0.0,1,1.02,0.53,SPY221230C00425000,425.0,normalDay
2022-12-14,8941.0,-2375.0,0.0,100,399.4,424.0,0,0.0,0.0,,0.0,1,1.02,0.17,SPY221230C00425000,425.0,normalDay
2022-12-15,8941.0,-3342.0,0.0,100,389.63,424.0,0,0.0,0.0,,0.0,1,1.02,0.07,SPY221230C00425000,425.0,normalDay
2022-12-16,8941.0,-3976.0,0.0,100,383.27,424.0,0,0.0,0.0,,0.0,1,1.02,0.05,SPY221230C00425000,425.0,normalDay
2022-12-19,8941.0,-4298.0,0.0,100,380.02,424.0,0,0.0,0.0,,0.0,1,1.02,0.02,SPY221230C00425000,425.0,normalDay
2022-12-20,8941.0,-4246.0,0.0,100,380.54,424.0,0,0.0,0.0,,0.0,1,1.02,0.02,SPY221230C00425000,425.0,normalDay
2022-12-21,8941.0,-3677.0,0.0,100,386.23,424.0,0,0.0,0.0,,0.0,1,1.02,0.02,SPY221230C00425000,425.0,normalDay
2022-12-22,8941.0,-4228.0,0.0,100,380.72,424.0,0,0.0,0.0,,0.0,1,1.02,0.02,SPY221230C00425000,425.0,normalDay
2022-12-23,8941.0,-4008.0,0.0,100,382.91,424.0,0,0.0,0.0,,0.0,1,1.02,0.01,SPY221230C00425000,425.0,normalDay
2022-12-27,8941.0,-4159.0,0.0,100,381.4,424.0,0,0.0,0.0,,0.0,1,1.02,0.01,SPY221230C00425000,425.0,normalDay
2022-12-28,8941.0,-4633.0,0.0,100,376.66,424.0,0,0.0,0.0,,0.0,1,1.02,0.01,SPY221230C00425000,425.0,normalDay
2022-12-29,8941.0,-3955.0,0.0,100,383.44,424.0,0,0.0,0.0,,0.0,1,1.02,0.01,SPY221230C00425000,425.0,normalDay
2022-12-30,9043.0,-4157.0,102.0,100,382.43,424.0,0,0.0,0.0,,0.0,1,1.02,0.0,SPY221230C00425000,425.0,expirationDay
2023-01-03,9043.0,-4321.0,0.0,100,380.82,424.0,0,0.0,0.0,,0.0,1,0.65,0.68,SPY230217C00423000,423.0,normalDay
2023-01-04,9043.0,-4036.0,0.0,100,383.76,424.0,0,0.0,0.0,,0.0,1,0.65,0.77,SPY230217C00423000,423.0,normalDay
2023-01-05,9043.0,-4448.0,0.0,100,379.38,424.0,0,0.0,0.0,,0.0,1,0.65,0.51,SPY230217C00423000,423.0,normalDay
2023-01-06,9043.0,-3619.0,0.0,100,388.08,424.0,0,0.0,0.0,,0.0,1,0.65,0.92,SPY230217C00423000,423.0,normalDay
2023-01-09,9043.0,-3637.0,0.0,100,387.86,424.0,0,0.0,0.0,,0.0,1,0.65,0.88,SPY230217C00423000,423.0,normalDay
2023-01-10,9043.0,-3367.0,0.0,100,390.58,424.0,0,0.0,0.0,,0.0,1,0.65,0.9,SPY230217C00423000,423.0,normalDay
2023-01-11,9043.0,-2938.0,0.0,100,395.52,424.0,0,0.0,0.0,,0.0,1,0.65,1.55,SPY230217C00423000,423.0,normalDay
2023-01-12,9043.0,-2760.0,0.0,100,396.96,424.0,0,0.0,0.0,,0.0,1,0.65,1.21,SPY230217C00423000,423.0,normalDay
2023-01-13,9043.0,-2592.0,0.0,100,398.5,424.0,0,0.0,0.0,,0.0,1,0.65,1.07,SPY230217C00423000,423.0,normalDay
2023-01-17,9043.0,-2644.0,0.0,100,397.77,424.0,0,0.0,0.0,,0.0,1,0.65,0.86,SPY230217C00423000,423.0,normalDay
2023-01-18,9043.0,-3226.0,0.0,100,391.49,424.0,0,0.0,0.0,,0.0,1,0.65,0.4,SPY230217C00423000,423.0,normalDay
2023-01-19,9043.0,-3496.0,0.0,100,388.64,424.0,0,0.0,0.0,,0.0,1,0.65,0.25,SPY230217C00423000,423.0,normalDay
2023-01-20,9043.0,-2800.0,0.0,100,395.88,424.0,0,0.0,0.0,,0.0,1,0.65,0.53,SPY230217C00423000,423.0,normalDay
2023-01-23,9043.0,-2362.0,0.0,100,400.63,424.0,0,0.0,0.0,,0.0,1,0.65,0.9,SPY230217C00423000,423.0,normalDay
2023-01-24,9043.0,-2403.0,0.0,100,400.2,424.0,0,0.0,0.0,,0.0,1,0.65,0.88,SPY230217C00423000,423.0,normalDay
2023-01-25,9043.0,-2370.0,0.0,100,400.35,424.0,0,0.0,0.0,,0.0,1,0.65,0.7,SPY230217C00423000,423.0,normalDay
2023-01-26,9043.0,-1971.0,0.0,100,404.75,424.0,0,0.0,0.0,,0.0,1,0.65,1.11,SPY230217C00423000,423.0,normalDay
2023-01-27,9043.0,-1883.0,0.0,100,405.68,424.0,0,0.0,0.0,,0.0,1,0.65,1.16,SPY230217C00423000,423.0,normalDay
2023-01-30,9043.0,-2343.0,0.0,100,400.59,424.0,0,0.0,0.0,,0.0,1,0.65,0.67,SPY230217C00423000,423.0,normalDay
2023-01-31,9043.0,-1799.0,0.0,100,406.48,424.0,0,0.0,0.0,,0.0,1,0.65,1.12,SPY230217C00423000,423.0,normalDay
2023-02-01,9043.0,-1436.0,0.0,100,410.8,424.0,0,0.0,0.0,,0.0,1,0.65,1.81,SPY230217C00423000,423.0,normalDay
2023-02-02,9043.0,-958.0,0.0,100,416.78,424.0,0,0.0,0.0,,0.0,1,0.65,3.01,SPY230217C00423000,423.0,normalDay
2023-02-03,9043.0,-1284.0,0.0,100,412.35,424.0,0,0.0,0.0,,0.0,1,0.65,1.84,SPY230217C00423000,423.0,normalDay
2023-02-06,9043.0,-1472.0,0.0,100,409.83,424.0,0,0.0,0.0,,0.0,1,0.65,1.2,SPY230217C00423000,423.0,normalDay
2023-02-07,9043.0,-1009.0,0.0,100,415.19,424.0,0,0.0,0.0,,0.0,1,0.65,1.93,SPY230217C00423000,423.0,normalDay
2023-02-08,9043.0,-1378.0,0.0,100,410.65,424.0,0,0.0,0.0,,0.0,1,0.65,1.08,SPY230217C00423000,423.0,normalDay
2023-02-09,9043.0,-1690.0,0.0,100,407.09,424.0,0,0.0,0.0,,0.0,1,0.65,0.64,SPY230217C00423000,423.0,normalDay
2023-02-10,9043.0,-1578.0,0.0,100,408.04,424.0,0,0.0,0.0,,0.0,1,0.65,0.47,SPY230217C00423000,423.0,normalDay
2023-02-13,9043.0,-1144.0,0.0,100,412.83,424.0,0,0.0,0.0,,0.0,1,0.65,0.92,SPY230217C00423000,423.0,normalDay
2023-02-14,9043.0,-1088.0,0.0,100,412.64,424.0,0,0.0,0.0,,0.0,1,0.65,0.17,SPY230217C00423000,423.0,normalDay
2023-02-15,9043.0,-947.0,0.0,100,413.98,424.0,0,0.0,0.0,,0.0,1,0.65,0.1,SPY230217C00423000,423.0,normalDay
2023-02-16,9043.0,-1508.0,0.0,100,408.28,424.0,0,0.0,0.0,,0.0,1,0.65,0.01,SPY230217C00423000,423.0,normalDay
2023-02-17,9108.0,-1674.0,65.0,100,407.26,424.0,0,0.0,0.0,,0.0,1,0.65,0.0,SPY230217C00423000,423.0,expirationDay
2023-02-21,9108.0,-2494.0,0.0,100,399.09,424.0,0,0.0,0.0,,0.0,1,0.6,0.63,SPY230331C00431000,431.0,normalDay
2023-02-22,9108.0,-2531.0,0.0,100,398.54,424.0,0,0.0,0.0,,0.0,1,0.6,0.45,SPY230331C00431000,431.0,normalDay
2023-02-23,9108.0,-2322.0,0.0,100,400.66,424.0,0,0.0,0.0,,0.0,1,0.6,0.48,SPY230331C00431000,431.0,normalDay
2023-02-24,9108.0,-2733.0,0.0,100,396.38,424.0,0,0.0,0.0,,0.0,1,0.6,0.31,SPY230331C00431000,431.0,normalDay
2023-02-27,9108.0,-2595.0,0.0,100,397.73,424.0,0,0.0,0.0,,0.0,1,0.6,0.28,SPY230331C00431000,431.0,normalDay
2023-02-28,9108.0,-2733.0,0.0,100,396.26,424.0,0,0.0,0.0,,0.0,1,0.6,0.19,SPY230331C00431000,431.0,normalDay
2023-03-01,9108.0,-2881.0,0.0,100,394.74,424.0,0,0.0,0.0,,0.0,1,0.6,0.15,SPY230331C00431000,431.0,normalDay
2023-03-02,9108.0,-2577.0,0.0,100,397.81,424.0,0,0.0,0.0,,0.0,1,0.6,0.18,SPY230331C00431000,431.0,normalDay
2023-03-03,9108.0,-1962.0,0.0,100,404.19,424.0,0,0.0,0.0,,0.0,1,0.6,0.41,SPY230331C00431000,431.0,normalDay
2023-03-06,9108.0,-1931.0,0.0,100,404.47,424.0,0,0.0,0.0,,0.0,1,0.6,0.38,SPY230331C00431000,431.0,normalDay
2023-03-07,9108.0,-2530.0,0.0,100,398.27,424.0,0,0.0,0.0,,0.0,1,0.6,0.17,SPY230331C00431000,431.0,normalDay
2023-03-08,9108.0,-2463.0,0.0,100,398.92,424.0,0,0.0,0.0,,0.0,1,0.6,0.15,SPY230331C00431000,431.0,normalDay
2023-03-09,9108.0,-3193.0,0.0,100,391.56,424.0,0,0.0,0.0,,0.0,1,0.6,0.09,SPY230331C00431000,431.0,normalDay
2023-03-10,9108.0,-3754.0,0.0,100,385.91,424.0,0,0.0,0.0,,0.0,1,0.6,0.05,SPY230331C00431000,431.0,normalDay
2023-03-13,9108.0,-3810.0,0.0,100,385.36,424.0,0,0.0,0.0,,0.0,1,0.6,0.06,SPY230331C00431000,431.0,normalDay
2023-03-14,9108.0,-3171.0,0.0,100,391.73,424.0,0,0.0,0.0,,0.0,1,0.6,0.04,SPY230331C00431000,431.0,normalDay
2023-03-15,9108.0,-3415.0,0.0,100,389.28,424.0,0,0.0,0.0,,0.0,1,0.6,0.03,SPY230331C00431000,431.0,normalDay
2023-03-16,9108.0,-2735.0,0.0,100,396.11,424.0,0,0.0,0.0,,0.0,1,0.6,0.06,SPY230331C00431000,431.0,normalDay
2023-03-17,9108.0,-3344.0,0.0,100,389.99,424.0,0,0.0,0.0,,0.0,1,0.6,0.03,SPY230331C00431000,431.0,normalDay
2023-03-20,9108.0,-2969.0,0.0,100,393.74,424.0,0,0.0,0.0,,0.0,1,0.6,0.03,SPY230331C00431000,431.0,normalDay
2023-03-21,9108.0,-2454.0,0.0,100,398.91,424.0,0,0.0,0.0,,0.0,1,0.6,0.05,SPY230331C00431000,431.0,normalDay
2023-03-22,9108.0,-3131.0,0.0,100,392.11,424.0,0,0.0,0.0,,0.0,1,0.6,0.02,SPY230331C00431000,431.0,normalDay
2023-03-23,9108.0,-3025.0,0.0,100,393.17,424.0,0,0.0,0.0,,0.0,1,0.6,0.02,SPY230331C00431000,431.0,normalDay
2023-03-24,9108.0,-2766.0,0.0,100,395.75,424.0,0,0.0,0.0,,0.0,1,0.6,0.01,SPY230331C00431000,431.0,normalDay
2023-03-27,9108.0,-2692.0,0.0,100,396.49,424.0,0,0.0,0.0,,0.0,1,0.6,0.01,SPY230331C00431000,431.0,normalDay
2023-03-28,9108.0,-2781.0,0.0,100,395.6,424.0,0,0.0,0.0,,0.0,1,0.6,0.01,SPY230331C00431000,431.0,normalDay
2023-03-29,9108.0,-2206.0,0.0,100,401.35,424.0,0,0.0,0.0,,0.0,1,0.6,0.01,SPY230331C00431000,431.0,normalDay
2023-03-30,9108.0,-1971.0,0.0,100,403.7,424.0,0,0.0,0.0,,0.0,1,0.6,0.01,SPY230331C00431000,431.0,normalDay
2023-03-31,9168.0,-1461.0,60.0,100,409.39,424.0,0,0.0,0.0,,0.0,1,0.6,0.0,SPY230331C00431000,431.0,expirationDay
2023-04-03,9168.0,-1309.0,0.0,100,410.95,424.0,0,0.0,0.0,,0.0,1,4.23,4.27,SPY230519C00425000,425.0,normalDay
2023-04-04,9168.0,-1454.0,0.0,100,408.67,424.0,0,0.0,0.0,,0.0,1,4.23,3.44,SPY230519C00425000,425.0,normalDay
2023-04-05,9168.0,-1515.0,0.0,100,407.6,424.0,0,0.0,0.0,,0.0,1,4.23,2.98,SPY230519C00425000,425.0,normalDay
2023-04-06,9168.0,-1372.0,0.0,100,409.19,424.0,0,0.0,0.0,,0.0,1,4.23,3.14,SPY230519C00425000,425.0,normalDay
2023-04-10,9168.0,-1328.0,0.0,100,409.61,424.0,0,0.0,0.0,,0.0,1,4.23,3.12,SPY230519C00425000,425.0,normalDay
2023-04-11,9168.0,-1307.0,0.0,100,409.72,424.0,0,0.0,0.0,,0.0,1,4.23,3.02,SPY230519C00425000,425.0,normalDay
2023-04-12,9168.0,-1392.0,0.0,100,408.05,424.0,0,0.0,0.0,,0.0,1,4.23,2.2,SPY230519C00425000,425.0,normalDay
2023-04-13,9168.0,-978.0,0.0,100,413.47,424.0,0,0.0,0.0,,0.0,1,4.23,3.48,SPY230519C00425000,425.0,normalDay
2023-04-14,9168.0,-1015.0,0.0,100,412.46,424.0,0,0.0,0.0,,0.0,1,4.23,2.84,SPY230519C00425000,425.0,normalDay
2023-04-17,9168.0,-873.0,0.0,100,413.94,424.0,0,0.0,0.0,,0.0,1,4.23,2.9,SPY230519C00425000,425.0,normalDay
2023-04-18,9168.0,-818.0,0.0,100,414.21,424.0,0,0.0,0.0,,0.0,1,4.23,2.62,SPY230519C00425000,425.0,normalDay
2023-04-19,9168.0,-802.0,0.0,100,414.14,424.0,0,0.0,0.0,,0.0,1,4.23,2.39,SPY230519C00425000,425.0,normalDay
2023-04-20,9168.0,-966.0,0.0,100,411.88,424.0,0,0.0,0.0,,0.0,1,4.23,1.77,SPY230519C00425000,425.0,normalDay
2023-04-21,9168.0,-914.0,0.0,100,412.2,424.0,0,0.0,0.0,,0.0,1,4.23,1.57,SPY230519C00425000,425.0,normalDay
2023-04-24,9168.0,-859.0,0.0,100,412.63,424.0,0,0.0,0.0,,0.0,1,4.23,1.45,SPY230519C00425000,425.0,normalDay
2023-04-25,9168.0,-1440.0,0.0,100,406.08,424.0,0,0.0,0.0,,0.0,1,4.23,0.71,SPY230519C00425000,425.0,normalDay
2023-04-26,9168.0,-1579.0,0.0,100,404.36,424.0,0,0.0,0.0,,0.0,1,4.23,0.38,SPY230519C00425000,425.0,normalDay
2023-04-27,9168.0,-868.0,0.0,100,412.41,424.0,0,0.0,0.0,,0.0,1,4.23,1.32,SPY230519C00425000,425.0,normalDay
2023-04-28,9168.0,-555.0,0.0,100,415.93,424.0,0,0.0,0.0,,0.0,1,4.23,1.71,SPY230519C00425000,425.0,normalDay
2023-05-01,9168.0,-566.0,0.0,100,415.51,424.0,0,0.0,0.0,,0.0,1,4.23,1.4,SPY230519C00425000,425.0,normalDay
2023-05-02,9168.0,-958.0,0.0,100,410.84,424.0,0,0.0,0.0,,0.0,1,4.23,0.65,SPY230519C00425000,425.0,normalDay
2023-05-03,9168.0,-1218.0,0.0,100,408.02,424.0,0,0.0,0.0,,0.0,1,4.23,0.43,SPY230519C00425000,425.0,normalDay
2023-05-04,9168.0,-1483.0,0.0,100,405.13,424.0,0,0.0,0.0,,0.0,1,4.23,0.19,SPY230519C00425000,425.0,normalDay
2023-05-05,9168.0,-754.0,0.0,100,412.63,424.0,0,0.0,0.0,,0.0,1,4.23,0.4,SPY230519C00425000,425.0,normalDay
2023-05-08,9168.0,-728.0,0.0,100,412.74,424.0,0,0.0,0.0,,0.0,1,4.23,0.25,SPY230519C00425000,425.0,normalDay
2023-05-09,9168.0,-902.0,0.0,100,410.93,424.0,0,0.0,0.0,,0.0,1,4.23,0.18,SPY230519C00425000,425.0,normalDay
2023-05-10,9168.0,-709.0,0.0,100,412.85,424.0,0,0.0,0.0,,0.0,1,4.23,0.17,SPY230519C00425000,425.0,normalDay
2023-05-11,9168.0,-771.0,0.0,100,412.13,424.0,0,0.0,0.0,,0.0,1,4.23,0.07,SPY230519C00425000,425.0,normalDay
2023-05-12,9168.0,-821.0,0.0,100,411.59,424.0,0,0.0,0.0,,0.0,1,4.23,0.03,SPY230519C00425000,425.0,normalDay
2023-05-15,9168.0,-679.0,0.0,100,413.01,424.0,0,0.0,0.0,,0.0,1,4.23,0.03,SPY230519C00425000,425.0,normalDay
2023-05-16,9168.0,-955.0,0.0,100,410.25,424.0,0,0.0,0.0,,0.0,1,4.23,0.03,SPY230519C00425000,425.0,normalDay
2023-05-17,9168.0,-458.0,0.0,100,415.23,424.0,0,0.0,0.0,,0.0,1,4.23,0.04,SPY230519C00425000,425.0,normalDay
2023-05-18,9168.0,-60.0,0.0,100,419.23,424.0,0,0.0,0.0,,0.0,1,4.23,0.06,SPY230519C00425000,425.0,normalDay
2023-05-19,9591.0,-538.0,423.0,100,418.62,424.0,0,0.0,0.0,,0.0,1,4.23,0.0,SPY230519C00425000,425.0,expirationDay
2023-05-22,9591.0,-525.0,0.0,100,418.79,424.0,0,0.0,0.0,,0.0,1,2.55,2.59,SPY230630C00430000,430.0,normalDay
2023-05-23,9591.0,-882.0,0.0,100,414.09,424.0,0,0.0,0.0,,0.0,1,2.55,1.46,SPY230630C00430000,430.0,normalDay
2023-05-24,9591.0,-1143.0,0.0,100,411.09,424.0,0,0.0,0.0,,0.0,1,2.55,1.07,SPY230630C00430000,430.0,normalDay
2023-05-25,9591.0,-823.0,0.0,100,414.65,424.0,0,0.0,0.0,,0.0,1,2.55,1.43,SPY230630C00430000,430.0,normalDay
2023-05-26,9591.0,-413.0,0.0,100,420.02,424.0,0,0.0,0.0,,0.0,1,2.55,2.7,SPY230630C00430000,430.0,normalDay
2023-05-30,9591.0,-363.0,0.0,100,420.18,424.0,0,0.0,0.0,,0.0,1,2.55,2.36,SPY230630C00430000,430.0,normalDay
2023-05-31,9591.0,-506.0,0.0,100,417.85,424.0,0,0.0,0.0,,0.0,1,2.55,1.46,SPY230630C00430000,430.0,normalDay
2023-06-01,9591.0,-181.0,0.0,100,421.82,424.0,0,0.0,0.0,,0.0,1,2.55,2.18,SPY230630C00430000,430.0,normalDay
2023-06-02,9591.0,196.0,0.0,100,427.92,424.0,0,0.0,0.0,,0.0,1,2.55,4.51,SPY230630C00430000,430.0,normalDay
2023-06-05,9591.0,178.0,0.0,100,427.1,424.0,0,0.0,0.0,,0.0,1,2.55,3.87,SPY230630C00430000,430.0,normalDay
2023-06-06,9591.0,258.0,0.0,100,428.03,424.0,0,0.0,0.0,,0.0,1,2.55,4.0,SPY230630C00430000,430.0,normalDay
2023-06-07,9591.0,209.0,0.0,100,426.55,424.0,0,0.0,0.0,,0.0,1,2.55,3.01,SPY230630C00430000,430.0,normalDay
2023-06-08,9591.0,387.0,0.0,100,429.13,424.0,0,0.0,0.0,,0.0,1,2.55,3.81,SPY230630C00430000,430.0,normalDay
2023-06-09,9591.0,406.0,0.0,100,429.9,424.0,0,0.0,0.0,,0.0,1,2.55,4.39,SPY230630C00430000,430.0,normalDay
2023-06-12,9591.0,564.0,0.0,100,433.8,424.0,0,0.0,0.0,,0.0,1,2.55,6.71,SPY230630C00430000,430.0,normalDay
2023-06-13,9591.0,654.0,0.0,100,436.66,424.0,0,0.0,0.0,,0.0,1,2.55,8.67,SPY230630C00430000,430.0,normalDay
2023-06-14,9591.0,674.0,0.0,100,437.18,424.0,0,0.0,0.0,,0.0,1,2.55,8.99,SPY230630C00430000,430.0,normalDay
2023-06-15,9591.0,839.0,0.0,100,442.6,424.0,0,0.0,0.0,,0.0,1,2.55,12.76,SPY230630C00430000,430.0,normalDay
2023-06-16,9591.0,629.0,0.0,100,439.46,424.0,0,0.0,0.0,,0.0,1,2.55,11.72,SPY230630C00430000,430.0,normalDay
2023-06-20,9591.0,704.0,0.0,100,437.18,424.0,0,0.0,0.0,,0.0,1,2.55,8.69,SPY230630C00430000,430.0,normalDay
2023-06-21,9591.0,651.0,0.0,100,434.94,424.0,0,0.0,0.0,,0.0,1,2.55,6.98,SPY230630C00430000,430.0,normalDay
2023-06-22,9591.0,753.0,0.0,100,436.51,424.0,0,0.0,0.0,,0.0,1,2.55,7.53,SPY230630C00430000,430.0,normalDay
2023-06-23,9591.0,692.0,0.0,100,433.21,424.0,0,0.0,0.0,,0.0,1,2.55,4.84,SPY230630C00430000,430.0,normalDay
2023-06-26,9591.0,669.0,0.0,100,431.44,424.0,0,0.0,0.0,,0.0,1,2.55,3.3,SPY230630C00430000,430.0,normalDay
2023-06-27,9591.0,804.0,0.0,100,436.17,424.0,0,0.0,0.0,,0.0,1,2.55,6.68,SPY230630C00430000,430.0,normalDay
2023-06-28,9591.0,760.0,0.0,100,436.39,424.0,0,0.0,0.0,,0.0,1,2.55,7.34,SPY230630C00430000,430.0,normalDay
2023-06-29,9591.0,819.0,0.0,100,438.11,424.0,0,0.0,0.0,,0.0,1,2.55,8.47,SPY230630C00430000,430.0,normalDay
2023-06-30,10446.0,819.0,855.0,0,443.28,0.0,0,0.0,0.0,,0.0,1,2.55,0.0,SPY230630C00430000,430.0,expirationDay
2023-07-03,10446.0,-90.0,0.0,0,443.79,0.0,1,15.04,15.94,SPY240628P00422000,422.0,0,0.0,0.0,,0.0,normalDay
2023-07-05,10446.0,-110.0,0.0,0,443.13,0.0,1,15.04,16.14,SPY240628P00422000,422.0,0,0.0,0.0,,0.0,normalDay
2023-07-06,10446.0,-251.0,0.0,0,439.66,0.0,1,15.04,17.55,SPY240628P00422000,422.0,0,0.0,0.0,,0.0,normalDay
2023-07-07,10446.0,-317.0,0.0,0,438.55,0.0,1,15.04,18.21,SPY240628P00422000,422.0,0,0.0,0.0,,0.0,normalDay
2023-07-10,10446.0,-227.0,0.0,0,439.66,0.0,1,15.04,17.31,SPY240628P00422000,422.0,0,0.0,0.0,,0.0,normalDay
2023-07-11,10446.0,-127.0,0.0,0,442.46,0.0,1,15.04,16.31,SPY240628P00422000,422.0,0,0.0,0.0,,0.0,normalDay
2023-07-12,10446.0,-9.0,0.0,0,446.02,0.0,1,15.04,15.13,SPY240628P00422000,422.0,0,0.0,0.0,,0.0,normalDay
2023-07-13,10446.0,22.0,0.0,0,449.56,0.0,1,15.04,14.82,SPY240628P00422000,422.0,0,0.0,0.0,,0.0,normalDay
2023-07-14,10446.0,-18.0,0.0,0,449.28,0.0,1,15.04,15.22,SPY240628P00422000,422.0,0,0.0,0.0,,0.0,normalDay
2023-07-17,10446.0,27.0,0.0,0,450.84,0.0,1,15.04,14.77,SPY240628P00422000,422.0,0,0.0,0.0,,0.0,normalDay
2023-07-18,10446.0,147.0,0.0,0,454.19,0.0,1,15.04,13.57,SPY240628P00422000,422.0,0,0.0,0.0,,0.0,normalDay
2023-07-19,10446.0,156.0,0.0,0,455.2,0.0,1,15.04,13.48,SPY240628P00422000,422.0,0,0.0,0.0,,0.0,normalDay
2023-07-20,10446.0,102.0,0.0,0,452.18,0.0,1,15.04,14.02,SPY240628P00422000,422.0,0,0.0,0.0,,0.0,normalDay
2023-07-21,10446.0,117.0,0.0,0,452.18,0.0,1,15.04,13.87,SPY240628P00422000,422.0,0,0.0,0.0,,0.0,normalDay
2023-07-24,10446.0,181.0,0.0,0,454.2,0.0,1,15.04,13.23,SPY240628P00422000,422.0,0,0.0,0.0,,0.0,normalDay
2023-07-25,10446.0,163.0,0.0,0,455.44,0.0,1,15.04,13.41,SPY240628P00422000,422.0,0,0.0,0.0,,0.0,normalDay
2023-07-26,10446.0,154.0,0.0,0,455.51,0.0,1,15.04,13.5,SPY240628P00422000,422.0,0,0.0,0.0,,0.0,normalDay
2023-07-27,10446.0,104.0,0.0,0,452.49,0.0,1,15.04,14.0,SPY240628P00422000,422.0,0,0.0,0.0,,0.0,normalDay
2023-07-28,10446.0,190.0,0.0,0,456.92,0.0,1,15.04,13.14,SPY240628P00422000,422.0,0,0.0,0.0,,0.0,normalDay
2023-07-31,10446.0,220.0,0.0,0,457.79,0.0,1,15.04,12.84,SPY240628P00422000,422.0,0,0.0,0.0,,0.0,normalDay
2023-08-01,10446.0,173.0,0.0,0,456.48,0.0,1,15.04,13.31,SPY240628P00422000,422.0,0,0.0,0.0,,0.0,normalDay
2023-08-02,10446.0,-36.0,0.0,0,450.13,0.0,1,15.04,15.4,SPY240628P00422000,422.0,0,0.0,0.0,,0.0,normalDay
2023-08-03,10446.0,-82.0,0.0,0,448.84,0.0,1,15.04,15.86,SPY240628P00422000,422.0,0,0.0,0.0,,0.0,normalDay
2023-08-04,10446.0,-183.0,0.0,0,446.81,0.0,1,15.04,16.87,SPY240628P00422000,422.0,0,0.0,0.0,,0.0,normalDay
2023-08-07,10446.0,25.0,0.0,0,450.71,0.0,1,15.04,14.79,SPY240628P00422000,422.0,0,0.0,0.0,,0.0,normalDay
2023-08-08,10446.0,-39.0,0.0,0,448.75,0.0,1,15.04,15.43,SPY240628P00422000,422.0,0,0.0,0.0,,0.0,normalDay
2023-08-09,10446.0,-137.0,0.0,0,445.75,0.0,1,15.04,16.41,SPY240628P00422000,422.0,0,0.0,0.0,,0.0,normalDay
2023-08-10,10446.0,-70.0,0.0,0,445.91,0.0,1,15.04,15.74,SPY240628P00422000,422.0,0,0.0,0.0,,0.0,normalDay
2023-08-11,10446.0,-46.0,0.0,0,445.65,0.0,1,15.04,15.5,SPY240628P00422000,422.0,0,0.0,0.0,,0.0,normalDay
2023-08-14,10446.0,29.0,0.0,0,448.11,0.0,1,15.04,14.75,SPY240628P00422000,422.0,0,0.0,0.0,,0.0,normalDay
2023-08-15,10446.0,-165.0,0.0,0,442.89,0.0,1,15.04,16.69,SPY240628P00422000,422.0,0,0.0,0.0,,0.0,normalDay
2023-08-16,10446.0,-293.0,0.0,0,439.64,0.0,1,15.04,17.97,SPY240628P00422000,422.0,0,0.0,0.0,,0.0,normalDay
2023-08-17,10446.0,-437.0,0.0,0,436.29,0.0,1,15.04,19.41,SPY240628P00422000,422.0,0,0.0,0.0,,0.0,normalDay
2023-08-18,10446.0,-393.0,0.0,0,436.5,0.0,1,15.04,18.97,SPY240628P00422000,422.0,0,0.0,0.0,,0.0,normalDay
2023-08-21,10446.0,-278.0,0.0,0,439.34,0.0,1,15.04,17.82,SPY240628P00422000,422.0,0,0.0,0.0,,0.0,normalDay
2023-08-22,10446.0,-316.0,0.0,0,438.15,0.0,1,15.04,18.2,SPY240628P00422000,422.0,0,0.0,0.0,,0.0,normalDay
2023-08-23,10446.0,-175.0,0.0,0,443.03,0.0,1,15.04,16.79,SPY240628P00422000,422.0,0,0.0,0.0,,0.0,normalDay
2023-08-24,10446.0,-323.0,0.0,0,436.89,0.0,1,15.04,18.27,SPY240628P00422000,422.0,0,0.0,0.0,,0.0,normalDay
2023-08-25,10446.0,-150.0,0.0,0,439.97,0.0,1,15.04,16.54,SPY240628P00422000,422.0,0,0.0,0.0,,0.0,normalDay
2023-08-28,10446.0,-47.0,0.0,0,442.76,0.0,1,15.04,15.51,SPY240628P00422000,422.0,0,0.0,0.0,,0.0,normalDay
2023-08-29,10446.0,118.0,0.0,0,449.16,0.0,1,15.04,13.86,SPY240628P00422000,422.0,0,0.0,0.0,,0.0,normalDay
2023-08-30,10446.0,192.0,0.0,0,451.01,0.0,1,15.04,13.12,SPY240628P00422000,422.0,0,0.0,0.0,,0.0,normalDay
2023-08-31,10446.0,195.0,0.0,0,450.35,0.0,1,15.04,13.09,SPY240628P00422000,422.0,0,0.0,0.0,,0.0,normalDay
2023-09-01,10446.0,224.0,0.0,0,451.19,0.0,1,15.04,12.8,SPY240628P00422000,422.0,0,0.0,0.0,,0.0,normalDay
2023-09-05,10446.0,167.0,0.0,0,449.24,0.0,1,15.04,13.37,SPY240628P00422000,422.0,0,0.0,0.0,,0.0,normalDay
2023-09-06,10446.0,83.0,0.0,0,446.22,0.0,1,15.04,14.21,SPY240628P00422000,422.0,0,0.0,0.0,,0.0,normalDay
2023-09-07,10446.0,30.0,0.0,0,444.85,0.0,1,15.04,14.74,SPY240628P00422000,422.0,0,0.0,0.0,,0.0,normalDay
2023-09-08,10446.0,118.0,0.0,0,445.52,0.0,1,15.04,13.86,SPY240628P00422000,422.0,0,0.0,0.0,,0.0,normalDay
2023-09-11,10446.0,227.0,0.0,0,448.45,0.0,1,15.04,12.77,SPY240628P00422000,422.0,0,0.0,0.0,,0.0,normalDay
2023-09-12,10446.0,168.0,0.0,0,445.99,0.0,1,15.04,13.36,SPY240628P00422000,422.0,0,0.0,0.0,,0.0,normalDay
2023-09-13,10446.0,170.0,0.0,0,446.51,0.0,1,15.04,13.34,SPY240628P00422000,422.0,0,0.0,0.0,,0.0,normalDay
2023-09-14,10446.0,279.0,0.0,0,450.36,0.0,1,15.04,12.25,SPY240628P00422000,422.0,0,0.0,0.0,,0.0,normalDay
2023-09-15,10446.0,133.0,0.0,0,443.37,0.0,1,15.04,13.71,SPY240628P00422000,422.0,0,0.0,0.0,,0.0,normalDay
2023-09-18,10446.0,157.0,0.0,0,443.63,0.0,1,15.04,13.47,SPY240628P00422000,422.0,0,0.0,0.0,,0.0,normalDay
2023-09-19,10446.0,147.0,0.0,0,442.71,0.0,1,15.04,13.57,SPY240628P00422000,422.0,0,0.0,0.0,,0.0,normalDay
2023-09-20,10446.0,15.0,0.0,0,438.64,0.0,1,15.04,14.89,SPY240628P00422000,422.0,0,0.0,0.0,,0.0,normalDay
2023-09-21,10446.0,-248.0,0.0,0,431.39,0.0,1,15.04,17.52,SPY240628P00422000,422.0,0,0.0,0.0,,0.0,normalDay
2023-09-22,10446.0,-291.0,0.0,0,430.42,0.0,1,15.04,17.95,SPY240628P00422000,422.0,0,0.0,0.0,,0.0,normalDay
2023-09-25,10446.0,-219.0,0.0,0,432.23,0.0,1,15.04,17.23,SPY240628P00422000,422.0,0,0.0,0.0,,0.0,normalDay
2023-09-26,10446.0,-566.0,0.0,0,425.88,0.0,1,15.04,20.7,SPY240628P00422000,422.0,0,0.0,0.0,,0.0,normalDay
2023-09-27,10446.0,-511.0,0.0,0,426.05,0.0,1,15.04,20.15,SPY240628P00422000,422.0,0,0.0,0.0,,0.0,normalDay
2023-09-28,10446.0,-378.0,0.0,0,428.52,0.0,1,15.04,18.82,SPY240628P00422000,422.0,0,0.0,0.0,,0.0,normalDay
2023-09-29,10446.0,-480.0,0.0,0,427.48,0.0,1,15.04,19.84,SPY240628P00422000,422.0,0,0.0,0.0,,0.0,normalDay
2023-10-02,10446.0,-380.0,0.0,0,427.31,0.0,1,15.04,18.84,SPY240628P00422000,422.0,0,0.0,0.0,,0.0,normalDay
2023-10-03,10446.0,-670.0,0.0,0,421.59,0.0,1,15.04,21.74,SPY240628P00422000,422.0,0,0.0,0.0,,0.0,normalDay
2023-10-04,10446.0,-546.0,0.0,0,424.66,0.0,1,15.04,20.5,SPY240628P00422000,422.0,0,0.0,0.0,,0.0,normalDay
2023-10-05,10446.0,-561.0,0.0,0,424.5,0.0,1,15.04,20.65,SPY240628P00422000,422.0,0,0.0,0.0,,0.0,normalDay
2023-10-06,10446.0,-327.0,0.0,0,429.54,0.0,1,15.04,18.31,SPY240628P00422000,422.0,0,0.0,0.0,,0.0,normalDay
2023-10-09,10446.0,-236.0,0.0,0,432.29,0.0,1,15.04,17.4,SPY240628P00422000,422.0,0,0.0,0.0,,0.0,normalDay
2023-10-10,10446.0,-142.0,0.0,0,434.54,0.0,1,15.04,16.46,SPY240628P00422000,422.0,0,0.0,0.0,,0.0,normalDay
2023-10-11,10446.0,-45.0,0.0,0,436.32,0.0,1,15.04,15.49,SPY240628P00422000,422.0,0,0.0,0.0,,0.0,normalDay
2023-10-12,10446.0,-146.0,0.0,0,433.66,0.0,1,15.04,16.5,SPY240628P00422000,422.0,0,0.0,0.0,,0.0,normalDay
2023-10-13,10446.0,-352.0,0.0,0,431.5,0.0,1,15.04,18.56,SPY240628P00422000,422.0,0,0.0,0.0,,0.0,normalDay
2023-10-16,10446.0,-93.0,0.0,0,436.04,0.0,1,15.04,15.97,SPY240628P00422000,422.0,0,0.0,0.0,,0.0,normalDay
2023-10-17,10446.0,-99.0,0.0,0,436.02,0.0,1,15.04,16.03,SPY240628P00422000,422.0,0,0.0,0.0,,0.0,normalDay
2023-10-18,10446.0,-351.0,0.0,0,430.21,0.0,1,15.04,18.55,SPY240628P00422000,422.0,0,0.0,0.0,,0.0,normalDay
2023-10-19,10446.0,-597.0,0.0,0,426.43,0.0,1,15.04,21.01,SPY240628P00422000,422.0,0,0.0,0.0,,0.0,normalDay
2023-10-20,10446.0,-747.0,0.0,0,421.19,0.0,1,15.04,22.51,SPY240628P00422000,422.0,0,0.0,0.0,,0.0,normalDay
2023-10-23,10446.0,-658.0,0.0,0,420.46,0.0,1,15.04,21.62,SPY240628P00422000,422.0,0,0.0,0.0,,0.0,normalDay
2023-10-24,10446.0,-629.0,0.0,0,423.63,0.0,1,15.04,21.33,SPY240628P00422000,422.0,0,0.0,0.0,,0.0,normalDay
2023-10-25,10446.0,-948.0,0.0,0,417.55,0.0,1,15.04,24.52,SPY240628P00422000,422.0,0,0.0,0.0,,0.0,normalDay
2023-10-26,10446.0,-1167.0,0.0,0,412.55,0.0,1,15.04,26.71,SPY240628P00422000,422.0,0,0.0,0.0,,0.0,normalDay
2023-10-27,10446.0,-1187.0,0.0,0,410.68,0.0,1,15.04,26.91,SPY240628P00422000,422.0,0,0.0,0.0,,0.0,normalDay
2023-10-30,10446.0,-877.0,0.0,0,415.59,0.0,1,15.04,23.81,SPY240628P00422000,422.0,0,0.0,0.0,,0.0,normalDay
2023-10-31,10446.0,-691.0,0.0,0,418.2,0.0,1,15.04,21.95,SPY240628P00422000,422.0,0,0.0,0.0,,0.0,normalDay
2023-11-01,10446.0,-456.0,0.0,0,422.66,0.0,1,15.04,19.6,SPY240628P00422000,422.0,0,0.0,0.0,,0.0,normalDay
2023-11-02,10446.0,-129.0,0.0,0,430.76,0.0,1,15.04,16.33,SPY240628P00422000,422.0,0,0.0,0.0,,0.0,normalDay
2023-11-03,10446.0,58.0,0.0,0,434.69,0.0,1,15.04,14.46,SPY240628P00422000,422.0,0,0.0,0.0,,0.0,normalDay
2023-11-06,10446.0,107.0,0.0,0,435.69,0.0,1,15.04,13.97,SPY240628P00422000,422.0,0,0.0,0.0,,0.0,normalDay
2023-11-07,10446.0,147.0,0.0,0,436.93,0.0,1,15.04,13.57,SPY240628P00422000,422.0,0,0.0,0.0,,0.0,normalDay
2023-11-08,10446.0,179.0,0.0,0,437.25,0.0,1,15.04,13.25,SPY240628P00422000,422.0,0,0.0,0.0,,0.0,normalDay
2023-11-09,10446.0,61.0,0.0,0,433.84,0.0,1,15.04,14.43,SPY240628P00422000,422.0,0,0.0,0.0,,0.0,normalDay
2023-11-10,10446.0,297.0,0.0,0,440.61,0.0,1,15.04,12.07,SPY240628P00422000,422.0,0,0.0,0.0,,0.0,normalDay
2023-11-13,10446.0,290.0,0.0,0,440.19,0.0,1,15.04,12.14,SPY240628P00422000,422.0,0,0.0,0.0,,0.0,normalDay
2023-11-14,10446.0,497.0,0.0,0,448.73,0.0,1,15.04,10.07,SPY240628P00422000,422.0,0,0.0,0.0,,0.0,normalDay
2023-11-15,10446.0,497.0,0.0,0,449.68,0.0,1,15.04,10.07,SPY240628P00422000,422.0,0,0.0,0.0,,0.0,normalDay
2023-11-16,10446.0,519.0,0.0,0,450.23,0.0,1,15.04,9.85,SPY240628P00422000,422.0,0,0.0,0.0,,0.0,normalDay
2023-11-17,10446.0,544.0,0.0,0,450.79,0.0,1,15.04,9.6,SPY240628P00422000,422.0,0,0.0,0.0,,0.0,normalDay
2023-11-20,10446.0,615.0,0.0,0,454.26,0.0,1,15.04,8.89,SPY240628P00422000,422.0,0,0.0,0.0,,0.0,normalDay
2023-11-21,10446.0,603.0,0.0,0,453.27,0.0,1,15.04,9.01,SPY240628P00422000,422.0,0,0.0,0.0,,0.0,normalDay
2023-11-22,10446.0,638.0,0.0,0,455.02,0.0,1,15.04,8.66,SPY240628P00422000,422.0,0,0.0,0.0,,0.0,normalDay
2023-11-24,10446.0,657.0,0.0,0,455.3,0.0,1,15.04,8.47,SPY240628P00422000,422.0,0,0.0,0.0,,0.0,normalDay
2023-11-27,10446.0,642.0,0.0,0,454.48,0.0,1,15.04,8.62,SPY240628P00422000,422.0,0,0.0,0.0,,0.0,normalDay
2023-11-28,10446.0,659.0,0.0,0,454.93,0.0,1,15.04,8.45,SPY240628P00422000,422.0,0,0.0,0.0,,0.0,normalDay
2023-11-29,10446.0,671.0,0.0,0,454.61,0.0,1,15.04,8.33,SPY240628P00422000,422.0,0,0.0,0.0,,0.0,normalDay
2023-11-30,10446.0,673.0,0.0,0,456.4,0.0,1,15.04,8.31,SPY240628P00422000,422.0,0,0.0,0.0,,0.0,normalDay
