date,totalCapital,unrializedPnL,rializedPnL,stocksOwned,stocksPriceToday,stocksPriceBoughtAt,putOwned,putOwnedSoldAt,putPriceToday,putOwnedContract,putOwnedStrike,callOwned,callOwnedSoldAt,callPriceToday,callOwnedContract,callOwnedStrike,trackType
2018-11-01,0.0,-9.0,0.0,0,273.51,0.0,1,6.69,6.78,SPY190315P00259000,259.0,0,0.0,0.0,,0.0,normalDay
2018-11-02,0.0,-48.0,0.0,0,271.89,0.0,1,6.69,7.17,SPY190315P00259000,259.0,0,0.0,0.0,,0.0,normalDay
2018-11-05,0.0,12.0,0.0,0,273.39,0.0,1,6.69,6.57,SPY190315P00259000,259.0,0,0.0,0.0,,0.0,normalDay
2018-11-06,0.0,71.0,0.0,0,275.12,0.0,1,6.69,5.98,SPY190315P00259000,259.0,0,0.0,0.0,,0.0,normalDay
2018-11-07,0.0,242.0,0.0,0,281.01,0.0,1,6.69,4.27,SPY190315P00259000,259.0,0,0.0,0.0,,0.0,normalDay
2018-11-08,0.0,246.0,0.0,0,280.5,0.0,1,6.69,4.23,SPY190315P00259000,259.0,0,0.0,0.0,,0.0,normalDay
2018-11-09,0.0,166.0,0.0,0,277.76,0.0,1,6.69,5.03,SPY190315P00259000,259.0,0,0.0,0.0,,0.0,normalDay
2018-11-12,0.0,17.0,0.0,0,272.57,0.0,1,6.69,6.52,SPY190315P00259000,259.0,0,0.0,0.0,,0.0,normalDay
2018-11-13,0.0,-11.0,0.0,0,272.06,0.0,1,6.69,6.8,SPY190315P00259000,259.0,0,0.0,0.0,,0.0,normalDay
2018-11-14,0.0,-95.0,0.0,0,270.2,0.0,1,6.69,7.64,SPY190315P00259000,259.0,0,0.0,0.0,,0.0,normalDay
2018-11-15,0.0,9.0,0.0,0,273.02,0.0,1,6.69,6.6,SPY190315P00259000,259.0,0,0.0,0.0,,0.0,normalDay
2018-11-16,0.0,69.0,0.0,0,273.73,0.0,1,6.69,6.0,SPY190315P00259000,259.0,0,0.0,0.0,,0.0,normalDay
2018-11-19,0.0,-81.0,0.0,0,269.1,0.0,1,6.69,7.5,SPY190315P00259000,259.0,0,0.0,0.0,,0.0,normalDay
2018-11-20,0.0,-296.0,0.0,0,264.12,0.0,1,6.69,9.65,SPY190315P00259000,259.0,0,0.0,0.0,,0.0,normalDay
2018-11-21,0.0,-217.0,0.0,0,265.02,0.0,1,6.69,8.86,SPY190315P00259000,259.0,0,0.0,0.0,,0.0,normalDay
2018-11-23,0.0,-292.0,0.0,0,263.25,0.0,1,6.69,9.61,SPY190315P00259000,259.0,0,0.0,0.0,,0.0,normalDay
2018-11-26,0.0,-58.0,0.0,0,267.5,0.0,1,6.69,7.27,SPY190315P00259000,259.0,0,0.0,0.0,,0.0,normalDay
2018-11-27,0.0,-37.0,0.0,0,268.4,0.0,1,6.69,7.06,SPY190315P00259000,259.0,0,0.0,0.0,,0.0,normalDay
2018-11-28,0.0,130.0,0.0,0,274.58,0.0,1,6.69,5.39,SPY190315P00259000,259.0,0,0.0,0.0,,0.0,normalDay
2018-11-29,0.0,114.0,0.0,0,273.98,0.0,1,6.69,5.55,SPY190315P00259000,259.0,0,0.0,0.0,,0.0,normalDay
2018-11-30,0.0,174.0,0.0,0,275.65,0.0,1,6.69,4.95,SPY190315P00259000,259.0,0,0.0,0.0,,0.0,normalDay
2018-12-03,0.0,280.0,0.0,0,279.3,0.0,1,6.69,3.89,SPY190315P00259000,259.0,0,0.0,0.0,,0.0,normalDay
2018-12-04,0.0,2.0,0.0,0,270.25,0.0,1,6.69,6.67,SPY190315P00259000,259.0,0,0.0,0.0,,0.0,normalDay
2018-12-06,0.0,-13.0,0.0,0,269.84,0.0,1,6.69,6.82,SPY190315P00259000,259.0,0,0.0,0.0,,0.0,normalDay
2018-12-07,0.0,-264.0,0.0,0,263.57,0.0,1,6.69,9.33,SPY190315P00259000,259.0,0,0.0,0.0,,0.0,normalDay
2018-12-10,0.0,-198.0,0.0,0,264.07,0.0,1,6.69,8.67,SPY190315P00259000,259.0,0,0.0,0.0,,0.0,normalDay
2018-12-11,0.0,-187.0,0.0,0,264.13,0.0,1,6.69,8.56,SPY190315P00259000,259.0,0,0.0,0.0,,0.0,normalDay
2018-12-12,0.0,-147.0,0.0,0,265.46,0.0,1,6.69,8.16,SPY190315P00259000,259.0,0,0.0,0.0,,0.0,normalDay
2018-12-13,0.0,-130.0,0.0,0,265.37,0.0,1,6.69,7.99,SPY190315P00259000,259.0,0,0.0,0.0,,0.0,normalDay
2018-12-14,0.0,-322.0,0.0,0,260.47,0.0,1,6.69,9.91,SPY190315P00259000,259.0,0,0.0,0.0,,0.0,normalDay
2018-12-17,0.0,-576.0,0.0,0,255.36,0.0,1,6.69,12.45,SPY190315P00259000,259.0,0,0.0,0.0,,0.0,normalDay
2018-12-18,0.0,-639.0,0.0,0,255.08,0.0,1,6.69,13.08,SPY190315P00259000,259.0,0,0.0,0.0,,0.0,normalDay
2018-12-19,0.0,-788.0,0.0,0,251.26,0.0,1,6.69,14.57,SPY190315P00259000,259.0,0,0.0,0.0,,0.0,normalDay
2018-12-20,0.0,-1039.0,0.0,0,247.17,0.0,1,6.69,17.08,SPY190315P00259000,259.0,0,0.0,0.0,,0.0,normalDay
2018-12-21,0.0,-1506.0,0.0,0,240.7,0.0,1,6.69,21.75,SPY190315P00259000,259.0,0,0.0,0.0,,0.0,normalDay
2018-12-24,0.0,-2181.0,0.0,0,234.34,0.0,1,6.69,28.5,SPY190315P00259000,259.0,0,0.0,0.0,,0.0,normalDay
2018-12-26,0.0,-1037.0,0.0,0,246.18,0.0,1,6.69,17.06,SPY190315P00259000,259.0,0,0.0,0.0,,0.0,normalDay
2018-12-27,0.0,-936.0,0.0,0,248.07,0.0,1,6.69,16.05,SPY190315P00259000,259.0,0,0.0,0.0,,0.0,normalDay
2018-12-28,0.0,-960.0,0.0,0,247.75,0.0,1,6.69,16.29,SPY190315P00259000,259.0,0,0.0,0.0,,0.0,normalDay
2018-12-31,0.0,-755.0,0.0,0,249.92,0.0,1,6.69,14.24,SPY190315P00259000,259.0,0,0.0,0.0,,0.0,normalDay
2019-01-02,0.0,-673.0,0.0,0,250.18,0.0,1,6.69,13.42,SPY190315P00259000,259.0,0,0.0,0.0,,0.0,normalDay
2019-01-03,0.0,-1129.0,0.0,0,244.21,0.0,1,6.69,17.98,SPY190315P00259000,259.0,0,0.0,0.0,,0.0,normalDay
2019-01-04,0.0,-524.0,0.0,0,252.39,0.0,1,6.69,11.93,SPY190315P00259000,259.0,0,0.0,0.0,,0.0,normalDay
2019-01-07,0.0,-399.0,0.0,0,254.38,0.0,1,6.69,10.68,SPY190315P00259000,259.0,0,0.0,0.0,,0.0,normalDay
2019-01-08,0.0,-251.0,0.0,0,256.77,0.0,1,6.69,9.2,SPY190315P00259000,259.0,0,0.0,0.0,,0.0,normalDay
2019-01-09,0.0,-171.0,0.0,0,257.97,0.0,1,6.69,8.4,SPY190315P00259000,259.0,0,0.0,0.0,,0.0,normalDay
2019-01-10,0.0,-109.0,0.0,0,258.88,0.0,1,6.69,7.78,SPY190315P00259000,259.0,0,0.0,0.0,,0.0,normalDay
2019-01-11,0.0,-62.0,0.0,0,258.98,0.0,1,6.69,7.31,SPY190315P00259000,259.0,0,0.0,0.0,,0.0,normalDay
2019-01-14,0.0,-109.0,0.0,0,257.4,0.0,1,6.69,7.78,SPY190315P00259000,259.0,0,0.0,0.0,,0.0,normalDay
2019-01-15,0.0,48.0,0.0,0,260.35,0.0,1,6.69,6.21,SPY190315P00259000,259.0,0,0.0,0.0,,0.0,normalDay
2019-01-16,0.0,81.0,0.0,0,260.98,0.0,1,6.69,5.88,SPY190315P00259000,259.0,0,0.0,0.0,,0.0,normalDay
2019-01-17,0.0,160.0,0.0,0,262.96,0.0,1,6.69,5.09,SPY190315P00259000,259.0,0,0.0,0.0,,0.0,normalDay
2019-01-18,0.0,263.0,0.0,0,266.46,0.0,1,6.69,4.06,SPY190315P00259000,259.0,0,0.0,0.0,,0.0,normalDay
2019-01-22,0.0,121.0,0.0,0,262.86,0.0,1,6.69,5.48,SPY190315P00259000,259.0,0,0.0,0.0,,0.0,normalDay
2019-01-23,0.0,139.0,0.0,0,263.41,0.0,1,6.69,5.3,SPY190315P00259000,259.0,0,0.0,0.0,,0.0,normalDay
2019-01-24,0.0,168.0,0.0,0,263.55,0.0,1,6.69,5.01,SPY190315P00259000,259.0,0,0.0,0.0,,0.0,normalDay
2019-01-25,0.0,278.0,0.0,0,265.78,0.0,1,6.69,3.91,SPY190315P00259000,259.0,0,0.0,0.0,,0.0,normalDay
2019-01-28,0.0,203.0,0.0,0,263.76,0.0,1,6.69,4.66,SPY190315P00259000,259.0,0,0.0,0.0,,0.0,normalDay
2019-01-29,0.0,191.0,0.0,0,263.41,0.0,1,6.69,4.78,SPY190315P00259000,259.0,0,0.0,0.0,,0.0,normalDay
2019-01-30,0.0,348.0,0.0,0,267.58,0.0,1,6.69,3.21,SPY190315P00259000,259.0,0,0.0,0.0,,0.0,normalDay
2019-01-31,0.0,441.0,0.0,0,269.93,0.0,1,6.69,2.28,SPY190315P00259000,259.0,0,0.0,0.0,,0.0,normalDay
2019-02-01,0.0,453.0,0.0,0,270.06,0.0,1,6.69,2.16,SPY190315P00259000,259.0,0,0.0,0.0,,0.0,normalDay
2019-02-04,0.0,505.0,0.0,0,271.96,0.0,1,6.69,1.64,SPY190315P00259000,259.0,0,0.0,0.0,,0.0,normalDay
2019-02-05,0.0,519.0,0.0,0,273.1,0.0,1,6.69,1.5,SPY190315P00259000,259.0,0,0.0,0.0,,0.0,normalDay
2019-02-06,0.0,524.0,0.0,0,272.74,0.0,1,6.69,1.45,SPY190315P00259000,259.0,0,0.0,0.0,,0.0,normalDay
2019-02-07,0.0,477.0,0.0,0,270.14,0.0,1,6.69,1.92,SPY190315P00259000,259.0,0,0.0,0.0,,0.0,normalDay
2019-02-08,0.0,494.0,0.0,0,270.47,0.0,1,6.69,1.75,SPY190315P00259000,259.0,0,0.0,0.0,,0.0,normalDay
2019-02-11,0.0,508.0,0.0,0,270.62,0.0,1,6.69,1.61,SPY190315P00259000,259.0,0,0.0,0.0,,0.0,normalDay
2019-02-12,0.0,565.0,0.0,0,274.1,0.0,1,6.69,1.04,SPY190315P00259000,259.0,0,0.0,0.0,,0.0,normalDay
2019-02-13,0.0,572.0,0.0,0,274.99,0.0,1,6.69,0.97,SPY190315P00259000,259.0,0,0.0,0.0,,0.0,normalDay
2019-02-14,0.0,561.0,0.0,0,274.38,0.0,1,6.69,1.08,SPY190315P00259000,259.0,0,0.0,0.0,,0.0,normalDay
2019-02-15,0.0,601.0,0.0,0,277.37,0.0,1,6.69,0.68,SPY190315P00259000,259.0,0,0.0,0.0,,0.0,normalDay
2019-02-19,0.0,614.0,0.0,0,277.85,0.0,1,6.69,0.55,SPY190315P00259000,259.0,0,0.0,0.0,,0.0,normalDay
2019-02-20,0.0,628.0,0.0,0,278.41,0.0,1,6.69,0.41,SPY190315P00259000,259.0,0,0.0,0.0,,0.0,normalDay
2019-02-21,0.0,624.0,0.0,0,277.42,0.0,1,6.69,0.45,SPY190315P00259000,259.0,0,0.0,0.0,,0.0,normalDay
2019-02-22,0.0,639.0,0.0,0,279.14,0.0,1,6.69,0.3,SPY190315P00259000,259.0,0,0.0,0.0,,0.0,normalDay
2019-02-25,0.0,637.0,0.0,0,279.52,0.0,1,6.69,0.32,SPY190315P00259000,259.0,0,0.0,0.0,,0.0,normalDay
2019-02-26,0.0,637.0,0.0,0,279.32,0.0,1,6.69,0.32,SPY190315P00259000,259.0,0,0.0,0.0,,0.0,normalDay
2019-02-27,0.0,640.0,0.0,0,279.2,0.0,1,6.69,0.29,SPY190315P00259000,259.0,0,0.0,0.0,,0.0,normalDay
2019-02-28,0.0,640.0,0.0,0,278.68,0.0,1,6.69,0.29,SPY190315P00259000,259.0,0,0.0,0.0,,0.0,normalDay
2019-03-01,0.0,653.0,0.0,0,280.42,0.0,1,6.69,0.16,SPY190315P00259000,259.0,0,0.0,0.0,,0.0,normalDay
2019-03-04,0.0,653.0,0.0,0,279.4,0.0,1,6.69,0.16,SPY190315P00259000,259.0,0,0.0,0.0,,0.0,normalDay
2019-03-05,0.0,654.0,0.0,0,279.02,0.0,1,6.69,0.15,SPY190315P00259000,259.0,0,0.0,0.0,,0.0,normalDay
2019-03-06,0.0,650.0,0.0,0,277.33,0.0,1,6.69,0.19,SPY190315P00259000,259.0,0,0.0,0.0,,0.0,normalDay
2019-03-07,0.0,647.0,0.0,0,275.01,0.0,1,6.69,0.22,SPY190315P00259000,259.0,0,0.0,0.0,,0.0,normalDay
2019-03-08,0.0,658.0,0.0,0,274.46,0.0,1,6.69,0.11,SPY190315P00259000,259.0,0,0.0,0.0,,0.0,normalDay
2019-03-11,0.0,666.0,0.0,0,278.44,0.0,1,6.69,0.03,SPY190315P00259000,259.0,0,0.0,0.0,,0.0,normalDay
2019-03-12,0.0,667.0,0.0,0,279.49,0.0,1,6.69,0.02,SPY190315P00259000,259.0,0,0.0,0.0,,0.0,normalDay
2019-03-13,0.0,667.0,0.0,0,281.34,0.0,1,6.69,0.02,SPY190315P00259000,259.0,0,0.0,0.0,,0.0,normalDay
2019-03-14,0.0,668.0,0.0,0,281.16,0.0,1,6.69,0.01,SPY190315P00259000,259.0,0,0.0,0.0,,0.0,normalDay
2019-03-15,669.0,0.0,669.0,0,281.31,0.0,1,6.69,0.0,SPY190315P00259000,259.0,0,0.0,0.0,,0.0,expirationDay
2019-03-18,669.0,-5.0,0.0,0,282.33,0.0,1,5.49,5.54,SPY190719P00274000,274.0,0,0.0,0.0,,0.0,normalDay
2019-03-19,669.0,-24.0,0.0,0,282.4,0.0,1,5.49,5.73,SPY190719P00274000,274.0,0,0.0,0.0,,0.0,normalDay
2019-03-20,669.0,-52.0,0.0,0,281.55,0.0,1,5.49,6.01,SPY190719P00274000,274.0,0,0.0,0.0,,0.0,normalDay
2019-03-21,669.0,37.0,0.0,0,284.73,0.0,1,5.49,5.12,SPY190719P00274000,274.0,0,0.0,0.0,,0.0,normalDay
2019-03-22,669.0,-160.0,0.0,0,279.25,0.0,1,5.49,7.09,SPY190719P00274000,274.0,0,0.0,0.0,,0.0,normalDay
2019-03-25,669.0,-183.0,0.0,0,279.04,0.0,1,5.49,7.32,SPY190719P00274000,274.0,0,0.0,0.0,,0.0,normalDay
2019-03-26,669.0,-90.0,0.0,0,281.12,0.0,1,5.49,6.39,SPY190719P00274000,274.0,0,0.0,0.0,,0.0,normalDay
2019-03-27,669.0,-136.0,0.0,0,279.65,0.0,1,5.49,6.85,SPY190719P00274000,274.0,0,0.0,0.0,,0.0,normalDay
2019-03-28,669.0,-80.0,0.0,0,280.71,0.0,1,5.49,6.29,SPY190719P00274000,274.0,0,0.0,0.0,,0.0,normalDay
2019-03-29,669.0,-8.0,0.0,0,282.48,0.0,1,5.49,5.57,SPY190719P00274000,274.0,0,0.0,0.0,,0.0,normalDay
2019-04-01,669.0,86.0,0.0,0,285.83,0.0,1,5.49,4.63,SPY190719P00274000,274.0,0,0.0,0.0,,0.0,normalDay
2019-04-02,669.0,94.0,0.0,0,285.97,0.0,1,5.49,4.55,SPY190719P00274000,274.0,0,0.0,0.0,,0.0,normalDay
2019-04-03,669.0,111.0,0.0,0,286.42,0.0,1,5.49,4.38,SPY190719P00274000,274.0,0,0.0,0.0,,0.0,normalDay
2019-04-04,669.0,131.0,0.0,0,287.18,0.0,1,5.49,4.18,SPY190719P00274000,274.0,0,0.0,0.0,,0.0,normalDay
2019-04-05,669.0,177.0,0.0,0,288.57,0.0,1,5.49,3.72,SPY190719P00274000,274.0,0,0.0,0.0,,0.0,normalDay
2019-04-08,669.0,183.0,0.0,0,288.79,0.0,1,5.49,3.66,SPY190719P00274000,274.0,0,0.0,0.0,,0.0,normalDay
2019-04-09,669.0,127.0,0.0,0,287.31,0.0,1,5.49,4.22,SPY190719P00274000,274.0,0,0.0,0.0,,0.0,normalDay
2019-04-10,669.0,177.0,0.0,0,288.29,0.0,1,5.49,3.72,SPY190719P00274000,274.0,0,0.0,0.0,,0.0,normalDay
2019-04-11,669.0,180.0,0.0,0,288.21,0.0,1,5.49,3.69,SPY190719P00274000,274.0,0,0.0,0.0,,0.0,normalDay
2019-04-12,669.0,245.0,0.0,0,290.16,0.0,1,5.49,3.04,SPY190719P00274000,274.0,0,0.0,0.0,,0.0,normalDay
2019-04-15,669.0,252.0,0.0,0,289.97,0.0,1,5.49,2.97,SPY190719P00274000,274.0,0,0.0,0.0,,0.0,normalDay
2019-04-16,669.0,256.0,0.0,0,290.16,0.0,1,5.49,2.93,SPY190719P00274000,274.0,0,0.0,0.0,,0.0,normalDay
2019-04-17,669.0,239.0,0.0,0,289.45,0.0,1,5.49,3.1,SPY190719P00274000,274.0,0,0.0,0.0,,0.0,normalDay
2019-04-18,669.0,258.0,0.0,0,290.02,0.0,1,5.49,2.91,SPY190719P00274000,274.0,0,0.0,0.0,,0.0,normalDay
2019-04-22,669.0,275.0,0.0,0,290.27,0.0,1,5.49,2.74,SPY190719P00274000,274.0,0,0.0,0.0,,0.0,normalDay
2019-04-23,669.0,313.0,0.0,0,292.88,0.0,1,5.49,2.36,SPY190719P00274000,274.0,0,0.0,0.0,,0.0,normalDay
2019-04-24,669.0,296.0,0.0,0,292.23,0.0,1,5.49,2.53,SPY190719P00274000,274.0,0,0.0,0.0,,0.0,normalDay
2019-04-25,669.0,290.0,0.0,0,292.05,0.0,1,5.49,2.59,SPY190719P00274000,274.0,0,0.0,0.0,,0.0,normalDay
2019-04-26,669.0,317.0,0.0,0,293.41,0.0,1,5.49,2.32,SPY190719P00274000,274.0,0,0.0,0.0,,0.0,normalDay
2019-04-29,669.0,324.0,0.0,0,293.87,0.0,1,5.49,2.25,SPY190719P00274000,274.0,0,0.0,0.0,,0.0,normalDay
2019-04-30,669.0,329.0,0.0,0,294.02,0.0,1,5.49,2.2,SPY190719P00274000,274.0,0,0.0,0.0,,0.0,normalDay
2019-05-01,669.0,278.0,0.0,0,291.81,0.0,1,5.49,2.71,SPY190719P00274000,274.0,0,0.0,0.0,,0.0,normalDay
2019-05-02,669.0,271.0,0.0,0,291.18,0.0,1,5.49,2.78,SPY190719P00274000,274.0,0,0.0,0.0,,0.0,normalDay
2019-05-03,669.0,338.0,0.0,0,294.03,0.0,1,5.49,2.11,SPY190719P00274000,274.0,0,0.0,0.0,,0.0,normalDay
2019-05-06,669.0,290.0,0.0,0,292.82,0.0,1,5.49,2.59,SPY190719P00274000,274.0,0,0.0,0.0,,0.0,normalDay
2019-05-07,669.0,121.0,0.0,0,287.93,0.0,1,5.49,4.28,SPY190719P00274000,274.0,0,0.0,0.0,,0.0,normalDay
2019-05-08,669.0,128.0,0.0,0,287.53,0.0,1,5.49,4.21,SPY190719P00274000,274.0,0,0.0,0.0,,0.0,normalDay
2019-05-09,669.0,124.0,0.0,0,286.66,0.0,1,5.49,4.25,SPY190719P00274000,274.0,0,0.0,0.0,,0.0,normalDay
2019-05-10,669.0,208.0,0.0,0,288.1,0.0,1,5.49,3.41,SPY190719P00274000,274.0,0,0.0,0.0,,0.0,normalDay
2019-05-13,669.0,-56.0,0.0,0,280.86,0.0,1,5.49,6.05,SPY190719P00274000,274.0,0,0.0,0.0,,0.0,normalDay
2019-05-14,669.0,71.0,0.0,0,283.4,0.0,1,5.49,4.78,SPY190719P00274000,274.0,0,0.0,0.0,,0.0,normalDay
2019-05-15,669.0,157.0,0.0,0,285.06,0.0,1,5.49,3.92,SPY190719P00274000,274.0,0,0.0,0.0,,0.0,normalDay
2019-05-16,669.0,241.0,0.0,0,287.7,0.0,1,5.49,3.08,SPY190719P00274000,274.0,0,0.0,0.0,,0.0,normalDay
2019-05-17,669.0,194.0,0.0,0,285.84,0.0,1,5.49,3.55,SPY190719P00274000,274.0,0,0.0,0.0,,0.0,normalDay
2019-05-20,669.0,163.0,0.0,0,283.95,0.0,1,5.49,3.86,SPY190719P00274000,274.0,0,0.0,0.0,,0.0,normalDay
2019-05-21,669.0,251.0,0.0,0,286.51,0.0,1,5.49,2.98,SPY190719P00274000,274.0,0,0.0,0.0,,0.0,normalDay
2019-05-22,669.0,240.0,0.0,0,285.63,0.0,1,5.49,3.09,SPY190719P00274000,274.0,0,0.0,0.0,,0.0,normalDay
2019-05-23,669.0,113.0,0.0,0,282.14,0.0,1,5.49,4.36,SPY190719P00274000,274.0,0,0.0,0.0,,0.0,normalDay
2019-05-24,669.0,161.0,0.0,0,282.78,0.0,1,5.49,3.88,SPY190719P00274000,274.0,0,0.0,0.0,,0.0,normalDay
2019-05-28,669.0,86.0,0.0,0,280.15,0.0,1,5.49,4.63,SPY190719P00274000,274.0,0,0.0,0.0,,0.0,normalDay
2019-05-29,669.0,18.0,0.0,0,278.27,0.0,1,5.49,5.31,SPY190719P00274000,274.0,0,0.0,0.0,,0.0,normalDay
2019-05-30,669.0,56.0,0.0,0,279.03,0.0,1,5.49,4.93,SPY190719P00274000,274.0,0,0.0,0.0,,0.0,normalDay
2019-05-31,669.0,-106.0,0.0,0,275.27,0.0,1,5.49,6.55,SPY190719P00274000,274.0,0,0.0,0.0,,0.0,normalDay
2019-06-03,669.0,-101.0,0.0,0,274.57,0.0,1,5.49,6.5,SPY190719P00274000,274.0,0,0.0,0.0,,0.0,normalDay
2019-06-04,669.0,145.0,0.0,0,280.53,0.0,1,5.49,4.04,SPY190719P00274000,274.0,0,0.0,0.0,,0.0,normalDay
2019-06-05,669.0,240.0,0.0,0,282.96,0.0,1,5.49,3.09,SPY190719P00274000,274.0,0,0.0,0.0,,0.0,normalDay
2019-06-06,669.0,291.0,0.0,0,284.8,0.0,1,5.49,2.58,SPY190719P00274000,274.0,0,0.0,0.0,,0.0,normalDay
2019-06-07,669.0,332.0,0.0,0,287.65,0.0,1,5.49,2.17,SPY190719P00274000,274.0,0,0.0,0.0,,0.0,normalDay
2019-06-10,669.0,371.0,0.0,0,288.97,0.0,1,5.49,1.78,SPY190719P00274000,274.0,0,0.0,0.0,,0.0,normalDay
2019-06-11,669.0,369.0,0.0,0,288.9,0.0,1,5.49,1.8,SPY190719P00274000,274.0,0,0.0,0.0,,0.0,normalDay
2019-06-12,669.0,369.0,0.0,0,288.39,0.0,1,5.49,1.8,SPY190719P00274000,274.0,0,0.0,0.0,,0.0,normalDay
2019-06-13,669.0,392.0,0.0,0,289.58,0.0,1,5.49,1.57,SPY190719P00274000,274.0,0,0.0,0.0,,0.0,normalDay
2019-06-14,669.0,404.0,0.0,0,289.26,0.0,1,5.49,1.45,SPY190719P00274000,274.0,0,0.0,0.0,,0.0,normalDay
2019-06-17,669.0,418.0,0.0,0,289.37,0.0,1,5.49,1.31,SPY190719P00274000,274.0,0,0.0,0.0,,0.0,normalDay
2019-06-18,669.0,451.0,0.0,0,292.4,0.0,1,5.49,0.98,SPY190719P00274000,274.0,0,0.0,0.0,,0.0,normalDay
2019-06-19,669.0,472.0,0.0,0,293.06,0.0,1,5.49,0.77,SPY190719P00274000,274.0,0,0.0,0.0,,0.0,normalDay
2019-06-20,669.0,488.0,0.0,0,295.86,0.0,1,5.49,0.61,SPY190719P00274000,274.0,0,0.0,0.0,,0.0,normalDay
2019-06-21,669.0,483.0,0.0,0,294.0,0.0,1,5.49,0.66,SPY190719P00274000,274.0,0,0.0,0.0,,0.0,normalDay
2019-06-24,669.0,492.0,0.0,0,293.64,0.0,1,5.49,0.57,SPY190719P00274000,274.0,0,0.0,0.0,,0.0,normalDay
2019-06-25,669.0,466.0,0.0,0,290.76,0.0,1,5.49,0.83,SPY190719P00274000,274.0,0,0.0,0.0,,0.0,normalDay
2019-06-26,669.0,467.0,0.0,0,290.47,0.0,1,5.49,0.82,SPY190719P00274000,274.0,0,0.0,0.0,,0.0,normalDay
2019-06-27,669.0,486.0,0.0,0,291.5,0.0,1,5.49,0.63,SPY190719P00274000,274.0,0,0.0,0.0,,0.0,normalDay
2019-06-28,669.0,500.0,0.0,0,293.0,0.0,1,5.49,0.49,SPY190719P00274000,274.0,0,0.0,0.0,,0.0,normalDay
2019-07-01,669.0,526.0,0.0,0,295.66,0.0,1,5.49,0.23,SPY190719P00274000,274.0,0,0.0,0.0,,0.0,normalDay
2019-07-02,669.0,534.0,0.0,0,296.43,0.0,1,5.49,0.15,SPY190719P00274000,274.0,0,0.0,0.0,,0.0,normalDay
2019-07-03,669.0,539.0,0.0,0,298.8,0.0,1,5.49,0.1,SPY190719P00274000,274.0,0,0.0,0.0,,0.0,normalDay
2019-07-05,669.0,537.0,0.0,0,298.46,0.0,1,5.49,0.12,SPY190719P00274000,274.0,0,0.0,0.0,,0.0,normalDay
2019-07-08,669.0,541.0,0.0,0,296.82,0.0,1,5.49,0.08,SPY190719P00274000,274.0,0,0.0,0.0,,0.0,normalDay
2019-07-09,669.0,542.0,0.0,0,297.19,0.0,1,5.49,0.07,SPY190719P00274000,274.0,0,0.0,0.0,,0.0,normalDay
2019-07-10,669.0,545.0,0.0,0,298.61,0.0,1,5.49,0.04,SPY190719P00274000,274.0,0,0.0,0.0,,0.0,normalDay
2019-07-11,669.0,545.0,0.0,0,299.31,0.0,1,5.49,0.04,SPY190719P00274000,274.0,0,0.0,0.0,,0.0,normalDay
2019-07-12,669.0,546.0,0.0,0,300.65,0.0,1,5.49,0.03,SPY190719P00274000,274.0,0,0.0,0.0,,0.0,normalDay
2019-07-15,669.0,546.0,0.0,0,300.75,0.0,1,5.49,0.03,SPY190719P00274000,274.0,0,0.0,0.0,,0.0,normalDay
2019-07-16,669.0,547.0,0.0,0,299.78,0.0,1,5.49,0.02,SPY190719P00274000,274.0,0,0.0,0.0,,0.0,normalDay
2019-07-17,669.0,547.0,0.0,0,297.74,0.0,1,5.49,0.02,SPY190719P00274000,274.0,0,0.0,0.0,,0.0,normalDay
2019-07-18,669.0,548.0,0.0,0,298.83,0.0,1,5.49,0.01,SPY190719P00274000,274.0,0,0.0,0.0,,0.0,normalDay
2019-07-19,1218.0,0.0,549.0,0,297.17,0.0,1,5.49,0.0,SPY190719P00274000,274.0,0,0.0,0.0,,0.0,expirationDay
2019-07-22,1218.0,-7.0,0.0,0,297.9,0.0,1,5.98,6.05,SPY191115P00289000,289.0,0,0.0,0.0,,0.0,normalDay
2019-07-23,1218.0,69.0,0.0,0,300.03,0.0,1,5.98,5.29,SPY191115P00289000,289.0,0,0.0,0.0,,0.0,normalDay
2019-07-24,1218.0,116.0,0.0,0,301.44,0.0,1,5.98,4.82,SPY191115P00289000,289.0,0,0.0,0.0,,0.0,normalDay
2019-07-25,1218.0,69.0,0.0,0,300.0,0.0,1,5.98,5.29,SPY191115P00289000,289.0,0,0.0,0.0,,0.0,normalDay
2019-07-26,1218.0,129.0,0.0,0,302.01,0.0,1,5.98,4.69,SPY191115P00289000,289.0,0,0.0,0.0,,0.0,normalDay
2019-07-29,1218.0,127.0,0.0,0,301.46,0.0,1,5.98,4.71,SPY191115P00289000,289.0,0,0.0,0.0,,0.0,normalDay
2019-07-30,1218.0,79.0,0.0,0,300.72,0.0,1,5.98,5.19,SPY191115P00289000,289.0,0,0.0,0.0,,0.0,normalDay
2019-07-31,1218.0,-49.0,0.0,0,297.43,0.0,1,5.98,6.47,SPY191115P00289000,289.0,0,0.0,0.0,,0.0,normalDay
2019-08-01,1218.0,-165.0,0.0,0,294.84,0.0,1,5.98,7.63,SPY191115P00289000,289.0,0,0.0,0.0,,0.0,normalDay
2019-08-02,1218.0,-243.0,0.0,0,292.62,0.0,1,5.98,8.41,SPY191115P00289000,289.0,0,0.0,0.0,,0.0,normalDay
2019-08-05,1218.0,-776.0,0.0,0,283.82,0.0,1,5.98,13.74,SPY191115P00289000,289.0,0,0.0,0.0,,0.0,normalDay
2019-08-06,1218.0,-477.0,0.0,0,287.8,0.0,1,5.98,10.75,SPY191115P00289000,289.0,0,0.0,0.0,,0.0,normalDay
2019-08-07,1218.0,-468.0,0.0,0,287.97,0.0,1,5.98,10.66,SPY191115P00289000,289.0,0,0.0,0.0,,0.0,normalDay
2019-08-08,1218.0,-177.0,0.0,0,293.62,0.0,1,5.98,7.75,SPY191115P00289000,289.0,0,0.0,0.0,,0.0,normalDay
2019-08-09,1218.0,-270.0,0.0,0,291.62,0.0,1,5.98,8.68,SPY191115P00289000,289.0,0,0.0,0.0,,0.0,normalDay
2019-08-12,1218.0,-499.0,0.0,0,288.07,0.0,1,5.98,10.97,SPY191115P00289000,289.0,0,0.0,0.0,,0.0,normalDay
2019-08-13,1218.0,-238.0,0.0,0,292.55,0.0,1,5.98,8.36,SPY191115P00289000,289.0,0,0.0,0.0,,0.0,normalDay
2019-08-14,1218.0,-712.0,0.0,0,283.9,0.0,1,5.98,13.1,SPY191115P00289000,289.0,0,0.0,0.0,,0.0,normalDay
2019-08-15,1218.0,-655.0,0.0,0,284.65,0.0,1,5.98,12.53,SPY191115P00289000,289.0,0,0.0,0.0,,0.0,normalDay
2019-08-16,1218.0,-415.0,0.0,0,288.85,0.0,1,5.98,10.13,SPY191115P00289000,289.0,0,0.0,0.0,,0.0,normalDay
2019-08-19,1218.0,-210.0,0.0,0,292.33,0.0,1,5.98,8.08,SPY191115P00289000,289.0,0,0.0,0.0,,0.0,normalDay
2019-08-20,1218.0,-316.0,0.0,0,290.09,0.0,1,5.98,9.14,SPY191115P00289000,289.0,0,0.0,0.0,,0.0,normalDay
2019-08-21,1218.0,-154.0,0.0,0,292.45,0.0,1,5.98,7.52,SPY191115P00289000,289.0,0,0.0,0.0,,0.0,normalDay
2019-08-22,1218.0,-185.0,0.0,0,292.36,0.0,1,5.98,7.83,SPY191115P00289000,289.0,0,0.0,0.0,,0.0,normalDay
2019-08-23,1218.0,-541.0,0.0,0,284.85,0.0,1,5.98,11.39,SPY191115P00289000,289.0,0,0.0,0.0,,0.0,normalDay
2019-08-26,1218.0,-398.0,0.0,0,288.0,0.0,1,5.98,9.96,SPY191115P00289000,289.0,0,0.0,0.0,,0.0,normalDay
2019-08-27,1218.0,-480.0,0.0,0,286.87,0.0,1,5.98,10.78,SPY191115P00289000,289.0,0,0.0,0.0,,0.0,normalDay
2019-08-28,1218.0,-359.0,0.0,0,288.89,0.0,1,5.98,9.57,SPY191115P00289000,289.0,0,0.0,0.0,,0.0,normalDay
2019-08-29,1218.0,-181.0,0.0,0,292.58,0.0,1,5.98,7.79,SPY191115P00289000,289.0,0,0.0,0.0,,0.0,normalDay
2019-08-30,1218.0,-194.0,0.0,0,292.45,0.0,1,5.98,7.92,SPY191115P00289000,289.0,0,0.0,0.0,,0.0,normalDay
2019-09-03,1218.0,-270.0,0.0,0,290.74,0.0,1,5.98,8.68,SPY191115P00289000,289.0,0,0.0,0.0,,0.0,normalDay
2019-09-04,1218.0,-84.0,0.0,0,294.04,0.0,1,5.98,6.82,SPY191115P00289000,289.0,0,0.0,0.0,,0.0,normalDay
2019-09-05,1218.0,59.0,0.0,0,297.82,0.0,1,5.98,5.39,SPY191115P00289000,289.0,0,0.0,0.0,,0.0,normalDay
2019-09-06,1218.0,114.0,0.0,0,298.05,0.0,1,5.98,4.84,SPY191115P00289000,289.0,0,0.0,0.0,,0.0,normalDay
2019-09-09,1218.0,120.0,0.0,0,298.2,0.0,1,5.98,4.78,SPY191115P00289000,289.0,0,0.0,0.0,,0.0,normalDay
2019-09-10,1218.0,128.0,0.0,0,298.13,0.0,1,5.98,4.7,SPY191115P00289000,289.0,0,0.0,0.0,,0.0,normalDay
2019-09-11,1218.0,202.0,0.0,0,300.25,0.0,1,5.98,3.96,SPY191115P00289000,289.0,0,0.0,0.0,,0.0,normalDay
2019-09-12,1218.0,251.0,0.0,0,301.29,0.0,1,5.98,3.47,SPY191115P00289000,289.0,0,0.0,0.0,,0.0,normalDay
2019-09-13,1218.0,255.0,0.0,0,301.09,0.0,1,5.98,3.43,SPY191115P00289000,289.0,0,0.0,0.0,,0.0,normalDay
2019-09-16,1218.0,233.0,0.0,0,300.16,0.0,1,5.98,3.65,SPY191115P00289000,289.0,0,0.0,0.0,,0.0,normalDay
2019-09-17,1218.0,248.0,0.0,0,300.92,0.0,1,5.98,3.5,SPY191115P00289000,289.0,0,0.0,0.0,,0.0,normalDay
2019-09-18,1218.0,276.0,0.0,0,301.1,0.0,1,5.98,3.22,SPY191115P00289000,289.0,0,0.0,0.0,,0.0,normalDay
2019-09-19,1218.0,278.0,0.0,0,301.08,0.0,1,5.98,3.2,SPY191115P00289000,289.0,0,0.0,0.0,,0.0,normalDay
2019-09-20,1218.0,217.0,0.0,0,298.28,0.0,1,5.98,3.81,SPY191115P00289000,289.0,0,0.0,0.0,,0.0,normalDay
2019-09-23,1218.0,246.0,0.0,0,298.21,0.0,1,5.98,3.52,SPY191115P00289000,289.0,0,0.0,0.0,,0.0,normalDay
2019-09-24,1218.0,151.0,0.0,0,295.87,0.0,1,5.98,4.47,SPY191115P00289000,289.0,0,0.0,0.0,,0.0,normalDay
2019-09-25,1218.0,211.0,0.0,0,297.62,0.0,1,5.98,3.87,SPY191115P00289000,289.0,0,0.0,0.0,,0.0,normalDay
2019-09-26,1218.0,211.0,0.0,0,297.0,0.0,1,5.98,3.87,SPY191115P00289000,289.0,0,0.0,0.0,,0.0,normalDay
2019-09-27,1218.0,144.0,0.0,0,295.4,0.0,1,5.98,4.54,SPY191115P00289000,289.0,0,0.0,0.0,,0.0,normalDay
2019-09-30,1218.0,228.0,0.0,0,296.77,0.0,1,5.98,3.7,SPY191115P00289000,289.0,0,0.0,0.0,,0.0,normalDay
2019-10-01,1218.0,78.0,0.0,0,293.24,0.0,1,5.98,5.2,SPY191115P00289000,289.0,0,0.0,0.0,,0.0,normalDay
2019-10-02,1218.0,-191.0,0.0,0,288.06,0.0,1,5.98,7.89,SPY191115P00289000,289.0,0,0.0,0.0,,0.0,normalDay
2019-10-03,1218.0,-34.0,0.0,0,290.42,0.0,1,5.98,6.32,SPY191115P00289000,289.0,0,0.0,0.0,,0.0,normalDay
2019-10-04,1218.0,160.0,0.0,0,294.35,0.0,1,5.98,4.38,SPY191115P00289000,289.0,0,0.0,0.0,,0.0,normalDay
2019-10-07,1218.0,122.0,0.0,0,293.08,0.0,1,5.98,4.76,SPY191115P00289000,289.0,0,0.0,0.0,,0.0,normalDay
2019-10-08,1218.0,-91.0,0.0,0,288.53,0.0,1,5.98,6.89,SPY191115P00289000,289.0,0,0.0,0.0,,0.0,normalDay
2019-10-09,1218.0,56.0,0.0,0,291.27,0.0,1,5.98,5.42,SPY191115P00289000,289.0,0,0.0,0.0,,0.0,normalDay
2019-10-10,1218.0,165.0,0.0,0,293.24,0.0,1,5.98,4.33,SPY191115P00289000,289.0,0,0.0,0.0,,0.0,normalDay
2019-10-11,1218.0,310.0,0.0,0,296.28,0.0,1,5.98,2.88,SPY191115P00289000,289.0,0,0.0,0.0,,0.0,normalDay
2019-10-14,1218.0,340.0,0.0,0,295.95,0.0,1,5.98,2.58,SPY191115P00289000,289.0,0,0.0,0.0,,0.0,normalDay
2019-10-15,1218.0,433.0,0.0,0,298.88,0.0,1,5.98,1.65,SPY191115P00289000,289.0,0,0.0,0.0,,0.0,normalDay
2019-10-16,1218.0,432.0,0.0,0,298.4,0.0,1,5.98,1.66,SPY191115P00289000,289.0,0,0.0,0.0,,0.0,normalDay
2019-10-17,1218.0,446.0,0.0,0,299.28,0.0,1,5.98,1.52,SPY191115P00289000,289.0,0,0.0,0.0,,0.0,normalDay
2019-10-18,1218.0,429.0,0.0,0,297.97,0.0,1,5.98,1.69,SPY191115P00289000,289.0,0,0.0,0.0,,0.0,normalDay
2019-10-21,1218.0,483.0,0.0,0,299.99,0.0,1,5.98,1.15,SPY191115P00289000,289.0,0,0.0,0.0,,0.0,normalDay
2019-10-22,1218.0,468.0,0.0,0,299.01,0.0,1,5.98,1.3,SPY191115P00289000,289.0,0,0.0,0.0,,0.0,normalDay
2019-10-23,1218.0,495.0,0.0,0,299.88,0.0,1,5.98,1.03,SPY191115P00289000,289.0,0,0.0,0.0,,0.0,normalDay
2019-10-24,1218.0,510.0,0.0,0,300.37,0.0,1,5.98,0.88,SPY191115P00289000,289.0,0,0.0,0.0,,0.0,normalDay
2019-10-25,1218.0,538.0,0.0,0,301.6,0.0,1,5.98,0.6,SPY191115P00289000,289.0,0,0.0,0.0,,0.0,normalDay
2019-10-28,1218.0,554.0,0.0,0,303.3,0.0,1,5.98,0.44,SPY191115P00289000,289.0,0,0.0,0.0,,0.0,normalDay
2019-10-29,1218.0,556.0,0.0,0,303.21,0.0,1,5.98,0.42,SPY191115P00289000,289.0,0,0.0,0.0,,0.0,normalDay
2019-10-30,1218.0,570.0,0.0,0,304.14,0.0,1,5.98,0.28,SPY191115P00289000,289.0,0,0.0,0.0,,0.0,normalDay
2019-10-31,1218.0,560.0,0.0,0,303.33,0.0,1,5.98,0.38,SPY191115P00289000,289.0,0,0.0,0.0,,0.0,normalDay
2019-11-01,1218.0,582.0,0.0,0,306.14,0.0,1,5.98,0.16,SPY191115P00289000,289.0,0,0.0,0.0,,0.0,normalDay
2019-11-04,1218.0,585.0,0.0,0,307.37,0.0,1,5.98,0.13,SPY191115P00289000,289.0,0,0.0,0.0,,0.0,normalDay
2019-11-05,1218.0,587.0,0.0,0,307.03,0.0,1,5.98,0.11,SPY191115P00289000,289.0,0,0.0,0.0,,0.0,normalDay
2019-11-06,1218.0,592.0,0.0,0,307.1,0.0,1,5.98,0.06,SPY191115P00289000,289.0,0,0.0,0.0,,0.0,normalDay
2019-11-07,1218.0,594.0,0.0,0,308.18,0.0,1,5.98,0.04,SPY191115P00289000,289.0,0,0.0,0.0,,0.0,normalDay
2019-11-08,1218.0,595.0,0.0,0,308.94,0.0,1,5.98,0.03,SPY191115P00289000,289.0,0,0.0,0.0,,0.0,normalDay
2019-11-11,1218.0,596.0,0.0,0,308.35,0.0,1,5.98,0.02,SPY191115P00289000,289.0,0,0.0,0.0,,0.0,normalDay
2019-11-12,1218.0,596.0,0.0,0,309.0,0.0,1,5.98,0.02,SPY191115P00289000,289.0,0,0.0,0.0,,0.0,normalDay
2019-11-13,1218.0,596.0,0.0,0,309.1,0.0,1,5.98,0.02,SPY191115P00289000,289.0,0,0.0,0.0,,0.0,normalDay
2019-11-14,1218.0,597.0,0.0,0,309.55,0.0,1,5.98,0.01,SPY191115P00289000,289.0,0,0.0,0.0,,0.0,normalDay
2019-11-15,1816.0,0.0,598.0,0,311.79,0.0,1,5.98,0.0,SPY191115P00289000,289.0,0,0.0,0.0,,0.0,expirationDay
2019-11-18,1816.0,-6.0,0.0,0,312.02,0.0,1,6.19,6.25,SPY200331P00297000,297.0,0,0.0,0.0,,0.0,normalDay
2019-11-19,1816.0,-21.0,0.0,0,311.93,0.0,1,6.19,6.4,SPY200331P00297000,297.0,0,0.0,0.0,,0.0,normalDay
2019-11-20,1816.0,-60.0,0.0,0,310.77,0.0,1,6.19,6.79,SPY200331P00297000,297.0,0,0.0,0.0,,0.0,normalDay
2019-11-21,1816.0,-75.0,0.0,0,310.27,0.0,1,6.19,6.94,SPY200331P00297000,297.0,0,0.0,0.0,,0.0,normalDay
2019-11-22,1816.0,-37.0,0.0,0,310.96,0.0,1,6.19,6.56,SPY200331P00297000,297.0,0,0.0,0.0,,0.0,normalDay
2019-11-25,1816.0,44.0,0.0,0,313.37,0.0,1,6.19,5.75,SPY200331P00297000,297.0,0,0.0,0.0,,0.0,normalDay
2019-11-26,1816.0,78.0,0.0,0,314.08,0.0,1,6.19,5.41,SPY200331P00297000,297.0,0,0.0,0.0,,0.0,normalDay
2019-11-27,1816.0,104.0,0.0,0,315.48,0.0,1,6.19,5.15,SPY200331P00297000,297.0,0,0.0,0.0,,0.0,normalDay
2019-11-29,1816.0,63.0,0.0,0,314.31,0.0,1,6.19,5.56,SPY200331P00297000,297.0,0,0.0,0.0,,0.0,normalDay
2019-12-02,1816.0,-37.0,0.0,0,311.64,0.0,1,6.19,6.56,SPY200331P00297000,297.0,0,0.0,0.0,,0.0,normalDay
2019-12-03,1816.0,-126.0,0.0,0,309.55,0.0,1,6.19,7.45,SPY200331P00297000,297.0,0,0.0,0.0,,0.0,normalDay
2019-12-04,1816.0,-55.0,0.0,0,311.46,0.0,1,6.19,6.74,SPY200331P00297000,297.0,0,0.0,0.0,,0.0,normalDay
2019-12-05,1816.0,-16.0,0.0,0,312.02,0.0,1,6.19,6.35,SPY200331P00297000,297.0,0,0.0,0.0,,0.0,normalDay
2019-12-06,1816.0,73.0,0.0,0,314.87,0.0,1,6.19,5.46,SPY200331P00297000,297.0,0,0.0,0.0,,0.0,normalDay
2019-12-09,1816.0,24.0,0.0,0,313.88,0.0,1,6.19,5.95,SPY200331P00297000,297.0,0,0.0,0.0,,0.0,normalDay
2019-12-10,1816.0,38.0,0.0,0,313.53,0.0,1,6.19,5.81,SPY200331P00297000,297.0,0,0.0,0.0,,0.0,normalDay
2019-12-11,1816.0,73.0,0.0,0,314.42,0.0,1,6.19,5.46,SPY200331P00297000,297.0,0,0.0,0.0,,0.0,normalDay
2019-12-12,1816.0,154.0,0.0,0,317.13,0.0,1,6.19,4.65,SPY200331P00297000,297.0,0,0.0,0.0,,0.0,normalDay
2019-12-13,1816.0,200.0,0.0,0,317.32,0.0,1,6.19,4.19,SPY200331P00297000,297.0,0,0.0,0.0,,0.0,normalDay
2019-12-16,1816.0,264.0,0.0,0,319.5,0.0,1,6.19,3.55,SPY200331P00297000,297.0,0,0.0,0.0,,0.0,normalDay
2019-12-17,1816.0,261.0,0.0,0,319.57,0.0,1,6.19,3.58,SPY200331P00297000,297.0,0,0.0,0.0,,0.0,normalDay
2019-12-18,1816.0,260.0,0.0,0,319.59,0.0,1,6.19,3.59,SPY200331P00297000,297.0,0,0.0,0.0,,0.0,normalDay
2019-12-19,1816.0,288.0,0.0,0,320.9,0.0,1,6.19,3.31,SPY200331P00297000,297.0,0,0.0,0.0,,0.0,normalDay
2019-12-20,1816.0,301.0,0.0,0,320.73,0.0,1,6.19,3.18,SPY200331P00297000,297.0,0,0.0,0.0,,0.0,normalDay
2019-12-23,1816.0,303.0,0.0,0,321.22,0.0,1,6.19,3.16,SPY200331P00297000,297.0,0,0.0,0.0,,0.0,normalDay
2019-12-24,1816.0,308.0,0.0,0,321.23,0.0,1,6.19,3.11,SPY200331P00297000,297.0,0,0.0,0.0,,0.0,normalDay
2019-12-26,1816.0,337.0,0.0,0,322.94,0.0,1,6.19,2.82,SPY200331P00297000,297.0,0,0.0,0.0,,0.0,normalDay
2019-12-27,1816.0,323.0,0.0,0,322.86,0.0,1,6.19,2.96,SPY200331P00297000,297.0,0,0.0,0.0,,0.0,normalDay
2019-12-30,1816.0,289.0,0.0,0,321.08,0.0,1,6.19,3.3,SPY200331P00297000,297.0,0,0.0,0.0,,0.0,normalDay
2019-12-31,1816.0,326.0,0.0,0,321.86,0.0,1,6.19,2.93,SPY200331P00297000,297.0,0,0.0,0.0,,0.0,normalDay
2020-01-02,1816.0,382.0,0.0,0,324.87,0.0,1,6.19,2.37,SPY200331P00297000,297.0,0,0.0,0.0,,0.0,normalDay
2020-01-03,1816.0,329.0,0.0,0,322.41,0.0,1,6.19,2.9,SPY200331P00297000,297.0,0,0.0,0.0,,0.0,normalDay
2020-01-06,1816.0,361.0,0.0,0,323.64,0.0,1,6.19,2.58,SPY200331P00297000,297.0,0,0.0,0.0,,0.0,normalDay
2020-01-07,1816.0,350.0,0.0,0,322.73,0.0,1,6.19,2.69,SPY200331P00297000,297.0,0,0.0,0.0,,0.0,normalDay
2020-01-08,1816.0,387.0,0.0,0,324.45,0.0,1,6.19,2.32,SPY200331P00297000,297.0,0,0.0,0.0,,0.0,normalDay
2020-01-09,1816.0,425.0,0.0,0,326.65,0.0,1,6.19,1.94,SPY200331P00297000,297.0,0,0.0,0.0,,0.0,normalDay
2020-01-10,1816.0,416.0,0.0,0,325.71,0.0,1,6.19,2.03,SPY200331P00297000,297.0,0,0.0,0.0,,0.0,normalDay
2020-01-13,1816.0,454.0,0.0,0,327.95,0.0,1,6.19,1.65,SPY200331P00297000,297.0,0,0.0,0.0,,0.0,normalDay
2020-01-14,1816.0,456.0,0.0,0,327.45,0.0,1,6.19,1.63,SPY200331P00297000,297.0,0,0.0,0.0,,0.0,normalDay
2020-01-15,1816.0,464.0,0.0,0,328.19,0.0,1,6.19,1.55,SPY200331P00297000,297.0,0,0.0,0.0,,0.0,normalDay
2020-01-16,1816.0,486.0,0.0,0,330.92,0.0,1,6.19,1.33,SPY200331P00297000,297.0,0,0.0,0.0,,0.0,normalDay
2020-01-17,1816.0,496.0,0.0,0,331.95,0.0,1,6.19,1.23,SPY200331P00297000,297.0,0,0.0,0.0,,0.0,normalDay
2020-01-21,1816.0,493.0,0.0,0,331.3,0.0,1,6.19,1.26,SPY200331P00297000,297.0,0,0.0,0.0,,0.0,normalDay
2020-01-22,1816.0,494.0,0.0,0,331.34,0.0,1,6.19,1.25,SPY200331P00297000,297.0,0,0.0,0.0,,0.0,normalDay
2020-01-23,1816.0,496.0,0.0,0,331.72,0.0,1,6.19,1.23,SPY200331P00297000,297.0,0,0.0,0.0,,0.0,normalDay
2020-01-24,1816.0,458.0,0.0,0,328.77,0.0,1,6.19,1.61,SPY200331P00297000,297.0,0,0.0,0.0,,0.0,normalDay
2020-01-27,1816.0,345.0,0.0,0,323.5,0.0,1,6.19,2.74,SPY200331P00297000,297.0,0,0.0,0.0,,0.0,normalDay
2020-01-28,1816.0,425.0,0.0,0,326.89,0.0,1,6.19,1.94,SPY200331P00297000,297.0,0,0.0,0.0,,0.0,normalDay
2020-01-29,1816.0,427.0,0.0,0,326.62,0.0,1,6.19,1.92,SPY200331P00297000,297.0,0,0.0,0.0,,0.0,normalDay
2020-01-30,1816.0,459.0,0.0,0,327.68,0.0,1,6.19,1.6,SPY200331P00297000,297.0,0,0.0,0.0,,0.0,normalDay
2020-01-31,1816.0,349.0,0.0,0,321.73,0.0,1,6.19,2.7,SPY200331P00297000,297.0,0,0.0,0.0,,0.0,normalDay
2020-02-03,1816.0,393.0,0.0,0,324.12,0.0,1,6.19,2.26,SPY200331P00297000,297.0,0,0.0,0.0,,0.0,normalDay
2020-02-04,1816.0,480.0,0.0,0,329.06,0.0,1,6.19,1.39,SPY200331P00297000,297.0,0,0.0,0.0,,0.0,normalDay
2020-02-05,1816.0,516.0,0.0,0,332.86,0.0,1,6.19,1.03,SPY200331P00297000,297.0,0,0.0,0.0,,0.0,normalDay
2020-02-06,1816.0,521.0,0.0,0,333.98,0.0,1,6.19,0.98,SPY200331P00297000,297.0,0,0.0,0.0,,0.0,normalDay
2020-02-07,1816.0,511.0,0.0,0,332.2,0.0,1,6.19,1.08,SPY200331P00297000,297.0,0,0.0,0.0,,0.0,normalDay
2020-02-10,1816.0,533.0,0.0,0,334.68,0.0,1,6.19,0.86,SPY200331P00297000,297.0,0,0.0,0.0,,0.0,normalDay
2020-02-11,1816.0,536.0,0.0,0,335.26,0.0,1,6.19,0.83,SPY200331P00297000,297.0,0,0.0,0.0,,0.0,normalDay
2020-02-12,1816.0,554.0,0.0,0,337.42,0.0,1,6.19,0.65,SPY200331P00297000,297.0,0,0.0,0.0,,0.0,normalDay
2020-02-13,1816.0,553.0,0.0,0,337.06,0.0,1,6.19,0.66,SPY200331P00297000,297.0,0,0.0,0.0,,0.0,normalDay
2020-02-14,1816.0,560.0,0.0,0,337.6,0.0,1,6.19,0.59,SPY200331P00297000,297.0,0,0.0,0.0,,0.0,normalDay
2020-02-18,1816.0,558.0,0.0,0,336.73,0.0,1,6.19,0.61,SPY200331P00297000,297.0,0,0.0,0.0,,0.0,normalDay
2020-02-19,1816.0,567.0,0.0,0,338.34,0.0,1,6.19,0.52,SPY200331P00297000,297.0,0,0.0,0.0,,0.0,normalDay
2020-02-20,1816.0,556.0,0.0,0,336.95,0.0,1,6.19,0.63,SPY200331P00297000,297.0,0,0.0,0.0,,0.0,normalDay
2020-02-21,1816.0,532.0,0.0,0,333.48,0.0,1,6.19,0.87,SPY200331P00297000,297.0,0,0.0,0.0,,0.0,normalDay
2020-02-24,1816.0,337.0,0.0,0,322.42,0.0,1,6.19,2.82,SPY200331P00297000,297.0,0,0.0,0.0,,0.0,normalDay
2020-02-25,1816.0,161.0,0.0,0,312.65,0.0,1,6.19,4.58,SPY200331P00297000,297.0,0,0.0,0.0,,0.0,normalDay
2020-02-26,1816.0,144.0,0.0,0,311.5,0.0,1,6.19,4.75,SPY200331P00297000,297.0,0,0.0,0.0,,0.0,normalDay
2020-02-27,1816.0,-613.0,0.0,0,297.51,0.0,1,6.19,12.32,SPY200331P00297000,297.0,0,0.0,0.0,,0.0,normalDay
2020-02-28,1816.0,-694.0,0.0,0,296.26,0.0,1,6.19,13.13,SPY200331P00297000,297.0,0,0.0,0.0,,0.0,normalDay
2020-03-02,1816.0,4.0,0.0,0,309.09,0.0,1,6.19,6.15,SPY200331P00297000,297.0,0,0.0,0.0,,0.0,normalDay
2020-03-03,1816.0,-334.0,0.0,0,300.24,0.0,1,6.19,9.53,SPY200331P00297000,297.0,0,0.0,0.0,,0.0,normalDay
2020-03-04,1816.0,98.0,0.0,0,312.86,0.0,1,6.19,5.21,SPY200331P00297000,297.0,0,0.0,0.0,,0.0,normalDay
2020-03-05,1816.0,-379.0,0.0,0,302.46,0.0,1,6.19,9.98,SPY200331P00297000,297.0,0,0.0,0.0,,0.0,normalDay
2020-03-06,1816.0,-595.0,0.0,0,297.46,0.0,1,6.19,12.14,SPY200331P00297000,297.0,0,0.0,0.0,,0.0,normalDay
2020-03-09,1816.0,-2170.0,0.0,0,274.23,0.0,1,6.19,27.89,SPY200331P00297000,297.0,0,0.0,0.0,,0.0,normalDay
2020-03-10,1816.0,-1066.0,0.0,0,288.42,0.0,1,6.19,16.85,SPY200331P00297000,297.0,0,0.0,0.0,,0.0,normalDay
2020-03-11,1816.0,-2112.0,0.0,0,274.36,0.0,1,6.19,27.31,SPY200331P00297000,297.0,0,0.0,0.0,,0.0,normalDay
2020-03-12,1816.0,-4510.0,0.0,0,248.11,0.0,1,6.19,51.29,SPY200331P00297000,297.0,0,0.0,0.0,,0.0,normalDay
2020-03-13,1816.0,-2446.0,0.0,0,269.32,0.0,1,6.19,30.65,SPY200331P00297000,297.0,0,0.0,0.0,,0.0,normalDay
2020-03-16,1816.0,-4951.0,0.0,0,239.85,0.0,1,6.19,55.7,SPY200331P00297000,297.0,0,0.0,0.0,,0.0,normalDay
2020-03-17,1816.0,-4126.0,0.0,0,252.8,0.0,1,6.19,47.45,SPY200331P00297000,297.0,0,0.0,0.0,,0.0,normalDay
2020-03-18,1816.0,-5341.0,0.0,0,240.0,0.0,1,6.19,59.6,SPY200331P00297000,297.0,0,0.0,0.0,,0.0,normalDay
2020-03-19,1816.0,-5294.0,0.0,0,240.51,0.0,1,6.19,59.13,SPY200331P00297000,297.0,0,0.0,0.0,,0.0,normalDay
2020-03-20,1816.0,-6228.0,0.0,0,228.8,0.0,1,6.19,68.47,SPY200331P00297000,297.0,0,0.0,0.0,,0.0,normalDay
2020-03-23,1816.0,-7022.0,0.0,0,222.95,0.0,1,6.19,76.41,SPY200331P00297000,297.0,0,0.0,0.0,,0.0,normalDay
2020-03-24,1816.0,-4886.0,0.0,0,243.15,0.0,1,6.19,55.05,SPY200331P00297000,297.0,0,0.0,0.0,,0.0,normalDay
2020-03-25,1816.0,-4406.0,0.0,0,246.79,0.0,1,6.19,50.25,SPY200331P00297000,297.0,0,0.0,0.0,,0.0,normalDay
2020-03-26,1816.0,-3051.0,0.0,0,261.2,0.0,1,6.19,36.7,SPY200331P00297000,297.0,0,0.0,0.0,,0.0,normalDay
2020-03-27,1816.0,-3827.0,0.0,0,253.42,0.0,1,6.19,44.46,SPY200331P00297000,297.0,0,0.0,0.0,,0.0,normalDay
2020-03-30,1816.0,-3020.0,0.0,0,261.65,0.0,1,6.19,36.39,SPY200331P00297000,297.0,0,0.0,0.0,,0.0,normalDay
2020-03-31,2435.0,-3925.0,619.0,100,257.75,297.0,1,6.19,0.0,SPY200331P00297000,297.0,0,0.0,0.0,,0.0,expirationDay
2020-04-01,2435.0,-5085.0,0.0,100,246.15,297.0,0,0.0,0.0,,0.0,0,0.0,0.0,,0.0,bidTooLow
2020-04-02,2435.0,-4520.0,0.0,100,251.83,297.0,0,0.0,0.0,,0.0,1,0.02,0.05,SPY200413C00298000,298.0,normalDay
2020-04-03,2435.0,-4882.0,0.0,100,248.19,297.0,0,0.0,0.0,,0.0,1,0.02,0.03,SPY200413C00298000,298.0,normalDay
2020-04-06,2435.0,-3216.0,0.0,100,264.86,297.0,0,0.0,0.0,,0.0,1,0.02,0.04,SPY200413C00298000,298.0,normalDay
2020-04-07,2435.0,-3189.0,0.0,100,265.13,297.0,0,0.0,0.0,,0.0,1,0.02,0.04,SPY200413C00298000,298.0,normalDay
2020-04-08,2435.0,-2300.0,0.0,100,274.03,297.0,0,0.0,0.0,,0.0,1,0.02,0.05,SPY200413C00298000,298.0,normalDay
2020-04-09,2435.0,-1881.0,0.0,100,278.2,297.0,0,0.0,0.0,,0.0,1,0.02,0.03,SPY200413C00298000,298.0,normalDay
2020-04-13,2437.0,-2134.0,2.0,100,275.66,297.0,0,0.0,0.0,,0.0,1,0.02,0.0,SPY200413C00298000,298.0,expirationDay
2020-04-14,2437.0,-1326.0,0.0,100,283.79,297.0,0,0.0,0.0,,0.0,1,2.9,2.95,SPY200424C00292000,292.0,normalDay
2020-04-15,2437.0,-1757.0,0.0,100,277.76,297.0,0,0.0,0.0,,0.0,1,2.9,1.23,SPY200424C00292000,292.0,normalDay
2020-04-16,2437.0,-1611.0,0.0,100,279.1,297.0,0,0.0,0.0,,0.0,1,2.9,1.11,SPY200424C00292000,292.0,normalDay
2020-04-17,2437.0,-1023.0,0.0,100,286.64,297.0,0,0.0,0.0,,0.0,1,2.9,2.77,SPY200424C00292000,292.0,normalDay
2020-04-20,2437.0,-1347.0,0.0,100,281.59,297.0,0,0.0,0.0,,0.0,1,2.9,0.96,SPY200424C00292000,292.0,normalDay
2020-04-21,2437.0,-2121.0,0.0,100,273.04,297.0,0,0.0,0.0,,0.0,1,2.9,0.15,SPY200424C00292000,292.0,normalDay
2020-04-22,2437.0,-1508.0,0.0,100,279.1,297.0,0,0.0,0.0,,0.0,1,2.9,0.08,SPY200424C00292000,292.0,normalDay
2020-04-23,2437.0,-1504.0,0.0,100,279.08,297.0,0,0.0,0.0,,0.0,1,2.9,0.02,SPY200424C00292000,292.0,normalDay
2020-04-24,2727.0,-1403.0,290.0,100,282.97,297.0,0,0.0,0.0,,0.0,1,2.9,0.0,SPY200424C00292000,292.0,expirationDay
2020-04-27,2727.0,-999.0,0.0,100,287.05,297.0,0,0.0,0.0,,0.0,1,0.59,0.63,SPY200508C00301000,301.0,normalDay
2020-04-28,2727.0,-1119.0,0.0,100,285.73,297.0,0,0.0,0.0,,0.0,1,0.59,0.51,SPY200508C00301000,301.0,normalDay
2020-04-29,2727.0,-473.0,0.0,100,293.21,297.0,0,0.0,0.0,,0.0,1,0.59,1.53,SPY200508C00301000,301.0,normalDay
2020-04-30,2727.0,-672.0,0.0,100,290.48,297.0,0,0.0,0.0,,0.0,1,0.59,0.79,SPY200508C00301000,301.0,normalDay
2020-05-01,2727.0,-1373.0,0.0,100,282.79,297.0,0,0.0,0.0,,0.0,1,0.59,0.11,SPY200508C00301000,301.0,normalDay
2020-05-04,2727.0,-1289.0,0.0,100,283.57,297.0,0,0.0,0.0,,0.0,1,0.59,0.05,SPY200508C00301000,301.0,normalDay
2020-05-05,2727.0,-1026.0,0.0,100,286.19,297.0,0,0.0,0.0,,0.0,1,0.59,0.04,SPY200508C00301000,301.0,normalDay
2020-05-06,2727.0,-1218.0,0.0,100,284.25,297.0,0,0.0,0.0,,0.0,1,0.59,0.02,SPY200508C00301000,301.0,normalDay
2020-05-07,2727.0,-874.0,0.0,100,287.68,297.0,0,0.0,0.0,,0.0,1,0.59,0.01,SPY200508C00301000,301.0,normalDay
2020-05-08,2786.0,-456.0,59.0,100,292.44,297.0,0,0.0,0.0,,0.0,1,0.59,0.0,SPY200508C00301000,301.0,expirationDay
2020-05-11,2786.0,-454.0,0.0,100,292.5,297.0,0,0.0,0.0,,0.0,1,2.26,2.3,SPY200522C00297000,297.0,normalDay
2020-05-12,2786.0,-917.0,0.0,100,286.67,297.0,0,0.0,0.0,,0.0,1,2.26,1.1,SPY200522C00297000,297.0,normalDay
2020-05-13,2786.0,-1357.0,0.0,100,281.6,297.0,0,0.0,0.0,,0.0,1,2.26,0.43,SPY200522C00297000,297.0,normalDay
2020-05-14,2786.0,-1031.0,0.0,100,284.97,297.0,0,0.0,0.0,,0.0,1,2.26,0.54,SPY200522C00297000,297.0,normalDay
2020-05-15,2786.0,-878.0,0.0,100,286.28,297.0,0,0.0,0.0,,0.0,1,2.26,0.32,SPY200522C00297000,297.0,normalDay
2020-05-18,2786.0,-192.0,0.0,100,295.0,297.0,0,0.0,0.0,,0.0,1,2.26,2.18,SPY200522C00297000,297.0,normalDay
2020-05-19,2786.0,-386.0,0.0,100,291.97,297.0,0,0.0,0.0,,0.0,1,2.26,1.09,SPY200522C00297000,297.0,normalDay
2020-05-20,2786.0,-19.0,0.0,100,296.93,297.0,0,0.0,0.0,,0.0,1,2.26,2.38,SPY200522C00297000,297.0,normalDay
2020-05-21,2786.0,-49.0,0.0,100,294.88,297.0,0,0.0,0.0,,0.0,1,2.26,0.63,SPY200522C00297000,297.0,normalDay
2020-05-22,3012.0,-156.0,226.0,100,295.44,297.0,0,0.0,0.0,,0.0,1,2.26,0.0,SPY200522C00297000,297.0,expirationDay
2020-05-26,3012.0,204.0,0.0,100,299.08,297.0,0,0.0,0.0,,0.0,1,3.04,3.08,SPY200605C00302000,302.0,normalDay
2020-05-27,3012.0,433.0,0.0,100,303.53,297.0,0,0.0,0.0,,0.0,1,3.04,5.24,SPY200605C00302000,302.0,normalDay
2020-05-28,3012.0,374.0,0.0,100,302.97,297.0,0,0.0,0.0,,0.0,1,3.04,5.27,SPY200605C00302000,302.0,normalDay
2020-05-29,3012.0,471.0,0.0,100,304.32,297.0,0,0.0,0.0,,0.0,1,3.04,5.65,SPY200605C00302000,302.0,normalDay
2020-06-01,3012.0,624.0,0.0,100,305.55,297.0,0,0.0,0.0,,0.0,1,3.04,5.35,SPY200605C00302000,302.0,normalDay
2020-06-02,3012.0,744.0,0.0,100,308.08,297.0,0,0.0,0.0,,0.0,1,3.04,6.68,SPY200605C00302000,302.0,normalDay
2020-06-03,3012.0,789.0,0.0,100,312.18,297.0,0,0.0,0.0,,0.0,1,3.04,10.33,SPY200605C00302000,302.0,normalDay
2020-06-04,3012.0,785.0,0.0,100,311.36,297.0,0,0.0,0.0,,0.0,1,3.04,9.55,SPY200605C00302000,302.0,normalDay
2020-06-05,3816.0,785.0,804.0,0,319.34,0.0,0,0.0,0.0,,0.0,1,3.04,0.0,SPY200605C00302000,302.0,expirationDay
2020-06-08,3816.0,-13.0,0.0,0,323.2,0.0,1,6.26,6.39,SPY201016P00274000,274.0,0,0.0,0.0,,0.0,normalDay
2020-06-09,3816.0,-99.0,0.0,0,320.79,0.0,1,6.26,7.25,SPY201016P00274000,274.0,0,0.0,0.0,,0.0,normalDay
2020-06-10,3816.0,-139.0,0.0,0,319.0,0.0,1,6.26,7.65,SPY201016P00274000,274.0,0,0.0,0.0,,0.0,normalDay
2020-06-11,3816.0,-861.0,0.0,0,300.61,0.0,1,6.26,14.87,SPY201016P00274000,274.0,0,0.0,0.0,,0.0,normalDay
2020-06-12,3816.0,-688.0,0.0,0,304.21,0.0,1,6.26,13.14,SPY201016P00274000,274.0,0,0.0,0.0,,0.0,normalDay
2020-06-15,3816.0,-531.0,0.0,0,307.05,0.0,1,6.26,11.57,SPY201016P00274000,274.0,0,0.0,0.0,,0.0,normalDay
2020-06-16,3816.0,-402.0,0.0,0,312.96,0.0,1,6.26,10.28,SPY201016P00274000,274.0,0,0.0,0.0,,0.0,normalDay
2020-06-17,3816.0,-409.0,0.0,0,311.66,0.0,1,6.26,10.35,SPY201016P00274000,274.0,0,0.0,0.0,,0.0,normalDay
2020-06-18,3816.0,-391.0,0.0,0,311.78,0.0,1,6.26,10.17,SPY201016P00274000,274.0,0,0.0,0.0,,0.0,normalDay
2020-06-19,3816.0,-490.0,0.0,0,308.64,0.0,1,6.26,11.16,SPY201016P00274000,274.0,0,0.0,0.0,,0.0,normalDay
2020-06-22,3816.0,-307.0,0.0,0,310.62,0.0,1,6.26,9.33,SPY201016P00274000,274.0,0,0.0,0.0,,0.0,normalDay
2020-06-23,3816.0,-265.0,0.0,0,312.05,0.0,1,6.26,8.91,SPY201016P00274000,274.0,0,0.0,0.0,,0.0,normalDay
2020-06-24,3816.0,-463.0,0.0,0,304.09,0.0,1,6.26,10.89,SPY201016P00274000,274.0,0,0.0,0.0,,0.0,normalDay
2020-06-25,3816.0,-324.0,0.0,0,307.35,0.0,1,6.26,9.5,SPY201016P00274000,274.0,0,0.0,0.0,,0.0,normalDay
2020-06-26,3816.0,-516.0,0.0,0,300.05,0.0,1,6.26,11.42,SPY201016P00274000,274.0,0,0.0,0.0,,0.0,normalDay
2020-06-29,3816.0,-348.0,0.0,0,304.46,0.0,1,6.26,9.74,SPY201016P00274000,274.0,0,0.0,0.0,,0.0,normalDay
2020-06-30,3816.0,-216.0,0.0,0,308.36,0.0,1,6.26,8.42,SPY201016P00274000,274.0,0,0.0,0.0,,0.0,normalDay
2020-07-01,3816.0,-146.0,0.0,0,310.52,0.0,1,6.26,7.72,SPY201016P00274000,274.0,0,0.0,0.0,,0.0,normalDay
2020-07-02,3816.0,-87.0,0.0,0,312.23,0.0,1,6.26,7.13,SPY201016P00274000,274.0,0,0.0,0.0,,0.0,normalDay
2020-07-06,3816.0,-8.0,0.0,0,317.05,0.0,1,6.26,6.34,SPY201016P00274000,274.0,0,0.0,0.0,,0.0,normalDay
2020-07-07,3816.0,-84.0,0.0,0,313.78,0.0,1,6.26,7.1,SPY201016P00274000,274.0,0,0.0,0.0,,0.0,normalDay
2020-07-08,3816.0,-13.0,0.0,0,316.18,0.0,1,6.26,6.39,SPY201016P00274000,274.0,0,0.0,0.0,,0.0,normalDay
2020-07-09,3816.0,-68.0,0.0,0,314.38,0.0,1,6.26,6.94,SPY201016P00274000,274.0,0,0.0,0.0,,0.0,normalDay
2020-07-10,3816.0,18.0,0.0,0,317.59,0.0,1,6.26,6.08,SPY201016P00274000,274.0,0,0.0,0.0,,0.0,normalDay
2020-07-13,3816.0,-134.0,0.0,0,314.84,0.0,1,6.26,7.6,SPY201016P00274000,274.0,0,0.0,0.0,,0.0,normalDay
2020-07-14,3816.0,7.0,0.0,0,318.92,0.0,1,6.26,6.19,SPY201016P00274000,274.0,0,0.0,0.0,,0.0,normalDay
2020-07-15,3816.0,78.0,0.0,0,321.85,0.0,1,6.26,5.48,SPY201016P00274000,274.0,0,0.0,0.0,,0.0,normalDay
2020-07-16,3816.0,62.0,0.0,0,320.79,0.0,1,6.26,5.64,SPY201016P00274000,274.0,0,0.0,0.0,,0.0,normalDay
2020-07-17,3816.0,150.0,0.0,0,321.72,0.0,1,6.26,4.76,SPY201016P00274000,274.0,0,0.0,0.0,,0.0,normalDay
2020-07-20,3816.0,220.0,0.0,0,324.32,0.0,1,6.26,4.06,SPY201016P00274000,274.0,0,0.0,0.0,,0.0,normalDay
2020-07-21,3816.0,225.0,0.0,0,325.01,0.0,1,6.26,4.01,SPY201016P00274000,274.0,0,0.0,0.0,,0.0,normalDay
2020-07-22,3816.0,251.0,0.0,0,326.86,0.0,1,6.26,3.75,SPY201016P00274000,274.0,0,0.0,0.0,,0.0,normalDay
2020-07-23,3816.0,183.0,0.0,0,322.96,0.0,1,6.26,4.43,SPY201016P00274000,274.0,0,0.0,0.0,,0.0,normalDay
2020-07-24,3816.0,183.0,0.0,0,320.88,0.0,1,6.26,4.43,SPY201016P00274000,274.0,0,0.0,0.0,,0.0,normalDay
2020-07-27,3816.0,239.0,0.0,0,323.22,0.0,1,6.26,3.87,SPY201016P00274000,274.0,0,0.0,0.0,,0.0,normalDay
2020-07-28,3816.0,216.0,0.0,0,321.17,0.0,1,6.26,4.1,SPY201016P00274000,274.0,0,0.0,0.0,,0.0,normalDay
2020-07-29,3816.0,275.0,0.0,0,325.12,0.0,1,6.26,3.51,SPY201016P00274000,274.0,0,0.0,0.0,,0.0,normalDay
2020-07-30,3816.0,255.0,0.0,0,323.96,0.0,1,6.26,3.71,SPY201016P00274000,274.0,0,0.0,0.0,,0.0,normalDay
2020-07-31,3816.0,297.0,0.0,0,326.52,0.0,1,6.26,3.29,SPY201016P00274000,274.0,0,0.0,0.0,,0.0,normalDay
2020-08-03,3816.0,327.0,0.0,0,328.79,0.0,1,6.26,2.99,SPY201016P00274000,274.0,0,0.0,0.0,,0.0,normalDay
2020-08-04,3816.0,353.0,0.0,0,330.06,0.0,1,6.26,2.73,SPY201016P00274000,274.0,0,0.0,0.0,,0.0,normalDay
2020-08-05,3816.0,380.0,0.0,0,332.11,0.0,1,6.26,2.46,SPY201016P00274000,274.0,0,0.0,0.0,,0.0,normalDay
2020-08-06,3816.0,398.0,0.0,0,334.33,0.0,1,6.26,2.28,SPY201016P00274000,274.0,0,0.0,0.0,,0.0,normalDay
2020-08-07,3816.0,404.0,0.0,0,334.57,0.0,1,6.26,2.22,SPY201016P00274000,274.0,0,0.0,0.0,,0.0,normalDay
2020-08-10,3816.0,425.0,0.0,0,335.57,0.0,1,6.26,2.01,SPY201016P00274000,274.0,0,0.0,0.0,,0.0,normalDay
2020-08-11,3816.0,385.0,0.0,0,332.8,0.0,1,6.26,2.41,SPY201016P00274000,274.0,0,0.0,0.0,,0.0,normalDay
2020-08-12,3816.0,436.0,0.0,0,337.44,0.0,1,6.26,1.9,SPY201016P00274000,274.0,0,0.0,0.0,,0.0,normalDay
2020-08-13,3816.0,436.0,0.0,0,336.83,0.0,1,6.26,1.9,SPY201016P00274000,274.0,0,0.0,0.0,,0.0,normalDay
2020-08-14,3816.0,443.0,0.0,0,336.84,0.0,1,6.26,1.83,SPY201016P00274000,274.0,0,0.0,0.0,,0.0,normalDay
2020-08-17,3816.0,471.0,0.0,0,337.91,0.0,1,6.26,1.55,SPY201016P00274000,274.0,0,0.0,0.0,,0.0,normalDay
2020-08-18,3816.0,478.0,0.0,0,338.64,0.0,1,6.26,1.48,SPY201016P00274000,274.0,0,0.0,0.0,,0.0,normalDay
2020-08-19,3816.0,465.0,0.0,0,337.23,0.0,1,6.26,1.61,SPY201016P00274000,274.0,0,0.0,0.0,,0.0,normalDay
2020-08-20,3816.0,471.0,0.0,0,338.28,0.0,1,6.26,1.55,SPY201016P00274000,274.0,0,0.0,0.0,,0.0,normalDay
2020-08-21,3816.0,483.0,0.0,0,339.48,0.0,1,6.26,1.43,SPY201016P00274000,274.0,0,0.0,0.0,,0.0,normalDay
2020-08-24,3816.0,502.0,0.0,0,342.92,0.0,1,6.26,1.24,SPY201016P00274000,274.0,0,0.0,0.0,,0.0,normalDay
2020-08-25,3816.0,515.0,0.0,0,344.12,0.0,1,6.26,1.11,SPY201016P00274000,274.0,0,0.0,0.0,,0.0,normalDay
2020-08-26,3816.0,517.0,0.0,0,347.57,0.0,1,6.26,1.09,SPY201016P00274000,274.0,0,0.0,0.0,,0.0,normalDay
2020-08-27,3816.0,509.0,0.0,0,348.33,0.0,1,6.26,1.17,SPY201016P00274000,274.0,0,0.0,0.0,,0.0,normalDay
2020-08-28,3816.0,527.0,0.0,0,350.58,0.0,1,6.26,0.99,SPY201016P00274000,274.0,0,0.0,0.0,,0.0,normalDay
2020-08-31,3816.0,506.0,0.0,0,349.31,0.0,1,6.26,1.2,SPY201016P00274000,274.0,0,0.0,0.0,,0.0,normalDay
2020-09-01,3816.0,514.0,0.0,0,352.6,0.0,1,6.26,1.12,SPY201016P00274000,274.0,0,0.0,0.0,,0.0,normalDay
2020-09-02,3816.0,531.0,0.0,0,357.7,0.0,1,6.26,0.95,SPY201016P00274000,274.0,0,0.0,0.0,,0.0,normalDay
2020-09-03,3816.0,450.0,0.0,0,345.39,0.0,1,6.26,1.76,SPY201016P00274000,274.0,0,0.0,0.0,,0.0,normalDay
2020-09-04,3816.0,474.0,0.0,0,342.57,0.0,1,6.26,1.52,SPY201016P00274000,274.0,0,0.0,0.0,,0.0,normalDay
2020-09-08,3816.0,471.0,0.0,0,333.21,0.0,1,6.26,1.55,SPY201016P00274000,274.0,0,0.0,0.0,,0.0,normalDay
2020-09-09,3816.0,521.0,0.0,0,339.79,0.0,1,6.26,1.05,SPY201016P00274000,274.0,0,0.0,0.0,,0.0,normalDay
2020-09-10,3816.0,510.0,0.0,0,333.89,0.0,1,6.26,1.16,SPY201016P00274000,274.0,0,0.0,0.0,,0.0,normalDay
2020-09-11,3816.0,543.0,0.0,0,334.06,0.0,1,6.26,0.83,SPY201016P00274000,274.0,0,0.0,0.0,,0.0,normalDay
2020-09-14,3816.0,570.0,0.0,0,338.46,0.0,1,6.26,0.56,SPY201016P00274000,274.0,0,0.0,0.0,,0.0,normalDay
2020-09-15,3816.0,572.0,0.0,0,340.17,0.0,1,6.26,0.54,SPY201016P00274000,274.0,0,0.0,0.0,,0.0,normalDay
2020-09-16,3816.0,569.0,0.0,0,338.82,0.0,1,6.26,0.57,SPY201016P00274000,274.0,0,0.0,0.0,,0.0,normalDay
2020-09-17,3816.0,567.0,0.0,0,335.84,0.0,1,6.26,0.59,SPY201016P00274000,274.0,0,0.0,0.0,,0.0,normalDay
2020-09-18,3816.0,574.0,0.0,0,330.65,0.0,1,6.26,0.52,SPY201016P00274000,274.0,0,0.0,0.0,,0.0,normalDay
2020-09-21,3816.0,571.0,0.0,0,326.97,0.0,1,6.26,0.55,SPY201016P00274000,274.0,0,0.0,0.0,,0.0,normalDay
2020-09-22,3816.0,584.0,0.0,0,330.3,0.0,1,6.26,0.42,SPY201016P00274000,274.0,0,0.0,0.0,,0.0,normalDay
2020-09-23,3816.0,563.0,0.0,0,322.64,0.0,1,6.26,0.63,SPY201016P00274000,274.0,0,0.0,0.0,,0.0,normalDay
2020-09-24,3816.0,573.0,0.0,0,323.5,0.0,1,6.26,0.53,SPY201016P00274000,274.0,0,0.0,0.0,,0.0,normalDay
2020-09-25,3816.0,594.0,0.0,0,328.73,0.0,1,6.26,0.32,SPY201016P00274000,274.0,0,0.0,0.0,,0.0,normalDay
2020-09-28,3816.0,605.0,0.0,0,334.19,0.0,1,6.26,0.21,SPY201016P00274000,274.0,0,0.0,0.0,,0.0,normalDay
2020-09-29,3816.0,606.0,0.0,0,332.37,0.0,1,6.26,0.2,SPY201016P00274000,274.0,0,0.0,0.0,,0.0,normalDay
2020-09-30,3816.0,610.0,0.0,0,334.89,0.0,1,6.26,0.16,SPY201016P00274000,274.0,0,0.0,0.0,,0.0,normalDay
2020-10-01,3816.0,617.0,0.0,0,337.04,0.0,1,6.26,0.09,SPY201016P00274000,274.0,0,0.0,0.0,,0.0,normalDay
2020-10-02,3816.0,617.0,0.0,0,333.84,0.0,1,6.26,0.09,SPY201016P00274000,274.0,0,0.0,0.0,,0.0,normalDay
2020-10-05,3816.0,622.0,0.0,0,339.76,0.0,1,6.26,0.04,SPY201016P00274000,274.0,0,0.0,0.0,,0.0,normalDay
2020-10-06,3816.0,620.0,0.0,0,334.93,0.0,1,6.26,0.06,SPY201016P00274000,274.0,0,0.0,0.0,,0.0,normalDay
2020-10-07,3816.0,623.0,0.0,0,340.76,0.0,1,6.26,0.03,SPY201016P00274000,274.0,0,0.0,0.0,,0.0,normalDay
2020-10-08,3816.0,624.0,0.0,0,343.78,0.0,1,6.26,0.02,SPY201016P00274000,274.0,0,0.0,0.0,,0.0,normalDay
2020-10-09,3816.0,624.0,0.0,0,346.85,0.0,1,6.26,0.02,SPY201016P00274000,274.0,0,0.0,0.0,,0.0,normalDay
2020-10-12,3816.0,625.0,0.0,0,352.43,0.0,1,6.26,0.01,SPY201016P00274000,274.0,0,0.0,0.0,,0.0,normalDay
2020-10-13,3816.0,625.0,0.0,0,350.13,0.0,1,6.26,0.01,SPY201016P00274000,274.0,0,0.0,0.0,,0.0,normalDay
2020-10-14,3816.0,625.0,0.0,0,347.93,0.0,1,6.26,0.01,SPY201016P00274000,274.0,0,0.0,0.0,,0.0,normalDay
2020-10-15,3816.0,625.0,0.0,0,347.5,0.0,1,6.26,0.01,SPY201016P00274000,274.0,0,0.0,0.0,,0.0,normalDay
2020-10-16,4442.0,0.0,626.0,0,347.29,0.0,1,6.26,0.0,SPY201016P00274000,274.0,0,0.0,0.0,,0.0,expirationDay
2020-10-19,4442.0,-9.0,0.0,0,342.01,0.0,1,12.57,12.66,SPY210219P00319000,319.0,0,0.0,0.0,,0.0,normalDay
2020-10-20,4442.0,13.0,0.0,0,343.38,0.0,1,12.57,12.44,SPY210219P00319000,319.0,0,0.0,0.0,,0.0,normalDay
2020-10-21,4442.0,67.0,0.0,0,342.73,0.0,1,12.57,11.9,SPY210219P00319000,319.0,0,0.0,0.0,,0.0,normalDay
2020-10-22,4442.0,115.0,0.0,0,344.61,0.0,1,12.57,11.42,SPY210219P00319000,319.0,0,0.0,0.0,,0.0,normalDay
2020-10-23,4442.0,157.0,0.0,0,345.78,0.0,1,12.57,11.0,SPY210219P00319000,319.0,0,0.0,0.0,,0.0,normalDay
2020-10-26,4442.0,-81.0,0.0,0,339.39,0.0,1,12.57,13.38,SPY210219P00319000,319.0,0,0.0,0.0,,0.0,normalDay
2020-10-27,4442.0,-116.0,0.0,0,338.22,0.0,1,12.57,13.73,SPY210219P00319000,319.0,0,0.0,0.0,,0.0,normalDay
2020-10-28,4442.0,-710.0,0.0,0,326.66,0.0,1,12.57,19.67,SPY210219P00319000,319.0,0,0.0,0.0,,0.0,normalDay
2020-10-29,4442.0,-438.0,0.0,0,329.98,0.0,1,12.57,16.95,SPY210219P00319000,319.0,0,0.0,0.0,,0.0,normalDay
2020-10-30,4442.0,-586.0,0.0,0,326.54,0.0,1,12.57,18.43,SPY210219P00319000,319.0,0,0.0,0.0,,0.0,normalDay
2020-11-02,4442.0,-373.0,0.0,0,330.2,0.0,1,12.57,16.3,SPY210219P00319000,319.0,0,0.0,0.0,,0.0,normalDay
2020-11-03,4442.0,-153.0,0.0,0,336.03,0.0,1,12.57,14.1,SPY210219P00319000,319.0,0,0.0,0.0,,0.0,normalDay
2020-11-04,4442.0,193.0,0.0,0,343.54,0.0,1,12.57,10.64,SPY210219P00319000,319.0,0,0.0,0.0,,0.0,normalDay
2020-11-05,4442.0,340.0,0.0,0,350.24,0.0,1,12.57,9.17,SPY210219P00319000,319.0,0,0.0,0.0,,0.0,normalDay
2020-11-06,4442.0,409.0,0.0,0,350.16,0.0,1,12.57,8.48,SPY210219P00319000,319.0,0,0.0,0.0,,0.0,normalDay
2020-11-09,4442.0,545.0,0.0,0,354.56,0.0,1,12.57,7.12,SPY210219P00319000,319.0,0,0.0,0.0,,0.0,normalDay
2020-11-10,4442.0,557.0,0.0,0,354.04,0.0,1,12.57,7.0,SPY210219P00319000,319.0,0,0.0,0.0,,0.0,normalDay
2020-11-11,4442.0,638.0,0.0,0,356.67,0.0,1,12.57,6.19,SPY210219P00319000,319.0,0,0.0,0.0,,0.0,normalDay
2020-11-12,4442.0,528.0,0.0,0,353.21,0.0,1,12.57,7.29,SPY210219P00319000,319.0,0,0.0,0.0,,0.0,normalDay
2020-11-13,4442.0,648.0,0.0,0,358.1,0.0,1,12.57,6.09,SPY210219P00319000,319.0,0,0.0,0.0,,0.0,normalDay
2020-11-16,4442.0,730.0,0.0,0,362.57,0.0,1,12.57,5.27,SPY210219P00319000,319.0,0,0.0,0.0,,0.0,normalDay
2020-11-17,4442.0,718.0,0.0,0,360.62,0.0,1,12.57,5.39,SPY210219P00319000,319.0,0,0.0,0.0,,0.0,normalDay
2020-11-18,4442.0,643.0,0.0,0,356.28,0.0,1,12.57,6.14,SPY210219P00319000,319.0,0,0.0,0.0,,0.0,normalDay
2020-11-19,4442.0,695.0,0.0,0,357.78,0.0,1,12.57,5.62,SPY210219P00319000,319.0,0,0.0,0.0,,0.0,normalDay
2020-11-20,4442.0,650.0,0.0,0,355.33,0.0,1,12.57,6.07,SPY210219P00319000,319.0,0,0.0,0.0,,0.0,normalDay
2020-11-23,4442.0,721.0,0.0,0,357.46,0.0,1,12.57,5.36,SPY210219P00319000,319.0,0,0.0,0.0,,0.0,normalDay
2020-11-24,4442.0,814.0,0.0,0,363.22,0.0,1,12.57,4.43,SPY210219P00319000,319.0,0,0.0,0.0,,0.0,normalDay
2020-11-25,4442.0,829.0,0.0,0,362.66,0.0,1,12.57,4.28,SPY210219P00319000,319.0,0,0.0,0.0,,0.0,normalDay
2020-11-27,4442.0,854.0,0.0,0,363.67,0.0,1,12.57,4.03,SPY210219P00319000,319.0,0,0.0,0.0,,0.0,normalDay
2020-11-30,4442.0,871.0,0.0,0,362.06,0.0,1,12.57,3.86,SPY210219P00319000,319.0,0,0.0,0.0,,0.0,normalDay
2020-12-01,4442.0,898.0,0.0,0,366.02,0.0,1,12.57,3.59,SPY210219P00319000,319.0,0,0.0,0.0,,0.0,normalDay
2020-12-02,4442.0,913.0,0.0,0,366.79,0.0,1,12.57,3.44,SPY210219P00319000,319.0,0,0.0,0.0,,0.0,normalDay
2020-12-03,4442.0,909.0,0.0,0,366.69,0.0,1,12.57,3.48,SPY210219P00319000,319.0,0,0.0,0.0,,0.0,normalDay
2020-12-04,4442.0,953.0,0.0,0,369.85,0.0,1,12.57,3.04,SPY210219P00319000,319.0,0,0.0,0.0,,0.0,normalDay
2020-12-07,4442.0,950.0,0.0,0,369.09,0.0,1,12.57,3.07,SPY210219P00319000,319.0,0,0.0,0.0,,0.0,normalDay
2020-12-08,4442.0,988.0,0.0,0,370.17,0.0,1,12.57,2.69,SPY210219P00319000,319.0,0,0.0,0.0,,0.0,normalDay
2020-12-09,4442.0,939.0,0.0,0,366.85,0.0,1,12.57,3.18,SPY210219P00319000,319.0,0,0.0,0.0,,0.0,normalDay
2020-12-10,4442.0,942.0,0.0,0,366.73,0.0,1,12.57,3.15,SPY210219P00319000,319.0,0,0.0,0.0,,0.0,normalDay
2020-12-11,4442.0,917.0,0.0,0,366.3,0.0,1,12.57,3.4,SPY210219P00319000,319.0,0,0.0,0.0,,0.0,normalDay
2020-12-14,4442.0,894.0,0.0,0,364.66,0.0,1,12.57,3.63,SPY210219P00319000,319.0,0,0.0,0.0,,0.0,normalDay
2020-12-15,4442.0,957.0,0.0,0,369.59,0.0,1,12.57,3.0,SPY210219P00319000,319.0,0,0.0,0.0,,0.0,normalDay
2020-12-16,4442.0,988.0,0.0,0,370.17,0.0,1,12.57,2.69,SPY210219P00319000,319.0,0,0.0,0.0,,0.0,normalDay
2020-12-17,4442.0,1022.0,0.0,0,372.24,0.0,1,12.57,2.35,SPY210219P00319000,319.0,0,0.0,0.0,,0.0,normalDay
2020-12-18,4442.0,1021.0,0.0,0,369.18,0.0,1,12.57,2.36,SPY210219P00319000,319.0,0,0.0,0.0,,0.0,normalDay
2020-12-21,4442.0,956.0,0.0,0,367.86,0.0,1,12.57,3.01,SPY210219P00319000,319.0,0,0.0,0.0,,0.0,normalDay
2020-12-22,4442.0,978.0,0.0,0,367.24,0.0,1,12.57,2.79,SPY210219P00319000,319.0,0,0.0,0.0,,0.0,normalDay
2020-12-23,4442.0,1007.0,0.0,0,367.57,0.0,1,12.57,2.5,SPY210219P00319000,319.0,0,0.0,0.0,,0.0,normalDay
2020-12-24,4442.0,1047.0,0.0,0,369.0,0.0,1,12.57,2.1,SPY210219P00319000,319.0,0,0.0,0.0,,0.0,normalDay
2020-12-28,4442.0,1082.0,0.0,0,372.17,0.0,1,12.57,1.75,SPY210219P00319000,319.0,0,0.0,0.0,,0.0,normalDay
2020-12-29,4442.0,1060.0,0.0,0,371.46,0.0,1,12.57,1.97,SPY210219P00319000,319.0,0,0.0,0.0,,0.0,normalDay
2020-12-30,4442.0,1087.0,0.0,0,371.99,0.0,1,12.57,1.7,SPY210219P00319000,319.0,0,0.0,0.0,,0.0,normalDay
2020-12-31,4442.0,1103.0,0.0,0,373.88,0.0,1,12.57,1.54,SPY210219P00319000,319.0,0,0.0,0.0,,0.0,normalDay
2021-01-04,4442.0,1045.0,0.0,0,368.79,0.0,1,12.57,2.12,SPY210219P00319000,319.0,0,0.0,0.0,,0.0,normalDay
2021-01-05,4442.0,1079.0,0.0,0,371.33,0.0,1,12.57,1.78,SPY210219P00319000,319.0,0,0.0,0.0,,0.0,normalDay
2021-01-06,4442.0,1090.0,0.0,0,373.55,0.0,1,12.57,1.67,SPY210219P00319000,319.0,0,0.0,0.0,,0.0,normalDay
2021-01-07,4442.0,1151.0,0.0,0,379.1,0.0,1,12.57,1.06,SPY210219P00319000,319.0,0,0.0,0.0,,0.0,normalDay
2021-01-08,4442.0,1163.0,0.0,0,381.26,0.0,1,12.57,0.94,SPY210219P00319000,319.0,0,0.0,0.0,,0.0,normalDay
2021-01-11,4442.0,1144.0,0.0,0,378.69,0.0,1,12.57,1.13,SPY210219P00319000,319.0,0,0.0,0.0,,0.0,normalDay
2021-01-12,4442.0,1157.0,0.0,0,378.77,0.0,1,12.57,1.0,SPY210219P00319000,319.0,0,0.0,0.0,,0.0,normalDay
2021-01-13,4442.0,1171.0,0.0,0,379.79,0.0,1,12.57,0.86,SPY210219P00319000,319.0,0,0.0,0.0,,0.0,normalDay
2021-01-14,4442.0,1161.0,0.0,0,378.46,0.0,1,12.57,0.96,SPY210219P00319000,319.0,0,0.0,0.0,,0.0,normalDay
2021-01-15,4442.0,1144.0,0.0,0,375.7,0.0,1,12.57,1.13,SPY210219P00319000,319.0,0,0.0,0.0,,0.0,normalDay
2021-01-19,4442.0,1177.0,0.0,0,378.65,0.0,1,12.57,0.8,SPY210219P00319000,319.0,0,0.0,0.0,,0.0,normalDay
2021-01-20,4442.0,1200.0,0.0,0,383.89,0.0,1,12.57,0.57,SPY210219P00319000,319.0,0,0.0,0.0,,0.0,normalDay
2021-01-21,4442.0,1207.0,0.0,0,384.24,0.0,1,12.57,0.5,SPY210219P00319000,319.0,0,0.0,0.0,,0.0,normalDay
2021-01-22,4442.0,1205.0,0.0,0,382.88,0.0,1,12.57,0.52,SPY210219P00319000,319.0,0,0.0,0.0,,0.0,normalDay
2021-01-25,4442.0,1210.0,0.0,0,384.39,0.0,1,12.57,0.47,SPY210219P00319000,319.0,0,0.0,0.0,,0.0,normalDay
2021-01-26,4442.0,1215.0,0.0,0,383.79,0.0,1,12.57,0.42,SPY210219P00319000,319.0,0,0.0,0.0,,0.0,normalDay
2021-01-27,4442.0,1122.0,0.0,0,374.41,0.0,1,12.57,1.35,SPY210219P00319000,319.0,0,0.0,0.0,,0.0,normalDay
2021-01-28,4442.0,1164.0,0.0,0,377.63,0.0,1,12.57,0.93,SPY210219P00319000,319.0,0,0.0,0.0,,0.0,normalDay
2021-01-29,4442.0,1105.0,0.0,0,370.07,0.0,1,12.57,1.52,SPY210219P00319000,319.0,0,0.0,0.0,,0.0,normalDay
2021-02-01,4442.0,1190.0,0.0,0,376.23,0.0,1,12.57,0.67,SPY210219P00319000,319.0,0,0.0,0.0,,0.0,normalDay
2021-02-02,4442.0,1224.0,0.0,0,381.55,0.0,1,12.57,0.33,SPY210219P00319000,319.0,0,0.0,0.0,,0.0,normalDay
2021-02-03,4442.0,1237.0,0.0,0,381.85,0.0,1,12.57,0.2,SPY210219P00319000,319.0,0,0.0,0.0,,0.0,normalDay
2021-02-04,4442.0,1245.0,0.0,0,386.19,0.0,1,12.57,0.12,SPY210219P00319000,319.0,0,0.0,0.0,,0.0,normalDay
2021-02-05,4442.0,1249.0,0.0,0,387.71,0.0,1,12.57,0.08,SPY210219P00319000,319.0,0,0.0,0.0,,0.0,normalDay
2021-02-08,4442.0,1251.0,0.0,0,390.51,0.0,1,12.57,0.06,SPY210219P00319000,319.0,0,0.0,0.0,,0.0,normalDay
2021-02-09,4442.0,1251.0,0.0,0,390.25,0.0,1,12.57,0.06,SPY210219P00319000,319.0,0,0.0,0.0,,0.0,normalDay
2021-02-10,4442.0,1250.0,0.0,0,390.08,0.0,1,12.57,0.07,SPY210219P00319000,319.0,0,0.0,0.0,,0.0,normalDay
2021-02-11,4442.0,1253.0,0.0,0,390.71,0.0,1,12.57,0.04,SPY210219P00319000,319.0,0,0.0,0.0,,0.0,normalDay
2021-02-12,4442.0,1254.0,0.0,0,392.64,0.0,1,12.57,0.03,SPY210219P00319000,319.0,0,0.0,0.0,,0.0,normalDay
2021-02-16,4442.0,1255.0,0.0,0,392.3,0.0,1,12.57,0.02,SPY210219P00319000,319.0,0,0.0,0.0,,0.0,normalDay
2021-02-17,4442.0,1256.0,0.0,0,392.39,0.0,1,12.57,0.01,SPY210219P00319000,319.0,0,0.0,0.0,,0.0,normalDay
2021-02-18,4442.0,1256.0,0.0,0,390.72,0.0,1,12.57,0.01,SPY210219P00319000,319.0,0,0.0,0.0,,0.0,normalDay
2021-02-19,5699.0,0.0,1257.0,0,390.03,0.0,1,12.57,0.0,SPY210219P00319000,319.0,0,0.0,0.0,,0.0,expirationDay
2021-02-22,5699.0,-10.0,0.0,0,387.03,0.0,1,14.82,14.92,SPY210630P00370000,370.0,0,0.0,0.0,,0.0,normalDay
2021-02-23,5699.0,44.0,0.0,0,387.5,0.0,1,14.82,14.38,SPY210630P00370000,370.0,0,0.0,0.0,,0.0,normalDay
2021-02-24,5699.0,223.0,0.0,0,391.77,0.0,1,14.82,12.59,SPY210630P00370000,370.0,0,0.0,0.0,,0.0,normalDay
2021-02-25,5699.0,-210.0,0.0,0,382.33,0.0,1,14.82,16.92,SPY210630P00370000,370.0,0,0.0,0.0,,0.0,normalDay
2021-02-26,5699.0,-204.0,0.0,0,380.36,0.0,1,14.82,16.86,SPY210630P00370000,370.0,0,0.0,0.0,,0.0,normalDay
2021-03-01,5699.0,196.0,0.0,0,389.58,0.0,1,14.82,12.86,SPY210630P00370000,370.0,0,0.0,0.0,,0.0,normalDay
2021-03-02,5699.0,90.0,0.0,0,386.54,0.0,1,14.82,13.92,SPY210630P00370000,370.0,0,0.0,0.0,,0.0,normalDay
2021-03-03,5699.0,-108.0,0.0,0,381.42,0.0,1,14.82,15.9,SPY210630P00370000,370.0,0,0.0,0.0,,0.0,normalDay
2021-03-04,5699.0,-297.0,0.0,0,376.7,0.0,1,14.82,17.79,SPY210630P00370000,370.0,0,0.0,0.0,,0.0,normalDay
2021-03-05,5699.0,44.0,0.0,0,383.63,0.0,1,14.82,14.38,SPY210630P00370000,370.0,0,0.0,0.0,,0.0,normalDay
2021-03-08,5699.0,2.0,0.0,0,381.72,0.0,1,14.82,14.8,SPY210630P00370000,370.0,0,0.0,0.0,,0.0,normalDay
2021-03-09,5699.0,187.0,0.0,0,387.17,0.0,1,14.82,12.95,SPY210630P00370000,370.0,0,0.0,0.0,,0.0,normalDay
2021-03-10,5699.0,292.0,0.0,0,389.58,0.0,1,14.82,11.9,SPY210630P00370000,370.0,0,0.0,0.0,,0.0,normalDay
2021-03-11,5699.0,401.0,0.0,0,393.53,0.0,1,14.82,10.81,SPY210630P00370000,370.0,0,0.0,0.0,,0.0,normalDay
2021-03-12,5699.0,457.0,0.0,0,394.06,0.0,1,14.82,10.25,SPY210630P00370000,370.0,0,0.0,0.0,,0.0,normalDay
2021-03-15,5699.0,561.0,0.0,0,396.41,0.0,1,14.82,9.21,SPY210630P00370000,370.0,0,0.0,0.0,,0.0,normalDay
2021-03-16,5699.0,552.0,0.0,0,395.91,0.0,1,14.82,9.3,SPY210630P00370000,370.0,0,0.0,0.0,,0.0,normalDay
2021-03-17,5699.0,624.0,0.0,0,397.26,0.0,1,14.82,8.58,SPY210630P00370000,370.0,0,0.0,0.0,,0.0,normalDay
2021-03-18,5699.0,468.0,0.0,0,391.48,0.0,1,14.82,10.14,SPY210630P00370000,370.0,0,0.0,0.0,,0.0,normalDay
2021-03-19,5699.0,458.0,0.0,0,389.48,0.0,1,14.82,10.24,SPY210630P00370000,370.0,0,0.0,0.0,,0.0,normalDay
2021-03-22,5699.0,657.0,0.0,0,392.59,0.0,1,14.82,8.25,SPY210630P00370000,370.0,0,0.0,0.0,,0.0,normalDay
2021-03-23,5699.0,558.0,0.0,0,389.5,0.0,1,14.82,9.24,SPY210630P00370000,370.0,0,0.0,0.0,,0.0,normalDay
2021-03-24,5699.0,496.0,0.0,0,387.52,0.0,1,14.82,9.86,SPY210630P00370000,370.0,0,0.0,0.0,,0.0,normalDay
2021-03-25,5699.0,604.0,0.0,0,389.7,0.0,1,14.82,8.78,SPY210630P00370000,370.0,0,0.0,0.0,,0.0,normalDay
2021-03-26,5699.0,768.0,0.0,0,395.98,0.0,1,14.82,7.14,SPY210630P00370000,370.0,0,0.0,0.0,,0.0,normalDay
2021-03-29,5699.0,742.0,0.0,0,395.78,0.0,1,14.82,7.4,SPY210630P00370000,370.0,0,0.0,0.0,,0.0,normalDay
2021-03-30,5699.0,764.0,0.0,0,394.73,0.0,1,14.82,7.18,SPY210630P00370000,370.0,0,0.0,0.0,,0.0,normalDay
2021-03-31,5699.0,811.0,0.0,0,396.33,0.0,1,14.82,6.71,SPY210630P00370000,370.0,0,0.0,0.0,,0.0,normalDay
2021-04-01,5699.0,939.0,0.0,0,400.61,0.0,1,14.82,5.43,SPY210630P00370000,370.0,0,0.0,0.0,,0.0,normalDay
2021-04-05,5699.0,1036.0,0.0,0,406.36,0.0,1,14.82,4.46,SPY210630P00370000,370.0,0,0.0,0.0,,0.0,normalDay
2021-04-06,5699.0,1026.0,0.0,0,406.12,0.0,1,14.82,4.56,SPY210630P00370000,370.0,0,0.0,0.0,,0.0,normalDay
2021-04-07,5699.0,1057.0,0.0,0,406.59,0.0,1,14.82,4.25,SPY210630P00370000,370.0,0,0.0,0.0,,0.0,normalDay
2021-04-08,5699.0,1079.0,0.0,0,408.52,0.0,1,14.82,4.03,SPY210630P00370000,370.0,0,0.0,0.0,,0.0,normalDay
2021-04-09,5699.0,1103.0,0.0,0,411.49,0.0,1,14.82,3.79,SPY210630P00370000,370.0,0,0.0,0.0,,0.0,normalDay
2021-04-12,5699.0,1119.0,0.0,0,411.64,0.0,1,14.82,3.63,SPY210630P00370000,370.0,0,0.0,0.0,,0.0,normalDay
2021-04-13,5699.0,1148.0,0.0,0,412.86,0.0,1,14.82,3.34,SPY210630P00370000,370.0,0,0.0,0.0,,0.0,normalDay
2021-04-14,5699.0,1130.0,0.0,0,411.45,0.0,1,14.82,3.52,SPY210630P00370000,370.0,0,0.0,0.0,,0.0,normalDay
2021-04-15,5699.0,1177.0,0.0,0,415.87,0.0,1,14.82,3.05,SPY210630P00370000,370.0,0,0.0,0.0,,0.0,normalDay
2021-04-16,5699.0,1193.0,0.0,0,417.26,0.0,1,14.82,2.89,SPY210630P00370000,370.0,0,0.0,0.0,,0.0,normalDay
2021-04-19,5699.0,1163.0,0.0,0,415.21,0.0,1,14.82,3.19,SPY210630P00370000,370.0,0,0.0,0.0,,0.0,normalDay
2021-04-20,5699.0,1107.0,0.0,0,412.17,0.0,1,14.82,3.75,SPY210630P00370000,370.0,0,0.0,0.0,,0.0,normalDay
2021-04-21,5699.0,1179.0,0.0,0,416.07,0.0,1,14.82,3.03,SPY210630P00370000,370.0,0,0.0,0.0,,0.0,normalDay
2021-04-22,5699.0,1112.0,0.0,0,412.27,0.0,1,14.82,3.7,SPY210630P00370000,370.0,0,0.0,0.0,,0.0,normalDay
2021-04-23,5699.0,1195.0,0.0,0,416.74,0.0,1,14.82,2.87,SPY210630P00370000,370.0,0,0.0,0.0,,0.0,normalDay
2021-04-26,5699.0,1216.0,0.0,0,417.61,0.0,1,14.82,2.66,SPY210630P00370000,370.0,0,0.0,0.0,,0.0,normalDay
2021-04-27,5699.0,1224.0,0.0,0,417.52,0.0,1,14.82,2.58,SPY210630P00370000,370.0,0,0.0,0.0,,0.0,normalDay
2021-04-28,5699.0,1242.0,0.0,0,417.4,0.0,1,14.82,2.4,SPY210630P00370000,370.0,0,0.0,0.0,,0.0,normalDay
2021-04-29,5699.0,1250.0,0.0,0,420.06,0.0,1,14.82,2.32,SPY210630P00370000,370.0,0,0.0,0.0,,0.0,normalDay
2021-04-30,5699.0,1220.0,0.0,0,417.3,0.0,1,14.82,2.62,SPY210630P00370000,370.0,0,0.0,0.0,,0.0,normalDay
2021-05-03,5699.0,1246.0,0.0,0,418.2,0.0,1,14.82,2.36,SPY210630P00370000,370.0,0,0.0,0.0,,0.0,normalDay
2021-05-04,5699.0,1209.0,0.0,0,415.62,0.0,1,14.82,2.73,SPY210630P00370000,370.0,0,0.0,0.0,,0.0,normalDay
2021-05-05,5699.0,1223.0,0.0,0,415.75,0.0,1,14.82,2.59,SPY210630P00370000,370.0,0,0.0,0.0,,0.0,normalDay
2021-05-06,5699.0,1265.0,0.0,0,419.07,0.0,1,14.82,2.17,SPY210630P00370000,370.0,0,0.0,0.0,,0.0,normalDay
2021-05-07,5699.0,1310.0,0.0,0,422.12,0.0,1,14.82,1.72,SPY210630P00370000,370.0,0,0.0,0.0,,0.0,normalDay
2021-05-10,5699.0,1261.0,0.0,0,417.94,0.0,1,14.82,2.21,SPY210630P00370000,370.0,0,0.0,0.0,,0.0,normalDay
2021-05-11,5699.0,1205.0,0.0,0,414.21,0.0,1,14.82,2.77,SPY210630P00370000,370.0,0,0.0,0.0,,0.0,normalDay
2021-05-12,5699.0,985.0,0.0,0,405.41,0.0,1,14.82,4.97,SPY210630P00370000,370.0,0,0.0,0.0,,0.0,normalDay
2021-05-13,5699.0,1147.0,0.0,0,410.28,0.0,1,14.82,3.35,SPY210630P00370000,370.0,0,0.0,0.0,,0.0,normalDay
2021-05-14,5699.0,1291.0,0.0,0,416.58,0.0,1,14.82,1.91,SPY210630P00370000,370.0,0,0.0,0.0,,0.0,normalDay
2021-05-17,5699.0,1281.0,0.0,0,415.52,0.0,1,14.82,2.01,SPY210630P00370000,370.0,0,0.0,0.0,,0.0,normalDay
2021-05-18,5699.0,1236.0,0.0,0,411.94,0.0,1,14.82,2.46,SPY210630P00370000,370.0,0,0.0,0.0,,0.0,normalDay
2021-05-19,5699.0,1219.0,0.0,0,410.86,0.0,1,14.82,2.63,SPY210630P00370000,370.0,0,0.0,0.0,,0.0,normalDay
2021-05-20,5699.0,1282.0,0.0,0,415.28,0.0,1,14.82,2.0,SPY210630P00370000,370.0,0,0.0,0.0,,0.0,normalDay
2021-05-21,5699.0,1296.0,0.0,0,414.94,0.0,1,14.82,1.86,SPY210630P00370000,370.0,0,0.0,0.0,,0.0,normalDay
2021-05-24,5699.0,1360.0,0.0,0,419.17,0.0,1,14.82,1.22,SPY210630P00370000,370.0,0,0.0,0.0,,0.0,normalDay
2021-05-25,5699.0,1359.0,0.0,0,418.24,0.0,1,14.82,1.23,SPY210630P00370000,370.0,0,0.0,0.0,,0.0,normalDay
2021-05-26,5699.0,1389.0,0.0,0,419.07,0.0,1,14.82,0.93,SPY210630P00370000,370.0,0,0.0,0.0,,0.0,normalDay
2021-05-27,5699.0,1403.0,0.0,0,419.29,0.0,1,14.82,0.79,SPY210630P00370000,370.0,0,0.0,0.0,,0.0,normalDay
2021-05-28,5699.0,1403.0,0.0,0,420.04,0.0,1,14.82,0.79,SPY210630P00370000,370.0,0,0.0,0.0,,0.0,normalDay
2021-06-01,5699.0,1405.0,0.0,0,419.67,0.0,1,14.82,0.77,SPY210630P00370000,370.0,0,0.0,0.0,,0.0,normalDay
2021-06-02,5699.0,1416.0,0.0,0,420.33,0.0,1,14.82,0.66,SPY210630P00370000,370.0,0,0.0,0.0,,0.0,normalDay
2021-06-03,5699.0,1411.0,0.0,0,418.77,0.0,1,14.82,0.71,SPY210630P00370000,370.0,0,0.0,0.0,,0.0,normalDay
2021-06-04,5699.0,1433.0,0.0,0,422.6,0.0,1,14.82,0.49,SPY210630P00370000,370.0,0,0.0,0.0,,0.0,normalDay
2021-06-07,5699.0,1441.0,0.0,0,422.19,0.0,1,14.82,0.41,SPY210630P00370000,370.0,0,0.0,0.0,,0.0,normalDay
2021-06-08,5699.0,1437.0,0.0,0,422.28,0.0,1,14.82,0.45,SPY210630P00370000,370.0,0,0.0,0.0,,0.0,normalDay
2021-06-09,5699.0,1432.0,0.0,0,421.65,0.0,1,14.82,0.5,SPY210630P00370000,370.0,0,0.0,0.0,,0.0,normalDay
2021-06-10,5699.0,1448.0,0.0,0,423.61,0.0,1,14.82,0.34,SPY210630P00370000,370.0,0,0.0,0.0,,0.0,normalDay
2021-06-11,5699.0,1453.0,0.0,0,424.31,0.0,1,14.82,0.29,SPY210630P00370000,370.0,0,0.0,0.0,,0.0,normalDay
2021-06-14,5699.0,1458.0,0.0,0,425.26,0.0,1,14.82,0.24,SPY210630P00370000,370.0,0,0.0,0.0,,0.0,normalDay
2021-06-15,5699.0,1456.0,0.0,0,424.48,0.0,1,14.82,0.26,SPY210630P00370000,370.0,0,0.0,0.0,,0.0,normalDay
2021-06-16,5699.0,1451.0,0.0,0,422.11,0.0,1,14.82,0.31,SPY210630P00370000,370.0,0,0.0,0.0,,0.0,normalDay
2021-06-17,5699.0,1456.0,0.0,0,421.97,0.0,1,14.82,0.26,SPY210630P00370000,370.0,0,0.0,0.0,,0.0,normalDay
2021-06-18,5699.0,1441.0,0.0,0,414.92,0.0,1,14.82,0.41,SPY210630P00370000,370.0,0,0.0,0.0,,0.0,normalDay
2021-06-21,5699.0,1466.0,0.0,0,420.86,0.0,1,14.82,0.16,SPY210630P00370000,370.0,0,0.0,0.0,,0.0,normalDay
2021-06-22,5699.0,1472.0,0.0,0,423.11,0.0,1,14.82,0.1,SPY210630P00370000,370.0,0,0.0,0.0,,0.0,normalDay
2021-06-23,5699.0,1477.0,0.0,0,422.6,0.0,1,14.82,0.05,SPY210630P00370000,370.0,0,0.0,0.0,,0.0,normalDay
2021-06-24,5699.0,1478.0,0.0,0,425.1,0.0,1,14.82,0.04,SPY210630P00370000,370.0,0,0.0,0.0,,0.0,normalDay
2021-06-25,5699.0,1478.0,0.0,0,426.61,0.0,1,14.82,0.04,SPY210630P00370000,370.0,0,0.0,0.0,,0.0,normalDay
2021-06-28,5699.0,1480.0,0.0,0,427.47,0.0,1,14.82,0.02,SPY210630P00370000,370.0,0,0.0,0.0,,0.0,normalDay
2021-06-29,5699.0,1481.0,0.0,0,427.7,0.0,1,14.82,0.01,SPY210630P00370000,370.0,0,0.0,0.0,,0.0,normalDay
2021-06-30,7181.0,0.0,1482.0,0,428.06,0.0,1,14.82,0.0,SPY210630P00370000,370.0,0,0.0,0.0,,0.0,expirationDay
2021-07-01,7181.0,-7.0,0.0,0,430.43,0.0,1,12.17,12.24,SPY211119P00416000,416.0,0,0.0,0.0,,0.0,normalDay
2021-07-02,7181.0,83.0,0.0,0,433.72,0.0,1,12.17,11.34,SPY211119P00416000,416.0,0,0.0,0.0,,0.0,normalDay
2021-07-06,7181.0,43.0,0.0,0,432.93,0.0,1,12.17,11.74,SPY211119P00416000,416.0,0,0.0,0.0,,0.0,normalDay
2021-07-07,7181.0,62.0,0.0,0,434.46,0.0,1,12.17,11.55,SPY211119P00416000,416.0,0,0.0,0.0,,0.0,normalDay
2021-07-08,7181.0,-91.0,0.0,0,430.92,0.0,1,12.17,13.08,SPY211119P00416000,416.0,0,0.0,0.0,,0.0,normalDay
2021-07-09,7181.0,114.0,0.0,0,435.52,0.0,1,12.17,11.03,SPY211119P00416000,416.0,0,0.0,0.0,,0.0,normalDay
2021-07-12,7181.0,146.0,0.0,0,437.08,0.0,1,12.17,10.71,SPY211119P00416000,416.0,0,0.0,0.0,,0.0,normalDay
2021-07-13,7181.0,71.0,0.0,0,435.59,0.0,1,12.17,11.46,SPY211119P00416000,416.0,0,0.0,0.0,,0.0,normalDay
2021-07-14,7181.0,110.0,0.0,0,436.24,0.0,1,12.17,11.07,SPY211119P00416000,416.0,0,0.0,0.0,,0.0,normalDay
2021-07-15,7181.0,48.0,0.0,0,434.75,0.0,1,12.17,11.69,SPY211119P00416000,416.0,0,0.0,0.0,,0.0,normalDay
2021-07-16,7181.0,-71.0,0.0,0,431.34,0.0,1,12.17,12.88,SPY211119P00416000,416.0,0,0.0,0.0,,0.0,normalDay
2021-07-19,7181.0,-352.0,0.0,0,424.97,0.0,1,12.17,15.69,SPY211119P00416000,416.0,0,0.0,0.0,,0.0,normalDay
2021-07-20,7181.0,-85.0,0.0,0,431.06,0.0,1,12.17,13.02,SPY211119P00416000,416.0,0,0.0,0.0,,0.0,normalDay
2021-07-21,7181.0,80.0,0.0,0,434.55,0.0,1,12.17,11.37,SPY211119P00416000,416.0,0,0.0,0.0,,0.0,normalDay
2021-07-22,7181.0,107.0,0.0,0,435.46,0.0,1,12.17,11.1,SPY211119P00416000,416.0,0,0.0,0.0,,0.0,normalDay
2021-07-23,7181.0,207.0,0.0,0,439.94,0.0,1,12.17,10.1,SPY211119P00416000,416.0,0,0.0,0.0,,0.0,normalDay
2021-07-26,7181.0,242.0,0.0,0,441.02,0.0,1,12.17,9.75,SPY211119P00416000,416.0,0,0.0,0.0,,0.0,normalDay
2021-07-27,7181.0,144.0,0.0,0,439.01,0.0,1,12.17,10.73,SPY211119P00416000,416.0,0,0.0,0.0,,0.0,normalDay
2021-07-28,7181.0,181.0,0.0,0,438.83,0.0,1,12.17,10.36,SPY211119P00416000,416.0,0,0.0,0.0,,0.0,normalDay
2021-07-29,7181.0,254.0,0.0,0,440.65,0.0,1,12.17,9.63,SPY211119P00416000,416.0,0,0.0,0.0,,0.0,normalDay
2021-07-30,7181.0,215.0,0.0,0,438.51,0.0,1,12.17,10.02,SPY211119P00416000,416.0,0,0.0,0.0,,0.0,normalDay
2021-08-02,7181.0,160.0,0.0,0,437.59,0.0,1,12.17,10.57,SPY211119P00416000,416.0,0,0.0,0.0,,0.0,normalDay
2021-08-03,7181.0,282.0,0.0,0,441.15,0.0,1,12.17,9.35,SPY211119P00416000,416.0,0,0.0,0.0,,0.0,normalDay
2021-08-04,7181.0,251.0,0.0,0,438.98,0.0,1,12.17,9.66,SPY211119P00416000,416.0,0,0.0,0.0,,0.0,normalDay
2021-08-05,7181.0,328.0,0.0,0,441.76,0.0,1,12.17,8.89,SPY211119P00416000,416.0,0,0.0,0.0,,0.0,normalDay
2021-08-06,7181.0,394.0,0.0,0,442.49,0.0,1,12.17,8.23,SPY211119P00416000,416.0,0,0.0,0.0,,0.0,normalDay
2021-08-09,7181.0,385.0,0.0,0,442.13,0.0,1,12.17,8.32,SPY211119P00416000,416.0,0,0.0,0.0,,0.0,normalDay
2021-08-10,7181.0,392.0,0.0,0,442.68,0.0,1,12.17,8.25,SPY211119P00416000,416.0,0,0.0,0.0,,0.0,normalDay
2021-08-11,7181.0,444.0,0.0,0,443.78,0.0,1,12.17,7.73,SPY211119P00416000,416.0,0,0.0,0.0,,0.0,normalDay
2021-08-12,7181.0,497.0,0.0,0,445.11,0.0,1,12.17,7.2,SPY211119P00416000,416.0,0,0.0,0.0,,0.0,normalDay
2021-08-13,7181.0,522.0,0.0,0,445.92,0.0,1,12.17,6.95,SPY211119P00416000,416.0,0,0.0,0.0,,0.0,normalDay
2021-08-16,7181.0,544.0,0.0,0,446.97,0.0,1,12.17,6.73,SPY211119P00416000,416.0,0,0.0,0.0,,0.0,normalDay
2021-08-17,7181.0,435.0,0.0,0,444.04,0.0,1,12.17,7.82,SPY211119P00416000,416.0,0,0.0,0.0,,0.0,normalDay
2021-08-18,7181.0,253.0,0.0,0,439.18,0.0,1,12.17,9.64,SPY211119P00416000,416.0,0,0.0,0.0,,0.0,normalDay
2021-08-19,7181.0,257.0,0.0,0,439.86,0.0,1,12.17,9.6,SPY211119P00416000,416.0,0,0.0,0.0,,0.0,normalDay
2021-08-20,7181.0,419.0,0.0,0,443.36,0.0,1,12.17,7.98,SPY211119P00416000,416.0,0,0.0,0.0,,0.0,normalDay
2021-08-23,7181.0,566.0,0.0,0,447.26,0.0,1,12.17,6.51,SPY211119P00416000,416.0,0,0.0,0.0,,0.0,normalDay
2021-08-24,7181.0,576.0,0.0,0,447.97,0.0,1,12.17,6.41,SPY211119P00416000,416.0,0,0.0,0.0,,0.0,normalDay
2021-08-25,7181.0,618.0,0.0,0,448.91,0.0,1,12.17,5.99,SPY211119P00416000,416.0,0,0.0,0.0,,0.0,normalDay
2021-08-26,7181.0,533.0,0.0,0,446.26,0.0,1,12.17,6.84,SPY211119P00416000,416.0,0,0.0,0.0,,0.0,normalDay
2021-08-27,7181.0,657.0,0.0,0,450.25,0.0,1,12.17,5.6,SPY211119P00416000,416.0,0,0.0,0.0,,0.0,normalDay
2021-08-30,7181.0,700.0,0.0,0,452.23,0.0,1,12.17,5.17,SPY211119P00416000,416.0,0,0.0,0.0,,0.0,normalDay
2021-08-31,7181.0,699.0,0.0,0,451.56,0.0,1,12.17,5.18,SPY211119P00416000,416.0,0,0.0,0.0,,0.0,normalDay
2021-09-01,7181.0,727.0,0.0,0,451.8,0.0,1,12.17,4.9,SPY211119P00416000,416.0,0,0.0,0.0,,0.0,normalDay
2021-09-02,7181.0,751.0,0.0,0,453.19,0.0,1,12.17,4.66,SPY211119P00416000,416.0,0,0.0,0.0,,0.0,normalDay
2021-09-03,7181.0,745.0,0.0,0,453.08,0.0,1,12.17,4.72,SPY211119P00416000,416.0,0,0.0,0.0,,0.0,normalDay
2021-09-07,7181.0,708.0,0.0,0,451.46,0.0,1,12.17,5.09,SPY211119P00416000,416.0,0,0.0,0.0,,0.0,normalDay
2021-09-08,7181.0,706.0,0.0,0,450.91,0.0,1,12.17,5.11,SPY211119P00416000,416.0,0,0.0,0.0,,0.0,normalDay
2021-09-09,7181.0,660.0,0.0,0,448.98,0.0,1,12.17,5.57,SPY211119P00416000,416.0,0,0.0,0.0,,0.0,normalDay
2021-09-10,7181.0,584.0,0.0,0,445.44,0.0,1,12.17,6.33,SPY211119P00416000,416.0,0,0.0,0.0,,0.0,normalDay
2021-09-13,7181.0,659.0,0.0,0,446.58,0.0,1,12.17,5.58,SPY211119P00416000,416.0,0,0.0,0.0,,0.0,normalDay
2021-09-14,7181.0,622.0,0.0,0,444.17,0.0,1,12.17,5.95,SPY211119P00416000,416.0,0,0.0,0.0,,0.0,normalDay
2021-09-15,7181.0,725.0,0.0,0,447.88,0.0,1,12.17,4.92,SPY211119P00416000,416.0,0,0.0,0.0,,0.0,normalDay
2021-09-16,7181.0,708.0,0.0,0,447.17,0.0,1,12.17,5.09,SPY211119P00416000,416.0,0,0.0,0.0,,0.0,normalDay
2021-09-17,7181.0,582.0,0.0,0,441.4,0.0,1,12.17,6.35,SPY211119P00416000,416.0,0,0.0,0.0,,0.0,normalDay
2021-09-20,7181.0,310.0,0.0,0,434.04,0.0,1,12.17,9.07,SPY211119P00416000,416.0,0,0.0,0.0,,0.0,normalDay
2021-09-21,7181.0,352.0,0.0,0,433.63,0.0,1,12.17,8.65,SPY211119P00416000,416.0,0,0.0,0.0,,0.0,normalDay
2021-09-22,7181.0,568.0,0.0,0,437.86,0.0,1,12.17,6.49,SPY211119P00416000,416.0,0,0.0,0.0,,0.0,normalDay
2021-09-23,7181.0,738.0,0.0,0,443.18,0.0,1,12.17,4.79,SPY211119P00416000,416.0,0,0.0,0.0,,0.0,normalDay
2021-09-24,7181.0,783.0,0.0,0,443.91,0.0,1,12.17,4.34,SPY211119P00416000,416.0,0,0.0,0.0,,0.0,normalDay
2021-09-27,7181.0,756.0,0.0,0,442.64,0.0,1,12.17,4.61,SPY211119P00416000,416.0,0,0.0,0.0,,0.0,normalDay
2021-09-28,7181.0,490.0,0.0,0,433.72,0.0,1,12.17,7.27,SPY211119P00416000,416.0,0,0.0,0.0,,0.0,normalDay
2021-09-29,7181.0,517.0,0.0,0,434.45,0.0,1,12.17,7.0,SPY211119P00416000,416.0,0,0.0,0.0,,0.0,normalDay
2021-09-30,7181.0,393.0,0.0,0,429.14,0.0,1,12.17,8.24,SPY211119P00416000,416.0,0,0.0,0.0,,0.0,normalDay
2021-10-01,7181.0,578.0,0.0,0,434.24,0.0,1,12.17,6.39,SPY211119P00416000,416.0,0,0.0,0.0,,0.0,normalDay
2021-10-04,7181.0,427.0,0.0,0,428.64,0.0,1,12.17,7.9,SPY211119P00416000,416.0,0,0.0,0.0,,0.0,normalDay
2021-10-05,7181.0,590.0,0.0,0,433.1,0.0,1,12.17,6.27,SPY211119P00416000,416.0,0,0.0,0.0,,0.0,normalDay
2021-10-06,7181.0,645.0,0.0,0,434.9,0.0,1,12.17,5.72,SPY211119P00416000,416.0,0,0.0,0.0,,0.0,normalDay
2021-10-07,7181.0,781.0,0.0,0,438.66,0.0,1,12.17,4.36,SPY211119P00416000,416.0,0,0.0,0.0,,0.0,normalDay
2021-10-08,7181.0,781.0,0.0,0,437.86,0.0,1,12.17,4.36,SPY211119P00416000,416.0,0,0.0,0.0,,0.0,normalDay
2021-10-11,7181.0,732.0,0.0,0,434.69,0.0,1,12.17,4.85,SPY211119P00416000,416.0,0,0.0,0.0,,0.0,normalDay
2021-10-12,7181.0,724.0,0.0,0,433.62,0.0,1,12.17,4.93,SPY211119P00416000,416.0,0,0.0,0.0,,0.0,normalDay
2021-10-13,7181.0,827.0,0.0,0,435.18,0.0,1,12.17,3.9,SPY211119P00416000,416.0,0,0.0,0.0,,0.0,normalDay
2021-10-14,7181.0,978.0,0.0,0,442.5,0.0,1,12.17,2.39,SPY211119P00416000,416.0,0,0.0,0.0,,0.0,normalDay
2021-10-15,7181.0,1019.0,0.0,0,445.87,0.0,1,12.17,1.98,SPY211119P00416000,416.0,0,0.0,0.0,,0.0,normalDay
2021-10-18,7181.0,1050.0,0.0,0,447.19,0.0,1,12.17,1.67,SPY211119P00416000,416.0,0,0.0,0.0,,0.0,normalDay
2021-10-19,7181.0,1089.0,0.0,0,450.64,0.0,1,12.17,1.28,SPY211119P00416000,416.0,0,0.0,0.0,,0.0,normalDay
2021-10-20,7181.0,1101.0,0.0,0,452.41,0.0,1,12.17,1.16,SPY211119P00416000,416.0,0,0.0,0.0,,0.0,normalDay
2021-10-21,7181.0,1119.0,0.0,0,453.59,0.0,1,12.17,0.98,SPY211119P00416000,416.0,0,0.0,0.0,,0.0,normalDay
2021-10-22,7181.0,1114.0,0.0,0,453.12,0.0,1,12.17,1.03,SPY211119P00416000,416.0,0,0.0,0.0,,0.0,normalDay
2021-10-25,7181.0,1142.0,0.0,0,455.55,0.0,1,12.17,0.75,SPY211119P00416000,416.0,0,0.0,0.0,,0.0,normalDay
2021-10-26,7181.0,1137.0,0.0,0,455.96,0.0,1,12.17,0.8,SPY211119P00416000,416.0,0,0.0,0.0,,0.0,normalDay
2021-10-27,7181.0,1122.0,0.0,0,453.94,0.0,1,12.17,0.95,SPY211119P00416000,416.0,0,0.0,0.0,,0.0,normalDay
2021-10-28,7181.0,1148.0,0.0,0,458.32,0.0,1,12.17,0.69,SPY211119P00416000,416.0,0,0.0,0.0,,0.0,normalDay
2021-10-29,7181.0,1157.0,0.0,0,459.25,0.0,1,12.17,0.6,SPY211119P00416000,416.0,0,0.0,0.0,,0.0,normalDay
2021-11-01,7181.0,1172.0,0.0,0,460.04,0.0,1,12.17,0.45,SPY211119P00416000,416.0,0,0.0,0.0,,0.0,normalDay
2021-11-02,7181.0,1179.0,0.0,0,461.9,0.0,1,12.17,0.38,SPY211119P00416000,416.0,0,0.0,0.0,,0.0,normalDay
2021-11-03,7181.0,1191.0,0.0,0,464.72,0.0,1,12.17,0.26,SPY211119P00416000,416.0,0,0.0,0.0,,0.0,normalDay
2021-11-04,7181.0,1190.0,0.0,0,466.91,0.0,1,12.17,0.27,SPY211119P00416000,416.0,0,0.0,0.0,,0.0,normalDay
2021-11-05,7181.0,1193.0,0.0,0,468.53,0.0,1,12.17,0.24,SPY211119P00416000,416.0,0,0.0,0.0,,0.0,normalDay
2021-11-08,7181.0,1198.0,0.0,0,468.93,0.0,1,12.17,0.19,SPY211119P00416000,416.0,0,0.0,0.0,,0.0,normalDay
2021-11-09,7181.0,1200.0,0.0,0,467.38,0.0,1,12.17,0.17,SPY211119P00416000,416.0,0,0.0,0.0,,0.0,normalDay
2021-11-10,7181.0,1200.0,0.0,0,463.62,0.0,1,12.17,0.17,SPY211119P00416000,416.0,0,0.0,0.0,,0.0,normalDay
2021-11-11,7181.0,1206.0,0.0,0,463.77,0.0,1,12.17,0.11,SPY211119P00416000,416.0,0,0.0,0.0,,0.0,normalDay
2021-11-12,7181.0,1212.0,0.0,0,467.27,0.0,1,12.17,0.05,SPY211119P00416000,416.0,0,0.0,0.0,,0.0,normalDay
2021-11-15,7181.0,1215.0,0.0,0,467.43,0.0,1,12.17,0.02,SPY211119P00416000,416.0,0,0.0,0.0,,0.0,normalDay
2021-11-16,7181.0,1215.0,0.0,0,469.28,0.0,1,12.17,0.02,SPY211119P00416000,416.0,0,0.0,0.0,,0.0,normalDay
2021-11-17,7181.0,1216.0,0.0,0,468.14,0.0,1,12.17,0.01,SPY211119P00416000,416.0,0,0.0,0.0,,0.0,normalDay
2021-11-18,7181.0,1216.0,0.0,0,469.73,0.0,1,12.17,0.01,SPY211119P00416000,416.0,0,0.0,0.0,,0.0,normalDay
2021-11-19,8398.0,0.0,1217.0,0,468.89,0.0,1,12.17,0.0,SPY211119P00416000,416.0,0,0.0,0.0,,0.0,expirationDay
2021-11-22,8398.0,-9.0,0.0,0,467.57,0.0,1,15.63,15.72,SPY220331P00454000,454.0,0,0.0,0.0,,0.0,normalDay
2021-11-23,8398.0,17.0,0.0,0,468.19,0.0,1,15.63,15.46,SPY220331P00454000,454.0,0,0.0,0.0,,0.0,normalDay
2021-11-24,8398.0,95.0,0.0,0,469.44,0.0,1,15.63,14.68,SPY220331P00454000,454.0,0,0.0,0.0,,0.0,normalDay
2021-11-26,8398.0,-823.0,0.0,0,458.97,0.0,1,15.63,23.86,SPY220331P00454000,454.0,0,0.0,0.0,,0.0,normalDay
2021-11-29,8398.0,-158.0,0.0,0,464.6,0.0,1,15.63,17.21,SPY220331P00454000,454.0,0,0.0,0.0,,0.0,normalDay
2021-11-30,8398.0,-586.0,0.0,0,455.56,0.0,1,15.63,21.49,SPY220331P00454000,454.0,0,0.0,0.0,,0.0,normalDay
2021-12-01,8398.0,-1031.0,0.0,0,450.5,0.0,1,15.63,25.94,SPY220331P00454000,454.0,0,0.0,0.0,,0.0,normalDay
2021-12-02,8398.0,-606.0,0.0,0,457.4,0.0,1,15.63,21.69,SPY220331P00454000,454.0,0,0.0,0.0,,0.0,normalDay
2021-12-03,8398.0,-895.0,0.0,0,453.42,0.0,1,15.63,24.58,SPY220331P00454000,454.0,0,0.0,0.0,,0.0,normalDay
2021-12-06,8398.0,-519.0,0.0,0,458.79,0.0,1,15.63,20.82,SPY220331P00454000,454.0,0,0.0,0.0,,0.0,normalDay
2021-12-07,8398.0,8.0,0.0,0,468.28,0.0,1,15.63,15.55,SPY220331P00454000,454.0,0,0.0,0.0,,0.0,normalDay
2021-12-08,8398.0,114.0,0.0,0,469.52,0.0,1,15.63,14.49,SPY220331P00454000,454.0,0,0.0,0.0,,0.0,normalDay
2021-12-09,8398.0,-26.0,0.0,0,466.35,0.0,1,15.63,15.89,SPY220331P00454000,454.0,0,0.0,0.0,,0.0,normalDay
2021-12-10,8398.0,205.0,0.0,0,470.74,0.0,1,15.63,13.58,SPY220331P00454000,454.0,0,0.0,0.0,,0.0,normalDay
2021-12-13,8398.0,22.0,0.0,0,466.57,0.0,1,15.63,15.41,SPY220331P00454000,454.0,0,0.0,0.0,,0.0,normalDay
2021-12-14,8398.0,-129.0,0.0,0,463.36,0.0,1,15.63,16.92,SPY220331P00454000,454.0,0,0.0,0.0,,0.0,normalDay
2021-12-15,8398.0,232.0,0.0,0,470.6,0.0,1,15.63,13.31,SPY220331P00454000,454.0,0,0.0,0.0,,0.0,normalDay
2021-12-16,8398.0,66.0,0.0,0,466.45,0.0,1,15.63,14.97,SPY220331P00454000,454.0,0,0.0,0.0,,0.0,normalDay
2021-12-17,8398.0,-148.0,0.0,0,459.87,0.0,1,15.63,17.11,SPY220331P00454000,454.0,0,0.0,0.0,,0.0,normalDay
2021-12-20,8398.0,-341.0,0.0,0,454.98,0.0,1,15.63,19.04,SPY220331P00454000,454.0,0,0.0,0.0,,0.0,normalDay
2021-12-21,8398.0,10.0,0.0,0,463.06,0.0,1,15.63,15.53,SPY220331P00454000,454.0,0,0.0,0.0,,0.0,normalDay
2021-12-22,8398.0,242.0,0.0,0,467.69,0.0,1,15.63,13.21,SPY220331P00454000,454.0,0,0.0,0.0,,0.0,normalDay
2021-12-23,8398.0,364.0,0.0,0,470.6,0.0,1,15.63,11.99,SPY220331P00454000,454.0,0,0.0,0.0,,0.0,normalDay
2021-12-27,8398.0,576.0,0.0,0,477.26,0.0,1,15.63,9.87,SPY220331P00454000,454.0,0,0.0,0.0,,0.0,normalDay
2021-12-28,8398.0,610.0,0.0,0,476.87,0.0,1,15.63,9.53,SPY220331P00454000,454.0,0,0.0,0.0,,0.0,normalDay
2021-12-29,8398.0,658.0,0.0,0,477.48,0.0,1,15.63,9.05,SPY220331P00454000,454.0,0,0.0,0.0,,0.0,normalDay
2021-12-30,8398.0,614.0,0.0,0,476.16,0.0,1,15.63,9.49,SPY220331P00454000,454.0,0,0.0,0.0,,0.0,normalDay
2021-12-31,8398.0,624.0,0.0,0,474.96,0.0,1,15.63,9.39,SPY220331P00454000,454.0,0,0.0,0.0,,0.0,normalDay
2022-01-03,8398.0,715.0,0.0,0,477.71,0.0,1,15.63,8.48,SPY220331P00454000,454.0,0,0.0,0.0,,0.0,normalDay
2022-01-04,8398.0,701.0,0.0,0,477.55,0.0,1,15.63,8.62,SPY220331P00454000,454.0,0,0.0,0.0,,0.0,normalDay
2022-01-05,8398.0,397.0,0.0,0,468.38,0.0,1,15.63,11.66,SPY220331P00454000,454.0,0,0.0,0.0,,0.0,normalDay
2022-01-06,8398.0,398.0,0.0,0,467.94,0.0,1,15.63,11.65,SPY220331P00454000,454.0,0,0.0,0.0,,0.0,normalDay
2022-01-07,8398.0,415.0,0.0,0,466.09,0.0,1,15.63,11.48,SPY220331P00454000,454.0,0,0.0,0.0,,0.0,normalDay
2022-01-10,8398.0,417.0,0.0,0,465.51,0.0,1,15.63,11.46,SPY220331P00454000,454.0,0,0.0,0.0,,0.0,normalDay
2022-01-11,8398.0,578.0,0.0,0,469.75,0.0,1,15.63,9.85,SPY220331P00454000,454.0,0,0.0,0.0,,0.0,normalDay
2022-01-12,8398.0,649.0,0.0,0,471.02,0.0,1,15.63,9.14,SPY220331P00454000,454.0,0,0.0,0.0,,0.0,normalDay
2022-01-13,8398.0,358.0,0.0,0,464.53,0.0,1,15.63,12.05,SPY220331P00454000,454.0,0,0.0,0.0,,0.0,normalDay
2022-01-14,8398.0,428.0,0.0,0,464.72,0.0,1,15.63,11.35,SPY220331P00454000,454.0,0,0.0,0.0,,0.0,normalDay
2022-01-18,8398.0,26.0,0.0,0,456.49,0.0,1,15.63,15.37,SPY220331P00454000,454.0,0,0.0,0.0,,0.0,normalDay
2022-01-19,8398.0,-152.0,0.0,0,451.75,0.0,1,15.63,17.15,SPY220331P00454000,454.0,0,0.0,0.0,,0.0,normalDay
2022-01-20,8398.0,-486.0,0.0,0,446.75,0.0,1,15.63,20.49,SPY220331P00454000,454.0,0,0.0,0.0,,0.0,normalDay
2022-01-21,8398.0,-1048.0,0.0,0,437.98,0.0,1,15.63,26.11,SPY220331P00454000,454.0,0,0.0,0.0,,0.0,normalDay
2022-01-24,8398.0,-1007.0,0.0,0,439.84,0.0,1,15.63,25.7,SPY220331P00454000,454.0,0,0.0,0.0,,0.0,normalDay
2022-01-25,8398.0,-1387.0,0.0,0,434.47,0.0,1,15.63,29.5,SPY220331P00454000,454.0,0,0.0,0.0,,0.0,normalDay
2022-01-26,8398.0,-1397.0,0.0,0,433.38,0.0,1,15.63,29.6,SPY220331P00454000,454.0,0,0.0,0.0,,0.0,normalDay
2022-01-27,8398.0,-1403.0,0.0,0,431.24,0.0,1,15.63,29.66,SPY220331P00454000,454.0,0,0.0,0.0,,0.0,normalDay
2022-01-28,8398.0,-690.0,0.0,0,441.95,0.0,1,15.63,22.53,SPY220331P00454000,454.0,0,0.0,0.0,,0.0,normalDay
2022-01-31,8398.0,-173.0,0.0,0,449.91,0.0,1,15.63,17.36,SPY220331P00454000,454.0,0,0.0,0.0,,0.0,normalDay
2022-02-01,8398.0,143.0,0.0,0,452.95,0.0,1,15.63,14.2,SPY220331P00454000,454.0,0,0.0,0.0,,0.0,normalDay
2022-02-02,8398.0,233.0,0.0,0,457.35,0.0,1,15.63,13.3,SPY220331P00454000,454.0,0,0.0,0.0,,0.0,normalDay
2022-02-03,8398.0,-134.0,0.0,0,446.6,0.0,1,15.63,16.97,SPY220331P00454000,454.0,0,0.0,0.0,,0.0,normalDay
2022-02-04,8398.0,-203.0,0.0,0,448.7,0.0,1,15.63,17.66,SPY220331P00454000,454.0,0,0.0,0.0,,0.0,normalDay
2022-02-07,8398.0,-124.0,0.0,0,447.26,0.0,1,15.63,16.87,SPY220331P00454000,454.0,0,0.0,0.0,,0.0,normalDay
2022-02-08,8398.0,134.0,0.0,0,450.94,0.0,1,15.63,14.29,SPY220331P00454000,454.0,0,0.0,0.0,,0.0,normalDay
2022-02-09,8398.0,445.0,0.0,0,457.54,0.0,1,15.63,11.18,SPY220331P00454000,454.0,0,0.0,0.0,,0.0,normalDay
2022-02-10,8398.0,-50.0,0.0,0,449.32,0.0,1,15.63,16.13,SPY220331P00454000,454.0,0,0.0,0.0,,0.0,normalDay
2022-02-11,8398.0,-659.0,0.0,0,440.46,0.0,1,15.63,22.22,SPY220331P00454000,454.0,0,0.0,0.0,,0.0,normalDay
2022-02-14,8398.0,-693.0,0.0,0,439.02,0.0,1,15.63,22.56,SPY220331P00454000,454.0,0,0.0,0.0,,0.0,normalDay
2022-02-15,8398.0,-236.0,0.0,0,446.1,0.0,1,15.63,17.99,SPY220331P00454000,454.0,0,0.0,0.0,,0.0,normalDay
2022-02-16,8398.0,-101.0,0.0,0,446.6,0.0,1,15.63,16.64,SPY220331P00454000,454.0,0,0.0,0.0,,0.0,normalDay
2022-02-17,8398.0,-772.0,0.0,0,437.06,0.0,1,15.63,23.35,SPY220331P00454000,454.0,0,0.0,0.0,,0.0,normalDay
2022-02-18,8398.0,-930.0,0.0,0,434.23,0.0,1,15.63,24.93,SPY220331P00454000,454.0,0,0.0,0.0,,0.0,normalDay
2022-02-22,8398.0,-1204.0,0.0,0,429.57,0.0,1,15.63,27.67,SPY220331P00454000,454.0,0,0.0,0.0,,0.0,normalDay
2022-02-23,8398.0,-1954.0,0.0,0,421.95,0.0,1,15.63,35.17,SPY220331P00454000,454.0,0,0.0,0.0,,0.0,normalDay
2022-02-24,8398.0,-1509.0,0.0,0,428.3,0.0,1,15.63,30.72,SPY220331P00454000,454.0,0,0.0,0.0,,0.0,normalDay
2022-02-25,8398.0,-628.0,0.0,0,437.75,0.0,1,15.63,21.91,SPY220331P00454000,454.0,0,0.0,0.0,,0.0,normalDay
2022-02-28,8398.0,-726.0,0.0,0,436.63,0.0,1,15.63,22.89,SPY220331P00454000,454.0,0,0.0,0.0,,0.0,normalDay
2022-03-01,8398.0,-1259.0,0.0,0,429.98,0.0,1,15.63,28.22,SPY220331P00454000,454.0,0,0.0,0.0,,0.0,normalDay
2022-03-02,8398.0,-661.0,0.0,0,437.89,0.0,1,15.63,22.24,SPY220331P00454000,454.0,0,0.0,0.0,,0.0,normalDay
2022-03-03,8398.0,-748.0,0.0,0,435.71,0.0,1,15.63,23.11,SPY220331P00454000,454.0,0,0.0,0.0,,0.0,normalDay
2022-03-04,8398.0,-1084.0,0.0,0,432.17,0.0,1,15.63,26.47,SPY220331P00454000,454.0,0,0.0,0.0,,0.0,normalDay
2022-03-07,8398.0,-2256.0,0.0,0,419.43,0.0,1,15.63,38.19,SPY220331P00454000,454.0,0,0.0,0.0,,0.0,normalDay
2022-03-08,8398.0,-2543.0,0.0,0,416.25,0.0,1,15.63,41.06,SPY220331P00454000,454.0,0,0.0,0.0,,0.0,normalDay
2022-03-09,8398.0,-1364.0,0.0,0,427.41,0.0,1,15.63,29.27,SPY220331P00454000,454.0,0,0.0,0.0,,0.0,normalDay
2022-03-10,8398.0,-1571.0,0.0,0,425.48,0.0,1,15.63,31.34,SPY220331P00454000,454.0,0,0.0,0.0,,0.0,normalDay
2022-03-11,8398.0,-2031.0,0.0,0,420.07,0.0,1,15.63,35.94,SPY220331P00454000,454.0,0,0.0,0.0,,0.0,normalDay
2022-03-14,8398.0,-2282.0,0.0,0,417.0,0.0,1,15.63,38.45,SPY220331P00454000,454.0,0,0.0,0.0,,0.0,normalDay
2022-03-15,8398.0,-1507.0,0.0,0,426.17,0.0,1,15.63,30.7,SPY220331P00454000,454.0,0,0.0,0.0,,0.0,normalDay
2022-03-16,8398.0,-592.0,0.0,0,435.62,0.0,1,15.63,21.55,SPY220331P00454000,454.0,0,0.0,0.0,,0.0,normalDay
2022-03-17,8398.0,-123.0,0.0,0,441.07,0.0,1,15.63,16.86,SPY220331P00454000,454.0,0,0.0,0.0,,0.0,normalDay
2022-03-18,8398.0,377.0,0.0,0,444.52,0.0,1,15.63,11.86,SPY220331P00454000,454.0,0,0.0,0.0,,0.0,normalDay
2022-03-21,8398.0,427.0,0.0,0,444.39,0.0,1,15.63,11.36,SPY220331P00454000,454.0,0,0.0,0.0,,0.0,normalDay
2022-03-22,8398.0,793.0,0.0,0,449.59,0.0,1,15.63,7.7,SPY220331P00454000,454.0,0,0.0,0.0,,0.0,normalDay
2022-03-23,8398.0,388.0,0.0,0,443.8,0.0,1,15.63,11.75,SPY220331P00454000,454.0,0,0.0,0.0,,0.0,normalDay
2022-03-24,8398.0,926.0,0.0,0,450.49,0.0,1,15.63,6.37,SPY220331P00454000,454.0,0,0.0,0.0,,0.0,normalDay
2022-03-25,8398.0,1118.0,0.0,0,452.69,0.0,1,15.63,4.45,SPY220331P00454000,454.0,0,0.0,0.0,,0.0,normalDay
2022-03-28,8398.0,1358.0,0.0,0,455.91,0.0,1,15.63,2.05,SPY220331P00454000,454.0,0,0.0,0.0,,0.0,normalDay
2022-03-29,8398.0,1505.0,0.0,0,461.55,0.0,1,15.63,0.58,SPY220331P00454000,454.0,0,0.0,0.0,,0.0,normalDay
2022-03-30,8398.0,1519.0,0.0,0,458.7,0.0,1,15.63,0.44,SPY220331P00454000,454.0,0,0.0,0.0,,0.0,normalDay
2022-03-31,9961.0,-236.0,1563.0,100,451.64,454.0,1,15.63,0.0,SPY220331P00454000,454.0,0,0.0,0.0,,0.0,expirationDay
2022-04-01,9961.0,-108.0,0.0,100,452.92,454.0,0,0.0,0.0,,0.0,0,0.0,0.0,,0.0,bidTooLow
2022-04-04,9961.0,277.0,0.0,100,456.8,454.0,0,0.0,0.0,,0.0,1,0.06,0.09,SPY220414C00475000,475.0,normalDay
2022-04-05,9961.0,-295.0,0.0,100,451.03,454.0,0,0.0,0.0,,0.0,1,0.06,0.04,SPY220414C00475000,475.0,normalDay
2022-04-06,9961.0,-744.0,0.0,100,446.52,454.0,0,0.0,0.0,,0.0,1,0.06,0.02,SPY220414C00475000,475.0,normalDay
2022-04-07,9961.0,-519.0,0.0,100,448.77,454.0,0,0.0,0.0,,0.0,1,0.06,0.02,SPY220414C00475000,475.0,normalDay
2022-04-08,9961.0,-638.0,0.0,100,447.57,454.0,0,0.0,0.0,,0.0,1,0.06,0.01,SPY220414C00475000,475.0,normalDay
2022-04-11,9961.0,-1403.0,0.0,100,439.92,454.0,0,0.0,0.0,,0.0,1,0.06,0.01,SPY220414C00475000,475.0,normalDay
2022-04-12,9961.0,-1566.0,0.0,100,438.29,454.0,0,0.0,0.0,,0.0,1,0.06,0.01,SPY220414C00475000,475.0,normalDay
2022-04-13,9961.0,-1064.0,0.0,100,443.31,454.0,0,0.0,0.0,,0.0,1,0.06,0.01,SPY220414C00475000,475.0,normalDay
2022-04-14,9967.0,-1621.0,6.0,100,437.79,454.0,0,0.0,0.0,,0.0,1,0.06,0.0,SPY220414C00475000,475.0,expirationDay
2022-04-18,9967.0,-1606.0,0.0,100,437.97,454.0,0,0.0,0.0,,0.0,1,0.02,0.05,SPY220429C00465000,465.0,normalDay
2022-04-19,9967.0,-904.0,0.0,100,445.04,454.0,0,0.0,0.0,,0.0,1,0.02,0.1,SPY220429C00465000,465.0,normalDay
2022-04-20,9967.0,-935.0,0.0,100,444.71,454.0,0,0.0,0.0,,0.0,1,0.02,0.08,SPY220429C00465000,465.0,normalDay
2022-04-21,9967.0,-1595.0,0.0,100,438.06,454.0,0,0.0,0.0,,0.0,1,0.02,0.03,SPY220429C00465000,465.0,normalDay
2022-04-22,9967.0,-2796.0,0.0,100,426.04,454.0,0,0.0,0.0,,0.0,1,0.02,0.02,SPY220429C00465000,465.0,normalDay
2022-04-25,9967.0,-2548.0,0.0,100,428.51,454.0,0,0.0,0.0,,0.0,1,0.02,0.01,SPY220429C00465000,465.0,normalDay
2022-04-26,9967.0,-3789.0,0.0,100,416.1,454.0,0,0.0,0.0,,0.0,1,0.02,0.01,SPY220429C00465000,465.0,normalDay
2022-04-27,9967.0,-3672.0,0.0,100,417.27,454.0,0,0.0,0.0,,0.0,1,0.02,0.01,SPY220429C00465000,465.0,normalDay
2022-04-28,9967.0,-2618.0,0.0,100,427.81,454.0,0,0.0,0.0,,0.0,1,0.02,0.01,SPY220429C00465000,465.0,normalDay
2022-04-29,9969.0,-4200.0,2.0,100,412.0,454.0,0,0.0,0.0,,0.0,1,0.02,0.0,SPY220429C00465000,465.0,expirationDay
2022-05-02,9969.0,-3952.0,0.0,100,414.48,454.0,0,0.0,0.0,,0.0,0,0.0,0.0,,0.0,bidTooLow
2022-05-03,9969.0,-3762.0,0.0,100,416.38,454.0,0,0.0,0.0,,0.0,0,0.0,0.0,,0.0,bidTooLow
2022-05-04,9969.0,-2497.0,0.0,100,429.06,454.0,0,0.0,0.0,,0.0,1,0.02,0.05,SPY220513C00461000,461.0,normalDay
2022-05-05,9969.0,-4019.0,0.0,100,413.81,454.0,0,0.0,0.0,,0.0,1,0.02,0.02,SPY220513C00461000,461.0,normalDay
2022-05-06,9969.0,-4265.0,0.0,100,411.34,454.0,0,0.0,0.0,,0.0,1,0.02,0.01,SPY220513C00461000,461.0,normalDay
2022-05-09,9969.0,-5583.0,0.0,100,398.17,454.0,0,0.0,0.0,,0.0,1,0.02,0.02,SPY220513C00461000,461.0,normalDay
2022-05-10,9969.0,-5490.0,0.0,100,399.09,454.0,0,0.0,0.0,,0.0,1,0.02,0.01,SPY220513C00461000,461.0,normalDay
2022-05-11,9969.0,-6124.0,0.0,100,392.75,454.0,0,0.0,0.0,,0.0,1,0.02,0.01,SPY220513C00461000,461.0,normalDay
2022-05-12,9969.0,-6165.0,0.0,100,392.34,454.0,0,0.0,0.0,,0.0,1,0.02,0.01,SPY220513C00461000,461.0,normalDay
2022-05-13,9971.0,-5228.0,2.0,100,401.72,454.0,0,0.0,0.0,,0.0,1,0.02,0.0,SPY220513C00461000,461.0,expirationDay
2022-05-16,9971.0,-5391.0,0.0,100,400.09,454.0,0,0.0,0.0,,0.0,0,0.0,0.0,,0.0,bidTooLow
2022-05-17,9971.0,-4568.0,0.0,100,408.32,454.0,0,0.0,0.0,,0.0,0,0.0,0.0,,0.0,bidTooLow
2022-05-18,9971.0,-6214.0,0.0,100,391.86,454.0,0,0.0,0.0,,0.0,0,0.0,0.0,,0.0,bidTooLow
2022-05-19,9971.0,-6454.0,0.0,100,389.46,454.0,0,0.0,0.0,,0.0,0,0.0,0.0,,0.0,bidTooLow
2022-05-20,9971.0,-6437.0,0.0,100,389.63,454.0,0,0.0,0.0,,0.0,0,0.0,0.0,,0.0,bidTooLow
2022-05-23,9971.0,-5711.0,0.0,100,396.92,454.0,0,0.0,0.0,,0.0,1,0.05,0.08,SPY220603C00434000,434.0,normalDay
2022-05-24,9971.0,-6012.0,0.0,100,393.89,454.0,0,0.0,0.0,,0.0,1,0.05,0.06,SPY220603C00434000,434.0,normalDay
2022-05-25,9971.0,-5662.0,0.0,100,397.37,454.0,0,0.0,0.0,,0.0,1,0.05,0.04,SPY220603C00434000,434.0,normalDay
2022-05-26,9971.0,-4870.0,0.0,100,405.31,454.0,0,0.0,0.0,,0.0,1,0.05,0.06,SPY220603C00434000,434.0,normalDay
2022-05-27,9971.0,-3886.0,0.0,100,415.26,454.0,0,0.0,0.0,,0.0,1,0.05,0.17,SPY220603C00434000,434.0,normalDay
2022-05-31,9971.0,-4106.0,0.0,100,412.93,454.0,0,0.0,0.0,,0.0,1,0.05,0.04,SPY220603C00434000,434.0,normalDay
2022-06-01,9971.0,-4438.0,0.0,100,409.59,454.0,0,0.0,0.0,,0.0,1,0.05,0.02,SPY220603C00434000,434.0,normalDay
2022-06-02,9971.0,-3657.0,0.0,100,417.39,454.0,0,0.0,0.0,,0.0,1,0.05,0.01,SPY220603C00434000,434.0,normalDay
2022-06-03,9976.0,-4346.0,5.0,100,410.54,454.0,0,0.0,0.0,,0.0,1,0.05,0.0,SPY220603C00434000,434.0,expirationDay
2022-06-06,9976.0,-4224.0,0.0,100,411.79,454.0,0,0.0,0.0,,0.0,1,2.4,2.43,SPY220617C00422000,422.0,normalDay
2022-06-07,9976.0,-3904.0,0.0,100,415.74,454.0,0,0.0,0.0,,0.0,1,2.4,3.18,SPY220617C00422000,422.0,normalDay
2022-06-08,9976.0,-4206.0,0.0,100,411.22,454.0,0,0.0,0.0,,0.0,1,2.4,1.68,SPY220617C00422000,422.0,normalDay
2022-06-09,9976.0,-5075.0,0.0,100,401.44,454.0,0,0.0,0.0,,0.0,1,2.4,0.59,SPY220617C00422000,422.0,normalDay
2022-06-10,9976.0,-6188.0,0.0,100,389.8,454.0,0,0.0,0.0,,0.0,1,2.4,0.08,SPY220617C00422000,422.0,normalDay
2022-06-13,9976.0,-7664.0,0.0,100,375.0,454.0,0,0.0,0.0,,0.0,1,2.4,0.04,SPY220617C00422000,422.0,normalDay
2022-06-14,9976.0,-7776.0,0.0,100,373.87,454.0,0,0.0,0.0,,0.0,1,2.4,0.03,SPY220617C00422000,422.0,normalDay
2022-06-15,9976.0,-7241.0,0.0,100,379.2,454.0,0,0.0,0.0,,0.0,1,2.4,0.01,SPY220617C00422000,422.0,normalDay
2022-06-16,9976.0,-8496.0,0.0,100,366.65,454.0,0,0.0,0.0,,0.0,1,2.4,0.01,SPY220617C00422000,422.0,normalDay
2022-06-17,10216.0,-8814.0,240.0,100,365.86,454.0,0,0.0,0.0,,0.0,1,2.4,0.0,SPY220617C00422000,422.0,expirationDay
2022-06-21,10216.0,-7893.0,0.0,100,375.07,454.0,0,0.0,0.0,,0.0,0,0.0,0.0,,0.0,bidTooLow
2022-06-22,10216.0,-7961.0,0.0,100,374.39,454.0,0,0.0,0.0,,0.0,0,0.0,0.0,,0.0,bidTooLow
2022-06-23,10216.0,-7594.0,0.0,100,378.06,454.0,0,0.0,0.0,,0.0,0,0.0,0.0,,0.0,bidTooLow
2022-06-24,10216.0,-6392.0,0.0,100,390.08,454.0,0,0.0,0.0,,0.0,0,0.0,0.0,,0.0,bidTooLow
2022-06-27,10216.0,-6544.0,0.0,100,388.59,454.0,0,0.0,0.0,,0.0,1,0.01,0.04,SPY220708C00436000,436.0,normalDay
2022-06-28,10216.0,-7336.0,0.0,100,380.65,454.0,0,0.0,0.0,,0.0,1,0.01,0.02,SPY220708C00436000,436.0,normalDay
2022-06-29,10216.0,-7367.0,0.0,100,380.34,454.0,0,0.0,0.0,,0.0,1,0.01,0.02,SPY220708C00436000,436.0,normalDay
2022-06-30,10216.0,-7675.0,0.0,100,377.25,454.0,0,0.0,0.0,,0.0,1,0.01,0.01,SPY220708C00436000,436.0,normalDay
2022-07-01,10216.0,-7276.0,0.0,100,381.24,454.0,0,0.0,0.0,,0.0,1,0.01,0.01,SPY220708C00436000,436.0,normalDay
2022-07-05,10216.0,-7204.0,0.0,100,381.96,454.0,0,0.0,0.0,,0.0,1,0.01,0.01,SPY220708C00436000,436.0,normalDay
2022-07-06,10216.0,-7075.0,0.0,100,383.25,454.0,0,0.0,0.0,,0.0,1,0.01,0.01,SPY220708C00436000,436.0,normalDay
2022-07-07,10216.0,-6501.0,0.0,100,388.99,454.0,0,0.0,0.0,,0.0,1,0.01,0.01,SPY220708C00436000,436.0,normalDay
2022-07-08,10217.0,-6533.0,1.0,100,388.67,454.0,0,0.0,0.0,,0.0,1,0.01,0.0,SPY220708C00436000,436.0,expirationDay
2022-07-11,10217.0,-6981.0,0.0,100,384.23,454.0,0,0.0,0.0,,0.0,1,1.55,1.59,SPY220722C00397000,397.0,normalDay
2022-07-12,10217.0,-7254.0,0.0,100,380.83,454.0,0,0.0,0.0,,0.0,1,1.55,0.92,SPY220722C00397000,397.0,normalDay
2022-07-13,10217.0,-7409.0,0.0,100,378.83,454.0,0,0.0,0.0,,0.0,1,1.55,0.47,SPY220722C00397000,397.0,normalDay
2022-07-14,10217.0,-7481.0,0.0,100,377.91,454.0,0,0.0,0.0,,0.0,1,1.55,0.27,SPY220722C00397000,397.0,normalDay
2022-07-15,10217.0,-6782.0,0.0,100,385.13,454.0,0,0.0,0.0,,0.0,1,1.55,0.5,SPY220722C00397000,397.0,normalDay
2022-07-18,10217.0,-7067.0,0.0,100,381.95,454.0,0,0.0,0.0,,0.0,1,1.55,0.17,SPY220722C00397000,397.0,normalDay
2022-07-19,10217.0,-6177.0,0.0,100,392.27,454.0,0,0.0,0.0,,0.0,1,1.55,1.59,SPY220722C00397000,397.0,normalDay
2022-07-20,10217.0,-5958.0,0.0,100,394.77,454.0,0,0.0,0.0,,0.0,1,1.55,1.9,SPY220722C00397000,397.0,normalDay
2022-07-21,10217.0,-5635.0,0.0,100,398.79,454.0,0,0.0,0.0,,0.0,1,1.55,2.69,SPY220722C00397000,397.0,normalDay
2022-07-22,10372.0,-5891.0,155.0,100,395.09,454.0,0,0.0,0.0,,0.0,1,1.55,0.0,SPY220722C00397000,397.0,expirationDay
2022-07-25,10372.0,-5847.0,0.0,100,395.57,454.0,0,0.0,0.0,,0.0,1,3.56,3.6,SPY220805C00401000,401.0,normalDay
2022-07-26,10372.0,-6179.0,0.0,100,390.89,454.0,0,0.0,0.0,,0.0,1,3.56,2.24,SPY220805C00401000,401.0,normalDay
2022-07-27,10372.0,-5434.0,0.0,100,401.04,454.0,0,0.0,0.0,,0.0,1,3.56,4.94,SPY220805C00401000,401.0,normalDay
2022-07-28,10372.0,-5303.0,0.0,100,406.07,454.0,0,0.0,0.0,,0.0,1,3.56,8.66,SPY220805C00401000,401.0,normalDay
2022-07-29,10372.0,-5057.0,0.0,100,411.99,454.0,0,0.0,0.0,,0.0,1,3.56,12.12,SPY220805C00401000,401.0,normalDay
2022-08-01,10372.0,-5072.0,0.0,100,410.77,454.0,0,0.0,0.0,,0.0,1,3.56,11.05,SPY220805C00401000,401.0,normalDay
2022-08-02,10372.0,-5072.0,0.0,100,408.06,454.0,0,0.0,0.0,,0.0,1,3.56,8.34,SPY220805C00401000,401.0,normalDay
2022-08-03,10372.0,-4949.0,0.0,100,414.45,454.0,0,0.0,0.0,,0.0,1,3.56,13.5,SPY220805C00401000,401.0,normalDay
2022-08-04,10372.0,-4978.0,0.0,100,414.17,454.0,0,0.0,0.0,,0.0,1,3.56,13.51,SPY220805C00401000,401.0,normalDay
2022-08-05,5428.0,-4978.0,-4944.0,0,413.47,0.0,0,0.0,0.0,,0.0,1,3.56,0.0,SPY220805C00401000,401.0,expirationDay
2022-08-08,5428.0,-6.0,0.0,0,412.99,0.0,1,8.56,8.62,SPY221216P00369000,369.0,0,0.0,0.0,,0.0,normalDay
2022-08-09,5428.0,-32.0,0.0,0,411.35,0.0,1,8.56,8.88,SPY221216P00369000,369.0,0,0.0,0.0,,0.0,normalDay
2022-08-10,5428.0,144.0,0.0,0,419.99,0.0,1,8.56,7.12,SPY221216P00369000,369.0,0,0.0,0.0,,0.0,normalDay
2022-08-11,5428.0,148.0,0.0,0,419.99,0.0,1,8.56,7.08,SPY221216P00369000,369.0,0,0.0,0.0,,0.0,normalDay
2022-08-12,5428.0,249.0,0.0,0,427.1,0.0,1,8.56,6.07,SPY221216P00369000,369.0,0,0.0,0.0,,0.0,normalDay
2022-08-15,5428.0,290.0,0.0,0,428.86,0.0,1,8.56,5.66,SPY221216P00369000,369.0,0,0.0,0.0,,0.0,normalDay
2022-08-16,5428.0,303.0,0.0,0,429.7,0.0,1,8.56,5.53,SPY221216P00369000,369.0,0,0.0,0.0,,0.0,normalDay
2022-08-17,5428.0,257.0,0.0,0,426.65,0.0,1,8.56,5.99,SPY221216P00369000,369.0,0,0.0,0.0,,0.0,normalDay
2022-08-18,5428.0,294.0,0.0,0,427.89,0.0,1,8.56,5.62,SPY221216P00369000,369.0,0,0.0,0.0,,0.0,normalDay
2022-08-19,5428.0,194.0,0.0,0,422.14,0.0,1,8.56,6.62,SPY221216P00369000,369.0,0,0.0,0.0,,0.0,normalDay
2022-08-22,5428.0,35.0,0.0,0,413.35,0.0,1,8.56,8.21,SPY221216P00369000,369.0,0,0.0,0.0,,0.0,normalDay
2022-08-23,5428.0,31.0,0.0,0,412.35,0.0,1,8.56,8.25,SPY221216P00369000,369.0,0,0.0,0.0,,0.0,normalDay
2022-08-24,5428.0,102.0,0.0,0,413.67,0.0,1,8.56,7.54,SPY221216P00369000,369.0,0,0.0,0.0,,0.0,normalDay
2022-08-25,5428.0,213.0,0.0,0,419.51,0.0,1,8.56,6.43,SPY221216P00369000,369.0,0,0.0,0.0,,0.0,normalDay
2022-08-26,5428.0,-97.0,0.0,0,405.31,0.0,1,8.56,9.53,SPY221216P00369000,369.0,0,0.0,0.0,,0.0,normalDay
2022-08-29,5428.0,-128.0,0.0,0,402.63,0.0,1,8.56,9.84,SPY221216P00369000,369.0,0,0.0,0.0,,0.0,normalDay
2022-08-30,5428.0,-220.0,0.0,0,398.21,0.0,1,8.56,10.76,SPY221216P00369000,369.0,0,0.0,0.0,,0.0,normalDay
2022-08-31,5428.0,-265.0,0.0,0,395.18,0.0,1,8.56,11.21,SPY221216P00369000,369.0,0,0.0,0.0,,0.0,normalDay
2022-09-01,5428.0,-206.0,0.0,0,396.42,0.0,1,8.56,10.62,SPY221216P00369000,369.0,0,0.0,0.0,,0.0,normalDay
2022-09-02,5428.0,-292.0,0.0,0,392.24,0.0,1,8.56,11.48,SPY221216P00369000,369.0,0,0.0,0.0,,0.0,normalDay
2022-09-06,5428.0,-365.0,0.0,0,390.76,0.0,1,8.56,12.21,SPY221216P00369000,369.0,0,0.0,0.0,,0.0,normalDay
2022-09-07,5428.0,-121.0,0.0,0,397.78,0.0,1,8.56,9.77,SPY221216P00369000,369.0,0,0.0,0.0,,0.0,normalDay
2022-09-08,5428.0,-8.0,0.0,0,400.38,0.0,1,8.56,8.64,SPY221216P00369000,369.0,0,0.0,0.0,,0.0,normalDay
2022-09-09,5428.0,111.0,0.0,0,406.6,0.0,1,8.56,7.45,SPY221216P00369000,369.0,0,0.0,0.0,,0.0,normalDay
2022-09-12,5428.0,208.0,0.0,0,410.97,0.0,1,8.56,6.48,SPY221216P00369000,369.0,0,0.0,0.0,,0.0,normalDay
2022-09-13,5428.0,-208.0,0.0,0,393.1,0.0,1,8.56,10.64,SPY221216P00369000,369.0,0,0.0,0.0,,0.0,normalDay
2022-09-14,5428.0,-165.0,0.0,0,394.6,0.0,1,8.56,10.21,SPY221216P00369000,369.0,0,0.0,0.0,,0.0,normalDay
2022-09-15,5428.0,-241.0,0.0,0,390.12,0.0,1,8.56,10.97,SPY221216P00369000,369.0,0,0.0,0.0,,0.0,normalDay
2022-09-16,5428.0,-319.0,0.0,0,385.56,0.0,1,8.56,11.75,SPY221216P00369000,369.0,0,0.0,0.0,,0.0,normalDay
2022-09-19,5428.0,-209.0,0.0,0,388.55,0.0,1,8.56,10.65,SPY221216P00369000,369.0,0,0.0,0.0,,0.0,normalDay
2022-09-20,5428.0,-352.0,0.0,0,384.09,0.0,1,8.56,12.08,SPY221216P00369000,369.0,0,0.0,0.0,,0.0,normalDay
2022-09-21,5428.0,-600.0,0.0,0,377.39,0.0,1,8.56,14.56,SPY221216P00369000,369.0,0,0.0,0.0,,0.0,normalDay
2022-09-22,5428.0,-658.0,0.0,0,374.22,0.0,1,8.56,15.14,SPY221216P00369000,369.0,0,0.0,0.0,,0.0,normalDay
2022-09-23,5428.0,-986.0,0.0,0,367.95,0.0,1,8.56,18.42,SPY221216P00369000,369.0,0,0.0,0.0,,0.0,normalDay
2022-09-26,5428.0,-1220.0,0.0,0,364.31,0.0,1,8.56,20.76,SPY221216P00369000,369.0,0,0.0,0.0,,0.0,normalDay
2022-09-27,5428.0,-1232.0,0.0,0,363.38,0.0,1,8.56,20.88,SPY221216P00369000,369.0,0,0.0,0.0,,0.0,normalDay
2022-09-28,5428.0,-848.0,0.0,0,370.53,0.0,1,8.56,17.04,SPY221216P00369000,369.0,0,0.0,0.0,,0.0,normalDay
2022-09-29,5428.0,-1191.0,0.0,0,362.79,0.0,1,8.56,20.47,SPY221216P00369000,369.0,0,0.0,0.0,,0.0,normalDay
2022-09-30,5428.0,-1404.0,0.0,0,357.18,0.0,1,8.56,22.6,SPY221216P00369000,369.0,0,0.0,0.0,,0.0,normalDay
2022-10-03,5428.0,-905.0,0.0,0,366.61,0.0,1,8.56,17.61,SPY221216P00369000,369.0,0,0.0,0.0,,0.0,normalDay
2022-10-04,5428.0,-461.0,0.0,0,377.97,0.0,1,8.56,13.17,SPY221216P00369000,369.0,0,0.0,0.0,,0.0,normalDay
2022-10-05,5428.0,-459.0,0.0,0,377.09,0.0,1,8.56,13.15,SPY221216P00369000,369.0,0,0.0,0.0,,0.0,normalDay
2022-10-06,5428.0,-652.0,0.0,0,373.2,0.0,1,8.56,15.08,SPY221216P00369000,369.0,0,0.0,0.0,,0.0,normalDay
2022-10-07,5428.0,-1134.0,0.0,0,362.79,0.0,1,8.56,19.9,SPY221216P00369000,369.0,0,0.0,0.0,,0.0,normalDay
2022-10-10,5428.0,-1271.0,0.0,0,360.02,0.0,1,8.56,21.27,SPY221216P00369000,369.0,0,0.0,0.0,,0.0,normalDay
2022-10-11,5428.0,-1414.0,0.0,0,357.74,0.0,1,8.56,22.7,SPY221216P00369000,369.0,0,0.0,0.0,,0.0,normalDay
2022-10-12,5428.0,-1471.0,0.0,0,356.56,0.0,1,8.56,23.27,SPY221216P00369000,369.0,0,0.0,0.0,,0.0,normalDay
2022-10-13,5428.0,-954.0,0.0,0,365.97,0.0,1,8.56,18.1,SPY221216P00369000,369.0,0,0.0,0.0,,0.0,normalDay
2022-10-14,5428.0,-1372.0,0.0,0,357.63,0.0,1,8.56,22.28,SPY221216P00369000,369.0,0,0.0,0.0,,0.0,normalDay
2022-10-17,5428.0,-854.0,0.0,0,366.82,0.0,1,8.56,17.1,SPY221216P00369000,369.0,0,0.0,0.0,,0.0,normalDay
2022-10-18,5428.0,-612.0,0.0,0,371.13,0.0,1,8.56,14.68,SPY221216P00369000,369.0,0,0.0,0.0,,0.0,normalDay
2022-10-19,5428.0,-776.0,0.0,0,368.5,0.0,1,8.56,16.32,SPY221216P00369000,369.0,0,0.0,0.0,,0.0,normalDay
2022-10-20,5428.0,-856.0,0.0,0,365.41,0.0,1,8.56,17.12,SPY221216P00369000,369.0,0,0.0,0.0,,0.0,normalDay
2022-10-21,5428.0,-492.0,0.0,0,374.29,0.0,1,8.56,13.48,SPY221216P00369000,369.0,0,0.0,0.0,,0.0,normalDay
2022-10-24,5428.0,-316.0,0.0,0,378.87,0.0,1,8.56,11.72,SPY221216P00369000,369.0,0,0.0,0.0,,0.0,normalDay
2022-10-25,5428.0,-112.0,0.0,0,384.92,0.0,1,8.56,9.68,SPY221216P00369000,369.0,0,0.0,0.0,,0.0,normalDay
2022-10-26,5428.0,-69.0,0.0,0,382.02,0.0,1,8.56,9.25,SPY221216P00369000,369.0,0,0.0,0.0,,0.0,normalDay
2022-10-27,5428.0,-276.0,0.0,0,379.98,0.0,1,8.56,11.32,SPY221216P00369000,369.0,0,0.0,0.0,,0.0,normalDay
2022-10-28,5428.0,158.0,0.0,0,389.02,0.0,1,8.56,6.98,SPY221216P00369000,369.0,0,0.0,0.0,,0.0,normalDay
2022-10-31,5428.0,135.0,0.0,0,386.21,0.0,1,8.56,7.21,SPY221216P00369000,369.0,0,0.0,0.0,,0.0,normalDay
2022-11-01,5428.0,92.0,0.0,0,384.52,0.0,1,8.56,7.64,SPY221216P00369000,369.0,0,0.0,0.0,,0.0,normalDay
2022-11-02,5428.0,-215.0,0.0,0,374.87,0.0,1,8.56,10.71,SPY221216P00369000,369.0,0,0.0,0.0,,0.0,normalDay
2022-11-03,5428.0,-337.0,0.0,0,371.01,0.0,1,8.56,11.93,SPY221216P00369000,369.0,0,0.0,0.0,,0.0,normalDay
2022-11-04,5428.0,-92.0,0.0,0,376.35,0.0,1,8.56,9.48,SPY221216P00369000,369.0,0,0.0,0.0,,0.0,normalDay
2022-11-07,5428.0,82.0,0.0,0,379.95,0.0,1,8.56,7.74,SPY221216P00369000,369.0,0,0.0,0.0,,0.0,normalDay
2022-11-08,5428.0,93.0,0.0,0,382.0,0.0,1,8.56,7.63,SPY221216P00369000,369.0,0,0.0,0.0,,0.0,normalDay
2022-11-09,5428.0,-142.0,0.0,0,374.13,0.0,1,8.56,9.98,SPY221216P00369000,369.0,0,0.0,0.0,,0.0,normalDay
2022-11-10,5428.0,489.0,0.0,0,394.69,0.0,1,8.56,3.67,SPY221216P00369000,369.0,0,0.0,0.0,,0.0,normalDay
2022-11-11,5428.0,571.0,0.0,0,398.51,0.0,1,8.56,2.85,SPY221216P00369000,369.0,0,0.0,0.0,,0.0,normalDay
2022-11-14,5428.0,552.0,0.0,0,395.12,0.0,1,8.56,3.04,SPY221216P00369000,369.0,0,0.0,0.0,,0.0,normalDay
2022-11-15,5428.0,590.0,0.0,0,398.49,0.0,1,8.56,2.66,SPY221216P00369000,369.0,0,0.0,0.0,,0.0,normalDay
2022-11-16,5428.0,572.0,0.0,0,395.45,0.0,1,8.56,2.84,SPY221216P00369000,369.0,0,0.0,0.0,,0.0,normalDay
2022-11-17,5428.0,573.0,0.0,0,394.24,0.0,1,8.56,2.83,SPY221216P00369000,369.0,0,0.0,0.0,,0.0,normalDay
2022-11-18,5428.0,622.0,0.0,0,396.03,0.0,1,8.56,2.34,SPY221216P00369000,369.0,0,0.0,0.0,,0.0,normalDay
2022-11-21,5428.0,656.0,0.0,0,394.59,0.0,1,8.56,2.0,SPY221216P00369000,369.0,0,0.0,0.0,,0.0,normalDay
2022-11-22,5428.0,730.0,0.0,0,399.9,0.0,1,8.56,1.26,SPY221216P00369000,369.0,0,0.0,0.0,,0.0,normalDay
2022-11-23,5428.0,763.0,0.0,0,402.42,0.0,1,8.56,0.93,SPY221216P00369000,369.0,0,0.0,0.0,,0.0,normalDay
2022-11-25,5428.0,770.0,0.0,0,402.33,0.0,1,8.56,0.86,SPY221216P00369000,369.0,0,0.0,0.0,,0.0,normalDay
2022-11-28,5428.0,726.0,0.0,0,395.91,0.0,1,8.56,1.3,SPY221216P00369000,369.0,0,0.0,0.0,,0.0,normalDay
2022-11-29,5428.0,734.0,0.0,0,395.23,0.0,1,8.56,1.22,SPY221216P00369000,369.0,0,0.0,0.0,,0.0,normalDay
2022-11-30,5428.0,815.0,0.0,0,407.68,0.0,1,8.56,0.41,SPY221216P00369000,369.0,0,0.0,0.0,,0.0,normalDay
2022-12-01,5428.0,822.0,0.0,0,407.38,0.0,1,8.56,0.34,SPY221216P00369000,369.0,0,0.0,0.0,,0.0,normalDay
2022-12-02,5428.0,828.0,0.0,0,406.91,0.0,1,8.56,0.28,SPY221216P00369000,369.0,0,0.0,0.0,,0.0,normalDay
2022-12-05,5428.0,809.0,0.0,0,399.59,0.0,1,8.56,0.47,SPY221216P00369000,369.0,0,0.0,0.0,,0.0,normalDay
2022-12-06,5428.0,768.0,0.0,0,393.83,0.0,1,8.56,0.88,SPY221216P00369000,369.0,0,0.0,0.0,,0.0,normalDay
2022-12-07,5428.0,772.0,0.0,0,393.16,0.0,1,8.56,0.84,SPY221216P00369000,369.0,0,0.0,0.0,,0.0,normalDay
2022-12-08,5428.0,806.0,0.0,0,396.24,0.0,1,8.56,0.5,SPY221216P00369000,369.0,0,0.0,0.0,,0.0,normalDay
2022-12-09,5428.0,801.0,0.0,0,393.28,0.0,1,8.56,0.55,SPY221216P00369000,369.0,0,0.0,0.0,,0.0,normalDay
2022-12-12,5428.0,824.0,0.0,0,398.95,0.0,1,8.56,0.32,SPY221216P00369000,369.0,0,0.0,0.0,,0.0,normalDay
2022-12-13,5428.0,847.0,0.0,0,401.97,0.0,1,8.56,0.09,SPY221216P00369000,369.0,0,0.0,0.0,,0.0,normalDay
2022-12-14,5428.0,851.0,0.0,0,399.4,0.0,1,8.56,0.05,SPY221216P00369000,369.0,0,0.0,0.0,,0.0,normalDay
2022-12-15,5428.0,850.0,0.0,0,389.63,0.0,1,8.56,0.06,SPY221216P00369000,369.0,0,0.0,0.0,,0.0,normalDay
2022-12-16,6284.0,0.0,856.0,0,383.27,0.0,1,8.56,0.0,SPY221216P00369000,369.0,0,0.0,0.0,,0.0,expirationDay
2022-12-19,6284.0,-7.0,0.0,0,380.02,0.0,1,18.47,18.54,SPY230421P00380000,380.0,0,0.0,0.0,,0.0,normalDay
2022-12-20,6284.0,67.0,0.0,0,380.54,0.0,1,18.47,17.8,SPY230421P00380000,380.0,0,0.0,0.0,,0.0,normalDay
2022-12-21,6284.0,329.0,0.0,0,386.23,0.0,1,18.47,15.18,SPY230421P00380000,380.0,0,0.0,0.0,,0.0,normalDay
2022-12-22,6284.0,65.0,0.0,0,380.72,0.0,1,18.47,17.82,SPY230421P00380000,380.0,0,0.0,0.0,,0.0,normalDay
2022-12-23,6284.0,173.0,0.0,0,382.91,0.0,1,18.47,16.74,SPY230421P00380000,380.0,0,0.0,0.0,,0.0,normalDay
2022-12-27,6284.0,139.0,0.0,0,381.4,0.0,1,18.47,17.08,SPY230421P00380000,380.0,0,0.0,0.0,,0.0,normalDay
2022-12-28,6284.0,-53.0,0.0,0,376.66,0.0,1,18.47,19.0,SPY230421P00380000,380.0,0,0.0,0.0,,0.0,normalDay
2022-12-29,6284.0,240.0,0.0,0,383.44,0.0,1,18.47,16.07,SPY230421P00380000,380.0,0,0.0,0.0,,0.0,normalDay
2022-12-30,6284.0,216.0,0.0,0,382.43,0.0,1,18.47,16.31,SPY230421P00380000,380.0,0,0.0,0.0,,0.0,normalDay
2023-01-03,6284.0,155.0,0.0,0,380.82,0.0,1,18.47,16.92,SPY230421P00380000,380.0,0,0.0,0.0,,0.0,normalDay
2023-01-04,6284.0,351.0,0.0,0,383.76,0.0,1,18.47,14.96,SPY230421P00380000,380.0,0,0.0,0.0,,0.0,normalDay
2023-01-05,6284.0,178.0,0.0,0,379.38,0.0,1,18.47,16.69,SPY230421P00380000,380.0,0,0.0,0.0,,0.0,normalDay
2023-01-06,6284.0,553.0,0.0,0,388.08,0.0,1,18.47,12.94,SPY230421P00380000,380.0,0,0.0,0.0,,0.0,normalDay
2023-01-09,6284.0,535.0,0.0,0,387.86,0.0,1,18.47,13.12,SPY230421P00380000,380.0,0,0.0,0.0,,0.0,normalDay
2023-01-10,6284.0,696.0,0.0,0,390.58,0.0,1,18.47,11.51,SPY230421P00380000,380.0,0,0.0,0.0,,0.0,normalDay
2023-01-11,6284.0,834.0,0.0,0,395.52,0.0,1,18.47,10.13,SPY230421P00380000,380.0,0,0.0,0.0,,0.0,normalDay
2023-01-12,6284.0,963.0,0.0,0,396.96,0.0,1,18.47,8.84,SPY230421P00380000,380.0,0,0.0,0.0,,0.0,normalDay
2023-01-13,6284.0,1031.0,0.0,0,398.5,0.0,1,18.47,8.16,SPY230421P00380000,380.0,0,0.0,0.0,,0.0,normalDay
2023-01-17,6284.0,1031.0,0.0,0,397.77,0.0,1,18.47,8.16,SPY230421P00380000,380.0,0,0.0,0.0,,0.0,normalDay
2023-01-18,6284.0,827.0,0.0,0,391.49,0.0,1,18.47,10.2,SPY230421P00380000,380.0,0,0.0,0.0,,0.0,normalDay
2023-01-19,6284.0,752.0,0.0,0,388.64,0.0,1,18.47,10.95,SPY230421P00380000,380.0,0,0.0,0.0,,0.0,normalDay
2023-01-20,6284.0,988.0,0.0,0,395.88,0.0,1,18.47,8.59,SPY230421P00380000,380.0,0,0.0,0.0,,0.0,normalDay
2023-01-23,6284.0,1125.0,0.0,0,400.63,0.0,1,18.47,7.22,SPY230421P00380000,380.0,0,0.0,0.0,,0.0,normalDay
2023-01-24,6284.0,1181.0,0.0,0,400.2,0.0,1,18.47,6.66,SPY230421P00380000,380.0,0,0.0,0.0,,0.0,normalDay
2023-01-25,6284.0,1167.0,0.0,0,400.35,0.0,1,18.47,6.8,SPY230421P00380000,380.0,0,0.0,0.0,,0.0,normalDay
2023-01-26,6284.0,1266.0,0.0,0,404.75,0.0,1,18.47,5.81,SPY230421P00380000,380.0,0,0.0,0.0,,0.0,normalDay
2023-01-27,6284.0,1298.0,0.0,0,405.68,0.0,1,18.47,5.49,SPY230421P00380000,380.0,0,0.0,0.0,,0.0,normalDay
2023-01-30,6284.0,1200.0,0.0,0,400.59,0.0,1,18.47,6.47,SPY230421P00380000,380.0,0,0.0,0.0,,0.0,normalDay
2023-01-31,6284.0,1315.0,0.0,0,406.48,0.0,1,18.47,5.32,SPY230421P00380000,380.0,0,0.0,0.0,,0.0,normalDay
2023-02-01,6284.0,1426.0,0.0,0,410.8,0.0,1,18.47,4.21,SPY230421P00380000,380.0,0,0.0,0.0,,0.0,normalDay
2023-02-02,6284.0,1445.0,0.0,0,416.78,0.0,1,18.47,4.02,SPY230421P00380000,380.0,0,0.0,0.0,,0.0,normalDay
2023-02-03,6284.0,1419.0,0.0,0,412.35,0.0,1,18.47,4.28,SPY230421P00380000,380.0,0,0.0,0.0,,0.0,normalDay
2023-02-06,6284.0,1382.0,0.0,0,409.83,0.0,1,18.47,4.65,SPY230421P00380000,380.0,0,0.0,0.0,,0.0,normalDay
2023-02-07,6284.0,1471.0,0.0,0,415.19,0.0,1,18.47,3.76,SPY230421P00380000,380.0,0,0.0,0.0,,0.0,normalDay
2023-02-08,6284.0,1393.0,0.0,0,410.65,0.0,1,18.47,4.54,SPY230421P00380000,380.0,0,0.0,0.0,,0.0,normalDay
2023-02-09,6284.0,1317.0,0.0,0,407.09,0.0,1,18.47,5.3,SPY230421P00380000,380.0,0,0.0,0.0,,0.0,normalDay
2023-02-10,6284.0,1332.0,0.0,0,408.04,0.0,1,18.47,5.15,SPY230421P00380000,380.0,0,0.0,0.0,,0.0,normalDay
2023-02-13,6284.0,1446.0,0.0,0,412.83,0.0,1,18.47,4.01,SPY230421P00380000,380.0,0,0.0,0.0,,0.0,normalDay
2023-02-14,6284.0,1481.0,0.0,0,412.64,0.0,1,18.47,3.66,SPY230421P00380000,380.0,0,0.0,0.0,,0.0,normalDay
2023-02-15,6284.0,1529.0,0.0,0,413.98,0.0,1,18.47,3.18,SPY230421P00380000,380.0,0,0.0,0.0,,0.0,normalDay
2023-02-16,6284.0,1410.0,0.0,0,408.28,0.0,1,18.47,4.37,SPY230421P00380000,380.0,0,0.0,0.0,,0.0,normalDay
2023-02-17,6284.0,1410.0,0.0,0,407.26,0.0,1,18.47,4.37,SPY230421P00380000,380.0,0,0.0,0.0,,0.0,normalDay
2023-02-21,6284.0,1225.0,0.0,0,399.09,0.0,1,18.47,6.22,SPY230421P00380000,380.0,0,0.0,0.0,,0.0,normalDay
2023-02-22,6284.0,1245.0,0.0,0,398.54,0.0,1,18.47,6.02,SPY230421P00380000,380.0,0,0.0,0.0,,0.0,normalDay
2023-02-23,6284.0,1325.0,0.0,0,400.66,0.0,1,18.47,5.22,SPY230421P00380000,380.0,0,0.0,0.0,,0.0,normalDay
2023-02-24,6284.0,1215.0,0.0,0,396.38,0.0,1,18.47,6.32,SPY230421P00380000,380.0,0,0.0,0.0,,0.0,normalDay
2023-02-27,6284.0,1312.0,0.0,0,397.73,0.0,1,18.47,5.35,SPY230421P00380000,380.0,0,0.0,0.0,,0.0,normalDay
2023-02-28,6284.0,1293.0,0.0,0,396.26,0.0,1,18.47,5.54,SPY230421P00380000,380.0,0,0.0,0.0,,0.0,normalDay
2023-03-01,6284.0,1268.0,0.0,0,394.74,0.0,1,18.47,5.79,SPY230421P00380000,380.0,0,0.0,0.0,,0.0,normalDay
2023-03-02,6284.0,1375.0,0.0,0,397.81,0.0,1,18.47,4.72,SPY230421P00380000,380.0,0,0.0,0.0,,0.0,normalDay
2023-03-03,6284.0,1530.0,0.0,0,404.19,0.0,1,18.47,3.17,SPY230421P00380000,380.0,0,0.0,0.0,,0.0,normalDay
2023-03-06,6284.0,1558.0,0.0,0,404.47,0.0,1,18.47,2.89,SPY230421P00380000,380.0,0,0.0,0.0,,0.0,normalDay
2023-03-07,6284.0,1435.0,0.0,0,398.27,0.0,1,18.47,4.12,SPY230421P00380000,380.0,0,0.0,0.0,,0.0,normalDay
2023-03-08,6284.0,1472.0,0.0,0,398.92,0.0,1,18.47,3.75,SPY230421P00380000,380.0,0,0.0,0.0,,0.0,normalDay
2023-03-09,6284.0,1184.0,0.0,0,391.56,0.0,1,18.47,6.63,SPY230421P00380000,380.0,0,0.0,0.0,,0.0,normalDay
2023-03-10,6284.0,967.0,0.0,0,385.91,0.0,1,18.47,8.8,SPY230421P00380000,380.0,0,0.0,0.0,,0.0,normalDay
2023-03-13,6284.0,928.0,0.0,0,385.36,0.0,1,18.47,9.19,SPY230421P00380000,380.0,0,0.0,0.0,,0.0,normalDay
2023-03-14,6284.0,1217.0,0.0,0,391.73,0.0,1,18.47,6.3,SPY230421P00380000,380.0,0,0.0,0.0,,0.0,normalDay
2023-03-15,6284.0,1087.0,0.0,0,389.28,0.0,1,18.47,7.6,SPY230421P00380000,380.0,0,0.0,0.0,,0.0,normalDay
2023-03-16,6284.0,1365.0,0.0,0,396.11,0.0,1,18.47,4.82,SPY230421P00380000,380.0,0,0.0,0.0,,0.0,normalDay
2023-03-17,6284.0,1186.0,0.0,0,389.99,0.0,1,18.47,6.61,SPY230421P00380000,380.0,0,0.0,0.0,,0.0,normalDay
2023-03-20,6284.0,1328.0,0.0,0,393.74,0.0,1,18.47,5.19,SPY230421P00380000,380.0,0,0.0,0.0,,0.0,normalDay
2023-03-21,6284.0,1521.0,0.0,0,398.91,0.0,1,18.47,3.26,SPY230421P00380000,380.0,0,0.0,0.0,,0.0,normalDay
2023-03-22,6284.0,1368.0,0.0,0,392.11,0.0,1,18.47,4.79,SPY230421P00380000,380.0,0,0.0,0.0,,0.0,normalDay
2023-03-23,6284.0,1384.0,0.0,0,393.17,0.0,1,18.47,4.63,SPY230421P00380000,380.0,0,0.0,0.0,,0.0,normalDay
2023-03-24,6284.0,1476.0,0.0,0,395.75,0.0,1,18.47,3.71,SPY230421P00380000,380.0,0,0.0,0.0,,0.0,normalDay
2023-03-27,6284.0,1570.0,0.0,0,396.49,0.0,1,18.47,2.77,SPY230421P00380000,380.0,0,0.0,0.0,,0.0,normalDay
2023-03-28,6284.0,1597.0,0.0,0,395.6,0.0,1,18.47,2.5,SPY230421P00380000,380.0,0,0.0,0.0,,0.0,normalDay
2023-03-29,6284.0,1686.0,0.0,0,401.35,0.0,1,18.47,1.61,SPY230421P00380000,380.0,0,0.0,0.0,,0.0,normalDay
2023-03-30,6284.0,1717.0,0.0,0,403.7,0.0,1,18.47,1.3,SPY230421P00380000,380.0,0,0.0,0.0,,0.0,normalDay
2023-03-31,6284.0,1769.0,0.0,0,409.39,0.0,1,18.47,0.78,SPY230421P00380000,380.0,0,0.0,0.0,,0.0,normalDay
2023-04-03,6284.0,1797.0,0.0,0,410.95,0.0,1,18.47,0.5,SPY230421P00380000,380.0,0,0.0,0.0,,0.0,normalDay
2023-04-04,6284.0,1795.0,0.0,0,408.67,0.0,1,18.47,0.52,SPY230421P00380000,380.0,0,0.0,0.0,,0.0,normalDay
2023-04-05,6284.0,1800.0,0.0,0,407.6,0.0,1,18.47,0.47,SPY230421P00380000,380.0,0,0.0,0.0,,0.0,normalDay
2023-04-06,6284.0,1816.0,0.0,0,409.19,0.0,1,18.47,0.31,SPY230421P00380000,380.0,0,0.0,0.0,,0.0,normalDay
2023-04-10,6284.0,1826.0,0.0,0,409.61,0.0,1,18.47,0.21,SPY230421P00380000,380.0,0,0.0,0.0,,0.0,normalDay
2023-04-11,6284.0,1827.0,0.0,0,409.72,0.0,1,18.47,0.2,SPY230421P00380000,380.0,0,0.0,0.0,,0.0,normalDay
2023-04-12,6284.0,1828.0,0.0,0,408.05,0.0,1,18.47,0.19,SPY230421P00380000,380.0,0,0.0,0.0,,0.0,normalDay
2023-04-13,6284.0,1838.0,0.0,0,413.47,0.0,1,18.47,0.09,SPY230421P00380000,380.0,0,0.0,0.0,,0.0,normalDay
2023-04-14,6284.0,1841.0,0.0,0,412.46,0.0,1,18.47,0.06,SPY230421P00380000,380.0,0,0.0,0.0,,0.0,normalDay
2023-04-17,6284.0,1843.0,0.0,0,413.94,0.0,1,18.47,0.04,SPY230421P00380000,380.0,0,0.0,0.0,,0.0,normalDay
2023-04-18,6284.0,1843.0,0.0,0,414.21,0.0,1,18.47,0.04,SPY230421P00380000,380.0,0,0.0,0.0,,0.0,normalDay
2023-04-19,6284.0,1844.0,0.0,0,414.14,0.0,1,18.47,0.03,SPY230421P00380000,380.0,0,0.0,0.0,,0.0,normalDay
2023-04-20,6284.0,1845.0,0.0,0,411.88,0.0,1,18.47,0.02,SPY230421P00380000,380.0,0,0.0,0.0,,0.0,normalDay
2023-04-21,8131.0,0.0,1847.0,0,412.2,0.0,1,18.47,0.0,SPY230421P00380000,380.0,0,0.0,0.0,,0.0,expirationDay
2023-04-24,8131.0,-6.0,0.0,0,412.63,0.0,1,9.3,9.36,SPY230818P00396000,396.0,0,0.0,0.0,,0.0,normalDay
2023-04-25,8131.0,-216.0,0.0,0,406.08,0.0,1,9.3,11.46,SPY230818P00396000,396.0,0,0.0,0.0,,0.0,normalDay
2023-04-26,8131.0,-294.0,0.0,0,404.36,0.0,1,9.3,12.24,SPY230818P00396000,396.0,0,0.0,0.0,,0.0,normalDay
2023-04-27,8131.0,20.0,0.0,0,412.41,0.0,1,9.3,9.1,SPY230818P00396000,396.0,0,0.0,0.0,,0.0,normalDay
2023-04-28,8131.0,124.0,0.0,0,415.93,0.0,1,9.3,8.06,SPY230818P00396000,396.0,0,0.0,0.0,,0.0,normalDay
2023-05-01,8131.0,134.0,0.0,0,415.51,0.0,1,9.3,7.96,SPY230818P00396000,396.0,0,0.0,0.0,,0.0,normalDay
2023-05-02,8131.0,-27.0,0.0,0,410.84,0.0,1,9.3,9.57,SPY230818P00396000,396.0,0,0.0,0.0,,0.0,normalDay
2023-05-03,8131.0,-108.0,0.0,0,408.02,0.0,1,9.3,10.38,SPY230818P00396000,396.0,0,0.0,0.0,,0.0,normalDay
2023-05-04,8131.0,-283.0,0.0,0,405.13,0.0,1,9.3,12.13,SPY230818P00396000,396.0,0,0.0,0.0,,0.0,normalDay
2023-05-05,8131.0,21.0,0.0,0,412.63,0.0,1,9.3,9.09,SPY230818P00396000,396.0,0,0.0,0.0,,0.0,normalDay
2023-05-08,8131.0,64.0,0.0,0,412.74,0.0,1,9.3,8.66,SPY230818P00396000,396.0,0,0.0,0.0,,0.0,normalDay
2023-05-09,8131.0,14.0,0.0,0,410.93,0.0,1,9.3,9.16,SPY230818P00396000,396.0,0,0.0,0.0,,0.0,normalDay
2023-05-10,8131.0,97.0,0.0,0,412.85,0.0,1,9.3,8.33,SPY230818P00396000,396.0,0,0.0,0.0,,0.0,normalDay
2023-05-11,8131.0,94.0,0.0,0,412.13,0.0,1,9.3,8.36,SPY230818P00396000,396.0,0,0.0,0.0,,0.0,normalDay
2023-05-12,8131.0,80.0,0.0,0,411.59,0.0,1,9.3,8.5,SPY230818P00396000,396.0,0,0.0,0.0,,0.0,normalDay
2023-05-15,8131.0,168.0,0.0,0,413.01,0.0,1,9.3,7.62,SPY230818P00396000,396.0,0,0.0,0.0,,0.0,normalDay
2023-05-16,8131.0,88.0,0.0,0,410.25,0.0,1,9.3,8.42,SPY230818P00396000,396.0,0,0.0,0.0,,0.0,normalDay
2023-05-17,8131.0,241.0,0.0,0,415.23,0.0,1,9.3,6.89,SPY230818P00396000,396.0,0,0.0,0.0,,0.0,normalDay
2023-05-18,8131.0,361.0,0.0,0,419.23,0.0,1,9.3,5.69,SPY230818P00396000,396.0,0,0.0,0.0,,0.0,normalDay
2023-05-19,8131.0,324.0,0.0,0,418.62,0.0,1,9.3,6.06,SPY230818P00396000,396.0,0,0.0,0.0,,0.0,normalDay
2023-05-22,8131.0,336.0,0.0,0,418.79,0.0,1,9.3,5.94,SPY230818P00396000,396.0,0,0.0,0.0,,0.0,normalDay
2023-05-23,8131.0,214.0,0.0,0,414.09,0.0,1,9.3,7.16,SPY230818P00396000,396.0,0,0.0,0.0,,0.0,normalDay
2023-05-24,8131.0,120.0,0.0,0,411.09,0.0,1,9.3,8.1,SPY230818P00396000,396.0,0,0.0,0.0,,0.0,normalDay
2023-05-25,8131.0,229.0,0.0,0,414.65,0.0,1,9.3,7.01,SPY230818P00396000,396.0,0,0.0,0.0,,0.0,normalDay
2023-05-26,8131.0,371.0,0.0,0,420.02,0.0,1,9.3,5.59,SPY230818P00396000,396.0,0,0.0,0.0,,0.0,normalDay
2023-05-30,8131.0,410.0,0.0,0,420.18,0.0,1,9.3,5.2,SPY230818P00396000,396.0,0,0.0,0.0,,0.0,normalDay
2023-05-31,8131.0,379.0,0.0,0,417.85,0.0,1,9.3,5.51,SPY230818P00396000,396.0,0,0.0,0.0,,0.0,normalDay
2023-06-01,8131.0,504.0,0.0,0,421.82,0.0,1,9.3,4.26,SPY230818P00396000,396.0,0,0.0,0.0,,0.0,normalDay
2023-06-02,8131.0,607.0,0.0,0,427.92,0.0,1,9.3,3.23,SPY230818P00396000,396.0,0,0.0,0.0,,0.0,normalDay
2023-06-05,8131.0,616.0,0.0,0,427.1,0.0,1,9.3,3.14,SPY230818P00396000,396.0,0,0.0,0.0,,0.0,normalDay
2023-06-06,8131.0,658.0,0.0,0,428.03,0.0,1,9.3,2.72,SPY230818P00396000,396.0,0,0.0,0.0,,0.0,normalDay
2023-06-07,8131.0,650.0,0.0,0,426.55,0.0,1,9.3,2.8,SPY230818P00396000,396.0,0,0.0,0.0,,0.0,normalDay
2023-06-08,8131.0,687.0,0.0,0,429.13,0.0,1,9.3,2.43,SPY230818P00396000,396.0,0,0.0,0.0,,0.0,normalDay
2023-06-09,8131.0,691.0,0.0,0,429.9,0.0,1,9.3,2.39,SPY230818P00396000,396.0,0,0.0,0.0,,0.0,normalDay
2023-06-12,8131.0,714.0,0.0,0,433.8,0.0,1,9.3,2.16,SPY230818P00396000,396.0,0,0.0,0.0,,0.0,normalDay
2023-06-13,8131.0,740.0,0.0,0,436.66,0.0,1,9.3,1.9,SPY230818P00396000,396.0,0,0.0,0.0,,0.0,normalDay
2023-06-14,8131.0,764.0,0.0,0,437.18,0.0,1,9.3,1.66,SPY230818P00396000,396.0,0,0.0,0.0,,0.0,normalDay
2023-06-15,8131.0,775.0,0.0,0,442.6,0.0,1,9.3,1.55,SPY230818P00396000,396.0,0,0.0,0.0,,0.0,normalDay
2023-06-16,8131.0,789.0,0.0,0,439.46,0.0,1,9.3,1.41,SPY230818P00396000,396.0,0,0.0,0.0,,0.0,normalDay
2023-06-20,8131.0,777.0,0.0,0,437.18,0.0,1,9.3,1.53,SPY230818P00396000,396.0,0,0.0,0.0,,0.0,normalDay
2023-06-21,8131.0,781.0,0.0,0,434.94,0.0,1,9.3,1.49,SPY230818P00396000,396.0,0,0.0,0.0,,0.0,normalDay
2023-06-22,8131.0,801.0,0.0,0,436.51,0.0,1,9.3,1.29,SPY230818P00396000,396.0,0,0.0,0.0,,0.0,normalDay
2023-06-23,8131.0,779.0,0.0,0,433.21,0.0,1,9.3,1.51,SPY230818P00396000,396.0,0,0.0,0.0,,0.0,normalDay
2023-06-26,8131.0,774.0,0.0,0,431.44,0.0,1,9.3,1.56,SPY230818P00396000,396.0,0,0.0,0.0,,0.0,normalDay
2023-06-27,8131.0,813.0,0.0,0,436.17,0.0,1,9.3,1.17,SPY230818P00396000,396.0,0,0.0,0.0,,0.0,normalDay
2023-06-28,8131.0,830.0,0.0,0,436.39,0.0,1,9.3,1.0,SPY230818P00396000,396.0,0,0.0,0.0,,0.0,normalDay
2023-06-29,8131.0,833.0,0.0,0,438.11,0.0,1,9.3,0.97,SPY230818P00396000,396.0,0,0.0,0.0,,0.0,normalDay
2023-06-30,8131.0,853.0,0.0,0,443.28,0.0,1,9.3,0.77,SPY230818P00396000,396.0,0,0.0,0.0,,0.0,normalDay
2023-07-03,8131.0,859.0,0.0,0,443.79,0.0,1,9.3,0.71,SPY230818P00396000,396.0,0,0.0,0.0,,0.0,normalDay
2023-07-05,8131.0,856.0,0.0,0,443.13,0.0,1,9.3,0.74,SPY230818P00396000,396.0,0,0.0,0.0,,0.0,normalDay
2023-07-06,8131.0,833.0,0.0,0,439.66,0.0,1,9.3,0.97,SPY230818P00396000,396.0,0,0.0,0.0,,0.0,normalDay
2023-07-07,8131.0,842.0,0.0,0,438.55,0.0,1,9.3,0.88,SPY230818P00396000,396.0,0,0.0,0.0,,0.0,normalDay
2023-07-10,8131.0,851.0,0.0,0,439.66,0.0,1,9.3,0.79,SPY230818P00396000,396.0,0,0.0,0.0,,0.0,normalDay
2023-07-11,8131.0,863.0,0.0,0,442.46,0.0,1,9.3,0.67,SPY230818P00396000,396.0,0,0.0,0.0,,0.0,normalDay
2023-07-12,8131.0,884.0,0.0,0,446.02,0.0,1,9.3,0.46,SPY230818P00396000,396.0,0,0.0,0.0,,0.0,normalDay
2023-07-13,8131.0,888.0,0.0,0,449.56,0.0,1,9.3,0.42,SPY230818P00396000,396.0,0,0.0,0.0,,0.0,normalDay
2023-07-14,8131.0,892.0,0.0,0,449.28,0.0,1,9.3,0.38,SPY230818P00396000,396.0,0,0.0,0.0,,0.0,normalDay
2023-07-17,8131.0,898.0,0.0,0,450.84,0.0,1,9.3,0.32,SPY230818P00396000,396.0,0,0.0,0.0,,0.0,normalDay
2023-07-18,8131.0,903.0,0.0,0,454.19,0.0,1,9.3,0.27,SPY230818P00396000,396.0,0,0.0,0.0,,0.0,normalDay
2023-07-19,8131.0,901.0,0.0,0,455.2,0.0,1,9.3,0.29,SPY230818P00396000,396.0,0,0.0,0.0,,0.0,normalDay
2023-07-20,8131.0,898.0,0.0,0,452.18,0.0,1,9.3,0.32,SPY230818P00396000,396.0,0,0.0,0.0,,0.0,normalDay
2023-07-21,8131.0,902.0,0.0,0,452.18,0.0,1,9.3,0.28,SPY230818P00396000,396.0,0,0.0,0.0,,0.0,normalDay
2023-07-24,8131.0,907.0,0.0,0,454.2,0.0,1,9.3,0.23,SPY230818P00396000,396.0,0,0.0,0.0,,0.0,normalDay
2023-07-25,8131.0,910.0,0.0,0,455.44,0.0,1,9.3,0.2,SPY230818P00396000,396.0,0,0.0,0.0,,0.0,normalDay
2023-07-26,8131.0,913.0,0.0,0,455.51,0.0,1,9.3,0.17,SPY230818P00396000,396.0,0,0.0,0.0,,0.0,normalDay
2023-07-27,8131.0,906.0,0.0,0,452.49,0.0,1,9.3,0.24,SPY230818P00396000,396.0,0,0.0,0.0,,0.0,normalDay
2023-07-28,8131.0,916.0,0.0,0,456.92,0.0,1,9.3,0.14,SPY230818P00396000,396.0,0,0.0,0.0,,0.0,normalDay
2023-07-31,8131.0,918.0,0.0,0,457.79,0.0,1,9.3,0.12,SPY230818P00396000,396.0,0,0.0,0.0,,0.0,normalDay
2023-08-01,8131.0,918.0,0.0,0,456.48,0.0,1,9.3,0.12,SPY230818P00396000,396.0,0,0.0,0.0,,0.0,normalDay
2023-08-02,8131.0,909.0,0.0,0,450.13,0.0,1,9.3,0.21,SPY230818P00396000,396.0,0,0.0,0.0,,0.0,normalDay
2023-08-03,8131.0,911.0,0.0,0,448.84,0.0,1,9.3,0.19,SPY230818P00396000,396.0,0,0.0,0.0,,0.0,normalDay
2023-08-04,8131.0,904.0,0.0,0,446.81,0.0,1,9.3,0.26,SPY230818P00396000,396.0,0,0.0,0.0,,0.0,normalDay
2023-08-07,8131.0,917.0,0.0,0,450.71,0.0,1,9.3,0.13,SPY230818P00396000,396.0,0,0.0,0.0,,0.0,normalDay
2023-08-08,8131.0,919.0,0.0,0,448.75,0.0,1,9.3,0.11,SPY230818P00396000,396.0,0,0.0,0.0,,0.0,normalDay
2023-08-09,8131.0,920.0,0.0,0,445.75,0.0,1,9.3,0.1,SPY230818P00396000,396.0,0,0.0,0.0,,0.0,normalDay
2023-08-10,8131.0,921.0,0.0,0,445.91,0.0,1,9.3,0.09,SPY230818P00396000,396.0,0,0.0,0.0,,0.0,normalDay
2023-08-11,8131.0,925.0,0.0,0,445.65,0.0,1,9.3,0.05,SPY230818P00396000,396.0,0,0.0,0.0,,0.0,normalDay
2023-08-14,8131.0,927.0,0.0,0,448.11,0.0,1,9.3,0.03,SPY230818P00396000,396.0,0,0.0,0.0,,0.0,normalDay
2023-08-15,8131.0,926.0,0.0,0,442.89,0.0,1,9.3,0.04,SPY230818P00396000,396.0,0,0.0,0.0,,0.0,normalDay
2023-08-16,8131.0,928.0,0.0,0,439.64,0.0,1,9.3,0.02,SPY230818P00396000,396.0,0,0.0,0.0,,0.0,normalDay
2023-08-17,8131.0,928.0,0.0,0,436.29,0.0,1,9.3,0.02,SPY230818P00396000,396.0,0,0.0,0.0,,0.0,normalDay
2023-08-18,9061.0,0.0,930.0,0,436.5,0.0,1,9.3,0.0,SPY230818P00396000,396.0,0,0.0,0.0,,0.0,expirationDay
2023-08-21,9061.0,-6.0,0.0,0,439.34,0.0,1,12.81,12.87,SPY231229P00435000,435.0,0,0.0,0.0,,0.0,normalDay
2023-08-22,9061.0,-22.0,0.0,0,438.15,0.0,1,12.81,13.03,SPY231229P00435000,435.0,0,0.0,0.0,,0.0,normalDay
2023-08-23,9061.0,171.0,0.0,0,443.03,0.0,1,12.81,11.1,SPY231229P00435000,435.0,0,0.0,0.0,,0.0,normalDay
2023-08-24,9061.0,-68.0,0.0,0,436.89,0.0,1,12.81,13.49,SPY231229P00435000,435.0,0,0.0,0.0,,0.0,normalDay
2023-08-25,9061.0,101.0,0.0,0,439.97,0.0,1,12.81,11.8,SPY231229P00435000,435.0,0,0.0,0.0,,0.0,normalDay
2023-08-28,9061.0,237.0,0.0,0,442.76,0.0,1,12.81,10.44,SPY231229P00435000,435.0,0,0.0,0.0,,0.0,normalDay
2023-08-29,9061.0,437.0,0.0,0,449.16,0.0,1,12.81,8.44,SPY231229P00435000,435.0,0,0.0,0.0,,0.0,normalDay
2023-08-30,9061.0,510.0,0.0,0,451.01,0.0,1,12.81,7.71,SPY231229P00435000,435.0,0,0.0,0.0,,0.0,normalDay
2023-08-31,9061.0,525.0,0.0,0,450.35,0.0,1,12.81,7.56,SPY231229P00435000,435.0,0,0.0,0.0,,0.0,normalDay
2023-09-01,9061.0,547.0,0.0,0,451.19,0.0,1,12.81,7.34,SPY231229P00435000,435.0,0,0.0,0.0,,0.0,normalDay
2023-09-05,9061.0,506.0,0.0,0,449.24,0.0,1,12.81,7.75,SPY231229P00435000,435.0,0,0.0,0.0,,0.0,normalDay
2023-09-06,9061.0,405.0,0.0,0,446.22,0.0,1,12.81,8.76,SPY231229P00435000,435.0,0,0.0,0.0,,0.0,normalDay
2023-09-07,9061.0,378.0,0.0,0,444.85,0.0,1,12.81,9.03,SPY231229P00435000,435.0,0,0.0,0.0,,0.0,normalDay
2023-09-08,9061.0,443.0,0.0,0,445.52,0.0,1,12.81,8.38,SPY231229P00435000,435.0,0,0.0,0.0,,0.0,normalDay
2023-09-11,9061.0,539.0,0.0,0,448.45,0.0,1,12.81,7.42,SPY231229P00435000,435.0,0,0.0,0.0,,0.0,normalDay
2023-09-12,9061.0,477.0,0.0,0,445.99,0.0,1,12.81,8.04,SPY231229P00435000,435.0,0,0.0,0.0,,0.0,normalDay
2023-09-13,9061.0,519.0,0.0,0,446.51,0.0,1,12.81,7.62,SPY231229P00435000,435.0,0,0.0,0.0,,0.0,normalDay
2023-09-14,9061.0,645.0,0.0,0,450.36,0.0,1,12.81,6.36,SPY231229P00435000,435.0,0,0.0,0.0,,0.0,normalDay
2023-09-15,9061.0,476.0,0.0,0,443.37,0.0,1,12.81,8.05,SPY231229P00435000,435.0,0,0.0,0.0,,0.0,normalDay
2023-09-18,9061.0,496.0,0.0,0,443.63,0.0,1,12.81,7.85,SPY231229P00435000,435.0,0,0.0,0.0,,0.0,normalDay
2023-09-19,9061.0,480.0,0.0,0,442.71,0.0,1,12.81,8.01,SPY231229P00435000,435.0,0,0.0,0.0,,0.0,normalDay
2023-09-20,9061.0,309.0,0.0,0,438.64,0.0,1,12.81,9.72,SPY231229P00435000,435.0,0,0.0,0.0,,0.0,normalDay
2023-09-21,9061.0,-31.0,0.0,0,431.39,0.0,1,12.81,13.12,SPY231229P00435000,435.0,0,0.0,0.0,,0.0,normalDay
2023-09-22,9061.0,-66.0,0.0,0,430.42,0.0,1,12.81,13.47,SPY231229P00435000,435.0,0,0.0,0.0,,0.0,normalDay
2023-09-25,9061.0,25.0,0.0,0,432.23,0.0,1,12.81,12.56,SPY231229P00435000,435.0,0,0.0,0.0,,0.0,normalDay
2023-09-26,9061.0,-334.0,0.0,0,425.88,0.0,1,12.81,16.15,SPY231229P00435000,435.0,0,0.0,0.0,,0.0,normalDay
2023-09-27,9061.0,-287.0,0.0,0,426.05,0.0,1,12.81,15.68,SPY231229P00435000,435.0,0,0.0,0.0,,0.0,normalDay
2023-09-28,9061.0,-152.0,0.0,0,428.52,0.0,1,12.81,14.33,SPY231229P00435000,435.0,0,0.0,0.0,,0.0,normalDay
2023-09-29,9061.0,-184.0,0.0,0,427.48,0.0,1,12.81,14.65,SPY231229P00435000,435.0,0,0.0,0.0,,0.0,normalDay
2023-10-02,9061.0,-181.0,0.0,0,427.31,0.0,1,12.81,14.62,SPY231229P00435000,435.0,0,0.0,0.0,,0.0,normalDay
2023-10-03,9061.0,-565.0,0.0,0,421.59,0.0,1,12.81,18.46,SPY231229P00435000,435.0,0,0.0,0.0,,0.0,normalDay
2023-10-04,9061.0,-381.0,0.0,0,424.66,0.0,1,12.81,16.62,SPY231229P00435000,435.0,0,0.0,0.0,,0.0,normalDay
2023-10-05,9061.0,-396.0,0.0,0,424.5,0.0,1,12.81,16.77,SPY231229P00435000,435.0,0,0.0,0.0,,0.0,normalDay
2023-10-06,9061.0,-68.0,0.0,0,429.54,0.0,1,12.81,13.49,SPY231229P00435000,435.0,0,0.0,0.0,,0.0,normalDay
2023-10-09,9061.0,57.0,0.0,0,432.29,0.0,1,12.81,12.24,SPY231229P00435000,435.0,0,0.0,0.0,,0.0,normalDay
2023-10-10,9061.0,179.0,0.0,0,434.54,0.0,1,12.81,11.02,SPY231229P00435000,435.0,0,0.0,0.0,,0.0,normalDay
2023-10-11,9061.0,310.0,0.0,0,436.32,0.0,1,12.81,9.71,SPY231229P00435000,435.0,0,0.0,0.0,,0.0,normalDay
2023-10-12,9061.0,184.0,0.0,0,433.66,0.0,1,12.81,10.97,SPY231229P00435000,435.0,0,0.0,0.0,,0.0,normalDay
2023-10-13,9061.0,-32.0,0.0,0,431.5,0.0,1,12.81,13.13,SPY231229P00435000,435.0,0,0.0,0.0,,0.0,normalDay
2023-10-16,9061.0,272.0,0.0,0,436.04,0.0,1,12.81,10.09,SPY231229P00435000,435.0,0,0.0,0.0,,0.0,normalDay
2023-10-17,9061.0,238.0,0.0,0,436.02,0.0,1,12.81,10.43,SPY231229P00435000,435.0,0,0.0,0.0,,0.0,normalDay
2023-10-18,9061.0,-26.0,0.0,0,430.21,0.0,1,12.81,13.07,SPY231229P00435000,435.0,0,0.0,0.0,,0.0,normalDay
2023-10-19,9061.0,-341.0,0.0,0,426.43,0.0,1,12.81,16.22,SPY231229P00435000,435.0,0,0.0,0.0,,0.0,normalDay
2023-10-20,9061.0,-585.0,0.0,0,421.19,0.0,1,12.81,18.66,SPY231229P00435000,435.0,0,0.0,0.0,,0.0,normalDay
2023-10-23,9061.0,-530.0,0.0,0,420.46,0.0,1,12.81,18.11,SPY231229P00435000,435.0,0,0.0,0.0,,0.0,normalDay
2023-10-24,9061.0,-324.0,0.0,0,423.63,0.0,1,12.81,16.05,SPY231229P00435000,435.0,0,0.0,0.0,,0.0,normalDay
2023-10-25,9061.0,-917.0,0.0,0,417.55,0.0,1,12.81,21.98,SPY231229P00435000,435.0,0,0.0,0.0,,0.0,normalDay
2023-10-26,9061.0,-1234.0,0.0,0,412.55,0.0,1,12.81,25.15,SPY231229P00435000,435.0,0,0.0,0.0,,0.0,normalDay
2023-10-27,9061.0,-1319.0,0.0,0,410.68,0.0,1,12.81,26.0,SPY231229P00435000,435.0,0,0.0,0.0,,0.0,normalDay
2023-10-30,9061.0,-927.0,0.0,0,415.59,0.0,1,12.81,22.08,SPY231229P00435000,435.0,0,0.0,0.0,,0.0,normalDay
2023-10-31,9061.0,-689.0,0.0,0,418.2,0.0,1,12.81,19.7,SPY231229P00435000,435.0,0,0.0,0.0,,0.0,normalDay
2023-11-01,9061.0,-324.0,0.0,0,422.66,0.0,1,12.81,16.05,SPY231229P00435000,435.0,0,0.0,0.0,,0.0,normalDay
2023-11-02,9061.0,194.0,0.0,0,430.76,0.0,1,12.81,10.87,SPY231229P00435000,435.0,0,0.0,0.0,,0.0,normalDay
2023-11-03,9061.0,432.0,0.0,0,434.69,0.0,1,12.81,8.49,SPY231229P00435000,435.0,0,0.0,0.0,,0.0,normalDay
2023-11-06,9061.0,479.0,0.0,0,435.69,0.0,1,12.81,8.02,SPY231229P00435000,435.0,0,0.0,0.0,,0.0,normalDay
2023-11-07,9061.0,547.0,0.0,0,436.93,0.0,1,12.81,7.34,SPY231229P00435000,435.0,0,0.0,0.0,,0.0,normalDay
2023-11-08,9061.0,576.0,0.0,0,437.25,0.0,1,12.81,7.05,SPY231229P00435000,435.0,0,0.0,0.0,,0.0,normalDay
2023-11-09,9061.0,424.0,0.0,0,433.84,0.0,1,12.81,8.57,SPY231229P00435000,435.0,0,0.0,0.0,,0.0,normalDay
2023-11-10,9061.0,730.0,0.0,0,440.61,0.0,1,12.81,5.51,SPY231229P00435000,435.0,0,0.0,0.0,,0.0,normalDay
2023-11-13,9061.0,718.0,0.0,0,440.19,0.0,1,12.81,5.63,SPY231229P00435000,435.0,0,0.0,0.0,,0.0,normalDay
2023-11-14,9061.0,965.0,0.0,0,448.73,0.0,1,12.81,3.16,SPY231229P00435000,435.0,0,0.0,0.0,,0.0,normalDay
2023-11-15,9061.0,978.0,0.0,0,449.68,0.0,1,12.81,3.03,SPY231229P00435000,435.0,0,0.0,0.0,,0.0,normalDay
2023-11-16,9061.0,1007.0,0.0,0,450.23,0.0,1,12.81,2.74,SPY231229P00435000,435.0,0,0.0,0.0,,0.0,normalDay
2023-11-17,9061.0,1029.0,0.0,0,450.79,0.0,1,12.81,2.52,SPY231229P00435000,435.0,0,0.0,0.0,,0.0,normalDay
2023-11-20,9061.0,1097.0,0.0,0,454.26,0.0,1,12.81,1.84,SPY231229P00435000,435.0,0,0.0,0.0,,0.0,normalDay
2023-11-21,9061.0,1091.0,0.0,0,453.27,0.0,1,12.81,1.9,SPY231229P00435000,435.0,0,0.0,0.0,,0.0,normalDay
2023-11-22,9061.0,1123.0,0.0,0,455.02,0.0,1,12.81,1.58,SPY231229P00435000,435.0,0,0.0,0.0,,0.0,normalDay
2023-11-24,9061.0,1145.0,0.0,0,455.3,0.0,1,12.81,1.36,SPY231229P00435000,435.0,0,0.0,0.0,,0.0,normalDay
2023-11-27,9061.0,1149.0,0.0,0,454.48,0.0,1,12.81,1.32,SPY231229P00435000,435.0,0,0.0,0.0,,0.0,normalDay
2023-11-28,9061.0,1158.0,0.0,0,454.93,0.0,1,12.81,1.23,SPY231229P00435000,435.0,0,0.0,0.0,,0.0,normalDay
2023-11-29,9061.0,1154.0,0.0,0,454.61,0.0,1,12.81,1.27,SPY231229P00435000,435.0,0,0.0,0.0,,0.0,normalDay
2023-11-30,9061.0,1167.0,0.0,0,456.4,0.0,1,12.81,1.14,SPY231229P00435000,435.0,0,0.0,0.0,,0.0,normalDay
