date,totalCapital,unrializedPnL,rializedPnL,stocksOwned,stocksPriceToday,stocksPriceBoughtAt,putOwned,putOwnedSoldAt,putPriceToday,putOwnedContract,putOwnedStrike,callOwned,callOwnedSoldAt,callPriceToday,callOwnedContract,callOwnedStrike,trackType
2018-11-01,0.0,-6.0,0.0,0,273.51,0.0,1,2.33,2.39,SPY190118P00246000,246.0,0,0.0,0.0,,0.0,normalDay
2018-11-02,0.0,-21.0,0.0,0,271.89,0.0,1,2.33,2.54,SPY190118P00246000,246.0,0,0.0,0.0,,0.0,normalDay
2018-11-05,0.0,7.0,0.0,0,273.39,0.0,1,2.33,2.26,SPY190118P00246000,246.0,0,0.0,0.0,,0.0,normalDay
2018-11-06,0.0,34.0,0.0,0,275.12,0.0,1,2.33,1.99,SPY190118P00246000,246.0,0,0.0,0.0,,0.0,normalDay
2018-11-07,0.0,113.0,0.0,0,281.01,0.0,1,2.33,1.2,SPY190118P00246000,246.0,0,0.0,0.0,,0.0,normalDay
2018-11-08,0.0,113.0,0.0,0,280.5,0.0,1,2.33,1.2,SPY190118P00246000,246.0,0,0.0,0.0,,0.0,normalDay
2018-11-09,0.0,82.0,0.0,0,277.76,0.0,1,2.33,1.51,SPY190118P00246000,246.0,0,0.0,0.0,,0.0,normalDay
2018-11-12,0.0,16.0,0.0,0,272.57,0.0,1,2.33,2.17,SPY190118P00246000,246.0,0,0.0,0.0,,0.0,normalDay
2018-11-13,0.0,12.0,0.0,0,272.06,0.0,1,2.33,2.21,SPY190118P00246000,246.0,0,0.0,0.0,,0.0,normalDay
2018-11-14,0.0,-24.0,0.0,0,270.2,0.0,1,2.33,2.57,SPY190118P00246000,246.0,0,0.0,0.0,,0.0,normalDay
2018-11-15,0.0,31.0,0.0,0,273.02,0.0,1,2.33,2.02,SPY190118P00246000,246.0,0,0.0,0.0,,0.0,normalDay
2018-11-16,0.0,68.0,0.0,0,273.73,0.0,1,2.33,1.65,SPY190118P00246000,246.0,0,0.0,0.0,,0.0,normalDay
2018-11-19,0.0,4.0,0.0,0,269.1,0.0,1,2.33,2.29,SPY190118P00246000,246.0,0,0.0,0.0,,0.0,normalDay
2018-11-20,0.0,-102.0,0.0,0,264.12,0.0,1,2.33,3.35,SPY190118P00246000,246.0,0,0.0,0.0,,0.0,normalDay
2018-11-21,0.0,-49.0,0.0,0,265.02,0.0,1,2.33,2.82,SPY190118P00246000,246.0,0,0.0,0.0,,0.0,normalDay
2018-11-23,0.0,-81.0,0.0,0,263.25,0.0,1,2.33,3.14,SPY190118P00246000,246.0,0,0.0,0.0,,0.0,normalDay
2018-11-26,0.0,47.0,0.0,0,267.5,0.0,1,2.33,1.86,SPY190118P00246000,246.0,0,0.0,0.0,,0.0,normalDay
2018-11-27,0.0,55.0,0.0,0,268.4,0.0,1,2.33,1.78,SPY190118P00246000,246.0,0,0.0,0.0,,0.0,normalDay
2018-11-28,0.0,118.0,0.0,0,274.58,0.0,1,2.33,1.15,SPY190118P00246000,246.0,0,0.0,0.0,,0.0,normalDay
2018-11-29,0.0,108.0,0.0,0,273.98,0.0,1,2.33,1.25,SPY190118P00246000,246.0,0,0.0,0.0,,0.0,normalDay
2018-11-30,0.0,132.0,0.0,0,275.65,0.0,1,2.33,1.01,SPY190118P00246000,246.0,0,0.0,0.0,,0.0,normalDay
2018-12-03,0.0,168.0,0.0,0,279.3,0.0,1,2.33,0.65,SPY190118P00246000,246.0,0,0.0,0.0,,0.0,normalDay
2018-12-04,0.0,71.0,0.0,0,270.25,0.0,1,2.33,1.62,SPY190118P00246000,246.0,0,0.0,0.0,,0.0,normalDay
2018-12-06,0.0,66.0,0.0,0,269.84,0.0,1,2.33,1.67,SPY190118P00246000,246.0,0,0.0,0.0,,0.0,normalDay
2018-12-07,0.0,-46.0,0.0,0,263.57,0.0,1,2.33,2.79,SPY190118P00246000,246.0,0,0.0,0.0,,0.0,normalDay
2018-12-10,0.0,7.0,0.0,0,264.07,0.0,1,2.33,2.26,SPY190118P00246000,246.0,0,0.0,0.0,,0.0,normalDay
2018-12-11,0.0,26.0,0.0,0,264.13,0.0,1,2.33,2.07,SPY190118P00246000,246.0,0,0.0,0.0,,0.0,normalDay
2018-12-12,0.0,47.0,0.0,0,265.46,0.0,1,2.33,1.86,SPY190118P00246000,246.0,0,0.0,0.0,,0.0,normalDay
2018-12-13,0.0,72.0,0.0,0,265.37,0.0,1,2.33,1.61,SPY190118P00246000,246.0,0,0.0,0.0,,0.0,normalDay
2018-12-14,0.0,0.0,0.0,0,260.47,0.0,1,2.33,2.33,SPY190118P00246000,246.0,0,0.0,0.0,,0.0,normalDay
2018-12-17,0.0,-120.0,0.0,0,255.36,0.0,1,2.33,3.53,SPY190118P00246000,246.0,0,0.0,0.0,,0.0,normalDay
2018-12-18,0.0,-156.0,0.0,0,255.08,0.0,1,2.33,3.89,SPY190118P00246000,246.0,0,0.0,0.0,,0.0,normalDay
2018-12-19,0.0,-219.0,0.0,0,251.26,0.0,1,2.33,4.52,SPY190118P00246000,246.0,0,0.0,0.0,,0.0,normalDay
2018-12-20,0.0,-406.0,0.0,0,247.17,0.0,1,2.33,6.39,SPY190118P00246000,246.0,0,0.0,0.0,,0.0,normalDay
2018-12-21,0.0,-749.0,0.0,0,240.7,0.0,1,2.33,9.82,SPY190118P00246000,246.0,0,0.0,0.0,,0.0,normalDay
2018-12-24,0.0,-1367.0,0.0,0,234.34,0.0,1,2.33,16.0,SPY190118P00246000,246.0,0,0.0,0.0,,0.0,normalDay
2018-12-26,0.0,-422.0,0.0,0,246.18,0.0,1,2.33,6.55,SPY190118P00246000,246.0,0,0.0,0.0,,0.0,normalDay
2018-12-27,0.0,-342.0,0.0,0,248.07,0.0,1,2.33,5.75,SPY190118P00246000,246.0,0,0.0,0.0,,0.0,normalDay
2018-12-28,0.0,-323.0,0.0,0,247.75,0.0,1,2.33,5.56,SPY190118P00246000,246.0,0,0.0,0.0,,0.0,normalDay
2018-12-31,0.0,-145.0,0.0,0,249.92,0.0,1,2.33,3.78,SPY190118P00246000,246.0,0,0.0,0.0,,0.0,normalDay
2019-01-02,0.0,-46.0,0.0,0,250.18,0.0,1,2.33,2.79,SPY190118P00246000,246.0,0,0.0,0.0,,0.0,normalDay
2019-01-03,0.0,-321.0,0.0,0,244.21,0.0,1,2.33,5.54,SPY190118P00246000,246.0,0,0.0,0.0,,0.0,normalDay
2019-01-04,0.0,57.0,0.0,0,252.39,0.0,1,2.33,1.76,SPY190118P00246000,246.0,0,0.0,0.0,,0.0,normalDay
2019-01-07,0.0,112.0,0.0,0,254.38,0.0,1,2.33,1.21,SPY190118P00246000,246.0,0,0.0,0.0,,0.0,normalDay
2019-01-08,0.0,161.0,0.0,0,256.77,0.0,1,2.33,0.72,SPY190118P00246000,246.0,0,0.0,0.0,,0.0,normalDay
2019-01-09,0.0,187.0,0.0,0,257.97,0.0,1,2.33,0.46,SPY190118P00246000,246.0,0,0.0,0.0,,0.0,normalDay
2019-01-10,0.0,207.0,0.0,0,258.88,0.0,1,2.33,0.26,SPY190118P00246000,246.0,0,0.0,0.0,,0.0,normalDay
2019-01-11,0.0,222.0,0.0,0,258.98,0.0,1,2.33,0.11,SPY190118P00246000,246.0,0,0.0,0.0,,0.0,normalDay
2019-01-14,0.0,222.0,0.0,0,257.4,0.0,1,2.33,0.11,SPY190118P00246000,246.0,0,0.0,0.0,,0.0,normalDay
2019-01-15,0.0,229.0,0.0,0,260.35,0.0,1,2.33,0.04,SPY190118P00246000,246.0,0,0.0,0.0,,0.0,normalDay
2019-01-16,0.0,231.0,0.0,0,260.98,0.0,1,2.33,0.02,SPY190118P00246000,246.0,0,0.0,0.0,,0.0,normalDay
2019-01-17,0.0,232.0,0.0,0,262.96,0.0,1,2.33,0.01,SPY190118P00246000,246.0,0,0.0,0.0,,0.0,normalDay
2019-01-18,233.0,0.0,233.0,0,266.46,0.0,1,2.33,0.0,SPY190118P00246000,246.0,0,0.0,0.0,,0.0,expirationDay
2019-01-22,233.0,-5.0,0.0,0,262.86,0.0,1,1.28,1.33,SPY190418P00220000,220.0,0,0.0,0.0,,0.0,normalDay
2019-01-23,233.0,5.0,0.0,0,263.41,0.0,1,1.28,1.23,SPY190418P00220000,220.0,0,0.0,0.0,,0.0,normalDay
2019-01-24,233.0,13.0,0.0,0,263.55,0.0,1,1.28,1.15,SPY190418P00220000,220.0,0,0.0,0.0,,0.0,normalDay
2019-01-25,233.0,41.0,0.0,0,265.78,0.0,1,1.28,0.87,SPY190418P00220000,220.0,0,0.0,0.0,,0.0,normalDay
2019-01-28,233.0,28.0,0.0,0,263.76,0.0,1,1.28,1.0,SPY190418P00220000,220.0,0,0.0,0.0,,0.0,normalDay
2019-01-29,233.0,27.0,0.0,0,263.41,0.0,1,1.28,1.01,SPY190418P00220000,220.0,0,0.0,0.0,,0.0,normalDay
2019-01-30,233.0,56.0,0.0,0,267.58,0.0,1,1.28,0.72,SPY190418P00220000,220.0,0,0.0,0.0,,0.0,normalDay
2019-01-31,233.0,71.0,0.0,0,269.93,0.0,1,1.28,0.57,SPY190418P00220000,220.0,0,0.0,0.0,,0.0,normalDay
2019-02-01,233.0,75.0,0.0,0,270.06,0.0,1,1.28,0.53,SPY190418P00220000,220.0,0,0.0,0.0,,0.0,normalDay
2019-02-04,233.0,84.0,0.0,0,271.96,0.0,1,1.28,0.44,SPY190418P00220000,220.0,0,0.0,0.0,,0.0,normalDay
2019-02-05,233.0,85.0,0.0,0,273.1,0.0,1,1.28,0.43,SPY190418P00220000,220.0,0,0.0,0.0,,0.0,normalDay
2019-02-06,233.0,86.0,0.0,0,272.74,0.0,1,1.28,0.42,SPY190418P00220000,220.0,0,0.0,0.0,,0.0,normalDay
2019-02-07,233.0,80.0,0.0,0,270.14,0.0,1,1.28,0.48,SPY190418P00220000,220.0,0,0.0,0.0,,0.0,normalDay
2019-02-08,233.0,84.0,0.0,0,270.47,0.0,1,1.28,0.44,SPY190418P00220000,220.0,0,0.0,0.0,,0.0,normalDay
2019-02-11,233.0,89.0,0.0,0,270.62,0.0,1,1.28,0.39,SPY190418P00220000,220.0,0,0.0,0.0,,0.0,normalDay
2019-02-12,233.0,95.0,0.0,0,274.1,0.0,1,1.28,0.33,SPY190418P00220000,220.0,0,0.0,0.0,,0.0,normalDay
2019-02-13,233.0,96.0,0.0,0,274.99,0.0,1,1.28,0.32,SPY190418P00220000,220.0,0,0.0,0.0,,0.0,normalDay
2019-02-14,233.0,93.0,0.0,0,274.38,0.0,1,1.28,0.35,SPY190418P00220000,220.0,0,0.0,0.0,,0.0,normalDay
2019-02-15,233.0,100.0,0.0,0,277.37,0.0,1,1.28,0.28,SPY190418P00220000,220.0,0,0.0,0.0,,0.0,normalDay
2019-02-19,233.0,103.0,0.0,0,277.85,0.0,1,1.28,0.25,SPY190418P00220000,220.0,0,0.0,0.0,,0.0,normalDay
2019-02-20,233.0,108.0,0.0,0,278.41,0.0,1,1.28,0.2,SPY190418P00220000,220.0,0,0.0,0.0,,0.0,normalDay
2019-02-21,233.0,107.0,0.0,0,277.42,0.0,1,1.28,0.21,SPY190418P00220000,220.0,0,0.0,0.0,,0.0,normalDay
2019-02-22,233.0,110.0,0.0,0,279.14,0.0,1,1.28,0.18,SPY190418P00220000,220.0,0,0.0,0.0,,0.0,normalDay
2019-02-25,233.0,107.0,0.0,0,279.52,0.0,1,1.28,0.21,SPY190418P00220000,220.0,0,0.0,0.0,,0.0,normalDay
2019-02-26,233.0,108.0,0.0,0,279.32,0.0,1,1.28,0.2,SPY190418P00220000,220.0,0,0.0,0.0,,0.0,normalDay
2019-02-27,233.0,109.0,0.0,0,279.2,0.0,1,1.28,0.19,SPY190418P00220000,220.0,0,0.0,0.0,,0.0,normalDay
2019-02-28,233.0,108.0,0.0,0,278.68,0.0,1,1.28,0.2,SPY190418P00220000,220.0,0,0.0,0.0,,0.0,normalDay
2019-03-01,233.0,113.0,0.0,0,280.42,0.0,1,1.28,0.15,SPY190418P00220000,220.0,0,0.0,0.0,,0.0,normalDay
2019-03-04,233.0,113.0,0.0,0,279.4,0.0,1,1.28,0.15,SPY190418P00220000,220.0,0,0.0,0.0,,0.0,normalDay
2019-03-05,233.0,111.0,0.0,0,279.02,0.0,1,1.28,0.17,SPY190418P00220000,220.0,0,0.0,0.0,,0.0,normalDay
2019-03-06,233.0,110.0,0.0,0,277.33,0.0,1,1.28,0.18,SPY190418P00220000,220.0,0,0.0,0.0,,0.0,normalDay
2019-03-07,233.0,108.0,0.0,0,275.01,0.0,1,1.28,0.2,SPY190418P00220000,220.0,0,0.0,0.0,,0.0,normalDay
2019-03-08,233.0,110.0,0.0,0,274.46,0.0,1,1.28,0.18,SPY190418P00220000,220.0,0,0.0,0.0,,0.0,normalDay
2019-03-11,233.0,117.0,0.0,0,278.44,0.0,1,1.28,0.11,SPY190418P00220000,220.0,0,0.0,0.0,,0.0,normalDay
2019-03-12,233.0,118.0,0.0,0,279.49,0.0,1,1.28,0.1,SPY190418P00220000,220.0,0,0.0,0.0,,0.0,normalDay
2019-03-13,233.0,119.0,0.0,0,281.34,0.0,1,1.28,0.09,SPY190418P00220000,220.0,0,0.0,0.0,,0.0,normalDay
2019-03-14,233.0,120.0,0.0,0,281.16,0.0,1,1.28,0.08,SPY190418P00220000,220.0,0,0.0,0.0,,0.0,normalDay
2019-03-15,233.0,121.0,0.0,0,281.31,0.0,1,1.28,0.07,SPY190418P00220000,220.0,0,0.0,0.0,,0.0,normalDay
2019-03-18,233.0,122.0,0.0,0,282.33,0.0,1,1.28,0.06,SPY190418P00220000,220.0,0,0.0,0.0,,0.0,normalDay
2019-03-19,233.0,122.0,0.0,0,282.4,0.0,1,1.28,0.06,SPY190418P00220000,220.0,0,0.0,0.0,,0.0,normalDay
2019-03-20,233.0,123.0,0.0,0,281.55,0.0,1,1.28,0.05,SPY190418P00220000,220.0,0,0.0,0.0,,0.0,normalDay
2019-03-21,233.0,124.0,0.0,0,284.73,0.0,1,1.28,0.04,SPY190418P00220000,220.0,0,0.0,0.0,,0.0,normalDay
2019-03-22,233.0,122.0,0.0,0,279.25,0.0,1,1.28,0.06,SPY190418P00220000,220.0,0,0.0,0.0,,0.0,normalDay
2019-03-25,233.0,124.0,0.0,0,279.04,0.0,1,1.28,0.04,SPY190418P00220000,220.0,0,0.0,0.0,,0.0,normalDay
2019-03-26,233.0,125.0,0.0,0,281.12,0.0,1,1.28,0.03,SPY190418P00220000,220.0,0,0.0,0.0,,0.0,normalDay
2019-03-27,233.0,125.0,0.0,0,279.65,0.0,1,1.28,0.03,SPY190418P00220000,220.0,0,0.0,0.0,,0.0,normalDay
2019-03-28,233.0,125.0,0.0,0,280.71,0.0,1,1.28,0.03,SPY190418P00220000,220.0,0,0.0,0.0,,0.0,normalDay
2019-03-29,233.0,125.0,0.0,0,282.48,0.0,1,1.28,0.03,SPY190418P00220000,220.0,0,0.0,0.0,,0.0,normalDay
2019-04-01,233.0,126.0,0.0,0,285.83,0.0,1,1.28,0.02,SPY190418P00220000,220.0,0,0.0,0.0,,0.0,normalDay
2019-04-02,233.0,126.0,0.0,0,285.97,0.0,1,1.28,0.02,SPY190418P00220000,220.0,0,0.0,0.0,,0.0,normalDay
2019-04-03,233.0,126.0,0.0,0,286.42,0.0,1,1.28,0.02,SPY190418P00220000,220.0,0,0.0,0.0,,0.0,normalDay
2019-04-04,233.0,127.0,0.0,0,287.18,0.0,1,1.28,0.01,SPY190418P00220000,220.0,0,0.0,0.0,,0.0,normalDay
2019-04-05,233.0,127.0,0.0,0,288.57,0.0,1,1.28,0.01,SPY190418P00220000,220.0,0,0.0,0.0,,0.0,normalDay
2019-04-08,233.0,127.0,0.0,0,288.79,0.0,1,1.28,0.01,SPY190418P00220000,220.0,0,0.0,0.0,,0.0,normalDay
2019-04-09,233.0,127.0,0.0,0,287.31,0.0,1,1.28,0.01,SPY190418P00220000,220.0,0,0.0,0.0,,0.0,normalDay
2019-04-10,233.0,127.0,0.0,0,288.29,0.0,1,1.28,0.01,SPY190418P00220000,220.0,0,0.0,0.0,,0.0,normalDay
2019-04-11,233.0,127.0,0.0,0,288.21,0.0,1,1.28,0.01,SPY190418P00220000,220.0,0,0.0,0.0,,0.0,normalDay
2019-04-12,233.0,127.0,0.0,0,290.16,0.0,1,1.28,0.01,SPY190418P00220000,220.0,0,0.0,0.0,,0.0,normalDay
2019-04-15,233.0,127.0,0.0,0,289.97,0.0,1,1.28,0.01,SPY190418P00220000,220.0,0,0.0,0.0,,0.0,normalDay
2019-04-16,233.0,127.0,0.0,0,290.16,0.0,1,1.28,0.01,SPY190418P00220000,220.0,0,0.0,0.0,,0.0,normalDay
2019-04-17,233.0,127.0,0.0,0,289.45,0.0,1,1.28,0.01,SPY190418P00220000,220.0,0,0.0,0.0,,0.0,normalDay
2019-04-18,361.0,0.0,128.0,0,290.02,0.0,1,1.28,0.0,SPY190418P00220000,220.0,0,0.0,0.0,,0.0,expirationDay
2019-04-22,361.0,-4.0,0.0,0,290.27,0.0,1,1.65,1.69,SPY190628P00271000,271.0,0,0.0,0.0,,0.0,normalDay
2019-04-23,361.0,21.0,0.0,0,292.88,0.0,1,1.65,1.44,SPY190628P00271000,271.0,0,0.0,0.0,,0.0,normalDay
2019-04-24,361.0,8.0,0.0,0,292.23,0.0,1,1.65,1.57,SPY190628P00271000,271.0,0,0.0,0.0,,0.0,normalDay
2019-04-25,361.0,2.0,0.0,0,292.05,0.0,1,1.65,1.63,SPY190628P00271000,271.0,0,0.0,0.0,,0.0,normalDay
2019-04-26,361.0,23.0,0.0,0,293.41,0.0,1,1.65,1.42,SPY190628P00271000,271.0,0,0.0,0.0,,0.0,normalDay
2019-04-29,361.0,29.0,0.0,0,293.87,0.0,1,1.65,1.36,SPY190628P00271000,271.0,0,0.0,0.0,,0.0,normalDay
2019-04-30,361.0,32.0,0.0,0,294.02,0.0,1,1.65,1.33,SPY190628P00271000,271.0,0,0.0,0.0,,0.0,normalDay
2019-05-01,361.0,-4.0,0.0,0,291.81,0.0,1,1.65,1.69,SPY190628P00271000,271.0,0,0.0,0.0,,0.0,normalDay
2019-05-02,361.0,-7.0,0.0,0,291.18,0.0,1,1.65,1.72,SPY190628P00271000,271.0,0,0.0,0.0,,0.0,normalDay
2019-05-03,361.0,42.0,0.0,0,294.03,0.0,1,1.65,1.23,SPY190628P00271000,271.0,0,0.0,0.0,,0.0,normalDay
2019-05-06,361.0,5.0,0.0,0,292.82,0.0,1,1.65,1.6,SPY190628P00271000,271.0,0,0.0,0.0,,0.0,normalDay
2019-05-07,361.0,-129.0,0.0,0,287.93,0.0,1,1.65,2.94,SPY190628P00271000,271.0,0,0.0,0.0,,0.0,normalDay
2019-05-08,361.0,-127.0,0.0,0,287.53,0.0,1,1.65,2.92,SPY190628P00271000,271.0,0,0.0,0.0,,0.0,normalDay
2019-05-09,361.0,-125.0,0.0,0,286.66,0.0,1,1.65,2.9,SPY190628P00271000,271.0,0,0.0,0.0,,0.0,normalDay
2019-05-10,361.0,-50.0,0.0,0,288.1,0.0,1,1.65,2.15,SPY190628P00271000,271.0,0,0.0,0.0,,0.0,normalDay
2019-05-13,361.0,-259.0,0.0,0,280.86,0.0,1,1.65,4.24,SPY190628P00271000,271.0,0,0.0,0.0,,0.0,normalDay
2019-05-14,361.0,-151.0,0.0,0,283.4,0.0,1,1.65,3.16,SPY190628P00271000,271.0,0,0.0,0.0,,0.0,normalDay
2019-05-15,361.0,-73.0,0.0,0,285.06,0.0,1,1.65,2.38,SPY190628P00271000,271.0,0,0.0,0.0,,0.0,normalDay
2019-05-16,361.0,-11.0,0.0,0,287.7,0.0,1,1.65,1.76,SPY190628P00271000,271.0,0,0.0,0.0,,0.0,normalDay
2019-05-17,361.0,-44.0,0.0,0,285.84,0.0,1,1.65,2.09,SPY190628P00271000,271.0,0,0.0,0.0,,0.0,normalDay
2019-05-20,361.0,-62.0,0.0,0,283.95,0.0,1,1.65,2.27,SPY190628P00271000,271.0,0,0.0,0.0,,0.0,normalDay
2019-05-21,361.0,6.0,0.0,0,286.51,0.0,1,1.65,1.59,SPY190628P00271000,271.0,0,0.0,0.0,,0.0,normalDay
2019-05-22,361.0,0.0,0.0,0,285.63,0.0,1,1.65,1.65,SPY190628P00271000,271.0,0,0.0,0.0,,0.0,normalDay
2019-05-23,361.0,-94.0,0.0,0,282.14,0.0,1,1.65,2.59,SPY190628P00271000,271.0,0,0.0,0.0,,0.0,normalDay
2019-05-24,361.0,-51.0,0.0,0,282.78,0.0,1,1.65,2.16,SPY190628P00271000,271.0,0,0.0,0.0,,0.0,normalDay
2019-05-28,361.0,-100.0,0.0,0,280.15,0.0,1,1.65,2.65,SPY190628P00271000,271.0,0,0.0,0.0,,0.0,normalDay
2019-05-29,361.0,-147.0,0.0,0,278.27,0.0,1,1.65,3.12,SPY190628P00271000,271.0,0,0.0,0.0,,0.0,normalDay
2019-05-30,361.0,-108.0,0.0,0,279.03,0.0,1,1.65,2.73,SPY190628P00271000,271.0,0,0.0,0.0,,0.0,normalDay
2019-05-31,361.0,-239.0,0.0,0,275.27,0.0,1,1.65,4.04,SPY190628P00271000,271.0,0,0.0,0.0,,0.0,normalDay
2019-06-03,361.0,-228.0,0.0,0,274.57,0.0,1,1.65,3.93,SPY190628P00271000,271.0,0,0.0,0.0,,0.0,normalDay
2019-06-04,361.0,-28.0,0.0,0,280.53,0.0,1,1.65,1.93,SPY190628P00271000,271.0,0,0.0,0.0,,0.0,normalDay
2019-06-05,361.0,42.0,0.0,0,282.96,0.0,1,1.65,1.23,SPY190628P00271000,271.0,0,0.0,0.0,,0.0,normalDay
2019-06-06,361.0,68.0,0.0,0,284.8,0.0,1,1.65,0.97,SPY190628P00271000,271.0,0,0.0,0.0,,0.0,normalDay
2019-06-07,361.0,88.0,0.0,0,287.65,0.0,1,1.65,0.77,SPY190628P00271000,271.0,0,0.0,0.0,,0.0,normalDay
2019-06-10,361.0,113.0,0.0,0,288.97,0.0,1,1.65,0.52,SPY190628P00271000,271.0,0,0.0,0.0,,0.0,normalDay
2019-06-11,361.0,116.0,0.0,0,288.9,0.0,1,1.65,0.49,SPY190628P00271000,271.0,0,0.0,0.0,,0.0,normalDay
2019-06-12,361.0,118.0,0.0,0,288.39,0.0,1,1.65,0.47,SPY190628P00271000,271.0,0,0.0,0.0,,0.0,normalDay
2019-06-13,361.0,130.0,0.0,0,289.58,0.0,1,1.65,0.35,SPY190628P00271000,271.0,0,0.0,0.0,,0.0,normalDay
2019-06-14,361.0,140.0,0.0,0,289.26,0.0,1,1.65,0.25,SPY190628P00271000,271.0,0,0.0,0.0,,0.0,normalDay
2019-06-17,361.0,144.0,0.0,0,289.37,0.0,1,1.65,0.21,SPY190628P00271000,271.0,0,0.0,0.0,,0.0,normalDay
2019-06-18,361.0,153.0,0.0,0,292.4,0.0,1,1.65,0.12,SPY190628P00271000,271.0,0,0.0,0.0,,0.0,normalDay
2019-06-19,361.0,157.0,0.0,0,293.06,0.0,1,1.65,0.08,SPY190628P00271000,271.0,0,0.0,0.0,,0.0,normalDay
2019-06-20,361.0,157.0,0.0,0,295.86,0.0,1,1.65,0.08,SPY190628P00271000,271.0,0,0.0,0.0,,0.0,normalDay
2019-06-21,361.0,159.0,0.0,0,294.0,0.0,1,1.65,0.06,SPY190628P00271000,271.0,0,0.0,0.0,,0.0,normalDay
2019-06-24,361.0,162.0,0.0,0,293.64,0.0,1,1.65,0.03,SPY190628P00271000,271.0,0,0.0,0.0,,0.0,normalDay
2019-06-25,361.0,162.0,0.0,0,290.76,0.0,1,1.65,0.03,SPY190628P00271000,271.0,0,0.0,0.0,,0.0,normalDay
2019-06-26,361.0,163.0,0.0,0,290.47,0.0,1,1.65,0.02,SPY190628P00271000,271.0,0,0.0,0.0,,0.0,normalDay
2019-06-27,361.0,164.0,0.0,0,291.5,0.0,1,1.65,0.01,SPY190628P00271000,271.0,0,0.0,0.0,,0.0,normalDay
2019-06-28,526.0,0.0,165.0,0,293.0,0.0,1,1.65,0.0,SPY190628P00271000,271.0,0,0.0,0.0,,0.0,expirationDay
2019-07-01,526.0,-4.0,0.0,0,295.66,0.0,1,2.28,2.32,SPY190920P00274000,274.0,0,0.0,0.0,,0.0,normalDay
2019-07-02,526.0,29.0,0.0,0,296.43,0.0,1,2.28,1.99,SPY190920P00274000,274.0,0,0.0,0.0,,0.0,normalDay
2019-07-03,526.0,61.0,0.0,0,298.8,0.0,1,2.28,1.67,SPY190920P00274000,274.0,0,0.0,0.0,,0.0,normalDay
2019-07-05,526.0,51.0,0.0,0,298.46,0.0,1,2.28,1.77,SPY190920P00274000,274.0,0,0.0,0.0,,0.0,normalDay
2019-07-08,526.0,37.0,0.0,0,296.82,0.0,1,2.28,1.91,SPY190920P00274000,274.0,0,0.0,0.0,,0.0,normalDay
2019-07-09,526.0,34.0,0.0,0,297.19,0.0,1,2.28,1.94,SPY190920P00274000,274.0,0,0.0,0.0,,0.0,normalDay
2019-07-10,526.0,65.0,0.0,0,298.61,0.0,1,2.28,1.63,SPY190920P00274000,274.0,0,0.0,0.0,,0.0,normalDay
2019-07-11,526.0,75.0,0.0,0,299.31,0.0,1,2.28,1.53,SPY190920P00274000,274.0,0,0.0,0.0,,0.0,normalDay
2019-07-12,526.0,94.0,0.0,0,300.65,0.0,1,2.28,1.34,SPY190920P00274000,274.0,0,0.0,0.0,,0.0,normalDay
2019-07-15,526.0,96.0,0.0,0,300.75,0.0,1,2.28,1.32,SPY190920P00274000,274.0,0,0.0,0.0,,0.0,normalDay
2019-07-16,526.0,88.0,0.0,0,299.78,0.0,1,2.28,1.4,SPY190920P00274000,274.0,0,0.0,0.0,,0.0,normalDay
2019-07-17,526.0,61.0,0.0,0,297.74,0.0,1,2.28,1.67,SPY190920P00274000,274.0,0,0.0,0.0,,0.0,normalDay
2019-07-18,526.0,80.0,0.0,0,298.83,0.0,1,2.28,1.48,SPY190920P00274000,274.0,0,0.0,0.0,,0.0,normalDay
2019-07-19,526.0,62.0,0.0,0,297.17,0.0,1,2.28,1.66,SPY190920P00274000,274.0,0,0.0,0.0,,0.0,normalDay
2019-07-22,526.0,88.0,0.0,0,297.9,0.0,1,2.28,1.4,SPY190920P00274000,274.0,0,0.0,0.0,,0.0,normalDay
2019-07-23,526.0,117.0,0.0,0,300.03,0.0,1,2.28,1.11,SPY190920P00274000,274.0,0,0.0,0.0,,0.0,normalDay
2019-07-24,526.0,134.0,0.0,0,301.44,0.0,1,2.28,0.94,SPY190920P00274000,274.0,0,0.0,0.0,,0.0,normalDay
2019-07-25,526.0,119.0,0.0,0,300.0,0.0,1,2.28,1.09,SPY190920P00274000,274.0,0,0.0,0.0,,0.0,normalDay
2019-07-26,526.0,139.0,0.0,0,302.01,0.0,1,2.28,0.89,SPY190920P00274000,274.0,0,0.0,0.0,,0.0,normalDay
2019-07-29,526.0,138.0,0.0,0,301.46,0.0,1,2.28,0.9,SPY190920P00274000,274.0,0,0.0,0.0,,0.0,normalDay
2019-07-30,526.0,121.0,0.0,0,300.72,0.0,1,2.28,1.07,SPY190920P00274000,274.0,0,0.0,0.0,,0.0,normalDay
2019-07-31,526.0,76.0,0.0,0,297.43,0.0,1,2.28,1.52,SPY190920P00274000,274.0,0,0.0,0.0,,0.0,normalDay
2019-08-01,526.0,18.0,0.0,0,294.84,0.0,1,2.28,2.1,SPY190920P00274000,274.0,0,0.0,0.0,,0.0,normalDay
2019-08-02,526.0,-13.0,0.0,0,292.62,0.0,1,2.28,2.41,SPY190920P00274000,274.0,0,0.0,0.0,,0.0,normalDay
2019-08-05,526.0,-331.0,0.0,0,283.82,0.0,1,2.28,5.59,SPY190920P00274000,274.0,0,0.0,0.0,,0.0,normalDay
2019-08-06,526.0,-128.0,0.0,0,287.8,0.0,1,2.28,3.56,SPY190920P00274000,274.0,0,0.0,0.0,,0.0,normalDay
2019-08-07,526.0,-116.0,0.0,0,287.97,0.0,1,2.28,3.44,SPY190920P00274000,274.0,0,0.0,0.0,,0.0,normalDay
2019-08-08,526.0,27.0,0.0,0,293.62,0.0,1,2.28,2.01,SPY190920P00274000,274.0,0,0.0,0.0,,0.0,normalDay
2019-08-09,526.0,-10.0,0.0,0,291.62,0.0,1,2.28,2.38,SPY190920P00274000,274.0,0,0.0,0.0,,0.0,normalDay
2019-08-12,526.0,-125.0,0.0,0,288.07,0.0,1,2.28,3.53,SPY190920P00274000,274.0,0,0.0,0.0,,0.0,normalDay
2019-08-13,526.0,24.0,0.0,0,292.55,0.0,1,2.28,2.04,SPY190920P00274000,274.0,0,0.0,0.0,,0.0,normalDay
2019-08-14,526.0,-214.0,0.0,0,283.9,0.0,1,2.28,4.42,SPY190920P00274000,274.0,0,0.0,0.0,,0.0,normalDay
2019-08-15,526.0,-168.0,0.0,0,284.65,0.0,1,2.28,3.96,SPY190920P00274000,274.0,0,0.0,0.0,,0.0,normalDay
2019-08-16,526.0,-19.0,0.0,0,288.85,0.0,1,2.28,2.47,SPY190920P00274000,274.0,0,0.0,0.0,,0.0,normalDay
2019-08-19,526.0,80.0,0.0,0,292.33,0.0,1,2.28,1.48,SPY190920P00274000,274.0,0,0.0,0.0,,0.0,normalDay
2019-08-20,526.0,45.0,0.0,0,290.09,0.0,1,2.28,1.83,SPY190920P00274000,274.0,0,0.0,0.0,,0.0,normalDay
2019-08-21,526.0,117.0,0.0,0,292.45,0.0,1,2.28,1.11,SPY190920P00274000,274.0,0,0.0,0.0,,0.0,normalDay
2019-08-22,526.0,102.0,0.0,0,292.36,0.0,1,2.28,1.26,SPY190920P00274000,274.0,0,0.0,0.0,,0.0,normalDay
2019-08-23,526.0,-41.0,0.0,0,284.85,0.0,1,2.28,2.69,SPY190920P00274000,274.0,0,0.0,0.0,,0.0,normalDay
2019-08-26,526.0,33.0,0.0,0,288.0,0.0,1,2.28,1.95,SPY190920P00274000,274.0,0,0.0,0.0,,0.0,normalDay
2019-08-27,526.0,1.0,0.0,0,286.87,0.0,1,2.28,2.27,SPY190920P00274000,274.0,0,0.0,0.0,,0.0,normalDay
2019-08-28,526.0,59.0,0.0,0,288.89,0.0,1,2.28,1.69,SPY190920P00274000,274.0,0,0.0,0.0,,0.0,normalDay
2019-08-29,526.0,119.0,0.0,0,292.58,0.0,1,2.28,1.09,SPY190920P00274000,274.0,0,0.0,0.0,,0.0,normalDay
2019-08-30,526.0,114.0,0.0,0,292.45,0.0,1,2.28,1.14,SPY190920P00274000,274.0,0,0.0,0.0,,0.0,normalDay
2019-09-03,526.0,115.0,0.0,0,290.74,0.0,1,2.28,1.13,SPY190920P00274000,274.0,0,0.0,0.0,,0.0,normalDay
2019-09-04,526.0,176.0,0.0,0,294.04,0.0,1,2.28,0.52,SPY190920P00274000,274.0,0,0.0,0.0,,0.0,normalDay
2019-09-05,526.0,198.0,0.0,0,297.82,0.0,1,2.28,0.3,SPY190920P00274000,274.0,0,0.0,0.0,,0.0,normalDay
2019-09-06,526.0,211.0,0.0,0,298.05,0.0,1,2.28,0.17,SPY190920P00274000,274.0,0,0.0,0.0,,0.0,normalDay
2019-09-09,526.0,214.0,0.0,0,298.2,0.0,1,2.28,0.14,SPY190920P00274000,274.0,0,0.0,0.0,,0.0,normalDay
2019-09-10,526.0,216.0,0.0,0,298.13,0.0,1,2.28,0.12,SPY190920P00274000,274.0,0,0.0,0.0,,0.0,normalDay
2019-09-11,526.0,220.0,0.0,0,300.25,0.0,1,2.28,0.08,SPY190920P00274000,274.0,0,0.0,0.0,,0.0,normalDay
2019-09-12,526.0,221.0,0.0,0,301.29,0.0,1,2.28,0.07,SPY190920P00274000,274.0,0,0.0,0.0,,0.0,normalDay
2019-09-13,526.0,222.0,0.0,0,301.09,0.0,1,2.28,0.06,SPY190920P00274000,274.0,0,0.0,0.0,,0.0,normalDay
2019-09-16,526.0,223.0,0.0,0,300.16,0.0,1,2.28,0.05,SPY190920P00274000,274.0,0,0.0,0.0,,0.0,normalDay
2019-09-17,526.0,224.0,0.0,0,300.92,0.0,1,2.28,0.04,SPY190920P00274000,274.0,0,0.0,0.0,,0.0,normalDay
2019-09-18,526.0,225.0,0.0,0,301.1,0.0,1,2.28,0.03,SPY190920P00274000,274.0,0,0.0,0.0,,0.0,normalDay
2019-09-19,526.0,226.0,0.0,0,301.08,0.0,1,2.28,0.02,SPY190920P00274000,274.0,0,0.0,0.0,,0.0,normalDay
2019-09-20,754.0,0.0,228.0,0,298.28,0.0,1,2.28,0.0,SPY190920P00274000,274.0,0,0.0,0.0,,0.0,expirationDay
2019-09-23,754.0,-3.0,0.0,0,298.21,0.0,1,1.76,1.79,SPY191115P00277000,277.0,0,0.0,0.0,,0.0,normalDay
2019-09-24,754.0,-57.0,0.0,0,295.87,0.0,1,1.76,2.33,SPY191115P00277000,277.0,0,0.0,0.0,,0.0,normalDay
2019-09-25,754.0,-22.0,0.0,0,297.62,0.0,1,1.76,1.98,SPY191115P00277000,277.0,0,0.0,0.0,,0.0,normalDay
2019-09-26,754.0,-20.0,0.0,0,297.0,0.0,1,1.76,1.96,SPY191115P00277000,277.0,0,0.0,0.0,,0.0,normalDay
2019-09-27,754.0,-57.0,0.0,0,295.4,0.0,1,1.76,2.33,SPY191115P00277000,277.0,0,0.0,0.0,,0.0,normalDay
2019-09-30,754.0,-8.0,0.0,0,296.77,0.0,1,1.76,1.84,SPY191115P00277000,277.0,0,0.0,0.0,,0.0,normalDay
2019-10-01,754.0,-89.0,0.0,0,293.24,0.0,1,1.76,2.65,SPY191115P00277000,277.0,0,0.0,0.0,,0.0,normalDay
2019-10-02,754.0,-241.0,0.0,0,288.06,0.0,1,1.76,4.17,SPY191115P00277000,277.0,0,0.0,0.0,,0.0,normalDay
2019-10-03,754.0,-147.0,0.0,0,290.42,0.0,1,1.76,3.23,SPY191115P00277000,277.0,0,0.0,0.0,,0.0,normalDay
2019-10-04,754.0,-35.0,0.0,0,294.35,0.0,1,1.76,2.11,SPY191115P00277000,277.0,0,0.0,0.0,,0.0,normalDay
2019-10-07,754.0,-54.0,0.0,0,293.08,0.0,1,1.76,2.3,SPY191115P00277000,277.0,0,0.0,0.0,,0.0,normalDay
2019-10-08,754.0,-176.0,0.0,0,288.53,0.0,1,1.76,3.52,SPY191115P00277000,277.0,0,0.0,0.0,,0.0,normalDay
2019-10-09,754.0,-80.0,0.0,0,291.27,0.0,1,1.76,2.56,SPY191115P00277000,277.0,0,0.0,0.0,,0.0,normalDay
2019-10-10,754.0,-16.0,0.0,0,293.24,0.0,1,1.76,1.92,SPY191115P00277000,277.0,0,0.0,0.0,,0.0,normalDay
2019-10-11,754.0,64.0,0.0,0,296.28,0.0,1,1.76,1.12,SPY191115P00277000,277.0,0,0.0,0.0,,0.0,normalDay
2019-10-14,754.0,85.0,0.0,0,295.95,0.0,1,1.76,0.91,SPY191115P00277000,277.0,0,0.0,0.0,,0.0,normalDay
2019-10-15,754.0,121.0,0.0,0,298.88,0.0,1,1.76,0.55,SPY191115P00277000,277.0,0,0.0,0.0,,0.0,normalDay
2019-10-16,754.0,121.0,0.0,0,298.4,0.0,1,1.76,0.55,SPY191115P00277000,277.0,0,0.0,0.0,,0.0,normalDay
2019-10-17,754.0,126.0,0.0,0,299.28,0.0,1,1.76,0.5,SPY191115P00277000,277.0,0,0.0,0.0,,0.0,normalDay
2019-10-18,754.0,121.0,0.0,0,297.97,0.0,1,1.76,0.55,SPY191115P00277000,277.0,0,0.0,0.0,,0.0,normalDay
2019-10-21,754.0,140.0,0.0,0,299.99,0.0,1,1.76,0.36,SPY191115P00277000,277.0,0,0.0,0.0,,0.0,normalDay
2019-10-22,754.0,136.0,0.0,0,299.01,0.0,1,1.76,0.4,SPY191115P00277000,277.0,0,0.0,0.0,,0.0,normalDay
2019-10-23,754.0,145.0,0.0,0,299.88,0.0,1,1.76,0.31,SPY191115P00277000,277.0,0,0.0,0.0,,0.0,normalDay
2019-10-24,754.0,151.0,0.0,0,300.37,0.0,1,1.76,0.25,SPY191115P00277000,277.0,0,0.0,0.0,,0.0,normalDay
2019-10-25,754.0,159.0,0.0,0,301.6,0.0,1,1.76,0.17,SPY191115P00277000,277.0,0,0.0,0.0,,0.0,normalDay
2019-10-28,754.0,162.0,0.0,0,303.3,0.0,1,1.76,0.14,SPY191115P00277000,277.0,0,0.0,0.0,,0.0,normalDay
2019-10-29,754.0,163.0,0.0,0,303.21,0.0,1,1.76,0.13,SPY191115P00277000,277.0,0,0.0,0.0,,0.0,normalDay
2019-10-30,754.0,166.0,0.0,0,304.14,0.0,1,1.76,0.1,SPY191115P00277000,277.0,0,0.0,0.0,,0.0,normalDay
2019-10-31,754.0,163.0,0.0,0,303.33,0.0,1,1.76,0.13,SPY191115P00277000,277.0,0,0.0,0.0,,0.0,normalDay
2019-11-01,754.0,170.0,0.0,0,306.14,0.0,1,1.76,0.06,SPY191115P00277000,277.0,0,0.0,0.0,,0.0,normalDay
2019-11-04,754.0,170.0,0.0,0,307.37,0.0,1,1.76,0.06,SPY191115P00277000,277.0,0,0.0,0.0,,0.0,normalDay
2019-11-05,754.0,172.0,0.0,0,307.03,0.0,1,1.76,0.04,SPY191115P00277000,277.0,0,0.0,0.0,,0.0,normalDay
2019-11-06,754.0,173.0,0.0,0,307.1,0.0,1,1.76,0.03,SPY191115P00277000,277.0,0,0.0,0.0,,0.0,normalDay
2019-11-07,754.0,174.0,0.0,0,308.18,0.0,1,1.76,0.02,SPY191115P00277000,277.0,0,0.0,0.0,,0.0,normalDay
2019-11-08,754.0,174.0,0.0,0,308.94,0.0,1,1.76,0.02,SPY191115P00277000,277.0,0,0.0,0.0,,0.0,normalDay
2019-11-11,754.0,175.0,0.0,0,308.35,0.0,1,1.76,0.01,SPY191115P00277000,277.0,0,0.0,0.0,,0.0,normalDay
2019-11-12,754.0,175.0,0.0,0,309.0,0.0,1,1.76,0.01,SPY191115P00277000,277.0,0,0.0,0.0,,0.0,normalDay
2019-11-13,754.0,175.0,0.0,0,309.1,0.0,1,1.76,0.01,SPY191115P00277000,277.0,0,0.0,0.0,,0.0,normalDay
2019-11-14,754.0,175.0,0.0,0,309.55,0.0,1,1.76,0.01,SPY191115P00277000,277.0,0,0.0,0.0,,0.0,normalDay
2019-11-15,930.0,0.0,176.0,0,311.79,0.0,1,1.76,0.0,SPY191115P00277000,277.0,0,0.0,0.0,,0.0,expirationDay
2019-11-18,930.0,-4.0,0.0,0,312.02,0.0,1,1.66,1.7,SPY200117P00290000,290.0,0,0.0,0.0,,0.0,normalDay
2019-11-19,930.0,-13.0,0.0,0,311.93,0.0,1,1.66,1.79,SPY200117P00290000,290.0,0,0.0,0.0,,0.0,normalDay
2019-11-20,930.0,-27.0,0.0,0,310.77,0.0,1,1.66,1.93,SPY200117P00290000,290.0,0,0.0,0.0,,0.0,normalDay
2019-11-21,930.0,-32.0,0.0,0,310.27,0.0,1,1.66,1.98,SPY200117P00290000,290.0,0,0.0,0.0,,0.0,normalDay
2019-11-22,930.0,-7.0,0.0,0,310.96,0.0,1,1.66,1.73,SPY200117P00290000,290.0,0,0.0,0.0,,0.0,normalDay
2019-11-25,930.0,37.0,0.0,0,313.37,0.0,1,1.66,1.29,SPY200117P00290000,290.0,0,0.0,0.0,,0.0,normalDay
2019-11-26,930.0,50.0,0.0,0,314.08,0.0,1,1.66,1.16,SPY200117P00290000,290.0,0,0.0,0.0,,0.0,normalDay
2019-11-27,930.0,61.0,0.0,0,315.48,0.0,1,1.66,1.05,SPY200117P00290000,290.0,0,0.0,0.0,,0.0,normalDay
2019-11-29,930.0,45.0,0.0,0,314.31,0.0,1,1.66,1.21,SPY200117P00290000,290.0,0,0.0,0.0,,0.0,normalDay
2019-12-02,930.0,-4.0,0.0,0,311.64,0.0,1,1.66,1.7,SPY200117P00290000,290.0,0,0.0,0.0,,0.0,normalDay
2019-12-03,930.0,-47.0,0.0,0,309.55,0.0,1,1.66,2.13,SPY200117P00290000,290.0,0,0.0,0.0,,0.0,normalDay
2019-12-04,930.0,-5.0,0.0,0,311.46,0.0,1,1.66,1.71,SPY200117P00290000,290.0,0,0.0,0.0,,0.0,normalDay
2019-12-05,930.0,18.0,0.0,0,312.02,0.0,1,1.66,1.48,SPY200117P00290000,290.0,0,0.0,0.0,,0.0,normalDay
2019-12-06,930.0,56.0,0.0,0,314.87,0.0,1,1.66,1.1,SPY200117P00290000,290.0,0,0.0,0.0,,0.0,normalDay
2019-12-09,930.0,30.0,0.0,0,313.88,0.0,1,1.66,1.36,SPY200117P00290000,290.0,0,0.0,0.0,,0.0,normalDay
2019-12-10,930.0,40.0,0.0,0,313.53,0.0,1,1.66,1.26,SPY200117P00290000,290.0,0,0.0,0.0,,0.0,normalDay
2019-12-11,930.0,60.0,0.0,0,314.42,0.0,1,1.66,1.06,SPY200117P00290000,290.0,0,0.0,0.0,,0.0,normalDay
2019-12-12,930.0,92.0,0.0,0,317.13,0.0,1,1.66,0.74,SPY200117P00290000,290.0,0,0.0,0.0,,0.0,normalDay
2019-12-13,930.0,110.0,0.0,0,317.32,0.0,1,1.66,0.56,SPY200117P00290000,290.0,0,0.0,0.0,,0.0,normalDay
2019-12-16,930.0,126.0,0.0,0,319.5,0.0,1,1.66,0.4,SPY200117P00290000,290.0,0,0.0,0.0,,0.0,normalDay
2019-12-17,930.0,126.0,0.0,0,319.57,0.0,1,1.66,0.4,SPY200117P00290000,290.0,0,0.0,0.0,,0.0,normalDay
2019-12-18,930.0,127.0,0.0,0,319.59,0.0,1,1.66,0.39,SPY200117P00290000,290.0,0,0.0,0.0,,0.0,normalDay
2019-12-19,930.0,131.0,0.0,0,320.9,0.0,1,1.66,0.35,SPY200117P00290000,290.0,0,0.0,0.0,,0.0,normalDay
2019-12-20,930.0,132.0,0.0,0,320.73,0.0,1,1.66,0.34,SPY200117P00290000,290.0,0,0.0,0.0,,0.0,normalDay
2019-12-23,930.0,136.0,0.0,0,321.22,0.0,1,1.66,0.3,SPY200117P00290000,290.0,0,0.0,0.0,,0.0,normalDay
2019-12-24,930.0,139.0,0.0,0,321.23,0.0,1,1.66,0.27,SPY200117P00290000,290.0,0,0.0,0.0,,0.0,normalDay
2019-12-26,930.0,146.0,0.0,0,322.94,0.0,1,1.66,0.2,SPY200117P00290000,290.0,0,0.0,0.0,,0.0,normalDay
2019-12-27,930.0,146.0,0.0,0,322.86,0.0,1,1.66,0.2,SPY200117P00290000,290.0,0,0.0,0.0,,0.0,normalDay
2019-12-30,930.0,144.0,0.0,0,321.08,0.0,1,1.66,0.22,SPY200117P00290000,290.0,0,0.0,0.0,,0.0,normalDay
2019-12-31,930.0,147.0,0.0,0,321.86,0.0,1,1.66,0.19,SPY200117P00290000,290.0,0,0.0,0.0,,0.0,normalDay
2020-01-02,930.0,158.0,0.0,0,324.87,0.0,1,1.66,0.08,SPY200117P00290000,290.0,0,0.0,0.0,,0.0,normalDay
2020-01-03,930.0,155.0,0.0,0,322.41,0.0,1,1.66,0.11,SPY200117P00290000,290.0,0,0.0,0.0,,0.0,normalDay
2020-01-06,930.0,160.0,0.0,0,323.64,0.0,1,1.66,0.06,SPY200117P00290000,290.0,0,0.0,0.0,,0.0,normalDay
2020-01-07,930.0,161.0,0.0,0,322.73,0.0,1,1.66,0.05,SPY200117P00290000,290.0,0,0.0,0.0,,0.0,normalDay
2020-01-08,930.0,161.0,0.0,0,324.45,0.0,1,1.66,0.05,SPY200117P00290000,290.0,0,0.0,0.0,,0.0,normalDay
2020-01-09,930.0,163.0,0.0,0,326.65,0.0,1,1.66,0.03,SPY200117P00290000,290.0,0,0.0,0.0,,0.0,normalDay
2020-01-10,930.0,164.0,0.0,0,325.71,0.0,1,1.66,0.02,SPY200117P00290000,290.0,0,0.0,0.0,,0.0,normalDay
2020-01-13,930.0,165.0,0.0,0,327.95,0.0,1,1.66,0.01,SPY200117P00290000,290.0,0,0.0,0.0,,0.0,normalDay
2020-01-14,930.0,165.0,0.0,0,327.45,0.0,1,1.66,0.01,SPY200117P00290000,290.0,0,0.0,0.0,,0.0,normalDay
2020-01-15,930.0,165.0,0.0,0,328.19,0.0,1,1.66,0.01,SPY200117P00290000,290.0,0,0.0,0.0,,0.0,normalDay
2020-01-16,930.0,165.0,0.0,0,330.92,0.0,1,1.66,0.01,SPY200117P00290000,290.0,0,0.0,0.0,,0.0,normalDay
2020-01-17,1096.0,0.0,166.0,0,331.95,0.0,1,1.66,0.0,SPY200117P00290000,290.0,0,0.0,0.0,,0.0,expirationDay
2020-01-21,1096.0,-4.0,0.0,0,331.3,0.0,1,3.11,3.15,SPY200417P00311000,311.0,0,0.0,0.0,,0.0,normalDay
2020-01-22,1096.0,-5.0,0.0,0,331.34,0.0,1,3.11,3.16,SPY200417P00311000,311.0,0,0.0,0.0,,0.0,normalDay
2020-01-23,1096.0,0.0,0.0,0,331.72,0.0,1,3.11,3.11,SPY200417P00311000,311.0,0,0.0,0.0,,0.0,normalDay
2020-01-24,1096.0,-80.0,0.0,0,328.77,0.0,1,3.11,3.91,SPY200417P00311000,311.0,0,0.0,0.0,,0.0,normalDay
2020-01-27,1096.0,-279.0,0.0,0,323.5,0.0,1,3.11,5.9,SPY200417P00311000,311.0,0,0.0,0.0,,0.0,normalDay
2020-01-28,1096.0,-140.0,0.0,0,326.89,0.0,1,3.11,4.51,SPY200417P00311000,311.0,0,0.0,0.0,,0.0,normalDay
2020-01-29,1096.0,-142.0,0.0,0,326.62,0.0,1,3.11,4.53,SPY200417P00311000,311.0,0,0.0,0.0,,0.0,normalDay
2020-01-30,1096.0,-83.0,0.0,0,327.68,0.0,1,3.11,3.94,SPY200417P00311000,311.0,0,0.0,0.0,,0.0,normalDay
2020-01-31,1096.0,-291.0,0.0,0,321.73,0.0,1,3.11,6.02,SPY200417P00311000,311.0,0,0.0,0.0,,0.0,normalDay
2020-02-03,1096.0,-212.0,0.0,0,324.12,0.0,1,3.11,5.23,SPY200417P00311000,311.0,0,0.0,0.0,,0.0,normalDay
2020-02-04,1096.0,-45.0,0.0,0,329.06,0.0,1,3.11,3.56,SPY200417P00311000,311.0,0,0.0,0.0,,0.0,normalDay
2020-02-05,1096.0,35.0,0.0,0,332.86,0.0,1,3.11,2.76,SPY200417P00311000,311.0,0,0.0,0.0,,0.0,normalDay
2020-02-06,1096.0,52.0,0.0,0,333.98,0.0,1,3.11,2.59,SPY200417P00311000,311.0,0,0.0,0.0,,0.0,normalDay
2020-02-07,1096.0,22.0,0.0,0,332.2,0.0,1,3.11,2.89,SPY200417P00311000,311.0,0,0.0,0.0,,0.0,normalDay
2020-02-10,1096.0,67.0,0.0,0,334.68,0.0,1,3.11,2.44,SPY200417P00311000,311.0,0,0.0,0.0,,0.0,normalDay
2020-02-11,1096.0,78.0,0.0,0,335.26,0.0,1,3.11,2.33,SPY200417P00311000,311.0,0,0.0,0.0,,0.0,normalDay
2020-02-12,1096.0,123.0,0.0,0,337.42,0.0,1,3.11,1.88,SPY200417P00311000,311.0,0,0.0,0.0,,0.0,normalDay
2020-02-13,1096.0,115.0,0.0,0,337.06,0.0,1,3.11,1.96,SPY200417P00311000,311.0,0,0.0,0.0,,0.0,normalDay
2020-02-14,1096.0,131.0,0.0,0,337.6,0.0,1,3.11,1.8,SPY200417P00311000,311.0,0,0.0,0.0,,0.0,normalDay
2020-02-18,1096.0,121.0,0.0,0,336.73,0.0,1,3.11,1.9,SPY200417P00311000,311.0,0,0.0,0.0,,0.0,normalDay
2020-02-19,1096.0,147.0,0.0,0,338.34,0.0,1,3.11,1.64,SPY200417P00311000,311.0,0,0.0,0.0,,0.0,normalDay
2020-02-20,1096.0,118.0,0.0,0,336.95,0.0,1,3.11,1.93,SPY200417P00311000,311.0,0,0.0,0.0,,0.0,normalDay
2020-02-21,1096.0,46.0,0.0,0,333.48,0.0,1,3.11,2.65,SPY200417P00311000,311.0,0,0.0,0.0,,0.0,normalDay
2020-02-24,1096.0,-334.0,0.0,0,322.42,0.0,1,3.11,6.45,SPY200417P00311000,311.0,0,0.0,0.0,,0.0,normalDay
2020-02-25,1096.0,-682.0,0.0,0,312.65,0.0,1,3.11,9.93,SPY200417P00311000,311.0,0,0.0,0.0,,0.0,normalDay
2020-02-26,1096.0,-748.0,0.0,0,311.5,0.0,1,3.11,10.59,SPY200417P00311000,311.0,0,0.0,0.0,,0.0,normalDay
2020-02-27,1096.0,-1761.0,0.0,0,297.51,0.0,1,3.11,20.72,SPY200417P00311000,311.0,0,0.0,0.0,,0.0,normalDay
2020-02-28,1096.0,-1830.0,0.0,0,296.26,0.0,1,3.11,21.41,SPY200417P00311000,311.0,0,0.0,0.0,,0.0,normalDay
2020-03-02,1096.0,-930.0,0.0,0,309.09,0.0,1,3.11,12.41,SPY200417P00311000,311.0,0,0.0,0.0,,0.0,normalDay
2020-03-03,1096.0,-1409.0,0.0,0,300.24,0.0,1,3.11,17.2,SPY200417P00311000,311.0,0,0.0,0.0,,0.0,normalDay
2020-03-04,1096.0,-801.0,0.0,0,312.86,0.0,1,3.11,11.12,SPY200417P00311000,311.0,0,0.0,0.0,,0.0,normalDay
2020-03-05,1096.0,-1487.0,0.0,0,302.46,0.0,1,3.11,17.98,SPY200417P00311000,311.0,0,0.0,0.0,,0.0,normalDay
2020-03-06,1096.0,-1853.0,0.0,0,297.46,0.0,1,3.11,21.64,SPY200417P00311000,311.0,0,0.0,0.0,,0.0,normalDay
2020-03-09,1096.0,-3769.0,0.0,0,274.23,0.0,1,3.11,40.8,SPY200417P00311000,311.0,0,0.0,0.0,,0.0,normalDay
2020-03-10,1096.0,-2498.0,0.0,0,288.42,0.0,1,3.11,28.09,SPY200417P00311000,311.0,0,0.0,0.0,,0.0,normalDay
2020-03-11,1096.0,-3687.0,0.0,0,274.36,0.0,1,3.11,39.98,SPY200417P00311000,311.0,0,0.0,0.0,,0.0,normalDay
2020-03-12,1096.0,-6165.0,0.0,0,248.11,0.0,1,3.11,64.76,SPY200417P00311000,311.0,0,0.0,0.0,,0.0,normalDay
2020-03-13,1096.0,-4161.0,0.0,0,269.32,0.0,1,3.11,44.72,SPY200417P00311000,311.0,0,0.0,0.0,,0.0,normalDay
2020-03-16,1096.0,-6694.0,0.0,0,239.85,0.0,1,3.11,70.05,SPY200417P00311000,311.0,0,0.0,0.0,,0.0,normalDay
2020-03-17,1096.0,-5854.0,0.0,0,252.8,0.0,1,3.11,61.65,SPY200417P00311000,311.0,0,0.0,0.0,,0.0,normalDay
2020-03-18,1096.0,-6943.0,0.0,0,240.0,0.0,1,3.11,72.54,SPY200417P00311000,311.0,0,0.0,0.0,,0.0,normalDay
2020-03-19,1096.0,-6949.0,0.0,0,240.51,0.0,1,3.11,72.6,SPY200417P00311000,311.0,0,0.0,0.0,,0.0,normalDay
2020-03-20,1096.0,-7903.0,0.0,0,228.8,0.0,1,3.11,82.14,SPY200417P00311000,311.0,0,0.0,0.0,,0.0,normalDay
2020-03-23,1096.0,-8699.0,0.0,0,222.95,0.0,1,3.11,90.1,SPY200417P00311000,311.0,0,0.0,0.0,,0.0,normalDay
2020-03-24,1096.0,-6578.0,0.0,0,243.15,0.0,1,3.11,68.89,SPY200417P00311000,311.0,0,0.0,0.0,,0.0,normalDay
2020-03-25,1096.0,-6117.0,0.0,0,246.79,0.0,1,3.11,64.28,SPY200417P00311000,311.0,0,0.0,0.0,,0.0,normalDay
2020-03-26,1096.0,-4768.0,0.0,0,261.2,0.0,1,3.11,50.79,SPY200417P00311000,311.0,0,0.0,0.0,,0.0,normalDay
2020-03-27,1096.0,-5541.0,0.0,0,253.42,0.0,1,3.11,58.52,SPY200417P00311000,311.0,0,0.0,0.0,,0.0,normalDay
2020-03-30,1096.0,-4750.0,0.0,0,261.65,0.0,1,3.11,50.61,SPY200417P00311000,311.0,0,0.0,0.0,,0.0,normalDay
2020-03-31,1096.0,-5142.0,0.0,0,257.75,0.0,1,3.11,54.53,SPY200417P00311000,311.0,0,0.0,0.0,,0.0,normalDay
2020-04-01,1096.0,-6225.0,0.0,0,246.15,0.0,1,3.11,65.36,SPY200417P00311000,311.0,0,0.0,0.0,,0.0,normalDay
2020-04-02,1096.0,-5565.0,0.0,0,251.83,0.0,1,3.11,58.76,SPY200417P00311000,311.0,0,0.0,0.0,,0.0,normalDay
2020-04-03,1096.0,-5955.0,0.0,0,248.19,0.0,1,3.11,62.66,SPY200417P00311000,311.0,0,0.0,0.0,,0.0,normalDay
2020-04-06,1096.0,-4299.0,0.0,0,264.86,0.0,1,3.11,46.1,SPY200417P00311000,311.0,0,0.0,0.0,,0.0,normalDay
2020-04-07,1096.0,-4400.0,0.0,0,265.13,0.0,1,3.11,47.11,SPY200417P00311000,311.0,0,0.0,0.0,,0.0,normalDay
2020-04-08,1096.0,-3412.0,0.0,0,274.03,0.0,1,3.11,37.23,SPY200417P00311000,311.0,0,0.0,0.0,,0.0,normalDay
2020-04-09,1096.0,-2999.0,0.0,0,278.2,0.0,1,3.11,33.1,SPY200417P00311000,311.0,0,0.0,0.0,,0.0,normalDay
2020-04-13,1096.0,-3238.0,0.0,0,275.66,0.0,1,3.11,35.49,SPY200417P00311000,311.0,0,0.0,0.0,,0.0,normalDay
2020-04-14,1096.0,-2402.0,0.0,0,283.79,0.0,1,3.11,27.13,SPY200417P00311000,311.0,0,0.0,0.0,,0.0,normalDay
2020-04-15,1096.0,-3035.0,0.0,0,277.76,0.0,1,3.11,33.46,SPY200417P00311000,311.0,0,0.0,0.0,,0.0,normalDay
2020-04-16,1096.0,-2883.0,0.0,0,279.1,0.0,1,3.11,31.94,SPY200417P00311000,311.0,0,0.0,0.0,,0.0,normalDay
2020-04-17,1407.0,-2436.0,311.0,100,286.64,311.0,1,3.11,0.0,SPY200417P00311000,311.0,0,0.0,0.0,,0.0,expirationDay
2020-04-20,1407.0,-2955.0,0.0,100,281.59,311.0,0,0.0,0.0,,0.0,1,7.82,7.96,SPY200422C00275000,275.0,normalDay
2020-04-21,1407.0,-3204.0,0.0,100,273.04,311.0,0,0.0,0.0,,0.0,1,7.82,1.9,SPY200422C00275000,275.0,normalDay
2020-04-22,-1411.0,-3204.0,-2818.0,0,279.1,0.0,0,0.0,0.0,,0.0,1,7.82,0.0,SPY200422C00275000,275.0,expirationDay
2020-04-23,-1411.0,-7.0,0.0,0,279.08,0.0,1,4.9,4.97,SPY200717P00219000,219.0,0,0.0,0.0,,0.0,normalDay
2020-04-24,-1411.0,108.0,0.0,0,282.97,0.0,1,4.9,3.82,SPY200717P00219000,219.0,0,0.0,0.0,,0.0,normalDay
2020-04-27,-1411.0,210.0,0.0,0,287.05,0.0,1,4.9,2.8,SPY200717P00219000,219.0,0,0.0,0.0,,0.0,normalDay
2020-04-28,-1411.0,199.0,0.0,0,285.73,0.0,1,4.9,2.91,SPY200717P00219000,219.0,0,0.0,0.0,,0.0,normalDay
2020-04-29,-1411.0,280.0,0.0,0,293.21,0.0,1,4.9,2.1,SPY200717P00219000,219.0,0,0.0,0.0,,0.0,normalDay
2020-04-30,-1411.0,232.0,0.0,0,290.48,0.0,1,4.9,2.58,SPY200717P00219000,219.0,0,0.0,0.0,,0.0,normalDay
2020-05-01,-1411.0,157.0,0.0,0,282.79,0.0,1,4.9,3.33,SPY200717P00219000,219.0,0,0.0,0.0,,0.0,normalDay
2020-05-04,-1411.0,200.0,0.0,0,283.57,0.0,1,4.9,2.9,SPY200717P00219000,219.0,0,0.0,0.0,,0.0,normalDay
2020-05-05,-1411.0,250.0,0.0,0,286.19,0.0,1,4.9,2.4,SPY200717P00219000,219.0,0,0.0,0.0,,0.0,normalDay
2020-05-06,-1411.0,242.0,0.0,0,284.25,0.0,1,4.9,2.48,SPY200717P00219000,219.0,0,0.0,0.0,,0.0,normalDay
2020-05-07,-1411.0,292.0,0.0,0,287.68,0.0,1,4.9,1.98,SPY200717P00219000,219.0,0,0.0,0.0,,0.0,normalDay
2020-05-08,-1411.0,345.0,0.0,0,292.44,0.0,1,4.9,1.45,SPY200717P00219000,219.0,0,0.0,0.0,,0.0,normalDay
2020-05-11,-1411.0,366.0,0.0,0,292.5,0.0,1,4.9,1.24,SPY200717P00219000,219.0,0,0.0,0.0,,0.0,normalDay
2020-05-12,-1411.0,293.0,0.0,0,286.67,0.0,1,4.9,1.97,SPY200717P00219000,219.0,0,0.0,0.0,,0.0,normalDay
2020-05-13,-1411.0,250.0,0.0,0,281.6,0.0,1,4.9,2.4,SPY200717P00219000,219.0,0,0.0,0.0,,0.0,normalDay
2020-05-14,-1411.0,293.0,0.0,0,284.97,0.0,1,4.9,1.97,SPY200717P00219000,219.0,0,0.0,0.0,,0.0,normalDay
2020-05-15,-1411.0,308.0,0.0,0,286.28,0.0,1,4.9,1.82,SPY200717P00219000,219.0,0,0.0,0.0,,0.0,normalDay
2020-05-18,-1411.0,372.0,0.0,0,295.0,0.0,1,4.9,1.18,SPY200717P00219000,219.0,0,0.0,0.0,,0.0,normalDay
2020-05-19,-1411.0,360.0,0.0,0,291.97,0.0,1,4.9,1.3,SPY200717P00219000,219.0,0,0.0,0.0,,0.0,normalDay
2020-05-20,-1411.0,399.0,0.0,0,296.93,0.0,1,4.9,0.91,SPY200717P00219000,219.0,0,0.0,0.0,,0.0,normalDay
2020-05-21,-1411.0,390.0,0.0,0,294.88,0.0,1,4.9,1.0,SPY200717P00219000,219.0,0,0.0,0.0,,0.0,normalDay
2020-05-22,-1411.0,402.0,0.0,0,295.44,0.0,1,4.9,0.88,SPY200717P00219000,219.0,0,0.0,0.0,,0.0,normalDay
2020-05-26,-1411.0,416.0,0.0,0,299.08,0.0,1,4.9,0.74,SPY200717P00219000,219.0,0,0.0,0.0,,0.0,normalDay
2020-05-27,-1411.0,425.0,0.0,0,303.53,0.0,1,4.9,0.65,SPY200717P00219000,219.0,0,0.0,0.0,,0.0,normalDay
2020-05-28,-1411.0,421.0,0.0,0,302.97,0.0,1,4.9,0.69,SPY200717P00219000,219.0,0,0.0,0.0,,0.0,normalDay
2020-05-29,-1411.0,433.0,0.0,0,304.32,0.0,1,4.9,0.57,SPY200717P00219000,219.0,0,0.0,0.0,,0.0,normalDay
2020-06-01,-1411.0,436.0,0.0,0,305.55,0.0,1,4.9,0.54,SPY200717P00219000,219.0,0,0.0,0.0,,0.0,normalDay
2020-06-02,-1411.0,448.0,0.0,0,308.08,0.0,1,4.9,0.42,SPY200717P00219000,219.0,0,0.0,0.0,,0.0,normalDay
2020-06-03,-1411.0,458.0,0.0,0,312.18,0.0,1,4.9,0.32,SPY200717P00219000,219.0,0,0.0,0.0,,0.0,normalDay
2020-06-04,-1411.0,459.0,0.0,0,311.36,0.0,1,4.9,0.31,SPY200717P00219000,219.0,0,0.0,0.0,,0.0,normalDay
2020-06-05,-1411.0,466.0,0.0,0,319.34,0.0,1,4.9,0.24,SPY200717P00219000,219.0,0,0.0,0.0,,0.0,normalDay
2020-06-08,-1411.0,467.0,0.0,0,323.2,0.0,1,4.9,0.23,SPY200717P00219000,219.0,0,0.0,0.0,,0.0,normalDay
2020-06-09,-1411.0,466.0,0.0,0,320.79,0.0,1,4.9,0.24,SPY200717P00219000,219.0,0,0.0,0.0,,0.0,normalDay
2020-06-10,-1411.0,464.0,0.0,0,319.0,0.0,1,4.9,0.26,SPY200717P00219000,219.0,0,0.0,0.0,,0.0,normalDay
2020-06-11,-1411.0,383.0,0.0,0,300.61,0.0,1,4.9,1.07,SPY200717P00219000,219.0,0,0.0,0.0,,0.0,normalDay
2020-06-12,-1411.0,424.0,0.0,0,304.21,0.0,1,4.9,0.66,SPY200717P00219000,219.0,0,0.0,0.0,,0.0,normalDay
2020-06-15,-1411.0,445.0,0.0,0,307.05,0.0,1,4.9,0.45,SPY200717P00219000,219.0,0,0.0,0.0,,0.0,normalDay
2020-06-16,-1411.0,453.0,0.0,0,312.96,0.0,1,4.9,0.37,SPY200717P00219000,219.0,0,0.0,0.0,,0.0,normalDay
2020-06-17,-1411.0,454.0,0.0,0,311.66,0.0,1,4.9,0.36,SPY200717P00219000,219.0,0,0.0,0.0,,0.0,normalDay
2020-06-18,-1411.0,462.0,0.0,0,311.78,0.0,1,4.9,0.28,SPY200717P00219000,219.0,0,0.0,0.0,,0.0,normalDay
2020-06-19,-1411.0,457.0,0.0,0,308.64,0.0,1,4.9,0.33,SPY200717P00219000,219.0,0,0.0,0.0,,0.0,normalDay
2020-06-22,-1411.0,469.0,0.0,0,310.62,0.0,1,4.9,0.21,SPY200717P00219000,219.0,0,0.0,0.0,,0.0,normalDay
2020-06-23,-1411.0,471.0,0.0,0,312.05,0.0,1,4.9,0.19,SPY200717P00219000,219.0,0,0.0,0.0,,0.0,normalDay
2020-06-24,-1411.0,468.0,0.0,0,304.09,0.0,1,4.9,0.22,SPY200717P00219000,219.0,0,0.0,0.0,,0.0,normalDay
2020-06-25,-1411.0,472.0,0.0,0,307.35,0.0,1,4.9,0.18,SPY200717P00219000,219.0,0,0.0,0.0,,0.0,normalDay
2020-06-26,-1411.0,467.0,0.0,0,300.05,0.0,1,4.9,0.23,SPY200717P00219000,219.0,0,0.0,0.0,,0.0,normalDay
2020-06-29,-1411.0,475.0,0.0,0,304.46,0.0,1,4.9,0.15,SPY200717P00219000,219.0,0,0.0,0.0,,0.0,normalDay
2020-06-30,-1411.0,476.0,0.0,0,308.36,0.0,1,4.9,0.14,SPY200717P00219000,219.0,0,0.0,0.0,,0.0,normalDay
2020-07-01,-1411.0,480.0,0.0,0,310.52,0.0,1,4.9,0.1,SPY200717P00219000,219.0,0,0.0,0.0,,0.0,normalDay
2020-07-02,-1411.0,482.0,0.0,0,312.23,0.0,1,4.9,0.08,SPY200717P00219000,219.0,0,0.0,0.0,,0.0,normalDay
2020-07-06,-1411.0,487.0,0.0,0,317.05,0.0,1,4.9,0.03,SPY200717P00219000,219.0,0,0.0,0.0,,0.0,normalDay
2020-07-07,-1411.0,487.0,0.0,0,313.78,0.0,1,4.9,0.03,SPY200717P00219000,219.0,0,0.0,0.0,,0.0,normalDay
2020-07-08,-1411.0,488.0,0.0,0,316.18,0.0,1,4.9,0.02,SPY200717P00219000,219.0,0,0.0,0.0,,0.0,normalDay
2020-07-09,-1411.0,488.0,0.0,0,314.38,0.0,1,4.9,0.02,SPY200717P00219000,219.0,0,0.0,0.0,,0.0,normalDay
2020-07-10,-1411.0,489.0,0.0,0,317.59,0.0,1,4.9,0.01,SPY200717P00219000,219.0,0,0.0,0.0,,0.0,normalDay
2020-07-13,-1411.0,489.0,0.0,0,314.84,0.0,1,4.9,0.01,SPY200717P00219000,219.0,0,0.0,0.0,,0.0,normalDay
2020-07-14,-1411.0,489.0,0.0,0,318.92,0.0,1,4.9,0.01,SPY200717P00219000,219.0,0,0.0,0.0,,0.0,normalDay
2020-07-15,-1411.0,489.0,0.0,0,321.85,0.0,1,4.9,0.01,SPY200717P00219000,219.0,0,0.0,0.0,,0.0,normalDay
2020-07-16,-1411.0,489.0,0.0,0,320.79,0.0,1,4.9,0.01,SPY200717P00219000,219.0,0,0.0,0.0,,0.0,normalDay
2020-07-17,-921.0,0.0,490.0,0,321.72,0.0,1,4.9,0.0,SPY200717P00219000,219.0,0,0.0,0.0,,0.0,expirationDay
2020-07-20,-921.0,-5.0,0.0,0,324.32,0.0,1,4.34,4.39,SPY200930P00287000,287.0,0,0.0,0.0,,0.0,normalDay
2020-07-21,-921.0,2.0,0.0,0,325.01,0.0,1,4.34,4.32,SPY200930P00287000,287.0,0,0.0,0.0,,0.0,normalDay
2020-07-22,-921.0,35.0,0.0,0,326.86,0.0,1,4.34,3.99,SPY200930P00287000,287.0,0,0.0,0.0,,0.0,normalDay
2020-07-23,-921.0,-48.0,0.0,0,322.96,0.0,1,4.34,4.82,SPY200930P00287000,287.0,0,0.0,0.0,,0.0,normalDay
2020-07-24,-921.0,-48.0,0.0,0,320.88,0.0,1,4.34,4.82,SPY200930P00287000,287.0,0,0.0,0.0,,0.0,normalDay
2020-07-27,-921.0,23.0,0.0,0,323.22,0.0,1,4.34,4.11,SPY200930P00287000,287.0,0,0.0,0.0,,0.0,normalDay
2020-07-28,-921.0,-8.0,0.0,0,321.17,0.0,1,4.34,4.42,SPY200930P00287000,287.0,0,0.0,0.0,,0.0,normalDay
2020-07-29,-921.0,69.0,0.0,0,325.12,0.0,1,4.34,3.65,SPY200930P00287000,287.0,0,0.0,0.0,,0.0,normalDay
2020-07-30,-921.0,41.0,0.0,0,323.96,0.0,1,4.34,3.93,SPY200930P00287000,287.0,0,0.0,0.0,,0.0,normalDay
2020-07-31,-921.0,95.0,0.0,0,326.52,0.0,1,4.34,3.39,SPY200930P00287000,287.0,0,0.0,0.0,,0.0,normalDay
2020-08-03,-921.0,132.0,0.0,0,328.79,0.0,1,4.34,3.02,SPY200930P00287000,287.0,0,0.0,0.0,,0.0,normalDay
2020-08-04,-921.0,163.0,0.0,0,330.06,0.0,1,4.34,2.71,SPY200930P00287000,287.0,0,0.0,0.0,,0.0,normalDay
2020-08-05,-921.0,196.0,0.0,0,332.11,0.0,1,4.34,2.38,SPY200930P00287000,287.0,0,0.0,0.0,,0.0,normalDay
2020-08-06,-921.0,217.0,0.0,0,334.33,0.0,1,4.34,2.17,SPY200930P00287000,287.0,0,0.0,0.0,,0.0,normalDay
2020-08-07,-921.0,226.0,0.0,0,334.57,0.0,1,4.34,2.08,SPY200930P00287000,287.0,0,0.0,0.0,,0.0,normalDay
2020-08-10,-921.0,248.0,0.0,0,335.57,0.0,1,4.34,1.86,SPY200930P00287000,287.0,0,0.0,0.0,,0.0,normalDay
2020-08-11,-921.0,203.0,0.0,0,332.8,0.0,1,4.34,2.31,SPY200930P00287000,287.0,0,0.0,0.0,,0.0,normalDay
2020-08-12,-921.0,263.0,0.0,0,337.44,0.0,1,4.34,1.71,SPY200930P00287000,287.0,0,0.0,0.0,,0.0,normalDay
2020-08-13,-921.0,263.0,0.0,0,336.83,0.0,1,4.34,1.71,SPY200930P00287000,287.0,0,0.0,0.0,,0.0,normalDay
2020-08-14,-921.0,273.0,0.0,0,336.84,0.0,1,4.34,1.61,SPY200930P00287000,287.0,0,0.0,0.0,,0.0,normalDay
2020-08-17,-921.0,301.0,0.0,0,337.91,0.0,1,4.34,1.33,SPY200930P00287000,287.0,0,0.0,0.0,,0.0,normalDay
2020-08-18,-921.0,309.0,0.0,0,338.64,0.0,1,4.34,1.25,SPY200930P00287000,287.0,0,0.0,0.0,,0.0,normalDay
2020-08-19,-921.0,297.0,0.0,0,337.23,0.0,1,4.34,1.37,SPY200930P00287000,287.0,0,0.0,0.0,,0.0,normalDay
2020-08-20,-921.0,304.0,0.0,0,338.28,0.0,1,4.34,1.3,SPY200930P00287000,287.0,0,0.0,0.0,,0.0,normalDay
2020-08-21,-921.0,317.0,0.0,0,339.48,0.0,1,4.34,1.17,SPY200930P00287000,287.0,0,0.0,0.0,,0.0,normalDay
2020-08-24,-921.0,338.0,0.0,0,342.92,0.0,1,4.34,0.96,SPY200930P00287000,287.0,0,0.0,0.0,,0.0,normalDay
2020-08-25,-921.0,350.0,0.0,0,344.12,0.0,1,4.34,0.84,SPY200930P00287000,287.0,0,0.0,0.0,,0.0,normalDay
2020-08-26,-921.0,352.0,0.0,0,347.57,0.0,1,4.34,0.82,SPY200930P00287000,287.0,0,0.0,0.0,,0.0,normalDay
2020-08-27,-921.0,348.0,0.0,0,348.33,0.0,1,4.34,0.86,SPY200930P00287000,287.0,0,0.0,0.0,,0.0,normalDay
2020-08-28,-921.0,368.0,0.0,0,350.58,0.0,1,4.34,0.66,SPY200930P00287000,287.0,0,0.0,0.0,,0.0,normalDay
2020-08-31,-921.0,350.0,0.0,0,349.31,0.0,1,4.34,0.84,SPY200930P00287000,287.0,0,0.0,0.0,,0.0,normalDay
2020-09-01,-921.0,360.0,0.0,0,352.6,0.0,1,4.34,0.74,SPY200930P00287000,287.0,0,0.0,0.0,,0.0,normalDay
2020-09-02,-921.0,374.0,0.0,0,357.7,0.0,1,4.34,0.6,SPY200930P00287000,287.0,0,0.0,0.0,,0.0,normalDay
2020-09-03,-921.0,306.0,0.0,0,345.39,0.0,1,4.34,1.28,SPY200930P00287000,287.0,0,0.0,0.0,,0.0,normalDay
2020-09-04,-921.0,321.0,0.0,0,342.57,0.0,1,4.34,1.13,SPY200930P00287000,287.0,0,0.0,0.0,,0.0,normalDay
2020-09-08,-921.0,315.0,0.0,0,333.21,0.0,1,4.34,1.19,SPY200930P00287000,287.0,0,0.0,0.0,,0.0,normalDay
2020-09-09,-921.0,362.0,0.0,0,339.79,0.0,1,4.34,0.72,SPY200930P00287000,287.0,0,0.0,0.0,,0.0,normalDay
2020-09-10,-921.0,347.0,0.0,0,333.89,0.0,1,4.34,0.87,SPY200930P00287000,287.0,0,0.0,0.0,,0.0,normalDay
2020-09-11,-921.0,384.0,0.0,0,334.06,0.0,1,4.34,0.5,SPY200930P00287000,287.0,0,0.0,0.0,,0.0,normalDay
2020-09-14,-921.0,407.0,0.0,0,338.46,0.0,1,4.34,0.27,SPY200930P00287000,287.0,0,0.0,0.0,,0.0,normalDay
2020-09-15,-921.0,411.0,0.0,0,340.17,0.0,1,4.34,0.23,SPY200930P00287000,287.0,0,0.0,0.0,,0.0,normalDay
2020-09-16,-921.0,411.0,0.0,0,338.82,0.0,1,4.34,0.23,SPY200930P00287000,287.0,0,0.0,0.0,,0.0,normalDay
2020-09-17,-921.0,410.0,0.0,0,335.84,0.0,1,4.34,0.24,SPY200930P00287000,287.0,0,0.0,0.0,,0.0,normalDay
2020-09-18,-921.0,413.0,0.0,0,330.65,0.0,1,4.34,0.21,SPY200930P00287000,287.0,0,0.0,0.0,,0.0,normalDay
2020-09-21,-921.0,418.0,0.0,0,326.97,0.0,1,4.34,0.16,SPY200930P00287000,287.0,0,0.0,0.0,,0.0,normalDay
2020-09-22,-921.0,426.0,0.0,0,330.3,0.0,1,4.34,0.08,SPY200930P00287000,287.0,0,0.0,0.0,,0.0,normalDay
2020-09-23,-921.0,421.0,0.0,0,322.64,0.0,1,4.34,0.13,SPY200930P00287000,287.0,0,0.0,0.0,,0.0,normalDay
2020-09-24,-921.0,425.0,0.0,0,323.5,0.0,1,4.34,0.09,SPY200930P00287000,287.0,0,0.0,0.0,,0.0,normalDay
2020-09-25,-921.0,431.0,0.0,0,328.73,0.0,1,4.34,0.03,SPY200930P00287000,287.0,0,0.0,0.0,,0.0,normalDay
2020-09-28,-921.0,433.0,0.0,0,334.19,0.0,1,4.34,0.01,SPY200930P00287000,287.0,0,0.0,0.0,,0.0,normalDay
2020-09-29,-921.0,433.0,0.0,0,332.37,0.0,1,4.34,0.01,SPY200930P00287000,287.0,0,0.0,0.0,,0.0,normalDay
2020-09-30,-487.0,0.0,434.0,0,334.89,0.0,1,4.34,0.0,SPY200930P00287000,287.0,0,0.0,0.0,,0.0,expirationDay
2020-10-01,-487.0,-6.0,0.0,0,337.04,0.0,1,8.98,9.04,SPY201218P00310000,310.0,0,0.0,0.0,,0.0,normalDay
2020-10-02,-487.0,-98.0,0.0,0,333.84,0.0,1,8.98,9.96,SPY201218P00310000,310.0,0,0.0,0.0,,0.0,normalDay
2020-10-05,-487.0,91.0,0.0,0,339.76,0.0,1,8.98,8.07,SPY201218P00310000,310.0,0,0.0,0.0,,0.0,normalDay
2020-10-06,-487.0,-5.0,0.0,0,334.93,0.0,1,8.98,9.03,SPY201218P00310000,310.0,0,0.0,0.0,,0.0,normalDay
2020-10-07,-487.0,168.0,0.0,0,340.76,0.0,1,8.98,7.3,SPY201218P00310000,310.0,0,0.0,0.0,,0.0,normalDay
2020-10-08,-487.0,282.0,0.0,0,343.78,0.0,1,8.98,6.16,SPY201218P00310000,310.0,0,0.0,0.0,,0.0,normalDay
2020-10-09,-487.0,388.0,0.0,0,346.85,0.0,1,8.98,5.1,SPY201218P00310000,310.0,0,0.0,0.0,,0.0,normalDay
2020-10-12,-487.0,471.0,0.0,0,352.43,0.0,1,8.98,4.27,SPY201218P00310000,310.0,0,0.0,0.0,,0.0,normalDay
2020-10-13,-487.0,437.0,0.0,0,350.13,0.0,1,8.98,4.61,SPY201218P00310000,310.0,0,0.0,0.0,,0.0,normalDay
2020-10-14,-487.0,419.0,0.0,0,347.93,0.0,1,8.98,4.79,SPY201218P00310000,310.0,0,0.0,0.0,,0.0,normalDay
2020-10-15,-487.0,407.0,0.0,0,347.5,0.0,1,8.98,4.91,SPY201218P00310000,310.0,0,0.0,0.0,,0.0,normalDay
2020-10-16,-487.0,386.0,0.0,0,347.29,0.0,1,8.98,5.12,SPY201218P00310000,310.0,0,0.0,0.0,,0.0,normalDay
2020-10-19,-487.0,300.0,0.0,0,342.01,0.0,1,8.98,5.98,SPY201218P00310000,310.0,0,0.0,0.0,,0.0,normalDay
2020-10-20,-487.0,316.0,0.0,0,343.38,0.0,1,8.98,5.82,SPY201218P00310000,310.0,0,0.0,0.0,,0.0,normalDay
2020-10-21,-487.0,360.0,0.0,0,342.73,0.0,1,8.98,5.38,SPY201218P00310000,310.0,0,0.0,0.0,,0.0,normalDay
2020-10-22,-487.0,396.0,0.0,0,344.61,0.0,1,8.98,5.02,SPY201218P00310000,310.0,0,0.0,0.0,,0.0,normalDay
2020-10-23,-487.0,424.0,0.0,0,345.78,0.0,1,8.98,4.74,SPY201218P00310000,310.0,0,0.0,0.0,,0.0,normalDay
2020-10-26,-487.0,244.0,0.0,0,339.39,0.0,1,8.98,6.54,SPY201218P00310000,310.0,0,0.0,0.0,,0.0,normalDay
2020-10-27,-487.0,216.0,0.0,0,338.22,0.0,1,8.98,6.82,SPY201218P00310000,310.0,0,0.0,0.0,,0.0,normalDay
2020-10-28,-487.0,-254.0,0.0,0,326.66,0.0,1,8.98,11.52,SPY201218P00310000,310.0,0,0.0,0.0,,0.0,normalDay
2020-10-29,-487.0,-10.0,0.0,0,329.98,0.0,1,8.98,9.08,SPY201218P00310000,310.0,0,0.0,0.0,,0.0,normalDay
2020-10-30,-487.0,-115.0,0.0,0,326.54,0.0,1,8.98,10.13,SPY201218P00310000,310.0,0,0.0,0.0,,0.0,normalDay
2020-11-02,-487.0,53.0,0.0,0,330.2,0.0,1,8.98,8.45,SPY201218P00310000,310.0,0,0.0,0.0,,0.0,normalDay
2020-11-03,-487.0,217.0,0.0,0,336.03,0.0,1,8.98,6.81,SPY201218P00310000,310.0,0,0.0,0.0,,0.0,normalDay
2020-11-04,-487.0,480.0,0.0,0,343.54,0.0,1,8.98,4.18,SPY201218P00310000,310.0,0,0.0,0.0,,0.0,normalDay
2020-11-05,-487.0,582.0,0.0,0,350.24,0.0,1,8.98,3.16,SPY201218P00310000,310.0,0,0.0,0.0,,0.0,normalDay
2020-11-06,-487.0,651.0,0.0,0,350.16,0.0,1,8.98,2.47,SPY201218P00310000,310.0,0,0.0,0.0,,0.0,normalDay
2020-11-09,-487.0,708.0,0.0,0,354.56,0.0,1,8.98,1.9,SPY201218P00310000,310.0,0,0.0,0.0,,0.0,normalDay
2020-11-10,-487.0,725.0,0.0,0,354.04,0.0,1,8.98,1.73,SPY201218P00310000,310.0,0,0.0,0.0,,0.0,normalDay
2020-11-11,-487.0,756.0,0.0,0,356.67,0.0,1,8.98,1.42,SPY201218P00310000,310.0,0,0.0,0.0,,0.0,normalDay
2020-11-12,-487.0,715.0,0.0,0,353.21,0.0,1,8.98,1.83,SPY201218P00310000,310.0,0,0.0,0.0,,0.0,normalDay
2020-11-13,-487.0,776.0,0.0,0,358.1,0.0,1,8.98,1.22,SPY201218P00310000,310.0,0,0.0,0.0,,0.0,normalDay
2020-11-16,-487.0,810.0,0.0,0,362.57,0.0,1,8.98,0.88,SPY201218P00310000,310.0,0,0.0,0.0,,0.0,normalDay
2020-11-17,-487.0,808.0,0.0,0,360.62,0.0,1,8.98,0.9,SPY201218P00310000,310.0,0,0.0,0.0,,0.0,normalDay
2020-11-18,-487.0,790.0,0.0,0,356.28,0.0,1,8.98,1.08,SPY201218P00310000,310.0,0,0.0,0.0,,0.0,normalDay
2020-11-19,-487.0,808.0,0.0,0,357.78,0.0,1,8.98,0.9,SPY201218P00310000,310.0,0,0.0,0.0,,0.0,normalDay
2020-11-20,-487.0,803.0,0.0,0,355.33,0.0,1,8.98,0.95,SPY201218P00310000,310.0,0,0.0,0.0,,0.0,normalDay
2020-11-23,-487.0,825.0,0.0,0,357.46,0.0,1,8.98,0.73,SPY201218P00310000,310.0,0,0.0,0.0,,0.0,normalDay
2020-11-24,-487.0,848.0,0.0,0,363.22,0.0,1,8.98,0.5,SPY201218P00310000,310.0,0,0.0,0.0,,0.0,normalDay
2020-11-25,-487.0,852.0,0.0,0,362.66,0.0,1,8.98,0.46,SPY201218P00310000,310.0,0,0.0,0.0,,0.0,normalDay
2020-11-27,-487.0,860.0,0.0,0,363.67,0.0,1,8.98,0.38,SPY201218P00310000,310.0,0,0.0,0.0,,0.0,normalDay
2020-11-30,-487.0,866.0,0.0,0,362.06,0.0,1,8.98,0.32,SPY201218P00310000,310.0,0,0.0,0.0,,0.0,normalDay
2020-12-01,-487.0,870.0,0.0,0,366.02,0.0,1,8.98,0.28,SPY201218P00310000,310.0,0,0.0,0.0,,0.0,normalDay
2020-12-02,-487.0,870.0,0.0,0,366.79,0.0,1,8.98,0.28,SPY201218P00310000,310.0,0,0.0,0.0,,0.0,normalDay
2020-12-03,-487.0,872.0,0.0,0,366.69,0.0,1,8.98,0.26,SPY201218P00310000,310.0,0,0.0,0.0,,0.0,normalDay
2020-12-04,-487.0,881.0,0.0,0,369.85,0.0,1,8.98,0.17,SPY201218P00310000,310.0,0,0.0,0.0,,0.0,normalDay
2020-12-07,-487.0,886.0,0.0,0,369.09,0.0,1,8.98,0.12,SPY201218P00310000,310.0,0,0.0,0.0,,0.0,normalDay
2020-12-08,-487.0,888.0,0.0,0,370.17,0.0,1,8.98,0.1,SPY201218P00310000,310.0,0,0.0,0.0,,0.0,normalDay
2020-12-09,-487.0,885.0,0.0,0,366.85,0.0,1,8.98,0.13,SPY201218P00310000,310.0,0,0.0,0.0,,0.0,normalDay
2020-12-10,-487.0,887.0,0.0,0,366.73,0.0,1,8.98,0.11,SPY201218P00310000,310.0,0,0.0,0.0,,0.0,normalDay
2020-12-11,-487.0,885.0,0.0,0,366.3,0.0,1,8.98,0.13,SPY201218P00310000,310.0,0,0.0,0.0,,0.0,normalDay
2020-12-14,-487.0,883.0,0.0,0,364.66,0.0,1,8.98,0.15,SPY201218P00310000,310.0,0,0.0,0.0,,0.0,normalDay
2020-12-15,-487.0,892.0,0.0,0,369.59,0.0,1,8.98,0.06,SPY201218P00310000,310.0,0,0.0,0.0,,0.0,normalDay
2020-12-16,-487.0,895.0,0.0,0,370.17,0.0,1,8.98,0.03,SPY201218P00310000,310.0,0,0.0,0.0,,0.0,normalDay
2020-12-17,-487.0,897.0,0.0,0,372.24,0.0,1,8.98,0.01,SPY201218P00310000,310.0,0,0.0,0.0,,0.0,normalDay
2020-12-18,411.0,0.0,898.0,0,369.18,0.0,1,8.98,0.0,SPY201218P00310000,310.0,0,0.0,0.0,,0.0,expirationDay
2020-12-21,411.0,-6.0,0.0,0,367.86,0.0,1,7.54,7.6,SPY210219P00352000,352.0,0,0.0,0.0,,0.0,normalDay
2020-12-22,411.0,13.0,0.0,0,367.24,0.0,1,7.54,7.41,SPY210219P00352000,352.0,0,0.0,0.0,,0.0,normalDay
2020-12-23,411.0,70.0,0.0,0,367.57,0.0,1,7.54,6.84,SPY210219P00352000,352.0,0,0.0,0.0,,0.0,normalDay
2020-12-24,411.0,158.0,0.0,0,369.0,0.0,1,7.54,5.96,SPY210219P00352000,352.0,0,0.0,0.0,,0.0,normalDay
2020-12-28,411.0,258.0,0.0,0,372.17,0.0,1,7.54,4.96,SPY210219P00352000,352.0,0,0.0,0.0,,0.0,normalDay
2020-12-29,411.0,200.0,0.0,0,371.46,0.0,1,7.54,5.54,SPY210219P00352000,352.0,0,0.0,0.0,,0.0,normalDay
2020-12-30,411.0,244.0,0.0,0,371.99,0.0,1,7.54,5.1,SPY210219P00352000,352.0,0,0.0,0.0,,0.0,normalDay
2020-12-31,411.0,290.0,0.0,0,373.88,0.0,1,7.54,4.64,SPY210219P00352000,352.0,0,0.0,0.0,,0.0,normalDay
2021-01-04,411.0,131.0,0.0,0,368.79,0.0,1,7.54,6.23,SPY210219P00352000,352.0,0,0.0,0.0,,0.0,normalDay
2021-01-05,411.0,223.0,0.0,0,371.33,0.0,1,7.54,5.31,SPY210219P00352000,352.0,0,0.0,0.0,,0.0,normalDay
2021-01-06,411.0,262.0,0.0,0,373.55,0.0,1,7.54,4.92,SPY210219P00352000,352.0,0,0.0,0.0,,0.0,normalDay
2021-01-07,411.0,426.0,0.0,0,379.1,0.0,1,7.54,3.28,SPY210219P00352000,352.0,0,0.0,0.0,,0.0,normalDay
2021-01-08,411.0,467.0,0.0,0,381.26,0.0,1,7.54,2.87,SPY210219P00352000,352.0,0,0.0,0.0,,0.0,normalDay
2021-01-11,411.0,404.0,0.0,0,378.69,0.0,1,7.54,3.5,SPY210219P00352000,352.0,0,0.0,0.0,,0.0,normalDay
2021-01-12,411.0,430.0,0.0,0,378.77,0.0,1,7.54,3.24,SPY210219P00352000,352.0,0,0.0,0.0,,0.0,normalDay
2021-01-13,411.0,481.0,0.0,0,379.79,0.0,1,7.54,2.73,SPY210219P00352000,352.0,0,0.0,0.0,,0.0,normalDay
2021-01-14,411.0,452.0,0.0,0,378.46,0.0,1,7.54,3.02,SPY210219P00352000,352.0,0,0.0,0.0,,0.0,normalDay
2021-01-15,411.0,389.0,0.0,0,375.7,0.0,1,7.54,3.65,SPY210219P00352000,352.0,0,0.0,0.0,,0.0,normalDay
2021-01-19,411.0,488.0,0.0,0,378.65,0.0,1,7.54,2.66,SPY210219P00352000,352.0,0,0.0,0.0,,0.0,normalDay
2021-01-20,411.0,572.0,0.0,0,383.89,0.0,1,7.54,1.82,SPY210219P00352000,352.0,0,0.0,0.0,,0.0,normalDay
2021-01-21,411.0,587.0,0.0,0,384.24,0.0,1,7.54,1.67,SPY210219P00352000,352.0,0,0.0,0.0,,0.0,normalDay
2021-01-22,411.0,580.0,0.0,0,382.88,0.0,1,7.54,1.74,SPY210219P00352000,352.0,0,0.0,0.0,,0.0,normalDay
2021-01-25,411.0,595.0,0.0,0,384.39,0.0,1,7.54,1.59,SPY210219P00352000,352.0,0,0.0,0.0,,0.0,normalDay
2021-01-26,411.0,609.0,0.0,0,383.79,0.0,1,7.54,1.45,SPY210219P00352000,352.0,0,0.0,0.0,,0.0,normalDay
2021-01-27,411.0,319.0,0.0,0,374.41,0.0,1,7.54,4.35,SPY210219P00352000,352.0,0,0.0,0.0,,0.0,normalDay
2021-01-28,411.0,453.0,0.0,0,377.63,0.0,1,7.54,3.01,SPY210219P00352000,352.0,0,0.0,0.0,,0.0,normalDay
2021-01-29,411.0,233.0,0.0,0,370.07,0.0,1,7.54,5.21,SPY210219P00352000,352.0,0,0.0,0.0,,0.0,normalDay
2021-02-01,411.0,486.0,0.0,0,376.23,0.0,1,7.54,2.68,SPY210219P00352000,352.0,0,0.0,0.0,,0.0,normalDay
2021-02-02,411.0,631.0,0.0,0,381.55,0.0,1,7.54,1.23,SPY210219P00352000,352.0,0,0.0,0.0,,0.0,normalDay
2021-02-03,411.0,671.0,0.0,0,381.85,0.0,1,7.54,0.83,SPY210219P00352000,352.0,0,0.0,0.0,,0.0,normalDay
2021-02-04,411.0,706.0,0.0,0,386.19,0.0,1,7.54,0.48,SPY210219P00352000,352.0,0,0.0,0.0,,0.0,normalDay
2021-02-05,411.0,725.0,0.0,0,387.71,0.0,1,7.54,0.29,SPY210219P00352000,352.0,0,0.0,0.0,,0.0,normalDay
2021-02-08,411.0,736.0,0.0,0,390.51,0.0,1,7.54,0.18,SPY210219P00352000,352.0,0,0.0,0.0,,0.0,normalDay
2021-02-09,411.0,736.0,0.0,0,390.25,0.0,1,7.54,0.18,SPY210219P00352000,352.0,0,0.0,0.0,,0.0,normalDay
2021-02-10,411.0,735.0,0.0,0,390.08,0.0,1,7.54,0.19,SPY210219P00352000,352.0,0,0.0,0.0,,0.0,normalDay
2021-02-11,411.0,741.0,0.0,0,390.71,0.0,1,7.54,0.13,SPY210219P00352000,352.0,0,0.0,0.0,,0.0,normalDay
2021-02-12,411.0,747.0,0.0,0,392.64,0.0,1,7.54,0.07,SPY210219P00352000,352.0,0,0.0,0.0,,0.0,normalDay
2021-02-16,411.0,747.0,0.0,0,392.3,0.0,1,7.54,0.07,SPY210219P00352000,352.0,0,0.0,0.0,,0.0,normalDay
2021-02-17,411.0,750.0,0.0,0,392.39,0.0,1,7.54,0.04,SPY210219P00352000,352.0,0,0.0,0.0,,0.0,normalDay
2021-02-18,411.0,753.0,0.0,0,390.72,0.0,1,7.54,0.01,SPY210219P00352000,352.0,0,0.0,0.0,,0.0,normalDay
2021-02-19,1165.0,0.0,754.0,0,390.03,0.0,1,7.54,0.0,SPY210219P00352000,352.0,0,0.0,0.0,,0.0,expirationDay
2021-02-22,1165.0,-5.0,0.0,0,387.03,0.0,1,5.12,5.17,SPY210416P00359000,359.0,0,0.0,0.0,,0.0,normalDay
2021-02-23,1165.0,35.0,0.0,0,387.5,0.0,1,5.12,4.77,SPY210416P00359000,359.0,0,0.0,0.0,,0.0,normalDay
2021-02-24,1165.0,145.0,0.0,0,391.77,0.0,1,5.12,3.67,SPY210416P00359000,359.0,0,0.0,0.0,,0.0,normalDay
2021-02-25,1165.0,-151.0,0.0,0,382.33,0.0,1,5.12,6.63,SPY210416P00359000,359.0,0,0.0,0.0,,0.0,normalDay
2021-02-26,1165.0,-150.0,0.0,0,380.36,0.0,1,5.12,6.62,SPY210416P00359000,359.0,0,0.0,0.0,,0.0,normalDay
2021-03-01,1165.0,123.0,0.0,0,389.58,0.0,1,5.12,3.89,SPY210416P00359000,359.0,0,0.0,0.0,,0.0,normalDay
2021-03-02,1165.0,65.0,0.0,0,386.54,0.0,1,5.12,4.47,SPY210416P00359000,359.0,0,0.0,0.0,,0.0,normalDay
2021-03-03,1165.0,-45.0,0.0,0,381.42,0.0,1,5.12,5.57,SPY210416P00359000,359.0,0,0.0,0.0,,0.0,normalDay
2021-03-04,1165.0,-176.0,0.0,0,376.7,0.0,1,5.12,6.88,SPY210416P00359000,359.0,0,0.0,0.0,,0.0,normalDay
2021-03-05,1165.0,52.0,0.0,0,383.63,0.0,1,5.12,4.6,SPY210416P00359000,359.0,0,0.0,0.0,,0.0,normalDay
2021-03-08,1165.0,30.0,0.0,0,381.72,0.0,1,5.12,4.82,SPY210416P00359000,359.0,0,0.0,0.0,,0.0,normalDay
2021-03-09,1165.0,159.0,0.0,0,387.17,0.0,1,5.12,3.53,SPY210416P00359000,359.0,0,0.0,0.0,,0.0,normalDay
2021-03-10,1165.0,229.0,0.0,0,389.58,0.0,1,5.12,2.83,SPY210416P00359000,359.0,0,0.0,0.0,,0.0,normalDay
2021-03-11,1165.0,281.0,0.0,0,393.53,0.0,1,5.12,2.31,SPY210416P00359000,359.0,0,0.0,0.0,,0.0,normalDay
2021-03-12,1165.0,325.0,0.0,0,394.06,0.0,1,5.12,1.87,SPY210416P00359000,359.0,0,0.0,0.0,,0.0,normalDay
2021-03-15,1165.0,369.0,0.0,0,396.41,0.0,1,5.12,1.43,SPY210416P00359000,359.0,0,0.0,0.0,,0.0,normalDay
2021-03-16,1165.0,371.0,0.0,0,395.91,0.0,1,5.12,1.41,SPY210416P00359000,359.0,0,0.0,0.0,,0.0,normalDay
2021-03-17,1165.0,396.0,0.0,0,397.26,0.0,1,5.12,1.16,SPY210416P00359000,359.0,0,0.0,0.0,,0.0,normalDay
2021-03-18,1165.0,348.0,0.0,0,391.48,0.0,1,5.12,1.64,SPY210416P00359000,359.0,0,0.0,0.0,,0.0,normalDay
2021-03-19,1165.0,348.0,0.0,0,389.48,0.0,1,5.12,1.64,SPY210416P00359000,359.0,0,0.0,0.0,,0.0,normalDay
2021-03-22,1165.0,418.0,0.0,0,392.59,0.0,1,5.12,0.94,SPY210416P00359000,359.0,0,0.0,0.0,,0.0,normalDay
2021-03-23,1165.0,386.0,0.0,0,389.5,0.0,1,5.12,1.26,SPY210416P00359000,359.0,0,0.0,0.0,,0.0,normalDay
2021-03-24,1165.0,371.0,0.0,0,387.52,0.0,1,5.12,1.41,SPY210416P00359000,359.0,0,0.0,0.0,,0.0,normalDay
2021-03-25,1165.0,409.0,0.0,0,389.7,0.0,1,5.12,1.03,SPY210416P00359000,359.0,0,0.0,0.0,,0.0,normalDay
2021-03-26,1165.0,444.0,0.0,0,395.98,0.0,1,5.12,0.68,SPY210416P00359000,359.0,0,0.0,0.0,,0.0,normalDay
2021-03-29,1165.0,438.0,0.0,0,395.78,0.0,1,5.12,0.74,SPY210416P00359000,359.0,0,0.0,0.0,,0.0,normalDay
2021-03-30,1165.0,457.0,0.0,0,394.73,0.0,1,5.12,0.55,SPY210416P00359000,359.0,0,0.0,0.0,,0.0,normalDay
2021-03-31,1165.0,472.0,0.0,0,396.33,0.0,1,5.12,0.4,SPY210416P00359000,359.0,0,0.0,0.0,,0.0,normalDay
2021-04-01,1165.0,494.0,0.0,0,400.61,0.0,1,5.12,0.18,SPY210416P00359000,359.0,0,0.0,0.0,,0.0,normalDay
2021-04-05,1165.0,499.0,0.0,0,406.36,0.0,1,5.12,0.13,SPY210416P00359000,359.0,0,0.0,0.0,,0.0,normalDay
2021-04-06,1165.0,500.0,0.0,0,406.12,0.0,1,5.12,0.12,SPY210416P00359000,359.0,0,0.0,0.0,,0.0,normalDay
2021-04-07,1165.0,506.0,0.0,0,406.59,0.0,1,5.12,0.06,SPY210416P00359000,359.0,0,0.0,0.0,,0.0,normalDay
2021-04-08,1165.0,506.0,0.0,0,408.52,0.0,1,5.12,0.06,SPY210416P00359000,359.0,0,0.0,0.0,,0.0,normalDay
2021-04-09,1165.0,509.0,0.0,0,411.49,0.0,1,5.12,0.03,SPY210416P00359000,359.0,0,0.0,0.0,,0.0,normalDay
2021-04-12,1165.0,510.0,0.0,0,411.64,0.0,1,5.12,0.02,SPY210416P00359000,359.0,0,0.0,0.0,,0.0,normalDay
2021-04-13,1165.0,511.0,0.0,0,412.86,0.0,1,5.12,0.01,SPY210416P00359000,359.0,0,0.0,0.0,,0.0,normalDay
2021-04-14,1165.0,511.0,0.0,0,411.45,0.0,1,5.12,0.01,SPY210416P00359000,359.0,0,0.0,0.0,,0.0,normalDay
2021-04-15,1165.0,511.0,0.0,0,415.87,0.0,1,5.12,0.01,SPY210416P00359000,359.0,0,0.0,0.0,,0.0,normalDay
2021-04-16,1677.0,0.0,512.0,0,417.26,0.0,1,5.12,0.0,SPY210416P00359000,359.0,0,0.0,0.0,,0.0,expirationDay
2021-04-19,1677.0,-5.0,0.0,0,415.21,0.0,1,2.67,2.72,SPY210630P00364000,364.0,0,0.0,0.0,,0.0,normalDay
2021-04-20,1677.0,-52.0,0.0,0,412.17,0.0,1,2.67,3.19,SPY210630P00364000,364.0,0,0.0,0.0,,0.0,normalDay
2021-04-21,1677.0,9.0,0.0,0,416.07,0.0,1,2.67,2.58,SPY210630P00364000,364.0,0,0.0,0.0,,0.0,normalDay
2021-04-22,1677.0,-49.0,0.0,0,412.27,0.0,1,2.67,3.16,SPY210630P00364000,364.0,0,0.0,0.0,,0.0,normalDay
2021-04-23,1677.0,24.0,0.0,0,416.74,0.0,1,2.67,2.43,SPY210630P00364000,364.0,0,0.0,0.0,,0.0,normalDay
2021-04-26,1677.0,42.0,0.0,0,417.61,0.0,1,2.67,2.25,SPY210630P00364000,364.0,0,0.0,0.0,,0.0,normalDay
2021-04-27,1677.0,50.0,0.0,0,417.52,0.0,1,2.67,2.17,SPY210630P00364000,364.0,0,0.0,0.0,,0.0,normalDay
2021-04-28,1677.0,66.0,0.0,0,417.4,0.0,1,2.67,2.01,SPY210630P00364000,364.0,0,0.0,0.0,,0.0,normalDay
2021-04-29,1677.0,72.0,0.0,0,420.06,0.0,1,2.67,1.95,SPY210630P00364000,364.0,0,0.0,0.0,,0.0,normalDay
2021-04-30,1677.0,45.0,0.0,0,417.3,0.0,1,2.67,2.22,SPY210630P00364000,364.0,0,0.0,0.0,,0.0,normalDay
2021-05-03,1677.0,67.0,0.0,0,418.2,0.0,1,2.67,2.0,SPY210630P00364000,364.0,0,0.0,0.0,,0.0,normalDay
2021-05-04,1677.0,37.0,0.0,0,415.62,0.0,1,2.67,2.3,SPY210630P00364000,364.0,0,0.0,0.0,,0.0,normalDay
2021-05-05,1677.0,49.0,0.0,0,415.75,0.0,1,2.67,2.18,SPY210630P00364000,364.0,0,0.0,0.0,,0.0,normalDay
2021-05-06,1677.0,84.0,0.0,0,419.07,0.0,1,2.67,1.83,SPY210630P00364000,364.0,0,0.0,0.0,,0.0,normalDay
2021-05-07,1677.0,123.0,0.0,0,422.12,0.0,1,2.67,1.44,SPY210630P00364000,364.0,0,0.0,0.0,,0.0,normalDay
2021-05-10,1677.0,82.0,0.0,0,417.94,0.0,1,2.67,1.85,SPY210630P00364000,364.0,0,0.0,0.0,,0.0,normalDay
2021-05-11,1677.0,36.0,0.0,0,414.21,0.0,1,2.67,2.31,SPY210630P00364000,364.0,0,0.0,0.0,,0.0,normalDay
2021-05-12,1677.0,-156.0,0.0,0,405.41,0.0,1,2.67,4.23,SPY210630P00364000,364.0,0,0.0,0.0,,0.0,normalDay
2021-05-13,1677.0,-12.0,0.0,0,410.28,0.0,1,2.67,2.79,SPY210630P00364000,364.0,0,0.0,0.0,,0.0,normalDay
2021-05-14,1677.0,110.0,0.0,0,416.58,0.0,1,2.67,1.57,SPY210630P00364000,364.0,0,0.0,0.0,,0.0,normalDay
2021-05-17,1677.0,101.0,0.0,0,415.52,0.0,1,2.67,1.66,SPY210630P00364000,364.0,0,0.0,0.0,,0.0,normalDay
2021-05-18,1677.0,64.0,0.0,0,411.94,0.0,1,2.67,2.03,SPY210630P00364000,364.0,0,0.0,0.0,,0.0,normalDay
2021-05-19,1677.0,50.0,0.0,0,410.86,0.0,1,2.67,2.17,SPY210630P00364000,364.0,0,0.0,0.0,,0.0,normalDay
2021-05-20,1677.0,103.0,0.0,0,415.28,0.0,1,2.67,1.64,SPY210630P00364000,364.0,0,0.0,0.0,,0.0,normalDay
2021-05-21,1677.0,115.0,0.0,0,414.94,0.0,1,2.67,1.52,SPY210630P00364000,364.0,0,0.0,0.0,,0.0,normalDay
2021-05-24,1677.0,167.0,0.0,0,419.17,0.0,1,2.67,1.0,SPY210630P00364000,364.0,0,0.0,0.0,,0.0,normalDay
2021-05-25,1677.0,166.0,0.0,0,418.24,0.0,1,2.67,1.01,SPY210630P00364000,364.0,0,0.0,0.0,,0.0,normalDay
2021-05-26,1677.0,191.0,0.0,0,419.07,0.0,1,2.67,0.76,SPY210630P00364000,364.0,0,0.0,0.0,,0.0,normalDay
2021-05-27,1677.0,202.0,0.0,0,419.29,0.0,1,2.67,0.65,SPY210630P00364000,364.0,0,0.0,0.0,,0.0,normalDay
2021-05-28,1677.0,202.0,0.0,0,420.04,0.0,1,2.67,0.65,SPY210630P00364000,364.0,0,0.0,0.0,,0.0,normalDay
2021-06-01,1677.0,205.0,0.0,0,419.67,0.0,1,2.67,0.62,SPY210630P00364000,364.0,0,0.0,0.0,,0.0,normalDay
2021-06-02,1677.0,213.0,0.0,0,420.33,0.0,1,2.67,0.54,SPY210630P00364000,364.0,0,0.0,0.0,,0.0,normalDay
2021-06-03,1677.0,210.0,0.0,0,418.77,0.0,1,2.67,0.57,SPY210630P00364000,364.0,0,0.0,0.0,,0.0,normalDay
2021-06-04,1677.0,226.0,0.0,0,422.6,0.0,1,2.67,0.41,SPY210630P00364000,364.0,0,0.0,0.0,,0.0,normalDay
2021-06-07,1677.0,233.0,0.0,0,422.19,0.0,1,2.67,0.34,SPY210630P00364000,364.0,0,0.0,0.0,,0.0,normalDay
2021-06-08,1677.0,231.0,0.0,0,422.28,0.0,1,2.67,0.36,SPY210630P00364000,364.0,0,0.0,0.0,,0.0,normalDay
2021-06-09,1677.0,226.0,0.0,0,421.65,0.0,1,2.67,0.41,SPY210630P00364000,364.0,0,0.0,0.0,,0.0,normalDay
2021-06-10,1677.0,239.0,0.0,0,423.61,0.0,1,2.67,0.28,SPY210630P00364000,364.0,0,0.0,0.0,,0.0,normalDay
2021-06-11,1677.0,243.0,0.0,0,424.31,0.0,1,2.67,0.24,SPY210630P00364000,364.0,0,0.0,0.0,,0.0,normalDay
2021-06-14,1677.0,247.0,0.0,0,425.26,0.0,1,2.67,0.2,SPY210630P00364000,364.0,0,0.0,0.0,,0.0,normalDay
2021-06-15,1677.0,245.0,0.0,0,424.48,0.0,1,2.67,0.22,SPY210630P00364000,364.0,0,0.0,0.0,,0.0,normalDay
2021-06-16,1677.0,242.0,0.0,0,422.11,0.0,1,2.67,0.25,SPY210630P00364000,364.0,0,0.0,0.0,,0.0,normalDay
2021-06-17,1677.0,245.0,0.0,0,421.97,0.0,1,2.67,0.22,SPY210630P00364000,364.0,0,0.0,0.0,,0.0,normalDay
2021-06-18,1677.0,233.0,0.0,0,414.92,0.0,1,2.67,0.34,SPY210630P00364000,364.0,0,0.0,0.0,,0.0,normalDay
2021-06-21,1677.0,254.0,0.0,0,420.86,0.0,1,2.67,0.13,SPY210630P00364000,364.0,0,0.0,0.0,,0.0,normalDay
2021-06-22,1677.0,259.0,0.0,0,423.11,0.0,1,2.67,0.08,SPY210630P00364000,364.0,0,0.0,0.0,,0.0,normalDay
2021-06-23,1677.0,263.0,0.0,0,422.6,0.0,1,2.67,0.04,SPY210630P00364000,364.0,0,0.0,0.0,,0.0,normalDay
2021-06-24,1677.0,264.0,0.0,0,425.1,0.0,1,2.67,0.03,SPY210630P00364000,364.0,0,0.0,0.0,,0.0,normalDay
2021-06-25,1677.0,264.0,0.0,0,426.61,0.0,1,2.67,0.03,SPY210630P00364000,364.0,0,0.0,0.0,,0.0,normalDay
2021-06-28,1677.0,266.0,0.0,0,427.47,0.0,1,2.67,0.01,SPY210630P00364000,364.0,0,0.0,0.0,,0.0,normalDay
2021-06-29,1677.0,266.0,0.0,0,427.7,0.0,1,2.67,0.01,SPY210630P00364000,364.0,0,0.0,0.0,,0.0,normalDay
2021-06-30,1944.0,0.0,267.0,0,428.06,0.0,1,2.67,0.0,SPY210630P00364000,364.0,0,0.0,0.0,,0.0,expirationDay
2021-07-01,1944.0,-4.0,0.0,0,430.43,0.0,1,6.2,6.24,SPY210917P00411000,411.0,0,0.0,0.0,,0.0,normalDay
2021-07-02,1944.0,64.0,0.0,0,433.72,0.0,1,6.2,5.56,SPY210917P00411000,411.0,0,0.0,0.0,,0.0,normalDay
2021-07-06,1944.0,34.0,0.0,0,432.93,0.0,1,6.2,5.86,SPY210917P00411000,411.0,0,0.0,0.0,,0.0,normalDay
2021-07-07,1944.0,57.0,0.0,0,434.46,0.0,1,6.2,5.63,SPY210917P00411000,411.0,0,0.0,0.0,,0.0,normalDay
2021-07-08,1944.0,-74.0,0.0,0,430.92,0.0,1,6.2,6.94,SPY210917P00411000,411.0,0,0.0,0.0,,0.0,normalDay
2021-07-09,1944.0,94.0,0.0,0,435.52,0.0,1,6.2,5.26,SPY210917P00411000,411.0,0,0.0,0.0,,0.0,normalDay
2021-07-12,1944.0,134.0,0.0,0,437.08,0.0,1,6.2,4.86,SPY210917P00411000,411.0,0,0.0,0.0,,0.0,normalDay
2021-07-13,1944.0,76.0,0.0,0,435.59,0.0,1,6.2,5.44,SPY210917P00411000,411.0,0,0.0,0.0,,0.0,normalDay
2021-07-14,1944.0,118.0,0.0,0,436.24,0.0,1,6.2,5.02,SPY210917P00411000,411.0,0,0.0,0.0,,0.0,normalDay
2021-07-15,1944.0,74.0,0.0,0,434.75,0.0,1,6.2,5.46,SPY210917P00411000,411.0,0,0.0,0.0,,0.0,normalDay
2021-07-16,1944.0,-17.0,0.0,0,431.34,0.0,1,6.2,6.37,SPY210917P00411000,411.0,0,0.0,0.0,,0.0,normalDay
2021-07-19,1944.0,-257.0,0.0,0,424.97,0.0,1,6.2,8.77,SPY210917P00411000,411.0,0,0.0,0.0,,0.0,normalDay
2021-07-20,1944.0,-28.0,0.0,0,431.06,0.0,1,6.2,6.48,SPY210917P00411000,411.0,0,0.0,0.0,,0.0,normalDay
2021-07-21,1944.0,110.0,0.0,0,434.55,0.0,1,6.2,5.1,SPY210917P00411000,411.0,0,0.0,0.0,,0.0,normalDay
2021-07-22,1944.0,130.0,0.0,0,435.46,0.0,1,6.2,4.9,SPY210917P00411000,411.0,0,0.0,0.0,,0.0,normalDay
2021-07-23,1944.0,208.0,0.0,0,439.94,0.0,1,6.2,4.12,SPY210917P00411000,411.0,0,0.0,0.0,,0.0,normalDay
2021-07-26,1944.0,244.0,0.0,0,441.02,0.0,1,6.2,3.76,SPY210917P00411000,411.0,0,0.0,0.0,,0.0,normalDay
2021-07-27,1944.0,170.0,0.0,0,439.01,0.0,1,6.2,4.5,SPY210917P00411000,411.0,0,0.0,0.0,,0.0,normalDay
2021-07-28,1944.0,209.0,0.0,0,438.83,0.0,1,6.2,4.11,SPY210917P00411000,411.0,0,0.0,0.0,,0.0,normalDay
2021-07-29,1944.0,266.0,0.0,0,440.65,0.0,1,6.2,3.54,SPY210917P00411000,411.0,0,0.0,0.0,,0.0,normalDay
2021-07-30,1944.0,241.0,0.0,0,438.51,0.0,1,6.2,3.79,SPY210917P00411000,411.0,0,0.0,0.0,,0.0,normalDay
2021-08-02,1944.0,209.0,0.0,0,437.59,0.0,1,6.2,4.11,SPY210917P00411000,411.0,0,0.0,0.0,,0.0,normalDay
2021-08-03,1944.0,299.0,0.0,0,441.15,0.0,1,6.2,3.21,SPY210917P00411000,411.0,0,0.0,0.0,,0.0,normalDay
2021-08-04,1944.0,286.0,0.0,0,438.98,0.0,1,6.2,3.34,SPY210917P00411000,411.0,0,0.0,0.0,,0.0,normalDay
2021-08-05,1944.0,338.0,0.0,0,441.76,0.0,1,6.2,2.82,SPY210917P00411000,411.0,0,0.0,0.0,,0.0,normalDay
2021-08-06,1944.0,377.0,0.0,0,442.49,0.0,1,6.2,2.43,SPY210917P00411000,411.0,0,0.0,0.0,,0.0,normalDay
2021-08-09,1944.0,385.0,0.0,0,442.13,0.0,1,6.2,2.35,SPY210917P00411000,411.0,0,0.0,0.0,,0.0,normalDay
2021-08-10,1944.0,392.0,0.0,0,442.68,0.0,1,6.2,2.28,SPY210917P00411000,411.0,0,0.0,0.0,,0.0,normalDay
2021-08-11,1944.0,421.0,0.0,0,443.78,0.0,1,6.2,1.99,SPY210917P00411000,411.0,0,0.0,0.0,,0.0,normalDay
2021-08-12,1944.0,447.0,0.0,0,445.11,0.0,1,6.2,1.73,SPY210917P00411000,411.0,0,0.0,0.0,,0.0,normalDay
2021-08-13,1944.0,463.0,0.0,0,445.92,0.0,1,6.2,1.57,SPY210917P00411000,411.0,0,0.0,0.0,,0.0,normalDay
2021-08-16,1944.0,475.0,0.0,0,446.97,0.0,1,6.2,1.45,SPY210917P00411000,411.0,0,0.0,0.0,,0.0,normalDay
2021-08-17,1944.0,423.0,0.0,0,444.04,0.0,1,6.2,1.97,SPY210917P00411000,411.0,0,0.0,0.0,,0.0,normalDay
2021-08-18,1944.0,315.0,0.0,0,439.18,0.0,1,6.2,3.05,SPY210917P00411000,411.0,0,0.0,0.0,,0.0,normalDay
2021-08-19,1944.0,325.0,0.0,0,439.86,0.0,1,6.2,2.95,SPY210917P00411000,411.0,0,0.0,0.0,,0.0,normalDay
2021-08-20,1944.0,436.0,0.0,0,443.36,0.0,1,6.2,1.84,SPY210917P00411000,411.0,0,0.0,0.0,,0.0,normalDay
2021-08-23,1944.0,511.0,0.0,0,447.26,0.0,1,6.2,1.09,SPY210917P00411000,411.0,0,0.0,0.0,,0.0,normalDay
2021-08-24,1944.0,519.0,0.0,0,447.97,0.0,1,6.2,1.01,SPY210917P00411000,411.0,0,0.0,0.0,,0.0,normalDay
2021-08-25,1944.0,534.0,0.0,0,448.91,0.0,1,6.2,0.86,SPY210917P00411000,411.0,0,0.0,0.0,,0.0,normalDay
2021-08-26,1944.0,499.0,0.0,0,446.26,0.0,1,6.2,1.21,SPY210917P00411000,411.0,0,0.0,0.0,,0.0,normalDay
2021-08-27,1944.0,551.0,0.0,0,450.25,0.0,1,6.2,0.69,SPY210917P00411000,411.0,0,0.0,0.0,,0.0,normalDay
2021-08-30,1944.0,573.0,0.0,0,452.23,0.0,1,6.2,0.47,SPY210917P00411000,411.0,0,0.0,0.0,,0.0,normalDay
2021-08-31,1944.0,569.0,0.0,0,451.56,0.0,1,6.2,0.51,SPY210917P00411000,411.0,0,0.0,0.0,,0.0,normalDay
2021-09-01,1944.0,579.0,0.0,0,451.8,0.0,1,6.2,0.41,SPY210917P00411000,411.0,0,0.0,0.0,,0.0,normalDay
2021-09-02,1944.0,577.0,0.0,0,453.19,0.0,1,6.2,0.43,SPY210917P00411000,411.0,0,0.0,0.0,,0.0,normalDay
2021-09-03,1944.0,584.0,0.0,0,453.08,0.0,1,6.2,0.36,SPY210917P00411000,411.0,0,0.0,0.0,,0.0,normalDay
2021-09-07,1944.0,588.0,0.0,0,451.46,0.0,1,6.2,0.32,SPY210917P00411000,411.0,0,0.0,0.0,,0.0,normalDay
2021-09-08,1944.0,594.0,0.0,0,450.91,0.0,1,6.2,0.26,SPY210917P00411000,411.0,0,0.0,0.0,,0.0,normalDay
2021-09-09,1944.0,591.0,0.0,0,448.98,0.0,1,6.2,0.29,SPY210917P00411000,411.0,0,0.0,0.0,,0.0,normalDay
2021-09-10,1944.0,557.0,0.0,0,445.44,0.0,1,6.2,0.63,SPY210917P00411000,411.0,0,0.0,0.0,,0.0,normalDay
2021-09-13,1944.0,593.0,0.0,0,446.58,0.0,1,6.2,0.27,SPY210917P00411000,411.0,0,0.0,0.0,,0.0,normalDay
2021-09-14,1944.0,603.0,0.0,0,444.17,0.0,1,6.2,0.17,SPY210917P00411000,411.0,0,0.0,0.0,,0.0,normalDay
2021-09-15,1944.0,612.0,0.0,0,447.88,0.0,1,6.2,0.08,SPY210917P00411000,411.0,0,0.0,0.0,,0.0,normalDay
2021-09-16,1944.0,617.0,0.0,0,447.17,0.0,1,6.2,0.03,SPY210917P00411000,411.0,0,0.0,0.0,,0.0,normalDay
2021-09-17,2564.0,0.0,620.0,0,441.4,0.0,1,6.2,0.0,SPY210917P00411000,411.0,0,0.0,0.0,,0.0,expirationDay
2021-09-20,2564.0,-6.0,0.0,0,434.04,0.0,1,12.54,12.6,SPY211119P00430000,430.0,0,0.0,0.0,,0.0,normalDay
2021-09-21,2564.0,27.0,0.0,0,433.63,0.0,1,12.54,12.27,SPY211119P00430000,430.0,0,0.0,0.0,,0.0,normalDay
2021-09-22,2564.0,302.0,0.0,0,437.86,0.0,1,12.54,9.52,SPY211119P00430000,430.0,0,0.0,0.0,,0.0,normalDay
2021-09-23,2564.0,535.0,0.0,0,443.18,0.0,1,12.54,7.19,SPY211119P00430000,430.0,0,0.0,0.0,,0.0,normalDay
2021-09-24,2564.0,594.0,0.0,0,443.91,0.0,1,12.54,6.6,SPY211119P00430000,430.0,0,0.0,0.0,,0.0,normalDay
2021-09-27,2564.0,555.0,0.0,0,442.64,0.0,1,12.54,6.99,SPY211119P00430000,430.0,0,0.0,0.0,,0.0,normalDay
2021-09-28,2564.0,175.0,0.0,0,433.72,0.0,1,12.54,10.79,SPY211119P00430000,430.0,0,0.0,0.0,,0.0,normalDay
2021-09-29,2564.0,218.0,0.0,0,434.45,0.0,1,12.54,10.36,SPY211119P00430000,430.0,0,0.0,0.0,,0.0,normalDay
2021-09-30,2564.0,24.0,0.0,0,429.14,0.0,1,12.54,12.3,SPY211119P00430000,430.0,0,0.0,0.0,,0.0,normalDay
2021-10-01,2564.0,281.0,0.0,0,434.24,0.0,1,12.54,9.73,SPY211119P00430000,430.0,0,0.0,0.0,,0.0,normalDay
2021-10-04,2564.0,43.0,0.0,0,428.64,0.0,1,12.54,12.11,SPY211119P00430000,430.0,0,0.0,0.0,,0.0,normalDay
2021-10-05,2564.0,274.0,0.0,0,433.1,0.0,1,12.54,9.8,SPY211119P00430000,430.0,0,0.0,0.0,,0.0,normalDay
2021-10-06,2564.0,350.0,0.0,0,434.9,0.0,1,12.54,9.04,SPY211119P00430000,430.0,0,0.0,0.0,,0.0,normalDay
2021-10-07,2564.0,546.0,0.0,0,438.66,0.0,1,12.54,7.08,SPY211119P00430000,430.0,0,0.0,0.0,,0.0,normalDay
2021-10-08,2564.0,531.0,0.0,0,437.86,0.0,1,12.54,7.23,SPY211119P00430000,430.0,0,0.0,0.0,,0.0,normalDay
2021-10-11,2564.0,441.0,0.0,0,434.69,0.0,1,12.54,8.13,SPY211119P00430000,430.0,0,0.0,0.0,,0.0,normalDay
2021-10-12,2564.0,415.0,0.0,0,433.62,0.0,1,12.54,8.39,SPY211119P00430000,430.0,0,0.0,0.0,,0.0,normalDay
2021-10-13,2564.0,565.0,0.0,0,435.18,0.0,1,12.54,6.89,SPY211119P00430000,430.0,0,0.0,0.0,,0.0,normalDay
2021-10-14,2564.0,827.0,0.0,0,442.5,0.0,1,12.54,4.27,SPY211119P00430000,430.0,0,0.0,0.0,,0.0,normalDay
2021-10-15,2564.0,906.0,0.0,0,445.87,0.0,1,12.54,3.48,SPY211119P00430000,430.0,0,0.0,0.0,,0.0,normalDay
2021-10-18,2564.0,953.0,0.0,0,447.19,0.0,1,12.54,3.01,SPY211119P00430000,430.0,0,0.0,0.0,,0.0,normalDay
2021-10-19,2564.0,1024.0,0.0,0,450.64,0.0,1,12.54,2.3,SPY211119P00430000,430.0,0,0.0,0.0,,0.0,normalDay
2021-10-20,2564.0,1047.0,0.0,0,452.41,0.0,1,12.54,2.07,SPY211119P00430000,430.0,0,0.0,0.0,,0.0,normalDay
2021-10-21,2564.0,1076.0,0.0,0,453.59,0.0,1,12.54,1.78,SPY211119P00430000,430.0,0,0.0,0.0,,0.0,normalDay
2021-10-22,2564.0,1066.0,0.0,0,453.12,0.0,1,12.54,1.88,SPY211119P00430000,430.0,0,0.0,0.0,,0.0,normalDay
2021-10-25,2564.0,1110.0,0.0,0,455.55,0.0,1,12.54,1.44,SPY211119P00430000,430.0,0,0.0,0.0,,0.0,normalDay
2021-10-26,2564.0,1108.0,0.0,0,455.96,0.0,1,12.54,1.46,SPY211119P00430000,430.0,0,0.0,0.0,,0.0,normalDay
2021-10-27,2564.0,1077.0,0.0,0,453.94,0.0,1,12.54,1.77,SPY211119P00430000,430.0,0,0.0,0.0,,0.0,normalDay
2021-10-28,2564.0,1127.0,0.0,0,458.32,0.0,1,12.54,1.27,SPY211119P00430000,430.0,0,0.0,0.0,,0.0,normalDay
2021-10-29,2564.0,1143.0,0.0,0,459.25,0.0,1,12.54,1.11,SPY211119P00430000,430.0,0,0.0,0.0,,0.0,normalDay
2021-11-01,2564.0,1170.0,0.0,0,460.04,0.0,1,12.54,0.84,SPY211119P00430000,430.0,0,0.0,0.0,,0.0,normalDay
2021-11-02,2564.0,1184.0,0.0,0,461.9,0.0,1,12.54,0.7,SPY211119P00430000,430.0,0,0.0,0.0,,0.0,normalDay
2021-11-03,2564.0,1210.0,0.0,0,464.72,0.0,1,12.54,0.44,SPY211119P00430000,430.0,0,0.0,0.0,,0.0,normalDay
2021-11-04,2564.0,1214.0,0.0,0,466.91,0.0,1,12.54,0.4,SPY211119P00430000,430.0,0,0.0,0.0,,0.0,normalDay
2021-11-05,2564.0,1218.0,0.0,0,468.53,0.0,1,12.54,0.36,SPY211119P00430000,430.0,0,0.0,0.0,,0.0,normalDay
2021-11-08,2564.0,1225.0,0.0,0,468.93,0.0,1,12.54,0.29,SPY211119P00430000,430.0,0,0.0,0.0,,0.0,normalDay
2021-11-09,2564.0,1227.0,0.0,0,467.38,0.0,1,12.54,0.27,SPY211119P00430000,430.0,0,0.0,0.0,,0.0,normalDay
2021-11-10,2564.0,1226.0,0.0,0,463.62,0.0,1,12.54,0.28,SPY211119P00430000,430.0,0,0.0,0.0,,0.0,normalDay
2021-11-11,2564.0,1237.0,0.0,0,463.77,0.0,1,12.54,0.17,SPY211119P00430000,430.0,0,0.0,0.0,,0.0,normalDay
2021-11-12,2564.0,1246.0,0.0,0,467.27,0.0,1,12.54,0.08,SPY211119P00430000,430.0,0,0.0,0.0,,0.0,normalDay
2021-11-15,2564.0,1250.0,0.0,0,467.43,0.0,1,12.54,0.04,SPY211119P00430000,430.0,0,0.0,0.0,,0.0,normalDay
2021-11-16,2564.0,1250.0,0.0,0,469.28,0.0,1,12.54,0.04,SPY211119P00430000,430.0,0,0.0,0.0,,0.0,normalDay
2021-11-17,2564.0,1252.0,0.0,0,468.14,0.0,1,12.54,0.02,SPY211119P00430000,430.0,0,0.0,0.0,,0.0,normalDay
2021-11-18,2564.0,1253.0,0.0,0,469.73,0.0,1,12.54,0.01,SPY211119P00430000,430.0,0,0.0,0.0,,0.0,normalDay
2021-11-19,3818.0,0.0,1254.0,0,468.89,0.0,1,12.54,0.0,SPY211119P00430000,430.0,0,0.0,0.0,,0.0,expirationDay
2021-11-22,3818.0,-5.0,0.0,0,467.57,0.0,1,6.41,6.46,SPY220121P00445000,445.0,0,0.0,0.0,,0.0,normalDay
2021-11-23,3818.0,21.0,0.0,0,468.19,0.0,1,6.41,6.2,SPY220121P00445000,445.0,0,0.0,0.0,,0.0,normalDay
2021-11-24,3818.0,83.0,0.0,0,469.44,0.0,1,6.41,5.58,SPY220121P00445000,445.0,0,0.0,0.0,,0.0,normalDay
2021-11-26,3818.0,-634.0,0.0,0,458.97,0.0,1,6.41,12.75,SPY220121P00445000,445.0,0,0.0,0.0,,0.0,normalDay
2021-11-29,3818.0,-105.0,0.0,0,464.6,0.0,1,6.41,7.46,SPY220121P00445000,445.0,0,0.0,0.0,,0.0,normalDay
2021-11-30,3818.0,-401.0,0.0,0,455.56,0.0,1,6.41,10.42,SPY220121P00445000,445.0,0,0.0,0.0,,0.0,normalDay
2021-12-01,3818.0,-779.0,0.0,0,450.5,0.0,1,6.41,14.2,SPY220121P00445000,445.0,0,0.0,0.0,,0.0,normalDay
2021-12-02,3818.0,-428.0,0.0,0,457.4,0.0,1,6.41,10.69,SPY220121P00445000,445.0,0,0.0,0.0,,0.0,normalDay
2021-12-03,3818.0,-617.0,0.0,0,453.42,0.0,1,6.41,12.58,SPY220121P00445000,445.0,0,0.0,0.0,,0.0,normalDay
2021-12-06,3818.0,-307.0,0.0,0,458.79,0.0,1,6.41,9.48,SPY220121P00445000,445.0,0,0.0,0.0,,0.0,normalDay
2021-12-07,3818.0,72.0,0.0,0,468.28,0.0,1,6.41,5.69,SPY220121P00445000,445.0,0,0.0,0.0,,0.0,normalDay
2021-12-08,3818.0,166.0,0.0,0,469.52,0.0,1,6.41,4.75,SPY220121P00445000,445.0,0,0.0,0.0,,0.0,normalDay
2021-12-09,3818.0,84.0,0.0,0,466.35,0.0,1,6.41,5.57,SPY220121P00445000,445.0,0,0.0,0.0,,0.0,normalDay
2021-12-10,3818.0,233.0,0.0,0,470.74,0.0,1,6.41,4.08,SPY220121P00445000,445.0,0,0.0,0.0,,0.0,normalDay
2021-12-13,3818.0,149.0,0.0,0,466.57,0.0,1,6.41,4.92,SPY220121P00445000,445.0,0,0.0,0.0,,0.0,normalDay
2021-12-14,3818.0,50.0,0.0,0,463.36,0.0,1,6.41,5.91,SPY220121P00445000,445.0,0,0.0,0.0,,0.0,normalDay
2021-12-15,3818.0,276.0,0.0,0,470.6,0.0,1,6.41,3.65,SPY220121P00445000,445.0,0,0.0,0.0,,0.0,normalDay
2021-12-16,3818.0,194.0,0.0,0,466.45,0.0,1,6.41,4.47,SPY220121P00445000,445.0,0,0.0,0.0,,0.0,normalDay
2021-12-17,3818.0,59.0,0.0,0,459.87,0.0,1,6.41,5.82,SPY220121P00445000,445.0,0,0.0,0.0,,0.0,normalDay
2021-12-20,3818.0,-72.0,0.0,0,454.98,0.0,1,6.41,7.13,SPY220121P00445000,445.0,0,0.0,0.0,,0.0,normalDay
2021-12-21,3818.0,179.0,0.0,0,463.06,0.0,1,6.41,4.62,SPY220121P00445000,445.0,0,0.0,0.0,,0.0,normalDay
2021-12-22,3818.0,340.0,0.0,0,467.69,0.0,1,6.41,3.01,SPY220121P00445000,445.0,0,0.0,0.0,,0.0,normalDay
2021-12-23,3818.0,411.0,0.0,0,470.6,0.0,1,6.41,2.3,SPY220121P00445000,445.0,0,0.0,0.0,,0.0,normalDay
2021-12-27,3818.0,507.0,0.0,0,477.26,0.0,1,6.41,1.34,SPY220121P00445000,445.0,0,0.0,0.0,,0.0,normalDay
2021-12-28,3818.0,517.0,0.0,0,476.87,0.0,1,6.41,1.24,SPY220121P00445000,445.0,0,0.0,0.0,,0.0,normalDay
2021-12-29,3818.0,543.0,0.0,0,477.48,0.0,1,6.41,0.98,SPY220121P00445000,445.0,0,0.0,0.0,,0.0,normalDay
2021-12-30,3818.0,532.0,0.0,0,476.16,0.0,1,6.41,1.09,SPY220121P00445000,445.0,0,0.0,0.0,,0.0,normalDay
2021-12-31,3818.0,541.0,0.0,0,474.96,0.0,1,6.41,1.0,SPY220121P00445000,445.0,0,0.0,0.0,,0.0,normalDay
2022-01-03,3818.0,580.0,0.0,0,477.71,0.0,1,6.41,0.61,SPY220121P00445000,445.0,0,0.0,0.0,,0.0,normalDay
2022-01-04,3818.0,581.0,0.0,0,477.55,0.0,1,6.41,0.6,SPY220121P00445000,445.0,0,0.0,0.0,,0.0,normalDay
2022-01-05,3818.0,485.0,0.0,0,468.38,0.0,1,6.41,1.56,SPY220121P00445000,445.0,0,0.0,0.0,,0.0,normalDay
2022-01-06,3818.0,507.0,0.0,0,467.94,0.0,1,6.41,1.34,SPY220121P00445000,445.0,0,0.0,0.0,,0.0,normalDay
2022-01-07,3818.0,537.0,0.0,0,466.09,0.0,1,6.41,1.04,SPY220121P00445000,445.0,0,0.0,0.0,,0.0,normalDay
2022-01-10,3818.0,535.0,0.0,0,465.51,0.0,1,6.41,1.06,SPY220121P00445000,445.0,0,0.0,0.0,,0.0,normalDay
2022-01-11,3818.0,579.0,0.0,0,469.75,0.0,1,6.41,0.62,SPY220121P00445000,445.0,0,0.0,0.0,,0.0,normalDay
2022-01-12,3818.0,611.0,0.0,0,471.02,0.0,1,6.41,0.3,SPY220121P00445000,445.0,0,0.0,0.0,,0.0,normalDay
2022-01-13,3818.0,558.0,0.0,0,464.53,0.0,1,6.41,0.83,SPY220121P00445000,445.0,0,0.0,0.0,,0.0,normalDay
2022-01-14,3818.0,596.0,0.0,0,464.72,0.0,1,6.41,0.45,SPY220121P00445000,445.0,0,0.0,0.0,,0.0,normalDay
2022-01-18,3818.0,538.0,0.0,0,456.49,0.0,1,6.41,1.03,SPY220121P00445000,445.0,0,0.0,0.0,,0.0,normalDay
2022-01-19,3818.0,534.0,0.0,0,451.75,0.0,1,6.41,1.07,SPY220121P00445000,445.0,0,0.0,0.0,,0.0,normalDay
2022-01-20,3818.0,436.0,0.0,0,446.75,0.0,1,6.41,2.05,SPY220121P00445000,445.0,0,0.0,0.0,,0.0,normalDay
2022-01-21,4459.0,-702.0,641.0,100,437.98,445.0,1,6.41,0.0,SPY220121P00445000,445.0,0,0.0,0.0,,0.0,expirationDay
2022-01-24,4459.0,-516.0,0.0,100,439.84,445.0,0,0.0,0.0,,0.0,0,0.0,0.0,,0.0,bidTooLow
2022-01-25,4459.0,-1053.0,0.0,100,434.47,445.0,0,0.0,0.0,,0.0,0,0.0,0.0,,0.0,bidTooLow
2022-01-26,4459.0,-1162.0,0.0,100,433.38,445.0,0,0.0,0.0,,0.0,0,0.0,0.0,,0.0,bidTooLow
2022-01-27,4459.0,-1376.0,0.0,100,431.24,445.0,0,0.0,0.0,,0.0,0,0.0,0.0,,0.0,bidTooLow
2022-01-28,4459.0,-305.0,0.0,100,441.95,445.0,0,0.0,0.0,,0.0,0,0.0,0.0,,0.0,bidTooLow
2022-01-31,4459.0,488.0,0.0,100,449.91,445.0,0,0.0,0.0,,0.0,1,0.03,0.06,SPY220202C00466000,466.0,normalDay
2022-02-01,4459.0,796.0,0.0,100,452.95,445.0,0,0.0,0.0,,0.0,1,0.03,0.02,SPY220202C00466000,466.0,normalDay
2022-02-02,4462.0,1235.0,3.0,100,457.35,445.0,0,0.0,0.0,,0.0,1,0.03,0.0,SPY220202C00466000,466.0,expirationDay
2022-02-03,4462.0,157.0,0.0,100,446.6,445.0,0,0.0,0.0,,0.0,1,0.09,0.12,SPY220204C00462000,462.0,normalDay
2022-02-04,4471.0,370.0,9.0,100,448.7,445.0,0,0.0,0.0,,0.0,1,0.09,0.0,SPY220204C00462000,462.0,expirationDay
2022-02-07,4471.0,223.0,0.0,100,447.26,445.0,0,0.0,0.0,,0.0,1,0.06,0.09,SPY220209C00460000,460.0,normalDay
2022-02-08,4471.0,596.0,0.0,100,450.94,445.0,0,0.0,0.0,,0.0,1,0.06,0.04,SPY220209C00460000,460.0,normalDay
2022-02-09,4477.0,1254.0,6.0,100,457.54,445.0,0,0.0,0.0,,0.0,1,0.06,0.0,SPY220209C00460000,460.0,expirationDay
2022-02-10,4477.0,429.0,0.0,100,449.32,445.0,0,0.0,0.0,,0.0,1,0.47,0.5,SPY220211C00455000,455.0,normalDay
2022-02-11,4524.0,-454.0,47.0,100,440.46,445.0,0,0.0,0.0,,0.0,1,0.47,0.0,SPY220211C00455000,455.0,expirationDay
2022-02-14,4524.0,-601.0,0.0,100,439.02,445.0,0,0.0,0.0,,0.0,1,0.23,0.26,SPY220216C00451000,451.0,normalDay
2022-02-15,4524.0,96.0,0.0,100,446.1,445.0,0,0.0,0.0,,0.0,1,0.23,0.37,SPY220216C00451000,451.0,normalDay
2022-02-16,4547.0,160.0,23.0,100,446.6,445.0,0,0.0,0.0,,0.0,1,0.23,0.0,SPY220216C00451000,451.0,expirationDay
2022-02-17,4547.0,-797.0,0.0,100,437.06,445.0,0,0.0,0.0,,0.0,1,0.03,0.06,SPY220218C00450000,450.0,normalDay
2022-02-18,4550.0,-1077.0,3.0,100,434.23,445.0,0,0.0,0.0,,0.0,1,0.03,0.0,SPY220218C00450000,450.0,expirationDay
2022-02-22,4550.0,-1546.0,0.0,100,429.57,445.0,0,0.0,0.0,,0.0,1,0.07,0.1,SPY220225C00450000,450.0,normalDay
2022-02-23,4550.0,-2301.0,0.0,100,421.95,445.0,0,0.0,0.0,,0.0,1,0.07,0.03,SPY220225C00450000,450.0,normalDay
2022-02-24,4550.0,-1665.0,0.0,100,428.3,445.0,0,0.0,0.0,,0.0,1,0.07,0.02,SPY220225C00450000,450.0,normalDay
2022-02-25,4557.0,-725.0,7.0,100,437.75,445.0,0,0.0,0.0,,0.0,1,0.07,0.0,SPY220225C00450000,450.0,expirationDay
2022-02-28,4557.0,-840.0,0.0,100,436.63,445.0,0,0.0,0.0,,0.0,1,0.18,0.21,SPY220302C00450000,450.0,normalDay
2022-03-01,4557.0,-1486.0,0.0,100,429.98,445.0,0,0.0,0.0,,0.0,1,0.18,0.02,SPY220302C00450000,450.0,normalDay
2022-03-02,4575.0,-711.0,18.0,100,437.89,445.0,0,0.0,0.0,,0.0,1,0.18,0.0,SPY220302C00450000,450.0,expirationDay
2022-03-03,4575.0,-932.0,0.0,100,435.71,445.0,0,0.0,0.0,,0.0,1,0.08,0.11,SPY220304C00446000,446.0,normalDay
2022-03-04,4583.0,-1283.0,8.0,100,432.17,445.0,0,0.0,0.0,,0.0,1,0.08,0.0,SPY220304C00446000,446.0,expirationDay
2022-03-07,4583.0,-2557.0,0.0,100,419.43,445.0,0,0.0,0.0,,0.0,0,0.0,0.0,,0.0,bidTooLow
2022-03-08,4583.0,-2878.0,0.0,100,416.25,445.0,0,0.0,0.0,,0.0,1,0.04,0.07,SPY220311C00444000,444.0,normalDay
2022-03-09,4583.0,-1767.0,0.0,100,427.41,445.0,0,0.0,0.0,,0.0,1,0.04,0.12,SPY220311C00444000,444.0,normalDay
2022-03-10,4583.0,-1950.0,0.0,100,425.48,445.0,0,0.0,0.0,,0.0,1,0.04,0.02,SPY220311C00444000,444.0,normalDay
2022-03-11,4587.0,-2493.0,4.0,100,420.07,445.0,0,0.0,0.0,,0.0,1,0.04,0.0,SPY220311C00444000,444.0,expirationDay
2022-03-14,4587.0,-2803.0,0.0,100,417.0,445.0,0,0.0,0.0,,0.0,1,0.09,0.12,SPY220316C00437000,437.0,normalDay
2022-03-15,4587.0,-1894.0,0.0,100,426.17,445.0,0,0.0,0.0,,0.0,1,0.09,0.2,SPY220316C00437000,437.0,normalDay
2022-03-16,4596.0,-938.0,9.0,100,435.62,445.0,0,0.0,0.0,,0.0,1,0.09,0.0,SPY220316C00437000,437.0,expirationDay
2022-03-17,4596.0,-439.0,0.0,100,441.07,445.0,0,0.0,0.0,,0.0,1,4.94,5.4,SPY220318C00435000,435.0,normalDay
2022-03-18,4090.0,-439.0,-506.0,0,444.52,0.0,0,0.0,0.0,,0.0,1,4.94,0.0,SPY220318C00435000,435.0,expirationDay
2022-03-21,4090.0,-4.0,0.0,0,444.39,0.0,1,3.98,4.02,SPY220520P00395000,395.0,0,0.0,0.0,,0.0,normalDay
2022-03-22,4090.0,68.0,0.0,0,449.59,0.0,1,3.98,3.3,SPY220520P00395000,395.0,0,0.0,0.0,,0.0,normalDay
2022-03-23,4090.0,17.0,0.0,0,443.8,0.0,1,3.98,3.81,SPY220520P00395000,395.0,0,0.0,0.0,,0.0,normalDay
2022-03-24,4090.0,113.0,0.0,0,450.49,0.0,1,3.98,2.85,SPY220520P00395000,395.0,0,0.0,0.0,,0.0,normalDay
2022-03-25,4090.0,142.0,0.0,0,452.69,0.0,1,3.98,2.56,SPY220520P00395000,395.0,0,0.0,0.0,,0.0,normalDay
2022-03-28,4090.0,193.0,0.0,0,455.91,0.0,1,3.98,2.05,SPY220520P00395000,395.0,0,0.0,0.0,,0.0,normalDay
2022-03-29,4090.0,237.0,0.0,0,461.55,0.0,1,3.98,1.61,SPY220520P00395000,395.0,0,0.0,0.0,,0.0,normalDay
2022-03-30,4090.0,234.0,0.0,0,458.7,0.0,1,3.98,1.64,SPY220520P00395000,395.0,0,0.0,0.0,,0.0,normalDay
2022-03-31,4090.0,188.0,0.0,0,451.64,0.0,1,3.98,2.1,SPY220520P00395000,395.0,0,0.0,0.0,,0.0,normalDay
2022-04-01,4090.0,216.0,0.0,0,452.92,0.0,1,3.98,1.82,SPY220520P00395000,395.0,0,0.0,0.0,,0.0,normalDay
2022-04-04,4090.0,269.0,0.0,0,456.8,0.0,1,3.98,1.29,SPY220520P00395000,395.0,0,0.0,0.0,,0.0,normalDay
2022-04-05,4090.0,211.0,0.0,0,451.03,0.0,1,3.98,1.87,SPY220520P00395000,395.0,0,0.0,0.0,,0.0,normalDay
2022-04-06,4090.0,180.0,0.0,0,446.52,0.0,1,3.98,2.18,SPY220520P00395000,395.0,0,0.0,0.0,,0.0,normalDay
2022-04-07,4090.0,208.0,0.0,0,448.77,0.0,1,3.98,1.9,SPY220520P00395000,395.0,0,0.0,0.0,,0.0,normalDay
2022-04-08,4090.0,216.0,0.0,0,447.57,0.0,1,3.98,1.82,SPY220520P00395000,395.0,0,0.0,0.0,,0.0,normalDay
2022-04-11,4090.0,138.0,0.0,0,439.92,0.0,1,3.98,2.6,SPY220520P00395000,395.0,0,0.0,0.0,,0.0,normalDay
2022-04-12,4090.0,132.0,0.0,0,438.29,0.0,1,3.98,2.66,SPY220520P00395000,395.0,0,0.0,0.0,,0.0,normalDay
2022-04-13,4090.0,221.0,0.0,0,443.31,0.0,1,3.98,1.77,SPY220520P00395000,395.0,0,0.0,0.0,,0.0,normalDay
2022-04-14,4090.0,186.0,0.0,0,437.79,0.0,1,3.98,2.12,SPY220520P00395000,395.0,0,0.0,0.0,,0.0,normalDay
2022-04-18,4090.0,240.0,0.0,0,437.97,0.0,1,3.98,1.58,SPY220520P00395000,395.0,0,0.0,0.0,,0.0,normalDay
2022-04-19,4090.0,275.0,0.0,0,445.04,0.0,1,3.98,1.23,SPY220520P00395000,395.0,0,0.0,0.0,,0.0,normalDay
2022-04-20,4090.0,301.0,0.0,0,444.71,0.0,1,3.98,0.97,SPY220520P00395000,395.0,0,0.0,0.0,,0.0,normalDay
2022-04-21,4090.0,238.0,0.0,0,438.06,0.0,1,3.98,1.6,SPY220520P00395000,395.0,0,0.0,0.0,,0.0,normalDay
2022-04-22,4090.0,22.0,0.0,0,426.04,0.0,1,3.98,3.76,SPY220520P00395000,395.0,0,0.0,0.0,,0.0,normalDay
2022-04-25,4090.0,122.0,0.0,0,428.51,0.0,1,3.98,2.76,SPY220520P00395000,395.0,0,0.0,0.0,,0.0,normalDay
2022-04-26,4090.0,-227.0,0.0,0,416.1,0.0,1,3.98,6.25,SPY220520P00395000,395.0,0,0.0,0.0,,0.0,normalDay
2022-04-27,4090.0,-91.0,0.0,0,417.27,0.0,1,3.98,4.89,SPY220520P00395000,395.0,0,0.0,0.0,,0.0,normalDay
2022-04-28,4090.0,70.0,0.0,0,427.81,0.0,1,3.98,3.28,SPY220520P00395000,395.0,0,0.0,0.0,,0.0,normalDay
2022-04-29,4090.0,-203.0,0.0,0,412.0,0.0,1,3.98,6.01,SPY220520P00395000,395.0,0,0.0,0.0,,0.0,normalDay
2022-05-02,4090.0,-80.0,0.0,0,414.48,0.0,1,3.98,4.78,SPY220520P00395000,395.0,0,0.0,0.0,,0.0,normalDay
2022-05-03,4090.0,50.0,0.0,0,416.38,0.0,1,3.98,3.48,SPY220520P00395000,395.0,0,0.0,0.0,,0.0,normalDay
2022-05-04,4090.0,262.0,0.0,0,429.06,0.0,1,3.98,1.36,SPY220520P00395000,395.0,0,0.0,0.0,,0.0,normalDay
2022-05-05,4090.0,-23.0,0.0,0,413.81,0.0,1,3.98,4.21,SPY220520P00395000,395.0,0,0.0,0.0,,0.0,normalDay
2022-05-06,4090.0,-6.0,0.0,0,411.34,0.0,1,3.98,4.04,SPY220520P00395000,395.0,0,0.0,0.0,,0.0,normalDay
2022-05-09,4090.0,-378.0,0.0,0,398.17,0.0,1,3.98,7.76,SPY220520P00395000,395.0,0,0.0,0.0,,0.0,normalDay
2022-05-10,4090.0,-299.0,0.0,0,399.09,0.0,1,3.98,6.97,SPY220520P00395000,395.0,0,0.0,0.0,,0.0,normalDay
2022-05-11,4090.0,-492.0,0.0,0,392.75,0.0,1,3.98,8.9,SPY220520P00395000,395.0,0,0.0,0.0,,0.0,normalDay
2022-05-12,4090.0,-507.0,0.0,0,392.34,0.0,1,3.98,9.05,SPY220520P00395000,395.0,0,0.0,0.0,,0.0,normalDay
2022-05-13,4090.0,-20.0,0.0,0,401.72,0.0,1,3.98,4.18,SPY220520P00395000,395.0,0,0.0,0.0,,0.0,normalDay
2022-05-16,4090.0,74.0,0.0,0,400.09,0.0,1,3.98,3.24,SPY220520P00395000,395.0,0,0.0,0.0,,0.0,normalDay
2022-05-17,4090.0,314.0,0.0,0,408.32,0.0,1,3.98,0.84,SPY220520P00395000,395.0,0,0.0,0.0,,0.0,normalDay
2022-05-18,4090.0,-235.0,0.0,0,391.86,0.0,1,3.98,6.33,SPY220520P00395000,395.0,0,0.0,0.0,,0.0,normalDay
2022-05-19,4090.0,-282.0,0.0,0,389.46,0.0,1,3.98,6.8,SPY220520P00395000,395.0,0,0.0,0.0,,0.0,normalDay
2022-05-20,4488.0,-537.0,398.0,100,389.63,395.0,1,3.98,0.0,SPY220520P00395000,395.0,0,0.0,0.0,,0.0,expirationDay
2022-05-23,4488.0,189.0,0.0,100,396.92,395.0,0,0.0,0.0,,0.0,1,0.04,0.07,SPY220525C00415000,415.0,normalDay
2022-05-24,4488.0,-108.0,0.0,100,393.89,395.0,0,0.0,0.0,,0.0,1,0.04,0.01,SPY220525C00415000,415.0,normalDay
2022-05-25,4492.0,237.0,4.0,100,397.37,395.0,0,0.0,0.0,,0.0,1,0.04,0.0,SPY220525C00415000,415.0,expirationDay
2022-05-26,4492.0,1028.0,0.0,100,405.31,395.0,0,0.0,0.0,,0.0,1,0.4,0.43,SPY220527C00410000,410.0,normalDay
2022-05-27,6032.0,1028.0,1540.0,0,415.26,0.0,0,0.0,0.0,,0.0,1,0.4,0.0,SPY220527C00410000,410.0,expirationDay
2022-05-31,6032.0,-6.0,0.0,0,412.93,0.0,1,5.18,5.24,SPY220819P00360000,360.0,0,0.0,0.0,,0.0,normalDay
2022-06-01,6032.0,-12.0,0.0,0,409.59,0.0,1,5.18,5.3,SPY220819P00360000,360.0,0,0.0,0.0,,0.0,normalDay
2022-06-02,6032.0,106.0,0.0,0,417.39,0.0,1,5.18,4.12,SPY220819P00360000,360.0,0,0.0,0.0,,0.0,normalDay
2022-06-03,6032.0,40.0,0.0,0,410.54,0.0,1,5.18,4.78,SPY220819P00360000,360.0,0,0.0,0.0,,0.0,normalDay
2022-06-06,6032.0,87.0,0.0,0,411.79,0.0,1,5.18,4.31,SPY220819P00360000,360.0,0,0.0,0.0,,0.0,normalDay
2022-06-07,6032.0,150.0,0.0,0,415.74,0.0,1,5.18,3.68,SPY220819P00360000,360.0,0,0.0,0.0,,0.0,normalDay
2022-06-08,6032.0,121.0,0.0,0,411.22,0.0,1,5.18,3.97,SPY220819P00360000,360.0,0,0.0,0.0,,0.0,normalDay
2022-06-09,6032.0,-34.0,0.0,0,401.44,0.0,1,5.18,5.52,SPY220819P00360000,360.0,0,0.0,0.0,,0.0,normalDay
2022-06-10,6032.0,-261.0,0.0,0,389.8,0.0,1,5.18,7.79,SPY220819P00360000,360.0,0,0.0,0.0,,0.0,normalDay
2022-06-13,6032.0,-801.0,0.0,0,375.0,0.0,1,5.18,13.19,SPY220819P00360000,360.0,0,0.0,0.0,,0.0,normalDay
2022-06-14,6032.0,-756.0,0.0,0,373.87,0.0,1,5.18,12.74,SPY220819P00360000,360.0,0,0.0,0.0,,0.0,normalDay
2022-06-15,6032.0,-477.0,0.0,0,379.2,0.0,1,5.18,9.95,SPY220819P00360000,360.0,0,0.0,0.0,,0.0,normalDay
2022-06-16,6032.0,-925.0,0.0,0,366.65,0.0,1,5.18,14.43,SPY220819P00360000,360.0,0,0.0,0.0,,0.0,normalDay
2022-06-17,6032.0,-814.0,0.0,0,365.86,0.0,1,5.18,13.32,SPY220819P00360000,360.0,0,0.0,0.0,,0.0,normalDay
2022-06-21,6032.0,-486.0,0.0,0,375.07,0.0,1,5.18,10.04,SPY220819P00360000,360.0,0,0.0,0.0,,0.0,normalDay
2022-06-22,6032.0,-451.0,0.0,0,374.39,0.0,1,5.18,9.69,SPY220819P00360000,360.0,0,0.0,0.0,,0.0,normalDay
2022-06-23,6032.0,-382.0,0.0,0,378.06,0.0,1,5.18,9.0,SPY220819P00360000,360.0,0,0.0,0.0,,0.0,normalDay
2022-06-24,6032.0,-78.0,0.0,0,390.08,0.0,1,5.18,5.96,SPY220819P00360000,360.0,0,0.0,0.0,,0.0,normalDay
2022-06-27,6032.0,-22.0,0.0,0,388.59,0.0,1,5.18,5.4,SPY220819P00360000,360.0,0,0.0,0.0,,0.0,normalDay
2022-06-28,6032.0,-226.0,0.0,0,380.65,0.0,1,5.18,7.44,SPY220819P00360000,360.0,0,0.0,0.0,,0.0,normalDay
2022-06-29,6032.0,-202.0,0.0,0,380.34,0.0,1,5.18,7.2,SPY220819P00360000,360.0,0,0.0,0.0,,0.0,normalDay
2022-06-30,6032.0,-314.0,0.0,0,377.25,0.0,1,5.18,8.32,SPY220819P00360000,360.0,0,0.0,0.0,,0.0,normalDay
2022-07-01,6032.0,-152.0,0.0,0,381.24,0.0,1,5.18,6.7,SPY220819P00360000,360.0,0,0.0,0.0,,0.0,normalDay
2022-07-05,6032.0,-123.0,0.0,0,381.96,0.0,1,5.18,6.41,SPY220819P00360000,360.0,0,0.0,0.0,,0.0,normalDay
2022-07-06,6032.0,-49.0,0.0,0,383.25,0.0,1,5.18,5.67,SPY220819P00360000,360.0,0,0.0,0.0,,0.0,normalDay
2022-07-07,6032.0,68.0,0.0,0,388.99,0.0,1,5.18,4.5,SPY220819P00360000,360.0,0,0.0,0.0,,0.0,normalDay
2022-07-08,6032.0,117.0,0.0,0,388.67,0.0,1,5.18,4.01,SPY220819P00360000,360.0,0,0.0,0.0,,0.0,normalDay
2022-07-11,6032.0,53.0,0.0,0,384.23,0.0,1,5.18,4.65,SPY220819P00360000,360.0,0,0.0,0.0,,0.0,normalDay
2022-07-12,6032.0,-32.0,0.0,0,380.83,0.0,1,5.18,5.5,SPY220819P00360000,360.0,0,0.0,0.0,,0.0,normalDay
2022-07-13,6032.0,-42.0,0.0,0,378.83,0.0,1,5.18,5.6,SPY220819P00360000,360.0,0,0.0,0.0,,0.0,normalDay
2022-07-14,6032.0,-19.0,0.0,0,377.91,0.0,1,5.18,5.37,SPY220819P00360000,360.0,0,0.0,0.0,,0.0,normalDay
2022-07-15,6032.0,165.0,0.0,0,385.13,0.0,1,5.18,3.53,SPY220819P00360000,360.0,0,0.0,0.0,,0.0,normalDay
2022-07-18,6032.0,120.0,0.0,0,381.95,0.0,1,5.18,3.98,SPY220819P00360000,360.0,0,0.0,0.0,,0.0,normalDay
2022-07-19,6032.0,289.0,0.0,0,392.27,0.0,1,5.18,2.29,SPY220819P00360000,360.0,0,0.0,0.0,,0.0,normalDay
2022-07-20,6032.0,343.0,0.0,0,394.77,0.0,1,5.18,1.75,SPY220819P00360000,360.0,0,0.0,0.0,,0.0,normalDay
2022-07-21,6032.0,386.0,0.0,0,398.79,0.0,1,5.18,1.32,SPY220819P00360000,360.0,0,0.0,0.0,,0.0,normalDay
2022-07-22,6032.0,372.0,0.0,0,395.09,0.0,1,5.18,1.46,SPY220819P00360000,360.0,0,0.0,0.0,,0.0,normalDay
2022-07-25,6032.0,407.0,0.0,0,395.57,0.0,1,5.18,1.11,SPY220819P00360000,360.0,0,0.0,0.0,,0.0,normalDay
2022-07-26,6032.0,362.0,0.0,0,390.89,0.0,1,5.18,1.56,SPY220819P00360000,360.0,0,0.0,0.0,,0.0,normalDay
2022-07-27,6032.0,437.0,0.0,0,401.04,0.0,1,5.18,0.81,SPY220819P00360000,360.0,0,0.0,0.0,,0.0,normalDay
2022-07-28,6032.0,469.0,0.0,0,406.07,0.0,1,5.18,0.49,SPY220819P00360000,360.0,0,0.0,0.0,,0.0,normalDay
2022-07-29,6032.0,488.0,0.0,0,411.99,0.0,1,5.18,0.3,SPY220819P00360000,360.0,0,0.0,0.0,,0.0,normalDay
2022-08-01,6032.0,487.0,0.0,0,410.77,0.0,1,5.18,0.31,SPY220819P00360000,360.0,0,0.0,0.0,,0.0,normalDay
2022-08-02,6032.0,483.0,0.0,0,408.06,0.0,1,5.18,0.35,SPY220819P00360000,360.0,0,0.0,0.0,,0.0,normalDay
2022-08-03,6032.0,501.0,0.0,0,414.45,0.0,1,5.18,0.17,SPY220819P00360000,360.0,0,0.0,0.0,,0.0,normalDay
2022-08-04,6032.0,503.0,0.0,0,414.17,0.0,1,5.18,0.15,SPY220819P00360000,360.0,0,0.0,0.0,,0.0,normalDay
2022-08-05,6032.0,503.0,0.0,0,413.47,0.0,1,5.18,0.15,SPY220819P00360000,360.0,0,0.0,0.0,,0.0,normalDay
2022-08-08,6032.0,508.0,0.0,0,412.99,0.0,1,5.18,0.1,SPY220819P00360000,360.0,0,0.0,0.0,,0.0,normalDay
2022-08-09,6032.0,508.0,0.0,0,411.35,0.0,1,5.18,0.1,SPY220819P00360000,360.0,0,0.0,0.0,,0.0,normalDay
2022-08-10,6032.0,512.0,0.0,0,419.99,0.0,1,5.18,0.06,SPY220819P00360000,360.0,0,0.0,0.0,,0.0,normalDay
2022-08-11,6032.0,513.0,0.0,0,419.99,0.0,1,5.18,0.05,SPY220819P00360000,360.0,0,0.0,0.0,,0.0,normalDay
2022-08-12,6032.0,515.0,0.0,0,427.1,0.0,1,5.18,0.03,SPY220819P00360000,360.0,0,0.0,0.0,,0.0,normalDay
2022-08-15,6032.0,516.0,0.0,0,428.86,0.0,1,5.18,0.02,SPY220819P00360000,360.0,0,0.0,0.0,,0.0,normalDay
2022-08-16,6032.0,517.0,0.0,0,429.7,0.0,1,5.18,0.01,SPY220819P00360000,360.0,0,0.0,0.0,,0.0,normalDay
2022-08-17,6032.0,517.0,0.0,0,426.65,0.0,1,5.18,0.01,SPY220819P00360000,360.0,0,0.0,0.0,,0.0,normalDay
2022-08-18,6032.0,517.0,0.0,0,427.89,0.0,1,5.18,0.01,SPY220819P00360000,360.0,0,0.0,0.0,,0.0,normalDay
2022-08-19,6550.0,0.0,518.0,0,422.14,0.0,1,5.18,0.0,SPY220819P00360000,360.0,0,0.0,0.0,,0.0,expirationDay
2022-08-22,6550.0,-5.0,0.0,0,413.35,0.0,1,4.46,4.51,SPY221021P00375000,375.0,0,0.0,0.0,,0.0,normalDay
2022-08-23,6550.0,-11.0,0.0,0,412.35,0.0,1,4.46,4.57,SPY221021P00375000,375.0,0,0.0,0.0,,0.0,normalDay
2022-08-24,6550.0,55.0,0.0,0,413.67,0.0,1,4.46,3.91,SPY221021P00375000,375.0,0,0.0,0.0,,0.0,normalDay
2022-08-25,6550.0,147.0,0.0,0,419.51,0.0,1,4.46,2.99,SPY221021P00375000,375.0,0,0.0,0.0,,0.0,normalDay
2022-08-26,6550.0,-123.0,0.0,0,405.31,0.0,1,4.46,5.69,SPY221021P00375000,375.0,0,0.0,0.0,,0.0,normalDay
2022-08-29,6550.0,-148.0,0.0,0,402.63,0.0,1,4.46,5.94,SPY221021P00375000,375.0,0,0.0,0.0,,0.0,normalDay
2022-08-30,6550.0,-228.0,0.0,0,398.21,0.0,1,4.46,6.74,SPY221021P00375000,375.0,0,0.0,0.0,,0.0,normalDay
2022-08-31,6550.0,-263.0,0.0,0,395.18,0.0,1,4.46,7.09,SPY221021P00375000,375.0,0,0.0,0.0,,0.0,normalDay
2022-09-01,6550.0,-207.0,0.0,0,396.42,0.0,1,4.46,6.53,SPY221021P00375000,375.0,0,0.0,0.0,,0.0,normalDay
2022-09-02,6550.0,-290.0,0.0,0,392.24,0.0,1,4.46,7.36,SPY221021P00375000,375.0,0,0.0,0.0,,0.0,normalDay
2022-09-06,6550.0,-348.0,0.0,0,390.76,0.0,1,4.46,7.94,SPY221021P00375000,375.0,0,0.0,0.0,,0.0,normalDay
2022-09-07,6550.0,-103.0,0.0,0,397.78,0.0,1,4.46,5.49,SPY221021P00375000,375.0,0,0.0,0.0,,0.0,normalDay
2022-09-08,6550.0,7.0,0.0,0,400.38,0.0,1,4.46,4.39,SPY221021P00375000,375.0,0,0.0,0.0,,0.0,normalDay
2022-09-09,6550.0,115.0,0.0,0,406.6,0.0,1,4.46,3.31,SPY221021P00375000,375.0,0,0.0,0.0,,0.0,normalDay
2022-09-12,6550.0,181.0,0.0,0,410.97,0.0,1,4.46,2.65,SPY221021P00375000,375.0,0,0.0,0.0,,0.0,normalDay
2022-09-13,6550.0,-163.0,0.0,0,393.1,0.0,1,4.46,6.09,SPY221021P00375000,375.0,0,0.0,0.0,,0.0,normalDay
2022-09-14,6550.0,-121.0,0.0,0,394.6,0.0,1,4.46,5.67,SPY221021P00375000,375.0,0,0.0,0.0,,0.0,normalDay
2022-09-15,6550.0,-188.0,0.0,0,390.12,0.0,1,4.46,6.34,SPY221021P00375000,375.0,0,0.0,0.0,,0.0,normalDay
2022-09-16,6550.0,-271.0,0.0,0,385.56,0.0,1,4.46,7.17,SPY221021P00375000,375.0,0,0.0,0.0,,0.0,normalDay
2022-09-19,6550.0,-152.0,0.0,0,388.55,0.0,1,4.46,5.98,SPY221021P00375000,375.0,0,0.0,0.0,,0.0,normalDay
2022-09-20,6550.0,-300.0,0.0,0,384.09,0.0,1,4.46,7.46,SPY221021P00375000,375.0,0,0.0,0.0,,0.0,normalDay
2022-09-21,6550.0,-560.0,0.0,0,377.39,0.0,1,4.46,10.06,SPY221021P00375000,375.0,0,0.0,0.0,,0.0,normalDay
2022-09-22,6550.0,-623.0,0.0,0,374.22,0.0,1,4.46,10.69,SPY221021P00375000,375.0,0,0.0,0.0,,0.0,normalDay
2022-09-23,6550.0,-1010.0,0.0,0,367.95,0.0,1,4.46,14.56,SPY221021P00375000,375.0,0,0.0,0.0,,0.0,normalDay
2022-09-26,6550.0,-1266.0,0.0,0,364.31,0.0,1,4.46,17.12,SPY221021P00375000,375.0,0,0.0,0.0,,0.0,normalDay
2022-09-27,6550.0,-1266.0,0.0,0,363.38,0.0,1,4.46,17.12,SPY221021P00375000,375.0,0,0.0,0.0,,0.0,normalDay
2022-09-28,6550.0,-779.0,0.0,0,370.53,0.0,1,4.46,12.25,SPY221021P00375000,375.0,0,0.0,0.0,,0.0,normalDay
2022-09-29,6550.0,-1213.0,0.0,0,362.79,0.0,1,4.46,16.59,SPY221021P00375000,375.0,0,0.0,0.0,,0.0,normalDay
2022-09-30,6550.0,-1507.0,0.0,0,357.18,0.0,1,4.46,19.53,SPY221021P00375000,375.0,0,0.0,0.0,,0.0,normalDay
2022-10-03,6550.0,-844.0,0.0,0,366.61,0.0,1,4.46,12.9,SPY221021P00375000,375.0,0,0.0,0.0,,0.0,normalDay
2022-10-04,6550.0,-276.0,0.0,0,377.97,0.0,1,4.46,7.22,SPY221021P00375000,375.0,0,0.0,0.0,,0.0,normalDay
2022-10-05,6550.0,-253.0,0.0,0,377.09,0.0,1,4.46,6.99,SPY221021P00375000,375.0,0,0.0,0.0,,0.0,normalDay
2022-10-06,6550.0,-461.0,0.0,0,373.2,0.0,1,4.46,9.07,SPY221021P00375000,375.0,0,0.0,0.0,,0.0,normalDay
2022-10-07,6550.0,-1080.0,0.0,0,362.79,0.0,1,4.46,15.26,SPY221021P00375000,375.0,0,0.0,0.0,,0.0,normalDay
2022-10-10,6550.0,-1228.0,0.0,0,360.02,0.0,1,4.46,16.74,SPY221021P00375000,375.0,0,0.0,0.0,,0.0,normalDay
2022-10-11,6550.0,-1428.0,0.0,0,357.74,0.0,1,4.46,18.74,SPY221021P00375000,375.0,0,0.0,0.0,,0.0,normalDay
2022-10-12,6550.0,-1519.0,0.0,0,356.56,0.0,1,4.46,19.65,SPY221021P00375000,375.0,0,0.0,0.0,,0.0,normalDay
2022-10-13,6550.0,-734.0,0.0,0,365.97,0.0,1,4.46,11.8,SPY221021P00375000,375.0,0,0.0,0.0,,0.0,normalDay
2022-10-14,6550.0,-1340.0,0.0,0,357.63,0.0,1,4.46,17.86,SPY221021P00375000,375.0,0,0.0,0.0,,0.0,normalDay
2022-10-17,6550.0,-509.0,0.0,0,366.82,0.0,1,4.46,9.55,SPY221021P00375000,375.0,0,0.0,0.0,,0.0,normalDay
2022-10-18,6550.0,-131.0,0.0,0,371.13,0.0,1,4.46,5.77,SPY221021P00375000,375.0,0,0.0,0.0,,0.0,normalDay
2022-10-19,6550.0,-328.0,0.0,0,368.5,0.0,1,4.46,7.74,SPY221021P00375000,375.0,0,0.0,0.0,,0.0,normalDay
2022-10-20,6550.0,-491.0,0.0,0,365.41,0.0,1,4.46,9.37,SPY221021P00375000,375.0,0,0.0,0.0,,0.0,normalDay
2022-10-21,6996.0,-71.0,446.0,100,374.29,375.0,1,4.46,0.0,SPY221021P00375000,375.0,0,0.0,0.0,,0.0,expirationDay
2022-10-24,6996.0,373.0,0.0,100,378.87,375.0,0,0.0,0.0,,0.0,1,7.76,7.9,SPY221026C00372000,372.0,normalDay
2022-10-25,6996.0,601.0,0.0,100,384.92,375.0,0,0.0,0.0,,0.0,1,7.76,11.67,SPY221026C00372000,372.0,normalDay
2022-10-26,7472.0,601.0,476.0,0,382.02,0.0,0,0.0,0.0,,0.0,1,7.76,0.0,SPY221026C00372000,372.0,expirationDay
2022-10-27,7472.0,-6.0,0.0,0,379.98,0.0,1,5.21,5.27,SPY230120P00333000,333.0,0,0.0,0.0,,0.0,normalDay
2022-10-28,7472.0,170.0,0.0,0,389.02,0.0,1,5.21,3.51,SPY230120P00333000,333.0,0,0.0,0.0,,0.0,normalDay
2022-10-31,7472.0,166.0,0.0,0,386.21,0.0,1,5.21,3.55,SPY230120P00333000,333.0,0,0.0,0.0,,0.0,normalDay
2022-11-01,7472.0,165.0,0.0,0,384.52,0.0,1,5.21,3.56,SPY230120P00333000,333.0,0,0.0,0.0,,0.0,normalDay
2022-11-02,7472.0,49.0,0.0,0,374.87,0.0,1,5.21,4.72,SPY230120P00333000,333.0,0,0.0,0.0,,0.0,normalDay
2022-11-03,7472.0,38.0,0.0,0,371.01,0.0,1,5.21,4.83,SPY230120P00333000,333.0,0,0.0,0.0,,0.0,normalDay
2022-11-04,7472.0,122.0,0.0,0,376.35,0.0,1,5.21,3.99,SPY230120P00333000,333.0,0,0.0,0.0,,0.0,normalDay
2022-11-07,7472.0,191.0,0.0,0,379.95,0.0,1,5.21,3.3,SPY230120P00333000,333.0,0,0.0,0.0,,0.0,normalDay
2022-11-08,7472.0,174.0,0.0,0,382.0,0.0,1,5.21,3.47,SPY230120P00333000,333.0,0,0.0,0.0,,0.0,normalDay
2022-11-09,7472.0,91.0,0.0,0,374.13,0.0,1,5.21,4.3,SPY230120P00333000,333.0,0,0.0,0.0,,0.0,normalDay
2022-11-10,7472.0,310.0,0.0,0,394.69,0.0,1,5.21,2.11,SPY230120P00333000,333.0,0,0.0,0.0,,0.0,normalDay
2022-11-11,7472.0,332.0,0.0,0,398.51,0.0,1,5.21,1.89,SPY230120P00333000,333.0,0,0.0,0.0,,0.0,normalDay
2022-11-14,7472.0,324.0,0.0,0,395.12,0.0,1,5.21,1.97,SPY230120P00333000,333.0,0,0.0,0.0,,0.0,normalDay
2022-11-15,7472.0,327.0,0.0,0,398.49,0.0,1,5.21,1.94,SPY230120P00333000,333.0,0,0.0,0.0,,0.0,normalDay
2022-11-16,7472.0,334.0,0.0,0,395.45,0.0,1,5.21,1.87,SPY230120P00333000,333.0,0,0.0,0.0,,0.0,normalDay
2022-11-17,7472.0,343.0,0.0,0,394.24,0.0,1,5.21,1.78,SPY230120P00333000,333.0,0,0.0,0.0,,0.0,normalDay
2022-11-18,7472.0,364.0,0.0,0,396.03,0.0,1,5.21,1.57,SPY230120P00333000,333.0,0,0.0,0.0,,0.0,normalDay
2022-11-21,7472.0,384.0,0.0,0,394.59,0.0,1,5.21,1.37,SPY230120P00333000,333.0,0,0.0,0.0,,0.0,normalDay
2022-11-22,7472.0,417.0,0.0,0,399.9,0.0,1,5.21,1.04,SPY230120P00333000,333.0,0,0.0,0.0,,0.0,normalDay
2022-11-23,7472.0,428.0,0.0,0,402.42,0.0,1,5.21,0.93,SPY230120P00333000,333.0,0,0.0,0.0,,0.0,normalDay
2022-11-25,7472.0,428.0,0.0,0,402.33,0.0,1,5.21,0.93,SPY230120P00333000,333.0,0,0.0,0.0,,0.0,normalDay
2022-11-28,7472.0,405.0,0.0,0,395.91,0.0,1,5.21,1.16,SPY230120P00333000,333.0,0,0.0,0.0,,0.0,normalDay
2022-11-29,7472.0,416.0,0.0,0,395.23,0.0,1,5.21,1.05,SPY230120P00333000,333.0,0,0.0,0.0,,0.0,normalDay
2022-11-30,7472.0,458.0,0.0,0,407.68,0.0,1,5.21,0.63,SPY230120P00333000,333.0,0,0.0,0.0,,0.0,normalDay
2022-12-01,7472.0,462.0,0.0,0,407.38,0.0,1,5.21,0.59,SPY230120P00333000,333.0,0,0.0,0.0,,0.0,normalDay
2022-12-02,7472.0,466.0,0.0,0,406.91,0.0,1,5.21,0.55,SPY230120P00333000,333.0,0,0.0,0.0,,0.0,normalDay
2022-12-05,7472.0,454.0,0.0,0,399.59,0.0,1,5.21,0.67,SPY230120P00333000,333.0,0,0.0,0.0,,0.0,normalDay
2022-12-06,7472.0,435.0,0.0,0,393.83,0.0,1,5.21,0.86,SPY230120P00333000,333.0,0,0.0,0.0,,0.0,normalDay
2022-12-07,7472.0,431.0,0.0,0,393.16,0.0,1,5.21,0.9,SPY230120P00333000,333.0,0,0.0,0.0,,0.0,normalDay
2022-12-08,7472.0,447.0,0.0,0,396.24,0.0,1,5.21,0.74,SPY230120P00333000,333.0,0,0.0,0.0,,0.0,normalDay
2022-12-09,7472.0,440.0,0.0,0,393.28,0.0,1,5.21,0.81,SPY230120P00333000,333.0,0,0.0,0.0,,0.0,normalDay
2022-12-12,7472.0,450.0,0.0,0,398.95,0.0,1,5.21,0.71,SPY230120P00333000,333.0,0,0.0,0.0,,0.0,normalDay
2022-12-13,7472.0,473.0,0.0,0,401.97,0.0,1,5.21,0.48,SPY230120P00333000,333.0,0,0.0,0.0,,0.0,normalDay
2022-12-14,7472.0,481.0,0.0,0,399.4,0.0,1,5.21,0.4,SPY230120P00333000,333.0,0,0.0,0.0,,0.0,normalDay
2022-12-15,7472.0,457.0,0.0,0,389.63,0.0,1,5.21,0.64,SPY230120P00333000,333.0,0,0.0,0.0,,0.0,normalDay
2022-12-16,7472.0,453.0,0.0,0,383.27,0.0,1,5.21,0.68,SPY230120P00333000,333.0,0,0.0,0.0,,0.0,normalDay
2022-12-19,7472.0,457.0,0.0,0,380.02,0.0,1,5.21,0.64,SPY230120P00333000,333.0,0,0.0,0.0,,0.0,normalDay
2022-12-20,7472.0,472.0,0.0,0,380.54,0.0,1,5.21,0.49,SPY230120P00333000,333.0,0,0.0,0.0,,0.0,normalDay
2022-12-21,7472.0,490.0,0.0,0,386.23,0.0,1,5.21,0.31,SPY230120P00333000,333.0,0,0.0,0.0,,0.0,normalDay
2022-12-22,7472.0,473.0,0.0,0,380.72,0.0,1,5.21,0.48,SPY230120P00333000,333.0,0,0.0,0.0,,0.0,normalDay
2022-12-23,7472.0,487.0,0.0,0,382.91,0.0,1,5.21,0.34,SPY230120P00333000,333.0,0,0.0,0.0,,0.0,normalDay
2022-12-27,7472.0,492.0,0.0,0,381.4,0.0,1,5.21,0.29,SPY230120P00333000,333.0,0,0.0,0.0,,0.0,normalDay
2022-12-28,7472.0,486.0,0.0,0,376.66,0.0,1,5.21,0.35,SPY230120P00333000,333.0,0,0.0,0.0,,0.0,normalDay
2022-12-29,7472.0,498.0,0.0,0,383.44,0.0,1,5.21,0.23,SPY230120P00333000,333.0,0,0.0,0.0,,0.0,normalDay
2022-12-30,7472.0,497.0,0.0,0,382.43,0.0,1,5.21,0.24,SPY230120P00333000,333.0,0,0.0,0.0,,0.0,normalDay
2023-01-03,7472.0,503.0,0.0,0,380.82,0.0,1,5.21,0.18,SPY230120P00333000,333.0,0,0.0,0.0,,0.0,normalDay
2023-01-04,7472.0,510.0,0.0,0,383.76,0.0,1,5.21,0.11,SPY230120P00333000,333.0,0,0.0,0.0,,0.0,normalDay
2023-01-05,7472.0,508.0,0.0,0,379.38,0.0,1,5.21,0.13,SPY230120P00333000,333.0,0,0.0,0.0,,0.0,normalDay
2023-01-06,7472.0,514.0,0.0,0,388.08,0.0,1,5.21,0.07,SPY230120P00333000,333.0,0,0.0,0.0,,0.0,normalDay
2023-01-09,7472.0,515.0,0.0,0,387.86,0.0,1,5.21,0.06,SPY230120P00333000,333.0,0,0.0,0.0,,0.0,normalDay
2023-01-10,7472.0,517.0,0.0,0,390.58,0.0,1,5.21,0.04,SPY230120P00333000,333.0,0,0.0,0.0,,0.0,normalDay
2023-01-11,7472.0,516.0,0.0,0,395.52,0.0,1,5.21,0.05,SPY230120P00333000,333.0,0,0.0,0.0,,0.0,normalDay
2023-01-12,7472.0,518.0,0.0,0,396.96,0.0,1,5.21,0.03,SPY230120P00333000,333.0,0,0.0,0.0,,0.0,normalDay
2023-01-13,7472.0,519.0,0.0,0,398.5,0.0,1,5.21,0.02,SPY230120P00333000,333.0,0,0.0,0.0,,0.0,normalDay
2023-01-17,7472.0,520.0,0.0,0,397.77,0.0,1,5.21,0.01,SPY230120P00333000,333.0,0,0.0,0.0,,0.0,normalDay
2023-01-18,7472.0,520.0,0.0,0,391.49,0.0,1,5.21,0.01,SPY230120P00333000,333.0,0,0.0,0.0,,0.0,normalDay
2023-01-19,7472.0,520.0,0.0,0,388.64,0.0,1,5.21,0.01,SPY230120P00333000,333.0,0,0.0,0.0,,0.0,normalDay
2023-01-20,7993.0,0.0,521.0,0,395.88,0.0,1,5.21,0.0,SPY230120P00333000,333.0,0,0.0,0.0,,0.0,expirationDay
2023-01-23,7993.0,-4.0,0.0,0,400.63,0.0,1,2.66,2.7,SPY230331P00358000,358.0,0,0.0,0.0,,0.0,normalDay
2023-01-24,7993.0,23.0,0.0,0,400.2,0.0,1,2.66,2.43,SPY230331P00358000,358.0,0,0.0,0.0,,0.0,normalDay
2023-01-25,7993.0,19.0,0.0,0,400.35,0.0,1,2.66,2.47,SPY230331P00358000,358.0,0,0.0,0.0,,0.0,normalDay
2023-01-26,7993.0,59.0,0.0,0,404.75,0.0,1,2.66,2.07,SPY230331P00358000,358.0,0,0.0,0.0,,0.0,normalDay
2023-01-27,7993.0,71.0,0.0,0,405.68,0.0,1,2.66,1.95,SPY230331P00358000,358.0,0,0.0,0.0,,0.0,normalDay
2023-01-30,7993.0,32.0,0.0,0,400.59,0.0,1,2.66,2.34,SPY230331P00358000,358.0,0,0.0,0.0,,0.0,normalDay
2023-01-31,7993.0,79.0,0.0,0,406.48,0.0,1,2.66,1.87,SPY230331P00358000,358.0,0,0.0,0.0,,0.0,normalDay
2023-02-01,7993.0,126.0,0.0,0,410.8,0.0,1,2.66,1.4,SPY230331P00358000,358.0,0,0.0,0.0,,0.0,normalDay
2023-02-02,7993.0,120.0,0.0,0,416.78,0.0,1,2.66,1.46,SPY230331P00358000,358.0,0,0.0,0.0,,0.0,normalDay
2023-02-03,7993.0,121.0,0.0,0,412.35,0.0,1,2.66,1.45,SPY230331P00358000,358.0,0,0.0,0.0,,0.0,normalDay
2023-02-06,7993.0,110.0,0.0,0,409.83,0.0,1,2.66,1.56,SPY230331P00358000,358.0,0,0.0,0.0,,0.0,normalDay
2023-02-07,7993.0,146.0,0.0,0,415.19,0.0,1,2.66,1.2,SPY230331P00358000,358.0,0,0.0,0.0,,0.0,normalDay
2023-02-08,7993.0,117.0,0.0,0,410.65,0.0,1,2.66,1.49,SPY230331P00358000,358.0,0,0.0,0.0,,0.0,normalDay
2023-02-09,7993.0,92.0,0.0,0,407.09,0.0,1,2.66,1.74,SPY230331P00358000,358.0,0,0.0,0.0,,0.0,normalDay
2023-02-10,7993.0,105.0,0.0,0,408.04,0.0,1,2.66,1.61,SPY230331P00358000,358.0,0,0.0,0.0,,0.0,normalDay
2023-02-13,7993.0,150.0,0.0,0,412.83,0.0,1,2.66,1.16,SPY230331P00358000,358.0,0,0.0,0.0,,0.0,normalDay
2023-02-14,7993.0,169.0,0.0,0,412.64,0.0,1,2.66,0.97,SPY230331P00358000,358.0,0,0.0,0.0,,0.0,normalDay
2023-02-15,7993.0,184.0,0.0,0,413.98,0.0,1,2.66,0.82,SPY230331P00358000,358.0,0,0.0,0.0,,0.0,normalDay
2023-02-16,7993.0,142.0,0.0,0,408.28,0.0,1,2.66,1.24,SPY230331P00358000,358.0,0,0.0,0.0,,0.0,normalDay
2023-02-17,7993.0,149.0,0.0,0,407.26,0.0,1,2.66,1.17,SPY230331P00358000,358.0,0,0.0,0.0,,0.0,normalDay
2023-02-21,7993.0,97.0,0.0,0,399.09,0.0,1,2.66,1.69,SPY230331P00358000,358.0,0,0.0,0.0,,0.0,normalDay
2023-02-22,7993.0,112.0,0.0,0,398.54,0.0,1,2.66,1.54,SPY230331P00358000,358.0,0,0.0,0.0,,0.0,normalDay
2023-02-23,7993.0,147.0,0.0,0,400.66,0.0,1,2.66,1.19,SPY230331P00358000,358.0,0,0.0,0.0,,0.0,normalDay
2023-02-24,7993.0,123.0,0.0,0,396.38,0.0,1,2.66,1.43,SPY230331P00358000,358.0,0,0.0,0.0,,0.0,normalDay
2023-02-27,7993.0,165.0,0.0,0,397.73,0.0,1,2.66,1.01,SPY230331P00358000,358.0,0,0.0,0.0,,0.0,normalDay
2023-02-28,7993.0,166.0,0.0,0,396.26,0.0,1,2.66,1.0,SPY230331P00358000,358.0,0,0.0,0.0,,0.0,normalDay
2023-03-01,7993.0,168.0,0.0,0,394.74,0.0,1,2.66,0.98,SPY230331P00358000,358.0,0,0.0,0.0,,0.0,normalDay
2023-03-02,7993.0,200.0,0.0,0,397.81,0.0,1,2.66,0.66,SPY230331P00358000,358.0,0,0.0,0.0,,0.0,normalDay
2023-03-03,7993.0,226.0,0.0,0,404.19,0.0,1,2.66,0.4,SPY230331P00358000,358.0,0,0.0,0.0,,0.0,normalDay
2023-03-06,7993.0,231.0,0.0,0,404.47,0.0,1,2.66,0.35,SPY230331P00358000,358.0,0,0.0,0.0,,0.0,normalDay
2023-03-07,7993.0,214.0,0.0,0,398.27,0.0,1,2.66,0.52,SPY230331P00358000,358.0,0,0.0,0.0,,0.0,normalDay
2023-03-08,7993.0,224.0,0.0,0,398.92,0.0,1,2.66,0.42,SPY230331P00358000,358.0,0,0.0,0.0,,0.0,normalDay
2023-03-09,7993.0,157.0,0.0,0,391.56,0.0,1,2.66,1.09,SPY230331P00358000,358.0,0,0.0,0.0,,0.0,normalDay
2023-03-10,7993.0,82.0,0.0,0,385.91,0.0,1,2.66,1.84,SPY230331P00358000,358.0,0,0.0,0.0,,0.0,normalDay
2023-03-13,7993.0,68.0,0.0,0,385.36,0.0,1,2.66,1.98,SPY230331P00358000,358.0,0,0.0,0.0,,0.0,normalDay
2023-03-14,7993.0,177.0,0.0,0,391.73,0.0,1,2.66,0.89,SPY230331P00358000,358.0,0,0.0,0.0,,0.0,normalDay
2023-03-15,7993.0,117.0,0.0,0,389.28,0.0,1,2.66,1.49,SPY230331P00358000,358.0,0,0.0,0.0,,0.0,normalDay
2023-03-16,7993.0,201.0,0.0,0,396.11,0.0,1,2.66,0.65,SPY230331P00358000,358.0,0,0.0,0.0,,0.0,normalDay
2023-03-17,7993.0,177.0,0.0,0,389.99,0.0,1,2.66,0.89,SPY230331P00358000,358.0,0,0.0,0.0,,0.0,normalDay
2023-03-20,7993.0,217.0,0.0,0,393.74,0.0,1,2.66,0.49,SPY230331P00358000,358.0,0,0.0,0.0,,0.0,normalDay
2023-03-21,7993.0,246.0,0.0,0,398.91,0.0,1,2.66,0.2,SPY230331P00358000,358.0,0,0.0,0.0,,0.0,normalDay
2023-03-22,7993.0,235.0,0.0,0,392.11,0.0,1,2.66,0.31,SPY230331P00358000,358.0,0,0.0,0.0,,0.0,normalDay
2023-03-23,7993.0,242.0,0.0,0,393.17,0.0,1,2.66,0.24,SPY230331P00358000,358.0,0,0.0,0.0,,0.0,normalDay
2023-03-24,7993.0,257.0,0.0,0,395.75,0.0,1,2.66,0.09,SPY230331P00358000,358.0,0,0.0,0.0,,0.0,normalDay
2023-03-27,7993.0,262.0,0.0,0,396.49,0.0,1,2.66,0.04,SPY230331P00358000,358.0,0,0.0,0.0,,0.0,normalDay
2023-03-28,7993.0,263.0,0.0,0,395.6,0.0,1,2.66,0.03,SPY230331P00358000,358.0,0,0.0,0.0,,0.0,normalDay
2023-03-29,7993.0,264.0,0.0,0,401.35,0.0,1,2.66,0.02,SPY230331P00358000,358.0,0,0.0,0.0,,0.0,normalDay
2023-03-30,7993.0,264.0,0.0,0,403.7,0.0,1,2.66,0.02,SPY230331P00358000,358.0,0,0.0,0.0,,0.0,normalDay
2023-03-31,8259.0,0.0,266.0,0,409.39,0.0,1,2.66,0.0,SPY230331P00358000,358.0,0,0.0,0.0,,0.0,expirationDay
2023-04-03,8259.0,-3.0,0.0,0,410.95,0.0,1,3.03,3.06,SPY230616P00369000,369.0,0,0.0,0.0,,0.0,normalDay
2023-04-04,8259.0,-32.0,0.0,0,408.67,0.0,1,3.03,3.35,SPY230616P00369000,369.0,0,0.0,0.0,,0.0,normalDay
2023-04-05,8259.0,-45.0,0.0,0,407.6,0.0,1,3.03,3.48,SPY230616P00369000,369.0,0,0.0,0.0,,0.0,normalDay
2023-04-06,8259.0,-8.0,0.0,0,409.19,0.0,1,3.03,3.11,SPY230616P00369000,369.0,0,0.0,0.0,,0.0,normalDay
2023-04-10,8259.0,17.0,0.0,0,409.61,0.0,1,3.03,2.86,SPY230616P00369000,369.0,0,0.0,0.0,,0.0,normalDay
2023-04-11,8259.0,23.0,0.0,0,409.72,0.0,1,3.03,2.8,SPY230616P00369000,369.0,0,0.0,0.0,,0.0,normalDay
2023-04-12,8259.0,8.0,0.0,0,408.05,0.0,1,3.03,2.95,SPY230616P00369000,369.0,0,0.0,0.0,,0.0,normalDay
2023-04-13,8259.0,85.0,0.0,0,413.47,0.0,1,3.03,2.18,SPY230616P00369000,369.0,0,0.0,0.0,,0.0,normalDay
2023-04-14,8259.0,94.0,0.0,0,412.46,0.0,1,3.03,2.09,SPY230616P00369000,369.0,0,0.0,0.0,,0.0,normalDay
2023-04-17,8259.0,123.0,0.0,0,413.94,0.0,1,3.03,1.8,SPY230616P00369000,369.0,0,0.0,0.0,,0.0,normalDay
2023-04-18,8259.0,119.0,0.0,0,414.21,0.0,1,3.03,1.84,SPY230616P00369000,369.0,0,0.0,0.0,,0.0,normalDay
2023-04-19,8259.0,121.0,0.0,0,414.14,0.0,1,3.03,1.82,SPY230616P00369000,369.0,0,0.0,0.0,,0.0,normalDay
2023-04-20,8259.0,99.0,0.0,0,411.88,0.0,1,3.03,2.04,SPY230616P00369000,369.0,0,0.0,0.0,,0.0,normalDay
2023-04-21,8259.0,110.0,0.0,0,412.2,0.0,1,3.03,1.93,SPY230616P00369000,369.0,0,0.0,0.0,,0.0,normalDay
2023-04-24,8259.0,125.0,0.0,0,412.63,0.0,1,3.03,1.78,SPY230616P00369000,369.0,0,0.0,0.0,,0.0,normalDay
2023-04-25,8259.0,55.0,0.0,0,406.08,0.0,1,3.03,2.48,SPY230616P00369000,369.0,0,0.0,0.0,,0.0,normalDay
2023-04-26,8259.0,44.0,0.0,0,404.36,0.0,1,3.03,2.59,SPY230616P00369000,369.0,0,0.0,0.0,,0.0,normalDay
2023-04-27,8259.0,148.0,0.0,0,412.41,0.0,1,3.03,1.55,SPY230616P00369000,369.0,0,0.0,0.0,,0.0,normalDay
2023-04-28,8259.0,181.0,0.0,0,415.93,0.0,1,3.03,1.22,SPY230616P00369000,369.0,0,0.0,0.0,,0.0,normalDay
2023-05-01,8259.0,185.0,0.0,0,415.51,0.0,1,3.03,1.18,SPY230616P00369000,369.0,0,0.0,0.0,,0.0,normalDay
2023-05-02,8259.0,139.0,0.0,0,410.84,0.0,1,3.03,1.64,SPY230616P00369000,369.0,0,0.0,0.0,,0.0,normalDay
2023-05-03,8259.0,119.0,0.0,0,408.02,0.0,1,3.03,1.84,SPY230616P00369000,369.0,0,0.0,0.0,,0.0,normalDay
2023-05-04,8259.0,62.0,0.0,0,405.13,0.0,1,3.03,2.41,SPY230616P00369000,369.0,0,0.0,0.0,,0.0,normalDay
2023-05-05,8259.0,164.0,0.0,0,412.63,0.0,1,3.03,1.39,SPY230616P00369000,369.0,0,0.0,0.0,,0.0,normalDay
2023-05-08,8259.0,178.0,0.0,0,412.74,0.0,1,3.03,1.25,SPY230616P00369000,369.0,0,0.0,0.0,,0.0,normalDay
2023-05-09,8259.0,168.0,0.0,0,410.93,0.0,1,3.03,1.35,SPY230616P00369000,369.0,0,0.0,0.0,,0.0,normalDay
2023-05-10,8259.0,192.0,0.0,0,412.85,0.0,1,3.03,1.11,SPY230616P00369000,369.0,0,0.0,0.0,,0.0,normalDay
2023-05-11,8259.0,194.0,0.0,0,412.13,0.0,1,3.03,1.09,SPY230616P00369000,369.0,0,0.0,0.0,,0.0,normalDay
2023-05-12,8259.0,198.0,0.0,0,411.59,0.0,1,3.03,1.05,SPY230616P00369000,369.0,0,0.0,0.0,,0.0,normalDay
2023-05-15,8259.0,216.0,0.0,0,413.01,0.0,1,3.03,0.87,SPY230616P00369000,369.0,0,0.0,0.0,,0.0,normalDay
2023-05-16,8259.0,204.0,0.0,0,410.25,0.0,1,3.03,0.99,SPY230616P00369000,369.0,0,0.0,0.0,,0.0,normalDay
2023-05-17,8259.0,236.0,0.0,0,415.23,0.0,1,3.03,0.67,SPY230616P00369000,369.0,0,0.0,0.0,,0.0,normalDay
2023-05-18,8259.0,252.0,0.0,0,419.23,0.0,1,3.03,0.51,SPY230616P00369000,369.0,0,0.0,0.0,,0.0,normalDay
2023-05-19,8259.0,248.0,0.0,0,418.62,0.0,1,3.03,0.55,SPY230616P00369000,369.0,0,0.0,0.0,,0.0,normalDay
2023-05-22,8259.0,250.0,0.0,0,418.79,0.0,1,3.03,0.53,SPY230616P00369000,369.0,0,0.0,0.0,,0.0,normalDay
2023-05-23,8259.0,231.0,0.0,0,414.09,0.0,1,3.03,0.72,SPY230616P00369000,369.0,0,0.0,0.0,,0.0,normalDay
2023-05-24,8259.0,212.0,0.0,0,411.09,0.0,1,3.03,0.91,SPY230616P00369000,369.0,0,0.0,0.0,,0.0,normalDay
2023-05-25,8259.0,234.0,0.0,0,414.65,0.0,1,3.03,0.69,SPY230616P00369000,369.0,0,0.0,0.0,,0.0,normalDay
2023-05-26,8259.0,252.0,0.0,0,420.02,0.0,1,3.03,0.51,SPY230616P00369000,369.0,0,0.0,0.0,,0.0,normalDay
2023-05-30,8259.0,273.0,0.0,0,420.18,0.0,1,3.03,0.3,SPY230616P00369000,369.0,0,0.0,0.0,,0.0,normalDay
2023-05-31,8259.0,270.0,0.0,0,417.85,0.0,1,3.03,0.33,SPY230616P00369000,369.0,0,0.0,0.0,,0.0,normalDay
2023-06-01,8259.0,282.0,0.0,0,421.82,0.0,1,3.03,0.21,SPY230616P00369000,369.0,0,0.0,0.0,,0.0,normalDay
2023-06-02,8259.0,292.0,0.0,0,427.92,0.0,1,3.03,0.11,SPY230616P00369000,369.0,0,0.0,0.0,,0.0,normalDay
2023-06-05,8259.0,295.0,0.0,0,427.1,0.0,1,3.03,0.08,SPY230616P00369000,369.0,0,0.0,0.0,,0.0,normalDay
2023-06-06,8259.0,296.0,0.0,0,428.03,0.0,1,3.03,0.07,SPY230616P00369000,369.0,0,0.0,0.0,,0.0,normalDay
2023-06-07,8259.0,295.0,0.0,0,426.55,0.0,1,3.03,0.08,SPY230616P00369000,369.0,0,0.0,0.0,,0.0,normalDay
2023-06-08,8259.0,296.0,0.0,0,429.13,0.0,1,3.03,0.07,SPY230616P00369000,369.0,0,0.0,0.0,,0.0,normalDay
2023-06-09,8259.0,298.0,0.0,0,429.9,0.0,1,3.03,0.05,SPY230616P00369000,369.0,0,0.0,0.0,,0.0,normalDay
2023-06-12,8259.0,298.0,0.0,0,433.8,0.0,1,3.03,0.05,SPY230616P00369000,369.0,0,0.0,0.0,,0.0,normalDay
2023-06-13,8259.0,300.0,0.0,0,436.66,0.0,1,3.03,0.03,SPY230616P00369000,369.0,0,0.0,0.0,,0.0,normalDay
2023-06-14,8259.0,301.0,0.0,0,437.18,0.0,1,3.03,0.02,SPY230616P00369000,369.0,0,0.0,0.0,,0.0,normalDay
2023-06-15,8259.0,302.0,0.0,0,442.6,0.0,1,3.03,0.01,SPY230616P00369000,369.0,0,0.0,0.0,,0.0,normalDay
2023-06-16,8562.0,0.0,303.0,0,439.46,0.0,1,3.03,0.0,SPY230616P00369000,369.0,0,0.0,0.0,,0.0,expirationDay
2023-06-20,8562.0,-5.0,0.0,0,437.18,0.0,1,2.32,2.37,SPY230915P00390000,390.0,0,0.0,0.0,,0.0,normalDay
2023-06-21,8562.0,-2.0,0.0,0,434.94,0.0,1,2.32,2.34,SPY230915P00390000,390.0,0,0.0,0.0,,0.0,normalDay
2023-06-22,8562.0,20.0,0.0,0,436.51,0.0,1,2.32,2.12,SPY230915P00390000,390.0,0,0.0,0.0,,0.0,normalDay
2023-06-23,8562.0,-7.0,0.0,0,433.21,0.0,1,2.32,2.39,SPY230915P00390000,390.0,0,0.0,0.0,,0.0,normalDay
2023-06-26,8562.0,-12.0,0.0,0,431.44,0.0,1,2.32,2.44,SPY230915P00390000,390.0,0,0.0,0.0,,0.0,normalDay
2023-06-27,8562.0,36.0,0.0,0,436.17,0.0,1,2.32,1.96,SPY230915P00390000,390.0,0,0.0,0.0,,0.0,normalDay
2023-06-28,8562.0,60.0,0.0,0,436.39,0.0,1,2.32,1.72,SPY230915P00390000,390.0,0,0.0,0.0,,0.0,normalDay
2023-06-29,8562.0,61.0,0.0,0,438.11,0.0,1,2.32,1.71,SPY230915P00390000,390.0,0,0.0,0.0,,0.0,normalDay
2023-06-30,8562.0,88.0,0.0,0,443.28,0.0,1,2.32,1.44,SPY230915P00390000,390.0,0,0.0,0.0,,0.0,normalDay
2023-07-03,8562.0,95.0,0.0,0,443.79,0.0,1,2.32,1.37,SPY230915P00390000,390.0,0,0.0,0.0,,0.0,normalDay
2023-07-05,8562.0,88.0,0.0,0,443.13,0.0,1,2.32,1.44,SPY230915P00390000,390.0,0,0.0,0.0,,0.0,normalDay
2023-07-06,8562.0,54.0,0.0,0,439.66,0.0,1,2.32,1.78,SPY230915P00390000,390.0,0,0.0,0.0,,0.0,normalDay
2023-07-07,8562.0,64.0,0.0,0,438.55,0.0,1,2.32,1.68,SPY230915P00390000,390.0,0,0.0,0.0,,0.0,normalDay
2023-07-10,8562.0,75.0,0.0,0,439.66,0.0,1,2.32,1.57,SPY230915P00390000,390.0,0,0.0,0.0,,0.0,normalDay
2023-07-11,8562.0,92.0,0.0,0,442.46,0.0,1,2.32,1.4,SPY230915P00390000,390.0,0,0.0,0.0,,0.0,normalDay
2023-07-12,8562.0,125.0,0.0,0,446.02,0.0,1,2.32,1.07,SPY230915P00390000,390.0,0,0.0,0.0,,0.0,normalDay
2023-07-13,8562.0,131.0,0.0,0,449.56,0.0,1,2.32,1.01,SPY230915P00390000,390.0,0,0.0,0.0,,0.0,normalDay
2023-07-14,8562.0,137.0,0.0,0,449.28,0.0,1,2.32,0.95,SPY230915P00390000,390.0,0,0.0,0.0,,0.0,normalDay
2023-07-17,8562.0,145.0,0.0,0,450.84,0.0,1,2.32,0.87,SPY230915P00390000,390.0,0,0.0,0.0,,0.0,normalDay
2023-07-18,8562.0,158.0,0.0,0,454.19,0.0,1,2.32,0.74,SPY230915P00390000,390.0,0,0.0,0.0,,0.0,normalDay
2023-07-19,8562.0,153.0,0.0,0,455.2,0.0,1,2.32,0.79,SPY230915P00390000,390.0,0,0.0,0.0,,0.0,normalDay
2023-07-20,8562.0,147.0,0.0,0,452.18,0.0,1,2.32,0.85,SPY230915P00390000,390.0,0,0.0,0.0,,0.0,normalDay
2023-07-21,8562.0,151.0,0.0,0,452.18,0.0,1,2.32,0.81,SPY230915P00390000,390.0,0,0.0,0.0,,0.0,normalDay
2023-07-24,8562.0,160.0,0.0,0,454.2,0.0,1,2.32,0.72,SPY230915P00390000,390.0,0,0.0,0.0,,0.0,normalDay
2023-07-25,8562.0,166.0,0.0,0,455.44,0.0,1,2.32,0.66,SPY230915P00390000,390.0,0,0.0,0.0,,0.0,normalDay
2023-07-26,8562.0,175.0,0.0,0,455.51,0.0,1,2.32,0.57,SPY230915P00390000,390.0,0,0.0,0.0,,0.0,normalDay
2023-07-27,8562.0,158.0,0.0,0,452.49,0.0,1,2.32,0.74,SPY230915P00390000,390.0,0,0.0,0.0,,0.0,normalDay
2023-07-28,8562.0,179.0,0.0,0,456.92,0.0,1,2.32,0.53,SPY230915P00390000,390.0,0,0.0,0.0,,0.0,normalDay
2023-07-31,8562.0,185.0,0.0,0,457.79,0.0,1,2.32,0.47,SPY230915P00390000,390.0,0,0.0,0.0,,0.0,normalDay
2023-08-01,8562.0,183.0,0.0,0,456.48,0.0,1,2.32,0.49,SPY230915P00390000,390.0,0,0.0,0.0,,0.0,normalDay
2023-08-02,8562.0,155.0,0.0,0,450.13,0.0,1,2.32,0.77,SPY230915P00390000,390.0,0,0.0,0.0,,0.0,normalDay
2023-08-03,8562.0,158.0,0.0,0,448.84,0.0,1,2.32,0.74,SPY230915P00390000,390.0,0,0.0,0.0,,0.0,normalDay
2023-08-04,8562.0,137.0,0.0,0,446.81,0.0,1,2.32,0.95,SPY230915P00390000,390.0,0,0.0,0.0,,0.0,normalDay
2023-08-07,8562.0,168.0,0.0,0,450.71,0.0,1,2.32,0.64,SPY230915P00390000,390.0,0,0.0,0.0,,0.0,normalDay
2023-08-08,8562.0,165.0,0.0,0,448.75,0.0,1,2.32,0.67,SPY230915P00390000,390.0,0,0.0,0.0,,0.0,normalDay
2023-08-09,8562.0,167.0,0.0,0,445.75,0.0,1,2.32,0.65,SPY230915P00390000,390.0,0,0.0,0.0,,0.0,normalDay
2023-08-10,8562.0,169.0,0.0,0,445.91,0.0,1,2.32,0.63,SPY230915P00390000,390.0,0,0.0,0.0,,0.0,normalDay
2023-08-11,8562.0,181.0,0.0,0,445.65,0.0,1,2.32,0.51,SPY230915P00390000,390.0,0,0.0,0.0,,0.0,normalDay
2023-08-14,8562.0,192.0,0.0,0,448.11,0.0,1,2.32,0.4,SPY230915P00390000,390.0,0,0.0,0.0,,0.0,normalDay
2023-08-15,8562.0,177.0,0.0,0,442.89,0.0,1,2.32,0.55,SPY230915P00390000,390.0,0,0.0,0.0,,0.0,normalDay
2023-08-16,8562.0,173.0,0.0,0,439.64,0.0,1,2.32,0.59,SPY230915P00390000,390.0,0,0.0,0.0,,0.0,normalDay
2023-08-17,8562.0,156.0,0.0,0,436.29,0.0,1,2.32,0.76,SPY230915P00390000,390.0,0,0.0,0.0,,0.0,normalDay
2023-08-18,8562.0,171.0,0.0,0,436.5,0.0,1,2.32,0.61,SPY230915P00390000,390.0,0,0.0,0.0,,0.0,normalDay
2023-08-21,8562.0,187.0,0.0,0,439.34,0.0,1,2.32,0.45,SPY230915P00390000,390.0,0,0.0,0.0,,0.0,normalDay
2023-08-22,8562.0,191.0,0.0,0,438.15,0.0,1,2.32,0.41,SPY230915P00390000,390.0,0,0.0,0.0,,0.0,normalDay
2023-08-23,8562.0,206.0,0.0,0,443.03,0.0,1,2.32,0.26,SPY230915P00390000,390.0,0,0.0,0.0,,0.0,normalDay
2023-08-24,8562.0,195.0,0.0,0,436.89,0.0,1,2.32,0.37,SPY230915P00390000,390.0,0,0.0,0.0,,0.0,normalDay
2023-08-25,8562.0,208.0,0.0,0,439.97,0.0,1,2.32,0.24,SPY230915P00390000,390.0,0,0.0,0.0,,0.0,normalDay
2023-08-28,8562.0,217.0,0.0,0,442.76,0.0,1,2.32,0.15,SPY230915P00390000,390.0,0,0.0,0.0,,0.0,normalDay
2023-08-29,8562.0,219.0,0.0,0,449.16,0.0,1,2.32,0.13,SPY230915P00390000,390.0,0,0.0,0.0,,0.0,normalDay
2023-08-30,8562.0,220.0,0.0,0,451.01,0.0,1,2.32,0.12,SPY230915P00390000,390.0,0,0.0,0.0,,0.0,normalDay
2023-08-31,8562.0,221.0,0.0,0,450.35,0.0,1,2.32,0.11,SPY230915P00390000,390.0,0,0.0,0.0,,0.0,normalDay
2023-09-01,8562.0,223.0,0.0,0,451.19,0.0,1,2.32,0.09,SPY230915P00390000,390.0,0,0.0,0.0,,0.0,normalDay
2023-09-05,8562.0,225.0,0.0,0,449.24,0.0,1,2.32,0.07,SPY230915P00390000,390.0,0,0.0,0.0,,0.0,normalDay
2023-09-06,8562.0,225.0,0.0,0,446.22,0.0,1,2.32,0.07,SPY230915P00390000,390.0,0,0.0,0.0,,0.0,normalDay
2023-09-07,8562.0,226.0,0.0,0,444.85,0.0,1,2.32,0.06,SPY230915P00390000,390.0,0,0.0,0.0,,0.0,normalDay
2023-09-08,8562.0,228.0,0.0,0,445.52,0.0,1,2.32,0.04,SPY230915P00390000,390.0,0,0.0,0.0,,0.0,normalDay
2023-09-11,8562.0,229.0,0.0,0,448.45,0.0,1,2.32,0.03,SPY230915P00390000,390.0,0,0.0,0.0,,0.0,normalDay
2023-09-12,8562.0,229.0,0.0,0,445.99,0.0,1,2.32,0.03,SPY230915P00390000,390.0,0,0.0,0.0,,0.0,normalDay
2023-09-13,8562.0,230.0,0.0,0,446.51,0.0,1,2.32,0.02,SPY230915P00390000,390.0,0,0.0,0.0,,0.0,normalDay
2023-09-14,8562.0,231.0,0.0,0,450.36,0.0,1,2.32,0.01,SPY230915P00390000,390.0,0,0.0,0.0,,0.0,normalDay
2023-09-15,8794.0,0.0,232.0,0,443.37,0.0,1,2.32,0.0,SPY230915P00390000,390.0,0,0.0,0.0,,0.0,expirationDay
2023-09-18,8794.0,-3.0,0.0,0,443.63,0.0,1,3.74,3.77,SPY231117P00428000,428.0,0,0.0,0.0,,0.0,normalDay
2023-09-19,8794.0,-13.0,0.0,0,442.71,0.0,1,3.74,3.87,SPY231117P00428000,428.0,0,0.0,0.0,,0.0,normalDay
2023-09-20,8794.0,-131.0,0.0,0,438.64,0.0,1,3.74,5.05,SPY231117P00428000,428.0,0,0.0,0.0,,0.0,normalDay
2023-09-21,8794.0,-403.0,0.0,0,431.39,0.0,1,3.74,7.77,SPY231117P00428000,428.0,0,0.0,0.0,,0.0,normalDay
2023-09-22,8794.0,-423.0,0.0,0,430.42,0.0,1,3.74,7.97,SPY231117P00428000,428.0,0,0.0,0.0,,0.0,normalDay
2023-09-25,8794.0,-340.0,0.0,0,432.23,0.0,1,3.74,7.14,SPY231117P00428000,428.0,0,0.0,0.0,,0.0,normalDay
2023-09-26,8794.0,-635.0,0.0,0,425.88,0.0,1,3.74,10.09,SPY231117P00428000,428.0,0,0.0,0.0,,0.0,normalDay
2023-09-27,8794.0,-590.0,0.0,0,426.05,0.0,1,3.74,9.64,SPY231117P00428000,428.0,0,0.0,0.0,,0.0,normalDay
2023-09-28,8794.0,-471.0,0.0,0,428.52,0.0,1,3.74,8.45,SPY231117P00428000,428.0,0,0.0,0.0,,0.0,normalDay
2023-09-29,8794.0,-501.0,0.0,0,427.48,0.0,1,3.74,8.75,SPY231117P00428000,428.0,0,0.0,0.0,,0.0,normalDay
2023-10-02,8794.0,-486.0,0.0,0,427.31,0.0,1,3.74,8.6,SPY231117P00428000,428.0,0,0.0,0.0,,0.0,normalDay
2023-10-03,8794.0,-812.0,0.0,0,421.59,0.0,1,3.74,11.86,SPY231117P00428000,428.0,0,0.0,0.0,,0.0,normalDay
2023-10-04,8794.0,-640.0,0.0,0,424.66,0.0,1,3.74,10.14,SPY231117P00428000,428.0,0,0.0,0.0,,0.0,normalDay
2023-10-05,8794.0,-645.0,0.0,0,424.5,0.0,1,3.74,10.19,SPY231117P00428000,428.0,0,0.0,0.0,,0.0,normalDay
2023-10-06,8794.0,-358.0,0.0,0,429.54,0.0,1,3.74,7.32,SPY231117P00428000,428.0,0,0.0,0.0,,0.0,normalDay
2023-10-09,8794.0,-248.0,0.0,0,432.29,0.0,1,3.74,6.22,SPY231117P00428000,428.0,0,0.0,0.0,,0.0,normalDay
2023-10-10,8794.0,-152.0,0.0,0,434.54,0.0,1,3.74,5.26,SPY231117P00428000,428.0,0,0.0,0.0,,0.0,normalDay
2023-10-11,8794.0,-49.0,0.0,0,436.32,0.0,1,3.74,4.23,SPY231117P00428000,428.0,0,0.0,0.0,,0.0,normalDay
2023-10-12,8794.0,-135.0,0.0,0,433.66,0.0,1,3.74,5.09,SPY231117P00428000,428.0,0,0.0,0.0,,0.0,normalDay
2023-10-13,8794.0,-299.0,0.0,0,431.5,0.0,1,3.74,6.73,SPY231117P00428000,428.0,0,0.0,0.0,,0.0,normalDay
2023-10-16,8794.0,-63.0,0.0,0,436.04,0.0,1,3.74,4.37,SPY231117P00428000,428.0,0,0.0,0.0,,0.0,normalDay
2023-10-17,8794.0,-83.0,0.0,0,436.02,0.0,1,3.74,4.57,SPY231117P00428000,428.0,0,0.0,0.0,,0.0,normalDay
2023-10-18,8794.0,-275.0,0.0,0,430.21,0.0,1,3.74,6.49,SPY231117P00428000,428.0,0,0.0,0.0,,0.0,normalDay
2023-10-19,8794.0,-534.0,0.0,0,426.43,0.0,1,3.74,9.08,SPY231117P00428000,428.0,0,0.0,0.0,,0.0,normalDay
2023-10-20,8794.0,-736.0,0.0,0,421.19,0.0,1,3.74,11.1,SPY231117P00428000,428.0,0,0.0,0.0,,0.0,normalDay
2023-10-23,8794.0,-676.0,0.0,0,420.46,0.0,1,3.74,10.5,SPY231117P00428000,428.0,0,0.0,0.0,,0.0,normalDay
2023-10-24,8794.0,-481.0,0.0,0,423.63,0.0,1,3.74,8.55,SPY231117P00428000,428.0,0,0.0,0.0,,0.0,normalDay
2023-10-25,8794.0,-903.0,0.0,0,417.55,0.0,1,3.74,12.77,SPY231117P00428000,428.0,0,0.0,0.0,,0.0,normalDay
2023-10-26,8794.0,-1314.0,0.0,0,412.55,0.0,1,3.74,16.88,SPY231117P00428000,428.0,0,0.0,0.0,,0.0,normalDay
2023-10-27,8794.0,-1457.0,0.0,0,410.68,0.0,1,3.74,18.31,SPY231117P00428000,428.0,0,0.0,0.0,,0.0,normalDay
2023-10-30,8794.0,-1004.0,0.0,0,415.59,0.0,1,3.74,13.78,SPY231117P00428000,428.0,0,0.0,0.0,,0.0,normalDay
2023-10-31,8794.0,-775.0,0.0,0,418.2,0.0,1,3.74,11.49,SPY231117P00428000,428.0,0,0.0,0.0,,0.0,normalDay
2023-11-01,8794.0,-401.0,0.0,0,422.66,0.0,1,3.74,7.75,SPY231117P00428000,428.0,0,0.0,0.0,,0.0,normalDay
2023-11-02,8794.0,24.0,0.0,0,430.76,0.0,1,3.74,3.5,SPY231117P00428000,428.0,0,0.0,0.0,,0.0,normalDay
2023-11-03,8794.0,190.0,0.0,0,434.69,0.0,1,3.74,1.84,SPY231117P00428000,428.0,0,0.0,0.0,,0.0,normalDay
2023-11-06,8794.0,229.0,0.0,0,435.69,0.0,1,3.74,1.45,SPY231117P00428000,428.0,0,0.0,0.0,,0.0,normalDay
2023-11-07,8794.0,268.0,0.0,0,436.93,0.0,1,3.74,1.06,SPY231117P00428000,428.0,0,0.0,0.0,,0.0,normalDay
2023-11-08,8794.0,291.0,0.0,0,437.25,0.0,1,3.74,0.83,SPY231117P00428000,428.0,0,0.0,0.0,,0.0,normalDay
2023-11-09,8794.0,239.0,0.0,0,433.84,0.0,1,3.74,1.35,SPY231117P00428000,428.0,0,0.0,0.0,,0.0,normalDay
2023-11-10,8794.0,346.0,0.0,0,440.61,0.0,1,3.74,0.28,SPY231117P00428000,428.0,0,0.0,0.0,,0.0,normalDay
2023-11-13,8794.0,353.0,0.0,0,440.19,0.0,1,3.74,0.21,SPY231117P00428000,428.0,0,0.0,0.0,,0.0,normalDay
2023-11-14,8794.0,366.0,0.0,0,448.73,0.0,1,3.74,0.08,SPY231117P00428000,428.0,0,0.0,0.0,,0.0,normalDay
2023-11-15,8794.0,370.0,0.0,0,449.68,0.0,1,3.74,0.04,SPY231117P00428000,428.0,0,0.0,0.0,,0.0,normalDay
2023-11-16,8794.0,372.0,0.0,0,450.23,0.0,1,3.74,0.02,SPY231117P00428000,428.0,0,0.0,0.0,,0.0,normalDay
2023-11-17,9168.0,0.0,374.0,0,450.79,0.0,1,3.74,0.0,SPY231117P00428000,428.0,0,0.0,0.0,,0.0,expirationDay
2023-11-20,9168.0,-4.0,0.0,0,454.26,0.0,1,0.7,0.74,SPY240131P00380000,380.0,0,0.0,0.0,,0.0,normalDay
2023-11-21,9168.0,-1.0,0.0,0,453.27,0.0,1,0.7,0.71,SPY240131P00380000,380.0,0,0.0,0.0,,0.0,normalDay
2023-11-22,9168.0,2.0,0.0,0,455.02,0.0,1,0.7,0.68,SPY240131P00380000,380.0,0,0.0,0.0,,0.0,normalDay
2023-11-24,9168.0,10.0,0.0,0,455.3,0.0,1,0.7,0.6,SPY240131P00380000,380.0,0,0.0,0.0,,0.0,normalDay
2023-11-27,9168.0,10.0,0.0,0,454.48,0.0,1,0.7,0.6,SPY240131P00380000,380.0,0,0.0,0.0,,0.0,normalDay
2023-11-28,9168.0,14.0,0.0,0,454.93,0.0,1,0.7,0.56,SPY240131P00380000,380.0,0,0.0,0.0,,0.0,normalDay
2023-11-29,9168.0,14.0,0.0,0,454.61,0.0,1,0.7,0.56,SPY240131P00380000,380.0,0,0.0,0.0,,0.0,normalDay
2023-11-30,9168.0,18.0,0.0,0,456.4,0.0,1,0.7,0.52,SPY240131P00380000,380.0,0,0.0,0.0,,0.0,normalDay
