date,totalCapital,unrializedPnL,rializedPnL,stocksOwned,stocksPriceToday,stocksPriceBoughtAt,putOwned,putOwnedSoldAt,putPriceToday,putOwnedContract,putOwnedStrike,callOwned,callOwnedSoldAt,callPriceToday,callOwnedContract,callOwnedStrike,trackType
2018-11-01,0.0,0.0,0.0,0,273.51,0.0,0,0.0,0.0,,0.0,0,0.0,0.0,,0.0,bidTooLow
2018-11-02,0.0,0.0,0.0,0,271.89,0.0,0,0.0,0.0,,0.0,0,0.0,0.0,,0.0,bidTooLow
2018-11-05,0.0,0.0,0.0,0,273.39,0.0,0,0.0,0.0,,0.0,0,0.0,0.0,,0.0,bidTooLow
2018-11-06,0.0,-3.0,0.0,0,275.12,0.0,1,0.06,0.09,SPY181109P00256500,256.5,0,0.0,0.0,,0.0,normalDay
2018-11-07,0.0,4.0,0.0,0,281.01,0.0,1,0.06,0.02,SPY181109P00256500,256.5,0,0.0,0.0,,0.0,normalDay
2018-11-08,0.0,5.0,0.0,0,280.5,0.0,1,0.06,0.01,SPY181109P00256500,256.5,0,0.0,0.0,,0.0,normalDay
2018-11-09,6.0,0.0,6.0,0,277.76,0.0,1,0.06,0.0,SPY181109P00256500,256.5,0,0.0,0.0,,0.0,expirationDay
2018-11-12,6.0,-3.0,0.0,0,272.57,0.0,1,0.02,0.05,SPY181114P00255000,255.0,0,0.0,0.0,,0.0,normalDay
2018-11-13,6.0,1.0,0.0,0,272.06,0.0,1,0.02,0.01,SPY181114P00255000,255.0,0,0.0,0.0,,0.0,normalDay
2018-11-14,8.0,0.0,2.0,0,270.2,0.0,1,0.02,0.0,SPY181114P00255000,255.0,0,0.0,0.0,,0.0,expirationDay
2018-11-15,8.0,0.0,0.0,0,273.02,0.0,0,0.0,0.0,,0.0,0,0.0,0.0,,0.0,bidTooLow
2018-11-16,8.0,0.0,0.0,0,273.73,0.0,0,0.0,0.0,,0.0,0,0.0,0.0,,0.0,bidTooLow
2018-11-19,8.0,-3.0,0.0,0,269.1,0.0,1,0.03,0.06,SPY181121P00256000,256.0,0,0.0,0.0,,0.0,normalDay
2018-11-20,8.0,-5.0,0.0,0,264.12,0.0,1,0.03,0.08,SPY181121P00256000,256.0,0,0.0,0.0,,0.0,normalDay
2018-11-21,11.0,0.0,3.0,0,265.02,0.0,1,0.03,0.0,SPY181121P00256000,256.0,0,0.0,0.0,,0.0,expirationDay
2018-11-23,11.0,-3.0,0.0,0,263.25,0.0,1,0.05,0.08,SPY181126P00253000,253.0,0,0.0,0.0,,0.0,normalDay
2018-11-26,16.0,0.0,5.0,0,267.5,0.0,1,0.05,0.0,SPY181126P00253000,253.0,0,0.0,0.0,,0.0,expirationDay
2018-11-27,16.0,-3.0,0.0,0,268.4,0.0,1,0.02,0.05,SPY181130P00254500,254.5,0,0.0,0.0,,0.0,normalDay
2018-11-28,16.0,0.0,0.0,0,274.58,0.0,1,0.02,0.02,SPY181130P00254500,254.5,0,0.0,0.0,,0.0,normalDay
2018-11-29,16.0,1.0,0.0,0,273.98,0.0,1,0.02,0.01,SPY181130P00254500,254.5,0,0.0,0.0,,0.0,normalDay
2018-11-30,18.0,0.0,2.0,0,275.65,0.0,1,0.02,0.0,SPY181130P00254500,254.5,0,0.0,0.0,,0.0,expirationDay
2018-12-03,18.0,0.0,0.0,0,279.3,0.0,0,0.0,0.0,,0.0,0,0.0,0.0,,0.0,bidTooLow
2018-12-04,18.0,-4.0,0.0,0,270.25,0.0,1,0.1,0.14,SPY181207P00254000,254.0,0,0.0,0.0,,0.0,normalDay
2018-12-06,18.0,8.0,0.0,0,269.84,0.0,1,0.1,0.02,SPY181207P00254000,254.0,0,0.0,0.0,,0.0,normalDay
2018-12-07,28.0,0.0,10.0,0,263.57,0.0,1,0.1,0.0,SPY181207P00254000,254.0,0,0.0,0.0,,0.0,expirationDay
2018-12-10,28.0,-3.0,0.0,0,264.07,0.0,1,0.16,0.19,SPY181212P00253500,253.5,0,0.0,0.0,,0.0,normalDay
2018-12-11,28.0,11.0,0.0,0,264.13,0.0,1,0.16,0.05,SPY181212P00253500,253.5,0,0.0,0.0,,0.0,normalDay
2018-12-12,44.0,0.0,16.0,0,265.46,0.0,1,0.16,0.0,SPY181212P00253500,253.5,0,0.0,0.0,,0.0,expirationDay
2018-12-13,44.0,0.0,0.0,0,265.37,0.0,0,0.0,0.0,,0.0,0,0.0,0.0,,0.0,bidTooLow
2018-12-14,44.0,-3.0,0.0,0,260.47,0.0,1,0.04,0.07,SPY181217P00250500,250.5,0,0.0,0.0,,0.0,normalDay
2018-12-17,48.0,0.0,4.0,0,255.36,0.0,1,0.04,0.0,SPY181217P00250500,250.5,0,0.0,0.0,,0.0,expirationDay
2018-12-18,48.0,-5.0,0.0,0,255.08,0.0,1,0.75,0.8,SPY181221P00245000,245.0,0,0.0,0.0,,0.0,normalDay
2018-12-19,48.0,-12.0,0.0,0,251.26,0.0,1,0.75,0.87,SPY181221P00245000,245.0,0,0.0,0.0,,0.0,normalDay
2018-12-20,48.0,-37.0,0.0,0,247.17,0.0,1,0.75,1.12,SPY181221P00245000,245.0,0,0.0,0.0,,0.0,normalDay
2018-12-21,123.0,-430.0,75.0,100,240.7,245.0,1,0.75,0.0,SPY181221P00245000,245.0,0,0.0,0.0,,0.0,expirationDay
2018-12-24,123.0,-1066.0,0.0,100,234.34,245.0,0,0.0,0.0,,0.0,0,0.0,0.0,,0.0,bidTooLow
2018-12-26,123.0,118.0,0.0,100,246.18,245.0,0,0.0,0.0,,0.0,0,0.0,0.0,,0.0,bidTooLow
2018-12-27,123.0,301.0,0.0,100,248.07,245.0,0,0.0,0.0,,0.0,1,0.27,0.33,SPY190128C00275000,275.0,normalDay
2018-12-28,123.0,282.0,0.0,100,247.75,245.0,0,0.0,0.0,,0.0,1,0.27,0.2,SPY190128C00275000,275.0,normalDay
2018-12-31,123.0,505.0,0.0,100,249.92,245.0,0,0.0,0.0,,0.0,1,0.27,0.14,SPY190128C00275000,275.0,normalDay
2019-01-02,123.0,539.0,0.0,100,250.18,245.0,0,0.0,0.0,,0.0,1,0.27,0.06,SPY190128C00275000,275.0,normalDay
2019-01-03,123.0,-55.0,0.0,100,244.21,245.0,0,0.0,0.0,,0.0,1,0.27,0.03,SPY190128C00275000,275.0,normalDay
2019-01-04,123.0,760.0,0.0,100,252.39,245.0,0,0.0,0.0,,0.0,1,0.27,0.06,SPY190128C00275000,275.0,normalDay
2019-01-07,123.0,959.0,0.0,100,254.38,245.0,0,0.0,0.0,,0.0,1,0.27,0.06,SPY190128C00275000,275.0,normalDay
2019-01-08,123.0,1197.0,0.0,100,256.77,245.0,0,0.0,0.0,,0.0,1,0.27,0.07,SPY190128C00275000,275.0,normalDay
2019-01-09,123.0,1316.0,0.0,100,257.97,245.0,0,0.0,0.0,,0.0,1,0.27,0.08,SPY190128C00275000,275.0,normalDay
2019-01-10,123.0,1407.0,0.0,100,258.88,245.0,0,0.0,0.0,,0.0,1,0.27,0.08,SPY190128C00275000,275.0,normalDay
2019-01-11,123.0,1420.0,0.0,100,258.98,245.0,0,0.0,0.0,,0.0,1,0.27,0.05,SPY190128C00275000,275.0,normalDay
2019-01-14,123.0,1263.0,0.0,100,257.4,245.0,0,0.0,0.0,,0.0,1,0.27,0.04,SPY190128C00275000,275.0,normalDay
2019-01-15,123.0,1557.0,0.0,100,260.35,245.0,0,0.0,0.0,,0.0,1,0.27,0.05,SPY190128C00275000,275.0,normalDay
2019-01-16,123.0,1619.0,0.0,100,260.98,245.0,0,0.0,0.0,,0.0,1,0.27,0.06,SPY190128C00275000,275.0,normalDay
2019-01-17,123.0,1816.0,0.0,100,262.96,245.0,0,0.0,0.0,,0.0,1,0.27,0.07,SPY190128C00275000,275.0,normalDay
2019-01-18,123.0,2156.0,0.0,100,266.46,245.0,0,0.0,0.0,,0.0,1,0.27,0.17,SPY190128C00275000,275.0,normalDay
2019-01-22,123.0,1810.0,0.0,100,262.86,245.0,0,0.0,0.0,,0.0,1,0.27,0.03,SPY190128C00275000,275.0,normalDay
2019-01-23,123.0,1867.0,0.0,100,263.41,245.0,0,0.0,0.0,,0.0,1,0.27,0.01,SPY190128C00275000,275.0,normalDay
2019-01-24,123.0,1881.0,0.0,100,263.55,245.0,0,0.0,0.0,,0.0,1,0.27,0.01,SPY190128C00275000,275.0,normalDay
2019-01-25,123.0,2104.0,0.0,100,265.78,245.0,0,0.0,0.0,,0.0,1,0.27,0.01,SPY190128C00275000,275.0,normalDay
2019-01-28,150.0,1876.0,27.0,100,263.76,245.0,0,0.0,0.0,,0.0,1,0.27,0.0,SPY190128C00275000,275.0,expirationDay
2019-01-29,150.0,1837.0,0.0,100,263.41,245.0,0,0.0,0.0,,0.0,1,0.31,0.35,SPY190301C00279000,279.0,normalDay
2019-01-30,150.0,2223.0,0.0,100,267.58,245.0,0,0.0,0.0,,0.0,1,0.31,0.66,SPY190301C00279000,279.0,normalDay
2019-01-31,150.0,2423.0,0.0,100,269.93,245.0,0,0.0,0.0,,0.0,1,0.31,1.01,SPY190301C00279000,279.0,normalDay
2019-02-01,150.0,2455.0,0.0,100,270.06,245.0,0,0.0,0.0,,0.0,1,0.31,0.82,SPY190301C00279000,279.0,normalDay
2019-02-04,150.0,2629.0,0.0,100,271.96,245.0,0,0.0,0.0,,0.0,1,0.31,0.98,SPY190301C00279000,279.0,normalDay
2019-02-05,150.0,2721.0,0.0,100,273.1,245.0,0,0.0,0.0,,0.0,1,0.31,1.2,SPY190301C00279000,279.0,normalDay
2019-02-06,150.0,2707.0,0.0,100,272.74,245.0,0,0.0,0.0,,0.0,1,0.31,0.98,SPY190301C00279000,279.0,normalDay
2019-02-07,150.0,2498.0,0.0,100,270.14,245.0,0,0.0,0.0,,0.0,1,0.31,0.47,SPY190301C00279000,279.0,normalDay
2019-02-08,150.0,2539.0,0.0,100,270.47,245.0,0,0.0,0.0,,0.0,1,0.31,0.39,SPY190301C00279000,279.0,normalDay
2019-02-11,150.0,2556.0,0.0,100,270.62,245.0,0,0.0,0.0,,0.0,1,0.31,0.37,SPY190301C00279000,279.0,normalDay
2019-02-12,150.0,2835.0,0.0,100,274.1,245.0,0,0.0,0.0,,0.0,1,0.31,1.06,SPY190301C00279000,279.0,normalDay
2019-02-13,150.0,2911.0,0.0,100,274.99,245.0,0,0.0,0.0,,0.0,1,0.31,1.19,SPY190301C00279000,279.0,normalDay
2019-02-14,150.0,2872.0,0.0,100,274.38,245.0,0,0.0,0.0,,0.0,1,0.31,0.97,SPY190301C00279000,279.0,normalDay
2019-02-15,150.0,3093.0,0.0,100,277.37,245.0,0,0.0,0.0,,0.0,1,0.31,1.75,SPY190301C00279000,279.0,normalDay
2019-02-19,150.0,3163.0,0.0,100,277.85,245.0,0,0.0,0.0,,0.0,1,0.31,1.53,SPY190301C00279000,279.0,normalDay
2019-02-20,150.0,3199.0,0.0,100,278.41,245.0,0,0.0,0.0,,0.0,1,0.31,1.73,SPY190301C00279000,279.0,normalDay
2019-02-21,150.0,3151.0,0.0,100,277.42,245.0,0,0.0,0.0,,0.0,1,0.31,1.22,SPY190301C00279000,279.0,normalDay
2019-02-22,150.0,3279.0,0.0,100,279.14,245.0,0,0.0,0.0,,0.0,1,0.31,1.66,SPY190301C00279000,279.0,normalDay
2019-02-25,150.0,3292.0,0.0,100,279.52,245.0,0,0.0,0.0,,0.0,1,0.31,1.91,SPY190301C00279000,279.0,normalDay
2019-02-26,150.0,3313.0,0.0,100,279.32,245.0,0,0.0,0.0,,0.0,1,0.31,1.5,SPY190301C00279000,279.0,normalDay
2019-02-27,150.0,3330.0,0.0,100,279.2,245.0,0,0.0,0.0,,0.0,1,0.31,1.21,SPY190301C00279000,279.0,normalDay
2019-02-28,150.0,3344.0,0.0,100,278.68,245.0,0,0.0,0.0,,0.0,1,0.31,0.55,SPY190301C00279000,279.0,normalDay
2019-03-01,3581.0,3344.0,3431.0,0,280.42,0.0,0,0.0,0.0,,0.0,1,0.31,0.0,SPY190301C00279000,279.0,expirationDay
2019-03-04,3581.0,0.0,0.0,0,279.4,0.0,0,0.0,0.0,,0.0,0,0.0,0.0,,0.0,bidTooLow
2019-03-05,3581.0,0.0,0.0,0,279.02,0.0,0,0.0,0.0,,0.0,0,0.0,0.0,,0.0,bidTooLow
2019-03-06,3581.0,0.0,0.0,0,277.33,0.0,0,0.0,0.0,,0.0,0,0.0,0.0,,0.0,bidTooLow
2019-03-07,3581.0,0.0,0.0,0,275.01,0.0,0,0.0,0.0,,0.0,0,0.0,0.0,,0.0,bidTooLow
2019-03-08,3581.0,0.0,0.0,0,274.46,0.0,0,0.0,0.0,,0.0,0,0.0,0.0,,0.0,bidTooLow
2019-03-11,3581.0,0.0,0.0,0,278.44,0.0,0,0.0,0.0,,0.0,0,0.0,0.0,,0.0,bidTooLow
2019-03-12,3581.0,-3.0,0.0,0,279.49,0.0,1,0.06,0.09,SPY190315P00270500,270.5,0,0.0,0.0,,0.0,normalDay
2019-03-13,3581.0,2.0,0.0,0,281.34,0.0,1,0.06,0.04,SPY190315P00270500,270.5,0,0.0,0.0,,0.0,normalDay
2019-03-14,3581.0,3.0,0.0,0,281.16,0.0,1,0.06,0.03,SPY190315P00270500,270.5,0,0.0,0.0,,0.0,normalDay
2019-03-15,3587.0,0.0,6.0,0,281.31,0.0,1,0.06,0.0,SPY190315P00270500,270.5,0,0.0,0.0,,0.0,expirationDay
2019-03-18,3587.0,0.0,0.0,0,282.33,0.0,0,0.0,0.0,,0.0,0,0.0,0.0,,0.0,bidTooLow
2019-03-19,3587.0,-3.0,0.0,0,282.4,0.0,1,0.02,0.05,SPY190322P00272000,272.0,0,0.0,0.0,,0.0,normalDay
2019-03-20,3587.0,-1.0,0.0,0,281.55,0.0,1,0.02,0.03,SPY190322P00272000,272.0,0,0.0,0.0,,0.0,normalDay
2019-03-21,3587.0,1.0,0.0,0,284.73,0.0,1,0.02,0.01,SPY190322P00272000,272.0,0,0.0,0.0,,0.0,normalDay
2019-03-22,3589.0,0.0,2.0,0,279.25,0.0,1,0.02,0.0,SPY190322P00272000,272.0,0,0.0,0.0,,0.0,expirationDay
2019-03-25,3589.0,-3.0,0.0,0,279.04,0.0,1,0.04,0.07,SPY190327P00271500,271.5,0,0.0,0.0,,0.0,normalDay
2019-03-26,3589.0,3.0,0.0,0,281.12,0.0,1,0.04,0.01,SPY190327P00271500,271.5,0,0.0,0.0,,0.0,normalDay
2019-03-27,3593.0,0.0,4.0,0,279.65,0.0,1,0.04,0.0,SPY190327P00271500,271.5,0,0.0,0.0,,0.0,expirationDay
2019-03-28,3593.0,0.0,0.0,0,280.71,0.0,0,0.0,0.0,,0.0,0,0.0,0.0,,0.0,bidTooLow
2019-03-29,3593.0,0.0,0.0,0,282.48,0.0,0,0.0,0.0,,0.0,0,0.0,0.0,,0.0,bidTooLow
2019-04-01,3593.0,0.0,0.0,0,285.83,0.0,0,0.0,0.0,,0.0,0,0.0,0.0,,0.0,bidTooLow
2019-04-02,3593.0,0.0,0.0,0,285.97,0.0,0,0.0,0.0,,0.0,0,0.0,0.0,,0.0,bidTooLow
2019-04-03,3593.0,0.0,0.0,0,286.42,0.0,0,0.0,0.0,,0.0,0,0.0,0.0,,0.0,bidTooLow
2019-04-04,3593.0,0.0,0.0,0,287.18,0.0,0,0.0,0.0,,0.0,0,0.0,0.0,,0.0,bidTooLow
2019-04-05,3593.0,0.0,0.0,0,288.57,0.0,0,0.0,0.0,,0.0,0,0.0,0.0,,0.0,bidTooLow
2019-04-08,3593.0,0.0,0.0,0,288.79,0.0,0,0.0,0.0,,0.0,0,0.0,0.0,,0.0,bidTooLow
2019-04-09,3593.0,0.0,0.0,0,287.31,0.0,0,0.0,0.0,,0.0,0,0.0,0.0,,0.0,bidTooLow
2019-04-10,3593.0,0.0,0.0,0,288.29,0.0,0,0.0,0.0,,0.0,0,0.0,0.0,,0.0,bidTooLow
2019-04-11,3593.0,0.0,0.0,0,288.21,0.0,0,0.0,0.0,,0.0,0,0.0,0.0,,0.0,bidTooLow
2019-04-12,3593.0,0.0,0.0,0,290.16,0.0,0,0.0,0.0,,0.0,0,0.0,0.0,,0.0,bidTooLow
2019-04-15,3593.0,0.0,0.0,0,289.97,0.0,0,0.0,0.0,,0.0,0,0.0,0.0,,0.0,bidTooLow
2019-04-16,3593.0,0.0,0.0,0,290.16,0.0,0,0.0,0.0,,0.0,0,0.0,0.0,,0.0,bidTooLow
2019-04-17,3593.0,0.0,0.0,0,289.45,0.0,0,0.0,0.0,,0.0,0,0.0,0.0,,0.0,bidTooLow
2019-04-18,3593.0,0.0,0.0,0,290.02,0.0,0,0.0,0.0,,0.0,0,0.0,0.0,,0.0,bidTooLow
2019-04-22,3593.0,0.0,0.0,0,290.27,0.0,0,0.0,0.0,,0.0,0,0.0,0.0,,0.0,bidTooLow
2019-04-23,3593.0,0.0,0.0,0,292.88,0.0,0,0.0,0.0,,0.0,0,0.0,0.0,,0.0,bidTooLow
2019-04-24,3593.0,0.0,0.0,0,292.23,0.0,0,0.0,0.0,,0.0,0,0.0,0.0,,0.0,bidTooLow
2019-04-25,3593.0,0.0,0.0,0,292.05,0.0,0,0.0,0.0,,0.0,0,0.0,0.0,,0.0,bidTooLow
2019-04-26,3593.0,0.0,0.0,0,293.41,0.0,0,0.0,0.0,,0.0,0,0.0,0.0,,0.0,bidTooLow
2019-04-29,3593.0,0.0,0.0,0,293.87,0.0,0,0.0,0.0,,0.0,0,0.0,0.0,,0.0,bidTooLow
2019-04-30,3593.0,-3.0,0.0,0,294.02,0.0,1,0.03,0.06,SPY190503P00281500,281.5,0,0.0,0.0,,0.0,normalDay
2019-05-01,3593.0,-7.0,0.0,0,291.81,0.0,1,0.03,0.1,SPY190503P00281500,281.5,0,0.0,0.0,,0.0,normalDay
2019-05-02,3593.0,0.0,0.0,0,291.18,0.0,1,0.03,0.03,SPY190503P00281500,281.5,0,0.0,0.0,,0.0,normalDay
2019-05-03,3596.0,0.0,3.0,0,294.03,0.0,1,0.03,0.0,SPY190503P00281500,281.5,0,0.0,0.0,,0.0,expirationDay
2019-05-06,3596.0,-3.0,0.0,0,292.82,0.0,1,0.05,0.08,SPY190508P00284000,284.0,0,0.0,0.0,,0.0,normalDay
2019-05-07,3596.0,-27.0,0.0,0,287.93,0.0,1,0.05,0.32,SPY190508P00284000,284.0,0,0.0,0.0,,0.0,normalDay
2019-05-08,3601.0,0.0,5.0,0,287.53,0.0,1,0.05,0.0,SPY190508P00284000,284.0,0,0.0,0.0,,0.0,expirationDay
2019-05-09,3601.0,-4.0,0.0,0,286.66,0.0,1,0.85,0.89,SPY190510P00283000,283.0,0,0.0,0.0,,0.0,normalDay
2019-05-10,3686.0,0.0,85.0,0,288.1,0.0,1,0.85,0.0,SPY190510P00283000,283.0,0,0.0,0.0,,0.0,expirationDay
2019-05-13,3686.0,-5.0,0.0,0,280.86,0.0,1,1.6,1.65,SPY190515P00279500,279.5,0,0.0,0.0,,0.0,normalDay
2019-05-14,3686.0,137.0,0.0,0,283.4,0.0,1,1.6,0.23,SPY190515P00279500,279.5,0,0.0,0.0,,0.0,normalDay
2019-05-15,3846.0,0.0,160.0,0,285.06,0.0,1,1.6,0.0,SPY190515P00279500,279.5,0,0.0,0.0,,0.0,expirationDay
2019-05-16,3846.0,0.0,0.0,0,287.7,0.0,0,0.0,0.0,,0.0,0,0.0,0.0,,0.0,bidTooLow
2019-05-17,3846.0,-3.0,0.0,0,285.84,0.0,1,0.01,0.04,SPY190520P00276000,276.0,0,0.0,0.0,,0.0,normalDay
2019-05-20,3847.0,0.0,1.0,0,283.95,0.0,1,0.01,0.0,SPY190520P00276000,276.0,0,0.0,0.0,,0.0,expirationDay
2019-05-21,3847.0,-3.0,0.0,0,286.51,0.0,1,0.01,0.04,SPY190524P00275000,275.0,0,0.0,0.0,,0.0,normalDay
2019-05-22,3847.0,-2.0,0.0,0,285.63,0.0,1,0.01,0.03,SPY190524P00275000,275.0,0,0.0,0.0,,0.0,normalDay
2019-05-23,3847.0,-6.0,0.0,0,282.14,0.0,1,0.01,0.07,SPY190524P00275000,275.0,0,0.0,0.0,,0.0,normalDay
2019-05-24,3848.0,0.0,1.0,0,282.78,0.0,1,0.01,0.0,SPY190524P00275000,275.0,0,0.0,0.0,,0.0,expirationDay
2019-05-28,3848.0,-3.0,0.0,0,280.15,0.0,1,0.21,0.24,SPY190531P00272500,272.5,0,0.0,0.0,,0.0,normalDay
2019-05-29,3848.0,-2.0,0.0,0,278.27,0.0,1,0.21,0.23,SPY190531P00272500,272.5,0,0.0,0.0,,0.0,normalDay
2019-05-30,3848.0,17.0,0.0,0,279.03,0.0,1,0.21,0.04,SPY190531P00272500,272.5,0,0.0,0.0,,0.0,normalDay
2019-05-31,3869.0,0.0,21.0,0,275.27,0.0,1,0.21,0.0,SPY190531P00272500,272.5,0,0.0,0.0,,0.0,expirationDay
2019-06-03,3869.0,-3.0,0.0,0,274.57,0.0,1,0.07,0.1,SPY190605P00267000,267.0,0,0.0,0.0,,0.0,normalDay
2019-06-04,3869.0,6.0,0.0,0,280.53,0.0,1,0.07,0.01,SPY190605P00267000,267.0,0,0.0,0.0,,0.0,normalDay
2019-06-05,3876.0,0.0,7.0,0,282.96,0.0,1,0.07,0.0,SPY190605P00267000,267.0,0,0.0,0.0,,0.0,expirationDay
2019-06-06,3876.0,0.0,0.0,0,284.8,0.0,0,0.0,0.0,,0.0,0,0.0,0.0,,0.0,bidTooLow
2019-06-07,3876.0,0.0,0.0,0,287.65,0.0,0,0.0,0.0,,0.0,0,0.0,0.0,,0.0,bidTooLow
2019-06-10,3876.0,0.0,0.0,0,288.97,0.0,0,0.0,0.0,,0.0,0,0.0,0.0,,0.0,bidTooLow
2019-06-11,3876.0,0.0,0.0,0,288.9,0.0,0,0.0,0.0,,0.0,0,0.0,0.0,,0.0,bidTooLow
2019-06-12,3876.0,0.0,0.0,0,288.39,0.0,0,0.0,0.0,,0.0,0,0.0,0.0,,0.0,bidTooLow
2019-06-13,3876.0,0.0,0.0,0,289.58,0.0,0,0.0,0.0,,0.0,0,0.0,0.0,,0.0,bidTooLow
2019-06-14,3876.0,0.0,0.0,0,289.26,0.0,0,0.0,0.0,,0.0,0,0.0,0.0,,0.0,bidTooLow
2019-06-17,3876.0,0.0,0.0,0,289.37,0.0,0,0.0,0.0,,0.0,0,0.0,0.0,,0.0,bidTooLow
2019-06-18,3876.0,0.0,0.0,0,292.4,0.0,0,0.0,0.0,,0.0,0,0.0,0.0,,0.0,bidTooLow
2019-06-19,3876.0,0.0,0.0,0,293.06,0.0,0,0.0,0.0,,0.0,0,0.0,0.0,,0.0,bidTooLow
2019-06-20,3876.0,0.0,0.0,0,295.86,0.0,0,0.0,0.0,,0.0,0,0.0,0.0,,0.0,bidTooLow
2019-06-21,3876.0,0.0,0.0,0,294.0,0.0,0,0.0,0.0,,0.0,0,0.0,0.0,,0.0,bidTooLow
2019-06-24,3876.0,0.0,0.0,0,293.64,0.0,0,0.0,0.0,,0.0,0,0.0,0.0,,0.0,bidTooLow
2019-06-25,3876.0,0.0,0.0,0,290.76,0.0,0,0.0,0.0,,0.0,0,0.0,0.0,,0.0,bidTooLow
2019-06-26,3876.0,0.0,0.0,0,290.47,0.0,0,0.0,0.0,,0.0,0,0.0,0.0,,0.0,bidTooLow
2019-06-27,3876.0,0.0,0.0,0,291.5,0.0,0,0.0,0.0,,0.0,0,0.0,0.0,,0.0,bidTooLow
2019-06-28,3876.0,0.0,0.0,0,293.0,0.0,0,0.0,0.0,,0.0,0,0.0,0.0,,0.0,bidTooLow
2019-07-01,3876.0,0.0,0.0,0,295.66,0.0,0,0.0,0.0,,0.0,0,0.0,0.0,,0.0,bidTooLow
2019-07-02,3876.0,0.0,0.0,0,296.43,0.0,0,0.0,0.0,,0.0,0,0.0,0.0,,0.0,bidTooLow
2019-07-03,3876.0,0.0,0.0,0,298.8,0.0,0,0.0,0.0,,0.0,0,0.0,0.0,,0.0,bidTooLow
2019-07-05,3876.0,0.0,0.0,0,298.46,0.0,0,0.0,0.0,,0.0,0,0.0,0.0,,0.0,bidTooLow
2019-07-08,3876.0,0.0,0.0,0,296.82,0.0,0,0.0,0.0,,0.0,0,0.0,0.0,,0.0,bidTooLow
2019-07-09,3876.0,0.0,0.0,0,297.19,0.0,0,0.0,0.0,,0.0,0,0.0,0.0,,0.0,bidTooLow
2019-07-10,3876.0,0.0,0.0,0,298.61,0.0,0,0.0,0.0,,0.0,0,0.0,0.0,,0.0,bidTooLow
2019-07-11,3876.0,0.0,0.0,0,299.31,0.0,0,0.0,0.0,,0.0,0,0.0,0.0,,0.0,bidTooLow
2019-07-12,3876.0,0.0,0.0,0,300.65,0.0,0,0.0,0.0,,0.0,0,0.0,0.0,,0.0,bidTooLow
2019-07-15,3876.0,0.0,0.0,0,300.75,0.0,0,0.0,0.0,,0.0,0,0.0,0.0,,0.0,bidTooLow
2019-07-16,3876.0,-3.0,0.0,0,299.78,0.0,1,0.01,0.04,SPY190719P00284000,284.0,0,0.0,0.0,,0.0,normalDay
2019-07-17,3876.0,-2.0,0.0,0,297.74,0.0,1,0.01,0.03,SPY190719P00284000,284.0,0,0.0,0.0,,0.0,normalDay
2019-07-18,3876.0,-1.0,0.0,0,298.83,0.0,1,0.01,0.02,SPY190719P00284000,284.0,0,0.0,0.0,,0.0,normalDay
2019-07-19,3877.0,0.0,1.0,0,297.17,0.0,1,0.01,0.0,SPY190719P00284000,284.0,0,0.0,0.0,,0.0,expirationDay
2019-07-22,3877.0,0.0,0.0,0,297.9,0.0,0,0.0,0.0,,0.0,0,0.0,0.0,,0.0,bidTooLow
2019-07-23,3877.0,0.0,0.0,0,300.03,0.0,0,0.0,0.0,,0.0,0,0.0,0.0,,0.0,bidTooLow
2019-07-24,3877.0,0.0,0.0,0,301.44,0.0,0,0.0,0.0,,0.0,0,0.0,0.0,,0.0,bidTooLow
2019-07-25,3877.0,0.0,0.0,0,300.0,0.0,0,0.0,0.0,,0.0,0,0.0,0.0,,0.0,bidTooLow
2019-07-26,3877.0,0.0,0.0,0,302.01,0.0,0,0.0,0.0,,0.0,0,0.0,0.0,,0.0,bidTooLow
2019-07-29,3877.0,-3.0,0.0,0,301.46,0.0,1,0.02,0.05,SPY190731P00292500,292.5,0,0.0,0.0,,0.0,normalDay
2019-07-30,3877.0,-2.0,0.0,0,300.72,0.0,1,0.02,0.04,SPY190731P00292500,292.5,0,0.0,0.0,,0.0,normalDay
2019-07-31,3879.0,0.0,2.0,0,297.43,0.0,1,0.02,0.0,SPY190731P00292500,292.5,0,0.0,0.0,,0.0,expirationDay
2019-08-01,3879.0,-3.0,0.0,0,294.84,0.0,1,0.5,0.53,SPY190802P00292500,292.5,0,0.0,0.0,,0.0,normalDay
2019-08-02,3929.0,0.0,50.0,0,292.62,0.0,1,0.5,0.0,SPY190802P00292500,292.5,0,0.0,0.0,,0.0,expirationDay
2019-08-05,3929.0,-5.0,0.0,0,283.82,0.0,1,3.28,3.33,SPY190807P00284000,284.0,0,0.0,0.0,,0.0,normalDay
2019-08-06,3929.0,278.0,0.0,0,287.8,0.0,1,3.28,0.5,SPY190807P00284000,284.0,0,0.0,0.0,,0.0,normalDay
2019-08-07,4257.0,0.0,328.0,0,287.97,0.0,1,3.28,0.0,SPY190807P00284000,284.0,0,0.0,0.0,,0.0,expirationDay
2019-08-08,4257.0,0.0,0.0,0,293.62,0.0,0,0.0,0.0,,0.0,0,0.0,0.0,,0.0,bidTooLow
2019-08-09,4257.0,0.0,0.0,0,291.62,0.0,0,0.0,0.0,,0.0,0,0.0,0.0,,0.0,bidTooLow
2019-08-12,4257.0,-3.0,0.0,0,288.07,0.0,1,0.12,0.15,SPY190814P00277000,277.0,0,0.0,0.0,,0.0,normalDay
2019-08-13,4257.0,10.0,0.0,0,292.55,0.0,1,0.12,0.02,SPY190814P00277000,277.0,0,0.0,0.0,,0.0,normalDay
2019-08-14,4269.0,0.0,12.0,0,283.9,0.0,1,0.12,0.0,SPY190814P00277000,277.0,0,0.0,0.0,,0.0,expirationDay
2019-08-15,4269.0,0.0,0.0,0,284.65,0.0,0,0.0,0.0,,0.0,0,0.0,0.0,,0.0,bidTooLow
2019-08-16,4269.0,0.0,0.0,0,288.85,0.0,0,0.0,0.0,,0.0,0,0.0,0.0,,0.0,bidTooLow
2019-08-19,4269.0,0.0,0.0,0,292.33,0.0,0,0.0,0.0,,0.0,0,0.0,0.0,,0.0,bidTooLow
2019-08-20,4269.0,0.0,0.0,0,290.09,0.0,0,0.0,0.0,,0.0,0,0.0,0.0,,0.0,bidTooLow
2019-08-21,4269.0,0.0,0.0,0,292.45,0.0,0,0.0,0.0,,0.0,0,0.0,0.0,,0.0,bidTooLow
2019-08-22,4269.0,0.0,0.0,0,292.36,0.0,0,0.0,0.0,,0.0,0,0.0,0.0,,0.0,bidTooLow
2019-08-23,4269.0,-3.0,0.0,0,284.85,0.0,1,0.08,0.11,SPY190826P00273000,273.0,0,0.0,0.0,,0.0,normalDay
2019-08-26,4277.0,0.0,8.0,0,288.0,0.0,1,0.08,0.0,SPY190826P00273000,273.0,0,0.0,0.0,,0.0,expirationDay
2019-08-27,4277.0,-3.0,0.0,0,286.87,0.0,1,0.17,0.2,SPY190830P00276000,276.0,0,0.0,0.0,,0.0,normalDay
2019-08-28,4277.0,12.0,0.0,0,288.89,0.0,1,0.17,0.05,SPY190830P00276000,276.0,0,0.0,0.0,,0.0,normalDay
2019-08-29,4277.0,15.0,0.0,0,292.58,0.0,1,0.17,0.02,SPY190830P00276000,276.0,0,0.0,0.0,,0.0,normalDay
2019-08-30,4294.0,0.0,17.0,0,292.45,0.0,1,0.17,0.0,SPY190830P00276000,276.0,0,0.0,0.0,,0.0,expirationDay
2019-09-03,4294.0,-3.0,0.0,0,290.74,0.0,1,0.12,0.15,SPY190906P00279000,279.0,0,0.0,0.0,,0.0,normalDay
2019-09-04,4294.0,9.0,0.0,0,294.04,0.0,1,0.12,0.03,SPY190906P00279000,279.0,0,0.0,0.0,,0.0,normalDay
2019-09-05,4294.0,10.0,0.0,0,297.82,0.0,1,0.12,0.02,SPY190906P00279000,279.0,0,0.0,0.0,,0.0,normalDay
2019-09-06,4306.0,0.0,12.0,0,298.05,0.0,1,0.12,0.0,SPY190906P00279000,279.0,0,0.0,0.0,,0.0,expirationDay
2019-09-09,4306.0,0.0,0.0,0,298.2,0.0,0,0.0,0.0,,0.0,0,0.0,0.0,,0.0,bidTooLow
2019-09-10,4306.0,0.0,0.0,0,298.13,0.0,0,0.0,0.0,,0.0,0,0.0,0.0,,0.0,bidTooLow
2019-09-11,4306.0,0.0,0.0,0,300.25,0.0,0,0.0,0.0,,0.0,0,0.0,0.0,,0.0,bidTooLow
2019-09-12,4306.0,0.0,0.0,0,301.29,0.0,0,0.0,0.0,,0.0,0,0.0,0.0,,0.0,bidTooLow
2019-09-13,4306.0,0.0,0.0,0,301.09,0.0,0,0.0,0.0,,0.0,0,0.0,0.0,,0.0,bidTooLow
2019-09-16,4306.0,0.0,0.0,0,300.16,0.0,0,0.0,0.0,,0.0,0,0.0,0.0,,0.0,bidTooLow
2019-09-17,4306.0,-3.0,0.0,0,300.92,0.0,1,0.02,0.05,SPY190920P00276000,276.0,0,0.0,0.0,,0.0,normalDay
2019-09-18,4306.0,-2.0,0.0,0,301.1,0.0,1,0.02,0.04,SPY190920P00276000,276.0,0,0.0,0.0,,0.0,normalDay
2019-09-19,4306.0,0.0,0.0,0,301.08,0.0,1,0.02,0.02,SPY190920P00276000,276.0,0,0.0,0.0,,0.0,normalDay
2019-09-20,4308.0,0.0,2.0,0,298.28,0.0,1,0.02,0.0,SPY190920P00276000,276.0,0,0.0,0.0,,0.0,expirationDay
2019-09-23,4308.0,0.0,0.0,0,298.21,0.0,0,0.0,0.0,,0.0,0,0.0,0.0,,0.0,bidTooLow
2019-09-24,4308.0,-3.0,0.0,0,295.87,0.0,1,0.06,0.09,SPY190927P00281000,281.0,0,0.0,0.0,,0.0,normalDay
2019-09-25,4308.0,3.0,0.0,0,297.62,0.0,1,0.06,0.03,SPY190927P00281000,281.0,0,0.0,0.0,,0.0,normalDay
2019-09-26,4308.0,5.0,0.0,0,297.0,0.0,1,0.06,0.01,SPY190927P00281000,281.0,0,0.0,0.0,,0.0,normalDay
2019-09-27,4314.0,0.0,6.0,0,295.4,0.0,1,0.06,0.0,SPY190927P00281000,281.0,0,0.0,0.0,,0.0,expirationDay
2019-09-30,4314.0,-3.0,0.0,0,296.77,0.0,1,0.04,0.07,SPY191002P00289000,289.0,0,0.0,0.0,,0.0,normalDay
2019-10-01,4314.0,-10.0,0.0,0,293.24,0.0,1,0.04,0.14,SPY191002P00289000,289.0,0,0.0,0.0,,0.0,normalDay
2019-10-02,4318.0,-94.0,4.0,100,288.06,289.0,1,0.04,0.0,SPY191002P00289000,289.0,0,0.0,0.0,,0.0,expirationDay
2019-10-03,4318.0,139.0,0.0,100,290.42,289.0,0,0.0,0.0,,0.0,1,0.08,0.11,SPY191104C00310000,310.0,normalDay
2019-10-04,4318.0,529.0,0.0,100,294.35,289.0,0,0.0,0.0,,0.0,1,0.08,0.14,SPY191104C00310000,310.0,normalDay
2019-10-07,4318.0,405.0,0.0,100,293.08,289.0,0,0.0,0.0,,0.0,1,0.08,0.11,SPY191104C00310000,310.0,normalDay
2019-10-08,4318.0,-45.0,0.0,100,288.53,289.0,0,0.0,0.0,,0.0,1,0.08,0.06,SPY191104C00310000,310.0,normalDay
2019-10-09,4318.0,227.0,0.0,100,291.27,289.0,0,0.0,0.0,,0.0,1,0.08,0.08,SPY191104C00310000,310.0,normalDay
2019-10-10,4318.0,421.0,0.0,100,293.24,289.0,0,0.0,0.0,,0.0,1,0.08,0.11,SPY191104C00310000,310.0,normalDay
2019-10-11,4318.0,720.0,0.0,100,296.28,289.0,0,0.0,0.0,,0.0,1,0.08,0.16,SPY191104C00310000,310.0,normalDay
2019-10-14,4318.0,697.0,0.0,100,295.95,289.0,0,0.0,0.0,,0.0,1,0.08,0.06,SPY191104C00310000,310.0,normalDay
2019-10-15,4318.0,982.0,0.0,100,298.88,289.0,0,0.0,0.0,,0.0,1,0.08,0.14,SPY191104C00310000,310.0,normalDay
2019-10-16,4318.0,938.0,0.0,100,298.4,289.0,0,0.0,0.0,,0.0,1,0.08,0.1,SPY191104C00310000,310.0,normalDay
2019-10-17,4318.0,1026.0,0.0,100,299.28,289.0,0,0.0,0.0,,0.0,1,0.08,0.1,SPY191104C00310000,310.0,normalDay
2019-10-18,4318.0,900.0,0.0,100,297.97,289.0,0,0.0,0.0,,0.0,1,0.08,0.05,SPY191104C00310000,310.0,normalDay
2019-10-21,4318.0,1099.0,0.0,100,299.99,289.0,0,0.0,0.0,,0.0,1,0.08,0.08,SPY191104C00310000,310.0,normalDay
2019-10-22,4318.0,1004.0,0.0,100,299.01,289.0,0,0.0,0.0,,0.0,1,0.08,0.05,SPY191104C00310000,310.0,normalDay
2019-10-23,4318.0,1093.0,0.0,100,299.88,289.0,0,0.0,0.0,,0.0,1,0.08,0.03,SPY191104C00310000,310.0,normalDay
2019-10-24,4318.0,1142.0,0.0,100,300.37,289.0,0,0.0,0.0,,0.0,1,0.08,0.03,SPY191104C00310000,310.0,normalDay
2019-10-25,4318.0,1264.0,0.0,100,301.6,289.0,0,0.0,0.0,,0.0,1,0.08,0.04,SPY191104C00310000,310.0,normalDay
2019-10-28,4318.0,1432.0,0.0,100,303.3,289.0,0,0.0,0.0,,0.0,1,0.08,0.06,SPY191104C00310000,310.0,normalDay
2019-10-29,4318.0,1425.0,0.0,100,303.21,289.0,0,0.0,0.0,,0.0,1,0.08,0.04,SPY191104C00310000,310.0,normalDay
2019-10-30,4318.0,1519.0,0.0,100,304.14,289.0,0,0.0,0.0,,0.0,1,0.08,0.03,SPY191104C00310000,310.0,normalDay
2019-10-31,4318.0,1440.0,0.0,100,303.33,289.0,0,0.0,0.0,,0.0,1,0.08,0.01,SPY191104C00310000,310.0,normalDay
2019-11-01,4318.0,1720.0,0.0,100,306.14,289.0,0,0.0,0.0,,0.0,1,0.08,0.02,SPY191104C00310000,310.0,normalDay
2019-11-04,4326.0,1837.0,8.0,100,307.37,289.0,0,0.0,0.0,,0.0,1,0.08,0.0,SPY191104C00310000,310.0,expirationDay
2019-11-05,4326.0,1799.0,0.0,100,307.03,289.0,0,0.0,0.0,,0.0,1,0.84,0.88,SPY191206C00315000,315.0,normalDay
2019-11-06,4326.0,1814.0,0.0,100,307.1,289.0,0,0.0,0.0,,0.0,1,0.84,0.8,SPY191206C00315000,315.0,normalDay
2019-11-07,4326.0,1900.0,0.0,100,308.18,289.0,0,0.0,0.0,,0.0,1,0.84,1.02,SPY191206C00315000,315.0,normalDay
2019-11-08,4326.0,1976.0,0.0,100,308.94,289.0,0,0.0,0.0,,0.0,1,0.84,1.02,SPY191206C00315000,315.0,normalDay
2019-11-11,4326.0,1935.0,0.0,100,308.35,289.0,0,0.0,0.0,,0.0,1,0.84,0.84,SPY191206C00315000,315.0,normalDay
2019-11-12,4326.0,1999.0,0.0,100,309.0,289.0,0,0.0,0.0,,0.0,1,0.84,0.85,SPY191206C00315000,315.0,normalDay
2019-11-13,4326.0,2007.0,0.0,100,309.1,289.0,0,0.0,0.0,,0.0,1,0.84,0.87,SPY191206C00315000,315.0,normalDay
2019-11-14,4326.0,2053.0,0.0,100,309.55,289.0,0,0.0,0.0,,0.0,1,0.84,0.86,SPY191206C00315000,315.0,normalDay
2019-11-15,4326.0,2234.0,0.0,100,311.79,289.0,0,0.0,0.0,,0.0,1,0.84,1.29,SPY191206C00315000,315.0,normalDay
2019-11-18,4326.0,2258.0,0.0,100,312.02,289.0,0,0.0,0.0,,0.0,1,0.84,1.28,SPY191206C00315000,315.0,normalDay
2019-11-19,4326.0,2269.0,0.0,100,311.93,289.0,0,0.0,0.0,,0.0,1,0.84,1.08,SPY191206C00315000,315.0,normalDay
2019-11-20,4326.0,2196.0,0.0,100,310.77,289.0,0,0.0,0.0,,0.0,1,0.84,0.65,SPY191206C00315000,315.0,normalDay
2019-11-21,4326.0,2152.0,0.0,100,310.27,289.0,0,0.0,0.0,,0.0,1,0.84,0.59,SPY191206C00315000,315.0,normalDay
2019-11-22,4326.0,2226.0,0.0,100,310.96,289.0,0,0.0,0.0,,0.0,1,0.84,0.54,SPY191206C00315000,315.0,normalDay
2019-11-25,4326.0,2426.0,0.0,100,313.37,289.0,0,0.0,0.0,,0.0,1,0.84,0.95,SPY191206C00315000,315.0,normalDay
2019-11-26,4326.0,2469.0,0.0,100,314.08,289.0,0,0.0,0.0,,0.0,1,0.84,1.23,SPY191206C00315000,315.0,normalDay
2019-11-27,4326.0,2537.0,0.0,100,315.48,289.0,0,0.0,0.0,,0.0,1,0.84,1.95,SPY191206C00315000,315.0,normalDay
2019-11-29,4326.0,2485.0,0.0,100,314.31,289.0,0,0.0,0.0,,0.0,1,0.84,1.3,SPY191206C00315000,315.0,normalDay
2019-12-02,4326.0,2317.0,0.0,100,311.64,289.0,0,0.0,0.0,,0.0,1,0.84,0.31,SPY191206C00315000,315.0,normalDay
2019-12-03,4326.0,2131.0,0.0,100,309.55,289.0,0,0.0,0.0,,0.0,1,0.84,0.08,SPY191206C00315000,315.0,normalDay
2019-12-04,4326.0,2320.0,0.0,100,311.46,289.0,0,0.0,0.0,,0.0,1,0.84,0.1,SPY191206C00315000,315.0,normalDay
2019-12-05,4326.0,2383.0,0.0,100,312.02,289.0,0,0.0,0.0,,0.0,1,0.84,0.03,SPY191206C00315000,315.0,normalDay
2019-12-06,4410.0,2587.0,84.0,100,314.87,289.0,0,0.0,0.0,,0.0,1,0.84,0.0,SPY191206C00315000,315.0,expirationDay
2019-12-09,4410.0,2485.0,0.0,100,313.88,289.0,0,0.0,0.0,,0.0,1,1.55,1.58,SPY200110C00319000,319.0,normalDay
2019-12-10,4410.0,2456.0,0.0,100,313.53,289.0,0,0.0,0.0,,0.0,1,1.55,1.52,SPY200110C00319000,319.0,normalDay
2019-12-11,4410.0,2534.0,0.0,100,314.42,289.0,0,0.0,0.0,,0.0,1,1.55,1.63,SPY200110C00319000,319.0,normalDay
2019-12-12,4410.0,2735.0,0.0,100,317.13,289.0,0,0.0,0.0,,0.0,1,1.55,2.33,SPY200110C00319000,319.0,normalDay
2019-12-13,4410.0,2795.0,0.0,100,317.32,289.0,0,0.0,0.0,,0.0,1,1.55,1.92,SPY200110C00319000,319.0,normalDay
2019-12-16,4410.0,2918.0,0.0,100,319.5,289.0,0,0.0,0.0,,0.0,1,1.55,2.87,SPY200110C00319000,319.0,normalDay
2019-12-17,4410.0,2939.0,0.0,100,319.57,289.0,0,0.0,0.0,,0.0,1,1.55,2.73,SPY200110C00319000,319.0,normalDay
2019-12-18,4410.0,2932.0,0.0,100,319.59,289.0,0,0.0,0.0,,0.0,1,1.55,2.82,SPY200110C00319000,319.0,normalDay
2019-12-19,4410.0,2998.0,0.0,100,320.9,289.0,0,0.0,0.0,,0.0,1,1.55,3.47,SPY200110C00319000,319.0,normalDay
2019-12-20,4410.0,2879.0,0.0,100,320.73,289.0,0,0.0,0.0,,0.0,1,1.55,4.49,SPY200110C00319000,319.0,normalDay
2019-12-23,4410.0,2936.0,0.0,100,321.22,289.0,0,0.0,0.0,,0.0,1,1.55,4.41,SPY200110C00319000,319.0,normalDay
2019-12-24,4410.0,2945.0,0.0,100,321.23,289.0,0,0.0,0.0,,0.0,1,1.55,4.33,SPY200110C00319000,319.0,normalDay
2019-12-26,4410.0,2997.0,0.0,100,322.94,289.0,0,0.0,0.0,,0.0,1,1.55,5.52,SPY200110C00319000,319.0,normalDay
2019-12-27,4410.0,3007.0,0.0,100,322.86,289.0,0,0.0,0.0,,0.0,1,1.55,5.34,SPY200110C00319000,319.0,normalDay
2019-12-30,4410.0,2937.0,0.0,100,321.08,289.0,0,0.0,0.0,,0.0,1,1.55,4.26,SPY200110C00319000,319.0,normalDay
2019-12-31,4410.0,2974.0,0.0,100,321.86,289.0,0,0.0,0.0,,0.0,1,1.55,4.67,SPY200110C00319000,319.0,normalDay
2020-01-02,4410.0,3096.0,0.0,100,324.87,289.0,0,0.0,0.0,,0.0,1,1.55,6.46,SPY200110C00319000,319.0,normalDay
2020-01-03,4410.0,3025.0,0.0,100,322.41,289.0,0,0.0,0.0,,0.0,1,1.55,4.71,SPY200110C00319000,319.0,normalDay
2020-01-06,4410.0,3090.0,0.0,100,323.64,289.0,0,0.0,0.0,,0.0,1,1.55,5.29,SPY200110C00319000,319.0,normalDay
2020-01-07,4410.0,3118.0,0.0,100,322.73,289.0,0,0.0,0.0,,0.0,1,1.55,4.1,SPY200110C00319000,319.0,normalDay
2020-01-08,4410.0,3098.0,0.0,100,324.45,289.0,0,0.0,0.0,,0.0,1,1.55,6.02,SPY200110C00319000,319.0,normalDay
2020-01-09,4410.0,3145.0,0.0,100,326.65,289.0,0,0.0,0.0,,0.0,1,1.55,7.75,SPY200110C00319000,319.0,normalDay
2020-01-10,7565.0,3145.0,3155.0,0,325.71,0.0,0,0.0,0.0,,0.0,1,1.55,0.0,SPY200110C00319000,319.0,expirationDay
2020-01-13,7565.0,0.0,0.0,0,327.95,0.0,0,0.0,0.0,,0.0,0,0.0,0.0,,0.0,bidTooLow
2020-01-14,7565.0,-3.0,0.0,0,327.45,0.0,1,0.01,0.04,SPY200117P00314000,314.0,0,0.0,0.0,,0.0,normalDay
2020-01-15,7565.0,-2.0,0.0,0,328.19,0.0,1,0.01,0.03,SPY200117P00314000,314.0,0,0.0,0.0,,0.0,normalDay
2020-01-16,7565.0,-1.0,0.0,0,330.92,0.0,1,0.01,0.02,SPY200117P00314000,314.0,0,0.0,0.0,,0.0,normalDay
2020-01-17,7566.0,0.0,1.0,0,331.95,0.0,1,0.01,0.0,SPY200117P00314000,314.0,0,0.0,0.0,,0.0,expirationDay
2020-01-21,7566.0,0.0,0.0,0,331.3,0.0,0,0.0,0.0,,0.0,0,0.0,0.0,,0.0,bidTooLow
2020-01-22,7566.0,0.0,0.0,0,331.34,0.0,0,0.0,0.0,,0.0,0,0.0,0.0,,0.0,bidTooLow
2020-01-23,7566.0,0.0,0.0,0,331.72,0.0,0,0.0,0.0,,0.0,0,0.0,0.0,,0.0,bidTooLow
2020-01-24,7566.0,0.0,0.0,0,328.77,0.0,0,0.0,0.0,,0.0,0,0.0,0.0,,0.0,bidTooLow
2020-01-27,7566.0,-4.0,0.0,0,323.5,0.0,1,0.29,0.33,SPY200129P00314000,314.0,0,0.0,0.0,,0.0,normalDay
2020-01-28,7566.0,26.0,0.0,0,326.89,0.0,1,0.29,0.03,SPY200129P00314000,314.0,0,0.0,0.0,,0.0,normalDay
2020-01-29,7595.0,0.0,29.0,0,326.62,0.0,1,0.29,0.0,SPY200129P00314000,314.0,0,0.0,0.0,,0.0,expirationDay
2020-01-30,7595.0,0.0,0.0,0,327.68,0.0,0,0.0,0.0,,0.0,0,0.0,0.0,,0.0,bidTooLow
2020-01-31,7595.0,-3.0,0.0,0,321.73,0.0,1,0.56,0.59,SPY200203P00316000,316.0,0,0.0,0.0,,0.0,normalDay
2020-02-03,7651.0,0.0,56.0,0,324.12,0.0,1,0.56,0.0,SPY200203P00316000,316.0,0,0.0,0.0,,0.0,expirationDay
2020-02-04,7651.0,-3.0,0.0,0,329.06,0.0,1,0.09,0.12,SPY200207P00317000,317.0,0,0.0,0.0,,0.0,normalDay
2020-02-05,7651.0,6.0,0.0,0,332.86,0.0,1,0.09,0.03,SPY200207P00317000,317.0,0,0.0,0.0,,0.0,normalDay
2020-02-06,7651.0,8.0,0.0,0,333.98,0.0,1,0.09,0.01,SPY200207P00317000,317.0,0,0.0,0.0,,0.0,normalDay
2020-02-07,7660.0,0.0,9.0,0,332.2,0.0,1,0.09,0.0,SPY200207P00317000,317.0,0,0.0,0.0,,0.0,expirationDay
2020-02-10,7660.0,0.0,0.0,0,334.68,0.0,0,0.0,0.0,,0.0,0,0.0,0.0,,0.0,bidTooLow
2020-02-11,7660.0,0.0,0.0,0,335.26,0.0,0,0.0,0.0,,0.0,0,0.0,0.0,,0.0,bidTooLow
2020-02-12,7660.0,0.0,0.0,0,337.42,0.0,0,0.0,0.0,,0.0,0,0.0,0.0,,0.0,bidTooLow
2020-02-13,7660.0,0.0,0.0,0,337.06,0.0,0,0.0,0.0,,0.0,0,0.0,0.0,,0.0,bidTooLow
2020-02-14,7660.0,0.0,0.0,0,337.6,0.0,0,0.0,0.0,,0.0,0,0.0,0.0,,0.0,bidTooLow
2020-02-18,7660.0,0.0,0.0,0,336.73,0.0,0,0.0,0.0,,0.0,0,0.0,0.0,,0.0,bidTooLow
2020-02-19,7660.0,0.0,0.0,0,338.34,0.0,0,0.0,0.0,,0.0,0,0.0,0.0,,0.0,bidTooLow
2020-02-20,7660.0,0.0,0.0,0,336.95,0.0,0,0.0,0.0,,0.0,0,0.0,0.0,,0.0,bidTooLow
2020-02-21,7660.0,0.0,0.0,0,333.48,0.0,0,0.0,0.0,,0.0,0,0.0,0.0,,0.0,bidTooLow
2020-02-24,7660.0,-4.0,0.0,0,322.42,0.0,1,0.99,1.03,SPY200226P00312000,312.0,0,0.0,0.0,,0.0,normalDay
2020-02-25,7660.0,-108.0,0.0,0,312.65,0.0,1,0.99,2.07,SPY200226P00312000,312.0,0,0.0,0.0,,0.0,normalDay
2020-02-26,7759.0,-50.0,99.0,100,311.5,312.0,1,0.99,0.0,SPY200226P00312000,312.0,0,0.0,0.0,,0.0,expirationDay
2020-02-27,7759.0,-1449.0,0.0,100,297.51,312.0,0,0.0,0.0,,0.0,0,0.0,0.0,,0.0,bidTooLow
2020-02-28,7759.0,-1574.0,0.0,100,296.26,312.0,0,0.0,0.0,,0.0,0,0.0,0.0,,0.0,bidTooLow
2020-03-02,7759.0,-291.0,0.0,100,309.09,312.0,0,0.0,0.0,,0.0,0,0.0,0.0,,0.0,bidTooLow
2020-03-03,7759.0,-1176.0,0.0,100,300.24,312.0,0,0.0,0.0,,0.0,0,0.0,0.0,,0.0,bidTooLow
2020-03-04,7759.0,86.0,0.0,100,312.86,312.0,0,0.0,0.0,,0.0,0,0.0,0.0,,0.0,bidTooLow
2020-03-05,7759.0,-968.0,0.0,100,302.46,312.0,0,0.0,0.0,,0.0,1,0.2,0.34,SPY200406C00340000,340.0,normalDay
2020-03-06,7759.0,-1449.0,0.0,100,297.46,312.0,0,0.0,0.0,,0.0,1,0.2,0.15,SPY200406C00340000,340.0,normalDay
2020-03-09,7759.0,-3770.0,0.0,100,274.23,312.0,0,0.0,0.0,,0.0,1,0.2,0.13,SPY200406C00340000,340.0,normalDay
2020-03-10,7759.0,-2348.0,0.0,100,288.42,312.0,0,0.0,0.0,,0.0,1,0.2,0.1,SPY200406C00340000,340.0,normalDay
2020-03-11,7759.0,-3751.0,0.0,100,274.36,312.0,0,0.0,0.0,,0.0,1,0.2,0.07,SPY200406C00340000,340.0,normalDay
2020-03-12,7759.0,-6374.0,0.0,100,248.11,312.0,0,0.0,0.0,,0.0,1,0.2,0.05,SPY200406C00340000,340.0,normalDay
2020-03-13,7759.0,-4258.0,0.0,100,269.32,312.0,0,0.0,0.0,,0.0,1,0.2,0.1,SPY200406C00340000,340.0,normalDay
2020-03-16,7759.0,-7202.0,0.0,100,239.85,312.0,0,0.0,0.0,,0.0,1,0.2,0.07,SPY200406C00340000,340.0,normalDay
2020-03-17,7759.0,-5904.0,0.0,100,252.8,312.0,0,0.0,0.0,,0.0,1,0.2,0.04,SPY200406C00340000,340.0,normalDay
2020-03-18,7759.0,-7184.0,0.0,100,240.0,312.0,0,0.0,0.0,,0.0,1,0.2,0.04,SPY200406C00340000,340.0,normalDay
2020-03-19,7759.0,-7133.0,0.0,100,240.51,312.0,0,0.0,0.0,,0.0,1,0.2,0.04,SPY200406C00340000,340.0,normalDay
2020-03-20,7759.0,-8302.0,0.0,100,228.8,312.0,0,0.0,0.0,,0.0,1,0.2,0.02,SPY200406C00340000,340.0,normalDay
2020-03-23,7759.0,-8887.0,0.0,100,222.95,312.0,0,0.0,0.0,,0.0,1,0.2,0.02,SPY200406C00340000,340.0,normalDay
2020-03-24,7759.0,-6869.0,0.0,100,243.15,312.0,0,0.0,0.0,,0.0,1,0.2,0.04,SPY200406C00340000,340.0,normalDay
2020-03-25,7759.0,-6503.0,0.0,100,246.79,312.0,0,0.0,0.0,,0.0,1,0.2,0.02,SPY200406C00340000,340.0,normalDay
2020-03-26,7759.0,-5062.0,0.0,100,261.2,312.0,0,0.0,0.0,,0.0,1,0.2,0.02,SPY200406C00340000,340.0,normalDay
2020-03-27,7759.0,-5840.0,0.0,100,253.42,312.0,0,0.0,0.0,,0.0,1,0.2,0.02,SPY200406C00340000,340.0,normalDay
2020-03-30,7759.0,-5016.0,0.0,100,261.65,312.0,0,0.0,0.0,,0.0,1,0.2,0.01,SPY200406C00340000,340.0,normalDay
2020-03-31,7759.0,-5406.0,0.0,100,257.75,312.0,0,0.0,0.0,,0.0,1,0.2,0.01,SPY200406C00340000,340.0,normalDay
2020-04-01,7759.0,-6566.0,0.0,100,246.15,312.0,0,0.0,0.0,,0.0,1,0.2,0.01,SPY200406C00340000,340.0,normalDay
2020-04-02,7759.0,-5998.0,0.0,100,251.83,312.0,0,0.0,0.0,,0.0,1,0.2,0.01,SPY200406C00340000,340.0,normalDay
2020-04-03,7759.0,-6362.0,0.0,100,248.19,312.0,0,0.0,0.0,,0.0,1,0.2,0.01,SPY200406C00340000,340.0,normalDay
2020-04-06,7779.0,-4714.0,20.0,100,264.86,312.0,0,0.0,0.0,,0.0,1,0.2,0.0,SPY200406C00340000,340.0,expirationDay
2020-04-07,7779.0,-4693.0,0.0,100,265.13,312.0,0,0.0,0.0,,0.0,1,1.1,1.16,SPY200508C00295000,295.0,normalDay
2020-04-08,7779.0,-3948.0,0.0,100,274.03,312.0,0,0.0,0.0,,0.0,1,1.1,2.61,SPY200508C00295000,295.0,normalDay
2020-04-09,7779.0,-3640.0,0.0,100,278.2,312.0,0,0.0,0.0,,0.0,1,1.1,3.7,SPY200508C00295000,295.0,normalDay
2020-04-13,7779.0,-3770.0,0.0,100,275.66,312.0,0,0.0,0.0,,0.0,1,1.1,2.46,SPY200508C00295000,295.0,normalDay
2020-04-14,7779.0,-3159.0,0.0,100,283.79,312.0,0,0.0,0.0,,0.0,1,1.1,4.48,SPY200508C00295000,295.0,normalDay
2020-04-15,7779.0,-3569.0,0.0,100,277.76,312.0,0,0.0,0.0,,0.0,1,1.1,2.55,SPY200508C00295000,295.0,normalDay
2020-04-16,7779.0,-3443.0,0.0,100,279.1,312.0,0,0.0,0.0,,0.0,1,1.1,2.63,SPY200508C00295000,295.0,normalDay
2020-04-17,7779.0,-2915.0,0.0,100,286.64,312.0,0,0.0,0.0,,0.0,1,1.1,4.89,SPY200508C00295000,295.0,normalDay
2020-04-20,7779.0,-3253.0,0.0,100,281.59,312.0,0,0.0,0.0,,0.0,1,1.1,3.22,SPY200508C00295000,295.0,normalDay
2020-04-21,7779.0,-3926.0,0.0,100,273.04,312.0,0,0.0,0.0,,0.0,1,1.1,1.4,SPY200508C00295000,295.0,normalDay
2020-04-22,7779.0,-3352.0,0.0,100,279.1,312.0,0,0.0,0.0,,0.0,1,1.1,1.72,SPY200508C00295000,295.0,normalDay
2020-04-23,7779.0,-3326.0,0.0,100,279.08,312.0,0,0.0,0.0,,0.0,1,1.1,1.44,SPY200508C00295000,295.0,normalDay
2020-04-24,7779.0,-2943.0,0.0,100,282.97,312.0,0,0.0,0.0,,0.0,1,1.1,1.5,SPY200508C00295000,295.0,normalDay
2020-04-27,7779.0,-2574.0,0.0,100,287.05,312.0,0,0.0,0.0,,0.0,1,1.1,1.89,SPY200508C00295000,295.0,normalDay
2020-04-28,7779.0,-2678.0,0.0,100,285.73,312.0,0,0.0,0.0,,0.0,1,1.1,1.61,SPY200508C00295000,295.0,normalDay
2020-04-29,7779.0,-2158.0,0.0,100,293.21,312.0,0,0.0,0.0,,0.0,1,1.1,3.89,SPY200508C00295000,295.0,normalDay
2020-04-30,7779.0,-2276.0,0.0,100,290.48,312.0,0,0.0,0.0,,0.0,1,1.1,2.34,SPY200508C00295000,295.0,normalDay
2020-05-01,7779.0,-2864.0,0.0,100,282.79,312.0,0,0.0,0.0,,0.0,1,1.1,0.53,SPY200508C00295000,295.0,normalDay
2020-05-04,7779.0,-2757.0,0.0,100,283.57,312.0,0,0.0,0.0,,0.0,1,1.1,0.24,SPY200508C00295000,295.0,normalDay
2020-05-05,7779.0,-2504.0,0.0,100,286.19,312.0,0,0.0,0.0,,0.0,1,1.1,0.33,SPY200508C00295000,295.0,normalDay
2020-05-06,7779.0,-2674.0,0.0,100,284.25,312.0,0,0.0,0.0,,0.0,1,1.1,0.09,SPY200508C00295000,295.0,normalDay
2020-05-07,7779.0,-2331.0,0.0,100,287.68,312.0,0,0.0,0.0,,0.0,1,1.1,0.09,SPY200508C00295000,295.0,normalDay
2020-05-08,7889.0,-1956.0,110.0,100,292.44,312.0,0,0.0,0.0,,0.0,1,1.1,0.0,SPY200508C00295000,295.0,expirationDay
2020-05-11,7889.0,-1956.0,0.0,100,292.5,312.0,0,0.0,0.0,,0.0,1,2.83,2.89,SPY200612C00303000,303.0,normalDay
2020-05-12,7889.0,-2437.0,0.0,100,286.67,312.0,0,0.0,0.0,,0.0,1,2.83,1.87,SPY200612C00303000,303.0,normalDay
2020-05-13,7889.0,-2885.0,0.0,100,281.6,312.0,0,0.0,0.0,,0.0,1,2.83,1.28,SPY200612C00303000,303.0,normalDay
2020-05-14,7889.0,-2568.0,0.0,100,284.97,312.0,0,0.0,0.0,,0.0,1,2.83,1.48,SPY200612C00303000,303.0,normalDay
2020-05-15,7889.0,-2415.0,0.0,100,286.28,312.0,0,0.0,0.0,,0.0,1,2.83,1.26,SPY200612C00303000,303.0,normalDay
2020-05-18,7889.0,-1765.0,0.0,100,295.0,312.0,0,0.0,0.0,,0.0,1,2.83,3.48,SPY200612C00303000,303.0,normalDay
2020-05-19,7889.0,-1987.0,0.0,100,291.97,312.0,0,0.0,0.0,,0.0,1,2.83,2.67,SPY200612C00303000,303.0,normalDay
2020-05-20,7889.0,-1633.0,0.0,100,296.93,312.0,0,0.0,0.0,,0.0,1,2.83,4.09,SPY200612C00303000,303.0,normalDay
2020-05-21,7889.0,-1739.0,0.0,100,294.88,312.0,0,0.0,0.0,,0.0,1,2.83,3.1,SPY200612C00303000,303.0,normalDay
2020-05-22,7889.0,-1674.0,0.0,100,295.44,312.0,0,0.0,0.0,,0.0,1,2.83,3.01,SPY200612C00303000,303.0,normalDay
2020-05-26,7889.0,-1408.0,0.0,100,299.08,312.0,0,0.0,0.0,,0.0,1,2.83,3.99,SPY200612C00303000,303.0,normalDay
2020-05-27,7889.0,-1178.0,0.0,100,303.53,312.0,0,0.0,0.0,,0.0,1,2.83,6.14,SPY200612C00303000,303.0,normalDay
2020-05-28,7889.0,-1252.0,0.0,100,302.97,312.0,0,0.0,0.0,,0.0,1,2.83,6.32,SPY200612C00303000,303.0,normalDay
2020-05-29,7889.0,-1153.0,0.0,100,304.32,312.0,0,0.0,0.0,,0.0,1,2.83,6.68,SPY200612C00303000,303.0,normalDay
2020-06-01,7889.0,-1021.0,0.0,100,305.55,312.0,0,0.0,0.0,,0.0,1,2.83,6.59,SPY200612C00303000,303.0,normalDay
2020-06-02,7889.0,-881.0,0.0,100,308.08,312.0,0,0.0,0.0,,0.0,1,2.83,7.72,SPY200612C00303000,303.0,normalDay
2020-06-03,7889.0,-770.0,0.0,100,312.18,312.0,0,0.0,0.0,,0.0,1,2.83,10.71,SPY200612C00303000,303.0,normalDay
2020-06-04,7889.0,-765.0,0.0,100,311.36,312.0,0,0.0,0.0,,0.0,1,2.83,9.84,SPY200612C00303000,303.0,normalDay
2020-06-05,7889.0,-636.0,0.0,100,319.34,312.0,0,0.0,0.0,,0.0,1,2.83,16.53,SPY200612C00303000,303.0,normalDay
2020-06-08,7889.0,-590.0,0.0,100,323.2,312.0,0,0.0,0.0,,0.0,1,2.83,19.93,SPY200612C00303000,303.0,normalDay
2020-06-09,7889.0,-692.0,0.0,100,320.79,312.0,0,0.0,0.0,,0.0,1,2.83,18.54,SPY200612C00303000,303.0,normalDay
2020-06-10,7889.0,-590.0,0.0,100,319.0,312.0,0,0.0,0.0,,0.0,1,2.83,15.73,SPY200612C00303000,303.0,normalDay
2020-06-11,7889.0,-1065.0,0.0,100,300.61,312.0,0,0.0,0.0,,0.0,1,2.83,2.09,SPY200612C00303000,303.0,normalDay
2020-06-12,7272.0,-1065.0,-617.0,0,304.21,0.0,0,0.0,0.0,,0.0,1,2.83,0.0,SPY200612C00303000,303.0,expirationDay
2020-06-15,7272.0,-3.0,0.0,0,307.05,0.0,1,0.02,0.05,SPY200617P00273000,273.0,0,0.0,0.0,,0.0,normalDay
2020-06-16,7272.0,1.0,0.0,0,312.96,0.0,1,0.02,0.01,SPY200617P00273000,273.0,0,0.0,0.0,,0.0,normalDay
2020-06-17,7274.0,0.0,2.0,0,311.66,0.0,1,0.02,0.0,SPY200617P00273000,273.0,0,0.0,0.0,,0.0,expirationDay
2020-06-18,7274.0,0.0,0.0,0,311.78,0.0,0,0.0,0.0,,0.0,0,0.0,0.0,,0.0,bidTooLow
2020-06-19,7274.0,-3.0,0.0,0,308.64,0.0,1,0.03,0.06,SPY200622P00283000,283.0,0,0.0,0.0,,0.0,normalDay
2020-06-22,7277.0,0.0,3.0,0,310.62,0.0,1,0.03,0.0,SPY200622P00283000,283.0,0,0.0,0.0,,0.0,expirationDay
2020-06-23,7277.0,-3.0,0.0,0,312.05,0.0,1,0.06,0.09,SPY200626P00288000,288.0,0,0.0,0.0,,0.0,normalDay
2020-06-24,7277.0,-10.0,0.0,0,304.09,0.0,1,0.06,0.16,SPY200626P00288000,288.0,0,0.0,0.0,,0.0,normalDay
2020-06-25,7277.0,3.0,0.0,0,307.35,0.0,1,0.06,0.03,SPY200626P00288000,288.0,0,0.0,0.0,,0.0,normalDay
2020-06-26,7283.0,0.0,6.0,0,300.05,0.0,1,0.06,0.0,SPY200626P00288000,288.0,0,0.0,0.0,,0.0,expirationDay
2020-06-29,7283.0,-4.0,0.0,0,304.46,0.0,1,0.27,0.31,SPY200702P00288000,288.0,0,0.0,0.0,,0.0,normalDay
2020-06-30,7283.0,16.0,0.0,0,308.36,0.0,1,0.27,0.11,SPY200702P00288000,288.0,0,0.0,0.0,,0.0,normalDay
2020-07-01,7283.0,24.0,0.0,0,310.52,0.0,1,0.27,0.03,SPY200702P00288000,288.0,0,0.0,0.0,,0.0,normalDay
2020-07-02,7310.0,0.0,27.0,0,312.23,0.0,1,0.27,0.0,SPY200702P00288000,288.0,0,0.0,0.0,,0.0,expirationDay
2020-07-06,7310.0,0.0,0.0,0,317.05,0.0,0,0.0,0.0,,0.0,0,0.0,0.0,,0.0,bidTooLow
2020-07-07,7310.0,-3.0,0.0,0,313.78,0.0,1,0.03,0.06,SPY200710P00290000,290.0,0,0.0,0.0,,0.0,normalDay
2020-07-08,7310.0,1.0,0.0,0,316.18,0.0,1,0.03,0.02,SPY200710P00290000,290.0,0,0.0,0.0,,0.0,normalDay
2020-07-09,7310.0,1.0,0.0,0,314.38,0.0,1,0.03,0.02,SPY200710P00290000,290.0,0,0.0,0.0,,0.0,normalDay
2020-07-10,7313.0,0.0,3.0,0,317.59,0.0,1,0.03,0.0,SPY200710P00290000,290.0,0,0.0,0.0,,0.0,expirationDay
2020-07-13,7313.0,-3.0,0.0,0,314.84,0.0,1,0.07,0.1,SPY200715P00295000,295.0,0,0.0,0.0,,0.0,normalDay
2020-07-14,7313.0,5.0,0.0,0,318.92,0.0,1,0.07,0.02,SPY200715P00295000,295.0,0,0.0,0.0,,0.0,normalDay
2020-07-15,7320.0,0.0,7.0,0,321.85,0.0,1,0.07,0.0,SPY200715P00295000,295.0,0,0.0,0.0,,0.0,expirationDay
2020-07-16,7320.0,0.0,0.0,0,320.79,0.0,0,0.0,0.0,,0.0,0,0.0,0.0,,0.0,bidTooLow
2020-07-17,7320.0,0.0,0.0,0,321.72,0.0,0,0.0,0.0,,0.0,0,0.0,0.0,,0.0,bidTooLow
2020-07-20,7320.0,0.0,0.0,0,324.32,0.0,0,0.0,0.0,,0.0,0,0.0,0.0,,0.0,bidTooLow
2020-07-21,7320.0,0.0,0.0,0,325.01,0.0,0,0.0,0.0,,0.0,0,0.0,0.0,,0.0,bidTooLow
2020-07-22,7320.0,0.0,0.0,0,326.86,0.0,0,0.0,0.0,,0.0,0,0.0,0.0,,0.0,bidTooLow
2020-07-23,7320.0,0.0,0.0,0,322.96,0.0,0,0.0,0.0,,0.0,0,0.0,0.0,,0.0,bidTooLow
2020-07-24,7320.0,0.0,0.0,0,320.88,0.0,0,0.0,0.0,,0.0,0,0.0,0.0,,0.0,bidTooLow
2020-07-27,7320.0,0.0,0.0,0,323.22,0.0,0,0.0,0.0,,0.0,0,0.0,0.0,,0.0,bidTooLow
2020-07-28,7320.0,-3.0,0.0,0,321.17,0.0,1,0.05,0.08,SPY200731P00301000,301.0,0,0.0,0.0,,0.0,normalDay
2020-07-29,7320.0,2.0,0.0,0,325.12,0.0,1,0.05,0.03,SPY200731P00301000,301.0,0,0.0,0.0,,0.0,normalDay
2020-07-30,7320.0,3.0,0.0,0,323.96,0.0,1,0.05,0.02,SPY200731P00301000,301.0,0,0.0,0.0,,0.0,normalDay
2020-07-31,7325.0,0.0,5.0,0,326.52,0.0,1,0.05,0.0,SPY200731P00301000,301.0,0,0.0,0.0,,0.0,expirationDay
2020-08-03,7325.0,0.0,0.0,0,328.79,0.0,0,0.0,0.0,,0.0,0,0.0,0.0,,0.0,bidTooLow
2020-08-04,7325.0,-3.0,0.0,0,330.06,0.0,1,0.02,0.05,SPY200807P00307000,307.0,0,0.0,0.0,,0.0,normalDay
2020-08-05,7325.0,0.0,0.0,0,332.11,0.0,1,0.02,0.02,SPY200807P00307000,307.0,0,0.0,0.0,,0.0,normalDay
2020-08-06,7325.0,0.0,0.0,0,334.33,0.0,1,0.02,0.02,SPY200807P00307000,307.0,0,0.0,0.0,,0.0,normalDay
2020-08-07,7327.0,0.0,2.0,0,334.57,0.0,1,0.02,0.0,SPY200807P00307000,307.0,0,0.0,0.0,,0.0,expirationDay
2020-08-10,7327.0,0.0,0.0,0,335.57,0.0,0,0.0,0.0,,0.0,0,0.0,0.0,,0.0,bidTooLow
2020-08-11,7327.0,-3.0,0.0,0,332.8,0.0,1,0.06,0.09,SPY200814P00309000,309.0,0,0.0,0.0,,0.0,normalDay
2020-08-12,7327.0,4.0,0.0,0,337.44,0.0,1,0.06,0.02,SPY200814P00309000,309.0,0,0.0,0.0,,0.0,normalDay
2020-08-13,7327.0,4.0,0.0,0,336.83,0.0,1,0.06,0.02,SPY200814P00309000,309.0,0,0.0,0.0,,0.0,normalDay
2020-08-14,7333.0,0.0,6.0,0,336.84,0.0,1,0.06,0.0,SPY200814P00309000,309.0,0,0.0,0.0,,0.0,expirationDay
2020-08-17,7333.0,0.0,0.0,0,337.91,0.0,0,0.0,0.0,,0.0,0,0.0,0.0,,0.0,bidTooLow
2020-08-18,7333.0,-3.0,0.0,0,338.64,0.0,1,0.01,0.04,SPY200821P00309000,309.0,0,0.0,0.0,,0.0,normalDay
2020-08-19,7333.0,-5.0,0.0,0,337.23,0.0,1,0.01,0.06,SPY200821P00309000,309.0,0,0.0,0.0,,0.0,normalDay
2020-08-20,7333.0,-1.0,0.0,0,338.28,0.0,1,0.01,0.02,SPY200821P00309000,309.0,0,0.0,0.0,,0.0,normalDay
2020-08-21,7334.0,0.0,1.0,0,339.48,0.0,1,0.01,0.0,SPY200821P00309000,309.0,0,0.0,0.0,,0.0,expirationDay
2020-08-24,7334.0,0.0,0.0,0,342.92,0.0,0,0.0,0.0,,0.0,0,0.0,0.0,,0.0,bidTooLow
2020-08-25,7334.0,0.0,0.0,0,344.12,0.0,0,0.0,0.0,,0.0,0,0.0,0.0,,0.0,bidTooLow
2020-08-26,7334.0,-3.0,0.0,0,347.57,0.0,1,0.01,0.04,SPY200828P00316000,316.0,0,0.0,0.0,,0.0,normalDay
2020-08-27,7334.0,-1.0,0.0,0,348.33,0.0,1,0.01,0.02,SPY200828P00316000,316.0,0,0.0,0.0,,0.0,normalDay
2020-08-28,7335.0,0.0,1.0,0,350.58,0.0,1,0.01,0.0,SPY200828P00316000,316.0,0,0.0,0.0,,0.0,expirationDay
2020-08-31,7335.0,-3.0,0.0,0,349.31,0.0,1,0.01,0.04,SPY200902P00318000,318.0,0,0.0,0.0,,0.0,normalDay
2020-09-01,7335.0,0.0,0.0,0,352.6,0.0,1,0.01,0.01,SPY200902P00318000,318.0,0,0.0,0.0,,0.0,normalDay
2020-09-02,7336.0,0.0,1.0,0,357.7,0.0,1,0.01,0.0,SPY200902P00318000,318.0,0,0.0,0.0,,0.0,expirationDay
2020-09-03,7336.0,-4.0,0.0,0,345.39,0.0,1,0.03,0.07,SPY200904P00318000,318.0,0,0.0,0.0,,0.0,normalDay
2020-09-04,7339.0,0.0,3.0,0,342.57,0.0,1,0.03,0.0,SPY200904P00318000,318.0,0,0.0,0.0,,0.0,expirationDay
2020-09-08,7339.0,-3.0,0.0,0,333.21,0.0,1,0.72,0.75,SPY200911P00319000,319.0,0,0.0,0.0,,0.0,normalDay
2020-09-09,7339.0,54.0,0.0,0,339.79,0.0,1,0.72,0.18,SPY200911P00319000,319.0,0,0.0,0.0,,0.0,normalDay
2020-09-10,7339.0,62.0,0.0,0,333.89,0.0,1,0.72,0.1,SPY200911P00319000,319.0,0,0.0,0.0,,0.0,normalDay
2020-09-11,7411.0,0.0,72.0,0,334.06,0.0,1,0.72,0.0,SPY200911P00319000,319.0,0,0.0,0.0,,0.0,expirationDay
2020-09-14,7411.0,-3.0,0.0,0,338.46,0.0,1,0.07,0.1,SPY200916P00319000,319.0,0,0.0,0.0,,0.0,normalDay
2020-09-15,7411.0,5.0,0.0,0,340.17,0.0,1,0.07,0.02,SPY200916P00319000,319.0,0,0.0,0.0,,0.0,normalDay
2020-09-16,7418.0,0.0,7.0,0,338.82,0.0,1,0.07,0.0,SPY200916P00319000,319.0,0,0.0,0.0,,0.0,expirationDay
2020-09-17,7418.0,-3.0,0.0,0,335.84,0.0,1,0.09,0.12,SPY200918P00319000,319.0,0,0.0,0.0,,0.0,normalDay
2020-09-18,7427.0,0.0,9.0,0,330.65,0.0,1,0.09,0.0,SPY200918P00319000,319.0,0,0.0,0.0,,0.0,expirationDay
2020-09-21,7427.0,-3.0,0.0,0,326.97,0.0,1,0.15,0.18,SPY200923P00314000,314.0,0,0.0,0.0,,0.0,normalDay
2020-09-22,7427.0,13.0,0.0,0,330.3,0.0,1,0.15,0.02,SPY200923P00314000,314.0,0,0.0,0.0,,0.0,normalDay
2020-09-23,7442.0,0.0,15.0,0,322.64,0.0,1,0.15,0.0,SPY200923P00314000,314.0,0,0.0,0.0,,0.0,expirationDay
2020-09-24,7442.0,0.0,0.0,0,323.5,0.0,0,0.0,0.0,,0.0,0,0.0,0.0,,0.0,bidTooLow
2020-09-25,7442.0,0.0,0.0,0,328.73,0.0,0,0.0,0.0,,0.0,0,0.0,0.0,,0.0,bidTooLow
2020-09-28,7442.0,0.0,0.0,0,334.19,0.0,0,0.0,0.0,,0.0,0,0.0,0.0,,0.0,bidTooLow
2020-09-29,7442.0,-3.0,0.0,0,332.37,0.0,1,0.02,0.05,SPY201002P00305000,305.0,0,0.0,0.0,,0.0,normalDay
2020-09-30,7442.0,-1.0,0.0,0,334.89,0.0,1,0.02,0.03,SPY201002P00305000,305.0,0,0.0,0.0,,0.0,normalDay
2020-10-01,7442.0,1.0,0.0,0,337.04,0.0,1,0.02,0.01,SPY201002P00305000,305.0,0,0.0,0.0,,0.0,normalDay
2020-10-02,7444.0,0.0,2.0,0,333.84,0.0,1,0.02,0.0,SPY201002P00305000,305.0,0,0.0,0.0,,0.0,expirationDay
2020-10-05,7444.0,0.0,0.0,0,339.76,0.0,0,0.0,0.0,,0.0,0,0.0,0.0,,0.0,bidTooLow
2020-10-06,7444.0,-3.0,0.0,0,334.93,0.0,1,0.1,0.13,SPY201009P00316000,316.0,0,0.0,0.0,,0.0,normalDay
2020-10-07,7444.0,8.0,0.0,0,340.76,0.0,1,0.1,0.02,SPY201009P00316000,316.0,0,0.0,0.0,,0.0,normalDay
2020-10-08,7444.0,9.0,0.0,0,343.78,0.0,1,0.1,0.01,SPY201009P00316000,316.0,0,0.0,0.0,,0.0,normalDay
2020-10-09,7454.0,0.0,10.0,0,346.85,0.0,1,0.1,0.0,SPY201009P00316000,316.0,0,0.0,0.0,,0.0,expirationDay
2020-10-12,7454.0,0.0,0.0,0,352.43,0.0,0,0.0,0.0,,0.0,0,0.0,0.0,,0.0,bidTooLow
2020-10-13,7454.0,0.0,0.0,0,350.13,0.0,0,0.0,0.0,,0.0,0,0.0,0.0,,0.0,bidTooLow
2020-10-14,7454.0,0.0,0.0,0,347.93,0.0,0,0.0,0.0,,0.0,0,0.0,0.0,,0.0,bidTooLow
2020-10-15,7454.0,0.0,0.0,0,347.5,0.0,0,0.0,0.0,,0.0,0,0.0,0.0,,0.0,bidTooLow
2020-10-16,7454.0,0.0,0.0,0,347.29,0.0,0,0.0,0.0,,0.0,0,0.0,0.0,,0.0,bidTooLow
2020-10-19,7454.0,0.0,0.0,0,342.01,0.0,0,0.0,0.0,,0.0,0,0.0,0.0,,0.0,bidTooLow
2020-10-20,7454.0,0.0,0.0,0,343.38,0.0,0,0.0,0.0,,0.0,0,0.0,0.0,,0.0,bidTooLow
2020-10-21,7454.0,0.0,0.0,0,342.73,0.0,0,0.0,0.0,,0.0,0,0.0,0.0,,0.0,bidTooLow
2020-10-22,7454.0,0.0,0.0,0,344.61,0.0,0,0.0,0.0,,0.0,0,0.0,0.0,,0.0,bidTooLow
2020-10-23,7454.0,0.0,0.0,0,345.78,0.0,0,0.0,0.0,,0.0,0,0.0,0.0,,0.0,bidTooLow
2020-10-26,7454.0,-3.0,0.0,0,339.39,0.0,1,0.13,0.16,SPY201028P00324000,324.0,0,0.0,0.0,,0.0,normalDay
2020-10-27,7454.0,9.0,0.0,0,338.22,0.0,1,0.13,0.04,SPY201028P00324000,324.0,0,0.0,0.0,,0.0,normalDay
2020-10-28,7467.0,0.0,13.0,0,326.66,0.0,1,0.13,0.0,SPY201028P00324000,324.0,0,0.0,0.0,,0.0,expirationDay
2020-10-29,7467.0,-4.0,0.0,0,329.98,0.0,1,0.16,0.2,SPY201030P00319000,319.0,0,0.0,0.0,,0.0,normalDay
2020-10-30,7483.0,0.0,16.0,0,326.54,0.0,1,0.16,0.0,SPY201030P00319000,319.0,0,0.0,0.0,,0.0,expirationDay
2020-11-02,7483.0,-6.0,0.0,0,330.2,0.0,1,1.06,1.12,SPY201104P00314000,314.0,0,0.0,0.0,,0.0,normalDay
2020-11-03,7483.0,66.0,0.0,0,336.03,0.0,1,1.06,0.4,SPY201104P00314000,314.0,0,0.0,0.0,,0.0,normalDay
2020-11-04,7589.0,0.0,106.0,0,343.54,0.0,1,1.06,0.0,SPY201104P00314000,314.0,0,0.0,0.0,,0.0,expirationDay
2020-11-05,7589.0,0.0,0.0,0,350.24,0.0,0,0.0,0.0,,0.0,0,0.0,0.0,,0.0,bidTooLow
2020-11-06,7589.0,0.0,0.0,0,350.16,0.0,0,0.0,0.0,,0.0,0,0.0,0.0,,0.0,bidTooLow
2020-11-09,7589.0,-3.0,0.0,0,354.56,0.0,1,0.01,0.04,SPY201111P00313000,313.0,0,0.0,0.0,,0.0,normalDay
2020-11-10,7589.0,0.0,0.0,0,354.04,0.0,1,0.01,0.01,SPY201111P00313000,313.0,0,0.0,0.0,,0.0,normalDay
2020-11-11,7590.0,0.0,1.0,0,356.67,0.0,1,0.01,0.0,SPY201111P00313000,313.0,0,0.0,0.0,,0.0,expirationDay
2020-11-12,7590.0,0.0,0.0,0,353.21,0.0,0,0.0,0.0,,0.0,0,0.0,0.0,,0.0,bidTooLow
2020-11-13,7590.0,0.0,0.0,0,358.1,0.0,0,0.0,0.0,,0.0,0,0.0,0.0,,0.0,bidTooLow
2020-11-16,7590.0,0.0,0.0,0,362.57,0.0,0,0.0,0.0,,0.0,0,0.0,0.0,,0.0,bidTooLow
2020-11-17,7590.0,0.0,0.0,0,360.62,0.0,0,0.0,0.0,,0.0,0,0.0,0.0,,0.0,bidTooLow
2020-11-18,7590.0,0.0,0.0,0,356.28,0.0,0,0.0,0.0,,0.0,0,0.0,0.0,,0.0,bidTooLow
2020-11-19,7590.0,0.0,0.0,0,357.78,0.0,0,0.0,0.0,,0.0,0,0.0,0.0,,0.0,bidTooLow
2020-11-20,7590.0,0.0,0.0,0,355.33,0.0,0,0.0,0.0,,0.0,0,0.0,0.0,,0.0,bidTooLow
2020-11-23,7590.0,0.0,0.0,0,357.46,0.0,0,0.0,0.0,,0.0,0,0.0,0.0,,0.0,bidTooLow
2020-11-24,7590.0,0.0,0.0,0,363.22,0.0,0,0.0,0.0,,0.0,0,0.0,0.0,,0.0,bidTooLow
2020-11-25,7590.0,0.0,0.0,0,362.66,0.0,0,0.0,0.0,,0.0,0,0.0,0.0,,0.0,bidTooLow
2020-11-27,7590.0,0.0,0.0,0,363.67,0.0,0,0.0,0.0,,0.0,0,0.0,0.0,,0.0,bidTooLow
2020-11-30,7590.0,0.0,0.0,0,362.06,0.0,0,0.0,0.0,,0.0,0,0.0,0.0,,0.0,bidTooLow
2020-12-01,7590.0,0.0,0.0,0,366.02,0.0,0,0.0,0.0,,0.0,0,0.0,0.0,,0.0,bidTooLow
2020-12-02,7590.0,0.0,0.0,0,366.79,0.0,0,0.0,0.0,,0.0,0,0.0,0.0,,0.0,bidTooLow
2020-12-03,7590.0,0.0,0.0,0,366.69,0.0,0,0.0,0.0,,0.0,0,0.0,0.0,,0.0,bidTooLow
2020-12-04,7590.0,0.0,0.0,0,369.85,0.0,0,0.0,0.0,,0.0,0,0.0,0.0,,0.0,bidTooLow
2020-12-07,7590.0,0.0,0.0,0,369.09,0.0,0,0.0,0.0,,0.0,0,0.0,0.0,,0.0,bidTooLow
2020-12-08,7590.0,-3.0,0.0,0,370.17,0.0,1,0.01,0.04,SPY201211P00343000,343.0,0,0.0,0.0,,0.0,normalDay
2020-12-09,7590.0,-5.0,0.0,0,366.85,0.0,1,0.01,0.06,SPY201211P00343000,343.0,0,0.0,0.0,,0.0,normalDay
2020-12-10,7590.0,-1.0,0.0,0,366.73,0.0,1,0.01,0.02,SPY201211P00343000,343.0,0,0.0,0.0,,0.0,normalDay
2020-12-11,7591.0,0.0,1.0,0,366.3,0.0,1,0.01,0.0,SPY201211P00343000,343.0,0,0.0,0.0,,0.0,expirationDay
2020-12-14,7591.0,-4.0,0.0,0,364.66,0.0,1,0.22,0.26,SPY201216P00348000,348.0,0,0.0,0.0,,0.0,normalDay
2020-12-15,7591.0,16.0,0.0,0,369.59,0.0,1,0.22,0.06,SPY201216P00348000,348.0,0,0.0,0.0,,0.0,normalDay
2020-12-16,7613.0,0.0,22.0,0,370.17,0.0,1,0.22,0.0,SPY201216P00348000,348.0,0,0.0,0.0,,0.0,expirationDay
2020-12-17,7613.0,-3.0,0.0,0,372.24,0.0,1,0.05,0.08,SPY201218P00349000,349.0,0,0.0,0.0,,0.0,normalDay
2020-12-18,7618.0,0.0,5.0,0,369.18,0.0,1,0.05,0.0,SPY201218P00349000,349.0,0,0.0,0.0,,0.0,expirationDay
2020-12-21,7618.0,-3.0,0.0,0,367.86,0.0,1,0.24,0.27,SPY201224P00354000,354.0,0,0.0,0.0,,0.0,normalDay
2020-12-22,7618.0,15.0,0.0,0,367.24,0.0,1,0.24,0.09,SPY201224P00354000,354.0,0,0.0,0.0,,0.0,normalDay
2020-12-23,7618.0,21.0,0.0,0,367.57,0.0,1,0.24,0.03,SPY201224P00354000,354.0,0,0.0,0.0,,0.0,normalDay
2020-12-24,7642.0,0.0,24.0,0,369.0,0.0,1,0.24,0.0,SPY201224P00354000,354.0,0,0.0,0.0,,0.0,expirationDay
2020-12-28,7642.0,-3.0,0.0,0,372.17,0.0,1,0.1,0.13,SPY201231P00359000,359.0,0,0.0,0.0,,0.0,normalDay
2020-12-29,7642.0,-2.0,0.0,0,371.46,0.0,1,0.1,0.12,SPY201231P00359000,359.0,0,0.0,0.0,,0.0,normalDay
2020-12-30,7642.0,4.0,0.0,0,371.99,0.0,1,0.1,0.06,SPY201231P00359000,359.0,0,0.0,0.0,,0.0,normalDay
2020-12-31,7652.0,0.0,10.0,0,373.88,0.0,1,0.1,0.0,SPY201231P00359000,359.0,0,0.0,0.0,,0.0,expirationDay
2021-01-04,7652.0,-4.0,0.0,0,368.79,0.0,1,0.88,0.92,SPY210106P00361000,361.0,0,0.0,0.0,,0.0,normalDay
2021-01-05,7652.0,62.0,0.0,0,371.33,0.0,1,0.88,0.26,SPY210106P00361000,361.0,0,0.0,0.0,,0.0,normalDay
2021-01-06,7740.0,0.0,88.0,0,373.55,0.0,1,0.88,0.0,SPY210106P00361000,361.0,0,0.0,0.0,,0.0,expirationDay
2021-01-07,7740.0,0.0,0.0,0,379.1,0.0,0,0.0,0.0,,0.0,0,0.0,0.0,,0.0,bidTooLow
2021-01-08,7740.0,0.0,0.0,0,381.26,0.0,0,0.0,0.0,,0.0,0,0.0,0.0,,0.0,bidTooLow
2021-01-11,7740.0,-3.0,0.0,0,378.69,0.0,1,0.04,0.07,SPY210113P00356000,356.0,0,0.0,0.0,,0.0,normalDay
2021-01-12,7740.0,1.0,0.0,0,378.77,0.0,1,0.04,0.03,SPY210113P00356000,356.0,0,0.0,0.0,,0.0,normalDay
2021-01-13,7744.0,0.0,4.0,0,379.79,0.0,1,0.04,0.0,SPY210113P00356000,356.0,0,0.0,0.0,,0.0,expirationDay
2021-01-14,7744.0,-3.0,0.0,0,378.46,0.0,1,0.03,0.06,SPY210115P00357000,357.0,0,0.0,0.0,,0.0,normalDay
2021-01-15,7747.0,0.0,3.0,0,375.7,0.0,1,0.03,0.0,SPY210115P00357000,357.0,0,0.0,0.0,,0.0,expirationDay
2021-01-19,7747.0,-3.0,0.0,0,378.65,0.0,1,0.09,0.12,SPY210122P00357000,357.0,0,0.0,0.0,,0.0,normalDay
2021-01-20,7747.0,5.0,0.0,0,383.89,0.0,1,0.09,0.04,SPY210122P00357000,357.0,0,0.0,0.0,,0.0,normalDay
2021-01-21,7747.0,7.0,0.0,0,384.24,0.0,1,0.09,0.02,SPY210122P00357000,357.0,0,0.0,0.0,,0.0,normalDay
2021-01-22,7756.0,0.0,9.0,0,382.88,0.0,1,0.09,0.0,SPY210122P00357000,357.0,0,0.0,0.0,,0.0,expirationDay
2021-01-25,7756.0,-3.0,0.0,0,384.39,0.0,1,0.02,0.05,SPY210127P00359000,359.0,0,0.0,0.0,,0.0,normalDay
2021-01-26,7756.0,0.0,0.0,0,383.79,0.0,1,0.02,0.02,SPY210127P00359000,359.0,0,0.0,0.0,,0.0,normalDay
2021-01-27,7758.0,0.0,2.0,0,374.41,0.0,1,0.02,0.0,SPY210127P00359000,359.0,0,0.0,0.0,,0.0,expirationDay
2021-01-28,7758.0,-3.0,0.0,0,377.63,0.0,1,0.07,0.1,SPY210129P00362000,362.0,0,0.0,0.0,,0.0,normalDay
2021-01-29,7765.0,0.0,7.0,0,370.07,0.0,1,0.07,0.0,SPY210129P00362000,362.0,0,0.0,0.0,,0.0,expirationDay
2021-02-01,7765.0,-3.0,0.0,0,376.23,0.0,1,0.39,0.42,SPY210203P00362000,362.0,0,0.0,0.0,,0.0,normalDay
2021-02-02,7765.0,35.0,0.0,0,381.55,0.0,1,0.39,0.04,SPY210203P00362000,362.0,0,0.0,0.0,,0.0,normalDay
2021-02-03,7804.0,0.0,39.0,0,381.85,0.0,1,0.39,0.0,SPY210203P00362000,362.0,0,0.0,0.0,,0.0,expirationDay
2021-02-04,7804.0,0.0,0.0,0,386.19,0.0,0,0.0,0.0,,0.0,0,0.0,0.0,,0.0,bidTooLow
2021-02-05,7804.0,0.0,0.0,0,387.71,0.0,0,0.0,0.0,,0.0,0,0.0,0.0,,0.0,bidTooLow
2021-02-08,7804.0,0.0,0.0,0,390.51,0.0,0,0.0,0.0,,0.0,0,0.0,0.0,,0.0,bidTooLow
2021-02-09,7804.0,-3.0,0.0,0,390.25,0.0,1,0.02,0.05,SPY210212P00363000,363.0,0,0.0,0.0,,0.0,normalDay
2021-02-10,7804.0,-2.0,0.0,0,390.08,0.0,1,0.02,0.04,SPY210212P00363000,363.0,0,0.0,0.0,,0.0,normalDay
2021-02-11,7804.0,1.0,0.0,0,390.71,0.0,1,0.02,0.01,SPY210212P00363000,363.0,0,0.0,0.0,,0.0,normalDay
2021-02-12,7806.0,0.0,2.0,0,392.64,0.0,1,0.02,0.0,SPY210212P00363000,363.0,0,0.0,0.0,,0.0,expirationDay
2021-02-16,7806.0,-3.0,0.0,0,392.3,0.0,1,0.07,0.1,SPY210219P00362000,362.0,0,0.0,0.0,,0.0,normalDay
2021-02-17,7806.0,2.0,0.0,0,392.39,0.0,1,0.07,0.05,SPY210219P00362000,362.0,0,0.0,0.0,,0.0,normalDay
2021-02-18,7806.0,5.0,0.0,0,390.72,0.0,1,0.07,0.02,SPY210219P00362000,362.0,0,0.0,0.0,,0.0,normalDay
2021-02-19,7813.0,0.0,7.0,0,390.03,0.0,1,0.07,0.0,SPY210219P00362000,362.0,0,0.0,0.0,,0.0,expirationDay
2021-02-22,7813.0,-3.0,0.0,0,387.03,0.0,1,0.01,0.04,SPY210224P00362000,362.0,0,0.0,0.0,,0.0,normalDay
2021-02-23,7813.0,0.0,0.0,0,387.5,0.0,1,0.01,0.01,SPY210224P00362000,362.0,0,0.0,0.0,,0.0,normalDay
2021-02-24,7814.0,0.0,1.0,0,391.77,0.0,1,0.01,0.0,SPY210224P00362000,362.0,0,0.0,0.0,,0.0,expirationDay
2021-02-25,7814.0,-3.0,0.0,0,382.33,0.0,1,0.07,0.1,SPY210226P00365000,365.0,0,0.0,0.0,,0.0,normalDay
2021-02-26,7821.0,0.0,7.0,0,380.36,0.0,1,0.07,0.0,SPY210226P00365000,365.0,0,0.0,0.0,,0.0,expirationDay
2021-03-01,7821.0,-3.0,0.0,0,389.58,0.0,1,0.11,0.14,SPY210303P00371000,371.0,0,0.0,0.0,,0.0,normalDay
2021-03-02,7821.0,3.0,0.0,0,386.54,0.0,1,0.11,0.08,SPY210303P00371000,371.0,0,0.0,0.0,,0.0,normalDay
2021-03-03,7832.0,0.0,11.0,0,381.42,0.0,1,0.11,0.0,SPY210303P00371000,371.0,0,0.0,0.0,,0.0,expirationDay
2021-03-04,7832.0,-6.0,0.0,0,376.7,0.0,1,1.01,1.07,SPY210305P00372000,372.0,0,0.0,0.0,,0.0,normalDay
2021-03-05,7933.0,0.0,101.0,0,383.63,0.0,1,1.01,0.0,SPY210305P00372000,372.0,0,0.0,0.0,,0.0,expirationDay
2021-03-08,7933.0,-3.0,0.0,0,381.72,0.0,1,0.57,0.6,SPY210310P00371000,371.0,0,0.0,0.0,,0.0,normalDay
2021-03-09,7933.0,52.0,0.0,0,387.17,0.0,1,0.57,0.05,SPY210310P00371000,371.0,0,0.0,0.0,,0.0,normalDay
2021-03-10,7990.0,0.0,57.0,0,389.58,0.0,1,0.57,0.0,SPY210310P00371000,371.0,0,0.0,0.0,,0.0,expirationDay
2021-03-11,7990.0,0.0,0.0,0,393.53,0.0,0,0.0,0.0,,0.0,0,0.0,0.0,,0.0,bidTooLow
2021-03-12,7990.0,0.0,0.0,0,394.06,0.0,0,0.0,0.0,,0.0,0,0.0,0.0,,0.0,bidTooLow
2021-03-15,7990.0,0.0,0.0,0,396.41,0.0,0,0.0,0.0,,0.0,0,0.0,0.0,,0.0,bidTooLow
2021-03-16,7990.0,-3.0,0.0,0,395.91,0.0,1,0.08,0.11,SPY210319P00369000,369.0,0,0.0,0.0,,0.0,normalDay
2021-03-17,7990.0,5.0,0.0,0,397.26,0.0,1,0.08,0.03,SPY210319P00369000,369.0,0,0.0,0.0,,0.0,normalDay
2021-03-18,7990.0,-1.0,0.0,0,391.48,0.0,1,0.08,0.09,SPY210319P00369000,369.0,0,0.0,0.0,,0.0,normalDay
2021-03-19,7998.0,0.0,8.0,0,389.48,0.0,1,0.08,0.0,SPY210319P00369000,369.0,0,0.0,0.0,,0.0,expirationDay
2021-03-22,7998.0,0.0,0.0,0,392.59,0.0,0,0.0,0.0,,0.0,0,0.0,0.0,,0.0,bidTooLow
2021-03-23,7998.0,-3.0,0.0,0,389.5,0.0,1,0.06,0.09,SPY210326P00368000,368.0,0,0.0,0.0,,0.0,normalDay
2021-03-24,7998.0,-1.0,0.0,0,387.52,0.0,1,0.06,0.07,SPY210326P00368000,368.0,0,0.0,0.0,,0.0,normalDay
2021-03-25,7998.0,4.0,0.0,0,389.7,0.0,1,0.06,0.02,SPY210326P00368000,368.0,0,0.0,0.0,,0.0,normalDay
2021-03-26,8004.0,0.0,6.0,0,395.98,0.0,1,0.06,0.0,SPY210326P00368000,368.0,0,0.0,0.0,,0.0,expirationDay
2021-03-29,8004.0,-3.0,0.0,0,395.78,0.0,1,0.05,0.08,SPY210401P00370000,370.0,0,0.0,0.0,,0.0,normalDay
2021-03-30,8004.0,2.0,0.0,0,394.73,0.0,1,0.05,0.03,SPY210401P00370000,370.0,0,0.0,0.0,,0.0,normalDay
2021-03-31,8004.0,4.0,0.0,0,396.33,0.0,1,0.05,0.01,SPY210401P00370000,370.0,0,0.0,0.0,,0.0,normalDay
2021-04-01,8009.0,0.0,5.0,0,400.61,0.0,1,0.05,0.0,SPY210401P00370000,370.0,0,0.0,0.0,,0.0,expirationDay
2021-04-05,8009.0,0.0,0.0,0,406.36,0.0,0,0.0,0.0,,0.0,0,0.0,0.0,,0.0,bidTooLow
2021-04-06,8009.0,-3.0,0.0,0,406.12,0.0,1,0.01,0.04,SPY210409P00376000,376.0,0,0.0,0.0,,0.0,normalDay
2021-04-07,8009.0,-1.0,0.0,0,406.59,0.0,1,0.01,0.02,SPY210409P00376000,376.0,0,0.0,0.0,,0.0,normalDay
2021-04-08,8009.0,0.0,0.0,0,408.52,0.0,1,0.01,0.01,SPY210409P00376000,376.0,0,0.0,0.0,,0.0,normalDay
2021-04-09,8010.0,0.0,1.0,0,411.49,0.0,1,0.01,0.0,SPY210409P00376000,376.0,0,0.0,0.0,,0.0,expirationDay
2021-04-12,8010.0,0.0,0.0,0,411.64,0.0,0,0.0,0.0,,0.0,0,0.0,0.0,,0.0,bidTooLow
2021-04-13,8010.0,0.0,0.0,0,412.86,0.0,0,0.0,0.0,,0.0,0,0.0,0.0,,0.0,bidTooLow
2021-04-14,8010.0,0.0,0.0,0,411.45,0.0,0,0.0,0.0,,0.0,0,0.0,0.0,,0.0,bidTooLow
2021-04-15,8010.0,0.0,0.0,0,415.87,0.0,0,0.0,0.0,,0.0,0,0.0,0.0,,0.0,bidTooLow
2021-04-16,8010.0,0.0,0.0,0,417.26,0.0,0,0.0,0.0,,0.0,0,0.0,0.0,,0.0,bidTooLow
2021-04-19,8010.0,0.0,0.0,0,415.21,0.0,0,0.0,0.0,,0.0,0,0.0,0.0,,0.0,bidTooLow
2021-04-20,8010.0,0.0,0.0,0,412.17,0.0,0,0.0,0.0,,0.0,0,0.0,0.0,,0.0,bidTooLow
2021-04-21,8010.0,0.0,0.0,0,416.07,0.0,0,0.0,0.0,,0.0,0,0.0,0.0,,0.0,bidTooLow
2021-04-22,8010.0,0.0,0.0,0,412.27,0.0,0,0.0,0.0,,0.0,0,0.0,0.0,,0.0,bidTooLow
2021-04-23,8010.0,0.0,0.0,0,416.74,0.0,0,0.0,0.0,,0.0,0,0.0,0.0,,0.0,bidTooLow
2021-04-26,8010.0,0.0,0.0,0,417.61,0.0,0,0.0,0.0,,0.0,0,0.0,0.0,,0.0,bidTooLow
2021-04-27,8010.0,0.0,0.0,0,417.52,0.0,0,0.0,0.0,,0.0,0,0.0,0.0,,0.0,bidTooLow
2021-04-28,8010.0,0.0,0.0,0,417.4,0.0,0,0.0,0.0,,0.0,0,0.0,0.0,,0.0,bidTooLow
2021-04-29,8010.0,0.0,0.0,0,420.06,0.0,0,0.0,0.0,,0.0,0,0.0,0.0,,0.0,bidTooLow
2021-04-30,8010.0,-3.0,0.0,0,417.3,0.0,1,0.02,0.05,SPY210503P00399000,399.0,0,0.0,0.0,,0.0,normalDay
2021-05-03,8012.0,0.0,2.0,0,418.2,0.0,1,0.02,0.0,SPY210503P00399000,399.0,0,0.0,0.0,,0.0,expirationDay
2021-05-04,8012.0,-3.0,0.0,0,415.62,0.0,1,0.17,0.2,SPY210507P00402500,402.5,0,0.0,0.0,,0.0,normalDay
2021-05-05,8012.0,6.0,0.0,0,415.75,0.0,1,0.17,0.11,SPY210507P00402500,402.5,0,0.0,0.0,,0.0,normalDay
2021-05-06,8012.0,13.0,0.0,0,419.07,0.0,1,0.17,0.04,SPY210507P00402500,402.5,0,0.0,0.0,,0.0,normalDay
2021-05-07,8029.0,0.0,17.0,0,422.12,0.0,1,0.17,0.0,SPY210507P00402500,402.5,0,0.0,0.0,,0.0,expirationDay
2021-05-10,8029.0,-3.0,0.0,0,417.94,0.0,1,0.26,0.29,SPY210512P00407000,407.0,0,0.0,0.0,,0.0,normalDay
2021-05-11,8029.0,-7.0,0.0,0,414.21,0.0,1,0.26,0.33,SPY210512P00407000,407.0,0,0.0,0.0,,0.0,normalDay
2021-05-12,8055.0,-159.0,26.0,100,405.41,407.0,1,0.26,0.0,SPY210512P00407000,407.0,0,0.0,0.0,,0.0,expirationDay
2021-05-13,8055.0,322.0,0.0,100,410.28,407.0,0,0.0,0.0,,0.0,1,1.27,1.33,SPY210614C00428000,428.0,normalDay
2021-05-14,8055.0,883.0,0.0,100,416.58,407.0,0,0.0,0.0,,0.0,1,1.27,2.02,SPY210614C00428000,428.0,normalDay
2021-05-17,8055.0,828.0,0.0,100,415.52,407.0,0,0.0,0.0,,0.0,1,1.27,1.51,SPY210614C00428000,428.0,normalDay
2021-05-18,8055.0,533.0,0.0,100,411.94,407.0,0,0.0,0.0,,0.0,1,1.27,0.88,SPY210614C00428000,428.0,normalDay
2021-05-19,8055.0,443.0,0.0,100,410.86,407.0,0,0.0,0.0,,0.0,1,1.27,0.7,SPY210614C00428000,428.0,normalDay
2021-05-20,8055.0,843.0,0.0,100,415.28,407.0,0,0.0,0.0,,0.0,1,1.27,1.12,SPY210614C00428000,428.0,normalDay
2021-05-21,8055.0,829.0,0.0,100,414.94,407.0,0,0.0,0.0,,0.0,1,1.27,0.92,SPY210614C00428000,428.0,normalDay
2021-05-24,8055.0,1220.0,0.0,100,419.17,407.0,0,0.0,0.0,,0.0,1,1.27,1.24,SPY210614C00428000,428.0,normalDay
2021-05-25,8055.0,1151.0,0.0,100,418.24,407.0,0,0.0,0.0,,0.0,1,1.27,1.0,SPY210614C00428000,428.0,normalDay
2021-05-26,8055.0,1253.0,0.0,100,419.07,407.0,0,0.0,0.0,,0.0,1,1.27,0.81,SPY210614C00428000,428.0,normalDay
2021-05-27,8055.0,1276.0,0.0,100,419.29,407.0,0,0.0,0.0,,0.0,1,1.27,0.8,SPY210614C00428000,428.0,normalDay
2021-05-28,8055.0,1361.0,0.0,100,420.04,407.0,0,0.0,0.0,,0.0,1,1.27,0.7,SPY210614C00428000,428.0,normalDay
2021-06-01,8055.0,1334.0,0.0,100,419.67,407.0,0,0.0,0.0,,0.0,1,1.27,0.6,SPY210614C00428000,428.0,normalDay
2021-06-02,8055.0,1413.0,0.0,100,420.33,407.0,0,0.0,0.0,,0.0,1,1.27,0.47,SPY210614C00428000,428.0,normalDay
2021-06-03,8055.0,1275.0,0.0,100,418.77,407.0,0,0.0,0.0,,0.0,1,1.27,0.29,SPY210614C00428000,428.0,normalDay
2021-06-04,8055.0,1645.0,0.0,100,422.6,407.0,0,0.0,0.0,,0.0,1,1.27,0.42,SPY210614C00428000,428.0,normalDay
2021-06-07,8055.0,1622.0,0.0,100,422.19,407.0,0,0.0,0.0,,0.0,1,1.27,0.24,SPY210614C00428000,428.0,normalDay
2021-06-08,8055.0,1631.0,0.0,100,422.28,407.0,0,0.0,0.0,,0.0,1,1.27,0.24,SPY210614C00428000,428.0,normalDay
2021-06-09,8055.0,1572.0,0.0,100,421.65,407.0,0,0.0,0.0,,0.0,1,1.27,0.2,SPY210614C00428000,428.0,normalDay
2021-06-10,8055.0,1776.0,0.0,100,423.61,407.0,0,0.0,0.0,,0.0,1,1.27,0.12,SPY210614C00428000,428.0,normalDay
2021-06-11,8055.0,1853.0,0.0,100,424.31,407.0,0,0.0,0.0,,0.0,1,1.27,0.05,SPY210614C00428000,428.0,normalDay
2021-06-14,8182.0,1826.0,127.0,100,425.26,407.0,0,0.0,0.0,,0.0,1,1.27,0.0,SPY210614C00428000,428.0,expirationDay
2021-06-15,8182.0,1745.0,0.0,100,424.48,407.0,0,0.0,0.0,,0.0,1,1.54,1.57,SPY210716C00433000,433.0,normalDay
2021-06-16,8182.0,1558.0,0.0,100,422.11,407.0,0,0.0,0.0,,0.0,1,1.54,1.07,SPY210716C00433000,433.0,normalDay
2021-06-17,8182.0,1563.0,0.0,100,421.97,407.0,0,0.0,0.0,,0.0,1,1.54,0.88,SPY210716C00433000,433.0,normalDay
2021-06-18,8182.0,902.0,0.0,100,414.92,407.0,0,0.0,0.0,,0.0,1,1.54,0.44,SPY210716C00433000,433.0,normalDay
2021-06-21,8182.0,1463.0,0.0,100,420.86,407.0,0,0.0,0.0,,0.0,1,1.54,0.77,SPY210716C00433000,433.0,normalDay
2021-06-22,8182.0,1676.0,0.0,100,423.11,407.0,0,0.0,0.0,,0.0,1,1.54,0.89,SPY210716C00433000,433.0,normalDay
2021-06-23,8182.0,1639.0,0.0,100,422.6,407.0,0,0.0,0.0,,0.0,1,1.54,0.75,SPY210716C00433000,433.0,normalDay
2021-06-24,8182.0,1854.0,0.0,100,425.1,407.0,0,0.0,0.0,,0.0,1,1.54,1.1,SPY210716C00433000,433.0,normalDay
2021-06-25,8182.0,1998.0,0.0,100,426.61,407.0,0,0.0,0.0,,0.0,1,1.54,1.17,SPY210716C00433000,433.0,normalDay
2021-06-28,8182.0,2083.0,0.0,100,427.47,407.0,0,0.0,0.0,,0.0,1,1.54,1.18,SPY210716C00433000,433.0,normalDay
2021-06-29,8182.0,2096.0,0.0,100,427.7,407.0,0,0.0,0.0,,0.0,1,1.54,1.28,SPY210716C00433000,433.0,normalDay
2021-06-30,8182.0,2125.0,0.0,100,428.06,407.0,0,0.0,0.0,,0.0,1,1.54,1.35,SPY210716C00433000,433.0,normalDay
2021-07-01,8182.0,2302.0,0.0,100,430.43,407.0,0,0.0,0.0,,0.0,1,1.54,1.95,SPY210716C00433000,433.0,normalDay
2021-07-02,8182.0,2489.0,0.0,100,433.72,407.0,0,0.0,0.0,,0.0,1,1.54,3.37,SPY210716C00433000,433.0,normalDay
2021-07-06,8182.0,2470.0,0.0,100,432.93,407.0,0,0.0,0.0,,0.0,1,1.54,2.77,SPY210716C00433000,433.0,normalDay
2021-07-07,8182.0,2538.0,0.0,100,434.46,407.0,0,0.0,0.0,,0.0,1,1.54,3.62,SPY210716C00433000,433.0,normalDay
2021-07-08,8182.0,2329.0,0.0,100,430.92,407.0,0,0.0,0.0,,0.0,1,1.54,2.17,SPY210716C00433000,433.0,normalDay
2021-07-09,8182.0,2596.0,0.0,100,435.52,407.0,0,0.0,0.0,,0.0,1,1.54,4.1,SPY210716C00433000,433.0,normalDay
2021-07-12,8182.0,2659.0,0.0,100,437.08,407.0,0,0.0,0.0,,0.0,1,1.54,5.03,SPY210716C00433000,433.0,normalDay
2021-07-13,8182.0,2641.0,0.0,100,435.59,407.0,0,0.0,0.0,,0.0,1,1.54,3.72,SPY210716C00433000,433.0,normalDay
2021-07-14,8182.0,2684.0,0.0,100,436.24,407.0,0,0.0,0.0,,0.0,1,1.54,3.94,SPY210716C00433000,433.0,normalDay
2021-07-15,8182.0,2717.0,0.0,100,434.75,407.0,0,0.0,0.0,,0.0,1,1.54,2.12,SPY210716C00433000,433.0,normalDay
2021-07-16,8336.0,2434.0,154.0,100,431.34,407.0,0,0.0,0.0,,0.0,1,1.54,0.0,SPY210716C00433000,433.0,expirationDay
2021-07-19,8336.0,1794.0,0.0,100,424.97,407.0,0,0.0,0.0,,0.0,1,0.32,0.35,SPY210820C00447000,447.0,normalDay
2021-07-20,8336.0,2356.0,0.0,100,431.06,407.0,0,0.0,0.0,,0.0,1,0.32,0.82,SPY210820C00447000,447.0,normalDay
2021-07-21,8336.0,2671.0,0.0,100,434.55,407.0,0,0.0,0.0,,0.0,1,0.32,1.16,SPY210820C00447000,447.0,normalDay
2021-07-22,8336.0,2750.0,0.0,100,435.46,407.0,0,0.0,0.0,,0.0,1,0.32,1.28,SPY210820C00447000,447.0,normalDay
2021-07-23,8336.0,3097.0,0.0,100,439.94,407.0,0,0.0,0.0,,0.0,1,0.32,2.29,SPY210820C00447000,447.0,normalDay
2021-07-26,8336.0,3179.0,0.0,100,441.02,407.0,0,0.0,0.0,,0.0,1,0.32,2.55,SPY210820C00447000,447.0,normalDay
2021-07-27,8336.0,3050.0,0.0,100,439.01,407.0,0,0.0,0.0,,0.0,1,0.32,1.83,SPY210820C00447000,447.0,normalDay
2021-07-28,8336.0,3057.0,0.0,100,438.83,407.0,0,0.0,0.0,,0.0,1,0.32,1.58,SPY210820C00447000,447.0,normalDay
2021-07-29,8336.0,3208.0,0.0,100,440.65,407.0,0,0.0,0.0,,0.0,1,0.32,1.89,SPY210820C00447000,447.0,normalDay
2021-07-30,8336.0,3044.0,0.0,100,438.51,407.0,0,0.0,0.0,,0.0,1,0.32,1.39,SPY210820C00447000,447.0,normalDay
2021-08-02,8336.0,2989.0,0.0,100,437.59,407.0,0,0.0,0.0,,0.0,1,0.32,1.02,SPY210820C00447000,447.0,normalDay
2021-08-03,8336.0,3307.0,0.0,100,441.15,407.0,0,0.0,0.0,,0.0,1,0.32,1.4,SPY210820C00447000,447.0,normalDay
2021-08-04,8336.0,3136.0,0.0,100,438.98,407.0,0,0.0,0.0,,0.0,1,0.32,0.94,SPY210820C00447000,447.0,normalDay
2021-08-05,8336.0,3370.0,0.0,100,441.76,407.0,0,0.0,0.0,,0.0,1,0.32,1.38,SPY210820C00447000,447.0,normalDay
2021-08-06,8336.0,3453.0,0.0,100,442.49,407.0,0,0.0,0.0,,0.0,1,0.32,1.28,SPY210820C00447000,447.0,normalDay
2021-08-09,8336.0,3444.0,0.0,100,442.13,407.0,0,0.0,0.0,,0.0,1,0.32,1.01,SPY210820C00447000,447.0,normalDay
2021-08-10,8336.0,3509.0,0.0,100,442.68,407.0,0,0.0,0.0,,0.0,1,0.32,0.91,SPY210820C00447000,447.0,normalDay
2021-08-11,8336.0,3612.0,0.0,100,443.78,407.0,0,0.0,0.0,,0.0,1,0.32,0.98,SPY210820C00447000,447.0,normalDay
2021-08-12,8336.0,3724.0,0.0,100,445.11,407.0,0,0.0,0.0,,0.0,1,0.32,1.19,SPY210820C00447000,447.0,normalDay
2021-08-13,8336.0,3814.0,0.0,100,445.92,407.0,0,0.0,0.0,,0.0,1,0.32,1.1,SPY210820C00447000,447.0,normalDay
2021-08-16,8336.0,3862.0,0.0,100,446.97,407.0,0,0.0,0.0,,0.0,1,0.32,1.67,SPY210820C00447000,447.0,normalDay
2021-08-17,8336.0,3681.0,0.0,100,444.04,407.0,0,0.0,0.0,,0.0,1,0.32,0.55,SPY210820C00447000,447.0,normalDay
2021-08-18,8336.0,3235.0,0.0,100,439.18,407.0,0,0.0,0.0,,0.0,1,0.32,0.15,SPY210820C00447000,447.0,normalDay
2021-08-19,8336.0,3314.0,0.0,100,439.86,407.0,0,0.0,0.0,,0.0,1,0.32,0.04,SPY210820C00447000,447.0,normalDay
2021-08-20,8368.0,3636.0,32.0,100,443.36,407.0,0,0.0,0.0,,0.0,1,0.32,0.0,SPY210820C00447000,447.0,expirationDay
2021-08-23,8368.0,4022.0,0.0,100,447.26,407.0,0,0.0,0.0,,0.0,1,3.35,3.39,SPY210924C00452000,452.0,normalDay
2021-08-24,8368.0,4085.0,0.0,100,447.97,407.0,0,0.0,0.0,,0.0,1,3.35,3.47,SPY210924C00452000,452.0,normalDay
2021-08-25,8368.0,4165.0,0.0,100,448.91,407.0,0,0.0,0.0,,0.0,1,3.35,3.61,SPY210924C00452000,452.0,normalDay
2021-08-26,8368.0,3973.0,0.0,100,446.26,407.0,0,0.0,0.0,,0.0,1,3.35,2.88,SPY210924C00452000,452.0,normalDay
2021-08-27,8368.0,4275.0,0.0,100,450.25,407.0,0,0.0,0.0,,0.0,1,3.35,3.85,SPY210924C00452000,452.0,normalDay
2021-08-30,8368.0,4394.0,0.0,100,452.23,407.0,0,0.0,0.0,,0.0,1,3.35,4.64,SPY210924C00452000,452.0,normalDay
2021-08-31,8368.0,4346.0,0.0,100,451.56,407.0,0,0.0,0.0,,0.0,1,3.35,4.45,SPY210924C00452000,452.0,normalDay
2021-09-01,8368.0,4384.0,0.0,100,451.8,407.0,0,0.0,0.0,,0.0,1,3.35,4.31,SPY210924C00452000,452.0,normalDay
2021-09-02,8368.0,4462.0,0.0,100,453.19,407.0,0,0.0,0.0,,0.0,1,3.35,4.92,SPY210924C00452000,452.0,normalDay
2021-09-03,8368.0,4499.0,0.0,100,453.08,407.0,0,0.0,0.0,,0.0,1,3.35,4.44,SPY210924C00452000,452.0,normalDay
2021-09-07,8368.0,4434.0,0.0,100,451.46,407.0,0,0.0,0.0,,0.0,1,3.35,3.47,SPY210924C00452000,452.0,normalDay
2021-09-08,8368.0,4428.0,0.0,100,450.91,407.0,0,0.0,0.0,,0.0,1,3.35,2.98,SPY210924C00452000,452.0,normalDay
2021-09-09,8368.0,4308.0,0.0,100,448.98,407.0,0,0.0,0.0,,0.0,1,3.35,2.25,SPY210924C00452000,452.0,normalDay
2021-09-10,8368.0,4035.0,0.0,100,445.44,407.0,0,0.0,0.0,,0.0,1,3.35,1.44,SPY210924C00452000,452.0,normalDay
2021-09-13,8368.0,4170.0,0.0,100,446.58,407.0,0,0.0,0.0,,0.0,1,3.35,1.23,SPY210924C00452000,452.0,normalDay
2021-09-14,8368.0,3993.0,0.0,100,444.17,407.0,0,0.0,0.0,,0.0,1,3.35,0.59,SPY210924C00452000,452.0,normalDay
2021-09-15,8368.0,4334.0,0.0,100,447.88,407.0,0,0.0,0.0,,0.0,1,3.35,0.89,SPY210924C00452000,452.0,normalDay
2021-09-16,8368.0,4287.0,0.0,100,447.17,407.0,0,0.0,0.0,,0.0,1,3.35,0.65,SPY210924C00452000,452.0,normalDay
2021-09-17,8368.0,3753.0,0.0,100,441.4,407.0,0,0.0,0.0,,0.0,1,3.35,0.22,SPY210924C00452000,452.0,normalDay
2021-09-20,8368.0,3030.0,0.0,100,434.04,407.0,0,0.0,0.0,,0.0,1,3.35,0.09,SPY210924C00452000,452.0,normalDay
2021-09-21,8368.0,2994.0,0.0,100,433.63,407.0,0,0.0,0.0,,0.0,1,3.35,0.04,SPY210924C00452000,452.0,normalDay
2021-09-22,8368.0,3418.0,0.0,100,437.86,407.0,0,0.0,0.0,,0.0,1,3.35,0.03,SPY210924C00452000,452.0,normalDay
2021-09-23,8368.0,3951.0,0.0,100,443.18,407.0,0,0.0,0.0,,0.0,1,3.35,0.02,SPY210924C00452000,452.0,normalDay
2021-09-24,8703.0,3691.0,335.0,100,443.91,407.0,0,0.0,0.0,,0.0,1,3.35,0.0,SPY210924C00452000,452.0,expirationDay
2021-09-27,8703.0,3560.0,0.0,100,442.64,407.0,0,0.0,0.0,,0.0,1,0.22,0.26,SPY211029C00466000,466.0,normalDay
2021-09-28,8703.0,2682.0,0.0,100,433.72,407.0,0,0.0,0.0,,0.0,1,0.22,0.12,SPY211029C00466000,466.0,normalDay
2021-09-29,8703.0,2756.0,0.0,100,434.45,407.0,0,0.0,0.0,,0.0,1,0.22,0.11,SPY211029C00466000,466.0,normalDay
2021-09-30,8703.0,2230.0,0.0,100,429.14,407.0,0,0.0,0.0,,0.0,1,0.22,0.06,SPY211029C00466000,466.0,normalDay
2021-10-01,8703.0,2735.0,0.0,100,434.24,407.0,0,0.0,0.0,,0.0,1,0.22,0.11,SPY211029C00466000,466.0,normalDay
2021-10-04,8703.0,2179.0,0.0,100,428.64,407.0,0,0.0,0.0,,0.0,1,0.22,0.07,SPY211029C00466000,466.0,normalDay
2021-10-05,8703.0,2624.0,0.0,100,433.1,407.0,0,0.0,0.0,,0.0,1,0.22,0.08,SPY211029C00466000,466.0,normalDay
2021-10-06,8703.0,2806.0,0.0,100,434.9,407.0,0,0.0,0.0,,0.0,1,0.22,0.06,SPY211029C00466000,466.0,normalDay
2021-10-07,8703.0,3180.0,0.0,100,438.66,407.0,0,0.0,0.0,,0.0,1,0.22,0.08,SPY211029C00466000,466.0,normalDay
2021-10-08,8703.0,3105.0,0.0,100,437.86,407.0,0,0.0,0.0,,0.0,1,0.22,0.03,SPY211029C00466000,466.0,normalDay
2021-10-11,8703.0,2788.0,0.0,100,434.69,407.0,0,0.0,0.0,,0.0,1,0.22,0.03,SPY211029C00466000,466.0,normalDay
2021-10-12,8703.0,2681.0,0.0,100,433.62,407.0,0,0.0,0.0,,0.0,1,0.22,0.03,SPY211029C00466000,466.0,normalDay
2021-10-13,8703.0,2837.0,0.0,100,435.18,407.0,0,0.0,0.0,,0.0,1,0.22,0.03,SPY211029C00466000,466.0,normalDay
2021-10-14,8703.0,3566.0,0.0,100,442.5,407.0,0,0.0,0.0,,0.0,1,0.22,0.06,SPY211029C00466000,466.0,normalDay
2021-10-15,8703.0,3902.0,0.0,100,445.87,407.0,0,0.0,0.0,,0.0,1,0.22,0.07,SPY211029C00466000,466.0,normalDay
2021-10-18,8703.0,4035.0,0.0,100,447.19,407.0,0,0.0,0.0,,0.0,1,0.22,0.06,SPY211029C00466000,466.0,normalDay
2021-10-19,8703.0,4378.0,0.0,100,450.64,407.0,0,0.0,0.0,,0.0,1,0.22,0.08,SPY211029C00466000,466.0,normalDay
2021-10-20,8703.0,4555.0,0.0,100,452.41,407.0,0,0.0,0.0,,0.0,1,0.22,0.08,SPY211029C00466000,466.0,normalDay
2021-10-21,8703.0,4676.0,0.0,100,453.59,407.0,0,0.0,0.0,,0.0,1,0.22,0.05,SPY211029C00466000,466.0,normalDay
2021-10-22,8703.0,4631.0,0.0,100,453.12,407.0,0,0.0,0.0,,0.0,1,0.22,0.03,SPY211029C00466000,466.0,normalDay
2021-10-25,8703.0,4874.0,0.0,100,455.55,407.0,0,0.0,0.0,,0.0,1,0.22,0.03,SPY211029C00466000,466.0,normalDay
2021-10-26,8703.0,4914.0,0.0,100,455.96,407.0,0,0.0,0.0,,0.0,1,0.22,0.04,SPY211029C00466000,466.0,normalDay
2021-10-27,8703.0,4714.0,0.0,100,453.94,407.0,0,0.0,0.0,,0.0,1,0.22,0.02,SPY211029C00466000,466.0,normalDay
2021-10-28,8703.0,5152.0,0.0,100,458.32,407.0,0,0.0,0.0,,0.0,1,0.22,0.02,SPY211029C00466000,466.0,normalDay
2021-10-29,8725.0,5225.0,22.0,100,459.25,407.0,0,0.0,0.0,,0.0,1,0.22,0.0,SPY211029C00466000,466.0,expirationDay
2021-11-01,8725.0,5301.0,0.0,100,460.04,407.0,0,0.0,0.0,,0.0,1,0.35,0.38,SPY211203C00480000,480.0,normalDay
2021-11-02,8725.0,5483.0,0.0,100,461.9,407.0,0,0.0,0.0,,0.0,1,0.35,0.42,SPY211203C00480000,480.0,normalDay
2021-11-03,8725.0,5746.0,0.0,100,464.72,407.0,0,0.0,0.0,,0.0,1,0.35,0.61,SPY211203C00480000,480.0,normalDay
2021-11-04,8725.0,5937.0,0.0,100,466.91,407.0,0,0.0,0.0,,0.0,1,0.35,0.89,SPY211203C00480000,480.0,normalDay
2021-11-05,8725.0,6053.0,0.0,100,468.53,407.0,0,0.0,0.0,,0.0,1,0.35,1.35,SPY211203C00480000,480.0,normalDay
2021-11-08,8725.0,6100.0,0.0,100,468.93,407.0,0,0.0,0.0,,0.0,1,0.35,1.28,SPY211203C00480000,480.0,normalDay
2021-11-09,8725.0,5975.0,0.0,100,467.38,407.0,0,0.0,0.0,,0.0,1,0.35,0.98,SPY211203C00480000,480.0,normalDay
2021-11-10,8725.0,5646.0,0.0,100,463.62,407.0,0,0.0,0.0,,0.0,1,0.35,0.51,SPY211203C00480000,480.0,normalDay
2021-11-11,8725.0,5671.0,0.0,100,463.77,407.0,0,0.0,0.0,,0.0,1,0.35,0.41,SPY211203C00480000,480.0,normalDay
2021-11-12,8725.0,6001.0,0.0,100,467.27,407.0,0,0.0,0.0,,0.0,1,0.35,0.61,SPY211203C00480000,480.0,normalDay
2021-11-15,8725.0,6032.0,0.0,100,467.43,407.0,0,0.0,0.0,,0.0,1,0.35,0.46,SPY211203C00480000,480.0,normalDay
2021-11-16,8725.0,6199.0,0.0,100,469.28,407.0,0,0.0,0.0,,0.0,1,0.35,0.64,SPY211203C00480000,480.0,normalDay
2021-11-17,8725.0,6108.0,0.0,100,468.14,407.0,0,0.0,0.0,,0.0,1,0.35,0.41,SPY211203C00480000,480.0,normalDay
2021-11-18,8725.0,6250.0,0.0,100,469.73,407.0,0,0.0,0.0,,0.0,1,0.35,0.58,SPY211203C00480000,480.0,normalDay
2021-11-19,8725.0,6189.0,0.0,100,468.89,407.0,0,0.0,0.0,,0.0,1,0.35,0.35,SPY211203C00480000,480.0,normalDay
2021-11-22,8725.0,6067.0,0.0,100,467.57,407.0,0,0.0,0.0,,0.0,1,0.35,0.25,SPY211203C00480000,480.0,normalDay
2021-11-23,8725.0,6129.0,0.0,100,468.19,407.0,0,0.0,0.0,,0.0,1,0.35,0.25,SPY211203C00480000,480.0,normalDay
2021-11-24,8725.0,6259.0,0.0,100,469.44,407.0,0,0.0,0.0,,0.0,1,0.35,0.2,SPY211203C00480000,480.0,normalDay
2021-11-26,8725.0,5223.0,0.0,100,458.97,407.0,0,0.0,0.0,,0.0,1,0.35,0.09,SPY211203C00480000,480.0,normalDay
2021-11-29,8725.0,5791.0,0.0,100,464.6,407.0,0,0.0,0.0,,0.0,1,0.35,0.04,SPY211203C00480000,480.0,normalDay
2021-11-30,8725.0,4888.0,0.0,100,455.56,407.0,0,0.0,0.0,,0.0,1,0.35,0.03,SPY211203C00480000,480.0,normalDay
2021-12-01,8725.0,4384.0,0.0,100,450.5,407.0,0,0.0,0.0,,0.0,1,0.35,0.01,SPY211203C00480000,480.0,normalDay
2021-12-02,8725.0,5074.0,0.0,100,457.4,407.0,0,0.0,0.0,,0.0,1,0.35,0.01,SPY211203C00480000,480.0,normalDay
2021-12-03,8760.0,4642.0,35.0,100,453.42,407.0,0,0.0,0.0,,0.0,1,0.35,0.0,SPY211203C00480000,480.0,expirationDay
2021-12-06,8760.0,5175.0,0.0,100,458.79,407.0,0,0.0,0.0,,0.0,1,0.79,0.83,SPY220107C00484000,484.0,normalDay
2021-12-07,8760.0,6041.0,0.0,100,468.28,407.0,0,0.0,0.0,,0.0,1,0.79,1.66,SPY220107C00484000,484.0,normalDay
2021-12-08,8760.0,6177.0,0.0,100,469.52,407.0,0,0.0,0.0,,0.0,1,0.79,1.54,SPY220107C00484000,484.0,normalDay
2021-12-09,8760.0,5909.0,0.0,100,466.35,407.0,0,0.0,0.0,,0.0,1,0.79,1.05,SPY220107C00484000,484.0,normalDay
2021-12-10,8760.0,6333.0,0.0,100,470.74,407.0,0,0.0,0.0,,0.0,1,0.79,1.2,SPY220107C00484000,484.0,normalDay
2021-12-13,8760.0,5962.0,0.0,100,466.57,407.0,0,0.0,0.0,,0.0,1,0.79,0.74,SPY220107C00484000,484.0,normalDay
2021-12-14,8760.0,5662.0,0.0,100,463.36,407.0,0,0.0,0.0,,0.0,1,0.79,0.53,SPY220107C00484000,484.0,normalDay
2021-12-15,8760.0,6334.0,0.0,100,470.6,407.0,0,0.0,0.0,,0.0,1,0.79,1.05,SPY220107C00484000,484.0,normalDay
2021-12-16,8760.0,5961.0,0.0,100,466.45,407.0,0,0.0,0.0,,0.0,1,0.79,0.63,SPY220107C00484000,484.0,normalDay
2021-12-17,8760.0,5333.0,0.0,100,459.87,407.0,0,0.0,0.0,,0.0,1,0.79,0.33,SPY220107C00484000,484.0,normalDay
2021-12-20,8760.0,4859.0,0.0,100,454.98,407.0,0,0.0,0.0,,0.0,1,0.79,0.18,SPY220107C00484000,484.0,normalDay
2021-12-21,8760.0,5654.0,0.0,100,463.06,407.0,0,0.0,0.0,,0.0,1,0.79,0.31,SPY220107C00484000,484.0,normalDay
2021-12-22,8760.0,6113.0,0.0,100,467.69,407.0,0,0.0,0.0,,0.0,1,0.79,0.35,SPY220107C00484000,484.0,normalDay
2021-12-23,8760.0,6394.0,0.0,100,470.6,407.0,0,0.0,0.0,,0.0,1,0.79,0.45,SPY220107C00484000,484.0,normalDay
2021-12-27,8760.0,6995.0,0.0,100,477.26,407.0,0,0.0,0.0,,0.0,1,0.79,1.1,SPY220107C00484000,484.0,normalDay
2021-12-28,8760.0,6967.0,0.0,100,476.87,407.0,0,0.0,0.0,,0.0,1,0.79,0.99,SPY220107C00484000,484.0,normalDay
2021-12-29,8760.0,7046.0,0.0,100,477.48,407.0,0,0.0,0.0,,0.0,1,0.79,0.81,SPY220107C00484000,484.0,normalDay
2021-12-30,8760.0,6948.0,0.0,100,476.16,407.0,0,0.0,0.0,,0.0,1,0.79,0.47,SPY220107C00484000,484.0,normalDay
2021-12-31,8760.0,6855.0,0.0,100,474.96,407.0,0,0.0,0.0,,0.0,1,0.79,0.2,SPY220107C00484000,484.0,normalDay
2022-01-03,8760.0,7125.0,0.0,100,477.71,407.0,0,0.0,0.0,,0.0,1,0.79,0.25,SPY220107C00484000,484.0,normalDay
2022-01-04,8760.0,7117.0,0.0,100,477.55,407.0,0,0.0,0.0,,0.0,1,0.79,0.17,SPY220107C00484000,484.0,normalDay
2022-01-05,8760.0,6214.0,0.0,100,468.38,407.0,0,0.0,0.0,,0.0,1,0.79,0.03,SPY220107C00484000,484.0,normalDay
2022-01-06,8760.0,6172.0,0.0,100,467.94,407.0,0,0.0,0.0,,0.0,1,0.79,0.01,SPY220107C00484000,484.0,normalDay
2022-01-07,8839.0,5909.0,79.0,100,466.09,407.0,0,0.0,0.0,,0.0,1,0.79,0.0,SPY220107C00484000,484.0,expirationDay
2022-01-10,8839.0,5848.0,0.0,100,465.51,407.0,0,0.0,0.0,,0.0,1,0.28,0.31,SPY220211C00492000,492.0,normalDay
2022-01-11,8839.0,6251.0,0.0,100,469.75,407.0,0,0.0,0.0,,0.0,1,0.28,0.52,SPY220211C00492000,492.0,normalDay
2022-01-12,8839.0,6373.0,0.0,100,471.02,407.0,0,0.0,0.0,,0.0,1,0.28,0.57,SPY220211C00492000,492.0,normalDay
2022-01-13,8839.0,5754.0,0.0,100,464.53,407.0,0,0.0,0.0,,0.0,1,0.28,0.27,SPY220211C00492000,492.0,normalDay
2022-01-14,8839.0,5777.0,0.0,100,464.72,407.0,0,0.0,0.0,,0.0,1,0.28,0.23,SPY220211C00492000,492.0,normalDay
2022-01-18,8839.0,4967.0,0.0,100,456.49,407.0,0,0.0,0.0,,0.0,1,0.28,0.1,SPY220211C00492000,492.0,normalDay
2022-01-19,8839.0,4496.0,0.0,100,451.75,407.0,0,0.0,0.0,,0.0,1,0.28,0.07,SPY220211C00492000,492.0,normalDay
2022-01-20,8839.0,3997.0,0.0,100,446.75,407.0,0,0.0,0.0,,0.0,1,0.28,0.06,SPY220211C00492000,492.0,normalDay
2022-01-21,8839.0,3121.0,0.0,100,437.98,407.0,0,0.0,0.0,,0.0,1,0.28,0.05,SPY220211C00492000,492.0,normalDay
2022-01-24,8839.0,3306.0,0.0,100,439.84,407.0,0,0.0,0.0,,0.0,1,0.28,0.06,SPY220211C00492000,492.0,normalDay
2022-01-25,8839.0,2770.0,0.0,100,434.47,407.0,0,0.0,0.0,,0.0,1,0.28,0.05,SPY220211C00492000,492.0,normalDay
2022-01-26,8839.0,2661.0,0.0,100,433.38,407.0,0,0.0,0.0,,0.0,1,0.28,0.05,SPY220211C00492000,492.0,normalDay
2022-01-27,8839.0,2448.0,0.0,100,431.24,407.0,0,0.0,0.0,,0.0,1,0.28,0.04,SPY220211C00492000,492.0,normalDay
2022-01-28,8839.0,3519.0,0.0,100,441.95,407.0,0,0.0,0.0,,0.0,1,0.28,0.04,SPY220211C00492000,492.0,normalDay
2022-01-31,8839.0,4317.0,0.0,100,449.91,407.0,0,0.0,0.0,,0.0,1,0.28,0.02,SPY220211C00492000,492.0,normalDay
2022-02-01,8839.0,4621.0,0.0,100,452.95,407.0,0,0.0,0.0,,0.0,1,0.28,0.02,SPY220211C00492000,492.0,normalDay
2022-02-02,8839.0,5062.0,0.0,100,457.35,407.0,0,0.0,0.0,,0.0,1,0.28,0.01,SPY220211C00492000,492.0,normalDay
2022-02-03,8839.0,3987.0,0.0,100,446.6,407.0,0,0.0,0.0,,0.0,1,0.28,0.01,SPY220211C00492000,492.0,normalDay
2022-02-04,8839.0,4197.0,0.0,100,448.7,407.0,0,0.0,0.0,,0.0,1,0.28,0.01,SPY220211C00492000,492.0,normalDay
2022-02-07,8839.0,4053.0,0.0,100,447.26,407.0,0,0.0,0.0,,0.0,1,0.28,0.01,SPY220211C00492000,492.0,normalDay
2022-02-08,8839.0,4421.0,0.0,100,450.94,407.0,0,0.0,0.0,,0.0,1,0.28,0.01,SPY220211C00492000,492.0,normalDay
2022-02-09,8839.0,5081.0,0.0,100,457.54,407.0,0,0.0,0.0,,0.0,1,0.28,0.01,SPY220211C00492000,492.0,normalDay
2022-02-10,8839.0,4259.0,0.0,100,449.32,407.0,0,0.0,0.0,,0.0,1,0.28,0.01,SPY220211C00492000,492.0,normalDay
2022-02-11,8867.0,3346.0,28.0,100,440.46,407.0,0,0.0,0.0,,0.0,1,0.28,0.0,SPY220211C00492000,492.0,expirationDay
2022-02-14,8867.0,3199.0,0.0,100,439.02,407.0,0,0.0,0.0,,0.0,1,0.75,0.78,SPY220318C00473000,473.0,normalDay
2022-02-15,8867.0,3889.0,0.0,100,446.1,407.0,0,0.0,0.0,,0.0,1,0.75,0.96,SPY220318C00473000,473.0,normalDay
2022-02-16,8867.0,3952.0,0.0,100,446.6,407.0,0,0.0,0.0,,0.0,1,0.75,0.83,SPY220318C00473000,473.0,normalDay
2022-02-17,8867.0,3043.0,0.0,100,437.06,407.0,0,0.0,0.0,,0.0,1,0.75,0.38,SPY220318C00473000,473.0,normalDay
2022-02-18,8867.0,2771.0,0.0,100,434.23,407.0,0,0.0,0.0,,0.0,1,0.75,0.27,SPY220318C00473000,473.0,normalDay
2022-02-22,8867.0,2312.0,0.0,100,429.57,407.0,0,0.0,0.0,,0.0,1,0.75,0.2,SPY220318C00473000,473.0,normalDay
2022-02-23,8867.0,1559.0,0.0,100,421.95,407.0,0,0.0,0.0,,0.0,1,0.75,0.11,SPY220318C00473000,473.0,normalDay
2022-02-24,8867.0,2190.0,0.0,100,428.3,407.0,0,0.0,0.0,,0.0,1,0.75,0.15,SPY220318C00473000,473.0,normalDay
2022-02-25,8867.0,3127.0,0.0,100,437.75,407.0,0,0.0,0.0,,0.0,1,0.75,0.23,SPY220318C00473000,473.0,normalDay
2022-02-28,8867.0,3018.0,0.0,100,436.63,407.0,0,0.0,0.0,,0.0,1,0.75,0.2,SPY220318C00473000,473.0,normalDay
2022-03-01,8867.0,2360.0,0.0,100,429.98,407.0,0,0.0,0.0,,0.0,1,0.75,0.13,SPY220318C00473000,473.0,normalDay
2022-03-02,8867.0,3150.0,0.0,100,437.89,407.0,0,0.0,0.0,,0.0,1,0.75,0.14,SPY220318C00473000,473.0,normalDay
2022-03-03,8867.0,2938.0,0.0,100,435.71,407.0,0,0.0,0.0,,0.0,1,0.75,0.08,SPY220318C00473000,473.0,normalDay
2022-03-04,8867.0,2588.0,0.0,100,432.17,407.0,0,0.0,0.0,,0.0,1,0.75,0.04,SPY220318C00473000,473.0,normalDay
2022-03-07,8867.0,1315.0,0.0,100,419.43,407.0,0,0.0,0.0,,0.0,1,0.75,0.03,SPY220318C00473000,473.0,normalDay
2022-03-08,8867.0,997.0,0.0,100,416.25,407.0,0,0.0,0.0,,0.0,1,0.75,0.03,SPY220318C00473000,473.0,normalDay
2022-03-09,8867.0,2112.0,0.0,100,427.41,407.0,0,0.0,0.0,,0.0,1,0.75,0.04,SPY220318C00473000,473.0,normalDay
2022-03-10,8867.0,1921.0,0.0,100,425.48,407.0,0,0.0,0.0,,0.0,1,0.75,0.02,SPY220318C00473000,473.0,normalDay
2022-03-11,8867.0,1380.0,0.0,100,420.07,407.0,0,0.0,0.0,,0.0,1,0.75,0.02,SPY220318C00473000,473.0,normalDay
2022-03-14,8867.0,1074.0,0.0,100,417.0,407.0,0,0.0,0.0,,0.0,1,0.75,0.01,SPY220318C00473000,473.0,normalDay
2022-03-15,8867.0,1991.0,0.0,100,426.17,407.0,0,0.0,0.0,,0.0,1,0.75,0.01,SPY220318C00473000,473.0,normalDay
2022-03-16,8867.0,2936.0,0.0,100,435.62,407.0,0,0.0,0.0,,0.0,1,0.75,0.01,SPY220318C00473000,473.0,normalDay
2022-03-17,8867.0,3481.0,0.0,100,441.07,407.0,0,0.0,0.0,,0.0,1,0.75,0.01,SPY220318C00473000,473.0,normalDay
2022-03-18,8942.0,3752.0,75.0,100,444.52,407.0,0,0.0,0.0,,0.0,1,0.75,0.0,SPY220318C00473000,473.0,expirationDay
2022-03-21,8942.0,3733.0,0.0,100,444.39,407.0,0,0.0,0.0,,0.0,1,3.1,3.16,SPY220422C00460000,460.0,normalDay
2022-03-22,8942.0,4129.0,0.0,100,449.59,407.0,0,0.0,0.0,,0.0,1,3.1,4.4,SPY220422C00460000,460.0,normalDay
2022-03-23,8942.0,3736.0,0.0,100,443.8,407.0,0,0.0,0.0,,0.0,1,3.1,2.54,SPY220422C00460000,460.0,normalDay
2022-03-24,8942.0,4249.0,0.0,100,450.49,407.0,0,0.0,0.0,,0.0,1,3.1,4.1,SPY220422C00460000,460.0,normalDay
2022-03-25,8942.0,4431.0,0.0,100,452.69,407.0,0,0.0,0.0,,0.0,1,3.1,4.48,SPY220422C00460000,460.0,normalDay
2022-03-28,8942.0,4684.0,0.0,100,455.91,407.0,0,0.0,0.0,,0.0,1,3.1,5.17,SPY220422C00460000,460.0,normalDay
2022-03-29,8942.0,4989.0,0.0,100,461.55,407.0,0,0.0,0.0,,0.0,1,3.1,7.76,SPY220422C00460000,460.0,normalDay
2022-03-30,8942.0,4819.0,0.0,100,458.7,407.0,0,0.0,0.0,,0.0,1,3.1,6.61,SPY220422C00460000,460.0,normalDay
2022-03-31,8942.0,4413.0,0.0,100,451.64,407.0,0,0.0,0.0,,0.0,1,3.1,3.61,SPY220422C00460000,460.0,normalDay
2022-04-01,8942.0,4607.0,0.0,100,452.92,407.0,0,0.0,0.0,,0.0,1,3.1,2.95,SPY220422C00460000,460.0,normalDay
2022-04-04,8942.0,4913.0,0.0,100,456.8,407.0,0,0.0,0.0,,0.0,1,3.1,3.77,SPY220422C00460000,460.0,normalDay
2022-04-05,8942.0,4493.0,0.0,100,451.03,407.0,0,0.0,0.0,,0.0,1,3.1,2.2,SPY220422C00460000,460.0,normalDay
2022-04-06,8942.0,4166.0,0.0,100,446.52,407.0,0,0.0,0.0,,0.0,1,3.1,0.96,SPY220422C00460000,460.0,normalDay
2022-04-07,8942.0,4365.0,0.0,100,448.77,407.0,0,0.0,0.0,,0.0,1,3.1,1.22,SPY220422C00460000,460.0,normalDay
2022-04-08,8942.0,4291.0,0.0,100,447.57,407.0,0,0.0,0.0,,0.0,1,3.1,0.76,SPY220422C00460000,460.0,normalDay
2022-04-11,8942.0,3584.0,0.0,100,439.92,407.0,0,0.0,0.0,,0.0,1,3.1,0.18,SPY220422C00460000,460.0,normalDay
2022-04-12,8942.0,3427.0,0.0,100,438.29,407.0,0,0.0,0.0,,0.0,1,3.1,0.12,SPY220422C00460000,460.0,normalDay
2022-04-13,8942.0,3927.0,0.0,100,443.31,407.0,0,0.0,0.0,,0.0,1,3.1,0.14,SPY220422C00460000,460.0,normalDay
2022-04-14,8942.0,3385.0,0.0,100,437.79,407.0,0,0.0,0.0,,0.0,1,3.1,0.04,SPY220422C00460000,460.0,normalDay
2022-04-18,8942.0,3405.0,0.0,100,437.97,407.0,0,0.0,0.0,,0.0,1,3.1,0.02,SPY220422C00460000,460.0,normalDay
2022-04-19,8942.0,4111.0,0.0,100,445.04,407.0,0,0.0,0.0,,0.0,1,3.1,0.03,SPY220422C00460000,460.0,normalDay
2022-04-20,8942.0,4079.0,0.0,100,444.71,407.0,0,0.0,0.0,,0.0,1,3.1,0.02,SPY220422C00460000,460.0,normalDay
2022-04-21,8942.0,3415.0,0.0,100,438.06,407.0,0,0.0,0.0,,0.0,1,3.1,0.01,SPY220422C00460000,460.0,normalDay
2022-04-22,9252.0,1904.0,310.0,100,426.04,407.0,0,0.0,0.0,,0.0,1,3.1,0.0,SPY220422C00460000,460.0,expirationDay
2022-04-25,9252.0,2148.0,0.0,100,428.51,407.0,0,0.0,0.0,,0.0,1,0.04,0.07,SPY220527C00478000,478.0,normalDay
2022-04-26,9252.0,910.0,0.0,100,416.1,407.0,0,0.0,0.0,,0.0,1,0.04,0.04,SPY220527C00478000,478.0,normalDay
2022-04-27,9252.0,1027.0,0.0,100,417.27,407.0,0,0.0,0.0,,0.0,1,0.04,0.04,SPY220527C00478000,478.0,normalDay
2022-04-28,9252.0,2078.0,0.0,100,427.81,407.0,0,0.0,0.0,,0.0,1,0.04,0.07,SPY220527C00478000,478.0,normalDay
2022-04-29,9252.0,499.0,0.0,100,412.0,407.0,0,0.0,0.0,,0.0,1,0.04,0.05,SPY220527C00478000,478.0,normalDay
2022-05-02,9252.0,747.0,0.0,100,414.48,407.0,0,0.0,0.0,,0.0,1,0.04,0.05,SPY220527C00478000,478.0,normalDay
2022-05-03,9252.0,939.0,0.0,100,416.38,407.0,0,0.0,0.0,,0.0,1,0.04,0.03,SPY220527C00478000,478.0,normalDay
2022-05-04,9252.0,2204.0,0.0,100,429.06,407.0,0,0.0,0.0,,0.0,1,0.04,0.06,SPY220527C00478000,478.0,normalDay
2022-05-05,9252.0,682.0,0.0,100,413.81,407.0,0,0.0,0.0,,0.0,1,0.04,0.03,SPY220527C00478000,478.0,normalDay
2022-05-06,9252.0,436.0,0.0,100,411.34,407.0,0,0.0,0.0,,0.0,1,0.04,0.02,SPY220527C00478000,478.0,normalDay
2022-05-09,9252.0,-882.0,0.0,100,398.17,407.0,0,0.0,0.0,,0.0,1,0.04,0.03,SPY220527C00478000,478.0,normalDay
2022-05-10,9252.0,-789.0,0.0,100,399.09,407.0,0,0.0,0.0,,0.0,1,0.04,0.02,SPY220527C00478000,478.0,normalDay
2022-05-11,9252.0,-1423.0,0.0,100,392.75,407.0,0,0.0,0.0,,0.0,1,0.04,0.02,SPY220527C00478000,478.0,normalDay
2022-05-12,9252.0,-1464.0,0.0,100,392.34,407.0,0,0.0,0.0,,0.0,1,0.04,0.02,SPY220527C00478000,478.0,normalDay
2022-05-13,9252.0,-526.0,0.0,100,401.72,407.0,0,0.0,0.0,,0.0,1,0.04,0.02,SPY220527C00478000,478.0,normalDay
2022-05-16,9252.0,-689.0,0.0,100,400.09,407.0,0,0.0,0.0,,0.0,1,0.04,0.02,SPY220527C00478000,478.0,normalDay
2022-05-17,9252.0,135.0,0.0,100,408.32,407.0,0,0.0,0.0,,0.0,1,0.04,0.01,SPY220527C00478000,478.0,normalDay
2022-05-18,9252.0,-1511.0,0.0,100,391.86,407.0,0,0.0,0.0,,0.0,1,0.04,0.01,SPY220527C00478000,478.0,normalDay
2022-05-19,9252.0,-1751.0,0.0,100,389.46,407.0,0,0.0,0.0,,0.0,1,0.04,0.01,SPY220527C00478000,478.0,normalDay
2022-05-20,9252.0,-1734.0,0.0,100,389.63,407.0,0,0.0,0.0,,0.0,1,0.04,0.01,SPY220527C00478000,478.0,normalDay
2022-05-23,9252.0,-1005.0,0.0,100,396.92,407.0,0,0.0,0.0,,0.0,1,0.04,0.01,SPY220527C00478000,478.0,normalDay
2022-05-24,9252.0,-1308.0,0.0,100,393.89,407.0,0,0.0,0.0,,0.0,1,0.04,0.01,SPY220527C00478000,478.0,normalDay
2022-05-25,9252.0,-960.0,0.0,100,397.37,407.0,0,0.0,0.0,,0.0,1,0.04,0.01,SPY220527C00478000,478.0,normalDay
2022-05-26,9252.0,-166.0,0.0,100,405.31,407.0,0,0.0,0.0,,0.0,1,0.04,0.01,SPY220527C00478000,478.0,normalDay
2022-05-27,9256.0,826.0,4.0,100,415.26,407.0,0,0.0,0.0,,0.0,1,0.04,0.0,SPY220527C00478000,478.0,expirationDay
2022-05-31,9256.0,588.0,0.0,100,412.93,407.0,0,0.0,0.0,,0.0,1,1.51,1.56,SPY220701C00440000,440.0,normalDay
2022-06-01,9256.0,318.0,0.0,100,409.59,407.0,0,0.0,0.0,,0.0,1,1.51,0.92,SPY220701C00440000,440.0,normalDay
2022-06-02,9256.0,1021.0,0.0,100,417.39,407.0,0,0.0,0.0,,0.0,1,1.51,1.69,SPY220701C00440000,440.0,normalDay
2022-06-03,9256.0,426.0,0.0,100,410.54,407.0,0,0.0,0.0,,0.0,1,1.51,0.79,SPY220701C00440000,440.0,normalDay
2022-06-06,9256.0,552.0,0.0,100,411.79,407.0,0,0.0,0.0,,0.0,1,1.51,0.78,SPY220701C00440000,440.0,normalDay
2022-06-07,9256.0,930.0,0.0,100,415.74,407.0,0,0.0,0.0,,0.0,1,1.51,0.95,SPY220701C00440000,440.0,normalDay
2022-06-08,9256.0,521.0,0.0,100,411.22,407.0,0,0.0,0.0,,0.0,1,1.51,0.52,SPY220701C00440000,440.0,normalDay
2022-06-09,9256.0,-430.0,0.0,100,401.44,407.0,0,0.0,0.0,,0.0,1,1.51,0.25,SPY220701C00440000,440.0,normalDay
2022-06-10,9256.0,-1579.0,0.0,100,389.8,407.0,0,0.0,0.0,,0.0,1,1.51,0.1,SPY220701C00440000,440.0,normalDay
2022-06-13,9256.0,-3055.0,0.0,100,375.0,407.0,0,0.0,0.0,,0.0,1,1.51,0.06,SPY220701C00440000,440.0,normalDay
2022-06-14,9256.0,-3168.0,0.0,100,373.87,407.0,0,0.0,0.0,,0.0,1,1.51,0.06,SPY220701C00440000,440.0,normalDay
2022-06-15,9256.0,-2633.0,0.0,100,379.2,407.0,0,0.0,0.0,,0.0,1,1.51,0.04,SPY220701C00440000,440.0,normalDay
2022-06-16,9256.0,-3887.0,0.0,100,366.65,407.0,0,0.0,0.0,,0.0,1,1.51,0.03,SPY220701C00440000,440.0,normalDay
2022-06-17,9256.0,-3966.0,0.0,100,365.86,407.0,0,0.0,0.0,,0.0,1,1.51,0.03,SPY220701C00440000,440.0,normalDay
2022-06-21,9256.0,-3044.0,0.0,100,375.07,407.0,0,0.0,0.0,,0.0,1,1.51,0.02,SPY220701C00440000,440.0,normalDay
2022-06-22,9256.0,-3112.0,0.0,100,374.39,407.0,0,0.0,0.0,,0.0,1,1.51,0.02,SPY220701C00440000,440.0,normalDay
2022-06-23,9256.0,-2745.0,0.0,100,378.06,407.0,0,0.0,0.0,,0.0,1,1.51,0.02,SPY220701C00440000,440.0,normalDay
2022-06-24,9256.0,-1543.0,0.0,100,390.08,407.0,0,0.0,0.0,,0.0,1,1.51,0.02,SPY220701C00440000,440.0,normalDay
2022-06-27,9256.0,-1691.0,0.0,100,388.59,407.0,0,0.0,0.0,,0.0,1,1.51,0.01,SPY220701C00440000,440.0,normalDay
2022-06-28,9256.0,-2485.0,0.0,100,380.65,407.0,0,0.0,0.0,,0.0,1,1.51,0.01,SPY220701C00440000,440.0,normalDay
2022-06-29,9256.0,-2516.0,0.0,100,380.34,407.0,0,0.0,0.0,,0.0,1,1.51,0.01,SPY220701C00440000,440.0,normalDay
2022-06-30,9256.0,-2825.0,0.0,100,377.25,407.0,0,0.0,0.0,,0.0,1,1.51,0.01,SPY220701C00440000,440.0,normalDay
2022-07-01,9407.0,-2576.0,151.0,100,381.24,407.0,0,0.0,0.0,,0.0,1,1.51,0.0,SPY220701C00440000,440.0,expirationDay
2022-07-05,9407.0,-2507.0,0.0,100,381.96,407.0,0,0.0,0.0,,0.0,1,0.11,0.14,SPY220805C00435000,435.0,normalDay
2022-07-06,9407.0,-2377.0,0.0,100,383.25,407.0,0,0.0,0.0,,0.0,1,0.11,0.13,SPY220805C00435000,435.0,normalDay
2022-07-07,9407.0,-1808.0,0.0,100,388.99,407.0,0,0.0,0.0,,0.0,1,0.11,0.18,SPY220805C00435000,435.0,normalDay
2022-07-08,9407.0,-1835.0,0.0,100,388.67,407.0,0,0.0,0.0,,0.0,1,0.11,0.13,SPY220805C00435000,435.0,normalDay
2022-07-11,9407.0,-2273.0,0.0,100,384.23,407.0,0,0.0,0.0,,0.0,1,0.11,0.07,SPY220805C00435000,435.0,normalDay
2022-07-12,9407.0,-2611.0,0.0,100,380.83,407.0,0,0.0,0.0,,0.0,1,0.11,0.05,SPY220805C00435000,435.0,normalDay
2022-07-13,9407.0,-2810.0,0.0,100,378.83,407.0,0,0.0,0.0,,0.0,1,0.11,0.04,SPY220805C00435000,435.0,normalDay
2022-07-14,9407.0,-2902.0,0.0,100,377.91,407.0,0,0.0,0.0,,0.0,1,0.11,0.04,SPY220805C00435000,435.0,normalDay
2022-07-15,9407.0,-2180.0,0.0,100,385.13,407.0,0,0.0,0.0,,0.0,1,0.11,0.04,SPY220805C00435000,435.0,normalDay
2022-07-18,9407.0,-2497.0,0.0,100,381.95,407.0,0,0.0,0.0,,0.0,1,0.11,0.03,SPY220805C00435000,435.0,normalDay
2022-07-19,9407.0,-1469.0,0.0,100,392.27,407.0,0,0.0,0.0,,0.0,1,0.11,0.07,SPY220805C00435000,435.0,normalDay
2022-07-20,9407.0,-1220.0,0.0,100,394.77,407.0,0,0.0,0.0,,0.0,1,0.11,0.08,SPY220805C00435000,435.0,normalDay
2022-07-21,9407.0,-818.0,0.0,100,398.79,407.0,0,0.0,0.0,,0.0,1,0.11,0.08,SPY220805C00435000,435.0,normalDay
2022-07-22,9407.0,-1184.0,0.0,100,395.09,407.0,0,0.0,0.0,,0.0,1,0.11,0.04,SPY220805C00435000,435.0,normalDay
2022-07-25,9407.0,-1134.0,0.0,100,395.57,407.0,0,0.0,0.0,,0.0,1,0.11,0.02,SPY220805C00435000,435.0,normalDay
2022-07-26,9407.0,-1602.0,0.0,100,390.89,407.0,0,0.0,0.0,,0.0,1,0.11,0.02,SPY220805C00435000,435.0,normalDay
2022-07-27,9407.0,-588.0,0.0,100,401.04,407.0,0,0.0,0.0,,0.0,1,0.11,0.03,SPY220805C00435000,435.0,normalDay
2022-07-28,9407.0,-86.0,0.0,100,406.07,407.0,0,0.0,0.0,,0.0,1,0.11,0.04,SPY220805C00435000,435.0,normalDay
2022-07-29,9407.0,506.0,0.0,100,411.99,407.0,0,0.0,0.0,,0.0,1,0.11,0.04,SPY220805C00435000,435.0,normalDay
2022-08-01,9407.0,386.0,0.0,100,410.77,407.0,0,0.0,0.0,,0.0,1,0.11,0.02,SPY220805C00435000,435.0,normalDay
2022-08-02,9407.0,116.0,0.0,100,408.06,407.0,0,0.0,0.0,,0.0,1,0.11,0.01,SPY220805C00435000,435.0,normalDay
2022-08-03,9407.0,755.0,0.0,100,414.45,407.0,0,0.0,0.0,,0.0,1,0.11,0.01,SPY220805C00435000,435.0,normalDay
2022-08-04,9407.0,727.0,0.0,100,414.17,407.0,0,0.0,0.0,,0.0,1,0.11,0.01,SPY220805C00435000,435.0,normalDay
2022-08-05,9418.0,647.0,11.0,100,413.47,407.0,0,0.0,0.0,,0.0,1,0.11,0.0,SPY220805C00435000,435.0,expirationDay
2022-08-08,9418.0,595.0,0.0,100,412.99,407.0,0,0.0,0.0,,0.0,1,0.64,0.68,SPY220909C00442000,442.0,normalDay
2022-08-09,9418.0,442.0,0.0,100,411.35,407.0,0,0.0,0.0,,0.0,1,0.64,0.57,SPY220909C00442000,442.0,normalDay
2022-08-10,9418.0,1247.0,0.0,100,419.99,407.0,0,0.0,0.0,,0.0,1,0.64,1.16,SPY220909C00442000,442.0,normalDay
2022-08-11,9418.0,1245.0,0.0,100,419.99,407.0,0,0.0,0.0,,0.0,1,0.64,1.18,SPY220909C00442000,442.0,normalDay
2022-08-12,9418.0,1855.0,0.0,100,427.1,407.0,0,0.0,0.0,,0.0,1,0.64,2.19,SPY220909C00442000,442.0,normalDay
2022-08-15,9418.0,1999.0,0.0,100,428.86,407.0,0,0.0,0.0,,0.0,1,0.64,2.51,SPY220909C00442000,442.0,normalDay
2022-08-16,9418.0,2087.0,0.0,100,429.7,407.0,0,0.0,0.0,,0.0,1,0.64,2.47,SPY220909C00442000,442.0,normalDay
2022-08-17,9418.0,1847.0,0.0,100,426.65,407.0,0,0.0,0.0,,0.0,1,0.64,1.82,SPY220909C00442000,442.0,normalDay
2022-08-18,9418.0,1986.0,0.0,100,427.89,407.0,0,0.0,0.0,,0.0,1,0.64,1.67,SPY220909C00442000,442.0,normalDay
2022-08-19,9418.0,1507.0,0.0,100,422.14,407.0,0,0.0,0.0,,0.0,1,0.64,0.71,SPY220909C00442000,442.0,normalDay
2022-08-22,9418.0,678.0,0.0,100,413.35,407.0,0,0.0,0.0,,0.0,1,0.64,0.21,SPY220909C00442000,442.0,normalDay
2022-08-23,9418.0,583.0,0.0,100,412.35,407.0,0,0.0,0.0,,0.0,1,0.64,0.16,SPY220909C00442000,442.0,normalDay
2022-08-24,9418.0,718.0,0.0,100,413.67,407.0,0,0.0,0.0,,0.0,1,0.64,0.13,SPY220909C00442000,442.0,normalDay
2022-08-25,9418.0,1291.0,0.0,100,419.51,407.0,0,0.0,0.0,,0.0,1,0.64,0.24,SPY220909C00442000,442.0,normalDay
2022-08-26,9418.0,-109.0,0.0,100,405.31,407.0,0,0.0,0.0,,0.0,1,0.64,0.04,SPY220909C00442000,442.0,normalDay
2022-08-29,9418.0,-376.0,0.0,100,402.63,407.0,0,0.0,0.0,,0.0,1,0.64,0.03,SPY220909C00442000,442.0,normalDay
2022-08-30,9418.0,-817.0,0.0,100,398.21,407.0,0,0.0,0.0,,0.0,1,0.64,0.02,SPY220909C00442000,442.0,normalDay
2022-08-31,9418.0,-1119.0,0.0,100,395.18,407.0,0,0.0,0.0,,0.0,1,0.64,0.01,SPY220909C00442000,442.0,normalDay
2022-09-01,9418.0,-995.0,0.0,100,396.42,407.0,0,0.0,0.0,,0.0,1,0.64,0.01,SPY220909C00442000,442.0,normalDay
2022-09-02,9418.0,-1413.0,0.0,100,392.24,407.0,0,0.0,0.0,,0.0,1,0.64,0.01,SPY220909C00442000,442.0,normalDay
2022-09-06,9418.0,-1561.0,0.0,100,390.76,407.0,0,0.0,0.0,,0.0,1,0.64,0.01,SPY220909C00442000,442.0,normalDay
2022-09-07,9418.0,-859.0,0.0,100,397.78,407.0,0,0.0,0.0,,0.0,1,0.64,0.01,SPY220909C00442000,442.0,normalDay
2022-09-08,9418.0,-599.0,0.0,100,400.38,407.0,0,0.0,0.0,,0.0,1,0.64,0.01,SPY220909C00442000,442.0,normalDay
2022-09-09,9482.0,-40.0,64.0,100,406.6,407.0,0,0.0,0.0,,0.0,1,0.64,0.0,SPY220909C00442000,442.0,expirationDay
2022-09-12,9482.0,394.0,0.0,100,410.97,407.0,0,0.0,0.0,,0.0,1,0.25,0.28,SPY221014C00455000,455.0,normalDay
2022-09-13,9482.0,-1371.0,0.0,100,393.1,407.0,0,0.0,0.0,,0.0,1,0.25,0.06,SPY221014C00455000,455.0,normalDay
2022-09-14,9482.0,-1221.0,0.0,100,394.6,407.0,0,0.0,0.0,,0.0,1,0.25,0.06,SPY221014C00455000,455.0,normalDay
2022-09-15,9482.0,-1667.0,0.0,100,390.12,407.0,0,0.0,0.0,,0.0,1,0.25,0.04,SPY221014C00455000,455.0,normalDay
2022-09-16,9482.0,-2122.0,0.0,100,385.56,407.0,0,0.0,0.0,,0.0,1,0.25,0.03,SPY221014C00455000,455.0,normalDay
2022-09-19,9482.0,-1823.0,0.0,100,388.55,407.0,0,0.0,0.0,,0.0,1,0.25,0.03,SPY221014C00455000,455.0,normalDay
2022-09-20,9482.0,-2269.0,0.0,100,384.09,407.0,0,0.0,0.0,,0.0,1,0.25,0.03,SPY221014C00455000,455.0,normalDay
2022-09-21,9482.0,-2938.0,0.0,100,377.39,407.0,0,0.0,0.0,,0.0,1,0.25,0.02,SPY221014C00455000,455.0,normalDay
2022-09-22,9482.0,-3254.0,0.0,100,374.22,407.0,0,0.0,0.0,,0.0,1,0.25,0.01,SPY221014C00455000,455.0,normalDay
2022-09-23,9482.0,-3881.0,0.0,100,367.95,407.0,0,0.0,0.0,,0.0,1,0.25,0.01,SPY221014C00455000,455.0,normalDay
2022-09-26,9482.0,-4245.0,0.0,100,364.31,407.0,0,0.0,0.0,,0.0,1,0.25,0.01,SPY221014C00455000,455.0,normalDay
2022-09-27,9482.0,-4338.0,0.0,100,363.38,407.0,0,0.0,0.0,,0.0,1,0.25,0.01,SPY221014C00455000,455.0,normalDay
2022-09-28,9482.0,-3623.0,0.0,100,370.53,407.0,0,0.0,0.0,,0.0,1,0.25,0.01,SPY221014C00455000,455.0,normalDay
2022-09-29,9482.0,-4397.0,0.0,100,362.79,407.0,0,0.0,0.0,,0.0,1,0.25,0.01,SPY221014C00455000,455.0,normalDay
2022-09-30,9482.0,-4958.0,0.0,100,357.18,407.0,0,0.0,0.0,,0.0,1,0.25,0.01,SPY221014C00455000,455.0,normalDay
2022-10-03,9482.0,-4015.0,0.0,100,366.61,407.0,0,0.0,0.0,,0.0,1,0.25,0.01,SPY221014C00455000,455.0,normalDay
2022-10-04,9482.0,-2879.0,0.0,100,377.97,407.0,0,0.0,0.0,,0.0,1,0.25,0.01,SPY221014C00455000,455.0,normalDay
2022-10-05,9482.0,-2967.0,0.0,100,377.09,407.0,0,0.0,0.0,,0.0,1,0.25,0.01,SPY221014C00455000,455.0,normalDay
2022-10-06,9482.0,-3356.0,0.0,100,373.2,407.0,0,0.0,0.0,,0.0,1,0.25,0.01,SPY221014C00455000,455.0,normalDay
2022-10-07,9482.0,-4397.0,0.0,100,362.79,407.0,0,0.0,0.0,,0.0,1,0.25,0.01,SPY221014C00455000,455.0,normalDay
2022-10-10,9482.0,-4674.0,0.0,100,360.02,407.0,0,0.0,0.0,,0.0,1,0.25,0.01,SPY221014C00455000,455.0,normalDay
2022-10-11,9482.0,-4902.0,0.0,100,357.74,407.0,0,0.0,0.0,,0.0,1,0.25,0.01,SPY221014C00455000,455.0,normalDay
2022-10-12,9482.0,-5020.0,0.0,100,356.56,407.0,0,0.0,0.0,,0.0,1,0.25,0.01,SPY221014C00455000,455.0,normalDay
2022-10-13,9482.0,-4079.0,0.0,100,365.97,407.0,0,0.0,0.0,,0.0,1,0.25,0.01,SPY221014C00455000,455.0,normalDay
2022-10-14,9507.0,-4937.0,25.0,100,357.63,407.0,0,0.0,0.0,,0.0,1,0.25,0.0,SPY221014C00455000,455.0,expirationDay
2022-10-17,9507.0,-4022.0,0.0,100,366.82,407.0,0,0.0,0.0,,0.0,1,3.15,3.19,SPY221118C00394000,394.0,normalDay
2022-10-18,9507.0,-3682.0,0.0,100,371.13,407.0,0,0.0,0.0,,0.0,1,3.15,4.1,SPY221118C00394000,394.0,normalDay
2022-10-19,9507.0,-3841.0,0.0,100,368.5,407.0,0,0.0,0.0,,0.0,1,3.15,3.06,SPY221118C00394000,394.0,normalDay
2022-10-20,9507.0,-4072.0,0.0,100,365.41,407.0,0,0.0,0.0,,0.0,1,3.15,2.28,SPY221118C00394000,394.0,normalDay
2022-10-21,9507.0,-3383.0,0.0,100,374.29,407.0,0,0.0,0.0,,0.0,1,3.15,4.27,SPY221118C00394000,394.0,normalDay
2022-10-24,9507.0,-3048.0,0.0,100,378.87,407.0,0,0.0,0.0,,0.0,1,3.15,5.5,SPY221118C00394000,394.0,normalDay
2022-10-25,9507.0,-2550.0,0.0,100,384.92,407.0,0,0.0,0.0,,0.0,1,3.15,6.57,SPY221118C00394000,394.0,normalDay
2022-10-26,9507.0,-2767.0,0.0,100,382.02,407.0,0,0.0,0.0,,0.0,1,3.15,5.84,SPY221118C00394000,394.0,normalDay
2022-10-27,9507.0,-2741.0,0.0,100,379.98,407.0,0,0.0,0.0,,0.0,1,3.15,3.54,SPY221118C00394000,394.0,normalDay
2022-10-28,9507.0,-2264.0,0.0,100,389.02,407.0,0,0.0,0.0,,0.0,1,3.15,7.81,SPY221118C00394000,394.0,normalDay
2022-10-31,9507.0,-2362.0,0.0,100,386.21,407.0,0,0.0,0.0,,0.0,1,3.15,5.98,SPY221118C00394000,394.0,normalDay
2022-11-01,9507.0,-2432.0,0.0,100,384.52,407.0,0,0.0,0.0,,0.0,1,3.15,4.99,SPY221118C00394000,394.0,normalDay
2022-11-02,9507.0,-3095.0,0.0,100,374.87,407.0,0,0.0,0.0,,0.0,1,3.15,1.97,SPY221118C00394000,394.0,normalDay
2022-11-03,9507.0,-3399.0,0.0,100,371.01,407.0,0,0.0,0.0,,0.0,1,3.15,1.15,SPY221118C00394000,394.0,normalDay
2022-11-04,9507.0,-2919.0,0.0,100,376.35,407.0,0,0.0,0.0,,0.0,1,3.15,1.69,SPY221118C00394000,394.0,normalDay
2022-11-07,9507.0,-2584.0,0.0,100,379.95,407.0,0,0.0,0.0,,0.0,1,3.15,1.94,SPY221118C00394000,394.0,normalDay
2022-11-08,9507.0,-2416.0,0.0,100,382.0,407.0,0,0.0,0.0,,0.0,1,3.15,2.31,SPY221118C00394000,394.0,normalDay
2022-11-09,9507.0,-3059.0,0.0,100,374.13,407.0,0,0.0,0.0,,0.0,1,3.15,0.87,SPY221118C00394000,394.0,normalDay
2022-11-10,9507.0,-1565.0,0.0,100,394.69,407.0,0,0.0,0.0,,0.0,1,3.15,6.49,SPY221118C00394000,394.0,normalDay
2022-11-11,9507.0,-1276.0,0.0,100,398.51,407.0,0,0.0,0.0,,0.0,1,3.15,7.42,SPY221118C00394000,394.0,normalDay
2022-11-14,9507.0,-1377.0,0.0,100,395.12,407.0,0,0.0,0.0,,0.0,1,3.15,5.04,SPY221118C00394000,394.0,normalDay
2022-11-15,9507.0,-1217.0,0.0,100,398.49,407.0,0,0.0,0.0,,0.0,1,3.15,6.81,SPY221118C00394000,394.0,normalDay
2022-11-16,9507.0,-1230.0,0.0,100,395.45,407.0,0,0.0,0.0,,0.0,1,3.15,3.9,SPY221118C00394000,394.0,normalDay
2022-11-17,9507.0,-1188.0,0.0,100,394.24,407.0,0,0.0,0.0,,0.0,1,3.15,2.27,SPY221118C00394000,394.0,normalDay
2022-11-18,8522.0,-1188.0,-985.0,0,396.03,0.0,0,0.0,0.0,,0.0,1,3.15,0.0,SPY221118C00394000,394.0,expirationDay
2022-11-21,8522.0,0.0,0.0,0,394.59,0.0,0,0.0,0.0,,0.0,0,0.0,0.0,,0.0,bidTooLow
2022-11-22,8522.0,0.0,0.0,0,399.9,0.0,0,0.0,0.0,,0.0,0,0.0,0.0,,0.0,bidTooLow
2022-11-23,8522.0,0.0,0.0,0,402.42,0.0,0,0.0,0.0,,0.0,0,0.0,0.0,,0.0,bidTooLow
2022-11-25,8522.0,0.0,0.0,0,402.33,0.0,0,0.0,0.0,,0.0,0,0.0,0.0,,0.0,bidTooLow
2022-11-28,8522.0,0.0,0.0,0,395.91,0.0,0,0.0,0.0,,0.0,0,0.0,0.0,,0.0,bidTooLow
2022-11-29,8522.0,0.0,0.0,0,395.23,0.0,0,0.0,0.0,,0.0,0,0.0,0.0,,0.0,bidTooLow
2022-11-30,8522.0,0.0,0.0,0,407.68,0.0,0,0.0,0.0,,0.0,0,0.0,0.0,,0.0,bidTooLow
2022-12-01,8522.0,0.0,0.0,0,407.38,0.0,0,0.0,0.0,,0.0,0,0.0,0.0,,0.0,bidTooLow
2022-12-02,8522.0,0.0,0.0,0,406.91,0.0,0,0.0,0.0,,0.0,0,0.0,0.0,,0.0,bidTooLow
2022-12-05,8522.0,0.0,0.0,0,399.59,0.0,0,0.0,0.0,,0.0,0,0.0,0.0,,0.0,bidTooLow
2022-12-06,8522.0,-3.0,0.0,0,393.83,0.0,1,0.04,0.07,SPY221209P00369000,369.0,0,0.0,0.0,,0.0,normalDay
2022-12-07,8522.0,1.0,0.0,0,393.16,0.0,1,0.04,0.03,SPY221209P00369000,369.0,0,0.0,0.0,,0.0,normalDay
2022-12-08,8522.0,2.0,0.0,0,396.24,0.0,1,0.04,0.02,SPY221209P00369000,369.0,0,0.0,0.0,,0.0,normalDay
2022-12-09,8526.0,0.0,4.0,0,393.28,0.0,1,0.04,0.0,SPY221209P00369000,369.0,0,0.0,0.0,,0.0,expirationDay
2022-12-12,8526.0,-3.0,0.0,0,398.95,0.0,1,1.13,1.16,SPY221215P00382000,382.0,0,0.0,0.0,,0.0,normalDay
2022-12-13,8526.0,94.0,0.0,0,401.97,0.0,1,1.13,0.19,SPY221215P00382000,382.0,0,0.0,0.0,,0.0,normalDay
2022-12-14,8526.0,108.0,0.0,0,399.4,0.0,1,1.13,0.05,SPY221215P00382000,382.0,0,0.0,0.0,,0.0,normalDay
2022-12-15,8639.0,0.0,113.0,0,389.63,0.0,1,1.13,0.0,SPY221215P00382000,382.0,0,0.0,0.0,,0.0,expirationDay
2022-12-16,8639.0,-3.0,0.0,0,383.27,0.0,1,0.29,0.32,SPY221219P00377000,377.0,0,0.0,0.0,,0.0,normalDay
2022-12-19,8668.0,0.0,29.0,0,380.02,0.0,1,0.29,0.0,SPY221219P00377000,377.0,0,0.0,0.0,,0.0,expirationDay
2022-12-20,8668.0,-3.0,0.0,0,380.54,0.0,1,0.21,0.24,SPY221223P00368000,368.0,0,0.0,0.0,,0.0,normalDay
2022-12-21,8668.0,17.0,0.0,0,386.23,0.0,1,0.21,0.04,SPY221223P00368000,368.0,0,0.0,0.0,,0.0,normalDay
2022-12-22,8668.0,13.0,0.0,0,380.72,0.0,1,0.21,0.08,SPY221223P00368000,368.0,0,0.0,0.0,,0.0,normalDay
2022-12-23,8689.0,0.0,21.0,0,382.91,0.0,1,0.21,0.0,SPY221223P00368000,368.0,0,0.0,0.0,,0.0,expirationDay
2022-12-27,8689.0,-3.0,0.0,0,381.4,0.0,1,0.02,0.05,SPY221230P00360000,360.0,0,0.0,0.0,,0.0,normalDay
2022-12-28,8689.0,-4.0,0.0,0,376.66,0.0,1,0.02,0.06,SPY221230P00360000,360.0,0,0.0,0.0,,0.0,normalDay
2022-12-29,8689.0,0.0,0.0,0,383.44,0.0,1,0.02,0.02,SPY221230P00360000,360.0,0,0.0,0.0,,0.0,normalDay
2022-12-30,8691.0,0.0,2.0,0,382.43,0.0,1,0.02,0.0,SPY221230P00360000,360.0,0,0.0,0.0,,0.0,expirationDay
2023-01-03,8691.0,-3.0,0.0,0,380.82,0.0,1,0.04,0.07,SPY230106P00360000,360.0,0,0.0,0.0,,0.0,normalDay
2023-01-04,8691.0,2.0,0.0,0,383.76,0.0,1,0.04,0.02,SPY230106P00360000,360.0,0,0.0,0.0,,0.0,normalDay
2023-01-05,8691.0,2.0,0.0,0,379.38,0.0,1,0.04,0.02,SPY230106P00360000,360.0,0,0.0,0.0,,0.0,normalDay
2023-01-06,8695.0,0.0,4.0,0,388.08,0.0,1,0.04,0.0,SPY230106P00360000,360.0,0,0.0,0.0,,0.0,expirationDay
2023-01-09,8695.0,-3.0,0.0,0,387.86,0.0,1,0.01,0.04,SPY230112P00361000,361.0,0,0.0,0.0,,0.0,normalDay
2023-01-10,8695.0,-1.0,0.0,0,390.58,0.0,1,0.01,0.02,SPY230112P00361000,361.0,0,0.0,0.0,,0.0,normalDay
2023-01-11,8695.0,-1.0,0.0,0,395.52,0.0,1,0.01,0.02,SPY230112P00361000,361.0,0,0.0,0.0,,0.0,normalDay
2023-01-12,8696.0,0.0,1.0,0,396.96,0.0,1,0.01,0.0,SPY230112P00361000,361.0,0,0.0,0.0,,0.0,expirationDay
2023-01-13,8696.0,0.0,0.0,0,398.5,0.0,0,0.0,0.0,,0.0,0,0.0,0.0,,0.0,bidTooLow
2023-01-17,8696.0,0.0,0.0,0,397.77,0.0,0,0.0,0.0,,0.0,0,0.0,0.0,,0.0,bidTooLow
2023-01-18,8696.0,0.0,0.0,0,391.49,0.0,0,0.0,0.0,,0.0,0,0.0,0.0,,0.0,bidTooLow
2023-01-19,8696.0,0.0,0.0,0,388.64,0.0,0,0.0,0.0,,0.0,0,0.0,0.0,,0.0,bidTooLow
2023-01-20,8696.0,0.0,0.0,0,395.88,0.0,0,0.0,0.0,,0.0,0,0.0,0.0,,0.0,bidTooLow
2023-01-23,8696.0,0.0,0.0,0,400.63,0.0,0,0.0,0.0,,0.0,0,0.0,0.0,,0.0,bidTooLow
2023-01-24,8696.0,0.0,0.0,0,400.2,0.0,0,0.0,0.0,,0.0,0,0.0,0.0,,0.0,bidTooLow
2023-01-25,8696.0,0.0,0.0,0,400.35,0.0,0,0.0,0.0,,0.0,0,0.0,0.0,,0.0,bidTooLow
2023-01-26,8696.0,0.0,0.0,0,404.75,0.0,0,0.0,0.0,,0.0,0,0.0,0.0,,0.0,bidTooLow
2023-01-27,8696.0,0.0,0.0,0,405.68,0.0,0,0.0,0.0,,0.0,0,0.0,0.0,,0.0,bidTooLow
2023-01-30,8696.0,0.0,0.0,0,400.59,0.0,0,0.0,0.0,,0.0,0,0.0,0.0,,0.0,bidTooLow
2023-01-31,8696.0,0.0,0.0,0,406.48,0.0,0,0.0,0.0,,0.0,0,0.0,0.0,,0.0,bidTooLow
2023-02-01,8696.0,0.0,0.0,0,410.8,0.0,0,0.0,0.0,,0.0,0,0.0,0.0,,0.0,bidTooLow
2023-02-02,8696.0,0.0,0.0,0,416.78,0.0,0,0.0,0.0,,0.0,0,0.0,0.0,,0.0,bidTooLow
2023-02-03,8696.0,0.0,0.0,0,412.35,0.0,0,0.0,0.0,,0.0,0,0.0,0.0,,0.0,bidTooLow
2023-02-06,8696.0,0.0,0.0,0,409.83,0.0,0,0.0,0.0,,0.0,0,0.0,0.0,,0.0,bidTooLow
2023-02-07,8696.0,0.0,0.0,0,415.19,0.0,0,0.0,0.0,,0.0,0,0.0,0.0,,0.0,bidTooLow
2023-02-08,8696.0,0.0,0.0,0,410.65,0.0,0,0.0,0.0,,0.0,0,0.0,0.0,,0.0,bidTooLow
2023-02-09,8696.0,0.0,0.0,0,407.09,0.0,0,0.0,0.0,,0.0,0,0.0,0.0,,0.0,bidTooLow
2023-02-10,8696.0,0.0,0.0,0,408.04,0.0,0,0.0,0.0,,0.0,0,0.0,0.0,,0.0,bidTooLow
2023-02-13,8696.0,-3.0,0.0,0,412.83,0.0,1,0.02,0.05,SPY230216P00378000,378.0,0,0.0,0.0,,0.0,normalDay
2023-02-14,8696.0,-1.0,0.0,0,412.64,0.0,1,0.02,0.03,SPY230216P00378000,378.0,0,0.0,0.0,,0.0,normalDay
2023-02-15,8696.0,0.0,0.0,0,413.98,0.0,1,0.02,0.02,SPY230216P00378000,378.0,0,0.0,0.0,,0.0,normalDay
2023-02-16,8698.0,0.0,2.0,0,408.28,0.0,1,0.02,0.0,SPY230216P00378000,378.0,0,0.0,0.0,,0.0,expirationDay
2023-02-17,8698.0,0.0,0.0,0,407.26,0.0,0,0.0,0.0,,0.0,0,0.0,0.0,,0.0,bidTooLow
2023-02-21,8698.0,-3.0,0.0,0,399.09,0.0,1,0.62,0.65,SPY230224P00390000,390.0,0,0.0,0.0,,0.0,normalDay
2023-02-22,8698.0,30.0,0.0,0,398.54,0.0,1,0.62,0.32,SPY230224P00390000,390.0,0,0.0,0.0,,0.0,normalDay
2023-02-23,8698.0,55.0,0.0,0,400.66,0.0,1,0.62,0.07,SPY230224P00390000,390.0,0,0.0,0.0,,0.0,normalDay
2023-02-24,8760.0,0.0,62.0,0,396.38,0.0,1,0.62,0.0,SPY230224P00390000,390.0,0,0.0,0.0,,0.0,expirationDay
2023-02-27,8760.0,-3.0,0.0,0,397.73,0.0,1,0.1,0.13,SPY230302P00385000,385.0,0,0.0,0.0,,0.0,normalDay
2023-02-28,8760.0,1.0,0.0,0,396.26,0.0,1,0.1,0.09,SPY230302P00385000,385.0,0,0.0,0.0,,0.0,normalDay
2023-03-01,8760.0,6.0,0.0,0,394.74,0.0,1,0.1,0.04,SPY230302P00385000,385.0,0,0.0,0.0,,0.0,normalDay
2023-03-02,8770.0,0.0,10.0,0,397.81,0.0,1,0.1,0.0,SPY230302P00385000,385.0,0,0.0,0.0,,0.0,expirationDay
2023-03-03,8770.0,0.0,0.0,0,404.19,0.0,0,0.0,0.0,,0.0,0,0.0,0.0,,0.0,bidTooLow
2023-03-06,8770.0,-3.0,0.0,0,404.47,0.0,1,0.01,0.04,SPY230309P00381000,381.0,0,0.0,0.0,,0.0,normalDay
2023-03-07,8770.0,-3.0,0.0,0,398.27,0.0,1,0.01,0.04,SPY230309P00381000,381.0,0,0.0,0.0,,0.0,normalDay
2023-03-08,8770.0,-1.0,0.0,0,398.92,0.0,1,0.01,0.02,SPY230309P00381000,381.0,0,0.0,0.0,,0.0,normalDay
2023-03-09,8771.0,0.0,1.0,0,391.56,0.0,1,0.01,0.0,SPY230309P00381000,381.0,0,0.0,0.0,,0.0,expirationDay
2023-03-10,8771.0,-3.0,0.0,0,385.91,0.0,1,0.19,0.22,SPY230313P00375000,375.0,0,0.0,0.0,,0.0,normalDay
2023-03-13,8790.0,0.0,19.0,0,385.36,0.0,1,0.19,0.0,SPY230313P00375000,375.0,0,0.0,0.0,,0.0,expirationDay
2023-03-14,8790.0,-3.0,0.0,0,391.73,0.0,1,0.27,0.3,SPY230317P00372000,372.0,0,0.0,0.0,,0.0,normalDay
2023-03-15,8790.0,-4.0,0.0,0,389.28,0.0,1,0.27,0.31,SPY230317P00372000,372.0,0,0.0,0.0,,0.0,normalDay
2023-03-16,8790.0,24.0,0.0,0,396.11,0.0,1,0.27,0.03,SPY230317P00372000,372.0,0,0.0,0.0,,0.0,normalDay
2023-03-17,8817.0,0.0,27.0,0,389.99,0.0,1,0.27,0.0,SPY230317P00372000,372.0,0,0.0,0.0,,0.0,expirationDay
2023-03-20,8817.0,-3.0,0.0,0,393.74,0.0,1,0.45,0.48,SPY230323P00377000,377.0,0,0.0,0.0,,0.0,normalDay
2023-03-21,8817.0,38.0,0.0,0,398.91,0.0,1,0.45,0.07,SPY230323P00377000,377.0,0,0.0,0.0,,0.0,normalDay
2023-03-22,8817.0,39.0,0.0,0,392.11,0.0,1,0.45,0.06,SPY230323P00377000,377.0,0,0.0,0.0,,0.0,normalDay
2023-03-23,8862.0,0.0,45.0,0,393.17,0.0,1,0.45,0.0,SPY230323P00377000,377.0,0,0.0,0.0,,0.0,expirationDay
2023-03-24,8862.0,-3.0,0.0,0,395.75,0.0,1,0.01,0.04,SPY230327P00377000,377.0,0,0.0,0.0,,0.0,normalDay
2023-03-27,8863.0,0.0,1.0,0,396.49,0.0,1,0.01,0.0,SPY230327P00377000,377.0,0,0.0,0.0,,0.0,expirationDay
2023-03-28,8863.0,-3.0,0.0,0,395.6,0.0,1,0.05,0.08,SPY230331P00377000,377.0,0,0.0,0.0,,0.0,normalDay
2023-03-29,8863.0,1.0,0.0,0,401.35,0.0,1,0.05,0.04,SPY230331P00377000,377.0,0,0.0,0.0,,0.0,normalDay
2023-03-30,8863.0,2.0,0.0,0,403.7,0.0,1,0.05,0.03,SPY230331P00377000,377.0,0,0.0,0.0,,0.0,normalDay
2023-03-31,8868.0,0.0,5.0,0,409.39,0.0,1,0.05,0.0,SPY230331P00377000,377.0,0,0.0,0.0,,0.0,expirationDay
2023-04-03,8868.0,0.0,0.0,0,410.95,0.0,0,0.0,0.0,,0.0,0,0.0,0.0,,0.0,bidTooLow
2023-04-04,8868.0,0.0,0.0,0,408.67,0.0,0,0.0,0.0,,0.0,0,0.0,0.0,,0.0,bidTooLow
2023-04-05,8868.0,0.0,0.0,0,407.6,0.0,0,0.0,0.0,,0.0,0,0.0,0.0,,0.0,bidTooLow
2023-04-06,8868.0,0.0,0.0,0,409.19,0.0,0,0.0,0.0,,0.0,0,0.0,0.0,,0.0,bidTooLow
2023-04-10,8868.0,0.0,0.0,0,409.61,0.0,0,0.0,0.0,,0.0,0,0.0,0.0,,0.0,bidTooLow
2023-04-11,8868.0,0.0,0.0,0,409.72,0.0,0,0.0,0.0,,0.0,0,0.0,0.0,,0.0,bidTooLow
2023-04-12,8868.0,0.0,0.0,0,408.05,0.0,0,0.0,0.0,,0.0,0,0.0,0.0,,0.0,bidTooLow
2023-04-13,8868.0,0.0,0.0,0,413.47,0.0,0,0.0,0.0,,0.0,0,0.0,0.0,,0.0,bidTooLow
2023-04-14,8868.0,0.0,0.0,0,412.46,0.0,0,0.0,0.0,,0.0,0,0.0,0.0,,0.0,bidTooLow
2023-04-17,8868.0,0.0,0.0,0,413.94,0.0,0,0.0,0.0,,0.0,0,0.0,0.0,,0.0,bidTooLow
2023-04-18,8868.0,-3.0,0.0,0,414.21,0.0,1,0.01,0.04,SPY230421P00379000,379.0,0,0.0,0.0,,0.0,normalDay
2023-04-19,8868.0,-2.0,0.0,0,414.14,0.0,1,0.01,0.03,SPY230421P00379000,379.0,0,0.0,0.0,,0.0,normalDay
2023-04-20,8868.0,0.0,0.0,0,411.88,0.0,1,0.01,0.01,SPY230421P00379000,379.0,0,0.0,0.0,,0.0,normalDay
2023-04-21,8869.0,0.0,1.0,0,412.2,0.0,1,0.01,0.0,SPY230421P00379000,379.0,0,0.0,0.0,,0.0,expirationDay
2023-04-24,8869.0,0.0,0.0,0,412.63,0.0,0,0.0,0.0,,0.0,0,0.0,0.0,,0.0,bidTooLow
2023-04-25,8869.0,-3.0,0.0,0,406.08,0.0,1,0.09,0.12,SPY230428P00392500,392.5,0,0.0,0.0,,0.0,normalDay
2023-04-26,8869.0,0.0,0.0,0,404.36,0.0,1,0.09,0.09,SPY230428P00392500,392.5,0,0.0,0.0,,0.0,normalDay
2023-04-27,8869.0,7.0,0.0,0,412.41,0.0,1,0.09,0.02,SPY230428P00392500,392.5,0,0.0,0.0,,0.0,normalDay
2023-04-28,8878.0,0.0,9.0,0,415.93,0.0,1,0.09,0.0,SPY230428P00392500,392.5,0,0.0,0.0,,0.0,expirationDay
2023-05-01,8878.0,-3.0,0.0,0,415.51,0.0,1,0.05,0.08,SPY230504P00400000,400.0,0,0.0,0.0,,0.0,normalDay
2023-05-02,8878.0,-15.0,0.0,0,410.84,0.0,1,0.05,0.2,SPY230504P00400000,400.0,0,0.0,0.0,,0.0,normalDay
2023-05-03,8878.0,-10.0,0.0,0,408.02,0.0,1,0.05,0.15,SPY230504P00400000,400.0,0,0.0,0.0,,0.0,normalDay
2023-05-04,8883.0,0.0,5.0,0,405.13,0.0,1,0.05,0.0,SPY230504P00400000,400.0,0,0.0,0.0,,0.0,expirationDay
2023-05-05,8883.0,-3.0,0.0,0,412.63,0.0,1,0.02,0.05,SPY230508P00399000,399.0,0,0.0,0.0,,0.0,normalDay
2023-05-08,8885.0,0.0,2.0,0,412.74,0.0,1,0.02,0.0,SPY230508P00399000,399.0,0,0.0,0.0,,0.0,expirationDay
2023-05-09,8885.0,-3.0,0.0,0,410.93,0.0,1,0.22,0.25,SPY230512P00400000,400.0,0,0.0,0.0,,0.0,normalDay
2023-05-10,8885.0,14.0,0.0,0,412.85,0.0,1,0.22,0.08,SPY230512P00400000,400.0,0,0.0,0.0,,0.0,normalDay
2023-05-11,8885.0,18.0,0.0,0,412.13,0.0,1,0.22,0.04,SPY230512P00400000,400.0,0,0.0,0.0,,0.0,normalDay
2023-05-12,8907.0,0.0,22.0,0,411.59,0.0,1,0.22,0.0,SPY230512P00400000,400.0,0,0.0,0.0,,0.0,expirationDay
2023-05-15,8907.0,-3.0,0.0,0,413.01,0.0,1,0.1,0.13,SPY230518P00400000,400.0,0,0.0,0.0,,0.0,normalDay
2023-05-16,8907.0,-6.0,0.0,0,410.25,0.0,1,0.1,0.16,SPY230518P00400000,400.0,0,0.0,0.0,,0.0,normalDay
2023-05-17,8907.0,6.0,0.0,0,415.23,0.0,1,0.1,0.04,SPY230518P00400000,400.0,0,0.0,0.0,,0.0,normalDay
2023-05-18,8917.0,0.0,10.0,0,419.23,0.0,1,0.1,0.0,SPY230518P00400000,400.0,0,0.0,0.0,,0.0,expirationDay
2023-05-19,8917.0,0.0,0.0,0,418.62,0.0,0,0.0,0.0,,0.0,0,0.0,0.0,,0.0,bidTooLow
2023-05-22,8917.0,-3.0,0.0,0,418.79,0.0,1,0.01,0.04,SPY230525P00397000,397.0,0,0.0,0.0,,0.0,normalDay
2023-05-23,8917.0,-4.0,0.0,0,414.09,0.0,1,0.01,0.05,SPY230525P00397000,397.0,0,0.0,0.0,,0.0,normalDay
2023-05-24,8917.0,-4.0,0.0,0,411.09,0.0,1,0.01,0.05,SPY230525P00397000,397.0,0,0.0,0.0,,0.0,normalDay
2023-05-25,8918.0,0.0,1.0,0,414.65,0.0,1,0.01,0.0,SPY230525P00397000,397.0,0,0.0,0.0,,0.0,expirationDay
2023-05-26,8918.0,0.0,0.0,0,420.02,0.0,0,0.0,0.0,,0.0,0,0.0,0.0,,0.0,bidTooLow
2023-05-30,8918.0,-3.0,0.0,0,420.18,0.0,1,0.06,0.09,SPY230602P00399000,399.0,0,0.0,0.0,,0.0,normalDay
2023-05-31,8918.0,-1.0,0.0,0,417.85,0.0,1,0.06,0.07,SPY230602P00399000,399.0,0,0.0,0.0,,0.0,normalDay
2023-06-01,8918.0,3.0,0.0,0,421.82,0.0,1,0.06,0.03,SPY230602P00399000,399.0,0,0.0,0.0,,0.0,normalDay
2023-06-02,8924.0,0.0,6.0,0,427.92,0.0,1,0.06,0.0,SPY230602P00399000,399.0,0,0.0,0.0,,0.0,expirationDay
2023-06-05,8924.0,0.0,0.0,0,427.1,0.0,0,0.0,0.0,,0.0,0,0.0,0.0,,0.0,bidTooLow
2023-06-06,8924.0,0.0,0.0,0,428.03,0.0,0,0.0,0.0,,0.0,0,0.0,0.0,,0.0,bidTooLow
2023-06-07,8924.0,0.0,0.0,0,426.55,0.0,0,0.0,0.0,,0.0,0,0.0,0.0,,0.0,bidTooLow
2023-06-08,8924.0,0.0,0.0,0,429.13,0.0,0,0.0,0.0,,0.0,0,0.0,0.0,,0.0,bidTooLow
2023-06-09,8924.0,0.0,0.0,0,429.9,0.0,0,0.0,0.0,,0.0,0,0.0,0.0,,0.0,bidTooLow
2023-06-12,8924.0,-3.0,0.0,0,433.8,0.0,1,0.03,0.06,SPY230615P00397000,397.0,0,0.0,0.0,,0.0,normalDay
2023-06-13,8924.0,-1.0,0.0,0,436.66,0.0,1,0.03,0.04,SPY230615P00397000,397.0,0,0.0,0.0,,0.0,normalDay
2023-06-14,8924.0,1.0,0.0,0,437.18,0.0,1,0.03,0.02,SPY230615P00397000,397.0,0,0.0,0.0,,0.0,normalDay
2023-06-15,8927.0,0.0,3.0,0,442.6,0.0,1,0.03,0.0,SPY230615P00397000,397.0,0,0.0,0.0,,0.0,expirationDay
2023-06-16,8927.0,0.0,0.0,0,439.46,0.0,0,0.0,0.0,,0.0,0,0.0,0.0,,0.0,bidTooLow
2023-06-20,8927.0,0.0,0.0,0,437.18,0.0,0,0.0,0.0,,0.0,0,0.0,0.0,,0.0,bidTooLow
2023-06-21,8927.0,0.0,0.0,0,434.94,0.0,0,0.0,0.0,,0.0,0,0.0,0.0,,0.0,bidTooLow
2023-06-22,8927.0,0.0,0.0,0,436.51,0.0,0,0.0,0.0,,0.0,0,0.0,0.0,,0.0,bidTooLow
2023-06-23,8927.0,0.0,0.0,0,433.21,0.0,0,0.0,0.0,,0.0,0,0.0,0.0,,0.0,bidTooLow
2023-06-26,8927.0,-3.0,0.0,0,431.44,0.0,1,0.01,0.04,SPY230629P00406000,406.0,0,0.0,0.0,,0.0,normalDay
2023-06-27,8927.0,-2.0,0.0,0,436.17,0.0,1,0.01,0.03,SPY230629P00406000,406.0,0,0.0,0.0,,0.0,normalDay
2023-06-28,8927.0,-1.0,0.0,0,436.39,0.0,1,0.01,0.02,SPY230629P00406000,406.0,0,0.0,0.0,,0.0,normalDay
2023-06-29,8928.0,0.0,1.0,0,438.11,0.0,1,0.01,0.0,SPY230629P00406000,406.0,0,0.0,0.0,,0.0,expirationDay
2023-06-30,8928.0,0.0,0.0,0,443.28,0.0,0,0.0,0.0,,0.0,0,0.0,0.0,,0.0,bidTooLow
2023-07-03,8928.0,-3.0,0.0,0,443.79,0.0,1,0.01,0.04,SPY230706P00417000,417.0,0,0.0,0.0,,0.0,normalDay
2023-07-05,8928.0,-1.0,0.0,0,443.13,0.0,1,0.01,0.02,SPY230706P00417000,417.0,0,0.0,0.0,,0.0,normalDay
2023-07-06,8929.0,0.0,1.0,0,439.66,0.0,1,0.01,0.0,SPY230706P00417000,417.0,0,0.0,0.0,,0.0,expirationDay
2023-07-07,8929.0,0.0,0.0,0,438.55,0.0,0,0.0,0.0,,0.0,0,0.0,0.0,,0.0,bidTooLow
2023-07-10,8929.0,-3.0,0.0,0,439.66,0.0,1,0.02,0.05,SPY230713P00424000,424.0,0,0.0,0.0,,0.0,normalDay
2023-07-11,8929.0,-3.0,0.0,0,442.46,0.0,1,0.02,0.05,SPY230713P00424000,424.0,0,0.0,0.0,,0.0,normalDay
2023-07-12,8929.0,0.0,0.0,0,446.02,0.0,1,0.02,0.02,SPY230713P00424000,424.0,0,0.0,0.0,,0.0,normalDay
2023-07-13,8931.0,0.0,2.0,0,449.56,0.0,1,0.02,0.0,SPY230713P00424000,424.0,0,0.0,0.0,,0.0,expirationDay
2023-07-14,8931.0,0.0,0.0,0,449.28,0.0,0,0.0,0.0,,0.0,0,0.0,0.0,,0.0,bidTooLow
2023-07-17,8931.0,-3.0,0.0,0,450.84,0.0,1,0.01,0.04,SPY230720P00421000,421.0,0,0.0,0.0,,0.0,normalDay
2023-07-18,8931.0,-2.0,0.0,0,454.19,0.0,1,0.01,0.03,SPY230720P00421000,421.0,0,0.0,0.0,,0.0,normalDay
2023-07-19,8931.0,-1.0,0.0,0,455.2,0.0,1,0.01,0.02,SPY230720P00421000,421.0,0,0.0,0.0,,0.0,normalDay
2023-07-20,8932.0,0.0,1.0,0,452.18,0.0,1,0.01,0.0,SPY230720P00421000,421.0,0,0.0,0.0,,0.0,expirationDay
2023-07-21,8932.0,0.0,0.0,0,452.18,0.0,0,0.0,0.0,,0.0,0,0.0,0.0,,0.0,bidTooLow
2023-07-24,8932.0,0.0,0.0,0,454.2,0.0,0,0.0,0.0,,0.0,0,0.0,0.0,,0.0,bidTooLow
2023-07-25,8932.0,0.0,0.0,0,455.44,0.0,0,0.0,0.0,,0.0,0,0.0,0.0,,0.0,bidTooLow
2023-07-26,8932.0,0.0,0.0,0,455.51,0.0,0,0.0,0.0,,0.0,0,0.0,0.0,,0.0,bidTooLow
2023-07-27,8932.0,0.0,0.0,0,452.49,0.0,0,0.0,0.0,,0.0,0,0.0,0.0,,0.0,bidTooLow
2023-07-28,8932.0,0.0,0.0,0,456.92,0.0,0,0.0,0.0,,0.0,0,0.0,0.0,,0.0,bidTooLow
2023-07-31,8932.0,0.0,0.0,0,457.79,0.0,0,0.0,0.0,,0.0,0,0.0,0.0,,0.0,bidTooLow
2023-08-01,8932.0,-3.0,0.0,0,456.48,0.0,1,0.01,0.04,SPY230804P00428000,428.0,0,0.0,0.0,,0.0,normalDay
2023-08-02,8932.0,-5.0,0.0,0,450.13,0.0,1,0.01,0.06,SPY230804P00428000,428.0,0,0.0,0.0,,0.0,normalDay
2023-08-03,8932.0,-1.0,0.0,0,448.84,0.0,1,0.01,0.02,SPY230804P00428000,428.0,0,0.0,0.0,,0.0,normalDay
2023-08-04,8933.0,0.0,1.0,0,446.81,0.0,1,0.01,0.0,SPY230804P00428000,428.0,0,0.0,0.0,,0.0,expirationDay
2023-08-07,8933.0,-3.0,0.0,0,450.71,0.0,1,0.1,0.13,SPY230810P00438000,438.0,0,0.0,0.0,,0.0,normalDay
2023-08-08,8933.0,0.0,0.0,0,448.75,0.0,1,0.1,0.1,SPY230810P00438000,438.0,0,0.0,0.0,,0.0,normalDay
2023-08-09,8933.0,0.0,0.0,0,445.75,0.0,1,0.1,0.1,SPY230810P00438000,438.0,0,0.0,0.0,,0.0,normalDay
2023-08-10,8943.0,0.0,10.0,0,445.91,0.0,1,0.1,0.0,SPY230810P00438000,438.0,0,0.0,0.0,,0.0,expirationDay
2023-08-11,8943.0,-3.0,0.0,0,445.65,0.0,1,0.04,0.07,SPY230814P00438000,438.0,0,0.0,0.0,,0.0,normalDay
2023-08-14,8947.0,0.0,4.0,0,448.11,0.0,1,0.04,0.0,SPY230814P00438000,438.0,0,0.0,0.0,,0.0,expirationDay
2023-08-15,8947.0,-3.0,0.0,0,442.89,0.0,1,0.55,0.58,SPY230818P00436000,436.0,0,0.0,0.0,,0.0,normalDay
2023-08-16,8947.0,-22.0,0.0,0,439.64,0.0,1,0.55,0.77,SPY230818P00436000,436.0,0,0.0,0.0,,0.0,normalDay
2023-08-17,8947.0,-86.0,0.0,0,436.29,0.0,1,0.55,1.41,SPY230818P00436000,436.0,0,0.0,0.0,,0.0,normalDay
2023-08-18,9002.0,0.0,55.0,0,436.5,0.0,1,0.55,0.0,SPY230818P00436000,436.0,0,0.0,0.0,,0.0,expirationDay
2023-08-21,9002.0,-3.0,0.0,0,439.34,0.0,1,0.11,0.14,SPY230824P00425000,425.0,0,0.0,0.0,,0.0,normalDay
2023-08-22,9002.0,5.0,0.0,0,438.15,0.0,1,0.11,0.06,SPY230824P00425000,425.0,0,0.0,0.0,,0.0,normalDay
2023-08-23,9002.0,8.0,0.0,0,443.03,0.0,1,0.11,0.03,SPY230824P00425000,425.0,0,0.0,0.0,,0.0,normalDay
2023-08-24,9013.0,0.0,11.0,0,436.89,0.0,1,0.11,0.0,SPY230824P00425000,425.0,0,0.0,0.0,,0.0,expirationDay
2023-08-25,9013.0,0.0,0.0,0,439.97,0.0,0,0.0,0.0,,0.0,0,0.0,0.0,,0.0,bidTooLow
2023-08-28,9013.0,-3.0,0.0,0,442.76,0.0,1,0.02,0.05,SPY230831P00425000,425.0,0,0.0,0.0,,0.0,normalDay
2023-08-29,9013.0,-2.0,0.0,0,449.16,0.0,1,0.02,0.04,SPY230831P00425000,425.0,0,0.0,0.0,,0.0,normalDay
2023-08-30,9013.0,0.0,0.0,0,451.01,0.0,1,0.02,0.02,SPY230831P00425000,425.0,0,0.0,0.0,,0.0,normalDay
2023-08-31,9015.0,0.0,2.0,0,450.35,0.0,1,0.02,0.0,SPY230831P00425000,425.0,0,0.0,0.0,,0.0,expirationDay
2023-09-01,9015.0,0.0,0.0,0,451.19,0.0,0,0.0,0.0,,0.0,0,0.0,0.0,,0.0,bidTooLow
2023-09-05,9015.0,0.0,0.0,0,449.24,0.0,0,0.0,0.0,,0.0,0,0.0,0.0,,0.0,bidTooLow
2023-09-06,9015.0,0.0,0.0,0,446.22,0.0,0,0.0,0.0,,0.0,0,0.0,0.0,,0.0,bidTooLow
2023-09-07,9015.0,0.0,0.0,0,444.85,0.0,0,0.0,0.0,,0.0,0,0.0,0.0,,0.0,bidTooLow
2023-09-08,9015.0,0.0,0.0,0,445.52,0.0,0,0.0,0.0,,0.0,0,0.0,0.0,,0.0,bidTooLow
2023-09-11,9015.0,-3.0,0.0,0,448.45,0.0,1,0.02,0.05,SPY230914P00426000,426.0,0,0.0,0.0,,0.0,normalDay
2023-09-12,9015.0,-3.0,0.0,0,445.99,0.0,1,0.02,0.05,SPY230914P00426000,426.0,0,0.0,0.0,,0.0,normalDay
2023-09-13,9015.0,0.0,0.0,0,446.51,0.0,1,0.02,0.02,SPY230914P00426000,426.0,0,0.0,0.0,,0.0,normalDay
2023-09-14,9017.0,0.0,2.0,0,450.36,0.0,1,0.02,0.0,SPY230914P00426000,426.0,0,0.0,0.0,,0.0,expirationDay
2023-09-15,9017.0,0.0,0.0,0,443.37,0.0,0,0.0,0.0,,0.0,0,0.0,0.0,,0.0,bidTooLow
2023-09-18,9017.0,-3.0,0.0,0,443.63,0.0,1,0.03,0.06,SPY230921P00430000,430.0,0,0.0,0.0,,0.0,normalDay
2023-09-19,9017.0,-3.0,0.0,0,442.71,0.0,1,0.03,0.06,SPY230921P00430000,430.0,0,0.0,0.0,,0.0,normalDay
2023-09-20,9017.0,-3.0,0.0,0,438.64,0.0,1,0.03,0.06,SPY230921P00430000,430.0,0,0.0,0.0,,0.0,normalDay
2023-09-21,9020.0,0.0,3.0,0,431.39,0.0,1,0.03,0.0,SPY230921P00430000,430.0,0,0.0,0.0,,0.0,expirationDay
2023-09-22,9020.0,-3.0,0.0,0,430.42,0.0,1,0.23,0.26,SPY230925P00424000,424.0,0,0.0,0.0,,0.0,normalDay
2023-09-25,9043.0,0.0,23.0,0,432.23,0.0,1,0.23,0.0,SPY230925P00424000,424.0,0,0.0,0.0,,0.0,expirationDay
2023-09-26,9043.0,-3.0,0.0,0,425.88,0.0,1,0.68,0.71,SPY230929P00417000,417.0,0,0.0,0.0,,0.0,normalDay
2023-09-27,9043.0,28.0,0.0,0,426.05,0.0,1,0.68,0.4,SPY230929P00417000,417.0,0,0.0,0.0,,0.0,normalDay
2023-09-28,9043.0,56.0,0.0,0,428.52,0.0,1,0.68,0.12,SPY230929P00417000,417.0,0,0.0,0.0,,0.0,normalDay
2023-09-29,9111.0,0.0,68.0,0,427.48,0.0,1,0.68,0.0,SPY230929P00417000,417.0,0,0.0,0.0,,0.0,expirationDay
2023-10-02,9111.0,-3.0,0.0,0,427.31,0.0,1,0.03,0.06,SPY231005P00408000,408.0,0,0.0,0.0,,0.0,normalDay
2023-10-03,9111.0,-7.0,0.0,0,421.59,0.0,1,0.03,0.1,SPY231005P00408000,408.0,0,0.0,0.0,,0.0,normalDay
2023-10-04,9111.0,0.0,0.0,0,424.66,0.0,1,0.03,0.03,SPY231005P00408000,408.0,0,0.0,0.0,,0.0,normalDay
2023-10-05,9114.0,0.0,3.0,0,424.5,0.0,1,0.03,0.0,SPY231005P00408000,408.0,0,0.0,0.0,,0.0,expirationDay
2023-10-06,9114.0,0.0,0.0,0,429.54,0.0,0,0.0,0.0,,0.0,0,0.0,0.0,,0.0,bidTooLow
2023-10-09,9114.0,-3.0,0.0,0,432.29,0.0,1,0.04,0.07,SPY231012P00403000,403.0,0,0.0,0.0,,0.0,normalDay
2023-10-10,9114.0,-2.0,0.0,0,434.54,0.0,1,0.04,0.06,SPY231012P00403000,403.0,0,0.0,0.0,,0.0,normalDay
2023-10-11,9114.0,2.0,0.0,0,436.32,0.0,1,0.04,0.02,SPY231012P00403000,403.0,0,0.0,0.0,,0.0,normalDay
2023-10-12,9118.0,0.0,4.0,0,433.66,0.0,1,0.04,0.0,SPY231012P00403000,403.0,0,0.0,0.0,,0.0,expirationDay
2023-10-13,9118.0,-3.0,0.0,0,431.5,0.0,1,0.03,0.06,SPY231016P00410000,410.0,0,0.0,0.0,,0.0,normalDay
2023-10-16,9121.0,0.0,3.0,0,436.04,0.0,1,0.03,0.0,SPY231016P00410000,410.0,0,0.0,0.0,,0.0,expirationDay
2023-10-17,9121.0,-3.0,0.0,0,436.02,0.0,1,0.07,0.1,SPY231020P00414000,414.0,0,0.0,0.0,,0.0,normalDay
2023-10-18,9121.0,-2.0,0.0,0,430.21,0.0,1,0.07,0.09,SPY231020P00414000,414.0,0,0.0,0.0,,0.0,normalDay
2023-10-19,9121.0,-2.0,0.0,0,426.43,0.0,1,0.07,0.09,SPY231020P00414000,414.0,0,0.0,0.0,,0.0,normalDay
2023-10-20,9128.0,0.0,7.0,0,421.19,0.0,1,0.07,0.0,SPY231020P00414000,414.0,0,0.0,0.0,,0.0,expirationDay
2023-10-23,9128.0,-3.0,0.0,0,420.46,0.0,1,0.4,0.43,SPY231026P00411000,411.0,0,0.0,0.0,,0.0,normalDay
2023-10-24,9128.0,31.0,0.0,0,423.63,0.0,1,0.4,0.09,SPY231026P00411000,411.0,0,0.0,0.0,,0.0,normalDay
2023-10-25,9128.0,23.0,0.0,0,417.55,0.0,1,0.4,0.17,SPY231026P00411000,411.0,0,0.0,0.0,,0.0,normalDay
2023-10-26,9168.0,0.0,40.0,0,412.55,0.0,1,0.4,0.0,SPY231026P00411000,411.0,0,0.0,0.0,,0.0,expirationDay
2023-10-27,9168.0,-3.0,0.0,0,410.68,0.0,1,0.05,0.08,SPY231030P00400000,400.0,0,0.0,0.0,,0.0,normalDay
2023-10-30,9173.0,0.0,5.0,0,415.59,0.0,1,0.05,0.0,SPY231030P00400000,400.0,0,0.0,0.0,,0.0,expirationDay
2023-10-31,9173.0,-3.0,0.0,0,418.2,0.0,1,0.05,0.08,SPY231103P00397000,397.0,0,0.0,0.0,,0.0,normalDay
2023-11-01,9173.0,1.0,0.0,0,422.66,0.0,1,0.05,0.04,SPY231103P00397000,397.0,0,0.0,0.0,,0.0,normalDay
2023-11-02,9173.0,3.0,0.0,0,430.76,0.0,1,0.05,0.02,SPY231103P00397000,397.0,0,0.0,0.0,,0.0,normalDay
2023-11-03,9178.0,0.0,5.0,0,434.69,0.0,1,0.05,0.0,SPY231103P00397000,397.0,0,0.0,0.0,,0.0,expirationDay
2023-11-06,9178.0,0.0,0.0,0,435.69,0.0,0,0.0,0.0,,0.0,0,0.0,0.0,,0.0,bidTooLow
2023-11-07,9178.0,0.0,0.0,0,436.93,0.0,0,0.0,0.0,,0.0,0,0.0,0.0,,0.0,bidTooLow
2023-11-08,9178.0,0.0,0.0,0,437.25,0.0,0,0.0,0.0,,0.0,0,0.0,0.0,,0.0,bidTooLow
2023-11-09,9178.0,0.0,0.0,0,433.84,0.0,0,0.0,0.0,,0.0,0,0.0,0.0,,0.0,bidTooLow
2023-11-10,9178.0,0.0,0.0,0,440.61,0.0,0,0.0,0.0,,0.0,0,0.0,0.0,,0.0,bidTooLow
2023-11-13,9178.0,0.0,0.0,0,440.19,0.0,0,0.0,0.0,,0.0,0,0.0,0.0,,0.0,bidTooLow
2023-11-14,9178.0,-3.0,0.0,0,448.73,0.0,1,0.01,0.04,SPY231117P00391000,391.0,0,0.0,0.0,,0.0,normalDay
2023-11-15,9178.0,-1.0,0.0,0,449.68,0.0,1,0.01,0.02,SPY231117P00391000,391.0,0,0.0,0.0,,0.0,normalDay
2023-11-16,9178.0,0.0,0.0,0,450.23,0.0,1,0.01,0.01,SPY231117P00391000,391.0,0,0.0,0.0,,0.0,normalDay
2023-11-17,9179.0,0.0,1.0,0,450.79,0.0,1,0.01,0.0,SPY231117P00391000,391.0,0,0.0,0.0,,0.0,expirationDay
2023-11-20,9179.0,0.0,0.0,0,454.26,0.0,0,0.0,0.0,,0.0,0,0.0,0.0,,0.0,bidTooLow
2023-11-21,9179.0,0.0,0.0,0,453.27,0.0,0,0.0,0.0,,0.0,0,0.0,0.0,,0.0,bidTooLow
2023-11-22,9179.0,0.0,0.0,0,455.02,0.0,0,0.0,0.0,,0.0,0,0.0,0.0,,0.0,bidTooLow
2023-11-24,9179.0,0.0,0.0,0,455.3,0.0,0,0.0,0.0,,0.0,0,0.0,0.0,,0.0,bidTooLow
2023-11-27,9179.0,0.0,0.0,0,454.48,0.0,0,0.0,0.0,,0.0,0,0.0,0.0,,0.0,bidTooLow
2023-11-28,9179.0,0.0,0.0,0,454.93,0.0,0,0.0,0.0,,0.0,0,0.0,0.0,,0.0,bidTooLow
2023-11-29,9179.0,0.0,0.0,0,454.61,0.0,0,0.0,0.0,,0.0,0,0.0,0.0,,0.0,bidTooLow
2023-11-30,9179.0,0.0,0.0,0,456.4,0.0,0,0.0,0.0,,0.0,0,0.0,0.0,,0.0,bidTooLow
