date,totalCapital,unrializedPnL,rializedPnL,stocksOwned,stocksPriceToday,stocksPriceBoughtAt,putOwned,putOwnedSoldAt,putPriceToday,putOwnedContract,putOwnedStrike,callOwned,callOwnedSoldAt,callPriceToday,callOwnedContract,callOwnedStrike,trackType
2018-11-01,0.0,-56.0,0.0,0,273.51,0.0,1,15.94,16.5,SPY190930P00272000,272.0,0,0.0,0.0,,0.0,normalDay
2018-11-02,0.0,-133.0,0.0,0,271.89,0.0,1,15.94,17.27,SPY190930P00272000,272.0,0,0.0,0.0,,0.0,normalDay
2018-11-05,0.0,-25.0,0.0,0,273.39,0.0,1,15.94,16.19,SPY190930P00272000,272.0,0,0.0,0.0,,0.0,normalDay
2018-11-06,0.0,70.0,0.0,0,275.12,0.0,1,15.94,15.24,SPY190930P00272000,272.0,0,0.0,0.0,,0.0,normalDay
2018-11-07,0.0,329.0,0.0,0,281.01,0.0,1,15.94,12.65,SPY190930P00272000,272.0,0,0.0,0.0,,0.0,normalDay
2018-11-08,0.0,332.0,0.0,0,280.5,0.0,1,15.94,12.62,SPY190930P00272000,272.0,0,0.0,0.0,,0.0,normalDay
2018-11-09,0.0,199.0,0.0,0,277.76,0.0,1,15.94,13.95,SPY190930P00272000,272.0,0,0.0,0.0,,0.0,normalDay
2018-11-12,0.0,-21.0,0.0,0,272.57,0.0,1,15.94,16.15,SPY190930P00272000,272.0,0,0.0,0.0,,0.0,normalDay
2018-11-13,0.0,-75.0,0.0,0,272.06,0.0,1,15.94,16.69,SPY190930P00272000,272.0,0,0.0,0.0,,0.0,normalDay
2018-11-14,0.0,-205.0,0.0,0,270.2,0.0,1,15.94,17.99,SPY190930P00272000,272.0,0,0.0,0.0,,0.0,normalDay
2018-11-15,0.0,-71.0,0.0,0,273.02,0.0,1,15.94,16.65,SPY190930P00272000,272.0,0,0.0,0.0,,0.0,normalDay
2018-11-16,0.0,11.0,0.0,0,273.73,0.0,1,15.94,15.83,SPY190930P00272000,272.0,0,0.0,0.0,,0.0,normalDay
2018-11-19,0.0,-212.0,0.0,0,269.1,0.0,1,15.94,18.06,SPY190930P00272000,272.0,0,0.0,0.0,,0.0,normalDay
2018-11-20,0.0,-515.0,0.0,0,264.12,0.0,1,15.94,21.09,SPY190930P00272000,272.0,0,0.0,0.0,,0.0,normalDay
2018-11-21,0.0,-454.0,0.0,0,265.02,0.0,1,15.94,20.48,SPY190930P00272000,272.0,0,0.0,0.0,,0.0,normalDay
2018-11-23,0.0,-541.0,0.0,0,263.25,0.0,1,15.94,21.35,SPY190930P00272000,272.0,0,0.0,0.0,,0.0,normalDay
2018-11-26,0.0,-254.0,0.0,0,267.5,0.0,1,15.94,18.48,SPY190930P00272000,272.0,0,0.0,0.0,,0.0,normalDay
2018-11-27,0.0,-239.0,0.0,0,268.4,0.0,1,15.94,18.33,SPY190930P00272000,272.0,0,0.0,0.0,,0.0,normalDay
2018-11-28,0.0,11.0,0.0,0,274.58,0.0,1,15.94,15.83,SPY190930P00272000,272.0,0,0.0,0.0,,0.0,normalDay
2018-11-29,0.0,-1.0,0.0,0,273.98,0.0,1,15.94,15.95,SPY190930P00272000,272.0,0,0.0,0.0,,0.0,normalDay
2018-11-30,0.0,94.0,0.0,0,275.65,0.0,1,15.94,15.0,SPY190930P00272000,272.0,0,0.0,0.0,,0.0,normalDay
2018-12-03,0.0,261.0,0.0,0,279.3,0.0,1,15.94,13.33,SPY190930P00272000,272.0,0,0.0,0.0,,0.0,normalDay
2018-12-04,0.0,-170.0,0.0,0,270.25,0.0,1,15.94,17.64,SPY190930P00272000,272.0,0,0.0,0.0,,0.0,normalDay
2018-12-06,0.0,-193.0,0.0,0,269.84,0.0,1,15.94,17.87,SPY190930P00272000,272.0,0,0.0,0.0,,0.0,normalDay
2018-12-07,0.0,-555.0,0.0,0,263.57,0.0,1,15.94,21.49,SPY190930P00272000,272.0,0,0.0,0.0,,0.0,normalDay
2018-12-10,0.0,-487.0,0.0,0,264.07,0.0,1,15.94,20.81,SPY190930P00272000,272.0,0,0.0,0.0,,0.0,normalDay
2018-12-11,0.0,-486.0,0.0,0,264.13,0.0,1,15.94,20.8,SPY190930P00272000,272.0,0,0.0,0.0,,0.0,normalDay
2018-12-12,0.0,-454.0,0.0,0,265.46,0.0,1,15.94,20.48,SPY190930P00272000,272.0,0,0.0,0.0,,0.0,normalDay
2018-12-13,0.0,-449.0,0.0,0,265.37,0.0,1,15.94,20.43,SPY190930P00272000,272.0,0,0.0,0.0,,0.0,normalDay
2018-12-14,0.0,-713.0,0.0,0,260.47,0.0,1,15.94,23.07,SPY190930P00272000,272.0,0,0.0,0.0,,0.0,normalDay
2018-12-17,0.0,-1049.0,0.0,0,255.36,0.0,1,15.94,26.43,SPY190930P00272000,272.0,0,0.0,0.0,,0.0,normalDay
2018-12-18,0.0,-1092.0,0.0,0,255.08,0.0,1,15.94,26.86,SPY190930P00272000,272.0,0,0.0,0.0,,0.0,normalDay
2018-12-19,0.0,-1287.0,0.0,0,251.26,0.0,1,15.94,28.81,SPY190930P00272000,272.0,0,0.0,0.0,,0.0,normalDay
2018-12-20,0.0,-1545.0,0.0,0,247.17,0.0,1,15.94,31.39,SPY190930P00272000,272.0,0,0.0,0.0,,0.0,normalDay
2018-12-21,0.0,-1985.0,0.0,0,240.7,0.0,1,15.94,35.79,SPY190930P00272000,272.0,0,0.0,0.0,,0.0,normalDay
2018-12-24,0.0,-2606.0,0.0,0,234.34,0.0,1,15.94,42.0,SPY190930P00272000,272.0,0,0.0,0.0,,0.0,normalDay
2018-12-26,0.0,-1530.0,0.0,0,246.18,0.0,1,15.94,31.24,SPY190930P00272000,272.0,0,0.0,0.0,,0.0,normalDay
2018-12-27,0.0,-1404.0,0.0,0,248.07,0.0,1,15.94,29.98,SPY190930P00272000,272.0,0,0.0,0.0,,0.0,normalDay
2018-12-28,0.0,-1436.0,0.0,0,247.75,0.0,1,15.94,30.3,SPY190930P00272000,272.0,0,0.0,0.0,,0.0,normalDay
2018-12-31,0.0,-1247.0,0.0,0,249.92,0.0,1,15.94,28.41,SPY190930P00272000,272.0,0,0.0,0.0,,0.0,normalDay
2019-01-02,0.0,-1179.0,0.0,0,250.18,0.0,1,15.94,27.73,SPY190930P00272000,272.0,0,0.0,0.0,,0.0,normalDay
2019-01-03,0.0,-1654.0,0.0,0,244.21,0.0,1,15.94,32.48,SPY190930P00272000,272.0,0,0.0,0.0,,0.0,normalDay
2019-01-04,0.0,-1032.0,0.0,0,252.39,0.0,1,15.94,26.26,SPY190930P00272000,272.0,0,0.0,0.0,,0.0,normalDay
2019-01-07,0.0,-898.0,0.0,0,254.38,0.0,1,15.94,24.92,SPY190930P00272000,272.0,0,0.0,0.0,,0.0,normalDay
2019-01-08,0.0,-755.0,0.0,0,256.77,0.0,1,15.94,23.49,SPY190930P00272000,272.0,0,0.0,0.0,,0.0,normalDay
2019-01-09,0.0,-657.0,0.0,0,257.97,0.0,1,15.94,22.51,SPY190930P00272000,272.0,0,0.0,0.0,,0.0,normalDay
2019-01-10,0.0,-587.0,0.0,0,258.88,0.0,1,15.94,21.81,SPY190930P00272000,272.0,0,0.0,0.0,,0.0,normalDay
2019-01-11,0.0,-540.0,0.0,0,258.98,0.0,1,15.94,21.34,SPY190930P00272000,272.0,0,0.0,0.0,,0.0,normalDay
2019-01-14,0.0,-602.0,0.0,0,257.4,0.0,1,15.94,21.96,SPY190930P00272000,272.0,0,0.0,0.0,,0.0,normalDay
2019-01-15,0.0,-393.0,0.0,0,260.35,0.0,1,15.94,19.87,SPY190930P00272000,272.0,0,0.0,0.0,,0.0,normalDay
2019-01-16,0.0,-345.0,0.0,0,260.98,0.0,1,15.94,19.39,SPY190930P00272000,272.0,0,0.0,0.0,,0.0,normalDay
2019-01-17,0.0,-248.0,0.0,0,262.96,0.0,1,15.94,18.42,SPY190930P00272000,272.0,0,0.0,0.0,,0.0,normalDay
2019-01-18,0.0,-66.0,0.0,0,266.46,0.0,1,15.94,16.6,SPY190930P00272000,272.0,0,0.0,0.0,,0.0,normalDay
2019-01-22,0.0,-275.0,0.0,0,262.86,0.0,1,15.94,18.69,SPY190930P00272000,272.0,0,0.0,0.0,,0.0,normalDay
2019-01-23,0.0,-247.0,0.0,0,263.41,0.0,1,15.94,18.41,SPY190930P00272000,272.0,0,0.0,0.0,,0.0,normalDay
2019-01-24,0.0,-234.0,0.0,0,263.55,0.0,1,15.94,18.28,SPY190930P00272000,272.0,0,0.0,0.0,,0.0,normalDay
2019-01-25,0.0,-87.0,0.0,0,265.78,0.0,1,15.94,16.81,SPY190930P00272000,272.0,0,0.0,0.0,,0.0,normalDay
2019-01-28,0.0,-189.0,0.0,0,263.76,0.0,1,15.94,17.83,SPY190930P00272000,272.0,0,0.0,0.0,,0.0,normalDay
2019-01-29,0.0,-215.0,0.0,0,263.41,0.0,1,15.94,18.09,SPY190930P00272000,272.0,0,0.0,0.0,,0.0,normalDay
2019-01-30,0.0,12.0,0.0,0,267.58,0.0,1,15.94,15.82,SPY190930P00272000,272.0,0,0.0,0.0,,0.0,normalDay
2019-01-31,0.0,167.0,0.0,0,269.93,0.0,1,15.94,14.27,SPY190930P00272000,272.0,0,0.0,0.0,,0.0,normalDay
2019-02-01,0.0,174.0,0.0,0,270.06,0.0,1,15.94,14.2,SPY190930P00272000,272.0,0,0.0,0.0,,0.0,normalDay
2019-02-04,0.0,268.0,0.0,0,271.96,0.0,1,15.94,13.26,SPY190930P00272000,272.0,0,0.0,0.0,,0.0,normalDay
2019-02-05,0.0,326.0,0.0,0,273.1,0.0,1,15.94,12.68,SPY190930P00272000,272.0,0,0.0,0.0,,0.0,normalDay
2019-02-06,0.0,325.0,0.0,0,272.74,0.0,1,15.94,12.69,SPY190930P00272000,272.0,0,0.0,0.0,,0.0,normalDay
2019-02-07,0.0,210.0,0.0,0,270.14,0.0,1,15.94,13.84,SPY190930P00272000,272.0,0,0.0,0.0,,0.0,normalDay
2019-02-08,0.0,215.0,0.0,0,270.47,0.0,1,15.94,13.79,SPY190930P00272000,272.0,0,0.0,0.0,,0.0,normalDay
2019-02-11,0.0,235.0,0.0,0,270.62,0.0,1,15.94,13.59,SPY190930P00272000,272.0,0,0.0,0.0,,0.0,normalDay
2019-02-12,0.0,399.0,0.0,0,274.1,0.0,1,15.94,11.95,SPY190930P00272000,272.0,0,0.0,0.0,,0.0,normalDay
2019-02-13,0.0,417.0,0.0,0,274.99,0.0,1,15.94,11.77,SPY190930P00272000,272.0,0,0.0,0.0,,0.0,normalDay
2019-02-14,0.0,372.0,0.0,0,274.38,0.0,1,15.94,12.22,SPY190930P00272000,272.0,0,0.0,0.0,,0.0,normalDay
2019-02-15,0.0,512.0,0.0,0,277.37,0.0,1,15.94,10.82,SPY190930P00272000,272.0,0,0.0,0.0,,0.0,normalDay
2019-02-19,0.0,534.0,0.0,0,277.85,0.0,1,15.94,10.6,SPY190930P00272000,272.0,0,0.0,0.0,,0.0,normalDay
2019-02-20,0.0,595.0,0.0,0,278.41,0.0,1,15.94,9.99,SPY190930P00272000,272.0,0,0.0,0.0,,0.0,normalDay
2019-02-21,0.0,561.0,0.0,0,277.42,0.0,1,15.94,10.33,SPY190930P00272000,272.0,0,0.0,0.0,,0.0,normalDay
2019-02-22,0.0,635.0,0.0,0,279.14,0.0,1,15.94,9.59,SPY190930P00272000,272.0,0,0.0,0.0,,0.0,normalDay
2019-02-25,0.0,649.0,0.0,0,279.52,0.0,1,15.94,9.45,SPY190930P00272000,272.0,0,0.0,0.0,,0.0,normalDay
2019-02-26,0.0,626.0,0.0,0,279.32,0.0,1,15.94,9.68,SPY190930P00272000,272.0,0,0.0,0.0,,0.0,normalDay
2019-02-27,0.0,638.0,0.0,0,279.2,0.0,1,15.94,9.56,SPY190930P00272000,272.0,0,0.0,0.0,,0.0,normalDay
2019-02-28,0.0,617.0,0.0,0,278.68,0.0,1,15.94,9.77,SPY190930P00272000,272.0,0,0.0,0.0,,0.0,normalDay
2019-03-01,0.0,703.0,0.0,0,280.42,0.0,1,15.94,8.91,SPY190930P00272000,272.0,0,0.0,0.0,,0.0,normalDay
2019-03-04,0.0,650.0,0.0,0,279.4,0.0,1,15.94,9.44,SPY190930P00272000,272.0,0,0.0,0.0,,0.0,normalDay
2019-03-05,0.0,639.0,0.0,0,279.02,0.0,1,15.94,9.55,SPY190930P00272000,272.0,0,0.0,0.0,,0.0,normalDay
2019-03-06,0.0,560.0,0.0,0,277.33,0.0,1,15.94,10.34,SPY190930P00272000,272.0,0,0.0,0.0,,0.0,normalDay
2019-03-07,0.0,466.0,0.0,0,275.01,0.0,1,15.94,11.28,SPY190930P00272000,272.0,0,0.0,0.0,,0.0,normalDay
2019-03-08,0.0,442.0,0.0,0,274.46,0.0,1,15.94,11.52,SPY190930P00272000,272.0,0,0.0,0.0,,0.0,normalDay
2019-03-11,0.0,624.0,0.0,0,278.44,0.0,1,15.94,9.7,SPY190930P00272000,272.0,0,0.0,0.0,,0.0,normalDay
2019-03-12,0.0,672.0,0.0,0,279.49,0.0,1,15.94,9.22,SPY190930P00272000,272.0,0,0.0,0.0,,0.0,normalDay
2019-03-13,0.0,755.0,0.0,0,281.34,0.0,1,15.94,8.39,SPY190930P00272000,272.0,0,0.0,0.0,,0.0,normalDay
2019-03-14,0.0,747.0,0.0,0,281.16,0.0,1,15.94,8.47,SPY190930P00272000,272.0,0,0.0,0.0,,0.0,normalDay
2019-03-15,0.0,799.0,0.0,0,281.31,0.0,1,15.94,7.95,SPY190930P00272000,272.0,0,0.0,0.0,,0.0,normalDay
2019-03-18,0.0,833.0,0.0,0,282.33,0.0,1,15.94,7.61,SPY190930P00272000,272.0,0,0.0,0.0,,0.0,normalDay
2019-03-19,0.0,812.0,0.0,0,282.4,0.0,1,15.94,7.82,SPY190930P00272000,272.0,0,0.0,0.0,,0.0,normalDay
2019-03-20,0.0,784.0,0.0,0,281.55,0.0,1,15.94,8.1,SPY190930P00272000,272.0,0,0.0,0.0,,0.0,normalDay
2019-03-21,0.0,877.0,0.0,0,284.73,0.0,1,15.94,7.17,SPY190930P00272000,272.0,0,0.0,0.0,,0.0,normalDay
2019-03-22,0.0,683.0,0.0,0,279.25,0.0,1,15.94,9.11,SPY190930P00272000,272.0,0,0.0,0.0,,0.0,normalDay
2019-03-25,0.0,659.0,0.0,0,279.04,0.0,1,15.94,9.35,SPY190930P00272000,272.0,0,0.0,0.0,,0.0,normalDay
2019-03-26,0.0,745.0,0.0,0,281.12,0.0,1,15.94,8.49,SPY190930P00272000,272.0,0,0.0,0.0,,0.0,normalDay
2019-03-27,0.0,698.0,0.0,0,279.65,0.0,1,15.94,8.96,SPY190930P00272000,272.0,0,0.0,0.0,,0.0,normalDay
2019-03-28,0.0,749.0,0.0,0,280.71,0.0,1,15.94,8.45,SPY190930P00272000,272.0,0,0.0,0.0,,0.0,normalDay
2019-03-29,0.0,819.0,0.0,0,282.48,0.0,1,15.94,7.75,SPY190930P00272000,272.0,0,0.0,0.0,,0.0,normalDay
2019-04-01,0.0,917.0,0.0,0,285.83,0.0,1,15.94,6.77,SPY190930P00272000,272.0,0,0.0,0.0,,0.0,normalDay
2019-04-02,0.0,924.0,0.0,0,285.97,0.0,1,15.94,6.7,SPY190930P00272000,272.0,0,0.0,0.0,,0.0,normalDay
2019-04-03,0.0,945.0,0.0,0,286.42,0.0,1,15.94,6.49,SPY190930P00272000,272.0,0,0.0,0.0,,0.0,normalDay
2019-04-04,0.0,963.0,0.0,0,287.18,0.0,1,15.94,6.31,SPY190930P00272000,272.0,0,0.0,0.0,,0.0,normalDay
2019-04-05,0.0,1012.0,0.0,0,288.57,0.0,1,15.94,5.82,SPY190930P00272000,272.0,0,0.0,0.0,,0.0,normalDay
2019-04-08,0.0,1019.0,0.0,0,288.79,0.0,1,15.94,5.75,SPY190930P00272000,272.0,0,0.0,0.0,,0.0,normalDay
2019-04-09,0.0,958.0,0.0,0,287.31,0.0,1,15.94,6.36,SPY190930P00272000,272.0,0,0.0,0.0,,0.0,normalDay
2019-04-10,0.0,1010.0,0.0,0,288.29,0.0,1,15.94,5.84,SPY190930P00272000,272.0,0,0.0,0.0,,0.0,normalDay
2019-04-11,0.0,1008.0,0.0,0,288.21,0.0,1,15.94,5.86,SPY190930P00272000,272.0,0,0.0,0.0,,0.0,normalDay
2019-04-12,0.0,1076.0,0.0,0,290.16,0.0,1,15.94,5.18,SPY190930P00272000,272.0,0,0.0,0.0,,0.0,normalDay
2019-04-15,0.0,1078.0,0.0,0,289.97,0.0,1,15.94,5.16,SPY190930P00272000,272.0,0,0.0,0.0,,0.0,normalDay
2019-04-16,0.0,1084.0,0.0,0,290.16,0.0,1,15.94,5.1,SPY190930P00272000,272.0,0,0.0,0.0,,0.0,normalDay
2019-04-17,0.0,1064.0,0.0,0,289.45,0.0,1,15.94,5.3,SPY190930P00272000,272.0,0,0.0,0.0,,0.0,normalDay
2019-04-18,0.0,1082.0,0.0,0,290.02,0.0,1,15.94,5.12,SPY190930P00272000,272.0,0,0.0,0.0,,0.0,normalDay
2019-04-22,0.0,1097.0,0.0,0,290.27,0.0,1,15.94,4.97,SPY190930P00272000,272.0,0,0.0,0.0,,0.0,normalDay
2019-04-23,0.0,1150.0,0.0,0,292.88,0.0,1,15.94,4.44,SPY190930P00272000,272.0,0,0.0,0.0,,0.0,normalDay
2019-04-24,0.0,1129.0,0.0,0,292.23,0.0,1,15.94,4.65,SPY190930P00272000,272.0,0,0.0,0.0,,0.0,normalDay
2019-04-25,0.0,1118.0,0.0,0,292.05,0.0,1,15.94,4.76,SPY190930P00272000,272.0,0,0.0,0.0,,0.0,normalDay
2019-04-26,0.0,1152.0,0.0,0,293.41,0.0,1,15.94,4.42,SPY190930P00272000,272.0,0,0.0,0.0,,0.0,normalDay
2019-04-29,0.0,1157.0,0.0,0,293.87,0.0,1,15.94,4.37,SPY190930P00272000,272.0,0,0.0,0.0,,0.0,normalDay
2019-04-30,0.0,1164.0,0.0,0,294.02,0.0,1,15.94,4.3,SPY190930P00272000,272.0,0,0.0,0.0,,0.0,normalDay
2019-05-01,0.0,1098.0,0.0,0,291.81,0.0,1,15.94,4.96,SPY190930P00272000,272.0,0,0.0,0.0,,0.0,normalDay
2019-05-02,0.0,1089.0,0.0,0,291.18,0.0,1,15.94,5.05,SPY190930P00272000,272.0,0,0.0,0.0,,0.0,normalDay
2019-05-03,0.0,1167.0,0.0,0,294.03,0.0,1,15.94,4.27,SPY190930P00272000,272.0,0,0.0,0.0,,0.0,normalDay
2019-05-06,0.0,1118.0,0.0,0,292.82,0.0,1,15.94,4.76,SPY190930P00272000,272.0,0,0.0,0.0,,0.0,normalDay
2019-05-07,0.0,932.0,0.0,0,287.93,0.0,1,15.94,6.62,SPY190930P00272000,272.0,0,0.0,0.0,,0.0,normalDay
2019-05-08,0.0,946.0,0.0,0,287.53,0.0,1,15.94,6.48,SPY190930P00272000,272.0,0,0.0,0.0,,0.0,normalDay
2019-05-09,0.0,940.0,0.0,0,286.66,0.0,1,15.94,6.54,SPY190930P00272000,272.0,0,0.0,0.0,,0.0,normalDay
2019-05-10,0.0,1017.0,0.0,0,288.1,0.0,1,15.94,5.77,SPY190930P00272000,272.0,0,0.0,0.0,,0.0,normalDay
2019-05-13,0.0,747.0,0.0,0,280.86,0.0,1,15.94,8.47,SPY190930P00272000,272.0,0,0.0,0.0,,0.0,normalDay
2019-05-14,0.0,875.0,0.0,0,283.4,0.0,1,15.94,7.19,SPY190930P00272000,272.0,0,0.0,0.0,,0.0,normalDay
2019-05-15,0.0,957.0,0.0,0,285.06,0.0,1,15.94,6.37,SPY190930P00272000,272.0,0,0.0,0.0,,0.0,normalDay
2019-05-16,0.0,1048.0,0.0,0,287.7,0.0,1,15.94,5.46,SPY190930P00272000,272.0,0,0.0,0.0,,0.0,normalDay
2019-05-17,0.0,995.0,0.0,0,285.84,0.0,1,15.94,5.99,SPY190930P00272000,272.0,0,0.0,0.0,,0.0,normalDay
2019-05-20,0.0,955.0,0.0,0,283.95,0.0,1,15.94,6.39,SPY190930P00272000,272.0,0,0.0,0.0,,0.0,normalDay
2019-05-21,0.0,1047.0,0.0,0,286.51,0.0,1,15.94,5.47,SPY190930P00272000,272.0,0,0.0,0.0,,0.0,normalDay
2019-05-22,0.0,1032.0,0.0,0,285.63,0.0,1,15.94,5.62,SPY190930P00272000,272.0,0,0.0,0.0,,0.0,normalDay
2019-05-23,0.0,889.0,0.0,0,282.14,0.0,1,15.94,7.05,SPY190930P00272000,272.0,0,0.0,0.0,,0.0,normalDay
2019-05-24,0.0,933.0,0.0,0,282.78,0.0,1,15.94,6.61,SPY190930P00272000,272.0,0,0.0,0.0,,0.0,normalDay
2019-05-28,0.0,851.0,0.0,0,280.15,0.0,1,15.94,7.43,SPY190930P00272000,272.0,0,0.0,0.0,,0.0,normalDay
2019-05-29,0.0,772.0,0.0,0,278.27,0.0,1,15.94,8.22,SPY190930P00272000,272.0,0,0.0,0.0,,0.0,normalDay
2019-05-30,0.0,806.0,0.0,0,279.03,0.0,1,15.94,7.88,SPY190930P00272000,272.0,0,0.0,0.0,,0.0,normalDay
2019-05-31,0.0,641.0,0.0,0,275.27,0.0,1,15.94,9.53,SPY190930P00272000,272.0,0,0.0,0.0,,0.0,normalDay
2019-06-03,0.0,640.0,0.0,0,274.57,0.0,1,15.94,9.54,SPY190930P00272000,272.0,0,0.0,0.0,,0.0,normalDay
2019-06-04,0.0,882.0,0.0,0,280.53,0.0,1,15.94,7.12,SPY190930P00272000,272.0,0,0.0,0.0,,0.0,normalDay
2019-06-05,0.0,970.0,0.0,0,282.96,0.0,1,15.94,6.24,SPY190930P00272000,272.0,0,0.0,0.0,,0.0,normalDay
2019-06-06,0.0,1026.0,0.0,0,284.8,0.0,1,15.94,5.68,SPY190930P00272000,272.0,0,0.0,0.0,,0.0,normalDay
2019-06-07,0.0,1080.0,0.0,0,287.65,0.0,1,15.94,5.14,SPY190930P00272000,272.0,0,0.0,0.0,,0.0,normalDay
2019-06-10,0.0,1127.0,0.0,0,288.97,0.0,1,15.94,4.67,SPY190930P00272000,272.0,0,0.0,0.0,,0.0,normalDay
2019-06-11,0.0,1116.0,0.0,0,288.9,0.0,1,15.94,4.78,SPY190930P00272000,272.0,0,0.0,0.0,,0.0,normalDay
2019-06-12,0.0,1114.0,0.0,0,288.39,0.0,1,15.94,4.8,SPY190930P00272000,272.0,0,0.0,0.0,,0.0,normalDay
2019-06-13,0.0,1146.0,0.0,0,289.58,0.0,1,15.94,4.48,SPY190930P00272000,272.0,0,0.0,0.0,,0.0,normalDay
2019-06-14,0.0,1155.0,0.0,0,289.26,0.0,1,15.94,4.39,SPY190930P00272000,272.0,0,0.0,0.0,,0.0,normalDay
2019-06-17,0.0,1164.0,0.0,0,289.37,0.0,1,15.94,4.3,SPY190930P00272000,272.0,0,0.0,0.0,,0.0,normalDay
2019-06-18,0.0,1219.0,0.0,0,292.4,0.0,1,15.94,3.75,SPY190930P00272000,272.0,0,0.0,0.0,,0.0,normalDay
2019-06-19,0.0,1252.0,0.0,0,293.06,0.0,1,15.94,3.42,SPY190930P00272000,272.0,0,0.0,0.0,,0.0,normalDay
2019-06-20,0.0,1289.0,0.0,0,295.86,0.0,1,15.94,3.05,SPY190930P00272000,272.0,0,0.0,0.0,,0.0,normalDay
2019-06-21,0.0,1273.0,0.0,0,294.0,0.0,1,15.94,3.21,SPY190930P00272000,272.0,0,0.0,0.0,,0.0,normalDay
2019-06-24,0.0,1280.0,0.0,0,293.64,0.0,1,15.94,3.14,SPY190930P00272000,272.0,0,0.0,0.0,,0.0,normalDay
2019-06-25,0.0,1221.0,0.0,0,290.76,0.0,1,15.94,3.73,SPY190930P00272000,272.0,0,0.0,0.0,,0.0,normalDay
2019-06-26,0.0,1217.0,0.0,0,290.47,0.0,1,15.94,3.77,SPY190930P00272000,272.0,0,0.0,0.0,,0.0,normalDay
2019-06-27,0.0,1253.0,0.0,0,291.5,0.0,1,15.94,3.41,SPY190930P00272000,272.0,0,0.0,0.0,,0.0,normalDay
2019-06-28,0.0,1300.0,0.0,0,293.0,0.0,1,15.94,2.94,SPY190930P00272000,272.0,0,0.0,0.0,,0.0,normalDay
2019-07-01,0.0,1358.0,0.0,0,295.66,0.0,1,15.94,2.36,SPY190930P00272000,272.0,0,0.0,0.0,,0.0,normalDay
2019-07-02,0.0,1388.0,0.0,0,296.43,0.0,1,15.94,2.06,SPY190930P00272000,272.0,0,0.0,0.0,,0.0,normalDay
2019-07-03,0.0,1419.0,0.0,0,298.8,0.0,1,15.94,1.75,SPY190930P00272000,272.0,0,0.0,0.0,,0.0,normalDay
2019-07-05,0.0,1409.0,0.0,0,298.46,0.0,1,15.94,1.85,SPY190930P00272000,272.0,0,0.0,0.0,,0.0,normalDay
2019-07-08,0.0,1394.0,0.0,0,296.82,0.0,1,15.94,2.0,SPY190930P00272000,272.0,0,0.0,0.0,,0.0,normalDay
2019-07-09,0.0,1392.0,0.0,0,297.19,0.0,1,15.94,2.02,SPY190930P00272000,272.0,0,0.0,0.0,,0.0,normalDay
2019-07-10,0.0,1421.0,0.0,0,298.61,0.0,1,15.94,1.73,SPY190930P00272000,272.0,0,0.0,0.0,,0.0,normalDay
2019-07-11,0.0,1431.0,0.0,0,299.31,0.0,1,15.94,1.63,SPY190930P00272000,272.0,0,0.0,0.0,,0.0,normalDay
2019-07-12,0.0,1449.0,0.0,0,300.65,0.0,1,15.94,1.45,SPY190930P00272000,272.0,0,0.0,0.0,,0.0,normalDay
2019-07-15,0.0,1450.0,0.0,0,300.75,0.0,1,15.94,1.44,SPY190930P00272000,272.0,0,0.0,0.0,,0.0,normalDay
2019-07-16,0.0,1443.0,0.0,0,299.78,0.0,1,15.94,1.51,SPY190930P00272000,272.0,0,0.0,0.0,,0.0,normalDay
2019-07-17,0.0,1416.0,0.0,0,297.74,0.0,1,15.94,1.78,SPY190930P00272000,272.0,0,0.0,0.0,,0.0,normalDay
2019-07-18,0.0,1435.0,0.0,0,298.83,0.0,1,15.94,1.59,SPY190930P00272000,272.0,0,0.0,0.0,,0.0,normalDay
2019-07-19,0.0,1417.0,0.0,0,297.17,0.0,1,15.94,1.77,SPY190930P00272000,272.0,0,0.0,0.0,,0.0,normalDay
2019-07-22,0.0,1442.0,0.0,0,297.9,0.0,1,15.94,1.52,SPY190930P00272000,272.0,0,0.0,0.0,,0.0,normalDay
2019-07-23,0.0,1471.0,0.0,0,300.03,0.0,1,15.94,1.23,SPY190930P00272000,272.0,0,0.0,0.0,,0.0,normalDay
2019-07-24,0.0,1489.0,0.0,0,301.44,0.0,1,15.94,1.05,SPY190930P00272000,272.0,0,0.0,0.0,,0.0,normalDay
2019-07-25,0.0,1473.0,0.0,0,300.0,0.0,1,15.94,1.21,SPY190930P00272000,272.0,0,0.0,0.0,,0.0,normalDay
2019-07-26,0.0,1494.0,0.0,0,302.01,0.0,1,15.94,1.0,SPY190930P00272000,272.0,0,0.0,0.0,,0.0,normalDay
2019-07-29,0.0,1492.0,0.0,0,301.46,0.0,1,15.94,1.02,SPY190930P00272000,272.0,0,0.0,0.0,,0.0,normalDay
2019-07-30,0.0,1475.0,0.0,0,300.72,0.0,1,15.94,1.19,SPY190930P00272000,272.0,0,0.0,0.0,,0.0,normalDay
2019-07-31,0.0,1428.0,0.0,0,297.43,0.0,1,15.94,1.66,SPY190930P00272000,272.0,0,0.0,0.0,,0.0,normalDay
2019-08-01,0.0,1373.0,0.0,0,294.84,0.0,1,15.94,2.21,SPY190930P00272000,272.0,0,0.0,0.0,,0.0,normalDay
2019-08-02,0.0,1342.0,0.0,0,292.62,0.0,1,15.94,2.52,SPY190930P00272000,272.0,0,0.0,0.0,,0.0,normalDay
2019-08-05,0.0,1036.0,0.0,0,283.82,0.0,1,15.94,5.58,SPY190930P00272000,272.0,0,0.0,0.0,,0.0,normalDay
2019-08-06,0.0,1227.0,0.0,0,287.8,0.0,1,15.94,3.67,SPY190930P00272000,272.0,0,0.0,0.0,,0.0,normalDay
2019-08-07,0.0,1237.0,0.0,0,287.97,0.0,1,15.94,3.57,SPY190930P00272000,272.0,0,0.0,0.0,,0.0,normalDay
2019-08-08,0.0,1378.0,0.0,0,293.62,0.0,1,15.94,2.16,SPY190930P00272000,272.0,0,0.0,0.0,,0.0,normalDay
2019-08-09,0.0,1340.0,0.0,0,291.62,0.0,1,15.94,2.54,SPY190930P00272000,272.0,0,0.0,0.0,,0.0,normalDay
2019-08-12,0.0,1227.0,0.0,0,288.07,0.0,1,15.94,3.67,SPY190930P00272000,272.0,0,0.0,0.0,,0.0,normalDay
2019-08-13,0.0,1368.0,0.0,0,292.55,0.0,1,15.94,2.26,SPY190930P00272000,272.0,0,0.0,0.0,,0.0,normalDay
2019-08-14,0.0,1134.0,0.0,0,283.9,0.0,1,15.94,4.6,SPY190930P00272000,272.0,0,0.0,0.0,,0.0,normalDay
2019-08-15,0.0,1178.0,0.0,0,284.65,0.0,1,15.94,4.16,SPY190930P00272000,272.0,0,0.0,0.0,,0.0,normalDay
2019-08-16,0.0,1321.0,0.0,0,288.85,0.0,1,15.94,2.73,SPY190930P00272000,272.0,0,0.0,0.0,,0.0,normalDay
2019-08-19,0.0,1422.0,0.0,0,292.33,0.0,1,15.94,1.72,SPY190930P00272000,272.0,0,0.0,0.0,,0.0,normalDay
2019-08-20,0.0,1383.0,0.0,0,290.09,0.0,1,15.94,2.11,SPY190930P00272000,272.0,0,0.0,0.0,,0.0,normalDay
2019-08-21,0.0,1457.0,0.0,0,292.45,0.0,1,15.94,1.37,SPY190930P00272000,272.0,0,0.0,0.0,,0.0,normalDay
2019-08-22,0.0,1440.0,0.0,0,292.36,0.0,1,15.94,1.54,SPY190930P00272000,272.0,0,0.0,0.0,,0.0,normalDay
2019-08-23,0.0,1292.0,0.0,0,284.85,0.0,1,15.94,3.02,SPY190930P00272000,272.0,0,0.0,0.0,,0.0,normalDay
2019-08-26,0.0,1365.0,0.0,0,288.0,0.0,1,15.94,2.29,SPY190930P00272000,272.0,0,0.0,0.0,,0.0,normalDay
2019-08-27,0.0,1328.0,0.0,0,286.87,0.0,1,15.94,2.66,SPY190930P00272000,272.0,0,0.0,0.0,,0.0,normalDay
2019-08-28,0.0,1388.0,0.0,0,288.89,0.0,1,15.94,2.06,SPY190930P00272000,272.0,0,0.0,0.0,,0.0,normalDay
2019-08-29,0.0,1452.0,0.0,0,292.58,0.0,1,15.94,1.42,SPY190930P00272000,272.0,0,0.0,0.0,,0.0,normalDay
2019-08-30,0.0,1443.0,0.0,0,292.45,0.0,1,15.94,1.51,SPY190930P00272000,272.0,0,0.0,0.0,,0.0,normalDay
2019-09-03,0.0,1437.0,0.0,0,290.74,0.0,1,15.94,1.57,SPY190930P00272000,272.0,0,0.0,0.0,,0.0,normalDay
2019-09-04,0.0,1509.0,0.0,0,294.04,0.0,1,15.94,0.85,SPY190930P00272000,272.0,0,0.0,0.0,,0.0,normalDay
2019-09-05,0.0,1538.0,0.0,0,297.82,0.0,1,15.94,0.56,SPY190930P00272000,272.0,0,0.0,0.0,,0.0,normalDay
2019-09-06,0.0,1556.0,0.0,0,298.05,0.0,1,15.94,0.38,SPY190930P00272000,272.0,0,0.0,0.0,,0.0,normalDay
2019-09-09,0.0,1561.0,0.0,0,298.2,0.0,1,15.94,0.33,SPY190930P00272000,272.0,0,0.0,0.0,,0.0,normalDay
2019-09-10,0.0,1564.0,0.0,0,298.13,0.0,1,15.94,0.3,SPY190930P00272000,272.0,0,0.0,0.0,,0.0,normalDay
2019-09-11,0.0,1573.0,0.0,0,300.25,0.0,1,15.94,0.21,SPY190930P00272000,272.0,0,0.0,0.0,,0.0,normalDay
2019-09-12,0.0,1577.0,0.0,0,301.29,0.0,1,15.94,0.17,SPY190930P00272000,272.0,0,0.0,0.0,,0.0,normalDay
2019-09-13,0.0,1579.0,0.0,0,301.09,0.0,1,15.94,0.15,SPY190930P00272000,272.0,0,0.0,0.0,,0.0,normalDay
2019-09-16,0.0,1580.0,0.0,0,300.16,0.0,1,15.94,0.14,SPY190930P00272000,272.0,0,0.0,0.0,,0.0,normalDay
2019-09-17,0.0,1581.0,0.0,0,300.92,0.0,1,15.94,0.13,SPY190930P00272000,272.0,0,0.0,0.0,,0.0,normalDay
2019-09-18,0.0,1583.0,0.0,0,301.1,0.0,1,15.94,0.11,SPY190930P00272000,272.0,0,0.0,0.0,,0.0,normalDay
2019-09-19,0.0,1585.0,0.0,0,301.08,0.0,1,15.94,0.09,SPY190930P00272000,272.0,0,0.0,0.0,,0.0,normalDay
2019-09-20,0.0,1586.0,0.0,0,298.28,0.0,1,15.94,0.08,SPY190930P00272000,272.0,0,0.0,0.0,,0.0,normalDay
2019-09-23,0.0,1590.0,0.0,0,298.21,0.0,1,15.94,0.04,SPY190930P00272000,272.0,0,0.0,0.0,,0.0,normalDay
2019-09-24,0.0,1586.0,0.0,0,295.87,0.0,1,15.94,0.08,SPY190930P00272000,272.0,0,0.0,0.0,,0.0,normalDay
2019-09-25,0.0,1591.0,0.0,0,297.62,0.0,1,15.94,0.03,SPY190930P00272000,272.0,0,0.0,0.0,,0.0,normalDay
2019-09-26,0.0,1592.0,0.0,0,297.0,0.0,1,15.94,0.02,SPY190930P00272000,272.0,0,0.0,0.0,,0.0,normalDay
2019-09-27,0.0,1592.0,0.0,0,295.4,0.0,1,15.94,0.02,SPY190930P00272000,272.0,0,0.0,0.0,,0.0,normalDay
2019-09-30,1594.0,0.0,1594.0,0,296.77,0.0,1,15.94,0.0,SPY190930P00272000,272.0,0,0.0,0.0,,0.0,expirationDay
2019-10-01,1594.0,-25.0,0.0,0,293.24,0.0,1,21.54,21.79,SPY200930P00297000,297.0,0,0.0,0.0,,0.0,normalDay
2019-10-02,1594.0,-348.0,0.0,0,288.06,0.0,1,21.54,25.02,SPY200930P00297000,297.0,0,0.0,0.0,,0.0,normalDay
2019-10-03,1594.0,-204.0,0.0,0,290.42,0.0,1,21.54,23.58,SPY200930P00297000,297.0,0,0.0,0.0,,0.0,normalDay
2019-10-04,1594.0,33.0,0.0,0,294.35,0.0,1,21.54,21.21,SPY200930P00297000,297.0,0,0.0,0.0,,0.0,normalDay
2019-10-07,1594.0,-22.0,0.0,0,293.08,0.0,1,21.54,21.76,SPY200930P00297000,297.0,0,0.0,0.0,,0.0,normalDay
2019-10-08,1594.0,-286.0,0.0,0,288.53,0.0,1,21.54,24.4,SPY200930P00297000,297.0,0,0.0,0.0,,0.0,normalDay
2019-10-09,1594.0,-130.0,0.0,0,291.27,0.0,1,21.54,22.84,SPY200930P00297000,297.0,0,0.0,0.0,,0.0,normalDay
2019-10-10,1594.0,8.0,0.0,0,293.24,0.0,1,21.54,21.46,SPY200930P00297000,297.0,0,0.0,0.0,,0.0,normalDay
2019-10-11,1594.0,184.0,0.0,0,296.28,0.0,1,21.54,19.7,SPY200930P00297000,297.0,0,0.0,0.0,,0.0,normalDay
2019-10-14,1594.0,200.0,0.0,0,295.95,0.0,1,21.54,19.54,SPY200930P00297000,297.0,0,0.0,0.0,,0.0,normalDay
2019-10-15,1594.0,353.0,0.0,0,298.88,0.0,1,21.54,18.01,SPY200930P00297000,297.0,0,0.0,0.0,,0.0,normalDay
2019-10-16,1594.0,334.0,0.0,0,298.4,0.0,1,21.54,18.2,SPY200930P00297000,297.0,0,0.0,0.0,,0.0,normalDay
2019-10-17,1594.0,362.0,0.0,0,299.28,0.0,1,21.54,17.92,SPY200930P00297000,297.0,0,0.0,0.0,,0.0,normalDay
2019-10-18,1594.0,297.0,0.0,0,297.97,0.0,1,21.54,18.57,SPY200930P00297000,297.0,0,0.0,0.0,,0.0,normalDay
2019-10-21,1594.0,401.0,0.0,0,299.99,0.0,1,21.54,17.53,SPY200930P00297000,297.0,0,0.0,0.0,,0.0,normalDay
2019-10-22,1594.0,349.0,0.0,0,299.01,0.0,1,21.54,18.05,SPY200930P00297000,297.0,0,0.0,0.0,,0.0,normalDay
2019-10-23,1594.0,392.0,0.0,0,299.88,0.0,1,21.54,17.62,SPY200930P00297000,297.0,0,0.0,0.0,,0.0,normalDay
2019-10-24,1594.0,410.0,0.0,0,300.37,0.0,1,21.54,17.44,SPY200930P00297000,297.0,0,0.0,0.0,,0.0,normalDay
2019-10-25,1594.0,481.0,0.0,0,301.6,0.0,1,21.54,16.73,SPY200930P00297000,297.0,0,0.0,0.0,,0.0,normalDay
2019-10-28,1594.0,541.0,0.0,0,303.3,0.0,1,21.54,16.13,SPY200930P00297000,297.0,0,0.0,0.0,,0.0,normalDay
2019-10-29,1594.0,527.0,0.0,0,303.21,0.0,1,21.54,16.27,SPY200930P00297000,297.0,0,0.0,0.0,,0.0,normalDay
2019-10-30,1594.0,584.0,0.0,0,304.14,0.0,1,21.54,15.7,SPY200930P00297000,297.0,0,0.0,0.0,,0.0,normalDay
2019-10-31,1594.0,525.0,0.0,0,303.33,0.0,1,21.54,16.29,SPY200930P00297000,297.0,0,0.0,0.0,,0.0,normalDay
2019-11-01,1594.0,633.0,0.0,0,306.14,0.0,1,21.54,15.21,SPY200930P00297000,297.0,0,0.0,0.0,,0.0,normalDay
2019-11-04,1594.0,678.0,0.0,0,307.37,0.0,1,21.54,14.76,SPY200930P00297000,297.0,0,0.0,0.0,,0.0,normalDay
2019-11-05,1594.0,653.0,0.0,0,307.03,0.0,1,21.54,15.01,SPY200930P00297000,297.0,0,0.0,0.0,,0.0,normalDay
2019-11-06,1594.0,651.0,0.0,0,307.1,0.0,1,21.54,15.03,SPY200930P00297000,297.0,0,0.0,0.0,,0.0,normalDay
2019-11-07,1594.0,682.0,0.0,0,308.18,0.0,1,21.54,14.72,SPY200930P00297000,297.0,0,0.0,0.0,,0.0,normalDay
2019-11-08,1594.0,712.0,0.0,0,308.94,0.0,1,21.54,14.42,SPY200930P00297000,297.0,0,0.0,0.0,,0.0,normalDay
2019-11-11,1594.0,700.0,0.0,0,308.35,0.0,1,21.54,14.54,SPY200930P00297000,297.0,0,0.0,0.0,,0.0,normalDay
2019-11-12,1594.0,712.0,0.0,0,309.0,0.0,1,21.54,14.42,SPY200930P00297000,297.0,0,0.0,0.0,,0.0,normalDay
2019-11-13,1594.0,720.0,0.0,0,309.1,0.0,1,21.54,14.34,SPY200930P00297000,297.0,0,0.0,0.0,,0.0,normalDay
2019-11-14,1594.0,735.0,0.0,0,309.55,0.0,1,21.54,14.19,SPY200930P00297000,297.0,0,0.0,0.0,,0.0,normalDay
2019-11-15,1594.0,820.0,0.0,0,311.79,0.0,1,21.54,13.34,SPY200930P00297000,297.0,0,0.0,0.0,,0.0,normalDay
2019-11-18,1594.0,831.0,0.0,0,312.02,0.0,1,21.54,13.23,SPY200930P00297000,297.0,0,0.0,0.0,,0.0,normalDay
2019-11-19,1594.0,814.0,0.0,0,311.93,0.0,1,21.54,13.4,SPY200930P00297000,297.0,0,0.0,0.0,,0.0,normalDay
2019-11-20,1594.0,764.0,0.0,0,310.77,0.0,1,21.54,13.9,SPY200930P00297000,297.0,0,0.0,0.0,,0.0,normalDay
2019-11-21,1594.0,735.0,0.0,0,310.27,0.0,1,21.54,14.19,SPY200930P00297000,297.0,0,0.0,0.0,,0.0,normalDay
2019-11-22,1594.0,773.0,0.0,0,310.96,0.0,1,21.54,13.81,SPY200930P00297000,297.0,0,0.0,0.0,,0.0,normalDay
2019-11-25,1594.0,869.0,0.0,0,313.37,0.0,1,21.54,12.85,SPY200930P00297000,297.0,0,0.0,0.0,,0.0,normalDay
2019-11-26,1594.0,911.0,0.0,0,314.08,0.0,1,21.54,12.43,SPY200930P00297000,297.0,0,0.0,0.0,,0.0,normalDay
2019-11-27,1594.0,943.0,0.0,0,315.48,0.0,1,21.54,12.11,SPY200930P00297000,297.0,0,0.0,0.0,,0.0,normalDay
2019-11-29,1594.0,897.0,0.0,0,314.31,0.0,1,21.54,12.57,SPY200930P00297000,297.0,0,0.0,0.0,,0.0,normalDay
2019-12-02,1594.0,776.0,0.0,0,311.64,0.0,1,21.54,13.78,SPY200930P00297000,297.0,0,0.0,0.0,,0.0,normalDay
2019-12-03,1594.0,681.0,0.0,0,309.55,0.0,1,21.54,14.73,SPY200930P00297000,297.0,0,0.0,0.0,,0.0,normalDay
2019-12-04,1594.0,759.0,0.0,0,311.46,0.0,1,21.54,13.95,SPY200930P00297000,297.0,0,0.0,0.0,,0.0,normalDay
2019-12-05,1594.0,801.0,0.0,0,312.02,0.0,1,21.54,13.53,SPY200930P00297000,297.0,0,0.0,0.0,,0.0,normalDay
2019-12-06,1594.0,900.0,0.0,0,314.87,0.0,1,21.54,12.54,SPY200930P00297000,297.0,0,0.0,0.0,,0.0,normalDay
2019-12-09,1594.0,843.0,0.0,0,313.88,0.0,1,21.54,13.11,SPY200930P00297000,297.0,0,0.0,0.0,,0.0,normalDay
2019-12-10,1594.0,855.0,0.0,0,313.53,0.0,1,21.54,12.99,SPY200930P00297000,297.0,0,0.0,0.0,,0.0,normalDay
2019-12-11,1594.0,896.0,0.0,0,314.42,0.0,1,21.54,12.58,SPY200930P00297000,297.0,0,0.0,0.0,,0.0,normalDay
2019-12-12,1594.0,992.0,0.0,0,317.13,0.0,1,21.54,11.62,SPY200930P00297000,297.0,0,0.0,0.0,,0.0,normalDay
2019-12-13,1594.0,1042.0,0.0,0,317.32,0.0,1,21.54,11.12,SPY200930P00297000,297.0,0,0.0,0.0,,0.0,normalDay
2019-12-16,1594.0,1131.0,0.0,0,319.5,0.0,1,21.54,10.23,SPY200930P00297000,297.0,0,0.0,0.0,,0.0,normalDay
2019-12-17,1594.0,1116.0,0.0,0,319.57,0.0,1,21.54,10.38,SPY200930P00297000,297.0,0,0.0,0.0,,0.0,normalDay
2019-12-18,1594.0,1119.0,0.0,0,319.59,0.0,1,21.54,10.35,SPY200930P00297000,297.0,0,0.0,0.0,,0.0,normalDay
2019-12-19,1594.0,1150.0,0.0,0,320.9,0.0,1,21.54,10.04,SPY200930P00297000,297.0,0,0.0,0.0,,0.0,normalDay
2019-12-20,1594.0,1188.0,0.0,0,320.73,0.0,1,21.54,9.66,SPY200930P00297000,297.0,0,0.0,0.0,,0.0,normalDay
2019-12-23,1594.0,1191.0,0.0,0,321.22,0.0,1,21.54,9.63,SPY200930P00297000,297.0,0,0.0,0.0,,0.0,normalDay
2019-12-24,1594.0,1196.0,0.0,0,321.23,0.0,1,21.54,9.58,SPY200930P00297000,297.0,0,0.0,0.0,,0.0,normalDay
2019-12-26,1594.0,1238.0,0.0,0,322.94,0.0,1,21.54,9.16,SPY200930P00297000,297.0,0,0.0,0.0,,0.0,normalDay
2019-12-27,1594.0,1215.0,0.0,0,322.86,0.0,1,21.54,9.39,SPY200930P00297000,297.0,0,0.0,0.0,,0.0,normalDay
2019-12-30,1594.0,1162.0,0.0,0,321.08,0.0,1,21.54,9.92,SPY200930P00297000,297.0,0,0.0,0.0,,0.0,normalDay
2019-12-31,1594.0,1208.0,0.0,0,321.86,0.0,1,21.54,9.46,SPY200930P00297000,297.0,0,0.0,0.0,,0.0,normalDay
2020-01-02,1594.0,1296.0,0.0,0,324.87,0.0,1,21.54,8.58,SPY200930P00297000,297.0,0,0.0,0.0,,0.0,normalDay
2020-01-03,1594.0,1209.0,0.0,0,322.41,0.0,1,21.54,9.45,SPY200930P00297000,297.0,0,0.0,0.0,,0.0,normalDay
2020-01-06,1594.0,1256.0,0.0,0,323.64,0.0,1,21.54,8.98,SPY200930P00297000,297.0,0,0.0,0.0,,0.0,normalDay
2020-01-07,1594.0,1240.0,0.0,0,322.73,0.0,1,21.54,9.14,SPY200930P00297000,297.0,0,0.0,0.0,,0.0,normalDay
2020-01-08,1594.0,1305.0,0.0,0,324.45,0.0,1,21.54,8.49,SPY200930P00297000,297.0,0,0.0,0.0,,0.0,normalDay
2020-01-09,1594.0,1366.0,0.0,0,326.65,0.0,1,21.54,7.88,SPY200930P00297000,297.0,0,0.0,0.0,,0.0,normalDay
2020-01-10,1594.0,1341.0,0.0,0,325.71,0.0,1,21.54,8.13,SPY200930P00297000,297.0,0,0.0,0.0,,0.0,normalDay
2020-01-13,1594.0,1408.0,0.0,0,327.95,0.0,1,21.54,7.46,SPY200930P00297000,297.0,0,0.0,0.0,,0.0,normalDay
2020-01-14,1594.0,1415.0,0.0,0,327.45,0.0,1,21.54,7.39,SPY200930P00297000,297.0,0,0.0,0.0,,0.0,normalDay
2020-01-15,1594.0,1429.0,0.0,0,328.19,0.0,1,21.54,7.25,SPY200930P00297000,297.0,0,0.0,0.0,,0.0,normalDay
2020-01-16,1594.0,1483.0,0.0,0,330.92,0.0,1,21.54,6.71,SPY200930P00297000,297.0,0,0.0,0.0,,0.0,normalDay
2020-01-17,1594.0,1505.0,0.0,0,331.95,0.0,1,21.54,6.49,SPY200930P00297000,297.0,0,0.0,0.0,,0.0,normalDay
2020-01-21,1594.0,1489.0,0.0,0,331.3,0.0,1,21.54,6.65,SPY200930P00297000,297.0,0,0.0,0.0,,0.0,normalDay
2020-01-22,1594.0,1481.0,0.0,0,331.34,0.0,1,21.54,6.73,SPY200930P00297000,297.0,0,0.0,0.0,,0.0,normalDay
2020-01-23,1594.0,1492.0,0.0,0,331.72,0.0,1,21.54,6.62,SPY200930P00297000,297.0,0,0.0,0.0,,0.0,normalDay
2020-01-24,1594.0,1411.0,0.0,0,328.77,0.0,1,21.54,7.43,SPY200930P00297000,297.0,0,0.0,0.0,,0.0,normalDay
2020-01-27,1594.0,1237.0,0.0,0,323.5,0.0,1,21.54,9.17,SPY200930P00297000,297.0,0,0.0,0.0,,0.0,normalDay
2020-01-28,1594.0,1358.0,0.0,0,326.89,0.0,1,21.54,7.96,SPY200930P00297000,297.0,0,0.0,0.0,,0.0,normalDay
2020-01-29,1594.0,1357.0,0.0,0,326.62,0.0,1,21.54,7.97,SPY200930P00297000,297.0,0,0.0,0.0,,0.0,normalDay
2020-01-30,1594.0,1407.0,0.0,0,327.68,0.0,1,21.54,7.47,SPY200930P00297000,297.0,0,0.0,0.0,,0.0,normalDay
2020-01-31,1594.0,1219.0,0.0,0,321.73,0.0,1,21.54,9.35,SPY200930P00297000,297.0,0,0.0,0.0,,0.0,normalDay
2020-02-03,1594.0,1286.0,0.0,0,324.12,0.0,1,21.54,8.68,SPY200930P00297000,297.0,0,0.0,0.0,,0.0,normalDay
2020-02-04,1594.0,1444.0,0.0,0,329.06,0.0,1,21.54,7.1,SPY200930P00297000,297.0,0,0.0,0.0,,0.0,normalDay
2020-02-05,1594.0,1529.0,0.0,0,332.86,0.0,1,21.54,6.25,SPY200930P00297000,297.0,0,0.0,0.0,,0.0,normalDay
2020-02-06,1594.0,1542.0,0.0,0,333.98,0.0,1,21.54,6.12,SPY200930P00297000,297.0,0,0.0,0.0,,0.0,normalDay
2020-02-07,1594.0,1496.0,0.0,0,332.2,0.0,1,21.54,6.58,SPY200930P00297000,297.0,0,0.0,0.0,,0.0,normalDay
2020-02-10,1594.0,1555.0,0.0,0,334.68,0.0,1,21.54,5.99,SPY200930P00297000,297.0,0,0.0,0.0,,0.0,normalDay
2020-02-11,1594.0,1561.0,0.0,0,335.26,0.0,1,21.54,5.93,SPY200930P00297000,297.0,0,0.0,0.0,,0.0,normalDay
2020-02-12,1594.0,1606.0,0.0,0,337.42,0.0,1,21.54,5.48,SPY200930P00297000,297.0,0,0.0,0.0,,0.0,normalDay
2020-02-13,1594.0,1596.0,0.0,0,337.06,0.0,1,21.54,5.58,SPY200930P00297000,297.0,0,0.0,0.0,,0.0,normalDay
2020-02-14,1594.0,1607.0,0.0,0,337.6,0.0,1,21.54,5.47,SPY200930P00297000,297.0,0,0.0,0.0,,0.0,normalDay
2020-02-18,1594.0,1583.0,0.0,0,336.73,0.0,1,21.54,5.71,SPY200930P00297000,297.0,0,0.0,0.0,,0.0,normalDay
2020-02-19,1594.0,1611.0,0.0,0,338.34,0.0,1,21.54,5.43,SPY200930P00297000,297.0,0,0.0,0.0,,0.0,normalDay
2020-02-20,1594.0,1572.0,0.0,0,336.95,0.0,1,21.54,5.82,SPY200930P00297000,297.0,0,0.0,0.0,,0.0,normalDay
2020-02-21,1594.0,1479.0,0.0,0,333.48,0.0,1,21.54,6.75,SPY200930P00297000,297.0,0,0.0,0.0,,0.0,normalDay
2020-02-24,1594.0,1130.0,0.0,0,322.42,0.0,1,21.54,10.24,SPY200930P00297000,297.0,0,0.0,0.0,,0.0,normalDay
2020-02-25,1594.0,828.0,0.0,0,312.65,0.0,1,21.54,13.26,SPY200930P00297000,297.0,0,0.0,0.0,,0.0,normalDay
2020-02-26,1594.0,790.0,0.0,0,311.5,0.0,1,21.54,13.64,SPY200930P00297000,297.0,0,0.0,0.0,,0.0,normalDay
2020-02-27,1594.0,-39.0,0.0,0,297.51,0.0,1,21.54,21.93,SPY200930P00297000,297.0,0,0.0,0.0,,0.0,normalDay
2020-02-28,1594.0,-118.0,0.0,0,296.26,0.0,1,21.54,22.72,SPY200930P00297000,297.0,0,0.0,0.0,,0.0,normalDay
2020-03-02,1594.0,558.0,0.0,0,309.09,0.0,1,21.54,15.96,SPY200930P00297000,297.0,0,0.0,0.0,,0.0,normalDay
2020-03-03,1594.0,168.0,0.0,0,300.24,0.0,1,21.54,19.86,SPY200930P00297000,297.0,0,0.0,0.0,,0.0,normalDay
2020-03-04,1594.0,573.0,0.0,0,312.86,0.0,1,21.54,15.81,SPY200930P00297000,297.0,0,0.0,0.0,,0.0,normalDay
2020-03-05,1594.0,-29.0,0.0,0,302.46,0.0,1,21.54,21.83,SPY200930P00297000,297.0,0,0.0,0.0,,0.0,normalDay
2020-03-06,1594.0,-500.0,0.0,0,297.46,0.0,1,21.54,26.54,SPY200930P00297000,297.0,0,0.0,0.0,,0.0,normalDay
2020-03-09,1594.0,-1874.0,0.0,0,274.23,0.0,1,21.54,40.28,SPY200930P00297000,297.0,0,0.0,0.0,,0.0,normalDay
2020-03-10,1594.0,-963.0,0.0,0,288.42,0.0,1,21.54,31.17,SPY200930P00297000,297.0,0,0.0,0.0,,0.0,normalDay
2020-03-11,1594.0,-1912.0,0.0,0,274.36,0.0,1,21.54,40.66,SPY200930P00297000,297.0,0,0.0,0.0,,0.0,normalDay
2020-03-12,1594.0,-4019.0,0.0,0,248.11,0.0,1,21.54,61.73,SPY200930P00297000,297.0,0,0.0,0.0,,0.0,normalDay
2020-03-13,1594.0,-2146.0,0.0,0,269.32,0.0,1,21.54,43.0,SPY200930P00297000,297.0,0,0.0,0.0,,0.0,normalDay
2020-03-16,1594.0,-4471.0,0.0,0,239.85,0.0,1,21.54,66.25,SPY200930P00297000,297.0,0,0.0,0.0,,0.0,normalDay
2020-03-17,1594.0,-3763.0,0.0,0,252.8,0.0,1,21.54,59.17,SPY200930P00297000,297.0,0,0.0,0.0,,0.0,normalDay
2020-03-18,1594.0,-4690.0,0.0,0,240.0,0.0,1,21.54,68.44,SPY200930P00297000,297.0,0,0.0,0.0,,0.0,normalDay
2020-03-19,1594.0,-4432.0,0.0,0,240.51,0.0,1,21.54,65.86,SPY200930P00297000,297.0,0,0.0,0.0,,0.0,normalDay
2020-03-20,1594.0,-5147.0,0.0,0,228.8,0.0,1,21.54,73.01,SPY200930P00297000,297.0,0,0.0,0.0,,0.0,normalDay
2020-03-23,1594.0,-5823.0,0.0,0,222.95,0.0,1,21.54,79.77,SPY200930P00297000,297.0,0,0.0,0.0,,0.0,normalDay
2020-03-24,1594.0,-3859.0,0.0,0,243.15,0.0,1,21.54,60.13,SPY200930P00297000,297.0,0,0.0,0.0,,0.0,normalDay
2020-03-25,1594.0,-3611.0,0.0,0,246.79,0.0,1,21.54,57.65,SPY200930P00297000,297.0,0,0.0,0.0,,0.0,normalDay
2020-03-26,1594.0,-2546.0,0.0,0,261.2,0.0,1,21.54,47.0,SPY200930P00297000,297.0,0,0.0,0.0,,0.0,normalDay
2020-03-27,1594.0,-3078.0,0.0,0,253.42,0.0,1,21.54,52.32,SPY200930P00297000,297.0,0,0.0,0.0,,0.0,normalDay
2020-03-30,1594.0,-2441.0,0.0,0,261.65,0.0,1,21.54,45.95,SPY200930P00297000,297.0,0,0.0,0.0,,0.0,normalDay
2020-03-31,1594.0,-2662.0,0.0,0,257.75,0.0,1,21.54,48.16,SPY200930P00297000,297.0,0,0.0,0.0,,0.0,normalDay
2020-04-01,1594.0,-3602.0,0.0,0,246.15,0.0,1,21.54,57.56,SPY200930P00297000,297.0,0,0.0,0.0,,0.0,normalDay
2020-04-02,1594.0,-3029.0,0.0,0,251.83,0.0,1,21.54,51.83,SPY200930P00297000,297.0,0,0.0,0.0,,0.0,normalDay
2020-04-03,1594.0,-3309.0,0.0,0,248.19,0.0,1,21.54,54.63,SPY200930P00297000,297.0,0,0.0,0.0,,0.0,normalDay
2020-04-06,1594.0,-2010.0,0.0,0,264.86,0.0,1,21.54,41.64,SPY200930P00297000,297.0,0,0.0,0.0,,0.0,normalDay
2020-04-07,1594.0,-2116.0,0.0,0,265.13,0.0,1,21.54,42.7,SPY200930P00297000,297.0,0,0.0,0.0,,0.0,normalDay
2020-04-08,1594.0,-1504.0,0.0,0,274.03,0.0,1,21.54,36.58,SPY200930P00297000,297.0,0,0.0,0.0,,0.0,normalDay
2020-04-09,1594.0,-1288.0,0.0,0,278.2,0.0,1,21.54,34.42,SPY200930P00297000,297.0,0,0.0,0.0,,0.0,normalDay
2020-04-13,1594.0,-1385.0,0.0,0,275.66,0.0,1,21.54,35.39,SPY200930P00297000,297.0,0,0.0,0.0,,0.0,normalDay
2020-04-14,1594.0,-850.0,0.0,0,283.79,0.0,1,21.54,30.04,SPY200930P00297000,297.0,0,0.0,0.0,,0.0,normalDay
2020-04-15,1594.0,-1279.0,0.0,0,277.76,0.0,1,21.54,34.33,SPY200930P00297000,297.0,0,0.0,0.0,,0.0,normalDay
2020-04-16,1594.0,-1210.0,0.0,0,279.1,0.0,1,21.54,33.64,SPY200930P00297000,297.0,0,0.0,0.0,,0.0,normalDay
2020-04-17,1594.0,-758.0,0.0,0,286.64,0.0,1,21.54,29.12,SPY200930P00297000,297.0,0,0.0,0.0,,0.0,normalDay
2020-04-20,1594.0,-1141.0,0.0,0,281.59,0.0,1,21.54,32.95,SPY200930P00297000,297.0,0,0.0,0.0,,0.0,normalDay
2020-04-21,1594.0,-1670.0,0.0,0,273.04,0.0,1,21.54,38.24,SPY200930P00297000,297.0,0,0.0,0.0,,0.0,normalDay
2020-04-22,1594.0,-1318.0,0.0,0,279.1,0.0,1,21.54,34.72,SPY200930P00297000,297.0,0,0.0,0.0,,0.0,normalDay
2020-04-23,1594.0,-1299.0,0.0,0,279.08,0.0,1,21.54,34.53,SPY200930P00297000,297.0,0,0.0,0.0,,0.0,normalDay
2020-04-24,1594.0,-958.0,0.0,0,282.97,0.0,1,21.54,31.12,SPY200930P00297000,297.0,0,0.0,0.0,,0.0,normalDay
2020-04-27,1594.0,-610.0,0.0,0,287.05,0.0,1,21.54,27.64,SPY200930P00297000,297.0,0,0.0,0.0,,0.0,normalDay
2020-04-28,1594.0,-652.0,0.0,0,285.73,0.0,1,21.54,28.06,SPY200930P00297000,297.0,0,0.0,0.0,,0.0,normalDay
2020-04-29,1594.0,-219.0,0.0,0,293.21,0.0,1,21.54,23.73,SPY200930P00297000,297.0,0,0.0,0.0,,0.0,normalDay
2020-04-30,1594.0,-462.0,0.0,0,290.48,0.0,1,21.54,26.16,SPY200930P00297000,297.0,0,0.0,0.0,,0.0,normalDay
2020-05-01,1594.0,-895.0,0.0,0,282.79,0.0,1,21.54,30.49,SPY200930P00297000,297.0,0,0.0,0.0,,0.0,normalDay
2020-05-04,1594.0,-810.0,0.0,0,283.57,0.0,1,21.54,29.64,SPY200930P00297000,297.0,0,0.0,0.0,,0.0,normalDay
2020-05-05,1594.0,-616.0,0.0,0,286.19,0.0,1,21.54,27.7,SPY200930P00297000,297.0,0,0.0,0.0,,0.0,normalDay
2020-05-06,1594.0,-725.0,0.0,0,284.25,0.0,1,21.54,28.79,SPY200930P00297000,297.0,0,0.0,0.0,,0.0,normalDay
2020-05-07,1594.0,-450.0,0.0,0,287.68,0.0,1,21.54,26.04,SPY200930P00297000,297.0,0,0.0,0.0,,0.0,normalDay
2020-05-08,1594.0,-102.0,0.0,0,292.44,0.0,1,21.54,22.56,SPY200930P00297000,297.0,0,0.0,0.0,,0.0,normalDay
2020-05-11,1594.0,-81.0,0.0,0,292.5,0.0,1,21.54,22.35,SPY200930P00297000,297.0,0,0.0,0.0,,0.0,normalDay
2020-05-12,1594.0,-467.0,0.0,0,286.67,0.0,1,21.54,26.21,SPY200930P00297000,297.0,0,0.0,0.0,,0.0,normalDay
2020-05-13,1594.0,-722.0,0.0,0,281.6,0.0,1,21.54,28.76,SPY200930P00297000,297.0,0,0.0,0.0,,0.0,normalDay
2020-05-14,1594.0,-485.0,0.0,0,284.97,0.0,1,21.54,26.39,SPY200930P00297000,297.0,0,0.0,0.0,,0.0,normalDay
2020-05-15,1594.0,-433.0,0.0,0,286.28,0.0,1,21.54,25.87,SPY200930P00297000,297.0,0,0.0,0.0,,0.0,normalDay
2020-05-18,1594.0,110.0,0.0,0,295.0,0.0,1,21.54,20.44,SPY200930P00297000,297.0,0,0.0,0.0,,0.0,normalDay
2020-05-19,1594.0,-38.0,0.0,0,291.97,0.0,1,21.54,21.92,SPY200930P00297000,297.0,0,0.0,0.0,,0.0,normalDay
2020-05-20,1594.0,261.0,0.0,0,296.93,0.0,1,21.54,18.93,SPY200930P00297000,297.0,0,0.0,0.0,,0.0,normalDay
2020-05-21,1594.0,105.0,0.0,0,294.88,0.0,1,21.54,20.49,SPY200930P00297000,297.0,0,0.0,0.0,,0.0,normalDay
2020-05-22,1594.0,152.0,0.0,0,295.44,0.0,1,21.54,20.02,SPY200930P00297000,297.0,0,0.0,0.0,,0.0,normalDay
2020-05-26,1594.0,366.0,0.0,0,299.08,0.0,1,21.54,17.88,SPY200930P00297000,297.0,0,0.0,0.0,,0.0,normalDay
2020-05-27,1594.0,566.0,0.0,0,303.53,0.0,1,21.54,15.88,SPY200930P00297000,297.0,0,0.0,0.0,,0.0,normalDay
2020-05-28,1594.0,547.0,0.0,0,302.97,0.0,1,21.54,16.07,SPY200930P00297000,297.0,0,0.0,0.0,,0.0,normalDay
2020-05-29,1594.0,616.0,0.0,0,304.32,0.0,1,21.54,15.38,SPY200930P00297000,297.0,0,0.0,0.0,,0.0,normalDay
2020-06-01,1594.0,614.0,0.0,0,305.55,0.0,1,21.54,15.4,SPY200930P00297000,297.0,0,0.0,0.0,,0.0,normalDay
2020-06-02,1594.0,736.0,0.0,0,308.08,0.0,1,21.54,14.18,SPY200930P00297000,297.0,0,0.0,0.0,,0.0,normalDay
2020-06-03,1594.0,898.0,0.0,0,312.18,0.0,1,21.54,12.56,SPY200930P00297000,297.0,0,0.0,0.0,,0.0,normalDay
2020-06-04,1594.0,884.0,0.0,0,311.36,0.0,1,21.54,12.7,SPY200930P00297000,297.0,0,0.0,0.0,,0.0,normalDay
2020-06-05,1594.0,1147.0,0.0,0,319.34,0.0,1,21.54,10.07,SPY200930P00297000,297.0,0,0.0,0.0,,0.0,normalDay
2020-06-08,1594.0,1214.0,0.0,0,323.2,0.0,1,21.54,9.4,SPY200930P00297000,297.0,0,0.0,0.0,,0.0,normalDay
2020-06-09,1594.0,1112.0,0.0,0,320.79,0.0,1,21.54,10.42,SPY200930P00297000,297.0,0,0.0,0.0,,0.0,normalDay
2020-06-10,1594.0,1034.0,0.0,0,319.0,0.0,1,21.54,11.2,SPY200930P00297000,297.0,0,0.0,0.0,,0.0,normalDay
2020-06-11,1594.0,58.0,0.0,0,300.61,0.0,1,21.54,20.96,SPY200930P00297000,297.0,0,0.0,0.0,,0.0,normalDay
2020-06-12,1594.0,299.0,0.0,0,304.21,0.0,1,21.54,18.55,SPY200930P00297000,297.0,0,0.0,0.0,,0.0,normalDay
2020-06-15,1594.0,508.0,0.0,0,307.05,0.0,1,21.54,16.46,SPY200930P00297000,297.0,0,0.0,0.0,,0.0,normalDay
2020-06-16,1594.0,717.0,0.0,0,312.96,0.0,1,21.54,14.37,SPY200930P00297000,297.0,0,0.0,0.0,,0.0,normalDay
2020-06-17,1594.0,709.0,0.0,0,311.66,0.0,1,21.54,14.45,SPY200930P00297000,297.0,0,0.0,0.0,,0.0,normalDay
2020-06-18,1594.0,721.0,0.0,0,311.78,0.0,1,21.54,14.33,SPY200930P00297000,297.0,0,0.0,0.0,,0.0,normalDay
2020-06-19,1594.0,580.0,0.0,0,308.64,0.0,1,21.54,15.74,SPY200930P00297000,297.0,0,0.0,0.0,,0.0,normalDay
2020-06-22,1594.0,818.0,0.0,0,310.62,0.0,1,21.54,13.36,SPY200930P00297000,297.0,0,0.0,0.0,,0.0,normalDay
2020-06-23,1594.0,868.0,0.0,0,312.05,0.0,1,21.54,12.86,SPY200930P00297000,297.0,0,0.0,0.0,,0.0,normalDay
2020-06-24,1594.0,573.0,0.0,0,304.09,0.0,1,21.54,15.81,SPY200930P00297000,297.0,0,0.0,0.0,,0.0,normalDay
2020-06-25,1594.0,760.0,0.0,0,307.35,0.0,1,21.54,13.94,SPY200930P00297000,297.0,0,0.0,0.0,,0.0,normalDay
2020-06-26,1594.0,479.0,0.0,0,300.05,0.0,1,21.54,16.75,SPY200930P00297000,297.0,0,0.0,0.0,,0.0,normalDay
2020-06-29,1594.0,704.0,0.0,0,304.46,0.0,1,21.54,14.5,SPY200930P00297000,297.0,0,0.0,0.0,,0.0,normalDay
2020-06-30,1594.0,892.0,0.0,0,308.36,0.0,1,21.54,12.62,SPY200930P00297000,297.0,0,0.0,0.0,,0.0,normalDay
2020-07-01,1594.0,999.0,0.0,0,310.52,0.0,1,21.54,11.55,SPY200930P00297000,297.0,0,0.0,0.0,,0.0,normalDay
2020-07-02,1594.0,1091.0,0.0,0,312.23,0.0,1,21.54,10.63,SPY200930P00297000,297.0,0,0.0,0.0,,0.0,normalDay
2020-07-06,1594.0,1223.0,0.0,0,317.05,0.0,1,21.54,9.31,SPY200930P00297000,297.0,0,0.0,0.0,,0.0,normalDay
2020-07-07,1594.0,1106.0,0.0,0,313.78,0.0,1,21.54,10.48,SPY200930P00297000,297.0,0,0.0,0.0,,0.0,normalDay
2020-07-08,1594.0,1210.0,0.0,0,316.18,0.0,1,21.54,9.44,SPY200930P00297000,297.0,0,0.0,0.0,,0.0,normalDay
2020-07-09,1594.0,1129.0,0.0,0,314.38,0.0,1,21.54,10.25,SPY200930P00297000,297.0,0,0.0,0.0,,0.0,normalDay
2020-07-10,1594.0,1263.0,0.0,0,317.59,0.0,1,21.54,8.91,SPY200930P00297000,297.0,0,0.0,0.0,,0.0,normalDay
2020-07-13,1594.0,1068.0,0.0,0,314.84,0.0,1,21.54,10.86,SPY200930P00297000,297.0,0,0.0,0.0,,0.0,normalDay
2020-07-14,1594.0,1260.0,0.0,0,318.92,0.0,1,21.54,8.94,SPY200930P00297000,297.0,0,0.0,0.0,,0.0,normalDay
2020-07-15,1594.0,1368.0,0.0,0,321.85,0.0,1,21.54,7.86,SPY200930P00297000,297.0,0,0.0,0.0,,0.0,normalDay
2020-07-16,1594.0,1339.0,0.0,0,320.79,0.0,1,21.54,8.15,SPY200930P00297000,297.0,0,0.0,0.0,,0.0,normalDay
2020-07-17,1594.0,1465.0,0.0,0,321.72,0.0,1,21.54,6.89,SPY200930P00297000,297.0,0,0.0,0.0,,0.0,normalDay
2020-07-20,1594.0,1572.0,0.0,0,324.32,0.0,1,21.54,5.82,SPY200930P00297000,297.0,0,0.0,0.0,,0.0,normalDay
2020-07-21,1594.0,1581.0,0.0,0,325.01,0.0,1,21.54,5.73,SPY200930P00297000,297.0,0,0.0,0.0,,0.0,normalDay
2020-07-22,1594.0,1624.0,0.0,0,326.86,0.0,1,21.54,5.3,SPY200930P00297000,297.0,0,0.0,0.0,,0.0,normalDay
2020-07-23,1594.0,1516.0,0.0,0,322.96,0.0,1,21.54,6.38,SPY200930P00297000,297.0,0,0.0,0.0,,0.0,normalDay
2020-07-24,1594.0,1509.0,0.0,0,320.88,0.0,1,21.54,6.45,SPY200930P00297000,297.0,0,0.0,0.0,,0.0,normalDay
2020-07-27,1594.0,1600.0,0.0,0,323.22,0.0,1,21.54,5.54,SPY200930P00297000,297.0,0,0.0,0.0,,0.0,normalDay
2020-07-28,1594.0,1555.0,0.0,0,321.17,0.0,1,21.54,5.99,SPY200930P00297000,297.0,0,0.0,0.0,,0.0,normalDay
2020-07-29,1594.0,1656.0,0.0,0,325.12,0.0,1,21.54,4.98,SPY200930P00297000,297.0,0,0.0,0.0,,0.0,normalDay
2020-07-30,1594.0,1618.0,0.0,0,323.96,0.0,1,21.54,5.36,SPY200930P00297000,297.0,0,0.0,0.0,,0.0,normalDay
2020-07-31,1594.0,1687.0,0.0,0,326.52,0.0,1,21.54,4.67,SPY200930P00297000,297.0,0,0.0,0.0,,0.0,normalDay
2020-08-03,1594.0,1736.0,0.0,0,328.79,0.0,1,21.54,4.18,SPY200930P00297000,297.0,0,0.0,0.0,,0.0,normalDay
2020-08-04,1594.0,1775.0,0.0,0,330.06,0.0,1,21.54,3.79,SPY200930P00297000,297.0,0,0.0,0.0,,0.0,normalDay
2020-08-05,1594.0,1823.0,0.0,0,332.11,0.0,1,21.54,3.31,SPY200930P00297000,297.0,0,0.0,0.0,,0.0,normalDay
2020-08-06,1594.0,1857.0,0.0,0,334.33,0.0,1,21.54,2.97,SPY200930P00297000,297.0,0,0.0,0.0,,0.0,normalDay
2020-08-07,1594.0,1865.0,0.0,0,334.57,0.0,1,21.54,2.89,SPY200930P00297000,297.0,0,0.0,0.0,,0.0,normalDay
2020-08-10,1594.0,1894.0,0.0,0,335.57,0.0,1,21.54,2.6,SPY200930P00297000,297.0,0,0.0,0.0,,0.0,normalDay
2020-08-11,1594.0,1835.0,0.0,0,332.8,0.0,1,21.54,3.19,SPY200930P00297000,297.0,0,0.0,0.0,,0.0,normalDay
2020-08-12,1594.0,1917.0,0.0,0,337.44,0.0,1,21.54,2.37,SPY200930P00297000,297.0,0,0.0,0.0,,0.0,normalDay
2020-08-13,1594.0,1916.0,0.0,0,336.83,0.0,1,21.54,2.38,SPY200930P00297000,297.0,0,0.0,0.0,,0.0,normalDay
2020-08-14,1594.0,1928.0,0.0,0,336.84,0.0,1,21.54,2.26,SPY200930P00297000,297.0,0,0.0,0.0,,0.0,normalDay
2020-08-17,1594.0,1966.0,0.0,0,337.91,0.0,1,21.54,1.88,SPY200930P00297000,297.0,0,0.0,0.0,,0.0,normalDay
2020-08-18,1594.0,1977.0,0.0,0,338.64,0.0,1,21.54,1.77,SPY200930P00297000,297.0,0,0.0,0.0,,0.0,normalDay
2020-08-19,1594.0,1961.0,0.0,0,337.23,0.0,1,21.54,1.93,SPY200930P00297000,297.0,0,0.0,0.0,,0.0,normalDay
2020-08-20,1594.0,1973.0,0.0,0,338.28,0.0,1,21.54,1.81,SPY200930P00297000,297.0,0,0.0,0.0,,0.0,normalDay
2020-08-21,1594.0,1992.0,0.0,0,339.48,0.0,1,21.54,1.62,SPY200930P00297000,297.0,0,0.0,0.0,,0.0,normalDay
2020-08-24,1594.0,2023.0,0.0,0,342.92,0.0,1,21.54,1.31,SPY200930P00297000,297.0,0,0.0,0.0,,0.0,normalDay
2020-08-25,1594.0,2039.0,0.0,0,344.12,0.0,1,21.54,1.15,SPY200930P00297000,297.0,0,0.0,0.0,,0.0,normalDay
2020-08-26,1594.0,2044.0,0.0,0,347.57,0.0,1,21.54,1.1,SPY200930P00297000,297.0,0,0.0,0.0,,0.0,normalDay
2020-08-27,1594.0,2039.0,0.0,0,348.33,0.0,1,21.54,1.15,SPY200930P00297000,297.0,0,0.0,0.0,,0.0,normalDay
2020-08-28,1594.0,2065.0,0.0,0,350.58,0.0,1,21.54,0.89,SPY200930P00297000,297.0,0,0.0,0.0,,0.0,normalDay
2020-08-31,1594.0,2042.0,0.0,0,349.31,0.0,1,21.54,1.12,SPY200930P00297000,297.0,0,0.0,0.0,,0.0,normalDay
2020-09-01,1594.0,2055.0,0.0,0,352.6,0.0,1,21.54,0.99,SPY200930P00297000,297.0,0,0.0,0.0,,0.0,normalDay
2020-09-02,1594.0,2075.0,0.0,0,357.7,0.0,1,21.54,0.79,SPY200930P00297000,297.0,0,0.0,0.0,,0.0,normalDay
2020-09-03,1594.0,1983.0,0.0,0,345.39,0.0,1,21.54,1.71,SPY200930P00297000,297.0,0,0.0,0.0,,0.0,normalDay
2020-09-04,1594.0,1997.0,0.0,0,342.57,0.0,1,21.54,1.57,SPY200930P00297000,297.0,0,0.0,0.0,,0.0,normalDay
2020-09-08,1594.0,1978.0,0.0,0,333.21,0.0,1,21.54,1.76,SPY200930P00297000,297.0,0,0.0,0.0,,0.0,normalDay
2020-09-09,1594.0,2049.0,0.0,0,339.79,0.0,1,21.54,1.05,SPY200930P00297000,297.0,0,0.0,0.0,,0.0,normalDay
2020-09-10,1594.0,2024.0,0.0,0,333.89,0.0,1,21.54,1.3,SPY200930P00297000,297.0,0,0.0,0.0,,0.0,normalDay
2020-09-11,1594.0,2069.0,0.0,0,334.06,0.0,1,21.54,0.85,SPY200930P00297000,297.0,0,0.0,0.0,,0.0,normalDay
2020-09-14,1594.0,2111.0,0.0,0,338.46,0.0,1,21.54,0.43,SPY200930P00297000,297.0,0,0.0,0.0,,0.0,normalDay
2020-09-15,1594.0,2117.0,0.0,0,340.17,0.0,1,21.54,0.37,SPY200930P00297000,297.0,0,0.0,0.0,,0.0,normalDay
2020-09-16,1594.0,2117.0,0.0,0,338.82,0.0,1,21.54,0.37,SPY200930P00297000,297.0,0,0.0,0.0,,0.0,normalDay
2020-09-17,1594.0,2116.0,0.0,0,335.84,0.0,1,21.54,0.38,SPY200930P00297000,297.0,0,0.0,0.0,,0.0,normalDay
2020-09-18,1594.0,2120.0,0.0,0,330.65,0.0,1,21.54,0.34,SPY200930P00297000,297.0,0,0.0,0.0,,0.0,normalDay
2020-09-21,1594.0,2124.0,0.0,0,326.97,0.0,1,21.54,0.3,SPY200930P00297000,297.0,0,0.0,0.0,,0.0,normalDay
2020-09-22,1594.0,2139.0,0.0,0,330.3,0.0,1,21.54,0.15,SPY200930P00297000,297.0,0,0.0,0.0,,0.0,normalDay
2020-09-23,1594.0,2127.0,0.0,0,322.64,0.0,1,21.54,0.27,SPY200930P00297000,297.0,0,0.0,0.0,,0.0,normalDay
2020-09-24,1594.0,2137.0,0.0,0,323.5,0.0,1,21.54,0.17,SPY200930P00297000,297.0,0,0.0,0.0,,0.0,normalDay
2020-09-25,1594.0,2149.0,0.0,0,328.73,0.0,1,21.54,0.05,SPY200930P00297000,297.0,0,0.0,0.0,,0.0,normalDay
2020-09-28,1594.0,2152.0,0.0,0,334.19,0.0,1,21.54,0.02,SPY200930P00297000,297.0,0,0.0,0.0,,0.0,normalDay
2020-09-29,1594.0,2153.0,0.0,0,332.37,0.0,1,21.54,0.01,SPY200930P00297000,297.0,0,0.0,0.0,,0.0,normalDay
2020-09-30,3748.0,0.0,2154.0,0,334.89,0.0,1,21.54,0.0,SPY200930P00297000,297.0,0,0.0,0.0,,0.0,expirationDay
2020-10-01,3748.0,-109.0,0.0,0,337.04,0.0,1,31.45,32.54,SPY210930P00332000,332.0,0,0.0,0.0,,0.0,normalDay
2020-10-02,3748.0,-256.0,0.0,0,333.84,0.0,1,31.45,34.01,SPY210930P00332000,332.0,0,0.0,0.0,,0.0,normalDay
2020-10-05,3748.0,13.0,0.0,0,339.76,0.0,1,31.45,31.32,SPY210930P00332000,332.0,0,0.0,0.0,,0.0,normalDay
2020-10-06,3748.0,-186.0,0.0,0,334.93,0.0,1,31.45,33.31,SPY210930P00332000,332.0,0,0.0,0.0,,0.0,normalDay
2020-10-07,3748.0,80.0,0.0,0,340.76,0.0,1,31.45,30.65,SPY210930P00332000,332.0,0,0.0,0.0,,0.0,normalDay
2020-10-08,3748.0,251.0,0.0,0,343.78,0.0,1,31.45,28.94,SPY210930P00332000,332.0,0,0.0,0.0,,0.0,normalDay
2020-10-09,3748.0,428.0,0.0,0,346.85,0.0,1,31.45,27.17,SPY210930P00332000,332.0,0,0.0,0.0,,0.0,normalDay
2020-10-12,3748.0,633.0,0.0,0,352.43,0.0,1,31.45,25.12,SPY210930P00332000,332.0,0,0.0,0.0,,0.0,normalDay
2020-10-13,3748.0,549.0,0.0,0,350.13,0.0,1,31.45,25.96,SPY210930P00332000,332.0,0,0.0,0.0,,0.0,normalDay
2020-10-14,3748.0,495.0,0.0,0,347.93,0.0,1,31.45,26.5,SPY210930P00332000,332.0,0,0.0,0.0,,0.0,normalDay
2020-10-15,3748.0,477.0,0.0,0,347.5,0.0,1,31.45,26.68,SPY210930P00332000,332.0,0,0.0,0.0,,0.0,normalDay
2020-10-16,3748.0,419.0,0.0,0,347.29,0.0,1,31.45,27.26,SPY210930P00332000,332.0,0,0.0,0.0,,0.0,normalDay
2020-10-19,3748.0,210.0,0.0,0,342.01,0.0,1,31.45,29.35,SPY210930P00332000,332.0,0,0.0,0.0,,0.0,normalDay
2020-10-20,3748.0,237.0,0.0,0,343.38,0.0,1,31.45,29.08,SPY210930P00332000,332.0,0,0.0,0.0,,0.0,normalDay
2020-10-21,3748.0,296.0,0.0,0,342.73,0.0,1,31.45,28.49,SPY210930P00332000,332.0,0,0.0,0.0,,0.0,normalDay
2020-10-22,3748.0,379.0,0.0,0,344.61,0.0,1,31.45,27.66,SPY210930P00332000,332.0,0,0.0,0.0,,0.0,normalDay
2020-10-23,3748.0,441.0,0.0,0,345.78,0.0,1,31.45,27.04,SPY210930P00332000,332.0,0,0.0,0.0,,0.0,normalDay
2020-10-26,3748.0,133.0,0.0,0,339.39,0.0,1,31.45,30.12,SPY210930P00332000,332.0,0,0.0,0.0,,0.0,normalDay
2020-10-27,3748.0,125.0,0.0,0,338.22,0.0,1,31.45,30.2,SPY210930P00332000,332.0,0,0.0,0.0,,0.0,normalDay
2020-10-28,3748.0,-551.0,0.0,0,326.66,0.0,1,31.45,36.96,SPY210930P00332000,332.0,0,0.0,0.0,,0.0,normalDay
2020-10-29,3748.0,-284.0,0.0,0,329.98,0.0,1,31.45,34.29,SPY210930P00332000,332.0,0,0.0,0.0,,0.0,normalDay
2020-10-30,3748.0,-408.0,0.0,0,326.54,0.0,1,31.45,35.53,SPY210930P00332000,332.0,0,0.0,0.0,,0.0,normalDay
2020-11-02,3748.0,-153.0,0.0,0,330.2,0.0,1,31.45,32.98,SPY210930P00332000,332.0,0,0.0,0.0,,0.0,normalDay
2020-11-03,3748.0,92.0,0.0,0,336.03,0.0,1,31.45,30.53,SPY210930P00332000,332.0,0,0.0,0.0,,0.0,normalDay
2020-11-04,3748.0,511.0,0.0,0,343.54,0.0,1,31.45,26.34,SPY210930P00332000,332.0,0,0.0,0.0,,0.0,normalDay
2020-11-05,3748.0,695.0,0.0,0,350.24,0.0,1,31.45,24.5,SPY210930P00332000,332.0,0,0.0,0.0,,0.0,normalDay
2020-11-06,3748.0,745.0,0.0,0,350.16,0.0,1,31.45,24.0,SPY210930P00332000,332.0,0,0.0,0.0,,0.0,normalDay
2020-11-09,3748.0,968.0,0.0,0,354.56,0.0,1,31.45,21.77,SPY210930P00332000,332.0,0,0.0,0.0,,0.0,normalDay
2020-11-10,3748.0,963.0,0.0,0,354.04,0.0,1,31.45,21.82,SPY210930P00332000,332.0,0,0.0,0.0,,0.0,normalDay
2020-11-11,3748.0,1055.0,0.0,0,356.67,0.0,1,31.45,20.9,SPY210930P00332000,332.0,0,0.0,0.0,,0.0,normalDay
2020-11-12,3748.0,898.0,0.0,0,353.21,0.0,1,31.45,22.47,SPY210930P00332000,332.0,0,0.0,0.0,,0.0,normalDay
2020-11-13,3748.0,1072.0,0.0,0,358.1,0.0,1,31.45,20.73,SPY210930P00332000,332.0,0,0.0,0.0,,0.0,normalDay
2020-11-16,3748.0,1181.0,0.0,0,362.57,0.0,1,31.45,19.64,SPY210930P00332000,332.0,0,0.0,0.0,,0.0,normalDay
2020-11-17,3748.0,1135.0,0.0,0,360.62,0.0,1,31.45,20.1,SPY210930P00332000,332.0,0,0.0,0.0,,0.0,normalDay
2020-11-18,3748.0,997.0,0.0,0,356.28,0.0,1,31.45,21.48,SPY210930P00332000,332.0,0,0.0,0.0,,0.0,normalDay
2020-11-19,3748.0,1074.0,0.0,0,357.78,0.0,1,31.45,20.71,SPY210930P00332000,332.0,0,0.0,0.0,,0.0,normalDay
2020-11-20,3748.0,975.0,0.0,0,355.33,0.0,1,31.45,21.7,SPY210930P00332000,332.0,0,0.0,0.0,,0.0,normalDay
2020-11-23,3748.0,1081.0,0.0,0,357.46,0.0,1,31.45,20.64,SPY210930P00332000,332.0,0,0.0,0.0,,0.0,normalDay
2020-11-24,3748.0,1256.0,0.0,0,363.22,0.0,1,31.45,18.89,SPY210930P00332000,332.0,0,0.0,0.0,,0.0,normalDay
2020-11-25,3748.0,1252.0,0.0,0,362.66,0.0,1,31.45,18.93,SPY210930P00332000,332.0,0,0.0,0.0,,0.0,normalDay
2020-11-27,3748.0,1231.0,0.0,0,363.67,0.0,1,31.45,19.14,SPY210930P00332000,332.0,0,0.0,0.0,,0.0,normalDay
2020-11-30,3748.0,1285.0,0.0,0,362.06,0.0,1,31.45,18.6,SPY210930P00332000,332.0,0,0.0,0.0,,0.0,normalDay
2020-12-01,3748.0,1344.0,0.0,0,366.02,0.0,1,31.45,18.01,SPY210930P00332000,332.0,0,0.0,0.0,,0.0,normalDay
2020-12-02,3748.0,1363.0,0.0,0,366.79,0.0,1,31.45,17.82,SPY210930P00332000,332.0,0,0.0,0.0,,0.0,normalDay
2020-12-03,3748.0,1361.0,0.0,0,366.69,0.0,1,31.45,17.84,SPY210930P00332000,332.0,0,0.0,0.0,,0.0,normalDay
2020-12-04,3748.0,1440.0,0.0,0,369.85,0.0,1,31.45,17.05,SPY210930P00332000,332.0,0,0.0,0.0,,0.0,normalDay
2020-12-07,3748.0,1405.0,0.0,0,369.09,0.0,1,31.45,17.4,SPY210930P00332000,332.0,0,0.0,0.0,,0.0,normalDay
2020-12-08,3748.0,1473.0,0.0,0,370.17,0.0,1,31.45,16.72,SPY210930P00332000,332.0,0,0.0,0.0,,0.0,normalDay
2020-12-09,3748.0,1359.0,0.0,0,366.85,0.0,1,31.45,17.86,SPY210930P00332000,332.0,0,0.0,0.0,,0.0,normalDay
2020-12-10,3748.0,1346.0,0.0,0,366.73,0.0,1,31.45,17.99,SPY210930P00332000,332.0,0,0.0,0.0,,0.0,normalDay
2020-12-11,3748.0,1307.0,0.0,0,366.3,0.0,1,31.45,18.38,SPY210930P00332000,332.0,0,0.0,0.0,,0.0,normalDay
2020-12-14,3748.0,1251.0,0.0,0,364.66,0.0,1,31.45,18.94,SPY210930P00332000,332.0,0,0.0,0.0,,0.0,normalDay
2020-12-15,3748.0,1381.0,0.0,0,369.59,0.0,1,31.45,17.64,SPY210930P00332000,332.0,0,0.0,0.0,,0.0,normalDay
2020-12-16,3748.0,1420.0,0.0,0,370.17,0.0,1,31.45,17.25,SPY210930P00332000,332.0,0,0.0,0.0,,0.0,normalDay
2020-12-17,3748.0,1493.0,0.0,0,372.24,0.0,1,31.45,16.52,SPY210930P00332000,332.0,0,0.0,0.0,,0.0,normalDay
2020-12-18,3748.0,1476.0,0.0,0,369.18,0.0,1,31.45,16.69,SPY210930P00332000,332.0,0,0.0,0.0,,0.0,normalDay
2020-12-21,3748.0,1354.0,0.0,0,367.86,0.0,1,31.45,17.91,SPY210930P00332000,332.0,0,0.0,0.0,,0.0,normalDay
2020-12-22,3748.0,1350.0,0.0,0,367.24,0.0,1,31.45,17.95,SPY210930P00332000,332.0,0,0.0,0.0,,0.0,normalDay
2020-12-23,3748.0,1401.0,0.0,0,367.57,0.0,1,31.45,17.44,SPY210930P00332000,332.0,0,0.0,0.0,,0.0,normalDay
2020-12-24,3748.0,1479.0,0.0,0,369.0,0.0,1,31.45,16.66,SPY210930P00332000,332.0,0,0.0,0.0,,0.0,normalDay
2020-12-28,3748.0,1566.0,0.0,0,372.17,0.0,1,31.45,15.79,SPY210930P00332000,332.0,0,0.0,0.0,,0.0,normalDay
2020-12-29,3748.0,1489.0,0.0,0,371.46,0.0,1,31.45,16.56,SPY210930P00332000,332.0,0,0.0,0.0,,0.0,normalDay
2020-12-30,3748.0,1535.0,0.0,0,371.99,0.0,1,31.45,16.1,SPY210930P00332000,332.0,0,0.0,0.0,,0.0,normalDay
2020-12-31,3748.0,1584.0,0.0,0,373.88,0.0,1,31.45,15.61,SPY210930P00332000,332.0,0,0.0,0.0,,0.0,normalDay
2021-01-04,3748.0,1394.0,0.0,0,368.79,0.0,1,31.45,17.51,SPY210930P00332000,332.0,0,0.0,0.0,,0.0,normalDay
2021-01-05,3748.0,1480.0,0.0,0,371.33,0.0,1,31.45,16.65,SPY210930P00332000,332.0,0,0.0,0.0,,0.0,normalDay
2021-01-06,3748.0,1527.0,0.0,0,373.55,0.0,1,31.45,16.18,SPY210930P00332000,332.0,0,0.0,0.0,,0.0,normalDay
2021-01-07,3748.0,1721.0,0.0,0,379.1,0.0,1,31.45,14.24,SPY210930P00332000,332.0,0,0.0,0.0,,0.0,normalDay
2021-01-08,3748.0,1769.0,0.0,0,381.26,0.0,1,31.45,13.76,SPY210930P00332000,332.0,0,0.0,0.0,,0.0,normalDay
2021-01-11,3748.0,1644.0,0.0,0,378.69,0.0,1,31.45,15.01,SPY210930P00332000,332.0,0,0.0,0.0,,0.0,normalDay
2021-01-12,3748.0,1675.0,0.0,0,378.77,0.0,1,31.45,14.7,SPY210930P00332000,332.0,0,0.0,0.0,,0.0,normalDay
2021-01-13,3748.0,1726.0,0.0,0,379.79,0.0,1,31.45,14.19,SPY210930P00332000,332.0,0,0.0,0.0,,0.0,normalDay
2021-01-14,3748.0,1660.0,0.0,0,378.46,0.0,1,31.45,14.85,SPY210930P00332000,332.0,0,0.0,0.0,,0.0,normalDay
2021-01-15,3748.0,1558.0,0.0,0,375.7,0.0,1,31.45,15.87,SPY210930P00332000,332.0,0,0.0,0.0,,0.0,normalDay
2021-01-19,3748.0,1666.0,0.0,0,378.65,0.0,1,31.45,14.79,SPY210930P00332000,332.0,0,0.0,0.0,,0.0,normalDay
2021-01-20,3748.0,1797.0,0.0,0,383.89,0.0,1,31.45,13.48,SPY210930P00332000,332.0,0,0.0,0.0,,0.0,normalDay
2021-01-21,3748.0,1790.0,0.0,0,384.24,0.0,1,31.45,13.55,SPY210930P00332000,332.0,0,0.0,0.0,,0.0,normalDay
2021-01-22,3748.0,1756.0,0.0,0,382.88,0.0,1,31.45,13.89,SPY210930P00332000,332.0,0,0.0,0.0,,0.0,normalDay
2021-01-25,3748.0,1743.0,0.0,0,384.39,0.0,1,31.45,14.02,SPY210930P00332000,332.0,0,0.0,0.0,,0.0,normalDay
2021-01-26,3748.0,1729.0,0.0,0,383.79,0.0,1,31.45,14.16,SPY210930P00332000,332.0,0,0.0,0.0,,0.0,normalDay
2021-01-27,3748.0,1243.0,0.0,0,374.41,0.0,1,31.45,19.02,SPY210930P00332000,332.0,0,0.0,0.0,,0.0,normalDay
2021-01-28,3748.0,1423.0,0.0,0,377.63,0.0,1,31.45,17.22,SPY210930P00332000,332.0,0,0.0,0.0,,0.0,normalDay
2021-01-29,3748.0,1136.0,0.0,0,370.07,0.0,1,31.45,20.09,SPY210930P00332000,332.0,0,0.0,0.0,,0.0,normalDay
2021-02-01,3748.0,1390.0,0.0,0,376.23,0.0,1,31.45,17.55,SPY210930P00332000,332.0,0,0.0,0.0,,0.0,normalDay
2021-02-02,3748.0,1637.0,0.0,0,381.55,0.0,1,31.45,15.08,SPY210930P00332000,332.0,0,0.0,0.0,,0.0,normalDay
2021-02-03,3748.0,1699.0,0.0,0,381.85,0.0,1,31.45,14.46,SPY210930P00332000,332.0,0,0.0,0.0,,0.0,normalDay
2021-02-04,3748.0,1806.0,0.0,0,386.19,0.0,1,31.45,13.39,SPY210930P00332000,332.0,0,0.0,0.0,,0.0,normalDay
2021-02-05,3748.0,1822.0,0.0,0,387.71,0.0,1,31.45,13.23,SPY210930P00332000,332.0,0,0.0,0.0,,0.0,normalDay
2021-02-08,3748.0,1883.0,0.0,0,390.51,0.0,1,31.45,12.62,SPY210930P00332000,332.0,0,0.0,0.0,,0.0,normalDay
2021-02-09,3748.0,1873.0,0.0,0,390.25,0.0,1,31.45,12.72,SPY210930P00332000,332.0,0,0.0,0.0,,0.0,normalDay
2021-02-10,3748.0,1845.0,0.0,0,390.08,0.0,1,31.45,13.0,SPY210930P00332000,332.0,0,0.0,0.0,,0.0,normalDay
2021-02-11,3748.0,1866.0,0.0,0,390.71,0.0,1,31.45,12.79,SPY210930P00332000,332.0,0,0.0,0.0,,0.0,normalDay
2021-02-12,3748.0,1928.0,0.0,0,392.64,0.0,1,31.45,12.17,SPY210930P00332000,332.0,0,0.0,0.0,,0.0,normalDay
2021-02-16,3748.0,1891.0,0.0,0,392.3,0.0,1,31.45,12.54,SPY210930P00332000,332.0,0,0.0,0.0,,0.0,normalDay
2021-02-17,3748.0,1906.0,0.0,0,392.39,0.0,1,31.45,12.39,SPY210930P00332000,332.0,0,0.0,0.0,,0.0,normalDay
2021-02-18,3748.0,1862.0,0.0,0,390.72,0.0,1,31.45,12.83,SPY210930P00332000,332.0,0,0.0,0.0,,0.0,normalDay
2021-02-19,3748.0,1870.0,0.0,0,390.03,0.0,1,31.45,12.75,SPY210930P00332000,332.0,0,0.0,0.0,,0.0,normalDay
2021-02-22,3748.0,1807.0,0.0,0,387.03,0.0,1,31.45,13.38,SPY210930P00332000,332.0,0,0.0,0.0,,0.0,normalDay
2021-02-23,3748.0,1848.0,0.0,0,387.5,0.0,1,31.45,12.97,SPY210930P00332000,332.0,0,0.0,0.0,,0.0,normalDay
2021-02-24,3748.0,1972.0,0.0,0,391.77,0.0,1,31.45,11.73,SPY210930P00332000,332.0,0,0.0,0.0,,0.0,normalDay
2021-02-25,3748.0,1688.0,0.0,0,382.33,0.0,1,31.45,14.57,SPY210930P00332000,332.0,0,0.0,0.0,,0.0,normalDay
2021-02-26,3748.0,1714.0,0.0,0,380.36,0.0,1,31.45,14.31,SPY210930P00332000,332.0,0,0.0,0.0,,0.0,normalDay
2021-03-01,3748.0,1974.0,0.0,0,389.58,0.0,1,31.45,11.71,SPY210930P00332000,332.0,0,0.0,0.0,,0.0,normalDay
2021-03-02,3748.0,1905.0,0.0,0,386.54,0.0,1,31.45,12.4,SPY210930P00332000,332.0,0,0.0,0.0,,0.0,normalDay
2021-03-03,3748.0,1784.0,0.0,0,381.42,0.0,1,31.45,13.61,SPY210930P00332000,332.0,0,0.0,0.0,,0.0,normalDay
2021-03-04,3748.0,1687.0,0.0,0,376.7,0.0,1,31.45,14.58,SPY210930P00332000,332.0,0,0.0,0.0,,0.0,normalDay
2021-03-05,3748.0,1911.0,0.0,0,383.63,0.0,1,31.45,12.34,SPY210930P00332000,332.0,0,0.0,0.0,,0.0,normalDay
2021-03-08,3748.0,1896.0,0.0,0,381.72,0.0,1,31.45,12.49,SPY210930P00332000,332.0,0,0.0,0.0,,0.0,normalDay
2021-03-09,3748.0,2010.0,0.0,0,387.17,0.0,1,31.45,11.35,SPY210930P00332000,332.0,0,0.0,0.0,,0.0,normalDay
2021-03-10,3748.0,2071.0,0.0,0,389.58,0.0,1,31.45,10.74,SPY210930P00332000,332.0,0,0.0,0.0,,0.0,normalDay
2021-03-11,3748.0,2142.0,0.0,0,393.53,0.0,1,31.45,10.03,SPY210930P00332000,332.0,0,0.0,0.0,,0.0,normalDay
2021-03-12,3748.0,2177.0,0.0,0,394.06,0.0,1,31.45,9.68,SPY210930P00332000,332.0,0,0.0,0.0,,0.0,normalDay
2021-03-15,3748.0,2234.0,0.0,0,396.41,0.0,1,31.45,9.11,SPY210930P00332000,332.0,0,0.0,0.0,,0.0,normalDay
2021-03-16,3748.0,2235.0,0.0,0,395.91,0.0,1,31.45,9.1,SPY210930P00332000,332.0,0,0.0,0.0,,0.0,normalDay
2021-03-17,3748.0,2298.0,0.0,0,397.26,0.0,1,31.45,8.47,SPY210930P00332000,332.0,0,0.0,0.0,,0.0,normalDay
2021-03-18,3748.0,2198.0,0.0,0,391.48,0.0,1,31.45,9.47,SPY210930P00332000,332.0,0,0.0,0.0,,0.0,normalDay
2021-03-19,3748.0,2195.0,0.0,0,389.48,0.0,1,31.45,9.5,SPY210930P00332000,332.0,0,0.0,0.0,,0.0,normalDay
2021-03-22,3748.0,2328.0,0.0,0,392.59,0.0,1,31.45,8.17,SPY210930P00332000,332.0,0,0.0,0.0,,0.0,normalDay
2021-03-23,3748.0,2267.0,0.0,0,389.5,0.0,1,31.45,8.78,SPY210930P00332000,332.0,0,0.0,0.0,,0.0,normalDay
2021-03-24,3748.0,2220.0,0.0,0,387.52,0.0,1,31.45,9.25,SPY210930P00332000,332.0,0,0.0,0.0,,0.0,normalDay
2021-03-25,3748.0,2299.0,0.0,0,389.7,0.0,1,31.45,8.46,SPY210930P00332000,332.0,0,0.0,0.0,,0.0,normalDay
2021-03-26,3748.0,2403.0,0.0,0,395.98,0.0,1,31.45,7.42,SPY210930P00332000,332.0,0,0.0,0.0,,0.0,normalDay
2021-03-29,3748.0,2392.0,0.0,0,395.78,0.0,1,31.45,7.53,SPY210930P00332000,332.0,0,0.0,0.0,,0.0,normalDay
2021-03-30,3748.0,2420.0,0.0,0,394.73,0.0,1,31.45,7.25,SPY210930P00332000,332.0,0,0.0,0.0,,0.0,normalDay
2021-03-31,3748.0,2460.0,0.0,0,396.33,0.0,1,31.45,6.85,SPY210930P00332000,332.0,0,0.0,0.0,,0.0,normalDay
2021-04-01,3748.0,2543.0,0.0,0,400.61,0.0,1,31.45,6.02,SPY210930P00332000,332.0,0,0.0,0.0,,0.0,normalDay
2021-04-05,3748.0,2613.0,0.0,0,406.36,0.0,1,31.45,5.32,SPY210930P00332000,332.0,0,0.0,0.0,,0.0,normalDay
2021-04-06,3748.0,2610.0,0.0,0,406.12,0.0,1,31.45,5.35,SPY210930P00332000,332.0,0,0.0,0.0,,0.0,normalDay
2021-04-07,3748.0,2636.0,0.0,0,406.59,0.0,1,31.45,5.09,SPY210930P00332000,332.0,0,0.0,0.0,,0.0,normalDay
2021-04-08,3748.0,2652.0,0.0,0,408.52,0.0,1,31.45,4.93,SPY210930P00332000,332.0,0,0.0,0.0,,0.0,normalDay
2021-04-09,3748.0,2665.0,0.0,0,411.49,0.0,1,31.45,4.8,SPY210930P00332000,332.0,0,0.0,0.0,,0.0,normalDay
2021-04-12,3748.0,2672.0,0.0,0,411.64,0.0,1,31.45,4.73,SPY210930P00332000,332.0,0,0.0,0.0,,0.0,normalDay
2021-04-13,3748.0,2691.0,0.0,0,412.86,0.0,1,31.45,4.54,SPY210930P00332000,332.0,0,0.0,0.0,,0.0,normalDay
2021-04-14,3748.0,2676.0,0.0,0,411.45,0.0,1,31.45,4.69,SPY210930P00332000,332.0,0,0.0,0.0,,0.0,normalDay
2021-04-15,3748.0,2713.0,0.0,0,415.87,0.0,1,31.45,4.32,SPY210930P00332000,332.0,0,0.0,0.0,,0.0,normalDay
2021-04-16,3748.0,2723.0,0.0,0,417.26,0.0,1,31.45,4.22,SPY210930P00332000,332.0,0,0.0,0.0,,0.0,normalDay
2021-04-19,3748.0,2696.0,0.0,0,415.21,0.0,1,31.45,4.49,SPY210930P00332000,332.0,0,0.0,0.0,,0.0,normalDay
2021-04-20,3748.0,2654.0,0.0,0,412.17,0.0,1,31.45,4.91,SPY210930P00332000,332.0,0,0.0,0.0,,0.0,normalDay
2021-04-21,3748.0,2706.0,0.0,0,416.07,0.0,1,31.45,4.39,SPY210930P00332000,332.0,0,0.0,0.0,,0.0,normalDay
2021-04-22,3748.0,2647.0,0.0,0,412.27,0.0,1,31.45,4.98,SPY210930P00332000,332.0,0,0.0,0.0,,0.0,normalDay
2021-04-23,3748.0,2712.0,0.0,0,416.74,0.0,1,31.45,4.33,SPY210930P00332000,332.0,0,0.0,0.0,,0.0,normalDay
2021-04-26,3748.0,2724.0,0.0,0,417.61,0.0,1,31.45,4.21,SPY210930P00332000,332.0,0,0.0,0.0,,0.0,normalDay
2021-04-27,3748.0,2732.0,0.0,0,417.52,0.0,1,31.45,4.13,SPY210930P00332000,332.0,0,0.0,0.0,,0.0,normalDay
2021-04-28,3748.0,2745.0,0.0,0,417.4,0.0,1,31.45,4.0,SPY210930P00332000,332.0,0,0.0,0.0,,0.0,normalDay
2021-04-29,3748.0,2752.0,0.0,0,420.06,0.0,1,31.45,3.93,SPY210930P00332000,332.0,0,0.0,0.0,,0.0,normalDay
2021-04-30,3748.0,2722.0,0.0,0,417.3,0.0,1,31.45,4.23,SPY210930P00332000,332.0,0,0.0,0.0,,0.0,normalDay
2021-05-03,3748.0,2742.0,0.0,0,418.2,0.0,1,31.45,4.03,SPY210930P00332000,332.0,0,0.0,0.0,,0.0,normalDay
2021-05-04,3748.0,2704.0,0.0,0,415.62,0.0,1,31.45,4.41,SPY210930P00332000,332.0,0,0.0,0.0,,0.0,normalDay
2021-05-05,3748.0,2720.0,0.0,0,415.75,0.0,1,31.45,4.25,SPY210930P00332000,332.0,0,0.0,0.0,,0.0,normalDay
2021-05-06,3748.0,2756.0,0.0,0,419.07,0.0,1,31.45,3.89,SPY210930P00332000,332.0,0,0.0,0.0,,0.0,normalDay
2021-05-07,3748.0,2798.0,0.0,0,422.12,0.0,1,31.45,3.47,SPY210930P00332000,332.0,0,0.0,0.0,,0.0,normalDay
2021-05-10,3748.0,2742.0,0.0,0,417.94,0.0,1,31.45,4.03,SPY210930P00332000,332.0,0,0.0,0.0,,0.0,normalDay
2021-05-11,3748.0,2685.0,0.0,0,414.21,0.0,1,31.45,4.6,SPY210930P00332000,332.0,0,0.0,0.0,,0.0,normalDay
2021-05-12,3748.0,2494.0,0.0,0,405.41,0.0,1,31.45,6.51,SPY210930P00332000,332.0,0,0.0,0.0,,0.0,normalDay
2021-05-13,3748.0,2632.0,0.0,0,410.28,0.0,1,31.45,5.13,SPY210930P00332000,332.0,0,0.0,0.0,,0.0,normalDay
2021-05-14,3748.0,2757.0,0.0,0,416.58,0.0,1,31.45,3.88,SPY210930P00332000,332.0,0,0.0,0.0,,0.0,normalDay
2021-05-17,3748.0,2726.0,0.0,0,415.52,0.0,1,31.45,4.19,SPY210930P00332000,332.0,0,0.0,0.0,,0.0,normalDay
2021-05-18,3748.0,2673.0,0.0,0,411.94,0.0,1,31.45,4.72,SPY210930P00332000,332.0,0,0.0,0.0,,0.0,normalDay
2021-05-19,3748.0,2654.0,0.0,0,410.86,0.0,1,31.45,4.91,SPY210930P00332000,332.0,0,0.0,0.0,,0.0,normalDay
2021-05-20,3748.0,2716.0,0.0,0,415.28,0.0,1,31.45,4.29,SPY210930P00332000,332.0,0,0.0,0.0,,0.0,normalDay
2021-05-21,3748.0,2730.0,0.0,0,414.94,0.0,1,31.45,4.15,SPY210930P00332000,332.0,0,0.0,0.0,,0.0,normalDay
2021-05-24,3748.0,2798.0,0.0,0,419.17,0.0,1,31.45,3.47,SPY210930P00332000,332.0,0,0.0,0.0,,0.0,normalDay
2021-05-25,3748.0,2795.0,0.0,0,418.24,0.0,1,31.45,3.5,SPY210930P00332000,332.0,0,0.0,0.0,,0.0,normalDay
2021-05-26,3748.0,2833.0,0.0,0,419.07,0.0,1,31.45,3.12,SPY210930P00332000,332.0,0,0.0,0.0,,0.0,normalDay
2021-05-27,3748.0,2865.0,0.0,0,419.29,0.0,1,31.45,2.8,SPY210930P00332000,332.0,0,0.0,0.0,,0.0,normalDay
2021-05-28,3748.0,2870.0,0.0,0,420.04,0.0,1,31.45,2.75,SPY210930P00332000,332.0,0,0.0,0.0,,0.0,normalDay
2021-06-01,3748.0,2855.0,0.0,0,419.67,0.0,1,31.45,2.9,SPY210930P00332000,332.0,0,0.0,0.0,,0.0,normalDay
2021-06-02,3748.0,2864.0,0.0,0,420.33,0.0,1,31.45,2.81,SPY210930P00332000,332.0,0,0.0,0.0,,0.0,normalDay
2021-06-03,3748.0,2848.0,0.0,0,418.77,0.0,1,31.45,2.97,SPY210930P00332000,332.0,0,0.0,0.0,,0.0,normalDay
2021-06-04,3748.0,2891.0,0.0,0,422.6,0.0,1,31.45,2.54,SPY210930P00332000,332.0,0,0.0,0.0,,0.0,normalDay
2021-06-07,3748.0,2905.0,0.0,0,422.19,0.0,1,31.45,2.4,SPY210930P00332000,332.0,0,0.0,0.0,,0.0,normalDay
2021-06-08,3748.0,2904.0,0.0,0,422.28,0.0,1,31.45,2.41,SPY210930P00332000,332.0,0,0.0,0.0,,0.0,normalDay
2021-06-09,3748.0,2897.0,0.0,0,421.65,0.0,1,31.45,2.48,SPY210930P00332000,332.0,0,0.0,0.0,,0.0,normalDay
2021-06-10,3748.0,2936.0,0.0,0,423.61,0.0,1,31.45,2.09,SPY210930P00332000,332.0,0,0.0,0.0,,0.0,normalDay
2021-06-11,3748.0,2949.0,0.0,0,424.31,0.0,1,31.45,1.96,SPY210930P00332000,332.0,0,0.0,0.0,,0.0,normalDay
2021-06-14,3748.0,2951.0,0.0,0,425.26,0.0,1,31.45,1.94,SPY210930P00332000,332.0,0,0.0,0.0,,0.0,normalDay
2021-06-15,3748.0,2938.0,0.0,0,424.48,0.0,1,31.45,2.07,SPY210930P00332000,332.0,0,0.0,0.0,,0.0,normalDay
2021-06-16,3748.0,2927.0,0.0,0,422.11,0.0,1,31.45,2.18,SPY210930P00332000,332.0,0,0.0,0.0,,0.0,normalDay
2021-06-17,3748.0,2940.0,0.0,0,421.97,0.0,1,31.45,2.05,SPY210930P00332000,332.0,0,0.0,0.0,,0.0,normalDay
2021-06-18,3748.0,2876.0,0.0,0,414.92,0.0,1,31.45,2.69,SPY210930P00332000,332.0,0,0.0,0.0,,0.0,normalDay
2021-06-21,3748.0,2958.0,0.0,0,420.86,0.0,1,31.45,1.87,SPY210930P00332000,332.0,0,0.0,0.0,,0.0,normalDay
2021-06-22,3748.0,2978.0,0.0,0,423.11,0.0,1,31.45,1.67,SPY210930P00332000,332.0,0,0.0,0.0,,0.0,normalDay
2021-06-23,3748.0,2987.0,0.0,0,422.6,0.0,1,31.45,1.58,SPY210930P00332000,332.0,0,0.0,0.0,,0.0,normalDay
2021-06-24,3748.0,3002.0,0.0,0,425.1,0.0,1,31.45,1.43,SPY210930P00332000,332.0,0,0.0,0.0,,0.0,normalDay
2021-06-25,3748.0,3013.0,0.0,0,426.61,0.0,1,31.45,1.32,SPY210930P00332000,332.0,0,0.0,0.0,,0.0,normalDay
2021-06-28,3748.0,3017.0,0.0,0,427.47,0.0,1,31.45,1.28,SPY210930P00332000,332.0,0,0.0,0.0,,0.0,normalDay
2021-06-29,3748.0,3010.0,0.0,0,427.7,0.0,1,31.45,1.35,SPY210930P00332000,332.0,0,0.0,0.0,,0.0,normalDay
2021-06-30,3748.0,3015.0,0.0,0,428.06,0.0,1,31.45,1.3,SPY210930P00332000,332.0,0,0.0,0.0,,0.0,normalDay
2021-07-01,3748.0,3020.0,0.0,0,430.43,0.0,1,31.45,1.25,SPY210930P00332000,332.0,0,0.0,0.0,,0.0,normalDay
2021-07-02,3748.0,3028.0,0.0,0,433.72,0.0,1,31.45,1.17,SPY210930P00332000,332.0,0,0.0,0.0,,0.0,normalDay
2021-07-06,3748.0,3023.0,0.0,0,432.93,0.0,1,31.45,1.22,SPY210930P00332000,332.0,0,0.0,0.0,,0.0,normalDay
2021-07-07,3748.0,3027.0,0.0,0,434.46,0.0,1,31.45,1.18,SPY210930P00332000,332.0,0,0.0,0.0,,0.0,normalDay
2021-07-08,3748.0,3001.0,0.0,0,430.92,0.0,1,31.45,1.44,SPY210930P00332000,332.0,0,0.0,0.0,,0.0,normalDay
2021-07-09,3748.0,3030.0,0.0,0,435.52,0.0,1,31.45,1.15,SPY210930P00332000,332.0,0,0.0,0.0,,0.0,normalDay
2021-07-12,3748.0,3039.0,0.0,0,437.08,0.0,1,31.45,1.06,SPY210930P00332000,332.0,0,0.0,0.0,,0.0,normalDay
2021-07-13,3748.0,3031.0,0.0,0,435.59,0.0,1,31.45,1.14,SPY210930P00332000,332.0,0,0.0,0.0,,0.0,normalDay
2021-07-14,3748.0,3043.0,0.0,0,436.24,0.0,1,31.45,1.02,SPY210930P00332000,332.0,0,0.0,0.0,,0.0,normalDay
2021-07-15,3748.0,3038.0,0.0,0,434.75,0.0,1,31.45,1.07,SPY210930P00332000,332.0,0,0.0,0.0,,0.0,normalDay
2021-07-16,3748.0,3023.0,0.0,0,431.34,0.0,1,31.45,1.22,SPY210930P00332000,332.0,0,0.0,0.0,,0.0,normalDay
2021-07-19,3748.0,2970.0,0.0,0,424.97,0.0,1,31.45,1.75,SPY210930P00332000,332.0,0,0.0,0.0,,0.0,normalDay
2021-07-20,3748.0,3014.0,0.0,0,431.06,0.0,1,31.45,1.31,SPY210930P00332000,332.0,0,0.0,0.0,,0.0,normalDay
2021-07-21,3748.0,3043.0,0.0,0,434.55,0.0,1,31.45,1.02,SPY210930P00332000,332.0,0,0.0,0.0,,0.0,normalDay
2021-07-22,3748.0,3047.0,0.0,0,435.46,0.0,1,31.45,0.98,SPY210930P00332000,332.0,0,0.0,0.0,,0.0,normalDay
2021-07-23,3748.0,3055.0,0.0,0,439.94,0.0,1,31.45,0.9,SPY210930P00332000,332.0,0,0.0,0.0,,0.0,normalDay
2021-07-26,3748.0,3064.0,0.0,0,441.02,0.0,1,31.45,0.81,SPY210930P00332000,332.0,0,0.0,0.0,,0.0,normalDay
2021-07-27,3748.0,3051.0,0.0,0,439.01,0.0,1,31.45,0.94,SPY210930P00332000,332.0,0,0.0,0.0,,0.0,normalDay
2021-07-28,3748.0,3063.0,0.0,0,438.83,0.0,1,31.45,0.82,SPY210930P00332000,332.0,0,0.0,0.0,,0.0,normalDay
2021-07-29,3748.0,3071.0,0.0,0,440.65,0.0,1,31.45,0.74,SPY210930P00332000,332.0,0,0.0,0.0,,0.0,normalDay
2021-07-30,3748.0,3067.0,0.0,0,438.51,0.0,1,31.45,0.78,SPY210930P00332000,332.0,0,0.0,0.0,,0.0,normalDay
2021-08-02,3748.0,3062.0,0.0,0,437.59,0.0,1,31.45,0.83,SPY210930P00332000,332.0,0,0.0,0.0,,0.0,normalDay
2021-08-03,3748.0,3078.0,0.0,0,441.15,0.0,1,31.45,0.67,SPY210930P00332000,332.0,0,0.0,0.0,,0.0,normalDay
2021-08-04,3748.0,3079.0,0.0,0,438.98,0.0,1,31.45,0.66,SPY210930P00332000,332.0,0,0.0,0.0,,0.0,normalDay
2021-08-05,3748.0,3087.0,0.0,0,441.76,0.0,1,31.45,0.58,SPY210930P00332000,332.0,0,0.0,0.0,,0.0,normalDay
2021-08-06,3748.0,3094.0,0.0,0,442.49,0.0,1,31.45,0.51,SPY210930P00332000,332.0,0,0.0,0.0,,0.0,normalDay
2021-08-09,3748.0,3096.0,0.0,0,442.13,0.0,1,31.45,0.49,SPY210930P00332000,332.0,0,0.0,0.0,,0.0,normalDay
2021-08-10,3748.0,3098.0,0.0,0,442.68,0.0,1,31.45,0.47,SPY210930P00332000,332.0,0,0.0,0.0,,0.0,normalDay
2021-08-11,3748.0,3104.0,0.0,0,443.78,0.0,1,31.45,0.41,SPY210930P00332000,332.0,0,0.0,0.0,,0.0,normalDay
2021-08-12,3748.0,3108.0,0.0,0,445.11,0.0,1,31.45,0.37,SPY210930P00332000,332.0,0,0.0,0.0,,0.0,normalDay
2021-08-13,3748.0,3107.0,0.0,0,445.92,0.0,1,31.45,0.38,SPY210930P00332000,332.0,0,0.0,0.0,,0.0,normalDay
2021-08-16,3748.0,3111.0,0.0,0,446.97,0.0,1,31.45,0.34,SPY210930P00332000,332.0,0,0.0,0.0,,0.0,normalDay
2021-08-17,3748.0,3103.0,0.0,0,444.04,0.0,1,31.45,0.42,SPY210930P00332000,332.0,0,0.0,0.0,,0.0,normalDay
2021-08-18,3748.0,3087.0,0.0,0,439.18,0.0,1,31.45,0.58,SPY210930P00332000,332.0,0,0.0,0.0,,0.0,normalDay
2021-08-19,3748.0,3082.0,0.0,0,439.86,0.0,1,31.45,0.63,SPY210930P00332000,332.0,0,0.0,0.0,,0.0,normalDay
2021-08-20,3748.0,3104.0,0.0,0,443.36,0.0,1,31.45,0.41,SPY210930P00332000,332.0,0,0.0,0.0,,0.0,normalDay
2021-08-23,3748.0,3116.0,0.0,0,447.26,0.0,1,31.45,0.29,SPY210930P00332000,332.0,0,0.0,0.0,,0.0,normalDay
2021-08-24,3748.0,3117.0,0.0,0,447.97,0.0,1,31.45,0.28,SPY210930P00332000,332.0,0,0.0,0.0,,0.0,normalDay
2021-08-25,3748.0,3120.0,0.0,0,448.91,0.0,1,31.45,0.25,SPY210930P00332000,332.0,0,0.0,0.0,,0.0,normalDay
2021-08-26,3748.0,3113.0,0.0,0,446.26,0.0,1,31.45,0.32,SPY210930P00332000,332.0,0,0.0,0.0,,0.0,normalDay
2021-08-27,3748.0,3122.0,0.0,0,450.25,0.0,1,31.45,0.23,SPY210930P00332000,332.0,0,0.0,0.0,,0.0,normalDay
2021-08-30,3748.0,3128.0,0.0,0,452.23,0.0,1,31.45,0.17,SPY210930P00332000,332.0,0,0.0,0.0,,0.0,normalDay
2021-08-31,3748.0,3129.0,0.0,0,451.56,0.0,1,31.45,0.16,SPY210930P00332000,332.0,0,0.0,0.0,,0.0,normalDay
2021-09-01,3748.0,3132.0,0.0,0,451.8,0.0,1,31.45,0.13,SPY210930P00332000,332.0,0,0.0,0.0,,0.0,normalDay
2021-09-02,3748.0,3131.0,0.0,0,453.19,0.0,1,31.45,0.14,SPY210930P00332000,332.0,0,0.0,0.0,,0.0,normalDay
2021-09-03,3748.0,3132.0,0.0,0,453.08,0.0,1,31.45,0.13,SPY210930P00332000,332.0,0,0.0,0.0,,0.0,normalDay
2021-09-07,3748.0,3133.0,0.0,0,451.46,0.0,1,31.45,0.12,SPY210930P00332000,332.0,0,0.0,0.0,,0.0,normalDay
2021-09-08,3748.0,3134.0,0.0,0,450.91,0.0,1,31.45,0.11,SPY210930P00332000,332.0,0,0.0,0.0,,0.0,normalDay
2021-09-09,3748.0,3133.0,0.0,0,448.98,0.0,1,31.45,0.12,SPY210930P00332000,332.0,0,0.0,0.0,,0.0,normalDay
2021-09-10,3748.0,3126.0,0.0,0,445.44,0.0,1,31.45,0.19,SPY210930P00332000,332.0,0,0.0,0.0,,0.0,normalDay
2021-09-13,3748.0,3133.0,0.0,0,446.58,0.0,1,31.45,0.12,SPY210930P00332000,332.0,0,0.0,0.0,,0.0,normalDay
2021-09-14,3748.0,3134.0,0.0,0,444.17,0.0,1,31.45,0.11,SPY210930P00332000,332.0,0,0.0,0.0,,0.0,normalDay
2021-09-15,3748.0,3138.0,0.0,0,447.88,0.0,1,31.45,0.07,SPY210930P00332000,332.0,0,0.0,0.0,,0.0,normalDay
2021-09-16,3748.0,3138.0,0.0,0,447.17,0.0,1,31.45,0.07,SPY210930P00332000,332.0,0,0.0,0.0,,0.0,normalDay
2021-09-17,3748.0,3136.0,0.0,0,441.4,0.0,1,31.45,0.09,SPY210930P00332000,332.0,0,0.0,0.0,,0.0,normalDay
2021-09-20,3748.0,3134.0,0.0,0,434.04,0.0,1,31.45,0.11,SPY210930P00332000,332.0,0,0.0,0.0,,0.0,normalDay
2021-09-21,3748.0,3139.0,0.0,0,433.63,0.0,1,31.45,0.06,SPY210930P00332000,332.0,0,0.0,0.0,,0.0,normalDay
2021-09-22,3748.0,3143.0,0.0,0,437.86,0.0,1,31.45,0.02,SPY210930P00332000,332.0,0,0.0,0.0,,0.0,normalDay
2021-09-23,3748.0,3144.0,0.0,0,443.18,0.0,1,31.45,0.01,SPY210930P00332000,332.0,0,0.0,0.0,,0.0,normalDay
2021-09-24,3748.0,3144.0,0.0,0,443.91,0.0,1,31.45,0.01,SPY210930P00332000,332.0,0,0.0,0.0,,0.0,normalDay
2021-09-27,3748.0,3144.0,0.0,0,442.64,0.0,1,31.45,0.01,SPY210930P00332000,332.0,0,0.0,0.0,,0.0,normalDay
2021-09-28,3748.0,3144.0,0.0,0,433.72,0.0,1,31.45,0.01,SPY210930P00332000,332.0,0,0.0,0.0,,0.0,normalDay
2021-09-29,3748.0,3144.0,0.0,0,434.45,0.0,1,31.45,0.01,SPY210930P00332000,332.0,0,0.0,0.0,,0.0,normalDay
2021-09-30,6893.0,0.0,3145.0,0,429.14,0.0,1,31.45,0.0,SPY210930P00332000,332.0,0,0.0,0.0,,0.0,expirationDay
2021-10-01,6893.0,-245.0,0.0,0,434.24,0.0,1,37.29,39.74,SPY220930P00439000,439.0,0,0.0,0.0,,0.0,normalDay
2021-10-04,6893.0,-480.0,0.0,0,428.64,0.0,1,37.29,42.09,SPY220930P00439000,439.0,0,0.0,0.0,,0.0,normalDay
2021-10-05,6893.0,-239.0,0.0,0,433.1,0.0,1,37.29,39.68,SPY220930P00439000,439.0,0,0.0,0.0,,0.0,normalDay
2021-10-06,6893.0,-164.0,0.0,0,434.9,0.0,1,37.29,38.93,SPY220930P00439000,439.0,0,0.0,0.0,,0.0,normalDay
2021-10-07,6893.0,93.0,0.0,0,438.66,0.0,1,37.29,36.36,SPY220930P00439000,439.0,0,0.0,0.0,,0.0,normalDay
2021-10-08,6893.0,63.0,0.0,0,437.86,0.0,1,37.29,36.66,SPY220930P00439000,439.0,0,0.0,0.0,,0.0,normalDay
2021-10-11,6893.0,-44.0,0.0,0,434.69,0.0,1,37.29,37.73,SPY220930P00439000,439.0,0,0.0,0.0,,0.0,normalDay
2021-10-12,6893.0,-88.0,0.0,0,433.62,0.0,1,37.29,38.17,SPY220930P00439000,439.0,0,0.0,0.0,,0.0,normalDay
2021-10-13,6893.0,75.0,0.0,0,435.18,0.0,1,37.29,36.54,SPY220930P00439000,439.0,0,0.0,0.0,,0.0,normalDay
2021-10-14,6893.0,406.0,0.0,0,442.5,0.0,1,37.29,33.23,SPY220930P00439000,439.0,0,0.0,0.0,,0.0,normalDay
2021-10-15,6893.0,485.0,0.0,0,445.87,0.0,1,37.29,32.44,SPY220930P00439000,439.0,0,0.0,0.0,,0.0,normalDay
2021-10-18,6893.0,510.0,0.0,0,447.19,0.0,1,37.29,32.19,SPY220930P00439000,439.0,0,0.0,0.0,,0.0,normalDay
2021-10-19,6893.0,704.0,0.0,0,450.64,0.0,1,37.29,30.25,SPY220930P00439000,439.0,0,0.0,0.0,,0.0,normalDay
2021-10-20,6893.0,760.0,0.0,0,452.41,0.0,1,37.29,29.69,SPY220930P00439000,439.0,0,0.0,0.0,,0.0,normalDay
2021-10-21,6893.0,827.0,0.0,0,453.59,0.0,1,37.29,29.02,SPY220930P00439000,439.0,0,0.0,0.0,,0.0,normalDay
2021-10-22,6893.0,780.0,0.0,0,453.12,0.0,1,37.29,29.49,SPY220930P00439000,439.0,0,0.0,0.0,,0.0,normalDay
2021-10-25,6893.0,879.0,0.0,0,455.55,0.0,1,37.29,28.5,SPY220930P00439000,439.0,0,0.0,0.0,,0.0,normalDay
2021-10-26,6893.0,905.0,0.0,0,455.96,0.0,1,37.29,28.24,SPY220930P00439000,439.0,0,0.0,0.0,,0.0,normalDay
2021-10-27,6893.0,773.0,0.0,0,453.94,0.0,1,37.29,29.56,SPY220930P00439000,439.0,0,0.0,0.0,,0.0,normalDay
2021-10-28,6893.0,893.0,0.0,0,458.32,0.0,1,37.29,28.36,SPY220930P00439000,439.0,0,0.0,0.0,,0.0,normalDay
2021-10-29,6893.0,992.0,0.0,0,459.25,0.0,1,37.29,27.37,SPY220930P00439000,439.0,0,0.0,0.0,,0.0,normalDay
2021-11-01,6893.0,1017.0,0.0,0,460.04,0.0,1,37.29,27.12,SPY220930P00439000,439.0,0,0.0,0.0,,0.0,normalDay
2021-11-02,6893.0,1073.0,0.0,0,461.9,0.0,1,37.29,26.56,SPY220930P00439000,439.0,0,0.0,0.0,,0.0,normalDay
2021-11-03,6893.0,1167.0,0.0,0,464.72,0.0,1,37.29,25.62,SPY220930P00439000,439.0,0,0.0,0.0,,0.0,normalDay
2021-11-04,6893.0,1210.0,0.0,0,466.91,0.0,1,37.29,25.19,SPY220930P00439000,439.0,0,0.0,0.0,,0.0,normalDay
2021-11-05,6893.0,1214.0,0.0,0,468.53,0.0,1,37.29,25.15,SPY220930P00439000,439.0,0,0.0,0.0,,0.0,normalDay
2021-11-08,6893.0,1213.0,0.0,0,468.93,0.0,1,37.29,25.16,SPY220930P00439000,439.0,0,0.0,0.0,,0.0,normalDay
2021-11-09,6893.0,1157.0,0.0,0,467.38,0.0,1,37.29,25.72,SPY220930P00439000,439.0,0,0.0,0.0,,0.0,normalDay
2021-11-10,6893.0,1067.0,0.0,0,463.62,0.0,1,37.29,26.62,SPY220930P00439000,439.0,0,0.0,0.0,,0.0,normalDay
2021-11-11,6893.0,1118.0,0.0,0,463.77,0.0,1,37.29,26.11,SPY220930P00439000,439.0,0,0.0,0.0,,0.0,normalDay
2021-11-12,6893.0,1251.0,0.0,0,467.27,0.0,1,37.29,24.78,SPY220930P00439000,439.0,0,0.0,0.0,,0.0,normalDay
2021-11-15,6893.0,1247.0,0.0,0,467.43,0.0,1,37.29,24.82,SPY220930P00439000,439.0,0,0.0,0.0,,0.0,normalDay
2021-11-16,6893.0,1287.0,0.0,0,469.28,0.0,1,37.29,24.42,SPY220930P00439000,439.0,0,0.0,0.0,,0.0,normalDay
2021-11-17,6893.0,1182.0,0.0,0,468.14,0.0,1,37.29,25.47,SPY220930P00439000,439.0,0,0.0,0.0,,0.0,normalDay
2021-11-18,6893.0,1229.0,0.0,0,469.73,0.0,1,37.29,25.0,SPY220930P00439000,439.0,0,0.0,0.0,,0.0,normalDay
2021-11-19,6893.0,1195.0,0.0,0,468.89,0.0,1,37.29,25.34,SPY220930P00439000,439.0,0,0.0,0.0,,0.0,normalDay
2021-11-22,6893.0,1117.0,0.0,0,467.57,0.0,1,37.29,26.12,SPY220930P00439000,439.0,0,0.0,0.0,,0.0,normalDay
2021-11-23,6893.0,1155.0,0.0,0,468.19,0.0,1,37.29,25.74,SPY220930P00439000,439.0,0,0.0,0.0,,0.0,normalDay
2021-11-24,6893.0,1229.0,0.0,0,469.44,0.0,1,37.29,25.0,SPY220930P00439000,439.0,0,0.0,0.0,,0.0,normalDay
2021-11-26,6893.0,388.0,0.0,0,458.97,0.0,1,37.29,33.41,SPY220930P00439000,439.0,0,0.0,0.0,,0.0,normalDay
2021-11-29,6893.0,1005.0,0.0,0,464.6,0.0,1,37.29,27.24,SPY220930P00439000,439.0,0,0.0,0.0,,0.0,normalDay
2021-11-30,6893.0,636.0,0.0,0,455.56,0.0,1,37.29,30.93,SPY220930P00439000,439.0,0,0.0,0.0,,0.0,normalDay
2021-12-01,6893.0,191.0,0.0,0,450.5,0.0,1,37.29,35.38,SPY220930P00439000,439.0,0,0.0,0.0,,0.0,normalDay
2021-12-02,6893.0,621.0,0.0,0,457.4,0.0,1,37.29,31.08,SPY220930P00439000,439.0,0,0.0,0.0,,0.0,normalDay
2021-12-03,6893.0,335.0,0.0,0,453.42,0.0,1,37.29,33.94,SPY220930P00439000,439.0,0,0.0,0.0,,0.0,normalDay
2021-12-06,6893.0,663.0,0.0,0,458.79,0.0,1,37.29,30.66,SPY220930P00439000,439.0,0,0.0,0.0,,0.0,normalDay
2021-12-07,6893.0,1134.0,0.0,0,468.28,0.0,1,37.29,25.95,SPY220930P00439000,439.0,0,0.0,0.0,,0.0,normalDay
2021-12-08,6893.0,1218.0,0.0,0,469.52,0.0,1,37.29,25.11,SPY220930P00439000,439.0,0,0.0,0.0,,0.0,normalDay
2021-12-09,6893.0,1092.0,0.0,0,466.35,0.0,1,37.29,26.37,SPY220930P00439000,439.0,0,0.0,0.0,,0.0,normalDay
2021-12-10,6893.0,1278.0,0.0,0,470.74,0.0,1,37.29,24.51,SPY220930P00439000,439.0,0,0.0,0.0,,0.0,normalDay
2021-12-13,6893.0,1101.0,0.0,0,466.57,0.0,1,37.29,26.28,SPY220930P00439000,439.0,0,0.0,0.0,,0.0,normalDay
2021-12-14,6893.0,973.0,0.0,0,463.36,0.0,1,37.29,27.56,SPY220930P00439000,439.0,0,0.0,0.0,,0.0,normalDay
2021-12-15,6893.0,1278.0,0.0,0,470.6,0.0,1,37.29,24.51,SPY220930P00439000,439.0,0,0.0,0.0,,0.0,normalDay
2021-12-16,6893.0,1085.0,0.0,0,466.45,0.0,1,37.29,26.44,SPY220930P00439000,439.0,0,0.0,0.0,,0.0,normalDay
2021-12-17,6893.0,924.0,0.0,0,459.87,0.0,1,37.29,28.05,SPY220930P00439000,439.0,0,0.0,0.0,,0.0,normalDay
2021-12-20,6893.0,776.0,0.0,0,454.98,0.0,1,37.29,29.53,SPY220930P00439000,439.0,0,0.0,0.0,,0.0,normalDay
2021-12-21,6893.0,1065.0,0.0,0,463.06,0.0,1,37.29,26.64,SPY220930P00439000,439.0,0,0.0,0.0,,0.0,normalDay
2021-12-22,6893.0,1267.0,0.0,0,467.69,0.0,1,37.29,24.62,SPY220930P00439000,439.0,0,0.0,0.0,,0.0,normalDay
2021-12-23,6893.0,1370.0,0.0,0,470.6,0.0,1,37.29,23.59,SPY220930P00439000,439.0,0,0.0,0.0,,0.0,normalDay
2021-12-27,6893.0,1568.0,0.0,0,477.26,0.0,1,37.29,21.61,SPY220930P00439000,439.0,0,0.0,0.0,,0.0,normalDay
2021-12-28,6893.0,1589.0,0.0,0,476.87,0.0,1,37.29,21.4,SPY220930P00439000,439.0,0,0.0,0.0,,0.0,normalDay
2021-12-29,6893.0,1625.0,0.0,0,477.48,0.0,1,37.29,21.04,SPY220930P00439000,439.0,0,0.0,0.0,,0.0,normalDay
2021-12-30,6893.0,1568.0,0.0,0,476.16,0.0,1,37.29,21.61,SPY220930P00439000,439.0,0,0.0,0.0,,0.0,normalDay
2021-12-31,6893.0,1596.0,0.0,0,474.96,0.0,1,37.29,21.33,SPY220930P00439000,439.0,0,0.0,0.0,,0.0,normalDay
2022-01-03,6893.0,1688.0,0.0,0,477.71,0.0,1,37.29,20.41,SPY220930P00439000,439.0,0,0.0,0.0,,0.0,normalDay
2022-01-04,6893.0,1672.0,0.0,0,477.55,0.0,1,37.29,20.57,SPY220930P00439000,439.0,0,0.0,0.0,,0.0,normalDay
2022-01-05,6893.0,1379.0,0.0,0,468.38,0.0,1,37.29,23.5,SPY220930P00439000,439.0,0,0.0,0.0,,0.0,normalDay
2022-01-06,6893.0,1379.0,0.0,0,467.94,0.0,1,37.29,23.5,SPY220930P00439000,439.0,0,0.0,0.0,,0.0,normalDay
2022-01-07,6893.0,1378.0,0.0,0,466.09,0.0,1,37.29,23.51,SPY220930P00439000,439.0,0,0.0,0.0,,0.0,normalDay
2022-01-10,6893.0,1389.0,0.0,0,465.51,0.0,1,37.29,23.4,SPY220930P00439000,439.0,0,0.0,0.0,,0.0,normalDay
2022-01-11,6893.0,1551.0,0.0,0,469.75,0.0,1,37.29,21.78,SPY220930P00439000,439.0,0,0.0,0.0,,0.0,normalDay
2022-01-12,6893.0,1610.0,0.0,0,471.02,0.0,1,37.29,21.19,SPY220930P00439000,439.0,0,0.0,0.0,,0.0,normalDay
2022-01-13,6893.0,1351.0,0.0,0,464.53,0.0,1,37.29,23.78,SPY220930P00439000,439.0,0,0.0,0.0,,0.0,normalDay
2022-01-14,6893.0,1417.0,0.0,0,464.72,0.0,1,37.29,23.12,SPY220930P00439000,439.0,0,0.0,0.0,,0.0,normalDay
2022-01-18,6893.0,1065.0,0.0,0,456.49,0.0,1,37.29,26.64,SPY220930P00439000,439.0,0,0.0,0.0,,0.0,normalDay
2022-01-19,6893.0,938.0,0.0,0,451.75,0.0,1,37.29,27.91,SPY220930P00439000,439.0,0,0.0,0.0,,0.0,normalDay
2022-01-20,6893.0,632.0,0.0,0,446.75,0.0,1,37.29,30.97,SPY220930P00439000,439.0,0,0.0,0.0,,0.0,normalDay
2022-01-21,6893.0,263.0,0.0,0,437.98,0.0,1,37.29,34.66,SPY220930P00439000,439.0,0,0.0,0.0,,0.0,normalDay
2022-01-24,6893.0,287.0,0.0,0,439.84,0.0,1,37.29,34.42,SPY220930P00439000,439.0,0,0.0,0.0,,0.0,normalDay
2022-01-25,6893.0,-23.0,0.0,0,434.47,0.0,1,37.29,37.52,SPY220930P00439000,439.0,0,0.0,0.0,,0.0,normalDay
2022-01-26,6893.0,10.0,0.0,0,433.38,0.0,1,37.29,37.19,SPY220930P00439000,439.0,0,0.0,0.0,,0.0,normalDay
2022-01-27,6893.0,31.0,0.0,0,431.24,0.0,1,37.29,36.98,SPY220930P00439000,439.0,0,0.0,0.0,,0.0,normalDay
2022-01-28,6893.0,575.0,0.0,0,441.95,0.0,1,37.29,31.54,SPY220930P00439000,439.0,0,0.0,0.0,,0.0,normalDay
2022-01-31,6893.0,938.0,0.0,0,449.91,0.0,1,37.29,27.91,SPY220930P00439000,439.0,0,0.0,0.0,,0.0,normalDay
2022-02-01,6893.0,1196.0,0.0,0,452.95,0.0,1,37.29,25.33,SPY220930P00439000,439.0,0,0.0,0.0,,0.0,normalDay
2022-02-02,6893.0,1216.0,0.0,0,457.35,0.0,1,37.29,25.13,SPY220930P00439000,439.0,0,0.0,0.0,,0.0,normalDay
2022-02-03,6893.0,935.0,0.0,0,446.6,0.0,1,37.29,27.94,SPY220930P00439000,439.0,0,0.0,0.0,,0.0,normalDay
2022-02-04,6893.0,878.0,0.0,0,448.7,0.0,1,37.29,28.51,SPY220930P00439000,439.0,0,0.0,0.0,,0.0,normalDay
2022-02-07,6893.0,915.0,0.0,0,447.26,0.0,1,37.29,28.14,SPY220930P00439000,439.0,0,0.0,0.0,,0.0,normalDay
2022-02-08,6893.0,1128.0,0.0,0,450.94,0.0,1,37.29,26.01,SPY220930P00439000,439.0,0,0.0,0.0,,0.0,normalDay
2022-02-09,6893.0,1375.0,0.0,0,457.54,0.0,1,37.29,23.54,SPY220930P00439000,439.0,0,0.0,0.0,,0.0,normalDay
2022-02-10,6893.0,1016.0,0.0,0,449.32,0.0,1,37.29,27.13,SPY220930P00439000,439.0,0,0.0,0.0,,0.0,normalDay
2022-02-11,6893.0,546.0,0.0,0,440.46,0.0,1,37.29,31.83,SPY220930P00439000,439.0,0,0.0,0.0,,0.0,normalDay
2022-02-14,6893.0,564.0,0.0,0,439.02,0.0,1,37.29,31.65,SPY220930P00439000,439.0,0,0.0,0.0,,0.0,normalDay
2022-02-15,6893.0,886.0,0.0,0,446.1,0.0,1,37.29,28.43,SPY220930P00439000,439.0,0,0.0,0.0,,0.0,normalDay
2022-02-16,6893.0,978.0,0.0,0,446.6,0.0,1,37.29,27.51,SPY220930P00439000,439.0,0,0.0,0.0,,0.0,normalDay
2022-02-17,6893.0,479.0,0.0,0,437.06,0.0,1,37.29,32.5,SPY220930P00439000,439.0,0,0.0,0.0,,0.0,normalDay
2022-02-18,6893.0,385.0,0.0,0,434.23,0.0,1,37.29,33.44,SPY220930P00439000,439.0,0,0.0,0.0,,0.0,normalDay
2022-02-22,6893.0,262.0,0.0,0,429.57,0.0,1,37.29,34.67,SPY220930P00439000,439.0,0,0.0,0.0,,0.0,normalDay
2022-02-23,6893.0,-209.0,0.0,0,421.95,0.0,1,37.29,39.38,SPY220930P00439000,439.0,0,0.0,0.0,,0.0,normalDay
2022-02-24,6893.0,80.0,0.0,0,428.3,0.0,1,37.29,36.49,SPY220930P00439000,439.0,0,0.0,0.0,,0.0,normalDay
2022-02-25,6893.0,621.0,0.0,0,437.75,0.0,1,37.29,31.08,SPY220930P00439000,439.0,0,0.0,0.0,,0.0,normalDay
2022-02-28,6893.0,518.0,0.0,0,436.63,0.0,1,37.29,32.11,SPY220930P00439000,439.0,0,0.0,0.0,,0.0,normalDay
2022-03-01,6893.0,78.0,0.0,0,429.98,0.0,1,37.29,36.51,SPY220930P00439000,439.0,0,0.0,0.0,,0.0,normalDay
2022-03-02,6893.0,490.0,0.0,0,437.89,0.0,1,37.29,32.39,SPY220930P00439000,439.0,0,0.0,0.0,,0.0,normalDay
2022-03-03,6893.0,414.0,0.0,0,435.71,0.0,1,37.29,33.15,SPY220930P00439000,439.0,0,0.0,0.0,,0.0,normalDay
2022-03-04,6893.0,159.0,0.0,0,432.17,0.0,1,37.29,35.7,SPY220930P00439000,439.0,0,0.0,0.0,,0.0,normalDay
2022-03-07,6893.0,-619.0,0.0,0,419.43,0.0,1,37.29,43.48,SPY220930P00439000,439.0,0,0.0,0.0,,0.0,normalDay
2022-03-08,6893.0,-766.0,0.0,0,416.25,0.0,1,37.29,44.95,SPY220930P00439000,439.0,0,0.0,0.0,,0.0,normalDay
2022-03-09,6893.0,-143.0,0.0,0,427.41,0.0,1,37.29,38.72,SPY220930P00439000,439.0,0,0.0,0.0,,0.0,normalDay
2022-03-10,6893.0,-99.0,0.0,0,425.48,0.0,1,37.29,38.28,SPY220930P00439000,439.0,0,0.0,0.0,,0.0,normalDay
2022-03-11,6893.0,-396.0,0.0,0,420.07,0.0,1,37.29,41.25,SPY220930P00439000,439.0,0,0.0,0.0,,0.0,normalDay
2022-03-14,6893.0,-530.0,0.0,0,417.0,0.0,1,37.29,42.59,SPY220930P00439000,439.0,0,0.0,0.0,,0.0,normalDay
2022-03-15,6893.0,-59.0,0.0,0,426.17,0.0,1,37.29,37.88,SPY220930P00439000,439.0,0,0.0,0.0,,0.0,normalDay
2022-03-16,6893.0,547.0,0.0,0,435.62,0.0,1,37.29,31.82,SPY220930P00439000,439.0,0,0.0,0.0,,0.0,normalDay
2022-03-17,6893.0,821.0,0.0,0,441.07,0.0,1,37.29,29.08,SPY220930P00439000,439.0,0,0.0,0.0,,0.0,normalDay
2022-03-18,6893.0,1134.0,0.0,0,444.52,0.0,1,37.29,25.95,SPY220930P00439000,439.0,0,0.0,0.0,,0.0,normalDay
2022-03-21,6893.0,1162.0,0.0,0,444.39,0.0,1,37.29,25.67,SPY220930P00439000,439.0,0,0.0,0.0,,0.0,normalDay
2022-03-22,6893.0,1391.0,0.0,0,449.59,0.0,1,37.29,23.38,SPY220930P00439000,439.0,0,0.0,0.0,,0.0,normalDay
2022-03-23,6893.0,1159.0,0.0,0,443.8,0.0,1,37.29,25.7,SPY220930P00439000,439.0,0,0.0,0.0,,0.0,normalDay
2022-03-24,6893.0,1436.0,0.0,0,450.49,0.0,1,37.29,22.93,SPY220930P00439000,439.0,0,0.0,0.0,,0.0,normalDay
2022-03-25,6893.0,1529.0,0.0,0,452.69,0.0,1,37.29,22.0,SPY220930P00439000,439.0,0,0.0,0.0,,0.0,normalDay
2022-03-28,6893.0,1683.0,0.0,0,455.91,0.0,1,37.29,20.46,SPY220930P00439000,439.0,0,0.0,0.0,,0.0,normalDay
2022-03-29,6893.0,1867.0,0.0,0,461.55,0.0,1,37.29,18.62,SPY220930P00439000,439.0,0,0.0,0.0,,0.0,normalDay
2022-03-30,6893.0,1782.0,0.0,0,458.7,0.0,1,37.29,19.47,SPY220930P00439000,439.0,0,0.0,0.0,,0.0,normalDay
2022-03-31,6893.0,1528.0,0.0,0,451.64,0.0,1,37.29,22.01,SPY220930P00439000,439.0,0,0.0,0.0,,0.0,normalDay
2022-04-01,6893.0,1607.0,0.0,0,452.92,0.0,1,37.29,21.22,SPY220930P00439000,439.0,0,0.0,0.0,,0.0,normalDay
2022-04-04,6893.0,1801.0,0.0,0,456.8,0.0,1,37.29,19.28,SPY220930P00439000,439.0,0,0.0,0.0,,0.0,normalDay
2022-04-05,6893.0,1564.0,0.0,0,451.03,0.0,1,37.29,21.65,SPY220930P00439000,439.0,0,0.0,0.0,,0.0,normalDay
2022-04-06,6893.0,1360.0,0.0,0,446.52,0.0,1,37.29,23.69,SPY220930P00439000,439.0,0,0.0,0.0,,0.0,normalDay
2022-04-07,6893.0,1451.0,0.0,0,448.77,0.0,1,37.29,22.78,SPY220930P00439000,439.0,0,0.0,0.0,,0.0,normalDay
2022-04-08,6893.0,1433.0,0.0,0,447.57,0.0,1,37.29,22.96,SPY220930P00439000,439.0,0,0.0,0.0,,0.0,normalDay
2022-04-11,6893.0,1092.0,0.0,0,439.92,0.0,1,37.29,26.37,SPY220930P00439000,439.0,0,0.0,0.0,,0.0,normalDay
2022-04-12,6893.0,1026.0,0.0,0,438.29,0.0,1,37.29,27.03,SPY220930P00439000,439.0,0,0.0,0.0,,0.0,normalDay
2022-04-13,6893.0,1312.0,0.0,0,443.31,0.0,1,37.29,24.17,SPY220930P00439000,439.0,0,0.0,0.0,,0.0,normalDay
2022-04-14,6893.0,1074.0,0.0,0,437.79,0.0,1,37.29,26.55,SPY220930P00439000,439.0,0,0.0,0.0,,0.0,normalDay
2022-04-18,6893.0,1184.0,0.0,0,437.97,0.0,1,37.29,25.45,SPY220930P00439000,439.0,0,0.0,0.0,,0.0,normalDay
2022-04-19,6893.0,1376.0,0.0,0,445.04,0.0,1,37.29,23.53,SPY220930P00439000,439.0,0,0.0,0.0,,0.0,normalDay
2022-04-20,6893.0,1518.0,0.0,0,444.71,0.0,1,37.29,22.11,SPY220930P00439000,439.0,0,0.0,0.0,,0.0,normalDay
2022-04-21,6893.0,1127.0,0.0,0,438.06,0.0,1,37.29,26.02,SPY220930P00439000,439.0,0,0.0,0.0,,0.0,normalDay
2022-04-22,6893.0,366.0,0.0,0,426.04,0.0,1,37.29,33.63,SPY220930P00439000,439.0,0,0.0,0.0,,0.0,normalDay
2022-04-25,6893.0,624.0,0.0,0,428.51,0.0,1,37.29,31.05,SPY220930P00439000,439.0,0,0.0,0.0,,0.0,normalDay
2022-04-26,6893.0,-286.0,0.0,0,416.1,0.0,1,37.29,40.15,SPY220930P00439000,439.0,0,0.0,0.0,,0.0,normalDay
2022-04-27,6893.0,8.0,0.0,0,417.27,0.0,1,37.29,37.21,SPY220930P00439000,439.0,0,0.0,0.0,,0.0,normalDay
2022-04-28,6893.0,428.0,0.0,0,427.81,0.0,1,37.29,33.01,SPY220930P00439000,439.0,0,0.0,0.0,,0.0,normalDay
2022-04-29,6893.0,-312.0,0.0,0,412.0,0.0,1,37.29,40.41,SPY220930P00439000,439.0,0,0.0,0.0,,0.0,normalDay
2022-05-02,6893.0,-151.0,0.0,0,414.48,0.0,1,37.29,38.8,SPY220930P00439000,439.0,0,0.0,0.0,,0.0,normalDay
2022-05-03,6893.0,77.0,0.0,0,416.38,0.0,1,37.29,36.52,SPY220930P00439000,439.0,0,0.0,0.0,,0.0,normalDay
2022-05-04,6893.0,789.0,0.0,0,429.06,0.0,1,37.29,29.4,SPY220930P00439000,439.0,0,0.0,0.0,,0.0,normalDay
2022-05-05,6893.0,-204.0,0.0,0,413.81,0.0,1,37.29,39.33,SPY220930P00439000,439.0,0,0.0,0.0,,0.0,normalDay
2022-05-06,6893.0,-421.0,0.0,0,411.34,0.0,1,37.29,41.5,SPY220930P00439000,439.0,0,0.0,0.0,,0.0,normalDay
2022-05-09,6893.0,-1197.0,0.0,0,398.17,0.0,1,37.29,49.26,SPY220930P00439000,439.0,0,0.0,0.0,,0.0,normalDay
2022-05-10,6893.0,-1147.0,0.0,0,399.09,0.0,1,37.29,48.76,SPY220930P00439000,439.0,0,0.0,0.0,,0.0,normalDay
2022-05-11,6893.0,-1601.0,0.0,0,392.75,0.0,1,37.29,53.3,SPY220930P00439000,439.0,0,0.0,0.0,,0.0,normalDay
2022-05-12,6893.0,-1637.0,0.0,0,392.34,0.0,1,37.29,53.66,SPY220930P00439000,439.0,0,0.0,0.0,,0.0,normalDay
2022-05-13,6893.0,-927.0,0.0,0,401.72,0.0,1,37.29,46.56,SPY220930P00439000,439.0,0,0.0,0.0,,0.0,normalDay
2022-05-16,6893.0,-975.0,0.0,0,400.09,0.0,1,37.29,47.04,SPY220930P00439000,439.0,0,0.0,0.0,,0.0,normalDay
2022-05-17,6893.0,-337.0,0.0,0,408.32,0.0,1,37.29,40.66,SPY220930P00439000,439.0,0,0.0,0.0,,0.0,normalDay
2022-05-18,6893.0,-1696.0,0.0,0,391.86,0.0,1,37.29,54.25,SPY220930P00439000,439.0,0,0.0,0.0,,0.0,normalDay
2022-05-19,6893.0,-1803.0,0.0,0,389.46,0.0,1,37.29,55.32,SPY220930P00439000,439.0,0,0.0,0.0,,0.0,normalDay
2022-05-20,6893.0,-1802.0,0.0,0,389.63,0.0,1,37.29,55.31,SPY220930P00439000,439.0,0,0.0,0.0,,0.0,normalDay
2022-05-23,6893.0,-1156.0,0.0,0,396.92,0.0,1,37.29,48.85,SPY220930P00439000,439.0,0,0.0,0.0,,0.0,normalDay
2022-05-24,6893.0,-1405.0,0.0,0,393.89,0.0,1,37.29,51.34,SPY220930P00439000,439.0,0,0.0,0.0,,0.0,normalDay
2022-05-25,6893.0,-1157.0,0.0,0,397.37,0.0,1,37.29,48.86,SPY220930P00439000,439.0,0,0.0,0.0,,0.0,normalDay
2022-05-26,6893.0,-603.0,0.0,0,405.31,0.0,1,37.29,43.32,SPY220930P00439000,439.0,0,0.0,0.0,,0.0,normalDay
2022-05-27,6893.0,48.0,0.0,0,415.26,0.0,1,37.29,36.81,SPY220930P00439000,439.0,0,0.0,0.0,,0.0,normalDay
2022-05-31,6893.0,21.0,0.0,0,412.93,0.0,1,37.29,37.08,SPY220930P00439000,439.0,0,0.0,0.0,,0.0,normalDay
2022-06-01,6893.0,-159.0,0.0,0,409.59,0.0,1,37.29,38.88,SPY220930P00439000,439.0,0,0.0,0.0,,0.0,normalDay
2022-06-02,6893.0,391.0,0.0,0,417.39,0.0,1,37.29,33.38,SPY220930P00439000,439.0,0,0.0,0.0,,0.0,normalDay
2022-06-03,6893.0,-56.0,0.0,0,410.54,0.0,1,37.29,37.85,SPY220930P00439000,439.0,0,0.0,0.0,,0.0,normalDay
2022-06-06,6893.0,44.0,0.0,0,411.79,0.0,1,37.29,36.85,SPY220930P00439000,439.0,0,0.0,0.0,,0.0,normalDay
2022-06-07,6893.0,297.0,0.0,0,415.74,0.0,1,37.29,34.32,SPY220930P00439000,439.0,0,0.0,0.0,,0.0,normalDay
2022-06-08,6893.0,39.0,0.0,0,411.22,0.0,1,37.29,36.9,SPY220930P00439000,439.0,0,0.0,0.0,,0.0,normalDay
2022-06-09,6893.0,-705.0,0.0,0,401.44,0.0,1,37.29,44.34,SPY220930P00439000,439.0,0,0.0,0.0,,0.0,normalDay
2022-06-10,6893.0,-1637.0,0.0,0,389.8,0.0,1,37.29,53.66,SPY220930P00439000,439.0,0,0.0,0.0,,0.0,normalDay
2022-06-13,6893.0,-3008.0,0.0,0,375.0,0.0,1,37.29,67.37,SPY220930P00439000,439.0,0,0.0,0.0,,0.0,normalDay
2022-06-14,6893.0,-3180.0,0.0,0,373.87,0.0,1,37.29,69.09,SPY220930P00439000,439.0,0,0.0,0.0,,0.0,normalDay
2022-06-15,6893.0,-2603.0,0.0,0,379.2,0.0,1,37.29,63.32,SPY220930P00439000,439.0,0,0.0,0.0,,0.0,normalDay
2022-06-16,6893.0,-3715.0,0.0,0,366.65,0.0,1,37.29,74.44,SPY220930P00439000,439.0,0,0.0,0.0,,0.0,normalDay
2022-06-17,6893.0,-3619.0,0.0,0,365.86,0.0,1,37.29,73.48,SPY220930P00439000,439.0,0,0.0,0.0,,0.0,normalDay
2022-06-21,6893.0,-2792.0,0.0,0,375.07,0.0,1,37.29,65.21,SPY220930P00439000,439.0,0,0.0,0.0,,0.0,normalDay
2022-06-22,6893.0,-2822.0,0.0,0,374.39,0.0,1,37.29,65.51,SPY220930P00439000,439.0,0,0.0,0.0,,0.0,normalDay
2022-06-23,6893.0,-2611.0,0.0,0,378.06,0.0,1,37.29,63.4,SPY220930P00439000,439.0,0,0.0,0.0,,0.0,normalDay
2022-06-24,6893.0,-1518.0,0.0,0,390.08,0.0,1,37.29,52.47,SPY220930P00439000,439.0,0,0.0,0.0,,0.0,normalDay
2022-06-27,6893.0,-1483.0,0.0,0,388.59,0.0,1,37.29,52.12,SPY220930P00439000,439.0,0,0.0,0.0,,0.0,normalDay
2022-06-28,6893.0,-2265.0,0.0,0,380.65,0.0,1,37.29,59.94,SPY220930P00439000,439.0,0,0.0,0.0,,0.0,normalDay
2022-06-29,6893.0,-2253.0,0.0,0,380.34,0.0,1,37.29,59.82,SPY220930P00439000,439.0,0,0.0,0.0,,0.0,normalDay
2022-06-30,6893.0,-2647.0,0.0,0,377.25,0.0,1,37.29,63.76,SPY220930P00439000,439.0,0,0.0,0.0,,0.0,normalDay
2022-07-01,6893.0,-2216.0,0.0,0,381.24,0.0,1,37.29,59.45,SPY220930P00439000,439.0,0,0.0,0.0,,0.0,normalDay
2022-07-05,6893.0,-2172.0,0.0,0,381.96,0.0,1,37.29,59.01,SPY220930P00439000,439.0,0,0.0,0.0,,0.0,normalDay
2022-07-06,6893.0,-1966.0,0.0,0,383.25,0.0,1,37.29,56.95,SPY220930P00439000,439.0,0,0.0,0.0,,0.0,normalDay
2022-07-07,6893.0,-1487.0,0.0,0,388.99,0.0,1,37.29,52.16,SPY220930P00439000,439.0,0,0.0,0.0,,0.0,normalDay
2022-07-08,6893.0,-1445.0,0.0,0,388.67,0.0,1,37.29,51.74,SPY220930P00439000,439.0,0,0.0,0.0,,0.0,normalDay
2022-07-11,6893.0,-1849.0,0.0,0,384.23,0.0,1,37.29,55.78,SPY220930P00439000,439.0,0,0.0,0.0,,0.0,normalDay
2022-07-12,6893.0,-2230.0,0.0,0,380.83,0.0,1,37.29,59.59,SPY220930P00439000,439.0,0,0.0,0.0,,0.0,normalDay
2022-07-13,6893.0,-2414.0,0.0,0,378.83,0.0,1,37.29,61.43,SPY220930P00439000,439.0,0,0.0,0.0,,0.0,normalDay
2022-07-14,6893.0,-2457.0,0.0,0,377.91,0.0,1,37.29,61.86,SPY220930P00439000,439.0,0,0.0,0.0,,0.0,normalDay
2022-07-15,6893.0,-1773.0,0.0,0,385.13,0.0,1,37.29,55.02,SPY220930P00439000,439.0,0,0.0,0.0,,0.0,normalDay
2022-07-18,6893.0,-2060.0,0.0,0,381.95,0.0,1,37.29,57.89,SPY220930P00439000,439.0,0,0.0,0.0,,0.0,normalDay
2022-07-19,6893.0,-1080.0,0.0,0,392.27,0.0,1,37.29,48.09,SPY220930P00439000,439.0,0,0.0,0.0,,0.0,normalDay
2022-07-20,6893.0,-880.0,0.0,0,394.77,0.0,1,37.29,46.09,SPY220930P00439000,439.0,0,0.0,0.0,,0.0,normalDay
2022-07-21,6893.0,-568.0,0.0,0,398.79,0.0,1,37.29,42.97,SPY220930P00439000,439.0,0,0.0,0.0,,0.0,normalDay
2022-07-22,6893.0,-907.0,0.0,0,395.09,0.0,1,37.29,46.36,SPY220930P00439000,439.0,0,0.0,0.0,,0.0,normalDay
2022-07-25,6893.0,-759.0,0.0,0,395.57,0.0,1,37.29,44.88,SPY220930P00439000,439.0,0,0.0,0.0,,0.0,normalDay
2022-07-26,6893.0,-1150.0,0.0,0,390.89,0.0,1,37.29,48.79,SPY220930P00439000,439.0,0,0.0,0.0,,0.0,normalDay
2022-07-27,6893.0,-357.0,0.0,0,401.04,0.0,1,37.29,40.86,SPY220930P00439000,439.0,0,0.0,0.0,,0.0,normalDay
2022-07-28,6893.0,237.0,0.0,0,406.07,0.0,1,37.29,34.92,SPY220930P00439000,439.0,0,0.0,0.0,,0.0,normalDay
2022-07-29,6893.0,658.0,0.0,0,411.99,0.0,1,37.29,30.71,SPY220930P00439000,439.0,0,0.0,0.0,,0.0,normalDay
2022-08-01,6893.0,562.0,0.0,0,410.77,0.0,1,37.29,31.67,SPY220930P00439000,439.0,0,0.0,0.0,,0.0,normalDay
2022-08-02,6893.0,293.0,0.0,0,408.06,0.0,1,37.29,34.36,SPY220930P00439000,439.0,0,0.0,0.0,,0.0,normalDay
2022-08-03,6893.0,843.0,0.0,0,414.45,0.0,1,37.29,28.86,SPY220930P00439000,439.0,0,0.0,0.0,,0.0,normalDay
2022-08-04,6893.0,871.0,0.0,0,414.17,0.0,1,37.29,28.58,SPY220930P00439000,439.0,0,0.0,0.0,,0.0,normalDay
2022-08-05,6893.0,809.0,0.0,0,413.47,0.0,1,37.29,29.2,SPY220930P00439000,439.0,0,0.0,0.0,,0.0,normalDay
2022-08-08,6893.0,831.0,0.0,0,412.99,0.0,1,37.29,28.98,SPY220930P00439000,439.0,0,0.0,0.0,,0.0,normalDay
2022-08-09,6893.0,709.0,0.0,0,411.35,0.0,1,37.29,30.2,SPY220930P00439000,439.0,0,0.0,0.0,,0.0,normalDay
2022-08-10,6893.0,1372.0,0.0,0,419.99,0.0,1,37.29,23.57,SPY220930P00439000,439.0,0,0.0,0.0,,0.0,normalDay
2022-08-11,6893.0,1429.0,0.0,0,419.99,0.0,1,37.29,23.0,SPY220930P00439000,439.0,0,0.0,0.0,,0.0,normalDay
2022-08-12,6893.0,1875.0,0.0,0,427.1,0.0,1,37.29,18.54,SPY220930P00439000,439.0,0,0.0,0.0,,0.0,normalDay
2022-08-15,6893.0,2020.0,0.0,0,428.86,0.0,1,37.29,17.09,SPY220930P00439000,439.0,0,0.0,0.0,,0.0,normalDay
2022-08-16,6893.0,2083.0,0.0,0,429.7,0.0,1,37.29,16.46,SPY220930P00439000,439.0,0,0.0,0.0,,0.0,normalDay
2022-08-17,6893.0,1896.0,0.0,0,426.65,0.0,1,37.29,18.33,SPY220930P00439000,439.0,0,0.0,0.0,,0.0,normalDay
2022-08-18,6893.0,2016.0,0.0,0,427.89,0.0,1,37.29,17.13,SPY220930P00439000,439.0,0,0.0,0.0,,0.0,normalDay
2022-08-19,6893.0,1618.0,0.0,0,422.14,0.0,1,37.29,21.11,SPY220930P00439000,439.0,0,0.0,0.0,,0.0,normalDay
2022-08-22,6893.0,915.0,0.0,0,413.35,0.0,1,37.29,28.14,SPY220930P00439000,439.0,0,0.0,0.0,,0.0,normalDay
2022-08-23,6893.0,775.0,0.0,0,412.35,0.0,1,37.29,29.54,SPY220930P00439000,439.0,0,0.0,0.0,,0.0,normalDay
2022-08-24,6893.0,965.0,0.0,0,413.67,0.0,1,37.29,27.64,SPY220930P00439000,439.0,0,0.0,0.0,,0.0,normalDay
2022-08-25,6893.0,1418.0,0.0,0,419.51,0.0,1,37.29,23.11,SPY220930P00439000,439.0,0,0.0,0.0,,0.0,normalDay
2022-08-26,6893.0,129.0,0.0,0,405.31,0.0,1,37.29,36.0,SPY220930P00439000,439.0,0,0.0,0.0,,0.0,normalDay
2022-08-29,6893.0,-77.0,0.0,0,402.63,0.0,1,37.29,38.06,SPY220930P00439000,439.0,0,0.0,0.0,,0.0,normalDay
2022-08-30,6893.0,-497.0,0.0,0,398.21,0.0,1,37.29,42.26,SPY220930P00439000,439.0,0,0.0,0.0,,0.0,normalDay
2022-08-31,6893.0,-773.0,0.0,0,395.18,0.0,1,37.29,45.02,SPY220930P00439000,439.0,0,0.0,0.0,,0.0,normalDay
2022-09-01,6893.0,-680.0,0.0,0,396.42,0.0,1,37.29,44.09,SPY220930P00439000,439.0,0,0.0,0.0,,0.0,normalDay
2022-09-02,6893.0,-1102.0,0.0,0,392.24,0.0,1,37.29,48.31,SPY220930P00439000,439.0,0,0.0,0.0,,0.0,normalDay
2022-09-06,6893.0,-1335.0,0.0,0,390.76,0.0,1,37.29,50.64,SPY220930P00439000,439.0,0,0.0,0.0,,0.0,normalDay
2022-09-07,6893.0,-585.0,0.0,0,397.78,0.0,1,37.29,43.14,SPY220930P00439000,439.0,0,0.0,0.0,,0.0,normalDay
2022-09-08,6893.0,-255.0,0.0,0,400.38,0.0,1,37.29,39.84,SPY220930P00439000,439.0,0,0.0,0.0,,0.0,normalDay
2022-09-09,6893.0,272.0,0.0,0,406.6,0.0,1,37.29,34.57,SPY220930P00439000,439.0,0,0.0,0.0,,0.0,normalDay
2022-09-12,6893.0,744.0,0.0,0,410.97,0.0,1,37.29,29.85,SPY220930P00439000,439.0,0,0.0,0.0,,0.0,normalDay
2022-09-13,6893.0,-1000.0,0.0,0,393.1,0.0,1,37.29,47.29,SPY220930P00439000,439.0,0,0.0,0.0,,0.0,normalDay
2022-09-14,6893.0,-897.0,0.0,0,394.6,0.0,1,37.29,46.26,SPY220930P00439000,439.0,0,0.0,0.0,,0.0,normalDay
2022-09-15,6893.0,-1268.0,0.0,0,390.12,0.0,1,37.29,49.97,SPY220930P00439000,439.0,0,0.0,0.0,,0.0,normalDay
2022-09-16,6893.0,-1595.0,0.0,0,385.56,0.0,1,37.29,53.24,SPY220930P00439000,439.0,0,0.0,0.0,,0.0,normalDay
2022-09-19,6893.0,-1346.0,0.0,0,388.55,0.0,1,37.29,50.75,SPY220930P00439000,439.0,0,0.0,0.0,,0.0,normalDay
2022-09-20,6893.0,-1714.0,0.0,0,384.09,0.0,1,37.29,54.43,SPY220930P00439000,439.0,0,0.0,0.0,,0.0,normalDay
2022-09-21,6893.0,-2445.0,0.0,0,377.39,0.0,1,37.29,61.74,SPY220930P00439000,439.0,0,0.0,0.0,,0.0,normalDay
2022-09-22,6893.0,-2717.0,0.0,0,374.22,0.0,1,37.29,64.46,SPY220930P00439000,439.0,0,0.0,0.0,,0.0,normalDay
2022-09-23,6893.0,-3424.0,0.0,0,367.95,0.0,1,37.29,71.53,SPY220930P00439000,439.0,0,0.0,0.0,,0.0,normalDay
2022-09-26,6893.0,-3815.0,0.0,0,364.31,0.0,1,37.29,75.44,SPY220930P00439000,439.0,0,0.0,0.0,,0.0,normalDay
2022-09-27,6893.0,-3851.0,0.0,0,363.38,0.0,1,37.29,75.8,SPY220930P00439000,439.0,0,0.0,0.0,,0.0,normalDay
2022-09-28,6893.0,-3138.0,0.0,0,370.53,0.0,1,37.29,68.67,SPY220930P00439000,439.0,0,0.0,0.0,,0.0,normalDay
2022-09-29,6893.0,-3890.0,0.0,0,362.79,0.0,1,37.29,76.19,SPY220930P00439000,439.0,0,0.0,0.0,,0.0,normalDay
2022-09-30,10622.0,-8182.0,3729.0,100,357.18,439.0,1,37.29,0.0,SPY220930P00439000,439.0,0,0.0,0.0,,0.0,expirationDay
2022-10-03,10622.0,-7242.0,0.0,100,366.61,439.0,0,0.0,0.0,,0.0,1,0.13,0.16,SPY221007C00386000,386.0,normalDay
2022-10-04,10622.0,-6206.0,0.0,100,377.97,439.0,0,0.0,0.0,,0.0,1,0.13,1.16,SPY221007C00386000,386.0,normalDay
2022-10-05,10622.0,-6238.0,0.0,100,377.09,439.0,0,0.0,0.0,,0.0,1,0.13,0.6,SPY221007C00386000,386.0,normalDay
2022-10-06,10622.0,-6577.0,0.0,100,373.2,439.0,0,0.0,0.0,,0.0,1,0.13,0.1,SPY221007C00386000,386.0,normalDay
2022-10-07,10635.0,-7621.0,13.0,100,362.79,439.0,0,0.0,0.0,,0.0,1,0.13,0.0,SPY221007C00386000,386.0,expirationDay
2022-10-10,10635.0,-7901.0,0.0,100,360.02,439.0,0,0.0,0.0,,0.0,1,0.58,0.61,SPY221014C00377000,377.0,normalDay
2022-10-11,10635.0,-8111.0,0.0,100,357.74,439.0,0,0.0,0.0,,0.0,1,0.58,0.43,SPY221014C00377000,377.0,normalDay
2022-10-12,10635.0,-8208.0,0.0,100,356.56,439.0,0,0.0,0.0,,0.0,1,0.58,0.22,SPY221014C00377000,377.0,normalDay
2022-10-13,10635.0,-7264.0,0.0,100,365.97,439.0,0,0.0,0.0,,0.0,1,0.58,0.19,SPY221014C00377000,377.0,normalDay
2022-10-14,10693.0,-8137.0,58.0,100,357.63,439.0,0,0.0,0.0,,0.0,1,0.58,0.0,SPY221014C00377000,377.0,expirationDay
2022-10-17,10693.0,-7222.0,0.0,100,366.82,439.0,0,0.0,0.0,,0.0,1,4.14,4.18,SPY221021C00369000,369.0,normalDay
2022-10-18,10693.0,-6994.0,0.0,100,371.13,439.0,0,0.0,0.0,,0.0,1,4.14,6.21,SPY221021C00369000,369.0,normalDay
2022-10-19,10693.0,-6949.0,0.0,100,368.5,439.0,0,0.0,0.0,,0.0,1,4.14,3.13,SPY221021C00369000,369.0,normalDay
2022-10-20,10693.0,-7052.0,0.0,100,365.41,439.0,0,0.0,0.0,,0.0,1,4.14,1.07,SPY221021C00369000,369.0,normalDay
2022-10-21,4107.0,-7052.0,-6586.0,0,374.29,0.0,0,0.0,0.0,,0.0,1,4.14,0.0,SPY221021C00369000,369.0,expirationDay
2022-10-24,4107.0,-280.0,0.0,0,378.87,0.0,1,26.14,28.94,SPY230929P00364000,364.0,0,0.0,0.0,,0.0,normalDay
2022-10-25,4107.0,-8.0,0.0,0,384.92,0.0,1,26.14,26.22,SPY230929P00364000,364.0,0,0.0,0.0,,0.0,normalDay
2022-10-26,4107.0,-186.0,0.0,0,382.02,0.0,1,26.14,28.0,SPY230929P00364000,364.0,0,0.0,0.0,,0.0,normalDay
2022-10-27,4107.0,-242.0,0.0,0,379.98,0.0,1,26.14,28.56,SPY230929P00364000,364.0,0,0.0,0.0,,0.0,normalDay
2022-10-28,4107.0,268.0,0.0,0,389.02,0.0,1,26.14,23.46,SPY230929P00364000,364.0,0,0.0,0.0,,0.0,normalDay
2022-10-31,4107.0,211.0,0.0,0,386.21,0.0,1,26.14,24.03,SPY230929P00364000,364.0,0,0.0,0.0,,0.0,normalDay
2022-11-01,4107.0,175.0,0.0,0,384.52,0.0,1,26.14,24.39,SPY230929P00364000,364.0,0,0.0,0.0,,0.0,normalDay
2022-11-02,4107.0,-225.0,0.0,0,374.87,0.0,1,26.14,28.39,SPY230929P00364000,364.0,0,0.0,0.0,,0.0,normalDay
2022-11-03,4107.0,-239.0,0.0,0,371.01,0.0,1,26.14,28.53,SPY230929P00364000,364.0,0,0.0,0.0,,0.0,normalDay
2022-11-04,4107.0,-55.0,0.0,0,376.35,0.0,1,26.14,26.69,SPY230929P00364000,364.0,0,0.0,0.0,,0.0,normalDay
2022-11-07,4107.0,100.0,0.0,0,379.95,0.0,1,26.14,25.14,SPY230929P00364000,364.0,0,0.0,0.0,,0.0,normalDay
2022-11-08,4107.0,120.0,0.0,0,382.0,0.0,1,26.14,24.94,SPY230929P00364000,364.0,0,0.0,0.0,,0.0,normalDay
2022-11-09,4107.0,-116.0,0.0,0,374.13,0.0,1,26.14,27.3,SPY230929P00364000,364.0,0,0.0,0.0,,0.0,normalDay
2022-11-10,4107.0,511.0,0.0,0,394.69,0.0,1,26.14,21.03,SPY230929P00364000,364.0,0,0.0,0.0,,0.0,normalDay
2022-11-11,4107.0,580.0,0.0,0,398.51,0.0,1,26.14,20.34,SPY230929P00364000,364.0,0,0.0,0.0,,0.0,normalDay
2022-11-14,4107.0,522.0,0.0,0,395.12,0.0,1,26.14,20.92,SPY230929P00364000,364.0,0,0.0,0.0,,0.0,normalDay
2022-11-15,4107.0,584.0,0.0,0,398.49,0.0,1,26.14,20.3,SPY230929P00364000,364.0,0,0.0,0.0,,0.0,normalDay
2022-11-16,4107.0,546.0,0.0,0,395.45,0.0,1,26.14,20.68,SPY230929P00364000,364.0,0,0.0,0.0,,0.0,normalDay
2022-11-17,4107.0,553.0,0.0,0,394.24,0.0,1,26.14,20.61,SPY230929P00364000,364.0,0,0.0,0.0,,0.0,normalDay
2022-11-18,4107.0,565.0,0.0,0,396.03,0.0,1,26.14,20.49,SPY230929P00364000,364.0,0,0.0,0.0,,0.0,normalDay
2022-11-21,4107.0,596.0,0.0,0,394.59,0.0,1,26.14,20.18,SPY230929P00364000,364.0,0,0.0,0.0,,0.0,normalDay
2022-11-22,4107.0,759.0,0.0,0,399.9,0.0,1,26.14,18.55,SPY230929P00364000,364.0,0,0.0,0.0,,0.0,normalDay
2022-11-23,4107.0,865.0,0.0,0,402.42,0.0,1,26.14,17.49,SPY230929P00364000,364.0,0,0.0,0.0,,0.0,normalDay
2022-11-25,4107.0,848.0,0.0,0,402.33,0.0,1,26.14,17.66,SPY230929P00364000,364.0,0,0.0,0.0,,0.0,normalDay
2022-11-28,4107.0,651.0,0.0,0,395.91,0.0,1,26.14,19.63,SPY230929P00364000,364.0,0,0.0,0.0,,0.0,normalDay
2022-11-29,4107.0,651.0,0.0,0,395.23,0.0,1,26.14,19.63,SPY230929P00364000,364.0,0,0.0,0.0,,0.0,normalDay
2022-11-30,4107.0,950.0,0.0,0,407.68,0.0,1,26.14,16.64,SPY230929P00364000,364.0,0,0.0,0.0,,0.0,normalDay
2022-12-01,4107.0,972.0,0.0,0,407.38,0.0,1,26.14,16.42,SPY230929P00364000,364.0,0,0.0,0.0,,0.0,normalDay
2022-12-02,4107.0,999.0,0.0,0,406.91,0.0,1,26.14,16.15,SPY230929P00364000,364.0,0,0.0,0.0,,0.0,normalDay
2022-12-05,4107.0,841.0,0.0,0,399.59,0.0,1,26.14,17.73,SPY230929P00364000,364.0,0,0.0,0.0,,0.0,normalDay
2022-12-06,4107.0,697.0,0.0,0,393.83,0.0,1,26.14,19.17,SPY230929P00364000,364.0,0,0.0,0.0,,0.0,normalDay
2022-12-07,4107.0,638.0,0.0,0,393.16,0.0,1,26.14,19.76,SPY230929P00364000,364.0,0,0.0,0.0,,0.0,normalDay
2022-12-08,4107.0,722.0,0.0,0,396.24,0.0,1,26.14,18.92,SPY230929P00364000,364.0,0,0.0,0.0,,0.0,normalDay
2022-12-09,4107.0,638.0,0.0,0,393.28,0.0,1,26.14,19.76,SPY230929P00364000,364.0,0,0.0,0.0,,0.0,normalDay
2022-12-12,4107.0,762.0,0.0,0,398.95,0.0,1,26.14,18.52,SPY230929P00364000,364.0,0,0.0,0.0,,0.0,normalDay
2022-12-13,4107.0,894.0,0.0,0,401.97,0.0,1,26.14,17.2,SPY230929P00364000,364.0,0,0.0,0.0,,0.0,normalDay
2022-12-14,4107.0,864.0,0.0,0,399.4,0.0,1,26.14,17.5,SPY230929P00364000,364.0,0,0.0,0.0,,0.0,normalDay
2022-12-15,4107.0,574.0,0.0,0,389.63,0.0,1,26.14,20.4,SPY230929P00364000,364.0,0,0.0,0.0,,0.0,normalDay
2022-12-16,4107.0,429.0,0.0,0,383.27,0.0,1,26.14,21.85,SPY230929P00364000,364.0,0,0.0,0.0,,0.0,normalDay
2022-12-19,4107.0,365.0,0.0,0,380.02,0.0,1,26.14,22.49,SPY230929P00364000,364.0,0,0.0,0.0,,0.0,normalDay
2022-12-20,4107.0,436.0,0.0,0,380.54,0.0,1,26.14,21.78,SPY230929P00364000,364.0,0,0.0,0.0,,0.0,normalDay
2022-12-21,4107.0,650.0,0.0,0,386.23,0.0,1,26.14,19.64,SPY230929P00364000,364.0,0,0.0,0.0,,0.0,normalDay
2022-12-22,4107.0,449.0,0.0,0,380.72,0.0,1,26.14,21.65,SPY230929P00364000,364.0,0,0.0,0.0,,0.0,normalDay
2022-12-23,4107.0,547.0,0.0,0,382.91,0.0,1,26.14,20.67,SPY230929P00364000,364.0,0,0.0,0.0,,0.0,normalDay
2022-12-27,4107.0,521.0,0.0,0,381.4,0.0,1,26.14,20.93,SPY230929P00364000,364.0,0,0.0,0.0,,0.0,normalDay
2022-12-28,4107.0,373.0,0.0,0,376.66,0.0,1,26.14,22.41,SPY230929P00364000,364.0,0,0.0,0.0,,0.0,normalDay
2022-12-29,4107.0,604.0,0.0,0,383.44,0.0,1,26.14,20.1,SPY230929P00364000,364.0,0,0.0,0.0,,0.0,normalDay
2022-12-30,4107.0,583.0,0.0,0,382.43,0.0,1,26.14,20.31,SPY230929P00364000,364.0,0,0.0,0.0,,0.0,normalDay
2023-01-03,4107.0,543.0,0.0,0,380.82,0.0,1,26.14,20.71,SPY230929P00364000,364.0,0,0.0,0.0,,0.0,normalDay
2023-01-04,4107.0,698.0,0.0,0,383.76,0.0,1,26.14,19.16,SPY230929P00364000,364.0,0,0.0,0.0,,0.0,normalDay
2023-01-05,4107.0,580.0,0.0,0,379.38,0.0,1,26.14,20.34,SPY230929P00364000,364.0,0,0.0,0.0,,0.0,normalDay
2023-01-06,4107.0,878.0,0.0,0,388.08,0.0,1,26.14,17.36,SPY230929P00364000,364.0,0,0.0,0.0,,0.0,normalDay
2023-01-09,4107.0,873.0,0.0,0,387.86,0.0,1,26.14,17.41,SPY230929P00364000,364.0,0,0.0,0.0,,0.0,normalDay
2023-01-10,4107.0,999.0,0.0,0,390.58,0.0,1,26.14,16.15,SPY230929P00364000,364.0,0,0.0,0.0,,0.0,normalDay
2023-01-11,4107.0,1108.0,0.0,0,395.52,0.0,1,26.14,15.06,SPY230929P00364000,364.0,0,0.0,0.0,,0.0,normalDay
2023-01-12,4107.0,1216.0,0.0,0,396.96,0.0,1,26.14,13.98,SPY230929P00364000,364.0,0,0.0,0.0,,0.0,normalDay
2023-01-13,4107.0,1280.0,0.0,0,398.5,0.0,1,26.14,13.34,SPY230929P00364000,364.0,0,0.0,0.0,,0.0,normalDay
2023-01-17,4107.0,1281.0,0.0,0,397.77,0.0,1,26.14,13.33,SPY230929P00364000,364.0,0,0.0,0.0,,0.0,normalDay
2023-01-18,4107.0,1092.0,0.0,0,391.49,0.0,1,26.14,15.22,SPY230929P00364000,364.0,0,0.0,0.0,,0.0,normalDay
2023-01-19,4107.0,1051.0,0.0,0,388.64,0.0,1,26.14,15.63,SPY230929P00364000,364.0,0,0.0,0.0,,0.0,normalDay
2023-01-20,4107.0,1251.0,0.0,0,395.88,0.0,1,26.14,13.63,SPY230929P00364000,364.0,0,0.0,0.0,,0.0,normalDay
2023-01-23,4107.0,1381.0,0.0,0,400.63,0.0,1,26.14,12.33,SPY230929P00364000,364.0,0,0.0,0.0,,0.0,normalDay
2023-01-24,4107.0,1424.0,0.0,0,400.2,0.0,1,26.14,11.9,SPY230929P00364000,364.0,0,0.0,0.0,,0.0,normalDay
2023-01-25,4107.0,1444.0,0.0,0,400.35,0.0,1,26.14,11.7,SPY230929P00364000,364.0,0,0.0,0.0,,0.0,normalDay
2023-01-26,4107.0,1542.0,0.0,0,404.75,0.0,1,26.14,10.72,SPY230929P00364000,364.0,0,0.0,0.0,,0.0,normalDay
2023-01-27,4107.0,1554.0,0.0,0,405.68,0.0,1,26.14,10.6,SPY230929P00364000,364.0,0,0.0,0.0,,0.0,normalDay
2023-01-30,4107.0,1471.0,0.0,0,400.59,0.0,1,26.14,11.43,SPY230929P00364000,364.0,0,0.0,0.0,,0.0,normalDay
2023-01-31,4107.0,1576.0,0.0,0,406.48,0.0,1,26.14,10.38,SPY230929P00364000,364.0,0,0.0,0.0,,0.0,normalDay
2023-02-01,4107.0,1676.0,0.0,0,410.8,0.0,1,26.14,9.38,SPY230929P00364000,364.0,0,0.0,0.0,,0.0,normalDay
2023-02-02,4107.0,1705.0,0.0,0,416.78,0.0,1,26.14,9.09,SPY230929P00364000,364.0,0,0.0,0.0,,0.0,normalDay
2023-02-03,4107.0,1663.0,0.0,0,412.35,0.0,1,26.14,9.51,SPY230929P00364000,364.0,0,0.0,0.0,,0.0,normalDay
2023-02-06,4107.0,1625.0,0.0,0,409.83,0.0,1,26.14,9.89,SPY230929P00364000,364.0,0,0.0,0.0,,0.0,normalDay
2023-02-07,4107.0,1729.0,0.0,0,415.19,0.0,1,26.14,8.85,SPY230929P00364000,364.0,0,0.0,0.0,,0.0,normalDay
2023-02-08,4107.0,1632.0,0.0,0,410.65,0.0,1,26.14,9.82,SPY230929P00364000,364.0,0,0.0,0.0,,0.0,normalDay
2023-02-09,4107.0,1554.0,0.0,0,407.09,0.0,1,26.14,10.6,SPY230929P00364000,364.0,0,0.0,0.0,,0.0,normalDay
2023-02-10,4107.0,1539.0,0.0,0,408.04,0.0,1,26.14,10.75,SPY230929P00364000,364.0,0,0.0,0.0,,0.0,normalDay
2023-02-13,4107.0,1675.0,0.0,0,412.83,0.0,1,26.14,9.39,SPY230929P00364000,364.0,0,0.0,0.0,,0.0,normalDay
2023-02-14,4107.0,1695.0,0.0,0,412.64,0.0,1,26.14,9.19,SPY230929P00364000,364.0,0,0.0,0.0,,0.0,normalDay
2023-02-15,4107.0,1755.0,0.0,0,413.98,0.0,1,26.14,8.59,SPY230929P00364000,364.0,0,0.0,0.0,,0.0,normalDay
2023-02-16,4107.0,1627.0,0.0,0,408.28,0.0,1,26.14,9.87,SPY230929P00364000,364.0,0,0.0,0.0,,0.0,normalDay
2023-02-17,4107.0,1619.0,0.0,0,407.26,0.0,1,26.14,9.95,SPY230929P00364000,364.0,0,0.0,0.0,,0.0,normalDay
2023-02-21,4107.0,1425.0,0.0,0,399.09,0.0,1,26.14,11.89,SPY230929P00364000,364.0,0,0.0,0.0,,0.0,normalDay
2023-02-22,4107.0,1447.0,0.0,0,398.54,0.0,1,26.14,11.67,SPY230929P00364000,364.0,0,0.0,0.0,,0.0,normalDay
2023-02-23,4107.0,1526.0,0.0,0,400.66,0.0,1,26.14,10.88,SPY230929P00364000,364.0,0,0.0,0.0,,0.0,normalDay
2023-02-24,4107.0,1412.0,0.0,0,396.38,0.0,1,26.14,12.02,SPY230929P00364000,364.0,0,0.0,0.0,,0.0,normalDay
2023-02-27,4107.0,1496.0,0.0,0,397.73,0.0,1,26.14,11.18,SPY230929P00364000,364.0,0,0.0,0.0,,0.0,normalDay
2023-02-28,4107.0,1486.0,0.0,0,396.26,0.0,1,26.14,11.28,SPY230929P00364000,364.0,0,0.0,0.0,,0.0,normalDay
2023-03-01,4107.0,1458.0,0.0,0,394.74,0.0,1,26.14,11.56,SPY230929P00364000,364.0,0,0.0,0.0,,0.0,normalDay
2023-03-02,4107.0,1549.0,0.0,0,397.81,0.0,1,26.14,10.65,SPY230929P00364000,364.0,0,0.0,0.0,,0.0,normalDay
2023-03-03,4107.0,1696.0,0.0,0,404.19,0.0,1,26.14,9.18,SPY230929P00364000,364.0,0,0.0,0.0,,0.0,normalDay
2023-03-06,4107.0,1718.0,0.0,0,404.47,0.0,1,26.14,8.96,SPY230929P00364000,364.0,0,0.0,0.0,,0.0,normalDay
2023-03-07,4107.0,1603.0,0.0,0,398.27,0.0,1,26.14,10.11,SPY230929P00364000,364.0,0,0.0,0.0,,0.0,normalDay
2023-03-08,4107.0,1645.0,0.0,0,398.92,0.0,1,26.14,9.69,SPY230929P00364000,364.0,0,0.0,0.0,,0.0,normalDay
2023-03-09,4107.0,1369.0,0.0,0,391.56,0.0,1,26.14,12.45,SPY230929P00364000,364.0,0,0.0,0.0,,0.0,normalDay
2023-03-10,4107.0,1143.0,0.0,0,385.91,0.0,1,26.14,14.71,SPY230929P00364000,364.0,0,0.0,0.0,,0.0,normalDay
2023-03-13,4107.0,1057.0,0.0,0,385.36,0.0,1,26.14,15.57,SPY230929P00364000,364.0,0,0.0,0.0,,0.0,normalDay
2023-03-14,4107.0,1292.0,0.0,0,391.73,0.0,1,26.14,13.22,SPY230929P00364000,364.0,0,0.0,0.0,,0.0,normalDay
2023-03-15,4107.0,1095.0,0.0,0,389.28,0.0,1,26.14,15.19,SPY230929P00364000,364.0,0,0.0,0.0,,0.0,normalDay
2023-03-16,4107.0,1372.0,0.0,0,396.11,0.0,1,26.14,12.42,SPY230929P00364000,364.0,0,0.0,0.0,,0.0,normalDay
2023-03-17,4107.0,1138.0,0.0,0,389.99,0.0,1,26.14,14.76,SPY230929P00364000,364.0,0,0.0,0.0,,0.0,normalDay
2023-03-20,4107.0,1298.0,0.0,0,393.74,0.0,1,26.14,13.16,SPY230929P00364000,364.0,0,0.0,0.0,,0.0,normalDay
2023-03-21,4107.0,1509.0,0.0,0,398.91,0.0,1,26.14,11.05,SPY230929P00364000,364.0,0,0.0,0.0,,0.0,normalDay
2023-03-22,4107.0,1336.0,0.0,0,392.11,0.0,1,26.14,12.78,SPY230929P00364000,364.0,0,0.0,0.0,,0.0,normalDay
2023-03-23,4107.0,1320.0,0.0,0,393.17,0.0,1,26.14,12.94,SPY230929P00364000,364.0,0,0.0,0.0,,0.0,normalDay
2023-03-24,4107.0,1438.0,0.0,0,395.75,0.0,1,26.14,11.76,SPY230929P00364000,364.0,0,0.0,0.0,,0.0,normalDay
2023-03-27,4107.0,1531.0,0.0,0,396.49,0.0,1,26.14,10.83,SPY230929P00364000,364.0,0,0.0,0.0,,0.0,normalDay
2023-03-28,4107.0,1539.0,0.0,0,395.6,0.0,1,26.14,10.75,SPY230929P00364000,364.0,0,0.0,0.0,,0.0,normalDay
2023-03-29,4107.0,1684.0,0.0,0,401.35,0.0,1,26.14,9.3,SPY230929P00364000,364.0,0,0.0,0.0,,0.0,normalDay
2023-03-30,4107.0,1730.0,0.0,0,403.7,0.0,1,26.14,8.84,SPY230929P00364000,364.0,0,0.0,0.0,,0.0,normalDay
2023-03-31,4107.0,1815.0,0.0,0,409.39,0.0,1,26.14,7.99,SPY230929P00364000,364.0,0,0.0,0.0,,0.0,normalDay
2023-04-03,4107.0,1867.0,0.0,0,410.95,0.0,1,26.14,7.47,SPY230929P00364000,364.0,0,0.0,0.0,,0.0,normalDay
2023-04-04,4107.0,1813.0,0.0,0,408.67,0.0,1,26.14,8.01,SPY230929P00364000,364.0,0,0.0,0.0,,0.0,normalDay
2023-04-05,4107.0,1784.0,0.0,0,407.6,0.0,1,26.14,8.3,SPY230929P00364000,364.0,0,0.0,0.0,,0.0,normalDay
2023-04-06,4107.0,1831.0,0.0,0,409.19,0.0,1,26.14,7.83,SPY230929P00364000,364.0,0,0.0,0.0,,0.0,normalDay
2023-04-10,4107.0,1864.0,0.0,0,409.61,0.0,1,26.14,7.5,SPY230929P00364000,364.0,0,0.0,0.0,,0.0,normalDay
2023-04-11,4107.0,1876.0,0.0,0,409.72,0.0,1,26.14,7.38,SPY230929P00364000,364.0,0,0.0,0.0,,0.0,normalDay
2023-04-12,4107.0,1850.0,0.0,0,408.05,0.0,1,26.14,7.64,SPY230929P00364000,364.0,0,0.0,0.0,,0.0,normalDay
2023-04-13,4107.0,1956.0,0.0,0,413.47,0.0,1,26.14,6.58,SPY230929P00364000,364.0,0,0.0,0.0,,0.0,normalDay
2023-04-14,4107.0,1961.0,0.0,0,412.46,0.0,1,26.14,6.53,SPY230929P00364000,364.0,0,0.0,0.0,,0.0,normalDay
2023-04-17,4107.0,2014.0,0.0,0,413.94,0.0,1,26.14,6.0,SPY230929P00364000,364.0,0,0.0,0.0,,0.0,normalDay
2023-04-18,4107.0,2010.0,0.0,0,414.21,0.0,1,26.14,6.04,SPY230929P00364000,364.0,0,0.0,0.0,,0.0,normalDay
2023-04-19,4107.0,2001.0,0.0,0,414.14,0.0,1,26.14,6.13,SPY230929P00364000,364.0,0,0.0,0.0,,0.0,normalDay
2023-04-20,4107.0,1956.0,0.0,0,411.88,0.0,1,26.14,6.58,SPY230929P00364000,364.0,0,0.0,0.0,,0.0,normalDay
2023-04-21,4107.0,1958.0,0.0,0,412.2,0.0,1,26.14,6.56,SPY230929P00364000,364.0,0,0.0,0.0,,0.0,normalDay
2023-04-24,4107.0,1972.0,0.0,0,412.63,0.0,1,26.14,6.42,SPY230929P00364000,364.0,0,0.0,0.0,,0.0,normalDay
2023-04-25,4107.0,1851.0,0.0,0,406.08,0.0,1,26.14,7.63,SPY230929P00364000,364.0,0,0.0,0.0,,0.0,normalDay
2023-04-26,4107.0,1822.0,0.0,0,404.36,0.0,1,26.14,7.92,SPY230929P00364000,364.0,0,0.0,0.0,,0.0,normalDay
2023-04-27,4107.0,1995.0,0.0,0,412.41,0.0,1,26.14,6.19,SPY230929P00364000,364.0,0,0.0,0.0,,0.0,normalDay
2023-04-28,4107.0,2052.0,0.0,0,415.93,0.0,1,26.14,5.62,SPY230929P00364000,364.0,0,0.0,0.0,,0.0,normalDay
2023-05-01,4107.0,2063.0,0.0,0,415.51,0.0,1,26.14,5.51,SPY230929P00364000,364.0,0,0.0,0.0,,0.0,normalDay
2023-05-02,4107.0,1973.0,0.0,0,410.84,0.0,1,26.14,6.41,SPY230929P00364000,364.0,0,0.0,0.0,,0.0,normalDay
2023-05-03,4107.0,1924.0,0.0,0,408.02,0.0,1,26.14,6.9,SPY230929P00364000,364.0,0,0.0,0.0,,0.0,normalDay
2023-05-04,4107.0,1824.0,0.0,0,405.13,0.0,1,26.14,7.9,SPY230929P00364000,364.0,0,0.0,0.0,,0.0,normalDay
2023-05-05,4107.0,1995.0,0.0,0,412.63,0.0,1,26.14,6.19,SPY230929P00364000,364.0,0,0.0,0.0,,0.0,normalDay
2023-05-08,4107.0,2021.0,0.0,0,412.74,0.0,1,26.14,5.93,SPY230929P00364000,364.0,0,0.0,0.0,,0.0,normalDay
2023-05-09,4107.0,1991.0,0.0,0,410.93,0.0,1,26.14,6.23,SPY230929P00364000,364.0,0,0.0,0.0,,0.0,normalDay
2023-05-10,4107.0,2033.0,0.0,0,412.85,0.0,1,26.14,5.81,SPY230929P00364000,364.0,0,0.0,0.0,,0.0,normalDay
2023-05-11,4107.0,2035.0,0.0,0,412.13,0.0,1,26.14,5.79,SPY230929P00364000,364.0,0,0.0,0.0,,0.0,normalDay
2023-05-12,4107.0,2027.0,0.0,0,411.59,0.0,1,26.14,5.87,SPY230929P00364000,364.0,0,0.0,0.0,,0.0,normalDay
2023-05-15,4107.0,2075.0,0.0,0,413.01,0.0,1,26.14,5.39,SPY230929P00364000,364.0,0,0.0,0.0,,0.0,normalDay
2023-05-16,4107.0,2029.0,0.0,0,410.25,0.0,1,26.14,5.85,SPY230929P00364000,364.0,0,0.0,0.0,,0.0,normalDay
2023-05-17,4107.0,2114.0,0.0,0,415.23,0.0,1,26.14,5.0,SPY230929P00364000,364.0,0,0.0,0.0,,0.0,normalDay
2023-05-18,4107.0,2184.0,0.0,0,419.23,0.0,1,26.14,4.3,SPY230929P00364000,364.0,0,0.0,0.0,,0.0,normalDay
2023-05-19,4107.0,2159.0,0.0,0,418.62,0.0,1,26.14,4.55,SPY230929P00364000,364.0,0,0.0,0.0,,0.0,normalDay
2023-05-22,4107.0,2161.0,0.0,0,418.79,0.0,1,26.14,4.53,SPY230929P00364000,364.0,0,0.0,0.0,,0.0,normalDay
2023-05-23,4107.0,2098.0,0.0,0,414.09,0.0,1,26.14,5.16,SPY230929P00364000,364.0,0,0.0,0.0,,0.0,normalDay
2023-05-24,4107.0,2046.0,0.0,0,411.09,0.0,1,26.14,5.68,SPY230929P00364000,364.0,0,0.0,0.0,,0.0,normalDay
2023-05-25,4107.0,2109.0,0.0,0,414.65,0.0,1,26.14,5.05,SPY230929P00364000,364.0,0,0.0,0.0,,0.0,normalDay
2023-05-26,4107.0,2188.0,0.0,0,420.02,0.0,1,26.14,4.26,SPY230929P00364000,364.0,0,0.0,0.0,,0.0,normalDay
2023-05-30,4107.0,2217.0,0.0,0,420.18,0.0,1,26.14,3.97,SPY230929P00364000,364.0,0,0.0,0.0,,0.0,normalDay
2023-05-31,4107.0,2205.0,0.0,0,417.85,0.0,1,26.14,4.09,SPY230929P00364000,364.0,0,0.0,0.0,,0.0,normalDay
2023-06-01,4107.0,2283.0,0.0,0,421.82,0.0,1,26.14,3.31,SPY230929P00364000,364.0,0,0.0,0.0,,0.0,normalDay
2023-06-02,4107.0,2341.0,0.0,0,427.92,0.0,1,26.14,2.73,SPY230929P00364000,364.0,0,0.0,0.0,,0.0,normalDay
2023-06-05,4107.0,2349.0,0.0,0,427.1,0.0,1,26.14,2.65,SPY230929P00364000,364.0,0,0.0,0.0,,0.0,normalDay
2023-06-06,4107.0,2385.0,0.0,0,428.03,0.0,1,26.14,2.29,SPY230929P00364000,364.0,0,0.0,0.0,,0.0,normalDay
2023-06-07,4107.0,2378.0,0.0,0,426.55,0.0,1,26.14,2.36,SPY230929P00364000,364.0,0,0.0,0.0,,0.0,normalDay
2023-06-08,4107.0,2402.0,0.0,0,429.13,0.0,1,26.14,2.12,SPY230929P00364000,364.0,0,0.0,0.0,,0.0,normalDay
2023-06-09,4107.0,2404.0,0.0,0,429.9,0.0,1,26.14,2.1,SPY230929P00364000,364.0,0,0.0,0.0,,0.0,normalDay
2023-06-12,4107.0,2415.0,0.0,0,433.8,0.0,1,26.14,1.99,SPY230929P00364000,364.0,0,0.0,0.0,,0.0,normalDay
2023-06-13,4107.0,2426.0,0.0,0,436.66,0.0,1,26.14,1.88,SPY230929P00364000,364.0,0,0.0,0.0,,0.0,normalDay
2023-06-14,4107.0,2442.0,0.0,0,437.18,0.0,1,26.14,1.72,SPY230929P00364000,364.0,0,0.0,0.0,,0.0,normalDay
2023-06-15,4107.0,2451.0,0.0,0,442.6,0.0,1,26.14,1.63,SPY230929P00364000,364.0,0,0.0,0.0,,0.0,normalDay
2023-06-16,4107.0,2457.0,0.0,0,439.46,0.0,1,26.14,1.57,SPY230929P00364000,364.0,0,0.0,0.0,,0.0,normalDay
2023-06-20,4107.0,2448.0,0.0,0,437.18,0.0,1,26.14,1.66,SPY230929P00364000,364.0,0,0.0,0.0,,0.0,normalDay
2023-06-21,4107.0,2453.0,0.0,0,434.94,0.0,1,26.14,1.61,SPY230929P00364000,364.0,0,0.0,0.0,,0.0,normalDay
2023-06-22,4107.0,2471.0,0.0,0,436.51,0.0,1,26.14,1.43,SPY230929P00364000,364.0,0,0.0,0.0,,0.0,normalDay
2023-06-23,4107.0,2456.0,0.0,0,433.21,0.0,1,26.14,1.58,SPY230929P00364000,364.0,0,0.0,0.0,,0.0,normalDay
2023-06-26,4107.0,2453.0,0.0,0,431.44,0.0,1,26.14,1.61,SPY230929P00364000,364.0,0,0.0,0.0,,0.0,normalDay
2023-06-27,4107.0,2481.0,0.0,0,436.17,0.0,1,26.14,1.33,SPY230929P00364000,364.0,0,0.0,0.0,,0.0,normalDay
2023-06-28,4107.0,2498.0,0.0,0,436.39,0.0,1,26.14,1.16,SPY230929P00364000,364.0,0,0.0,0.0,,0.0,normalDay
2023-06-29,4107.0,2497.0,0.0,0,438.11,0.0,1,26.14,1.17,SPY230929P00364000,364.0,0,0.0,0.0,,0.0,normalDay
2023-06-30,4107.0,2510.0,0.0,0,443.28,0.0,1,26.14,1.04,SPY230929P00364000,364.0,0,0.0,0.0,,0.0,normalDay
2023-07-03,4107.0,2514.0,0.0,0,443.79,0.0,1,26.14,1.0,SPY230929P00364000,364.0,0,0.0,0.0,,0.0,normalDay
2023-07-05,4107.0,2512.0,0.0,0,443.13,0.0,1,26.14,1.02,SPY230929P00364000,364.0,0,0.0,0.0,,0.0,normalDay
2023-07-06,4107.0,2490.0,0.0,0,439.66,0.0,1,26.14,1.24,SPY230929P00364000,364.0,0,0.0,0.0,,0.0,normalDay
2023-07-07,4107.0,2496.0,0.0,0,438.55,0.0,1,26.14,1.18,SPY230929P00364000,364.0,0,0.0,0.0,,0.0,normalDay
2023-07-10,4107.0,2504.0,0.0,0,439.66,0.0,1,26.14,1.1,SPY230929P00364000,364.0,0,0.0,0.0,,0.0,normalDay
2023-07-11,4107.0,2512.0,0.0,0,442.46,0.0,1,26.14,1.02,SPY230929P00364000,364.0,0,0.0,0.0,,0.0,normalDay
2023-07-12,4107.0,2532.0,0.0,0,446.02,0.0,1,26.14,0.82,SPY230929P00364000,364.0,0,0.0,0.0,,0.0,normalDay
2023-07-13,4107.0,2534.0,0.0,0,449.56,0.0,1,26.14,0.8,SPY230929P00364000,364.0,0,0.0,0.0,,0.0,normalDay
2023-07-14,4107.0,2537.0,0.0,0,449.28,0.0,1,26.14,0.77,SPY230929P00364000,364.0,0,0.0,0.0,,0.0,normalDay
2023-07-17,4107.0,2543.0,0.0,0,450.84,0.0,1,26.14,0.71,SPY230929P00364000,364.0,0,0.0,0.0,,0.0,normalDay
2023-07-18,4107.0,2550.0,0.0,0,454.19,0.0,1,26.14,0.64,SPY230929P00364000,364.0,0,0.0,0.0,,0.0,normalDay
2023-07-19,4107.0,2546.0,0.0,0,455.2,0.0,1,26.14,0.68,SPY230929P00364000,364.0,0,0.0,0.0,,0.0,normalDay
2023-07-20,4107.0,2541.0,0.0,0,452.18,0.0,1,26.14,0.73,SPY230929P00364000,364.0,0,0.0,0.0,,0.0,normalDay
2023-07-21,4107.0,2545.0,0.0,0,452.18,0.0,1,26.14,0.69,SPY230929P00364000,364.0,0,0.0,0.0,,0.0,normalDay
2023-07-24,4107.0,2552.0,0.0,0,454.2,0.0,1,26.14,0.62,SPY230929P00364000,364.0,0,0.0,0.0,,0.0,normalDay
2023-07-25,4107.0,2556.0,0.0,0,455.44,0.0,1,26.14,0.58,SPY230929P00364000,364.0,0,0.0,0.0,,0.0,normalDay
2023-07-26,4107.0,2563.0,0.0,0,455.51,0.0,1,26.14,0.51,SPY230929P00364000,364.0,0,0.0,0.0,,0.0,normalDay
2023-07-27,4107.0,2550.0,0.0,0,452.49,0.0,1,26.14,0.64,SPY230929P00364000,364.0,0,0.0,0.0,,0.0,normalDay
2023-07-28,4107.0,2566.0,0.0,0,456.92,0.0,1,26.14,0.48,SPY230929P00364000,364.0,0,0.0,0.0,,0.0,normalDay
2023-07-31,4107.0,2569.0,0.0,0,457.79,0.0,1,26.14,0.45,SPY230929P00364000,364.0,0,0.0,0.0,,0.0,normalDay
2023-08-01,4107.0,2568.0,0.0,0,456.48,0.0,1,26.14,0.46,SPY230929P00364000,364.0,0,0.0,0.0,,0.0,normalDay
2023-08-02,4107.0,2546.0,0.0,0,450.13,0.0,1,26.14,0.68,SPY230929P00364000,364.0,0,0.0,0.0,,0.0,normalDay
2023-08-03,4107.0,2551.0,0.0,0,448.84,0.0,1,26.14,0.63,SPY230929P00364000,364.0,0,0.0,0.0,,0.0,normalDay
2023-08-04,4107.0,2534.0,0.0,0,446.81,0.0,1,26.14,0.8,SPY230929P00364000,364.0,0,0.0,0.0,,0.0,normalDay
2023-08-07,4107.0,2557.0,0.0,0,450.71,0.0,1,26.14,0.57,SPY230929P00364000,364.0,0,0.0,0.0,,0.0,normalDay
2023-08-08,4107.0,2555.0,0.0,0,448.75,0.0,1,26.14,0.59,SPY230929P00364000,364.0,0,0.0,0.0,,0.0,normalDay
2023-08-09,4107.0,2557.0,0.0,0,445.75,0.0,1,26.14,0.57,SPY230929P00364000,364.0,0,0.0,0.0,,0.0,normalDay
2023-08-10,4107.0,2558.0,0.0,0,445.91,0.0,1,26.14,0.56,SPY230929P00364000,364.0,0,0.0,0.0,,0.0,normalDay
2023-08-11,4107.0,2566.0,0.0,0,445.65,0.0,1,26.14,0.48,SPY230929P00364000,364.0,0,0.0,0.0,,0.0,normalDay
2023-08-14,4107.0,2575.0,0.0,0,448.11,0.0,1,26.14,0.39,SPY230929P00364000,364.0,0,0.0,0.0,,0.0,normalDay
2023-08-15,4107.0,2563.0,0.0,0,442.89,0.0,1,26.14,0.51,SPY230929P00364000,364.0,0,0.0,0.0,,0.0,normalDay
2023-08-16,4107.0,2559.0,0.0,0,439.64,0.0,1,26.14,0.55,SPY230929P00364000,364.0,0,0.0,0.0,,0.0,normalDay
2023-08-17,4107.0,2547.0,0.0,0,436.29,0.0,1,26.14,0.67,SPY230929P00364000,364.0,0,0.0,0.0,,0.0,normalDay
2023-08-18,4107.0,2560.0,0.0,0,436.5,0.0,1,26.14,0.54,SPY230929P00364000,364.0,0,0.0,0.0,,0.0,normalDay
2023-08-21,4107.0,2571.0,0.0,0,439.34,0.0,1,26.14,0.43,SPY230929P00364000,364.0,0,0.0,0.0,,0.0,normalDay
2023-08-22,4107.0,2574.0,0.0,0,438.15,0.0,1,26.14,0.4,SPY230929P00364000,364.0,0,0.0,0.0,,0.0,normalDay
2023-08-23,4107.0,2585.0,0.0,0,443.03,0.0,1,26.14,0.29,SPY230929P00364000,364.0,0,0.0,0.0,,0.0,normalDay
2023-08-24,4107.0,2578.0,0.0,0,436.89,0.0,1,26.14,0.36,SPY230929P00364000,364.0,0,0.0,0.0,,0.0,normalDay
2023-08-25,4107.0,2589.0,0.0,0,439.97,0.0,1,26.14,0.25,SPY230929P00364000,364.0,0,0.0,0.0,,0.0,normalDay
2023-08-28,4107.0,2596.0,0.0,0,442.76,0.0,1,26.14,0.18,SPY230929P00364000,364.0,0,0.0,0.0,,0.0,normalDay
2023-08-29,4107.0,2598.0,0.0,0,449.16,0.0,1,26.14,0.16,SPY230929P00364000,364.0,0,0.0,0.0,,0.0,normalDay
2023-08-30,4107.0,2599.0,0.0,0,451.01,0.0,1,26.14,0.15,SPY230929P00364000,364.0,0,0.0,0.0,,0.0,normalDay
2023-08-31,4107.0,2601.0,0.0,0,450.35,0.0,1,26.14,0.13,SPY230929P00364000,364.0,0,0.0,0.0,,0.0,normalDay
2023-09-01,4107.0,2603.0,0.0,0,451.19,0.0,1,26.14,0.11,SPY230929P00364000,364.0,0,0.0,0.0,,0.0,normalDay
2023-09-05,4107.0,2605.0,0.0,0,449.24,0.0,1,26.14,0.09,SPY230929P00364000,364.0,0,0.0,0.0,,0.0,normalDay
2023-09-06,4107.0,2604.0,0.0,0,446.22,0.0,1,26.14,0.1,SPY230929P00364000,364.0,0,0.0,0.0,,0.0,normalDay
2023-09-07,4107.0,2605.0,0.0,0,444.85,0.0,1,26.14,0.09,SPY230929P00364000,364.0,0,0.0,0.0,,0.0,normalDay
2023-09-08,4107.0,2605.0,0.0,0,445.52,0.0,1,26.14,0.09,SPY230929P00364000,364.0,0,0.0,0.0,,0.0,normalDay
2023-09-11,4107.0,2608.0,0.0,0,448.45,0.0,1,26.14,0.06,SPY230929P00364000,364.0,0,0.0,0.0,,0.0,normalDay
2023-09-12,4107.0,2608.0,0.0,0,445.99,0.0,1,26.14,0.06,SPY230929P00364000,364.0,0,0.0,0.0,,0.0,normalDay
2023-09-13,4107.0,2609.0,0.0,0,446.51,0.0,1,26.14,0.05,SPY230929P00364000,364.0,0,0.0,0.0,,0.0,normalDay
2023-09-14,4107.0,2608.0,0.0,0,450.36,0.0,1,26.14,0.06,SPY230929P00364000,364.0,0,0.0,0.0,,0.0,normalDay
2023-09-15,4107.0,2607.0,0.0,0,443.37,0.0,1,26.14,0.07,SPY230929P00364000,364.0,0,0.0,0.0,,0.0,normalDay
2023-09-18,4107.0,2610.0,0.0,0,443.63,0.0,1,26.14,0.04,SPY230929P00364000,364.0,0,0.0,0.0,,0.0,normalDay
2023-09-19,4107.0,2610.0,0.0,0,442.71,0.0,1,26.14,0.04,SPY230929P00364000,364.0,0,0.0,0.0,,0.0,normalDay
2023-09-20,4107.0,2609.0,0.0,0,438.64,0.0,1,26.14,0.05,SPY230929P00364000,364.0,0,0.0,0.0,,0.0,normalDay
2023-09-21,4107.0,2607.0,0.0,0,431.39,0.0,1,26.14,0.07,SPY230929P00364000,364.0,0,0.0,0.0,,0.0,normalDay
2023-09-22,4107.0,2609.0,0.0,0,430.42,0.0,1,26.14,0.05,SPY230929P00364000,364.0,0,0.0,0.0,,0.0,normalDay
2023-09-25,4107.0,2611.0,0.0,0,432.23,0.0,1,26.14,0.03,SPY230929P00364000,364.0,0,0.0,0.0,,0.0,normalDay
2023-09-26,4107.0,2610.0,0.0,0,425.88,0.0,1,26.14,0.04,SPY230929P00364000,364.0,0,0.0,0.0,,0.0,normalDay
2023-09-27,4107.0,2611.0,0.0,0,426.05,0.0,1,26.14,0.03,SPY230929P00364000,364.0,0,0.0,0.0,,0.0,normalDay
2023-09-28,4107.0,2613.0,0.0,0,428.52,0.0,1,26.14,0.01,SPY230929P00364000,364.0,0,0.0,0.0,,0.0,normalDay
2023-09-29,6721.0,0.0,2614.0,0,427.48,0.0,1,26.14,0.0,SPY230929P00364000,364.0,0,0.0,0.0,,0.0,expirationDay
2023-10-02,6721.0,-164.0,0.0,0,427.31,0.0,1,25.61,27.25,SPY240930P00435000,435.0,0,0.0,0.0,,0.0,normalDay
2023-10-03,6721.0,-495.0,0.0,0,421.59,0.0,1,25.61,30.56,SPY240930P00435000,435.0,0,0.0,0.0,,0.0,normalDay
2023-10-04,6721.0,-356.0,0.0,0,424.66,0.0,1,25.61,29.17,SPY240930P00435000,435.0,0,0.0,0.0,,0.0,normalDay
2023-10-05,6721.0,-365.0,0.0,0,424.5,0.0,1,25.61,29.26,SPY240930P00435000,435.0,0,0.0,0.0,,0.0,normalDay
2023-10-06,6721.0,-108.0,0.0,0,429.54,0.0,1,25.61,26.69,SPY240930P00435000,435.0,0,0.0,0.0,,0.0,normalDay
2023-10-09,6721.0,15.0,0.0,0,432.29,0.0,1,25.61,25.46,SPY240930P00435000,435.0,0,0.0,0.0,,0.0,normalDay
2023-10-10,6721.0,124.0,0.0,0,434.54,0.0,1,25.61,24.37,SPY240930P00435000,435.0,0,0.0,0.0,,0.0,normalDay
2023-10-11,6721.0,239.0,0.0,0,436.32,0.0,1,25.61,23.22,SPY240930P00435000,435.0,0,0.0,0.0,,0.0,normalDay
2023-10-12,6721.0,95.0,0.0,0,433.66,0.0,1,25.61,24.66,SPY240930P00435000,435.0,0,0.0,0.0,,0.0,normalDay
2023-10-13,6721.0,-114.0,0.0,0,431.5,0.0,1,25.61,26.75,SPY240930P00435000,435.0,0,0.0,0.0,,0.0,normalDay
2023-10-16,6721.0,188.0,0.0,0,436.04,0.0,1,25.61,23.73,SPY240930P00435000,435.0,0,0.0,0.0,,0.0,normalDay
2023-10-17,6721.0,202.0,0.0,0,436.02,0.0,1,25.61,23.59,SPY240930P00435000,435.0,0,0.0,0.0,,0.0,normalDay
2023-10-18,6721.0,-115.0,0.0,0,430.21,0.0,1,25.61,26.76,SPY240930P00435000,435.0,0,0.0,0.0,,0.0,normalDay
2023-10-19,6721.0,-399.0,0.0,0,426.43,0.0,1,25.61,29.6,SPY240930P00435000,435.0,0,0.0,0.0,,0.0,normalDay
2023-10-20,6721.0,-580.0,0.0,0,421.19,0.0,1,25.61,31.41,SPY240930P00435000,435.0,0,0.0,0.0,,0.0,normalDay
2023-10-23,6721.0,-532.0,0.0,0,420.46,0.0,1,25.61,30.93,SPY240930P00435000,435.0,0,0.0,0.0,,0.0,normalDay
2023-10-24,6721.0,-489.0,0.0,0,423.63,0.0,1,25.61,30.5,SPY240930P00435000,435.0,0,0.0,0.0,,0.0,normalDay
2023-10-25,6721.0,-789.0,0.0,0,417.55,0.0,1,25.61,33.5,SPY240930P00435000,435.0,0,0.0,0.0,,0.0,normalDay
2023-10-26,6721.0,-1007.0,0.0,0,412.55,0.0,1,25.61,35.68,SPY240930P00435000,435.0,0,0.0,0.0,,0.0,normalDay
2023-10-27,6721.0,-1158.0,0.0,0,410.68,0.0,1,25.61,37.19,SPY240930P00435000,435.0,0,0.0,0.0,,0.0,normalDay
2023-10-30,6721.0,-771.0,0.0,0,415.59,0.0,1,25.61,33.32,SPY240930P00435000,435.0,0,0.0,0.0,,0.0,normalDay
2023-10-31,6721.0,-598.0,0.0,0,418.2,0.0,1,25.61,31.59,SPY240930P00435000,435.0,0,0.0,0.0,,0.0,normalDay
2023-11-01,6721.0,-276.0,0.0,0,422.66,0.0,1,25.61,28.37,SPY240930P00435000,435.0,0,0.0,0.0,,0.0,normalDay
2023-11-02,6721.0,112.0,0.0,0,430.76,0.0,1,25.61,24.49,SPY240930P00435000,435.0,0,0.0,0.0,,0.0,normalDay
2023-11-03,6721.0,326.0,0.0,0,434.69,0.0,1,25.61,22.35,SPY240930P00435000,435.0,0,0.0,0.0,,0.0,normalDay
2023-11-06,6721.0,381.0,0.0,0,435.69,0.0,1,25.61,21.8,SPY240930P00435000,435.0,0,0.0,0.0,,0.0,normalDay
2023-11-07,6721.0,426.0,0.0,0,436.93,0.0,1,25.61,21.35,SPY240930P00435000,435.0,0,0.0,0.0,,0.0,normalDay
2023-11-08,6721.0,455.0,0.0,0,437.25,0.0,1,25.61,21.06,SPY240930P00435000,435.0,0,0.0,0.0,,0.0,normalDay
2023-11-09,6721.0,267.0,0.0,0,433.84,0.0,1,25.61,22.94,SPY240930P00435000,435.0,0,0.0,0.0,,0.0,normalDay
2023-11-10,6721.0,594.0,0.0,0,440.61,0.0,1,25.61,19.67,SPY240930P00435000,435.0,0,0.0,0.0,,0.0,normalDay
2023-11-13,6721.0,608.0,0.0,0,440.19,0.0,1,25.61,19.53,SPY240930P00435000,435.0,0,0.0,0.0,,0.0,normalDay
2023-11-14,6721.0,885.0,0.0,0,448.73,0.0,1,25.61,16.76,SPY240930P00435000,435.0,0,0.0,0.0,,0.0,normalDay
2023-11-15,6721.0,880.0,0.0,0,449.68,0.0,1,25.61,16.81,SPY240930P00435000,435.0,0,0.0,0.0,,0.0,normalDay
2023-11-16,6721.0,895.0,0.0,0,450.23,0.0,1,25.61,16.66,SPY240930P00435000,435.0,0,0.0,0.0,,0.0,normalDay
2023-11-17,6721.0,923.0,0.0,0,450.79,0.0,1,25.61,16.38,SPY240930P00435000,435.0,0,0.0,0.0,,0.0,normalDay
2023-11-20,6721.0,1016.0,0.0,0,454.26,0.0,1,25.61,15.45,SPY240930P00435000,435.0,0,0.0,0.0,,0.0,normalDay
2023-11-21,6721.0,986.0,0.0,0,453.27,0.0,1,25.61,15.75,SPY240930P00435000,435.0,0,0.0,0.0,,0.0,normalDay
2023-11-22,6721.0,1067.0,0.0,0,455.02,0.0,1,25.61,14.94,SPY240930P00435000,435.0,0,0.0,0.0,,0.0,normalDay
2023-11-24,6721.0,1092.0,0.0,0,455.3,0.0,1,25.61,14.69,SPY240930P00435000,435.0,0,0.0,0.0,,0.0,normalDay
2023-11-27,6721.0,1066.0,0.0,0,454.48,0.0,1,25.61,14.95,SPY240930P00435000,435.0,0,0.0,0.0,,0.0,normalDay
2023-11-28,6721.0,1085.0,0.0,0,454.93,0.0,1,25.61,14.76,SPY240930P00435000,435.0,0,0.0,0.0,,0.0,normalDay
2023-11-29,6721.0,1102.0,0.0,0,454.61,0.0,1,25.61,14.59,SPY240930P00435000,435.0,0,0.0,0.0,,0.0,normalDay
2023-11-30,6721.0,1107.0,0.0,0,456.4,0.0,1,25.61,14.54,SPY240930P00435000,435.0,0,0.0,0.0,,0.0,normalDay
