date,totalCapital,unrializedPnL,rializedPnL,stocksOwned,stocksPriceToday,stocksPriceBoughtAt,putOwned,putOwnedSoldAt,putPriceToday,putOwnedContract,putOwnedStrike,callOwned,callOwnedSoldAt,callPriceToday,callOwnedContract,callOwnedStrike,trackType
2018-11-01,0.0,-5.0,0.0,0,273.51,0.0,1,0.24,0.29,SPY181119P00245000,245.0,0,0.0,0.0,,0.0,normalDay
2018-11-02,0.0,-4.0,0.0,0,271.89,0.0,1,0.24,0.28,SPY181119P00245000,245.0,0,0.0,0.0,,0.0,normalDay
2018-11-05,0.0,4.0,0.0,0,273.39,0.0,1,0.24,0.2,SPY181119P00245000,245.0,0,0.0,0.0,,0.0,normalDay
2018-11-06,0.0,5.0,0.0,0,275.12,0.0,1,0.24,0.19,SPY181119P00245000,245.0,0,0.0,0.0,,0.0,normalDay
2018-11-07,0.0,18.0,0.0,0,281.01,0.0,1,0.24,0.06,SPY181119P00245000,245.0,0,0.0,0.0,,0.0,normalDay
2018-11-08,0.0,18.0,0.0,0,280.5,0.0,1,0.24,0.06,SPY181119P00245000,245.0,0,0.0,0.0,,0.0,normalDay
2018-11-09,0.0,19.0,0.0,0,277.76,0.0,1,0.24,0.05,SPY181119P00245000,245.0,0,0.0,0.0,,0.0,normalDay
2018-11-12,0.0,14.0,0.0,0,272.57,0.0,1,0.24,0.1,SPY181119P00245000,245.0,0,0.0,0.0,,0.0,normalDay
2018-11-13,0.0,17.0,0.0,0,272.06,0.0,1,0.24,0.07,SPY181119P00245000,245.0,0,0.0,0.0,,0.0,normalDay
2018-11-14,0.0,18.0,0.0,0,270.2,0.0,1,0.24,0.06,SPY181119P00245000,245.0,0,0.0,0.0,,0.0,normalDay
2018-11-15,0.0,20.0,0.0,0,273.02,0.0,1,0.24,0.04,SPY181119P00245000,245.0,0,0.0,0.0,,0.0,normalDay
2018-11-16,0.0,23.0,0.0,0,273.73,0.0,1,0.24,0.01,SPY181119P00245000,245.0,0,0.0,0.0,,0.0,normalDay
2018-11-19,24.0,0.0,24.0,0,269.1,0.0,1,0.24,0.0,SPY181119P00245000,245.0,0,0.0,0.0,,0.0,expirationDay
2018-11-20,24.0,-6.0,0.0,0,264.12,0.0,1,1.59,1.65,SPY181207P00252500,252.5,0,0.0,0.0,,0.0,normalDay
2018-11-21,24.0,48.0,0.0,0,265.02,0.0,1,1.59,1.11,SPY181207P00252500,252.5,0,0.0,0.0,,0.0,normalDay
2018-11-23,24.0,32.0,0.0,0,263.25,0.0,1,1.59,1.27,SPY181207P00252500,252.5,0,0.0,0.0,,0.0,normalDay
2018-11-26,24.0,123.0,0.0,0,267.5,0.0,1,1.59,0.36,SPY181207P00252500,252.5,0,0.0,0.0,,0.0,normalDay
2018-11-27,24.0,124.0,0.0,0,268.4,0.0,1,1.59,0.35,SPY181207P00252500,252.5,0,0.0,0.0,,0.0,normalDay
2018-11-28,24.0,143.0,0.0,0,274.58,0.0,1,1.59,0.16,SPY181207P00252500,252.5,0,0.0,0.0,,0.0,normalDay
2018-11-29,24.0,143.0,0.0,0,273.98,0.0,1,1.59,0.16,SPY181207P00252500,252.5,0,0.0,0.0,,0.0,normalDay
2018-11-30,24.0,150.0,0.0,0,275.65,0.0,1,1.59,0.09,SPY181207P00252500,252.5,0,0.0,0.0,,0.0,normalDay
2018-12-03,24.0,157.0,0.0,0,279.3,0.0,1,1.59,0.02,SPY181207P00252500,252.5,0,0.0,0.0,,0.0,normalDay
2018-12-04,24.0,147.0,0.0,0,270.25,0.0,1,1.59,0.12,SPY181207P00252500,252.5,0,0.0,0.0,,0.0,normalDay
2018-12-06,24.0,157.0,0.0,0,269.84,0.0,1,1.59,0.02,SPY181207P00252500,252.5,0,0.0,0.0,,0.0,normalDay
2018-12-07,183.0,0.0,159.0,0,263.57,0.0,1,1.59,0.0,SPY181207P00252500,252.5,0,0.0,0.0,,0.0,expirationDay
2018-12-10,183.0,-6.0,0.0,0,264.07,0.0,1,1.44,1.5,SPY181228P00251000,251.0,0,0.0,0.0,,0.0,normalDay
2018-12-11,183.0,13.0,0.0,0,264.13,0.0,1,1.44,1.31,SPY181228P00251000,251.0,0,0.0,0.0,,0.0,normalDay
2018-12-12,183.0,41.0,0.0,0,265.46,0.0,1,1.44,1.03,SPY181228P00251000,251.0,0,0.0,0.0,,0.0,normalDay
2018-12-13,183.0,67.0,0.0,0,265.37,0.0,1,1.44,0.77,SPY181228P00251000,251.0,0,0.0,0.0,,0.0,normalDay
2018-12-14,183.0,4.0,0.0,0,260.47,0.0,1,1.44,1.4,SPY181228P00251000,251.0,0,0.0,0.0,,0.0,normalDay
2018-12-17,183.0,-143.0,0.0,0,255.36,0.0,1,1.44,2.87,SPY181228P00251000,251.0,0,0.0,0.0,,0.0,normalDay
2018-12-18,183.0,-183.0,0.0,0,255.08,0.0,1,1.44,3.27,SPY181228P00251000,251.0,0,0.0,0.0,,0.0,normalDay
2018-12-19,183.0,-259.0,0.0,0,251.26,0.0,1,1.44,4.03,SPY181228P00251000,251.0,0,0.0,0.0,,0.0,normalDay
2018-12-20,183.0,-492.0,0.0,0,247.17,0.0,1,1.44,6.36,SPY181228P00251000,251.0,0,0.0,0.0,,0.0,normalDay
2018-12-21,183.0,-1002.0,0.0,0,240.7,0.0,1,1.44,11.46,SPY181228P00251000,251.0,0,0.0,0.0,,0.0,normalDay
2018-12-24,183.0,-1756.0,0.0,0,234.34,0.0,1,1.44,19.0,SPY181228P00251000,251.0,0,0.0,0.0,,0.0,normalDay
2018-12-26,183.0,-410.0,0.0,0,246.18,0.0,1,1.44,5.54,SPY181228P00251000,251.0,0,0.0,0.0,,0.0,normalDay
2018-12-27,183.0,-186.0,0.0,0,248.07,0.0,1,1.44,3.3,SPY181228P00251000,251.0,0,0.0,0.0,,0.0,normalDay
2018-12-28,327.0,-325.0,144.0,100,247.75,251.0,1,1.44,0.0,SPY181228P00251000,251.0,0,0.0,0.0,,0.0,expirationDay
2018-12-31,327.0,-113.0,0.0,100,249.92,251.0,0,0.0,0.0,,0.0,1,0.11,0.16,SPY190315C00295000,295.0,normalDay
2019-01-02,327.0,-83.0,0.0,100,250.18,251.0,0,0.0,0.0,,0.0,1,0.11,0.12,SPY190315C00295000,295.0,normalDay
2019-01-03,327.0,-673.0,0.0,100,244.21,251.0,0,0.0,0.0,,0.0,1,0.11,0.05,SPY190315C00295000,295.0,normalDay
2019-01-04,327.0,142.0,0.0,100,252.39,251.0,0,0.0,0.0,,0.0,1,0.11,0.08,SPY190315C00295000,295.0,normalDay
2019-01-07,327.0,341.0,0.0,100,254.38,251.0,0,0.0,0.0,,0.0,1,0.11,0.08,SPY190315C00295000,295.0,normalDay
2019-01-08,327.0,579.0,0.0,100,256.77,251.0,0,0.0,0.0,,0.0,1,0.11,0.09,SPY190315C00295000,295.0,normalDay
2019-01-09,327.0,700.0,0.0,100,257.97,251.0,0,0.0,0.0,,0.0,1,0.11,0.08,SPY190315C00295000,295.0,normalDay
2019-01-10,327.0,790.0,0.0,100,258.88,251.0,0,0.0,0.0,,0.0,1,0.11,0.09,SPY190315C00295000,295.0,normalDay
2019-01-11,327.0,803.0,0.0,100,258.98,251.0,0,0.0,0.0,,0.0,1,0.11,0.06,SPY190315C00295000,295.0,normalDay
2019-01-14,327.0,645.0,0.0,100,257.4,251.0,0,0.0,0.0,,0.0,1,0.11,0.06,SPY190315C00295000,295.0,normalDay
2019-01-15,327.0,939.0,0.0,100,260.35,251.0,0,0.0,0.0,,0.0,1,0.11,0.07,SPY190315C00295000,295.0,normalDay
2019-01-16,327.0,1000.0,0.0,100,260.98,251.0,0,0.0,0.0,,0.0,1,0.11,0.09,SPY190315C00295000,295.0,normalDay
2019-01-17,327.0,1197.0,0.0,100,262.96,251.0,0,0.0,0.0,,0.0,1,0.11,0.1,SPY190315C00295000,295.0,normalDay
2019-01-18,327.0,1543.0,0.0,100,266.46,251.0,0,0.0,0.0,,0.0,1,0.11,0.14,SPY190315C00295000,295.0,normalDay
2019-01-22,327.0,1187.0,0.0,100,262.86,251.0,0,0.0,0.0,,0.0,1,0.11,0.1,SPY190315C00295000,295.0,normalDay
2019-01-23,327.0,1243.0,0.0,100,263.41,251.0,0,0.0,0.0,,0.0,1,0.11,0.09,SPY190315C00295000,295.0,normalDay
2019-01-24,327.0,1258.0,0.0,100,263.55,251.0,0,0.0,0.0,,0.0,1,0.11,0.08,SPY190315C00295000,295.0,normalDay
2019-01-25,327.0,1480.0,0.0,100,265.78,251.0,0,0.0,0.0,,0.0,1,0.11,0.09,SPY190315C00295000,295.0,normalDay
2019-01-28,327.0,1280.0,0.0,100,263.76,251.0,0,0.0,0.0,,0.0,1,0.11,0.07,SPY190315C00295000,295.0,normalDay
2019-01-29,327.0,1246.0,0.0,100,263.41,251.0,0,0.0,0.0,,0.0,1,0.11,0.06,SPY190315C00295000,295.0,normalDay
2019-01-30,327.0,1660.0,0.0,100,267.58,251.0,0,0.0,0.0,,0.0,1,0.11,0.09,SPY190315C00295000,295.0,normalDay
2019-01-31,327.0,1894.0,0.0,100,269.93,251.0,0,0.0,0.0,,0.0,1,0.11,0.1,SPY190315C00295000,295.0,normalDay
2019-02-01,327.0,1909.0,0.0,100,270.06,251.0,0,0.0,0.0,,0.0,1,0.11,0.08,SPY190315C00295000,295.0,normalDay
2019-02-04,327.0,2097.0,0.0,100,271.96,251.0,0,0.0,0.0,,0.0,1,0.11,0.1,SPY190315C00295000,295.0,normalDay
2019-02-05,327.0,2210.0,0.0,100,273.1,251.0,0,0.0,0.0,,0.0,1,0.11,0.11,SPY190315C00295000,295.0,normalDay
2019-02-06,327.0,2178.0,0.0,100,272.74,251.0,0,0.0,0.0,,0.0,1,0.11,0.07,SPY190315C00295000,295.0,normalDay
2019-02-07,327.0,1921.0,0.0,100,270.14,251.0,0,0.0,0.0,,0.0,1,0.11,0.04,SPY190315C00295000,295.0,normalDay
2019-02-08,327.0,1955.0,0.0,100,270.47,251.0,0,0.0,0.0,,0.0,1,0.11,0.03,SPY190315C00295000,295.0,normalDay
2019-02-11,327.0,1969.0,0.0,100,270.62,251.0,0,0.0,0.0,,0.0,1,0.11,0.04,SPY190315C00295000,295.0,normalDay
2019-02-12,327.0,2314.0,0.0,100,274.1,251.0,0,0.0,0.0,,0.0,1,0.11,0.07,SPY190315C00295000,295.0,normalDay
2019-02-13,327.0,2403.0,0.0,100,274.99,251.0,0,0.0,0.0,,0.0,1,0.11,0.07,SPY190315C00295000,295.0,normalDay
2019-02-14,327.0,2343.0,0.0,100,274.38,251.0,0,0.0,0.0,,0.0,1,0.11,0.06,SPY190315C00295000,295.0,normalDay
2019-02-15,327.0,2642.0,0.0,100,277.37,251.0,0,0.0,0.0,,0.0,1,0.11,0.06,SPY190315C00295000,295.0,normalDay
2019-02-19,327.0,2692.0,0.0,100,277.85,251.0,0,0.0,0.0,,0.0,1,0.11,0.04,SPY190315C00295000,295.0,normalDay
2019-02-20,327.0,2748.0,0.0,100,278.41,251.0,0,0.0,0.0,,0.0,1,0.11,0.04,SPY190315C00295000,295.0,normalDay
2019-02-21,327.0,2650.0,0.0,100,277.42,251.0,0,0.0,0.0,,0.0,1,0.11,0.03,SPY190315C00295000,295.0,normalDay
2019-02-22,327.0,2821.0,0.0,100,279.14,251.0,0,0.0,0.0,,0.0,1,0.11,0.04,SPY190315C00295000,295.0,normalDay
2019-02-25,327.0,2859.0,0.0,100,279.52,251.0,0,0.0,0.0,,0.0,1,0.11,0.04,SPY190315C00295000,295.0,normalDay
2019-02-26,327.0,2840.0,0.0,100,279.32,251.0,0,0.0,0.0,,0.0,1,0.11,0.03,SPY190315C00295000,295.0,normalDay
2019-02-27,327.0,2828.0,0.0,100,279.2,251.0,0,0.0,0.0,,0.0,1,0.11,0.03,SPY190315C00295000,295.0,normalDay
2019-02-28,327.0,2777.0,0.0,100,278.68,251.0,0,0.0,0.0,,0.0,1,0.11,0.02,SPY190315C00295000,295.0,normalDay
2019-03-01,327.0,2951.0,0.0,100,280.42,251.0,0,0.0,0.0,,0.0,1,0.11,0.02,SPY190315C00295000,295.0,normalDay
2019-03-04,327.0,2850.0,0.0,100,279.4,251.0,0,0.0,0.0,,0.0,1,0.11,0.01,SPY190315C00295000,295.0,normalDay
2019-03-05,327.0,2812.0,0.0,100,279.02,251.0,0,0.0,0.0,,0.0,1,0.11,0.01,SPY190315C00295000,295.0,normalDay
2019-03-06,327.0,2643.0,0.0,100,277.33,251.0,0,0.0,0.0,,0.0,1,0.11,0.01,SPY190315C00295000,295.0,normalDay
2019-03-07,327.0,2411.0,0.0,100,275.01,251.0,0,0.0,0.0,,0.0,1,0.11,0.01,SPY190315C00295000,295.0,normalDay
2019-03-08,327.0,2356.0,0.0,100,274.46,251.0,0,0.0,0.0,,0.0,1,0.11,0.01,SPY190315C00295000,295.0,normalDay
2019-03-11,327.0,2754.0,0.0,100,278.44,251.0,0,0.0,0.0,,0.0,1,0.11,0.01,SPY190315C00295000,295.0,normalDay
2019-03-12,327.0,2859.0,0.0,100,279.49,251.0,0,0.0,0.0,,0.0,1,0.11,0.01,SPY190315C00295000,295.0,normalDay
2019-03-13,327.0,3044.0,0.0,100,281.34,251.0,0,0.0,0.0,,0.0,1,0.11,0.01,SPY190315C00295000,295.0,normalDay
2019-03-14,327.0,3026.0,0.0,100,281.16,251.0,0,0.0,0.0,,0.0,1,0.11,0.01,SPY190315C00295000,295.0,normalDay
2019-03-15,338.0,3031.0,11.0,100,281.31,251.0,0,0.0,0.0,,0.0,1,0.11,0.0,SPY190315C00295000,295.0,expirationDay
2019-03-18,338.0,3129.0,0.0,100,282.33,251.0,0,0.0,0.0,,0.0,1,4.55,4.59,SPY190517C00285000,285.0,normalDay
2019-03-19,338.0,3142.0,0.0,100,282.4,251.0,0,0.0,0.0,,0.0,1,4.55,4.53,SPY190517C00285000,285.0,normalDay
2019-03-20,338.0,3098.0,0.0,100,281.55,251.0,0,0.0,0.0,,0.0,1,4.55,4.12,SPY190517C00285000,285.0,normalDay
2019-03-21,338.0,3244.0,0.0,100,284.73,251.0,0,0.0,0.0,,0.0,1,4.55,5.84,SPY190517C00285000,285.0,normalDay
2019-03-22,338.0,2875.0,0.0,100,279.25,251.0,0,0.0,0.0,,0.0,1,4.55,4.05,SPY190517C00285000,285.0,normalDay
2019-03-25,338.0,2893.0,0.0,100,279.04,251.0,0,0.0,0.0,,0.0,1,4.55,3.66,SPY190517C00285000,285.0,normalDay
2019-03-26,338.0,3066.0,0.0,100,281.12,251.0,0,0.0,0.0,,0.0,1,4.55,4.01,SPY190517C00285000,285.0,normalDay
2019-03-27,338.0,2969.0,0.0,100,279.65,251.0,0,0.0,0.0,,0.0,1,4.55,3.51,SPY190517C00285000,285.0,normalDay
2019-03-28,338.0,3055.0,0.0,100,280.71,251.0,0,0.0,0.0,,0.0,1,4.55,3.71,SPY190517C00285000,285.0,normalDay
2019-03-29,338.0,3165.0,0.0,100,282.48,251.0,0,0.0,0.0,,0.0,1,4.55,4.38,SPY190517C00285000,285.0,normalDay
2019-04-01,338.0,3359.0,0.0,100,285.83,251.0,0,0.0,0.0,,0.0,1,4.55,5.79,SPY190517C00285000,285.0,normalDay
2019-04-02,338.0,3385.0,0.0,100,285.97,251.0,0,0.0,0.0,,0.0,1,4.55,5.67,SPY190517C00285000,285.0,normalDay
2019-04-03,338.0,3368.0,0.0,100,286.42,251.0,0,0.0,0.0,,0.0,1,4.55,6.29,SPY190517C00285000,285.0,normalDay
2019-04-04,338.0,3420.0,0.0,100,287.18,251.0,0,0.0,0.0,,0.0,1,4.55,6.53,SPY190517C00285000,285.0,normalDay
2019-04-05,338.0,3491.0,0.0,100,288.57,251.0,0,0.0,0.0,,0.0,1,4.55,7.21,SPY190517C00285000,285.0,normalDay
2019-04-08,338.0,3508.0,0.0,100,288.79,251.0,0,0.0,0.0,,0.0,1,4.55,7.26,SPY190517C00285000,285.0,normalDay
2019-04-09,338.0,3457.0,0.0,100,287.31,251.0,0,0.0,0.0,,0.0,1,4.55,6.29,SPY190517C00285000,285.0,normalDay
2019-04-10,338.0,3497.0,0.0,100,288.29,251.0,0,0.0,0.0,,0.0,1,4.55,6.87,SPY190517C00285000,285.0,normalDay
2019-04-11,338.0,3524.0,0.0,100,288.21,251.0,0,0.0,0.0,,0.0,1,4.55,6.52,SPY190517C00285000,285.0,normalDay
2019-04-12,338.0,3592.0,0.0,100,290.16,251.0,0,0.0,0.0,,0.0,1,4.55,7.79,SPY190517C00285000,285.0,normalDay
2019-04-15,338.0,3596.0,0.0,100,289.97,251.0,0,0.0,0.0,,0.0,1,4.55,7.56,SPY190517C00285000,285.0,normalDay
2019-04-16,338.0,3620.0,0.0,100,290.16,251.0,0,0.0,0.0,,0.0,1,4.55,7.51,SPY190517C00285000,285.0,normalDay
2019-04-17,338.0,3615.0,0.0,100,289.45,251.0,0,0.0,0.0,,0.0,1,4.55,6.85,SPY190517C00285000,285.0,normalDay
2019-04-18,338.0,3625.0,0.0,100,290.02,251.0,0,0.0,0.0,,0.0,1,4.55,7.32,SPY190517C00285000,285.0,normalDay
2019-04-22,338.0,3640.0,0.0,100,290.27,251.0,0,0.0,0.0,,0.0,1,4.55,7.42,SPY190517C00285000,285.0,normalDay
2019-04-23,338.0,3692.0,0.0,100,292.88,251.0,0,0.0,0.0,,0.0,1,4.55,9.51,SPY190517C00285000,285.0,normalDay
2019-04-24,338.0,3667.0,0.0,100,292.23,251.0,0,0.0,0.0,,0.0,1,4.55,9.11,SPY190517C00285000,285.0,normalDay
2019-04-25,338.0,3689.0,0.0,100,292.05,251.0,0,0.0,0.0,,0.0,1,4.55,8.71,SPY190517C00285000,285.0,normalDay
2019-04-26,338.0,3713.0,0.0,100,293.41,251.0,0,0.0,0.0,,0.0,1,4.55,9.83,SPY190517C00285000,285.0,normalDay
2019-04-29,338.0,3736.0,0.0,100,293.87,251.0,0,0.0,0.0,,0.0,1,4.55,10.06,SPY190517C00285000,285.0,normalDay
2019-04-30,338.0,3719.0,0.0,100,294.02,251.0,0,0.0,0.0,,0.0,1,4.55,10.38,SPY190517C00285000,285.0,normalDay
2019-05-01,338.0,3705.0,0.0,100,291.81,251.0,0,0.0,0.0,,0.0,1,4.55,8.31,SPY190517C00285000,285.0,normalDay
2019-05-02,338.0,3716.0,0.0,100,291.18,251.0,0,0.0,0.0,,0.0,1,4.55,7.57,SPY190517C00285000,285.0,normalDay
2019-05-03,338.0,3769.0,0.0,100,294.03,251.0,0,0.0,0.0,,0.0,1,4.55,9.89,SPY190517C00285000,285.0,normalDay
2019-05-06,338.0,3738.0,0.0,100,292.82,251.0,0,0.0,0.0,,0.0,1,4.55,8.99,SPY190517C00285000,285.0,normalDay
2019-05-07,338.0,3527.0,0.0,100,287.93,251.0,0,0.0,0.0,,0.0,1,4.55,6.21,SPY190517C00285000,285.0,normalDay
2019-05-08,338.0,3519.0,0.0,100,287.53,251.0,0,0.0,0.0,,0.0,1,4.55,5.89,SPY190517C00285000,285.0,normalDay
2019-05-09,338.0,3507.0,0.0,100,286.66,251.0,0,0.0,0.0,,0.0,1,4.55,5.14,SPY190517C00285000,285.0,normalDay
2019-05-10,338.0,3690.0,0.0,100,288.1,251.0,0,0.0,0.0,,0.0,1,4.55,4.75,SPY190517C00285000,285.0,normalDay
2019-05-13,338.0,3337.0,0.0,100,280.86,251.0,0,0.0,0.0,,0.0,1,4.55,1.04,SPY190517C00285000,285.0,normalDay
2019-05-14,338.0,3568.0,0.0,100,283.4,251.0,0,0.0,0.0,,0.0,1,4.55,1.27,SPY190517C00285000,285.0,normalDay
2019-05-15,338.0,3696.0,0.0,100,285.06,251.0,0,0.0,0.0,,0.0,1,4.55,1.65,SPY190517C00285000,285.0,normalDay
2019-05-16,338.0,3824.0,0.0,100,287.7,251.0,0,0.0,0.0,,0.0,1,4.55,3.01,SPY190517C00285000,285.0,normalDay
2019-05-17,4193.0,3824.0,3855.0,0,285.84,0.0,0,0.0,0.0,,0.0,1,4.55,0.0,SPY190517C00285000,285.0,expirationDay
2019-05-20,4193.0,-4.0,0.0,0,283.95,0.0,1,1.02,1.06,SPY190607P00273000,273.0,0,0.0,0.0,,0.0,normalDay
2019-05-21,4193.0,46.0,0.0,0,286.51,0.0,1,1.02,0.56,SPY190607P00273000,273.0,0,0.0,0.0,,0.0,normalDay
2019-05-22,4193.0,47.0,0.0,0,285.63,0.0,1,1.02,0.55,SPY190607P00273000,273.0,0,0.0,0.0,,0.0,normalDay
2019-05-23,4193.0,-16.0,0.0,0,282.14,0.0,1,1.02,1.18,SPY190607P00273000,273.0,0,0.0,0.0,,0.0,normalDay
2019-05-24,4193.0,23.0,0.0,0,282.78,0.0,1,1.02,0.79,SPY190607P00273000,273.0,0,0.0,0.0,,0.0,normalDay
2019-05-28,4193.0,1.0,0.0,0,280.15,0.0,1,1.02,1.01,SPY190607P00273000,273.0,0,0.0,0.0,,0.0,normalDay
2019-05-29,4193.0,-25.0,0.0,0,278.27,0.0,1,1.02,1.27,SPY190607P00273000,273.0,0,0.0,0.0,,0.0,normalDay
2019-05-30,4193.0,10.0,0.0,0,279.03,0.0,1,1.02,0.92,SPY190607P00273000,273.0,0,0.0,0.0,,0.0,normalDay
2019-05-31,4193.0,-88.0,0.0,0,275.27,0.0,1,1.02,1.9,SPY190607P00273000,273.0,0,0.0,0.0,,0.0,normalDay
2019-06-03,4193.0,-58.0,0.0,0,274.57,0.0,1,1.02,1.6,SPY190607P00273000,273.0,0,0.0,0.0,,0.0,normalDay
2019-06-04,4193.0,80.0,0.0,0,280.53,0.0,1,1.02,0.22,SPY190607P00273000,273.0,0,0.0,0.0,,0.0,normalDay
2019-06-05,4193.0,99.0,0.0,0,282.96,0.0,1,1.02,0.03,SPY190607P00273000,273.0,0,0.0,0.0,,0.0,normalDay
2019-06-06,4193.0,101.0,0.0,0,284.8,0.0,1,1.02,0.01,SPY190607P00273000,273.0,0,0.0,0.0,,0.0,normalDay
2019-06-07,4295.0,0.0,102.0,0,287.65,0.0,1,1.02,0.0,SPY190607P00273000,273.0,0,0.0,0.0,,0.0,expirationDay
2019-06-10,4295.0,-3.0,0.0,0,288.97,0.0,1,0.31,0.34,SPY190628P00267000,267.0,0,0.0,0.0,,0.0,normalDay
2019-06-11,4295.0,0.0,0.0,0,288.9,0.0,1,0.31,0.31,SPY190628P00267000,267.0,0,0.0,0.0,,0.0,normalDay
2019-06-12,4295.0,1.0,0.0,0,288.39,0.0,1,0.31,0.3,SPY190628P00267000,267.0,0,0.0,0.0,,0.0,normalDay
2019-06-13,4295.0,9.0,0.0,0,289.58,0.0,1,0.31,0.22,SPY190628P00267000,267.0,0,0.0,0.0,,0.0,normalDay
2019-06-14,4295.0,16.0,0.0,0,289.26,0.0,1,0.31,0.15,SPY190628P00267000,267.0,0,0.0,0.0,,0.0,normalDay
2019-06-17,4295.0,18.0,0.0,0,289.37,0.0,1,0.31,0.13,SPY190628P00267000,267.0,0,0.0,0.0,,0.0,normalDay
2019-06-18,4295.0,23.0,0.0,0,292.4,0.0,1,0.31,0.08,SPY190628P00267000,267.0,0,0.0,0.0,,0.0,normalDay
2019-06-19,4295.0,25.0,0.0,0,293.06,0.0,1,0.31,0.06,SPY190628P00267000,267.0,0,0.0,0.0,,0.0,normalDay
2019-06-20,4295.0,25.0,0.0,0,295.86,0.0,1,0.31,0.06,SPY190628P00267000,267.0,0,0.0,0.0,,0.0,normalDay
2019-06-21,4295.0,26.0,0.0,0,294.0,0.0,1,0.31,0.05,SPY190628P00267000,267.0,0,0.0,0.0,,0.0,normalDay
2019-06-24,4295.0,29.0,0.0,0,293.64,0.0,1,0.31,0.02,SPY190628P00267000,267.0,0,0.0,0.0,,0.0,normalDay
2019-06-25,4295.0,29.0,0.0,0,290.76,0.0,1,0.31,0.02,SPY190628P00267000,267.0,0,0.0,0.0,,0.0,normalDay
2019-06-26,4295.0,30.0,0.0,0,290.47,0.0,1,0.31,0.01,SPY190628P00267000,267.0,0,0.0,0.0,,0.0,normalDay
2019-06-27,4295.0,30.0,0.0,0,291.5,0.0,1,0.31,0.01,SPY190628P00267000,267.0,0,0.0,0.0,,0.0,normalDay
2019-06-28,4326.0,0.0,31.0,0,293.0,0.0,1,0.31,0.0,SPY190628P00267000,267.0,0,0.0,0.0,,0.0,expirationDay
2019-07-01,4326.0,-3.0,0.0,0,295.66,0.0,1,0.2,0.23,SPY190719P00274000,274.0,0,0.0,0.0,,0.0,normalDay
2019-07-02,4326.0,5.0,0.0,0,296.43,0.0,1,0.2,0.15,SPY190719P00274000,274.0,0,0.0,0.0,,0.0,normalDay
2019-07-03,4326.0,10.0,0.0,0,298.8,0.0,1,0.2,0.1,SPY190719P00274000,274.0,0,0.0,0.0,,0.0,normalDay
2019-07-05,4326.0,8.0,0.0,0,298.46,0.0,1,0.2,0.12,SPY190719P00274000,274.0,0,0.0,0.0,,0.0,normalDay
2019-07-08,4326.0,12.0,0.0,0,296.82,0.0,1,0.2,0.08,SPY190719P00274000,274.0,0,0.0,0.0,,0.0,normalDay
2019-07-09,4326.0,13.0,0.0,0,297.19,0.0,1,0.2,0.07,SPY190719P00274000,274.0,0,0.0,0.0,,0.0,normalDay
2019-07-10,4326.0,16.0,0.0,0,298.61,0.0,1,0.2,0.04,SPY190719P00274000,274.0,0,0.0,0.0,,0.0,normalDay
2019-07-11,4326.0,16.0,0.0,0,299.31,0.0,1,0.2,0.04,SPY190719P00274000,274.0,0,0.0,0.0,,0.0,normalDay
2019-07-12,4326.0,17.0,0.0,0,300.65,0.0,1,0.2,0.03,SPY190719P00274000,274.0,0,0.0,0.0,,0.0,normalDay
2019-07-15,4326.0,17.0,0.0,0,300.75,0.0,1,0.2,0.03,SPY190719P00274000,274.0,0,0.0,0.0,,0.0,normalDay
2019-07-16,4326.0,18.0,0.0,0,299.78,0.0,1,0.2,0.02,SPY190719P00274000,274.0,0,0.0,0.0,,0.0,normalDay
2019-07-17,4326.0,18.0,0.0,0,297.74,0.0,1,0.2,0.02,SPY190719P00274000,274.0,0,0.0,0.0,,0.0,normalDay
2019-07-18,4326.0,19.0,0.0,0,298.83,0.0,1,0.2,0.01,SPY190719P00274000,274.0,0,0.0,0.0,,0.0,normalDay
2019-07-19,4346.0,0.0,20.0,0,297.17,0.0,1,0.2,0.0,SPY190719P00274000,274.0,0,0.0,0.0,,0.0,expirationDay
2019-07-22,4346.0,-3.0,0.0,0,297.9,0.0,1,0.55,0.58,SPY190809P00284000,284.0,0,0.0,0.0,,0.0,normalDay
2019-07-23,4346.0,19.0,0.0,0,300.03,0.0,1,0.55,0.36,SPY190809P00284000,284.0,0,0.0,0.0,,0.0,normalDay
2019-07-24,4346.0,30.0,0.0,0,301.44,0.0,1,0.55,0.25,SPY190809P00284000,284.0,0,0.0,0.0,,0.0,normalDay
2019-07-25,4346.0,27.0,0.0,0,300.0,0.0,1,0.55,0.28,SPY190809P00284000,284.0,0,0.0,0.0,,0.0,normalDay
2019-07-26,4346.0,38.0,0.0,0,302.01,0.0,1,0.55,0.17,SPY190809P00284000,284.0,0,0.0,0.0,,0.0,normalDay
2019-07-29,4346.0,39.0,0.0,0,301.46,0.0,1,0.55,0.16,SPY190809P00284000,284.0,0,0.0,0.0,,0.0,normalDay
2019-07-30,4346.0,35.0,0.0,0,300.72,0.0,1,0.55,0.2,SPY190809P00284000,284.0,0,0.0,0.0,,0.0,normalDay
2019-07-31,4346.0,7.0,0.0,0,297.43,0.0,1,0.55,0.48,SPY190809P00284000,284.0,0,0.0,0.0,,0.0,normalDay
2019-08-01,4346.0,-14.0,0.0,0,294.84,0.0,1,0.55,0.69,SPY190809P00284000,284.0,0,0.0,0.0,,0.0,normalDay
2019-08-02,4346.0,-15.0,0.0,0,292.62,0.0,1,0.55,0.7,SPY190809P00284000,284.0,0,0.0,0.0,,0.0,normalDay
2019-08-05,4346.0,-362.0,0.0,0,283.82,0.0,1,0.55,4.17,SPY190809P00284000,284.0,0,0.0,0.0,,0.0,normalDay
2019-08-06,4346.0,-80.0,0.0,0,287.8,0.0,1,0.55,1.35,SPY190809P00284000,284.0,0,0.0,0.0,,0.0,normalDay
2019-08-07,4346.0,-34.0,0.0,0,287.97,0.0,1,0.55,0.89,SPY190809P00284000,284.0,0,0.0,0.0,,0.0,normalDay
2019-08-08,4346.0,48.0,0.0,0,293.62,0.0,1,0.55,0.07,SPY190809P00284000,284.0,0,0.0,0.0,,0.0,normalDay
2019-08-09,4401.0,0.0,55.0,0,291.62,0.0,1,0.55,0.0,SPY190809P00284000,284.0,0,0.0,0.0,,0.0,expirationDay
2019-08-12,4401.0,-4.0,0.0,0,288.07,0.0,1,1.64,1.68,SPY190830P00274000,274.0,0,0.0,0.0,,0.0,normalDay
2019-08-13,4401.0,94.0,0.0,0,292.55,0.0,1,1.64,0.7,SPY190830P00274000,274.0,0,0.0,0.0,,0.0,normalDay
2019-08-14,4401.0,-61.0,0.0,0,283.9,0.0,1,1.64,2.25,SPY190830P00274000,274.0,0,0.0,0.0,,0.0,normalDay
2019-08-15,4401.0,-15.0,0.0,0,284.65,0.0,1,1.64,1.79,SPY190830P00274000,274.0,0,0.0,0.0,,0.0,normalDay
2019-08-16,4401.0,86.0,0.0,0,288.85,0.0,1,1.64,0.78,SPY190830P00274000,274.0,0,0.0,0.0,,0.0,normalDay
2019-08-19,4401.0,134.0,0.0,0,292.33,0.0,1,1.64,0.3,SPY190830P00274000,274.0,0,0.0,0.0,,0.0,normalDay
2019-08-20,4401.0,125.0,0.0,0,290.09,0.0,1,1.64,0.39,SPY190830P00274000,274.0,0,0.0,0.0,,0.0,normalDay
2019-08-21,4401.0,150.0,0.0,0,292.45,0.0,1,1.64,0.14,SPY190830P00274000,274.0,0,0.0,0.0,,0.0,normalDay
2019-08-22,4401.0,150.0,0.0,0,292.36,0.0,1,1.64,0.14,SPY190830P00274000,274.0,0,0.0,0.0,,0.0,normalDay
2019-08-23,4401.0,108.0,0.0,0,284.85,0.0,1,1.64,0.56,SPY190830P00274000,274.0,0,0.0,0.0,,0.0,normalDay
2019-08-26,4401.0,150.0,0.0,0,288.0,0.0,1,1.64,0.14,SPY190830P00274000,274.0,0,0.0,0.0,,0.0,normalDay
2019-08-27,4401.0,152.0,0.0,0,286.87,0.0,1,1.64,0.12,SPY190830P00274000,274.0,0,0.0,0.0,,0.0,normalDay
2019-08-28,4401.0,160.0,0.0,0,288.89,0.0,1,1.64,0.04,SPY190830P00274000,274.0,0,0.0,0.0,,0.0,normalDay
2019-08-29,4401.0,162.0,0.0,0,292.58,0.0,1,1.64,0.02,SPY190830P00274000,274.0,0,0.0,0.0,,0.0,normalDay
2019-08-30,4565.0,0.0,164.0,0,292.45,0.0,1,1.64,0.0,SPY190830P00274000,274.0,0,0.0,0.0,,0.0,expirationDay
2019-09-03,4565.0,-3.0,0.0,0,290.74,0.0,1,1.53,1.56,SPY190920P00277500,277.5,0,0.0,0.0,,0.0,normalDay
2019-09-04,4565.0,77.0,0.0,0,294.04,0.0,1,1.53,0.76,SPY190920P00277500,277.5,0,0.0,0.0,,0.0,normalDay
2019-09-05,4565.0,111.0,0.0,0,297.82,0.0,1,1.53,0.42,SPY190920P00277500,277.5,0,0.0,0.0,,0.0,normalDay
2019-09-06,4565.0,129.0,0.0,0,298.05,0.0,1,1.53,0.24,SPY190920P00277500,277.5,0,0.0,0.0,,0.0,normalDay
2019-09-09,4565.0,134.0,0.0,0,298.2,0.0,1,1.53,0.19,SPY190920P00277500,277.5,0,0.0,0.0,,0.0,normalDay
2019-09-10,4565.0,136.0,0.0,0,298.13,0.0,1,1.53,0.17,SPY190920P00277500,277.5,0,0.0,0.0,,0.0,normalDay
2019-09-11,4565.0,143.0,0.0,0,300.25,0.0,1,1.53,0.1,SPY190920P00277500,277.5,0,0.0,0.0,,0.0,normalDay
2019-09-12,4565.0,144.0,0.0,0,301.29,0.0,1,1.53,0.09,SPY190920P00277500,277.5,0,0.0,0.0,,0.0,normalDay
2019-09-13,4565.0,145.0,0.0,0,301.09,0.0,1,1.53,0.08,SPY190920P00277500,277.5,0,0.0,0.0,,0.0,normalDay
2019-09-16,4565.0,146.0,0.0,0,300.16,0.0,1,1.53,0.07,SPY190920P00277500,277.5,0,0.0,0.0,,0.0,normalDay
2019-09-17,4565.0,148.0,0.0,0,300.92,0.0,1,1.53,0.05,SPY190920P00277500,277.5,0,0.0,0.0,,0.0,normalDay
2019-09-18,4565.0,149.0,0.0,0,301.1,0.0,1,1.53,0.04,SPY190920P00277500,277.5,0,0.0,0.0,,0.0,normalDay
2019-09-19,4565.0,150.0,0.0,0,301.08,0.0,1,1.53,0.03,SPY190920P00277500,277.5,0,0.0,0.0,,0.0,normalDay
2019-09-20,4718.0,0.0,153.0,0,298.28,0.0,1,1.53,0.0,SPY190920P00277500,277.5,0,0.0,0.0,,0.0,expirationDay
2019-09-23,4718.0,-3.0,0.0,0,298.21,0.0,1,0.32,0.35,SPY191011P00277000,277.0,0,0.0,0.0,,0.0,normalDay
2019-09-24,4718.0,-27.0,0.0,0,295.87,0.0,1,0.32,0.59,SPY191011P00277000,277.0,0,0.0,0.0,,0.0,normalDay
2019-09-25,4718.0,-8.0,0.0,0,297.62,0.0,1,0.32,0.4,SPY191011P00277000,277.0,0,0.0,0.0,,0.0,normalDay
2019-09-26,4718.0,-2.0,0.0,0,297.0,0.0,1,0.32,0.34,SPY191011P00277000,277.0,0,0.0,0.0,,0.0,normalDay
2019-09-27,4718.0,-10.0,0.0,0,295.4,0.0,1,0.32,0.42,SPY191011P00277000,277.0,0,0.0,0.0,,0.0,normalDay
2019-09-30,4718.0,10.0,0.0,0,296.77,0.0,1,0.32,0.22,SPY191011P00277000,277.0,0,0.0,0.0,,0.0,normalDay
2019-10-01,4718.0,-11.0,0.0,0,293.24,0.0,1,0.32,0.43,SPY191011P00277000,277.0,0,0.0,0.0,,0.0,normalDay
2019-10-02,4718.0,-65.0,0.0,0,288.06,0.0,1,0.32,0.97,SPY191011P00277000,277.0,0,0.0,0.0,,0.0,normalDay
2019-10-03,4718.0,-14.0,0.0,0,290.42,0.0,1,0.32,0.46,SPY191011P00277000,277.0,0,0.0,0.0,,0.0,normalDay
2019-10-04,4718.0,22.0,0.0,0,294.35,0.0,1,0.32,0.1,SPY191011P00277000,277.0,0,0.0,0.0,,0.0,normalDay
2019-10-07,4718.0,26.0,0.0,0,293.08,0.0,1,0.32,0.06,SPY191011P00277000,277.0,0,0.0,0.0,,0.0,normalDay
2019-10-08,4718.0,18.0,0.0,0,288.53,0.0,1,0.32,0.14,SPY191011P00277000,277.0,0,0.0,0.0,,0.0,normalDay
2019-10-09,4718.0,29.0,0.0,0,291.27,0.0,1,0.32,0.03,SPY191011P00277000,277.0,0,0.0,0.0,,0.0,normalDay
2019-10-10,4718.0,30.0,0.0,0,293.24,0.0,1,0.32,0.02,SPY191011P00277000,277.0,0,0.0,0.0,,0.0,normalDay
2019-10-11,4750.0,0.0,32.0,0,296.28,0.0,1,0.32,0.0,SPY191011P00277000,277.0,0,0.0,0.0,,0.0,expirationDay
2019-10-14,4750.0,-4.0,0.0,0,295.95,0.0,1,0.52,0.56,SPY191101P00280000,280.0,0,0.0,0.0,,0.0,normalDay
2019-10-15,4750.0,24.0,0.0,0,298.88,0.0,1,0.52,0.28,SPY191101P00280000,280.0,0,0.0,0.0,,0.0,normalDay
2019-10-16,4750.0,26.0,0.0,0,298.4,0.0,1,0.52,0.26,SPY191101P00280000,280.0,0,0.0,0.0,,0.0,normalDay
2019-10-17,4750.0,30.0,0.0,0,299.28,0.0,1,0.52,0.22,SPY191101P00280000,280.0,0,0.0,0.0,,0.0,normalDay
2019-10-18,4750.0,29.0,0.0,0,297.97,0.0,1,0.52,0.23,SPY191101P00280000,280.0,0,0.0,0.0,,0.0,normalDay
2019-10-21,4750.0,40.0,0.0,0,299.99,0.0,1,0.52,0.12,SPY191101P00280000,280.0,0,0.0,0.0,,0.0,normalDay
2019-10-22,4750.0,39.0,0.0,0,299.01,0.0,1,0.52,0.13,SPY191101P00280000,280.0,0,0.0,0.0,,0.0,normalDay
2019-10-23,4750.0,45.0,0.0,0,299.88,0.0,1,0.52,0.07,SPY191101P00280000,280.0,0,0.0,0.0,,0.0,normalDay
2019-10-24,4750.0,48.0,0.0,0,300.37,0.0,1,0.52,0.04,SPY191101P00280000,280.0,0,0.0,0.0,,0.0,normalDay
2019-10-25,4750.0,50.0,0.0,0,301.6,0.0,1,0.52,0.02,SPY191101P00280000,280.0,0,0.0,0.0,,0.0,normalDay
2019-10-28,4750.0,50.0,0.0,0,303.3,0.0,1,0.52,0.02,SPY191101P00280000,280.0,0,0.0,0.0,,0.0,normalDay
2019-10-29,4750.0,50.0,0.0,0,303.21,0.0,1,0.52,0.02,SPY191101P00280000,280.0,0,0.0,0.0,,0.0,normalDay
2019-10-30,4750.0,51.0,0.0,0,304.14,0.0,1,0.52,0.01,SPY191101P00280000,280.0,0,0.0,0.0,,0.0,normalDay
2019-10-31,4750.0,51.0,0.0,0,303.33,0.0,1,0.52,0.01,SPY191101P00280000,280.0,0,0.0,0.0,,0.0,normalDay
2019-11-01,4802.0,0.0,52.0,0,306.14,0.0,1,0.52,0.0,SPY191101P00280000,280.0,0,0.0,0.0,,0.0,expirationDay
2019-11-04,4802.0,-3.0,0.0,0,307.37,0.0,1,0.11,0.14,SPY191122P00280000,280.0,0,0.0,0.0,,0.0,normalDay
2019-11-05,4802.0,-3.0,0.0,0,307.03,0.0,1,0.11,0.14,SPY191122P00280000,280.0,0,0.0,0.0,,0.0,normalDay
2019-11-06,4802.0,1.0,0.0,0,307.1,0.0,1,0.11,0.1,SPY191122P00280000,280.0,0,0.0,0.0,,0.0,normalDay
2019-11-07,4802.0,3.0,0.0,0,308.18,0.0,1,0.11,0.08,SPY191122P00280000,280.0,0,0.0,0.0,,0.0,normalDay
2019-11-08,4802.0,7.0,0.0,0,308.94,0.0,1,0.11,0.04,SPY191122P00280000,280.0,0,0.0,0.0,,0.0,normalDay
2019-11-11,4802.0,7.0,0.0,0,308.35,0.0,1,0.11,0.04,SPY191122P00280000,280.0,0,0.0,0.0,,0.0,normalDay
2019-11-12,4802.0,8.0,0.0,0,309.0,0.0,1,0.11,0.03,SPY191122P00280000,280.0,0,0.0,0.0,,0.0,normalDay
2019-11-13,4802.0,8.0,0.0,0,309.1,0.0,1,0.11,0.03,SPY191122P00280000,280.0,0,0.0,0.0,,0.0,normalDay
2019-11-14,4802.0,7.0,0.0,0,309.55,0.0,1,0.11,0.04,SPY191122P00280000,280.0,0,0.0,0.0,,0.0,normalDay
2019-11-15,4802.0,9.0,0.0,0,311.79,0.0,1,0.11,0.02,SPY191122P00280000,280.0,0,0.0,0.0,,0.0,normalDay
2019-11-18,4802.0,10.0,0.0,0,312.02,0.0,1,0.11,0.01,SPY191122P00280000,280.0,0,0.0,0.0,,0.0,normalDay
2019-11-19,4802.0,10.0,0.0,0,311.93,0.0,1,0.11,0.01,SPY191122P00280000,280.0,0,0.0,0.0,,0.0,normalDay
2019-11-20,4802.0,10.0,0.0,0,310.77,0.0,1,0.11,0.01,SPY191122P00280000,280.0,0,0.0,0.0,,0.0,normalDay
2019-11-21,4802.0,10.0,0.0,0,310.27,0.0,1,0.11,0.01,SPY191122P00280000,280.0,0,0.0,0.0,,0.0,normalDay
2019-11-22,4813.0,0.0,11.0,0,310.96,0.0,1,0.11,0.0,SPY191122P00280000,280.0,0,0.0,0.0,,0.0,expirationDay
2019-11-25,4813.0,-3.0,0.0,0,313.37,0.0,1,0.33,0.36,SPY191213P00297000,297.0,0,0.0,0.0,,0.0,normalDay
2019-11-26,4813.0,3.0,0.0,0,314.08,0.0,1,0.33,0.3,SPY191213P00297000,297.0,0,0.0,0.0,,0.0,normalDay
2019-11-27,4813.0,10.0,0.0,0,315.48,0.0,1,0.33,0.23,SPY191213P00297000,297.0,0,0.0,0.0,,0.0,normalDay
2019-11-29,4813.0,4.0,0.0,0,314.31,0.0,1,0.33,0.29,SPY191213P00297000,297.0,0,0.0,0.0,,0.0,normalDay
2019-12-02,4813.0,-12.0,0.0,0,311.64,0.0,1,0.33,0.45,SPY191213P00297000,297.0,0,0.0,0.0,,0.0,normalDay
2019-12-03,4813.0,-30.0,0.0,0,309.55,0.0,1,0.33,0.63,SPY191213P00297000,297.0,0,0.0,0.0,,0.0,normalDay
2019-12-04,4813.0,-1.0,0.0,0,311.46,0.0,1,0.33,0.34,SPY191213P00297000,297.0,0,0.0,0.0,,0.0,normalDay
2019-12-05,4813.0,16.0,0.0,0,312.02,0.0,1,0.33,0.17,SPY191213P00297000,297.0,0,0.0,0.0,,0.0,normalDay
2019-12-06,4813.0,24.0,0.0,0,314.87,0.0,1,0.33,0.09,SPY191213P00297000,297.0,0,0.0,0.0,,0.0,normalDay
2019-12-09,4813.0,22.0,0.0,0,313.88,0.0,1,0.33,0.11,SPY191213P00297000,297.0,0,0.0,0.0,,0.0,normalDay
2019-12-10,4813.0,27.0,0.0,0,313.53,0.0,1,0.33,0.06,SPY191213P00297000,297.0,0,0.0,0.0,,0.0,normalDay
2019-12-11,4813.0,31.0,0.0,0,314.42,0.0,1,0.33,0.02,SPY191213P00297000,297.0,0,0.0,0.0,,0.0,normalDay
2019-12-12,4813.0,32.0,0.0,0,317.13,0.0,1,0.33,0.01,SPY191213P00297000,297.0,0,0.0,0.0,,0.0,normalDay
2019-12-13,4846.0,0.0,33.0,0,317.32,0.0,1,0.33,0.0,SPY191213P00297000,297.0,0,0.0,0.0,,0.0,expirationDay
2019-12-16,4846.0,-3.0,0.0,0,319.5,0.0,1,0.42,0.45,SPY200103P00303000,303.0,0,0.0,0.0,,0.0,normalDay
2019-12-17,4846.0,1.0,0.0,0,319.57,0.0,1,0.42,0.41,SPY200103P00303000,303.0,0,0.0,0.0,,0.0,normalDay
2019-12-18,4846.0,7.0,0.0,0,319.59,0.0,1,0.42,0.35,SPY200103P00303000,303.0,0,0.0,0.0,,0.0,normalDay
2019-12-19,4846.0,17.0,0.0,0,320.9,0.0,1,0.42,0.25,SPY200103P00303000,303.0,0,0.0,0.0,,0.0,normalDay
2019-12-20,4846.0,21.0,0.0,0,320.73,0.0,1,0.42,0.21,SPY200103P00303000,303.0,0,0.0,0.0,,0.0,normalDay
2019-12-23,4846.0,27.0,0.0,0,321.22,0.0,1,0.42,0.15,SPY200103P00303000,303.0,0,0.0,0.0,,0.0,normalDay
2019-12-24,4846.0,30.0,0.0,0,321.23,0.0,1,0.42,0.12,SPY200103P00303000,303.0,0,0.0,0.0,,0.0,normalDay
2019-12-26,4846.0,35.0,0.0,0,322.94,0.0,1,0.42,0.07,SPY200103P00303000,303.0,0,0.0,0.0,,0.0,normalDay
2019-12-27,4846.0,37.0,0.0,0,322.86,0.0,1,0.42,0.05,SPY200103P00303000,303.0,0,0.0,0.0,,0.0,normalDay
2019-12-30,4846.0,37.0,0.0,0,321.08,0.0,1,0.42,0.05,SPY200103P00303000,303.0,0,0.0,0.0,,0.0,normalDay
2019-12-31,4846.0,35.0,0.0,0,321.86,0.0,1,0.42,0.07,SPY200103P00303000,303.0,0,0.0,0.0,,0.0,normalDay
2020-01-02,4846.0,41.0,0.0,0,324.87,0.0,1,0.42,0.01,SPY200103P00303000,303.0,0,0.0,0.0,,0.0,normalDay
2020-01-03,4888.0,0.0,42.0,0,322.41,0.0,1,0.42,0.0,SPY200103P00303000,303.0,0,0.0,0.0,,0.0,expirationDay
2020-01-06,4888.0,-3.0,0.0,0,323.64,0.0,1,0.39,0.42,SPY200124P00306000,306.0,0,0.0,0.0,,0.0,normalDay
2020-01-07,4888.0,-6.0,0.0,0,322.73,0.0,1,0.39,0.45,SPY200124P00306000,306.0,0,0.0,0.0,,0.0,normalDay
2020-01-08,4888.0,5.0,0.0,0,324.45,0.0,1,0.39,0.34,SPY200124P00306000,306.0,0,0.0,0.0,,0.0,normalDay
2020-01-09,4888.0,18.0,0.0,0,326.65,0.0,1,0.39,0.21,SPY200124P00306000,306.0,0,0.0,0.0,,0.0,normalDay
2020-01-10,4888.0,23.0,0.0,0,325.71,0.0,1,0.39,0.16,SPY200124P00306000,306.0,0,0.0,0.0,,0.0,normalDay
2020-01-13,4888.0,32.0,0.0,0,327.95,0.0,1,0.39,0.07,SPY200124P00306000,306.0,0,0.0,0.0,,0.0,normalDay
2020-01-14,4888.0,32.0,0.0,0,327.45,0.0,1,0.39,0.07,SPY200124P00306000,306.0,0,0.0,0.0,,0.0,normalDay
2020-01-15,4888.0,34.0,0.0,0,328.19,0.0,1,0.39,0.05,SPY200124P00306000,306.0,0,0.0,0.0,,0.0,normalDay
2020-01-16,4888.0,35.0,0.0,0,330.92,0.0,1,0.39,0.04,SPY200124P00306000,306.0,0,0.0,0.0,,0.0,normalDay
2020-01-17,4888.0,37.0,0.0,0,331.95,0.0,1,0.39,0.02,SPY200124P00306000,306.0,0,0.0,0.0,,0.0,normalDay
2020-01-21,4888.0,38.0,0.0,0,331.3,0.0,1,0.39,0.01,SPY200124P00306000,306.0,0,0.0,0.0,,0.0,normalDay
2020-01-22,4888.0,38.0,0.0,0,331.34,0.0,1,0.39,0.01,SPY200124P00306000,306.0,0,0.0,0.0,,0.0,normalDay
2020-01-23,4888.0,38.0,0.0,0,331.72,0.0,1,0.39,0.01,SPY200124P00306000,306.0,0,0.0,0.0,,0.0,normalDay
2020-01-24,4927.0,0.0,39.0,0,328.77,0.0,1,0.39,0.0,SPY200124P00306000,306.0,0,0.0,0.0,,0.0,expirationDay
2020-01-27,4927.0,-4.0,0.0,0,323.5,0.0,1,1.99,2.03,SPY200214P00312000,312.0,0,0.0,0.0,,0.0,normalDay
2020-01-28,4927.0,88.0,0.0,0,326.89,0.0,1,1.99,1.11,SPY200214P00312000,312.0,0,0.0,0.0,,0.0,normalDay
2020-01-29,4927.0,92.0,0.0,0,326.62,0.0,1,1.99,1.07,SPY200214P00312000,312.0,0,0.0,0.0,,0.0,normalDay
2020-01-30,4927.0,133.0,0.0,0,327.68,0.0,1,1.99,0.66,SPY200214P00312000,312.0,0,0.0,0.0,,0.0,normalDay
2020-01-31,4927.0,18.0,0.0,0,321.73,0.0,1,1.99,1.81,SPY200214P00312000,312.0,0,0.0,0.0,,0.0,normalDay
2020-02-03,4927.0,91.0,0.0,0,324.12,0.0,1,1.99,1.08,SPY200214P00312000,312.0,0,0.0,0.0,,0.0,normalDay
2020-02-04,4927.0,166.0,0.0,0,329.06,0.0,1,1.99,0.33,SPY200214P00312000,312.0,0,0.0,0.0,,0.0,normalDay
2020-02-05,4927.0,185.0,0.0,0,332.86,0.0,1,1.99,0.14,SPY200214P00312000,312.0,0,0.0,0.0,,0.0,normalDay
2020-02-06,4927.0,189.0,0.0,0,333.98,0.0,1,1.99,0.1,SPY200214P00312000,312.0,0,0.0,0.0,,0.0,normalDay
2020-02-07,4927.0,191.0,0.0,0,332.2,0.0,1,1.99,0.08,SPY200214P00312000,312.0,0,0.0,0.0,,0.0,normalDay
2020-02-10,4927.0,196.0,0.0,0,334.68,0.0,1,1.99,0.03,SPY200214P00312000,312.0,0,0.0,0.0,,0.0,normalDay
2020-02-11,4927.0,197.0,0.0,0,335.26,0.0,1,1.99,0.02,SPY200214P00312000,312.0,0,0.0,0.0,,0.0,normalDay
2020-02-12,4927.0,198.0,0.0,0,337.42,0.0,1,1.99,0.01,SPY200214P00312000,312.0,0,0.0,0.0,,0.0,normalDay
2020-02-13,4927.0,198.0,0.0,0,337.06,0.0,1,1.99,0.01,SPY200214P00312000,312.0,0,0.0,0.0,,0.0,normalDay
2020-02-14,5126.0,0.0,199.0,0,337.6,0.0,1,1.99,0.0,SPY200214P00312000,312.0,0,0.0,0.0,,0.0,expirationDay
2020-02-18,5126.0,-3.0,0.0,0,336.73,0.0,1,0.31,0.34,SPY200306P00312000,312.0,0,0.0,0.0,,0.0,normalDay
2020-02-19,5126.0,7.0,0.0,0,338.34,0.0,1,0.31,0.24,SPY200306P00312000,312.0,0,0.0,0.0,,0.0,normalDay
2020-02-20,5126.0,2.0,0.0,0,336.95,0.0,1,0.31,0.29,SPY200306P00312000,312.0,0,0.0,0.0,,0.0,normalDay
2020-02-21,5126.0,-15.0,0.0,0,333.48,0.0,1,0.31,0.46,SPY200306P00312000,312.0,0,0.0,0.0,,0.0,normalDay
2020-02-24,5126.0,-279.0,0.0,0,322.42,0.0,1,0.31,3.1,SPY200306P00312000,312.0,0,0.0,0.0,,0.0,normalDay
2020-02-25,5126.0,-566.0,0.0,0,312.65,0.0,1,0.31,5.97,SPY200306P00312000,312.0,0,0.0,0.0,,0.0,normalDay
2020-02-26,5126.0,-613.0,0.0,0,311.5,0.0,1,0.31,6.44,SPY200306P00312000,312.0,0,0.0,0.0,,0.0,normalDay
2020-02-27,5126.0,-1709.0,0.0,0,297.51,0.0,1,0.31,17.4,SPY200306P00312000,312.0,0,0.0,0.0,,0.0,normalDay
2020-02-28,5126.0,-1713.0,0.0,0,296.26,0.0,1,0.31,17.44,SPY200306P00312000,312.0,0,0.0,0.0,,0.0,normalDay
2020-03-02,5126.0,-625.0,0.0,0,309.09,0.0,1,0.31,6.56,SPY200306P00312000,312.0,0,0.0,0.0,,0.0,normalDay
2020-03-03,5126.0,-1142.0,0.0,0,300.24,0.0,1,0.31,11.73,SPY200306P00312000,312.0,0,0.0,0.0,,0.0,normalDay
2020-03-04,5126.0,-346.0,0.0,0,312.86,0.0,1,0.31,3.77,SPY200306P00312000,312.0,0,0.0,0.0,,0.0,normalDay
2020-03-05,5126.0,-1003.0,0.0,0,302.46,0.0,1,0.31,10.34,SPY200306P00312000,312.0,0,0.0,0.0,,0.0,normalDay
2020-03-06,5157.0,-1454.0,31.0,100,297.46,312.0,1,0.31,0.0,SPY200306P00312000,312.0,0,0.0,0.0,,0.0,expirationDay
2020-03-09,5157.0,-3782.0,0.0,100,274.23,312.0,0,0.0,0.0,,0.0,1,0.02,0.07,SPY200515C00380000,380.0,normalDay
2020-03-10,5157.0,-2362.0,0.0,100,288.42,312.0,0,0.0,0.0,,0.0,1,0.02,0.06,SPY200515C00380000,380.0,normalDay
2020-03-11,5157.0,-3766.0,0.0,100,274.36,312.0,0,0.0,0.0,,0.0,1,0.02,0.04,SPY200515C00380000,380.0,normalDay
2020-03-12,5157.0,-6393.0,0.0,100,248.11,312.0,0,0.0,0.0,,0.0,1,0.02,0.06,SPY200515C00380000,380.0,normalDay
2020-03-13,5157.0,-4272.0,0.0,100,269.32,312.0,0,0.0,0.0,,0.0,1,0.02,0.06,SPY200515C00380000,380.0,normalDay
2020-03-16,5157.0,-7219.0,0.0,100,239.85,312.0,0,0.0,0.0,,0.0,1,0.02,0.06,SPY200515C00380000,380.0,normalDay
2020-03-17,5157.0,-5924.0,0.0,100,252.8,312.0,0,0.0,0.0,,0.0,1,0.02,0.06,SPY200515C00380000,380.0,normalDay
2020-03-18,5157.0,-7204.0,0.0,100,240.0,312.0,0,0.0,0.0,,0.0,1,0.02,0.06,SPY200515C00380000,380.0,normalDay
2020-03-19,5157.0,-7151.0,0.0,100,240.51,312.0,0,0.0,0.0,,0.0,1,0.02,0.04,SPY200515C00380000,380.0,normalDay
2020-03-20,5157.0,-8322.0,0.0,100,228.8,312.0,0,0.0,0.0,,0.0,1,0.02,0.04,SPY200515C00380000,380.0,normalDay
2020-03-23,5157.0,-8908.0,0.0,100,222.95,312.0,0,0.0,0.0,,0.0,1,0.02,0.05,SPY200515C00380000,380.0,normalDay
2020-03-24,5157.0,-6888.0,0.0,100,243.15,312.0,0,0.0,0.0,,0.0,1,0.02,0.05,SPY200515C00380000,380.0,normalDay
2020-03-25,5157.0,-6524.0,0.0,100,246.79,312.0,0,0.0,0.0,,0.0,1,0.02,0.05,SPY200515C00380000,380.0,normalDay
2020-03-26,5157.0,-5083.0,0.0,100,261.2,312.0,0,0.0,0.0,,0.0,1,0.02,0.05,SPY200515C00380000,380.0,normalDay
2020-03-27,5157.0,-5861.0,0.0,100,253.42,312.0,0,0.0,0.0,,0.0,1,0.02,0.05,SPY200515C00380000,380.0,normalDay
2020-03-30,5157.0,-5038.0,0.0,100,261.65,312.0,0,0.0,0.0,,0.0,1,0.02,0.05,SPY200515C00380000,380.0,normalDay
2020-03-31,5157.0,-5426.0,0.0,100,257.75,312.0,0,0.0,0.0,,0.0,1,0.02,0.03,SPY200515C00380000,380.0,normalDay
2020-04-01,5157.0,-6584.0,0.0,100,246.15,312.0,0,0.0,0.0,,0.0,1,0.02,0.01,SPY200515C00380000,380.0,normalDay
2020-04-02,5157.0,-6017.0,0.0,100,251.83,312.0,0,0.0,0.0,,0.0,1,0.02,0.02,SPY200515C00380000,380.0,normalDay
2020-04-03,5157.0,-6381.0,0.0,100,248.19,312.0,0,0.0,0.0,,0.0,1,0.02,0.02,SPY200515C00380000,380.0,normalDay
2020-04-06,5157.0,-4714.0,0.0,100,264.86,312.0,0,0.0,0.0,,0.0,1,0.02,0.02,SPY200515C00380000,380.0,normalDay
2020-04-07,5157.0,-4687.0,0.0,100,265.13,312.0,0,0.0,0.0,,0.0,1,0.02,0.02,SPY200515C00380000,380.0,normalDay
2020-04-08,5157.0,-3797.0,0.0,100,274.03,312.0,0,0.0,0.0,,0.0,1,0.02,0.02,SPY200515C00380000,380.0,normalDay
2020-04-09,5157.0,-3380.0,0.0,100,278.2,312.0,0,0.0,0.0,,0.0,1,0.02,0.02,SPY200515C00380000,380.0,normalDay
2020-04-13,5157.0,-3634.0,0.0,100,275.66,312.0,0,0.0,0.0,,0.0,1,0.02,0.02,SPY200515C00380000,380.0,normalDay
2020-04-14,5157.0,-2821.0,0.0,100,283.79,312.0,0,0.0,0.0,,0.0,1,0.02,0.02,SPY200515C00380000,380.0,normalDay
2020-04-15,5157.0,-3424.0,0.0,100,277.76,312.0,0,0.0,0.0,,0.0,1,0.02,0.02,SPY200515C00380000,380.0,normalDay
2020-04-16,5157.0,-3290.0,0.0,100,279.1,312.0,0,0.0,0.0,,0.0,1,0.02,0.02,SPY200515C00380000,380.0,normalDay
2020-04-17,5157.0,-2535.0,0.0,100,286.64,312.0,0,0.0,0.0,,0.0,1,0.02,0.01,SPY200515C00380000,380.0,normalDay
2020-04-20,5157.0,-3040.0,0.0,100,281.59,312.0,0,0.0,0.0,,0.0,1,0.02,0.01,SPY200515C00380000,380.0,normalDay
2020-04-21,5157.0,-3895.0,0.0,100,273.04,312.0,0,0.0,0.0,,0.0,1,0.02,0.01,SPY200515C00380000,380.0,normalDay
2020-04-22,5157.0,-3289.0,0.0,100,279.1,312.0,0,0.0,0.0,,0.0,1,0.02,0.01,SPY200515C00380000,380.0,normalDay
2020-04-23,5157.0,-3291.0,0.0,100,279.08,312.0,0,0.0,0.0,,0.0,1,0.02,0.01,SPY200515C00380000,380.0,normalDay
2020-04-24,5157.0,-2902.0,0.0,100,282.97,312.0,0,0.0,0.0,,0.0,1,0.02,0.01,SPY200515C00380000,380.0,normalDay
2020-04-27,5157.0,-2494.0,0.0,100,287.05,312.0,0,0.0,0.0,,0.0,1,0.02,0.01,SPY200515C00380000,380.0,normalDay
2020-04-28,5157.0,-2626.0,0.0,100,285.73,312.0,0,0.0,0.0,,0.0,1,0.02,0.01,SPY200515C00380000,380.0,normalDay
2020-04-29,5157.0,-1878.0,0.0,100,293.21,312.0,0,0.0,0.0,,0.0,1,0.02,0.01,SPY200515C00380000,380.0,normalDay
2020-04-30,5157.0,-2151.0,0.0,100,290.48,312.0,0,0.0,0.0,,0.0,1,0.02,0.01,SPY200515C00380000,380.0,normalDay
2020-05-01,5157.0,-2920.0,0.0,100,282.79,312.0,0,0.0,0.0,,0.0,1,0.02,0.01,SPY200515C00380000,380.0,normalDay
2020-05-04,5157.0,-2842.0,0.0,100,283.57,312.0,0,0.0,0.0,,0.0,1,0.02,0.01,SPY200515C00380000,380.0,normalDay
2020-05-05,5157.0,-2580.0,0.0,100,286.19,312.0,0,0.0,0.0,,0.0,1,0.02,0.01,SPY200515C00380000,380.0,normalDay
2020-05-06,5157.0,-2774.0,0.0,100,284.25,312.0,0,0.0,0.0,,0.0,1,0.02,0.01,SPY200515C00380000,380.0,normalDay
2020-05-07,5157.0,-2431.0,0.0,100,287.68,312.0,0,0.0,0.0,,0.0,1,0.02,0.01,SPY200515C00380000,380.0,normalDay
2020-05-08,5157.0,-1955.0,0.0,100,292.44,312.0,0,0.0,0.0,,0.0,1,0.02,0.01,SPY200515C00380000,380.0,normalDay
2020-05-11,5157.0,-1949.0,0.0,100,292.5,312.0,0,0.0,0.0,,0.0,1,0.02,0.01,SPY200515C00380000,380.0,normalDay
2020-05-12,5157.0,-2532.0,0.0,100,286.67,312.0,0,0.0,0.0,,0.0,1,0.02,0.01,SPY200515C00380000,380.0,normalDay
2020-05-13,5157.0,-3039.0,0.0,100,281.6,312.0,0,0.0,0.0,,0.0,1,0.02,0.01,SPY200515C00380000,380.0,normalDay
2020-05-14,5157.0,-2702.0,0.0,100,284.97,312.0,0,0.0,0.0,,0.0,1,0.02,0.01,SPY200515C00380000,380.0,normalDay
2020-05-15,5159.0,-2572.0,2.0,100,286.28,312.0,0,0.0,0.0,,0.0,1,0.02,0.0,SPY200515C00380000,380.0,expirationDay
2020-05-18,5159.0,-1706.0,0.0,100,295.0,312.0,0,0.0,0.0,,0.0,1,6.73,6.79,SPY200717C00303000,303.0,normalDay
2020-05-19,5159.0,-1916.0,0.0,100,291.97,312.0,0,0.0,0.0,,0.0,1,6.73,5.86,SPY200717C00303000,303.0,normalDay
2020-05-20,5159.0,-1595.0,0.0,100,296.93,312.0,0,0.0,0.0,,0.0,1,6.73,7.61,SPY200717C00303000,303.0,normalDay
2020-05-21,5159.0,-1712.0,0.0,100,294.88,312.0,0,0.0,0.0,,0.0,1,6.73,6.73,SPY200717C00303000,303.0,normalDay
2020-05-22,5159.0,-1670.0,0.0,100,295.44,312.0,0,0.0,0.0,,0.0,1,6.73,6.87,SPY200717C00303000,303.0,normalDay
2020-05-26,5159.0,-1421.0,0.0,100,299.08,312.0,0,0.0,0.0,,0.0,1,6.73,8.02,SPY200717C00303000,303.0,normalDay
2020-05-27,5159.0,-1190.0,0.0,100,303.53,312.0,0,0.0,0.0,,0.0,1,6.73,10.16,SPY200717C00303000,303.0,normalDay
2020-05-28,5159.0,-1276.0,0.0,100,302.97,312.0,0,0.0,0.0,,0.0,1,6.73,10.46,SPY200717C00303000,303.0,normalDay
2020-05-29,5159.0,-1184.0,0.0,100,304.32,312.0,0,0.0,0.0,,0.0,1,6.73,10.89,SPY200717C00303000,303.0,normalDay
2020-06-01,5159.0,-1074.0,0.0,100,305.55,312.0,0,0.0,0.0,,0.0,1,6.73,11.02,SPY200717C00303000,303.0,normalDay
2020-06-02,5159.0,-928.0,0.0,100,308.08,312.0,0,0.0,0.0,,0.0,1,6.73,12.09,SPY200717C00303000,303.0,normalDay
2020-06-03,5159.0,-780.0,0.0,100,312.18,312.0,0,0.0,0.0,,0.0,1,6.73,14.71,SPY200717C00303000,303.0,normalDay
2020-06-04,5159.0,-799.0,0.0,100,311.36,312.0,0,0.0,0.0,,0.0,1,6.73,14.08,SPY200717C00303000,303.0,normalDay
2020-06-05,5159.0,-560.0,0.0,100,319.34,312.0,0,0.0,0.0,,0.0,1,6.73,19.67,SPY200717C00303000,303.0,normalDay
2020-06-08,5159.0,-475.0,0.0,100,323.2,312.0,0,0.0,0.0,,0.0,1,6.73,22.68,SPY200717C00303000,303.0,normalDay
2020-06-09,5159.0,-642.0,0.0,100,320.79,312.0,0,0.0,0.0,,0.0,1,6.73,21.94,SPY200717C00303000,303.0,normalDay
2020-06-10,5159.0,-578.0,0.0,100,319.0,312.0,0,0.0,0.0,,0.0,1,6.73,19.51,SPY200717C00303000,303.0,normalDay
2020-06-11,5159.0,-1551.0,0.0,100,300.61,312.0,0,0.0,0.0,,0.0,1,6.73,10.85,SPY200717C00303000,303.0,normalDay
2020-06-12,5159.0,-1209.0,0.0,100,304.21,312.0,0,0.0,0.0,,0.0,1,6.73,11.03,SPY200717C00303000,303.0,normalDay
2020-06-15,5159.0,-1065.0,0.0,100,307.05,312.0,0,0.0,0.0,,0.0,1,6.73,12.43,SPY200717C00303000,303.0,normalDay
2020-06-16,5159.0,-821.0,0.0,100,312.96,312.0,0,0.0,0.0,,0.0,1,6.73,15.9,SPY200717C00303000,303.0,normalDay
2020-06-17,5159.0,-877.0,0.0,100,311.66,312.0,0,0.0,0.0,,0.0,1,6.73,15.16,SPY200717C00303000,303.0,normalDay
2020-06-18,5159.0,-801.0,0.0,100,311.78,312.0,0,0.0,0.0,,0.0,1,6.73,14.52,SPY200717C00303000,303.0,normalDay
2020-06-19,5159.0,-923.0,0.0,100,308.64,312.0,0,0.0,0.0,,0.0,1,6.73,12.6,SPY200717C00303000,303.0,normalDay
2020-06-22,5159.0,-855.0,0.0,100,310.62,312.0,0,0.0,0.0,,0.0,1,6.73,13.9,SPY200717C00303000,303.0,normalDay
2020-06-23,5159.0,-768.0,0.0,100,312.05,312.0,0,0.0,0.0,,0.0,1,6.73,14.46,SPY200717C00303000,303.0,normalDay
2020-06-24,5159.0,-1113.0,0.0,100,304.09,312.0,0,0.0,0.0,,0.0,1,6.73,9.95,SPY200717C00303000,303.0,normalDay
2020-06-25,5159.0,-913.0,0.0,100,307.35,312.0,0,0.0,0.0,,0.0,1,6.73,11.21,SPY200717C00303000,303.0,normalDay
2020-06-26,5159.0,-1266.0,0.0,100,300.05,312.0,0,0.0,0.0,,0.0,1,6.73,7.44,SPY200717C00303000,303.0,normalDay
2020-06-29,5159.0,-909.0,0.0,100,304.46,312.0,0,0.0,0.0,,0.0,1,6.73,8.28,SPY200717C00303000,303.0,normalDay
2020-06-30,5159.0,-707.0,0.0,100,308.36,312.0,0,0.0,0.0,,0.0,1,6.73,10.16,SPY200717C00303000,303.0,normalDay
2020-07-01,5159.0,-588.0,0.0,100,310.52,312.0,0,0.0,0.0,,0.0,1,6.73,11.13,SPY200717C00303000,303.0,normalDay
2020-07-02,5159.0,-534.0,0.0,100,312.23,312.0,0,0.0,0.0,,0.0,1,6.73,12.3,SPY200717C00303000,303.0,normalDay
2020-07-06,5159.0,-378.0,0.0,100,317.05,312.0,0,0.0,0.0,,0.0,1,6.73,15.56,SPY200717C00303000,303.0,normalDay
2020-07-07,5159.0,-426.0,0.0,100,313.78,312.0,0,0.0,0.0,,0.0,1,6.73,12.77,SPY200717C00303000,303.0,normalDay
2020-07-08,5159.0,-361.0,0.0,100,316.18,312.0,0,0.0,0.0,,0.0,1,6.73,14.52,SPY200717C00303000,303.0,normalDay
2020-07-09,5159.0,-373.0,0.0,100,314.38,312.0,0,0.0,0.0,,0.0,1,6.73,12.84,SPY200717C00303000,303.0,normalDay
2020-07-10,5159.0,-304.0,0.0,100,317.59,312.0,0,0.0,0.0,,0.0,1,6.73,15.36,SPY200717C00303000,303.0,normalDay
2020-07-13,5159.0,-298.0,0.0,100,314.84,312.0,0,0.0,0.0,,0.0,1,6.73,12.55,SPY200717C00303000,303.0,normalDay
2020-07-14,5159.0,-222.0,0.0,100,318.92,312.0,0,0.0,0.0,,0.0,1,6.73,15.87,SPY200717C00303000,303.0,normalDay
2020-07-15,5159.0,-223.0,0.0,100,321.85,312.0,0,0.0,0.0,,0.0,1,6.73,18.81,SPY200717C00303000,303.0,normalDay
2020-07-16,5159.0,-120.0,0.0,100,320.79,312.0,0,0.0,0.0,,0.0,1,6.73,16.72,SPY200717C00303000,303.0,normalDay
2020-07-17,4932.0,-120.0,-227.0,0,321.72,0.0,0,0.0,0.0,,0.0,1,6.73,0.0,SPY200717C00303000,303.0,expirationDay
2020-07-20,4932.0,-3.0,0.0,0,324.32,0.0,1,0.51,0.54,SPY200807P00287000,287.0,0,0.0,0.0,,0.0,normalDay
2020-07-21,4932.0,1.0,0.0,0,325.01,0.0,1,0.51,0.5,SPY200807P00287000,287.0,0,0.0,0.0,,0.0,normalDay
2020-07-22,4932.0,10.0,0.0,0,326.86,0.0,1,0.51,0.41,SPY200807P00287000,287.0,0,0.0,0.0,,0.0,normalDay
2020-07-23,4932.0,-3.0,0.0,0,322.96,0.0,1,0.51,0.54,SPY200807P00287000,287.0,0,0.0,0.0,,0.0,normalDay
2020-07-24,4932.0,11.0,0.0,0,320.88,0.0,1,0.51,0.4,SPY200807P00287000,287.0,0,0.0,0.0,,0.0,normalDay
2020-07-27,4932.0,30.0,0.0,0,323.22,0.0,1,0.51,0.21,SPY200807P00287000,287.0,0,0.0,0.0,,0.0,normalDay
2020-07-28,4932.0,28.0,0.0,0,321.17,0.0,1,0.51,0.23,SPY200807P00287000,287.0,0,0.0,0.0,,0.0,normalDay
2020-07-29,4932.0,37.0,0.0,0,325.12,0.0,1,0.51,0.14,SPY200807P00287000,287.0,0,0.0,0.0,,0.0,normalDay
2020-07-30,4932.0,36.0,0.0,0,323.96,0.0,1,0.51,0.15,SPY200807P00287000,287.0,0,0.0,0.0,,0.0,normalDay
2020-07-31,4932.0,45.0,0.0,0,326.52,0.0,1,0.51,0.06,SPY200807P00287000,287.0,0,0.0,0.0,,0.0,normalDay
2020-08-03,4932.0,48.0,0.0,0,328.79,0.0,1,0.51,0.03,SPY200807P00287000,287.0,0,0.0,0.0,,0.0,normalDay
2020-08-04,4932.0,49.0,0.0,0,330.06,0.0,1,0.51,0.02,SPY200807P00287000,287.0,0,0.0,0.0,,0.0,normalDay
2020-08-05,4932.0,50.0,0.0,0,332.11,0.0,1,0.51,0.01,SPY200807P00287000,287.0,0,0.0,0.0,,0.0,normalDay
2020-08-06,4932.0,50.0,0.0,0,334.33,0.0,1,0.51,0.01,SPY200807P00287000,287.0,0,0.0,0.0,,0.0,normalDay
2020-08-07,4983.0,0.0,51.0,0,334.57,0.0,1,0.51,0.0,SPY200807P00287000,287.0,0,0.0,0.0,,0.0,expirationDay
2020-08-10,4983.0,-3.0,0.0,0,335.57,0.0,1,0.68,0.71,SPY200828P00306000,306.0,0,0.0,0.0,,0.0,normalDay
2020-08-11,4983.0,-37.0,0.0,0,332.8,0.0,1,0.68,1.05,SPY200828P00306000,306.0,0,0.0,0.0,,0.0,normalDay
2020-08-12,4983.0,14.0,0.0,0,337.44,0.0,1,0.68,0.54,SPY200828P00306000,306.0,0,0.0,0.0,,0.0,normalDay
2020-08-13,4983.0,16.0,0.0,0,336.83,0.0,1,0.68,0.52,SPY200828P00306000,306.0,0,0.0,0.0,,0.0,normalDay
2020-08-14,4983.0,31.0,0.0,0,336.84,0.0,1,0.68,0.37,SPY200828P00306000,306.0,0,0.0,0.0,,0.0,normalDay
2020-08-17,4983.0,47.0,0.0,0,337.91,0.0,1,0.68,0.21,SPY200828P00306000,306.0,0,0.0,0.0,,0.0,normalDay
2020-08-18,4983.0,49.0,0.0,0,338.64,0.0,1,0.68,0.19,SPY200828P00306000,306.0,0,0.0,0.0,,0.0,normalDay
2020-08-19,4983.0,47.0,0.0,0,337.23,0.0,1,0.68,0.21,SPY200828P00306000,306.0,0,0.0,0.0,,0.0,normalDay
2020-08-20,4983.0,51.0,0.0,0,338.28,0.0,1,0.68,0.17,SPY200828P00306000,306.0,0,0.0,0.0,,0.0,normalDay
2020-08-21,4983.0,59.0,0.0,0,339.48,0.0,1,0.68,0.09,SPY200828P00306000,306.0,0,0.0,0.0,,0.0,normalDay
2020-08-24,4983.0,64.0,0.0,0,342.92,0.0,1,0.68,0.04,SPY200828P00306000,306.0,0,0.0,0.0,,0.0,normalDay
2020-08-25,4983.0,66.0,0.0,0,344.12,0.0,1,0.68,0.02,SPY200828P00306000,306.0,0,0.0,0.0,,0.0,normalDay
2020-08-26,4983.0,65.0,0.0,0,347.57,0.0,1,0.68,0.03,SPY200828P00306000,306.0,0,0.0,0.0,,0.0,normalDay
2020-08-27,4983.0,67.0,0.0,0,348.33,0.0,1,0.68,0.01,SPY200828P00306000,306.0,0,0.0,0.0,,0.0,normalDay
2020-08-28,5051.0,0.0,68.0,0,350.58,0.0,1,0.68,0.0,SPY200828P00306000,306.0,0,0.0,0.0,,0.0,expirationDay
2020-08-31,5051.0,-3.0,0.0,0,349.31,0.0,1,0.99,1.02,SPY200918P00315000,315.0,0,0.0,0.0,,0.0,normalDay
2020-09-01,5051.0,22.0,0.0,0,352.6,0.0,1,0.99,0.77,SPY200918P00315000,315.0,0,0.0,0.0,,0.0,normalDay
2020-09-02,5051.0,41.0,0.0,0,357.7,0.0,1,0.99,0.58,SPY200918P00315000,315.0,0,0.0,0.0,,0.0,normalDay
2020-09-03,5051.0,-63.0,0.0,0,345.39,0.0,1,0.99,1.62,SPY200918P00315000,315.0,0,0.0,0.0,,0.0,normalDay
2020-09-04,5051.0,-70.0,0.0,0,342.57,0.0,1,0.99,1.69,SPY200918P00315000,315.0,0,0.0,0.0,,0.0,normalDay
2020-09-08,5051.0,-106.0,0.0,0,333.21,0.0,1,0.99,2.05,SPY200918P00315000,315.0,0,0.0,0.0,,0.0,normalDay
2020-09-09,5051.0,4.0,0.0,0,339.79,0.0,1,0.99,0.95,SPY200918P00315000,315.0,0,0.0,0.0,,0.0,normalDay
2020-09-10,5051.0,-31.0,0.0,0,333.89,0.0,1,0.99,1.3,SPY200918P00315000,315.0,0,0.0,0.0,,0.0,normalDay
2020-09-11,5051.0,27.0,0.0,0,334.06,0.0,1,0.99,0.72,SPY200918P00315000,315.0,0,0.0,0.0,,0.0,normalDay
2020-09-14,5051.0,82.0,0.0,0,338.46,0.0,1,0.99,0.17,SPY200918P00315000,315.0,0,0.0,0.0,,0.0,normalDay
2020-09-15,5051.0,90.0,0.0,0,340.17,0.0,1,0.99,0.09,SPY200918P00315000,315.0,0,0.0,0.0,,0.0,normalDay
2020-09-16,5051.0,90.0,0.0,0,338.82,0.0,1,0.99,0.09,SPY200918P00315000,315.0,0,0.0,0.0,,0.0,normalDay
2020-09-17,5051.0,90.0,0.0,0,335.84,0.0,1,0.99,0.09,SPY200918P00315000,315.0,0,0.0,0.0,,0.0,normalDay
2020-09-18,5150.0,0.0,99.0,0,330.65,0.0,1,0.99,0.0,SPY200918P00315000,315.0,0,0.0,0.0,,0.0,expirationDay
2020-09-21,5150.0,-5.0,0.0,0,326.97,0.0,1,2.28,2.33,SPY201009P00310000,310.0,0,0.0,0.0,,0.0,normalDay
2020-09-22,5150.0,60.0,0.0,0,330.3,0.0,1,2.28,1.68,SPY201009P00310000,310.0,0,0.0,0.0,,0.0,normalDay
2020-09-23,5150.0,-70.0,0.0,0,322.64,0.0,1,2.28,2.98,SPY201009P00310000,310.0,0,0.0,0.0,,0.0,normalDay
2020-09-24,5150.0,-21.0,0.0,0,323.5,0.0,1,2.28,2.49,SPY201009P00310000,310.0,0,0.0,0.0,,0.0,normalDay
2020-09-25,5150.0,98.0,0.0,0,328.73,0.0,1,2.28,1.3,SPY201009P00310000,310.0,0,0.0,0.0,,0.0,normalDay
2020-09-28,5150.0,168.0,0.0,0,334.19,0.0,1,2.28,0.6,SPY201009P00310000,310.0,0,0.0,0.0,,0.0,normalDay
2020-09-29,5150.0,163.0,0.0,0,332.37,0.0,1,2.28,0.65,SPY201009P00310000,310.0,0,0.0,0.0,,0.0,normalDay
2020-09-30,5150.0,181.0,0.0,0,334.89,0.0,1,2.28,0.47,SPY201009P00310000,310.0,0,0.0,0.0,,0.0,normalDay
2020-10-01,5150.0,207.0,0.0,0,337.04,0.0,1,2.28,0.21,SPY201009P00310000,310.0,0,0.0,0.0,,0.0,normalDay
2020-10-02,5150.0,210.0,0.0,0,333.84,0.0,1,2.28,0.18,SPY201009P00310000,310.0,0,0.0,0.0,,0.0,normalDay
2020-10-05,5150.0,224.0,0.0,0,339.76,0.0,1,2.28,0.04,SPY201009P00310000,310.0,0,0.0,0.0,,0.0,normalDay
2020-10-06,5150.0,222.0,0.0,0,334.93,0.0,1,2.28,0.06,SPY201009P00310000,310.0,0,0.0,0.0,,0.0,normalDay
2020-10-07,5150.0,226.0,0.0,0,340.76,0.0,1,2.28,0.02,SPY201009P00310000,310.0,0,0.0,0.0,,0.0,normalDay
2020-10-08,5150.0,227.0,0.0,0,343.78,0.0,1,2.28,0.01,SPY201009P00310000,310.0,0,0.0,0.0,,0.0,normalDay
2020-10-09,5378.0,0.0,228.0,0,346.85,0.0,1,2.28,0.0,SPY201009P00310000,310.0,0,0.0,0.0,,0.0,expirationDay
2020-10-12,5378.0,-3.0,0.0,0,352.43,0.0,1,0.24,0.27,SPY201030P00306000,306.0,0,0.0,0.0,,0.0,normalDay
2020-10-13,5378.0,-3.0,0.0,0,350.13,0.0,1,0.24,0.27,SPY201030P00306000,306.0,0,0.0,0.0,,0.0,normalDay
2020-10-14,5378.0,-2.0,0.0,0,347.93,0.0,1,0.24,0.26,SPY201030P00306000,306.0,0,0.0,0.0,,0.0,normalDay
2020-10-15,5378.0,1.0,0.0,0,347.5,0.0,1,0.24,0.23,SPY201030P00306000,306.0,0,0.0,0.0,,0.0,normalDay
2020-10-16,5378.0,4.0,0.0,0,347.29,0.0,1,0.24,0.2,SPY201030P00306000,306.0,0,0.0,0.0,,0.0,normalDay
2020-10-19,5378.0,-1.0,0.0,0,342.01,0.0,1,0.24,0.25,SPY201030P00306000,306.0,0,0.0,0.0,,0.0,normalDay
2020-10-20,5378.0,6.0,0.0,0,343.38,0.0,1,0.24,0.18,SPY201030P00306000,306.0,0,0.0,0.0,,0.0,normalDay
2020-10-21,5378.0,12.0,0.0,0,342.73,0.0,1,0.24,0.12,SPY201030P00306000,306.0,0,0.0,0.0,,0.0,normalDay
2020-10-22,5378.0,17.0,0.0,0,344.61,0.0,1,0.24,0.07,SPY201030P00306000,306.0,0,0.0,0.0,,0.0,normalDay
2020-10-23,5378.0,19.0,0.0,0,345.78,0.0,1,0.24,0.05,SPY201030P00306000,306.0,0,0.0,0.0,,0.0,normalDay
2020-10-26,5378.0,14.0,0.0,0,339.39,0.0,1,0.24,0.1,SPY201030P00306000,306.0,0,0.0,0.0,,0.0,normalDay
2020-10-27,5378.0,19.0,0.0,0,338.22,0.0,1,0.24,0.05,SPY201030P00306000,306.0,0,0.0,0.0,,0.0,normalDay
2020-10-28,5378.0,-8.0,0.0,0,326.66,0.0,1,0.24,0.32,SPY201030P00306000,306.0,0,0.0,0.0,,0.0,normalDay
2020-10-29,5378.0,21.0,0.0,0,329.98,0.0,1,0.24,0.03,SPY201030P00306000,306.0,0,0.0,0.0,,0.0,normalDay
2020-10-30,5402.0,0.0,24.0,0,326.54,0.0,1,0.24,0.0,SPY201030P00306000,306.0,0,0.0,0.0,,0.0,expirationDay
2020-11-02,5402.0,-4.0,0.0,0,330.2,0.0,1,4.23,4.27,SPY201120P00310000,310.0,0,0.0,0.0,,0.0,normalDay
2020-11-03,5402.0,116.0,0.0,0,336.03,0.0,1,4.23,3.07,SPY201120P00310000,310.0,0,0.0,0.0,,0.0,normalDay
2020-11-04,5402.0,299.0,0.0,0,343.54,0.0,1,4.23,1.24,SPY201120P00310000,310.0,0,0.0,0.0,,0.0,normalDay
2020-11-05,5402.0,350.0,0.0,0,350.24,0.0,1,4.23,0.73,SPY201120P00310000,310.0,0,0.0,0.0,,0.0,normalDay
2020-11-06,5402.0,385.0,0.0,0,350.16,0.0,1,4.23,0.38,SPY201120P00310000,310.0,0,0.0,0.0,,0.0,normalDay
2020-11-09,5402.0,394.0,0.0,0,354.56,0.0,1,4.23,0.29,SPY201120P00310000,310.0,0,0.0,0.0,,0.0,normalDay
2020-11-10,5402.0,402.0,0.0,0,354.04,0.0,1,4.23,0.21,SPY201120P00310000,310.0,0,0.0,0.0,,0.0,normalDay
2020-11-11,5402.0,409.0,0.0,0,356.67,0.0,1,4.23,0.14,SPY201120P00310000,310.0,0,0.0,0.0,,0.0,normalDay
2020-11-12,5402.0,401.0,0.0,0,353.21,0.0,1,4.23,0.22,SPY201120P00310000,310.0,0,0.0,0.0,,0.0,normalDay
2020-11-13,5402.0,414.0,0.0,0,358.1,0.0,1,4.23,0.09,SPY201120P00310000,310.0,0,0.0,0.0,,0.0,normalDay
2020-11-16,5402.0,419.0,0.0,0,362.57,0.0,1,4.23,0.04,SPY201120P00310000,310.0,0,0.0,0.0,,0.0,normalDay
2020-11-17,5402.0,421.0,0.0,0,360.62,0.0,1,4.23,0.02,SPY201120P00310000,310.0,0,0.0,0.0,,0.0,normalDay
2020-11-18,5402.0,421.0,0.0,0,356.28,0.0,1,4.23,0.02,SPY201120P00310000,310.0,0,0.0,0.0,,0.0,normalDay
2020-11-19,5402.0,422.0,0.0,0,357.78,0.0,1,4.23,0.01,SPY201120P00310000,310.0,0,0.0,0.0,,0.0,normalDay
2020-11-20,5825.0,0.0,423.0,0,355.33,0.0,1,4.23,0.0,SPY201120P00310000,310.0,0,0.0,0.0,,0.0,expirationDay
2020-11-23,5825.0,-3.0,0.0,0,357.46,0.0,1,0.22,0.25,SPY201211P00300000,300.0,0,0.0,0.0,,0.0,normalDay
2020-11-24,5825.0,6.0,0.0,0,363.22,0.0,1,0.22,0.16,SPY201211P00300000,300.0,0,0.0,0.0,,0.0,normalDay
2020-11-25,5825.0,8.0,0.0,0,362.66,0.0,1,0.22,0.14,SPY201211P00300000,300.0,0,0.0,0.0,,0.0,normalDay
2020-11-27,5825.0,11.0,0.0,0,363.67,0.0,1,0.22,0.11,SPY201211P00300000,300.0,0,0.0,0.0,,0.0,normalDay
2020-11-30,5825.0,12.0,0.0,0,362.06,0.0,1,0.22,0.1,SPY201211P00300000,300.0,0,0.0,0.0,,0.0,normalDay
2020-12-01,5825.0,14.0,0.0,0,366.02,0.0,1,0.22,0.08,SPY201211P00300000,300.0,0,0.0,0.0,,0.0,normalDay
2020-12-02,5825.0,16.0,0.0,0,366.79,0.0,1,0.22,0.06,SPY201211P00300000,300.0,0,0.0,0.0,,0.0,normalDay
2020-12-03,5825.0,17.0,0.0,0,366.69,0.0,1,0.22,0.05,SPY201211P00300000,300.0,0,0.0,0.0,,0.0,normalDay
2020-12-04,5825.0,19.0,0.0,0,369.85,0.0,1,0.22,0.03,SPY201211P00300000,300.0,0,0.0,0.0,,0.0,normalDay
2020-12-07,5825.0,20.0,0.0,0,369.09,0.0,1,0.22,0.02,SPY201211P00300000,300.0,0,0.0,0.0,,0.0,normalDay
2020-12-08,5825.0,21.0,0.0,0,370.17,0.0,1,0.22,0.01,SPY201211P00300000,300.0,0,0.0,0.0,,0.0,normalDay
2020-12-09,5825.0,20.0,0.0,0,366.85,0.0,1,0.22,0.02,SPY201211P00300000,300.0,0,0.0,0.0,,0.0,normalDay
2020-12-10,5825.0,21.0,0.0,0,366.73,0.0,1,0.22,0.01,SPY201211P00300000,300.0,0,0.0,0.0,,0.0,normalDay
2020-12-11,5847.0,0.0,22.0,0,366.3,0.0,1,0.22,0.0,SPY201211P00300000,300.0,0,0.0,0.0,,0.0,expirationDay
2020-12-14,5847.0,-6.0,0.0,0,364.66,0.0,1,1.93,1.99,SPY201231P00346000,346.0,0,0.0,0.0,,0.0,normalDay
2020-12-15,5847.0,70.0,0.0,0,369.59,0.0,1,1.93,1.23,SPY201231P00346000,346.0,0,0.0,0.0,,0.0,normalDay
2020-12-16,5847.0,97.0,0.0,0,370.17,0.0,1,1.93,0.96,SPY201231P00346000,346.0,0,0.0,0.0,,0.0,normalDay
2020-12-17,5847.0,123.0,0.0,0,372.24,0.0,1,1.93,0.7,SPY201231P00346000,346.0,0,0.0,0.0,,0.0,normalDay
2020-12-18,5847.0,142.0,0.0,0,369.18,0.0,1,1.93,0.51,SPY201231P00346000,346.0,0,0.0,0.0,,0.0,normalDay
2020-12-21,5847.0,118.0,0.0,0,367.86,0.0,1,1.93,0.75,SPY201231P00346000,346.0,0,0.0,0.0,,0.0,normalDay
2020-12-22,5847.0,137.0,0.0,0,367.24,0.0,1,1.93,0.56,SPY201231P00346000,346.0,0,0.0,0.0,,0.0,normalDay
2020-12-23,5847.0,158.0,0.0,0,367.57,0.0,1,1.93,0.35,SPY201231P00346000,346.0,0,0.0,0.0,,0.0,normalDay
2020-12-24,5847.0,179.0,0.0,0,369.0,0.0,1,1.93,0.14,SPY201231P00346000,346.0,0,0.0,0.0,,0.0,normalDay
2020-12-28,5847.0,188.0,0.0,0,372.17,0.0,1,1.93,0.05,SPY201231P00346000,346.0,0,0.0,0.0,,0.0,normalDay
2020-12-29,5847.0,188.0,0.0,0,371.46,0.0,1,1.93,0.05,SPY201231P00346000,346.0,0,0.0,0.0,,0.0,normalDay
2020-12-30,5847.0,191.0,0.0,0,371.99,0.0,1,1.93,0.02,SPY201231P00346000,346.0,0,0.0,0.0,,0.0,normalDay
2020-12-31,6040.0,0.0,193.0,0,373.88,0.0,1,1.93,0.0,SPY201231P00346000,346.0,0,0.0,0.0,,0.0,expirationDay
2021-01-04,6040.0,-6.0,0.0,0,368.79,0.0,1,4.11,4.17,SPY210122P00360000,360.0,0,0.0,0.0,,0.0,normalDay
2021-01-05,6040.0,90.0,0.0,0,371.33,0.0,1,4.11,3.21,SPY210122P00360000,360.0,0,0.0,0.0,,0.0,normalDay
2021-01-06,6040.0,132.0,0.0,0,373.55,0.0,1,4.11,2.79,SPY210122P00360000,360.0,0,0.0,0.0,,0.0,normalDay
2021-01-07,6040.0,280.0,0.0,0,379.1,0.0,1,4.11,1.31,SPY210122P00360000,360.0,0,0.0,0.0,,0.0,normalDay
2021-01-08,6040.0,315.0,0.0,0,381.26,0.0,1,4.11,0.96,SPY210122P00360000,360.0,0,0.0,0.0,,0.0,normalDay
2021-01-11,6040.0,297.0,0.0,0,378.69,0.0,1,4.11,1.14,SPY210122P00360000,360.0,0,0.0,0.0,,0.0,normalDay
2021-01-12,6040.0,317.0,0.0,0,378.77,0.0,1,4.11,0.94,SPY210122P00360000,360.0,0,0.0,0.0,,0.0,normalDay
2021-01-13,6040.0,353.0,0.0,0,379.79,0.0,1,4.11,0.58,SPY210122P00360000,360.0,0,0.0,0.0,,0.0,normalDay
2021-01-14,6040.0,342.0,0.0,0,378.46,0.0,1,4.11,0.69,SPY210122P00360000,360.0,0,0.0,0.0,,0.0,normalDay
2021-01-15,6040.0,335.0,0.0,0,375.7,0.0,1,4.11,0.76,SPY210122P00360000,360.0,0,0.0,0.0,,0.0,normalDay
2021-01-19,6040.0,396.0,0.0,0,378.65,0.0,1,4.11,0.15,SPY210122P00360000,360.0,0,0.0,0.0,,0.0,normalDay
2021-01-20,6040.0,406.0,0.0,0,383.89,0.0,1,4.11,0.05,SPY210122P00360000,360.0,0,0.0,0.0,,0.0,normalDay
2021-01-21,6040.0,409.0,0.0,0,384.24,0.0,1,4.11,0.02,SPY210122P00360000,360.0,0,0.0,0.0,,0.0,normalDay
2021-01-22,6451.0,0.0,411.0,0,382.88,0.0,1,4.11,0.0,SPY210122P00360000,360.0,0,0.0,0.0,,0.0,expirationDay
2021-01-25,6451.0,-5.0,0.0,0,384.39,0.0,1,1.21,1.26,SPY210212P00356000,356.0,0,0.0,0.0,,0.0,normalDay
2021-01-26,6451.0,10.0,0.0,0,383.79,0.0,1,1.21,1.11,SPY210212P00356000,356.0,0,0.0,0.0,,0.0,normalDay
2021-01-27,6451.0,-283.0,0.0,0,374.41,0.0,1,1.21,4.04,SPY210212P00356000,356.0,0,0.0,0.0,,0.0,normalDay
2021-01-28,6451.0,-137.0,0.0,0,377.63,0.0,1,1.21,2.58,SPY210212P00356000,356.0,0,0.0,0.0,,0.0,normalDay
2021-01-29,6451.0,-348.0,0.0,0,370.07,0.0,1,1.21,4.69,SPY210212P00356000,356.0,0,0.0,0.0,,0.0,normalDay
2021-02-01,6451.0,-83.0,0.0,0,376.23,0.0,1,1.21,2.04,SPY210212P00356000,356.0,0,0.0,0.0,,0.0,normalDay
2021-02-02,6451.0,46.0,0.0,0,381.55,0.0,1,1.21,0.75,SPY210212P00356000,356.0,0,0.0,0.0,,0.0,normalDay
2021-02-03,6451.0,79.0,0.0,0,381.85,0.0,1,1.21,0.42,SPY210212P00356000,356.0,0,0.0,0.0,,0.0,normalDay
2021-02-04,6451.0,101.0,0.0,0,386.19,0.0,1,1.21,0.2,SPY210212P00356000,356.0,0,0.0,0.0,,0.0,normalDay
2021-02-05,6451.0,113.0,0.0,0,387.71,0.0,1,1.21,0.08,SPY210212P00356000,356.0,0,0.0,0.0,,0.0,normalDay
2021-02-08,6451.0,116.0,0.0,0,390.51,0.0,1,1.21,0.05,SPY210212P00356000,356.0,0,0.0,0.0,,0.0,normalDay
2021-02-09,6451.0,117.0,0.0,0,390.25,0.0,1,1.21,0.04,SPY210212P00356000,356.0,0,0.0,0.0,,0.0,normalDay
2021-02-10,6451.0,118.0,0.0,0,390.08,0.0,1,1.21,0.03,SPY210212P00356000,356.0,0,0.0,0.0,,0.0,normalDay
2021-02-11,6451.0,120.0,0.0,0,390.71,0.0,1,1.21,0.01,SPY210212P00356000,356.0,0,0.0,0.0,,0.0,normalDay
2021-02-12,6572.0,0.0,121.0,0,392.64,0.0,1,1.21,0.0,SPY210212P00356000,356.0,0,0.0,0.0,,0.0,expirationDay
2021-02-16,6572.0,-3.0,0.0,0,392.3,0.0,1,0.76,0.79,SPY210305P00359000,359.0,0,0.0,0.0,,0.0,normalDay
2021-02-17,6572.0,9.0,0.0,0,392.39,0.0,1,0.76,0.67,SPY210305P00359000,359.0,0,0.0,0.0,,0.0,normalDay
2021-02-18,6572.0,0.0,0.0,0,390.72,0.0,1,0.76,0.76,SPY210305P00359000,359.0,0,0.0,0.0,,0.0,normalDay
2021-02-19,6572.0,13.0,0.0,0,390.03,0.0,1,0.76,0.63,SPY210305P00359000,359.0,0,0.0,0.0,,0.0,normalDay
2021-02-22,6572.0,12.0,0.0,0,387.03,0.0,1,0.76,0.64,SPY210305P00359000,359.0,0,0.0,0.0,,0.0,normalDay
2021-02-23,6572.0,22.0,0.0,0,387.5,0.0,1,0.76,0.54,SPY210305P00359000,359.0,0,0.0,0.0,,0.0,normalDay
2021-02-24,6572.0,50.0,0.0,0,391.77,0.0,1,0.76,0.26,SPY210305P00359000,359.0,0,0.0,0.0,,0.0,normalDay
2021-02-25,6572.0,-62.0,0.0,0,382.33,0.0,1,0.76,1.38,SPY210305P00359000,359.0,0,0.0,0.0,,0.0,normalDay
2021-02-26,6572.0,-22.0,0.0,0,380.36,0.0,1,0.76,0.98,SPY210305P00359000,359.0,0,0.0,0.0,,0.0,normalDay
2021-03-01,6572.0,59.0,0.0,0,389.58,0.0,1,0.76,0.17,SPY210305P00359000,359.0,0,0.0,0.0,,0.0,normalDay
2021-03-02,6572.0,63.0,0.0,0,386.54,0.0,1,0.76,0.13,SPY210305P00359000,359.0,0,0.0,0.0,,0.0,normalDay
2021-03-03,6572.0,66.0,0.0,0,381.42,0.0,1,0.76,0.1,SPY210305P00359000,359.0,0,0.0,0.0,,0.0,normalDay
2021-03-04,6572.0,67.0,0.0,0,376.7,0.0,1,0.76,0.09,SPY210305P00359000,359.0,0,0.0,0.0,,0.0,normalDay
2021-03-05,6648.0,0.0,76.0,0,383.63,0.0,1,0.76,0.0,SPY210305P00359000,359.0,0,0.0,0.0,,0.0,expirationDay
2021-03-08,6648.0,-7.0,0.0,0,381.72,0.0,1,3.93,4.0,SPY210326P00368000,368.0,0,0.0,0.0,,0.0,normalDay
2021-03-09,6648.0,136.0,0.0,0,387.17,0.0,1,3.93,2.57,SPY210326P00368000,368.0,0,0.0,0.0,,0.0,normalDay
2021-03-10,6648.0,221.0,0.0,0,389.58,0.0,1,3.93,1.72,SPY210326P00368000,368.0,0,0.0,0.0,,0.0,normalDay
2021-03-11,6648.0,273.0,0.0,0,393.53,0.0,1,3.93,1.2,SPY210326P00368000,368.0,0,0.0,0.0,,0.0,normalDay
2021-03-12,6648.0,319.0,0.0,0,394.06,0.0,1,3.93,0.74,SPY210326P00368000,368.0,0,0.0,0.0,,0.0,normalDay
2021-03-15,6648.0,348.0,0.0,0,396.41,0.0,1,3.93,0.45,SPY210326P00368000,368.0,0,0.0,0.0,,0.0,normalDay
2021-03-16,6648.0,349.0,0.0,0,395.91,0.0,1,3.93,0.44,SPY210326P00368000,368.0,0,0.0,0.0,,0.0,normalDay
2021-03-17,6648.0,368.0,0.0,0,397.26,0.0,1,3.93,0.25,SPY210326P00368000,368.0,0,0.0,0.0,,0.0,normalDay
2021-03-18,6648.0,340.0,0.0,0,391.48,0.0,1,3.93,0.53,SPY210326P00368000,368.0,0,0.0,0.0,,0.0,normalDay
2021-03-19,6648.0,360.0,0.0,0,389.48,0.0,1,3.93,0.33,SPY210326P00368000,368.0,0,0.0,0.0,,0.0,normalDay
2021-03-22,6648.0,387.0,0.0,0,392.59,0.0,1,3.93,0.06,SPY210326P00368000,368.0,0,0.0,0.0,,0.0,normalDay
2021-03-23,6648.0,384.0,0.0,0,389.5,0.0,1,3.93,0.09,SPY210326P00368000,368.0,0,0.0,0.0,,0.0,normalDay
2021-03-24,6648.0,386.0,0.0,0,387.52,0.0,1,3.93,0.07,SPY210326P00368000,368.0,0,0.0,0.0,,0.0,normalDay
2021-03-25,6648.0,391.0,0.0,0,389.7,0.0,1,3.93,0.02,SPY210326P00368000,368.0,0,0.0,0.0,,0.0,normalDay
2021-03-26,7041.0,0.0,393.0,0,395.98,0.0,1,3.93,0.0,SPY210326P00368000,368.0,0,0.0,0.0,,0.0,expirationDay
2021-03-29,7041.0,-3.0,0.0,0,395.78,0.0,1,1.04,1.07,SPY210416P00367000,367.0,0,0.0,0.0,,0.0,normalDay
2021-03-30,7041.0,18.0,0.0,0,394.73,0.0,1,1.04,0.86,SPY210416P00367000,367.0,0,0.0,0.0,,0.0,normalDay
2021-03-31,7041.0,42.0,0.0,0,396.33,0.0,1,1.04,0.62,SPY210416P00367000,367.0,0,0.0,0.0,,0.0,normalDay
2021-04-01,7041.0,75.0,0.0,0,400.61,0.0,1,1.04,0.29,SPY210416P00367000,367.0,0,0.0,0.0,,0.0,normalDay
2021-04-05,7041.0,86.0,0.0,0,406.36,0.0,1,1.04,0.18,SPY210416P00367000,367.0,0,0.0,0.0,,0.0,normalDay
2021-04-06,7041.0,87.0,0.0,0,406.12,0.0,1,1.04,0.17,SPY210416P00367000,367.0,0,0.0,0.0,,0.0,normalDay
2021-04-07,7041.0,95.0,0.0,0,406.59,0.0,1,1.04,0.09,SPY210416P00367000,367.0,0,0.0,0.0,,0.0,normalDay
2021-04-08,7041.0,96.0,0.0,0,408.52,0.0,1,1.04,0.08,SPY210416P00367000,367.0,0,0.0,0.0,,0.0,normalDay
2021-04-09,7041.0,100.0,0.0,0,411.49,0.0,1,1.04,0.04,SPY210416P00367000,367.0,0,0.0,0.0,,0.0,normalDay
2021-04-12,7041.0,102.0,0.0,0,411.64,0.0,1,1.04,0.02,SPY210416P00367000,367.0,0,0.0,0.0,,0.0,normalDay
2021-04-13,7041.0,102.0,0.0,0,412.86,0.0,1,1.04,0.02,SPY210416P00367000,367.0,0,0.0,0.0,,0.0,normalDay
2021-04-14,7041.0,102.0,0.0,0,411.45,0.0,1,1.04,0.02,SPY210416P00367000,367.0,0,0.0,0.0,,0.0,normalDay
2021-04-15,7041.0,103.0,0.0,0,415.87,0.0,1,1.04,0.01,SPY210416P00367000,367.0,0,0.0,0.0,,0.0,normalDay
2021-04-16,7145.0,0.0,104.0,0,417.26,0.0,1,1.04,0.0,SPY210416P00367000,367.0,0,0.0,0.0,,0.0,expirationDay
2021-04-19,7145.0,-3.0,0.0,0,415.21,0.0,1,0.2,0.23,SPY210507P00365000,365.0,0,0.0,0.0,,0.0,normalDay
2021-04-20,7145.0,-11.0,0.0,0,412.17,0.0,1,0.2,0.31,SPY210507P00365000,365.0,0,0.0,0.0,,0.0,normalDay
2021-04-21,7145.0,3.0,0.0,0,416.07,0.0,1,0.2,0.17,SPY210507P00365000,365.0,0,0.0,0.0,,0.0,normalDay
2021-04-22,7145.0,-4.0,0.0,0,412.27,0.0,1,0.2,0.24,SPY210507P00365000,365.0,0,0.0,0.0,,0.0,normalDay
2021-04-23,7145.0,9.0,0.0,0,416.74,0.0,1,0.2,0.11,SPY210507P00365000,365.0,0,0.0,0.0,,0.0,normalDay
2021-04-26,7145.0,13.0,0.0,0,417.61,0.0,1,0.2,0.07,SPY210507P00365000,365.0,0,0.0,0.0,,0.0,normalDay
2021-04-27,7145.0,14.0,0.0,0,417.52,0.0,1,0.2,0.06,SPY210507P00365000,365.0,0,0.0,0.0,,0.0,normalDay
2021-04-28,7145.0,15.0,0.0,0,417.4,0.0,1,0.2,0.05,SPY210507P00365000,365.0,0,0.0,0.0,,0.0,normalDay
2021-04-29,7145.0,16.0,0.0,0,420.06,0.0,1,0.2,0.04,SPY210507P00365000,365.0,0,0.0,0.0,,0.0,normalDay
2021-04-30,7145.0,14.0,0.0,0,417.3,0.0,1,0.2,0.06,SPY210507P00365000,365.0,0,0.0,0.0,,0.0,normalDay
2021-05-03,7145.0,17.0,0.0,0,418.2,0.0,1,0.2,0.03,SPY210507P00365000,365.0,0,0.0,0.0,,0.0,normalDay
2021-05-04,7145.0,17.0,0.0,0,415.62,0.0,1,0.2,0.03,SPY210507P00365000,365.0,0,0.0,0.0,,0.0,normalDay
2021-05-05,7145.0,18.0,0.0,0,415.75,0.0,1,0.2,0.02,SPY210507P00365000,365.0,0,0.0,0.0,,0.0,normalDay
2021-05-06,7145.0,19.0,0.0,0,419.07,0.0,1,0.2,0.01,SPY210507P00365000,365.0,0,0.0,0.0,,0.0,normalDay
2021-05-07,7165.0,0.0,20.0,0,422.12,0.0,1,0.2,0.0,SPY210507P00365000,365.0,0,0.0,0.0,,0.0,expirationDay
2021-05-10,7165.0,-3.0,0.0,0,417.94,0.0,1,2.9,2.93,SPY210528P00406000,406.0,0,0.0,0.0,,0.0,normalDay
2021-05-11,7165.0,-114.0,0.0,0,414.21,0.0,1,2.9,4.04,SPY210528P00406000,406.0,0,0.0,0.0,,0.0,normalDay
2021-05-12,7165.0,-537.0,0.0,0,405.41,0.0,1,2.9,8.27,SPY210528P00406000,406.0,0,0.0,0.0,,0.0,normalDay
2021-05-13,7165.0,-234.0,0.0,0,410.28,0.0,1,2.9,5.24,SPY210528P00406000,406.0,0,0.0,0.0,,0.0,normalDay
2021-05-14,7165.0,71.0,0.0,0,416.58,0.0,1,2.9,2.19,SPY210528P00406000,406.0,0,0.0,0.0,,0.0,normalDay
2021-05-17,7165.0,78.0,0.0,0,415.52,0.0,1,2.9,2.12,SPY210528P00406000,406.0,0,0.0,0.0,,0.0,normalDay
2021-05-18,7165.0,-14.0,0.0,0,411.94,0.0,1,2.9,3.04,SPY210528P00406000,406.0,0,0.0,0.0,,0.0,normalDay
2021-05-19,7165.0,-24.0,0.0,0,410.86,0.0,1,2.9,3.14,SPY210528P00406000,406.0,0,0.0,0.0,,0.0,normalDay
2021-05-20,7165.0,125.0,0.0,0,415.28,0.0,1,2.9,1.65,SPY210528P00406000,406.0,0,0.0,0.0,,0.0,normalDay
2021-05-21,7165.0,163.0,0.0,0,414.94,0.0,1,2.9,1.27,SPY210528P00406000,406.0,0,0.0,0.0,,0.0,normalDay
2021-05-24,7165.0,265.0,0.0,0,419.17,0.0,1,2.9,0.25,SPY210528P00406000,406.0,0,0.0,0.0,,0.0,normalDay
2021-05-25,7165.0,266.0,0.0,0,418.24,0.0,1,2.9,0.24,SPY210528P00406000,406.0,0,0.0,0.0,,0.0,normalDay
2021-05-26,7165.0,280.0,0.0,0,419.07,0.0,1,2.9,0.1,SPY210528P00406000,406.0,0,0.0,0.0,,0.0,normalDay
2021-05-27,7165.0,286.0,0.0,0,419.29,0.0,1,2.9,0.04,SPY210528P00406000,406.0,0,0.0,0.0,,0.0,normalDay
2021-05-28,7455.0,0.0,290.0,0,420.04,0.0,1,2.9,0.0,SPY210528P00406000,406.0,0,0.0,0.0,,0.0,expirationDay
2021-06-01,7455.0,-3.0,0.0,0,419.67,0.0,1,1.39,1.42,SPY210618P00400000,400.0,0,0.0,0.0,,0.0,normalDay
2021-06-02,7455.0,28.0,0.0,0,420.33,0.0,1,1.39,1.11,SPY210618P00400000,400.0,0,0.0,0.0,,0.0,normalDay
2021-06-03,7455.0,16.0,0.0,0,418.77,0.0,1,1.39,1.23,SPY210618P00400000,400.0,0,0.0,0.0,,0.0,normalDay
2021-06-04,7455.0,73.0,0.0,0,422.6,0.0,1,1.39,0.66,SPY210618P00400000,400.0,0,0.0,0.0,,0.0,normalDay
2021-06-07,7455.0,93.0,0.0,0,422.19,0.0,1,1.39,0.46,SPY210618P00400000,400.0,0,0.0,0.0,,0.0,normalDay
2021-06-08,7455.0,85.0,0.0,0,422.28,0.0,1,1.39,0.54,SPY210618P00400000,400.0,0,0.0,0.0,,0.0,normalDay
2021-06-09,7455.0,76.0,0.0,0,421.65,0.0,1,1.39,0.63,SPY210618P00400000,400.0,0,0.0,0.0,,0.0,normalDay
2021-06-10,7455.0,109.0,0.0,0,423.61,0.0,1,1.39,0.3,SPY210618P00400000,400.0,0,0.0,0.0,,0.0,normalDay
2021-06-11,7455.0,116.0,0.0,0,424.31,0.0,1,1.39,0.23,SPY210618P00400000,400.0,0,0.0,0.0,,0.0,normalDay
2021-06-14,7455.0,125.0,0.0,0,425.26,0.0,1,1.39,0.14,SPY210618P00400000,400.0,0,0.0,0.0,,0.0,normalDay
2021-06-15,7455.0,122.0,0.0,0,424.48,0.0,1,1.39,0.17,SPY210618P00400000,400.0,0,0.0,0.0,,0.0,normalDay
2021-06-16,7455.0,117.0,0.0,0,422.11,0.0,1,1.39,0.22,SPY210618P00400000,400.0,0,0.0,0.0,,0.0,normalDay
2021-06-17,7455.0,129.0,0.0,0,421.97,0.0,1,1.39,0.1,SPY210618P00400000,400.0,0,0.0,0.0,,0.0,normalDay
2021-06-18,7594.0,0.0,139.0,0,414.92,0.0,1,1.39,0.0,SPY210618P00400000,400.0,0,0.0,0.0,,0.0,expirationDay
2021-06-21,7594.0,-5.0,0.0,0,420.86,0.0,1,2.25,2.3,SPY210709P00411000,411.0,0,0.0,0.0,,0.0,normalDay
2021-06-22,7594.0,65.0,0.0,0,423.11,0.0,1,2.25,1.6,SPY210709P00411000,411.0,0,0.0,0.0,,0.0,normalDay
2021-06-23,7594.0,82.0,0.0,0,422.6,0.0,1,2.25,1.43,SPY210709P00411000,411.0,0,0.0,0.0,,0.0,normalDay
2021-06-24,7594.0,127.0,0.0,0,425.1,0.0,1,2.25,0.98,SPY210709P00411000,411.0,0,0.0,0.0,,0.0,normalDay
2021-06-25,7594.0,156.0,0.0,0,426.61,0.0,1,2.25,0.69,SPY210709P00411000,411.0,0,0.0,0.0,,0.0,normalDay
2021-06-28,7594.0,178.0,0.0,0,427.47,0.0,1,2.25,0.47,SPY210709P00411000,411.0,0,0.0,0.0,,0.0,normalDay
2021-06-29,7594.0,184.0,0.0,0,427.7,0.0,1,2.25,0.41,SPY210709P00411000,411.0,0,0.0,0.0,,0.0,normalDay
2021-06-30,7594.0,198.0,0.0,0,428.06,0.0,1,2.25,0.27,SPY210709P00411000,411.0,0,0.0,0.0,,0.0,normalDay
2021-07-01,7594.0,205.0,0.0,0,430.43,0.0,1,2.25,0.2,SPY210709P00411000,411.0,0,0.0,0.0,,0.0,normalDay
2021-07-02,7594.0,217.0,0.0,0,433.72,0.0,1,2.25,0.08,SPY210709P00411000,411.0,0,0.0,0.0,,0.0,normalDay
2021-07-06,7594.0,221.0,0.0,0,432.93,0.0,1,2.25,0.04,SPY210709P00411000,411.0,0,0.0,0.0,,0.0,normalDay
2021-07-07,7594.0,223.0,0.0,0,434.46,0.0,1,2.25,0.02,SPY210709P00411000,411.0,0,0.0,0.0,,0.0,normalDay
2021-07-08,7594.0,223.0,0.0,0,430.92,0.0,1,2.25,0.02,SPY210709P00411000,411.0,0,0.0,0.0,,0.0,normalDay
2021-07-09,7819.0,0.0,225.0,0,435.52,0.0,1,2.25,0.0,SPY210709P00411000,411.0,0,0.0,0.0,,0.0,expirationDay
2021-07-12,7819.0,-3.0,0.0,0,437.08,0.0,1,0.56,0.59,SPY210730P00404000,404.0,0,0.0,0.0,,0.0,normalDay
2021-07-13,7819.0,-14.0,0.0,0,435.59,0.0,1,0.56,0.7,SPY210730P00404000,404.0,0,0.0,0.0,,0.0,normalDay
2021-07-14,7819.0,8.0,0.0,0,436.24,0.0,1,0.56,0.48,SPY210730P00404000,404.0,0,0.0,0.0,,0.0,normalDay
2021-07-15,7819.0,2.0,0.0,0,434.75,0.0,1,0.56,0.54,SPY210730P00404000,404.0,0,0.0,0.0,,0.0,normalDay
2021-07-16,7819.0,-17.0,0.0,0,431.34,0.0,1,0.56,0.73,SPY210730P00404000,404.0,0,0.0,0.0,,0.0,normalDay
2021-07-19,7819.0,-82.0,0.0,0,424.97,0.0,1,0.56,1.38,SPY210730P00404000,404.0,0,0.0,0.0,,0.0,normalDay
2021-07-20,7819.0,-1.0,0.0,0,431.06,0.0,1,0.56,0.57,SPY210730P00404000,404.0,0,0.0,0.0,,0.0,normalDay
2021-07-21,7819.0,36.0,0.0,0,434.55,0.0,1,0.56,0.2,SPY210730P00404000,404.0,0,0.0,0.0,,0.0,normalDay
2021-07-22,7819.0,42.0,0.0,0,435.46,0.0,1,0.56,0.14,SPY210730P00404000,404.0,0,0.0,0.0,,0.0,normalDay
2021-07-23,7819.0,50.0,0.0,0,439.94,0.0,1,0.56,0.06,SPY210730P00404000,404.0,0,0.0,0.0,,0.0,normalDay
2021-07-26,7819.0,53.0,0.0,0,441.02,0.0,1,0.56,0.03,SPY210730P00404000,404.0,0,0.0,0.0,,0.0,normalDay
2021-07-27,7819.0,50.0,0.0,0,439.01,0.0,1,0.56,0.06,SPY210730P00404000,404.0,0,0.0,0.0,,0.0,normalDay
2021-07-28,7819.0,54.0,0.0,0,438.83,0.0,1,0.56,0.02,SPY210730P00404000,404.0,0,0.0,0.0,,0.0,normalDay
2021-07-29,7819.0,55.0,0.0,0,440.65,0.0,1,0.56,0.01,SPY210730P00404000,404.0,0,0.0,0.0,,0.0,normalDay
2021-07-30,7875.0,0.0,56.0,0,438.51,0.0,1,0.56,0.0,SPY210730P00404000,404.0,0,0.0,0.0,,0.0,expirationDay
2021-08-02,7875.0,-3.0,0.0,0,437.59,0.0,1,1.88,1.91,SPY210820P00420000,420.0,0,0.0,0.0,,0.0,normalDay
2021-08-03,7875.0,73.0,0.0,0,441.15,0.0,1,1.88,1.15,SPY210820P00420000,420.0,0,0.0,0.0,,0.0,normalDay
2021-08-04,7875.0,70.0,0.0,0,438.98,0.0,1,1.88,1.18,SPY210820P00420000,420.0,0,0.0,0.0,,0.0,normalDay
2021-08-05,7875.0,104.0,0.0,0,441.76,0.0,1,1.88,0.84,SPY210820P00420000,420.0,0,0.0,0.0,,0.0,normalDay
2021-08-06,7875.0,138.0,0.0,0,442.49,0.0,1,1.88,0.5,SPY210820P00420000,420.0,0,0.0,0.0,,0.0,normalDay
2021-08-09,7875.0,146.0,0.0,0,442.13,0.0,1,1.88,0.42,SPY210820P00420000,420.0,0,0.0,0.0,,0.0,normalDay
2021-08-10,7875.0,147.0,0.0,0,442.68,0.0,1,1.88,0.41,SPY210820P00420000,420.0,0,0.0,0.0,,0.0,normalDay
2021-08-11,7875.0,166.0,0.0,0,443.78,0.0,1,1.88,0.22,SPY210820P00420000,420.0,0,0.0,0.0,,0.0,normalDay
2021-08-12,7875.0,172.0,0.0,0,445.11,0.0,1,1.88,0.16,SPY210820P00420000,420.0,0,0.0,0.0,,0.0,normalDay
2021-08-13,7875.0,175.0,0.0,0,445.92,0.0,1,1.88,0.13,SPY210820P00420000,420.0,0,0.0,0.0,,0.0,normalDay
2021-08-16,7875.0,180.0,0.0,0,446.97,0.0,1,1.88,0.08,SPY210820P00420000,420.0,0,0.0,0.0,,0.0,normalDay
2021-08-17,7875.0,176.0,0.0,0,444.04,0.0,1,1.88,0.12,SPY210820P00420000,420.0,0,0.0,0.0,,0.0,normalDay
2021-08-18,7875.0,158.0,0.0,0,439.18,0.0,1,1.88,0.3,SPY210820P00420000,420.0,0,0.0,0.0,,0.0,normalDay
2021-08-19,7875.0,180.0,0.0,0,439.86,0.0,1,1.88,0.08,SPY210820P00420000,420.0,0,0.0,0.0,,0.0,normalDay
2021-08-20,8063.0,0.0,188.0,0,443.36,0.0,1,1.88,0.0,SPY210820P00420000,420.0,0,0.0,0.0,,0.0,expirationDay
2021-08-23,8063.0,-3.0,0.0,0,447.26,0.0,1,1.36,1.39,SPY210910P00430000,430.0,0,0.0,0.0,,0.0,normalDay
2021-08-24,8063.0,10.0,0.0,0,447.97,0.0,1,1.36,1.26,SPY210910P00430000,430.0,0,0.0,0.0,,0.0,normalDay
2021-08-25,8063.0,36.0,0.0,0,448.91,0.0,1,1.36,1.0,SPY210910P00430000,430.0,0,0.0,0.0,,0.0,normalDay
2021-08-26,8063.0,-20.0,0.0,0,446.26,0.0,1,1.36,1.56,SPY210910P00430000,430.0,0,0.0,0.0,,0.0,normalDay
2021-08-27,8063.0,70.0,0.0,0,450.25,0.0,1,1.36,0.66,SPY210910P00430000,430.0,0,0.0,0.0,,0.0,normalDay
2021-08-30,8063.0,100.0,0.0,0,452.23,0.0,1,1.36,0.36,SPY210910P00430000,430.0,0,0.0,0.0,,0.0,normalDay
2021-08-31,8063.0,98.0,0.0,0,451.56,0.0,1,1.36,0.38,SPY210910P00430000,430.0,0,0.0,0.0,,0.0,normalDay
2021-09-01,8063.0,110.0,0.0,0,451.8,0.0,1,1.36,0.26,SPY210910P00430000,430.0,0,0.0,0.0,,0.0,normalDay
2021-09-02,8063.0,111.0,0.0,0,453.19,0.0,1,1.36,0.25,SPY210910P00430000,430.0,0,0.0,0.0,,0.0,normalDay
2021-09-03,8063.0,121.0,0.0,0,453.08,0.0,1,1.36,0.15,SPY210910P00430000,430.0,0,0.0,0.0,,0.0,normalDay
2021-09-07,8063.0,128.0,0.0,0,451.46,0.0,1,1.36,0.08,SPY210910P00430000,430.0,0,0.0,0.0,,0.0,normalDay
2021-09-08,8063.0,130.0,0.0,0,450.91,0.0,1,1.36,0.06,SPY210910P00430000,430.0,0,0.0,0.0,,0.0,normalDay
2021-09-09,8063.0,133.0,0.0,0,448.98,0.0,1,1.36,0.03,SPY210910P00430000,430.0,0,0.0,0.0,,0.0,normalDay
2021-09-10,8199.0,0.0,136.0,0,445.44,0.0,1,1.36,0.0,SPY210910P00430000,430.0,0,0.0,0.0,,0.0,expirationDay
2021-09-13,8199.0,-4.0,0.0,0,446.58,0.0,1,2.73,2.77,SPY211001P00432000,432.0,0,0.0,0.0,,0.0,normalDay
2021-09-14,8199.0,-37.0,0.0,0,444.17,0.0,1,2.73,3.1,SPY211001P00432000,432.0,0,0.0,0.0,,0.0,normalDay
2021-09-15,8199.0,84.0,0.0,0,447.88,0.0,1,2.73,1.89,SPY211001P00432000,432.0,0,0.0,0.0,,0.0,normalDay
2021-09-16,8199.0,77.0,0.0,0,447.17,0.0,1,2.73,1.96,SPY211001P00432000,432.0,0,0.0,0.0,,0.0,normalDay
2021-09-17,8199.0,-22.0,0.0,0,441.4,0.0,1,2.73,2.95,SPY211001P00432000,432.0,0,0.0,0.0,,0.0,normalDay
2021-09-20,8199.0,-312.0,0.0,0,434.04,0.0,1,2.73,5.85,SPY211001P00432000,432.0,0,0.0,0.0,,0.0,normalDay
2021-09-21,8199.0,-275.0,0.0,0,433.63,0.0,1,2.73,5.48,SPY211001P00432000,432.0,0,0.0,0.0,,0.0,normalDay
2021-09-22,8199.0,-2.0,0.0,0,437.86,0.0,1,2.73,2.75,SPY211001P00432000,432.0,0,0.0,0.0,,0.0,normalDay
2021-09-23,8199.0,156.0,0.0,0,443.18,0.0,1,2.73,1.17,SPY211001P00432000,432.0,0,0.0,0.0,,0.0,normalDay
2021-09-24,8199.0,198.0,0.0,0,443.91,0.0,1,2.73,0.75,SPY211001P00432000,432.0,0,0.0,0.0,,0.0,normalDay
2021-09-27,8199.0,219.0,0.0,0,442.64,0.0,1,2.73,0.54,SPY211001P00432000,432.0,0,0.0,0.0,,0.0,normalDay
2021-09-28,8199.0,-11.0,0.0,0,433.72,0.0,1,2.73,2.84,SPY211001P00432000,432.0,0,0.0,0.0,,0.0,normalDay
2021-09-29,8199.0,95.0,0.0,0,434.45,0.0,1,2.73,1.78,SPY211001P00432000,432.0,0,0.0,0.0,,0.0,normalDay
2021-09-30,8199.0,-56.0,0.0,0,429.14,0.0,1,2.73,3.29,SPY211001P00432000,432.0,0,0.0,0.0,,0.0,normalDay
2021-10-01,8472.0,0.0,273.0,0,434.24,0.0,1,2.73,0.0,SPY211001P00432000,432.0,0,0.0,0.0,,0.0,expirationDay
2021-10-04,8472.0,-7.0,0.0,0,428.64,0.0,1,3.23,3.3,SPY211022P00412000,412.0,0,0.0,0.0,,0.0,normalDay
2021-10-05,8472.0,111.0,0.0,0,433.1,0.0,1,3.23,2.12,SPY211022P00412000,412.0,0,0.0,0.0,,0.0,normalDay
2021-10-06,8472.0,153.0,0.0,0,434.9,0.0,1,3.23,1.7,SPY211022P00412000,412.0,0,0.0,0.0,,0.0,normalDay
2021-10-07,8472.0,220.0,0.0,0,438.66,0.0,1,3.23,1.03,SPY211022P00412000,412.0,0,0.0,0.0,,0.0,normalDay
2021-10-08,8472.0,238.0,0.0,0,437.86,0.0,1,3.23,0.85,SPY211022P00412000,412.0,0,0.0,0.0,,0.0,normalDay
2021-10-11,8472.0,226.0,0.0,0,434.69,0.0,1,3.23,0.97,SPY211022P00412000,412.0,0,0.0,0.0,,0.0,normalDay
2021-10-12,8472.0,234.0,0.0,0,433.62,0.0,1,3.23,0.89,SPY211022P00412000,412.0,0,0.0,0.0,,0.0,normalDay
2021-10-13,8472.0,280.0,0.0,0,435.18,0.0,1,3.23,0.43,SPY211022P00412000,412.0,0,0.0,0.0,,0.0,normalDay
2021-10-14,8472.0,305.0,0.0,0,442.5,0.0,1,3.23,0.18,SPY211022P00412000,412.0,0,0.0,0.0,,0.0,normalDay
2021-10-15,8472.0,313.0,0.0,0,445.87,0.0,1,3.23,0.1,SPY211022P00412000,412.0,0,0.0,0.0,,0.0,normalDay
2021-10-18,8472.0,319.0,0.0,0,447.19,0.0,1,3.23,0.04,SPY211022P00412000,412.0,0,0.0,0.0,,0.0,normalDay
2021-10-19,8472.0,320.0,0.0,0,450.64,0.0,1,3.23,0.03,SPY211022P00412000,412.0,0,0.0,0.0,,0.0,normalDay
2021-10-20,8472.0,321.0,0.0,0,452.41,0.0,1,3.23,0.02,SPY211022P00412000,412.0,0,0.0,0.0,,0.0,normalDay
2021-10-21,8472.0,322.0,0.0,0,453.59,0.0,1,3.23,0.01,SPY211022P00412000,412.0,0,0.0,0.0,,0.0,normalDay
2021-10-22,8795.0,0.0,323.0,0,453.12,0.0,1,3.23,0.0,SPY211022P00412000,412.0,0,0.0,0.0,,0.0,expirationDay
2021-10-25,8795.0,-3.0,0.0,0,455.55,0.0,1,0.22,0.25,SPY211112P00405000,405.0,0,0.0,0.0,,0.0,normalDay
2021-10-26,8795.0,-7.0,0.0,0,455.96,0.0,1,0.22,0.29,SPY211112P00405000,405.0,0,0.0,0.0,,0.0,normalDay
2021-10-27,8795.0,-11.0,0.0,0,453.94,0.0,1,0.22,0.33,SPY211112P00405000,405.0,0,0.0,0.0,,0.0,normalDay
2021-10-28,8795.0,-3.0,0.0,0,458.32,0.0,1,0.22,0.25,SPY211112P00405000,405.0,0,0.0,0.0,,0.0,normalDay
2021-10-29,8795.0,0.0,0.0,0,459.25,0.0,1,0.22,0.22,SPY211112P00405000,405.0,0,0.0,0.0,,0.0,normalDay
2021-11-01,8795.0,7.0,0.0,0,460.04,0.0,1,0.22,0.15,SPY211112P00405000,405.0,0,0.0,0.0,,0.0,normalDay
2021-11-02,8795.0,9.0,0.0,0,461.9,0.0,1,0.22,0.13,SPY211112P00405000,405.0,0,0.0,0.0,,0.0,normalDay
2021-11-03,8795.0,14.0,0.0,0,464.72,0.0,1,0.22,0.08,SPY211112P00405000,405.0,0,0.0,0.0,,0.0,normalDay
2021-11-04,8795.0,15.0,0.0,0,466.91,0.0,1,0.22,0.07,SPY211112P00405000,405.0,0,0.0,0.0,,0.0,normalDay
2021-11-05,8795.0,19.0,0.0,0,468.53,0.0,1,0.22,0.03,SPY211112P00405000,405.0,0,0.0,0.0,,0.0,normalDay
2021-11-08,8795.0,20.0,0.0,0,468.93,0.0,1,0.22,0.02,SPY211112P00405000,405.0,0,0.0,0.0,,0.0,normalDay
2021-11-09,8795.0,21.0,0.0,0,467.38,0.0,1,0.22,0.01,SPY211112P00405000,405.0,0,0.0,0.0,,0.0,normalDay
2021-11-10,8795.0,21.0,0.0,0,463.62,0.0,1,0.22,0.01,SPY211112P00405000,405.0,0,0.0,0.0,,0.0,normalDay
2021-11-11,8795.0,21.0,0.0,0,463.77,0.0,1,0.22,0.01,SPY211112P00405000,405.0,0,0.0,0.0,,0.0,normalDay
2021-11-12,8817.0,0.0,22.0,0,467.27,0.0,1,0.22,0.0,SPY211112P00405000,405.0,0,0.0,0.0,,0.0,expirationDay
2021-11-15,8817.0,-3.0,0.0,0,467.43,0.0,1,0.61,0.64,SPY211203P00436000,436.0,0,0.0,0.0,,0.0,normalDay
2021-11-16,8817.0,9.0,0.0,0,469.28,0.0,1,0.61,0.52,SPY211203P00436000,436.0,0,0.0,0.0,,0.0,normalDay
2021-11-17,8817.0,8.0,0.0,0,468.14,0.0,1,0.61,0.53,SPY211203P00436000,436.0,0,0.0,0.0,,0.0,normalDay
2021-11-18,8817.0,14.0,0.0,0,469.73,0.0,1,0.61,0.47,SPY211203P00436000,436.0,0,0.0,0.0,,0.0,normalDay
2021-11-19,8817.0,13.0,0.0,0,468.89,0.0,1,0.61,0.48,SPY211203P00436000,436.0,0,0.0,0.0,,0.0,normalDay
2021-11-22,8817.0,14.0,0.0,0,467.57,0.0,1,0.61,0.47,SPY211203P00436000,436.0,0,0.0,0.0,,0.0,normalDay
2021-11-23,8817.0,19.0,0.0,0,468.19,0.0,1,0.61,0.42,SPY211203P00436000,436.0,0,0.0,0.0,,0.0,normalDay
2021-11-24,8817.0,33.0,0.0,0,469.44,0.0,1,0.61,0.28,SPY211203P00436000,436.0,0,0.0,0.0,,0.0,normalDay
2021-11-26,8817.0,-148.0,0.0,0,458.97,0.0,1,0.61,2.09,SPY211203P00436000,436.0,0,0.0,0.0,,0.0,normalDay
2021-11-29,8817.0,40.0,0.0,0,464.6,0.0,1,0.61,0.21,SPY211203P00436000,436.0,0,0.0,0.0,,0.0,normalDay
2021-11-30,8817.0,13.0,0.0,0,455.56,0.0,1,0.61,0.48,SPY211203P00436000,436.0,0,0.0,0.0,,0.0,normalDay
2021-12-01,8817.0,-38.0,0.0,0,450.5,0.0,1,0.61,0.99,SPY211203P00436000,436.0,0,0.0,0.0,,0.0,normalDay
2021-12-02,8817.0,53.0,0.0,0,457.4,0.0,1,0.61,0.08,SPY211203P00436000,436.0,0,0.0,0.0,,0.0,normalDay
2021-12-03,8878.0,0.0,61.0,0,453.42,0.0,1,0.61,0.0,SPY211203P00436000,436.0,0,0.0,0.0,,0.0,expirationDay
2021-12-06,8878.0,-5.0,0.0,0,458.79,0.0,1,4.08,4.13,SPY211223P00440000,440.0,0,0.0,0.0,,0.0,normalDay
2021-12-07,8878.0,243.0,0.0,0,468.28,0.0,1,4.08,1.65,SPY211223P00440000,440.0,0,0.0,0.0,,0.0,normalDay
2021-12-08,8878.0,308.0,0.0,0,469.52,0.0,1,4.08,1.0,SPY211223P00440000,440.0,0,0.0,0.0,,0.0,normalDay
2021-12-09,8878.0,265.0,0.0,0,466.35,0.0,1,4.08,1.43,SPY211223P00440000,440.0,0,0.0,0.0,,0.0,normalDay
2021-12-10,8878.0,345.0,0.0,0,470.74,0.0,1,4.08,0.63,SPY211223P00440000,440.0,0,0.0,0.0,,0.0,normalDay
2021-12-13,8878.0,339.0,0.0,0,466.57,0.0,1,4.08,0.69,SPY211223P00440000,440.0,0,0.0,0.0,,0.0,normalDay
2021-12-14,8878.0,311.0,0.0,0,463.36,0.0,1,4.08,0.97,SPY211223P00440000,440.0,0,0.0,0.0,,0.0,normalDay
2021-12-15,8878.0,379.0,0.0,0,470.6,0.0,1,4.08,0.29,SPY211223P00440000,440.0,0,0.0,0.0,,0.0,normalDay
2021-12-16,8878.0,367.0,0.0,0,466.45,0.0,1,4.08,0.41,SPY211223P00440000,440.0,0,0.0,0.0,,0.0,normalDay
2021-12-17,8878.0,366.0,0.0,0,459.87,0.0,1,4.08,0.42,SPY211223P00440000,440.0,0,0.0,0.0,,0.0,normalDay
2021-12-20,8878.0,374.0,0.0,0,454.98,0.0,1,4.08,0.34,SPY211223P00440000,440.0,0,0.0,0.0,,0.0,normalDay
2021-12-21,8878.0,403.0,0.0,0,463.06,0.0,1,4.08,0.05,SPY211223P00440000,440.0,0,0.0,0.0,,0.0,normalDay
2021-12-22,8878.0,407.0,0.0,0,467.69,0.0,1,4.08,0.01,SPY211223P00440000,440.0,0,0.0,0.0,,0.0,normalDay
2021-12-23,9286.0,0.0,408.0,0,470.6,0.0,1,4.08,0.0,SPY211223P00440000,440.0,0,0.0,0.0,,0.0,expirationDay
2021-12-27,9286.0,-3.0,0.0,0,477.26,0.0,1,0.52,0.55,SPY220114P00436000,436.0,0,0.0,0.0,,0.0,normalDay
2021-12-28,9286.0,-1.0,0.0,0,476.87,0.0,1,0.52,0.53,SPY220114P00436000,436.0,0,0.0,0.0,,0.0,normalDay
2021-12-29,9286.0,14.0,0.0,0,477.48,0.0,1,0.52,0.38,SPY220114P00436000,436.0,0,0.0,0.0,,0.0,normalDay
2021-12-30,9286.0,10.0,0.0,0,476.16,0.0,1,0.52,0.42,SPY220114P00436000,436.0,0,0.0,0.0,,0.0,normalDay
2021-12-31,9286.0,18.0,0.0,0,474.96,0.0,1,0.52,0.34,SPY220114P00436000,436.0,0,0.0,0.0,,0.0,normalDay
2022-01-03,9286.0,34.0,0.0,0,477.71,0.0,1,0.52,0.18,SPY220114P00436000,436.0,0,0.0,0.0,,0.0,normalDay
2022-01-04,9286.0,36.0,0.0,0,477.55,0.0,1,0.52,0.16,SPY220114P00436000,436.0,0,0.0,0.0,,0.0,normalDay
2022-01-05,9286.0,10.0,0.0,0,468.38,0.0,1,0.52,0.42,SPY220114P00436000,436.0,0,0.0,0.0,,0.0,normalDay
2022-01-06,9286.0,27.0,0.0,0,467.94,0.0,1,0.52,0.25,SPY220114P00436000,436.0,0,0.0,0.0,,0.0,normalDay
2022-01-07,9286.0,42.0,0.0,0,466.09,0.0,1,0.52,0.1,SPY220114P00436000,436.0,0,0.0,0.0,,0.0,normalDay
2022-01-10,9286.0,41.0,0.0,0,465.51,0.0,1,0.52,0.11,SPY220114P00436000,436.0,0,0.0,0.0,,0.0,normalDay
2022-01-11,9286.0,48.0,0.0,0,469.75,0.0,1,0.52,0.04,SPY220114P00436000,436.0,0,0.0,0.0,,0.0,normalDay
2022-01-12,9286.0,50.0,0.0,0,471.02,0.0,1,0.52,0.02,SPY220114P00436000,436.0,0,0.0,0.0,,0.0,normalDay
2022-01-13,9286.0,50.0,0.0,0,464.53,0.0,1,0.52,0.02,SPY220114P00436000,436.0,0,0.0,0.0,,0.0,normalDay
2022-01-14,9338.0,0.0,52.0,0,464.72,0.0,1,0.52,0.0,SPY220114P00436000,436.0,0,0.0,0.0,,0.0,expirationDay
2022-01-18,9338.0,-3.0,0.0,0,456.49,0.0,1,4.03,4.06,SPY220204P00442000,442.0,0,0.0,0.0,,0.0,normalDay
2022-01-19,9338.0,-73.0,0.0,0,451.75,0.0,1,4.03,4.76,SPY220204P00442000,442.0,0,0.0,0.0,,0.0,normalDay
2022-01-20,9338.0,-269.0,0.0,0,446.75,0.0,1,4.03,6.72,SPY220204P00442000,442.0,0,0.0,0.0,,0.0,normalDay
2022-01-21,9338.0,-690.0,0.0,0,437.98,0.0,1,4.03,10.93,SPY220204P00442000,442.0,0,0.0,0.0,,0.0,normalDay
2022-01-24,9338.0,-673.0,0.0,0,439.84,0.0,1,4.03,10.76,SPY220204P00442000,442.0,0,0.0,0.0,,0.0,normalDay
2022-01-25,9338.0,-989.0,0.0,0,434.47,0.0,1,4.03,13.92,SPY220204P00442000,442.0,0,0.0,0.0,,0.0,normalDay
2022-01-26,9338.0,-958.0,0.0,0,433.38,0.0,1,4.03,13.61,SPY220204P00442000,442.0,0,0.0,0.0,,0.0,normalDay
2022-01-27,9338.0,-947.0,0.0,0,431.24,0.0,1,4.03,13.5,SPY220204P00442000,442.0,0,0.0,0.0,,0.0,normalDay
2022-01-28,9338.0,-241.0,0.0,0,441.95,0.0,1,4.03,6.44,SPY220204P00442000,442.0,0,0.0,0.0,,0.0,normalDay
2022-01-31,9338.0,164.0,0.0,0,449.91,0.0,1,4.03,2.39,SPY220204P00442000,442.0,0,0.0,0.0,,0.0,normalDay
2022-02-01,9338.0,328.0,0.0,0,452.95,0.0,1,4.03,0.75,SPY220204P00442000,442.0,0,0.0,0.0,,0.0,normalDay
2022-02-02,9338.0,369.0,0.0,0,457.35,0.0,1,4.03,0.34,SPY220204P00442000,442.0,0,0.0,0.0,,0.0,normalDay
2022-02-03,9338.0,345.0,0.0,0,446.6,0.0,1,4.03,0.58,SPY220204P00442000,442.0,0,0.0,0.0,,0.0,normalDay
2022-02-04,9741.0,0.0,403.0,0,448.7,0.0,1,4.03,0.0,SPY220204P00442000,442.0,0,0.0,0.0,,0.0,expirationDay
2022-02-07,9741.0,-3.0,0.0,0,447.26,0.0,1,0.67,0.7,SPY220225P00402000,402.0,0,0.0,0.0,,0.0,normalDay
2022-02-08,9741.0,18.0,0.0,0,450.94,0.0,1,0.67,0.49,SPY220225P00402000,402.0,0,0.0,0.0,,0.0,normalDay
2022-02-09,9741.0,39.0,0.0,0,457.54,0.0,1,0.67,0.28,SPY220225P00402000,402.0,0,0.0,0.0,,0.0,normalDay
2022-02-10,9741.0,2.0,0.0,0,449.32,0.0,1,0.67,0.65,SPY220225P00402000,402.0,0,0.0,0.0,,0.0,normalDay
2022-02-11,9741.0,-60.0,0.0,0,440.46,0.0,1,0.67,1.27,SPY220225P00402000,402.0,0,0.0,0.0,,0.0,normalDay
2022-02-14,9741.0,-27.0,0.0,0,439.02,0.0,1,0.67,0.94,SPY220225P00402000,402.0,0,0.0,0.0,,0.0,normalDay
2022-02-15,9741.0,18.0,0.0,0,446.1,0.0,1,0.67,0.49,SPY220225P00402000,402.0,0,0.0,0.0,,0.0,normalDay
2022-02-16,9741.0,43.0,0.0,0,446.6,0.0,1,0.67,0.24,SPY220225P00402000,402.0,0,0.0,0.0,,0.0,normalDay
2022-02-17,9741.0,7.0,0.0,0,437.06,0.0,1,0.67,0.6,SPY220225P00402000,402.0,0,0.0,0.0,,0.0,normalDay
2022-02-18,9741.0,34.0,0.0,0,434.23,0.0,1,0.67,0.33,SPY220225P00402000,402.0,0,0.0,0.0,,0.0,normalDay
2022-02-22,9741.0,55.0,0.0,0,429.57,0.0,1,0.67,0.12,SPY220225P00402000,402.0,0,0.0,0.0,,0.0,normalDay
2022-02-23,9741.0,48.0,0.0,0,421.95,0.0,1,0.67,0.19,SPY220225P00402000,402.0,0,0.0,0.0,,0.0,normalDay
2022-02-24,9741.0,61.0,0.0,0,428.3,0.0,1,0.67,0.06,SPY220225P00402000,402.0,0,0.0,0.0,,0.0,normalDay
2022-02-25,9808.0,0.0,67.0,0,437.75,0.0,1,0.67,0.0,SPY220225P00402000,402.0,0,0.0,0.0,,0.0,expirationDay
2022-02-28,9808.0,-4.0,0.0,0,436.63,0.0,1,2.98,3.02,SPY220318P00404000,404.0,0,0.0,0.0,,0.0,normalDay
2022-03-01,9808.0,-158.0,0.0,0,429.98,0.0,1,2.98,4.56,SPY220318P00404000,404.0,0,0.0,0.0,,0.0,normalDay
2022-03-02,9808.0,33.0,0.0,0,437.89,0.0,1,2.98,2.65,SPY220318P00404000,404.0,0,0.0,0.0,,0.0,normalDay
2022-03-03,9808.0,28.0,0.0,0,435.71,0.0,1,2.98,2.7,SPY220318P00404000,404.0,0,0.0,0.0,,0.0,normalDay
2022-03-04,9808.0,-15.0,0.0,0,432.17,0.0,1,2.98,3.13,SPY220318P00404000,404.0,0,0.0,0.0,,0.0,normalDay
2022-03-07,9808.0,-276.0,0.0,0,419.43,0.0,1,2.98,5.74,SPY220318P00404000,404.0,0,0.0,0.0,,0.0,normalDay
2022-03-08,9808.0,-284.0,0.0,0,416.25,0.0,1,2.98,5.82,SPY220318P00404000,404.0,0,0.0,0.0,,0.0,normalDay
2022-03-09,9808.0,58.0,0.0,0,427.41,0.0,1,2.98,2.4,SPY220318P00404000,404.0,0,0.0,0.0,,0.0,normalDay
2022-03-10,9808.0,104.0,0.0,0,425.48,0.0,1,2.98,1.94,SPY220318P00404000,404.0,0,0.0,0.0,,0.0,normalDay
2022-03-11,9808.0,71.0,0.0,0,420.07,0.0,1,2.98,2.27,SPY220318P00404000,404.0,0,0.0,0.0,,0.0,normalDay
2022-03-14,9808.0,53.0,0.0,0,417.0,0.0,1,2.98,2.45,SPY220318P00404000,404.0,0,0.0,0.0,,0.0,normalDay
2022-03-15,9808.0,231.0,0.0,0,426.17,0.0,1,2.98,0.67,SPY220318P00404000,404.0,0,0.0,0.0,,0.0,normalDay
2022-03-16,9808.0,285.0,0.0,0,435.62,0.0,1,2.98,0.13,SPY220318P00404000,404.0,0,0.0,0.0,,0.0,normalDay
2022-03-17,9808.0,292.0,0.0,0,441.07,0.0,1,2.98,0.06,SPY220318P00404000,404.0,0,0.0,0.0,,0.0,normalDay
2022-03-18,10106.0,0.0,298.0,0,444.52,0.0,1,2.98,0.0,SPY220318P00404000,404.0,0,0.0,0.0,,0.0,expirationDay
2022-03-21,10106.0,-3.0,0.0,0,444.39,0.0,1,0.69,0.72,SPY220408P00395000,395.0,0,0.0,0.0,,0.0,normalDay
2022-03-22,10106.0,10.0,0.0,0,449.59,0.0,1,0.69,0.59,SPY220408P00395000,395.0,0,0.0,0.0,,0.0,normalDay
2022-03-23,10106.0,6.0,0.0,0,443.8,0.0,1,0.69,0.63,SPY220408P00395000,395.0,0,0.0,0.0,,0.0,normalDay
2022-03-24,10106.0,33.0,0.0,0,450.49,0.0,1,0.69,0.36,SPY220408P00395000,395.0,0,0.0,0.0,,0.0,normalDay
2022-03-25,10106.0,42.0,0.0,0,452.69,0.0,1,0.69,0.27,SPY220408P00395000,395.0,0,0.0,0.0,,0.0,normalDay
2022-03-28,10106.0,56.0,0.0,0,455.91,0.0,1,0.69,0.13,SPY220408P00395000,395.0,0,0.0,0.0,,0.0,normalDay
2022-03-29,10106.0,59.0,0.0,0,461.55,0.0,1,0.69,0.1,SPY220408P00395000,395.0,0,0.0,0.0,,0.0,normalDay
2022-03-30,10106.0,60.0,0.0,0,458.7,0.0,1,0.69,0.09,SPY220408P00395000,395.0,0,0.0,0.0,,0.0,normalDay
2022-03-31,10106.0,57.0,0.0,0,451.64,0.0,1,0.69,0.12,SPY220408P00395000,395.0,0,0.0,0.0,,0.0,normalDay
2022-04-01,10106.0,63.0,0.0,0,452.92,0.0,1,0.69,0.06,SPY220408P00395000,395.0,0,0.0,0.0,,0.0,normalDay
2022-04-04,10106.0,66.0,0.0,0,456.8,0.0,1,0.69,0.03,SPY220408P00395000,395.0,0,0.0,0.0,,0.0,normalDay
2022-04-05,10106.0,66.0,0.0,0,451.03,0.0,1,0.69,0.03,SPY220408P00395000,395.0,0,0.0,0.0,,0.0,normalDay
2022-04-06,10106.0,67.0,0.0,0,446.52,0.0,1,0.69,0.02,SPY220408P00395000,395.0,0,0.0,0.0,,0.0,normalDay
2022-04-07,10106.0,68.0,0.0,0,448.77,0.0,1,0.69,0.01,SPY220408P00395000,395.0,0,0.0,0.0,,0.0,normalDay
2022-04-08,10175.0,0.0,69.0,0,447.57,0.0,1,0.69,0.0,SPY220408P00395000,395.0,0,0.0,0.0,,0.0,expirationDay
2022-04-11,10175.0,-5.0,0.0,0,439.92,0.0,1,2.26,2.31,SPY220429P00415000,415.0,0,0.0,0.0,,0.0,normalDay
2022-04-12,10175.0,-11.0,0.0,0,438.29,0.0,1,2.26,2.37,SPY220429P00415000,415.0,0,0.0,0.0,,0.0,normalDay
2022-04-13,10175.0,109.0,0.0,0,443.31,0.0,1,2.26,1.17,SPY220429P00415000,415.0,0,0.0,0.0,,0.0,normalDay
2022-04-14,10175.0,79.0,0.0,0,437.79,0.0,1,2.26,1.47,SPY220429P00415000,415.0,0,0.0,0.0,,0.0,normalDay
2022-04-18,10175.0,144.0,0.0,0,437.97,0.0,1,2.26,0.82,SPY220429P00415000,415.0,0,0.0,0.0,,0.0,normalDay
2022-04-19,10175.0,170.0,0.0,0,445.04,0.0,1,2.26,0.56,SPY220429P00415000,415.0,0,0.0,0.0,,0.0,normalDay
2022-04-20,10175.0,193.0,0.0,0,444.71,0.0,1,2.26,0.33,SPY220429P00415000,415.0,0,0.0,0.0,,0.0,normalDay
2022-04-21,10175.0,156.0,0.0,0,438.06,0.0,1,2.26,0.7,SPY220429P00415000,415.0,0,0.0,0.0,,0.0,normalDay
2022-04-22,10175.0,-57.0,0.0,0,426.04,0.0,1,2.26,2.83,SPY220429P00415000,415.0,0,0.0,0.0,,0.0,normalDay
2022-04-25,10175.0,96.0,0.0,0,428.51,0.0,1,2.26,1.3,SPY220429P00415000,415.0,0,0.0,0.0,,0.0,normalDay
2022-04-26,10175.0,-342.0,0.0,0,416.1,0.0,1,2.26,5.68,SPY220429P00415000,415.0,0,0.0,0.0,,0.0,normalDay
2022-04-27,10175.0,-84.0,0.0,0,417.27,0.0,1,2.26,3.1,SPY220429P00415000,415.0,0,0.0,0.0,,0.0,normalDay
2022-04-28,10175.0,186.0,0.0,0,427.81,0.0,1,2.26,0.4,SPY220429P00415000,415.0,0,0.0,0.0,,0.0,normalDay
2022-04-29,10401.0,-300.0,226.0,100,412.0,415.0,1,2.26,0.0,SPY220429P00415000,415.0,0,0.0,0.0,,0.0,expirationDay
2022-05-02,10401.0,-56.0,0.0,100,414.48,415.0,0,0.0,0.0,,0.0,1,0.56,0.6,SPY220715C00478000,478.0,normalDay
2022-05-03,10401.0,148.0,0.0,100,416.38,415.0,0,0.0,0.0,,0.0,1,0.56,0.46,SPY220715C00478000,478.0,normalDay
2022-05-04,10401.0,1381.0,0.0,100,429.06,415.0,0,0.0,0.0,,0.0,1,0.56,0.81,SPY220715C00478000,478.0,normalDay
2022-05-05,10401.0,-108.0,0.0,100,413.81,415.0,0,0.0,0.0,,0.0,1,0.56,0.45,SPY220715C00478000,478.0,normalDay
2022-05-06,10401.0,-344.0,0.0,100,411.34,415.0,0,0.0,0.0,,0.0,1,0.56,0.34,SPY220715C00478000,478.0,normalDay
2022-05-09,10401.0,-1653.0,0.0,100,398.17,415.0,0,0.0,0.0,,0.0,1,0.56,0.26,SPY220715C00478000,478.0,normalDay
2022-05-10,10401.0,-1555.0,0.0,100,399.09,415.0,0,0.0,0.0,,0.0,1,0.56,0.2,SPY220715C00478000,478.0,normalDay
2022-05-11,10401.0,-2185.0,0.0,100,392.75,415.0,0,0.0,0.0,,0.0,1,0.56,0.16,SPY220715C00478000,478.0,normalDay
2022-05-12,10401.0,-2225.0,0.0,100,392.34,415.0,0,0.0,0.0,,0.0,1,0.56,0.15,SPY220715C00478000,478.0,normalDay
2022-05-13,10401.0,-1285.0,0.0,100,401.72,415.0,0,0.0,0.0,,0.0,1,0.56,0.13,SPY220715C00478000,478.0,normalDay
2022-05-16,10401.0,-1444.0,0.0,100,400.09,415.0,0,0.0,0.0,,0.0,1,0.56,0.09,SPY220715C00478000,478.0,normalDay
2022-05-17,10401.0,-624.0,0.0,100,408.32,415.0,0,0.0,0.0,,0.0,1,0.56,0.12,SPY220715C00478000,478.0,normalDay
2022-05-18,10401.0,-2264.0,0.0,100,391.86,415.0,0,0.0,0.0,,0.0,1,0.56,0.06,SPY220715C00478000,478.0,normalDay
2022-05-19,10401.0,-2504.0,0.0,100,389.46,415.0,0,0.0,0.0,,0.0,1,0.56,0.06,SPY220715C00478000,478.0,normalDay
2022-05-20,10401.0,-2488.0,0.0,100,389.63,415.0,0,0.0,0.0,,0.0,1,0.56,0.07,SPY220715C00478000,478.0,normalDay
2022-05-23,10401.0,-1761.0,0.0,100,396.92,415.0,0,0.0,0.0,,0.0,1,0.56,0.09,SPY220715C00478000,478.0,normalDay
2022-05-24,10401.0,-2064.0,0.0,100,393.89,415.0,0,0.0,0.0,,0.0,1,0.56,0.09,SPY220715C00478000,478.0,normalDay
2022-05-25,10401.0,-1717.0,0.0,100,397.37,415.0,0,0.0,0.0,,0.0,1,0.56,0.1,SPY220715C00478000,478.0,normalDay
2022-05-26,10401.0,-927.0,0.0,100,405.31,415.0,0,0.0,0.0,,0.0,1,0.56,0.14,SPY220715C00478000,478.0,normalDay
2022-05-27,10401.0,63.0,0.0,100,415.26,415.0,0,0.0,0.0,,0.0,1,0.56,0.19,SPY220715C00478000,478.0,normalDay
2022-05-31,10401.0,-162.0,0.0,100,412.93,415.0,0,0.0,0.0,,0.0,1,0.56,0.11,SPY220715C00478000,478.0,normalDay
2022-06-01,10401.0,-493.0,0.0,100,409.59,415.0,0,0.0,0.0,,0.0,1,0.56,0.08,SPY220715C00478000,478.0,normalDay
2022-06-02,10401.0,284.0,0.0,100,417.39,415.0,0,0.0,0.0,,0.0,1,0.56,0.11,SPY220715C00478000,478.0,normalDay
2022-06-03,10401.0,-398.0,0.0,100,410.54,415.0,0,0.0,0.0,,0.0,1,0.56,0.08,SPY220715C00478000,478.0,normalDay
2022-06-06,10401.0,-272.0,0.0,100,411.79,415.0,0,0.0,0.0,,0.0,1,0.56,0.07,SPY220715C00478000,478.0,normalDay
2022-06-07,10401.0,123.0,0.0,100,415.74,415.0,0,0.0,0.0,,0.0,1,0.56,0.07,SPY220715C00478000,478.0,normalDay
2022-06-08,10401.0,-328.0,0.0,100,411.22,415.0,0,0.0,0.0,,0.0,1,0.56,0.06,SPY220715C00478000,478.0,normalDay
2022-06-09,10401.0,-1304.0,0.0,100,401.44,415.0,0,0.0,0.0,,0.0,1,0.56,0.04,SPY220715C00478000,478.0,normalDay
2022-06-10,10401.0,-2467.0,0.0,100,389.8,415.0,0,0.0,0.0,,0.0,1,0.56,0.03,SPY220715C00478000,478.0,normalDay
2022-06-13,10401.0,-3947.0,0.0,100,375.0,415.0,0,0.0,0.0,,0.0,1,0.56,0.03,SPY220715C00478000,478.0,normalDay
2022-06-14,10401.0,-4060.0,0.0,100,373.87,415.0,0,0.0,0.0,,0.0,1,0.56,0.03,SPY220715C00478000,478.0,normalDay
2022-06-15,10401.0,-3527.0,0.0,100,379.2,415.0,0,0.0,0.0,,0.0,1,0.56,0.03,SPY220715C00478000,478.0,normalDay
2022-06-16,10401.0,-4781.0,0.0,100,366.65,415.0,0,0.0,0.0,,0.0,1,0.56,0.02,SPY220715C00478000,478.0,normalDay
2022-06-17,10401.0,-4861.0,0.0,100,365.86,415.0,0,0.0,0.0,,0.0,1,0.56,0.03,SPY220715C00478000,478.0,normalDay
2022-06-21,10401.0,-3939.0,0.0,100,375.07,415.0,0,0.0,0.0,,0.0,1,0.56,0.02,SPY220715C00478000,478.0,normalDay
2022-06-22,10401.0,-4007.0,0.0,100,374.39,415.0,0,0.0,0.0,,0.0,1,0.56,0.02,SPY220715C00478000,478.0,normalDay
2022-06-23,10401.0,-3640.0,0.0,100,378.06,415.0,0,0.0,0.0,,0.0,1,0.56,0.02,SPY220715C00478000,478.0,normalDay
2022-06-24,10401.0,-2438.0,0.0,100,390.08,415.0,0,0.0,0.0,,0.0,1,0.56,0.02,SPY220715C00478000,478.0,normalDay
2022-06-27,10401.0,-2587.0,0.0,100,388.59,415.0,0,0.0,0.0,,0.0,1,0.56,0.02,SPY220715C00478000,478.0,normalDay
2022-06-28,10401.0,-3380.0,0.0,100,380.65,415.0,0,0.0,0.0,,0.0,1,0.56,0.01,SPY220715C00478000,478.0,normalDay
2022-06-29,10401.0,-3411.0,0.0,100,380.34,415.0,0,0.0,0.0,,0.0,1,0.56,0.01,SPY220715C00478000,478.0,normalDay
2022-06-30,10401.0,-3720.0,0.0,100,377.25,415.0,0,0.0,0.0,,0.0,1,0.56,0.01,SPY220715C00478000,478.0,normalDay
2022-07-01,10401.0,-3321.0,0.0,100,381.24,415.0,0,0.0,0.0,,0.0,1,0.56,0.01,SPY220715C00478000,478.0,normalDay
2022-07-05,10401.0,-3249.0,0.0,100,381.96,415.0,0,0.0,0.0,,0.0,1,0.56,0.01,SPY220715C00478000,478.0,normalDay
2022-07-06,10401.0,-3120.0,0.0,100,383.25,415.0,0,0.0,0.0,,0.0,1,0.56,0.01,SPY220715C00478000,478.0,normalDay
2022-07-07,10401.0,-2546.0,0.0,100,388.99,415.0,0,0.0,0.0,,0.0,1,0.56,0.01,SPY220715C00478000,478.0,normalDay
2022-07-08,10401.0,-2578.0,0.0,100,388.67,415.0,0,0.0,0.0,,0.0,1,0.56,0.01,SPY220715C00478000,478.0,normalDay
2022-07-11,10401.0,-3022.0,0.0,100,384.23,415.0,0,0.0,0.0,,0.0,1,0.56,0.01,SPY220715C00478000,478.0,normalDay
2022-07-12,10401.0,-3362.0,0.0,100,380.83,415.0,0,0.0,0.0,,0.0,1,0.56,0.01,SPY220715C00478000,478.0,normalDay
2022-07-13,10401.0,-3562.0,0.0,100,378.83,415.0,0,0.0,0.0,,0.0,1,0.56,0.01,SPY220715C00478000,478.0,normalDay
2022-07-14,10401.0,-3654.0,0.0,100,377.91,415.0,0,0.0,0.0,,0.0,1,0.56,0.01,SPY220715C00478000,478.0,normalDay
2022-07-15,10457.0,-2987.0,56.0,100,385.13,415.0,0,0.0,0.0,,0.0,1,0.56,0.0,SPY220715C00478000,478.0,expirationDay
2022-07-18,10457.0,-3312.0,0.0,100,381.95,415.0,0,0.0,0.0,,0.0,1,7.56,7.63,SPY220930C00400000,400.0,normalDay
2022-07-19,10457.0,-2751.0,0.0,100,392.27,415.0,0,0.0,0.0,,0.0,1,7.56,12.34,SPY220930C00400000,400.0,normalDay
2022-07-20,10457.0,-2597.0,0.0,100,394.77,415.0,0,0.0,0.0,,0.0,1,7.56,13.3,SPY220930C00400000,400.0,normalDay
2022-07-21,10457.0,-2332.0,0.0,100,398.79,415.0,0,0.0,0.0,,0.0,1,7.56,14.67,SPY220930C00400000,400.0,normalDay
2022-07-22,10457.0,-2470.0,0.0,100,395.09,415.0,0,0.0,0.0,,0.0,1,7.56,12.35,SPY220930C00400000,400.0,normalDay
2022-07-25,10457.0,-2455.0,0.0,100,395.57,415.0,0,0.0,0.0,,0.0,1,7.56,12.68,SPY220930C00400000,400.0,normalDay
2022-07-26,10457.0,-2735.0,0.0,100,390.89,415.0,0,0.0,0.0,,0.0,1,7.56,10.8,SPY220930C00400000,400.0,normalDay
2022-07-27,10457.0,-2116.0,0.0,100,401.04,415.0,0,0.0,0.0,,0.0,1,7.56,14.76,SPY220930C00400000,400.0,normalDay
2022-07-28,10457.0,-1986.0,0.0,100,406.07,415.0,0,0.0,0.0,,0.0,1,7.56,18.49,SPY220930C00400000,400.0,normalDay
2022-07-29,10457.0,-1703.0,0.0,100,411.99,415.0,0,0.0,0.0,,0.0,1,7.56,21.58,SPY220930C00400000,400.0,normalDay
2022-08-01,10457.0,-1782.0,0.0,100,410.77,415.0,0,0.0,0.0,,0.0,1,7.56,21.15,SPY220930C00400000,400.0,normalDay
2022-08-02,10457.0,-1888.0,0.0,100,408.06,415.0,0,0.0,0.0,,0.0,1,7.56,19.5,SPY220930C00400000,400.0,normalDay
2022-08-03,10457.0,-1600.0,0.0,100,414.45,415.0,0,0.0,0.0,,0.0,1,7.56,23.01,SPY220930C00400000,400.0,normalDay
2022-08-04,10457.0,-1623.0,0.0,100,414.17,415.0,0,0.0,0.0,,0.0,1,7.56,22.96,SPY220930C00400000,400.0,normalDay
2022-08-05,10457.0,-1571.0,0.0,100,413.47,415.0,0,0.0,0.0,,0.0,1,7.56,21.74,SPY220930C00400000,400.0,normalDay
2022-08-08,10457.0,-1603.0,0.0,100,412.99,415.0,0,0.0,0.0,,0.0,1,7.56,21.58,SPY220930C00400000,400.0,normalDay
2022-08-09,10457.0,-1656.0,0.0,100,411.35,415.0,0,0.0,0.0,,0.0,1,7.56,20.47,SPY220930C00400000,400.0,normalDay
2022-08-10,10457.0,-1335.0,0.0,100,419.99,415.0,0,0.0,0.0,,0.0,1,7.56,25.9,SPY220930C00400000,400.0,normalDay
2022-08-11,10457.0,-1399.0,0.0,100,419.99,415.0,0,0.0,0.0,,0.0,1,7.56,26.54,SPY220930C00400000,400.0,normalDay
2022-08-12,10457.0,-1171.0,0.0,100,427.1,415.0,0,0.0,0.0,,0.0,1,7.56,31.37,SPY220930C00400000,400.0,normalDay
2022-08-15,10457.0,-1138.0,0.0,100,428.86,415.0,0,0.0,0.0,,0.0,1,7.56,32.8,SPY220930C00400000,400.0,normalDay
2022-08-16,10457.0,-1094.0,0.0,100,429.7,415.0,0,0.0,0.0,,0.0,1,7.56,33.2,SPY220930C00400000,400.0,normalDay
2022-08-17,10457.0,-1201.0,0.0,100,426.65,415.0,0,0.0,0.0,,0.0,1,7.56,31.22,SPY220930C00400000,400.0,normalDay
2022-08-18,10457.0,-1092.0,0.0,100,427.89,415.0,0,0.0,0.0,,0.0,1,7.56,31.37,SPY220930C00400000,400.0,normalDay
2022-08-19,10457.0,-1215.0,0.0,100,422.14,415.0,0,0.0,0.0,,0.0,1,7.56,26.85,SPY220930C00400000,400.0,normalDay
2022-08-22,10457.0,-1469.0,0.0,100,413.35,415.0,0,0.0,0.0,,0.0,1,7.56,20.6,SPY220930C00400000,400.0,normalDay
2022-08-23,10457.0,-1438.0,0.0,100,412.35,415.0,0,0.0,0.0,,0.0,1,7.56,19.29,SPY220930C00400000,400.0,normalDay
2022-08-24,10457.0,-1363.0,0.0,100,413.67,415.0,0,0.0,0.0,,0.0,1,7.56,19.86,SPY220930C00400000,400.0,normalDay
2022-08-25,10457.0,-1142.0,0.0,100,419.51,415.0,0,0.0,0.0,,0.0,1,7.56,23.49,SPY220930C00400000,400.0,normalDay
2022-08-26,10457.0,-1628.0,0.0,100,405.31,415.0,0,0.0,0.0,,0.0,1,7.56,14.15,SPY220930C00400000,400.0,normalDay
2022-08-29,10457.0,-1716.0,0.0,100,402.63,415.0,0,0.0,0.0,,0.0,1,7.56,12.35,SPY220930C00400000,400.0,normalDay
2022-08-30,10457.0,-1893.0,0.0,100,398.21,415.0,0,0.0,0.0,,0.0,1,7.56,9.7,SPY220930C00400000,400.0,normalDay
2022-08-31,10457.0,-2008.0,0.0,100,395.18,415.0,0,0.0,0.0,,0.0,1,7.56,7.82,SPY220930C00400000,400.0,normalDay
2022-09-01,10457.0,-1886.0,0.0,100,396.42,415.0,0,0.0,0.0,,0.0,1,7.56,7.84,SPY220930C00400000,400.0,normalDay
2022-09-02,10457.0,-2123.0,0.0,100,392.24,415.0,0,0.0,0.0,,0.0,1,7.56,6.03,SPY220930C00400000,400.0,normalDay
2022-09-06,10457.0,-2155.0,0.0,100,390.76,415.0,0,0.0,0.0,,0.0,1,7.56,4.87,SPY220930C00400000,400.0,normalDay
2022-09-07,10457.0,-1684.0,0.0,100,397.78,415.0,0,0.0,0.0,,0.0,1,7.56,7.18,SPY220930C00400000,400.0,normalDay
2022-09-08,10457.0,-1540.0,0.0,100,400.38,415.0,0,0.0,0.0,,0.0,1,7.56,8.34,SPY220930C00400000,400.0,normalDay
2022-09-09,10457.0,-1206.0,0.0,100,406.6,415.0,0,0.0,0.0,,0.0,1,7.56,11.22,SPY220930C00400000,400.0,normalDay
2022-09-12,10457.0,-1103.0,0.0,100,410.97,415.0,0,0.0,0.0,,0.0,1,7.56,14.56,SPY220930C00400000,400.0,normalDay
2022-09-13,10457.0,-1930.0,0.0,100,393.1,415.0,0,0.0,0.0,,0.0,1,7.56,4.96,SPY220930C00400000,400.0,normalDay
2022-09-14,10457.0,-1765.0,0.0,100,394.6,415.0,0,0.0,0.0,,0.0,1,7.56,4.81,SPY220930C00400000,400.0,normalDay
2022-09-15,10457.0,-2058.0,0.0,100,390.12,415.0,0,0.0,0.0,,0.0,1,7.56,3.26,SPY220930C00400000,400.0,normalDay
2022-09-16,10457.0,-2400.0,0.0,100,385.56,415.0,0,0.0,0.0,,0.0,1,7.56,2.12,SPY220930C00400000,400.0,normalDay
2022-09-19,10457.0,-2133.0,0.0,100,388.55,415.0,0,0.0,0.0,,0.0,1,7.56,2.44,SPY220930C00400000,400.0,normalDay
2022-09-20,10457.0,-2493.0,0.0,100,384.09,415.0,0,0.0,0.0,,0.0,1,7.56,1.58,SPY220930C00400000,400.0,normalDay
2022-09-21,10457.0,-3058.0,0.0,100,377.39,415.0,0,0.0,0.0,,0.0,1,7.56,0.53,SPY220930C00400000,400.0,normalDay
2022-09-22,10457.0,-3337.0,0.0,100,374.22,415.0,0,0.0,0.0,,0.0,1,7.56,0.15,SPY220930C00400000,400.0,normalDay
2022-09-23,10457.0,-3953.0,0.0,100,367.95,415.0,0,0.0,0.0,,0.0,1,7.56,0.04,SPY220930C00400000,400.0,normalDay
2022-09-26,10457.0,-4316.0,0.0,100,364.31,415.0,0,0.0,0.0,,0.0,1,7.56,0.03,SPY220930C00400000,400.0,normalDay
2022-09-27,10457.0,-4407.0,0.0,100,363.38,415.0,0,0.0,0.0,,0.0,1,7.56,0.01,SPY220930C00400000,400.0,normalDay
2022-09-28,10457.0,-3692.0,0.0,100,370.53,415.0,0,0.0,0.0,,0.0,1,7.56,0.01,SPY220930C00400000,400.0,normalDay
2022-09-29,10457.0,-4466.0,0.0,100,362.79,415.0,0,0.0,0.0,,0.0,1,7.56,0.01,SPY220930C00400000,400.0,normalDay
2022-09-30,11213.0,-5782.0,756.0,100,357.18,415.0,0,0.0,0.0,,0.0,1,7.56,0.0,SPY220930C00400000,400.0,expirationDay
2022-10-03,11213.0,-4843.0,0.0,100,366.61,415.0,0,0.0,0.0,,0.0,1,0.76,0.8,SPY221216C00433000,433.0,normalDay
2022-10-04,11213.0,-3774.0,0.0,100,377.97,415.0,0,0.0,0.0,,0.0,1,0.76,1.47,SPY221216C00433000,433.0,normalDay
2022-10-05,11213.0,-3843.0,0.0,100,377.09,415.0,0,0.0,0.0,,0.0,1,0.76,1.28,SPY221216C00433000,433.0,normalDay
2022-10-06,11213.0,-4210.0,0.0,100,373.2,415.0,0,0.0,0.0,,0.0,1,0.76,1.06,SPY221216C00433000,433.0,normalDay
2022-10-07,11213.0,-5202.0,0.0,100,362.79,415.0,0,0.0,0.0,,0.0,1,0.76,0.57,SPY221216C00433000,433.0,normalDay
2022-10-10,11213.0,-5478.0,0.0,100,360.02,415.0,0,0.0,0.0,,0.0,1,0.76,0.56,SPY221216C00433000,433.0,normalDay
2022-10-11,11213.0,-5703.0,0.0,100,357.74,415.0,0,0.0,0.0,,0.0,1,0.76,0.53,SPY221216C00433000,433.0,normalDay
2022-10-12,11213.0,-5818.0,0.0,100,356.56,415.0,0,0.0,0.0,,0.0,1,0.76,0.5,SPY221216C00433000,433.0,normalDay
2022-10-13,11213.0,-4913.0,0.0,100,365.97,415.0,0,0.0,0.0,,0.0,1,0.76,0.86,SPY221216C00433000,433.0,normalDay
2022-10-14,11213.0,-5712.0,0.0,100,357.63,415.0,0,0.0,0.0,,0.0,1,0.76,0.51,SPY221216C00433000,433.0,normalDay
2022-10-17,11213.0,-4823.0,0.0,100,366.82,415.0,0,0.0,0.0,,0.0,1,0.76,0.81,SPY221216C00433000,433.0,normalDay
2022-10-18,11213.0,-4411.0,0.0,100,371.13,415.0,0,0.0,0.0,,0.0,1,0.76,1.0,SPY221216C00433000,433.0,normalDay
2022-10-19,11213.0,-4651.0,0.0,100,368.5,415.0,0,0.0,0.0,,0.0,1,0.76,0.77,SPY221216C00433000,433.0,normalDay
2022-10-20,11213.0,-4938.0,0.0,100,365.41,415.0,0,0.0,0.0,,0.0,1,0.76,0.55,SPY221216C00433000,433.0,normalDay
2022-10-21,11213.0,-4103.0,0.0,100,374.29,415.0,0,0.0,0.0,,0.0,1,0.76,1.08,SPY221216C00433000,433.0,normalDay
2022-10-24,11213.0,-3674.0,0.0,100,378.87,415.0,0,0.0,0.0,,0.0,1,0.76,1.37,SPY221216C00433000,433.0,normalDay
2022-10-25,11213.0,-3086.0,0.0,100,384.92,415.0,0,0.0,0.0,,0.0,1,0.76,1.54,SPY221216C00433000,433.0,normalDay
2022-10-26,11213.0,-3342.0,0.0,100,382.02,415.0,0,0.0,0.0,,0.0,1,0.76,1.2,SPY221216C00433000,433.0,normalDay
2022-10-27,11213.0,-3495.0,0.0,100,379.98,415.0,0,0.0,0.0,,0.0,1,0.76,0.69,SPY221216C00433000,433.0,normalDay
2022-10-28,11213.0,-2675.0,0.0,100,389.02,415.0,0,0.0,0.0,,0.0,1,0.76,1.53,SPY221216C00433000,433.0,normalDay
2022-10-31,11213.0,-2909.0,0.0,100,386.21,415.0,0,0.0,0.0,,0.0,1,0.76,1.06,SPY221216C00433000,433.0,normalDay
2022-11-01,11213.0,-3060.0,0.0,100,384.52,415.0,0,0.0,0.0,,0.0,1,0.76,0.88,SPY221216C00433000,433.0,normalDay
2022-11-02,11213.0,-3975.0,0.0,100,374.87,415.0,0,0.0,0.0,,0.0,1,0.76,0.38,SPY221216C00433000,433.0,normalDay
2022-11-03,11213.0,-4350.0,0.0,100,371.01,415.0,0,0.0,0.0,,0.0,1,0.76,0.27,SPY221216C00433000,433.0,normalDay
2022-11-04,11213.0,-3822.0,0.0,100,376.35,415.0,0,0.0,0.0,,0.0,1,0.76,0.33,SPY221216C00433000,433.0,normalDay
2022-11-07,11213.0,-3466.0,0.0,100,379.95,415.0,0,0.0,0.0,,0.0,1,0.76,0.37,SPY221216C00433000,433.0,normalDay
2022-11-08,11213.0,-3267.0,0.0,100,382.0,415.0,0,0.0,0.0,,0.0,1,0.76,0.43,SPY221216C00433000,433.0,normalDay
2022-11-09,11213.0,-4033.0,0.0,100,374.13,415.0,0,0.0,0.0,,0.0,1,0.76,0.22,SPY221216C00433000,433.0,normalDay
2022-11-10,11213.0,-2067.0,0.0,100,394.69,415.0,0,0.0,0.0,,0.0,1,0.76,1.12,SPY221216C00433000,433.0,normalDay
2022-11-11,11213.0,-1676.0,0.0,100,398.51,415.0,0,0.0,0.0,,0.0,1,0.76,1.03,SPY221216C00433000,433.0,normalDay
2022-11-14,11213.0,-1980.0,0.0,100,395.12,415.0,0,0.0,0.0,,0.0,1,0.76,0.68,SPY221216C00433000,433.0,normalDay
2022-11-15,11213.0,-1661.0,0.0,100,398.49,415.0,0,0.0,0.0,,0.0,1,0.76,0.86,SPY221216C00433000,433.0,normalDay
2022-11-16,11213.0,-1935.0,0.0,100,395.45,415.0,0,0.0,0.0,,0.0,1,0.76,0.56,SPY221216C00433000,433.0,normalDay
2022-11-17,11213.0,-2044.0,0.0,100,394.24,415.0,0,0.0,0.0,,0.0,1,0.76,0.44,SPY221216C00433000,433.0,normalDay
2022-11-18,11213.0,-1860.0,0.0,100,396.03,415.0,0,0.0,0.0,,0.0,1,0.76,0.39,SPY221216C00433000,433.0,normalDay
2022-11-21,11213.0,-1990.0,0.0,100,394.59,415.0,0,0.0,0.0,,0.0,1,0.76,0.25,SPY221216C00433000,433.0,normalDay
2022-11-22,11213.0,-1465.0,0.0,100,399.9,415.0,0,0.0,0.0,,0.0,1,0.76,0.31,SPY221216C00433000,433.0,normalDay
2022-11-23,11213.0,-1209.0,0.0,100,402.42,415.0,0,0.0,0.0,,0.0,1,0.76,0.27,SPY221216C00433000,433.0,normalDay
2022-11-25,11213.0,-1212.0,0.0,100,402.33,415.0,0,0.0,0.0,,0.0,1,0.76,0.21,SPY221216C00433000,433.0,normalDay
2022-11-28,11213.0,-1844.0,0.0,100,395.91,415.0,0,0.0,0.0,,0.0,1,0.76,0.11,SPY221216C00433000,433.0,normalDay
2022-11-29,11213.0,-1909.0,0.0,100,395.23,415.0,0,0.0,0.0,,0.0,1,0.76,0.08,SPY221216C00433000,433.0,normalDay
2022-11-30,11213.0,-706.0,0.0,100,407.68,415.0,0,0.0,0.0,,0.0,1,0.76,0.5,SPY221216C00433000,433.0,normalDay
2022-12-01,11213.0,-724.0,0.0,100,407.38,415.0,0,0.0,0.0,,0.0,1,0.76,0.38,SPY221216C00433000,433.0,normalDay
2022-12-02,11213.0,-756.0,0.0,100,406.91,415.0,0,0.0,0.0,,0.0,1,0.76,0.23,SPY221216C00433000,433.0,normalDay
2022-12-05,11213.0,-1473.0,0.0,100,399.59,415.0,0,0.0,0.0,,0.0,1,0.76,0.08,SPY221216C00433000,433.0,normalDay
2022-12-06,11213.0,-2047.0,0.0,100,393.83,415.0,0,0.0,0.0,,0.0,1,0.76,0.06,SPY221216C00433000,433.0,normalDay
2022-12-07,11213.0,-2113.0,0.0,100,393.16,415.0,0,0.0,0.0,,0.0,1,0.76,0.05,SPY221216C00433000,433.0,normalDay
2022-12-08,11213.0,-1805.0,0.0,100,396.24,415.0,0,0.0,0.0,,0.0,1,0.76,0.05,SPY221216C00433000,433.0,normalDay
2022-12-09,11213.0,-2099.0,0.0,100,393.28,415.0,0,0.0,0.0,,0.0,1,0.76,0.03,SPY221216C00433000,433.0,normalDay
2022-12-12,11213.0,-1540.0,0.0,100,398.95,415.0,0,0.0,0.0,,0.0,1,0.76,0.11,SPY221216C00433000,433.0,normalDay
2022-12-13,11213.0,-1230.0,0.0,100,401.97,415.0,0,0.0,0.0,,0.0,1,0.76,0.03,SPY221216C00433000,433.0,normalDay
2022-12-14,11213.0,-1485.0,0.0,100,399.4,415.0,0,0.0,0.0,,0.0,1,0.76,0.01,SPY221216C00433000,433.0,normalDay
2022-12-15,11213.0,-2462.0,0.0,100,389.63,415.0,0,0.0,0.0,,0.0,1,0.76,0.01,SPY221216C00433000,433.0,normalDay
2022-12-16,11289.0,-3173.0,76.0,100,383.27,415.0,0,0.0,0.0,,0.0,1,0.76,0.0,SPY221216C00433000,433.0,expirationDay
2022-12-19,11289.0,-3502.0,0.0,100,380.02,415.0,0,0.0,0.0,,0.0,1,1.48,1.52,SPY230217C00420000,420.0,normalDay
2022-12-20,11289.0,-3445.0,0.0,100,380.54,415.0,0,0.0,0.0,,0.0,1,1.48,1.47,SPY230217C00420000,420.0,normalDay
2022-12-21,11289.0,-2925.0,0.0,100,386.23,415.0,0,0.0,0.0,,0.0,1,1.48,1.96,SPY230217C00420000,420.0,normalDay
2022-12-22,11289.0,-3426.0,0.0,100,380.72,415.0,0,0.0,0.0,,0.0,1,1.48,1.46,SPY230217C00420000,420.0,normalDay
2022-12-23,11289.0,-3208.0,0.0,100,382.91,415.0,0,0.0,0.0,,0.0,1,1.48,1.47,SPY230217C00420000,420.0,normalDay
2022-12-27,11289.0,-3341.0,0.0,100,381.4,415.0,0,0.0,0.0,,0.0,1,1.48,1.29,SPY230217C00420000,420.0,normalDay
2022-12-28,11289.0,-3775.0,0.0,100,376.66,415.0,0,0.0,0.0,,0.0,1,1.48,0.89,SPY230217C00420000,420.0,normalDay
2022-12-29,11289.0,-3140.0,0.0,100,383.44,415.0,0,0.0,0.0,,0.0,1,1.48,1.32,SPY230217C00420000,420.0,normalDay
2022-12-30,11289.0,-3227.0,0.0,100,382.43,415.0,0,0.0,0.0,,0.0,1,1.48,1.18,SPY230217C00420000,420.0,normalDay
2023-01-03,11289.0,-3358.0,0.0,100,380.82,415.0,0,0.0,0.0,,0.0,1,1.48,0.88,SPY230217C00420000,420.0,normalDay
2023-01-04,11289.0,-3077.0,0.0,100,383.76,415.0,0,0.0,0.0,,0.0,1,1.48,1.01,SPY230217C00420000,420.0,normalDay
2023-01-05,11289.0,-3480.0,0.0,100,379.38,415.0,0,0.0,0.0,,0.0,1,1.48,0.66,SPY230217C00420000,420.0,normalDay
2023-01-06,11289.0,-2665.0,0.0,100,388.08,415.0,0,0.0,0.0,,0.0,1,1.48,1.21,SPY230217C00420000,420.0,normalDay
2023-01-09,11289.0,-2682.0,0.0,100,387.86,415.0,0,0.0,0.0,,0.0,1,1.48,1.16,SPY230217C00420000,420.0,normalDay
2023-01-10,11289.0,-2415.0,0.0,100,390.58,415.0,0,0.0,0.0,,0.0,1,1.48,1.21,SPY230217C00420000,420.0,normalDay
2023-01-11,11289.0,-2003.0,0.0,100,395.52,415.0,0,0.0,0.0,,0.0,1,1.48,2.03,SPY230217C00420000,420.0,normalDay
2023-01-12,11289.0,-1819.0,0.0,100,396.96,415.0,0,0.0,0.0,,0.0,1,1.48,1.63,SPY230217C00420000,420.0,normalDay
2023-01-13,11289.0,-1650.0,0.0,100,398.5,415.0,0,0.0,0.0,,0.0,1,1.48,1.48,SPY230217C00420000,420.0,normalDay
2023-01-17,11289.0,-1697.0,0.0,100,397.77,415.0,0,0.0,0.0,,0.0,1,1.48,1.22,SPY230217C00420000,420.0,normalDay
2023-01-18,11289.0,-2262.0,0.0,100,391.49,415.0,0,0.0,0.0,,0.0,1,1.48,0.59,SPY230217C00420000,420.0,normalDay
2023-01-19,11289.0,-2524.0,0.0,100,388.64,415.0,0,0.0,0.0,,0.0,1,1.48,0.36,SPY230217C00420000,420.0,normalDay
2023-01-20,11289.0,-1842.0,0.0,100,395.88,415.0,0,0.0,0.0,,0.0,1,1.48,0.78,SPY230217C00420000,420.0,normalDay
2023-01-23,11289.0,-1420.0,0.0,100,400.63,415.0,0,0.0,0.0,,0.0,1,1.48,1.31,SPY230217C00420000,420.0,normalDay
2023-01-24,11289.0,-1461.0,0.0,100,400.2,415.0,0,0.0,0.0,,0.0,1,1.48,1.29,SPY230217C00420000,420.0,normalDay
2023-01-25,11289.0,-1422.0,0.0,100,400.35,415.0,0,0.0,0.0,,0.0,1,1.48,1.05,SPY230217C00420000,420.0,normalDay
2023-01-26,11289.0,-1041.0,0.0,100,404.75,415.0,0,0.0,0.0,,0.0,1,1.48,1.64,SPY230217C00420000,420.0,normalDay
2023-01-27,11289.0,-958.0,0.0,100,405.68,415.0,0,0.0,0.0,,0.0,1,1.48,1.74,SPY230217C00420000,420.0,normalDay
2023-01-30,11289.0,-1396.0,0.0,100,400.59,415.0,0,0.0,0.0,,0.0,1,1.48,1.03,SPY230217C00420000,420.0,normalDay
2023-01-31,11289.0,-874.0,0.0,100,406.48,415.0,0,0.0,0.0,,0.0,1,1.48,1.7,SPY230217C00420000,420.0,normalDay
2023-02-01,11289.0,-541.0,0.0,100,410.8,415.0,0,0.0,0.0,,0.0,1,1.48,2.69,SPY230217C00420000,420.0,normalDay
2023-02-02,11289.0,-91.0,0.0,100,416.78,415.0,0,0.0,0.0,,0.0,1,1.48,4.17,SPY230217C00420000,420.0,normalDay
2023-02-03,11289.0,-386.0,0.0,100,412.35,415.0,0,0.0,0.0,,0.0,1,1.48,2.69,SPY230217C00420000,420.0,normalDay
2023-02-06,11289.0,-554.0,0.0,100,409.83,415.0,0,0.0,0.0,,0.0,1,1.48,1.85,SPY230217C00420000,420.0,normalDay
2023-02-07,11289.0,-124.0,0.0,100,415.19,415.0,0,0.0,0.0,,0.0,1,1.48,2.91,SPY230217C00420000,420.0,normalDay
2023-02-08,11289.0,-463.0,0.0,100,410.65,415.0,0,0.0,0.0,,0.0,1,1.48,1.76,SPY230217C00420000,420.0,normalDay
2023-02-09,11289.0,-754.0,0.0,100,407.09,415.0,0,0.0,0.0,,0.0,1,1.48,1.11,SPY230217C00420000,420.0,normalDay
2023-02-10,11289.0,-635.0,0.0,100,408.04,415.0,0,0.0,0.0,,0.0,1,1.48,0.87,SPY230217C00420000,420.0,normalDay
2023-02-13,11289.0,-234.0,0.0,100,412.83,415.0,0,0.0,0.0,,0.0,1,1.48,1.65,SPY230217C00420000,420.0,normalDay
2023-02-14,11289.0,-132.0,0.0,100,412.64,415.0,0,0.0,0.0,,0.0,1,1.48,0.44,SPY230217C00420000,420.0,normalDay
2023-02-15,11289.0,11.0,0.0,100,413.98,415.0,0,0.0,0.0,,0.0,1,1.48,0.35,SPY230217C00420000,420.0,normalDay
2023-02-16,11289.0,-526.0,0.0,100,408.28,415.0,0,0.0,0.0,,0.0,1,1.48,0.02,SPY230217C00420000,420.0,normalDay
2023-02-17,11437.0,-774.0,148.0,100,407.26,415.0,0,0.0,0.0,,0.0,1,1.48,0.0,SPY230217C00420000,420.0,expirationDay
2023-02-21,11437.0,-1597.0,0.0,100,399.09,415.0,0,0.0,0.0,,0.0,1,5.03,5.09,SPY230519C00425000,425.0,normalDay
2023-02-22,11437.0,-1602.0,0.0,100,398.54,415.0,0,0.0,0.0,,0.0,1,5.03,4.59,SPY230519C00425000,425.0,normalDay
2023-02-23,11437.0,-1398.0,0.0,100,400.66,415.0,0,0.0,0.0,,0.0,1,5.03,4.67,SPY230519C00425000,425.0,normalDay
2023-02-24,11437.0,-1740.0,0.0,100,396.38,415.0,0,0.0,0.0,,0.0,1,5.03,3.81,SPY230519C00425000,425.0,normalDay
2023-02-27,11437.0,-1604.0,0.0,100,397.73,415.0,0,0.0,0.0,,0.0,1,5.03,3.8,SPY230519C00425000,425.0,normalDay
2023-02-28,11437.0,-1684.0,0.0,100,396.26,415.0,0,0.0,0.0,,0.0,1,5.03,3.13,SPY230519C00425000,425.0,normalDay
2023-03-01,11437.0,-1820.0,0.0,100,394.74,415.0,0,0.0,0.0,,0.0,1,5.03,2.97,SPY230519C00425000,425.0,normalDay
2023-03-02,11437.0,-1554.0,0.0,100,397.81,415.0,0,0.0,0.0,,0.0,1,5.03,3.38,SPY230519C00425000,425.0,normalDay
2023-03-03,11437.0,-1071.0,0.0,100,404.19,415.0,0,0.0,0.0,,0.0,1,5.03,4.93,SPY230519C00425000,425.0,normalDay
2023-03-06,11437.0,-1031.0,0.0,100,404.47,415.0,0,0.0,0.0,,0.0,1,5.03,4.81,SPY230519C00425000,425.0,normalDay
2023-03-07,11437.0,-1496.0,0.0,100,398.27,415.0,0,0.0,0.0,,0.0,1,5.03,3.26,SPY230519C00425000,425.0,normalDay
2023-03-08,11437.0,-1420.0,0.0,100,398.92,415.0,0,0.0,0.0,,0.0,1,5.03,3.15,SPY230519C00425000,425.0,normalDay
2023-03-09,11437.0,-2064.0,0.0,100,391.56,415.0,0,0.0,0.0,,0.0,1,5.03,2.23,SPY230519C00425000,425.0,normalDay
2023-03-10,11437.0,-2548.0,0.0,100,385.91,415.0,0,0.0,0.0,,0.0,1,5.03,1.42,SPY230519C00425000,425.0,normalDay
2023-03-13,11437.0,-2613.0,0.0,100,385.36,415.0,0,0.0,0.0,,0.0,1,5.03,1.52,SPY230519C00425000,425.0,normalDay
2023-03-14,11437.0,-2006.0,0.0,100,391.73,415.0,0,0.0,0.0,,0.0,1,5.03,1.82,SPY230519C00425000,425.0,normalDay
2023-03-15,11437.0,-2233.0,0.0,100,389.28,415.0,0,0.0,0.0,,0.0,1,5.03,1.64,SPY230519C00425000,425.0,normalDay
2023-03-16,11437.0,-1623.0,0.0,100,396.11,415.0,0,0.0,0.0,,0.0,1,5.03,2.37,SPY230519C00425000,425.0,normalDay
2023-03-17,11437.0,-2204.0,0.0,100,389.99,415.0,0,0.0,0.0,,0.0,1,5.03,2.06,SPY230519C00425000,425.0,normalDay
2023-03-20,11437.0,-1843.0,0.0,100,393.74,415.0,0,0.0,0.0,,0.0,1,5.03,2.2,SPY230519C00425000,425.0,normalDay
2023-03-21,11437.0,-1397.0,0.0,100,398.91,415.0,0,0.0,0.0,,0.0,1,5.03,2.91,SPY230519C00425000,425.0,normalDay
2023-03-22,11437.0,-1952.0,0.0,100,392.11,415.0,0,0.0,0.0,,0.0,1,5.03,1.66,SPY230519C00425000,425.0,normalDay
2023-03-23,11437.0,-1859.0,0.0,100,393.17,415.0,0,0.0,0.0,,0.0,1,5.03,1.79,SPY230519C00425000,425.0,normalDay
2023-03-24,11437.0,-1621.0,0.0,100,395.75,415.0,0,0.0,0.0,,0.0,1,5.03,1.99,SPY230519C00425000,425.0,normalDay
2023-03-27,11437.0,-1522.0,0.0,100,396.49,415.0,0,0.0,0.0,,0.0,1,5.03,1.74,SPY230519C00425000,425.0,normalDay
2023-03-28,11437.0,-1590.0,0.0,100,395.6,415.0,0,0.0,0.0,,0.0,1,5.03,1.53,SPY230519C00425000,425.0,normalDay
2023-03-29,11437.0,-1087.0,0.0,100,401.35,415.0,0,0.0,0.0,,0.0,1,5.03,2.25,SPY230519C00425000,425.0,normalDay
2023-03-30,11437.0,-890.0,0.0,100,403.7,415.0,0,0.0,0.0,,0.0,1,5.03,2.63,SPY230519C00425000,425.0,normalDay
2023-03-31,11437.0,-478.0,0.0,100,409.39,415.0,0,0.0,0.0,,0.0,1,5.03,4.2,SPY230519C00425000,425.0,normalDay
2023-04-03,11437.0,-329.0,0.0,100,410.95,415.0,0,0.0,0.0,,0.0,1,5.03,4.27,SPY230519C00425000,425.0,normalDay
2023-04-04,11437.0,-474.0,0.0,100,408.67,415.0,0,0.0,0.0,,0.0,1,5.03,3.44,SPY230519C00425000,425.0,normalDay
2023-04-05,11437.0,-535.0,0.0,100,407.6,415.0,0,0.0,0.0,,0.0,1,5.03,2.98,SPY230519C00425000,425.0,normalDay
2023-04-06,11437.0,-392.0,0.0,100,409.19,415.0,0,0.0,0.0,,0.0,1,5.03,3.14,SPY230519C00425000,425.0,normalDay
2023-04-10,11437.0,-348.0,0.0,100,409.61,415.0,0,0.0,0.0,,0.0,1,5.03,3.12,SPY230519C00425000,425.0,normalDay
2023-04-11,11437.0,-327.0,0.0,100,409.72,415.0,0,0.0,0.0,,0.0,1,5.03,3.02,SPY230519C00425000,425.0,normalDay
2023-04-12,11437.0,-412.0,0.0,100,408.05,415.0,0,0.0,0.0,,0.0,1,5.03,2.2,SPY230519C00425000,425.0,normalDay
2023-04-13,11437.0,2.0,0.0,100,413.47,415.0,0,0.0,0.0,,0.0,1,5.03,3.48,SPY230519C00425000,425.0,normalDay
2023-04-14,11437.0,-35.0,0.0,100,412.46,415.0,0,0.0,0.0,,0.0,1,5.03,2.84,SPY230519C00425000,425.0,normalDay
2023-04-17,11437.0,107.0,0.0,100,413.94,415.0,0,0.0,0.0,,0.0,1,5.03,2.9,SPY230519C00425000,425.0,normalDay
2023-04-18,11437.0,162.0,0.0,100,414.21,415.0,0,0.0,0.0,,0.0,1,5.03,2.62,SPY230519C00425000,425.0,normalDay
2023-04-19,11437.0,178.0,0.0,100,414.14,415.0,0,0.0,0.0,,0.0,1,5.03,2.39,SPY230519C00425000,425.0,normalDay
2023-04-20,11437.0,14.0,0.0,100,411.88,415.0,0,0.0,0.0,,0.0,1,5.03,1.77,SPY230519C00425000,425.0,normalDay
2023-04-21,11437.0,66.0,0.0,100,412.2,415.0,0,0.0,0.0,,0.0,1,5.03,1.57,SPY230519C00425000,425.0,normalDay
2023-04-24,11437.0,121.0,0.0,100,412.63,415.0,0,0.0,0.0,,0.0,1,5.03,1.45,SPY230519C00425000,425.0,normalDay
2023-04-25,11437.0,-460.0,0.0,100,406.08,415.0,0,0.0,0.0,,0.0,1,5.03,0.71,SPY230519C00425000,425.0,normalDay
2023-04-26,11437.0,-599.0,0.0,100,404.36,415.0,0,0.0,0.0,,0.0,1,5.03,0.38,SPY230519C00425000,425.0,normalDay
2023-04-27,11437.0,112.0,0.0,100,412.41,415.0,0,0.0,0.0,,0.0,1,5.03,1.32,SPY230519C00425000,425.0,normalDay
2023-04-28,11437.0,425.0,0.0,100,415.93,415.0,0,0.0,0.0,,0.0,1,5.03,1.71,SPY230519C00425000,425.0,normalDay
2023-05-01,11437.0,414.0,0.0,100,415.51,415.0,0,0.0,0.0,,0.0,1,5.03,1.4,SPY230519C00425000,425.0,normalDay
2023-05-02,11437.0,22.0,0.0,100,410.84,415.0,0,0.0,0.0,,0.0,1,5.03,0.65,SPY230519C00425000,425.0,normalDay
2023-05-03,11437.0,-238.0,0.0,100,408.02,415.0,0,0.0,0.0,,0.0,1,5.03,0.43,SPY230519C00425000,425.0,normalDay
2023-05-04,11437.0,-503.0,0.0,100,405.13,415.0,0,0.0,0.0,,0.0,1,5.03,0.19,SPY230519C00425000,425.0,normalDay
2023-05-05,11437.0,226.0,0.0,100,412.63,415.0,0,0.0,0.0,,0.0,1,5.03,0.4,SPY230519C00425000,425.0,normalDay
2023-05-08,11437.0,252.0,0.0,100,412.74,415.0,0,0.0,0.0,,0.0,1,5.03,0.25,SPY230519C00425000,425.0,normalDay
2023-05-09,11437.0,78.0,0.0,100,410.93,415.0,0,0.0,0.0,,0.0,1,5.03,0.18,SPY230519C00425000,425.0,normalDay
2023-05-10,11437.0,271.0,0.0,100,412.85,415.0,0,0.0,0.0,,0.0,1,5.03,0.17,SPY230519C00425000,425.0,normalDay
2023-05-11,11437.0,209.0,0.0,100,412.13,415.0,0,0.0,0.0,,0.0,1,5.03,0.07,SPY230519C00425000,425.0,normalDay
2023-05-12,11437.0,159.0,0.0,100,411.59,415.0,0,0.0,0.0,,0.0,1,5.03,0.03,SPY230519C00425000,425.0,normalDay
2023-05-15,11437.0,301.0,0.0,100,413.01,415.0,0,0.0,0.0,,0.0,1,5.03,0.03,SPY230519C00425000,425.0,normalDay
2023-05-16,11437.0,25.0,0.0,100,410.25,415.0,0,0.0,0.0,,0.0,1,5.03,0.03,SPY230519C00425000,425.0,normalDay
2023-05-17,11437.0,522.0,0.0,100,415.23,415.0,0,0.0,0.0,,0.0,1,5.03,0.04,SPY230519C00425000,425.0,normalDay
2023-05-18,11437.0,920.0,0.0,100,419.23,415.0,0,0.0,0.0,,0.0,1,5.03,0.06,SPY230519C00425000,425.0,normalDay
2023-05-19,11940.0,362.0,503.0,100,418.62,415.0,0,0.0,0.0,,0.0,1,5.03,0.0,SPY230519C00425000,425.0,expirationDay
2023-05-22,11940.0,373.0,0.0,100,418.79,415.0,0,0.0,0.0,,0.0,1,6.63,6.69,SPY230721C00426000,426.0,normalDay
2023-05-23,11940.0,99.0,0.0,100,414.09,415.0,0,0.0,0.0,,0.0,1,6.63,4.73,SPY230721C00426000,426.0,normalDay
2023-05-24,11940.0,-119.0,0.0,100,411.09,415.0,0,0.0,0.0,,0.0,1,6.63,3.91,SPY230721C00426000,426.0,normalDay
2023-05-25,11940.0,152.0,0.0,100,414.65,415.0,0,0.0,0.0,,0.0,1,6.63,4.76,SPY230721C00426000,426.0,normalDay
2023-05-26,11940.0,468.0,0.0,100,420.02,415.0,0,0.0,0.0,,0.0,1,6.63,6.97,SPY230721C00426000,426.0,normalDay
2023-05-30,11940.0,524.0,0.0,100,420.18,415.0,0,0.0,0.0,,0.0,1,6.63,6.57,SPY230721C00426000,426.0,normalDay
2023-05-31,11940.0,436.0,0.0,100,417.85,415.0,0,0.0,0.0,,0.0,1,6.63,5.12,SPY230721C00426000,426.0,normalDay
2023-06-01,11940.0,694.0,0.0,100,421.82,415.0,0,0.0,0.0,,0.0,1,6.63,6.51,SPY230721C00426000,426.0,normalDay
2023-06-02,11940.0,988.0,0.0,100,427.92,415.0,0,0.0,0.0,,0.0,1,6.63,9.67,SPY230721C00426000,426.0,normalDay
2023-06-05,11940.0,983.0,0.0,100,427.1,415.0,0,0.0,0.0,,0.0,1,6.63,8.9,SPY230721C00426000,426.0,normalDay
2023-06-06,11940.0,1053.0,0.0,100,428.03,415.0,0,0.0,0.0,,0.0,1,6.63,9.13,SPY230721C00426000,426.0,normalDay
2023-06-07,11940.0,1030.0,0.0,100,426.55,415.0,0,0.0,0.0,,0.0,1,6.63,7.88,SPY230721C00426000,426.0,normalDay
2023-06-08,11940.0,1161.0,0.0,100,429.13,415.0,0,0.0,0.0,,0.0,1,6.63,9.15,SPY230721C00426000,426.0,normalDay
2023-06-09,11940.0,1161.0,0.0,100,429.9,415.0,0,0.0,0.0,,0.0,1,6.63,9.92,SPY230721C00426000,426.0,normalDay
2023-06-12,11940.0,1282.0,0.0,100,433.8,415.0,0,0.0,0.0,,0.0,1,6.63,12.61,SPY230721C00426000,426.0,normalDay
2023-06-13,11940.0,1352.0,0.0,100,436.66,415.0,0,0.0,0.0,,0.0,1,6.63,14.77,SPY230721C00426000,426.0,normalDay
2023-06-14,11940.0,1366.0,0.0,100,437.18,415.0,0,0.0,0.0,,0.0,1,6.63,15.15,SPY230721C00426000,426.0,normalDay
2023-06-15,11940.0,1518.0,0.0,100,442.6,415.0,0,0.0,0.0,,0.0,1,6.63,19.05,SPY230721C00426000,426.0,normalDay
2023-06-16,11940.0,1281.0,0.0,100,439.46,415.0,0,0.0,0.0,,0.0,1,6.63,18.28,SPY230721C00426000,426.0,normalDay
2023-06-20,11940.0,1345.0,0.0,100,437.18,415.0,0,0.0,0.0,,0.0,1,6.63,15.36,SPY230721C00426000,426.0,normalDay
2023-06-21,11940.0,1284.0,0.0,100,434.94,415.0,0,0.0,0.0,,0.0,1,6.63,13.73,SPY230721C00426000,426.0,normalDay
2023-06-22,11940.0,1383.0,0.0,100,436.51,415.0,0,0.0,0.0,,0.0,1,6.63,14.31,SPY230721C00426000,426.0,normalDay
2023-06-23,11940.0,1306.0,0.0,100,433.21,415.0,0,0.0,0.0,,0.0,1,6.63,11.78,SPY230721C00426000,426.0,normalDay
2023-06-26,11940.0,1291.0,0.0,100,431.44,415.0,0,0.0,0.0,,0.0,1,6.63,10.16,SPY230721C00426000,426.0,normalDay
2023-06-27,11940.0,1434.0,0.0,100,436.17,415.0,0,0.0,0.0,,0.0,1,6.63,13.46,SPY230721C00426000,426.0,normalDay
2023-06-28,11940.0,1396.0,0.0,100,436.39,415.0,0,0.0,0.0,,0.0,1,6.63,14.06,SPY230721C00426000,426.0,normalDay
2023-06-29,11940.0,1479.0,0.0,100,438.11,415.0,0,0.0,0.0,,0.0,1,6.63,14.95,SPY230721C00426000,426.0,normalDay
2023-06-30,11940.0,1528.0,0.0,100,443.28,415.0,0,0.0,0.0,,0.0,1,6.63,19.63,SPY230721C00426000,426.0,normalDay
2023-07-03,11940.0,1535.0,0.0,100,443.79,415.0,0,0.0,0.0,,0.0,1,6.63,20.07,SPY230721C00426000,426.0,normalDay
2023-07-05,11940.0,1589.0,0.0,100,443.13,415.0,0,0.0,0.0,,0.0,1,6.63,18.87,SPY230721C00426000,426.0,normalDay
2023-07-06,11940.0,1557.0,0.0,100,439.66,415.0,0,0.0,0.0,,0.0,1,6.63,15.72,SPY230721C00426000,426.0,normalDay
2023-07-07,11940.0,1555.0,0.0,100,438.55,415.0,0,0.0,0.0,,0.0,1,6.63,14.63,SPY230721C00426000,426.0,normalDay
2023-07-10,11940.0,1599.0,0.0,100,439.66,415.0,0,0.0,0.0,,0.0,1,6.63,15.3,SPY230721C00426000,426.0,normalDay
2023-07-11,11940.0,1659.0,0.0,100,442.46,415.0,0,0.0,0.0,,0.0,1,6.63,17.5,SPY230721C00426000,426.0,normalDay
2023-07-12,11940.0,1643.0,0.0,100,446.02,415.0,0,0.0,0.0,,0.0,1,6.63,21.22,SPY230721C00426000,426.0,normalDay
2023-07-13,11940.0,1706.0,0.0,100,449.56,415.0,0,0.0,0.0,,0.0,1,6.63,24.13,SPY230721C00426000,426.0,normalDay
2023-07-14,11940.0,1736.0,0.0,100,449.28,415.0,0,0.0,0.0,,0.0,1,6.63,23.55,SPY230721C00426000,426.0,normalDay
2023-07-17,11940.0,1754.0,0.0,100,450.84,415.0,0,0.0,0.0,,0.0,1,6.63,24.93,SPY230721C00426000,426.0,normalDay
2023-07-18,11940.0,1737.0,0.0,100,454.19,415.0,0,0.0,0.0,,0.0,1,6.63,28.45,SPY230721C00426000,426.0,normalDay
2023-07-19,11940.0,1740.0,0.0,100,455.2,415.0,0,0.0,0.0,,0.0,1,6.63,29.43,SPY230721C00426000,426.0,normalDay
2023-07-20,11940.0,1715.0,0.0,100,452.18,415.0,0,0.0,0.0,,0.0,1,6.63,26.66,SPY230721C00426000,426.0,normalDay
2023-07-21,13703.0,1715.0,1763.0,0,452.18,0.0,0,0.0,0.0,,0.0,1,6.63,0.0,SPY230721C00426000,426.0,expirationDay
2023-07-24,13703.0,-3.0,0.0,0,454.2,0.0,1,0.23,0.26,SPY230811P00417000,417.0,0,0.0,0.0,,0.0,normalDay
2023-07-25,13703.0,0.0,0.0,0,455.44,0.0,1,0.23,0.23,SPY230811P00417000,417.0,0,0.0,0.0,,0.0,normalDay
2023-07-26,13703.0,6.0,0.0,0,455.51,0.0,1,0.23,0.17,SPY230811P00417000,417.0,0,0.0,0.0,,0.0,normalDay
2023-07-27,13703.0,-3.0,0.0,0,452.49,0.0,1,0.23,0.26,SPY230811P00417000,417.0,0,0.0,0.0,,0.0,normalDay
2023-07-28,13703.0,11.0,0.0,0,456.92,0.0,1,0.23,0.12,SPY230811P00417000,417.0,0,0.0,0.0,,0.0,normalDay
2023-07-31,13703.0,13.0,0.0,0,457.79,0.0,1,0.23,0.1,SPY230811P00417000,417.0,0,0.0,0.0,,0.0,normalDay
2023-08-01,13703.0,13.0,0.0,0,456.48,0.0,1,0.23,0.1,SPY230811P00417000,417.0,0,0.0,0.0,,0.0,normalDay
2023-08-02,13703.0,6.0,0.0,0,450.13,0.0,1,0.23,0.17,SPY230811P00417000,417.0,0,0.0,0.0,,0.0,normalDay
2023-08-03,13703.0,9.0,0.0,0,448.84,0.0,1,0.23,0.14,SPY230811P00417000,417.0,0,0.0,0.0,,0.0,normalDay
2023-08-04,13703.0,7.0,0.0,0,446.81,0.0,1,0.23,0.16,SPY230811P00417000,417.0,0,0.0,0.0,,0.0,normalDay
2023-08-07,13703.0,17.0,0.0,0,450.71,0.0,1,0.23,0.06,SPY230811P00417000,417.0,0,0.0,0.0,,0.0,normalDay
2023-08-08,13703.0,19.0,0.0,0,448.75,0.0,1,0.23,0.04,SPY230811P00417000,417.0,0,0.0,0.0,,0.0,normalDay
2023-08-09,13703.0,20.0,0.0,0,445.75,0.0,1,0.23,0.03,SPY230811P00417000,417.0,0,0.0,0.0,,0.0,normalDay
2023-08-10,13703.0,21.0,0.0,0,445.91,0.0,1,0.23,0.02,SPY230811P00417000,417.0,0,0.0,0.0,,0.0,normalDay
2023-08-11,13726.0,0.0,23.0,0,445.65,0.0,1,0.23,0.0,SPY230811P00417000,417.0,0,0.0,0.0,,0.0,expirationDay
2023-08-14,13726.0,-3.0,0.0,0,448.11,0.0,1,1.59,1.62,SPY230901P00436000,436.0,0,0.0,0.0,,0.0,normalDay
2023-08-15,13726.0,-134.0,0.0,0,442.89,0.0,1,1.59,2.93,SPY230901P00436000,436.0,0,0.0,0.0,,0.0,normalDay
2023-08-16,13726.0,-208.0,0.0,0,439.64,0.0,1,1.59,3.67,SPY230901P00436000,436.0,0,0.0,0.0,,0.0,normalDay
2023-08-17,13726.0,-355.0,0.0,0,436.29,0.0,1,1.59,5.14,SPY230901P00436000,436.0,0,0.0,0.0,,0.0,normalDay
2023-08-18,13726.0,-298.0,0.0,0,436.5,0.0,1,1.59,4.57,SPY230901P00436000,436.0,0,0.0,0.0,,0.0,normalDay
2023-08-21,13726.0,-158.0,0.0,0,439.34,0.0,1,1.59,3.17,SPY230901P00436000,436.0,0,0.0,0.0,,0.0,normalDay
2023-08-22,13726.0,-164.0,0.0,0,438.15,0.0,1,1.59,3.23,SPY230901P00436000,436.0,0,0.0,0.0,,0.0,normalDay
2023-08-23,13726.0,5.0,0.0,0,443.03,0.0,1,1.59,1.54,SPY230901P00436000,436.0,0,0.0,0.0,,0.0,normalDay
2023-08-24,13726.0,-170.0,0.0,0,436.89,0.0,1,1.59,3.29,SPY230901P00436000,436.0,0,0.0,0.0,,0.0,normalDay
2023-08-25,13726.0,3.0,0.0,0,439.97,0.0,1,1.59,1.56,SPY230901P00436000,436.0,0,0.0,0.0,,0.0,normalDay
2023-08-28,13726.0,100.0,0.0,0,442.76,0.0,1,1.59,0.59,SPY230901P00436000,436.0,0,0.0,0.0,,0.0,normalDay
2023-08-29,13726.0,146.0,0.0,0,449.16,0.0,1,1.59,0.13,SPY230901P00436000,436.0,0,0.0,0.0,,0.0,normalDay
2023-08-30,13726.0,153.0,0.0,0,451.01,0.0,1,1.59,0.06,SPY230901P00436000,436.0,0,0.0,0.0,,0.0,normalDay
2023-08-31,13726.0,156.0,0.0,0,450.35,0.0,1,1.59,0.03,SPY230901P00436000,436.0,0,0.0,0.0,,0.0,normalDay
2023-09-01,13885.0,0.0,159.0,0,451.19,0.0,1,1.59,0.0,SPY230901P00436000,436.0,0,0.0,0.0,,0.0,expirationDay
2023-09-05,13885.0,-3.0,0.0,0,449.24,0.0,1,0.48,0.51,SPY230922P00423000,423.0,0,0.0,0.0,,0.0,normalDay
2023-09-06,13885.0,-15.0,0.0,0,446.22,0.0,1,0.48,0.63,SPY230922P00423000,423.0,0,0.0,0.0,,0.0,normalDay
2023-09-07,13885.0,-12.0,0.0,0,444.85,0.0,1,0.48,0.6,SPY230922P00423000,423.0,0,0.0,0.0,,0.0,normalDay
2023-09-08,13885.0,7.0,0.0,0,445.52,0.0,1,0.48,0.41,SPY230922P00423000,423.0,0,0.0,0.0,,0.0,normalDay
2023-09-11,13885.0,24.0,0.0,0,448.45,0.0,1,0.48,0.24,SPY230922P00423000,423.0,0,0.0,0.0,,0.0,normalDay
2023-09-12,13885.0,20.0,0.0,0,445.99,0.0,1,0.48,0.28,SPY230922P00423000,423.0,0,0.0,0.0,,0.0,normalDay
2023-09-13,13885.0,33.0,0.0,0,446.51,0.0,1,0.48,0.15,SPY230922P00423000,423.0,0,0.0,0.0,,0.0,normalDay
2023-09-14,13885.0,37.0,0.0,0,450.36,0.0,1,0.48,0.11,SPY230922P00423000,423.0,0,0.0,0.0,,0.0,normalDay
2023-09-15,13885.0,37.0,0.0,0,443.37,0.0,1,0.48,0.11,SPY230922P00423000,423.0,0,0.0,0.0,,0.0,normalDay
2023-09-18,13885.0,42.0,0.0,0,443.63,0.0,1,0.48,0.06,SPY230922P00423000,423.0,0,0.0,0.0,,0.0,normalDay
2023-09-19,13885.0,42.0,0.0,0,442.71,0.0,1,0.48,0.06,SPY230922P00423000,423.0,0,0.0,0.0,,0.0,normalDay
2023-09-20,13885.0,43.0,0.0,0,438.64,0.0,1,0.48,0.05,SPY230922P00423000,423.0,0,0.0,0.0,,0.0,normalDay
2023-09-21,13885.0,33.0,0.0,0,431.39,0.0,1,0.48,0.15,SPY230922P00423000,423.0,0,0.0,0.0,,0.0,normalDay
2023-09-22,13933.0,0.0,48.0,0,430.42,0.0,1,0.48,0.0,SPY230922P00423000,423.0,0,0.0,0.0,,0.0,expirationDay
2023-09-25,13933.0,-4.0,0.0,0,432.23,0.0,1,1.73,1.77,SPY231013P00418000,418.0,0,0.0,0.0,,0.0,normalDay
2023-09-26,13933.0,-150.0,0.0,0,425.88,0.0,1,1.73,3.23,SPY231013P00418000,418.0,0,0.0,0.0,,0.0,normalDay
2023-09-27,13933.0,-111.0,0.0,0,426.05,0.0,1,1.73,2.84,SPY231013P00418000,418.0,0,0.0,0.0,,0.0,normalDay
2023-09-28,13933.0,-37.0,0.0,0,428.52,0.0,1,1.73,2.1,SPY231013P00418000,418.0,0,0.0,0.0,,0.0,normalDay
2023-09-29,13933.0,-35.0,0.0,0,427.48,0.0,1,1.73,2.08,SPY231013P00418000,418.0,0,0.0,0.0,,0.0,normalDay
2023-10-02,13933.0,1.0,0.0,0,427.31,0.0,1,1.73,1.72,SPY231013P00418000,418.0,0,0.0,0.0,,0.0,normalDay
2023-10-03,13933.0,-160.0,0.0,0,421.59,0.0,1,1.73,3.33,SPY231013P00418000,418.0,0,0.0,0.0,,0.0,normalDay
2023-10-04,13933.0,-37.0,0.0,0,424.66,0.0,1,1.73,2.1,SPY231013P00418000,418.0,0,0.0,0.0,,0.0,normalDay
2023-10-05,13933.0,-29.0,0.0,0,424.5,0.0,1,1.73,2.02,SPY231013P00418000,418.0,0,0.0,0.0,,0.0,normalDay
2023-10-06,13933.0,119.0,0.0,0,429.54,0.0,1,1.73,0.54,SPY231013P00418000,418.0,0,0.0,0.0,,0.0,normalDay
2023-10-09,13933.0,141.0,0.0,0,432.29,0.0,1,1.73,0.32,SPY231013P00418000,418.0,0,0.0,0.0,,0.0,normalDay
2023-10-10,13933.0,155.0,0.0,0,434.54,0.0,1,1.73,0.18,SPY231013P00418000,418.0,0,0.0,0.0,,0.0,normalDay
2023-10-11,13933.0,167.0,0.0,0,436.32,0.0,1,1.73,0.06,SPY231013P00418000,418.0,0,0.0,0.0,,0.0,normalDay
2023-10-12,13933.0,169.0,0.0,0,433.66,0.0,1,1.73,0.04,SPY231013P00418000,418.0,0,0.0,0.0,,0.0,normalDay
2023-10-13,14106.0,0.0,173.0,0,431.5,0.0,1,1.73,0.0,SPY231013P00418000,418.0,0,0.0,0.0,,0.0,expirationDay
2023-10-16,14106.0,-3.0,0.0,0,436.04,0.0,1,0.77,0.8,SPY231103P00410000,410.0,0,0.0,0.0,,0.0,normalDay
2023-10-17,14106.0,-7.0,0.0,0,436.02,0.0,1,0.77,0.84,SPY231103P00410000,410.0,0,0.0,0.0,,0.0,normalDay
2023-10-18,14106.0,-51.0,0.0,0,430.21,0.0,1,0.77,1.28,SPY231103P00410000,410.0,0,0.0,0.0,,0.0,normalDay
2023-10-19,14106.0,-136.0,0.0,0,426.43,0.0,1,0.77,2.13,SPY231103P00410000,410.0,0,0.0,0.0,,0.0,normalDay
2023-10-20,14106.0,-180.0,0.0,0,421.19,0.0,1,0.77,2.57,SPY231103P00410000,410.0,0,0.0,0.0,,0.0,normalDay
2023-10-23,14106.0,-123.0,0.0,0,420.46,0.0,1,0.77,2.0,SPY231103P00410000,410.0,0,0.0,0.0,,0.0,normalDay
2023-10-24,14106.0,-41.0,0.0,0,423.63,0.0,1,0.77,1.18,SPY231103P00410000,410.0,0,0.0,0.0,,0.0,normalDay
2023-10-25,14106.0,-150.0,0.0,0,417.55,0.0,1,0.77,2.27,SPY231103P00410000,410.0,0,0.0,0.0,,0.0,normalDay
2023-10-26,14106.0,-269.0,0.0,0,412.55,0.0,1,0.77,3.46,SPY231103P00410000,410.0,0,0.0,0.0,,0.0,normalDay
2023-10-27,14106.0,-338.0,0.0,0,410.68,0.0,1,0.77,4.15,SPY231103P00410000,410.0,0,0.0,0.0,,0.0,normalDay
2023-10-30,14106.0,-95.0,0.0,0,415.59,0.0,1,0.77,1.72,SPY231103P00410000,410.0,0,0.0,0.0,,0.0,normalDay
2023-10-31,14106.0,0.0,0.0,0,418.2,0.0,1,0.77,0.77,SPY231103P00410000,410.0,0,0.0,0.0,,0.0,normalDay
2023-11-01,14106.0,67.0,0.0,0,422.66,0.0,1,0.77,0.1,SPY231103P00410000,410.0,0,0.0,0.0,,0.0,normalDay
2023-11-02,14106.0,74.0,0.0,0,430.76,0.0,1,0.77,0.03,SPY231103P00410000,410.0,0,0.0,0.0,,0.0,normalDay
2023-11-03,14183.0,0.0,77.0,0,434.69,0.0,1,0.77,0.0,SPY231103P00410000,410.0,0,0.0,0.0,,0.0,expirationDay
2023-11-06,14183.0,-3.0,0.0,0,435.69,0.0,1,0.17,0.2,SPY231124P00392000,392.0,0,0.0,0.0,,0.0,normalDay
2023-11-07,14183.0,-1.0,0.0,0,436.93,0.0,1,0.17,0.18,SPY231124P00392000,392.0,0,0.0,0.0,,0.0,normalDay
2023-11-08,14183.0,1.0,0.0,0,437.25,0.0,1,0.17,0.16,SPY231124P00392000,392.0,0,0.0,0.0,,0.0,normalDay
2023-11-09,14183.0,-1.0,0.0,0,433.84,0.0,1,0.17,0.18,SPY231124P00392000,392.0,0,0.0,0.0,,0.0,normalDay
2023-11-10,14183.0,5.0,0.0,0,440.61,0.0,1,0.17,0.12,SPY231124P00392000,392.0,0,0.0,0.0,,0.0,normalDay
2023-11-13,14183.0,9.0,0.0,0,440.19,0.0,1,0.17,0.08,SPY231124P00392000,392.0,0,0.0,0.0,,0.0,normalDay
2023-11-14,14183.0,10.0,0.0,0,448.73,0.0,1,0.17,0.07,SPY231124P00392000,392.0,0,0.0,0.0,,0.0,normalDay
2023-11-15,14183.0,11.0,0.0,0,449.68,0.0,1,0.17,0.06,SPY231124P00392000,392.0,0,0.0,0.0,,0.0,normalDay
2023-11-16,14183.0,12.0,0.0,0,450.23,0.0,1,0.17,0.05,SPY231124P00392000,392.0,0,0.0,0.0,,0.0,normalDay
2023-11-17,14183.0,14.0,0.0,0,450.79,0.0,1,0.17,0.03,SPY231124P00392000,392.0,0,0.0,0.0,,0.0,normalDay
2023-11-20,14183.0,15.0,0.0,0,454.26,0.0,1,0.17,0.02,SPY231124P00392000,392.0,0,0.0,0.0,,0.0,normalDay
2023-11-21,14183.0,16.0,0.0,0,453.27,0.0,1,0.17,0.01,SPY231124P00392000,392.0,0,0.0,0.0,,0.0,normalDay
2023-11-22,14183.0,16.0,0.0,0,455.02,0.0,1,0.17,0.01,SPY231124P00392000,392.0,0,0.0,0.0,,0.0,normalDay
2023-11-24,14200.0,0.0,17.0,0,455.3,0.0,1,0.17,0.0,SPY231124P00392000,392.0,0,0.0,0.0,,0.0,expirationDay
2023-11-27,14200.0,-3.0,0.0,0,454.48,0.0,1,0.09,0.12,SPY231215P00391000,391.0,0,0.0,0.0,,0.0,normalDay
2023-11-28,14200.0,-2.0,0.0,0,454.93,0.0,1,0.09,0.11,SPY231215P00391000,391.0,0,0.0,0.0,,0.0,normalDay
2023-11-29,14200.0,-2.0,0.0,0,454.61,0.0,1,0.09,0.11,SPY231215P00391000,391.0,0,0.0,0.0,,0.0,normalDay
2023-11-30,14200.0,-1.0,0.0,0,456.4,0.0,1,0.09,0.1,SPY231215P00391000,391.0,0,0.0,0.0,,0.0,normalDay
