date,totalCapital,unrializedPnL,rializedPnL,stocksOwned,stocksPriceToday,stocksPriceBoughtAt,putOwned,putOwnedSoldAt,putPriceToday,putOwnedContract,putOwnedStrike,callOwned,callOwnedSoldAt,callPriceToday,callOwnedContract,callOwnedStrike,trackType
2018-11-01,0.0,-6.0,0.0,0,273.51,0.0,1,1.97,2.03,SPY181119P00266000,266.0,0,0.0,0.0,,0.0,normalDay
2018-11-02,0.0,-29.0,0.0,0,271.89,0.0,1,1.97,2.26,SPY181119P00266000,266.0,0,0.0,0.0,,0.0,normalDay
2018-11-05,0.0,33.0,0.0,0,273.39,0.0,1,1.97,1.64,SPY181119P00266000,266.0,0,0.0,0.0,,0.0,normalDay
2018-11-06,0.0,71.0,0.0,0,275.12,0.0,1,1.97,1.26,SPY181119P00266000,266.0,0,0.0,0.0,,0.0,normalDay
2018-11-07,0.0,168.0,0.0,0,281.01,0.0,1,1.97,0.29,SPY181119P00266000,266.0,0,0.0,0.0,,0.0,normalDay
2018-11-08,0.0,168.0,0.0,0,280.5,0.0,1,1.97,0.29,SPY181119P00266000,266.0,0,0.0,0.0,,0.0,normalDay
2018-11-09,0.0,160.0,0.0,0,277.76,0.0,1,1.97,0.37,SPY181119P00266000,266.0,0,0.0,0.0,,0.0,normalDay
2018-11-12,0.0,94.0,0.0,0,272.57,0.0,1,1.97,1.03,SPY181119P00266000,266.0,0,0.0,0.0,,0.0,normalDay
2018-11-13,0.0,108.0,0.0,0,272.06,0.0,1,1.97,0.89,SPY181119P00266000,266.0,0,0.0,0.0,,0.0,normalDay
2018-11-14,0.0,66.0,0.0,0,270.2,0.0,1,1.97,1.31,SPY181119P00266000,266.0,0,0.0,0.0,,0.0,normalDay
2018-11-15,0.0,163.0,0.0,0,273.02,0.0,1,1.97,0.34,SPY181119P00266000,266.0,0,0.0,0.0,,0.0,normalDay
2018-11-16,0.0,191.0,0.0,0,273.73,0.0,1,1.97,0.06,SPY181119P00266000,266.0,0,0.0,0.0,,0.0,normalDay
2018-11-19,197.0,0.0,197.0,0,269.1,0.0,1,1.97,0.0,SPY181119P00266000,266.0,0,0.0,0.0,,0.0,expirationDay
2018-11-20,197.0,-7.0,0.0,0,264.12,0.0,1,5.18,5.25,SPY181207P00265000,265.0,0,0.0,0.0,,0.0,normalDay
2018-11-21,197.0,100.0,0.0,0,265.02,0.0,1,5.18,4.18,SPY181207P00265000,265.0,0,0.0,0.0,,0.0,normalDay
2018-11-23,197.0,11.0,0.0,0,263.25,0.0,1,5.18,5.07,SPY181207P00265000,265.0,0,0.0,0.0,,0.0,normalDay
2018-11-26,197.0,288.0,0.0,0,267.5,0.0,1,5.18,2.3,SPY181207P00265000,265.0,0,0.0,0.0,,0.0,normalDay
2018-11-27,197.0,294.0,0.0,0,268.4,0.0,1,5.18,2.24,SPY181207P00265000,265.0,0,0.0,0.0,,0.0,normalDay
2018-11-28,197.0,428.0,0.0,0,274.58,0.0,1,5.18,0.9,SPY181207P00265000,265.0,0,0.0,0.0,,0.0,normalDay
2018-11-29,197.0,423.0,0.0,0,273.98,0.0,1,5.18,0.95,SPY181207P00265000,265.0,0,0.0,0.0,,0.0,normalDay
2018-11-30,197.0,458.0,0.0,0,275.65,0.0,1,5.18,0.6,SPY181207P00265000,265.0,0,0.0,0.0,,0.0,normalDay
2018-12-03,197.0,512.0,0.0,0,279.3,0.0,1,5.18,0.06,SPY181207P00265000,265.0,0,0.0,0.0,,0.0,normalDay
2018-12-04,197.0,427.0,0.0,0,270.25,0.0,1,5.18,0.91,SPY181207P00265000,265.0,0,0.0,0.0,,0.0,normalDay
2018-12-06,197.0,488.0,0.0,0,269.84,0.0,1,5.18,0.3,SPY181207P00265000,265.0,0,0.0,0.0,,0.0,normalDay
2018-12-07,715.0,-143.0,518.0,100,263.57,265.0,1,5.18,0.0,SPY181207P00265000,265.0,0,0.0,0.0,,0.0,expirationDay
2018-12-10,715.0,-104.0,0.0,100,264.07,265.0,0,0.0,0.0,,0.0,1,4.78,4.89,SPY190329C00277000,277.0,normalDay
2018-12-11,715.0,-86.0,0.0,100,264.13,265.0,0,0.0,0.0,,0.0,1,4.78,4.77,SPY190329C00277000,277.0,normalDay
2018-12-12,715.0,18.0,0.0,100,265.46,265.0,0,0.0,0.0,,0.0,1,4.78,5.06,SPY190329C00277000,277.0,normalDay
2018-12-13,715.0,25.0,0.0,100,265.37,265.0,0,0.0,0.0,,0.0,1,4.78,4.9,SPY190329C00277000,277.0,normalDay
2018-12-14,715.0,-335.0,0.0,100,260.47,265.0,0,0.0,0.0,,0.0,1,4.78,3.6,SPY190329C00277000,277.0,normalDay
2018-12-17,715.0,-739.0,0.0,100,255.36,265.0,0,0.0,0.0,,0.0,1,4.78,2.53,SPY190329C00277000,277.0,normalDay
2018-12-18,715.0,-754.0,0.0,100,255.08,265.0,0,0.0,0.0,,0.0,1,4.78,2.4,SPY190329C00277000,277.0,normalDay
2018-12-19,715.0,-1054.0,0.0,100,251.26,265.0,0,0.0,0.0,,0.0,1,4.78,1.58,SPY190329C00277000,277.0,normalDay
2018-12-20,715.0,-1443.0,0.0,100,247.17,265.0,0,0.0,0.0,,0.0,1,4.78,1.38,SPY190329C00277000,277.0,normalDay
2018-12-21,715.0,-2033.0,0.0,100,240.7,265.0,0,0.0,0.0,,0.0,1,4.78,0.81,SPY190329C00277000,277.0,normalDay
2018-12-24,715.0,-2640.0,0.0,100,234.34,265.0,0,0.0,0.0,,0.0,1,4.78,0.52,SPY190329C00277000,277.0,normalDay
2018-12-26,715.0,-1528.0,0.0,100,246.18,265.0,0,0.0,0.0,,0.0,1,4.78,1.24,SPY190329C00277000,277.0,normalDay
2018-12-27,715.0,-1379.0,0.0,100,248.07,265.0,0,0.0,0.0,,0.0,1,4.78,1.64,SPY190329C00277000,277.0,normalDay
2018-12-28,715.0,-1387.0,0.0,100,247.75,265.0,0,0.0,0.0,,0.0,1,4.78,1.4,SPY190329C00277000,277.0,normalDay
2018-12-31,715.0,-1154.0,0.0,100,249.92,265.0,0,0.0,0.0,,0.0,1,4.78,1.24,SPY190329C00277000,277.0,normalDay
2019-01-02,715.0,-1108.0,0.0,100,250.18,265.0,0,0.0,0.0,,0.0,1,4.78,1.04,SPY190329C00277000,277.0,normalDay
2019-01-03,715.0,-1662.0,0.0,100,244.21,265.0,0,0.0,0.0,,0.0,1,4.78,0.61,SPY190329C00277000,277.0,normalDay
2019-01-04,715.0,-900.0,0.0,100,252.39,265.0,0,0.0,0.0,,0.0,1,4.78,1.17,SPY190329C00277000,277.0,normalDay
2019-01-07,715.0,-710.0,0.0,100,254.38,265.0,0,0.0,0.0,,0.0,1,4.78,1.26,SPY190329C00277000,277.0,normalDay
2019-01-08,715.0,-491.0,0.0,100,256.77,265.0,0,0.0,0.0,,0.0,1,4.78,1.46,SPY190329C00277000,277.0,normalDay
2019-01-09,715.0,-372.0,0.0,100,257.97,265.0,0,0.0,0.0,,0.0,1,4.78,1.47,SPY190329C00277000,277.0,normalDay
2019-01-10,715.0,-288.0,0.0,100,258.88,265.0,0,0.0,0.0,,0.0,1,4.78,1.54,SPY190329C00277000,277.0,normalDay
2019-01-11,715.0,-251.0,0.0,100,258.98,265.0,0,0.0,0.0,,0.0,1,4.78,1.27,SPY190329C00277000,277.0,normalDay
2019-01-14,715.0,-375.0,0.0,100,257.4,265.0,0,0.0,0.0,,0.0,1,4.78,0.93,SPY190329C00277000,277.0,normalDay
2019-01-15,715.0,-102.0,0.0,100,260.35,265.0,0,0.0,0.0,,0.0,1,4.78,1.15,SPY190329C00277000,277.0,normalDay
2019-01-16,715.0,-49.0,0.0,100,260.98,265.0,0,0.0,0.0,,0.0,1,4.78,1.25,SPY190329C00277000,277.0,normalDay
2019-01-17,715.0,114.0,0.0,100,262.96,265.0,0,0.0,0.0,,0.0,1,4.78,1.6,SPY190329C00277000,277.0,normalDay
2019-01-18,715.0,369.0,0.0,100,266.46,265.0,0,0.0,0.0,,0.0,1,4.78,2.55,SPY190329C00277000,277.0,normalDay
2019-01-22,715.0,81.0,0.0,100,262.86,265.0,0,0.0,0.0,,0.0,1,4.78,1.83,SPY190329C00277000,277.0,normalDay
2019-01-23,715.0,141.0,0.0,100,263.41,265.0,0,0.0,0.0,,0.0,1,4.78,1.78,SPY190329C00277000,277.0,normalDay
2019-01-24,715.0,188.0,0.0,100,263.55,265.0,0,0.0,0.0,,0.0,1,4.78,1.45,SPY190329C00277000,277.0,normalDay
2019-01-25,715.0,351.0,0.0,100,265.78,265.0,0,0.0,0.0,,0.0,1,4.78,2.05,SPY190329C00277000,277.0,normalDay
2019-01-28,715.0,197.0,0.0,100,263.76,265.0,0,0.0,0.0,,0.0,1,4.78,1.57,SPY190329C00277000,277.0,normalDay
2019-01-29,715.0,175.0,0.0,100,263.41,265.0,0,0.0,0.0,,0.0,1,4.78,1.44,SPY190329C00277000,277.0,normalDay
2019-01-30,715.0,509.0,0.0,100,267.58,265.0,0,0.0,0.0,,0.0,1,4.78,2.27,SPY190329C00277000,277.0,normalDay
2019-01-31,715.0,675.0,0.0,100,269.93,265.0,0,0.0,0.0,,0.0,1,4.78,2.96,SPY190329C00277000,277.0,normalDay
2019-02-01,715.0,715.0,0.0,100,270.06,265.0,0,0.0,0.0,,0.0,1,4.78,2.69,SPY190329C00277000,277.0,normalDay
2019-02-04,715.0,866.0,0.0,100,271.96,265.0,0,0.0,0.0,,0.0,1,4.78,3.08,SPY190329C00277000,277.0,normalDay
2019-02-05,715.0,942.0,0.0,100,273.1,265.0,0,0.0,0.0,,0.0,1,4.78,3.46,SPY190329C00277000,277.0,normalDay
2019-02-06,715.0,932.0,0.0,100,272.74,265.0,0,0.0,0.0,,0.0,1,4.78,3.2,SPY190329C00277000,277.0,normalDay
2019-02-07,715.0,758.0,0.0,100,270.14,265.0,0,0.0,0.0,,0.0,1,4.78,2.34,SPY190329C00277000,277.0,normalDay
2019-02-08,715.0,806.0,0.0,100,270.47,265.0,0,0.0,0.0,,0.0,1,4.78,2.19,SPY190329C00277000,277.0,normalDay
2019-02-11,715.0,824.0,0.0,100,270.62,265.0,0,0.0,0.0,,0.0,1,4.78,2.16,SPY190329C00277000,277.0,normalDay
2019-02-12,715.0,1032.0,0.0,100,274.1,265.0,0,0.0,0.0,,0.0,1,4.78,3.56,SPY190329C00277000,277.0,normalDay
2019-02-13,715.0,1090.0,0.0,100,274.99,265.0,0,0.0,0.0,,0.0,1,4.78,3.87,SPY190329C00277000,277.0,normalDay
2019-02-14,715.0,1056.0,0.0,100,274.38,265.0,0,0.0,0.0,,0.0,1,4.78,3.6,SPY190329C00277000,277.0,normalDay
2019-02-15,715.0,1225.0,0.0,100,277.37,265.0,0,0.0,0.0,,0.0,1,4.78,4.9,SPY190329C00277000,277.0,normalDay
2019-02-19,715.0,1289.0,0.0,100,277.85,265.0,0,0.0,0.0,,0.0,1,4.78,4.74,SPY190329C00277000,277.0,normalDay
2019-02-20,715.0,1320.0,0.0,100,278.41,265.0,0,0.0,0.0,,0.0,1,4.78,4.99,SPY190329C00277000,277.0,normalDay
2019-02-21,715.0,1279.0,0.0,100,277.42,265.0,0,0.0,0.0,,0.0,1,4.78,4.41,SPY190329C00277000,277.0,normalDay
2019-02-22,715.0,1376.0,0.0,100,279.14,265.0,0,0.0,0.0,,0.0,1,4.78,5.16,SPY190329C00277000,277.0,normalDay
2019-02-25,715.0,1381.0,0.0,100,279.52,265.0,0,0.0,0.0,,0.0,1,4.78,5.49,SPY190329C00277000,277.0,normalDay
2019-02-26,715.0,1385.0,0.0,100,279.32,265.0,0,0.0,0.0,,0.0,1,4.78,5.25,SPY190329C00277000,277.0,normalDay
2019-02-27,715.0,1383.0,0.0,100,279.2,265.0,0,0.0,0.0,,0.0,1,4.78,5.15,SPY190329C00277000,277.0,normalDay
2019-02-28,715.0,1390.0,0.0,100,278.68,265.0,0,0.0,0.0,,0.0,1,4.78,4.56,SPY190329C00277000,277.0,normalDay
2019-03-01,715.0,1478.0,0.0,100,280.42,265.0,0,0.0,0.0,,0.0,1,4.78,5.42,SPY190329C00277000,277.0,normalDay
2019-03-04,715.0,1454.0,0.0,100,279.4,265.0,0,0.0,0.0,,0.0,1,4.78,4.64,SPY190329C00277000,277.0,normalDay
2019-03-05,715.0,1444.0,0.0,100,279.02,265.0,0,0.0,0.0,,0.0,1,4.78,4.36,SPY190329C00277000,277.0,normalDay
2019-03-06,715.0,1365.0,0.0,100,277.33,265.0,0,0.0,0.0,,0.0,1,4.78,3.46,SPY190329C00277000,277.0,normalDay
2019-03-07,715.0,1237.0,0.0,100,275.01,265.0,0,0.0,0.0,,0.0,1,4.78,2.42,SPY190329C00277000,277.0,normalDay
2019-03-08,715.0,1229.0,0.0,100,274.46,265.0,0,0.0,0.0,,0.0,1,4.78,1.95,SPY190329C00277000,277.0,normalDay
2019-03-11,715.0,1487.0,0.0,100,278.44,265.0,0,0.0,0.0,,0.0,1,4.78,3.35,SPY190329C00277000,277.0,normalDay
2019-03-12,715.0,1557.0,0.0,100,279.49,265.0,0,0.0,0.0,,0.0,1,4.78,3.7,SPY190329C00277000,277.0,normalDay
2019-03-13,715.0,1594.0,0.0,100,281.34,265.0,0,0.0,0.0,,0.0,1,4.78,5.18,SPY190329C00277000,277.0,normalDay
2019-03-14,715.0,1629.0,0.0,100,281.16,265.0,0,0.0,0.0,,0.0,1,4.78,4.65,SPY190329C00277000,277.0,normalDay
2019-03-15,715.0,1558.0,0.0,100,281.31,265.0,0,0.0,0.0,,0.0,1,4.78,5.51,SPY190329C00277000,277.0,normalDay
2019-03-18,715.0,1557.0,0.0,100,282.33,265.0,0,0.0,0.0,,0.0,1,4.78,6.54,SPY190329C00277000,277.0,normalDay
2019-03-19,715.0,1593.0,0.0,100,282.4,265.0,0,0.0,0.0,,0.0,1,4.78,6.25,SPY190329C00277000,277.0,normalDay
2019-03-20,715.0,1595.0,0.0,100,281.55,265.0,0,0.0,0.0,,0.0,1,4.78,5.38,SPY190329C00277000,277.0,normalDay
2019-03-21,715.0,1635.0,0.0,100,284.73,265.0,0,0.0,0.0,,0.0,1,4.78,8.16,SPY190329C00277000,277.0,normalDay
2019-03-22,715.0,1452.0,0.0,100,279.25,265.0,0,0.0,0.0,,0.0,1,4.78,4.51,SPY190329C00277000,277.0,normalDay
2019-03-25,715.0,1536.0,0.0,100,279.04,265.0,0,0.0,0.0,,0.0,1,4.78,3.46,SPY190329C00277000,277.0,normalDay
2019-03-26,715.0,1640.0,0.0,100,281.12,265.0,0,0.0,0.0,,0.0,1,4.78,4.5,SPY190329C00277000,277.0,normalDay
2019-03-27,715.0,1606.0,0.0,100,279.65,265.0,0,0.0,0.0,,0.0,1,4.78,3.37,SPY190329C00277000,277.0,normalDay
2019-03-28,715.0,1639.0,0.0,100,280.71,265.0,0,0.0,0.0,,0.0,1,4.78,4.1,SPY190329C00277000,277.0,normalDay
2019-03-29,2393.0,1639.0,1678.0,0,282.48,0.0,0,0.0,0.0,,0.0,1,4.78,0.0,SPY190329C00277000,277.0,expirationDay
2019-04-01,2393.0,-3.0,0.0,0,285.83,0.0,1,0.68,0.71,SPY190418P00277000,277.0,0,0.0,0.0,,0.0,normalDay
2019-04-02,2393.0,8.0,0.0,0,285.97,0.0,1,0.68,0.6,SPY190418P00277000,277.0,0,0.0,0.0,,0.0,normalDay
2019-04-03,2393.0,15.0,0.0,0,286.42,0.0,1,0.68,0.53,SPY190418P00277000,277.0,0,0.0,0.0,,0.0,normalDay
2019-04-04,2393.0,27.0,0.0,0,287.18,0.0,1,0.68,0.41,SPY190418P00277000,277.0,0,0.0,0.0,,0.0,normalDay
2019-04-05,2393.0,45.0,0.0,0,288.57,0.0,1,0.68,0.23,SPY190418P00277000,277.0,0,0.0,0.0,,0.0,normalDay
2019-04-08,2393.0,50.0,0.0,0,288.79,0.0,1,0.68,0.18,SPY190418P00277000,277.0,0,0.0,0.0,,0.0,normalDay
2019-04-09,2393.0,42.0,0.0,0,287.31,0.0,1,0.68,0.26,SPY190418P00277000,277.0,0,0.0,0.0,,0.0,normalDay
2019-04-10,2393.0,55.0,0.0,0,288.29,0.0,1,0.68,0.13,SPY190418P00277000,277.0,0,0.0,0.0,,0.0,normalDay
2019-04-11,2393.0,59.0,0.0,0,288.21,0.0,1,0.68,0.09,SPY190418P00277000,277.0,0,0.0,0.0,,0.0,normalDay
2019-04-12,2393.0,64.0,0.0,0,290.16,0.0,1,0.68,0.04,SPY190418P00277000,277.0,0,0.0,0.0,,0.0,normalDay
2019-04-15,2393.0,65.0,0.0,0,289.97,0.0,1,0.68,0.03,SPY190418P00277000,277.0,0,0.0,0.0,,0.0,normalDay
2019-04-16,2393.0,66.0,0.0,0,290.16,0.0,1,0.68,0.02,SPY190418P00277000,277.0,0,0.0,0.0,,0.0,normalDay
2019-04-17,2393.0,66.0,0.0,0,289.45,0.0,1,0.68,0.02,SPY190418P00277000,277.0,0,0.0,0.0,,0.0,normalDay
2019-04-18,2461.0,0.0,68.0,0,290.02,0.0,1,0.68,0.0,SPY190418P00277000,277.0,0,0.0,0.0,,0.0,expirationDay
2019-04-22,2461.0,-3.0,0.0,0,290.27,0.0,1,0.68,0.71,SPY190510P00282000,282.0,0,0.0,0.0,,0.0,normalDay
2019-04-23,2461.0,16.0,0.0,0,292.88,0.0,1,0.68,0.52,SPY190510P00282000,282.0,0,0.0,0.0,,0.0,normalDay
2019-04-24,2461.0,9.0,0.0,0,292.23,0.0,1,0.68,0.59,SPY190510P00282000,282.0,0,0.0,0.0,,0.0,normalDay
2019-04-25,2461.0,12.0,0.0,0,292.05,0.0,1,0.68,0.56,SPY190510P00282000,282.0,0,0.0,0.0,,0.0,normalDay
2019-04-26,2461.0,27.0,0.0,0,293.41,0.0,1,0.68,0.41,SPY190510P00282000,282.0,0,0.0,0.0,,0.0,normalDay
2019-04-29,2461.0,36.0,0.0,0,293.87,0.0,1,0.68,0.32,SPY190510P00282000,282.0,0,0.0,0.0,,0.0,normalDay
2019-04-30,2461.0,39.0,0.0,0,294.02,0.0,1,0.68,0.29,SPY190510P00282000,282.0,0,0.0,0.0,,0.0,normalDay
2019-05-01,2461.0,21.0,0.0,0,291.81,0.0,1,0.68,0.47,SPY190510P00282000,282.0,0,0.0,0.0,,0.0,normalDay
2019-05-02,2461.0,29.0,0.0,0,291.18,0.0,1,0.68,0.39,SPY190510P00282000,282.0,0,0.0,0.0,,0.0,normalDay
2019-05-03,2461.0,57.0,0.0,0,294.03,0.0,1,0.68,0.11,SPY190510P00282000,282.0,0,0.0,0.0,,0.0,normalDay
2019-05-06,2461.0,50.0,0.0,0,292.82,0.0,1,0.68,0.18,SPY190510P00282000,282.0,0,0.0,0.0,,0.0,normalDay
2019-05-07,2461.0,-10.0,0.0,0,287.93,0.0,1,0.68,0.78,SPY190510P00282000,282.0,0,0.0,0.0,,0.0,normalDay
2019-05-08,2461.0,0.0,0.0,0,287.53,0.0,1,0.68,0.68,SPY190510P00282000,282.0,0,0.0,0.0,,0.0,normalDay
2019-05-09,2461.0,-3.0,0.0,0,286.66,0.0,1,0.68,0.71,SPY190510P00282000,282.0,0,0.0,0.0,,0.0,normalDay
2019-05-10,2529.0,0.0,68.0,0,288.1,0.0,1,0.68,0.0,SPY190510P00282000,282.0,0,0.0,0.0,,0.0,expirationDay
2019-05-13,2529.0,-7.0,0.0,0,280.86,0.0,1,7.17,7.24,SPY190531P00286000,286.0,0,0.0,0.0,,0.0,normalDay
2019-05-14,2529.0,203.0,0.0,0,283.4,0.0,1,7.17,5.14,SPY190531P00286000,286.0,0,0.0,0.0,,0.0,normalDay
2019-05-15,2529.0,342.0,0.0,0,285.06,0.0,1,7.17,3.75,SPY190531P00286000,286.0,0,0.0,0.0,,0.0,normalDay
2019-05-16,2529.0,470.0,0.0,0,287.7,0.0,1,7.17,2.47,SPY190531P00286000,286.0,0,0.0,0.0,,0.0,normalDay
2019-05-17,2529.0,392.0,0.0,0,285.84,0.0,1,7.17,3.25,SPY190531P00286000,286.0,0,0.0,0.0,,0.0,normalDay
2019-05-20,2529.0,336.0,0.0,0,283.95,0.0,1,7.17,3.81,SPY190531P00286000,286.0,0,0.0,0.0,,0.0,normalDay
2019-05-21,2529.0,492.0,0.0,0,286.51,0.0,1,7.17,2.25,SPY190531P00286000,286.0,0,0.0,0.0,,0.0,normalDay
2019-05-22,2529.0,476.0,0.0,0,285.63,0.0,1,7.17,2.41,SPY190531P00286000,286.0,0,0.0,0.0,,0.0,normalDay
2019-05-23,2529.0,230.0,0.0,0,282.14,0.0,1,7.17,4.87,SPY190531P00286000,286.0,0,0.0,0.0,,0.0,normalDay
2019-05-24,2529.0,330.0,0.0,0,282.78,0.0,1,7.17,3.87,SPY190531P00286000,286.0,0,0.0,0.0,,0.0,normalDay
2019-05-28,2529.0,142.0,0.0,0,280.15,0.0,1,7.17,5.75,SPY190531P00286000,286.0,0,0.0,0.0,,0.0,normalDay
2019-05-29,2529.0,-61.0,0.0,0,278.27,0.0,1,7.17,7.78,SPY190531P00286000,286.0,0,0.0,0.0,,0.0,normalDay
2019-05-30,2529.0,10.0,0.0,0,279.03,0.0,1,7.17,7.07,SPY190531P00286000,286.0,0,0.0,0.0,,0.0,normalDay
2019-05-31,3246.0,-1073.0,717.0,100,275.27,286.0,1,7.17,0.0,SPY190531P00286000,286.0,0,0.0,0.0,,0.0,expirationDay
2019-06-03,3246.0,-1150.0,0.0,100,274.57,286.0,0,0.0,0.0,,0.0,1,3.21,3.28,SPY190930C00290000,290.0,normalDay
2019-06-04,3246.0,-712.0,0.0,100,280.53,286.0,0,0.0,0.0,,0.0,1,3.21,4.86,SPY190930C00290000,290.0,normalDay
2019-06-05,3246.0,-557.0,0.0,100,282.96,286.0,0,0.0,0.0,,0.0,1,3.21,5.74,SPY190930C00290000,290.0,normalDay
2019-06-06,3246.0,-440.0,0.0,100,284.8,286.0,0,0.0,0.0,,0.0,1,3.21,6.41,SPY190930C00290000,290.0,normalDay
2019-06-07,3246.0,-309.0,0.0,100,287.65,286.0,0,0.0,0.0,,0.0,1,3.21,7.95,SPY190930C00290000,290.0,normalDay
2019-06-10,3246.0,-236.0,0.0,100,288.97,286.0,0,0.0,0.0,,0.0,1,3.21,8.54,SPY190930C00290000,290.0,normalDay
2019-06-11,3246.0,-237.0,0.0,100,288.9,286.0,0,0.0,0.0,,0.0,1,3.21,8.48,SPY190930C00290000,290.0,normalDay
2019-06-12,3246.0,-256.0,0.0,100,288.39,286.0,0,0.0,0.0,,0.0,1,3.21,8.16,SPY190930C00290000,290.0,normalDay
2019-06-13,3246.0,-200.0,0.0,100,289.58,286.0,0,0.0,0.0,,0.0,1,3.21,8.79,SPY190930C00290000,290.0,normalDay
2019-06-14,3246.0,-212.0,0.0,100,289.26,286.0,0,0.0,0.0,,0.0,1,3.21,8.59,SPY190930C00290000,290.0,normalDay
2019-06-17,3246.0,-186.0,0.0,100,289.37,286.0,0,0.0,0.0,,0.0,1,3.21,8.44,SPY190930C00290000,290.0,normalDay
2019-06-18,3246.0,-64.0,0.0,100,292.4,286.0,0,0.0,0.0,,0.0,1,3.21,10.25,SPY190930C00290000,290.0,normalDay
2019-06-19,3246.0,-21.0,0.0,100,293.06,286.0,0,0.0,0.0,,0.0,1,3.21,10.48,SPY190930C00290000,290.0,normalDay
2019-06-20,3246.0,81.0,0.0,100,295.86,286.0,0,0.0,0.0,,0.0,1,3.21,12.26,SPY190930C00290000,290.0,normalDay
2019-06-21,3246.0,-101.0,0.0,100,294.0,286.0,0,0.0,0.0,,0.0,1,3.21,12.22,SPY190930C00290000,290.0,normalDay
2019-06-24,3246.0,-88.0,0.0,100,293.64,286.0,0,0.0,0.0,,0.0,1,3.21,11.73,SPY190930C00290000,290.0,normalDay
2019-06-25,3246.0,-207.0,0.0,100,290.76,286.0,0,0.0,0.0,,0.0,1,3.21,10.04,SPY190930C00290000,290.0,normalDay
2019-06-26,3246.0,-195.0,0.0,100,290.47,286.0,0,0.0,0.0,,0.0,1,3.21,9.63,SPY190930C00290000,290.0,normalDay
2019-06-27,3246.0,-163.0,0.0,100,291.5,286.0,0,0.0,0.0,,0.0,1,3.21,10.34,SPY190930C00290000,290.0,normalDay
2019-06-28,3246.0,-116.0,0.0,100,293.0,286.0,0,0.0,0.0,,0.0,1,3.21,11.37,SPY190930C00290000,290.0,normalDay
2019-07-01,3246.0,67.0,0.0,100,295.66,286.0,0,0.0,0.0,,0.0,1,3.21,12.2,SPY190930C00290000,290.0,normalDay
2019-07-02,3246.0,122.0,0.0,100,296.43,286.0,0,0.0,0.0,,0.0,1,3.21,12.42,SPY190930C00290000,290.0,normalDay
2019-07-03,3246.0,184.0,0.0,100,298.8,286.0,0,0.0,0.0,,0.0,1,3.21,14.17,SPY190930C00290000,290.0,normalDay
2019-07-05,3246.0,216.0,0.0,100,298.46,286.0,0,0.0,0.0,,0.0,1,3.21,13.51,SPY190930C00290000,290.0,normalDay
2019-07-08,3246.0,136.0,0.0,100,296.82,286.0,0,0.0,0.0,,0.0,1,3.21,12.67,SPY190930C00290000,290.0,normalDay
2019-07-09,3246.0,155.0,0.0,100,297.19,286.0,0,0.0,0.0,,0.0,1,3.21,12.85,SPY190930C00290000,290.0,normalDay
2019-07-10,3246.0,203.0,0.0,100,298.61,286.0,0,0.0,0.0,,0.0,1,3.21,13.79,SPY190930C00290000,290.0,normalDay
2019-07-11,3246.0,231.0,0.0,100,299.31,286.0,0,0.0,0.0,,0.0,1,3.21,14.21,SPY190930C00290000,290.0,normalDay
2019-07-12,3246.0,289.0,0.0,100,300.65,286.0,0,0.0,0.0,,0.0,1,3.21,14.97,SPY190930C00290000,290.0,normalDay
2019-07-15,3246.0,299.0,0.0,100,300.75,286.0,0,0.0,0.0,,0.0,1,3.21,14.97,SPY190930C00290000,290.0,normalDay
2019-07-16,3246.0,272.0,0.0,100,299.78,286.0,0,0.0,0.0,,0.0,1,3.21,14.27,SPY190930C00290000,290.0,normalDay
2019-07-17,3246.0,215.0,0.0,100,297.74,286.0,0,0.0,0.0,,0.0,1,3.21,12.8,SPY190930C00290000,290.0,normalDay
2019-07-18,3246.0,249.0,0.0,100,298.83,286.0,0,0.0,0.0,,0.0,1,3.21,13.55,SPY190930C00290000,290.0,normalDay
2019-07-19,3246.0,217.0,0.0,100,297.17,286.0,0,0.0,0.0,,0.0,1,3.21,12.21,SPY190930C00290000,290.0,normalDay
2019-07-22,3246.0,265.0,0.0,100,297.9,286.0,0,0.0,0.0,,0.0,1,3.21,12.46,SPY190930C00290000,290.0,normalDay
2019-07-23,3246.0,339.0,0.0,100,300.03,286.0,0,0.0,0.0,,0.0,1,3.21,13.85,SPY190930C00290000,290.0,normalDay
2019-07-24,3246.0,387.0,0.0,100,301.44,286.0,0,0.0,0.0,,0.0,1,3.21,14.78,SPY190930C00290000,290.0,normalDay
2019-07-25,3246.0,337.0,0.0,100,300.0,286.0,0,0.0,0.0,,0.0,1,3.21,13.84,SPY190930C00290000,290.0,normalDay
2019-07-26,3246.0,405.0,0.0,100,302.01,286.0,0,0.0,0.0,,0.0,1,3.21,15.17,SPY190930C00290000,290.0,normalDay
2019-07-29,3246.0,380.0,0.0,100,301.46,286.0,0,0.0,0.0,,0.0,1,3.21,14.87,SPY190930C00290000,290.0,normalDay
2019-07-30,3246.0,366.0,0.0,100,300.72,286.0,0,0.0,0.0,,0.0,1,3.21,14.27,SPY190930C00290000,290.0,normalDay
2019-07-31,3246.0,260.0,0.0,100,297.43,286.0,0,0.0,0.0,,0.0,1,3.21,12.04,SPY190930C00290000,290.0,normalDay
2019-08-01,3246.0,115.0,0.0,100,294.84,286.0,0,0.0,0.0,,0.0,1,3.21,10.9,SPY190930C00290000,290.0,normalDay
2019-08-02,3246.0,53.0,0.0,100,292.62,286.0,0,0.0,0.0,,0.0,1,3.21,9.3,SPY190930C00290000,290.0,normalDay
2019-08-05,3246.0,-432.0,0.0,100,283.82,286.0,0,0.0,0.0,,0.0,1,3.21,5.35,SPY190930C00290000,290.0,normalDay
2019-08-06,3246.0,-145.0,0.0,100,287.8,286.0,0,0.0,0.0,,0.0,1,3.21,6.46,SPY190930C00290000,290.0,normalDay
2019-08-07,3246.0,-123.0,0.0,100,287.97,286.0,0,0.0,0.0,,0.0,1,3.21,6.41,SPY190930C00290000,290.0,normalDay
2019-08-08,3246.0,161.0,0.0,100,293.62,286.0,0,0.0,0.0,,0.0,1,3.21,9.22,SPY190930C00290000,290.0,normalDay
2019-08-09,3246.0,66.0,0.0,100,291.62,286.0,0,0.0,0.0,,0.0,1,3.21,8.17,SPY190930C00290000,290.0,normalDay
2019-08-12,3246.0,-118.0,0.0,100,288.07,286.0,0,0.0,0.0,,0.0,1,3.21,6.46,SPY190930C00290000,290.0,normalDay
2019-08-13,3246.0,133.0,0.0,100,292.55,286.0,0,0.0,0.0,,0.0,1,3.21,8.43,SPY190930C00290000,290.0,normalDay
2019-08-14,3246.0,-359.0,0.0,100,283.9,286.0,0,0.0,0.0,,0.0,1,3.21,4.7,SPY190930C00290000,290.0,normalDay
2019-08-15,3246.0,-289.0,0.0,100,284.65,286.0,0,0.0,0.0,,0.0,1,3.21,4.75,SPY190930C00290000,290.0,normalDay
2019-08-16,3246.0,6.0,0.0,100,288.85,286.0,0,0.0,0.0,,0.0,1,3.21,6.0,SPY190930C00290000,290.0,normalDay
2019-08-19,3246.0,226.0,0.0,100,292.33,286.0,0,0.0,0.0,,0.0,1,3.21,7.28,SPY190930C00290000,290.0,normalDay
2019-08-20,3246.0,137.0,0.0,100,290.09,286.0,0,0.0,0.0,,0.0,1,3.21,5.93,SPY190930C00290000,290.0,normalDay
2019-08-21,3246.0,243.0,0.0,100,292.45,286.0,0,0.0,0.0,,0.0,1,3.21,7.23,SPY190930C00290000,290.0,normalDay
2019-08-22,3246.0,252.0,0.0,100,292.36,286.0,0,0.0,0.0,,0.0,1,3.21,7.05,SPY190930C00290000,290.0,normalDay
2019-08-23,3246.0,-193.0,0.0,100,284.85,286.0,0,0.0,0.0,,0.0,1,3.21,3.99,SPY190930C00290000,290.0,normalDay
2019-08-26,3246.0,29.0,0.0,100,288.0,286.0,0,0.0,0.0,,0.0,1,3.21,4.92,SPY190930C00290000,290.0,normalDay
2019-08-27,3246.0,-22.0,0.0,100,286.87,286.0,0,0.0,0.0,,0.0,1,3.21,4.3,SPY190930C00290000,290.0,normalDay
2019-08-28,3246.0,105.0,0.0,100,288.89,286.0,0,0.0,0.0,,0.0,1,3.21,5.05,SPY190930C00290000,290.0,normalDay
2019-08-29,3246.0,301.0,0.0,100,292.58,286.0,0,0.0,0.0,,0.0,1,3.21,6.78,SPY190930C00290000,290.0,normalDay
2019-08-30,3246.0,289.0,0.0,100,292.45,286.0,0,0.0,0.0,,0.0,1,3.21,6.77,SPY190930C00290000,290.0,normalDay
2019-09-03,3246.0,252.0,0.0,100,290.74,286.0,0,0.0,0.0,,0.0,1,3.21,5.43,SPY190930C00290000,290.0,normalDay
2019-09-04,3246.0,427.0,0.0,100,294.04,286.0,0,0.0,0.0,,0.0,1,3.21,6.98,SPY190930C00290000,290.0,normalDay
2019-09-05,3246.0,583.0,0.0,100,297.82,286.0,0,0.0,0.0,,0.0,1,3.21,9.2,SPY190930C00290000,290.0,normalDay
2019-09-06,3246.0,574.0,0.0,100,298.05,286.0,0,0.0,0.0,,0.0,1,3.21,9.52,SPY190930C00290000,290.0,normalDay
2019-09-09,3246.0,622.0,0.0,100,298.2,286.0,0,0.0,0.0,,0.0,1,3.21,9.19,SPY190930C00290000,290.0,normalDay
2019-09-10,3246.0,627.0,0.0,100,298.13,286.0,0,0.0,0.0,,0.0,1,3.21,9.07,SPY190930C00290000,290.0,normalDay
2019-09-11,3246.0,644.0,0.0,100,300.25,286.0,0,0.0,0.0,,0.0,1,3.21,11.02,SPY190930C00290000,290.0,normalDay
2019-09-12,3246.0,644.0,0.0,100,301.29,286.0,0,0.0,0.0,,0.0,1,3.21,12.06,SPY190930C00290000,290.0,normalDay
2019-09-13,3246.0,667.0,0.0,100,301.09,286.0,0,0.0,0.0,,0.0,1,3.21,11.63,SPY190930C00290000,290.0,normalDay
2019-09-16,3246.0,654.0,0.0,100,300.16,286.0,0,0.0,0.0,,0.0,1,3.21,10.83,SPY190930C00290000,290.0,normalDay
2019-09-17,3246.0,689.0,0.0,100,300.92,286.0,0,0.0,0.0,,0.0,1,3.21,11.24,SPY190930C00290000,290.0,normalDay
2019-09-18,3246.0,676.0,0.0,100,301.1,286.0,0,0.0,0.0,,0.0,1,3.21,11.55,SPY190930C00290000,290.0,normalDay
2019-09-19,3246.0,697.0,0.0,100,301.08,286.0,0,0.0,0.0,,0.0,1,3.21,11.32,SPY190930C00290000,290.0,normalDay
2019-09-20,3246.0,646.0,0.0,100,298.28,286.0,0,0.0,0.0,,0.0,1,3.21,9.03,SPY190930C00290000,290.0,normalDay
2019-09-23,3246.0,653.0,0.0,100,298.21,286.0,0,0.0,0.0,,0.0,1,3.21,8.89,SPY190930C00290000,290.0,normalDay
2019-09-24,3246.0,611.0,0.0,100,295.87,286.0,0,0.0,0.0,,0.0,1,3.21,6.97,SPY190930C00290000,290.0,normalDay
2019-09-25,3246.0,694.0,0.0,100,297.62,286.0,0,0.0,0.0,,0.0,1,3.21,7.89,SPY190930C00290000,290.0,normalDay
2019-09-26,3246.0,685.0,0.0,100,297.0,286.0,0,0.0,0.0,,0.0,1,3.21,7.36,SPY190930C00290000,290.0,normalDay
2019-09-27,3246.0,691.0,0.0,100,295.4,286.0,0,0.0,0.0,,0.0,1,3.21,5.7,SPY190930C00290000,290.0,normalDay
2019-09-30,3967.0,691.0,721.0,0,296.77,0.0,0,0.0,0.0,,0.0,1,3.21,0.0,SPY190930C00290000,290.0,expirationDay
2019-10-01,3967.0,-5.0,0.0,0,293.24,0.0,1,4.81,4.86,SPY191018P00295000,295.0,0,0.0,0.0,,0.0,normalDay
2019-10-02,3967.0,-383.0,0.0,0,288.06,0.0,1,4.81,8.64,SPY191018P00295000,295.0,0,0.0,0.0,,0.0,normalDay
2019-10-03,3967.0,-152.0,0.0,0,290.42,0.0,1,4.81,6.33,SPY191018P00295000,295.0,0,0.0,0.0,,0.0,normalDay
2019-10-04,3967.0,110.0,0.0,0,294.35,0.0,1,4.81,3.71,SPY191018P00295000,295.0,0,0.0,0.0,,0.0,normalDay
2019-10-07,3967.0,58.0,0.0,0,293.08,0.0,1,4.81,4.23,SPY191018P00295000,295.0,0,0.0,0.0,,0.0,normalDay
2019-10-08,3967.0,-248.0,0.0,0,288.53,0.0,1,4.81,7.29,SPY191018P00295000,295.0,0,0.0,0.0,,0.0,normalDay
2019-10-09,3967.0,-42.0,0.0,0,291.27,0.0,1,4.81,5.23,SPY191018P00295000,295.0,0,0.0,0.0,,0.0,normalDay
2019-10-10,3967.0,110.0,0.0,0,293.24,0.0,1,4.81,3.71,SPY191018P00295000,295.0,0,0.0,0.0,,0.0,normalDay
2019-10-11,3967.0,300.0,0.0,0,296.28,0.0,1,4.81,1.81,SPY191018P00295000,295.0,0,0.0,0.0,,0.0,normalDay
2019-10-14,3967.0,349.0,0.0,0,295.95,0.0,1,4.81,1.32,SPY191018P00295000,295.0,0,0.0,0.0,,0.0,normalDay
2019-10-15,3967.0,443.0,0.0,0,298.88,0.0,1,4.81,0.38,SPY191018P00295000,295.0,0,0.0,0.0,,0.0,normalDay
2019-10-16,3967.0,455.0,0.0,0,298.4,0.0,1,4.81,0.26,SPY191018P00295000,295.0,0,0.0,0.0,,0.0,normalDay
2019-10-17,3967.0,474.0,0.0,0,299.28,0.0,1,4.81,0.07,SPY191018P00295000,295.0,0,0.0,0.0,,0.0,normalDay
2019-10-18,4448.0,0.0,481.0,0,297.97,0.0,1,4.81,0.0,SPY191018P00295000,295.0,0,0.0,0.0,,0.0,expirationDay
2019-10-21,4448.0,-4.0,0.0,0,299.99,0.0,1,0.93,0.97,SPY191108P00291000,291.0,0,0.0,0.0,,0.0,normalDay
2019-10-22,4448.0,-19.0,0.0,0,299.01,0.0,1,0.93,1.12,SPY191108P00291000,291.0,0,0.0,0.0,,0.0,normalDay
2019-10-23,4448.0,12.0,0.0,0,299.88,0.0,1,0.93,0.81,SPY191108P00291000,291.0,0,0.0,0.0,,0.0,normalDay
2019-10-24,4448.0,27.0,0.0,0,300.37,0.0,1,0.93,0.66,SPY191108P00291000,291.0,0,0.0,0.0,,0.0,normalDay
2019-10-25,4448.0,54.0,0.0,0,301.6,0.0,1,0.93,0.39,SPY191108P00291000,291.0,0,0.0,0.0,,0.0,normalDay
2019-10-28,4448.0,68.0,0.0,0,303.3,0.0,1,0.93,0.25,SPY191108P00291000,291.0,0,0.0,0.0,,0.0,normalDay
2019-10-29,4448.0,71.0,0.0,0,303.21,0.0,1,0.93,0.22,SPY191108P00291000,291.0,0,0.0,0.0,,0.0,normalDay
2019-10-30,4448.0,80.0,0.0,0,304.14,0.0,1,0.93,0.13,SPY191108P00291000,291.0,0,0.0,0.0,,0.0,normalDay
2019-10-31,4448.0,78.0,0.0,0,303.33,0.0,1,0.93,0.15,SPY191108P00291000,291.0,0,0.0,0.0,,0.0,normalDay
2019-11-01,4448.0,89.0,0.0,0,306.14,0.0,1,0.93,0.04,SPY191108P00291000,291.0,0,0.0,0.0,,0.0,normalDay
2019-11-04,4448.0,91.0,0.0,0,307.37,0.0,1,0.93,0.02,SPY191108P00291000,291.0,0,0.0,0.0,,0.0,normalDay
2019-11-05,4448.0,91.0,0.0,0,307.03,0.0,1,0.93,0.02,SPY191108P00291000,291.0,0,0.0,0.0,,0.0,normalDay
2019-11-06,4448.0,92.0,0.0,0,307.1,0.0,1,0.93,0.01,SPY191108P00291000,291.0,0,0.0,0.0,,0.0,normalDay
2019-11-07,4448.0,92.0,0.0,0,308.18,0.0,1,0.93,0.01,SPY191108P00291000,291.0,0,0.0,0.0,,0.0,normalDay
2019-11-08,4541.0,0.0,93.0,0,308.94,0.0,1,0.93,0.0,SPY191108P00291000,291.0,0,0.0,0.0,,0.0,expirationDay
2019-11-11,4541.0,-3.0,0.0,0,308.35,0.0,1,0.52,0.55,SPY191129P00298000,298.0,0,0.0,0.0,,0.0,normalDay
2019-11-12,4541.0,1.0,0.0,0,309.0,0.0,1,0.52,0.51,SPY191129P00298000,298.0,0,0.0,0.0,,0.0,normalDay
2019-11-13,4541.0,4.0,0.0,0,309.1,0.0,1,0.52,0.48,SPY191129P00298000,298.0,0,0.0,0.0,,0.0,normalDay
2019-11-14,4541.0,9.0,0.0,0,309.55,0.0,1,0.52,0.43,SPY191129P00298000,298.0,0,0.0,0.0,,0.0,normalDay
2019-11-15,4541.0,29.0,0.0,0,311.79,0.0,1,0.52,0.23,SPY191129P00298000,298.0,0,0.0,0.0,,0.0,normalDay
2019-11-18,4541.0,35.0,0.0,0,312.02,0.0,1,0.52,0.17,SPY191129P00298000,298.0,0,0.0,0.0,,0.0,normalDay
2019-11-19,4541.0,36.0,0.0,0,311.93,0.0,1,0.52,0.16,SPY191129P00298000,298.0,0,0.0,0.0,,0.0,normalDay
2019-11-20,4541.0,34.0,0.0,0,310.77,0.0,1,0.52,0.18,SPY191129P00298000,298.0,0,0.0,0.0,,0.0,normalDay
2019-11-21,4541.0,38.0,0.0,0,310.27,0.0,1,0.52,0.14,SPY191129P00298000,298.0,0,0.0,0.0,,0.0,normalDay
2019-11-22,4541.0,46.0,0.0,0,310.96,0.0,1,0.52,0.06,SPY191129P00298000,298.0,0,0.0,0.0,,0.0,normalDay
2019-11-25,4541.0,49.0,0.0,0,313.37,0.0,1,0.52,0.03,SPY191129P00298000,298.0,0,0.0,0.0,,0.0,normalDay
2019-11-26,4541.0,50.0,0.0,0,314.08,0.0,1,0.52,0.02,SPY191129P00298000,298.0,0,0.0,0.0,,0.0,normalDay
2019-11-27,4541.0,51.0,0.0,0,315.48,0.0,1,0.52,0.01,SPY191129P00298000,298.0,0,0.0,0.0,,0.0,normalDay
2019-11-29,4593.0,0.0,52.0,0,314.31,0.0,1,0.52,0.0,SPY191129P00298000,298.0,0,0.0,0.0,,0.0,expirationDay
2019-12-02,4593.0,-4.0,0.0,0,311.64,0.0,1,2.68,2.72,SPY191220P00307500,307.5,0,0.0,0.0,,0.0,normalDay
2019-12-03,4593.0,-102.0,0.0,0,309.55,0.0,1,2.68,3.7,SPY191220P00307500,307.5,0,0.0,0.0,,0.0,normalDay
2019-12-04,4593.0,-12.0,0.0,0,311.46,0.0,1,2.68,2.8,SPY191220P00307500,307.5,0,0.0,0.0,,0.0,normalDay
2019-12-05,4593.0,38.0,0.0,0,312.02,0.0,1,2.68,2.3,SPY191220P00307500,307.5,0,0.0,0.0,,0.0,normalDay
2019-12-06,4593.0,133.0,0.0,0,314.87,0.0,1,2.68,1.35,SPY191220P00307500,307.5,0,0.0,0.0,,0.0,normalDay
2019-12-09,4593.0,97.0,0.0,0,313.88,0.0,1,2.68,1.71,SPY191220P00307500,307.5,0,0.0,0.0,,0.0,normalDay
2019-12-10,4593.0,118.0,0.0,0,313.53,0.0,1,2.68,1.5,SPY191220P00307500,307.5,0,0.0,0.0,,0.0,normalDay
2019-12-11,4593.0,155.0,0.0,0,314.42,0.0,1,2.68,1.13,SPY191220P00307500,307.5,0,0.0,0.0,,0.0,normalDay
2019-12-12,4593.0,202.0,0.0,0,317.13,0.0,1,2.68,0.66,SPY191220P00307500,307.5,0,0.0,0.0,,0.0,normalDay
2019-12-13,4593.0,229.0,0.0,0,317.32,0.0,1,2.68,0.39,SPY191220P00307500,307.5,0,0.0,0.0,,0.0,normalDay
2019-12-16,4593.0,253.0,0.0,0,319.5,0.0,1,2.68,0.15,SPY191220P00307500,307.5,0,0.0,0.0,,0.0,normalDay
2019-12-17,4593.0,260.0,0.0,0,319.57,0.0,1,2.68,0.08,SPY191220P00307500,307.5,0,0.0,0.0,,0.0,normalDay
2019-12-18,4593.0,263.0,0.0,0,319.59,0.0,1,2.68,0.05,SPY191220P00307500,307.5,0,0.0,0.0,,0.0,normalDay
2019-12-19,4593.0,264.0,0.0,0,320.9,0.0,1,2.68,0.04,SPY191220P00307500,307.5,0,0.0,0.0,,0.0,normalDay
2019-12-20,4861.0,0.0,268.0,0,320.73,0.0,1,2.68,0.0,SPY191220P00307500,307.5,0,0.0,0.0,,0.0,expirationDay
2019-12-23,4861.0,-4.0,0.0,0,321.22,0.0,1,0.71,0.75,SPY200110P00311000,311.0,0,0.0,0.0,,0.0,normalDay
2019-12-24,4861.0,2.0,0.0,0,321.23,0.0,1,0.71,0.69,SPY200110P00311000,311.0,0,0.0,0.0,,0.0,normalDay
2019-12-26,4861.0,23.0,0.0,0,322.94,0.0,1,0.71,0.48,SPY200110P00311000,311.0,0,0.0,0.0,,0.0,normalDay
2019-12-27,4861.0,20.0,0.0,0,322.86,0.0,1,0.71,0.51,SPY200110P00311000,311.0,0,0.0,0.0,,0.0,normalDay
2019-12-30,4861.0,9.0,0.0,0,321.08,0.0,1,0.71,0.62,SPY200110P00311000,311.0,0,0.0,0.0,,0.0,normalDay
2019-12-31,4861.0,27.0,0.0,0,321.86,0.0,1,0.71,0.44,SPY200110P00311000,311.0,0,0.0,0.0,,0.0,normalDay
2020-01-02,4861.0,59.0,0.0,0,324.87,0.0,1,0.71,0.12,SPY200110P00311000,311.0,0,0.0,0.0,,0.0,normalDay
2020-01-03,4861.0,50.0,0.0,0,322.41,0.0,1,0.71,0.21,SPY200110P00311000,311.0,0,0.0,0.0,,0.0,normalDay
2020-01-06,4861.0,66.0,0.0,0,323.64,0.0,1,0.71,0.05,SPY200110P00311000,311.0,0,0.0,0.0,,0.0,normalDay
2020-01-07,4861.0,66.0,0.0,0,322.73,0.0,1,0.71,0.05,SPY200110P00311000,311.0,0,0.0,0.0,,0.0,normalDay
2020-01-08,4861.0,65.0,0.0,0,324.45,0.0,1,0.71,0.06,SPY200110P00311000,311.0,0,0.0,0.0,,0.0,normalDay
2020-01-09,4861.0,70.0,0.0,0,326.65,0.0,1,0.71,0.01,SPY200110P00311000,311.0,0,0.0,0.0,,0.0,normalDay
2020-01-10,4932.0,0.0,71.0,0,325.71,0.0,1,0.71,0.0,SPY200110P00311000,311.0,0,0.0,0.0,,0.0,expirationDay
2020-01-13,4932.0,-3.0,0.0,0,327.95,0.0,1,0.81,0.84,SPY200131P00319000,319.0,0,0.0,0.0,,0.0,normalDay
2020-01-14,4932.0,0.0,0.0,0,327.45,0.0,1,0.81,0.81,SPY200131P00319000,319.0,0,0.0,0.0,,0.0,normalDay
2020-01-15,4932.0,16.0,0.0,0,328.19,0.0,1,0.81,0.65,SPY200131P00319000,319.0,0,0.0,0.0,,0.0,normalDay
2020-01-16,4932.0,38.0,0.0,0,330.92,0.0,1,0.81,0.43,SPY200131P00319000,319.0,0,0.0,0.0,,0.0,normalDay
2020-01-17,4932.0,51.0,0.0,0,331.95,0.0,1,0.81,0.3,SPY200131P00319000,319.0,0,0.0,0.0,,0.0,normalDay
2020-01-21,4932.0,52.0,0.0,0,331.3,0.0,1,0.81,0.29,SPY200131P00319000,319.0,0,0.0,0.0,,0.0,normalDay
2020-01-22,4932.0,59.0,0.0,0,331.34,0.0,1,0.81,0.22,SPY200131P00319000,319.0,0,0.0,0.0,,0.0,normalDay
2020-01-23,4932.0,64.0,0.0,0,331.72,0.0,1,0.81,0.17,SPY200131P00319000,319.0,0,0.0,0.0,,0.0,normalDay
2020-01-24,4932.0,37.0,0.0,0,328.77,0.0,1,0.81,0.44,SPY200131P00319000,319.0,0,0.0,0.0,,0.0,normalDay
2020-01-27,4932.0,-67.0,0.0,0,323.5,0.0,1,0.81,1.48,SPY200131P00319000,319.0,0,0.0,0.0,,0.0,normalDay
2020-01-28,4932.0,41.0,0.0,0,326.89,0.0,1,0.81,0.4,SPY200131P00319000,319.0,0,0.0,0.0,,0.0,normalDay
2020-01-29,4932.0,61.0,0.0,0,326.62,0.0,1,0.81,0.2,SPY200131P00319000,319.0,0,0.0,0.0,,0.0,normalDay
2020-01-30,4932.0,76.0,0.0,0,327.68,0.0,1,0.81,0.05,SPY200131P00319000,319.0,0,0.0,0.0,,0.0,normalDay
2020-01-31,5013.0,0.0,81.0,0,321.73,0.0,1,0.81,0.0,SPY200131P00319000,319.0,0,0.0,0.0,,0.0,expirationDay
2020-02-03,5013.0,-4.0,0.0,0,324.12,0.0,1,4.18,4.22,SPY200221P00323000,323.0,0,0.0,0.0,,0.0,normalDay
2020-02-04,5013.0,224.0,0.0,0,329.06,0.0,1,4.18,1.94,SPY200221P00323000,323.0,0,0.0,0.0,,0.0,normalDay
2020-02-05,5013.0,319.0,0.0,0,332.86,0.0,1,4.18,0.99,SPY200221P00323000,323.0,0,0.0,0.0,,0.0,normalDay
2020-02-06,5013.0,335.0,0.0,0,333.98,0.0,1,4.18,0.83,SPY200221P00323000,323.0,0,0.0,0.0,,0.0,normalDay
2020-02-07,5013.0,315.0,0.0,0,332.2,0.0,1,4.18,1.03,SPY200221P00323000,323.0,0,0.0,0.0,,0.0,normalDay
2020-02-10,5013.0,366.0,0.0,0,334.68,0.0,1,4.18,0.52,SPY200221P00323000,323.0,0,0.0,0.0,,0.0,normalDay
2020-02-11,5013.0,375.0,0.0,0,335.26,0.0,1,4.18,0.43,SPY200221P00323000,323.0,0,0.0,0.0,,0.0,normalDay
2020-02-12,5013.0,399.0,0.0,0,337.42,0.0,1,4.18,0.19,SPY200221P00323000,323.0,0,0.0,0.0,,0.0,normalDay
2020-02-13,5013.0,398.0,0.0,0,337.06,0.0,1,4.18,0.2,SPY200221P00323000,323.0,0,0.0,0.0,,0.0,normalDay
2020-02-14,5013.0,408.0,0.0,0,337.6,0.0,1,4.18,0.1,SPY200221P00323000,323.0,0,0.0,0.0,,0.0,normalDay
2020-02-18,5013.0,412.0,0.0,0,336.73,0.0,1,4.18,0.06,SPY200221P00323000,323.0,0,0.0,0.0,,0.0,normalDay
2020-02-19,5013.0,414.0,0.0,0,338.34,0.0,1,4.18,0.04,SPY200221P00323000,323.0,0,0.0,0.0,,0.0,normalDay
2020-02-20,5013.0,416.0,0.0,0,336.95,0.0,1,4.18,0.02,SPY200221P00323000,323.0,0,0.0,0.0,,0.0,normalDay
2020-02-21,5431.0,0.0,418.0,0,333.48,0.0,1,4.18,0.0,SPY200221P00323000,323.0,0,0.0,0.0,,0.0,expirationDay
2020-02-24,5431.0,-4.0,0.0,0,322.42,0.0,1,7.46,7.5,SPY200313P00324000,324.0,0,0.0,0.0,,0.0,normalDay
2020-02-25,5431.0,-554.0,0.0,0,312.65,0.0,1,7.46,13.0,SPY200313P00324000,324.0,0,0.0,0.0,,0.0,normalDay
2020-02-26,5431.0,-698.0,0.0,0,311.5,0.0,1,7.46,14.44,SPY200313P00324000,324.0,0,0.0,0.0,,0.0,normalDay
2020-02-27,5431.0,-2050.0,0.0,0,297.51,0.0,1,7.46,27.96,SPY200313P00324000,324.0,0,0.0,0.0,,0.0,normalDay
2020-02-28,5431.0,-2047.0,0.0,0,296.26,0.0,1,7.46,27.93,SPY200313P00324000,324.0,0,0.0,0.0,,0.0,normalDay
2020-03-02,5431.0,-826.0,0.0,0,309.09,0.0,1,7.46,15.72,SPY200313P00324000,324.0,0,0.0,0.0,,0.0,normalDay
2020-03-03,5431.0,-1543.0,0.0,0,300.24,0.0,1,7.46,22.89,SPY200313P00324000,324.0,0,0.0,0.0,,0.0,normalDay
2020-03-04,5431.0,-563.0,0.0,0,312.86,0.0,1,7.46,13.09,SPY200313P00324000,324.0,0,0.0,0.0,,0.0,normalDay
2020-03-05,5431.0,-1499.0,0.0,0,302.46,0.0,1,7.46,22.45,SPY200313P00324000,324.0,0,0.0,0.0,,0.0,normalDay
2020-03-06,5431.0,-2002.0,0.0,0,297.46,0.0,1,7.46,27.48,SPY200313P00324000,324.0,0,0.0,0.0,,0.0,normalDay
2020-03-09,5431.0,-4312.0,0.0,0,274.23,0.0,1,7.46,50.58,SPY200313P00324000,324.0,0,0.0,0.0,,0.0,normalDay
2020-03-10,5431.0,-2890.0,0.0,0,288.42,0.0,1,7.46,36.36,SPY200313P00324000,324.0,0,0.0,0.0,,0.0,normalDay
2020-03-11,5431.0,-4296.0,0.0,0,274.36,0.0,1,7.46,50.42,SPY200313P00324000,324.0,0,0.0,0.0,,0.0,normalDay
2020-03-12,5431.0,-6839.0,0.0,0,248.11,0.0,1,7.46,75.85,SPY200313P00324000,324.0,0,0.0,0.0,,0.0,normalDay
2020-03-13,6177.0,-5468.0,746.0,100,269.32,324.0,1,7.46,0.0,SPY200313P00324000,324.0,0,0.0,0.0,,0.0,expirationDay
2020-03-16,6177.0,-8440.0,0.0,100,239.85,324.0,0,0.0,0.0,,0.0,1,0.4,0.65,SPY200717C00340000,340.0,normalDay
2020-03-17,6177.0,-7159.0,0.0,100,252.8,324.0,0,0.0,0.0,,0.0,1,0.4,0.79,SPY200717C00340000,340.0,normalDay
2020-03-18,6177.0,-8434.0,0.0,100,240.0,324.0,0,0.0,0.0,,0.0,1,0.4,0.74,SPY200717C00340000,340.0,normalDay
2020-03-19,6177.0,-8365.0,0.0,100,240.51,324.0,0,0.0,0.0,,0.0,1,0.4,0.56,SPY200717C00340000,340.0,normalDay
2020-03-20,6177.0,-9510.0,0.0,100,228.8,324.0,0,0.0,0.0,,0.0,1,0.4,0.3,SPY200717C00340000,340.0,normalDay
2020-03-23,6177.0,-10095.0,0.0,100,222.95,324.0,0,0.0,0.0,,0.0,1,0.4,0.3,SPY200717C00340000,340.0,normalDay
2020-03-24,6177.0,-8094.0,0.0,100,243.15,324.0,0,0.0,0.0,,0.0,1,0.4,0.49,SPY200717C00340000,340.0,normalDay
2020-03-25,6177.0,-7736.0,0.0,100,246.79,324.0,0,0.0,0.0,,0.0,1,0.4,0.55,SPY200717C00340000,340.0,normalDay
2020-03-26,6177.0,-6301.0,0.0,100,261.2,324.0,0,0.0,0.0,,0.0,1,0.4,0.61,SPY200717C00340000,340.0,normalDay
2020-03-27,6177.0,-7054.0,0.0,100,253.42,324.0,0,0.0,0.0,,0.0,1,0.4,0.36,SPY200717C00340000,340.0,normalDay
2020-03-30,6177.0,-6235.0,0.0,100,261.65,324.0,0,0.0,0.0,,0.0,1,0.4,0.4,SPY200717C00340000,340.0,normalDay
2020-03-31,6177.0,-6605.0,0.0,100,257.75,324.0,0,0.0,0.0,,0.0,1,0.4,0.2,SPY200717C00340000,340.0,normalDay
2020-04-01,6177.0,-7761.0,0.0,100,246.15,324.0,0,0.0,0.0,,0.0,1,0.4,0.16,SPY200717C00340000,340.0,normalDay
2020-04-02,6177.0,-7197.0,0.0,100,251.83,324.0,0,0.0,0.0,,0.0,1,0.4,0.2,SPY200717C00340000,340.0,normalDay
2020-04-03,6177.0,-7558.0,0.0,100,248.19,324.0,0,0.0,0.0,,0.0,1,0.4,0.17,SPY200717C00340000,340.0,normalDay
2020-04-06,6177.0,-5907.0,0.0,100,264.86,324.0,0,0.0,0.0,,0.0,1,0.4,0.33,SPY200717C00340000,340.0,normalDay
2020-04-07,6177.0,-5878.0,0.0,100,265.13,324.0,0,0.0,0.0,,0.0,1,0.4,0.31,SPY200717C00340000,340.0,normalDay
2020-04-08,6177.0,-5006.0,0.0,100,274.03,324.0,0,0.0,0.0,,0.0,1,0.4,0.49,SPY200717C00340000,340.0,normalDay
2020-04-09,6177.0,-4603.0,0.0,100,278.2,324.0,0,0.0,0.0,,0.0,1,0.4,0.63,SPY200717C00340000,340.0,normalDay
2020-04-13,6177.0,-4844.0,0.0,100,275.66,324.0,0,0.0,0.0,,0.0,1,0.4,0.5,SPY200717C00340000,340.0,normalDay
2020-04-14,6177.0,-4051.0,0.0,100,283.79,324.0,0,0.0,0.0,,0.0,1,0.4,0.7,SPY200717C00340000,340.0,normalDay
2020-04-15,6177.0,-4633.0,0.0,100,277.76,324.0,0,0.0,0.0,,0.0,1,0.4,0.49,SPY200717C00340000,340.0,normalDay
2020-04-16,6177.0,-4503.0,0.0,100,279.1,324.0,0,0.0,0.0,,0.0,1,0.4,0.53,SPY200717C00340000,340.0,normalDay
2020-04-17,6177.0,-3773.0,0.0,100,286.64,324.0,0,0.0,0.0,,0.0,1,0.4,0.77,SPY200717C00340000,340.0,normalDay
2020-04-20,6177.0,-4262.0,0.0,100,281.59,324.0,0,0.0,0.0,,0.0,1,0.4,0.61,SPY200717C00340000,340.0,normalDay
2020-04-21,6177.0,-5098.0,0.0,100,273.04,324.0,0,0.0,0.0,,0.0,1,0.4,0.42,SPY200717C00340000,340.0,normalDay
2020-04-22,6177.0,-4493.0,0.0,100,279.1,324.0,0,0.0,0.0,,0.0,1,0.4,0.43,SPY200717C00340000,340.0,normalDay
2020-04-23,6177.0,-4494.0,0.0,100,279.08,324.0,0,0.0,0.0,,0.0,1,0.4,0.42,SPY200717C00340000,340.0,normalDay
2020-04-24,6177.0,-4112.0,0.0,100,282.97,324.0,0,0.0,0.0,,0.0,1,0.4,0.49,SPY200717C00340000,340.0,normalDay
2020-04-27,6177.0,-3704.0,0.0,100,287.05,324.0,0,0.0,0.0,,0.0,1,0.4,0.49,SPY200717C00340000,340.0,normalDay
2020-04-28,6177.0,-3825.0,0.0,100,285.73,324.0,0,0.0,0.0,,0.0,1,0.4,0.38,SPY200717C00340000,340.0,normalDay
2020-04-29,6177.0,-3095.0,0.0,100,293.21,324.0,0,0.0,0.0,,0.0,1,0.4,0.56,SPY200717C00340000,340.0,normalDay
2020-04-30,6177.0,-3359.0,0.0,100,290.48,324.0,0,0.0,0.0,,0.0,1,0.4,0.47,SPY200717C00340000,340.0,normalDay
2020-05-01,6177.0,-4110.0,0.0,100,282.79,324.0,0,0.0,0.0,,0.0,1,0.4,0.29,SPY200717C00340000,340.0,normalDay
2020-05-04,6177.0,-4031.0,0.0,100,283.57,324.0,0,0.0,0.0,,0.0,1,0.4,0.28,SPY200717C00340000,340.0,normalDay
2020-05-05,6177.0,-3769.0,0.0,100,286.19,324.0,0,0.0,0.0,,0.0,1,0.4,0.28,SPY200717C00340000,340.0,normalDay
2020-05-06,6177.0,-3958.0,0.0,100,284.25,324.0,0,0.0,0.0,,0.0,1,0.4,0.23,SPY200717C00340000,340.0,normalDay
2020-05-07,6177.0,-3620.0,0.0,100,287.68,324.0,0,0.0,0.0,,0.0,1,0.4,0.28,SPY200717C00340000,340.0,normalDay
2020-05-08,6177.0,-3148.0,0.0,100,292.44,324.0,0,0.0,0.0,,0.0,1,0.4,0.32,SPY200717C00340000,340.0,normalDay
2020-05-11,6177.0,-3134.0,0.0,100,292.5,324.0,0,0.0,0.0,,0.0,1,0.4,0.24,SPY200717C00340000,340.0,normalDay
2020-05-12,6177.0,-3711.0,0.0,100,286.67,324.0,0,0.0,0.0,,0.0,1,0.4,0.18,SPY200717C00340000,340.0,normalDay
2020-05-13,6177.0,-4214.0,0.0,100,281.6,324.0,0,0.0,0.0,,0.0,1,0.4,0.14,SPY200717C00340000,340.0,normalDay
2020-05-14,6177.0,-3877.0,0.0,100,284.97,324.0,0,0.0,0.0,,0.0,1,0.4,0.14,SPY200717C00340000,340.0,normalDay
2020-05-15,6177.0,-3746.0,0.0,100,286.28,324.0,0,0.0,0.0,,0.0,1,0.4,0.14,SPY200717C00340000,340.0,normalDay
2020-05-18,6177.0,-2888.0,0.0,100,295.0,324.0,0,0.0,0.0,,0.0,1,0.4,0.28,SPY200717C00340000,340.0,normalDay
2020-05-19,6177.0,-3184.0,0.0,100,291.97,324.0,0,0.0,0.0,,0.0,1,0.4,0.21,SPY200717C00340000,340.0,normalDay
2020-05-20,6177.0,-2696.0,0.0,100,296.93,324.0,0,0.0,0.0,,0.0,1,0.4,0.29,SPY200717C00340000,340.0,normalDay
2020-05-21,6177.0,-2897.0,0.0,100,294.88,324.0,0,0.0,0.0,,0.0,1,0.4,0.25,SPY200717C00340000,340.0,normalDay
2020-05-22,6177.0,-2840.0,0.0,100,295.44,324.0,0,0.0,0.0,,0.0,1,0.4,0.24,SPY200717C00340000,340.0,normalDay
2020-05-26,6177.0,-2477.0,0.0,100,299.08,324.0,0,0.0,0.0,,0.0,1,0.4,0.25,SPY200717C00340000,340.0,normalDay
2020-05-27,6177.0,-2037.0,0.0,100,303.53,324.0,0,0.0,0.0,,0.0,1,0.4,0.3,SPY200717C00340000,340.0,normalDay
2020-05-28,6177.0,-2097.0,0.0,100,302.97,324.0,0,0.0,0.0,,0.0,1,0.4,0.34,SPY200717C00340000,340.0,normalDay
2020-05-29,6177.0,-1966.0,0.0,100,304.32,324.0,0,0.0,0.0,,0.0,1,0.4,0.38,SPY200717C00340000,340.0,normalDay
2020-06-01,6177.0,-1839.0,0.0,100,305.55,324.0,0,0.0,0.0,,0.0,1,0.4,0.34,SPY200717C00340000,340.0,normalDay
2020-06-02,6177.0,-1589.0,0.0,100,308.08,324.0,0,0.0,0.0,,0.0,1,0.4,0.37,SPY200717C00340000,340.0,normalDay
2020-06-03,6177.0,-1204.0,0.0,100,312.18,324.0,0,0.0,0.0,,0.0,1,0.4,0.62,SPY200717C00340000,340.0,normalDay
2020-06-04,6177.0,-1276.0,0.0,100,311.36,324.0,0,0.0,0.0,,0.0,1,0.4,0.52,SPY200717C00340000,340.0,normalDay
2020-06-05,6177.0,-541.0,0.0,100,319.34,324.0,0,0.0,0.0,,0.0,1,0.4,1.15,SPY200717C00340000,340.0,normalDay
2020-06-08,6177.0,-219.0,0.0,100,323.2,324.0,0,0.0,0.0,,0.0,1,0.4,1.79,SPY200717C00340000,340.0,normalDay
2020-06-09,6177.0,-455.0,0.0,100,320.79,324.0,0,0.0,0.0,,0.0,1,0.4,1.74,SPY200717C00340000,340.0,normalDay
2020-06-10,6177.0,-577.0,0.0,100,319.0,324.0,0,0.0,0.0,,0.0,1,0.4,1.17,SPY200717C00340000,340.0,normalDay
2020-06-11,6177.0,-2344.0,0.0,100,300.61,324.0,0,0.0,0.0,,0.0,1,0.4,0.45,SPY200717C00340000,340.0,normalDay
2020-06-12,6177.0,-1981.0,0.0,100,304.21,324.0,0,0.0,0.0,,0.0,1,0.4,0.42,SPY200717C00340000,340.0,normalDay
2020-06-15,6177.0,-1709.0,0.0,100,307.05,324.0,0,0.0,0.0,,0.0,1,0.4,0.54,SPY200717C00340000,340.0,normalDay
2020-06-16,6177.0,-1155.0,0.0,100,312.96,324.0,0,0.0,0.0,,0.0,1,0.4,0.91,SPY200717C00340000,340.0,normalDay
2020-06-17,6177.0,-1264.0,0.0,100,311.66,324.0,0,0.0,0.0,,0.0,1,0.4,0.7,SPY200717C00340000,340.0,normalDay
2020-06-18,6177.0,-1239.0,0.0,100,311.78,324.0,0,0.0,0.0,,0.0,1,0.4,0.57,SPY200717C00340000,340.0,normalDay
2020-06-19,6177.0,-1530.0,0.0,100,308.64,324.0,0,0.0,0.0,,0.0,1,0.4,0.34,SPY200717C00340000,340.0,normalDay
2020-06-22,6177.0,-1331.0,0.0,100,310.62,324.0,0,0.0,0.0,,0.0,1,0.4,0.33,SPY200717C00340000,340.0,normalDay
2020-06-23,6177.0,-1188.0,0.0,100,312.05,324.0,0,0.0,0.0,,0.0,1,0.4,0.33,SPY200717C00340000,340.0,normalDay
2020-06-24,6177.0,-1969.0,0.0,100,304.09,324.0,0,0.0,0.0,,0.0,1,0.4,0.18,SPY200717C00340000,340.0,normalDay
2020-06-25,6177.0,-1645.0,0.0,100,307.35,324.0,0,0.0,0.0,,0.0,1,0.4,0.2,SPY200717C00340000,340.0,normalDay
2020-06-26,6177.0,-2366.0,0.0,100,300.05,324.0,0,0.0,0.0,,0.0,1,0.4,0.11,SPY200717C00340000,340.0,normalDay
2020-06-29,6177.0,-1924.0,0.0,100,304.46,324.0,0,0.0,0.0,,0.0,1,0.4,0.1,SPY200717C00340000,340.0,normalDay
2020-06-30,6177.0,-1537.0,0.0,100,308.36,324.0,0,0.0,0.0,,0.0,1,0.4,0.13,SPY200717C00340000,340.0,normalDay
2020-07-01,6177.0,-1319.0,0.0,100,310.52,324.0,0,0.0,0.0,,0.0,1,0.4,0.11,SPY200717C00340000,340.0,normalDay
2020-07-02,6177.0,-1144.0,0.0,100,312.23,324.0,0,0.0,0.0,,0.0,1,0.4,0.07,SPY200717C00340000,340.0,normalDay
2020-07-06,6177.0,-666.0,0.0,100,317.05,324.0,0,0.0,0.0,,0.0,1,0.4,0.11,SPY200717C00340000,340.0,normalDay
2020-07-07,6177.0,-988.0,0.0,100,313.78,324.0,0,0.0,0.0,,0.0,1,0.4,0.06,SPY200717C00340000,340.0,normalDay
2020-07-08,6177.0,-746.0,0.0,100,316.18,324.0,0,0.0,0.0,,0.0,1,0.4,0.04,SPY200717C00340000,340.0,normalDay
2020-07-09,6177.0,-925.0,0.0,100,314.38,324.0,0,0.0,0.0,,0.0,1,0.4,0.03,SPY200717C00340000,340.0,normalDay
2020-07-10,6177.0,-603.0,0.0,100,317.59,324.0,0,0.0,0.0,,0.0,1,0.4,0.02,SPY200717C00340000,340.0,normalDay
2020-07-13,6177.0,-879.0,0.0,100,314.84,324.0,0,0.0,0.0,,0.0,1,0.4,0.03,SPY200717C00340000,340.0,normalDay
2020-07-14,6177.0,-470.0,0.0,100,318.92,324.0,0,0.0,0.0,,0.0,1,0.4,0.02,SPY200717C00340000,340.0,normalDay
2020-07-15,6177.0,-176.0,0.0,100,321.85,324.0,0,0.0,0.0,,0.0,1,0.4,0.01,SPY200717C00340000,340.0,normalDay
2020-07-16,6177.0,-282.0,0.0,100,320.79,324.0,0,0.0,0.0,,0.0,1,0.4,0.01,SPY200717C00340000,340.0,normalDay
2020-07-17,6217.0,-228.0,40.0,100,321.72,324.0,0,0.0,0.0,,0.0,1,0.4,0.0,SPY200717C00340000,340.0,expirationDay
2020-07-20,6217.0,21.0,0.0,100,324.32,324.0,0,0.0,0.0,,0.0,1,18.25,18.36,SPY201120C00323000,323.0,normalDay
2020-07-21,6217.0,41.0,0.0,100,325.01,324.0,0,0.0,0.0,,0.0,1,18.25,18.85,SPY201120C00323000,323.0,normalDay
2020-07-22,6217.0,162.0,0.0,100,326.86,324.0,0,0.0,0.0,,0.0,1,18.25,19.49,SPY201120C00323000,323.0,normalDay
2020-07-23,6217.0,2.0,0.0,100,322.96,324.0,0,0.0,0.0,,0.0,1,18.25,17.19,SPY201120C00323000,323.0,normalDay
2020-07-24,6217.0,-124.0,0.0,100,320.88,324.0,0,0.0,0.0,,0.0,1,18.25,16.37,SPY201120C00323000,323.0,normalDay
2020-07-27,6217.0,24.0,0.0,100,323.22,324.0,0,0.0,0.0,,0.0,1,18.25,17.23,SPY201120C00323000,323.0,normalDay
2020-07-28,6217.0,-72.0,0.0,100,321.17,324.0,0,0.0,0.0,,0.0,1,18.25,16.14,SPY201120C00323000,323.0,normalDay
2020-07-29,6217.0,126.0,0.0,100,325.12,324.0,0,0.0,0.0,,0.0,1,18.25,18.11,SPY201120C00323000,323.0,normalDay
2020-07-30,6217.0,25.0,0.0,100,323.96,324.0,0,0.0,0.0,,0.0,1,18.25,17.96,SPY201120C00323000,323.0,normalDay
2020-07-31,6217.0,145.0,0.0,100,326.52,324.0,0,0.0,0.0,,0.0,1,18.25,19.32,SPY201120C00323000,323.0,normalDay
2020-08-03,6217.0,266.0,0.0,100,328.79,324.0,0,0.0,0.0,,0.0,1,18.25,20.38,SPY201120C00323000,323.0,normalDay
2020-08-04,6217.0,355.0,0.0,100,330.06,324.0,0,0.0,0.0,,0.0,1,18.25,20.76,SPY201120C00323000,323.0,normalDay
2020-08-05,6217.0,452.0,0.0,100,332.11,324.0,0,0.0,0.0,,0.0,1,18.25,21.84,SPY201120C00323000,323.0,normalDay
2020-08-06,6217.0,523.0,0.0,100,334.33,324.0,0,0.0,0.0,,0.0,1,18.25,23.35,SPY201120C00323000,323.0,normalDay
2020-08-07,6217.0,541.0,0.0,100,334.57,324.0,0,0.0,0.0,,0.0,1,18.25,23.41,SPY201120C00323000,323.0,normalDay
2020-08-10,6217.0,614.0,0.0,100,335.57,324.0,0,0.0,0.0,,0.0,1,18.25,23.68,SPY201120C00323000,323.0,normalDay
2020-08-11,6217.0,466.0,0.0,100,332.8,324.0,0,0.0,0.0,,0.0,1,18.25,22.39,SPY201120C00323000,323.0,normalDay
2020-08-12,6217.0,672.0,0.0,100,337.44,324.0,0,0.0,0.0,,0.0,1,18.25,24.97,SPY201120C00323000,323.0,normalDay
2020-08-13,6217.0,665.0,0.0,100,336.83,324.0,0,0.0,0.0,,0.0,1,18.25,24.43,SPY201120C00323000,323.0,normalDay
2020-08-14,6217.0,672.0,0.0,100,336.84,324.0,0,0.0,0.0,,0.0,1,18.25,24.37,SPY201120C00323000,323.0,normalDay
2020-08-17,6217.0,757.0,0.0,100,337.91,324.0,0,0.0,0.0,,0.0,1,18.25,24.59,SPY201120C00323000,323.0,normalDay
2020-08-18,6217.0,791.0,0.0,100,338.64,324.0,0,0.0,0.0,,0.0,1,18.25,24.98,SPY201120C00323000,323.0,normalDay
2020-08-19,6217.0,734.0,0.0,100,337.23,324.0,0,0.0,0.0,,0.0,1,18.25,24.14,SPY201120C00323000,323.0,normalDay
2020-08-20,6217.0,789.0,0.0,100,338.28,324.0,0,0.0,0.0,,0.0,1,18.25,24.64,SPY201120C00323000,323.0,normalDay
2020-08-21,6217.0,818.0,0.0,100,339.48,324.0,0,0.0,0.0,,0.0,1,18.25,25.55,SPY201120C00323000,323.0,normalDay
2020-08-24,6217.0,929.0,0.0,100,342.92,324.0,0,0.0,0.0,,0.0,1,18.25,27.88,SPY201120C00323000,323.0,normalDay
2020-08-25,6217.0,948.0,0.0,100,344.12,324.0,0,0.0,0.0,,0.0,1,18.25,28.89,SPY201120C00323000,323.0,normalDay
2020-08-26,6217.0,986.0,0.0,100,347.57,324.0,0,0.0,0.0,,0.0,1,18.25,31.96,SPY201120C00323000,323.0,normalDay
2020-08-27,6217.0,953.0,0.0,100,348.33,324.0,0,0.0,0.0,,0.0,1,18.25,33.05,SPY201120C00323000,323.0,normalDay
2020-08-28,6217.0,1053.0,0.0,100,350.58,324.0,0,0.0,0.0,,0.0,1,18.25,34.3,SPY201120C00323000,323.0,normalDay
2020-08-31,6217.0,901.0,0.0,100,349.31,324.0,0,0.0,0.0,,0.0,1,18.25,34.55,SPY201120C00323000,323.0,normalDay
2020-09-01,6217.0,997.0,0.0,100,352.6,324.0,0,0.0,0.0,,0.0,1,18.25,36.88,SPY201120C00323000,323.0,normalDay
2020-09-02,6217.0,1021.0,0.0,100,357.7,324.0,0,0.0,0.0,,0.0,1,18.25,41.74,SPY201120C00323000,323.0,normalDay
2020-09-03,6217.0,587.0,0.0,100,345.39,324.0,0,0.0,0.0,,0.0,1,18.25,33.77,SPY201120C00323000,323.0,normalDay
2020-09-04,6217.0,710.0,0.0,100,342.57,324.0,0,0.0,0.0,,0.0,1,18.25,29.72,SPY201120C00323000,323.0,normalDay
2020-09-08,6217.0,476.0,0.0,100,333.21,324.0,0,0.0,0.0,,0.0,1,18.25,22.7,SPY201120C00323000,323.0,normalDay
2020-09-09,6217.0,791.0,0.0,100,339.79,324.0,0,0.0,0.0,,0.0,1,18.25,26.13,SPY201120C00323000,323.0,normalDay
2020-09-10,6217.0,577.0,0.0,100,333.89,324.0,0,0.0,0.0,,0.0,1,18.25,22.37,SPY201120C00323000,323.0,normalDay
2020-09-11,6217.0,730.0,0.0,100,334.06,324.0,0,0.0,0.0,,0.0,1,18.25,21.01,SPY201120C00323000,323.0,normalDay
2020-09-14,6217.0,861.0,0.0,100,338.46,324.0,0,0.0,0.0,,0.0,1,18.25,24.1,SPY201120C00323000,323.0,normalDay
2020-09-15,6217.0,908.0,0.0,100,340.17,324.0,0,0.0,0.0,,0.0,1,18.25,25.34,SPY201120C00323000,323.0,normalDay
2020-09-16,6217.0,909.0,0.0,100,338.82,324.0,0,0.0,0.0,,0.0,1,18.25,23.98,SPY201120C00323000,323.0,normalDay
2020-09-17,6217.0,811.0,0.0,100,335.84,324.0,0,0.0,0.0,,0.0,1,18.25,21.98,SPY201120C00323000,323.0,normalDay
2020-09-18,6217.0,605.0,0.0,100,330.65,324.0,0,0.0,0.0,,0.0,1,18.25,18.85,SPY201120C00323000,323.0,normalDay
2020-09-21,6217.0,423.0,0.0,100,326.97,324.0,0,0.0,0.0,,0.0,1,18.25,16.99,SPY201120C00323000,323.0,normalDay
2020-09-22,6217.0,593.0,0.0,100,330.3,324.0,0,0.0,0.0,,0.0,1,18.25,18.62,SPY201120C00323000,323.0,normalDay
2020-09-23,6217.0,233.0,0.0,100,322.64,324.0,0,0.0,0.0,,0.0,1,18.25,14.56,SPY201120C00323000,323.0,normalDay
2020-09-24,6217.0,297.0,0.0,100,323.5,324.0,0,0.0,0.0,,0.0,1,18.25,14.78,SPY201120C00323000,323.0,normalDay
2020-09-25,6217.0,570.0,0.0,100,328.73,324.0,0,0.0,0.0,,0.0,1,18.25,17.28,SPY201120C00323000,323.0,normalDay
2020-09-28,6217.0,759.0,0.0,100,334.19,324.0,0,0.0,0.0,,0.0,1,18.25,20.85,SPY201120C00323000,323.0,normalDay
2020-09-29,6217.0,671.0,0.0,100,332.37,324.0,0,0.0,0.0,,0.0,1,18.25,19.91,SPY201120C00323000,323.0,normalDay
2020-09-30,6217.0,884.0,0.0,100,334.89,324.0,0,0.0,0.0,,0.0,1,18.25,20.3,SPY201120C00323000,323.0,normalDay
2020-10-01,6217.0,857.0,0.0,100,337.04,324.0,0,0.0,0.0,,0.0,1,18.25,22.72,SPY201120C00323000,323.0,normalDay
2020-10-02,6217.0,756.0,0.0,100,333.84,324.0,0,0.0,0.0,,0.0,1,18.25,20.53,SPY201120C00323000,323.0,normalDay
2020-10-05,6217.0,1007.0,0.0,100,339.76,324.0,0,0.0,0.0,,0.0,1,18.25,23.94,SPY201120C00323000,323.0,normalDay
2020-10-06,6217.0,833.0,0.0,100,334.93,324.0,0,0.0,0.0,,0.0,1,18.25,20.85,SPY201120C00323000,323.0,normalDay
2020-10-07,6217.0,1078.0,0.0,100,340.76,324.0,0,0.0,0.0,,0.0,1,18.25,24.23,SPY201120C00323000,323.0,normalDay
2020-10-08,6217.0,1208.0,0.0,100,343.78,324.0,0,0.0,0.0,,0.0,1,18.25,25.95,SPY201120C00323000,323.0,normalDay
2020-10-09,6217.0,1293.0,0.0,100,346.85,324.0,0,0.0,0.0,,0.0,1,18.25,28.17,SPY201120C00323000,323.0,normalDay
2020-10-12,6217.0,1385.0,0.0,100,352.43,324.0,0,0.0,0.0,,0.0,1,18.25,32.83,SPY201120C00323000,323.0,normalDay
2020-10-13,6217.0,1349.0,0.0,100,350.13,324.0,0,0.0,0.0,,0.0,1,18.25,30.89,SPY201120C00323000,323.0,normalDay
2020-10-14,6217.0,1329.0,0.0,100,347.93,324.0,0,0.0,0.0,,0.0,1,18.25,28.89,SPY201120C00323000,323.0,normalDay
2020-10-15,6217.0,1317.0,0.0,100,347.5,324.0,0,0.0,0.0,,0.0,1,18.25,28.58,SPY201120C00323000,323.0,normalDay
2020-10-16,6217.0,1373.0,0.0,100,347.29,324.0,0,0.0,0.0,,0.0,1,18.25,27.81,SPY201120C00323000,323.0,normalDay
2020-10-19,6217.0,1195.0,0.0,100,342.01,324.0,0,0.0,0.0,,0.0,1,18.25,24.31,SPY201120C00323000,323.0,normalDay
2020-10-20,6217.0,1279.0,0.0,100,343.38,324.0,0,0.0,0.0,,0.0,1,18.25,24.84,SPY201120C00323000,323.0,normalDay
2020-10-21,6217.0,1237.0,0.0,100,342.73,324.0,0,0.0,0.0,,0.0,1,18.25,24.61,SPY201120C00323000,323.0,normalDay
2020-10-22,6217.0,1347.0,0.0,100,344.61,324.0,0,0.0,0.0,,0.0,1,18.25,25.39,SPY201120C00323000,323.0,normalDay
2020-10-23,6217.0,1419.0,0.0,100,345.78,324.0,0,0.0,0.0,,0.0,1,18.25,25.84,SPY201120C00323000,323.0,normalDay
2020-10-26,6217.0,1168.0,0.0,100,339.39,324.0,0,0.0,0.0,,0.0,1,18.25,21.96,SPY201120C00323000,323.0,normalDay
2020-10-27,6217.0,1143.0,0.0,100,338.22,324.0,0,0.0,0.0,,0.0,1,18.25,21.04,SPY201120C00323000,323.0,normalDay
2020-10-28,6217.0,646.0,0.0,100,326.66,324.0,0,0.0,0.0,,0.0,1,18.25,14.45,SPY201120C00323000,323.0,normalDay
2020-10-29,6217.0,822.0,0.0,100,329.98,324.0,0,0.0,0.0,,0.0,1,18.25,16.01,SPY201120C00323000,323.0,normalDay
2020-10-30,6217.0,702.0,0.0,100,326.54,324.0,0,0.0,0.0,,0.0,1,18.25,13.77,SPY201120C00323000,323.0,normalDay
2020-11-02,6217.0,939.0,0.0,100,330.2,324.0,0,0.0,0.0,,0.0,1,18.25,15.06,SPY201120C00323000,323.0,normalDay
2020-11-03,6217.0,1240.0,0.0,100,336.03,324.0,0,0.0,0.0,,0.0,1,18.25,17.88,SPY201120C00323000,323.0,normalDay
2020-11-04,6217.0,1456.0,0.0,100,343.54,324.0,0,0.0,0.0,,0.0,1,18.25,23.23,SPY201120C00323000,323.0,normalDay
2020-11-05,6217.0,1557.0,0.0,100,350.24,324.0,0,0.0,0.0,,0.0,1,18.25,28.92,SPY201120C00323000,323.0,normalDay
2020-11-06,6217.0,1623.0,0.0,100,350.16,324.0,0,0.0,0.0,,0.0,1,18.25,28.18,SPY201120C00323000,323.0,normalDay
2020-11-09,6217.0,1550.0,0.0,100,354.56,324.0,0,0.0,0.0,,0.0,1,18.25,33.31,SPY201120C00323000,323.0,normalDay
2020-11-10,6217.0,1608.0,0.0,100,354.04,324.0,0,0.0,0.0,,0.0,1,18.25,32.21,SPY201120C00323000,323.0,normalDay
2020-11-11,6217.0,1629.0,0.0,100,356.67,324.0,0,0.0,0.0,,0.0,1,18.25,34.63,SPY201120C00323000,323.0,normalDay
2020-11-12,6217.0,1610.0,0.0,100,353.21,324.0,0,0.0,0.0,,0.0,1,18.25,31.36,SPY201120C00323000,323.0,normalDay
2020-11-13,6217.0,1691.0,0.0,100,358.1,324.0,0,0.0,0.0,,0.0,1,18.25,35.44,SPY201120C00323000,323.0,normalDay
2020-11-16,6217.0,1727.0,0.0,100,362.57,324.0,0,0.0,0.0,,0.0,1,18.25,39.55,SPY201120C00323000,323.0,normalDay
2020-11-17,6217.0,1691.0,0.0,100,360.62,324.0,0,0.0,0.0,,0.0,1,18.25,37.96,SPY201120C00323000,323.0,normalDay
2020-11-18,6217.0,1676.0,0.0,100,356.28,324.0,0,0.0,0.0,,0.0,1,18.25,33.77,SPY201120C00323000,323.0,normalDay
2020-11-19,6217.0,1703.0,0.0,100,357.78,324.0,0,0.0,0.0,,0.0,1,18.25,35.0,SPY201120C00323000,323.0,normalDay
2020-11-20,7942.0,1703.0,1725.0,0,355.33,0.0,0,0.0,0.0,,0.0,1,18.25,0.0,SPY201120C00323000,323.0,expirationDay
2020-11-23,7942.0,-3.0,0.0,0,357.46,0.0,1,1.07,1.1,SPY201211P00332000,332.0,0,0.0,0.0,,0.0,normalDay
2020-11-24,7942.0,44.0,0.0,0,363.22,0.0,1,1.07,0.63,SPY201211P00332000,332.0,0,0.0,0.0,,0.0,normalDay
2020-11-25,7942.0,52.0,0.0,0,362.66,0.0,1,1.07,0.55,SPY201211P00332000,332.0,0,0.0,0.0,,0.0,normalDay
2020-11-27,7942.0,67.0,0.0,0,363.67,0.0,1,1.07,0.4,SPY201211P00332000,332.0,0,0.0,0.0,,0.0,normalDay
2020-11-30,7942.0,77.0,0.0,0,362.06,0.0,1,1.07,0.3,SPY201211P00332000,332.0,0,0.0,0.0,,0.0,normalDay
2020-12-01,7942.0,83.0,0.0,0,366.02,0.0,1,1.07,0.24,SPY201211P00332000,332.0,0,0.0,0.0,,0.0,normalDay
2020-12-02,7942.0,87.0,0.0,0,366.79,0.0,1,1.07,0.2,SPY201211P00332000,332.0,0,0.0,0.0,,0.0,normalDay
2020-12-03,7942.0,89.0,0.0,0,366.69,0.0,1,1.07,0.18,SPY201211P00332000,332.0,0,0.0,0.0,,0.0,normalDay
2020-12-04,7942.0,99.0,0.0,0,369.85,0.0,1,1.07,0.08,SPY201211P00332000,332.0,0,0.0,0.0,,0.0,normalDay
2020-12-07,7942.0,103.0,0.0,0,369.09,0.0,1,1.07,0.04,SPY201211P00332000,332.0,0,0.0,0.0,,0.0,normalDay
2020-12-08,7942.0,105.0,0.0,0,370.17,0.0,1,1.07,0.02,SPY201211P00332000,332.0,0,0.0,0.0,,0.0,normalDay
2020-12-09,7942.0,103.0,0.0,0,366.85,0.0,1,1.07,0.04,SPY201211P00332000,332.0,0,0.0,0.0,,0.0,normalDay
2020-12-10,7942.0,106.0,0.0,0,366.73,0.0,1,1.07,0.01,SPY201211P00332000,332.0,0,0.0,0.0,,0.0,normalDay
2020-12-11,8049.0,0.0,107.0,0,366.3,0.0,1,1.07,0.0,SPY201211P00332000,332.0,0,0.0,0.0,,0.0,expirationDay
2020-12-14,8049.0,-7.0,0.0,0,364.66,0.0,1,3.96,4.03,SPY201231P00358000,358.0,0,0.0,0.0,,0.0,normalDay
2020-12-15,8049.0,148.0,0.0,0,369.59,0.0,1,3.96,2.48,SPY201231P00358000,358.0,0,0.0,0.0,,0.0,normalDay
2020-12-16,8049.0,195.0,0.0,0,370.17,0.0,1,3.96,2.01,SPY201231P00358000,358.0,0,0.0,0.0,,0.0,normalDay
2020-12-17,8049.0,251.0,0.0,0,372.24,0.0,1,3.96,1.45,SPY201231P00358000,358.0,0,0.0,0.0,,0.0,normalDay
2020-12-18,8049.0,269.0,0.0,0,369.18,0.0,1,3.96,1.27,SPY201231P00358000,358.0,0,0.0,0.0,,0.0,normalDay
2020-12-21,8049.0,205.0,0.0,0,367.86,0.0,1,3.96,1.91,SPY201231P00358000,358.0,0,0.0,0.0,,0.0,normalDay
2020-12-22,8049.0,235.0,0.0,0,367.24,0.0,1,3.96,1.61,SPY201231P00358000,358.0,0,0.0,0.0,,0.0,normalDay
2020-12-23,8049.0,282.0,0.0,0,367.57,0.0,1,3.96,1.14,SPY201231P00358000,358.0,0,0.0,0.0,,0.0,normalDay
2020-12-24,8049.0,341.0,0.0,0,369.0,0.0,1,3.96,0.55,SPY201231P00358000,358.0,0,0.0,0.0,,0.0,normalDay
2020-12-28,8049.0,384.0,0.0,0,372.17,0.0,1,3.96,0.12,SPY201231P00358000,358.0,0,0.0,0.0,,0.0,normalDay
2020-12-29,8049.0,385.0,0.0,0,371.46,0.0,1,3.96,0.11,SPY201231P00358000,358.0,0,0.0,0.0,,0.0,normalDay
2020-12-30,8049.0,391.0,0.0,0,371.99,0.0,1,3.96,0.05,SPY201231P00358000,358.0,0,0.0,0.0,,0.0,normalDay
2020-12-31,8445.0,0.0,396.0,0,373.88,0.0,1,3.96,0.0,SPY201231P00358000,358.0,0,0.0,0.0,,0.0,expirationDay
2021-01-04,8445.0,-6.0,0.0,0,368.79,0.0,1,5.65,5.71,SPY210122P00366000,366.0,0,0.0,0.0,,0.0,normalDay
2021-01-05,8445.0,117.0,0.0,0,371.33,0.0,1,5.65,4.48,SPY210122P00366000,366.0,0,0.0,0.0,,0.0,normalDay
2021-01-06,8445.0,179.0,0.0,0,373.55,0.0,1,5.65,3.86,SPY210122P00366000,366.0,0,0.0,0.0,,0.0,normalDay
2021-01-07,8445.0,374.0,0.0,0,379.1,0.0,1,5.65,1.91,SPY210122P00366000,366.0,0,0.0,0.0,,0.0,normalDay
2021-01-08,8445.0,424.0,0.0,0,381.26,0.0,1,5.65,1.41,SPY210122P00366000,366.0,0,0.0,0.0,,0.0,normalDay
2021-01-11,8445.0,390.0,0.0,0,378.69,0.0,1,5.65,1.75,SPY210122P00366000,366.0,0,0.0,0.0,,0.0,normalDay
2021-01-12,8445.0,417.0,0.0,0,378.77,0.0,1,5.65,1.48,SPY210122P00366000,366.0,0,0.0,0.0,,0.0,normalDay
2021-01-13,8445.0,470.0,0.0,0,379.79,0.0,1,5.65,0.95,SPY210122P00366000,366.0,0,0.0,0.0,,0.0,normalDay
2021-01-14,8445.0,452.0,0.0,0,378.46,0.0,1,5.65,1.13,SPY210122P00366000,366.0,0,0.0,0.0,,0.0,normalDay
2021-01-15,8445.0,427.0,0.0,0,375.7,0.0,1,5.65,1.38,SPY210122P00366000,366.0,0,0.0,0.0,,0.0,normalDay
2021-01-19,8445.0,530.0,0.0,0,378.65,0.0,1,5.65,0.35,SPY210122P00366000,366.0,0,0.0,0.0,,0.0,normalDay
2021-01-20,8445.0,558.0,0.0,0,383.89,0.0,1,5.65,0.07,SPY210122P00366000,366.0,0,0.0,0.0,,0.0,normalDay
2021-01-21,8445.0,563.0,0.0,0,384.24,0.0,1,5.65,0.02,SPY210122P00366000,366.0,0,0.0,0.0,,0.0,normalDay
2021-01-22,9010.0,0.0,565.0,0,382.88,0.0,1,5.65,0.0,SPY210122P00366000,366.0,0,0.0,0.0,,0.0,expirationDay
2021-01-25,9010.0,-6.0,0.0,0,384.39,0.0,1,2.5,2.56,SPY210212P00370000,370.0,0,0.0,0.0,,0.0,normalDay
2021-01-26,9010.0,13.0,0.0,0,383.79,0.0,1,2.5,2.37,SPY210212P00370000,370.0,0,0.0,0.0,,0.0,normalDay
2021-01-27,9010.0,-481.0,0.0,0,374.41,0.0,1,2.5,7.31,SPY210212P00370000,370.0,0,0.0,0.0,,0.0,normalDay
2021-01-28,9010.0,-236.0,0.0,0,377.63,0.0,1,2.5,4.86,SPY210212P00370000,370.0,0,0.0,0.0,,0.0,normalDay
2021-01-29,9010.0,-605.0,0.0,0,370.07,0.0,1,2.5,8.55,SPY210212P00370000,370.0,0,0.0,0.0,,0.0,normalDay
2021-02-01,9010.0,-202.0,0.0,0,376.23,0.0,1,2.5,4.52,SPY210212P00370000,370.0,0,0.0,0.0,,0.0,normalDay
2021-02-02,9010.0,62.0,0.0,0,381.55,0.0,1,2.5,1.88,SPY210212P00370000,370.0,0,0.0,0.0,,0.0,normalDay
2021-02-03,9010.0,125.0,0.0,0,381.85,0.0,1,2.5,1.25,SPY210212P00370000,370.0,0,0.0,0.0,,0.0,normalDay
2021-02-04,9010.0,190.0,0.0,0,386.19,0.0,1,2.5,0.6,SPY210212P00370000,370.0,0,0.0,0.0,,0.0,normalDay
2021-02-05,9010.0,224.0,0.0,0,387.71,0.0,1,2.5,0.26,SPY210212P00370000,370.0,0,0.0,0.0,,0.0,normalDay
2021-02-08,9010.0,240.0,0.0,0,390.51,0.0,1,2.5,0.1,SPY210212P00370000,370.0,0,0.0,0.0,,0.0,normalDay
2021-02-09,9010.0,243.0,0.0,0,390.25,0.0,1,2.5,0.07,SPY210212P00370000,370.0,0,0.0,0.0,,0.0,normalDay
2021-02-10,9010.0,244.0,0.0,0,390.08,0.0,1,2.5,0.06,SPY210212P00370000,370.0,0,0.0,0.0,,0.0,normalDay
2021-02-11,9010.0,248.0,0.0,0,390.71,0.0,1,2.5,0.02,SPY210212P00370000,370.0,0,0.0,0.0,,0.0,normalDay
2021-02-12,9260.0,0.0,250.0,0,392.64,0.0,1,2.5,0.0,SPY210212P00370000,370.0,0,0.0,0.0,,0.0,expirationDay
2021-02-16,9260.0,-4.0,0.0,0,392.3,0.0,1,1.9,1.94,SPY210305P00376000,376.0,0,0.0,0.0,,0.0,normalDay
2021-02-17,9260.0,21.0,0.0,0,392.39,0.0,1,1.9,1.69,SPY210305P00376000,376.0,0,0.0,0.0,,0.0,normalDay
2021-02-18,9260.0,-4.0,0.0,0,390.72,0.0,1,1.9,1.94,SPY210305P00376000,376.0,0,0.0,0.0,,0.0,normalDay
2021-02-19,9260.0,11.0,0.0,0,390.03,0.0,1,1.9,1.79,SPY210305P00376000,376.0,0,0.0,0.0,,0.0,normalDay
2021-02-22,9260.0,-15.0,0.0,0,387.03,0.0,1,1.9,2.05,SPY210305P00376000,376.0,0,0.0,0.0,,0.0,normalDay
2021-02-23,9260.0,5.0,0.0,0,387.5,0.0,1,1.9,1.85,SPY210305P00376000,376.0,0,0.0,0.0,,0.0,normalDay
2021-02-24,9260.0,103.0,0.0,0,391.77,0.0,1,1.9,0.87,SPY210305P00376000,376.0,0,0.0,0.0,,0.0,normalDay
2021-02-25,9260.0,-190.0,0.0,0,382.33,0.0,1,1.9,3.8,SPY210305P00376000,376.0,0,0.0,0.0,,0.0,normalDay
2021-02-26,9260.0,-190.0,0.0,0,380.36,0.0,1,1.9,3.8,SPY210305P00376000,376.0,0,0.0,0.0,,0.0,normalDay
2021-03-01,9260.0,116.0,0.0,0,389.58,0.0,1,1.9,0.74,SPY210305P00376000,376.0,0,0.0,0.0,,0.0,normalDay
2021-03-02,9260.0,102.0,0.0,0,386.54,0.0,1,1.9,0.88,SPY210305P00376000,376.0,0,0.0,0.0,,0.0,normalDay
2021-03-03,9260.0,29.0,0.0,0,381.42,0.0,1,1.9,1.61,SPY210305P00376000,376.0,0,0.0,0.0,,0.0,normalDay
2021-03-04,9260.0,-39.0,0.0,0,376.7,0.0,1,1.9,2.29,SPY210305P00376000,376.0,0,0.0,0.0,,0.0,normalDay
2021-03-05,9450.0,0.0,190.0,0,383.63,0.0,1,1.9,0.0,SPY210305P00376000,376.0,0,0.0,0.0,,0.0,expirationDay
2021-03-08,9450.0,-8.0,0.0,0,381.72,0.0,1,7.39,7.47,SPY210326P00381000,381.0,0,0.0,0.0,,0.0,normalDay
2021-03-09,9450.0,233.0,0.0,0,387.17,0.0,1,7.39,5.06,SPY210326P00381000,381.0,0,0.0,0.0,,0.0,normalDay
2021-03-10,9450.0,382.0,0.0,0,389.58,0.0,1,7.39,3.57,SPY210326P00381000,381.0,0,0.0,0.0,,0.0,normalDay
2021-03-11,9450.0,486.0,0.0,0,393.53,0.0,1,7.39,2.53,SPY210326P00381000,381.0,0,0.0,0.0,,0.0,normalDay
2021-03-12,9450.0,561.0,0.0,0,394.06,0.0,1,7.39,1.78,SPY210326P00381000,381.0,0,0.0,0.0,,0.0,normalDay
2021-03-15,9450.0,628.0,0.0,0,396.41,0.0,1,7.39,1.11,SPY210326P00381000,381.0,0,0.0,0.0,,0.0,normalDay
2021-03-16,9450.0,629.0,0.0,0,395.91,0.0,1,7.39,1.1,SPY210326P00381000,381.0,0,0.0,0.0,,0.0,normalDay
2021-03-17,9450.0,666.0,0.0,0,397.26,0.0,1,7.39,0.73,SPY210326P00381000,381.0,0,0.0,0.0,,0.0,normalDay
2021-03-18,9450.0,595.0,0.0,0,391.48,0.0,1,7.39,1.44,SPY210326P00381000,381.0,0,0.0,0.0,,0.0,normalDay
2021-03-19,9450.0,618.0,0.0,0,389.48,0.0,1,7.39,1.21,SPY210326P00381000,381.0,0,0.0,0.0,,0.0,normalDay
2021-03-22,9450.0,710.0,0.0,0,392.59,0.0,1,7.39,0.29,SPY210326P00381000,381.0,0,0.0,0.0,,0.0,normalDay
2021-03-23,9450.0,690.0,0.0,0,389.5,0.0,1,7.39,0.49,SPY210326P00381000,381.0,0,0.0,0.0,,0.0,normalDay
2021-03-24,9450.0,693.0,0.0,0,387.52,0.0,1,7.39,0.46,SPY210326P00381000,381.0,0,0.0,0.0,,0.0,normalDay
2021-03-25,9450.0,731.0,0.0,0,389.7,0.0,1,7.39,0.08,SPY210326P00381000,381.0,0,0.0,0.0,,0.0,normalDay
2021-03-26,10189.0,0.0,739.0,0,395.98,0.0,1,7.39,0.0,SPY210326P00381000,381.0,0,0.0,0.0,,0.0,expirationDay
2021-03-29,10189.0,-3.0,0.0,0,395.78,0.0,1,2.28,2.31,SPY210416P00382000,382.0,0,0.0,0.0,,0.0,normalDay
2021-03-30,10189.0,16.0,0.0,0,394.73,0.0,1,2.28,2.12,SPY210416P00382000,382.0,0,0.0,0.0,,0.0,normalDay
2021-03-31,10189.0,67.0,0.0,0,396.33,0.0,1,2.28,1.61,SPY210416P00382000,382.0,0,0.0,0.0,,0.0,normalDay
2021-04-01,10189.0,147.0,0.0,0,400.61,0.0,1,2.28,0.81,SPY210416P00382000,382.0,0,0.0,0.0,,0.0,normalDay
2021-04-05,10189.0,187.0,0.0,0,406.36,0.0,1,2.28,0.41,SPY210416P00382000,382.0,0,0.0,0.0,,0.0,normalDay
2021-04-06,10189.0,190.0,0.0,0,406.12,0.0,1,2.28,0.38,SPY210416P00382000,382.0,0,0.0,0.0,,0.0,normalDay
2021-04-07,10189.0,205.0,0.0,0,406.59,0.0,1,2.28,0.23,SPY210416P00382000,382.0,0,0.0,0.0,,0.0,normalDay
2021-04-08,10189.0,212.0,0.0,0,408.52,0.0,1,2.28,0.16,SPY210416P00382000,382.0,0,0.0,0.0,,0.0,normalDay
2021-04-09,10189.0,220.0,0.0,0,411.49,0.0,1,2.28,0.08,SPY210416P00382000,382.0,0,0.0,0.0,,0.0,normalDay
2021-04-12,10189.0,225.0,0.0,0,411.64,0.0,1,2.28,0.03,SPY210416P00382000,382.0,0,0.0,0.0,,0.0,normalDay
2021-04-13,10189.0,225.0,0.0,0,412.86,0.0,1,2.28,0.03,SPY210416P00382000,382.0,0,0.0,0.0,,0.0,normalDay
2021-04-14,10189.0,225.0,0.0,0,411.45,0.0,1,2.28,0.03,SPY210416P00382000,382.0,0,0.0,0.0,,0.0,normalDay
2021-04-15,10189.0,227.0,0.0,0,415.87,0.0,1,2.28,0.01,SPY210416P00382000,382.0,0,0.0,0.0,,0.0,normalDay
2021-04-16,10417.0,0.0,228.0,0,417.26,0.0,1,2.28,0.0,SPY210416P00382000,382.0,0,0.0,0.0,,0.0,expirationDay
2021-04-19,10417.0,-4.0,0.0,0,415.21,0.0,1,0.91,0.95,SPY210507P00391000,391.0,0,0.0,0.0,,0.0,normalDay
2021-04-20,10417.0,-41.0,0.0,0,412.17,0.0,1,0.91,1.32,SPY210507P00391000,391.0,0,0.0,0.0,,0.0,normalDay
2021-04-21,10417.0,21.0,0.0,0,416.07,0.0,1,0.91,0.7,SPY210507P00391000,391.0,0,0.0,0.0,,0.0,normalDay
2021-04-22,10417.0,-16.0,0.0,0,412.27,0.0,1,0.91,1.07,SPY210507P00391000,391.0,0,0.0,0.0,,0.0,normalDay
2021-04-23,10417.0,45.0,0.0,0,416.74,0.0,1,0.91,0.46,SPY210507P00391000,391.0,0,0.0,0.0,,0.0,normalDay
2021-04-26,10417.0,63.0,0.0,0,417.61,0.0,1,0.91,0.28,SPY210507P00391000,391.0,0,0.0,0.0,,0.0,normalDay
2021-04-27,10417.0,68.0,0.0,0,417.52,0.0,1,0.91,0.23,SPY210507P00391000,391.0,0,0.0,0.0,,0.0,normalDay
2021-04-28,10417.0,77.0,0.0,0,417.4,0.0,1,0.91,0.14,SPY210507P00391000,391.0,0,0.0,0.0,,0.0,normalDay
2021-04-29,10417.0,79.0,0.0,0,420.06,0.0,1,0.91,0.12,SPY210507P00391000,391.0,0,0.0,0.0,,0.0,normalDay
2021-04-30,10417.0,77.0,0.0,0,417.3,0.0,1,0.91,0.14,SPY210507P00391000,391.0,0,0.0,0.0,,0.0,normalDay
2021-05-03,10417.0,83.0,0.0,0,418.2,0.0,1,0.91,0.08,SPY210507P00391000,391.0,0,0.0,0.0,,0.0,normalDay
2021-05-04,10417.0,82.0,0.0,0,415.62,0.0,1,0.91,0.09,SPY210507P00391000,391.0,0,0.0,0.0,,0.0,normalDay
2021-05-05,10417.0,84.0,0.0,0,415.75,0.0,1,0.91,0.07,SPY210507P00391000,391.0,0,0.0,0.0,,0.0,normalDay
2021-05-06,10417.0,89.0,0.0,0,419.07,0.0,1,0.91,0.02,SPY210507P00391000,391.0,0,0.0,0.0,,0.0,normalDay
2021-05-07,10508.0,0.0,91.0,0,422.12,0.0,1,0.91,0.0,SPY210507P00391000,391.0,0,0.0,0.0,,0.0,expirationDay
2021-05-10,10508.0,-4.0,0.0,0,417.94,0.0,1,4.31,4.35,SPY210528P00413000,413.0,0,0.0,0.0,,0.0,normalDay
2021-05-11,10508.0,-166.0,0.0,0,414.21,0.0,1,4.31,5.97,SPY210528P00413000,413.0,0,0.0,0.0,,0.0,normalDay
2021-05-12,10508.0,-717.0,0.0,0,405.41,0.0,1,4.31,11.48,SPY210528P00413000,413.0,0,0.0,0.0,,0.0,normalDay
2021-05-13,10508.0,-344.0,0.0,0,410.28,0.0,1,4.31,7.75,SPY210528P00413000,413.0,0,0.0,0.0,,0.0,normalDay
2021-05-14,10508.0,84.0,0.0,0,416.58,0.0,1,4.31,3.47,SPY210528P00413000,413.0,0,0.0,0.0,,0.0,normalDay
2021-05-17,10508.0,76.0,0.0,0,415.52,0.0,1,4.31,3.55,SPY210528P00413000,413.0,0,0.0,0.0,,0.0,normalDay
2021-05-18,10508.0,-85.0,0.0,0,411.94,0.0,1,4.31,5.16,SPY210528P00413000,413.0,0,0.0,0.0,,0.0,normalDay
2021-05-19,10508.0,-121.0,0.0,0,410.86,0.0,1,4.31,5.52,SPY210528P00413000,413.0,0,0.0,0.0,,0.0,normalDay
2021-05-20,10508.0,121.0,0.0,0,415.28,0.0,1,4.31,3.1,SPY210528P00413000,413.0,0,0.0,0.0,,0.0,normalDay
2021-05-21,10508.0,170.0,0.0,0,414.94,0.0,1,4.31,2.61,SPY210528P00413000,413.0,0,0.0,0.0,,0.0,normalDay
2021-05-24,10508.0,361.0,0.0,0,419.17,0.0,1,4.31,0.7,SPY210528P00413000,413.0,0,0.0,0.0,,0.0,normalDay
2021-05-25,10508.0,353.0,0.0,0,418.24,0.0,1,4.31,0.78,SPY210528P00413000,413.0,0,0.0,0.0,,0.0,normalDay
2021-05-26,10508.0,398.0,0.0,0,419.07,0.0,1,4.31,0.33,SPY210528P00413000,413.0,0,0.0,0.0,,0.0,normalDay
2021-05-27,10508.0,424.0,0.0,0,419.29,0.0,1,4.31,0.07,SPY210528P00413000,413.0,0,0.0,0.0,,0.0,normalDay
2021-05-28,10939.0,0.0,431.0,0,420.04,0.0,1,4.31,0.0,SPY210528P00413000,413.0,0,0.0,0.0,,0.0,expirationDay
2021-06-01,10939.0,-3.0,0.0,0,419.67,0.0,1,2.75,2.78,SPY210618P00411000,411.0,0,0.0,0.0,,0.0,normalDay
2021-06-02,10939.0,45.0,0.0,0,420.33,0.0,1,2.75,2.3,SPY210618P00411000,411.0,0,0.0,0.0,,0.0,normalDay
2021-06-03,10939.0,7.0,0.0,0,418.77,0.0,1,2.75,2.68,SPY210618P00411000,411.0,0,0.0,0.0,,0.0,normalDay
2021-06-04,10939.0,126.0,0.0,0,422.6,0.0,1,2.75,1.49,SPY210618P00411000,411.0,0,0.0,0.0,,0.0,normalDay
2021-06-07,10939.0,163.0,0.0,0,422.19,0.0,1,2.75,1.12,SPY210618P00411000,411.0,0,0.0,0.0,,0.0,normalDay
2021-06-08,10939.0,150.0,0.0,0,422.28,0.0,1,2.75,1.25,SPY210618P00411000,411.0,0,0.0,0.0,,0.0,normalDay
2021-06-09,10939.0,132.0,0.0,0,421.65,0.0,1,2.75,1.43,SPY210618P00411000,411.0,0,0.0,0.0,,0.0,normalDay
2021-06-10,10939.0,209.0,0.0,0,423.61,0.0,1,2.75,0.66,SPY210618P00411000,411.0,0,0.0,0.0,,0.0,normalDay
2021-06-11,10939.0,227.0,0.0,0,424.31,0.0,1,2.75,0.48,SPY210618P00411000,411.0,0,0.0,0.0,,0.0,normalDay
2021-06-14,10939.0,243.0,0.0,0,425.26,0.0,1,2.75,0.32,SPY210618P00411000,411.0,0,0.0,0.0,,0.0,normalDay
2021-06-15,10939.0,236.0,0.0,0,424.48,0.0,1,2.75,0.39,SPY210618P00411000,411.0,0,0.0,0.0,,0.0,normalDay
2021-06-16,10939.0,222.0,0.0,0,422.11,0.0,1,2.75,0.53,SPY210618P00411000,411.0,0,0.0,0.0,,0.0,normalDay
2021-06-17,10939.0,256.0,0.0,0,421.97,0.0,1,2.75,0.19,SPY210618P00411000,411.0,0,0.0,0.0,,0.0,normalDay
2021-06-18,11214.0,0.0,275.0,0,414.92,0.0,1,2.75,0.0,SPY210618P00411000,411.0,0,0.0,0.0,,0.0,expirationDay
2021-06-21,11214.0,-4.0,0.0,0,420.86,0.0,1,3.54,3.58,SPY210709P00418000,418.0,0,0.0,0.0,,0.0,normalDay
2021-06-22,11214.0,93.0,0.0,0,423.11,0.0,1,3.54,2.61,SPY210709P00418000,418.0,0,0.0,0.0,,0.0,normalDay
2021-06-23,11214.0,111.0,0.0,0,422.6,0.0,1,3.54,2.43,SPY210709P00418000,418.0,0,0.0,0.0,,0.0,normalDay
2021-06-24,11214.0,186.0,0.0,0,425.1,0.0,1,3.54,1.68,SPY210709P00418000,418.0,0,0.0,0.0,,0.0,normalDay
2021-06-25,11214.0,236.0,0.0,0,426.61,0.0,1,3.54,1.18,SPY210709P00418000,418.0,0,0.0,0.0,,0.0,normalDay
2021-06-28,11214.0,268.0,0.0,0,427.47,0.0,1,3.54,0.86,SPY210709P00418000,418.0,0,0.0,0.0,,0.0,normalDay
2021-06-29,11214.0,279.0,0.0,0,427.7,0.0,1,3.54,0.75,SPY210709P00418000,418.0,0,0.0,0.0,,0.0,normalDay
2021-06-30,11214.0,303.0,0.0,0,428.06,0.0,1,3.54,0.51,SPY210709P00418000,418.0,0,0.0,0.0,,0.0,normalDay
2021-07-01,11214.0,316.0,0.0,0,430.43,0.0,1,3.54,0.38,SPY210709P00418000,418.0,0,0.0,0.0,,0.0,normalDay
2021-07-02,11214.0,341.0,0.0,0,433.72,0.0,1,3.54,0.13,SPY210709P00418000,418.0,0,0.0,0.0,,0.0,normalDay
2021-07-06,11214.0,347.0,0.0,0,432.93,0.0,1,3.54,0.07,SPY210709P00418000,418.0,0,0.0,0.0,,0.0,normalDay
2021-07-07,11214.0,351.0,0.0,0,434.46,0.0,1,3.54,0.03,SPY210709P00418000,418.0,0,0.0,0.0,,0.0,normalDay
2021-07-08,11214.0,351.0,0.0,0,430.92,0.0,1,3.54,0.03,SPY210709P00418000,418.0,0,0.0,0.0,,0.0,normalDay
2021-07-09,11568.0,0.0,354.0,0,435.52,0.0,1,3.54,0.0,SPY210709P00418000,418.0,0,0.0,0.0,,0.0,expirationDay
2021-07-12,11568.0,-3.0,0.0,0,437.08,0.0,1,1.32,1.35,SPY210730P00420000,420.0,0,0.0,0.0,,0.0,normalDay
2021-07-13,11568.0,-35.0,0.0,0,435.59,0.0,1,1.32,1.67,SPY210730P00420000,420.0,0,0.0,0.0,,0.0,normalDay
2021-07-14,11568.0,10.0,0.0,0,436.24,0.0,1,1.32,1.22,SPY210730P00420000,420.0,0,0.0,0.0,,0.0,normalDay
2021-07-15,11568.0,-13.0,0.0,0,434.75,0.0,1,1.32,1.45,SPY210730P00420000,420.0,0,0.0,0.0,,0.0,normalDay
2021-07-16,11568.0,-77.0,0.0,0,431.34,0.0,1,1.32,2.09,SPY210730P00420000,420.0,0,0.0,0.0,,0.0,normalDay
2021-07-19,11568.0,-261.0,0.0,0,424.97,0.0,1,1.32,3.93,SPY210730P00420000,420.0,0,0.0,0.0,,0.0,normalDay
2021-07-20,11568.0,-49.0,0.0,0,431.06,0.0,1,1.32,1.81,SPY210730P00420000,420.0,0,0.0,0.0,,0.0,normalDay
2021-07-21,11568.0,58.0,0.0,0,434.55,0.0,1,1.32,0.74,SPY210730P00420000,420.0,0,0.0,0.0,,0.0,normalDay
2021-07-22,11568.0,82.0,0.0,0,435.46,0.0,1,1.32,0.5,SPY210730P00420000,420.0,0,0.0,0.0,,0.0,normalDay
2021-07-23,11568.0,115.0,0.0,0,439.94,0.0,1,1.32,0.17,SPY210730P00420000,420.0,0,0.0,0.0,,0.0,normalDay
2021-07-26,11568.0,125.0,0.0,0,441.02,0.0,1,1.32,0.07,SPY210730P00420000,420.0,0,0.0,0.0,,0.0,normalDay
2021-07-27,11568.0,118.0,0.0,0,439.01,0.0,1,1.32,0.14,SPY210730P00420000,420.0,0,0.0,0.0,,0.0,normalDay
2021-07-28,11568.0,127.0,0.0,0,438.83,0.0,1,1.32,0.05,SPY210730P00420000,420.0,0,0.0,0.0,,0.0,normalDay
2021-07-29,11568.0,130.0,0.0,0,440.65,0.0,1,1.32,0.02,SPY210730P00420000,420.0,0,0.0,0.0,,0.0,normalDay
2021-07-30,11700.0,0.0,132.0,0,438.51,0.0,1,1.32,0.0,SPY210730P00420000,420.0,0,0.0,0.0,,0.0,expirationDay
2021-08-02,11700.0,-3.0,0.0,0,437.59,0.0,1,3.24,3.27,SPY210820P00430000,430.0,0,0.0,0.0,,0.0,normalDay
2021-08-03,11700.0,118.0,0.0,0,441.15,0.0,1,3.24,2.06,SPY210820P00430000,430.0,0,0.0,0.0,,0.0,normalDay
2021-08-04,11700.0,101.0,0.0,0,438.98,0.0,1,3.24,2.23,SPY210820P00430000,430.0,0,0.0,0.0,,0.0,normalDay
2021-08-05,11700.0,166.0,0.0,0,441.76,0.0,1,3.24,1.58,SPY210820P00430000,430.0,0,0.0,0.0,,0.0,normalDay
2021-08-06,11700.0,220.0,0.0,0,442.49,0.0,1,3.24,1.04,SPY210820P00430000,430.0,0,0.0,0.0,,0.0,normalDay
2021-08-09,11700.0,237.0,0.0,0,442.13,0.0,1,3.24,0.87,SPY210820P00430000,430.0,0,0.0,0.0,,0.0,normalDay
2021-08-10,11700.0,240.0,0.0,0,442.68,0.0,1,3.24,0.84,SPY210820P00430000,430.0,0,0.0,0.0,,0.0,normalDay
2021-08-11,11700.0,276.0,0.0,0,443.78,0.0,1,3.24,0.48,SPY210820P00430000,430.0,0,0.0,0.0,,0.0,normalDay
2021-08-12,11700.0,291.0,0.0,0,445.11,0.0,1,3.24,0.33,SPY210820P00430000,430.0,0,0.0,0.0,,0.0,normalDay
2021-08-13,11700.0,304.0,0.0,0,445.92,0.0,1,3.24,0.2,SPY210820P00430000,430.0,0,0.0,0.0,,0.0,normalDay
2021-08-16,11700.0,309.0,0.0,0,446.97,0.0,1,3.24,0.15,SPY210820P00430000,430.0,0,0.0,0.0,,0.0,normalDay
2021-08-17,11700.0,298.0,0.0,0,444.04,0.0,1,3.24,0.26,SPY210820P00430000,430.0,0,0.0,0.0,,0.0,normalDay
2021-08-18,11700.0,244.0,0.0,0,439.18,0.0,1,3.24,0.8,SPY210820P00430000,430.0,0,0.0,0.0,,0.0,normalDay
2021-08-19,11700.0,306.0,0.0,0,439.86,0.0,1,3.24,0.18,SPY210820P00430000,430.0,0,0.0,0.0,,0.0,normalDay
2021-08-20,12024.0,0.0,324.0,0,443.36,0.0,1,3.24,0.0,SPY210820P00430000,430.0,0,0.0,0.0,,0.0,expirationDay
2021-08-23,12024.0,-3.0,0.0,0,447.26,0.0,1,2.11,2.14,SPY210910P00438000,438.0,0,0.0,0.0,,0.0,normalDay
2021-08-24,12024.0,15.0,0.0,0,447.97,0.0,1,2.11,1.96,SPY210910P00438000,438.0,0,0.0,0.0,,0.0,normalDay
2021-08-25,12024.0,54.0,0.0,0,448.91,0.0,1,2.11,1.57,SPY210910P00438000,438.0,0,0.0,0.0,,0.0,normalDay
2021-08-26,12024.0,-31.0,0.0,0,446.26,0.0,1,2.11,2.42,SPY210910P00438000,438.0,0,0.0,0.0,,0.0,normalDay
2021-08-27,12024.0,105.0,0.0,0,450.25,0.0,1,2.11,1.06,SPY210910P00438000,438.0,0,0.0,0.0,,0.0,normalDay
2021-08-30,12024.0,150.0,0.0,0,452.23,0.0,1,2.11,0.61,SPY210910P00438000,438.0,0,0.0,0.0,,0.0,normalDay
2021-08-31,12024.0,147.0,0.0,0,451.56,0.0,1,2.11,0.64,SPY210910P00438000,438.0,0,0.0,0.0,,0.0,normalDay
2021-09-01,12024.0,165.0,0.0,0,451.8,0.0,1,2.11,0.46,SPY210910P00438000,438.0,0,0.0,0.0,,0.0,normalDay
2021-09-02,12024.0,169.0,0.0,0,453.19,0.0,1,2.11,0.42,SPY210910P00438000,438.0,0,0.0,0.0,,0.0,normalDay
2021-09-03,12024.0,187.0,0.0,0,453.08,0.0,1,2.11,0.24,SPY210910P00438000,438.0,0,0.0,0.0,,0.0,normalDay
2021-09-07,12024.0,195.0,0.0,0,451.46,0.0,1,2.11,0.16,SPY210910P00438000,438.0,0,0.0,0.0,,0.0,normalDay
2021-09-08,12024.0,202.0,0.0,0,450.91,0.0,1,2.11,0.09,SPY210910P00438000,438.0,0,0.0,0.0,,0.0,normalDay
2021-09-09,12024.0,205.0,0.0,0,448.98,0.0,1,2.11,0.06,SPY210910P00438000,438.0,0,0.0,0.0,,0.0,normalDay
2021-09-10,12235.0,0.0,211.0,0,445.44,0.0,1,2.11,0.0,SPY210910P00438000,438.0,0,0.0,0.0,,0.0,expirationDay
2021-09-13,12235.0,-5.0,0.0,0,446.58,0.0,1,4.63,4.68,SPY211001P00442500,442.5,0,0.0,0.0,,0.0,normalDay
2021-09-14,12235.0,-93.0,0.0,0,444.17,0.0,1,4.63,5.56,SPY211001P00442500,442.5,0,0.0,0.0,,0.0,normalDay
2021-09-15,12235.0,107.0,0.0,0,447.88,0.0,1,4.63,3.56,SPY211001P00442500,442.5,0,0.0,0.0,,0.0,normalDay
2021-09-16,12235.0,85.0,0.0,0,447.17,0.0,1,4.63,3.78,SPY211001P00442500,442.5,0,0.0,0.0,,0.0,normalDay
2021-09-17,12235.0,-136.0,0.0,0,441.4,0.0,1,4.63,5.99,SPY211001P00442500,442.5,0,0.0,0.0,,0.0,normalDay
2021-09-20,12235.0,-611.0,0.0,0,434.04,0.0,1,4.63,10.74,SPY211001P00442500,442.5,0,0.0,0.0,,0.0,normalDay
2021-09-21,12235.0,-606.0,0.0,0,433.63,0.0,1,4.63,10.69,SPY211001P00442500,442.5,0,0.0,0.0,,0.0,normalDay
2021-09-22,12235.0,-199.0,0.0,0,437.86,0.0,1,4.63,6.62,SPY211001P00442500,442.5,0,0.0,0.0,,0.0,normalDay
2021-09-23,12235.0,136.0,0.0,0,443.18,0.0,1,4.63,3.27,SPY211001P00442500,442.5,0,0.0,0.0,,0.0,normalDay
2021-09-24,12235.0,227.0,0.0,0,443.91,0.0,1,4.63,2.36,SPY211001P00442500,442.5,0,0.0,0.0,,0.0,normalDay
2021-09-27,12235.0,218.0,0.0,0,442.64,0.0,1,4.63,2.45,SPY211001P00442500,442.5,0,0.0,0.0,,0.0,normalDay
2021-09-28,12235.0,-411.0,0.0,0,433.72,0.0,1,4.63,8.74,SPY211001P00442500,442.5,0,0.0,0.0,,0.0,normalDay
2021-09-29,12235.0,-327.0,0.0,0,434.45,0.0,1,4.63,7.9,SPY211001P00442500,442.5,0,0.0,0.0,,0.0,normalDay
2021-09-30,12235.0,-819.0,0.0,0,429.14,0.0,1,4.63,12.82,SPY211001P00442500,442.5,0,0.0,0.0,,0.0,normalDay
2021-10-01,12698.0,-826.0,463.0,100,434.24,442.5,1,4.63,0.0,SPY211001P00442500,442.5,0,0.0,0.0,,0.0,expirationDay
2021-10-04,12698.0,-1397.0,0.0,100,428.64,442.5,0,0.0,0.0,,0.0,1,8.49,8.6,SPY220218C00451000,451.0,normalDay
2021-10-05,12698.0,-1071.0,0.0,100,433.1,442.5,0,0.0,0.0,,0.0,1,8.49,9.8,SPY220218C00451000,451.0,normalDay
2021-10-06,12698.0,-949.0,0.0,100,434.9,442.5,0,0.0,0.0,,0.0,1,8.49,10.38,SPY220218C00451000,451.0,normalDay
2021-10-07,12698.0,-713.0,0.0,100,438.66,442.5,0,0.0,0.0,,0.0,1,8.49,11.78,SPY220218C00451000,451.0,normalDay
2021-10-08,12698.0,-703.0,0.0,100,437.86,442.5,0,0.0,0.0,,0.0,1,8.49,10.88,SPY220218C00451000,451.0,normalDay
2021-10-11,12698.0,-877.0,0.0,100,434.69,442.5,0,0.0,0.0,,0.0,1,8.49,9.45,SPY220218C00451000,451.0,normalDay
2021-10-12,12698.0,-880.0,0.0,100,433.62,442.5,0,0.0,0.0,,0.0,1,8.49,8.41,SPY220218C00451000,451.0,normalDay
2021-10-13,12698.0,-770.0,0.0,100,435.18,442.5,0,0.0,0.0,,0.0,1,8.49,8.87,SPY220218C00451000,451.0,normalDay
2021-10-14,12698.0,-325.0,0.0,100,442.5,442.5,0,0.0,0.0,,0.0,1,8.49,11.74,SPY220218C00451000,451.0,normalDay
2021-10-15,12698.0,-158.0,0.0,100,445.87,442.5,0,0.0,0.0,,0.0,1,8.49,13.44,SPY220218C00451000,451.0,normalDay
2021-10-18,12698.0,-87.0,0.0,100,447.19,442.5,0,0.0,0.0,,0.0,1,8.49,14.05,SPY220218C00451000,451.0,normalDay
2021-10-19,12698.0,64.0,0.0,100,450.64,442.5,0,0.0,0.0,,0.0,1,8.49,15.99,SPY220218C00451000,451.0,normalDay
2021-10-20,12698.0,188.0,0.0,100,452.41,442.5,0,0.0,0.0,,0.0,1,8.49,16.52,SPY220218C00451000,451.0,normalDay
2021-10-21,12698.0,234.0,0.0,100,453.59,442.5,0,0.0,0.0,,0.0,1,8.49,17.24,SPY220218C00451000,451.0,normalDay
2021-10-22,12698.0,204.0,0.0,100,453.12,442.5,0,0.0,0.0,,0.0,1,8.49,17.07,SPY220218C00451000,451.0,normalDay
2021-10-25,12698.0,357.0,0.0,100,455.55,442.5,0,0.0,0.0,,0.0,1,8.49,17.97,SPY220218C00451000,451.0,normalDay
2021-10-26,12698.0,307.0,0.0,100,455.96,442.5,0,0.0,0.0,,0.0,1,8.49,18.88,SPY220218C00451000,451.0,normalDay
2021-10-27,12698.0,187.0,0.0,100,453.94,442.5,0,0.0,0.0,,0.0,1,8.49,18.06,SPY220218C00451000,451.0,normalDay
2021-10-28,12698.0,406.0,0.0,100,458.32,442.5,0,0.0,0.0,,0.0,1,8.49,20.25,SPY220218C00451000,451.0,normalDay
2021-10-29,12698.0,409.0,0.0,100,459.25,442.5,0,0.0,0.0,,0.0,1,8.49,21.15,SPY220218C00451000,451.0,normalDay
2021-11-01,12698.0,466.0,0.0,100,460.04,442.5,0,0.0,0.0,,0.0,1,8.49,21.37,SPY220218C00451000,451.0,normalDay
2021-11-02,12698.0,544.0,0.0,100,461.9,442.5,0,0.0,0.0,,0.0,1,8.49,22.45,SPY220218C00451000,451.0,normalDay
2021-11-03,12698.0,643.0,0.0,100,464.72,442.5,0,0.0,0.0,,0.0,1,8.49,24.28,SPY220218C00451000,451.0,normalDay
2021-11-04,12698.0,712.0,0.0,100,466.91,442.5,0,0.0,0.0,,0.0,1,8.49,25.78,SPY220218C00451000,451.0,normalDay
2021-11-05,12698.0,706.0,0.0,100,468.53,442.5,0,0.0,0.0,,0.0,1,8.49,27.46,SPY220218C00451000,451.0,normalDay
2021-11-08,12698.0,719.0,0.0,100,468.93,442.5,0,0.0,0.0,,0.0,1,8.49,27.73,SPY220218C00451000,451.0,normalDay
2021-11-09,12698.0,671.0,0.0,100,467.38,442.5,0,0.0,0.0,,0.0,1,8.49,26.66,SPY220218C00451000,451.0,normalDay
2021-11-10,12698.0,536.0,0.0,100,463.62,442.5,0,0.0,0.0,,0.0,1,8.49,24.25,SPY220218C00451000,451.0,normalDay
2021-11-11,12698.0,571.0,0.0,100,463.77,442.5,0,0.0,0.0,,0.0,1,8.49,24.05,SPY220218C00451000,451.0,normalDay
2021-11-12,12698.0,698.0,0.0,100,467.27,442.5,0,0.0,0.0,,0.0,1,8.49,26.28,SPY220218C00451000,451.0,normalDay
2021-11-15,12698.0,753.0,0.0,100,467.43,442.5,0,0.0,0.0,,0.0,1,8.49,25.89,SPY220218C00451000,451.0,normalDay
2021-11-16,12698.0,784.0,0.0,100,469.28,442.5,0,0.0,0.0,,0.0,1,8.49,27.43,SPY220218C00451000,451.0,normalDay
2021-11-17,12698.0,753.0,0.0,100,468.14,442.5,0,0.0,0.0,,0.0,1,8.49,26.6,SPY220218C00451000,451.0,normalDay
2021-11-18,12698.0,774.0,0.0,100,469.73,442.5,0,0.0,0.0,,0.0,1,8.49,27.98,SPY220218C00451000,451.0,normalDay
2021-11-19,12698.0,740.0,0.0,100,468.89,442.5,0,0.0,0.0,,0.0,1,8.49,27.48,SPY220218C00451000,451.0,normalDay
2021-11-22,12698.0,698.0,0.0,100,467.57,442.5,0,0.0,0.0,,0.0,1,8.49,26.58,SPY220218C00451000,451.0,normalDay
2021-11-23,12698.0,760.0,0.0,100,468.19,442.5,0,0.0,0.0,,0.0,1,8.49,26.58,SPY220218C00451000,451.0,normalDay
2021-11-24,12698.0,791.0,0.0,100,469.44,442.5,0,0.0,0.0,,0.0,1,8.49,27.52,SPY220218C00451000,451.0,normalDay
2021-11-26,12698.0,132.0,0.0,100,458.97,442.5,0,0.0,0.0,,0.0,1,8.49,23.64,SPY220218C00451000,451.0,normalDay
2021-11-29,12698.0,565.0,0.0,100,464.6,442.5,0,0.0,0.0,,0.0,1,8.49,24.94,SPY220218C00451000,451.0,normalDay
2021-11-30,12698.0,15.0,0.0,100,455.56,442.5,0,0.0,0.0,,0.0,1,8.49,21.4,SPY220218C00451000,451.0,normalDay
2021-12-01,12698.0,-203.0,0.0,100,450.5,442.5,0,0.0,0.0,,0.0,1,8.49,18.52,SPY220218C00451000,451.0,normalDay
2021-12-02,12698.0,204.0,0.0,100,457.4,442.5,0,0.0,0.0,,0.0,1,8.49,21.35,SPY220218C00451000,451.0,normalDay
2021-12-03,12698.0,-43.0,0.0,100,453.42,442.5,0,0.0,0.0,,0.0,1,8.49,19.84,SPY220218C00451000,451.0,normalDay
2021-12-06,12698.0,310.0,0.0,100,458.79,442.5,0,0.0,0.0,,0.0,1,8.49,21.68,SPY220218C00451000,451.0,normalDay
2021-12-07,12698.0,736.0,0.0,100,468.28,442.5,0,0.0,0.0,,0.0,1,8.49,26.91,SPY220218C00451000,451.0,normalDay
2021-12-08,12698.0,875.0,0.0,100,469.52,442.5,0,0.0,0.0,,0.0,1,8.49,26.76,SPY220218C00451000,451.0,normalDay
2021-12-09,12698.0,777.0,0.0,100,466.35,442.5,0,0.0,0.0,,0.0,1,8.49,24.57,SPY220218C00451000,451.0,normalDay
2021-12-10,12698.0,954.0,0.0,100,470.74,442.5,0,0.0,0.0,,0.0,1,8.49,27.19,SPY220218C00451000,451.0,normalDay
2021-12-13,12698.0,831.0,0.0,100,466.57,442.5,0,0.0,0.0,,0.0,1,8.49,24.25,SPY220218C00451000,451.0,normalDay
2021-12-14,12698.0,691.0,0.0,100,463.36,442.5,0,0.0,0.0,,0.0,1,8.49,22.44,SPY220218C00451000,451.0,normalDay
2021-12-15,12698.0,960.0,0.0,100,470.6,442.5,0,0.0,0.0,,0.0,1,8.49,26.99,SPY220218C00451000,451.0,normalDay
2021-12-16,12698.0,826.0,0.0,100,466.45,442.5,0,0.0,0.0,,0.0,1,8.49,24.18,SPY220218C00451000,451.0,normalDay
2021-12-17,12698.0,472.0,0.0,100,459.87,442.5,0,0.0,0.0,,0.0,1,8.49,21.14,SPY220218C00451000,451.0,normalDay
2021-12-20,12698.0,317.0,0.0,100,454.98,442.5,0,0.0,0.0,,0.0,1,8.49,17.8,SPY220218C00451000,451.0,normalDay
2021-12-21,12698.0,681.0,0.0,100,463.06,442.5,0,0.0,0.0,,0.0,1,8.49,22.24,SPY220218C00451000,451.0,normalDay
2021-12-22,12698.0,894.0,0.0,100,467.69,442.5,0,0.0,0.0,,0.0,1,8.49,24.74,SPY220218C00451000,451.0,normalDay
2021-12-23,12698.0,967.0,0.0,100,470.6,442.5,0,0.0,0.0,,0.0,1,8.49,26.92,SPY220218C00451000,451.0,normalDay
2021-12-27,12698.0,1167.0,0.0,100,477.26,442.5,0,0.0,0.0,,0.0,1,8.49,31.58,SPY220218C00451000,451.0,normalDay
2021-12-28,12698.0,1155.0,0.0,100,476.87,442.5,0,0.0,0.0,,0.0,1,8.49,31.31,SPY220218C00451000,451.0,normalDay
2021-12-29,12698.0,1213.0,0.0,100,477.48,442.5,0,0.0,0.0,,0.0,1,8.49,31.34,SPY220218C00451000,451.0,normalDay
2021-12-30,12698.0,1231.0,0.0,100,476.16,442.5,0,0.0,0.0,,0.0,1,8.49,29.84,SPY220218C00451000,451.0,normalDay
2021-12-31,12698.0,1192.0,0.0,100,474.96,442.5,0,0.0,0.0,,0.0,1,8.49,29.03,SPY220218C00451000,451.0,normalDay
2022-01-03,12698.0,1310.0,0.0,100,477.71,442.5,0,0.0,0.0,,0.0,1,8.49,30.6,SPY220218C00451000,451.0,normalDay
2022-01-04,12698.0,1324.0,0.0,100,477.55,442.5,0,0.0,0.0,,0.0,1,8.49,30.3,SPY220218C00451000,451.0,normalDay
2022-01-05,12698.0,1043.0,0.0,100,468.38,442.5,0,0.0,0.0,,0.0,1,8.49,23.94,SPY220218C00451000,451.0,normalDay
2022-01-06,12698.0,1060.0,0.0,100,467.94,442.5,0,0.0,0.0,,0.0,1,8.49,23.33,SPY220218C00451000,451.0,normalDay
2022-01-07,12698.0,1035.0,0.0,100,466.09,442.5,0,0.0,0.0,,0.0,1,8.49,21.73,SPY220218C00451000,451.0,normalDay
2022-01-10,12698.0,1113.0,0.0,100,465.51,442.5,0,0.0,0.0,,0.0,1,8.49,20.37,SPY220218C00451000,451.0,normalDay
2022-01-11,12698.0,1230.0,0.0,100,469.75,442.5,0,0.0,0.0,,0.0,1,8.49,23.44,SPY220218C00451000,451.0,normalDay
2022-01-12,12698.0,1242.0,0.0,100,471.02,442.5,0,0.0,0.0,,0.0,1,8.49,24.59,SPY220218C00451000,451.0,normalDay
2022-01-13,12698.0,1080.0,0.0,100,464.53,442.5,0,0.0,0.0,,0.0,1,8.49,19.72,SPY220218C00451000,451.0,normalDay
2022-01-14,12698.0,1109.0,0.0,100,464.72,442.5,0,0.0,0.0,,0.0,1,8.49,19.62,SPY220218C00451000,451.0,normalDay
2022-01-18,12698.0,832.0,0.0,100,456.49,442.5,0,0.0,0.0,,0.0,1,8.49,14.16,SPY220218C00451000,451.0,normalDay
2022-01-19,12698.0,637.0,0.0,100,451.75,442.5,0,0.0,0.0,,0.0,1,8.49,11.37,SPY220218C00451000,451.0,normalDay
2022-01-20,12698.0,423.0,0.0,100,446.75,442.5,0,0.0,0.0,,0.0,1,8.49,8.51,SPY220218C00451000,451.0,normalDay
2022-01-21,12698.0,-169.0,0.0,100,437.98,442.5,0,0.0,0.0,,0.0,1,8.49,5.66,SPY220218C00451000,451.0,normalDay
2022-01-24,12698.0,5.0,0.0,100,439.84,442.5,0,0.0,0.0,,0.0,1,8.49,5.78,SPY220218C00451000,451.0,normalDay
2022-01-25,12698.0,-325.0,0.0,100,434.47,442.5,0,0.0,0.0,,0.0,1,8.49,3.71,SPY220218C00451000,451.0,normalDay
2022-01-26,12698.0,-419.0,0.0,100,433.38,442.5,0,0.0,0.0,,0.0,1,8.49,3.56,SPY220218C00451000,451.0,normalDay
2022-01-27,12698.0,-567.0,0.0,100,431.24,442.5,0,0.0,0.0,,0.0,1,8.49,2.9,SPY220218C00451000,451.0,normalDay
2022-01-28,12698.0,252.0,0.0,100,441.95,442.5,0,0.0,0.0,,0.0,1,8.49,5.42,SPY220218C00451000,451.0,normalDay
2022-01-31,12698.0,844.0,0.0,100,449.91,442.5,0,0.0,0.0,,0.0,1,8.49,7.46,SPY220218C00451000,451.0,normalDay
2022-02-01,12698.0,1031.0,0.0,100,452.95,442.5,0,0.0,0.0,,0.0,1,8.49,8.63,SPY220218C00451000,451.0,normalDay
2022-02-02,12698.0,1365.0,0.0,100,457.35,442.5,0,0.0,0.0,,0.0,1,8.49,9.69,SPY220218C00451000,451.0,normalDay
2022-02-03,12698.0,546.0,0.0,100,446.6,442.5,0,0.0,0.0,,0.0,1,8.49,7.13,SPY220218C00451000,451.0,normalDay
2022-02-04,12698.0,916.0,0.0,100,448.7,442.5,0,0.0,0.0,,0.0,1,8.49,5.53,SPY220218C00451000,451.0,normalDay
2022-02-07,12698.0,875.0,0.0,100,447.26,442.5,0,0.0,0.0,,0.0,1,8.49,4.5,SPY220218C00451000,451.0,normalDay
2022-02-08,12698.0,1122.0,0.0,100,450.94,442.5,0,0.0,0.0,,0.0,1,8.49,5.71,SPY220218C00451000,451.0,normalDay
2022-02-09,12698.0,1427.0,0.0,100,457.54,442.5,0,0.0,0.0,,0.0,1,8.49,9.26,SPY220218C00451000,451.0,normalDay
2022-02-10,12698.0,1047.0,0.0,100,449.32,442.5,0,0.0,0.0,,0.0,1,8.49,4.84,SPY220218C00451000,451.0,normalDay
2022-02-11,12698.0,466.0,0.0,100,440.46,442.5,0,0.0,0.0,,0.0,1,8.49,1.79,SPY220218C00451000,451.0,normalDay
2022-02-14,12698.0,422.0,0.0,100,439.02,442.5,0,0.0,0.0,,0.0,1,8.49,0.79,SPY220218C00451000,451.0,normalDay
2022-02-15,12698.0,1075.0,0.0,100,446.1,442.5,0,0.0,0.0,,0.0,1,8.49,1.34,SPY220218C00451000,451.0,normalDay
2022-02-16,12698.0,1166.0,0.0,100,446.6,442.5,0,0.0,0.0,,0.0,1,8.49,0.93,SPY220218C00451000,451.0,normalDay
2022-02-17,12698.0,300.0,0.0,100,437.06,442.5,0,0.0,0.0,,0.0,1,8.49,0.05,SPY220218C00451000,451.0,normalDay
2022-02-18,13547.0,-827.0,849.0,100,434.23,442.5,0,0.0,0.0,,0.0,1,8.49,0.0,SPY220218C00451000,451.0,expirationDay
2022-02-22,13547.0,-1363.0,0.0,100,429.57,442.5,0,0.0,0.0,,0.0,1,8.93,9.63,SPY220630C00456000,456.0,normalDay
2022-02-23,13547.0,-1876.0,0.0,100,421.95,442.5,0,0.0,0.0,,0.0,1,8.93,7.14,SPY220630C00456000,456.0,normalDay
2022-02-24,13547.0,-1355.0,0.0,100,428.3,442.5,0,0.0,0.0,,0.0,1,8.93,8.28,SPY220630C00456000,456.0,normalDay
2022-02-25,13547.0,-761.0,0.0,100,437.75,442.5,0,0.0,0.0,,0.0,1,8.93,11.79,SPY220630C00456000,456.0,normalDay
2022-02-28,13547.0,-875.0,0.0,100,436.63,442.5,0,0.0,0.0,,0.0,1,8.93,11.81,SPY220630C00456000,456.0,normalDay
2022-03-01,13547.0,-1429.0,0.0,100,429.98,442.5,0,0.0,0.0,,0.0,1,8.93,10.7,SPY220630C00456000,456.0,normalDay
2022-03-02,13547.0,-838.0,0.0,100,437.89,442.5,0,0.0,0.0,,0.0,1,8.93,12.7,SPY220630C00456000,456.0,normalDay
2022-03-03,13547.0,-981.0,0.0,100,435.71,442.5,0,0.0,0.0,,0.0,1,8.93,11.95,SPY220630C00456000,456.0,normalDay
2022-03-04,13547.0,-1214.0,0.0,100,432.17,442.5,0,0.0,0.0,,0.0,1,8.93,10.74,SPY220630C00456000,456.0,normalDay
2022-03-07,13547.0,-2132.0,0.0,100,419.43,442.5,0,0.0,0.0,,0.0,1,8.93,7.18,SPY220630C00456000,456.0,normalDay
2022-03-08,13547.0,-2329.0,0.0,100,416.25,442.5,0,0.0,0.0,,0.0,1,8.93,5.97,SPY220630C00456000,456.0,normalDay
2022-03-09,13547.0,-1608.0,0.0,100,427.41,442.5,0,0.0,0.0,,0.0,1,8.93,9.92,SPY220630C00456000,456.0,normalDay
2022-03-10,13547.0,-1560.0,0.0,100,425.48,442.5,0,0.0,0.0,,0.0,1,8.93,7.51,SPY220630C00456000,456.0,normalDay
2022-03-11,13547.0,-1953.0,0.0,100,420.07,442.5,0,0.0,0.0,,0.0,1,8.93,6.03,SPY220630C00456000,456.0,normalDay
2022-03-14,13547.0,-2197.0,0.0,100,417.0,442.5,0,0.0,0.0,,0.0,1,8.93,5.4,SPY220630C00456000,456.0,normalDay
2022-03-15,13547.0,-1467.0,0.0,100,426.17,442.5,0,0.0,0.0,,0.0,1,8.93,7.27,SPY220630C00456000,456.0,normalDay
2022-03-16,13547.0,-729.0,0.0,100,435.62,442.5,0,0.0,0.0,,0.0,1,8.93,9.34,SPY220630C00456000,456.0,normalDay
2022-03-17,13547.0,-315.0,0.0,100,441.07,442.5,0,0.0,0.0,,0.0,1,8.93,10.65,SPY220630C00456000,456.0,normalDay
2022-03-18,13547.0,-150.0,0.0,100,444.52,442.5,0,0.0,0.0,,0.0,1,8.93,12.45,SPY220630C00456000,456.0,normalDay
2022-03-21,13547.0,-130.0,0.0,100,444.39,442.5,0,0.0,0.0,,0.0,1,8.93,12.12,SPY220630C00456000,456.0,normalDay
2022-03-22,13547.0,175.0,0.0,100,449.59,442.5,0,0.0,0.0,,0.0,1,8.93,14.27,SPY220630C00456000,456.0,normalDay
2022-03-23,13547.0,-109.0,0.0,100,443.8,442.5,0,0.0,0.0,,0.0,1,8.93,11.32,SPY220630C00456000,456.0,normalDay
2022-03-24,13547.0,261.0,0.0,100,450.49,442.5,0,0.0,0.0,,0.0,1,8.93,14.31,SPY220630C00456000,456.0,normalDay
2022-03-25,13547.0,393.0,0.0,100,452.69,442.5,0,0.0,0.0,,0.0,1,8.93,15.19,SPY220630C00456000,456.0,normalDay
2022-03-28,13547.0,559.0,0.0,100,455.91,442.5,0,0.0,0.0,,0.0,1,8.93,16.75,SPY220630C00456000,456.0,normalDay
2022-03-29,13547.0,810.0,0.0,100,461.55,442.5,0,0.0,0.0,,0.0,1,8.93,19.88,SPY220630C00456000,456.0,normalDay
2022-03-30,13547.0,663.0,0.0,100,458.7,442.5,0,0.0,0.0,,0.0,1,8.93,18.5,SPY220630C00456000,456.0,normalDay
2022-03-31,13547.0,337.0,0.0,100,451.64,442.5,0,0.0,0.0,,0.0,1,8.93,14.7,SPY220630C00456000,456.0,normalDay
2022-04-01,13547.0,512.0,0.0,100,452.92,442.5,0,0.0,0.0,,0.0,1,8.93,14.23,SPY220630C00456000,456.0,normalDay
2022-04-04,13547.0,745.0,0.0,100,456.8,442.5,0,0.0,0.0,,0.0,1,8.93,15.78,SPY220630C00456000,456.0,normalDay
2022-04-05,13547.0,409.0,0.0,100,451.03,442.5,0,0.0,0.0,,0.0,1,8.93,13.37,SPY220630C00456000,456.0,normalDay
2022-04-06,13547.0,194.0,0.0,100,446.52,442.5,0,0.0,0.0,,0.0,1,8.93,11.01,SPY220630C00456000,456.0,normalDay
2022-04-07,13547.0,322.0,0.0,100,448.77,442.5,0,0.0,0.0,,0.0,1,8.93,11.98,SPY220630C00456000,456.0,normalDay
2022-04-08,13547.0,289.0,0.0,100,447.57,442.5,0,0.0,0.0,,0.0,1,8.93,11.11,SPY220630C00456000,456.0,normalDay
2022-04-11,13547.0,-167.0,0.0,100,439.92,442.5,0,0.0,0.0,,0.0,1,8.93,8.02,SPY220630C00456000,456.0,normalDay
2022-04-12,13547.0,-264.0,0.0,100,438.29,442.5,0,0.0,0.0,,0.0,1,8.93,7.36,SPY220630C00456000,456.0,normalDay
2022-04-13,13547.0,140.0,0.0,100,443.31,442.5,0,0.0,0.0,,0.0,1,8.93,8.34,SPY220630C00456000,456.0,normalDay
2022-04-14,13547.0,-224.0,0.0,100,437.79,442.5,0,0.0,0.0,,0.0,1,8.93,6.46,SPY220630C00456000,456.0,normalDay
2022-04-18,13547.0,-205.0,0.0,100,437.97,442.5,0,0.0,0.0,,0.0,1,8.93,6.45,SPY220630C00456000,456.0,normalDay
2022-04-19,13547.0,359.0,0.0,100,445.04,442.5,0,0.0,0.0,,0.0,1,8.93,7.88,SPY220630C00456000,456.0,normalDay
2022-04-20,13547.0,256.0,0.0,100,444.71,442.5,0,0.0,0.0,,0.0,1,8.93,8.58,SPY220630C00456000,456.0,normalDay
2022-04-21,13547.0,-143.0,0.0,100,438.06,442.5,0,0.0,0.0,,0.0,1,8.93,5.92,SPY220630C00456000,456.0,normalDay
2022-04-22,13547.0,-1083.0,0.0,100,426.04,442.5,0,0.0,0.0,,0.0,1,8.93,3.3,SPY220630C00456000,456.0,normalDay
2022-04-25,13547.0,-872.0,0.0,100,428.51,442.5,0,0.0,0.0,,0.0,1,8.93,3.66,SPY220630C00456000,456.0,normalDay
2022-04-26,13547.0,-1941.0,0.0,100,416.1,442.5,0,0.0,0.0,,0.0,1,8.93,1.94,SPY220630C00456000,456.0,normalDay
2022-04-27,13547.0,-1847.0,0.0,100,417.27,442.5,0,0.0,0.0,,0.0,1,8.93,2.17,SPY220630C00456000,456.0,normalDay
2022-04-28,13547.0,-920.0,0.0,100,427.81,442.5,0,0.0,0.0,,0.0,1,8.93,3.44,SPY220630C00456000,456.0,normalDay
2022-04-29,13547.0,-2327.0,0.0,100,412.0,442.5,0,0.0,0.0,,0.0,1,8.93,1.7,SPY220630C00456000,456.0,normalDay
2022-05-02,13547.0,-2098.0,0.0,100,414.48,442.5,0,0.0,0.0,,0.0,1,8.93,1.89,SPY220630C00456000,456.0,normalDay
2022-05-03,13547.0,-1889.0,0.0,100,416.38,442.5,0,0.0,0.0,,0.0,1,8.93,1.7,SPY220630C00456000,456.0,normalDay
2022-05-04,13547.0,-764.0,0.0,100,429.06,442.5,0,0.0,0.0,,0.0,1,8.93,3.13,SPY220630C00456000,456.0,normalDay
2022-05-05,13547.0,-2136.0,0.0,100,413.81,442.5,0,0.0,0.0,,0.0,1,8.93,1.6,SPY220630C00456000,456.0,normalDay
2022-05-06,13547.0,-2344.0,0.0,100,411.34,442.5,0,0.0,0.0,,0.0,1,8.93,1.21,SPY220630C00456000,456.0,normalDay
2022-05-09,13547.0,-3616.0,0.0,100,398.17,442.5,0,0.0,0.0,,0.0,1,8.93,0.76,SPY220630C00456000,456.0,normalDay
2022-05-10,13547.0,-3505.0,0.0,100,399.09,442.5,0,0.0,0.0,,0.0,1,8.93,0.57,SPY220630C00456000,456.0,normalDay
2022-05-11,13547.0,-4126.0,0.0,100,392.75,442.5,0,0.0,0.0,,0.0,1,8.93,0.44,SPY220630C00456000,456.0,normalDay
2022-05-12,13547.0,-4160.0,0.0,100,392.34,442.5,0,0.0,0.0,,0.0,1,8.93,0.37,SPY220630C00456000,456.0,normalDay
2022-05-13,13547.0,-3222.0,0.0,100,401.72,442.5,0,0.0,0.0,,0.0,1,8.93,0.37,SPY220630C00456000,456.0,normalDay
2022-05-16,13547.0,-3371.0,0.0,100,400.09,442.5,0,0.0,0.0,,0.0,1,8.93,0.23,SPY220630C00456000,456.0,normalDay
2022-05-17,13547.0,-2563.0,0.0,100,408.32,442.5,0,0.0,0.0,,0.0,1,8.93,0.38,SPY220630C00456000,456.0,normalDay
2022-05-18,13547.0,-4186.0,0.0,100,391.86,442.5,0,0.0,0.0,,0.0,1,8.93,0.15,SPY220630C00456000,456.0,normalDay
2022-05-19,13547.0,-4424.0,0.0,100,389.46,442.5,0,0.0,0.0,,0.0,1,8.93,0.13,SPY220630C00456000,456.0,normalDay
2022-05-20,13547.0,-4407.0,0.0,100,389.63,442.5,0,0.0,0.0,,0.0,1,8.93,0.13,SPY220630C00456000,456.0,normalDay
2022-05-23,13547.0,-3684.0,0.0,100,396.92,442.5,0,0.0,0.0,,0.0,1,8.93,0.19,SPY220630C00456000,456.0,normalDay
2022-05-24,13547.0,-3986.0,0.0,100,393.89,442.5,0,0.0,0.0,,0.0,1,8.93,0.18,SPY220630C00456000,456.0,normalDay
2022-05-25,13547.0,-3638.0,0.0,100,397.37,442.5,0,0.0,0.0,,0.0,1,8.93,0.18,SPY220630C00456000,456.0,normalDay
2022-05-26,13547.0,-2854.0,0.0,100,405.31,442.5,0,0.0,0.0,,0.0,1,8.93,0.28,SPY220630C00456000,456.0,normalDay
2022-05-27,13547.0,-1881.0,0.0,100,415.26,442.5,0,0.0,0.0,,0.0,1,8.93,0.5,SPY220630C00456000,456.0,normalDay
2022-05-31,13547.0,-2089.0,0.0,100,412.93,442.5,0,0.0,0.0,,0.0,1,8.93,0.25,SPY220630C00456000,456.0,normalDay
2022-06-01,13547.0,-2413.0,0.0,100,409.59,442.5,0,0.0,0.0,,0.0,1,8.93,0.15,SPY220630C00456000,456.0,normalDay
2022-06-02,13547.0,-1642.0,0.0,100,417.39,442.5,0,0.0,0.0,,0.0,1,8.93,0.24,SPY220630C00456000,456.0,normalDay
2022-06-03,13547.0,-2316.0,0.0,100,410.54,442.5,0,0.0,0.0,,0.0,1,8.93,0.13,SPY220630C00456000,456.0,normalDay
2022-06-06,13547.0,-2190.0,0.0,100,411.79,442.5,0,0.0,0.0,,0.0,1,8.93,0.12,SPY220630C00456000,456.0,normalDay
2022-06-07,13547.0,-1795.0,0.0,100,415.74,442.5,0,0.0,0.0,,0.0,1,8.93,0.12,SPY220630C00456000,456.0,normalDay
2022-06-08,13547.0,-2243.0,0.0,100,411.22,442.5,0,0.0,0.0,,0.0,1,8.93,0.08,SPY220630C00456000,456.0,normalDay
2022-06-09,13547.0,-3219.0,0.0,100,401.44,442.5,0,0.0,0.0,,0.0,1,8.93,0.06,SPY220630C00456000,456.0,normalDay
2022-06-10,13547.0,-4380.0,0.0,100,389.8,442.5,0,0.0,0.0,,0.0,1,8.93,0.03,SPY220630C00456000,456.0,normalDay
2022-06-13,13547.0,-5860.0,0.0,100,375.0,442.5,0,0.0,0.0,,0.0,1,8.93,0.03,SPY220630C00456000,456.0,normalDay
2022-06-14,13547.0,-5973.0,0.0,100,373.87,442.5,0,0.0,0.0,,0.0,1,8.93,0.03,SPY220630C00456000,456.0,normalDay
2022-06-15,13547.0,-5439.0,0.0,100,379.2,442.5,0,0.0,0.0,,0.0,1,8.93,0.02,SPY220630C00456000,456.0,normalDay
2022-06-16,13547.0,-6694.0,0.0,100,366.65,442.5,0,0.0,0.0,,0.0,1,8.93,0.02,SPY220630C00456000,456.0,normalDay
2022-06-17,13547.0,-6773.0,0.0,100,365.86,442.5,0,0.0,0.0,,0.0,1,8.93,0.02,SPY220630C00456000,456.0,normalDay
2022-06-21,13547.0,-5851.0,0.0,100,375.07,442.5,0,0.0,0.0,,0.0,1,8.93,0.01,SPY220630C00456000,456.0,normalDay
2022-06-22,13547.0,-5919.0,0.0,100,374.39,442.5,0,0.0,0.0,,0.0,1,8.93,0.01,SPY220630C00456000,456.0,normalDay
2022-06-23,13547.0,-5552.0,0.0,100,378.06,442.5,0,0.0,0.0,,0.0,1,8.93,0.01,SPY220630C00456000,456.0,normalDay
2022-06-24,13547.0,-4350.0,0.0,100,390.08,442.5,0,0.0,0.0,,0.0,1,8.93,0.01,SPY220630C00456000,456.0,normalDay
2022-06-27,13547.0,-4499.0,0.0,100,388.59,442.5,0,0.0,0.0,,0.0,1,8.93,0.01,SPY220630C00456000,456.0,normalDay
2022-06-28,13547.0,-5293.0,0.0,100,380.65,442.5,0,0.0,0.0,,0.0,1,8.93,0.01,SPY220630C00456000,456.0,normalDay
2022-06-29,13547.0,-5324.0,0.0,100,380.34,442.5,0,0.0,0.0,,0.0,1,8.93,0.01,SPY220630C00456000,456.0,normalDay
2022-06-30,14440.0,-6525.0,893.0,100,377.25,442.5,0,0.0,0.0,,0.0,1,8.93,0.0,SPY220630C00456000,456.0,expirationDay
2022-07-01,14440.0,-6136.0,0.0,100,381.24,442.5,0,0.0,0.0,,0.0,1,10.13,10.23,SPY221118C00410000,410.0,normalDay
2022-07-05,14440.0,-6050.0,0.0,100,381.96,442.5,0,0.0,0.0,,0.0,1,10.13,10.09,SPY221118C00410000,410.0,normalDay
2022-07-06,14440.0,-5989.0,0.0,100,383.25,442.5,0,0.0,0.0,,0.0,1,10.13,10.77,SPY221118C00410000,410.0,normalDay
2022-07-07,14440.0,-5599.0,0.0,100,388.99,442.5,0,0.0,0.0,,0.0,1,10.13,12.61,SPY221118C00410000,410.0,normalDay
2022-07-08,14440.0,-5610.0,0.0,100,388.67,442.5,0,0.0,0.0,,0.0,1,10.13,12.4,SPY221118C00410000,410.0,normalDay
2022-07-11,14440.0,-5882.0,0.0,100,384.23,442.5,0,0.0,0.0,,0.0,1,10.13,10.68,SPY221118C00410000,410.0,normalDay
2022-07-12,14440.0,-6066.0,0.0,100,380.83,442.5,0,0.0,0.0,,0.0,1,10.13,9.12,SPY221118C00410000,410.0,normalDay
2022-07-13,14440.0,-6188.0,0.0,100,378.83,442.5,0,0.0,0.0,,0.0,1,10.13,8.34,SPY221118C00410000,410.0,normalDay
2022-07-14,14440.0,-6262.0,0.0,100,377.91,442.5,0,0.0,0.0,,0.0,1,10.13,8.16,SPY221118C00410000,410.0,normalDay
2022-07-15,14440.0,-5715.0,0.0,100,385.13,442.5,0,0.0,0.0,,0.0,1,10.13,9.91,SPY221118C00410000,410.0,normalDay
2022-07-18,14440.0,-5931.0,0.0,100,381.95,442.5,0,0.0,0.0,,0.0,1,10.13,8.89,SPY221118C00410000,410.0,normalDay
2022-07-19,14440.0,-5330.0,0.0,100,392.27,442.5,0,0.0,0.0,,0.0,1,10.13,13.2,SPY221118C00410000,410.0,normalDay
2022-07-20,14440.0,-5170.0,0.0,100,394.77,442.5,0,0.0,0.0,,0.0,1,10.13,14.1,SPY221118C00410000,410.0,normalDay
2022-07-21,14440.0,-4896.0,0.0,100,398.79,442.5,0,0.0,0.0,,0.0,1,10.13,15.38,SPY221118C00410000,410.0,normalDay
2022-07-22,14440.0,-5063.0,0.0,100,395.09,442.5,0,0.0,0.0,,0.0,1,10.13,13.35,SPY221118C00410000,410.0,normalDay
2022-07-25,14440.0,-5049.0,0.0,100,395.57,442.5,0,0.0,0.0,,0.0,1,10.13,13.69,SPY221118C00410000,410.0,normalDay
2022-07-26,14440.0,-5340.0,0.0,100,390.89,442.5,0,0.0,0.0,,0.0,1,10.13,11.92,SPY221118C00410000,410.0,normalDay
2022-07-27,14440.0,-4672.0,0.0,100,401.04,442.5,0,0.0,0.0,,0.0,1,10.13,15.39,SPY221118C00410000,410.0,normalDay
2022-07-28,14440.0,-4484.0,0.0,100,406.07,442.5,0,0.0,0.0,,0.0,1,10.13,18.54,SPY221118C00410000,410.0,normalDay
2022-07-29,14440.0,-4151.0,0.0,100,411.99,442.5,0,0.0,0.0,,0.0,1,10.13,21.13,SPY221118C00410000,410.0,normalDay
2022-08-01,14440.0,-4248.0,0.0,100,410.77,442.5,0,0.0,0.0,,0.0,1,10.13,20.88,SPY221118C00410000,410.0,normalDay
2022-08-02,14440.0,-4386.0,0.0,100,408.06,442.5,0,0.0,0.0,,0.0,1,10.13,19.55,SPY221118C00410000,410.0,normalDay
2022-08-03,14440.0,-4036.0,0.0,100,414.45,442.5,0,0.0,0.0,,0.0,1,10.13,22.44,SPY221118C00410000,410.0,normalDay
2022-08-04,14440.0,-4070.0,0.0,100,414.17,442.5,0,0.0,0.0,,0.0,1,10.13,22.5,SPY221118C00410000,410.0,normalDay
2022-08-05,14440.0,-4041.0,0.0,100,413.47,442.5,0,0.0,0.0,,0.0,1,10.13,21.51,SPY221118C00410000,410.0,normalDay
2022-08-08,14440.0,-4080.0,0.0,100,412.99,442.5,0,0.0,0.0,,0.0,1,10.13,21.42,SPY221118C00410000,410.0,normalDay
2022-08-09,14440.0,-4150.0,0.0,100,411.35,442.5,0,0.0,0.0,,0.0,1,10.13,20.48,SPY221118C00410000,410.0,normalDay
2022-08-10,14440.0,-3716.0,0.0,100,419.99,442.5,0,0.0,0.0,,0.0,1,10.13,24.78,SPY221118C00410000,410.0,normalDay
2022-08-11,14440.0,-3771.0,0.0,100,419.99,442.5,0,0.0,0.0,,0.0,1,10.13,25.33,SPY221118C00410000,410.0,normalDay
2022-08-12,14440.0,-3486.0,0.0,100,427.1,442.5,0,0.0,0.0,,0.0,1,10.13,29.59,SPY221118C00410000,410.0,normalDay
2022-08-15,14440.0,-3436.0,0.0,100,428.86,442.5,0,0.0,0.0,,0.0,1,10.13,30.85,SPY221118C00410000,410.0,normalDay
2022-08-16,14440.0,-3401.0,0.0,100,429.7,442.5,0,0.0,0.0,,0.0,1,10.13,31.34,SPY221118C00410000,410.0,normalDay
2022-08-17,14440.0,-3536.0,0.0,100,426.65,442.5,0,0.0,0.0,,0.0,1,10.13,29.64,SPY221118C00410000,410.0,normalDay
2022-08-18,14440.0,-3437.0,0.0,100,427.89,442.5,0,0.0,0.0,,0.0,1,10.13,29.89,SPY221118C00410000,410.0,normalDay
2022-08-19,14440.0,-3636.0,0.0,100,422.14,442.5,0,0.0,0.0,,0.0,1,10.13,26.13,SPY221118C00410000,410.0,normalDay
2022-08-22,14440.0,-3999.0,0.0,100,413.35,442.5,0,0.0,0.0,,0.0,1,10.13,20.97,SPY221118C00410000,410.0,normalDay
2022-08-23,14440.0,-3979.0,0.0,100,412.35,442.5,0,0.0,0.0,,0.0,1,10.13,19.77,SPY221118C00410000,410.0,normalDay
2022-08-24,14440.0,-3891.0,0.0,100,413.67,442.5,0,0.0,0.0,,0.0,1,10.13,20.21,SPY221118C00410000,410.0,normalDay
2022-08-25,14440.0,-3597.0,0.0,100,419.51,442.5,0,0.0,0.0,,0.0,1,10.13,23.11,SPY221118C00410000,410.0,normalDay
2022-08-26,14440.0,-4265.0,0.0,100,405.31,442.5,0,0.0,0.0,,0.0,1,10.13,15.59,SPY221118C00410000,410.0,normalDay
2022-08-29,14440.0,-4382.0,0.0,100,402.63,442.5,0,0.0,0.0,,0.0,1,10.13,14.08,SPY221118C00410000,410.0,normalDay
2022-08-30,14440.0,-4599.0,0.0,100,398.21,442.5,0,0.0,0.0,,0.0,1,10.13,11.83,SPY221118C00410000,410.0,normalDay
2022-08-31,14440.0,-4732.0,0.0,100,395.18,442.5,0,0.0,0.0,,0.0,1,10.13,10.13,SPY221118C00410000,410.0,normalDay
2022-09-01,14440.0,-4621.0,0.0,100,396.42,442.5,0,0.0,0.0,,0.0,1,10.13,10.26,SPY221118C00410000,410.0,normalDay
2022-09-02,14440.0,-4882.0,0.0,100,392.24,442.5,0,0.0,0.0,,0.0,1,10.13,8.69,SPY221118C00410000,410.0,normalDay
2022-09-06,14440.0,-4944.0,0.0,100,390.76,442.5,0,0.0,0.0,,0.0,1,10.13,7.83,SPY221118C00410000,410.0,normalDay
2022-09-07,14440.0,-4467.0,0.0,100,397.78,442.5,0,0.0,0.0,,0.0,1,10.13,10.08,SPY221118C00410000,410.0,normalDay
2022-09-08,14440.0,-4312.0,0.0,100,400.38,442.5,0,0.0,0.0,,0.0,1,10.13,11.13,SPY221118C00410000,410.0,normalDay
2022-09-09,14440.0,-3935.0,0.0,100,406.6,442.5,0,0.0,0.0,,0.0,1,10.13,13.58,SPY221118C00410000,410.0,normalDay
2022-09-12,14440.0,-3768.0,0.0,100,410.97,442.5,0,0.0,0.0,,0.0,1,10.13,16.28,SPY221118C00410000,410.0,normalDay
2022-09-13,14440.0,-4778.0,0.0,100,393.1,442.5,0,0.0,0.0,,0.0,1,10.13,8.51,SPY221118C00410000,410.0,normalDay
2022-09-14,14440.0,-4632.0,0.0,100,394.6,442.5,0,0.0,0.0,,0.0,1,10.13,8.55,SPY221118C00410000,410.0,normalDay
2022-09-15,14440.0,-4928.0,0.0,100,390.12,442.5,0,0.0,0.0,,0.0,1,10.13,7.03,SPY221118C00410000,410.0,normalDay
2022-09-16,14440.0,-5274.0,0.0,100,385.56,442.5,0,0.0,0.0,,0.0,1,10.13,5.93,SPY221118C00410000,410.0,normalDay
2022-09-19,14440.0,-5024.0,0.0,100,388.55,442.5,0,0.0,0.0,,0.0,1,10.13,6.42,SPY221118C00410000,410.0,normalDay
2022-09-20,14440.0,-5363.0,0.0,100,384.09,442.5,0,0.0,0.0,,0.0,1,10.13,5.35,SPY221118C00410000,410.0,normalDay
2022-09-21,14440.0,-5862.0,0.0,100,377.39,442.5,0,0.0,0.0,,0.0,1,10.13,3.64,SPY221118C00410000,410.0,normalDay
2022-09-22,14440.0,-6104.0,0.0,100,374.22,442.5,0,0.0,0.0,,0.0,1,10.13,2.89,SPY221118C00410000,410.0,normalDay
2022-09-23,14440.0,-6641.0,0.0,100,367.95,442.5,0,0.0,0.0,,0.0,1,10.13,1.99,SPY221118C00410000,410.0,normalDay
2022-09-26,14440.0,-6970.0,0.0,100,364.31,442.5,0,0.0,0.0,,0.0,1,10.13,1.64,SPY221118C00410000,410.0,normalDay
2022-09-27,14440.0,-7044.0,0.0,100,363.38,442.5,0,0.0,0.0,,0.0,1,10.13,1.45,SPY221118C00410000,410.0,normalDay
2022-09-28,14440.0,-6390.0,0.0,100,370.53,442.5,0,0.0,0.0,,0.0,1,10.13,2.06,SPY221118C00410000,410.0,normalDay
2022-09-29,14440.0,-7075.0,0.0,100,362.79,442.5,0,0.0,0.0,,0.0,1,10.13,1.17,SPY221118C00410000,410.0,normalDay
2022-09-30,14440.0,-7593.0,0.0,100,357.18,442.5,0,0.0,0.0,,0.0,1,10.13,0.74,SPY221118C00410000,410.0,normalDay
2022-10-03,14440.0,-6703.0,0.0,100,366.61,442.5,0,0.0,0.0,,0.0,1,10.13,1.27,SPY221118C00410000,410.0,normalDay
2022-10-04,14440.0,-5701.0,0.0,100,377.97,442.5,0,0.0,0.0,,0.0,1,10.13,2.61,SPY221118C00410000,410.0,normalDay
2022-10-05,14440.0,-5765.0,0.0,100,377.09,442.5,0,0.0,0.0,,0.0,1,10.13,2.37,SPY221118C00410000,410.0,normalDay
2022-10-06,14440.0,-6107.0,0.0,100,373.2,442.5,0,0.0,0.0,,0.0,1,10.13,1.9,SPY221118C00410000,410.0,normalDay
2022-10-07,14440.0,-7041.0,0.0,100,362.79,442.5,0,0.0,0.0,,0.0,1,10.13,0.83,SPY221118C00410000,410.0,normalDay
2022-10-10,14440.0,-7314.0,0.0,100,360.02,442.5,0,0.0,0.0,,0.0,1,10.13,0.79,SPY221118C00410000,410.0,normalDay
2022-10-11,14440.0,-7535.0,0.0,100,357.74,442.5,0,0.0,0.0,,0.0,1,10.13,0.72,SPY221118C00410000,410.0,normalDay
2022-10-12,14440.0,-7645.0,0.0,100,356.56,442.5,0,0.0,0.0,,0.0,1,10.13,0.64,SPY221118C00410000,410.0,normalDay
2022-10-13,14440.0,-6763.0,0.0,100,365.97,442.5,0,0.0,0.0,,0.0,1,10.13,1.23,SPY221118C00410000,410.0,normalDay
2022-10-14,14440.0,-7531.0,0.0,100,357.63,442.5,0,0.0,0.0,,0.0,1,10.13,0.57,SPY221118C00410000,410.0,normalDay
2022-10-17,14440.0,-6658.0,0.0,100,366.82,442.5,0,0.0,0.0,,0.0,1,10.13,1.03,SPY221118C00410000,410.0,normalDay
2022-10-18,14440.0,-6261.0,0.0,100,371.13,442.5,0,0.0,0.0,,0.0,1,10.13,1.37,SPY221118C00410000,410.0,normalDay
2022-10-19,14440.0,-6485.0,0.0,100,368.5,442.5,0,0.0,0.0,,0.0,1,10.13,0.98,SPY221118C00410000,410.0,normalDay
2022-10-20,14440.0,-6761.0,0.0,100,365.41,442.5,0,0.0,0.0,,0.0,1,10.13,0.65,SPY221118C00410000,410.0,normalDay
2022-10-21,14440.0,-5951.0,0.0,100,374.29,442.5,0,0.0,0.0,,0.0,1,10.13,1.43,SPY221118C00410000,410.0,normalDay
2022-10-24,14440.0,-5543.0,0.0,100,378.87,442.5,0,0.0,0.0,,0.0,1,10.13,1.93,SPY221118C00410000,410.0,normalDay
2022-10-25,14440.0,-4971.0,0.0,100,384.92,442.5,0,0.0,0.0,,0.0,1,10.13,2.26,SPY221118C00410000,410.0,normalDay
2022-10-26,14440.0,-5215.0,0.0,100,382.02,442.5,0,0.0,0.0,,0.0,1,10.13,1.8,SPY221118C00410000,410.0,normalDay
2022-10-27,14440.0,-5330.0,0.0,100,379.98,442.5,0,0.0,0.0,,0.0,1,10.13,0.91,SPY221118C00410000,410.0,normalDay
2022-10-28,14440.0,-4584.0,0.0,100,389.02,442.5,0,0.0,0.0,,0.0,1,10.13,2.49,SPY221118C00410000,410.0,normalDay
2022-10-31,14440.0,-4776.0,0.0,100,386.21,442.5,0,0.0,0.0,,0.0,1,10.13,1.6,SPY221118C00410000,410.0,normalDay
2022-11-01,14440.0,-4907.0,0.0,100,384.52,442.5,0,0.0,0.0,,0.0,1,10.13,1.22,SPY221118C00410000,410.0,normalDay
2022-11-02,14440.0,-5784.0,0.0,100,374.87,442.5,0,0.0,0.0,,0.0,1,10.13,0.34,SPY221118C00410000,410.0,normalDay
2022-11-03,14440.0,-6156.0,0.0,100,371.01,442.5,0,0.0,0.0,,0.0,1,10.13,0.2,SPY221118C00410000,410.0,normalDay
2022-11-04,14440.0,-5625.0,0.0,100,376.35,442.5,0,0.0,0.0,,0.0,1,10.13,0.23,SPY221118C00410000,410.0,normalDay
2022-11-07,14440.0,-5265.0,0.0,100,379.95,442.5,0,0.0,0.0,,0.0,1,10.13,0.23,SPY221118C00410000,410.0,normalDay
2022-11-08,14440.0,-5066.0,0.0,100,382.0,442.5,0,0.0,0.0,,0.0,1,10.13,0.29,SPY221118C00410000,410.0,normalDay
2022-11-09,14440.0,-5833.0,0.0,100,374.13,442.5,0,0.0,0.0,,0.0,1,10.13,0.09,SPY221118C00410000,410.0,normalDay
2022-11-10,14440.0,-3869.0,0.0,100,394.69,442.5,0,0.0,0.0,,0.0,1,10.13,1.01,SPY221118C00410000,410.0,normalDay
2022-11-11,14440.0,-3473.0,0.0,100,398.51,442.5,0,0.0,0.0,,0.0,1,10.13,0.87,SPY221118C00410000,410.0,normalDay
2022-11-14,14440.0,-3755.0,0.0,100,395.12,442.5,0,0.0,0.0,,0.0,1,10.13,0.3,SPY221118C00410000,410.0,normalDay
2022-11-15,14440.0,-3434.0,0.0,100,398.49,442.5,0,0.0,0.0,,0.0,1,10.13,0.46,SPY221118C00410000,410.0,normalDay
2022-11-16,14440.0,-3700.0,0.0,100,395.45,442.5,0,0.0,0.0,,0.0,1,10.13,0.08,SPY221118C00410000,410.0,normalDay
2022-11-17,14440.0,-3815.0,0.0,100,394.24,442.5,0,0.0,0.0,,0.0,1,10.13,0.02,SPY221118C00410000,410.0,normalDay
2022-11-18,15453.0,-4647.0,1013.0,100,396.03,442.5,0,0.0,0.0,,0.0,1,10.13,0.0,SPY221118C00410000,410.0,expirationDay
2022-11-21,15453.0,-4838.0,0.0,100,394.59,442.5,0,0.0,0.0,,0.0,1,19.75,20.22,SPY230331C00400000,400.0,normalDay
2022-11-22,15453.0,-4530.0,0.0,100,399.9,442.5,0,0.0,0.0,,0.0,1,19.75,22.45,SPY230331C00400000,400.0,normalDay
2022-11-23,15453.0,-4415.0,0.0,100,402.42,442.5,0,0.0,0.0,,0.0,1,19.75,23.82,SPY230331C00400000,400.0,normalDay
2022-11-25,15453.0,-4491.0,0.0,100,402.33,442.5,0,0.0,0.0,,0.0,1,19.75,24.49,SPY230331C00400000,400.0,normalDay
2022-11-28,15453.0,-4711.0,0.0,100,395.91,442.5,0,0.0,0.0,,0.0,1,19.75,20.27,SPY230331C00400000,400.0,normalDay
2022-11-29,15453.0,-4690.0,0.0,100,395.23,442.5,0,0.0,0.0,,0.0,1,19.75,19.38,SPY230331C00400000,400.0,normalDay
2022-11-30,15453.0,-4307.0,0.0,100,407.68,442.5,0,0.0,0.0,,0.0,1,19.75,28.0,SPY230331C00400000,400.0,normalDay
2022-12-01,15453.0,-4133.0,0.0,100,407.38,442.5,0,0.0,0.0,,0.0,1,19.75,25.96,SPY230331C00400000,400.0,normalDay
2022-12-02,15453.0,-4086.0,0.0,100,406.91,442.5,0,0.0,0.0,,0.0,1,19.75,25.02,SPY230331C00400000,400.0,normalDay
2022-12-05,15453.0,-4410.0,0.0,100,399.59,442.5,0,0.0,0.0,,0.0,1,19.75,20.94,SPY230331C00400000,400.0,normalDay
2022-12-06,15453.0,-4678.0,0.0,100,393.83,442.5,0,0.0,0.0,,0.0,1,19.75,17.86,SPY230331C00400000,400.0,normalDay
2022-12-07,15453.0,-4714.0,0.0,100,393.16,442.5,0,0.0,0.0,,0.0,1,19.75,17.55,SPY230331C00400000,400.0,normalDay
2022-12-08,15453.0,-4553.0,0.0,100,396.24,442.5,0,0.0,0.0,,0.0,1,19.75,19.02,SPY230331C00400000,400.0,normalDay
2022-12-09,15453.0,-4691.0,0.0,100,393.28,442.5,0,0.0,0.0,,0.0,1,19.75,17.44,SPY230331C00400000,400.0,normalDay
2022-12-12,15453.0,-4438.0,0.0,100,398.95,442.5,0,0.0,0.0,,0.0,1,19.75,20.58,SPY230331C00400000,400.0,normalDay
2022-12-13,15453.0,-4241.0,0.0,100,401.97,442.5,0,0.0,0.0,,0.0,1,19.75,21.63,SPY230331C00400000,400.0,normalDay
2022-12-14,15453.0,-4357.0,0.0,100,399.4,442.5,0,0.0,0.0,,0.0,1,19.75,20.22,SPY230331C00400000,400.0,normalDay
2022-12-15,15453.0,-4756.0,0.0,100,389.63,442.5,0,0.0,0.0,,0.0,1,19.75,14.44,SPY230331C00400000,400.0,normalDay
2022-12-16,15453.0,-5150.0,0.0,100,383.27,442.5,0,0.0,0.0,,0.0,1,19.75,12.02,SPY230331C00400000,400.0,normalDay
2022-12-19,15453.0,-5293.0,0.0,100,380.02,442.5,0,0.0,0.0,,0.0,1,19.75,10.2,SPY230331C00400000,400.0,normalDay
2022-12-20,15453.0,-5238.0,0.0,100,380.54,442.5,0,0.0,0.0,,0.0,1,19.75,10.17,SPY230331C00400000,400.0,normalDay
2022-12-21,15453.0,-4864.0,0.0,100,386.23,442.5,0,0.0,0.0,,0.0,1,19.75,12.12,SPY230331C00400000,400.0,normalDay
2022-12-22,15453.0,-5212.0,0.0,100,380.72,442.5,0,0.0,0.0,,0.0,1,19.75,10.09,SPY230331C00400000,400.0,normalDay
2022-12-23,15453.0,-5043.0,0.0,100,382.91,442.5,0,0.0,0.0,,0.0,1,19.75,10.59,SPY230331C00400000,400.0,normalDay
2022-12-27,15453.0,-5123.0,0.0,100,381.4,442.5,0,0.0,0.0,,0.0,1,19.75,9.88,SPY230331C00400000,400.0,normalDay
2022-12-28,15453.0,-5403.0,0.0,100,376.66,442.5,0,0.0,0.0,,0.0,1,19.75,7.94,SPY230331C00400000,400.0,normalDay
2022-12-29,15453.0,-4947.0,0.0,100,383.44,442.5,0,0.0,0.0,,0.0,1,19.75,10.16,SPY230331C00400000,400.0,normalDay
2022-12-30,15453.0,-5019.0,0.0,100,382.43,442.5,0,0.0,0.0,,0.0,1,19.75,9.87,SPY230331C00400000,400.0,normalDay
2023-01-03,15453.0,-5050.0,0.0,100,380.82,442.5,0,0.0,0.0,,0.0,1,19.75,8.57,SPY230331C00400000,400.0,normalDay
2023-01-04,15453.0,-4845.0,0.0,100,383.76,442.5,0,0.0,0.0,,0.0,1,19.75,9.46,SPY230331C00400000,400.0,normalDay
2023-01-05,15453.0,-5092.0,0.0,100,379.38,442.5,0,0.0,0.0,,0.0,1,19.75,7.55,SPY230331C00400000,400.0,normalDay
2023-01-06,15453.0,-4522.0,0.0,100,388.08,442.5,0,0.0,0.0,,0.0,1,19.75,10.55,SPY230331C00400000,400.0,normalDay
2023-01-09,15453.0,-4532.0,0.0,100,387.86,442.5,0,0.0,0.0,,0.0,1,19.75,10.43,SPY230331C00400000,400.0,normalDay
2023-01-10,15453.0,-4331.0,0.0,100,390.58,442.5,0,0.0,0.0,,0.0,1,19.75,11.14,SPY230331C00400000,400.0,normalDay
2023-01-11,15453.0,-4103.0,0.0,100,395.52,442.5,0,0.0,0.0,,0.0,1,19.75,13.8,SPY230331C00400000,400.0,normalDay
2023-01-12,15453.0,-3933.0,0.0,100,396.96,442.5,0,0.0,0.0,,0.0,1,19.75,13.54,SPY230331C00400000,400.0,normalDay
2023-01-13,15453.0,-3774.0,0.0,100,398.5,442.5,0,0.0,0.0,,0.0,1,19.75,13.49,SPY230331C00400000,400.0,normalDay
2023-01-17,15453.0,-3801.0,0.0,100,397.77,442.5,0,0.0,0.0,,0.0,1,19.75,13.03,SPY230331C00400000,400.0,normalDay
2023-01-18,15453.0,-4116.0,0.0,100,391.49,442.5,0,0.0,0.0,,0.0,1,19.75,9.9,SPY230331C00400000,400.0,normalDay
2023-01-19,15453.0,-4257.0,0.0,100,388.64,442.5,0,0.0,0.0,,0.0,1,19.75,8.46,SPY230331C00400000,400.0,normalDay
2023-01-20,15453.0,-3836.0,0.0,100,395.88,442.5,0,0.0,0.0,,0.0,1,19.75,11.49,SPY230331C00400000,400.0,normalDay
2023-01-23,15453.0,-3603.0,0.0,100,400.63,442.5,0,0.0,0.0,,0.0,1,19.75,13.91,SPY230331C00400000,400.0,normalDay
2023-01-24,15453.0,-3657.0,0.0,100,400.2,442.5,0,0.0,0.0,,0.0,1,19.75,14.02,SPY230331C00400000,400.0,normalDay
2023-01-25,15453.0,-3600.0,0.0,100,400.35,442.5,0,0.0,0.0,,0.0,1,19.75,13.6,SPY230331C00400000,400.0,normalDay
2023-01-26,15453.0,-3398.0,0.0,100,404.75,442.5,0,0.0,0.0,,0.0,1,19.75,15.98,SPY230331C00400000,400.0,normalDay
2023-01-27,15453.0,-3335.0,0.0,100,405.68,442.5,0,0.0,0.0,,0.0,1,19.75,16.28,SPY230331C00400000,400.0,normalDay
2023-01-30,15453.0,-3575.0,0.0,100,400.59,442.5,0,0.0,0.0,,0.0,1,19.75,13.59,SPY230331C00400000,400.0,normalDay
2023-01-31,15453.0,-3292.0,0.0,100,406.48,442.5,0,0.0,0.0,,0.0,1,19.75,16.65,SPY230331C00400000,400.0,normalDay
2023-02-01,15453.0,-3203.0,0.0,100,410.8,442.5,0,0.0,0.0,,0.0,1,19.75,20.08,SPY230331C00400000,400.0,normalDay
2023-02-02,15453.0,-2924.0,0.0,100,416.78,442.5,0,0.0,0.0,,0.0,1,19.75,23.27,SPY230331C00400000,400.0,normalDay
2023-02-03,15453.0,-3087.0,0.0,100,412.35,442.5,0,0.0,0.0,,0.0,1,19.75,20.47,SPY230331C00400000,400.0,normalDay
2023-02-06,15453.0,-3168.0,0.0,100,409.83,442.5,0,0.0,0.0,,0.0,1,19.75,18.76,SPY230331C00400000,400.0,normalDay
2023-02-07,15453.0,-2939.0,0.0,100,415.19,442.5,0,0.0,0.0,,0.0,1,19.75,21.83,SPY230331C00400000,400.0,normalDay
2023-02-08,15453.0,-3148.0,0.0,100,410.65,442.5,0,0.0,0.0,,0.0,1,19.75,19.38,SPY230331C00400000,400.0,normalDay
2023-02-09,15453.0,-3279.0,0.0,100,407.09,442.5,0,0.0,0.0,,0.0,1,19.75,17.13,SPY230331C00400000,400.0,normalDay
2023-02-10,15453.0,-3202.0,0.0,100,408.04,442.5,0,0.0,0.0,,0.0,1,19.75,17.31,SPY230331C00400000,400.0,normalDay
2023-02-13,15453.0,-3034.0,0.0,100,412.83,442.5,0,0.0,0.0,,0.0,1,19.75,20.42,SPY230331C00400000,400.0,normalDay
2023-02-14,15453.0,-2919.0,0.0,100,412.64,442.5,0,0.0,0.0,,0.0,1,19.75,19.08,SPY230331C00400000,400.0,normalDay
2023-02-15,15453.0,-2904.0,0.0,100,413.98,442.5,0,0.0,0.0,,0.0,1,19.75,20.27,SPY230331C00400000,400.0,normalDay
2023-02-16,15453.0,-3061.0,0.0,100,408.28,442.5,0,0.0,0.0,,0.0,1,19.75,16.14,SPY230331C00400000,400.0,normalDay
2023-02-17,15453.0,-3059.0,0.0,100,407.26,442.5,0,0.0,0.0,,0.0,1,19.75,15.1,SPY230331C00400000,400.0,normalDay
2023-02-21,15453.0,-3405.0,0.0,100,399.09,442.5,0,0.0,0.0,,0.0,1,19.75,10.39,SPY230331C00400000,400.0,normalDay
2023-02-22,15453.0,-3382.0,0.0,100,398.54,442.5,0,0.0,0.0,,0.0,1,19.75,9.61,SPY230331C00400000,400.0,normalDay
2023-02-23,15453.0,-3207.0,0.0,100,400.66,442.5,0,0.0,0.0,,0.0,1,19.75,9.98,SPY230331C00400000,400.0,normalDay
2023-02-24,15453.0,-3406.0,0.0,100,396.38,442.5,0,0.0,0.0,,0.0,1,19.75,7.69,SPY230331C00400000,400.0,normalDay
2023-02-27,15453.0,-3300.0,0.0,100,397.73,442.5,0,0.0,0.0,,0.0,1,19.75,7.98,SPY230331C00400000,400.0,normalDay
2023-02-28,15453.0,-3322.0,0.0,100,396.26,442.5,0,0.0,0.0,,0.0,1,19.75,6.73,SPY230331C00400000,400.0,normalDay
2023-03-01,15453.0,-3410.0,0.0,100,394.74,442.5,0,0.0,0.0,,0.0,1,19.75,6.09,SPY230331C00400000,400.0,normalDay
2023-03-02,15453.0,-3204.0,0.0,100,397.81,442.5,0,0.0,0.0,,0.0,1,19.75,7.1,SPY230331C00400000,400.0,normalDay
2023-03-03,15453.0,-2888.0,0.0,100,404.19,442.5,0,0.0,0.0,,0.0,1,19.75,10.32,SPY230331C00400000,400.0,normalDay
2023-03-06,15453.0,-2845.0,0.0,100,404.47,442.5,0,0.0,0.0,,0.0,1,19.75,10.17,SPY230331C00400000,400.0,normalDay
2023-03-07,15453.0,-3122.0,0.0,100,398.27,442.5,0,0.0,0.0,,0.0,1,19.75,6.74,SPY230331C00400000,400.0,normalDay
2023-03-08,15453.0,-3048.0,0.0,100,398.92,442.5,0,0.0,0.0,,0.0,1,19.75,6.65,SPY230331C00400000,400.0,normalDay
2023-03-09,15453.0,-3522.0,0.0,100,391.56,442.5,0,0.0,0.0,,0.0,1,19.75,4.03,SPY230331C00400000,400.0,normalDay
2023-03-10,15453.0,-3916.0,0.0,100,385.91,442.5,0,0.0,0.0,,0.0,1,19.75,2.32,SPY230331C00400000,400.0,normalDay
2023-03-13,15453.0,-3993.0,0.0,100,385.36,442.5,0,0.0,0.0,,0.0,1,19.75,2.54,SPY230331C00400000,400.0,normalDay
2023-03-14,15453.0,-3414.0,0.0,100,391.73,442.5,0,0.0,0.0,,0.0,1,19.75,3.12,SPY230331C00400000,400.0,normalDay
2023-03-15,15453.0,-3604.0,0.0,100,389.28,442.5,0,0.0,0.0,,0.0,1,19.75,2.57,SPY230331C00400000,400.0,normalDay
2023-03-16,15453.0,-3082.0,0.0,100,396.11,442.5,0,0.0,0.0,,0.0,1,19.75,4.18,SPY230331C00400000,400.0,normalDay
2023-03-17,15453.0,-3580.0,0.0,100,389.99,442.5,0,0.0,0.0,,0.0,1,19.75,3.04,SPY230331C00400000,400.0,normalDay
2023-03-20,15453.0,-3245.0,0.0,100,393.74,442.5,0,0.0,0.0,,0.0,1,19.75,3.44,SPY230331C00400000,400.0,normalDay
2023-03-21,15453.0,-2904.0,0.0,100,398.91,442.5,0,0.0,0.0,,0.0,1,19.75,5.2,SPY230331C00400000,400.0,normalDay
2023-03-22,15453.0,-3269.0,0.0,100,392.11,442.5,0,0.0,0.0,,0.0,1,19.75,2.05,SPY230331C00400000,400.0,normalDay
2023-03-23,15453.0,-3157.0,0.0,100,393.17,442.5,0,0.0,0.0,,0.0,1,19.75,1.99,SPY230331C00400000,400.0,normalDay
2023-03-24,15453.0,-2935.0,0.0,100,395.75,442.5,0,0.0,0.0,,0.0,1,19.75,2.35,SPY230331C00400000,400.0,normalDay
2023-03-27,15453.0,-2813.0,0.0,100,396.49,442.5,0,0.0,0.0,,0.0,1,19.75,1.87,SPY230331C00400000,400.0,normalDay
2023-03-28,15453.0,-2830.0,0.0,100,395.6,442.5,0,0.0,0.0,,0.0,1,19.75,1.15,SPY230331C00400000,400.0,normalDay
2023-03-29,15453.0,-2439.0,0.0,100,401.35,442.5,0,0.0,0.0,,0.0,1,19.75,2.99,SPY230331C00400000,400.0,normalDay
2023-03-30,15453.0,-2325.0,0.0,100,403.7,442.5,0,0.0,0.0,,0.0,1,19.75,4.2,SPY230331C00400000,400.0,normalDay
2023-03-31,13178.0,-2325.0,-2275.0,0,409.39,0.0,0,0.0,0.0,,0.0,1,19.75,0.0,SPY230331C00400000,400.0,expirationDay
2023-04-03,13178.0,-3.0,0.0,0,410.95,0.0,1,0.77,0.8,SPY230421P00387000,387.0,0,0.0,0.0,,0.0,normalDay
2023-04-04,13178.0,-10.0,0.0,0,408.67,0.0,1,0.77,0.87,SPY230421P00387000,387.0,0,0.0,0.0,,0.0,normalDay
2023-04-05,13178.0,-5.0,0.0,0,407.6,0.0,1,0.77,0.82,SPY230421P00387000,387.0,0,0.0,0.0,,0.0,normalDay
2023-04-06,13178.0,22.0,0.0,0,409.19,0.0,1,0.77,0.55,SPY230421P00387000,387.0,0,0.0,0.0,,0.0,normalDay
2023-04-10,13178.0,40.0,0.0,0,409.61,0.0,1,0.77,0.37,SPY230421P00387000,387.0,0,0.0,0.0,,0.0,normalDay
2023-04-11,13178.0,44.0,0.0,0,409.72,0.0,1,0.77,0.33,SPY230421P00387000,387.0,0,0.0,0.0,,0.0,normalDay
2023-04-12,13178.0,45.0,0.0,0,408.05,0.0,1,0.77,0.32,SPY230421P00387000,387.0,0,0.0,0.0,,0.0,normalDay
2023-04-13,13178.0,64.0,0.0,0,413.47,0.0,1,0.77,0.13,SPY230421P00387000,387.0,0,0.0,0.0,,0.0,normalDay
2023-04-14,13178.0,69.0,0.0,0,412.46,0.0,1,0.77,0.08,SPY230421P00387000,387.0,0,0.0,0.0,,0.0,normalDay
2023-04-17,13178.0,72.0,0.0,0,413.94,0.0,1,0.77,0.05,SPY230421P00387000,387.0,0,0.0,0.0,,0.0,normalDay
2023-04-18,13178.0,72.0,0.0,0,414.21,0.0,1,0.77,0.05,SPY230421P00387000,387.0,0,0.0,0.0,,0.0,normalDay
2023-04-19,13178.0,73.0,0.0,0,414.14,0.0,1,0.77,0.04,SPY230421P00387000,387.0,0,0.0,0.0,,0.0,normalDay
2023-04-20,13178.0,75.0,0.0,0,411.88,0.0,1,0.77,0.02,SPY230421P00387000,387.0,0,0.0,0.0,,0.0,normalDay
2023-04-21,13255.0,0.0,77.0,0,412.2,0.0,1,0.77,0.0,SPY230421P00387000,387.0,0,0.0,0.0,,0.0,expirationDay
2023-04-24,13255.0,-3.0,0.0,0,412.63,0.0,1,2.24,2.27,SPY230512P00402000,402.0,0,0.0,0.0,,0.0,normalDay
2023-04-25,13255.0,-174.0,0.0,0,406.08,0.0,1,2.24,3.98,SPY230512P00402000,402.0,0,0.0,0.0,,0.0,normalDay
2023-04-26,13255.0,-250.0,0.0,0,404.36,0.0,1,2.24,4.74,SPY230512P00402000,402.0,0,0.0,0.0,,0.0,normalDay
2023-04-27,13255.0,45.0,0.0,0,412.41,0.0,1,2.24,1.79,SPY230512P00402000,402.0,0,0.0,0.0,,0.0,normalDay
2023-04-28,13255.0,120.0,0.0,0,415.93,0.0,1,2.24,1.04,SPY230512P00402000,402.0,0,0.0,0.0,,0.0,normalDay
2023-05-01,13255.0,138.0,0.0,0,415.51,0.0,1,2.24,0.86,SPY230512P00402000,402.0,0,0.0,0.0,,0.0,normalDay
2023-05-02,13255.0,44.0,0.0,0,410.84,0.0,1,2.24,1.8,SPY230512P00402000,402.0,0,0.0,0.0,,0.0,normalDay
2023-05-03,13255.0,12.0,0.0,0,408.02,0.0,1,2.24,2.12,SPY230512P00402000,402.0,0,0.0,0.0,,0.0,normalDay
2023-05-04,13255.0,-106.0,0.0,0,405.13,0.0,1,2.24,3.3,SPY230512P00402000,402.0,0,0.0,0.0,,0.0,normalDay
2023-05-05,13255.0,156.0,0.0,0,412.63,0.0,1,2.24,0.68,SPY230512P00402000,402.0,0,0.0,0.0,,0.0,normalDay
2023-05-08,13255.0,189.0,0.0,0,412.74,0.0,1,2.24,0.35,SPY230512P00402000,402.0,0,0.0,0.0,,0.0,normalDay
2023-05-09,13255.0,184.0,0.0,0,410.93,0.0,1,2.24,0.4,SPY230512P00402000,402.0,0,0.0,0.0,,0.0,normalDay
2023-05-10,13255.0,213.0,0.0,0,412.85,0.0,1,2.24,0.11,SPY230512P00402000,402.0,0,0.0,0.0,,0.0,normalDay
2023-05-11,13255.0,220.0,0.0,0,412.13,0.0,1,2.24,0.04,SPY230512P00402000,402.0,0,0.0,0.0,,0.0,normalDay
2023-05-12,13479.0,0.0,224.0,0,411.59,0.0,1,2.24,0.0,SPY230512P00402000,402.0,0,0.0,0.0,,0.0,expirationDay
2023-05-15,13479.0,-4.0,0.0,0,413.01,0.0,1,2.8,2.84,SPY230602P00407500,407.5,0,0.0,0.0,,0.0,normalDay
2023-05-16,13479.0,-99.0,0.0,0,410.25,0.0,1,2.8,3.79,SPY230602P00407500,407.5,0,0.0,0.0,,0.0,normalDay
2023-05-17,13479.0,61.0,0.0,0,415.23,0.0,1,2.8,2.19,SPY230602P00407500,407.5,0,0.0,0.0,,0.0,normalDay
2023-05-18,13479.0,155.0,0.0,0,419.23,0.0,1,2.8,1.25,SPY230602P00407500,407.5,0,0.0,0.0,,0.0,normalDay
2023-05-19,13479.0,149.0,0.0,0,418.62,0.0,1,2.8,1.31,SPY230602P00407500,407.5,0,0.0,0.0,,0.0,normalDay
2023-05-22,13479.0,168.0,0.0,0,418.79,0.0,1,2.8,1.12,SPY230602P00407500,407.5,0,0.0,0.0,,0.0,normalDay
2023-05-23,13479.0,77.0,0.0,0,414.09,0.0,1,2.8,2.03,SPY230602P00407500,407.5,0,0.0,0.0,,0.0,normalDay
2023-05-24,13479.0,-5.0,0.0,0,411.09,0.0,1,2.8,2.85,SPY230602P00407500,407.5,0,0.0,0.0,,0.0,normalDay
2023-05-25,13479.0,117.0,0.0,0,414.65,0.0,1,2.8,1.63,SPY230602P00407500,407.5,0,0.0,0.0,,0.0,normalDay
2023-05-26,13479.0,211.0,0.0,0,420.02,0.0,1,2.8,0.69,SPY230602P00407500,407.5,0,0.0,0.0,,0.0,normalDay
2023-05-30,13479.0,262.0,0.0,0,420.18,0.0,1,2.8,0.18,SPY230602P00407500,407.5,0,0.0,0.0,,0.0,normalDay
2023-05-31,13479.0,265.0,0.0,0,417.85,0.0,1,2.8,0.15,SPY230602P00407500,407.5,0,0.0,0.0,,0.0,normalDay
2023-06-01,13479.0,276.0,0.0,0,421.82,0.0,1,2.8,0.04,SPY230602P00407500,407.5,0,0.0,0.0,,0.0,normalDay
2023-06-02,13759.0,0.0,280.0,0,427.92,0.0,1,2.8,0.0,SPY230602P00407500,407.5,0,0.0,0.0,,0.0,expirationDay
2023-06-05,13759.0,-3.0,0.0,0,427.1,0.0,1,0.93,0.96,SPY230623P00410000,410.0,0,0.0,0.0,,0.0,normalDay
2023-06-06,13759.0,18.0,0.0,0,428.03,0.0,1,0.93,0.75,SPY230623P00410000,410.0,0,0.0,0.0,,0.0,normalDay
2023-06-07,13759.0,15.0,0.0,0,426.55,0.0,1,0.93,0.78,SPY230623P00410000,410.0,0,0.0,0.0,,0.0,normalDay
2023-06-08,13759.0,38.0,0.0,0,429.13,0.0,1,0.93,0.55,SPY230623P00410000,410.0,0,0.0,0.0,,0.0,normalDay
2023-06-09,13759.0,47.0,0.0,0,429.9,0.0,1,0.93,0.46,SPY230623P00410000,410.0,0,0.0,0.0,,0.0,normalDay
2023-06-12,13759.0,61.0,0.0,0,433.8,0.0,1,0.93,0.32,SPY230623P00410000,410.0,0,0.0,0.0,,0.0,normalDay
2023-06-13,13759.0,70.0,0.0,0,436.66,0.0,1,0.93,0.23,SPY230623P00410000,410.0,0,0.0,0.0,,0.0,normalDay
2023-06-14,13759.0,80.0,0.0,0,437.18,0.0,1,0.93,0.13,SPY230623P00410000,410.0,0,0.0,0.0,,0.0,normalDay
2023-06-15,13759.0,81.0,0.0,0,442.6,0.0,1,0.93,0.12,SPY230623P00410000,410.0,0,0.0,0.0,,0.0,normalDay
2023-06-16,13759.0,88.0,0.0,0,439.46,0.0,1,0.93,0.05,SPY230623P00410000,410.0,0,0.0,0.0,,0.0,normalDay
2023-06-20,13759.0,90.0,0.0,0,437.18,0.0,1,0.93,0.03,SPY230623P00410000,410.0,0,0.0,0.0,,0.0,normalDay
2023-06-21,13759.0,91.0,0.0,0,434.94,0.0,1,0.93,0.02,SPY230623P00410000,410.0,0,0.0,0.0,,0.0,normalDay
2023-06-22,13759.0,91.0,0.0,0,436.51,0.0,1,0.93,0.02,SPY230623P00410000,410.0,0,0.0,0.0,,0.0,normalDay
2023-06-23,13852.0,0.0,93.0,0,433.21,0.0,1,0.93,0.0,SPY230623P00410000,410.0,0,0.0,0.0,,0.0,expirationDay
2023-06-26,13852.0,-4.0,0.0,0,431.44,0.0,1,1.45,1.49,SPY230714P00422000,422.0,0,0.0,0.0,,0.0,normalDay
2023-06-27,13852.0,62.0,0.0,0,436.17,0.0,1,1.45,0.83,SPY230714P00422000,422.0,0,0.0,0.0,,0.0,normalDay
2023-06-28,13852.0,80.0,0.0,0,436.39,0.0,1,1.45,0.65,SPY230714P00422000,422.0,0,0.0,0.0,,0.0,normalDay
2023-06-29,13852.0,94.0,0.0,0,438.11,0.0,1,1.45,0.51,SPY230714P00422000,422.0,0,0.0,0.0,,0.0,normalDay
2023-06-30,13852.0,118.0,0.0,0,443.28,0.0,1,1.45,0.27,SPY230714P00422000,422.0,0,0.0,0.0,,0.0,normalDay
2023-07-03,13852.0,124.0,0.0,0,443.79,0.0,1,1.45,0.21,SPY230714P00422000,422.0,0,0.0,0.0,,0.0,normalDay
2023-07-05,13852.0,127.0,0.0,0,443.13,0.0,1,1.45,0.18,SPY230714P00422000,422.0,0,0.0,0.0,,0.0,normalDay
2023-07-06,13852.0,120.0,0.0,0,439.66,0.0,1,1.45,0.25,SPY230714P00422000,422.0,0,0.0,0.0,,0.0,normalDay
2023-07-07,13852.0,132.0,0.0,0,438.55,0.0,1,1.45,0.13,SPY230714P00422000,422.0,0,0.0,0.0,,0.0,normalDay
2023-07-10,13852.0,138.0,0.0,0,439.66,0.0,1,1.45,0.07,SPY230714P00422000,422.0,0,0.0,0.0,,0.0,normalDay
2023-07-11,13852.0,139.0,0.0,0,442.46,0.0,1,1.45,0.06,SPY230714P00422000,422.0,0,0.0,0.0,,0.0,normalDay
2023-07-12,13852.0,142.0,0.0,0,446.02,0.0,1,1.45,0.03,SPY230714P00422000,422.0,0,0.0,0.0,,0.0,normalDay
2023-07-13,13852.0,143.0,0.0,0,449.56,0.0,1,1.45,0.02,SPY230714P00422000,422.0,0,0.0,0.0,,0.0,normalDay
2023-07-14,13997.0,0.0,145.0,0,449.28,0.0,1,1.45,0.0,SPY230714P00422000,422.0,0,0.0,0.0,,0.0,expirationDay
2023-07-17,13997.0,-3.0,0.0,0,450.84,0.0,1,0.66,0.69,SPY230804P00433000,433.0,0,0.0,0.0,,0.0,normalDay
2023-07-18,13997.0,19.0,0.0,0,454.19,0.0,1,0.66,0.47,SPY230804P00433000,433.0,0,0.0,0.0,,0.0,normalDay
2023-07-19,13997.0,21.0,0.0,0,455.2,0.0,1,0.66,0.45,SPY230804P00433000,433.0,0,0.0,0.0,,0.0,normalDay
2023-07-20,13997.0,12.0,0.0,0,452.18,0.0,1,0.66,0.54,SPY230804P00433000,433.0,0,0.0,0.0,,0.0,normalDay
2023-07-21,13997.0,25.0,0.0,0,452.18,0.0,1,0.66,0.41,SPY230804P00433000,433.0,0,0.0,0.0,,0.0,normalDay
2023-07-24,13997.0,38.0,0.0,0,454.2,0.0,1,0.66,0.28,SPY230804P00433000,433.0,0,0.0,0.0,,0.0,normalDay
2023-07-25,13997.0,43.0,0.0,0,455.44,0.0,1,0.66,0.23,SPY230804P00433000,433.0,0,0.0,0.0,,0.0,normalDay
2023-07-26,13997.0,53.0,0.0,0,455.51,0.0,1,0.66,0.13,SPY230804P00433000,433.0,0,0.0,0.0,,0.0,normalDay
2023-07-27,13997.0,42.0,0.0,0,452.49,0.0,1,0.66,0.24,SPY230804P00433000,433.0,0,0.0,0.0,,0.0,normalDay
2023-07-28,13997.0,60.0,0.0,0,456.92,0.0,1,0.66,0.06,SPY230804P00433000,433.0,0,0.0,0.0,,0.0,normalDay
2023-07-31,13997.0,61.0,0.0,0,457.79,0.0,1,0.66,0.05,SPY230804P00433000,433.0,0,0.0,0.0,,0.0,normalDay
2023-08-01,13997.0,62.0,0.0,0,456.48,0.0,1,0.66,0.04,SPY230804P00433000,433.0,0,0.0,0.0,,0.0,normalDay
2023-08-02,13997.0,58.0,0.0,0,450.13,0.0,1,0.66,0.08,SPY230804P00433000,433.0,0,0.0,0.0,,0.0,normalDay
2023-08-03,13997.0,63.0,0.0,0,448.84,0.0,1,0.66,0.03,SPY230804P00433000,433.0,0,0.0,0.0,,0.0,normalDay
2023-08-04,14063.0,0.0,66.0,0,446.81,0.0,1,0.66,0.0,SPY230804P00433000,433.0,0,0.0,0.0,,0.0,expirationDay
2023-08-07,14063.0,-3.0,0.0,0,450.71,0.0,1,3.35,3.38,SPY230825P00447000,447.0,0,0.0,0.0,,0.0,normalDay
2023-08-08,14063.0,-74.0,0.0,0,448.75,0.0,1,3.35,4.09,SPY230825P00447000,447.0,0,0.0,0.0,,0.0,normalDay
2023-08-09,14063.0,-179.0,0.0,0,445.75,0.0,1,3.35,5.14,SPY230825P00447000,447.0,0,0.0,0.0,,0.0,normalDay
2023-08-10,14063.0,-183.0,0.0,0,445.91,0.0,1,3.35,5.18,SPY230825P00447000,447.0,0,0.0,0.0,,0.0,normalDay
2023-08-11,14063.0,-135.0,0.0,0,445.65,0.0,1,3.35,4.7,SPY230825P00447000,447.0,0,0.0,0.0,,0.0,normalDay
2023-08-14,14063.0,6.0,0.0,0,448.11,0.0,1,3.35,3.29,SPY230825P00447000,447.0,0,0.0,0.0,,0.0,normalDay
2023-08-15,14063.0,-283.0,0.0,0,442.89,0.0,1,3.35,6.18,SPY230825P00447000,447.0,0,0.0,0.0,,0.0,normalDay
2023-08-16,14063.0,-473.0,0.0,0,439.64,0.0,1,3.35,8.08,SPY230825P00447000,447.0,0,0.0,0.0,,0.0,normalDay
2023-08-17,14063.0,-779.0,0.0,0,436.29,0.0,1,3.35,11.14,SPY230825P00447000,447.0,0,0.0,0.0,,0.0,normalDay
2023-08-18,14063.0,-730.0,0.0,0,436.5,0.0,1,3.35,10.65,SPY230825P00447000,447.0,0,0.0,0.0,,0.0,normalDay
2023-08-21,14063.0,-495.0,0.0,0,439.34,0.0,1,3.35,8.3,SPY230825P00447000,447.0,0,0.0,0.0,,0.0,normalDay
2023-08-22,14063.0,-566.0,0.0,0,438.15,0.0,1,3.35,9.01,SPY230825P00447000,447.0,0,0.0,0.0,,0.0,normalDay
2023-08-23,14063.0,-130.0,0.0,0,443.03,0.0,1,3.35,4.65,SPY230825P00447000,447.0,0,0.0,0.0,,0.0,normalDay
2023-08-24,14063.0,-692.0,0.0,0,436.89,0.0,1,3.35,10.27,SPY230825P00447000,447.0,0,0.0,0.0,,0.0,normalDay
2023-08-25,14398.0,-703.0,335.0,100,439.97,447.0,1,3.35,0.0,SPY230825P00447000,447.0,0,0.0,0.0,,0.0,expirationDay
2023-08-28,14398.0,-432.0,0.0,100,442.76,447.0,0,0.0,0.0,,0.0,1,13.4,13.48,SPY231229C00450000,450.0,normalDay
2023-08-29,14398.0,-142.0,0.0,100,449.16,447.0,0,0.0,0.0,,0.0,1,13.4,16.98,SPY231229C00450000,450.0,normalDay
2023-08-30,14398.0,-38.0,0.0,100,451.01,447.0,0,0.0,0.0,,0.0,1,13.4,17.79,SPY231229C00450000,450.0,normalDay
2023-08-31,14398.0,-47.0,0.0,100,450.35,447.0,0,0.0,0.0,,0.0,1,13.4,17.22,SPY231229C00450000,450.0,normalDay
2023-09-01,14398.0,48.0,0.0,100,451.19,447.0,0,0.0,0.0,,0.0,1,13.4,17.11,SPY231229C00450000,450.0,normalDay
2023-09-05,14398.0,-18.0,0.0,100,449.24,447.0,0,0.0,0.0,,0.0,1,13.4,15.82,SPY231229C00450000,450.0,normalDay
2023-09-06,14398.0,-141.0,0.0,100,446.22,447.0,0,0.0,0.0,,0.0,1,13.4,14.03,SPY231229C00450000,450.0,normalDay
2023-09-07,14398.0,-185.0,0.0,100,444.85,447.0,0,0.0,0.0,,0.0,1,13.4,13.1,SPY231229C00450000,450.0,normalDay
2023-09-08,14398.0,-139.0,0.0,100,445.52,447.0,0,0.0,0.0,,0.0,1,13.4,13.31,SPY231229C00450000,450.0,normalDay
2023-09-11,14398.0,35.0,0.0,100,448.45,447.0,0,0.0,0.0,,0.0,1,13.4,14.5,SPY231229C00450000,450.0,normalDay
2023-09-12,14398.0,-72.0,0.0,100,445.99,447.0,0,0.0,0.0,,0.0,1,13.4,13.11,SPY231229C00450000,450.0,normalDay
2023-09-13,14398.0,-19.0,0.0,100,446.51,447.0,0,0.0,0.0,,0.0,1,13.4,13.1,SPY231229C00450000,450.0,normalDay
2023-09-14,14398.0,181.0,0.0,100,450.36,447.0,0,0.0,0.0,,0.0,1,13.4,14.95,SPY231229C00450000,450.0,normalDay
2023-09-15,14398.0,-196.0,0.0,100,443.37,447.0,0,0.0,0.0,,0.0,1,13.4,11.73,SPY231229C00450000,450.0,normalDay
2023-09-18,14398.0,-168.0,0.0,100,443.63,447.0,0,0.0,0.0,,0.0,1,13.4,11.71,SPY231229C00450000,450.0,normalDay
2023-09-19,14398.0,-200.0,0.0,100,442.71,447.0,0,0.0,0.0,,0.0,1,13.4,11.11,SPY231229C00450000,450.0,normalDay
2023-09-20,14398.0,-394.0,0.0,100,438.64,447.0,0,0.0,0.0,,0.0,1,13.4,8.98,SPY231229C00450000,450.0,normalDay
2023-09-21,14398.0,-861.0,0.0,100,431.39,447.0,0,0.0,0.0,,0.0,1,13.4,6.4,SPY231229C00450000,450.0,normalDay
2023-09-22,14398.0,-919.0,0.0,100,430.42,447.0,0,0.0,0.0,,0.0,1,13.4,6.01,SPY231229C00450000,450.0,normalDay
2023-09-25,14398.0,-786.0,0.0,100,432.23,447.0,0,0.0,0.0,,0.0,1,13.4,6.49,SPY231229C00450000,450.0,normalDay
2023-09-26,14398.0,-1270.0,0.0,100,425.88,447.0,0,0.0,0.0,,0.0,1,13.4,4.98,SPY231229C00450000,450.0,normalDay
2023-09-27,14398.0,-1221.0,0.0,100,426.05,447.0,0,0.0,0.0,,0.0,1,13.4,4.66,SPY231229C00450000,450.0,normalDay
2023-09-28,14398.0,-997.0,0.0,100,428.52,447.0,0,0.0,0.0,,0.0,1,13.4,4.89,SPY231229C00450000,450.0,normalDay
2023-09-29,14398.0,-1079.0,0.0,100,427.48,447.0,0,0.0,0.0,,0.0,1,13.4,4.67,SPY231229C00450000,450.0,normalDay
2023-10-02,14398.0,-1078.0,0.0,100,427.31,447.0,0,0.0,0.0,,0.0,1,13.4,4.49,SPY231229C00450000,450.0,normalDay
2023-10-03,14398.0,-1558.0,0.0,100,421.59,447.0,0,0.0,0.0,,0.0,1,13.4,3.57,SPY231229C00450000,450.0,normalDay
2023-10-04,14398.0,-1285.0,0.0,100,424.66,447.0,0,0.0,0.0,,0.0,1,13.4,3.91,SPY231229C00450000,450.0,normalDay
2023-10-05,14398.0,-1279.0,0.0,100,424.5,447.0,0,0.0,0.0,,0.0,1,13.4,3.69,SPY231229C00450000,450.0,normalDay
2023-10-06,14398.0,-916.0,0.0,100,429.54,447.0,0,0.0,0.0,,0.0,1,13.4,5.1,SPY231229C00450000,450.0,normalDay
2023-10-09,14398.0,-716.0,0.0,100,432.29,447.0,0,0.0,0.0,,0.0,1,13.4,5.85,SPY231229C00450000,450.0,normalDay
2023-10-10,14398.0,-528.0,0.0,100,434.54,447.0,0,0.0,0.0,,0.0,1,13.4,6.22,SPY231229C00450000,450.0,normalDay
2023-10-11,14398.0,-404.0,0.0,100,436.32,447.0,0,0.0,0.0,,0.0,1,13.4,6.76,SPY231229C00450000,450.0,normalDay
2023-10-12,14398.0,-539.0,0.0,100,433.66,447.0,0,0.0,0.0,,0.0,1,13.4,5.45,SPY231229C00450000,450.0,normalDay
2023-10-13,14398.0,-709.0,0.0,100,431.5,447.0,0,0.0,0.0,,0.0,1,13.4,4.99,SPY231229C00450000,450.0,normalDay
2023-10-16,14398.0,-363.0,0.0,100,436.04,447.0,0,0.0,0.0,,0.0,1,13.4,6.07,SPY231229C00450000,450.0,normalDay
2023-10-17,14398.0,-357.0,0.0,100,436.02,447.0,0,0.0,0.0,,0.0,1,13.4,5.99,SPY231229C00450000,450.0,normalDay
2023-10-18,14398.0,-788.0,0.0,100,430.21,447.0,0,0.0,0.0,,0.0,1,13.4,4.49,SPY231229C00450000,450.0,normalDay
2023-10-19,14398.0,-1056.0,0.0,100,426.43,447.0,0,0.0,0.0,,0.0,1,13.4,3.39,SPY231229C00450000,450.0,normalDay
2023-10-20,14398.0,-1483.0,0.0,100,421.19,447.0,0,0.0,0.0,,0.0,1,13.4,2.42,SPY231229C00450000,450.0,normalDay
2023-10-23,14398.0,-1521.0,0.0,100,420.46,447.0,0,0.0,0.0,,0.0,1,13.4,2.07,SPY231229C00450000,450.0,normalDay
2023-10-24,14398.0,-1227.0,0.0,100,423.63,447.0,0,0.0,0.0,,0.0,1,13.4,2.3,SPY231229C00450000,450.0,normalDay
2023-10-25,14398.0,-1750.0,0.0,100,417.55,447.0,0,0.0,0.0,,0.0,1,13.4,1.45,SPY231229C00450000,450.0,normalDay
2023-10-26,14398.0,-2199.0,0.0,100,412.55,447.0,0,0.0,0.0,,0.0,1,13.4,0.94,SPY231229C00450000,450.0,normalDay
2023-10-27,14398.0,-2371.0,0.0,100,410.68,447.0,0,0.0,0.0,,0.0,1,13.4,0.79,SPY231229C00450000,450.0,normalDay
2023-10-30,14398.0,-1899.0,0.0,100,415.59,447.0,0,0.0,0.0,,0.0,1,13.4,0.98,SPY231229C00450000,450.0,normalDay
2023-10-31,14398.0,-1629.0,0.0,100,418.2,447.0,0,0.0,0.0,,0.0,1,13.4,0.89,SPY231229C00450000,450.0,normalDay
2023-11-01,14398.0,-1221.0,0.0,100,422.66,447.0,0,0.0,0.0,,0.0,1,13.4,1.27,SPY231229C00450000,450.0,normalDay
2023-11-02,14398.0,-519.0,0.0,100,430.76,447.0,0,0.0,0.0,,0.0,1,13.4,2.35,SPY231229C00450000,450.0,normalDay
2023-11-03,14398.0,-208.0,0.0,100,434.69,447.0,0,0.0,0.0,,0.0,1,13.4,3.17,SPY231229C00450000,450.0,normalDay
2023-11-06,14398.0,-97.0,0.0,100,435.69,447.0,0,0.0,0.0,,0.0,1,13.4,3.06,SPY231229C00450000,450.0,normalDay
2023-11-07,14398.0,-5.0,0.0,100,436.93,447.0,0,0.0,0.0,,0.0,1,13.4,3.38,SPY231229C00450000,450.0,normalDay
2023-11-08,14398.0,43.0,0.0,100,437.25,447.0,0,0.0,0.0,,0.0,1,13.4,3.22,SPY231229C00450000,450.0,normalDay
2023-11-09,14398.0,-219.0,0.0,100,433.84,447.0,0,0.0,0.0,,0.0,1,13.4,2.43,SPY231229C00450000,450.0,normalDay
2023-11-10,14398.0,280.0,0.0,100,440.61,447.0,0,0.0,0.0,,0.0,1,13.4,4.21,SPY231229C00450000,450.0,normalDay
2023-11-13,14398.0,260.0,0.0,100,440.19,447.0,0,0.0,0.0,,0.0,1,13.4,3.99,SPY231229C00450000,450.0,normalDay
2023-11-14,14398.0,731.0,0.0,100,448.73,447.0,0,0.0,0.0,,0.0,1,13.4,7.82,SPY231229C00450000,450.0,normalDay
2023-11-15,14398.0,838.0,0.0,100,449.68,447.0,0,0.0,0.0,,0.0,1,13.4,7.7,SPY231229C00450000,450.0,normalDay
2023-11-16,14398.0,870.0,0.0,100,450.23,447.0,0,0.0,0.0,,0.0,1,13.4,7.93,SPY231229C00450000,450.0,normalDay
2023-11-17,14398.0,923.0,0.0,100,450.79,447.0,0,0.0,0.0,,0.0,1,13.4,7.96,SPY231229C00450000,450.0,normalDay
2023-11-20,14398.0,1079.0,0.0,100,454.26,447.0,0,0.0,0.0,,0.0,1,13.4,9.87,SPY231229C00450000,450.0,normalDay
2023-11-21,14398.0,1091.0,0.0,100,453.27,447.0,0,0.0,0.0,,0.0,1,13.4,8.76,SPY231229C00450000,450.0,normalDay
2023-11-22,14398.0,1147.0,0.0,100,455.02,447.0,0,0.0,0.0,,0.0,1,13.4,9.95,SPY231229C00450000,450.0,normalDay
2023-11-24,14398.0,1195.0,0.0,100,455.3,447.0,0,0.0,0.0,,0.0,1,13.4,9.75,SPY231229C00450000,450.0,normalDay
2023-11-27,14398.0,1185.0,0.0,100,454.48,447.0,0,0.0,0.0,,0.0,1,13.4,9.03,SPY231229C00450000,450.0,normalDay
2023-11-28,14398.0,1217.0,0.0,100,454.93,447.0,0,0.0,0.0,,0.0,1,13.4,9.16,SPY231229C00450000,450.0,normalDay
2023-11-29,14398.0,1171.0,0.0,100,454.61,447.0,0,0.0,0.0,,0.0,1,13.4,9.3,SPY231229C00450000,450.0,normalDay
2023-11-30,14398.0,1291.0,0.0,100,456.4,447.0,0,0.0,0.0,,0.0,1,13.4,9.89,SPY231229C00450000,450.0,normalDay
