date,totalCapital,unrializedPnL,rializedPnL,stocksOwned,stocksPriceToday,stocksPriceBoughtAt,putOwned,putOwnedSoldAt,putPriceToday,putOwnedContract,putOwnedStrike,callOwned,callOwnedSoldAt,callPriceToday,callOwnedContract,callOwnedStrike,trackType
2018-11-01,0.0,-14.0,0.0,0,273.51,0.0,1,12.19,12.33,SPY190329P00275000,275.0,0,0.0,0.0,,0.0,normalDay
2018-11-02,0.0,-80.0,0.0,0,271.89,0.0,1,12.19,12.99,SPY190329P00275000,275.0,0,0.0,0.0,,0.0,normalDay
2018-11-05,0.0,18.0,0.0,0,273.39,0.0,1,12.19,12.01,SPY190329P00275000,275.0,0,0.0,0.0,,0.0,normalDay
2018-11-06,0.0,110.0,0.0,0,275.12,0.0,1,12.19,11.09,SPY190329P00275000,275.0,0,0.0,0.0,,0.0,normalDay
2018-11-07,0.0,390.0,0.0,0,281.01,0.0,1,12.19,8.29,SPY190329P00275000,275.0,0,0.0,0.0,,0.0,normalDay
2018-11-08,0.0,394.0,0.0,0,280.5,0.0,1,12.19,8.25,SPY190329P00275000,275.0,0,0.0,0.0,,0.0,normalDay
2018-11-09,0.0,266.0,0.0,0,277.76,0.0,1,12.19,9.53,SPY190329P00275000,275.0,0,0.0,0.0,,0.0,normalDay
2018-11-12,0.0,23.0,0.0,0,272.57,0.0,1,12.19,11.96,SPY190329P00275000,275.0,0,0.0,0.0,,0.0,normalDay
2018-11-13,0.0,-25.0,0.0,0,272.06,0.0,1,12.19,12.44,SPY190329P00275000,275.0,0,0.0,0.0,,0.0,normalDay
2018-11-14,0.0,-161.0,0.0,0,270.2,0.0,1,12.19,13.8,SPY190329P00275000,275.0,0,0.0,0.0,,0.0,normalDay
2018-11-15,0.0,5.0,0.0,0,273.02,0.0,1,12.19,12.14,SPY190329P00275000,275.0,0,0.0,0.0,,0.0,normalDay
2018-11-16,0.0,86.0,0.0,0,273.73,0.0,1,12.19,11.33,SPY190329P00275000,275.0,0,0.0,0.0,,0.0,normalDay
2018-11-19,0.0,-166.0,0.0,0,269.1,0.0,1,12.19,13.85,SPY190329P00275000,275.0,0,0.0,0.0,,0.0,normalDay
2018-11-20,0.0,-520.0,0.0,0,264.12,0.0,1,12.19,17.39,SPY190329P00275000,275.0,0,0.0,0.0,,0.0,normalDay
2018-11-21,0.0,-436.0,0.0,0,265.02,0.0,1,12.19,16.55,SPY190329P00275000,275.0,0,0.0,0.0,,0.0,normalDay
2018-11-23,0.0,-551.0,0.0,0,263.25,0.0,1,12.19,17.7,SPY190329P00275000,275.0,0,0.0,0.0,,0.0,normalDay
2018-11-26,0.0,-206.0,0.0,0,267.5,0.0,1,12.19,14.25,SPY190329P00275000,275.0,0,0.0,0.0,,0.0,normalDay
2018-11-27,0.0,-165.0,0.0,0,268.4,0.0,1,12.19,13.84,SPY190329P00275000,275.0,0,0.0,0.0,,0.0,normalDay
2018-11-28,0.0,130.0,0.0,0,274.58,0.0,1,12.19,10.89,SPY190329P00275000,275.0,0,0.0,0.0,,0.0,normalDay
2018-11-29,0.0,116.0,0.0,0,273.98,0.0,1,12.19,11.03,SPY190329P00275000,275.0,0,0.0,0.0,,0.0,normalDay
2018-11-30,0.0,216.0,0.0,0,275.65,0.0,1,12.19,10.03,SPY190329P00275000,275.0,0,0.0,0.0,,0.0,normalDay
2018-12-03,0.0,395.0,0.0,0,279.3,0.0,1,12.19,8.24,SPY190329P00275000,275.0,0,0.0,0.0,,0.0,normalDay
2018-12-04,0.0,-73.0,0.0,0,270.25,0.0,1,12.19,12.92,SPY190329P00275000,275.0,0,0.0,0.0,,0.0,normalDay
2018-12-06,0.0,-100.0,0.0,0,269.84,0.0,1,12.19,13.19,SPY190329P00275000,275.0,0,0.0,0.0,,0.0,normalDay
2018-12-07,0.0,-527.0,0.0,0,263.57,0.0,1,12.19,17.46,SPY190329P00275000,275.0,0,0.0,0.0,,0.0,normalDay
2018-12-10,0.0,-435.0,0.0,0,264.07,0.0,1,12.19,16.54,SPY190329P00275000,275.0,0,0.0,0.0,,0.0,normalDay
2018-12-11,0.0,-432.0,0.0,0,264.13,0.0,1,12.19,16.51,SPY190329P00275000,275.0,0,0.0,0.0,,0.0,normalDay
2018-12-12,0.0,-379.0,0.0,0,265.46,0.0,1,12.19,15.98,SPY190329P00275000,275.0,0,0.0,0.0,,0.0,normalDay
2018-12-13,0.0,-377.0,0.0,0,265.37,0.0,1,12.19,15.96,SPY190329P00275000,275.0,0,0.0,0.0,,0.0,normalDay
2018-12-14,0.0,-710.0,0.0,0,260.47,0.0,1,12.19,19.29,SPY190329P00275000,275.0,0,0.0,0.0,,0.0,normalDay
2018-12-17,0.0,-1106.0,0.0,0,255.36,0.0,1,12.19,23.25,SPY190329P00275000,275.0,0,0.0,0.0,,0.0,normalDay
2018-12-18,0.0,-1184.0,0.0,0,255.08,0.0,1,12.19,24.03,SPY190329P00275000,275.0,0,0.0,0.0,,0.0,normalDay
2018-12-19,0.0,-1431.0,0.0,0,251.26,0.0,1,12.19,26.5,SPY190329P00275000,275.0,0,0.0,0.0,,0.0,normalDay
2018-12-20,0.0,-1752.0,0.0,0,247.17,0.0,1,12.19,29.71,SPY190329P00275000,275.0,0,0.0,0.0,,0.0,normalDay
2018-12-21,0.0,-2331.0,0.0,0,240.7,0.0,1,12.19,35.5,SPY190329P00275000,275.0,0,0.0,0.0,,0.0,normalDay
2018-12-24,0.0,-3101.0,0.0,0,234.34,0.0,1,12.19,43.2,SPY190329P00275000,275.0,0,0.0,0.0,,0.0,normalDay
2018-12-26,0.0,-1763.0,0.0,0,246.18,0.0,1,12.19,29.82,SPY190329P00275000,275.0,0,0.0,0.0,,0.0,normalDay
2018-12-27,0.0,-1588.0,0.0,0,248.07,0.0,1,12.19,28.07,SPY190329P00275000,275.0,0,0.0,0.0,,0.0,normalDay
2018-12-28,0.0,-1649.0,0.0,0,247.75,0.0,1,12.19,28.68,SPY190329P00275000,275.0,0,0.0,0.0,,0.0,normalDay
2018-12-31,0.0,-1439.0,0.0,0,249.92,0.0,1,12.19,26.58,SPY190329P00275000,275.0,0,0.0,0.0,,0.0,normalDay
2019-01-02,0.0,-1367.0,0.0,0,250.18,0.0,1,12.19,25.86,SPY190329P00275000,275.0,0,0.0,0.0,,0.0,normalDay
2019-01-03,0.0,-1945.0,0.0,0,244.21,0.0,1,12.19,31.64,SPY190329P00275000,275.0,0,0.0,0.0,,0.0,normalDay
2019-01-04,0.0,-1170.0,0.0,0,252.39,0.0,1,12.19,23.89,SPY190329P00275000,275.0,0,0.0,0.0,,0.0,normalDay
2019-01-07,0.0,-1005.0,0.0,0,254.38,0.0,1,12.19,22.24,SPY190329P00275000,275.0,0,0.0,0.0,,0.0,normalDay
2019-01-08,0.0,-802.0,0.0,0,256.77,0.0,1,12.19,20.21,SPY190329P00275000,275.0,0,0.0,0.0,,0.0,normalDay
2019-01-09,0.0,-677.0,0.0,0,257.97,0.0,1,12.19,18.96,SPY190329P00275000,275.0,0,0.0,0.0,,0.0,normalDay
2019-01-10,0.0,-590.0,0.0,0,258.88,0.0,1,12.19,18.09,SPY190329P00275000,275.0,0,0.0,0.0,,0.0,normalDay
2019-01-11,0.0,-557.0,0.0,0,258.98,0.0,1,12.19,17.76,SPY190329P00275000,275.0,0,0.0,0.0,,0.0,normalDay
2019-01-14,0.0,-668.0,0.0,0,257.4,0.0,1,12.19,18.87,SPY190329P00275000,275.0,0,0.0,0.0,,0.0,normalDay
2019-01-15,0.0,-417.0,0.0,0,260.35,0.0,1,12.19,16.36,SPY190329P00275000,275.0,0,0.0,0.0,,0.0,normalDay
2019-01-16,0.0,-362.0,0.0,0,260.98,0.0,1,12.19,15.81,SPY190329P00275000,275.0,0,0.0,0.0,,0.0,normalDay
2019-01-17,0.0,-203.0,0.0,0,262.96,0.0,1,12.19,14.22,SPY190329P00275000,275.0,0,0.0,0.0,,0.0,normalDay
2019-01-18,0.0,25.0,0.0,0,266.46,0.0,1,12.19,11.94,SPY190329P00275000,275.0,0,0.0,0.0,,0.0,normalDay
2019-01-22,0.0,-236.0,0.0,0,262.86,0.0,1,12.19,14.55,SPY190329P00275000,275.0,0,0.0,0.0,,0.0,normalDay
2019-01-23,0.0,-208.0,0.0,0,263.41,0.0,1,12.19,14.27,SPY190329P00275000,275.0,0,0.0,0.0,,0.0,normalDay
2019-01-24,0.0,-204.0,0.0,0,263.55,0.0,1,12.19,14.23,SPY190329P00275000,275.0,0,0.0,0.0,,0.0,normalDay
2019-01-25,0.0,14.0,0.0,0,265.78,0.0,1,12.19,12.05,SPY190329P00275000,275.0,0,0.0,0.0,,0.0,normalDay
2019-01-28,0.0,-140.0,0.0,0,263.76,0.0,1,12.19,13.59,SPY190329P00275000,275.0,0,0.0,0.0,,0.0,normalDay
2019-01-29,0.0,-174.0,0.0,0,263.41,0.0,1,12.19,13.93,SPY190329P00275000,275.0,0,0.0,0.0,,0.0,normalDay
2019-01-30,0.0,142.0,0.0,0,267.58,0.0,1,12.19,10.77,SPY190329P00275000,275.0,0,0.0,0.0,,0.0,normalDay
2019-01-31,0.0,351.0,0.0,0,269.93,0.0,1,12.19,8.68,SPY190329P00275000,275.0,0,0.0,0.0,,0.0,normalDay
2019-02-01,0.0,360.0,0.0,0,270.06,0.0,1,12.19,8.59,SPY190329P00275000,275.0,0,0.0,0.0,,0.0,normalDay
2019-02-04,0.0,489.0,0.0,0,271.96,0.0,1,12.19,7.3,SPY190329P00275000,275.0,0,0.0,0.0,,0.0,normalDay
2019-02-05,0.0,543.0,0.0,0,273.1,0.0,1,12.19,6.76,SPY190329P00275000,275.0,0,0.0,0.0,,0.0,normalDay
2019-02-06,0.0,546.0,0.0,0,272.74,0.0,1,12.19,6.73,SPY190329P00275000,275.0,0,0.0,0.0,,0.0,normalDay
2019-02-07,0.0,393.0,0.0,0,270.14,0.0,1,12.19,8.26,SPY190329P00275000,275.0,0,0.0,0.0,,0.0,normalDay
2019-02-08,0.0,417.0,0.0,0,270.47,0.0,1,12.19,8.02,SPY190329P00275000,275.0,0,0.0,0.0,,0.0,normalDay
2019-02-11,0.0,440.0,0.0,0,270.62,0.0,1,12.19,7.79,SPY190329P00275000,275.0,0,0.0,0.0,,0.0,normalDay
2019-02-12,0.0,651.0,0.0,0,274.1,0.0,1,12.19,5.68,SPY190329P00275000,275.0,0,0.0,0.0,,0.0,normalDay
2019-02-13,0.0,680.0,0.0,0,274.99,0.0,1,12.19,5.39,SPY190329P00275000,275.0,0,0.0,0.0,,0.0,normalDay
2019-02-14,0.0,641.0,0.0,0,274.38,0.0,1,12.19,5.78,SPY190329P00275000,275.0,0,0.0,0.0,,0.0,normalDay
2019-02-15,0.0,809.0,0.0,0,277.37,0.0,1,12.19,4.1,SPY190329P00275000,275.0,0,0.0,0.0,,0.0,normalDay
2019-02-19,0.0,836.0,0.0,0,277.85,0.0,1,12.19,3.83,SPY190329P00275000,275.0,0,0.0,0.0,,0.0,normalDay
2019-02-20,0.0,893.0,0.0,0,278.41,0.0,1,12.19,3.26,SPY190329P00275000,275.0,0,0.0,0.0,,0.0,normalDay
2019-02-21,0.0,858.0,0.0,0,277.42,0.0,1,12.19,3.61,SPY190329P00275000,275.0,0,0.0,0.0,,0.0,normalDay
2019-02-22,0.0,937.0,0.0,0,279.14,0.0,1,12.19,2.82,SPY190329P00275000,275.0,0,0.0,0.0,,0.0,normalDay
2019-02-25,0.0,951.0,0.0,0,279.52,0.0,1,12.19,2.68,SPY190329P00275000,275.0,0,0.0,0.0,,0.0,normalDay
2019-02-26,0.0,941.0,0.0,0,279.32,0.0,1,12.19,2.78,SPY190329P00275000,275.0,0,0.0,0.0,,0.0,normalDay
2019-02-27,0.0,956.0,0.0,0,279.2,0.0,1,12.19,2.63,SPY190329P00275000,275.0,0,0.0,0.0,,0.0,normalDay
2019-02-28,0.0,944.0,0.0,0,278.68,0.0,1,12.19,2.75,SPY190329P00275000,275.0,0,0.0,0.0,,0.0,normalDay
2019-03-01,0.0,1028.0,0.0,0,280.42,0.0,1,12.19,1.91,SPY190329P00275000,275.0,0,0.0,0.0,,0.0,normalDay
2019-03-04,0.0,985.0,0.0,0,279.4,0.0,1,12.19,2.34,SPY190329P00275000,275.0,0,0.0,0.0,,0.0,normalDay
2019-03-05,0.0,979.0,0.0,0,279.02,0.0,1,12.19,2.4,SPY190329P00275000,275.0,0,0.0,0.0,,0.0,normalDay
2019-03-06,0.0,912.0,0.0,0,277.33,0.0,1,12.19,3.07,SPY190329P00275000,275.0,0,0.0,0.0,,0.0,normalDay
2019-03-07,0.0,816.0,0.0,0,275.01,0.0,1,12.19,4.03,SPY190329P00275000,275.0,0,0.0,0.0,,0.0,normalDay
2019-03-08,0.0,812.0,0.0,0,274.46,0.0,1,12.19,4.07,SPY190329P00275000,275.0,0,0.0,0.0,,0.0,normalDay
2019-03-11,0.0,1006.0,0.0,0,278.44,0.0,1,12.19,2.13,SPY190329P00275000,275.0,0,0.0,0.0,,0.0,normalDay
2019-03-12,0.0,1051.0,0.0,0,279.49,0.0,1,12.19,1.68,SPY190329P00275000,275.0,0,0.0,0.0,,0.0,normalDay
2019-03-13,0.0,1110.0,0.0,0,281.34,0.0,1,12.19,1.09,SPY190329P00275000,275.0,0,0.0,0.0,,0.0,normalDay
2019-03-14,0.0,1110.0,0.0,0,281.16,0.0,1,12.19,1.09,SPY190329P00275000,275.0,0,0.0,0.0,,0.0,normalDay
2019-03-15,0.0,1149.0,0.0,0,281.31,0.0,1,12.19,0.7,SPY190329P00275000,275.0,0,0.0,0.0,,0.0,normalDay
2019-03-18,0.0,1168.0,0.0,0,282.33,0.0,1,12.19,0.51,SPY190329P00275000,275.0,0,0.0,0.0,,0.0,normalDay
2019-03-19,0.0,1161.0,0.0,0,282.4,0.0,1,12.19,0.58,SPY190329P00275000,275.0,0,0.0,0.0,,0.0,normalDay
2019-03-20,0.0,1162.0,0.0,0,281.55,0.0,1,12.19,0.57,SPY190329P00275000,275.0,0,0.0,0.0,,0.0,normalDay
2019-03-21,0.0,1195.0,0.0,0,284.73,0.0,1,12.19,0.24,SPY190329P00275000,275.0,0,0.0,0.0,,0.0,normalDay
2019-03-22,0.0,1121.0,0.0,0,279.25,0.0,1,12.19,0.98,SPY190329P00275000,275.0,0,0.0,0.0,,0.0,normalDay
2019-03-25,0.0,1151.0,0.0,0,279.04,0.0,1,12.19,0.68,SPY190329P00275000,275.0,0,0.0,0.0,,0.0,normalDay
2019-03-26,0.0,1197.0,0.0,0,281.12,0.0,1,12.19,0.22,SPY190329P00275000,275.0,0,0.0,0.0,,0.0,normalDay
2019-03-27,0.0,1194.0,0.0,0,279.65,0.0,1,12.19,0.25,SPY190329P00275000,275.0,0,0.0,0.0,,0.0,normalDay
2019-03-28,0.0,1215.0,0.0,0,280.71,0.0,1,12.19,0.04,SPY190329P00275000,275.0,0,0.0,0.0,,0.0,normalDay
2019-03-29,1219.0,0.0,1219.0,0,282.48,0.0,1,12.19,0.0,SPY190329P00275000,275.0,0,0.0,0.0,,0.0,expirationDay
2019-04-01,1219.0,-7.0,0.0,0,285.83,0.0,1,8.76,8.83,SPY190930P00280000,280.0,0,0.0,0.0,,0.0,normalDay
2019-04-02,1219.0,1.0,0.0,0,285.97,0.0,1,8.76,8.75,SPY190930P00280000,280.0,0,0.0,0.0,,0.0,normalDay
2019-04-03,1219.0,29.0,0.0,0,286.42,0.0,1,8.76,8.47,SPY190930P00280000,280.0,0,0.0,0.0,,0.0,normalDay
2019-04-04,1219.0,52.0,0.0,0,287.18,0.0,1,8.76,8.24,SPY190930P00280000,280.0,0,0.0,0.0,,0.0,normalDay
2019-04-05,1219.0,114.0,0.0,0,288.57,0.0,1,8.76,7.62,SPY190930P00280000,280.0,0,0.0,0.0,,0.0,normalDay
2019-04-08,1219.0,124.0,0.0,0,288.79,0.0,1,8.76,7.52,SPY190930P00280000,280.0,0,0.0,0.0,,0.0,normalDay
2019-04-09,1219.0,48.0,0.0,0,287.31,0.0,1,8.76,8.28,SPY190930P00280000,280.0,0,0.0,0.0,,0.0,normalDay
2019-04-10,1219.0,111.0,0.0,0,288.29,0.0,1,8.76,7.65,SPY190930P00280000,280.0,0,0.0,0.0,,0.0,normalDay
2019-04-11,1219.0,107.0,0.0,0,288.21,0.0,1,8.76,7.69,SPY190930P00280000,280.0,0,0.0,0.0,,0.0,normalDay
2019-04-12,1219.0,190.0,0.0,0,290.16,0.0,1,8.76,6.86,SPY190930P00280000,280.0,0,0.0,0.0,,0.0,normalDay
2019-04-15,1219.0,194.0,0.0,0,289.97,0.0,1,8.76,6.82,SPY190930P00280000,280.0,0,0.0,0.0,,0.0,normalDay
2019-04-16,1219.0,199.0,0.0,0,290.16,0.0,1,8.76,6.77,SPY190930P00280000,280.0,0,0.0,0.0,,0.0,normalDay
2019-04-17,1219.0,171.0,0.0,0,289.45,0.0,1,8.76,7.05,SPY190930P00280000,280.0,0,0.0,0.0,,0.0,normalDay
2019-04-18,1219.0,196.0,0.0,0,290.02,0.0,1,8.76,6.8,SPY190930P00280000,280.0,0,0.0,0.0,,0.0,normalDay
2019-04-22,1219.0,218.0,0.0,0,290.27,0.0,1,8.76,6.58,SPY190930P00280000,280.0,0,0.0,0.0,,0.0,normalDay
2019-04-23,1219.0,288.0,0.0,0,292.88,0.0,1,8.76,5.88,SPY190930P00280000,280.0,0,0.0,0.0,,0.0,normalDay
2019-04-24,1219.0,263.0,0.0,0,292.23,0.0,1,8.76,6.13,SPY190930P00280000,280.0,0,0.0,0.0,,0.0,normalDay
2019-04-25,1219.0,249.0,0.0,0,292.05,0.0,1,8.76,6.27,SPY190930P00280000,280.0,0,0.0,0.0,,0.0,normalDay
2019-04-26,1219.0,293.0,0.0,0,293.41,0.0,1,8.76,5.83,SPY190930P00280000,280.0,0,0.0,0.0,,0.0,normalDay
2019-04-29,1219.0,300.0,0.0,0,293.87,0.0,1,8.76,5.76,SPY190930P00280000,280.0,0,0.0,0.0,,0.0,normalDay
2019-04-30,1219.0,308.0,0.0,0,294.02,0.0,1,8.76,5.68,SPY190930P00280000,280.0,0,0.0,0.0,,0.0,normalDay
2019-05-01,1219.0,223.0,0.0,0,291.81,0.0,1,8.76,6.53,SPY190930P00280000,280.0,0,0.0,0.0,,0.0,normalDay
2019-05-02,1219.0,210.0,0.0,0,291.18,0.0,1,8.76,6.66,SPY190930P00280000,280.0,0,0.0,0.0,,0.0,normalDay
2019-05-03,1219.0,309.0,0.0,0,294.03,0.0,1,8.76,5.67,SPY190930P00280000,280.0,0,0.0,0.0,,0.0,normalDay
2019-05-06,1219.0,249.0,0.0,0,292.82,0.0,1,8.76,6.27,SPY190930P00280000,280.0,0,0.0,0.0,,0.0,normalDay
2019-05-07,1219.0,21.0,0.0,0,287.93,0.0,1,8.76,8.55,SPY190930P00280000,280.0,0,0.0,0.0,,0.0,normalDay
2019-05-08,1219.0,35.0,0.0,0,287.53,0.0,1,8.76,8.41,SPY190930P00280000,280.0,0,0.0,0.0,,0.0,normalDay
2019-05-09,1219.0,20.0,0.0,0,286.66,0.0,1,8.76,8.56,SPY190930P00280000,280.0,0,0.0,0.0,,0.0,normalDay
2019-05-10,1219.0,110.0,0.0,0,288.1,0.0,1,8.76,7.66,SPY190930P00280000,280.0,0,0.0,0.0,,0.0,normalDay
2019-05-13,1219.0,-231.0,0.0,0,280.86,0.0,1,8.76,11.07,SPY190930P00280000,280.0,0,0.0,0.0,,0.0,normalDay
2019-05-14,1219.0,-77.0,0.0,0,283.4,0.0,1,8.76,9.53,SPY190930P00280000,280.0,0,0.0,0.0,,0.0,normalDay
2019-05-15,1219.0,26.0,0.0,0,285.06,0.0,1,8.76,8.5,SPY190930P00280000,280.0,0,0.0,0.0,,0.0,normalDay
2019-05-16,1219.0,139.0,0.0,0,287.7,0.0,1,8.76,7.37,SPY190930P00280000,280.0,0,0.0,0.0,,0.0,normalDay
2019-05-17,1219.0,70.0,0.0,0,285.84,0.0,1,8.76,8.06,SPY190930P00280000,280.0,0,0.0,0.0,,0.0,normalDay
2019-05-20,1219.0,14.0,0.0,0,283.95,0.0,1,8.76,8.62,SPY190930P00280000,280.0,0,0.0,0.0,,0.0,normalDay
2019-05-21,1219.0,130.0,0.0,0,286.51,0.0,1,8.76,7.46,SPY190930P00280000,280.0,0,0.0,0.0,,0.0,normalDay
2019-05-22,1219.0,107.0,0.0,0,285.63,0.0,1,8.76,7.69,SPY190930P00280000,280.0,0,0.0,0.0,,0.0,normalDay
2019-05-23,1219.0,-77.0,0.0,0,282.14,0.0,1,8.76,9.53,SPY190930P00280000,280.0,0,0.0,0.0,,0.0,normalDay
2019-05-24,1219.0,-22.0,0.0,0,282.78,0.0,1,8.76,8.98,SPY190930P00280000,280.0,0,0.0,0.0,,0.0,normalDay
2019-05-28,1219.0,-133.0,0.0,0,280.15,0.0,1,8.76,10.09,SPY190930P00280000,280.0,0,0.0,0.0,,0.0,normalDay
2019-05-29,1219.0,-240.0,0.0,0,278.27,0.0,1,8.76,11.16,SPY190930P00280000,280.0,0,0.0,0.0,,0.0,normalDay
2019-05-30,1219.0,-200.0,0.0,0,279.03,0.0,1,8.76,10.76,SPY190930P00280000,280.0,0,0.0,0.0,,0.0,normalDay
2019-05-31,1219.0,-411.0,0.0,0,275.27,0.0,1,8.76,12.87,SPY190930P00280000,280.0,0,0.0,0.0,,0.0,normalDay
2019-06-03,1219.0,-418.0,0.0,0,274.57,0.0,1,8.76,12.94,SPY190930P00280000,280.0,0,0.0,0.0,,0.0,normalDay
2019-06-04,1219.0,-108.0,0.0,0,280.53,0.0,1,8.76,9.84,SPY190930P00280000,280.0,0,0.0,0.0,,0.0,normalDay
2019-06-05,1219.0,8.0,0.0,0,282.96,0.0,1,8.76,8.68,SPY190930P00280000,280.0,0,0.0,0.0,,0.0,normalDay
2019-06-06,1219.0,85.0,0.0,0,284.8,0.0,1,8.76,7.91,SPY190930P00280000,280.0,0,0.0,0.0,,0.0,normalDay
2019-06-07,1219.0,166.0,0.0,0,287.65,0.0,1,8.76,7.1,SPY190930P00280000,280.0,0,0.0,0.0,,0.0,normalDay
2019-06-10,1219.0,226.0,0.0,0,288.97,0.0,1,8.76,6.5,SPY190930P00280000,280.0,0,0.0,0.0,,0.0,normalDay
2019-06-11,1219.0,213.0,0.0,0,288.9,0.0,1,8.76,6.63,SPY190930P00280000,280.0,0,0.0,0.0,,0.0,normalDay
2019-06-12,1219.0,209.0,0.0,0,288.39,0.0,1,8.76,6.67,SPY190930P00280000,280.0,0,0.0,0.0,,0.0,normalDay
2019-06-13,1219.0,250.0,0.0,0,289.58,0.0,1,8.76,6.26,SPY190930P00280000,280.0,0,0.0,0.0,,0.0,normalDay
2019-06-14,1219.0,259.0,0.0,0,289.26,0.0,1,8.76,6.17,SPY190930P00280000,280.0,0,0.0,0.0,,0.0,normalDay
2019-06-17,1219.0,269.0,0.0,0,289.37,0.0,1,8.76,6.07,SPY190930P00280000,280.0,0,0.0,0.0,,0.0,normalDay
2019-06-18,1219.0,346.0,0.0,0,292.4,0.0,1,8.76,5.3,SPY190930P00280000,280.0,0,0.0,0.0,,0.0,normalDay
2019-06-19,1219.0,389.0,0.0,0,293.06,0.0,1,8.76,4.87,SPY190930P00280000,280.0,0,0.0,0.0,,0.0,normalDay
2019-06-20,1219.0,443.0,0.0,0,295.86,0.0,1,8.76,4.33,SPY190930P00280000,280.0,0,0.0,0.0,,0.0,normalDay
2019-06-21,1219.0,422.0,0.0,0,294.0,0.0,1,8.76,4.54,SPY190930P00280000,280.0,0,0.0,0.0,,0.0,normalDay
2019-06-24,1219.0,430.0,0.0,0,293.64,0.0,1,8.76,4.46,SPY190930P00280000,280.0,0,0.0,0.0,,0.0,normalDay
2019-06-25,1219.0,346.0,0.0,0,290.76,0.0,1,8.76,5.3,SPY190930P00280000,280.0,0,0.0,0.0,,0.0,normalDay
2019-06-26,1219.0,340.0,0.0,0,290.47,0.0,1,8.76,5.36,SPY190930P00280000,280.0,0,0.0,0.0,,0.0,normalDay
2019-06-27,1219.0,390.0,0.0,0,291.5,0.0,1,8.76,4.86,SPY190930P00280000,280.0,0,0.0,0.0,,0.0,normalDay
2019-06-28,1219.0,452.0,0.0,0,293.0,0.0,1,8.76,4.24,SPY190930P00280000,280.0,0,0.0,0.0,,0.0,normalDay
2019-07-01,1219.0,531.0,0.0,0,295.66,0.0,1,8.76,3.45,SPY190930P00280000,280.0,0,0.0,0.0,,0.0,normalDay
2019-07-02,1219.0,575.0,0.0,0,296.43,0.0,1,8.76,3.01,SPY190930P00280000,280.0,0,0.0,0.0,,0.0,normalDay
2019-07-03,1219.0,620.0,0.0,0,298.8,0.0,1,8.76,2.56,SPY190930P00280000,280.0,0,0.0,0.0,,0.0,normalDay
2019-07-05,1219.0,605.0,0.0,0,298.46,0.0,1,8.76,2.71,SPY190930P00280000,280.0,0,0.0,0.0,,0.0,normalDay
2019-07-08,1219.0,582.0,0.0,0,296.82,0.0,1,8.76,2.94,SPY190930P00280000,280.0,0,0.0,0.0,,0.0,normalDay
2019-07-09,1219.0,579.0,0.0,0,297.19,0.0,1,8.76,2.97,SPY190930P00280000,280.0,0,0.0,0.0,,0.0,normalDay
2019-07-10,1219.0,621.0,0.0,0,298.61,0.0,1,8.76,2.55,SPY190930P00280000,280.0,0,0.0,0.0,,0.0,normalDay
2019-07-11,1219.0,636.0,0.0,0,299.31,0.0,1,8.76,2.4,SPY190930P00280000,280.0,0,0.0,0.0,,0.0,normalDay
2019-07-12,1219.0,662.0,0.0,0,300.65,0.0,1,8.76,2.14,SPY190930P00280000,280.0,0,0.0,0.0,,0.0,normalDay
2019-07-15,1219.0,665.0,0.0,0,300.75,0.0,1,8.76,2.11,SPY190930P00280000,280.0,0,0.0,0.0,,0.0,normalDay
2019-07-16,1219.0,655.0,0.0,0,299.78,0.0,1,8.76,2.21,SPY190930P00280000,280.0,0,0.0,0.0,,0.0,normalDay
2019-07-17,1219.0,614.0,0.0,0,297.74,0.0,1,8.76,2.62,SPY190930P00280000,280.0,0,0.0,0.0,,0.0,normalDay
2019-07-18,1219.0,640.0,0.0,0,298.83,0.0,1,8.76,2.36,SPY190930P00280000,280.0,0,0.0,0.0,,0.0,normalDay
2019-07-19,1219.0,610.0,0.0,0,297.17,0.0,1,8.76,2.66,SPY190930P00280000,280.0,0,0.0,0.0,,0.0,normalDay
2019-07-22,1219.0,644.0,0.0,0,297.9,0.0,1,8.76,2.32,SPY190930P00280000,280.0,0,0.0,0.0,,0.0,normalDay
2019-07-23,1219.0,687.0,0.0,0,300.03,0.0,1,8.76,1.89,SPY190930P00280000,280.0,0,0.0,0.0,,0.0,normalDay
2019-07-24,1219.0,714.0,0.0,0,301.44,0.0,1,8.76,1.62,SPY190930P00280000,280.0,0,0.0,0.0,,0.0,normalDay
2019-07-25,1219.0,690.0,0.0,0,300.0,0.0,1,8.76,1.86,SPY190930P00280000,280.0,0,0.0,0.0,,0.0,normalDay
2019-07-26,1219.0,721.0,0.0,0,302.01,0.0,1,8.76,1.55,SPY190930P00280000,280.0,0,0.0,0.0,,0.0,normalDay
2019-07-29,1219.0,720.0,0.0,0,301.46,0.0,1,8.76,1.56,SPY190930P00280000,280.0,0,0.0,0.0,,0.0,normalDay
2019-07-30,1219.0,695.0,0.0,0,300.72,0.0,1,8.76,1.81,SPY190930P00280000,280.0,0,0.0,0.0,,0.0,normalDay
2019-07-31,1219.0,623.0,0.0,0,297.43,0.0,1,8.76,2.53,SPY190930P00280000,280.0,0,0.0,0.0,,0.0,normalDay
2019-08-01,1219.0,543.0,0.0,0,294.84,0.0,1,8.76,3.33,SPY190930P00280000,280.0,0,0.0,0.0,,0.0,normalDay
2019-08-02,1219.0,494.0,0.0,0,292.62,0.0,1,8.76,3.82,SPY190930P00280000,280.0,0,0.0,0.0,,0.0,normalDay
2019-08-05,1219.0,83.0,0.0,0,283.82,0.0,1,8.76,7.93,SPY190930P00280000,280.0,0,0.0,0.0,,0.0,normalDay
2019-08-06,1219.0,330.0,0.0,0,287.8,0.0,1,8.76,5.46,SPY190930P00280000,280.0,0,0.0,0.0,,0.0,normalDay
2019-08-07,1219.0,342.0,0.0,0,287.97,0.0,1,8.76,5.34,SPY190930P00280000,280.0,0,0.0,0.0,,0.0,normalDay
2019-08-08,1219.0,544.0,0.0,0,293.62,0.0,1,8.76,3.32,SPY190930P00280000,280.0,0,0.0,0.0,,0.0,normalDay
2019-08-09,1219.0,487.0,0.0,0,291.62,0.0,1,8.76,3.89,SPY190930P00280000,280.0,0,0.0,0.0,,0.0,normalDay
2019-08-12,1219.0,327.0,0.0,0,288.07,0.0,1,8.76,5.49,SPY190930P00280000,280.0,0,0.0,0.0,,0.0,normalDay
2019-08-13,1219.0,522.0,0.0,0,292.55,0.0,1,8.76,3.54,SPY190930P00280000,280.0,0,0.0,0.0,,0.0,normalDay
2019-08-14,1219.0,185.0,0.0,0,283.9,0.0,1,8.76,6.91,SPY190930P00280000,280.0,0,0.0,0.0,,0.0,normalDay
2019-08-15,1219.0,239.0,0.0,0,284.65,0.0,1,8.76,6.37,SPY190930P00280000,280.0,0,0.0,0.0,,0.0,normalDay
2019-08-16,1219.0,436.0,0.0,0,288.85,0.0,1,8.76,4.4,SPY190930P00280000,280.0,0,0.0,0.0,,0.0,normalDay
2019-08-19,1219.0,583.0,0.0,0,292.33,0.0,1,8.76,2.93,SPY190930P00280000,280.0,0,0.0,0.0,,0.0,normalDay
2019-08-20,1219.0,520.0,0.0,0,290.09,0.0,1,8.76,3.56,SPY190930P00280000,280.0,0,0.0,0.0,,0.0,normalDay
2019-08-21,1219.0,628.0,0.0,0,292.45,0.0,1,8.76,2.48,SPY190930P00280000,280.0,0,0.0,0.0,,0.0,normalDay
2019-08-22,1219.0,604.0,0.0,0,292.36,0.0,1,8.76,2.72,SPY190930P00280000,280.0,0,0.0,0.0,,0.0,normalDay
2019-08-23,1219.0,373.0,0.0,0,284.85,0.0,1,8.76,5.03,SPY190930P00280000,280.0,0,0.0,0.0,,0.0,normalDay
2019-08-26,1219.0,482.0,0.0,0,288.0,0.0,1,8.76,3.94,SPY190930P00280000,280.0,0,0.0,0.0,,0.0,normalDay
2019-08-27,1219.0,426.0,0.0,0,286.87,0.0,1,8.76,4.5,SPY190930P00280000,280.0,0,0.0,0.0,,0.0,normalDay
2019-08-28,1219.0,518.0,0.0,0,288.89,0.0,1,8.76,3.58,SPY190930P00280000,280.0,0,0.0,0.0,,0.0,normalDay
2019-08-29,1219.0,628.0,0.0,0,292.58,0.0,1,8.76,2.48,SPY190930P00280000,280.0,0,0.0,0.0,,0.0,normalDay
2019-08-30,1219.0,617.0,0.0,0,292.45,0.0,1,8.76,2.59,SPY190930P00280000,280.0,0,0.0,0.0,,0.0,normalDay
2019-09-03,1219.0,596.0,0.0,0,290.74,0.0,1,8.76,2.8,SPY190930P00280000,280.0,0,0.0,0.0,,0.0,normalDay
2019-09-04,1219.0,711.0,0.0,0,294.04,0.0,1,8.76,1.65,SPY190930P00280000,280.0,0,0.0,0.0,,0.0,normalDay
2019-09-05,1219.0,773.0,0.0,0,297.82,0.0,1,8.76,1.03,SPY190930P00280000,280.0,0,0.0,0.0,,0.0,normalDay
2019-09-06,1219.0,802.0,0.0,0,298.05,0.0,1,8.76,0.74,SPY190930P00280000,280.0,0,0.0,0.0,,0.0,normalDay
2019-09-09,1219.0,812.0,0.0,0,298.2,0.0,1,8.76,0.64,SPY190930P00280000,280.0,0,0.0,0.0,,0.0,normalDay
2019-09-10,1219.0,817.0,0.0,0,298.13,0.0,1,8.76,0.59,SPY190930P00280000,280.0,0,0.0,0.0,,0.0,normalDay
2019-09-11,1219.0,836.0,0.0,0,300.25,0.0,1,8.76,0.4,SPY190930P00280000,280.0,0,0.0,0.0,,0.0,normalDay
2019-09-12,1219.0,844.0,0.0,0,301.29,0.0,1,8.76,0.32,SPY190930P00280000,280.0,0,0.0,0.0,,0.0,normalDay
2019-09-13,1219.0,848.0,0.0,0,301.09,0.0,1,8.76,0.28,SPY190930P00280000,280.0,0,0.0,0.0,,0.0,normalDay
2019-09-16,1219.0,849.0,0.0,0,300.16,0.0,1,8.76,0.27,SPY190930P00280000,280.0,0,0.0,0.0,,0.0,normalDay
2019-09-17,1219.0,852.0,0.0,0,300.92,0.0,1,8.76,0.24,SPY190930P00280000,280.0,0,0.0,0.0,,0.0,normalDay
2019-09-18,1219.0,856.0,0.0,0,301.1,0.0,1,8.76,0.2,SPY190930P00280000,280.0,0,0.0,0.0,,0.0,normalDay
2019-09-19,1219.0,860.0,0.0,0,301.08,0.0,1,8.76,0.16,SPY190930P00280000,280.0,0,0.0,0.0,,0.0,normalDay
2019-09-20,1219.0,859.0,0.0,0,298.28,0.0,1,8.76,0.17,SPY190930P00280000,280.0,0,0.0,0.0,,0.0,normalDay
2019-09-23,1219.0,869.0,0.0,0,298.21,0.0,1,8.76,0.07,SPY190930P00280000,280.0,0,0.0,0.0,,0.0,normalDay
2019-09-24,1219.0,861.0,0.0,0,295.87,0.0,1,8.76,0.15,SPY190930P00280000,280.0,0,0.0,0.0,,0.0,normalDay
2019-09-25,1219.0,869.0,0.0,0,297.62,0.0,1,8.76,0.07,SPY190930P00280000,280.0,0,0.0,0.0,,0.0,normalDay
2019-09-26,1219.0,873.0,0.0,0,297.0,0.0,1,8.76,0.03,SPY190930P00280000,280.0,0,0.0,0.0,,0.0,normalDay
2019-09-27,1219.0,872.0,0.0,0,295.4,0.0,1,8.76,0.04,SPY190930P00280000,280.0,0,0.0,0.0,,0.0,normalDay
2019-09-30,2095.0,0.0,876.0,0,296.77,0.0,1,8.76,0.0,SPY190930P00280000,280.0,0,0.0,0.0,,0.0,expirationDay
2019-10-01,2095.0,-11.0,0.0,0,293.24,0.0,1,15.8,15.91,SPY200331P00298000,298.0,0,0.0,0.0,,0.0,normalDay
2019-10-02,2095.0,-347.0,0.0,0,288.06,0.0,1,15.8,19.27,SPY200331P00298000,298.0,0,0.0,0.0,,0.0,normalDay
2019-10-03,2095.0,-173.0,0.0,0,290.42,0.0,1,15.8,17.53,SPY200331P00298000,298.0,0,0.0,0.0,,0.0,normalDay
2019-10-04,2095.0,73.0,0.0,0,294.35,0.0,1,15.8,15.07,SPY200331P00298000,298.0,0,0.0,0.0,,0.0,normalDay
2019-10-07,2095.0,17.0,0.0,0,293.08,0.0,1,15.8,15.63,SPY200331P00298000,298.0,0,0.0,0.0,,0.0,normalDay
2019-10-08,2095.0,-258.0,0.0,0,288.53,0.0,1,15.8,18.38,SPY200331P00298000,298.0,0,0.0,0.0,,0.0,normalDay
2019-10-09,2095.0,-97.0,0.0,0,291.27,0.0,1,15.8,16.77,SPY200331P00298000,298.0,0,0.0,0.0,,0.0,normalDay
2019-10-10,2095.0,43.0,0.0,0,293.24,0.0,1,15.8,15.37,SPY200331P00298000,298.0,0,0.0,0.0,,0.0,normalDay
2019-10-11,2095.0,234.0,0.0,0,296.28,0.0,1,15.8,13.46,SPY200331P00298000,298.0,0,0.0,0.0,,0.0,normalDay
2019-10-14,2095.0,246.0,0.0,0,295.95,0.0,1,15.8,13.34,SPY200331P00298000,298.0,0,0.0,0.0,,0.0,normalDay
2019-10-15,2095.0,399.0,0.0,0,298.88,0.0,1,15.8,11.81,SPY200331P00298000,298.0,0,0.0,0.0,,0.0,normalDay
2019-10-16,2095.0,391.0,0.0,0,298.4,0.0,1,15.8,11.89,SPY200331P00298000,298.0,0,0.0,0.0,,0.0,normalDay
2019-10-17,2095.0,419.0,0.0,0,299.28,0.0,1,15.8,11.61,SPY200331P00298000,298.0,0,0.0,0.0,,0.0,normalDay
2019-10-18,2095.0,370.0,0.0,0,297.97,0.0,1,15.8,12.1,SPY200331P00298000,298.0,0,0.0,0.0,,0.0,normalDay
2019-10-21,2095.0,474.0,0.0,0,299.99,0.0,1,15.8,11.06,SPY200331P00298000,298.0,0,0.0,0.0,,0.0,normalDay
2019-10-22,2095.0,427.0,0.0,0,299.01,0.0,1,15.8,11.53,SPY200331P00298000,298.0,0,0.0,0.0,,0.0,normalDay
2019-10-23,2095.0,480.0,0.0,0,299.88,0.0,1,15.8,11.0,SPY200331P00298000,298.0,0,0.0,0.0,,0.0,normalDay
2019-10-24,2095.0,492.0,0.0,0,300.37,0.0,1,15.8,10.88,SPY200331P00298000,298.0,0,0.0,0.0,,0.0,normalDay
2019-10-25,2095.0,567.0,0.0,0,301.6,0.0,1,15.8,10.13,SPY200331P00298000,298.0,0,0.0,0.0,,0.0,normalDay
2019-10-28,2095.0,627.0,0.0,0,303.3,0.0,1,15.8,9.53,SPY200331P00298000,298.0,0,0.0,0.0,,0.0,normalDay
2019-10-29,2095.0,616.0,0.0,0,303.21,0.0,1,15.8,9.64,SPY200331P00298000,298.0,0,0.0,0.0,,0.0,normalDay
2019-10-30,2095.0,673.0,0.0,0,304.14,0.0,1,15.8,9.07,SPY200331P00298000,298.0,0,0.0,0.0,,0.0,normalDay
2019-10-31,2095.0,619.0,0.0,0,303.33,0.0,1,15.8,9.61,SPY200331P00298000,298.0,0,0.0,0.0,,0.0,normalDay
2019-11-01,2095.0,724.0,0.0,0,306.14,0.0,1,15.8,8.56,SPY200331P00298000,298.0,0,0.0,0.0,,0.0,normalDay
2019-11-04,2095.0,764.0,0.0,0,307.37,0.0,1,15.8,8.16,SPY200331P00298000,298.0,0,0.0,0.0,,0.0,normalDay
2019-11-05,2095.0,746.0,0.0,0,307.03,0.0,1,15.8,8.34,SPY200331P00298000,298.0,0,0.0,0.0,,0.0,normalDay
2019-11-06,2095.0,752.0,0.0,0,307.1,0.0,1,15.8,8.28,SPY200331P00298000,298.0,0,0.0,0.0,,0.0,normalDay
2019-11-07,2095.0,778.0,0.0,0,308.18,0.0,1,15.8,8.02,SPY200331P00298000,298.0,0,0.0,0.0,,0.0,normalDay
2019-11-08,2095.0,816.0,0.0,0,308.94,0.0,1,15.8,7.64,SPY200331P00298000,298.0,0,0.0,0.0,,0.0,normalDay
2019-11-11,2095.0,808.0,0.0,0,308.35,0.0,1,15.8,7.72,SPY200331P00298000,298.0,0,0.0,0.0,,0.0,normalDay
2019-11-12,2095.0,819.0,0.0,0,309.0,0.0,1,15.8,7.61,SPY200331P00298000,298.0,0,0.0,0.0,,0.0,normalDay
2019-11-13,2095.0,824.0,0.0,0,309.1,0.0,1,15.8,7.56,SPY200331P00298000,298.0,0,0.0,0.0,,0.0,normalDay
2019-11-14,2095.0,839.0,0.0,0,309.55,0.0,1,15.8,7.41,SPY200331P00298000,298.0,0,0.0,0.0,,0.0,normalDay
2019-11-15,2095.0,919.0,0.0,0,311.79,0.0,1,15.8,6.61,SPY200331P00298000,298.0,0,0.0,0.0,,0.0,normalDay
2019-11-18,2095.0,934.0,0.0,0,312.02,0.0,1,15.8,6.46,SPY200331P00298000,298.0,0,0.0,0.0,,0.0,normalDay
2019-11-19,2095.0,919.0,0.0,0,311.93,0.0,1,15.8,6.61,SPY200331P00298000,298.0,0,0.0,0.0,,0.0,normalDay
2019-11-20,2095.0,879.0,0.0,0,310.77,0.0,1,15.8,7.01,SPY200331P00298000,298.0,0,0.0,0.0,,0.0,normalDay
2019-11-21,2095.0,864.0,0.0,0,310.27,0.0,1,15.8,7.16,SPY200331P00298000,298.0,0,0.0,0.0,,0.0,normalDay
2019-11-22,2095.0,902.0,0.0,0,310.96,0.0,1,15.8,6.78,SPY200331P00298000,298.0,0,0.0,0.0,,0.0,normalDay
2019-11-25,2095.0,985.0,0.0,0,313.37,0.0,1,15.8,5.95,SPY200331P00298000,298.0,0,0.0,0.0,,0.0,normalDay
2019-11-26,2095.0,1020.0,0.0,0,314.08,0.0,1,15.8,5.6,SPY200331P00298000,298.0,0,0.0,0.0,,0.0,normalDay
2019-11-27,2095.0,1047.0,0.0,0,315.48,0.0,1,15.8,5.33,SPY200331P00298000,298.0,0,0.0,0.0,,0.0,normalDay
2019-11-29,2095.0,1005.0,0.0,0,314.31,0.0,1,15.8,5.75,SPY200331P00298000,298.0,0,0.0,0.0,,0.0,normalDay
2019-12-02,2095.0,901.0,0.0,0,311.64,0.0,1,15.8,6.79,SPY200331P00298000,298.0,0,0.0,0.0,,0.0,normalDay
2019-12-03,2095.0,810.0,0.0,0,309.55,0.0,1,15.8,7.7,SPY200331P00298000,298.0,0,0.0,0.0,,0.0,normalDay
2019-12-04,2095.0,883.0,0.0,0,311.46,0.0,1,15.8,6.97,SPY200331P00298000,298.0,0,0.0,0.0,,0.0,normalDay
2019-12-05,2095.0,923.0,0.0,0,312.02,0.0,1,15.8,6.57,SPY200331P00298000,298.0,0,0.0,0.0,,0.0,normalDay
2019-12-06,2095.0,1014.0,0.0,0,314.87,0.0,1,15.8,5.66,SPY200331P00298000,298.0,0,0.0,0.0,,0.0,normalDay
2019-12-09,2095.0,965.0,0.0,0,313.88,0.0,1,15.8,6.15,SPY200331P00298000,298.0,0,0.0,0.0,,0.0,normalDay
2019-12-10,2095.0,978.0,0.0,0,313.53,0.0,1,15.8,6.02,SPY200331P00298000,298.0,0,0.0,0.0,,0.0,normalDay
2019-12-11,2095.0,1015.0,0.0,0,314.42,0.0,1,15.8,5.65,SPY200331P00298000,298.0,0,0.0,0.0,,0.0,normalDay
2019-12-12,2095.0,1098.0,0.0,0,317.13,0.0,1,15.8,4.82,SPY200331P00298000,298.0,0,0.0,0.0,,0.0,normalDay
2019-12-13,2095.0,1145.0,0.0,0,317.32,0.0,1,15.8,4.35,SPY200331P00298000,298.0,0,0.0,0.0,,0.0,normalDay
2019-12-16,2095.0,1212.0,0.0,0,319.5,0.0,1,15.8,3.68,SPY200331P00298000,298.0,0,0.0,0.0,,0.0,normalDay
2019-12-17,2095.0,1208.0,0.0,0,319.57,0.0,1,15.8,3.72,SPY200331P00298000,298.0,0,0.0,0.0,,0.0,normalDay
2019-12-18,2095.0,1207.0,0.0,0,319.59,0.0,1,15.8,3.73,SPY200331P00298000,298.0,0,0.0,0.0,,0.0,normalDay
2019-12-19,2095.0,1236.0,0.0,0,320.9,0.0,1,15.8,3.44,SPY200331P00298000,298.0,0,0.0,0.0,,0.0,normalDay
2019-12-20,2095.0,1250.0,0.0,0,320.73,0.0,1,15.8,3.3,SPY200331P00298000,298.0,0,0.0,0.0,,0.0,normalDay
2019-12-23,2095.0,1251.0,0.0,0,321.22,0.0,1,15.8,3.29,SPY200331P00298000,298.0,0,0.0,0.0,,0.0,normalDay
2019-12-24,2095.0,1257.0,0.0,0,321.23,0.0,1,15.8,3.23,SPY200331P00298000,298.0,0,0.0,0.0,,0.0,normalDay
2019-12-26,2095.0,1287.0,0.0,0,322.94,0.0,1,15.8,2.93,SPY200331P00298000,298.0,0,0.0,0.0,,0.0,normalDay
2019-12-27,2095.0,1272.0,0.0,0,322.86,0.0,1,15.8,3.08,SPY200331P00298000,298.0,0,0.0,0.0,,0.0,normalDay
2019-12-30,2095.0,1237.0,0.0,0,321.08,0.0,1,15.8,3.43,SPY200331P00298000,298.0,0,0.0,0.0,,0.0,normalDay
2019-12-31,2095.0,1275.0,0.0,0,321.86,0.0,1,15.8,3.05,SPY200331P00298000,298.0,0,0.0,0.0,,0.0,normalDay
2020-01-02,2095.0,1333.0,0.0,0,324.87,0.0,1,15.8,2.47,SPY200331P00298000,298.0,0,0.0,0.0,,0.0,normalDay
2020-01-03,2095.0,1278.0,0.0,0,322.41,0.0,1,15.8,3.02,SPY200331P00298000,298.0,0,0.0,0.0,,0.0,normalDay
2020-01-06,2095.0,1311.0,0.0,0,323.64,0.0,1,15.8,2.69,SPY200331P00298000,298.0,0,0.0,0.0,,0.0,normalDay
2020-01-07,2095.0,1299.0,0.0,0,322.73,0.0,1,15.8,2.81,SPY200331P00298000,298.0,0,0.0,0.0,,0.0,normalDay
2020-01-08,2095.0,1338.0,0.0,0,324.45,0.0,1,15.8,2.42,SPY200331P00298000,298.0,0,0.0,0.0,,0.0,normalDay
2020-01-09,2095.0,1377.0,0.0,0,326.65,0.0,1,15.8,2.03,SPY200331P00298000,298.0,0,0.0,0.0,,0.0,normalDay
2020-01-10,2095.0,1368.0,0.0,0,325.71,0.0,1,15.8,2.12,SPY200331P00298000,298.0,0,0.0,0.0,,0.0,normalDay
2020-01-13,2095.0,1407.0,0.0,0,327.95,0.0,1,15.8,1.73,SPY200331P00298000,298.0,0,0.0,0.0,,0.0,normalDay
2020-01-14,2095.0,1409.0,0.0,0,327.45,0.0,1,15.8,1.71,SPY200331P00298000,298.0,0,0.0,0.0,,0.0,normalDay
2020-01-15,2095.0,1418.0,0.0,0,328.19,0.0,1,15.8,1.62,SPY200331P00298000,298.0,0,0.0,0.0,,0.0,normalDay
2020-01-16,2095.0,1441.0,0.0,0,330.92,0.0,1,15.8,1.39,SPY200331P00298000,298.0,0,0.0,0.0,,0.0,normalDay
2020-01-17,2095.0,1452.0,0.0,0,331.95,0.0,1,15.8,1.28,SPY200331P00298000,298.0,0,0.0,0.0,,0.0,normalDay
2020-01-21,2095.0,1448.0,0.0,0,331.3,0.0,1,15.8,1.32,SPY200331P00298000,298.0,0,0.0,0.0,,0.0,normalDay
2020-01-22,2095.0,1449.0,0.0,0,331.34,0.0,1,15.8,1.31,SPY200331P00298000,298.0,0,0.0,0.0,,0.0,normalDay
2020-01-23,2095.0,1451.0,0.0,0,331.72,0.0,1,15.8,1.29,SPY200331P00298000,298.0,0,0.0,0.0,,0.0,normalDay
2020-01-24,2095.0,1411.0,0.0,0,328.77,0.0,1,15.8,1.69,SPY200331P00298000,298.0,0,0.0,0.0,,0.0,normalDay
2020-01-27,2095.0,1294.0,0.0,0,323.5,0.0,1,15.8,2.86,SPY200331P00298000,298.0,0,0.0,0.0,,0.0,normalDay
2020-01-28,2095.0,1377.0,0.0,0,326.89,0.0,1,15.8,2.03,SPY200331P00298000,298.0,0,0.0,0.0,,0.0,normalDay
2020-01-29,2095.0,1379.0,0.0,0,326.62,0.0,1,15.8,2.01,SPY200331P00298000,298.0,0,0.0,0.0,,0.0,normalDay
2020-01-30,2095.0,1412.0,0.0,0,327.68,0.0,1,15.8,1.68,SPY200331P00298000,298.0,0,0.0,0.0,,0.0,normalDay
2020-01-31,2095.0,1297.0,0.0,0,321.73,0.0,1,15.8,2.83,SPY200331P00298000,298.0,0,0.0,0.0,,0.0,normalDay
2020-02-03,2095.0,1343.0,0.0,0,324.12,0.0,1,15.8,2.37,SPY200331P00298000,298.0,0,0.0,0.0,,0.0,normalDay
2020-02-04,2095.0,1434.0,0.0,0,329.06,0.0,1,15.8,1.46,SPY200331P00298000,298.0,0,0.0,0.0,,0.0,normalDay
2020-02-05,2095.0,1472.0,0.0,0,332.86,0.0,1,15.8,1.08,SPY200331P00298000,298.0,0,0.0,0.0,,0.0,normalDay
2020-02-06,2095.0,1477.0,0.0,0,333.98,0.0,1,15.8,1.03,SPY200331P00298000,298.0,0,0.0,0.0,,0.0,normalDay
2020-02-07,2095.0,1466.0,0.0,0,332.2,0.0,1,15.8,1.14,SPY200331P00298000,298.0,0,0.0,0.0,,0.0,normalDay
2020-02-10,2095.0,1489.0,0.0,0,334.68,0.0,1,15.8,0.91,SPY200331P00298000,298.0,0,0.0,0.0,,0.0,normalDay
2020-02-11,2095.0,1493.0,0.0,0,335.26,0.0,1,15.8,0.87,SPY200331P00298000,298.0,0,0.0,0.0,,0.0,normalDay
2020-02-12,2095.0,1512.0,0.0,0,337.42,0.0,1,15.8,0.68,SPY200331P00298000,298.0,0,0.0,0.0,,0.0,normalDay
2020-02-13,2095.0,1511.0,0.0,0,337.06,0.0,1,15.8,0.69,SPY200331P00298000,298.0,0,0.0,0.0,,0.0,normalDay
2020-02-14,2095.0,1518.0,0.0,0,337.6,0.0,1,15.8,0.62,SPY200331P00298000,298.0,0,0.0,0.0,,0.0,normalDay
2020-02-18,2095.0,1516.0,0.0,0,336.73,0.0,1,15.8,0.64,SPY200331P00298000,298.0,0,0.0,0.0,,0.0,normalDay
2020-02-19,2095.0,1526.0,0.0,0,338.34,0.0,1,15.8,0.54,SPY200331P00298000,298.0,0,0.0,0.0,,0.0,normalDay
2020-02-20,2095.0,1514.0,0.0,0,336.95,0.0,1,15.8,0.66,SPY200331P00298000,298.0,0,0.0,0.0,,0.0,normalDay
2020-02-21,2095.0,1489.0,0.0,0,333.48,0.0,1,15.8,0.91,SPY200331P00298000,298.0,0,0.0,0.0,,0.0,normalDay
2020-02-24,2095.0,1285.0,0.0,0,322.42,0.0,1,15.8,2.95,SPY200331P00298000,298.0,0,0.0,0.0,,0.0,normalDay
2020-02-25,2095.0,1100.0,0.0,0,312.65,0.0,1,15.8,4.8,SPY200331P00298000,298.0,0,0.0,0.0,,0.0,normalDay
2020-02-26,2095.0,1081.0,0.0,0,311.5,0.0,1,15.8,4.99,SPY200331P00298000,298.0,0,0.0,0.0,,0.0,normalDay
2020-02-27,2095.0,307.0,0.0,0,297.51,0.0,1,15.8,12.73,SPY200331P00298000,298.0,0,0.0,0.0,,0.0,normalDay
2020-02-28,2095.0,136.0,0.0,0,296.26,0.0,1,15.8,14.44,SPY200331P00298000,298.0,0,0.0,0.0,,0.0,normalDay
2020-03-02,2095.0,942.0,0.0,0,309.09,0.0,1,15.8,6.38,SPY200331P00298000,298.0,0,0.0,0.0,,0.0,normalDay
2020-03-03,2095.0,594.0,0.0,0,300.24,0.0,1,15.8,9.86,SPY200331P00298000,298.0,0,0.0,0.0,,0.0,normalDay
2020-03-04,2095.0,1038.0,0.0,0,312.86,0.0,1,15.8,5.42,SPY200331P00298000,298.0,0,0.0,0.0,,0.0,normalDay
2020-03-05,2095.0,549.0,0.0,0,302.46,0.0,1,15.8,10.31,SPY200331P00298000,298.0,0,0.0,0.0,,0.0,normalDay
2020-03-06,2095.0,329.0,0.0,0,297.46,0.0,1,15.8,12.51,SPY200331P00298000,298.0,0,0.0,0.0,,0.0,normalDay
2020-03-09,2095.0,-1293.0,0.0,0,274.23,0.0,1,15.8,28.73,SPY200331P00298000,298.0,0,0.0,0.0,,0.0,normalDay
2020-03-10,2095.0,-159.0,0.0,0,288.42,0.0,1,15.8,17.39,SPY200331P00298000,298.0,0,0.0,0.0,,0.0,normalDay
2020-03-11,2095.0,-1229.0,0.0,0,274.36,0.0,1,15.8,28.09,SPY200331P00298000,298.0,0,0.0,0.0,,0.0,normalDay
2020-03-12,2095.0,-3646.0,0.0,0,248.11,0.0,1,15.8,52.26,SPY200331P00298000,298.0,0,0.0,0.0,,0.0,normalDay
2020-03-13,2095.0,-1572.0,0.0,0,269.32,0.0,1,15.8,31.52,SPY200331P00298000,298.0,0,0.0,0.0,,0.0,normalDay
2020-03-16,2095.0,-4111.0,0.0,0,239.85,0.0,1,15.8,56.91,SPY200331P00298000,298.0,0,0.0,0.0,,0.0,normalDay
2020-03-17,2095.0,-3258.0,0.0,0,252.8,0.0,1,15.8,48.38,SPY200331P00298000,298.0,0,0.0,0.0,,0.0,normalDay
2020-03-18,2095.0,-4474.0,0.0,0,240.0,0.0,1,15.8,60.54,SPY200331P00298000,298.0,0,0.0,0.0,,0.0,normalDay
2020-03-19,2095.0,-4432.0,0.0,0,240.51,0.0,1,15.8,60.12,SPY200331P00298000,298.0,0,0.0,0.0,,0.0,normalDay
2020-03-20,2095.0,-5367.0,0.0,0,228.8,0.0,1,15.8,69.47,SPY200331P00298000,298.0,0,0.0,0.0,,0.0,normalDay
2020-03-23,2095.0,-6160.0,0.0,0,222.95,0.0,1,15.8,77.4,SPY200331P00298000,298.0,0,0.0,0.0,,0.0,normalDay
2020-03-24,2095.0,-4023.0,0.0,0,243.15,0.0,1,15.8,56.03,SPY200331P00298000,298.0,0,0.0,0.0,,0.0,normalDay
2020-03-25,2095.0,-3544.0,0.0,0,246.79,0.0,1,15.8,51.24,SPY200331P00298000,298.0,0,0.0,0.0,,0.0,normalDay
2020-03-26,2095.0,-2188.0,0.0,0,261.2,0.0,1,15.8,37.68,SPY200331P00298000,298.0,0,0.0,0.0,,0.0,normalDay
2020-03-27,2095.0,-2966.0,0.0,0,253.42,0.0,1,15.8,45.46,SPY200331P00298000,298.0,0,0.0,0.0,,0.0,normalDay
2020-03-30,2095.0,-2159.0,0.0,0,261.65,0.0,1,15.8,37.39,SPY200331P00298000,298.0,0,0.0,0.0,,0.0,normalDay
2020-03-31,3675.0,-4025.0,1580.0,100,257.75,298.0,1,15.8,0.0,SPY200331P00298000,298.0,0,0.0,0.0,,0.0,expirationDay
2020-04-01,3675.0,-5251.0,0.0,100,246.15,298.0,0,0.0,0.0,,0.0,1,6.27,6.93,SPY201016C00290000,290.0,normalDay
2020-04-02,3675.0,-4844.0,0.0,100,251.83,298.0,0,0.0,0.0,,0.0,1,6.27,8.54,SPY201016C00290000,290.0,normalDay
2020-04-03,3675.0,-4993.0,0.0,100,248.19,298.0,0,0.0,0.0,,0.0,1,6.27,6.39,SPY201016C00290000,290.0,normalDay
2020-04-06,3675.0,-3877.0,0.0,100,264.86,298.0,0,0.0,0.0,,0.0,1,6.27,11.9,SPY201016C00290000,290.0,normalDay
2020-04-07,3675.0,-3813.0,0.0,100,265.13,298.0,0,0.0,0.0,,0.0,1,6.27,11.53,SPY201016C00290000,290.0,normalDay
2020-04-08,3675.0,-3388.0,0.0,100,274.03,298.0,0,0.0,0.0,,0.0,1,6.27,16.18,SPY201016C00290000,290.0,normalDay
2020-04-09,3675.0,-3199.0,0.0,100,278.2,298.0,0,0.0,0.0,,0.0,1,6.27,18.46,SPY201016C00290000,290.0,normalDay
2020-04-13,3675.0,-3247.0,0.0,100,275.66,298.0,0,0.0,0.0,,0.0,1,6.27,16.4,SPY201016C00290000,290.0,normalDay
2020-04-14,3675.0,-2787.0,0.0,100,283.79,298.0,0,0.0,0.0,,0.0,1,6.27,19.93,SPY201016C00290000,290.0,normalDay
2020-04-15,3675.0,-3147.0,0.0,100,277.76,298.0,0,0.0,0.0,,0.0,1,6.27,17.5,SPY201016C00290000,290.0,normalDay
2020-04-16,3675.0,-3101.0,0.0,100,279.1,298.0,0,0.0,0.0,,0.0,1,6.27,18.38,SPY201016C00290000,290.0,normalDay
2020-04-17,3675.0,-2729.0,0.0,100,286.64,298.0,0,0.0,0.0,,0.0,1,6.27,22.2,SPY201016C00290000,290.0,normalDay
2020-04-20,3675.0,-3052.0,0.0,100,281.59,298.0,0,0.0,0.0,,0.0,1,6.27,20.38,SPY201016C00290000,290.0,normalDay
2020-04-21,3675.0,-3569.0,0.0,100,273.04,298.0,0,0.0,0.0,,0.0,1,6.27,17.0,SPY201016C00290000,290.0,normalDay
2020-04-22,3675.0,-3178.0,0.0,100,279.1,298.0,0,0.0,0.0,,0.0,1,6.27,19.15,SPY201016C00290000,290.0,normalDay
2020-04-23,3675.0,-3160.0,0.0,100,279.08,298.0,0,0.0,0.0,,0.0,1,6.27,18.95,SPY201016C00290000,290.0,normalDay
2020-04-24,3675.0,-2854.0,0.0,100,282.97,298.0,0,0.0,0.0,,0.0,1,6.27,19.78,SPY201016C00290000,290.0,normalDay
2020-04-27,3675.0,-2556.0,0.0,100,287.05,298.0,0,0.0,0.0,,0.0,1,6.27,20.88,SPY201016C00290000,290.0,normalDay
2020-04-28,3675.0,-2608.0,0.0,100,285.73,298.0,0,0.0,0.0,,0.0,1,6.27,20.08,SPY201016C00290000,290.0,normalDay
2020-04-29,3675.0,-2207.0,0.0,100,293.21,298.0,0,0.0,0.0,,0.0,1,6.27,23.55,SPY201016C00290000,290.0,normalDay
2020-04-30,3675.0,-2302.0,0.0,100,290.48,298.0,0,0.0,0.0,,0.0,1,6.27,21.77,SPY201016C00290000,290.0,normalDay
2020-05-01,3675.0,-2762.0,0.0,100,282.79,298.0,0,0.0,0.0,,0.0,1,6.27,18.68,SPY201016C00290000,290.0,normalDay
2020-05-04,3675.0,-2654.0,0.0,100,283.57,298.0,0,0.0,0.0,,0.0,1,6.27,18.38,SPY201016C00290000,290.0,normalDay
2020-05-05,3675.0,-2516.0,0.0,100,286.19,298.0,0,0.0,0.0,,0.0,1,6.27,19.62,SPY201016C00290000,290.0,normalDay
2020-05-06,3675.0,-2593.0,0.0,100,284.25,298.0,0,0.0,0.0,,0.0,1,6.27,18.45,SPY201016C00290000,290.0,normalDay
2020-05-07,3675.0,-2414.0,0.0,100,287.68,298.0,0,0.0,0.0,,0.0,1,6.27,20.09,SPY201016C00290000,290.0,normalDay
2020-05-08,3675.0,-2108.0,0.0,100,292.44,298.0,0,0.0,0.0,,0.0,1,6.27,21.79,SPY201016C00290000,290.0,normalDay
2020-05-11,3675.0,-2055.0,0.0,100,292.5,298.0,0,0.0,0.0,,0.0,1,6.27,21.32,SPY201016C00290000,290.0,normalDay
2020-05-12,3675.0,-2288.0,0.0,100,286.67,298.0,0,0.0,0.0,,0.0,1,6.27,17.82,SPY201016C00290000,290.0,normalDay
2020-05-13,3675.0,-2672.0,0.0,100,281.6,298.0,0,0.0,0.0,,0.0,1,6.27,16.59,SPY201016C00290000,290.0,normalDay
2020-05-14,3675.0,-2447.0,0.0,100,284.97,298.0,0,0.0,0.0,,0.0,1,6.27,17.71,SPY201016C00290000,290.0,normalDay
2020-05-15,3675.0,-2284.0,0.0,100,286.28,298.0,0,0.0,0.0,,0.0,1,6.27,17.39,SPY201016C00290000,290.0,normalDay
2020-05-18,3675.0,-1865.0,0.0,100,295.0,298.0,0,0.0,0.0,,0.0,1,6.27,21.92,SPY201016C00290000,290.0,normalDay
2020-05-19,3675.0,-2022.0,0.0,100,291.97,298.0,0,0.0,0.0,,0.0,1,6.27,20.46,SPY201016C00290000,290.0,normalDay
2020-05-20,3675.0,-1777.0,0.0,100,296.93,298.0,0,0.0,0.0,,0.0,1,6.27,22.97,SPY201016C00290000,290.0,normalDay
2020-05-21,3675.0,-1863.0,0.0,100,294.88,298.0,0,0.0,0.0,,0.0,1,6.27,21.78,SPY201016C00290000,290.0,normalDay
2020-05-22,3675.0,-1849.0,0.0,100,295.44,298.0,0,0.0,0.0,,0.0,1,6.27,22.2,SPY201016C00290000,290.0,normalDay
2020-05-26,3675.0,-1673.0,0.0,100,299.08,298.0,0,0.0,0.0,,0.0,1,6.27,24.08,SPY201016C00290000,290.0,normalDay
2020-05-27,3675.0,-1466.0,0.0,100,303.53,298.0,0,0.0,0.0,,0.0,1,6.27,26.46,SPY201016C00290000,290.0,normalDay
2020-05-28,3675.0,-1567.0,0.0,100,302.97,298.0,0,0.0,0.0,,0.0,1,6.27,26.91,SPY201016C00290000,290.0,normalDay
2020-05-29,3675.0,-1499.0,0.0,100,304.32,298.0,0,0.0,0.0,,0.0,1,6.27,27.58,SPY201016C00290000,290.0,normalDay
2020-06-01,3675.0,-1398.0,0.0,100,305.55,298.0,0,0.0,0.0,,0.0,1,6.27,27.8,SPY201016C00290000,290.0,normalDay
2020-06-02,3675.0,-1268.0,0.0,100,308.08,298.0,0,0.0,0.0,,0.0,1,6.27,29.03,SPY201016C00290000,290.0,normalDay
2020-06-03,3675.0,-1157.0,0.0,100,312.18,298.0,0,0.0,0.0,,0.0,1,6.27,32.02,SPY201016C00290000,290.0,normalDay
2020-06-04,3675.0,-1166.0,0.0,100,311.36,298.0,0,0.0,0.0,,0.0,1,6.27,31.29,SPY201016C00290000,290.0,normalDay
2020-06-05,3675.0,-927.0,0.0,100,319.34,298.0,0,0.0,0.0,,0.0,1,6.27,36.88,SPY201016C00290000,290.0,normalDay
2020-06-08,3675.0,-831.0,0.0,100,323.2,298.0,0,0.0,0.0,,0.0,1,6.27,39.78,SPY201016C00290000,290.0,normalDay
2020-06-09,3675.0,-1040.0,0.0,100,320.79,298.0,0,0.0,0.0,,0.0,1,6.27,39.46,SPY201016C00290000,290.0,normalDay
2020-06-10,3675.0,-989.0,0.0,100,319.0,298.0,0,0.0,0.0,,0.0,1,6.27,37.16,SPY201016C00290000,290.0,normalDay
2020-06-11,3675.0,-1957.0,0.0,100,300.61,298.0,0,0.0,0.0,,0.0,1,6.27,28.45,SPY201016C00290000,290.0,normalDay
2020-06-12,3675.0,-1650.0,0.0,100,304.21,298.0,0,0.0,0.0,,0.0,1,6.27,28.98,SPY201016C00290000,290.0,normalDay
2020-06-15,3675.0,-1543.0,0.0,100,307.05,298.0,0,0.0,0.0,,0.0,1,6.27,30.75,SPY201016C00290000,290.0,normalDay
2020-06-16,3675.0,-1332.0,0.0,100,312.96,298.0,0,0.0,0.0,,0.0,1,6.27,34.55,SPY201016C00290000,290.0,normalDay
2020-06-17,3675.0,-1409.0,0.0,100,311.66,298.0,0,0.0,0.0,,0.0,1,6.27,34.02,SPY201016C00290000,290.0,normalDay
2020-06-18,3675.0,-1362.0,0.0,100,311.78,298.0,0,0.0,0.0,,0.0,1,6.27,33.67,SPY201016C00290000,290.0,normalDay
2020-06-19,3675.0,-1495.0,0.0,100,308.64,298.0,0,0.0,0.0,,0.0,1,6.27,31.86,SPY201016C00290000,290.0,normalDay
2020-06-22,3675.0,-1411.0,0.0,100,310.62,298.0,0,0.0,0.0,,0.0,1,6.27,33.0,SPY201016C00290000,290.0,normalDay
2020-06-23,3675.0,-1323.0,0.0,100,312.05,298.0,0,0.0,0.0,,0.0,1,6.27,33.55,SPY201016C00290000,290.0,normalDay
2020-06-24,3675.0,-1650.0,0.0,100,304.09,298.0,0,0.0,0.0,,0.0,1,6.27,28.86,SPY201016C00290000,290.0,normalDay
2020-06-25,3675.0,-1471.0,0.0,100,307.35,298.0,0,0.0,0.0,,0.0,1,6.27,30.33,SPY201016C00290000,290.0,normalDay
2020-06-26,3675.0,-1794.0,0.0,100,300.05,298.0,0,0.0,0.0,,0.0,1,6.27,26.26,SPY201016C00290000,290.0,normalDay
2020-06-29,3675.0,-1500.0,0.0,100,304.46,298.0,0,0.0,0.0,,0.0,1,6.27,27.73,SPY201016C00290000,290.0,normalDay
2020-06-30,3675.0,-1307.0,0.0,100,308.36,298.0,0,0.0,0.0,,0.0,1,6.27,29.7,SPY201016C00290000,290.0,normalDay
2020-07-01,3675.0,-1203.0,0.0,100,310.52,298.0,0,0.0,0.0,,0.0,1,6.27,30.82,SPY201016C00290000,290.0,normalDay
2020-07-02,3675.0,-1171.0,0.0,100,312.23,298.0,0,0.0,0.0,,0.0,1,6.27,32.21,SPY201016C00290000,290.0,normalDay
2020-07-06,3675.0,-1013.0,0.0,100,317.05,298.0,0,0.0,0.0,,0.0,1,6.27,35.45,SPY201016C00290000,290.0,normalDay
2020-07-07,3675.0,-1113.0,0.0,100,313.78,298.0,0,0.0,0.0,,0.0,1,6.27,33.18,SPY201016C00290000,290.0,normalDay
2020-07-08,3675.0,-1039.0,0.0,100,316.18,298.0,0,0.0,0.0,,0.0,1,6.27,34.84,SPY201016C00290000,290.0,normalDay
2020-07-09,3675.0,-1096.0,0.0,100,314.38,298.0,0,0.0,0.0,,0.0,1,6.27,33.61,SPY201016C00290000,290.0,normalDay
2020-07-10,3675.0,-1003.0,0.0,100,317.59,298.0,0,0.0,0.0,,0.0,1,6.27,35.89,SPY201016C00290000,290.0,normalDay
2020-07-13,3675.0,-1136.0,0.0,100,314.84,298.0,0,0.0,0.0,,0.0,1,6.27,34.47,SPY201016C00290000,290.0,normalDay
2020-07-14,3675.0,-947.0,0.0,100,318.92,298.0,0,0.0,0.0,,0.0,1,6.27,36.66,SPY201016C00290000,290.0,normalDay
2020-07-15,3675.0,-888.0,0.0,100,321.85,298.0,0,0.0,0.0,,0.0,1,6.27,39.0,SPY201016C00290000,290.0,normalDay
2020-07-16,3675.0,-807.0,0.0,100,320.79,298.0,0,0.0,0.0,,0.0,1,6.27,37.13,SPY201016C00290000,290.0,normalDay
2020-07-17,3675.0,-838.0,0.0,100,321.72,298.0,0,0.0,0.0,,0.0,1,6.27,38.37,SPY201016C00290000,290.0,normalDay
2020-07-20,3675.0,-741.0,0.0,100,324.32,298.0,0,0.0,0.0,,0.0,1,6.27,40.0,SPY201016C00290000,290.0,normalDay
2020-07-21,3675.0,-734.0,0.0,100,325.01,298.0,0,0.0,0.0,,0.0,1,6.27,40.62,SPY201016C00290000,290.0,normalDay
2020-07-22,3675.0,-659.0,0.0,100,326.86,298.0,0,0.0,0.0,,0.0,1,6.27,41.72,SPY201016C00290000,290.0,normalDay
2020-07-23,3675.0,-690.0,0.0,100,322.96,298.0,0,0.0,0.0,,0.0,1,6.27,38.13,SPY201016C00290000,290.0,normalDay
2020-07-24,3675.0,-766.0,0.0,100,320.88,298.0,0,0.0,0.0,,0.0,1,6.27,36.81,SPY201016C00290000,290.0,normalDay
2020-07-27,3675.0,-693.0,0.0,100,323.22,298.0,0,0.0,0.0,,0.0,1,6.27,38.42,SPY201016C00290000,290.0,normalDay
2020-07-28,3675.0,-718.0,0.0,100,321.17,298.0,0,0.0,0.0,,0.0,1,6.27,36.62,SPY201016C00290000,290.0,normalDay
2020-07-29,3675.0,-641.0,0.0,100,325.12,298.0,0,0.0,0.0,,0.0,1,6.27,39.8,SPY201016C00290000,290.0,normalDay
2020-07-30,3675.0,-704.0,0.0,100,323.96,298.0,0,0.0,0.0,,0.0,1,6.27,39.27,SPY201016C00290000,290.0,normalDay
2020-07-31,3675.0,-655.0,0.0,100,326.52,298.0,0,0.0,0.0,,0.0,1,6.27,41.34,SPY201016C00290000,290.0,normalDay
2020-08-03,3675.0,-562.0,0.0,100,328.79,298.0,0,0.0,0.0,,0.0,1,6.27,42.68,SPY201016C00290000,290.0,normalDay
2020-08-04,3675.0,-519.0,0.0,100,330.06,298.0,0,0.0,0.0,,0.0,1,6.27,43.52,SPY201016C00290000,290.0,normalDay
2020-08-05,3675.0,-482.0,0.0,100,332.11,298.0,0,0.0,0.0,,0.0,1,6.27,45.2,SPY201016C00290000,290.0,normalDay
2020-08-06,3675.0,-485.0,0.0,100,334.33,298.0,0,0.0,0.0,,0.0,1,6.27,47.45,SPY201016C00290000,290.0,normalDay
2020-08-07,3675.0,-454.0,0.0,100,334.57,298.0,0,0.0,0.0,,0.0,1,6.27,47.38,SPY201016C00290000,290.0,normalDay
2020-08-10,3675.0,-418.0,0.0,100,335.57,298.0,0,0.0,0.0,,0.0,1,6.27,48.02,SPY201016C00290000,290.0,normalDay
2020-08-11,3675.0,-464.0,0.0,100,332.8,298.0,0,0.0,0.0,,0.0,1,6.27,45.71,SPY201016C00290000,290.0,normalDay
2020-08-12,3675.0,-400.0,0.0,100,337.44,298.0,0,0.0,0.0,,0.0,1,6.27,49.71,SPY201016C00290000,290.0,normalDay
2020-08-13,3675.0,-389.0,0.0,100,336.83,298.0,0,0.0,0.0,,0.0,1,6.27,48.99,SPY201016C00290000,290.0,normalDay
2020-08-14,3675.0,-383.0,0.0,100,336.84,298.0,0,0.0,0.0,,0.0,1,6.27,48.94,SPY201016C00290000,290.0,normalDay
2020-08-17,3675.0,-351.0,0.0,100,337.91,298.0,0,0.0,0.0,,0.0,1,6.27,49.69,SPY201016C00290000,290.0,normalDay
2020-08-18,3675.0,-348.0,0.0,100,338.64,298.0,0,0.0,0.0,,0.0,1,6.27,50.39,SPY201016C00290000,290.0,normalDay
2020-08-19,3675.0,-372.0,0.0,100,337.23,298.0,0,0.0,0.0,,0.0,1,6.27,49.22,SPY201016C00290000,290.0,normalDay
2020-08-20,3675.0,-333.0,0.0,100,338.28,298.0,0,0.0,0.0,,0.0,1,6.27,49.88,SPY201016C00290000,290.0,normalDay
2020-08-21,3675.0,-356.0,0.0,100,339.48,298.0,0,0.0,0.0,,0.0,1,6.27,51.31,SPY201016C00290000,290.0,normalDay
2020-08-24,3675.0,-304.0,0.0,100,342.92,298.0,0,0.0,0.0,,0.0,1,6.27,54.23,SPY201016C00290000,290.0,normalDay
2020-08-25,3675.0,-319.0,0.0,100,344.12,298.0,0,0.0,0.0,,0.0,1,6.27,55.58,SPY201016C00290000,290.0,normalDay
2020-08-26,3675.0,-294.0,0.0,100,347.57,298.0,0,0.0,0.0,,0.0,1,6.27,58.78,SPY201016C00290000,290.0,normalDay
2020-08-27,3675.0,-335.0,0.0,100,348.33,298.0,0,0.0,0.0,,0.0,1,6.27,59.95,SPY201016C00290000,290.0,normalDay
2020-08-28,3675.0,-302.0,0.0,100,350.58,298.0,0,0.0,0.0,,0.0,1,6.27,61.87,SPY201016C00290000,290.0,normalDay
2020-08-31,3675.0,-354.0,0.0,100,349.31,298.0,0,0.0,0.0,,0.0,1,6.27,61.12,SPY201016C00290000,290.0,normalDay
2020-09-01,3675.0,-272.0,0.0,100,352.6,298.0,0,0.0,0.0,,0.0,1,6.27,63.59,SPY201016C00290000,290.0,normalDay
2020-09-02,3675.0,-280.0,0.0,100,357.7,298.0,0,0.0,0.0,,0.0,1,6.27,68.77,SPY201016C00290000,290.0,normalDay
2020-09-03,3675.0,-492.0,0.0,100,345.39,298.0,0,0.0,0.0,,0.0,1,6.27,58.58,SPY201016C00290000,290.0,normalDay
2020-09-04,3675.0,-352.0,0.0,100,342.57,298.0,0,0.0,0.0,,0.0,1,6.27,54.36,SPY201016C00290000,290.0,normalDay
2020-09-08,3675.0,-400.0,0.0,100,333.21,298.0,0,0.0,0.0,,0.0,1,6.27,45.48,SPY201016C00290000,290.0,normalDay
2020-09-09,3675.0,-256.0,0.0,100,339.79,298.0,0,0.0,0.0,,0.0,1,6.27,50.62,SPY201016C00290000,290.0,normalDay
2020-09-10,3675.0,-340.0,0.0,100,333.89,298.0,0,0.0,0.0,,0.0,1,6.27,45.56,SPY201016C00290000,290.0,normalDay
2020-09-11,3675.0,-213.0,0.0,100,334.06,298.0,0,0.0,0.0,,0.0,1,6.27,44.46,SPY201016C00290000,290.0,normalDay
2020-09-14,3675.0,-228.0,0.0,100,338.46,298.0,0,0.0,0.0,,0.0,1,6.27,49.01,SPY201016C00290000,290.0,normalDay
2020-09-15,3675.0,-236.0,0.0,100,340.17,298.0,0,0.0,0.0,,0.0,1,6.27,50.8,SPY201016C00290000,290.0,normalDay
2020-09-16,3675.0,-190.0,0.0,100,338.82,298.0,0,0.0,0.0,,0.0,1,6.27,48.99,SPY201016C00290000,290.0,normalDay
2020-09-17,3675.0,-249.0,0.0,100,335.84,298.0,0,0.0,0.0,,0.0,1,6.27,46.6,SPY201016C00290000,290.0,normalDay
2020-09-18,3675.0,-288.0,0.0,100,330.65,298.0,0,0.0,0.0,,0.0,1,6.27,41.8,SPY201016C00290000,290.0,normalDay
2020-09-21,3675.0,-345.0,0.0,100,326.97,298.0,0,0.0,0.0,,0.0,1,6.27,38.69,SPY201016C00290000,290.0,normalDay
2020-09-22,3675.0,-244.0,0.0,100,330.3,298.0,0,0.0,0.0,,0.0,1,6.27,41.01,SPY201016C00290000,290.0,normalDay
2020-09-23,3675.0,-330.0,0.0,100,322.64,298.0,0,0.0,0.0,,0.0,1,6.27,34.21,SPY201016C00290000,290.0,normalDay
2020-09-24,3675.0,-331.0,0.0,100,323.5,298.0,0,0.0,0.0,,0.0,1,6.27,35.08,SPY201016C00290000,290.0,normalDay
2020-09-25,3675.0,-242.0,0.0,100,328.73,298.0,0,0.0,0.0,,0.0,1,6.27,39.42,SPY201016C00290000,290.0,normalDay
2020-09-28,3675.0,-225.0,0.0,100,334.19,298.0,0,0.0,0.0,,0.0,1,6.27,44.71,SPY201016C00290000,290.0,normalDay
2020-09-29,3675.0,-300.0,0.0,100,332.37,298.0,0,0.0,0.0,,0.0,1,6.27,43.64,SPY201016C00290000,290.0,normalDay
2020-09-30,3675.0,-98.0,0.0,100,334.89,298.0,0,0.0,0.0,,0.0,1,6.27,44.14,SPY201016C00290000,290.0,normalDay
2020-10-01,3675.0,-210.0,0.0,100,337.04,298.0,0,0.0,0.0,,0.0,1,6.27,47.41,SPY201016C00290000,290.0,normalDay
2020-10-02,3675.0,-222.0,0.0,100,333.84,298.0,0,0.0,0.0,,0.0,1,6.27,44.33,SPY201016C00290000,290.0,normalDay
2020-10-05,3675.0,-156.0,0.0,100,339.76,298.0,0,0.0,0.0,,0.0,1,6.27,49.59,SPY201016C00290000,290.0,normalDay
2020-10-06,3675.0,-236.0,0.0,100,334.93,298.0,0,0.0,0.0,,0.0,1,6.27,45.56,SPY201016C00290000,290.0,normalDay
2020-10-07,3675.0,-185.0,0.0,100,340.76,298.0,0,0.0,0.0,,0.0,1,6.27,50.88,SPY201016C00290000,290.0,normalDay
2020-10-08,3675.0,-168.0,0.0,100,343.78,298.0,0,0.0,0.0,,0.0,1,6.27,53.73,SPY201016C00290000,290.0,normalDay
2020-10-09,3675.0,-191.0,0.0,100,346.85,298.0,0,0.0,0.0,,0.0,1,6.27,57.03,SPY201016C00290000,290.0,normalDay
2020-10-12,3675.0,-192.0,0.0,100,352.43,298.0,0,0.0,0.0,,0.0,1,6.27,62.62,SPY201016C00290000,290.0,normalDay
2020-10-13,3675.0,-201.0,0.0,100,350.13,298.0,0,0.0,0.0,,0.0,1,6.27,60.41,SPY201016C00290000,290.0,normalDay
2020-10-14,3675.0,-187.0,0.0,100,347.93,298.0,0,0.0,0.0,,0.0,1,6.27,58.07,SPY201016C00290000,290.0,normalDay
2020-10-15,3675.0,-184.0,0.0,100,347.5,298.0,0,0.0,0.0,,0.0,1,6.27,57.61,SPY201016C00290000,290.0,normalDay
2020-10-16,3502.0,-184.0,-173.0,0,347.29,0.0,0,0.0,0.0,,0.0,1,6.27,0.0,SPY201016C00290000,290.0,expirationDay
2020-10-19,3502.0,-38.0,0.0,0,342.01,0.0,1,24.62,25.0,SPY210521P00339000,339.0,0,0.0,0.0,,0.0,normalDay
2020-10-20,3502.0,1.0,0.0,0,343.38,0.0,1,24.62,24.61,SPY210521P00339000,339.0,0,0.0,0.0,,0.0,normalDay
2020-10-21,3502.0,58.0,0.0,0,342.73,0.0,1,24.62,24.04,SPY210521P00339000,339.0,0,0.0,0.0,,0.0,normalDay
2020-10-22,3502.0,134.0,0.0,0,344.61,0.0,1,24.62,23.28,SPY210521P00339000,339.0,0,0.0,0.0,,0.0,normalDay
2020-10-23,3502.0,192.0,0.0,0,345.78,0.0,1,24.62,22.7,SPY210521P00339000,339.0,0,0.0,0.0,,0.0,normalDay
2020-10-26,3502.0,-133.0,0.0,0,339.39,0.0,1,24.62,25.95,SPY210521P00339000,339.0,0,0.0,0.0,,0.0,normalDay
2020-10-27,3502.0,-163.0,0.0,0,338.22,0.0,1,24.62,26.25,SPY210521P00339000,339.0,0,0.0,0.0,,0.0,normalDay
2020-10-28,3502.0,-908.0,0.0,0,326.66,0.0,1,24.62,33.7,SPY210521P00339000,339.0,0,0.0,0.0,,0.0,normalDay
2020-10-29,3502.0,-628.0,0.0,0,329.98,0.0,1,24.62,30.9,SPY210521P00339000,339.0,0,0.0,0.0,,0.0,normalDay
2020-10-30,3502.0,-768.0,0.0,0,326.54,0.0,1,24.62,32.3,SPY210521P00339000,339.0,0,0.0,0.0,,0.0,normalDay
2020-11-02,3502.0,-500.0,0.0,0,330.2,0.0,1,24.62,29.62,SPY210521P00339000,339.0,0,0.0,0.0,,0.0,normalDay
2020-11-03,3502.0,-223.0,0.0,0,336.03,0.0,1,24.62,26.85,SPY210521P00339000,339.0,0,0.0,0.0,,0.0,normalDay
2020-11-04,3502.0,236.0,0.0,0,343.54,0.0,1,24.62,22.26,SPY210521P00339000,339.0,0,0.0,0.0,,0.0,normalDay
2020-11-05,3502.0,454.0,0.0,0,350.24,0.0,1,24.62,20.08,SPY210521P00339000,339.0,0,0.0,0.0,,0.0,normalDay
2020-11-06,3502.0,513.0,0.0,0,350.16,0.0,1,24.62,19.49,SPY210521P00339000,339.0,0,0.0,0.0,,0.0,normalDay
2020-11-09,3502.0,737.0,0.0,0,354.56,0.0,1,24.62,17.25,SPY210521P00339000,339.0,0,0.0,0.0,,0.0,normalDay
2020-11-10,3502.0,737.0,0.0,0,354.04,0.0,1,24.62,17.25,SPY210521P00339000,339.0,0,0.0,0.0,,0.0,normalDay
2020-11-11,3502.0,850.0,0.0,0,356.67,0.0,1,24.62,16.12,SPY210521P00339000,339.0,0,0.0,0.0,,0.0,normalDay
2020-11-12,3502.0,683.0,0.0,0,353.21,0.0,1,24.62,17.79,SPY210521P00339000,339.0,0,0.0,0.0,,0.0,normalDay
2020-11-13,3502.0,867.0,0.0,0,358.1,0.0,1,24.62,15.95,SPY210521P00339000,339.0,0,0.0,0.0,,0.0,normalDay
2020-11-16,3502.0,987.0,0.0,0,362.57,0.0,1,24.62,14.75,SPY210521P00339000,339.0,0,0.0,0.0,,0.0,normalDay
2020-11-17,3502.0,947.0,0.0,0,360.62,0.0,1,24.62,15.15,SPY210521P00339000,339.0,0,0.0,0.0,,0.0,normalDay
2020-11-18,3502.0,805.0,0.0,0,356.28,0.0,1,24.62,16.57,SPY210521P00339000,339.0,0,0.0,0.0,,0.0,normalDay
2020-11-19,3502.0,889.0,0.0,0,357.78,0.0,1,24.62,15.73,SPY210521P00339000,339.0,0,0.0,0.0,,0.0,normalDay
2020-11-20,3502.0,795.0,0.0,0,355.33,0.0,1,24.62,16.67,SPY210521P00339000,339.0,0,0.0,0.0,,0.0,normalDay
2020-11-23,3502.0,904.0,0.0,0,357.46,0.0,1,24.62,15.58,SPY210521P00339000,339.0,0,0.0,0.0,,0.0,normalDay
2020-11-24,3502.0,1084.0,0.0,0,363.22,0.0,1,24.62,13.78,SPY210521P00339000,339.0,0,0.0,0.0,,0.0,normalDay
2020-11-25,3502.0,1094.0,0.0,0,362.66,0.0,1,24.62,13.68,SPY210521P00339000,339.0,0,0.0,0.0,,0.0,normalDay
2020-11-27,3502.0,1123.0,0.0,0,363.67,0.0,1,24.62,13.39,SPY210521P00339000,339.0,0,0.0,0.0,,0.0,normalDay
2020-11-30,3502.0,1132.0,0.0,0,362.06,0.0,1,24.62,13.3,SPY210521P00339000,339.0,0,0.0,0.0,,0.0,normalDay
2020-12-01,3502.0,1189.0,0.0,0,366.02,0.0,1,24.62,12.73,SPY210521P00339000,339.0,0,0.0,0.0,,0.0,normalDay
2020-12-02,3502.0,1217.0,0.0,0,366.79,0.0,1,24.62,12.45,SPY210521P00339000,339.0,0,0.0,0.0,,0.0,normalDay
2020-12-03,3502.0,1208.0,0.0,0,366.69,0.0,1,24.62,12.54,SPY210521P00339000,339.0,0,0.0,0.0,,0.0,normalDay
2020-12-04,3502.0,1294.0,0.0,0,369.85,0.0,1,24.62,11.68,SPY210521P00339000,339.0,0,0.0,0.0,,0.0,normalDay
2020-12-07,3502.0,1270.0,0.0,0,369.09,0.0,1,24.62,11.92,SPY210521P00339000,339.0,0,0.0,0.0,,0.0,normalDay
2020-12-08,3502.0,1339.0,0.0,0,370.17,0.0,1,24.62,11.23,SPY210521P00339000,339.0,0,0.0,0.0,,0.0,normalDay
2020-12-09,3502.0,1225.0,0.0,0,366.85,0.0,1,24.62,12.37,SPY210521P00339000,339.0,0,0.0,0.0,,0.0,normalDay
2020-12-10,3502.0,1218.0,0.0,0,366.73,0.0,1,24.62,12.44,SPY210521P00339000,339.0,0,0.0,0.0,,0.0,normalDay
2020-12-11,3502.0,1181.0,0.0,0,366.3,0.0,1,24.62,12.81,SPY210521P00339000,339.0,0,0.0,0.0,,0.0,normalDay
2020-12-14,3502.0,1135.0,0.0,0,364.66,0.0,1,24.62,13.27,SPY210521P00339000,339.0,0,0.0,0.0,,0.0,normalDay
2020-12-15,3502.0,1272.0,0.0,0,369.59,0.0,1,24.62,11.9,SPY210521P00339000,339.0,0,0.0,0.0,,0.0,normalDay
2020-12-16,3502.0,1322.0,0.0,0,370.17,0.0,1,24.62,11.4,SPY210521P00339000,339.0,0,0.0,0.0,,0.0,normalDay
2020-12-17,3502.0,1384.0,0.0,0,372.24,0.0,1,24.62,10.78,SPY210521P00339000,339.0,0,0.0,0.0,,0.0,normalDay
2020-12-18,3502.0,1367.0,0.0,0,369.18,0.0,1,24.62,10.95,SPY210521P00339000,339.0,0,0.0,0.0,,0.0,normalDay
2020-12-21,3502.0,1242.0,0.0,0,367.86,0.0,1,24.62,12.2,SPY210521P00339000,339.0,0,0.0,0.0,,0.0,normalDay
2020-12-22,3502.0,1244.0,0.0,0,367.24,0.0,1,24.62,12.18,SPY210521P00339000,339.0,0,0.0,0.0,,0.0,normalDay
2020-12-23,3502.0,1300.0,0.0,0,367.57,0.0,1,24.62,11.62,SPY210521P00339000,339.0,0,0.0,0.0,,0.0,normalDay
2020-12-24,3502.0,1378.0,0.0,0,369.0,0.0,1,24.62,10.84,SPY210521P00339000,339.0,0,0.0,0.0,,0.0,normalDay
2020-12-28,3502.0,1465.0,0.0,0,372.17,0.0,1,24.62,9.97,SPY210521P00339000,339.0,0,0.0,0.0,,0.0,normalDay
2020-12-29,3502.0,1394.0,0.0,0,371.46,0.0,1,24.62,10.68,SPY210521P00339000,339.0,0,0.0,0.0,,0.0,normalDay
2020-12-30,3502.0,1442.0,0.0,0,371.99,0.0,1,24.62,10.2,SPY210521P00339000,339.0,0,0.0,0.0,,0.0,normalDay
2020-12-31,3502.0,1494.0,0.0,0,373.88,0.0,1,24.62,9.68,SPY210521P00339000,339.0,0,0.0,0.0,,0.0,normalDay
2021-01-04,3502.0,1304.0,0.0,0,368.79,0.0,1,24.62,11.58,SPY210521P00339000,339.0,0,0.0,0.0,,0.0,normalDay
2021-01-05,3502.0,1395.0,0.0,0,371.33,0.0,1,24.62,10.67,SPY210521P00339000,339.0,0,0.0,0.0,,0.0,normalDay
2021-01-06,3502.0,1439.0,0.0,0,373.55,0.0,1,24.62,10.23,SPY210521P00339000,339.0,0,0.0,0.0,,0.0,normalDay
2021-01-07,3502.0,1613.0,0.0,0,379.1,0.0,1,24.62,8.49,SPY210521P00339000,339.0,0,0.0,0.0,,0.0,normalDay
2021-01-08,3502.0,1660.0,0.0,0,381.26,0.0,1,24.62,8.02,SPY210521P00339000,339.0,0,0.0,0.0,,0.0,normalDay
2021-01-11,3502.0,1558.0,0.0,0,378.69,0.0,1,24.62,9.04,SPY210521P00339000,339.0,0,0.0,0.0,,0.0,normalDay
2021-01-12,3502.0,1586.0,0.0,0,378.77,0.0,1,24.62,8.76,SPY210521P00339000,339.0,0,0.0,0.0,,0.0,normalDay
2021-01-13,3502.0,1630.0,0.0,0,379.79,0.0,1,24.62,8.32,SPY210521P00339000,339.0,0,0.0,0.0,,0.0,normalDay
2021-01-14,3502.0,1587.0,0.0,0,378.46,0.0,1,24.62,8.75,SPY210521P00339000,339.0,0,0.0,0.0,,0.0,normalDay
2021-01-15,3502.0,1501.0,0.0,0,375.7,0.0,1,24.62,9.61,SPY210521P00339000,339.0,0,0.0,0.0,,0.0,normalDay
2021-01-19,3502.0,1600.0,0.0,0,378.65,0.0,1,24.62,8.62,SPY210521P00339000,339.0,0,0.0,0.0,,0.0,normalDay
2021-01-20,3502.0,1722.0,0.0,0,383.89,0.0,1,24.62,7.4,SPY210521P00339000,339.0,0,0.0,0.0,,0.0,normalDay
2021-01-21,3502.0,1732.0,0.0,0,384.24,0.0,1,24.62,7.3,SPY210521P00339000,339.0,0,0.0,0.0,,0.0,normalDay
2021-01-22,3502.0,1705.0,0.0,0,382.88,0.0,1,24.62,7.57,SPY210521P00339000,339.0,0,0.0,0.0,,0.0,normalDay
2021-01-25,3502.0,1704.0,0.0,0,384.39,0.0,1,24.62,7.58,SPY210521P00339000,339.0,0,0.0,0.0,,0.0,normalDay
2021-01-26,3502.0,1694.0,0.0,0,383.79,0.0,1,24.62,7.68,SPY210521P00339000,339.0,0,0.0,0.0,,0.0,normalDay
2021-01-27,3502.0,1267.0,0.0,0,374.41,0.0,1,24.62,11.95,SPY210521P00339000,339.0,0,0.0,0.0,,0.0,normalDay
2021-01-28,3502.0,1428.0,0.0,0,377.63,0.0,1,24.62,10.34,SPY210521P00339000,339.0,0,0.0,0.0,,0.0,normalDay
2021-01-29,3502.0,1148.0,0.0,0,370.07,0.0,1,24.62,13.14,SPY210521P00339000,339.0,0,0.0,0.0,,0.0,normalDay
2021-02-01,3502.0,1391.0,0.0,0,376.23,0.0,1,24.62,10.71,SPY210521P00339000,339.0,0,0.0,0.0,,0.0,normalDay
2021-02-02,3502.0,1630.0,0.0,0,381.55,0.0,1,24.62,8.32,SPY210521P00339000,339.0,0,0.0,0.0,,0.0,normalDay
2021-02-03,3502.0,1706.0,0.0,0,381.85,0.0,1,24.62,7.56,SPY210521P00339000,339.0,0,0.0,0.0,,0.0,normalDay
2021-02-04,3502.0,1802.0,0.0,0,386.19,0.0,1,24.62,6.6,SPY210521P00339000,339.0,0,0.0,0.0,,0.0,normalDay
2021-02-05,3502.0,1829.0,0.0,0,387.71,0.0,1,24.62,6.33,SPY210521P00339000,339.0,0,0.0,0.0,,0.0,normalDay
2021-02-08,3502.0,1876.0,0.0,0,390.51,0.0,1,24.62,5.86,SPY210521P00339000,339.0,0,0.0,0.0,,0.0,normalDay
2021-02-09,3502.0,1871.0,0.0,0,390.25,0.0,1,24.62,5.91,SPY210521P00339000,339.0,0,0.0,0.0,,0.0,normalDay
2021-02-10,3502.0,1857.0,0.0,0,390.08,0.0,1,24.62,6.05,SPY210521P00339000,339.0,0,0.0,0.0,,0.0,normalDay
2021-02-11,3502.0,1886.0,0.0,0,390.71,0.0,1,24.62,5.76,SPY210521P00339000,339.0,0,0.0,0.0,,0.0,normalDay
2021-02-12,3502.0,1942.0,0.0,0,392.64,0.0,1,24.62,5.2,SPY210521P00339000,339.0,0,0.0,0.0,,0.0,normalDay
2021-02-16,3502.0,1934.0,0.0,0,392.3,0.0,1,24.62,5.28,SPY210521P00339000,339.0,0,0.0,0.0,,0.0,normalDay
2021-02-17,3502.0,1948.0,0.0,0,392.39,0.0,1,24.62,5.14,SPY210521P00339000,339.0,0,0.0,0.0,,0.0,normalDay
2021-02-18,3502.0,1919.0,0.0,0,390.72,0.0,1,24.62,5.43,SPY210521P00339000,339.0,0,0.0,0.0,,0.0,normalDay
2021-02-19,3502.0,1934.0,0.0,0,390.03,0.0,1,24.62,5.28,SPY210521P00339000,339.0,0,0.0,0.0,,0.0,normalDay
2021-02-22,3502.0,1894.0,0.0,0,387.03,0.0,1,24.62,5.68,SPY210521P00339000,339.0,0,0.0,0.0,,0.0,normalDay
2021-02-23,3502.0,1933.0,0.0,0,387.5,0.0,1,24.62,5.29,SPY210521P00339000,339.0,0,0.0,0.0,,0.0,normalDay
2021-02-24,3502.0,2025.0,0.0,0,391.77,0.0,1,24.62,4.37,SPY210521P00339000,339.0,0,0.0,0.0,,0.0,normalDay
2021-02-25,3502.0,1788.0,0.0,0,382.33,0.0,1,24.62,6.74,SPY210521P00339000,339.0,0,0.0,0.0,,0.0,normalDay
2021-02-26,3502.0,1805.0,0.0,0,380.36,0.0,1,24.62,6.57,SPY210521P00339000,339.0,0,0.0,0.0,,0.0,normalDay
2021-03-01,3502.0,2012.0,0.0,0,389.58,0.0,1,24.62,4.5,SPY210521P00339000,339.0,0,0.0,0.0,,0.0,normalDay
2021-03-02,3502.0,1974.0,0.0,0,386.54,0.0,1,24.62,4.88,SPY210521P00339000,339.0,0,0.0,0.0,,0.0,normalDay
2021-03-03,3502.0,1885.0,0.0,0,381.42,0.0,1,24.62,5.77,SPY210521P00339000,339.0,0,0.0,0.0,,0.0,normalDay
2021-03-04,3502.0,1783.0,0.0,0,376.7,0.0,1,24.62,6.79,SPY210521P00339000,339.0,0,0.0,0.0,,0.0,normalDay
2021-03-05,3502.0,1957.0,0.0,0,383.63,0.0,1,24.62,5.05,SPY210521P00339000,339.0,0,0.0,0.0,,0.0,normalDay
2021-03-08,3502.0,1943.0,0.0,0,381.72,0.0,1,24.62,5.19,SPY210521P00339000,339.0,0,0.0,0.0,,0.0,normalDay
2021-03-09,3502.0,2037.0,0.0,0,387.17,0.0,1,24.62,4.25,SPY210521P00339000,339.0,0,0.0,0.0,,0.0,normalDay
2021-03-10,3502.0,2085.0,0.0,0,389.58,0.0,1,24.62,3.77,SPY210521P00339000,339.0,0,0.0,0.0,,0.0,normalDay
2021-03-11,3502.0,2133.0,0.0,0,393.53,0.0,1,24.62,3.29,SPY210521P00339000,339.0,0,0.0,0.0,,0.0,normalDay
2021-03-12,3502.0,2165.0,0.0,0,394.06,0.0,1,24.62,2.97,SPY210521P00339000,339.0,0,0.0,0.0,,0.0,normalDay
2021-03-15,3502.0,2211.0,0.0,0,396.41,0.0,1,24.62,2.51,SPY210521P00339000,339.0,0,0.0,0.0,,0.0,normalDay
2021-03-16,3502.0,2213.0,0.0,0,395.91,0.0,1,24.62,2.49,SPY210521P00339000,339.0,0,0.0,0.0,,0.0,normalDay
2021-03-17,3502.0,2243.0,0.0,0,397.26,0.0,1,24.62,2.19,SPY210521P00339000,339.0,0,0.0,0.0,,0.0,normalDay
2021-03-18,3502.0,2190.0,0.0,0,391.48,0.0,1,24.62,2.72,SPY210521P00339000,339.0,0,0.0,0.0,,0.0,normalDay
2021-03-19,3502.0,2196.0,0.0,0,389.48,0.0,1,24.62,2.66,SPY210521P00339000,339.0,0,0.0,0.0,,0.0,normalDay
2021-03-22,3502.0,2274.0,0.0,0,392.59,0.0,1,24.62,1.88,SPY210521P00339000,339.0,0,0.0,0.0,,0.0,normalDay
2021-03-23,3502.0,2239.0,0.0,0,389.5,0.0,1,24.62,2.23,SPY210521P00339000,339.0,0,0.0,0.0,,0.0,normalDay
2021-03-24,3502.0,2222.0,0.0,0,387.52,0.0,1,24.62,2.4,SPY210521P00339000,339.0,0,0.0,0.0,,0.0,normalDay
2021-03-25,3502.0,2264.0,0.0,0,389.7,0.0,1,24.62,1.98,SPY210521P00339000,339.0,0,0.0,0.0,,0.0,normalDay
2021-03-26,3502.0,2310.0,0.0,0,395.98,0.0,1,24.62,1.52,SPY210521P00339000,339.0,0,0.0,0.0,,0.0,normalDay
2021-03-29,3502.0,2298.0,0.0,0,395.78,0.0,1,24.62,1.64,SPY210521P00339000,339.0,0,0.0,0.0,,0.0,normalDay
2021-03-30,3502.0,2319.0,0.0,0,394.73,0.0,1,24.62,1.43,SPY210521P00339000,339.0,0,0.0,0.0,,0.0,normalDay
2021-03-31,3502.0,2339.0,0.0,0,396.33,0.0,1,24.62,1.23,SPY210521P00339000,339.0,0,0.0,0.0,,0.0,normalDay
2021-04-01,3502.0,2369.0,0.0,0,400.61,0.0,1,24.62,0.93,SPY210521P00339000,339.0,0,0.0,0.0,,0.0,normalDay
2021-04-05,3502.0,2392.0,0.0,0,406.36,0.0,1,24.62,0.7,SPY210521P00339000,339.0,0,0.0,0.0,,0.0,normalDay
2021-04-06,3502.0,2391.0,0.0,0,406.12,0.0,1,24.62,0.71,SPY210521P00339000,339.0,0,0.0,0.0,,0.0,normalDay
2021-04-07,3502.0,2401.0,0.0,0,406.59,0.0,1,24.62,0.61,SPY210521P00339000,339.0,0,0.0,0.0,,0.0,normalDay
2021-04-08,3502.0,2410.0,0.0,0,408.52,0.0,1,24.62,0.52,SPY210521P00339000,339.0,0,0.0,0.0,,0.0,normalDay
2021-04-09,3502.0,2413.0,0.0,0,411.49,0.0,1,24.62,0.49,SPY210521P00339000,339.0,0,0.0,0.0,,0.0,normalDay
2021-04-12,3502.0,2420.0,0.0,0,411.64,0.0,1,24.62,0.42,SPY210521P00339000,339.0,0,0.0,0.0,,0.0,normalDay
2021-04-13,3502.0,2425.0,0.0,0,412.86,0.0,1,24.62,0.37,SPY210521P00339000,339.0,0,0.0,0.0,,0.0,normalDay
2021-04-14,3502.0,2423.0,0.0,0,411.45,0.0,1,24.62,0.39,SPY210521P00339000,339.0,0,0.0,0.0,,0.0,normalDay
2021-04-15,3502.0,2429.0,0.0,0,415.87,0.0,1,24.62,0.33,SPY210521P00339000,339.0,0,0.0,0.0,,0.0,normalDay
2021-04-16,3502.0,2432.0,0.0,0,417.26,0.0,1,24.62,0.3,SPY210521P00339000,339.0,0,0.0,0.0,,0.0,normalDay
2021-04-19,3502.0,2433.0,0.0,0,415.21,0.0,1,24.62,0.29,SPY210521P00339000,339.0,0,0.0,0.0,,0.0,normalDay
2021-04-20,3502.0,2427.0,0.0,0,412.17,0.0,1,24.62,0.35,SPY210521P00339000,339.0,0,0.0,0.0,,0.0,normalDay
2021-04-21,3502.0,2437.0,0.0,0,416.07,0.0,1,24.62,0.25,SPY210521P00339000,339.0,0,0.0,0.0,,0.0,normalDay
2021-04-22,3502.0,2430.0,0.0,0,412.27,0.0,1,24.62,0.32,SPY210521P00339000,339.0,0,0.0,0.0,,0.0,normalDay
2021-04-23,3502.0,2442.0,0.0,0,416.74,0.0,1,24.62,0.2,SPY210521P00339000,339.0,0,0.0,0.0,,0.0,normalDay
2021-04-26,3502.0,2446.0,0.0,0,417.61,0.0,1,24.62,0.16,SPY210521P00339000,339.0,0,0.0,0.0,,0.0,normalDay
2021-04-27,3502.0,2447.0,0.0,0,417.52,0.0,1,24.62,0.15,SPY210521P00339000,339.0,0,0.0,0.0,,0.0,normalDay
2021-04-28,3502.0,2449.0,0.0,0,417.4,0.0,1,24.62,0.13,SPY210521P00339000,339.0,0,0.0,0.0,,0.0,normalDay
2021-04-29,3502.0,2449.0,0.0,0,420.06,0.0,1,24.62,0.13,SPY210521P00339000,339.0,0,0.0,0.0,,0.0,normalDay
2021-04-30,3502.0,2444.0,0.0,0,417.3,0.0,1,24.62,0.18,SPY210521P00339000,339.0,0,0.0,0.0,,0.0,normalDay
2021-05-03,3502.0,2447.0,0.0,0,418.2,0.0,1,24.62,0.15,SPY210521P00339000,339.0,0,0.0,0.0,,0.0,normalDay
2021-05-04,3502.0,2446.0,0.0,0,415.62,0.0,1,24.62,0.16,SPY210521P00339000,339.0,0,0.0,0.0,,0.0,normalDay
2021-05-05,3502.0,2446.0,0.0,0,415.75,0.0,1,24.62,0.16,SPY210521P00339000,339.0,0,0.0,0.0,,0.0,normalDay
2021-05-06,3502.0,2449.0,0.0,0,419.07,0.0,1,24.62,0.13,SPY210521P00339000,339.0,0,0.0,0.0,,0.0,normalDay
2021-05-07,3502.0,2452.0,0.0,0,422.12,0.0,1,24.62,0.1,SPY210521P00339000,339.0,0,0.0,0.0,,0.0,normalDay
2021-05-10,3502.0,2450.0,0.0,0,417.94,0.0,1,24.62,0.12,SPY210521P00339000,339.0,0,0.0,0.0,,0.0,normalDay
2021-05-11,3502.0,2449.0,0.0,0,414.21,0.0,1,24.62,0.13,SPY210521P00339000,339.0,0,0.0,0.0,,0.0,normalDay
2021-05-12,3502.0,2428.0,0.0,0,405.41,0.0,1,24.62,0.34,SPY210521P00339000,339.0,0,0.0,0.0,,0.0,normalDay
2021-05-13,3502.0,2449.0,0.0,0,410.28,0.0,1,24.62,0.13,SPY210521P00339000,339.0,0,0.0,0.0,,0.0,normalDay
2021-05-14,3502.0,2458.0,0.0,0,416.58,0.0,1,24.62,0.04,SPY210521P00339000,339.0,0,0.0,0.0,,0.0,normalDay
2021-05-17,3502.0,2459.0,0.0,0,415.52,0.0,1,24.62,0.03,SPY210521P00339000,339.0,0,0.0,0.0,,0.0,normalDay
2021-05-18,3502.0,2460.0,0.0,0,411.94,0.0,1,24.62,0.02,SPY210521P00339000,339.0,0,0.0,0.0,,0.0,normalDay
2021-05-19,3502.0,2461.0,0.0,0,410.86,0.0,1,24.62,0.01,SPY210521P00339000,339.0,0,0.0,0.0,,0.0,normalDay
2021-05-20,3502.0,2461.0,0.0,0,415.28,0.0,1,24.62,0.01,SPY210521P00339000,339.0,0,0.0,0.0,,0.0,normalDay
2021-05-21,5964.0,0.0,2462.0,0,414.94,0.0,1,24.62,0.0,SPY210521P00339000,339.0,0,0.0,0.0,,0.0,expirationDay
2021-05-24,5964.0,-36.0,0.0,0,419.17,0.0,1,22.94,23.3,SPY211231P00416000,416.0,0,0.0,0.0,,0.0,normalDay
2021-05-25,5964.0,-76.0,0.0,0,418.24,0.0,1,22.94,23.7,SPY211231P00416000,416.0,0,0.0,0.0,,0.0,normalDay
2021-05-26,5964.0,7.0,0.0,0,419.07,0.0,1,22.94,22.87,SPY211231P00416000,416.0,0,0.0,0.0,,0.0,normalDay
2021-05-27,5964.0,116.0,0.0,0,419.29,0.0,1,22.94,21.78,SPY211231P00416000,416.0,0,0.0,0.0,,0.0,normalDay
2021-05-28,5964.0,144.0,0.0,0,420.04,0.0,1,22.94,21.5,SPY211231P00416000,416.0,0,0.0,0.0,,0.0,normalDay
2021-06-01,5964.0,102.0,0.0,0,419.67,0.0,1,22.94,21.92,SPY211231P00416000,416.0,0,0.0,0.0,,0.0,normalDay
2021-06-02,5964.0,108.0,0.0,0,420.33,0.0,1,22.94,21.86,SPY211231P00416000,416.0,0,0.0,0.0,,0.0,normalDay
2021-06-03,5964.0,37.0,0.0,0,418.77,0.0,1,22.94,22.57,SPY211231P00416000,416.0,0,0.0,0.0,,0.0,normalDay
2021-06-04,5964.0,225.0,0.0,0,422.6,0.0,1,22.94,20.69,SPY211231P00416000,416.0,0,0.0,0.0,,0.0,normalDay
2021-06-07,5964.0,257.0,0.0,0,422.19,0.0,1,22.94,20.37,SPY211231P00416000,416.0,0,0.0,0.0,,0.0,normalDay
2021-06-08,5964.0,247.0,0.0,0,422.28,0.0,1,22.94,20.47,SPY211231P00416000,416.0,0,0.0,0.0,,0.0,normalDay
2021-06-09,5964.0,207.0,0.0,0,421.65,0.0,1,22.94,20.87,SPY211231P00416000,416.0,0,0.0,0.0,,0.0,normalDay
2021-06-10,5964.0,379.0,0.0,0,423.61,0.0,1,22.94,19.15,SPY211231P00416000,416.0,0,0.0,0.0,,0.0,normalDay
2021-06-11,5964.0,430.0,0.0,0,424.31,0.0,1,22.94,18.64,SPY211231P00416000,416.0,0,0.0,0.0,,0.0,normalDay
2021-06-14,5964.0,449.0,0.0,0,425.26,0.0,1,22.94,18.45,SPY211231P00416000,416.0,0,0.0,0.0,,0.0,normalDay
2021-06-15,5964.0,395.0,0.0,0,424.48,0.0,1,22.94,18.99,SPY211231P00416000,416.0,0,0.0,0.0,,0.0,normalDay
2021-06-16,5964.0,294.0,0.0,0,422.11,0.0,1,22.94,20.0,SPY211231P00416000,416.0,0,0.0,0.0,,0.0,normalDay
2021-06-17,5964.0,321.0,0.0,0,421.97,0.0,1,22.94,19.73,SPY211231P00416000,416.0,0,0.0,0.0,,0.0,normalDay
2021-06-18,5964.0,-16.0,0.0,0,414.92,0.0,1,22.94,23.1,SPY211231P00416000,416.0,0,0.0,0.0,,0.0,normalDay
2021-06-21,5964.0,353.0,0.0,0,420.86,0.0,1,22.94,19.41,SPY211231P00416000,416.0,0,0.0,0.0,,0.0,normalDay
2021-06-22,5964.0,470.0,0.0,0,423.11,0.0,1,22.94,18.24,SPY211231P00416000,416.0,0,0.0,0.0,,0.0,normalDay
2021-06-23,5964.0,505.0,0.0,0,422.6,0.0,1,22.94,17.89,SPY211231P00416000,416.0,0,0.0,0.0,,0.0,normalDay
2021-06-24,5964.0,604.0,0.0,0,425.1,0.0,1,22.94,16.9,SPY211231P00416000,416.0,0,0.0,0.0,,0.0,normalDay
2021-06-25,5964.0,665.0,0.0,0,426.61,0.0,1,22.94,16.29,SPY211231P00416000,416.0,0,0.0,0.0,,0.0,normalDay
2021-06-28,5964.0,689.0,0.0,0,427.47,0.0,1,22.94,16.05,SPY211231P00416000,416.0,0,0.0,0.0,,0.0,normalDay
2021-06-29,5964.0,686.0,0.0,0,427.7,0.0,1,22.94,16.08,SPY211231P00416000,416.0,0,0.0,0.0,,0.0,normalDay
2021-06-30,5964.0,710.0,0.0,0,428.06,0.0,1,22.94,15.84,SPY211231P00416000,416.0,0,0.0,0.0,,0.0,normalDay
2021-07-01,5964.0,759.0,0.0,0,430.43,0.0,1,22.94,15.35,SPY211231P00416000,416.0,0,0.0,0.0,,0.0,normalDay
2021-07-02,5964.0,855.0,0.0,0,433.72,0.0,1,22.94,14.39,SPY211231P00416000,416.0,0,0.0,0.0,,0.0,normalDay
2021-07-06,5964.0,812.0,0.0,0,432.93,0.0,1,22.94,14.82,SPY211231P00416000,416.0,0,0.0,0.0,,0.0,normalDay
2021-07-07,5964.0,832.0,0.0,0,434.46,0.0,1,22.94,14.62,SPY211231P00416000,416.0,0,0.0,0.0,,0.0,normalDay
2021-07-08,5964.0,676.0,0.0,0,430.92,0.0,1,22.94,16.18,SPY211231P00416000,416.0,0,0.0,0.0,,0.0,normalDay
2021-07-09,5964.0,888.0,0.0,0,435.52,0.0,1,22.94,14.06,SPY211231P00416000,416.0,0,0.0,0.0,,0.0,normalDay
2021-07-12,5964.0,921.0,0.0,0,437.08,0.0,1,22.94,13.73,SPY211231P00416000,416.0,0,0.0,0.0,,0.0,normalDay
2021-07-13,5964.0,839.0,0.0,0,435.59,0.0,1,22.94,14.55,SPY211231P00416000,416.0,0,0.0,0.0,,0.0,normalDay
2021-07-14,5964.0,873.0,0.0,0,436.24,0.0,1,22.94,14.21,SPY211231P00416000,416.0,0,0.0,0.0,,0.0,normalDay
2021-07-15,5964.0,808.0,0.0,0,434.75,0.0,1,22.94,14.86,SPY211231P00416000,416.0,0,0.0,0.0,,0.0,normalDay
2021-07-16,5964.0,684.0,0.0,0,431.34,0.0,1,22.94,16.1,SPY211231P00416000,416.0,0,0.0,0.0,,0.0,normalDay
2021-07-19,5964.0,389.0,0.0,0,424.97,0.0,1,22.94,19.05,SPY211231P00416000,416.0,0,0.0,0.0,,0.0,normalDay
2021-07-20,5964.0,665.0,0.0,0,431.06,0.0,1,22.94,16.29,SPY211231P00416000,416.0,0,0.0,0.0,,0.0,normalDay
2021-07-21,5964.0,832.0,0.0,0,434.55,0.0,1,22.94,14.62,SPY211231P00416000,416.0,0,0.0,0.0,,0.0,normalDay
2021-07-22,5964.0,864.0,0.0,0,435.46,0.0,1,22.94,14.3,SPY211231P00416000,416.0,0,0.0,0.0,,0.0,normalDay
2021-07-23,5964.0,970.0,0.0,0,439.94,0.0,1,22.94,13.24,SPY211231P00416000,416.0,0,0.0,0.0,,0.0,normalDay
2021-07-26,5964.0,1004.0,0.0,0,441.02,0.0,1,22.94,12.9,SPY211231P00416000,416.0,0,0.0,0.0,,0.0,normalDay
2021-07-27,5964.0,901.0,0.0,0,439.01,0.0,1,22.94,13.93,SPY211231P00416000,416.0,0,0.0,0.0,,0.0,normalDay
2021-07-28,5964.0,926.0,0.0,0,438.83,0.0,1,22.94,13.68,SPY211231P00416000,416.0,0,0.0,0.0,,0.0,normalDay
2021-07-29,5964.0,1008.0,0.0,0,440.65,0.0,1,22.94,12.86,SPY211231P00416000,416.0,0,0.0,0.0,,0.0,normalDay
2021-07-30,5964.0,966.0,0.0,0,438.51,0.0,1,22.94,13.28,SPY211231P00416000,416.0,0,0.0,0.0,,0.0,normalDay
2021-08-02,5964.0,908.0,0.0,0,437.59,0.0,1,22.94,13.86,SPY211231P00416000,416.0,0,0.0,0.0,,0.0,normalDay
2021-08-03,5964.0,1033.0,0.0,0,441.15,0.0,1,22.94,12.61,SPY211231P00416000,416.0,0,0.0,0.0,,0.0,normalDay
2021-08-04,5964.0,997.0,0.0,0,438.98,0.0,1,22.94,12.97,SPY211231P00416000,416.0,0,0.0,0.0,,0.0,normalDay
2021-08-05,5964.0,1083.0,0.0,0,441.76,0.0,1,22.94,12.11,SPY211231P00416000,416.0,0,0.0,0.0,,0.0,normalDay
2021-08-06,5964.0,1150.0,0.0,0,442.49,0.0,1,22.94,11.44,SPY211231P00416000,416.0,0,0.0,0.0,,0.0,normalDay
2021-08-09,5964.0,1133.0,0.0,0,442.13,0.0,1,22.94,11.61,SPY211231P00416000,416.0,0,0.0,0.0,,0.0,normalDay
2021-08-10,5964.0,1138.0,0.0,0,442.68,0.0,1,22.94,11.56,SPY211231P00416000,416.0,0,0.0,0.0,,0.0,normalDay
2021-08-11,5964.0,1195.0,0.0,0,443.78,0.0,1,22.94,10.99,SPY211231P00416000,416.0,0,0.0,0.0,,0.0,normalDay
2021-08-12,5964.0,1252.0,0.0,0,445.11,0.0,1,22.94,10.42,SPY211231P00416000,416.0,0,0.0,0.0,,0.0,normalDay
2021-08-13,5964.0,1275.0,0.0,0,445.92,0.0,1,22.94,10.19,SPY211231P00416000,416.0,0,0.0,0.0,,0.0,normalDay
2021-08-16,5964.0,1298.0,0.0,0,446.97,0.0,1,22.94,9.96,SPY211231P00416000,416.0,0,0.0,0.0,,0.0,normalDay
2021-08-17,5964.0,1173.0,0.0,0,444.04,0.0,1,22.94,11.21,SPY211231P00416000,416.0,0,0.0,0.0,,0.0,normalDay
2021-08-18,5964.0,972.0,0.0,0,439.18,0.0,1,22.94,13.22,SPY211231P00416000,416.0,0,0.0,0.0,,0.0,normalDay
2021-08-19,5964.0,985.0,0.0,0,439.86,0.0,1,22.94,13.09,SPY211231P00416000,416.0,0,0.0,0.0,,0.0,normalDay
2021-08-20,5964.0,1142.0,0.0,0,443.36,0.0,1,22.94,11.52,SPY211231P00416000,416.0,0,0.0,0.0,,0.0,normalDay
2021-08-23,5964.0,1304.0,0.0,0,447.26,0.0,1,22.94,9.9,SPY211231P00416000,416.0,0,0.0,0.0,,0.0,normalDay
2021-08-24,5964.0,1310.0,0.0,0,447.97,0.0,1,22.94,9.84,SPY211231P00416000,416.0,0,0.0,0.0,,0.0,normalDay
2021-08-25,5964.0,1361.0,0.0,0,448.91,0.0,1,22.94,9.33,SPY211231P00416000,416.0,0,0.0,0.0,,0.0,normalDay
2021-08-26,5964.0,1264.0,0.0,0,446.26,0.0,1,22.94,10.3,SPY211231P00416000,416.0,0,0.0,0.0,,0.0,normalDay
2021-08-27,5964.0,1403.0,0.0,0,450.25,0.0,1,22.94,8.91,SPY211231P00416000,416.0,0,0.0,0.0,,0.0,normalDay
2021-08-30,5964.0,1454.0,0.0,0,452.23,0.0,1,22.94,8.4,SPY211231P00416000,416.0,0,0.0,0.0,,0.0,normalDay
2021-08-31,5964.0,1448.0,0.0,0,451.56,0.0,1,22.94,8.46,SPY211231P00416000,416.0,0,0.0,0.0,,0.0,normalDay
2021-09-01,5964.0,1477.0,0.0,0,451.8,0.0,1,22.94,8.17,SPY211231P00416000,416.0,0,0.0,0.0,,0.0,normalDay
2021-09-02,5964.0,1507.0,0.0,0,453.19,0.0,1,22.94,7.87,SPY211231P00416000,416.0,0,0.0,0.0,,0.0,normalDay
2021-09-03,5964.0,1494.0,0.0,0,453.08,0.0,1,22.94,8.0,SPY211231P00416000,416.0,0,0.0,0.0,,0.0,normalDay
2021-09-07,5964.0,1442.0,0.0,0,451.46,0.0,1,22.94,8.52,SPY211231P00416000,416.0,0,0.0,0.0,,0.0,normalDay
2021-09-08,5964.0,1434.0,0.0,0,450.91,0.0,1,22.94,8.6,SPY211231P00416000,416.0,0,0.0,0.0,,0.0,normalDay
2021-09-09,5964.0,1374.0,0.0,0,448.98,0.0,1,22.94,9.2,SPY211231P00416000,416.0,0,0.0,0.0,,0.0,normalDay
2021-09-10,5964.0,1290.0,0.0,0,445.44,0.0,1,22.94,10.04,SPY211231P00416000,416.0,0,0.0,0.0,,0.0,normalDay
2021-09-13,5964.0,1367.0,0.0,0,446.58,0.0,1,22.94,9.27,SPY211231P00416000,416.0,0,0.0,0.0,,0.0,normalDay
2021-09-14,5964.0,1318.0,0.0,0,444.17,0.0,1,22.94,9.76,SPY211231P00416000,416.0,0,0.0,0.0,,0.0,normalDay
2021-09-15,5964.0,1437.0,0.0,0,447.88,0.0,1,22.94,8.57,SPY211231P00416000,416.0,0,0.0,0.0,,0.0,normalDay
2021-09-16,5964.0,1417.0,0.0,0,447.17,0.0,1,22.94,8.77,SPY211231P00416000,416.0,0,0.0,0.0,,0.0,normalDay
2021-09-17,5964.0,1279.0,0.0,0,441.4,0.0,1,22.94,10.15,SPY211231P00416000,416.0,0,0.0,0.0,,0.0,normalDay
2021-09-20,5964.0,967.0,0.0,0,434.04,0.0,1,22.94,13.27,SPY211231P00416000,416.0,0,0.0,0.0,,0.0,normalDay
2021-09-21,5964.0,1004.0,0.0,0,433.63,0.0,1,22.94,12.9,SPY211231P00416000,416.0,0,0.0,0.0,,0.0,normalDay
2021-09-22,5964.0,1237.0,0.0,0,437.86,0.0,1,22.94,10.57,SPY211231P00416000,416.0,0,0.0,0.0,,0.0,normalDay
2021-09-23,5964.0,1434.0,0.0,0,443.18,0.0,1,22.94,8.6,SPY211231P00416000,416.0,0,0.0,0.0,,0.0,normalDay
2021-09-24,5964.0,1479.0,0.0,0,443.91,0.0,1,22.94,8.15,SPY211231P00416000,416.0,0,0.0,0.0,,0.0,normalDay
2021-09-27,5964.0,1444.0,0.0,0,442.64,0.0,1,22.94,8.5,SPY211231P00416000,416.0,0,0.0,0.0,,0.0,normalDay
2021-09-28,5964.0,1134.0,0.0,0,433.72,0.0,1,22.94,11.6,SPY211231P00416000,416.0,0,0.0,0.0,,0.0,normalDay
2021-09-29,5964.0,1171.0,0.0,0,434.45,0.0,1,22.94,11.23,SPY211231P00416000,416.0,0,0.0,0.0,,0.0,normalDay
2021-09-30,5964.0,1027.0,0.0,0,429.14,0.0,1,22.94,12.67,SPY211231P00416000,416.0,0,0.0,0.0,,0.0,normalDay
2021-10-01,5964.0,1223.0,0.0,0,434.24,0.0,1,22.94,10.71,SPY211231P00416000,416.0,0,0.0,0.0,,0.0,normalDay
2021-10-04,5964.0,1038.0,0.0,0,428.64,0.0,1,22.94,12.56,SPY211231P00416000,416.0,0,0.0,0.0,,0.0,normalDay
2021-10-05,5964.0,1217.0,0.0,0,433.1,0.0,1,22.94,10.77,SPY211231P00416000,416.0,0,0.0,0.0,,0.0,normalDay
2021-10-06,5964.0,1277.0,0.0,0,434.9,0.0,1,22.94,10.17,SPY211231P00416000,416.0,0,0.0,0.0,,0.0,normalDay
2021-10-07,5964.0,1428.0,0.0,0,438.66,0.0,1,22.94,8.66,SPY211231P00416000,416.0,0,0.0,0.0,,0.0,normalDay
2021-10-08,5964.0,1417.0,0.0,0,437.86,0.0,1,22.94,8.77,SPY211231P00416000,416.0,0,0.0,0.0,,0.0,normalDay
2021-10-11,5964.0,1346.0,0.0,0,434.69,0.0,1,22.94,9.48,SPY211231P00416000,416.0,0,0.0,0.0,,0.0,normalDay
2021-10-12,5964.0,1333.0,0.0,0,433.62,0.0,1,22.94,9.61,SPY211231P00416000,416.0,0,0.0,0.0,,0.0,normalDay
2021-10-13,5964.0,1457.0,0.0,0,435.18,0.0,1,22.94,8.37,SPY211231P00416000,416.0,0,0.0,0.0,,0.0,normalDay
2021-10-14,5964.0,1665.0,0.0,0,442.5,0.0,1,22.94,6.29,SPY211231P00416000,416.0,0,0.0,0.0,,0.0,normalDay
2021-10-15,5964.0,1731.0,0.0,0,445.87,0.0,1,22.94,5.63,SPY211231P00416000,416.0,0,0.0,0.0,,0.0,normalDay
2021-10-18,5964.0,1770.0,0.0,0,447.19,0.0,1,22.94,5.24,SPY211231P00416000,416.0,0,0.0,0.0,,0.0,normalDay
2021-10-19,5964.0,1843.0,0.0,0,450.64,0.0,1,22.94,4.51,SPY211231P00416000,416.0,0,0.0,0.0,,0.0,normalDay
2021-10-20,5964.0,1864.0,0.0,0,452.41,0.0,1,22.94,4.3,SPY211231P00416000,416.0,0,0.0,0.0,,0.0,normalDay
2021-10-21,5964.0,1898.0,0.0,0,453.59,0.0,1,22.94,3.96,SPY211231P00416000,416.0,0,0.0,0.0,,0.0,normalDay
2021-10-22,5964.0,1869.0,0.0,0,453.12,0.0,1,22.94,4.25,SPY211231P00416000,416.0,0,0.0,0.0,,0.0,normalDay
2021-10-25,5964.0,1926.0,0.0,0,455.55,0.0,1,22.94,3.68,SPY211231P00416000,416.0,0,0.0,0.0,,0.0,normalDay
2021-10-26,5964.0,1925.0,0.0,0,455.96,0.0,1,22.94,3.69,SPY211231P00416000,416.0,0,0.0,0.0,,0.0,normalDay
2021-10-27,5964.0,1873.0,0.0,0,453.94,0.0,1,22.94,4.21,SPY211231P00416000,416.0,0,0.0,0.0,,0.0,normalDay
2021-10-28,5964.0,1942.0,0.0,0,458.32,0.0,1,22.94,3.52,SPY211231P00416000,416.0,0,0.0,0.0,,0.0,normalDay
2021-10-29,5964.0,1960.0,0.0,0,459.25,0.0,1,22.94,3.34,SPY211231P00416000,416.0,0,0.0,0.0,,0.0,normalDay
2021-11-01,5964.0,1985.0,0.0,0,460.04,0.0,1,22.94,3.09,SPY211231P00416000,416.0,0,0.0,0.0,,0.0,normalDay
2021-11-02,5964.0,2015.0,0.0,0,461.9,0.0,1,22.94,2.79,SPY211231P00416000,416.0,0,0.0,0.0,,0.0,normalDay
2021-11-03,5964.0,2065.0,0.0,0,464.72,0.0,1,22.94,2.29,SPY211231P00416000,416.0,0,0.0,0.0,,0.0,normalDay
2021-11-04,5964.0,2082.0,0.0,0,466.91,0.0,1,22.94,2.12,SPY211231P00416000,416.0,0,0.0,0.0,,0.0,normalDay
2021-11-05,5964.0,2078.0,0.0,0,468.53,0.0,1,22.94,2.16,SPY211231P00416000,416.0,0,0.0,0.0,,0.0,normalDay
2021-11-08,5964.0,2078.0,0.0,0,468.93,0.0,1,22.94,2.16,SPY211231P00416000,416.0,0,0.0,0.0,,0.0,normalDay
2021-11-09,5964.0,2066.0,0.0,0,467.38,0.0,1,22.94,2.28,SPY211231P00416000,416.0,0,0.0,0.0,,0.0,normalDay
2021-11-10,5964.0,2032.0,0.0,0,463.62,0.0,1,22.94,2.62,SPY211231P00416000,416.0,0,0.0,0.0,,0.0,normalDay
2021-11-11,5964.0,2071.0,0.0,0,463.77,0.0,1,22.94,2.23,SPY211231P00416000,416.0,0,0.0,0.0,,0.0,normalDay
2021-11-12,5964.0,2114.0,0.0,0,467.27,0.0,1,22.94,1.8,SPY211231P00416000,416.0,0,0.0,0.0,,0.0,normalDay
2021-11-15,5964.0,2124.0,0.0,0,467.43,0.0,1,22.94,1.7,SPY211231P00416000,416.0,0,0.0,0.0,,0.0,normalDay
2021-11-16,5964.0,2140.0,0.0,0,469.28,0.0,1,22.94,1.54,SPY211231P00416000,416.0,0,0.0,0.0,,0.0,normalDay
2021-11-17,5964.0,2127.0,0.0,0,468.14,0.0,1,22.94,1.67,SPY211231P00416000,416.0,0,0.0,0.0,,0.0,normalDay
2021-11-18,5964.0,2132.0,0.0,0,469.73,0.0,1,22.94,1.62,SPY211231P00416000,416.0,0,0.0,0.0,,0.0,normalDay
2021-11-19,5964.0,2128.0,0.0,0,468.89,0.0,1,22.94,1.66,SPY211231P00416000,416.0,0,0.0,0.0,,0.0,normalDay
2021-11-22,5964.0,2118.0,0.0,0,467.57,0.0,1,22.94,1.76,SPY211231P00416000,416.0,0,0.0,0.0,,0.0,normalDay
2021-11-23,5964.0,2134.0,0.0,0,468.19,0.0,1,22.94,1.6,SPY211231P00416000,416.0,0,0.0,0.0,,0.0,normalDay
2021-11-24,5964.0,2158.0,0.0,0,469.44,0.0,1,22.94,1.36,SPY211231P00416000,416.0,0,0.0,0.0,,0.0,normalDay
2021-11-26,5964.0,1830.0,0.0,0,458.97,0.0,1,22.94,4.64,SPY211231P00416000,416.0,0,0.0,0.0,,0.0,normalDay
2021-11-29,5964.0,2091.0,0.0,0,464.6,0.0,1,22.94,2.03,SPY211231P00416000,416.0,0,0.0,0.0,,0.0,normalDay
2021-11-30,5964.0,1969.0,0.0,0,455.56,0.0,1,22.94,3.25,SPY211231P00416000,416.0,0,0.0,0.0,,0.0,normalDay
2021-12-01,5964.0,1794.0,0.0,0,450.5,0.0,1,22.94,5.0,SPY211231P00416000,416.0,0,0.0,0.0,,0.0,normalDay
2021-12-02,5964.0,1968.0,0.0,0,457.4,0.0,1,22.94,3.26,SPY211231P00416000,416.0,0,0.0,0.0,,0.0,normalDay
2021-12-03,5964.0,1879.0,0.0,0,453.42,0.0,1,22.94,4.15,SPY211231P00416000,416.0,0,0.0,0.0,,0.0,normalDay
2021-12-06,5964.0,2039.0,0.0,0,458.79,0.0,1,22.94,2.55,SPY211231P00416000,416.0,0,0.0,0.0,,0.0,normalDay
2021-12-07,5964.0,2182.0,0.0,0,468.28,0.0,1,22.94,1.12,SPY211231P00416000,416.0,0,0.0,0.0,,0.0,normalDay
2021-12-08,5964.0,2222.0,0.0,0,469.52,0.0,1,22.94,0.72,SPY211231P00416000,416.0,0,0.0,0.0,,0.0,normalDay
2021-12-09,5964.0,2198.0,0.0,0,466.35,0.0,1,22.94,0.96,SPY211231P00416000,416.0,0,0.0,0.0,,0.0,normalDay
2021-12-10,5964.0,2241.0,0.0,0,470.74,0.0,1,22.94,0.53,SPY211231P00416000,416.0,0,0.0,0.0,,0.0,normalDay
2021-12-13,5964.0,2239.0,0.0,0,466.57,0.0,1,22.94,0.55,SPY211231P00416000,416.0,0,0.0,0.0,,0.0,normalDay
2021-12-14,5964.0,2227.0,0.0,0,463.36,0.0,1,22.94,0.67,SPY211231P00416000,416.0,0,0.0,0.0,,0.0,normalDay
2021-12-15,5964.0,2260.0,0.0,0,470.6,0.0,1,22.94,0.34,SPY211231P00416000,416.0,0,0.0,0.0,,0.0,normalDay
2021-12-16,5964.0,2250.0,0.0,0,466.45,0.0,1,22.94,0.44,SPY211231P00416000,416.0,0,0.0,0.0,,0.0,normalDay
2021-12-17,5964.0,2248.0,0.0,0,459.87,0.0,1,22.94,0.46,SPY211231P00416000,416.0,0,0.0,0.0,,0.0,normalDay
2021-12-20,5964.0,2250.0,0.0,0,454.98,0.0,1,22.94,0.44,SPY211231P00416000,416.0,0,0.0,0.0,,0.0,normalDay
2021-12-21,5964.0,2272.0,0.0,0,463.06,0.0,1,22.94,0.22,SPY211231P00416000,416.0,0,0.0,0.0,,0.0,normalDay
2021-12-22,5964.0,2286.0,0.0,0,467.69,0.0,1,22.94,0.08,SPY211231P00416000,416.0,0,0.0,0.0,,0.0,normalDay
2021-12-23,5964.0,2288.0,0.0,0,470.6,0.0,1,22.94,0.06,SPY211231P00416000,416.0,0,0.0,0.0,,0.0,normalDay
2021-12-27,5964.0,2292.0,0.0,0,477.26,0.0,1,22.94,0.02,SPY211231P00416000,416.0,0,0.0,0.0,,0.0,normalDay
2021-12-28,5964.0,2292.0,0.0,0,476.87,0.0,1,22.94,0.02,SPY211231P00416000,416.0,0,0.0,0.0,,0.0,normalDay
2021-12-29,5964.0,2293.0,0.0,0,477.48,0.0,1,22.94,0.01,SPY211231P00416000,416.0,0,0.0,0.0,,0.0,normalDay
2021-12-30,5964.0,2293.0,0.0,0,476.16,0.0,1,22.94,0.01,SPY211231P00416000,416.0,0,0.0,0.0,,0.0,normalDay
2021-12-31,8258.0,0.0,2294.0,0,474.96,0.0,1,22.94,0.0,SPY211231P00416000,416.0,0,0.0,0.0,,0.0,expirationDay
2022-01-03,8258.0,-49.0,0.0,0,477.71,0.0,1,20.76,21.25,SPY220630P00469000,469.0,0,0.0,0.0,,0.0,normalDay
2022-01-04,8258.0,-69.0,0.0,0,477.55,0.0,1,20.76,21.45,SPY220630P00469000,469.0,0,0.0,0.0,,0.0,normalDay
2022-01-05,8258.0,-496.0,0.0,0,468.38,0.0,1,20.76,25.72,SPY220630P00469000,469.0,0,0.0,0.0,,0.0,normalDay
2022-01-06,8258.0,-493.0,0.0,0,467.94,0.0,1,20.76,25.69,SPY220630P00469000,469.0,0,0.0,0.0,,0.0,normalDay
2022-01-07,8258.0,-496.0,0.0,0,466.09,0.0,1,20.76,25.72,SPY220630P00469000,469.0,0,0.0,0.0,,0.0,normalDay
2022-01-10,8258.0,-516.0,0.0,0,465.51,0.0,1,20.76,25.92,SPY220630P00469000,469.0,0,0.0,0.0,,0.0,normalDay
2022-01-11,8258.0,-287.0,0.0,0,469.75,0.0,1,20.76,23.63,SPY220630P00469000,469.0,0,0.0,0.0,,0.0,normalDay
2022-01-12,8258.0,-206.0,0.0,0,471.02,0.0,1,20.76,22.82,SPY220630P00469000,469.0,0,0.0,0.0,,0.0,normalDay
2022-01-13,8258.0,-585.0,0.0,0,464.53,0.0,1,20.76,26.61,SPY220630P00469000,469.0,0,0.0,0.0,,0.0,normalDay
2022-01-14,8258.0,-485.0,0.0,0,464.72,0.0,1,20.76,25.61,SPY220630P00469000,469.0,0,0.0,0.0,,0.0,normalDay
2022-01-18,8258.0,-1019.0,0.0,0,456.49,0.0,1,20.76,30.95,SPY220630P00469000,469.0,0,0.0,0.0,,0.0,normalDay
2022-01-19,8258.0,-1221.0,0.0,0,451.75,0.0,1,20.76,32.97,SPY220630P00469000,469.0,0,0.0,0.0,,0.0,normalDay
2022-01-20,8258.0,-1655.0,0.0,0,446.75,0.0,1,20.76,37.31,SPY220630P00469000,469.0,0,0.0,0.0,,0.0,normalDay
2022-01-21,8258.0,-2191.0,0.0,0,437.98,0.0,1,20.76,42.67,SPY220630P00469000,469.0,0,0.0,0.0,,0.0,normalDay
2022-01-24,8258.0,-2170.0,0.0,0,439.84,0.0,1,20.76,42.46,SPY220630P00469000,469.0,0,0.0,0.0,,0.0,normalDay
2022-01-25,8258.0,-2604.0,0.0,0,434.47,0.0,1,20.76,46.8,SPY220630P00469000,469.0,0,0.0,0.0,,0.0,normalDay
2022-01-26,8258.0,-2648.0,0.0,0,433.38,0.0,1,20.76,47.24,SPY220630P00469000,469.0,0,0.0,0.0,,0.0,normalDay
2022-01-27,8258.0,-2618.0,0.0,0,431.24,0.0,1,20.76,46.94,SPY220630P00469000,469.0,0,0.0,0.0,,0.0,normalDay
2022-01-28,8258.0,-1848.0,0.0,0,441.95,0.0,1,20.76,39.24,SPY220630P00469000,469.0,0,0.0,0.0,,0.0,normalDay
2022-01-31,8258.0,-1325.0,0.0,0,449.91,0.0,1,20.76,34.01,SPY220630P00469000,469.0,0,0.0,0.0,,0.0,normalDay
2022-02-01,8258.0,-956.0,0.0,0,452.95,0.0,1,20.76,30.32,SPY220630P00469000,469.0,0,0.0,0.0,,0.0,normalDay
2022-02-02,8258.0,-892.0,0.0,0,457.35,0.0,1,20.76,29.68,SPY220630P00469000,469.0,0,0.0,0.0,,0.0,normalDay
2022-02-03,8258.0,-1254.0,0.0,0,446.6,0.0,1,20.76,33.3,SPY220630P00469000,469.0,0,0.0,0.0,,0.0,normalDay
2022-02-04,8258.0,-1364.0,0.0,0,448.7,0.0,1,20.76,34.4,SPY220630P00469000,469.0,0,0.0,0.0,,0.0,normalDay
2022-02-07,8258.0,-1338.0,0.0,0,447.26,0.0,1,20.76,34.14,SPY220630P00469000,469.0,0,0.0,0.0,,0.0,normalDay
2022-02-08,8258.0,-1027.0,0.0,0,450.94,0.0,1,20.76,31.03,SPY220630P00469000,469.0,0,0.0,0.0,,0.0,normalDay
2022-02-09,8258.0,-641.0,0.0,0,457.54,0.0,1,20.76,27.17,SPY220630P00469000,469.0,0,0.0,0.0,,0.0,normalDay
2022-02-10,8258.0,-1215.0,0.0,0,449.32,0.0,1,20.76,32.91,SPY220630P00469000,469.0,0,0.0,0.0,,0.0,normalDay
2022-02-11,8258.0,-1874.0,0.0,0,440.46,0.0,1,20.76,39.5,SPY220630P00469000,469.0,0,0.0,0.0,,0.0,normalDay
2022-02-14,8258.0,-1911.0,0.0,0,439.02,0.0,1,20.76,39.87,SPY220630P00469000,469.0,0,0.0,0.0,,0.0,normalDay
2022-02-15,8258.0,-1443.0,0.0,0,446.1,0.0,1,20.76,35.19,SPY220630P00469000,469.0,0,0.0,0.0,,0.0,normalDay
2022-02-16,8258.0,-1322.0,0.0,0,446.6,0.0,1,20.76,33.98,SPY220630P00469000,469.0,0,0.0,0.0,,0.0,normalDay
2022-02-17,8258.0,-2024.0,0.0,0,437.06,0.0,1,20.76,41.0,SPY220630P00469000,469.0,0,0.0,0.0,,0.0,normalDay
2022-02-18,8258.0,-2204.0,0.0,0,434.23,0.0,1,20.76,42.8,SPY220630P00469000,469.0,0,0.0,0.0,,0.0,normalDay
2022-02-22,8258.0,-2495.0,0.0,0,429.57,0.0,1,20.76,45.71,SPY220630P00469000,469.0,0,0.0,0.0,,0.0,normalDay
2022-02-23,8258.0,-3226.0,0.0,0,421.95,0.0,1,20.76,53.02,SPY220630P00469000,469.0,0,0.0,0.0,,0.0,normalDay
2022-02-24,8258.0,-2826.0,0.0,0,428.3,0.0,1,20.76,49.02,SPY220630P00469000,469.0,0,0.0,0.0,,0.0,normalDay
2022-02-25,8258.0,-1943.0,0.0,0,437.75,0.0,1,20.76,40.19,SPY220630P00469000,469.0,0,0.0,0.0,,0.0,normalDay
2022-02-28,8258.0,-2069.0,0.0,0,436.63,0.0,1,20.76,41.45,SPY220630P00469000,469.0,0,0.0,0.0,,0.0,normalDay
2022-03-01,8258.0,-2614.0,0.0,0,429.98,0.0,1,20.76,46.9,SPY220630P00469000,469.0,0,0.0,0.0,,0.0,normalDay
2022-03-02,8258.0,-2029.0,0.0,0,437.89,0.0,1,20.76,41.05,SPY220630P00469000,469.0,0,0.0,0.0,,0.0,normalDay
2022-03-03,8258.0,-2184.0,0.0,0,435.71,0.0,1,20.76,42.6,SPY220630P00469000,469.0,0,0.0,0.0,,0.0,normalDay
2022-03-04,8258.0,-2582.0,0.0,0,432.17,0.0,1,20.76,46.58,SPY220630P00469000,469.0,0,0.0,0.0,,0.0,normalDay
2022-03-07,8258.0,-3614.0,0.0,0,419.43,0.0,1,20.76,56.9,SPY220630P00469000,469.0,0,0.0,0.0,,0.0,normalDay
2022-03-08,8258.0,-3878.0,0.0,0,416.25,0.0,1,20.76,59.54,SPY220630P00469000,469.0,0,0.0,0.0,,0.0,normalDay
2022-03-09,8258.0,-2870.0,0.0,0,427.41,0.0,1,20.76,49.46,SPY220630P00469000,469.0,0,0.0,0.0,,0.0,normalDay
2022-03-10,8258.0,-2981.0,0.0,0,425.48,0.0,1,20.76,50.57,SPY220630P00469000,469.0,0,0.0,0.0,,0.0,normalDay
2022-03-11,8258.0,-3389.0,0.0,0,420.07,0.0,1,20.76,54.65,SPY220630P00469000,469.0,0,0.0,0.0,,0.0,normalDay
2022-03-14,8258.0,-3614.0,0.0,0,417.0,0.0,1,20.76,56.9,SPY220630P00469000,469.0,0,0.0,0.0,,0.0,normalDay
2022-03-15,8258.0,-2907.0,0.0,0,426.17,0.0,1,20.76,49.83,SPY220630P00469000,469.0,0,0.0,0.0,,0.0,normalDay
2022-03-16,8258.0,-2036.0,0.0,0,435.62,0.0,1,20.76,41.12,SPY220630P00469000,469.0,0,0.0,0.0,,0.0,normalDay
2022-03-17,8258.0,-1609.0,0.0,0,441.07,0.0,1,20.76,36.85,SPY220630P00469000,469.0,0,0.0,0.0,,0.0,normalDay
2022-03-18,8258.0,-1179.0,0.0,0,444.52,0.0,1,20.76,32.55,SPY220630P00469000,469.0,0,0.0,0.0,,0.0,normalDay
2022-03-21,8258.0,-1111.0,0.0,0,444.39,0.0,1,20.76,31.87,SPY220630P00469000,469.0,0,0.0,0.0,,0.0,normalDay
2022-03-22,8258.0,-741.0,0.0,0,449.59,0.0,1,20.76,28.17,SPY220630P00469000,469.0,0,0.0,0.0,,0.0,normalDay
2022-03-23,8258.0,-1151.0,0.0,0,443.8,0.0,1,20.76,32.27,SPY220630P00469000,469.0,0,0.0,0.0,,0.0,normalDay
2022-03-24,8258.0,-653.0,0.0,0,450.49,0.0,1,20.76,27.29,SPY220630P00469000,469.0,0,0.0,0.0,,0.0,normalDay
2022-03-25,8258.0,-502.0,0.0,0,452.69,0.0,1,20.76,25.78,SPY220630P00469000,469.0,0,0.0,0.0,,0.0,normalDay
2022-03-28,8258.0,-242.0,0.0,0,455.91,0.0,1,20.76,23.18,SPY220630P00469000,469.0,0,0.0,0.0,,0.0,normalDay
2022-03-29,8258.0,68.0,0.0,0,461.55,0.0,1,20.76,20.08,SPY220630P00469000,469.0,0,0.0,0.0,,0.0,normalDay
2022-03-30,8258.0,-59.0,0.0,0,458.7,0.0,1,20.76,21.35,SPY220630P00469000,469.0,0,0.0,0.0,,0.0,normalDay
2022-03-31,8258.0,-624.0,0.0,0,451.64,0.0,1,20.76,27.0,SPY220630P00469000,469.0,0,0.0,0.0,,0.0,normalDay
2022-04-01,8258.0,-409.0,0.0,0,452.92,0.0,1,20.76,24.85,SPY220630P00469000,469.0,0,0.0,0.0,,0.0,normalDay
2022-04-04,8258.0,-82.0,0.0,0,456.8,0.0,1,20.76,21.58,SPY220630P00469000,469.0,0,0.0,0.0,,0.0,normalDay
2022-04-05,8258.0,-476.0,0.0,0,451.03,0.0,1,20.76,25.52,SPY220630P00469000,469.0,0,0.0,0.0,,0.0,normalDay
2022-04-06,8258.0,-808.0,0.0,0,446.52,0.0,1,20.76,28.84,SPY220630P00469000,469.0,0,0.0,0.0,,0.0,normalDay
2022-04-07,8258.0,-643.0,0.0,0,448.77,0.0,1,20.76,27.19,SPY220630P00469000,469.0,0,0.0,0.0,,0.0,normalDay
2022-04-08,8258.0,-676.0,0.0,0,447.57,0.0,1,20.76,27.52,SPY220630P00469000,469.0,0,0.0,0.0,,0.0,normalDay
2022-04-11,8258.0,-1309.0,0.0,0,439.92,0.0,1,20.76,33.85,SPY220630P00469000,469.0,0,0.0,0.0,,0.0,normalDay
2022-04-12,8258.0,-1428.0,0.0,0,438.29,0.0,1,20.76,35.04,SPY220630P00469000,469.0,0,0.0,0.0,,0.0,normalDay
2022-04-13,8258.0,-983.0,0.0,0,443.31,0.0,1,20.76,30.59,SPY220630P00469000,469.0,0,0.0,0.0,,0.0,normalDay
2022-04-14,8258.0,-1433.0,0.0,0,437.79,0.0,1,20.76,35.09,SPY220630P00469000,469.0,0,0.0,0.0,,0.0,normalDay
2022-04-18,8258.0,-1271.0,0.0,0,437.97,0.0,1,20.76,33.47,SPY220630P00469000,469.0,0,0.0,0.0,,0.0,normalDay
2022-04-19,8258.0,-943.0,0.0,0,445.04,0.0,1,20.76,30.19,SPY220630P00469000,469.0,0,0.0,0.0,,0.0,normalDay
2022-04-20,8258.0,-730.0,0.0,0,444.71,0.0,1,20.76,28.06,SPY220630P00469000,469.0,0,0.0,0.0,,0.0,normalDay
2022-04-21,8258.0,-1391.0,0.0,0,438.06,0.0,1,20.76,34.67,SPY220630P00469000,469.0,0,0.0,0.0,,0.0,normalDay
2022-04-22,8258.0,-2560.0,0.0,0,426.04,0.0,1,20.76,46.36,SPY220630P00469000,469.0,0,0.0,0.0,,0.0,normalDay
2022-04-25,8258.0,-2213.0,0.0,0,428.51,0.0,1,20.76,42.89,SPY220630P00469000,469.0,0,0.0,0.0,,0.0,normalDay
2022-04-26,8258.0,-3529.0,0.0,0,416.1,0.0,1,20.76,56.05,SPY220630P00469000,469.0,0,0.0,0.0,,0.0,normalDay
2022-04-27,8258.0,-3226.0,0.0,0,417.27,0.0,1,20.76,53.02,SPY220630P00469000,469.0,0,0.0,0.0,,0.0,normalDay
2022-04-28,8258.0,-2508.0,0.0,0,427.81,0.0,1,20.76,45.84,SPY220630P00469000,469.0,0,0.0,0.0,,0.0,normalDay
2022-04-29,8258.0,-3741.0,0.0,0,412.0,0.0,1,20.76,58.17,SPY220630P00469000,469.0,0,0.0,0.0,,0.0,normalDay
2022-05-02,8258.0,-3551.0,0.0,0,414.48,0.0,1,20.76,56.27,SPY220630P00469000,469.0,0,0.0,0.0,,0.0,normalDay
2022-05-03,8258.0,-3306.0,0.0,0,416.38,0.0,1,20.76,53.82,SPY220630P00469000,469.0,0,0.0,0.0,,0.0,normalDay
2022-05-04,8258.0,-2204.0,0.0,0,429.06,0.0,1,20.76,42.8,SPY220630P00469000,469.0,0,0.0,0.0,,0.0,normalDay
2022-05-05,8258.0,-3619.0,0.0,0,413.81,0.0,1,20.76,56.95,SPY220630P00469000,469.0,0,0.0,0.0,,0.0,normalDay
2022-05-06,8258.0,-3989.0,0.0,0,411.34,0.0,1,20.76,60.65,SPY220630P00469000,469.0,0,0.0,0.0,,0.0,normalDay
2022-05-09,8258.0,-5076.0,0.0,0,398.17,0.0,1,20.76,71.52,SPY220630P00469000,469.0,0,0.0,0.0,,0.0,normalDay
2022-05-10,8258.0,-5052.0,0.0,0,399.09,0.0,1,20.76,71.28,SPY220630P00469000,469.0,0,0.0,0.0,,0.0,normalDay
2022-05-11,8258.0,-5647.0,0.0,0,392.75,0.0,1,20.76,77.23,SPY220630P00469000,469.0,0,0.0,0.0,,0.0,normalDay
2022-05-12,8258.0,-5780.0,0.0,0,392.34,0.0,1,20.76,78.56,SPY220630P00469000,469.0,0,0.0,0.0,,0.0,normalDay
2022-05-13,8258.0,-4922.0,0.0,0,401.72,0.0,1,20.76,69.98,SPY220630P00469000,469.0,0,0.0,0.0,,0.0,normalDay
2022-05-16,8258.0,-5015.0,0.0,0,400.09,0.0,1,20.76,70.91,SPY220630P00469000,469.0,0,0.0,0.0,,0.0,normalDay
2022-05-17,8258.0,-4177.0,0.0,0,408.32,0.0,1,20.76,62.53,SPY220630P00469000,469.0,0,0.0,0.0,,0.0,normalDay
2022-05-18,8258.0,-5919.0,0.0,0,391.86,0.0,1,20.76,79.95,SPY220630P00469000,469.0,0,0.0,0.0,,0.0,normalDay
2022-05-19,8258.0,-6111.0,0.0,0,389.46,0.0,1,20.76,81.87,SPY220630P00469000,469.0,0,0.0,0.0,,0.0,normalDay
2022-05-20,8258.0,-6101.0,0.0,0,389.63,0.0,1,20.76,81.77,SPY220630P00469000,469.0,0,0.0,0.0,,0.0,normalDay
2022-05-23,8258.0,-5288.0,0.0,0,396.92,0.0,1,20.76,73.64,SPY220630P00469000,469.0,0,0.0,0.0,,0.0,normalDay
2022-05-24,8258.0,-5580.0,0.0,0,393.89,0.0,1,20.76,76.56,SPY220630P00469000,469.0,0,0.0,0.0,,0.0,normalDay
2022-05-25,8258.0,-5284.0,0.0,0,397.37,0.0,1,20.76,73.6,SPY220630P00469000,469.0,0,0.0,0.0,,0.0,normalDay
2022-05-26,8258.0,-4550.0,0.0,0,405.31,0.0,1,20.76,66.26,SPY220630P00469000,469.0,0,0.0,0.0,,0.0,normalDay
2022-05-27,8258.0,-3490.0,0.0,0,415.26,0.0,1,20.76,55.66,SPY220630P00469000,469.0,0,0.0,0.0,,0.0,normalDay
2022-05-31,8258.0,-3794.0,0.0,0,412.93,0.0,1,20.76,58.7,SPY220630P00469000,469.0,0,0.0,0.0,,0.0,normalDay
2022-06-01,8258.0,-4085.0,0.0,0,409.59,0.0,1,20.76,61.61,SPY220630P00469000,469.0,0,0.0,0.0,,0.0,normalDay
2022-06-02,8258.0,-3289.0,0.0,0,417.39,0.0,1,20.76,53.65,SPY220630P00469000,469.0,0,0.0,0.0,,0.0,normalDay
2022-06-03,8258.0,-3967.0,0.0,0,410.54,0.0,1,20.76,60.43,SPY220630P00469000,469.0,0,0.0,0.0,,0.0,normalDay
2022-06-06,8258.0,-3860.0,0.0,0,411.79,0.0,1,20.76,59.36,SPY220630P00469000,469.0,0,0.0,0.0,,0.0,normalDay
2022-06-07,8258.0,-3522.0,0.0,0,415.74,0.0,1,20.76,55.98,SPY220630P00469000,469.0,0,0.0,0.0,,0.0,normalDay
2022-06-08,8258.0,-3928.0,0.0,0,411.22,0.0,1,20.76,60.04,SPY220630P00469000,469.0,0,0.0,0.0,,0.0,normalDay
2022-06-09,8258.0,-4864.0,0.0,0,401.44,0.0,1,20.76,69.4,SPY220630P00469000,469.0,0,0.0,0.0,,0.0,normalDay
2022-06-10,8258.0,-5986.0,0.0,0,389.8,0.0,1,20.76,80.62,SPY220630P00469000,469.0,0,0.0,0.0,,0.0,normalDay
2022-06-13,8258.0,-7507.0,0.0,0,375.0,0.0,1,20.76,95.83,SPY220630P00469000,469.0,0,0.0,0.0,,0.0,normalDay
2022-06-14,8258.0,-7691.0,0.0,0,373.87,0.0,1,20.76,97.67,SPY220630P00469000,469.0,0,0.0,0.0,,0.0,normalDay
2022-06-15,8258.0,-7087.0,0.0,0,379.2,0.0,1,20.76,91.63,SPY220630P00469000,469.0,0,0.0,0.0,,0.0,normalDay
2022-06-16,8258.0,-8294.0,0.0,0,366.65,0.0,1,20.76,103.7,SPY220630P00469000,469.0,0,0.0,0.0,,0.0,normalDay
2022-06-17,8258.0,-8175.0,0.0,0,365.86,0.0,1,20.76,102.51,SPY220630P00469000,469.0,0,0.0,0.0,,0.0,normalDay
2022-06-21,8258.0,-7333.0,0.0,0,375.07,0.0,1,20.76,94.09,SPY220630P00469000,469.0,0,0.0,0.0,,0.0,normalDay
2022-06-22,8258.0,-7352.0,0.0,0,374.39,0.0,1,20.76,94.28,SPY220630P00469000,469.0,0,0.0,0.0,,0.0,normalDay
2022-06-23,8258.0,-7124.0,0.0,0,378.06,0.0,1,20.76,92.0,SPY220630P00469000,469.0,0,0.0,0.0,,0.0,normalDay
2022-06-24,8258.0,-5935.0,0.0,0,390.08,0.0,1,20.76,80.11,SPY220630P00469000,469.0,0,0.0,0.0,,0.0,normalDay
2022-06-27,8258.0,-5944.0,0.0,0,388.59,0.0,1,20.76,80.2,SPY220630P00469000,469.0,0,0.0,0.0,,0.0,normalDay
2022-06-28,8258.0,-6792.0,0.0,0,380.65,0.0,1,20.76,88.68,SPY220630P00469000,469.0,0,0.0,0.0,,0.0,normalDay
2022-06-29,8258.0,-6797.0,0.0,0,380.34,0.0,1,20.76,88.73,SPY220630P00469000,469.0,0,0.0,0.0,,0.0,normalDay
2022-06-30,10334.0,-9175.0,2076.0,100,377.25,469.0,1,20.76,0.0,SPY220630P00469000,469.0,0,0.0,0.0,,0.0,expirationDay
2022-07-01,10334.0,-8789.0,0.0,100,381.24,469.0,0,0.0,0.0,,0.0,1,14.27,14.4,SPY230120C00410000,410.0,normalDay
2022-07-05,10334.0,-8710.0,0.0,100,381.96,469.0,0,0.0,0.0,,0.0,1,14.27,14.33,SPY230120C00410000,410.0,normalDay
2022-07-06,10334.0,-8665.0,0.0,100,383.25,469.0,0,0.0,0.0,,0.0,1,14.27,15.17,SPY230120C00410000,410.0,normalDay
2022-07-07,10334.0,-8307.0,0.0,100,388.99,469.0,0,0.0,0.0,,0.0,1,14.27,17.33,SPY230120C00410000,410.0,normalDay
2022-07-08,10334.0,-8327.0,0.0,100,388.67,469.0,0,0.0,0.0,,0.0,1,14.27,17.21,SPY230120C00410000,410.0,normalDay
2022-07-11,10334.0,-8578.0,0.0,100,384.23,469.0,0,0.0,0.0,,0.0,1,14.27,15.28,SPY230120C00410000,410.0,normalDay
2022-07-12,10334.0,-8744.0,0.0,100,380.83,469.0,0,0.0,0.0,,0.0,1,14.27,13.54,SPY230120C00410000,410.0,normalDay
2022-07-13,10334.0,-8859.0,0.0,100,378.83,469.0,0,0.0,0.0,,0.0,1,14.27,12.69,SPY230120C00410000,410.0,normalDay
2022-07-14,10334.0,-8928.0,0.0,100,377.91,469.0,0,0.0,0.0,,0.0,1,14.27,12.46,SPY230120C00410000,410.0,normalDay
2022-07-15,10334.0,-8427.0,0.0,100,385.13,469.0,0,0.0,0.0,,0.0,1,14.27,14.67,SPY230120C00410000,410.0,normalDay
2022-07-18,10334.0,-8632.0,0.0,100,381.95,469.0,0,0.0,0.0,,0.0,1,14.27,13.54,SPY230120C00410000,410.0,normalDay
2022-07-19,10334.0,-8081.0,0.0,100,392.27,469.0,0,0.0,0.0,,0.0,1,14.27,18.35,SPY230120C00410000,410.0,normalDay
2022-07-20,10334.0,-7933.0,0.0,100,394.77,469.0,0,0.0,0.0,,0.0,1,14.27,19.37,SPY230120C00410000,410.0,normalDay
2022-07-21,10334.0,-7677.0,0.0,100,398.79,469.0,0,0.0,0.0,,0.0,1,14.27,20.83,SPY230120C00410000,410.0,normalDay
2022-07-22,10334.0,-7829.0,0.0,100,395.09,469.0,0,0.0,0.0,,0.0,1,14.27,18.65,SPY230120C00410000,410.0,normalDay
2022-07-25,10334.0,-7823.0,0.0,100,395.57,469.0,0,0.0,0.0,,0.0,1,14.27,19.07,SPY230120C00410000,410.0,normalDay
2022-07-26,10334.0,-8098.0,0.0,100,390.89,469.0,0,0.0,0.0,,0.0,1,14.27,17.14,SPY230120C00410000,410.0,normalDay
2022-07-27,10334.0,-7460.0,0.0,100,401.04,469.0,0,0.0,0.0,,0.0,1,14.27,20.91,SPY230120C00410000,410.0,normalDay
2022-07-28,10334.0,-7296.0,0.0,100,406.07,469.0,0,0.0,0.0,,0.0,1,14.27,24.3,SPY230120C00410000,410.0,normalDay
2022-07-29,10334.0,-6972.0,0.0,100,411.99,469.0,0,0.0,0.0,,0.0,1,14.27,26.98,SPY230120C00410000,410.0,normalDay
2022-08-01,10334.0,-7069.0,0.0,100,410.77,469.0,0,0.0,0.0,,0.0,1,14.27,26.73,SPY230120C00410000,410.0,normalDay
2022-08-02,10334.0,-7210.0,0.0,100,408.06,469.0,0,0.0,0.0,,0.0,1,14.27,25.43,SPY230120C00410000,410.0,normalDay
2022-08-03,10334.0,-6869.0,0.0,100,414.45,469.0,0,0.0,0.0,,0.0,1,14.27,28.41,SPY230120C00410000,410.0,normalDay
2022-08-04,10334.0,-6910.0,0.0,100,414.17,469.0,0,0.0,0.0,,0.0,1,14.27,28.54,SPY230120C00410000,410.0,normalDay
2022-08-05,10334.0,-6907.0,0.0,100,413.47,469.0,0,0.0,0.0,,0.0,1,14.27,27.81,SPY230120C00410000,410.0,normalDay
2022-08-08,10334.0,-6945.0,0.0,100,412.99,469.0,0,0.0,0.0,,0.0,1,14.27,27.71,SPY230120C00410000,410.0,normalDay
2022-08-09,10334.0,-7015.0,0.0,100,411.35,469.0,0,0.0,0.0,,0.0,1,14.27,26.77,SPY230120C00410000,410.0,normalDay
2022-08-10,10334.0,-6619.0,0.0,100,419.99,469.0,0,0.0,0.0,,0.0,1,14.27,31.45,SPY230120C00410000,410.0,normalDay
2022-08-11,10334.0,-6658.0,0.0,100,419.99,469.0,0,0.0,0.0,,0.0,1,14.27,31.84,SPY230120C00410000,410.0,normalDay
2022-08-12,10334.0,-6343.0,0.0,100,427.1,469.0,0,0.0,0.0,,0.0,1,14.27,35.8,SPY230120C00410000,410.0,normalDay
2022-08-15,10334.0,-6285.0,0.0,100,428.86,469.0,0,0.0,0.0,,0.0,1,14.27,36.98,SPY230120C00410000,410.0,normalDay
2022-08-16,10334.0,-6252.0,0.0,100,429.7,469.0,0,0.0,0.0,,0.0,1,14.27,37.49,SPY230120C00410000,410.0,normalDay
2022-08-17,10334.0,-6402.0,0.0,100,426.65,469.0,0,0.0,0.0,,0.0,1,14.27,35.94,SPY230120C00410000,410.0,normalDay
2022-08-18,10334.0,-6301.0,0.0,100,427.89,469.0,0,0.0,0.0,,0.0,1,14.27,36.17,SPY230120C00410000,410.0,normalDay
2022-08-19,10334.0,-6519.0,0.0,100,422.14,469.0,0,0.0,0.0,,0.0,1,14.27,32.6,SPY230120C00410000,410.0,normalDay
2022-08-22,10334.0,-6884.0,0.0,100,413.35,469.0,0,0.0,0.0,,0.0,1,14.27,27.46,SPY230120C00410000,410.0,normalDay
2022-08-23,10334.0,-6861.0,0.0,100,412.35,469.0,0,0.0,0.0,,0.0,1,14.27,26.23,SPY230120C00410000,410.0,normalDay
2022-08-24,10334.0,-6778.0,0.0,100,413.67,469.0,0,0.0,0.0,,0.0,1,14.27,26.72,SPY230120C00410000,410.0,normalDay
2022-08-25,10334.0,-6497.0,0.0,100,419.51,469.0,0,0.0,0.0,,0.0,1,14.27,29.75,SPY230120C00410000,410.0,normalDay
2022-08-26,10334.0,-7136.0,0.0,100,405.31,469.0,0,0.0,0.0,,0.0,1,14.27,21.94,SPY230120C00410000,410.0,normalDay
2022-08-29,10334.0,-7249.0,0.0,100,402.63,469.0,0,0.0,0.0,,0.0,1,14.27,20.39,SPY230120C00410000,410.0,normalDay
2022-08-30,10334.0,-7450.0,0.0,100,398.21,469.0,0,0.0,0.0,,0.0,1,14.27,17.98,SPY230120C00410000,410.0,normalDay
2022-08-31,10334.0,-7579.0,0.0,100,395.18,469.0,0,0.0,0.0,,0.0,1,14.27,16.24,SPY230120C00410000,410.0,normalDay
2022-09-01,10334.0,-7471.0,0.0,100,396.42,469.0,0,0.0,0.0,,0.0,1,14.27,16.4,SPY230120C00410000,410.0,normalDay
2022-09-02,10334.0,-7707.0,0.0,100,392.24,469.0,0,0.0,0.0,,0.0,1,14.27,14.58,SPY230120C00410000,410.0,normalDay
2022-09-06,10334.0,-7757.0,0.0,100,390.76,469.0,0,0.0,0.0,,0.0,1,14.27,13.6,SPY230120C00410000,410.0,normalDay
2022-09-07,10334.0,-7325.0,0.0,100,397.78,469.0,0,0.0,0.0,,0.0,1,14.27,16.3,SPY230120C00410000,410.0,normalDay
2022-09-08,10334.0,-7188.0,0.0,100,400.38,469.0,0,0.0,0.0,,0.0,1,14.27,17.53,SPY230120C00410000,410.0,normalDay
2022-09-09,10334.0,-6851.0,0.0,100,406.6,469.0,0,0.0,0.0,,0.0,1,14.27,20.38,SPY230120C00410000,410.0,normalDay
2022-09-12,10334.0,-6706.0,0.0,100,410.97,469.0,0,0.0,0.0,,0.0,1,14.27,23.3,SPY230120C00410000,410.0,normalDay
2022-09-13,10334.0,-7647.0,0.0,100,393.1,469.0,0,0.0,0.0,,0.0,1,14.27,14.84,SPY230120C00410000,410.0,normalDay
2022-09-14,10334.0,-7501.0,0.0,100,394.6,469.0,0,0.0,0.0,,0.0,1,14.27,14.88,SPY230120C00410000,410.0,normalDay
2022-09-15,10334.0,-7767.0,0.0,100,390.12,469.0,0,0.0,0.0,,0.0,1,14.27,13.06,SPY230120C00410000,410.0,normalDay
2022-09-16,10334.0,-8083.0,0.0,100,385.56,469.0,0,0.0,0.0,,0.0,1,14.27,11.66,SPY230120C00410000,410.0,normalDay
2022-09-19,10334.0,-7856.0,0.0,100,388.55,469.0,0,0.0,0.0,,0.0,1,14.27,12.38,SPY230120C00410000,410.0,normalDay
2022-09-20,10334.0,-8156.0,0.0,100,384.09,469.0,0,0.0,0.0,,0.0,1,14.27,10.92,SPY230120C00410000,410.0,normalDay
2022-09-21,10334.0,-8578.0,0.0,100,377.39,469.0,0,0.0,0.0,,0.0,1,14.27,8.44,SPY230120C00410000,410.0,normalDay
2022-09-22,10334.0,-8780.0,0.0,100,374.22,469.0,0,0.0,0.0,,0.0,1,14.27,7.29,SPY230120C00410000,410.0,normalDay
2022-09-23,10334.0,-9264.0,0.0,100,367.95,469.0,0,0.0,0.0,,0.0,1,14.27,5.86,SPY230120C00410000,410.0,normalDay
2022-09-26,10334.0,-9550.0,0.0,100,364.31,469.0,0,0.0,0.0,,0.0,1,14.27,5.08,SPY230120C00410000,410.0,normalDay
2022-09-27,10334.0,-9614.0,0.0,100,363.38,469.0,0,0.0,0.0,,0.0,1,14.27,4.79,SPY230120C00410000,410.0,normalDay
2022-09-28,10334.0,-9031.0,0.0,100,370.53,469.0,0,0.0,0.0,,0.0,1,14.27,6.11,SPY230120C00410000,410.0,normalDay
2022-09-29,10334.0,-9630.0,0.0,100,362.79,469.0,0,0.0,0.0,,0.0,1,14.27,4.36,SPY230120C00410000,410.0,normalDay
2022-09-30,10334.0,-10082.0,0.0,100,357.18,469.0,0,0.0,0.0,,0.0,1,14.27,3.27,SPY230120C00410000,410.0,normalDay
2022-10-03,10334.0,-9287.0,0.0,100,366.61,469.0,0,0.0,0.0,,0.0,1,14.27,4.75,SPY230120C00410000,410.0,normalDay
2022-10-04,10334.0,-8428.0,0.0,100,377.97,469.0,0,0.0,0.0,,0.0,1,14.27,7.52,SPY230120C00410000,410.0,normalDay
2022-10-05,10334.0,-8491.0,0.0,100,377.09,469.0,0,0.0,0.0,,0.0,1,14.27,7.27,SPY230120C00410000,410.0,normalDay
2022-10-06,10334.0,-8786.0,0.0,100,373.2,469.0,0,0.0,0.0,,0.0,1,14.27,6.33,SPY230120C00410000,410.0,normalDay
2022-10-07,10334.0,-9581.0,0.0,100,362.79,469.0,0,0.0,0.0,,0.0,1,14.27,3.87,SPY230120C00410000,410.0,normalDay
2022-10-10,10334.0,-9844.0,0.0,100,360.02,469.0,0,0.0,0.0,,0.0,1,14.27,3.73,SPY230120C00410000,410.0,normalDay
2022-10-11,10334.0,-10048.0,0.0,100,357.74,469.0,0,0.0,0.0,,0.0,1,14.27,3.49,SPY230120C00410000,410.0,normalDay
2022-10-12,10334.0,-10151.0,0.0,100,356.56,469.0,0,0.0,0.0,,0.0,1,14.27,3.34,SPY230120C00410000,410.0,normalDay
2022-10-13,10334.0,-9375.0,0.0,100,365.97,469.0,0,0.0,0.0,,0.0,1,14.27,4.99,SPY230120C00410000,410.0,normalDay
2022-10-14,10334.0,-10047.0,0.0,100,357.63,469.0,0,0.0,0.0,,0.0,1,14.27,3.37,SPY230120C00410000,410.0,normalDay
2022-10-17,10334.0,-9296.0,0.0,100,366.82,469.0,0,0.0,0.0,,0.0,1,14.27,5.05,SPY230120C00410000,410.0,normalDay
2022-10-18,10334.0,-8956.0,0.0,100,371.13,469.0,0,0.0,0.0,,0.0,1,14.27,5.96,SPY230120C00410000,410.0,normalDay
2022-10-19,10334.0,-9121.0,0.0,100,368.5,469.0,0,0.0,0.0,,0.0,1,14.27,4.98,SPY230120C00410000,410.0,normalDay
2022-10-20,10334.0,-9350.0,0.0,100,365.41,469.0,0,0.0,0.0,,0.0,1,14.27,4.18,SPY230120C00410000,410.0,normalDay
2022-10-21,10334.0,-8680.0,0.0,100,374.29,469.0,0,0.0,0.0,,0.0,1,14.27,6.36,SPY230120C00410000,410.0,normalDay
2022-10-24,10334.0,-8343.0,0.0,100,378.87,469.0,0,0.0,0.0,,0.0,1,14.27,7.57,SPY230120C00410000,410.0,normalDay
2022-10-25,10334.0,-7829.0,0.0,100,384.92,469.0,0,0.0,0.0,,0.0,1,14.27,8.48,SPY230120C00410000,410.0,normalDay
2022-10-26,10334.0,-8046.0,0.0,100,382.02,469.0,0,0.0,0.0,,0.0,1,14.27,7.75,SPY230120C00410000,410.0,normalDay
2022-10-27,10334.0,-8032.0,0.0,100,379.98,469.0,0,0.0,0.0,,0.0,1,14.27,5.57,SPY230120C00410000,410.0,normalDay
2022-10-28,10334.0,-7504.0,0.0,100,389.02,469.0,0,0.0,0.0,,0.0,1,14.27,9.33,SPY230120C00410000,410.0,normalDay
2022-10-31,10334.0,-7639.0,0.0,100,386.21,469.0,0,0.0,0.0,,0.0,1,14.27,7.87,SPY230120C00410000,410.0,normalDay
2022-11-01,10334.0,-7728.0,0.0,100,384.52,469.0,0,0.0,0.0,,0.0,1,14.27,7.07,SPY230120C00410000,410.0,normalDay
2022-11-02,10334.0,-8429.0,0.0,100,374.87,469.0,0,0.0,0.0,,0.0,1,14.27,4.43,SPY230120C00410000,410.0,normalDay
2022-11-03,10334.0,-8721.0,0.0,100,371.01,469.0,0,0.0,0.0,,0.0,1,14.27,3.49,SPY230120C00410000,410.0,normalDay
2022-11-04,10334.0,-8280.0,0.0,100,376.35,469.0,0,0.0,0.0,,0.0,1,14.27,4.42,SPY230120C00410000,410.0,normalDay
2022-11-07,10334.0,-7979.0,0.0,100,379.95,469.0,0,0.0,0.0,,0.0,1,14.27,5.01,SPY230120C00410000,410.0,normalDay
2022-11-08,10334.0,-7829.0,0.0,100,382.0,469.0,0,0.0,0.0,,0.0,1,14.27,5.56,SPY230120C00410000,410.0,normalDay
2022-11-09,10334.0,-8443.0,0.0,100,374.13,469.0,0,0.0,0.0,,0.0,1,14.27,3.83,SPY230120C00410000,410.0,normalDay
2022-11-10,10334.0,-6971.0,0.0,100,394.69,469.0,0,0.0,0.0,,0.0,1,14.27,9.67,SPY230120C00410000,410.0,normalDay
2022-11-11,10334.0,-6645.0,0.0,100,398.51,469.0,0,0.0,0.0,,0.0,1,14.27,10.23,SPY230120C00410000,410.0,normalDay
2022-11-14,10334.0,-6846.0,0.0,100,395.12,469.0,0,0.0,0.0,,0.0,1,14.27,8.85,SPY230120C00410000,410.0,normalDay
2022-11-15,10334.0,-6626.0,0.0,100,398.49,469.0,0,0.0,0.0,,0.0,1,14.27,10.02,SPY230120C00410000,410.0,normalDay
2022-11-16,10334.0,-6778.0,0.0,100,395.45,469.0,0,0.0,0.0,,0.0,1,14.27,8.5,SPY230120C00410000,410.0,normalDay
2022-11-17,10334.0,-6830.0,0.0,100,394.24,469.0,0,0.0,0.0,,0.0,1,14.27,7.81,SPY230120C00410000,410.0,normalDay
2022-11-18,10334.0,-6664.0,0.0,100,396.03,469.0,0,0.0,0.0,,0.0,1,14.27,7.94,SPY230120C00410000,410.0,normalDay
2022-11-21,10334.0,-6702.0,0.0,100,394.59,469.0,0,0.0,0.0,,0.0,1,14.27,6.88,SPY230120C00410000,410.0,normalDay
2022-11-22,10334.0,-6321.0,0.0,100,399.9,469.0,0,0.0,0.0,,0.0,1,14.27,8.38,SPY230120C00410000,410.0,normalDay
2022-11-23,10334.0,-6136.0,0.0,100,402.42,469.0,0,0.0,0.0,,0.0,1,14.27,9.05,SPY230120C00410000,410.0,normalDay
2022-11-25,10334.0,-6119.0,0.0,100,402.33,469.0,0,0.0,0.0,,0.0,1,14.27,8.79,SPY230120C00410000,410.0,normalDay
2022-11-28,10334.0,-6521.0,0.0,100,395.91,469.0,0,0.0,0.0,,0.0,1,14.27,6.39,SPY230120C00410000,410.0,normalDay
2022-11-29,10334.0,-6532.0,0.0,100,395.23,469.0,0,0.0,0.0,,0.0,1,14.27,5.82,SPY230120C00410000,410.0,normalDay
2022-11-30,10334.0,-5821.0,0.0,100,407.68,469.0,0,0.0,0.0,,0.0,1,14.27,11.16,SPY230120C00410000,410.0,normalDay
2022-12-01,10334.0,-5766.0,0.0,100,407.38,469.0,0,0.0,0.0,,0.0,1,14.27,10.31,SPY230120C00410000,410.0,normalDay
2022-12-02,10334.0,-5733.0,0.0,100,406.91,469.0,0,0.0,0.0,,0.0,1,14.27,9.51,SPY230120C00410000,410.0,normalDay
2022-12-05,10334.0,-6157.0,0.0,100,399.59,469.0,0,0.0,0.0,,0.0,1,14.27,6.43,SPY230120C00410000,410.0,normalDay
2022-12-06,10334.0,-6561.0,0.0,100,393.83,469.0,0,0.0,0.0,,0.0,1,14.27,4.71,SPY230120C00410000,410.0,normalDay
2022-12-07,10334.0,-6610.0,0.0,100,393.16,469.0,0,0.0,0.0,,0.0,1,14.27,4.53,SPY230120C00410000,410.0,normalDay
2022-12-08,10334.0,-6369.0,0.0,100,396.24,469.0,0,0.0,0.0,,0.0,1,14.27,5.2,SPY230120C00410000,410.0,normalDay
2022-12-09,10334.0,-6575.0,0.0,100,393.28,469.0,0,0.0,0.0,,0.0,1,14.27,4.3,SPY230120C00410000,410.0,normalDay
2022-12-12,10334.0,-6217.0,0.0,100,398.95,469.0,0,0.0,0.0,,0.0,1,14.27,6.39,SPY230120C00410000,410.0,normalDay
2022-12-13,10334.0,-5954.0,0.0,100,401.97,469.0,0,0.0,0.0,,0.0,1,14.27,6.78,SPY230120C00410000,410.0,normalDay
2022-12-14,10334.0,-6050.0,0.0,100,399.4,469.0,0,0.0,0.0,,0.0,1,14.27,5.17,SPY230120C00410000,410.0,normalDay
2022-12-15,10334.0,-6732.0,0.0,100,389.63,469.0,0,0.0,0.0,,0.0,1,14.27,2.22,SPY230120C00410000,410.0,normalDay
2022-12-16,10334.0,-7276.0,0.0,100,383.27,469.0,0,0.0,0.0,,0.0,1,14.27,1.3,SPY230120C00410000,410.0,normalDay
2022-12-19,10334.0,-7557.0,0.0,100,380.02,469.0,0,0.0,0.0,,0.0,1,14.27,0.86,SPY230120C00410000,410.0,normalDay
2022-12-20,10334.0,-7498.0,0.0,100,380.54,469.0,0,0.0,0.0,,0.0,1,14.27,0.79,SPY230120C00410000,410.0,normalDay
2022-12-21,10334.0,-6969.0,0.0,100,386.23,469.0,0,0.0,0.0,,0.0,1,14.27,1.19,SPY230120C00410000,410.0,normalDay
2022-12-22,10334.0,-7477.0,0.0,100,380.72,469.0,0,0.0,0.0,,0.0,1,14.27,0.76,SPY230120C00410000,410.0,normalDay
2022-12-23,10334.0,-7254.0,0.0,100,382.91,469.0,0,0.0,0.0,,0.0,1,14.27,0.72,SPY230120C00410000,410.0,normalDay
2022-12-27,10334.0,-7392.0,0.0,100,381.4,469.0,0,0.0,0.0,,0.0,1,14.27,0.59,SPY230120C00410000,410.0,normalDay
2022-12-28,10334.0,-7841.0,0.0,100,376.66,469.0,0,0.0,0.0,,0.0,1,14.27,0.34,SPY230120C00410000,410.0,normalDay
2022-12-29,10334.0,-7184.0,0.0,100,383.44,469.0,0,0.0,0.0,,0.0,1,14.27,0.55,SPY230120C00410000,410.0,normalDay
2022-12-30,10334.0,-7272.0,0.0,100,382.43,469.0,0,0.0,0.0,,0.0,1,14.27,0.42,SPY230120C00410000,410.0,normalDay
2023-01-03,10334.0,-7416.0,0.0,100,380.82,469.0,0,0.0,0.0,,0.0,1,14.27,0.25,SPY230120C00410000,410.0,normalDay
2023-01-04,10334.0,-7128.0,0.0,100,383.76,469.0,0,0.0,0.0,,0.0,1,14.27,0.31,SPY230120C00410000,410.0,normalDay
2023-01-05,10334.0,-7551.0,0.0,100,379.38,469.0,0,0.0,0.0,,0.0,1,14.27,0.16,SPY230120C00410000,410.0,normalDay
2023-01-06,10334.0,-6699.0,0.0,100,388.08,469.0,0,0.0,0.0,,0.0,1,14.27,0.34,SPY230120C00410000,410.0,normalDay
2023-01-09,10334.0,-6719.0,0.0,100,387.86,469.0,0,0.0,0.0,,0.0,1,14.27,0.32,SPY230120C00410000,410.0,normalDay
2023-01-10,10334.0,-6450.0,0.0,100,390.58,469.0,0,0.0,0.0,,0.0,1,14.27,0.35,SPY230120C00410000,410.0,normalDay
2023-01-11,10334.0,-6009.0,0.0,100,395.52,469.0,0,0.0,0.0,,0.0,1,14.27,0.88,SPY230120C00410000,410.0,normalDay
2023-01-12,10334.0,-5806.0,0.0,100,396.96,469.0,0,0.0,0.0,,0.0,1,14.27,0.29,SPY230120C00410000,410.0,normalDay
2023-01-13,10334.0,-5638.0,0.0,100,398.5,469.0,0,0.0,0.0,,0.0,1,14.27,0.15,SPY230120C00410000,410.0,normalDay
2023-01-17,10334.0,-5702.0,0.0,100,397.77,469.0,0,0.0,0.0,,0.0,1,14.27,0.06,SPY230120C00410000,410.0,normalDay
2023-01-18,10334.0,-6326.0,0.0,100,391.49,469.0,0,0.0,0.0,,0.0,1,14.27,0.02,SPY230120C00410000,410.0,normalDay
2023-01-19,10334.0,-6610.0,0.0,100,388.64,469.0,0,0.0,0.0,,0.0,1,14.27,0.01,SPY230120C00410000,410.0,normalDay
2023-01-20,11761.0,-7312.0,1427.0,100,395.88,469.0,0,0.0,0.0,,0.0,1,14.27,0.0,SPY230120C00410000,410.0,expirationDay
2023-01-23,11761.0,-6953.0,0.0,100,400.63,469.0,0,0.0,0.0,,0.0,1,24.43,25.59,SPY230721C00400000,400.0,normalDay
2023-01-24,11761.0,-7012.0,0.0,100,400.2,469.0,0,0.0,0.0,,0.0,1,24.43,25.75,SPY230721C00400000,400.0,normalDay
2023-01-25,11761.0,-6880.0,0.0,100,400.35,469.0,0,0.0,0.0,,0.0,1,24.43,24.58,SPY230721C00400000,400.0,normalDay
2023-01-26,11761.0,-6684.0,0.0,100,404.75,469.0,0,0.0,0.0,,0.0,1,24.43,27.02,SPY230721C00400000,400.0,normalDay
2023-01-27,11761.0,-6658.0,0.0,100,405.68,469.0,0,0.0,0.0,,0.0,1,24.43,27.69,SPY230721C00400000,400.0,normalDay
2023-01-30,11761.0,-6871.0,0.0,100,400.59,469.0,0,0.0,0.0,,0.0,1,24.43,24.73,SPY230721C00400000,400.0,normalDay
2023-01-31,11761.0,-6599.0,0.0,100,406.48,469.0,0,0.0,0.0,,0.0,1,24.43,27.9,SPY230721C00400000,400.0,normalDay
2023-02-01,11761.0,-6538.0,0.0,100,410.8,469.0,0,0.0,0.0,,0.0,1,24.43,31.61,SPY230721C00400000,400.0,normalDay
2023-02-02,11761.0,-6242.0,0.0,100,416.78,469.0,0,0.0,0.0,,0.0,1,24.43,34.63,SPY230721C00400000,400.0,normalDay
2023-02-03,11761.0,-6423.0,0.0,100,412.35,469.0,0,0.0,0.0,,0.0,1,24.43,32.01,SPY230721C00400000,400.0,normalDay
2023-02-06,11761.0,-6512.0,0.0,100,409.83,469.0,0,0.0,0.0,,0.0,1,24.43,30.38,SPY230721C00400000,400.0,normalDay
2023-02-07,11761.0,-6283.0,0.0,100,415.19,469.0,0,0.0,0.0,,0.0,1,24.43,33.45,SPY230721C00400000,400.0,normalDay
2023-02-08,11761.0,-6496.0,0.0,100,410.65,469.0,0,0.0,0.0,,0.0,1,24.43,31.04,SPY230721C00400000,400.0,normalDay
2023-02-09,11761.0,-6631.0,0.0,100,407.09,469.0,0,0.0,0.0,,0.0,1,24.43,28.83,SPY230721C00400000,400.0,normalDay
2023-02-10,11761.0,-6578.0,0.0,100,408.04,469.0,0,0.0,0.0,,0.0,1,24.43,29.25,SPY230721C00400000,400.0,normalDay
2023-02-13,11761.0,-6392.0,0.0,100,412.83,469.0,0,0.0,0.0,,0.0,1,24.43,32.18,SPY230721C00400000,400.0,normalDay
2023-02-14,11761.0,-6313.0,0.0,100,412.64,469.0,0,0.0,0.0,,0.0,1,24.43,31.2,SPY230721C00400000,400.0,normalDay
2023-02-15,11761.0,-6286.0,0.0,100,413.98,469.0,0,0.0,0.0,,0.0,1,24.43,32.27,SPY230721C00400000,400.0,normalDay
2023-02-16,11761.0,-6465.0,0.0,100,408.28,469.0,0,0.0,0.0,,0.0,1,24.43,28.36,SPY230721C00400000,400.0,normalDay
2023-02-17,11761.0,-6485.0,0.0,100,407.26,469.0,0,0.0,0.0,,0.0,1,24.43,27.54,SPY230721C00400000,400.0,normalDay
2023-02-21,11761.0,-6849.0,0.0,100,399.09,469.0,0,0.0,0.0,,0.0,1,24.43,23.01,SPY230721C00400000,400.0,normalDay
2023-02-22,11761.0,-6811.0,0.0,100,398.54,469.0,0,0.0,0.0,,0.0,1,24.43,22.08,SPY230721C00400000,400.0,normalDay
2023-02-23,11761.0,-6638.0,0.0,100,400.66,469.0,0,0.0,0.0,,0.0,1,24.43,22.47,SPY230721C00400000,400.0,normalDay
2023-02-24,11761.0,-6842.0,0.0,100,396.38,469.0,0,0.0,0.0,,0.0,1,24.43,20.23,SPY230721C00400000,400.0,normalDay
2023-02-27,11761.0,-6745.0,0.0,100,397.73,469.0,0,0.0,0.0,,0.0,1,24.43,20.61,SPY230721C00400000,400.0,normalDay
2023-02-28,11761.0,-6747.0,0.0,100,396.26,469.0,0,0.0,0.0,,0.0,1,24.43,19.16,SPY230721C00400000,400.0,normalDay
2023-03-01,11761.0,-6833.0,0.0,100,394.74,469.0,0,0.0,0.0,,0.0,1,24.43,18.5,SPY230721C00400000,400.0,normalDay
2023-03-02,11761.0,-6636.0,0.0,100,397.81,469.0,0,0.0,0.0,,0.0,1,24.43,19.6,SPY230721C00400000,400.0,normalDay
2023-03-03,11761.0,-6369.0,0.0,100,404.19,469.0,0,0.0,0.0,,0.0,1,24.43,23.31,SPY230721C00400000,400.0,normalDay
2023-03-06,11761.0,-6344.0,0.0,100,404.47,469.0,0,0.0,0.0,,0.0,1,24.43,23.34,SPY230721C00400000,400.0,normalDay
2023-03-07,11761.0,-6576.0,0.0,100,398.27,469.0,0,0.0,0.0,,0.0,1,24.43,19.46,SPY230721C00400000,400.0,normalDay
2023-03-08,11761.0,-6506.0,0.0,100,398.92,469.0,0,0.0,0.0,,0.0,1,24.43,19.41,SPY230721C00400000,400.0,normalDay
2023-03-09,11761.0,-6901.0,0.0,100,391.56,469.0,0,0.0,0.0,,0.0,1,24.43,16.0,SPY230721C00400000,400.0,normalDay
2023-03-10,11761.0,-7233.0,0.0,100,385.91,469.0,0,0.0,0.0,,0.0,1,24.43,13.67,SPY230721C00400000,400.0,normalDay
2023-03-13,11761.0,-7300.0,0.0,100,385.36,469.0,0,0.0,0.0,,0.0,1,24.43,13.79,SPY230721C00400000,400.0,normalDay
2023-03-14,11761.0,-6873.0,0.0,100,391.73,469.0,0,0.0,0.0,,0.0,1,24.43,15.89,SPY230721C00400000,400.0,normalDay
2023-03-15,11761.0,-7071.0,0.0,100,389.28,469.0,0,0.0,0.0,,0.0,1,24.43,15.42,SPY230721C00400000,400.0,normalDay
2023-03-16,11761.0,-6674.0,0.0,100,396.11,469.0,0,0.0,0.0,,0.0,1,24.43,18.28,SPY230721C00400000,400.0,normalDay
2023-03-17,11761.0,-7157.0,0.0,100,389.99,469.0,0,0.0,0.0,,0.0,1,24.43,16.99,SPY230721C00400000,400.0,normalDay
2023-03-20,11761.0,-6886.0,0.0,100,393.74,469.0,0,0.0,0.0,,0.0,1,24.43,18.03,SPY230721C00400000,400.0,normalDay
2023-03-21,11761.0,-6578.0,0.0,100,398.91,469.0,0,0.0,0.0,,0.0,1,24.43,20.12,SPY230721C00400000,400.0,normalDay
2023-03-22,11761.0,-6873.0,0.0,100,392.11,469.0,0,0.0,0.0,,0.0,1,24.43,16.27,SPY230721C00400000,400.0,normalDay
2023-03-23,11761.0,-6838.0,0.0,100,393.17,469.0,0,0.0,0.0,,0.0,1,24.43,16.98,SPY230721C00400000,400.0,normalDay
2023-03-24,11761.0,-6691.0,0.0,100,395.75,469.0,0,0.0,0.0,,0.0,1,24.43,18.09,SPY230721C00400000,400.0,normalDay
2023-03-27,11761.0,-6589.0,0.0,100,396.49,469.0,0,0.0,0.0,,0.0,1,24.43,17.81,SPY230721C00400000,400.0,normalDay
2023-03-28,11761.0,-6612.0,0.0,100,395.6,469.0,0,0.0,0.0,,0.0,1,24.43,17.15,SPY230721C00400000,400.0,normalDay
2023-03-29,11761.0,-6318.0,0.0,100,401.35,469.0,0,0.0,0.0,,0.0,1,24.43,19.96,SPY230721C00400000,400.0,normalDay
2023-03-30,11761.0,-6225.0,0.0,100,403.7,469.0,0,0.0,0.0,,0.0,1,24.43,21.38,SPY230721C00400000,400.0,normalDay
2023-03-31,11761.0,-6061.0,0.0,100,409.39,469.0,0,0.0,0.0,,0.0,1,24.43,25.43,SPY230721C00400000,400.0,normalDay
2023-04-03,11761.0,-5957.0,0.0,100,410.95,469.0,0,0.0,0.0,,0.0,1,24.43,25.95,SPY230721C00400000,400.0,normalDay
2023-04-04,11761.0,-6032.0,0.0,100,408.67,469.0,0,0.0,0.0,,0.0,1,24.43,24.42,SPY230721C00400000,400.0,normalDay
2023-04-05,11761.0,-6045.0,0.0,100,407.6,469.0,0,0.0,0.0,,0.0,1,24.43,23.48,SPY230721C00400000,400.0,normalDay
2023-04-06,11761.0,-5965.0,0.0,100,409.19,469.0,0,0.0,0.0,,0.0,1,24.43,24.27,SPY230721C00400000,400.0,normalDay
2023-04-10,11761.0,-5958.0,0.0,100,409.61,469.0,0,0.0,0.0,,0.0,1,24.43,24.62,SPY230721C00400000,400.0,normalDay
2023-04-11,11761.0,-5926.0,0.0,100,409.72,469.0,0,0.0,0.0,,0.0,1,24.43,24.41,SPY230721C00400000,400.0,normalDay
2023-04-12,11761.0,-5941.0,0.0,100,408.05,469.0,0,0.0,0.0,,0.0,1,24.43,22.89,SPY230721C00400000,400.0,normalDay
2023-04-13,11761.0,-5729.0,0.0,100,413.47,469.0,0,0.0,0.0,,0.0,1,24.43,26.19,SPY230721C00400000,400.0,normalDay
2023-04-14,11761.0,-5741.0,0.0,100,412.46,469.0,0,0.0,0.0,,0.0,1,24.43,25.3,SPY230721C00400000,400.0,normalDay
2023-04-17,11761.0,-5652.0,0.0,100,413.94,469.0,0,0.0,0.0,,0.0,1,24.43,25.89,SPY230721C00400000,400.0,normalDay
2023-04-18,11761.0,-5602.0,0.0,100,414.21,469.0,0,0.0,0.0,,0.0,1,24.43,25.66,SPY230721C00400000,400.0,normalDay
2023-04-19,11761.0,-5604.0,0.0,100,414.14,469.0,0,0.0,0.0,,0.0,1,24.43,25.61,SPY230721C00400000,400.0,normalDay
2023-04-20,11761.0,-5697.0,0.0,100,411.88,469.0,0,0.0,0.0,,0.0,1,24.43,24.28,SPY230721C00400000,400.0,normalDay
2023-04-21,11761.0,-5640.0,0.0,100,412.2,469.0,0,0.0,0.0,,0.0,1,24.43,24.03,SPY230721C00400000,400.0,normalDay
2023-04-24,11761.0,-5615.0,0.0,100,412.63,469.0,0,0.0,0.0,,0.0,1,24.43,24.21,SPY230721C00400000,400.0,normalDay
2023-04-25,11761.0,-5929.0,0.0,100,406.08,469.0,0,0.0,0.0,,0.0,1,24.43,20.8,SPY230721C00400000,400.0,normalDay
2023-04-26,11761.0,-5886.0,0.0,100,404.36,469.0,0,0.0,0.0,,0.0,1,24.43,18.65,SPY230721C00400000,400.0,normalDay
2023-04-27,11761.0,-5636.0,0.0,100,412.41,469.0,0,0.0,0.0,,0.0,1,24.43,24.2,SPY230721C00400000,400.0,normalDay
2023-04-28,11761.0,-5451.0,0.0,100,415.93,469.0,0,0.0,0.0,,0.0,1,24.43,25.87,SPY230721C00400000,400.0,normalDay
2023-05-01,11761.0,-5443.0,0.0,100,415.51,469.0,0,0.0,0.0,,0.0,1,24.43,25.37,SPY230721C00400000,400.0,normalDay
2023-05-02,11761.0,-5588.0,0.0,100,410.84,469.0,0,0.0,0.0,,0.0,1,24.43,22.15,SPY230721C00400000,400.0,normalDay
2023-05-03,11761.0,-5724.0,0.0,100,408.02,469.0,0,0.0,0.0,,0.0,1,24.43,20.69,SPY230721C00400000,400.0,normalDay
2023-05-04,11761.0,-5781.0,0.0,100,405.13,469.0,0,0.0,0.0,,0.0,1,24.43,18.37,SPY230721C00400000,400.0,normalDay
2023-05-05,11761.0,-5472.0,0.0,100,412.63,469.0,0,0.0,0.0,,0.0,1,24.43,22.78,SPY230721C00400000,400.0,normalDay
2023-05-08,11761.0,-5447.0,0.0,100,412.74,469.0,0,0.0,0.0,,0.0,1,24.43,22.64,SPY230721C00400000,400.0,normalDay
2023-05-09,11761.0,-5532.0,0.0,100,410.93,469.0,0,0.0,0.0,,0.0,1,24.43,21.68,SPY230721C00400000,400.0,normalDay
2023-05-10,11761.0,-5440.0,0.0,100,412.85,469.0,0,0.0,0.0,,0.0,1,24.43,22.68,SPY230721C00400000,400.0,normalDay
2023-05-11,11761.0,-5401.0,0.0,100,412.13,469.0,0,0.0,0.0,,0.0,1,24.43,21.57,SPY230721C00400000,400.0,normalDay
2023-05-12,11761.0,-5368.0,0.0,100,411.59,469.0,0,0.0,0.0,,0.0,1,24.43,20.7,SPY230721C00400000,400.0,normalDay
2023-05-15,11761.0,-5313.0,0.0,100,413.01,469.0,0,0.0,0.0,,0.0,1,24.43,21.57,SPY230721C00400000,400.0,normalDay
2023-05-16,11761.0,-5412.0,0.0,100,410.25,469.0,0,0.0,0.0,,0.0,1,24.43,19.8,SPY230721C00400000,400.0,normalDay
2023-05-17,11761.0,-5224.0,0.0,100,415.23,469.0,0,0.0,0.0,,0.0,1,24.43,22.9,SPY230721C00400000,400.0,normalDay
2023-05-18,11761.0,-5107.0,0.0,100,419.23,469.0,0,0.0,0.0,,0.0,1,24.43,25.73,SPY230721C00400000,400.0,normalDay
2023-05-19,11761.0,-5138.0,0.0,100,418.62,469.0,0,0.0,0.0,,0.0,1,24.43,25.43,SPY230721C00400000,400.0,normalDay
2023-05-22,11761.0,-5137.0,0.0,100,418.79,469.0,0,0.0,0.0,,0.0,1,24.43,25.59,SPY230721C00400000,400.0,normalDay
2023-05-23,11761.0,-5241.0,0.0,100,414.09,469.0,0,0.0,0.0,,0.0,1,24.43,21.93,SPY230721C00400000,400.0,normalDay
2023-05-24,11761.0,-5350.0,0.0,100,411.09,469.0,0,0.0,0.0,,0.0,1,24.43,20.02,SPY230721C00400000,400.0,normalDay
2023-05-25,11761.0,-5204.0,0.0,100,414.65,469.0,0,0.0,0.0,,0.0,1,24.43,22.12,SPY230721C00400000,400.0,normalDay
2023-05-26,11761.0,-5085.0,0.0,100,420.02,469.0,0,0.0,0.0,,0.0,1,24.43,26.3,SPY230721C00400000,400.0,normalDay
2023-05-30,11761.0,-5024.0,0.0,100,420.18,469.0,0,0.0,0.0,,0.0,1,24.43,25.85,SPY230721C00400000,400.0,normalDay
2023-05-31,11761.0,-5016.0,0.0,100,417.85,469.0,0,0.0,0.0,,0.0,1,24.43,23.44,SPY230721C00400000,400.0,normalDay
2023-06-01,11761.0,-4924.0,0.0,100,421.82,469.0,0,0.0,0.0,,0.0,1,24.43,26.49,SPY230721C00400000,400.0,normalDay
2023-06-02,11761.0,-4814.0,0.0,100,427.92,469.0,0,0.0,0.0,,0.0,1,24.43,31.49,SPY230721C00400000,400.0,normalDay
2023-06-05,11761.0,-4795.0,0.0,100,427.1,469.0,0,0.0,0.0,,0.0,1,24.43,30.48,SPY230721C00400000,400.0,normalDay
2023-06-06,11761.0,-4783.0,0.0,100,428.03,469.0,0,0.0,0.0,,0.0,1,24.43,31.29,SPY230721C00400000,400.0,normalDay
2023-06-07,11761.0,-4763.0,0.0,100,426.55,469.0,0,0.0,0.0,,0.0,1,24.43,29.61,SPY230721C00400000,400.0,normalDay
2023-06-08,11761.0,-4676.0,0.0,100,429.13,469.0,0,0.0,0.0,,0.0,1,24.43,31.32,SPY230721C00400000,400.0,normalDay
2023-06-09,11761.0,-4733.0,0.0,100,429.9,469.0,0,0.0,0.0,,0.0,1,24.43,32.66,SPY230721C00400000,400.0,normalDay
2023-06-12,11761.0,-4649.0,0.0,100,433.8,469.0,0,0.0,0.0,,0.0,1,24.43,35.72,SPY230721C00400000,400.0,normalDay
2023-06-13,11761.0,-4643.0,0.0,100,436.66,469.0,0,0.0,0.0,,0.0,1,24.43,38.52,SPY230721C00400000,400.0,normalDay
2023-06-14,11761.0,-4652.0,0.0,100,437.18,469.0,0,0.0,0.0,,0.0,1,24.43,39.13,SPY230721C00400000,400.0,normalDay
2023-06-15,11761.0,-4542.0,0.0,100,442.6,469.0,0,0.0,0.0,,0.0,1,24.43,43.45,SPY230721C00400000,400.0,normalDay
2023-06-16,11761.0,-4779.0,0.0,100,439.46,469.0,0,0.0,0.0,,0.0,1,24.43,42.68,SPY230721C00400000,400.0,normalDay
2023-06-20,11761.0,-4695.0,0.0,100,437.18,469.0,0,0.0,0.0,,0.0,1,24.43,39.56,SPY230721C00400000,400.0,normalDay
2023-06-21,11761.0,-4741.0,0.0,100,434.94,469.0,0,0.0,0.0,,0.0,1,24.43,37.78,SPY230721C00400000,400.0,normalDay
2023-06-22,11761.0,-4674.0,0.0,100,436.51,469.0,0,0.0,0.0,,0.0,1,24.43,38.68,SPY230721C00400000,400.0,normalDay
2023-06-23,11761.0,-4707.0,0.0,100,433.21,469.0,0,0.0,0.0,,0.0,1,24.43,35.71,SPY230721C00400000,400.0,normalDay
2023-06-26,11761.0,-4721.0,0.0,100,431.44,469.0,0,0.0,0.0,,0.0,1,24.43,34.08,SPY230721C00400000,400.0,normalDay
2023-06-27,11761.0,-4642.0,0.0,100,436.17,469.0,0,0.0,0.0,,0.0,1,24.43,38.02,SPY230721C00400000,400.0,normalDay
2023-06-28,11761.0,-4692.0,0.0,100,436.39,469.0,0,0.0,0.0,,0.0,1,24.43,38.74,SPY230721C00400000,400.0,normalDay
2023-06-29,11761.0,-4635.0,0.0,100,438.11,469.0,0,0.0,0.0,,0.0,1,24.43,39.89,SPY230721C00400000,400.0,normalDay
2023-06-30,11761.0,-4634.0,0.0,100,443.28,469.0,0,0.0,0.0,,0.0,1,24.43,45.05,SPY230721C00400000,400.0,normalDay
2023-07-03,11761.0,-4624.0,0.0,100,443.79,469.0,0,0.0,0.0,,0.0,1,24.43,45.46,SPY230721C00400000,400.0,normalDay
2023-07-05,11761.0,-4581.0,0.0,100,443.13,469.0,0,0.0,0.0,,0.0,1,24.43,44.37,SPY230721C00400000,400.0,normalDay
2023-07-06,11761.0,-4583.0,0.0,100,439.66,469.0,0,0.0,0.0,,0.0,1,24.43,40.92,SPY230721C00400000,400.0,normalDay
2023-07-07,11761.0,-4600.0,0.0,100,438.55,469.0,0,0.0,0.0,,0.0,1,24.43,39.98,SPY230721C00400000,400.0,normalDay
2023-07-10,11761.0,-4574.0,0.0,100,439.66,469.0,0,0.0,0.0,,0.0,1,24.43,40.83,SPY230721C00400000,400.0,normalDay
2023-07-11,11761.0,-4531.0,0.0,100,442.46,469.0,0,0.0,0.0,,0.0,1,24.43,43.2,SPY230721C00400000,400.0,normalDay
2023-07-12,11761.0,-4565.0,0.0,100,446.02,469.0,0,0.0,0.0,,0.0,1,24.43,47.1,SPY230721C00400000,400.0,normalDay
2023-07-13,11761.0,-4503.0,0.0,100,449.56,469.0,0,0.0,0.0,,0.0,1,24.43,50.02,SPY230721C00400000,400.0,normalDay
2023-07-14,11761.0,-4477.0,0.0,100,449.28,469.0,0,0.0,0.0,,0.0,1,24.43,49.48,SPY230721C00400000,400.0,normalDay
2023-07-17,11761.0,-4460.0,0.0,100,450.84,469.0,0,0.0,0.0,,0.0,1,24.43,50.87,SPY230721C00400000,400.0,normalDay
2023-07-18,11761.0,-4479.0,0.0,100,454.19,469.0,0,0.0,0.0,,0.0,1,24.43,54.41,SPY230721C00400000,400.0,normalDay
2023-07-19,11761.0,-4477.0,0.0,100,455.2,469.0,0,0.0,0.0,,0.0,1,24.43,55.4,SPY230721C00400000,400.0,normalDay
2023-07-20,11761.0,-4502.0,0.0,100,452.18,469.0,0,0.0,0.0,,0.0,1,24.43,52.63,SPY230721C00400000,400.0,normalDay
2023-07-21,7304.0,-4502.0,-4457.0,0,452.18,0.0,0,0.0,0.0,,0.0,1,24.43,0.0,SPY230721C00400000,400.0,expirationDay
2023-07-24,7304.0,-8.0,0.0,0,454.2,0.0,1,11.25,11.33,SPY240119P00445000,445.0,0,0.0,0.0,,0.0,normalDay
2023-07-25,7304.0,14.0,0.0,0,455.44,0.0,1,11.25,11.11,SPY240119P00445000,445.0,0,0.0,0.0,,0.0,normalDay
2023-07-26,7304.0,38.0,0.0,0,455.51,0.0,1,11.25,10.87,SPY240119P00445000,445.0,0,0.0,0.0,,0.0,normalDay
2023-07-27,7304.0,-83.0,0.0,0,452.49,0.0,1,11.25,12.08,SPY240119P00445000,445.0,0,0.0,0.0,,0.0,normalDay
2023-07-28,7304.0,46.0,0.0,0,456.92,0.0,1,11.25,10.79,SPY240119P00445000,445.0,0,0.0,0.0,,0.0,normalDay
2023-07-31,7304.0,62.0,0.0,0,457.79,0.0,1,11.25,10.63,SPY240119P00445000,445.0,0,0.0,0.0,,0.0,normalDay
2023-08-01,7304.0,11.0,0.0,0,456.48,0.0,1,11.25,11.14,SPY240119P00445000,445.0,0,0.0,0.0,,0.0,normalDay
2023-08-02,7304.0,-245.0,0.0,0,450.13,0.0,1,11.25,13.7,SPY240119P00445000,445.0,0,0.0,0.0,,0.0,normalDay
2023-08-03,7304.0,-246.0,0.0,0,448.84,0.0,1,11.25,13.71,SPY240119P00445000,445.0,0,0.0,0.0,,0.0,normalDay
2023-08-04,7304.0,-388.0,0.0,0,446.81,0.0,1,11.25,15.13,SPY240119P00445000,445.0,0,0.0,0.0,,0.0,normalDay
2023-08-07,7304.0,-183.0,0.0,0,450.71,0.0,1,11.25,13.08,SPY240119P00445000,445.0,0,0.0,0.0,,0.0,normalDay
2023-08-08,7304.0,-278.0,0.0,0,448.75,0.0,1,11.25,14.03,SPY240119P00445000,445.0,0,0.0,0.0,,0.0,normalDay
2023-08-09,7304.0,-352.0,0.0,0,445.75,0.0,1,11.25,14.77,SPY240119P00445000,445.0,0,0.0,0.0,,0.0,normalDay
2023-08-10,7304.0,-365.0,0.0,0,445.91,0.0,1,11.25,14.9,SPY240119P00445000,445.0,0,0.0,0.0,,0.0,normalDay
2023-08-11,7304.0,-332.0,0.0,0,445.65,0.0,1,11.25,14.57,SPY240119P00445000,445.0,0,0.0,0.0,,0.0,normalDay
2023-08-14,7304.0,-220.0,0.0,0,448.11,0.0,1,11.25,13.45,SPY240119P00445000,445.0,0,0.0,0.0,,0.0,normalDay
2023-08-15,7304.0,-471.0,0.0,0,442.89,0.0,1,11.25,15.96,SPY240119P00445000,445.0,0,0.0,0.0,,0.0,normalDay
2023-08-16,7304.0,-616.0,0.0,0,439.64,0.0,1,11.25,17.41,SPY240119P00445000,445.0,0,0.0,0.0,,0.0,normalDay
2023-08-17,7304.0,-819.0,0.0,0,436.29,0.0,1,11.25,19.44,SPY240119P00445000,445.0,0,0.0,0.0,,0.0,normalDay
2023-08-18,7304.0,-778.0,0.0,0,436.5,0.0,1,11.25,19.03,SPY240119P00445000,445.0,0,0.0,0.0,,0.0,normalDay
2023-08-21,7304.0,-629.0,0.0,0,439.34,0.0,1,11.25,17.54,SPY240119P00445000,445.0,0,0.0,0.0,,0.0,normalDay
2023-08-22,7304.0,-658.0,0.0,0,438.15,0.0,1,11.25,17.83,SPY240119P00445000,445.0,0,0.0,0.0,,0.0,normalDay
2023-08-23,7304.0,-416.0,0.0,0,443.03,0.0,1,11.25,15.41,SPY240119P00445000,445.0,0,0.0,0.0,,0.0,normalDay
2023-08-24,7304.0,-718.0,0.0,0,436.89,0.0,1,11.25,18.43,SPY240119P00445000,445.0,0,0.0,0.0,,0.0,normalDay
2023-08-25,7304.0,-516.0,0.0,0,439.97,0.0,1,11.25,16.41,SPY240119P00445000,445.0,0,0.0,0.0,,0.0,normalDay
2023-08-28,7304.0,-350.0,0.0,0,442.76,0.0,1,11.25,14.75,SPY240119P00445000,445.0,0,0.0,0.0,,0.0,normalDay
2023-08-29,7304.0,-85.0,0.0,0,449.16,0.0,1,11.25,12.1,SPY240119P00445000,445.0,0,0.0,0.0,,0.0,normalDay
2023-08-30,7304.0,1.0,0.0,0,451.01,0.0,1,11.25,11.24,SPY240119P00445000,445.0,0,0.0,0.0,,0.0,normalDay
2023-08-31,7304.0,12.0,0.0,0,450.35,0.0,1,11.25,11.13,SPY240119P00445000,445.0,0,0.0,0.0,,0.0,normalDay
2023-09-01,7304.0,38.0,0.0,0,451.19,0.0,1,11.25,10.87,SPY240119P00445000,445.0,0,0.0,0.0,,0.0,normalDay
2023-09-05,7304.0,-16.0,0.0,0,449.24,0.0,1,11.25,11.41,SPY240119P00445000,445.0,0,0.0,0.0,,0.0,normalDay
2023-09-06,7304.0,-151.0,0.0,0,446.22,0.0,1,11.25,12.76,SPY240119P00445000,445.0,0,0.0,0.0,,0.0,normalDay
2023-09-07,7304.0,-196.0,0.0,0,444.85,0.0,1,11.25,13.21,SPY240119P00445000,445.0,0,0.0,0.0,,0.0,normalDay
2023-09-08,7304.0,-118.0,0.0,0,445.52,0.0,1,11.25,12.43,SPY240119P00445000,445.0,0,0.0,0.0,,0.0,normalDay
2023-09-11,7304.0,4.0,0.0,0,448.45,0.0,1,11.25,11.21,SPY240119P00445000,445.0,0,0.0,0.0,,0.0,normalDay
2023-09-12,7304.0,-81.0,0.0,0,445.99,0.0,1,11.25,12.06,SPY240119P00445000,445.0,0,0.0,0.0,,0.0,normalDay
2023-09-13,7304.0,-29.0,0.0,0,446.51,0.0,1,11.25,11.54,SPY240119P00445000,445.0,0,0.0,0.0,,0.0,normalDay
2023-09-14,7304.0,134.0,0.0,0,450.36,0.0,1,11.25,9.91,SPY240119P00445000,445.0,0,0.0,0.0,,0.0,normalDay
2023-09-15,7304.0,-96.0,0.0,0,443.37,0.0,1,11.25,12.21,SPY240119P00445000,445.0,0,0.0,0.0,,0.0,normalDay
2023-09-18,7304.0,-70.0,0.0,0,443.63,0.0,1,11.25,11.95,SPY240119P00445000,445.0,0,0.0,0.0,,0.0,normalDay
2023-09-19,7304.0,-99.0,0.0,0,442.71,0.0,1,11.25,12.24,SPY240119P00445000,445.0,0,0.0,0.0,,0.0,normalDay
2023-09-20,7304.0,-326.0,0.0,0,438.64,0.0,1,11.25,14.51,SPY240119P00445000,445.0,0,0.0,0.0,,0.0,normalDay
2023-09-21,7304.0,-757.0,0.0,0,431.39,0.0,1,11.25,18.82,SPY240119P00445000,445.0,0,0.0,0.0,,0.0,normalDay
2023-09-22,7304.0,-806.0,0.0,0,430.42,0.0,1,11.25,19.31,SPY240119P00445000,445.0,0,0.0,0.0,,0.0,normalDay
2023-09-25,7304.0,-692.0,0.0,0,432.23,0.0,1,11.25,18.17,SPY240119P00445000,445.0,0,0.0,0.0,,0.0,normalDay
2023-09-26,7304.0,-1130.0,0.0,0,425.88,0.0,1,11.25,22.55,SPY240119P00445000,445.0,0,0.0,0.0,,0.0,normalDay
2023-09-27,7304.0,-1115.0,0.0,0,426.05,0.0,1,11.25,22.4,SPY240119P00445000,445.0,0,0.0,0.0,,0.0,normalDay
2023-09-28,7304.0,-931.0,0.0,0,428.52,0.0,1,11.25,20.56,SPY240119P00445000,445.0,0,0.0,0.0,,0.0,normalDay
2023-09-29,7304.0,-975.0,0.0,0,427.48,0.0,1,11.25,21.0,SPY240119P00445000,445.0,0,0.0,0.0,,0.0,normalDay
2023-10-02,7304.0,-1006.0,0.0,0,427.31,0.0,1,11.25,21.31,SPY240119P00445000,445.0,0,0.0,0.0,,0.0,normalDay
2023-10-03,7304.0,-1461.0,0.0,0,421.59,0.0,1,11.25,25.86,SPY240119P00445000,445.0,0,0.0,0.0,,0.0,normalDay
2023-10-04,7304.0,-1247.0,0.0,0,424.66,0.0,1,11.25,23.72,SPY240119P00445000,445.0,0,0.0,0.0,,0.0,normalDay
2023-10-05,7304.0,-1277.0,0.0,0,424.5,0.0,1,11.25,24.02,SPY240119P00445000,445.0,0,0.0,0.0,,0.0,normalDay
2023-10-06,7304.0,-839.0,0.0,0,429.54,0.0,1,11.25,19.64,SPY240119P00445000,445.0,0,0.0,0.0,,0.0,normalDay
2023-10-09,7304.0,-681.0,0.0,0,432.29,0.0,1,11.25,18.06,SPY240119P00445000,445.0,0,0.0,0.0,,0.0,normalDay
2023-10-10,7304.0,-535.0,0.0,0,434.54,0.0,1,11.25,16.6,SPY240119P00445000,445.0,0,0.0,0.0,,0.0,normalDay
2023-10-11,7304.0,-371.0,0.0,0,436.32,0.0,1,11.25,14.96,SPY240119P00445000,445.0,0,0.0,0.0,,0.0,normalDay
2023-10-12,7304.0,-539.0,0.0,0,433.66,0.0,1,11.25,16.64,SPY240119P00445000,445.0,0,0.0,0.0,,0.0,normalDay
2023-10-13,7304.0,-784.0,0.0,0,431.5,0.0,1,11.25,19.09,SPY240119P00445000,445.0,0,0.0,0.0,,0.0,normalDay
2023-10-16,7304.0,-414.0,0.0,0,436.04,0.0,1,11.25,15.39,SPY240119P00445000,445.0,0,0.0,0.0,,0.0,normalDay
2023-10-17,7304.0,-456.0,0.0,0,436.02,0.0,1,11.25,15.81,SPY240119P00445000,445.0,0,0.0,0.0,,0.0,normalDay
2023-10-18,7304.0,-787.0,0.0,0,430.21,0.0,1,11.25,19.12,SPY240119P00445000,445.0,0,0.0,0.0,,0.0,normalDay
2023-10-19,7304.0,-1165.0,0.0,0,426.43,0.0,1,11.25,22.9,SPY240119P00445000,445.0,0,0.0,0.0,,0.0,normalDay
2023-10-20,7304.0,-1512.0,0.0,0,421.19,0.0,1,11.25,26.37,SPY240119P00445000,445.0,0,0.0,0.0,,0.0,normalDay
2023-10-23,7304.0,-1482.0,0.0,0,420.46,0.0,1,11.25,26.07,SPY240119P00445000,445.0,0,0.0,0.0,,0.0,normalDay
2023-10-24,7304.0,-1312.0,0.0,0,423.63,0.0,1,11.25,24.37,SPY240119P00445000,445.0,0,0.0,0.0,,0.0,normalDay
2023-10-25,7304.0,-1872.0,0.0,0,417.55,0.0,1,11.25,29.97,SPY240119P00445000,445.0,0,0.0,0.0,,0.0,normalDay
2023-10-26,7304.0,-2274.0,0.0,0,412.55,0.0,1,11.25,33.99,SPY240119P00445000,445.0,0,0.0,0.0,,0.0,normalDay
2023-10-27,7304.0,-2402.0,0.0,0,410.68,0.0,1,11.25,35.27,SPY240119P00445000,445.0,0,0.0,0.0,,0.0,normalDay
2023-10-30,7304.0,-1942.0,0.0,0,415.59,0.0,1,11.25,30.67,SPY240119P00445000,445.0,0,0.0,0.0,,0.0,normalDay
2023-10-31,7304.0,-1695.0,0.0,0,418.2,0.0,1,11.25,28.2,SPY240119P00445000,445.0,0,0.0,0.0,,0.0,normalDay
2023-11-01,7304.0,-1257.0,0.0,0,422.66,0.0,1,11.25,23.82,SPY240119P00445000,445.0,0,0.0,0.0,,0.0,normalDay
2023-11-02,7304.0,-666.0,0.0,0,430.76,0.0,1,11.25,17.91,SPY240119P00445000,445.0,0,0.0,0.0,,0.0,normalDay
2023-11-03,7304.0,-331.0,0.0,0,434.69,0.0,1,11.25,14.56,SPY240119P00445000,445.0,0,0.0,0.0,,0.0,normalDay
2023-11-06,7304.0,-276.0,0.0,0,435.69,0.0,1,11.25,14.01,SPY240119P00445000,445.0,0,0.0,0.0,,0.0,normalDay
2023-11-07,7304.0,-191.0,0.0,0,436.93,0.0,1,11.25,13.16,SPY240119P00445000,445.0,0,0.0,0.0,,0.0,normalDay
2023-11-08,7304.0,-164.0,0.0,0,437.25,0.0,1,11.25,12.89,SPY240119P00445000,445.0,0,0.0,0.0,,0.0,normalDay
2023-11-09,7304.0,-397.0,0.0,0,433.84,0.0,1,11.25,15.22,SPY240119P00445000,445.0,0,0.0,0.0,,0.0,normalDay
2023-11-10,7304.0,61.0,0.0,0,440.61,0.0,1,11.25,10.64,SPY240119P00445000,445.0,0,0.0,0.0,,0.0,normalDay
2023-11-13,7304.0,36.0,0.0,0,440.19,0.0,1,11.25,10.89,SPY240119P00445000,445.0,0,0.0,0.0,,0.0,normalDay
2023-11-14,7304.0,427.0,0.0,0,448.73,0.0,1,11.25,6.98,SPY240119P00445000,445.0,0,0.0,0.0,,0.0,normalDay
2023-11-15,7304.0,442.0,0.0,0,449.68,0.0,1,11.25,6.83,SPY240119P00445000,445.0,0,0.0,0.0,,0.0,normalDay
2023-11-16,7304.0,492.0,0.0,0,450.23,0.0,1,11.25,6.33,SPY240119P00445000,445.0,0,0.0,0.0,,0.0,normalDay
2023-11-17,7304.0,522.0,0.0,0,450.79,0.0,1,11.25,6.03,SPY240119P00445000,445.0,0,0.0,0.0,,0.0,normalDay
2023-11-20,7304.0,641.0,0.0,0,454.26,0.0,1,11.25,4.84,SPY240119P00445000,445.0,0,0.0,0.0,,0.0,normalDay
2023-11-21,7304.0,619.0,0.0,0,453.27,0.0,1,11.25,5.06,SPY240119P00445000,445.0,0,0.0,0.0,,0.0,normalDay
2023-11-22,7304.0,685.0,0.0,0,455.02,0.0,1,11.25,4.4,SPY240119P00445000,445.0,0,0.0,0.0,,0.0,normalDay
2023-11-24,7304.0,721.0,0.0,0,455.3,0.0,1,11.25,4.04,SPY240119P00445000,445.0,0,0.0,0.0,,0.0,normalDay
2023-11-27,7304.0,715.0,0.0,0,454.48,0.0,1,11.25,4.1,SPY240119P00445000,445.0,0,0.0,0.0,,0.0,normalDay
2023-11-28,7304.0,732.0,0.0,0,454.93,0.0,1,11.25,3.93,SPY240119P00445000,445.0,0,0.0,0.0,,0.0,normalDay
2023-11-29,7304.0,722.0,0.0,0,454.61,0.0,1,11.25,4.03,SPY240119P00445000,445.0,0,0.0,0.0,,0.0,normalDay
2023-11-30,7304.0,747.0,0.0,0,456.4,0.0,1,11.25,3.78,SPY240119P00445000,445.0,0,0.0,0.0,,0.0,normalDay
