date,totalCapital,unrializedPnL,rializedPnL,stocksOwned,stocksPriceToday,stocksPriceBoughtAt,putOwned,putOwnedSoldAt,putPriceToday,putOwnedContract,putOwnedStrike,callOwned,callOwnedSoldAt,callPriceToday,callOwnedContract,callOwnedStrike,trackType
2018-11-01,0.0,0.0,0.0,0,273.51,0.0,0,0.0,0.0,,0.0,0,0.0,0.0,,0.0,bidTooLow
2018-11-02,0.0,0.0,0.0,0,271.89,0.0,0,0.0,0.0,,0.0,0,0.0,0.0,,0.0,bidTooLow
2018-11-05,0.0,-3.0,0.0,0,273.39,0.0,1,0.03,0.06,SPY181107P00258000,258.0,0,0.0,0.0,,0.0,normalDay
2018-11-06,0.0,0.0,0.0,0,275.12,0.0,1,0.03,0.03,SPY181107P00258000,258.0,0,0.0,0.0,,0.0,normalDay
2018-11-07,3.0,0.0,3.0,0,281.01,0.0,1,0.03,0.0,SPY181107P00258000,258.0,0,0.0,0.0,,0.0,expirationDay
2018-11-08,3.0,0.0,0.0,0,280.5,0.0,0,0.0,0.0,,0.0,0,0.0,0.0,,0.0,bidTooLow
2018-11-09,3.0,0.0,0.0,0,277.76,0.0,0,0.0,0.0,,0.0,0,0.0,0.0,,0.0,bidTooLow
2018-11-12,3.0,-3.0,0.0,0,272.57,0.0,1,0.05,0.08,SPY181114P00259000,259.0,0,0.0,0.0,,0.0,normalDay
2018-11-13,3.0,3.0,0.0,0,272.06,0.0,1,0.05,0.02,SPY181114P00259000,259.0,0,0.0,0.0,,0.0,normalDay
2018-11-14,8.0,0.0,5.0,0,270.2,0.0,1,0.05,0.0,SPY181114P00259000,259.0,0,0.0,0.0,,0.0,expirationDay
2018-11-15,8.0,0.0,0.0,0,273.02,0.0,0,0.0,0.0,,0.0,0,0.0,0.0,,0.0,bidTooLow
2018-11-16,8.0,0.0,0.0,0,273.73,0.0,0,0.0,0.0,,0.0,0,0.0,0.0,,0.0,bidTooLow
2018-11-19,8.0,-3.0,0.0,0,269.1,0.0,1,0.1,0.13,SPY181121P00260000,260.0,0,0.0,0.0,,0.0,normalDay
2018-11-20,8.0,-30.0,0.0,0,264.12,0.0,1,0.1,0.4,SPY181121P00260000,260.0,0,0.0,0.0,,0.0,normalDay
2018-11-21,18.0,0.0,10.0,0,265.02,0.0,1,0.1,0.0,SPY181121P00260000,260.0,0,0.0,0.0,,0.0,expirationDay
2018-11-23,18.0,-4.0,0.0,0,263.25,0.0,1,0.19,0.23,SPY181126P00257000,257.0,0,0.0,0.0,,0.0,normalDay
2018-11-26,37.0,0.0,19.0,0,267.5,0.0,1,0.19,0.0,SPY181126P00257000,257.0,0,0.0,0.0,,0.0,expirationDay
2018-11-27,37.0,-3.0,0.0,0,268.4,0.0,1,0.11,0.14,SPY181130P00258500,258.5,0,0.0,0.0,,0.0,normalDay
2018-11-28,37.0,8.0,0.0,0,274.58,0.0,1,0.11,0.03,SPY181130P00258500,258.5,0,0.0,0.0,,0.0,normalDay
2018-11-29,37.0,10.0,0.0,0,273.98,0.0,1,0.11,0.01,SPY181130P00258500,258.5,0,0.0,0.0,,0.0,normalDay
2018-11-30,48.0,0.0,11.0,0,275.65,0.0,1,0.11,0.0,SPY181130P00258500,258.5,0,0.0,0.0,,0.0,expirationDay
2018-12-03,48.0,0.0,0.0,0,279.3,0.0,0,0.0,0.0,,0.0,0,0.0,0.0,,0.0,bidTooLow
2018-12-04,48.0,-3.0,0.0,0,270.25,0.0,1,0.22,0.25,SPY181207P00258500,258.5,0,0.0,0.0,,0.0,normalDay
2018-12-06,48.0,18.0,0.0,0,269.84,0.0,1,0.22,0.04,SPY181207P00258500,258.5,0,0.0,0.0,,0.0,normalDay
2018-12-07,70.0,0.0,22.0,0,263.57,0.0,1,0.22,0.0,SPY181207P00258500,258.5,0,0.0,0.0,,0.0,expirationDay
2018-12-10,70.0,-3.0,0.0,0,264.07,0.0,1,0.39,0.42,SPY181212P00257500,257.5,0,0.0,0.0,,0.0,normalDay
2018-12-11,70.0,21.0,0.0,0,264.13,0.0,1,0.39,0.18,SPY181212P00257500,257.5,0,0.0,0.0,,0.0,normalDay
2018-12-12,109.0,0.0,39.0,0,265.46,0.0,1,0.39,0.0,SPY181212P00257500,257.5,0,0.0,0.0,,0.0,expirationDay
2018-12-13,109.0,0.0,0.0,0,265.37,0.0,0,0.0,0.0,,0.0,0,0.0,0.0,,0.0,bidTooLow
2018-12-14,109.0,-4.0,0.0,0,260.47,0.0,1,0.21,0.25,SPY181217P00255000,255.0,0,0.0,0.0,,0.0,normalDay
2018-12-17,130.0,0.0,21.0,0,255.36,0.0,1,0.21,0.0,SPY181217P00255000,255.0,0,0.0,0.0,,0.0,expirationDay
2018-12-18,130.0,-5.0,0.0,0,255.08,0.0,1,1.83,1.88,SPY181221P00250000,250.0,0,0.0,0.0,,0.0,normalDay
2018-12-19,130.0,-51.0,0.0,0,251.26,0.0,1,1.83,2.34,SPY181221P00250000,250.0,0,0.0,0.0,,0.0,normalDay
2018-12-20,130.0,-217.0,0.0,0,247.17,0.0,1,1.83,4.0,SPY181221P00250000,250.0,0,0.0,0.0,,0.0,normalDay
2018-12-21,313.0,-930.0,183.0,100,240.7,250.0,1,1.83,0.0,SPY181221P00250000,250.0,0,0.0,0.0,,0.0,expirationDay
2018-12-24,313.0,-1579.0,0.0,100,234.34,250.0,0,0.0,0.0,,0.0,1,1.17,1.3,SPY190315C00265000,265.0,normalDay
2018-12-26,313.0,-579.0,0.0,100,246.18,250.0,0,0.0,0.0,,0.0,1,1.17,3.14,SPY190315C00265000,265.0,normalDay
2018-12-27,313.0,-473.0,0.0,100,248.07,250.0,0,0.0,0.0,,0.0,1,1.17,3.97,SPY190315C00265000,265.0,normalDay
2018-12-28,313.0,-450.0,0.0,100,247.75,250.0,0,0.0,0.0,,0.0,1,1.17,3.42,SPY190315C00265000,265.0,normalDay
2018-12-31,313.0,-224.0,0.0,100,249.92,250.0,0,0.0,0.0,,0.0,1,1.17,3.33,SPY190315C00265000,265.0,normalDay
2019-01-02,313.0,-162.0,0.0,100,250.18,250.0,0,0.0,0.0,,0.0,1,1.17,2.97,SPY190315C00265000,265.0,normalDay
2019-01-03,313.0,-643.0,0.0,100,244.21,250.0,0,0.0,0.0,,0.0,1,1.17,1.81,SPY190315C00265000,265.0,normalDay
2019-01-04,313.0,15.0,0.0,100,252.39,250.0,0,0.0,0.0,,0.0,1,1.17,3.41,SPY190315C00265000,265.0,normalDay
2019-01-07,313.0,177.0,0.0,100,254.38,250.0,0,0.0,0.0,,0.0,1,1.17,3.78,SPY190315C00265000,265.0,normalDay
2019-01-08,313.0,355.0,0.0,100,256.77,250.0,0,0.0,0.0,,0.0,1,1.17,4.39,SPY190315C00265000,265.0,normalDay
2019-01-09,313.0,449.0,0.0,100,257.97,250.0,0,0.0,0.0,,0.0,1,1.17,4.65,SPY190315C00265000,265.0,normalDay
2019-01-10,313.0,513.0,0.0,100,258.88,250.0,0,0.0,0.0,,0.0,1,1.17,4.92,SPY190315C00265000,265.0,normalDay
2019-01-11,313.0,569.0,0.0,100,258.98,250.0,0,0.0,0.0,,0.0,1,1.17,4.46,SPY190315C00265000,265.0,normalDay
2019-01-14,313.0,499.0,0.0,100,257.4,250.0,0,0.0,0.0,,0.0,1,1.17,3.58,SPY190315C00265000,265.0,normalDay
2019-01-15,313.0,708.0,0.0,100,260.35,250.0,0,0.0,0.0,,0.0,1,1.17,4.44,SPY190315C00265000,265.0,normalDay
2019-01-16,313.0,739.0,0.0,100,260.98,250.0,0,0.0,0.0,,0.0,1,1.17,4.76,SPY190315C00265000,265.0,normalDay
2019-01-17,313.0,842.0,0.0,100,262.96,250.0,0,0.0,0.0,,0.0,1,1.17,5.71,SPY190315C00265000,265.0,normalDay
2019-01-18,313.0,992.0,0.0,100,266.46,250.0,0,0.0,0.0,,0.0,1,1.17,7.71,SPY190315C00265000,265.0,normalDay
2019-01-22,313.0,791.0,0.0,100,262.86,250.0,0,0.0,0.0,,0.0,1,1.17,6.12,SPY190315C00265000,265.0,normalDay
2019-01-23,313.0,849.0,0.0,100,263.41,250.0,0,0.0,0.0,,0.0,1,1.17,6.09,SPY190315C00265000,265.0,normalDay
2019-01-24,313.0,924.0,0.0,100,263.55,250.0,0,0.0,0.0,,0.0,1,1.17,5.48,SPY190315C00265000,265.0,normalDay
2019-01-25,313.0,1000.0,0.0,100,265.78,250.0,0,0.0,0.0,,0.0,1,1.17,6.95,SPY190315C00265000,265.0,normalDay
2019-01-28,313.0,907.0,0.0,100,263.76,250.0,0,0.0,0.0,,0.0,1,1.17,5.86,SPY190315C00265000,265.0,normalDay
2019-01-29,313.0,902.0,0.0,100,263.41,250.0,0,0.0,0.0,,0.0,1,1.17,5.56,SPY190315C00265000,265.0,normalDay
2019-01-30,313.0,1109.0,0.0,100,267.58,250.0,0,0.0,0.0,,0.0,1,1.17,7.66,SPY190315C00265000,265.0,normalDay
2019-01-31,313.0,1184.0,0.0,100,269.93,250.0,0,0.0,0.0,,0.0,1,1.17,9.26,SPY190315C00265000,265.0,normalDay
2019-02-01,313.0,1233.0,0.0,100,270.06,250.0,0,0.0,0.0,,0.0,1,1.17,8.9,SPY190315C00265000,265.0,normalDay
2019-02-04,313.0,1324.0,0.0,100,271.96,250.0,0,0.0,0.0,,0.0,1,1.17,9.89,SPY190315C00265000,265.0,normalDay
2019-02-05,313.0,1354.0,0.0,100,273.1,250.0,0,0.0,0.0,,0.0,1,1.17,10.73,SPY190315C00265000,265.0,normalDay
2019-02-06,313.0,1355.0,0.0,100,272.74,250.0,0,0.0,0.0,,0.0,1,1.17,10.36,SPY190315C00265000,265.0,normalDay
2019-02-07,313.0,1264.0,0.0,100,270.14,250.0,0,0.0,0.0,,0.0,1,1.17,8.67,SPY190315C00265000,265.0,normalDay
2019-02-08,313.0,1306.0,0.0,100,270.47,250.0,0,0.0,0.0,,0.0,1,1.17,8.58,SPY190315C00265000,265.0,normalDay
2019-02-11,313.0,1322.0,0.0,100,270.62,250.0,0,0.0,0.0,,0.0,1,1.17,8.57,SPY190315C00265000,265.0,normalDay
2019-02-12,313.0,1396.0,0.0,100,274.1,250.0,0,0.0,0.0,,0.0,1,1.17,11.31,SPY190315C00265000,265.0,normalDay
2019-02-13,313.0,1432.0,0.0,100,274.99,250.0,0,0.0,0.0,,0.0,1,1.17,11.84,SPY190315C00265000,265.0,normalDay
2019-02-14,313.0,1423.0,0.0,100,274.38,250.0,0,0.0,0.0,,0.0,1,1.17,11.32,SPY190315C00265000,265.0,normalDay
2019-02-15,313.0,1471.0,0.0,100,277.37,250.0,0,0.0,0.0,,0.0,1,1.17,13.83,SPY190315C00265000,265.0,normalDay
2019-02-19,313.0,1522.0,0.0,100,277.85,250.0,0,0.0,0.0,,0.0,1,1.17,13.8,SPY190315C00265000,265.0,normalDay
2019-02-20,313.0,1511.0,0.0,100,278.41,250.0,0,0.0,0.0,,0.0,1,1.17,14.47,SPY190315C00265000,265.0,normalDay
2019-02-21,313.0,1502.0,0.0,100,277.42,250.0,0,0.0,0.0,,0.0,1,1.17,13.57,SPY190315C00265000,265.0,normalDay
2019-02-22,313.0,1532.0,0.0,100,279.14,250.0,0,0.0,0.0,,0.0,1,1.17,14.99,SPY190315C00265000,265.0,normalDay
2019-02-25,313.0,1523.0,0.0,100,279.52,250.0,0,0.0,0.0,,0.0,1,1.17,15.46,SPY190315C00265000,265.0,normalDay
2019-02-26,313.0,1539.0,0.0,100,279.32,250.0,0,0.0,0.0,,0.0,1,1.17,15.1,SPY190315C00265000,265.0,normalDay
2019-02-27,313.0,1523.0,0.0,100,279.2,250.0,0,0.0,0.0,,0.0,1,1.17,15.14,SPY190315C00265000,265.0,normalDay
2019-02-28,313.0,1542.0,0.0,100,278.68,250.0,0,0.0,0.0,,0.0,1,1.17,14.43,SPY190315C00265000,265.0,normalDay
2019-03-01,313.0,1553.0,0.0,100,280.42,250.0,0,0.0,0.0,,0.0,1,1.17,16.06,SPY190315C00265000,265.0,normalDay
2019-03-04,313.0,1571.0,0.0,100,279.4,250.0,0,0.0,0.0,,0.0,1,1.17,14.86,SPY190315C00265000,265.0,normalDay
2019-03-05,313.0,1571.0,0.0,100,279.02,250.0,0,0.0,0.0,,0.0,1,1.17,14.48,SPY190315C00265000,265.0,normalDay
2019-03-06,313.0,1560.0,0.0,100,277.33,250.0,0,0.0,0.0,,0.0,1,1.17,12.9,SPY190315C00265000,265.0,normalDay
2019-03-07,313.0,1536.0,0.0,100,275.01,250.0,0,0.0,0.0,,0.0,1,1.17,10.82,SPY190315C00265000,265.0,normalDay
2019-03-08,313.0,1549.0,0.0,100,274.46,250.0,0,0.0,0.0,,0.0,1,1.17,10.14,SPY190315C00265000,265.0,normalDay
2019-03-11,313.0,1607.0,0.0,100,278.44,250.0,0,0.0,0.0,,0.0,1,1.17,13.54,SPY190315C00265000,265.0,normalDay
2019-03-12,313.0,1616.0,0.0,100,279.49,250.0,0,0.0,0.0,,0.0,1,1.17,14.5,SPY190315C00265000,265.0,normalDay
2019-03-13,313.0,1582.0,0.0,100,281.34,250.0,0,0.0,0.0,,0.0,1,1.17,16.69,SPY190315C00265000,265.0,normalDay
2019-03-14,313.0,1616.0,0.0,100,281.16,250.0,0,0.0,0.0,,0.0,1,1.17,16.17,SPY190315C00265000,265.0,normalDay
2019-03-15,1930.0,1616.0,1617.0,0,281.31,0.0,0,0.0,0.0,,0.0,1,1.17,0.0,SPY190315C00265000,265.0,expirationDay
2019-03-18,1930.0,0.0,0.0,0,282.33,0.0,0,0.0,0.0,,0.0,0,0.0,0.0,,0.0,bidTooLow
2019-03-19,1930.0,-3.0,0.0,0,282.4,0.0,1,0.05,0.08,SPY190322P00273500,273.5,0,0.0,0.0,,0.0,normalDay
2019-03-20,1930.0,0.0,0.0,0,281.55,0.0,1,0.05,0.05,SPY190322P00273500,273.5,0,0.0,0.0,,0.0,normalDay
2019-03-21,1930.0,3.0,0.0,0,284.73,0.0,1,0.05,0.02,SPY190322P00273500,273.5,0,0.0,0.0,,0.0,normalDay
2019-03-22,1935.0,0.0,5.0,0,279.25,0.0,1,0.05,0.0,SPY190322P00273500,273.5,0,0.0,0.0,,0.0,expirationDay
2019-03-25,1935.0,-3.0,0.0,0,279.04,0.0,1,0.08,0.11,SPY190327P00273000,273.0,0,0.0,0.0,,0.0,normalDay
2019-03-26,1935.0,6.0,0.0,0,281.12,0.0,1,0.08,0.02,SPY190327P00273000,273.0,0,0.0,0.0,,0.0,normalDay
2019-03-27,1943.0,0.0,8.0,0,279.65,0.0,1,0.08,0.0,SPY190327P00273000,273.0,0,0.0,0.0,,0.0,expirationDay
2019-03-28,1943.0,0.0,0.0,0,280.71,0.0,0,0.0,0.0,,0.0,0,0.0,0.0,,0.0,bidTooLow
2019-03-29,1943.0,0.0,0.0,0,282.48,0.0,0,0.0,0.0,,0.0,0,0.0,0.0,,0.0,bidTooLow
2019-04-01,1943.0,0.0,0.0,0,285.83,0.0,0,0.0,0.0,,0.0,0,0.0,0.0,,0.0,bidTooLow
2019-04-02,1943.0,0.0,0.0,0,285.97,0.0,0,0.0,0.0,,0.0,0,0.0,0.0,,0.0,bidTooLow
2019-04-03,1943.0,0.0,0.0,0,286.42,0.0,0,0.0,0.0,,0.0,0,0.0,0.0,,0.0,bidTooLow
2019-04-04,1943.0,0.0,0.0,0,287.18,0.0,0,0.0,0.0,,0.0,0,0.0,0.0,,0.0,bidTooLow
2019-04-05,1943.0,0.0,0.0,0,288.57,0.0,0,0.0,0.0,,0.0,0,0.0,0.0,,0.0,bidTooLow
2019-04-08,1943.0,0.0,0.0,0,288.79,0.0,0,0.0,0.0,,0.0,0,0.0,0.0,,0.0,bidTooLow
2019-04-09,1943.0,0.0,0.0,0,287.31,0.0,0,0.0,0.0,,0.0,0,0.0,0.0,,0.0,bidTooLow
2019-04-10,1943.0,0.0,0.0,0,288.29,0.0,0,0.0,0.0,,0.0,0,0.0,0.0,,0.0,bidTooLow
2019-04-11,1943.0,0.0,0.0,0,288.21,0.0,0,0.0,0.0,,0.0,0,0.0,0.0,,0.0,bidTooLow
2019-04-12,1943.0,0.0,0.0,0,290.16,0.0,0,0.0,0.0,,0.0,0,0.0,0.0,,0.0,bidTooLow
2019-04-15,1943.0,0.0,0.0,0,289.97,0.0,0,0.0,0.0,,0.0,0,0.0,0.0,,0.0,bidTooLow
2019-04-16,1943.0,0.0,0.0,0,290.16,0.0,0,0.0,0.0,,0.0,0,0.0,0.0,,0.0,bidTooLow
2019-04-17,1943.0,0.0,0.0,0,289.45,0.0,0,0.0,0.0,,0.0,0,0.0,0.0,,0.0,bidTooLow
2019-04-18,1943.0,0.0,0.0,0,290.02,0.0,0,0.0,0.0,,0.0,0,0.0,0.0,,0.0,bidTooLow
2019-04-22,1943.0,0.0,0.0,0,290.27,0.0,0,0.0,0.0,,0.0,0,0.0,0.0,,0.0,bidTooLow
2019-04-23,1943.0,0.0,0.0,0,292.88,0.0,0,0.0,0.0,,0.0,0,0.0,0.0,,0.0,bidTooLow
2019-04-24,1943.0,0.0,0.0,0,292.23,0.0,0,0.0,0.0,,0.0,0,0.0,0.0,,0.0,bidTooLow
2019-04-25,1943.0,0.0,0.0,0,292.05,0.0,0,0.0,0.0,,0.0,0,0.0,0.0,,0.0,bidTooLow
2019-04-26,1943.0,0.0,0.0,0,293.41,0.0,0,0.0,0.0,,0.0,0,0.0,0.0,,0.0,bidTooLow
2019-04-29,1943.0,0.0,0.0,0,293.87,0.0,0,0.0,0.0,,0.0,0,0.0,0.0,,0.0,bidTooLow
2019-04-30,1943.0,-3.0,0.0,0,294.02,0.0,1,0.04,0.07,SPY190503P00283500,283.5,0,0.0,0.0,,0.0,normalDay
2019-05-01,1943.0,-9.0,0.0,0,291.81,0.0,1,0.04,0.13,SPY190503P00283500,283.5,0,0.0,0.0,,0.0,normalDay
2019-05-02,1943.0,0.0,0.0,0,291.18,0.0,1,0.04,0.04,SPY190503P00283500,283.5,0,0.0,0.0,,0.0,normalDay
2019-05-03,1947.0,0.0,4.0,0,294.03,0.0,1,0.04,0.0,SPY190503P00283500,283.5,0,0.0,0.0,,0.0,expirationDay
2019-05-06,1947.0,-3.0,0.0,0,292.82,0.0,1,0.08,0.11,SPY190508P00285500,285.5,0,0.0,0.0,,0.0,normalDay
2019-05-07,1947.0,-50.0,0.0,0,287.93,0.0,1,0.08,0.58,SPY190508P00285500,285.5,0,0.0,0.0,,0.0,normalDay
2019-05-08,1955.0,0.0,8.0,0,287.53,0.0,1,0.08,0.0,SPY190508P00285500,285.5,0,0.0,0.0,,0.0,expirationDay
2019-05-09,1955.0,-4.0,0.0,0,286.66,0.0,1,1.31,1.35,SPY190510P00285000,285.0,0,0.0,0.0,,0.0,normalDay
2019-05-10,2086.0,0.0,131.0,0,288.1,0.0,1,1.31,0.0,SPY190510P00285000,285.0,0,0.0,0.0,,0.0,expirationDay
2019-05-13,2086.0,-6.0,0.0,0,280.86,0.0,1,2.69,2.75,SPY190515P00282000,282.0,0,0.0,0.0,,0.0,normalDay
2019-05-14,2086.0,201.0,0.0,0,283.4,0.0,1,2.69,0.68,SPY190515P00282000,282.0,0,0.0,0.0,,0.0,normalDay
2019-05-15,2355.0,0.0,269.0,0,285.06,0.0,1,2.69,0.0,SPY190515P00282000,282.0,0,0.0,0.0,,0.0,expirationDay
2019-05-16,2355.0,-3.0,0.0,0,287.7,0.0,1,0.01,0.04,SPY190517P00280000,280.0,0,0.0,0.0,,0.0,normalDay
2019-05-17,2356.0,0.0,1.0,0,285.84,0.0,1,0.01,0.0,SPY190517P00280000,280.0,0,0.0,0.0,,0.0,expirationDay
2019-05-20,2356.0,-3.0,0.0,0,283.95,0.0,1,0.12,0.15,SPY190522P00278000,278.0,0,0.0,0.0,,0.0,normalDay
2019-05-21,2356.0,10.0,0.0,0,286.51,0.0,1,0.12,0.02,SPY190522P00278000,278.0,0,0.0,0.0,,0.0,normalDay
2019-05-22,2368.0,0.0,12.0,0,285.63,0.0,1,0.12,0.0,SPY190522P00278000,278.0,0,0.0,0.0,,0.0,expirationDay
2019-05-23,2368.0,-3.0,0.0,0,282.14,0.0,1,0.11,0.14,SPY190524P00277000,277.0,0,0.0,0.0,,0.0,normalDay
2019-05-24,2379.0,0.0,11.0,0,282.78,0.0,1,0.11,0.0,SPY190524P00277000,277.0,0,0.0,0.0,,0.0,expirationDay
2019-05-28,2379.0,-3.0,0.0,0,280.15,0.0,1,0.63,0.66,SPY190531P00276000,276.0,0,0.0,0.0,,0.0,normalDay
2019-05-29,2379.0,-19.0,0.0,0,278.27,0.0,1,0.63,0.82,SPY190531P00276000,276.0,0,0.0,0.0,,0.0,normalDay
2019-05-30,2379.0,37.0,0.0,0,279.03,0.0,1,0.63,0.26,SPY190531P00276000,276.0,0,0.0,0.0,,0.0,normalDay
2019-05-31,2442.0,-73.0,63.0,100,275.27,276.0,1,0.63,0.0,SPY190531P00276000,276.0,0,0.0,0.0,,0.0,expirationDay
2019-06-03,2442.0,-150.0,0.0,100,274.57,276.0,0,0.0,0.0,,0.0,1,3.27,3.34,SPY190816C00285000,285.0,normalDay
2019-06-04,2442.0,255.0,0.0,100,280.53,276.0,0,0.0,0.0,,0.0,1,3.27,5.25,SPY190816C00285000,285.0,normalDay
2019-06-05,2442.0,400.0,0.0,100,282.96,276.0,0,0.0,0.0,,0.0,1,3.27,6.23,SPY190816C00285000,285.0,normalDay
2019-06-06,2442.0,504.0,0.0,100,284.8,276.0,0,0.0,0.0,,0.0,1,3.27,7.03,SPY190816C00285000,285.0,normalDay
2019-06-07,2442.0,617.0,0.0,100,287.65,276.0,0,0.0,0.0,,0.0,1,3.27,8.75,SPY190816C00285000,285.0,normalDay
2019-06-10,2442.0,678.0,0.0,100,288.97,276.0,0,0.0,0.0,,0.0,1,3.27,9.46,SPY190816C00285000,285.0,normalDay
2019-06-11,2442.0,678.0,0.0,100,288.9,276.0,0,0.0,0.0,,0.0,1,3.27,9.39,SPY190816C00285000,285.0,normalDay
2019-06-12,2442.0,662.0,0.0,100,288.39,276.0,0,0.0,0.0,,0.0,1,3.27,9.04,SPY190816C00285000,285.0,normalDay
2019-06-13,2442.0,705.0,0.0,100,289.58,276.0,0,0.0,0.0,,0.0,1,3.27,9.8,SPY190816C00285000,285.0,normalDay
2019-06-14,2442.0,701.0,0.0,100,289.26,276.0,0,0.0,0.0,,0.0,1,3.27,9.52,SPY190816C00285000,285.0,normalDay
2019-06-17,2442.0,729.0,0.0,100,289.37,276.0,0,0.0,0.0,,0.0,1,3.27,9.35,SPY190816C00285000,285.0,normalDay
2019-06-18,2442.0,830.0,0.0,100,292.4,276.0,0,0.0,0.0,,0.0,1,3.27,11.37,SPY190816C00285000,285.0,normalDay
2019-06-19,2442.0,865.0,0.0,100,293.06,276.0,0,0.0,0.0,,0.0,1,3.27,11.68,SPY190816C00285000,285.0,normalDay
2019-06-20,2442.0,941.0,0.0,100,295.86,276.0,0,0.0,0.0,,0.0,1,3.27,13.72,SPY190816C00285000,285.0,normalDay
2019-06-21,2442.0,774.0,0.0,100,294.0,276.0,0,0.0,0.0,,0.0,1,3.27,13.53,SPY190816C00285000,285.0,normalDay
2019-06-24,2442.0,786.0,0.0,100,293.64,276.0,0,0.0,0.0,,0.0,1,3.27,13.05,SPY190816C00285000,285.0,normalDay
2019-06-25,2442.0,698.0,0.0,100,290.76,276.0,0,0.0,0.0,,0.0,1,3.27,11.05,SPY190816C00285000,285.0,normalDay
2019-06-26,2442.0,719.0,0.0,100,290.47,276.0,0,0.0,0.0,,0.0,1,3.27,10.55,SPY190816C00285000,285.0,normalDay
2019-06-27,2442.0,736.0,0.0,100,291.5,276.0,0,0.0,0.0,,0.0,1,3.27,11.41,SPY190816C00285000,285.0,normalDay
2019-06-28,2442.0,760.0,0.0,100,293.0,276.0,0,0.0,0.0,,0.0,1,3.27,12.67,SPY190816C00285000,285.0,normalDay
2019-07-01,2442.0,921.0,0.0,100,295.66,276.0,0,0.0,0.0,,0.0,1,3.27,13.72,SPY190816C00285000,285.0,normalDay
2019-07-02,2442.0,950.0,0.0,100,296.43,276.0,0,0.0,0.0,,0.0,1,3.27,14.2,SPY190816C00285000,285.0,normalDay
2019-07-03,2442.0,990.0,0.0,100,298.8,276.0,0,0.0,0.0,,0.0,1,3.27,16.17,SPY190816C00285000,285.0,normalDay
2019-07-05,2442.0,1036.0,0.0,100,298.46,276.0,0,0.0,0.0,,0.0,1,3.27,15.37,SPY190816C00285000,285.0,normalDay
2019-07-08,2442.0,972.0,0.0,100,296.82,276.0,0,0.0,0.0,,0.0,1,3.27,14.37,SPY190816C00285000,285.0,normalDay
2019-07-09,2442.0,994.0,0.0,100,297.19,276.0,0,0.0,0.0,,0.0,1,3.27,14.52,SPY190816C00285000,285.0,normalDay
2019-07-10,2442.0,1021.0,0.0,100,298.61,276.0,0,0.0,0.0,,0.0,1,3.27,15.67,SPY190816C00285000,285.0,normalDay
2019-07-11,2442.0,1037.0,0.0,100,299.31,276.0,0,0.0,0.0,,0.0,1,3.27,16.21,SPY190816C00285000,285.0,normalDay
2019-07-12,2442.0,1073.0,0.0,100,300.65,276.0,0,0.0,0.0,,0.0,1,3.27,17.19,SPY190816C00285000,285.0,normalDay
2019-07-15,2442.0,1079.0,0.0,100,300.75,276.0,0,0.0,0.0,,0.0,1,3.27,17.23,SPY190816C00285000,285.0,normalDay
2019-07-16,2442.0,1061.0,0.0,100,299.78,276.0,0,0.0,0.0,,0.0,1,3.27,16.44,SPY190816C00285000,285.0,normalDay
2019-07-17,2442.0,1039.0,0.0,100,297.74,276.0,0,0.0,0.0,,0.0,1,3.27,14.62,SPY190816C00285000,285.0,normalDay
2019-07-18,2442.0,1061.0,0.0,100,298.83,276.0,0,0.0,0.0,,0.0,1,3.27,15.49,SPY190816C00285000,285.0,normalDay
2019-07-19,2442.0,1051.0,0.0,100,297.17,276.0,0,0.0,0.0,,0.0,1,3.27,13.93,SPY190816C00285000,285.0,normalDay
2019-07-22,2442.0,1092.0,0.0,100,297.9,276.0,0,0.0,0.0,,0.0,1,3.27,14.25,SPY190816C00285000,285.0,normalDay
2019-07-23,2442.0,1132.0,0.0,100,300.03,276.0,0,0.0,0.0,,0.0,1,3.27,15.98,SPY190816C00285000,285.0,normalDay
2019-07-24,2442.0,1147.0,0.0,100,301.44,276.0,0,0.0,0.0,,0.0,1,3.27,17.24,SPY190816C00285000,285.0,normalDay
2019-07-25,2442.0,1137.0,0.0,100,300.0,276.0,0,0.0,0.0,,0.0,1,3.27,15.9,SPY190816C00285000,285.0,normalDay
2019-07-26,2442.0,1164.0,0.0,100,302.01,276.0,0,0.0,0.0,,0.0,1,3.27,17.64,SPY190816C00285000,285.0,normalDay
2019-07-29,2442.0,1138.0,0.0,100,301.46,276.0,0,0.0,0.0,,0.0,1,3.27,17.35,SPY190816C00285000,285.0,normalDay
2019-07-30,2442.0,1153.0,0.0,100,300.72,276.0,0,0.0,0.0,,0.0,1,3.27,16.46,SPY190816C00285000,285.0,normalDay
2019-07-31,2442.0,1114.0,0.0,100,297.43,276.0,0,0.0,0.0,,0.0,1,3.27,13.56,SPY190816C00285000,285.0,normalDay
2019-08-01,2442.0,1038.0,0.0,100,294.84,276.0,0,0.0,0.0,,0.0,1,3.27,11.73,SPY190816C00285000,285.0,normalDay
2019-08-02,2442.0,1022.0,0.0,100,292.62,276.0,0,0.0,0.0,,0.0,1,3.27,9.67,SPY190816C00285000,285.0,normalDay
2019-08-05,2442.0,678.0,0.0,100,283.82,276.0,0,0.0,0.0,,0.0,1,3.27,4.31,SPY190816C00285000,285.0,normalDay
2019-08-06,2442.0,925.0,0.0,100,287.8,276.0,0,0.0,0.0,,0.0,1,3.27,5.82,SPY190816C00285000,285.0,normalDay
2019-08-07,2442.0,955.0,0.0,100,287.97,276.0,0,0.0,0.0,,0.0,1,3.27,5.69,SPY190816C00285000,285.0,normalDay
2019-08-08,2442.0,1134.0,0.0,100,293.62,276.0,0,0.0,0.0,,0.0,1,3.27,9.55,SPY190816C00285000,285.0,normalDay
2019-08-09,2442.0,1097.0,0.0,100,291.62,276.0,0,0.0,0.0,,0.0,1,3.27,7.92,SPY190816C00285000,285.0,normalDay
2019-08-12,2442.0,1058.0,0.0,100,288.07,276.0,0,0.0,0.0,,0.0,1,3.27,4.76,SPY190816C00285000,285.0,normalDay
2019-08-13,2442.0,1180.0,0.0,100,292.55,276.0,0,0.0,0.0,,0.0,1,3.27,8.02,SPY190816C00285000,285.0,normalDay
2019-08-14,2442.0,908.0,0.0,100,283.9,276.0,0,0.0,0.0,,0.0,1,3.27,2.09,SPY190816C00285000,285.0,normalDay
2019-08-15,2442.0,1045.0,0.0,100,284.65,276.0,0,0.0,0.0,,0.0,1,3.27,1.47,SPY190816C00285000,285.0,normalDay
2019-08-16,3669.0,1045.0,1227.0,0,288.85,0.0,0,0.0,0.0,,0.0,1,3.27,0.0,SPY190816C00285000,285.0,expirationDay
2019-08-19,3669.0,0.0,0.0,0,292.33,0.0,0,0.0,0.0,,0.0,0,0.0,0.0,,0.0,bidTooLow
2019-08-20,3669.0,-3.0,0.0,0,290.09,0.0,1,0.04,0.07,SPY190823P00276000,276.0,0,0.0,0.0,,0.0,normalDay
2019-08-21,3669.0,2.0,0.0,0,292.45,0.0,1,0.04,0.02,SPY190823P00276000,276.0,0,0.0,0.0,,0.0,normalDay
2019-08-22,3669.0,3.0,0.0,0,292.36,0.0,1,0.04,0.01,SPY190823P00276000,276.0,0,0.0,0.0,,0.0,normalDay
2019-08-23,3673.0,0.0,4.0,0,284.85,0.0,1,0.04,0.0,SPY190823P00276000,276.0,0,0.0,0.0,,0.0,expirationDay
2019-08-26,3673.0,-3.0,0.0,0,288.0,0.0,1,0.05,0.08,SPY190828P00278000,278.0,0,0.0,0.0,,0.0,normalDay
2019-08-27,3673.0,1.0,0.0,0,286.87,0.0,1,0.05,0.04,SPY190828P00278000,278.0,0,0.0,0.0,,0.0,normalDay
2019-08-28,3678.0,0.0,5.0,0,288.89,0.0,1,0.05,0.0,SPY190828P00278000,278.0,0,0.0,0.0,,0.0,expirationDay
2019-08-29,3678.0,0.0,0.0,0,292.58,0.0,0,0.0,0.0,,0.0,0,0.0,0.0,,0.0,bidTooLow
2019-08-30,3678.0,0.0,0.0,0,292.45,0.0,0,0.0,0.0,,0.0,0,0.0,0.0,,0.0,bidTooLow
2019-09-03,3678.0,-3.0,0.0,0,290.74,0.0,1,0.21,0.24,SPY190906P00281000,281.0,0,0.0,0.0,,0.0,normalDay
2019-09-04,3678.0,18.0,0.0,0,294.04,0.0,1,0.21,0.03,SPY190906P00281000,281.0,0,0.0,0.0,,0.0,normalDay
2019-09-05,3678.0,19.0,0.0,0,297.82,0.0,1,0.21,0.02,SPY190906P00281000,281.0,0,0.0,0.0,,0.0,normalDay
2019-09-06,3699.0,0.0,21.0,0,298.05,0.0,1,0.21,0.0,SPY190906P00281000,281.0,0,0.0,0.0,,0.0,expirationDay
2019-09-09,3699.0,0.0,0.0,0,298.2,0.0,0,0.0,0.0,,0.0,0,0.0,0.0,,0.0,bidTooLow
2019-09-10,3699.0,0.0,0.0,0,298.13,0.0,0,0.0,0.0,,0.0,0,0.0,0.0,,0.0,bidTooLow
2019-09-11,3699.0,0.0,0.0,0,300.25,0.0,0,0.0,0.0,,0.0,0,0.0,0.0,,0.0,bidTooLow
2019-09-12,3699.0,0.0,0.0,0,301.29,0.0,0,0.0,0.0,,0.0,0,0.0,0.0,,0.0,bidTooLow
2019-09-13,3699.0,0.0,0.0,0,301.09,0.0,0,0.0,0.0,,0.0,0,0.0,0.0,,0.0,bidTooLow
2019-09-16,3699.0,0.0,0.0,0,300.16,0.0,0,0.0,0.0,,0.0,0,0.0,0.0,,0.0,bidTooLow
2019-09-17,3699.0,-3.0,0.0,0,300.92,0.0,1,0.04,0.07,SPY190920P00280500,280.5,0,0.0,0.0,,0.0,normalDay
2019-09-18,3699.0,-1.0,0.0,0,301.1,0.0,1,0.04,0.05,SPY190920P00280500,280.5,0,0.0,0.0,,0.0,normalDay
2019-09-19,3699.0,1.0,0.0,0,301.08,0.0,1,0.04,0.03,SPY190920P00280500,280.5,0,0.0,0.0,,0.0,normalDay
2019-09-20,3703.0,0.0,4.0,0,298.28,0.0,1,0.04,0.0,SPY190920P00280500,280.5,0,0.0,0.0,,0.0,expirationDay
2019-09-23,3703.0,0.0,0.0,0,298.21,0.0,0,0.0,0.0,,0.0,0,0.0,0.0,,0.0,bidTooLow
2019-09-24,3703.0,-3.0,0.0,0,295.87,0.0,1,0.12,0.15,SPY190927P00285000,285.0,0,0.0,0.0,,0.0,normalDay
2019-09-25,3703.0,7.0,0.0,0,297.62,0.0,1,0.12,0.05,SPY190927P00285000,285.0,0,0.0,0.0,,0.0,normalDay
2019-09-26,3703.0,11.0,0.0,0,297.0,0.0,1,0.12,0.01,SPY190927P00285000,285.0,0,0.0,0.0,,0.0,normalDay
2019-09-27,3715.0,0.0,12.0,0,295.4,0.0,1,0.12,0.0,SPY190927P00285000,285.0,0,0.0,0.0,,0.0,expirationDay
2019-09-30,3715.0,-3.0,0.0,0,296.77,0.0,1,0.09,0.12,SPY191002P00291000,291.0,0,0.0,0.0,,0.0,normalDay
2019-10-01,3715.0,-30.0,0.0,0,293.24,0.0,1,0.09,0.39,SPY191002P00291000,291.0,0,0.0,0.0,,0.0,normalDay
2019-10-02,3724.0,-294.0,9.0,100,288.06,291.0,1,0.09,0.0,SPY191002P00291000,291.0,0,0.0,0.0,,0.0,expirationDay
2019-10-03,3724.0,-63.0,0.0,100,290.42,291.0,0,0.0,0.0,,0.0,1,5.51,5.56,SPY191220C00298000,298.0,normalDay
2019-10-04,3724.0,197.0,0.0,100,294.35,291.0,0,0.0,0.0,,0.0,1,5.51,6.89,SPY191220C00298000,298.0,normalDay
2019-10-07,3724.0,149.0,0.0,100,293.08,291.0,0,0.0,0.0,,0.0,1,5.51,6.1,SPY191220C00298000,298.0,normalDay
2019-10-08,3724.0,-146.0,0.0,100,288.53,291.0,0,0.0,0.0,,0.0,1,5.51,4.5,SPY191220C00298000,298.0,normalDay
2019-10-09,3724.0,53.0,0.0,100,291.27,291.0,0,0.0,0.0,,0.0,1,5.51,5.25,SPY191220C00298000,298.0,normalDay
2019-10-10,3724.0,164.0,0.0,100,293.24,291.0,0,0.0,0.0,,0.0,1,5.51,6.11,SPY191220C00298000,298.0,normalDay
2019-10-11,3724.0,359.0,0.0,100,296.28,291.0,0,0.0,0.0,,0.0,1,5.51,7.2,SPY191220C00298000,298.0,normalDay
2019-10-14,3724.0,399.0,0.0,100,295.95,291.0,0,0.0,0.0,,0.0,1,5.51,6.47,SPY191220C00298000,298.0,normalDay
2019-10-15,3724.0,546.0,0.0,100,298.88,291.0,0,0.0,0.0,,0.0,1,5.51,7.93,SPY191220C00298000,298.0,normalDay
2019-10-16,3724.0,538.0,0.0,100,298.4,291.0,0,0.0,0.0,,0.0,1,5.51,7.53,SPY191220C00298000,298.0,normalDay
2019-10-17,3724.0,590.0,0.0,100,299.28,291.0,0,0.0,0.0,,0.0,1,5.51,7.89,SPY191220C00298000,298.0,normalDay
2019-10-18,3724.0,524.0,0.0,100,297.97,291.0,0,0.0,0.0,,0.0,1,5.51,7.24,SPY191220C00298000,298.0,normalDay
2019-10-21,3724.0,643.0,0.0,100,299.99,291.0,0,0.0,0.0,,0.0,1,5.51,8.07,SPY191220C00298000,298.0,normalDay
2019-10-22,3724.0,613.0,0.0,100,299.01,291.0,0,0.0,0.0,,0.0,1,5.51,7.39,SPY191220C00298000,298.0,normalDay
2019-10-23,3724.0,647.0,0.0,100,299.88,291.0,0,0.0,0.0,,0.0,1,5.51,7.92,SPY191220C00298000,298.0,normalDay
2019-10-24,3724.0,700.0,0.0,100,300.37,291.0,0,0.0,0.0,,0.0,1,5.51,7.88,SPY191220C00298000,298.0,normalDay
2019-10-25,3724.0,765.0,0.0,100,301.6,291.0,0,0.0,0.0,,0.0,1,5.51,8.46,SPY191220C00298000,298.0,normalDay
2019-10-28,3724.0,819.0,0.0,100,303.3,291.0,0,0.0,0.0,,0.0,1,5.51,9.62,SPY191220C00298000,298.0,normalDay
2019-10-29,3724.0,817.0,0.0,100,303.21,291.0,0,0.0,0.0,,0.0,1,5.51,9.55,SPY191220C00298000,298.0,normalDay
2019-10-30,3724.0,837.0,0.0,100,304.14,291.0,0,0.0,0.0,,0.0,1,5.51,10.28,SPY191220C00298000,298.0,normalDay
2019-10-31,3724.0,836.0,0.0,100,303.33,291.0,0,0.0,0.0,,0.0,1,5.51,9.48,SPY191220C00298000,298.0,normalDay
2019-11-01,3724.0,924.0,0.0,100,306.14,291.0,0,0.0,0.0,,0.0,1,5.51,11.41,SPY191220C00298000,298.0,normalDay
2019-11-04,3724.0,958.0,0.0,100,307.37,291.0,0,0.0,0.0,,0.0,1,5.51,12.3,SPY191220C00298000,298.0,normalDay
2019-11-05,3724.0,945.0,0.0,100,307.03,291.0,0,0.0,0.0,,0.0,1,5.51,12.09,SPY191220C00298000,298.0,normalDay
2019-11-06,3724.0,940.0,0.0,100,307.1,291.0,0,0.0,0.0,,0.0,1,5.51,12.21,SPY191220C00298000,298.0,normalDay
2019-11-07,3724.0,975.0,0.0,100,308.18,291.0,0,0.0,0.0,,0.0,1,5.51,12.94,SPY191220C00298000,298.0,normalDay
2019-11-08,3724.0,1003.0,0.0,100,308.94,291.0,0,0.0,0.0,,0.0,1,5.51,13.42,SPY191220C00298000,298.0,normalDay
2019-11-11,3724.0,992.0,0.0,100,308.35,291.0,0,0.0,0.0,,0.0,1,5.51,12.94,SPY191220C00298000,298.0,normalDay
2019-11-12,3724.0,1041.0,0.0,100,309.0,291.0,0,0.0,0.0,,0.0,1,5.51,13.1,SPY191220C00298000,298.0,normalDay
2019-11-13,3724.0,1016.0,0.0,100,309.1,291.0,0,0.0,0.0,,0.0,1,5.51,13.45,SPY191220C00298000,298.0,normalDay
2019-11-14,3724.0,1032.0,0.0,100,309.55,291.0,0,0.0,0.0,,0.0,1,5.51,13.74,SPY191220C00298000,298.0,normalDay
2019-11-15,3724.0,1093.0,0.0,100,311.79,291.0,0,0.0,0.0,,0.0,1,5.51,15.37,SPY191220C00298000,298.0,normalDay
2019-11-18,3724.0,1094.0,0.0,100,312.02,291.0,0,0.0,0.0,,0.0,1,5.51,15.59,SPY191220C00298000,298.0,normalDay
2019-11-19,3724.0,1106.0,0.0,100,311.93,291.0,0,0.0,0.0,,0.0,1,5.51,15.38,SPY191220C00298000,298.0,normalDay
2019-11-20,3724.0,1094.0,0.0,100,310.77,291.0,0,0.0,0.0,,0.0,1,5.51,14.34,SPY191220C00298000,298.0,normalDay
2019-11-21,3724.0,1081.0,0.0,100,310.27,291.0,0,0.0,0.0,,0.0,1,5.51,13.97,SPY191220C00298000,298.0,normalDay
2019-11-22,3724.0,1101.0,0.0,100,310.96,291.0,0,0.0,0.0,,0.0,1,5.51,14.46,SPY191220C00298000,298.0,normalDay
2019-11-25,3724.0,1169.0,0.0,100,313.37,291.0,0,0.0,0.0,,0.0,1,5.51,16.19,SPY191220C00298000,298.0,normalDay
2019-11-26,3724.0,1154.0,0.0,100,314.08,291.0,0,0.0,0.0,,0.0,1,5.51,17.05,SPY191220C00298000,298.0,normalDay
2019-11-27,3724.0,1174.0,0.0,100,315.48,291.0,0,0.0,0.0,,0.0,1,5.51,18.25,SPY191220C00298000,298.0,normalDay
2019-11-29,3724.0,1140.0,0.0,100,314.31,291.0,0,0.0,0.0,,0.0,1,5.51,17.42,SPY191220C00298000,298.0,normalDay
2019-12-02,3724.0,1142.0,0.0,100,311.64,291.0,0,0.0,0.0,,0.0,1,5.51,14.73,SPY191220C00298000,298.0,normalDay
2019-12-03,3724.0,1122.0,0.0,100,309.55,291.0,0,0.0,0.0,,0.0,1,5.51,12.84,SPY191220C00298000,298.0,normalDay
2019-12-04,3724.0,1183.0,0.0,100,311.46,291.0,0,0.0,0.0,,0.0,1,5.51,14.14,SPY191220C00298000,298.0,normalDay
2019-12-05,3724.0,1171.0,0.0,100,312.02,291.0,0,0.0,0.0,,0.0,1,5.51,14.82,SPY191220C00298000,298.0,normalDay
2019-12-06,3724.0,1211.0,0.0,100,314.87,291.0,0,0.0,0.0,,0.0,1,5.51,17.27,SPY191220C00298000,298.0,normalDay
2019-12-09,3724.0,1210.0,0.0,100,313.88,291.0,0,0.0,0.0,,0.0,1,5.51,16.29,SPY191220C00298000,298.0,normalDay
2019-12-10,3724.0,1173.0,0.0,100,313.53,291.0,0,0.0,0.0,,0.0,1,5.51,16.31,SPY191220C00298000,298.0,normalDay
2019-12-11,3724.0,1186.0,0.0,100,314.42,291.0,0,0.0,0.0,,0.0,1,5.51,17.07,SPY191220C00298000,298.0,normalDay
2019-12-12,3724.0,1223.0,0.0,100,317.13,291.0,0,0.0,0.0,,0.0,1,5.51,19.41,SPY191220C00298000,298.0,normalDay
2019-12-13,3724.0,1218.0,0.0,100,317.32,291.0,0,0.0,0.0,,0.0,1,5.51,19.65,SPY191220C00298000,298.0,normalDay
2019-12-16,3724.0,1206.0,0.0,100,319.5,291.0,0,0.0,0.0,,0.0,1,5.51,21.95,SPY191220C00298000,298.0,normalDay
2019-12-17,3724.0,1233.0,0.0,100,319.57,291.0,0,0.0,0.0,,0.0,1,5.51,21.75,SPY191220C00298000,298.0,normalDay
2019-12-18,3724.0,1210.0,0.0,100,319.59,291.0,0,0.0,0.0,,0.0,1,5.51,22.0,SPY191220C00298000,298.0,normalDay
2019-12-19,3724.0,1218.0,0.0,100,320.9,291.0,0,0.0,0.0,,0.0,1,5.51,23.23,SPY191220C00298000,298.0,normalDay
2019-12-20,4975.0,1218.0,1251.0,0,320.73,0.0,0,0.0,0.0,,0.0,1,5.51,0.0,SPY191220C00298000,298.0,expirationDay
2019-12-23,4975.0,0.0,0.0,0,321.22,0.0,0,0.0,0.0,,0.0,0,0.0,0.0,,0.0,bidTooLow
2019-12-24,4975.0,0.0,0.0,0,321.23,0.0,0,0.0,0.0,,0.0,0,0.0,0.0,,0.0,bidTooLow
2019-12-26,4975.0,0.0,0.0,0,322.94,0.0,0,0.0,0.0,,0.0,0,0.0,0.0,,0.0,bidTooLow
2019-12-27,4975.0,0.0,0.0,0,322.86,0.0,0,0.0,0.0,,0.0,0,0.0,0.0,,0.0,bidTooLow
2019-12-30,4975.0,0.0,0.0,0,321.08,0.0,0,0.0,0.0,,0.0,0,0.0,0.0,,0.0,bidTooLow
2019-12-31,4975.0,-3.0,0.0,0,321.86,0.0,1,0.05,0.08,SPY200103P00306500,306.5,0,0.0,0.0,,0.0,normalDay
2020-01-02,4975.0,4.0,0.0,0,324.87,0.0,1,0.05,0.01,SPY200103P00306500,306.5,0,0.0,0.0,,0.0,normalDay
2020-01-03,4980.0,0.0,5.0,0,322.41,0.0,1,0.05,0.0,SPY200103P00306500,306.5,0,0.0,0.0,,0.0,expirationDay
2020-01-06,4980.0,0.0,0.0,0,323.64,0.0,0,0.0,0.0,,0.0,0,0.0,0.0,,0.0,bidTooLow
2020-01-07,4980.0,-3.0,0.0,0,322.73,0.0,1,0.02,0.05,SPY200110P00311000,311.0,0,0.0,0.0,,0.0,normalDay
2020-01-08,4980.0,-4.0,0.0,0,324.45,0.0,1,0.02,0.06,SPY200110P00311000,311.0,0,0.0,0.0,,0.0,normalDay
2020-01-09,4980.0,1.0,0.0,0,326.65,0.0,1,0.02,0.01,SPY200110P00311000,311.0,0,0.0,0.0,,0.0,normalDay
2020-01-10,4982.0,0.0,2.0,0,325.71,0.0,1,0.02,0.0,SPY200110P00311000,311.0,0,0.0,0.0,,0.0,expirationDay
2020-01-13,4982.0,0.0,0.0,0,327.95,0.0,0,0.0,0.0,,0.0,0,0.0,0.0,,0.0,bidTooLow
2020-01-14,4982.0,-3.0,0.0,0,327.45,0.0,1,0.02,0.05,SPY200117P00316000,316.0,0,0.0,0.0,,0.0,normalDay
2020-01-15,4982.0,-2.0,0.0,0,328.19,0.0,1,0.02,0.04,SPY200117P00316000,316.0,0,0.0,0.0,,0.0,normalDay
2020-01-16,4982.0,0.0,0.0,0,330.92,0.0,1,0.02,0.02,SPY200117P00316000,316.0,0,0.0,0.0,,0.0,normalDay
2020-01-17,4984.0,0.0,2.0,0,331.95,0.0,1,0.02,0.0,SPY200117P00316000,316.0,0,0.0,0.0,,0.0,expirationDay
2020-01-21,4984.0,0.0,0.0,0,331.3,0.0,0,0.0,0.0,,0.0,0,0.0,0.0,,0.0,bidTooLow
2020-01-22,4984.0,0.0,0.0,0,331.34,0.0,0,0.0,0.0,,0.0,0,0.0,0.0,,0.0,bidTooLow
2020-01-23,4984.0,0.0,0.0,0,331.72,0.0,0,0.0,0.0,,0.0,0,0.0,0.0,,0.0,bidTooLow
2020-01-24,4984.0,-3.0,0.0,0,328.77,0.0,1,0.02,0.05,SPY200127P00317000,317.0,0,0.0,0.0,,0.0,normalDay
2020-01-27,4986.0,0.0,2.0,0,323.5,0.0,1,0.02,0.0,SPY200127P00317000,317.0,0,0.0,0.0,,0.0,expirationDay
2020-01-28,4986.0,-3.0,0.0,0,326.89,0.0,1,0.23,0.26,SPY200131P00317000,317.0,0,0.0,0.0,,0.0,normalDay
2020-01-29,4986.0,12.0,0.0,0,326.62,0.0,1,0.23,0.11,SPY200131P00317000,317.0,0,0.0,0.0,,0.0,normalDay
2020-01-30,4986.0,20.0,0.0,0,327.68,0.0,1,0.23,0.03,SPY200131P00317000,317.0,0,0.0,0.0,,0.0,normalDay
2020-01-31,5009.0,0.0,23.0,0,321.73,0.0,1,0.23,0.0,SPY200131P00317000,317.0,0,0.0,0.0,,0.0,expirationDay
2020-02-03,5009.0,-3.0,0.0,0,324.12,0.0,1,0.68,0.71,SPY200205P00319000,319.0,0,0.0,0.0,,0.0,normalDay
2020-02-04,5009.0,66.0,0.0,0,329.06,0.0,1,0.68,0.02,SPY200205P00319000,319.0,0,0.0,0.0,,0.0,normalDay
2020-02-05,5077.0,0.0,68.0,0,332.86,0.0,1,0.68,0.0,SPY200205P00319000,319.0,0,0.0,0.0,,0.0,expirationDay
2020-02-06,5077.0,0.0,0.0,0,333.98,0.0,0,0.0,0.0,,0.0,0,0.0,0.0,,0.0,bidTooLow
2020-02-07,5077.0,0.0,0.0,0,332.2,0.0,0,0.0,0.0,,0.0,0,0.0,0.0,,0.0,bidTooLow
2020-02-10,5077.0,0.0,0.0,0,334.68,0.0,0,0.0,0.0,,0.0,0,0.0,0.0,,0.0,bidTooLow
2020-02-11,5077.0,-3.0,0.0,0,335.26,0.0,1,0.01,0.04,SPY200214P00319000,319.0,0,0.0,0.0,,0.0,normalDay
2020-02-12,5077.0,-1.0,0.0,0,337.42,0.0,1,0.01,0.02,SPY200214P00319000,319.0,0,0.0,0.0,,0.0,normalDay
2020-02-13,5077.0,0.0,0.0,0,337.06,0.0,1,0.01,0.01,SPY200214P00319000,319.0,0,0.0,0.0,,0.0,normalDay
2020-02-14,5078.0,0.0,1.0,0,337.6,0.0,1,0.01,0.0,SPY200214P00319000,319.0,0,0.0,0.0,,0.0,expirationDay
2020-02-18,5078.0,-3.0,0.0,0,336.73,0.0,1,0.01,0.04,SPY200221P00318000,318.0,0,0.0,0.0,,0.0,normalDay
2020-02-19,5078.0,-2.0,0.0,0,338.34,0.0,1,0.01,0.03,SPY200221P00318000,318.0,0,0.0,0.0,,0.0,normalDay
2020-02-20,5078.0,-1.0,0.0,0,336.95,0.0,1,0.01,0.02,SPY200221P00318000,318.0,0,0.0,0.0,,0.0,normalDay
2020-02-21,5079.0,0.0,1.0,0,333.48,0.0,1,0.01,0.0,SPY200221P00318000,318.0,0,0.0,0.0,,0.0,expirationDay
2020-02-24,5079.0,-4.0,0.0,0,322.42,0.0,1,1.51,1.55,SPY200226P00316000,316.0,0,0.0,0.0,,0.0,normalDay
2020-02-25,5079.0,-249.0,0.0,0,312.65,0.0,1,1.51,4.0,SPY200226P00316000,316.0,0,0.0,0.0,,0.0,normalDay
2020-02-26,5230.0,-450.0,151.0,100,311.5,316.0,1,1.51,0.0,SPY200226P00316000,316.0,0,0.0,0.0,,0.0,expirationDay
2020-02-27,5230.0,-1864.0,0.0,100,297.51,316.0,0,0.0,0.0,,0.0,1,1.28,1.43,SPY200515C00331000,331.0,normalDay
2020-02-28,5230.0,-1975.0,0.0,100,296.26,316.0,0,0.0,0.0,,0.0,1,1.28,1.29,SPY200515C00331000,331.0,normalDay
2020-03-02,5230.0,-823.0,0.0,100,309.09,316.0,0,0.0,0.0,,0.0,1,1.28,2.6,SPY200515C00331000,331.0,normalDay
2020-03-03,5230.0,-1618.0,0.0,100,300.24,316.0,0,0.0,0.0,,0.0,1,1.28,1.7,SPY200515C00331000,331.0,normalDay
2020-03-04,5230.0,-550.0,0.0,100,312.86,316.0,0,0.0,0.0,,0.0,1,1.28,3.64,SPY200515C00331000,331.0,normalDay
2020-03-05,5230.0,-1465.0,0.0,100,302.46,316.0,0,0.0,0.0,,0.0,1,1.28,2.39,SPY200515C00331000,331.0,normalDay
2020-03-06,5230.0,-1926.0,0.0,100,297.46,316.0,0,0.0,0.0,,0.0,1,1.28,2.0,SPY200515C00331000,331.0,normalDay
2020-03-09,5230.0,-4149.0,0.0,100,274.23,316.0,0,0.0,0.0,,0.0,1,1.28,1.0,SPY200515C00331000,331.0,normalDay
2020-03-10,5230.0,-2770.0,0.0,100,288.42,316.0,0,0.0,0.0,,0.0,1,1.28,1.4,SPY200515C00331000,331.0,normalDay
2020-03-11,5230.0,-4112.0,0.0,100,274.36,316.0,0,0.0,0.0,,0.0,1,1.28,0.76,SPY200515C00331000,331.0,normalDay
2020-03-12,5230.0,-6700.0,0.0,100,248.11,316.0,0,0.0,0.0,,0.0,1,1.28,0.39,SPY200515C00331000,331.0,normalDay
2020-03-13,5230.0,-4592.0,0.0,100,269.32,316.0,0,0.0,0.0,,0.0,1,1.28,0.52,SPY200515C00331000,331.0,normalDay
2020-03-16,5230.0,-7528.0,0.0,100,239.85,316.0,0,0.0,0.0,,0.0,1,1.28,0.41,SPY200515C00331000,331.0,normalDay
2020-03-17,5230.0,-6244.0,0.0,100,252.8,316.0,0,0.0,0.0,,0.0,1,1.28,0.52,SPY200515C00331000,331.0,normalDay
2020-03-18,5230.0,-7507.0,0.0,100,240.0,316.0,0,0.0,0.0,,0.0,1,1.28,0.35,SPY200515C00331000,331.0,normalDay
2020-03-19,5230.0,-7444.0,0.0,100,240.51,316.0,0,0.0,0.0,,0.0,1,1.28,0.23,SPY200515C00331000,331.0,normalDay
2020-03-20,5230.0,-8607.0,0.0,100,228.8,316.0,0,0.0,0.0,,0.0,1,1.28,0.15,SPY200515C00331000,331.0,normalDay
2020-03-23,5230.0,-9194.0,0.0,100,222.95,316.0,0,0.0,0.0,,0.0,1,1.28,0.17,SPY200515C00331000,331.0,normalDay
2020-03-24,5230.0,-7193.0,0.0,100,243.15,316.0,0,0.0,0.0,,0.0,1,1.28,0.36,SPY200515C00331000,331.0,normalDay
2020-03-25,5230.0,-6823.0,0.0,100,246.79,316.0,0,0.0,0.0,,0.0,1,1.28,0.3,SPY200515C00331000,331.0,normalDay
2020-03-26,5230.0,-5390.0,0.0,100,261.2,316.0,0,0.0,0.0,,0.0,1,1.28,0.38,SPY200515C00331000,331.0,normalDay
2020-03-27,5230.0,-6151.0,0.0,100,253.42,316.0,0,0.0,0.0,,0.0,1,1.28,0.21,SPY200515C00331000,331.0,normalDay
2020-03-30,5230.0,-5330.0,0.0,100,261.65,316.0,0,0.0,0.0,,0.0,1,1.28,0.23,SPY200515C00331000,331.0,normalDay
2020-03-31,5230.0,-5708.0,0.0,100,257.75,316.0,0,0.0,0.0,,0.0,1,1.28,0.11,SPY200515C00331000,331.0,normalDay
2020-04-01,5230.0,-6865.0,0.0,100,246.15,316.0,0,0.0,0.0,,0.0,1,1.28,0.08,SPY200515C00331000,331.0,normalDay
2020-04-02,5230.0,-6297.0,0.0,100,251.83,316.0,0,0.0,0.0,,0.0,1,1.28,0.08,SPY200515C00331000,331.0,normalDay
2020-04-03,5230.0,-6659.0,0.0,100,248.19,316.0,0,0.0,0.0,,0.0,1,1.28,0.06,SPY200515C00331000,331.0,normalDay
2020-04-06,5230.0,-4997.0,0.0,100,264.86,316.0,0,0.0,0.0,,0.0,1,1.28,0.11,SPY200515C00331000,331.0,normalDay
2020-04-07,5230.0,-4969.0,0.0,100,265.13,316.0,0,0.0,0.0,,0.0,1,1.28,0.1,SPY200515C00331000,331.0,normalDay
2020-04-08,5230.0,-4083.0,0.0,100,274.03,316.0,0,0.0,0.0,,0.0,1,1.28,0.14,SPY200515C00331000,331.0,normalDay
2020-04-09,5230.0,-3670.0,0.0,100,278.2,316.0,0,0.0,0.0,,0.0,1,1.28,0.18,SPY200515C00331000,331.0,normalDay
2020-04-13,5230.0,-3917.0,0.0,100,275.66,316.0,0,0.0,0.0,,0.0,1,1.28,0.11,SPY200515C00331000,331.0,normalDay
2020-04-14,5230.0,-3110.0,0.0,100,283.79,316.0,0,0.0,0.0,,0.0,1,1.28,0.17,SPY200515C00331000,331.0,normalDay
2020-04-15,5230.0,-3707.0,0.0,100,277.76,316.0,0,0.0,0.0,,0.0,1,1.28,0.11,SPY200515C00331000,331.0,normalDay
2020-04-16,5230.0,-3571.0,0.0,100,279.1,316.0,0,0.0,0.0,,0.0,1,1.28,0.09,SPY200515C00331000,331.0,normalDay
2020-04-17,5230.0,-2821.0,0.0,100,286.64,316.0,0,0.0,0.0,,0.0,1,1.28,0.13,SPY200515C00331000,331.0,normalDay
2020-04-20,5230.0,-3321.0,0.0,100,281.59,316.0,0,0.0,0.0,,0.0,1,1.28,0.08,SPY200515C00331000,331.0,normalDay
2020-04-21,5230.0,-4173.0,0.0,100,273.04,316.0,0,0.0,0.0,,0.0,1,1.28,0.05,SPY200515C00331000,331.0,normalDay
2020-04-22,5230.0,-3567.0,0.0,100,279.1,316.0,0,0.0,0.0,,0.0,1,1.28,0.05,SPY200515C00331000,331.0,normalDay
2020-04-23,5230.0,-3568.0,0.0,100,279.08,316.0,0,0.0,0.0,,0.0,1,1.28,0.04,SPY200515C00331000,331.0,normalDay
2020-04-24,5230.0,-3179.0,0.0,100,282.97,316.0,0,0.0,0.0,,0.0,1,1.28,0.04,SPY200515C00331000,331.0,normalDay
2020-04-27,5230.0,-2771.0,0.0,100,287.05,316.0,0,0.0,0.0,,0.0,1,1.28,0.04,SPY200515C00331000,331.0,normalDay
2020-04-28,5230.0,-2903.0,0.0,100,285.73,316.0,0,0.0,0.0,,0.0,1,1.28,0.04,SPY200515C00331000,331.0,normalDay
2020-04-29,5230.0,-2157.0,0.0,100,293.21,316.0,0,0.0,0.0,,0.0,1,1.28,0.06,SPY200515C00331000,331.0,normalDay
2020-04-30,5230.0,-2429.0,0.0,100,290.48,316.0,0,0.0,0.0,,0.0,1,1.28,0.05,SPY200515C00331000,331.0,normalDay
2020-05-01,5230.0,-3195.0,0.0,100,282.79,316.0,0,0.0,0.0,,0.0,1,1.28,0.02,SPY200515C00331000,331.0,normalDay
2020-05-04,5230.0,-3116.0,0.0,100,283.57,316.0,0,0.0,0.0,,0.0,1,1.28,0.01,SPY200515C00331000,331.0,normalDay
2020-05-05,5230.0,-2854.0,0.0,100,286.19,316.0,0,0.0,0.0,,0.0,1,1.28,0.01,SPY200515C00331000,331.0,normalDay
2020-05-06,5230.0,-3048.0,0.0,100,284.25,316.0,0,0.0,0.0,,0.0,1,1.28,0.01,SPY200515C00331000,331.0,normalDay
2020-05-07,5230.0,-2705.0,0.0,100,287.68,316.0,0,0.0,0.0,,0.0,1,1.28,0.01,SPY200515C00331000,331.0,normalDay
2020-05-08,5230.0,-2229.0,0.0,100,292.44,316.0,0,0.0,0.0,,0.0,1,1.28,0.01,SPY200515C00331000,331.0,normalDay
2020-05-11,5230.0,-2223.0,0.0,100,292.5,316.0,0,0.0,0.0,,0.0,1,1.28,0.01,SPY200515C00331000,331.0,normalDay
2020-05-12,5230.0,-2806.0,0.0,100,286.67,316.0,0,0.0,0.0,,0.0,1,1.28,0.01,SPY200515C00331000,331.0,normalDay
2020-05-13,5230.0,-3313.0,0.0,100,281.6,316.0,0,0.0,0.0,,0.0,1,1.28,0.01,SPY200515C00331000,331.0,normalDay
2020-05-14,5230.0,-2976.0,0.0,100,284.97,316.0,0,0.0,0.0,,0.0,1,1.28,0.01,SPY200515C00331000,331.0,normalDay
2020-05-15,5358.0,-2972.0,128.0,100,286.28,316.0,0,0.0,0.0,,0.0,1,1.28,0.0,SPY200515C00331000,331.0,expirationDay
2020-05-18,5358.0,-2110.0,0.0,100,295.0,316.0,0,0.0,0.0,,0.0,1,16.42,16.52,SPY200717C00287000,287.0,normalDay
2020-05-19,5358.0,-2258.0,0.0,100,291.97,316.0,0,0.0,0.0,,0.0,1,16.42,14.97,SPY200717C00287000,287.0,normalDay
2020-05-20,5358.0,-2044.0,0.0,100,296.93,316.0,0,0.0,0.0,,0.0,1,16.42,17.79,SPY200717C00287000,287.0,normalDay
2020-05-21,5358.0,-2097.0,0.0,100,294.88,316.0,0,0.0,0.0,,0.0,1,16.42,16.27,SPY200717C00287000,287.0,normalDay
2020-05-22,5358.0,-2077.0,0.0,100,295.44,316.0,0,0.0,0.0,,0.0,1,16.42,16.63,SPY200717C00287000,287.0,normalDay
2020-05-26,5358.0,-1916.0,0.0,100,299.08,316.0,0,0.0,0.0,,0.0,1,16.42,18.66,SPY200717C00287000,287.0,normalDay
2020-05-27,5358.0,-1776.0,0.0,100,303.53,316.0,0,0.0,0.0,,0.0,1,16.42,21.71,SPY200717C00287000,287.0,normalDay
2020-05-28,5358.0,-1868.0,0.0,100,302.97,316.0,0,0.0,0.0,,0.0,1,16.42,22.07,SPY200717C00287000,287.0,normalDay
2020-05-29,5358.0,-1796.0,0.0,100,304.32,316.0,0,0.0,0.0,,0.0,1,16.42,22.7,SPY200717C00287000,287.0,normalDay
2020-06-01,5358.0,-1689.0,0.0,100,305.55,316.0,0,0.0,0.0,,0.0,1,16.42,22.86,SPY200717C00287000,287.0,normalDay
2020-06-02,5358.0,-1593.0,0.0,100,308.08,316.0,0,0.0,0.0,,0.0,1,16.42,24.43,SPY200717C00287000,287.0,normalDay
2020-06-03,5358.0,-1518.0,0.0,100,312.18,316.0,0,0.0,0.0,,0.0,1,16.42,27.78,SPY200717C00287000,287.0,normalDay
2020-06-04,5358.0,-1529.0,0.0,100,311.36,316.0,0,0.0,0.0,,0.0,1,16.42,27.07,SPY200717C00287000,287.0,normalDay
2020-06-05,5358.0,-1410.0,0.0,100,319.34,316.0,0,0.0,0.0,,0.0,1,16.42,33.86,SPY200717C00287000,287.0,normalDay
2020-06-08,5358.0,-1340.0,0.0,100,323.2,316.0,0,0.0,0.0,,0.0,1,16.42,37.02,SPY200717C00287000,287.0,normalDay
2020-06-09,5358.0,-1483.0,0.0,100,320.79,316.0,0,0.0,0.0,,0.0,1,16.42,36.04,SPY200717C00287000,287.0,normalDay
2020-06-10,5358.0,-1396.0,0.0,100,319.0,316.0,0,0.0,0.0,,0.0,1,16.42,33.38,SPY200717C00287000,287.0,normalDay
2020-06-11,5358.0,-2051.0,0.0,100,300.61,316.0,0,0.0,0.0,,0.0,1,16.42,21.54,SPY200717C00287000,287.0,normalDay
2020-06-12,5358.0,-1764.0,0.0,100,304.21,316.0,0,0.0,0.0,,0.0,1,16.42,22.27,SPY200717C00287000,287.0,normalDay
2020-06-15,5358.0,-1681.0,0.0,100,307.05,316.0,0,0.0,0.0,,0.0,1,16.42,24.28,SPY200717C00287000,287.0,normalDay
2020-06-16,5358.0,-1523.0,0.0,100,312.96,316.0,0,0.0,0.0,,0.0,1,16.42,28.61,SPY200717C00287000,287.0,normalDay
2020-06-17,5358.0,-1571.0,0.0,100,311.66,316.0,0,0.0,0.0,,0.0,1,16.42,27.79,SPY200717C00287000,287.0,normalDay
2020-06-18,5358.0,-1498.0,0.0,100,311.78,316.0,0,0.0,0.0,,0.0,1,16.42,27.18,SPY200717C00287000,287.0,normalDay
2020-06-19,5358.0,-1563.0,0.0,100,308.64,316.0,0,0.0,0.0,,0.0,1,16.42,24.69,SPY200717C00287000,287.0,normalDay
2020-06-22,5358.0,-1579.0,0.0,100,310.62,316.0,0,0.0,0.0,,0.0,1,16.42,26.83,SPY200717C00287000,287.0,normalDay
2020-06-23,5358.0,-1515.0,0.0,100,312.05,316.0,0,0.0,0.0,,0.0,1,16.42,27.62,SPY200717C00287000,287.0,normalDay
2020-06-24,5358.0,-1712.0,0.0,100,304.09,316.0,0,0.0,0.0,,0.0,1,16.42,21.63,SPY200717C00287000,287.0,normalDay
2020-06-25,5358.0,-1594.0,0.0,100,307.35,316.0,0,0.0,0.0,,0.0,1,16.42,23.71,SPY200717C00287000,287.0,normalDay
2020-06-26,5358.0,-1811.0,0.0,100,300.05,316.0,0,0.0,0.0,,0.0,1,16.42,18.58,SPY200717C00287000,287.0,normalDay
2020-06-29,5358.0,-1554.0,0.0,100,304.46,316.0,0,0.0,0.0,,0.0,1,16.42,20.42,SPY200717C00287000,287.0,normalDay
2020-06-30,5358.0,-1445.0,0.0,100,308.36,316.0,0,0.0,0.0,,0.0,1,16.42,23.23,SPY200717C00287000,287.0,normalDay
2020-07-01,5358.0,-1387.0,0.0,100,310.52,316.0,0,0.0,0.0,,0.0,1,16.42,24.81,SPY200717C00287000,287.0,normalDay
2020-07-02,5358.0,-1400.0,0.0,100,312.23,316.0,0,0.0,0.0,,0.0,1,16.42,26.65,SPY200717C00287000,287.0,normalDay
2020-07-06,5358.0,-1301.0,0.0,100,317.05,316.0,0,0.0,0.0,,0.0,1,16.42,30.48,SPY200717C00287000,287.0,normalDay
2020-07-07,5358.0,-1318.0,0.0,100,313.78,316.0,0,0.0,0.0,,0.0,1,16.42,27.38,SPY200717C00287000,287.0,normalDay
2020-07-08,5358.0,-1301.0,0.0,100,316.18,316.0,0,0.0,0.0,,0.0,1,16.42,29.61,SPY200717C00287000,287.0,normalDay
2020-07-09,5358.0,-1302.0,0.0,100,314.38,316.0,0,0.0,0.0,,0.0,1,16.42,27.82,SPY200717C00287000,287.0,normalDay
2020-07-10,5358.0,-1293.0,0.0,100,317.59,316.0,0,0.0,0.0,,0.0,1,16.42,30.94,SPY200717C00287000,287.0,normalDay
2020-07-13,5358.0,-1263.0,0.0,100,314.84,316.0,0,0.0,0.0,,0.0,1,16.42,27.89,SPY200717C00287000,287.0,normalDay
2020-07-14,5358.0,-1226.0,0.0,100,318.92,316.0,0,0.0,0.0,,0.0,1,16.42,31.6,SPY200717C00287000,287.0,normalDay
2020-07-15,5358.0,-1257.0,0.0,100,321.85,316.0,0,0.0,0.0,,0.0,1,16.42,34.84,SPY200717C00287000,287.0,normalDay
2020-07-16,5358.0,-1155.0,0.0,100,320.79,316.0,0,0.0,0.0,,0.0,1,16.42,32.76,SPY200717C00287000,287.0,normalDay
2020-07-17,4100.0,-1155.0,-1258.0,0,321.72,0.0,0,0.0,0.0,,0.0,1,16.42,0.0,SPY200717C00287000,287.0,expirationDay
2020-07-20,4100.0,0.0,0.0,0,324.32,0.0,0,0.0,0.0,,0.0,0,0.0,0.0,,0.0,bidTooLow
2020-07-21,4100.0,0.0,0.0,0,325.01,0.0,0,0.0,0.0,,0.0,0,0.0,0.0,,0.0,bidTooLow
2020-07-22,4100.0,0.0,0.0,0,326.86,0.0,0,0.0,0.0,,0.0,0,0.0,0.0,,0.0,bidTooLow
2020-07-23,4100.0,0.0,0.0,0,322.96,0.0,0,0.0,0.0,,0.0,0,0.0,0.0,,0.0,bidTooLow
2020-07-24,4100.0,0.0,0.0,0,320.88,0.0,0,0.0,0.0,,0.0,0,0.0,0.0,,0.0,bidTooLow
2020-07-27,4100.0,0.0,0.0,0,323.22,0.0,0,0.0,0.0,,0.0,0,0.0,0.0,,0.0,bidTooLow
2020-07-28,4100.0,-3.0,0.0,0,321.17,0.0,1,0.11,0.14,SPY200731P00305000,305.0,0,0.0,0.0,,0.0,normalDay
2020-07-29,4100.0,6.0,0.0,0,325.12,0.0,1,0.11,0.05,SPY200731P00305000,305.0,0,0.0,0.0,,0.0,normalDay
2020-07-30,4100.0,7.0,0.0,0,323.96,0.0,1,0.11,0.04,SPY200731P00305000,305.0,0,0.0,0.0,,0.0,normalDay
2020-07-31,4111.0,0.0,11.0,0,326.52,0.0,1,0.11,0.0,SPY200731P00305000,305.0,0,0.0,0.0,,0.0,expirationDay
2020-08-03,4111.0,-3.0,0.0,0,328.79,0.0,1,0.01,0.04,SPY200805P00310000,310.0,0,0.0,0.0,,0.0,normalDay
2020-08-04,4111.0,-1.0,0.0,0,330.06,0.0,1,0.01,0.02,SPY200805P00310000,310.0,0,0.0,0.0,,0.0,normalDay
2020-08-05,4112.0,0.0,1.0,0,332.11,0.0,1,0.01,0.0,SPY200805P00310000,310.0,0,0.0,0.0,,0.0,expirationDay
2020-08-06,4112.0,0.0,0.0,0,334.33,0.0,0,0.0,0.0,,0.0,0,0.0,0.0,,0.0,bidTooLow
2020-08-07,4112.0,0.0,0.0,0,334.57,0.0,0,0.0,0.0,,0.0,0,0.0,0.0,,0.0,bidTooLow
2020-08-10,4112.0,0.0,0.0,0,335.57,0.0,0,0.0,0.0,,0.0,0,0.0,0.0,,0.0,bidTooLow
2020-08-11,4112.0,-3.0,0.0,0,332.8,0.0,1,0.1,0.13,SPY200814P00313000,313.0,0,0.0,0.0,,0.0,normalDay
2020-08-12,4112.0,7.0,0.0,0,337.44,0.0,1,0.1,0.03,SPY200814P00313000,313.0,0,0.0,0.0,,0.0,normalDay
2020-08-13,4112.0,8.0,0.0,0,336.83,0.0,1,0.1,0.02,SPY200814P00313000,313.0,0,0.0,0.0,,0.0,normalDay
2020-08-14,4122.0,0.0,10.0,0,336.84,0.0,1,0.1,0.0,SPY200814P00313000,313.0,0,0.0,0.0,,0.0,expirationDay
2020-08-17,4122.0,0.0,0.0,0,337.91,0.0,0,0.0,0.0,,0.0,0,0.0,0.0,,0.0,bidTooLow
2020-08-18,4122.0,-3.0,0.0,0,338.64,0.0,1,0.03,0.06,SPY200821P00314000,314.0,0,0.0,0.0,,0.0,normalDay
2020-08-19,4122.0,-4.0,0.0,0,337.23,0.0,1,0.03,0.07,SPY200821P00314000,314.0,0,0.0,0.0,,0.0,normalDay
2020-08-20,4122.0,1.0,0.0,0,338.28,0.0,1,0.03,0.02,SPY200821P00314000,314.0,0,0.0,0.0,,0.0,normalDay
2020-08-21,4125.0,0.0,3.0,0,339.48,0.0,1,0.03,0.0,SPY200821P00314000,314.0,0,0.0,0.0,,0.0,expirationDay
2020-08-24,4125.0,0.0,0.0,0,342.92,0.0,0,0.0,0.0,,0.0,0,0.0,0.0,,0.0,bidTooLow
2020-08-25,4125.0,-3.0,0.0,0,344.12,0.0,1,0.01,0.04,SPY200828P00320000,320.0,0,0.0,0.0,,0.0,normalDay
2020-08-26,4125.0,-4.0,0.0,0,347.57,0.0,1,0.01,0.05,SPY200828P00320000,320.0,0,0.0,0.0,,0.0,normalDay
2020-08-27,4125.0,-1.0,0.0,0,348.33,0.0,1,0.01,0.02,SPY200828P00320000,320.0,0,0.0,0.0,,0.0,normalDay
2020-08-28,4126.0,0.0,1.0,0,350.58,0.0,1,0.01,0.0,SPY200828P00320000,320.0,0,0.0,0.0,,0.0,expirationDay
2020-08-31,4126.0,-3.0,0.0,0,349.31,0.0,1,0.02,0.05,SPY200902P00323000,323.0,0,0.0,0.0,,0.0,normalDay
2020-09-01,4126.0,1.0,0.0,0,352.6,0.0,1,0.02,0.01,SPY200902P00323000,323.0,0,0.0,0.0,,0.0,normalDay
2020-09-02,4128.0,0.0,2.0,0,357.7,0.0,1,0.02,0.0,SPY200902P00323000,323.0,0,0.0,0.0,,0.0,expirationDay
2020-09-03,4128.0,-3.0,0.0,0,345.39,0.0,1,0.06,0.09,SPY200904P00324000,324.0,0,0.0,0.0,,0.0,normalDay
2020-09-04,4134.0,0.0,6.0,0,342.57,0.0,1,0.06,0.0,SPY200904P00324000,324.0,0,0.0,0.0,,0.0,expirationDay
2020-09-08,4134.0,-4.0,0.0,0,333.21,0.0,1,1.35,1.39,SPY200911P00324000,324.0,0,0.0,0.0,,0.0,normalDay
2020-09-09,4134.0,103.0,0.0,0,339.79,0.0,1,1.35,0.32,SPY200911P00324000,324.0,0,0.0,0.0,,0.0,normalDay
2020-09-10,4134.0,111.0,0.0,0,333.89,0.0,1,1.35,0.24,SPY200911P00324000,324.0,0,0.0,0.0,,0.0,normalDay
2020-09-11,4269.0,0.0,135.0,0,334.06,0.0,1,1.35,0.0,SPY200911P00324000,324.0,0,0.0,0.0,,0.0,expirationDay
2020-09-14,4269.0,-3.0,0.0,0,338.46,0.0,1,0.14,0.17,SPY200916P00324000,324.0,0,0.0,0.0,,0.0,normalDay
2020-09-15,4269.0,10.0,0.0,0,340.17,0.0,1,0.14,0.04,SPY200916P00324000,324.0,0,0.0,0.0,,0.0,normalDay
2020-09-16,4283.0,0.0,14.0,0,338.82,0.0,1,0.14,0.0,SPY200916P00324000,324.0,0,0.0,0.0,,0.0,expirationDay
2020-09-17,4283.0,-3.0,0.0,0,335.84,0.0,1,0.17,0.2,SPY200918P00324000,324.0,0,0.0,0.0,,0.0,normalDay
2020-09-18,4300.0,0.0,17.0,0,330.65,0.0,1,0.17,0.0,SPY200918P00324000,324.0,0,0.0,0.0,,0.0,expirationDay
2020-09-21,4300.0,-3.0,0.0,0,326.97,0.0,1,0.62,0.65,SPY200923P00320000,320.0,0,0.0,0.0,,0.0,normalDay
2020-09-22,4300.0,55.0,0.0,0,330.3,0.0,1,0.62,0.07,SPY200923P00320000,320.0,0,0.0,0.0,,0.0,normalDay
2020-09-23,4362.0,0.0,62.0,0,322.64,0.0,1,0.62,0.0,SPY200923P00320000,320.0,0,0.0,0.0,,0.0,expirationDay
2020-09-24,4362.0,-3.0,0.0,0,323.5,0.0,1,0.04,0.07,SPY200925P00312000,312.0,0,0.0,0.0,,0.0,normalDay
2020-09-25,4366.0,0.0,4.0,0,328.73,0.0,1,0.04,0.0,SPY200925P00312000,312.0,0,0.0,0.0,,0.0,expirationDay
2020-09-28,4366.0,0.0,0.0,0,334.19,0.0,0,0.0,0.0,,0.0,0,0.0,0.0,,0.0,bidTooLow
2020-09-29,4366.0,-3.0,0.0,0,332.37,0.0,1,0.1,0.13,SPY201002P00312000,312.0,0,0.0,0.0,,0.0,normalDay
2020-09-30,4366.0,3.0,0.0,0,334.89,0.0,1,0.1,0.07,SPY201002P00312000,312.0,0,0.0,0.0,,0.0,normalDay
2020-10-01,4366.0,9.0,0.0,0,337.04,0.0,1,0.1,0.01,SPY201002P00312000,312.0,0,0.0,0.0,,0.0,normalDay
2020-10-02,4376.0,0.0,10.0,0,333.84,0.0,1,0.1,0.0,SPY201002P00312000,312.0,0,0.0,0.0,,0.0,expirationDay
2020-10-05,4376.0,-3.0,0.0,0,339.76,0.0,1,0.01,0.04,SPY201007P00320000,320.0,0,0.0,0.0,,0.0,normalDay
2020-10-06,4376.0,-2.0,0.0,0,334.93,0.0,1,0.01,0.03,SPY201007P00320000,320.0,0,0.0,0.0,,0.0,normalDay
2020-10-07,4377.0,0.0,1.0,0,340.76,0.0,1,0.01,0.0,SPY201007P00320000,320.0,0,0.0,0.0,,0.0,expirationDay
2020-10-08,4377.0,0.0,0.0,0,343.78,0.0,0,0.0,0.0,,0.0,0,0.0,0.0,,0.0,bidTooLow
2020-10-09,4377.0,0.0,0.0,0,346.85,0.0,0,0.0,0.0,,0.0,0,0.0,0.0,,0.0,bidTooLow
2020-10-12,4377.0,0.0,0.0,0,352.43,0.0,0,0.0,0.0,,0.0,0,0.0,0.0,,0.0,bidTooLow
2020-10-13,4377.0,0.0,0.0,0,350.13,0.0,0,0.0,0.0,,0.0,0,0.0,0.0,,0.0,bidTooLow
2020-10-14,4377.0,0.0,0.0,0,347.93,0.0,0,0.0,0.0,,0.0,0,0.0,0.0,,0.0,bidTooLow
2020-10-15,4377.0,0.0,0.0,0,347.5,0.0,0,0.0,0.0,,0.0,0,0.0,0.0,,0.0,bidTooLow
2020-10-16,4377.0,0.0,0.0,0,347.29,0.0,0,0.0,0.0,,0.0,0,0.0,0.0,,0.0,bidTooLow
2020-10-19,4377.0,0.0,0.0,0,342.01,0.0,0,0.0,0.0,,0.0,0,0.0,0.0,,0.0,bidTooLow
2020-10-20,4377.0,-3.0,0.0,0,343.38,0.0,1,0.01,0.04,SPY201023P00316000,316.0,0,0.0,0.0,,0.0,normalDay
2020-10-21,4377.0,-1.0,0.0,0,342.73,0.0,1,0.01,0.02,SPY201023P00316000,316.0,0,0.0,0.0,,0.0,normalDay
2020-10-22,4377.0,0.0,0.0,0,344.61,0.0,1,0.01,0.01,SPY201023P00316000,316.0,0,0.0,0.0,,0.0,normalDay
2020-10-23,4378.0,0.0,1.0,0,345.78,0.0,1,0.01,0.0,SPY201023P00316000,316.0,0,0.0,0.0,,0.0,expirationDay
2020-10-26,4378.0,-3.0,0.0,0,339.39,0.0,1,0.22,0.25,SPY201028P00327000,327.0,0,0.0,0.0,,0.0,normalDay
2020-10-27,4378.0,16.0,0.0,0,338.22,0.0,1,0.22,0.06,SPY201028P00327000,327.0,0,0.0,0.0,,0.0,normalDay
2020-10-28,4400.0,-34.0,22.0,100,326.66,327.0,1,0.22,0.0,SPY201028P00327000,327.0,0,0.0,0.0,,0.0,expirationDay
2020-10-29,4400.0,285.0,0.0,100,329.98,327.0,0,0.0,0.0,,0.0,1,10.28,10.41,SPY210115C00343000,343.0,normalDay
2020-10-30,4400.0,84.0,0.0,100,326.54,327.0,0,0.0,0.0,,0.0,1,10.28,8.98,SPY210115C00343000,343.0,normalDay
2020-11-02,4400.0,397.0,0.0,100,330.2,327.0,0,0.0,0.0,,0.0,1,10.28,9.51,SPY210115C00343000,343.0,normalDay
2020-11-03,4400.0,811.0,0.0,100,336.03,327.0,0,0.0,0.0,,0.0,1,10.28,11.2,SPY210115C00343000,343.0,normalDay
2020-11-04,4400.0,1244.0,0.0,100,343.54,327.0,0,0.0,0.0,,0.0,1,10.28,14.38,SPY210115C00343000,343.0,normalDay
2020-11-05,4400.0,1494.0,0.0,100,350.24,327.0,0,0.0,0.0,,0.0,1,10.28,18.58,SPY210115C00343000,343.0,normalDay
2020-11-06,4400.0,1587.0,0.0,100,350.16,327.0,0,0.0,0.0,,0.0,1,10.28,17.57,SPY210115C00343000,343.0,normalDay
2020-11-09,4400.0,1691.0,0.0,100,354.56,327.0,0,0.0,0.0,,0.0,1,10.28,20.93,SPY210115C00343000,343.0,normalDay
2020-11-10,4400.0,1756.0,0.0,100,354.04,327.0,0,0.0,0.0,,0.0,1,10.28,19.76,SPY210115C00343000,343.0,normalDay
2020-11-11,4400.0,1869.0,0.0,100,356.67,327.0,0,0.0,0.0,,0.0,1,10.28,21.26,SPY210115C00343000,343.0,normalDay
2020-11-12,4400.0,1729.0,0.0,100,353.21,327.0,0,0.0,0.0,,0.0,1,10.28,19.2,SPY210115C00343000,343.0,normalDay
2020-11-13,4400.0,1949.0,0.0,100,358.1,327.0,0,0.0,0.0,,0.0,1,10.28,21.89,SPY210115C00343000,343.0,normalDay
2020-11-16,4400.0,2093.0,0.0,100,362.57,327.0,0,0.0,0.0,,0.0,1,10.28,24.92,SPY210115C00343000,343.0,normalDay
2020-11-17,4400.0,2050.0,0.0,100,360.62,327.0,0,0.0,0.0,,0.0,1,10.28,23.4,SPY210115C00343000,343.0,normalDay
2020-11-18,4400.0,1938.0,0.0,100,356.28,327.0,0,0.0,0.0,,0.0,1,10.28,20.18,SPY210115C00343000,343.0,normalDay
2020-11-19,4400.0,2014.0,0.0,100,357.78,327.0,0,0.0,0.0,,0.0,1,10.28,20.92,SPY210115C00343000,343.0,normalDay
2020-11-20,4400.0,1977.0,0.0,100,355.33,327.0,0,0.0,0.0,,0.0,1,10.28,18.84,SPY210115C00343000,343.0,normalDay
2020-11-23,4400.0,2068.0,0.0,100,357.46,327.0,0,0.0,0.0,,0.0,1,10.28,20.06,SPY210115C00343000,343.0,normalDay
2020-11-24,4400.0,2204.0,0.0,100,363.22,327.0,0,0.0,0.0,,0.0,1,10.28,24.46,SPY210115C00343000,343.0,normalDay
2020-11-25,4400.0,2241.0,0.0,100,362.66,327.0,0,0.0,0.0,,0.0,1,10.28,23.53,SPY210115C00343000,343.0,normalDay
2020-11-27,4400.0,2257.0,0.0,100,363.67,327.0,0,0.0,0.0,,0.0,1,10.28,24.38,SPY210115C00343000,343.0,normalDay
2020-11-30,4400.0,2202.0,0.0,100,362.06,327.0,0,0.0,0.0,,0.0,1,10.28,23.32,SPY210115C00343000,343.0,normalDay
2020-12-01,4400.0,2323.0,0.0,100,366.02,327.0,0,0.0,0.0,,0.0,1,10.28,26.07,SPY210115C00343000,343.0,normalDay
2020-12-02,4400.0,2331.0,0.0,100,366.79,327.0,0,0.0,0.0,,0.0,1,10.28,26.76,SPY210115C00343000,343.0,normalDay
2020-12-03,4400.0,2360.0,0.0,100,366.69,327.0,0,0.0,0.0,,0.0,1,10.28,26.37,SPY210115C00343000,343.0,normalDay
2020-12-04,4400.0,2442.0,0.0,100,369.85,327.0,0,0.0,0.0,,0.0,1,10.28,28.71,SPY210115C00343000,343.0,normalDay
2020-12-07,4400.0,2451.0,0.0,100,369.09,327.0,0,0.0,0.0,,0.0,1,10.28,27.86,SPY210115C00343000,343.0,normalDay
2020-12-08,4400.0,2449.0,0.0,100,370.17,327.0,0,0.0,0.0,,0.0,1,10.28,28.96,SPY210115C00343000,343.0,normalDay
2020-12-09,4400.0,2419.0,0.0,100,366.85,327.0,0,0.0,0.0,,0.0,1,10.28,25.94,SPY210115C00343000,343.0,normalDay
2020-12-10,4400.0,2428.0,0.0,100,366.73,327.0,0,0.0,0.0,,0.0,1,10.28,25.73,SPY210115C00343000,343.0,normalDay
2020-12-11,4400.0,2401.0,0.0,100,366.3,327.0,0,0.0,0.0,,0.0,1,10.28,25.57,SPY210115C00343000,343.0,normalDay
2020-12-14,4400.0,2337.0,0.0,100,364.66,327.0,0,0.0,0.0,,0.0,1,10.28,24.57,SPY210115C00343000,343.0,normalDay
2020-12-15,4400.0,2500.0,0.0,100,369.59,327.0,0,0.0,0.0,,0.0,1,10.28,27.87,SPY210115C00343000,343.0,normalDay
2020-12-16,4400.0,2492.0,0.0,100,370.17,327.0,0,0.0,0.0,,0.0,1,10.28,28.53,SPY210115C00343000,343.0,normalDay
2020-12-17,4400.0,2551.0,0.0,100,372.24,327.0,0,0.0,0.0,,0.0,1,10.28,30.01,SPY210115C00343000,343.0,normalDay
2020-12-18,4400.0,2301.0,0.0,100,369.18,327.0,0,0.0,0.0,,0.0,1,10.28,29.45,SPY210115C00343000,343.0,normalDay
2020-12-21,4400.0,2370.0,0.0,100,367.86,327.0,0,0.0,0.0,,0.0,1,10.28,27.44,SPY210115C00343000,343.0,normalDay
2020-12-22,4400.0,2405.0,0.0,100,367.24,327.0,0,0.0,0.0,,0.0,1,10.28,26.47,SPY210115C00343000,343.0,normalDay
2020-12-23,4400.0,2447.0,0.0,100,367.57,327.0,0,0.0,0.0,,0.0,1,10.28,26.38,SPY210115C00343000,343.0,normalDay
2020-12-24,4400.0,2481.0,0.0,100,369.0,327.0,0,0.0,0.0,,0.0,1,10.28,27.47,SPY210115C00343000,343.0,normalDay
2020-12-28,4400.0,2500.0,0.0,100,372.17,327.0,0,0.0,0.0,,0.0,1,10.28,30.45,SPY210115C00343000,343.0,normalDay
2020-12-29,4400.0,2506.0,0.0,100,371.46,327.0,0,0.0,0.0,,0.0,1,10.28,29.68,SPY210115C00343000,343.0,normalDay
2020-12-30,4400.0,2540.0,0.0,100,371.99,327.0,0,0.0,0.0,,0.0,1,10.28,29.87,SPY210115C00343000,343.0,normalDay
2020-12-31,4400.0,2508.0,0.0,100,373.88,327.0,0,0.0,0.0,,0.0,1,10.28,32.08,SPY210115C00343000,343.0,normalDay
2021-01-04,4400.0,2494.0,0.0,100,368.79,327.0,0,0.0,0.0,,0.0,1,10.28,27.13,SPY210115C00343000,343.0,normalDay
2021-01-05,4400.0,2554.0,0.0,100,371.33,327.0,0,0.0,0.0,,0.0,1,10.28,29.07,SPY210115C00343000,343.0,normalDay
2021-01-06,4400.0,2543.0,0.0,100,373.55,327.0,0,0.0,0.0,,0.0,1,10.28,31.4,SPY210115C00343000,343.0,normalDay
2021-01-07,4400.0,2616.0,0.0,100,379.1,327.0,0,0.0,0.0,,0.0,1,10.28,36.22,SPY210115C00343000,343.0,normalDay
2021-01-08,4400.0,2580.0,0.0,100,381.26,327.0,0,0.0,0.0,,0.0,1,10.28,38.74,SPY210115C00343000,343.0,normalDay
2021-01-11,4400.0,2576.0,0.0,100,378.69,327.0,0,0.0,0.0,,0.0,1,10.28,36.21,SPY210115C00343000,343.0,normalDay
2021-01-12,4400.0,2622.0,0.0,100,378.77,327.0,0,0.0,0.0,,0.0,1,10.28,35.83,SPY210115C00343000,343.0,normalDay
2021-01-13,4400.0,2596.0,0.0,100,379.79,327.0,0,0.0,0.0,,0.0,1,10.28,37.11,SPY210115C00343000,343.0,normalDay
2021-01-14,4400.0,2588.0,0.0,100,378.46,327.0,0,0.0,0.0,,0.0,1,10.28,35.86,SPY210115C00343000,343.0,normalDay
2021-01-15,7028.0,2588.0,2628.0,0,375.7,0.0,0,0.0,0.0,,0.0,1,10.28,0.0,SPY210115C00343000,343.0,expirationDay
2021-01-19,7028.0,-3.0,0.0,0,378.65,0.0,1,0.14,0.17,SPY210122P00361000,361.0,0,0.0,0.0,,0.0,normalDay
2021-01-20,7028.0,9.0,0.0,0,383.89,0.0,1,0.14,0.05,SPY210122P00361000,361.0,0,0.0,0.0,,0.0,normalDay
2021-01-21,7028.0,12.0,0.0,0,384.24,0.0,1,0.14,0.02,SPY210122P00361000,361.0,0,0.0,0.0,,0.0,normalDay
2021-01-22,7042.0,0.0,14.0,0,382.88,0.0,1,0.14,0.0,SPY210122P00361000,361.0,0,0.0,0.0,,0.0,expirationDay
2021-01-25,7042.0,-3.0,0.0,0,384.39,0.0,1,0.03,0.06,SPY210127P00363000,363.0,0,0.0,0.0,,0.0,normalDay
2021-01-26,7042.0,1.0,0.0,0,383.79,0.0,1,0.03,0.02,SPY210127P00363000,363.0,0,0.0,0.0,,0.0,normalDay
2021-01-27,7045.0,0.0,3.0,0,374.41,0.0,1,0.03,0.0,SPY210127P00363000,363.0,0,0.0,0.0,,0.0,expirationDay
2021-01-28,7045.0,-3.0,0.0,0,377.63,0.0,1,0.15,0.18,SPY210129P00366000,366.0,0,0.0,0.0,,0.0,normalDay
2021-01-29,7060.0,0.0,15.0,0,370.07,0.0,1,0.15,0.0,SPY210129P00366000,366.0,0,0.0,0.0,,0.0,expirationDay
2021-02-01,7060.0,-3.0,0.0,0,376.23,0.0,1,0.64,0.67,SPY210203P00365000,365.0,0,0.0,0.0,,0.0,normalDay
2021-02-02,7060.0,59.0,0.0,0,381.55,0.0,1,0.64,0.05,SPY210203P00365000,365.0,0,0.0,0.0,,0.0,normalDay
2021-02-03,7124.0,0.0,64.0,0,381.85,0.0,1,0.64,0.0,SPY210203P00365000,365.0,0,0.0,0.0,,0.0,expirationDay
2021-02-04,7124.0,0.0,0.0,0,386.19,0.0,0,0.0,0.0,,0.0,0,0.0,0.0,,0.0,bidTooLow
2021-02-05,7124.0,0.0,0.0,0,387.71,0.0,0,0.0,0.0,,0.0,0,0.0,0.0,,0.0,bidTooLow
2021-02-08,7124.0,-3.0,0.0,0,390.51,0.0,1,0.01,0.04,SPY210210P00368000,368.0,0,0.0,0.0,,0.0,normalDay
2021-02-09,7124.0,-1.0,0.0,0,390.25,0.0,1,0.01,0.02,SPY210210P00368000,368.0,0,0.0,0.0,,0.0,normalDay
2021-02-10,7125.0,0.0,1.0,0,390.08,0.0,1,0.01,0.0,SPY210210P00368000,368.0,0,0.0,0.0,,0.0,expirationDay
2021-02-11,7125.0,0.0,0.0,0,390.71,0.0,0,0.0,0.0,,0.0,0,0.0,0.0,,0.0,bidTooLow
2021-02-12,7125.0,0.0,0.0,0,392.64,0.0,0,0.0,0.0,,0.0,0,0.0,0.0,,0.0,bidTooLow
2021-02-16,7125.0,-3.0,0.0,0,392.3,0.0,1,0.08,0.11,SPY210219P00367000,367.0,0,0.0,0.0,,0.0,normalDay
2021-02-17,7125.0,2.0,0.0,0,392.39,0.0,1,0.08,0.06,SPY210219P00367000,367.0,0,0.0,0.0,,0.0,normalDay
2021-02-18,7125.0,5.0,0.0,0,390.72,0.0,1,0.08,0.03,SPY210219P00367000,367.0,0,0.0,0.0,,0.0,normalDay
2021-02-19,7133.0,0.0,8.0,0,390.03,0.0,1,0.08,0.0,SPY210219P00367000,367.0,0,0.0,0.0,,0.0,expirationDay
2021-02-22,7133.0,-3.0,0.0,0,387.03,0.0,1,0.03,0.06,SPY210224P00368000,368.0,0,0.0,0.0,,0.0,normalDay
2021-02-23,7133.0,1.0,0.0,0,387.5,0.0,1,0.03,0.02,SPY210224P00368000,368.0,0,0.0,0.0,,0.0,normalDay
2021-02-24,7136.0,0.0,3.0,0,391.77,0.0,1,0.03,0.0,SPY210224P00368000,368.0,0,0.0,0.0,,0.0,expirationDay
2021-02-25,7136.0,-4.0,0.0,0,382.33,0.0,1,0.17,0.21,SPY210226P00370000,370.0,0,0.0,0.0,,0.0,normalDay
2021-02-26,7153.0,0.0,17.0,0,380.36,0.0,1,0.17,0.0,SPY210226P00370000,370.0,0,0.0,0.0,,0.0,expirationDay
2021-03-01,7153.0,-3.0,0.0,0,389.58,0.0,1,0.18,0.21,SPY210303P00375000,375.0,0,0.0,0.0,,0.0,normalDay
2021-03-02,7153.0,3.0,0.0,0,386.54,0.0,1,0.18,0.15,SPY210303P00375000,375.0,0,0.0,0.0,,0.0,normalDay
2021-03-03,7171.0,0.0,18.0,0,381.42,0.0,1,0.18,0.0,SPY210303P00375000,375.0,0,0.0,0.0,,0.0,expirationDay
2021-03-04,7171.0,-6.0,0.0,0,376.7,0.0,1,2.23,2.29,SPY210305P00376000,376.0,0,0.0,0.0,,0.0,normalDay
2021-03-05,7394.0,0.0,223.0,0,383.63,0.0,1,2.23,0.0,SPY210305P00376000,376.0,0,0.0,0.0,,0.0,expirationDay
2021-03-08,7394.0,-4.0,0.0,0,381.72,0.0,1,1.07,1.11,SPY210310P00375000,375.0,0,0.0,0.0,,0.0,normalDay
2021-03-09,7394.0,97.0,0.0,0,387.17,0.0,1,1.07,0.1,SPY210310P00375000,375.0,0,0.0,0.0,,0.0,normalDay
2021-03-10,7501.0,0.0,107.0,0,389.58,0.0,1,1.07,0.0,SPY210310P00375000,375.0,0,0.0,0.0,,0.0,expirationDay
2021-03-11,7501.0,0.0,0.0,0,393.53,0.0,0,0.0,0.0,,0.0,0,0.0,0.0,,0.0,bidTooLow
2021-03-12,7501.0,0.0,0.0,0,394.06,0.0,0,0.0,0.0,,0.0,0,0.0,0.0,,0.0,bidTooLow
2021-03-15,7501.0,0.0,0.0,0,396.41,0.0,0,0.0,0.0,,0.0,0,0.0,0.0,,0.0,bidTooLow
2021-03-16,7501.0,-3.0,0.0,0,395.91,0.0,1,0.11,0.14,SPY210319P00373000,373.0,0,0.0,0.0,,0.0,normalDay
2021-03-17,7501.0,7.0,0.0,0,397.26,0.0,1,0.11,0.04,SPY210319P00373000,373.0,0,0.0,0.0,,0.0,normalDay
2021-03-18,7501.0,0.0,0.0,0,391.48,0.0,1,0.11,0.11,SPY210319P00373000,373.0,0,0.0,0.0,,0.0,normalDay
2021-03-19,7512.0,0.0,11.0,0,389.48,0.0,1,0.11,0.0,SPY210319P00373000,373.0,0,0.0,0.0,,0.0,expirationDay
2021-03-22,7512.0,0.0,0.0,0,392.59,0.0,0,0.0,0.0,,0.0,0,0.0,0.0,,0.0,bidTooLow
2021-03-23,7512.0,-3.0,0.0,0,389.5,0.0,1,0.11,0.14,SPY210326P00372500,372.5,0,0.0,0.0,,0.0,normalDay
2021-03-24,7512.0,0.0,0.0,0,387.52,0.0,1,0.11,0.11,SPY210326P00372500,372.5,0,0.0,0.0,,0.0,normalDay
2021-03-25,7512.0,9.0,0.0,0,389.7,0.0,1,0.11,0.02,SPY210326P00372500,372.5,0,0.0,0.0,,0.0,normalDay
2021-03-26,7523.0,0.0,11.0,0,395.98,0.0,1,0.11,0.0,SPY210326P00372500,372.5,0,0.0,0.0,,0.0,expirationDay
2021-03-29,7523.0,-3.0,0.0,0,395.78,0.0,1,0.08,0.11,SPY210401P00374000,374.0,0,0.0,0.0,,0.0,normalDay
2021-03-30,7523.0,4.0,0.0,0,394.73,0.0,1,0.08,0.04,SPY210401P00374000,374.0,0,0.0,0.0,,0.0,normalDay
2021-03-31,7523.0,7.0,0.0,0,396.33,0.0,1,0.08,0.01,SPY210401P00374000,374.0,0,0.0,0.0,,0.0,normalDay
2021-04-01,7531.0,0.0,8.0,0,400.61,0.0,1,0.08,0.0,SPY210401P00374000,374.0,0,0.0,0.0,,0.0,expirationDay
2021-04-05,7531.0,0.0,0.0,0,406.36,0.0,0,0.0,0.0,,0.0,0,0.0,0.0,,0.0,bidTooLow
2021-04-06,7531.0,-3.0,0.0,0,406.12,0.0,1,0.02,0.05,SPY210409P00380000,380.0,0,0.0,0.0,,0.0,normalDay
2021-04-07,7531.0,0.0,0.0,0,406.59,0.0,1,0.02,0.02,SPY210409P00380000,380.0,0,0.0,0.0,,0.0,normalDay
2021-04-08,7531.0,1.0,0.0,0,408.52,0.0,1,0.02,0.01,SPY210409P00380000,380.0,0,0.0,0.0,,0.0,normalDay
2021-04-09,7533.0,0.0,2.0,0,411.49,0.0,1,0.02,0.0,SPY210409P00380000,380.0,0,0.0,0.0,,0.0,expirationDay
2021-04-12,7533.0,0.0,0.0,0,411.64,0.0,0,0.0,0.0,,0.0,0,0.0,0.0,,0.0,bidTooLow
2021-04-13,7533.0,0.0,0.0,0,412.86,0.0,0,0.0,0.0,,0.0,0,0.0,0.0,,0.0,bidTooLow
2021-04-14,7533.0,0.0,0.0,0,411.45,0.0,0,0.0,0.0,,0.0,0,0.0,0.0,,0.0,bidTooLow
2021-04-15,7533.0,0.0,0.0,0,415.87,0.0,0,0.0,0.0,,0.0,0,0.0,0.0,,0.0,bidTooLow
2021-04-16,7533.0,0.0,0.0,0,417.26,0.0,0,0.0,0.0,,0.0,0,0.0,0.0,,0.0,bidTooLow
2021-04-19,7533.0,0.0,0.0,0,415.21,0.0,0,0.0,0.0,,0.0,0,0.0,0.0,,0.0,bidTooLow
2021-04-20,7533.0,0.0,0.0,0,412.17,0.0,0,0.0,0.0,,0.0,0,0.0,0.0,,0.0,bidTooLow
2021-04-21,7533.0,0.0,0.0,0,416.07,0.0,0,0.0,0.0,,0.0,0,0.0,0.0,,0.0,bidTooLow
2021-04-22,7533.0,0.0,0.0,0,412.27,0.0,0,0.0,0.0,,0.0,0,0.0,0.0,,0.0,bidTooLow
2021-04-23,7533.0,0.0,0.0,0,416.74,0.0,0,0.0,0.0,,0.0,0,0.0,0.0,,0.0,bidTooLow
2021-04-26,7533.0,0.0,0.0,0,417.61,0.0,0,0.0,0.0,,0.0,0,0.0,0.0,,0.0,bidTooLow
2021-04-27,7533.0,-3.0,0.0,0,417.52,0.0,1,0.01,0.04,SPY210430P00392000,392.0,0,0.0,0.0,,0.0,normalDay
2021-04-28,7533.0,-2.0,0.0,0,417.4,0.0,1,0.01,0.03,SPY210430P00392000,392.0,0,0.0,0.0,,0.0,normalDay
2021-04-29,7533.0,-1.0,0.0,0,420.06,0.0,1,0.01,0.02,SPY210430P00392000,392.0,0,0.0,0.0,,0.0,normalDay
2021-04-30,7534.0,0.0,1.0,0,417.3,0.0,1,0.01,0.0,SPY210430P00392000,392.0,0,0.0,0.0,,0.0,expirationDay
2021-05-03,7534.0,-3.0,0.0,0,418.2,0.0,1,0.03,0.06,SPY210505P00403000,403.0,0,0.0,0.0,,0.0,normalDay
2021-05-04,7534.0,-1.0,0.0,0,415.62,0.0,1,0.03,0.04,SPY210505P00403000,403.0,0,0.0,0.0,,0.0,normalDay
2021-05-05,7537.0,0.0,3.0,0,415.75,0.0,1,0.03,0.0,SPY210505P00403000,403.0,0,0.0,0.0,,0.0,expirationDay
2021-05-06,7537.0,-3.0,0.0,0,419.07,0.0,1,0.02,0.05,SPY210507P00408000,408.0,0,0.0,0.0,,0.0,normalDay
2021-05-07,7539.0,0.0,2.0,0,422.12,0.0,1,0.02,0.0,SPY210507P00408000,408.0,0,0.0,0.0,,0.0,expirationDay
2021-05-10,7539.0,-3.0,0.0,0,417.94,0.0,1,0.37,0.4,SPY210512P00409000,409.0,0,0.0,0.0,,0.0,normalDay
2021-05-11,7539.0,-15.0,0.0,0,414.21,0.0,1,0.37,0.52,SPY210512P00409000,409.0,0,0.0,0.0,,0.0,normalDay
2021-05-12,7576.0,-359.0,37.0,100,405.41,409.0,1,0.37,0.0,SPY210512P00409000,409.0,0,0.0,0.0,,0.0,expirationDay
2021-05-13,7576.0,122.0,0.0,100,410.28,409.0,0,0.0,0.0,,0.0,1,8.14,8.2,SPY210716C00417000,417.0,normalDay
2021-05-14,7576.0,539.0,0.0,100,416.58,409.0,0,0.0,0.0,,0.0,1,8.14,10.33,SPY210716C00417000,417.0,normalDay
2021-05-17,7576.0,503.0,0.0,100,415.52,409.0,0,0.0,0.0,,0.0,1,8.14,9.63,SPY210716C00417000,417.0,normalDay
2021-05-18,7576.0,315.0,0.0,100,411.94,409.0,0,0.0,0.0,,0.0,1,8.14,7.93,SPY210716C00417000,417.0,normalDay
2021-05-19,7576.0,255.0,0.0,100,410.86,409.0,0,0.0,0.0,,0.0,1,8.14,7.45,SPY210716C00417000,417.0,normalDay
2021-05-20,7576.0,533.0,0.0,100,415.28,409.0,0,0.0,0.0,,0.0,1,8.14,9.09,SPY210716C00417000,417.0,normalDay
2021-05-21,7576.0,525.0,0.0,100,414.94,409.0,0,0.0,0.0,,0.0,1,8.14,8.83,SPY210716C00417000,417.0,normalDay
2021-05-24,7576.0,803.0,0.0,100,419.17,409.0,0,0.0,0.0,,0.0,1,8.14,10.28,SPY210716C00417000,417.0,normalDay
2021-05-25,7576.0,774.0,0.0,100,418.24,409.0,0,0.0,0.0,,0.0,1,8.14,9.64,SPY210716C00417000,417.0,normalDay
2021-05-26,7576.0,876.0,0.0,100,419.07,409.0,0,0.0,0.0,,0.0,1,8.14,9.45,SPY210716C00417000,417.0,normalDay
2021-05-27,7576.0,889.0,0.0,100,419.29,409.0,0,0.0,0.0,,0.0,1,8.14,9.54,SPY210716C00417000,417.0,normalDay
2021-05-28,7576.0,979.0,0.0,100,420.04,409.0,0,0.0,0.0,,0.0,1,8.14,9.39,SPY210716C00417000,417.0,normalDay
2021-06-01,7576.0,960.0,0.0,100,419.67,409.0,0,0.0,0.0,,0.0,1,8.14,9.21,SPY210716C00417000,417.0,normalDay
2021-06-02,7576.0,1020.0,0.0,100,420.33,409.0,0,0.0,0.0,,0.0,1,8.14,9.27,SPY210716C00417000,417.0,normalDay
2021-06-03,7576.0,946.0,0.0,100,418.77,409.0,0,0.0,0.0,,0.0,1,8.14,8.45,SPY210716C00417000,417.0,normalDay
2021-06-04,7576.0,1160.0,0.0,100,422.6,409.0,0,0.0,0.0,,0.0,1,8.14,10.14,SPY210716C00417000,417.0,normalDay
2021-06-07,7576.0,1159.0,0.0,100,422.19,409.0,0,0.0,0.0,,0.0,1,8.14,9.74,SPY210716C00417000,417.0,normalDay
2021-06-08,7576.0,1163.0,0.0,100,422.28,409.0,0,0.0,0.0,,0.0,1,8.14,9.79,SPY210716C00417000,417.0,normalDay
2021-06-09,7576.0,1112.0,0.0,100,421.65,409.0,0,0.0,0.0,,0.0,1,8.14,9.67,SPY210716C00417000,417.0,normalDay
2021-06-10,7576.0,1265.0,0.0,100,423.61,409.0,0,0.0,0.0,,0.0,1,8.14,10.1,SPY210716C00417000,417.0,normalDay
2021-06-11,7576.0,1314.0,0.0,100,424.31,409.0,0,0.0,0.0,,0.0,1,8.14,10.31,SPY210716C00417000,417.0,normalDay
2021-06-14,7576.0,1337.0,0.0,100,425.26,409.0,0,0.0,0.0,,0.0,1,8.14,11.03,SPY210716C00417000,417.0,normalDay
2021-06-15,7576.0,1321.0,0.0,100,424.48,409.0,0,0.0,0.0,,0.0,1,8.14,10.41,SPY210716C00417000,417.0,normalDay
2021-06-16,7576.0,1210.0,0.0,100,422.11,409.0,0,0.0,0.0,,0.0,1,8.14,9.15,SPY210716C00417000,417.0,normalDay
2021-06-17,7576.0,1242.0,0.0,100,421.97,409.0,0,0.0,0.0,,0.0,1,8.14,8.69,SPY210716C00417000,417.0,normalDay
2021-06-18,7576.0,815.0,0.0,100,414.92,409.0,0,0.0,0.0,,0.0,1,8.14,5.91,SPY210716C00417000,417.0,normalDay
2021-06-21,7576.0,1130.0,0.0,100,420.86,409.0,0,0.0,0.0,,0.0,1,8.14,8.7,SPY210716C00417000,417.0,normalDay
2021-06-22,7576.0,1281.0,0.0,100,423.11,409.0,0,0.0,0.0,,0.0,1,8.14,9.44,SPY210716C00417000,417.0,normalDay
2021-06-23,7576.0,1266.0,0.0,100,422.6,409.0,0,0.0,0.0,,0.0,1,8.14,9.08,SPY210716C00417000,417.0,normalDay
2021-06-24,7576.0,1351.0,0.0,100,425.1,409.0,0,0.0,0.0,,0.0,1,8.14,10.73,SPY210716C00417000,417.0,normalDay
2021-06-25,7576.0,1419.0,0.0,100,426.61,409.0,0,0.0,0.0,,0.0,1,8.14,11.56,SPY210716C00417000,417.0,normalDay
2021-06-28,7576.0,1453.0,0.0,100,427.47,409.0,0,0.0,0.0,,0.0,1,8.14,12.08,SPY210716C00417000,417.0,normalDay
2021-06-29,7576.0,1430.0,0.0,100,427.7,409.0,0,0.0,0.0,,0.0,1,8.14,12.54,SPY210716C00417000,417.0,normalDay
2021-06-30,7576.0,1424.0,0.0,100,428.06,409.0,0,0.0,0.0,,0.0,1,8.14,12.96,SPY210716C00417000,417.0,normalDay
2021-07-01,7576.0,1506.0,0.0,100,430.43,409.0,0,0.0,0.0,,0.0,1,8.14,14.51,SPY210716C00417000,417.0,normalDay
2021-07-02,7576.0,1565.0,0.0,100,433.72,409.0,0,0.0,0.0,,0.0,1,8.14,17.21,SPY210716C00417000,417.0,normalDay
2021-07-06,7576.0,1576.0,0.0,100,432.93,409.0,0,0.0,0.0,,0.0,1,8.14,16.31,SPY210716C00417000,417.0,normalDay
2021-07-07,7576.0,1583.0,0.0,100,434.46,409.0,0,0.0,0.0,,0.0,1,8.14,17.77,SPY210716C00417000,417.0,normalDay
2021-07-08,7576.0,1536.0,0.0,100,430.92,409.0,0,0.0,0.0,,0.0,1,8.14,14.7,SPY210716C00417000,417.0,normalDay
2021-07-09,7576.0,1584.0,0.0,100,435.52,409.0,0,0.0,0.0,,0.0,1,8.14,18.82,SPY210716C00417000,417.0,normalDay
2021-07-12,7576.0,1595.0,0.0,100,437.08,409.0,0,0.0,0.0,,0.0,1,8.14,20.27,SPY210716C00417000,417.0,normalDay
2021-07-13,7576.0,1610.0,0.0,100,435.59,409.0,0,0.0,0.0,,0.0,1,8.14,18.63,SPY210716C00417000,417.0,normalDay
2021-07-14,7576.0,1586.0,0.0,100,436.24,409.0,0,0.0,0.0,,0.0,1,8.14,19.52,SPY210716C00417000,417.0,normalDay
2021-07-15,7576.0,1637.0,0.0,100,434.75,409.0,0,0.0,0.0,,0.0,1,8.14,17.52,SPY210716C00417000,417.0,normalDay
2021-07-16,9190.0,1637.0,1614.0,0,431.34,0.0,0,0.0,0.0,,0.0,1,8.14,0.0,SPY210716C00417000,417.0,expirationDay
2021-07-19,9190.0,-3.0,0.0,0,424.97,0.0,1,0.6,0.63,SPY210721P00416000,416.0,0,0.0,0.0,,0.0,normalDay
2021-07-20,9190.0,57.0,0.0,0,431.06,0.0,1,0.6,0.03,SPY210721P00416000,416.0,0,0.0,0.0,,0.0,normalDay
2021-07-21,9250.0,0.0,60.0,0,434.55,0.0,1,0.6,0.0,SPY210721P00416000,416.0,0,0.0,0.0,,0.0,expirationDay
2021-07-22,9250.0,0.0,0.0,0,435.46,0.0,0,0.0,0.0,,0.0,0,0.0,0.0,,0.0,bidTooLow
2021-07-23,9250.0,0.0,0.0,0,439.94,0.0,0,0.0,0.0,,0.0,0,0.0,0.0,,0.0,bidTooLow
2021-07-26,9250.0,0.0,0.0,0,441.02,0.0,0,0.0,0.0,,0.0,0,0.0,0.0,,0.0,bidTooLow
2021-07-27,9250.0,-3.0,0.0,0,439.01,0.0,1,0.15,0.18,SPY210730P00422500,422.5,0,0.0,0.0,,0.0,normalDay
2021-07-28,9250.0,9.0,0.0,0,438.83,0.0,1,0.15,0.06,SPY210730P00422500,422.5,0,0.0,0.0,,0.0,normalDay
2021-07-29,9250.0,13.0,0.0,0,440.65,0.0,1,0.15,0.02,SPY210730P00422500,422.5,0,0.0,0.0,,0.0,normalDay
2021-07-30,9265.0,0.0,15.0,0,438.51,0.0,1,0.15,0.0,SPY210730P00422500,422.5,0,0.0,0.0,,0.0,expirationDay
2021-08-02,9265.0,-3.0,0.0,0,437.59,0.0,1,0.06,0.09,SPY210804P00425000,425.0,0,0.0,0.0,,0.0,normalDay
2021-08-03,9265.0,4.0,0.0,0,441.15,0.0,1,0.06,0.02,SPY210804P00425000,425.0,0,0.0,0.0,,0.0,normalDay
2021-08-04,9271.0,0.0,6.0,0,438.98,0.0,1,0.06,0.0,SPY210804P00425000,425.0,0,0.0,0.0,,0.0,expirationDay
2021-08-05,9271.0,0.0,0.0,0,441.76,0.0,0,0.0,0.0,,0.0,0,0.0,0.0,,0.0,bidTooLow
2021-08-06,9271.0,0.0,0.0,0,442.49,0.0,0,0.0,0.0,,0.0,0,0.0,0.0,,0.0,bidTooLow
2021-08-09,9271.0,0.0,0.0,0,442.13,0.0,0,0.0,0.0,,0.0,0,0.0,0.0,,0.0,bidTooLow
2021-08-10,9271.0,-3.0,0.0,0,442.68,0.0,1,0.06,0.09,SPY210813P00425000,425.0,0,0.0,0.0,,0.0,normalDay
2021-08-11,9271.0,1.0,0.0,0,443.78,0.0,1,0.06,0.05,SPY210813P00425000,425.0,0,0.0,0.0,,0.0,normalDay
2021-08-12,9271.0,3.0,0.0,0,445.11,0.0,1,0.06,0.03,SPY210813P00425000,425.0,0,0.0,0.0,,0.0,normalDay
2021-08-13,9277.0,0.0,6.0,0,445.92,0.0,1,0.06,0.0,SPY210813P00425000,425.0,0,0.0,0.0,,0.0,expirationDay
2021-08-16,9277.0,-3.0,0.0,0,446.97,0.0,1,0.03,0.06,SPY210818P00430000,430.0,0,0.0,0.0,,0.0,normalDay
2021-08-17,9277.0,-2.0,0.0,0,444.04,0.0,1,0.03,0.05,SPY210818P00430000,430.0,0,0.0,0.0,,0.0,normalDay
2021-08-18,9280.0,0.0,3.0,0,439.18,0.0,1,0.03,0.0,SPY210818P00430000,430.0,0,0.0,0.0,,0.0,expirationDay
2021-08-19,9280.0,-3.0,0.0,0,439.86,0.0,1,0.38,0.41,SPY210820P00434000,434.0,0,0.0,0.0,,0.0,normalDay
2021-08-20,9318.0,0.0,38.0,0,443.36,0.0,1,0.38,0.0,SPY210820P00434000,434.0,0,0.0,0.0,,0.0,expirationDay
2021-08-23,9318.0,-3.0,0.0,0,447.26,0.0,1,0.03,0.06,SPY210825P00434000,434.0,0,0.0,0.0,,0.0,normalDay
2021-08-24,9318.0,0.0,0.0,0,447.97,0.0,1,0.03,0.03,SPY210825P00434000,434.0,0,0.0,0.0,,0.0,normalDay
2021-08-25,9321.0,0.0,3.0,0,448.91,0.0,1,0.03,0.0,SPY210825P00434000,434.0,0,0.0,0.0,,0.0,expirationDay
2021-08-26,9321.0,-3.0,0.0,0,446.26,0.0,1,0.05,0.08,SPY210827P00434000,434.0,0,0.0,0.0,,0.0,normalDay
2021-08-27,9326.0,0.0,5.0,0,450.25,0.0,1,0.05,0.0,SPY210827P00434000,434.0,0,0.0,0.0,,0.0,expirationDay
2021-08-30,9326.0,-3.0,0.0,0,452.23,0.0,1,0.02,0.05,SPY210901P00435000,435.0,0,0.0,0.0,,0.0,normalDay
2021-08-31,9326.0,-1.0,0.0,0,451.56,0.0,1,0.02,0.03,SPY210901P00435000,435.0,0,0.0,0.0,,0.0,normalDay
2021-09-01,9328.0,0.0,2.0,0,451.8,0.0,1,0.02,0.0,SPY210901P00435000,435.0,0,0.0,0.0,,0.0,expirationDay
2021-09-02,9328.0,0.0,0.0,0,453.19,0.0,0,0.0,0.0,,0.0,0,0.0,0.0,,0.0,bidTooLow
2021-09-03,9328.0,0.0,0.0,0,453.08,0.0,0,0.0,0.0,,0.0,0,0.0,0.0,,0.0,bidTooLow
2021-09-07,9328.0,-3.0,0.0,0,451.46,0.0,1,0.1,0.13,SPY210910P00436000,436.0,0,0.0,0.0,,0.0,normalDay
2021-09-08,9328.0,2.0,0.0,0,450.91,0.0,1,0.1,0.08,SPY210910P00436000,436.0,0,0.0,0.0,,0.0,normalDay
2021-09-09,9328.0,5.0,0.0,0,448.98,0.0,1,0.1,0.05,SPY210910P00436000,436.0,0,0.0,0.0,,0.0,normalDay
2021-09-10,9338.0,0.0,10.0,0,445.44,0.0,1,0.1,0.0,SPY210910P00436000,436.0,0,0.0,0.0,,0.0,expirationDay
2021-09-13,9338.0,-3.0,0.0,0,446.58,0.0,1,0.4,0.43,SPY210915P00437000,437.0,0,0.0,0.0,,0.0,normalDay
2021-09-14,9338.0,21.0,0.0,0,444.17,0.0,1,0.4,0.19,SPY210915P00437000,437.0,0,0.0,0.0,,0.0,normalDay
2021-09-15,9378.0,0.0,40.0,0,447.88,0.0,1,0.4,0.0,SPY210915P00437000,437.0,0,0.0,0.0,,0.0,expirationDay
2021-09-16,9378.0,-3.0,0.0,0,447.17,0.0,1,0.16,0.19,SPY210917P00439000,439.0,0,0.0,0.0,,0.0,normalDay
2021-09-17,9394.0,0.0,16.0,0,441.4,0.0,1,0.16,0.0,SPY210917P00439000,439.0,0,0.0,0.0,,0.0,expirationDay
2021-09-20,9394.0,-5.0,0.0,0,434.04,0.0,1,4.18,4.23,SPY210922P00436000,436.0,0,0.0,0.0,,0.0,normalDay
2021-09-21,9394.0,54.0,0.0,0,433.63,0.0,1,4.18,3.64,SPY210922P00436000,436.0,0,0.0,0.0,,0.0,normalDay
2021-09-22,9812.0,0.0,418.0,0,437.86,0.0,1,4.18,0.0,SPY210922P00436000,436.0,0,0.0,0.0,,0.0,expirationDay
2021-09-23,9812.0,-3.0,0.0,0,443.18,0.0,1,0.03,0.06,SPY210924P00430000,430.0,0,0.0,0.0,,0.0,normalDay
2021-09-24,9815.0,0.0,3.0,0,443.91,0.0,1,0.03,0.0,SPY210924P00430000,430.0,0,0.0,0.0,,0.0,expirationDay
2021-09-27,9815.0,-3.0,0.0,0,442.64,0.0,1,0.23,0.26,SPY210930P00430000,430.0,0,0.0,0.0,,0.0,normalDay
2021-09-28,9815.0,-142.0,0.0,0,433.72,0.0,1,0.23,1.65,SPY210930P00430000,430.0,0,0.0,0.0,,0.0,normalDay
2021-09-29,9815.0,-40.0,0.0,0,434.45,0.0,1,0.23,0.63,SPY210930P00430000,430.0,0,0.0,0.0,,0.0,normalDay
2021-09-30,9838.0,-86.0,23.0,100,429.14,430.0,1,0.23,0.0,SPY210930P00430000,430.0,0,0.0,0.0,,0.0,expirationDay
2021-10-01,9838.0,418.0,0.0,100,434.24,430.0,0,0.0,0.0,,0.0,1,8.58,8.64,SPY211217C00444000,444.0,normalDay
2021-10-04,9838.0,71.0,0.0,100,428.64,430.0,0,0.0,0.0,,0.0,1,8.58,6.51,SPY211217C00444000,444.0,normalDay
2021-10-05,9838.0,393.0,0.0,100,433.1,430.0,0,0.0,0.0,,0.0,1,8.58,7.75,SPY211217C00444000,444.0,normalDay
2021-10-06,9838.0,513.0,0.0,100,434.9,430.0,0,0.0,0.0,,0.0,1,8.58,8.35,SPY211217C00444000,444.0,normalDay
2021-10-07,9838.0,740.0,0.0,100,438.66,430.0,0,0.0,0.0,,0.0,1,8.58,9.84,SPY211217C00444000,444.0,normalDay
2021-10-08,9838.0,759.0,0.0,100,437.86,430.0,0,0.0,0.0,,0.0,1,8.58,8.85,SPY211217C00444000,444.0,normalDay
2021-10-11,9838.0,594.0,0.0,100,434.69,430.0,0,0.0,0.0,,0.0,1,8.58,7.33,SPY211217C00444000,444.0,normalDay
2021-10-12,9838.0,596.0,0.0,100,433.62,430.0,0,0.0,0.0,,0.0,1,8.58,6.24,SPY211217C00444000,444.0,normalDay
2021-10-13,9838.0,697.0,0.0,100,435.18,430.0,0,0.0,0.0,,0.0,1,8.58,6.79,SPY211217C00444000,444.0,normalDay
2021-10-14,9838.0,1126.0,0.0,100,442.5,430.0,0,0.0,0.0,,0.0,1,8.58,9.82,SPY211217C00444000,444.0,normalDay
2021-10-15,9838.0,1279.0,0.0,100,445.87,430.0,0,0.0,0.0,,0.0,1,8.58,11.66,SPY211217C00444000,444.0,normalDay
2021-10-18,9838.0,1349.0,0.0,100,447.19,430.0,0,0.0,0.0,,0.0,1,8.58,12.28,SPY211217C00444000,444.0,normalDay
2021-10-19,9838.0,1447.0,0.0,100,450.64,430.0,0,0.0,0.0,,0.0,1,8.58,14.75,SPY211217C00444000,444.0,normalDay
2021-10-20,9838.0,1564.0,0.0,100,452.41,430.0,0,0.0,0.0,,0.0,1,8.58,15.35,SPY211217C00444000,444.0,normalDay
2021-10-21,9838.0,1601.0,0.0,100,453.59,430.0,0,0.0,0.0,,0.0,1,8.58,16.16,SPY211217C00444000,444.0,normalDay
2021-10-22,9838.0,1583.0,0.0,100,453.12,430.0,0,0.0,0.0,,0.0,1,8.58,15.87,SPY211217C00444000,444.0,normalDay
2021-10-25,9838.0,1707.0,0.0,100,455.55,430.0,0,0.0,0.0,,0.0,1,8.58,17.06,SPY211217C00444000,444.0,normalDay
2021-10-26,9838.0,1638.0,0.0,100,455.96,430.0,0,0.0,0.0,,0.0,1,8.58,18.16,SPY211217C00444000,444.0,normalDay
2021-10-27,9838.0,1558.0,0.0,100,453.94,430.0,0,0.0,0.0,,0.0,1,8.58,16.94,SPY211217C00444000,444.0,normalDay
2021-10-28,9838.0,1731.0,0.0,100,458.32,430.0,0,0.0,0.0,,0.0,1,8.58,19.59,SPY211217C00444000,444.0,normalDay
2021-10-29,9838.0,1718.0,0.0,100,459.25,430.0,0,0.0,0.0,,0.0,1,8.58,20.65,SPY211217C00444000,444.0,normalDay
2021-11-01,9838.0,1784.0,0.0,100,460.04,430.0,0,0.0,0.0,,0.0,1,8.58,20.78,SPY211217C00444000,444.0,normalDay
2021-11-02,9838.0,1854.0,0.0,100,461.9,430.0,0,0.0,0.0,,0.0,1,8.58,21.94,SPY211217C00444000,444.0,normalDay
2021-11-03,9838.0,1917.0,0.0,100,464.72,430.0,0,0.0,0.0,,0.0,1,8.58,24.13,SPY211217C00444000,444.0,normalDay
2021-11-04,9838.0,1961.0,0.0,100,466.91,430.0,0,0.0,0.0,,0.0,1,8.58,25.88,SPY211217C00444000,444.0,normalDay
2021-11-05,9838.0,1945.0,0.0,100,468.53,430.0,0,0.0,0.0,,0.0,1,8.58,27.66,SPY211217C00444000,444.0,normalDay
2021-11-08,9838.0,1961.0,0.0,100,468.93,430.0,0,0.0,0.0,,0.0,1,8.58,27.9,SPY211217C00444000,444.0,normalDay
2021-11-09,9838.0,1942.0,0.0,100,467.38,430.0,0,0.0,0.0,,0.0,1,8.58,26.54,SPY211217C00444000,444.0,normalDay
2021-11-10,9838.0,1845.0,0.0,100,463.62,430.0,0,0.0,0.0,,0.0,1,8.58,23.75,SPY211217C00444000,444.0,normalDay
2021-11-11,9838.0,1870.0,0.0,100,463.77,430.0,0,0.0,0.0,,0.0,1,8.58,23.65,SPY211217C00444000,444.0,normalDay
2021-11-12,9838.0,1956.0,0.0,100,467.27,430.0,0,0.0,0.0,,0.0,1,8.58,26.29,SPY211217C00444000,444.0,normalDay
2021-11-15,9838.0,2009.0,0.0,100,467.43,430.0,0,0.0,0.0,,0.0,1,8.58,25.92,SPY211217C00444000,444.0,normalDay
2021-11-16,9838.0,2025.0,0.0,100,469.28,430.0,0,0.0,0.0,,0.0,1,8.58,27.61,SPY211217C00444000,444.0,normalDay
2021-11-17,9838.0,2037.0,0.0,100,468.14,430.0,0,0.0,0.0,,0.0,1,8.58,26.35,SPY211217C00444000,444.0,normalDay
2021-11-18,9838.0,2035.0,0.0,100,469.73,430.0,0,0.0,0.0,,0.0,1,8.58,27.96,SPY211217C00444000,444.0,normalDay
2021-11-19,9838.0,2018.0,0.0,100,468.89,430.0,0,0.0,0.0,,0.0,1,8.58,27.29,SPY211217C00444000,444.0,normalDay
2021-11-22,9838.0,2019.0,0.0,100,467.57,430.0,0,0.0,0.0,,0.0,1,8.58,25.96,SPY211217C00444000,444.0,normalDay
2021-11-23,9838.0,2059.0,0.0,100,468.19,430.0,0,0.0,0.0,,0.0,1,8.58,26.18,SPY211217C00444000,444.0,normalDay
2021-11-24,9838.0,2058.0,0.0,100,469.44,430.0,0,0.0,0.0,,0.0,1,8.58,27.44,SPY211217C00444000,444.0,normalDay
2021-11-26,9838.0,1694.0,0.0,100,458.97,430.0,0,0.0,0.0,,0.0,1,8.58,20.61,SPY211217C00444000,444.0,normalDay
2021-11-29,9838.0,1970.0,0.0,100,464.6,430.0,0,0.0,0.0,,0.0,1,8.58,23.48,SPY211217C00444000,444.0,normalDay
2021-11-30,9838.0,1541.0,0.0,100,455.56,430.0,0,0.0,0.0,,0.0,1,8.58,18.73,SPY211217C00444000,444.0,normalDay
2021-12-01,9838.0,1486.0,0.0,100,450.5,430.0,0,0.0,0.0,,0.0,1,8.58,14.22,SPY211217C00444000,444.0,normalDay
2021-12-02,9838.0,1814.0,0.0,100,457.4,430.0,0,0.0,0.0,,0.0,1,8.58,17.84,SPY211217C00444000,444.0,normalDay
2021-12-03,9838.0,1637.0,0.0,100,453.42,430.0,0,0.0,0.0,,0.0,1,8.58,15.63,SPY211217C00444000,444.0,normalDay
2021-12-06,9838.0,1948.0,0.0,100,458.79,430.0,0,0.0,0.0,,0.0,1,8.58,17.89,SPY211217C00444000,444.0,normalDay
2021-12-07,9838.0,2136.0,0.0,100,468.28,430.0,0,0.0,0.0,,0.0,1,8.58,25.5,SPY211217C00444000,444.0,normalDay
2021-12-08,9838.0,2225.0,0.0,100,469.52,430.0,0,0.0,0.0,,0.0,1,8.58,25.85,SPY211217C00444000,444.0,normalDay
2021-12-09,9838.0,2191.0,0.0,100,466.35,430.0,0,0.0,0.0,,0.0,1,8.58,23.02,SPY211217C00444000,444.0,normalDay
2021-12-10,9838.0,2234.0,0.0,100,470.74,430.0,0,0.0,0.0,,0.0,1,8.58,26.98,SPY211217C00444000,444.0,normalDay
2021-12-13,9838.0,2252.0,0.0,100,466.57,430.0,0,0.0,0.0,,0.0,1,8.58,22.63,SPY211217C00444000,444.0,normalDay
2021-12-14,9838.0,2239.0,0.0,100,463.36,430.0,0,0.0,0.0,,0.0,1,8.58,19.55,SPY211217C00444000,444.0,normalDay
2021-12-15,9838.0,2201.0,0.0,100,470.6,430.0,0,0.0,0.0,,0.0,1,8.58,27.17,SPY211217C00444000,444.0,normalDay
2021-12-16,9838.0,2188.0,0.0,100,466.45,430.0,0,0.0,0.0,,0.0,1,8.58,23.15,SPY211217C00444000,444.0,normalDay
2021-12-17,12096.0,2188.0,2258.0,0,459.87,0.0,0,0.0,0.0,,0.0,1,8.58,0.0,SPY211217C00444000,444.0,expirationDay
2021-12-20,12096.0,-3.0,0.0,0,454.98,0.0,1,0.94,0.97,SPY211223P00446000,446.0,0,0.0,0.0,,0.0,normalDay
2021-12-21,12096.0,85.0,0.0,0,463.06,0.0,1,0.94,0.09,SPY211223P00446000,446.0,0,0.0,0.0,,0.0,normalDay
2021-12-22,12096.0,92.0,0.0,0,467.69,0.0,1,0.94,0.02,SPY211223P00446000,446.0,0,0.0,0.0,,0.0,normalDay
2021-12-23,12190.0,0.0,94.0,0,470.6,0.0,1,0.94,0.0,SPY211223P00446000,446.0,0,0.0,0.0,,0.0,expirationDay
2021-12-27,12190.0,0.0,0.0,0,477.26,0.0,0,0.0,0.0,,0.0,0,0.0,0.0,,0.0,bidTooLow
2021-12-28,12190.0,-3.0,0.0,0,476.87,0.0,1,0.01,0.04,SPY211231P00444000,444.0,0,0.0,0.0,,0.0,normalDay
2021-12-29,12190.0,-1.0,0.0,0,477.48,0.0,1,0.01,0.02,SPY211231P00444000,444.0,0,0.0,0.0,,0.0,normalDay
2021-12-30,12190.0,-1.0,0.0,0,476.16,0.0,1,0.01,0.02,SPY211231P00444000,444.0,0,0.0,0.0,,0.0,normalDay
2021-12-31,12191.0,0.0,1.0,0,474.96,0.0,1,0.01,0.0,SPY211231P00444000,444.0,0,0.0,0.0,,0.0,expirationDay
2022-01-03,12191.0,0.0,0.0,0,477.71,0.0,0,0.0,0.0,,0.0,0,0.0,0.0,,0.0,bidTooLow
2022-01-04,12191.0,0.0,0.0,0,477.55,0.0,0,0.0,0.0,,0.0,0,0.0,0.0,,0.0,bidTooLow
2022-01-05,12191.0,-3.0,0.0,0,468.38,0.0,1,0.1,0.13,SPY220107P00452000,452.0,0,0.0,0.0,,0.0,normalDay
2022-01-06,12191.0,7.0,0.0,0,467.94,0.0,1,0.1,0.03,SPY220107P00452000,452.0,0,0.0,0.0,,0.0,normalDay
2022-01-07,12201.0,0.0,10.0,0,466.09,0.0,1,0.1,0.0,SPY220107P00452000,452.0,0,0.0,0.0,,0.0,expirationDay
2022-01-10,12201.0,-3.0,0.0,0,465.51,0.0,1,0.17,0.2,SPY220112P00452000,452.0,0,0.0,0.0,,0.0,normalDay
2022-01-11,12201.0,14.0,0.0,0,469.75,0.0,1,0.17,0.03,SPY220112P00452000,452.0,0,0.0,0.0,,0.0,normalDay
2022-01-12,12218.0,0.0,17.0,0,471.02,0.0,1,0.17,0.0,SPY220112P00452000,452.0,0,0.0,0.0,,0.0,expirationDay
2022-01-13,12218.0,-3.0,0.0,0,464.53,0.0,1,0.07,0.1,SPY220114P00452000,452.0,0,0.0,0.0,,0.0,normalDay
2022-01-14,12225.0,0.0,7.0,0,464.72,0.0,1,0.07,0.0,SPY220114P00452000,452.0,0,0.0,0.0,,0.0,expirationDay
2022-01-18,12225.0,-3.0,0.0,0,456.49,0.0,1,2.16,2.19,SPY220121P00451000,451.0,0,0.0,0.0,,0.0,normalDay
2022-01-19,12225.0,-61.0,0.0,0,451.75,0.0,1,2.16,2.77,SPY220121P00451000,451.0,0,0.0,0.0,,0.0,normalDay
2022-01-20,12225.0,-324.0,0.0,0,446.75,0.0,1,2.16,5.4,SPY220121P00451000,451.0,0,0.0,0.0,,0.0,normalDay
2022-01-21,12441.0,-1302.0,216.0,100,437.98,451.0,1,2.16,0.0,SPY220121P00451000,451.0,0,0.0,0.0,,0.0,expirationDay
2022-01-24,12441.0,-1125.0,0.0,100,439.84,451.0,0,0.0,0.0,,0.0,1,4.93,5.02,SPY220414C00468000,468.0,normalDay
2022-01-25,12441.0,-1524.0,0.0,100,434.47,451.0,0,0.0,0.0,,0.0,1,4.93,3.64,SPY220414C00468000,468.0,normalDay
2022-01-26,12441.0,-1624.0,0.0,100,433.38,451.0,0,0.0,0.0,,0.0,1,4.93,3.55,SPY220414C00468000,468.0,normalDay
2022-01-27,12441.0,-1800.0,0.0,100,431.24,451.0,0,0.0,0.0,,0.0,1,4.93,3.17,SPY220414C00468000,468.0,normalDay
2022-01-28,12441.0,-896.0,0.0,100,441.95,451.0,0,0.0,0.0,,0.0,1,4.93,4.84,SPY220414C00468000,468.0,normalDay
2022-01-31,12441.0,-246.0,0.0,100,449.91,451.0,0,0.0,0.0,,0.0,1,4.93,6.3,SPY220414C00468000,468.0,normalDay
2022-02-01,12441.0,15.0,0.0,100,452.95,451.0,0,0.0,0.0,,0.0,1,4.93,6.73,SPY220414C00468000,468.0,normalDay
2022-02-02,12441.0,372.0,0.0,100,457.35,451.0,0,0.0,0.0,,0.0,1,4.93,7.56,SPY220414C00468000,468.0,normalDay
2022-02-03,12441.0,-574.0,0.0,100,446.6,451.0,0,0.0,0.0,,0.0,1,4.93,6.27,SPY220414C00468000,468.0,normalDay
2022-02-04,12441.0,-276.0,0.0,100,448.7,451.0,0,0.0,0.0,,0.0,1,4.93,5.39,SPY220414C00468000,468.0,normalDay
2022-02-07,12441.0,-372.0,0.0,100,447.26,451.0,0,0.0,0.0,,0.0,1,4.93,4.91,SPY220414C00468000,468.0,normalDay
2022-02-08,12441.0,-60.0,0.0,100,450.94,451.0,0,0.0,0.0,,0.0,1,4.93,5.47,SPY220414C00468000,468.0,normalDay
2022-02-09,12441.0,415.0,0.0,100,457.54,451.0,0,0.0,0.0,,0.0,1,4.93,7.32,SPY220414C00468000,468.0,normalDay
2022-02-10,12441.0,-198.0,0.0,100,449.32,451.0,0,0.0,0.0,,0.0,1,4.93,5.23,SPY220414C00468000,468.0,normalDay
2022-02-11,12441.0,-919.0,0.0,100,440.46,451.0,0,0.0,0.0,,0.0,1,4.93,3.58,SPY220414C00468000,468.0,normalDay
2022-02-14,12441.0,-1009.0,0.0,100,439.02,451.0,0,0.0,0.0,,0.0,1,4.93,3.04,SPY220414C00468000,468.0,normalDay
2022-02-15,12441.0,-369.0,0.0,100,446.1,451.0,0,0.0,0.0,,0.0,1,4.93,3.72,SPY220414C00468000,468.0,normalDay
2022-02-16,12441.0,-295.0,0.0,100,446.6,451.0,0,0.0,0.0,,0.0,1,4.93,3.48,SPY220414C00468000,468.0,normalDay
2022-02-17,12441.0,-1116.0,0.0,100,437.06,451.0,0,0.0,0.0,,0.0,1,4.93,2.15,SPY220414C00468000,468.0,normalDay
2022-02-18,12441.0,-1365.0,0.0,100,434.23,451.0,0,0.0,0.0,,0.0,1,4.93,1.81,SPY220414C00468000,468.0,normalDay
2022-02-22,12441.0,-1783.0,0.0,100,429.57,451.0,0,0.0,0.0,,0.0,1,4.93,1.33,SPY220414C00468000,468.0,normalDay
2022-02-23,12441.0,-2492.0,0.0,100,421.95,451.0,0,0.0,0.0,,0.0,1,4.93,0.8,SPY220414C00468000,468.0,normalDay
2022-02-24,12441.0,-1881.0,0.0,100,428.3,451.0,0,0.0,0.0,,0.0,1,4.93,1.04,SPY220414C00468000,468.0,normalDay
2022-02-25,12441.0,-1020.0,0.0,100,437.75,451.0,0,0.0,0.0,,0.0,1,4.93,1.88,SPY220414C00468000,468.0,normalDay
2022-02-28,12441.0,-1135.0,0.0,100,436.63,451.0,0,0.0,0.0,,0.0,1,4.93,1.91,SPY220414C00468000,468.0,normalDay
2022-03-01,12441.0,-1764.0,0.0,100,429.98,451.0,0,0.0,0.0,,0.0,1,4.93,1.55,SPY220414C00468000,468.0,normalDay
2022-03-02,12441.0,-1017.0,0.0,100,437.89,451.0,0,0.0,0.0,,0.0,1,4.93,1.99,SPY220414C00468000,468.0,normalDay
2022-03-03,12441.0,-1192.0,0.0,100,435.71,451.0,0,0.0,0.0,,0.0,1,4.93,1.56,SPY220414C00468000,468.0,normalDay
2022-03-04,12441.0,-1501.0,0.0,100,432.17,451.0,0,0.0,0.0,,0.0,1,4.93,1.11,SPY220414C00468000,468.0,normalDay
2022-03-07,12441.0,-2713.0,0.0,100,419.43,451.0,0,0.0,0.0,,0.0,1,4.93,0.49,SPY220414C00468000,468.0,normalDay
2022-03-08,12441.0,-3021.0,0.0,100,416.25,451.0,0,0.0,0.0,,0.0,1,4.93,0.39,SPY220414C00468000,468.0,normalDay
2022-03-09,12441.0,-1938.0,0.0,100,427.41,451.0,0,0.0,0.0,,0.0,1,4.93,0.72,SPY220414C00468000,468.0,normalDay
2022-03-10,12441.0,-2108.0,0.0,100,425.48,451.0,0,0.0,0.0,,0.0,1,4.93,0.49,SPY220414C00468000,468.0,normalDay
2022-03-11,12441.0,-2636.0,0.0,100,420.07,451.0,0,0.0,0.0,,0.0,1,4.93,0.36,SPY220414C00468000,468.0,normalDay
2022-03-14,12441.0,-2933.0,0.0,100,417.0,451.0,0,0.0,0.0,,0.0,1,4.93,0.26,SPY220414C00468000,468.0,normalDay
2022-03-15,12441.0,-2031.0,0.0,100,426.17,451.0,0,0.0,0.0,,0.0,1,4.93,0.41,SPY220414C00468000,468.0,normalDay
2022-03-16,12441.0,-1109.0,0.0,100,435.62,451.0,0,0.0,0.0,,0.0,1,4.93,0.64,SPY220414C00468000,468.0,normalDay
2022-03-17,12441.0,-584.0,0.0,100,441.07,451.0,0,0.0,0.0,,0.0,1,4.93,0.84,SPY220414C00468000,468.0,normalDay
2022-03-18,12441.0,-270.0,0.0,100,444.52,451.0,0,0.0,0.0,,0.0,1,4.93,1.15,SPY220414C00468000,468.0,normalDay
2022-03-21,12441.0,-254.0,0.0,100,444.39,451.0,0,0.0,0.0,,0.0,1,4.93,0.86,SPY220414C00468000,468.0,normalDay
2022-03-22,12441.0,220.0,0.0,100,449.59,451.0,0,0.0,0.0,,0.0,1,4.93,1.32,SPY220414C00468000,468.0,normalDay
2022-03-23,12441.0,-288.0,0.0,100,443.8,451.0,0,0.0,0.0,,0.0,1,4.93,0.61,SPY220414C00468000,468.0,normalDay
2022-03-24,12441.0,335.0,0.0,100,450.49,451.0,0,0.0,0.0,,0.0,1,4.93,1.07,SPY220414C00468000,468.0,normalDay
2022-03-25,12441.0,551.0,0.0,100,452.69,451.0,0,0.0,0.0,,0.0,1,4.93,1.11,SPY220414C00468000,468.0,normalDay
2022-03-28,12441.0,860.0,0.0,100,455.91,451.0,0,0.0,0.0,,0.0,1,4.93,1.24,SPY220414C00468000,468.0,normalDay
2022-03-29,12441.0,1290.0,0.0,100,461.55,451.0,0,0.0,0.0,,0.0,1,4.93,2.58,SPY220414C00468000,468.0,normalDay
2022-03-30,12441.0,1074.0,0.0,100,458.7,451.0,0,0.0,0.0,,0.0,1,4.93,1.89,SPY220414C00468000,468.0,normalDay
2022-03-31,12441.0,489.0,0.0,100,451.64,451.0,0,0.0,0.0,,0.0,1,4.93,0.68,SPY220414C00468000,468.0,normalDay
2022-04-01,12441.0,646.0,0.0,100,452.92,451.0,0,0.0,0.0,,0.0,1,4.93,0.39,SPY220414C00468000,468.0,normalDay
2022-04-04,12441.0,1024.0,0.0,100,456.8,451.0,0,0.0,0.0,,0.0,1,4.93,0.49,SPY220414C00468000,468.0,normalDay
2022-04-05,12441.0,477.0,0.0,100,451.03,451.0,0,0.0,0.0,,0.0,1,4.93,0.19,SPY220414C00468000,468.0,normalDay
2022-04-06,12441.0,39.0,0.0,100,446.52,451.0,0,0.0,0.0,,0.0,1,4.93,0.06,SPY220414C00468000,468.0,normalDay
2022-04-07,12441.0,264.0,0.0,100,448.77,451.0,0,0.0,0.0,,0.0,1,4.93,0.06,SPY220414C00468000,468.0,normalDay
2022-04-08,12441.0,148.0,0.0,100,447.57,451.0,0,0.0,0.0,,0.0,1,4.93,0.02,SPY220414C00468000,468.0,normalDay
2022-04-11,12441.0,-617.0,0.0,100,439.92,451.0,0,0.0,0.0,,0.0,1,4.93,0.02,SPY220414C00468000,468.0,normalDay
2022-04-12,12441.0,-779.0,0.0,100,438.29,451.0,0,0.0,0.0,,0.0,1,4.93,0.01,SPY220414C00468000,468.0,normalDay
2022-04-13,12441.0,-277.0,0.0,100,443.31,451.0,0,0.0,0.0,,0.0,1,4.93,0.01,SPY220414C00468000,468.0,normalDay
2022-04-14,12934.0,-1321.0,493.0,100,437.79,451.0,0,0.0,0.0,,0.0,1,4.93,0.0,SPY220414C00468000,468.0,expirationDay
2022-04-18,12934.0,-1310.0,0.0,100,437.97,451.0,0,0.0,0.0,,0.0,1,9.21,9.28,SPY220630C00450000,450.0,normalDay
2022-04-19,12934.0,-774.0,0.0,100,445.04,451.0,0,0.0,0.0,,0.0,1,9.21,10.99,SPY220630C00450000,450.0,normalDay
2022-04-20,12934.0,-894.0,0.0,100,444.71,451.0,0,0.0,0.0,,0.0,1,9.21,11.86,SPY220630C00450000,450.0,normalDay
2022-04-21,12934.0,-1232.0,0.0,100,438.06,451.0,0,0.0,0.0,,0.0,1,9.21,8.59,SPY220630C00450000,450.0,normalDay
2022-04-22,12934.0,-2088.0,0.0,100,426.04,451.0,0,0.0,0.0,,0.0,1,9.21,5.13,SPY220630C00450000,450.0,normalDay
2022-04-25,12934.0,-1894.0,0.0,100,428.51,451.0,0,0.0,0.0,,0.0,1,9.21,5.66,SPY220630C00450000,450.0,normalDay
2022-04-26,12934.0,-2881.0,0.0,100,416.1,451.0,0,0.0,0.0,,0.0,1,9.21,3.12,SPY220630C00450000,450.0,normalDay
2022-04-27,12934.0,-2797.0,0.0,100,417.27,451.0,0,0.0,0.0,,0.0,1,9.21,3.45,SPY220630C00450000,450.0,normalDay
2022-04-28,12934.0,-1917.0,0.0,100,427.81,451.0,0,0.0,0.0,,0.0,1,9.21,5.19,SPY220630C00450000,450.0,normalDay
2022-04-29,12934.0,-3245.0,0.0,100,412.0,451.0,0,0.0,0.0,,0.0,1,9.21,2.66,SPY220630C00450000,450.0,normalDay
2022-05-02,12934.0,-3022.0,0.0,100,414.48,451.0,0,0.0,0.0,,0.0,1,9.21,2.91,SPY220630C00450000,450.0,normalDay
2022-05-03,12934.0,-2815.0,0.0,100,416.38,451.0,0,0.0,0.0,,0.0,1,9.21,2.74,SPY220630C00450000,450.0,normalDay
2022-05-04,12934.0,-1758.0,0.0,100,429.06,451.0,0,0.0,0.0,,0.0,1,9.21,4.85,SPY220630C00450000,450.0,normalDay
2022-05-05,12934.0,-3054.0,0.0,100,413.81,451.0,0,0.0,0.0,,0.0,1,9.21,2.56,SPY220630C00450000,450.0,normalDay
2022-05-06,12934.0,-3241.0,0.0,100,411.34,451.0,0,0.0,0.0,,0.0,1,9.21,1.96,SPY220630C00450000,450.0,normalDay
2022-05-09,12934.0,-4483.0,0.0,100,398.17,451.0,0,0.0,0.0,,0.0,1,9.21,1.21,SPY220630C00450000,450.0,normalDay
2022-05-10,12934.0,-4364.0,0.0,100,399.09,451.0,0,0.0,0.0,,0.0,1,9.21,0.94,SPY220630C00450000,450.0,normalDay
2022-05-11,12934.0,-4974.0,0.0,100,392.75,451.0,0,0.0,0.0,,0.0,1,9.21,0.7,SPY220630C00450000,450.0,normalDay
2022-05-12,12934.0,-5003.0,0.0,100,392.34,451.0,0,0.0,0.0,,0.0,1,9.21,0.58,SPY220630C00450000,450.0,normalDay
2022-05-13,12934.0,-4070.0,0.0,100,401.72,451.0,0,0.0,0.0,,0.0,1,9.21,0.63,SPY220630C00450000,450.0,normalDay
2022-05-16,12934.0,-4211.0,0.0,100,400.09,451.0,0,0.0,0.0,,0.0,1,9.21,0.41,SPY220630C00450000,450.0,normalDay
2022-05-17,12934.0,-3418.0,0.0,100,408.32,451.0,0,0.0,0.0,,0.0,1,9.21,0.71,SPY220630C00450000,450.0,normalDay
2022-05-18,12934.0,-5018.0,0.0,100,391.86,451.0,0,0.0,0.0,,0.0,1,9.21,0.25,SPY220630C00450000,450.0,normalDay
2022-05-19,12934.0,-5253.0,0.0,100,389.46,451.0,0,0.0,0.0,,0.0,1,9.21,0.2,SPY220630C00450000,450.0,normalDay
2022-05-20,12934.0,-5236.0,0.0,100,389.63,451.0,0,0.0,0.0,,0.0,1,9.21,0.2,SPY220630C00450000,450.0,normalDay
2022-05-23,12934.0,-4518.0,0.0,100,396.92,451.0,0,0.0,0.0,,0.0,1,9.21,0.31,SPY220630C00450000,450.0,normalDay
2022-05-24,12934.0,-4819.0,0.0,100,393.89,451.0,0,0.0,0.0,,0.0,1,9.21,0.29,SPY220630C00450000,450.0,normalDay
2022-05-25,12934.0,-4472.0,0.0,100,397.37,451.0,0,0.0,0.0,,0.0,1,9.21,0.3,SPY220630C00450000,450.0,normalDay
2022-05-26,12934.0,-3695.0,0.0,100,405.31,451.0,0,0.0,0.0,,0.0,1,9.21,0.47,SPY220630C00450000,450.0,normalDay
2022-05-27,12934.0,-2744.0,0.0,100,415.26,451.0,0,0.0,0.0,,0.0,1,9.21,0.91,SPY220630C00450000,450.0,normalDay
2022-05-31,12934.0,-2934.0,0.0,100,412.93,451.0,0,0.0,0.0,,0.0,1,9.21,0.48,SPY220630C00450000,450.0,normalDay
2022-06-01,12934.0,-3248.0,0.0,100,409.59,451.0,0,0.0,0.0,,0.0,1,9.21,0.28,SPY220630C00450000,450.0,normalDay
2022-06-02,12934.0,-2489.0,0.0,100,417.39,451.0,0,0.0,0.0,,0.0,1,9.21,0.49,SPY220630C00450000,450.0,normalDay
2022-06-03,12934.0,-3148.0,0.0,100,410.54,451.0,0,0.0,0.0,,0.0,1,9.21,0.23,SPY220630C00450000,450.0,normalDay
2022-06-06,12934.0,-3022.0,0.0,100,411.79,451.0,0,0.0,0.0,,0.0,1,9.21,0.22,SPY220630C00450000,450.0,normalDay
2022-06-07,12934.0,-2628.0,0.0,100,415.74,451.0,0,0.0,0.0,,0.0,1,9.21,0.23,SPY220630C00450000,450.0,normalDay
2022-06-08,12934.0,-3070.0,0.0,100,411.22,451.0,0,0.0,0.0,,0.0,1,9.21,0.13,SPY220630C00450000,450.0,normalDay
2022-06-09,12934.0,-4043.0,0.0,100,401.44,451.0,0,0.0,0.0,,0.0,1,9.21,0.08,SPY220630C00450000,450.0,normalDay
2022-06-10,12934.0,-5203.0,0.0,100,389.8,451.0,0,0.0,0.0,,0.0,1,9.21,0.04,SPY220630C00450000,450.0,normalDay
2022-06-13,12934.0,-6683.0,0.0,100,375.0,451.0,0,0.0,0.0,,0.0,1,9.21,0.04,SPY220630C00450000,450.0,normalDay
2022-06-14,12934.0,-6796.0,0.0,100,373.87,451.0,0,0.0,0.0,,0.0,1,9.21,0.04,SPY220630C00450000,450.0,normalDay
2022-06-15,12934.0,-6262.0,0.0,100,379.2,451.0,0,0.0,0.0,,0.0,1,9.21,0.03,SPY220630C00450000,450.0,normalDay
2022-06-16,12934.0,-7517.0,0.0,100,366.65,451.0,0,0.0,0.0,,0.0,1,9.21,0.03,SPY220630C00450000,450.0,normalDay
2022-06-17,12934.0,-7595.0,0.0,100,365.86,451.0,0,0.0,0.0,,0.0,1,9.21,0.02,SPY220630C00450000,450.0,normalDay
2022-06-21,12934.0,-6674.0,0.0,100,375.07,451.0,0,0.0,0.0,,0.0,1,9.21,0.02,SPY220630C00450000,450.0,normalDay
2022-06-22,12934.0,-6742.0,0.0,100,374.39,451.0,0,0.0,0.0,,0.0,1,9.21,0.02,SPY220630C00450000,450.0,normalDay
2022-06-23,12934.0,-6374.0,0.0,100,378.06,451.0,0,0.0,0.0,,0.0,1,9.21,0.01,SPY220630C00450000,450.0,normalDay
2022-06-24,12934.0,-5172.0,0.0,100,390.08,451.0,0,0.0,0.0,,0.0,1,9.21,0.01,SPY220630C00450000,450.0,normalDay
2022-06-27,12934.0,-5321.0,0.0,100,388.59,451.0,0,0.0,0.0,,0.0,1,9.21,0.01,SPY220630C00450000,450.0,normalDay
2022-06-28,12934.0,-6115.0,0.0,100,380.65,451.0,0,0.0,0.0,,0.0,1,9.21,0.01,SPY220630C00450000,450.0,normalDay
2022-06-29,12934.0,-6146.0,0.0,100,380.34,451.0,0,0.0,0.0,,0.0,1,9.21,0.01,SPY220630C00450000,450.0,normalDay
2022-06-30,13855.0,-7375.0,921.0,100,377.25,451.0,0,0.0,0.0,,0.0,1,9.21,0.0,SPY220630C00450000,450.0,expirationDay
2022-07-01,13855.0,-6983.0,0.0,100,381.24,451.0,0,0.0,0.0,,0.0,1,13.3,13.37,SPY220916C00389000,389.0,normalDay
2022-07-05,13855.0,-6906.0,0.0,100,381.96,451.0,0,0.0,0.0,,0.0,1,13.3,13.32,SPY220916C00389000,389.0,normalDay
2022-07-06,13855.0,-6862.0,0.0,100,383.25,451.0,0,0.0,0.0,,0.0,1,13.3,14.17,SPY220916C00389000,389.0,normalDay
2022-07-07,13855.0,-6540.0,0.0,100,388.99,451.0,0,0.0,0.0,,0.0,1,13.3,16.69,SPY220916C00389000,389.0,normalDay
2022-07-08,13855.0,-6535.0,0.0,100,388.67,451.0,0,0.0,0.0,,0.0,1,13.3,16.32,SPY220916C00389000,389.0,normalDay
2022-07-11,13855.0,-6737.0,0.0,100,384.23,451.0,0,0.0,0.0,,0.0,1,13.3,13.9,SPY220916C00389000,389.0,normalDay
2022-07-12,13855.0,-6862.0,0.0,100,380.83,451.0,0,0.0,0.0,,0.0,1,13.3,11.75,SPY220916C00389000,389.0,normalDay
2022-07-13,13855.0,-6939.0,0.0,100,378.83,451.0,0,0.0,0.0,,0.0,1,13.3,10.52,SPY220916C00389000,389.0,normalDay
2022-07-14,13855.0,-6991.0,0.0,100,377.91,451.0,0,0.0,0.0,,0.0,1,13.3,10.12,SPY220916C00389000,389.0,normalDay
2022-07-15,13855.0,-6531.0,0.0,100,385.13,451.0,0,0.0,0.0,,0.0,1,13.3,12.74,SPY220916C00389000,389.0,normalDay
2022-07-18,13855.0,-6702.0,0.0,100,381.95,451.0,0,0.0,0.0,,0.0,1,13.3,11.27,SPY220916C00389000,389.0,normalDay
2022-07-19,13855.0,-6266.0,0.0,100,392.27,451.0,0,0.0,0.0,,0.0,1,13.3,17.23,SPY220916C00389000,389.0,normalDay
2022-07-20,13855.0,-6135.0,0.0,100,394.77,451.0,0,0.0,0.0,,0.0,1,13.3,18.42,SPY220916C00389000,389.0,normalDay
2022-07-21,13855.0,-5905.0,0.0,100,398.79,451.0,0,0.0,0.0,,0.0,1,13.3,20.14,SPY220916C00389000,389.0,normalDay
2022-07-22,13855.0,-5992.0,0.0,100,395.09,451.0,0,0.0,0.0,,0.0,1,13.3,17.31,SPY220916C00389000,389.0,normalDay
2022-07-25,13855.0,-5995.0,0.0,100,395.57,451.0,0,0.0,0.0,,0.0,1,13.3,17.82,SPY220916C00389000,389.0,normalDay
2022-07-26,13855.0,-6223.0,0.0,100,390.89,451.0,0,0.0,0.0,,0.0,1,13.3,15.42,SPY220916C00389000,389.0,normalDay
2022-07-27,13855.0,-5718.0,0.0,100,401.04,451.0,0,0.0,0.0,,0.0,1,13.3,20.52,SPY220916C00389000,389.0,normalDay
2022-07-28,13855.0,-5675.0,0.0,100,406.07,451.0,0,0.0,0.0,,0.0,1,13.3,25.12,SPY220916C00389000,389.0,normalDay
2022-07-29,13855.0,-5453.0,0.0,100,411.99,451.0,0,0.0,0.0,,0.0,1,13.3,28.82,SPY220916C00389000,389.0,normalDay
2022-08-01,13855.0,-5507.0,0.0,100,410.77,451.0,0,0.0,0.0,,0.0,1,13.3,28.14,SPY220916C00389000,389.0,normalDay
2022-08-02,13855.0,-5574.0,0.0,100,408.06,451.0,0,0.0,0.0,,0.0,1,13.3,26.1,SPY220916C00389000,389.0,normalDay
2022-08-03,13855.0,-5356.0,0.0,100,414.45,451.0,0,0.0,0.0,,0.0,1,13.3,30.31,SPY220916C00389000,389.0,normalDay
2022-08-04,13855.0,-5384.0,0.0,100,414.17,451.0,0,0.0,0.0,,0.0,1,13.3,30.31,SPY220916C00389000,389.0,normalDay
2022-08-05,13855.0,-5316.0,0.0,100,413.47,451.0,0,0.0,0.0,,0.0,1,13.3,28.93,SPY220916C00389000,389.0,normalDay
2022-08-08,13855.0,-5351.0,0.0,100,412.99,451.0,0,0.0,0.0,,0.0,1,13.3,28.8,SPY220916C00389000,389.0,normalDay
2022-08-09,13855.0,-5387.0,0.0,100,411.35,451.0,0,0.0,0.0,,0.0,1,13.3,27.52,SPY220916C00389000,389.0,normalDay
2022-08-10,13855.0,-5163.0,0.0,100,419.99,451.0,0,0.0,0.0,,0.0,1,13.3,33.92,SPY220916C00389000,389.0,normalDay
2022-08-11,13855.0,-5220.0,0.0,100,419.99,451.0,0,0.0,0.0,,0.0,1,13.3,34.49,SPY220916C00389000,389.0,normalDay
2022-08-12,13855.0,-5071.0,0.0,100,427.1,451.0,0,0.0,0.0,,0.0,1,13.3,40.11,SPY220916C00389000,389.0,normalDay
2022-08-15,13855.0,-5051.0,0.0,100,428.86,451.0,0,0.0,0.0,,0.0,1,13.3,41.67,SPY220916C00389000,389.0,normalDay
2022-08-16,13855.0,-5022.0,0.0,100,429.7,451.0,0,0.0,0.0,,0.0,1,13.3,42.22,SPY220916C00389000,389.0,normalDay
2022-08-17,13855.0,-5077.0,0.0,100,426.65,451.0,0,0.0,0.0,,0.0,1,13.3,39.72,SPY220916C00389000,389.0,normalDay
2022-08-18,13855.0,-5016.0,0.0,100,427.89,451.0,0,0.0,0.0,,0.0,1,13.3,40.35,SPY220916C00389000,389.0,normalDay
2022-08-19,13855.0,-5067.0,0.0,100,422.14,451.0,0,0.0,0.0,,0.0,1,13.3,35.11,SPY220916C00389000,389.0,normalDay
2022-08-22,13855.0,-5199.0,0.0,100,413.35,451.0,0,0.0,0.0,,0.0,1,13.3,27.64,SPY220916C00389000,389.0,normalDay
2022-08-23,13855.0,-5157.0,0.0,100,412.35,451.0,0,0.0,0.0,,0.0,1,13.3,26.22,SPY220916C00389000,389.0,normalDay
2022-08-24,13855.0,-5124.0,0.0,100,413.67,451.0,0,0.0,0.0,,0.0,1,13.3,27.21,SPY220916C00389000,389.0,normalDay
2022-08-25,13855.0,-4994.0,0.0,100,419.51,451.0,0,0.0,0.0,,0.0,1,13.3,31.75,SPY220916C00389000,389.0,normalDay
2022-08-26,13855.0,-5245.0,0.0,100,405.31,451.0,0,0.0,0.0,,0.0,1,13.3,20.06,SPY220916C00389000,389.0,normalDay
2022-08-29,13855.0,-5283.0,0.0,100,402.63,451.0,0,0.0,0.0,,0.0,1,13.3,17.76,SPY220916C00389000,389.0,normalDay
2022-08-30,13855.0,-5374.0,0.0,100,398.21,451.0,0,0.0,0.0,,0.0,1,13.3,14.25,SPY220916C00389000,389.0,normalDay
2022-08-31,13855.0,-5439.0,0.0,100,395.18,451.0,0,0.0,0.0,,0.0,1,13.3,11.87,SPY220916C00389000,389.0,normalDay
2022-09-01,13855.0,-5338.0,0.0,100,396.42,451.0,0,0.0,0.0,,0.0,1,13.3,12.1,SPY220916C00389000,389.0,normalDay
2022-09-02,13855.0,-5474.0,0.0,100,392.24,451.0,0,0.0,0.0,,0.0,1,13.3,9.28,SPY220916C00389000,389.0,normalDay
2022-09-06,13855.0,-5426.0,0.0,100,390.76,451.0,0,0.0,0.0,,0.0,1,13.3,7.32,SPY220916C00389000,389.0,normalDay
2022-09-07,13855.0,-5123.0,0.0,100,397.78,451.0,0,0.0,0.0,,0.0,1,13.3,11.31,SPY220916C00389000,389.0,normalDay
2022-09-08,13855.0,-5069.0,0.0,100,400.38,451.0,0,0.0,0.0,,0.0,1,13.3,13.37,SPY220916C00389000,389.0,normalDay
2022-09-09,13855.0,-4894.0,0.0,100,406.6,451.0,0,0.0,0.0,,0.0,1,13.3,17.84,SPY220916C00389000,389.0,normalDay
2022-09-12,13855.0,-4917.0,0.0,100,410.97,451.0,0,0.0,0.0,,0.0,1,13.3,22.44,SPY220916C00389000,389.0,normalDay
2022-09-13,13855.0,-5205.0,0.0,100,393.1,451.0,0,0.0,0.0,,0.0,1,13.3,7.45,SPY220916C00389000,389.0,normalDay
2022-09-14,13855.0,-4973.0,0.0,100,394.6,451.0,0,0.0,0.0,,0.0,1,13.3,6.63,SPY220916C00389000,389.0,normalDay
2022-09-15,13855.0,-5017.0,0.0,100,390.12,451.0,0,0.0,0.0,,0.0,1,13.3,2.59,SPY220916C00389000,389.0,normalDay
2022-09-16,15185.0,-6544.0,1330.0,100,385.56,451.0,0,0.0,0.0,,0.0,1,13.3,0.0,SPY220916C00389000,389.0,expirationDay
2022-09-19,15185.0,-6251.0,0.0,100,388.55,451.0,0,0.0,0.0,,0.0,1,9.46,9.52,SPY221118C00402000,402.0,normalDay
2022-09-20,15185.0,-6555.0,0.0,100,384.09,451.0,0,0.0,0.0,,0.0,1,9.46,8.1,SPY221118C00402000,402.0,normalDay
2022-09-21,15185.0,-6990.0,0.0,100,377.39,451.0,0,0.0,0.0,,0.0,1,9.46,5.75,SPY221118C00402000,402.0,normalDay
2022-09-22,15185.0,-7198.0,0.0,100,374.22,451.0,0,0.0,0.0,,0.0,1,9.46,4.66,SPY221118C00402000,402.0,normalDay
2022-09-23,15185.0,-7686.0,0.0,100,367.95,451.0,0,0.0,0.0,,0.0,1,9.46,3.27,SPY221118C00402000,402.0,normalDay
2022-09-26,15185.0,-7995.0,0.0,100,364.31,451.0,0,0.0,0.0,,0.0,1,9.46,2.72,SPY221118C00402000,402.0,normalDay
2022-09-27,15185.0,-8063.0,0.0,100,363.38,451.0,0,0.0,0.0,,0.0,1,9.46,2.47,SPY221118C00402000,402.0,normalDay
2022-09-28,15185.0,-7445.0,0.0,100,370.53,451.0,0,0.0,0.0,,0.0,1,9.46,3.44,SPY221118C00402000,402.0,normalDay
2022-09-29,15185.0,-8080.0,0.0,100,362.79,451.0,0,0.0,0.0,,0.0,1,9.46,2.05,SPY221118C00402000,402.0,normalDay
2022-09-30,15185.0,-8567.0,0.0,100,357.18,451.0,0,0.0,0.0,,0.0,1,9.46,1.31,SPY221118C00402000,402.0,normalDay
2022-10-03,15185.0,-7716.0,0.0,100,366.61,451.0,0,0.0,0.0,,0.0,1,9.46,2.23,SPY221118C00402000,402.0,normalDay
2022-10-04,15185.0,-6792.0,0.0,100,377.97,451.0,0,0.0,0.0,,0.0,1,9.46,4.35,SPY221118C00402000,402.0,normalDay
2022-10-05,15185.0,-6852.0,0.0,100,377.09,451.0,0,0.0,0.0,,0.0,1,9.46,4.07,SPY221118C00402000,402.0,normalDay
2022-10-06,15185.0,-7165.0,0.0,100,373.2,451.0,0,0.0,0.0,,0.0,1,9.46,3.31,SPY221118C00402000,402.0,normalDay
2022-10-07,15185.0,-8027.0,0.0,100,362.79,451.0,0,0.0,0.0,,0.0,1,9.46,1.52,SPY221118C00402000,402.0,normalDay
2022-10-10,15185.0,-8291.0,0.0,100,360.02,451.0,0,0.0,0.0,,0.0,1,9.46,1.39,SPY221118C00402000,402.0,normalDay
2022-10-11,15185.0,-8505.0,0.0,100,357.74,451.0,0,0.0,0.0,,0.0,1,9.46,1.25,SPY221118C00402000,402.0,normalDay
2022-10-12,15185.0,-8609.0,0.0,100,356.56,451.0,0,0.0,0.0,,0.0,1,9.46,1.11,SPY221118C00402000,402.0,normalDay
2022-10-13,15185.0,-7768.0,0.0,100,365.97,451.0,0,0.0,0.0,,0.0,1,9.46,2.11,SPY221118C00402000,402.0,normalDay
2022-10-14,15185.0,-8492.0,0.0,100,357.63,451.0,0,0.0,0.0,,0.0,1,9.46,1.01,SPY221118C00402000,402.0,normalDay
2022-10-17,15185.0,-7658.0,0.0,100,366.82,451.0,0,0.0,0.0,,0.0,1,9.46,1.86,SPY221118C00402000,402.0,normalDay
2022-10-18,15185.0,-7284.0,0.0,100,371.13,451.0,0,0.0,0.0,,0.0,1,9.46,2.43,SPY221118C00402000,402.0,normalDay
2022-10-19,15185.0,-7480.0,0.0,100,368.5,451.0,0,0.0,0.0,,0.0,1,9.46,1.76,SPY221118C00402000,402.0,normalDay
2022-10-20,15185.0,-7736.0,0.0,100,365.41,451.0,0,0.0,0.0,,0.0,1,9.46,1.23,SPY221118C00402000,402.0,normalDay
2022-10-21,15185.0,-6978.0,0.0,100,374.29,451.0,0,0.0,0.0,,0.0,1,9.46,2.53,SPY221118C00402000,402.0,normalDay
2022-10-24,15185.0,-6602.0,0.0,100,378.87,451.0,0,0.0,0.0,,0.0,1,9.46,3.35,SPY221118C00402000,402.0,normalDay
2022-10-25,15185.0,-6061.0,0.0,100,384.92,451.0,0,0.0,0.0,,0.0,1,9.46,3.99,SPY221118C00402000,402.0,normalDay
2022-10-26,15185.0,-6292.0,0.0,100,382.02,451.0,0,0.0,0.0,,0.0,1,9.46,3.4,SPY221118C00402000,402.0,normalDay
2022-10-27,15185.0,-6343.0,0.0,100,379.98,451.0,0,0.0,0.0,,0.0,1,9.46,1.87,SPY221118C00402000,402.0,normalDay
2022-10-28,15185.0,-5717.0,0.0,100,389.02,451.0,0,0.0,0.0,,0.0,1,9.46,4.65,SPY221118C00402000,402.0,normalDay
2022-10-31,15185.0,-5861.0,0.0,100,386.21,451.0,0,0.0,0.0,,0.0,1,9.46,3.28,SPY221118C00402000,402.0,normalDay
2022-11-01,15185.0,-5963.0,0.0,100,384.52,451.0,0,0.0,0.0,,0.0,1,9.46,2.61,SPY221118C00402000,402.0,normalDay
2022-11-02,15185.0,-6752.0,0.0,100,374.87,451.0,0,0.0,0.0,,0.0,1,9.46,0.85,SPY221118C00402000,402.0,normalDay
2022-11-03,15185.0,-7100.0,0.0,100,371.01,451.0,0,0.0,0.0,,0.0,1,9.46,0.47,SPY221118C00402000,402.0,normalDay
2022-11-04,15185.0,-6584.0,0.0,100,376.35,451.0,0,0.0,0.0,,0.0,1,9.46,0.65,SPY221118C00402000,402.0,normalDay
2022-11-07,15185.0,-6230.0,0.0,100,379.95,451.0,0,0.0,0.0,,0.0,1,9.46,0.71,SPY221118C00402000,402.0,normalDay
2022-11-08,15185.0,-6043.0,0.0,100,382.0,451.0,0,0.0,0.0,,0.0,1,9.46,0.89,SPY221118C00402000,402.0,normalDay
2022-11-09,15185.0,-6768.0,0.0,100,374.13,451.0,0,0.0,0.0,,0.0,1,9.46,0.27,SPY221118C00402000,402.0,normalDay
2022-11-10,15185.0,-4976.0,0.0,100,394.69,451.0,0,0.0,0.0,,0.0,1,9.46,2.91,SPY221118C00402000,402.0,normalDay
2022-11-11,15185.0,-4605.0,0.0,100,398.51,451.0,0,0.0,0.0,,0.0,1,9.46,3.02,SPY221118C00402000,402.0,normalDay
2022-11-14,15185.0,-4796.0,0.0,100,395.12,451.0,0,0.0,0.0,,0.0,1,9.46,1.54,SPY221118C00402000,402.0,normalDay
2022-11-15,15185.0,-4531.0,0.0,100,398.49,451.0,0,0.0,0.0,,0.0,1,9.46,2.26,SPY221118C00402000,402.0,normalDay
2022-11-16,15185.0,-4678.0,0.0,100,395.45,451.0,0,0.0,0.0,,0.0,1,9.46,0.69,SPY221118C00402000,402.0,normalDay
2022-11-17,15185.0,-4745.0,0.0,100,394.24,451.0,0,0.0,0.0,,0.0,1,9.46,0.15,SPY221118C00402000,402.0,normalDay
2022-11-18,16131.0,-5497.0,946.0,100,396.03,451.0,0,0.0,0.0,,0.0,1,9.46,0.0,SPY221118C00402000,402.0,expirationDay
2022-11-21,16131.0,-5669.0,0.0,100,394.59,451.0,0,0.0,0.0,,0.0,1,17.92,18.2,SPY230120C00388000,388.0,normalDay
2022-11-22,16131.0,-5425.0,0.0,100,399.9,451.0,0,0.0,0.0,,0.0,1,17.92,21.07,SPY230120C00388000,388.0,normalDay
2022-11-23,16131.0,-5318.0,0.0,100,402.42,451.0,0,0.0,0.0,,0.0,1,17.92,22.52,SPY230120C00388000,388.0,normalDay
2022-11-25,16131.0,-5488.0,0.0,100,402.33,451.0,0,0.0,0.0,,0.0,1,17.92,24.13,SPY230120C00388000,388.0,normalDay
2022-11-28,16131.0,-5535.0,0.0,100,395.91,451.0,0,0.0,0.0,,0.0,1,17.92,18.18,SPY230120C00388000,388.0,normalDay
2022-11-29,16131.0,-5514.0,0.0,100,395.23,451.0,0,0.0,0.0,,0.0,1,17.92,17.29,SPY230120C00388000,388.0,normalDay
2022-11-30,16131.0,-5145.0,0.0,100,407.68,451.0,0,0.0,0.0,,0.0,1,17.92,26.05,SPY230120C00388000,388.0,normalDay
2022-12-01,16131.0,-5072.0,0.0,100,407.38,451.0,0,0.0,0.0,,0.0,1,17.92,25.02,SPY230120C00388000,388.0,normalDay
2022-12-02,16131.0,-5030.0,0.0,100,406.91,451.0,0,0.0,0.0,,0.0,1,17.92,24.13,SPY230120C00388000,388.0,normalDay
2022-12-05,16131.0,-5259.0,0.0,100,399.59,451.0,0,0.0,0.0,,0.0,1,17.92,19.1,SPY230120C00388000,388.0,normalDay
2022-12-06,16131.0,-5494.0,0.0,100,393.83,451.0,0,0.0,0.0,,0.0,1,17.92,15.69,SPY230120C00388000,388.0,normalDay
2022-12-07,16131.0,-5514.0,0.0,100,393.16,451.0,0,0.0,0.0,,0.0,1,17.92,15.22,SPY230120C00388000,388.0,normalDay
2022-12-08,16131.0,-5369.0,0.0,100,396.24,451.0,0,0.0,0.0,,0.0,1,17.92,16.85,SPY230120C00388000,388.0,normalDay
2022-12-09,16131.0,-5476.0,0.0,100,393.28,451.0,0,0.0,0.0,,0.0,1,17.92,14.96,SPY230120C00388000,388.0,normalDay
2022-12-12,16131.0,-5258.0,0.0,100,398.95,451.0,0,0.0,0.0,,0.0,1,17.92,18.45,SPY230120C00388000,388.0,normalDay
2022-12-13,16131.0,-5103.0,0.0,100,401.97,451.0,0,0.0,0.0,,0.0,1,17.92,19.92,SPY230120C00388000,388.0,normalDay
2022-12-14,16131.0,-5137.0,0.0,100,399.4,451.0,0,0.0,0.0,,0.0,1,17.92,17.69,SPY230120C00388000,388.0,normalDay
2022-12-15,16131.0,-5445.0,0.0,100,389.63,451.0,0,0.0,0.0,,0.0,1,17.92,11.0,SPY230120C00388000,388.0,normalDay
2022-12-16,16131.0,-5797.0,0.0,100,383.27,451.0,0,0.0,0.0,,0.0,1,17.92,8.16,SPY230120C00388000,388.0,normalDay
2022-12-19,16131.0,-5921.0,0.0,100,380.02,451.0,0,0.0,0.0,,0.0,1,17.92,6.15,SPY230120C00388000,388.0,normalDay
2022-12-20,16131.0,-5868.0,0.0,100,380.54,451.0,0,0.0,0.0,,0.0,1,17.92,6.14,SPY230120C00388000,388.0,normalDay
2022-12-21,16131.0,-5516.0,0.0,100,386.23,451.0,0,0.0,0.0,,0.0,1,17.92,8.31,SPY230120C00388000,388.0,normalDay
2022-12-22,16131.0,-5836.0,0.0,100,380.72,451.0,0,0.0,0.0,,0.0,1,17.92,6.0,SPY230120C00388000,388.0,normalDay
2022-12-23,16131.0,-5661.0,0.0,100,382.91,451.0,0,0.0,0.0,,0.0,1,17.92,6.44,SPY230120C00388000,388.0,normalDay
2022-12-27,16131.0,-5729.0,0.0,100,381.4,451.0,0,0.0,0.0,,0.0,1,17.92,5.61,SPY230120C00388000,388.0,normalDay
2022-12-28,16131.0,-6023.0,0.0,100,376.66,451.0,0,0.0,0.0,,0.0,1,17.92,3.81,SPY230120C00388000,388.0,normalDay
2022-12-29,16131.0,-5559.0,0.0,100,383.44,451.0,0,0.0,0.0,,0.0,1,17.92,5.95,SPY230120C00388000,388.0,normalDay
2022-12-30,16131.0,-5614.0,0.0,100,382.43,451.0,0,0.0,0.0,,0.0,1,17.92,5.49,SPY230120C00388000,388.0,normalDay
2023-01-03,16131.0,-5639.0,0.0,100,380.82,451.0,0,0.0,0.0,,0.0,1,17.92,4.13,SPY230120C00388000,388.0,normalDay
2023-01-04,16131.0,-5442.0,0.0,100,383.76,451.0,0,0.0,0.0,,0.0,1,17.92,5.1,SPY230120C00388000,388.0,normalDay
2023-01-05,16131.0,-5700.0,0.0,100,379.38,451.0,0,0.0,0.0,,0.0,1,17.92,3.3,SPY230120C00388000,388.0,normalDay
2023-01-06,16131.0,-5128.0,0.0,100,388.08,451.0,0,0.0,0.0,,0.0,1,17.92,6.28,SPY230120C00388000,388.0,normalDay
2023-01-09,16131.0,-5120.0,0.0,100,387.86,451.0,0,0.0,0.0,,0.0,1,17.92,5.98,SPY230120C00388000,388.0,normalDay
2023-01-10,16131.0,-4968.0,0.0,100,390.58,451.0,0,0.0,0.0,,0.0,1,17.92,7.18,SPY230120C00388000,388.0,normalDay
2023-01-11,16131.0,-4815.0,0.0,100,395.52,451.0,0,0.0,0.0,,0.0,1,17.92,10.59,SPY230120C00388000,388.0,normalDay
2023-01-12,16131.0,-4652.0,0.0,100,396.96,451.0,0,0.0,0.0,,0.0,1,17.92,10.4,SPY230120C00388000,388.0,normalDay
2023-01-13,16131.0,-4561.0,0.0,100,398.5,451.0,0,0.0,0.0,,0.0,1,17.92,11.03,SPY230120C00388000,388.0,normalDay
2023-01-17,16131.0,-4571.0,0.0,100,397.77,451.0,0,0.0,0.0,,0.0,1,17.92,10.4,SPY230120C00388000,388.0,normalDay
2023-01-18,16131.0,-4612.0,0.0,100,391.49,451.0,0,0.0,0.0,,0.0,1,17.92,4.53,SPY230120C00388000,388.0,normalDay
2023-01-19,16131.0,-4654.0,0.0,100,388.64,451.0,0,0.0,0.0,,0.0,1,17.92,2.1,SPY230120C00388000,388.0,normalDay
2023-01-20,11623.0,-4654.0,-4508.0,0,395.88,0.0,0,0.0,0.0,,0.0,1,17.92,0.0,SPY230120C00388000,388.0,expirationDay
2023-01-23,11623.0,0.0,0.0,0,400.63,0.0,0,0.0,0.0,,0.0,0,0.0,0.0,,0.0,bidTooLow
2023-01-24,11623.0,0.0,0.0,0,400.2,0.0,0,0.0,0.0,,0.0,0,0.0,0.0,,0.0,bidTooLow
2023-01-25,11623.0,0.0,0.0,0,400.35,0.0,0,0.0,0.0,,0.0,0,0.0,0.0,,0.0,bidTooLow
2023-01-26,11623.0,0.0,0.0,0,404.75,0.0,0,0.0,0.0,,0.0,0,0.0,0.0,,0.0,bidTooLow
2023-01-27,11623.0,0.0,0.0,0,405.68,0.0,0,0.0,0.0,,0.0,0,0.0,0.0,,0.0,bidTooLow
2023-01-30,11623.0,-3.0,0.0,0,400.59,0.0,1,0.01,0.04,SPY230202P00372000,372.0,0,0.0,0.0,,0.0,normalDay
2023-01-31,11623.0,-2.0,0.0,0,406.48,0.0,1,0.01,0.03,SPY230202P00372000,372.0,0,0.0,0.0,,0.0,normalDay
2023-02-01,11623.0,-1.0,0.0,0,410.8,0.0,1,0.01,0.02,SPY230202P00372000,372.0,0,0.0,0.0,,0.0,normalDay
2023-02-02,11624.0,0.0,1.0,0,416.78,0.0,1,0.01,0.0,SPY230202P00372000,372.0,0,0.0,0.0,,0.0,expirationDay
2023-02-03,11624.0,0.0,0.0,0,412.35,0.0,0,0.0,0.0,,0.0,0,0.0,0.0,,0.0,bidTooLow
2023-02-06,11624.0,0.0,0.0,0,409.83,0.0,0,0.0,0.0,,0.0,0,0.0,0.0,,0.0,bidTooLow
2023-02-07,11624.0,0.0,0.0,0,415.19,0.0,0,0.0,0.0,,0.0,0,0.0,0.0,,0.0,bidTooLow
2023-02-08,11624.0,0.0,0.0,0,410.65,0.0,0,0.0,0.0,,0.0,0,0.0,0.0,,0.0,bidTooLow
2023-02-09,11624.0,0.0,0.0,0,407.09,0.0,0,0.0,0.0,,0.0,0,0.0,0.0,,0.0,bidTooLow
2023-02-10,11624.0,0.0,0.0,0,408.04,0.0,0,0.0,0.0,,0.0,0,0.0,0.0,,0.0,bidTooLow
2023-02-13,11624.0,-3.0,0.0,0,412.83,0.0,1,0.05,0.08,SPY230216P00384000,384.0,0,0.0,0.0,,0.0,normalDay
2023-02-14,11624.0,2.0,0.0,0,412.64,0.0,1,0.05,0.03,SPY230216P00384000,384.0,0,0.0,0.0,,0.0,normalDay
2023-02-15,11624.0,3.0,0.0,0,413.98,0.0,1,0.05,0.02,SPY230216P00384000,384.0,0,0.0,0.0,,0.0,normalDay
2023-02-16,11629.0,0.0,5.0,0,408.28,0.0,1,0.05,0.0,SPY230216P00384000,384.0,0,0.0,0.0,,0.0,expirationDay
2023-02-17,11629.0,0.0,0.0,0,407.26,0.0,0,0.0,0.0,,0.0,0,0.0,0.0,,0.0,bidTooLow
2023-02-21,11629.0,-3.0,0.0,0,399.09,0.0,1,1.33,1.36,SPY230224P00394000,394.0,0,0.0,0.0,,0.0,normalDay
2023-02-22,11629.0,43.0,0.0,0,398.54,0.0,1,1.33,0.9,SPY230224P00394000,394.0,0,0.0,0.0,,0.0,normalDay
2023-02-23,11629.0,110.0,0.0,0,400.66,0.0,1,1.33,0.23,SPY230224P00394000,394.0,0,0.0,0.0,,0.0,normalDay
2023-02-24,11762.0,0.0,133.0,0,396.38,0.0,1,1.33,0.0,SPY230224P00394000,394.0,0,0.0,0.0,,0.0,expirationDay
2023-02-27,11762.0,-3.0,0.0,0,397.73,0.0,1,0.41,0.44,SPY230302P00390000,390.0,0,0.0,0.0,,0.0,normalDay
2023-02-28,11762.0,-5.0,0.0,0,396.26,0.0,1,0.41,0.46,SPY230302P00390000,390.0,0,0.0,0.0,,0.0,normalDay
2023-03-01,11762.0,15.0,0.0,0,394.74,0.0,1,0.41,0.26,SPY230302P00390000,390.0,0,0.0,0.0,,0.0,normalDay
2023-03-02,11803.0,0.0,41.0,0,397.81,0.0,1,0.41,0.0,SPY230302P00390000,390.0,0,0.0,0.0,,0.0,expirationDay
2023-03-03,11803.0,-3.0,0.0,0,404.19,0.0,1,0.01,0.04,SPY230306P00387000,387.0,0,0.0,0.0,,0.0,normalDay
2023-03-06,11804.0,0.0,1.0,0,404.47,0.0,1,0.01,0.0,SPY230306P00387000,387.0,0,0.0,0.0,,0.0,expirationDay
2023-03-07,11804.0,-3.0,0.0,0,398.27,0.0,1,0.23,0.26,SPY230310P00386000,386.0,0,0.0,0.0,,0.0,normalDay
2023-03-08,11804.0,11.0,0.0,0,398.92,0.0,1,0.23,0.12,SPY230310P00386000,386.0,0,0.0,0.0,,0.0,normalDay
2023-03-09,11804.0,-64.0,0.0,0,391.56,0.0,1,0.23,0.87,SPY230310P00386000,386.0,0,0.0,0.0,,0.0,normalDay
2023-03-10,11827.0,-9.0,23.0,100,385.91,386.0,1,0.23,0.0,SPY230310P00386000,386.0,0,0.0,0.0,,0.0,expirationDay
2023-03-13,11827.0,-72.0,0.0,100,385.36,386.0,0,0.0,0.0,,0.0,1,7.5,7.58,SPY230519C00402000,402.0,normalDay
2023-03-14,11827.0,421.0,0.0,100,391.73,386.0,0,0.0,0.0,,0.0,1,7.5,9.02,SPY230519C00402000,402.0,normalDay
2023-03-15,11827.0,231.0,0.0,100,389.28,386.0,0,0.0,0.0,,0.0,1,7.5,8.47,SPY230519C00402000,402.0,normalDay
2023-03-16,11827.0,685.0,0.0,100,396.11,386.0,0,0.0,0.0,,0.0,1,7.5,10.76,SPY230519C00402000,402.0,normalDay
2023-03-17,11827.0,175.0,0.0,100,389.99,386.0,0,0.0,0.0,,0.0,1,7.5,9.74,SPY230519C00402000,402.0,normalDay
2023-03-20,11827.0,474.0,0.0,100,393.74,386.0,0,0.0,0.0,,0.0,1,7.5,10.5,SPY230519C00402000,402.0,normalDay
2023-03-21,11827.0,796.0,0.0,100,398.91,386.0,0,0.0,0.0,,0.0,1,7.5,12.45,SPY230519C00402000,402.0,normalDay
2023-03-22,11827.0,463.0,0.0,100,392.11,386.0,0,0.0,0.0,,0.0,1,7.5,8.98,SPY230519C00402000,402.0,normalDay
2023-03-23,11827.0,514.0,0.0,100,393.17,386.0,0,0.0,0.0,,0.0,1,7.5,9.53,SPY230519C00402000,402.0,normalDay
2023-03-24,11827.0,685.0,0.0,100,395.75,386.0,0,0.0,0.0,,0.0,1,7.5,10.4,SPY230519C00402000,402.0,normalDay
2023-03-27,11827.0,792.0,0.0,100,396.49,386.0,0,0.0,0.0,,0.0,1,7.5,10.07,SPY230519C00402000,402.0,normalDay
2023-03-28,11827.0,772.0,0.0,100,395.6,386.0,0,0.0,0.0,,0.0,1,7.5,9.38,SPY230519C00402000,402.0,normalDay
2023-03-29,11827.0,1095.0,0.0,100,401.35,386.0,0,0.0,0.0,,0.0,1,7.5,11.9,SPY230519C00402000,402.0,normalDay
2023-03-30,11827.0,1208.0,0.0,100,403.7,386.0,0,0.0,0.0,,0.0,1,7.5,13.12,SPY230519C00402000,402.0,normalDay
2023-03-31,11827.0,1395.0,0.0,100,409.39,386.0,0,0.0,0.0,,0.0,1,7.5,16.94,SPY230519C00402000,402.0,normalDay
2023-04-03,11827.0,1489.0,0.0,100,410.95,386.0,0,0.0,0.0,,0.0,1,7.5,17.56,SPY230519C00402000,402.0,normalDay
2023-04-04,11827.0,1428.0,0.0,100,408.67,386.0,0,0.0,0.0,,0.0,1,7.5,15.89,SPY230519C00402000,402.0,normalDay
2023-04-05,11827.0,1420.0,0.0,100,407.6,386.0,0,0.0,0.0,,0.0,1,7.5,14.9,SPY230519C00402000,402.0,normalDay
2023-04-06,11827.0,1512.0,0.0,100,409.19,386.0,0,0.0,0.0,,0.0,1,7.5,15.57,SPY230519C00402000,402.0,normalDay
2023-04-10,11827.0,1522.0,0.0,100,409.61,386.0,0,0.0,0.0,,0.0,1,7.5,15.89,SPY230519C00402000,402.0,normalDay
2023-04-11,11827.0,1551.0,0.0,100,409.72,386.0,0,0.0,0.0,,0.0,1,7.5,15.71,SPY230519C00402000,402.0,normalDay
2023-04-12,11827.0,1542.0,0.0,100,408.05,386.0,0,0.0,0.0,,0.0,1,7.5,14.13,SPY230519C00402000,402.0,normalDay
2023-04-13,11827.0,1749.0,0.0,100,413.47,386.0,0,0.0,0.0,,0.0,1,7.5,17.48,SPY230519C00402000,402.0,normalDay
2023-04-14,11827.0,1743.0,0.0,100,412.46,386.0,0,0.0,0.0,,0.0,1,7.5,16.53,SPY230519C00402000,402.0,normalDay
2023-04-17,11827.0,1820.0,0.0,100,413.94,386.0,0,0.0,0.0,,0.0,1,7.5,17.24,SPY230519C00402000,402.0,normalDay
2023-04-18,11827.0,1860.0,0.0,100,414.21,386.0,0,0.0,0.0,,0.0,1,7.5,17.11,SPY230519C00402000,402.0,normalDay
2023-04-19,11827.0,1873.0,0.0,100,414.14,386.0,0,0.0,0.0,,0.0,1,7.5,16.91,SPY230519C00402000,402.0,normalDay
2023-04-20,11827.0,1802.0,0.0,100,411.88,386.0,0,0.0,0.0,,0.0,1,7.5,15.36,SPY230519C00402000,402.0,normalDay
2023-04-21,11827.0,1871.0,0.0,100,412.2,386.0,0,0.0,0.0,,0.0,1,7.5,14.99,SPY230519C00402000,402.0,normalDay
2023-04-24,11827.0,1909.0,0.0,100,412.63,386.0,0,0.0,0.0,,0.0,1,7.5,15.04,SPY230519C00402000,402.0,normalDay
2023-04-25,11827.0,1612.0,0.0,100,406.08,386.0,0,0.0,0.0,,0.0,1,7.5,11.46,SPY230519C00402000,402.0,normalDay
2023-04-26,11827.0,1647.0,0.0,100,404.36,386.0,0,0.0,0.0,,0.0,1,7.5,9.39,SPY230519C00402000,402.0,normalDay
2023-04-27,11827.0,1897.0,0.0,100,412.41,386.0,0,0.0,0.0,,0.0,1,7.5,14.94,SPY230519C00402000,402.0,normalDay
2023-04-28,11827.0,2045.0,0.0,100,415.93,386.0,0,0.0,0.0,,0.0,1,7.5,16.98,SPY230519C00402000,402.0,normalDay
2023-05-01,11827.0,2074.0,0.0,100,415.51,386.0,0,0.0,0.0,,0.0,1,7.5,16.27,SPY230519C00402000,402.0,normalDay
2023-05-02,11827.0,1962.0,0.0,100,410.84,386.0,0,0.0,0.0,,0.0,1,7.5,12.72,SPY230519C00402000,402.0,normalDay
2023-05-03,11827.0,1865.0,0.0,100,408.02,386.0,0,0.0,0.0,,0.0,1,7.5,10.87,SPY230519C00402000,402.0,normalDay
2023-05-04,11827.0,1840.0,0.0,100,405.13,386.0,0,0.0,0.0,,0.0,1,7.5,8.23,SPY230519C00402000,402.0,normalDay
2023-05-05,11827.0,2130.0,0.0,100,412.63,386.0,0,0.0,0.0,,0.0,1,7.5,12.83,SPY230519C00402000,402.0,normalDay
2023-05-08,11827.0,2155.0,0.0,100,412.74,386.0,0,0.0,0.0,,0.0,1,7.5,12.69,SPY230519C00402000,402.0,normalDay
2023-05-09,11827.0,2101.0,0.0,100,410.93,386.0,0,0.0,0.0,,0.0,1,7.5,11.42,SPY230519C00402000,402.0,normalDay
2023-05-10,11827.0,2176.0,0.0,100,412.85,386.0,0,0.0,0.0,,0.0,1,7.5,12.59,SPY230519C00402000,402.0,normalDay
2023-05-11,11827.0,2225.0,0.0,100,412.13,386.0,0,0.0,0.0,,0.0,1,7.5,11.38,SPY230519C00402000,402.0,normalDay
2023-05-12,11827.0,2273.0,0.0,100,411.59,386.0,0,0.0,0.0,,0.0,1,7.5,10.36,SPY230519C00402000,402.0,normalDay
2023-05-15,11827.0,2282.0,0.0,100,413.01,386.0,0,0.0,0.0,,0.0,1,7.5,11.69,SPY230519C00402000,402.0,normalDay
2023-05-16,11827.0,2257.0,0.0,100,410.25,386.0,0,0.0,0.0,,0.0,1,7.5,9.18,SPY230519C00402000,402.0,normalDay
2023-05-17,11827.0,2327.0,0.0,100,415.23,386.0,0,0.0,0.0,,0.0,1,7.5,13.46,SPY230519C00402000,402.0,normalDay
2023-05-18,11827.0,2331.0,0.0,100,419.23,386.0,0,0.0,0.0,,0.0,1,7.5,17.42,SPY230519C00402000,402.0,normalDay
2023-05-19,14177.0,2331.0,2350.0,0,418.62,0.0,0,0.0,0.0,,0.0,1,7.5,0.0,SPY230519C00402000,402.0,expirationDay
2023-05-22,14177.0,-3.0,0.0,0,418.79,0.0,1,0.02,0.05,SPY230525P00401000,401.0,0,0.0,0.0,,0.0,normalDay
2023-05-23,14177.0,-5.0,0.0,0,414.09,0.0,1,0.02,0.07,SPY230525P00401000,401.0,0,0.0,0.0,,0.0,normalDay
2023-05-24,14177.0,-5.0,0.0,0,411.09,0.0,1,0.02,0.07,SPY230525P00401000,401.0,0,0.0,0.0,,0.0,normalDay
2023-05-25,14179.0,0.0,2.0,0,414.65,0.0,1,0.02,0.0,SPY230525P00401000,401.0,0,0.0,0.0,,0.0,expirationDay
2023-05-26,14179.0,0.0,0.0,0,420.02,0.0,0,0.0,0.0,,0.0,0,0.0,0.0,,0.0,bidTooLow
2023-05-30,14179.0,-3.0,0.0,0,420.18,0.0,1,0.07,0.1,SPY230602P00402500,402.5,0,0.0,0.0,,0.0,normalDay
2023-05-31,14179.0,-1.0,0.0,0,417.85,0.0,1,0.07,0.08,SPY230602P00402500,402.5,0,0.0,0.0,,0.0,normalDay
2023-06-01,14179.0,4.0,0.0,0,421.82,0.0,1,0.07,0.03,SPY230602P00402500,402.5,0,0.0,0.0,,0.0,normalDay
2023-06-02,14186.0,0.0,7.0,0,427.92,0.0,1,0.07,0.0,SPY230602P00402500,402.5,0,0.0,0.0,,0.0,expirationDay
2023-06-05,14186.0,0.0,0.0,0,427.1,0.0,0,0.0,0.0,,0.0,0,0.0,0.0,,0.0,bidTooLow
2023-06-06,14186.0,-3.0,0.0,0,428.03,0.0,1,0.01,0.04,SPY230609P00402000,402.0,0,0.0,0.0,,0.0,normalDay
2023-06-07,14186.0,-2.0,0.0,0,426.55,0.0,1,0.01,0.03,SPY230609P00402000,402.0,0,0.0,0.0,,0.0,normalDay
2023-06-08,14186.0,-1.0,0.0,0,429.13,0.0,1,0.01,0.02,SPY230609P00402000,402.0,0,0.0,0.0,,0.0,normalDay
2023-06-09,14187.0,0.0,1.0,0,429.9,0.0,1,0.01,0.0,SPY230609P00402000,402.0,0,0.0,0.0,,0.0,expirationDay
2023-06-12,14187.0,-3.0,0.0,0,433.8,0.0,1,0.04,0.07,SPY230615P00402000,402.0,0,0.0,0.0,,0.0,normalDay
2023-06-13,14187.0,-1.0,0.0,0,436.66,0.0,1,0.04,0.05,SPY230615P00402000,402.0,0,0.0,0.0,,0.0,normalDay
2023-06-14,14187.0,2.0,0.0,0,437.18,0.0,1,0.04,0.02,SPY230615P00402000,402.0,0,0.0,0.0,,0.0,normalDay
2023-06-15,14191.0,0.0,4.0,0,442.6,0.0,1,0.04,0.0,SPY230615P00402000,402.0,0,0.0,0.0,,0.0,expirationDay
2023-06-16,14191.0,0.0,0.0,0,439.46,0.0,0,0.0,0.0,,0.0,0,0.0,0.0,,0.0,bidTooLow
2023-06-20,14191.0,0.0,0.0,0,437.18,0.0,0,0.0,0.0,,0.0,0,0.0,0.0,,0.0,bidTooLow
2023-06-21,14191.0,0.0,0.0,0,434.94,0.0,0,0.0,0.0,,0.0,0,0.0,0.0,,0.0,bidTooLow
2023-06-22,14191.0,0.0,0.0,0,436.51,0.0,0,0.0,0.0,,0.0,0,0.0,0.0,,0.0,bidTooLow
2023-06-23,14191.0,0.0,0.0,0,433.21,0.0,0,0.0,0.0,,0.0,0,0.0,0.0,,0.0,bidTooLow
2023-06-26,14191.0,-3.0,0.0,0,431.44,0.0,1,0.03,0.06,SPY230629P00412000,412.0,0,0.0,0.0,,0.0,normalDay
2023-06-27,14191.0,-1.0,0.0,0,436.17,0.0,1,0.03,0.04,SPY230629P00412000,412.0,0,0.0,0.0,,0.0,normalDay
2023-06-28,14191.0,1.0,0.0,0,436.39,0.0,1,0.03,0.02,SPY230629P00412000,412.0,0,0.0,0.0,,0.0,normalDay
2023-06-29,14194.0,0.0,3.0,0,438.11,0.0,1,0.03,0.0,SPY230629P00412000,412.0,0,0.0,0.0,,0.0,expirationDay
2023-06-30,14194.0,0.0,0.0,0,443.28,0.0,0,0.0,0.0,,0.0,0,0.0,0.0,,0.0,bidTooLow
2023-07-03,14194.0,-3.0,0.0,0,443.79,0.0,1,0.01,0.04,SPY230706P00421000,421.0,0,0.0,0.0,,0.0,normalDay
2023-07-05,14194.0,-2.0,0.0,0,443.13,0.0,1,0.01,0.03,SPY230706P00421000,421.0,0,0.0,0.0,,0.0,normalDay
2023-07-06,14195.0,0.0,1.0,0,439.66,0.0,1,0.01,0.0,SPY230706P00421000,421.0,0,0.0,0.0,,0.0,expirationDay
2023-07-07,14195.0,0.0,0.0,0,438.55,0.0,0,0.0,0.0,,0.0,0,0.0,0.0,,0.0,bidTooLow
2023-07-10,14195.0,-3.0,0.0,0,439.66,0.0,1,0.05,0.08,SPY230713P00427000,427.0,0,0.0,0.0,,0.0,normalDay
2023-07-11,14195.0,-2.0,0.0,0,442.46,0.0,1,0.05,0.07,SPY230713P00427000,427.0,0,0.0,0.0,,0.0,normalDay
2023-07-12,14195.0,2.0,0.0,0,446.02,0.0,1,0.05,0.03,SPY230713P00427000,427.0,0,0.0,0.0,,0.0,normalDay
2023-07-13,14200.0,0.0,5.0,0,449.56,0.0,1,0.05,0.0,SPY230713P00427000,427.0,0,0.0,0.0,,0.0,expirationDay
2023-07-14,14200.0,0.0,0.0,0,449.28,0.0,0,0.0,0.0,,0.0,0,0.0,0.0,,0.0,bidTooLow
2023-07-17,14200.0,-3.0,0.0,0,450.84,0.0,1,0.01,0.04,SPY230720P00426000,426.0,0,0.0,0.0,,0.0,normalDay
2023-07-18,14200.0,-2.0,0.0,0,454.19,0.0,1,0.01,0.03,SPY230720P00426000,426.0,0,0.0,0.0,,0.0,normalDay
2023-07-19,14200.0,-1.0,0.0,0,455.2,0.0,1,0.01,0.02,SPY230720P00426000,426.0,0,0.0,0.0,,0.0,normalDay
2023-07-20,14201.0,0.0,1.0,0,452.18,0.0,1,0.01,0.0,SPY230720P00426000,426.0,0,0.0,0.0,,0.0,expirationDay
2023-07-21,14201.0,0.0,0.0,0,452.18,0.0,0,0.0,0.0,,0.0,0,0.0,0.0,,0.0,bidTooLow
2023-07-24,14201.0,0.0,0.0,0,454.2,0.0,0,0.0,0.0,,0.0,0,0.0,0.0,,0.0,bidTooLow
2023-07-25,14201.0,-3.0,0.0,0,455.44,0.0,1,0.01,0.04,SPY230728P00428000,428.0,0,0.0,0.0,,0.0,normalDay
2023-07-26,14201.0,-2.0,0.0,0,455.51,0.0,1,0.01,0.03,SPY230728P00428000,428.0,0,0.0,0.0,,0.0,normalDay
2023-07-27,14201.0,-3.0,0.0,0,452.49,0.0,1,0.01,0.04,SPY230728P00428000,428.0,0,0.0,0.0,,0.0,normalDay
2023-07-28,14202.0,0.0,1.0,0,456.92,0.0,1,0.01,0.0,SPY230728P00428000,428.0,0,0.0,0.0,,0.0,expirationDay
2023-07-31,14202.0,-3.0,0.0,0,457.79,0.0,1,0.01,0.04,SPY230803P00433000,433.0,0,0.0,0.0,,0.0,normalDay
2023-08-01,14202.0,-2.0,0.0,0,456.48,0.0,1,0.01,0.03,SPY230803P00433000,433.0,0,0.0,0.0,,0.0,normalDay
2023-08-02,14202.0,-3.0,0.0,0,450.13,0.0,1,0.01,0.04,SPY230803P00433000,433.0,0,0.0,0.0,,0.0,normalDay
2023-08-03,14203.0,0.0,1.0,0,448.84,0.0,1,0.01,0.0,SPY230803P00433000,433.0,0,0.0,0.0,,0.0,expirationDay
2023-08-04,14203.0,-3.0,0.0,0,446.81,0.0,1,0.05,0.08,SPY230807P00438000,438.0,0,0.0,0.0,,0.0,normalDay
2023-08-07,14208.0,0.0,5.0,0,450.71,0.0,1,0.05,0.0,SPY230807P00438000,438.0,0,0.0,0.0,,0.0,expirationDay
2023-08-08,14208.0,-3.0,0.0,0,448.75,0.0,1,0.64,0.67,SPY230811P00443000,443.0,0,0.0,0.0,,0.0,normalDay
2023-08-09,14208.0,-51.0,0.0,0,445.75,0.0,1,0.64,1.15,SPY230811P00443000,443.0,0,0.0,0.0,,0.0,normalDay
2023-08-10,14208.0,2.0,0.0,0,445.91,0.0,1,0.64,0.62,SPY230811P00443000,443.0,0,0.0,0.0,,0.0,normalDay
2023-08-11,14272.0,0.0,64.0,0,445.65,0.0,1,0.64,0.0,SPY230811P00443000,443.0,0,0.0,0.0,,0.0,expirationDay
2023-08-14,14272.0,-3.0,0.0,0,448.11,0.0,1,0.34,0.37,SPY230817P00441000,441.0,0,0.0,0.0,,0.0,normalDay
2023-08-15,14272.0,-96.0,0.0,0,442.89,0.0,1,0.34,1.3,SPY230817P00441000,441.0,0,0.0,0.0,,0.0,normalDay
2023-08-16,14272.0,-162.0,0.0,0,439.64,0.0,1,0.34,1.96,SPY230817P00441000,441.0,0,0.0,0.0,,0.0,normalDay
2023-08-17,14306.0,-471.0,34.0,100,436.29,441.0,1,0.34,0.0,SPY230817P00441000,441.0,0,0.0,0.0,,0.0,expirationDay
2023-08-18,14306.0,-455.0,0.0,100,436.5,441.0,0,0.0,0.0,,0.0,1,5.3,5.35,SPY231020C00450000,450.0,normalDay
2023-08-21,14306.0,-231.0,0.0,100,439.34,441.0,0,0.0,0.0,,0.0,1,5.3,5.95,SPY231020C00450000,450.0,normalDay
2023-08-22,14306.0,-295.0,0.0,100,438.15,441.0,0,0.0,0.0,,0.0,1,5.3,5.4,SPY231020C00450000,450.0,normalDay
2023-08-23,14306.0,17.0,0.0,100,443.03,441.0,0,0.0,0.0,,0.0,1,5.3,7.16,SPY231020C00450000,450.0,normalDay
2023-08-24,14306.0,-349.0,0.0,100,436.89,441.0,0,0.0,0.0,,0.0,1,5.3,4.68,SPY231020C00450000,450.0,normalDay
2023-08-25,14306.0,-110.0,0.0,100,439.97,441.0,0,0.0,0.0,,0.0,1,5.3,5.37,SPY231020C00450000,450.0,normalDay
2023-08-28,14306.0,89.0,0.0,100,442.76,441.0,0,0.0,0.0,,0.0,1,5.3,6.17,SPY231020C00450000,450.0,normalDay
2023-08-29,14306.0,420.0,0.0,100,449.16,441.0,0,0.0,0.0,,0.0,1,5.3,9.26,SPY231020C00450000,450.0,normalDay
2023-08-30,14306.0,542.0,0.0,100,451.01,441.0,0,0.0,0.0,,0.0,1,5.3,9.89,SPY231020C00450000,450.0,normalDay
2023-08-31,14306.0,532.0,0.0,100,450.35,441.0,0,0.0,0.0,,0.0,1,5.3,9.33,SPY231020C00450000,450.0,normalDay
2023-09-01,14306.0,632.0,0.0,100,451.19,441.0,0,0.0,0.0,,0.0,1,5.3,9.17,SPY231020C00450000,450.0,normalDay
2023-09-05,14306.0,560.0,0.0,100,449.24,441.0,0,0.0,0.0,,0.0,1,5.3,7.94,SPY231020C00450000,450.0,normalDay
2023-09-06,14306.0,425.0,0.0,100,446.22,441.0,0,0.0,0.0,,0.0,1,5.3,6.27,SPY231020C00450000,450.0,normalDay
2023-09-07,14306.0,366.0,0.0,100,444.85,441.0,0,0.0,0.0,,0.0,1,5.3,5.49,SPY231020C00450000,450.0,normalDay
2023-09-08,14306.0,423.0,0.0,100,445.52,441.0,0,0.0,0.0,,0.0,1,5.3,5.59,SPY231020C00450000,450.0,normalDay
2023-09-11,14306.0,618.0,0.0,100,448.45,441.0,0,0.0,0.0,,0.0,1,5.3,6.57,SPY231020C00450000,450.0,normalDay
2023-09-12,14306.0,491.0,0.0,100,445.99,441.0,0,0.0,0.0,,0.0,1,5.3,5.38,SPY231020C00450000,450.0,normalDay
2023-09-13,14306.0,560.0,0.0,100,446.51,441.0,0,0.0,0.0,,0.0,1,5.3,5.21,SPY231020C00450000,450.0,normalDay
2023-09-14,14306.0,790.0,0.0,100,450.36,441.0,0,0.0,0.0,,0.0,1,5.3,6.76,SPY231020C00450000,450.0,normalDay
2023-09-15,14306.0,357.0,0.0,100,443.37,441.0,0,0.0,0.0,,0.0,1,5.3,4.1,SPY231020C00450000,450.0,normalDay
2023-09-18,14306.0,382.0,0.0,100,443.63,441.0,0,0.0,0.0,,0.0,1,5.3,4.11,SPY231020C00450000,450.0,normalDay
2023-09-19,14306.0,333.0,0.0,100,442.71,441.0,0,0.0,0.0,,0.0,1,5.3,3.68,SPY231020C00450000,450.0,normalDay
2023-09-20,14306.0,65.0,0.0,100,438.64,441.0,0,0.0,0.0,,0.0,1,5.3,2.29,SPY231020C00450000,450.0,normalDay
2023-09-21,14306.0,-538.0,0.0,100,431.39,441.0,0,0.0,0.0,,0.0,1,5.3,1.07,SPY231020C00450000,450.0,normalDay
2023-09-22,14306.0,-609.0,0.0,100,430.42,441.0,0,0.0,0.0,,0.0,1,5.3,0.81,SPY231020C00450000,450.0,normalDay
2023-09-25,14306.0,-437.0,0.0,100,432.23,441.0,0,0.0,0.0,,0.0,1,5.3,0.9,SPY231020C00450000,450.0,normalDay
2023-09-26,14306.0,-1025.0,0.0,100,425.88,441.0,0,0.0,0.0,,0.0,1,5.3,0.43,SPY231020C00450000,450.0,normalDay
2023-09-27,14306.0,-1000.0,0.0,100,426.05,441.0,0,0.0,0.0,,0.0,1,5.3,0.35,SPY231020C00450000,450.0,normalDay
2023-09-28,14306.0,-758.0,0.0,100,428.52,441.0,0,0.0,0.0,,0.0,1,5.3,0.4,SPY231020C00450000,450.0,normalDay
2023-09-29,14306.0,-850.0,0.0,100,427.48,441.0,0,0.0,0.0,,0.0,1,5.3,0.28,SPY231020C00450000,450.0,normalDay
2023-10-02,14306.0,-859.0,0.0,100,427.31,441.0,0,0.0,0.0,,0.0,1,5.3,0.2,SPY231020C00450000,450.0,normalDay
2023-10-03,14306.0,-1421.0,0.0,100,421.59,441.0,0,0.0,0.0,,0.0,1,5.3,0.1,SPY231020C00450000,450.0,normalDay
2023-10-04,14306.0,-1115.0,0.0,100,424.66,441.0,0,0.0,0.0,,0.0,1,5.3,0.11,SPY231020C00450000,450.0,normalDay
2023-10-05,14306.0,-1128.0,0.0,100,424.5,441.0,0,0.0,0.0,,0.0,1,5.3,0.08,SPY231020C00450000,450.0,normalDay
2023-10-06,14306.0,-632.0,0.0,100,429.54,441.0,0,0.0,0.0,,0.0,1,5.3,0.16,SPY231020C00450000,450.0,normalDay
2023-10-09,14306.0,-361.0,0.0,100,432.29,441.0,0,0.0,0.0,,0.0,1,5.3,0.2,SPY231020C00450000,450.0,normalDay
2023-10-10,14306.0,-139.0,0.0,100,434.54,441.0,0,0.0,0.0,,0.0,1,5.3,0.23,SPY231020C00450000,450.0,normalDay
2023-10-11,14306.0,41.0,0.0,100,436.32,441.0,0,0.0,0.0,,0.0,1,5.3,0.21,SPY231020C00450000,450.0,normalDay
2023-10-12,14306.0,-211.0,0.0,100,433.66,441.0,0,0.0,0.0,,0.0,1,5.3,0.07,SPY231020C00450000,450.0,normalDay
2023-10-13,14306.0,-423.0,0.0,100,431.5,441.0,0,0.0,0.0,,0.0,1,5.3,0.03,SPY231020C00450000,450.0,normalDay
2023-10-16,14306.0,29.0,0.0,100,436.04,441.0,0,0.0,0.0,,0.0,1,5.3,0.05,SPY231020C00450000,450.0,normalDay
2023-10-17,14306.0,29.0,0.0,100,436.02,441.0,0,0.0,0.0,,0.0,1,5.3,0.03,SPY231020C00450000,450.0,normalDay
2023-10-18,14306.0,-551.0,0.0,100,430.21,441.0,0,0.0,0.0,,0.0,1,5.3,0.02,SPY231020C00450000,450.0,normalDay
2023-10-19,14306.0,-928.0,0.0,100,426.43,441.0,0,0.0,0.0,,0.0,1,5.3,0.01,SPY231020C00450000,450.0,normalDay
2023-10-20,14836.0,-1981.0,530.0,100,421.19,441.0,0,0.0,0.0,,0.0,1,5.3,0.0,SPY231020C00450000,450.0,expirationDay
2023-10-23,14836.0,-2062.0,0.0,100,420.46,441.0,0,0.0,0.0,,0.0,1,9.12,9.2,SPY231229C00430000,430.0,normalDay
2023-10-24,14836.0,-1823.0,0.0,100,423.63,441.0,0,0.0,0.0,,0.0,1,9.12,9.98,SPY231229C00430000,430.0,normalDay
2023-10-25,14836.0,-2175.0,0.0,100,417.55,441.0,0,0.0,0.0,,0.0,1,9.12,7.42,SPY231229C00430000,430.0,normalDay
2023-10-26,14836.0,-2473.0,0.0,100,412.55,441.0,0,0.0,0.0,,0.0,1,9.12,5.4,SPY231229C00430000,430.0,normalDay
2023-10-27,14836.0,-2593.0,0.0,100,410.68,441.0,0,0.0,0.0,,0.0,1,9.12,4.73,SPY231229C00430000,430.0,normalDay
2023-10-30,14836.0,-2199.0,0.0,100,415.59,441.0,0,0.0,0.0,,0.0,1,9.12,5.7,SPY231229C00430000,430.0,normalDay
2023-10-31,14836.0,-1952.0,0.0,100,418.2,441.0,0,0.0,0.0,,0.0,1,9.12,5.84,SPY231229C00430000,430.0,normalDay
2023-11-01,14836.0,-1664.0,0.0,100,422.66,441.0,0,0.0,0.0,,0.0,1,9.12,7.42,SPY231229C00430000,430.0,normalDay
2023-11-02,14836.0,-1225.0,0.0,100,430.76,441.0,0,0.0,0.0,,0.0,1,9.12,11.13,SPY231229C00430000,430.0,normalDay
2023-11-03,14836.0,-1089.0,0.0,100,434.69,441.0,0,0.0,0.0,,0.0,1,9.12,13.7,SPY231229C00430000,430.0,normalDay
2023-11-06,14836.0,-980.0,0.0,100,435.69,441.0,0,0.0,0.0,,0.0,1,9.12,13.61,SPY231229C00430000,430.0,normalDay
2023-11-07,14836.0,-944.0,0.0,100,436.93,441.0,0,0.0,0.0,,0.0,1,9.12,14.49,SPY231229C00430000,430.0,normalDay
2023-11-08,14836.0,-887.0,0.0,100,437.25,441.0,0,0.0,0.0,,0.0,1,9.12,14.24,SPY231229C00430000,430.0,normalDay
2023-11-09,14836.0,-1024.0,0.0,100,433.84,441.0,0,0.0,0.0,,0.0,1,9.12,12.2,SPY231229C00430000,430.0,normalDay
2023-11-10,14836.0,-809.0,0.0,100,440.61,441.0,0,0.0,0.0,,0.0,1,9.12,16.82,SPY231229C00430000,430.0,normalDay
2023-11-13,14836.0,-808.0,0.0,100,440.19,441.0,0,0.0,0.0,,0.0,1,9.12,16.39,SPY231229C00430000,430.0,normalDay
2023-11-14,14836.0,-668.0,0.0,100,448.73,441.0,0,0.0,0.0,,0.0,1,9.12,23.53,SPY231229C00430000,430.0,normalDay
2023-11-15,14836.0,-578.0,0.0,100,449.68,441.0,0,0.0,0.0,,0.0,1,9.12,23.58,SPY231229C00430000,430.0,normalDay
2023-11-16,14836.0,-586.0,0.0,100,450.23,441.0,0,0.0,0.0,,0.0,1,9.12,24.21,SPY231229C00430000,430.0,normalDay
2023-11-17,14836.0,-550.0,0.0,100,450.79,441.0,0,0.0,0.0,,0.0,1,9.12,24.41,SPY231229C00430000,430.0,normalDay
2023-11-20,14836.0,-495.0,0.0,100,454.26,441.0,0,0.0,0.0,,0.0,1,9.12,27.33,SPY231229C00430000,430.0,normalDay
2023-11-21,14836.0,-455.0,0.0,100,453.27,441.0,0,0.0,0.0,,0.0,1,9.12,25.94,SPY231229C00430000,430.0,normalDay
2023-11-22,14836.0,-470.0,0.0,100,455.02,441.0,0,0.0,0.0,,0.0,1,9.12,27.84,SPY231229C00430000,430.0,normalDay
2023-11-24,14836.0,-514.0,0.0,100,455.3,441.0,0,0.0,0.0,,0.0,1,9.12,28.56,SPY231229C00430000,430.0,normalDay
2023-11-27,14836.0,-449.0,0.0,100,454.48,441.0,0,0.0,0.0,,0.0,1,9.12,27.09,SPY231229C00430000,430.0,normalDay
2023-11-28,14836.0,-391.0,0.0,100,454.93,441.0,0,0.0,0.0,,0.0,1,9.12,26.96,SPY231229C00430000,430.0,normalDay
2023-11-29,14836.0,-433.0,0.0,100,454.61,441.0,0,0.0,0.0,,0.0,1,9.12,27.06,SPY231229C00430000,430.0,normalDay
2023-11-30,14836.0,-412.0,0.0,100,456.4,441.0,0,0.0,0.0,,0.0,1,9.12,28.64,SPY231229C00430000,430.0,normalDay
