date,totalCapital,unrializedPnL,rializedPnL,stocksOwned,stocksPriceToday,stocksPriceBoughtAt,putOwned,putOwnedSoldAt,putPriceToday,putOwnedContract,putOwnedStrike,callOwned,callOwnedSoldAt,callPriceToday,callOwnedContract,callOwnedStrike,trackType
2018-11-01,0.0,-3.0,0.0,0,273.51,0.0,1,0.5,0.53,SPY181102P00271000,271.0,0,0.0,0.0,,0.0,normalDay
2018-11-02,50.0,0.0,50.0,0,271.89,0.0,1,0.5,0.0,SPY181102P00271000,271.0,0,0.0,0.0,,0.0,expirationDay
2018-11-05,50.0,-4.0,0.0,0,273.39,0.0,1,0.91,0.95,SPY181107P00270000,270.0,0,0.0,0.0,,0.0,normalDay
2018-11-06,50.0,42.0,0.0,0,275.12,0.0,1,0.91,0.49,SPY181107P00270000,270.0,0,0.0,0.0,,0.0,normalDay
2018-11-07,141.0,0.0,91.0,0,281.01,0.0,1,0.91,0.0,SPY181107P00270000,270.0,0,0.0,0.0,,0.0,expirationDay
2018-11-08,141.0,0.0,0.0,0,280.5,0.0,0,0.0,0.0,,0.0,0,0.0,0.0,,0.0,bidTooLow
2018-11-09,141.0,-3.0,0.0,0,277.76,0.0,1,0.03,0.06,SPY181112P00270500,270.5,0,0.0,0.0,,0.0,normalDay
2018-11-12,144.0,0.0,3.0,0,272.57,0.0,1,0.03,0.0,SPY181112P00270500,270.5,0,0.0,0.0,,0.0,expirationDay
2018-11-13,144.0,-4.0,0.0,0,272.06,0.0,1,1.4,1.44,SPY181116P00270000,270.0,0,0.0,0.0,,0.0,normalDay
2018-11-14,144.0,-79.0,0.0,0,270.2,0.0,1,1.4,2.19,SPY181116P00270000,270.0,0,0.0,0.0,,0.0,normalDay
2018-11-15,144.0,97.0,0.0,0,273.02,0.0,1,1.4,0.43,SPY181116P00270000,270.0,0,0.0,0.0,,0.0,normalDay
2018-11-16,284.0,0.0,140.0,0,273.73,0.0,1,1.4,0.0,SPY181116P00270000,270.0,0,0.0,0.0,,0.0,expirationDay
2018-11-19,284.0,-5.0,0.0,0,269.1,0.0,1,1.81,1.86,SPY181121P00269500,269.5,0,0.0,0.0,,0.0,normalDay
2018-11-20,284.0,-406.0,0.0,0,264.12,0.0,1,1.81,5.87,SPY181121P00269500,269.5,0,0.0,0.0,,0.0,normalDay
2018-11-21,465.0,-448.0,181.0,100,265.02,269.5,1,1.81,0.0,SPY181121P00269500,269.5,0,0.0,0.0,,0.0,expirationDay
2018-11-23,465.0,-625.0,0.0,100,263.25,269.5,0,0.0,0.0,,0.0,0,0.0,0.0,,0.0,bidTooLow
2018-11-26,465.0,-200.0,0.0,100,267.5,269.5,0,0.0,0.0,,0.0,0,0.0,0.0,,0.0,bidTooLow
2018-11-27,465.0,-110.0,0.0,100,268.4,269.5,0,0.0,0.0,,0.0,0,0.0,0.0,,0.0,bidTooLow
2018-11-28,465.0,505.0,0.0,100,274.58,269.5,0,0.0,0.0,,0.0,1,0.02,0.05,SPY181203C00290000,290.0,normalDay
2018-11-29,465.0,447.0,0.0,100,273.98,269.5,0,0.0,0.0,,0.0,1,0.02,0.03,SPY181203C00290000,290.0,normalDay
2018-11-30,465.0,615.0,0.0,100,275.65,269.5,0,0.0,0.0,,0.0,1,0.02,0.02,SPY181203C00290000,290.0,normalDay
2018-12-03,467.0,980.0,2.0,100,279.3,269.5,0,0.0,0.0,,0.0,1,0.02,0.0,SPY181203C00290000,290.0,expirationDay
2018-12-04,467.0,75.0,0.0,100,270.25,269.5,0,0.0,0.0,,0.0,0,0.0,0.0,,0.0,bidTooLow
2018-12-06,467.0,34.0,0.0,100,269.84,269.5,0,0.0,0.0,,0.0,0,0.0,0.0,,0.0,bidTooLow
2018-12-07,467.0,-593.0,0.0,100,263.57,269.5,0,0.0,0.0,,0.0,0,0.0,0.0,,0.0,bidTooLow
2018-12-10,467.0,-543.0,0.0,100,264.07,269.5,0,0.0,0.0,,0.0,0,0.0,0.0,,0.0,bidTooLow
2018-12-11,467.0,-537.0,0.0,100,264.13,269.5,0,0.0,0.0,,0.0,0,0.0,0.0,,0.0,bidTooLow
2018-12-12,467.0,-404.0,0.0,100,265.46,269.5,0,0.0,0.0,,0.0,0,0.0,0.0,,0.0,bidTooLow
2018-12-13,467.0,-413.0,0.0,100,265.37,269.5,0,0.0,0.0,,0.0,0,0.0,0.0,,0.0,bidTooLow
2018-12-14,467.0,-903.0,0.0,100,260.47,269.5,0,0.0,0.0,,0.0,0,0.0,0.0,,0.0,bidTooLow
2018-12-17,467.0,-1414.0,0.0,100,255.36,269.5,0,0.0,0.0,,0.0,0,0.0,0.0,,0.0,bidTooLow
2018-12-18,467.0,-1442.0,0.0,100,255.08,269.5,0,0.0,0.0,,0.0,0,0.0,0.0,,0.0,bidTooLow
2018-12-19,467.0,-1824.0,0.0,100,251.26,269.5,0,0.0,0.0,,0.0,0,0.0,0.0,,0.0,bidTooLow
2018-12-20,467.0,-2233.0,0.0,100,247.17,269.5,0,0.0,0.0,,0.0,0,0.0,0.0,,0.0,bidTooLow
2018-12-21,467.0,-2880.0,0.0,100,240.7,269.5,0,0.0,0.0,,0.0,0,0.0,0.0,,0.0,bidTooLow
2018-12-24,467.0,-3516.0,0.0,100,234.34,269.5,0,0.0,0.0,,0.0,0,0.0,0.0,,0.0,bidTooLow
2018-12-26,467.0,-2332.0,0.0,100,246.18,269.5,0,0.0,0.0,,0.0,0,0.0,0.0,,0.0,bidTooLow
2018-12-27,467.0,-2143.0,0.0,100,248.07,269.5,0,0.0,0.0,,0.0,0,0.0,0.0,,0.0,bidTooLow
2018-12-28,467.0,-2175.0,0.0,100,247.75,269.5,0,0.0,0.0,,0.0,0,0.0,0.0,,0.0,bidTooLow
2018-12-31,467.0,-1958.0,0.0,100,249.92,269.5,0,0.0,0.0,,0.0,0,0.0,0.0,,0.0,bidTooLow
2019-01-02,467.0,-1932.0,0.0,100,250.18,269.5,0,0.0,0.0,,0.0,0,0.0,0.0,,0.0,bidTooLow
2019-01-03,467.0,-2529.0,0.0,100,244.21,269.5,0,0.0,0.0,,0.0,0,0.0,0.0,,0.0,bidTooLow
2019-01-04,467.0,-1711.0,0.0,100,252.39,269.5,0,0.0,0.0,,0.0,0,0.0,0.0,,0.0,bidTooLow
2019-01-07,467.0,-1512.0,0.0,100,254.38,269.5,0,0.0,0.0,,0.0,0,0.0,0.0,,0.0,bidTooLow
2019-01-08,467.0,-1273.0,0.0,100,256.77,269.5,0,0.0,0.0,,0.0,0,0.0,0.0,,0.0,bidTooLow
2019-01-09,467.0,-1153.0,0.0,100,257.97,269.5,0,0.0,0.0,,0.0,0,0.0,0.0,,0.0,bidTooLow
2019-01-10,467.0,-1062.0,0.0,100,258.88,269.5,0,0.0,0.0,,0.0,0,0.0,0.0,,0.0,bidTooLow
2019-01-11,467.0,-1052.0,0.0,100,258.98,269.5,0,0.0,0.0,,0.0,0,0.0,0.0,,0.0,bidTooLow
2019-01-14,467.0,-1210.0,0.0,100,257.4,269.5,0,0.0,0.0,,0.0,0,0.0,0.0,,0.0,bidTooLow
2019-01-15,467.0,-915.0,0.0,100,260.35,269.5,0,0.0,0.0,,0.0,0,0.0,0.0,,0.0,bidTooLow
2019-01-16,467.0,-852.0,0.0,100,260.98,269.5,0,0.0,0.0,,0.0,0,0.0,0.0,,0.0,bidTooLow
2019-01-17,467.0,-654.0,0.0,100,262.96,269.5,0,0.0,0.0,,0.0,0,0.0,0.0,,0.0,bidTooLow
2019-01-18,467.0,-304.0,0.0,100,266.46,269.5,0,0.0,0.0,,0.0,0,0.0,0.0,,0.0,bidTooLow
2019-01-22,467.0,-664.0,0.0,100,262.86,269.5,0,0.0,0.0,,0.0,0,0.0,0.0,,0.0,bidTooLow
2019-01-23,467.0,-609.0,0.0,100,263.41,269.5,0,0.0,0.0,,0.0,0,0.0,0.0,,0.0,bidTooLow
2019-01-24,467.0,-595.0,0.0,100,263.55,269.5,0,0.0,0.0,,0.0,0,0.0,0.0,,0.0,bidTooLow
2019-01-25,467.0,-372.0,0.0,100,265.78,269.5,0,0.0,0.0,,0.0,0,0.0,0.0,,0.0,bidTooLow
2019-01-28,467.0,-574.0,0.0,100,263.76,269.5,0,0.0,0.0,,0.0,0,0.0,0.0,,0.0,bidTooLow
2019-01-29,467.0,-609.0,0.0,100,263.41,269.5,0,0.0,0.0,,0.0,0,0.0,0.0,,0.0,bidTooLow
2019-01-30,467.0,-192.0,0.0,100,267.58,269.5,0,0.0,0.0,,0.0,0,0.0,0.0,,0.0,bidTooLow
2019-01-31,467.0,43.0,0.0,100,269.93,269.5,0,0.0,0.0,,0.0,0,0.0,0.0,,0.0,bidTooLow
2019-02-01,467.0,56.0,0.0,100,270.06,269.5,0,0.0,0.0,,0.0,0,0.0,0.0,,0.0,bidTooLow
2019-02-04,467.0,246.0,0.0,100,271.96,269.5,0,0.0,0.0,,0.0,0,0.0,0.0,,0.0,bidTooLow
2019-02-05,467.0,360.0,0.0,100,273.1,269.5,0,0.0,0.0,,0.0,0,0.0,0.0,,0.0,bidTooLow
2019-02-06,467.0,324.0,0.0,100,272.74,269.5,0,0.0,0.0,,0.0,0,0.0,0.0,,0.0,bidTooLow
2019-02-07,467.0,64.0,0.0,100,270.14,269.5,0,0.0,0.0,,0.0,0,0.0,0.0,,0.0,bidTooLow
2019-02-08,467.0,97.0,0.0,100,270.47,269.5,0,0.0,0.0,,0.0,0,0.0,0.0,,0.0,bidTooLow
2019-02-11,467.0,112.0,0.0,100,270.62,269.5,0,0.0,0.0,,0.0,0,0.0,0.0,,0.0,bidTooLow
2019-02-12,467.0,460.0,0.0,100,274.1,269.5,0,0.0,0.0,,0.0,0,0.0,0.0,,0.0,bidTooLow
2019-02-13,467.0,549.0,0.0,100,274.99,269.5,0,0.0,0.0,,0.0,0,0.0,0.0,,0.0,bidTooLow
2019-02-14,467.0,488.0,0.0,100,274.38,269.5,0,0.0,0.0,,0.0,0,0.0,0.0,,0.0,bidTooLow
2019-02-15,467.0,787.0,0.0,100,277.37,269.5,0,0.0,0.0,,0.0,0,0.0,0.0,,0.0,bidTooLow
2019-02-19,467.0,835.0,0.0,100,277.85,269.5,0,0.0,0.0,,0.0,0,0.0,0.0,,0.0,bidTooLow
2019-02-20,467.0,891.0,0.0,100,278.41,269.5,0,0.0,0.0,,0.0,0,0.0,0.0,,0.0,bidTooLow
2019-02-21,467.0,792.0,0.0,100,277.42,269.5,0,0.0,0.0,,0.0,0,0.0,0.0,,0.0,bidTooLow
2019-02-22,467.0,964.0,0.0,100,279.14,269.5,0,0.0,0.0,,0.0,0,0.0,0.0,,0.0,bidTooLow
2019-02-25,467.0,1002.0,0.0,100,279.52,269.5,0,0.0,0.0,,0.0,0,0.0,0.0,,0.0,bidTooLow
2019-02-26,467.0,982.0,0.0,100,279.32,269.5,0,0.0,0.0,,0.0,0,0.0,0.0,,0.0,bidTooLow
2019-02-27,467.0,970.0,0.0,100,279.2,269.5,0,0.0,0.0,,0.0,0,0.0,0.0,,0.0,bidTooLow
2019-02-28,467.0,918.0,0.0,100,278.68,269.5,0,0.0,0.0,,0.0,0,0.0,0.0,,0.0,bidTooLow
2019-03-01,467.0,1092.0,0.0,100,280.42,269.5,0,0.0,0.0,,0.0,0,0.0,0.0,,0.0,bidTooLow
2019-03-04,467.0,990.0,0.0,100,279.4,269.5,0,0.0,0.0,,0.0,0,0.0,0.0,,0.0,bidTooLow
2019-03-05,467.0,952.0,0.0,100,279.02,269.5,0,0.0,0.0,,0.0,0,0.0,0.0,,0.0,bidTooLow
2019-03-06,467.0,783.0,0.0,100,277.33,269.5,0,0.0,0.0,,0.0,0,0.0,0.0,,0.0,bidTooLow
2019-03-07,467.0,551.0,0.0,100,275.01,269.5,0,0.0,0.0,,0.0,0,0.0,0.0,,0.0,bidTooLow
2019-03-08,467.0,496.0,0.0,100,274.46,269.5,0,0.0,0.0,,0.0,0,0.0,0.0,,0.0,bidTooLow
2019-03-11,467.0,894.0,0.0,100,278.44,269.5,0,0.0,0.0,,0.0,0,0.0,0.0,,0.0,bidTooLow
2019-03-12,467.0,996.0,0.0,100,279.49,269.5,0,0.0,0.0,,0.0,1,0.01,0.04,SPY190318C00285000,285.0,normalDay
2019-03-13,467.0,1175.0,0.0,100,281.34,269.5,0,0.0,0.0,,0.0,1,0.01,0.1,SPY190318C00285000,285.0,normalDay
2019-03-14,467.0,1164.0,0.0,100,281.16,269.5,0,0.0,0.0,,0.0,1,0.01,0.03,SPY190318C00285000,285.0,normalDay
2019-03-15,467.0,1181.0,0.0,100,281.31,269.5,0,0.0,0.0,,0.0,1,0.01,0.01,SPY190318C00285000,285.0,normalDay
2019-03-18,468.0,1283.0,1.0,100,282.33,269.5,0,0.0,0.0,,0.0,1,0.01,0.0,SPY190318C00285000,285.0,expirationDay
2019-03-19,468.0,1287.0,0.0,100,282.4,269.5,0,0.0,0.0,,0.0,1,0.12,0.15,SPY190325C00287000,287.0,normalDay
2019-03-20,468.0,1213.0,0.0,100,281.55,269.5,0,0.0,0.0,,0.0,1,0.12,0.04,SPY190325C00287000,287.0,normalDay
2019-03-21,468.0,1509.0,0.0,100,284.73,269.5,0,0.0,0.0,,0.0,1,0.12,0.26,SPY190325C00287000,287.0,normalDay
2019-03-22,468.0,986.0,0.0,100,279.25,269.5,0,0.0,0.0,,0.0,1,0.12,0.01,SPY190325C00287000,287.0,normalDay
2019-03-25,480.0,954.0,12.0,100,279.04,269.5,0,0.0,0.0,,0.0,1,0.12,0.0,SPY190325C00287000,287.0,expirationDay
2019-03-26,480.0,1162.0,0.0,100,281.12,269.5,0,0.0,0.0,,0.0,0,0.0,0.0,,0.0,bidTooLow
2019-03-27,480.0,1015.0,0.0,100,279.65,269.5,0,0.0,0.0,,0.0,0,0.0,0.0,,0.0,bidTooLow
2019-03-28,480.0,1121.0,0.0,100,280.71,269.5,0,0.0,0.0,,0.0,0,0.0,0.0,,0.0,bidTooLow
2019-03-29,480.0,1298.0,0.0,100,282.48,269.5,0,0.0,0.0,,0.0,0,0.0,0.0,,0.0,bidTooLow
2019-04-01,480.0,1630.0,0.0,100,285.83,269.5,0,0.0,0.0,,0.0,1,0.02,0.05,SPY190405C00291000,291.0,normalDay
2019-04-02,480.0,1645.0,0.0,100,285.97,269.5,0,0.0,0.0,,0.0,1,0.02,0.04,SPY190405C00291000,291.0,normalDay
2019-04-03,480.0,1688.0,0.0,100,286.42,269.5,0,0.0,0.0,,0.0,1,0.02,0.06,SPY190405C00291000,291.0,normalDay
2019-04-04,480.0,1767.0,0.0,100,287.18,269.5,0,0.0,0.0,,0.0,1,0.02,0.03,SPY190405C00291000,291.0,normalDay
2019-04-05,482.0,1907.0,2.0,100,288.57,269.5,0,0.0,0.0,,0.0,1,0.02,0.0,SPY190405C00291000,291.0,expirationDay
2019-04-08,482.0,1929.0,0.0,100,288.79,269.5,0,0.0,0.0,,0.0,0,0.0,0.0,,0.0,bidTooLow
2019-04-09,482.0,1781.0,0.0,100,287.31,269.5,0,0.0,0.0,,0.0,0,0.0,0.0,,0.0,bidTooLow
2019-04-10,482.0,1879.0,0.0,100,288.29,269.5,0,0.0,0.0,,0.0,0,0.0,0.0,,0.0,bidTooLow
2019-04-11,482.0,1871.0,0.0,100,288.21,269.5,0,0.0,0.0,,0.0,0,0.0,0.0,,0.0,bidTooLow
2019-04-12,482.0,2066.0,0.0,100,290.16,269.5,0,0.0,0.0,,0.0,0,0.0,0.0,,0.0,bidTooLow
2019-04-15,482.0,2047.0,0.0,100,289.97,269.5,0,0.0,0.0,,0.0,0,0.0,0.0,,0.0,bidTooLow
2019-04-16,482.0,2066.0,0.0,100,290.16,269.5,0,0.0,0.0,,0.0,0,0.0,0.0,,0.0,bidTooLow
2019-04-17,482.0,1995.0,0.0,100,289.45,269.5,0,0.0,0.0,,0.0,0,0.0,0.0,,0.0,bidTooLow
2019-04-18,482.0,2052.0,0.0,100,290.02,269.5,0,0.0,0.0,,0.0,0,0.0,0.0,,0.0,bidTooLow
2019-04-22,482.0,2077.0,0.0,100,290.27,269.5,0,0.0,0.0,,0.0,0,0.0,0.0,,0.0,bidTooLow
2019-04-23,482.0,2338.0,0.0,100,292.88,269.5,0,0.0,0.0,,0.0,0,0.0,0.0,,0.0,bidTooLow
2019-04-24,482.0,2273.0,0.0,100,292.23,269.5,0,0.0,0.0,,0.0,0,0.0,0.0,,0.0,bidTooLow
2019-04-25,482.0,2255.0,0.0,100,292.05,269.5,0,0.0,0.0,,0.0,0,0.0,0.0,,0.0,bidTooLow
2019-04-26,482.0,2391.0,0.0,100,293.41,269.5,0,0.0,0.0,,0.0,0,0.0,0.0,,0.0,bidTooLow
2019-04-29,482.0,2434.0,0.0,100,293.87,269.5,0,0.0,0.0,,0.0,1,0.03,0.06,SPY190503C00299000,299.0,normalDay
2019-04-30,482.0,2453.0,0.0,100,294.02,269.5,0,0.0,0.0,,0.0,1,0.03,0.02,SPY190503C00299000,299.0,normalDay
2019-05-01,482.0,2233.0,0.0,100,291.81,269.5,0,0.0,0.0,,0.0,1,0.03,0.01,SPY190503C00299000,299.0,normalDay
2019-05-02,482.0,2170.0,0.0,100,291.18,269.5,0,0.0,0.0,,0.0,1,0.03,0.01,SPY190503C00299000,299.0,normalDay
2019-05-03,485.0,2453.0,3.0,100,294.03,269.5,0,0.0,0.0,,0.0,1,0.03,0.0,SPY190503C00299000,299.0,expirationDay
2019-05-06,485.0,2329.0,0.0,100,292.82,269.5,0,0.0,0.0,,0.0,1,0.02,0.05,SPY190510C00299000,299.0,normalDay
2019-05-07,485.0,1843.0,0.0,100,287.93,269.5,0,0.0,0.0,,0.0,1,0.02,0.02,SPY190510C00299000,299.0,normalDay
2019-05-08,485.0,1804.0,0.0,100,287.53,269.5,0,0.0,0.0,,0.0,1,0.02,0.01,SPY190510C00299000,299.0,normalDay
2019-05-09,485.0,1717.0,0.0,100,286.66,269.5,0,0.0,0.0,,0.0,1,0.02,0.01,SPY190510C00299000,299.0,normalDay
2019-05-10,487.0,1860.0,2.0,100,288.1,269.5,0,0.0,0.0,,0.0,1,0.02,0.0,SPY190510C00299000,299.0,expirationDay
2019-05-13,487.0,1136.0,0.0,100,280.86,269.5,0,0.0,0.0,,0.0,0,0.0,0.0,,0.0,bidTooLow
2019-05-14,487.0,1390.0,0.0,100,283.4,269.5,0,0.0,0.0,,0.0,0,0.0,0.0,,0.0,bidTooLow
2019-05-15,487.0,1556.0,0.0,100,285.06,269.5,0,0.0,0.0,,0.0,0,0.0,0.0,,0.0,bidTooLow
2019-05-16,487.0,1820.0,0.0,100,287.7,269.5,0,0.0,0.0,,0.0,0,0.0,0.0,,0.0,bidTooLow
2019-05-17,487.0,1634.0,0.0,100,285.84,269.5,0,0.0,0.0,,0.0,0,0.0,0.0,,0.0,bidTooLow
2019-05-20,487.0,1445.0,0.0,100,283.95,269.5,0,0.0,0.0,,0.0,0,0.0,0.0,,0.0,bidTooLow
2019-05-21,487.0,1701.0,0.0,100,286.51,269.5,0,0.0,0.0,,0.0,0,0.0,0.0,,0.0,bidTooLow
2019-05-22,487.0,1613.0,0.0,100,285.63,269.5,0,0.0,0.0,,0.0,0,0.0,0.0,,0.0,bidTooLow
2019-05-23,487.0,1264.0,0.0,100,282.14,269.5,0,0.0,0.0,,0.0,0,0.0,0.0,,0.0,bidTooLow
2019-05-24,487.0,1328.0,0.0,100,282.78,269.5,0,0.0,0.0,,0.0,0,0.0,0.0,,0.0,bidTooLow
2019-05-28,487.0,1065.0,0.0,100,280.15,269.5,0,0.0,0.0,,0.0,0,0.0,0.0,,0.0,bidTooLow
2019-05-29,487.0,877.0,0.0,100,278.27,269.5,0,0.0,0.0,,0.0,0,0.0,0.0,,0.0,bidTooLow
2019-05-30,487.0,953.0,0.0,100,279.03,269.5,0,0.0,0.0,,0.0,0,0.0,0.0,,0.0,bidTooLow
2019-05-31,487.0,577.0,0.0,100,275.27,269.5,0,0.0,0.0,,0.0,0,0.0,0.0,,0.0,bidTooLow
2019-06-03,487.0,507.0,0.0,100,274.57,269.5,0,0.0,0.0,,0.0,0,0.0,0.0,,0.0,bidTooLow
2019-06-04,487.0,1103.0,0.0,100,280.53,269.5,0,0.0,0.0,,0.0,0,0.0,0.0,,0.0,bidTooLow
2019-06-05,487.0,1346.0,0.0,100,282.96,269.5,0,0.0,0.0,,0.0,0,0.0,0.0,,0.0,bidTooLow
2019-06-06,487.0,1530.0,0.0,100,284.8,269.5,0,0.0,0.0,,0.0,0,0.0,0.0,,0.0,bidTooLow
2019-06-07,487.0,1815.0,0.0,100,287.65,269.5,0,0.0,0.0,,0.0,0,0.0,0.0,,0.0,bidTooLow
2019-06-10,487.0,1944.0,0.0,100,288.97,269.5,0,0.0,0.0,,0.0,1,0.01,0.04,SPY190614C00297500,297.5,normalDay
2019-06-11,487.0,1939.0,0.0,100,288.9,269.5,0,0.0,0.0,,0.0,1,0.01,0.02,SPY190614C00297500,297.5,normalDay
2019-06-12,487.0,1889.0,0.0,100,288.39,269.5,0,0.0,0.0,,0.0,1,0.01,0.01,SPY190614C00297500,297.5,normalDay
2019-06-13,487.0,2008.0,0.0,100,289.58,269.5,0,0.0,0.0,,0.0,1,0.01,0.01,SPY190614C00297500,297.5,normalDay
2019-06-14,488.0,1976.0,1.0,100,289.26,269.5,0,0.0,0.0,,0.0,1,0.01,0.0,SPY190614C00297500,297.5,expirationDay
2019-06-17,488.0,1987.0,0.0,100,289.37,269.5,0,0.0,0.0,,0.0,0,0.0,0.0,,0.0,bidTooLow
2019-06-18,488.0,2290.0,0.0,100,292.4,269.5,0,0.0,0.0,,0.0,0,0.0,0.0,,0.0,bidTooLow
2019-06-19,488.0,2356.0,0.0,100,293.06,269.5,0,0.0,0.0,,0.0,0,0.0,0.0,,0.0,bidTooLow
2019-06-20,488.0,2633.0,0.0,100,295.86,269.5,0,0.0,0.0,,0.0,1,0.01,0.04,SPY190626C00307000,307.0,normalDay
2019-06-21,488.0,2450.0,0.0,100,294.0,269.5,0,0.0,0.0,,0.0,1,0.01,0.01,SPY190626C00307000,307.0,normalDay
2019-06-24,488.0,2414.0,0.0,100,293.64,269.5,0,0.0,0.0,,0.0,1,0.01,0.01,SPY190626C00307000,307.0,normalDay
2019-06-25,488.0,2126.0,0.0,100,290.76,269.5,0,0.0,0.0,,0.0,1,0.01,0.01,SPY190626C00307000,307.0,normalDay
2019-06-26,489.0,2097.0,1.0,100,290.47,269.5,0,0.0,0.0,,0.0,1,0.01,0.0,SPY190626C00307000,307.0,expirationDay
2019-06-27,489.0,2200.0,0.0,100,291.5,269.5,0,0.0,0.0,,0.0,0,0.0,0.0,,0.0,bidTooLow
2019-06-28,489.0,2350.0,0.0,100,293.0,269.5,0,0.0,0.0,,0.0,0,0.0,0.0,,0.0,bidTooLow
2019-07-01,489.0,2616.0,0.0,100,295.66,269.5,0,0.0,0.0,,0.0,0,0.0,0.0,,0.0,bidTooLow
2019-07-02,489.0,2693.0,0.0,100,296.43,269.5,0,0.0,0.0,,0.0,0,0.0,0.0,,0.0,bidTooLow
2019-07-03,489.0,2927.0,0.0,100,298.8,269.5,0,0.0,0.0,,0.0,1,0.01,0.04,SPY190708C00304000,304.0,normalDay
2019-07-05,489.0,2896.0,0.0,100,298.46,269.5,0,0.0,0.0,,0.0,1,0.01,0.01,SPY190708C00304000,304.0,normalDay
2019-07-08,490.0,2732.0,1.0,100,296.82,269.5,0,0.0,0.0,,0.0,1,0.01,0.0,SPY190708C00304000,304.0,expirationDay
2019-07-09,490.0,2769.0,0.0,100,297.19,269.5,0,0.0,0.0,,0.0,0,0.0,0.0,,0.0,bidTooLow
2019-07-10,490.0,2911.0,0.0,100,298.61,269.5,0,0.0,0.0,,0.0,0,0.0,0.0,,0.0,bidTooLow
2019-07-11,490.0,2981.0,0.0,100,299.31,269.5,0,0.0,0.0,,0.0,0,0.0,0.0,,0.0,bidTooLow
2019-07-12,490.0,3115.0,0.0,100,300.65,269.5,0,0.0,0.0,,0.0,0,0.0,0.0,,0.0,bidTooLow
2019-07-15,490.0,3125.0,0.0,100,300.75,269.5,0,0.0,0.0,,0.0,0,0.0,0.0,,0.0,bidTooLow
2019-07-16,490.0,3028.0,0.0,100,299.78,269.5,0,0.0,0.0,,0.0,0,0.0,0.0,,0.0,bidTooLow
2019-07-17,490.0,2824.0,0.0,100,297.74,269.5,0,0.0,0.0,,0.0,0,0.0,0.0,,0.0,bidTooLow
2019-07-18,490.0,2933.0,0.0,100,298.83,269.5,0,0.0,0.0,,0.0,0,0.0,0.0,,0.0,bidTooLow
2019-07-19,490.0,2767.0,0.0,100,297.17,269.5,0,0.0,0.0,,0.0,0,0.0,0.0,,0.0,bidTooLow
2019-07-22,490.0,2840.0,0.0,100,297.9,269.5,0,0.0,0.0,,0.0,0,0.0,0.0,,0.0,bidTooLow
2019-07-23,490.0,3053.0,0.0,100,300.03,269.5,0,0.0,0.0,,0.0,0,0.0,0.0,,0.0,bidTooLow
2019-07-24,490.0,3194.0,0.0,100,301.44,269.5,0,0.0,0.0,,0.0,0,0.0,0.0,,0.0,bidTooLow
2019-07-25,490.0,3050.0,0.0,100,300.0,269.5,0,0.0,0.0,,0.0,0,0.0,0.0,,0.0,bidTooLow
2019-07-26,490.0,3248.0,0.0,100,302.01,269.5,0,0.0,0.0,,0.0,1,0.06,0.09,SPY190731C00306500,306.5,normalDay
2019-07-29,490.0,3199.0,0.0,100,301.46,269.5,0,0.0,0.0,,0.0,1,0.06,0.03,SPY190731C00306500,306.5,normalDay
2019-07-30,490.0,3127.0,0.0,100,300.72,269.5,0,0.0,0.0,,0.0,1,0.06,0.01,SPY190731C00306500,306.5,normalDay
2019-07-31,496.0,2793.0,6.0,100,297.43,269.5,0,0.0,0.0,,0.0,1,0.06,0.0,SPY190731C00306500,306.5,expirationDay
2019-08-01,496.0,2534.0,0.0,100,294.84,269.5,0,0.0,0.0,,0.0,0,0.0,0.0,,0.0,bidTooLow
2019-08-02,496.0,2312.0,0.0,100,292.62,269.5,0,0.0,0.0,,0.0,0,0.0,0.0,,0.0,bidTooLow
2019-08-05,496.0,1432.0,0.0,100,283.82,269.5,0,0.0,0.0,,0.0,0,0.0,0.0,,0.0,bidTooLow
2019-08-06,496.0,1830.0,0.0,100,287.8,269.5,0,0.0,0.0,,0.0,0,0.0,0.0,,0.0,bidTooLow
2019-08-07,496.0,1847.0,0.0,100,287.97,269.5,0,0.0,0.0,,0.0,0,0.0,0.0,,0.0,bidTooLow
2019-08-08,496.0,2412.0,0.0,100,293.62,269.5,0,0.0,0.0,,0.0,0,0.0,0.0,,0.0,bidTooLow
2019-08-09,496.0,2212.0,0.0,100,291.62,269.5,0,0.0,0.0,,0.0,0,0.0,0.0,,0.0,bidTooLow
2019-08-12,496.0,1857.0,0.0,100,288.07,269.5,0,0.0,0.0,,0.0,0,0.0,0.0,,0.0,bidTooLow
2019-08-13,496.0,2305.0,0.0,100,292.55,269.5,0,0.0,0.0,,0.0,0,0.0,0.0,,0.0,bidTooLow
2019-08-14,496.0,1440.0,0.0,100,283.9,269.5,0,0.0,0.0,,0.0,0,0.0,0.0,,0.0,bidTooLow
2019-08-15,496.0,1515.0,0.0,100,284.65,269.5,0,0.0,0.0,,0.0,0,0.0,0.0,,0.0,bidTooLow
2019-08-16,496.0,1935.0,0.0,100,288.85,269.5,0,0.0,0.0,,0.0,0,0.0,0.0,,0.0,bidTooLow
2019-08-19,496.0,2283.0,0.0,100,292.33,269.5,0,0.0,0.0,,0.0,0,0.0,0.0,,0.0,bidTooLow
2019-08-20,496.0,2059.0,0.0,100,290.09,269.5,0,0.0,0.0,,0.0,0,0.0,0.0,,0.0,bidTooLow
2019-08-21,496.0,2295.0,0.0,100,292.45,269.5,0,0.0,0.0,,0.0,0,0.0,0.0,,0.0,bidTooLow
2019-08-22,496.0,2286.0,0.0,100,292.36,269.5,0,0.0,0.0,,0.0,0,0.0,0.0,,0.0,bidTooLow
2019-08-23,496.0,1535.0,0.0,100,284.85,269.5,0,0.0,0.0,,0.0,0,0.0,0.0,,0.0,bidTooLow
2019-08-26,496.0,1850.0,0.0,100,288.0,269.5,0,0.0,0.0,,0.0,0,0.0,0.0,,0.0,bidTooLow
2019-08-27,496.0,1737.0,0.0,100,286.87,269.5,0,0.0,0.0,,0.0,0,0.0,0.0,,0.0,bidTooLow
2019-08-28,496.0,1939.0,0.0,100,288.89,269.5,0,0.0,0.0,,0.0,0,0.0,0.0,,0.0,bidTooLow
2019-08-29,496.0,2305.0,0.0,100,292.58,269.5,0,0.0,0.0,,0.0,1,0.02,0.05,SPY190904C00301000,301.0,normalDay
2019-08-30,496.0,2294.0,0.0,100,292.45,269.5,0,0.0,0.0,,0.0,1,0.02,0.03,SPY190904C00301000,301.0,normalDay
2019-09-03,496.0,2125.0,0.0,100,290.74,269.5,0,0.0,0.0,,0.0,1,0.02,0.01,SPY190904C00301000,301.0,normalDay
2019-09-04,498.0,2454.0,2.0,100,294.04,269.5,0,0.0,0.0,,0.0,1,0.02,0.0,SPY190904C00301000,301.0,expirationDay
2019-09-05,498.0,2829.0,0.0,100,297.82,269.5,0,0.0,0.0,,0.0,1,0.13,0.16,SPY190911C00303000,303.0,normalDay
2019-09-06,498.0,2860.0,0.0,100,298.05,269.5,0,0.0,0.0,,0.0,1,0.13,0.08,SPY190911C00303000,303.0,normalDay
2019-09-09,498.0,2881.0,0.0,100,298.2,269.5,0,0.0,0.0,,0.0,1,0.13,0.02,SPY190911C00303000,303.0,normalDay
2019-09-10,498.0,2875.0,0.0,100,298.13,269.5,0,0.0,0.0,,0.0,1,0.13,0.01,SPY190911C00303000,303.0,normalDay
2019-09-11,511.0,3075.0,13.0,100,300.25,269.5,0,0.0,0.0,,0.0,1,0.13,0.0,SPY190911C00303000,303.0,expirationDay
2019-09-12,511.0,3179.0,0.0,100,301.29,269.5,0,0.0,0.0,,0.0,0,0.0,0.0,,0.0,bidTooLow
2019-09-13,511.0,3159.0,0.0,100,301.09,269.5,0,0.0,0.0,,0.0,0,0.0,0.0,,0.0,bidTooLow
2019-09-16,511.0,3066.0,0.0,100,300.16,269.5,0,0.0,0.0,,0.0,0,0.0,0.0,,0.0,bidTooLow
2019-09-17,511.0,3142.0,0.0,100,300.92,269.5,0,0.0,0.0,,0.0,0,0.0,0.0,,0.0,bidTooLow
2019-09-18,511.0,3160.0,0.0,100,301.1,269.5,0,0.0,0.0,,0.0,0,0.0,0.0,,0.0,bidTooLow
2019-09-19,511.0,3158.0,0.0,100,301.08,269.5,0,0.0,0.0,,0.0,0,0.0,0.0,,0.0,bidTooLow
2019-09-20,511.0,2878.0,0.0,100,298.28,269.5,0,0.0,0.0,,0.0,0,0.0,0.0,,0.0,bidTooLow
2019-09-23,511.0,2871.0,0.0,100,298.21,269.5,0,0.0,0.0,,0.0,0,0.0,0.0,,0.0,bidTooLow
2019-09-24,511.0,2637.0,0.0,100,295.87,269.5,0,0.0,0.0,,0.0,0,0.0,0.0,,0.0,bidTooLow
2019-09-25,511.0,2812.0,0.0,100,297.62,269.5,0,0.0,0.0,,0.0,0,0.0,0.0,,0.0,bidTooLow
2019-09-26,511.0,2750.0,0.0,100,297.0,269.5,0,0.0,0.0,,0.0,0,0.0,0.0,,0.0,bidTooLow
2019-09-27,511.0,2590.0,0.0,100,295.4,269.5,0,0.0,0.0,,0.0,0,0.0,0.0,,0.0,bidTooLow
2019-09-30,511.0,2727.0,0.0,100,296.77,269.5,0,0.0,0.0,,0.0,0,0.0,0.0,,0.0,bidTooLow
2019-10-01,511.0,2374.0,0.0,100,293.24,269.5,0,0.0,0.0,,0.0,0,0.0,0.0,,0.0,bidTooLow
2019-10-02,511.0,1856.0,0.0,100,288.06,269.5,0,0.0,0.0,,0.0,0,0.0,0.0,,0.0,bidTooLow
2019-10-03,511.0,2092.0,0.0,100,290.42,269.5,0,0.0,0.0,,0.0,0,0.0,0.0,,0.0,bidTooLow
2019-10-04,511.0,2485.0,0.0,100,294.35,269.5,0,0.0,0.0,,0.0,0,0.0,0.0,,0.0,bidTooLow
2019-10-07,511.0,2358.0,0.0,100,293.08,269.5,0,0.0,0.0,,0.0,0,0.0,0.0,,0.0,bidTooLow
2019-10-08,511.0,1903.0,0.0,100,288.53,269.5,0,0.0,0.0,,0.0,0,0.0,0.0,,0.0,bidTooLow
2019-10-09,511.0,2177.0,0.0,100,291.27,269.5,0,0.0,0.0,,0.0,0,0.0,0.0,,0.0,bidTooLow
2019-10-10,511.0,2374.0,0.0,100,293.24,269.5,0,0.0,0.0,,0.0,0,0.0,0.0,,0.0,bidTooLow
2019-10-11,511.0,2678.0,0.0,100,296.28,269.5,0,0.0,0.0,,0.0,0,0.0,0.0,,0.0,bidTooLow
2019-10-14,511.0,2645.0,0.0,100,295.95,269.5,0,0.0,0.0,,0.0,0,0.0,0.0,,0.0,bidTooLow
2019-10-15,511.0,2938.0,0.0,100,298.88,269.5,0,0.0,0.0,,0.0,0,0.0,0.0,,0.0,bidTooLow
2019-10-16,511.0,2890.0,0.0,100,298.4,269.5,0,0.0,0.0,,0.0,0,0.0,0.0,,0.0,bidTooLow
2019-10-17,511.0,2978.0,0.0,100,299.28,269.5,0,0.0,0.0,,0.0,0,0.0,0.0,,0.0,bidTooLow
2019-10-18,511.0,2847.0,0.0,100,297.97,269.5,0,0.0,0.0,,0.0,0,0.0,0.0,,0.0,bidTooLow
2019-10-21,511.0,3049.0,0.0,100,299.99,269.5,0,0.0,0.0,,0.0,0,0.0,0.0,,0.0,bidTooLow
2019-10-22,511.0,2951.0,0.0,100,299.01,269.5,0,0.0,0.0,,0.0,0,0.0,0.0,,0.0,bidTooLow
2019-10-23,511.0,3038.0,0.0,100,299.88,269.5,0,0.0,0.0,,0.0,0,0.0,0.0,,0.0,bidTooLow
2019-10-24,511.0,3087.0,0.0,100,300.37,269.5,0,0.0,0.0,,0.0,0,0.0,0.0,,0.0,bidTooLow
2019-10-25,511.0,3210.0,0.0,100,301.6,269.5,0,0.0,0.0,,0.0,0,0.0,0.0,,0.0,bidTooLow
2019-10-28,511.0,3380.0,0.0,100,303.3,269.5,0,0.0,0.0,,0.0,0,0.0,0.0,,0.0,bidTooLow
2019-10-29,511.0,3371.0,0.0,100,303.21,269.5,0,0.0,0.0,,0.0,0,0.0,0.0,,0.0,bidTooLow
2019-10-30,511.0,3464.0,0.0,100,304.14,269.5,0,0.0,0.0,,0.0,0,0.0,0.0,,0.0,bidTooLow
2019-10-31,511.0,3383.0,0.0,100,303.33,269.5,0,0.0,0.0,,0.0,0,0.0,0.0,,0.0,bidTooLow
2019-11-01,511.0,3664.0,0.0,100,306.14,269.5,0,0.0,0.0,,0.0,0,0.0,0.0,,0.0,bidTooLow
2019-11-04,511.0,3787.0,0.0,100,307.37,269.5,0,0.0,0.0,,0.0,0,0.0,0.0,,0.0,bidTooLow
2019-11-05,511.0,3753.0,0.0,100,307.03,269.5,0,0.0,0.0,,0.0,0,0.0,0.0,,0.0,bidTooLow
2019-11-06,511.0,3760.0,0.0,100,307.1,269.5,0,0.0,0.0,,0.0,0,0.0,0.0,,0.0,bidTooLow
2019-11-07,511.0,3868.0,0.0,100,308.18,269.5,0,0.0,0.0,,0.0,0,0.0,0.0,,0.0,bidTooLow
2019-11-08,511.0,3944.0,0.0,100,308.94,269.5,0,0.0,0.0,,0.0,0,0.0,0.0,,0.0,bidTooLow
2019-11-11,511.0,3885.0,0.0,100,308.35,269.5,0,0.0,0.0,,0.0,0,0.0,0.0,,0.0,bidTooLow
2019-11-12,511.0,3950.0,0.0,100,309.0,269.5,0,0.0,0.0,,0.0,0,0.0,0.0,,0.0,bidTooLow
2019-11-13,511.0,3960.0,0.0,100,309.1,269.5,0,0.0,0.0,,0.0,0,0.0,0.0,,0.0,bidTooLow
2019-11-14,511.0,4005.0,0.0,100,309.55,269.5,0,0.0,0.0,,0.0,0,0.0,0.0,,0.0,bidTooLow
2019-11-15,511.0,4229.0,0.0,100,311.79,269.5,0,0.0,0.0,,0.0,0,0.0,0.0,,0.0,bidTooLow
2019-11-18,511.0,4252.0,0.0,100,312.02,269.5,0,0.0,0.0,,0.0,0,0.0,0.0,,0.0,bidTooLow
2019-11-19,511.0,4243.0,0.0,100,311.93,269.5,0,0.0,0.0,,0.0,0,0.0,0.0,,0.0,bidTooLow
2019-11-20,511.0,4127.0,0.0,100,310.77,269.5,0,0.0,0.0,,0.0,0,0.0,0.0,,0.0,bidTooLow
2019-11-21,511.0,4077.0,0.0,100,310.27,269.5,0,0.0,0.0,,0.0,0,0.0,0.0,,0.0,bidTooLow
2019-11-22,511.0,4146.0,0.0,100,310.96,269.5,0,0.0,0.0,,0.0,0,0.0,0.0,,0.0,bidTooLow
2019-11-25,511.0,4387.0,0.0,100,313.37,269.5,0,0.0,0.0,,0.0,0,0.0,0.0,,0.0,bidTooLow
2019-11-26,511.0,4458.0,0.0,100,314.08,269.5,0,0.0,0.0,,0.0,0,0.0,0.0,,0.0,bidTooLow
2019-11-27,511.0,4598.0,0.0,100,315.48,269.5,0,0.0,0.0,,0.0,0,0.0,0.0,,0.0,bidTooLow
2019-11-29,511.0,4481.0,0.0,100,314.31,269.5,0,0.0,0.0,,0.0,0,0.0,0.0,,0.0,bidTooLow
2019-12-02,511.0,4214.0,0.0,100,311.64,269.5,0,0.0,0.0,,0.0,0,0.0,0.0,,0.0,bidTooLow
2019-12-03,511.0,4005.0,0.0,100,309.55,269.5,0,0.0,0.0,,0.0,0,0.0,0.0,,0.0,bidTooLow
2019-12-04,511.0,4196.0,0.0,100,311.46,269.5,0,0.0,0.0,,0.0,0,0.0,0.0,,0.0,bidTooLow
2019-12-05,511.0,4252.0,0.0,100,312.02,269.5,0,0.0,0.0,,0.0,0,0.0,0.0,,0.0,bidTooLow
2019-12-06,511.0,4534.0,0.0,100,314.87,269.5,0,0.0,0.0,,0.0,1,0.06,0.09,SPY191211C00319000,319.0,normalDay
2019-12-09,511.0,4441.0,0.0,100,313.88,269.5,0,0.0,0.0,,0.0,1,0.06,0.03,SPY191211C00319000,319.0,normalDay
2019-12-10,511.0,4408.0,0.0,100,313.53,269.5,0,0.0,0.0,,0.0,1,0.06,0.01,SPY191211C00319000,319.0,normalDay
2019-12-11,517.0,4492.0,6.0,100,314.42,269.5,0,0.0,0.0,,0.0,1,0.06,0.0,SPY191211C00319000,319.0,expirationDay
2019-12-12,517.0,4760.0,0.0,100,317.13,269.5,0,0.0,0.0,,0.0,1,0.61,0.64,SPY191218C00320000,320.0,normalDay
2019-12-13,517.0,4811.0,0.0,100,317.32,269.5,0,0.0,0.0,,0.0,1,0.61,0.32,SPY191218C00320000,320.0,normalDay
2019-12-16,517.0,4989.0,0.0,100,319.5,269.5,0,0.0,0.0,,0.0,1,0.61,0.72,SPY191218C00320000,320.0,normalDay
2019-12-17,517.0,5030.0,0.0,100,319.57,269.5,0,0.0,0.0,,0.0,1,0.61,0.38,SPY191218C00320000,320.0,normalDay
2019-12-18,578.0,5009.0,61.0,100,319.59,269.5,0,0.0,0.0,,0.0,1,0.61,0.0,SPY191218C00320000,320.0,expirationDay
2019-12-19,578.0,5140.0,0.0,100,320.9,269.5,0,0.0,0.0,,0.0,0,0.0,0.0,,0.0,bidTooLow
2019-12-20,578.0,5123.0,0.0,100,320.73,269.5,0,0.0,0.0,,0.0,0,0.0,0.0,,0.0,bidTooLow
2019-12-23,578.0,5172.0,0.0,100,321.22,269.5,0,0.0,0.0,,0.0,0,0.0,0.0,,0.0,bidTooLow
2019-12-24,578.0,5173.0,0.0,100,321.23,269.5,0,0.0,0.0,,0.0,0,0.0,0.0,,0.0,bidTooLow
2019-12-26,578.0,5344.0,0.0,100,322.94,269.5,0,0.0,0.0,,0.0,0,0.0,0.0,,0.0,bidTooLow
2019-12-27,578.0,5336.0,0.0,100,322.86,269.5,0,0.0,0.0,,0.0,0,0.0,0.0,,0.0,bidTooLow
2019-12-30,578.0,5158.0,0.0,100,321.08,269.5,0,0.0,0.0,,0.0,0,0.0,0.0,,0.0,bidTooLow
2019-12-31,578.0,5236.0,0.0,100,321.86,269.5,0,0.0,0.0,,0.0,0,0.0,0.0,,0.0,bidTooLow
2020-01-02,578.0,5537.0,0.0,100,324.87,269.5,0,0.0,0.0,,0.0,0,0.0,0.0,,0.0,bidTooLow
2020-01-03,578.0,5291.0,0.0,100,322.41,269.5,0,0.0,0.0,,0.0,0,0.0,0.0,,0.0,bidTooLow
2020-01-06,578.0,5414.0,0.0,100,323.64,269.5,0,0.0,0.0,,0.0,0,0.0,0.0,,0.0,bidTooLow
2020-01-07,578.0,5323.0,0.0,100,322.73,269.5,0,0.0,0.0,,0.0,0,0.0,0.0,,0.0,bidTooLow
2020-01-08,578.0,5495.0,0.0,100,324.45,269.5,0,0.0,0.0,,0.0,0,0.0,0.0,,0.0,bidTooLow
2020-01-09,578.0,5712.0,0.0,100,326.65,269.5,0,0.0,0.0,,0.0,1,0.03,0.06,SPY200115C00332000,332.0,normalDay
2020-01-10,578.0,5622.0,0.0,100,325.71,269.5,0,0.0,0.0,,0.0,1,0.03,0.02,SPY200115C00332000,332.0,normalDay
2020-01-13,578.0,5845.0,0.0,100,327.95,269.5,0,0.0,0.0,,0.0,1,0.03,0.03,SPY200115C00332000,332.0,normalDay
2020-01-14,578.0,5797.0,0.0,100,327.45,269.5,0,0.0,0.0,,0.0,1,0.03,0.01,SPY200115C00332000,332.0,normalDay
2020-01-15,581.0,5869.0,3.0,100,328.19,269.5,0,0.0,0.0,,0.0,1,0.03,0.0,SPY200115C00332000,332.0,expirationDay
2020-01-16,581.0,6139.0,0.0,100,330.92,269.5,0,0.0,0.0,,0.0,1,0.06,0.09,SPY200122C00335000,335.0,normalDay
2020-01-17,581.0,6243.0,0.0,100,331.95,269.5,0,0.0,0.0,,0.0,1,0.06,0.08,SPY200122C00335000,335.0,normalDay
2020-01-21,581.0,6184.0,0.0,100,331.3,269.5,0,0.0,0.0,,0.0,1,0.06,0.02,SPY200122C00335000,335.0,normalDay
2020-01-22,587.0,6184.0,6.0,100,331.34,269.5,0,0.0,0.0,,0.0,1,0.06,0.0,SPY200122C00335000,335.0,expirationDay
2020-01-23,587.0,6222.0,0.0,100,331.72,269.5,0,0.0,0.0,,0.0,0,0.0,0.0,,0.0,bidTooLow
2020-01-24,587.0,5927.0,0.0,100,328.77,269.5,0,0.0,0.0,,0.0,0,0.0,0.0,,0.0,bidTooLow
2020-01-27,587.0,5400.0,0.0,100,323.5,269.5,0,0.0,0.0,,0.0,0,0.0,0.0,,0.0,bidTooLow
2020-01-28,587.0,5739.0,0.0,100,326.89,269.5,0,0.0,0.0,,0.0,0,0.0,0.0,,0.0,bidTooLow
2020-01-29,587.0,5712.0,0.0,100,326.62,269.5,0,0.0,0.0,,0.0,0,0.0,0.0,,0.0,bidTooLow
2020-01-30,587.0,5818.0,0.0,100,327.68,269.5,0,0.0,0.0,,0.0,0,0.0,0.0,,0.0,bidTooLow
2020-01-31,587.0,5223.0,0.0,100,321.73,269.5,0,0.0,0.0,,0.0,0,0.0,0.0,,0.0,bidTooLow
2020-02-03,587.0,5462.0,0.0,100,324.12,269.5,0,0.0,0.0,,0.0,0,0.0,0.0,,0.0,bidTooLow
2020-02-04,587.0,5956.0,0.0,100,329.06,269.5,0,0.0,0.0,,0.0,0,0.0,0.0,,0.0,bidTooLow
2020-02-05,587.0,6333.0,0.0,100,332.86,269.5,0,0.0,0.0,,0.0,1,0.01,0.04,SPY200210C00339000,339.0,normalDay
2020-02-06,587.0,6445.0,0.0,100,333.98,269.5,0,0.0,0.0,,0.0,1,0.01,0.04,SPY200210C00339000,339.0,normalDay
2020-02-07,587.0,6270.0,0.0,100,332.2,269.5,0,0.0,0.0,,0.0,1,0.01,0.01,SPY200210C00339000,339.0,normalDay
2020-02-10,588.0,6518.0,1.0,100,334.68,269.5,0,0.0,0.0,,0.0,1,0.01,0.0,SPY200210C00339000,339.0,expirationDay
2020-02-11,588.0,6576.0,0.0,100,335.26,269.5,0,0.0,0.0,,0.0,0,0.0,0.0,,0.0,bidTooLow
2020-02-12,588.0,6792.0,0.0,100,337.42,269.5,0,0.0,0.0,,0.0,0,0.0,0.0,,0.0,bidTooLow
2020-02-13,588.0,6756.0,0.0,100,337.06,269.5,0,0.0,0.0,,0.0,0,0.0,0.0,,0.0,bidTooLow
2020-02-14,588.0,6810.0,0.0,100,337.6,269.5,0,0.0,0.0,,0.0,0,0.0,0.0,,0.0,bidTooLow
2020-02-18,588.0,6723.0,0.0,100,336.73,269.5,0,0.0,0.0,,0.0,0,0.0,0.0,,0.0,bidTooLow
2020-02-19,588.0,6884.0,0.0,100,338.34,269.5,0,0.0,0.0,,0.0,0,0.0,0.0,,0.0,bidTooLow
2020-02-20,588.0,6745.0,0.0,100,336.95,269.5,0,0.0,0.0,,0.0,0,0.0,0.0,,0.0,bidTooLow
2020-02-21,588.0,6398.0,0.0,100,333.48,269.5,0,0.0,0.0,,0.0,0,0.0,0.0,,0.0,bidTooLow
2020-02-24,588.0,5292.0,0.0,100,322.42,269.5,0,0.0,0.0,,0.0,0,0.0,0.0,,0.0,bidTooLow
2020-02-25,588.0,4315.0,0.0,100,312.65,269.5,0,0.0,0.0,,0.0,0,0.0,0.0,,0.0,bidTooLow
2020-02-26,588.0,4200.0,0.0,100,311.5,269.5,0,0.0,0.0,,0.0,0,0.0,0.0,,0.0,bidTooLow
2020-02-27,588.0,2801.0,0.0,100,297.51,269.5,0,0.0,0.0,,0.0,0,0.0,0.0,,0.0,bidTooLow
2020-02-28,588.0,2676.0,0.0,100,296.26,269.5,0,0.0,0.0,,0.0,0,0.0,0.0,,0.0,bidTooLow
2020-03-02,588.0,3959.0,0.0,100,309.09,269.5,0,0.0,0.0,,0.0,0,0.0,0.0,,0.0,bidTooLow
2020-03-03,588.0,3074.0,0.0,100,300.24,269.5,0,0.0,0.0,,0.0,0,0.0,0.0,,0.0,bidTooLow
2020-03-04,588.0,4336.0,0.0,100,312.86,269.5,0,0.0,0.0,,0.0,0,0.0,0.0,,0.0,bidTooLow
2020-03-05,588.0,3296.0,0.0,100,302.46,269.5,0,0.0,0.0,,0.0,0,0.0,0.0,,0.0,bidTooLow
2020-03-06,588.0,2796.0,0.0,100,297.46,269.5,0,0.0,0.0,,0.0,0,0.0,0.0,,0.0,bidTooLow
2020-03-09,588.0,473.0,0.0,100,274.23,269.5,0,0.0,0.0,,0.0,0,0.0,0.0,,0.0,bidTooLow
2020-03-10,588.0,1892.0,0.0,100,288.42,269.5,0,0.0,0.0,,0.0,0,0.0,0.0,,0.0,bidTooLow
2020-03-11,588.0,486.0,0.0,100,274.36,269.5,0,0.0,0.0,,0.0,0,0.0,0.0,,0.0,bidTooLow
2020-03-12,588.0,-2139.0,0.0,100,248.11,269.5,0,0.0,0.0,,0.0,0,0.0,0.0,,0.0,bidTooLow
2020-03-13,588.0,-18.0,0.0,100,269.32,269.5,0,0.0,0.0,,0.0,0,0.0,0.0,,0.0,bidTooLow
2020-03-16,588.0,-2965.0,0.0,100,239.85,269.5,0,0.0,0.0,,0.0,0,0.0,0.0,,0.0,bidTooLow
2020-03-17,588.0,-1670.0,0.0,100,252.8,269.5,0,0.0,0.0,,0.0,0,0.0,0.0,,0.0,bidTooLow
2020-03-18,588.0,-2950.0,0.0,100,240.0,269.5,0,0.0,0.0,,0.0,0,0.0,0.0,,0.0,bidTooLow
2020-03-19,588.0,-2899.0,0.0,100,240.51,269.5,0,0.0,0.0,,0.0,0,0.0,0.0,,0.0,bidTooLow
2020-03-20,588.0,-4070.0,0.0,100,228.8,269.5,0,0.0,0.0,,0.0,0,0.0,0.0,,0.0,bidTooLow
2020-03-23,588.0,-4655.0,0.0,100,222.95,269.5,0,0.0,0.0,,0.0,0,0.0,0.0,,0.0,bidTooLow
2020-03-24,588.0,-2635.0,0.0,100,243.15,269.5,0,0.0,0.0,,0.0,0,0.0,0.0,,0.0,bidTooLow
2020-03-25,588.0,-2271.0,0.0,100,246.79,269.5,0,0.0,0.0,,0.0,0,0.0,0.0,,0.0,bidTooLow
2020-03-26,588.0,-830.0,0.0,100,261.2,269.5,0,0.0,0.0,,0.0,0,0.0,0.0,,0.0,bidTooLow
2020-03-27,588.0,-1608.0,0.0,100,253.42,269.5,0,0.0,0.0,,0.0,0,0.0,0.0,,0.0,bidTooLow
2020-03-30,588.0,-785.0,0.0,100,261.65,269.5,0,0.0,0.0,,0.0,0,0.0,0.0,,0.0,bidTooLow
2020-03-31,588.0,-1175.0,0.0,100,257.75,269.5,0,0.0,0.0,,0.0,0,0.0,0.0,,0.0,bidTooLow
2020-04-01,588.0,-2335.0,0.0,100,246.15,269.5,0,0.0,0.0,,0.0,0,0.0,0.0,,0.0,bidTooLow
2020-04-02,588.0,-1767.0,0.0,100,251.83,269.5,0,0.0,0.0,,0.0,0,0.0,0.0,,0.0,bidTooLow
2020-04-03,588.0,-2131.0,0.0,100,248.19,269.5,0,0.0,0.0,,0.0,0,0.0,0.0,,0.0,bidTooLow
2020-04-06,588.0,-464.0,0.0,100,264.86,269.5,0,0.0,0.0,,0.0,0,0.0,0.0,,0.0,bidTooLow
2020-04-07,588.0,-440.0,0.0,100,265.13,269.5,0,0.0,0.0,,0.0,1,0.01,0.04,SPY200413C00300000,300.0,normalDay
2020-04-08,588.0,450.0,0.0,100,274.03,269.5,0,0.0,0.0,,0.0,1,0.01,0.04,SPY200413C00300000,300.0,normalDay
2020-04-09,588.0,869.0,0.0,100,278.2,269.5,0,0.0,0.0,,0.0,1,0.01,0.02,SPY200413C00300000,300.0,normalDay
2020-04-13,589.0,616.0,1.0,100,275.66,269.5,0,0.0,0.0,,0.0,1,0.01,0.0,SPY200413C00300000,300.0,expirationDay
2020-04-14,589.0,1429.0,0.0,100,283.79,269.5,0,0.0,0.0,,0.0,0,0.0,0.0,,0.0,bidTooLow
2020-04-15,589.0,826.0,0.0,100,277.76,269.5,0,0.0,0.0,,0.0,0,0.0,0.0,,0.0,bidTooLow
2020-04-16,589.0,960.0,0.0,100,279.1,269.5,0,0.0,0.0,,0.0,0,0.0,0.0,,0.0,bidTooLow
2020-04-17,589.0,1714.0,0.0,100,286.64,269.5,0,0.0,0.0,,0.0,0,0.0,0.0,,0.0,bidTooLow
2020-04-20,589.0,1209.0,0.0,100,281.59,269.5,0,0.0,0.0,,0.0,0,0.0,0.0,,0.0,bidTooLow
2020-04-21,589.0,354.0,0.0,100,273.04,269.5,0,0.0,0.0,,0.0,0,0.0,0.0,,0.0,bidTooLow
2020-04-22,589.0,960.0,0.0,100,279.1,269.5,0,0.0,0.0,,0.0,0,0.0,0.0,,0.0,bidTooLow
2020-04-23,589.0,958.0,0.0,100,279.08,269.5,0,0.0,0.0,,0.0,0,0.0,0.0,,0.0,bidTooLow
2020-04-24,589.0,1347.0,0.0,100,282.97,269.5,0,0.0,0.0,,0.0,0,0.0,0.0,,0.0,bidTooLow
2020-04-27,589.0,1755.0,0.0,100,287.05,269.5,0,0.0,0.0,,0.0,0,0.0,0.0,,0.0,bidTooLow
2020-04-28,589.0,1623.0,0.0,100,285.73,269.5,0,0.0,0.0,,0.0,0,0.0,0.0,,0.0,bidTooLow
2020-04-29,589.0,2371.0,0.0,100,293.21,269.5,0,0.0,0.0,,0.0,0,0.0,0.0,,0.0,bidTooLow
2020-04-30,589.0,2098.0,0.0,100,290.48,269.5,0,0.0,0.0,,0.0,0,0.0,0.0,,0.0,bidTooLow
2020-05-01,589.0,1329.0,0.0,100,282.79,269.5,0,0.0,0.0,,0.0,0,0.0,0.0,,0.0,bidTooLow
2020-05-04,589.0,1407.0,0.0,100,283.57,269.5,0,0.0,0.0,,0.0,0,0.0,0.0,,0.0,bidTooLow
2020-05-05,589.0,1666.0,0.0,100,286.19,269.5,0,0.0,0.0,,0.0,1,0.01,0.04,SPY200511C00305000,305.0,normalDay
2020-05-06,589.0,1474.0,0.0,100,284.25,269.5,0,0.0,0.0,,0.0,1,0.01,0.02,SPY200511C00305000,305.0,normalDay
2020-05-07,589.0,1817.0,0.0,100,287.68,269.5,0,0.0,0.0,,0.0,1,0.01,0.02,SPY200511C00305000,305.0,normalDay
2020-05-08,589.0,2294.0,0.0,100,292.44,269.5,0,0.0,0.0,,0.0,1,0.01,0.01,SPY200511C00305000,305.0,normalDay
2020-05-11,590.0,2300.0,1.0,100,292.5,269.5,0,0.0,0.0,,0.0,1,0.01,0.0,SPY200511C00305000,305.0,expirationDay
2020-05-12,590.0,1714.0,0.0,100,286.67,269.5,0,0.0,0.0,,0.0,1,0.05,0.08,SPY200518C00304000,304.0,normalDay
2020-05-13,590.0,1212.0,0.0,100,281.6,269.5,0,0.0,0.0,,0.0,1,0.05,0.03,SPY200518C00304000,304.0,normalDay
2020-05-14,590.0,1550.0,0.0,100,284.97,269.5,0,0.0,0.0,,0.0,1,0.05,0.02,SPY200518C00304000,304.0,normalDay
2020-05-15,590.0,1682.0,0.0,100,286.28,269.5,0,0.0,0.0,,0.0,1,0.05,0.01,SPY200518C00304000,304.0,normalDay
2020-05-18,595.0,2550.0,5.0,100,295.0,269.5,0,0.0,0.0,,0.0,1,0.05,0.0,SPY200518C00304000,304.0,expirationDay
2020-05-19,595.0,2244.0,0.0,100,291.97,269.5,0,0.0,0.0,,0.0,1,0.12,0.15,SPY200522C00304000,304.0,normalDay
2020-05-20,595.0,2732.0,0.0,100,296.93,269.5,0,0.0,0.0,,0.0,1,0.12,0.23,SPY200522C00304000,304.0,normalDay
2020-05-21,595.0,2546.0,0.0,100,294.88,269.5,0,0.0,0.0,,0.0,1,0.12,0.04,SPY200522C00304000,304.0,normalDay
2020-05-22,607.0,2594.0,12.0,100,295.44,269.5,0,0.0,0.0,,0.0,1,0.12,0.0,SPY200522C00304000,304.0,expirationDay
2020-05-26,607.0,2955.0,0.0,100,299.08,269.5,0,0.0,0.0,,0.0,1,0.23,0.26,SPY200601C00309000,309.0,normalDay
2020-05-27,607.0,3356.0,0.0,100,303.53,269.5,0,0.0,0.0,,0.0,1,0.23,0.7,SPY200601C00309000,309.0,normalDay
2020-05-28,607.0,3312.0,0.0,100,302.97,269.5,0,0.0,0.0,,0.0,1,0.23,0.58,SPY200601C00309000,309.0,normalDay
2020-05-29,607.0,3471.0,0.0,100,304.32,269.5,0,0.0,0.0,,0.0,1,0.23,0.34,SPY200601C00309000,309.0,normalDay
2020-06-01,630.0,3605.0,23.0,100,305.55,269.5,0,0.0,0.0,,0.0,1,0.23,0.0,SPY200601C00309000,309.0,expirationDay
2020-06-02,630.0,3855.0,0.0,100,308.08,269.5,0,0.0,0.0,,0.0,1,0.02,0.05,SPY200608C00323000,323.0,normalDay
2020-06-03,630.0,4252.0,0.0,100,312.18,269.5,0,0.0,0.0,,0.0,1,0.02,0.18,SPY200608C00323000,323.0,normalDay
2020-06-04,630.0,4184.0,0.0,100,311.36,269.5,0,0.0,0.0,,0.0,1,0.02,0.04,SPY200608C00323000,323.0,normalDay
2020-06-05,630.0,4941.0,0.0,100,319.34,269.5,0,0.0,0.0,,0.0,1,0.02,0.45,SPY200608C00323000,323.0,normalDay
2020-06-08,5982.0,4941.0,5352.0,0,323.2,0.0,0,0.0,0.0,,0.0,1,0.02,0.0,SPY200608C00323000,323.0,expirationDay
2020-06-09,5982.0,-3.0,0.0,0,320.79,0.0,1,0.03,0.06,SPY200612P00294000,294.0,0,0.0,0.0,,0.0,normalDay
2020-06-10,5982.0,0.0,0.0,0,319.0,0.0,1,0.03,0.03,SPY200612P00294000,294.0,0,0.0,0.0,,0.0,normalDay
2020-06-11,5982.0,-93.0,0.0,0,300.61,0.0,1,0.03,0.96,SPY200612P00294000,294.0,0,0.0,0.0,,0.0,normalDay
2020-06-12,5985.0,0.0,3.0,0,304.21,0.0,1,0.03,0.0,SPY200612P00294000,294.0,0,0.0,0.0,,0.0,expirationDay
2020-06-15,5985.0,-3.0,0.0,0,307.05,0.0,1,1.09,1.12,SPY200617P00300000,300.0,0,0.0,0.0,,0.0,normalDay
2020-06-16,5985.0,95.0,0.0,0,312.96,0.0,1,1.09,0.14,SPY200617P00300000,300.0,0,0.0,0.0,,0.0,normalDay
2020-06-17,6094.0,0.0,109.0,0,311.66,0.0,1,1.09,0.0,SPY200617P00300000,300.0,0,0.0,0.0,,0.0,expirationDay
2020-06-18,6094.0,-3.0,0.0,0,311.78,0.0,1,0.35,0.38,SPY200619P00304000,304.0,0,0.0,0.0,,0.0,normalDay
2020-06-19,6129.0,0.0,35.0,0,308.64,0.0,1,0.35,0.0,SPY200619P00304000,304.0,0,0.0,0.0,,0.0,expirationDay
2020-06-22,6129.0,-3.0,0.0,0,310.62,0.0,1,1.02,1.05,SPY200624P00306000,306.0,0,0.0,0.0,,0.0,normalDay
2020-06-23,6129.0,69.0,0.0,0,312.05,0.0,1,1.02,0.33,SPY200624P00306000,306.0,0,0.0,0.0,,0.0,normalDay
2020-06-24,6231.0,-191.0,102.0,100,304.09,306.0,1,1.02,0.0,SPY200624P00306000,306.0,0,0.0,0.0,,0.0,expirationDay
2020-06-25,6231.0,135.0,0.0,100,307.35,306.0,0,0.0,0.0,,0.0,0,0.0,0.0,,0.0,bidTooLow
2020-06-26,6231.0,-595.0,0.0,100,300.05,306.0,0,0.0,0.0,,0.0,0,0.0,0.0,,0.0,bidTooLow
2020-06-29,6231.0,-154.0,0.0,100,304.46,306.0,0,0.0,0.0,,0.0,0,0.0,0.0,,0.0,bidTooLow
2020-06-30,6231.0,236.0,0.0,100,308.36,306.0,0,0.0,0.0,,0.0,0,0.0,0.0,,0.0,bidTooLow
2020-07-01,6231.0,452.0,0.0,100,310.52,306.0,0,0.0,0.0,,0.0,0,0.0,0.0,,0.0,bidTooLow
2020-07-02,6231.0,623.0,0.0,100,312.23,306.0,0,0.0,0.0,,0.0,0,0.0,0.0,,0.0,bidTooLow
2020-07-06,6231.0,1105.0,0.0,100,317.05,306.0,0,0.0,0.0,,0.0,0,0.0,0.0,,0.0,bidTooLow
2020-07-07,6231.0,775.0,0.0,100,313.78,306.0,0,0.0,0.0,,0.0,1,0.02,0.05,SPY200713C00331000,331.0,normalDay
2020-07-08,6231.0,1017.0,0.0,100,316.18,306.0,0,0.0,0.0,,0.0,1,0.02,0.03,SPY200713C00331000,331.0,normalDay
2020-07-09,6231.0,838.0,0.0,100,314.38,306.0,0,0.0,0.0,,0.0,1,0.02,0.02,SPY200713C00331000,331.0,normalDay
2020-07-10,6231.0,1160.0,0.0,100,317.59,306.0,0,0.0,0.0,,0.0,1,0.02,0.01,SPY200713C00331000,331.0,normalDay
2020-07-13,6233.0,884.0,2.0,100,314.84,306.0,0,0.0,0.0,,0.0,1,0.02,0.0,SPY200713C00331000,331.0,expirationDay
2020-07-14,6233.0,1289.0,0.0,100,318.92,306.0,0,0.0,0.0,,0.0,1,0.33,0.36,SPY200720C00329000,329.0,normalDay
2020-07-15,6233.0,1569.0,0.0,100,321.85,306.0,0,0.0,0.0,,0.0,1,0.33,0.49,SPY200720C00329000,329.0,normalDay
2020-07-16,6233.0,1501.0,0.0,100,320.79,306.0,0,0.0,0.0,,0.0,1,0.33,0.11,SPY200720C00329000,329.0,normalDay
2020-07-17,6233.0,1600.0,0.0,100,321.72,306.0,0,0.0,0.0,,0.0,1,0.33,0.05,SPY200720C00329000,329.0,normalDay
2020-07-20,6266.0,1832.0,33.0,100,324.32,306.0,0,0.0,0.0,,0.0,1,0.33,0.0,SPY200720C00329000,329.0,expirationDay
2020-07-21,6266.0,1898.0,0.0,100,325.01,306.0,0,0.0,0.0,,0.0,1,0.02,0.05,SPY200727C00340000,340.0,normalDay
2020-07-22,6266.0,2086.0,0.0,100,326.86,306.0,0,0.0,0.0,,0.0,1,0.02,0.02,SPY200727C00340000,340.0,normalDay
2020-07-23,6266.0,1697.0,0.0,100,322.96,306.0,0,0.0,0.0,,0.0,1,0.02,0.01,SPY200727C00340000,340.0,normalDay
2020-07-24,6266.0,1489.0,0.0,100,320.88,306.0,0,0.0,0.0,,0.0,1,0.02,0.01,SPY200727C00340000,340.0,normalDay
2020-07-27,6268.0,1722.0,2.0,100,323.22,306.0,0,0.0,0.0,,0.0,1,0.02,0.0,SPY200727C00340000,340.0,expirationDay
2020-07-28,6268.0,1517.0,0.0,100,321.17,306.0,0,0.0,0.0,,0.0,0,0.0,0.0,,0.0,bidTooLow
2020-07-29,6268.0,1909.0,0.0,100,325.12,306.0,0,0.0,0.0,,0.0,1,0.01,0.04,SPY200803C00337000,337.0,normalDay
2020-07-30,6268.0,1794.0,0.0,100,323.96,306.0,0,0.0,0.0,,0.0,1,0.01,0.03,SPY200803C00337000,337.0,normalDay
2020-07-31,6268.0,2052.0,0.0,100,326.52,306.0,0,0.0,0.0,,0.0,1,0.01,0.01,SPY200803C00337000,337.0,normalDay
2020-08-03,6269.0,2279.0,1.0,100,328.79,306.0,0,0.0,0.0,,0.0,1,0.01,0.0,SPY200803C00337000,337.0,expirationDay
2020-08-04,6269.0,2403.0,0.0,100,330.06,306.0,0,0.0,0.0,,0.0,1,0.16,0.19,SPY200810C00338000,338.0,normalDay
2020-08-05,6269.0,2604.0,0.0,100,332.11,306.0,0,0.0,0.0,,0.0,1,0.16,0.23,SPY200810C00338000,338.0,normalDay
2020-08-06,6269.0,2797.0,0.0,100,334.33,306.0,0,0.0,0.0,,0.0,1,0.16,0.52,SPY200810C00338000,338.0,normalDay
2020-08-07,6269.0,2857.0,0.0,100,334.57,306.0,0,0.0,0.0,,0.0,1,0.16,0.16,SPY200810C00338000,338.0,normalDay
2020-08-10,6285.0,2957.0,16.0,100,335.57,306.0,0,0.0,0.0,,0.0,1,0.16,0.0,SPY200810C00338000,338.0,expirationDay
2020-08-11,6285.0,2677.0,0.0,100,332.8,306.0,0,0.0,0.0,,0.0,1,0.06,0.09,SPY200817C00345000,345.0,normalDay
2020-08-12,6285.0,3137.0,0.0,100,337.44,306.0,0,0.0,0.0,,0.0,1,0.06,0.13,SPY200817C00345000,345.0,normalDay
2020-08-13,6285.0,3084.0,0.0,100,336.83,306.0,0,0.0,0.0,,0.0,1,0.06,0.05,SPY200817C00345000,345.0,normalDay
2020-08-14,6285.0,3088.0,0.0,100,336.84,306.0,0,0.0,0.0,,0.0,1,0.06,0.02,SPY200817C00345000,345.0,normalDay
2020-08-17,6291.0,3191.0,6.0,100,337.91,306.0,0,0.0,0.0,,0.0,1,0.06,0.0,SPY200817C00345000,345.0,expirationDay
2020-08-18,6291.0,3264.0,0.0,100,338.64,306.0,0,0.0,0.0,,0.0,0,0.0,0.0,,0.0,bidTooLow
2020-08-19,6291.0,3123.0,0.0,100,337.23,306.0,0,0.0,0.0,,0.0,0,0.0,0.0,,0.0,bidTooLow
2020-08-20,6291.0,3228.0,0.0,100,338.28,306.0,0,0.0,0.0,,0.0,0,0.0,0.0,,0.0,bidTooLow
2020-08-21,6291.0,3348.0,0.0,100,339.48,306.0,0,0.0,0.0,,0.0,0,0.0,0.0,,0.0,bidTooLow
2020-08-24,6291.0,3692.0,0.0,100,342.92,306.0,0,0.0,0.0,,0.0,0,0.0,0.0,,0.0,bidTooLow
2020-08-25,6291.0,3809.0,0.0,100,344.12,306.0,0,0.0,0.0,,0.0,1,0.03,0.06,SPY200831C00355000,355.0,normalDay
2020-08-26,6291.0,4130.0,0.0,100,347.57,306.0,0,0.0,0.0,,0.0,1,0.03,0.3,SPY200831C00355000,355.0,normalDay
2020-08-27,6291.0,4217.0,0.0,100,348.33,306.0,0,0.0,0.0,,0.0,1,0.03,0.19,SPY200831C00355000,355.0,normalDay
2020-08-28,6291.0,4452.0,0.0,100,350.58,306.0,0,0.0,0.0,,0.0,1,0.03,0.09,SPY200831C00355000,355.0,normalDay
2020-08-31,6294.0,4331.0,3.0,100,349.31,306.0,0,0.0,0.0,,0.0,1,0.03,0.0,SPY200831C00355000,355.0,expirationDay
2020-09-01,6294.0,4657.0,0.0,100,352.6,306.0,0,0.0,0.0,,0.0,1,0.01,0.04,SPY200904C00364000,364.0,normalDay
2020-09-02,6294.0,5140.0,0.0,100,357.7,306.0,0,0.0,0.0,,0.0,1,0.01,0.31,SPY200904C00364000,364.0,normalDay
2020-09-03,6294.0,3938.0,0.0,100,345.39,306.0,0,0.0,0.0,,0.0,1,0.01,0.02,SPY200904C00364000,364.0,normalDay
2020-09-04,6295.0,3657.0,1.0,100,342.57,306.0,0,0.0,0.0,,0.0,1,0.01,0.0,SPY200904C00364000,364.0,expirationDay
2020-09-08,6295.0,2721.0,0.0,100,333.21,306.0,0,0.0,0.0,,0.0,0,0.0,0.0,,0.0,bidTooLow
2020-09-09,6295.0,3379.0,0.0,100,339.79,306.0,0,0.0,0.0,,0.0,0,0.0,0.0,,0.0,bidTooLow
2020-09-10,6295.0,2789.0,0.0,100,333.89,306.0,0,0.0,0.0,,0.0,0,0.0,0.0,,0.0,bidTooLow
2020-09-11,6295.0,2806.0,0.0,100,334.06,306.0,0,0.0,0.0,,0.0,0,0.0,0.0,,0.0,bidTooLow
2020-09-14,6295.0,3246.0,0.0,100,338.46,306.0,0,0.0,0.0,,0.0,0,0.0,0.0,,0.0,bidTooLow
2020-09-15,6295.0,3417.0,0.0,100,340.17,306.0,0,0.0,0.0,,0.0,0,0.0,0.0,,0.0,bidTooLow
2020-09-16,6295.0,3282.0,0.0,100,338.82,306.0,0,0.0,0.0,,0.0,0,0.0,0.0,,0.0,bidTooLow
2020-09-17,6295.0,2984.0,0.0,100,335.84,306.0,0,0.0,0.0,,0.0,0,0.0,0.0,,0.0,bidTooLow
2020-09-18,6295.0,2465.0,0.0,100,330.65,306.0,0,0.0,0.0,,0.0,0,0.0,0.0,,0.0,bidTooLow
2020-09-21,6295.0,2097.0,0.0,100,326.97,306.0,0,0.0,0.0,,0.0,0,0.0,0.0,,0.0,bidTooLow
2020-09-22,6295.0,2430.0,0.0,100,330.3,306.0,0,0.0,0.0,,0.0,0,0.0,0.0,,0.0,bidTooLow
2020-09-23,6295.0,1664.0,0.0,100,322.64,306.0,0,0.0,0.0,,0.0,0,0.0,0.0,,0.0,bidTooLow
2020-09-24,6295.0,1750.0,0.0,100,323.5,306.0,0,0.0,0.0,,0.0,0,0.0,0.0,,0.0,bidTooLow
2020-09-25,6295.0,2273.0,0.0,100,328.73,306.0,0,0.0,0.0,,0.0,0,0.0,0.0,,0.0,bidTooLow
2020-09-28,6295.0,2819.0,0.0,100,334.19,306.0,0,0.0,0.0,,0.0,0,0.0,0.0,,0.0,bidTooLow
2020-09-29,6295.0,2637.0,0.0,100,332.37,306.0,0,0.0,0.0,,0.0,0,0.0,0.0,,0.0,bidTooLow
2020-09-30,6295.0,2889.0,0.0,100,334.89,306.0,0,0.0,0.0,,0.0,0,0.0,0.0,,0.0,bidTooLow
2020-10-01,6295.0,3101.0,0.0,100,337.04,306.0,0,0.0,0.0,,0.0,1,0.07,0.1,SPY201007C00356000,356.0,normalDay
2020-10-02,6295.0,2789.0,0.0,100,333.84,306.0,0,0.0,0.0,,0.0,1,0.07,0.02,SPY201007C00356000,356.0,normalDay
2020-10-05,6295.0,3382.0,0.0,100,339.76,306.0,0,0.0,0.0,,0.0,1,0.07,0.01,SPY201007C00356000,356.0,normalDay
2020-10-06,6295.0,2899.0,0.0,100,334.93,306.0,0,0.0,0.0,,0.0,1,0.07,0.01,SPY201007C00356000,356.0,normalDay
2020-10-07,6302.0,3476.0,7.0,100,340.76,306.0,0,0.0,0.0,,0.0,1,0.07,0.0,SPY201007C00356000,356.0,expirationDay
2020-10-08,6302.0,3775.0,0.0,100,343.78,306.0,0,0.0,0.0,,0.0,1,0.11,0.14,SPY201014C00355000,355.0,normalDay
2020-10-09,6302.0,4074.0,0.0,100,346.85,306.0,0,0.0,0.0,,0.0,1,0.11,0.22,SPY201014C00355000,355.0,normalDay
2020-10-12,6302.0,4567.0,0.0,100,352.43,306.0,0,0.0,0.0,,0.0,1,0.11,0.87,SPY201014C00355000,355.0,normalDay
2020-10-13,6302.0,4410.0,0.0,100,350.13,306.0,0,0.0,0.0,,0.0,1,0.11,0.14,SPY201014C00355000,355.0,normalDay
2020-10-14,6313.0,4193.0,11.0,100,347.93,306.0,0,0.0,0.0,,0.0,1,0.11,0.0,SPY201014C00355000,355.0,expirationDay
2020-10-15,6313.0,4150.0,0.0,100,347.5,306.0,0,0.0,0.0,,0.0,0,0.0,0.0,,0.0,bidTooLow
2020-10-16,6313.0,4129.0,0.0,100,347.29,306.0,0,0.0,0.0,,0.0,0,0.0,0.0,,0.0,bidTooLow
2020-10-19,6313.0,3601.0,0.0,100,342.01,306.0,0,0.0,0.0,,0.0,0,0.0,0.0,,0.0,bidTooLow
2020-10-20,6313.0,3738.0,0.0,100,343.38,306.0,0,0.0,0.0,,0.0,0,0.0,0.0,,0.0,bidTooLow
2020-10-21,6313.0,3673.0,0.0,100,342.73,306.0,0,0.0,0.0,,0.0,0,0.0,0.0,,0.0,bidTooLow
2020-10-22,6313.0,3861.0,0.0,100,344.61,306.0,0,0.0,0.0,,0.0,0,0.0,0.0,,0.0,bidTooLow
2020-10-23,6313.0,3978.0,0.0,100,345.78,306.0,0,0.0,0.0,,0.0,0,0.0,0.0,,0.0,bidTooLow
2020-10-26,6313.0,3339.0,0.0,100,339.39,306.0,0,0.0,0.0,,0.0,0,0.0,0.0,,0.0,bidTooLow
2020-10-27,6313.0,3222.0,0.0,100,338.22,306.0,0,0.0,0.0,,0.0,0,0.0,0.0,,0.0,bidTooLow
2020-10-28,6313.0,2066.0,0.0,100,326.66,306.0,0,0.0,0.0,,0.0,0,0.0,0.0,,0.0,bidTooLow
2020-10-29,6313.0,2398.0,0.0,100,329.98,306.0,0,0.0,0.0,,0.0,0,0.0,0.0,,0.0,bidTooLow
2020-10-30,6313.0,2054.0,0.0,100,326.54,306.0,0,0.0,0.0,,0.0,0,0.0,0.0,,0.0,bidTooLow
2020-11-02,6313.0,2417.0,0.0,100,330.2,306.0,0,0.0,0.0,,0.0,1,0.01,0.04,SPY201106C00370000,370.0,normalDay
2020-11-03,6313.0,2998.0,0.0,100,336.03,306.0,0,0.0,0.0,,0.0,1,0.01,0.06,SPY201106C00370000,370.0,normalDay
2020-11-04,6313.0,3754.0,0.0,100,343.54,306.0,0,0.0,0.0,,0.0,1,0.01,0.01,SPY201106C00370000,370.0,normalDay
2020-11-05,6313.0,4424.0,0.0,100,350.24,306.0,0,0.0,0.0,,0.0,1,0.01,0.01,SPY201106C00370000,370.0,normalDay
2020-11-06,6314.0,4416.0,1.0,100,350.16,306.0,0,0.0,0.0,,0.0,1,0.01,0.0,SPY201106C00370000,370.0,expirationDay
2020-11-09,6314.0,4853.0,0.0,100,354.56,306.0,0,0.0,0.0,,0.0,1,0.09,0.12,SPY201113C00372000,372.0,normalDay
2020-11-10,6314.0,4809.0,0.0,100,354.04,306.0,0,0.0,0.0,,0.0,1,0.09,0.04,SPY201113C00372000,372.0,normalDay
2020-11-11,6314.0,5075.0,0.0,100,356.67,306.0,0,0.0,0.0,,0.0,1,0.09,0.01,SPY201113C00372000,372.0,normalDay
2020-11-12,6314.0,4729.0,0.0,100,353.21,306.0,0,0.0,0.0,,0.0,1,0.09,0.01,SPY201113C00372000,372.0,normalDay
2020-11-13,6323.0,5210.0,9.0,100,358.1,306.0,0,0.0,0.0,,0.0,1,0.09,0.0,SPY201113C00372000,372.0,expirationDay
2020-11-16,6323.0,5657.0,0.0,100,362.57,306.0,0,0.0,0.0,,0.0,0,0.0,0.0,,0.0,bidTooLow
2020-11-17,6323.0,5462.0,0.0,100,360.62,306.0,0,0.0,0.0,,0.0,0,0.0,0.0,,0.0,bidTooLow
2020-11-18,6323.0,5028.0,0.0,100,356.28,306.0,0,0.0,0.0,,0.0,0,0.0,0.0,,0.0,bidTooLow
2020-11-19,6323.0,5178.0,0.0,100,357.78,306.0,0,0.0,0.0,,0.0,0,0.0,0.0,,0.0,bidTooLow
2020-11-20,6323.0,4933.0,0.0,100,355.33,306.0,0,0.0,0.0,,0.0,0,0.0,0.0,,0.0,bidTooLow
2020-11-23,6323.0,5146.0,0.0,100,357.46,306.0,0,0.0,0.0,,0.0,0,0.0,0.0,,0.0,bidTooLow
2020-11-24,6323.0,5722.0,0.0,100,363.22,306.0,0,0.0,0.0,,0.0,0,0.0,0.0,,0.0,bidTooLow
2020-11-25,6323.0,5666.0,0.0,100,362.66,306.0,0,0.0,0.0,,0.0,0,0.0,0.0,,0.0,bidTooLow
2020-11-27,6323.0,5767.0,0.0,100,363.67,306.0,0,0.0,0.0,,0.0,0,0.0,0.0,,0.0,bidTooLow
2020-11-30,6323.0,5606.0,0.0,100,362.06,306.0,0,0.0,0.0,,0.0,0,0.0,0.0,,0.0,bidTooLow
2020-12-01,6323.0,5999.0,0.0,100,366.02,306.0,0,0.0,0.0,,0.0,1,0.01,0.04,SPY201207C00383000,383.0,normalDay
2020-12-02,6323.0,6077.0,0.0,100,366.79,306.0,0,0.0,0.0,,0.0,1,0.01,0.03,SPY201207C00383000,383.0,normalDay
2020-12-03,6323.0,6069.0,0.0,100,366.69,306.0,0,0.0,0.0,,0.0,1,0.01,0.01,SPY201207C00383000,383.0,normalDay
2020-12-04,6323.0,6385.0,0.0,100,369.85,306.0,0,0.0,0.0,,0.0,1,0.01,0.01,SPY201207C00383000,383.0,normalDay
2020-12-07,6324.0,6309.0,1.0,100,369.09,306.0,0,0.0,0.0,,0.0,1,0.01,0.0,SPY201207C00383000,383.0,expirationDay
2020-12-08,6324.0,6414.0,0.0,100,370.17,306.0,0,0.0,0.0,,0.0,1,0.06,0.09,SPY201214C00381000,381.0,normalDay
2020-12-09,6324.0,6088.0,0.0,100,366.85,306.0,0,0.0,0.0,,0.0,1,0.06,0.03,SPY201214C00381000,381.0,normalDay
2020-12-10,6324.0,6077.0,0.0,100,366.73,306.0,0,0.0,0.0,,0.0,1,0.06,0.02,SPY201214C00381000,381.0,normalDay
2020-12-11,6324.0,6035.0,0.0,100,366.3,306.0,0,0.0,0.0,,0.0,1,0.06,0.01,SPY201214C00381000,381.0,normalDay
2020-12-14,6330.0,5866.0,6.0,100,364.66,306.0,0,0.0,0.0,,0.0,1,0.06,0.0,SPY201214C00381000,381.0,expirationDay
2020-12-15,6330.0,6356.0,0.0,100,369.59,306.0,0,0.0,0.0,,0.0,1,0.07,0.1,SPY201221C00381000,381.0,normalDay
2020-12-16,6330.0,6415.0,0.0,100,370.17,306.0,0,0.0,0.0,,0.0,1,0.07,0.09,SPY201221C00381000,381.0,normalDay
2020-12-17,6330.0,6622.0,0.0,100,372.24,306.0,0,0.0,0.0,,0.0,1,0.07,0.09,SPY201221C00381000,381.0,normalDay
2020-12-18,6330.0,6322.0,0.0,100,369.18,306.0,0,0.0,0.0,,0.0,1,0.07,0.03,SPY201221C00381000,381.0,normalDay
2020-12-21,6337.0,6186.0,7.0,100,367.86,306.0,0,0.0,0.0,,0.0,1,0.07,0.0,SPY201221C00381000,381.0,expirationDay
2020-12-22,6337.0,6121.0,0.0,100,367.24,306.0,0,0.0,0.0,,0.0,1,0.06,0.09,SPY201228C00377000,377.0,normalDay
2020-12-23,6337.0,6159.0,0.0,100,367.57,306.0,0,0.0,0.0,,0.0,1,0.06,0.04,SPY201228C00377000,377.0,normalDay
2020-12-24,6337.0,6304.0,0.0,100,369.0,306.0,0,0.0,0.0,,0.0,1,0.06,0.02,SPY201228C00377000,377.0,normalDay
2020-12-28,6343.0,6617.0,6.0,100,372.17,306.0,0,0.0,0.0,,0.0,1,0.06,0.0,SPY201228C00377000,377.0,expirationDay
2020-12-29,6343.0,6542.0,0.0,100,371.46,306.0,0,0.0,0.0,,0.0,1,0.53,0.57,SPY210104C00376000,376.0,normalDay
2020-12-30,6343.0,6619.0,0.0,100,371.99,306.0,0,0.0,0.0,,0.0,1,0.53,0.33,SPY210104C00376000,376.0,normalDay
2020-12-31,6343.0,6756.0,0.0,100,373.88,306.0,0,0.0,0.0,,0.0,1,0.53,0.85,SPY210104C00376000,376.0,normalDay
2021-01-04,6396.0,6279.0,53.0,100,368.79,306.0,0,0.0,0.0,,0.0,1,0.53,0.0,SPY210104C00376000,376.0,expirationDay
2021-01-05,6396.0,6530.0,0.0,100,371.33,306.0,0,0.0,0.0,,0.0,1,0.88,0.91,SPY210111C00378000,378.0,normalDay
2021-01-06,6396.0,6721.0,0.0,100,373.55,306.0,0,0.0,0.0,,0.0,1,0.88,1.22,SPY210111C00378000,378.0,normalDay
2021-01-07,6396.0,7146.0,0.0,100,379.1,306.0,0,0.0,0.0,,0.0,1,0.88,2.52,SPY210111C00378000,378.0,normalDay
2021-01-08,6396.0,7209.0,0.0,100,381.26,306.0,0,0.0,0.0,,0.0,1,0.88,4.05,SPY210111C00378000,378.0,normalDay
2021-01-11,13684.0,7209.0,7288.0,0,378.69,0.0,0,0.0,0.0,,0.0,1,0.88,0.0,SPY210111C00378000,378.0,expirationDay
2021-01-12,13684.0,-3.0,0.0,0,378.77,0.0,1,0.47,0.5,SPY210115P00369000,369.0,0,0.0,0.0,,0.0,normalDay
2021-01-13,13684.0,29.0,0.0,0,379.79,0.0,1,0.47,0.18,SPY210115P00369000,369.0,0,0.0,0.0,,0.0,normalDay
2021-01-14,13684.0,35.0,0.0,0,378.46,0.0,1,0.47,0.12,SPY210115P00369000,369.0,0,0.0,0.0,,0.0,normalDay
2021-01-15,13731.0,0.0,47.0,0,375.7,0.0,1,0.47,0.0,SPY210115P00369000,369.0,0,0.0,0.0,,0.0,expirationDay
2021-01-19,13731.0,-3.0,0.0,0,378.65,0.0,1,0.73,0.76,SPY210122P00371000,371.0,0,0.0,0.0,,0.0,normalDay
2021-01-20,13731.0,61.0,0.0,0,383.89,0.0,1,0.73,0.12,SPY210122P00371000,371.0,0,0.0,0.0,,0.0,normalDay
2021-01-21,13731.0,70.0,0.0,0,384.24,0.0,1,0.73,0.03,SPY210122P00371000,371.0,0,0.0,0.0,,0.0,normalDay
2021-01-22,13804.0,0.0,73.0,0,382.88,0.0,1,0.73,0.0,SPY210122P00371000,371.0,0,0.0,0.0,,0.0,expirationDay
2021-01-25,13804.0,-4.0,0.0,0,384.39,0.0,1,0.17,0.21,SPY210127P00374000,374.0,0,0.0,0.0,,0.0,normalDay
2021-01-26,13804.0,9.0,0.0,0,383.79,0.0,1,0.17,0.08,SPY210127P00374000,374.0,0,0.0,0.0,,0.0,normalDay
2021-01-27,13821.0,0.0,17.0,0,374.41,0.0,1,0.17,0.0,SPY210127P00374000,374.0,0,0.0,0.0,,0.0,expirationDay
2021-01-28,13821.0,-5.0,0.0,0,377.63,0.0,1,1.13,1.18,SPY210129P00375000,375.0,0,0.0,0.0,,0.0,normalDay
2021-01-29,13934.0,-493.0,113.0,100,370.07,375.0,1,1.13,0.0,SPY210129P00375000,375.0,0,0.0,0.0,,0.0,expirationDay
2021-02-01,13934.0,120.0,0.0,100,376.23,375.0,0,0.0,0.0,,0.0,1,0.01,0.04,SPY210205C00396000,396.0,normalDay
2021-02-02,13934.0,652.0,0.0,100,381.55,375.0,0,0.0,0.0,,0.0,1,0.01,0.04,SPY210205C00396000,396.0,normalDay
2021-02-03,13934.0,684.0,0.0,100,381.85,375.0,0,0.0,0.0,,0.0,1,0.01,0.02,SPY210205C00396000,396.0,normalDay
2021-02-04,13934.0,1119.0,0.0,100,386.19,375.0,0,0.0,0.0,,0.0,1,0.01,0.01,SPY210205C00396000,396.0,normalDay
2021-02-05,13935.0,1271.0,1.0,100,387.71,375.0,0,0.0,0.0,,0.0,1,0.01,0.0,SPY210205C00396000,396.0,expirationDay
2021-02-08,13935.0,1548.0,0.0,100,390.51,375.0,0,0.0,0.0,,0.0,1,0.14,0.17,SPY210212C00399000,399.0,normalDay
2021-02-09,13935.0,1531.0,0.0,100,390.25,375.0,0,0.0,0.0,,0.0,1,0.14,0.08,SPY210212C00399000,399.0,normalDay
2021-02-10,13935.0,1517.0,0.0,100,390.08,375.0,0,0.0,0.0,,0.0,1,0.14,0.05,SPY210212C00399000,399.0,normalDay
2021-02-11,13935.0,1583.0,0.0,100,390.71,375.0,0,0.0,0.0,,0.0,1,0.14,0.02,SPY210212C00399000,399.0,normalDay
2021-02-12,13949.0,1764.0,14.0,100,392.64,375.0,0,0.0,0.0,,0.0,1,0.14,0.0,SPY210212C00399000,399.0,expirationDay
2021-02-16,13949.0,1730.0,0.0,100,392.3,375.0,0,0.0,0.0,,0.0,0,0.0,0.0,,0.0,bidTooLow
2021-02-17,13949.0,1739.0,0.0,100,392.39,375.0,0,0.0,0.0,,0.0,0,0.0,0.0,,0.0,bidTooLow
2021-02-18,13949.0,1572.0,0.0,100,390.72,375.0,0,0.0,0.0,,0.0,0,0.0,0.0,,0.0,bidTooLow
2021-02-19,13949.0,1503.0,0.0,100,390.03,375.0,0,0.0,0.0,,0.0,0,0.0,0.0,,0.0,bidTooLow
2021-02-22,13949.0,1203.0,0.0,100,387.03,375.0,0,0.0,0.0,,0.0,0,0.0,0.0,,0.0,bidTooLow
2021-02-23,13949.0,1250.0,0.0,100,387.5,375.0,0,0.0,0.0,,0.0,0,0.0,0.0,,0.0,bidTooLow
2021-02-24,13949.0,1677.0,0.0,100,391.77,375.0,0,0.0,0.0,,0.0,0,0.0,0.0,,0.0,bidTooLow
2021-02-25,13949.0,733.0,0.0,100,382.33,375.0,0,0.0,0.0,,0.0,0,0.0,0.0,,0.0,bidTooLow
2021-02-26,13949.0,536.0,0.0,100,380.36,375.0,0,0.0,0.0,,0.0,0,0.0,0.0,,0.0,bidTooLow
2021-03-01,13949.0,1455.0,0.0,100,389.58,375.0,0,0.0,0.0,,0.0,1,0.03,0.06,SPY210305C00405000,405.0,normalDay
2021-03-02,13949.0,1155.0,0.0,100,386.54,375.0,0,0.0,0.0,,0.0,1,0.03,0.02,SPY210305C00405000,405.0,normalDay
2021-03-03,13949.0,644.0,0.0,100,381.42,375.0,0,0.0,0.0,,0.0,1,0.03,0.01,SPY210305C00405000,405.0,normalDay
2021-03-04,13949.0,172.0,0.0,100,376.7,375.0,0,0.0,0.0,,0.0,1,0.03,0.01,SPY210305C00405000,405.0,normalDay
2021-03-05,13952.0,863.0,3.0,100,383.63,375.0,0,0.0,0.0,,0.0,1,0.03,0.0,SPY210305C00405000,405.0,expirationDay
2021-03-08,13952.0,672.0,0.0,100,381.72,375.0,0,0.0,0.0,,0.0,0,0.0,0.0,,0.0,bidTooLow
2021-03-09,13952.0,1214.0,0.0,100,387.17,375.0,0,0.0,0.0,,0.0,1,0.02,0.05,SPY210315C00405000,405.0,normalDay
2021-03-10,13952.0,1456.0,0.0,100,389.58,375.0,0,0.0,0.0,,0.0,1,0.02,0.04,SPY210315C00405000,405.0,normalDay
2021-03-11,13952.0,1849.0,0.0,100,393.53,375.0,0,0.0,0.0,,0.0,1,0.02,0.06,SPY210315C00405000,405.0,normalDay
2021-03-12,13952.0,1907.0,0.0,100,394.06,375.0,0,0.0,0.0,,0.0,1,0.02,0.01,SPY210315C00405000,405.0,normalDay
2021-03-15,13954.0,2141.0,2.0,100,396.41,375.0,0,0.0,0.0,,0.0,1,0.02,0.0,SPY210315C00405000,405.0,expirationDay
2021-03-16,13954.0,2088.0,0.0,100,395.91,375.0,0,0.0,0.0,,0.0,1,0.06,0.09,SPY210322C00408000,408.0,normalDay
2021-03-17,13954.0,2224.0,0.0,100,397.26,375.0,0,0.0,0.0,,0.0,1,0.06,0.08,SPY210322C00408000,408.0,normalDay
2021-03-18,13954.0,1651.0,0.0,100,391.48,375.0,0,0.0,0.0,,0.0,1,0.06,0.03,SPY210322C00408000,408.0,normalDay
2021-03-19,13954.0,1453.0,0.0,100,389.48,375.0,0,0.0,0.0,,0.0,1,0.06,0.01,SPY210322C00408000,408.0,normalDay
2021-03-22,13960.0,1759.0,6.0,100,392.59,375.0,0,0.0,0.0,,0.0,1,0.06,0.0,SPY210322C00408000,408.0,expirationDay
2021-03-23,13960.0,1450.0,0.0,100,389.5,375.0,0,0.0,0.0,,0.0,0,0.0,0.0,,0.0,bidTooLow
2021-03-24,13960.0,1252.0,0.0,100,387.52,375.0,0,0.0,0.0,,0.0,0,0.0,0.0,,0.0,bidTooLow
2021-03-25,13960.0,1470.0,0.0,100,389.7,375.0,0,0.0,0.0,,0.0,0,0.0,0.0,,0.0,bidTooLow
2021-03-26,13960.0,2098.0,0.0,100,395.98,375.0,0,0.0,0.0,,0.0,0,0.0,0.0,,0.0,bidTooLow
2021-03-29,13960.0,2078.0,0.0,100,395.78,375.0,0,0.0,0.0,,0.0,0,0.0,0.0,,0.0,bidTooLow
2021-03-30,13960.0,1973.0,0.0,100,394.73,375.0,0,0.0,0.0,,0.0,0,0.0,0.0,,0.0,bidTooLow
2021-03-31,13960.0,2133.0,0.0,100,396.33,375.0,0,0.0,0.0,,0.0,0,0.0,0.0,,0.0,bidTooLow
2021-04-01,13960.0,2558.0,0.0,100,400.61,375.0,0,0.0,0.0,,0.0,1,0.05,0.08,SPY210407C00410000,410.0,normalDay
2021-04-05,13960.0,3104.0,0.0,100,406.36,375.0,0,0.0,0.0,,0.0,1,0.05,0.37,SPY210407C00410000,410.0,normalDay
2021-04-06,13960.0,3106.0,0.0,100,406.12,375.0,0,0.0,0.0,,0.0,1,0.05,0.11,SPY210407C00410000,410.0,normalDay
2021-04-07,13965.0,3159.0,5.0,100,406.59,375.0,0,0.0,0.0,,0.0,1,0.05,0.0,SPY210407C00410000,410.0,expirationDay
2021-04-08,13965.0,3349.0,0.0,100,408.52,375.0,0,0.0,0.0,,0.0,1,0.02,0.05,SPY210414C00420000,420.0,normalDay
2021-04-09,13965.0,3641.0,0.0,100,411.49,375.0,0,0.0,0.0,,0.0,1,0.02,0.1,SPY210414C00420000,420.0,normalDay
2021-04-12,13965.0,3662.0,0.0,100,411.64,375.0,0,0.0,0.0,,0.0,1,0.02,0.04,SPY210414C00420000,420.0,normalDay
2021-04-13,13965.0,3786.0,0.0,100,412.86,375.0,0,0.0,0.0,,0.0,1,0.02,0.02,SPY210414C00420000,420.0,normalDay
2021-04-14,13967.0,3645.0,2.0,100,411.45,375.0,0,0.0,0.0,,0.0,1,0.02,0.0,SPY210414C00420000,420.0,expirationDay
2021-04-15,13967.0,4087.0,0.0,100,415.87,375.0,0,0.0,0.0,,0.0,0,0.0,0.0,,0.0,bidTooLow
2021-04-16,13967.0,4226.0,0.0,100,417.26,375.0,0,0.0,0.0,,0.0,0,0.0,0.0,,0.0,bidTooLow
2021-04-19,13967.0,4021.0,0.0,100,415.21,375.0,0,0.0,0.0,,0.0,0,0.0,0.0,,0.0,bidTooLow
2021-04-20,13967.0,3717.0,0.0,100,412.17,375.0,0,0.0,0.0,,0.0,0,0.0,0.0,,0.0,bidTooLow
2021-04-21,13967.0,4107.0,0.0,100,416.07,375.0,0,0.0,0.0,,0.0,0,0.0,0.0,,0.0,bidTooLow
2021-04-22,13967.0,3727.0,0.0,100,412.27,375.0,0,0.0,0.0,,0.0,0,0.0,0.0,,0.0,bidTooLow
2021-04-23,13967.0,4174.0,0.0,100,416.74,375.0,0,0.0,0.0,,0.0,0,0.0,0.0,,0.0,bidTooLow
2021-04-26,13967.0,4261.0,0.0,100,417.61,375.0,0,0.0,0.0,,0.0,0,0.0,0.0,,0.0,bidTooLow
2021-04-27,13967.0,4252.0,0.0,100,417.52,375.0,0,0.0,0.0,,0.0,0,0.0,0.0,,0.0,bidTooLow
2021-04-28,13967.0,4240.0,0.0,100,417.4,375.0,0,0.0,0.0,,0.0,0,0.0,0.0,,0.0,bidTooLow
2021-04-29,13967.0,4503.0,0.0,100,420.06,375.0,0,0.0,0.0,,0.0,1,0.02,0.05,SPY210505C00431000,431.0,normalDay
2021-04-30,13967.0,4231.0,0.0,100,417.3,375.0,0,0.0,0.0,,0.0,1,0.02,0.01,SPY210505C00431000,431.0,normalDay
2021-05-03,13967.0,4321.0,0.0,100,418.2,375.0,0,0.0,0.0,,0.0,1,0.02,0.01,SPY210505C00431000,431.0,normalDay
2021-05-04,13967.0,4063.0,0.0,100,415.62,375.0,0,0.0,0.0,,0.0,1,0.02,0.01,SPY210505C00431000,431.0,normalDay
2021-05-05,13969.0,4075.0,2.0,100,415.75,375.0,0,0.0,0.0,,0.0,1,0.02,0.0,SPY210505C00431000,431.0,expirationDay
2021-05-06,13969.0,4403.0,0.0,100,419.07,375.0,0,0.0,0.0,,0.0,1,0.18,0.22,SPY210512C00426000,426.0,normalDay
2021-05-07,13969.0,4683.0,0.0,100,422.12,375.0,0,0.0,0.0,,0.0,1,0.18,0.47,SPY210512C00426000,426.0,normalDay
2021-05-10,13969.0,4306.0,0.0,100,417.94,375.0,0,0.0,0.0,,0.0,1,0.18,0.06,SPY210512C00426000,426.0,normalDay
2021-05-11,13969.0,3938.0,0.0,100,414.21,375.0,0,0.0,0.0,,0.0,1,0.18,0.01,SPY210512C00426000,426.0,normalDay
2021-05-12,13987.0,3041.0,18.0,100,405.41,375.0,0,0.0,0.0,,0.0,1,0.18,0.0,SPY210512C00426000,426.0,expirationDay
2021-05-13,13987.0,3528.0,0.0,100,410.28,375.0,0,0.0,0.0,,0.0,0,0.0,0.0,,0.0,bidTooLow
2021-05-14,13987.0,4158.0,0.0,100,416.58,375.0,0,0.0,0.0,,0.0,0,0.0,0.0,,0.0,bidTooLow
2021-05-17,13987.0,4052.0,0.0,100,415.52,375.0,0,0.0,0.0,,0.0,0,0.0,0.0,,0.0,bidTooLow
2021-05-18,13987.0,3694.0,0.0,100,411.94,375.0,0,0.0,0.0,,0.0,0,0.0,0.0,,0.0,bidTooLow
2021-05-19,13987.0,3586.0,0.0,100,410.86,375.0,0,0.0,0.0,,0.0,0,0.0,0.0,,0.0,bidTooLow
2021-05-20,13987.0,4025.0,0.0,100,415.28,375.0,0,0.0,0.0,,0.0,1,0.01,0.04,SPY210526C00430000,430.0,normalDay
2021-05-21,13987.0,3993.0,0.0,100,414.94,375.0,0,0.0,0.0,,0.0,1,0.01,0.02,SPY210526C00430000,430.0,normalDay
2021-05-24,13987.0,4416.0,0.0,100,419.17,375.0,0,0.0,0.0,,0.0,1,0.01,0.02,SPY210526C00430000,430.0,normalDay
2021-05-25,13987.0,4324.0,0.0,100,418.24,375.0,0,0.0,0.0,,0.0,1,0.01,0.01,SPY210526C00430000,430.0,normalDay
2021-05-26,13988.0,4407.0,1.0,100,419.07,375.0,0,0.0,0.0,,0.0,1,0.01,0.0,SPY210526C00430000,430.0,expirationDay
2021-05-27,13988.0,4429.0,0.0,100,419.29,375.0,0,0.0,0.0,,0.0,0,0.0,0.0,,0.0,bidTooLow
2021-05-28,13988.0,4504.0,0.0,100,420.04,375.0,0,0.0,0.0,,0.0,0,0.0,0.0,,0.0,bidTooLow
2021-06-01,13988.0,4464.0,0.0,100,419.67,375.0,0,0.0,0.0,,0.0,1,0.01,0.04,SPY210607C00431000,431.0,normalDay
2021-06-02,13988.0,4532.0,0.0,100,420.33,375.0,0,0.0,0.0,,0.0,1,0.01,0.02,SPY210607C00431000,431.0,normalDay
2021-06-03,13988.0,4376.0,0.0,100,418.77,375.0,0,0.0,0.0,,0.0,1,0.01,0.02,SPY210607C00431000,431.0,normalDay
2021-06-04,13988.0,4760.0,0.0,100,422.6,375.0,0,0.0,0.0,,0.0,1,0.01,0.01,SPY210607C00431000,431.0,normalDay
2021-06-07,13989.0,4719.0,1.0,100,422.19,375.0,0,0.0,0.0,,0.0,1,0.01,0.0,SPY210607C00431000,431.0,expirationDay
2021-06-08,13989.0,4725.0,0.0,100,422.28,375.0,0,0.0,0.0,,0.0,1,0.01,0.04,SPY210614C00434000,434.0,normalDay
2021-06-09,13989.0,4663.0,0.0,100,421.65,375.0,0,0.0,0.0,,0.0,1,0.01,0.03,SPY210614C00434000,434.0,normalDay
2021-06-10,13989.0,4860.0,0.0,100,423.61,375.0,0,0.0,0.0,,0.0,1,0.01,0.02,SPY210614C00434000,434.0,normalDay
2021-06-11,13989.0,4931.0,0.0,100,424.31,375.0,0,0.0,0.0,,0.0,1,0.01,0.01,SPY210614C00434000,434.0,normalDay
2021-06-14,13990.0,5026.0,1.0,100,425.26,375.0,0,0.0,0.0,,0.0,1,0.01,0.0,SPY210614C00434000,434.0,expirationDay
2021-06-15,13990.0,4945.0,0.0,100,424.48,375.0,0,0.0,0.0,,0.0,1,0.05,0.08,SPY210621C00434000,434.0,normalDay
2021-06-16,13990.0,4712.0,0.0,100,422.11,375.0,0,0.0,0.0,,0.0,1,0.05,0.04,SPY210621C00434000,434.0,normalDay
2021-06-17,13990.0,4700.0,0.0,100,421.97,375.0,0,0.0,0.0,,0.0,1,0.05,0.02,SPY210621C00434000,434.0,normalDay
2021-06-18,13990.0,3996.0,0.0,100,414.92,375.0,0,0.0,0.0,,0.0,1,0.05,0.01,SPY210621C00434000,434.0,normalDay
2021-06-21,13995.0,4586.0,5.0,100,420.86,375.0,0,0.0,0.0,,0.0,1,0.05,0.0,SPY210621C00434000,434.0,expirationDay
2021-06-22,13995.0,4808.0,0.0,100,423.11,375.0,0,0.0,0.0,,0.0,1,0.12,0.15,SPY210628C00430000,430.0,normalDay
2021-06-23,13995.0,4764.0,0.0,100,422.6,375.0,0,0.0,0.0,,0.0,1,0.12,0.08,SPY210628C00430000,430.0,normalDay
2021-06-24,13995.0,5012.0,0.0,100,425.1,375.0,0,0.0,0.0,,0.0,1,0.12,0.1,SPY210628C00430000,430.0,normalDay
2021-06-25,13995.0,5167.0,0.0,100,426.61,375.0,0,0.0,0.0,,0.0,1,0.12,0.06,SPY210628C00430000,430.0,normalDay
2021-06-28,14007.0,5247.0,12.0,100,427.47,375.0,0,0.0,0.0,,0.0,1,0.12,0.0,SPY210628C00430000,430.0,expirationDay
2021-06-29,14007.0,5267.0,0.0,100,427.7,375.0,0,0.0,0.0,,0.0,1,0.02,0.05,SPY210702C00434000,434.0,normalDay
2021-06-30,14007.0,5304.0,0.0,100,428.06,375.0,0,0.0,0.0,,0.0,1,0.02,0.04,SPY210702C00434000,434.0,normalDay
2021-07-01,14007.0,5540.0,0.0,100,430.43,375.0,0,0.0,0.0,,0.0,1,0.02,0.05,SPY210702C00434000,434.0,normalDay
2021-07-02,14009.0,5872.0,2.0,100,433.72,375.0,0,0.0,0.0,,0.0,1,0.02,0.0,SPY210702C00434000,434.0,expirationDay
2021-07-06,14009.0,5790.0,0.0,100,432.93,375.0,0,0.0,0.0,,0.0,1,0.04,0.07,SPY210712C00441000,441.0,normalDay
2021-07-07,14009.0,5941.0,0.0,100,434.46,375.0,0,0.0,0.0,,0.0,1,0.04,0.09,SPY210712C00441000,441.0,normalDay
2021-07-08,14009.0,5593.0,0.0,100,430.92,375.0,0,0.0,0.0,,0.0,1,0.04,0.03,SPY210712C00441000,441.0,normalDay
2021-07-09,14009.0,6052.0,0.0,100,435.52,375.0,0,0.0,0.0,,0.0,1,0.04,0.04,SPY210712C00441000,441.0,normalDay
2021-07-12,14013.0,6208.0,4.0,100,437.08,375.0,0,0.0,0.0,,0.0,1,0.04,0.0,SPY210712C00441000,441.0,expirationDay
2021-07-13,14013.0,6056.0,0.0,100,435.59,375.0,0,0.0,0.0,,0.0,1,0.01,0.04,SPY210719C00450000,450.0,normalDay
2021-07-14,14013.0,6123.0,0.0,100,436.24,375.0,0,0.0,0.0,,0.0,1,0.01,0.02,SPY210719C00450000,450.0,normalDay
2021-07-15,14013.0,5975.0,0.0,100,434.75,375.0,0,0.0,0.0,,0.0,1,0.01,0.01,SPY210719C00450000,450.0,normalDay
2021-07-16,14013.0,5634.0,0.0,100,431.34,375.0,0,0.0,0.0,,0.0,1,0.01,0.01,SPY210719C00450000,450.0,normalDay
2021-07-19,14014.0,4997.0,1.0,100,424.97,375.0,0,0.0,0.0,,0.0,1,0.01,0.0,SPY210719C00450000,450.0,expirationDay
2021-07-20,14014.0,5606.0,0.0,100,431.06,375.0,0,0.0,0.0,,0.0,0,0.0,0.0,,0.0,bidTooLow
2021-07-21,14014.0,5952.0,0.0,100,434.55,375.0,0,0.0,0.0,,0.0,1,0.01,0.04,SPY210726C00447000,447.0,normalDay
2021-07-22,14014.0,6045.0,0.0,100,435.46,375.0,0,0.0,0.0,,0.0,1,0.01,0.02,SPY210726C00447000,447.0,normalDay
2021-07-23,14014.0,6492.0,0.0,100,439.94,375.0,0,0.0,0.0,,0.0,1,0.01,0.03,SPY210726C00447000,447.0,normalDay
2021-07-26,14015.0,6602.0,1.0,100,441.02,375.0,0,0.0,0.0,,0.0,1,0.01,0.0,SPY210726C00447000,447.0,expirationDay
2021-07-27,14015.0,6398.0,0.0,100,439.01,375.0,0,0.0,0.0,,0.0,1,0.06,0.09,SPY210802C00449000,449.0,normalDay
2021-07-28,14015.0,6384.0,0.0,100,438.83,375.0,0,0.0,0.0,,0.0,1,0.06,0.05,SPY210802C00449000,449.0,normalDay
2021-07-29,14015.0,6567.0,0.0,100,440.65,375.0,0,0.0,0.0,,0.0,1,0.06,0.04,SPY210802C00449000,449.0,normalDay
2021-07-30,14015.0,6356.0,0.0,100,438.51,375.0,0,0.0,0.0,,0.0,1,0.06,0.01,SPY210802C00449000,449.0,normalDay
2021-08-02,14021.0,6259.0,6.0,100,437.59,375.0,0,0.0,0.0,,0.0,1,0.06,0.0,SPY210802C00449000,449.0,expirationDay
2021-08-03,14021.0,6615.0,0.0,100,441.15,375.0,0,0.0,0.0,,0.0,0,0.0,0.0,,0.0,bidTooLow
2021-08-04,14021.0,6398.0,0.0,100,438.98,375.0,0,0.0,0.0,,0.0,0,0.0,0.0,,0.0,bidTooLow
2021-08-05,14021.0,6673.0,0.0,100,441.76,375.0,0,0.0,0.0,,0.0,1,0.02,0.05,SPY210811C00452000,452.0,normalDay
2021-08-06,14021.0,6748.0,0.0,100,442.49,375.0,0,0.0,0.0,,0.0,1,0.02,0.03,SPY210811C00452000,452.0,normalDay
2021-08-09,14021.0,6714.0,0.0,100,442.13,375.0,0,0.0,0.0,,0.0,1,0.02,0.01,SPY210811C00452000,452.0,normalDay
2021-08-10,14021.0,6769.0,0.0,100,442.68,375.0,0,0.0,0.0,,0.0,1,0.02,0.01,SPY210811C00452000,452.0,normalDay
2021-08-11,14023.0,6878.0,2.0,100,443.78,375.0,0,0.0,0.0,,0.0,1,0.02,0.0,SPY210811C00452000,452.0,expirationDay
2021-08-12,14023.0,7011.0,0.0,100,445.11,375.0,0,0.0,0.0,,0.0,0,0.0,0.0,,0.0,bidTooLow
2021-08-13,14023.0,7092.0,0.0,100,445.92,375.0,0,0.0,0.0,,0.0,0,0.0,0.0,,0.0,bidTooLow
2021-08-16,14023.0,7194.0,0.0,100,446.97,375.0,0,0.0,0.0,,0.0,1,0.02,0.05,SPY210820C00455000,455.0,normalDay
2021-08-17,14023.0,6903.0,0.0,100,444.04,375.0,0,0.0,0.0,,0.0,1,0.02,0.03,SPY210820C00455000,455.0,normalDay
2021-08-18,14023.0,6418.0,0.0,100,439.18,375.0,0,0.0,0.0,,0.0,1,0.02,0.02,SPY210820C00455000,455.0,normalDay
2021-08-19,14023.0,6487.0,0.0,100,439.86,375.0,0,0.0,0.0,,0.0,1,0.02,0.01,SPY210820C00455000,455.0,normalDay
2021-08-20,14025.0,6836.0,2.0,100,443.36,375.0,0,0.0,0.0,,0.0,1,0.02,0.0,SPY210820C00455000,455.0,expirationDay
2021-08-23,14025.0,7223.0,0.0,100,447.26,375.0,0,0.0,0.0,,0.0,1,0.16,0.19,SPY210827C00453000,453.0,normalDay
2021-08-24,14025.0,7302.0,0.0,100,447.97,375.0,0,0.0,0.0,,0.0,1,0.16,0.11,SPY210827C00453000,453.0,normalDay
2021-08-25,14025.0,7398.0,0.0,100,448.91,375.0,0,0.0,0.0,,0.0,1,0.16,0.09,SPY210827C00453000,453.0,normalDay
2021-08-26,14025.0,7139.0,0.0,100,446.26,375.0,0,0.0,0.0,,0.0,1,0.16,0.03,SPY210827C00453000,453.0,normalDay
2021-08-27,14041.0,7525.0,16.0,100,450.25,375.0,0,0.0,0.0,,0.0,1,0.16,0.0,SPY210827C00453000,453.0,expirationDay
2021-08-30,14041.0,7720.0,0.0,100,452.23,375.0,0,0.0,0.0,,0.0,1,0.09,0.12,SPY210903C00458000,458.0,normalDay
2021-08-31,14041.0,7657.0,0.0,100,451.56,375.0,0,0.0,0.0,,0.0,1,0.09,0.08,SPY210903C00458000,458.0,normalDay
2021-09-01,14041.0,7686.0,0.0,100,451.8,375.0,0,0.0,0.0,,0.0,1,0.09,0.03,SPY210903C00458000,458.0,normalDay
2021-09-02,14041.0,7824.0,0.0,100,453.19,375.0,0,0.0,0.0,,0.0,1,0.09,0.04,SPY210903C00458000,458.0,normalDay
2021-09-03,14050.0,7808.0,9.0,100,453.08,375.0,0,0.0,0.0,,0.0,1,0.09,0.0,SPY210903C00458000,458.0,expirationDay
2021-09-07,14050.0,7646.0,0.0,100,451.46,375.0,0,0.0,0.0,,0.0,0,0.0,0.0,,0.0,bidTooLow
2021-09-08,14050.0,7591.0,0.0,100,450.91,375.0,0,0.0,0.0,,0.0,0,0.0,0.0,,0.0,bidTooLow
2021-09-09,14050.0,7398.0,0.0,100,448.98,375.0,0,0.0,0.0,,0.0,0,0.0,0.0,,0.0,bidTooLow
2021-09-10,14050.0,7044.0,0.0,100,445.44,375.0,0,0.0,0.0,,0.0,0,0.0,0.0,,0.0,bidTooLow
2021-09-13,14050.0,7158.0,0.0,100,446.58,375.0,0,0.0,0.0,,0.0,0,0.0,0.0,,0.0,bidTooLow
2021-09-14,14050.0,6917.0,0.0,100,444.17,375.0,0,0.0,0.0,,0.0,0,0.0,0.0,,0.0,bidTooLow
2021-09-15,14050.0,7288.0,0.0,100,447.88,375.0,0,0.0,0.0,,0.0,0,0.0,0.0,,0.0,bidTooLow
2021-09-16,14050.0,7217.0,0.0,100,447.17,375.0,0,0.0,0.0,,0.0,0,0.0,0.0,,0.0,bidTooLow
2021-09-17,14050.0,6640.0,0.0,100,441.4,375.0,0,0.0,0.0,,0.0,0,0.0,0.0,,0.0,bidTooLow
2021-09-20,14050.0,5904.0,0.0,100,434.04,375.0,0,0.0,0.0,,0.0,0,0.0,0.0,,0.0,bidTooLow
2021-09-21,14050.0,5863.0,0.0,100,433.63,375.0,0,0.0,0.0,,0.0,0,0.0,0.0,,0.0,bidTooLow
2021-09-22,14050.0,6286.0,0.0,100,437.86,375.0,0,0.0,0.0,,0.0,0,0.0,0.0,,0.0,bidTooLow
2021-09-23,14050.0,6818.0,0.0,100,443.18,375.0,0,0.0,0.0,,0.0,0,0.0,0.0,,0.0,bidTooLow
2021-09-24,14050.0,6891.0,0.0,100,443.91,375.0,0,0.0,0.0,,0.0,0,0.0,0.0,,0.0,bidTooLow
2021-09-27,14050.0,6764.0,0.0,100,442.64,375.0,0,0.0,0.0,,0.0,0,0.0,0.0,,0.0,bidTooLow
2021-09-28,14050.0,5872.0,0.0,100,433.72,375.0,0,0.0,0.0,,0.0,0,0.0,0.0,,0.0,bidTooLow
2021-09-29,14050.0,5945.0,0.0,100,434.45,375.0,0,0.0,0.0,,0.0,0,0.0,0.0,,0.0,bidTooLow
2021-09-30,14050.0,5414.0,0.0,100,429.14,375.0,0,0.0,0.0,,0.0,0,0.0,0.0,,0.0,bidTooLow
2021-10-01,14050.0,5924.0,0.0,100,434.24,375.0,0,0.0,0.0,,0.0,0,0.0,0.0,,0.0,bidTooLow
2021-10-04,14050.0,5364.0,0.0,100,428.64,375.0,0,0.0,0.0,,0.0,0,0.0,0.0,,0.0,bidTooLow
2021-10-05,14050.0,5810.0,0.0,100,433.1,375.0,0,0.0,0.0,,0.0,0,0.0,0.0,,0.0,bidTooLow
2021-10-06,14050.0,5990.0,0.0,100,434.9,375.0,0,0.0,0.0,,0.0,0,0.0,0.0,,0.0,bidTooLow
2021-10-07,14050.0,6366.0,0.0,100,438.66,375.0,0,0.0,0.0,,0.0,0,0.0,0.0,,0.0,bidTooLow
2021-10-08,14050.0,6286.0,0.0,100,437.86,375.0,0,0.0,0.0,,0.0,0,0.0,0.0,,0.0,bidTooLow
2021-10-11,14050.0,5969.0,0.0,100,434.69,375.0,0,0.0,0.0,,0.0,0,0.0,0.0,,0.0,bidTooLow
2021-10-12,14050.0,5862.0,0.0,100,433.62,375.0,0,0.0,0.0,,0.0,0,0.0,0.0,,0.0,bidTooLow
2021-10-13,14050.0,6018.0,0.0,100,435.18,375.0,0,0.0,0.0,,0.0,0,0.0,0.0,,0.0,bidTooLow
2021-10-14,14050.0,6747.0,0.0,100,442.5,375.0,0,0.0,0.0,,0.0,1,0.07,0.1,SPY211020C00453000,453.0,normalDay
2021-10-15,14050.0,7079.0,0.0,100,445.87,375.0,0,0.0,0.0,,0.0,1,0.07,0.15,SPY211020C00453000,453.0,normalDay
2021-10-18,14050.0,7216.0,0.0,100,447.19,375.0,0,0.0,0.0,,0.0,1,0.07,0.1,SPY211020C00453000,453.0,normalDay
2021-10-19,14050.0,7549.0,0.0,100,450.64,375.0,0,0.0,0.0,,0.0,1,0.07,0.22,SPY211020C00453000,453.0,normalDay
2021-10-20,14057.0,7741.0,7.0,100,452.41,375.0,0,0.0,0.0,,0.0,1,0.07,0.0,SPY211020C00453000,453.0,expirationDay
2021-10-21,14057.0,7859.0,0.0,100,453.59,375.0,0,0.0,0.0,,0.0,0,0.0,0.0,,0.0,bidTooLow
2021-10-22,14057.0,7812.0,0.0,100,453.12,375.0,0,0.0,0.0,,0.0,0,0.0,0.0,,0.0,bidTooLow
2021-10-25,14057.0,8055.0,0.0,100,455.55,375.0,0,0.0,0.0,,0.0,0,0.0,0.0,,0.0,bidTooLow
2021-10-26,14057.0,8096.0,0.0,100,455.96,375.0,0,0.0,0.0,,0.0,0,0.0,0.0,,0.0,bidTooLow
2021-10-27,14057.0,7894.0,0.0,100,453.94,375.0,0,0.0,0.0,,0.0,0,0.0,0.0,,0.0,bidTooLow
2021-10-28,14057.0,8332.0,0.0,100,458.32,375.0,0,0.0,0.0,,0.0,0,0.0,0.0,,0.0,bidTooLow
2021-10-29,14057.0,8425.0,0.0,100,459.25,375.0,0,0.0,0.0,,0.0,0,0.0,0.0,,0.0,bidTooLow
2021-11-01,14057.0,8504.0,0.0,100,460.04,375.0,0,0.0,0.0,,0.0,0,0.0,0.0,,0.0,bidTooLow
2021-11-02,14057.0,8690.0,0.0,100,461.9,375.0,0,0.0,0.0,,0.0,0,0.0,0.0,,0.0,bidTooLow
2021-11-03,14057.0,8972.0,0.0,100,464.72,375.0,0,0.0,0.0,,0.0,0,0.0,0.0,,0.0,bidTooLow
2021-11-04,14057.0,9191.0,0.0,100,466.91,375.0,0,0.0,0.0,,0.0,0,0.0,0.0,,0.0,bidTooLow
2021-11-05,14057.0,9353.0,0.0,100,468.53,375.0,0,0.0,0.0,,0.0,0,0.0,0.0,,0.0,bidTooLow
2021-11-08,14057.0,9393.0,0.0,100,468.93,375.0,0,0.0,0.0,,0.0,0,0.0,0.0,,0.0,bidTooLow
2021-11-09,14057.0,9238.0,0.0,100,467.38,375.0,0,0.0,0.0,,0.0,0,0.0,0.0,,0.0,bidTooLow
2021-11-10,14057.0,8862.0,0.0,100,463.62,375.0,0,0.0,0.0,,0.0,0,0.0,0.0,,0.0,bidTooLow
2021-11-11,14057.0,8877.0,0.0,100,463.77,375.0,0,0.0,0.0,,0.0,0,0.0,0.0,,0.0,bidTooLow
2021-11-12,14057.0,9227.0,0.0,100,467.27,375.0,0,0.0,0.0,,0.0,0,0.0,0.0,,0.0,bidTooLow
2021-11-15,14057.0,9243.0,0.0,100,467.43,375.0,0,0.0,0.0,,0.0,0,0.0,0.0,,0.0,bidTooLow
2021-11-16,14057.0,9428.0,0.0,100,469.28,375.0,0,0.0,0.0,,0.0,0,0.0,0.0,,0.0,bidTooLow
2021-11-17,14057.0,9314.0,0.0,100,468.14,375.0,0,0.0,0.0,,0.0,0,0.0,0.0,,0.0,bidTooLow
2021-11-18,14057.0,9473.0,0.0,100,469.73,375.0,0,0.0,0.0,,0.0,0,0.0,0.0,,0.0,bidTooLow
2021-11-19,14057.0,9389.0,0.0,100,468.89,375.0,0,0.0,0.0,,0.0,0,0.0,0.0,,0.0,bidTooLow
2021-11-22,14057.0,9257.0,0.0,100,467.57,375.0,0,0.0,0.0,,0.0,0,0.0,0.0,,0.0,bidTooLow
2021-11-23,14057.0,9316.0,0.0,100,468.19,375.0,0,0.0,0.0,,0.0,1,0.01,0.04,SPY211129C00481000,481.0,normalDay
2021-11-24,14057.0,9443.0,0.0,100,469.44,375.0,0,0.0,0.0,,0.0,1,0.01,0.02,SPY211129C00481000,481.0,normalDay
2021-11-26,14057.0,8397.0,0.0,100,458.97,375.0,0,0.0,0.0,,0.0,1,0.01,0.01,SPY211129C00481000,481.0,normalDay
2021-11-29,14058.0,8960.0,1.0,100,464.6,375.0,0,0.0,0.0,,0.0,1,0.01,0.0,SPY211129C00481000,481.0,expirationDay
2021-11-30,14058.0,8053.0,0.0,100,455.56,375.0,0,0.0,0.0,,0.0,1,0.02,0.05,SPY211206C00480000,480.0,normalDay
2021-12-01,14058.0,7549.0,0.0,100,450.5,375.0,0,0.0,0.0,,0.0,1,0.02,0.03,SPY211206C00480000,480.0,normalDay
2021-12-02,14058.0,8240.0,0.0,100,457.4,375.0,0,0.0,0.0,,0.0,1,0.02,0.02,SPY211206C00480000,480.0,normalDay
2021-12-03,14058.0,7843.0,0.0,100,453.42,375.0,0,0.0,0.0,,0.0,1,0.02,0.01,SPY211206C00480000,480.0,normalDay
2021-12-06,14060.0,8379.0,2.0,100,458.79,375.0,0,0.0,0.0,,0.0,1,0.02,0.0,SPY211206C00480000,480.0,expirationDay
2021-12-07,14060.0,9328.0,0.0,100,468.28,375.0,0,0.0,0.0,,0.0,0,0.0,0.0,,0.0,bidTooLow
2021-12-08,14060.0,9452.0,0.0,100,469.52,375.0,0,0.0,0.0,,0.0,0,0.0,0.0,,0.0,bidTooLow
2021-12-09,14060.0,9135.0,0.0,100,466.35,375.0,0,0.0,0.0,,0.0,0,0.0,0.0,,0.0,bidTooLow
2021-12-10,14060.0,9574.0,0.0,100,470.74,375.0,0,0.0,0.0,,0.0,0,0.0,0.0,,0.0,bidTooLow
2021-12-13,14060.0,9157.0,0.0,100,466.57,375.0,0,0.0,0.0,,0.0,0,0.0,0.0,,0.0,bidTooLow
2021-12-14,14060.0,8836.0,0.0,100,463.36,375.0,0,0.0,0.0,,0.0,0,0.0,0.0,,0.0,bidTooLow
2021-12-15,14060.0,9560.0,0.0,100,470.6,375.0,0,0.0,0.0,,0.0,0,0.0,0.0,,0.0,bidTooLow
2021-12-16,14060.0,9145.0,0.0,100,466.45,375.0,0,0.0,0.0,,0.0,0,0.0,0.0,,0.0,bidTooLow
2021-12-17,14060.0,8487.0,0.0,100,459.87,375.0,0,0.0,0.0,,0.0,0,0.0,0.0,,0.0,bidTooLow
2021-12-20,14060.0,7998.0,0.0,100,454.98,375.0,0,0.0,0.0,,0.0,0,0.0,0.0,,0.0,bidTooLow
2021-12-21,14060.0,8806.0,0.0,100,463.06,375.0,0,0.0,0.0,,0.0,0,0.0,0.0,,0.0,bidTooLow
2021-12-22,14060.0,9269.0,0.0,100,467.69,375.0,0,0.0,0.0,,0.0,0,0.0,0.0,,0.0,bidTooLow
2021-12-23,14060.0,9560.0,0.0,100,470.6,375.0,0,0.0,0.0,,0.0,0,0.0,0.0,,0.0,bidTooLow
2021-12-27,14060.0,10223.0,0.0,100,477.26,375.0,0,0.0,0.0,,0.0,1,0.01,0.04,SPY211231C00490000,490.0,normalDay
2021-12-28,14060.0,10183.0,0.0,100,476.87,375.0,0,0.0,0.0,,0.0,1,0.01,0.05,SPY211231C00490000,490.0,normalDay
2021-12-29,14060.0,10247.0,0.0,100,477.48,375.0,0,0.0,0.0,,0.0,1,0.01,0.02,SPY211231C00490000,490.0,normalDay
2021-12-30,14060.0,10116.0,0.0,100,476.16,375.0,0,0.0,0.0,,0.0,1,0.01,0.01,SPY211231C00490000,490.0,normalDay
2021-12-31,14061.0,9996.0,1.0,100,474.96,375.0,0,0.0,0.0,,0.0,1,0.01,0.0,SPY211231C00490000,490.0,expirationDay
2022-01-03,14061.0,10271.0,0.0,100,477.71,375.0,0,0.0,0.0,,0.0,0,0.0,0.0,,0.0,bidTooLow
2022-01-04,14061.0,10255.0,0.0,100,477.55,375.0,0,0.0,0.0,,0.0,0,0.0,0.0,,0.0,bidTooLow
2022-01-05,14061.0,9338.0,0.0,100,468.38,375.0,0,0.0,0.0,,0.0,0,0.0,0.0,,0.0,bidTooLow
2022-01-06,14061.0,9294.0,0.0,100,467.94,375.0,0,0.0,0.0,,0.0,0,0.0,0.0,,0.0,bidTooLow
2022-01-07,14061.0,9109.0,0.0,100,466.09,375.0,0,0.0,0.0,,0.0,0,0.0,0.0,,0.0,bidTooLow
2022-01-10,14061.0,9051.0,0.0,100,465.51,375.0,0,0.0,0.0,,0.0,0,0.0,0.0,,0.0,bidTooLow
2022-01-11,14061.0,9475.0,0.0,100,469.75,375.0,0,0.0,0.0,,0.0,0,0.0,0.0,,0.0,bidTooLow
2022-01-12,14061.0,9602.0,0.0,100,471.02,375.0,0,0.0,0.0,,0.0,0,0.0,0.0,,0.0,bidTooLow
2022-01-13,14061.0,8953.0,0.0,100,464.53,375.0,0,0.0,0.0,,0.0,0,0.0,0.0,,0.0,bidTooLow
2022-01-14,14061.0,8972.0,0.0,100,464.72,375.0,0,0.0,0.0,,0.0,0,0.0,0.0,,0.0,bidTooLow
2022-01-18,14061.0,8149.0,0.0,100,456.49,375.0,0,0.0,0.0,,0.0,0,0.0,0.0,,0.0,bidTooLow
2022-01-19,14061.0,7675.0,0.0,100,451.75,375.0,0,0.0,0.0,,0.0,0,0.0,0.0,,0.0,bidTooLow
2022-01-20,14061.0,7175.0,0.0,100,446.75,375.0,0,0.0,0.0,,0.0,0,0.0,0.0,,0.0,bidTooLow
2022-01-21,14061.0,6298.0,0.0,100,437.98,375.0,0,0.0,0.0,,0.0,0,0.0,0.0,,0.0,bidTooLow
2022-01-24,14061.0,6484.0,0.0,100,439.84,375.0,0,0.0,0.0,,0.0,0,0.0,0.0,,0.0,bidTooLow
2022-01-25,14061.0,5947.0,0.0,100,434.47,375.0,0,0.0,0.0,,0.0,0,0.0,0.0,,0.0,bidTooLow
2022-01-26,14061.0,5838.0,0.0,100,433.38,375.0,0,0.0,0.0,,0.0,0,0.0,0.0,,0.0,bidTooLow
2022-01-27,14061.0,5624.0,0.0,100,431.24,375.0,0,0.0,0.0,,0.0,0,0.0,0.0,,0.0,bidTooLow
2022-01-28,14061.0,6695.0,0.0,100,441.95,375.0,0,0.0,0.0,,0.0,0,0.0,0.0,,0.0,bidTooLow
2022-01-31,14061.0,7491.0,0.0,100,449.91,375.0,0,0.0,0.0,,0.0,0,0.0,0.0,,0.0,bidTooLow
2022-02-01,14061.0,7795.0,0.0,100,452.95,375.0,0,0.0,0.0,,0.0,0,0.0,0.0,,0.0,bidTooLow
2022-02-02,14061.0,8235.0,0.0,100,457.35,375.0,0,0.0,0.0,,0.0,0,0.0,0.0,,0.0,bidTooLow
2022-02-03,14061.0,7160.0,0.0,100,446.6,375.0,0,0.0,0.0,,0.0,0,0.0,0.0,,0.0,bidTooLow
2022-02-04,14061.0,7370.0,0.0,100,448.7,375.0,0,0.0,0.0,,0.0,0,0.0,0.0,,0.0,bidTooLow
2022-02-07,14061.0,7226.0,0.0,100,447.26,375.0,0,0.0,0.0,,0.0,0,0.0,0.0,,0.0,bidTooLow
2022-02-08,14061.0,7594.0,0.0,100,450.94,375.0,0,0.0,0.0,,0.0,0,0.0,0.0,,0.0,bidTooLow
2022-02-09,14061.0,8254.0,0.0,100,457.54,375.0,0,0.0,0.0,,0.0,0,0.0,0.0,,0.0,bidTooLow
2022-02-10,14061.0,7432.0,0.0,100,449.32,375.0,0,0.0,0.0,,0.0,0,0.0,0.0,,0.0,bidTooLow
2022-02-11,14061.0,6546.0,0.0,100,440.46,375.0,0,0.0,0.0,,0.0,0,0.0,0.0,,0.0,bidTooLow
2022-02-14,14061.0,6402.0,0.0,100,439.02,375.0,0,0.0,0.0,,0.0,0,0.0,0.0,,0.0,bidTooLow
2022-02-15,14061.0,7110.0,0.0,100,446.1,375.0,0,0.0,0.0,,0.0,0,0.0,0.0,,0.0,bidTooLow
2022-02-16,14061.0,7160.0,0.0,100,446.6,375.0,0,0.0,0.0,,0.0,0,0.0,0.0,,0.0,bidTooLow
2022-02-17,14061.0,6206.0,0.0,100,437.06,375.0,0,0.0,0.0,,0.0,0,0.0,0.0,,0.0,bidTooLow
2022-02-18,14061.0,5923.0,0.0,100,434.23,375.0,0,0.0,0.0,,0.0,0,0.0,0.0,,0.0,bidTooLow
2022-02-22,14061.0,5457.0,0.0,100,429.57,375.0,0,0.0,0.0,,0.0,0,0.0,0.0,,0.0,bidTooLow
2022-02-23,14061.0,4695.0,0.0,100,421.95,375.0,0,0.0,0.0,,0.0,0,0.0,0.0,,0.0,bidTooLow
2022-02-24,14061.0,5330.0,0.0,100,428.3,375.0,0,0.0,0.0,,0.0,0,0.0,0.0,,0.0,bidTooLow
2022-02-25,14061.0,6275.0,0.0,100,437.75,375.0,0,0.0,0.0,,0.0,0,0.0,0.0,,0.0,bidTooLow
2022-02-28,14061.0,6163.0,0.0,100,436.63,375.0,0,0.0,0.0,,0.0,0,0.0,0.0,,0.0,bidTooLow
2022-03-01,14061.0,5498.0,0.0,100,429.98,375.0,0,0.0,0.0,,0.0,0,0.0,0.0,,0.0,bidTooLow
2022-03-02,14061.0,6289.0,0.0,100,437.89,375.0,0,0.0,0.0,,0.0,0,0.0,0.0,,0.0,bidTooLow
2022-03-03,14061.0,6071.0,0.0,100,435.71,375.0,0,0.0,0.0,,0.0,0,0.0,0.0,,0.0,bidTooLow
2022-03-04,14061.0,5717.0,0.0,100,432.17,375.0,0,0.0,0.0,,0.0,0,0.0,0.0,,0.0,bidTooLow
2022-03-07,14061.0,4443.0,0.0,100,419.43,375.0,0,0.0,0.0,,0.0,0,0.0,0.0,,0.0,bidTooLow
2022-03-08,14061.0,4125.0,0.0,100,416.25,375.0,0,0.0,0.0,,0.0,0,0.0,0.0,,0.0,bidTooLow
2022-03-09,14061.0,5241.0,0.0,100,427.41,375.0,0,0.0,0.0,,0.0,0,0.0,0.0,,0.0,bidTooLow
2022-03-10,14061.0,5048.0,0.0,100,425.48,375.0,0,0.0,0.0,,0.0,0,0.0,0.0,,0.0,bidTooLow
2022-03-11,14061.0,4507.0,0.0,100,420.07,375.0,0,0.0,0.0,,0.0,0,0.0,0.0,,0.0,bidTooLow
2022-03-14,14061.0,4200.0,0.0,100,417.0,375.0,0,0.0,0.0,,0.0,0,0.0,0.0,,0.0,bidTooLow
2022-03-15,14061.0,5117.0,0.0,100,426.17,375.0,0,0.0,0.0,,0.0,0,0.0,0.0,,0.0,bidTooLow
2022-03-16,14061.0,6062.0,0.0,100,435.62,375.0,0,0.0,0.0,,0.0,0,0.0,0.0,,0.0,bidTooLow
2022-03-17,14061.0,6604.0,0.0,100,441.07,375.0,0,0.0,0.0,,0.0,1,0.1,0.13,SPY220323C00458000,458.0,normalDay
2022-03-18,14061.0,6945.0,0.0,100,444.52,375.0,0,0.0,0.0,,0.0,1,0.1,0.17,SPY220323C00458000,458.0,normalDay
2022-03-21,14061.0,6946.0,0.0,100,444.39,375.0,0,0.0,0.0,,0.0,1,0.1,0.03,SPY220323C00458000,458.0,normalDay
2022-03-22,14061.0,7465.0,0.0,100,449.59,375.0,0,0.0,0.0,,0.0,1,0.1,0.04,SPY220323C00458000,458.0,normalDay
2022-03-23,14071.0,6880.0,10.0,100,443.8,375.0,0,0.0,0.0,,0.0,1,0.1,0.0,SPY220323C00458000,458.0,expirationDay
2022-03-24,14071.0,7549.0,0.0,100,450.49,375.0,0,0.0,0.0,,0.0,0,0.0,0.0,,0.0,bidTooLow
2022-03-25,14071.0,7769.0,0.0,100,452.69,375.0,0,0.0,0.0,,0.0,0,0.0,0.0,,0.0,bidTooLow
2022-03-28,14071.0,8091.0,0.0,100,455.91,375.0,0,0.0,0.0,,0.0,0,0.0,0.0,,0.0,bidTooLow
2022-03-29,14071.0,8655.0,0.0,100,461.55,375.0,0,0.0,0.0,,0.0,0,0.0,0.0,,0.0,bidTooLow
2022-03-30,14071.0,8370.0,0.0,100,458.7,375.0,0,0.0,0.0,,0.0,0,0.0,0.0,,0.0,bidTooLow
2022-03-31,14071.0,7664.0,0.0,100,451.64,375.0,0,0.0,0.0,,0.0,0,0.0,0.0,,0.0,bidTooLow
2022-04-01,14071.0,7792.0,0.0,100,452.92,375.0,0,0.0,0.0,,0.0,0,0.0,0.0,,0.0,bidTooLow
2022-04-04,14071.0,8180.0,0.0,100,456.8,375.0,0,0.0,0.0,,0.0,0,0.0,0.0,,0.0,bidTooLow
2022-04-05,14071.0,7603.0,0.0,100,451.03,375.0,0,0.0,0.0,,0.0,0,0.0,0.0,,0.0,bidTooLow
2022-04-06,14071.0,7152.0,0.0,100,446.52,375.0,0,0.0,0.0,,0.0,0,0.0,0.0,,0.0,bidTooLow
2022-04-07,14071.0,7377.0,0.0,100,448.77,375.0,0,0.0,0.0,,0.0,0,0.0,0.0,,0.0,bidTooLow
2022-04-08,14071.0,7257.0,0.0,100,447.57,375.0,0,0.0,0.0,,0.0,0,0.0,0.0,,0.0,bidTooLow
2022-04-11,14071.0,6492.0,0.0,100,439.92,375.0,0,0.0,0.0,,0.0,0,0.0,0.0,,0.0,bidTooLow
2022-04-12,14071.0,6329.0,0.0,100,438.29,375.0,0,0.0,0.0,,0.0,0,0.0,0.0,,0.0,bidTooLow
2022-04-13,14071.0,6831.0,0.0,100,443.31,375.0,0,0.0,0.0,,0.0,0,0.0,0.0,,0.0,bidTooLow
2022-04-14,14071.0,6279.0,0.0,100,437.79,375.0,0,0.0,0.0,,0.0,0,0.0,0.0,,0.0,bidTooLow
2022-04-18,14071.0,6297.0,0.0,100,437.97,375.0,0,0.0,0.0,,0.0,0,0.0,0.0,,0.0,bidTooLow
2022-04-19,14071.0,7004.0,0.0,100,445.04,375.0,0,0.0,0.0,,0.0,0,0.0,0.0,,0.0,bidTooLow
2022-04-20,14071.0,6971.0,0.0,100,444.71,375.0,0,0.0,0.0,,0.0,0,0.0,0.0,,0.0,bidTooLow
2022-04-21,14071.0,6306.0,0.0,100,438.06,375.0,0,0.0,0.0,,0.0,0,0.0,0.0,,0.0,bidTooLow
2022-04-22,14071.0,5104.0,0.0,100,426.04,375.0,0,0.0,0.0,,0.0,0,0.0,0.0,,0.0,bidTooLow
2022-04-25,14071.0,5351.0,0.0,100,428.51,375.0,0,0.0,0.0,,0.0,0,0.0,0.0,,0.0,bidTooLow
2022-04-26,14071.0,4110.0,0.0,100,416.1,375.0,0,0.0,0.0,,0.0,0,0.0,0.0,,0.0,bidTooLow
2022-04-27,14071.0,4227.0,0.0,100,417.27,375.0,0,0.0,0.0,,0.0,0,0.0,0.0,,0.0,bidTooLow
2022-04-28,14071.0,5281.0,0.0,100,427.81,375.0,0,0.0,0.0,,0.0,0,0.0,0.0,,0.0,bidTooLow
2022-04-29,14071.0,3700.0,0.0,100,412.0,375.0,0,0.0,0.0,,0.0,0,0.0,0.0,,0.0,bidTooLow
2022-05-02,14071.0,3948.0,0.0,100,414.48,375.0,0,0.0,0.0,,0.0,0,0.0,0.0,,0.0,bidTooLow
2022-05-03,14071.0,4138.0,0.0,100,416.38,375.0,0,0.0,0.0,,0.0,0,0.0,0.0,,0.0,bidTooLow
2022-05-04,14071.0,5406.0,0.0,100,429.06,375.0,0,0.0,0.0,,0.0,0,0.0,0.0,,0.0,bidTooLow
2022-05-05,14071.0,3881.0,0.0,100,413.81,375.0,0,0.0,0.0,,0.0,0,0.0,0.0,,0.0,bidTooLow
2022-05-06,14071.0,3634.0,0.0,100,411.34,375.0,0,0.0,0.0,,0.0,0,0.0,0.0,,0.0,bidTooLow
2022-05-09,14071.0,2317.0,0.0,100,398.17,375.0,0,0.0,0.0,,0.0,0,0.0,0.0,,0.0,bidTooLow
2022-05-10,14071.0,2409.0,0.0,100,399.09,375.0,0,0.0,0.0,,0.0,0,0.0,0.0,,0.0,bidTooLow
2022-05-11,14071.0,1775.0,0.0,100,392.75,375.0,0,0.0,0.0,,0.0,0,0.0,0.0,,0.0,bidTooLow
2022-05-12,14071.0,1734.0,0.0,100,392.34,375.0,0,0.0,0.0,,0.0,0,0.0,0.0,,0.0,bidTooLow
2022-05-13,14071.0,2672.0,0.0,100,401.72,375.0,0,0.0,0.0,,0.0,0,0.0,0.0,,0.0,bidTooLow
2022-05-16,14071.0,2509.0,0.0,100,400.09,375.0,0,0.0,0.0,,0.0,0,0.0,0.0,,0.0,bidTooLow
2022-05-17,14071.0,3332.0,0.0,100,408.32,375.0,0,0.0,0.0,,0.0,0,0.0,0.0,,0.0,bidTooLow
2022-05-18,14071.0,1686.0,0.0,100,391.86,375.0,0,0.0,0.0,,0.0,0,0.0,0.0,,0.0,bidTooLow
2022-05-19,14071.0,1446.0,0.0,100,389.46,375.0,0,0.0,0.0,,0.0,0,0.0,0.0,,0.0,bidTooLow
2022-05-20,14071.0,1463.0,0.0,100,389.63,375.0,0,0.0,0.0,,0.0,0,0.0,0.0,,0.0,bidTooLow
2022-05-23,14071.0,2192.0,0.0,100,396.92,375.0,0,0.0,0.0,,0.0,0,0.0,0.0,,0.0,bidTooLow
2022-05-24,14071.0,1889.0,0.0,100,393.89,375.0,0,0.0,0.0,,0.0,0,0.0,0.0,,0.0,bidTooLow
2022-05-25,14071.0,2237.0,0.0,100,397.37,375.0,0,0.0,0.0,,0.0,0,0.0,0.0,,0.0,bidTooLow
2022-05-26,14071.0,3031.0,0.0,100,405.31,375.0,0,0.0,0.0,,0.0,0,0.0,0.0,,0.0,bidTooLow
2022-05-27,14071.0,4026.0,0.0,100,415.26,375.0,0,0.0,0.0,,0.0,0,0.0,0.0,,0.0,bidTooLow
2022-05-31,14071.0,3793.0,0.0,100,412.93,375.0,0,0.0,0.0,,0.0,0,0.0,0.0,,0.0,bidTooLow
2022-06-01,14071.0,3459.0,0.0,100,409.59,375.0,0,0.0,0.0,,0.0,0,0.0,0.0,,0.0,bidTooLow
2022-06-02,14071.0,4236.0,0.0,100,417.39,375.0,0,0.0,0.0,,0.0,1,0.08,0.11,SPY220608C00436000,436.0,normalDay
2022-06-03,14071.0,3559.0,0.0,100,410.54,375.0,0,0.0,0.0,,0.0,1,0.08,0.03,SPY220608C00436000,436.0,normalDay
2022-06-06,14071.0,3686.0,0.0,100,411.79,375.0,0,0.0,0.0,,0.0,1,0.08,0.01,SPY220608C00436000,436.0,normalDay
2022-06-07,14071.0,4081.0,0.0,100,415.74,375.0,0,0.0,0.0,,0.0,1,0.08,0.01,SPY220608C00436000,436.0,normalDay
2022-06-08,14079.0,3622.0,8.0,100,411.22,375.0,0,0.0,0.0,,0.0,1,0.08,0.0,SPY220608C00436000,436.0,expirationDay
2022-06-09,14079.0,2644.0,0.0,100,401.44,375.0,0,0.0,0.0,,0.0,0,0.0,0.0,,0.0,bidTooLow
2022-06-10,14079.0,1480.0,0.0,100,389.8,375.0,0,0.0,0.0,,0.0,0,0.0,0.0,,0.0,bidTooLow
2022-06-13,14079.0,0.0,0.0,100,375.0,375.0,0,0.0,0.0,,0.0,0,0.0,0.0,,0.0,bidTooLow
2022-06-14,14079.0,-113.0,0.0,100,373.87,375.0,0,0.0,0.0,,0.0,0,0.0,0.0,,0.0,bidTooLow
2022-06-15,14079.0,420.0,0.0,100,379.2,375.0,0,0.0,0.0,,0.0,0,0.0,0.0,,0.0,bidTooLow
2022-06-16,14079.0,-835.0,0.0,100,366.65,375.0,0,0.0,0.0,,0.0,0,0.0,0.0,,0.0,bidTooLow
2022-06-17,14079.0,-914.0,0.0,100,365.86,375.0,0,0.0,0.0,,0.0,0,0.0,0.0,,0.0,bidTooLow
2022-06-21,14079.0,7.0,0.0,100,375.07,375.0,0,0.0,0.0,,0.0,0,0.0,0.0,,0.0,bidTooLow
2022-06-22,14079.0,-61.0,0.0,100,374.39,375.0,0,0.0,0.0,,0.0,0,0.0,0.0,,0.0,bidTooLow
2022-06-23,14079.0,306.0,0.0,100,378.06,375.0,0,0.0,0.0,,0.0,0,0.0,0.0,,0.0,bidTooLow
2022-06-24,14079.0,1508.0,0.0,100,390.08,375.0,0,0.0,0.0,,0.0,0,0.0,0.0,,0.0,bidTooLow
2022-06-27,14079.0,1359.0,0.0,100,388.59,375.0,0,0.0,0.0,,0.0,0,0.0,0.0,,0.0,bidTooLow
2022-06-28,14079.0,565.0,0.0,100,380.65,375.0,0,0.0,0.0,,0.0,0,0.0,0.0,,0.0,bidTooLow
2022-06-29,14079.0,534.0,0.0,100,380.34,375.0,0,0.0,0.0,,0.0,0,0.0,0.0,,0.0,bidTooLow
2022-06-30,14079.0,225.0,0.0,100,377.25,375.0,0,0.0,0.0,,0.0,0,0.0,0.0,,0.0,bidTooLow
2022-07-01,14079.0,624.0,0.0,100,381.24,375.0,0,0.0,0.0,,0.0,0,0.0,0.0,,0.0,bidTooLow
2022-07-05,14079.0,696.0,0.0,100,381.96,375.0,0,0.0,0.0,,0.0,0,0.0,0.0,,0.0,bidTooLow
2022-07-06,14079.0,825.0,0.0,100,383.25,375.0,0,0.0,0.0,,0.0,0,0.0,0.0,,0.0,bidTooLow
2022-07-07,14079.0,1399.0,0.0,100,388.99,375.0,0,0.0,0.0,,0.0,0,0.0,0.0,,0.0,bidTooLow
2022-07-08,14079.0,1367.0,0.0,100,388.67,375.0,0,0.0,0.0,,0.0,0,0.0,0.0,,0.0,bidTooLow
2022-07-11,14079.0,920.0,0.0,100,384.23,375.0,0,0.0,0.0,,0.0,1,0.02,0.05,SPY220715C00407000,407.0,normalDay
2022-07-12,14079.0,582.0,0.0,100,380.83,375.0,0,0.0,0.0,,0.0,1,0.02,0.03,SPY220715C00407000,407.0,normalDay
2022-07-13,14079.0,384.0,0.0,100,378.83,375.0,0,0.0,0.0,,0.0,1,0.02,0.01,SPY220715C00407000,407.0,normalDay
2022-07-14,14079.0,292.0,0.0,100,377.91,375.0,0,0.0,0.0,,0.0,1,0.02,0.01,SPY220715C00407000,407.0,normalDay
2022-07-15,14081.0,1013.0,2.0,100,385.13,375.0,0,0.0,0.0,,0.0,1,0.02,0.0,SPY220715C00407000,407.0,expirationDay
2022-07-18,14081.0,692.0,0.0,100,381.95,375.0,0,0.0,0.0,,0.0,1,0.02,0.05,SPY220722C00402500,402.5,normalDay
2022-07-19,14081.0,1691.0,0.0,100,392.27,375.0,0,0.0,0.0,,0.0,1,0.02,0.38,SPY220722C00402500,402.5,normalDay
2022-07-20,14081.0,1934.0,0.0,100,394.77,375.0,0,0.0,0.0,,0.0,1,0.02,0.45,SPY220722C00402500,402.5,normalDay
2022-07-21,14081.0,2337.0,0.0,100,398.79,375.0,0,0.0,0.0,,0.0,1,0.02,0.44,SPY220722C00402500,402.5,normalDay
2022-07-22,14083.0,2009.0,2.0,100,395.09,375.0,0,0.0,0.0,,0.0,1,0.02,0.0,SPY220722C00402500,402.5,expirationDay
2022-07-25,14083.0,2054.0,0.0,100,395.57,375.0,0,0.0,0.0,,0.0,1,0.24,0.27,SPY220729C00410000,410.0,normalDay
2022-07-26,14083.0,1604.0,0.0,100,390.89,375.0,0,0.0,0.0,,0.0,1,0.24,0.09,SPY220729C00410000,410.0,normalDay
2022-07-27,14083.0,2602.0,0.0,100,401.04,375.0,0,0.0,0.0,,0.0,1,0.24,0.26,SPY220729C00410000,410.0,normalDay
2022-07-28,14083.0,3052.0,0.0,100,406.07,375.0,0,0.0,0.0,,0.0,1,0.24,0.79,SPY220729C00410000,410.0,normalDay
2022-07-29,17607.0,3052.0,3524.0,0,411.99,0.0,0,0.0,0.0,,0.0,1,0.24,0.0,SPY220729C00410000,410.0,expirationDay
2022-08-01,17607.0,-3.0,0.0,0,410.77,0.0,1,0.01,0.04,SPY220803P00385000,385.0,0,0.0,0.0,,0.0,normalDay
2022-08-02,17607.0,-2.0,0.0,0,408.06,0.0,1,0.01,0.03,SPY220803P00385000,385.0,0,0.0,0.0,,0.0,normalDay
2022-08-03,17608.0,0.0,1.0,0,414.45,0.0,1,0.01,0.0,SPY220803P00385000,385.0,0,0.0,0.0,,0.0,expirationDay
2022-08-04,17608.0,0.0,0.0,0,414.17,0.0,0,0.0,0.0,,0.0,0,0.0,0.0,,0.0,bidTooLow
2022-08-05,17608.0,0.0,0.0,0,413.47,0.0,0,0.0,0.0,,0.0,0,0.0,0.0,,0.0,bidTooLow
2022-08-08,17608.0,0.0,0.0,0,412.99,0.0,0,0.0,0.0,,0.0,0,0.0,0.0,,0.0,bidTooLow
2022-08-09,17608.0,-3.0,0.0,0,411.35,0.0,1,0.09,0.12,SPY220812P00392500,392.5,0,0.0,0.0,,0.0,normalDay
2022-08-10,17608.0,6.0,0.0,0,419.99,0.0,1,0.09,0.03,SPY220812P00392500,392.5,0,0.0,0.0,,0.0,normalDay
2022-08-11,17608.0,7.0,0.0,0,419.99,0.0,1,0.09,0.02,SPY220812P00392500,392.5,0,0.0,0.0,,0.0,normalDay
2022-08-12,17617.0,0.0,9.0,0,427.1,0.0,1,0.09,0.0,SPY220812P00392500,392.5,0,0.0,0.0,,0.0,expirationDay
2022-08-15,17617.0,0.0,0.0,0,428.86,0.0,0,0.0,0.0,,0.0,0,0.0,0.0,,0.0,bidTooLow
2022-08-16,17617.0,-3.0,0.0,0,429.7,0.0,1,0.02,0.05,SPY220819P00403000,403.0,0,0.0,0.0,,0.0,normalDay
2022-08-17,17617.0,-1.0,0.0,0,426.65,0.0,1,0.02,0.03,SPY220819P00403000,403.0,0,0.0,0.0,,0.0,normalDay
2022-08-18,17617.0,0.0,0.0,0,427.89,0.0,1,0.02,0.02,SPY220819P00403000,403.0,0,0.0,0.0,,0.0,normalDay
2022-08-19,17619.0,0.0,2.0,0,422.14,0.0,1,0.02,0.0,SPY220819P00403000,403.0,0,0.0,0.0,,0.0,expirationDay
2022-08-22,17619.0,-3.0,0.0,0,413.35,0.0,1,1.31,1.34,SPY220824P00410000,410.0,0,0.0,0.0,,0.0,normalDay
2022-08-23,17619.0,27.0,0.0,0,412.35,0.0,1,1.31,1.04,SPY220824P00410000,410.0,0,0.0,0.0,,0.0,normalDay
2022-08-24,17750.0,0.0,131.0,0,413.67,0.0,1,1.31,0.0,SPY220824P00410000,410.0,0,0.0,0.0,,0.0,expirationDay
2022-08-25,17750.0,-3.0,0.0,0,419.51,0.0,1,0.86,0.89,SPY220826P00414000,414.0,0,0.0,0.0,,0.0,normalDay
2022-08-26,17836.0,-869.0,86.0,100,405.31,414.0,1,0.86,0.0,SPY220826P00414000,414.0,0,0.0,0.0,,0.0,expirationDay
2022-08-29,17836.0,-1137.0,0.0,100,402.63,414.0,0,0.0,0.0,,0.0,0,0.0,0.0,,0.0,bidTooLow
2022-08-30,17836.0,-1579.0,0.0,100,398.21,414.0,0,0.0,0.0,,0.0,0,0.0,0.0,,0.0,bidTooLow
2022-08-31,17836.0,-1882.0,0.0,100,395.18,414.0,0,0.0,0.0,,0.0,0,0.0,0.0,,0.0,bidTooLow
2022-09-01,17836.0,-1758.0,0.0,100,396.42,414.0,0,0.0,0.0,,0.0,0,0.0,0.0,,0.0,bidTooLow
2022-09-02,17836.0,-2176.0,0.0,100,392.24,414.0,0,0.0,0.0,,0.0,0,0.0,0.0,,0.0,bidTooLow
2022-09-06,17836.0,-2324.0,0.0,100,390.76,414.0,0,0.0,0.0,,0.0,0,0.0,0.0,,0.0,bidTooLow
2022-09-07,17836.0,-1622.0,0.0,100,397.78,414.0,0,0.0,0.0,,0.0,0,0.0,0.0,,0.0,bidTooLow
2022-09-08,17836.0,-1362.0,0.0,100,400.38,414.0,0,0.0,0.0,,0.0,0,0.0,0.0,,0.0,bidTooLow
2022-09-09,17836.0,-740.0,0.0,100,406.6,414.0,0,0.0,0.0,,0.0,0,0.0,0.0,,0.0,bidTooLow
2022-09-12,17836.0,-303.0,0.0,100,410.97,414.0,0,0.0,0.0,,0.0,0,0.0,0.0,,0.0,bidTooLow
2022-09-13,17836.0,-2090.0,0.0,100,393.1,414.0,0,0.0,0.0,,0.0,0,0.0,0.0,,0.0,bidTooLow
2022-09-14,17836.0,-1940.0,0.0,100,394.6,414.0,0,0.0,0.0,,0.0,0,0.0,0.0,,0.0,bidTooLow
2022-09-15,17836.0,-2388.0,0.0,100,390.12,414.0,0,0.0,0.0,,0.0,0,0.0,0.0,,0.0,bidTooLow
2022-09-16,17836.0,-2844.0,0.0,100,385.56,414.0,0,0.0,0.0,,0.0,0,0.0,0.0,,0.0,bidTooLow
2022-09-19,17836.0,-2545.0,0.0,100,388.55,414.0,0,0.0,0.0,,0.0,0,0.0,0.0,,0.0,bidTooLow
2022-09-20,17836.0,-2991.0,0.0,100,384.09,414.0,0,0.0,0.0,,0.0,0,0.0,0.0,,0.0,bidTooLow
2022-09-21,17836.0,-3661.0,0.0,100,377.39,414.0,0,0.0,0.0,,0.0,0,0.0,0.0,,0.0,bidTooLow
2022-09-22,17836.0,-3978.0,0.0,100,374.22,414.0,0,0.0,0.0,,0.0,0,0.0,0.0,,0.0,bidTooLow
2022-09-23,17836.0,-4605.0,0.0,100,367.95,414.0,0,0.0,0.0,,0.0,0,0.0,0.0,,0.0,bidTooLow
2022-09-26,17836.0,-4969.0,0.0,100,364.31,414.0,0,0.0,0.0,,0.0,0,0.0,0.0,,0.0,bidTooLow
2022-09-27,17836.0,-5062.0,0.0,100,363.38,414.0,0,0.0,0.0,,0.0,0,0.0,0.0,,0.0,bidTooLow
2022-09-28,17836.0,-4347.0,0.0,100,370.53,414.0,0,0.0,0.0,,0.0,0,0.0,0.0,,0.0,bidTooLow
2022-09-29,17836.0,-5121.0,0.0,100,362.79,414.0,0,0.0,0.0,,0.0,0,0.0,0.0,,0.0,bidTooLow
2022-09-30,17836.0,-5682.0,0.0,100,357.18,414.0,0,0.0,0.0,,0.0,0,0.0,0.0,,0.0,bidTooLow
2022-10-03,17836.0,-4739.0,0.0,100,366.61,414.0,0,0.0,0.0,,0.0,0,0.0,0.0,,0.0,bidTooLow
2022-10-04,17836.0,-3603.0,0.0,100,377.97,414.0,0,0.0,0.0,,0.0,0,0.0,0.0,,0.0,bidTooLow
2022-10-05,17836.0,-3691.0,0.0,100,377.09,414.0,0,0.0,0.0,,0.0,0,0.0,0.0,,0.0,bidTooLow
2022-10-06,17836.0,-4080.0,0.0,100,373.2,414.0,0,0.0,0.0,,0.0,0,0.0,0.0,,0.0,bidTooLow
2022-10-07,17836.0,-5121.0,0.0,100,362.79,414.0,0,0.0,0.0,,0.0,0,0.0,0.0,,0.0,bidTooLow
2022-10-10,17836.0,-5398.0,0.0,100,360.02,414.0,0,0.0,0.0,,0.0,0,0.0,0.0,,0.0,bidTooLow
2022-10-11,17836.0,-5626.0,0.0,100,357.74,414.0,0,0.0,0.0,,0.0,0,0.0,0.0,,0.0,bidTooLow
2022-10-12,17836.0,-5744.0,0.0,100,356.56,414.0,0,0.0,0.0,,0.0,0,0.0,0.0,,0.0,bidTooLow
2022-10-13,17836.0,-4803.0,0.0,100,365.97,414.0,0,0.0,0.0,,0.0,0,0.0,0.0,,0.0,bidTooLow
2022-10-14,17836.0,-5637.0,0.0,100,357.63,414.0,0,0.0,0.0,,0.0,0,0.0,0.0,,0.0,bidTooLow
2022-10-17,17836.0,-4721.0,0.0,100,366.82,414.0,0,0.0,0.0,,0.0,1,0.01,0.04,SPY221021C00397000,397.0,normalDay
2022-10-18,17836.0,-4291.0,0.0,100,371.13,414.0,0,0.0,0.0,,0.0,1,0.01,0.05,SPY221021C00397000,397.0,normalDay
2022-10-19,17836.0,-4551.0,0.0,100,368.5,414.0,0,0.0,0.0,,0.0,1,0.01,0.02,SPY221021C00397000,397.0,normalDay
2022-10-20,17836.0,-4859.0,0.0,100,365.41,414.0,0,0.0,0.0,,0.0,1,0.01,0.01,SPY221021C00397000,397.0,normalDay
2022-10-21,17837.0,-3971.0,1.0,100,374.29,414.0,0,0.0,0.0,,0.0,1,0.01,0.0,SPY221021C00397000,397.0,expirationDay
2022-10-24,17837.0,-3516.0,0.0,100,378.87,414.0,0,0.0,0.0,,0.0,1,0.75,0.78,SPY221028C00393000,393.0,normalDay
2022-10-25,17837.0,-2924.0,0.0,100,384.92,414.0,0,0.0,0.0,,0.0,1,0.75,0.91,SPY221028C00393000,393.0,normalDay
2022-10-26,17837.0,-3154.0,0.0,100,382.02,414.0,0,0.0,0.0,,0.0,1,0.75,0.31,SPY221028C00393000,393.0,normalDay
2022-10-27,17837.0,-3329.0,0.0,100,379.98,414.0,0,0.0,0.0,,0.0,1,0.75,0.02,SPY221028C00393000,393.0,normalDay
2022-10-28,17912.0,-2498.0,75.0,100,389.02,414.0,0,0.0,0.0,,0.0,1,0.75,0.0,SPY221028C00393000,393.0,expirationDay
2022-10-31,17912.0,-2782.0,0.0,100,386.21,414.0,0,0.0,0.0,,0.0,1,0.14,0.17,SPY221104C00409000,409.0,normalDay
2022-11-01,17912.0,-2944.0,0.0,100,384.52,414.0,0,0.0,0.0,,0.0,1,0.14,0.1,SPY221104C00409000,409.0,normalDay
2022-11-02,17912.0,-3901.0,0.0,100,374.87,414.0,0,0.0,0.0,,0.0,1,0.14,0.02,SPY221104C00409000,409.0,normalDay
2022-11-03,17912.0,-4286.0,0.0,100,371.01,414.0,0,0.0,0.0,,0.0,1,0.14,0.01,SPY221104C00409000,409.0,normalDay
2022-11-04,17926.0,-3765.0,14.0,100,376.35,414.0,0,0.0,0.0,,0.0,1,0.14,0.0,SPY221104C00409000,409.0,expirationDay
2022-11-07,17926.0,-3408.0,0.0,100,379.95,414.0,0,0.0,0.0,,0.0,1,0.01,0.04,SPY221111C00410000,410.0,normalDay
2022-11-08,17926.0,-3203.0,0.0,100,382.0,414.0,0,0.0,0.0,,0.0,1,0.01,0.04,SPY221111C00410000,410.0,normalDay
2022-11-09,17926.0,-3987.0,0.0,100,374.13,414.0,0,0.0,0.0,,0.0,1,0.01,0.01,SPY221111C00410000,410.0,normalDay
2022-11-10,17926.0,-1932.0,0.0,100,394.69,414.0,0,0.0,0.0,,0.0,1,0.01,0.02,SPY221111C00410000,410.0,normalDay
2022-11-11,17927.0,-1549.0,1.0,100,398.51,414.0,0,0.0,0.0,,0.0,1,0.01,0.0,SPY221111C00410000,410.0,expirationDay
2022-11-14,17927.0,-1891.0,0.0,100,395.12,414.0,0,0.0,0.0,,0.0,1,0.09,0.12,SPY221118C00414000,414.0,normalDay
2022-11-15,17927.0,-1560.0,0.0,100,398.49,414.0,0,0.0,0.0,,0.0,1,0.09,0.18,SPY221118C00414000,414.0,normalDay
2022-11-16,17927.0,-1849.0,0.0,100,395.45,414.0,0,0.0,0.0,,0.0,1,0.09,0.03,SPY221118C00414000,414.0,normalDay
2022-11-17,17927.0,-1968.0,0.0,100,394.24,414.0,0,0.0,0.0,,0.0,1,0.09,0.01,SPY221118C00414000,414.0,normalDay
2022-11-18,17936.0,-1797.0,9.0,100,396.03,414.0,0,0.0,0.0,,0.0,1,0.09,0.0,SPY221118C00414000,414.0,expirationDay
2022-11-21,17936.0,-1941.0,0.0,100,394.59,414.0,0,0.0,0.0,,0.0,0,0.0,0.0,,0.0,bidTooLow
2022-11-22,17936.0,-1410.0,0.0,100,399.9,414.0,0,0.0,0.0,,0.0,0,0.0,0.0,,0.0,bidTooLow
2022-11-23,17936.0,-1158.0,0.0,100,402.42,414.0,0,0.0,0.0,,0.0,0,0.0,0.0,,0.0,bidTooLow
2022-11-25,17936.0,-1167.0,0.0,100,402.33,414.0,0,0.0,0.0,,0.0,0,0.0,0.0,,0.0,bidTooLow
2022-11-28,17936.0,-1809.0,0.0,100,395.91,414.0,0,0.0,0.0,,0.0,0,0.0,0.0,,0.0,bidTooLow
2022-11-29,17936.0,-1877.0,0.0,100,395.23,414.0,0,0.0,0.0,,0.0,0,0.0,0.0,,0.0,bidTooLow
2022-11-30,17936.0,-632.0,0.0,100,407.68,414.0,0,0.0,0.0,,0.0,0,0.0,0.0,,0.0,bidTooLow
2022-12-01,17936.0,-662.0,0.0,100,407.38,414.0,0,0.0,0.0,,0.0,0,0.0,0.0,,0.0,bidTooLow
2022-12-02,17936.0,-709.0,0.0,100,406.91,414.0,0,0.0,0.0,,0.0,0,0.0,0.0,,0.0,bidTooLow
2022-12-05,17936.0,-1441.0,0.0,100,399.59,414.0,0,0.0,0.0,,0.0,0,0.0,0.0,,0.0,bidTooLow
2022-12-06,17936.0,-2017.0,0.0,100,393.83,414.0,0,0.0,0.0,,0.0,0,0.0,0.0,,0.0,bidTooLow
2022-12-07,17936.0,-2087.0,0.0,100,393.16,414.0,0,0.0,0.0,,0.0,1,0.01,0.04,SPY221213C00424000,424.0,normalDay
2022-12-08,17936.0,-1779.0,0.0,100,396.24,414.0,0,0.0,0.0,,0.0,1,0.01,0.04,SPY221213C00424000,424.0,normalDay
2022-12-09,17936.0,-2073.0,0.0,100,393.28,414.0,0,0.0,0.0,,0.0,1,0.01,0.02,SPY221213C00424000,424.0,normalDay
2022-12-12,17936.0,-1509.0,0.0,100,398.95,414.0,0,0.0,0.0,,0.0,1,0.01,0.05,SPY221213C00424000,424.0,normalDay
2022-12-13,17937.0,-1203.0,1.0,100,401.97,414.0,0,0.0,0.0,,0.0,1,0.01,0.0,SPY221213C00424000,424.0,expirationDay
2022-12-14,17937.0,-1464.0,0.0,100,399.4,414.0,0,0.0,0.0,,0.0,1,0.07,0.11,SPY221220C00416000,416.0,normalDay
2022-12-15,17937.0,-2433.0,0.0,100,389.63,414.0,0,0.0,0.0,,0.0,1,0.07,0.03,SPY221220C00416000,416.0,normalDay
2022-12-16,17937.0,-3067.0,0.0,100,383.27,414.0,0,0.0,0.0,,0.0,1,0.07,0.01,SPY221220C00416000,416.0,normalDay
2022-12-19,17937.0,-3392.0,0.0,100,380.02,414.0,0,0.0,0.0,,0.0,1,0.07,0.01,SPY221220C00416000,416.0,normalDay
2022-12-20,17944.0,-3346.0,7.0,100,380.54,414.0,0,0.0,0.0,,0.0,1,0.07,0.0,SPY221220C00416000,416.0,expirationDay
2022-12-21,17944.0,-2777.0,0.0,100,386.23,414.0,0,0.0,0.0,,0.0,0,0.0,0.0,,0.0,bidTooLow
2022-12-22,17944.0,-3328.0,0.0,100,380.72,414.0,0,0.0,0.0,,0.0,0,0.0,0.0,,0.0,bidTooLow
2022-12-23,17944.0,-3109.0,0.0,100,382.91,414.0,0,0.0,0.0,,0.0,0,0.0,0.0,,0.0,bidTooLow
2022-12-27,17944.0,-3260.0,0.0,100,381.4,414.0,0,0.0,0.0,,0.0,0,0.0,0.0,,0.0,bidTooLow
2022-12-28,17944.0,-3734.0,0.0,100,376.66,414.0,0,0.0,0.0,,0.0,0,0.0,0.0,,0.0,bidTooLow
2022-12-29,17944.0,-3056.0,0.0,100,383.44,414.0,0,0.0,0.0,,0.0,0,0.0,0.0,,0.0,bidTooLow
2022-12-30,17944.0,-3157.0,0.0,100,382.43,414.0,0,0.0,0.0,,0.0,0,0.0,0.0,,0.0,bidTooLow
2023-01-03,17944.0,-3318.0,0.0,100,380.82,414.0,0,0.0,0.0,,0.0,0,0.0,0.0,,0.0,bidTooLow
2023-01-04,17944.0,-3024.0,0.0,100,383.76,414.0,0,0.0,0.0,,0.0,0,0.0,0.0,,0.0,bidTooLow
2023-01-05,17944.0,-3462.0,0.0,100,379.38,414.0,0,0.0,0.0,,0.0,0,0.0,0.0,,0.0,bidTooLow
2023-01-06,17944.0,-2592.0,0.0,100,388.08,414.0,0,0.0,0.0,,0.0,0,0.0,0.0,,0.0,bidTooLow
2023-01-09,17944.0,-2617.0,0.0,100,387.86,414.0,0,0.0,0.0,,0.0,1,0.01,0.04,SPY230113C00412500,412.5,normalDay
2023-01-10,17944.0,-2346.0,0.0,100,390.58,414.0,0,0.0,0.0,,0.0,1,0.01,0.05,SPY230113C00412500,412.5,normalDay
2023-01-11,17944.0,-1858.0,0.0,100,395.52,414.0,0,0.0,0.0,,0.0,1,0.01,0.11,SPY230113C00412500,412.5,normalDay
2023-01-12,17944.0,-1704.0,0.0,100,396.96,414.0,0,0.0,0.0,,0.0,1,0.01,0.01,SPY230113C00412500,412.5,normalDay
2023-01-13,17945.0,-1550.0,1.0,100,398.5,414.0,0,0.0,0.0,,0.0,1,0.01,0.0,SPY230113C00412500,412.5,expirationDay
2023-01-17,17945.0,-1626.0,0.0,100,397.77,414.0,0,0.0,0.0,,0.0,1,0.05,0.08,SPY230123C00411000,411.0,normalDay
2023-01-18,17945.0,-2248.0,0.0,100,391.49,414.0,0,0.0,0.0,,0.0,1,0.05,0.02,SPY230123C00411000,411.0,normalDay
2023-01-19,17945.0,-2532.0,0.0,100,388.64,414.0,0,0.0,0.0,,0.0,1,0.05,0.01,SPY230123C00411000,411.0,normalDay
2023-01-20,17945.0,-1808.0,0.0,100,395.88,414.0,0,0.0,0.0,,0.0,1,0.05,0.01,SPY230123C00411000,411.0,normalDay
2023-01-23,17950.0,-1337.0,5.0,100,400.63,414.0,0,0.0,0.0,,0.0,1,0.05,0.0,SPY230123C00411000,411.0,expirationDay
2023-01-24,17950.0,-1383.0,0.0,100,400.2,414.0,0,0.0,0.0,,0.0,1,0.04,0.07,SPY230130C00417000,417.0,normalDay
2023-01-25,17950.0,-1364.0,0.0,100,400.35,414.0,0,0.0,0.0,,0.0,1,0.04,0.03,SPY230130C00417000,417.0,normalDay
2023-01-26,17950.0,-924.0,0.0,100,404.75,414.0,0,0.0,0.0,,0.0,1,0.04,0.03,SPY230130C00417000,417.0,normalDay
2023-01-27,17950.0,-830.0,0.0,100,405.68,414.0,0,0.0,0.0,,0.0,1,0.04,0.02,SPY230130C00417000,417.0,normalDay
2023-01-30,17954.0,-1341.0,4.0,100,400.59,414.0,0,0.0,0.0,,0.0,1,0.04,0.0,SPY230130C00417000,417.0,expirationDay
2023-01-31,17954.0,-755.0,0.0,100,406.48,414.0,0,0.0,0.0,,0.0,1,0.14,0.17,SPY230206C00424000,424.0,normalDay
2023-02-01,17954.0,-329.0,0.0,100,410.8,414.0,0,0.0,0.0,,0.0,1,0.14,0.23,SPY230206C00424000,424.0,normalDay
2023-02-02,17954.0,249.0,0.0,100,416.78,414.0,0,0.0,0.0,,0.0,1,0.14,0.43,SPY230206C00424000,424.0,normalDay
2023-02-03,17954.0,-153.0,0.0,100,412.35,414.0,0,0.0,0.0,,0.0,1,0.14,0.02,SPY230206C00424000,424.0,normalDay
2023-02-06,17968.0,-417.0,14.0,100,409.83,414.0,0,0.0,0.0,,0.0,1,0.14,0.0,SPY230206C00424000,424.0,expirationDay
2023-02-07,17968.0,116.0,0.0,100,415.19,414.0,0,0.0,0.0,,0.0,1,0.01,0.04,SPY230213C00432000,432.0,normalDay
2023-02-08,17968.0,-335.0,0.0,100,410.65,414.0,0,0.0,0.0,,0.0,1,0.01,0.01,SPY230213C00432000,432.0,normalDay
2023-02-09,17968.0,-691.0,0.0,100,407.09,414.0,0,0.0,0.0,,0.0,1,0.01,0.01,SPY230213C00432000,432.0,normalDay
2023-02-10,17968.0,-596.0,0.0,100,408.04,414.0,0,0.0,0.0,,0.0,1,0.01,0.01,SPY230213C00432000,432.0,normalDay
2023-02-13,17969.0,-117.0,1.0,100,412.83,414.0,0,0.0,0.0,,0.0,1,0.01,0.0,SPY230213C00432000,432.0,expirationDay
2023-02-14,17969.0,-136.0,0.0,100,412.64,414.0,0,0.0,0.0,,0.0,0,0.0,0.0,,0.0,bidTooLow
2023-02-15,17969.0,-2.0,0.0,100,413.98,414.0,0,0.0,0.0,,0.0,0,0.0,0.0,,0.0,bidTooLow
2023-02-16,17969.0,-572.0,0.0,100,408.28,414.0,0,0.0,0.0,,0.0,0,0.0,0.0,,0.0,bidTooLow
2023-02-17,17969.0,-674.0,0.0,100,407.26,414.0,0,0.0,0.0,,0.0,0,0.0,0.0,,0.0,bidTooLow
2023-02-21,17969.0,-1491.0,0.0,100,399.09,414.0,0,0.0,0.0,,0.0,0,0.0,0.0,,0.0,bidTooLow
2023-02-22,17969.0,-1546.0,0.0,100,398.54,414.0,0,0.0,0.0,,0.0,0,0.0,0.0,,0.0,bidTooLow
2023-02-23,17969.0,-1334.0,0.0,100,400.66,414.0,0,0.0,0.0,,0.0,0,0.0,0.0,,0.0,bidTooLow
2023-02-24,17969.0,-1762.0,0.0,100,396.38,414.0,0,0.0,0.0,,0.0,0,0.0,0.0,,0.0,bidTooLow
2023-02-27,17969.0,-1627.0,0.0,100,397.73,414.0,0,0.0,0.0,,0.0,0,0.0,0.0,,0.0,bidTooLow
2023-02-28,17969.0,-1774.0,0.0,100,396.26,414.0,0,0.0,0.0,,0.0,0,0.0,0.0,,0.0,bidTooLow
2023-03-01,17969.0,-1926.0,0.0,100,394.74,414.0,0,0.0,0.0,,0.0,0,0.0,0.0,,0.0,bidTooLow
2023-03-02,17969.0,-1619.0,0.0,100,397.81,414.0,0,0.0,0.0,,0.0,0,0.0,0.0,,0.0,bidTooLow
2023-03-03,17969.0,-981.0,0.0,100,404.19,414.0,0,0.0,0.0,,0.0,0,0.0,0.0,,0.0,bidTooLow
2023-03-06,17969.0,-953.0,0.0,100,404.47,414.0,0,0.0,0.0,,0.0,0,0.0,0.0,,0.0,bidTooLow
2023-03-07,17969.0,-1573.0,0.0,100,398.27,414.0,0,0.0,0.0,,0.0,0,0.0,0.0,,0.0,bidTooLow
2023-03-08,17969.0,-1508.0,0.0,100,398.92,414.0,0,0.0,0.0,,0.0,0,0.0,0.0,,0.0,bidTooLow
2023-03-09,17969.0,-2244.0,0.0,100,391.56,414.0,0,0.0,0.0,,0.0,0,0.0,0.0,,0.0,bidTooLow
2023-03-10,17969.0,-2809.0,0.0,100,385.91,414.0,0,0.0,0.0,,0.0,0,0.0,0.0,,0.0,bidTooLow
2023-03-13,17969.0,-2864.0,0.0,100,385.36,414.0,0,0.0,0.0,,0.0,0,0.0,0.0,,0.0,bidTooLow
2023-03-14,17969.0,-2227.0,0.0,100,391.73,414.0,0,0.0,0.0,,0.0,0,0.0,0.0,,0.0,bidTooLow
2023-03-15,17969.0,-2472.0,0.0,100,389.28,414.0,0,0.0,0.0,,0.0,0,0.0,0.0,,0.0,bidTooLow
2023-03-16,17969.0,-1792.0,0.0,100,396.11,414.0,0,0.0,0.0,,0.0,1,0.01,0.04,SPY230322C00420000,420.0,normalDay
2023-03-17,17969.0,-2401.0,0.0,100,389.99,414.0,0,0.0,0.0,,0.0,1,0.01,0.01,SPY230322C00420000,420.0,normalDay
2023-03-20,17969.0,-2026.0,0.0,100,393.74,414.0,0,0.0,0.0,,0.0,1,0.01,0.01,SPY230322C00420000,420.0,normalDay
2023-03-21,17969.0,-1509.0,0.0,100,398.91,414.0,0,0.0,0.0,,0.0,1,0.01,0.01,SPY230322C00420000,420.0,normalDay
2023-03-22,17970.0,-2189.0,1.0,100,392.11,414.0,0,0.0,0.0,,0.0,1,0.01,0.0,SPY230322C00420000,420.0,expirationDay
2023-03-23,17970.0,-2083.0,0.0,100,393.17,414.0,0,0.0,0.0,,0.0,0,0.0,0.0,,0.0,bidTooLow
2023-03-24,17970.0,-1825.0,0.0,100,395.75,414.0,0,0.0,0.0,,0.0,0,0.0,0.0,,0.0,bidTooLow
2023-03-27,17970.0,-1754.0,0.0,100,396.49,414.0,0,0.0,0.0,,0.0,1,0.01,0.04,SPY230331C00414000,414.0,normalDay
2023-03-28,17970.0,-1841.0,0.0,100,395.6,414.0,0,0.0,0.0,,0.0,1,0.01,0.02,SPY230331C00414000,414.0,normalDay
2023-03-29,17970.0,-1266.0,0.0,100,401.35,414.0,0,0.0,0.0,,0.0,1,0.01,0.02,SPY230331C00414000,414.0,normalDay
2023-03-30,17970.0,-1030.0,0.0,100,403.7,414.0,0,0.0,0.0,,0.0,1,0.01,0.01,SPY230331C00414000,414.0,normalDay
2023-03-31,17971.0,-461.0,1.0,100,409.39,414.0,0,0.0,0.0,,0.0,1,0.01,0.0,SPY230331C00414000,414.0,expirationDay
2023-04-03,17971.0,-308.0,0.0,100,410.95,414.0,0,0.0,0.0,,0.0,1,0.05,0.08,SPY230406C00421000,421.0,normalDay
2023-04-04,17971.0,-530.0,0.0,100,408.67,414.0,0,0.0,0.0,,0.0,1,0.05,0.02,SPY230406C00421000,421.0,normalDay
2023-04-05,17971.0,-636.0,0.0,100,407.6,414.0,0,0.0,0.0,,0.0,1,0.05,0.01,SPY230406C00421000,421.0,normalDay
2023-04-06,17976.0,-481.0,5.0,100,409.19,414.0,0,0.0,0.0,,0.0,1,0.05,0.0,SPY230406C00421000,421.0,expirationDay
2023-04-10,17976.0,-439.0,0.0,100,409.61,414.0,0,0.0,0.0,,0.0,0,0.0,0.0,,0.0,bidTooLow
2023-04-11,17976.0,-428.0,0.0,100,409.72,414.0,0,0.0,0.0,,0.0,0,0.0,0.0,,0.0,bidTooLow
2023-04-12,17976.0,-595.0,0.0,100,408.05,414.0,0,0.0,0.0,,0.0,0,0.0,0.0,,0.0,bidTooLow
2023-04-13,17976.0,-53.0,0.0,100,413.47,414.0,0,0.0,0.0,,0.0,0,0.0,0.0,,0.0,bidTooLow
2023-04-14,17976.0,-154.0,0.0,100,412.46,414.0,0,0.0,0.0,,0.0,0,0.0,0.0,,0.0,bidTooLow
2023-04-17,17976.0,-6.0,0.0,100,413.94,414.0,0,0.0,0.0,,0.0,0,0.0,0.0,,0.0,bidTooLow
2023-04-18,17976.0,21.0,0.0,100,414.21,414.0,0,0.0,0.0,,0.0,0,0.0,0.0,,0.0,bidTooLow
2023-04-19,17976.0,14.0,0.0,100,414.14,414.0,0,0.0,0.0,,0.0,0,0.0,0.0,,0.0,bidTooLow
2023-04-20,17976.0,-212.0,0.0,100,411.88,414.0,0,0.0,0.0,,0.0,0,0.0,0.0,,0.0,bidTooLow
2023-04-21,17976.0,-180.0,0.0,100,412.2,414.0,0,0.0,0.0,,0.0,0,0.0,0.0,,0.0,bidTooLow
2023-04-24,17976.0,-137.0,0.0,100,412.63,414.0,0,0.0,0.0,,0.0,0,0.0,0.0,,0.0,bidTooLow
2023-04-25,17976.0,-792.0,0.0,100,406.08,414.0,0,0.0,0.0,,0.0,0,0.0,0.0,,0.0,bidTooLow
2023-04-26,17976.0,-964.0,0.0,100,404.36,414.0,0,0.0,0.0,,0.0,0,0.0,0.0,,0.0,bidTooLow
2023-04-27,17976.0,-162.0,0.0,100,412.41,414.0,0,0.0,0.0,,0.0,1,0.38,0.41,SPY230503C00422000,422.0,normalDay
2023-04-28,17976.0,172.0,0.0,100,415.93,414.0,0,0.0,0.0,,0.0,1,0.38,0.59,SPY230503C00422000,422.0,normalDay
2023-05-01,17976.0,165.0,0.0,100,415.51,414.0,0,0.0,0.0,,0.0,1,0.38,0.24,SPY230503C00422000,422.0,normalDay
2023-05-02,17976.0,-280.0,0.0,100,410.84,414.0,0,0.0,0.0,,0.0,1,0.38,0.02,SPY230503C00422000,422.0,normalDay
2023-05-03,18014.0,-598.0,38.0,100,408.02,414.0,0,0.0,0.0,,0.0,1,0.38,0.0,SPY230503C00422000,422.0,expirationDay
2023-05-04,18014.0,-890.0,0.0,100,405.13,414.0,0,0.0,0.0,,0.0,1,0.02,0.05,SPY230510C00423000,423.0,normalDay
2023-05-05,18014.0,-142.0,0.0,100,412.63,414.0,0,0.0,0.0,,0.0,1,0.02,0.07,SPY230510C00423000,423.0,normalDay
2023-05-08,18014.0,-127.0,0.0,100,412.74,414.0,0,0.0,0.0,,0.0,1,0.02,0.03,SPY230510C00423000,423.0,normalDay
2023-05-09,18014.0,-306.0,0.0,100,410.93,414.0,0,0.0,0.0,,0.0,1,0.02,0.01,SPY230510C00423000,423.0,normalDay
2023-05-10,18016.0,-115.0,2.0,100,412.85,414.0,0,0.0,0.0,,0.0,1,0.02,0.0,SPY230510C00423000,423.0,expirationDay
2023-05-11,18016.0,-190.0,0.0,100,412.13,414.0,0,0.0,0.0,,0.0,1,0.01,0.04,SPY230517C00424000,424.0,normalDay
2023-05-12,18016.0,-242.0,0.0,100,411.59,414.0,0,0.0,0.0,,0.0,1,0.01,0.02,SPY230517C00424000,424.0,normalDay
2023-05-15,18016.0,-99.0,0.0,100,413.01,414.0,0,0.0,0.0,,0.0,1,0.01,0.01,SPY230517C00424000,424.0,normalDay
2023-05-16,18016.0,-375.0,0.0,100,410.25,414.0,0,0.0,0.0,,0.0,1,0.01,0.01,SPY230517C00424000,424.0,normalDay
2023-05-17,18017.0,123.0,1.0,100,415.23,414.0,0,0.0,0.0,,0.0,1,0.01,0.0,SPY230517C00424000,424.0,expirationDay
2023-05-18,18017.0,520.0,0.0,100,419.23,414.0,0,0.0,0.0,,0.0,1,0.47,0.5,SPY230524C00425000,425.0,normalDay
2023-05-19,18017.0,479.0,0.0,100,418.62,414.0,0,0.0,0.0,,0.0,1,0.47,0.3,SPY230524C00425000,425.0,normalDay
2023-05-22,18017.0,513.0,0.0,100,418.79,414.0,0,0.0,0.0,,0.0,1,0.47,0.13,SPY230524C00425000,425.0,normalDay
2023-05-23,18017.0,55.0,0.0,100,414.09,414.0,0,0.0,0.0,,0.0,1,0.47,0.01,SPY230524C00425000,425.0,normalDay
2023-05-24,18064.0,-291.0,47.0,100,411.09,414.0,0,0.0,0.0,,0.0,1,0.47,0.0,SPY230524C00425000,425.0,expirationDay
2023-05-25,18064.0,62.0,0.0,100,414.65,414.0,0,0.0,0.0,,0.0,1,0.1,0.13,SPY230531C00426000,426.0,normalDay
2023-05-26,18064.0,570.0,0.0,100,420.02,414.0,0,0.0,0.0,,0.0,1,0.1,0.42,SPY230531C00426000,426.0,normalDay
2023-05-30,18064.0,619.0,0.0,100,420.18,414.0,0,0.0,0.0,,0.0,1,0.1,0.09,SPY230531C00426000,426.0,normalDay
2023-05-31,18074.0,385.0,10.0,100,417.85,414.0,0,0.0,0.0,,0.0,1,0.1,0.0,SPY230531C00426000,426.0,expirationDay
2023-06-01,18074.0,779.0,0.0,100,421.82,414.0,0,0.0,0.0,,0.0,1,0.17,0.2,SPY230607C00430000,430.0,normalDay
2023-06-02,18074.0,1301.0,0.0,100,427.92,414.0,0,0.0,0.0,,0.0,1,0.17,1.08,SPY230607C00430000,430.0,normalDay
2023-06-05,18074.0,1278.0,0.0,100,427.1,414.0,0,0.0,0.0,,0.0,1,0.17,0.49,SPY230607C00430000,430.0,normalDay
2023-06-06,18074.0,1381.0,0.0,100,428.03,414.0,0,0.0,0.0,,0.0,1,0.17,0.39,SPY230607C00430000,430.0,normalDay
2023-06-07,18091.0,1255.0,17.0,100,426.55,414.0,0,0.0,0.0,,0.0,1,0.17,0.0,SPY230607C00430000,430.0,expirationDay
2023-06-08,18091.0,1510.0,0.0,100,429.13,414.0,0,0.0,0.0,,0.0,1,0.04,0.07,SPY230614C00442000,442.0,normalDay
2023-06-09,18091.0,1588.0,0.0,100,429.9,414.0,0,0.0,0.0,,0.0,1,0.04,0.06,SPY230614C00442000,442.0,normalDay
2023-06-12,18091.0,1960.0,0.0,100,433.8,414.0,0,0.0,0.0,,0.0,1,0.04,0.24,SPY230614C00442000,442.0,normalDay
2023-06-13,18091.0,2244.0,0.0,100,436.66,414.0,0,0.0,0.0,,0.0,1,0.04,0.26,SPY230614C00442000,442.0,normalDay
2023-06-14,18095.0,2318.0,4.0,100,437.18,414.0,0,0.0,0.0,,0.0,1,0.04,0.0,SPY230614C00442000,442.0,expirationDay
2023-06-15,18095.0,2857.0,0.0,100,442.6,414.0,0,0.0,0.0,,0.0,1,0.02,0.05,SPY230621C00456000,456.0,normalDay
2023-06-16,18095.0,2547.0,0.0,100,439.46,414.0,0,0.0,0.0,,0.0,1,0.02,0.01,SPY230621C00456000,456.0,normalDay
2023-06-20,18095.0,2319.0,0.0,100,437.18,414.0,0,0.0,0.0,,0.0,1,0.02,0.01,SPY230621C00456000,456.0,normalDay
2023-06-21,18097.0,2094.0,2.0,100,434.94,414.0,0,0.0,0.0,,0.0,1,0.02,0.0,SPY230621C00456000,456.0,expirationDay
2023-06-22,18097.0,2251.0,0.0,100,436.51,414.0,0,0.0,0.0,,0.0,0,0.0,0.0,,0.0,bidTooLow
2023-06-23,18097.0,1921.0,0.0,100,433.21,414.0,0,0.0,0.0,,0.0,0,0.0,0.0,,0.0,bidTooLow
2023-06-26,18097.0,1744.0,0.0,100,431.44,414.0,0,0.0,0.0,,0.0,0,0.0,0.0,,0.0,bidTooLow
2023-06-27,18097.0,2217.0,0.0,100,436.17,414.0,0,0.0,0.0,,0.0,0,0.0,0.0,,0.0,bidTooLow
2023-06-28,18097.0,2239.0,0.0,100,436.39,414.0,0,0.0,0.0,,0.0,0,0.0,0.0,,0.0,bidTooLow
2023-06-29,18097.0,2411.0,0.0,100,438.11,414.0,0,0.0,0.0,,0.0,0,0.0,0.0,,0.0,bidTooLow
2023-06-30,18097.0,2925.0,0.0,100,443.28,414.0,0,0.0,0.0,,0.0,1,0.02,0.05,SPY230706C00453000,453.0,normalDay
2023-07-03,18097.0,2978.0,0.0,100,443.79,414.0,0,0.0,0.0,,0.0,1,0.02,0.03,SPY230706C00453000,453.0,normalDay
2023-07-05,18097.0,2914.0,0.0,100,443.13,414.0,0,0.0,0.0,,0.0,1,0.02,0.01,SPY230706C00453000,453.0,normalDay
2023-07-06,18099.0,2566.0,2.0,100,439.66,414.0,0,0.0,0.0,,0.0,1,0.02,0.0,SPY230706C00453000,453.0,expirationDay
2023-07-07,18099.0,2455.0,0.0,100,438.55,414.0,0,0.0,0.0,,0.0,0,0.0,0.0,,0.0,bidTooLow
2023-07-10,18099.0,2563.0,0.0,100,439.66,414.0,0,0.0,0.0,,0.0,1,0.03,0.06,SPY230714C00452000,452.0,normalDay
2023-07-11,18099.0,2835.0,0.0,100,442.46,414.0,0,0.0,0.0,,0.0,1,0.03,0.14,SPY230714C00452000,452.0,normalDay
2023-07-12,18099.0,3192.0,0.0,100,446.02,414.0,0,0.0,0.0,,0.0,1,0.03,0.13,SPY230714C00452000,452.0,normalDay
2023-07-13,18099.0,3531.0,0.0,100,449.56,414.0,0,0.0,0.0,,0.0,1,0.03,0.28,SPY230714C00452000,452.0,normalDay
2023-07-14,18102.0,3528.0,3.0,100,449.28,414.0,0,0.0,0.0,,0.0,1,0.03,0.0,SPY230714C00452000,452.0,expirationDay
2023-07-17,18102.0,3681.0,0.0,100,450.84,414.0,0,0.0,0.0,,0.0,1,0.03,0.06,SPY230721C00461000,461.0,normalDay
2023-07-18,18102.0,4006.0,0.0,100,454.19,414.0,0,0.0,0.0,,0.0,1,0.03,0.16,SPY230721C00461000,461.0,normalDay
2023-07-19,18102.0,4106.0,0.0,100,455.2,414.0,0,0.0,0.0,,0.0,1,0.03,0.17,SPY230721C00461000,461.0,normalDay
2023-07-20,18102.0,3818.0,0.0,100,452.18,414.0,0,0.0,0.0,,0.0,1,0.03,0.03,SPY230721C00461000,461.0,normalDay
2023-07-21,18105.0,3818.0,3.0,100,452.18,414.0,0,0.0,0.0,,0.0,1,0.03,0.0,SPY230721C00461000,461.0,expirationDay
2023-07-24,18105.0,4020.0,0.0,100,454.2,414.0,0,0.0,0.0,,0.0,0,0.0,0.0,,0.0,bidTooLow
2023-07-25,18105.0,4141.0,0.0,100,455.44,414.0,0,0.0,0.0,,0.0,1,0.01,0.04,SPY230731C00471000,471.0,normalDay
2023-07-26,18105.0,4150.0,0.0,100,455.51,414.0,0,0.0,0.0,,0.0,1,0.01,0.02,SPY230731C00471000,471.0,normalDay
2023-07-27,18105.0,3848.0,0.0,100,452.49,414.0,0,0.0,0.0,,0.0,1,0.01,0.02,SPY230731C00471000,471.0,normalDay
2023-07-28,18105.0,4292.0,0.0,100,456.92,414.0,0,0.0,0.0,,0.0,1,0.01,0.01,SPY230731C00471000,471.0,normalDay
2023-07-31,18106.0,4379.0,1.0,100,457.79,414.0,0,0.0,0.0,,0.0,1,0.01,0.0,SPY230731C00471000,471.0,expirationDay
2023-08-01,18106.0,4248.0,0.0,100,456.48,414.0,0,0.0,0.0,,0.0,0,0.0,0.0,,0.0,bidTooLow
2023-08-02,18106.0,3613.0,0.0,100,450.13,414.0,0,0.0,0.0,,0.0,0,0.0,0.0,,0.0,bidTooLow
2023-08-03,18106.0,3484.0,0.0,100,448.84,414.0,0,0.0,0.0,,0.0,0,0.0,0.0,,0.0,bidTooLow
2023-08-04,18106.0,3281.0,0.0,100,446.81,414.0,0,0.0,0.0,,0.0,0,0.0,0.0,,0.0,bidTooLow
2023-08-07,18106.0,3671.0,0.0,100,450.71,414.0,0,0.0,0.0,,0.0,0,0.0,0.0,,0.0,bidTooLow
2023-08-08,18106.0,3475.0,0.0,100,448.75,414.0,0,0.0,0.0,,0.0,0,0.0,0.0,,0.0,bidTooLow
2023-08-09,18106.0,3175.0,0.0,100,445.75,414.0,0,0.0,0.0,,0.0,0,0.0,0.0,,0.0,bidTooLow
2023-08-10,18106.0,3191.0,0.0,100,445.91,414.0,0,0.0,0.0,,0.0,0,0.0,0.0,,0.0,bidTooLow
2023-08-11,18106.0,3165.0,0.0,100,445.65,414.0,0,0.0,0.0,,0.0,0,0.0,0.0,,0.0,bidTooLow
2023-08-14,18106.0,3411.0,0.0,100,448.11,414.0,0,0.0,0.0,,0.0,0,0.0,0.0,,0.0,bidTooLow
2023-08-15,18106.0,2889.0,0.0,100,442.89,414.0,0,0.0,0.0,,0.0,0,0.0,0.0,,0.0,bidTooLow
2023-08-16,18106.0,2564.0,0.0,100,439.64,414.0,0,0.0,0.0,,0.0,0,0.0,0.0,,0.0,bidTooLow
2023-08-17,18106.0,2229.0,0.0,100,436.29,414.0,0,0.0,0.0,,0.0,0,0.0,0.0,,0.0,bidTooLow
2023-08-18,18106.0,2250.0,0.0,100,436.5,414.0,0,0.0,0.0,,0.0,0,0.0,0.0,,0.0,bidTooLow
2023-08-21,18106.0,2534.0,0.0,100,439.34,414.0,0,0.0,0.0,,0.0,0,0.0,0.0,,0.0,bidTooLow
2023-08-22,18106.0,2415.0,0.0,100,438.15,414.0,0,0.0,0.0,,0.0,0,0.0,0.0,,0.0,bidTooLow
2023-08-23,18106.0,2903.0,0.0,100,443.03,414.0,0,0.0,0.0,,0.0,0,0.0,0.0,,0.0,bidTooLow
2023-08-24,18106.0,2289.0,0.0,100,436.89,414.0,0,0.0,0.0,,0.0,0,0.0,0.0,,0.0,bidTooLow
2023-08-25,18106.0,2597.0,0.0,100,439.97,414.0,0,0.0,0.0,,0.0,0,0.0,0.0,,0.0,bidTooLow
2023-08-28,18106.0,2876.0,0.0,100,442.76,414.0,0,0.0,0.0,,0.0,0,0.0,0.0,,0.0,bidTooLow
2023-08-29,18106.0,3513.0,0.0,100,449.16,414.0,0,0.0,0.0,,0.0,1,0.02,0.05,SPY230901C00462000,462.0,normalDay
2023-08-30,18106.0,3700.0,0.0,100,451.01,414.0,0,0.0,0.0,,0.0,1,0.02,0.03,SPY230901C00462000,462.0,normalDay
2023-08-31,18106.0,3635.0,0.0,100,450.35,414.0,0,0.0,0.0,,0.0,1,0.02,0.02,SPY230901C00462000,462.0,normalDay
2023-09-01,18108.0,3719.0,2.0,100,451.19,414.0,0,0.0,0.0,,0.0,1,0.02,0.0,SPY230901C00462000,462.0,expirationDay
2023-09-05,18108.0,3524.0,0.0,100,449.24,414.0,0,0.0,0.0,,0.0,0,0.0,0.0,,0.0,bidTooLow
2023-09-06,18108.0,3222.0,0.0,100,446.22,414.0,0,0.0,0.0,,0.0,0,0.0,0.0,,0.0,bidTooLow
2023-09-07,18108.0,3085.0,0.0,100,444.85,414.0,0,0.0,0.0,,0.0,0,0.0,0.0,,0.0,bidTooLow
2023-09-08,18108.0,3152.0,0.0,100,445.52,414.0,0,0.0,0.0,,0.0,0,0.0,0.0,,0.0,bidTooLow
2023-09-11,18108.0,3445.0,0.0,100,448.45,414.0,0,0.0,0.0,,0.0,0,0.0,0.0,,0.0,bidTooLow
2023-09-12,18108.0,3199.0,0.0,100,445.99,414.0,0,0.0,0.0,,0.0,0,0.0,0.0,,0.0,bidTooLow
2023-09-13,18108.0,3251.0,0.0,100,446.51,414.0,0,0.0,0.0,,0.0,0,0.0,0.0,,0.0,bidTooLow
2023-09-14,18108.0,3636.0,0.0,100,450.36,414.0,0,0.0,0.0,,0.0,0,0.0,0.0,,0.0,bidTooLow
2023-09-15,18108.0,2937.0,0.0,100,443.37,414.0,0,0.0,0.0,,0.0,0,0.0,0.0,,0.0,bidTooLow
2023-09-18,18108.0,2963.0,0.0,100,443.63,414.0,0,0.0,0.0,,0.0,0,0.0,0.0,,0.0,bidTooLow
2023-09-19,18108.0,2871.0,0.0,100,442.71,414.0,0,0.0,0.0,,0.0,0,0.0,0.0,,0.0,bidTooLow
2023-09-20,18108.0,2464.0,0.0,100,438.64,414.0,0,0.0,0.0,,0.0,0,0.0,0.0,,0.0,bidTooLow
2023-09-21,18108.0,1739.0,0.0,100,431.39,414.0,0,0.0,0.0,,0.0,0,0.0,0.0,,0.0,bidTooLow
2023-09-22,18108.0,1642.0,0.0,100,430.42,414.0,0,0.0,0.0,,0.0,0,0.0,0.0,,0.0,bidTooLow
2023-09-25,18108.0,1823.0,0.0,100,432.23,414.0,0,0.0,0.0,,0.0,0,0.0,0.0,,0.0,bidTooLow
2023-09-26,18108.0,1188.0,0.0,100,425.88,414.0,0,0.0,0.0,,0.0,0,0.0,0.0,,0.0,bidTooLow
2023-09-27,18108.0,1205.0,0.0,100,426.05,414.0,0,0.0,0.0,,0.0,0,0.0,0.0,,0.0,bidTooLow
2023-09-28,18108.0,1452.0,0.0,100,428.52,414.0,0,0.0,0.0,,0.0,0,0.0,0.0,,0.0,bidTooLow
2023-09-29,18108.0,1348.0,0.0,100,427.48,414.0,0,0.0,0.0,,0.0,0,0.0,0.0,,0.0,bidTooLow
2023-10-02,18108.0,1331.0,0.0,100,427.31,414.0,0,0.0,0.0,,0.0,0,0.0,0.0,,0.0,bidTooLow
2023-10-03,18108.0,759.0,0.0,100,421.59,414.0,0,0.0,0.0,,0.0,0,0.0,0.0,,0.0,bidTooLow
2023-10-04,18108.0,1066.0,0.0,100,424.66,414.0,0,0.0,0.0,,0.0,0,0.0,0.0,,0.0,bidTooLow
2023-10-05,18108.0,1050.0,0.0,100,424.5,414.0,0,0.0,0.0,,0.0,0,0.0,0.0,,0.0,bidTooLow
2023-10-06,18108.0,1554.0,0.0,100,429.54,414.0,0,0.0,0.0,,0.0,0,0.0,0.0,,0.0,bidTooLow
2023-10-09,18108.0,1829.0,0.0,100,432.29,414.0,0,0.0,0.0,,0.0,0,0.0,0.0,,0.0,bidTooLow
2023-10-10,18108.0,2054.0,0.0,100,434.54,414.0,0,0.0,0.0,,0.0,0,0.0,0.0,,0.0,bidTooLow
2023-10-11,18108.0,2232.0,0.0,100,436.32,414.0,0,0.0,0.0,,0.0,0,0.0,0.0,,0.0,bidTooLow
2023-10-12,18108.0,1966.0,0.0,100,433.66,414.0,0,0.0,0.0,,0.0,0,0.0,0.0,,0.0,bidTooLow
2023-10-13,18108.0,1750.0,0.0,100,431.5,414.0,0,0.0,0.0,,0.0,0,0.0,0.0,,0.0,bidTooLow
2023-10-16,18108.0,2201.0,0.0,100,436.04,414.0,0,0.0,0.0,,0.0,1,0.02,0.05,SPY231020C00450000,450.0,normalDay
2023-10-17,18108.0,2201.0,0.0,100,436.02,414.0,0,0.0,0.0,,0.0,1,0.02,0.03,SPY231020C00450000,450.0,normalDay
2023-10-18,18108.0,1621.0,0.0,100,430.21,414.0,0,0.0,0.0,,0.0,1,0.02,0.02,SPY231020C00450000,450.0,normalDay
2023-10-19,18108.0,1244.0,0.0,100,426.43,414.0,0,0.0,0.0,,0.0,1,0.02,0.01,SPY231020C00450000,450.0,normalDay
2023-10-20,18110.0,719.0,2.0,100,421.19,414.0,0,0.0,0.0,,0.0,1,0.02,0.0,SPY231020C00450000,450.0,expirationDay
2023-10-23,18110.0,646.0,0.0,100,420.46,414.0,0,0.0,0.0,,0.0,0,0.0,0.0,,0.0,bidTooLow
2023-10-24,18110.0,963.0,0.0,100,423.63,414.0,0,0.0,0.0,,0.0,0,0.0,0.0,,0.0,bidTooLow
2023-10-25,18110.0,355.0,0.0,100,417.55,414.0,0,0.0,0.0,,0.0,0,0.0,0.0,,0.0,bidTooLow
2023-10-26,18110.0,-145.0,0.0,100,412.55,414.0,0,0.0,0.0,,0.0,0,0.0,0.0,,0.0,bidTooLow
2023-10-27,18110.0,-332.0,0.0,100,410.68,414.0,0,0.0,0.0,,0.0,0,0.0,0.0,,0.0,bidTooLow
2023-10-30,18110.0,159.0,0.0,100,415.59,414.0,0,0.0,0.0,,0.0,0,0.0,0.0,,0.0,bidTooLow
2023-10-31,18110.0,420.0,0.0,100,418.2,414.0,0,0.0,0.0,,0.0,0,0.0,0.0,,0.0,bidTooLow
2023-11-01,18110.0,866.0,0.0,100,422.66,414.0,0,0.0,0.0,,0.0,0,0.0,0.0,,0.0,bidTooLow
2023-11-02,18110.0,1676.0,0.0,100,430.76,414.0,0,0.0,0.0,,0.0,0,0.0,0.0,,0.0,bidTooLow
2023-11-03,18110.0,2069.0,0.0,100,434.69,414.0,0,0.0,0.0,,0.0,0,0.0,0.0,,0.0,bidTooLow
2023-11-06,18110.0,2169.0,0.0,100,435.69,414.0,0,0.0,0.0,,0.0,0,0.0,0.0,,0.0,bidTooLow
2023-11-07,18110.0,2293.0,0.0,100,436.93,414.0,0,0.0,0.0,,0.0,0,0.0,0.0,,0.0,bidTooLow
2023-11-08,18110.0,2325.0,0.0,100,437.25,414.0,0,0.0,0.0,,0.0,0,0.0,0.0,,0.0,bidTooLow
2023-11-09,18110.0,1984.0,0.0,100,433.84,414.0,0,0.0,0.0,,0.0,0,0.0,0.0,,0.0,bidTooLow
2023-11-10,18110.0,2661.0,0.0,100,440.61,414.0,0,0.0,0.0,,0.0,0,0.0,0.0,,0.0,bidTooLow
2023-11-13,18110.0,2619.0,0.0,100,440.19,414.0,0,0.0,0.0,,0.0,0,0.0,0.0,,0.0,bidTooLow
2023-11-14,18110.0,3470.0,0.0,100,448.73,414.0,0,0.0,0.0,,0.0,1,0.01,0.04,SPY231120C00467000,467.0,normalDay
2023-11-15,18110.0,3567.0,0.0,100,449.68,414.0,0,0.0,0.0,,0.0,1,0.01,0.02,SPY231120C00467000,467.0,normalDay
2023-11-16,18110.0,3623.0,0.0,100,450.23,414.0,0,0.0,0.0,,0.0,1,0.01,0.01,SPY231120C00467000,467.0,normalDay
2023-11-17,18110.0,3679.0,0.0,100,450.79,414.0,0,0.0,0.0,,0.0,1,0.01,0.01,SPY231120C00467000,467.0,normalDay
2023-11-20,18111.0,4026.0,1.0,100,454.26,414.0,0,0.0,0.0,,0.0,1,0.01,0.0,SPY231120C00467000,467.0,expirationDay
2023-11-21,18111.0,3927.0,0.0,100,453.27,414.0,0,0.0,0.0,,0.0,0,0.0,0.0,,0.0,bidTooLow
2023-11-22,18111.0,4102.0,0.0,100,455.02,414.0,0,0.0,0.0,,0.0,0,0.0,0.0,,0.0,bidTooLow
2023-11-24,18111.0,4130.0,0.0,100,455.3,414.0,0,0.0,0.0,,0.0,0,0.0,0.0,,0.0,bidTooLow
2023-11-27,18111.0,4048.0,0.0,100,454.48,414.0,0,0.0,0.0,,0.0,0,0.0,0.0,,0.0,bidTooLow
2023-11-28,18111.0,4093.0,0.0,100,454.93,414.0,0,0.0,0.0,,0.0,0,0.0,0.0,,0.0,bidTooLow
2023-11-29,18111.0,4061.0,0.0,100,454.61,414.0,0,0.0,0.0,,0.0,0,0.0,0.0,,0.0,bidTooLow
2023-11-30,18111.0,4240.0,0.0,100,456.4,414.0,0,0.0,0.0,,0.0,0,0.0,0.0,,0.0,bidTooLow
