date,totalCapital,unrializedPnL,rializedPnL,stocksOwned,stocksPriceToday,stocksPriceBoughtAt,putOwned,putOwnedSoldAt,putPriceToday,putOwnedContract,putOwnedStrike,callOwned,callOwnedSoldAt,callPriceToday,callOwnedContract,callOwnedStrike,trackType
2018-11-01,0.0,-4.0,0.0,0,273.51,0.0,1,0.27,0.31,SPY181112P00253000,253.0,0,0.0,0.0,,0.0,normalDay
2018-11-02,0.0,2.0,0.0,0,271.89,0.0,1,0.27,0.25,SPY181112P00253000,253.0,0,0.0,0.0,,0.0,normalDay
2018-11-05,0.0,12.0,0.0,0,273.39,0.0,1,0.27,0.15,SPY181112P00253000,253.0,0,0.0,0.0,,0.0,normalDay
2018-11-06,0.0,14.0,0.0,0,275.12,0.0,1,0.27,0.13,SPY181112P00253000,253.0,0,0.0,0.0,,0.0,normalDay
2018-11-07,0.0,24.0,0.0,0,281.01,0.0,1,0.27,0.03,SPY181112P00253000,253.0,0,0.0,0.0,,0.0,normalDay
2018-11-08,0.0,25.0,0.0,0,280.5,0.0,1,0.27,0.02,SPY181112P00253000,253.0,0,0.0,0.0,,0.0,normalDay
2018-11-09,0.0,26.0,0.0,0,277.76,0.0,1,0.27,0.01,SPY181112P00253000,253.0,0,0.0,0.0,,0.0,normalDay
2018-11-12,27.0,0.0,27.0,0,272.57,0.0,1,0.27,0.0,SPY181112P00253000,253.0,0,0.0,0.0,,0.0,expirationDay
2018-11-13,27.0,-3.0,0.0,0,272.06,0.0,1,0.43,0.46,SPY181123P00257500,257.5,0,0.0,0.0,,0.0,normalDay
2018-11-14,27.0,-17.0,0.0,0,270.2,0.0,1,0.43,0.6,SPY181123P00257500,257.5,0,0.0,0.0,,0.0,normalDay
2018-11-15,27.0,17.0,0.0,0,273.02,0.0,1,0.43,0.26,SPY181123P00257500,257.5,0,0.0,0.0,,0.0,normalDay
2018-11-16,27.0,34.0,0.0,0,273.73,0.0,1,0.43,0.09,SPY181123P00257500,257.5,0,0.0,0.0,,0.0,normalDay
2018-11-19,27.0,28.0,0.0,0,269.1,0.0,1,0.43,0.15,SPY181123P00257500,257.5,0,0.0,0.0,,0.0,normalDay
2018-11-20,27.0,0.0,0.0,0,264.12,0.0,1,0.43,0.43,SPY181123P00257500,257.5,0,0.0,0.0,,0.0,normalDay
2018-11-21,27.0,37.0,0.0,0,265.02,0.0,1,0.43,0.06,SPY181123P00257500,257.5,0,0.0,0.0,,0.0,normalDay
2018-11-23,70.0,0.0,43.0,0,263.25,0.0,1,0.43,0.0,SPY181123P00257500,257.5,0,0.0,0.0,,0.0,expirationDay
2018-11-26,70.0,-4.0,0.0,0,267.5,0.0,1,0.48,0.52,SPY181207P00255000,255.0,0,0.0,0.0,,0.0,normalDay
2018-11-27,70.0,-3.0,0.0,0,268.4,0.0,1,0.48,0.51,SPY181207P00255000,255.0,0,0.0,0.0,,0.0,normalDay
2018-11-28,70.0,27.0,0.0,0,274.58,0.0,1,0.48,0.21,SPY181207P00255000,255.0,0,0.0,0.0,,0.0,normalDay
2018-11-29,70.0,26.0,0.0,0,273.98,0.0,1,0.48,0.22,SPY181207P00255000,255.0,0,0.0,0.0,,0.0,normalDay
2018-11-30,70.0,37.0,0.0,0,275.65,0.0,1,0.48,0.11,SPY181207P00255000,255.0,0,0.0,0.0,,0.0,normalDay
2018-12-03,70.0,45.0,0.0,0,279.3,0.0,1,0.48,0.03,SPY181207P00255000,255.0,0,0.0,0.0,,0.0,normalDay
2018-12-04,70.0,33.0,0.0,0,270.25,0.0,1,0.48,0.15,SPY181207P00255000,255.0,0,0.0,0.0,,0.0,normalDay
2018-12-06,70.0,46.0,0.0,0,269.84,0.0,1,0.48,0.02,SPY181207P00255000,255.0,0,0.0,0.0,,0.0,normalDay
2018-12-07,118.0,0.0,48.0,0,263.57,0.0,1,0.48,0.0,SPY181207P00255000,255.0,0,0.0,0.0,,0.0,expirationDay
2018-12-10,118.0,-6.0,0.0,0,264.07,0.0,1,1.81,1.87,SPY181221P00256000,256.0,0,0.0,0.0,,0.0,normalDay
2018-12-11,118.0,19.0,0.0,0,264.13,0.0,1,1.81,1.62,SPY181221P00256000,256.0,0,0.0,0.0,,0.0,normalDay
2018-12-12,118.0,56.0,0.0,0,265.46,0.0,1,1.81,1.25,SPY181221P00256000,256.0,0,0.0,0.0,,0.0,normalDay
2018-12-13,118.0,91.0,0.0,0,265.37,0.0,1,1.81,0.9,SPY181221P00256000,256.0,0,0.0,0.0,,0.0,normalDay
2018-12-14,118.0,-8.0,0.0,0,260.47,0.0,1,1.81,1.89,SPY181221P00256000,256.0,0,0.0,0.0,,0.0,normalDay
2018-12-17,118.0,-235.0,0.0,0,255.36,0.0,1,1.81,4.16,SPY181221P00256000,256.0,0,0.0,0.0,,0.0,normalDay
2018-12-18,118.0,-296.0,0.0,0,255.08,0.0,1,1.81,4.77,SPY181221P00256000,256.0,0,0.0,0.0,,0.0,normalDay
2018-12-19,118.0,-467.0,0.0,0,251.26,0.0,1,1.81,6.48,SPY181221P00256000,256.0,0,0.0,0.0,,0.0,normalDay
2018-12-20,118.0,-775.0,0.0,0,247.17,0.0,1,1.81,9.56,SPY181221P00256000,256.0,0,0.0,0.0,,0.0,normalDay
2018-12-21,299.0,-1530.0,181.0,100,240.7,256.0,1,1.81,0.0,SPY181221P00256000,256.0,0,0.0,0.0,,0.0,expirationDay
2018-12-24,299.0,-2166.0,0.0,100,234.34,256.0,0,0.0,0.0,,0.0,0,0.0,0.0,,0.0,bidTooLow
2018-12-26,299.0,-982.0,0.0,100,246.18,256.0,0,0.0,0.0,,0.0,0,0.0,0.0,,0.0,bidTooLow
2018-12-27,299.0,-798.0,0.0,100,248.07,256.0,0,0.0,0.0,,0.0,1,0.02,0.07,SPY190315C00310000,310.0,normalDay
2018-12-28,299.0,-829.0,0.0,100,247.75,256.0,0,0.0,0.0,,0.0,1,0.02,0.06,SPY190315C00310000,310.0,normalDay
2018-12-31,299.0,-611.0,0.0,100,249.92,256.0,0,0.0,0.0,,0.0,1,0.02,0.05,SPY190315C00310000,310.0,normalDay
2019-01-02,299.0,-584.0,0.0,100,250.18,256.0,0,0.0,0.0,,0.0,1,0.02,0.04,SPY190315C00310000,310.0,normalDay
2019-01-03,299.0,-1179.0,0.0,100,244.21,256.0,0,0.0,0.0,,0.0,1,0.02,0.02,SPY190315C00310000,310.0,normalDay
2019-01-04,299.0,-361.0,0.0,100,252.39,256.0,0,0.0,0.0,,0.0,1,0.02,0.02,SPY190315C00310000,310.0,normalDay
2019-01-07,299.0,-162.0,0.0,100,254.38,256.0,0,0.0,0.0,,0.0,1,0.02,0.02,SPY190315C00310000,310.0,normalDay
2019-01-08,299.0,77.0,0.0,100,256.77,256.0,0,0.0,0.0,,0.0,1,0.02,0.02,SPY190315C00310000,310.0,normalDay
2019-01-09,299.0,197.0,0.0,100,257.97,256.0,0,0.0,0.0,,0.0,1,0.02,0.02,SPY190315C00310000,310.0,normalDay
2019-01-10,299.0,288.0,0.0,100,258.88,256.0,0,0.0,0.0,,0.0,1,0.02,0.02,SPY190315C00310000,310.0,normalDay
2019-01-11,299.0,298.0,0.0,100,258.98,256.0,0,0.0,0.0,,0.0,1,0.02,0.02,SPY190315C00310000,310.0,normalDay
2019-01-14,299.0,140.0,0.0,100,257.4,256.0,0,0.0,0.0,,0.0,1,0.02,0.02,SPY190315C00310000,310.0,normalDay
2019-01-15,299.0,434.0,0.0,100,260.35,256.0,0,0.0,0.0,,0.0,1,0.02,0.03,SPY190315C00310000,310.0,normalDay
2019-01-16,299.0,496.0,0.0,100,260.98,256.0,0,0.0,0.0,,0.0,1,0.02,0.04,SPY190315C00310000,310.0,normalDay
2019-01-17,299.0,695.0,0.0,100,262.96,256.0,0,0.0,0.0,,0.0,1,0.02,0.03,SPY190315C00310000,310.0,normalDay
2019-01-18,299.0,1044.0,0.0,100,266.46,256.0,0,0.0,0.0,,0.0,1,0.02,0.04,SPY190315C00310000,310.0,normalDay
2019-01-22,299.0,685.0,0.0,100,262.86,256.0,0,0.0,0.0,,0.0,1,0.02,0.03,SPY190315C00310000,310.0,normalDay
2019-01-23,299.0,740.0,0.0,100,263.41,256.0,0,0.0,0.0,,0.0,1,0.02,0.03,SPY190315C00310000,310.0,normalDay
2019-01-24,299.0,754.0,0.0,100,263.55,256.0,0,0.0,0.0,,0.0,1,0.02,0.03,SPY190315C00310000,310.0,normalDay
2019-01-25,299.0,977.0,0.0,100,265.78,256.0,0,0.0,0.0,,0.0,1,0.02,0.03,SPY190315C00310000,310.0,normalDay
2019-01-28,299.0,776.0,0.0,100,263.76,256.0,0,0.0,0.0,,0.0,1,0.02,0.02,SPY190315C00310000,310.0,normalDay
2019-01-29,299.0,741.0,0.0,100,263.41,256.0,0,0.0,0.0,,0.0,1,0.02,0.02,SPY190315C00310000,310.0,normalDay
2019-01-30,299.0,1158.0,0.0,100,267.58,256.0,0,0.0,0.0,,0.0,1,0.02,0.02,SPY190315C00310000,310.0,normalDay
2019-01-31,299.0,1393.0,0.0,100,269.93,256.0,0,0.0,0.0,,0.0,1,0.02,0.02,SPY190315C00310000,310.0,normalDay
2019-02-01,299.0,1406.0,0.0,100,270.06,256.0,0,0.0,0.0,,0.0,1,0.02,0.02,SPY190315C00310000,310.0,normalDay
2019-02-04,299.0,1596.0,0.0,100,271.96,256.0,0,0.0,0.0,,0.0,1,0.02,0.02,SPY190315C00310000,310.0,normalDay
2019-02-05,299.0,1710.0,0.0,100,273.1,256.0,0,0.0,0.0,,0.0,1,0.02,0.02,SPY190315C00310000,310.0,normalDay
2019-02-06,299.0,1675.0,0.0,100,272.74,256.0,0,0.0,0.0,,0.0,1,0.02,0.01,SPY190315C00310000,310.0,normalDay
2019-02-07,299.0,1415.0,0.0,100,270.14,256.0,0,0.0,0.0,,0.0,1,0.02,0.01,SPY190315C00310000,310.0,normalDay
2019-02-08,299.0,1448.0,0.0,100,270.47,256.0,0,0.0,0.0,,0.0,1,0.02,0.01,SPY190315C00310000,310.0,normalDay
2019-02-11,299.0,1463.0,0.0,100,270.62,256.0,0,0.0,0.0,,0.0,1,0.02,0.01,SPY190315C00310000,310.0,normalDay
2019-02-12,299.0,1811.0,0.0,100,274.1,256.0,0,0.0,0.0,,0.0,1,0.02,0.01,SPY190315C00310000,310.0,normalDay
2019-02-13,299.0,1900.0,0.0,100,274.99,256.0,0,0.0,0.0,,0.0,1,0.02,0.01,SPY190315C00310000,310.0,normalDay
2019-02-14,299.0,1839.0,0.0,100,274.38,256.0,0,0.0,0.0,,0.0,1,0.02,0.01,SPY190315C00310000,310.0,normalDay
2019-02-15,299.0,2138.0,0.0,100,277.37,256.0,0,0.0,0.0,,0.0,1,0.02,0.01,SPY190315C00310000,310.0,normalDay
2019-02-19,299.0,2186.0,0.0,100,277.85,256.0,0,0.0,0.0,,0.0,1,0.02,0.01,SPY190315C00310000,310.0,normalDay
2019-02-20,299.0,2242.0,0.0,100,278.41,256.0,0,0.0,0.0,,0.0,1,0.02,0.01,SPY190315C00310000,310.0,normalDay
2019-02-21,299.0,2143.0,0.0,100,277.42,256.0,0,0.0,0.0,,0.0,1,0.02,0.01,SPY190315C00310000,310.0,normalDay
2019-02-22,299.0,2315.0,0.0,100,279.14,256.0,0,0.0,0.0,,0.0,1,0.02,0.01,SPY190315C00310000,310.0,normalDay
2019-02-25,299.0,2353.0,0.0,100,279.52,256.0,0,0.0,0.0,,0.0,1,0.02,0.01,SPY190315C00310000,310.0,normalDay
2019-02-26,299.0,2333.0,0.0,100,279.32,256.0,0,0.0,0.0,,0.0,1,0.02,0.01,SPY190315C00310000,310.0,normalDay
2019-02-27,299.0,2321.0,0.0,100,279.2,256.0,0,0.0,0.0,,0.0,1,0.02,0.01,SPY190315C00310000,310.0,normalDay
2019-02-28,299.0,2269.0,0.0,100,278.68,256.0,0,0.0,0.0,,0.0,1,0.02,0.01,SPY190315C00310000,310.0,normalDay
2019-03-01,299.0,2443.0,0.0,100,280.42,256.0,0,0.0,0.0,,0.0,1,0.02,0.01,SPY190315C00310000,310.0,normalDay
2019-03-04,299.0,2341.0,0.0,100,279.4,256.0,0,0.0,0.0,,0.0,1,0.02,0.01,SPY190315C00310000,310.0,normalDay
2019-03-05,299.0,2303.0,0.0,100,279.02,256.0,0,0.0,0.0,,0.0,1,0.02,0.01,SPY190315C00310000,310.0,normalDay
2019-03-06,299.0,2134.0,0.0,100,277.33,256.0,0,0.0,0.0,,0.0,1,0.02,0.01,SPY190315C00310000,310.0,normalDay
2019-03-07,299.0,1902.0,0.0,100,275.01,256.0,0,0.0,0.0,,0.0,1,0.02,0.01,SPY190315C00310000,310.0,normalDay
2019-03-08,299.0,1847.0,0.0,100,274.46,256.0,0,0.0,0.0,,0.0,1,0.02,0.01,SPY190315C00310000,310.0,normalDay
2019-03-11,299.0,2245.0,0.0,100,278.44,256.0,0,0.0,0.0,,0.0,1,0.02,0.01,SPY190315C00310000,310.0,normalDay
2019-03-12,299.0,2350.0,0.0,100,279.49,256.0,0,0.0,0.0,,0.0,1,0.02,0.01,SPY190315C00310000,310.0,normalDay
2019-03-13,299.0,2535.0,0.0,100,281.34,256.0,0,0.0,0.0,,0.0,1,0.02,0.01,SPY190315C00310000,310.0,normalDay
2019-03-14,299.0,2517.0,0.0,100,281.16,256.0,0,0.0,0.0,,0.0,1,0.02,0.01,SPY190315C00310000,310.0,normalDay
2019-03-15,301.0,2531.0,2.0,100,281.31,256.0,0,0.0,0.0,,0.0,1,0.02,0.0,SPY190315C00310000,310.0,expirationDay
2019-03-18,301.0,2629.0,0.0,100,282.33,256.0,0,0.0,0.0,,0.0,1,3.51,3.55,SPY190517C00287000,287.0,normalDay
2019-03-19,301.0,2641.0,0.0,100,282.4,256.0,0,0.0,0.0,,0.0,1,3.51,3.5,SPY190517C00287000,287.0,normalDay
2019-03-20,301.0,2590.0,0.0,100,281.55,256.0,0,0.0,0.0,,0.0,1,3.51,3.16,SPY190517C00287000,287.0,normalDay
2019-03-21,301.0,2756.0,0.0,100,284.73,256.0,0,0.0,0.0,,0.0,1,3.51,4.68,SPY190517C00287000,287.0,normalDay
2019-03-22,301.0,2363.0,0.0,100,279.25,256.0,0,0.0,0.0,,0.0,1,3.51,3.13,SPY190517C00287000,287.0,normalDay
2019-03-25,301.0,2375.0,0.0,100,279.04,256.0,0,0.0,0.0,,0.0,1,3.51,2.8,SPY190517C00287000,287.0,normalDay
2019-03-26,301.0,2557.0,0.0,100,281.12,256.0,0,0.0,0.0,,0.0,1,3.51,3.06,SPY190517C00287000,287.0,normalDay
2019-03-27,301.0,2453.0,0.0,100,279.65,256.0,0,0.0,0.0,,0.0,1,3.51,2.63,SPY190517C00287000,287.0,normalDay
2019-03-28,301.0,2545.0,0.0,100,280.71,256.0,0,0.0,0.0,,0.0,1,3.51,2.77,SPY190517C00287000,287.0,normalDay
2019-03-29,301.0,2666.0,0.0,100,282.48,256.0,0,0.0,0.0,,0.0,1,3.51,3.33,SPY190517C00287000,287.0,normalDay
2019-04-01,301.0,2878.0,0.0,100,285.83,256.0,0,0.0,0.0,,0.0,1,3.51,4.56,SPY190517C00287000,287.0,normalDay
2019-04-02,301.0,2905.0,0.0,100,285.97,256.0,0,0.0,0.0,,0.0,1,3.51,4.43,SPY190517C00287000,287.0,normalDay
2019-04-03,301.0,2893.0,0.0,100,286.42,256.0,0,0.0,0.0,,0.0,1,3.51,5.0,SPY190517C00287000,287.0,normalDay
2019-04-04,301.0,2950.0,0.0,100,287.18,256.0,0,0.0,0.0,,0.0,1,3.51,5.19,SPY190517C00287000,287.0,normalDay
2019-04-05,301.0,3031.0,0.0,100,288.57,256.0,0,0.0,0.0,,0.0,1,3.51,5.77,SPY190517C00287000,287.0,normalDay
2019-04-08,301.0,3051.0,0.0,100,288.79,256.0,0,0.0,0.0,,0.0,1,3.51,5.79,SPY190517C00287000,287.0,normalDay
2019-04-09,301.0,2988.0,0.0,100,287.31,256.0,0,0.0,0.0,,0.0,1,3.51,4.94,SPY190517C00287000,287.0,normalDay
2019-04-10,301.0,3038.0,0.0,100,288.29,256.0,0,0.0,0.0,,0.0,1,3.51,5.42,SPY190517C00287000,287.0,normalDay
2019-04-11,301.0,3063.0,0.0,100,288.21,256.0,0,0.0,0.0,,0.0,1,3.51,5.09,SPY190517C00287000,287.0,normalDay
2019-04-12,301.0,3144.0,0.0,100,290.16,256.0,0,0.0,0.0,,0.0,1,3.51,6.23,SPY190517C00287000,287.0,normalDay
2019-04-15,301.0,3150.0,0.0,100,289.97,256.0,0,0.0,0.0,,0.0,1,3.51,5.98,SPY190517C00287000,287.0,normalDay
2019-04-16,301.0,3173.0,0.0,100,290.16,256.0,0,0.0,0.0,,0.0,1,3.51,5.94,SPY190517C00287000,287.0,normalDay
2019-04-17,301.0,3162.0,0.0,100,289.45,256.0,0,0.0,0.0,,0.0,1,3.51,5.34,SPY190517C00287000,287.0,normalDay
2019-04-18,301.0,3179.0,0.0,100,290.02,256.0,0,0.0,0.0,,0.0,1,3.51,5.74,SPY190517C00287000,287.0,normalDay
2019-04-22,301.0,3199.0,0.0,100,290.27,256.0,0,0.0,0.0,,0.0,1,3.51,5.79,SPY190517C00287000,287.0,normalDay
2019-04-23,301.0,3263.0,0.0,100,292.88,256.0,0,0.0,0.0,,0.0,1,3.51,7.76,SPY190517C00287000,287.0,normalDay
2019-04-24,301.0,3234.0,0.0,100,292.23,256.0,0,0.0,0.0,,0.0,1,3.51,7.4,SPY190517C00287000,287.0,normalDay
2019-04-25,301.0,3256.0,0.0,100,292.05,256.0,0,0.0,0.0,,0.0,1,3.51,7.0,SPY190517C00287000,287.0,normalDay
2019-04-26,301.0,3293.0,0.0,100,293.41,256.0,0,0.0,0.0,,0.0,1,3.51,7.99,SPY190517C00287000,287.0,normalDay
2019-04-29,301.0,3313.0,0.0,100,293.87,256.0,0,0.0,0.0,,0.0,1,3.51,8.25,SPY190517C00287000,287.0,normalDay
2019-04-30,301.0,3297.0,0.0,100,294.02,256.0,0,0.0,0.0,,0.0,1,3.51,8.56,SPY190517C00287000,287.0,normalDay
2019-05-01,301.0,3270.0,0.0,100,291.81,256.0,0,0.0,0.0,,0.0,1,3.51,6.62,SPY190517C00287000,287.0,normalDay
2019-05-02,301.0,3278.0,0.0,100,291.18,256.0,0,0.0,0.0,,0.0,1,3.51,5.91,SPY190517C00287000,287.0,normalDay
2019-05-03,301.0,3345.0,0.0,100,294.03,256.0,0,0.0,0.0,,0.0,1,3.51,8.09,SPY190517C00287000,287.0,normalDay
2019-05-06,301.0,3313.0,0.0,100,292.82,256.0,0,0.0,0.0,,0.0,1,3.51,7.2,SPY190517C00287000,287.0,normalDay
2019-05-07,301.0,3064.0,0.0,100,287.93,256.0,0,0.0,0.0,,0.0,1,3.51,4.8,SPY190517C00287000,287.0,normalDay
2019-05-08,301.0,3054.0,0.0,100,287.53,256.0,0,0.0,0.0,,0.0,1,3.51,4.5,SPY190517C00287000,287.0,normalDay
2019-05-09,301.0,3034.0,0.0,100,286.66,256.0,0,0.0,0.0,,0.0,1,3.51,3.83,SPY190517C00287000,287.0,normalDay
2019-05-10,301.0,3228.0,0.0,100,288.1,256.0,0,0.0,0.0,,0.0,1,3.51,3.33,SPY190517C00287000,287.0,normalDay
2019-05-13,301.0,2786.0,0.0,100,280.86,256.0,0,0.0,0.0,,0.0,1,3.51,0.51,SPY190517C00287000,287.0,normalDay
2019-05-14,301.0,3035.0,0.0,100,283.4,256.0,0,0.0,0.0,,0.0,1,3.51,0.56,SPY190517C00287000,287.0,normalDay
2019-05-15,301.0,3190.0,0.0,100,285.06,256.0,0,0.0,0.0,,0.0,1,3.51,0.67,SPY190517C00287000,287.0,normalDay
2019-05-16,301.0,3379.0,0.0,100,287.7,256.0,0,0.0,0.0,,0.0,1,3.51,1.42,SPY190517C00287000,287.0,normalDay
2019-05-17,652.0,2984.0,351.0,100,285.84,256.0,0,0.0,0.0,,0.0,1,3.51,0.0,SPY190517C00287000,287.0,expirationDay
2019-05-20,652.0,2791.0,0.0,100,283.95,256.0,0,0.0,0.0,,0.0,1,0.18,0.22,SPY190719C00306000,306.0,normalDay
2019-05-21,652.0,3045.0,0.0,100,286.51,256.0,0,0.0,0.0,,0.0,1,0.18,0.24,SPY190719C00306000,306.0,normalDay
2019-05-22,652.0,2962.0,0.0,100,285.63,256.0,0,0.0,0.0,,0.0,1,0.18,0.19,SPY190719C00306000,306.0,normalDay
2019-05-23,652.0,2617.0,0.0,100,282.14,256.0,0,0.0,0.0,,0.0,1,0.18,0.15,SPY190719C00306000,306.0,normalDay
2019-05-24,652.0,2683.0,0.0,100,282.78,256.0,0,0.0,0.0,,0.0,1,0.18,0.13,SPY190719C00306000,306.0,normalDay
2019-05-28,652.0,2423.0,0.0,100,280.15,256.0,0,0.0,0.0,,0.0,1,0.18,0.1,SPY190719C00306000,306.0,normalDay
2019-05-29,652.0,2237.0,0.0,100,278.27,256.0,0,0.0,0.0,,0.0,1,0.18,0.08,SPY190719C00306000,306.0,normalDay
2019-05-30,652.0,2313.0,0.0,100,279.03,256.0,0,0.0,0.0,,0.0,1,0.18,0.08,SPY190719C00306000,306.0,normalDay
2019-05-31,652.0,1940.0,0.0,100,275.27,256.0,0,0.0,0.0,,0.0,1,0.18,0.05,SPY190719C00306000,306.0,normalDay
2019-06-03,652.0,1870.0,0.0,100,274.57,256.0,0,0.0,0.0,,0.0,1,0.18,0.05,SPY190719C00306000,306.0,normalDay
2019-06-04,652.0,2463.0,0.0,100,280.53,256.0,0,0.0,0.0,,0.0,1,0.18,0.08,SPY190719C00306000,306.0,normalDay
2019-06-05,652.0,2703.0,0.0,100,282.96,256.0,0,0.0,0.0,,0.0,1,0.18,0.11,SPY190719C00306000,306.0,normalDay
2019-06-06,652.0,2883.0,0.0,100,284.8,256.0,0,0.0,0.0,,0.0,1,0.18,0.15,SPY190719C00306000,306.0,normalDay
2019-06-07,652.0,3157.0,0.0,100,287.65,256.0,0,0.0,0.0,,0.0,1,0.18,0.26,SPY190719C00306000,306.0,normalDay
2019-06-10,652.0,3285.0,0.0,100,288.97,256.0,0,0.0,0.0,,0.0,1,0.18,0.3,SPY190719C00306000,306.0,normalDay
2019-06-11,652.0,3284.0,0.0,100,288.9,256.0,0,0.0,0.0,,0.0,1,0.18,0.24,SPY190719C00306000,306.0,normalDay
2019-06-12,652.0,3240.0,0.0,100,288.39,256.0,0,0.0,0.0,,0.0,1,0.18,0.17,SPY190719C00306000,306.0,normalDay
2019-06-13,652.0,3355.0,0.0,100,289.58,256.0,0,0.0,0.0,,0.0,1,0.18,0.21,SPY190719C00306000,306.0,normalDay
2019-06-14,652.0,3328.0,0.0,100,289.26,256.0,0,0.0,0.0,,0.0,1,0.18,0.16,SPY190719C00306000,306.0,normalDay
2019-06-17,652.0,3341.0,0.0,100,289.37,256.0,0,0.0,0.0,,0.0,1,0.18,0.14,SPY190719C00306000,306.0,normalDay
2019-06-18,652.0,3631.0,0.0,100,292.4,256.0,0,0.0,0.0,,0.0,1,0.18,0.27,SPY190719C00306000,306.0,normalDay
2019-06-19,652.0,3698.0,0.0,100,293.06,256.0,0,0.0,0.0,,0.0,1,0.18,0.26,SPY190719C00306000,306.0,normalDay
2019-06-20,652.0,3943.0,0.0,100,295.86,256.0,0,0.0,0.0,,0.0,1,0.18,0.61,SPY190719C00306000,306.0,normalDay
2019-06-21,652.0,3765.0,0.0,100,294.0,256.0,0,0.0,0.0,,0.0,1,0.18,0.53,SPY190719C00306000,306.0,normalDay
2019-06-24,652.0,3743.0,0.0,100,293.64,256.0,0,0.0,0.0,,0.0,1,0.18,0.39,SPY190719C00306000,306.0,normalDay
2019-06-25,652.0,3477.0,0.0,100,290.76,256.0,0,0.0,0.0,,0.0,1,0.18,0.17,SPY190719C00306000,306.0,normalDay
2019-06-26,652.0,3452.0,0.0,100,290.47,256.0,0,0.0,0.0,,0.0,1,0.18,0.13,SPY190719C00306000,306.0,normalDay
2019-06-27,652.0,3553.0,0.0,100,291.5,256.0,0,0.0,0.0,,0.0,1,0.18,0.15,SPY190719C00306000,306.0,normalDay
2019-06-28,652.0,3695.0,0.0,100,293.0,256.0,0,0.0,0.0,,0.0,1,0.18,0.23,SPY190719C00306000,306.0,normalDay
2019-07-01,652.0,3969.0,0.0,100,295.66,256.0,0,0.0,0.0,,0.0,1,0.18,0.15,SPY190719C00306000,306.0,normalDay
2019-07-02,652.0,4051.0,0.0,100,296.43,256.0,0,0.0,0.0,,0.0,1,0.18,0.1,SPY190719C00306000,306.0,normalDay
2019-07-03,652.0,4274.0,0.0,100,298.8,256.0,0,0.0,0.0,,0.0,1,0.18,0.24,SPY190719C00306000,306.0,normalDay
2019-07-05,652.0,4253.0,0.0,100,298.46,256.0,0,0.0,0.0,,0.0,1,0.18,0.11,SPY190719C00306000,306.0,normalDay
2019-07-08,652.0,4095.0,0.0,100,296.82,256.0,0,0.0,0.0,,0.0,1,0.18,0.05,SPY190719C00306000,306.0,normalDay
2019-07-09,652.0,4132.0,0.0,100,297.19,256.0,0,0.0,0.0,,0.0,1,0.18,0.05,SPY190719C00306000,306.0,normalDay
2019-07-10,652.0,4273.0,0.0,100,298.61,256.0,0,0.0,0.0,,0.0,1,0.18,0.06,SPY190719C00306000,306.0,normalDay
2019-07-11,652.0,4344.0,0.0,100,299.31,256.0,0,0.0,0.0,,0.0,1,0.18,0.05,SPY190719C00306000,306.0,normalDay
2019-07-12,652.0,4475.0,0.0,100,300.65,256.0,0,0.0,0.0,,0.0,1,0.18,0.08,SPY190719C00306000,306.0,normalDay
2019-07-15,652.0,4490.0,0.0,100,300.75,256.0,0,0.0,0.0,,0.0,1,0.18,0.03,SPY190719C00306000,306.0,normalDay
2019-07-16,652.0,4394.0,0.0,100,299.78,256.0,0,0.0,0.0,,0.0,1,0.18,0.02,SPY190719C00306000,306.0,normalDay
2019-07-17,652.0,4191.0,0.0,100,297.74,256.0,0,0.0,0.0,,0.0,1,0.18,0.01,SPY190719C00306000,306.0,normalDay
2019-07-18,652.0,4300.0,0.0,100,298.83,256.0,0,0.0,0.0,,0.0,1,0.18,0.01,SPY190719C00306000,306.0,normalDay
2019-07-19,670.0,4117.0,18.0,100,297.17,256.0,0,0.0,0.0,,0.0,1,0.18,0.0,SPY190719C00306000,306.0,expirationDay
2019-07-22,670.0,4186.0,0.0,100,297.9,256.0,0,0.0,0.0,,0.0,1,1.43,1.47,SPY190930C00309000,309.0,normalDay
2019-07-23,670.0,4357.0,0.0,100,300.03,256.0,0,0.0,0.0,,0.0,1,1.43,1.89,SPY190930C00309000,309.0,normalDay
2019-07-24,670.0,4461.0,0.0,100,301.44,256.0,0,0.0,0.0,,0.0,1,1.43,2.26,SPY190930C00309000,309.0,normalDay
2019-07-25,670.0,4354.0,0.0,100,300.0,256.0,0,0.0,0.0,,0.0,1,1.43,1.89,SPY190930C00309000,309.0,normalDay
2019-07-26,670.0,4511.0,0.0,100,302.01,256.0,0,0.0,0.0,,0.0,1,1.43,2.33,SPY190930C00309000,309.0,normalDay
2019-07-29,670.0,4474.0,0.0,100,301.46,256.0,0,0.0,0.0,,0.0,1,1.43,2.15,SPY190930C00309000,309.0,normalDay
2019-07-30,670.0,4414.0,0.0,100,300.72,256.0,0,0.0,0.0,,0.0,1,1.43,2.01,SPY190930C00309000,309.0,normalDay
2019-07-31,670.0,4150.0,0.0,100,297.43,256.0,0,0.0,0.0,,0.0,1,1.43,1.36,SPY190930C00309000,309.0,normalDay
2019-08-01,670.0,3918.0,0.0,100,294.84,256.0,0,0.0,0.0,,0.0,1,1.43,1.09,SPY190930C00309000,309.0,normalDay
2019-08-02,670.0,3735.0,0.0,100,292.62,256.0,0,0.0,0.0,,0.0,1,1.43,0.7,SPY190930C00309000,309.0,normalDay
2019-08-05,670.0,2895.0,0.0,100,283.82,256.0,0,0.0,0.0,,0.0,1,1.43,0.3,SPY190930C00309000,309.0,normalDay
2019-08-06,670.0,3291.0,0.0,100,287.8,256.0,0,0.0,0.0,,0.0,1,1.43,0.32,SPY190930C00309000,309.0,normalDay
2019-08-07,670.0,3312.0,0.0,100,287.97,256.0,0,0.0,0.0,,0.0,1,1.43,0.28,SPY190930C00309000,309.0,normalDay
2019-08-08,670.0,3851.0,0.0,100,293.62,256.0,0,0.0,0.0,,0.0,1,1.43,0.54,SPY190930C00309000,309.0,normalDay
2019-08-09,670.0,3661.0,0.0,100,291.62,256.0,0,0.0,0.0,,0.0,1,1.43,0.44,SPY190930C00309000,309.0,normalDay
2019-08-12,670.0,3319.0,0.0,100,288.07,256.0,0,0.0,0.0,,0.0,1,1.43,0.31,SPY190930C00309000,309.0,normalDay
2019-08-13,670.0,3756.0,0.0,100,292.55,256.0,0,0.0,0.0,,0.0,1,1.43,0.42,SPY190930C00309000,309.0,normalDay
2019-08-14,670.0,2912.0,0.0,100,283.9,256.0,0,0.0,0.0,,0.0,1,1.43,0.21,SPY190930C00309000,309.0,normalDay
2019-08-15,670.0,2987.0,0.0,100,284.65,256.0,0,0.0,0.0,,0.0,1,1.43,0.21,SPY190930C00309000,309.0,normalDay
2019-08-16,670.0,3404.0,0.0,100,288.85,256.0,0,0.0,0.0,,0.0,1,1.43,0.24,SPY190930C00309000,309.0,normalDay
2019-08-19,670.0,3750.0,0.0,100,292.33,256.0,0,0.0,0.0,,0.0,1,1.43,0.26,SPY190930C00309000,309.0,normalDay
2019-08-20,670.0,3534.0,0.0,100,290.09,256.0,0,0.0,0.0,,0.0,1,1.43,0.18,SPY190930C00309000,309.0,normalDay
2019-08-21,670.0,3765.0,0.0,100,292.45,256.0,0,0.0,0.0,,0.0,1,1.43,0.23,SPY190930C00309000,309.0,normalDay
2019-08-22,670.0,3760.0,0.0,100,292.36,256.0,0,0.0,0.0,,0.0,1,1.43,0.19,SPY190930C00309000,309.0,normalDay
2019-08-23,670.0,3019.0,0.0,100,284.85,256.0,0,0.0,0.0,,0.0,1,1.43,0.09,SPY190930C00309000,309.0,normalDay
2019-08-26,670.0,3332.0,0.0,100,288.0,256.0,0,0.0,0.0,,0.0,1,1.43,0.11,SPY190930C00309000,309.0,normalDay
2019-08-27,670.0,3221.0,0.0,100,286.87,256.0,0,0.0,0.0,,0.0,1,1.43,0.09,SPY190930C00309000,309.0,normalDay
2019-08-28,670.0,3420.0,0.0,100,288.89,256.0,0,0.0,0.0,,0.0,1,1.43,0.12,SPY190930C00309000,309.0,normalDay
2019-08-29,670.0,3784.0,0.0,100,292.58,256.0,0,0.0,0.0,,0.0,1,1.43,0.17,SPY190930C00309000,309.0,normalDay
2019-08-30,670.0,3774.0,0.0,100,292.45,256.0,0,0.0,0.0,,0.0,1,1.43,0.14,SPY190930C00309000,309.0,normalDay
2019-09-03,670.0,3611.0,0.0,100,290.74,256.0,0,0.0,0.0,,0.0,1,1.43,0.06,SPY190930C00309000,309.0,normalDay
2019-09-04,670.0,3940.0,0.0,100,294.04,256.0,0,0.0,0.0,,0.0,1,1.43,0.07,SPY190930C00309000,309.0,normalDay
2019-09-05,670.0,4306.0,0.0,100,297.82,256.0,0,0.0,0.0,,0.0,1,1.43,0.19,SPY190930C00309000,309.0,normalDay
2019-09-06,670.0,4331.0,0.0,100,298.05,256.0,0,0.0,0.0,,0.0,1,1.43,0.17,SPY190930C00309000,309.0,normalDay
2019-09-09,670.0,4351.0,0.0,100,298.2,256.0,0,0.0,0.0,,0.0,1,1.43,0.12,SPY190930C00309000,309.0,normalDay
2019-09-10,670.0,4345.0,0.0,100,298.13,256.0,0,0.0,0.0,,0.0,1,1.43,0.11,SPY190930C00309000,309.0,normalDay
2019-09-11,670.0,4551.0,0.0,100,300.25,256.0,0,0.0,0.0,,0.0,1,1.43,0.17,SPY190930C00309000,309.0,normalDay
2019-09-12,670.0,4648.0,0.0,100,301.29,256.0,0,0.0,0.0,,0.0,1,1.43,0.24,SPY190930C00309000,309.0,normalDay
2019-09-13,670.0,4636.0,0.0,100,301.09,256.0,0,0.0,0.0,,0.0,1,1.43,0.16,SPY190930C00309000,309.0,normalDay
2019-09-16,670.0,4549.0,0.0,100,300.16,256.0,0,0.0,0.0,,0.0,1,1.43,0.1,SPY190930C00309000,309.0,normalDay
2019-09-17,670.0,4623.0,0.0,100,300.92,256.0,0,0.0,0.0,,0.0,1,1.43,0.12,SPY190930C00309000,309.0,normalDay
2019-09-18,670.0,4643.0,0.0,100,301.1,256.0,0,0.0,0.0,,0.0,1,1.43,0.1,SPY190930C00309000,309.0,normalDay
2019-09-19,670.0,4644.0,0.0,100,301.08,256.0,0,0.0,0.0,,0.0,1,1.43,0.07,SPY190930C00309000,309.0,normalDay
2019-09-20,670.0,4368.0,0.0,100,298.28,256.0,0,0.0,0.0,,0.0,1,1.43,0.03,SPY190930C00309000,309.0,normalDay
2019-09-23,670.0,4363.0,0.0,100,298.21,256.0,0,0.0,0.0,,0.0,1,1.43,0.01,SPY190930C00309000,309.0,normalDay
2019-09-24,670.0,4129.0,0.0,100,295.87,256.0,0,0.0,0.0,,0.0,1,1.43,0.01,SPY190930C00309000,309.0,normalDay
2019-09-25,670.0,4304.0,0.0,100,297.62,256.0,0,0.0,0.0,,0.0,1,1.43,0.01,SPY190930C00309000,309.0,normalDay
2019-09-26,670.0,4242.0,0.0,100,297.0,256.0,0,0.0,0.0,,0.0,1,1.43,0.01,SPY190930C00309000,309.0,normalDay
2019-09-27,670.0,4082.0,0.0,100,295.4,256.0,0,0.0,0.0,,0.0,1,1.43,0.01,SPY190930C00309000,309.0,normalDay
2019-09-30,813.0,4077.0,143.0,100,296.77,256.0,0,0.0,0.0,,0.0,1,1.43,0.0,SPY190930C00309000,309.0,expirationDay
2019-10-01,813.0,3720.0,0.0,100,293.24,256.0,0,0.0,0.0,,0.0,1,2.3,2.34,SPY191220C00308000,308.0,normalDay
2019-10-02,813.0,3295.0,0.0,100,288.06,256.0,0,0.0,0.0,,0.0,1,2.3,1.41,SPY191220C00308000,308.0,normalDay
2019-10-03,813.0,3506.0,0.0,100,290.42,256.0,0,0.0,0.0,,0.0,1,2.3,1.66,SPY191220C00308000,308.0,normalDay
2019-10-04,813.0,3843.0,0.0,100,294.35,256.0,0,0.0,0.0,,0.0,1,2.3,2.22,SPY191220C00308000,308.0,normalDay
2019-10-07,813.0,3757.0,0.0,100,293.08,256.0,0,0.0,0.0,,0.0,1,2.3,1.81,SPY191220C00308000,308.0,normalDay
2019-10-08,813.0,3363.0,0.0,100,288.53,256.0,0,0.0,0.0,,0.0,1,2.3,1.2,SPY191220C00308000,308.0,normalDay
2019-10-09,813.0,3610.0,0.0,100,291.27,256.0,0,0.0,0.0,,0.0,1,2.3,1.47,SPY191220C00308000,308.0,normalDay
2019-10-10,813.0,3776.0,0.0,100,293.24,256.0,0,0.0,0.0,,0.0,1,2.3,1.78,SPY191220C00308000,308.0,normalDay
2019-10-11,813.0,4033.0,0.0,100,296.28,256.0,0,0.0,0.0,,0.0,1,2.3,2.25,SPY191220C00308000,308.0,normalDay
2019-10-14,813.0,4044.0,0.0,100,295.95,256.0,0,0.0,0.0,,0.0,1,2.3,1.81,SPY191220C00308000,308.0,normalDay
2019-10-15,813.0,4264.0,0.0,100,298.88,256.0,0,0.0,0.0,,0.0,1,2.3,2.54,SPY191220C00308000,308.0,normalDay
2019-10-16,813.0,4237.0,0.0,100,298.4,256.0,0,0.0,0.0,,0.0,1,2.3,2.33,SPY191220C00308000,308.0,normalDay
2019-10-17,813.0,4306.0,0.0,100,299.28,256.0,0,0.0,0.0,,0.0,1,2.3,2.52,SPY191220C00308000,308.0,normalDay
2019-10-18,813.0,4204.0,0.0,100,297.97,256.0,0,0.0,0.0,,0.0,1,2.3,2.23,SPY191220C00308000,308.0,normalDay
2019-10-21,813.0,4370.0,0.0,100,299.99,256.0,0,0.0,0.0,,0.0,1,2.3,2.59,SPY191220C00308000,308.0,normalDay
2019-10-22,813.0,4305.0,0.0,100,299.01,256.0,0,0.0,0.0,,0.0,1,2.3,2.26,SPY191220C00308000,308.0,normalDay
2019-10-23,813.0,4371.0,0.0,100,299.88,256.0,0,0.0,0.0,,0.0,1,2.3,2.47,SPY191220C00308000,308.0,normalDay
2019-10-24,813.0,4426.0,0.0,100,300.37,256.0,0,0.0,0.0,,0.0,1,2.3,2.41,SPY191220C00308000,308.0,normalDay
2019-10-25,813.0,4525.0,0.0,100,301.6,256.0,0,0.0,0.0,,0.0,1,2.3,2.65,SPY191220C00308000,308.0,normalDay
2019-10-28,813.0,4626.0,0.0,100,303.3,256.0,0,0.0,0.0,,0.0,1,2.3,3.34,SPY191220C00308000,308.0,normalDay
2019-10-29,813.0,4627.0,0.0,100,303.21,256.0,0,0.0,0.0,,0.0,1,2.3,3.24,SPY191220C00308000,308.0,normalDay
2019-10-30,813.0,4686.0,0.0,100,304.14,256.0,0,0.0,0.0,,0.0,1,2.3,3.58,SPY191220C00308000,308.0,normalDay
2019-10-31,813.0,4656.0,0.0,100,303.33,256.0,0,0.0,0.0,,0.0,1,2.3,3.07,SPY191220C00308000,308.0,normalDay
2019-11-01,813.0,4824.0,0.0,100,306.14,256.0,0,0.0,0.0,,0.0,1,2.3,4.2,SPY191220C00308000,308.0,normalDay
2019-11-04,813.0,4887.0,0.0,100,307.37,256.0,0,0.0,0.0,,0.0,1,2.3,4.8,SPY191220C00308000,308.0,normalDay
2019-11-05,813.0,4865.0,0.0,100,307.03,256.0,0,0.0,0.0,,0.0,1,2.3,4.68,SPY191220C00308000,308.0,normalDay
2019-11-06,813.0,4872.0,0.0,100,307.1,256.0,0,0.0,0.0,,0.0,1,2.3,4.68,SPY191220C00308000,308.0,normalDay
2019-11-07,813.0,4923.0,0.0,100,308.18,256.0,0,0.0,0.0,,0.0,1,2.3,5.25,SPY191220C00308000,308.0,normalDay
2019-11-08,813.0,4969.0,0.0,100,308.94,256.0,0,0.0,0.0,,0.0,1,2.3,5.55,SPY191220C00308000,308.0,normalDay
2019-11-11,813.0,4947.0,0.0,100,308.35,256.0,0,0.0,0.0,,0.0,1,2.3,5.18,SPY191220C00308000,308.0,normalDay
2019-11-12,813.0,5005.0,0.0,100,309.0,256.0,0,0.0,0.0,,0.0,1,2.3,5.25,SPY191220C00308000,308.0,normalDay
2019-11-13,813.0,4996.0,0.0,100,309.1,256.0,0,0.0,0.0,,0.0,1,2.3,5.44,SPY191220C00308000,308.0,normalDay
2019-11-14,813.0,5023.0,0.0,100,309.55,256.0,0,0.0,0.0,,0.0,1,2.3,5.62,SPY191220C00308000,308.0,normalDay
2019-11-15,813.0,5132.0,0.0,100,311.79,256.0,0,0.0,0.0,,0.0,1,2.3,6.77,SPY191220C00308000,308.0,normalDay
2019-11-18,813.0,5140.0,0.0,100,312.02,256.0,0,0.0,0.0,,0.0,1,2.3,6.92,SPY191220C00308000,308.0,normalDay
2019-11-19,813.0,5150.0,0.0,100,311.93,256.0,0,0.0,0.0,,0.0,1,2.3,6.73,SPY191220C00308000,308.0,normalDay
2019-11-20,813.0,5122.0,0.0,100,310.77,256.0,0,0.0,0.0,,0.0,1,2.3,5.85,SPY191220C00308000,308.0,normalDay
2019-11-21,813.0,5094.0,0.0,100,310.27,256.0,0,0.0,0.0,,0.0,1,2.3,5.63,SPY191220C00308000,308.0,normalDay
2019-11-22,813.0,5139.0,0.0,100,310.96,256.0,0,0.0,0.0,,0.0,1,2.3,5.87,SPY191220C00308000,308.0,normalDay
2019-11-25,813.0,5251.0,0.0,100,313.37,256.0,0,0.0,0.0,,0.0,1,2.3,7.16,SPY191220C00308000,308.0,normalDay
2019-11-26,813.0,5252.0,0.0,100,314.08,256.0,0,0.0,0.0,,0.0,1,2.3,7.86,SPY191220C00308000,308.0,normalDay
2019-11-27,813.0,5286.0,0.0,100,315.48,256.0,0,0.0,0.0,,0.0,1,2.3,8.92,SPY191220C00308000,308.0,normalDay
2019-11-29,813.0,5245.0,0.0,100,314.31,256.0,0,0.0,0.0,,0.0,1,2.3,8.16,SPY191220C00308000,308.0,normalDay
2019-12-02,813.0,5181.0,0.0,100,311.64,256.0,0,0.0,0.0,,0.0,1,2.3,6.13,SPY191220C00308000,308.0,normalDay
2019-12-03,813.0,5102.0,0.0,100,309.55,256.0,0,0.0,0.0,,0.0,1,2.3,4.83,SPY191220C00308000,308.0,normalDay
2019-12-04,813.0,5208.0,0.0,100,311.46,256.0,0,0.0,0.0,,0.0,1,2.3,5.68,SPY191220C00308000,308.0,normalDay
2019-12-05,813.0,5221.0,0.0,100,312.02,256.0,0,0.0,0.0,,0.0,1,2.3,6.11,SPY191220C00308000,308.0,normalDay
2019-12-06,813.0,5316.0,0.0,100,314.87,256.0,0,0.0,0.0,,0.0,1,2.3,8.01,SPY191220C00308000,308.0,normalDay
2019-12-09,813.0,5299.0,0.0,100,313.88,256.0,0,0.0,0.0,,0.0,1,2.3,7.19,SPY191220C00308000,308.0,normalDay
2019-12-10,813.0,5272.0,0.0,100,313.53,256.0,0,0.0,0.0,,0.0,1,2.3,7.11,SPY191220C00308000,308.0,normalDay
2019-12-11,813.0,5308.0,0.0,100,314.42,256.0,0,0.0,0.0,,0.0,1,2.3,7.64,SPY191220C00308000,308.0,normalDay
2019-12-12,813.0,5380.0,0.0,100,317.13,256.0,0,0.0,0.0,,0.0,1,2.3,9.63,SPY191220C00308000,308.0,normalDay
2019-12-13,813.0,5392.0,0.0,100,317.32,256.0,0,0.0,0.0,,0.0,1,2.3,9.7,SPY191220C00308000,308.0,normalDay
2019-12-16,813.0,5380.0,0.0,100,319.5,256.0,0,0.0,0.0,,0.0,1,2.3,12.0,SPY191220C00308000,308.0,normalDay
2019-12-17,813.0,5409.0,0.0,100,319.57,256.0,0,0.0,0.0,,0.0,1,2.3,11.78,SPY191220C00308000,308.0,normalDay
2019-12-18,813.0,5388.0,0.0,100,319.59,256.0,0,0.0,0.0,,0.0,1,2.3,12.01,SPY191220C00308000,308.0,normalDay
2019-12-19,813.0,5395.0,0.0,100,320.9,256.0,0,0.0,0.0,,0.0,1,2.3,13.25,SPY191220C00308000,308.0,normalDay
2019-12-20,6243.0,5395.0,5430.0,0,320.73,0.0,0,0.0,0.0,,0.0,1,2.3,0.0,SPY191220C00308000,308.0,expirationDay
2019-12-23,6243.0,-3.0,0.0,0,321.22,0.0,1,0.15,0.18,SPY200103P00305000,305.0,0,0.0,0.0,,0.0,normalDay
2019-12-24,6243.0,1.0,0.0,0,321.23,0.0,1,0.15,0.14,SPY200103P00305000,305.0,0,0.0,0.0,,0.0,normalDay
2019-12-26,6243.0,7.0,0.0,0,322.94,0.0,1,0.15,0.08,SPY200103P00305000,305.0,0,0.0,0.0,,0.0,normalDay
2019-12-27,6243.0,9.0,0.0,0,322.86,0.0,1,0.15,0.06,SPY200103P00305000,305.0,0,0.0,0.0,,0.0,normalDay
2019-12-30,6243.0,9.0,0.0,0,321.08,0.0,1,0.15,0.06,SPY200103P00305000,305.0,0,0.0,0.0,,0.0,normalDay
2019-12-31,6243.0,7.0,0.0,0,321.86,0.0,1,0.15,0.08,SPY200103P00305000,305.0,0,0.0,0.0,,0.0,normalDay
2020-01-02,6243.0,14.0,0.0,0,324.87,0.0,1,0.15,0.01,SPY200103P00305000,305.0,0,0.0,0.0,,0.0,normalDay
2020-01-03,6258.0,0.0,15.0,0,322.41,0.0,1,0.15,0.0,SPY200103P00305000,305.0,0,0.0,0.0,,0.0,expirationDay
2020-01-06,6258.0,-3.0,0.0,0,323.64,0.0,1,0.24,0.27,SPY200117P00309000,309.0,0,0.0,0.0,,0.0,normalDay
2020-01-07,6258.0,-4.0,0.0,0,322.73,0.0,1,0.24,0.28,SPY200117P00309000,309.0,0,0.0,0.0,,0.0,normalDay
2020-01-08,6258.0,4.0,0.0,0,324.45,0.0,1,0.24,0.2,SPY200117P00309000,309.0,0,0.0,0.0,,0.0,normalDay
2020-01-09,6258.0,13.0,0.0,0,326.65,0.0,1,0.24,0.11,SPY200117P00309000,309.0,0,0.0,0.0,,0.0,normalDay
2020-01-10,6258.0,17.0,0.0,0,325.71,0.0,1,0.24,0.07,SPY200117P00309000,309.0,0,0.0,0.0,,0.0,normalDay
2020-01-13,6258.0,20.0,0.0,0,327.95,0.0,1,0.24,0.04,SPY200117P00309000,309.0,0,0.0,0.0,,0.0,normalDay
2020-01-14,6258.0,21.0,0.0,0,327.45,0.0,1,0.24,0.03,SPY200117P00309000,309.0,0,0.0,0.0,,0.0,normalDay
2020-01-15,6258.0,22.0,0.0,0,328.19,0.0,1,0.24,0.02,SPY200117P00309000,309.0,0,0.0,0.0,,0.0,normalDay
2020-01-16,6258.0,23.0,0.0,0,330.92,0.0,1,0.24,0.01,SPY200117P00309000,309.0,0,0.0,0.0,,0.0,normalDay
2020-01-17,6282.0,0.0,24.0,0,331.95,0.0,1,0.24,0.0,SPY200117P00309000,309.0,0,0.0,0.0,,0.0,expirationDay
2020-01-21,6282.0,-3.0,0.0,0,331.3,0.0,1,0.13,0.16,SPY200131P00314000,314.0,0,0.0,0.0,,0.0,normalDay
2020-01-22,6282.0,3.0,0.0,0,331.34,0.0,1,0.13,0.1,SPY200131P00314000,314.0,0,0.0,0.0,,0.0,normalDay
2020-01-23,6282.0,3.0,0.0,0,331.72,0.0,1,0.13,0.1,SPY200131P00314000,314.0,0,0.0,0.0,,0.0,normalDay
2020-01-24,6282.0,-7.0,0.0,0,328.77,0.0,1,0.13,0.2,SPY200131P00314000,314.0,0,0.0,0.0,,0.0,normalDay
2020-01-27,6282.0,-55.0,0.0,0,323.5,0.0,1,0.13,0.68,SPY200131P00314000,314.0,0,0.0,0.0,,0.0,normalDay
2020-01-28,6282.0,-2.0,0.0,0,326.89,0.0,1,0.13,0.15,SPY200131P00314000,314.0,0,0.0,0.0,,0.0,normalDay
2020-01-29,6282.0,7.0,0.0,0,326.62,0.0,1,0.13,0.06,SPY200131P00314000,314.0,0,0.0,0.0,,0.0,normalDay
2020-01-30,6282.0,10.0,0.0,0,327.68,0.0,1,0.13,0.03,SPY200131P00314000,314.0,0,0.0,0.0,,0.0,normalDay
2020-01-31,6295.0,0.0,13.0,0,321.73,0.0,1,0.13,0.0,SPY200131P00314000,314.0,0,0.0,0.0,,0.0,expirationDay
2020-02-03,6295.0,-4.0,0.0,0,324.12,0.0,1,1.97,2.01,SPY200214P00317500,317.5,0,0.0,0.0,,0.0,normalDay
2020-02-04,6295.0,130.0,0.0,0,329.06,0.0,1,1.97,0.67,SPY200214P00317500,317.5,0,0.0,0.0,,0.0,normalDay
2020-02-05,6295.0,172.0,0.0,0,332.86,0.0,1,1.97,0.25,SPY200214P00317500,317.5,0,0.0,0.0,,0.0,normalDay
2020-02-06,6295.0,178.0,0.0,0,333.98,0.0,1,1.97,0.19,SPY200214P00317500,317.5,0,0.0,0.0,,0.0,normalDay
2020-02-07,6295.0,179.0,0.0,0,332.2,0.0,1,1.97,0.18,SPY200214P00317500,317.5,0,0.0,0.0,,0.0,normalDay
2020-02-10,6295.0,192.0,0.0,0,334.68,0.0,1,1.97,0.05,SPY200214P00317500,317.5,0,0.0,0.0,,0.0,normalDay
2020-02-11,6295.0,194.0,0.0,0,335.26,0.0,1,1.97,0.03,SPY200214P00317500,317.5,0,0.0,0.0,,0.0,normalDay
2020-02-12,6295.0,195.0,0.0,0,337.42,0.0,1,1.97,0.02,SPY200214P00317500,317.5,0,0.0,0.0,,0.0,normalDay
2020-02-13,6295.0,196.0,0.0,0,337.06,0.0,1,1.97,0.01,SPY200214P00317500,317.5,0,0.0,0.0,,0.0,normalDay
2020-02-14,6492.0,0.0,197.0,0,337.6,0.0,1,1.97,0.0,SPY200214P00317500,317.5,0,0.0,0.0,,0.0,expirationDay
2020-02-18,6492.0,-3.0,0.0,0,336.73,0.0,1,0.13,0.16,SPY200228P00316000,316.0,0,0.0,0.0,,0.0,normalDay
2020-02-19,6492.0,2.0,0.0,0,338.34,0.0,1,0.13,0.11,SPY200228P00316000,316.0,0,0.0,0.0,,0.0,normalDay
2020-02-20,6492.0,2.0,0.0,0,336.95,0.0,1,0.13,0.11,SPY200228P00316000,316.0,0,0.0,0.0,,0.0,normalDay
2020-02-21,6492.0,1.0,0.0,0,333.48,0.0,1,0.13,0.12,SPY200228P00316000,316.0,0,0.0,0.0,,0.0,normalDay
2020-02-24,6492.0,-229.0,0.0,0,322.42,0.0,1,0.13,2.42,SPY200228P00316000,316.0,0,0.0,0.0,,0.0,normalDay
2020-02-25,6492.0,-549.0,0.0,0,312.65,0.0,1,0.13,5.62,SPY200228P00316000,316.0,0,0.0,0.0,,0.0,normalDay
2020-02-26,6492.0,-599.0,0.0,0,311.5,0.0,1,0.13,6.12,SPY200228P00316000,316.0,0,0.0,0.0,,0.0,normalDay
2020-02-27,6492.0,-1882.0,0.0,0,297.51,0.0,1,0.13,18.95,SPY200228P00316000,316.0,0,0.0,0.0,,0.0,normalDay
2020-02-28,6505.0,-1974.0,13.0,100,296.26,316.0,1,0.13,0.0,SPY200228P00316000,316.0,0,0.0,0.0,,0.0,expirationDay
2020-03-02,6505.0,-694.0,0.0,100,309.09,316.0,0,0.0,0.0,,0.0,1,0.02,0.05,SPY200515C00380000,380.0,normalDay
2020-03-03,6505.0,-1579.0,0.0,100,300.24,316.0,0,0.0,0.0,,0.0,1,0.02,0.05,SPY200515C00380000,380.0,normalDay
2020-03-04,6505.0,-321.0,0.0,100,312.86,316.0,0,0.0,0.0,,0.0,1,0.02,0.09,SPY200515C00380000,380.0,normalDay
2020-03-05,6505.0,-1358.0,0.0,100,302.46,316.0,0,0.0,0.0,,0.0,1,0.02,0.06,SPY200515C00380000,380.0,normalDay
2020-03-06,6505.0,-1859.0,0.0,100,297.46,316.0,0,0.0,0.0,,0.0,1,0.02,0.07,SPY200515C00380000,380.0,normalDay
2020-03-09,6505.0,-4182.0,0.0,100,274.23,316.0,0,0.0,0.0,,0.0,1,0.02,0.07,SPY200515C00380000,380.0,normalDay
2020-03-10,6505.0,-2762.0,0.0,100,288.42,316.0,0,0.0,0.0,,0.0,1,0.02,0.06,SPY200515C00380000,380.0,normalDay
2020-03-11,6505.0,-4166.0,0.0,100,274.36,316.0,0,0.0,0.0,,0.0,1,0.02,0.04,SPY200515C00380000,380.0,normalDay
2020-03-12,6505.0,-6793.0,0.0,100,248.11,316.0,0,0.0,0.0,,0.0,1,0.02,0.06,SPY200515C00380000,380.0,normalDay
2020-03-13,6505.0,-4672.0,0.0,100,269.32,316.0,0,0.0,0.0,,0.0,1,0.02,0.06,SPY200515C00380000,380.0,normalDay
2020-03-16,6505.0,-7619.0,0.0,100,239.85,316.0,0,0.0,0.0,,0.0,1,0.02,0.06,SPY200515C00380000,380.0,normalDay
2020-03-17,6505.0,-6324.0,0.0,100,252.8,316.0,0,0.0,0.0,,0.0,1,0.02,0.06,SPY200515C00380000,380.0,normalDay
2020-03-18,6505.0,-7604.0,0.0,100,240.0,316.0,0,0.0,0.0,,0.0,1,0.02,0.06,SPY200515C00380000,380.0,normalDay
2020-03-19,6505.0,-7551.0,0.0,100,240.51,316.0,0,0.0,0.0,,0.0,1,0.02,0.04,SPY200515C00380000,380.0,normalDay
2020-03-20,6505.0,-8722.0,0.0,100,228.8,316.0,0,0.0,0.0,,0.0,1,0.02,0.04,SPY200515C00380000,380.0,normalDay
2020-03-23,6505.0,-9308.0,0.0,100,222.95,316.0,0,0.0,0.0,,0.0,1,0.02,0.05,SPY200515C00380000,380.0,normalDay
2020-03-24,6505.0,-7288.0,0.0,100,243.15,316.0,0,0.0,0.0,,0.0,1,0.02,0.05,SPY200515C00380000,380.0,normalDay
2020-03-25,6505.0,-6924.0,0.0,100,246.79,316.0,0,0.0,0.0,,0.0,1,0.02,0.05,SPY200515C00380000,380.0,normalDay
2020-03-26,6505.0,-5483.0,0.0,100,261.2,316.0,0,0.0,0.0,,0.0,1,0.02,0.05,SPY200515C00380000,380.0,normalDay
2020-03-27,6505.0,-6261.0,0.0,100,253.42,316.0,0,0.0,0.0,,0.0,1,0.02,0.05,SPY200515C00380000,380.0,normalDay
2020-03-30,6505.0,-5438.0,0.0,100,261.65,316.0,0,0.0,0.0,,0.0,1,0.02,0.05,SPY200515C00380000,380.0,normalDay
2020-03-31,6505.0,-5826.0,0.0,100,257.75,316.0,0,0.0,0.0,,0.0,1,0.02,0.03,SPY200515C00380000,380.0,normalDay
2020-04-01,6505.0,-6984.0,0.0,100,246.15,316.0,0,0.0,0.0,,0.0,1,0.02,0.01,SPY200515C00380000,380.0,normalDay
2020-04-02,6505.0,-6417.0,0.0,100,251.83,316.0,0,0.0,0.0,,0.0,1,0.02,0.02,SPY200515C00380000,380.0,normalDay
2020-04-03,6505.0,-6781.0,0.0,100,248.19,316.0,0,0.0,0.0,,0.0,1,0.02,0.02,SPY200515C00380000,380.0,normalDay
2020-04-06,6505.0,-5114.0,0.0,100,264.86,316.0,0,0.0,0.0,,0.0,1,0.02,0.02,SPY200515C00380000,380.0,normalDay
2020-04-07,6505.0,-5087.0,0.0,100,265.13,316.0,0,0.0,0.0,,0.0,1,0.02,0.02,SPY200515C00380000,380.0,normalDay
2020-04-08,6505.0,-4197.0,0.0,100,274.03,316.0,0,0.0,0.0,,0.0,1,0.02,0.02,SPY200515C00380000,380.0,normalDay
2020-04-09,6505.0,-3780.0,0.0,100,278.2,316.0,0,0.0,0.0,,0.0,1,0.02,0.02,SPY200515C00380000,380.0,normalDay
2020-04-13,6505.0,-4034.0,0.0,100,275.66,316.0,0,0.0,0.0,,0.0,1,0.02,0.02,SPY200515C00380000,380.0,normalDay
2020-04-14,6505.0,-3221.0,0.0,100,283.79,316.0,0,0.0,0.0,,0.0,1,0.02,0.02,SPY200515C00380000,380.0,normalDay
2020-04-15,6505.0,-3824.0,0.0,100,277.76,316.0,0,0.0,0.0,,0.0,1,0.02,0.02,SPY200515C00380000,380.0,normalDay
2020-04-16,6505.0,-3690.0,0.0,100,279.1,316.0,0,0.0,0.0,,0.0,1,0.02,0.02,SPY200515C00380000,380.0,normalDay
2020-04-17,6505.0,-2935.0,0.0,100,286.64,316.0,0,0.0,0.0,,0.0,1,0.02,0.01,SPY200515C00380000,380.0,normalDay
2020-04-20,6505.0,-3440.0,0.0,100,281.59,316.0,0,0.0,0.0,,0.0,1,0.02,0.01,SPY200515C00380000,380.0,normalDay
2020-04-21,6505.0,-4295.0,0.0,100,273.04,316.0,0,0.0,0.0,,0.0,1,0.02,0.01,SPY200515C00380000,380.0,normalDay
2020-04-22,6505.0,-3689.0,0.0,100,279.1,316.0,0,0.0,0.0,,0.0,1,0.02,0.01,SPY200515C00380000,380.0,normalDay
2020-04-23,6505.0,-3691.0,0.0,100,279.08,316.0,0,0.0,0.0,,0.0,1,0.02,0.01,SPY200515C00380000,380.0,normalDay
2020-04-24,6505.0,-3302.0,0.0,100,282.97,316.0,0,0.0,0.0,,0.0,1,0.02,0.01,SPY200515C00380000,380.0,normalDay
2020-04-27,6505.0,-2894.0,0.0,100,287.05,316.0,0,0.0,0.0,,0.0,1,0.02,0.01,SPY200515C00380000,380.0,normalDay
2020-04-28,6505.0,-3026.0,0.0,100,285.73,316.0,0,0.0,0.0,,0.0,1,0.02,0.01,SPY200515C00380000,380.0,normalDay
2020-04-29,6505.0,-2278.0,0.0,100,293.21,316.0,0,0.0,0.0,,0.0,1,0.02,0.01,SPY200515C00380000,380.0,normalDay
2020-04-30,6505.0,-2551.0,0.0,100,290.48,316.0,0,0.0,0.0,,0.0,1,0.02,0.01,SPY200515C00380000,380.0,normalDay
2020-05-01,6505.0,-3320.0,0.0,100,282.79,316.0,0,0.0,0.0,,0.0,1,0.02,0.01,SPY200515C00380000,380.0,normalDay
2020-05-04,6505.0,-3242.0,0.0,100,283.57,316.0,0,0.0,0.0,,0.0,1,0.02,0.01,SPY200515C00380000,380.0,normalDay
2020-05-05,6505.0,-2980.0,0.0,100,286.19,316.0,0,0.0,0.0,,0.0,1,0.02,0.01,SPY200515C00380000,380.0,normalDay
2020-05-06,6505.0,-3174.0,0.0,100,284.25,316.0,0,0.0,0.0,,0.0,1,0.02,0.01,SPY200515C00380000,380.0,normalDay
2020-05-07,6505.0,-2831.0,0.0,100,287.68,316.0,0,0.0,0.0,,0.0,1,0.02,0.01,SPY200515C00380000,380.0,normalDay
2020-05-08,6505.0,-2355.0,0.0,100,292.44,316.0,0,0.0,0.0,,0.0,1,0.02,0.01,SPY200515C00380000,380.0,normalDay
2020-05-11,6505.0,-2349.0,0.0,100,292.5,316.0,0,0.0,0.0,,0.0,1,0.02,0.01,SPY200515C00380000,380.0,normalDay
2020-05-12,6505.0,-2932.0,0.0,100,286.67,316.0,0,0.0,0.0,,0.0,1,0.02,0.01,SPY200515C00380000,380.0,normalDay
2020-05-13,6505.0,-3439.0,0.0,100,281.6,316.0,0,0.0,0.0,,0.0,1,0.02,0.01,SPY200515C00380000,380.0,normalDay
2020-05-14,6505.0,-3102.0,0.0,100,284.97,316.0,0,0.0,0.0,,0.0,1,0.02,0.01,SPY200515C00380000,380.0,normalDay
2020-05-15,6507.0,-2972.0,2.0,100,286.28,316.0,0,0.0,0.0,,0.0,1,0.02,0.0,SPY200515C00380000,380.0,expirationDay
2020-05-18,6507.0,-2105.0,0.0,100,295.0,316.0,0,0.0,0.0,,0.0,1,4.98,5.03,SPY200717C00307000,307.0,normalDay
2020-05-19,6507.0,-2332.0,0.0,100,291.97,316.0,0,0.0,0.0,,0.0,1,4.98,4.27,SPY200717C00307000,307.0,normalDay
2020-05-20,6507.0,-1981.0,0.0,100,296.93,316.0,0,0.0,0.0,,0.0,1,4.98,5.72,SPY200717C00307000,307.0,normalDay
2020-05-21,6507.0,-2111.0,0.0,100,294.88,316.0,0,0.0,0.0,,0.0,1,4.98,4.97,SPY200717C00307000,307.0,normalDay
2020-05-22,6507.0,-2066.0,0.0,100,295.44,316.0,0,0.0,0.0,,0.0,1,4.98,5.08,SPY200717C00307000,307.0,normalDay
2020-05-26,6507.0,-1793.0,0.0,100,299.08,316.0,0,0.0,0.0,,0.0,1,4.98,5.99,SPY200717C00307000,307.0,normalDay
2020-05-27,6507.0,-1530.0,0.0,100,303.53,316.0,0,0.0,0.0,,0.0,1,4.98,7.81,SPY200717C00307000,307.0,normalDay
2020-05-28,6507.0,-1613.0,0.0,100,302.97,316.0,0,0.0,0.0,,0.0,1,4.98,8.08,SPY200717C00307000,307.0,normalDay
2020-05-29,6507.0,-1517.0,0.0,100,304.32,316.0,0,0.0,0.0,,0.0,1,4.98,8.47,SPY200717C00307000,307.0,normalDay
2020-06-01,6507.0,-1405.0,0.0,100,305.55,316.0,0,0.0,0.0,,0.0,1,4.98,8.58,SPY200717C00307000,307.0,normalDay
2020-06-02,6507.0,-1242.0,0.0,100,308.08,316.0,0,0.0,0.0,,0.0,1,4.98,9.48,SPY200717C00307000,307.0,normalDay
2020-06-03,6507.0,-1071.0,0.0,100,312.18,316.0,0,0.0,0.0,,0.0,1,4.98,11.87,SPY200717C00307000,307.0,normalDay
2020-06-04,6507.0,-1095.0,0.0,100,311.36,316.0,0,0.0,0.0,,0.0,1,4.98,11.29,SPY200717C00307000,307.0,normalDay
2020-06-05,6507.0,-810.0,0.0,100,319.34,316.0,0,0.0,0.0,,0.0,1,4.98,16.42,SPY200717C00307000,307.0,normalDay
2020-06-08,6507.0,-708.0,0.0,100,323.2,316.0,0,0.0,0.0,,0.0,1,4.98,19.26,SPY200717C00307000,307.0,normalDay
2020-06-09,6507.0,-886.0,0.0,100,320.79,316.0,0,0.0,0.0,,0.0,1,4.98,18.63,SPY200717C00307000,307.0,normalDay
2020-06-10,6507.0,-842.0,0.0,100,319.0,316.0,0,0.0,0.0,,0.0,1,4.98,16.4,SPY200717C00307000,307.0,normalDay
2020-06-11,6507.0,-1906.0,0.0,100,300.61,316.0,0,0.0,0.0,,0.0,1,4.98,8.65,SPY200717C00307000,307.0,normalDay
2020-06-12,6507.0,-1551.0,0.0,100,304.21,316.0,0,0.0,0.0,,0.0,1,4.98,8.7,SPY200717C00307000,307.0,normalDay
2020-06-15,6507.0,-1389.0,0.0,100,307.05,316.0,0,0.0,0.0,,0.0,1,4.98,9.92,SPY200717C00307000,307.0,normalDay
2020-06-16,6507.0,-1117.0,0.0,100,312.96,316.0,0,0.0,0.0,,0.0,1,4.98,13.11,SPY200717C00307000,307.0,normalDay
2020-06-17,6507.0,-1176.0,0.0,100,311.66,316.0,0,0.0,0.0,,0.0,1,4.98,12.4,SPY200717C00307000,307.0,normalDay
2020-06-18,6507.0,-1100.0,0.0,100,311.78,316.0,0,0.0,0.0,,0.0,1,4.98,11.76,SPY200717C00307000,307.0,normalDay
2020-06-19,6507.0,-1238.0,0.0,100,308.64,316.0,0,0.0,0.0,,0.0,1,4.98,10.0,SPY200717C00307000,307.0,normalDay
2020-06-22,6507.0,-1146.0,0.0,100,310.62,316.0,0,0.0,0.0,,0.0,1,4.98,11.06,SPY200717C00307000,307.0,normalDay
2020-06-23,6507.0,-1053.0,0.0,100,312.05,316.0,0,0.0,0.0,,0.0,1,4.98,11.56,SPY200717C00307000,307.0,normalDay
2020-06-24,6507.0,-1444.0,0.0,100,304.09,316.0,0,0.0,0.0,,0.0,1,4.98,7.51,SPY200717C00307000,307.0,normalDay
2020-06-25,6507.0,-1223.0,0.0,100,307.35,316.0,0,0.0,0.0,,0.0,1,4.98,8.56,SPY200717C00307000,307.0,normalDay
2020-06-26,6507.0,-1622.0,0.0,100,300.05,316.0,0,0.0,0.0,,0.0,1,4.98,5.25,SPY200717C00307000,307.0,normalDay
2020-06-29,6507.0,-1240.0,0.0,100,304.46,316.0,0,0.0,0.0,,0.0,1,4.98,5.84,SPY200717C00307000,307.0,normalDay
2020-06-30,6507.0,-1008.0,0.0,100,308.36,316.0,0,0.0,0.0,,0.0,1,4.98,7.42,SPY200717C00307000,307.0,normalDay
2020-07-01,6507.0,-869.0,0.0,100,310.52,316.0,0,0.0,0.0,,0.0,1,4.98,8.19,SPY200717C00307000,307.0,normalDay
2020-07-02,6507.0,-795.0,0.0,100,312.23,316.0,0,0.0,0.0,,0.0,1,4.98,9.16,SPY200717C00307000,307.0,normalDay
2020-07-06,6507.0,-607.0,0.0,100,317.05,316.0,0,0.0,0.0,,0.0,1,4.98,12.1,SPY200717C00307000,307.0,normalDay
2020-07-07,6507.0,-680.0,0.0,100,313.78,316.0,0,0.0,0.0,,0.0,1,4.98,9.56,SPY200717C00307000,307.0,normalDay
2020-07-08,6507.0,-588.0,0.0,100,316.18,316.0,0,0.0,0.0,,0.0,1,4.98,11.04,SPY200717C00307000,307.0,normalDay
2020-07-09,6507.0,-610.0,0.0,100,314.38,316.0,0,0.0,0.0,,0.0,1,4.98,9.46,SPY200717C00307000,307.0,normalDay
2020-07-10,6507.0,-515.0,0.0,100,317.59,316.0,0,0.0,0.0,,0.0,1,4.98,11.72,SPY200717C00307000,307.0,normalDay
2020-07-13,6507.0,-532.0,0.0,100,314.84,316.0,0,0.0,0.0,,0.0,1,4.98,9.14,SPY200717C00307000,307.0,normalDay
2020-07-14,6507.0,-419.0,0.0,100,318.92,316.0,0,0.0,0.0,,0.0,1,4.98,12.09,SPY200717C00307000,307.0,normalDay
2020-07-15,6507.0,-402.0,0.0,100,321.85,316.0,0,0.0,0.0,,0.0,1,4.98,14.85,SPY200717C00307000,307.0,normalDay
2020-07-16,6507.0,-297.0,0.0,100,320.79,316.0,0,0.0,0.0,,0.0,1,4.98,12.74,SPY200717C00307000,307.0,normalDay
2020-07-17,6105.0,-297.0,-402.0,0,321.72,0.0,0,0.0,0.0,,0.0,1,4.98,0.0,SPY200717C00307000,307.0,expirationDay
2020-07-20,6105.0,-3.0,0.0,0,324.32,0.0,1,0.27,0.3,SPY200731P00293000,293.0,0,0.0,0.0,,0.0,normalDay
2020-07-21,6105.0,2.0,0.0,0,325.01,0.0,1,0.27,0.25,SPY200731P00293000,293.0,0,0.0,0.0,,0.0,normalDay
2020-07-22,6105.0,9.0,0.0,0,326.86,0.0,1,0.27,0.18,SPY200731P00293000,293.0,0,0.0,0.0,,0.0,normalDay
2020-07-23,6105.0,3.0,0.0,0,322.96,0.0,1,0.27,0.24,SPY200731P00293000,293.0,0,0.0,0.0,,0.0,normalDay
2020-07-24,6105.0,16.0,0.0,0,320.88,0.0,1,0.27,0.11,SPY200731P00293000,293.0,0,0.0,0.0,,0.0,normalDay
2020-07-27,6105.0,23.0,0.0,0,323.22,0.0,1,0.27,0.04,SPY200731P00293000,293.0,0,0.0,0.0,,0.0,normalDay
2020-07-28,6105.0,23.0,0.0,0,321.17,0.0,1,0.27,0.04,SPY200731P00293000,293.0,0,0.0,0.0,,0.0,normalDay
2020-07-29,6105.0,25.0,0.0,0,325.12,0.0,1,0.27,0.02,SPY200731P00293000,293.0,0,0.0,0.0,,0.0,normalDay
2020-07-30,6105.0,25.0,0.0,0,323.96,0.0,1,0.27,0.02,SPY200731P00293000,293.0,0,0.0,0.0,,0.0,normalDay
2020-07-31,6132.0,0.0,27.0,0,326.52,0.0,1,0.27,0.0,SPY200731P00293000,293.0,0,0.0,0.0,,0.0,expirationDay
2020-08-03,6132.0,-3.0,0.0,0,328.79,0.0,1,0.57,0.6,SPY200814P00308000,308.0,0,0.0,0.0,,0.0,normalDay
2020-08-04,6132.0,13.0,0.0,0,330.06,0.0,1,0.57,0.44,SPY200814P00308000,308.0,0,0.0,0.0,,0.0,normalDay
2020-08-05,6132.0,30.0,0.0,0,332.11,0.0,1,0.57,0.27,SPY200814P00308000,308.0,0,0.0,0.0,,0.0,normalDay
2020-08-06,6132.0,34.0,0.0,0,334.33,0.0,1,0.57,0.23,SPY200814P00308000,308.0,0,0.0,0.0,,0.0,normalDay
2020-08-07,6132.0,46.0,0.0,0,334.57,0.0,1,0.57,0.11,SPY200814P00308000,308.0,0,0.0,0.0,,0.0,normalDay
2020-08-10,6132.0,52.0,0.0,0,335.57,0.0,1,0.57,0.05,SPY200814P00308000,308.0,0,0.0,0.0,,0.0,normalDay
2020-08-11,6132.0,48.0,0.0,0,332.8,0.0,1,0.57,0.09,SPY200814P00308000,308.0,0,0.0,0.0,,0.0,normalDay
2020-08-12,6132.0,55.0,0.0,0,337.44,0.0,1,0.57,0.02,SPY200814P00308000,308.0,0,0.0,0.0,,0.0,normalDay
2020-08-13,6132.0,55.0,0.0,0,336.83,0.0,1,0.57,0.02,SPY200814P00308000,308.0,0,0.0,0.0,,0.0,normalDay
2020-08-14,6189.0,0.0,57.0,0,336.84,0.0,1,0.57,0.0,SPY200814P00308000,308.0,0,0.0,0.0,,0.0,expirationDay
2020-08-17,6189.0,-3.0,0.0,0,337.91,0.0,1,0.26,0.29,SPY200828P00311000,311.0,0,0.0,0.0,,0.0,normalDay
2020-08-18,6189.0,0.0,0.0,0,338.64,0.0,1,0.26,0.26,SPY200828P00311000,311.0,0,0.0,0.0,,0.0,normalDay
2020-08-19,6189.0,-3.0,0.0,0,337.23,0.0,1,0.26,0.29,SPY200828P00311000,311.0,0,0.0,0.0,,0.0,normalDay
2020-08-20,6189.0,5.0,0.0,0,338.28,0.0,1,0.26,0.21,SPY200828P00311000,311.0,0,0.0,0.0,,0.0,normalDay
2020-08-21,6189.0,14.0,0.0,0,339.48,0.0,1,0.26,0.12,SPY200828P00311000,311.0,0,0.0,0.0,,0.0,normalDay
2020-08-24,6189.0,21.0,0.0,0,342.92,0.0,1,0.26,0.05,SPY200828P00311000,311.0,0,0.0,0.0,,0.0,normalDay
2020-08-25,6189.0,23.0,0.0,0,344.12,0.0,1,0.26,0.03,SPY200828P00311000,311.0,0,0.0,0.0,,0.0,normalDay
2020-08-26,6189.0,22.0,0.0,0,347.57,0.0,1,0.26,0.04,SPY200828P00311000,311.0,0,0.0,0.0,,0.0,normalDay
2020-08-27,6189.0,25.0,0.0,0,348.33,0.0,1,0.26,0.01,SPY200828P00311000,311.0,0,0.0,0.0,,0.0,normalDay
2020-08-28,6215.0,0.0,26.0,0,350.58,0.0,1,0.26,0.0,SPY200828P00311000,311.0,0,0.0,0.0,,0.0,expirationDay
2020-08-31,6215.0,-3.0,0.0,0,349.31,0.0,1,0.43,0.46,SPY200911P00321000,321.0,0,0.0,0.0,,0.0,normalDay
2020-09-01,6215.0,15.0,0.0,0,352.6,0.0,1,0.43,0.28,SPY200911P00321000,321.0,0,0.0,0.0,,0.0,normalDay
2020-09-02,6215.0,22.0,0.0,0,357.7,0.0,1,0.43,0.21,SPY200911P00321000,321.0,0,0.0,0.0,,0.0,normalDay
2020-09-03,6215.0,-38.0,0.0,0,345.39,0.0,1,0.43,0.81,SPY200911P00321000,321.0,0,0.0,0.0,,0.0,normalDay
2020-09-04,6215.0,-35.0,0.0,0,342.57,0.0,1,0.43,0.78,SPY200911P00321000,321.0,0,0.0,0.0,,0.0,normalDay
2020-09-08,6215.0,-53.0,0.0,0,333.21,0.0,1,0.43,0.96,SPY200911P00321000,321.0,0,0.0,0.0,,0.0,normalDay
2020-09-09,6215.0,21.0,0.0,0,339.79,0.0,1,0.43,0.22,SPY200911P00321000,321.0,0,0.0,0.0,,0.0,normalDay
2020-09-10,6215.0,29.0,0.0,0,333.89,0.0,1,0.43,0.14,SPY200911P00321000,321.0,0,0.0,0.0,,0.0,normalDay
2020-09-11,6258.0,0.0,43.0,0,334.06,0.0,1,0.43,0.0,SPY200911P00321000,321.0,0,0.0,0.0,,0.0,expirationDay
2020-09-14,6258.0,-4.0,0.0,0,338.46,0.0,1,1.35,1.39,SPY200925P00322000,322.0,0,0.0,0.0,,0.0,normalDay
2020-09-15,6258.0,32.0,0.0,0,340.17,0.0,1,1.35,1.03,SPY200925P00322000,322.0,0,0.0,0.0,,0.0,normalDay
2020-09-16,6258.0,34.0,0.0,0,338.82,0.0,1,1.35,1.01,SPY200925P00322000,322.0,0,0.0,0.0,,0.0,normalDay
2020-09-17,6258.0,20.0,0.0,0,335.84,0.0,1,1.35,1.15,SPY200925P00322000,322.0,0,0.0,0.0,,0.0,normalDay
2020-09-18,6258.0,-5.0,0.0,0,330.65,0.0,1,1.35,1.4,SPY200925P00322000,322.0,0,0.0,0.0,,0.0,normalDay
2020-09-21,6258.0,-51.0,0.0,0,326.97,0.0,1,1.35,1.86,SPY200925P00322000,322.0,0,0.0,0.0,,0.0,normalDay
2020-09-22,6258.0,62.0,0.0,0,330.3,0.0,1,1.35,0.73,SPY200925P00322000,322.0,0,0.0,0.0,,0.0,normalDay
2020-09-23,6258.0,-109.0,0.0,0,322.64,0.0,1,1.35,2.44,SPY200925P00322000,322.0,0,0.0,0.0,,0.0,normalDay
2020-09-24,6258.0,16.0,0.0,0,323.5,0.0,1,1.35,1.19,SPY200925P00322000,322.0,0,0.0,0.0,,0.0,normalDay
2020-09-25,6393.0,0.0,135.0,0,328.73,0.0,1,1.35,0.0,SPY200925P00322000,322.0,0,0.0,0.0,,0.0,expirationDay
2020-09-28,6393.0,-3.0,0.0,0,334.19,0.0,1,0.47,0.5,SPY201009P00308000,308.0,0,0.0,0.0,,0.0,normalDay
2020-09-29,6393.0,-6.0,0.0,0,332.37,0.0,1,0.47,0.53,SPY201009P00308000,308.0,0,0.0,0.0,,0.0,normalDay
2020-09-30,6393.0,8.0,0.0,0,334.89,0.0,1,0.47,0.39,SPY201009P00308000,308.0,0,0.0,0.0,,0.0,normalDay
2020-10-01,6393.0,30.0,0.0,0,337.04,0.0,1,0.47,0.17,SPY201009P00308000,308.0,0,0.0,0.0,,0.0,normalDay
2020-10-02,6393.0,33.0,0.0,0,333.84,0.0,1,0.47,0.14,SPY201009P00308000,308.0,0,0.0,0.0,,0.0,normalDay
2020-10-05,6393.0,43.0,0.0,0,339.76,0.0,1,0.47,0.04,SPY201009P00308000,308.0,0,0.0,0.0,,0.0,normalDay
2020-10-06,6393.0,42.0,0.0,0,334.93,0.0,1,0.47,0.05,SPY201009P00308000,308.0,0,0.0,0.0,,0.0,normalDay
2020-10-07,6393.0,45.0,0.0,0,340.76,0.0,1,0.47,0.02,SPY201009P00308000,308.0,0,0.0,0.0,,0.0,normalDay
2020-10-08,6393.0,46.0,0.0,0,343.78,0.0,1,0.47,0.01,SPY201009P00308000,308.0,0,0.0,0.0,,0.0,normalDay
2020-10-09,6440.0,0.0,47.0,0,346.85,0.0,1,0.47,0.0,SPY201009P00308000,308.0,0,0.0,0.0,,0.0,expirationDay
2020-10-12,6440.0,-3.0,0.0,0,352.43,0.0,1,0.12,0.15,SPY201023P00312000,312.0,0,0.0,0.0,,0.0,normalDay
2020-10-13,6440.0,-2.0,0.0,0,350.13,0.0,1,0.12,0.14,SPY201023P00312000,312.0,0,0.0,0.0,,0.0,normalDay
2020-10-14,6440.0,0.0,0.0,0,347.93,0.0,1,0.12,0.12,SPY201023P00312000,312.0,0,0.0,0.0,,0.0,normalDay
2020-10-15,6440.0,3.0,0.0,0,347.5,0.0,1,0.12,0.09,SPY201023P00312000,312.0,0,0.0,0.0,,0.0,normalDay
2020-10-16,6440.0,6.0,0.0,0,347.29,0.0,1,0.12,0.06,SPY201023P00312000,312.0,0,0.0,0.0,,0.0,normalDay
2020-10-19,6440.0,6.0,0.0,0,342.01,0.0,1,0.12,0.06,SPY201023P00312000,312.0,0,0.0,0.0,,0.0,normalDay
2020-10-20,6440.0,9.0,0.0,0,343.38,0.0,1,0.12,0.03,SPY201023P00312000,312.0,0,0.0,0.0,,0.0,normalDay
2020-10-21,6440.0,10.0,0.0,0,342.73,0.0,1,0.12,0.02,SPY201023P00312000,312.0,0,0.0,0.0,,0.0,normalDay
2020-10-22,6440.0,11.0,0.0,0,344.61,0.0,1,0.12,0.01,SPY201023P00312000,312.0,0,0.0,0.0,,0.0,normalDay
2020-10-23,6452.0,0.0,12.0,0,345.78,0.0,1,0.12,0.0,SPY201023P00312000,312.0,0,0.0,0.0,,0.0,expirationDay
2020-10-26,6452.0,-6.0,0.0,0,339.39,0.0,1,3.48,3.54,SPY201106P00325000,325.0,0,0.0,0.0,,0.0,normalDay
2020-10-27,6452.0,-8.0,0.0,0,338.22,0.0,1,3.48,3.56,SPY201106P00325000,325.0,0,0.0,0.0,,0.0,normalDay
2020-10-28,6452.0,-507.0,0.0,0,326.66,0.0,1,3.48,8.55,SPY201106P00325000,325.0,0,0.0,0.0,,0.0,normalDay
2020-10-29,6452.0,-240.0,0.0,0,329.98,0.0,1,3.48,5.88,SPY201106P00325000,325.0,0,0.0,0.0,,0.0,normalDay
2020-10-30,6452.0,-319.0,0.0,0,326.54,0.0,1,3.48,6.67,SPY201106P00325000,325.0,0,0.0,0.0,,0.0,normalDay
2020-11-02,6452.0,-90.0,0.0,0,330.2,0.0,1,3.48,4.38,SPY201106P00325000,325.0,0,0.0,0.0,,0.0,normalDay
2020-11-03,6452.0,68.0,0.0,0,336.03,0.0,1,3.48,2.8,SPY201106P00325000,325.0,0,0.0,0.0,,0.0,normalDay
2020-11-04,6452.0,319.0,0.0,0,343.54,0.0,1,3.48,0.29,SPY201106P00325000,325.0,0,0.0,0.0,,0.0,normalDay
2020-11-05,6452.0,345.0,0.0,0,350.24,0.0,1,3.48,0.03,SPY201106P00325000,325.0,0,0.0,0.0,,0.0,normalDay
2020-11-06,6800.0,0.0,348.0,0,350.16,0.0,1,3.48,0.0,SPY201106P00325000,325.0,0,0.0,0.0,,0.0,expirationDay
2020-11-09,6800.0,-3.0,0.0,0,354.56,0.0,1,0.35,0.38,SPY201120P00316000,316.0,0,0.0,0.0,,0.0,normalDay
2020-11-10,6800.0,7.0,0.0,0,354.04,0.0,1,0.35,0.28,SPY201120P00316000,316.0,0,0.0,0.0,,0.0,normalDay
2020-11-11,6800.0,17.0,0.0,0,356.67,0.0,1,0.35,0.18,SPY201120P00316000,316.0,0,0.0,0.0,,0.0,normalDay
2020-11-12,6800.0,8.0,0.0,0,353.21,0.0,1,0.35,0.27,SPY201120P00316000,316.0,0,0.0,0.0,,0.0,normalDay
2020-11-13,6800.0,24.0,0.0,0,358.1,0.0,1,0.35,0.11,SPY201120P00316000,316.0,0,0.0,0.0,,0.0,normalDay
2020-11-16,6800.0,31.0,0.0,0,362.57,0.0,1,0.35,0.04,SPY201120P00316000,316.0,0,0.0,0.0,,0.0,normalDay
2020-11-17,6800.0,32.0,0.0,0,360.62,0.0,1,0.35,0.03,SPY201120P00316000,316.0,0,0.0,0.0,,0.0,normalDay
2020-11-18,6800.0,33.0,0.0,0,356.28,0.0,1,0.35,0.02,SPY201120P00316000,316.0,0,0.0,0.0,,0.0,normalDay
2020-11-19,6800.0,34.0,0.0,0,357.78,0.0,1,0.35,0.01,SPY201120P00316000,316.0,0,0.0,0.0,,0.0,normalDay
2020-11-20,6835.0,0.0,35.0,0,355.33,0.0,1,0.35,0.0,SPY201120P00316000,316.0,0,0.0,0.0,,0.0,expirationDay
2020-11-23,6835.0,-3.0,0.0,0,357.46,0.0,1,0.11,0.14,SPY201204P00310000,310.0,0,0.0,0.0,,0.0,normalDay
2020-11-24,6835.0,3.0,0.0,0,363.22,0.0,1,0.11,0.08,SPY201204P00310000,310.0,0,0.0,0.0,,0.0,normalDay
2020-11-25,6835.0,6.0,0.0,0,362.66,0.0,1,0.11,0.05,SPY201204P00310000,310.0,0,0.0,0.0,,0.0,normalDay
2020-11-27,6835.0,8.0,0.0,0,363.67,0.0,1,0.11,0.03,SPY201204P00310000,310.0,0,0.0,0.0,,0.0,normalDay
2020-11-30,6835.0,8.0,0.0,0,362.06,0.0,1,0.11,0.03,SPY201204P00310000,310.0,0,0.0,0.0,,0.0,normalDay
2020-12-01,6835.0,9.0,0.0,0,366.02,0.0,1,0.11,0.02,SPY201204P00310000,310.0,0,0.0,0.0,,0.0,normalDay
2020-12-02,6835.0,10.0,0.0,0,366.79,0.0,1,0.11,0.01,SPY201204P00310000,310.0,0,0.0,0.0,,0.0,normalDay
2020-12-03,6835.0,10.0,0.0,0,366.69,0.0,1,0.11,0.01,SPY201204P00310000,310.0,0,0.0,0.0,,0.0,normalDay
2020-12-04,6846.0,0.0,11.0,0,369.85,0.0,1,0.11,0.0,SPY201204P00310000,310.0,0,0.0,0.0,,0.0,expirationDay
2020-12-07,6846.0,-3.0,0.0,0,369.09,0.0,1,0.58,0.61,SPY201218P00345000,345.0,0,0.0,0.0,,0.0,normalDay
2020-12-08,6846.0,16.0,0.0,0,370.17,0.0,1,0.58,0.42,SPY201218P00345000,345.0,0,0.0,0.0,,0.0,normalDay
2020-12-09,6846.0,-2.0,0.0,0,366.85,0.0,1,0.58,0.6,SPY201218P00345000,345.0,0,0.0,0.0,,0.0,normalDay
2020-12-10,6846.0,10.0,0.0,0,366.73,0.0,1,0.58,0.48,SPY201218P00345000,345.0,0,0.0,0.0,,0.0,normalDay
2020-12-11,6846.0,11.0,0.0,0,366.3,0.0,1,0.58,0.47,SPY201218P00345000,345.0,0,0.0,0.0,,0.0,normalDay
2020-12-14,6846.0,14.0,0.0,0,364.66,0.0,1,0.58,0.44,SPY201218P00345000,345.0,0,0.0,0.0,,0.0,normalDay
2020-12-15,6846.0,39.0,0.0,0,369.59,0.0,1,0.58,0.19,SPY201218P00345000,345.0,0,0.0,0.0,,0.0,normalDay
2020-12-16,6846.0,48.0,0.0,0,370.17,0.0,1,0.58,0.1,SPY201218P00345000,345.0,0,0.0,0.0,,0.0,normalDay
2020-12-17,6846.0,52.0,0.0,0,372.24,0.0,1,0.58,0.06,SPY201218P00345000,345.0,0,0.0,0.0,,0.0,normalDay
2020-12-18,6904.0,0.0,58.0,0,369.18,0.0,1,0.58,0.0,SPY201218P00345000,345.0,0,0.0,0.0,,0.0,expirationDay
2020-12-21,6904.0,-4.0,0.0,0,367.86,0.0,1,1.59,1.63,SPY201231P00356000,356.0,0,0.0,0.0,,0.0,normalDay
2020-12-22,6904.0,25.0,0.0,0,367.24,0.0,1,1.59,1.34,SPY201231P00356000,356.0,0,0.0,0.0,,0.0,normalDay
2020-12-23,6904.0,66.0,0.0,0,367.57,0.0,1,1.59,0.93,SPY201231P00356000,356.0,0,0.0,0.0,,0.0,normalDay
2020-12-24,6904.0,117.0,0.0,0,369.0,0.0,1,1.59,0.42,SPY201231P00356000,356.0,0,0.0,0.0,,0.0,normalDay
2020-12-28,6904.0,150.0,0.0,0,372.17,0.0,1,1.59,0.09,SPY201231P00356000,356.0,0,0.0,0.0,,0.0,normalDay
2020-12-29,6904.0,150.0,0.0,0,371.46,0.0,1,1.59,0.09,SPY201231P00356000,356.0,0,0.0,0.0,,0.0,normalDay
2020-12-30,6904.0,154.0,0.0,0,371.99,0.0,1,1.59,0.05,SPY201231P00356000,356.0,0,0.0,0.0,,0.0,normalDay
2020-12-31,7063.0,0.0,159.0,0,373.88,0.0,1,1.59,0.0,SPY201231P00356000,356.0,0,0.0,0.0,,0.0,expirationDay
2021-01-04,7063.0,-4.0,0.0,0,368.79,0.0,1,3.45,3.49,SPY210115P00362000,362.0,0,0.0,0.0,,0.0,normalDay
2021-01-05,7063.0,95.0,0.0,0,371.33,0.0,1,3.45,2.5,SPY210115P00362000,362.0,0,0.0,0.0,,0.0,normalDay
2021-01-06,7063.0,143.0,0.0,0,373.55,0.0,1,3.45,2.02,SPY210115P00362000,362.0,0,0.0,0.0,,0.0,normalDay
2021-01-07,7063.0,278.0,0.0,0,379.1,0.0,1,3.45,0.67,SPY210115P00362000,362.0,0,0.0,0.0,,0.0,normalDay
2021-01-08,7063.0,306.0,0.0,0,381.26,0.0,1,3.45,0.39,SPY210115P00362000,362.0,0,0.0,0.0,,0.0,normalDay
2021-01-11,7063.0,308.0,0.0,0,378.69,0.0,1,3.45,0.37,SPY210115P00362000,362.0,0,0.0,0.0,,0.0,normalDay
2021-01-12,7063.0,325.0,0.0,0,378.77,0.0,1,3.45,0.2,SPY210115P00362000,362.0,0,0.0,0.0,,0.0,normalDay
2021-01-13,7063.0,335.0,0.0,0,379.79,0.0,1,3.45,0.1,SPY210115P00362000,362.0,0,0.0,0.0,,0.0,normalDay
2021-01-14,7063.0,337.0,0.0,0,378.46,0.0,1,3.45,0.08,SPY210115P00362000,362.0,0,0.0,0.0,,0.0,normalDay
2021-01-15,7408.0,0.0,345.0,0,375.7,0.0,1,3.45,0.0,SPY210115P00362000,362.0,0,0.0,0.0,,0.0,expirationDay
2021-01-19,7408.0,-4.0,0.0,0,378.65,0.0,1,0.95,0.99,SPY210129P00359000,359.0,0,0.0,0.0,,0.0,normalDay
2021-01-20,7408.0,52.0,0.0,0,383.89,0.0,1,0.95,0.43,SPY210129P00359000,359.0,0,0.0,0.0,,0.0,normalDay
2021-01-21,7408.0,65.0,0.0,0,384.24,0.0,1,0.95,0.3,SPY210129P00359000,359.0,0,0.0,0.0,,0.0,normalDay
2021-01-22,7408.0,71.0,0.0,0,382.88,0.0,1,0.95,0.24,SPY210129P00359000,359.0,0,0.0,0.0,,0.0,normalDay
2021-01-25,7408.0,82.0,0.0,0,384.39,0.0,1,0.95,0.13,SPY210129P00359000,359.0,0,0.0,0.0,,0.0,normalDay
2021-01-26,7408.0,87.0,0.0,0,383.79,0.0,1,0.95,0.08,SPY210129P00359000,359.0,0,0.0,0.0,,0.0,normalDay
2021-01-27,7408.0,17.0,0.0,0,374.41,0.0,1,0.95,0.78,SPY210129P00359000,359.0,0,0.0,0.0,,0.0,normalDay
2021-01-28,7408.0,88.0,0.0,0,377.63,0.0,1,0.95,0.07,SPY210129P00359000,359.0,0,0.0,0.0,,0.0,normalDay
2021-01-29,7503.0,0.0,95.0,0,370.07,0.0,1,0.95,0.0,SPY210129P00359000,359.0,0,0.0,0.0,,0.0,expirationDay
2021-02-01,7503.0,-5.0,0.0,0,376.23,0.0,1,3.01,3.06,SPY210212P00363000,363.0,0,0.0,0.0,,0.0,normalDay
2021-02-02,7503.0,184.0,0.0,0,381.55,0.0,1,3.01,1.17,SPY210212P00363000,363.0,0,0.0,0.0,,0.0,normalDay
2021-02-03,7503.0,230.0,0.0,0,381.85,0.0,1,3.01,0.71,SPY210212P00363000,363.0,0,0.0,0.0,,0.0,normalDay
2021-02-04,7503.0,268.0,0.0,0,386.19,0.0,1,3.01,0.33,SPY210212P00363000,363.0,0,0.0,0.0,,0.0,normalDay
2021-02-05,7503.0,288.0,0.0,0,387.71,0.0,1,3.01,0.13,SPY210212P00363000,363.0,0,0.0,0.0,,0.0,normalDay
2021-02-08,7503.0,295.0,0.0,0,390.51,0.0,1,3.01,0.06,SPY210212P00363000,363.0,0,0.0,0.0,,0.0,normalDay
2021-02-09,7503.0,296.0,0.0,0,390.25,0.0,1,3.01,0.05,SPY210212P00363000,363.0,0,0.0,0.0,,0.0,normalDay
2021-02-10,7503.0,297.0,0.0,0,390.08,0.0,1,3.01,0.04,SPY210212P00363000,363.0,0,0.0,0.0,,0.0,normalDay
2021-02-11,7503.0,300.0,0.0,0,390.71,0.0,1,3.01,0.01,SPY210212P00363000,363.0,0,0.0,0.0,,0.0,normalDay
2021-02-12,7804.0,0.0,301.0,0,392.64,0.0,1,3.01,0.0,SPY210212P00363000,363.0,0,0.0,0.0,,0.0,expirationDay
2021-02-16,7804.0,-3.0,0.0,0,392.3,0.0,1,0.41,0.44,SPY210226P00364000,364.0,0,0.0,0.0,,0.0,normalDay
2021-02-17,7804.0,9.0,0.0,0,392.39,0.0,1,0.41,0.32,SPY210226P00364000,364.0,0,0.0,0.0,,0.0,normalDay
2021-02-18,7804.0,6.0,0.0,0,390.72,0.0,1,0.41,0.35,SPY210226P00364000,364.0,0,0.0,0.0,,0.0,normalDay
2021-02-19,7804.0,23.0,0.0,0,390.03,0.0,1,0.41,0.18,SPY210226P00364000,364.0,0,0.0,0.0,,0.0,normalDay
2021-02-22,7804.0,25.0,0.0,0,387.03,0.0,1,0.41,0.16,SPY210226P00364000,364.0,0,0.0,0.0,,0.0,normalDay
2021-02-23,7804.0,32.0,0.0,0,387.5,0.0,1,0.41,0.09,SPY210226P00364000,364.0,0,0.0,0.0,,0.0,normalDay
2021-02-24,7804.0,38.0,0.0,0,391.77,0.0,1,0.41,0.03,SPY210226P00364000,364.0,0,0.0,0.0,,0.0,normalDay
2021-02-25,7804.0,32.0,0.0,0,382.33,0.0,1,0.41,0.09,SPY210226P00364000,364.0,0,0.0,0.0,,0.0,normalDay
2021-02-26,7845.0,0.0,41.0,0,380.36,0.0,1,0.41,0.0,SPY210226P00364000,364.0,0,0.0,0.0,,0.0,expirationDay
2021-03-01,7845.0,-4.0,0.0,0,389.58,0.0,1,1.54,1.58,SPY210312P00373000,373.0,0,0.0,0.0,,0.0,normalDay
2021-03-02,7845.0,-41.0,0.0,0,386.54,0.0,1,1.54,1.95,SPY210312P00373000,373.0,0,0.0,0.0,,0.0,normalDay
2021-03-03,7845.0,-150.0,0.0,0,381.42,0.0,1,1.54,3.04,SPY210312P00373000,373.0,0,0.0,0.0,,0.0,normalDay
2021-03-04,7845.0,-299.0,0.0,0,376.7,0.0,1,1.54,4.53,SPY210312P00373000,373.0,0,0.0,0.0,,0.0,normalDay
2021-03-05,7845.0,-23.0,0.0,0,383.63,0.0,1,1.54,1.77,SPY210312P00373000,373.0,0,0.0,0.0,,0.0,normalDay
2021-03-08,7845.0,-9.0,0.0,0,381.72,0.0,1,1.54,1.63,SPY210312P00373000,373.0,0,0.0,0.0,,0.0,normalDay
2021-03-09,7845.0,108.0,0.0,0,387.17,0.0,1,1.54,0.46,SPY210312P00373000,373.0,0,0.0,0.0,,0.0,normalDay
2021-03-10,7845.0,147.0,0.0,0,389.58,0.0,1,1.54,0.07,SPY210312P00373000,373.0,0,0.0,0.0,,0.0,normalDay
2021-03-11,7845.0,152.0,0.0,0,393.53,0.0,1,1.54,0.02,SPY210312P00373000,373.0,0,0.0,0.0,,0.0,normalDay
2021-03-12,7999.0,0.0,154.0,0,394.06,0.0,1,1.54,0.0,SPY210312P00373000,373.0,0,0.0,0.0,,0.0,expirationDay
2021-03-15,7999.0,-4.0,0.0,0,396.41,0.0,1,0.51,0.55,SPY210326P00371000,371.0,0,0.0,0.0,,0.0,normalDay
2021-03-16,7999.0,-3.0,0.0,0,395.91,0.0,1,0.51,0.54,SPY210326P00371000,371.0,0,0.0,0.0,,0.0,normalDay
2021-03-17,7999.0,20.0,0.0,0,397.26,0.0,1,0.51,0.31,SPY210326P00371000,371.0,0,0.0,0.0,,0.0,normalDay
2021-03-18,7999.0,-15.0,0.0,0,391.48,0.0,1,0.51,0.66,SPY210326P00371000,371.0,0,0.0,0.0,,0.0,normalDay
2021-03-19,7999.0,8.0,0.0,0,389.48,0.0,1,0.51,0.43,SPY210326P00371000,371.0,0,0.0,0.0,,0.0,normalDay
2021-03-22,7999.0,43.0,0.0,0,392.59,0.0,1,0.51,0.08,SPY210326P00371000,371.0,0,0.0,0.0,,0.0,normalDay
2021-03-23,7999.0,39.0,0.0,0,389.5,0.0,1,0.51,0.12,SPY210326P00371000,371.0,0,0.0,0.0,,0.0,normalDay
2021-03-24,7999.0,42.0,0.0,0,387.52,0.0,1,0.51,0.09,SPY210326P00371000,371.0,0,0.0,0.0,,0.0,normalDay
2021-03-25,7999.0,49.0,0.0,0,389.7,0.0,1,0.51,0.02,SPY210326P00371000,371.0,0,0.0,0.0,,0.0,normalDay
2021-03-26,8050.0,0.0,51.0,0,395.98,0.0,1,0.51,0.0,SPY210326P00371000,371.0,0,0.0,0.0,,0.0,expirationDay
2021-03-29,8050.0,-3.0,0.0,0,395.78,0.0,1,0.65,0.68,SPY210409P00372000,372.0,0,0.0,0.0,,0.0,normalDay
2021-03-30,8050.0,14.0,0.0,0,394.73,0.0,1,0.65,0.51,SPY210409P00372000,372.0,0,0.0,0.0,,0.0,normalDay
2021-03-31,8050.0,38.0,0.0,0,396.33,0.0,1,0.65,0.27,SPY210409P00372000,372.0,0,0.0,0.0,,0.0,normalDay
2021-04-01,8050.0,59.0,0.0,0,400.61,0.0,1,0.65,0.06,SPY210409P00372000,372.0,0,0.0,0.0,,0.0,normalDay
2021-04-05,8050.0,60.0,0.0,0,406.36,0.0,1,0.65,0.05,SPY210409P00372000,372.0,0,0.0,0.0,,0.0,normalDay
2021-04-06,8050.0,61.0,0.0,0,406.12,0.0,1,0.65,0.04,SPY210409P00372000,372.0,0,0.0,0.0,,0.0,normalDay
2021-04-07,8050.0,63.0,0.0,0,406.59,0.0,1,0.65,0.02,SPY210409P00372000,372.0,0,0.0,0.0,,0.0,normalDay
2021-04-08,8050.0,64.0,0.0,0,408.52,0.0,1,0.65,0.01,SPY210409P00372000,372.0,0,0.0,0.0,,0.0,normalDay
2021-04-09,8115.0,0.0,65.0,0,411.49,0.0,1,0.65,0.0,SPY210409P00372000,372.0,0,0.0,0.0,,0.0,expirationDay
2021-04-12,8115.0,-3.0,0.0,0,411.64,0.0,1,0.08,0.11,SPY210423P00374000,374.0,0,0.0,0.0,,0.0,normalDay
2021-04-13,8115.0,-1.0,0.0,0,412.86,0.0,1,0.08,0.09,SPY210423P00374000,374.0,0,0.0,0.0,,0.0,normalDay
2021-04-14,8115.0,-1.0,0.0,0,411.45,0.0,1,0.08,0.09,SPY210423P00374000,374.0,0,0.0,0.0,,0.0,normalDay
2021-04-15,8115.0,1.0,0.0,0,415.87,0.0,1,0.08,0.07,SPY210423P00374000,374.0,0,0.0,0.0,,0.0,normalDay
2021-04-16,8115.0,5.0,0.0,0,417.26,0.0,1,0.08,0.03,SPY210423P00374000,374.0,0,0.0,0.0,,0.0,normalDay
2021-04-19,8115.0,6.0,0.0,0,415.21,0.0,1,0.08,0.02,SPY210423P00374000,374.0,0,0.0,0.0,,0.0,normalDay
2021-04-20,8115.0,6.0,0.0,0,412.17,0.0,1,0.08,0.02,SPY210423P00374000,374.0,0,0.0,0.0,,0.0,normalDay
2021-04-21,8115.0,7.0,0.0,0,416.07,0.0,1,0.08,0.01,SPY210423P00374000,374.0,0,0.0,0.0,,0.0,normalDay
2021-04-22,8115.0,7.0,0.0,0,412.27,0.0,1,0.08,0.01,SPY210423P00374000,374.0,0,0.0,0.0,,0.0,normalDay
2021-04-23,8123.0,0.0,8.0,0,416.74,0.0,1,0.08,0.0,SPY210423P00374000,374.0,0,0.0,0.0,,0.0,expirationDay
2021-04-26,8123.0,-3.0,0.0,0,417.61,0.0,1,0.18,0.21,SPY210507P00387000,387.0,0,0.0,0.0,,0.0,normalDay
2021-04-27,8123.0,1.0,0.0,0,417.52,0.0,1,0.18,0.17,SPY210507P00387000,387.0,0,0.0,0.0,,0.0,normalDay
2021-04-28,8123.0,7.0,0.0,0,417.4,0.0,1,0.18,0.11,SPY210507P00387000,387.0,0,0.0,0.0,,0.0,normalDay
2021-04-29,8123.0,9.0,0.0,0,420.06,0.0,1,0.18,0.09,SPY210507P00387000,387.0,0,0.0,0.0,,0.0,normalDay
2021-04-30,8123.0,6.0,0.0,0,417.3,0.0,1,0.18,0.12,SPY210507P00387000,387.0,0,0.0,0.0,,0.0,normalDay
2021-05-03,8123.0,11.0,0.0,0,418.2,0.0,1,0.18,0.07,SPY210507P00387000,387.0,0,0.0,0.0,,0.0,normalDay
2021-05-04,8123.0,11.0,0.0,0,415.62,0.0,1,0.18,0.07,SPY210507P00387000,387.0,0,0.0,0.0,,0.0,normalDay
2021-05-05,8123.0,12.0,0.0,0,415.75,0.0,1,0.18,0.06,SPY210507P00387000,387.0,0,0.0,0.0,,0.0,normalDay
2021-05-06,8123.0,16.0,0.0,0,419.07,0.0,1,0.18,0.02,SPY210507P00387000,387.0,0,0.0,0.0,,0.0,normalDay
2021-05-07,8141.0,0.0,18.0,0,422.12,0.0,1,0.18,0.0,SPY210507P00387000,387.0,0,0.0,0.0,,0.0,expirationDay
2021-05-10,8141.0,-3.0,0.0,0,417.94,0.0,1,2.1,2.13,SPY210521P00408000,408.0,0,0.0,0.0,,0.0,normalDay
2021-05-11,8141.0,-100.0,0.0,0,414.21,0.0,1,2.1,3.1,SPY210521P00408000,408.0,0,0.0,0.0,,0.0,normalDay
2021-05-12,8141.0,-527.0,0.0,0,405.41,0.0,1,2.1,7.37,SPY210521P00408000,408.0,0,0.0,0.0,,0.0,normalDay
2021-05-13,8141.0,-206.0,0.0,0,410.28,0.0,1,2.1,4.16,SPY210521P00408000,408.0,0,0.0,0.0,,0.0,normalDay
2021-05-14,8141.0,86.0,0.0,0,416.58,0.0,1,2.1,1.24,SPY210521P00408000,408.0,0,0.0,0.0,,0.0,normalDay
2021-05-17,8141.0,106.0,0.0,0,415.52,0.0,1,2.1,1.04,SPY210521P00408000,408.0,0,0.0,0.0,,0.0,normalDay
2021-05-18,8141.0,52.0,0.0,0,411.94,0.0,1,2.1,1.58,SPY210521P00408000,408.0,0,0.0,0.0,,0.0,normalDay
2021-05-19,8141.0,64.0,0.0,0,410.86,0.0,1,2.1,1.46,SPY210521P00408000,408.0,0,0.0,0.0,,0.0,normalDay
2021-05-20,8141.0,197.0,0.0,0,415.28,0.0,1,2.1,0.13,SPY210521P00408000,408.0,0,0.0,0.0,,0.0,normalDay
2021-05-21,8351.0,0.0,210.0,0,414.94,0.0,1,2.1,0.0,SPY210521P00408000,408.0,0,0.0,0.0,,0.0,expirationDay
2021-05-24,8351.0,-3.0,0.0,0,419.17,0.0,1,0.79,0.82,SPY210604P00404000,404.0,0,0.0,0.0,,0.0,normalDay
2021-05-25,8351.0,-11.0,0.0,0,418.24,0.0,1,0.79,0.9,SPY210604P00404000,404.0,0,0.0,0.0,,0.0,normalDay
2021-05-26,8351.0,24.0,0.0,0,419.07,0.0,1,0.79,0.55,SPY210604P00404000,404.0,0,0.0,0.0,,0.0,normalDay
2021-05-27,8351.0,45.0,0.0,0,419.29,0.0,1,0.79,0.34,SPY210604P00404000,404.0,0,0.0,0.0,,0.0,normalDay
2021-05-28,8351.0,57.0,0.0,0,420.04,0.0,1,0.79,0.22,SPY210604P00404000,404.0,0,0.0,0.0,,0.0,normalDay
2021-06-01,8351.0,69.0,0.0,0,419.67,0.0,1,0.79,0.1,SPY210604P00404000,404.0,0,0.0,0.0,,0.0,normalDay
2021-06-02,8351.0,75.0,0.0,0,420.33,0.0,1,0.79,0.04,SPY210604P00404000,404.0,0,0.0,0.0,,0.0,normalDay
2021-06-03,8351.0,75.0,0.0,0,418.77,0.0,1,0.79,0.04,SPY210604P00404000,404.0,0,0.0,0.0,,0.0,normalDay
2021-06-04,8430.0,0.0,79.0,0,422.6,0.0,1,0.79,0.0,SPY210604P00404000,404.0,0,0.0,0.0,,0.0,expirationDay
2021-06-07,8430.0,-3.0,0.0,0,422.19,0.0,1,0.54,0.57,SPY210618P00403000,403.0,0,0.0,0.0,,0.0,normalDay
2021-06-08,8430.0,-13.0,0.0,0,422.28,0.0,1,0.54,0.67,SPY210618P00403000,403.0,0,0.0,0.0,,0.0,normalDay
2021-06-09,8430.0,-23.0,0.0,0,421.65,0.0,1,0.54,0.77,SPY210618P00403000,403.0,0,0.0,0.0,,0.0,normalDay
2021-06-10,8430.0,18.0,0.0,0,423.61,0.0,1,0.54,0.36,SPY210618P00403000,403.0,0,0.0,0.0,,0.0,normalDay
2021-06-11,8430.0,27.0,0.0,0,424.31,0.0,1,0.54,0.27,SPY210618P00403000,403.0,0,0.0,0.0,,0.0,normalDay
2021-06-14,8430.0,38.0,0.0,0,425.26,0.0,1,0.54,0.16,SPY210618P00403000,403.0,0,0.0,0.0,,0.0,normalDay
2021-06-15,8430.0,34.0,0.0,0,424.48,0.0,1,0.54,0.2,SPY210618P00403000,403.0,0,0.0,0.0,,0.0,normalDay
2021-06-16,8430.0,28.0,0.0,0,422.11,0.0,1,0.54,0.26,SPY210618P00403000,403.0,0,0.0,0.0,,0.0,normalDay
2021-06-17,8430.0,43.0,0.0,0,421.97,0.0,1,0.54,0.11,SPY210618P00403000,403.0,0,0.0,0.0,,0.0,normalDay
2021-06-18,8484.0,0.0,54.0,0,414.92,0.0,1,0.54,0.0,SPY210618P00403000,403.0,0,0.0,0.0,,0.0,expirationDay
2021-06-21,8484.0,-4.0,0.0,0,420.86,0.0,1,1.72,1.76,SPY210702P00413000,413.0,0,0.0,0.0,,0.0,normalDay
2021-06-22,8484.0,65.0,0.0,0,423.11,0.0,1,1.72,1.07,SPY210702P00413000,413.0,0,0.0,0.0,,0.0,normalDay
2021-06-23,8484.0,86.0,0.0,0,422.6,0.0,1,1.72,0.86,SPY210702P00413000,413.0,0,0.0,0.0,,0.0,normalDay
2021-06-24,8484.0,123.0,0.0,0,425.1,0.0,1,1.72,0.49,SPY210702P00413000,413.0,0,0.0,0.0,,0.0,normalDay
2021-06-25,8484.0,144.0,0.0,0,426.61,0.0,1,1.72,0.28,SPY210702P00413000,413.0,0,0.0,0.0,,0.0,normalDay
2021-06-28,8484.0,160.0,0.0,0,427.47,0.0,1,1.72,0.12,SPY210702P00413000,413.0,0,0.0,0.0,,0.0,normalDay
2021-06-29,8484.0,164.0,0.0,0,427.7,0.0,1,1.72,0.08,SPY210702P00413000,413.0,0,0.0,0.0,,0.0,normalDay
2021-06-30,8484.0,167.0,0.0,0,428.06,0.0,1,1.72,0.05,SPY210702P00413000,413.0,0,0.0,0.0,,0.0,normalDay
2021-07-01,8484.0,170.0,0.0,0,430.43,0.0,1,1.72,0.02,SPY210702P00413000,413.0,0,0.0,0.0,,0.0,normalDay
2021-07-02,8656.0,0.0,172.0,0,433.72,0.0,1,1.72,0.0,SPY210702P00413000,413.0,0,0.0,0.0,,0.0,expirationDay
2021-07-06,8656.0,-3.0,0.0,0,432.93,0.0,1,0.42,0.45,SPY210716P00411000,411.0,0,0.0,0.0,,0.0,normalDay
2021-07-07,8656.0,11.0,0.0,0,434.46,0.0,1,0.42,0.31,SPY210716P00411000,411.0,0,0.0,0.0,,0.0,normalDay
2021-07-08,8656.0,-25.0,0.0,0,430.92,0.0,1,0.42,0.67,SPY210716P00411000,411.0,0,0.0,0.0,,0.0,normalDay
2021-07-09,8656.0,23.0,0.0,0,435.52,0.0,1,0.42,0.19,SPY210716P00411000,411.0,0,0.0,0.0,,0.0,normalDay
2021-07-12,8656.0,34.0,0.0,0,437.08,0.0,1,0.42,0.08,SPY210716P00411000,411.0,0,0.0,0.0,,0.0,normalDay
2021-07-13,8656.0,32.0,0.0,0,435.59,0.0,1,0.42,0.1,SPY210716P00411000,411.0,0,0.0,0.0,,0.0,normalDay
2021-07-14,8656.0,38.0,0.0,0,436.24,0.0,1,0.42,0.04,SPY210716P00411000,411.0,0,0.0,0.0,,0.0,normalDay
2021-07-15,8656.0,40.0,0.0,0,434.75,0.0,1,0.42,0.02,SPY210716P00411000,411.0,0,0.0,0.0,,0.0,normalDay
2021-07-16,8698.0,0.0,42.0,0,431.34,0.0,1,0.42,0.0,SPY210716P00411000,411.0,0,0.0,0.0,,0.0,expirationDay
2021-07-19,8698.0,-5.0,0.0,0,424.97,0.0,1,2.59,2.64,SPY210730P00414000,414.0,0,0.0,0.0,,0.0,normalDay
2021-07-20,8698.0,143.0,0.0,0,431.06,0.0,1,2.59,1.16,SPY210730P00414000,414.0,0,0.0,0.0,,0.0,normalDay
2021-07-21,8698.0,217.0,0.0,0,434.55,0.0,1,2.59,0.42,SPY210730P00414000,414.0,0,0.0,0.0,,0.0,normalDay
2021-07-22,8698.0,230.0,0.0,0,435.46,0.0,1,2.59,0.29,SPY210730P00414000,414.0,0,0.0,0.0,,0.0,normalDay
2021-07-23,8698.0,249.0,0.0,0,439.94,0.0,1,2.59,0.1,SPY210730P00414000,414.0,0,0.0,0.0,,0.0,normalDay
2021-07-26,8698.0,255.0,0.0,0,441.02,0.0,1,2.59,0.04,SPY210730P00414000,414.0,0,0.0,0.0,,0.0,normalDay
2021-07-27,8698.0,249.0,0.0,0,439.01,0.0,1,2.59,0.1,SPY210730P00414000,414.0,0,0.0,0.0,,0.0,normalDay
2021-07-28,8698.0,255.0,0.0,0,438.83,0.0,1,2.59,0.04,SPY210730P00414000,414.0,0,0.0,0.0,,0.0,normalDay
2021-07-29,8698.0,257.0,0.0,0,440.65,0.0,1,2.59,0.02,SPY210730P00414000,414.0,0,0.0,0.0,,0.0,normalDay
2021-07-30,8957.0,0.0,259.0,0,438.51,0.0,1,2.59,0.0,SPY210730P00414000,414.0,0,0.0,0.0,,0.0,expirationDay
2021-08-02,8957.0,-4.0,0.0,0,437.59,0.0,1,1.19,1.23,SPY210813P00423000,423.0,0,0.0,0.0,,0.0,normalDay
2021-08-03,8957.0,64.0,0.0,0,441.15,0.0,1,1.19,0.55,SPY210813P00423000,423.0,0,0.0,0.0,,0.0,normalDay
2021-08-04,8957.0,64.0,0.0,0,438.98,0.0,1,1.19,0.55,SPY210813P00423000,423.0,0,0.0,0.0,,0.0,normalDay
2021-08-05,8957.0,87.0,0.0,0,441.76,0.0,1,1.19,0.32,SPY210813P00423000,423.0,0,0.0,0.0,,0.0,normalDay
2021-08-06,8957.0,108.0,0.0,0,442.49,0.0,1,1.19,0.11,SPY210813P00423000,423.0,0,0.0,0.0,,0.0,normalDay
2021-08-09,8957.0,111.0,0.0,0,442.13,0.0,1,1.19,0.08,SPY210813P00423000,423.0,0,0.0,0.0,,0.0,normalDay
2021-08-10,8957.0,112.0,0.0,0,442.68,0.0,1,1.19,0.07,SPY210813P00423000,423.0,0,0.0,0.0,,0.0,normalDay
2021-08-11,8957.0,115.0,0.0,0,443.78,0.0,1,1.19,0.04,SPY210813P00423000,423.0,0,0.0,0.0,,0.0,normalDay
2021-08-12,8957.0,116.0,0.0,0,445.11,0.0,1,1.19,0.03,SPY210813P00423000,423.0,0,0.0,0.0,,0.0,normalDay
2021-08-13,9076.0,0.0,119.0,0,445.92,0.0,1,1.19,0.0,SPY210813P00423000,423.0,0,0.0,0.0,,0.0,expirationDay
2021-08-16,9076.0,-3.0,0.0,0,446.97,0.0,1,0.53,0.56,SPY210827P00428000,428.0,0,0.0,0.0,,0.0,normalDay
2021-08-17,9076.0,-50.0,0.0,0,444.04,0.0,1,0.53,1.03,SPY210827P00428000,428.0,0,0.0,0.0,,0.0,normalDay
2021-08-18,9076.0,-164.0,0.0,0,439.18,0.0,1,0.53,2.17,SPY210827P00428000,428.0,0,0.0,0.0,,0.0,normalDay
2021-08-19,9076.0,-122.0,0.0,0,439.86,0.0,1,0.53,1.75,SPY210827P00428000,428.0,0,0.0,0.0,,0.0,normalDay
2021-08-20,9076.0,5.0,0.0,0,443.36,0.0,1,0.53,0.48,SPY210827P00428000,428.0,0,0.0,0.0,,0.0,normalDay
2021-08-23,9076.0,42.0,0.0,0,447.26,0.0,1,0.53,0.11,SPY210827P00428000,428.0,0,0.0,0.0,,0.0,normalDay
2021-08-24,9076.0,45.0,0.0,0,447.97,0.0,1,0.53,0.08,SPY210827P00428000,428.0,0,0.0,0.0,,0.0,normalDay
2021-08-25,9076.0,48.0,0.0,0,448.91,0.0,1,0.53,0.05,SPY210827P00428000,428.0,0,0.0,0.0,,0.0,normalDay
2021-08-26,9076.0,47.0,0.0,0,446.26,0.0,1,0.53,0.06,SPY210827P00428000,428.0,0,0.0,0.0,,0.0,normalDay
2021-08-27,9129.0,0.0,53.0,0,450.25,0.0,1,0.53,0.0,SPY210827P00428000,428.0,0,0.0,0.0,,0.0,expirationDay
2021-08-30,9129.0,-3.0,0.0,0,452.23,0.0,1,0.4,0.43,SPY210910P00433000,433.0,0,0.0,0.0,,0.0,normalDay
2021-08-31,9129.0,-5.0,0.0,0,451.56,0.0,1,0.4,0.45,SPY210910P00433000,433.0,0,0.0,0.0,,0.0,normalDay
2021-09-01,9129.0,9.0,0.0,0,451.8,0.0,1,0.4,0.31,SPY210910P00433000,433.0,0,0.0,0.0,,0.0,normalDay
2021-09-02,9129.0,11.0,0.0,0,453.19,0.0,1,0.4,0.29,SPY210910P00433000,433.0,0,0.0,0.0,,0.0,normalDay
2021-09-03,9129.0,22.0,0.0,0,453.08,0.0,1,0.4,0.18,SPY210910P00433000,433.0,0,0.0,0.0,,0.0,normalDay
2021-09-07,9129.0,30.0,0.0,0,451.46,0.0,1,0.4,0.1,SPY210910P00433000,433.0,0,0.0,0.0,,0.0,normalDay
2021-09-08,9129.0,34.0,0.0,0,450.91,0.0,1,0.4,0.06,SPY210910P00433000,433.0,0,0.0,0.0,,0.0,normalDay
2021-09-09,9129.0,36.0,0.0,0,448.98,0.0,1,0.4,0.04,SPY210910P00433000,433.0,0,0.0,0.0,,0.0,normalDay
2021-09-10,9169.0,0.0,40.0,0,445.44,0.0,1,0.4,0.0,SPY210910P00433000,433.0,0,0.0,0.0,,0.0,expirationDay
2021-09-13,9169.0,-4.0,0.0,0,446.58,0.0,1,2.18,2.22,SPY210924P00435000,435.0,0,0.0,0.0,,0.0,normalDay
2021-09-14,9169.0,-28.0,0.0,0,444.17,0.0,1,2.18,2.46,SPY210924P00435000,435.0,0,0.0,0.0,,0.0,normalDay
2021-09-15,9169.0,98.0,0.0,0,447.88,0.0,1,2.18,1.2,SPY210924P00435000,435.0,0,0.0,0.0,,0.0,normalDay
2021-09-16,9169.0,97.0,0.0,0,447.17,0.0,1,2.18,1.21,SPY210924P00435000,435.0,0,0.0,0.0,,0.0,normalDay
2021-09-17,9169.0,10.0,0.0,0,441.4,0.0,1,2.18,2.08,SPY210924P00435000,435.0,0,0.0,0.0,,0.0,normalDay
2021-09-20,9169.0,-268.0,0.0,0,434.04,0.0,1,2.18,4.86,SPY210924P00435000,435.0,0,0.0,0.0,,0.0,normalDay
2021-09-21,9169.0,-219.0,0.0,0,433.63,0.0,1,2.18,4.37,SPY210924P00435000,435.0,0,0.0,0.0,,0.0,normalDay
2021-09-22,9169.0,79.0,0.0,0,437.86,0.0,1,2.18,1.39,SPY210924P00435000,435.0,0,0.0,0.0,,0.0,normalDay
2021-09-23,9169.0,208.0,0.0,0,443.18,0.0,1,2.18,0.1,SPY210924P00435000,435.0,0,0.0,0.0,,0.0,normalDay
2021-09-24,9387.0,0.0,218.0,0,443.91,0.0,1,2.18,0.0,SPY210924P00435000,435.0,0,0.0,0.0,,0.0,expirationDay
2021-09-27,9387.0,-3.0,0.0,0,442.64,0.0,1,1.21,1.24,SPY211008P00427000,427.0,0,0.0,0.0,,0.0,normalDay
2021-09-28,9387.0,-244.0,0.0,0,433.72,0.0,1,1.21,3.65,SPY211008P00427000,427.0,0,0.0,0.0,,0.0,normalDay
2021-09-29,9387.0,-169.0,0.0,0,434.45,0.0,1,1.21,2.9,SPY211008P00427000,427.0,0,0.0,0.0,,0.0,normalDay
2021-09-30,9387.0,-306.0,0.0,0,429.14,0.0,1,1.21,4.27,SPY211008P00427000,427.0,0,0.0,0.0,,0.0,normalDay
2021-10-01,9387.0,-70.0,0.0,0,434.24,0.0,1,1.21,1.91,SPY211008P00427000,427.0,0,0.0,0.0,,0.0,normalDay
2021-10-04,9387.0,-215.0,0.0,0,428.64,0.0,1,1.21,3.36,SPY211008P00427000,427.0,0,0.0,0.0,,0.0,normalDay
2021-10-05,9387.0,-2.0,0.0,0,433.1,0.0,1,1.21,1.23,SPY211008P00427000,427.0,0,0.0,0.0,,0.0,normalDay
2021-10-06,9387.0,55.0,0.0,0,434.9,0.0,1,1.21,0.66,SPY211008P00427000,427.0,0,0.0,0.0,,0.0,normalDay
2021-10-07,9387.0,114.0,0.0,0,438.66,0.0,1,1.21,0.07,SPY211008P00427000,427.0,0,0.0,0.0,,0.0,normalDay
2021-10-08,9508.0,0.0,121.0,0,437.86,0.0,1,1.21,0.0,SPY211008P00427000,427.0,0,0.0,0.0,,0.0,expirationDay
2021-10-11,9508.0,-3.0,0.0,0,434.69,0.0,1,1.77,1.8,SPY211022P00420000,420.0,0,0.0,0.0,,0.0,normalDay
2021-10-12,9508.0,1.0,0.0,0,433.62,0.0,1,1.77,1.76,SPY211022P00420000,420.0,0,0.0,0.0,,0.0,normalDay
2021-10-13,9508.0,83.0,0.0,0,435.18,0.0,1,1.77,0.94,SPY211022P00420000,420.0,0,0.0,0.0,,0.0,normalDay
2021-10-14,9508.0,147.0,0.0,0,442.5,0.0,1,1.77,0.3,SPY211022P00420000,420.0,0,0.0,0.0,,0.0,normalDay
2021-10-15,9508.0,162.0,0.0,0,445.87,0.0,1,1.77,0.15,SPY211022P00420000,420.0,0,0.0,0.0,,0.0,normalDay
2021-10-18,9508.0,172.0,0.0,0,447.19,0.0,1,1.77,0.05,SPY211022P00420000,420.0,0,0.0,0.0,,0.0,normalDay
2021-10-19,9508.0,174.0,0.0,0,450.64,0.0,1,1.77,0.03,SPY211022P00420000,420.0,0,0.0,0.0,,0.0,normalDay
2021-10-20,9508.0,175.0,0.0,0,452.41,0.0,1,1.77,0.02,SPY211022P00420000,420.0,0,0.0,0.0,,0.0,normalDay
2021-10-21,9508.0,176.0,0.0,0,453.59,0.0,1,1.77,0.01,SPY211022P00420000,420.0,0,0.0,0.0,,0.0,normalDay
2021-10-22,9685.0,0.0,177.0,0,453.12,0.0,1,1.77,0.0,SPY211022P00420000,420.0,0,0.0,0.0,,0.0,expirationDay
2021-10-25,9685.0,-3.0,0.0,0,455.55,0.0,1,0.11,0.14,SPY211105P00413000,413.0,0,0.0,0.0,,0.0,normalDay
2021-10-26,9685.0,-5.0,0.0,0,455.96,0.0,1,0.11,0.16,SPY211105P00413000,413.0,0,0.0,0.0,,0.0,normalDay
2021-10-27,9685.0,-4.0,0.0,0,453.94,0.0,1,0.11,0.15,SPY211105P00413000,413.0,0,0.0,0.0,,0.0,normalDay
2021-10-28,9685.0,1.0,0.0,0,458.32,0.0,1,0.11,0.1,SPY211105P00413000,413.0,0,0.0,0.0,,0.0,normalDay
2021-10-29,9685.0,5.0,0.0,0,459.25,0.0,1,0.11,0.06,SPY211105P00413000,413.0,0,0.0,0.0,,0.0,normalDay
2021-11-01,9685.0,7.0,0.0,0,460.04,0.0,1,0.11,0.04,SPY211105P00413000,413.0,0,0.0,0.0,,0.0,normalDay
2021-11-02,9685.0,8.0,0.0,0,461.9,0.0,1,0.11,0.03,SPY211105P00413000,413.0,0,0.0,0.0,,0.0,normalDay
2021-11-03,9685.0,9.0,0.0,0,464.72,0.0,1,0.11,0.02,SPY211105P00413000,413.0,0,0.0,0.0,,0.0,normalDay
2021-11-04,9685.0,10.0,0.0,0,466.91,0.0,1,0.11,0.01,SPY211105P00413000,413.0,0,0.0,0.0,,0.0,normalDay
2021-11-05,9696.0,0.0,11.0,0,468.53,0.0,1,0.11,0.0,SPY211105P00413000,413.0,0,0.0,0.0,,0.0,expirationDay
2021-11-08,9696.0,-3.0,0.0,0,468.93,0.0,1,0.2,0.23,SPY211119P00423000,423.0,0,0.0,0.0,,0.0,normalDay
2021-11-09,9696.0,-1.0,0.0,0,467.38,0.0,1,0.2,0.21,SPY211119P00423000,423.0,0,0.0,0.0,,0.0,normalDay
2021-11-10,9696.0,-1.0,0.0,0,463.62,0.0,1,0.2,0.21,SPY211119P00423000,423.0,0,0.0,0.0,,0.0,normalDay
2021-11-11,9696.0,7.0,0.0,0,463.77,0.0,1,0.2,0.13,SPY211119P00423000,423.0,0,0.0,0.0,,0.0,normalDay
2021-11-12,9696.0,13.0,0.0,0,467.27,0.0,1,0.2,0.07,SPY211119P00423000,423.0,0,0.0,0.0,,0.0,normalDay
2021-11-15,9696.0,17.0,0.0,0,467.43,0.0,1,0.2,0.03,SPY211119P00423000,423.0,0,0.0,0.0,,0.0,normalDay
2021-11-16,9696.0,17.0,0.0,0,469.28,0.0,1,0.2,0.03,SPY211119P00423000,423.0,0,0.0,0.0,,0.0,normalDay
2021-11-17,9696.0,18.0,0.0,0,468.14,0.0,1,0.2,0.02,SPY211119P00423000,423.0,0,0.0,0.0,,0.0,normalDay
2021-11-18,9696.0,19.0,0.0,0,469.73,0.0,1,0.2,0.01,SPY211119P00423000,423.0,0,0.0,0.0,,0.0,normalDay
2021-11-19,9716.0,0.0,20.0,0,468.89,0.0,1,0.2,0.0,SPY211119P00423000,423.0,0,0.0,0.0,,0.0,expirationDay
2021-11-22,9716.0,-4.0,0.0,0,467.57,0.0,1,0.99,1.03,SPY211203P00450000,450.0,0,0.0,0.0,,0.0,normalDay
2021-11-23,9716.0,9.0,0.0,0,468.19,0.0,1,0.99,0.9,SPY211203P00450000,450.0,0,0.0,0.0,,0.0,normalDay
2021-11-24,9716.0,40.0,0.0,0,469.44,0.0,1,0.99,0.59,SPY211203P00450000,450.0,0,0.0,0.0,,0.0,normalDay
2021-11-26,9716.0,-341.0,0.0,0,458.97,0.0,1,0.99,4.4,SPY211203P00450000,450.0,0,0.0,0.0,,0.0,normalDay
2021-11-29,9716.0,31.0,0.0,0,464.6,0.0,1,0.99,0.68,SPY211203P00450000,450.0,0,0.0,0.0,,0.0,normalDay
2021-11-30,9716.0,-89.0,0.0,0,455.56,0.0,1,0.99,1.88,SPY211203P00450000,450.0,0,0.0,0.0,,0.0,normalDay
2021-12-01,9716.0,-328.0,0.0,0,450.5,0.0,1,0.99,4.27,SPY211203P00450000,450.0,0,0.0,0.0,,0.0,normalDay
2021-12-02,9716.0,40.0,0.0,0,457.4,0.0,1,0.99,0.59,SPY211203P00450000,450.0,0,0.0,0.0,,0.0,normalDay
2021-12-03,9815.0,0.0,99.0,0,453.42,0.0,1,0.99,0.0,SPY211203P00450000,450.0,0,0.0,0.0,,0.0,expirationDay
2021-12-06,9815.0,-4.0,0.0,0,458.79,0.0,1,3.76,3.8,SPY211217P00445000,445.0,0,0.0,0.0,,0.0,normalDay
2021-12-07,9815.0,248.0,0.0,0,468.28,0.0,1,3.76,1.28,SPY211217P00445000,445.0,0,0.0,0.0,,0.0,normalDay
2021-12-08,9815.0,313.0,0.0,0,469.52,0.0,1,3.76,0.63,SPY211217P00445000,445.0,0,0.0,0.0,,0.0,normalDay
2021-12-09,9815.0,272.0,0.0,0,466.35,0.0,1,3.76,1.04,SPY211217P00445000,445.0,0,0.0,0.0,,0.0,normalDay
2021-12-10,9815.0,347.0,0.0,0,470.74,0.0,1,3.76,0.29,SPY211217P00445000,445.0,0,0.0,0.0,,0.0,normalDay
2021-12-13,9815.0,349.0,0.0,0,466.57,0.0,1,3.76,0.27,SPY211217P00445000,445.0,0,0.0,0.0,,0.0,normalDay
2021-12-14,9815.0,340.0,0.0,0,463.36,0.0,1,3.76,0.36,SPY211217P00445000,445.0,0,0.0,0.0,,0.0,normalDay
2021-12-15,9815.0,367.0,0.0,0,470.6,0.0,1,3.76,0.09,SPY211217P00445000,445.0,0,0.0,0.0,,0.0,normalDay
2021-12-16,9815.0,370.0,0.0,0,466.45,0.0,1,3.76,0.06,SPY211217P00445000,445.0,0,0.0,0.0,,0.0,normalDay
2021-12-17,10191.0,0.0,376.0,0,459.87,0.0,1,3.76,0.0,SPY211217P00445000,445.0,0,0.0,0.0,,0.0,expirationDay
2021-12-20,10191.0,-5.0,0.0,0,454.98,0.0,1,2.64,2.69,SPY211231P00443000,443.0,0,0.0,0.0,,0.0,normalDay
2021-12-21,10191.0,165.0,0.0,0,463.06,0.0,1,2.64,0.99,SPY211231P00443000,443.0,0,0.0,0.0,,0.0,normalDay
2021-12-22,10191.0,238.0,0.0,0,467.69,0.0,1,2.64,0.26,SPY211231P00443000,443.0,0,0.0,0.0,,0.0,normalDay
2021-12-23,10191.0,250.0,0.0,0,470.6,0.0,1,2.64,0.14,SPY211231P00443000,443.0,0,0.0,0.0,,0.0,normalDay
2021-12-27,10191.0,259.0,0.0,0,477.26,0.0,1,2.64,0.05,SPY211231P00443000,443.0,0,0.0,0.0,,0.0,normalDay
2021-12-28,10191.0,261.0,0.0,0,476.87,0.0,1,2.64,0.03,SPY211231P00443000,443.0,0,0.0,0.0,,0.0,normalDay
2021-12-29,10191.0,262.0,0.0,0,477.48,0.0,1,2.64,0.02,SPY211231P00443000,443.0,0,0.0,0.0,,0.0,normalDay
2021-12-30,10191.0,262.0,0.0,0,476.16,0.0,1,2.64,0.02,SPY211231P00443000,443.0,0,0.0,0.0,,0.0,normalDay
2021-12-31,10455.0,0.0,264.0,0,474.96,0.0,1,2.64,0.0,SPY211231P00443000,443.0,0,0.0,0.0,,0.0,expirationDay
2022-01-03,10455.0,-3.0,0.0,0,477.71,0.0,1,0.26,0.29,SPY220114P00448000,448.0,0,0.0,0.0,,0.0,normalDay
2022-01-04,10455.0,-1.0,0.0,0,477.55,0.0,1,0.26,0.27,SPY220114P00448000,448.0,0,0.0,0.0,,0.0,normalDay
2022-01-05,10455.0,-63.0,0.0,0,468.38,0.0,1,0.26,0.89,SPY220114P00448000,448.0,0,0.0,0.0,,0.0,normalDay
2022-01-06,10455.0,-37.0,0.0,0,467.94,0.0,1,0.26,0.63,SPY220114P00448000,448.0,0,0.0,0.0,,0.0,normalDay
2022-01-07,10455.0,-8.0,0.0,0,466.09,0.0,1,0.26,0.34,SPY220114P00448000,448.0,0,0.0,0.0,,0.0,normalDay
2022-01-10,10455.0,-10.0,0.0,0,465.51,0.0,1,0.26,0.36,SPY220114P00448000,448.0,0,0.0,0.0,,0.0,normalDay
2022-01-11,10455.0,14.0,0.0,0,469.75,0.0,1,0.26,0.12,SPY220114P00448000,448.0,0,0.0,0.0,,0.0,normalDay
2022-01-12,10455.0,23.0,0.0,0,471.02,0.0,1,0.26,0.03,SPY220114P00448000,448.0,0,0.0,0.0,,0.0,normalDay
2022-01-13,10455.0,21.0,0.0,0,464.53,0.0,1,0.26,0.05,SPY220114P00448000,448.0,0,0.0,0.0,,0.0,normalDay
2022-01-14,10481.0,0.0,26.0,0,464.72,0.0,1,0.26,0.0,SPY220114P00448000,448.0,0,0.0,0.0,,0.0,expirationDay
2022-01-18,10481.0,-4.0,0.0,0,456.49,0.0,1,3.9,3.94,SPY220128P00448000,448.0,0,0.0,0.0,,0.0,normalDay
2022-01-19,10481.0,-83.0,0.0,0,451.75,0.0,1,3.9,4.73,SPY220128P00448000,448.0,0,0.0,0.0,,0.0,normalDay
2022-01-20,10481.0,-320.0,0.0,0,446.75,0.0,1,3.9,7.1,SPY220128P00448000,448.0,0,0.0,0.0,,0.0,normalDay
2022-01-21,10481.0,-850.0,0.0,0,437.98,0.0,1,3.9,12.4,SPY220128P00448000,448.0,0,0.0,0.0,,0.0,normalDay
2022-01-24,10481.0,-811.0,0.0,0,439.84,0.0,1,3.9,12.01,SPY220128P00448000,448.0,0,0.0,0.0,,0.0,normalDay
2022-01-25,10481.0,-1233.0,0.0,0,434.47,0.0,1,3.9,16.23,SPY220128P00448000,448.0,0,0.0,0.0,,0.0,normalDay
2022-01-26,10481.0,-1192.0,0.0,0,433.38,0.0,1,3.9,15.82,SPY220128P00448000,448.0,0,0.0,0.0,,0.0,normalDay
2022-01-27,10481.0,-1253.0,0.0,0,431.24,0.0,1,3.9,16.43,SPY220128P00448000,448.0,0,0.0,0.0,,0.0,normalDay
2022-01-28,10871.0,-605.0,390.0,100,441.95,448.0,1,3.9,0.0,SPY220128P00448000,448.0,0,0.0,0.0,,0.0,expirationDay
2022-01-31,10871.0,188.0,0.0,100,449.91,448.0,0,0.0,0.0,,0.0,1,0.25,0.28,SPY220414C00515000,515.0,normalDay
2022-02-01,10871.0,495.0,0.0,100,452.95,448.0,0,0.0,0.0,,0.0,1,0.25,0.25,SPY220414C00515000,515.0,normalDay
2022-02-02,10871.0,934.0,0.0,100,457.35,448.0,0,0.0,0.0,,0.0,1,0.25,0.26,SPY220414C00515000,515.0,normalDay
2022-02-03,10871.0,-136.0,0.0,100,446.6,448.0,0,0.0,0.0,,0.0,1,0.25,0.21,SPY220414C00515000,515.0,normalDay
2022-02-04,10871.0,80.0,0.0,100,448.7,448.0,0,0.0,0.0,,0.0,1,0.25,0.15,SPY220414C00515000,515.0,normalDay
2022-02-07,10871.0,-63.0,0.0,100,447.26,448.0,0,0.0,0.0,,0.0,1,0.25,0.14,SPY220414C00515000,515.0,normalDay
2022-02-08,10871.0,304.0,0.0,100,450.94,448.0,0,0.0,0.0,,0.0,1,0.25,0.15,SPY220414C00515000,515.0,normalDay
2022-02-09,10871.0,959.0,0.0,100,457.54,448.0,0,0.0,0.0,,0.0,1,0.25,0.2,SPY220414C00515000,515.0,normalDay
2022-02-10,10871.0,144.0,0.0,100,449.32,448.0,0,0.0,0.0,,0.0,1,0.25,0.13,SPY220414C00515000,515.0,normalDay
2022-02-11,10871.0,-742.0,0.0,100,440.46,448.0,0,0.0,0.0,,0.0,1,0.25,0.13,SPY220414C00515000,515.0,normalDay
2022-02-14,10871.0,-884.0,0.0,100,439.02,448.0,0,0.0,0.0,,0.0,1,0.25,0.11,SPY220414C00515000,515.0,normalDay
2022-02-15,10871.0,-176.0,0.0,100,446.1,448.0,0,0.0,0.0,,0.0,1,0.25,0.11,SPY220414C00515000,515.0,normalDay
2022-02-16,10871.0,-123.0,0.0,100,446.6,448.0,0,0.0,0.0,,0.0,1,0.25,0.08,SPY220414C00515000,515.0,normalDay
2022-02-17,10871.0,-1075.0,0.0,100,437.06,448.0,0,0.0,0.0,,0.0,1,0.25,0.06,SPY220414C00515000,515.0,normalDay
2022-02-18,10871.0,-1357.0,0.0,100,434.23,448.0,0,0.0,0.0,,0.0,1,0.25,0.05,SPY220414C00515000,515.0,normalDay
2022-02-22,10871.0,-1822.0,0.0,100,429.57,448.0,0,0.0,0.0,,0.0,1,0.25,0.04,SPY220414C00515000,515.0,normalDay
2022-02-23,10871.0,-2584.0,0.0,100,421.95,448.0,0,0.0,0.0,,0.0,1,0.25,0.04,SPY220414C00515000,515.0,normalDay
2022-02-24,10871.0,-1951.0,0.0,100,428.3,448.0,0,0.0,0.0,,0.0,1,0.25,0.06,SPY220414C00515000,515.0,normalDay
2022-02-25,10871.0,-1006.0,0.0,100,437.75,448.0,0,0.0,0.0,,0.0,1,0.25,0.06,SPY220414C00515000,515.0,normalDay
2022-02-28,10871.0,-1117.0,0.0,100,436.63,448.0,0,0.0,0.0,,0.0,1,0.25,0.05,SPY220414C00515000,515.0,normalDay
2022-03-01,10871.0,-1781.0,0.0,100,429.98,448.0,0,0.0,0.0,,0.0,1,0.25,0.04,SPY220414C00515000,515.0,normalDay
2022-03-02,10871.0,-991.0,0.0,100,437.89,448.0,0,0.0,0.0,,0.0,1,0.25,0.05,SPY220414C00515000,515.0,normalDay
2022-03-03,10871.0,-1208.0,0.0,100,435.71,448.0,0,0.0,0.0,,0.0,1,0.25,0.04,SPY220414C00515000,515.0,normalDay
2022-03-04,10871.0,-1562.0,0.0,100,432.17,448.0,0,0.0,0.0,,0.0,1,0.25,0.04,SPY220414C00515000,515.0,normalDay
2022-03-07,10871.0,-2834.0,0.0,100,419.43,448.0,0,0.0,0.0,,0.0,1,0.25,0.02,SPY220414C00515000,515.0,normalDay
2022-03-08,10871.0,-3152.0,0.0,100,416.25,448.0,0,0.0,0.0,,0.0,1,0.25,0.02,SPY220414C00515000,515.0,normalDay
2022-03-09,10871.0,-2037.0,0.0,100,427.41,448.0,0,0.0,0.0,,0.0,1,0.25,0.03,SPY220414C00515000,515.0,normalDay
2022-03-10,10871.0,-2229.0,0.0,100,425.48,448.0,0,0.0,0.0,,0.0,1,0.25,0.02,SPY220414C00515000,515.0,normalDay
2022-03-11,10871.0,-2770.0,0.0,100,420.07,448.0,0,0.0,0.0,,0.0,1,0.25,0.02,SPY220414C00515000,515.0,normalDay
2022-03-14,10871.0,-3077.0,0.0,100,417.0,448.0,0,0.0,0.0,,0.0,1,0.25,0.02,SPY220414C00515000,515.0,normalDay
2022-03-15,10871.0,-2160.0,0.0,100,426.17,448.0,0,0.0,0.0,,0.0,1,0.25,0.02,SPY220414C00515000,515.0,normalDay
2022-03-16,10871.0,-1215.0,0.0,100,435.62,448.0,0,0.0,0.0,,0.0,1,0.25,0.02,SPY220414C00515000,515.0,normalDay
2022-03-17,10871.0,-670.0,0.0,100,441.07,448.0,0,0.0,0.0,,0.0,1,0.25,0.02,SPY220414C00515000,515.0,normalDay
2022-03-18,10871.0,-325.0,0.0,100,444.52,448.0,0,0.0,0.0,,0.0,1,0.25,0.02,SPY220414C00515000,515.0,normalDay
2022-03-21,10871.0,-338.0,0.0,100,444.39,448.0,0,0.0,0.0,,0.0,1,0.25,0.02,SPY220414C00515000,515.0,normalDay
2022-03-22,10871.0,182.0,0.0,100,449.59,448.0,0,0.0,0.0,,0.0,1,0.25,0.02,SPY220414C00515000,515.0,normalDay
2022-03-23,10871.0,-396.0,0.0,100,443.8,448.0,0,0.0,0.0,,0.0,1,0.25,0.01,SPY220414C00515000,515.0,normalDay
2022-03-24,10871.0,273.0,0.0,100,450.49,448.0,0,0.0,0.0,,0.0,1,0.25,0.01,SPY220414C00515000,515.0,normalDay
2022-03-25,10871.0,493.0,0.0,100,452.69,448.0,0,0.0,0.0,,0.0,1,0.25,0.01,SPY220414C00515000,515.0,normalDay
2022-03-28,10871.0,815.0,0.0,100,455.91,448.0,0,0.0,0.0,,0.0,1,0.25,0.01,SPY220414C00515000,515.0,normalDay
2022-03-29,10871.0,1378.0,0.0,100,461.55,448.0,0,0.0,0.0,,0.0,1,0.25,0.02,SPY220414C00515000,515.0,normalDay
2022-03-30,10871.0,1094.0,0.0,100,458.7,448.0,0,0.0,0.0,,0.0,1,0.25,0.01,SPY220414C00515000,515.0,normalDay
2022-03-31,10871.0,388.0,0.0,100,451.64,448.0,0,0.0,0.0,,0.0,1,0.25,0.01,SPY220414C00515000,515.0,normalDay
2022-04-01,10871.0,516.0,0.0,100,452.92,448.0,0,0.0,0.0,,0.0,1,0.25,0.01,SPY220414C00515000,515.0,normalDay
2022-04-04,10871.0,904.0,0.0,100,456.8,448.0,0,0.0,0.0,,0.0,1,0.25,0.01,SPY220414C00515000,515.0,normalDay
2022-04-05,10871.0,327.0,0.0,100,451.03,448.0,0,0.0,0.0,,0.0,1,0.25,0.01,SPY220414C00515000,515.0,normalDay
2022-04-06,10871.0,-124.0,0.0,100,446.52,448.0,0,0.0,0.0,,0.0,1,0.25,0.01,SPY220414C00515000,515.0,normalDay
2022-04-07,10871.0,101.0,0.0,100,448.77,448.0,0,0.0,0.0,,0.0,1,0.25,0.01,SPY220414C00515000,515.0,normalDay
2022-04-08,10871.0,-19.0,0.0,100,447.57,448.0,0,0.0,0.0,,0.0,1,0.25,0.01,SPY220414C00515000,515.0,normalDay
2022-04-11,10871.0,-784.0,0.0,100,439.92,448.0,0,0.0,0.0,,0.0,1,0.25,0.01,SPY220414C00515000,515.0,normalDay
2022-04-12,10871.0,-947.0,0.0,100,438.29,448.0,0,0.0,0.0,,0.0,1,0.25,0.01,SPY220414C00515000,515.0,normalDay
2022-04-13,10871.0,-445.0,0.0,100,443.31,448.0,0,0.0,0.0,,0.0,1,0.25,0.01,SPY220414C00515000,515.0,normalDay
2022-04-14,10896.0,-1021.0,25.0,100,437.79,448.0,0,0.0,0.0,,0.0,1,0.25,0.0,SPY220414C00515000,515.0,expirationDay
2022-04-18,10896.0,-1008.0,0.0,100,437.97,448.0,0,0.0,0.0,,0.0,1,1.34,1.39,SPY220630C00476000,476.0,normalDay
2022-04-19,10896.0,-346.0,0.0,100,445.04,448.0,0,0.0,0.0,,0.0,1,1.34,1.84,SPY220630C00476000,476.0,normalDay
2022-04-20,10896.0,-397.0,0.0,100,444.71,448.0,0,0.0,0.0,,0.0,1,1.34,2.02,SPY220630C00476000,476.0,normalDay
2022-04-21,10896.0,-982.0,0.0,100,438.06,448.0,0,0.0,0.0,,0.0,1,1.34,1.22,SPY220630C00476000,476.0,normalDay
2022-04-22,10896.0,-2124.0,0.0,100,426.04,448.0,0,0.0,0.0,,0.0,1,1.34,0.62,SPY220630C00476000,476.0,normalDay
2022-04-25,10896.0,-1877.0,0.0,100,428.51,448.0,0,0.0,0.0,,0.0,1,1.34,0.62,SPY220630C00476000,476.0,normalDay
2022-04-26,10896.0,-3091.0,0.0,100,416.1,448.0,0,0.0,0.0,,0.0,1,1.34,0.35,SPY220630C00476000,476.0,normalDay
2022-04-27,10896.0,-2976.0,0.0,100,417.27,448.0,0,0.0,0.0,,0.0,1,1.34,0.37,SPY220630C00476000,476.0,normalDay
2022-04-28,10896.0,-1949.0,0.0,100,427.81,448.0,0,0.0,0.0,,0.0,1,1.34,0.64,SPY220630C00476000,476.0,normalDay
2022-04-29,10896.0,-3499.0,0.0,100,412.0,448.0,0,0.0,0.0,,0.0,1,1.34,0.33,SPY220630C00476000,476.0,normalDay
2022-05-02,10896.0,-3255.0,0.0,100,414.48,448.0,0,0.0,0.0,,0.0,1,1.34,0.37,SPY220630C00476000,476.0,normalDay
2022-05-03,10896.0,-3056.0,0.0,100,416.38,448.0,0,0.0,0.0,,0.0,1,1.34,0.28,SPY220630C00476000,476.0,normalDay
2022-05-04,10896.0,-1810.0,0.0,100,429.06,448.0,0,0.0,0.0,,0.0,1,1.34,0.5,SPY220630C00476000,476.0,normalDay
2022-05-05,10896.0,-3311.0,0.0,100,413.81,448.0,0,0.0,0.0,,0.0,1,1.34,0.26,SPY220630C00476000,476.0,normalDay
2022-05-06,10896.0,-3551.0,0.0,100,411.34,448.0,0,0.0,0.0,,0.0,1,1.34,0.19,SPY220630C00476000,476.0,normalDay
2022-05-09,10896.0,-4864.0,0.0,100,398.17,448.0,0,0.0,0.0,,0.0,1,1.34,0.15,SPY220630C00476000,476.0,normalDay
2022-05-10,10896.0,-4767.0,0.0,100,399.09,448.0,0,0.0,0.0,,0.0,1,1.34,0.1,SPY220630C00476000,476.0,normalDay
2022-05-11,10896.0,-5400.0,0.0,100,392.75,448.0,0,0.0,0.0,,0.0,1,1.34,0.09,SPY220630C00476000,476.0,normalDay
2022-05-12,10896.0,-5441.0,0.0,100,392.34,448.0,0,0.0,0.0,,0.0,1,1.34,0.09,SPY220630C00476000,476.0,normalDay
2022-05-13,10896.0,-4501.0,0.0,100,401.72,448.0,0,0.0,0.0,,0.0,1,1.34,0.07,SPY220630C00476000,476.0,normalDay
2022-05-16,10896.0,-4662.0,0.0,100,400.09,448.0,0,0.0,0.0,,0.0,1,1.34,0.05,SPY220630C00476000,476.0,normalDay
2022-05-17,10896.0,-3840.0,0.0,100,408.32,448.0,0,0.0,0.0,,0.0,1,1.34,0.06,SPY220630C00476000,476.0,normalDay
2022-05-18,10896.0,-5484.0,0.0,100,391.86,448.0,0,0.0,0.0,,0.0,1,1.34,0.04,SPY220630C00476000,476.0,normalDay
2022-05-19,10896.0,-5724.0,0.0,100,389.46,448.0,0,0.0,0.0,,0.0,1,1.34,0.04,SPY220630C00476000,476.0,normalDay
2022-05-20,10896.0,-5707.0,0.0,100,389.63,448.0,0,0.0,0.0,,0.0,1,1.34,0.04,SPY220630C00476000,476.0,normalDay
2022-05-23,10896.0,-4979.0,0.0,100,396.92,448.0,0,0.0,0.0,,0.0,1,1.34,0.05,SPY220630C00476000,476.0,normalDay
2022-05-24,10896.0,-5282.0,0.0,100,393.89,448.0,0,0.0,0.0,,0.0,1,1.34,0.05,SPY220630C00476000,476.0,normalDay
2022-05-25,10896.0,-4934.0,0.0,100,397.37,448.0,0,0.0,0.0,,0.0,1,1.34,0.05,SPY220630C00476000,476.0,normalDay
2022-05-26,10896.0,-4142.0,0.0,100,405.31,448.0,0,0.0,0.0,,0.0,1,1.34,0.07,SPY220630C00476000,476.0,normalDay
2022-05-27,10896.0,-3150.0,0.0,100,415.26,448.0,0,0.0,0.0,,0.0,1,1.34,0.1,SPY220630C00476000,476.0,normalDay
2022-05-31,10896.0,-3379.0,0.0,100,412.93,448.0,0,0.0,0.0,,0.0,1,1.34,0.06,SPY220630C00476000,476.0,normalDay
2022-06-01,10896.0,-3711.0,0.0,100,409.59,448.0,0,0.0,0.0,,0.0,1,1.34,0.04,SPY220630C00476000,476.0,normalDay
2022-06-02,10896.0,-2932.0,0.0,100,417.39,448.0,0,0.0,0.0,,0.0,1,1.34,0.05,SPY220630C00476000,476.0,normalDay
2022-06-03,10896.0,-3616.0,0.0,100,410.54,448.0,0,0.0,0.0,,0.0,1,1.34,0.04,SPY220630C00476000,476.0,normalDay
2022-06-06,10896.0,-3491.0,0.0,100,411.79,448.0,0,0.0,0.0,,0.0,1,1.34,0.04,SPY220630C00476000,476.0,normalDay
2022-06-07,10896.0,-3095.0,0.0,100,415.74,448.0,0,0.0,0.0,,0.0,1,1.34,0.03,SPY220630C00476000,476.0,normalDay
2022-06-08,10896.0,-3547.0,0.0,100,411.22,448.0,0,0.0,0.0,,0.0,1,1.34,0.03,SPY220630C00476000,476.0,normalDay
2022-06-09,10896.0,-4524.0,0.0,100,401.44,448.0,0,0.0,0.0,,0.0,1,1.34,0.02,SPY220630C00476000,476.0,normalDay
2022-06-10,10896.0,-5688.0,0.0,100,389.8,448.0,0,0.0,0.0,,0.0,1,1.34,0.02,SPY220630C00476000,476.0,normalDay
2022-06-13,10896.0,-7168.0,0.0,100,375.0,448.0,0,0.0,0.0,,0.0,1,1.34,0.02,SPY220630C00476000,476.0,normalDay
2022-06-14,10896.0,-7281.0,0.0,100,373.87,448.0,0,0.0,0.0,,0.0,1,1.34,0.02,SPY220630C00476000,476.0,normalDay
2022-06-15,10896.0,-6748.0,0.0,100,379.2,448.0,0,0.0,0.0,,0.0,1,1.34,0.02,SPY220630C00476000,476.0,normalDay
2022-06-16,10896.0,-8002.0,0.0,100,366.65,448.0,0,0.0,0.0,,0.0,1,1.34,0.01,SPY220630C00476000,476.0,normalDay
2022-06-17,10896.0,-8081.0,0.0,100,365.86,448.0,0,0.0,0.0,,0.0,1,1.34,0.01,SPY220630C00476000,476.0,normalDay
2022-06-21,10896.0,-7160.0,0.0,100,375.07,448.0,0,0.0,0.0,,0.0,1,1.34,0.01,SPY220630C00476000,476.0,normalDay
2022-06-22,10896.0,-7228.0,0.0,100,374.39,448.0,0,0.0,0.0,,0.0,1,1.34,0.01,SPY220630C00476000,476.0,normalDay
2022-06-23,10896.0,-6861.0,0.0,100,378.06,448.0,0,0.0,0.0,,0.0,1,1.34,0.01,SPY220630C00476000,476.0,normalDay
2022-06-24,10896.0,-5659.0,0.0,100,390.08,448.0,0,0.0,0.0,,0.0,1,1.34,0.01,SPY220630C00476000,476.0,normalDay
2022-06-27,10896.0,-5808.0,0.0,100,388.59,448.0,0,0.0,0.0,,0.0,1,1.34,0.01,SPY220630C00476000,476.0,normalDay
2022-06-28,10896.0,-6602.0,0.0,100,380.65,448.0,0,0.0,0.0,,0.0,1,1.34,0.01,SPY220630C00476000,476.0,normalDay
2022-06-29,10896.0,-6633.0,0.0,100,380.34,448.0,0,0.0,0.0,,0.0,1,1.34,0.01,SPY220630C00476000,476.0,normalDay
2022-06-30,11030.0,-7075.0,134.0,100,377.25,448.0,0,0.0,0.0,,0.0,1,1.34,0.0,SPY220630C00476000,476.0,expirationDay
2022-07-01,11030.0,-6679.0,0.0,100,381.24,448.0,0,0.0,0.0,,0.0,1,0.42,0.45,SPY220916C00449000,449.0,normalDay
2022-07-05,11030.0,-6602.0,0.0,100,381.96,448.0,0,0.0,0.0,,0.0,1,0.42,0.4,SPY220916C00449000,449.0,normalDay
2022-07-06,11030.0,-6476.0,0.0,100,383.25,448.0,0,0.0,0.0,,0.0,1,0.42,0.43,SPY220916C00449000,449.0,normalDay
2022-07-07,11030.0,-5915.0,0.0,100,388.99,448.0,0,0.0,0.0,,0.0,1,0.42,0.56,SPY220916C00449000,449.0,normalDay
2022-07-08,11030.0,-5942.0,0.0,100,388.67,448.0,0,0.0,0.0,,0.0,1,0.42,0.51,SPY220916C00449000,449.0,normalDay
2022-07-11,11030.0,-6371.0,0.0,100,384.23,448.0,0,0.0,0.0,,0.0,1,0.42,0.36,SPY220916C00449000,449.0,normalDay
2022-07-12,11030.0,-6701.0,0.0,100,380.83,448.0,0,0.0,0.0,,0.0,1,0.42,0.26,SPY220916C00449000,449.0,normalDay
2022-07-13,11030.0,-6898.0,0.0,100,378.83,448.0,0,0.0,0.0,,0.0,1,0.42,0.23,SPY220916C00449000,449.0,normalDay
2022-07-14,11030.0,-6989.0,0.0,100,377.91,448.0,0,0.0,0.0,,0.0,1,0.42,0.22,SPY220916C00449000,449.0,normalDay
2022-07-15,11030.0,-6273.0,0.0,100,385.13,448.0,0,0.0,0.0,,0.0,1,0.42,0.28,SPY220916C00449000,449.0,normalDay
2022-07-18,11030.0,-6587.0,0.0,100,381.95,448.0,0,0.0,0.0,,0.0,1,0.42,0.24,SPY220916C00449000,449.0,normalDay
2022-07-19,11030.0,-5583.0,0.0,100,392.27,448.0,0,0.0,0.0,,0.0,1,0.42,0.52,SPY220916C00449000,449.0,normalDay
2022-07-20,11030.0,-5342.0,0.0,100,394.77,448.0,0,0.0,0.0,,0.0,1,0.42,0.61,SPY220916C00449000,449.0,normalDay
2022-07-21,11030.0,-4948.0,0.0,100,398.79,448.0,0,0.0,0.0,,0.0,1,0.42,0.69,SPY220916C00449000,449.0,normalDay
2022-07-22,11030.0,-5294.0,0.0,100,395.09,448.0,0,0.0,0.0,,0.0,1,0.42,0.45,SPY220916C00449000,449.0,normalDay
2022-07-25,11030.0,-5239.0,0.0,100,395.57,448.0,0,0.0,0.0,,0.0,1,0.42,0.38,SPY220916C00449000,449.0,normalDay
2022-07-26,11030.0,-5696.0,0.0,100,390.89,448.0,0,0.0,0.0,,0.0,1,0.42,0.27,SPY220916C00449000,449.0,normalDay
2022-07-27,11030.0,-4702.0,0.0,100,401.04,448.0,0,0.0,0.0,,0.0,1,0.42,0.48,SPY220916C00449000,449.0,normalDay
2022-07-28,11030.0,-4224.0,0.0,100,406.07,448.0,0,0.0,0.0,,0.0,1,0.42,0.73,SPY220916C00449000,449.0,normalDay
2022-07-29,11030.0,-3652.0,0.0,100,411.99,448.0,0,0.0,0.0,,0.0,1,0.42,0.93,SPY220916C00449000,449.0,normalDay
2022-08-01,11030.0,-3760.0,0.0,100,410.77,448.0,0,0.0,0.0,,0.0,1,0.42,0.79,SPY220916C00449000,449.0,normalDay
2022-08-02,11030.0,-4011.0,0.0,100,408.06,448.0,0,0.0,0.0,,0.0,1,0.42,0.59,SPY220916C00449000,449.0,normalDay
2022-08-03,11030.0,-3403.0,0.0,100,414.45,448.0,0,0.0,0.0,,0.0,1,0.42,0.9,SPY220916C00449000,449.0,normalDay
2022-08-04,11030.0,-3422.0,0.0,100,414.17,448.0,0,0.0,0.0,,0.0,1,0.42,0.81,SPY220916C00449000,449.0,normalDay
2022-08-05,11030.0,-3466.0,0.0,100,413.47,448.0,0,0.0,0.0,,0.0,1,0.42,0.55,SPY220916C00449000,449.0,normalDay
2022-08-08,11030.0,-3509.0,0.0,100,412.99,448.0,0,0.0,0.0,,0.0,1,0.42,0.5,SPY220916C00449000,449.0,normalDay
2022-08-09,11030.0,-3665.0,0.0,100,411.35,448.0,0,0.0,0.0,,0.0,1,0.42,0.42,SPY220916C00449000,449.0,normalDay
2022-08-10,11030.0,-2844.0,0.0,100,419.99,448.0,0,0.0,0.0,,0.0,1,0.42,0.85,SPY220916C00449000,449.0,normalDay
2022-08-11,11030.0,-2842.0,0.0,100,419.99,448.0,0,0.0,0.0,,0.0,1,0.42,0.83,SPY220916C00449000,449.0,normalDay
2022-08-12,11030.0,-2203.0,0.0,100,427.1,448.0,0,0.0,0.0,,0.0,1,0.42,1.55,SPY220916C00449000,449.0,normalDay
2022-08-15,11030.0,-2045.0,0.0,100,428.86,448.0,0,0.0,0.0,,0.0,1,0.42,1.73,SPY220916C00449000,449.0,normalDay
2022-08-16,11030.0,-1954.0,0.0,100,429.7,448.0,0,0.0,0.0,,0.0,1,0.42,1.66,SPY220916C00449000,449.0,normalDay
2022-08-17,11030.0,-2212.0,0.0,100,426.65,448.0,0,0.0,0.0,,0.0,1,0.42,1.19,SPY220916C00449000,449.0,normalDay
2022-08-18,11030.0,-2078.0,0.0,100,427.89,448.0,0,0.0,0.0,,0.0,1,0.42,1.09,SPY220916C00449000,449.0,normalDay
2022-08-19,11030.0,-2594.0,0.0,100,422.14,448.0,0,0.0,0.0,,0.0,1,0.42,0.5,SPY220916C00449000,449.0,normalDay
2022-08-22,11030.0,-3441.0,0.0,100,413.35,448.0,0,0.0,0.0,,0.0,1,0.42,0.18,SPY220916C00449000,449.0,normalDay
2022-08-23,11030.0,-3537.0,0.0,100,412.35,448.0,0,0.0,0.0,,0.0,1,0.42,0.14,SPY220916C00449000,449.0,normalDay
2022-08-24,11030.0,-3404.0,0.0,100,413.67,448.0,0,0.0,0.0,,0.0,1,0.42,0.13,SPY220916C00449000,449.0,normalDay
2022-08-25,11030.0,-2828.0,0.0,100,419.51,448.0,0,0.0,0.0,,0.0,1,0.42,0.21,SPY220916C00449000,449.0,normalDay
2022-08-26,11030.0,-4232.0,0.0,100,405.31,448.0,0,0.0,0.0,,0.0,1,0.42,0.05,SPY220916C00449000,449.0,normalDay
2022-08-29,11030.0,-4499.0,0.0,100,402.63,448.0,0,0.0,0.0,,0.0,1,0.42,0.04,SPY220916C00449000,449.0,normalDay
2022-08-30,11030.0,-4940.0,0.0,100,398.21,448.0,0,0.0,0.0,,0.0,1,0.42,0.03,SPY220916C00449000,449.0,normalDay
2022-08-31,11030.0,-5242.0,0.0,100,395.18,448.0,0,0.0,0.0,,0.0,1,0.42,0.02,SPY220916C00449000,449.0,normalDay
2022-09-01,11030.0,-5118.0,0.0,100,396.42,448.0,0,0.0,0.0,,0.0,1,0.42,0.02,SPY220916C00449000,449.0,normalDay
2022-09-02,11030.0,-5536.0,0.0,100,392.24,448.0,0,0.0,0.0,,0.0,1,0.42,0.02,SPY220916C00449000,449.0,normalDay
2022-09-06,11030.0,-5684.0,0.0,100,390.76,448.0,0,0.0,0.0,,0.0,1,0.42,0.02,SPY220916C00449000,449.0,normalDay
2022-09-07,11030.0,-4982.0,0.0,100,397.78,448.0,0,0.0,0.0,,0.0,1,0.42,0.02,SPY220916C00449000,449.0,normalDay
2022-09-08,11030.0,-4721.0,0.0,100,400.38,448.0,0,0.0,0.0,,0.0,1,0.42,0.01,SPY220916C00449000,449.0,normalDay
2022-09-09,11030.0,-4099.0,0.0,100,406.6,448.0,0,0.0,0.0,,0.0,1,0.42,0.01,SPY220916C00449000,449.0,normalDay
2022-09-12,11030.0,-3663.0,0.0,100,410.97,448.0,0,0.0,0.0,,0.0,1,0.42,0.02,SPY220916C00449000,449.0,normalDay
2022-09-13,11030.0,-5449.0,0.0,100,393.1,448.0,0,0.0,0.0,,0.0,1,0.42,0.01,SPY220916C00449000,449.0,normalDay
2022-09-14,11030.0,-5299.0,0.0,100,394.6,448.0,0,0.0,0.0,,0.0,1,0.42,0.01,SPY220916C00449000,449.0,normalDay
2022-09-15,11030.0,-5747.0,0.0,100,390.12,448.0,0,0.0,0.0,,0.0,1,0.42,0.01,SPY220916C00449000,449.0,normalDay
2022-09-16,11072.0,-6244.0,42.0,100,385.56,448.0,0,0.0,0.0,,0.0,1,0.42,0.0,SPY220916C00449000,449.0,expirationDay
2022-09-19,11072.0,-5949.0,0.0,100,388.55,448.0,0,0.0,0.0,,0.0,1,0.91,0.95,SPY221118C00440000,440.0,normalDay
2022-09-20,11072.0,-6373.0,0.0,100,384.09,448.0,0,0.0,0.0,,0.0,1,0.91,0.73,SPY221118C00440000,440.0,normalDay
2022-09-21,11072.0,-7018.0,0.0,100,377.39,448.0,0,0.0,0.0,,0.0,1,0.91,0.48,SPY221118C00440000,440.0,normalDay
2022-09-22,11072.0,-7325.0,0.0,100,374.22,448.0,0,0.0,0.0,,0.0,1,0.91,0.38,SPY221118C00440000,440.0,normalDay
2022-09-23,11072.0,-7941.0,0.0,100,367.95,448.0,0,0.0,0.0,,0.0,1,0.91,0.27,SPY221118C00440000,440.0,normalDay
2022-09-26,11072.0,-8301.0,0.0,100,364.31,448.0,0,0.0,0.0,,0.0,1,0.91,0.23,SPY221118C00440000,440.0,normalDay
2022-09-27,11072.0,-8390.0,0.0,100,363.38,448.0,0,0.0,0.0,,0.0,1,0.91,0.19,SPY221118C00440000,440.0,normalDay
2022-09-28,11072.0,-7686.0,0.0,100,370.53,448.0,0,0.0,0.0,,0.0,1,0.91,0.3,SPY221118C00440000,440.0,normalDay
2022-09-29,11072.0,-8446.0,0.0,100,362.79,448.0,0,0.0,0.0,,0.0,1,0.91,0.16,SPY221118C00440000,440.0,normalDay
2022-09-30,11072.0,-9003.0,0.0,100,357.18,448.0,0,0.0,0.0,,0.0,1,0.91,0.12,SPY221118C00440000,440.0,normalDay
2022-10-03,11072.0,-8066.0,0.0,100,366.61,448.0,0,0.0,0.0,,0.0,1,0.91,0.18,SPY221118C00440000,440.0,normalDay
2022-10-04,11072.0,-6952.0,0.0,100,377.97,448.0,0,0.0,0.0,,0.0,1,0.91,0.4,SPY221118C00440000,440.0,normalDay
2022-10-05,11072.0,-7029.0,0.0,100,377.09,448.0,0,0.0,0.0,,0.0,1,0.91,0.29,SPY221118C00440000,440.0,normalDay
2022-10-06,11072.0,-7412.0,0.0,100,373.2,448.0,0,0.0,0.0,,0.0,1,0.91,0.23,SPY221118C00440000,440.0,normalDay
2022-10-07,11072.0,-8442.0,0.0,100,362.79,448.0,0,0.0,0.0,,0.0,1,0.91,0.12,SPY221118C00440000,440.0,normalDay
2022-10-10,11072.0,-8719.0,0.0,100,360.02,448.0,0,0.0,0.0,,0.0,1,0.91,0.12,SPY221118C00440000,440.0,normalDay
2022-10-11,11072.0,-8946.0,0.0,100,357.74,448.0,0,0.0,0.0,,0.0,1,0.91,0.11,SPY221118C00440000,440.0,normalDay
2022-10-12,11072.0,-9063.0,0.0,100,356.56,448.0,0,0.0,0.0,,0.0,1,0.91,0.1,SPY221118C00440000,440.0,normalDay
2022-10-13,11072.0,-8130.0,0.0,100,365.97,448.0,0,0.0,0.0,,0.0,1,0.91,0.18,SPY221118C00440000,440.0,normalDay
2022-10-14,11072.0,-8957.0,0.0,100,357.63,448.0,0,0.0,0.0,,0.0,1,0.91,0.11,SPY221118C00440000,440.0,normalDay
2022-10-17,11072.0,-8040.0,0.0,100,366.82,448.0,0,0.0,0.0,,0.0,1,0.91,0.13,SPY221118C00440000,440.0,normalDay
2022-10-18,11072.0,-7614.0,0.0,100,371.13,448.0,0,0.0,0.0,,0.0,1,0.91,0.18,SPY221118C00440000,440.0,normalDay
2022-10-19,11072.0,-7873.0,0.0,100,368.5,448.0,0,0.0,0.0,,0.0,1,0.91,0.14,SPY221118C00440000,440.0,normalDay
2022-10-20,11072.0,-8176.0,0.0,100,365.41,448.0,0,0.0,0.0,,0.0,1,0.91,0.08,SPY221118C00440000,440.0,normalDay
2022-10-21,11072.0,-7297.0,0.0,100,374.29,448.0,0,0.0,0.0,,0.0,1,0.91,0.17,SPY221118C00440000,440.0,normalDay
2022-10-24,11072.0,-6843.0,0.0,100,378.87,448.0,0,0.0,0.0,,0.0,1,0.91,0.21,SPY221118C00440000,440.0,normalDay
2022-10-25,11072.0,-6236.0,0.0,100,384.92,448.0,0,0.0,0.0,,0.0,1,0.91,0.19,SPY221118C00440000,440.0,normalDay
2022-10-26,11072.0,-6519.0,0.0,100,382.02,448.0,0,0.0,0.0,,0.0,1,0.91,0.12,SPY221118C00440000,440.0,normalDay
2022-10-27,11072.0,-6718.0,0.0,100,379.98,448.0,0,0.0,0.0,,0.0,1,0.91,0.07,SPY221118C00440000,440.0,normalDay
2022-10-28,11072.0,-5822.0,0.0,100,389.02,448.0,0,0.0,0.0,,0.0,1,0.91,0.15,SPY221118C00440000,440.0,normalDay
2022-10-31,11072.0,-6098.0,0.0,100,386.21,448.0,0,0.0,0.0,,0.0,1,0.91,0.1,SPY221118C00440000,440.0,normalDay
2022-11-01,11072.0,-6264.0,0.0,100,384.52,448.0,0,0.0,0.0,,0.0,1,0.91,0.07,SPY221118C00440000,440.0,normalDay
2022-11-02,11072.0,-7225.0,0.0,100,374.87,448.0,0,0.0,0.0,,0.0,1,0.91,0.03,SPY221118C00440000,440.0,normalDay
2022-11-03,11072.0,-7611.0,0.0,100,371.01,448.0,0,0.0,0.0,,0.0,1,0.91,0.03,SPY221118C00440000,440.0,normalDay
2022-11-04,11072.0,-7076.0,0.0,100,376.35,448.0,0,0.0,0.0,,0.0,1,0.91,0.02,SPY221118C00440000,440.0,normalDay
2022-11-07,11072.0,-6716.0,0.0,100,379.95,448.0,0,0.0,0.0,,0.0,1,0.91,0.02,SPY221118C00440000,440.0,normalDay
2022-11-08,11072.0,-6511.0,0.0,100,382.0,448.0,0,0.0,0.0,,0.0,1,0.91,0.02,SPY221118C00440000,440.0,normalDay
2022-11-09,11072.0,-7297.0,0.0,100,374.13,448.0,0,0.0,0.0,,0.0,1,0.91,0.01,SPY221118C00440000,440.0,normalDay
2022-11-10,11072.0,-5243.0,0.0,100,394.69,448.0,0,0.0,0.0,,0.0,1,0.91,0.03,SPY221118C00440000,440.0,normalDay
2022-11-11,11072.0,-4860.0,0.0,100,398.51,448.0,0,0.0,0.0,,0.0,1,0.91,0.02,SPY221118C00440000,440.0,normalDay
2022-11-14,11072.0,-5198.0,0.0,100,395.12,448.0,0,0.0,0.0,,0.0,1,0.91,0.01,SPY221118C00440000,440.0,normalDay
2022-11-15,11072.0,-4861.0,0.0,100,398.49,448.0,0,0.0,0.0,,0.0,1,0.91,0.01,SPY221118C00440000,440.0,normalDay
2022-11-16,11072.0,-5165.0,0.0,100,395.45,448.0,0,0.0,0.0,,0.0,1,0.91,0.01,SPY221118C00440000,440.0,normalDay
2022-11-17,11072.0,-5286.0,0.0,100,394.24,448.0,0,0.0,0.0,,0.0,1,0.91,0.01,SPY221118C00440000,440.0,normalDay
2022-11-18,11163.0,-5197.0,91.0,100,396.03,448.0,0,0.0,0.0,,0.0,1,0.91,0.0,SPY221118C00440000,440.0,expirationDay
2022-11-21,11163.0,-5351.0,0.0,100,394.59,448.0,0,0.0,0.0,,0.0,1,3.18,3.28,SPY230120C00422000,422.0,normalDay
2022-11-22,11163.0,-4904.0,0.0,100,399.9,448.0,0,0.0,0.0,,0.0,1,3.18,4.12,SPY230120C00422000,422.0,normalDay
2022-11-23,11163.0,-4680.0,0.0,100,402.42,448.0,0,0.0,0.0,,0.0,1,3.18,4.4,SPY230120C00422000,422.0,normalDay
2022-11-25,11163.0,-4668.0,0.0,100,402.33,448.0,0,0.0,0.0,,0.0,1,3.18,4.19,SPY230120C00422000,422.0,normalDay
2022-11-28,11163.0,-5169.0,0.0,100,395.91,448.0,0,0.0,0.0,,0.0,1,3.18,2.78,SPY230120C00422000,422.0,normalDay
2022-11-29,11163.0,-5204.0,0.0,100,395.23,448.0,0,0.0,0.0,,0.0,1,3.18,2.45,SPY230120C00422000,422.0,normalDay
2022-11-30,11163.0,-4280.0,0.0,100,407.68,448.0,0,0.0,0.0,,0.0,1,3.18,5.66,SPY230120C00422000,422.0,normalDay
2022-12-01,11163.0,-4254.0,0.0,100,407.38,448.0,0,0.0,0.0,,0.0,1,3.18,5.1,SPY230120C00422000,422.0,normalDay
2022-12-02,11163.0,-4238.0,0.0,100,406.91,448.0,0,0.0,0.0,,0.0,1,3.18,4.47,SPY230120C00422000,422.0,normalDay
2022-12-05,11163.0,-4786.0,0.0,100,399.59,448.0,0,0.0,0.0,,0.0,1,3.18,2.63,SPY230120C00422000,422.0,normalDay
2022-12-06,11163.0,-5280.0,0.0,100,393.83,448.0,0,0.0,0.0,,0.0,1,3.18,1.81,SPY230120C00422000,422.0,normalDay
2022-12-07,11163.0,-5338.0,0.0,100,393.16,448.0,0,0.0,0.0,,0.0,1,3.18,1.72,SPY230120C00422000,422.0,normalDay
2022-12-08,11163.0,-5061.0,0.0,100,396.24,448.0,0,0.0,0.0,,0.0,1,3.18,2.03,SPY230120C00422000,422.0,normalDay
2022-12-09,11163.0,-5316.0,0.0,100,393.28,448.0,0,0.0,0.0,,0.0,1,3.18,1.62,SPY230120C00422000,422.0,normalDay
2022-12-12,11163.0,-4868.0,0.0,100,398.95,448.0,0,0.0,0.0,,0.0,1,3.18,2.81,SPY230120C00422000,422.0,normalDay
2022-12-13,11163.0,-4572.0,0.0,100,401.97,448.0,0,0.0,0.0,,0.0,1,3.18,2.87,SPY230120C00422000,422.0,normalDay
2022-12-14,11163.0,-4727.0,0.0,100,399.4,448.0,0,0.0,0.0,,0.0,1,3.18,1.85,SPY230120C00422000,422.0,normalDay
2022-12-15,11163.0,-5587.0,0.0,100,389.63,448.0,0,0.0,0.0,,0.0,1,3.18,0.68,SPY230120C00422000,422.0,normalDay
2022-12-16,11163.0,-6194.0,0.0,100,383.27,448.0,0,0.0,0.0,,0.0,1,3.18,0.39,SPY230120C00422000,422.0,normalDay
2022-12-19,11163.0,-6506.0,0.0,100,380.02,448.0,0,0.0,0.0,,0.0,1,3.18,0.26,SPY230120C00422000,422.0,normalDay
2022-12-20,11163.0,-6452.0,0.0,100,380.54,448.0,0,0.0,0.0,,0.0,1,3.18,0.24,SPY230120C00422000,422.0,normalDay
2022-12-21,11163.0,-5892.0,0.0,100,386.23,448.0,0,0.0,0.0,,0.0,1,3.18,0.33,SPY230120C00422000,422.0,normalDay
2022-12-22,11163.0,-6432.0,0.0,100,380.72,448.0,0,0.0,0.0,,0.0,1,3.18,0.22,SPY230120C00422000,422.0,normalDay
2022-12-23,11163.0,-6209.0,0.0,100,382.91,448.0,0,0.0,0.0,,0.0,1,3.18,0.18,SPY230120C00422000,422.0,normalDay
2022-12-27,11163.0,-6357.0,0.0,100,381.4,448.0,0,0.0,0.0,,0.0,1,3.18,0.15,SPY230120C00422000,422.0,normalDay
2022-12-28,11163.0,-6825.0,0.0,100,376.66,448.0,0,0.0,0.0,,0.0,1,3.18,0.09,SPY230120C00422000,422.0,normalDay
2022-12-29,11163.0,-6152.0,0.0,100,383.44,448.0,0,0.0,0.0,,0.0,1,3.18,0.14,SPY230120C00422000,422.0,normalDay
2022-12-30,11163.0,-6248.0,0.0,100,382.43,448.0,0,0.0,0.0,,0.0,1,3.18,0.09,SPY230120C00422000,422.0,normalDay
2023-01-03,11163.0,-6406.0,0.0,100,380.82,448.0,0,0.0,0.0,,0.0,1,3.18,0.06,SPY230120C00422000,422.0,normalDay
2023-01-04,11163.0,-6113.0,0.0,100,383.76,448.0,0,0.0,0.0,,0.0,1,3.18,0.07,SPY230120C00422000,422.0,normalDay
2023-01-05,11163.0,-6548.0,0.0,100,379.38,448.0,0,0.0,0.0,,0.0,1,3.18,0.04,SPY230120C00422000,422.0,normalDay
2023-01-06,11163.0,-5680.0,0.0,100,388.08,448.0,0,0.0,0.0,,0.0,1,3.18,0.06,SPY230120C00422000,422.0,normalDay
2023-01-09,11163.0,-5702.0,0.0,100,387.86,448.0,0,0.0,0.0,,0.0,1,3.18,0.06,SPY230120C00422000,422.0,normalDay
2023-01-10,11163.0,-5429.0,0.0,100,390.58,448.0,0,0.0,0.0,,0.0,1,3.18,0.05,SPY230120C00422000,422.0,normalDay
2023-01-11,11163.0,-4942.0,0.0,100,395.52,448.0,0,0.0,0.0,,0.0,1,3.18,0.12,SPY230120C00422000,422.0,normalDay
2023-01-12,11163.0,-4790.0,0.0,100,396.96,448.0,0,0.0,0.0,,0.0,1,3.18,0.04,SPY230120C00422000,422.0,normalDay
2023-01-13,11163.0,-4634.0,0.0,100,398.5,448.0,0,0.0,0.0,,0.0,1,3.18,0.02,SPY230120C00422000,422.0,normalDay
2023-01-17,11163.0,-4707.0,0.0,100,397.77,448.0,0,0.0,0.0,,0.0,1,3.18,0.02,SPY230120C00422000,422.0,normalDay
2023-01-18,11163.0,-5334.0,0.0,100,391.49,448.0,0,0.0,0.0,,0.0,1,3.18,0.01,SPY230120C00422000,422.0,normalDay
2023-01-19,11163.0,-5619.0,0.0,100,388.64,448.0,0,0.0,0.0,,0.0,1,3.18,0.01,SPY230120C00422000,422.0,normalDay
2023-01-20,11481.0,-5212.0,318.0,100,395.88,448.0,0,0.0,0.0,,0.0,1,3.18,0.0,SPY230120C00422000,422.0,expirationDay
2023-01-23,11481.0,-4743.0,0.0,100,400.63,448.0,0,0.0,0.0,,0.0,1,5.18,5.24,SPY230331C00418000,418.0,normalDay
2023-01-24,11481.0,-4783.0,0.0,100,400.2,448.0,0,0.0,0.0,,0.0,1,5.18,5.21,SPY230331C00418000,418.0,normalDay
2023-01-25,11481.0,-4724.0,0.0,100,400.35,448.0,0,0.0,0.0,,0.0,1,5.18,4.77,SPY230331C00418000,418.0,normalDay
2023-01-26,11481.0,-4412.0,0.0,100,404.75,448.0,0,0.0,0.0,,0.0,1,5.18,6.05,SPY230331C00418000,418.0,normalDay
2023-01-27,11481.0,-4344.0,0.0,100,405.68,448.0,0,0.0,0.0,,0.0,1,5.18,6.3,SPY230331C00418000,418.0,normalDay
2023-01-30,11481.0,-4712.0,0.0,100,400.59,448.0,0,0.0,0.0,,0.0,1,5.18,4.89,SPY230331C00418000,418.0,normalDay
2023-01-31,11481.0,-4273.0,0.0,100,406.48,448.0,0,0.0,0.0,,0.0,1,5.18,6.39,SPY230331C00418000,418.0,normalDay
2023-02-01,11481.0,-4038.0,0.0,100,410.8,448.0,0,0.0,0.0,,0.0,1,5.18,8.36,SPY230331C00418000,418.0,normalDay
2023-02-02,11481.0,-3683.0,0.0,100,416.78,448.0,0,0.0,0.0,,0.0,1,5.18,10.79,SPY230331C00418000,418.0,normalDay
2023-02-03,11481.0,-3916.0,0.0,100,412.35,448.0,0,0.0,0.0,,0.0,1,5.18,8.69,SPY230331C00418000,418.0,normalDay
2023-02-06,11481.0,-4063.0,0.0,100,409.83,448.0,0,0.0,0.0,,0.0,1,5.18,7.64,SPY230331C00418000,418.0,normalDay
2023-02-07,11481.0,-3721.0,0.0,100,415.19,448.0,0,0.0,0.0,,0.0,1,5.18,9.58,SPY230331C00418000,418.0,normalDay
2023-02-08,11481.0,-4021.0,0.0,100,410.65,448.0,0,0.0,0.0,,0.0,1,5.18,8.04,SPY230331C00418000,418.0,normalDay
2023-02-09,11481.0,-4246.0,0.0,100,407.09,448.0,0,0.0,0.0,,0.0,1,5.18,6.73,SPY230331C00418000,418.0,normalDay
2023-02-10,11481.0,-4164.0,0.0,100,408.04,448.0,0,0.0,0.0,,0.0,1,5.18,6.86,SPY230331C00418000,418.0,normalDay
2023-02-13,11481.0,-3870.0,0.0,100,412.83,448.0,0,0.0,0.0,,0.0,1,5.18,8.71,SPY230331C00418000,418.0,normalDay
2023-02-14,11481.0,-3768.0,0.0,100,412.64,448.0,0,0.0,0.0,,0.0,1,5.18,7.5,SPY230331C00418000,418.0,normalDay
2023-02-15,11481.0,-3689.0,0.0,100,413.98,448.0,0,0.0,0.0,,0.0,1,5.18,8.05,SPY230331C00418000,418.0,normalDay
2023-02-16,11481.0,-4009.0,0.0,100,408.28,448.0,0,0.0,0.0,,0.0,1,5.18,5.55,SPY230331C00418000,418.0,normalDay
2023-02-17,11481.0,-4052.0,0.0,100,407.26,448.0,0,0.0,0.0,,0.0,1,5.18,4.96,SPY230331C00418000,418.0,normalDay
2023-02-21,11481.0,-4644.0,0.0,100,399.09,448.0,0,0.0,0.0,,0.0,1,5.18,2.71,SPY230331C00418000,418.0,normalDay
2023-02-22,11481.0,-4651.0,0.0,100,398.54,448.0,0,0.0,0.0,,0.0,1,5.18,2.23,SPY230331C00418000,418.0,normalDay
2023-02-23,11481.0,-4447.0,0.0,100,400.66,448.0,0,0.0,0.0,,0.0,1,5.18,2.31,SPY230331C00418000,418.0,normalDay
2023-02-24,11481.0,-4797.0,0.0,100,396.38,448.0,0,0.0,0.0,,0.0,1,5.18,1.53,SPY230331C00418000,418.0,normalDay
2023-02-27,11481.0,-4660.0,0.0,100,397.73,448.0,0,0.0,0.0,,0.0,1,5.18,1.51,SPY230331C00418000,418.0,normalDay
2023-02-28,11481.0,-4766.0,0.0,100,396.26,448.0,0,0.0,0.0,,0.0,1,5.18,1.1,SPY230331C00418000,418.0,normalDay
2023-03-01,11481.0,-4903.0,0.0,100,394.74,448.0,0,0.0,0.0,,0.0,1,5.18,0.95,SPY230331C00418000,418.0,normalDay
2023-03-02,11481.0,-4617.0,0.0,100,397.81,448.0,0,0.0,0.0,,0.0,1,5.18,1.16,SPY230331C00418000,418.0,normalDay
2023-03-03,11481.0,-4081.0,0.0,100,404.19,448.0,0,0.0,0.0,,0.0,1,5.18,2.18,SPY230331C00418000,418.0,normalDay
2023-03-06,11481.0,-4046.0,0.0,100,404.47,448.0,0,0.0,0.0,,0.0,1,5.18,2.11,SPY230331C00418000,418.0,normalDay
2023-03-07,11481.0,-4558.0,0.0,100,398.27,448.0,0,0.0,0.0,,0.0,1,5.18,1.03,SPY230331C00418000,418.0,normalDay
2023-03-08,11481.0,-4484.0,0.0,100,398.92,448.0,0,0.0,0.0,,0.0,1,5.18,0.94,SPY230331C00418000,418.0,normalDay
2023-03-09,11481.0,-5174.0,0.0,100,391.56,448.0,0,0.0,0.0,,0.0,1,5.18,0.48,SPY230331C00418000,418.0,normalDay
2023-03-10,11481.0,-5711.0,0.0,100,385.91,448.0,0,0.0,0.0,,0.0,1,5.18,0.2,SPY230331C00418000,418.0,normalDay
2023-03-13,11481.0,-5768.0,0.0,100,385.36,448.0,0,0.0,0.0,,0.0,1,5.18,0.22,SPY230331C00418000,418.0,normalDay
2023-03-14,11481.0,-5129.0,0.0,100,391.73,448.0,0,0.0,0.0,,0.0,1,5.18,0.2,SPY230331C00418000,418.0,normalDay
2023-03-15,11481.0,-5368.0,0.0,100,389.28,448.0,0,0.0,0.0,,0.0,1,5.18,0.14,SPY230331C00418000,418.0,normalDay
2023-03-16,11481.0,-4700.0,0.0,100,396.11,448.0,0,0.0,0.0,,0.0,1,5.18,0.29,SPY230331C00418000,418.0,normalDay
2023-03-17,11481.0,-5297.0,0.0,100,389.99,448.0,0,0.0,0.0,,0.0,1,5.18,0.14,SPY230331C00418000,418.0,normalDay
2023-03-20,11481.0,-4922.0,0.0,100,393.74,448.0,0,0.0,0.0,,0.0,1,5.18,0.14,SPY230331C00418000,418.0,normalDay
2023-03-21,11481.0,-4424.0,0.0,100,398.91,448.0,0,0.0,0.0,,0.0,1,5.18,0.33,SPY230331C00418000,418.0,normalDay
2023-03-22,11481.0,-5076.0,0.0,100,392.11,448.0,0,0.0,0.0,,0.0,1,5.18,0.05,SPY230331C00418000,418.0,normalDay
2023-03-23,11481.0,-4969.0,0.0,100,393.17,448.0,0,0.0,0.0,,0.0,1,5.18,0.04,SPY230331C00418000,418.0,normalDay
2023-03-24,11481.0,-4710.0,0.0,100,395.75,448.0,0,0.0,0.0,,0.0,1,5.18,0.03,SPY230331C00418000,418.0,normalDay
2023-03-27,11481.0,-4635.0,0.0,100,396.49,448.0,0,0.0,0.0,,0.0,1,5.18,0.02,SPY230331C00418000,418.0,normalDay
2023-03-28,11481.0,-4723.0,0.0,100,395.6,448.0,0,0.0,0.0,,0.0,1,5.18,0.01,SPY230331C00418000,418.0,normalDay
2023-03-29,11481.0,-4148.0,0.0,100,401.35,448.0,0,0.0,0.0,,0.0,1,5.18,0.01,SPY230331C00418000,418.0,normalDay
2023-03-30,11481.0,-3913.0,0.0,100,403.7,448.0,0,0.0,0.0,,0.0,1,5.18,0.01,SPY230331C00418000,418.0,normalDay
2023-03-31,11999.0,-3861.0,518.0,100,409.39,448.0,0,0.0,0.0,,0.0,1,5.18,0.0,SPY230331C00418000,418.0,expirationDay
2023-04-03,11999.0,-3710.0,0.0,100,410.95,448.0,0,0.0,0.0,,0.0,1,8.12,8.17,SPY230616C00423000,423.0,normalDay
2023-04-04,11999.0,-3836.0,0.0,100,408.67,448.0,0,0.0,0.0,,0.0,1,8.12,7.15,SPY230616C00423000,423.0,normalDay
2023-04-05,11999.0,-3886.0,0.0,100,407.6,448.0,0,0.0,0.0,,0.0,1,8.12,6.58,SPY230616C00423000,423.0,normalDay
2023-04-06,11999.0,-3758.0,0.0,100,409.19,448.0,0,0.0,0.0,,0.0,1,8.12,6.89,SPY230616C00423000,423.0,normalDay
2023-04-10,11999.0,-3727.0,0.0,100,409.61,448.0,0,0.0,0.0,,0.0,1,8.12,7.0,SPY230616C00423000,423.0,normalDay
2023-04-11,11999.0,-3698.0,0.0,100,409.72,448.0,0,0.0,0.0,,0.0,1,8.12,6.82,SPY230616C00423000,423.0,normalDay
2023-04-12,11999.0,-3754.0,0.0,100,408.05,448.0,0,0.0,0.0,,0.0,1,8.12,5.71,SPY230616C00423000,423.0,normalDay
2023-04-13,11999.0,-3411.0,0.0,100,413.47,448.0,0,0.0,0.0,,0.0,1,8.12,7.7,SPY230616C00423000,423.0,normalDay
2023-04-14,11999.0,-3433.0,0.0,100,412.46,448.0,0,0.0,0.0,,0.0,1,8.12,6.91,SPY230616C00423000,423.0,normalDay
2023-04-17,11999.0,-3294.0,0.0,100,413.94,448.0,0,0.0,0.0,,0.0,1,8.12,7.0,SPY230616C00423000,423.0,normalDay
2023-04-18,11999.0,-3233.0,0.0,100,414.21,448.0,0,0.0,0.0,,0.0,1,8.12,6.66,SPY230616C00423000,423.0,normalDay
2023-04-19,11999.0,-3214.0,0.0,100,414.14,448.0,0,0.0,0.0,,0.0,1,8.12,6.4,SPY230616C00423000,423.0,normalDay
2023-04-20,11999.0,-3349.0,0.0,100,411.88,448.0,0,0.0,0.0,,0.0,1,8.12,5.49,SPY230616C00423000,423.0,normalDay
2023-04-21,11999.0,-3291.0,0.0,100,412.2,448.0,0,0.0,0.0,,0.0,1,8.12,5.23,SPY230616C00423000,423.0,normalDay
2023-04-24,11999.0,-3242.0,0.0,100,412.63,448.0,0,0.0,0.0,,0.0,1,8.12,5.17,SPY230616C00423000,423.0,normalDay
2023-04-25,11999.0,-3738.0,0.0,100,406.08,448.0,0,0.0,0.0,,0.0,1,8.12,3.58,SPY230616C00423000,423.0,normalDay
2023-04-26,11999.0,-3813.0,0.0,100,404.36,448.0,0,0.0,0.0,,0.0,1,8.12,2.61,SPY230616C00423000,423.0,normalDay
2023-04-27,11999.0,-3253.0,0.0,100,412.41,448.0,0,0.0,0.0,,0.0,1,8.12,5.06,SPY230616C00423000,423.0,normalDay
2023-04-28,11999.0,-2983.0,0.0,100,415.93,448.0,0,0.0,0.0,,0.0,1,8.12,5.88,SPY230616C00423000,423.0,normalDay
2023-05-01,11999.0,-2983.0,0.0,100,415.51,448.0,0,0.0,0.0,,0.0,1,8.12,5.46,SPY230616C00423000,423.0,normalDay
2023-05-02,11999.0,-3287.0,0.0,100,410.84,448.0,0,0.0,0.0,,0.0,1,8.12,3.83,SPY230616C00423000,423.0,normalDay
2023-05-03,11999.0,-3498.0,0.0,100,408.02,448.0,0,0.0,0.0,,0.0,1,8.12,3.12,SPY230616C00423000,423.0,normalDay
2023-05-04,11999.0,-3703.0,0.0,100,405.13,448.0,0,0.0,0.0,,0.0,1,8.12,2.28,SPY230616C00423000,423.0,normalDay
2023-05-05,11999.0,-3107.0,0.0,100,412.63,448.0,0,0.0,0.0,,0.0,1,8.12,3.82,SPY230616C00423000,423.0,normalDay
2023-05-08,11999.0,-3075.0,0.0,100,412.74,448.0,0,0.0,0.0,,0.0,1,8.12,3.61,SPY230616C00423000,423.0,normalDay
2023-05-09,11999.0,-3211.0,0.0,100,410.93,448.0,0,0.0,0.0,,0.0,1,8.12,3.16,SPY230616C00423000,423.0,normalDay
2023-05-10,11999.0,-3047.0,0.0,100,412.85,448.0,0,0.0,0.0,,0.0,1,8.12,3.44,SPY230616C00423000,423.0,normalDay
2023-05-11,11999.0,-3057.0,0.0,100,412.13,448.0,0,0.0,0.0,,0.0,1,8.12,2.82,SPY230616C00423000,423.0,normalDay
2023-05-12,11999.0,-3065.0,0.0,100,411.59,448.0,0,0.0,0.0,,0.0,1,8.12,2.36,SPY230616C00423000,423.0,normalDay
2023-05-15,11999.0,-2941.0,0.0,100,413.01,448.0,0,0.0,0.0,,0.0,1,8.12,2.54,SPY230616C00423000,423.0,normalDay
2023-05-16,11999.0,-3151.0,0.0,100,410.25,448.0,0,0.0,0.0,,0.0,1,8.12,1.88,SPY230616C00423000,423.0,normalDay
2023-05-17,11999.0,-2778.0,0.0,100,415.23,448.0,0,0.0,0.0,,0.0,1,8.12,3.13,SPY230616C00423000,423.0,normalDay
2023-05-18,11999.0,-2538.0,0.0,100,419.23,448.0,0,0.0,0.0,,0.0,1,8.12,4.73,SPY230616C00423000,423.0,normalDay
2023-05-19,11999.0,-2573.0,0.0,100,418.62,448.0,0,0.0,0.0,,0.0,1,8.12,4.47,SPY230616C00423000,423.0,normalDay
2023-05-22,11999.0,-2557.0,0.0,100,418.79,448.0,0,0.0,0.0,,0.0,1,8.12,4.48,SPY230616C00423000,423.0,normalDay
2023-05-23,11999.0,-2843.0,0.0,100,414.09,448.0,0,0.0,0.0,,0.0,1,8.12,2.64,SPY230616C00423000,423.0,normalDay
2023-05-24,11999.0,-3074.0,0.0,100,411.09,448.0,0,0.0,0.0,,0.0,1,8.12,1.95,SPY230616C00423000,423.0,normalDay
2023-05-25,11999.0,-2787.0,0.0,100,414.65,448.0,0,0.0,0.0,,0.0,1,8.12,2.64,SPY230616C00423000,423.0,normalDay
2023-05-26,11999.0,-2449.0,0.0,100,420.02,448.0,0,0.0,0.0,,0.0,1,8.12,4.63,SPY230616C00423000,423.0,normalDay
2023-05-30,11999.0,-2388.0,0.0,100,420.18,448.0,0,0.0,0.0,,0.0,1,8.12,4.18,SPY230616C00423000,423.0,normalDay
2023-05-31,11999.0,-2472.0,0.0,100,417.85,448.0,0,0.0,0.0,,0.0,1,8.12,2.69,SPY230616C00423000,423.0,normalDay
2023-06-01,11999.0,-2209.0,0.0,100,421.82,448.0,0,0.0,0.0,,0.0,1,8.12,4.03,SPY230616C00423000,423.0,normalDay
2023-06-02,11999.0,-1960.0,0.0,100,427.92,448.0,0,0.0,0.0,,0.0,1,8.12,7.64,SPY230616C00423000,423.0,normalDay
2023-06-05,11999.0,-1951.0,0.0,100,427.1,448.0,0,0.0,0.0,,0.0,1,8.12,6.73,SPY230616C00423000,423.0,normalDay
2023-06-06,11999.0,-1918.0,0.0,100,428.03,448.0,0,0.0,0.0,,0.0,1,8.12,7.33,SPY230616C00423000,423.0,normalDay
2023-06-07,11999.0,-1921.0,0.0,100,426.55,448.0,0,0.0,0.0,,0.0,1,8.12,5.88,SPY230616C00423000,423.0,normalDay
2023-06-08,11999.0,-1817.0,0.0,100,429.13,448.0,0,0.0,0.0,,0.0,1,8.12,7.42,SPY230616C00423000,423.0,normalDay
2023-06-09,11999.0,-1831.0,0.0,100,429.9,448.0,0,0.0,0.0,,0.0,1,8.12,8.33,SPY230616C00423000,423.0,normalDay
2023-06-12,11999.0,-1730.0,0.0,100,433.8,448.0,0,0.0,0.0,,0.0,1,8.12,11.22,SPY230616C00423000,423.0,normalDay
2023-06-13,11999.0,-1732.0,0.0,100,436.66,448.0,0,0.0,0.0,,0.0,1,8.12,14.1,SPY230616C00423000,423.0,normalDay
2023-06-14,11999.0,-1750.0,0.0,100,437.18,448.0,0,0.0,0.0,,0.0,1,8.12,14.8,SPY230616C00423000,423.0,normalDay
2023-06-15,11999.0,-1646.0,0.0,100,442.6,448.0,0,0.0,0.0,,0.0,1,8.12,19.18,SPY230616C00423000,423.0,normalDay
2023-06-16,10311.0,-1646.0,-1688.0,0,439.46,0.0,0,0.0,0.0,,0.0,1,8.12,0.0,SPY230616C00423000,423.0,expirationDay
2023-06-20,10311.0,-3.0,0.0,0,437.18,0.0,1,0.05,0.08,SPY230630P00398000,398.0,0,0.0,0.0,,0.0,normalDay
2023-06-21,10311.0,-1.0,0.0,0,434.94,0.0,1,0.05,0.06,SPY230630P00398000,398.0,0,0.0,0.0,,0.0,normalDay
2023-06-22,10311.0,1.0,0.0,0,436.51,0.0,1,0.05,0.04,SPY230630P00398000,398.0,0,0.0,0.0,,0.0,normalDay
2023-06-23,10311.0,0.0,0.0,0,433.21,0.0,1,0.05,0.05,SPY230630P00398000,398.0,0,0.0,0.0,,0.0,normalDay
2023-06-26,10311.0,0.0,0.0,0,431.44,0.0,1,0.05,0.05,SPY230630P00398000,398.0,0,0.0,0.0,,0.0,normalDay
2023-06-27,10311.0,1.0,0.0,0,436.17,0.0,1,0.05,0.04,SPY230630P00398000,398.0,0,0.0,0.0,,0.0,normalDay
2023-06-28,10311.0,3.0,0.0,0,436.39,0.0,1,0.05,0.02,SPY230630P00398000,398.0,0,0.0,0.0,,0.0,normalDay
2023-06-29,10311.0,3.0,0.0,0,438.11,0.0,1,0.05,0.02,SPY230630P00398000,398.0,0,0.0,0.0,,0.0,normalDay
2023-06-30,10316.0,0.0,5.0,0,443.28,0.0,1,0.05,0.0,SPY230630P00398000,398.0,0,0.0,0.0,,0.0,expirationDay
2023-07-03,10316.0,-3.0,0.0,0,443.79,0.0,1,0.15,0.18,SPY230714P00419000,419.0,0,0.0,0.0,,0.0,normalDay
2023-07-05,10316.0,-1.0,0.0,0,443.13,0.0,1,0.15,0.16,SPY230714P00419000,419.0,0,0.0,0.0,,0.0,normalDay
2023-07-06,10316.0,-5.0,0.0,0,439.66,0.0,1,0.15,0.2,SPY230714P00419000,419.0,0,0.0,0.0,,0.0,normalDay
2023-07-07,10316.0,4.0,0.0,0,438.55,0.0,1,0.15,0.11,SPY230714P00419000,419.0,0,0.0,0.0,,0.0,normalDay
2023-07-10,10316.0,10.0,0.0,0,439.66,0.0,1,0.15,0.05,SPY230714P00419000,419.0,0,0.0,0.0,,0.0,normalDay
2023-07-11,10316.0,10.0,0.0,0,442.46,0.0,1,0.15,0.05,SPY230714P00419000,419.0,0,0.0,0.0,,0.0,normalDay
2023-07-12,10316.0,12.0,0.0,0,446.02,0.0,1,0.15,0.03,SPY230714P00419000,419.0,0,0.0,0.0,,0.0,normalDay
2023-07-13,10316.0,13.0,0.0,0,449.56,0.0,1,0.15,0.02,SPY230714P00419000,419.0,0,0.0,0.0,,0.0,normalDay
2023-07-14,10331.0,0.0,15.0,0,449.28,0.0,1,0.15,0.0,SPY230714P00419000,419.0,0,0.0,0.0,,0.0,expirationDay
2023-07-17,10331.0,-3.0,0.0,0,450.84,0.0,1,0.15,0.18,SPY230728P00424000,424.0,0,0.0,0.0,,0.0,normalDay
2023-07-18,10331.0,1.0,0.0,0,454.19,0.0,1,0.15,0.14,SPY230728P00424000,424.0,0,0.0,0.0,,0.0,normalDay
2023-07-19,10331.0,3.0,0.0,0,455.2,0.0,1,0.15,0.12,SPY230728P00424000,424.0,0,0.0,0.0,,0.0,normalDay
2023-07-20,10331.0,2.0,0.0,0,452.18,0.0,1,0.15,0.13,SPY230728P00424000,424.0,0,0.0,0.0,,0.0,normalDay
2023-07-21,10331.0,9.0,0.0,0,452.18,0.0,1,0.15,0.06,SPY230728P00424000,424.0,0,0.0,0.0,,0.0,normalDay
2023-07-24,10331.0,11.0,0.0,0,454.2,0.0,1,0.15,0.04,SPY230728P00424000,424.0,0,0.0,0.0,,0.0,normalDay
2023-07-25,10331.0,12.0,0.0,0,455.44,0.0,1,0.15,0.03,SPY230728P00424000,424.0,0,0.0,0.0,,0.0,normalDay
2023-07-26,10331.0,12.0,0.0,0,455.51,0.0,1,0.15,0.03,SPY230728P00424000,424.0,0,0.0,0.0,,0.0,normalDay
2023-07-27,10331.0,12.0,0.0,0,452.49,0.0,1,0.15,0.03,SPY230728P00424000,424.0,0,0.0,0.0,,0.0,normalDay
2023-07-28,10346.0,0.0,15.0,0,456.92,0.0,1,0.15,0.0,SPY230728P00424000,424.0,0,0.0,0.0,,0.0,expirationDay
2023-07-31,10346.0,-3.0,0.0,0,457.79,0.0,1,0.13,0.16,SPY230811P00430000,430.0,0,0.0,0.0,,0.0,normalDay
2023-08-01,10346.0,-3.0,0.0,0,456.48,0.0,1,0.13,0.16,SPY230811P00430000,430.0,0,0.0,0.0,,0.0,normalDay
2023-08-02,10346.0,-23.0,0.0,0,450.13,0.0,1,0.13,0.36,SPY230811P00430000,430.0,0,0.0,0.0,,0.0,normalDay
2023-08-03,10346.0,-15.0,0.0,0,448.84,0.0,1,0.13,0.28,SPY230811P00430000,430.0,0,0.0,0.0,,0.0,normalDay
2023-08-04,10346.0,-21.0,0.0,0,446.81,0.0,1,0.13,0.34,SPY230811P00430000,430.0,0,0.0,0.0,,0.0,normalDay
2023-08-07,10346.0,4.0,0.0,0,450.71,0.0,1,0.13,0.09,SPY230811P00430000,430.0,0,0.0,0.0,,0.0,normalDay
2023-08-08,10346.0,7.0,0.0,0,448.75,0.0,1,0.13,0.06,SPY230811P00430000,430.0,0,0.0,0.0,,0.0,normalDay
2023-08-09,10346.0,8.0,0.0,0,445.75,0.0,1,0.13,0.05,SPY230811P00430000,430.0,0,0.0,0.0,,0.0,normalDay
2023-08-10,10346.0,10.0,0.0,0,445.91,0.0,1,0.13,0.03,SPY230811P00430000,430.0,0,0.0,0.0,,0.0,normalDay
2023-08-11,10359.0,0.0,13.0,0,445.65,0.0,1,0.13,0.0,SPY230811P00430000,430.0,0,0.0,0.0,,0.0,expirationDay
2023-08-14,10359.0,-3.0,0.0,0,448.11,0.0,1,1.29,1.32,SPY230825P00439000,439.0,0,0.0,0.0,,0.0,normalDay
2023-08-15,10359.0,-143.0,0.0,0,442.89,0.0,1,1.29,2.72,SPY230825P00439000,439.0,0,0.0,0.0,,0.0,normalDay
2023-08-16,10359.0,-228.0,0.0,0,439.64,0.0,1,1.29,3.57,SPY230825P00439000,439.0,0,0.0,0.0,,0.0,normalDay
2023-08-17,10359.0,-407.0,0.0,0,436.29,0.0,1,1.29,5.36,SPY230825P00439000,439.0,0,0.0,0.0,,0.0,normalDay
2023-08-18,10359.0,-347.0,0.0,0,436.5,0.0,1,1.29,4.76,SPY230825P00439000,439.0,0,0.0,0.0,,0.0,normalDay
2023-08-21,10359.0,-169.0,0.0,0,439.34,0.0,1,1.29,2.98,SPY230825P00439000,439.0,0,0.0,0.0,,0.0,normalDay
2023-08-22,10359.0,-183.0,0.0,0,438.15,0.0,1,1.29,3.12,SPY230825P00439000,439.0,0,0.0,0.0,,0.0,normalDay
2023-08-23,10359.0,29.0,0.0,0,443.03,0.0,1,1.29,1.0,SPY230825P00439000,439.0,0,0.0,0.0,,0.0,normalDay
2023-08-24,10359.0,-174.0,0.0,0,436.89,0.0,1,1.29,3.03,SPY230825P00439000,439.0,0,0.0,0.0,,0.0,normalDay
2023-08-25,10488.0,0.0,129.0,0,439.97,0.0,1,1.29,0.0,SPY230825P00439000,439.0,0,0.0,0.0,,0.0,expirationDay
2023-08-28,10488.0,-3.0,0.0,0,442.76,0.0,1,0.43,0.46,SPY230908P00427000,427.0,0,0.0,0.0,,0.0,normalDay
2023-08-29,10488.0,21.0,0.0,0,449.16,0.0,1,0.43,0.22,SPY230908P00427000,427.0,0,0.0,0.0,,0.0,normalDay
2023-08-30,10488.0,28.0,0.0,0,451.01,0.0,1,0.43,0.15,SPY230908P00427000,427.0,0,0.0,0.0,,0.0,normalDay
2023-08-31,10488.0,32.0,0.0,0,450.35,0.0,1,0.43,0.11,SPY230908P00427000,427.0,0,0.0,0.0,,0.0,normalDay
2023-09-01,10488.0,37.0,0.0,0,451.19,0.0,1,0.43,0.06,SPY230908P00427000,427.0,0,0.0,0.0,,0.0,normalDay
2023-09-05,10488.0,40.0,0.0,0,449.24,0.0,1,0.43,0.03,SPY230908P00427000,427.0,0,0.0,0.0,,0.0,normalDay
2023-09-06,10488.0,40.0,0.0,0,446.22,0.0,1,0.43,0.03,SPY230908P00427000,427.0,0,0.0,0.0,,0.0,normalDay
2023-09-07,10488.0,41.0,0.0,0,444.85,0.0,1,0.43,0.02,SPY230908P00427000,427.0,0,0.0,0.0,,0.0,normalDay
2023-09-08,10531.0,0.0,43.0,0,445.52,0.0,1,0.43,0.0,SPY230908P00427000,427.0,0,0.0,0.0,,0.0,expirationDay
2023-09-11,10531.0,-3.0,0.0,0,448.45,0.0,1,0.33,0.36,SPY230922P00428000,428.0,0,0.0,0.0,,0.0,normalDay
2023-09-12,10531.0,-12.0,0.0,0,445.99,0.0,1,0.33,0.45,SPY230922P00428000,428.0,0,0.0,0.0,,0.0,normalDay
2023-09-13,10531.0,10.0,0.0,0,446.51,0.0,1,0.33,0.23,SPY230922P00428000,428.0,0,0.0,0.0,,0.0,normalDay
2023-09-14,10531.0,20.0,0.0,0,450.36,0.0,1,0.33,0.13,SPY230922P00428000,428.0,0,0.0,0.0,,0.0,normalDay
2023-09-15,10531.0,16.0,0.0,0,443.37,0.0,1,0.33,0.17,SPY230922P00428000,428.0,0,0.0,0.0,,0.0,normalDay
2023-09-18,10531.0,24.0,0.0,0,443.63,0.0,1,0.33,0.09,SPY230922P00428000,428.0,0,0.0,0.0,,0.0,normalDay
2023-09-19,10531.0,23.0,0.0,0,442.71,0.0,1,0.33,0.1,SPY230922P00428000,428.0,0,0.0,0.0,,0.0,normalDay
2023-09-20,10531.0,24.0,0.0,0,438.64,0.0,1,0.33,0.09,SPY230922P00428000,428.0,0,0.0,0.0,,0.0,normalDay
2023-09-21,10531.0,-23.0,0.0,0,431.39,0.0,1,0.33,0.56,SPY230922P00428000,428.0,0,0.0,0.0,,0.0,normalDay
2023-09-22,10564.0,0.0,33.0,0,430.42,0.0,1,0.33,0.0,SPY230922P00428000,428.0,0,0.0,0.0,,0.0,expirationDay
2023-09-25,10564.0,-3.0,0.0,0,432.23,0.0,1,1.89,1.92,SPY231006P00424000,424.0,0,0.0,0.0,,0.0,normalDay
2023-09-26,10564.0,-190.0,0.0,0,425.88,0.0,1,1.89,3.79,SPY231006P00424000,424.0,0,0.0,0.0,,0.0,normalDay
2023-09-27,10564.0,-150.0,0.0,0,426.05,0.0,1,1.89,3.39,SPY231006P00424000,424.0,0,0.0,0.0,,0.0,normalDay
2023-09-28,10564.0,-44.0,0.0,0,428.52,0.0,1,1.89,2.33,SPY231006P00424000,424.0,0,0.0,0.0,,0.0,normalDay
2023-09-29,10564.0,-34.0,0.0,0,427.48,0.0,1,1.89,2.23,SPY231006P00424000,424.0,0,0.0,0.0,,0.0,normalDay
2023-10-02,10564.0,19.0,0.0,0,427.31,0.0,1,1.89,1.7,SPY231006P00424000,424.0,0,0.0,0.0,,0.0,normalDay
2023-10-03,10564.0,-204.0,0.0,0,421.59,0.0,1,1.89,3.93,SPY231006P00424000,424.0,0,0.0,0.0,,0.0,normalDay
2023-10-04,10564.0,-20.0,0.0,0,424.66,0.0,1,1.89,2.09,SPY231006P00424000,424.0,0,0.0,0.0,,0.0,normalDay
2023-10-05,10564.0,4.0,0.0,0,424.5,0.0,1,1.89,1.85,SPY231006P00424000,424.0,0,0.0,0.0,,0.0,normalDay
2023-10-06,10753.0,0.0,189.0,0,429.54,0.0,1,1.89,0.0,SPY231006P00424000,424.0,0,0.0,0.0,,0.0,expirationDay
2023-10-09,10753.0,-3.0,0.0,0,432.29,0.0,1,0.33,0.36,SPY231020P00406000,406.0,0,0.0,0.0,,0.0,normalDay
2023-10-10,10753.0,4.0,0.0,0,434.54,0.0,1,0.33,0.29,SPY231020P00406000,406.0,0,0.0,0.0,,0.0,normalDay
2023-10-11,10753.0,15.0,0.0,0,436.32,0.0,1,0.33,0.18,SPY231020P00406000,406.0,0,0.0,0.0,,0.0,normalDay
2023-10-12,10753.0,14.0,0.0,0,433.66,0.0,1,0.33,0.19,SPY231020P00406000,406.0,0,0.0,0.0,,0.0,normalDay
2023-10-13,10753.0,8.0,0.0,0,431.5,0.0,1,0.33,0.25,SPY231020P00406000,406.0,0,0.0,0.0,,0.0,normalDay
2023-10-16,10753.0,23.0,0.0,0,436.04,0.0,1,0.33,0.1,SPY231020P00406000,406.0,0,0.0,0.0,,0.0,normalDay
2023-10-17,10753.0,25.0,0.0,0,436.02,0.0,1,0.33,0.08,SPY231020P00406000,406.0,0,0.0,0.0,,0.0,normalDay
2023-10-18,10753.0,26.0,0.0,0,430.21,0.0,1,0.33,0.07,SPY231020P00406000,406.0,0,0.0,0.0,,0.0,normalDay
2023-10-19,10753.0,28.0,0.0,0,426.43,0.0,1,0.33,0.05,SPY231020P00406000,406.0,0,0.0,0.0,,0.0,normalDay
2023-10-20,10786.0,0.0,33.0,0,421.19,0.0,1,0.33,0.0,SPY231020P00406000,406.0,0,0.0,0.0,,0.0,expirationDay
2023-10-23,10786.0,-3.0,0.0,0,420.46,0.0,1,2.58,2.61,SPY231103P00413000,413.0,0,0.0,0.0,,0.0,normalDay
2023-10-24,10786.0,97.0,0.0,0,423.63,0.0,1,2.58,1.61,SPY231103P00413000,413.0,0,0.0,0.0,,0.0,normalDay
2023-10-25,10786.0,-48.0,0.0,0,417.55,0.0,1,2.58,3.06,SPY231103P00413000,413.0,0,0.0,0.0,,0.0,normalDay
2023-10-26,10786.0,-211.0,0.0,0,412.55,0.0,1,2.58,4.69,SPY231103P00413000,413.0,0,0.0,0.0,,0.0,normalDay
2023-10-27,10786.0,-300.0,0.0,0,410.68,0.0,1,2.58,5.58,SPY231103P00413000,413.0,0,0.0,0.0,,0.0,normalDay
2023-10-30,10786.0,-5.0,0.0,0,415.59,0.0,1,2.58,2.63,SPY231103P00413000,413.0,0,0.0,0.0,,0.0,normalDay
2023-10-31,10786.0,121.0,0.0,0,418.2,0.0,1,2.58,1.37,SPY231103P00413000,413.0,0,0.0,0.0,,0.0,normalDay
2023-11-01,10786.0,239.0,0.0,0,422.66,0.0,1,2.58,0.19,SPY231103P00413000,413.0,0,0.0,0.0,,0.0,normalDay
2023-11-02,10786.0,254.0,0.0,0,430.76,0.0,1,2.58,0.04,SPY231103P00413000,413.0,0,0.0,0.0,,0.0,normalDay
2023-11-03,11044.0,0.0,258.0,0,434.69,0.0,1,2.58,0.0,SPY231103P00413000,413.0,0,0.0,0.0,,0.0,expirationDay
2023-11-06,11044.0,-3.0,0.0,0,435.69,0.0,1,0.13,0.16,SPY231117P00400000,400.0,0,0.0,0.0,,0.0,normalDay
2023-11-07,11044.0,-1.0,0.0,0,436.93,0.0,1,0.13,0.14,SPY231117P00400000,400.0,0,0.0,0.0,,0.0,normalDay
2023-11-08,11044.0,1.0,0.0,0,437.25,0.0,1,0.13,0.12,SPY231117P00400000,400.0,0,0.0,0.0,,0.0,normalDay
2023-11-09,11044.0,0.0,0.0,0,433.84,0.0,1,0.13,0.13,SPY231117P00400000,400.0,0,0.0,0.0,,0.0,normalDay
2023-11-10,11044.0,6.0,0.0,0,440.61,0.0,1,0.13,0.07,SPY231117P00400000,400.0,0,0.0,0.0,,0.0,normalDay
2023-11-13,11044.0,8.0,0.0,0,440.19,0.0,1,0.13,0.05,SPY231117P00400000,400.0,0,0.0,0.0,,0.0,normalDay
2023-11-14,11044.0,9.0,0.0,0,448.73,0.0,1,0.13,0.04,SPY231117P00400000,400.0,0,0.0,0.0,,0.0,normalDay
2023-11-15,11044.0,10.0,0.0,0,449.68,0.0,1,0.13,0.03,SPY231117P00400000,400.0,0,0.0,0.0,,0.0,normalDay
2023-11-16,11044.0,11.0,0.0,0,450.23,0.0,1,0.13,0.02,SPY231117P00400000,400.0,0,0.0,0.0,,0.0,normalDay
2023-11-17,11057.0,0.0,13.0,0,450.79,0.0,1,0.13,0.0,SPY231117P00400000,400.0,0,0.0,0.0,,0.0,expirationDay
2023-11-20,11057.0,-3.0,0.0,0,454.26,0.0,1,0.03,0.06,SPY231201P00390000,390.0,0,0.0,0.0,,0.0,normalDay
2023-11-21,11057.0,-2.0,0.0,0,453.27,0.0,1,0.03,0.05,SPY231201P00390000,390.0,0,0.0,0.0,,0.0,normalDay
2023-11-22,11057.0,0.0,0.0,0,455.02,0.0,1,0.03,0.03,SPY231201P00390000,390.0,0,0.0,0.0,,0.0,normalDay
2023-11-24,11057.0,1.0,0.0,0,455.3,0.0,1,0.03,0.02,SPY231201P00390000,390.0,0,0.0,0.0,,0.0,normalDay
2023-11-27,11057.0,1.0,0.0,0,454.48,0.0,1,0.03,0.02,SPY231201P00390000,390.0,0,0.0,0.0,,0.0,normalDay
2023-11-28,11057.0,2.0,0.0,0,454.93,0.0,1,0.03,0.01,SPY231201P00390000,390.0,0,0.0,0.0,,0.0,normalDay
2023-11-29,11057.0,2.0,0.0,0,454.61,0.0,1,0.03,0.01,SPY231201P00390000,390.0,0,0.0,0.0,,0.0,normalDay
2023-11-30,11057.0,2.0,0.0,0,456.4,0.0,1,0.03,0.01,SPY231201P00390000,390.0,0,0.0,0.0,,0.0,normalDay
