date,totalCapital,unrializedPnL,rializedPnL,stocksOwned,stocksPriceToday,stocksPriceBoughtAt,putOwned,putOwnedSoldAt,putPriceToday,putOwnedContract,putOwnedStrike,callOwned,callOwnedSoldAt,callPriceToday,callOwnedContract,callOwnedStrike,trackType
2018-11-01,0.0,-7.0,0.0,0,273.51,0.0,1,4.96,5.03,SPY190118P00262000,262.0,0,0.0,0.0,,0.0,normalDay
2018-11-02,0.0,-45.0,0.0,0,271.89,0.0,1,4.96,5.41,SPY190118P00262000,262.0,0,0.0,0.0,,0.0,normalDay
2018-11-05,0.0,12.0,0.0,0,273.39,0.0,1,4.96,4.84,SPY190118P00262000,262.0,0,0.0,0.0,,0.0,normalDay
2018-11-06,0.0,68.0,0.0,0,275.12,0.0,1,4.96,4.28,SPY190118P00262000,262.0,0,0.0,0.0,,0.0,normalDay
2018-11-07,0.0,234.0,0.0,0,281.01,0.0,1,4.96,2.62,SPY190118P00262000,262.0,0,0.0,0.0,,0.0,normalDay
2018-11-08,0.0,232.0,0.0,0,280.5,0.0,1,4.96,2.64,SPY190118P00262000,262.0,0,0.0,0.0,,0.0,normalDay
2018-11-09,0.0,167.0,0.0,0,277.76,0.0,1,4.96,3.29,SPY190118P00262000,262.0,0,0.0,0.0,,0.0,normalDay
2018-11-12,0.0,25.0,0.0,0,272.57,0.0,1,4.96,4.71,SPY190118P00262000,262.0,0,0.0,0.0,,0.0,normalDay
2018-11-13,0.0,9.0,0.0,0,272.06,0.0,1,4.96,4.87,SPY190118P00262000,262.0,0,0.0,0.0,,0.0,normalDay
2018-11-14,0.0,-71.0,0.0,0,270.2,0.0,1,4.96,5.67,SPY190118P00262000,262.0,0,0.0,0.0,,0.0,normalDay
2018-11-15,0.0,40.0,0.0,0,273.02,0.0,1,4.96,4.56,SPY190118P00262000,262.0,0,0.0,0.0,,0.0,normalDay
2018-11-16,0.0,108.0,0.0,0,273.73,0.0,1,4.96,3.88,SPY190118P00262000,262.0,0,0.0,0.0,,0.0,normalDay
2018-11-19,0.0,-39.0,0.0,0,269.1,0.0,1,4.96,5.35,SPY190118P00262000,262.0,0,0.0,0.0,,0.0,normalDay
2018-11-20,0.0,-262.0,0.0,0,264.12,0.0,1,4.96,7.58,SPY190118P00262000,262.0,0,0.0,0.0,,0.0,normalDay
2018-11-21,0.0,-172.0,0.0,0,265.02,0.0,1,4.96,6.68,SPY190118P00262000,262.0,0,0.0,0.0,,0.0,normalDay
2018-11-23,0.0,-257.0,0.0,0,263.25,0.0,1,4.96,7.53,SPY190118P00262000,262.0,0,0.0,0.0,,0.0,normalDay
2018-11-26,0.0,-2.0,0.0,0,267.5,0.0,1,4.96,4.98,SPY190118P00262000,262.0,0,0.0,0.0,,0.0,normalDay
2018-11-27,0.0,16.0,0.0,0,268.4,0.0,1,4.96,4.8,SPY190118P00262000,262.0,0,0.0,0.0,,0.0,normalDay
2018-11-28,0.0,180.0,0.0,0,274.58,0.0,1,4.96,3.16,SPY190118P00262000,262.0,0,0.0,0.0,,0.0,normalDay
2018-11-29,0.0,164.0,0.0,0,273.98,0.0,1,4.96,3.32,SPY190118P00262000,262.0,0,0.0,0.0,,0.0,normalDay
2018-11-30,0.0,218.0,0.0,0,275.65,0.0,1,4.96,2.78,SPY190118P00262000,262.0,0,0.0,0.0,,0.0,normalDay
2018-12-03,0.0,314.0,0.0,0,279.3,0.0,1,4.96,1.82,SPY190118P00262000,262.0,0,0.0,0.0,,0.0,normalDay
2018-12-04,0.0,68.0,0.0,0,270.25,0.0,1,4.96,4.28,SPY190118P00262000,262.0,0,0.0,0.0,,0.0,normalDay
2018-12-06,0.0,54.0,0.0,0,269.84,0.0,1,4.96,4.42,SPY190118P00262000,262.0,0,0.0,0.0,,0.0,normalDay
2018-12-07,0.0,-213.0,0.0,0,263.57,0.0,1,4.96,7.09,SPY190118P00262000,262.0,0,0.0,0.0,,0.0,normalDay
2018-12-10,0.0,-125.0,0.0,0,264.07,0.0,1,4.96,6.21,SPY190118P00262000,262.0,0,0.0,0.0,,0.0,normalDay
2018-12-11,0.0,-104.0,0.0,0,264.13,0.0,1,4.96,6.0,SPY190118P00262000,262.0,0,0.0,0.0,,0.0,normalDay
2018-12-12,0.0,-55.0,0.0,0,265.46,0.0,1,4.96,5.51,SPY190118P00262000,262.0,0,0.0,0.0,,0.0,normalDay
2018-12-13,0.0,-24.0,0.0,0,265.37,0.0,1,4.96,5.2,SPY190118P00262000,262.0,0,0.0,0.0,,0.0,normalDay
2018-12-14,0.0,-238.0,0.0,0,260.47,0.0,1,4.96,7.34,SPY190118P00262000,262.0,0,0.0,0.0,,0.0,normalDay
2018-12-17,0.0,-549.0,0.0,0,255.36,0.0,1,4.96,10.45,SPY190118P00262000,262.0,0,0.0,0.0,,0.0,normalDay
2018-12-18,0.0,-625.0,0.0,0,255.08,0.0,1,4.96,11.21,SPY190118P00262000,262.0,0,0.0,0.0,,0.0,normalDay
2018-12-19,0.0,-839.0,0.0,0,251.26,0.0,1,4.96,13.35,SPY190118P00262000,262.0,0,0.0,0.0,,0.0,normalDay
2018-12-20,0.0,-1142.0,0.0,0,247.17,0.0,1,4.96,16.38,SPY190118P00262000,262.0,0,0.0,0.0,,0.0,normalDay
2018-12-21,0.0,-1727.0,0.0,0,240.7,0.0,1,4.96,22.23,SPY190118P00262000,262.0,0,0.0,0.0,,0.0,normalDay
2018-12-24,0.0,-2504.0,0.0,0,234.34,0.0,1,4.96,30.0,SPY190118P00262000,262.0,0,0.0,0.0,,0.0,normalDay
2018-12-26,0.0,-1163.0,0.0,0,246.18,0.0,1,4.96,16.59,SPY190118P00262000,262.0,0,0.0,0.0,,0.0,normalDay
2018-12-27,0.0,-987.0,0.0,0,248.07,0.0,1,4.96,14.83,SPY190118P00262000,262.0,0,0.0,0.0,,0.0,normalDay
2018-12-28,0.0,-1022.0,0.0,0,247.75,0.0,1,4.96,15.18,SPY190118P00262000,262.0,0,0.0,0.0,,0.0,normalDay
2018-12-31,0.0,-802.0,0.0,0,249.92,0.0,1,4.96,12.98,SPY190118P00262000,262.0,0,0.0,0.0,,0.0,normalDay
2019-01-02,0.0,-708.0,0.0,0,250.18,0.0,1,4.96,12.04,SPY190118P00262000,262.0,0,0.0,0.0,,0.0,normalDay
2019-01-03,0.0,-1289.0,0.0,0,244.21,0.0,1,4.96,17.85,SPY190118P00262000,262.0,0,0.0,0.0,,0.0,normalDay
2019-01-04,0.0,-512.0,0.0,0,252.39,0.0,1,4.96,10.08,SPY190118P00262000,262.0,0,0.0,0.0,,0.0,normalDay
2019-01-07,0.0,-347.0,0.0,0,254.38,0.0,1,4.96,8.43,SPY190118P00262000,262.0,0,0.0,0.0,,0.0,normalDay
2019-01-08,0.0,-137.0,0.0,0,256.77,0.0,1,4.96,6.33,SPY190118P00262000,262.0,0,0.0,0.0,,0.0,normalDay
2019-01-09,0.0,-29.0,0.0,0,257.97,0.0,1,4.96,5.25,SPY190118P00262000,262.0,0,0.0,0.0,,0.0,normalDay
2019-01-10,0.0,68.0,0.0,0,258.88,0.0,1,4.96,4.28,SPY190118P00262000,262.0,0,0.0,0.0,,0.0,normalDay
2019-01-11,0.0,105.0,0.0,0,258.98,0.0,1,4.96,3.91,SPY190118P00262000,262.0,0,0.0,0.0,,0.0,normalDay
2019-01-14,0.0,10.0,0.0,0,257.4,0.0,1,4.96,4.86,SPY190118P00262000,262.0,0,0.0,0.0,,0.0,normalDay
2019-01-15,0.0,240.0,0.0,0,260.35,0.0,1,4.96,2.56,SPY190118P00262000,262.0,0,0.0,0.0,,0.0,normalDay
2019-01-16,0.0,316.0,0.0,0,260.98,0.0,1,4.96,1.8,SPY190118P00262000,262.0,0,0.0,0.0,,0.0,normalDay
2019-01-17,0.0,440.0,0.0,0,262.96,0.0,1,4.96,0.56,SPY190118P00262000,262.0,0,0.0,0.0,,0.0,normalDay
2019-01-18,496.0,0.0,496.0,0,266.46,0.0,1,4.96,0.0,SPY190118P00262000,262.0,0,0.0,0.0,,0.0,expirationDay
2019-01-22,496.0,-6.0,0.0,0,262.86,0.0,1,2.88,2.94,SPY190418P00238000,238.0,0,0.0,0.0,,0.0,normalDay
2019-01-23,496.0,9.0,0.0,0,263.41,0.0,1,2.88,2.79,SPY190418P00238000,238.0,0,0.0,0.0,,0.0,normalDay
2019-01-24,496.0,25.0,0.0,0,263.55,0.0,1,2.88,2.63,SPY190418P00238000,238.0,0,0.0,0.0,,0.0,normalDay
2019-01-25,496.0,81.0,0.0,0,265.78,0.0,1,2.88,2.07,SPY190418P00238000,238.0,0,0.0,0.0,,0.0,normalDay
2019-01-28,496.0,48.0,0.0,0,263.76,0.0,1,2.88,2.4,SPY190418P00238000,238.0,0,0.0,0.0,,0.0,normalDay
2019-01-29,496.0,44.0,0.0,0,263.41,0.0,1,2.88,2.44,SPY190418P00238000,238.0,0,0.0,0.0,,0.0,normalDay
2019-01-30,496.0,112.0,0.0,0,267.58,0.0,1,2.88,1.76,SPY190418P00238000,238.0,0,0.0,0.0,,0.0,normalDay
2019-01-31,496.0,155.0,0.0,0,269.93,0.0,1,2.88,1.33,SPY190418P00238000,238.0,0,0.0,0.0,,0.0,normalDay
2019-02-01,496.0,162.0,0.0,0,270.06,0.0,1,2.88,1.26,SPY190418P00238000,238.0,0,0.0,0.0,,0.0,normalDay
2019-02-04,496.0,184.0,0.0,0,271.96,0.0,1,2.88,1.04,SPY190418P00238000,238.0,0,0.0,0.0,,0.0,normalDay
2019-02-05,496.0,189.0,0.0,0,273.1,0.0,1,2.88,0.99,SPY190418P00238000,238.0,0,0.0,0.0,,0.0,normalDay
2019-02-06,496.0,190.0,0.0,0,272.74,0.0,1,2.88,0.98,SPY190418P00238000,238.0,0,0.0,0.0,,0.0,normalDay
2019-02-07,496.0,171.0,0.0,0,270.14,0.0,1,2.88,1.17,SPY190418P00238000,238.0,0,0.0,0.0,,0.0,normalDay
2019-02-08,496.0,179.0,0.0,0,270.47,0.0,1,2.88,1.09,SPY190418P00238000,238.0,0,0.0,0.0,,0.0,normalDay
2019-02-11,496.0,190.0,0.0,0,270.62,0.0,1,2.88,0.98,SPY190418P00238000,238.0,0,0.0,0.0,,0.0,normalDay
2019-02-12,496.0,211.0,0.0,0,274.1,0.0,1,2.88,0.77,SPY190418P00238000,238.0,0,0.0,0.0,,0.0,normalDay
2019-02-13,496.0,213.0,0.0,0,274.99,0.0,1,2.88,0.75,SPY190418P00238000,238.0,0,0.0,0.0,,0.0,normalDay
2019-02-14,496.0,208.0,0.0,0,274.38,0.0,1,2.88,0.8,SPY190418P00238000,238.0,0,0.0,0.0,,0.0,normalDay
2019-02-15,496.0,228.0,0.0,0,277.37,0.0,1,2.88,0.6,SPY190418P00238000,238.0,0,0.0,0.0,,0.0,normalDay
2019-02-19,496.0,233.0,0.0,0,277.85,0.0,1,2.88,0.55,SPY190418P00238000,238.0,0,0.0,0.0,,0.0,normalDay
2019-02-20,496.0,244.0,0.0,0,278.41,0.0,1,2.88,0.44,SPY190418P00238000,238.0,0,0.0,0.0,,0.0,normalDay
2019-02-21,496.0,242.0,0.0,0,277.42,0.0,1,2.88,0.46,SPY190418P00238000,238.0,0,0.0,0.0,,0.0,normalDay
2019-02-22,496.0,251.0,0.0,0,279.14,0.0,1,2.88,0.37,SPY190418P00238000,238.0,0,0.0,0.0,,0.0,normalDay
2019-02-25,496.0,246.0,0.0,0,279.52,0.0,1,2.88,0.42,SPY190418P00238000,238.0,0,0.0,0.0,,0.0,normalDay
2019-02-26,496.0,246.0,0.0,0,279.32,0.0,1,2.88,0.42,SPY190418P00238000,238.0,0,0.0,0.0,,0.0,normalDay
2019-02-27,496.0,248.0,0.0,0,279.2,0.0,1,2.88,0.4,SPY190418P00238000,238.0,0,0.0,0.0,,0.0,normalDay
2019-02-28,496.0,247.0,0.0,0,278.68,0.0,1,2.88,0.41,SPY190418P00238000,238.0,0,0.0,0.0,,0.0,normalDay
2019-03-01,496.0,257.0,0.0,0,280.42,0.0,1,2.88,0.31,SPY190418P00238000,238.0,0,0.0,0.0,,0.0,normalDay
2019-03-04,496.0,254.0,0.0,0,279.4,0.0,1,2.88,0.34,SPY190418P00238000,238.0,0,0.0,0.0,,0.0,normalDay
2019-03-05,496.0,253.0,0.0,0,279.02,0.0,1,2.88,0.35,SPY190418P00238000,238.0,0,0.0,0.0,,0.0,normalDay
2019-03-06,496.0,249.0,0.0,0,277.33,0.0,1,2.88,0.39,SPY190418P00238000,238.0,0,0.0,0.0,,0.0,normalDay
2019-03-07,496.0,242.0,0.0,0,275.01,0.0,1,2.88,0.46,SPY190418P00238000,238.0,0,0.0,0.0,,0.0,normalDay
2019-03-08,496.0,247.0,0.0,0,274.46,0.0,1,2.88,0.41,SPY190418P00238000,238.0,0,0.0,0.0,,0.0,normalDay
2019-03-11,496.0,263.0,0.0,0,278.44,0.0,1,2.88,0.25,SPY190418P00238000,238.0,0,0.0,0.0,,0.0,normalDay
2019-03-12,496.0,267.0,0.0,0,279.49,0.0,1,2.88,0.21,SPY190418P00238000,238.0,0,0.0,0.0,,0.0,normalDay
2019-03-13,496.0,270.0,0.0,0,281.34,0.0,1,2.88,0.18,SPY190418P00238000,238.0,0,0.0,0.0,,0.0,normalDay
2019-03-14,496.0,271.0,0.0,0,281.16,0.0,1,2.88,0.17,SPY190418P00238000,238.0,0,0.0,0.0,,0.0,normalDay
2019-03-15,496.0,274.0,0.0,0,281.31,0.0,1,2.88,0.14,SPY190418P00238000,238.0,0,0.0,0.0,,0.0,normalDay
2019-03-18,496.0,276.0,0.0,0,282.33,0.0,1,2.88,0.12,SPY190418P00238000,238.0,0,0.0,0.0,,0.0,normalDay
2019-03-19,496.0,277.0,0.0,0,282.4,0.0,1,2.88,0.11,SPY190418P00238000,238.0,0,0.0,0.0,,0.0,normalDay
2019-03-20,496.0,277.0,0.0,0,281.55,0.0,1,2.88,0.11,SPY190418P00238000,238.0,0,0.0,0.0,,0.0,normalDay
2019-03-21,496.0,279.0,0.0,0,284.73,0.0,1,2.88,0.09,SPY190418P00238000,238.0,0,0.0,0.0,,0.0,normalDay
2019-03-22,496.0,273.0,0.0,0,279.25,0.0,1,2.88,0.15,SPY190418P00238000,238.0,0,0.0,0.0,,0.0,normalDay
2019-03-25,496.0,277.0,0.0,0,279.04,0.0,1,2.88,0.11,SPY190418P00238000,238.0,0,0.0,0.0,,0.0,normalDay
2019-03-26,496.0,282.0,0.0,0,281.12,0.0,1,2.88,0.06,SPY190418P00238000,238.0,0,0.0,0.0,,0.0,normalDay
2019-03-27,496.0,281.0,0.0,0,279.65,0.0,1,2.88,0.07,SPY190418P00238000,238.0,0,0.0,0.0,,0.0,normalDay
2019-03-28,496.0,282.0,0.0,0,280.71,0.0,1,2.88,0.06,SPY190418P00238000,238.0,0,0.0,0.0,,0.0,normalDay
2019-03-29,496.0,283.0,0.0,0,282.48,0.0,1,2.88,0.05,SPY190418P00238000,238.0,0,0.0,0.0,,0.0,normalDay
2019-04-01,496.0,284.0,0.0,0,285.83,0.0,1,2.88,0.04,SPY190418P00238000,238.0,0,0.0,0.0,,0.0,normalDay
2019-04-02,496.0,285.0,0.0,0,285.97,0.0,1,2.88,0.03,SPY190418P00238000,238.0,0,0.0,0.0,,0.0,normalDay
2019-04-03,496.0,285.0,0.0,0,286.42,0.0,1,2.88,0.03,SPY190418P00238000,238.0,0,0.0,0.0,,0.0,normalDay
2019-04-04,496.0,285.0,0.0,0,287.18,0.0,1,2.88,0.03,SPY190418P00238000,238.0,0,0.0,0.0,,0.0,normalDay
2019-04-05,496.0,286.0,0.0,0,288.57,0.0,1,2.88,0.02,SPY190418P00238000,238.0,0,0.0,0.0,,0.0,normalDay
2019-04-08,496.0,286.0,0.0,0,288.79,0.0,1,2.88,0.02,SPY190418P00238000,238.0,0,0.0,0.0,,0.0,normalDay
2019-04-09,496.0,287.0,0.0,0,287.31,0.0,1,2.88,0.01,SPY190418P00238000,238.0,0,0.0,0.0,,0.0,normalDay
2019-04-10,496.0,287.0,0.0,0,288.29,0.0,1,2.88,0.01,SPY190418P00238000,238.0,0,0.0,0.0,,0.0,normalDay
2019-04-11,496.0,287.0,0.0,0,288.21,0.0,1,2.88,0.01,SPY190418P00238000,238.0,0,0.0,0.0,,0.0,normalDay
2019-04-12,496.0,287.0,0.0,0,290.16,0.0,1,2.88,0.01,SPY190418P00238000,238.0,0,0.0,0.0,,0.0,normalDay
2019-04-15,496.0,287.0,0.0,0,289.97,0.0,1,2.88,0.01,SPY190418P00238000,238.0,0,0.0,0.0,,0.0,normalDay
2019-04-16,496.0,287.0,0.0,0,290.16,0.0,1,2.88,0.01,SPY190418P00238000,238.0,0,0.0,0.0,,0.0,normalDay
2019-04-17,496.0,287.0,0.0,0,289.45,0.0,1,2.88,0.01,SPY190418P00238000,238.0,0,0.0,0.0,,0.0,normalDay
2019-04-18,784.0,0.0,288.0,0,290.02,0.0,1,2.88,0.0,SPY190418P00238000,238.0,0,0.0,0.0,,0.0,expirationDay
2019-04-22,784.0,-4.0,0.0,0,290.27,0.0,1,2.61,2.65,SPY190628P00279000,279.0,0,0.0,0.0,,0.0,normalDay
2019-04-23,784.0,40.0,0.0,0,292.88,0.0,1,2.61,2.21,SPY190628P00279000,279.0,0,0.0,0.0,,0.0,normalDay
2019-04-24,784.0,20.0,0.0,0,292.23,0.0,1,2.61,2.41,SPY190628P00279000,279.0,0,0.0,0.0,,0.0,normalDay
2019-04-25,784.0,12.0,0.0,0,292.05,0.0,1,2.61,2.49,SPY190628P00279000,279.0,0,0.0,0.0,,0.0,normalDay
2019-04-26,784.0,44.0,0.0,0,293.41,0.0,1,2.61,2.17,SPY190628P00279000,279.0,0,0.0,0.0,,0.0,normalDay
2019-04-29,784.0,53.0,0.0,0,293.87,0.0,1,2.61,2.08,SPY190628P00279000,279.0,0,0.0,0.0,,0.0,normalDay
2019-04-30,784.0,58.0,0.0,0,294.02,0.0,1,2.61,2.03,SPY190628P00279000,279.0,0,0.0,0.0,,0.0,normalDay
2019-05-01,784.0,-1.0,0.0,0,291.81,0.0,1,2.61,2.62,SPY190628P00279000,279.0,0,0.0,0.0,,0.0,normalDay
2019-05-02,784.0,-9.0,0.0,0,291.18,0.0,1,2.61,2.7,SPY190628P00279000,279.0,0,0.0,0.0,,0.0,normalDay
2019-05-03,784.0,66.0,0.0,0,294.03,0.0,1,2.61,1.95,SPY190628P00279000,279.0,0,0.0,0.0,,0.0,normalDay
2019-05-06,784.0,13.0,0.0,0,292.82,0.0,1,2.61,2.48,SPY190628P00279000,279.0,0,0.0,0.0,,0.0,normalDay
2019-05-07,784.0,-180.0,0.0,0,287.93,0.0,1,2.61,4.41,SPY190628P00279000,279.0,0,0.0,0.0,,0.0,normalDay
2019-05-08,784.0,-176.0,0.0,0,287.53,0.0,1,2.61,4.37,SPY190628P00279000,279.0,0,0.0,0.0,,0.0,normalDay
2019-05-09,784.0,-187.0,0.0,0,286.66,0.0,1,2.61,4.48,SPY190628P00279000,279.0,0,0.0,0.0,,0.0,normalDay
2019-05-10,784.0,-89.0,0.0,0,288.1,0.0,1,2.61,3.5,SPY190628P00279000,279.0,0,0.0,0.0,,0.0,normalDay
2019-05-13,784.0,-399.0,0.0,0,280.86,0.0,1,2.61,6.6,SPY190628P00279000,279.0,0,0.0,0.0,,0.0,normalDay
2019-05-14,784.0,-249.0,0.0,0,283.4,0.0,1,2.61,5.1,SPY190628P00279000,279.0,0,0.0,0.0,,0.0,normalDay
2019-05-15,784.0,-143.0,0.0,0,285.06,0.0,1,2.61,4.04,SPY190628P00279000,279.0,0,0.0,0.0,,0.0,normalDay
2019-05-16,784.0,-46.0,0.0,0,287.7,0.0,1,2.61,3.07,SPY190628P00279000,279.0,0,0.0,0.0,,0.0,normalDay
2019-05-17,784.0,-101.0,0.0,0,285.84,0.0,1,2.61,3.62,SPY190628P00279000,279.0,0,0.0,0.0,,0.0,normalDay
2019-05-20,784.0,-142.0,0.0,0,283.95,0.0,1,2.61,4.03,SPY190628P00279000,279.0,0,0.0,0.0,,0.0,normalDay
2019-05-21,784.0,-37.0,0.0,0,286.51,0.0,1,2.61,2.98,SPY190628P00279000,279.0,0,0.0,0.0,,0.0,normalDay
2019-05-22,784.0,-50.0,0.0,0,285.63,0.0,1,2.61,3.11,SPY190628P00279000,279.0,0,0.0,0.0,,0.0,normalDay
2019-05-23,784.0,-207.0,0.0,0,282.14,0.0,1,2.61,4.68,SPY190628P00279000,279.0,0,0.0,0.0,,0.0,normalDay
2019-05-24,784.0,-146.0,0.0,0,282.78,0.0,1,2.61,4.07,SPY190628P00279000,279.0,0,0.0,0.0,,0.0,normalDay
2019-05-28,784.0,-240.0,0.0,0,280.15,0.0,1,2.61,5.01,SPY190628P00279000,279.0,0,0.0,0.0,,0.0,normalDay
2019-05-29,784.0,-333.0,0.0,0,278.27,0.0,1,2.61,5.94,SPY190628P00279000,279.0,0,0.0,0.0,,0.0,normalDay
2019-05-30,784.0,-281.0,0.0,0,279.03,0.0,1,2.61,5.42,SPY190628P00279000,279.0,0,0.0,0.0,,0.0,normalDay
2019-05-31,784.0,-500.0,0.0,0,275.27,0.0,1,2.61,7.61,SPY190628P00279000,279.0,0,0.0,0.0,,0.0,normalDay
2019-06-03,784.0,-506.0,0.0,0,274.57,0.0,1,2.61,7.67,SPY190628P00279000,279.0,0,0.0,0.0,,0.0,normalDay
2019-06-04,784.0,-166.0,0.0,0,280.53,0.0,1,2.61,4.27,SPY190628P00279000,279.0,0,0.0,0.0,,0.0,normalDay
2019-06-05,784.0,-41.0,0.0,0,282.96,0.0,1,2.61,3.02,SPY190628P00279000,279.0,0,0.0,0.0,,0.0,normalDay
2019-06-06,784.0,23.0,0.0,0,284.8,0.0,1,2.61,2.38,SPY190628P00279000,279.0,0,0.0,0.0,,0.0,normalDay
2019-06-07,784.0,84.0,0.0,0,287.65,0.0,1,2.61,1.77,SPY190628P00279000,279.0,0,0.0,0.0,,0.0,normalDay
2019-06-10,784.0,133.0,0.0,0,288.97,0.0,1,2.61,1.28,SPY190628P00279000,279.0,0,0.0,0.0,,0.0,normalDay
2019-06-11,784.0,135.0,0.0,0,288.9,0.0,1,2.61,1.26,SPY190628P00279000,279.0,0,0.0,0.0,,0.0,normalDay
2019-06-12,784.0,138.0,0.0,0,288.39,0.0,1,2.61,1.23,SPY190628P00279000,279.0,0,0.0,0.0,,0.0,normalDay
2019-06-13,784.0,163.0,0.0,0,289.58,0.0,1,2.61,0.98,SPY190628P00279000,279.0,0,0.0,0.0,,0.0,normalDay
2019-06-14,784.0,182.0,0.0,0,289.26,0.0,1,2.61,0.79,SPY190628P00279000,279.0,0,0.0,0.0,,0.0,normalDay
2019-06-17,784.0,194.0,0.0,0,289.37,0.0,1,2.61,0.67,SPY190628P00279000,279.0,0,0.0,0.0,,0.0,normalDay
2019-06-18,784.0,224.0,0.0,0,292.4,0.0,1,2.61,0.37,SPY190628P00279000,279.0,0,0.0,0.0,,0.0,normalDay
2019-06-19,784.0,240.0,0.0,0,293.06,0.0,1,2.61,0.21,SPY190628P00279000,279.0,0,0.0,0.0,,0.0,normalDay
2019-06-20,784.0,246.0,0.0,0,295.86,0.0,1,2.61,0.15,SPY190628P00279000,279.0,0,0.0,0.0,,0.0,normalDay
2019-06-21,784.0,250.0,0.0,0,294.0,0.0,1,2.61,0.11,SPY190628P00279000,279.0,0,0.0,0.0,,0.0,normalDay
2019-06-24,784.0,256.0,0.0,0,293.64,0.0,1,2.61,0.05,SPY190628P00279000,279.0,0,0.0,0.0,,0.0,normalDay
2019-06-25,784.0,255.0,0.0,0,290.76,0.0,1,2.61,0.06,SPY190628P00279000,279.0,0,0.0,0.0,,0.0,normalDay
2019-06-26,784.0,258.0,0.0,0,290.47,0.0,1,2.61,0.03,SPY190628P00279000,279.0,0,0.0,0.0,,0.0,normalDay
2019-06-27,784.0,260.0,0.0,0,291.5,0.0,1,2.61,0.01,SPY190628P00279000,279.0,0,0.0,0.0,,0.0,normalDay
2019-06-28,1045.0,0.0,261.0,0,293.0,0.0,1,2.61,0.0,SPY190628P00279000,279.0,0,0.0,0.0,,0.0,expirationDay
2019-07-01,1045.0,-4.0,0.0,0,295.66,0.0,1,3.41,3.45,SPY190920P00282000,282.0,0,0.0,0.0,,0.0,normalDay
2019-07-02,1045.0,45.0,0.0,0,296.43,0.0,1,3.41,2.96,SPY190920P00282000,282.0,0,0.0,0.0,,0.0,normalDay
2019-07-03,1045.0,91.0,0.0,0,298.8,0.0,1,3.41,2.5,SPY190920P00282000,282.0,0,0.0,0.0,,0.0,normalDay
2019-07-05,1045.0,76.0,0.0,0,298.46,0.0,1,3.41,2.65,SPY190920P00282000,282.0,0,0.0,0.0,,0.0,normalDay
2019-07-08,1045.0,52.0,0.0,0,296.82,0.0,1,3.41,2.89,SPY190920P00282000,282.0,0,0.0,0.0,,0.0,normalDay
2019-07-09,1045.0,49.0,0.0,0,297.19,0.0,1,3.41,2.92,SPY190920P00282000,282.0,0,0.0,0.0,,0.0,normalDay
2019-07-10,1045.0,94.0,0.0,0,298.61,0.0,1,3.41,2.47,SPY190920P00282000,282.0,0,0.0,0.0,,0.0,normalDay
2019-07-11,1045.0,110.0,0.0,0,299.31,0.0,1,3.41,2.31,SPY190920P00282000,282.0,0,0.0,0.0,,0.0,normalDay
2019-07-12,1045.0,137.0,0.0,0,300.65,0.0,1,3.41,2.04,SPY190920P00282000,282.0,0,0.0,0.0,,0.0,normalDay
2019-07-15,1045.0,142.0,0.0,0,300.75,0.0,1,3.41,1.99,SPY190920P00282000,282.0,0,0.0,0.0,,0.0,normalDay
2019-07-16,1045.0,132.0,0.0,0,299.78,0.0,1,3.41,2.09,SPY190920P00282000,282.0,0,0.0,0.0,,0.0,normalDay
2019-07-17,1045.0,90.0,0.0,0,297.74,0.0,1,3.41,2.51,SPY190920P00282000,282.0,0,0.0,0.0,,0.0,normalDay
2019-07-18,1045.0,116.0,0.0,0,298.83,0.0,1,3.41,2.25,SPY190920P00282000,282.0,0,0.0,0.0,,0.0,normalDay
2019-07-19,1045.0,85.0,0.0,0,297.17,0.0,1,3.41,2.56,SPY190920P00282000,282.0,0,0.0,0.0,,0.0,normalDay
2019-07-22,1045.0,120.0,0.0,0,297.9,0.0,1,3.41,2.21,SPY190920P00282000,282.0,0,0.0,0.0,,0.0,normalDay
2019-07-23,1045.0,165.0,0.0,0,300.03,0.0,1,3.41,1.76,SPY190920P00282000,282.0,0,0.0,0.0,,0.0,normalDay
2019-07-24,1045.0,192.0,0.0,0,301.44,0.0,1,3.41,1.49,SPY190920P00282000,282.0,0,0.0,0.0,,0.0,normalDay
2019-07-25,1045.0,168.0,0.0,0,300.0,0.0,1,3.41,1.73,SPY190920P00282000,282.0,0,0.0,0.0,,0.0,normalDay
2019-07-26,1045.0,199.0,0.0,0,302.01,0.0,1,3.41,1.42,SPY190920P00282000,282.0,0,0.0,0.0,,0.0,normalDay
2019-07-29,1045.0,200.0,0.0,0,301.46,0.0,1,3.41,1.41,SPY190920P00282000,282.0,0,0.0,0.0,,0.0,normalDay
2019-07-30,1045.0,174.0,0.0,0,300.72,0.0,1,3.41,1.67,SPY190920P00282000,282.0,0,0.0,0.0,,0.0,normalDay
2019-07-31,1045.0,101.0,0.0,0,297.43,0.0,1,3.41,2.4,SPY190920P00282000,282.0,0,0.0,0.0,,0.0,normalDay
2019-08-01,1045.0,16.0,0.0,0,294.84,0.0,1,3.41,3.25,SPY190920P00282000,282.0,0,0.0,0.0,,0.0,normalDay
2019-08-02,1045.0,-35.0,0.0,0,292.62,0.0,1,3.41,3.76,SPY190920P00282000,282.0,0,0.0,0.0,,0.0,normalDay
2019-08-05,1045.0,-469.0,0.0,0,283.82,0.0,1,3.41,8.1,SPY190920P00282000,282.0,0,0.0,0.0,,0.0,normalDay
2019-08-06,1045.0,-203.0,0.0,0,287.8,0.0,1,3.41,5.44,SPY190920P00282000,282.0,0,0.0,0.0,,0.0,normalDay
2019-08-07,1045.0,-189.0,0.0,0,287.97,0.0,1,3.41,5.3,SPY190920P00282000,282.0,0,0.0,0.0,,0.0,normalDay
2019-08-08,1045.0,23.0,0.0,0,293.62,0.0,1,3.41,3.18,SPY190920P00282000,282.0,0,0.0,0.0,,0.0,normalDay
2019-08-09,1045.0,-34.0,0.0,0,291.62,0.0,1,3.41,3.75,SPY190920P00282000,282.0,0,0.0,0.0,,0.0,normalDay
2019-08-12,1045.0,-203.0,0.0,0,288.07,0.0,1,3.41,5.44,SPY190920P00282000,282.0,0,0.0,0.0,,0.0,normalDay
2019-08-13,1045.0,6.0,0.0,0,292.55,0.0,1,3.41,3.35,SPY190920P00282000,282.0,0,0.0,0.0,,0.0,normalDay
2019-08-14,1045.0,-348.0,0.0,0,283.9,0.0,1,3.41,6.89,SPY190920P00282000,282.0,0,0.0,0.0,,0.0,normalDay
2019-08-15,1045.0,-290.0,0.0,0,284.65,0.0,1,3.41,6.31,SPY190920P00282000,282.0,0,0.0,0.0,,0.0,normalDay
2019-08-16,1045.0,-81.0,0.0,0,288.85,0.0,1,3.41,4.22,SPY190920P00282000,282.0,0,0.0,0.0,,0.0,normalDay
2019-08-19,1045.0,71.0,0.0,0,292.33,0.0,1,3.41,2.7,SPY190920P00282000,282.0,0,0.0,0.0,,0.0,normalDay
2019-08-20,1045.0,6.0,0.0,0,290.09,0.0,1,3.41,3.35,SPY190920P00282000,282.0,0,0.0,0.0,,0.0,normalDay
2019-08-21,1045.0,118.0,0.0,0,292.45,0.0,1,3.41,2.23,SPY190920P00282000,282.0,0,0.0,0.0,,0.0,normalDay
2019-08-22,1045.0,98.0,0.0,0,292.36,0.0,1,3.41,2.43,SPY190920P00282000,282.0,0,0.0,0.0,,0.0,normalDay
2019-08-23,1045.0,-145.0,0.0,0,284.85,0.0,1,3.41,4.86,SPY190920P00282000,282.0,0,0.0,0.0,,0.0,normalDay
2019-08-26,1045.0,-26.0,0.0,0,288.0,0.0,1,3.41,3.67,SPY190920P00282000,282.0,0,0.0,0.0,,0.0,normalDay
2019-08-27,1045.0,-82.0,0.0,0,286.87,0.0,1,3.41,4.23,SPY190920P00282000,282.0,0,0.0,0.0,,0.0,normalDay
2019-08-28,1045.0,17.0,0.0,0,288.89,0.0,1,3.41,3.24,SPY190920P00282000,282.0,0,0.0,0.0,,0.0,normalDay
2019-08-29,1045.0,128.0,0.0,0,292.58,0.0,1,3.41,2.13,SPY190920P00282000,282.0,0,0.0,0.0,,0.0,normalDay
2019-08-30,1045.0,121.0,0.0,0,292.45,0.0,1,3.41,2.2,SPY190920P00282000,282.0,0,0.0,0.0,,0.0,normalDay
2019-09-03,1045.0,106.0,0.0,0,290.74,0.0,1,3.41,2.35,SPY190920P00282000,282.0,0,0.0,0.0,,0.0,normalDay
2019-09-04,1045.0,219.0,0.0,0,294.04,0.0,1,3.41,1.22,SPY190920P00282000,282.0,0,0.0,0.0,,0.0,normalDay
2019-09-05,1045.0,275.0,0.0,0,297.82,0.0,1,3.41,0.66,SPY190920P00282000,282.0,0,0.0,0.0,,0.0,normalDay
2019-09-06,1045.0,301.0,0.0,0,298.05,0.0,1,3.41,0.4,SPY190920P00282000,282.0,0,0.0,0.0,,0.0,normalDay
2019-09-09,1045.0,310.0,0.0,0,298.2,0.0,1,3.41,0.31,SPY190920P00282000,282.0,0,0.0,0.0,,0.0,normalDay
2019-09-10,1045.0,314.0,0.0,0,298.13,0.0,1,3.41,0.27,SPY190920P00282000,282.0,0,0.0,0.0,,0.0,normalDay
2019-09-11,1045.0,325.0,0.0,0,300.25,0.0,1,3.41,0.16,SPY190920P00282000,282.0,0,0.0,0.0,,0.0,normalDay
2019-09-12,1045.0,328.0,0.0,0,301.29,0.0,1,3.41,0.13,SPY190920P00282000,282.0,0,0.0,0.0,,0.0,normalDay
2019-09-13,1045.0,330.0,0.0,0,301.09,0.0,1,3.41,0.11,SPY190920P00282000,282.0,0,0.0,0.0,,0.0,normalDay
2019-09-16,1045.0,332.0,0.0,0,300.16,0.0,1,3.41,0.09,SPY190920P00282000,282.0,0,0.0,0.0,,0.0,normalDay
2019-09-17,1045.0,333.0,0.0,0,300.92,0.0,1,3.41,0.08,SPY190920P00282000,282.0,0,0.0,0.0,,0.0,normalDay
2019-09-18,1045.0,335.0,0.0,0,301.1,0.0,1,3.41,0.06,SPY190920P00282000,282.0,0,0.0,0.0,,0.0,normalDay
2019-09-19,1045.0,337.0,0.0,0,301.08,0.0,1,3.41,0.04,SPY190920P00282000,282.0,0,0.0,0.0,,0.0,normalDay
2019-09-20,1386.0,0.0,341.0,0,298.28,0.0,1,3.41,0.0,SPY190920P00282000,282.0,0,0.0,0.0,,0.0,expirationDay
2019-09-23,1386.0,-4.0,0.0,0,298.21,0.0,1,3.11,3.15,SPY191115P00287000,287.0,0,0.0,0.0,,0.0,normalDay
2019-09-24,1386.0,-91.0,0.0,0,295.87,0.0,1,3.11,4.02,SPY191115P00287000,287.0,0,0.0,0.0,,0.0,normalDay
2019-09-25,1386.0,-35.0,0.0,0,297.62,0.0,1,3.11,3.46,SPY191115P00287000,287.0,0,0.0,0.0,,0.0,normalDay
2019-09-26,1386.0,-35.0,0.0,0,297.0,0.0,1,3.11,3.46,SPY191115P00287000,287.0,0,0.0,0.0,,0.0,normalDay
2019-09-27,1386.0,-97.0,0.0,0,295.4,0.0,1,3.11,4.08,SPY191115P00287000,287.0,0,0.0,0.0,,0.0,normalDay
2019-09-30,1386.0,-19.0,0.0,0,296.77,0.0,1,3.11,3.3,SPY191115P00287000,287.0,0,0.0,0.0,,0.0,normalDay
2019-10-01,1386.0,-155.0,0.0,0,293.24,0.0,1,3.11,4.66,SPY191115P00287000,287.0,0,0.0,0.0,,0.0,normalDay
2019-10-02,1386.0,-402.0,0.0,0,288.06,0.0,1,3.11,7.13,SPY191115P00287000,287.0,0,0.0,0.0,,0.0,normalDay
2019-10-03,1386.0,-257.0,0.0,0,290.42,0.0,1,3.11,5.68,SPY191115P00287000,287.0,0,0.0,0.0,,0.0,normalDay
2019-10-04,1386.0,-79.0,0.0,0,294.35,0.0,1,3.11,3.9,SPY191115P00287000,287.0,0,0.0,0.0,,0.0,normalDay
2019-10-07,1386.0,-113.0,0.0,0,293.08,0.0,1,3.11,4.24,SPY191115P00287000,287.0,0,0.0,0.0,,0.0,normalDay
2019-10-08,1386.0,-308.0,0.0,0,288.53,0.0,1,3.11,6.19,SPY191115P00287000,287.0,0,0.0,0.0,,0.0,normalDay
2019-10-09,1386.0,-171.0,0.0,0,291.27,0.0,1,3.11,4.82,SPY191115P00287000,287.0,0,0.0,0.0,,0.0,normalDay
2019-10-10,1386.0,-70.0,0.0,0,293.24,0.0,1,3.11,3.81,SPY191115P00287000,287.0,0,0.0,0.0,,0.0,normalDay
2019-10-11,1386.0,64.0,0.0,0,296.28,0.0,1,3.11,2.47,SPY191115P00287000,287.0,0,0.0,0.0,,0.0,normalDay
2019-10-14,1386.0,92.0,0.0,0,295.95,0.0,1,3.11,2.19,SPY191115P00287000,287.0,0,0.0,0.0,,0.0,normalDay
2019-10-15,1386.0,173.0,0.0,0,298.88,0.0,1,3.11,1.38,SPY191115P00287000,287.0,0,0.0,0.0,,0.0,normalDay
2019-10-16,1386.0,173.0,0.0,0,298.4,0.0,1,3.11,1.38,SPY191115P00287000,287.0,0,0.0,0.0,,0.0,normalDay
2019-10-17,1386.0,185.0,0.0,0,299.28,0.0,1,3.11,1.26,SPY191115P00287000,287.0,0,0.0,0.0,,0.0,normalDay
2019-10-18,1386.0,171.0,0.0,0,297.97,0.0,1,3.11,1.4,SPY191115P00287000,287.0,0,0.0,0.0,,0.0,normalDay
2019-10-21,1386.0,217.0,0.0,0,299.99,0.0,1,3.11,0.94,SPY191115P00287000,287.0,0,0.0,0.0,,0.0,normalDay
2019-10-22,1386.0,205.0,0.0,0,299.01,0.0,1,3.11,1.06,SPY191115P00287000,287.0,0,0.0,0.0,,0.0,normalDay
2019-10-23,1386.0,228.0,0.0,0,299.88,0.0,1,3.11,0.83,SPY191115P00287000,287.0,0,0.0,0.0,,0.0,normalDay
2019-10-24,1386.0,241.0,0.0,0,300.37,0.0,1,3.11,0.7,SPY191115P00287000,287.0,0,0.0,0.0,,0.0,normalDay
2019-10-25,1386.0,264.0,0.0,0,301.6,0.0,1,3.11,0.47,SPY191115P00287000,287.0,0,0.0,0.0,,0.0,normalDay
2019-10-28,1386.0,276.0,0.0,0,303.3,0.0,1,3.11,0.35,SPY191115P00287000,287.0,0,0.0,0.0,,0.0,normalDay
2019-10-29,1386.0,278.0,0.0,0,303.21,0.0,1,3.11,0.33,SPY191115P00287000,287.0,0,0.0,0.0,,0.0,normalDay
2019-10-30,1386.0,289.0,0.0,0,304.14,0.0,1,3.11,0.22,SPY191115P00287000,287.0,0,0.0,0.0,,0.0,normalDay
2019-10-31,1386.0,281.0,0.0,0,303.33,0.0,1,3.11,0.3,SPY191115P00287000,287.0,0,0.0,0.0,,0.0,normalDay
2019-11-01,1386.0,298.0,0.0,0,306.14,0.0,1,3.11,0.13,SPY191115P00287000,287.0,0,0.0,0.0,,0.0,normalDay
2019-11-04,1386.0,300.0,0.0,0,307.37,0.0,1,3.11,0.11,SPY191115P00287000,287.0,0,0.0,0.0,,0.0,normalDay
2019-11-05,1386.0,302.0,0.0,0,307.03,0.0,1,3.11,0.09,SPY191115P00287000,287.0,0,0.0,0.0,,0.0,normalDay
2019-11-06,1386.0,306.0,0.0,0,307.1,0.0,1,3.11,0.05,SPY191115P00287000,287.0,0,0.0,0.0,,0.0,normalDay
2019-11-07,1386.0,307.0,0.0,0,308.18,0.0,1,3.11,0.04,SPY191115P00287000,287.0,0,0.0,0.0,,0.0,normalDay
2019-11-08,1386.0,309.0,0.0,0,308.94,0.0,1,3.11,0.02,SPY191115P00287000,287.0,0,0.0,0.0,,0.0,normalDay
2019-11-11,1386.0,309.0,0.0,0,308.35,0.0,1,3.11,0.02,SPY191115P00287000,287.0,0,0.0,0.0,,0.0,normalDay
2019-11-12,1386.0,309.0,0.0,0,309.0,0.0,1,3.11,0.02,SPY191115P00287000,287.0,0,0.0,0.0,,0.0,normalDay
2019-11-13,1386.0,309.0,0.0,0,309.1,0.0,1,3.11,0.02,SPY191115P00287000,287.0,0,0.0,0.0,,0.0,normalDay
2019-11-14,1386.0,310.0,0.0,0,309.55,0.0,1,3.11,0.01,SPY191115P00287000,287.0,0,0.0,0.0,,0.0,normalDay
2019-11-15,1697.0,0.0,311.0,0,311.79,0.0,1,3.11,0.0,SPY191115P00287000,287.0,0,0.0,0.0,,0.0,expirationDay
2019-11-18,1697.0,-3.0,0.0,0,312.02,0.0,1,2.75,2.78,SPY200117P00299000,299.0,0,0.0,0.0,,0.0,normalDay
2019-11-19,1697.0,-16.0,0.0,0,311.93,0.0,1,2.75,2.91,SPY200117P00299000,299.0,0,0.0,0.0,,0.0,normalDay
2019-11-20,1697.0,-40.0,0.0,0,310.77,0.0,1,2.75,3.15,SPY200117P00299000,299.0,0,0.0,0.0,,0.0,normalDay
2019-11-21,1697.0,-52.0,0.0,0,310.27,0.0,1,2.75,3.27,SPY200117P00299000,299.0,0,0.0,0.0,,0.0,normalDay
2019-11-22,1697.0,-17.0,0.0,0,310.96,0.0,1,2.75,2.92,SPY200117P00299000,299.0,0,0.0,0.0,,0.0,normalDay
2019-11-25,1697.0,50.0,0.0,0,313.37,0.0,1,2.75,2.25,SPY200117P00299000,299.0,0,0.0,0.0,,0.0,normalDay
2019-11-26,1697.0,74.0,0.0,0,314.08,0.0,1,2.75,2.01,SPY200117P00299000,299.0,0,0.0,0.0,,0.0,normalDay
2019-11-27,1697.0,92.0,0.0,0,315.48,0.0,1,2.75,1.83,SPY200117P00299000,299.0,0,0.0,0.0,,0.0,normalDay
2019-11-29,1697.0,66.0,0.0,0,314.31,0.0,1,2.75,2.09,SPY200117P00299000,299.0,0,0.0,0.0,,0.0,normalDay
2019-12-02,1697.0,-17.0,0.0,0,311.64,0.0,1,2.75,2.92,SPY200117P00299000,299.0,0,0.0,0.0,,0.0,normalDay
2019-12-03,1697.0,-88.0,0.0,0,309.55,0.0,1,2.75,3.63,SPY200117P00299000,299.0,0,0.0,0.0,,0.0,normalDay
2019-12-04,1697.0,-24.0,0.0,0,311.46,0.0,1,2.75,2.99,SPY200117P00299000,299.0,0,0.0,0.0,,0.0,normalDay
2019-12-05,1697.0,11.0,0.0,0,312.02,0.0,1,2.75,2.64,SPY200117P00299000,299.0,0,0.0,0.0,,0.0,normalDay
2019-12-06,1697.0,79.0,0.0,0,314.87,0.0,1,2.75,1.96,SPY200117P00299000,299.0,0,0.0,0.0,,0.0,normalDay
2019-12-09,1697.0,42.0,0.0,0,313.88,0.0,1,2.75,2.33,SPY200117P00299000,299.0,0,0.0,0.0,,0.0,normalDay
2019-12-10,1697.0,55.0,0.0,0,313.53,0.0,1,2.75,2.2,SPY200117P00299000,299.0,0,0.0,0.0,,0.0,normalDay
2019-12-11,1697.0,86.0,0.0,0,314.42,0.0,1,2.75,1.89,SPY200117P00299000,299.0,0,0.0,0.0,,0.0,normalDay
2019-12-12,1697.0,139.0,0.0,0,317.13,0.0,1,2.75,1.36,SPY200117P00299000,299.0,0,0.0,0.0,,0.0,normalDay
2019-12-13,1697.0,173.0,0.0,0,317.32,0.0,1,2.75,1.02,SPY200117P00299000,299.0,0,0.0,0.0,,0.0,normalDay
2019-12-16,1697.0,206.0,0.0,0,319.5,0.0,1,2.75,0.69,SPY200117P00299000,299.0,0,0.0,0.0,,0.0,normalDay
2019-12-17,1697.0,205.0,0.0,0,319.57,0.0,1,2.75,0.7,SPY200117P00299000,299.0,0,0.0,0.0,,0.0,normalDay
2019-12-18,1697.0,206.0,0.0,0,319.59,0.0,1,2.75,0.69,SPY200117P00299000,299.0,0,0.0,0.0,,0.0,normalDay
2019-12-19,1697.0,215.0,0.0,0,320.9,0.0,1,2.75,0.6,SPY200117P00299000,299.0,0,0.0,0.0,,0.0,normalDay
2019-12-20,1697.0,220.0,0.0,0,320.73,0.0,1,2.75,0.55,SPY200117P00299000,299.0,0,0.0,0.0,,0.0,normalDay
2019-12-23,1697.0,224.0,0.0,0,321.22,0.0,1,2.75,0.51,SPY200117P00299000,299.0,0,0.0,0.0,,0.0,normalDay
2019-12-24,1697.0,227.0,0.0,0,321.23,0.0,1,2.75,0.48,SPY200117P00299000,299.0,0,0.0,0.0,,0.0,normalDay
2019-12-26,1697.0,240.0,0.0,0,322.94,0.0,1,2.75,0.35,SPY200117P00299000,299.0,0,0.0,0.0,,0.0,normalDay
2019-12-27,1697.0,239.0,0.0,0,322.86,0.0,1,2.75,0.36,SPY200117P00299000,299.0,0,0.0,0.0,,0.0,normalDay
2019-12-30,1697.0,233.0,0.0,0,321.08,0.0,1,2.75,0.42,SPY200117P00299000,299.0,0,0.0,0.0,,0.0,normalDay
2019-12-31,1697.0,243.0,0.0,0,321.86,0.0,1,2.75,0.32,SPY200117P00299000,299.0,0,0.0,0.0,,0.0,normalDay
2020-01-02,1697.0,262.0,0.0,0,324.87,0.0,1,2.75,0.13,SPY200117P00299000,299.0,0,0.0,0.0,,0.0,normalDay
2020-01-03,1697.0,254.0,0.0,0,322.41,0.0,1,2.75,0.21,SPY200117P00299000,299.0,0,0.0,0.0,,0.0,normalDay
2020-01-06,1697.0,265.0,0.0,0,323.64,0.0,1,2.75,0.1,SPY200117P00299000,299.0,0,0.0,0.0,,0.0,normalDay
2020-01-07,1697.0,266.0,0.0,0,322.73,0.0,1,2.75,0.09,SPY200117P00299000,299.0,0,0.0,0.0,,0.0,normalDay
2020-01-08,1697.0,266.0,0.0,0,324.45,0.0,1,2.75,0.09,SPY200117P00299000,299.0,0,0.0,0.0,,0.0,normalDay
2020-01-09,1697.0,270.0,0.0,0,326.65,0.0,1,2.75,0.05,SPY200117P00299000,299.0,0,0.0,0.0,,0.0,normalDay
2020-01-10,1697.0,272.0,0.0,0,325.71,0.0,1,2.75,0.03,SPY200117P00299000,299.0,0,0.0,0.0,,0.0,normalDay
2020-01-13,1697.0,273.0,0.0,0,327.95,0.0,1,2.75,0.02,SPY200117P00299000,299.0,0,0.0,0.0,,0.0,normalDay
2020-01-14,1697.0,273.0,0.0,0,327.45,0.0,1,2.75,0.02,SPY200117P00299000,299.0,0,0.0,0.0,,0.0,normalDay
2020-01-15,1697.0,273.0,0.0,0,328.19,0.0,1,2.75,0.02,SPY200117P00299000,299.0,0,0.0,0.0,,0.0,normalDay
2020-01-16,1697.0,274.0,0.0,0,330.92,0.0,1,2.75,0.01,SPY200117P00299000,299.0,0,0.0,0.0,,0.0,normalDay
2020-01-17,1972.0,0.0,275.0,0,331.95,0.0,1,2.75,0.0,SPY200117P00299000,299.0,0,0.0,0.0,,0.0,expirationDay
2020-01-21,1972.0,-4.0,0.0,0,331.3,0.0,1,4.22,4.26,SPY200417P00318000,318.0,0,0.0,0.0,,0.0,normalDay
2020-01-22,1972.0,-6.0,0.0,0,331.34,0.0,1,4.22,4.28,SPY200417P00318000,318.0,0,0.0,0.0,,0.0,normalDay
2020-01-23,1972.0,3.0,0.0,0,331.72,0.0,1,4.22,4.19,SPY200417P00318000,318.0,0,0.0,0.0,,0.0,normalDay
2020-01-24,1972.0,-102.0,0.0,0,328.77,0.0,1,4.22,5.24,SPY200417P00318000,318.0,0,0.0,0.0,,0.0,normalDay
2020-01-27,1972.0,-349.0,0.0,0,323.5,0.0,1,4.22,7.71,SPY200417P00318000,318.0,0,0.0,0.0,,0.0,normalDay
2020-01-28,1972.0,-178.0,0.0,0,326.89,0.0,1,4.22,6.0,SPY200417P00318000,318.0,0,0.0,0.0,,0.0,normalDay
2020-01-29,1972.0,-182.0,0.0,0,326.62,0.0,1,4.22,6.04,SPY200417P00318000,318.0,0,0.0,0.0,,0.0,normalDay
2020-01-30,1972.0,-106.0,0.0,0,327.68,0.0,1,4.22,5.28,SPY200417P00318000,318.0,0,0.0,0.0,,0.0,normalDay
2020-01-31,1972.0,-371.0,0.0,0,321.73,0.0,1,4.22,7.93,SPY200417P00318000,318.0,0,0.0,0.0,,0.0,normalDay
2020-02-03,1972.0,-276.0,0.0,0,324.12,0.0,1,4.22,6.98,SPY200417P00318000,318.0,0,0.0,0.0,,0.0,normalDay
2020-02-04,1972.0,-63.0,0.0,0,329.06,0.0,1,4.22,4.85,SPY200417P00318000,318.0,0,0.0,0.0,,0.0,normalDay
2020-02-05,1972.0,47.0,0.0,0,332.86,0.0,1,4.22,3.75,SPY200417P00318000,318.0,0,0.0,0.0,,0.0,normalDay
2020-02-06,1972.0,71.0,0.0,0,333.98,0.0,1,4.22,3.51,SPY200417P00318000,318.0,0,0.0,0.0,,0.0,normalDay
2020-02-07,1972.0,28.0,0.0,0,332.2,0.0,1,4.22,3.94,SPY200417P00318000,318.0,0,0.0,0.0,,0.0,normalDay
2020-02-10,1972.0,91.0,0.0,0,334.68,0.0,1,4.22,3.31,SPY200417P00318000,318.0,0,0.0,0.0,,0.0,normalDay
2020-02-11,1972.0,106.0,0.0,0,335.26,0.0,1,4.22,3.16,SPY200417P00318000,318.0,0,0.0,0.0,,0.0,normalDay
2020-02-12,1972.0,165.0,0.0,0,337.42,0.0,1,4.22,2.57,SPY200417P00318000,318.0,0,0.0,0.0,,0.0,normalDay
2020-02-13,1972.0,154.0,0.0,0,337.06,0.0,1,4.22,2.68,SPY200417P00318000,318.0,0,0.0,0.0,,0.0,normalDay
2020-02-14,1972.0,174.0,0.0,0,337.6,0.0,1,4.22,2.48,SPY200417P00318000,318.0,0,0.0,0.0,,0.0,normalDay
2020-02-18,1972.0,159.0,0.0,0,336.73,0.0,1,4.22,2.63,SPY200417P00318000,318.0,0,0.0,0.0,,0.0,normalDay
2020-02-19,1972.0,195.0,0.0,0,338.34,0.0,1,4.22,2.27,SPY200417P00318000,318.0,0,0.0,0.0,,0.0,normalDay
2020-02-20,1972.0,156.0,0.0,0,336.95,0.0,1,4.22,2.66,SPY200417P00318000,318.0,0,0.0,0.0,,0.0,normalDay
2020-02-21,1972.0,56.0,0.0,0,333.48,0.0,1,4.22,3.66,SPY200417P00318000,318.0,0,0.0,0.0,,0.0,normalDay
2020-02-24,1972.0,-424.0,0.0,0,322.42,0.0,1,4.22,8.46,SPY200417P00318000,318.0,0,0.0,0.0,,0.0,normalDay
2020-02-25,1972.0,-862.0,0.0,0,312.65,0.0,1,4.22,12.84,SPY200417P00318000,318.0,0,0.0,0.0,,0.0,normalDay
2020-02-26,1972.0,-958.0,0.0,0,311.5,0.0,1,4.22,13.8,SPY200417P00318000,318.0,0,0.0,0.0,,0.0,normalDay
2020-02-27,1972.0,-2109.0,0.0,0,297.51,0.0,1,4.22,25.31,SPY200417P00318000,318.0,0,0.0,0.0,,0.0,normalDay
2020-02-28,1972.0,-2155.0,0.0,0,296.26,0.0,1,4.22,25.77,SPY200417P00318000,318.0,0,0.0,0.0,,0.0,normalDay
2020-03-02,1972.0,-1143.0,0.0,0,309.09,0.0,1,4.22,15.65,SPY200417P00318000,318.0,0,0.0,0.0,,0.0,normalDay
2020-03-03,1972.0,-1702.0,0.0,0,300.24,0.0,1,4.22,21.24,SPY200417P00318000,318.0,0,0.0,0.0,,0.0,normalDay
2020-03-04,1972.0,-993.0,0.0,0,312.86,0.0,1,4.22,14.15,SPY200417P00318000,318.0,0,0.0,0.0,,0.0,normalDay
2020-03-05,1972.0,-1765.0,0.0,0,302.46,0.0,1,4.22,21.87,SPY200417P00318000,318.0,0,0.0,0.0,,0.0,normalDay
2020-03-06,1972.0,-2175.0,0.0,0,297.46,0.0,1,4.22,25.97,SPY200417P00318000,318.0,0,0.0,0.0,,0.0,normalDay
2020-03-09,1972.0,-4271.0,0.0,0,274.23,0.0,1,4.22,46.93,SPY200417P00318000,318.0,0,0.0,0.0,,0.0,normalDay
2020-03-10,1972.0,-2936.0,0.0,0,288.42,0.0,1,4.22,33.58,SPY200417P00318000,318.0,0,0.0,0.0,,0.0,normalDay
2020-03-11,1972.0,-4201.0,0.0,0,274.36,0.0,1,4.22,46.23,SPY200417P00318000,318.0,0,0.0,0.0,,0.0,normalDay
2020-03-12,1972.0,-6743.0,0.0,0,248.11,0.0,1,4.22,71.65,SPY200417P00318000,318.0,0,0.0,0.0,,0.0,normalDay
2020-03-13,1972.0,-4724.0,0.0,0,269.32,0.0,1,4.22,51.46,SPY200417P00318000,318.0,0,0.0,0.0,,0.0,normalDay
2020-03-16,1972.0,-7268.0,0.0,0,239.85,0.0,1,4.22,76.9,SPY200417P00318000,318.0,0,0.0,0.0,,0.0,normalDay
2020-03-17,1972.0,-6426.0,0.0,0,252.8,0.0,1,4.22,68.48,SPY200417P00318000,318.0,0,0.0,0.0,,0.0,normalDay
2020-03-18,1972.0,-7525.0,0.0,0,240.0,0.0,1,4.22,79.47,SPY200417P00318000,318.0,0,0.0,0.0,,0.0,normalDay
2020-03-19,1972.0,-7531.0,0.0,0,240.51,0.0,1,4.22,79.53,SPY200417P00318000,318.0,0,0.0,0.0,,0.0,normalDay
2020-03-20,1972.0,-8489.0,0.0,0,228.8,0.0,1,4.22,89.11,SPY200417P00318000,318.0,0,0.0,0.0,,0.0,normalDay
2020-03-23,1972.0,-9285.0,0.0,0,222.95,0.0,1,4.22,97.07,SPY200417P00318000,318.0,0,0.0,0.0,,0.0,normalDay
2020-03-24,1972.0,-7159.0,0.0,0,243.15,0.0,1,4.22,75.81,SPY200417P00318000,318.0,0,0.0,0.0,,0.0,normalDay
2020-03-25,1972.0,-6697.0,0.0,0,246.79,0.0,1,4.22,71.19,SPY200417P00318000,318.0,0,0.0,0.0,,0.0,normalDay
2020-03-26,1972.0,-5344.0,0.0,0,261.2,0.0,1,4.22,57.66,SPY200417P00318000,318.0,0,0.0,0.0,,0.0,normalDay
2020-03-27,1972.0,-6127.0,0.0,0,253.42,0.0,1,4.22,65.49,SPY200417P00318000,318.0,0,0.0,0.0,,0.0,normalDay
2020-03-30,1972.0,-5328.0,0.0,0,261.65,0.0,1,4.22,57.5,SPY200417P00318000,318.0,0,0.0,0.0,,0.0,normalDay
2020-03-31,1972.0,-5729.0,0.0,0,257.75,0.0,1,4.22,61.51,SPY200417P00318000,318.0,0,0.0,0.0,,0.0,normalDay
2020-04-01,1972.0,-6835.0,0.0,0,246.15,0.0,1,4.22,72.57,SPY200417P00318000,318.0,0,0.0,0.0,,0.0,normalDay
2020-04-02,1972.0,-6128.0,0.0,0,251.83,0.0,1,4.22,65.5,SPY200417P00318000,318.0,0,0.0,0.0,,0.0,normalDay
2020-04-03,1972.0,-6555.0,0.0,0,248.19,0.0,1,4.22,69.77,SPY200417P00318000,318.0,0,0.0,0.0,,0.0,normalDay
2020-04-06,1972.0,-4905.0,0.0,0,264.86,0.0,1,4.22,53.27,SPY200417P00318000,318.0,0,0.0,0.0,,0.0,normalDay
2020-04-07,1972.0,-5002.0,0.0,0,265.13,0.0,1,4.22,54.24,SPY200417P00318000,318.0,0,0.0,0.0,,0.0,normalDay
2020-04-08,1972.0,-3998.0,0.0,0,274.03,0.0,1,4.22,44.2,SPY200417P00318000,318.0,0,0.0,0.0,,0.0,normalDay
2020-04-09,1972.0,-3587.0,0.0,0,278.2,0.0,1,4.22,40.09,SPY200417P00318000,318.0,0,0.0,0.0,,0.0,normalDay
2020-04-13,1972.0,-3841.0,0.0,0,275.66,0.0,1,4.22,42.63,SPY200417P00318000,318.0,0,0.0,0.0,,0.0,normalDay
2020-04-14,1972.0,-2990.0,0.0,0,283.79,0.0,1,4.22,34.12,SPY200417P00318000,318.0,0,0.0,0.0,,0.0,normalDay
2020-04-15,1972.0,-3624.0,0.0,0,277.76,0.0,1,4.22,40.46,SPY200417P00318000,318.0,0,0.0,0.0,,0.0,normalDay
2020-04-16,1972.0,-3475.0,0.0,0,279.1,0.0,1,4.22,38.97,SPY200417P00318000,318.0,0,0.0,0.0,,0.0,normalDay
2020-04-17,2394.0,-3136.0,422.0,100,286.64,318.0,1,4.22,0.0,SPY200417P00318000,318.0,0,0.0,0.0,,0.0,expirationDay
2020-04-20,2394.0,-3645.0,0.0,100,281.59,318.0,0,0.0,0.0,,0.0,1,0.27,0.31,SPY200508C00312000,312.0,normalDay
2020-04-21,2394.0,-4483.0,0.0,100,273.04,318.0,0,0.0,0.0,,0.0,1,0.27,0.14,SPY200508C00312000,312.0,normalDay
2020-04-22,2394.0,-3876.0,0.0,100,279.1,318.0,0,0.0,0.0,,0.0,1,0.27,0.13,SPY200508C00312000,312.0,normalDay
2020-04-23,2394.0,-3875.0,0.0,100,279.08,318.0,0,0.0,0.0,,0.0,1,0.27,0.1,SPY200508C00312000,312.0,normalDay
2020-04-24,2394.0,-3485.0,0.0,100,282.97,318.0,0,0.0,0.0,,0.0,1,0.27,0.09,SPY200508C00312000,312.0,normalDay
2020-04-27,2394.0,-3077.0,0.0,100,287.05,318.0,0,0.0,0.0,,0.0,1,0.27,0.09,SPY200508C00312000,312.0,normalDay
2020-04-28,2394.0,-3207.0,0.0,100,285.73,318.0,0,0.0,0.0,,0.0,1,0.27,0.07,SPY200508C00312000,312.0,normalDay
2020-04-29,2394.0,-2469.0,0.0,100,293.21,318.0,0,0.0,0.0,,0.0,1,0.27,0.17,SPY200508C00312000,312.0,normalDay
2020-04-30,2394.0,-2734.0,0.0,100,290.48,318.0,0,0.0,0.0,,0.0,1,0.27,0.09,SPY200508C00312000,312.0,normalDay
2020-05-01,2394.0,-3496.0,0.0,100,282.79,318.0,0,0.0,0.0,,0.0,1,0.27,0.02,SPY200508C00312000,312.0,normalDay
2020-05-04,2394.0,-3417.0,0.0,100,283.57,318.0,0,0.0,0.0,,0.0,1,0.27,0.01,SPY200508C00312000,312.0,normalDay
2020-05-05,2394.0,-3155.0,0.0,100,286.19,318.0,0,0.0,0.0,,0.0,1,0.27,0.01,SPY200508C00312000,312.0,normalDay
2020-05-06,2394.0,-3349.0,0.0,100,284.25,318.0,0,0.0,0.0,,0.0,1,0.27,0.01,SPY200508C00312000,312.0,normalDay
2020-05-07,2394.0,-3006.0,0.0,100,287.68,318.0,0,0.0,0.0,,0.0,1,0.27,0.01,SPY200508C00312000,312.0,normalDay
2020-05-08,2421.0,-2556.0,27.0,100,292.44,318.0,0,0.0,0.0,,0.0,1,0.27,0.0,SPY200508C00312000,312.0,expirationDay
2020-05-11,2421.0,-2555.0,0.0,100,292.5,318.0,0,0.0,0.0,,0.0,1,2.06,2.11,SPY200529C00300000,300.0,normalDay
2020-05-12,2421.0,-3043.0,0.0,100,286.67,318.0,0,0.0,0.0,,0.0,1,2.06,1.16,SPY200529C00300000,300.0,normalDay
2020-05-13,2421.0,-3494.0,0.0,100,281.6,318.0,0,0.0,0.0,,0.0,1,2.06,0.6,SPY200529C00300000,300.0,normalDay
2020-05-14,2421.0,-3170.0,0.0,100,284.97,318.0,0,0.0,0.0,,0.0,1,2.06,0.73,SPY200529C00300000,300.0,normalDay
2020-05-15,2421.0,-3021.0,0.0,100,286.28,318.0,0,0.0,0.0,,0.0,1,2.06,0.55,SPY200529C00300000,300.0,normalDay
2020-05-18,2421.0,-2338.0,0.0,100,295.0,318.0,0,0.0,0.0,,0.0,1,2.06,2.44,SPY200529C00300000,300.0,normalDay
2020-05-19,2421.0,-2555.0,0.0,100,291.97,318.0,0,0.0,0.0,,0.0,1,2.06,1.58,SPY200529C00300000,300.0,normalDay
2020-05-20,2421.0,-2184.0,0.0,100,296.93,318.0,0,0.0,0.0,,0.0,1,2.06,2.83,SPY200529C00300000,300.0,normalDay
2020-05-21,2421.0,-2271.0,0.0,100,294.88,318.0,0,0.0,0.0,,0.0,1,2.06,1.65,SPY200529C00300000,300.0,normalDay
2020-05-22,2421.0,-2187.0,0.0,100,295.44,318.0,0,0.0,0.0,,0.0,1,2.06,1.37,SPY200529C00300000,300.0,normalDay
2020-05-26,2421.0,-1903.0,0.0,100,299.08,318.0,0,0.0,0.0,,0.0,1,2.06,2.17,SPY200529C00300000,300.0,normalDay
2020-05-27,2421.0,-1707.0,0.0,100,303.53,318.0,0,0.0,0.0,,0.0,1,2.06,4.66,SPY200529C00300000,300.0,normalDay
2020-05-28,2421.0,-1739.0,0.0,100,302.97,318.0,0,0.0,0.0,,0.0,1,2.06,4.42,SPY200529C00300000,300.0,normalDay
2020-05-29,827.0,-1739.0,-1594.0,0,304.32,0.0,0,0.0,0.0,,0.0,1,2.06,0.0,SPY200529C00300000,300.0,expirationDay
2020-06-01,827.0,-6.0,0.0,0,305.55,0.0,1,7.11,7.17,SPY200821P00278000,278.0,0,0.0,0.0,,0.0,normalDay
2020-06-02,827.0,79.0,0.0,0,308.08,0.0,1,7.11,6.32,SPY200821P00278000,278.0,0,0.0,0.0,,0.0,normalDay
2020-06-03,827.0,180.0,0.0,0,312.18,0.0,1,7.11,5.31,SPY200821P00278000,278.0,0,0.0,0.0,,0.0,normalDay
2020-06-04,827.0,180.0,0.0,0,311.36,0.0,1,7.11,5.31,SPY200821P00278000,278.0,0,0.0,0.0,,0.0,normalDay
2020-06-05,827.0,322.0,0.0,0,319.34,0.0,1,7.11,3.89,SPY200821P00278000,278.0,0,0.0,0.0,,0.0,normalDay
2020-06-08,827.0,347.0,0.0,0,323.2,0.0,1,7.11,3.64,SPY200821P00278000,278.0,0,0.0,0.0,,0.0,normalDay
2020-06-09,827.0,290.0,0.0,0,320.79,0.0,1,7.11,4.21,SPY200821P00278000,278.0,0,0.0,0.0,,0.0,normalDay
2020-06-10,827.0,258.0,0.0,0,319.0,0.0,1,7.11,4.53,SPY200821P00278000,278.0,0,0.0,0.0,,0.0,normalDay
2020-06-11,827.0,-365.0,0.0,0,300.61,0.0,1,7.11,10.76,SPY200821P00278000,278.0,0,0.0,0.0,,0.0,normalDay
2020-06-12,827.0,-193.0,0.0,0,304.21,0.0,1,7.11,9.04,SPY200821P00278000,278.0,0,0.0,0.0,,0.0,normalDay
2020-06-15,827.0,-60.0,0.0,0,307.05,0.0,1,7.11,7.71,SPY200821P00278000,278.0,0,0.0,0.0,,0.0,normalDay
2020-06-16,827.0,50.0,0.0,0,312.96,0.0,1,7.11,6.61,SPY200821P00278000,278.0,0,0.0,0.0,,0.0,normalDay
2020-06-17,827.0,60.0,0.0,0,311.66,0.0,1,7.11,6.51,SPY200821P00278000,278.0,0,0.0,0.0,,0.0,normalDay
2020-06-18,827.0,86.0,0.0,0,311.78,0.0,1,7.11,6.25,SPY200821P00278000,278.0,0,0.0,0.0,,0.0,normalDay
2020-06-19,827.0,4.0,0.0,0,308.64,0.0,1,7.11,7.07,SPY200821P00278000,278.0,0,0.0,0.0,,0.0,normalDay
2020-06-22,827.0,167.0,0.0,0,310.62,0.0,1,7.11,5.44,SPY200821P00278000,278.0,0,0.0,0.0,,0.0,normalDay
2020-06-23,827.0,201.0,0.0,0,312.05,0.0,1,7.11,5.1,SPY200821P00278000,278.0,0,0.0,0.0,,0.0,normalDay
2020-06-24,827.0,48.0,0.0,0,304.09,0.0,1,7.11,6.63,SPY200821P00278000,278.0,0,0.0,0.0,,0.0,normalDay
2020-06-25,827.0,166.0,0.0,0,307.35,0.0,1,7.11,5.45,SPY200821P00278000,278.0,0,0.0,0.0,,0.0,normalDay
2020-06-26,827.0,5.0,0.0,0,300.05,0.0,1,7.11,7.06,SPY200821P00278000,278.0,0,0.0,0.0,,0.0,normalDay
2020-06-29,827.0,160.0,0.0,0,304.46,0.0,1,7.11,5.51,SPY200821P00278000,278.0,0,0.0,0.0,,0.0,normalDay
2020-06-30,827.0,272.0,0.0,0,308.36,0.0,1,7.11,4.39,SPY200821P00278000,278.0,0,0.0,0.0,,0.0,normalDay
2020-07-01,827.0,335.0,0.0,0,310.52,0.0,1,7.11,3.76,SPY200821P00278000,278.0,0,0.0,0.0,,0.0,normalDay
2020-07-02,827.0,387.0,0.0,0,312.23,0.0,1,7.11,3.24,SPY200821P00278000,278.0,0,0.0,0.0,,0.0,normalDay
2020-07-06,827.0,448.0,0.0,0,317.05,0.0,1,7.11,2.63,SPY200821P00278000,278.0,0,0.0,0.0,,0.0,normalDay
2020-07-07,827.0,400.0,0.0,0,313.78,0.0,1,7.11,3.11,SPY200821P00278000,278.0,0,0.0,0.0,,0.0,normalDay
2020-07-08,827.0,454.0,0.0,0,316.18,0.0,1,7.11,2.57,SPY200821P00278000,278.0,0,0.0,0.0,,0.0,normalDay
2020-07-09,827.0,424.0,0.0,0,314.38,0.0,1,7.11,2.87,SPY200821P00278000,278.0,0,0.0,0.0,,0.0,normalDay
2020-07-10,827.0,488.0,0.0,0,317.59,0.0,1,7.11,2.23,SPY200821P00278000,278.0,0,0.0,0.0,,0.0,normalDay
2020-07-13,827.0,399.0,0.0,0,314.84,0.0,1,7.11,3.12,SPY200821P00278000,278.0,0,0.0,0.0,,0.0,normalDay
2020-07-14,827.0,490.0,0.0,0,318.92,0.0,1,7.11,2.21,SPY200821P00278000,278.0,0,0.0,0.0,,0.0,normalDay
2020-07-15,827.0,545.0,0.0,0,321.85,0.0,1,7.11,1.66,SPY200821P00278000,278.0,0,0.0,0.0,,0.0,normalDay
2020-07-16,827.0,539.0,0.0,0,320.79,0.0,1,7.11,1.72,SPY200821P00278000,278.0,0,0.0,0.0,,0.0,normalDay
2020-07-17,827.0,592.0,0.0,0,321.72,0.0,1,7.11,1.19,SPY200821P00278000,278.0,0,0.0,0.0,,0.0,normalDay
2020-07-20,827.0,623.0,0.0,0,324.32,0.0,1,7.11,0.88,SPY200821P00278000,278.0,0,0.0,0.0,,0.0,normalDay
2020-07-21,827.0,624.0,0.0,0,325.01,0.0,1,7.11,0.87,SPY200821P00278000,278.0,0,0.0,0.0,,0.0,normalDay
2020-07-22,827.0,635.0,0.0,0,326.86,0.0,1,7.11,0.76,SPY200821P00278000,278.0,0,0.0,0.0,,0.0,normalDay
2020-07-23,827.0,611.0,0.0,0,322.96,0.0,1,7.11,1.0,SPY200821P00278000,278.0,0,0.0,0.0,,0.0,normalDay
2020-07-24,827.0,623.0,0.0,0,320.88,0.0,1,7.11,0.88,SPY200821P00278000,278.0,0,0.0,0.0,,0.0,normalDay
2020-07-27,827.0,650.0,0.0,0,323.22,0.0,1,7.11,0.61,SPY200821P00278000,278.0,0,0.0,0.0,,0.0,normalDay
2020-07-28,827.0,646.0,0.0,0,321.17,0.0,1,7.11,0.65,SPY200821P00278000,278.0,0,0.0,0.0,,0.0,normalDay
2020-07-29,827.0,665.0,0.0,0,325.12,0.0,1,7.11,0.46,SPY200821P00278000,278.0,0,0.0,0.0,,0.0,normalDay
2020-07-30,827.0,664.0,0.0,0,323.96,0.0,1,7.11,0.47,SPY200821P00278000,278.0,0,0.0,0.0,,0.0,normalDay
2020-07-31,827.0,677.0,0.0,0,326.52,0.0,1,7.11,0.34,SPY200821P00278000,278.0,0,0.0,0.0,,0.0,normalDay
2020-08-03,827.0,685.0,0.0,0,328.79,0.0,1,7.11,0.26,SPY200821P00278000,278.0,0,0.0,0.0,,0.0,normalDay
2020-08-04,827.0,689.0,0.0,0,330.06,0.0,1,7.11,0.22,SPY200821P00278000,278.0,0,0.0,0.0,,0.0,normalDay
2020-08-05,827.0,694.0,0.0,0,332.11,0.0,1,7.11,0.17,SPY200821P00278000,278.0,0,0.0,0.0,,0.0,normalDay
2020-08-06,827.0,695.0,0.0,0,334.33,0.0,1,7.11,0.16,SPY200821P00278000,278.0,0,0.0,0.0,,0.0,normalDay
2020-08-07,827.0,699.0,0.0,0,334.57,0.0,1,7.11,0.12,SPY200821P00278000,278.0,0,0.0,0.0,,0.0,normalDay
2020-08-10,827.0,703.0,0.0,0,335.57,0.0,1,7.11,0.08,SPY200821P00278000,278.0,0,0.0,0.0,,0.0,normalDay
2020-08-11,827.0,699.0,0.0,0,332.8,0.0,1,7.11,0.12,SPY200821P00278000,278.0,0,0.0,0.0,,0.0,normalDay
2020-08-12,827.0,705.0,0.0,0,337.44,0.0,1,7.11,0.06,SPY200821P00278000,278.0,0,0.0,0.0,,0.0,normalDay
2020-08-13,827.0,706.0,0.0,0,336.83,0.0,1,7.11,0.05,SPY200821P00278000,278.0,0,0.0,0.0,,0.0,normalDay
2020-08-14,827.0,707.0,0.0,0,336.84,0.0,1,7.11,0.04,SPY200821P00278000,278.0,0,0.0,0.0,,0.0,normalDay
2020-08-17,827.0,709.0,0.0,0,337.91,0.0,1,7.11,0.02,SPY200821P00278000,278.0,0,0.0,0.0,,0.0,normalDay
2020-08-18,827.0,709.0,0.0,0,338.64,0.0,1,7.11,0.02,SPY200821P00278000,278.0,0,0.0,0.0,,0.0,normalDay
2020-08-19,827.0,709.0,0.0,0,337.23,0.0,1,7.11,0.02,SPY200821P00278000,278.0,0,0.0,0.0,,0.0,normalDay
2020-08-20,827.0,710.0,0.0,0,338.28,0.0,1,7.11,0.01,SPY200821P00278000,278.0,0,0.0,0.0,,0.0,normalDay
2020-08-21,1538.0,0.0,711.0,0,339.48,0.0,1,7.11,0.0,SPY200821P00278000,278.0,0,0.0,0.0,,0.0,expirationDay
2020-08-24,1538.0,-4.0,0.0,0,342.92,0.0,1,4.82,4.86,SPY201016P00322000,322.0,0,0.0,0.0,,0.0,normalDay
2020-08-25,1538.0,33.0,0.0,0,344.12,0.0,1,4.82,4.49,SPY201016P00322000,322.0,0,0.0,0.0,,0.0,normalDay
2020-08-26,1538.0,59.0,0.0,0,347.57,0.0,1,4.82,4.23,SPY201016P00322000,322.0,0,0.0,0.0,,0.0,normalDay
2020-08-27,1538.0,55.0,0.0,0,348.33,0.0,1,4.82,4.27,SPY201016P00322000,322.0,0,0.0,0.0,,0.0,normalDay
2020-08-28,1538.0,118.0,0.0,0,350.58,0.0,1,4.82,3.64,SPY201016P00322000,322.0,0,0.0,0.0,,0.0,normalDay
2020-08-31,1538.0,61.0,0.0,0,349.31,0.0,1,4.82,4.21,SPY201016P00322000,322.0,0,0.0,0.0,,0.0,normalDay
2020-09-01,1538.0,98.0,0.0,0,352.6,0.0,1,4.82,3.84,SPY201016P00322000,322.0,0,0.0,0.0,,0.0,normalDay
2020-09-02,1538.0,161.0,0.0,0,357.7,0.0,1,4.82,3.21,SPY201016P00322000,322.0,0,0.0,0.0,,0.0,normalDay
2020-09-03,1538.0,-118.0,0.0,0,345.39,0.0,1,4.82,6.0,SPY201016P00322000,322.0,0,0.0,0.0,,0.0,normalDay
2020-09-04,1538.0,-110.0,0.0,0,342.57,0.0,1,4.82,5.92,SPY201016P00322000,322.0,0,0.0,0.0,,0.0,normalDay
2020-09-08,1538.0,-281.0,0.0,0,333.21,0.0,1,4.82,7.63,SPY201016P00322000,322.0,0,0.0,0.0,,0.0,normalDay
2020-09-09,1538.0,-63.0,0.0,0,339.79,0.0,1,4.82,5.45,SPY201016P00322000,322.0,0,0.0,0.0,,0.0,normalDay
2020-09-10,1538.0,-190.0,0.0,0,333.89,0.0,1,4.82,6.72,SPY201016P00322000,322.0,0,0.0,0.0,,0.0,normalDay
2020-09-11,1538.0,-140.0,0.0,0,334.06,0.0,1,4.82,6.22,SPY201016P00322000,322.0,0,0.0,0.0,,0.0,normalDay
2020-09-14,1538.0,56.0,0.0,0,338.46,0.0,1,4.82,4.26,SPY201016P00322000,322.0,0,0.0,0.0,,0.0,normalDay
2020-09-15,1538.0,102.0,0.0,0,340.17,0.0,1,4.82,3.8,SPY201016P00322000,322.0,0,0.0,0.0,,0.0,normalDay
2020-09-16,1538.0,75.0,0.0,0,338.82,0.0,1,4.82,4.07,SPY201016P00322000,322.0,0,0.0,0.0,,0.0,normalDay
2020-09-17,1538.0,35.0,0.0,0,335.84,0.0,1,4.82,4.47,SPY201016P00322000,322.0,0,0.0,0.0,,0.0,normalDay
2020-09-18,1538.0,-31.0,0.0,0,330.65,0.0,1,4.82,5.13,SPY201016P00322000,322.0,0,0.0,0.0,,0.0,normalDay
2020-09-21,1538.0,-135.0,0.0,0,326.97,0.0,1,4.82,6.17,SPY201016P00322000,322.0,0,0.0,0.0,,0.0,normalDay
2020-09-22,1538.0,-19.0,0.0,0,330.3,0.0,1,4.82,5.01,SPY201016P00322000,322.0,0,0.0,0.0,,0.0,normalDay
2020-09-23,1538.0,-300.0,0.0,0,322.64,0.0,1,4.82,7.82,SPY201016P00322000,322.0,0,0.0,0.0,,0.0,normalDay
2020-09-24,1538.0,-226.0,0.0,0,323.5,0.0,1,4.82,7.08,SPY201016P00322000,322.0,0,0.0,0.0,,0.0,normalDay
2020-09-25,1538.0,8.0,0.0,0,328.73,0.0,1,4.82,4.74,SPY201016P00322000,322.0,0,0.0,0.0,,0.0,normalDay
2020-09-28,1538.0,180.0,0.0,0,334.19,0.0,1,4.82,3.02,SPY201016P00322000,322.0,0,0.0,0.0,,0.0,normalDay
2020-09-29,1538.0,152.0,0.0,0,332.37,0.0,1,4.82,3.3,SPY201016P00322000,322.0,0,0.0,0.0,,0.0,normalDay
2020-09-30,1538.0,182.0,0.0,0,334.89,0.0,1,4.82,3.0,SPY201016P00322000,322.0,0,0.0,0.0,,0.0,normalDay
2020-10-01,1538.0,260.0,0.0,0,337.04,0.0,1,4.82,2.22,SPY201016P00322000,322.0,0,0.0,0.0,,0.0,normalDay
2020-10-02,1538.0,221.0,0.0,0,333.84,0.0,1,4.82,2.61,SPY201016P00322000,322.0,0,0.0,0.0,,0.0,normalDay
2020-10-05,1538.0,370.0,0.0,0,339.76,0.0,1,4.82,1.12,SPY201016P00322000,322.0,0,0.0,0.0,,0.0,normalDay
2020-10-06,1538.0,309.0,0.0,0,334.93,0.0,1,4.82,1.73,SPY201016P00322000,322.0,0,0.0,0.0,,0.0,normalDay
2020-10-07,1538.0,418.0,0.0,0,340.76,0.0,1,4.82,0.64,SPY201016P00322000,322.0,0,0.0,0.0,,0.0,normalDay
2020-10-08,1538.0,452.0,0.0,0,343.78,0.0,1,4.82,0.3,SPY201016P00322000,322.0,0,0.0,0.0,,0.0,normalDay
2020-10-09,1538.0,469.0,0.0,0,346.85,0.0,1,4.82,0.13,SPY201016P00322000,322.0,0,0.0,0.0,,0.0,normalDay
2020-10-12,1538.0,474.0,0.0,0,352.43,0.0,1,4.82,0.08,SPY201016P00322000,322.0,0,0.0,0.0,,0.0,normalDay
2020-10-13,1538.0,477.0,0.0,0,350.13,0.0,1,4.82,0.05,SPY201016P00322000,322.0,0,0.0,0.0,,0.0,normalDay
2020-10-14,1538.0,477.0,0.0,0,347.93,0.0,1,4.82,0.05,SPY201016P00322000,322.0,0,0.0,0.0,,0.0,normalDay
2020-10-15,1538.0,480.0,0.0,0,347.5,0.0,1,4.82,0.02,SPY201016P00322000,322.0,0,0.0,0.0,,0.0,normalDay
2020-10-16,2020.0,0.0,482.0,0,347.29,0.0,1,4.82,0.0,SPY201016P00322000,322.0,0,0.0,0.0,,0.0,expirationDay
2020-10-19,2020.0,-8.0,0.0,0,342.01,0.0,1,9.37,9.45,SPY201231P00322000,322.0,0,0.0,0.0,,0.0,normalDay
2020-10-20,2020.0,14.0,0.0,0,343.38,0.0,1,9.37,9.23,SPY201231P00322000,322.0,0,0.0,0.0,,0.0,normalDay
2020-10-21,2020.0,61.0,0.0,0,342.73,0.0,1,9.37,8.76,SPY201231P00322000,322.0,0,0.0,0.0,,0.0,normalDay
2020-10-22,2020.0,111.0,0.0,0,344.61,0.0,1,9.37,8.26,SPY201231P00322000,322.0,0,0.0,0.0,,0.0,normalDay
2020-10-23,2020.0,146.0,0.0,0,345.78,0.0,1,9.37,7.91,SPY201231P00322000,322.0,0,0.0,0.0,,0.0,normalDay
2020-10-26,2020.0,-96.0,0.0,0,339.39,0.0,1,9.37,10.33,SPY201231P00322000,322.0,0,0.0,0.0,,0.0,normalDay
2020-10-27,2020.0,-128.0,0.0,0,338.22,0.0,1,9.37,10.65,SPY201231P00322000,322.0,0,0.0,0.0,,0.0,normalDay
2020-10-28,2020.0,-734.0,0.0,0,326.66,0.0,1,9.37,16.71,SPY201231P00322000,322.0,0,0.0,0.0,,0.0,normalDay
2020-10-29,2020.0,-446.0,0.0,0,329.98,0.0,1,9.37,13.83,SPY201231P00322000,322.0,0,0.0,0.0,,0.0,normalDay
2020-10-30,2020.0,-589.0,0.0,0,326.54,0.0,1,9.37,15.26,SPY201231P00322000,322.0,0,0.0,0.0,,0.0,normalDay
2020-11-02,2020.0,-373.0,0.0,0,330.2,0.0,1,9.37,13.1,SPY201231P00322000,322.0,0,0.0,0.0,,0.0,normalDay
2020-11-03,2020.0,-153.0,0.0,0,336.03,0.0,1,9.37,10.9,SPY201231P00322000,322.0,0,0.0,0.0,,0.0,normalDay
2020-11-04,2020.0,204.0,0.0,0,343.54,0.0,1,9.37,7.33,SPY201231P00322000,322.0,0,0.0,0.0,,0.0,normalDay
2020-11-05,2020.0,363.0,0.0,0,350.24,0.0,1,9.37,5.74,SPY201231P00322000,322.0,0,0.0,0.0,,0.0,normalDay
2020-11-06,2020.0,443.0,0.0,0,350.16,0.0,1,9.37,4.94,SPY201231P00322000,322.0,0,0.0,0.0,,0.0,normalDay
2020-11-09,2020.0,551.0,0.0,0,354.56,0.0,1,9.37,3.86,SPY201231P00322000,322.0,0,0.0,0.0,,0.0,normalDay
2020-11-10,2020.0,567.0,0.0,0,354.04,0.0,1,9.37,3.7,SPY201231P00322000,322.0,0,0.0,0.0,,0.0,normalDay
2020-11-11,2020.0,627.0,0.0,0,356.67,0.0,1,9.37,3.1,SPY201231P00322000,322.0,0,0.0,0.0,,0.0,normalDay
2020-11-12,2020.0,552.0,0.0,0,353.21,0.0,1,9.37,3.85,SPY201231P00322000,322.0,0,0.0,0.0,,0.0,normalDay
2020-11-13,2020.0,651.0,0.0,0,358.1,0.0,1,9.37,2.86,SPY201231P00322000,322.0,0,0.0,0.0,,0.0,normalDay
2020-11-16,2020.0,717.0,0.0,0,362.57,0.0,1,9.37,2.2,SPY201231P00322000,322.0,0,0.0,0.0,,0.0,normalDay
2020-11-17,2020.0,713.0,0.0,0,360.62,0.0,1,9.37,2.24,SPY201231P00322000,322.0,0,0.0,0.0,,0.0,normalDay
2020-11-18,2020.0,671.0,0.0,0,356.28,0.0,1,9.37,2.66,SPY201231P00322000,322.0,0,0.0,0.0,,0.0,normalDay
2020-11-19,2020.0,707.0,0.0,0,357.78,0.0,1,9.37,2.3,SPY201231P00322000,322.0,0,0.0,0.0,,0.0,normalDay
2020-11-20,2020.0,680.0,0.0,0,355.33,0.0,1,9.37,2.57,SPY201231P00322000,322.0,0,0.0,0.0,,0.0,normalDay
2020-11-23,2020.0,735.0,0.0,0,357.46,0.0,1,9.37,2.02,SPY201231P00322000,322.0,0,0.0,0.0,,0.0,normalDay
2020-11-24,2020.0,793.0,0.0,0,363.22,0.0,1,9.37,1.44,SPY201231P00322000,322.0,0,0.0,0.0,,0.0,normalDay
2020-11-25,2020.0,801.0,0.0,0,362.66,0.0,1,9.37,1.36,SPY201231P00322000,322.0,0,0.0,0.0,,0.0,normalDay
2020-11-27,2020.0,825.0,0.0,0,363.67,0.0,1,9.37,1.12,SPY201231P00322000,322.0,0,0.0,0.0,,0.0,normalDay
2020-11-30,2020.0,840.0,0.0,0,362.06,0.0,1,9.37,0.97,SPY201231P00322000,322.0,0,0.0,0.0,,0.0,normalDay
2020-12-01,2020.0,850.0,0.0,0,366.02,0.0,1,9.37,0.87,SPY201231P00322000,322.0,0,0.0,0.0,,0.0,normalDay
2020-12-02,2020.0,854.0,0.0,0,366.79,0.0,1,9.37,0.83,SPY201231P00322000,322.0,0,0.0,0.0,,0.0,normalDay
2020-12-03,2020.0,853.0,0.0,0,366.69,0.0,1,9.37,0.84,SPY201231P00322000,322.0,0,0.0,0.0,,0.0,normalDay
2020-12-04,2020.0,876.0,0.0,0,369.85,0.0,1,9.37,0.61,SPY201231P00322000,322.0,0,0.0,0.0,,0.0,normalDay
2020-12-07,2020.0,884.0,0.0,0,369.09,0.0,1,9.37,0.53,SPY201231P00322000,322.0,0,0.0,0.0,,0.0,normalDay
2020-12-08,2020.0,895.0,0.0,0,370.17,0.0,1,9.37,0.42,SPY201231P00322000,322.0,0,0.0,0.0,,0.0,normalDay
2020-12-09,2020.0,881.0,0.0,0,366.85,0.0,1,9.37,0.56,SPY201231P00322000,322.0,0,0.0,0.0,,0.0,normalDay
2020-12-10,2020.0,883.0,0.0,0,366.73,0.0,1,9.37,0.54,SPY201231P00322000,322.0,0,0.0,0.0,,0.0,normalDay
2020-12-11,2020.0,881.0,0.0,0,366.3,0.0,1,9.37,0.56,SPY201231P00322000,322.0,0,0.0,0.0,,0.0,normalDay
2020-12-14,2020.0,872.0,0.0,0,364.66,0.0,1,9.37,0.65,SPY201231P00322000,322.0,0,0.0,0.0,,0.0,normalDay
2020-12-15,2020.0,897.0,0.0,0,369.59,0.0,1,9.37,0.4,SPY201231P00322000,322.0,0,0.0,0.0,,0.0,normalDay
2020-12-16,2020.0,905.0,0.0,0,370.17,0.0,1,9.37,0.32,SPY201231P00322000,322.0,0,0.0,0.0,,0.0,normalDay
2020-12-17,2020.0,911.0,0.0,0,372.24,0.0,1,9.37,0.26,SPY201231P00322000,322.0,0,0.0,0.0,,0.0,normalDay
2020-12-18,2020.0,920.0,0.0,0,369.18,0.0,1,9.37,0.17,SPY201231P00322000,322.0,0,0.0,0.0,,0.0,normalDay
2020-12-21,2020.0,917.0,0.0,0,367.86,0.0,1,9.37,0.2,SPY201231P00322000,322.0,0,0.0,0.0,,0.0,normalDay
2020-12-22,2020.0,922.0,0.0,0,367.24,0.0,1,9.37,0.15,SPY201231P00322000,322.0,0,0.0,0.0,,0.0,normalDay
2020-12-23,2020.0,926.0,0.0,0,367.57,0.0,1,9.37,0.11,SPY201231P00322000,322.0,0,0.0,0.0,,0.0,normalDay
2020-12-24,2020.0,933.0,0.0,0,369.0,0.0,1,9.37,0.04,SPY201231P00322000,322.0,0,0.0,0.0,,0.0,normalDay
2020-12-28,2020.0,935.0,0.0,0,372.17,0.0,1,9.37,0.02,SPY201231P00322000,322.0,0,0.0,0.0,,0.0,normalDay
2020-12-29,2020.0,936.0,0.0,0,371.46,0.0,1,9.37,0.01,SPY201231P00322000,322.0,0,0.0,0.0,,0.0,normalDay
2020-12-30,2020.0,936.0,0.0,0,371.99,0.0,1,9.37,0.01,SPY201231P00322000,322.0,0,0.0,0.0,,0.0,normalDay
2020-12-31,2957.0,0.0,937.0,0,373.88,0.0,1,9.37,0.0,SPY201231P00322000,322.0,0,0.0,0.0,,0.0,expirationDay
2021-01-04,2957.0,-10.0,0.0,0,368.79,0.0,1,14.32,14.42,SPY210331P00365000,365.0,0,0.0,0.0,,0.0,normalDay
2021-01-05,2957.0,129.0,0.0,0,371.33,0.0,1,14.32,13.03,SPY210331P00365000,365.0,0,0.0,0.0,,0.0,normalDay
2021-01-06,2957.0,196.0,0.0,0,373.55,0.0,1,14.32,12.36,SPY210331P00365000,365.0,0,0.0,0.0,,0.0,normalDay
2021-01-07,2957.0,447.0,0.0,0,379.1,0.0,1,14.32,9.85,SPY210331P00365000,365.0,0,0.0,0.0,,0.0,normalDay
2021-01-08,2957.0,528.0,0.0,0,381.26,0.0,1,14.32,9.04,SPY210331P00365000,365.0,0,0.0,0.0,,0.0,normalDay
2021-01-11,2957.0,399.0,0.0,0,378.69,0.0,1,14.32,10.33,SPY210331P00365000,365.0,0,0.0,0.0,,0.0,normalDay
2021-01-12,2957.0,435.0,0.0,0,378.77,0.0,1,14.32,9.97,SPY210331P00365000,365.0,0,0.0,0.0,,0.0,normalDay
2021-01-13,2957.0,510.0,0.0,0,379.79,0.0,1,14.32,9.22,SPY210331P00365000,365.0,0,0.0,0.0,,0.0,normalDay
2021-01-14,2957.0,453.0,0.0,0,378.46,0.0,1,14.32,9.79,SPY210331P00365000,365.0,0,0.0,0.0,,0.0,normalDay
2021-01-15,2957.0,320.0,0.0,0,375.7,0.0,1,14.32,11.12,SPY210331P00365000,365.0,0,0.0,0.0,,0.0,normalDay
2021-01-19,2957.0,485.0,0.0,0,378.65,0.0,1,14.32,9.47,SPY210331P00365000,365.0,0,0.0,0.0,,0.0,normalDay
2021-01-20,2957.0,659.0,0.0,0,383.89,0.0,1,14.32,7.73,SPY210331P00365000,365.0,0,0.0,0.0,,0.0,normalDay
2021-01-21,2957.0,684.0,0.0,0,384.24,0.0,1,14.32,7.48,SPY210331P00365000,365.0,0,0.0,0.0,,0.0,normalDay
2021-01-22,2957.0,647.0,0.0,0,382.88,0.0,1,14.32,7.85,SPY210331P00365000,365.0,0,0.0,0.0,,0.0,normalDay
2021-01-25,2957.0,660.0,0.0,0,384.39,0.0,1,14.32,7.72,SPY210331P00365000,365.0,0,0.0,0.0,,0.0,normalDay
2021-01-26,2957.0,665.0,0.0,0,383.79,0.0,1,14.32,7.67,SPY210331P00365000,365.0,0,0.0,0.0,,0.0,normalDay
2021-01-27,2957.0,90.0,0.0,0,374.41,0.0,1,14.32,13.42,SPY210331P00365000,365.0,0,0.0,0.0,,0.0,normalDay
2021-01-28,2957.0,320.0,0.0,0,377.63,0.0,1,14.32,11.12,SPY210331P00365000,365.0,0,0.0,0.0,,0.0,normalDay
2021-01-29,2957.0,-82.0,0.0,0,370.07,0.0,1,14.32,15.14,SPY210331P00365000,365.0,0,0.0,0.0,,0.0,normalDay
2021-02-01,2957.0,287.0,0.0,0,376.23,0.0,1,14.32,11.45,SPY210331P00365000,365.0,0,0.0,0.0,,0.0,normalDay
2021-02-02,2957.0,615.0,0.0,0,381.55,0.0,1,14.32,8.17,SPY210331P00365000,365.0,0,0.0,0.0,,0.0,normalDay
2021-02-03,2957.0,696.0,0.0,0,381.85,0.0,1,14.32,7.36,SPY210331P00365000,365.0,0,0.0,0.0,,0.0,normalDay
2021-02-04,2957.0,826.0,0.0,0,386.19,0.0,1,14.32,6.06,SPY210331P00365000,365.0,0,0.0,0.0,,0.0,normalDay
2021-02-05,2957.0,878.0,0.0,0,387.71,0.0,1,14.32,5.54,SPY210331P00365000,365.0,0,0.0,0.0,,0.0,normalDay
2021-02-08,2957.0,945.0,0.0,0,390.51,0.0,1,14.32,4.87,SPY210331P00365000,365.0,0,0.0,0.0,,0.0,normalDay
2021-02-09,2957.0,949.0,0.0,0,390.25,0.0,1,14.32,4.83,SPY210331P00365000,365.0,0,0.0,0.0,,0.0,normalDay
2021-02-10,2957.0,943.0,0.0,0,390.08,0.0,1,14.32,4.89,SPY210331P00365000,365.0,0,0.0,0.0,,0.0,normalDay
2021-02-11,2957.0,977.0,0.0,0,390.71,0.0,1,14.32,4.55,SPY210331P00365000,365.0,0,0.0,0.0,,0.0,normalDay
2021-02-12,2957.0,1052.0,0.0,0,392.64,0.0,1,14.32,3.8,SPY210331P00365000,365.0,0,0.0,0.0,,0.0,normalDay
2021-02-16,2957.0,1054.0,0.0,0,392.3,0.0,1,14.32,3.78,SPY210331P00365000,365.0,0,0.0,0.0,,0.0,normalDay
2021-02-17,2957.0,1072.0,0.0,0,392.39,0.0,1,14.32,3.6,SPY210331P00365000,365.0,0,0.0,0.0,,0.0,normalDay
2021-02-18,2957.0,1036.0,0.0,0,390.72,0.0,1,14.32,3.96,SPY210331P00365000,365.0,0,0.0,0.0,,0.0,normalDay
2021-02-19,2957.0,1046.0,0.0,0,390.03,0.0,1,14.32,3.86,SPY210331P00365000,365.0,0,0.0,0.0,,0.0,normalDay
2021-02-22,2957.0,999.0,0.0,0,387.03,0.0,1,14.32,4.33,SPY210331P00365000,365.0,0,0.0,0.0,,0.0,normalDay
2021-02-23,2957.0,1031.0,0.0,0,387.5,0.0,1,14.32,4.01,SPY210331P00365000,365.0,0,0.0,0.0,,0.0,normalDay
2021-02-24,2957.0,1141.0,0.0,0,391.77,0.0,1,14.32,2.91,SPY210331P00365000,365.0,0,0.0,0.0,,0.0,normalDay
2021-02-25,2957.0,842.0,0.0,0,382.33,0.0,1,14.32,5.9,SPY210331P00365000,365.0,0,0.0,0.0,,0.0,normalDay
2021-02-26,2957.0,834.0,0.0,0,380.36,0.0,1,14.32,5.98,SPY210331P00365000,365.0,0,0.0,0.0,,0.0,normalDay
2021-03-01,2957.0,1127.0,0.0,0,389.58,0.0,1,14.32,3.05,SPY210331P00365000,365.0,0,0.0,0.0,,0.0,normalDay
2021-03-02,2957.0,1069.0,0.0,0,386.54,0.0,1,14.32,3.63,SPY210331P00365000,365.0,0,0.0,0.0,,0.0,normalDay
2021-03-03,2957.0,948.0,0.0,0,381.42,0.0,1,14.32,4.84,SPY210331P00365000,365.0,0,0.0,0.0,,0.0,normalDay
2021-03-04,2957.0,799.0,0.0,0,376.7,0.0,1,14.32,6.33,SPY210331P00365000,365.0,0,0.0,0.0,,0.0,normalDay
2021-03-05,2957.0,1051.0,0.0,0,383.63,0.0,1,14.32,3.81,SPY210331P00365000,365.0,0,0.0,0.0,,0.0,normalDay
2021-03-08,2957.0,1023.0,0.0,0,381.72,0.0,1,14.32,4.09,SPY210331P00365000,365.0,0,0.0,0.0,,0.0,normalDay
2021-03-09,2957.0,1156.0,0.0,0,387.17,0.0,1,14.32,2.76,SPY210331P00365000,365.0,0,0.0,0.0,,0.0,normalDay
2021-03-10,2957.0,1234.0,0.0,0,389.58,0.0,1,14.32,1.98,SPY210331P00365000,365.0,0,0.0,0.0,,0.0,normalDay
2021-03-11,2957.0,1285.0,0.0,0,393.53,0.0,1,14.32,1.47,SPY210331P00365000,365.0,0,0.0,0.0,,0.0,normalDay
2021-03-12,2957.0,1330.0,0.0,0,394.06,0.0,1,14.32,1.02,SPY210331P00365000,365.0,0,0.0,0.0,,0.0,normalDay
2021-03-15,2957.0,1363.0,0.0,0,396.41,0.0,1,14.32,0.69,SPY210331P00365000,365.0,0,0.0,0.0,,0.0,normalDay
2021-03-16,2957.0,1365.0,0.0,0,395.91,0.0,1,14.32,0.67,SPY210331P00365000,365.0,0,0.0,0.0,,0.0,normalDay
2021-03-17,2957.0,1386.0,0.0,0,397.26,0.0,1,14.32,0.46,SPY210331P00365000,365.0,0,0.0,0.0,,0.0,normalDay
2021-03-18,2957.0,1354.0,0.0,0,391.48,0.0,1,14.32,0.78,SPY210331P00365000,365.0,0,0.0,0.0,,0.0,normalDay
2021-03-19,2957.0,1364.0,0.0,0,389.48,0.0,1,14.32,0.68,SPY210331P00365000,365.0,0,0.0,0.0,,0.0,normalDay
2021-03-22,2957.0,1409.0,0.0,0,392.59,0.0,1,14.32,0.23,SPY210331P00365000,365.0,0,0.0,0.0,,0.0,normalDay
2021-03-23,2957.0,1396.0,0.0,0,389.5,0.0,1,14.32,0.36,SPY210331P00365000,365.0,0,0.0,0.0,,0.0,normalDay
2021-03-24,2957.0,1397.0,0.0,0,387.52,0.0,1,14.32,0.35,SPY210331P00365000,365.0,0,0.0,0.0,,0.0,normalDay
2021-03-25,2957.0,1416.0,0.0,0,389.7,0.0,1,14.32,0.16,SPY210331P00365000,365.0,0,0.0,0.0,,0.0,normalDay
2021-03-26,2957.0,1425.0,0.0,0,395.98,0.0,1,14.32,0.07,SPY210331P00365000,365.0,0,0.0,0.0,,0.0,normalDay
2021-03-29,2957.0,1429.0,0.0,0,395.78,0.0,1,14.32,0.03,SPY210331P00365000,365.0,0,0.0,0.0,,0.0,normalDay
2021-03-30,2957.0,1431.0,0.0,0,394.73,0.0,1,14.32,0.01,SPY210331P00365000,365.0,0,0.0,0.0,,0.0,normalDay
2021-03-31,4389.0,0.0,1432.0,0,396.33,0.0,1,14.32,0.0,SPY210331P00365000,365.0,0,0.0,0.0,,0.0,expirationDay
2021-04-01,4389.0,-5.0,0.0,0,400.61,0.0,1,6.67,6.72,SPY210618P00383000,383.0,0,0.0,0.0,,0.0,normalDay
2021-04-05,4389.0,122.0,0.0,0,406.36,0.0,1,6.67,5.45,SPY210618P00383000,383.0,0,0.0,0.0,,0.0,normalDay
2021-04-06,4389.0,111.0,0.0,0,406.12,0.0,1,6.67,5.56,SPY210618P00383000,383.0,0,0.0,0.0,,0.0,normalDay
2021-04-07,4389.0,149.0,0.0,0,406.59,0.0,1,6.67,5.18,SPY210618P00383000,383.0,0,0.0,0.0,,0.0,normalDay
2021-04-08,4389.0,180.0,0.0,0,408.52,0.0,1,6.67,4.87,SPY210618P00383000,383.0,0,0.0,0.0,,0.0,normalDay
2021-04-09,4389.0,213.0,0.0,0,411.49,0.0,1,6.67,4.54,SPY210618P00383000,383.0,0,0.0,0.0,,0.0,normalDay
2021-04-12,4389.0,237.0,0.0,0,411.64,0.0,1,6.67,4.3,SPY210618P00383000,383.0,0,0.0,0.0,,0.0,normalDay
2021-04-13,4389.0,271.0,0.0,0,412.86,0.0,1,6.67,3.96,SPY210618P00383000,383.0,0,0.0,0.0,,0.0,normalDay
2021-04-14,4389.0,251.0,0.0,0,411.45,0.0,1,6.67,4.16,SPY210618P00383000,383.0,0,0.0,0.0,,0.0,normalDay
2021-04-15,4389.0,315.0,0.0,0,415.87,0.0,1,6.67,3.52,SPY210618P00383000,383.0,0,0.0,0.0,,0.0,normalDay
2021-04-16,4389.0,337.0,0.0,0,417.26,0.0,1,6.67,3.3,SPY210618P00383000,383.0,0,0.0,0.0,,0.0,normalDay
2021-04-19,4389.0,299.0,0.0,0,415.21,0.0,1,6.67,3.68,SPY210618P00383000,383.0,0,0.0,0.0,,0.0,normalDay
2021-04-20,4389.0,224.0,0.0,0,412.17,0.0,1,6.67,4.43,SPY210618P00383000,383.0,0,0.0,0.0,,0.0,normalDay
2021-04-21,4389.0,320.0,0.0,0,416.07,0.0,1,6.67,3.47,SPY210618P00383000,383.0,0,0.0,0.0,,0.0,normalDay
2021-04-22,4389.0,237.0,0.0,0,412.27,0.0,1,6.67,4.3,SPY210618P00383000,383.0,0,0.0,0.0,,0.0,normalDay
2021-04-23,4389.0,340.0,0.0,0,416.74,0.0,1,6.67,3.27,SPY210618P00383000,383.0,0,0.0,0.0,,0.0,normalDay
2021-04-26,4389.0,369.0,0.0,0,417.61,0.0,1,6.67,2.98,SPY210618P00383000,383.0,0,0.0,0.0,,0.0,normalDay
2021-04-27,4389.0,379.0,0.0,0,417.52,0.0,1,6.67,2.88,SPY210618P00383000,383.0,0,0.0,0.0,,0.0,normalDay
2021-04-28,4389.0,399.0,0.0,0,417.4,0.0,1,6.67,2.68,SPY210618P00383000,383.0,0,0.0,0.0,,0.0,normalDay
2021-04-29,4389.0,415.0,0.0,0,420.06,0.0,1,6.67,2.52,SPY210618P00383000,383.0,0,0.0,0.0,,0.0,normalDay
2021-04-30,4389.0,379.0,0.0,0,417.3,0.0,1,6.67,2.88,SPY210618P00383000,383.0,0,0.0,0.0,,0.0,normalDay
2021-05-03,4389.0,412.0,0.0,0,418.2,0.0,1,6.67,2.55,SPY210618P00383000,383.0,0,0.0,0.0,,0.0,normalDay
2021-05-04,4389.0,363.0,0.0,0,415.62,0.0,1,6.67,3.04,SPY210618P00383000,383.0,0,0.0,0.0,,0.0,normalDay
2021-05-05,4389.0,381.0,0.0,0,415.75,0.0,1,6.67,2.86,SPY210618P00383000,383.0,0,0.0,0.0,,0.0,normalDay
2021-05-06,4389.0,437.0,0.0,0,419.07,0.0,1,6.67,2.3,SPY210618P00383000,383.0,0,0.0,0.0,,0.0,normalDay
2021-05-07,4389.0,492.0,0.0,0,422.12,0.0,1,6.67,1.75,SPY210618P00383000,383.0,0,0.0,0.0,,0.0,normalDay
2021-05-10,4389.0,429.0,0.0,0,417.94,0.0,1,6.67,2.38,SPY210618P00383000,383.0,0,0.0,0.0,,0.0,normalDay
2021-05-11,4389.0,360.0,0.0,0,414.21,0.0,1,6.67,3.07,SPY210618P00383000,383.0,0,0.0,0.0,,0.0,normalDay
2021-05-12,4389.0,94.0,0.0,0,405.41,0.0,1,6.67,5.73,SPY210618P00383000,383.0,0,0.0,0.0,,0.0,normalDay
2021-05-13,4389.0,285.0,0.0,0,410.28,0.0,1,6.67,3.82,SPY210618P00383000,383.0,0,0.0,0.0,,0.0,normalDay
2021-05-14,4389.0,466.0,0.0,0,416.58,0.0,1,6.67,2.01,SPY210618P00383000,383.0,0,0.0,0.0,,0.0,normalDay
2021-05-17,4389.0,458.0,0.0,0,415.52,0.0,1,6.67,2.09,SPY210618P00383000,383.0,0,0.0,0.0,,0.0,normalDay
2021-05-18,4389.0,402.0,0.0,0,411.94,0.0,1,6.67,2.65,SPY210618P00383000,383.0,0,0.0,0.0,,0.0,normalDay
2021-05-19,4389.0,389.0,0.0,0,410.86,0.0,1,6.67,2.78,SPY210618P00383000,383.0,0,0.0,0.0,,0.0,normalDay
2021-05-20,4389.0,463.0,0.0,0,415.28,0.0,1,6.67,2.04,SPY210618P00383000,383.0,0,0.0,0.0,,0.0,normalDay
2021-05-21,4389.0,480.0,0.0,0,414.94,0.0,1,6.67,1.87,SPY210618P00383000,383.0,0,0.0,0.0,,0.0,normalDay
2021-05-24,4389.0,556.0,0.0,0,419.17,0.0,1,6.67,1.11,SPY210618P00383000,383.0,0,0.0,0.0,,0.0,normalDay
2021-05-25,4389.0,554.0,0.0,0,418.24,0.0,1,6.67,1.13,SPY210618P00383000,383.0,0,0.0,0.0,,0.0,normalDay
2021-05-26,4389.0,585.0,0.0,0,419.07,0.0,1,6.67,0.82,SPY210618P00383000,383.0,0,0.0,0.0,,0.0,normalDay
2021-05-27,4389.0,599.0,0.0,0,419.29,0.0,1,6.67,0.68,SPY210618P00383000,383.0,0,0.0,0.0,,0.0,normalDay
2021-05-28,4389.0,603.0,0.0,0,420.04,0.0,1,6.67,0.64,SPY210618P00383000,383.0,0,0.0,0.0,,0.0,normalDay
2021-06-01,4389.0,609.0,0.0,0,419.67,0.0,1,6.67,0.58,SPY210618P00383000,383.0,0,0.0,0.0,,0.0,normalDay
2021-06-02,4389.0,623.0,0.0,0,420.33,0.0,1,6.67,0.44,SPY210618P00383000,383.0,0,0.0,0.0,,0.0,normalDay
2021-06-03,4389.0,622.0,0.0,0,418.77,0.0,1,6.67,0.45,SPY210618P00383000,383.0,0,0.0,0.0,,0.0,normalDay
2021-06-04,4389.0,641.0,0.0,0,422.6,0.0,1,6.67,0.26,SPY210618P00383000,383.0,0,0.0,0.0,,0.0,normalDay
2021-06-07,4389.0,648.0,0.0,0,422.19,0.0,1,6.67,0.19,SPY210618P00383000,383.0,0,0.0,0.0,,0.0,normalDay
2021-06-08,4389.0,645.0,0.0,0,422.28,0.0,1,6.67,0.22,SPY210618P00383000,383.0,0,0.0,0.0,,0.0,normalDay
2021-06-09,4389.0,641.0,0.0,0,421.65,0.0,1,6.67,0.26,SPY210618P00383000,383.0,0,0.0,0.0,,0.0,normalDay
2021-06-10,4389.0,653.0,0.0,0,423.61,0.0,1,6.67,0.14,SPY210618P00383000,383.0,0,0.0,0.0,,0.0,normalDay
2021-06-11,4389.0,655.0,0.0,0,424.31,0.0,1,6.67,0.12,SPY210618P00383000,383.0,0,0.0,0.0,,0.0,normalDay
2021-06-14,4389.0,660.0,0.0,0,425.26,0.0,1,6.67,0.07,SPY210618P00383000,383.0,0,0.0,0.0,,0.0,normalDay
2021-06-15,4389.0,659.0,0.0,0,424.48,0.0,1,6.67,0.08,SPY210618P00383000,383.0,0,0.0,0.0,,0.0,normalDay
2021-06-16,4389.0,656.0,0.0,0,422.11,0.0,1,6.67,0.11,SPY210618P00383000,383.0,0,0.0,0.0,,0.0,normalDay
2021-06-17,4389.0,663.0,0.0,0,421.97,0.0,1,6.67,0.04,SPY210618P00383000,383.0,0,0.0,0.0,,0.0,normalDay
2021-06-18,5056.0,0.0,667.0,0,414.92,0.0,1,6.67,0.0,SPY210618P00383000,383.0,0,0.0,0.0,,0.0,expirationDay
2021-06-21,5056.0,-3.0,0.0,0,420.86,0.0,1,8.04,8.07,SPY210820P00416000,416.0,0,0.0,0.0,,0.0,normalDay
2021-06-22,5056.0,106.0,0.0,0,423.11,0.0,1,8.04,6.98,SPY210820P00416000,416.0,0,0.0,0.0,,0.0,normalDay
2021-06-23,5056.0,127.0,0.0,0,422.6,0.0,1,8.04,6.77,SPY210820P00416000,416.0,0,0.0,0.0,,0.0,normalDay
2021-06-24,5056.0,211.0,0.0,0,425.1,0.0,1,8.04,5.93,SPY210820P00416000,416.0,0,0.0,0.0,,0.0,normalDay
2021-06-25,5056.0,276.0,0.0,0,426.61,0.0,1,8.04,5.28,SPY210820P00416000,416.0,0,0.0,0.0,,0.0,normalDay
2021-06-28,5056.0,311.0,0.0,0,427.47,0.0,1,8.04,4.93,SPY210820P00416000,416.0,0,0.0,0.0,,0.0,normalDay
2021-06-29,5056.0,320.0,0.0,0,427.7,0.0,1,8.04,4.84,SPY210820P00416000,416.0,0,0.0,0.0,,0.0,normalDay
2021-06-30,5056.0,342.0,0.0,0,428.06,0.0,1,8.04,4.62,SPY210820P00416000,416.0,0,0.0,0.0,,0.0,normalDay
2021-07-01,5056.0,385.0,0.0,0,430.43,0.0,1,8.04,4.19,SPY210820P00416000,416.0,0,0.0,0.0,,0.0,normalDay
2021-07-02,5056.0,448.0,0.0,0,433.72,0.0,1,8.04,3.56,SPY210820P00416000,416.0,0,0.0,0.0,,0.0,normalDay
2021-07-06,5056.0,423.0,0.0,0,432.93,0.0,1,8.04,3.81,SPY210820P00416000,416.0,0,0.0,0.0,,0.0,normalDay
2021-07-07,5056.0,451.0,0.0,0,434.46,0.0,1,8.04,3.53,SPY210820P00416000,416.0,0,0.0,0.0,,0.0,normalDay
2021-07-08,5056.0,322.0,0.0,0,430.92,0.0,1,8.04,4.82,SPY210820P00416000,416.0,0,0.0,0.0,,0.0,normalDay
2021-07-09,5056.0,483.0,0.0,0,435.52,0.0,1,8.04,3.21,SPY210820P00416000,416.0,0,0.0,0.0,,0.0,normalDay
2021-07-12,5056.0,523.0,0.0,0,437.08,0.0,1,8.04,2.81,SPY210820P00416000,416.0,0,0.0,0.0,,0.0,normalDay
2021-07-13,5056.0,474.0,0.0,0,435.59,0.0,1,8.04,3.3,SPY210820P00416000,416.0,0,0.0,0.0,,0.0,normalDay
2021-07-14,5056.0,520.0,0.0,0,436.24,0.0,1,8.04,2.84,SPY210820P00416000,416.0,0,0.0,0.0,,0.0,normalDay
2021-07-15,5056.0,486.0,0.0,0,434.75,0.0,1,8.04,3.18,SPY210820P00416000,416.0,0,0.0,0.0,,0.0,normalDay
2021-07-16,5056.0,408.0,0.0,0,431.34,0.0,1,8.04,3.96,SPY210820P00416000,416.0,0,0.0,0.0,,0.0,normalDay
2021-07-19,5056.0,189.0,0.0,0,424.97,0.0,1,8.04,6.15,SPY210820P00416000,416.0,0,0.0,0.0,,0.0,normalDay
2021-07-20,5056.0,396.0,0.0,0,431.06,0.0,1,8.04,4.08,SPY210820P00416000,416.0,0,0.0,0.0,,0.0,normalDay
2021-07-21,5056.0,521.0,0.0,0,434.55,0.0,1,8.04,2.83,SPY210820P00416000,416.0,0,0.0,0.0,,0.0,normalDay
2021-07-22,5056.0,546.0,0.0,0,435.46,0.0,1,8.04,2.58,SPY210820P00416000,416.0,0,0.0,0.0,,0.0,normalDay
2021-07-23,5056.0,613.0,0.0,0,439.94,0.0,1,8.04,1.91,SPY210820P00416000,416.0,0,0.0,0.0,,0.0,normalDay
2021-07-26,5056.0,646.0,0.0,0,441.02,0.0,1,8.04,1.58,SPY210820P00416000,416.0,0,0.0,0.0,,0.0,normalDay
2021-07-27,5056.0,595.0,0.0,0,439.01,0.0,1,8.04,2.09,SPY210820P00416000,416.0,0,0.0,0.0,,0.0,normalDay
2021-07-28,5056.0,628.0,0.0,0,438.83,0.0,1,8.04,1.76,SPY210820P00416000,416.0,0,0.0,0.0,,0.0,normalDay
2021-07-29,5056.0,671.0,0.0,0,440.65,0.0,1,8.04,1.33,SPY210820P00416000,416.0,0,0.0,0.0,,0.0,normalDay
2021-07-30,5056.0,653.0,0.0,0,438.51,0.0,1,8.04,1.51,SPY210820P00416000,416.0,0,0.0,0.0,,0.0,normalDay
2021-08-02,5056.0,649.0,0.0,0,437.59,0.0,1,8.04,1.55,SPY210820P00416000,416.0,0,0.0,0.0,,0.0,normalDay
2021-08-03,5056.0,713.0,0.0,0,441.15,0.0,1,8.04,0.91,SPY210820P00416000,416.0,0,0.0,0.0,,0.0,normalDay
2021-08-04,5056.0,711.0,0.0,0,438.98,0.0,1,8.04,0.93,SPY210820P00416000,416.0,0,0.0,0.0,,0.0,normalDay
2021-08-05,5056.0,738.0,0.0,0,441.76,0.0,1,8.04,0.66,SPY210820P00416000,416.0,0,0.0,0.0,,0.0,normalDay
2021-08-06,5056.0,766.0,0.0,0,442.49,0.0,1,8.04,0.38,SPY210820P00416000,416.0,0,0.0,0.0,,0.0,normalDay
2021-08-09,5056.0,771.0,0.0,0,442.13,0.0,1,8.04,0.33,SPY210820P00416000,416.0,0,0.0,0.0,,0.0,normalDay
2021-08-10,5056.0,771.0,0.0,0,442.68,0.0,1,8.04,0.33,SPY210820P00416000,416.0,0,0.0,0.0,,0.0,normalDay
2021-08-11,5056.0,787.0,0.0,0,443.78,0.0,1,8.04,0.17,SPY210820P00416000,416.0,0,0.0,0.0,,0.0,normalDay
2021-08-12,5056.0,790.0,0.0,0,445.11,0.0,1,8.04,0.14,SPY210820P00416000,416.0,0,0.0,0.0,,0.0,normalDay
2021-08-13,5056.0,793.0,0.0,0,445.92,0.0,1,8.04,0.11,SPY210820P00416000,416.0,0,0.0,0.0,,0.0,normalDay
2021-08-16,5056.0,797.0,0.0,0,446.97,0.0,1,8.04,0.07,SPY210820P00416000,416.0,0,0.0,0.0,,0.0,normalDay
2021-08-17,5056.0,795.0,0.0,0,444.04,0.0,1,8.04,0.09,SPY210820P00416000,416.0,0,0.0,0.0,,0.0,normalDay
2021-08-18,5056.0,780.0,0.0,0,439.18,0.0,1,8.04,0.24,SPY210820P00416000,416.0,0,0.0,0.0,,0.0,normalDay
2021-08-19,5056.0,798.0,0.0,0,439.86,0.0,1,8.04,0.06,SPY210820P00416000,416.0,0,0.0,0.0,,0.0,normalDay
2021-08-20,5860.0,0.0,804.0,0,443.36,0.0,1,8.04,0.0,SPY210820P00416000,416.0,0,0.0,0.0,,0.0,expirationDay
2021-08-23,5860.0,-4.0,0.0,0,447.26,0.0,1,6.5,6.54,SPY211015P00436000,436.0,0,0.0,0.0,,0.0,normalDay
2021-08-24,5860.0,16.0,0.0,0,447.97,0.0,1,6.5,6.34,SPY211015P00436000,436.0,0,0.0,0.0,,0.0,normalDay
2021-08-25,5860.0,71.0,0.0,0,448.91,0.0,1,6.5,5.79,SPY211015P00436000,436.0,0,0.0,0.0,,0.0,normalDay
2021-08-26,5860.0,-42.0,0.0,0,446.26,0.0,1,6.5,6.92,SPY211015P00436000,436.0,0,0.0,0.0,,0.0,normalDay
2021-08-27,5860.0,131.0,0.0,0,450.25,0.0,1,6.5,5.19,SPY211015P00436000,436.0,0,0.0,0.0,,0.0,normalDay
2021-08-30,5860.0,190.0,0.0,0,452.23,0.0,1,6.5,4.6,SPY211015P00436000,436.0,0,0.0,0.0,,0.0,normalDay
2021-08-31,5860.0,192.0,0.0,0,451.56,0.0,1,6.5,4.58,SPY211015P00436000,436.0,0,0.0,0.0,,0.0,normalDay
2021-09-01,5860.0,220.0,0.0,0,451.8,0.0,1,6.5,4.3,SPY211015P00436000,436.0,0,0.0,0.0,,0.0,normalDay
2021-09-02,5860.0,247.0,0.0,0,453.19,0.0,1,6.5,4.03,SPY211015P00436000,436.0,0,0.0,0.0,,0.0,normalDay
2021-09-03,5860.0,249.0,0.0,0,453.08,0.0,1,6.5,4.01,SPY211015P00436000,436.0,0,0.0,0.0,,0.0,normalDay
2021-09-07,5860.0,210.0,0.0,0,451.46,0.0,1,6.5,4.4,SPY211015P00436000,436.0,0,0.0,0.0,,0.0,normalDay
2021-09-08,5860.0,211.0,0.0,0,450.91,0.0,1,6.5,4.39,SPY211015P00436000,436.0,0,0.0,0.0,,0.0,normalDay
2021-09-09,5860.0,145.0,0.0,0,448.98,0.0,1,6.5,5.05,SPY211015P00436000,436.0,0,0.0,0.0,,0.0,normalDay
2021-09-10,5860.0,39.0,0.0,0,445.44,0.0,1,6.5,6.11,SPY211015P00436000,436.0,0,0.0,0.0,,0.0,normalDay
2021-09-13,5860.0,143.0,0.0,0,446.58,0.0,1,6.5,5.07,SPY211015P00436000,436.0,0,0.0,0.0,,0.0,normalDay
2021-09-14,5860.0,78.0,0.0,0,444.17,0.0,1,6.5,5.72,SPY211015P00436000,436.0,0,0.0,0.0,,0.0,normalDay
2021-09-15,5860.0,228.0,0.0,0,447.88,0.0,1,6.5,4.22,SPY211015P00436000,436.0,0,0.0,0.0,,0.0,normalDay
2021-09-16,5860.0,203.0,0.0,0,447.17,0.0,1,6.5,4.47,SPY211015P00436000,436.0,0,0.0,0.0,,0.0,normalDay
2021-09-17,5860.0,42.0,0.0,0,441.4,0.0,1,6.5,6.08,SPY211015P00436000,436.0,0,0.0,0.0,,0.0,normalDay
2021-09-20,5860.0,-333.0,0.0,0,434.04,0.0,1,6.5,9.83,SPY211015P00436000,436.0,0,0.0,0.0,,0.0,normalDay
2021-09-21,5860.0,-313.0,0.0,0,433.63,0.0,1,6.5,9.63,SPY211015P00436000,436.0,0,0.0,0.0,,0.0,normalDay
2021-09-22,5860.0,-1.0,0.0,0,437.86,0.0,1,6.5,6.51,SPY211015P00436000,436.0,0,0.0,0.0,,0.0,normalDay
2021-09-23,5860.0,243.0,0.0,0,443.18,0.0,1,6.5,4.07,SPY211015P00436000,436.0,0,0.0,0.0,,0.0,normalDay
2021-09-24,5860.0,302.0,0.0,0,443.91,0.0,1,6.5,3.48,SPY211015P00436000,436.0,0,0.0,0.0,,0.0,normalDay
2021-09-27,5860.0,281.0,0.0,0,442.64,0.0,1,6.5,3.69,SPY211015P00436000,436.0,0,0.0,0.0,,0.0,normalDay
2021-09-28,5860.0,-137.0,0.0,0,433.72,0.0,1,6.5,7.87,SPY211015P00436000,436.0,0,0.0,0.0,,0.0,normalDay
2021-09-29,5860.0,-67.0,0.0,0,434.45,0.0,1,6.5,7.17,SPY211015P00436000,436.0,0,0.0,0.0,,0.0,normalDay
2021-09-30,5860.0,-333.0,0.0,0,429.14,0.0,1,6.5,9.83,SPY211015P00436000,436.0,0,0.0,0.0,,0.0,normalDay
2021-10-01,5860.0,0.0,0.0,0,434.24,0.0,1,6.5,6.5,SPY211015P00436000,436.0,0,0.0,0.0,,0.0,normalDay
2021-10-04,5860.0,-318.0,0.0,0,428.64,0.0,1,6.5,9.68,SPY211015P00436000,436.0,0,0.0,0.0,,0.0,normalDay
2021-10-05,5860.0,3.0,0.0,0,433.1,0.0,1,6.5,6.47,SPY211015P00436000,436.0,0,0.0,0.0,,0.0,normalDay
2021-10-06,5860.0,108.0,0.0,0,434.9,0.0,1,6.5,5.42,SPY211015P00436000,436.0,0,0.0,0.0,,0.0,normalDay
2021-10-07,5860.0,336.0,0.0,0,438.66,0.0,1,6.5,3.14,SPY211015P00436000,436.0,0,0.0,0.0,,0.0,normalDay
2021-10-08,5860.0,339.0,0.0,0,437.86,0.0,1,6.5,3.11,SPY211015P00436000,436.0,0,0.0,0.0,,0.0,normalDay
2021-10-11,5860.0,228.0,0.0,0,434.69,0.0,1,6.5,4.22,SPY211015P00436000,436.0,0,0.0,0.0,,0.0,normalDay
2021-10-12,5860.0,178.0,0.0,0,433.62,0.0,1,6.5,4.72,SPY211015P00436000,436.0,0,0.0,0.0,,0.0,normalDay
2021-10-13,5860.0,402.0,0.0,0,435.18,0.0,1,6.5,2.48,SPY211015P00436000,436.0,0,0.0,0.0,,0.0,normalDay
2021-10-14,5860.0,634.0,0.0,0,442.5,0.0,1,6.5,0.16,SPY211015P00436000,436.0,0,0.0,0.0,,0.0,normalDay
2021-10-15,6510.0,0.0,650.0,0,445.87,0.0,1,6.5,0.0,SPY211015P00436000,436.0,0,0.0,0.0,,0.0,expirationDay
2021-10-18,6510.0,-5.0,0.0,0,447.19,0.0,1,6.94,6.99,SPY211231P00427000,427.0,0,0.0,0.0,,0.0,normalDay
2021-10-19,6510.0,96.0,0.0,0,450.64,0.0,1,6.94,5.98,SPY211231P00427000,427.0,0,0.0,0.0,,0.0,normalDay
2021-10-20,6510.0,122.0,0.0,0,452.41,0.0,1,6.94,5.72,SPY211231P00427000,427.0,0,0.0,0.0,,0.0,normalDay
2021-10-21,6510.0,167.0,0.0,0,453.59,0.0,1,6.94,5.27,SPY211231P00427000,427.0,0,0.0,0.0,,0.0,normalDay
2021-10-22,6510.0,132.0,0.0,0,453.12,0.0,1,6.94,5.62,SPY211231P00427000,427.0,0,0.0,0.0,,0.0,normalDay
2021-10-25,6510.0,200.0,0.0,0,455.55,0.0,1,6.94,4.94,SPY211231P00427000,427.0,0,0.0,0.0,,0.0,normalDay
2021-10-26,6510.0,205.0,0.0,0,455.96,0.0,1,6.94,4.89,SPY211231P00427000,427.0,0,0.0,0.0,,0.0,normalDay
2021-10-27,6510.0,139.0,0.0,0,453.94,0.0,1,6.94,5.55,SPY211231P00427000,427.0,0,0.0,0.0,,0.0,normalDay
2021-10-28,6510.0,227.0,0.0,0,458.32,0.0,1,6.94,4.67,SPY211231P00427000,427.0,0,0.0,0.0,,0.0,normalDay
2021-10-29,6510.0,250.0,0.0,0,459.25,0.0,1,6.94,4.44,SPY211231P00427000,427.0,0,0.0,0.0,,0.0,normalDay
2021-11-01,6510.0,281.0,0.0,0,460.04,0.0,1,6.94,4.13,SPY211231P00427000,427.0,0,0.0,0.0,,0.0,normalDay
2021-11-02,6510.0,317.0,0.0,0,461.9,0.0,1,6.94,3.77,SPY211231P00427000,427.0,0,0.0,0.0,,0.0,normalDay
2021-11-03,6510.0,380.0,0.0,0,464.72,0.0,1,6.94,3.14,SPY211231P00427000,427.0,0,0.0,0.0,,0.0,normalDay
2021-11-04,6510.0,406.0,0.0,0,466.91,0.0,1,6.94,2.88,SPY211231P00427000,427.0,0,0.0,0.0,,0.0,normalDay
2021-11-05,6510.0,402.0,0.0,0,468.53,0.0,1,6.94,2.92,SPY211231P00427000,427.0,0,0.0,0.0,,0.0,normalDay
2021-11-08,6510.0,401.0,0.0,0,468.93,0.0,1,6.94,2.93,SPY211231P00427000,427.0,0,0.0,0.0,,0.0,normalDay
2021-11-09,6510.0,386.0,0.0,0,467.38,0.0,1,6.94,3.08,SPY211231P00427000,427.0,0,0.0,0.0,,0.0,normalDay
2021-11-10,6510.0,339.0,0.0,0,463.62,0.0,1,6.94,3.55,SPY211231P00427000,427.0,0,0.0,0.0,,0.0,normalDay
2021-11-11,6510.0,386.0,0.0,0,463.77,0.0,1,6.94,3.08,SPY211231P00427000,427.0,0,0.0,0.0,,0.0,normalDay
2021-11-12,6510.0,446.0,0.0,0,467.27,0.0,1,6.94,2.48,SPY211231P00427000,427.0,0,0.0,0.0,,0.0,normalDay
2021-11-15,6510.0,459.0,0.0,0,467.43,0.0,1,6.94,2.35,SPY211231P00427000,427.0,0,0.0,0.0,,0.0,normalDay
2021-11-16,6510.0,481.0,0.0,0,469.28,0.0,1,6.94,2.13,SPY211231P00427000,427.0,0,0.0,0.0,,0.0,normalDay
2021-11-17,6510.0,464.0,0.0,0,468.14,0.0,1,6.94,2.3,SPY211231P00427000,427.0,0,0.0,0.0,,0.0,normalDay
2021-11-18,6510.0,474.0,0.0,0,469.73,0.0,1,6.94,2.2,SPY211231P00427000,427.0,0,0.0,0.0,,0.0,normalDay
2021-11-19,6510.0,468.0,0.0,0,468.89,0.0,1,6.94,2.26,SPY211231P00427000,427.0,0,0.0,0.0,,0.0,normalDay
2021-11-22,6510.0,453.0,0.0,0,467.57,0.0,1,6.94,2.41,SPY211231P00427000,427.0,0,0.0,0.0,,0.0,normalDay
2021-11-23,6510.0,472.0,0.0,0,468.19,0.0,1,6.94,2.22,SPY211231P00427000,427.0,0,0.0,0.0,,0.0,normalDay
2021-11-24,6510.0,503.0,0.0,0,469.44,0.0,1,6.94,1.91,SPY211231P00427000,427.0,0,0.0,0.0,,0.0,normalDay
2021-11-26,6510.0,81.0,0.0,0,458.97,0.0,1,6.94,6.13,SPY211231P00427000,427.0,0,0.0,0.0,,0.0,normalDay
2021-11-29,6510.0,412.0,0.0,0,464.6,0.0,1,6.94,2.82,SPY211231P00427000,427.0,0,0.0,0.0,,0.0,normalDay
2021-11-30,6510.0,250.0,0.0,0,455.56,0.0,1,6.94,4.44,SPY211231P00427000,427.0,0,0.0,0.0,,0.0,normalDay
2021-12-01,6510.0,20.0,0.0,0,450.5,0.0,1,6.94,6.74,SPY211231P00427000,427.0,0,0.0,0.0,,0.0,normalDay
2021-12-02,6510.0,243.0,0.0,0,457.4,0.0,1,6.94,4.51,SPY211231P00427000,427.0,0,0.0,0.0,,0.0,normalDay
2021-12-03,6510.0,135.0,0.0,0,453.42,0.0,1,6.94,5.59,SPY211231P00427000,427.0,0,0.0,0.0,,0.0,normalDay
2021-12-06,6510.0,338.0,0.0,0,458.79,0.0,1,6.94,3.56,SPY211231P00427000,427.0,0,0.0,0.0,,0.0,normalDay
2021-12-07,6510.0,534.0,0.0,0,468.28,0.0,1,6.94,1.6,SPY211231P00427000,427.0,0,0.0,0.0,,0.0,normalDay
2021-12-08,6510.0,589.0,0.0,0,469.52,0.0,1,6.94,1.05,SPY211231P00427000,427.0,0,0.0,0.0,,0.0,normalDay
2021-12-09,6510.0,554.0,0.0,0,466.35,0.0,1,6.94,1.4,SPY211231P00427000,427.0,0,0.0,0.0,,0.0,normalDay
2021-12-10,6510.0,617.0,0.0,0,470.74,0.0,1,6.94,0.77,SPY211231P00427000,427.0,0,0.0,0.0,,0.0,normalDay
2021-12-13,6510.0,609.0,0.0,0,466.57,0.0,1,6.94,0.85,SPY211231P00427000,427.0,0,0.0,0.0,,0.0,normalDay
2021-12-14,6510.0,587.0,0.0,0,463.36,0.0,1,6.94,1.07,SPY211231P00427000,427.0,0,0.0,0.0,,0.0,normalDay
2021-12-15,6510.0,643.0,0.0,0,470.6,0.0,1,6.94,0.51,SPY211231P00427000,427.0,0,0.0,0.0,,0.0,normalDay
2021-12-16,6510.0,626.0,0.0,0,466.45,0.0,1,6.94,0.68,SPY211231P00427000,427.0,0,0.0,0.0,,0.0,normalDay
2021-12-17,6510.0,617.0,0.0,0,459.87,0.0,1,6.94,0.77,SPY211231P00427000,427.0,0,0.0,0.0,,0.0,normalDay
2021-12-20,6510.0,610.0,0.0,0,454.98,0.0,1,6.94,0.84,SPY211231P00427000,427.0,0,0.0,0.0,,0.0,normalDay
2021-12-21,6510.0,659.0,0.0,0,463.06,0.0,1,6.94,0.35,SPY211231P00427000,427.0,0,0.0,0.0,,0.0,normalDay
2021-12-22,6510.0,683.0,0.0,0,467.69,0.0,1,6.94,0.11,SPY211231P00427000,427.0,0,0.0,0.0,,0.0,normalDay
2021-12-23,6510.0,687.0,0.0,0,470.6,0.0,1,6.94,0.07,SPY211231P00427000,427.0,0,0.0,0.0,,0.0,normalDay
2021-12-27,6510.0,691.0,0.0,0,477.26,0.0,1,6.94,0.03,SPY211231P00427000,427.0,0,0.0,0.0,,0.0,normalDay
2021-12-28,6510.0,692.0,0.0,0,476.87,0.0,1,6.94,0.02,SPY211231P00427000,427.0,0,0.0,0.0,,0.0,normalDay
2021-12-29,6510.0,693.0,0.0,0,477.48,0.0,1,6.94,0.01,SPY211231P00427000,427.0,0,0.0,0.0,,0.0,normalDay
2021-12-30,6510.0,693.0,0.0,0,476.16,0.0,1,6.94,0.01,SPY211231P00427000,427.0,0,0.0,0.0,,0.0,normalDay
2021-12-31,7204.0,0.0,694.0,0,474.96,0.0,1,6.94,0.0,SPY211231P00427000,427.0,0,0.0,0.0,,0.0,expirationDay
2022-01-03,7204.0,-6.0,0.0,0,477.71,0.0,1,8.79,8.85,SPY220331P00456000,456.0,0,0.0,0.0,,0.0,normalDay
2022-01-04,7204.0,-21.0,0.0,0,477.55,0.0,1,8.79,9.0,SPY220331P00456000,456.0,0,0.0,0.0,,0.0,normalDay
2022-01-05,7204.0,-338.0,0.0,0,468.38,0.0,1,8.79,12.17,SPY220331P00456000,456.0,0,0.0,0.0,,0.0,normalDay
2022-01-06,7204.0,-338.0,0.0,0,467.94,0.0,1,8.79,12.17,SPY220331P00456000,456.0,0,0.0,0.0,,0.0,normalDay
2022-01-07,7204.0,-323.0,0.0,0,466.09,0.0,1,8.79,12.02,SPY220331P00456000,456.0,0,0.0,0.0,,0.0,normalDay
2022-01-10,7204.0,-322.0,0.0,0,465.51,0.0,1,8.79,12.01,SPY220331P00456000,456.0,0,0.0,0.0,,0.0,normalDay
2022-01-11,7204.0,-154.0,0.0,0,469.75,0.0,1,8.79,10.33,SPY220331P00456000,456.0,0,0.0,0.0,,0.0,normalDay
2022-01-12,7204.0,-80.0,0.0,0,471.02,0.0,1,8.79,9.59,SPY220331P00456000,456.0,0,0.0,0.0,,0.0,normalDay
2022-01-13,7204.0,-383.0,0.0,0,464.53,0.0,1,8.79,12.62,SPY220331P00456000,456.0,0,0.0,0.0,,0.0,normalDay
2022-01-14,7204.0,-312.0,0.0,0,464.72,0.0,1,8.79,11.91,SPY220331P00456000,456.0,0,0.0,0.0,,0.0,normalDay
2022-01-18,7204.0,-732.0,0.0,0,456.49,0.0,1,8.79,16.11,SPY220331P00456000,456.0,0,0.0,0.0,,0.0,normalDay
2022-01-19,7204.0,-918.0,0.0,0,451.75,0.0,1,8.79,17.97,SPY220331P00456000,456.0,0,0.0,0.0,,0.0,normalDay
2022-01-20,7204.0,-1278.0,0.0,0,446.75,0.0,1,8.79,21.57,SPY220331P00456000,456.0,0,0.0,0.0,,0.0,normalDay
2022-01-21,7204.0,-1843.0,0.0,0,437.98,0.0,1,8.79,27.22,SPY220331P00456000,456.0,0,0.0,0.0,,0.0,normalDay
2022-01-24,7204.0,-1819.0,0.0,0,439.84,0.0,1,8.79,26.98,SPY220331P00456000,456.0,0,0.0,0.0,,0.0,normalDay
2022-01-25,7204.0,-2207.0,0.0,0,434.47,0.0,1,8.79,30.86,SPY220331P00456000,456.0,0,0.0,0.0,,0.0,normalDay
2022-01-26,7204.0,-2212.0,0.0,0,433.38,0.0,1,8.79,30.91,SPY220331P00456000,456.0,0,0.0,0.0,,0.0,normalDay
2022-01-27,7204.0,-2220.0,0.0,0,431.24,0.0,1,8.79,30.99,SPY220331P00456000,456.0,0,0.0,0.0,,0.0,normalDay
2022-01-28,7204.0,-1487.0,0.0,0,441.95,0.0,1,8.79,23.66,SPY220331P00456000,456.0,0,0.0,0.0,,0.0,normalDay
2022-01-31,7204.0,-985.0,0.0,0,449.91,0.0,1,8.79,18.64,SPY220331P00456000,456.0,0,0.0,0.0,,0.0,normalDay
2022-02-01,7204.0,-624.0,0.0,0,452.95,0.0,1,8.79,15.03,SPY220331P00456000,456.0,0,0.0,0.0,,0.0,normalDay
2022-02-02,7204.0,-530.0,0.0,0,457.35,0.0,1,8.79,14.09,SPY220331P00456000,456.0,0,0.0,0.0,,0.0,normalDay
2022-02-03,7204.0,-910.0,0.0,0,446.6,0.0,1,8.79,17.89,SPY220331P00456000,456.0,0,0.0,0.0,,0.0,normalDay
2022-02-04,7204.0,-985.0,0.0,0,448.7,0.0,1,8.79,18.64,SPY220331P00456000,456.0,0,0.0,0.0,,0.0,normalDay
2022-02-07,7204.0,-937.0,0.0,0,447.26,0.0,1,8.79,18.16,SPY220331P00456000,456.0,0,0.0,0.0,,0.0,normalDay
2022-02-08,7204.0,-640.0,0.0,0,450.94,0.0,1,8.79,15.19,SPY220331P00456000,456.0,0,0.0,0.0,,0.0,normalDay
2022-02-09,7204.0,-312.0,0.0,0,457.54,0.0,1,8.79,11.91,SPY220331P00456000,456.0,0,0.0,0.0,,0.0,normalDay
2022-02-10,7204.0,-828.0,0.0,0,449.32,0.0,1,8.79,17.07,SPY220331P00456000,456.0,0,0.0,0.0,,0.0,normalDay
2022-02-11,7204.0,-1460.0,0.0,0,440.46,0.0,1,8.79,23.39,SPY220331P00456000,456.0,0,0.0,0.0,,0.0,normalDay
2022-02-14,7204.0,-1501.0,0.0,0,439.02,0.0,1,8.79,23.8,SPY220331P00456000,456.0,0,0.0,0.0,,0.0,normalDay
2022-02-15,7204.0,-1039.0,0.0,0,446.1,0.0,1,8.79,19.18,SPY220331P00456000,456.0,0,0.0,0.0,,0.0,normalDay
2022-02-16,7204.0,-886.0,0.0,0,446.6,0.0,1,8.79,17.65,SPY220331P00456000,456.0,0,0.0,0.0,,0.0,normalDay
2022-02-17,7204.0,-1586.0,0.0,0,437.06,0.0,1,8.79,24.65,SPY220331P00456000,456.0,0,0.0,0.0,,0.0,normalDay
2022-02-18,7204.0,-1752.0,0.0,0,434.23,0.0,1,8.79,26.31,SPY220331P00456000,456.0,0,0.0,0.0,,0.0,normalDay
2022-02-22,7204.0,-2069.0,0.0,0,429.57,0.0,1,8.79,29.48,SPY220331P00456000,456.0,0,0.0,0.0,,0.0,normalDay
2022-02-23,7204.0,-2816.0,0.0,0,421.95,0.0,1,8.79,36.95,SPY220331P00456000,456.0,0,0.0,0.0,,0.0,normalDay
2022-02-24,7204.0,-2439.0,0.0,0,428.3,0.0,1,8.79,33.18,SPY220331P00456000,456.0,0,0.0,0.0,,0.0,normalDay
2022-02-25,7204.0,-1454.0,0.0,0,437.75,0.0,1,8.79,23.33,SPY220331P00456000,456.0,0,0.0,0.0,,0.0,normalDay
2022-02-28,7204.0,-1553.0,0.0,0,436.63,0.0,1,8.79,24.32,SPY220331P00456000,456.0,0,0.0,0.0,,0.0,normalDay
2022-03-01,7204.0,-2097.0,0.0,0,429.98,0.0,1,8.79,29.76,SPY220331P00456000,456.0,0,0.0,0.0,,0.0,normalDay
2022-03-02,7204.0,-1484.0,0.0,0,437.89,0.0,1,8.79,23.63,SPY220331P00456000,456.0,0,0.0,0.0,,0.0,normalDay
2022-03-03,7204.0,-1715.0,0.0,0,435.71,0.0,1,8.79,25.94,SPY220331P00456000,456.0,0,0.0,0.0,,0.0,normalDay
2022-03-04,7204.0,-1923.0,0.0,0,432.17,0.0,1,8.79,28.02,SPY220331P00456000,456.0,0,0.0,0.0,,0.0,normalDay
2022-03-07,7204.0,-3132.0,0.0,0,419.43,0.0,1,8.79,40.11,SPY220331P00456000,456.0,0,0.0,0.0,,0.0,normalDay
2022-03-08,7204.0,-3440.0,0.0,0,416.25,0.0,1,8.79,43.19,SPY220331P00456000,456.0,0,0.0,0.0,,0.0,normalDay
2022-03-09,7204.0,-2225.0,0.0,0,427.41,0.0,1,8.79,31.04,SPY220331P00456000,456.0,0,0.0,0.0,,0.0,normalDay
2022-03-10,7204.0,-2437.0,0.0,0,425.48,0.0,1,8.79,33.16,SPY220331P00456000,456.0,0,0.0,0.0,,0.0,normalDay
2022-03-11,7204.0,-2904.0,0.0,0,420.07,0.0,1,8.79,37.83,SPY220331P00456000,456.0,0,0.0,0.0,,0.0,normalDay
2022-03-14,7204.0,-3159.0,0.0,0,417.0,0.0,1,8.79,40.38,SPY220331P00456000,456.0,0,0.0,0.0,,0.0,normalDay
2022-03-15,7204.0,-2378.0,0.0,0,426.17,0.0,1,8.79,32.57,SPY220331P00456000,456.0,0,0.0,0.0,,0.0,normalDay
2022-03-16,7204.0,-1448.0,0.0,0,435.62,0.0,1,8.79,23.27,SPY220331P00456000,456.0,0,0.0,0.0,,0.0,normalDay
2022-03-17,7204.0,-972.0,0.0,0,441.07,0.0,1,8.79,18.51,SPY220331P00456000,456.0,0,0.0,0.0,,0.0,normalDay
2022-03-18,7204.0,-453.0,0.0,0,444.52,0.0,1,8.79,13.32,SPY220331P00456000,456.0,0,0.0,0.0,,0.0,normalDay
2022-03-21,7204.0,-405.0,0.0,0,444.39,0.0,1,8.79,12.84,SPY220331P00456000,456.0,0,0.0,0.0,,0.0,normalDay
2022-03-22,7204.0,-18.0,0.0,0,449.59,0.0,1,8.79,8.97,SPY220331P00456000,456.0,0,0.0,0.0,,0.0,normalDay
2022-03-23,7204.0,-457.0,0.0,0,443.8,0.0,1,8.79,13.36,SPY220331P00456000,456.0,0,0.0,0.0,,0.0,normalDay
2022-03-24,7204.0,112.0,0.0,0,450.49,0.0,1,8.79,7.67,SPY220331P00456000,456.0,0,0.0,0.0,,0.0,normalDay
2022-03-25,7204.0,311.0,0.0,0,452.69,0.0,1,8.79,5.68,SPY220331P00456000,456.0,0,0.0,0.0,,0.0,normalDay
2022-03-28,7204.0,600.0,0.0,0,455.91,0.0,1,8.79,2.79,SPY220331P00456000,456.0,0,0.0,0.0,,0.0,normalDay
2022-03-29,7204.0,792.0,0.0,0,461.55,0.0,1,8.79,0.87,SPY220331P00456000,456.0,0,0.0,0.0,,0.0,normalDay
2022-03-30,7204.0,803.0,0.0,0,458.7,0.0,1,8.79,0.76,SPY220331P00456000,456.0,0,0.0,0.0,,0.0,normalDay
2022-03-31,8083.0,-436.0,879.0,100,451.64,456.0,1,8.79,0.0,SPY220331P00456000,456.0,0,0.0,0.0,,0.0,expirationDay
2022-04-01,8083.0,-311.0,0.0,100,452.92,456.0,0,0.0,0.0,,0.0,1,0.01,0.04,SPY220420C00483000,483.0,normalDay
2022-04-04,8083.0,77.0,0.0,100,456.8,456.0,0,0.0,0.0,,0.0,1,0.01,0.04,SPY220420C00483000,483.0,normalDay
2022-04-05,8083.0,-499.0,0.0,100,451.03,456.0,0,0.0,0.0,,0.0,1,0.01,0.03,SPY220420C00483000,483.0,normalDay
2022-04-06,8083.0,-949.0,0.0,100,446.52,456.0,0,0.0,0.0,,0.0,1,0.01,0.02,SPY220420C00483000,483.0,normalDay
2022-04-07,8083.0,-723.0,0.0,100,448.77,456.0,0,0.0,0.0,,0.0,1,0.01,0.01,SPY220420C00483000,483.0,normalDay
2022-04-08,8083.0,-843.0,0.0,100,447.57,456.0,0,0.0,0.0,,0.0,1,0.01,0.01,SPY220420C00483000,483.0,normalDay
2022-04-11,8083.0,-1608.0,0.0,100,439.92,456.0,0,0.0,0.0,,0.0,1,0.01,0.01,SPY220420C00483000,483.0,normalDay
2022-04-12,8083.0,-1771.0,0.0,100,438.29,456.0,0,0.0,0.0,,0.0,1,0.01,0.01,SPY220420C00483000,483.0,normalDay
2022-04-13,8083.0,-1269.0,0.0,100,443.31,456.0,0,0.0,0.0,,0.0,1,0.01,0.01,SPY220420C00483000,483.0,normalDay
2022-04-14,8083.0,-1821.0,0.0,100,437.79,456.0,0,0.0,0.0,,0.0,1,0.01,0.01,SPY220420C00483000,483.0,normalDay
2022-04-18,8083.0,-1803.0,0.0,100,437.97,456.0,0,0.0,0.0,,0.0,1,0.01,0.01,SPY220420C00483000,483.0,normalDay
2022-04-19,8083.0,-1096.0,0.0,100,445.04,456.0,0,0.0,0.0,,0.0,1,0.01,0.01,SPY220420C00483000,483.0,normalDay
2022-04-20,8084.0,-1129.0,1.0,100,444.71,456.0,0,0.0,0.0,,0.0,1,0.01,0.0,SPY220420C00483000,483.0,expirationDay
2022-04-21,8084.0,-1797.0,0.0,100,438.06,456.0,0,0.0,0.0,,0.0,1,0.03,0.06,SPY220509C00470000,470.0,normalDay
2022-04-22,8084.0,-2996.0,0.0,100,426.04,456.0,0,0.0,0.0,,0.0,1,0.03,0.03,SPY220509C00470000,470.0,normalDay
2022-04-25,8084.0,-2748.0,0.0,100,428.51,456.0,0,0.0,0.0,,0.0,1,0.03,0.02,SPY220509C00470000,470.0,normalDay
2022-04-26,8084.0,-3989.0,0.0,100,416.1,456.0,0,0.0,0.0,,0.0,1,0.03,0.02,SPY220509C00470000,470.0,normalDay
2022-04-27,8084.0,-3872.0,0.0,100,417.27,456.0,0,0.0,0.0,,0.0,1,0.03,0.02,SPY220509C00470000,470.0,normalDay
2022-04-28,8084.0,-2818.0,0.0,100,427.81,456.0,0,0.0,0.0,,0.0,1,0.03,0.02,SPY220509C00470000,470.0,normalDay
2022-04-29,8084.0,-4399.0,0.0,100,412.0,456.0,0,0.0,0.0,,0.0,1,0.03,0.02,SPY220509C00470000,470.0,normalDay
2022-05-02,8084.0,-4150.0,0.0,100,414.48,456.0,0,0.0,0.0,,0.0,1,0.03,0.01,SPY220509C00470000,470.0,normalDay
2022-05-03,8084.0,-3960.0,0.0,100,416.38,456.0,0,0.0,0.0,,0.0,1,0.03,0.01,SPY220509C00470000,470.0,normalDay
2022-05-04,8084.0,-2692.0,0.0,100,429.06,456.0,0,0.0,0.0,,0.0,1,0.03,0.01,SPY220509C00470000,470.0,normalDay
2022-05-05,8084.0,-4217.0,0.0,100,413.81,456.0,0,0.0,0.0,,0.0,1,0.03,0.01,SPY220509C00470000,470.0,normalDay
2022-05-06,8084.0,-4464.0,0.0,100,411.34,456.0,0,0.0,0.0,,0.0,1,0.03,0.01,SPY220509C00470000,470.0,normalDay
2022-05-09,8087.0,-5783.0,3.0,100,398.17,456.0,0,0.0,0.0,,0.0,1,0.03,0.0,SPY220509C00470000,470.0,expirationDay
2022-05-10,8087.0,-5691.0,0.0,100,399.09,456.0,0,0.0,0.0,,0.0,0,0.0,0.0,,0.0,bidTooLow
2022-05-11,8087.0,-6325.0,0.0,100,392.75,456.0,0,0.0,0.0,,0.0,0,0.0,0.0,,0.0,bidTooLow
2022-05-12,8087.0,-6366.0,0.0,100,392.34,456.0,0,0.0,0.0,,0.0,0,0.0,0.0,,0.0,bidTooLow
2022-05-13,8087.0,-5428.0,0.0,100,401.72,456.0,0,0.0,0.0,,0.0,0,0.0,0.0,,0.0,bidTooLow
2022-05-16,8087.0,-5591.0,0.0,100,400.09,456.0,0,0.0,0.0,,0.0,0,0.0,0.0,,0.0,bidTooLow
2022-05-17,8087.0,-4768.0,0.0,100,408.32,456.0,0,0.0,0.0,,0.0,0,0.0,0.0,,0.0,bidTooLow
2022-05-18,8087.0,-6414.0,0.0,100,391.86,456.0,0,0.0,0.0,,0.0,0,0.0,0.0,,0.0,bidTooLow
2022-05-19,8087.0,-6654.0,0.0,100,389.46,456.0,0,0.0,0.0,,0.0,0,0.0,0.0,,0.0,bidTooLow
2022-05-20,8087.0,-6640.0,0.0,100,389.63,456.0,0,0.0,0.0,,0.0,1,0.01,0.04,SPY220608C00446000,446.0,normalDay
2022-05-23,8087.0,-5912.0,0.0,100,396.92,456.0,0,0.0,0.0,,0.0,1,0.01,0.05,SPY220608C00446000,446.0,normalDay
2022-05-24,8087.0,-6214.0,0.0,100,393.89,456.0,0,0.0,0.0,,0.0,1,0.01,0.04,SPY220608C00446000,446.0,normalDay
2022-05-25,8087.0,-5866.0,0.0,100,397.37,456.0,0,0.0,0.0,,0.0,1,0.01,0.04,SPY220608C00446000,446.0,normalDay
2022-05-26,8087.0,-5073.0,0.0,100,405.31,456.0,0,0.0,0.0,,0.0,1,0.01,0.05,SPY220608C00446000,446.0,normalDay
2022-05-27,8087.0,-4083.0,0.0,100,415.26,456.0,0,0.0,0.0,,0.0,1,0.01,0.1,SPY220608C00446000,446.0,normalDay
2022-05-31,8087.0,-4310.0,0.0,100,412.93,456.0,0,0.0,0.0,,0.0,1,0.01,0.04,SPY220608C00446000,446.0,normalDay
2022-06-01,8087.0,-4642.0,0.0,100,409.59,456.0,0,0.0,0.0,,0.0,1,0.01,0.02,SPY220608C00446000,446.0,normalDay
2022-06-02,8087.0,-3862.0,0.0,100,417.39,456.0,0,0.0,0.0,,0.0,1,0.01,0.02,SPY220608C00446000,446.0,normalDay
2022-06-03,8087.0,-4546.0,0.0,100,410.54,456.0,0,0.0,0.0,,0.0,1,0.01,0.01,SPY220608C00446000,446.0,normalDay
2022-06-06,8087.0,-4421.0,0.0,100,411.79,456.0,0,0.0,0.0,,0.0,1,0.01,0.01,SPY220608C00446000,446.0,normalDay
2022-06-07,8087.0,-4026.0,0.0,100,415.74,456.0,0,0.0,0.0,,0.0,1,0.01,0.01,SPY220608C00446000,446.0,normalDay
2022-06-08,8088.0,-4478.0,1.0,100,411.22,456.0,0,0.0,0.0,,0.0,1,0.01,0.0,SPY220608C00446000,446.0,expirationDay
2022-06-09,8088.0,-5459.0,0.0,100,401.44,456.0,0,0.0,0.0,,0.0,1,0.44,0.47,SPY220627C00430000,430.0,normalDay
2022-06-10,8088.0,-6590.0,0.0,100,389.8,456.0,0,0.0,0.0,,0.0,1,0.44,0.14,SPY220627C00430000,430.0,normalDay
2022-06-13,8088.0,-8063.0,0.0,100,375.0,456.0,0,0.0,0.0,,0.0,1,0.44,0.07,SPY220627C00430000,430.0,normalDay
2022-06-14,8088.0,-8175.0,0.0,100,373.87,456.0,0,0.0,0.0,,0.0,1,0.44,0.06,SPY220627C00430000,430.0,normalDay
2022-06-15,8088.0,-7640.0,0.0,100,379.2,456.0,0,0.0,0.0,,0.0,1,0.44,0.04,SPY220627C00430000,430.0,normalDay
2022-06-16,8088.0,-8894.0,0.0,100,366.65,456.0,0,0.0,0.0,,0.0,1,0.44,0.03,SPY220627C00430000,430.0,normalDay
2022-06-17,8088.0,-8972.0,0.0,100,365.86,456.0,0,0.0,0.0,,0.0,1,0.44,0.02,SPY220627C00430000,430.0,normalDay
2022-06-21,8088.0,-8050.0,0.0,100,375.07,456.0,0,0.0,0.0,,0.0,1,0.44,0.01,SPY220627C00430000,430.0,normalDay
2022-06-22,8088.0,-8118.0,0.0,100,374.39,456.0,0,0.0,0.0,,0.0,1,0.44,0.01,SPY220627C00430000,430.0,normalDay
2022-06-23,8088.0,-7751.0,0.0,100,378.06,456.0,0,0.0,0.0,,0.0,1,0.44,0.01,SPY220627C00430000,430.0,normalDay
2022-06-24,8088.0,-6549.0,0.0,100,390.08,456.0,0,0.0,0.0,,0.0,1,0.44,0.01,SPY220627C00430000,430.0,normalDay
2022-06-27,8132.0,-6741.0,44.0,100,388.59,456.0,0,0.0,0.0,,0.0,1,0.44,0.0,SPY220627C00430000,430.0,expirationDay
2022-06-28,8132.0,-7535.0,0.0,100,380.65,456.0,0,0.0,0.0,,0.0,0,0.0,0.0,,0.0,bidTooLow
2022-06-29,8132.0,-7569.0,0.0,100,380.34,456.0,0,0.0,0.0,,0.0,1,0.01,0.04,SPY220718C00440000,440.0,normalDay
2022-06-30,8132.0,-7877.0,0.0,100,377.25,456.0,0,0.0,0.0,,0.0,1,0.01,0.03,SPY220718C00440000,440.0,normalDay
2022-07-01,8132.0,-7477.0,0.0,100,381.24,456.0,0,0.0,0.0,,0.0,1,0.01,0.02,SPY220718C00440000,440.0,normalDay
2022-07-05,8132.0,-7405.0,0.0,100,381.96,456.0,0,0.0,0.0,,0.0,1,0.01,0.02,SPY220718C00440000,440.0,normalDay
2022-07-06,8132.0,-7275.0,0.0,100,383.25,456.0,0,0.0,0.0,,0.0,1,0.01,0.01,SPY220718C00440000,440.0,normalDay
2022-07-07,8132.0,-6701.0,0.0,100,388.99,456.0,0,0.0,0.0,,0.0,1,0.01,0.01,SPY220718C00440000,440.0,normalDay
2022-07-08,8132.0,-6733.0,0.0,100,388.67,456.0,0,0.0,0.0,,0.0,1,0.01,0.01,SPY220718C00440000,440.0,normalDay
2022-07-11,8132.0,-7177.0,0.0,100,384.23,456.0,0,0.0,0.0,,0.0,1,0.01,0.01,SPY220718C00440000,440.0,normalDay
2022-07-12,8132.0,-7517.0,0.0,100,380.83,456.0,0,0.0,0.0,,0.0,1,0.01,0.01,SPY220718C00440000,440.0,normalDay
2022-07-13,8132.0,-7717.0,0.0,100,378.83,456.0,0,0.0,0.0,,0.0,1,0.01,0.01,SPY220718C00440000,440.0,normalDay
2022-07-14,8132.0,-7809.0,0.0,100,377.91,456.0,0,0.0,0.0,,0.0,1,0.01,0.01,SPY220718C00440000,440.0,normalDay
2022-07-15,8132.0,-7087.0,0.0,100,385.13,456.0,0,0.0,0.0,,0.0,1,0.01,0.01,SPY220718C00440000,440.0,normalDay
2022-07-18,8133.0,-7405.0,1.0,100,381.95,456.0,0,0.0,0.0,,0.0,1,0.01,0.0,SPY220718C00440000,440.0,expirationDay
2022-07-19,8133.0,-6378.0,0.0,100,392.27,456.0,0,0.0,0.0,,0.0,1,5.8,5.85,SPY220805C00397000,397.0,normalDay
2022-07-20,8133.0,-6207.0,0.0,100,394.77,456.0,0,0.0,0.0,,0.0,1,5.8,6.64,SPY220805C00397000,397.0,normalDay
2022-07-21,8133.0,-5922.0,0.0,100,398.79,456.0,0,0.0,0.0,,0.0,1,5.8,7.81,SPY220805C00397000,397.0,normalDay
2022-07-22,8133.0,-6045.0,0.0,100,395.09,456.0,0,0.0,0.0,,0.0,1,5.8,5.34,SPY220805C00397000,397.0,normalDay
2022-07-25,8133.0,-6015.0,0.0,100,395.57,456.0,0,0.0,0.0,,0.0,1,5.8,5.52,SPY220805C00397000,397.0,normalDay
2022-07-26,8133.0,-6302.0,0.0,100,390.89,456.0,0,0.0,0.0,,0.0,1,5.8,3.71,SPY220805C00397000,397.0,normalDay
2022-07-27,8133.0,-5649.0,0.0,100,401.04,456.0,0,0.0,0.0,,0.0,1,5.8,7.33,SPY220805C00397000,397.0,normalDay
2022-07-28,8133.0,-5615.0,0.0,100,406.07,456.0,0,0.0,0.0,,0.0,1,5.8,12.02,SPY220805C00397000,397.0,normalDay
2022-07-29,8133.0,-5395.0,0.0,100,411.99,456.0,0,0.0,0.0,,0.0,1,5.8,15.74,SPY220805C00397000,397.0,normalDay
2022-08-01,8133.0,-5404.0,0.0,100,410.77,456.0,0,0.0,0.0,,0.0,1,5.8,14.61,SPY220805C00397000,397.0,normalDay
2022-08-02,8133.0,-5386.0,0.0,100,408.06,456.0,0,0.0,0.0,,0.0,1,5.8,11.72,SPY220805C00397000,397.0,normalDay
2022-08-03,8133.0,-5314.0,0.0,100,414.45,456.0,0,0.0,0.0,,0.0,1,5.8,17.39,SPY220805C00397000,397.0,normalDay
2022-08-04,8133.0,-5356.0,0.0,100,414.17,456.0,0,0.0,0.0,,0.0,1,5.8,17.53,SPY220805C00397000,397.0,normalDay
2022-08-05,2813.0,-5356.0,-5320.0,0,413.47,0.0,0,0.0,0.0,,0.0,1,5.8,0.0,SPY220805C00397000,397.0,expirationDay
2022-08-08,2813.0,-6.0,0.0,0,412.99,0.0,1,5.07,5.13,SPY221021P00374000,374.0,0,0.0,0.0,,0.0,normalDay
2022-08-09,2813.0,-24.0,0.0,0,411.35,0.0,1,5.07,5.31,SPY221021P00374000,374.0,0,0.0,0.0,,0.0,normalDay
2022-08-10,2813.0,132.0,0.0,0,419.99,0.0,1,5.07,3.75,SPY221021P00374000,374.0,0,0.0,0.0,,0.0,normalDay
2022-08-11,2813.0,139.0,0.0,0,419.99,0.0,1,5.07,3.68,SPY221021P00374000,374.0,0,0.0,0.0,,0.0,normalDay
2022-08-12,2813.0,217.0,0.0,0,427.1,0.0,1,5.07,2.9,SPY221021P00374000,374.0,0,0.0,0.0,,0.0,normalDay
2022-08-15,2813.0,248.0,0.0,0,428.86,0.0,1,5.07,2.59,SPY221021P00374000,374.0,0,0.0,0.0,,0.0,normalDay
2022-08-16,2813.0,260.0,0.0,0,429.7,0.0,1,5.07,2.47,SPY221021P00374000,374.0,0,0.0,0.0,,0.0,normalDay
2022-08-17,2813.0,240.0,0.0,0,426.65,0.0,1,5.07,2.67,SPY221021P00374000,374.0,0,0.0,0.0,,0.0,normalDay
2022-08-18,2813.0,268.0,0.0,0,427.89,0.0,1,5.07,2.39,SPY221021P00374000,374.0,0,0.0,0.0,,0.0,normalDay
2022-08-19,2813.0,204.0,0.0,0,422.14,0.0,1,5.07,3.03,SPY221021P00374000,374.0,0,0.0,0.0,,0.0,normalDay
2022-08-22,2813.0,70.0,0.0,0,413.35,0.0,1,5.07,4.37,SPY221021P00374000,374.0,0,0.0,0.0,,0.0,normalDay
2022-08-23,2813.0,65.0,0.0,0,412.35,0.0,1,5.07,4.42,SPY221021P00374000,374.0,0,0.0,0.0,,0.0,normalDay
2022-08-24,2813.0,129.0,0.0,0,413.67,0.0,1,5.07,3.78,SPY221021P00374000,374.0,0,0.0,0.0,,0.0,normalDay
2022-08-25,2813.0,219.0,0.0,0,419.51,0.0,1,5.07,2.88,SPY221021P00374000,374.0,0,0.0,0.0,,0.0,normalDay
2022-08-26,2813.0,-43.0,0.0,0,405.31,0.0,1,5.07,5.5,SPY221021P00374000,374.0,0,0.0,0.0,,0.0,normalDay
2022-08-29,2813.0,-67.0,0.0,0,402.63,0.0,1,5.07,5.74,SPY221021P00374000,374.0,0,0.0,0.0,,0.0,normalDay
2022-08-30,2813.0,-145.0,0.0,0,398.21,0.0,1,5.07,6.52,SPY221021P00374000,374.0,0,0.0,0.0,,0.0,normalDay
2022-08-31,2813.0,-177.0,0.0,0,395.18,0.0,1,5.07,6.84,SPY221021P00374000,374.0,0,0.0,0.0,,0.0,normalDay
2022-09-01,2813.0,-124.0,0.0,0,396.42,0.0,1,5.07,6.31,SPY221021P00374000,374.0,0,0.0,0.0,,0.0,normalDay
2022-09-02,2813.0,-203.0,0.0,0,392.24,0.0,1,5.07,7.1,SPY221021P00374000,374.0,0,0.0,0.0,,0.0,normalDay
2022-09-06,2813.0,-258.0,0.0,0,390.76,0.0,1,5.07,7.65,SPY221021P00374000,374.0,0,0.0,0.0,,0.0,normalDay
2022-09-07,2813.0,-21.0,0.0,0,397.78,0.0,1,5.07,5.28,SPY221021P00374000,374.0,0,0.0,0.0,,0.0,normalDay
2022-09-08,2813.0,86.0,0.0,0,400.38,0.0,1,5.07,4.21,SPY221021P00374000,374.0,0,0.0,0.0,,0.0,normalDay
2022-09-09,2813.0,191.0,0.0,0,406.6,0.0,1,5.07,3.16,SPY221021P00374000,374.0,0,0.0,0.0,,0.0,normalDay
2022-09-12,2813.0,253.0,0.0,0,410.97,0.0,1,5.07,2.54,SPY221021P00374000,374.0,0,0.0,0.0,,0.0,normalDay
2022-09-13,2813.0,-78.0,0.0,0,393.1,0.0,1,5.07,5.85,SPY221021P00374000,374.0,0,0.0,0.0,,0.0,normalDay
2022-09-14,2813.0,-37.0,0.0,0,394.6,0.0,1,5.07,5.44,SPY221021P00374000,374.0,0,0.0,0.0,,0.0,normalDay
2022-09-15,2813.0,-100.0,0.0,0,390.12,0.0,1,5.07,6.07,SPY221021P00374000,374.0,0,0.0,0.0,,0.0,normalDay
2022-09-16,2813.0,-180.0,0.0,0,385.56,0.0,1,5.07,6.87,SPY221021P00374000,374.0,0,0.0,0.0,,0.0,normalDay
2022-09-19,2813.0,-64.0,0.0,0,388.55,0.0,1,5.07,5.71,SPY221021P00374000,374.0,0,0.0,0.0,,0.0,normalDay
2022-09-20,2813.0,-208.0,0.0,0,384.09,0.0,1,5.07,7.15,SPY221021P00374000,374.0,0,0.0,0.0,,0.0,normalDay
2022-09-21,2813.0,-459.0,0.0,0,377.39,0.0,1,5.07,9.66,SPY221021P00374000,374.0,0,0.0,0.0,,0.0,normalDay
2022-09-22,2813.0,-517.0,0.0,0,374.22,0.0,1,5.07,10.24,SPY221021P00374000,374.0,0,0.0,0.0,,0.0,normalDay
2022-09-23,2813.0,-894.0,0.0,0,367.95,0.0,1,5.07,14.01,SPY221021P00374000,374.0,0,0.0,0.0,,0.0,normalDay
2022-09-26,2813.0,-1144.0,0.0,0,364.31,0.0,1,5.07,16.51,SPY221021P00374000,374.0,0,0.0,0.0,,0.0,normalDay
2022-09-27,2813.0,-1145.0,0.0,0,363.38,0.0,1,5.07,16.52,SPY221021P00374000,374.0,0,0.0,0.0,,0.0,normalDay
2022-09-28,2813.0,-668.0,0.0,0,370.53,0.0,1,5.07,11.75,SPY221021P00374000,374.0,0,0.0,0.0,,0.0,normalDay
2022-09-29,2813.0,-1089.0,0.0,0,362.79,0.0,1,5.07,15.96,SPY221021P00374000,374.0,0,0.0,0.0,,0.0,normalDay
2022-09-30,2813.0,-1374.0,0.0,0,357.18,0.0,1,5.07,18.81,SPY221021P00374000,374.0,0,0.0,0.0,,0.0,normalDay
2022-10-03,2813.0,-725.0,0.0,0,366.61,0.0,1,5.07,12.32,SPY221021P00374000,374.0,0,0.0,0.0,,0.0,normalDay
2022-10-04,2813.0,-177.0,0.0,0,377.97,0.0,1,5.07,6.84,SPY221021P00374000,374.0,0,0.0,0.0,,0.0,normalDay
2022-10-05,2813.0,-153.0,0.0,0,377.09,0.0,1,5.07,6.6,SPY221021P00374000,374.0,0,0.0,0.0,,0.0,normalDay
2022-10-06,2813.0,-354.0,0.0,0,373.2,0.0,1,5.07,8.61,SPY221021P00374000,374.0,0,0.0,0.0,,0.0,normalDay
2022-10-07,2813.0,-949.0,0.0,0,362.79,0.0,1,5.07,14.56,SPY221021P00374000,374.0,0,0.0,0.0,,0.0,normalDay
2022-10-10,2813.0,-1091.0,0.0,0,360.02,0.0,1,5.07,15.98,SPY221021P00374000,374.0,0,0.0,0.0,,0.0,normalDay
2022-10-11,2813.0,-1287.0,0.0,0,357.74,0.0,1,5.07,17.94,SPY221021P00374000,374.0,0,0.0,0.0,,0.0,normalDay
2022-10-12,2813.0,-1380.0,0.0,0,356.56,0.0,1,5.07,18.87,SPY221021P00374000,374.0,0,0.0,0.0,,0.0,normalDay
2022-10-13,2813.0,-603.0,0.0,0,365.97,0.0,1,5.07,11.1,SPY221021P00374000,374.0,0,0.0,0.0,,0.0,normalDay
2022-10-14,2813.0,-1195.0,0.0,0,357.63,0.0,1,5.07,17.02,SPY221021P00374000,374.0,0,0.0,0.0,,0.0,normalDay
2022-10-17,2813.0,-376.0,0.0,0,366.82,0.0,1,5.07,8.83,SPY221021P00374000,374.0,0,0.0,0.0,,0.0,normalDay
2022-10-18,2813.0,-13.0,0.0,0,371.13,0.0,1,5.07,5.2,SPY221021P00374000,374.0,0,0.0,0.0,,0.0,normalDay
2022-10-19,2813.0,-183.0,0.0,0,368.5,0.0,1,5.07,6.9,SPY221021P00374000,374.0,0,0.0,0.0,,0.0,normalDay
2022-10-20,2813.0,-336.0,0.0,0,365.41,0.0,1,5.07,8.43,SPY221021P00374000,374.0,0,0.0,0.0,,0.0,normalDay
2022-10-21,3320.0,0.0,507.0,0,374.29,0.0,1,5.07,0.0,SPY221021P00374000,374.0,0,0.0,0.0,,0.0,expirationDay
2022-10-24,3320.0,-6.0,0.0,0,378.87,0.0,1,8.18,8.24,SPY221230P00353000,353.0,0,0.0,0.0,,0.0,normalDay
2022-10-25,3320.0,135.0,0.0,0,384.92,0.0,1,8.18,6.83,SPY221230P00353000,353.0,0,0.0,0.0,,0.0,normalDay
2022-10-26,3320.0,176.0,0.0,0,382.02,0.0,1,8.18,6.42,SPY221230P00353000,353.0,0,0.0,0.0,,0.0,normalDay
2022-10-27,3320.0,50.0,0.0,0,379.98,0.0,1,8.18,7.68,SPY221230P00353000,353.0,0,0.0,0.0,,0.0,normalDay
2022-10-28,3320.0,334.0,0.0,0,389.02,0.0,1,8.18,4.84,SPY221230P00353000,353.0,0,0.0,0.0,,0.0,normalDay
2022-10-31,3320.0,323.0,0.0,0,386.21,0.0,1,8.18,4.95,SPY221230P00353000,353.0,0,0.0,0.0,,0.0,normalDay
2022-11-01,3320.0,307.0,0.0,0,384.52,0.0,1,8.18,5.11,SPY221230P00353000,353.0,0,0.0,0.0,,0.0,normalDay
2022-11-02,3320.0,110.0,0.0,0,374.87,0.0,1,8.18,7.08,SPY221230P00353000,353.0,0,0.0,0.0,,0.0,normalDay
2022-11-03,3320.0,55.0,0.0,0,371.01,0.0,1,8.18,7.63,SPY221230P00353000,353.0,0,0.0,0.0,,0.0,normalDay
2022-11-04,3320.0,212.0,0.0,0,376.35,0.0,1,8.18,6.06,SPY221230P00353000,353.0,0,0.0,0.0,,0.0,normalDay
2022-11-07,3320.0,328.0,0.0,0,379.95,0.0,1,8.18,4.9,SPY221230P00353000,353.0,0,0.0,0.0,,0.0,normalDay
2022-11-08,3320.0,321.0,0.0,0,382.0,0.0,1,8.18,4.97,SPY221230P00353000,353.0,0,0.0,0.0,,0.0,normalDay
2022-11-09,3320.0,179.0,0.0,0,374.13,0.0,1,8.18,6.39,SPY221230P00353000,353.0,0,0.0,0.0,,0.0,normalDay
2022-11-10,3320.0,562.0,0.0,0,394.69,0.0,1,8.18,2.56,SPY221230P00353000,353.0,0,0.0,0.0,,0.0,normalDay
2022-11-11,3320.0,605.0,0.0,0,398.51,0.0,1,8.18,2.13,SPY221230P00353000,353.0,0,0.0,0.0,,0.0,normalDay
2022-11-14,3320.0,592.0,0.0,0,395.12,0.0,1,8.18,2.26,SPY221230P00353000,353.0,0,0.0,0.0,,0.0,normalDay
2022-11-15,3320.0,612.0,0.0,0,398.49,0.0,1,8.18,2.06,SPY221230P00353000,353.0,0,0.0,0.0,,0.0,normalDay
2022-11-16,3320.0,609.0,0.0,0,395.45,0.0,1,8.18,2.09,SPY221230P00353000,353.0,0,0.0,0.0,,0.0,normalDay
2022-11-17,3320.0,618.0,0.0,0,394.24,0.0,1,8.18,2.0,SPY221230P00353000,353.0,0,0.0,0.0,,0.0,normalDay
2022-11-18,3320.0,648.0,0.0,0,396.03,0.0,1,8.18,1.7,SPY221230P00353000,353.0,0,0.0,0.0,,0.0,normalDay
2022-11-21,3320.0,675.0,0.0,0,394.59,0.0,1,8.18,1.43,SPY221230P00353000,353.0,0,0.0,0.0,,0.0,normalDay
2022-11-22,3320.0,720.0,0.0,0,399.9,0.0,1,8.18,0.98,SPY221230P00353000,353.0,0,0.0,0.0,,0.0,normalDay
2022-11-23,3320.0,738.0,0.0,0,402.42,0.0,1,8.18,0.8,SPY221230P00353000,353.0,0,0.0,0.0,,0.0,normalDay
2022-11-25,3320.0,740.0,0.0,0,402.33,0.0,1,8.18,0.78,SPY221230P00353000,353.0,0,0.0,0.0,,0.0,normalDay
2022-11-28,3320.0,714.0,0.0,0,395.91,0.0,1,8.18,1.04,SPY221230P00353000,353.0,0,0.0,0.0,,0.0,normalDay
2022-11-29,3320.0,726.0,0.0,0,395.23,0.0,1,8.18,0.92,SPY221230P00353000,353.0,0,0.0,0.0,,0.0,normalDay
2022-11-30,3320.0,775.0,0.0,0,407.68,0.0,1,8.18,0.43,SPY221230P00353000,353.0,0,0.0,0.0,,0.0,normalDay
2022-12-01,3320.0,782.0,0.0,0,407.38,0.0,1,8.18,0.36,SPY221230P00353000,353.0,0,0.0,0.0,,0.0,normalDay
2022-12-02,3320.0,786.0,0.0,0,406.91,0.0,1,8.18,0.32,SPY221230P00353000,353.0,0,0.0,0.0,,0.0,normalDay
2022-12-05,3320.0,773.0,0.0,0,399.59,0.0,1,8.18,0.45,SPY221230P00353000,353.0,0,0.0,0.0,,0.0,normalDay
2022-12-06,3320.0,752.0,0.0,0,393.83,0.0,1,8.18,0.66,SPY221230P00353000,353.0,0,0.0,0.0,,0.0,normalDay
2022-12-07,3320.0,751.0,0.0,0,393.16,0.0,1,8.18,0.67,SPY221230P00353000,353.0,0,0.0,0.0,,0.0,normalDay
2022-12-08,3320.0,768.0,0.0,0,396.24,0.0,1,8.18,0.5,SPY221230P00353000,353.0,0,0.0,0.0,,0.0,normalDay
2022-12-09,3320.0,765.0,0.0,0,393.28,0.0,1,8.18,0.53,SPY221230P00353000,353.0,0,0.0,0.0,,0.0,normalDay
2022-12-12,3320.0,777.0,0.0,0,398.95,0.0,1,8.18,0.41,SPY221230P00353000,353.0,0,0.0,0.0,,0.0,normalDay
2022-12-13,3320.0,796.0,0.0,0,401.97,0.0,1,8.18,0.22,SPY221230P00353000,353.0,0,0.0,0.0,,0.0,normalDay
2022-12-14,3320.0,800.0,0.0,0,399.4,0.0,1,8.18,0.18,SPY221230P00353000,353.0,0,0.0,0.0,,0.0,normalDay
2022-12-15,3320.0,784.0,0.0,0,389.63,0.0,1,8.18,0.34,SPY221230P00353000,353.0,0,0.0,0.0,,0.0,normalDay
2022-12-16,3320.0,784.0,0.0,0,383.27,0.0,1,8.18,0.34,SPY221230P00353000,353.0,0,0.0,0.0,,0.0,normalDay
2022-12-19,3320.0,787.0,0.0,0,380.02,0.0,1,8.18,0.31,SPY221230P00353000,353.0,0,0.0,0.0,,0.0,normalDay
2022-12-20,3320.0,798.0,0.0,0,380.54,0.0,1,8.18,0.2,SPY221230P00353000,353.0,0,0.0,0.0,,0.0,normalDay
2022-12-21,3320.0,808.0,0.0,0,386.23,0.0,1,8.18,0.1,SPY221230P00353000,353.0,0,0.0,0.0,,0.0,normalDay
2022-12-22,3320.0,802.0,0.0,0,380.72,0.0,1,8.18,0.16,SPY221230P00353000,353.0,0,0.0,0.0,,0.0,normalDay
2022-12-23,3320.0,811.0,0.0,0,382.91,0.0,1,8.18,0.07,SPY221230P00353000,353.0,0,0.0,0.0,,0.0,normalDay
2022-12-27,3320.0,814.0,0.0,0,381.4,0.0,1,8.18,0.04,SPY221230P00353000,353.0,0,0.0,0.0,,0.0,normalDay
2022-12-28,3320.0,815.0,0.0,0,376.66,0.0,1,8.18,0.03,SPY221230P00353000,353.0,0,0.0,0.0,,0.0,normalDay
2022-12-29,3320.0,816.0,0.0,0,383.44,0.0,1,8.18,0.02,SPY221230P00353000,353.0,0,0.0,0.0,,0.0,normalDay
2022-12-30,4138.0,0.0,818.0,0,382.43,0.0,1,8.18,0.0,SPY221230P00353000,353.0,0,0.0,0.0,,0.0,expirationDay
2023-01-03,4138.0,-7.0,0.0,0,380.82,0.0,1,12.61,12.68,SPY230331P00373000,373.0,0,0.0,0.0,,0.0,normalDay
2023-01-04,4138.0,164.0,0.0,0,383.76,0.0,1,12.61,10.97,SPY230331P00373000,373.0,0,0.0,0.0,,0.0,normalDay
2023-01-05,4138.0,16.0,0.0,0,379.38,0.0,1,12.61,12.45,SPY230331P00373000,373.0,0,0.0,0.0,,0.0,normalDay
2023-01-06,4138.0,336.0,0.0,0,388.08,0.0,1,12.61,9.25,SPY230331P00373000,373.0,0,0.0,0.0,,0.0,normalDay
2023-01-09,4138.0,320.0,0.0,0,387.86,0.0,1,12.61,9.41,SPY230331P00373000,373.0,0,0.0,0.0,,0.0,normalDay
2023-01-10,4138.0,458.0,0.0,0,390.58,0.0,1,12.61,8.03,SPY230331P00373000,373.0,0,0.0,0.0,,0.0,normalDay
2023-01-11,4138.0,566.0,0.0,0,395.52,0.0,1,12.61,6.95,SPY230331P00373000,373.0,0,0.0,0.0,,0.0,normalDay
2023-01-12,4138.0,676.0,0.0,0,396.96,0.0,1,12.61,5.85,SPY230331P00373000,373.0,0,0.0,0.0,,0.0,normalDay
2023-01-13,4138.0,729.0,0.0,0,398.5,0.0,1,12.61,5.32,SPY230331P00373000,373.0,0,0.0,0.0,,0.0,normalDay
2023-01-17,4138.0,730.0,0.0,0,397.77,0.0,1,12.61,5.31,SPY230331P00373000,373.0,0,0.0,0.0,,0.0,normalDay
2023-01-18,4138.0,572.0,0.0,0,391.49,0.0,1,12.61,6.89,SPY230331P00373000,373.0,0,0.0,0.0,,0.0,normalDay
2023-01-19,4138.0,514.0,0.0,0,388.64,0.0,1,12.61,7.47,SPY230331P00373000,373.0,0,0.0,0.0,,0.0,normalDay
2023-01-20,4138.0,699.0,0.0,0,395.88,0.0,1,12.61,5.62,SPY230331P00373000,373.0,0,0.0,0.0,,0.0,normalDay
2023-01-23,4138.0,802.0,0.0,0,400.63,0.0,1,12.61,4.59,SPY230331P00373000,373.0,0,0.0,0.0,,0.0,normalDay
2023-01-24,4138.0,843.0,0.0,0,400.2,0.0,1,12.61,4.18,SPY230331P00373000,373.0,0,0.0,0.0,,0.0,normalDay
2023-01-25,4138.0,833.0,0.0,0,400.35,0.0,1,12.61,4.28,SPY230331P00373000,373.0,0,0.0,0.0,,0.0,normalDay
2023-01-26,4138.0,907.0,0.0,0,404.75,0.0,1,12.61,3.54,SPY230331P00373000,373.0,0,0.0,0.0,,0.0,normalDay
2023-01-27,4138.0,928.0,0.0,0,405.68,0.0,1,12.61,3.33,SPY230331P00373000,373.0,0,0.0,0.0,,0.0,normalDay
2023-01-30,4138.0,857.0,0.0,0,400.59,0.0,1,12.61,4.04,SPY230331P00373000,373.0,0,0.0,0.0,,0.0,normalDay
2023-01-31,4138.0,940.0,0.0,0,406.48,0.0,1,12.61,3.21,SPY230331P00373000,373.0,0,0.0,0.0,,0.0,normalDay
2023-02-01,4138.0,1022.0,0.0,0,410.8,0.0,1,12.61,2.39,SPY230331P00373000,373.0,0,0.0,0.0,,0.0,normalDay
2023-02-02,4138.0,1026.0,0.0,0,416.78,0.0,1,12.61,2.35,SPY230331P00373000,373.0,0,0.0,0.0,,0.0,normalDay
2023-02-03,4138.0,1015.0,0.0,0,412.35,0.0,1,12.61,2.46,SPY230331P00373000,373.0,0,0.0,0.0,,0.0,normalDay
2023-02-06,4138.0,993.0,0.0,0,409.83,0.0,1,12.61,2.68,SPY230331P00373000,373.0,0,0.0,0.0,,0.0,normalDay
2023-02-07,4138.0,1055.0,0.0,0,415.19,0.0,1,12.61,2.06,SPY230331P00373000,373.0,0,0.0,0.0,,0.0,normalDay
2023-02-08,4138.0,1003.0,0.0,0,410.65,0.0,1,12.61,2.58,SPY230331P00373000,373.0,0,0.0,0.0,,0.0,normalDay
2023-02-09,4138.0,953.0,0.0,0,407.09,0.0,1,12.61,3.08,SPY230331P00373000,373.0,0,0.0,0.0,,0.0,normalDay
2023-02-10,4138.0,970.0,0.0,0,408.04,0.0,1,12.61,2.91,SPY230331P00373000,373.0,0,0.0,0.0,,0.0,normalDay
2023-02-13,4138.0,1048.0,0.0,0,412.83,0.0,1,12.61,2.13,SPY230331P00373000,373.0,0,0.0,0.0,,0.0,normalDay
2023-02-14,4138.0,1077.0,0.0,0,412.64,0.0,1,12.61,1.84,SPY230331P00373000,373.0,0,0.0,0.0,,0.0,normalDay
2023-02-15,4138.0,1107.0,0.0,0,413.98,0.0,1,12.61,1.54,SPY230331P00373000,373.0,0,0.0,0.0,,0.0,normalDay
2023-02-16,4138.0,1033.0,0.0,0,408.28,0.0,1,12.61,2.28,SPY230331P00373000,373.0,0,0.0,0.0,,0.0,normalDay
2023-02-17,4138.0,1039.0,0.0,0,407.26,0.0,1,12.61,2.22,SPY230331P00373000,373.0,0,0.0,0.0,,0.0,normalDay
2023-02-21,4138.0,931.0,0.0,0,399.09,0.0,1,12.61,3.3,SPY230331P00373000,373.0,0,0.0,0.0,,0.0,normalDay
2023-02-22,4138.0,948.0,0.0,0,398.54,0.0,1,12.61,3.13,SPY230331P00373000,373.0,0,0.0,0.0,,0.0,normalDay
2023-02-23,4138.0,1006.0,0.0,0,400.66,0.0,1,12.61,2.55,SPY230331P00373000,373.0,0,0.0,0.0,,0.0,normalDay
2023-02-24,4138.0,944.0,0.0,0,396.38,0.0,1,12.61,3.17,SPY230331P00373000,373.0,0,0.0,0.0,,0.0,normalDay
2023-02-27,4138.0,1018.0,0.0,0,397.73,0.0,1,12.61,2.43,SPY230331P00373000,373.0,0,0.0,0.0,,0.0,normalDay
2023-02-28,4138.0,1010.0,0.0,0,396.26,0.0,1,12.61,2.51,SPY230331P00373000,373.0,0,0.0,0.0,,0.0,normalDay
2023-03-01,4138.0,1001.0,0.0,0,394.74,0.0,1,12.61,2.6,SPY230331P00373000,373.0,0,0.0,0.0,,0.0,normalDay
2023-03-02,4138.0,1073.0,0.0,0,397.81,0.0,1,12.61,1.88,SPY230331P00373000,373.0,0,0.0,0.0,,0.0,normalDay
2023-03-03,4138.0,1156.0,0.0,0,404.19,0.0,1,12.61,1.05,SPY230331P00373000,373.0,0,0.0,0.0,,0.0,normalDay
2023-03-06,4138.0,1167.0,0.0,0,404.47,0.0,1,12.61,0.94,SPY230331P00373000,373.0,0,0.0,0.0,,0.0,normalDay
2023-03-07,4138.0,1110.0,0.0,0,398.27,0.0,1,12.61,1.51,SPY230331P00373000,373.0,0,0.0,0.0,,0.0,normalDay
2023-03-08,4138.0,1133.0,0.0,0,398.92,0.0,1,12.61,1.28,SPY230331P00373000,373.0,0,0.0,0.0,,0.0,normalDay
2023-03-09,4138.0,961.0,0.0,0,391.56,0.0,1,12.61,3.0,SPY230331P00373000,373.0,0,0.0,0.0,,0.0,normalDay
2023-03-10,4138.0,811.0,0.0,0,385.91,0.0,1,12.61,4.5,SPY230331P00373000,373.0,0,0.0,0.0,,0.0,normalDay
2023-03-13,4138.0,785.0,0.0,0,385.36,0.0,1,12.61,4.76,SPY230331P00373000,373.0,0,0.0,0.0,,0.0,normalDay
2023-03-14,4138.0,1016.0,0.0,0,391.73,0.0,1,12.61,2.45,SPY230331P00373000,373.0,0,0.0,0.0,,0.0,normalDay
2023-03-15,4138.0,906.0,0.0,0,389.28,0.0,1,12.61,3.55,SPY230331P00373000,373.0,0,0.0,0.0,,0.0,normalDay
2023-03-16,4138.0,1094.0,0.0,0,396.11,0.0,1,12.61,1.67,SPY230331P00373000,373.0,0,0.0,0.0,,0.0,normalDay
2023-03-17,4138.0,1017.0,0.0,0,389.99,0.0,1,12.61,2.44,SPY230331P00373000,373.0,0,0.0,0.0,,0.0,normalDay
2023-03-20,4138.0,1111.0,0.0,0,393.74,0.0,1,12.61,1.5,SPY230331P00373000,373.0,0,0.0,0.0,,0.0,normalDay
2023-03-21,4138.0,1201.0,0.0,0,398.91,0.0,1,12.61,0.6,SPY230331P00373000,373.0,0,0.0,0.0,,0.0,normalDay
2023-03-22,4138.0,1158.0,0.0,0,392.11,0.0,1,12.61,1.03,SPY230331P00373000,373.0,0,0.0,0.0,,0.0,normalDay
2023-03-23,4138.0,1179.0,0.0,0,393.17,0.0,1,12.61,0.82,SPY230331P00373000,373.0,0,0.0,0.0,,0.0,normalDay
2023-03-24,4138.0,1229.0,0.0,0,395.75,0.0,1,12.61,0.32,SPY230331P00373000,373.0,0,0.0,0.0,,0.0,normalDay
2023-03-27,4138.0,1253.0,0.0,0,396.49,0.0,1,12.61,0.08,SPY230331P00373000,373.0,0,0.0,0.0,,0.0,normalDay
2023-03-28,4138.0,1255.0,0.0,0,395.6,0.0,1,12.61,0.06,SPY230331P00373000,373.0,0,0.0,0.0,,0.0,normalDay
2023-03-29,4138.0,1258.0,0.0,0,401.35,0.0,1,12.61,0.03,SPY230331P00373000,373.0,0,0.0,0.0,,0.0,normalDay
2023-03-30,4138.0,1259.0,0.0,0,403.7,0.0,1,12.61,0.02,SPY230331P00373000,373.0,0,0.0,0.0,,0.0,normalDay
2023-03-31,5399.0,0.0,1261.0,0,409.39,0.0,1,12.61,0.0,SPY230331P00373000,373.0,0,0.0,0.0,,0.0,expirationDay
2023-04-03,5399.0,-4.0,0.0,0,410.95,0.0,1,4.79,4.83,SPY230616P00383000,383.0,0,0.0,0.0,,0.0,normalDay
2023-04-04,5399.0,-50.0,0.0,0,408.67,0.0,1,4.79,5.29,SPY230616P00383000,383.0,0,0.0,0.0,,0.0,normalDay
2023-04-05,5399.0,-75.0,0.0,0,407.6,0.0,1,4.79,5.54,SPY230616P00383000,383.0,0,0.0,0.0,,0.0,normalDay
2023-04-06,5399.0,-24.0,0.0,0,409.19,0.0,1,4.79,5.03,SPY230616P00383000,383.0,0,0.0,0.0,,0.0,normalDay
2023-04-10,5399.0,13.0,0.0,0,409.61,0.0,1,4.79,4.66,SPY230616P00383000,383.0,0,0.0,0.0,,0.0,normalDay
2023-04-11,5399.0,23.0,0.0,0,409.72,0.0,1,4.79,4.56,SPY230616P00383000,383.0,0,0.0,0.0,,0.0,normalDay
2023-04-12,5399.0,-3.0,0.0,0,408.05,0.0,1,4.79,4.82,SPY230616P00383000,383.0,0,0.0,0.0,,0.0,normalDay
2023-04-13,5399.0,119.0,0.0,0,413.47,0.0,1,4.79,3.6,SPY230616P00383000,383.0,0,0.0,0.0,,0.0,normalDay
2023-04-14,5399.0,134.0,0.0,0,412.46,0.0,1,4.79,3.45,SPY230616P00383000,383.0,0,0.0,0.0,,0.0,normalDay
2023-04-17,5399.0,183.0,0.0,0,413.94,0.0,1,4.79,2.96,SPY230616P00383000,383.0,0,0.0,0.0,,0.0,normalDay
2023-04-18,5399.0,182.0,0.0,0,414.21,0.0,1,4.79,2.97,SPY230616P00383000,383.0,0,0.0,0.0,,0.0,normalDay
2023-04-19,5399.0,185.0,0.0,0,414.14,0.0,1,4.79,2.94,SPY230616P00383000,383.0,0,0.0,0.0,,0.0,normalDay
2023-04-20,5399.0,149.0,0.0,0,411.88,0.0,1,4.79,3.3,SPY230616P00383000,383.0,0,0.0,0.0,,0.0,normalDay
2023-04-21,5399.0,162.0,0.0,0,412.2,0.0,1,4.79,3.17,SPY230616P00383000,383.0,0,0.0,0.0,,0.0,normalDay
2023-04-24,5399.0,183.0,0.0,0,412.63,0.0,1,4.79,2.96,SPY230616P00383000,383.0,0,0.0,0.0,,0.0,normalDay
2023-04-25,5399.0,65.0,0.0,0,406.08,0.0,1,4.79,4.14,SPY230616P00383000,383.0,0,0.0,0.0,,0.0,normalDay
2023-04-26,5399.0,33.0,0.0,0,404.36,0.0,1,4.79,4.46,SPY230616P00383000,383.0,0,0.0,0.0,,0.0,normalDay
2023-04-27,5399.0,213.0,0.0,0,412.41,0.0,1,4.79,2.66,SPY230616P00383000,383.0,0,0.0,0.0,,0.0,normalDay
2023-04-28,5399.0,269.0,0.0,0,415.93,0.0,1,4.79,2.1,SPY230616P00383000,383.0,0,0.0,0.0,,0.0,normalDay
2023-05-01,5399.0,276.0,0.0,0,415.51,0.0,1,4.79,2.03,SPY230616P00383000,383.0,0,0.0,0.0,,0.0,normalDay
2023-05-02,5399.0,190.0,0.0,0,410.84,0.0,1,4.79,2.89,SPY230616P00383000,383.0,0,0.0,0.0,,0.0,normalDay
2023-05-03,5399.0,154.0,0.0,0,408.02,0.0,1,4.79,3.25,SPY230616P00383000,383.0,0,0.0,0.0,,0.0,normalDay
2023-05-04,5399.0,56.0,0.0,0,405.13,0.0,1,4.79,4.23,SPY230616P00383000,383.0,0,0.0,0.0,,0.0,normalDay
2023-05-05,5399.0,230.0,0.0,0,412.63,0.0,1,4.79,2.49,SPY230616P00383000,383.0,0,0.0,0.0,,0.0,normalDay
2023-05-08,5399.0,254.0,0.0,0,412.74,0.0,1,4.79,2.25,SPY230616P00383000,383.0,0,0.0,0.0,,0.0,normalDay
2023-05-09,5399.0,234.0,0.0,0,410.93,0.0,1,4.79,2.45,SPY230616P00383000,383.0,0,0.0,0.0,,0.0,normalDay
2023-05-10,5399.0,279.0,0.0,0,412.85,0.0,1,4.79,2.0,SPY230616P00383000,383.0,0,0.0,0.0,,0.0,normalDay
2023-05-11,5399.0,281.0,0.0,0,412.13,0.0,1,4.79,1.98,SPY230616P00383000,383.0,0,0.0,0.0,,0.0,normalDay
2023-05-12,5399.0,285.0,0.0,0,411.59,0.0,1,4.79,1.94,SPY230616P00383000,383.0,0,0.0,0.0,,0.0,normalDay
2023-05-15,5399.0,320.0,0.0,0,413.01,0.0,1,4.79,1.59,SPY230616P00383000,383.0,0,0.0,0.0,,0.0,normalDay
2023-05-16,5399.0,293.0,0.0,0,410.25,0.0,1,4.79,1.86,SPY230616P00383000,383.0,0,0.0,0.0,,0.0,normalDay
2023-05-17,5399.0,355.0,0.0,0,415.23,0.0,1,4.79,1.24,SPY230616P00383000,383.0,0,0.0,0.0,,0.0,normalDay
2023-05-18,5399.0,391.0,0.0,0,419.23,0.0,1,4.79,0.88,SPY230616P00383000,383.0,0,0.0,0.0,,0.0,normalDay
2023-05-19,5399.0,381.0,0.0,0,418.62,0.0,1,4.79,0.98,SPY230616P00383000,383.0,0,0.0,0.0,,0.0,normalDay
2023-05-22,5399.0,384.0,0.0,0,418.79,0.0,1,4.79,0.95,SPY230616P00383000,383.0,0,0.0,0.0,,0.0,normalDay
2023-05-23,5399.0,346.0,0.0,0,414.09,0.0,1,4.79,1.33,SPY230616P00383000,383.0,0,0.0,0.0,,0.0,normalDay
2023-05-24,5399.0,309.0,0.0,0,411.09,0.0,1,4.79,1.7,SPY230616P00383000,383.0,0,0.0,0.0,,0.0,normalDay
2023-05-25,5399.0,354.0,0.0,0,414.65,0.0,1,4.79,1.25,SPY230616P00383000,383.0,0,0.0,0.0,,0.0,normalDay
2023-05-26,5399.0,396.0,0.0,0,420.02,0.0,1,4.79,0.83,SPY230616P00383000,383.0,0,0.0,0.0,,0.0,normalDay
2023-05-30,5399.0,428.0,0.0,0,420.18,0.0,1,4.79,0.51,SPY230616P00383000,383.0,0,0.0,0.0,,0.0,normalDay
2023-05-31,5399.0,426.0,0.0,0,417.85,0.0,1,4.79,0.53,SPY230616P00383000,383.0,0,0.0,0.0,,0.0,normalDay
2023-06-01,5399.0,449.0,0.0,0,421.82,0.0,1,4.79,0.3,SPY230616P00383000,383.0,0,0.0,0.0,,0.0,normalDay
2023-06-02,5399.0,463.0,0.0,0,427.92,0.0,1,4.79,0.16,SPY230616P00383000,383.0,0,0.0,0.0,,0.0,normalDay
2023-06-05,5399.0,466.0,0.0,0,427.1,0.0,1,4.79,0.13,SPY230616P00383000,383.0,0,0.0,0.0,,0.0,normalDay
2023-06-06,5399.0,468.0,0.0,0,428.03,0.0,1,4.79,0.11,SPY230616P00383000,383.0,0,0.0,0.0,,0.0,normalDay
2023-06-07,5399.0,468.0,0.0,0,426.55,0.0,1,4.79,0.11,SPY230616P00383000,383.0,0,0.0,0.0,,0.0,normalDay
2023-06-08,5399.0,468.0,0.0,0,429.13,0.0,1,4.79,0.11,SPY230616P00383000,383.0,0,0.0,0.0,,0.0,normalDay
2023-06-09,5399.0,472.0,0.0,0,429.9,0.0,1,4.79,0.07,SPY230616P00383000,383.0,0,0.0,0.0,,0.0,normalDay
2023-06-12,5399.0,473.0,0.0,0,433.8,0.0,1,4.79,0.06,SPY230616P00383000,383.0,0,0.0,0.0,,0.0,normalDay
2023-06-13,5399.0,474.0,0.0,0,436.66,0.0,1,4.79,0.05,SPY230616P00383000,383.0,0,0.0,0.0,,0.0,normalDay
2023-06-14,5399.0,476.0,0.0,0,437.18,0.0,1,4.79,0.03,SPY230616P00383000,383.0,0,0.0,0.0,,0.0,normalDay
2023-06-15,5399.0,477.0,0.0,0,442.6,0.0,1,4.79,0.02,SPY230616P00383000,383.0,0,0.0,0.0,,0.0,normalDay
2023-06-16,5878.0,0.0,479.0,0,439.46,0.0,1,4.79,0.0,SPY230616P00383000,383.0,0,0.0,0.0,,0.0,expirationDay
2023-06-20,5878.0,-7.0,0.0,0,437.18,0.0,1,3.94,4.01,SPY230915P00409000,409.0,0,0.0,0.0,,0.0,normalDay
2023-06-21,5878.0,-10.0,0.0,0,434.94,0.0,1,3.94,4.04,SPY230915P00409000,409.0,0,0.0,0.0,,0.0,normalDay
2023-06-22,5878.0,23.0,0.0,0,436.51,0.0,1,3.94,3.71,SPY230915P00409000,409.0,0,0.0,0.0,,0.0,normalDay
2023-06-23,5878.0,-24.0,0.0,0,433.21,0.0,1,3.94,4.18,SPY230915P00409000,409.0,0,0.0,0.0,,0.0,normalDay
2023-06-26,5878.0,-36.0,0.0,0,431.44,0.0,1,3.94,4.3,SPY230915P00409000,409.0,0,0.0,0.0,,0.0,normalDay
2023-06-27,5878.0,51.0,0.0,0,436.17,0.0,1,3.94,3.43,SPY230915P00409000,409.0,0,0.0,0.0,,0.0,normalDay
2023-06-28,5878.0,86.0,0.0,0,436.39,0.0,1,3.94,3.08,SPY230915P00409000,409.0,0,0.0,0.0,,0.0,normalDay
2023-06-29,5878.0,92.0,0.0,0,438.11,0.0,1,3.94,3.02,SPY230915P00409000,409.0,0,0.0,0.0,,0.0,normalDay
2023-06-30,5878.0,145.0,0.0,0,443.28,0.0,1,3.94,2.49,SPY230915P00409000,409.0,0,0.0,0.0,,0.0,normalDay
2023-07-03,5878.0,156.0,0.0,0,443.79,0.0,1,3.94,2.38,SPY230915P00409000,409.0,0,0.0,0.0,,0.0,normalDay
2023-07-05,5878.0,142.0,0.0,0,443.13,0.0,1,3.94,2.52,SPY230915P00409000,409.0,0,0.0,0.0,,0.0,normalDay
2023-07-06,5878.0,82.0,0.0,0,439.66,0.0,1,3.94,3.12,SPY230915P00409000,409.0,0,0.0,0.0,,0.0,normalDay
2023-07-07,5878.0,94.0,0.0,0,438.55,0.0,1,3.94,3.0,SPY230915P00409000,409.0,0,0.0,0.0,,0.0,normalDay
2023-07-10,5878.0,111.0,0.0,0,439.66,0.0,1,3.94,2.83,SPY230915P00409000,409.0,0,0.0,0.0,,0.0,normalDay
2023-07-11,5878.0,147.0,0.0,0,442.46,0.0,1,3.94,2.47,SPY230915P00409000,409.0,0,0.0,0.0,,0.0,normalDay
2023-07-12,5878.0,206.0,0.0,0,446.02,0.0,1,3.94,1.88,SPY230915P00409000,409.0,0,0.0,0.0,,0.0,normalDay
2023-07-13,5878.0,223.0,0.0,0,449.56,0.0,1,3.94,1.71,SPY230915P00409000,409.0,0,0.0,0.0,,0.0,normalDay
2023-07-14,5878.0,230.0,0.0,0,449.28,0.0,1,3.94,1.64,SPY230915P00409000,409.0,0,0.0,0.0,,0.0,normalDay
2023-07-17,5878.0,244.0,0.0,0,450.84,0.0,1,3.94,1.5,SPY230915P00409000,409.0,0,0.0,0.0,,0.0,normalDay
2023-07-18,5878.0,270.0,0.0,0,454.19,0.0,1,3.94,1.24,SPY230915P00409000,409.0,0,0.0,0.0,,0.0,normalDay
2023-07-19,5878.0,264.0,0.0,0,455.2,0.0,1,3.94,1.3,SPY230915P00409000,409.0,0,0.0,0.0,,0.0,normalDay
2023-07-20,5878.0,254.0,0.0,0,452.18,0.0,1,3.94,1.4,SPY230915P00409000,409.0,0,0.0,0.0,,0.0,normalDay
2023-07-21,5878.0,260.0,0.0,0,452.18,0.0,1,3.94,1.34,SPY230915P00409000,409.0,0,0.0,0.0,,0.0,normalDay
2023-07-24,5878.0,276.0,0.0,0,454.2,0.0,1,3.94,1.18,SPY230915P00409000,409.0,0,0.0,0.0,,0.0,normalDay
2023-07-25,5878.0,283.0,0.0,0,455.44,0.0,1,3.94,1.11,SPY230915P00409000,409.0,0,0.0,0.0,,0.0,normalDay
2023-07-26,5878.0,299.0,0.0,0,455.51,0.0,1,3.94,0.95,SPY230915P00409000,409.0,0,0.0,0.0,,0.0,normalDay
2023-07-27,5878.0,269.0,0.0,0,452.49,0.0,1,3.94,1.25,SPY230915P00409000,409.0,0,0.0,0.0,,0.0,normalDay
2023-07-28,5878.0,306.0,0.0,0,456.92,0.0,1,3.94,0.88,SPY230915P00409000,409.0,0,0.0,0.0,,0.0,normalDay
2023-07-31,5878.0,315.0,0.0,0,457.79,0.0,1,3.94,0.79,SPY230915P00409000,409.0,0,0.0,0.0,,0.0,normalDay
2023-08-01,5878.0,312.0,0.0,0,456.48,0.0,1,3.94,0.82,SPY230915P00409000,409.0,0,0.0,0.0,,0.0,normalDay
2023-08-02,5878.0,258.0,0.0,0,450.13,0.0,1,3.94,1.36,SPY230915P00409000,409.0,0,0.0,0.0,,0.0,normalDay
2023-08-03,5878.0,262.0,0.0,0,448.84,0.0,1,3.94,1.32,SPY230915P00409000,409.0,0,0.0,0.0,,0.0,normalDay
2023-08-04,5878.0,226.0,0.0,0,446.81,0.0,1,3.94,1.68,SPY230915P00409000,409.0,0,0.0,0.0,,0.0,normalDay
2023-08-07,5878.0,281.0,0.0,0,450.71,0.0,1,3.94,1.13,SPY230915P00409000,409.0,0,0.0,0.0,,0.0,normalDay
2023-08-08,5878.0,271.0,0.0,0,448.75,0.0,1,3.94,1.23,SPY230915P00409000,409.0,0,0.0,0.0,,0.0,normalDay
2023-08-09,5878.0,267.0,0.0,0,445.75,0.0,1,3.94,1.27,SPY230915P00409000,409.0,0,0.0,0.0,,0.0,normalDay
2023-08-10,5878.0,272.0,0.0,0,445.91,0.0,1,3.94,1.22,SPY230915P00409000,409.0,0,0.0,0.0,,0.0,normalDay
2023-08-11,5878.0,291.0,0.0,0,445.65,0.0,1,3.94,1.03,SPY230915P00409000,409.0,0,0.0,0.0,,0.0,normalDay
2023-08-14,5878.0,316.0,0.0,0,448.11,0.0,1,3.94,0.78,SPY230915P00409000,409.0,0,0.0,0.0,,0.0,normalDay
2023-08-15,5878.0,279.0,0.0,0,442.89,0.0,1,3.94,1.15,SPY230915P00409000,409.0,0,0.0,0.0,,0.0,normalDay
2023-08-16,5878.0,262.0,0.0,0,439.64,0.0,1,3.94,1.32,SPY230915P00409000,409.0,0,0.0,0.0,,0.0,normalDay
2023-08-17,5878.0,222.0,0.0,0,436.29,0.0,1,3.94,1.72,SPY230915P00409000,409.0,0,0.0,0.0,,0.0,normalDay
2023-08-18,5878.0,253.0,0.0,0,436.5,0.0,1,3.94,1.41,SPY230915P00409000,409.0,0,0.0,0.0,,0.0,normalDay
2023-08-21,5878.0,290.0,0.0,0,439.34,0.0,1,3.94,1.04,SPY230915P00409000,409.0,0,0.0,0.0,,0.0,normalDay
2023-08-22,5878.0,297.0,0.0,0,438.15,0.0,1,3.94,0.97,SPY230915P00409000,409.0,0,0.0,0.0,,0.0,normalDay
2023-08-23,5878.0,334.0,0.0,0,443.03,0.0,1,3.94,0.6,SPY230915P00409000,409.0,0,0.0,0.0,,0.0,normalDay
2023-08-24,5878.0,301.0,0.0,0,436.89,0.0,1,3.94,0.93,SPY230915P00409000,409.0,0,0.0,0.0,,0.0,normalDay
2023-08-25,5878.0,338.0,0.0,0,439.97,0.0,1,3.94,0.56,SPY230915P00409000,409.0,0,0.0,0.0,,0.0,normalDay
2023-08-28,5878.0,361.0,0.0,0,442.76,0.0,1,3.94,0.33,SPY230915P00409000,409.0,0,0.0,0.0,,0.0,normalDay
2023-08-29,5878.0,372.0,0.0,0,449.16,0.0,1,3.94,0.22,SPY230915P00409000,409.0,0,0.0,0.0,,0.0,normalDay
2023-08-30,5878.0,375.0,0.0,0,451.01,0.0,1,3.94,0.19,SPY230915P00409000,409.0,0,0.0,0.0,,0.0,normalDay
2023-08-31,5878.0,377.0,0.0,0,450.35,0.0,1,3.94,0.17,SPY230915P00409000,409.0,0,0.0,0.0,,0.0,normalDay
2023-09-01,5878.0,381.0,0.0,0,451.19,0.0,1,3.94,0.13,SPY230915P00409000,409.0,0,0.0,0.0,,0.0,normalDay
2023-09-05,5878.0,382.0,0.0,0,449.24,0.0,1,3.94,0.12,SPY230915P00409000,409.0,0,0.0,0.0,,0.0,normalDay
2023-09-06,5878.0,383.0,0.0,0,446.22,0.0,1,3.94,0.11,SPY230915P00409000,409.0,0,0.0,0.0,,0.0,normalDay
2023-09-07,5878.0,386.0,0.0,0,444.85,0.0,1,3.94,0.08,SPY230915P00409000,409.0,0,0.0,0.0,,0.0,normalDay
2023-09-08,5878.0,388.0,0.0,0,445.52,0.0,1,3.94,0.06,SPY230915P00409000,409.0,0,0.0,0.0,,0.0,normalDay
2023-09-11,5878.0,390.0,0.0,0,448.45,0.0,1,3.94,0.04,SPY230915P00409000,409.0,0,0.0,0.0,,0.0,normalDay
2023-09-12,5878.0,390.0,0.0,0,445.99,0.0,1,3.94,0.04,SPY230915P00409000,409.0,0,0.0,0.0,,0.0,normalDay
2023-09-13,5878.0,391.0,0.0,0,446.51,0.0,1,3.94,0.03,SPY230915P00409000,409.0,0,0.0,0.0,,0.0,normalDay
2023-09-14,5878.0,392.0,0.0,0,450.36,0.0,1,3.94,0.02,SPY230915P00409000,409.0,0,0.0,0.0,,0.0,normalDay
2023-09-15,6272.0,0.0,394.0,0,443.37,0.0,1,3.94,0.0,SPY230915P00409000,409.0,0,0.0,0.0,,0.0,expirationDay
2023-09-18,6272.0,-4.0,0.0,0,443.63,0.0,1,5.57,5.61,SPY231117P00437000,437.0,0,0.0,0.0,,0.0,normalDay
2023-09-19,6272.0,-25.0,0.0,0,442.71,0.0,1,5.57,5.82,SPY231117P00437000,437.0,0,0.0,0.0,,0.0,normalDay
2023-09-20,6272.0,-203.0,0.0,0,438.64,0.0,1,5.57,7.6,SPY231117P00437000,437.0,0,0.0,0.0,,0.0,normalDay
2023-09-21,6272.0,-578.0,0.0,0,431.39,0.0,1,5.57,11.35,SPY231117P00437000,437.0,0,0.0,0.0,,0.0,normalDay
2023-09-22,6272.0,-610.0,0.0,0,430.42,0.0,1,5.57,11.67,SPY231117P00437000,437.0,0,0.0,0.0,,0.0,normalDay
2023-09-25,6272.0,-499.0,0.0,0,432.23,0.0,1,5.57,10.56,SPY231117P00437000,437.0,0,0.0,0.0,,0.0,normalDay
2023-09-26,6272.0,-893.0,0.0,0,425.88,0.0,1,5.57,14.5,SPY231117P00437000,437.0,0,0.0,0.0,,0.0,normalDay
2023-09-27,6272.0,-853.0,0.0,0,426.05,0.0,1,5.57,14.1,SPY231117P00437000,437.0,0,0.0,0.0,,0.0,normalDay
2023-09-28,6272.0,-704.0,0.0,0,428.52,0.0,1,5.57,12.61,SPY231117P00437000,437.0,0,0.0,0.0,,0.0,normalDay
2023-09-29,6272.0,-749.0,0.0,0,427.48,0.0,1,5.57,13.06,SPY231117P00437000,437.0,0,0.0,0.0,,0.0,normalDay
2023-10-02,6272.0,-739.0,0.0,0,427.31,0.0,1,5.57,12.96,SPY231117P00437000,437.0,0,0.0,0.0,,0.0,normalDay
2023-10-03,6272.0,-1163.0,0.0,0,421.59,0.0,1,5.57,17.2,SPY231117P00437000,437.0,0,0.0,0.0,,0.0,normalDay
2023-10-04,6272.0,-952.0,0.0,0,424.66,0.0,1,5.57,15.09,SPY231117P00437000,437.0,0,0.0,0.0,,0.0,normalDay
2023-10-05,6272.0,-969.0,0.0,0,424.5,0.0,1,5.57,15.26,SPY231117P00437000,437.0,0,0.0,0.0,,0.0,normalDay
2023-10-06,6272.0,-578.0,0.0,0,429.54,0.0,1,5.57,11.35,SPY231117P00437000,437.0,0,0.0,0.0,,0.0,normalDay
2023-10-09,6272.0,-420.0,0.0,0,432.29,0.0,1,5.57,9.77,SPY231117P00437000,437.0,0,0.0,0.0,,0.0,normalDay
2023-10-10,6272.0,-289.0,0.0,0,434.54,0.0,1,5.57,8.46,SPY231117P00437000,437.0,0,0.0,0.0,,0.0,normalDay
2023-10-11,6272.0,-138.0,0.0,0,436.32,0.0,1,5.57,6.95,SPY231117P00437000,437.0,0,0.0,0.0,,0.0,normalDay
2023-10-12,6272.0,-275.0,0.0,0,433.66,0.0,1,5.57,8.32,SPY231117P00437000,437.0,0,0.0,0.0,,0.0,normalDay
2023-10-13,6272.0,-480.0,0.0,0,431.5,0.0,1,5.57,10.37,SPY231117P00437000,437.0,0,0.0,0.0,,0.0,normalDay
2023-10-16,6272.0,-156.0,0.0,0,436.04,0.0,1,5.57,7.13,SPY231117P00437000,437.0,0,0.0,0.0,,0.0,normalDay
2023-10-17,6272.0,-186.0,0.0,0,436.02,0.0,1,5.57,7.43,SPY231117P00437000,437.0,0,0.0,0.0,,0.0,normalDay
2023-10-18,6272.0,-468.0,0.0,0,430.21,0.0,1,5.57,10.25,SPY231117P00437000,437.0,0,0.0,0.0,,0.0,normalDay
2023-10-19,6272.0,-824.0,0.0,0,426.43,0.0,1,5.57,13.81,SPY231117P00437000,437.0,0,0.0,0.0,,0.0,normalDay
2023-10-20,6272.0,-1132.0,0.0,0,421.19,0.0,1,5.57,16.89,SPY231117P00437000,437.0,0,0.0,0.0,,0.0,normalDay
2023-10-23,6272.0,-1096.0,0.0,0,420.46,0.0,1,5.57,16.53,SPY231117P00437000,437.0,0,0.0,0.0,,0.0,normalDay
2023-10-24,6272.0,-855.0,0.0,0,423.63,0.0,1,5.57,14.12,SPY231117P00437000,437.0,0,0.0,0.0,,0.0,normalDay
2023-10-25,6272.0,-1464.0,0.0,0,417.55,0.0,1,5.57,20.21,SPY231117P00437000,437.0,0,0.0,0.0,,0.0,normalDay
2023-10-26,6272.0,-1939.0,0.0,0,412.55,0.0,1,5.57,24.96,SPY231117P00437000,437.0,0,0.0,0.0,,0.0,normalDay
2023-10-27,6272.0,-2124.0,0.0,0,410.68,0.0,1,5.57,26.81,SPY231117P00437000,437.0,0,0.0,0.0,,0.0,normalDay
2023-10-30,6272.0,-1622.0,0.0,0,415.59,0.0,1,5.57,21.79,SPY231117P00437000,437.0,0,0.0,0.0,,0.0,normalDay
2023-10-31,6272.0,-1372.0,0.0,0,418.2,0.0,1,5.57,19.29,SPY231117P00437000,437.0,0,0.0,0.0,,0.0,normalDay
2023-11-01,6272.0,-903.0,0.0,0,422.66,0.0,1,5.57,14.6,SPY231117P00437000,437.0,0,0.0,0.0,,0.0,normalDay
2023-11-02,6272.0,-244.0,0.0,0,430.76,0.0,1,5.57,8.01,SPY231117P00437000,437.0,0,0.0,0.0,,0.0,normalDay
2023-11-03,6272.0,72.0,0.0,0,434.69,0.0,1,5.57,4.85,SPY231117P00437000,437.0,0,0.0,0.0,,0.0,normalDay
2023-11-06,6272.0,132.0,0.0,0,435.69,0.0,1,5.57,4.25,SPY231117P00437000,437.0,0,0.0,0.0,,0.0,normalDay
2023-11-07,6272.0,215.0,0.0,0,436.93,0.0,1,5.57,3.42,SPY231117P00437000,437.0,0,0.0,0.0,,0.0,normalDay
2023-11-08,6272.0,246.0,0.0,0,437.25,0.0,1,5.57,3.11,SPY231117P00437000,437.0,0,0.0,0.0,,0.0,normalDay
2023-11-09,6272.0,80.0,0.0,0,433.84,0.0,1,5.57,4.77,SPY231117P00437000,437.0,0,0.0,0.0,,0.0,normalDay
2023-11-10,6272.0,423.0,0.0,0,440.61,0.0,1,5.57,1.34,SPY231117P00437000,437.0,0,0.0,0.0,,0.0,normalDay
2023-11-13,6272.0,419.0,0.0,0,440.19,0.0,1,5.57,1.38,SPY231117P00437000,437.0,0,0.0,0.0,,0.0,normalDay
2023-11-14,6272.0,540.0,0.0,0,448.73,0.0,1,5.57,0.17,SPY231117P00437000,437.0,0,0.0,0.0,,0.0,normalDay
2023-11-15,6272.0,550.0,0.0,0,449.68,0.0,1,5.57,0.07,SPY231117P00437000,437.0,0,0.0,0.0,,0.0,normalDay
2023-11-16,6272.0,554.0,0.0,0,450.23,0.0,1,5.57,0.03,SPY231117P00437000,437.0,0,0.0,0.0,,0.0,normalDay
2023-11-17,6829.0,0.0,557.0,0,450.79,0.0,1,5.57,0.0,SPY231117P00437000,437.0,0,0.0,0.0,,0.0,expirationDay
2023-11-20,6829.0,-4.0,0.0,0,454.26,0.0,1,1.4,1.44,SPY240131P00407000,407.0,0,0.0,0.0,,0.0,normalDay
2023-11-21,6829.0,-1.0,0.0,0,453.27,0.0,1,1.4,1.41,SPY240131P00407000,407.0,0,0.0,0.0,,0.0,normalDay
2023-11-22,6829.0,9.0,0.0,0,455.02,0.0,1,1.4,1.31,SPY240131P00407000,407.0,0,0.0,0.0,,0.0,normalDay
2023-11-24,6829.0,23.0,0.0,0,455.3,0.0,1,1.4,1.17,SPY240131P00407000,407.0,0,0.0,0.0,,0.0,normalDay
2023-11-27,6829.0,23.0,0.0,0,454.48,0.0,1,1.4,1.17,SPY240131P00407000,407.0,0,0.0,0.0,,0.0,normalDay
2023-11-28,6829.0,29.0,0.0,0,454.93,0.0,1,1.4,1.11,SPY240131P00407000,407.0,0,0.0,0.0,,0.0,normalDay
2023-11-29,6829.0,27.0,0.0,0,454.61,0.0,1,1.4,1.13,SPY240131P00407000,407.0,0,0.0,0.0,,0.0,normalDay
2023-11-30,6829.0,34.0,0.0,0,456.4,0.0,1,1.4,1.06,SPY240131P00407000,407.0,0,0.0,0.0,,0.0,normalDay
