date,totalCapital,unrializedPnL,rializedPnL,stocksOwned,stocksPriceToday,stocksPriceBoughtAt,putOwned,putOwnedSoldAt,putPriceToday,putOwnedContract,putOwnedStrike,callOwned,callOwnedSoldAt,callPriceToday,callOwnedContract,callOwnedStrike,trackType
2018-11-01,0.0,-3.0,0.0,0,273.51,0.0,1,0.01,0.04,SPY181102P00262000,262.0,0,0.0,0.0,,0.0,normalDay
2018-11-02,1.0,0.0,1.0,0,271.89,0.0,1,0.01,0.0,SPY181102P00262000,262.0,0,0.0,0.0,,0.0,expirationDay
2018-11-05,1.0,-3.0,0.0,0,273.39,0.0,1,0.18,0.21,SPY181107P00263500,263.5,0,0.0,0.0,,0.0,normalDay
2018-11-06,1.0,9.0,0.0,0,275.12,0.0,1,0.18,0.09,SPY181107P00263500,263.5,0,0.0,0.0,,0.0,normalDay
2018-11-07,19.0,0.0,18.0,0,281.01,0.0,1,0.18,0.0,SPY181107P00263500,263.5,0,0.0,0.0,,0.0,expirationDay
2018-11-08,19.0,0.0,0.0,0,280.5,0.0,0,0.0,0.0,,0.0,0,0.0,0.0,,0.0,bidTooLow
2018-11-09,19.0,0.0,0.0,0,277.76,0.0,0,0.0,0.0,,0.0,0,0.0,0.0,,0.0,bidTooLow
2018-11-12,19.0,-4.0,0.0,0,272.57,0.0,1,0.2,0.24,SPY181114P00264000,264.0,0,0.0,0.0,,0.0,normalDay
2018-11-13,19.0,14.0,0.0,0,272.06,0.0,1,0.2,0.06,SPY181114P00264000,264.0,0,0.0,0.0,,0.0,normalDay
2018-11-14,39.0,0.0,20.0,0,270.2,0.0,1,0.2,0.0,SPY181114P00264000,264.0,0,0.0,0.0,,0.0,expirationDay
2018-11-15,39.0,-3.0,0.0,0,273.02,0.0,1,0.03,0.06,SPY181116P00264000,264.0,0,0.0,0.0,,0.0,normalDay
2018-11-16,42.0,0.0,3.0,0,273.73,0.0,1,0.03,0.0,SPY181116P00264000,264.0,0,0.0,0.0,,0.0,expirationDay
2018-11-19,42.0,-5.0,0.0,0,269.1,0.0,1,0.37,0.42,SPY181121P00264000,264.0,0,0.0,0.0,,0.0,normalDay
2018-11-20,42.0,-116.0,0.0,0,264.12,0.0,1,0.37,1.53,SPY181121P00264000,264.0,0,0.0,0.0,,0.0,normalDay
2018-11-21,79.0,0.0,37.0,0,265.02,0.0,1,0.37,0.0,SPY181121P00264000,264.0,0,0.0,0.0,,0.0,expirationDay
2018-11-23,79.0,-6.0,0.0,0,263.25,0.0,1,1.06,1.12,SPY181126P00262000,262.0,0,0.0,0.0,,0.0,normalDay
2018-11-26,185.0,0.0,106.0,0,267.5,0.0,1,1.06,0.0,SPY181126P00262000,262.0,0,0.0,0.0,,0.0,expirationDay
2018-11-27,185.0,-3.0,0.0,0,268.4,0.0,1,0.42,0.45,SPY181130P00262500,262.5,0,0.0,0.0,,0.0,normalDay
2018-11-28,185.0,37.0,0.0,0,274.58,0.0,1,0.42,0.05,SPY181130P00262500,262.5,0,0.0,0.0,,0.0,normalDay
2018-11-29,185.0,40.0,0.0,0,273.98,0.0,1,0.42,0.02,SPY181130P00262500,262.5,0,0.0,0.0,,0.0,normalDay
2018-11-30,227.0,0.0,42.0,0,275.65,0.0,1,0.42,0.0,SPY181130P00262500,262.5,0,0.0,0.0,,0.0,expirationDay
2018-12-03,227.0,0.0,0.0,0,279.3,0.0,0,0.0,0.0,,0.0,0,0.0,0.0,,0.0,bidTooLow
2018-12-04,227.0,-6.0,0.0,0,270.25,0.0,1,0.56,0.62,SPY181207P00263000,263.0,0,0.0,0.0,,0.0,normalDay
2018-12-06,227.0,42.0,0.0,0,269.84,0.0,1,0.56,0.14,SPY181207P00263000,263.0,0,0.0,0.0,,0.0,normalDay
2018-12-07,283.0,0.0,56.0,0,263.57,0.0,1,0.56,0.0,SPY181207P00263000,263.0,0,0.0,0.0,,0.0,expirationDay
2018-12-10,283.0,-6.0,0.0,0,264.07,0.0,1,1.17,1.23,SPY181212P00262000,262.0,0,0.0,0.0,,0.0,normalDay
2018-12-11,283.0,39.0,0.0,0,264.13,0.0,1,1.17,0.78,SPY181212P00262000,262.0,0,0.0,0.0,,0.0,normalDay
2018-12-12,400.0,0.0,117.0,0,265.46,0.0,1,1.17,0.0,SPY181212P00262000,262.0,0,0.0,0.0,,0.0,expirationDay
2018-12-13,400.0,-4.0,0.0,0,265.37,0.0,1,0.17,0.21,SPY181214P00260500,260.5,0,0.0,0.0,,0.0,normalDay
2018-12-14,417.0,-3.0,17.0,100,260.47,260.5,1,0.17,0.0,SPY181214P00260500,260.5,0,0.0,0.0,,0.0,expirationDay
2018-12-17,417.0,-514.0,0.0,100,255.36,260.5,0,0.0,0.0,,0.0,0,0.0,0.0,,0.0,bidTooLow
2018-12-18,417.0,-542.0,0.0,100,255.08,260.5,0,0.0,0.0,,0.0,0,0.0,0.0,,0.0,bidTooLow
2018-12-19,417.0,-924.0,0.0,100,251.26,260.5,0,0.0,0.0,,0.0,0,0.0,0.0,,0.0,bidTooLow
2018-12-20,417.0,-1333.0,0.0,100,247.17,260.5,0,0.0,0.0,,0.0,0,0.0,0.0,,0.0,bidTooLow
2018-12-21,417.0,-1980.0,0.0,100,240.7,260.5,0,0.0,0.0,,0.0,0,0.0,0.0,,0.0,bidTooLow
2018-12-24,417.0,-2616.0,0.0,100,234.34,260.5,0,0.0,0.0,,0.0,0,0.0,0.0,,0.0,bidTooLow
2018-12-26,417.0,-1432.0,0.0,100,246.18,260.5,0,0.0,0.0,,0.0,0,0.0,0.0,,0.0,bidTooLow
2018-12-27,417.0,-1243.0,0.0,100,248.07,260.5,0,0.0,0.0,,0.0,0,0.0,0.0,,0.0,bidTooLow
2018-12-28,417.0,-1275.0,0.0,100,247.75,260.5,0,0.0,0.0,,0.0,0,0.0,0.0,,0.0,bidTooLow
2018-12-31,417.0,-1058.0,0.0,100,249.92,260.5,0,0.0,0.0,,0.0,0,0.0,0.0,,0.0,bidTooLow
2019-01-02,417.0,-1032.0,0.0,100,250.18,260.5,0,0.0,0.0,,0.0,0,0.0,0.0,,0.0,bidTooLow
2019-01-03,417.0,-1629.0,0.0,100,244.21,260.5,0,0.0,0.0,,0.0,0,0.0,0.0,,0.0,bidTooLow
2019-01-04,417.0,-811.0,0.0,100,252.39,260.5,0,0.0,0.0,,0.0,0,0.0,0.0,,0.0,bidTooLow
2019-01-07,417.0,-612.0,0.0,100,254.38,260.5,0,0.0,0.0,,0.0,0,0.0,0.0,,0.0,bidTooLow
2019-01-08,417.0,-373.0,0.0,100,256.77,260.5,0,0.0,0.0,,0.0,0,0.0,0.0,,0.0,bidTooLow
2019-01-09,417.0,-256.0,0.0,100,257.97,260.5,0,0.0,0.0,,0.0,1,0.05,0.08,SPY190128C00275000,275.0,normalDay
2019-01-10,417.0,-165.0,0.0,100,258.88,260.5,0,0.0,0.0,,0.0,1,0.05,0.08,SPY190128C00275000,275.0,normalDay
2019-01-11,417.0,-152.0,0.0,100,258.98,260.5,0,0.0,0.0,,0.0,1,0.05,0.05,SPY190128C00275000,275.0,normalDay
2019-01-14,417.0,-309.0,0.0,100,257.4,260.5,0,0.0,0.0,,0.0,1,0.05,0.04,SPY190128C00275000,275.0,normalDay
2019-01-15,417.0,-15.0,0.0,100,260.35,260.5,0,0.0,0.0,,0.0,1,0.05,0.05,SPY190128C00275000,275.0,normalDay
2019-01-16,417.0,47.0,0.0,100,260.98,260.5,0,0.0,0.0,,0.0,1,0.05,0.06,SPY190128C00275000,275.0,normalDay
2019-01-17,417.0,244.0,0.0,100,262.96,260.5,0,0.0,0.0,,0.0,1,0.05,0.07,SPY190128C00275000,275.0,normalDay
2019-01-18,417.0,584.0,0.0,100,266.46,260.5,0,0.0,0.0,,0.0,1,0.05,0.17,SPY190128C00275000,275.0,normalDay
2019-01-22,417.0,238.0,0.0,100,262.86,260.5,0,0.0,0.0,,0.0,1,0.05,0.03,SPY190128C00275000,275.0,normalDay
2019-01-23,417.0,295.0,0.0,100,263.41,260.5,0,0.0,0.0,,0.0,1,0.05,0.01,SPY190128C00275000,275.0,normalDay
2019-01-24,417.0,309.0,0.0,100,263.55,260.5,0,0.0,0.0,,0.0,1,0.05,0.01,SPY190128C00275000,275.0,normalDay
2019-01-25,417.0,532.0,0.0,100,265.78,260.5,0,0.0,0.0,,0.0,1,0.05,0.01,SPY190128C00275000,275.0,normalDay
2019-01-28,422.0,326.0,5.0,100,263.76,260.5,0,0.0,0.0,,0.0,1,0.05,0.0,SPY190128C00275000,275.0,expirationDay
2019-01-29,422.0,288.0,0.0,100,263.41,260.5,0,0.0,0.0,,0.0,1,0.06,0.09,SPY190215C00280000,280.0,normalDay
2019-01-30,422.0,696.0,0.0,100,267.58,260.5,0,0.0,0.0,,0.0,1,0.06,0.18,SPY190215C00280000,280.0,normalDay
2019-01-31,422.0,918.0,0.0,100,269.93,260.5,0,0.0,0.0,,0.0,1,0.06,0.31,SPY190215C00280000,280.0,normalDay
2019-02-01,422.0,943.0,0.0,100,270.06,260.5,0,0.0,0.0,,0.0,1,0.06,0.19,SPY190215C00280000,280.0,normalDay
2019-02-04,422.0,1131.0,0.0,100,271.96,260.5,0,0.0,0.0,,0.0,1,0.06,0.21,SPY190215C00280000,280.0,normalDay
2019-02-05,422.0,1242.0,0.0,100,273.1,260.5,0,0.0,0.0,,0.0,1,0.06,0.24,SPY190215C00280000,280.0,normalDay
2019-02-06,422.0,1216.0,0.0,100,272.74,260.5,0,0.0,0.0,,0.0,1,0.06,0.14,SPY190215C00280000,280.0,normalDay
2019-02-07,422.0,967.0,0.0,100,270.14,260.5,0,0.0,0.0,,0.0,1,0.06,0.03,SPY190215C00280000,280.0,normalDay
2019-02-08,422.0,1001.0,0.0,100,270.47,260.5,0,0.0,0.0,,0.0,1,0.06,0.02,SPY190215C00280000,280.0,normalDay
2019-02-11,422.0,1016.0,0.0,100,270.62,260.5,0,0.0,0.0,,0.0,1,0.06,0.02,SPY190215C00280000,280.0,normalDay
2019-02-12,422.0,1361.0,0.0,100,274.1,260.5,0,0.0,0.0,,0.0,1,0.06,0.05,SPY190215C00280000,280.0,normalDay
2019-02-13,422.0,1450.0,0.0,100,274.99,260.5,0,0.0,0.0,,0.0,1,0.06,0.05,SPY190215C00280000,280.0,normalDay
2019-02-14,422.0,1392.0,0.0,100,274.38,260.5,0,0.0,0.0,,0.0,1,0.06,0.02,SPY190215C00280000,280.0,normalDay
2019-02-15,428.0,1687.0,6.0,100,277.37,260.5,0,0.0,0.0,,0.0,1,0.06,0.0,SPY190215C00280000,280.0,expirationDay
2019-02-19,428.0,1732.0,0.0,100,277.85,260.5,0,0.0,0.0,,0.0,1,0.16,0.19,SPY190308C00287000,287.0,normalDay
2019-02-20,428.0,1788.0,0.0,100,278.41,260.5,0,0.0,0.0,,0.0,1,0.16,0.19,SPY190308C00287000,287.0,normalDay
2019-02-21,428.0,1696.0,0.0,100,277.42,260.5,0,0.0,0.0,,0.0,1,0.16,0.12,SPY190308C00287000,287.0,normalDay
2019-02-22,428.0,1865.0,0.0,100,279.14,260.5,0,0.0,0.0,,0.0,1,0.16,0.15,SPY190308C00287000,287.0,normalDay
2019-02-25,428.0,1901.0,0.0,100,279.52,260.5,0,0.0,0.0,,0.0,1,0.16,0.17,SPY190308C00287000,287.0,normalDay
2019-02-26,428.0,1886.0,0.0,100,279.32,260.5,0,0.0,0.0,,0.0,1,0.16,0.12,SPY190308C00287000,287.0,normalDay
2019-02-27,428.0,1879.0,0.0,100,279.2,260.5,0,0.0,0.0,,0.0,1,0.16,0.07,SPY190308C00287000,287.0,normalDay
2019-02-28,428.0,1831.0,0.0,100,278.68,260.5,0,0.0,0.0,,0.0,1,0.16,0.03,SPY190308C00287000,287.0,normalDay
2019-03-01,428.0,2005.0,0.0,100,280.42,260.5,0,0.0,0.0,,0.0,1,0.16,0.03,SPY190308C00287000,287.0,normalDay
2019-03-04,428.0,1904.0,0.0,100,279.4,260.5,0,0.0,0.0,,0.0,1,0.16,0.02,SPY190308C00287000,287.0,normalDay
2019-03-05,428.0,1867.0,0.0,100,279.02,260.5,0,0.0,0.0,,0.0,1,0.16,0.01,SPY190308C00287000,287.0,normalDay
2019-03-06,428.0,1698.0,0.0,100,277.33,260.5,0,0.0,0.0,,0.0,1,0.16,0.01,SPY190308C00287000,287.0,normalDay
2019-03-07,428.0,1466.0,0.0,100,275.01,260.5,0,0.0,0.0,,0.0,1,0.16,0.01,SPY190308C00287000,287.0,normalDay
2019-03-08,444.0,1396.0,16.0,100,274.46,260.5,0,0.0,0.0,,0.0,1,0.16,0.0,SPY190308C00287000,287.0,expirationDay
2019-03-11,444.0,1791.0,0.0,100,278.44,260.5,0,0.0,0.0,,0.0,1,0.18,0.21,SPY190329C00286000,286.0,normalDay
2019-03-12,444.0,1894.0,0.0,100,279.49,260.5,0,0.0,0.0,,0.0,1,0.18,0.23,SPY190329C00286000,286.0,normalDay
2019-03-13,444.0,2049.0,0.0,100,281.34,260.5,0,0.0,0.0,,0.0,1,0.18,0.53,SPY190329C00286000,286.0,normalDay
2019-03-14,444.0,2044.0,0.0,100,281.16,260.5,0,0.0,0.0,,0.0,1,0.18,0.4,SPY190329C00286000,286.0,normalDay
2019-03-15,444.0,2045.0,0.0,100,281.31,260.5,0,0.0,0.0,,0.0,1,0.18,0.54,SPY190329C00286000,286.0,normalDay
2019-03-18,444.0,2121.0,0.0,100,282.33,260.5,0,0.0,0.0,,0.0,1,0.18,0.8,SPY190329C00286000,286.0,normalDay
2019-03-19,444.0,2134.0,0.0,100,282.4,260.5,0,0.0,0.0,,0.0,1,0.18,0.74,SPY190329C00286000,286.0,normalDay
2019-03-20,444.0,2077.0,0.0,100,281.55,260.5,0,0.0,0.0,,0.0,1,0.18,0.46,SPY190329C00286000,286.0,normalDay
2019-03-21,444.0,2304.0,0.0,100,284.73,260.5,0,0.0,0.0,,0.0,1,0.18,1.37,SPY190329C00286000,286.0,normalDay
2019-03-22,444.0,1860.0,0.0,100,279.25,260.5,0,0.0,0.0,,0.0,1,0.18,0.33,SPY190329C00286000,286.0,normalDay
2019-03-25,444.0,1862.0,0.0,100,279.04,260.5,0,0.0,0.0,,0.0,1,0.18,0.1,SPY190329C00286000,286.0,normalDay
2019-03-26,444.0,2070.0,0.0,100,281.12,260.5,0,0.0,0.0,,0.0,1,0.18,0.1,SPY190329C00286000,286.0,normalDay
2019-03-27,444.0,1930.0,0.0,100,279.65,260.5,0,0.0,0.0,,0.0,1,0.18,0.03,SPY190329C00286000,286.0,normalDay
2019-03-28,444.0,2037.0,0.0,100,280.71,260.5,0,0.0,0.0,,0.0,1,0.18,0.02,SPY190329C00286000,286.0,normalDay
2019-03-29,462.0,2198.0,18.0,100,282.48,260.5,0,0.0,0.0,,0.0,1,0.18,0.0,SPY190329C00286000,286.0,expirationDay
2019-04-01,462.0,2530.0,0.0,100,285.83,260.5,0,0.0,0.0,,0.0,1,0.88,0.91,SPY190418C00290000,290.0,normalDay
2019-04-02,462.0,2554.0,0.0,100,285.97,260.5,0,0.0,0.0,,0.0,1,0.88,0.81,SPY190418C00290000,290.0,normalDay
2019-04-03,462.0,2570.0,0.0,100,286.42,260.5,0,0.0,0.0,,0.0,1,0.88,1.1,SPY190418C00290000,290.0,normalDay
2019-04-04,462.0,2639.0,0.0,100,287.18,260.5,0,0.0,0.0,,0.0,1,0.88,1.17,SPY190418C00290000,290.0,normalDay
2019-04-05,462.0,2756.0,0.0,100,288.57,260.5,0,0.0,0.0,,0.0,1,0.88,1.39,SPY190418C00290000,290.0,normalDay
2019-04-08,462.0,2785.0,0.0,100,288.79,260.5,0,0.0,0.0,,0.0,1,0.88,1.32,SPY190418C00290000,290.0,normalDay
2019-04-09,462.0,2696.0,0.0,100,287.31,260.5,0,0.0,0.0,,0.0,1,0.88,0.73,SPY190418C00290000,290.0,normalDay
2019-04-10,462.0,2776.0,0.0,100,288.29,260.5,0,0.0,0.0,,0.0,1,0.88,0.91,SPY190418C00290000,290.0,normalDay
2019-04-11,462.0,2793.0,0.0,100,288.21,260.5,0,0.0,0.0,,0.0,1,0.88,0.66,SPY190418C00290000,290.0,normalDay
2019-04-12,462.0,2914.0,0.0,100,290.16,260.5,0,0.0,0.0,,0.0,1,0.88,1.4,SPY190418C00290000,290.0,normalDay
2019-04-15,462.0,2928.0,0.0,100,289.97,260.5,0,0.0,0.0,,0.0,1,0.88,1.07,SPY190418C00290000,290.0,normalDay
2019-04-16,462.0,2962.0,0.0,100,290.16,260.5,0,0.0,0.0,,0.0,1,0.88,0.92,SPY190418C00290000,290.0,normalDay
2019-04-17,462.0,2952.0,0.0,100,289.45,260.5,0,0.0,0.0,,0.0,1,0.88,0.31,SPY190418C00290000,290.0,normalDay
2019-04-18,3500.0,2952.0,3038.0,0,290.02,0.0,0,0.0,0.0,,0.0,1,0.88,0.0,SPY190418C00290000,290.0,expirationDay
2019-04-22,3500.0,0.0,0.0,0,290.27,0.0,0,0.0,0.0,,0.0,0,0.0,0.0,,0.0,bidTooLow
2019-04-23,3500.0,0.0,0.0,0,292.88,0.0,0,0.0,0.0,,0.0,0,0.0,0.0,,0.0,bidTooLow
2019-04-24,3500.0,0.0,0.0,0,292.23,0.0,0,0.0,0.0,,0.0,0,0.0,0.0,,0.0,bidTooLow
2019-04-25,3500.0,0.0,0.0,0,292.05,0.0,0,0.0,0.0,,0.0,0,0.0,0.0,,0.0,bidTooLow
2019-04-26,3500.0,0.0,0.0,0,293.41,0.0,0,0.0,0.0,,0.0,0,0.0,0.0,,0.0,bidTooLow
2019-04-29,3500.0,-3.0,0.0,0,293.87,0.0,1,0.01,0.04,SPY190501P00285000,285.0,0,0.0,0.0,,0.0,normalDay
2019-04-30,3500.0,-1.0,0.0,0,294.02,0.0,1,0.01,0.02,SPY190501P00285000,285.0,0,0.0,0.0,,0.0,normalDay
2019-05-01,3501.0,0.0,1.0,0,291.81,0.0,1,0.01,0.0,SPY190501P00285000,285.0,0,0.0,0.0,,0.0,expirationDay
2019-05-02,3501.0,-3.0,0.0,0,291.18,0.0,1,0.05,0.08,SPY190503P00286500,286.5,0,0.0,0.0,,0.0,normalDay
2019-05-03,3506.0,0.0,5.0,0,294.03,0.0,1,0.05,0.0,SPY190503P00286500,286.5,0,0.0,0.0,,0.0,expirationDay
2019-05-06,3506.0,-3.0,0.0,0,292.82,0.0,1,0.16,0.19,SPY190508P00287500,287.5,0,0.0,0.0,,0.0,normalDay
2019-05-07,3506.0,-95.0,0.0,0,287.93,0.0,1,0.16,1.11,SPY190508P00287500,287.5,0,0.0,0.0,,0.0,normalDay
2019-05-08,3522.0,0.0,16.0,0,287.53,0.0,1,0.16,0.0,SPY190508P00287500,287.5,0,0.0,0.0,,0.0,expirationDay
2019-05-09,3522.0,-6.0,0.0,0,286.66,0.0,1,1.96,2.02,SPY190510P00287000,287.0,0,0.0,0.0,,0.0,normalDay
2019-05-10,3718.0,0.0,196.0,0,288.1,0.0,1,1.96,0.0,SPY190510P00287000,287.0,0,0.0,0.0,,0.0,expirationDay
2019-05-13,3718.0,-8.0,0.0,0,280.86,0.0,1,4.26,4.34,SPY190515P00284500,284.5,0,0.0,0.0,,0.0,normalDay
2019-05-14,3718.0,251.0,0.0,0,283.4,0.0,1,4.26,1.75,SPY190515P00284500,284.5,0,0.0,0.0,,0.0,normalDay
2019-05-15,4144.0,0.0,426.0,0,285.06,0.0,1,4.26,0.0,SPY190515P00284500,284.5,0,0.0,0.0,,0.0,expirationDay
2019-05-16,4144.0,-3.0,0.0,0,287.7,0.0,1,0.08,0.11,SPY190517P00283000,283.0,0,0.0,0.0,,0.0,normalDay
2019-05-17,4152.0,0.0,8.0,0,285.84,0.0,1,0.08,0.0,SPY190517P00283000,283.0,0,0.0,0.0,,0.0,expirationDay
2019-05-20,4152.0,-4.0,0.0,0,283.95,0.0,1,0.71,0.75,SPY190522P00282000,282.0,0,0.0,0.0,,0.0,normalDay
2019-05-21,4152.0,62.0,0.0,0,286.51,0.0,1,0.71,0.09,SPY190522P00282000,282.0,0,0.0,0.0,,0.0,normalDay
2019-05-22,4223.0,0.0,71.0,0,285.63,0.0,1,0.71,0.0,SPY190522P00282000,282.0,0,0.0,0.0,,0.0,expirationDay
2019-05-23,4223.0,-4.0,0.0,0,282.14,0.0,1,0.62,0.66,SPY190524P00280500,280.5,0,0.0,0.0,,0.0,normalDay
2019-05-24,4285.0,0.0,62.0,0,282.78,0.0,1,0.62,0.0,SPY190524P00280500,280.5,0,0.0,0.0,,0.0,expirationDay
2019-05-28,4285.0,-4.0,0.0,0,280.15,0.0,1,1.4,1.44,SPY190531P00279000,279.0,0,0.0,0.0,,0.0,normalDay
2019-05-29,4285.0,-58.0,0.0,0,278.27,0.0,1,1.4,1.98,SPY190531P00279000,279.0,0,0.0,0.0,,0.0,normalDay
2019-05-30,4285.0,39.0,0.0,0,279.03,0.0,1,1.4,1.01,SPY190531P00279000,279.0,0,0.0,0.0,,0.0,normalDay
2019-05-31,4425.0,-373.0,140.0,100,275.27,279.0,1,1.4,0.0,SPY190531P00279000,279.0,0,0.0,0.0,,0.0,expirationDay
2019-06-03,4425.0,-443.0,0.0,100,274.57,279.0,0,0.0,0.0,,0.0,0,0.0,0.0,,0.0,bidTooLow
2019-06-04,4425.0,150.0,0.0,100,280.53,279.0,0,0.0,0.0,,0.0,1,0.02,0.05,SPY190621C00298000,298.0,normalDay
2019-06-05,4425.0,390.0,0.0,100,282.96,279.0,0,0.0,0.0,,0.0,1,0.02,0.08,SPY190621C00298000,298.0,normalDay
2019-06-06,4425.0,570.0,0.0,100,284.8,279.0,0,0.0,0.0,,0.0,1,0.02,0.12,SPY190621C00298000,298.0,normalDay
2019-06-07,4425.0,844.0,0.0,100,287.65,279.0,0,0.0,0.0,,0.0,1,0.02,0.23,SPY190621C00298000,298.0,normalDay
2019-06-10,4425.0,975.0,0.0,100,288.97,279.0,0,0.0,0.0,,0.0,1,0.02,0.24,SPY190621C00298000,298.0,normalDay
2019-06-11,4425.0,975.0,0.0,100,288.9,279.0,0,0.0,0.0,,0.0,1,0.02,0.17,SPY190621C00298000,298.0,normalDay
2019-06-12,4425.0,932.0,0.0,100,288.39,279.0,0,0.0,0.0,,0.0,1,0.02,0.09,SPY190621C00298000,298.0,normalDay
2019-06-13,4425.0,1049.0,0.0,100,289.58,279.0,0,0.0,0.0,,0.0,1,0.02,0.11,SPY190621C00298000,298.0,normalDay
2019-06-14,4425.0,1024.0,0.0,100,289.26,279.0,0,0.0,0.0,,0.0,1,0.02,0.04,SPY190621C00298000,298.0,normalDay
2019-06-17,4425.0,1036.0,0.0,100,289.37,279.0,0,0.0,0.0,,0.0,1,0.02,0.03,SPY190621C00298000,298.0,normalDay
2019-06-18,4425.0,1330.0,0.0,100,292.4,279.0,0,0.0,0.0,,0.0,1,0.02,0.12,SPY190621C00298000,298.0,normalDay
2019-06-19,4425.0,1402.0,0.0,100,293.06,279.0,0,0.0,0.0,,0.0,1,0.02,0.06,SPY190621C00298000,298.0,normalDay
2019-06-20,4425.0,1677.0,0.0,100,295.86,279.0,0,0.0,0.0,,0.0,1,0.02,0.11,SPY190621C00298000,298.0,normalDay
2019-06-21,4427.0,1500.0,2.0,100,294.0,279.0,0,0.0,0.0,,0.0,1,0.02,0.0,SPY190621C00298000,298.0,expirationDay
2019-06-24,4427.0,1461.0,0.0,100,293.64,279.0,0,0.0,0.0,,0.0,1,0.06,0.09,SPY190712C00310000,310.0,normalDay
2019-06-25,4427.0,1178.0,0.0,100,290.76,279.0,0,0.0,0.0,,0.0,1,0.06,0.04,SPY190712C00310000,310.0,normalDay
2019-06-26,4427.0,1149.0,0.0,100,290.47,279.0,0,0.0,0.0,,0.0,1,0.06,0.04,SPY190712C00310000,310.0,normalDay
2019-06-27,4427.0,1252.0,0.0,100,291.5,279.0,0,0.0,0.0,,0.0,1,0.06,0.04,SPY190712C00310000,310.0,normalDay
2019-06-28,4427.0,1401.0,0.0,100,293.0,279.0,0,0.0,0.0,,0.0,1,0.06,0.05,SPY190712C00310000,310.0,normalDay
2019-07-01,4427.0,1669.0,0.0,100,295.66,279.0,0,0.0,0.0,,0.0,1,0.06,0.03,SPY190712C00310000,310.0,normalDay
2019-07-02,4427.0,1747.0,0.0,100,296.43,279.0,0,0.0,0.0,,0.0,1,0.06,0.02,SPY190712C00310000,310.0,normalDay
2019-07-03,4427.0,1983.0,0.0,100,298.8,279.0,0,0.0,0.0,,0.0,1,0.06,0.03,SPY190712C00310000,310.0,normalDay
2019-07-05,4427.0,1951.0,0.0,100,298.46,279.0,0,0.0,0.0,,0.0,1,0.06,0.01,SPY190712C00310000,310.0,normalDay
2019-07-08,4427.0,1787.0,0.0,100,296.82,279.0,0,0.0,0.0,,0.0,1,0.06,0.01,SPY190712C00310000,310.0,normalDay
2019-07-09,4427.0,1824.0,0.0,100,297.19,279.0,0,0.0,0.0,,0.0,1,0.06,0.01,SPY190712C00310000,310.0,normalDay
2019-07-10,4427.0,1966.0,0.0,100,298.61,279.0,0,0.0,0.0,,0.0,1,0.06,0.01,SPY190712C00310000,310.0,normalDay
2019-07-11,4427.0,2036.0,0.0,100,299.31,279.0,0,0.0,0.0,,0.0,1,0.06,0.01,SPY190712C00310000,310.0,normalDay
2019-07-12,4433.0,2165.0,6.0,100,300.65,279.0,0,0.0,0.0,,0.0,1,0.06,0.0,SPY190712C00310000,310.0,expirationDay
2019-07-15,4433.0,2171.0,0.0,100,300.75,279.0,0,0.0,0.0,,0.0,1,0.28,0.32,SPY190802C00308000,308.0,normalDay
2019-07-16,4433.0,2085.0,0.0,100,299.78,279.0,0,0.0,0.0,,0.0,1,0.28,0.21,SPY190802C00308000,308.0,normalDay
2019-07-17,4433.0,1894.0,0.0,100,297.74,279.0,0,0.0,0.0,,0.0,1,0.28,0.08,SPY190802C00308000,308.0,normalDay
2019-07-18,4433.0,1995.0,0.0,100,298.83,279.0,0,0.0,0.0,,0.0,1,0.28,0.16,SPY190802C00308000,308.0,normalDay
2019-07-19,4433.0,1839.0,0.0,100,297.17,279.0,0,0.0,0.0,,0.0,1,0.28,0.06,SPY190802C00308000,308.0,normalDay
2019-07-22,4433.0,1914.0,0.0,100,297.9,279.0,0,0.0,0.0,,0.0,1,0.28,0.04,SPY190802C00308000,308.0,normalDay
2019-07-23,4433.0,2122.0,0.0,100,300.03,279.0,0,0.0,0.0,,0.0,1,0.28,0.09,SPY190802C00308000,308.0,normalDay
2019-07-24,4433.0,2258.0,0.0,100,301.44,279.0,0,0.0,0.0,,0.0,1,0.28,0.14,SPY190802C00308000,308.0,normalDay
2019-07-25,4433.0,2123.0,0.0,100,300.0,279.0,0,0.0,0.0,,0.0,1,0.28,0.05,SPY190802C00308000,308.0,normalDay
2019-07-26,4433.0,2321.0,0.0,100,302.01,279.0,0,0.0,0.0,,0.0,1,0.28,0.08,SPY190802C00308000,308.0,normalDay
2019-07-29,4433.0,2270.0,0.0,100,301.46,279.0,0,0.0,0.0,,0.0,1,0.28,0.04,SPY190802C00308000,308.0,normalDay
2019-07-30,4433.0,2196.0,0.0,100,300.72,279.0,0,0.0,0.0,,0.0,1,0.28,0.04,SPY190802C00308000,308.0,normalDay
2019-07-31,4433.0,1870.0,0.0,100,297.43,279.0,0,0.0,0.0,,0.0,1,0.28,0.01,SPY190802C00308000,308.0,normalDay
2019-08-01,4433.0,1611.0,0.0,100,294.84,279.0,0,0.0,0.0,,0.0,1,0.28,0.01,SPY190802C00308000,308.0,normalDay
2019-08-02,4461.0,1362.0,28.0,100,292.62,279.0,0,0.0,0.0,,0.0,1,0.28,0.0,SPY190802C00308000,308.0,expirationDay
2019-08-05,4461.0,482.0,0.0,100,283.82,279.0,0,0.0,0.0,,0.0,0,0.0,0.0,,0.0,bidTooLow
2019-08-06,4461.0,880.0,0.0,100,287.8,279.0,0,0.0,0.0,,0.0,0,0.0,0.0,,0.0,bidTooLow
2019-08-07,4461.0,897.0,0.0,100,287.97,279.0,0,0.0,0.0,,0.0,0,0.0,0.0,,0.0,bidTooLow
2019-08-08,4461.0,1462.0,0.0,100,293.62,279.0,0,0.0,0.0,,0.0,0,0.0,0.0,,0.0,bidTooLow
2019-08-09,4461.0,1262.0,0.0,100,291.62,279.0,0,0.0,0.0,,0.0,0,0.0,0.0,,0.0,bidTooLow
2019-08-12,4461.0,907.0,0.0,100,288.07,279.0,0,0.0,0.0,,0.0,0,0.0,0.0,,0.0,bidTooLow
2019-08-13,4461.0,1355.0,0.0,100,292.55,279.0,0,0.0,0.0,,0.0,0,0.0,0.0,,0.0,bidTooLow
2019-08-14,4461.0,490.0,0.0,100,283.9,279.0,0,0.0,0.0,,0.0,0,0.0,0.0,,0.0,bidTooLow
2019-08-15,4461.0,565.0,0.0,100,284.65,279.0,0,0.0,0.0,,0.0,0,0.0,0.0,,0.0,bidTooLow
2019-08-16,4461.0,985.0,0.0,100,288.85,279.0,0,0.0,0.0,,0.0,0,0.0,0.0,,0.0,bidTooLow
2019-08-19,4461.0,1333.0,0.0,100,292.33,279.0,0,0.0,0.0,,0.0,0,0.0,0.0,,0.0,bidTooLow
2019-08-20,4461.0,1109.0,0.0,100,290.09,279.0,0,0.0,0.0,,0.0,0,0.0,0.0,,0.0,bidTooLow
2019-08-21,4461.0,1345.0,0.0,100,292.45,279.0,0,0.0,0.0,,0.0,0,0.0,0.0,,0.0,bidTooLow
2019-08-22,4461.0,1336.0,0.0,100,292.36,279.0,0,0.0,0.0,,0.0,0,0.0,0.0,,0.0,bidTooLow
2019-08-23,4461.0,585.0,0.0,100,284.85,279.0,0,0.0,0.0,,0.0,0,0.0,0.0,,0.0,bidTooLow
2019-08-26,4461.0,897.0,0.0,100,288.0,279.0,0,0.0,0.0,,0.0,1,0.01,0.04,SPY190913C00307000,307.0,normalDay
2019-08-27,4461.0,785.0,0.0,100,286.87,279.0,0,0.0,0.0,,0.0,1,0.01,0.03,SPY190913C00307000,307.0,normalDay
2019-08-28,4461.0,986.0,0.0,100,288.89,279.0,0,0.0,0.0,,0.0,1,0.01,0.04,SPY190913C00307000,307.0,normalDay
2019-08-29,4461.0,1352.0,0.0,100,292.58,279.0,0,0.0,0.0,,0.0,1,0.01,0.07,SPY190913C00307000,307.0,normalDay
2019-08-30,4461.0,1341.0,0.0,100,292.45,279.0,0,0.0,0.0,,0.0,1,0.01,0.05,SPY190913C00307000,307.0,normalDay
2019-09-03,4461.0,1173.0,0.0,100,290.74,279.0,0,0.0,0.0,,0.0,1,0.01,0.02,SPY190913C00307000,307.0,normalDay
2019-09-04,4461.0,1503.0,0.0,100,294.04,279.0,0,0.0,0.0,,0.0,1,0.01,0.02,SPY190913C00307000,307.0,normalDay
2019-09-05,4461.0,1877.0,0.0,100,297.82,279.0,0,0.0,0.0,,0.0,1,0.01,0.06,SPY190913C00307000,307.0,normalDay
2019-09-06,4461.0,1903.0,0.0,100,298.05,279.0,0,0.0,0.0,,0.0,1,0.01,0.03,SPY190913C00307000,307.0,normalDay
2019-09-09,4461.0,1919.0,0.0,100,298.2,279.0,0,0.0,0.0,,0.0,1,0.01,0.02,SPY190913C00307000,307.0,normalDay
2019-09-10,4461.0,1913.0,0.0,100,298.13,279.0,0,0.0,0.0,,0.0,1,0.01,0.01,SPY190913C00307000,307.0,normalDay
2019-09-11,4461.0,2125.0,0.0,100,300.25,279.0,0,0.0,0.0,,0.0,1,0.01,0.01,SPY190913C00307000,307.0,normalDay
2019-09-12,4461.0,2229.0,0.0,100,301.29,279.0,0,0.0,0.0,,0.0,1,0.01,0.01,SPY190913C00307000,307.0,normalDay
2019-09-13,4462.0,2209.0,1.0,100,301.09,279.0,0,0.0,0.0,,0.0,1,0.01,0.0,SPY190913C00307000,307.0,expirationDay
2019-09-16,4462.0,2113.0,0.0,100,300.16,279.0,0,0.0,0.0,,0.0,1,0.05,0.08,SPY191004C00312000,312.0,normalDay
2019-09-17,4462.0,2188.0,0.0,100,300.92,279.0,0,0.0,0.0,,0.0,1,0.05,0.09,SPY191004C00312000,312.0,normalDay
2019-09-18,4462.0,2206.0,0.0,100,301.1,279.0,0,0.0,0.0,,0.0,1,0.05,0.09,SPY191004C00312000,312.0,normalDay
2019-09-19,4462.0,2206.0,0.0,100,301.08,279.0,0,0.0,0.0,,0.0,1,0.05,0.07,SPY191004C00312000,312.0,normalDay
2019-09-20,4462.0,1930.0,0.0,100,298.28,279.0,0,0.0,0.0,,0.0,1,0.05,0.03,SPY191004C00312000,312.0,normalDay
2019-09-23,4462.0,1924.0,0.0,100,298.21,279.0,0,0.0,0.0,,0.0,1,0.05,0.02,SPY191004C00312000,312.0,normalDay
2019-09-24,4462.0,1691.0,0.0,100,295.87,279.0,0,0.0,0.0,,0.0,1,0.05,0.01,SPY191004C00312000,312.0,normalDay
2019-09-25,4462.0,1866.0,0.0,100,297.62,279.0,0,0.0,0.0,,0.0,1,0.05,0.01,SPY191004C00312000,312.0,normalDay
2019-09-26,4462.0,1804.0,0.0,100,297.0,279.0,0,0.0,0.0,,0.0,1,0.05,0.01,SPY191004C00312000,312.0,normalDay
2019-09-27,4462.0,1644.0,0.0,100,295.4,279.0,0,0.0,0.0,,0.0,1,0.05,0.01,SPY191004C00312000,312.0,normalDay
2019-09-30,4462.0,1781.0,0.0,100,296.77,279.0,0,0.0,0.0,,0.0,1,0.05,0.01,SPY191004C00312000,312.0,normalDay
2019-10-01,4462.0,1428.0,0.0,100,293.24,279.0,0,0.0,0.0,,0.0,1,0.05,0.01,SPY191004C00312000,312.0,normalDay
2019-10-02,4462.0,910.0,0.0,100,288.06,279.0,0,0.0,0.0,,0.0,1,0.05,0.01,SPY191004C00312000,312.0,normalDay
2019-10-03,4462.0,1146.0,0.0,100,290.42,279.0,0,0.0,0.0,,0.0,1,0.05,0.01,SPY191004C00312000,312.0,normalDay
2019-10-04,4467.0,1535.0,5.0,100,294.35,279.0,0,0.0,0.0,,0.0,1,0.05,0.0,SPY191004C00312000,312.0,expirationDay
2019-10-07,4467.0,1408.0,0.0,100,293.08,279.0,0,0.0,0.0,,0.0,0,0.0,0.0,,0.0,bidTooLow
2019-10-08,4467.0,953.0,0.0,100,288.53,279.0,0,0.0,0.0,,0.0,0,0.0,0.0,,0.0,bidTooLow
2019-10-09,4467.0,1227.0,0.0,100,291.27,279.0,0,0.0,0.0,,0.0,0,0.0,0.0,,0.0,bidTooLow
2019-10-10,4467.0,1424.0,0.0,100,293.24,279.0,0,0.0,0.0,,0.0,0,0.0,0.0,,0.0,bidTooLow
2019-10-11,4467.0,1725.0,0.0,100,296.28,279.0,0,0.0,0.0,,0.0,1,0.07,0.1,SPY191030C00310000,310.0,normalDay
2019-10-14,4467.0,1699.0,0.0,100,295.95,279.0,0,0.0,0.0,,0.0,1,0.07,0.03,SPY191030C00310000,310.0,normalDay
2019-10-15,4467.0,1987.0,0.0,100,298.88,279.0,0,0.0,0.0,,0.0,1,0.07,0.08,SPY191030C00310000,310.0,normalDay
2019-10-16,4467.0,1942.0,0.0,100,298.4,279.0,0,0.0,0.0,,0.0,1,0.07,0.05,SPY191030C00310000,310.0,normalDay
2019-10-17,4467.0,2031.0,0.0,100,299.28,279.0,0,0.0,0.0,,0.0,1,0.07,0.04,SPY191030C00310000,310.0,normalDay
2019-10-18,4467.0,1902.0,0.0,100,297.97,279.0,0,0.0,0.0,,0.0,1,0.07,0.02,SPY191030C00310000,310.0,normalDay
2019-10-21,4467.0,2103.0,0.0,100,299.99,279.0,0,0.0,0.0,,0.0,1,0.07,0.03,SPY191030C00310000,310.0,normalDay
2019-10-22,4467.0,2006.0,0.0,100,299.01,279.0,0,0.0,0.0,,0.0,1,0.07,0.02,SPY191030C00310000,310.0,normalDay
2019-10-23,4467.0,2094.0,0.0,100,299.88,279.0,0,0.0,0.0,,0.0,1,0.07,0.01,SPY191030C00310000,310.0,normalDay
2019-10-24,4467.0,2143.0,0.0,100,300.37,279.0,0,0.0,0.0,,0.0,1,0.07,0.01,SPY191030C00310000,310.0,normalDay
2019-10-25,4467.0,2266.0,0.0,100,301.6,279.0,0,0.0,0.0,,0.0,1,0.07,0.01,SPY191030C00310000,310.0,normalDay
2019-10-28,4467.0,2436.0,0.0,100,303.3,279.0,0,0.0,0.0,,0.0,1,0.07,0.01,SPY191030C00310000,310.0,normalDay
2019-10-29,4467.0,2427.0,0.0,100,303.21,279.0,0,0.0,0.0,,0.0,1,0.07,0.01,SPY191030C00310000,310.0,normalDay
2019-10-30,4474.0,2514.0,7.0,100,304.14,279.0,0,0.0,0.0,,0.0,1,0.07,0.0,SPY191030C00310000,310.0,expirationDay
2019-10-31,4474.0,2430.0,0.0,100,303.33,279.0,0,0.0,0.0,,0.0,1,0.09,0.12,SPY191118C00314000,314.0,normalDay
2019-11-01,4474.0,2697.0,0.0,100,306.14,279.0,0,0.0,0.0,,0.0,1,0.09,0.26,SPY191118C00314000,314.0,normalDay
2019-11-04,4474.0,2815.0,0.0,100,307.37,279.0,0,0.0,0.0,,0.0,1,0.09,0.31,SPY191118C00314000,314.0,normalDay
2019-11-05,4474.0,2789.0,0.0,100,307.03,279.0,0,0.0,0.0,,0.0,1,0.09,0.23,SPY191118C00314000,314.0,normalDay
2019-11-06,4474.0,2805.0,0.0,100,307.1,279.0,0,0.0,0.0,,0.0,1,0.09,0.14,SPY191118C00314000,314.0,normalDay
2019-11-07,4474.0,2909.0,0.0,100,308.18,279.0,0,0.0,0.0,,0.0,1,0.09,0.18,SPY191118C00314000,314.0,normalDay
2019-11-08,4474.0,2988.0,0.0,100,308.94,279.0,0,0.0,0.0,,0.0,1,0.09,0.15,SPY191118C00314000,314.0,normalDay
2019-11-11,4474.0,2937.0,0.0,100,308.35,279.0,0,0.0,0.0,,0.0,1,0.09,0.07,SPY191118C00314000,314.0,normalDay
2019-11-12,4474.0,3003.0,0.0,100,309.0,279.0,0,0.0,0.0,,0.0,1,0.09,0.06,SPY191118C00314000,314.0,normalDay
2019-11-13,4474.0,3015.0,0.0,100,309.1,279.0,0,0.0,0.0,,0.0,1,0.09,0.04,SPY191118C00314000,314.0,normalDay
2019-11-14,4474.0,3061.0,0.0,100,309.55,279.0,0,0.0,0.0,,0.0,1,0.09,0.03,SPY191118C00314000,314.0,normalDay
2019-11-15,4474.0,3283.0,0.0,100,311.79,279.0,0,0.0,0.0,,0.0,1,0.09,0.05,SPY191118C00314000,314.0,normalDay
2019-11-18,4483.0,3302.0,9.0,100,312.02,279.0,0,0.0,0.0,,0.0,1,0.09,0.0,SPY191118C00314000,314.0,expirationDay
2019-11-19,4483.0,3290.0,0.0,100,311.93,279.0,0,0.0,0.0,,0.0,1,0.14,0.17,SPY191206C00320000,320.0,normalDay
2019-11-20,4483.0,3183.0,0.0,100,310.77,279.0,0,0.0,0.0,,0.0,1,0.14,0.08,SPY191206C00320000,320.0,normalDay
2019-11-21,4483.0,3133.0,0.0,100,310.27,279.0,0,0.0,0.0,,0.0,1,0.14,0.08,SPY191206C00320000,320.0,normalDay
2019-11-22,4483.0,3204.0,0.0,100,310.96,279.0,0,0.0,0.0,,0.0,1,0.14,0.06,SPY191206C00320000,320.0,normalDay
2019-11-25,4483.0,3442.0,0.0,100,313.37,279.0,0,0.0,0.0,,0.0,1,0.14,0.09,SPY191206C00320000,320.0,normalDay
2019-11-26,4483.0,3511.0,0.0,100,314.08,279.0,0,0.0,0.0,,0.0,1,0.14,0.11,SPY191206C00320000,320.0,normalDay
2019-11-27,4483.0,3639.0,0.0,100,315.48,279.0,0,0.0,0.0,,0.0,1,0.14,0.23,SPY191206C00320000,320.0,normalDay
2019-11-29,4483.0,3537.0,0.0,100,314.31,279.0,0,0.0,0.0,,0.0,1,0.14,0.08,SPY191206C00320000,320.0,normalDay
2019-12-02,4483.0,3275.0,0.0,100,311.64,279.0,0,0.0,0.0,,0.0,1,0.14,0.03,SPY191206C00320000,320.0,normalDay
2019-12-03,4483.0,3068.0,0.0,100,309.55,279.0,0,0.0,0.0,,0.0,1,0.14,0.01,SPY191206C00320000,320.0,normalDay
2019-12-04,4483.0,3259.0,0.0,100,311.46,279.0,0,0.0,0.0,,0.0,1,0.14,0.01,SPY191206C00320000,320.0,normalDay
2019-12-05,4483.0,3315.0,0.0,100,312.02,279.0,0,0.0,0.0,,0.0,1,0.14,0.01,SPY191206C00320000,320.0,normalDay
2019-12-06,4497.0,3587.0,14.0,100,314.87,279.0,0,0.0,0.0,,0.0,1,0.14,0.0,SPY191206C00320000,320.0,expirationDay
2019-12-09,4497.0,3484.0,0.0,100,313.88,279.0,0,0.0,0.0,,0.0,1,0.66,0.7,SPY191227C00319000,319.0,normalDay
2019-12-10,4497.0,3458.0,0.0,100,313.53,279.0,0,0.0,0.0,,0.0,1,0.66,0.61,SPY191227C00319000,319.0,normalDay
2019-12-11,4497.0,3544.0,0.0,100,314.42,279.0,0,0.0,0.0,,0.0,1,0.66,0.64,SPY191227C00319000,319.0,normalDay
2019-12-12,4497.0,3750.0,0.0,100,317.13,279.0,0,0.0,0.0,,0.0,1,0.66,1.29,SPY191227C00319000,319.0,normalDay
2019-12-13,4497.0,3812.0,0.0,100,317.32,279.0,0,0.0,0.0,,0.0,1,0.66,0.86,SPY191227C00319000,319.0,normalDay
2019-12-16,4497.0,3942.0,0.0,100,319.5,279.0,0,0.0,0.0,,0.0,1,0.66,1.74,SPY191227C00319000,319.0,normalDay
2019-12-17,4497.0,3975.0,0.0,100,319.57,279.0,0,0.0,0.0,,0.0,1,0.66,1.48,SPY191227C00319000,319.0,normalDay
2019-12-18,4497.0,3993.0,0.0,100,319.59,279.0,0,0.0,0.0,,0.0,1,0.66,1.32,SPY191227C00319000,319.0,normalDay
2019-12-19,4497.0,4051.0,0.0,100,320.9,279.0,0,0.0,0.0,,0.0,1,0.66,2.05,SPY191227C00319000,319.0,normalDay
2019-12-20,4497.0,3969.0,0.0,100,320.73,279.0,0,0.0,0.0,,0.0,1,0.66,2.7,SPY191227C00319000,319.0,normalDay
2019-12-23,4497.0,4031.0,0.0,100,321.22,279.0,0,0.0,0.0,,0.0,1,0.66,2.57,SPY191227C00319000,319.0,normalDay
2019-12-24,4497.0,4037.0,0.0,100,321.23,279.0,0,0.0,0.0,,0.0,1,0.66,2.52,SPY191227C00319000,319.0,normalDay
2019-12-26,4497.0,4053.0,0.0,100,322.94,279.0,0,0.0,0.0,,0.0,1,0.66,4.07,SPY191227C00319000,319.0,normalDay
2019-12-27,8563.0,4053.0,4066.0,0,322.86,0.0,0,0.0,0.0,,0.0,1,0.66,0.0,SPY191227C00319000,319.0,expirationDay
2019-12-30,8563.0,0.0,0.0,0,321.08,0.0,0,0.0,0.0,,0.0,0,0.0,0.0,,0.0,bidTooLow
2019-12-31,8563.0,-3.0,0.0,0,321.86,0.0,1,0.07,0.1,SPY200103P00310500,310.5,0,0.0,0.0,,0.0,normalDay
2020-01-02,8563.0,6.0,0.0,0,324.87,0.0,1,0.07,0.01,SPY200103P00310500,310.5,0,0.0,0.0,,0.0,normalDay
2020-01-03,8570.0,0.0,7.0,0,322.41,0.0,1,0.07,0.0,SPY200103P00310500,310.5,0,0.0,0.0,,0.0,expirationDay
2020-01-06,8570.0,0.0,0.0,0,323.64,0.0,0,0.0,0.0,,0.0,0,0.0,0.0,,0.0,bidTooLow
2020-01-07,8570.0,-3.0,0.0,0,322.73,0.0,1,0.06,0.09,SPY200110P00314000,314.0,0,0.0,0.0,,0.0,normalDay
2020-01-08,8570.0,-2.0,0.0,0,324.45,0.0,1,0.06,0.08,SPY200110P00314000,314.0,0,0.0,0.0,,0.0,normalDay
2020-01-09,8570.0,4.0,0.0,0,326.65,0.0,1,0.06,0.02,SPY200110P00314000,314.0,0,0.0,0.0,,0.0,normalDay
2020-01-10,8576.0,0.0,6.0,0,325.71,0.0,1,0.06,0.0,SPY200110P00314000,314.0,0,0.0,0.0,,0.0,expirationDay
2020-01-13,8576.0,0.0,0.0,0,327.95,0.0,0,0.0,0.0,,0.0,0,0.0,0.0,,0.0,bidTooLow
2020-01-14,8576.0,-3.0,0.0,0,327.45,0.0,1,0.05,0.08,SPY200117P00318000,318.0,0,0.0,0.0,,0.0,normalDay
2020-01-15,8576.0,1.0,0.0,0,328.19,0.0,1,0.05,0.04,SPY200117P00318000,318.0,0,0.0,0.0,,0.0,normalDay
2020-01-16,8576.0,3.0,0.0,0,330.92,0.0,1,0.05,0.02,SPY200117P00318000,318.0,0,0.0,0.0,,0.0,normalDay
2020-01-17,8581.0,0.0,5.0,0,331.95,0.0,1,0.05,0.0,SPY200117P00318000,318.0,0,0.0,0.0,,0.0,expirationDay
2020-01-21,8581.0,0.0,0.0,0,331.3,0.0,0,0.0,0.0,,0.0,0,0.0,0.0,,0.0,bidTooLow
2020-01-22,8581.0,0.0,0.0,0,331.34,0.0,0,0.0,0.0,,0.0,0,0.0,0.0,,0.0,bidTooLow
2020-01-23,8581.0,0.0,0.0,0,331.72,0.0,0,0.0,0.0,,0.0,0,0.0,0.0,,0.0,bidTooLow
2020-01-24,8581.0,-3.0,0.0,0,328.77,0.0,1,0.06,0.09,SPY200127P00320000,320.0,0,0.0,0.0,,0.0,normalDay
2020-01-27,8587.0,0.0,6.0,0,323.5,0.0,1,0.06,0.0,SPY200127P00320000,320.0,0,0.0,0.0,,0.0,expirationDay
2020-01-28,8587.0,-3.0,0.0,0,326.89,0.0,1,0.51,0.54,SPY200131P00320500,320.5,0,0.0,0.0,,0.0,normalDay
2020-01-29,8587.0,22.0,0.0,0,326.62,0.0,1,0.51,0.29,SPY200131P00320500,320.5,0,0.0,0.0,,0.0,normalDay
2020-01-30,8587.0,45.0,0.0,0,327.68,0.0,1,0.51,0.06,SPY200131P00320500,320.5,0,0.0,0.0,,0.0,normalDay
2020-01-31,8638.0,0.0,51.0,0,321.73,0.0,1,0.51,0.0,SPY200131P00320500,320.5,0,0.0,0.0,,0.0,expirationDay
2020-02-03,8638.0,-3.0,0.0,0,324.12,0.0,1,1.1,1.13,SPY200205P00321000,321.0,0,0.0,0.0,,0.0,normalDay
2020-02-04,8638.0,106.0,0.0,0,329.06,0.0,1,1.1,0.04,SPY200205P00321000,321.0,0,0.0,0.0,,0.0,normalDay
2020-02-05,8748.0,0.0,110.0,0,332.86,0.0,1,1.1,0.0,SPY200205P00321000,321.0,0,0.0,0.0,,0.0,expirationDay
2020-02-06,8748.0,0.0,0.0,0,333.98,0.0,0,0.0,0.0,,0.0,0,0.0,0.0,,0.0,bidTooLow
2020-02-07,8748.0,-3.0,0.0,0,332.2,0.0,1,0.01,0.04,SPY200210P00323000,323.0,0,0.0,0.0,,0.0,normalDay
2020-02-10,8749.0,0.0,1.0,0,334.68,0.0,1,0.01,0.0,SPY200210P00323000,323.0,0,0.0,0.0,,0.0,expirationDay
2020-02-11,8749.0,-3.0,0.0,0,335.26,0.0,1,0.03,0.06,SPY200214P00322500,322.5,0,0.0,0.0,,0.0,normalDay
2020-02-12,8749.0,1.0,0.0,0,337.42,0.0,1,0.03,0.02,SPY200214P00322500,322.5,0,0.0,0.0,,0.0,normalDay
2020-02-13,8749.0,1.0,0.0,0,337.06,0.0,1,0.03,0.02,SPY200214P00322500,322.5,0,0.0,0.0,,0.0,normalDay
2020-02-14,8752.0,0.0,3.0,0,337.6,0.0,1,0.03,0.0,SPY200214P00322500,322.5,0,0.0,0.0,,0.0,expirationDay
2020-02-18,8752.0,-3.0,0.0,0,336.73,0.0,1,0.02,0.05,SPY200221P00322500,322.5,0,0.0,0.0,,0.0,normalDay
2020-02-19,8752.0,-1.0,0.0,0,338.34,0.0,1,0.02,0.03,SPY200221P00322500,322.5,0,0.0,0.0,,0.0,normalDay
2020-02-20,8752.0,0.0,0.0,0,336.95,0.0,1,0.02,0.02,SPY200221P00322500,322.5,0,0.0,0.0,,0.0,normalDay
2020-02-21,8754.0,0.0,2.0,0,333.48,0.0,1,0.02,0.0,SPY200221P00322500,322.5,0,0.0,0.0,,0.0,expirationDay
2020-02-24,8754.0,-6.0,0.0,0,322.42,0.0,1,2.74,2.8,SPY200226P00321000,321.0,0,0.0,0.0,,0.0,normalDay
2020-02-25,8754.0,-535.0,0.0,0,312.65,0.0,1,2.74,8.09,SPY200226P00321000,321.0,0,0.0,0.0,,0.0,normalDay
2020-02-26,9028.0,-950.0,274.0,100,311.5,321.0,1,2.74,0.0,SPY200226P00321000,321.0,0,0.0,0.0,,0.0,expirationDay
2020-02-27,9028.0,-2349.0,0.0,100,297.51,321.0,0,0.0,0.0,,0.0,0,0.0,0.0,,0.0,bidTooLow
2020-02-28,9028.0,-2474.0,0.0,100,296.26,321.0,0,0.0,0.0,,0.0,0,0.0,0.0,,0.0,bidTooLow
2020-03-02,9028.0,-1191.0,0.0,100,309.09,321.0,0,0.0,0.0,,0.0,0,0.0,0.0,,0.0,bidTooLow
2020-03-03,9028.0,-2076.0,0.0,100,300.24,321.0,0,0.0,0.0,,0.0,0,0.0,0.0,,0.0,bidTooLow
2020-03-04,9028.0,-814.0,0.0,100,312.86,321.0,0,0.0,0.0,,0.0,0,0.0,0.0,,0.0,bidTooLow
2020-03-05,9028.0,-1854.0,0.0,100,302.46,321.0,0,0.0,0.0,,0.0,0,0.0,0.0,,0.0,bidTooLow
2020-03-06,9028.0,-2354.0,0.0,100,297.46,321.0,0,0.0,0.0,,0.0,0,0.0,0.0,,0.0,bidTooLow
2020-03-09,9028.0,-4677.0,0.0,100,274.23,321.0,0,0.0,0.0,,0.0,0,0.0,0.0,,0.0,bidTooLow
2020-03-10,9028.0,-3258.0,0.0,100,288.42,321.0,0,0.0,0.0,,0.0,0,0.0,0.0,,0.0,bidTooLow
2020-03-11,9028.0,-4664.0,0.0,100,274.36,321.0,0,0.0,0.0,,0.0,0,0.0,0.0,,0.0,bidTooLow
2020-03-12,9028.0,-7289.0,0.0,100,248.11,321.0,0,0.0,0.0,,0.0,0,0.0,0.0,,0.0,bidTooLow
2020-03-13,9028.0,-5168.0,0.0,100,269.32,321.0,0,0.0,0.0,,0.0,0,0.0,0.0,,0.0,bidTooLow
2020-03-16,9028.0,-8115.0,0.0,100,239.85,321.0,0,0.0,0.0,,0.0,0,0.0,0.0,,0.0,bidTooLow
2020-03-17,9028.0,-6820.0,0.0,100,252.8,321.0,0,0.0,0.0,,0.0,0,0.0,0.0,,0.0,bidTooLow
2020-03-18,9028.0,-8100.0,0.0,100,240.0,321.0,0,0.0,0.0,,0.0,0,0.0,0.0,,0.0,bidTooLow
2020-03-19,9028.0,-8052.0,0.0,100,240.51,321.0,0,0.0,0.0,,0.0,1,0.01,0.04,SPY200406C00340000,340.0,normalDay
2020-03-20,9028.0,-9221.0,0.0,100,228.8,321.0,0,0.0,0.0,,0.0,1,0.01,0.02,SPY200406C00340000,340.0,normalDay
2020-03-23,9028.0,-9806.0,0.0,100,222.95,321.0,0,0.0,0.0,,0.0,1,0.01,0.02,SPY200406C00340000,340.0,normalDay
2020-03-24,9028.0,-7788.0,0.0,100,243.15,321.0,0,0.0,0.0,,0.0,1,0.01,0.04,SPY200406C00340000,340.0,normalDay
2020-03-25,9028.0,-7422.0,0.0,100,246.79,321.0,0,0.0,0.0,,0.0,1,0.01,0.02,SPY200406C00340000,340.0,normalDay
2020-03-26,9028.0,-5981.0,0.0,100,261.2,321.0,0,0.0,0.0,,0.0,1,0.01,0.02,SPY200406C00340000,340.0,normalDay
2020-03-27,9028.0,-6759.0,0.0,100,253.42,321.0,0,0.0,0.0,,0.0,1,0.01,0.02,SPY200406C00340000,340.0,normalDay
2020-03-30,9028.0,-5935.0,0.0,100,261.65,321.0,0,0.0,0.0,,0.0,1,0.01,0.01,SPY200406C00340000,340.0,normalDay
2020-03-31,9028.0,-6325.0,0.0,100,257.75,321.0,0,0.0,0.0,,0.0,1,0.01,0.01,SPY200406C00340000,340.0,normalDay
2020-04-01,9028.0,-7485.0,0.0,100,246.15,321.0,0,0.0,0.0,,0.0,1,0.01,0.01,SPY200406C00340000,340.0,normalDay
2020-04-02,9028.0,-6917.0,0.0,100,251.83,321.0,0,0.0,0.0,,0.0,1,0.01,0.01,SPY200406C00340000,340.0,normalDay
2020-04-03,9028.0,-7281.0,0.0,100,248.19,321.0,0,0.0,0.0,,0.0,1,0.01,0.01,SPY200406C00340000,340.0,normalDay
2020-04-06,9029.0,-5614.0,1.0,100,264.86,321.0,0,0.0,0.0,,0.0,1,0.01,0.0,SPY200406C00340000,340.0,expirationDay
2020-04-07,9029.0,-5590.0,0.0,100,265.13,321.0,0,0.0,0.0,,0.0,1,0.31,0.34,SPY200424C00298000,298.0,normalDay
2020-04-08,9029.0,-4738.0,0.0,100,274.03,321.0,0,0.0,0.0,,0.0,1,0.31,0.72,SPY200424C00298000,298.0,normalDay
2020-04-09,9029.0,-4369.0,0.0,100,278.2,321.0,0,0.0,0.0,,0.0,1,0.31,1.2,SPY200424C00298000,298.0,normalDay
2020-04-13,9029.0,-4553.0,0.0,100,275.66,321.0,0,0.0,0.0,,0.0,1,0.31,0.5,SPY200424C00298000,298.0,normalDay
2020-04-14,9029.0,-3822.0,0.0,100,283.79,321.0,0,0.0,0.0,,0.0,1,0.31,1.32,SPY200424C00298000,298.0,normalDay
2020-04-15,9029.0,-4341.0,0.0,100,277.76,321.0,0,0.0,0.0,,0.0,1,0.31,0.48,SPY200424C00298000,298.0,normalDay
2020-04-16,9029.0,-4197.0,0.0,100,279.1,321.0,0,0.0,0.0,,0.0,1,0.31,0.38,SPY200424C00298000,298.0,normalDay
2020-04-17,9029.0,-3504.0,0.0,100,286.64,321.0,0,0.0,0.0,,0.0,1,0.31,0.99,SPY200424C00298000,298.0,normalDay
2020-04-20,9029.0,-3934.0,0.0,100,281.59,321.0,0,0.0,0.0,,0.0,1,0.31,0.24,SPY200424C00298000,298.0,normalDay
2020-04-21,9029.0,-4769.0,0.0,100,273.04,321.0,0,0.0,0.0,,0.0,1,0.31,0.04,SPY200424C00298000,298.0,normalDay
2020-04-22,9029.0,-4161.0,0.0,100,279.1,321.0,0,0.0,0.0,,0.0,1,0.31,0.02,SPY200424C00298000,298.0,normalDay
2020-04-23,9029.0,-4162.0,0.0,100,279.08,321.0,0,0.0,0.0,,0.0,1,0.31,0.01,SPY200424C00298000,298.0,normalDay
2020-04-24,9060.0,-3803.0,31.0,100,282.97,321.0,0,0.0,0.0,,0.0,1,0.31,0.0,SPY200424C00298000,298.0,expirationDay
2020-04-27,9060.0,-3398.0,0.0,100,287.05,321.0,0,0.0,0.0,,0.0,1,0.09,0.12,SPY200515C00318000,318.0,normalDay
2020-04-28,9060.0,-3527.0,0.0,100,285.73,321.0,0,0.0,0.0,,0.0,1,0.09,0.09,SPY200515C00318000,318.0,normalDay
2020-04-29,9060.0,-2790.0,0.0,100,293.21,321.0,0,0.0,0.0,,0.0,1,0.09,0.2,SPY200515C00318000,318.0,normalDay
2020-04-30,9060.0,-3057.0,0.0,100,290.48,321.0,0,0.0,0.0,,0.0,1,0.09,0.14,SPY200515C00318000,318.0,normalDay
2020-05-01,9060.0,-3816.0,0.0,100,282.79,321.0,0,0.0,0.0,,0.0,1,0.09,0.04,SPY200515C00318000,318.0,normalDay
2020-05-04,9060.0,-3738.0,0.0,100,283.57,321.0,0,0.0,0.0,,0.0,1,0.09,0.04,SPY200515C00318000,318.0,normalDay
2020-05-05,9060.0,-3475.0,0.0,100,286.19,321.0,0,0.0,0.0,,0.0,1,0.09,0.03,SPY200515C00318000,318.0,normalDay
2020-05-06,9060.0,-3668.0,0.0,100,284.25,321.0,0,0.0,0.0,,0.0,1,0.09,0.02,SPY200515C00318000,318.0,normalDay
2020-05-07,9060.0,-3325.0,0.0,100,287.68,321.0,0,0.0,0.0,,0.0,1,0.09,0.02,SPY200515C00318000,318.0,normalDay
2020-05-08,9060.0,-2849.0,0.0,100,292.44,321.0,0,0.0,0.0,,0.0,1,0.09,0.02,SPY200515C00318000,318.0,normalDay
2020-05-11,9060.0,-2843.0,0.0,100,292.5,321.0,0,0.0,0.0,,0.0,1,0.09,0.02,SPY200515C00318000,318.0,normalDay
2020-05-12,9060.0,-3425.0,0.0,100,286.67,321.0,0,0.0,0.0,,0.0,1,0.09,0.01,SPY200515C00318000,318.0,normalDay
2020-05-13,9060.0,-3932.0,0.0,100,281.6,321.0,0,0.0,0.0,,0.0,1,0.09,0.01,SPY200515C00318000,318.0,normalDay
2020-05-14,9060.0,-3595.0,0.0,100,284.97,321.0,0,0.0,0.0,,0.0,1,0.09,0.01,SPY200515C00318000,318.0,normalDay
2020-05-15,9069.0,-3472.0,9.0,100,286.28,321.0,0,0.0,0.0,,0.0,1,0.09,0.0,SPY200515C00318000,318.0,expirationDay
2020-05-18,9069.0,-2605.0,0.0,100,295.0,321.0,0,0.0,0.0,,0.0,1,1.83,1.88,SPY200605C00305000,305.0,normalDay
2020-05-19,9069.0,-2850.0,0.0,100,291.97,321.0,0,0.0,0.0,,0.0,1,1.83,1.3,SPY200605C00305000,305.0,normalDay
2020-05-20,9069.0,-2445.0,0.0,100,296.93,321.0,0,0.0,0.0,,0.0,1,1.83,2.21,SPY200605C00305000,305.0,normalDay
2020-05-21,9069.0,-2571.0,0.0,100,294.88,321.0,0,0.0,0.0,,0.0,1,1.83,1.42,SPY200605C00305000,305.0,normalDay
2020-05-22,9069.0,-2499.0,0.0,100,295.44,321.0,0,0.0,0.0,,0.0,1,1.83,1.26,SPY200605C00305000,305.0,normalDay
2020-05-26,9069.0,-2196.0,0.0,100,299.08,321.0,0,0.0,0.0,,0.0,1,1.83,1.87,SPY200605C00305000,305.0,normalDay
2020-05-27,9069.0,-1911.0,0.0,100,303.53,321.0,0,0.0,0.0,,0.0,1,1.83,3.47,SPY200605C00305000,305.0,normalDay
2020-05-28,9069.0,-1966.0,0.0,100,302.97,321.0,0,0.0,0.0,,0.0,1,1.83,3.46,SPY200605C00305000,305.0,normalDay
2020-05-29,9069.0,-1856.0,0.0,100,304.32,321.0,0,0.0,0.0,,0.0,1,1.83,3.71,SPY200605C00305000,305.0,normalDay
2020-06-01,9069.0,-1702.0,0.0,100,305.55,321.0,0,0.0,0.0,,0.0,1,1.83,3.4,SPY200605C00305000,305.0,normalDay
2020-06-02,9069.0,-1542.0,0.0,100,308.08,321.0,0,0.0,0.0,,0.0,1,1.83,4.33,SPY200605C00305000,305.0,normalDay
2020-06-03,9069.0,-1449.0,0.0,100,312.18,321.0,0,0.0,0.0,,0.0,1,1.83,7.5,SPY200605C00305000,305.0,normalDay
2020-06-04,9069.0,-1445.0,0.0,100,311.36,321.0,0,0.0,0.0,,0.0,1,1.83,6.64,SPY200605C00305000,305.0,normalDay
2020-06-05,7652.0,-1445.0,-1417.0,0,319.34,0.0,0,0.0,0.0,,0.0,1,1.83,0.0,SPY200605C00305000,305.0,expirationDay
2020-06-08,7652.0,0.0,0.0,0,323.2,0.0,0,0.0,0.0,,0.0,0,0.0,0.0,,0.0,bidTooLow
2020-06-09,7652.0,-3.0,0.0,0,320.79,0.0,1,0.01,0.04,SPY200612P00279000,279.0,0,0.0,0.0,,0.0,normalDay
2020-06-10,7652.0,-1.0,0.0,0,319.0,0.0,1,0.01,0.02,SPY200612P00279000,279.0,0,0.0,0.0,,0.0,normalDay
2020-06-11,7652.0,-13.0,0.0,0,300.61,0.0,1,0.01,0.14,SPY200612P00279000,279.0,0,0.0,0.0,,0.0,normalDay
2020-06-12,7653.0,0.0,1.0,0,304.21,0.0,1,0.01,0.0,SPY200612P00279000,279.0,0,0.0,0.0,,0.0,expirationDay
2020-06-15,7653.0,-3.0,0.0,0,307.05,0.0,1,0.16,0.19,SPY200617P00289000,289.0,0,0.0,0.0,,0.0,normalDay
2020-06-16,7653.0,14.0,0.0,0,312.96,0.0,1,0.16,0.02,SPY200617P00289000,289.0,0,0.0,0.0,,0.0,normalDay
2020-06-17,7669.0,0.0,16.0,0,311.66,0.0,1,0.16,0.0,SPY200617P00289000,289.0,0,0.0,0.0,,0.0,expirationDay
2020-06-18,7669.0,-3.0,0.0,0,311.78,0.0,1,0.04,0.07,SPY200619P00294000,294.0,0,0.0,0.0,,0.0,normalDay
2020-06-19,7673.0,0.0,4.0,0,308.64,0.0,1,0.04,0.0,SPY200619P00294000,294.0,0,0.0,0.0,,0.0,expirationDay
2020-06-22,7673.0,-3.0,0.0,0,310.62,0.0,1,0.18,0.21,SPY200624P00298000,298.0,0,0.0,0.0,,0.0,normalDay
2020-06-23,7673.0,14.0,0.0,0,312.05,0.0,1,0.18,0.04,SPY200624P00298000,298.0,0,0.0,0.0,,0.0,normalDay
2020-06-24,7691.0,0.0,18.0,0,304.09,0.0,1,0.18,0.0,SPY200624P00298000,298.0,0,0.0,0.0,,0.0,expirationDay
2020-06-25,7691.0,-3.0,0.0,0,307.35,0.0,1,0.22,0.25,SPY200626P00300000,300.0,0,0.0,0.0,,0.0,normalDay
2020-06-26,7713.0,0.0,22.0,0,300.05,0.0,1,0.22,0.0,SPY200626P00300000,300.0,0,0.0,0.0,,0.0,expirationDay
2020-06-29,7713.0,-5.0,0.0,0,304.46,0.0,1,1.55,1.6,SPY200702P00299000,299.0,0,0.0,0.0,,0.0,normalDay
2020-06-30,7713.0,105.0,0.0,0,308.36,0.0,1,1.55,0.5,SPY200702P00299000,299.0,0,0.0,0.0,,0.0,normalDay
2020-07-01,7713.0,145.0,0.0,0,310.52,0.0,1,1.55,0.1,SPY200702P00299000,299.0,0,0.0,0.0,,0.0,normalDay
2020-07-02,7868.0,0.0,155.0,0,312.23,0.0,1,1.55,0.0,SPY200702P00299000,299.0,0,0.0,0.0,,0.0,expirationDay
2020-07-06,7868.0,-3.0,0.0,0,317.05,0.0,1,0.01,0.04,SPY200708P00299000,299.0,0,0.0,0.0,,0.0,normalDay
2020-07-07,7868.0,-1.0,0.0,0,313.78,0.0,1,0.01,0.02,SPY200708P00299000,299.0,0,0.0,0.0,,0.0,normalDay
2020-07-08,7869.0,0.0,1.0,0,316.18,0.0,1,0.01,0.0,SPY200708P00299000,299.0,0,0.0,0.0,,0.0,expirationDay
2020-07-09,7869.0,-3.0,0.0,0,314.38,0.0,1,0.02,0.05,SPY200710P00301000,301.0,0,0.0,0.0,,0.0,normalDay
2020-07-10,7871.0,0.0,2.0,0,317.59,0.0,1,0.02,0.0,SPY200710P00301000,301.0,0,0.0,0.0,,0.0,expirationDay
2020-07-13,7871.0,-3.0,0.0,0,314.84,0.0,1,0.31,0.34,SPY200715P00303000,303.0,0,0.0,0.0,,0.0,normalDay
2020-07-14,7871.0,27.0,0.0,0,318.92,0.0,1,0.31,0.04,SPY200715P00303000,303.0,0,0.0,0.0,,0.0,normalDay
2020-07-15,7902.0,0.0,31.0,0,321.85,0.0,1,0.31,0.0,SPY200715P00303000,303.0,0,0.0,0.0,,0.0,expirationDay
2020-07-16,7902.0,-3.0,0.0,0,320.79,0.0,1,0.01,0.04,SPY200717P00302000,302.0,0,0.0,0.0,,0.0,normalDay
2020-07-17,7903.0,0.0,1.0,0,321.72,0.0,1,0.01,0.0,SPY200717P00302000,302.0,0,0.0,0.0,,0.0,expirationDay
2020-07-20,7903.0,0.0,0.0,0,324.32,0.0,0,0.0,0.0,,0.0,0,0.0,0.0,,0.0,bidTooLow
2020-07-21,7903.0,-3.0,0.0,0,325.01,0.0,1,0.01,0.04,SPY200724P00302000,302.0,0,0.0,0.0,,0.0,normalDay
2020-07-22,7903.0,-1.0,0.0,0,326.86,0.0,1,0.01,0.02,SPY200724P00302000,302.0,0,0.0,0.0,,0.0,normalDay
2020-07-23,7903.0,0.0,0.0,0,322.96,0.0,1,0.01,0.01,SPY200724P00302000,302.0,0,0.0,0.0,,0.0,normalDay
2020-07-24,7904.0,0.0,1.0,0,320.88,0.0,1,0.01,0.0,SPY200724P00302000,302.0,0,0.0,0.0,,0.0,expirationDay
2020-07-27,7904.0,0.0,0.0,0,323.22,0.0,0,0.0,0.0,,0.0,0,0.0,0.0,,0.0,bidTooLow
2020-07-28,7904.0,-3.0,0.0,0,321.17,0.0,1,0.27,0.3,SPY200731P00309000,309.0,0,0.0,0.0,,0.0,normalDay
2020-07-29,7904.0,20.0,0.0,0,325.12,0.0,1,0.27,0.07,SPY200731P00309000,309.0,0,0.0,0.0,,0.0,normalDay
2020-07-30,7904.0,21.0,0.0,0,323.96,0.0,1,0.27,0.06,SPY200731P00309000,309.0,0,0.0,0.0,,0.0,normalDay
2020-07-31,7931.0,0.0,27.0,0,326.52,0.0,1,0.27,0.0,SPY200731P00309000,309.0,0,0.0,0.0,,0.0,expirationDay
2020-08-03,7931.0,-3.0,0.0,0,328.79,0.0,1,0.03,0.06,SPY200805P00314000,314.0,0,0.0,0.0,,0.0,normalDay
2020-08-04,7931.0,1.0,0.0,0,330.06,0.0,1,0.03,0.02,SPY200805P00314000,314.0,0,0.0,0.0,,0.0,normalDay
2020-08-05,7934.0,0.0,3.0,0,332.11,0.0,1,0.03,0.0,SPY200805P00314000,314.0,0,0.0,0.0,,0.0,expirationDay
2020-08-06,7934.0,0.0,0.0,0,334.33,0.0,0,0.0,0.0,,0.0,0,0.0,0.0,,0.0,bidTooLow
2020-08-07,7934.0,0.0,0.0,0,334.57,0.0,0,0.0,0.0,,0.0,0,0.0,0.0,,0.0,bidTooLow
2020-08-10,7934.0,-3.0,0.0,0,335.57,0.0,1,0.01,0.04,SPY200812P00317000,317.0,0,0.0,0.0,,0.0,normalDay
2020-08-11,7934.0,-5.0,0.0,0,332.8,0.0,1,0.01,0.06,SPY200812P00317000,317.0,0,0.0,0.0,,0.0,normalDay
2020-08-12,7935.0,0.0,1.0,0,337.44,0.0,1,0.01,0.0,SPY200812P00317000,317.0,0,0.0,0.0,,0.0,expirationDay
2020-08-13,7935.0,0.0,0.0,0,336.83,0.0,0,0.0,0.0,,0.0,0,0.0,0.0,,0.0,bidTooLow
2020-08-14,7935.0,0.0,0.0,0,336.84,0.0,0,0.0,0.0,,0.0,0,0.0,0.0,,0.0,bidTooLow
2020-08-17,7935.0,0.0,0.0,0,337.91,0.0,0,0.0,0.0,,0.0,0,0.0,0.0,,0.0,bidTooLow
2020-08-18,7935.0,-3.0,0.0,0,338.64,0.0,1,0.05,0.08,SPY200821P00319000,319.0,0,0.0,0.0,,0.0,normalDay
2020-08-19,7935.0,-4.0,0.0,0,337.23,0.0,1,0.05,0.09,SPY200821P00319000,319.0,0,0.0,0.0,,0.0,normalDay
2020-08-20,7935.0,2.0,0.0,0,338.28,0.0,1,0.05,0.03,SPY200821P00319000,319.0,0,0.0,0.0,,0.0,normalDay
2020-08-21,7940.0,0.0,5.0,0,339.48,0.0,1,0.05,0.0,SPY200821P00319000,319.0,0,0.0,0.0,,0.0,expirationDay
2020-08-24,7940.0,-3.0,0.0,0,342.92,0.0,1,0.02,0.05,SPY200826P00323000,323.0,0,0.0,0.0,,0.0,normalDay
2020-08-25,7940.0,0.0,0.0,0,344.12,0.0,1,0.02,0.02,SPY200826P00323000,323.0,0,0.0,0.0,,0.0,normalDay
2020-08-26,7942.0,0.0,2.0,0,347.57,0.0,1,0.02,0.0,SPY200826P00323000,323.0,0,0.0,0.0,,0.0,expirationDay
2020-08-27,7942.0,0.0,0.0,0,348.33,0.0,0,0.0,0.0,,0.0,0,0.0,0.0,,0.0,bidTooLow
2020-08-28,7942.0,-3.0,0.0,0,350.58,0.0,1,0.01,0.04,SPY200831P00328000,328.0,0,0.0,0.0,,0.0,normalDay
2020-08-31,7943.0,0.0,1.0,0,349.31,0.0,1,0.01,0.0,SPY200831P00328000,328.0,0,0.0,0.0,,0.0,expirationDay
2020-09-01,7943.0,-3.0,0.0,0,352.6,0.0,1,0.04,0.07,SPY200904P00329000,329.0,0,0.0,0.0,,0.0,normalDay
2020-09-02,7943.0,-1.0,0.0,0,357.7,0.0,1,0.04,0.05,SPY200904P00329000,329.0,0,0.0,0.0,,0.0,normalDay
2020-09-03,7943.0,-9.0,0.0,0,345.39,0.0,1,0.04,0.13,SPY200904P00329000,329.0,0,0.0,0.0,,0.0,normalDay
2020-09-04,7947.0,0.0,4.0,0,342.57,0.0,1,0.04,0.0,SPY200904P00329000,329.0,0,0.0,0.0,,0.0,expirationDay
2020-09-08,7947.0,-6.0,0.0,0,333.21,0.0,1,2.81,2.87,SPY200911P00330000,330.0,0,0.0,0.0,,0.0,normalDay
2020-09-09,7947.0,206.0,0.0,0,339.79,0.0,1,2.81,0.75,SPY200911P00330000,330.0,0,0.0,0.0,,0.0,normalDay
2020-09-10,7947.0,186.0,0.0,0,333.89,0.0,1,2.81,0.95,SPY200911P00330000,330.0,0,0.0,0.0,,0.0,normalDay
2020-09-11,8228.0,0.0,281.0,0,334.06,0.0,1,2.81,0.0,SPY200911P00330000,330.0,0,0.0,0.0,,0.0,expirationDay
2020-09-14,8228.0,-3.0,0.0,0,338.46,0.0,1,0.43,0.46,SPY200916P00330000,330.0,0,0.0,0.0,,0.0,normalDay
2020-09-15,8228.0,35.0,0.0,0,340.17,0.0,1,0.43,0.08,SPY200916P00330000,330.0,0,0.0,0.0,,0.0,normalDay
2020-09-16,8271.0,0.0,43.0,0,338.82,0.0,1,0.43,0.0,SPY200916P00330000,330.0,0,0.0,0.0,,0.0,expirationDay
2020-09-17,8271.0,-4.0,0.0,0,335.84,0.0,1,0.73,0.77,SPY200918P00331000,331.0,0,0.0,0.0,,0.0,normalDay
2020-09-18,8344.0,-35.0,73.0,100,330.65,331.0,1,0.73,0.0,SPY200918P00331000,331.0,0,0.0,0.0,,0.0,expirationDay
2020-09-21,8344.0,-406.0,0.0,100,326.97,331.0,0,0.0,0.0,,0.0,1,0.03,0.06,SPY201009C00370000,370.0,normalDay
2020-09-22,8344.0,-73.0,0.0,100,330.3,331.0,0,0.0,0.0,,0.0,1,0.03,0.06,SPY201009C00370000,370.0,normalDay
2020-09-23,8344.0,-837.0,0.0,100,322.64,331.0,0,0.0,0.0,,0.0,1,0.03,0.04,SPY201009C00370000,370.0,normalDay
2020-09-24,8344.0,-750.0,0.0,100,323.5,331.0,0,0.0,0.0,,0.0,1,0.03,0.03,SPY201009C00370000,370.0,normalDay
2020-09-25,8344.0,-227.0,0.0,100,328.73,331.0,0,0.0,0.0,,0.0,1,0.03,0.03,SPY201009C00370000,370.0,normalDay
2020-09-28,8344.0,318.0,0.0,100,334.19,331.0,0,0.0,0.0,,0.0,1,0.03,0.04,SPY201009C00370000,370.0,normalDay
2020-09-29,8344.0,137.0,0.0,100,332.37,331.0,0,0.0,0.0,,0.0,1,0.03,0.03,SPY201009C00370000,370.0,normalDay
2020-09-30,8344.0,389.0,0.0,100,334.89,331.0,0,0.0,0.0,,0.0,1,0.03,0.03,SPY201009C00370000,370.0,normalDay
2020-10-01,8344.0,604.0,0.0,100,337.04,331.0,0,0.0,0.0,,0.0,1,0.03,0.03,SPY201009C00370000,370.0,normalDay
2020-10-02,8344.0,285.0,0.0,100,333.84,331.0,0,0.0,0.0,,0.0,1,0.03,0.02,SPY201009C00370000,370.0,normalDay
2020-10-05,8344.0,878.0,0.0,100,339.76,331.0,0,0.0,0.0,,0.0,1,0.03,0.01,SPY201009C00370000,370.0,normalDay
2020-10-06,8344.0,395.0,0.0,100,334.93,331.0,0,0.0,0.0,,0.0,1,0.03,0.01,SPY201009C00370000,370.0,normalDay
2020-10-07,8344.0,978.0,0.0,100,340.76,331.0,0,0.0,0.0,,0.0,1,0.03,0.01,SPY201009C00370000,370.0,normalDay
2020-10-08,8344.0,1280.0,0.0,100,343.78,331.0,0,0.0,0.0,,0.0,1,0.03,0.01,SPY201009C00370000,370.0,normalDay
2020-10-09,8347.0,1585.0,3.0,100,346.85,331.0,0,0.0,0.0,,0.0,1,0.03,0.0,SPY201009C00370000,370.0,expirationDay
2020-10-12,8347.0,2138.0,0.0,100,352.43,331.0,0,0.0,0.0,,0.0,1,1.79,1.84,SPY201030C00362000,362.0,normalDay
2020-10-13,8347.0,1954.0,0.0,100,350.13,331.0,0,0.0,0.0,,0.0,1,1.79,1.38,SPY201030C00362000,362.0,normalDay
2020-10-14,8347.0,1780.0,0.0,100,347.93,331.0,0,0.0,0.0,,0.0,1,1.79,0.92,SPY201030C00362000,362.0,normalDay
2020-10-15,8347.0,1745.0,0.0,100,347.5,331.0,0,0.0,0.0,,0.0,1,1.79,0.84,SPY201030C00362000,362.0,normalDay
2020-10-16,8347.0,1742.0,0.0,100,347.29,331.0,0,0.0,0.0,,0.0,1,1.79,0.66,SPY201030C00362000,362.0,normalDay
2020-10-19,8347.0,1253.0,0.0,100,342.01,331.0,0,0.0,0.0,,0.0,1,1.79,0.27,SPY201030C00362000,362.0,normalDay
2020-10-20,8347.0,1388.0,0.0,100,343.38,331.0,0,0.0,0.0,,0.0,1,1.79,0.29,SPY201030C00362000,362.0,normalDay
2020-10-21,8347.0,1333.0,0.0,100,342.73,331.0,0,0.0,0.0,,0.0,1,1.79,0.19,SPY201030C00362000,362.0,normalDay
2020-10-22,8347.0,1524.0,0.0,100,344.61,331.0,0,0.0,0.0,,0.0,1,1.79,0.16,SPY201030C00362000,362.0,normalDay
2020-10-23,8347.0,1649.0,0.0,100,345.78,331.0,0,0.0,0.0,,0.0,1,1.79,0.08,SPY201030C00362000,362.0,normalDay
2020-10-26,8347.0,1015.0,0.0,100,339.39,331.0,0,0.0,0.0,,0.0,1,1.79,0.03,SPY201030C00362000,362.0,normalDay
2020-10-27,8347.0,900.0,0.0,100,338.22,331.0,0,0.0,0.0,,0.0,1,1.79,0.01,SPY201030C00362000,362.0,normalDay
2020-10-28,8347.0,-256.0,0.0,100,326.66,331.0,0,0.0,0.0,,0.0,1,1.79,0.01,SPY201030C00362000,362.0,normalDay
2020-10-29,8347.0,76.0,0.0,100,329.98,331.0,0,0.0,0.0,,0.0,1,1.79,0.01,SPY201030C00362000,362.0,normalDay
2020-10-30,8526.0,-446.0,179.0,100,326.54,331.0,0,0.0,0.0,,0.0,1,1.79,0.0,SPY201030C00362000,362.0,expirationDay
2020-11-02,8526.0,-83.0,0.0,100,330.2,331.0,0,0.0,0.0,,0.0,1,0.21,0.24,SPY201120C00369000,369.0,normalDay
2020-11-03,8526.0,484.0,0.0,100,336.03,331.0,0,0.0,0.0,,0.0,1,0.21,0.4,SPY201120C00369000,369.0,normalDay
2020-11-04,8526.0,1246.0,0.0,100,343.54,331.0,0,0.0,0.0,,0.0,1,0.21,0.29,SPY201120C00369000,369.0,normalDay
2020-11-05,8526.0,1878.0,0.0,100,350.24,331.0,0,0.0,0.0,,0.0,1,0.21,0.67,SPY201120C00369000,369.0,normalDay
2020-11-06,8526.0,1900.0,0.0,100,350.16,331.0,0,0.0,0.0,,0.0,1,0.21,0.37,SPY201120C00369000,369.0,normalDay
2020-11-09,8526.0,2283.0,0.0,100,354.56,331.0,0,0.0,0.0,,0.0,1,0.21,0.94,SPY201120C00369000,369.0,normalDay
2020-11-10,8526.0,2274.0,0.0,100,354.04,331.0,0,0.0,0.0,,0.0,1,0.21,0.51,SPY201120C00369000,369.0,normalDay
2020-11-11,8526.0,2537.0,0.0,100,356.67,331.0,0,0.0,0.0,,0.0,1,0.21,0.51,SPY201120C00369000,369.0,normalDay
2020-11-12,8526.0,2225.0,0.0,100,353.21,331.0,0,0.0,0.0,,0.0,1,0.21,0.17,SPY201120C00369000,369.0,normalDay
2020-11-13,8526.0,2688.0,0.0,100,358.1,331.0,0,0.0,0.0,,0.0,1,0.21,0.43,SPY201120C00369000,369.0,normalDay
2020-11-16,8526.0,3129.0,0.0,100,362.57,331.0,0,0.0,0.0,,0.0,1,0.21,0.49,SPY201120C00369000,369.0,normalDay
2020-11-17,8526.0,2965.0,0.0,100,360.62,331.0,0,0.0,0.0,,0.0,1,0.21,0.18,SPY201120C00369000,369.0,normalDay
2020-11-18,8526.0,2546.0,0.0,100,356.28,331.0,0,0.0,0.0,,0.0,1,0.21,0.03,SPY201120C00369000,369.0,normalDay
2020-11-19,8526.0,2698.0,0.0,100,357.78,331.0,0,0.0,0.0,,0.0,1,0.21,0.01,SPY201120C00369000,369.0,normalDay
2020-11-20,8547.0,2433.0,21.0,100,355.33,331.0,0,0.0,0.0,,0.0,1,0.21,0.0,SPY201120C00369000,369.0,expirationDay
2020-11-23,8547.0,2643.0,0.0,100,357.46,331.0,0,0.0,0.0,,0.0,1,0.02,0.05,SPY201211C00392000,392.0,normalDay
2020-11-24,8547.0,3214.0,0.0,100,363.22,331.0,0,0.0,0.0,,0.0,1,0.02,0.1,SPY201211C00392000,392.0,normalDay
2020-11-25,8547.0,3160.0,0.0,100,362.66,331.0,0,0.0,0.0,,0.0,1,0.02,0.08,SPY201211C00392000,392.0,normalDay
2020-11-27,8547.0,3263.0,0.0,100,363.67,331.0,0,0.0,0.0,,0.0,1,0.02,0.06,SPY201211C00392000,392.0,normalDay
2020-11-30,8547.0,3105.0,0.0,100,362.06,331.0,0,0.0,0.0,,0.0,1,0.02,0.03,SPY201211C00392000,392.0,normalDay
2020-12-01,8547.0,3500.0,0.0,100,366.02,331.0,0,0.0,0.0,,0.0,1,0.02,0.04,SPY201211C00392000,392.0,normalDay
2020-12-02,8547.0,3577.0,0.0,100,366.79,331.0,0,0.0,0.0,,0.0,1,0.02,0.04,SPY201211C00392000,392.0,normalDay
2020-12-03,8547.0,3569.0,0.0,100,366.69,331.0,0,0.0,0.0,,0.0,1,0.02,0.02,SPY201211C00392000,392.0,normalDay
2020-12-04,8547.0,3885.0,0.0,100,369.85,331.0,0,0.0,0.0,,0.0,1,0.02,0.02,SPY201211C00392000,392.0,normalDay
2020-12-07,8547.0,3810.0,0.0,100,369.09,331.0,0,0.0,0.0,,0.0,1,0.02,0.01,SPY201211C00392000,392.0,normalDay
2020-12-08,8547.0,3918.0,0.0,100,370.17,331.0,0,0.0,0.0,,0.0,1,0.02,0.01,SPY201211C00392000,392.0,normalDay
2020-12-09,8547.0,3586.0,0.0,100,366.85,331.0,0,0.0,0.0,,0.0,1,0.02,0.01,SPY201211C00392000,392.0,normalDay
2020-12-10,8547.0,3574.0,0.0,100,366.73,331.0,0,0.0,0.0,,0.0,1,0.02,0.01,SPY201211C00392000,392.0,normalDay
2020-12-11,8549.0,3530.0,2.0,100,366.3,331.0,0,0.0,0.0,,0.0,1,0.02,0.0,SPY201211C00392000,392.0,expirationDay
2020-12-14,8549.0,3362.0,0.0,100,364.66,331.0,0,0.0,0.0,,0.0,1,0.39,0.43,SPY201231C00380000,380.0,normalDay
2020-12-15,8549.0,3834.0,0.0,100,369.59,331.0,0,0.0,0.0,,0.0,1,0.39,0.64,SPY201231C00380000,380.0,normalDay
2020-12-16,8549.0,3889.0,0.0,100,370.17,331.0,0,0.0,0.0,,0.0,1,0.39,0.67,SPY201231C00380000,380.0,normalDay
2020-12-17,8549.0,4078.0,0.0,100,372.24,331.0,0,0.0,0.0,,0.0,1,0.39,0.85,SPY201231C00380000,380.0,normalDay
2020-12-18,8549.0,3802.0,0.0,100,369.18,331.0,0,0.0,0.0,,0.0,1,0.39,0.55,SPY201231C00380000,380.0,normalDay
2020-12-21,8549.0,3684.0,0.0,100,367.86,331.0,0,0.0,0.0,,0.0,1,0.39,0.41,SPY201231C00380000,380.0,normalDay
2020-12-22,8549.0,3642.0,0.0,100,367.24,331.0,0,0.0,0.0,,0.0,1,0.39,0.21,SPY201231C00380000,380.0,normalDay
2020-12-23,8549.0,3683.0,0.0,100,367.57,331.0,0,0.0,0.0,,0.0,1,0.39,0.13,SPY201231C00380000,380.0,normalDay
2020-12-24,8549.0,3829.0,0.0,100,369.0,331.0,0,0.0,0.0,,0.0,1,0.39,0.1,SPY201231C00380000,380.0,normalDay
2020-12-28,8549.0,4143.0,0.0,100,372.17,331.0,0,0.0,0.0,,0.0,1,0.39,0.13,SPY201231C00380000,380.0,normalDay
2020-12-29,8549.0,4081.0,0.0,100,371.46,331.0,0,0.0,0.0,,0.0,1,0.39,0.04,SPY201231C00380000,380.0,normalDay
2020-12-30,8549.0,4136.0,0.0,100,371.99,331.0,0,0.0,0.0,,0.0,1,0.39,0.02,SPY201231C00380000,380.0,normalDay
2020-12-31,8588.0,4288.0,39.0,100,373.88,331.0,0,0.0,0.0,,0.0,1,0.39,0.0,SPY201231C00380000,380.0,expirationDay
2021-01-04,8588.0,3775.0,0.0,100,368.79,331.0,0,0.0,0.0,,0.0,1,2.47,2.51,SPY210122C00377500,377.5,normalDay
2021-01-05,8588.0,3990.0,0.0,100,371.33,331.0,0,0.0,0.0,,0.0,1,2.47,2.9,SPY210122C00377500,377.5,normalDay
2021-01-06,8588.0,4115.0,0.0,100,373.55,331.0,0,0.0,0.0,,0.0,1,2.47,3.87,SPY210122C00377500,377.5,normalDay
2021-01-07,8588.0,4476.0,0.0,100,379.1,331.0,0,0.0,0.0,,0.0,1,2.47,5.81,SPY210122C00377500,377.5,normalDay
2021-01-08,8588.0,4537.0,0.0,100,381.26,331.0,0,0.0,0.0,,0.0,1,2.47,7.36,SPY210122C00377500,377.5,normalDay
2021-01-11,8588.0,4441.0,0.0,100,378.69,331.0,0,0.0,0.0,,0.0,1,2.47,5.75,SPY210122C00377500,377.5,normalDay
2021-01-12,8588.0,4518.0,0.0,100,378.77,331.0,0,0.0,0.0,,0.0,1,2.47,5.06,SPY210122C00377500,377.5,normalDay
2021-01-13,8588.0,4591.0,0.0,100,379.79,331.0,0,0.0,0.0,,0.0,1,2.47,5.35,SPY210122C00377500,377.5,normalDay
2021-01-14,8588.0,4545.0,0.0,100,378.46,331.0,0,0.0,0.0,,0.0,1,2.47,4.48,SPY210122C00377500,377.5,normalDay
2021-01-15,8588.0,4497.0,0.0,100,375.7,331.0,0,0.0,0.0,,0.0,1,2.47,2.2,SPY210122C00377500,377.5,normalDay
2021-01-19,8588.0,4691.0,0.0,100,378.65,331.0,0,0.0,0.0,,0.0,1,2.47,3.21,SPY210122C00377500,377.5,normalDay
2021-01-20,8588.0,4861.0,0.0,100,383.89,331.0,0,0.0,0.0,,0.0,1,2.47,6.75,SPY210122C00377500,377.5,normalDay
2021-01-21,8588.0,4889.0,0.0,100,384.24,331.0,0,0.0,0.0,,0.0,1,2.47,6.82,SPY210122C00377500,377.5,normalDay
2021-01-22,13485.0,4889.0,4897.0,0,382.88,0.0,0,0.0,0.0,,0.0,1,2.47,0.0,SPY210122C00377500,377.5,expirationDay
2021-01-25,13485.0,-3.0,0.0,0,384.39,0.0,1,0.06,0.09,SPY210127P00368000,368.0,0,0.0,0.0,,0.0,normalDay
2021-01-26,13485.0,2.0,0.0,0,383.79,0.0,1,0.06,0.04,SPY210127P00368000,368.0,0,0.0,0.0,,0.0,normalDay
2021-01-27,13491.0,0.0,6.0,0,374.41,0.0,1,0.06,0.0,SPY210127P00368000,368.0,0,0.0,0.0,,0.0,expirationDay
2021-01-28,13491.0,-4.0,0.0,0,377.63,0.0,1,0.39,0.43,SPY210129P00370000,370.0,0,0.0,0.0,,0.0,normalDay
2021-01-29,13530.0,0.0,39.0,0,370.07,0.0,1,0.39,0.0,SPY210129P00370000,370.0,0,0.0,0.0,,0.0,expirationDay
2021-02-01,13530.0,-3.0,0.0,0,376.23,0.0,1,1.33,1.36,SPY210203P00370000,370.0,0,0.0,0.0,,0.0,normalDay
2021-02-02,13530.0,123.0,0.0,0,381.55,0.0,1,1.33,0.1,SPY210203P00370000,370.0,0,0.0,0.0,,0.0,normalDay
2021-02-03,13663.0,0.0,133.0,0,381.85,0.0,1,1.33,0.0,SPY210203P00370000,370.0,0,0.0,0.0,,0.0,expirationDay
2021-02-04,13663.0,0.0,0.0,0,386.19,0.0,0,0.0,0.0,,0.0,0,0.0,0.0,,0.0,bidTooLow
2021-02-05,13663.0,-3.0,0.0,0,387.71,0.0,1,0.01,0.04,SPY210208P00373000,373.0,0,0.0,0.0,,0.0,normalDay
2021-02-08,13664.0,0.0,1.0,0,390.51,0.0,1,0.01,0.0,SPY210208P00373000,373.0,0,0.0,0.0,,0.0,expirationDay
2021-02-09,13664.0,-3.0,0.0,0,390.25,0.0,1,0.05,0.08,SPY210212P00372000,372.0,0,0.0,0.0,,0.0,normalDay
2021-02-10,13664.0,-2.0,0.0,0,390.08,0.0,1,0.05,0.07,SPY210212P00372000,372.0,0,0.0,0.0,,0.0,normalDay
2021-02-11,13664.0,3.0,0.0,0,390.71,0.0,1,0.05,0.02,SPY210212P00372000,372.0,0,0.0,0.0,,0.0,normalDay
2021-02-12,13669.0,0.0,5.0,0,392.64,0.0,1,0.05,0.0,SPY210212P00372000,372.0,0,0.0,0.0,,0.0,expirationDay
2021-02-16,13669.0,-3.0,0.0,0,392.3,0.0,1,0.11,0.14,SPY210219P00373000,373.0,0,0.0,0.0,,0.0,normalDay
2021-02-17,13669.0,3.0,0.0,0,392.39,0.0,1,0.11,0.08,SPY210219P00373000,373.0,0,0.0,0.0,,0.0,normalDay
2021-02-18,13669.0,6.0,0.0,0,390.72,0.0,1,0.11,0.05,SPY210219P00373000,373.0,0,0.0,0.0,,0.0,normalDay
2021-02-19,13680.0,0.0,11.0,0,390.03,0.0,1,0.11,0.0,SPY210219P00373000,373.0,0,0.0,0.0,,0.0,expirationDay
2021-02-22,13680.0,-3.0,0.0,0,387.03,0.0,1,0.1,0.13,SPY210224P00374000,374.0,0,0.0,0.0,,0.0,normalDay
2021-02-23,13680.0,6.0,0.0,0,387.5,0.0,1,0.1,0.04,SPY210224P00374000,374.0,0,0.0,0.0,,0.0,normalDay
2021-02-24,13690.0,0.0,10.0,0,391.77,0.0,1,0.1,0.0,SPY210224P00374000,374.0,0,0.0,0.0,,0.0,expirationDay
2021-02-25,13690.0,-3.0,0.0,0,382.33,0.0,1,0.51,0.54,SPY210226P00375000,375.0,0,0.0,0.0,,0.0,normalDay
2021-02-26,13741.0,0.0,51.0,0,380.36,0.0,1,0.51,0.0,SPY210226P00375000,375.0,0,0.0,0.0,,0.0,expirationDay
2021-03-01,13741.0,-4.0,0.0,0,389.58,0.0,1,0.34,0.38,SPY210303P00379000,379.0,0,0.0,0.0,,0.0,normalDay
2021-03-02,13741.0,1.0,0.0,0,386.54,0.0,1,0.34,0.33,SPY210303P00379000,379.0,0,0.0,0.0,,0.0,normalDay
2021-03-03,13775.0,0.0,34.0,0,381.42,0.0,1,0.34,0.0,SPY210303P00379000,379.0,0,0.0,0.0,,0.0,expirationDay
2021-03-04,13775.0,-10.0,0.0,0,376.7,0.0,1,4.3,4.4,SPY210305P00380000,380.0,0,0.0,0.0,,0.0,normalDay
2021-03-05,14205.0,0.0,430.0,0,383.63,0.0,1,4.3,0.0,SPY210305P00380000,380.0,0,0.0,0.0,,0.0,expirationDay
2021-03-08,14205.0,-5.0,0.0,0,381.72,0.0,1,1.93,1.98,SPY210310P00379000,379.0,0,0.0,0.0,,0.0,normalDay
2021-03-09,14205.0,170.0,0.0,0,387.17,0.0,1,1.93,0.23,SPY210310P00379000,379.0,0,0.0,0.0,,0.0,normalDay
2021-03-10,14398.0,0.0,193.0,0,389.58,0.0,1,1.93,0.0,SPY210310P00379000,379.0,0,0.0,0.0,,0.0,expirationDay
2021-03-11,14398.0,-3.0,0.0,0,393.53,0.0,1,0.01,0.04,SPY210312P00379000,379.0,0,0.0,0.0,,0.0,normalDay
2021-03-12,14399.0,0.0,1.0,0,394.06,0.0,1,0.01,0.0,SPY210312P00379000,379.0,0,0.0,0.0,,0.0,expirationDay
2021-03-15,14399.0,-3.0,0.0,0,396.41,0.0,1,0.02,0.05,SPY210317P00378000,378.0,0,0.0,0.0,,0.0,normalDay
2021-03-16,14399.0,-2.0,0.0,0,395.91,0.0,1,0.02,0.04,SPY210317P00378000,378.0,0,0.0,0.0,,0.0,normalDay
2021-03-17,14401.0,0.0,2.0,0,397.26,0.0,1,0.02,0.0,SPY210317P00378000,378.0,0,0.0,0.0,,0.0,expirationDay
2021-03-18,14401.0,-4.0,0.0,0,391.48,0.0,1,0.13,0.17,SPY210319P00378000,378.0,0,0.0,0.0,,0.0,normalDay
2021-03-19,14414.0,0.0,13.0,0,389.48,0.0,1,0.13,0.0,SPY210319P00378000,378.0,0,0.0,0.0,,0.0,expirationDay
2021-03-22,14414.0,-3.0,0.0,0,392.59,0.0,1,0.02,0.05,SPY210324P00378000,378.0,0,0.0,0.0,,0.0,normalDay
2021-03-23,14414.0,-3.0,0.0,0,389.5,0.0,1,0.02,0.05,SPY210324P00378000,378.0,0,0.0,0.0,,0.0,normalDay
2021-03-24,14416.0,0.0,2.0,0,387.52,0.0,1,0.02,0.0,SPY210324P00378000,378.0,0,0.0,0.0,,0.0,expirationDay
2021-03-25,14416.0,-3.0,0.0,0,389.7,0.0,1,0.02,0.05,SPY210326P00378000,378.0,0,0.0,0.0,,0.0,normalDay
2021-03-26,14418.0,0.0,2.0,0,395.98,0.0,1,0.02,0.0,SPY210326P00378000,378.0,0,0.0,0.0,,0.0,expirationDay
2021-03-29,14418.0,-3.0,0.0,0,395.78,0.0,1,0.18,0.21,SPY210401P00380000,380.0,0,0.0,0.0,,0.0,normalDay
2021-03-30,14418.0,10.0,0.0,0,394.73,0.0,1,0.18,0.08,SPY210401P00380000,380.0,0,0.0,0.0,,0.0,normalDay
2021-03-31,14418.0,16.0,0.0,0,396.33,0.0,1,0.18,0.02,SPY210401P00380000,380.0,0,0.0,0.0,,0.0,normalDay
2021-04-01,14436.0,0.0,18.0,0,400.61,0.0,1,0.18,0.0,SPY210401P00380000,380.0,0,0.0,0.0,,0.0,expirationDay
2021-04-05,14436.0,-3.0,0.0,0,406.36,0.0,1,0.01,0.04,SPY210407P00384000,384.0,0,0.0,0.0,,0.0,normalDay
2021-04-06,14436.0,-1.0,0.0,0,406.12,0.0,1,0.01,0.02,SPY210407P00384000,384.0,0,0.0,0.0,,0.0,normalDay
2021-04-07,14437.0,0.0,1.0,0,406.59,0.0,1,0.01,0.0,SPY210407P00384000,384.0,0,0.0,0.0,,0.0,expirationDay
2021-04-08,14437.0,0.0,0.0,0,408.52,0.0,0,0.0,0.0,,0.0,0,0.0,0.0,,0.0,bidTooLow
2021-04-09,14437.0,0.0,0.0,0,411.49,0.0,0,0.0,0.0,,0.0,0,0.0,0.0,,0.0,bidTooLow
2021-04-12,14437.0,0.0,0.0,0,411.64,0.0,0,0.0,0.0,,0.0,0,0.0,0.0,,0.0,bidTooLow
2021-04-13,14437.0,0.0,0.0,0,412.86,0.0,0,0.0,0.0,,0.0,0,0.0,0.0,,0.0,bidTooLow
2021-04-14,14437.0,0.0,0.0,0,411.45,0.0,0,0.0,0.0,,0.0,0,0.0,0.0,,0.0,bidTooLow
2021-04-15,14437.0,0.0,0.0,0,415.87,0.0,0,0.0,0.0,,0.0,0,0.0,0.0,,0.0,bidTooLow
2021-04-16,14437.0,0.0,0.0,0,417.26,0.0,0,0.0,0.0,,0.0,0,0.0,0.0,,0.0,bidTooLow
2021-04-19,14437.0,0.0,0.0,0,415.21,0.0,0,0.0,0.0,,0.0,0,0.0,0.0,,0.0,bidTooLow
2021-04-20,14437.0,-3.0,0.0,0,412.17,0.0,1,0.01,0.04,SPY210423P00387000,387.0,0,0.0,0.0,,0.0,normalDay
2021-04-21,14437.0,-1.0,0.0,0,416.07,0.0,1,0.01,0.02,SPY210423P00387000,387.0,0,0.0,0.0,,0.0,normalDay
2021-04-22,14437.0,0.0,0.0,0,412.27,0.0,1,0.01,0.01,SPY210423P00387000,387.0,0,0.0,0.0,,0.0,normalDay
2021-04-23,14438.0,0.0,1.0,0,416.74,0.0,1,0.01,0.0,SPY210423P00387000,387.0,0,0.0,0.0,,0.0,expirationDay
2021-04-26,14438.0,0.0,0.0,0,417.61,0.0,0,0.0,0.0,,0.0,0,0.0,0.0,,0.0,bidTooLow
2021-04-27,14438.0,-3.0,0.0,0,417.52,0.0,1,0.03,0.06,SPY210430P00398000,398.0,0,0.0,0.0,,0.0,normalDay
2021-04-28,14438.0,0.0,0.0,0,417.4,0.0,1,0.03,0.03,SPY210430P00398000,398.0,0,0.0,0.0,,0.0,normalDay
2021-04-29,14438.0,1.0,0.0,0,420.06,0.0,1,0.03,0.02,SPY210430P00398000,398.0,0,0.0,0.0,,0.0,normalDay
2021-04-30,14441.0,0.0,3.0,0,417.3,0.0,1,0.03,0.0,SPY210430P00398000,398.0,0,0.0,0.0,,0.0,expirationDay
2021-05-03,14441.0,-3.0,0.0,0,418.2,0.0,1,0.06,0.09,SPY210505P00407000,407.0,0,0.0,0.0,,0.0,normalDay
2021-05-04,14441.0,-1.0,0.0,0,415.62,0.0,1,0.06,0.07,SPY210505P00407000,407.0,0,0.0,0.0,,0.0,normalDay
2021-05-05,14447.0,0.0,6.0,0,415.75,0.0,1,0.06,0.0,SPY210505P00407000,407.0,0,0.0,0.0,,0.0,expirationDay
2021-05-06,14447.0,-3.0,0.0,0,419.07,0.0,1,0.05,0.08,SPY210507P00411000,411.0,0,0.0,0.0,,0.0,normalDay
2021-05-07,14452.0,0.0,5.0,0,422.12,0.0,1,0.05,0.0,SPY210507P00411000,411.0,0,0.0,0.0,,0.0,expirationDay
2021-05-10,14452.0,-3.0,0.0,0,417.94,0.0,1,0.64,0.67,SPY210512P00412000,412.0,0,0.0,0.0,,0.0,normalDay
2021-05-11,14452.0,-41.0,0.0,0,414.21,0.0,1,0.64,1.05,SPY210512P00412000,412.0,0,0.0,0.0,,0.0,normalDay
2021-05-12,14516.0,-659.0,64.0,100,405.41,412.0,1,0.64,0.0,SPY210512P00412000,412.0,0,0.0,0.0,,0.0,expirationDay
2021-05-13,14516.0,-175.0,0.0,100,410.28,412.0,0,0.0,0.0,,0.0,1,0.3,0.33,SPY210601C00429000,429.0,normalDay
2021-05-14,14516.0,431.0,0.0,100,416.58,412.0,0,0.0,0.0,,0.0,1,0.3,0.57,SPY210601C00429000,429.0,normalDay
2021-05-17,14516.0,353.0,0.0,100,415.52,412.0,0,0.0,0.0,,0.0,1,0.3,0.29,SPY210601C00429000,429.0,normalDay
2021-05-18,14516.0,11.0,0.0,100,411.94,412.0,0,0.0,0.0,,0.0,1,0.3,0.13,SPY210601C00429000,429.0,normalDay
2021-05-19,14516.0,-92.0,0.0,100,410.86,412.0,0,0.0,0.0,,0.0,1,0.3,0.08,SPY210601C00429000,429.0,normalDay
2021-05-20,14516.0,344.0,0.0,100,415.28,412.0,0,0.0,0.0,,0.0,1,0.3,0.14,SPY210601C00429000,429.0,normalDay
2021-05-21,14516.0,318.0,0.0,100,414.94,412.0,0,0.0,0.0,,0.0,1,0.3,0.06,SPY210601C00429000,429.0,normalDay
2021-05-24,14516.0,738.0,0.0,100,419.17,412.0,0,0.0,0.0,,0.0,1,0.3,0.09,SPY210601C00429000,429.0,normalDay
2021-05-25,14516.0,649.0,0.0,100,418.24,412.0,0,0.0,0.0,,0.0,1,0.3,0.05,SPY210601C00429000,429.0,normalDay
2021-05-26,14516.0,735.0,0.0,100,419.07,412.0,0,0.0,0.0,,0.0,1,0.3,0.02,SPY210601C00429000,429.0,normalDay
2021-05-27,14516.0,757.0,0.0,100,419.29,412.0,0,0.0,0.0,,0.0,1,0.3,0.02,SPY210601C00429000,429.0,normalDay
2021-05-28,14516.0,832.0,0.0,100,420.04,412.0,0,0.0,0.0,,0.0,1,0.3,0.02,SPY210601C00429000,429.0,normalDay
2021-06-01,14546.0,767.0,30.0,100,419.67,412.0,0,0.0,0.0,,0.0,1,0.3,0.0,SPY210601C00429000,429.0,expirationDay
2021-06-02,14546.0,830.0,0.0,100,420.33,412.0,0,0.0,0.0,,0.0,1,0.54,0.57,SPY210621C00431000,431.0,normalDay
2021-06-03,14546.0,691.0,0.0,100,418.77,412.0,0,0.0,0.0,,0.0,1,0.54,0.4,SPY210621C00431000,431.0,normalDay
2021-06-04,14546.0,1059.0,0.0,100,422.6,412.0,0,0.0,0.0,,0.0,1,0.54,0.55,SPY210621C00431000,431.0,normalDay
2021-06-07,14546.0,1034.0,0.0,100,422.19,412.0,0,0.0,0.0,,0.0,1,0.54,0.39,SPY210621C00431000,431.0,normalDay
2021-06-08,14546.0,1039.0,0.0,100,422.28,412.0,0,0.0,0.0,,0.0,1,0.54,0.43,SPY210621C00431000,431.0,normalDay
2021-06-09,14546.0,976.0,0.0,100,421.65,412.0,0,0.0,0.0,,0.0,1,0.54,0.43,SPY210621C00431000,431.0,normalDay
2021-06-10,14546.0,1181.0,0.0,100,423.61,412.0,0,0.0,0.0,,0.0,1,0.54,0.34,SPY210621C00431000,431.0,normalDay
2021-06-11,14546.0,1260.0,0.0,100,424.31,412.0,0,0.0,0.0,,0.0,1,0.54,0.25,SPY210621C00431000,431.0,normalDay
2021-06-14,14546.0,1351.0,0.0,100,425.26,412.0,0,0.0,0.0,,0.0,1,0.54,0.29,SPY210621C00431000,431.0,normalDay
2021-06-15,14546.0,1282.0,0.0,100,424.48,412.0,0,0.0,0.0,,0.0,1,0.54,0.2,SPY210621C00431000,431.0,normalDay
2021-06-16,14546.0,1058.0,0.0,100,422.11,412.0,0,0.0,0.0,,0.0,1,0.54,0.07,SPY210621C00431000,431.0,normalDay
2021-06-17,14546.0,1048.0,0.0,100,421.97,412.0,0,0.0,0.0,,0.0,1,0.54,0.03,SPY210621C00431000,431.0,normalDay
2021-06-18,14546.0,345.0,0.0,100,414.92,412.0,0,0.0,0.0,,0.0,1,0.54,0.01,SPY210621C00431000,431.0,normalDay
2021-06-21,14600.0,886.0,54.0,100,420.86,412.0,0,0.0,0.0,,0.0,1,0.54,0.0,SPY210621C00431000,431.0,expirationDay
2021-06-22,14600.0,1107.0,0.0,100,423.11,412.0,0,0.0,0.0,,0.0,1,0.88,0.92,SPY210709C00430000,430.0,normalDay
2021-06-23,14600.0,1074.0,0.0,100,422.6,412.0,0,0.0,0.0,,0.0,1,0.88,0.74,SPY210709C00430000,430.0,normalDay
2021-06-24,14600.0,1284.0,0.0,100,425.1,412.0,0,0.0,0.0,,0.0,1,0.88,1.14,SPY210709C00430000,430.0,normalDay
2021-06-25,14600.0,1420.0,0.0,100,426.61,412.0,0,0.0,0.0,,0.0,1,0.88,1.29,SPY210709C00430000,430.0,normalDay
2021-06-28,14600.0,1504.0,0.0,100,427.47,412.0,0,0.0,0.0,,0.0,1,0.88,1.31,SPY210709C00430000,430.0,normalDay
2021-06-29,14600.0,1515.0,0.0,100,427.7,412.0,0,0.0,0.0,,0.0,1,0.88,1.43,SPY210709C00430000,430.0,normalDay
2021-06-30,14600.0,1542.0,0.0,100,428.06,412.0,0,0.0,0.0,,0.0,1,0.88,1.52,SPY210709C00430000,430.0,normalDay
2021-07-01,14600.0,1698.0,0.0,100,430.43,412.0,0,0.0,0.0,,0.0,1,0.88,2.33,SPY210709C00430000,430.0,normalDay
2021-07-02,14600.0,1834.0,0.0,100,433.72,412.0,0,0.0,0.0,,0.0,1,0.88,4.26,SPY210709C00430000,430.0,normalDay
2021-07-06,14600.0,1841.0,0.0,100,432.93,412.0,0,0.0,0.0,,0.0,1,0.88,3.4,SPY210709C00430000,430.0,normalDay
2021-07-07,14600.0,1880.0,0.0,100,434.46,412.0,0,0.0,0.0,,0.0,1,0.88,4.54,SPY210709C00430000,430.0,normalDay
2021-07-08,14600.0,1817.0,0.0,100,430.92,412.0,0,0.0,0.0,,0.0,1,0.88,1.63,SPY210709C00430000,430.0,normalDay
2021-07-09,16488.0,1817.0,1888.0,0,435.52,0.0,0,0.0,0.0,,0.0,1,0.88,0.0,SPY210709C00430000,430.0,expirationDay
2021-07-12,16488.0,-3.0,0.0,0,437.08,0.0,1,0.01,0.04,SPY210714P00417000,417.0,0,0.0,0.0,,0.0,normalDay
2021-07-13,16488.0,-3.0,0.0,0,435.59,0.0,1,0.01,0.04,SPY210714P00417000,417.0,0,0.0,0.0,,0.0,normalDay
2021-07-14,16489.0,0.0,1.0,0,436.24,0.0,1,0.01,0.0,SPY210714P00417000,417.0,0,0.0,0.0,,0.0,expirationDay
2021-07-15,16489.0,-3.0,0.0,0,434.75,0.0,1,0.01,0.04,SPY210716P00418000,418.0,0,0.0,0.0,,0.0,normalDay
2021-07-16,16490.0,0.0,1.0,0,431.34,0.0,1,0.01,0.0,SPY210716P00418000,418.0,0,0.0,0.0,,0.0,expirationDay
2021-07-19,16490.0,-4.0,0.0,0,424.97,0.0,1,1.37,1.41,SPY210721P00421000,421.0,0,0.0,0.0,,0.0,normalDay
2021-07-20,16490.0,130.0,0.0,0,431.06,0.0,1,1.37,0.07,SPY210721P00421000,421.0,0,0.0,0.0,,0.0,normalDay
2021-07-21,16627.0,0.0,137.0,0,434.55,0.0,1,1.37,0.0,SPY210721P00421000,421.0,0,0.0,0.0,,0.0,expirationDay
2021-07-22,16627.0,-3.0,0.0,0,435.46,0.0,1,0.01,0.04,SPY210723P00425000,425.0,0,0.0,0.0,,0.0,normalDay
2021-07-23,16628.0,0.0,1.0,0,439.94,0.0,1,0.01,0.0,SPY210723P00425000,425.0,0,0.0,0.0,,0.0,expirationDay
2021-07-26,16628.0,-3.0,0.0,0,441.02,0.0,1,0.02,0.05,SPY210728P00426000,426.0,0,0.0,0.0,,0.0,normalDay
2021-07-27,16628.0,-3.0,0.0,0,439.01,0.0,1,0.02,0.05,SPY210728P00426000,426.0,0,0.0,0.0,,0.0,normalDay
2021-07-28,16630.0,0.0,2.0,0,438.83,0.0,1,0.02,0.0,SPY210728P00426000,426.0,0,0.0,0.0,,0.0,expirationDay
2021-07-29,16630.0,0.0,0.0,0,440.65,0.0,0,0.0,0.0,,0.0,0,0.0,0.0,,0.0,bidTooLow
2021-07-30,16630.0,-3.0,0.0,0,438.51,0.0,1,0.04,0.07,SPY210802P00428000,428.0,0,0.0,0.0,,0.0,normalDay
2021-08-02,16634.0,0.0,4.0,0,437.59,0.0,1,0.04,0.0,SPY210802P00428000,428.0,0,0.0,0.0,,0.0,expirationDay
2021-08-03,16634.0,-3.0,0.0,0,441.15,0.0,1,0.1,0.13,SPY210806P00429000,429.0,0,0.0,0.0,,0.0,normalDay
2021-08-04,16634.0,-2.0,0.0,0,438.98,0.0,1,0.1,0.12,SPY210806P00429000,429.0,0,0.0,0.0,,0.0,normalDay
2021-08-05,16634.0,7.0,0.0,0,441.76,0.0,1,0.1,0.03,SPY210806P00429000,429.0,0,0.0,0.0,,0.0,normalDay
2021-08-06,16644.0,0.0,10.0,0,442.49,0.0,1,0.1,0.0,SPY210806P00429000,429.0,0,0.0,0.0,,0.0,expirationDay
2021-08-09,16644.0,-3.0,0.0,0,442.13,0.0,1,0.01,0.04,SPY210811P00429000,429.0,0,0.0,0.0,,0.0,normalDay
2021-08-10,16644.0,-2.0,0.0,0,442.68,0.0,1,0.01,0.03,SPY210811P00429000,429.0,0,0.0,0.0,,0.0,normalDay
2021-08-11,16645.0,0.0,1.0,0,443.78,0.0,1,0.01,0.0,SPY210811P00429000,429.0,0,0.0,0.0,,0.0,expirationDay
2021-08-12,16645.0,-3.0,0.0,0,445.11,0.0,1,0.01,0.04,SPY210813P00430000,430.0,0,0.0,0.0,,0.0,normalDay
2021-08-13,16646.0,0.0,1.0,0,445.92,0.0,1,0.01,0.0,SPY210813P00430000,430.0,0,0.0,0.0,,0.0,expirationDay
2021-08-16,16646.0,-3.0,0.0,0,446.97,0.0,1,0.04,0.07,SPY210818P00433000,433.0,0,0.0,0.0,,0.0,normalDay
2021-08-17,16646.0,-4.0,0.0,0,444.04,0.0,1,0.04,0.08,SPY210818P00433000,433.0,0,0.0,0.0,,0.0,normalDay
2021-08-18,16650.0,0.0,4.0,0,439.18,0.0,1,0.04,0.0,SPY210818P00433000,433.0,0,0.0,0.0,,0.0,expirationDay
2021-08-19,16650.0,-4.0,0.0,0,439.86,0.0,1,0.77,0.81,SPY210820P00437000,437.0,0,0.0,0.0,,0.0,normalDay
2021-08-20,16727.0,0.0,77.0,0,443.36,0.0,1,0.77,0.0,SPY210820P00437000,437.0,0,0.0,0.0,,0.0,expirationDay
2021-08-23,16727.0,-3.0,0.0,0,447.26,0.0,1,0.05,0.08,SPY210825P00437000,437.0,0,0.0,0.0,,0.0,normalDay
2021-08-24,16727.0,1.0,0.0,0,447.97,0.0,1,0.05,0.04,SPY210825P00437000,437.0,0,0.0,0.0,,0.0,normalDay
2021-08-25,16732.0,0.0,5.0,0,448.91,0.0,1,0.05,0.0,SPY210825P00437000,437.0,0,0.0,0.0,,0.0,expirationDay
2021-08-26,16732.0,-3.0,0.0,0,446.26,0.0,1,0.08,0.11,SPY210827P00437000,437.0,0,0.0,0.0,,0.0,normalDay
2021-08-27,16740.0,0.0,8.0,0,450.25,0.0,1,0.08,0.0,SPY210827P00437000,437.0,0,0.0,0.0,,0.0,expirationDay
2021-08-30,16740.0,-3.0,0.0,0,452.23,0.0,1,0.02,0.05,SPY210901P00438000,438.0,0,0.0,0.0,,0.0,normalDay
2021-08-31,16740.0,-2.0,0.0,0,451.56,0.0,1,0.02,0.04,SPY210901P00438000,438.0,0,0.0,0.0,,0.0,normalDay
2021-09-01,16742.0,0.0,2.0,0,451.8,0.0,1,0.02,0.0,SPY210901P00438000,438.0,0,0.0,0.0,,0.0,expirationDay
2021-09-02,16742.0,-3.0,0.0,0,453.19,0.0,1,0.01,0.04,SPY210903P00439000,439.0,0,0.0,0.0,,0.0,normalDay
2021-09-03,16743.0,0.0,1.0,0,453.08,0.0,1,0.01,0.0,SPY210903P00439000,439.0,0,0.0,0.0,,0.0,expirationDay
2021-09-07,16743.0,-3.0,0.0,0,451.46,0.0,1,0.18,0.21,SPY210910P00440000,440.0,0,0.0,0.0,,0.0,normalDay
2021-09-08,16743.0,7.0,0.0,0,450.91,0.0,1,0.18,0.11,SPY210910P00440000,440.0,0,0.0,0.0,,0.0,normalDay
2021-09-09,16743.0,10.0,0.0,0,448.98,0.0,1,0.18,0.08,SPY210910P00440000,440.0,0,0.0,0.0,,0.0,normalDay
2021-09-10,16761.0,0.0,18.0,0,445.44,0.0,1,0.18,0.0,SPY210910P00440000,440.0,0,0.0,0.0,,0.0,expirationDay
2021-09-13,16761.0,-3.0,0.0,0,446.58,0.0,1,0.69,0.72,SPY210915P00441000,441.0,0,0.0,0.0,,0.0,normalDay
2021-09-14,16761.0,18.0,0.0,0,444.17,0.0,1,0.69,0.51,SPY210915P00441000,441.0,0,0.0,0.0,,0.0,normalDay
2021-09-15,16830.0,0.0,69.0,0,447.88,0.0,1,0.69,0.0,SPY210915P00441000,441.0,0,0.0,0.0,,0.0,expirationDay
2021-09-16,16830.0,-3.0,0.0,0,447.17,0.0,1,0.32,0.35,SPY210917P00442000,442.0,0,0.0,0.0,,0.0,normalDay
2021-09-17,16862.0,-60.0,32.0,100,441.4,442.0,1,0.32,0.0,SPY210917P00442000,442.0,0,0.0,0.0,,0.0,expirationDay
2021-09-20,16862.0,-799.0,0.0,100,434.04,442.0,0,0.0,0.0,,0.0,1,0.07,0.1,SPY211008C00464000,464.0,normalDay
2021-09-21,16862.0,-836.0,0.0,100,433.63,442.0,0,0.0,0.0,,0.0,1,0.07,0.06,SPY211008C00464000,464.0,normalDay
2021-09-22,16862.0,-416.0,0.0,100,437.86,442.0,0,0.0,0.0,,0.0,1,0.07,0.09,SPY211008C00464000,464.0,normalDay
2021-09-23,16862.0,113.0,0.0,100,443.18,442.0,0,0.0,0.0,,0.0,1,0.07,0.12,SPY211008C00464000,464.0,normalDay
2021-09-24,16862.0,190.0,0.0,100,443.91,442.0,0,0.0,0.0,,0.0,1,0.07,0.08,SPY211008C00464000,464.0,normalDay
2021-09-27,16862.0,66.0,0.0,100,442.64,442.0,0,0.0,0.0,,0.0,1,0.07,0.05,SPY211008C00464000,464.0,normalDay
2021-09-28,16862.0,-824.0,0.0,100,433.72,442.0,0,0.0,0.0,,0.0,1,0.07,0.03,SPY211008C00464000,464.0,normalDay
2021-09-29,16862.0,-751.0,0.0,100,434.45,442.0,0,0.0,0.0,,0.0,1,0.07,0.03,SPY211008C00464000,464.0,normalDay
2021-09-30,16862.0,-1282.0,0.0,100,429.14,442.0,0,0.0,0.0,,0.0,1,0.07,0.03,SPY211008C00464000,464.0,normalDay
2021-10-01,16862.0,-771.0,0.0,100,434.24,442.0,0,0.0,0.0,,0.0,1,0.07,0.02,SPY211008C00464000,464.0,normalDay
2021-10-04,16862.0,-1330.0,0.0,100,428.64,442.0,0,0.0,0.0,,0.0,1,0.07,0.01,SPY211008C00464000,464.0,normalDay
2021-10-05,16862.0,-884.0,0.0,100,433.1,442.0,0,0.0,0.0,,0.0,1,0.07,0.01,SPY211008C00464000,464.0,normalDay
2021-10-06,16862.0,-704.0,0.0,100,434.9,442.0,0,0.0,0.0,,0.0,1,0.07,0.01,SPY211008C00464000,464.0,normalDay
2021-10-07,16862.0,-328.0,0.0,100,438.66,442.0,0,0.0,0.0,,0.0,1,0.07,0.01,SPY211008C00464000,464.0,normalDay
2021-10-08,16869.0,-414.0,7.0,100,437.86,442.0,0,0.0,0.0,,0.0,1,0.07,0.0,SPY211008C00464000,464.0,expirationDay
2021-10-11,16869.0,-734.0,0.0,100,434.69,442.0,0,0.0,0.0,,0.0,1,0.04,0.07,SPY211029C00458000,458.0,normalDay
2021-10-12,16869.0,-840.0,0.0,100,433.62,442.0,0,0.0,0.0,,0.0,1,0.04,0.06,SPY211029C00458000,458.0,normalDay
2021-10-13,16869.0,-686.0,0.0,100,435.18,442.0,0,0.0,0.0,,0.0,1,0.04,0.08,SPY211029C00458000,458.0,normalDay
2021-10-14,16869.0,36.0,0.0,100,442.5,442.0,0,0.0,0.0,,0.0,1,0.04,0.18,SPY211029C00458000,458.0,normalDay
2021-10-15,16869.0,363.0,0.0,100,445.87,442.0,0,0.0,0.0,,0.0,1,0.04,0.28,SPY211029C00458000,458.0,normalDay
2021-10-18,16869.0,495.0,0.0,100,447.19,442.0,0,0.0,0.0,,0.0,1,0.04,0.28,SPY211029C00458000,458.0,normalDay
2021-10-19,16869.0,808.0,0.0,100,450.64,442.0,0,0.0,0.0,,0.0,1,0.04,0.6,SPY211029C00458000,458.0,normalDay
2021-10-20,16869.0,976.0,0.0,100,452.41,442.0,0,0.0,0.0,,0.0,1,0.04,0.69,SPY211029C00458000,458.0,normalDay
2021-10-21,16869.0,1090.0,0.0,100,453.59,442.0,0,0.0,0.0,,0.0,1,0.04,0.73,SPY211029C00458000,458.0,normalDay
2021-10-22,16869.0,1072.0,0.0,100,453.12,442.0,0,0.0,0.0,,0.0,1,0.04,0.44,SPY211029C00458000,458.0,normalDay
2021-10-25,16869.0,1288.0,0.0,100,455.55,442.0,0,0.0,0.0,,0.0,1,0.04,0.71,SPY211029C00458000,458.0,normalDay
2021-10-26,16869.0,1296.0,0.0,100,455.96,442.0,0,0.0,0.0,,0.0,1,0.04,1.04,SPY211029C00458000,458.0,normalDay
2021-10-27,16869.0,1167.0,0.0,100,453.94,442.0,0,0.0,0.0,,0.0,1,0.04,0.31,SPY211029C00458000,458.0,normalDay
2021-10-28,16869.0,1531.0,0.0,100,458.32,442.0,0,0.0,0.0,,0.0,1,0.04,1.05,SPY211029C00458000,458.0,normalDay
2021-10-29,18473.0,1531.0,1604.0,0,459.25,0.0,0,0.0,0.0,,0.0,1,0.04,0.0,SPY211029C00458000,458.0,expirationDay
2021-11-01,18473.0,0.0,0.0,0,460.04,0.0,0,0.0,0.0,,0.0,0,0.0,0.0,,0.0,bidTooLow
2021-11-02,18473.0,-3.0,0.0,0,461.9,0.0,1,0.02,0.05,SPY211105P00431000,431.0,0,0.0,0.0,,0.0,normalDay
2021-11-03,18473.0,0.0,0.0,0,464.72,0.0,1,0.02,0.02,SPY211105P00431000,431.0,0,0.0,0.0,,0.0,normalDay
2021-11-04,18473.0,0.0,0.0,0,466.91,0.0,1,0.02,0.02,SPY211105P00431000,431.0,0,0.0,0.0,,0.0,normalDay
2021-11-05,18475.0,0.0,2.0,0,468.53,0.0,1,0.02,0.0,SPY211105P00431000,431.0,0,0.0,0.0,,0.0,expirationDay
2021-11-08,18475.0,0.0,0.0,0,468.93,0.0,0,0.0,0.0,,0.0,0,0.0,0.0,,0.0,bidTooLow
2021-11-09,18475.0,-3.0,0.0,0,467.38,0.0,1,0.02,0.05,SPY211112P00440000,440.0,0,0.0,0.0,,0.0,normalDay
2021-11-10,18475.0,-3.0,0.0,0,463.62,0.0,1,0.02,0.05,SPY211112P00440000,440.0,0,0.0,0.0,,0.0,normalDay
2021-11-11,18475.0,0.0,0.0,0,463.77,0.0,1,0.02,0.02,SPY211112P00440000,440.0,0,0.0,0.0,,0.0,normalDay
2021-11-12,18477.0,0.0,2.0,0,467.27,0.0,1,0.02,0.0,SPY211112P00440000,440.0,0,0.0,0.0,,0.0,expirationDay
2021-11-15,18477.0,-3.0,0.0,0,467.43,0.0,1,0.01,0.04,SPY211117P00450000,450.0,0,0.0,0.0,,0.0,normalDay
2021-11-16,18477.0,-2.0,0.0,0,469.28,0.0,1,0.01,0.03,SPY211117P00450000,450.0,0,0.0,0.0,,0.0,normalDay
2021-11-17,18478.0,0.0,1.0,0,468.14,0.0,1,0.01,0.0,SPY211117P00450000,450.0,0,0.0,0.0,,0.0,expirationDay
2021-11-18,18478.0,-3.0,0.0,0,469.73,0.0,1,0.01,0.04,SPY211119P00453000,453.0,0,0.0,0.0,,0.0,normalDay
2021-11-19,18479.0,0.0,1.0,0,468.89,0.0,1,0.01,0.0,SPY211119P00453000,453.0,0,0.0,0.0,,0.0,expirationDay
2021-11-22,18479.0,-3.0,0.0,0,467.57,0.0,1,0.14,0.17,SPY211124P00456000,456.0,0,0.0,0.0,,0.0,normalDay
2021-11-23,18479.0,8.0,0.0,0,468.19,0.0,1,0.14,0.06,SPY211124P00456000,456.0,0,0.0,0.0,,0.0,normalDay
2021-11-24,18493.0,0.0,14.0,0,469.44,0.0,1,0.14,0.0,SPY211124P00456000,456.0,0,0.0,0.0,,0.0,expirationDay
2021-11-26,18493.0,-24.0,0.0,0,458.97,0.0,1,4.43,4.67,SPY211129P00460000,460.0,0,0.0,0.0,,0.0,normalDay
2021-11-29,18936.0,0.0,443.0,0,464.6,0.0,1,4.43,0.0,SPY211129P00460000,460.0,0,0.0,0.0,,0.0,expirationDay
2021-11-30,18936.0,-11.0,0.0,0,455.56,0.0,1,4.49,4.6,SPY211203P00459000,459.0,0,0.0,0.0,,0.0,normalDay
2021-12-01,18936.0,-515.0,0.0,0,450.5,0.0,1,4.49,9.64,SPY211203P00459000,459.0,0,0.0,0.0,,0.0,normalDay
2021-12-02,18936.0,122.0,0.0,0,457.4,0.0,1,4.49,3.27,SPY211203P00459000,459.0,0,0.0,0.0,,0.0,normalDay
2021-12-03,19385.0,-558.0,449.0,100,453.42,459.0,1,4.49,0.0,SPY211203P00459000,459.0,0,0.0,0.0,,0.0,expirationDay
2021-12-06,19385.0,-24.0,0.0,100,458.79,459.0,0,0.0,0.0,,0.0,1,0.1,0.13,SPY211223C00486000,486.0,normalDay
2021-12-07,19385.0,908.0,0.0,100,468.28,459.0,0,0.0,0.0,,0.0,1,0.1,0.3,SPY211223C00486000,486.0,normalDay
2021-12-08,19385.0,1035.0,0.0,100,469.52,459.0,0,0.0,0.0,,0.0,1,0.1,0.27,SPY211223C00486000,486.0,normalDay
2021-12-09,19385.0,730.0,0.0,100,466.35,459.0,0,0.0,0.0,,0.0,1,0.1,0.15,SPY211223C00486000,486.0,normalDay
2021-12-10,19385.0,1169.0,0.0,100,470.74,459.0,0,0.0,0.0,,0.0,1,0.1,0.15,SPY211223C00486000,486.0,normalDay
2021-12-13,19385.0,759.0,0.0,100,466.57,459.0,0,0.0,0.0,,0.0,1,0.1,0.08,SPY211223C00486000,486.0,normalDay
2021-12-14,19385.0,441.0,0.0,100,463.36,459.0,0,0.0,0.0,,0.0,1,0.1,0.05,SPY211223C00486000,486.0,normalDay
2021-12-15,19385.0,1162.0,0.0,100,470.6,459.0,0,0.0,0.0,,0.0,1,0.1,0.08,SPY211223C00486000,486.0,normalDay
2021-12-16,19385.0,750.0,0.0,100,466.45,459.0,0,0.0,0.0,,0.0,1,0.1,0.05,SPY211223C00486000,486.0,normalDay
2021-12-17,19385.0,95.0,0.0,100,459.87,459.0,0,0.0,0.0,,0.0,1,0.1,0.02,SPY211223C00486000,486.0,normalDay
2021-12-20,19385.0,-393.0,0.0,100,454.98,459.0,0,0.0,0.0,,0.0,1,0.1,0.01,SPY211223C00486000,486.0,normalDay
2021-12-21,19385.0,415.0,0.0,100,463.06,459.0,0,0.0,0.0,,0.0,1,0.1,0.01,SPY211223C00486000,486.0,normalDay
2021-12-22,19385.0,878.0,0.0,100,467.69,459.0,0,0.0,0.0,,0.0,1,0.1,0.01,SPY211223C00486000,486.0,normalDay
2021-12-23,19395.0,1160.0,10.0,100,470.6,459.0,0,0.0,0.0,,0.0,1,0.1,0.0,SPY211223C00486000,486.0,expirationDay
2021-12-27,19395.0,1822.0,0.0,100,477.26,459.0,0,0.0,0.0,,0.0,1,0.9,0.94,SPY220114C00489000,489.0,normalDay
2021-12-28,19395.0,1792.0,0.0,100,476.87,459.0,0,0.0,0.0,,0.0,1,0.9,0.85,SPY220114C00489000,489.0,normalDay
2021-12-29,19395.0,1864.0,0.0,100,477.48,459.0,0,0.0,0.0,,0.0,1,0.9,0.74,SPY220114C00489000,489.0,normalDay
2021-12-30,19395.0,1755.0,0.0,100,476.16,459.0,0,0.0,0.0,,0.0,1,0.9,0.51,SPY220114C00489000,489.0,normalDay
2021-12-31,19395.0,1657.0,0.0,100,474.96,459.0,0,0.0,0.0,,0.0,1,0.9,0.29,SPY220114C00489000,489.0,normalDay
2022-01-03,19395.0,1932.0,0.0,100,477.71,459.0,0,0.0,0.0,,0.0,1,0.9,0.29,SPY220114C00489000,489.0,normalDay
2022-01-04,19395.0,1922.0,0.0,100,477.55,459.0,0,0.0,0.0,,0.0,1,0.9,0.23,SPY220114C00489000,489.0,normalDay
2022-01-05,19395.0,1023.0,0.0,100,468.38,459.0,0,0.0,0.0,,0.0,1,0.9,0.05,SPY220114C00489000,489.0,normalDay
2022-01-06,19395.0,980.0,0.0,100,467.94,459.0,0,0.0,0.0,,0.0,1,0.9,0.04,SPY220114C00489000,489.0,normalDay
2022-01-07,19395.0,796.0,0.0,100,466.09,459.0,0,0.0,0.0,,0.0,1,0.9,0.03,SPY220114C00489000,489.0,normalDay
2022-01-10,19395.0,740.0,0.0,100,465.51,459.0,0,0.0,0.0,,0.0,1,0.9,0.01,SPY220114C00489000,489.0,normalDay
2022-01-11,19395.0,1163.0,0.0,100,469.75,459.0,0,0.0,0.0,,0.0,1,0.9,0.02,SPY220114C00489000,489.0,normalDay
2022-01-12,19395.0,1290.0,0.0,100,471.02,459.0,0,0.0,0.0,,0.0,1,0.9,0.02,SPY220114C00489000,489.0,normalDay
2022-01-13,19395.0,642.0,0.0,100,464.53,459.0,0,0.0,0.0,,0.0,1,0.9,0.01,SPY220114C00489000,489.0,normalDay
2022-01-14,19485.0,572.0,90.0,100,464.72,459.0,0,0.0,0.0,,0.0,1,0.9,0.0,SPY220114C00489000,489.0,expirationDay
2022-01-18,19485.0,-251.0,0.0,100,456.49,459.0,0,0.0,0.0,,0.0,0,0.0,0.0,,0.0,bidTooLow
2022-01-19,19485.0,-725.0,0.0,100,451.75,459.0,0,0.0,0.0,,0.0,0,0.0,0.0,,0.0,bidTooLow
2022-01-20,19485.0,-1225.0,0.0,100,446.75,459.0,0,0.0,0.0,,0.0,0,0.0,0.0,,0.0,bidTooLow
2022-01-21,19485.0,-2102.0,0.0,100,437.98,459.0,0,0.0,0.0,,0.0,0,0.0,0.0,,0.0,bidTooLow
2022-01-24,19485.0,-1916.0,0.0,100,439.84,459.0,0,0.0,0.0,,0.0,0,0.0,0.0,,0.0,bidTooLow
2022-01-25,19485.0,-2453.0,0.0,100,434.47,459.0,0,0.0,0.0,,0.0,0,0.0,0.0,,0.0,bidTooLow
2022-01-26,19485.0,-2562.0,0.0,100,433.38,459.0,0,0.0,0.0,,0.0,0,0.0,0.0,,0.0,bidTooLow
2022-01-27,19485.0,-2776.0,0.0,100,431.24,459.0,0,0.0,0.0,,0.0,0,0.0,0.0,,0.0,bidTooLow
2022-01-28,19485.0,-1705.0,0.0,100,441.95,459.0,0,0.0,0.0,,0.0,0,0.0,0.0,,0.0,bidTooLow
2022-01-31,19485.0,-909.0,0.0,100,449.91,459.0,0,0.0,0.0,,0.0,0,0.0,0.0,,0.0,bidTooLow
2022-02-01,19485.0,-605.0,0.0,100,452.95,459.0,0,0.0,0.0,,0.0,0,0.0,0.0,,0.0,bidTooLow
2022-02-02,19485.0,-165.0,0.0,100,457.35,459.0,0,0.0,0.0,,0.0,0,0.0,0.0,,0.0,bidTooLow
2022-02-03,19485.0,-1240.0,0.0,100,446.6,459.0,0,0.0,0.0,,0.0,0,0.0,0.0,,0.0,bidTooLow
2022-02-04,19485.0,-1030.0,0.0,100,448.7,459.0,0,0.0,0.0,,0.0,0,0.0,0.0,,0.0,bidTooLow
2022-02-07,19485.0,-1174.0,0.0,100,447.26,459.0,0,0.0,0.0,,0.0,0,0.0,0.0,,0.0,bidTooLow
2022-02-08,19485.0,-806.0,0.0,100,450.94,459.0,0,0.0,0.0,,0.0,0,0.0,0.0,,0.0,bidTooLow
2022-02-09,19485.0,-149.0,0.0,100,457.54,459.0,0,0.0,0.0,,0.0,1,0.06,0.09,SPY220228C00488000,488.0,normalDay
2022-02-10,19485.0,-966.0,0.0,100,449.32,459.0,0,0.0,0.0,,0.0,1,0.06,0.04,SPY220228C00488000,488.0,normalDay
2022-02-11,19485.0,-1851.0,0.0,100,440.46,459.0,0,0.0,0.0,,0.0,1,0.06,0.03,SPY220228C00488000,488.0,normalDay
2022-02-14,19485.0,-1995.0,0.0,100,439.02,459.0,0,0.0,0.0,,0.0,1,0.06,0.03,SPY220228C00488000,488.0,normalDay
2022-02-15,19485.0,-1287.0,0.0,100,446.1,459.0,0,0.0,0.0,,0.0,1,0.06,0.03,SPY220228C00488000,488.0,normalDay
2022-02-16,19485.0,-1235.0,0.0,100,446.6,459.0,0,0.0,0.0,,0.0,1,0.06,0.01,SPY220228C00488000,488.0,normalDay
2022-02-17,19485.0,-2189.0,0.0,100,437.06,459.0,0,0.0,0.0,,0.0,1,0.06,0.01,SPY220228C00488000,488.0,normalDay
2022-02-18,19485.0,-2472.0,0.0,100,434.23,459.0,0,0.0,0.0,,0.0,1,0.06,0.01,SPY220228C00488000,488.0,normalDay
2022-02-22,19485.0,-2938.0,0.0,100,429.57,459.0,0,0.0,0.0,,0.0,1,0.06,0.01,SPY220228C00488000,488.0,normalDay
2022-02-23,19485.0,-3700.0,0.0,100,421.95,459.0,0,0.0,0.0,,0.0,1,0.06,0.01,SPY220228C00488000,488.0,normalDay
2022-02-24,19485.0,-3065.0,0.0,100,428.3,459.0,0,0.0,0.0,,0.0,1,0.06,0.01,SPY220228C00488000,488.0,normalDay
2022-02-25,19485.0,-2120.0,0.0,100,437.75,459.0,0,0.0,0.0,,0.0,1,0.06,0.01,SPY220228C00488000,488.0,normalDay
2022-02-28,19491.0,-2237.0,6.0,100,436.63,459.0,0,0.0,0.0,,0.0,1,0.06,0.0,SPY220228C00488000,488.0,expirationDay
2022-03-01,19491.0,-2905.0,0.0,100,429.98,459.0,0,0.0,0.0,,0.0,1,0.05,0.08,SPY220318C00478000,478.0,normalDay
2022-03-02,19491.0,-2115.0,0.0,100,437.89,459.0,0,0.0,0.0,,0.0,1,0.05,0.09,SPY220318C00478000,478.0,normalDay
2022-03-03,19491.0,-2330.0,0.0,100,435.71,459.0,0,0.0,0.0,,0.0,1,0.05,0.06,SPY220318C00478000,478.0,normalDay
2022-03-04,19491.0,-2681.0,0.0,100,432.17,459.0,0,0.0,0.0,,0.0,1,0.05,0.03,SPY220318C00478000,478.0,normalDay
2022-03-07,19491.0,-3954.0,0.0,100,419.43,459.0,0,0.0,0.0,,0.0,1,0.05,0.02,SPY220318C00478000,478.0,normalDay
2022-03-08,19491.0,-4272.0,0.0,100,416.25,459.0,0,0.0,0.0,,0.0,1,0.05,0.02,SPY220318C00478000,478.0,normalDay
2022-03-09,19491.0,-3157.0,0.0,100,427.41,459.0,0,0.0,0.0,,0.0,1,0.05,0.03,SPY220318C00478000,478.0,normalDay
2022-03-10,19491.0,-3349.0,0.0,100,425.48,459.0,0,0.0,0.0,,0.0,1,0.05,0.02,SPY220318C00478000,478.0,normalDay
2022-03-11,19491.0,-3890.0,0.0,100,420.07,459.0,0,0.0,0.0,,0.0,1,0.05,0.02,SPY220318C00478000,478.0,normalDay
2022-03-14,19491.0,-4196.0,0.0,100,417.0,459.0,0,0.0,0.0,,0.0,1,0.05,0.01,SPY220318C00478000,478.0,normalDay
2022-03-15,19491.0,-3279.0,0.0,100,426.17,459.0,0,0.0,0.0,,0.0,1,0.05,0.01,SPY220318C00478000,478.0,normalDay
2022-03-16,19491.0,-2334.0,0.0,100,435.62,459.0,0,0.0,0.0,,0.0,1,0.05,0.01,SPY220318C00478000,478.0,normalDay
2022-03-17,19491.0,-1789.0,0.0,100,441.07,459.0,0,0.0,0.0,,0.0,1,0.05,0.01,SPY220318C00478000,478.0,normalDay
2022-03-18,19496.0,-1448.0,5.0,100,444.52,459.0,0,0.0,0.0,,0.0,1,0.05,0.0,SPY220318C00478000,478.0,expirationDay
2022-03-21,19496.0,-1465.0,0.0,100,444.39,459.0,0,0.0,0.0,,0.0,1,1.23,1.27,SPY220408C00462000,462.0,normalDay
2022-03-22,19496.0,-1014.0,0.0,100,449.59,459.0,0,0.0,0.0,,0.0,1,1.23,1.96,SPY220408C00462000,462.0,normalDay
2022-03-23,19496.0,-1485.0,0.0,100,443.8,459.0,0,0.0,0.0,,0.0,1,1.23,0.88,SPY220408C00462000,462.0,normalDay
2022-03-24,19496.0,-891.0,0.0,100,450.49,459.0,0,0.0,0.0,,0.0,1,1.23,1.63,SPY220408C00462000,462.0,normalDay
2022-03-25,19496.0,-677.0,0.0,100,452.69,459.0,0,0.0,0.0,,0.0,1,1.23,1.69,SPY220408C00462000,462.0,normalDay
2022-03-28,19496.0,-387.0,0.0,100,455.91,459.0,0,0.0,0.0,,0.0,1,1.23,2.01,SPY220408C00462000,462.0,normalDay
2022-03-29,19496.0,-30.0,0.0,100,461.55,459.0,0,0.0,0.0,,0.0,1,1.23,4.08,SPY220408C00462000,462.0,normalDay
2022-03-30,19496.0,-201.0,0.0,100,458.7,459.0,0,0.0,0.0,,0.0,1,1.23,2.94,SPY220408C00462000,462.0,normalDay
2022-03-31,19496.0,-705.0,0.0,100,451.64,459.0,0,0.0,0.0,,0.0,1,1.23,0.92,SPY220408C00462000,462.0,normalDay
2022-04-01,19496.0,-531.0,0.0,100,452.92,459.0,0,0.0,0.0,,0.0,1,1.23,0.46,SPY220408C00462000,462.0,normalDay
2022-04-04,19496.0,-170.0,0.0,100,456.8,459.0,0,0.0,0.0,,0.0,1,1.23,0.73,SPY220408C00462000,462.0,normalDay
2022-04-05,19496.0,-688.0,0.0,100,451.03,459.0,0,0.0,0.0,,0.0,1,1.23,0.14,SPY220408C00462000,462.0,normalDay
2022-04-06,19496.0,-1127.0,0.0,100,446.52,459.0,0,0.0,0.0,,0.0,1,1.23,0.02,SPY220408C00462000,462.0,normalDay
2022-04-07,19496.0,-901.0,0.0,100,448.77,459.0,0,0.0,0.0,,0.0,1,1.23,0.01,SPY220408C00462000,462.0,normalDay
2022-04-08,19619.0,-1143.0,123.0,100,447.57,459.0,0,0.0,0.0,,0.0,1,1.23,0.0,SPY220408C00462000,462.0,expirationDay
2022-04-11,19619.0,-1908.0,0.0,100,439.92,459.0,0,0.0,0.0,,0.0,0,0.0,0.0,,0.0,bidTooLow
2022-04-12,19619.0,-2071.0,0.0,100,438.29,459.0,0,0.0,0.0,,0.0,0,0.0,0.0,,0.0,bidTooLow
2022-04-13,19619.0,-1572.0,0.0,100,443.31,459.0,0,0.0,0.0,,0.0,1,0.04,0.07,SPY220502C00472000,472.0,normalDay
2022-04-14,19619.0,-2120.0,0.0,100,437.79,459.0,0,0.0,0.0,,0.0,1,0.04,0.03,SPY220502C00472000,472.0,normalDay
2022-04-18,19619.0,-2101.0,0.0,100,437.97,459.0,0,0.0,0.0,,0.0,1,0.04,0.02,SPY220502C00472000,472.0,normalDay
2022-04-19,19619.0,-1395.0,0.0,100,445.04,459.0,0,0.0,0.0,,0.0,1,0.04,0.03,SPY220502C00472000,472.0,normalDay
2022-04-20,19619.0,-1427.0,0.0,100,444.71,459.0,0,0.0,0.0,,0.0,1,0.04,0.02,SPY220502C00472000,472.0,normalDay
2022-04-21,19619.0,-2092.0,0.0,100,438.06,459.0,0,0.0,0.0,,0.0,1,0.04,0.02,SPY220502C00472000,472.0,normalDay
2022-04-22,19619.0,-3293.0,0.0,100,426.04,459.0,0,0.0,0.0,,0.0,1,0.04,0.01,SPY220502C00472000,472.0,normalDay
2022-04-25,19619.0,-3046.0,0.0,100,428.51,459.0,0,0.0,0.0,,0.0,1,0.04,0.01,SPY220502C00472000,472.0,normalDay
2022-04-26,19619.0,-4288.0,0.0,100,416.1,459.0,0,0.0,0.0,,0.0,1,0.04,0.02,SPY220502C00472000,472.0,normalDay
2022-04-27,19619.0,-4170.0,0.0,100,417.27,459.0,0,0.0,0.0,,0.0,1,0.04,0.01,SPY220502C00472000,472.0,normalDay
2022-04-28,19619.0,-3116.0,0.0,100,427.81,459.0,0,0.0,0.0,,0.0,1,0.04,0.01,SPY220502C00472000,472.0,normalDay
2022-04-29,19619.0,-4697.0,0.0,100,412.0,459.0,0,0.0,0.0,,0.0,1,0.04,0.01,SPY220502C00472000,472.0,normalDay
2022-05-02,19623.0,-4452.0,4.0,100,414.48,459.0,0,0.0,0.0,,0.0,1,0.04,0.0,SPY220502C00472000,472.0,expirationDay
2022-05-03,19623.0,-4262.0,0.0,100,416.38,459.0,0,0.0,0.0,,0.0,0,0.0,0.0,,0.0,bidTooLow
2022-05-04,19623.0,-2994.0,0.0,100,429.06,459.0,0,0.0,0.0,,0.0,0,0.0,0.0,,0.0,bidTooLow
2022-05-05,19623.0,-4519.0,0.0,100,413.81,459.0,0,0.0,0.0,,0.0,0,0.0,0.0,,0.0,bidTooLow
2022-05-06,19623.0,-4766.0,0.0,100,411.34,459.0,0,0.0,0.0,,0.0,0,0.0,0.0,,0.0,bidTooLow
2022-05-09,19623.0,-6083.0,0.0,100,398.17,459.0,0,0.0,0.0,,0.0,0,0.0,0.0,,0.0,bidTooLow
2022-05-10,19623.0,-5991.0,0.0,100,399.09,459.0,0,0.0,0.0,,0.0,0,0.0,0.0,,0.0,bidTooLow
2022-05-11,19623.0,-6625.0,0.0,100,392.75,459.0,0,0.0,0.0,,0.0,0,0.0,0.0,,0.0,bidTooLow
2022-05-12,19623.0,-6666.0,0.0,100,392.34,459.0,0,0.0,0.0,,0.0,0,0.0,0.0,,0.0,bidTooLow
2022-05-13,19623.0,-5728.0,0.0,100,401.72,459.0,0,0.0,0.0,,0.0,0,0.0,0.0,,0.0,bidTooLow
2022-05-16,19623.0,-5891.0,0.0,100,400.09,459.0,0,0.0,0.0,,0.0,0,0.0,0.0,,0.0,bidTooLow
2022-05-17,19623.0,-5068.0,0.0,100,408.32,459.0,0,0.0,0.0,,0.0,0,0.0,0.0,,0.0,bidTooLow
2022-05-18,19623.0,-6714.0,0.0,100,391.86,459.0,0,0.0,0.0,,0.0,0,0.0,0.0,,0.0,bidTooLow
2022-05-19,19623.0,-6954.0,0.0,100,389.46,459.0,0,0.0,0.0,,0.0,0,0.0,0.0,,0.0,bidTooLow
2022-05-20,19623.0,-6937.0,0.0,100,389.63,459.0,0,0.0,0.0,,0.0,0,0.0,0.0,,0.0,bidTooLow
2022-05-23,19623.0,-6211.0,0.0,100,396.92,459.0,0,0.0,0.0,,0.0,1,0.02,0.05,SPY220610C00450000,450.0,normalDay
2022-05-24,19623.0,-6514.0,0.0,100,393.89,459.0,0,0.0,0.0,,0.0,1,0.02,0.05,SPY220610C00450000,450.0,normalDay
2022-05-25,19623.0,-6165.0,0.0,100,397.37,459.0,0,0.0,0.0,,0.0,1,0.02,0.04,SPY220610C00450000,450.0,normalDay
2022-05-26,19623.0,-5373.0,0.0,100,405.31,459.0,0,0.0,0.0,,0.0,1,0.02,0.06,SPY220610C00450000,450.0,normalDay
2022-05-27,19623.0,-4384.0,0.0,100,415.26,459.0,0,0.0,0.0,,0.0,1,0.02,0.12,SPY220610C00450000,450.0,normalDay
2022-05-31,19623.0,-4610.0,0.0,100,412.93,459.0,0,0.0,0.0,,0.0,1,0.02,0.05,SPY220610C00450000,450.0,normalDay
2022-06-01,19623.0,-4942.0,0.0,100,409.59,459.0,0,0.0,0.0,,0.0,1,0.02,0.03,SPY220610C00450000,450.0,normalDay
2022-06-02,19623.0,-4162.0,0.0,100,417.39,459.0,0,0.0,0.0,,0.0,1,0.02,0.03,SPY220610C00450000,450.0,normalDay
2022-06-03,19623.0,-4846.0,0.0,100,410.54,459.0,0,0.0,0.0,,0.0,1,0.02,0.02,SPY220610C00450000,450.0,normalDay
2022-06-06,19623.0,-4720.0,0.0,100,411.79,459.0,0,0.0,0.0,,0.0,1,0.02,0.01,SPY220610C00450000,450.0,normalDay
2022-06-07,19623.0,-4325.0,0.0,100,415.74,459.0,0,0.0,0.0,,0.0,1,0.02,0.01,SPY220610C00450000,450.0,normalDay
2022-06-08,19623.0,-4777.0,0.0,100,411.22,459.0,0,0.0,0.0,,0.0,1,0.02,0.01,SPY220610C00450000,450.0,normalDay
2022-06-09,19623.0,-5755.0,0.0,100,401.44,459.0,0,0.0,0.0,,0.0,1,0.02,0.01,SPY220610C00450000,450.0,normalDay
2022-06-10,19625.0,-6920.0,2.0,100,389.8,459.0,0,0.0,0.0,,0.0,1,0.02,0.0,SPY220610C00450000,450.0,expirationDay
2022-06-13,19625.0,-8403.0,0.0,100,375.0,459.0,0,0.0,0.0,,0.0,1,0.02,0.05,SPY220701C00443000,443.0,normalDay
2022-06-14,19625.0,-8516.0,0.0,100,373.87,459.0,0,0.0,0.0,,0.0,1,0.02,0.05,SPY220701C00443000,443.0,normalDay
2022-06-15,19625.0,-7982.0,0.0,100,379.2,459.0,0,0.0,0.0,,0.0,1,0.02,0.04,SPY220701C00443000,443.0,normalDay
2022-06-16,19625.0,-9236.0,0.0,100,366.65,459.0,0,0.0,0.0,,0.0,1,0.02,0.03,SPY220701C00443000,443.0,normalDay
2022-06-17,19625.0,-9315.0,0.0,100,365.86,459.0,0,0.0,0.0,,0.0,1,0.02,0.03,SPY220701C00443000,443.0,normalDay
2022-06-21,19625.0,-8393.0,0.0,100,375.07,459.0,0,0.0,0.0,,0.0,1,0.02,0.02,SPY220701C00443000,443.0,normalDay
2022-06-22,19625.0,-8461.0,0.0,100,374.39,459.0,0,0.0,0.0,,0.0,1,0.02,0.02,SPY220701C00443000,443.0,normalDay
2022-06-23,19625.0,-8093.0,0.0,100,378.06,459.0,0,0.0,0.0,,0.0,1,0.02,0.01,SPY220701C00443000,443.0,normalDay
2022-06-24,19625.0,-6892.0,0.0,100,390.08,459.0,0,0.0,0.0,,0.0,1,0.02,0.02,SPY220701C00443000,443.0,normalDay
2022-06-27,19625.0,-7040.0,0.0,100,388.59,459.0,0,0.0,0.0,,0.0,1,0.02,0.01,SPY220701C00443000,443.0,normalDay
2022-06-28,19625.0,-7834.0,0.0,100,380.65,459.0,0,0.0,0.0,,0.0,1,0.02,0.01,SPY220701C00443000,443.0,normalDay
2022-06-29,19625.0,-7865.0,0.0,100,380.34,459.0,0,0.0,0.0,,0.0,1,0.02,0.01,SPY220701C00443000,443.0,normalDay
2022-06-30,19625.0,-8174.0,0.0,100,377.25,459.0,0,0.0,0.0,,0.0,1,0.02,0.01,SPY220701C00443000,443.0,normalDay
2022-07-01,19627.0,-7776.0,2.0,100,381.24,459.0,0,0.0,0.0,,0.0,1,0.02,0.0,SPY220701C00443000,443.0,expirationDay
2022-07-05,19627.0,-7704.0,0.0,100,381.96,459.0,0,0.0,0.0,,0.0,0,0.0,0.0,,0.0,bidTooLow
2022-07-06,19627.0,-7578.0,0.0,100,383.25,459.0,0,0.0,0.0,,0.0,1,0.02,0.05,SPY220725C00430000,430.0,normalDay
2022-07-07,19627.0,-7004.0,0.0,100,388.99,459.0,0,0.0,0.0,,0.0,1,0.02,0.05,SPY220725C00430000,430.0,normalDay
2022-07-08,19627.0,-7034.0,0.0,100,388.67,459.0,0,0.0,0.0,,0.0,1,0.02,0.03,SPY220725C00430000,430.0,normalDay
2022-07-11,19627.0,-7477.0,0.0,100,384.23,459.0,0,0.0,0.0,,0.0,1,0.02,0.02,SPY220725C00430000,430.0,normalDay
2022-07-12,19627.0,-7817.0,0.0,100,380.83,459.0,0,0.0,0.0,,0.0,1,0.02,0.02,SPY220725C00430000,430.0,normalDay
2022-07-13,19627.0,-8017.0,0.0,100,378.83,459.0,0,0.0,0.0,,0.0,1,0.02,0.02,SPY220725C00430000,430.0,normalDay
2022-07-14,19627.0,-8108.0,0.0,100,377.91,459.0,0,0.0,0.0,,0.0,1,0.02,0.01,SPY220725C00430000,430.0,normalDay
2022-07-15,19627.0,-7386.0,0.0,100,385.13,459.0,0,0.0,0.0,,0.0,1,0.02,0.01,SPY220725C00430000,430.0,normalDay
2022-07-18,19627.0,-7704.0,0.0,100,381.95,459.0,0,0.0,0.0,,0.0,1,0.02,0.01,SPY220725C00430000,430.0,normalDay
2022-07-19,19627.0,-6672.0,0.0,100,392.27,459.0,0,0.0,0.0,,0.0,1,0.02,0.01,SPY220725C00430000,430.0,normalDay
2022-07-20,19627.0,-6422.0,0.0,100,394.77,459.0,0,0.0,0.0,,0.0,1,0.02,0.01,SPY220725C00430000,430.0,normalDay
2022-07-21,19627.0,-6020.0,0.0,100,398.79,459.0,0,0.0,0.0,,0.0,1,0.02,0.01,SPY220725C00430000,430.0,normalDay
2022-07-22,19627.0,-6390.0,0.0,100,395.09,459.0,0,0.0,0.0,,0.0,1,0.02,0.01,SPY220725C00430000,430.0,normalDay
2022-07-25,19629.0,-6343.0,2.0,100,395.57,459.0,0,0.0,0.0,,0.0,1,0.02,0.0,SPY220725C00430000,430.0,expirationDay
2022-07-26,19629.0,-6816.0,0.0,100,390.89,459.0,0,0.0,0.0,,0.0,1,1.19,1.24,SPY220812C00410000,410.0,normalDay
2022-07-27,19629.0,-5956.0,0.0,100,401.04,459.0,0,0.0,0.0,,0.0,1,1.19,2.79,SPY220812C00410000,410.0,normalDay
2022-07-28,19629.0,-5684.0,0.0,100,406.07,459.0,0,0.0,0.0,,0.0,1,1.19,5.1,SPY220812C00410000,410.0,normalDay
2022-07-29,19629.0,-5303.0,0.0,100,411.99,459.0,0,0.0,0.0,,0.0,1,1.19,7.21,SPY220812C00410000,410.0,normalDay
2022-08-01,19629.0,-5349.0,0.0,100,410.77,459.0,0,0.0,0.0,,0.0,1,1.19,6.45,SPY220812C00410000,410.0,normalDay
2022-08-02,19629.0,-5465.0,0.0,100,408.06,459.0,0,0.0,0.0,,0.0,1,1.19,4.9,SPY220812C00410000,410.0,normalDay
2022-08-03,19629.0,-5103.0,0.0,100,414.45,459.0,0,0.0,0.0,,0.0,1,1.19,7.67,SPY220812C00410000,410.0,normalDay
2022-08-04,19629.0,-5105.0,0.0,100,414.17,459.0,0,0.0,0.0,,0.0,1,1.19,7.41,SPY220812C00410000,410.0,normalDay
2022-08-05,19629.0,-5049.0,0.0,100,413.47,459.0,0,0.0,0.0,,0.0,1,1.19,6.15,SPY220812C00410000,410.0,normalDay
2022-08-08,19629.0,-5051.0,0.0,100,412.99,459.0,0,0.0,0.0,,0.0,1,1.19,5.69,SPY220812C00410000,410.0,normalDay
2022-08-09,19629.0,-5104.0,0.0,100,411.35,459.0,0,0.0,0.0,,0.0,1,1.19,4.58,SPY220812C00410000,410.0,normalDay
2022-08-10,19629.0,-4794.0,0.0,100,419.99,459.0,0,0.0,0.0,,0.0,1,1.19,10.12,SPY220812C00410000,410.0,normalDay
2022-08-11,19629.0,-4848.0,0.0,100,419.99,459.0,0,0.0,0.0,,0.0,1,1.19,10.66,SPY220812C00410000,410.0,normalDay
2022-08-12,14848.0,-4848.0,-4781.0,0,427.1,0.0,0,0.0,0.0,,0.0,1,1.19,0.0,SPY220812C00410000,410.0,expirationDay
2022-08-15,14848.0,0.0,0.0,0,428.86,0.0,0,0.0,0.0,,0.0,0,0.0,0.0,,0.0,bidTooLow
2022-08-16,14848.0,0.0,0.0,0,429.7,0.0,0,0.0,0.0,,0.0,0,0.0,0.0,,0.0,bidTooLow
2022-08-17,14848.0,0.0,0.0,0,426.65,0.0,0,0.0,0.0,,0.0,0,0.0,0.0,,0.0,bidTooLow
2022-08-18,14848.0,0.0,0.0,0,427.89,0.0,0,0.0,0.0,,0.0,0,0.0,0.0,,0.0,bidTooLow
2022-08-19,14848.0,0.0,0.0,0,422.14,0.0,0,0.0,0.0,,0.0,0,0.0,0.0,,0.0,bidTooLow
2022-08-22,14848.0,-3.0,0.0,0,413.35,0.0,1,0.05,0.08,SPY220824P00398000,398.0,0,0.0,0.0,,0.0,normalDay
2022-08-23,14848.0,2.0,0.0,0,412.35,0.0,1,0.05,0.03,SPY220824P00398000,398.0,0,0.0,0.0,,0.0,normalDay
2022-08-24,14853.0,0.0,5.0,0,413.67,0.0,1,0.05,0.0,SPY220824P00398000,398.0,0,0.0,0.0,,0.0,expirationDay
2022-08-25,14853.0,-3.0,0.0,0,419.51,0.0,1,0.06,0.09,SPY220826P00405000,405.0,0,0.0,0.0,,0.0,normalDay
2022-08-26,14859.0,0.0,6.0,0,405.31,0.0,1,0.06,0.0,SPY220826P00405000,405.0,0,0.0,0.0,,0.0,expirationDay
2022-08-29,14859.0,-4.0,0.0,0,402.63,0.0,1,3.15,3.19,SPY220831P00403000,403.0,0,0.0,0.0,,0.0,normalDay
2022-08-30,14859.0,-217.0,0.0,0,398.21,0.0,1,3.15,5.32,SPY220831P00403000,403.0,0,0.0,0.0,,0.0,normalDay
2022-08-31,15174.0,-782.0,315.0,100,395.18,403.0,1,3.15,0.0,SPY220831P00403000,403.0,0,0.0,0.0,,0.0,expirationDay
2022-09-01,15174.0,-658.0,0.0,100,396.42,403.0,0,0.0,0.0,,0.0,0,0.0,0.0,,0.0,bidTooLow
2022-09-02,15174.0,-1076.0,0.0,100,392.24,403.0,0,0.0,0.0,,0.0,0,0.0,0.0,,0.0,bidTooLow
2022-09-06,15174.0,-1224.0,0.0,100,390.76,403.0,0,0.0,0.0,,0.0,0,0.0,0.0,,0.0,bidTooLow
2022-09-07,15174.0,-522.0,0.0,100,397.78,403.0,0,0.0,0.0,,0.0,0,0.0,0.0,,0.0,bidTooLow
2022-09-08,15174.0,-262.0,0.0,100,400.38,403.0,0,0.0,0.0,,0.0,0,0.0,0.0,,0.0,bidTooLow
2022-09-09,15174.0,360.0,0.0,100,406.6,403.0,0,0.0,0.0,,0.0,0,0.0,0.0,,0.0,bidTooLow
2022-09-12,15174.0,794.0,0.0,100,410.97,403.0,0,0.0,0.0,,0.0,1,0.04,0.07,SPY220930C00456000,456.0,normalDay
2022-09-13,15174.0,-988.0,0.0,100,393.1,403.0,0,0.0,0.0,,0.0,1,0.04,0.02,SPY220930C00456000,456.0,normalDay
2022-09-14,15174.0,-838.0,0.0,100,394.6,403.0,0,0.0,0.0,,0.0,1,0.04,0.02,SPY220930C00456000,456.0,normalDay
2022-09-15,15174.0,-1286.0,0.0,100,390.12,403.0,0,0.0,0.0,,0.0,1,0.04,0.02,SPY220930C00456000,456.0,normalDay
2022-09-16,15174.0,-1741.0,0.0,100,385.56,403.0,0,0.0,0.0,,0.0,1,0.04,0.01,SPY220930C00456000,456.0,normalDay
2022-09-19,15174.0,-1442.0,0.0,100,388.55,403.0,0,0.0,0.0,,0.0,1,0.04,0.01,SPY220930C00456000,456.0,normalDay
2022-09-20,15174.0,-1888.0,0.0,100,384.09,403.0,0,0.0,0.0,,0.0,1,0.04,0.01,SPY220930C00456000,456.0,normalDay
2022-09-21,15174.0,-2558.0,0.0,100,377.39,403.0,0,0.0,0.0,,0.0,1,0.04,0.01,SPY220930C00456000,456.0,normalDay
2022-09-22,15174.0,-2875.0,0.0,100,374.22,403.0,0,0.0,0.0,,0.0,1,0.04,0.01,SPY220930C00456000,456.0,normalDay
2022-09-23,15174.0,-3502.0,0.0,100,367.95,403.0,0,0.0,0.0,,0.0,1,0.04,0.01,SPY220930C00456000,456.0,normalDay
2022-09-26,15174.0,-3866.0,0.0,100,364.31,403.0,0,0.0,0.0,,0.0,1,0.04,0.01,SPY220930C00456000,456.0,normalDay
2022-09-27,15174.0,-3959.0,0.0,100,363.38,403.0,0,0.0,0.0,,0.0,1,0.04,0.01,SPY220930C00456000,456.0,normalDay
2022-09-28,15174.0,-3244.0,0.0,100,370.53,403.0,0,0.0,0.0,,0.0,1,0.04,0.01,SPY220930C00456000,456.0,normalDay
2022-09-29,15174.0,-4018.0,0.0,100,362.79,403.0,0,0.0,0.0,,0.0,1,0.04,0.01,SPY220930C00456000,456.0,normalDay
2022-09-30,15178.0,-4582.0,4.0,100,357.18,403.0,0,0.0,0.0,,0.0,1,0.04,0.0,SPY220930C00456000,456.0,expirationDay
2022-10-03,15178.0,-3639.0,0.0,100,366.61,403.0,0,0.0,0.0,,0.0,0,0.0,0.0,,0.0,bidTooLow
2022-10-04,15178.0,-2506.0,0.0,100,377.97,403.0,0,0.0,0.0,,0.0,1,0.01,0.04,SPY221021C00439000,439.0,normalDay
2022-10-05,15178.0,-2592.0,0.0,100,377.09,403.0,0,0.0,0.0,,0.0,1,0.01,0.02,SPY221021C00439000,439.0,normalDay
2022-10-06,15178.0,-2981.0,0.0,100,373.2,403.0,0,0.0,0.0,,0.0,1,0.01,0.02,SPY221021C00439000,439.0,normalDay
2022-10-07,15178.0,-4022.0,0.0,100,362.79,403.0,0,0.0,0.0,,0.0,1,0.01,0.02,SPY221021C00439000,439.0,normalDay
2022-10-10,15178.0,-4298.0,0.0,100,360.02,403.0,0,0.0,0.0,,0.0,1,0.01,0.01,SPY221021C00439000,439.0,normalDay
2022-10-11,15178.0,-4526.0,0.0,100,357.74,403.0,0,0.0,0.0,,0.0,1,0.01,0.01,SPY221021C00439000,439.0,normalDay
2022-10-12,15178.0,-4644.0,0.0,100,356.56,403.0,0,0.0,0.0,,0.0,1,0.01,0.01,SPY221021C00439000,439.0,normalDay
2022-10-13,15178.0,-3703.0,0.0,100,365.97,403.0,0,0.0,0.0,,0.0,1,0.01,0.01,SPY221021C00439000,439.0,normalDay
2022-10-14,15178.0,-4537.0,0.0,100,357.63,403.0,0,0.0,0.0,,0.0,1,0.01,0.01,SPY221021C00439000,439.0,normalDay
2022-10-17,15178.0,-3618.0,0.0,100,366.82,403.0,0,0.0,0.0,,0.0,1,0.01,0.01,SPY221021C00439000,439.0,normalDay
2022-10-18,15178.0,-3187.0,0.0,100,371.13,403.0,0,0.0,0.0,,0.0,1,0.01,0.01,SPY221021C00439000,439.0,normalDay
2022-10-19,15178.0,-3450.0,0.0,100,368.5,403.0,0,0.0,0.0,,0.0,1,0.01,0.01,SPY221021C00439000,439.0,normalDay
2022-10-20,15178.0,-3759.0,0.0,100,365.41,403.0,0,0.0,0.0,,0.0,1,0.01,0.01,SPY221021C00439000,439.0,normalDay
2022-10-21,15179.0,-2871.0,1.0,100,374.29,403.0,0,0.0,0.0,,0.0,1,0.01,0.0,SPY221021C00439000,439.0,expirationDay
2022-10-24,15179.0,-2418.0,0.0,100,378.87,403.0,0,0.0,0.0,,0.0,1,5.02,5.07,SPY221111C00392000,392.0,normalDay
2022-10-25,15179.0,-1921.0,0.0,100,384.92,403.0,0,0.0,0.0,,0.0,1,5.02,6.15,SPY221111C00392000,392.0,normalDay
2022-10-26,15179.0,-2134.0,0.0,100,382.02,403.0,0,0.0,0.0,,0.0,1,5.02,5.38,SPY221111C00392000,392.0,normalDay
2022-10-27,15179.0,-2103.0,0.0,100,379.98,403.0,0,0.0,0.0,,0.0,1,5.02,3.03,SPY221111C00392000,392.0,normalDay
2022-10-28,15179.0,-1628.0,0.0,100,389.02,403.0,0,0.0,0.0,,0.0,1,5.02,7.32,SPY221111C00392000,392.0,normalDay
2022-10-31,15179.0,-1717.0,0.0,100,386.21,403.0,0,0.0,0.0,,0.0,1,5.02,5.4,SPY221111C00392000,392.0,normalDay
2022-11-01,15179.0,-1781.0,0.0,100,384.52,403.0,0,0.0,0.0,,0.0,1,5.02,4.35,SPY221111C00392000,392.0,normalDay
2022-11-02,15179.0,-2450.0,0.0,100,374.87,403.0,0,0.0,0.0,,0.0,1,5.02,1.39,SPY221111C00392000,392.0,normalDay
2022-11-03,15179.0,-2762.0,0.0,100,371.01,403.0,0,0.0,0.0,,0.0,1,5.02,0.65,SPY221111C00392000,392.0,normalDay
2022-11-04,15179.0,-2260.0,0.0,100,376.35,403.0,0,0.0,0.0,,0.0,1,5.02,0.97,SPY221111C00392000,392.0,normalDay
2022-11-07,15179.0,-1914.0,0.0,100,379.95,403.0,0,0.0,0.0,,0.0,1,5.02,1.11,SPY221111C00392000,392.0,normalDay
2022-11-08,15179.0,-1733.0,0.0,100,382.0,403.0,0,0.0,0.0,,0.0,1,5.02,1.35,SPY221111C00392000,392.0,normalDay
2022-11-09,15179.0,-2408.0,0.0,100,374.13,403.0,0,0.0,0.0,,0.0,1,5.02,0.23,SPY221111C00392000,392.0,normalDay
2022-11-10,15179.0,-760.0,0.0,100,394.69,403.0,0,0.0,0.0,,0.0,1,5.02,4.31,SPY221111C00392000,392.0,normalDay
2022-11-11,14581.0,-760.0,-598.0,0,398.51,0.0,0,0.0,0.0,,0.0,1,5.02,0.0,SPY221111C00392000,392.0,expirationDay
2022-11-14,14581.0,0.0,0.0,0,395.12,0.0,0,0.0,0.0,,0.0,0,0.0,0.0,,0.0,bidTooLow
2022-11-15,14581.0,-3.0,0.0,0,398.49,0.0,1,0.04,0.07,SPY221118P00365000,365.0,0,0.0,0.0,,0.0,normalDay
2022-11-16,14581.0,1.0,0.0,0,395.45,0.0,1,0.04,0.03,SPY221118P00365000,365.0,0,0.0,0.0,,0.0,normalDay
2022-11-17,14581.0,1.0,0.0,0,394.24,0.0,1,0.04,0.03,SPY221118P00365000,365.0,0,0.0,0.0,,0.0,normalDay
2022-11-18,14585.0,0.0,4.0,0,396.03,0.0,1,0.04,0.0,SPY221118P00365000,365.0,0,0.0,0.0,,0.0,expirationDay
2022-11-21,14585.0,0.0,0.0,0,394.59,0.0,0,0.0,0.0,,0.0,0,0.0,0.0,,0.0,bidTooLow
2022-11-22,14585.0,0.0,0.0,0,399.9,0.0,0,0.0,0.0,,0.0,0,0.0,0.0,,0.0,bidTooLow
2022-11-23,14585.0,0.0,0.0,0,402.42,0.0,0,0.0,0.0,,0.0,0,0.0,0.0,,0.0,bidTooLow
2022-11-25,14585.0,0.0,0.0,0,402.33,0.0,0,0.0,0.0,,0.0,0,0.0,0.0,,0.0,bidTooLow
2022-11-28,14585.0,-3.0,0.0,0,395.91,0.0,1,0.01,0.04,SPY221201P00371000,371.0,0,0.0,0.0,,0.0,normalDay
2022-11-29,14585.0,-2.0,0.0,0,395.23,0.0,1,0.01,0.03,SPY221201P00371000,371.0,0,0.0,0.0,,0.0,normalDay
2022-11-30,14585.0,-1.0,0.0,0,407.68,0.0,1,0.01,0.02,SPY221201P00371000,371.0,0,0.0,0.0,,0.0,normalDay
2022-12-01,14586.0,0.0,1.0,0,407.38,0.0,1,0.01,0.0,SPY221201P00371000,371.0,0,0.0,0.0,,0.0,expirationDay
2022-12-02,14586.0,0.0,0.0,0,406.91,0.0,0,0.0,0.0,,0.0,0,0.0,0.0,,0.0,bidTooLow
2022-12-05,14586.0,-3.0,0.0,0,399.59,0.0,1,0.02,0.05,SPY221208P00380000,380.0,0,0.0,0.0,,0.0,normalDay
2022-12-06,14586.0,-9.0,0.0,0,393.83,0.0,1,0.02,0.11,SPY221208P00380000,380.0,0,0.0,0.0,,0.0,normalDay
2022-12-07,14586.0,-1.0,0.0,0,393.16,0.0,1,0.02,0.03,SPY221208P00380000,380.0,0,0.0,0.0,,0.0,normalDay
2022-12-08,14588.0,0.0,2.0,0,396.24,0.0,1,0.02,0.0,SPY221208P00380000,380.0,0,0.0,0.0,,0.0,expirationDay
2022-12-09,14588.0,-3.0,0.0,0,393.28,0.0,1,0.66,0.69,SPY221212P00390000,390.0,0,0.0,0.0,,0.0,normalDay
2022-12-12,14654.0,0.0,66.0,0,398.95,0.0,1,0.66,0.0,SPY221212P00390000,390.0,0,0.0,0.0,,0.0,expirationDay
2022-12-13,14654.0,-3.0,0.0,0,401.97,0.0,1,1.25,1.28,SPY221216P00390000,390.0,0,0.0,0.0,,0.0,normalDay
2022-12-14,14654.0,57.0,0.0,0,399.4,0.0,1,1.25,0.68,SPY221216P00390000,390.0,0,0.0,0.0,,0.0,normalDay
2022-12-15,14654.0,-215.0,0.0,0,389.63,0.0,1,1.25,3.4,SPY221216P00390000,390.0,0,0.0,0.0,,0.0,normalDay
2022-12-16,14779.0,-673.0,125.0,100,383.27,390.0,1,1.25,0.0,SPY221216P00390000,390.0,0,0.0,0.0,,0.0,expirationDay
2022-12-19,14779.0,-1001.0,0.0,100,380.02,390.0,0,0.0,0.0,,0.0,1,0.02,0.05,SPY230106C00424000,424.0,normalDay
2022-12-20,14779.0,-949.0,0.0,100,380.54,390.0,0,0.0,0.0,,0.0,1,0.02,0.05,SPY230106C00424000,424.0,normalDay
2022-12-21,14779.0,-380.0,0.0,100,386.23,390.0,0,0.0,0.0,,0.0,1,0.02,0.05,SPY230106C00424000,424.0,normalDay
2022-12-22,14779.0,-929.0,0.0,100,380.72,390.0,0,0.0,0.0,,0.0,1,0.02,0.03,SPY230106C00424000,424.0,normalDay
2022-12-23,14779.0,-710.0,0.0,100,382.91,390.0,0,0.0,0.0,,0.0,1,0.02,0.03,SPY230106C00424000,424.0,normalDay
2022-12-27,14779.0,-860.0,0.0,100,381.4,390.0,0,0.0,0.0,,0.0,1,0.02,0.02,SPY230106C00424000,424.0,normalDay
2022-12-28,14779.0,-1333.0,0.0,100,376.66,390.0,0,0.0,0.0,,0.0,1,0.02,0.01,SPY230106C00424000,424.0,normalDay
2022-12-29,14779.0,-656.0,0.0,100,383.44,390.0,0,0.0,0.0,,0.0,1,0.02,0.02,SPY230106C00424000,424.0,normalDay
2022-12-30,14779.0,-756.0,0.0,100,382.43,390.0,0,0.0,0.0,,0.0,1,0.02,0.01,SPY230106C00424000,424.0,normalDay
2023-01-03,14779.0,-917.0,0.0,100,380.82,390.0,0,0.0,0.0,,0.0,1,0.02,0.01,SPY230106C00424000,424.0,normalDay
2023-01-04,14779.0,-623.0,0.0,100,383.76,390.0,0,0.0,0.0,,0.0,1,0.02,0.01,SPY230106C00424000,424.0,normalDay
2023-01-05,14779.0,-1061.0,0.0,100,379.38,390.0,0,0.0,0.0,,0.0,1,0.02,0.01,SPY230106C00424000,424.0,normalDay
2023-01-06,14781.0,-192.0,2.0,100,388.08,390.0,0,0.0,0.0,,0.0,1,0.02,0.0,SPY230106C00424000,424.0,expirationDay
2023-01-09,14781.0,-217.0,0.0,100,387.86,390.0,0,0.0,0.0,,0.0,1,0.49,0.52,SPY230127C00412000,412.0,normalDay
2023-01-10,14781.0,53.0,0.0,100,390.58,390.0,0,0.0,0.0,,0.0,1,0.49,0.54,SPY230127C00412000,412.0,normalDay
2023-01-11,14781.0,481.0,0.0,100,395.52,390.0,0,0.0,0.0,,0.0,1,0.49,1.2,SPY230127C00412000,412.0,normalDay
2023-01-12,14781.0,675.0,0.0,100,396.96,390.0,0,0.0,0.0,,0.0,1,0.49,0.7,SPY230127C00412000,412.0,normalDay
2023-01-13,14781.0,850.0,0.0,100,398.5,390.0,0,0.0,0.0,,0.0,1,0.49,0.49,SPY230127C00412000,412.0,normalDay
2023-01-17,14781.0,795.0,0.0,100,397.77,390.0,0,0.0,0.0,,0.0,1,0.49,0.31,SPY230127C00412000,412.0,normalDay
2023-01-18,14781.0,192.0,0.0,100,391.49,390.0,0,0.0,0.0,,0.0,1,0.49,0.06,SPY230127C00412000,412.0,normalDay
2023-01-19,14781.0,-90.0,0.0,100,388.64,390.0,0,0.0,0.0,,0.0,1,0.49,0.03,SPY230127C00412000,412.0,normalDay
2023-01-20,14781.0,631.0,0.0,100,395.88,390.0,0,0.0,0.0,,0.0,1,0.49,0.06,SPY230127C00412000,412.0,normalDay
2023-01-23,14781.0,1095.0,0.0,100,400.63,390.0,0,0.0,0.0,,0.0,1,0.49,0.17,SPY230127C00412000,412.0,normalDay
2023-01-24,14781.0,1054.0,0.0,100,400.2,390.0,0,0.0,0.0,,0.0,1,0.49,0.15,SPY230127C00412000,412.0,normalDay
2023-01-25,14781.0,1079.0,0.0,100,400.35,390.0,0,0.0,0.0,,0.0,1,0.49,0.05,SPY230127C00412000,412.0,normalDay
2023-01-26,14781.0,1519.0,0.0,100,404.75,390.0,0,0.0,0.0,,0.0,1,0.49,0.05,SPY230127C00412000,412.0,normalDay
2023-01-27,14830.0,1568.0,49.0,100,405.68,390.0,0,0.0,0.0,,0.0,1,0.49,0.0,SPY230127C00412000,412.0,expirationDay
2023-01-30,14830.0,1056.0,0.0,100,400.59,390.0,0,0.0,0.0,,0.0,1,0.74,0.77,SPY230217C00422000,422.0,normalDay
2023-01-31,14830.0,1593.0,0.0,100,406.48,390.0,0,0.0,0.0,,0.0,1,0.74,1.29,SPY230217C00422000,422.0,normalDay
2023-02-01,14830.0,1946.0,0.0,100,410.8,390.0,0,0.0,0.0,,0.0,1,0.74,2.08,SPY230217C00422000,422.0,normalDay
2023-02-02,14830.0,2415.0,0.0,100,416.78,390.0,0,0.0,0.0,,0.0,1,0.74,3.37,SPY230217C00422000,422.0,normalDay
2023-02-03,14830.0,2099.0,0.0,100,412.35,390.0,0,0.0,0.0,,0.0,1,0.74,2.1,SPY230217C00422000,422.0,normalDay
2023-02-06,14830.0,1918.0,0.0,100,409.83,390.0,0,0.0,0.0,,0.0,1,0.74,1.39,SPY230217C00422000,422.0,normalDay
2023-02-07,14830.0,2371.0,0.0,100,415.19,390.0,0,0.0,0.0,,0.0,1,0.74,2.22,SPY230217C00422000,422.0,normalDay
2023-02-08,14830.0,2011.0,0.0,100,410.65,390.0,0,0.0,0.0,,0.0,1,0.74,1.28,SPY230217C00422000,422.0,normalDay
2023-02-09,14830.0,1705.0,0.0,100,407.09,390.0,0,0.0,0.0,,0.0,1,0.74,0.78,SPY230217C00422000,422.0,normalDay
2023-02-10,14830.0,1820.0,0.0,100,408.04,390.0,0,0.0,0.0,,0.0,1,0.74,0.58,SPY230217C00422000,422.0,normalDay
2023-02-13,14830.0,2244.0,0.0,100,412.83,390.0,0,0.0,0.0,,0.0,1,0.74,1.13,SPY230217C00422000,422.0,normalDay
2023-02-14,14830.0,2314.0,0.0,100,412.64,390.0,0,0.0,0.0,,0.0,1,0.74,0.24,SPY230217C00422000,422.0,normalDay
2023-02-15,14830.0,2456.0,0.0,100,413.98,390.0,0,0.0,0.0,,0.0,1,0.74,0.16,SPY230217C00422000,422.0,normalDay
2023-02-16,14830.0,1900.0,0.0,100,408.28,390.0,0,0.0,0.0,,0.0,1,0.74,0.02,SPY230217C00422000,422.0,normalDay
2023-02-17,14904.0,1726.0,74.0,100,407.26,390.0,0,0.0,0.0,,0.0,1,0.74,0.0,SPY230217C00422000,422.0,expirationDay
2023-02-21,14904.0,906.0,0.0,100,399.09,390.0,0,0.0,0.0,,0.0,1,0.15,0.18,SPY230310C00427000,427.0,normalDay
2023-02-22,14904.0,860.0,0.0,100,398.54,390.0,0,0.0,0.0,,0.0,1,0.15,0.09,SPY230310C00427000,427.0,normalDay
2023-02-23,14904.0,1070.0,0.0,100,400.66,390.0,0,0.0,0.0,,0.0,1,0.15,0.11,SPY230310C00427000,427.0,normalDay
2023-02-24,14904.0,648.0,0.0,100,396.38,390.0,0,0.0,0.0,,0.0,1,0.15,0.05,SPY230310C00427000,427.0,normalDay
2023-02-27,14904.0,784.0,0.0,100,397.73,390.0,0,0.0,0.0,,0.0,1,0.15,0.04,SPY230310C00427000,427.0,normalDay
2023-02-28,14904.0,638.0,0.0,100,396.26,390.0,0,0.0,0.0,,0.0,1,0.15,0.03,SPY230310C00427000,427.0,normalDay
2023-03-01,14904.0,487.0,0.0,100,394.74,390.0,0,0.0,0.0,,0.0,1,0.15,0.02,SPY230310C00427000,427.0,normalDay
2023-03-02,14904.0,794.0,0.0,100,397.81,390.0,0,0.0,0.0,,0.0,1,0.15,0.02,SPY230310C00427000,427.0,normalDay
2023-03-03,14904.0,1431.0,0.0,100,404.19,390.0,0,0.0,0.0,,0.0,1,0.15,0.03,SPY230310C00427000,427.0,normalDay
2023-03-06,14904.0,1460.0,0.0,100,404.47,390.0,0,0.0,0.0,,0.0,1,0.15,0.02,SPY230310C00427000,427.0,normalDay
2023-03-07,14904.0,841.0,0.0,100,398.27,390.0,0,0.0,0.0,,0.0,1,0.15,0.01,SPY230310C00427000,427.0,normalDay
2023-03-08,14904.0,906.0,0.0,100,398.92,390.0,0,0.0,0.0,,0.0,1,0.15,0.01,SPY230310C00427000,427.0,normalDay
2023-03-09,14904.0,170.0,0.0,100,391.56,390.0,0,0.0,0.0,,0.0,1,0.15,0.01,SPY230310C00427000,427.0,normalDay
2023-03-10,14919.0,-409.0,15.0,100,385.91,390.0,0,0.0,0.0,,0.0,1,0.15,0.0,SPY230310C00427000,427.0,expirationDay
2023-03-13,14919.0,-467.0,0.0,100,385.36,390.0,0,0.0,0.0,,0.0,1,0.04,0.07,SPY230331C00429000,429.0,normalDay
2023-03-14,14919.0,173.0,0.0,100,391.73,390.0,0,0.0,0.0,,0.0,1,0.04,0.04,SPY230331C00429000,429.0,normalDay
2023-03-15,14919.0,-72.0,0.0,100,389.28,390.0,0,0.0,0.0,,0.0,1,0.04,0.04,SPY230331C00429000,429.0,normalDay
2023-03-16,14919.0,608.0,0.0,100,396.11,390.0,0,0.0,0.0,,0.0,1,0.04,0.07,SPY230331C00429000,429.0,normalDay
2023-03-17,14919.0,-1.0,0.0,100,389.99,390.0,0,0.0,0.0,,0.0,1,0.04,0.04,SPY230331C00429000,429.0,normalDay
2023-03-20,14919.0,375.0,0.0,100,393.74,390.0,0,0.0,0.0,,0.0,1,0.04,0.03,SPY230331C00429000,429.0,normalDay
2023-03-21,14919.0,889.0,0.0,100,398.91,390.0,0,0.0,0.0,,0.0,1,0.04,0.06,SPY230331C00429000,429.0,normalDay
2023-03-22,14919.0,213.0,0.0,100,392.11,390.0,0,0.0,0.0,,0.0,1,0.04,0.02,SPY230331C00429000,429.0,normalDay
2023-03-23,14919.0,319.0,0.0,100,393.17,390.0,0,0.0,0.0,,0.0,1,0.04,0.02,SPY230331C00429000,429.0,normalDay
2023-03-24,14919.0,578.0,0.0,100,395.75,390.0,0,0.0,0.0,,0.0,1,0.04,0.01,SPY230331C00429000,429.0,normalDay
2023-03-27,14919.0,652.0,0.0,100,396.49,390.0,0,0.0,0.0,,0.0,1,0.04,0.01,SPY230331C00429000,429.0,normalDay
2023-03-28,14919.0,563.0,0.0,100,395.6,390.0,0,0.0,0.0,,0.0,1,0.04,0.01,SPY230331C00429000,429.0,normalDay
2023-03-29,14919.0,1138.0,0.0,100,401.35,390.0,0,0.0,0.0,,0.0,1,0.04,0.01,SPY230331C00429000,429.0,normalDay
2023-03-30,14919.0,1373.0,0.0,100,403.7,390.0,0,0.0,0.0,,0.0,1,0.04,0.01,SPY230331C00429000,429.0,normalDay
2023-03-31,14923.0,1939.0,4.0,100,409.39,390.0,0,0.0,0.0,,0.0,1,0.04,0.0,SPY230331C00429000,429.0,expirationDay
2023-04-03,14923.0,2091.0,0.0,100,410.95,390.0,0,0.0,0.0,,0.0,1,2.2,2.24,SPY230421C00420000,420.0,normalDay
2023-04-04,14923.0,1940.0,0.0,100,408.67,390.0,0,0.0,0.0,,0.0,1,2.2,1.47,SPY230421C00420000,420.0,normalDay
2023-04-05,14923.0,1876.0,0.0,100,407.6,390.0,0,0.0,0.0,,0.0,1,2.2,1.04,SPY230421C00420000,420.0,normalDay
2023-04-06,14923.0,2032.0,0.0,100,409.19,390.0,0,0.0,0.0,,0.0,1,2.2,1.07,SPY230421C00420000,420.0,normalDay
2023-04-10,14923.0,2090.0,0.0,100,409.61,390.0,0,0.0,0.0,,0.0,1,2.2,0.91,SPY230421C00420000,420.0,normalDay
2023-04-11,14923.0,2107.0,0.0,100,409.72,390.0,0,0.0,0.0,,0.0,1,2.2,0.85,SPY230421C00420000,420.0,normalDay
2023-04-12,14923.0,1993.0,0.0,100,408.05,390.0,0,0.0,0.0,,0.0,1,2.2,0.32,SPY230421C00420000,420.0,normalDay
2023-04-13,14923.0,2475.0,0.0,100,413.47,390.0,0,0.0,0.0,,0.0,1,2.2,0.92,SPY230421C00420000,420.0,normalDay
2023-04-14,14923.0,2425.0,0.0,100,412.46,390.0,0,0.0,0.0,,0.0,1,2.2,0.41,SPY230421C00420000,420.0,normalDay
2023-04-17,14923.0,2574.0,0.0,100,413.94,390.0,0,0.0,0.0,,0.0,1,2.2,0.4,SPY230421C00420000,420.0,normalDay
2023-04-18,14923.0,2614.0,0.0,100,414.21,390.0,0,0.0,0.0,,0.0,1,2.2,0.27,SPY230421C00420000,420.0,normalDay
2023-04-19,14923.0,2622.0,0.0,100,414.14,390.0,0,0.0,0.0,,0.0,1,2.2,0.12,SPY230421C00420000,420.0,normalDay
2023-04-20,14923.0,2406.0,0.0,100,411.88,390.0,0,0.0,0.0,,0.0,1,2.2,0.02,SPY230421C00420000,420.0,normalDay
2023-04-21,15143.0,2220.0,220.0,100,412.2,390.0,0,0.0,0.0,,0.0,1,2.2,0.0,SPY230421C00420000,420.0,expirationDay
2023-04-24,15143.0,2260.0,0.0,100,412.63,390.0,0,0.0,0.0,,0.0,1,0.48,0.51,SPY230512C00428000,428.0,normalDay
2023-04-25,15143.0,1636.0,0.0,100,406.08,390.0,0,0.0,0.0,,0.0,1,0.48,0.2,SPY230512C00428000,428.0,normalDay
2023-04-26,15143.0,1475.0,0.0,100,404.36,390.0,0,0.0,0.0,,0.0,1,0.48,0.09,SPY230512C00428000,428.0,normalDay
2023-04-27,15143.0,2248.0,0.0,100,412.41,390.0,0,0.0,0.0,,0.0,1,0.48,0.41,SPY230512C00428000,428.0,normalDay
2023-04-28,15143.0,2584.0,0.0,100,415.93,390.0,0,0.0,0.0,,0.0,1,0.48,0.57,SPY230512C00428000,428.0,normalDay
2023-05-01,15143.0,2561.0,0.0,100,415.51,390.0,0,0.0,0.0,,0.0,1,0.48,0.38,SPY230512C00428000,428.0,normalDay
2023-05-02,15143.0,2118.0,0.0,100,410.84,390.0,0,0.0,0.0,,0.0,1,0.48,0.14,SPY230512C00428000,428.0,normalDay
2023-05-03,15143.0,1842.0,0.0,100,408.02,390.0,0,0.0,0.0,,0.0,1,0.48,0.08,SPY230512C00428000,428.0,normalDay
2023-05-04,15143.0,1557.0,0.0,100,405.13,390.0,0,0.0,0.0,,0.0,1,0.48,0.04,SPY230512C00428000,428.0,normalDay
2023-05-05,15143.0,2307.0,0.0,100,412.63,390.0,0,0.0,0.0,,0.0,1,0.48,0.04,SPY230512C00428000,428.0,normalDay
2023-05-08,15143.0,2320.0,0.0,100,412.74,390.0,0,0.0,0.0,,0.0,1,0.48,0.02,SPY230512C00428000,428.0,normalDay
2023-05-09,15143.0,2139.0,0.0,100,410.93,390.0,0,0.0,0.0,,0.0,1,0.48,0.02,SPY230512C00428000,428.0,normalDay
2023-05-10,15143.0,2332.0,0.0,100,412.85,390.0,0,0.0,0.0,,0.0,1,0.48,0.01,SPY230512C00428000,428.0,normalDay
2023-05-11,15143.0,2260.0,0.0,100,412.13,390.0,0,0.0,0.0,,0.0,1,0.48,0.01,SPY230512C00428000,428.0,normalDay
2023-05-12,15191.0,2159.0,48.0,100,411.59,390.0,0,0.0,0.0,,0.0,1,0.48,0.0,SPY230512C00428000,428.0,expirationDay
2023-05-15,15191.0,2298.0,0.0,100,413.01,390.0,0,0.0,0.0,,0.0,1,0.94,0.97,SPY230602C00423000,423.0,normalDay
2023-05-16,15191.0,2056.0,0.0,100,410.25,390.0,0,0.0,0.0,,0.0,1,0.94,0.63,SPY230602C00423000,423.0,normalDay
2023-05-17,15191.0,2471.0,0.0,100,415.23,390.0,0,0.0,0.0,,0.0,1,0.94,1.46,SPY230602C00423000,423.0,normalDay
2023-05-18,15191.0,2748.0,0.0,100,419.23,390.0,0,0.0,0.0,,0.0,1,0.94,2.69,SPY230602C00423000,423.0,normalDay
2023-05-19,15191.0,2717.0,0.0,100,418.62,390.0,0,0.0,0.0,,0.0,1,0.94,2.39,SPY230602C00423000,423.0,normalDay
2023-05-22,15191.0,2746.0,0.0,100,418.79,390.0,0,0.0,0.0,,0.0,1,0.94,2.27,SPY230602C00423000,423.0,normalDay
2023-05-23,15191.0,2411.0,0.0,100,414.09,390.0,0,0.0,0.0,,0.0,1,0.94,0.92,SPY230602C00423000,423.0,normalDay
2023-05-24,15191.0,2152.0,0.0,100,411.09,390.0,0,0.0,0.0,,0.0,1,0.94,0.51,SPY230602C00423000,423.0,normalDay
2023-05-25,15191.0,2480.0,0.0,100,414.65,390.0,0,0.0,0.0,,0.0,1,0.94,0.79,SPY230602C00423000,423.0,normalDay
2023-05-26,15191.0,2894.0,0.0,100,420.02,390.0,0,0.0,0.0,,0.0,1,0.94,2.02,SPY230602C00423000,423.0,normalDay
2023-05-30,15191.0,2974.0,0.0,100,420.18,390.0,0,0.0,0.0,,0.0,1,0.94,1.38,SPY230602C00423000,423.0,normalDay
2023-05-31,15191.0,2841.0,0.0,100,417.85,390.0,0,0.0,0.0,,0.0,1,0.94,0.38,SPY230602C00423000,423.0,normalDay
2023-06-01,15191.0,3182.0,0.0,100,421.82,390.0,0,0.0,0.0,,0.0,1,0.94,0.94,SPY230602C00423000,423.0,normalDay
2023-06-02,18585.0,3182.0,3394.0,0,427.92,0.0,0,0.0,0.0,,0.0,1,0.94,0.0,SPY230602C00423000,423.0,expirationDay
2023-06-05,18585.0,-3.0,0.0,0,427.1,0.0,1,0.01,0.04,SPY230608P00407000,407.0,0,0.0,0.0,,0.0,normalDay
2023-06-06,18585.0,-2.0,0.0,0,428.03,0.0,1,0.01,0.03,SPY230608P00407000,407.0,0,0.0,0.0,,0.0,normalDay
2023-06-07,18585.0,-1.0,0.0,0,426.55,0.0,1,0.01,0.02,SPY230608P00407000,407.0,0,0.0,0.0,,0.0,normalDay
2023-06-08,18586.0,0.0,1.0,0,429.13,0.0,1,0.01,0.0,SPY230608P00407000,407.0,0,0.0,0.0,,0.0,expirationDay
2023-06-09,18586.0,0.0,0.0,0,429.9,0.0,0,0.0,0.0,,0.0,0,0.0,0.0,,0.0,bidTooLow
2023-06-12,18586.0,-3.0,0.0,0,433.8,0.0,1,0.06,0.09,SPY230615P00408000,408.0,0,0.0,0.0,,0.0,normalDay
2023-06-13,18586.0,0.0,0.0,0,436.66,0.0,1,0.06,0.06,SPY230615P00408000,408.0,0,0.0,0.0,,0.0,normalDay
2023-06-14,18586.0,4.0,0.0,0,437.18,0.0,1,0.06,0.02,SPY230615P00408000,408.0,0,0.0,0.0,,0.0,normalDay
2023-06-15,18592.0,0.0,6.0,0,442.6,0.0,1,0.06,0.0,SPY230615P00408000,408.0,0,0.0,0.0,,0.0,expirationDay
2023-06-16,18592.0,0.0,0.0,0,439.46,0.0,0,0.0,0.0,,0.0,0,0.0,0.0,,0.0,bidTooLow
2023-06-20,18592.0,0.0,0.0,0,437.18,0.0,0,0.0,0.0,,0.0,0,0.0,0.0,,0.0,bidTooLow
2023-06-21,18592.0,0.0,0.0,0,434.94,0.0,0,0.0,0.0,,0.0,0,0.0,0.0,,0.0,bidTooLow
2023-06-22,18592.0,0.0,0.0,0,436.51,0.0,0,0.0,0.0,,0.0,0,0.0,0.0,,0.0,bidTooLow
2023-06-23,18592.0,0.0,0.0,0,433.21,0.0,0,0.0,0.0,,0.0,0,0.0,0.0,,0.0,bidTooLow
2023-06-26,18592.0,-3.0,0.0,0,431.44,0.0,1,0.05,0.08,SPY230629P00418000,418.0,0,0.0,0.0,,0.0,normalDay
2023-06-27,18592.0,1.0,0.0,0,436.17,0.0,1,0.05,0.04,SPY230629P00418000,418.0,0,0.0,0.0,,0.0,normalDay
2023-06-28,18592.0,3.0,0.0,0,436.39,0.0,1,0.05,0.02,SPY230629P00418000,418.0,0,0.0,0.0,,0.0,normalDay
2023-06-29,18597.0,0.0,5.0,0,438.11,0.0,1,0.05,0.0,SPY230629P00418000,418.0,0,0.0,0.0,,0.0,expirationDay
2023-06-30,18597.0,0.0,0.0,0,443.28,0.0,0,0.0,0.0,,0.0,0,0.0,0.0,,0.0,bidTooLow
2023-07-03,18597.0,-3.0,0.0,0,443.79,0.0,1,0.02,0.05,SPY230706P00426000,426.0,0,0.0,0.0,,0.0,normalDay
2023-07-05,18597.0,-1.0,0.0,0,443.13,0.0,1,0.02,0.03,SPY230706P00426000,426.0,0,0.0,0.0,,0.0,normalDay
2023-07-06,18599.0,0.0,2.0,0,439.66,0.0,1,0.02,0.0,SPY230706P00426000,426.0,0,0.0,0.0,,0.0,expirationDay
2023-07-07,18599.0,-3.0,0.0,0,438.55,0.0,1,0.01,0.04,SPY230710P00429000,429.0,0,0.0,0.0,,0.0,normalDay
2023-07-10,18600.0,0.0,1.0,0,439.66,0.0,1,0.01,0.0,SPY230710P00429000,429.0,0,0.0,0.0,,0.0,expirationDay
2023-07-11,18600.0,-3.0,0.0,0,442.46,0.0,1,0.19,0.22,SPY230714P00432000,432.0,0,0.0,0.0,,0.0,normalDay
2023-07-12,18600.0,14.0,0.0,0,446.02,0.0,1,0.19,0.05,SPY230714P00432000,432.0,0,0.0,0.0,,0.0,normalDay
2023-07-13,18600.0,15.0,0.0,0,449.56,0.0,1,0.19,0.04,SPY230714P00432000,432.0,0,0.0,0.0,,0.0,normalDay
2023-07-14,18619.0,0.0,19.0,0,449.28,0.0,1,0.19,0.0,SPY230714P00432000,432.0,0,0.0,0.0,,0.0,expirationDay
2023-07-17,18619.0,-3.0,0.0,0,450.84,0.0,1,0.02,0.05,SPY230720P00431000,431.0,0,0.0,0.0,,0.0,normalDay
2023-07-18,18619.0,-2.0,0.0,0,454.19,0.0,1,0.02,0.04,SPY230720P00431000,431.0,0,0.0,0.0,,0.0,normalDay
2023-07-19,18619.0,0.0,0.0,0,455.2,0.0,1,0.02,0.02,SPY230720P00431000,431.0,0,0.0,0.0,,0.0,normalDay
2023-07-20,18621.0,0.0,2.0,0,452.18,0.0,1,0.02,0.0,SPY230720P00431000,431.0,0,0.0,0.0,,0.0,expirationDay
2023-07-21,18621.0,0.0,0.0,0,452.18,0.0,0,0.0,0.0,,0.0,0,0.0,0.0,,0.0,bidTooLow
2023-07-24,18621.0,-3.0,0.0,0,454.2,0.0,1,0.01,0.04,SPY230727P00432000,432.0,0,0.0,0.0,,0.0,normalDay
2023-07-25,18621.0,-2.0,0.0,0,455.44,0.0,1,0.01,0.03,SPY230727P00432000,432.0,0,0.0,0.0,,0.0,normalDay
2023-07-26,18621.0,-1.0,0.0,0,455.51,0.0,1,0.01,0.02,SPY230727P00432000,432.0,0,0.0,0.0,,0.0,normalDay
2023-07-27,18622.0,0.0,1.0,0,452.49,0.0,1,0.01,0.0,SPY230727P00432000,432.0,0,0.0,0.0,,0.0,expirationDay
2023-07-28,18622.0,0.0,0.0,0,456.92,0.0,0,0.0,0.0,,0.0,0,0.0,0.0,,0.0,bidTooLow
2023-07-31,18622.0,-3.0,0.0,0,457.79,0.0,1,0.02,0.05,SPY230803P00438000,438.0,0,0.0,0.0,,0.0,normalDay
2023-08-01,18622.0,-1.0,0.0,0,456.48,0.0,1,0.02,0.03,SPY230803P00438000,438.0,0,0.0,0.0,,0.0,normalDay
2023-08-02,18622.0,-4.0,0.0,0,450.13,0.0,1,0.02,0.06,SPY230803P00438000,438.0,0,0.0,0.0,,0.0,normalDay
2023-08-03,18624.0,0.0,2.0,0,448.84,0.0,1,0.02,0.0,SPY230803P00438000,438.0,0,0.0,0.0,,0.0,expirationDay
2023-08-04,18624.0,-3.0,0.0,0,446.81,0.0,1,0.36,0.39,SPY230807P00443000,443.0,0,0.0,0.0,,0.0,normalDay
2023-08-07,18660.0,0.0,36.0,0,450.71,0.0,1,0.36,0.0,SPY230807P00443000,443.0,0,0.0,0.0,,0.0,expirationDay
2023-08-08,18660.0,-3.0,0.0,0,448.75,0.0,1,1.27,1.3,SPY230811P00446000,446.0,0,0.0,0.0,,0.0,normalDay
2023-08-09,18660.0,-94.0,0.0,0,445.75,0.0,1,1.27,2.21,SPY230811P00446000,446.0,0,0.0,0.0,,0.0,normalDay
2023-08-10,18660.0,-34.0,0.0,0,445.91,0.0,1,1.27,1.61,SPY230811P00446000,446.0,0,0.0,0.0,,0.0,normalDay
2023-08-11,18787.0,-35.0,127.0,100,445.65,446.0,1,1.27,0.0,SPY230811P00446000,446.0,0,0.0,0.0,,0.0,expirationDay
2023-08-14,18787.0,208.0,0.0,100,448.11,446.0,0,0.0,0.0,,0.0,1,0.26,0.29,SPY230901C00466000,466.0,normalDay
2023-08-15,18787.0,-298.0,0.0,100,442.89,446.0,0,0.0,0.0,,0.0,1,0.26,0.13,SPY230901C00466000,466.0,normalDay
2023-08-16,18787.0,-617.0,0.0,100,439.64,446.0,0,0.0,0.0,,0.0,1,0.26,0.07,SPY230901C00466000,466.0,normalDay
2023-08-17,18787.0,-949.0,0.0,100,436.29,446.0,0,0.0,0.0,,0.0,1,0.26,0.04,SPY230901C00466000,466.0,normalDay
2023-08-18,18787.0,-927.0,0.0,100,436.5,446.0,0,0.0,0.0,,0.0,1,0.26,0.03,SPY230901C00466000,466.0,normalDay
2023-08-21,18787.0,-643.0,0.0,100,439.34,446.0,0,0.0,0.0,,0.0,1,0.26,0.03,SPY230901C00466000,466.0,normalDay
2023-08-22,18787.0,-761.0,0.0,100,438.15,446.0,0,0.0,0.0,,0.0,1,0.26,0.02,SPY230901C00466000,466.0,normalDay
2023-08-23,18787.0,-275.0,0.0,100,443.03,446.0,0,0.0,0.0,,0.0,1,0.26,0.04,SPY230901C00466000,466.0,normalDay
2023-08-24,18787.0,-887.0,0.0,100,436.89,446.0,0,0.0,0.0,,0.0,1,0.26,0.02,SPY230901C00466000,466.0,normalDay
2023-08-25,18787.0,-578.0,0.0,100,439.97,446.0,0,0.0,0.0,,0.0,1,0.26,0.01,SPY230901C00466000,466.0,normalDay
2023-08-28,18787.0,-299.0,0.0,100,442.76,446.0,0,0.0,0.0,,0.0,1,0.26,0.01,SPY230901C00466000,466.0,normalDay
2023-08-29,18787.0,340.0,0.0,100,449.16,446.0,0,0.0,0.0,,0.0,1,0.26,0.02,SPY230901C00466000,466.0,normalDay
2023-08-30,18787.0,525.0,0.0,100,451.01,446.0,0,0.0,0.0,,0.0,1,0.26,0.02,SPY230901C00466000,466.0,normalDay
2023-08-31,18787.0,460.0,0.0,100,450.35,446.0,0,0.0,0.0,,0.0,1,0.26,0.01,SPY230901C00466000,466.0,normalDay
2023-09-01,18813.0,519.0,26.0,100,451.19,446.0,0,0.0,0.0,,0.0,1,0.26,0.0,SPY230901C00466000,466.0,expirationDay
2023-09-05,18813.0,320.0,0.0,100,449.24,446.0,0,0.0,0.0,,0.0,1,0.38,0.42,SPY230922C00462500,462.5,normalDay
2023-09-06,18813.0,44.0,0.0,100,446.22,446.0,0,0.0,0.0,,0.0,1,0.38,0.16,SPY230922C00462500,462.5,normalDay
2023-09-07,18813.0,-87.0,0.0,100,444.85,446.0,0,0.0,0.0,,0.0,1,0.38,0.1,SPY230922C00462500,462.5,normalDay
2023-09-08,18813.0,-18.0,0.0,100,445.52,446.0,0,0.0,0.0,,0.0,1,0.38,0.08,SPY230922C00462500,462.5,normalDay
2023-09-11,18813.0,271.0,0.0,100,448.45,446.0,0,0.0,0.0,,0.0,1,0.38,0.12,SPY230922C00462500,462.5,normalDay
2023-09-12,18813.0,31.0,0.0,100,445.99,446.0,0,0.0,0.0,,0.0,1,0.38,0.06,SPY230922C00462500,462.5,normalDay
2023-09-13,18813.0,86.0,0.0,100,446.51,446.0,0,0.0,0.0,,0.0,1,0.38,0.03,SPY230922C00462500,462.5,normalDay
2023-09-14,18813.0,468.0,0.0,100,450.36,446.0,0,0.0,0.0,,0.0,1,0.38,0.06,SPY230922C00462500,462.5,normalDay
2023-09-15,18813.0,-227.0,0.0,100,443.37,446.0,0,0.0,0.0,,0.0,1,0.38,0.02,SPY230922C00462500,462.5,normalDay
2023-09-18,18813.0,-200.0,0.0,100,443.63,446.0,0,0.0,0.0,,0.0,1,0.38,0.01,SPY230922C00462500,462.5,normalDay
2023-09-19,18813.0,-292.0,0.0,100,442.71,446.0,0,0.0,0.0,,0.0,1,0.38,0.01,SPY230922C00462500,462.5,normalDay
2023-09-20,18813.0,-699.0,0.0,100,438.64,446.0,0,0.0,0.0,,0.0,1,0.38,0.01,SPY230922C00462500,462.5,normalDay
2023-09-21,18813.0,-1424.0,0.0,100,431.39,446.0,0,0.0,0.0,,0.0,1,0.38,0.01,SPY230922C00462500,462.5,normalDay
2023-09-22,18851.0,-1558.0,38.0,100,430.42,446.0,0,0.0,0.0,,0.0,1,0.38,0.0,SPY230922C00462500,462.5,expirationDay
2023-09-25,18851.0,-1377.0,0.0,100,432.23,446.0,0,0.0,0.0,,0.0,0,0.0,0.0,,0.0,bidTooLow
2023-09-26,18851.0,-2012.0,0.0,100,425.88,446.0,0,0.0,0.0,,0.0,0,0.0,0.0,,0.0,bidTooLow
2023-09-27,18851.0,-1995.0,0.0,100,426.05,446.0,0,0.0,0.0,,0.0,0,0.0,0.0,,0.0,bidTooLow
2023-09-28,18851.0,-1748.0,0.0,100,428.52,446.0,0,0.0,0.0,,0.0,0,0.0,0.0,,0.0,bidTooLow
2023-09-29,18851.0,-1852.0,0.0,100,427.48,446.0,0,0.0,0.0,,0.0,0,0.0,0.0,,0.0,bidTooLow
2023-10-02,18851.0,-1869.0,0.0,100,427.31,446.0,0,0.0,0.0,,0.0,0,0.0,0.0,,0.0,bidTooLow
2023-10-03,18851.0,-2441.0,0.0,100,421.59,446.0,0,0.0,0.0,,0.0,0,0.0,0.0,,0.0,bidTooLow
2023-10-04,18851.0,-2134.0,0.0,100,424.66,446.0,0,0.0,0.0,,0.0,0,0.0,0.0,,0.0,bidTooLow
2023-10-05,18851.0,-2150.0,0.0,100,424.5,446.0,0,0.0,0.0,,0.0,0,0.0,0.0,,0.0,bidTooLow
2023-10-06,18851.0,-1646.0,0.0,100,429.54,446.0,0,0.0,0.0,,0.0,0,0.0,0.0,,0.0,bidTooLow
2023-10-09,18851.0,-1374.0,0.0,100,432.29,446.0,0,0.0,0.0,,0.0,1,0.01,0.04,SPY231027C00465000,465.0,normalDay
2023-10-10,18851.0,-1149.0,0.0,100,434.54,446.0,0,0.0,0.0,,0.0,1,0.01,0.04,SPY231027C00465000,465.0,normalDay
2023-10-11,18851.0,-971.0,0.0,100,436.32,446.0,0,0.0,0.0,,0.0,1,0.01,0.04,SPY231027C00465000,465.0,normalDay
2023-10-12,18851.0,-1236.0,0.0,100,433.66,446.0,0,0.0,0.0,,0.0,1,0.01,0.03,SPY231027C00465000,465.0,normalDay
2023-10-13,18851.0,-1451.0,0.0,100,431.5,446.0,0,0.0,0.0,,0.0,1,0.01,0.02,SPY231027C00465000,465.0,normalDay
2023-10-16,18851.0,-998.0,0.0,100,436.04,446.0,0,0.0,0.0,,0.0,1,0.01,0.03,SPY231027C00465000,465.0,normalDay
2023-10-17,18851.0,-999.0,0.0,100,436.02,446.0,0,0.0,0.0,,0.0,1,0.01,0.02,SPY231027C00465000,465.0,normalDay
2023-10-18,18851.0,-1580.0,0.0,100,430.21,446.0,0,0.0,0.0,,0.0,1,0.01,0.02,SPY231027C00465000,465.0,normalDay
2023-10-19,18851.0,-1958.0,0.0,100,426.43,446.0,0,0.0,0.0,,0.0,1,0.01,0.02,SPY231027C00465000,465.0,normalDay
2023-10-20,18851.0,-2481.0,0.0,100,421.19,446.0,0,0.0,0.0,,0.0,1,0.01,0.01,SPY231027C00465000,465.0,normalDay
2023-10-23,18851.0,-2554.0,0.0,100,420.46,446.0,0,0.0,0.0,,0.0,1,0.01,0.01,SPY231027C00465000,465.0,normalDay
2023-10-24,18851.0,-2237.0,0.0,100,423.63,446.0,0,0.0,0.0,,0.0,1,0.01,0.01,SPY231027C00465000,465.0,normalDay
2023-10-25,18851.0,-2845.0,0.0,100,417.55,446.0,0,0.0,0.0,,0.0,1,0.01,0.01,SPY231027C00465000,465.0,normalDay
2023-10-26,18851.0,-3345.0,0.0,100,412.55,446.0,0,0.0,0.0,,0.0,1,0.01,0.01,SPY231027C00465000,465.0,normalDay
2023-10-27,18852.0,-3532.0,1.0,100,410.68,446.0,0,0.0,0.0,,0.0,1,0.01,0.0,SPY231027C00465000,465.0,expirationDay
2023-10-30,18852.0,-3044.0,0.0,100,415.59,446.0,0,0.0,0.0,,0.0,1,0.01,0.04,SPY231117C00455000,455.0,normalDay
2023-10-31,18852.0,-2783.0,0.0,100,418.2,446.0,0,0.0,0.0,,0.0,1,0.01,0.04,SPY231117C00455000,455.0,normalDay
2023-11-01,18852.0,-2337.0,0.0,100,422.66,446.0,0,0.0,0.0,,0.0,1,0.01,0.04,SPY231117C00455000,455.0,normalDay
2023-11-02,18852.0,-1531.0,0.0,100,430.76,446.0,0,0.0,0.0,,0.0,1,0.01,0.08,SPY231117C00455000,455.0,normalDay
2023-11-03,18852.0,-1143.0,0.0,100,434.69,446.0,0,0.0,0.0,,0.0,1,0.01,0.13,SPY231117C00455000,455.0,normalDay
2023-11-06,18852.0,-1036.0,0.0,100,435.69,446.0,0,0.0,0.0,,0.0,1,0.01,0.06,SPY231117C00455000,455.0,normalDay
2023-11-07,18852.0,-914.0,0.0,100,436.93,446.0,0,0.0,0.0,,0.0,1,0.01,0.08,SPY231117C00455000,455.0,normalDay
2023-11-08,18852.0,-879.0,0.0,100,437.25,446.0,0,0.0,0.0,,0.0,1,0.01,0.05,SPY231117C00455000,455.0,normalDay
2023-11-09,18852.0,-1218.0,0.0,100,433.84,446.0,0,0.0,0.0,,0.0,1,0.01,0.03,SPY231117C00455000,455.0,normalDay
2023-11-10,18852.0,-544.0,0.0,100,440.61,446.0,0,0.0,0.0,,0.0,1,0.01,0.06,SPY231117C00455000,455.0,normalDay
2023-11-13,18852.0,-584.0,0.0,100,440.19,446.0,0,0.0,0.0,,0.0,1,0.01,0.04,SPY231117C00455000,455.0,normalDay
2023-11-14,18852.0,231.0,0.0,100,448.73,446.0,0,0.0,0.0,,0.0,1,0.01,0.43,SPY231117C00455000,455.0,normalDay
2023-11-15,18852.0,347.0,0.0,100,449.68,446.0,0,0.0,0.0,,0.0,1,0.01,0.22,SPY231117C00455000,455.0,normalDay
2023-11-16,18852.0,417.0,0.0,100,450.23,446.0,0,0.0,0.0,,0.0,1,0.01,0.07,SPY231117C00455000,455.0,normalDay
2023-11-17,18853.0,479.0,1.0,100,450.79,446.0,0,0.0,0.0,,0.0,1,0.01,0.0,SPY231117C00455000,455.0,expirationDay
2023-11-20,18853.0,823.0,0.0,100,454.26,446.0,0,0.0,0.0,,0.0,1,0.02,0.05,SPY231208C00482000,482.0,normalDay
2023-11-21,18853.0,725.0,0.0,100,453.27,446.0,0,0.0,0.0,,0.0,1,0.02,0.04,SPY231208C00482000,482.0,normalDay
2023-11-22,18853.0,901.0,0.0,100,455.02,446.0,0,0.0,0.0,,0.0,1,0.02,0.03,SPY231208C00482000,482.0,normalDay
2023-11-24,18853.0,929.0,0.0,100,455.3,446.0,0,0.0,0.0,,0.0,1,0.02,0.03,SPY231208C00482000,482.0,normalDay
2023-11-27,18853.0,848.0,0.0,100,454.48,446.0,0,0.0,0.0,,0.0,1,0.02,0.02,SPY231208C00482000,482.0,normalDay
2023-11-28,18853.0,893.0,0.0,100,454.93,446.0,0,0.0,0.0,,0.0,1,0.02,0.02,SPY231208C00482000,482.0,normalDay
2023-11-29,18853.0,861.0,0.0,100,454.61,446.0,0,0.0,0.0,,0.0,1,0.02,0.02,SPY231208C00482000,482.0,normalDay
2023-11-30,18853.0,1040.0,0.0,100,456.4,446.0,0,0.0,0.0,,0.0,1,0.02,0.02,SPY231208C00482000,482.0,normalDay
