date,totalCapital,unrializedPnL,rializedPnL,stocksOwned,stocksPriceToday,stocksPriceBoughtAt,putOwned,putOwnedSoldAt,putPriceToday,putOwnedContract,putOwnedStrike,callOwned,callOwnedSoldAt,callPriceToday,callOwnedContract,callOwnedStrike,trackType
2018-11-01,0.0,0.0,0.0,0,273.51,0.0,0,0.0,0.0,,0.0,0,0.0,0.0,,0.0,bidTooLow
2018-11-02,0.0,0.0,0.0,0,271.89,0.0,0,0.0,0.0,,0.0,0,0.0,0.0,,0.0,bidTooLow
2018-11-05,0.0,0.0,0.0,0,273.39,0.0,0,0.0,0.0,,0.0,0,0.0,0.0,,0.0,bidTooLow
2018-11-06,0.0,-3.0,0.0,0,275.12,0.0,1,0.06,0.09,SPY181109P00256000,256.0,0,0.0,0.0,,0.0,normalDay
2018-11-07,0.0,4.0,0.0,0,281.01,0.0,1,0.06,0.02,SPY181109P00256000,256.0,0,0.0,0.0,,0.0,normalDay
2018-11-08,0.0,5.0,0.0,0,280.5,0.0,1,0.06,0.01,SPY181109P00256000,256.0,0,0.0,0.0,,0.0,normalDay
2018-11-09,6.0,0.0,6.0,0,277.76,0.0,1,0.06,0.0,SPY181109P00256000,256.0,0,0.0,0.0,,0.0,expirationDay
2018-11-12,6.0,-3.0,0.0,0,272.57,0.0,1,0.02,0.05,SPY181114P00255000,255.0,0,0.0,0.0,,0.0,normalDay
2018-11-13,6.0,1.0,0.0,0,272.06,0.0,1,0.02,0.01,SPY181114P00255000,255.0,0,0.0,0.0,,0.0,normalDay
2018-11-14,8.0,0.0,2.0,0,270.2,0.0,1,0.02,0.0,SPY181114P00255000,255.0,0,0.0,0.0,,0.0,expirationDay
2018-11-15,8.0,0.0,0.0,0,273.02,0.0,0,0.0,0.0,,0.0,0,0.0,0.0,,0.0,bidTooLow
2018-11-16,8.0,0.0,0.0,0,273.73,0.0,0,0.0,0.0,,0.0,0,0.0,0.0,,0.0,bidTooLow
2018-11-19,8.0,-3.0,0.0,0,269.1,0.0,1,0.03,0.06,SPY181121P00256000,256.0,0,0.0,0.0,,0.0,normalDay
2018-11-20,8.0,-5.0,0.0,0,264.12,0.0,1,0.03,0.08,SPY181121P00256000,256.0,0,0.0,0.0,,0.0,normalDay
2018-11-21,11.0,0.0,3.0,0,265.02,0.0,1,0.03,0.0,SPY181121P00256000,256.0,0,0.0,0.0,,0.0,expirationDay
2018-11-23,11.0,-3.0,0.0,0,263.25,0.0,1,0.04,0.07,SPY181126P00252000,252.0,0,0.0,0.0,,0.0,normalDay
2018-11-26,15.0,0.0,4.0,0,267.5,0.0,1,0.04,0.0,SPY181126P00252000,252.0,0,0.0,0.0,,0.0,expirationDay
2018-11-27,15.0,-3.0,0.0,0,268.4,0.0,1,0.02,0.05,SPY181130P00254000,254.0,0,0.0,0.0,,0.0,normalDay
2018-11-28,15.0,0.0,0.0,0,274.58,0.0,1,0.02,0.02,SPY181130P00254000,254.0,0,0.0,0.0,,0.0,normalDay
2018-11-29,15.0,1.0,0.0,0,273.98,0.0,1,0.02,0.01,SPY181130P00254000,254.0,0,0.0,0.0,,0.0,normalDay
2018-11-30,17.0,0.0,2.0,0,275.65,0.0,1,0.02,0.0,SPY181130P00254000,254.0,0,0.0,0.0,,0.0,expirationDay
2018-12-03,17.0,0.0,0.0,0,279.3,0.0,0,0.0,0.0,,0.0,0,0.0,0.0,,0.0,bidTooLow
2018-12-04,17.0,-3.0,0.0,0,270.25,0.0,1,0.09,0.12,SPY181207P00253500,253.5,0,0.0,0.0,,0.0,normalDay
2018-12-06,17.0,7.0,0.0,0,269.84,0.0,1,0.09,0.02,SPY181207P00253500,253.5,0,0.0,0.0,,0.0,normalDay
2018-12-07,26.0,0.0,9.0,0,263.57,0.0,1,0.09,0.0,SPY181207P00253500,253.5,0,0.0,0.0,,0.0,expirationDay
2018-12-10,26.0,-3.0,0.0,0,264.07,0.0,1,0.15,0.18,SPY181212P00253000,253.0,0,0.0,0.0,,0.0,normalDay
2018-12-11,26.0,11.0,0.0,0,264.13,0.0,1,0.15,0.04,SPY181212P00253000,253.0,0,0.0,0.0,,0.0,normalDay
2018-12-12,41.0,0.0,15.0,0,265.46,0.0,1,0.15,0.0,SPY181212P00253000,253.0,0,0.0,0.0,,0.0,expirationDay
2018-12-13,41.0,0.0,0.0,0,265.37,0.0,0,0.0,0.0,,0.0,0,0.0,0.0,,0.0,bidTooLow
2018-12-14,41.0,-3.0,0.0,0,260.47,0.0,1,0.03,0.06,SPY181217P00250000,250.0,0,0.0,0.0,,0.0,normalDay
2018-12-17,44.0,0.0,3.0,0,255.36,0.0,1,0.03,0.0,SPY181217P00250000,250.0,0,0.0,0.0,,0.0,expirationDay
2018-12-18,44.0,-4.0,0.0,0,255.08,0.0,1,0.63,0.67,SPY181221P00244000,244.0,0,0.0,0.0,,0.0,normalDay
2018-12-19,44.0,-8.0,0.0,0,251.26,0.0,1,0.63,0.71,SPY181221P00244000,244.0,0,0.0,0.0,,0.0,normalDay
2018-12-20,44.0,-25.0,0.0,0,247.17,0.0,1,0.63,0.88,SPY181221P00244000,244.0,0,0.0,0.0,,0.0,normalDay
2018-12-21,107.0,-330.0,63.0,100,240.7,244.0,1,0.63,0.0,SPY181221P00244000,244.0,0,0.0,0.0,,0.0,expirationDay
2018-12-24,107.0,-972.0,0.0,100,234.34,244.0,0,0.0,0.0,,0.0,1,0.05,0.11,SPY190315C00295000,295.0,normalDay
2018-12-26,107.0,207.0,0.0,100,246.18,244.0,0,0.0,0.0,,0.0,1,0.05,0.16,SPY190315C00295000,295.0,normalDay
2018-12-27,107.0,391.0,0.0,100,248.07,244.0,0,0.0,0.0,,0.0,1,0.05,0.21,SPY190315C00295000,295.0,normalDay
2018-12-28,107.0,360.0,0.0,100,247.75,244.0,0,0.0,0.0,,0.0,1,0.05,0.2,SPY190315C00295000,295.0,normalDay
2018-12-31,107.0,581.0,0.0,100,249.92,244.0,0,0.0,0.0,,0.0,1,0.05,0.16,SPY190315C00295000,295.0,normalDay
2019-01-02,107.0,611.0,0.0,100,250.18,244.0,0,0.0,0.0,,0.0,1,0.05,0.12,SPY190315C00295000,295.0,normalDay
2019-01-03,107.0,21.0,0.0,100,244.21,244.0,0,0.0,0.0,,0.0,1,0.05,0.05,SPY190315C00295000,295.0,normalDay
2019-01-04,107.0,836.0,0.0,100,252.39,244.0,0,0.0,0.0,,0.0,1,0.05,0.08,SPY190315C00295000,295.0,normalDay
2019-01-07,107.0,1035.0,0.0,100,254.38,244.0,0,0.0,0.0,,0.0,1,0.05,0.08,SPY190315C00295000,295.0,normalDay
2019-01-08,107.0,1273.0,0.0,100,256.77,244.0,0,0.0,0.0,,0.0,1,0.05,0.09,SPY190315C00295000,295.0,normalDay
2019-01-09,107.0,1394.0,0.0,100,257.97,244.0,0,0.0,0.0,,0.0,1,0.05,0.08,SPY190315C00295000,295.0,normalDay
2019-01-10,107.0,1484.0,0.0,100,258.88,244.0,0,0.0,0.0,,0.0,1,0.05,0.09,SPY190315C00295000,295.0,normalDay
2019-01-11,107.0,1497.0,0.0,100,258.98,244.0,0,0.0,0.0,,0.0,1,0.05,0.06,SPY190315C00295000,295.0,normalDay
2019-01-14,107.0,1339.0,0.0,100,257.4,244.0,0,0.0,0.0,,0.0,1,0.05,0.06,SPY190315C00295000,295.0,normalDay
2019-01-15,107.0,1633.0,0.0,100,260.35,244.0,0,0.0,0.0,,0.0,1,0.05,0.07,SPY190315C00295000,295.0,normalDay
2019-01-16,107.0,1694.0,0.0,100,260.98,244.0,0,0.0,0.0,,0.0,1,0.05,0.09,SPY190315C00295000,295.0,normalDay
2019-01-17,107.0,1891.0,0.0,100,262.96,244.0,0,0.0,0.0,,0.0,1,0.05,0.1,SPY190315C00295000,295.0,normalDay
2019-01-18,107.0,2237.0,0.0,100,266.46,244.0,0,0.0,0.0,,0.0,1,0.05,0.14,SPY190315C00295000,295.0,normalDay
2019-01-22,107.0,1881.0,0.0,100,262.86,244.0,0,0.0,0.0,,0.0,1,0.05,0.1,SPY190315C00295000,295.0,normalDay
2019-01-23,107.0,1937.0,0.0,100,263.41,244.0,0,0.0,0.0,,0.0,1,0.05,0.09,SPY190315C00295000,295.0,normalDay
2019-01-24,107.0,1952.0,0.0,100,263.55,244.0,0,0.0,0.0,,0.0,1,0.05,0.08,SPY190315C00295000,295.0,normalDay
2019-01-25,107.0,2174.0,0.0,100,265.78,244.0,0,0.0,0.0,,0.0,1,0.05,0.09,SPY190315C00295000,295.0,normalDay
2019-01-28,107.0,1974.0,0.0,100,263.76,244.0,0,0.0,0.0,,0.0,1,0.05,0.07,SPY190315C00295000,295.0,normalDay
2019-01-29,107.0,1940.0,0.0,100,263.41,244.0,0,0.0,0.0,,0.0,1,0.05,0.06,SPY190315C00295000,295.0,normalDay
2019-01-30,107.0,2354.0,0.0,100,267.58,244.0,0,0.0,0.0,,0.0,1,0.05,0.09,SPY190315C00295000,295.0,normalDay
2019-01-31,107.0,2588.0,0.0,100,269.93,244.0,0,0.0,0.0,,0.0,1,0.05,0.1,SPY190315C00295000,295.0,normalDay
2019-02-01,107.0,2603.0,0.0,100,270.06,244.0,0,0.0,0.0,,0.0,1,0.05,0.08,SPY190315C00295000,295.0,normalDay
2019-02-04,107.0,2791.0,0.0,100,271.96,244.0,0,0.0,0.0,,0.0,1,0.05,0.1,SPY190315C00295000,295.0,normalDay
2019-02-05,107.0,2904.0,0.0,100,273.1,244.0,0,0.0,0.0,,0.0,1,0.05,0.11,SPY190315C00295000,295.0,normalDay
2019-02-06,107.0,2872.0,0.0,100,272.74,244.0,0,0.0,0.0,,0.0,1,0.05,0.07,SPY190315C00295000,295.0,normalDay
2019-02-07,107.0,2615.0,0.0,100,270.14,244.0,0,0.0,0.0,,0.0,1,0.05,0.04,SPY190315C00295000,295.0,normalDay
2019-02-08,107.0,2649.0,0.0,100,270.47,244.0,0,0.0,0.0,,0.0,1,0.05,0.03,SPY190315C00295000,295.0,normalDay
2019-02-11,107.0,2663.0,0.0,100,270.62,244.0,0,0.0,0.0,,0.0,1,0.05,0.04,SPY190315C00295000,295.0,normalDay
2019-02-12,107.0,3008.0,0.0,100,274.1,244.0,0,0.0,0.0,,0.0,1,0.05,0.07,SPY190315C00295000,295.0,normalDay
2019-02-13,107.0,3097.0,0.0,100,274.99,244.0,0,0.0,0.0,,0.0,1,0.05,0.07,SPY190315C00295000,295.0,normalDay
2019-02-14,107.0,3037.0,0.0,100,274.38,244.0,0,0.0,0.0,,0.0,1,0.05,0.06,SPY190315C00295000,295.0,normalDay
2019-02-15,107.0,3336.0,0.0,100,277.37,244.0,0,0.0,0.0,,0.0,1,0.05,0.06,SPY190315C00295000,295.0,normalDay
2019-02-19,107.0,3386.0,0.0,100,277.85,244.0,0,0.0,0.0,,0.0,1,0.05,0.04,SPY190315C00295000,295.0,normalDay
2019-02-20,107.0,3442.0,0.0,100,278.41,244.0,0,0.0,0.0,,0.0,1,0.05,0.04,SPY190315C00295000,295.0,normalDay
2019-02-21,107.0,3344.0,0.0,100,277.42,244.0,0,0.0,0.0,,0.0,1,0.05,0.03,SPY190315C00295000,295.0,normalDay
2019-02-22,107.0,3515.0,0.0,100,279.14,244.0,0,0.0,0.0,,0.0,1,0.05,0.04,SPY190315C00295000,295.0,normalDay
2019-02-25,107.0,3553.0,0.0,100,279.52,244.0,0,0.0,0.0,,0.0,1,0.05,0.04,SPY190315C00295000,295.0,normalDay
2019-02-26,107.0,3534.0,0.0,100,279.32,244.0,0,0.0,0.0,,0.0,1,0.05,0.03,SPY190315C00295000,295.0,normalDay
2019-02-27,107.0,3522.0,0.0,100,279.2,244.0,0,0.0,0.0,,0.0,1,0.05,0.03,SPY190315C00295000,295.0,normalDay
2019-02-28,107.0,3471.0,0.0,100,278.68,244.0,0,0.0,0.0,,0.0,1,0.05,0.02,SPY190315C00295000,295.0,normalDay
2019-03-01,107.0,3645.0,0.0,100,280.42,244.0,0,0.0,0.0,,0.0,1,0.05,0.02,SPY190315C00295000,295.0,normalDay
2019-03-04,107.0,3544.0,0.0,100,279.4,244.0,0,0.0,0.0,,0.0,1,0.05,0.01,SPY190315C00295000,295.0,normalDay
2019-03-05,107.0,3506.0,0.0,100,279.02,244.0,0,0.0,0.0,,0.0,1,0.05,0.01,SPY190315C00295000,295.0,normalDay
2019-03-06,107.0,3337.0,0.0,100,277.33,244.0,0,0.0,0.0,,0.0,1,0.05,0.01,SPY190315C00295000,295.0,normalDay
2019-03-07,107.0,3105.0,0.0,100,275.01,244.0,0,0.0,0.0,,0.0,1,0.05,0.01,SPY190315C00295000,295.0,normalDay
2019-03-08,107.0,3050.0,0.0,100,274.46,244.0,0,0.0,0.0,,0.0,1,0.05,0.01,SPY190315C00295000,295.0,normalDay
2019-03-11,107.0,3448.0,0.0,100,278.44,244.0,0,0.0,0.0,,0.0,1,0.05,0.01,SPY190315C00295000,295.0,normalDay
2019-03-12,107.0,3553.0,0.0,100,279.49,244.0,0,0.0,0.0,,0.0,1,0.05,0.01,SPY190315C00295000,295.0,normalDay
2019-03-13,107.0,3738.0,0.0,100,281.34,244.0,0,0.0,0.0,,0.0,1,0.05,0.01,SPY190315C00295000,295.0,normalDay
2019-03-14,107.0,3720.0,0.0,100,281.16,244.0,0,0.0,0.0,,0.0,1,0.05,0.01,SPY190315C00295000,295.0,normalDay
2019-03-15,112.0,3731.0,5.0,100,281.31,244.0,0,0.0,0.0,,0.0,1,0.05,0.0,SPY190315C00295000,295.0,expirationDay
2019-03-18,112.0,3828.0,0.0,100,282.33,244.0,0,0.0,0.0,,0.0,1,5.12,5.17,SPY190517C00284000,284.0,normalDay
2019-03-19,112.0,3843.0,0.0,100,282.4,244.0,0,0.0,0.0,,0.0,1,5.12,5.09,SPY190517C00284000,284.0,normalDay
2019-03-20,112.0,3802.0,0.0,100,281.55,244.0,0,0.0,0.0,,0.0,1,5.12,4.65,SPY190517C00284000,284.0,normalDay
2019-03-21,112.0,3937.0,0.0,100,284.73,244.0,0,0.0,0.0,,0.0,1,5.12,6.48,SPY190517C00284000,284.0,normalDay
2019-03-22,112.0,3582.0,0.0,100,279.25,244.0,0,0.0,0.0,,0.0,1,5.12,4.55,SPY190517C00284000,284.0,normalDay
2019-03-25,112.0,3602.0,0.0,100,279.04,244.0,0,0.0,0.0,,0.0,1,5.12,4.14,SPY190517C00284000,284.0,normalDay
2019-03-26,112.0,3770.0,0.0,100,281.12,244.0,0,0.0,0.0,,0.0,1,5.12,4.54,SPY190517C00284000,284.0,normalDay
2019-03-27,112.0,3677.0,0.0,100,279.65,244.0,0,0.0,0.0,,0.0,1,5.12,4.0,SPY190517C00284000,284.0,normalDay
2019-03-28,112.0,3760.0,0.0,100,280.71,244.0,0,0.0,0.0,,0.0,1,5.12,4.23,SPY190517C00284000,284.0,normalDay
2019-03-29,112.0,3864.0,0.0,100,282.48,244.0,0,0.0,0.0,,0.0,1,5.12,4.96,SPY190517C00284000,284.0,normalDay
2019-04-01,112.0,4049.0,0.0,100,285.83,244.0,0,0.0,0.0,,0.0,1,5.12,6.46,SPY190517C00284000,284.0,normalDay
2019-04-02,112.0,4075.0,0.0,100,285.97,244.0,0,0.0,0.0,,0.0,1,5.12,6.34,SPY190517C00284000,284.0,normalDay
2019-04-03,112.0,4055.0,0.0,100,286.42,244.0,0,0.0,0.0,,0.0,1,5.12,6.99,SPY190517C00284000,284.0,normalDay
2019-04-04,112.0,4105.0,0.0,100,287.18,244.0,0,0.0,0.0,,0.0,1,5.12,7.25,SPY190517C00284000,284.0,normalDay
2019-04-05,112.0,4172.0,0.0,100,288.57,244.0,0,0.0,0.0,,0.0,1,5.12,7.97,SPY190517C00284000,284.0,normalDay
2019-04-08,112.0,4188.0,0.0,100,288.79,244.0,0,0.0,0.0,,0.0,1,5.12,8.03,SPY190517C00284000,284.0,normalDay
2019-04-09,112.0,4141.0,0.0,100,287.31,244.0,0,0.0,0.0,,0.0,1,5.12,7.02,SPY190517C00284000,284.0,normalDay
2019-04-10,112.0,4176.0,0.0,100,288.29,244.0,0,0.0,0.0,,0.0,1,5.12,7.65,SPY190517C00284000,284.0,normalDay
2019-04-11,112.0,4205.0,0.0,100,288.21,244.0,0,0.0,0.0,,0.0,1,5.12,7.28,SPY190517C00284000,284.0,normalDay
2019-04-12,112.0,4268.0,0.0,100,290.16,244.0,0,0.0,0.0,,0.0,1,5.12,8.6,SPY190517C00284000,284.0,normalDay
2019-04-15,112.0,4270.0,0.0,100,289.97,244.0,0,0.0,0.0,,0.0,1,5.12,8.39,SPY190517C00284000,284.0,normalDay
2019-04-16,112.0,4295.0,0.0,100,290.16,244.0,0,0.0,0.0,,0.0,1,5.12,8.33,SPY190517C00284000,284.0,normalDay
2019-04-17,112.0,4291.0,0.0,100,289.45,244.0,0,0.0,0.0,,0.0,1,5.12,7.66,SPY190517C00284000,284.0,normalDay
2019-04-18,112.0,4299.0,0.0,100,290.02,244.0,0,0.0,0.0,,0.0,1,5.12,8.15,SPY190517C00284000,284.0,normalDay
2019-04-22,112.0,4312.0,0.0,100,290.27,244.0,0,0.0,0.0,,0.0,1,5.12,8.27,SPY190517C00284000,284.0,normalDay
2019-04-23,112.0,4359.0,0.0,100,292.88,244.0,0,0.0,0.0,,0.0,1,5.12,10.41,SPY190517C00284000,284.0,normalDay
2019-04-24,112.0,4335.0,0.0,100,292.23,244.0,0,0.0,0.0,,0.0,1,5.12,10.0,SPY190517C00284000,284.0,normalDay
2019-04-25,112.0,4354.0,0.0,100,292.05,244.0,0,0.0,0.0,,0.0,1,5.12,9.63,SPY190517C00284000,284.0,normalDay
2019-04-26,112.0,4382.0,0.0,100,293.41,244.0,0,0.0,0.0,,0.0,1,5.12,10.71,SPY190517C00284000,284.0,normalDay
2019-04-29,112.0,4402.0,0.0,100,293.87,244.0,0,0.0,0.0,,0.0,1,5.12,10.97,SPY190517C00284000,284.0,normalDay
2019-04-30,112.0,4381.0,0.0,100,294.02,244.0,0,0.0,0.0,,0.0,1,5.12,11.33,SPY190517C00284000,284.0,normalDay
2019-05-01,112.0,4373.0,0.0,100,291.81,244.0,0,0.0,0.0,,0.0,1,5.12,9.2,SPY190517C00284000,284.0,normalDay
2019-05-02,112.0,4387.0,0.0,100,291.18,244.0,0,0.0,0.0,,0.0,1,5.12,8.43,SPY190517C00284000,284.0,normalDay
2019-05-03,112.0,4431.0,0.0,100,294.03,244.0,0,0.0,0.0,,0.0,1,5.12,10.84,SPY190517C00284000,284.0,normalDay
2019-05-06,112.0,4402.0,0.0,100,292.82,244.0,0,0.0,0.0,,0.0,1,5.12,9.92,SPY190517C00284000,284.0,normalDay
2019-05-07,112.0,4210.0,0.0,100,287.93,244.0,0,0.0,0.0,,0.0,1,5.12,6.95,SPY190517C00284000,284.0,normalDay
2019-05-08,112.0,4203.0,0.0,100,287.53,244.0,0,0.0,0.0,,0.0,1,5.12,6.62,SPY190517C00284000,284.0,normalDay
2019-05-09,112.0,4194.0,0.0,100,286.66,244.0,0,0.0,0.0,,0.0,1,5.12,5.84,SPY190517C00284000,284.0,normalDay
2019-05-10,112.0,4374.0,0.0,100,288.1,244.0,0,0.0,0.0,,0.0,1,5.12,5.48,SPY190517C00284000,284.0,normalDay
2019-05-13,112.0,4058.0,0.0,100,280.86,244.0,0,0.0,0.0,,0.0,1,5.12,1.4,SPY190517C00284000,284.0,normalDay
2019-05-14,112.0,4276.0,0.0,100,283.4,244.0,0,0.0,0.0,,0.0,1,5.12,1.76,SPY190517C00284000,284.0,normalDay
2019-05-15,112.0,4386.0,0.0,100,285.06,244.0,0,0.0,0.0,,0.0,1,5.12,2.32,SPY190517C00284000,284.0,normalDay
2019-05-16,112.0,4490.0,0.0,100,287.7,244.0,0,0.0,0.0,,0.0,1,5.12,3.92,SPY190517C00284000,284.0,normalDay
2019-05-17,4624.0,4490.0,4512.0,0,285.84,0.0,0,0.0,0.0,,0.0,1,5.12,0.0,SPY190517C00284000,284.0,expirationDay
2019-05-20,4624.0,-3.0,0.0,0,283.95,0.0,1,0.01,0.04,SPY190522P00275000,275.0,0,0.0,0.0,,0.0,normalDay
2019-05-21,4624.0,0.0,0.0,0,286.51,0.0,1,0.01,0.01,SPY190522P00275000,275.0,0,0.0,0.0,,0.0,normalDay
2019-05-22,4625.0,0.0,1.0,0,285.63,0.0,1,0.01,0.0,SPY190522P00275000,275.0,0,0.0,0.0,,0.0,expirationDay
2019-05-23,4625.0,-3.0,0.0,0,282.14,0.0,1,0.01,0.04,SPY190524P00273000,273.0,0,0.0,0.0,,0.0,normalDay
2019-05-24,4626.0,0.0,1.0,0,282.78,0.0,1,0.01,0.0,SPY190524P00273000,273.0,0,0.0,0.0,,0.0,expirationDay
2019-05-28,4626.0,-3.0,0.0,0,280.15,0.0,1,0.17,0.2,SPY190531P00272000,272.0,0,0.0,0.0,,0.0,normalDay
2019-05-29,4626.0,-2.0,0.0,0,278.27,0.0,1,0.17,0.19,SPY190531P00272000,272.0,0,0.0,0.0,,0.0,normalDay
2019-05-30,4626.0,13.0,0.0,0,279.03,0.0,1,0.17,0.04,SPY190531P00272000,272.0,0,0.0,0.0,,0.0,normalDay
2019-05-31,4643.0,0.0,17.0,0,275.27,0.0,1,0.17,0.0,SPY190531P00272000,272.0,0,0.0,0.0,,0.0,expirationDay
2019-06-03,4643.0,-3.0,0.0,0,274.57,0.0,1,0.07,0.1,SPY190605P00267000,267.0,0,0.0,0.0,,0.0,normalDay
2019-06-04,4643.0,6.0,0.0,0,280.53,0.0,1,0.07,0.01,SPY190605P00267000,267.0,0,0.0,0.0,,0.0,normalDay
2019-06-05,4650.0,0.0,7.0,0,282.96,0.0,1,0.07,0.0,SPY190605P00267000,267.0,0,0.0,0.0,,0.0,expirationDay
2019-06-06,4650.0,0.0,0.0,0,284.8,0.0,0,0.0,0.0,,0.0,0,0.0,0.0,,0.0,bidTooLow
2019-06-07,4650.0,0.0,0.0,0,287.65,0.0,0,0.0,0.0,,0.0,0,0.0,0.0,,0.0,bidTooLow
2019-06-10,4650.0,0.0,0.0,0,288.97,0.0,0,0.0,0.0,,0.0,0,0.0,0.0,,0.0,bidTooLow
2019-06-11,4650.0,0.0,0.0,0,288.9,0.0,0,0.0,0.0,,0.0,0,0.0,0.0,,0.0,bidTooLow
2019-06-12,4650.0,0.0,0.0,0,288.39,0.0,0,0.0,0.0,,0.0,0,0.0,0.0,,0.0,bidTooLow
2019-06-13,4650.0,0.0,0.0,0,289.58,0.0,0,0.0,0.0,,0.0,0,0.0,0.0,,0.0,bidTooLow
2019-06-14,4650.0,0.0,0.0,0,289.26,0.0,0,0.0,0.0,,0.0,0,0.0,0.0,,0.0,bidTooLow
2019-06-17,4650.0,0.0,0.0,0,289.37,0.0,0,0.0,0.0,,0.0,0,0.0,0.0,,0.0,bidTooLow
2019-06-18,4650.0,0.0,0.0,0,292.4,0.0,0,0.0,0.0,,0.0,0,0.0,0.0,,0.0,bidTooLow
2019-06-19,4650.0,0.0,0.0,0,293.06,0.0,0,0.0,0.0,,0.0,0,0.0,0.0,,0.0,bidTooLow
2019-06-20,4650.0,0.0,0.0,0,295.86,0.0,0,0.0,0.0,,0.0,0,0.0,0.0,,0.0,bidTooLow
2019-06-21,4650.0,0.0,0.0,0,294.0,0.0,0,0.0,0.0,,0.0,0,0.0,0.0,,0.0,bidTooLow
2019-06-24,4650.0,0.0,0.0,0,293.64,0.0,0,0.0,0.0,,0.0,0,0.0,0.0,,0.0,bidTooLow
2019-06-25,4650.0,0.0,0.0,0,290.76,0.0,0,0.0,0.0,,0.0,0,0.0,0.0,,0.0,bidTooLow
2019-06-26,4650.0,0.0,0.0,0,290.47,0.0,0,0.0,0.0,,0.0,0,0.0,0.0,,0.0,bidTooLow
2019-06-27,4650.0,0.0,0.0,0,291.5,0.0,0,0.0,0.0,,0.0,0,0.0,0.0,,0.0,bidTooLow
2019-06-28,4650.0,0.0,0.0,0,293.0,0.0,0,0.0,0.0,,0.0,0,0.0,0.0,,0.0,bidTooLow
2019-07-01,4650.0,0.0,0.0,0,295.66,0.0,0,0.0,0.0,,0.0,0,0.0,0.0,,0.0,bidTooLow
2019-07-02,4650.0,0.0,0.0,0,296.43,0.0,0,0.0,0.0,,0.0,0,0.0,0.0,,0.0,bidTooLow
2019-07-03,4650.0,0.0,0.0,0,298.8,0.0,0,0.0,0.0,,0.0,0,0.0,0.0,,0.0,bidTooLow
2019-07-05,4650.0,0.0,0.0,0,298.46,0.0,0,0.0,0.0,,0.0,0,0.0,0.0,,0.0,bidTooLow
2019-07-08,4650.0,0.0,0.0,0,296.82,0.0,0,0.0,0.0,,0.0,0,0.0,0.0,,0.0,bidTooLow
2019-07-09,4650.0,0.0,0.0,0,297.19,0.0,0,0.0,0.0,,0.0,0,0.0,0.0,,0.0,bidTooLow
2019-07-10,4650.0,0.0,0.0,0,298.61,0.0,0,0.0,0.0,,0.0,0,0.0,0.0,,0.0,bidTooLow
2019-07-11,4650.0,0.0,0.0,0,299.31,0.0,0,0.0,0.0,,0.0,0,0.0,0.0,,0.0,bidTooLow
2019-07-12,4650.0,0.0,0.0,0,300.65,0.0,0,0.0,0.0,,0.0,0,0.0,0.0,,0.0,bidTooLow
2019-07-15,4650.0,0.0,0.0,0,300.75,0.0,0,0.0,0.0,,0.0,0,0.0,0.0,,0.0,bidTooLow
2019-07-16,4650.0,-3.0,0.0,0,299.78,0.0,1,0.01,0.04,SPY190719P00284000,284.0,0,0.0,0.0,,0.0,normalDay
2019-07-17,4650.0,-2.0,0.0,0,297.74,0.0,1,0.01,0.03,SPY190719P00284000,284.0,0,0.0,0.0,,0.0,normalDay
2019-07-18,4650.0,-1.0,0.0,0,298.83,0.0,1,0.01,0.02,SPY190719P00284000,284.0,0,0.0,0.0,,0.0,normalDay
2019-07-19,4651.0,0.0,1.0,0,297.17,0.0,1,0.01,0.0,SPY190719P00284000,284.0,0,0.0,0.0,,0.0,expirationDay
2019-07-22,4651.0,0.0,0.0,0,297.9,0.0,0,0.0,0.0,,0.0,0,0.0,0.0,,0.0,bidTooLow
2019-07-23,4651.0,0.0,0.0,0,300.03,0.0,0,0.0,0.0,,0.0,0,0.0,0.0,,0.0,bidTooLow
2019-07-24,4651.0,0.0,0.0,0,301.44,0.0,0,0.0,0.0,,0.0,0,0.0,0.0,,0.0,bidTooLow
2019-07-25,4651.0,0.0,0.0,0,300.0,0.0,0,0.0,0.0,,0.0,0,0.0,0.0,,0.0,bidTooLow
2019-07-26,4651.0,0.0,0.0,0,302.01,0.0,0,0.0,0.0,,0.0,0,0.0,0.0,,0.0,bidTooLow
2019-07-29,4651.0,-3.0,0.0,0,301.46,0.0,1,0.02,0.05,SPY190731P00292500,292.5,0,0.0,0.0,,0.0,normalDay
2019-07-30,4651.0,-2.0,0.0,0,300.72,0.0,1,0.02,0.04,SPY190731P00292500,292.5,0,0.0,0.0,,0.0,normalDay
2019-07-31,4653.0,0.0,2.0,0,297.43,0.0,1,0.02,0.0,SPY190731P00292500,292.5,0,0.0,0.0,,0.0,expirationDay
2019-08-01,4653.0,-3.0,0.0,0,294.84,0.0,1,0.5,0.53,SPY190802P00292500,292.5,0,0.0,0.0,,0.0,normalDay
2019-08-02,4703.0,0.0,50.0,0,292.62,0.0,1,0.5,0.0,SPY190802P00292500,292.5,0,0.0,0.0,,0.0,expirationDay
2019-08-05,4703.0,-5.0,0.0,0,283.82,0.0,1,2.84,2.89,SPY190807P00283000,283.0,0,0.0,0.0,,0.0,normalDay
2019-08-06,4703.0,247.0,0.0,0,287.8,0.0,1,2.84,0.37,SPY190807P00283000,283.0,0,0.0,0.0,,0.0,normalDay
2019-08-07,4987.0,0.0,284.0,0,287.97,0.0,1,2.84,0.0,SPY190807P00283000,283.0,0,0.0,0.0,,0.0,expirationDay
2019-08-08,4987.0,0.0,0.0,0,293.62,0.0,0,0.0,0.0,,0.0,0,0.0,0.0,,0.0,bidTooLow
2019-08-09,4987.0,0.0,0.0,0,291.62,0.0,0,0.0,0.0,,0.0,0,0.0,0.0,,0.0,bidTooLow
2019-08-12,4987.0,-3.0,0.0,0,288.07,0.0,1,0.09,0.12,SPY190814P00276000,276.0,0,0.0,0.0,,0.0,normalDay
2019-08-13,4987.0,8.0,0.0,0,292.55,0.0,1,0.09,0.01,SPY190814P00276000,276.0,0,0.0,0.0,,0.0,normalDay
2019-08-14,4996.0,0.0,9.0,0,283.9,0.0,1,0.09,0.0,SPY190814P00276000,276.0,0,0.0,0.0,,0.0,expirationDay
2019-08-15,4996.0,0.0,0.0,0,284.65,0.0,0,0.0,0.0,,0.0,0,0.0,0.0,,0.0,bidTooLow
2019-08-16,4996.0,0.0,0.0,0,288.85,0.0,0,0.0,0.0,,0.0,0,0.0,0.0,,0.0,bidTooLow
2019-08-19,4996.0,0.0,0.0,0,292.33,0.0,0,0.0,0.0,,0.0,0,0.0,0.0,,0.0,bidTooLow
2019-08-20,4996.0,0.0,0.0,0,290.09,0.0,0,0.0,0.0,,0.0,0,0.0,0.0,,0.0,bidTooLow
2019-08-21,4996.0,0.0,0.0,0,292.45,0.0,0,0.0,0.0,,0.0,0,0.0,0.0,,0.0,bidTooLow
2019-08-22,4996.0,0.0,0.0,0,292.36,0.0,0,0.0,0.0,,0.0,0,0.0,0.0,,0.0,bidTooLow
2019-08-23,4996.0,-3.0,0.0,0,284.85,0.0,1,0.08,0.11,SPY190826P00273000,273.0,0,0.0,0.0,,0.0,normalDay
2019-08-26,5004.0,0.0,8.0,0,288.0,0.0,1,0.08,0.0,SPY190826P00273000,273.0,0,0.0,0.0,,0.0,expirationDay
2019-08-27,5004.0,-3.0,0.0,0,286.87,0.0,1,0.17,0.2,SPY190830P00276000,276.0,0,0.0,0.0,,0.0,normalDay
2019-08-28,5004.0,12.0,0.0,0,288.89,0.0,1,0.17,0.05,SPY190830P00276000,276.0,0,0.0,0.0,,0.0,normalDay
2019-08-29,5004.0,15.0,0.0,0,292.58,0.0,1,0.17,0.02,SPY190830P00276000,276.0,0,0.0,0.0,,0.0,normalDay
2019-08-30,5021.0,0.0,17.0,0,292.45,0.0,1,0.17,0.0,SPY190830P00276000,276.0,0,0.0,0.0,,0.0,expirationDay
2019-09-03,5021.0,-3.0,0.0,0,290.74,0.0,1,0.12,0.15,SPY190906P00279000,279.0,0,0.0,0.0,,0.0,normalDay
2019-09-04,5021.0,9.0,0.0,0,294.04,0.0,1,0.12,0.03,SPY190906P00279000,279.0,0,0.0,0.0,,0.0,normalDay
2019-09-05,5021.0,10.0,0.0,0,297.82,0.0,1,0.12,0.02,SPY190906P00279000,279.0,0,0.0,0.0,,0.0,normalDay
2019-09-06,5033.0,0.0,12.0,0,298.05,0.0,1,0.12,0.0,SPY190906P00279000,279.0,0,0.0,0.0,,0.0,expirationDay
2019-09-09,5033.0,0.0,0.0,0,298.2,0.0,0,0.0,0.0,,0.0,0,0.0,0.0,,0.0,bidTooLow
2019-09-10,5033.0,0.0,0.0,0,298.13,0.0,0,0.0,0.0,,0.0,0,0.0,0.0,,0.0,bidTooLow
2019-09-11,5033.0,0.0,0.0,0,300.25,0.0,0,0.0,0.0,,0.0,0,0.0,0.0,,0.0,bidTooLow
2019-09-12,5033.0,0.0,0.0,0,301.29,0.0,0,0.0,0.0,,0.0,0,0.0,0.0,,0.0,bidTooLow
2019-09-13,5033.0,0.0,0.0,0,301.09,0.0,0,0.0,0.0,,0.0,0,0.0,0.0,,0.0,bidTooLow
2019-09-16,5033.0,0.0,0.0,0,300.16,0.0,0,0.0,0.0,,0.0,0,0.0,0.0,,0.0,bidTooLow
2019-09-17,5033.0,-3.0,0.0,0,300.92,0.0,1,0.02,0.05,SPY190920P00276000,276.0,0,0.0,0.0,,0.0,normalDay
2019-09-18,5033.0,-2.0,0.0,0,301.1,0.0,1,0.02,0.04,SPY190920P00276000,276.0,0,0.0,0.0,,0.0,normalDay
2019-09-19,5033.0,0.0,0.0,0,301.08,0.0,1,0.02,0.02,SPY190920P00276000,276.0,0,0.0,0.0,,0.0,normalDay
2019-09-20,5035.0,0.0,2.0,0,298.28,0.0,1,0.02,0.0,SPY190920P00276000,276.0,0,0.0,0.0,,0.0,expirationDay
2019-09-23,5035.0,0.0,0.0,0,298.21,0.0,0,0.0,0.0,,0.0,0,0.0,0.0,,0.0,bidTooLow
2019-09-24,5035.0,-3.0,0.0,0,295.87,0.0,1,0.06,0.09,SPY190927P00281000,281.0,0,0.0,0.0,,0.0,normalDay
2019-09-25,5035.0,3.0,0.0,0,297.62,0.0,1,0.06,0.03,SPY190927P00281000,281.0,0,0.0,0.0,,0.0,normalDay
2019-09-26,5035.0,5.0,0.0,0,297.0,0.0,1,0.06,0.01,SPY190927P00281000,281.0,0,0.0,0.0,,0.0,normalDay
2019-09-27,5041.0,0.0,6.0,0,295.4,0.0,1,0.06,0.0,SPY190927P00281000,281.0,0,0.0,0.0,,0.0,expirationDay
2019-09-30,5041.0,-3.0,0.0,0,296.77,0.0,1,0.03,0.06,SPY191002P00288000,288.0,0,0.0,0.0,,0.0,normalDay
2019-10-01,5041.0,-6.0,0.0,0,293.24,0.0,1,0.03,0.09,SPY191002P00288000,288.0,0,0.0,0.0,,0.0,normalDay
2019-10-02,5044.0,0.0,3.0,0,288.06,0.0,1,0.03,0.0,SPY191002P00288000,288.0,0,0.0,0.0,,0.0,expirationDay
2019-10-03,5044.0,-3.0,0.0,0,290.42,0.0,1,0.12,0.15,SPY191004P00284500,284.5,0,0.0,0.0,,0.0,normalDay
2019-10-04,5056.0,0.0,12.0,0,294.35,0.0,1,0.12,0.0,SPY191004P00284500,284.5,0,0.0,0.0,,0.0,expirationDay
2019-10-07,5056.0,-3.0,0.0,0,293.08,0.0,1,0.02,0.05,SPY191009P00283000,283.0,0,0.0,0.0,,0.0,normalDay
2019-10-08,5056.0,-10.0,0.0,0,288.53,0.0,1,0.02,0.12,SPY191009P00283000,283.0,0,0.0,0.0,,0.0,normalDay
2019-10-09,5058.0,0.0,2.0,0,291.27,0.0,1,0.02,0.0,SPY191009P00283000,283.0,0,0.0,0.0,,0.0,expirationDay
2019-10-10,5058.0,0.0,0.0,0,293.24,0.0,0,0.0,0.0,,0.0,0,0.0,0.0,,0.0,bidTooLow
2019-10-11,5058.0,0.0,0.0,0,296.28,0.0,0,0.0,0.0,,0.0,0,0.0,0.0,,0.0,bidTooLow
2019-10-14,5058.0,0.0,0.0,0,295.95,0.0,0,0.0,0.0,,0.0,0,0.0,0.0,,0.0,bidTooLow
2019-10-15,5058.0,-3.0,0.0,0,298.88,0.0,1,0.01,0.04,SPY191018P00282000,282.0,0,0.0,0.0,,0.0,normalDay
2019-10-16,5058.0,-1.0,0.0,0,298.4,0.0,1,0.01,0.02,SPY191018P00282000,282.0,0,0.0,0.0,,0.0,normalDay
2019-10-17,5058.0,0.0,0.0,0,299.28,0.0,1,0.01,0.01,SPY191018P00282000,282.0,0,0.0,0.0,,0.0,normalDay
2019-10-18,5059.0,0.0,1.0,0,297.97,0.0,1,0.01,0.0,SPY191018P00282000,282.0,0,0.0,0.0,,0.0,expirationDay
2019-10-21,5059.0,0.0,0.0,0,299.99,0.0,0,0.0,0.0,,0.0,0,0.0,0.0,,0.0,bidTooLow
2019-10-22,5059.0,0.0,0.0,0,299.01,0.0,0,0.0,0.0,,0.0,0,0.0,0.0,,0.0,bidTooLow
2019-10-23,5059.0,0.0,0.0,0,299.88,0.0,0,0.0,0.0,,0.0,0,0.0,0.0,,0.0,bidTooLow
2019-10-24,5059.0,0.0,0.0,0,300.37,0.0,0,0.0,0.0,,0.0,0,0.0,0.0,,0.0,bidTooLow
2019-10-25,5059.0,0.0,0.0,0,301.6,0.0,0,0.0,0.0,,0.0,0,0.0,0.0,,0.0,bidTooLow
2019-10-28,5059.0,0.0,0.0,0,303.3,0.0,0,0.0,0.0,,0.0,0,0.0,0.0,,0.0,bidTooLow
2019-10-29,5059.0,0.0,0.0,0,303.21,0.0,0,0.0,0.0,,0.0,0,0.0,0.0,,0.0,bidTooLow
2019-10-30,5059.0,0.0,0.0,0,304.14,0.0,0,0.0,0.0,,0.0,0,0.0,0.0,,0.0,bidTooLow
2019-10-31,5059.0,0.0,0.0,0,303.33,0.0,0,0.0,0.0,,0.0,0,0.0,0.0,,0.0,bidTooLow
2019-11-01,5059.0,0.0,0.0,0,306.14,0.0,0,0.0,0.0,,0.0,0,0.0,0.0,,0.0,bidTooLow
2019-11-04,5059.0,0.0,0.0,0,307.37,0.0,0,0.0,0.0,,0.0,0,0.0,0.0,,0.0,bidTooLow
2019-11-05,5059.0,0.0,0.0,0,307.03,0.0,0,0.0,0.0,,0.0,0,0.0,0.0,,0.0,bidTooLow
2019-11-06,5059.0,0.0,0.0,0,307.1,0.0,0,0.0,0.0,,0.0,0,0.0,0.0,,0.0,bidTooLow
2019-11-07,5059.0,0.0,0.0,0,308.18,0.0,0,0.0,0.0,,0.0,0,0.0,0.0,,0.0,bidTooLow
2019-11-08,5059.0,0.0,0.0,0,308.94,0.0,0,0.0,0.0,,0.0,0,0.0,0.0,,0.0,bidTooLow
2019-11-11,5059.0,0.0,0.0,0,308.35,0.0,0,0.0,0.0,,0.0,0,0.0,0.0,,0.0,bidTooLow
2019-11-12,5059.0,0.0,0.0,0,309.0,0.0,0,0.0,0.0,,0.0,0,0.0,0.0,,0.0,bidTooLow
2019-11-13,5059.0,0.0,0.0,0,309.1,0.0,0,0.0,0.0,,0.0,0,0.0,0.0,,0.0,bidTooLow
2019-11-14,5059.0,0.0,0.0,0,309.55,0.0,0,0.0,0.0,,0.0,0,0.0,0.0,,0.0,bidTooLow
2019-11-15,5059.0,0.0,0.0,0,311.79,0.0,0,0.0,0.0,,0.0,0,0.0,0.0,,0.0,bidTooLow
2019-11-18,5059.0,0.0,0.0,0,312.02,0.0,0,0.0,0.0,,0.0,0,0.0,0.0,,0.0,bidTooLow
2019-11-19,5059.0,0.0,0.0,0,311.93,0.0,0,0.0,0.0,,0.0,0,0.0,0.0,,0.0,bidTooLow
2019-11-20,5059.0,0.0,0.0,0,310.77,0.0,0,0.0,0.0,,0.0,0,0.0,0.0,,0.0,bidTooLow
2019-11-21,5059.0,0.0,0.0,0,310.27,0.0,0,0.0,0.0,,0.0,0,0.0,0.0,,0.0,bidTooLow
2019-11-22,5059.0,0.0,0.0,0,310.96,0.0,0,0.0,0.0,,0.0,0,0.0,0.0,,0.0,bidTooLow
2019-11-25,5059.0,0.0,0.0,0,313.37,0.0,0,0.0,0.0,,0.0,0,0.0,0.0,,0.0,bidTooLow
2019-11-26,5059.0,0.0,0.0,0,314.08,0.0,0,0.0,0.0,,0.0,0,0.0,0.0,,0.0,bidTooLow
2019-11-27,5059.0,0.0,0.0,0,315.48,0.0,0,0.0,0.0,,0.0,0,0.0,0.0,,0.0,bidTooLow
2019-11-29,5059.0,0.0,0.0,0,314.31,0.0,0,0.0,0.0,,0.0,0,0.0,0.0,,0.0,bidTooLow
2019-12-02,5059.0,-3.0,0.0,0,311.64,0.0,1,0.04,0.07,SPY191204P00301500,301.5,0,0.0,0.0,,0.0,normalDay
2019-12-03,5059.0,0.0,0.0,0,309.55,0.0,1,0.04,0.04,SPY191204P00301500,301.5,0,0.0,0.0,,0.0,normalDay
2019-12-04,5063.0,0.0,4.0,0,311.46,0.0,1,0.04,0.0,SPY191204P00301500,301.5,0,0.0,0.0,,0.0,expirationDay
2019-12-05,5063.0,0.0,0.0,0,312.02,0.0,0,0.0,0.0,,0.0,0,0.0,0.0,,0.0,bidTooLow
2019-12-06,5063.0,-3.0,0.0,0,314.87,0.0,1,0.01,0.04,SPY191209P00304000,304.0,0,0.0,0.0,,0.0,normalDay
2019-12-09,5064.0,0.0,1.0,0,313.88,0.0,1,0.01,0.0,SPY191209P00304000,304.0,0,0.0,0.0,,0.0,expirationDay
2019-12-10,5064.0,-3.0,0.0,0,313.53,0.0,1,0.12,0.15,SPY191213P00305000,305.0,0,0.0,0.0,,0.0,normalDay
2019-12-11,5064.0,6.0,0.0,0,314.42,0.0,1,0.12,0.06,SPY191213P00305000,305.0,0,0.0,0.0,,0.0,normalDay
2019-12-12,5064.0,10.0,0.0,0,317.13,0.0,1,0.12,0.02,SPY191213P00305000,305.0,0,0.0,0.0,,0.0,normalDay
2019-12-13,5076.0,0.0,12.0,0,317.32,0.0,1,0.12,0.0,SPY191213P00305000,305.0,0,0.0,0.0,,0.0,expirationDay
2019-12-16,5076.0,-3.0,0.0,0,319.5,0.0,1,0.01,0.04,SPY191218P00304000,304.0,0,0.0,0.0,,0.0,normalDay
2019-12-17,5076.0,0.0,0.0,0,319.57,0.0,1,0.01,0.01,SPY191218P00304000,304.0,0,0.0,0.0,,0.0,normalDay
2019-12-18,5077.0,0.0,1.0,0,319.59,0.0,1,0.01,0.0,SPY191218P00304000,304.0,0,0.0,0.0,,0.0,expirationDay
2019-12-19,5077.0,0.0,0.0,0,320.9,0.0,0,0.0,0.0,,0.0,0,0.0,0.0,,0.0,bidTooLow
2019-12-20,5077.0,0.0,0.0,0,320.73,0.0,0,0.0,0.0,,0.0,0,0.0,0.0,,0.0,bidTooLow
2019-12-23,5077.0,0.0,0.0,0,321.22,0.0,0,0.0,0.0,,0.0,0,0.0,0.0,,0.0,bidTooLow
2019-12-24,5077.0,0.0,0.0,0,321.23,0.0,0,0.0,0.0,,0.0,0,0.0,0.0,,0.0,bidTooLow
2019-12-26,5077.0,0.0,0.0,0,322.94,0.0,0,0.0,0.0,,0.0,0,0.0,0.0,,0.0,bidTooLow
2019-12-27,5077.0,0.0,0.0,0,322.86,0.0,0,0.0,0.0,,0.0,0,0.0,0.0,,0.0,bidTooLow
2019-12-30,5077.0,0.0,0.0,0,321.08,0.0,0,0.0,0.0,,0.0,0,0.0,0.0,,0.0,bidTooLow
2019-12-31,5077.0,-3.0,0.0,0,321.86,0.0,1,0.04,0.07,SPY200103P00303000,303.0,0,0.0,0.0,,0.0,normalDay
2020-01-02,5077.0,3.0,0.0,0,324.87,0.0,1,0.04,0.01,SPY200103P00303000,303.0,0,0.0,0.0,,0.0,normalDay
2020-01-03,5081.0,0.0,4.0,0,322.41,0.0,1,0.04,0.0,SPY200103P00303000,303.0,0,0.0,0.0,,0.0,expirationDay
2020-01-06,5081.0,0.0,0.0,0,323.64,0.0,0,0.0,0.0,,0.0,0,0.0,0.0,,0.0,bidTooLow
2020-01-07,5081.0,-3.0,0.0,0,322.73,0.0,1,0.01,0.04,SPY200110P00308000,308.0,0,0.0,0.0,,0.0,normalDay
2020-01-08,5081.0,-3.0,0.0,0,324.45,0.0,1,0.01,0.04,SPY200110P00308000,308.0,0,0.0,0.0,,0.0,normalDay
2020-01-09,5081.0,0.0,0.0,0,326.65,0.0,1,0.01,0.01,SPY200110P00308000,308.0,0,0.0,0.0,,0.0,normalDay
2020-01-10,5082.0,0.0,1.0,0,325.71,0.0,1,0.01,0.0,SPY200110P00308000,308.0,0,0.0,0.0,,0.0,expirationDay
2020-01-13,5082.0,0.0,0.0,0,327.95,0.0,0,0.0,0.0,,0.0,0,0.0,0.0,,0.0,bidTooLow
2020-01-14,5082.0,-3.0,0.0,0,327.45,0.0,1,0.01,0.04,SPY200117P00313500,313.5,0,0.0,0.0,,0.0,normalDay
2020-01-15,5082.0,-2.0,0.0,0,328.19,0.0,1,0.01,0.03,SPY200117P00313500,313.5,0,0.0,0.0,,0.0,normalDay
2020-01-16,5082.0,-1.0,0.0,0,330.92,0.0,1,0.01,0.02,SPY200117P00313500,313.5,0,0.0,0.0,,0.0,normalDay
2020-01-17,5083.0,0.0,1.0,0,331.95,0.0,1,0.01,0.0,SPY200117P00313500,313.5,0,0.0,0.0,,0.0,expirationDay
2020-01-21,5083.0,0.0,0.0,0,331.3,0.0,0,0.0,0.0,,0.0,0,0.0,0.0,,0.0,bidTooLow
2020-01-22,5083.0,0.0,0.0,0,331.34,0.0,0,0.0,0.0,,0.0,0,0.0,0.0,,0.0,bidTooLow
2020-01-23,5083.0,0.0,0.0,0,331.72,0.0,0,0.0,0.0,,0.0,0,0.0,0.0,,0.0,bidTooLow
2020-01-24,5083.0,0.0,0.0,0,328.77,0.0,0,0.0,0.0,,0.0,0,0.0,0.0,,0.0,bidTooLow
2020-01-27,5083.0,-3.0,0.0,0,323.5,0.0,1,0.24,0.27,SPY200129P00313000,313.0,0,0.0,0.0,,0.0,normalDay
2020-01-28,5083.0,22.0,0.0,0,326.89,0.0,1,0.24,0.02,SPY200129P00313000,313.0,0,0.0,0.0,,0.0,normalDay
2020-01-29,5107.0,0.0,24.0,0,326.62,0.0,1,0.24,0.0,SPY200129P00313000,313.0,0,0.0,0.0,,0.0,expirationDay
2020-01-30,5107.0,0.0,0.0,0,327.68,0.0,0,0.0,0.0,,0.0,0,0.0,0.0,,0.0,bidTooLow
2020-01-31,5107.0,-3.0,0.0,0,321.73,0.0,1,0.45,0.48,SPY200203P00315000,315.0,0,0.0,0.0,,0.0,normalDay
2020-02-03,5152.0,0.0,45.0,0,324.12,0.0,1,0.45,0.0,SPY200203P00315000,315.0,0,0.0,0.0,,0.0,expirationDay
2020-02-04,5152.0,-3.0,0.0,0,329.06,0.0,1,0.07,0.1,SPY200207P00316000,316.0,0,0.0,0.0,,0.0,normalDay
2020-02-05,5152.0,4.0,0.0,0,332.86,0.0,1,0.07,0.03,SPY200207P00316000,316.0,0,0.0,0.0,,0.0,normalDay
2020-02-06,5152.0,6.0,0.0,0,333.98,0.0,1,0.07,0.01,SPY200207P00316000,316.0,0,0.0,0.0,,0.0,normalDay
2020-02-07,5159.0,0.0,7.0,0,332.2,0.0,1,0.07,0.0,SPY200207P00316000,316.0,0,0.0,0.0,,0.0,expirationDay
2020-02-10,5159.0,0.0,0.0,0,334.68,0.0,0,0.0,0.0,,0.0,0,0.0,0.0,,0.0,bidTooLow
2020-02-11,5159.0,0.0,0.0,0,335.26,0.0,0,0.0,0.0,,0.0,0,0.0,0.0,,0.0,bidTooLow
2020-02-12,5159.0,0.0,0.0,0,337.42,0.0,0,0.0,0.0,,0.0,0,0.0,0.0,,0.0,bidTooLow
2020-02-13,5159.0,0.0,0.0,0,337.06,0.0,0,0.0,0.0,,0.0,0,0.0,0.0,,0.0,bidTooLow
2020-02-14,5159.0,0.0,0.0,0,337.6,0.0,0,0.0,0.0,,0.0,0,0.0,0.0,,0.0,bidTooLow
2020-02-18,5159.0,0.0,0.0,0,336.73,0.0,0,0.0,0.0,,0.0,0,0.0,0.0,,0.0,bidTooLow
2020-02-19,5159.0,0.0,0.0,0,338.34,0.0,0,0.0,0.0,,0.0,0,0.0,0.0,,0.0,bidTooLow
2020-02-20,5159.0,0.0,0.0,0,336.95,0.0,0,0.0,0.0,,0.0,0,0.0,0.0,,0.0,bidTooLow
2020-02-21,5159.0,0.0,0.0,0,333.48,0.0,0,0.0,0.0,,0.0,0,0.0,0.0,,0.0,bidTooLow
2020-02-24,5159.0,-3.0,0.0,0,322.42,0.0,1,0.91,0.94,SPY200226P00311000,311.0,0,0.0,0.0,,0.0,normalDay
2020-02-25,5159.0,-81.0,0.0,0,312.65,0.0,1,0.91,1.72,SPY200226P00311000,311.0,0,0.0,0.0,,0.0,normalDay
2020-02-26,5250.0,0.0,91.0,0,311.5,0.0,1,0.91,0.0,SPY200226P00311000,311.0,0,0.0,0.0,,0.0,expirationDay
2020-02-27,5250.0,-16.0,0.0,0,297.51,0.0,1,1.58,1.74,SPY200228P00290000,290.0,0,0.0,0.0,,0.0,normalDay
2020-02-28,5408.0,0.0,158.0,0,296.26,0.0,1,1.58,0.0,SPY200228P00290000,290.0,0,0.0,0.0,,0.0,expirationDay
2020-03-02,5408.0,-3.0,0.0,0,309.09,0.0,1,0.07,0.1,SPY200304P00277000,277.0,0,0.0,0.0,,0.0,normalDay
2020-03-03,5408.0,3.0,0.0,0,300.24,0.0,1,0.07,0.04,SPY200304P00277000,277.0,0,0.0,0.0,,0.0,normalDay
2020-03-04,5415.0,0.0,7.0,0,312.86,0.0,1,0.07,0.0,SPY200304P00277000,277.0,0,0.0,0.0,,0.0,expirationDay
2020-03-05,5415.0,0.0,0.0,0,302.46,0.0,0,0.0,0.0,,0.0,0,0.0,0.0,,0.0,bidTooLow
2020-03-06,5415.0,-5.0,0.0,0,297.46,0.0,1,0.02,0.07,SPY200309P00262000,262.0,0,0.0,0.0,,0.0,normalDay
2020-03-09,5417.0,0.0,2.0,0,274.23,0.0,1,0.02,0.0,SPY200309P00262000,262.0,0,0.0,0.0,,0.0,expirationDay
2020-03-10,5417.0,-4.0,0.0,0,288.42,0.0,1,0.13,0.17,SPY200313P00244000,244.0,0,0.0,0.0,,0.0,normalDay
2020-03-11,5417.0,-55.0,0.0,0,274.36,0.0,1,0.13,0.68,SPY200313P00244000,244.0,0,0.0,0.0,,0.0,normalDay
2020-03-12,5417.0,-543.0,0.0,0,248.11,0.0,1,0.13,5.56,SPY200313P00244000,244.0,0,0.0,0.0,,0.0,normalDay
2020-03-13,5430.0,0.0,13.0,0,269.32,0.0,1,0.13,0.0,SPY200313P00244000,244.0,0,0.0,0.0,,0.0,expirationDay
2020-03-16,5430.0,-6.0,0.0,0,239.85,0.0,1,1.04,1.1,SPY200318P00200000,200.0,0,0.0,0.0,,0.0,normalDay
2020-03-17,5430.0,99.0,0.0,0,252.8,0.0,1,1.04,0.05,SPY200318P00200000,200.0,0,0.0,0.0,,0.0,normalDay
2020-03-18,5534.0,0.0,104.0,0,240.0,0.0,1,1.04,0.0,SPY200318P00200000,200.0,0,0.0,0.0,,0.0,expirationDay
2020-03-19,5534.0,0.0,0.0,0,240.51,0.0,0,0.0,0.0,,0.0,0,0.0,0.0,,0.0,bidTooLow
2020-03-20,5534.0,0.0,0.0,0,228.8,0.0,0,0.0,0.0,,0.0,0,0.0,0.0,,0.0,bidTooLow
2020-03-23,5534.0,0.0,0.0,0,222.95,0.0,0,0.0,0.0,,0.0,0,0.0,0.0,,0.0,bidTooLow
2020-03-24,5534.0,0.0,0.0,0,243.15,0.0,0,0.0,0.0,,0.0,0,0.0,0.0,,0.0,bidTooLow
2020-03-25,5534.0,0.0,0.0,0,246.79,0.0,0,0.0,0.0,,0.0,0,0.0,0.0,,0.0,bidTooLow
2020-03-26,5534.0,0.0,0.0,0,261.2,0.0,0,0.0,0.0,,0.0,0,0.0,0.0,,0.0,bidTooLow
2020-03-27,5534.0,0.0,0.0,0,253.42,0.0,0,0.0,0.0,,0.0,0,0.0,0.0,,0.0,bidTooLow
2020-03-30,5534.0,0.0,0.0,0,261.65,0.0,0,0.0,0.0,,0.0,0,0.0,0.0,,0.0,bidTooLow
2020-03-31,5534.0,0.0,0.0,0,257.75,0.0,0,0.0,0.0,,0.0,0,0.0,0.0,,0.0,bidTooLow
2020-04-01,5534.0,0.0,0.0,0,246.15,0.0,0,0.0,0.0,,0.0,0,0.0,0.0,,0.0,bidTooLow
2020-04-02,5534.0,0.0,0.0,0,251.83,0.0,0,0.0,0.0,,0.0,0,0.0,0.0,,0.0,bidTooLow
2020-04-03,5534.0,0.0,0.0,0,248.19,0.0,0,0.0,0.0,,0.0,0,0.0,0.0,,0.0,bidTooLow
2020-04-06,5534.0,0.0,0.0,0,264.86,0.0,0,0.0,0.0,,0.0,0,0.0,0.0,,0.0,bidTooLow
2020-04-07,5534.0,0.0,0.0,0,265.13,0.0,0,0.0,0.0,,0.0,0,0.0,0.0,,0.0,bidTooLow
2020-04-08,5534.0,0.0,0.0,0,274.03,0.0,0,0.0,0.0,,0.0,0,0.0,0.0,,0.0,bidTooLow
2020-04-09,5534.0,0.0,0.0,0,278.2,0.0,0,0.0,0.0,,0.0,0,0.0,0.0,,0.0,bidTooLow
2020-04-13,5534.0,0.0,0.0,0,275.66,0.0,0,0.0,0.0,,0.0,0,0.0,0.0,,0.0,bidTooLow
2020-04-14,5534.0,0.0,0.0,0,283.79,0.0,0,0.0,0.0,,0.0,0,0.0,0.0,,0.0,bidTooLow
2020-04-15,5534.0,0.0,0.0,0,277.76,0.0,0,0.0,0.0,,0.0,0,0.0,0.0,,0.0,bidTooLow
2020-04-16,5534.0,0.0,0.0,0,279.1,0.0,0,0.0,0.0,,0.0,0,0.0,0.0,,0.0,bidTooLow
2020-04-17,5534.0,0.0,0.0,0,286.64,0.0,0,0.0,0.0,,0.0,0,0.0,0.0,,0.0,bidTooLow
2020-04-20,5534.0,0.0,0.0,0,281.59,0.0,0,0.0,0.0,,0.0,0,0.0,0.0,,0.0,bidTooLow
2020-04-21,5534.0,0.0,0.0,0,273.04,0.0,0,0.0,0.0,,0.0,0,0.0,0.0,,0.0,bidTooLow
2020-04-22,5534.0,0.0,0.0,0,279.1,0.0,0,0.0,0.0,,0.0,0,0.0,0.0,,0.0,bidTooLow
2020-04-23,5534.0,0.0,0.0,0,279.08,0.0,0,0.0,0.0,,0.0,0,0.0,0.0,,0.0,bidTooLow
2020-04-24,5534.0,0.0,0.0,0,282.97,0.0,0,0.0,0.0,,0.0,0,0.0,0.0,,0.0,bidTooLow
2020-04-27,5534.0,0.0,0.0,0,287.05,0.0,0,0.0,0.0,,0.0,0,0.0,0.0,,0.0,bidTooLow
2020-04-28,5534.0,0.0,0.0,0,285.73,0.0,0,0.0,0.0,,0.0,0,0.0,0.0,,0.0,bidTooLow
2020-04-29,5534.0,0.0,0.0,0,293.21,0.0,0,0.0,0.0,,0.0,0,0.0,0.0,,0.0,bidTooLow
2020-04-30,5534.0,0.0,0.0,0,290.48,0.0,0,0.0,0.0,,0.0,0,0.0,0.0,,0.0,bidTooLow
2020-05-01,5534.0,0.0,0.0,0,282.79,0.0,0,0.0,0.0,,0.0,0,0.0,0.0,,0.0,bidTooLow
2020-05-04,5534.0,0.0,0.0,0,283.57,0.0,0,0.0,0.0,,0.0,0,0.0,0.0,,0.0,bidTooLow
2020-05-05,5534.0,-3.0,0.0,0,286.19,0.0,1,0.02,0.05,SPY200508P00258000,258.0,0,0.0,0.0,,0.0,normalDay
2020-05-06,5534.0,-1.0,0.0,0,284.25,0.0,1,0.02,0.03,SPY200508P00258000,258.0,0,0.0,0.0,,0.0,normalDay
2020-05-07,5534.0,1.0,0.0,0,287.68,0.0,1,0.02,0.01,SPY200508P00258000,258.0,0,0.0,0.0,,0.0,normalDay
2020-05-08,5536.0,0.0,2.0,0,292.44,0.0,1,0.02,0.0,SPY200508P00258000,258.0,0,0.0,0.0,,0.0,expirationDay
2020-05-11,5536.0,0.0,0.0,0,292.5,0.0,0,0.0,0.0,,0.0,0,0.0,0.0,,0.0,bidTooLow
2020-05-12,5536.0,-3.0,0.0,0,286.67,0.0,1,0.14,0.17,SPY200515P00265000,265.0,0,0.0,0.0,,0.0,normalDay
2020-05-13,5536.0,3.0,0.0,0,281.6,0.0,1,0.14,0.11,SPY200515P00265000,265.0,0,0.0,0.0,,0.0,normalDay
2020-05-14,5536.0,12.0,0.0,0,284.97,0.0,1,0.14,0.02,SPY200515P00265000,265.0,0,0.0,0.0,,0.0,normalDay
2020-05-15,5550.0,0.0,14.0,0,286.28,0.0,1,0.14,0.0,SPY200515P00265000,265.0,0,0.0,0.0,,0.0,expirationDay
2020-05-18,5550.0,0.0,0.0,0,295.0,0.0,0,0.0,0.0,,0.0,0,0.0,0.0,,0.0,bidTooLow
2020-05-19,5550.0,-3.0,0.0,0,291.97,0.0,1,0.04,0.07,SPY200522P00270000,270.0,0,0.0,0.0,,0.0,normalDay
2020-05-20,5550.0,2.0,0.0,0,296.93,0.0,1,0.04,0.02,SPY200522P00270000,270.0,0,0.0,0.0,,0.0,normalDay
2020-05-21,5550.0,3.0,0.0,0,294.88,0.0,1,0.04,0.01,SPY200522P00270000,270.0,0,0.0,0.0,,0.0,normalDay
2020-05-22,5554.0,0.0,4.0,0,295.44,0.0,1,0.04,0.0,SPY200522P00270000,270.0,0,0.0,0.0,,0.0,expirationDay
2020-05-26,5554.0,-3.0,0.0,0,299.08,0.0,1,0.01,0.04,SPY200529P00271000,271.0,0,0.0,0.0,,0.0,normalDay
2020-05-27,5554.0,-1.0,0.0,0,303.53,0.0,1,0.01,0.02,SPY200529P00271000,271.0,0,0.0,0.0,,0.0,normalDay
2020-05-28,5554.0,-1.0,0.0,0,302.97,0.0,1,0.01,0.02,SPY200529P00271000,271.0,0,0.0,0.0,,0.0,normalDay
2020-05-29,5555.0,0.0,1.0,0,304.32,0.0,1,0.01,0.0,SPY200529P00271000,271.0,0,0.0,0.0,,0.0,expirationDay
2020-06-01,5555.0,0.0,0.0,0,305.55,0.0,0,0.0,0.0,,0.0,0,0.0,0.0,,0.0,bidTooLow
2020-06-02,5555.0,0.0,0.0,0,308.08,0.0,0,0.0,0.0,,0.0,0,0.0,0.0,,0.0,bidTooLow
2020-06-03,5555.0,0.0,0.0,0,312.18,0.0,0,0.0,0.0,,0.0,0,0.0,0.0,,0.0,bidTooLow
2020-06-04,5555.0,0.0,0.0,0,311.36,0.0,0,0.0,0.0,,0.0,0,0.0,0.0,,0.0,bidTooLow
2020-06-05,5555.0,0.0,0.0,0,319.34,0.0,0,0.0,0.0,,0.0,0,0.0,0.0,,0.0,bidTooLow
2020-06-08,5555.0,0.0,0.0,0,323.2,0.0,0,0.0,0.0,,0.0,0,0.0,0.0,,0.0,bidTooLow
2020-06-09,5555.0,0.0,0.0,0,320.79,0.0,0,0.0,0.0,,0.0,0,0.0,0.0,,0.0,bidTooLow
2020-06-10,5555.0,0.0,0.0,0,319.0,0.0,0,0.0,0.0,,0.0,0,0.0,0.0,,0.0,bidTooLow
2020-06-11,5555.0,-3.0,0.0,0,300.61,0.0,1,0.01,0.04,SPY200612P00263000,263.0,0,0.0,0.0,,0.0,normalDay
2020-06-12,5556.0,0.0,1.0,0,304.21,0.0,1,0.01,0.0,SPY200612P00263000,263.0,0,0.0,0.0,,0.0,expirationDay
2020-06-15,5556.0,-3.0,0.0,0,307.05,0.0,1,0.02,0.05,SPY200617P00272000,272.0,0,0.0,0.0,,0.0,normalDay
2020-06-16,5556.0,1.0,0.0,0,312.96,0.0,1,0.02,0.01,SPY200617P00272000,272.0,0,0.0,0.0,,0.0,normalDay
2020-06-17,5558.0,0.0,2.0,0,311.66,0.0,1,0.02,0.0,SPY200617P00272000,272.0,0,0.0,0.0,,0.0,expirationDay
2020-06-18,5558.0,0.0,0.0,0,311.78,0.0,0,0.0,0.0,,0.0,0,0.0,0.0,,0.0,bidTooLow
2020-06-19,5558.0,-3.0,0.0,0,308.64,0.0,1,0.02,0.05,SPY200622P00282000,282.0,0,0.0,0.0,,0.0,normalDay
2020-06-22,5560.0,0.0,2.0,0,310.62,0.0,1,0.02,0.0,SPY200622P00282000,282.0,0,0.0,0.0,,0.0,expirationDay
2020-06-23,5560.0,-3.0,0.0,0,312.05,0.0,1,0.06,0.09,SPY200626P00288000,288.0,0,0.0,0.0,,0.0,normalDay
2020-06-24,5560.0,-10.0,0.0,0,304.09,0.0,1,0.06,0.16,SPY200626P00288000,288.0,0,0.0,0.0,,0.0,normalDay
2020-06-25,5560.0,3.0,0.0,0,307.35,0.0,1,0.06,0.03,SPY200626P00288000,288.0,0,0.0,0.0,,0.0,normalDay
2020-06-26,5566.0,0.0,6.0,0,300.05,0.0,1,0.06,0.0,SPY200626P00288000,288.0,0,0.0,0.0,,0.0,expirationDay
2020-06-29,5566.0,-3.0,0.0,0,304.46,0.0,1,0.23,0.26,SPY200702P00287000,287.0,0,0.0,0.0,,0.0,normalDay
2020-06-30,5566.0,13.0,0.0,0,308.36,0.0,1,0.23,0.1,SPY200702P00287000,287.0,0,0.0,0.0,,0.0,normalDay
2020-07-01,5566.0,20.0,0.0,0,310.52,0.0,1,0.23,0.03,SPY200702P00287000,287.0,0,0.0,0.0,,0.0,normalDay
2020-07-02,5589.0,0.0,23.0,0,312.23,0.0,1,0.23,0.0,SPY200702P00287000,287.0,0,0.0,0.0,,0.0,expirationDay
2020-07-06,5589.0,0.0,0.0,0,317.05,0.0,0,0.0,0.0,,0.0,0,0.0,0.0,,0.0,bidTooLow
2020-07-07,5589.0,-3.0,0.0,0,313.78,0.0,1,0.03,0.06,SPY200710P00290000,290.0,0,0.0,0.0,,0.0,normalDay
2020-07-08,5589.0,1.0,0.0,0,316.18,0.0,1,0.03,0.02,SPY200710P00290000,290.0,0,0.0,0.0,,0.0,normalDay
2020-07-09,5589.0,1.0,0.0,0,314.38,0.0,1,0.03,0.02,SPY200710P00290000,290.0,0,0.0,0.0,,0.0,normalDay
2020-07-10,5592.0,0.0,3.0,0,317.59,0.0,1,0.03,0.0,SPY200710P00290000,290.0,0,0.0,0.0,,0.0,expirationDay
2020-07-13,5592.0,-3.0,0.0,0,314.84,0.0,1,0.06,0.09,SPY200715P00294000,294.0,0,0.0,0.0,,0.0,normalDay
2020-07-14,5592.0,4.0,0.0,0,318.92,0.0,1,0.06,0.02,SPY200715P00294000,294.0,0,0.0,0.0,,0.0,normalDay
2020-07-15,5598.0,0.0,6.0,0,321.85,0.0,1,0.06,0.0,SPY200715P00294000,294.0,0,0.0,0.0,,0.0,expirationDay
2020-07-16,5598.0,0.0,0.0,0,320.79,0.0,0,0.0,0.0,,0.0,0,0.0,0.0,,0.0,bidTooLow
2020-07-17,5598.0,0.0,0.0,0,321.72,0.0,0,0.0,0.0,,0.0,0,0.0,0.0,,0.0,bidTooLow
2020-07-20,5598.0,0.0,0.0,0,324.32,0.0,0,0.0,0.0,,0.0,0,0.0,0.0,,0.0,bidTooLow
2020-07-21,5598.0,0.0,0.0,0,325.01,0.0,0,0.0,0.0,,0.0,0,0.0,0.0,,0.0,bidTooLow
2020-07-22,5598.0,0.0,0.0,0,326.86,0.0,0,0.0,0.0,,0.0,0,0.0,0.0,,0.0,bidTooLow
2020-07-23,5598.0,0.0,0.0,0,322.96,0.0,0,0.0,0.0,,0.0,0,0.0,0.0,,0.0,bidTooLow
2020-07-24,5598.0,0.0,0.0,0,320.88,0.0,0,0.0,0.0,,0.0,0,0.0,0.0,,0.0,bidTooLow
2020-07-27,5598.0,0.0,0.0,0,323.22,0.0,0,0.0,0.0,,0.0,0,0.0,0.0,,0.0,bidTooLow
2020-07-28,5598.0,-3.0,0.0,0,321.17,0.0,1,0.04,0.07,SPY200731P00300000,300.0,0,0.0,0.0,,0.0,normalDay
2020-07-29,5598.0,1.0,0.0,0,325.12,0.0,1,0.04,0.03,SPY200731P00300000,300.0,0,0.0,0.0,,0.0,normalDay
2020-07-30,5598.0,2.0,0.0,0,323.96,0.0,1,0.04,0.02,SPY200731P00300000,300.0,0,0.0,0.0,,0.0,normalDay
2020-07-31,5602.0,0.0,4.0,0,326.52,0.0,1,0.04,0.0,SPY200731P00300000,300.0,0,0.0,0.0,,0.0,expirationDay
2020-08-03,5602.0,0.0,0.0,0,328.79,0.0,0,0.0,0.0,,0.0,0,0.0,0.0,,0.0,bidTooLow
2020-08-04,5602.0,-3.0,0.0,0,330.06,0.0,1,0.02,0.05,SPY200807P00307000,307.0,0,0.0,0.0,,0.0,normalDay
2020-08-05,5602.0,0.0,0.0,0,332.11,0.0,1,0.02,0.02,SPY200807P00307000,307.0,0,0.0,0.0,,0.0,normalDay
2020-08-06,5602.0,0.0,0.0,0,334.33,0.0,1,0.02,0.02,SPY200807P00307000,307.0,0,0.0,0.0,,0.0,normalDay
2020-08-07,5604.0,0.0,2.0,0,334.57,0.0,1,0.02,0.0,SPY200807P00307000,307.0,0,0.0,0.0,,0.0,expirationDay
2020-08-10,5604.0,0.0,0.0,0,335.57,0.0,0,0.0,0.0,,0.0,0,0.0,0.0,,0.0,bidTooLow
2020-08-11,5604.0,-3.0,0.0,0,332.8,0.0,1,0.06,0.09,SPY200814P00309000,309.0,0,0.0,0.0,,0.0,normalDay
2020-08-12,5604.0,4.0,0.0,0,337.44,0.0,1,0.06,0.02,SPY200814P00309000,309.0,0,0.0,0.0,,0.0,normalDay
2020-08-13,5604.0,4.0,0.0,0,336.83,0.0,1,0.06,0.02,SPY200814P00309000,309.0,0,0.0,0.0,,0.0,normalDay
2020-08-14,5610.0,0.0,6.0,0,336.84,0.0,1,0.06,0.0,SPY200814P00309000,309.0,0,0.0,0.0,,0.0,expirationDay
2020-08-17,5610.0,0.0,0.0,0,337.91,0.0,0,0.0,0.0,,0.0,0,0.0,0.0,,0.0,bidTooLow
2020-08-18,5610.0,-3.0,0.0,0,338.64,0.0,1,0.01,0.04,SPY200821P00308000,308.0,0,0.0,0.0,,0.0,normalDay
2020-08-19,5610.0,-5.0,0.0,0,337.23,0.0,1,0.01,0.06,SPY200821P00308000,308.0,0,0.0,0.0,,0.0,normalDay
2020-08-20,5610.0,-1.0,0.0,0,338.28,0.0,1,0.01,0.02,SPY200821P00308000,308.0,0,0.0,0.0,,0.0,normalDay
2020-08-21,5611.0,0.0,1.0,0,339.48,0.0,1,0.01,0.0,SPY200821P00308000,308.0,0,0.0,0.0,,0.0,expirationDay
2020-08-24,5611.0,0.0,0.0,0,342.92,0.0,0,0.0,0.0,,0.0,0,0.0,0.0,,0.0,bidTooLow
2020-08-25,5611.0,0.0,0.0,0,344.12,0.0,0,0.0,0.0,,0.0,0,0.0,0.0,,0.0,bidTooLow
2020-08-26,5611.0,-3.0,0.0,0,347.57,0.0,1,0.01,0.04,SPY200828P00315000,315.0,0,0.0,0.0,,0.0,normalDay
2020-08-27,5611.0,-1.0,0.0,0,348.33,0.0,1,0.01,0.02,SPY200828P00315000,315.0,0,0.0,0.0,,0.0,normalDay
2020-08-28,5612.0,0.0,1.0,0,350.58,0.0,1,0.01,0.0,SPY200828P00315000,315.0,0,0.0,0.0,,0.0,expirationDay
2020-08-31,5612.0,-3.0,0.0,0,349.31,0.0,1,0.01,0.04,SPY200902P00318000,318.0,0,0.0,0.0,,0.0,normalDay
2020-09-01,5612.0,0.0,0.0,0,352.6,0.0,1,0.01,0.01,SPY200902P00318000,318.0,0,0.0,0.0,,0.0,normalDay
2020-09-02,5613.0,0.0,1.0,0,357.7,0.0,1,0.01,0.0,SPY200902P00318000,318.0,0,0.0,0.0,,0.0,expirationDay
2020-09-03,5613.0,-3.0,0.0,0,345.39,0.0,1,0.03,0.06,SPY200904P00317000,317.0,0,0.0,0.0,,0.0,normalDay
2020-09-04,5616.0,0.0,3.0,0,342.57,0.0,1,0.03,0.0,SPY200904P00317000,317.0,0,0.0,0.0,,0.0,expirationDay
2020-09-08,5616.0,-4.0,0.0,0,333.21,0.0,1,0.63,0.67,SPY200911P00318000,318.0,0,0.0,0.0,,0.0,normalDay
2020-09-09,5616.0,47.0,0.0,0,339.79,0.0,1,0.63,0.16,SPY200911P00318000,318.0,0,0.0,0.0,,0.0,normalDay
2020-09-10,5616.0,54.0,0.0,0,333.89,0.0,1,0.63,0.09,SPY200911P00318000,318.0,0,0.0,0.0,,0.0,normalDay
2020-09-11,5679.0,0.0,63.0,0,334.06,0.0,1,0.63,0.0,SPY200911P00318000,318.0,0,0.0,0.0,,0.0,expirationDay
2020-09-14,5679.0,-3.0,0.0,0,338.46,0.0,1,0.07,0.1,SPY200916P00318000,318.0,0,0.0,0.0,,0.0,normalDay
2020-09-15,5679.0,5.0,0.0,0,340.17,0.0,1,0.07,0.02,SPY200916P00318000,318.0,0,0.0,0.0,,0.0,normalDay
2020-09-16,5686.0,0.0,7.0,0,338.82,0.0,1,0.07,0.0,SPY200916P00318000,318.0,0,0.0,0.0,,0.0,expirationDay
2020-09-17,5686.0,-3.0,0.0,0,335.84,0.0,1,0.08,0.11,SPY200918P00318000,318.0,0,0.0,0.0,,0.0,normalDay
2020-09-18,5694.0,0.0,8.0,0,330.65,0.0,1,0.08,0.0,SPY200918P00318000,318.0,0,0.0,0.0,,0.0,expirationDay
2020-09-21,5694.0,-3.0,0.0,0,326.97,0.0,1,0.12,0.15,SPY200923P00313000,313.0,0,0.0,0.0,,0.0,normalDay
2020-09-22,5694.0,10.0,0.0,0,330.3,0.0,1,0.12,0.02,SPY200923P00313000,313.0,0,0.0,0.0,,0.0,normalDay
2020-09-23,5706.0,0.0,12.0,0,322.64,0.0,1,0.12,0.0,SPY200923P00313000,313.0,0,0.0,0.0,,0.0,expirationDay
2020-09-24,5706.0,0.0,0.0,0,323.5,0.0,0,0.0,0.0,,0.0,0,0.0,0.0,,0.0,bidTooLow
2020-09-25,5706.0,0.0,0.0,0,328.73,0.0,0,0.0,0.0,,0.0,0,0.0,0.0,,0.0,bidTooLow
2020-09-28,5706.0,0.0,0.0,0,334.19,0.0,0,0.0,0.0,,0.0,0,0.0,0.0,,0.0,bidTooLow
2020-09-29,5706.0,-3.0,0.0,0,332.37,0.0,1,0.02,0.05,SPY201002P00304000,304.0,0,0.0,0.0,,0.0,normalDay
2020-09-30,5706.0,-1.0,0.0,0,334.89,0.0,1,0.02,0.03,SPY201002P00304000,304.0,0,0.0,0.0,,0.0,normalDay
2020-10-01,5706.0,1.0,0.0,0,337.04,0.0,1,0.02,0.01,SPY201002P00304000,304.0,0,0.0,0.0,,0.0,normalDay
2020-10-02,5708.0,0.0,2.0,0,333.84,0.0,1,0.02,0.0,SPY201002P00304000,304.0,0,0.0,0.0,,0.0,expirationDay
2020-10-05,5708.0,0.0,0.0,0,339.76,0.0,0,0.0,0.0,,0.0,0,0.0,0.0,,0.0,bidTooLow
2020-10-06,5708.0,-3.0,0.0,0,334.93,0.0,1,0.09,0.12,SPY201009P00315000,315.0,0,0.0,0.0,,0.0,normalDay
2020-10-07,5708.0,7.0,0.0,0,340.76,0.0,1,0.09,0.02,SPY201009P00315000,315.0,0,0.0,0.0,,0.0,normalDay
2020-10-08,5708.0,8.0,0.0,0,343.78,0.0,1,0.09,0.01,SPY201009P00315000,315.0,0,0.0,0.0,,0.0,normalDay
2020-10-09,5717.0,0.0,9.0,0,346.85,0.0,1,0.09,0.0,SPY201009P00315000,315.0,0,0.0,0.0,,0.0,expirationDay
2020-10-12,5717.0,0.0,0.0,0,352.43,0.0,0,0.0,0.0,,0.0,0,0.0,0.0,,0.0,bidTooLow
2020-10-13,5717.0,0.0,0.0,0,350.13,0.0,0,0.0,0.0,,0.0,0,0.0,0.0,,0.0,bidTooLow
2020-10-14,5717.0,0.0,0.0,0,347.93,0.0,0,0.0,0.0,,0.0,0,0.0,0.0,,0.0,bidTooLow
2020-10-15,5717.0,0.0,0.0,0,347.5,0.0,0,0.0,0.0,,0.0,0,0.0,0.0,,0.0,bidTooLow
2020-10-16,5717.0,0.0,0.0,0,347.29,0.0,0,0.0,0.0,,0.0,0,0.0,0.0,,0.0,bidTooLow
2020-10-19,5717.0,0.0,0.0,0,342.01,0.0,0,0.0,0.0,,0.0,0,0.0,0.0,,0.0,bidTooLow
2020-10-20,5717.0,0.0,0.0,0,343.38,0.0,0,0.0,0.0,,0.0,0,0.0,0.0,,0.0,bidTooLow
2020-10-21,5717.0,0.0,0.0,0,342.73,0.0,0,0.0,0.0,,0.0,0,0.0,0.0,,0.0,bidTooLow
2020-10-22,5717.0,0.0,0.0,0,344.61,0.0,0,0.0,0.0,,0.0,0,0.0,0.0,,0.0,bidTooLow
2020-10-23,5717.0,0.0,0.0,0,345.78,0.0,0,0.0,0.0,,0.0,0,0.0,0.0,,0.0,bidTooLow
2020-10-26,5717.0,-3.0,0.0,0,339.39,0.0,1,0.08,0.11,SPY201028P00320000,320.0,0,0.0,0.0,,0.0,normalDay
2020-10-27,5717.0,5.0,0.0,0,338.22,0.0,1,0.08,0.03,SPY201028P00320000,320.0,0,0.0,0.0,,0.0,normalDay
2020-10-28,5725.0,0.0,8.0,0,326.66,0.0,1,0.08,0.0,SPY201028P00320000,320.0,0,0.0,0.0,,0.0,expirationDay
2020-10-29,5725.0,-3.0,0.0,0,329.98,0.0,1,0.13,0.16,SPY201030P00318000,318.0,0,0.0,0.0,,0.0,normalDay
2020-10-30,5738.0,0.0,13.0,0,326.54,0.0,1,0.13,0.0,SPY201030P00318000,318.0,0,0.0,0.0,,0.0,expirationDay
2020-11-02,5738.0,-4.0,0.0,0,330.2,0.0,1,0.97,1.01,SPY201104P00313000,313.0,0,0.0,0.0,,0.0,normalDay
2020-11-03,5738.0,61.0,0.0,0,336.03,0.0,1,0.97,0.36,SPY201104P00313000,313.0,0,0.0,0.0,,0.0,normalDay
2020-11-04,5835.0,0.0,97.0,0,343.54,0.0,1,0.97,0.0,SPY201104P00313000,313.0,0,0.0,0.0,,0.0,expirationDay
2020-11-05,5835.0,0.0,0.0,0,350.24,0.0,0,0.0,0.0,,0.0,0,0.0,0.0,,0.0,bidTooLow
2020-11-06,5835.0,0.0,0.0,0,350.16,0.0,0,0.0,0.0,,0.0,0,0.0,0.0,,0.0,bidTooLow
2020-11-09,5835.0,-3.0,0.0,0,354.56,0.0,1,0.01,0.04,SPY201111P00312000,312.0,0,0.0,0.0,,0.0,normalDay
2020-11-10,5835.0,0.0,0.0,0,354.04,0.0,1,0.01,0.01,SPY201111P00312000,312.0,0,0.0,0.0,,0.0,normalDay
2020-11-11,5836.0,0.0,1.0,0,356.67,0.0,1,0.01,0.0,SPY201111P00312000,312.0,0,0.0,0.0,,0.0,expirationDay
2020-11-12,5836.0,0.0,0.0,0,353.21,0.0,0,0.0,0.0,,0.0,0,0.0,0.0,,0.0,bidTooLow
2020-11-13,5836.0,0.0,0.0,0,358.1,0.0,0,0.0,0.0,,0.0,0,0.0,0.0,,0.0,bidTooLow
2020-11-16,5836.0,0.0,0.0,0,362.57,0.0,0,0.0,0.0,,0.0,0,0.0,0.0,,0.0,bidTooLow
2020-11-17,5836.0,0.0,0.0,0,360.62,0.0,0,0.0,0.0,,0.0,0,0.0,0.0,,0.0,bidTooLow
2020-11-18,5836.0,0.0,0.0,0,356.28,0.0,0,0.0,0.0,,0.0,0,0.0,0.0,,0.0,bidTooLow
2020-11-19,5836.0,0.0,0.0,0,357.78,0.0,0,0.0,0.0,,0.0,0,0.0,0.0,,0.0,bidTooLow
2020-11-20,5836.0,0.0,0.0,0,355.33,0.0,0,0.0,0.0,,0.0,0,0.0,0.0,,0.0,bidTooLow
2020-11-23,5836.0,0.0,0.0,0,357.46,0.0,0,0.0,0.0,,0.0,0,0.0,0.0,,0.0,bidTooLow
2020-11-24,5836.0,0.0,0.0,0,363.22,0.0,0,0.0,0.0,,0.0,0,0.0,0.0,,0.0,bidTooLow
2020-11-25,5836.0,0.0,0.0,0,362.66,0.0,0,0.0,0.0,,0.0,0,0.0,0.0,,0.0,bidTooLow
2020-11-27,5836.0,0.0,0.0,0,363.67,0.0,0,0.0,0.0,,0.0,0,0.0,0.0,,0.0,bidTooLow
2020-11-30,5836.0,0.0,0.0,0,362.06,0.0,0,0.0,0.0,,0.0,0,0.0,0.0,,0.0,bidTooLow
2020-12-01,5836.0,0.0,0.0,0,366.02,0.0,0,0.0,0.0,,0.0,0,0.0,0.0,,0.0,bidTooLow
2020-12-02,5836.0,0.0,0.0,0,366.79,0.0,0,0.0,0.0,,0.0,0,0.0,0.0,,0.0,bidTooLow
2020-12-03,5836.0,0.0,0.0,0,366.69,0.0,0,0.0,0.0,,0.0,0,0.0,0.0,,0.0,bidTooLow
2020-12-04,5836.0,0.0,0.0,0,369.85,0.0,0,0.0,0.0,,0.0,0,0.0,0.0,,0.0,bidTooLow
2020-12-07,5836.0,0.0,0.0,0,369.09,0.0,0,0.0,0.0,,0.0,0,0.0,0.0,,0.0,bidTooLow
2020-12-08,5836.0,-3.0,0.0,0,370.17,0.0,1,0.01,0.04,SPY201211P00342500,342.5,0,0.0,0.0,,0.0,normalDay
2020-12-09,5836.0,-5.0,0.0,0,366.85,0.0,1,0.01,0.06,SPY201211P00342500,342.5,0,0.0,0.0,,0.0,normalDay
2020-12-10,5836.0,-1.0,0.0,0,366.73,0.0,1,0.01,0.02,SPY201211P00342500,342.5,0,0.0,0.0,,0.0,normalDay
2020-12-11,5837.0,0.0,1.0,0,366.3,0.0,1,0.01,0.0,SPY201211P00342500,342.5,0,0.0,0.0,,0.0,expirationDay
2020-12-14,5837.0,-4.0,0.0,0,364.66,0.0,1,0.22,0.26,SPY201216P00348000,348.0,0,0.0,0.0,,0.0,normalDay
2020-12-15,5837.0,16.0,0.0,0,369.59,0.0,1,0.22,0.06,SPY201216P00348000,348.0,0,0.0,0.0,,0.0,normalDay
2020-12-16,5859.0,0.0,22.0,0,370.17,0.0,1,0.22,0.0,SPY201216P00348000,348.0,0,0.0,0.0,,0.0,expirationDay
2020-12-17,5859.0,-3.0,0.0,0,372.24,0.0,1,0.05,0.08,SPY201218P00349000,349.0,0,0.0,0.0,,0.0,normalDay
2020-12-18,5864.0,0.0,5.0,0,369.18,0.0,1,0.05,0.0,SPY201218P00349000,349.0,0,0.0,0.0,,0.0,expirationDay
2020-12-21,5864.0,-3.0,0.0,0,367.86,0.0,1,0.24,0.27,SPY201224P00354000,354.0,0,0.0,0.0,,0.0,normalDay
2020-12-22,5864.0,15.0,0.0,0,367.24,0.0,1,0.24,0.09,SPY201224P00354000,354.0,0,0.0,0.0,,0.0,normalDay
2020-12-23,5864.0,21.0,0.0,0,367.57,0.0,1,0.24,0.03,SPY201224P00354000,354.0,0,0.0,0.0,,0.0,normalDay
2020-12-24,5888.0,0.0,24.0,0,369.0,0.0,1,0.24,0.0,SPY201224P00354000,354.0,0,0.0,0.0,,0.0,expirationDay
2020-12-28,5888.0,-3.0,0.0,0,372.17,0.0,1,0.1,0.13,SPY201231P00359000,359.0,0,0.0,0.0,,0.0,normalDay
2020-12-29,5888.0,-2.0,0.0,0,371.46,0.0,1,0.1,0.12,SPY201231P00359000,359.0,0,0.0,0.0,,0.0,normalDay
2020-12-30,5888.0,4.0,0.0,0,371.99,0.0,1,0.1,0.06,SPY201231P00359000,359.0,0,0.0,0.0,,0.0,normalDay
2020-12-31,5898.0,0.0,10.0,0,373.88,0.0,1,0.1,0.0,SPY201231P00359000,359.0,0,0.0,0.0,,0.0,expirationDay
2021-01-04,5898.0,-4.0,0.0,0,368.79,0.0,1,0.88,0.92,SPY210106P00361000,361.0,0,0.0,0.0,,0.0,normalDay
2021-01-05,5898.0,62.0,0.0,0,371.33,0.0,1,0.88,0.26,SPY210106P00361000,361.0,0,0.0,0.0,,0.0,normalDay
2021-01-06,5986.0,0.0,88.0,0,373.55,0.0,1,0.88,0.0,SPY210106P00361000,361.0,0,0.0,0.0,,0.0,expirationDay
2021-01-07,5986.0,0.0,0.0,0,379.1,0.0,0,0.0,0.0,,0.0,0,0.0,0.0,,0.0,bidTooLow
2021-01-08,5986.0,0.0,0.0,0,381.26,0.0,0,0.0,0.0,,0.0,0,0.0,0.0,,0.0,bidTooLow
2021-01-11,5986.0,-3.0,0.0,0,378.69,0.0,1,0.04,0.07,SPY210113P00356000,356.0,0,0.0,0.0,,0.0,normalDay
2021-01-12,5986.0,1.0,0.0,0,378.77,0.0,1,0.04,0.03,SPY210113P00356000,356.0,0,0.0,0.0,,0.0,normalDay
2021-01-13,5990.0,0.0,4.0,0,379.79,0.0,1,0.04,0.0,SPY210113P00356000,356.0,0,0.0,0.0,,0.0,expirationDay
2021-01-14,5990.0,-3.0,0.0,0,378.46,0.0,1,0.03,0.06,SPY210115P00357000,357.0,0,0.0,0.0,,0.0,normalDay
2021-01-15,5993.0,0.0,3.0,0,375.7,0.0,1,0.03,0.0,SPY210115P00357000,357.0,0,0.0,0.0,,0.0,expirationDay
2021-01-19,5993.0,-3.0,0.0,0,378.65,0.0,1,0.09,0.12,SPY210122P00357000,357.0,0,0.0,0.0,,0.0,normalDay
2021-01-20,5993.0,5.0,0.0,0,383.89,0.0,1,0.09,0.04,SPY210122P00357000,357.0,0,0.0,0.0,,0.0,normalDay
2021-01-21,5993.0,7.0,0.0,0,384.24,0.0,1,0.09,0.02,SPY210122P00357000,357.0,0,0.0,0.0,,0.0,normalDay
2021-01-22,6002.0,0.0,9.0,0,382.88,0.0,1,0.09,0.0,SPY210122P00357000,357.0,0,0.0,0.0,,0.0,expirationDay
2021-01-25,6002.0,-3.0,0.0,0,384.39,0.0,1,0.02,0.05,SPY210127P00359000,359.0,0,0.0,0.0,,0.0,normalDay
2021-01-26,6002.0,0.0,0.0,0,383.79,0.0,1,0.02,0.02,SPY210127P00359000,359.0,0,0.0,0.0,,0.0,normalDay
2021-01-27,6004.0,0.0,2.0,0,374.41,0.0,1,0.02,0.0,SPY210127P00359000,359.0,0,0.0,0.0,,0.0,expirationDay
2021-01-28,6004.0,-3.0,0.0,0,377.63,0.0,1,0.05,0.08,SPY210129P00361000,361.0,0,0.0,0.0,,0.0,normalDay
2021-01-29,6009.0,0.0,5.0,0,370.07,0.0,1,0.05,0.0,SPY210129P00361000,361.0,0,0.0,0.0,,0.0,expirationDay
2021-02-01,6009.0,-3.0,0.0,0,376.23,0.0,1,0.33,0.36,SPY210203P00361000,361.0,0,0.0,0.0,,0.0,normalDay
2021-02-02,6009.0,30.0,0.0,0,381.55,0.0,1,0.33,0.03,SPY210203P00361000,361.0,0,0.0,0.0,,0.0,normalDay
2021-02-03,6042.0,0.0,33.0,0,381.85,0.0,1,0.33,0.0,SPY210203P00361000,361.0,0,0.0,0.0,,0.0,expirationDay
2021-02-04,6042.0,0.0,0.0,0,386.19,0.0,0,0.0,0.0,,0.0,0,0.0,0.0,,0.0,bidTooLow
2021-02-05,6042.0,0.0,0.0,0,387.71,0.0,0,0.0,0.0,,0.0,0,0.0,0.0,,0.0,bidTooLow
2021-02-08,6042.0,0.0,0.0,0,390.51,0.0,0,0.0,0.0,,0.0,0,0.0,0.0,,0.0,bidTooLow
2021-02-09,6042.0,-3.0,0.0,0,390.25,0.0,1,0.02,0.05,SPY210212P00362500,362.5,0,0.0,0.0,,0.0,normalDay
2021-02-10,6042.0,-2.0,0.0,0,390.08,0.0,1,0.02,0.04,SPY210212P00362500,362.5,0,0.0,0.0,,0.0,normalDay
2021-02-11,6042.0,1.0,0.0,0,390.71,0.0,1,0.02,0.01,SPY210212P00362500,362.5,0,0.0,0.0,,0.0,normalDay
2021-02-12,6044.0,0.0,2.0,0,392.64,0.0,1,0.02,0.0,SPY210212P00362500,362.5,0,0.0,0.0,,0.0,expirationDay
2021-02-16,6044.0,-3.0,0.0,0,392.3,0.0,1,0.07,0.1,SPY210219P00361000,361.0,0,0.0,0.0,,0.0,normalDay
2021-02-17,6044.0,2.0,0.0,0,392.39,0.0,1,0.07,0.05,SPY210219P00361000,361.0,0,0.0,0.0,,0.0,normalDay
2021-02-18,6044.0,5.0,0.0,0,390.72,0.0,1,0.07,0.02,SPY210219P00361000,361.0,0,0.0,0.0,,0.0,normalDay
2021-02-19,6051.0,0.0,7.0,0,390.03,0.0,1,0.07,0.0,SPY210219P00361000,361.0,0,0.0,0.0,,0.0,expirationDay
2021-02-22,6051.0,-3.0,0.0,0,387.03,0.0,1,0.01,0.04,SPY210224P00362000,362.0,0,0.0,0.0,,0.0,normalDay
2021-02-23,6051.0,0.0,0.0,0,387.5,0.0,1,0.01,0.01,SPY210224P00362000,362.0,0,0.0,0.0,,0.0,normalDay
2021-02-24,6052.0,0.0,1.0,0,391.77,0.0,1,0.01,0.0,SPY210224P00362000,362.0,0,0.0,0.0,,0.0,expirationDay
2021-02-25,6052.0,-3.0,0.0,0,382.33,0.0,1,0.06,0.09,SPY210226P00364000,364.0,0,0.0,0.0,,0.0,normalDay
2021-02-26,6058.0,0.0,6.0,0,380.36,0.0,1,0.06,0.0,SPY210226P00364000,364.0,0,0.0,0.0,,0.0,expirationDay
2021-03-01,6058.0,-3.0,0.0,0,389.58,0.0,1,0.11,0.14,SPY210303P00371000,371.0,0,0.0,0.0,,0.0,normalDay
2021-03-02,6058.0,3.0,0.0,0,386.54,0.0,1,0.11,0.08,SPY210303P00371000,371.0,0,0.0,0.0,,0.0,normalDay
2021-03-03,6069.0,0.0,11.0,0,381.42,0.0,1,0.11,0.0,SPY210303P00371000,371.0,0,0.0,0.0,,0.0,expirationDay
2021-03-04,6069.0,-6.0,0.0,0,376.7,0.0,1,1.01,1.07,SPY210305P00372000,372.0,0,0.0,0.0,,0.0,normalDay
2021-03-05,6170.0,0.0,101.0,0,383.63,0.0,1,1.01,0.0,SPY210305P00372000,372.0,0,0.0,0.0,,0.0,expirationDay
2021-03-08,6170.0,-3.0,0.0,0,381.72,0.0,1,0.48,0.51,SPY210310P00370000,370.0,0,0.0,0.0,,0.0,normalDay
2021-03-09,6170.0,43.0,0.0,0,387.17,0.0,1,0.48,0.05,SPY210310P00370000,370.0,0,0.0,0.0,,0.0,normalDay
2021-03-10,6218.0,0.0,48.0,0,389.58,0.0,1,0.48,0.0,SPY210310P00370000,370.0,0,0.0,0.0,,0.0,expirationDay
2021-03-11,6218.0,0.0,0.0,0,393.53,0.0,0,0.0,0.0,,0.0,0,0.0,0.0,,0.0,bidTooLow
2021-03-12,6218.0,0.0,0.0,0,394.06,0.0,0,0.0,0.0,,0.0,0,0.0,0.0,,0.0,bidTooLow
2021-03-15,6218.0,0.0,0.0,0,396.41,0.0,0,0.0,0.0,,0.0,0,0.0,0.0,,0.0,bidTooLow
2021-03-16,6218.0,-3.0,0.0,0,395.91,0.0,1,0.07,0.1,SPY210319P00368000,368.0,0,0.0,0.0,,0.0,normalDay
2021-03-17,6218.0,4.0,0.0,0,397.26,0.0,1,0.07,0.03,SPY210319P00368000,368.0,0,0.0,0.0,,0.0,normalDay
2021-03-18,6218.0,-1.0,0.0,0,391.48,0.0,1,0.07,0.08,SPY210319P00368000,368.0,0,0.0,0.0,,0.0,normalDay
2021-03-19,6225.0,0.0,7.0,0,389.48,0.0,1,0.07,0.0,SPY210319P00368000,368.0,0,0.0,0.0,,0.0,expirationDay
2021-03-22,6225.0,0.0,0.0,0,392.59,0.0,0,0.0,0.0,,0.0,0,0.0,0.0,,0.0,bidTooLow
2021-03-23,6225.0,-3.0,0.0,0,389.5,0.0,1,0.06,0.09,SPY210326P00367500,367.5,0,0.0,0.0,,0.0,normalDay
2021-03-24,6225.0,-1.0,0.0,0,387.52,0.0,1,0.06,0.07,SPY210326P00367500,367.5,0,0.0,0.0,,0.0,normalDay
2021-03-25,6225.0,4.0,0.0,0,389.7,0.0,1,0.06,0.02,SPY210326P00367500,367.5,0,0.0,0.0,,0.0,normalDay
2021-03-26,6231.0,0.0,6.0,0,395.98,0.0,1,0.06,0.0,SPY210326P00367500,367.5,0,0.0,0.0,,0.0,expirationDay
2021-03-29,6231.0,-3.0,0.0,0,395.78,0.0,1,0.04,0.07,SPY210401P00369000,369.0,0,0.0,0.0,,0.0,normalDay
2021-03-30,6231.0,1.0,0.0,0,394.73,0.0,1,0.04,0.03,SPY210401P00369000,369.0,0,0.0,0.0,,0.0,normalDay
2021-03-31,6231.0,3.0,0.0,0,396.33,0.0,1,0.04,0.01,SPY210401P00369000,369.0,0,0.0,0.0,,0.0,normalDay
2021-04-01,6235.0,0.0,4.0,0,400.61,0.0,1,0.04,0.0,SPY210401P00369000,369.0,0,0.0,0.0,,0.0,expirationDay
2021-04-05,6235.0,0.0,0.0,0,406.36,0.0,0,0.0,0.0,,0.0,0,0.0,0.0,,0.0,bidTooLow
2021-04-06,6235.0,-3.0,0.0,0,406.12,0.0,1,0.01,0.04,SPY210409P00375000,375.0,0,0.0,0.0,,0.0,normalDay
2021-04-07,6235.0,-1.0,0.0,0,406.59,0.0,1,0.01,0.02,SPY210409P00375000,375.0,0,0.0,0.0,,0.0,normalDay
2021-04-08,6235.0,0.0,0.0,0,408.52,0.0,1,0.01,0.01,SPY210409P00375000,375.0,0,0.0,0.0,,0.0,normalDay
2021-04-09,6236.0,0.0,1.0,0,411.49,0.0,1,0.01,0.0,SPY210409P00375000,375.0,0,0.0,0.0,,0.0,expirationDay
2021-04-12,6236.0,0.0,0.0,0,411.64,0.0,0,0.0,0.0,,0.0,0,0.0,0.0,,0.0,bidTooLow
2021-04-13,6236.0,0.0,0.0,0,412.86,0.0,0,0.0,0.0,,0.0,0,0.0,0.0,,0.0,bidTooLow
2021-04-14,6236.0,0.0,0.0,0,411.45,0.0,0,0.0,0.0,,0.0,0,0.0,0.0,,0.0,bidTooLow
2021-04-15,6236.0,0.0,0.0,0,415.87,0.0,0,0.0,0.0,,0.0,0,0.0,0.0,,0.0,bidTooLow
2021-04-16,6236.0,0.0,0.0,0,417.26,0.0,0,0.0,0.0,,0.0,0,0.0,0.0,,0.0,bidTooLow
2021-04-19,6236.0,0.0,0.0,0,415.21,0.0,0,0.0,0.0,,0.0,0,0.0,0.0,,0.0,bidTooLow
2021-04-20,6236.0,0.0,0.0,0,412.17,0.0,0,0.0,0.0,,0.0,0,0.0,0.0,,0.0,bidTooLow
2021-04-21,6236.0,0.0,0.0,0,416.07,0.0,0,0.0,0.0,,0.0,0,0.0,0.0,,0.0,bidTooLow
2021-04-22,6236.0,0.0,0.0,0,412.27,0.0,0,0.0,0.0,,0.0,0,0.0,0.0,,0.0,bidTooLow
2021-04-23,6236.0,0.0,0.0,0,416.74,0.0,0,0.0,0.0,,0.0,0,0.0,0.0,,0.0,bidTooLow
2021-04-26,6236.0,0.0,0.0,0,417.61,0.0,0,0.0,0.0,,0.0,0,0.0,0.0,,0.0,bidTooLow
2021-04-27,6236.0,0.0,0.0,0,417.52,0.0,0,0.0,0.0,,0.0,0,0.0,0.0,,0.0,bidTooLow
2021-04-28,6236.0,0.0,0.0,0,417.4,0.0,0,0.0,0.0,,0.0,0,0.0,0.0,,0.0,bidTooLow
2021-04-29,6236.0,0.0,0.0,0,420.06,0.0,0,0.0,0.0,,0.0,0,0.0,0.0,,0.0,bidTooLow
2021-04-30,6236.0,-3.0,0.0,0,417.3,0.0,1,0.02,0.05,SPY210503P00398000,398.0,0,0.0,0.0,,0.0,normalDay
2021-05-03,6238.0,0.0,2.0,0,418.2,0.0,1,0.02,0.0,SPY210503P00398000,398.0,0,0.0,0.0,,0.0,expirationDay
2021-05-04,6238.0,-3.0,0.0,0,415.62,0.0,1,0.15,0.18,SPY210507P00402000,402.0,0,0.0,0.0,,0.0,normalDay
2021-05-05,6238.0,5.0,0.0,0,415.75,0.0,1,0.15,0.1,SPY210507P00402000,402.0,0,0.0,0.0,,0.0,normalDay
2021-05-06,6238.0,11.0,0.0,0,419.07,0.0,1,0.15,0.04,SPY210507P00402000,402.0,0,0.0,0.0,,0.0,normalDay
2021-05-07,6253.0,0.0,15.0,0,422.12,0.0,1,0.15,0.0,SPY210507P00402000,402.0,0,0.0,0.0,,0.0,expirationDay
2021-05-10,6253.0,-3.0,0.0,0,417.94,0.0,1,0.26,0.29,SPY210512P00407000,407.0,0,0.0,0.0,,0.0,normalDay
2021-05-11,6253.0,-7.0,0.0,0,414.21,0.0,1,0.26,0.33,SPY210512P00407000,407.0,0,0.0,0.0,,0.0,normalDay
2021-05-12,6279.0,-159.0,26.0,100,405.41,407.0,1,0.26,0.0,SPY210512P00407000,407.0,0,0.0,0.0,,0.0,expirationDay
2021-05-13,6279.0,322.0,0.0,100,410.28,407.0,0,0.0,0.0,,0.0,1,4.21,4.27,SPY210716C00426000,426.0,normalDay
2021-05-14,6279.0,826.0,0.0,100,416.58,407.0,0,0.0,0.0,,0.0,1,4.21,5.53,SPY210716C00426000,426.0,normalDay
2021-05-17,6279.0,772.0,0.0,100,415.52,407.0,0,0.0,0.0,,0.0,1,4.21,5.01,SPY210716C00426000,426.0,normalDay
2021-05-18,6279.0,524.0,0.0,100,411.94,407.0,0,0.0,0.0,,0.0,1,4.21,3.91,SPY210716C00426000,426.0,normalDay
2021-05-19,6279.0,445.0,0.0,100,410.86,407.0,0,0.0,0.0,,0.0,1,4.21,3.62,SPY210716C00426000,426.0,normalDay
2021-05-20,6279.0,784.0,0.0,100,415.28,407.0,0,0.0,0.0,,0.0,1,4.21,4.65,SPY210716C00426000,426.0,normalDay
2021-05-21,6279.0,781.0,0.0,100,414.94,407.0,0,0.0,0.0,,0.0,1,4.21,4.34,SPY210716C00426000,426.0,normalDay
2021-05-24,6279.0,1119.0,0.0,100,419.17,407.0,0,0.0,0.0,,0.0,1,4.21,5.19,SPY210716C00426000,426.0,normalDay
2021-05-25,6279.0,1068.0,0.0,100,418.24,407.0,0,0.0,0.0,,0.0,1,4.21,4.77,SPY210716C00426000,426.0,normalDay
2021-05-26,6279.0,1178.0,0.0,100,419.07,407.0,0,0.0,0.0,,0.0,1,4.21,4.5,SPY210716C00426000,426.0,normalDay
2021-05-27,6279.0,1205.0,0.0,100,419.29,407.0,0,0.0,0.0,,0.0,1,4.21,4.45,SPY210716C00426000,426.0,normalDay
2021-05-28,6279.0,1297.0,0.0,100,420.04,407.0,0,0.0,0.0,,0.0,1,4.21,4.28,SPY210716C00426000,426.0,normalDay
2021-06-01,6279.0,1267.0,0.0,100,419.67,407.0,0,0.0,0.0,,0.0,1,4.21,4.21,SPY210716C00426000,426.0,normalDay
2021-06-02,6279.0,1338.0,0.0,100,420.33,407.0,0,0.0,0.0,,0.0,1,4.21,4.16,SPY210716C00426000,426.0,normalDay
2021-06-03,6279.0,1232.0,0.0,100,418.77,407.0,0,0.0,0.0,,0.0,1,4.21,3.66,SPY210716C00426000,426.0,normalDay
2021-06-04,6279.0,1523.0,0.0,100,422.6,407.0,0,0.0,0.0,,0.0,1,4.21,4.58,SPY210716C00426000,426.0,normalDay
2021-06-07,6279.0,1517.0,0.0,100,422.19,407.0,0,0.0,0.0,,0.0,1,4.21,4.23,SPY210716C00426000,426.0,normalDay
2021-06-08,6279.0,1521.0,0.0,100,422.28,407.0,0,0.0,0.0,,0.0,1,4.21,4.28,SPY210716C00426000,426.0,normalDay
2021-06-09,6279.0,1463.0,0.0,100,421.65,407.0,0,0.0,0.0,,0.0,1,4.21,4.23,SPY210716C00426000,426.0,normalDay
2021-06-10,6279.0,1656.0,0.0,100,423.61,407.0,0,0.0,0.0,,0.0,1,4.21,4.26,SPY210716C00426000,426.0,normalDay
2021-06-11,6279.0,1722.0,0.0,100,424.31,407.0,0,0.0,0.0,,0.0,1,4.21,4.3,SPY210716C00426000,426.0,normalDay
2021-06-14,6279.0,1768.0,0.0,100,425.26,407.0,0,0.0,0.0,,0.0,1,4.21,4.79,SPY210716C00426000,426.0,normalDay
2021-06-15,6279.0,1734.0,0.0,100,424.48,407.0,0,0.0,0.0,,0.0,1,4.21,4.35,SPY210716C00426000,426.0,normalDay
2021-06-16,6279.0,1584.0,0.0,100,422.11,407.0,0,0.0,0.0,,0.0,1,4.21,3.48,SPY210716C00426000,426.0,normalDay
2021-06-17,6279.0,1611.0,0.0,100,421.97,407.0,0,0.0,0.0,,0.0,1,4.21,3.07,SPY210716C00426000,426.0,normalDay
2021-06-18,6279.0,1044.0,0.0,100,414.92,407.0,0,0.0,0.0,,0.0,1,4.21,1.69,SPY210716C00426000,426.0,normalDay
2021-06-21,6279.0,1517.0,0.0,100,420.86,407.0,0,0.0,0.0,,0.0,1,4.21,2.9,SPY210716C00426000,426.0,normalDay
2021-06-22,6279.0,1705.0,0.0,100,423.11,407.0,0,0.0,0.0,,0.0,1,4.21,3.27,SPY210716C00426000,426.0,normalDay
2021-06-23,6279.0,1683.0,0.0,100,422.6,407.0,0,0.0,0.0,,0.0,1,4.21,2.98,SPY210716C00426000,426.0,normalDay
2021-06-24,6279.0,1834.0,0.0,100,425.1,407.0,0,0.0,0.0,,0.0,1,4.21,3.97,SPY210716C00426000,426.0,normalDay
2021-06-25,6279.0,1941.0,0.0,100,426.61,407.0,0,0.0,0.0,,0.0,1,4.21,4.41,SPY210716C00426000,426.0,normalDay
2021-06-28,6279.0,2002.0,0.0,100,427.47,407.0,0,0.0,0.0,,0.0,1,4.21,4.66,SPY210716C00426000,426.0,normalDay
2021-06-29,6279.0,1995.0,0.0,100,427.7,407.0,0,0.0,0.0,,0.0,1,4.21,4.96,SPY210716C00426000,426.0,normalDay
2021-06-30,6279.0,1998.0,0.0,100,428.06,407.0,0,0.0,0.0,,0.0,1,4.21,5.29,SPY210716C00426000,426.0,normalDay
2021-07-01,6279.0,2109.0,0.0,100,430.43,407.0,0,0.0,0.0,,0.0,1,4.21,6.55,SPY210716C00426000,426.0,normalDay
2021-07-02,6279.0,2207.0,0.0,100,433.72,407.0,0,0.0,0.0,,0.0,1,4.21,8.86,SPY210716C00426000,426.0,normalDay
2021-07-06,6279.0,2208.0,0.0,100,432.93,407.0,0,0.0,0.0,,0.0,1,4.21,8.06,SPY210716C00426000,426.0,normalDay
2021-07-07,6279.0,2236.0,0.0,100,434.46,407.0,0,0.0,0.0,,0.0,1,4.21,9.31,SPY210716C00426000,426.0,normalDay
2021-07-08,6279.0,2124.0,0.0,100,430.92,407.0,0,0.0,0.0,,0.0,1,4.21,6.89,SPY210716C00426000,426.0,normalDay
2021-07-09,6279.0,2258.0,0.0,100,435.52,407.0,0,0.0,0.0,,0.0,1,4.21,10.15,SPY210716C00426000,426.0,normalDay
2021-07-12,6279.0,2284.0,0.0,100,437.08,407.0,0,0.0,0.0,,0.0,1,4.21,11.45,SPY210716C00426000,426.0,normalDay
2021-07-13,6279.0,2295.0,0.0,100,435.59,407.0,0,0.0,0.0,,0.0,1,4.21,9.85,SPY210716C00426000,426.0,normalDay
2021-07-14,6279.0,2289.0,0.0,100,436.24,407.0,0,0.0,0.0,,0.0,1,4.21,10.56,SPY210716C00426000,426.0,normalDay
2021-07-15,6279.0,2340.0,0.0,100,434.75,407.0,0,0.0,0.0,,0.0,1,4.21,8.56,SPY210716C00426000,426.0,normalDay
2021-07-16,8600.0,2340.0,2321.0,0,431.34,0.0,0,0.0,0.0,,0.0,1,4.21,0.0,SPY210716C00426000,426.0,expirationDay
2021-07-19,8600.0,-3.0,0.0,0,424.97,0.0,1,0.32,0.35,SPY210721P00412000,412.0,0,0.0,0.0,,0.0,normalDay
2021-07-20,8600.0,30.0,0.0,0,431.06,0.0,1,0.32,0.02,SPY210721P00412000,412.0,0,0.0,0.0,,0.0,normalDay
2021-07-21,8632.0,0.0,32.0,0,434.55,0.0,1,0.32,0.0,SPY210721P00412000,412.0,0,0.0,0.0,,0.0,expirationDay
2021-07-22,8632.0,0.0,0.0,0,435.46,0.0,0,0.0,0.0,,0.0,0,0.0,0.0,,0.0,bidTooLow
2021-07-23,8632.0,0.0,0.0,0,439.94,0.0,0,0.0,0.0,,0.0,0,0.0,0.0,,0.0,bidTooLow
2021-07-26,8632.0,0.0,0.0,0,441.02,0.0,0,0.0,0.0,,0.0,0,0.0,0.0,,0.0,bidTooLow
2021-07-27,8632.0,-3.0,0.0,0,439.01,0.0,1,0.1,0.13,SPY210730P00419000,419.0,0,0.0,0.0,,0.0,normalDay
2021-07-28,8632.0,5.0,0.0,0,438.83,0.0,1,0.1,0.05,SPY210730P00419000,419.0,0,0.0,0.0,,0.0,normalDay
2021-07-29,8632.0,8.0,0.0,0,440.65,0.0,1,0.1,0.02,SPY210730P00419000,419.0,0,0.0,0.0,,0.0,normalDay
2021-07-30,8642.0,0.0,10.0,0,438.51,0.0,1,0.1,0.0,SPY210730P00419000,419.0,0,0.0,0.0,,0.0,expirationDay
2021-08-02,8642.0,-3.0,0.0,0,437.59,0.0,1,0.02,0.05,SPY210804P00421000,421.0,0,0.0,0.0,,0.0,normalDay
2021-08-03,8642.0,0.0,0.0,0,441.15,0.0,1,0.02,0.02,SPY210804P00421000,421.0,0,0.0,0.0,,0.0,normalDay
2021-08-04,8644.0,0.0,2.0,0,438.98,0.0,1,0.02,0.0,SPY210804P00421000,421.0,0,0.0,0.0,,0.0,expirationDay
2021-08-05,8644.0,0.0,0.0,0,441.76,0.0,0,0.0,0.0,,0.0,0,0.0,0.0,,0.0,bidTooLow
2021-08-06,8644.0,0.0,0.0,0,442.49,0.0,0,0.0,0.0,,0.0,0,0.0,0.0,,0.0,bidTooLow
2021-08-09,8644.0,0.0,0.0,0,442.13,0.0,0,0.0,0.0,,0.0,0,0.0,0.0,,0.0,bidTooLow
2021-08-10,8644.0,-3.0,0.0,0,442.68,0.0,1,0.03,0.06,SPY210813P00421000,421.0,0,0.0,0.0,,0.0,normalDay
2021-08-11,8644.0,-1.0,0.0,0,443.78,0.0,1,0.03,0.04,SPY210813P00421000,421.0,0,0.0,0.0,,0.0,normalDay
2021-08-12,8644.0,0.0,0.0,0,445.11,0.0,1,0.03,0.03,SPY210813P00421000,421.0,0,0.0,0.0,,0.0,normalDay
2021-08-13,8647.0,0.0,3.0,0,445.92,0.0,1,0.03,0.0,SPY210813P00421000,421.0,0,0.0,0.0,,0.0,expirationDay
2021-08-16,8647.0,-3.0,0.0,0,446.97,0.0,1,0.02,0.05,SPY210818P00426000,426.0,0,0.0,0.0,,0.0,normalDay
2021-08-17,8647.0,-1.0,0.0,0,444.04,0.0,1,0.02,0.03,SPY210818P00426000,426.0,0,0.0,0.0,,0.0,normalDay
2021-08-18,8649.0,0.0,2.0,0,439.18,0.0,1,0.02,0.0,SPY210818P00426000,426.0,0,0.0,0.0,,0.0,expirationDay
2021-08-19,8649.0,-3.0,0.0,0,439.86,0.0,1,0.24,0.27,SPY210820P00432000,432.0,0,0.0,0.0,,0.0,normalDay
2021-08-20,8673.0,0.0,24.0,0,443.36,0.0,1,0.24,0.0,SPY210820P00432000,432.0,0,0.0,0.0,,0.0,expirationDay
2021-08-23,8673.0,-3.0,0.0,0,447.26,0.0,1,0.02,0.05,SPY210825P00431000,431.0,0,0.0,0.0,,0.0,normalDay
2021-08-24,8673.0,-1.0,0.0,0,447.97,0.0,1,0.02,0.03,SPY210825P00431000,431.0,0,0.0,0.0,,0.0,normalDay
2021-08-25,8675.0,0.0,2.0,0,448.91,0.0,1,0.02,0.0,SPY210825P00431000,431.0,0,0.0,0.0,,0.0,expirationDay
2021-08-26,8675.0,-3.0,0.0,0,446.26,0.0,1,0.04,0.07,SPY210827P00431000,431.0,0,0.0,0.0,,0.0,normalDay
2021-08-27,8679.0,0.0,4.0,0,450.25,0.0,1,0.04,0.0,SPY210827P00431000,431.0,0,0.0,0.0,,0.0,expirationDay
2021-08-30,8679.0,-3.0,0.0,0,452.23,0.0,1,0.01,0.04,SPY210901P00431000,431.0,0,0.0,0.0,,0.0,normalDay
2021-08-31,8679.0,-2.0,0.0,0,451.56,0.0,1,0.01,0.03,SPY210901P00431000,431.0,0,0.0,0.0,,0.0,normalDay
2021-09-01,8680.0,0.0,1.0,0,451.8,0.0,1,0.01,0.0,SPY210901P00431000,431.0,0,0.0,0.0,,0.0,expirationDay
2021-09-02,8680.0,0.0,0.0,0,453.19,0.0,0,0.0,0.0,,0.0,0,0.0,0.0,,0.0,bidTooLow
2021-09-03,8680.0,0.0,0.0,0,453.08,0.0,0,0.0,0.0,,0.0,0,0.0,0.0,,0.0,bidTooLow
2021-09-07,8680.0,-3.0,0.0,0,451.46,0.0,1,0.06,0.09,SPY210910P00432000,432.0,0,0.0,0.0,,0.0,normalDay
2021-09-08,8680.0,0.0,0.0,0,450.91,0.0,1,0.06,0.06,SPY210910P00432000,432.0,0,0.0,0.0,,0.0,normalDay
2021-09-09,8680.0,3.0,0.0,0,448.98,0.0,1,0.06,0.03,SPY210910P00432000,432.0,0,0.0,0.0,,0.0,normalDay
2021-09-10,8686.0,0.0,6.0,0,445.44,0.0,1,0.06,0.0,SPY210910P00432000,432.0,0,0.0,0.0,,0.0,expirationDay
2021-09-13,8686.0,-3.0,0.0,0,446.58,0.0,1,0.25,0.28,SPY210915P00433000,433.0,0,0.0,0.0,,0.0,normalDay
2021-09-14,8686.0,15.0,0.0,0,444.17,0.0,1,0.25,0.1,SPY210915P00433000,433.0,0,0.0,0.0,,0.0,normalDay
2021-09-15,8711.0,0.0,25.0,0,447.88,0.0,1,0.25,0.0,SPY210915P00433000,433.0,0,0.0,0.0,,0.0,expirationDay
2021-09-16,8711.0,-3.0,0.0,0,447.17,0.0,1,0.1,0.13,SPY210917P00436000,436.0,0,0.0,0.0,,0.0,normalDay
2021-09-17,8721.0,0.0,10.0,0,441.4,0.0,1,0.1,0.0,SPY210917P00436000,436.0,0,0.0,0.0,,0.0,expirationDay
2021-09-20,8721.0,-4.0,0.0,0,434.04,0.0,1,2.46,2.5,SPY210922P00432000,432.0,0,0.0,0.0,,0.0,normalDay
2021-09-21,8721.0,83.0,0.0,0,433.63,0.0,1,2.46,1.63,SPY210922P00432000,432.0,0,0.0,0.0,,0.0,normalDay
2021-09-22,8967.0,0.0,246.0,0,437.86,0.0,1,2.46,0.0,SPY210922P00432000,432.0,0,0.0,0.0,,0.0,expirationDay
2021-09-23,8967.0,-3.0,0.0,0,443.18,0.0,1,0.01,0.04,SPY210924P00425000,425.0,0,0.0,0.0,,0.0,normalDay
2021-09-24,8968.0,0.0,1.0,0,443.91,0.0,1,0.01,0.0,SPY210924P00425000,425.0,0,0.0,0.0,,0.0,expirationDay
2021-09-27,8968.0,-3.0,0.0,0,442.64,0.0,1,0.12,0.15,SPY210930P00424000,424.0,0,0.0,0.0,,0.0,normalDay
2021-09-28,8968.0,-57.0,0.0,0,433.72,0.0,1,0.12,0.69,SPY210930P00424000,424.0,0,0.0,0.0,,0.0,normalDay
2021-09-29,8968.0,-4.0,0.0,0,434.45,0.0,1,0.12,0.16,SPY210930P00424000,424.0,0,0.0,0.0,,0.0,normalDay
2021-09-30,8980.0,0.0,12.0,0,429.14,0.0,1,0.12,0.0,SPY210930P00424000,424.0,0,0.0,0.0,,0.0,expirationDay
2021-10-01,8980.0,-3.0,0.0,0,434.24,0.0,1,0.04,0.07,SPY211004P00417000,417.0,0,0.0,0.0,,0.0,normalDay
2021-10-04,8984.0,0.0,4.0,0,428.64,0.0,1,0.04,0.0,SPY211004P00417000,417.0,0,0.0,0.0,,0.0,expirationDay
2021-10-05,8984.0,-3.0,0.0,0,433.1,0.0,1,0.15,0.18,SPY211008P00415000,415.0,0,0.0,0.0,,0.0,normalDay
2021-10-06,8984.0,7.0,0.0,0,434.9,0.0,1,0.15,0.08,SPY211008P00415000,415.0,0,0.0,0.0,,0.0,normalDay
2021-10-07,8984.0,13.0,0.0,0,438.66,0.0,1,0.15,0.02,SPY211008P00415000,415.0,0,0.0,0.0,,0.0,normalDay
2021-10-08,8999.0,0.0,15.0,0,437.86,0.0,1,0.15,0.0,SPY211008P00415000,415.0,0,0.0,0.0,,0.0,expirationDay
2021-10-11,8999.0,-3.0,0.0,0,434.69,0.0,1,0.09,0.12,SPY211013P00417000,417.0,0,0.0,0.0,,0.0,normalDay
2021-10-12,8999.0,5.0,0.0,0,433.62,0.0,1,0.09,0.04,SPY211013P00417000,417.0,0,0.0,0.0,,0.0,normalDay
2021-10-13,9008.0,0.0,9.0,0,435.18,0.0,1,0.09,0.0,SPY211013P00417000,417.0,0,0.0,0.0,,0.0,expirationDay
2021-10-14,9008.0,-3.0,0.0,0,442.5,0.0,1,0.02,0.05,SPY211015P00420000,420.0,0,0.0,0.0,,0.0,normalDay
2021-10-15,9010.0,0.0,2.0,0,445.87,0.0,1,0.02,0.0,SPY211015P00420000,420.0,0,0.0,0.0,,0.0,expirationDay
2021-10-18,9010.0,0.0,0.0,0,447.19,0.0,0,0.0,0.0,,0.0,0,0.0,0.0,,0.0,bidTooLow
2021-10-19,9010.0,0.0,0.0,0,450.64,0.0,0,0.0,0.0,,0.0,0,0.0,0.0,,0.0,bidTooLow
2021-10-20,9010.0,0.0,0.0,0,452.41,0.0,0,0.0,0.0,,0.0,0,0.0,0.0,,0.0,bidTooLow
2021-10-21,9010.0,0.0,0.0,0,453.59,0.0,0,0.0,0.0,,0.0,0,0.0,0.0,,0.0,bidTooLow
2021-10-22,9010.0,0.0,0.0,0,453.12,0.0,0,0.0,0.0,,0.0,0,0.0,0.0,,0.0,bidTooLow
2021-10-25,9010.0,0.0,0.0,0,455.55,0.0,0,0.0,0.0,,0.0,0,0.0,0.0,,0.0,bidTooLow
2021-10-26,9010.0,0.0,0.0,0,455.96,0.0,0,0.0,0.0,,0.0,0,0.0,0.0,,0.0,bidTooLow
2021-10-27,9010.0,0.0,0.0,0,453.94,0.0,0,0.0,0.0,,0.0,0,0.0,0.0,,0.0,bidTooLow
2021-10-28,9010.0,0.0,0.0,0,458.32,0.0,0,0.0,0.0,,0.0,0,0.0,0.0,,0.0,bidTooLow
2021-10-29,9010.0,0.0,0.0,0,459.25,0.0,0,0.0,0.0,,0.0,0,0.0,0.0,,0.0,bidTooLow
2021-11-01,9010.0,0.0,0.0,0,460.04,0.0,0,0.0,0.0,,0.0,0,0.0,0.0,,0.0,bidTooLow
2021-11-02,9010.0,0.0,0.0,0,461.9,0.0,0,0.0,0.0,,0.0,0,0.0,0.0,,0.0,bidTooLow
2021-11-03,9010.0,0.0,0.0,0,464.72,0.0,0,0.0,0.0,,0.0,0,0.0,0.0,,0.0,bidTooLow
2021-11-04,9010.0,0.0,0.0,0,466.91,0.0,0,0.0,0.0,,0.0,0,0.0,0.0,,0.0,bidTooLow
2021-11-05,9010.0,0.0,0.0,0,468.53,0.0,0,0.0,0.0,,0.0,0,0.0,0.0,,0.0,bidTooLow
2021-11-08,9010.0,0.0,0.0,0,468.93,0.0,0,0.0,0.0,,0.0,0,0.0,0.0,,0.0,bidTooLow
2021-11-09,9010.0,0.0,0.0,0,467.38,0.0,0,0.0,0.0,,0.0,0,0.0,0.0,,0.0,bidTooLow
2021-11-10,9010.0,0.0,0.0,0,463.62,0.0,0,0.0,0.0,,0.0,0,0.0,0.0,,0.0,bidTooLow
2021-11-11,9010.0,0.0,0.0,0,463.77,0.0,0,0.0,0.0,,0.0,0,0.0,0.0,,0.0,bidTooLow
2021-11-12,9010.0,0.0,0.0,0,467.27,0.0,0,0.0,0.0,,0.0,0,0.0,0.0,,0.0,bidTooLow
2021-11-15,9010.0,0.0,0.0,0,467.43,0.0,0,0.0,0.0,,0.0,0,0.0,0.0,,0.0,bidTooLow
2021-11-16,9010.0,-3.0,0.0,0,469.28,0.0,1,0.02,0.05,SPY211119P00440000,440.0,0,0.0,0.0,,0.0,normalDay
2021-11-17,9010.0,-1.0,0.0,0,468.14,0.0,1,0.02,0.03,SPY211119P00440000,440.0,0,0.0,0.0,,0.0,normalDay
2021-11-18,9010.0,0.0,0.0,0,469.73,0.0,1,0.02,0.02,SPY211119P00440000,440.0,0,0.0,0.0,,0.0,normalDay
2021-11-19,9012.0,0.0,2.0,0,468.89,0.0,1,0.02,0.0,SPY211119P00440000,440.0,0,0.0,0.0,,0.0,expirationDay
2021-11-22,9012.0,-4.0,0.0,0,467.57,0.0,1,0.04,0.08,SPY211124P00447000,447.0,0,0.0,0.0,,0.0,normalDay
2021-11-23,9012.0,1.0,0.0,0,468.19,0.0,1,0.04,0.03,SPY211124P00447000,447.0,0,0.0,0.0,,0.0,normalDay
2021-11-24,9016.0,0.0,4.0,0,469.44,0.0,1,0.04,0.0,SPY211124P00447000,447.0,0,0.0,0.0,,0.0,expirationDay
2021-11-26,9016.0,-130.0,0.0,0,458.97,0.0,1,1.38,2.68,SPY211129P00453000,453.0,0,0.0,0.0,,0.0,normalDay
2021-11-29,9154.0,0.0,138.0,0,464.6,0.0,1,1.38,0.0,SPY211129P00453000,453.0,0,0.0,0.0,,0.0,expirationDay
2021-11-30,9154.0,-8.0,0.0,0,455.56,0.0,1,2.34,2.42,SPY211203P00452500,452.5,0,0.0,0.0,,0.0,normalDay
2021-12-01,9154.0,-308.0,0.0,0,450.5,0.0,1,2.34,5.42,SPY211203P00452500,452.5,0,0.0,0.0,,0.0,normalDay
2021-12-02,9154.0,136.0,0.0,0,457.4,0.0,1,2.34,0.98,SPY211203P00452500,452.5,0,0.0,0.0,,0.0,normalDay
2021-12-03,9388.0,0.0,234.0,0,453.42,0.0,1,2.34,0.0,SPY211203P00452500,452.5,0,0.0,0.0,,0.0,expirationDay
2021-12-06,9388.0,-3.0,0.0,0,458.79,0.0,1,0.26,0.29,SPY211208P00442000,442.0,0,0.0,0.0,,0.0,normalDay
2021-12-07,9388.0,23.0,0.0,0,468.28,0.0,1,0.26,0.03,SPY211208P00442000,442.0,0,0.0,0.0,,0.0,normalDay
2021-12-08,9414.0,0.0,26.0,0,469.52,0.0,1,0.26,0.0,SPY211208P00442000,442.0,0,0.0,0.0,,0.0,expirationDay
2021-12-09,9414.0,0.0,0.0,0,466.35,0.0,0,0.0,0.0,,0.0,0,0.0,0.0,,0.0,bidTooLow
2021-12-10,9414.0,0.0,0.0,0,470.74,0.0,0,0.0,0.0,,0.0,0,0.0,0.0,,0.0,bidTooLow
2021-12-13,9414.0,-3.0,0.0,0,466.57,0.0,1,0.02,0.05,SPY211215P00442000,442.0,0,0.0,0.0,,0.0,normalDay
2021-12-14,9414.0,-1.0,0.0,0,463.36,0.0,1,0.02,0.03,SPY211215P00442000,442.0,0,0.0,0.0,,0.0,normalDay
2021-12-15,9416.0,0.0,2.0,0,470.6,0.0,1,0.02,0.0,SPY211215P00442000,442.0,0,0.0,0.0,,0.0,expirationDay
2021-12-16,9416.0,-3.0,0.0,0,466.45,0.0,1,0.02,0.05,SPY211217P00442000,442.0,0,0.0,0.0,,0.0,normalDay
2021-12-17,9418.0,0.0,2.0,0,459.87,0.0,1,0.02,0.0,SPY211217P00442000,442.0,0,0.0,0.0,,0.0,expirationDay
2021-12-20,9418.0,-3.0,0.0,0,454.98,0.0,1,0.31,0.34,SPY211223P00440000,440.0,0,0.0,0.0,,0.0,normalDay
2021-12-21,9418.0,26.0,0.0,0,463.06,0.0,1,0.31,0.05,SPY211223P00440000,440.0,0,0.0,0.0,,0.0,normalDay
2021-12-22,9418.0,30.0,0.0,0,467.69,0.0,1,0.31,0.01,SPY211223P00440000,440.0,0,0.0,0.0,,0.0,normalDay
2021-12-23,9449.0,0.0,31.0,0,470.6,0.0,1,0.31,0.0,SPY211223P00440000,440.0,0,0.0,0.0,,0.0,expirationDay
2021-12-27,9449.0,0.0,0.0,0,477.26,0.0,0,0.0,0.0,,0.0,0,0.0,0.0,,0.0,bidTooLow
2021-12-28,9449.0,0.0,0.0,0,476.87,0.0,0,0.0,0.0,,0.0,0,0.0,0.0,,0.0,bidTooLow
2021-12-29,9449.0,0.0,0.0,0,477.48,0.0,0,0.0,0.0,,0.0,0,0.0,0.0,,0.0,bidTooLow
2021-12-30,9449.0,0.0,0.0,0,476.16,0.0,0,0.0,0.0,,0.0,0,0.0,0.0,,0.0,bidTooLow
2021-12-31,9449.0,0.0,0.0,0,474.96,0.0,0,0.0,0.0,,0.0,0,0.0,0.0,,0.0,bidTooLow
2022-01-03,9449.0,0.0,0.0,0,477.71,0.0,0,0.0,0.0,,0.0,0,0.0,0.0,,0.0,bidTooLow
2022-01-04,9449.0,0.0,0.0,0,477.55,0.0,0,0.0,0.0,,0.0,0,0.0,0.0,,0.0,bidTooLow
2022-01-05,9449.0,-3.0,0.0,0,468.38,0.0,1,0.04,0.07,SPY220107P00446000,446.0,0,0.0,0.0,,0.0,normalDay
2022-01-06,9449.0,2.0,0.0,0,467.94,0.0,1,0.04,0.02,SPY220107P00446000,446.0,0,0.0,0.0,,0.0,normalDay
2022-01-07,9453.0,0.0,4.0,0,466.09,0.0,1,0.04,0.0,SPY220107P00446000,446.0,0,0.0,0.0,,0.0,expirationDay
2022-01-10,9453.0,-3.0,0.0,0,465.51,0.0,1,0.05,0.08,SPY220112P00446000,446.0,0,0.0,0.0,,0.0,normalDay
2022-01-11,9453.0,3.0,0.0,0,469.75,0.0,1,0.05,0.02,SPY220112P00446000,446.0,0,0.0,0.0,,0.0,normalDay
2022-01-12,9458.0,0.0,5.0,0,471.02,0.0,1,0.05,0.0,SPY220112P00446000,446.0,0,0.0,0.0,,0.0,expirationDay
2022-01-13,9458.0,-3.0,0.0,0,464.53,0.0,1,0.01,0.04,SPY220114P00446000,446.0,0,0.0,0.0,,0.0,normalDay
2022-01-14,9459.0,0.0,1.0,0,464.72,0.0,1,0.01,0.0,SPY220114P00446000,446.0,0,0.0,0.0,,0.0,expirationDay
2022-01-18,9459.0,-3.0,0.0,0,456.49,0.0,1,1.0,1.03,SPY220121P00445000,445.0,0,0.0,0.0,,0.0,normalDay
2022-01-19,9459.0,-7.0,0.0,0,451.75,0.0,1,1.0,1.07,SPY220121P00445000,445.0,0,0.0,0.0,,0.0,normalDay
2022-01-20,9459.0,-105.0,0.0,0,446.75,0.0,1,1.0,2.05,SPY220121P00445000,445.0,0,0.0,0.0,,0.0,normalDay
2022-01-21,9559.0,-702.0,100.0,100,437.98,445.0,1,1.0,0.0,SPY220121P00445000,445.0,0,0.0,0.0,,0.0,expirationDay
2022-01-24,9559.0,-521.0,0.0,100,439.84,445.0,0,0.0,0.0,,0.0,1,0.57,0.62,SPY220414C00501000,501.0,normalDay
2022-01-25,9559.0,-1040.0,0.0,100,434.47,445.0,0,0.0,0.0,,0.0,1,0.57,0.44,SPY220414C00501000,501.0,normalDay
2022-01-26,9559.0,-1154.0,0.0,100,433.38,445.0,0,0.0,0.0,,0.0,1,0.57,0.49,SPY220414C00501000,501.0,normalDay
2022-01-27,9559.0,-1359.0,0.0,100,431.24,445.0,0,0.0,0.0,,0.0,1,0.57,0.4,SPY220414C00501000,501.0,normalDay
2022-01-28,9559.0,-308.0,0.0,100,441.95,445.0,0,0.0,0.0,,0.0,1,0.57,0.6,SPY220414C00501000,501.0,normalDay
2022-01-31,9559.0,477.0,0.0,100,449.91,445.0,0,0.0,0.0,,0.0,1,0.57,0.71,SPY220414C00501000,501.0,normalDay
2022-02-01,9559.0,788.0,0.0,100,452.95,445.0,0,0.0,0.0,,0.0,1,0.57,0.64,SPY220414C00501000,501.0,normalDay
2022-02-02,9559.0,1223.0,0.0,100,457.35,445.0,0,0.0,0.0,,0.0,1,0.57,0.69,SPY220414C00501000,501.0,normalDay
2022-02-03,9559.0,162.0,0.0,100,446.6,445.0,0,0.0,0.0,,0.0,1,0.57,0.55,SPY220414C00501000,501.0,normalDay
2022-02-04,9559.0,385.0,0.0,100,448.7,445.0,0,0.0,0.0,,0.0,1,0.57,0.42,SPY220414C00501000,501.0,normalDay
2022-02-07,9559.0,245.0,0.0,100,447.26,445.0,0,0.0,0.0,,0.0,1,0.57,0.38,SPY220414C00501000,501.0,normalDay
2022-02-08,9559.0,610.0,0.0,100,450.94,445.0,0,0.0,0.0,,0.0,1,0.57,0.41,SPY220414C00501000,501.0,normalDay
2022-02-09,9559.0,1256.0,0.0,100,457.54,445.0,0,0.0,0.0,,0.0,1,0.57,0.55,SPY220414C00501000,501.0,normalDay
2022-02-10,9559.0,453.0,0.0,100,449.32,445.0,0,0.0,0.0,,0.0,1,0.57,0.36,SPY220414C00501000,501.0,normalDay
2022-02-11,9559.0,-428.0,0.0,100,440.46,445.0,0,0.0,0.0,,0.0,1,0.57,0.31,SPY220414C00501000,501.0,normalDay
2022-02-14,9559.0,-568.0,0.0,100,439.02,445.0,0,0.0,0.0,,0.0,1,0.57,0.27,SPY220414C00501000,501.0,normalDay
2022-02-15,9559.0,140.0,0.0,100,446.1,445.0,0,0.0,0.0,,0.0,1,0.57,0.27,SPY220414C00501000,501.0,normalDay
2022-02-16,9559.0,195.0,0.0,100,446.6,445.0,0,0.0,0.0,,0.0,1,0.57,0.22,SPY220414C00501000,501.0,normalDay
2022-02-17,9559.0,-752.0,0.0,100,437.06,445.0,0,0.0,0.0,,0.0,1,0.57,0.15,SPY220414C00501000,501.0,normalDay
2022-02-18,9559.0,-1034.0,0.0,100,434.23,445.0,0,0.0,0.0,,0.0,1,0.57,0.14,SPY220414C00501000,501.0,normalDay
2022-02-22,9559.0,-1496.0,0.0,100,429.57,445.0,0,0.0,0.0,,0.0,1,0.57,0.1,SPY220414C00501000,501.0,normalDay
2022-02-23,9559.0,-2256.0,0.0,100,421.95,445.0,0,0.0,0.0,,0.0,1,0.57,0.08,SPY220414C00501000,501.0,normalDay
2022-02-24,9559.0,-1624.0,0.0,100,428.3,445.0,0,0.0,0.0,,0.0,1,0.57,0.11,SPY220414C00501000,501.0,normalDay
2022-02-25,9559.0,-681.0,0.0,100,437.75,445.0,0,0.0,0.0,,0.0,1,0.57,0.13,SPY220414C00501000,501.0,normalDay
2022-02-28,9559.0,-792.0,0.0,100,436.63,445.0,0,0.0,0.0,,0.0,1,0.57,0.12,SPY220414C00501000,501.0,normalDay
2022-03-01,9559.0,-1455.0,0.0,100,429.98,445.0,0,0.0,0.0,,0.0,1,0.57,0.1,SPY220414C00501000,501.0,normalDay
2022-03-02,9559.0,-666.0,0.0,100,437.89,445.0,0,0.0,0.0,,0.0,1,0.57,0.12,SPY220414C00501000,501.0,normalDay
2022-03-03,9559.0,-881.0,0.0,100,435.71,445.0,0,0.0,0.0,,0.0,1,0.57,0.09,SPY220414C00501000,501.0,normalDay
2022-03-04,9559.0,-1232.0,0.0,100,432.17,445.0,0,0.0,0.0,,0.0,1,0.57,0.06,SPY220414C00501000,501.0,normalDay
2022-03-07,9559.0,-2504.0,0.0,100,419.43,445.0,0,0.0,0.0,,0.0,1,0.57,0.04,SPY220414C00501000,501.0,normalDay
2022-03-08,9559.0,-2822.0,0.0,100,416.25,445.0,0,0.0,0.0,,0.0,1,0.57,0.04,SPY220414C00501000,501.0,normalDay
2022-03-09,9559.0,-1707.0,0.0,100,427.41,445.0,0,0.0,0.0,,0.0,1,0.57,0.05,SPY220414C00501000,501.0,normalDay
2022-03-10,9559.0,-1899.0,0.0,100,425.48,445.0,0,0.0,0.0,,0.0,1,0.57,0.04,SPY220414C00501000,501.0,normalDay
2022-03-11,9559.0,-2439.0,0.0,100,420.07,445.0,0,0.0,0.0,,0.0,1,0.57,0.03,SPY220414C00501000,501.0,normalDay
2022-03-14,9559.0,-2746.0,0.0,100,417.0,445.0,0,0.0,0.0,,0.0,1,0.57,0.03,SPY220414C00501000,501.0,normalDay
2022-03-15,9559.0,-1829.0,0.0,100,426.17,445.0,0,0.0,0.0,,0.0,1,0.57,0.03,SPY220414C00501000,501.0,normalDay
2022-03-16,9559.0,-885.0,0.0,100,435.62,445.0,0,0.0,0.0,,0.0,1,0.57,0.04,SPY220414C00501000,501.0,normalDay
2022-03-17,9559.0,-340.0,0.0,100,441.07,445.0,0,0.0,0.0,,0.0,1,0.57,0.04,SPY220414C00501000,501.0,normalDay
2022-03-18,9559.0,5.0,0.0,100,444.52,445.0,0,0.0,0.0,,0.0,1,0.57,0.04,SPY220414C00501000,501.0,normalDay
2022-03-21,9559.0,-7.0,0.0,100,444.39,445.0,0,0.0,0.0,,0.0,1,0.57,0.03,SPY220414C00501000,501.0,normalDay
2022-03-22,9559.0,513.0,0.0,100,449.59,445.0,0,0.0,0.0,,0.0,1,0.57,0.03,SPY220414C00501000,501.0,normalDay
2022-03-23,9559.0,-66.0,0.0,100,443.8,445.0,0,0.0,0.0,,0.0,1,0.57,0.03,SPY220414C00501000,501.0,normalDay
2022-03-24,9559.0,604.0,0.0,100,450.49,445.0,0,0.0,0.0,,0.0,1,0.57,0.02,SPY220414C00501000,501.0,normalDay
2022-03-25,9559.0,824.0,0.0,100,452.69,445.0,0,0.0,0.0,,0.0,1,0.57,0.02,SPY220414C00501000,501.0,normalDay
2022-03-28,9559.0,1146.0,0.0,100,455.91,445.0,0,0.0,0.0,,0.0,1,0.57,0.02,SPY220414C00501000,501.0,normalDay
2022-03-29,9559.0,1709.0,0.0,100,461.55,445.0,0,0.0,0.0,,0.0,1,0.57,0.03,SPY220414C00501000,501.0,normalDay
2022-03-30,9559.0,1425.0,0.0,100,458.7,445.0,0,0.0,0.0,,0.0,1,0.57,0.02,SPY220414C00501000,501.0,normalDay
2022-03-31,9559.0,720.0,0.0,100,451.64,445.0,0,0.0,0.0,,0.0,1,0.57,0.01,SPY220414C00501000,501.0,normalDay
2022-04-01,9559.0,848.0,0.0,100,452.92,445.0,0,0.0,0.0,,0.0,1,0.57,0.01,SPY220414C00501000,501.0,normalDay
2022-04-04,9559.0,1236.0,0.0,100,456.8,445.0,0,0.0,0.0,,0.0,1,0.57,0.01,SPY220414C00501000,501.0,normalDay
2022-04-05,9559.0,659.0,0.0,100,451.03,445.0,0,0.0,0.0,,0.0,1,0.57,0.01,SPY220414C00501000,501.0,normalDay
2022-04-06,9559.0,208.0,0.0,100,446.52,445.0,0,0.0,0.0,,0.0,1,0.57,0.01,SPY220414C00501000,501.0,normalDay
2022-04-07,9559.0,433.0,0.0,100,448.77,445.0,0,0.0,0.0,,0.0,1,0.57,0.01,SPY220414C00501000,501.0,normalDay
2022-04-08,9559.0,313.0,0.0,100,447.57,445.0,0,0.0,0.0,,0.0,1,0.57,0.01,SPY220414C00501000,501.0,normalDay
2022-04-11,9559.0,-452.0,0.0,100,439.92,445.0,0,0.0,0.0,,0.0,1,0.57,0.01,SPY220414C00501000,501.0,normalDay
2022-04-12,9559.0,-615.0,0.0,100,438.29,445.0,0,0.0,0.0,,0.0,1,0.57,0.01,SPY220414C00501000,501.0,normalDay
2022-04-13,9559.0,-113.0,0.0,100,443.31,445.0,0,0.0,0.0,,0.0,1,0.57,0.01,SPY220414C00501000,501.0,normalDay
2022-04-14,9616.0,-721.0,57.0,100,437.79,445.0,0,0.0,0.0,,0.0,1,0.57,0.0,SPY220414C00501000,501.0,expirationDay
2022-04-18,9616.0,-709.0,0.0,100,437.97,445.0,0,0.0,0.0,,0.0,1,2.6,2.66,SPY220630C00468000,468.0,normalDay
2022-04-19,9616.0,-83.0,0.0,100,445.04,445.0,0,0.0,0.0,,0.0,1,2.6,3.47,SPY220630C00468000,468.0,normalDay
2022-04-20,9616.0,-151.0,0.0,100,444.71,445.0,0,0.0,0.0,,0.0,1,2.6,3.82,SPY220630C00468000,468.0,normalDay
2022-04-21,9616.0,-672.0,0.0,100,438.06,445.0,0,0.0,0.0,,0.0,1,2.6,2.38,SPY220630C00468000,468.0,normalDay
2022-04-22,9616.0,-1758.0,0.0,100,426.04,445.0,0,0.0,0.0,,0.0,1,2.6,1.22,SPY220630C00468000,468.0,normalDay
2022-04-25,9616.0,-1518.0,0.0,100,428.51,445.0,0,0.0,0.0,,0.0,1,2.6,1.29,SPY220630C00468000,468.0,normalDay
2022-04-26,9616.0,-2699.0,0.0,100,416.1,445.0,0,0.0,0.0,,0.0,1,2.6,0.69,SPY220630C00468000,468.0,normalDay
2022-04-27,9616.0,-2590.0,0.0,100,417.27,445.0,0,0.0,0.0,,0.0,1,2.6,0.77,SPY220630C00468000,468.0,normalDay
2022-04-28,9616.0,-1590.0,0.0,100,427.81,445.0,0,0.0,0.0,,0.0,1,2.6,1.31,SPY220630C00468000,468.0,normalDay
2022-04-29,9616.0,-3105.0,0.0,100,412.0,445.0,0,0.0,0.0,,0.0,1,2.6,0.65,SPY220630C00468000,468.0,normalDay
2022-05-02,9616.0,-2865.0,0.0,100,414.48,445.0,0,0.0,0.0,,0.0,1,2.6,0.73,SPY220630C00468000,468.0,normalDay
2022-05-03,9616.0,-2661.0,0.0,100,416.38,445.0,0,0.0,0.0,,0.0,1,2.6,0.59,SPY220630C00468000,468.0,normalDay
2022-05-04,9616.0,-1444.0,0.0,100,429.06,445.0,0,0.0,0.0,,0.0,1,2.6,1.1,SPY220630C00468000,468.0,normalDay
2022-05-05,9616.0,-2915.0,0.0,100,413.81,445.0,0,0.0,0.0,,0.0,1,2.6,0.56,SPY220630C00468000,468.0,normalDay
2022-05-06,9616.0,-3146.0,0.0,100,411.34,445.0,0,0.0,0.0,,0.0,1,2.6,0.4,SPY220630C00468000,468.0,normalDay
2022-05-09,9616.0,-4452.0,0.0,100,398.17,445.0,0,0.0,0.0,,0.0,1,2.6,0.29,SPY220630C00468000,468.0,normalDay
2022-05-10,9616.0,-4352.0,0.0,100,399.09,445.0,0,0.0,0.0,,0.0,1,2.6,0.21,SPY220630C00468000,468.0,normalDay
2022-05-11,9616.0,-4982.0,0.0,100,392.75,445.0,0,0.0,0.0,,0.0,1,2.6,0.17,SPY220630C00468000,468.0,normalDay
2022-05-12,9616.0,-5021.0,0.0,100,392.34,445.0,0,0.0,0.0,,0.0,1,2.6,0.15,SPY220630C00468000,468.0,normalDay
2022-05-13,9616.0,-4081.0,0.0,100,401.72,445.0,0,0.0,0.0,,0.0,1,2.6,0.13,SPY220630C00468000,468.0,normalDay
2022-05-16,9616.0,-4240.0,0.0,100,400.09,445.0,0,0.0,0.0,,0.0,1,2.6,0.09,SPY220630C00468000,468.0,normalDay
2022-05-17,9616.0,-3419.0,0.0,100,408.32,445.0,0,0.0,0.0,,0.0,1,2.6,0.11,SPY220630C00468000,468.0,normalDay
2022-05-18,9616.0,-5060.0,0.0,100,391.86,445.0,0,0.0,0.0,,0.0,1,2.6,0.06,SPY220630C00468000,468.0,normalDay
2022-05-19,9616.0,-5299.0,0.0,100,389.46,445.0,0,0.0,0.0,,0.0,1,2.6,0.05,SPY220630C00468000,468.0,normalDay
2022-05-20,9616.0,-5283.0,0.0,100,389.63,445.0,0,0.0,0.0,,0.0,1,2.6,0.06,SPY220630C00468000,468.0,normalDay
2022-05-23,9616.0,-4556.0,0.0,100,396.92,445.0,0,0.0,0.0,,0.0,1,2.6,0.08,SPY220630C00468000,468.0,normalDay
2022-05-24,9616.0,-4859.0,0.0,100,393.89,445.0,0,0.0,0.0,,0.0,1,2.6,0.08,SPY220630C00468000,468.0,normalDay
2022-05-25,9616.0,-4511.0,0.0,100,397.37,445.0,0,0.0,0.0,,0.0,1,2.6,0.08,SPY220630C00468000,468.0,normalDay
2022-05-26,9616.0,-3720.0,0.0,100,405.31,445.0,0,0.0,0.0,,0.0,1,2.6,0.11,SPY220630C00468000,468.0,normalDay
2022-05-27,9616.0,-2731.0,0.0,100,415.26,445.0,0,0.0,0.0,,0.0,1,2.6,0.17,SPY220630C00468000,468.0,normalDay
2022-05-31,9616.0,-2956.0,0.0,100,412.93,445.0,0,0.0,0.0,,0.0,1,2.6,0.09,SPY220630C00468000,468.0,normalDay
2022-06-01,9616.0,-3287.0,0.0,100,409.59,445.0,0,0.0,0.0,,0.0,1,2.6,0.06,SPY220630C00468000,468.0,normalDay
2022-06-02,9616.0,-2509.0,0.0,100,417.39,445.0,0,0.0,0.0,,0.0,1,2.6,0.08,SPY220630C00468000,468.0,normalDay
2022-06-03,9616.0,-3192.0,0.0,100,410.54,445.0,0,0.0,0.0,,0.0,1,2.6,0.06,SPY220630C00468000,468.0,normalDay
2022-06-06,9616.0,-3066.0,0.0,100,411.79,445.0,0,0.0,0.0,,0.0,1,2.6,0.05,SPY220630C00468000,468.0,normalDay
2022-06-07,9616.0,-2671.0,0.0,100,415.74,445.0,0,0.0,0.0,,0.0,1,2.6,0.05,SPY220630C00468000,468.0,normalDay
2022-06-08,9616.0,-3122.0,0.0,100,411.22,445.0,0,0.0,0.0,,0.0,1,2.6,0.04,SPY220630C00468000,468.0,normalDay
2022-06-09,9616.0,-4099.0,0.0,100,401.44,445.0,0,0.0,0.0,,0.0,1,2.6,0.03,SPY220630C00468000,468.0,normalDay
2022-06-10,9616.0,-5262.0,0.0,100,389.8,445.0,0,0.0,0.0,,0.0,1,2.6,0.02,SPY220630C00468000,468.0,normalDay
2022-06-13,9616.0,-6743.0,0.0,100,375.0,445.0,0,0.0,0.0,,0.0,1,2.6,0.03,SPY220630C00468000,468.0,normalDay
2022-06-14,9616.0,-6855.0,0.0,100,373.87,445.0,0,0.0,0.0,,0.0,1,2.6,0.02,SPY220630C00468000,468.0,normalDay
2022-06-15,9616.0,-6322.0,0.0,100,379.2,445.0,0,0.0,0.0,,0.0,1,2.6,0.02,SPY220630C00468000,468.0,normalDay
2022-06-16,9616.0,-7577.0,0.0,100,366.65,445.0,0,0.0,0.0,,0.0,1,2.6,0.02,SPY220630C00468000,468.0,normalDay
2022-06-17,9616.0,-7656.0,0.0,100,365.86,445.0,0,0.0,0.0,,0.0,1,2.6,0.02,SPY220630C00468000,468.0,normalDay
2022-06-21,9616.0,-6734.0,0.0,100,375.07,445.0,0,0.0,0.0,,0.0,1,2.6,0.01,SPY220630C00468000,468.0,normalDay
2022-06-22,9616.0,-6802.0,0.0,100,374.39,445.0,0,0.0,0.0,,0.0,1,2.6,0.01,SPY220630C00468000,468.0,normalDay
2022-06-23,9616.0,-6435.0,0.0,100,378.06,445.0,0,0.0,0.0,,0.0,1,2.6,0.01,SPY220630C00468000,468.0,normalDay
2022-06-24,9616.0,-5233.0,0.0,100,390.08,445.0,0,0.0,0.0,,0.0,1,2.6,0.01,SPY220630C00468000,468.0,normalDay
2022-06-27,9616.0,-5382.0,0.0,100,388.59,445.0,0,0.0,0.0,,0.0,1,2.6,0.01,SPY220630C00468000,468.0,normalDay
2022-06-28,9616.0,-6176.0,0.0,100,380.65,445.0,0,0.0,0.0,,0.0,1,2.6,0.01,SPY220630C00468000,468.0,normalDay
2022-06-29,9616.0,-6207.0,0.0,100,380.34,445.0,0,0.0,0.0,,0.0,1,2.6,0.01,SPY220630C00468000,468.0,normalDay
2022-06-30,9876.0,-6775.0,260.0,100,377.25,445.0,0,0.0,0.0,,0.0,1,2.6,0.0,SPY220630C00468000,468.0,expirationDay
2022-07-01,9876.0,-6380.0,0.0,100,381.24,445.0,0,0.0,0.0,,0.0,1,1.47,1.51,SPY220916C00430000,430.0,normalDay
2022-07-05,9876.0,-6296.0,0.0,100,381.96,445.0,0,0.0,0.0,,0.0,1,1.47,1.39,SPY220916C00430000,430.0,normalDay
2022-07-06,9876.0,-6179.0,0.0,100,383.25,445.0,0,0.0,0.0,,0.0,1,1.47,1.51,SPY220916C00430000,430.0,normalDay
2022-07-07,9876.0,-5654.0,0.0,100,388.99,445.0,0,0.0,0.0,,0.0,1,1.47,2.0,SPY220916C00430000,430.0,normalDay
2022-07-08,9876.0,-5671.0,0.0,100,388.67,445.0,0,0.0,0.0,,0.0,1,1.47,1.85,SPY220916C00430000,430.0,normalDay
2022-07-11,9876.0,-6064.0,0.0,100,384.23,445.0,0,0.0,0.0,,0.0,1,1.47,1.34,SPY220916C00430000,430.0,normalDay
2022-07-12,9876.0,-6365.0,0.0,100,380.83,445.0,0,0.0,0.0,,0.0,1,1.47,0.95,SPY220916C00430000,430.0,normalDay
2022-07-13,9876.0,-6552.0,0.0,100,378.83,445.0,0,0.0,0.0,,0.0,1,1.47,0.82,SPY220916C00430000,430.0,normalDay
2022-07-14,9876.0,-6638.0,0.0,100,377.91,445.0,0,0.0,0.0,,0.0,1,1.47,0.76,SPY220916C00430000,430.0,normalDay
2022-07-15,9876.0,-5943.0,0.0,100,385.13,445.0,0,0.0,0.0,,0.0,1,1.47,1.03,SPY220916C00430000,430.0,normalDay
2022-07-18,9876.0,-6242.0,0.0,100,381.95,445.0,0,0.0,0.0,,0.0,1,1.47,0.84,SPY220916C00430000,430.0,normalDay
2022-07-19,9876.0,-5312.0,0.0,100,392.27,445.0,0,0.0,0.0,,0.0,1,1.47,1.86,SPY220916C00430000,430.0,normalDay
2022-07-20,9876.0,-5092.0,0.0,100,394.77,445.0,0,0.0,0.0,,0.0,1,1.47,2.16,SPY220916C00430000,430.0,normalDay
2022-07-21,9876.0,-4723.0,0.0,100,398.79,445.0,0,0.0,0.0,,0.0,1,1.47,2.49,SPY220916C00430000,430.0,normalDay
2022-07-22,9876.0,-5021.0,0.0,100,395.09,445.0,0,0.0,0.0,,0.0,1,1.47,1.77,SPY220916C00430000,430.0,normalDay
2022-07-25,9876.0,-4964.0,0.0,100,395.57,445.0,0,0.0,0.0,,0.0,1,1.47,1.68,SPY220916C00430000,430.0,normalDay
2022-07-26,9876.0,-5387.0,0.0,100,390.89,445.0,0,0.0,0.0,,0.0,1,1.47,1.23,SPY220916C00430000,430.0,normalDay
2022-07-27,9876.0,-4465.0,0.0,100,401.04,445.0,0,0.0,0.0,,0.0,1,1.47,2.16,SPY220916C00430000,430.0,normalDay
2022-07-28,9876.0,-4071.0,0.0,100,406.07,445.0,0,0.0,0.0,,0.0,1,1.47,3.25,SPY220916C00430000,430.0,normalDay
2022-07-29,9876.0,-3580.0,0.0,100,411.99,445.0,0,0.0,0.0,,0.0,1,1.47,4.26,SPY220916C00430000,430.0,normalDay
2022-08-01,9876.0,-3671.0,0.0,100,410.77,445.0,0,0.0,0.0,,0.0,1,1.47,3.95,SPY220916C00430000,430.0,normalDay
2022-08-02,9876.0,-3871.0,0.0,100,408.06,445.0,0,0.0,0.0,,0.0,1,1.47,3.24,SPY220916C00430000,430.0,normalDay
2022-08-03,9876.0,-3356.0,0.0,100,414.45,445.0,0,0.0,0.0,,0.0,1,1.47,4.48,SPY220916C00430000,430.0,normalDay
2022-08-04,9876.0,-3367.0,0.0,100,414.17,445.0,0,0.0,0.0,,0.0,1,1.47,4.31,SPY220916C00430000,430.0,normalDay
2022-08-05,9876.0,-3360.0,0.0,100,413.47,445.0,0,0.0,0.0,,0.0,1,1.47,3.54,SPY220916C00430000,430.0,normalDay
2022-08-08,9876.0,-3389.0,0.0,100,412.99,445.0,0,0.0,0.0,,0.0,1,1.47,3.35,SPY220916C00430000,430.0,normalDay
2022-08-09,9876.0,-3511.0,0.0,100,411.35,445.0,0,0.0,0.0,,0.0,1,1.47,2.93,SPY220916C00430000,430.0,normalDay
2022-08-10,9876.0,-2844.0,0.0,100,419.99,445.0,0,0.0,0.0,,0.0,1,1.47,4.9,SPY220916C00430000,430.0,normalDay
2022-08-11,9876.0,-2865.0,0.0,100,419.99,445.0,0,0.0,0.0,,0.0,1,1.47,5.11,SPY220916C00430000,430.0,normalDay
2022-08-12,9876.0,-2414.0,0.0,100,427.1,445.0,0,0.0,0.0,,0.0,1,1.47,7.71,SPY220916C00430000,430.0,normalDay
2022-08-15,9876.0,-2317.0,0.0,100,428.86,445.0,0,0.0,0.0,,0.0,1,1.47,8.5,SPY220916C00430000,430.0,normalDay
2022-08-16,9876.0,-2246.0,0.0,100,429.7,445.0,0,0.0,0.0,,0.0,1,1.47,8.63,SPY220916C00430000,430.0,normalDay
2022-08-17,9876.0,-2420.0,0.0,100,426.65,445.0,0,0.0,0.0,,0.0,1,1.47,7.32,SPY220916C00430000,430.0,normalDay
2022-08-18,9876.0,-2288.0,0.0,100,427.89,445.0,0,0.0,0.0,,0.0,1,1.47,7.24,SPY220916C00430000,430.0,normalDay
2022-08-19,9876.0,-2604.0,0.0,100,422.14,445.0,0,0.0,0.0,,0.0,1,1.47,4.65,SPY220916C00430000,430.0,normalDay
2022-08-22,9876.0,-3242.0,0.0,100,413.35,445.0,0,0.0,0.0,,0.0,1,1.47,2.24,SPY220916C00430000,430.0,normalDay
2022-08-23,9876.0,-3301.0,0.0,100,412.35,445.0,0,0.0,0.0,,0.0,1,1.47,1.83,SPY220916C00430000,430.0,normalDay
2022-08-24,9876.0,-3165.0,0.0,100,413.67,445.0,0,0.0,0.0,,0.0,1,1.47,1.79,SPY220916C00430000,430.0,normalDay
2022-08-25,9876.0,-2690.0,0.0,100,419.51,445.0,0,0.0,0.0,,0.0,1,1.47,2.88,SPY220916C00430000,430.0,normalDay
2022-08-26,9876.0,-3889.0,0.0,100,405.31,445.0,0,0.0,0.0,,0.0,1,1.47,0.67,SPY220916C00430000,430.0,normalDay
2022-08-29,9876.0,-4133.0,0.0,100,402.63,445.0,0,0.0,0.0,,0.0,1,1.47,0.43,SPY220916C00430000,430.0,normalDay
2022-08-30,9876.0,-4553.0,0.0,100,398.21,445.0,0,0.0,0.0,,0.0,1,1.47,0.21,SPY220916C00430000,430.0,normalDay
2022-08-31,9876.0,-4849.0,0.0,100,395.18,445.0,0,0.0,0.0,,0.0,1,1.47,0.14,SPY220916C00430000,430.0,normalDay
2022-09-01,9876.0,-4723.0,0.0,100,396.42,445.0,0,0.0,0.0,,0.0,1,1.47,0.12,SPY220916C00430000,430.0,normalDay
2022-09-02,9876.0,-5135.0,0.0,100,392.24,445.0,0,0.0,0.0,,0.0,1,1.47,0.06,SPY220916C00430000,430.0,normalDay
2022-09-06,9876.0,-5282.0,0.0,100,390.76,445.0,0,0.0,0.0,,0.0,1,1.47,0.05,SPY220916C00430000,430.0,normalDay
2022-09-07,9876.0,-4583.0,0.0,100,397.78,445.0,0,0.0,0.0,,0.0,1,1.47,0.08,SPY220916C00430000,430.0,normalDay
2022-09-08,9876.0,-4320.0,0.0,100,400.38,445.0,0,0.0,0.0,,0.0,1,1.47,0.05,SPY220916C00430000,430.0,normalDay
2022-09-09,9876.0,-3700.0,0.0,100,406.6,445.0,0,0.0,0.0,,0.0,1,1.47,0.07,SPY220916C00430000,430.0,normalDay
2022-09-12,9876.0,-3271.0,0.0,100,410.97,445.0,0,0.0,0.0,,0.0,1,1.47,0.15,SPY220916C00430000,430.0,normalDay
2022-09-13,9876.0,-5045.0,0.0,100,393.1,445.0,0,0.0,0.0,,0.0,1,1.47,0.02,SPY220916C00430000,430.0,normalDay
2022-09-14,9876.0,-4894.0,0.0,100,394.6,445.0,0,0.0,0.0,,0.0,1,1.47,0.01,SPY220916C00430000,430.0,normalDay
2022-09-15,9876.0,-5342.0,0.0,100,390.12,445.0,0,0.0,0.0,,0.0,1,1.47,0.01,SPY220916C00430000,430.0,normalDay
2022-09-16,10023.0,-5944.0,147.0,100,385.56,445.0,0,0.0,0.0,,0.0,1,1.47,0.0,SPY220916C00430000,430.0,expirationDay
2022-09-19,10023.0,-5650.0,0.0,100,388.55,445.0,0,0.0,0.0,,0.0,1,2.12,2.17,SPY221118C00428000,428.0,normalDay
2022-09-20,10023.0,-6050.0,0.0,100,384.09,445.0,0,0.0,0.0,,0.0,1,2.12,1.71,SPY221118C00428000,428.0,normalDay
2022-09-21,10023.0,-6659.0,0.0,100,377.39,445.0,0,0.0,0.0,,0.0,1,2.12,1.1,SPY221118C00428000,428.0,normalDay
2022-09-22,10023.0,-6952.0,0.0,100,374.22,445.0,0,0.0,0.0,,0.0,1,2.12,0.86,SPY221118C00428000,428.0,normalDay
2022-09-23,10023.0,-7553.0,0.0,100,367.95,445.0,0,0.0,0.0,,0.0,1,2.12,0.6,SPY221118C00428000,428.0,normalDay
2022-09-26,10023.0,-7906.0,0.0,100,364.31,445.0,0,0.0,0.0,,0.0,1,2.12,0.49,SPY221118C00428000,428.0,normalDay
2022-09-27,10023.0,-7992.0,0.0,100,363.38,445.0,0,0.0,0.0,,0.0,1,2.12,0.42,SPY221118C00428000,428.0,normalDay
2022-09-28,10023.0,-7297.0,0.0,100,370.53,445.0,0,0.0,0.0,,0.0,1,2.12,0.62,SPY221118C00428000,428.0,normalDay
2022-09-29,10023.0,-8043.0,0.0,100,362.79,445.0,0,0.0,0.0,,0.0,1,2.12,0.34,SPY221118C00428000,428.0,normalDay
2022-09-30,10023.0,-8593.0,0.0,100,357.18,445.0,0,0.0,0.0,,0.0,1,2.12,0.23,SPY221118C00428000,428.0,normalDay
2022-10-03,10023.0,-7664.0,0.0,100,366.61,445.0,0,0.0,0.0,,0.0,1,2.12,0.37,SPY221118C00428000,428.0,normalDay
2022-10-04,10023.0,-6570.0,0.0,100,377.97,445.0,0,0.0,0.0,,0.0,1,2.12,0.79,SPY221118C00428000,428.0,normalDay
2022-10-05,10023.0,-6643.0,0.0,100,377.09,445.0,0,0.0,0.0,,0.0,1,2.12,0.64,SPY221118C00428000,428.0,normalDay
2022-10-06,10023.0,-7018.0,0.0,100,373.2,445.0,0,0.0,0.0,,0.0,1,2.12,0.5,SPY221118C00428000,428.0,normalDay
2022-10-07,10023.0,-8032.0,0.0,100,362.79,445.0,0,0.0,0.0,,0.0,1,2.12,0.23,SPY221118C00428000,428.0,normalDay
2022-10-10,10023.0,-8309.0,0.0,100,360.02,445.0,0,0.0,0.0,,0.0,1,2.12,0.23,SPY221118C00428000,428.0,normalDay
2022-10-11,10023.0,-8536.0,0.0,100,357.74,445.0,0,0.0,0.0,,0.0,1,2.12,0.22,SPY221118C00428000,428.0,normalDay
2022-10-12,10023.0,-8652.0,0.0,100,356.56,445.0,0,0.0,0.0,,0.0,1,2.12,0.2,SPY221118C00428000,428.0,normalDay
2022-10-13,10023.0,-7728.0,0.0,100,365.97,445.0,0,0.0,0.0,,0.0,1,2.12,0.37,SPY221118C00428000,428.0,normalDay
2022-10-14,10023.0,-8544.0,0.0,100,357.63,445.0,0,0.0,0.0,,0.0,1,2.12,0.19,SPY221118C00428000,428.0,normalDay
2022-10-17,10023.0,-7634.0,0.0,100,366.82,445.0,0,0.0,0.0,,0.0,1,2.12,0.28,SPY221118C00428000,428.0,normalDay
2022-10-18,10023.0,-7213.0,0.0,100,371.13,445.0,0,0.0,0.0,,0.0,1,2.12,0.38,SPY221118C00428000,428.0,normalDay
2022-10-19,10023.0,-7466.0,0.0,100,368.5,445.0,0,0.0,0.0,,0.0,1,2.12,0.28,SPY221118C00428000,428.0,normalDay
2022-10-20,10023.0,-7764.0,0.0,100,365.41,445.0,0,0.0,0.0,,0.0,1,2.12,0.17,SPY221118C00428000,428.0,normalDay
2022-10-21,10023.0,-6897.0,0.0,100,374.29,445.0,0,0.0,0.0,,0.0,1,2.12,0.38,SPY221118C00428000,428.0,normalDay
2022-10-24,10023.0,-6450.0,0.0,100,378.87,445.0,0,0.0,0.0,,0.0,1,2.12,0.49,SPY221118C00428000,428.0,normalDay
2022-10-25,10023.0,-5848.0,0.0,100,384.92,445.0,0,0.0,0.0,,0.0,1,2.12,0.52,SPY221118C00428000,428.0,normalDay
2022-10-26,10023.0,-6121.0,0.0,100,382.02,445.0,0,0.0,0.0,,0.0,1,2.12,0.35,SPY221118C00428000,428.0,normalDay
2022-10-27,10023.0,-6308.0,0.0,100,379.98,445.0,0,0.0,0.0,,0.0,1,2.12,0.18,SPY221118C00428000,428.0,normalDay
2022-10-28,10023.0,-5432.0,0.0,100,389.02,445.0,0,0.0,0.0,,0.0,1,2.12,0.46,SPY221118C00428000,428.0,normalDay
2022-10-31,10023.0,-5694.0,0.0,100,386.21,445.0,0,0.0,0.0,,0.0,1,2.12,0.27,SPY221118C00428000,428.0,normalDay
2022-11-01,10023.0,-5856.0,0.0,100,384.52,445.0,0,0.0,0.0,,0.0,1,2.12,0.2,SPY221118C00428000,428.0,normalDay
2022-11-02,10023.0,-6807.0,0.0,100,374.87,445.0,0,0.0,0.0,,0.0,1,2.12,0.06,SPY221118C00428000,428.0,normalDay
2022-11-03,10023.0,-7192.0,0.0,100,371.01,445.0,0,0.0,0.0,,0.0,1,2.12,0.05,SPY221118C00428000,428.0,normalDay
2022-11-04,10023.0,-6657.0,0.0,100,376.35,445.0,0,0.0,0.0,,0.0,1,2.12,0.04,SPY221118C00428000,428.0,normalDay
2022-11-07,10023.0,-6297.0,0.0,100,379.95,445.0,0,0.0,0.0,,0.0,1,2.12,0.04,SPY221118C00428000,428.0,normalDay
2022-11-08,10023.0,-6091.0,0.0,100,382.0,445.0,0,0.0,0.0,,0.0,1,2.12,0.03,SPY221118C00428000,428.0,normalDay
2022-11-09,10023.0,-6877.0,0.0,100,374.13,445.0,0,0.0,0.0,,0.0,1,2.12,0.02,SPY221118C00428000,428.0,normalDay
2022-11-10,10023.0,-4827.0,0.0,100,394.69,445.0,0,0.0,0.0,,0.0,1,2.12,0.08,SPY221118C00428000,428.0,normalDay
2022-11-11,10023.0,-4443.0,0.0,100,398.51,445.0,0,0.0,0.0,,0.0,1,2.12,0.06,SPY221118C00428000,428.0,normalDay
2022-11-14,10023.0,-4778.0,0.0,100,395.12,445.0,0,0.0,0.0,,0.0,1,2.12,0.02,SPY221118C00428000,428.0,normalDay
2022-11-15,10023.0,-4441.0,0.0,100,398.49,445.0,0,0.0,0.0,,0.0,1,2.12,0.02,SPY221118C00428000,428.0,normalDay
2022-11-16,10023.0,-4744.0,0.0,100,395.45,445.0,0,0.0,0.0,,0.0,1,2.12,0.01,SPY221118C00428000,428.0,normalDay
2022-11-17,10023.0,-4865.0,0.0,100,394.24,445.0,0,0.0,0.0,,0.0,1,2.12,0.01,SPY221118C00428000,428.0,normalDay
2022-11-18,10235.0,-4897.0,212.0,100,396.03,445.0,0,0.0,0.0,,0.0,1,2.12,0.0,SPY221118C00428000,428.0,expirationDay
2022-11-21,10235.0,-5053.0,0.0,100,394.59,445.0,0,0.0,0.0,,0.0,1,6.38,6.5,SPY230120C00411000,411.0,normalDay
2022-11-22,10235.0,-4667.0,0.0,100,399.9,445.0,0,0.0,0.0,,0.0,1,6.38,7.95,SPY230120C00411000,411.0,normalDay
2022-11-23,10235.0,-4478.0,0.0,100,402.42,445.0,0,0.0,0.0,,0.0,1,6.38,8.58,SPY230120C00411000,411.0,normalDay
2022-11-25,10235.0,-4460.0,0.0,100,402.33,445.0,0,0.0,0.0,,0.0,1,6.38,8.31,SPY230120C00411000,411.0,normalDay
2022-11-28,10235.0,-4872.0,0.0,100,395.91,445.0,0,0.0,0.0,,0.0,1,6.38,6.01,SPY230120C00411000,411.0,normalDay
2022-11-29,10235.0,-4885.0,0.0,100,395.23,445.0,0,0.0,0.0,,0.0,1,6.38,5.46,SPY230120C00411000,411.0,normalDay
2022-11-30,10235.0,-4148.0,0.0,100,407.68,445.0,0,0.0,0.0,,0.0,1,6.38,10.54,SPY230120C00411000,411.0,normalDay
2022-12-01,10235.0,-4102.0,0.0,100,407.38,445.0,0,0.0,0.0,,0.0,1,6.38,9.78,SPY230120C00411000,411.0,normalDay
2022-12-02,10235.0,-4071.0,0.0,100,406.91,445.0,0,0.0,0.0,,0.0,1,6.38,9.0,SPY230120C00411000,411.0,normalDay
2022-12-05,10235.0,-4505.0,0.0,100,399.59,445.0,0,0.0,0.0,,0.0,1,6.38,6.02,SPY230120C00411000,411.0,normalDay
2022-12-06,10235.0,-4918.0,0.0,100,393.83,445.0,0,0.0,0.0,,0.0,1,6.38,4.39,SPY230120C00411000,411.0,normalDay
2022-12-07,10235.0,-4967.0,0.0,100,393.16,445.0,0,0.0,0.0,,0.0,1,6.38,4.21,SPY230120C00411000,411.0,normalDay
2022-12-08,10235.0,-4723.0,0.0,100,396.24,445.0,0,0.0,0.0,,0.0,1,6.38,4.85,SPY230120C00411000,411.0,normalDay
2022-12-09,10235.0,-4933.0,0.0,100,393.28,445.0,0,0.0,0.0,,0.0,1,6.38,3.99,SPY230120C00411000,411.0,normalDay
2022-12-12,10235.0,-4568.0,0.0,100,398.95,445.0,0,0.0,0.0,,0.0,1,6.38,6.01,SPY230120C00411000,411.0,normalDay
2022-12-13,10235.0,-4301.0,0.0,100,401.97,445.0,0,0.0,0.0,,0.0,1,6.38,6.36,SPY230120C00411000,411.0,normalDay
2022-12-14,10235.0,-4402.0,0.0,100,399.4,445.0,0,0.0,0.0,,0.0,1,6.38,4.8,SPY230120C00411000,411.0,normalDay
2022-12-15,10235.0,-5102.0,0.0,100,389.63,445.0,0,0.0,0.0,,0.0,1,6.38,2.03,SPY230120C00411000,411.0,normalDay
2022-12-16,10235.0,-5653.0,0.0,100,383.27,445.0,0,0.0,0.0,,0.0,1,6.38,1.18,SPY230120C00411000,411.0,normalDay
2022-12-19,10235.0,-5937.0,0.0,100,380.02,445.0,0,0.0,0.0,,0.0,1,6.38,0.77,SPY230120C00411000,411.0,normalDay
2022-12-20,10235.0,-5879.0,0.0,100,380.54,445.0,0,0.0,0.0,,0.0,1,6.38,0.71,SPY230120C00411000,411.0,normalDay
2022-12-21,10235.0,-5346.0,0.0,100,386.23,445.0,0,0.0,0.0,,0.0,1,6.38,1.07,SPY230120C00411000,411.0,normalDay
2022-12-22,10235.0,-5858.0,0.0,100,380.72,445.0,0,0.0,0.0,,0.0,1,6.38,0.68,SPY230120C00411000,411.0,normalDay
2022-12-23,10235.0,-5635.0,0.0,100,382.91,445.0,0,0.0,0.0,,0.0,1,6.38,0.64,SPY230120C00411000,411.0,normalDay
2022-12-27,10235.0,-5774.0,0.0,100,381.4,445.0,0,0.0,0.0,,0.0,1,6.38,0.52,SPY230120C00411000,411.0,normalDay
2022-12-28,10235.0,-6226.0,0.0,100,376.66,445.0,0,0.0,0.0,,0.0,1,6.38,0.3,SPY230120C00411000,411.0,normalDay
2022-12-29,10235.0,-5566.0,0.0,100,383.44,445.0,0,0.0,0.0,,0.0,1,6.38,0.48,SPY230120C00411000,411.0,normalDay
2022-12-30,10235.0,-5656.0,0.0,100,382.43,445.0,0,0.0,0.0,,0.0,1,6.38,0.37,SPY230120C00411000,411.0,normalDay
2023-01-03,10235.0,-5801.0,0.0,100,380.82,445.0,0,0.0,0.0,,0.0,1,6.38,0.21,SPY230120C00411000,411.0,normalDay
2023-01-04,10235.0,-5513.0,0.0,100,383.76,445.0,0,0.0,0.0,,0.0,1,6.38,0.27,SPY230120C00411000,411.0,normalDay
2023-01-05,10235.0,-5938.0,0.0,100,379.38,445.0,0,0.0,0.0,,0.0,1,6.38,0.14,SPY230120C00411000,411.0,normalDay
2023-01-06,10235.0,-5083.0,0.0,100,388.08,445.0,0,0.0,0.0,,0.0,1,6.38,0.29,SPY230120C00411000,411.0,normalDay
2023-01-09,10235.0,-5104.0,0.0,100,387.86,445.0,0,0.0,0.0,,0.0,1,6.38,0.28,SPY230120C00411000,411.0,normalDay
2023-01-10,10235.0,-4833.0,0.0,100,390.58,445.0,0,0.0,0.0,,0.0,1,6.38,0.29,SPY230120C00411000,411.0,normalDay
2023-01-11,10235.0,-4385.0,0.0,100,395.52,445.0,0,0.0,0.0,,0.0,1,6.38,0.75,SPY230120C00411000,411.0,normalDay
2023-01-12,10235.0,-4189.0,0.0,100,396.96,445.0,0,0.0,0.0,,0.0,1,6.38,0.23,SPY230120C00411000,411.0,normalDay
2023-01-13,10235.0,-4023.0,0.0,100,398.5,445.0,0,0.0,0.0,,0.0,1,6.38,0.11,SPY230120C00411000,411.0,normalDay
2023-01-17,10235.0,-4090.0,0.0,100,397.77,445.0,0,0.0,0.0,,0.0,1,6.38,0.05,SPY230120C00411000,411.0,normalDay
2023-01-18,10235.0,-4715.0,0.0,100,391.49,445.0,0,0.0,0.0,,0.0,1,6.38,0.02,SPY230120C00411000,411.0,normalDay
2023-01-19,10235.0,-4999.0,0.0,100,388.64,445.0,0,0.0,0.0,,0.0,1,6.38,0.01,SPY230120C00411000,411.0,normalDay
2023-01-20,10873.0,-4912.0,638.0,100,395.88,445.0,0,0.0,0.0,,0.0,1,6.38,0.0,SPY230120C00411000,411.0,expirationDay
2023-01-23,10873.0,-4444.0,0.0,100,400.63,445.0,0,0.0,0.0,,0.0,1,9.37,9.44,SPY230331C00408000,408.0,normalDay
2023-01-24,10873.0,-4490.0,0.0,100,400.2,445.0,0,0.0,0.0,,0.0,1,9.37,9.47,SPY230331C00408000,408.0,normalDay
2023-01-25,10873.0,-4411.0,0.0,100,400.35,445.0,0,0.0,0.0,,0.0,1,9.37,8.83,SPY230331C00408000,408.0,normalDay
2023-01-26,10873.0,-4165.0,0.0,100,404.75,445.0,0,0.0,0.0,,0.0,1,9.37,10.77,SPY230331C00408000,408.0,normalDay
2023-01-27,10873.0,-4111.0,0.0,100,405.68,445.0,0,0.0,0.0,,0.0,1,9.37,11.16,SPY230331C00408000,408.0,normalDay
2023-01-30,10873.0,-4411.0,0.0,100,400.59,445.0,0,0.0,0.0,,0.0,1,9.37,9.07,SPY230331C00408000,408.0,normalDay
2023-01-31,10873.0,-4053.0,0.0,100,406.48,445.0,0,0.0,0.0,,0.0,1,9.37,11.38,SPY230331C00408000,408.0,normalDay
2023-02-01,10873.0,-3919.0,0.0,100,410.8,445.0,0,0.0,0.0,,0.0,1,9.37,14.36,SPY230331C00408000,408.0,normalDay
2023-02-02,10873.0,-3594.0,0.0,100,416.78,445.0,0,0.0,0.0,,0.0,1,9.37,17.09,SPY230331C00408000,408.0,normalDay
2023-02-03,10873.0,-3800.0,0.0,100,412.35,445.0,0,0.0,0.0,,0.0,1,9.37,14.72,SPY230331C00408000,408.0,normalDay
2023-02-06,10873.0,-3892.0,0.0,100,409.83,445.0,0,0.0,0.0,,0.0,1,9.37,13.12,SPY230331C00408000,408.0,normalDay
2023-02-07,10873.0,-3636.0,0.0,100,415.19,445.0,0,0.0,0.0,,0.0,1,9.37,15.92,SPY230331C00408000,408.0,normalDay
2023-02-08,10873.0,-3879.0,0.0,100,410.65,445.0,0,0.0,0.0,,0.0,1,9.37,13.81,SPY230331C00408000,408.0,normalDay
2023-02-09,10873.0,-4035.0,0.0,100,407.09,445.0,0,0.0,0.0,,0.0,1,9.37,11.81,SPY230331C00408000,408.0,normalDay
2023-02-10,10873.0,-3958.0,0.0,100,408.04,445.0,0,0.0,0.0,,0.0,1,9.37,11.99,SPY230331C00408000,408.0,normalDay
2023-02-13,10873.0,-3739.0,0.0,100,412.83,445.0,0,0.0,0.0,,0.0,1,9.37,14.59,SPY230331C00408000,408.0,normalDay
2023-02-14,10873.0,-3636.0,0.0,100,412.64,445.0,0,0.0,0.0,,0.0,1,9.37,13.37,SPY230331C00408000,408.0,normalDay
2023-02-15,10873.0,-3596.0,0.0,100,413.98,445.0,0,0.0,0.0,,0.0,1,9.37,14.31,SPY230331C00408000,408.0,normalDay
2023-02-16,10873.0,-3802.0,0.0,100,408.28,445.0,0,0.0,0.0,,0.0,1,9.37,10.67,SPY230331C00408000,408.0,normalDay
2023-02-17,10873.0,-3825.0,0.0,100,407.26,445.0,0,0.0,0.0,,0.0,1,9.37,9.88,SPY230331C00408000,408.0,normalDay
2023-02-21,10873.0,-4280.0,0.0,100,399.09,445.0,0,0.0,0.0,,0.0,1,9.37,6.26,SPY230331C00408000,408.0,normalDay
2023-02-22,10873.0,-4265.0,0.0,100,398.54,445.0,0,0.0,0.0,,0.0,1,9.37,5.56,SPY230331C00408000,408.0,normalDay
2023-02-23,10873.0,-4074.0,0.0,100,400.66,445.0,0,0.0,0.0,,0.0,1,9.37,5.77,SPY230331C00408000,408.0,normalDay
2023-02-24,10873.0,-4342.0,0.0,100,396.38,445.0,0,0.0,0.0,,0.0,1,9.37,4.17,SPY230331C00408000,408.0,normalDay
2023-02-27,10873.0,-4216.0,0.0,100,397.73,445.0,0,0.0,0.0,,0.0,1,9.37,4.26,SPY230331C00408000,408.0,normalDay
2023-02-28,10873.0,-4275.0,0.0,100,396.26,445.0,0,0.0,0.0,,0.0,1,9.37,3.38,SPY230331C00408000,408.0,normalDay
2023-03-01,10873.0,-4389.0,0.0,100,394.74,445.0,0,0.0,0.0,,0.0,1,9.37,3.0,SPY230331C00408000,408.0,normalDay
2023-03-02,10873.0,-4142.0,0.0,100,397.81,445.0,0,0.0,0.0,,0.0,1,9.37,3.6,SPY230331C00408000,408.0,normalDay
2023-03-03,10873.0,-3721.0,0.0,100,404.19,445.0,0,0.0,0.0,,0.0,1,9.37,5.77,SPY230331C00408000,408.0,normalDay
2023-03-06,10873.0,-3677.0,0.0,100,404.47,445.0,0,0.0,0.0,,0.0,1,9.37,5.61,SPY230331C00408000,408.0,normalDay
2023-03-07,10873.0,-4066.0,0.0,100,398.27,445.0,0,0.0,0.0,,0.0,1,9.37,3.3,SPY230331C00408000,408.0,normalDay
2023-03-08,10873.0,-3987.0,0.0,100,398.92,445.0,0,0.0,0.0,,0.0,1,9.37,3.16,SPY230331C00408000,408.0,normalDay
2023-03-09,10873.0,-4578.0,0.0,100,391.56,445.0,0,0.0,0.0,,0.0,1,9.37,1.71,SPY230331C00408000,408.0,normalDay
2023-03-10,10873.0,-5051.0,0.0,100,385.91,445.0,0,0.0,0.0,,0.0,1,9.37,0.79,SPY230331C00408000,408.0,normalDay
2023-03-13,10873.0,-5116.0,0.0,100,385.36,445.0,0,0.0,0.0,,0.0,1,9.37,0.89,SPY230331C00408000,408.0,normalDay
2023-03-14,10873.0,-4492.0,0.0,100,391.73,445.0,0,0.0,0.0,,0.0,1,9.37,1.02,SPY230331C00408000,408.0,normalDay
2023-03-15,10873.0,-4711.0,0.0,100,389.28,445.0,0,0.0,0.0,,0.0,1,9.37,0.76,SPY230331C00408000,408.0,normalDay
2023-03-16,10873.0,-4097.0,0.0,100,396.11,445.0,0,0.0,0.0,,0.0,1,9.37,1.45,SPY230331C00408000,408.0,normalDay
2023-03-17,10873.0,-4654.0,0.0,100,389.99,445.0,0,0.0,0.0,,0.0,1,9.37,0.9,SPY230331C00408000,408.0,normalDay
2023-03-20,10873.0,-4286.0,0.0,100,393.74,445.0,0,0.0,0.0,,0.0,1,9.37,0.97,SPY230331C00408000,408.0,normalDay
2023-03-21,10873.0,-3852.0,0.0,100,398.91,445.0,0,0.0,0.0,,0.0,1,9.37,1.8,SPY230331C00408000,408.0,normalDay
2023-03-22,10873.0,-4394.0,0.0,100,392.11,445.0,0,0.0,0.0,,0.0,1,9.37,0.42,SPY230331C00408000,408.0,normalDay
2023-03-23,10873.0,-4276.0,0.0,100,393.17,445.0,0,0.0,0.0,,0.0,1,9.37,0.3,SPY230331C00408000,408.0,normalDay
2023-03-24,10873.0,-4016.0,0.0,100,395.75,445.0,0,0.0,0.0,,0.0,1,9.37,0.28,SPY230331C00408000,408.0,normalDay
2023-03-27,10873.0,-3931.0,0.0,100,396.49,445.0,0,0.0,0.0,,0.0,1,9.37,0.17,SPY230331C00408000,408.0,normalDay
2023-03-28,10873.0,-4011.0,0.0,100,395.6,445.0,0,0.0,0.0,,0.0,1,9.37,0.08,SPY230331C00408000,408.0,normalDay
2023-03-29,10873.0,-3445.0,0.0,100,401.35,445.0,0,0.0,0.0,,0.0,1,9.37,0.17,SPY230331C00408000,408.0,normalDay
2023-03-30,10873.0,-3207.0,0.0,100,403.7,445.0,0,0.0,0.0,,0.0,1,9.37,0.14,SPY230331C00408000,408.0,normalDay
2023-03-31,8110.0,-3207.0,-2763.0,0,409.39,0.0,0,0.0,0.0,,0.0,1,9.37,0.0,SPY230331C00408000,408.0,expirationDay
2023-04-03,8110.0,0.0,0.0,0,410.95,0.0,0,0.0,0.0,,0.0,0,0.0,0.0,,0.0,bidTooLow
2023-04-04,8110.0,0.0,0.0,0,408.67,0.0,0,0.0,0.0,,0.0,0,0.0,0.0,,0.0,bidTooLow
2023-04-05,8110.0,0.0,0.0,0,407.6,0.0,0,0.0,0.0,,0.0,0,0.0,0.0,,0.0,bidTooLow
2023-04-06,8110.0,0.0,0.0,0,409.19,0.0,0,0.0,0.0,,0.0,0,0.0,0.0,,0.0,bidTooLow
2023-04-10,8110.0,0.0,0.0,0,409.61,0.0,0,0.0,0.0,,0.0,0,0.0,0.0,,0.0,bidTooLow
2023-04-11,8110.0,0.0,0.0,0,409.72,0.0,0,0.0,0.0,,0.0,0,0.0,0.0,,0.0,bidTooLow
2023-04-12,8110.0,0.0,0.0,0,408.05,0.0,0,0.0,0.0,,0.0,0,0.0,0.0,,0.0,bidTooLow
2023-04-13,8110.0,0.0,0.0,0,413.47,0.0,0,0.0,0.0,,0.0,0,0.0,0.0,,0.0,bidTooLow
2023-04-14,8110.0,0.0,0.0,0,412.46,0.0,0,0.0,0.0,,0.0,0,0.0,0.0,,0.0,bidTooLow
2023-04-17,8110.0,0.0,0.0,0,413.94,0.0,0,0.0,0.0,,0.0,0,0.0,0.0,,0.0,bidTooLow
2023-04-18,8110.0,-3.0,0.0,0,414.21,0.0,1,0.01,0.04,SPY230421P00379000,379.0,0,0.0,0.0,,0.0,normalDay
2023-04-19,8110.0,-2.0,0.0,0,414.14,0.0,1,0.01,0.03,SPY230421P00379000,379.0,0,0.0,0.0,,0.0,normalDay
2023-04-20,8110.0,0.0,0.0,0,411.88,0.0,1,0.01,0.01,SPY230421P00379000,379.0,0,0.0,0.0,,0.0,normalDay
2023-04-21,8111.0,0.0,1.0,0,412.2,0.0,1,0.01,0.0,SPY230421P00379000,379.0,0,0.0,0.0,,0.0,expirationDay
2023-04-24,8111.0,0.0,0.0,0,412.63,0.0,0,0.0,0.0,,0.0,0,0.0,0.0,,0.0,bidTooLow
2023-04-25,8111.0,-3.0,0.0,0,406.08,0.0,1,0.09,0.12,SPY230428P00392500,392.5,0,0.0,0.0,,0.0,normalDay
2023-04-26,8111.0,0.0,0.0,0,404.36,0.0,1,0.09,0.09,SPY230428P00392500,392.5,0,0.0,0.0,,0.0,normalDay
2023-04-27,8111.0,7.0,0.0,0,412.41,0.0,1,0.09,0.02,SPY230428P00392500,392.5,0,0.0,0.0,,0.0,normalDay
2023-04-28,8120.0,0.0,9.0,0,415.93,0.0,1,0.09,0.0,SPY230428P00392500,392.5,0,0.0,0.0,,0.0,expirationDay
2023-05-01,8120.0,-3.0,0.0,0,415.51,0.0,1,0.05,0.08,SPY230504P00400000,400.0,0,0.0,0.0,,0.0,normalDay
2023-05-02,8120.0,-15.0,0.0,0,410.84,0.0,1,0.05,0.2,SPY230504P00400000,400.0,0,0.0,0.0,,0.0,normalDay
2023-05-03,8120.0,-10.0,0.0,0,408.02,0.0,1,0.05,0.15,SPY230504P00400000,400.0,0,0.0,0.0,,0.0,normalDay
2023-05-04,8125.0,0.0,5.0,0,405.13,0.0,1,0.05,0.0,SPY230504P00400000,400.0,0,0.0,0.0,,0.0,expirationDay
2023-05-05,8125.0,-3.0,0.0,0,412.63,0.0,1,0.02,0.05,SPY230508P00399000,399.0,0,0.0,0.0,,0.0,normalDay
2023-05-08,8127.0,0.0,2.0,0,412.74,0.0,1,0.02,0.0,SPY230508P00399000,399.0,0,0.0,0.0,,0.0,expirationDay
2023-05-09,8127.0,-3.0,0.0,0,410.93,0.0,1,0.16,0.19,SPY230512P00399000,399.0,0,0.0,0.0,,0.0,normalDay
2023-05-10,8127.0,9.0,0.0,0,412.85,0.0,1,0.16,0.07,SPY230512P00399000,399.0,0,0.0,0.0,,0.0,normalDay
2023-05-11,8127.0,13.0,0.0,0,412.13,0.0,1,0.16,0.03,SPY230512P00399000,399.0,0,0.0,0.0,,0.0,normalDay
2023-05-12,8143.0,0.0,16.0,0,411.59,0.0,1,0.16,0.0,SPY230512P00399000,399.0,0,0.0,0.0,,0.0,expirationDay
2023-05-15,8143.0,-3.0,0.0,0,413.01,0.0,1,0.1,0.13,SPY230518P00400000,400.0,0,0.0,0.0,,0.0,normalDay
2023-05-16,8143.0,-6.0,0.0,0,410.25,0.0,1,0.1,0.16,SPY230518P00400000,400.0,0,0.0,0.0,,0.0,normalDay
2023-05-17,8143.0,6.0,0.0,0,415.23,0.0,1,0.1,0.04,SPY230518P00400000,400.0,0,0.0,0.0,,0.0,normalDay
2023-05-18,8153.0,0.0,10.0,0,419.23,0.0,1,0.1,0.0,SPY230518P00400000,400.0,0,0.0,0.0,,0.0,expirationDay
2023-05-19,8153.0,0.0,0.0,0,418.62,0.0,0,0.0,0.0,,0.0,0,0.0,0.0,,0.0,bidTooLow
2023-05-22,8153.0,-3.0,0.0,0,418.79,0.0,1,0.01,0.04,SPY230525P00397000,397.0,0,0.0,0.0,,0.0,normalDay
2023-05-23,8153.0,-4.0,0.0,0,414.09,0.0,1,0.01,0.05,SPY230525P00397000,397.0,0,0.0,0.0,,0.0,normalDay
2023-05-24,8153.0,-4.0,0.0,0,411.09,0.0,1,0.01,0.05,SPY230525P00397000,397.0,0,0.0,0.0,,0.0,normalDay
2023-05-25,8154.0,0.0,1.0,0,414.65,0.0,1,0.01,0.0,SPY230525P00397000,397.0,0,0.0,0.0,,0.0,expirationDay
2023-05-26,8154.0,0.0,0.0,0,420.02,0.0,0,0.0,0.0,,0.0,0,0.0,0.0,,0.0,bidTooLow
2023-05-30,8154.0,-3.0,0.0,0,420.18,0.0,1,0.06,0.09,SPY230602P00399000,399.0,0,0.0,0.0,,0.0,normalDay
2023-05-31,8154.0,-1.0,0.0,0,417.85,0.0,1,0.06,0.07,SPY230602P00399000,399.0,0,0.0,0.0,,0.0,normalDay
2023-06-01,8154.0,3.0,0.0,0,421.82,0.0,1,0.06,0.03,SPY230602P00399000,399.0,0,0.0,0.0,,0.0,normalDay
2023-06-02,8160.0,0.0,6.0,0,427.92,0.0,1,0.06,0.0,SPY230602P00399000,399.0,0,0.0,0.0,,0.0,expirationDay
2023-06-05,8160.0,0.0,0.0,0,427.1,0.0,0,0.0,0.0,,0.0,0,0.0,0.0,,0.0,bidTooLow
2023-06-06,8160.0,0.0,0.0,0,428.03,0.0,0,0.0,0.0,,0.0,0,0.0,0.0,,0.0,bidTooLow
2023-06-07,8160.0,0.0,0.0,0,426.55,0.0,0,0.0,0.0,,0.0,0,0.0,0.0,,0.0,bidTooLow
2023-06-08,8160.0,0.0,0.0,0,429.13,0.0,0,0.0,0.0,,0.0,0,0.0,0.0,,0.0,bidTooLow
2023-06-09,8160.0,0.0,0.0,0,429.9,0.0,0,0.0,0.0,,0.0,0,0.0,0.0,,0.0,bidTooLow
2023-06-12,8160.0,-3.0,0.0,0,433.8,0.0,1,0.03,0.06,SPY230615P00396000,396.0,0,0.0,0.0,,0.0,normalDay
2023-06-13,8160.0,-1.0,0.0,0,436.66,0.0,1,0.03,0.04,SPY230615P00396000,396.0,0,0.0,0.0,,0.0,normalDay
2023-06-14,8160.0,1.0,0.0,0,437.18,0.0,1,0.03,0.02,SPY230615P00396000,396.0,0,0.0,0.0,,0.0,normalDay
2023-06-15,8163.0,0.0,3.0,0,442.6,0.0,1,0.03,0.0,SPY230615P00396000,396.0,0,0.0,0.0,,0.0,expirationDay
2023-06-16,8163.0,0.0,0.0,0,439.46,0.0,0,0.0,0.0,,0.0,0,0.0,0.0,,0.0,bidTooLow
2023-06-20,8163.0,0.0,0.0,0,437.18,0.0,0,0.0,0.0,,0.0,0,0.0,0.0,,0.0,bidTooLow
2023-06-21,8163.0,0.0,0.0,0,434.94,0.0,0,0.0,0.0,,0.0,0,0.0,0.0,,0.0,bidTooLow
2023-06-22,8163.0,0.0,0.0,0,436.51,0.0,0,0.0,0.0,,0.0,0,0.0,0.0,,0.0,bidTooLow
2023-06-23,8163.0,0.0,0.0,0,433.21,0.0,0,0.0,0.0,,0.0,0,0.0,0.0,,0.0,bidTooLow
2023-06-26,8163.0,-3.0,0.0,0,431.44,0.0,1,0.01,0.04,SPY230629P00406000,406.0,0,0.0,0.0,,0.0,normalDay
2023-06-27,8163.0,-2.0,0.0,0,436.17,0.0,1,0.01,0.03,SPY230629P00406000,406.0,0,0.0,0.0,,0.0,normalDay
2023-06-28,8163.0,-1.0,0.0,0,436.39,0.0,1,0.01,0.02,SPY230629P00406000,406.0,0,0.0,0.0,,0.0,normalDay
2023-06-29,8164.0,0.0,1.0,0,438.11,0.0,1,0.01,0.0,SPY230629P00406000,406.0,0,0.0,0.0,,0.0,expirationDay
2023-06-30,8164.0,0.0,0.0,0,443.28,0.0,0,0.0,0.0,,0.0,0,0.0,0.0,,0.0,bidTooLow
2023-07-03,8164.0,0.0,0.0,0,443.79,0.0,0,0.0,0.0,,0.0,0,0.0,0.0,,0.0,bidTooLow
2023-07-05,8164.0,-3.0,0.0,0,443.13,0.0,1,0.01,0.04,SPY230707P00417500,417.5,0,0.0,0.0,,0.0,normalDay
2023-07-06,8164.0,-2.0,0.0,0,439.66,0.0,1,0.01,0.03,SPY230707P00417500,417.5,0,0.0,0.0,,0.0,normalDay
2023-07-07,8165.0,0.0,1.0,0,438.55,0.0,1,0.01,0.0,SPY230707P00417500,417.5,0,0.0,0.0,,0.0,expirationDay
2023-07-10,8165.0,-3.0,0.0,0,439.66,0.0,1,0.02,0.05,SPY230713P00424000,424.0,0,0.0,0.0,,0.0,normalDay
2023-07-11,8165.0,-3.0,0.0,0,442.46,0.0,1,0.02,0.05,SPY230713P00424000,424.0,0,0.0,0.0,,0.0,normalDay
2023-07-12,8165.0,0.0,0.0,0,446.02,0.0,1,0.02,0.02,SPY230713P00424000,424.0,0,0.0,0.0,,0.0,normalDay
2023-07-13,8167.0,0.0,2.0,0,449.56,0.0,1,0.02,0.0,SPY230713P00424000,424.0,0,0.0,0.0,,0.0,expirationDay
2023-07-14,8167.0,0.0,0.0,0,449.28,0.0,0,0.0,0.0,,0.0,0,0.0,0.0,,0.0,bidTooLow
2023-07-17,8167.0,-3.0,0.0,0,450.84,0.0,1,0.01,0.04,SPY230720P00421000,421.0,0,0.0,0.0,,0.0,normalDay
2023-07-18,8167.0,-2.0,0.0,0,454.19,0.0,1,0.01,0.03,SPY230720P00421000,421.0,0,0.0,0.0,,0.0,normalDay
2023-07-19,8167.0,-1.0,0.0,0,455.2,0.0,1,0.01,0.02,SPY230720P00421000,421.0,0,0.0,0.0,,0.0,normalDay
2023-07-20,8168.0,0.0,1.0,0,452.18,0.0,1,0.01,0.0,SPY230720P00421000,421.0,0,0.0,0.0,,0.0,expirationDay
2023-07-21,8168.0,0.0,0.0,0,452.18,0.0,0,0.0,0.0,,0.0,0,0.0,0.0,,0.0,bidTooLow
2023-07-24,8168.0,0.0,0.0,0,454.2,0.0,0,0.0,0.0,,0.0,0,0.0,0.0,,0.0,bidTooLow
2023-07-25,8168.0,0.0,0.0,0,455.44,0.0,0,0.0,0.0,,0.0,0,0.0,0.0,,0.0,bidTooLow
2023-07-26,8168.0,0.0,0.0,0,455.51,0.0,0,0.0,0.0,,0.0,0,0.0,0.0,,0.0,bidTooLow
2023-07-27,8168.0,0.0,0.0,0,452.49,0.0,0,0.0,0.0,,0.0,0,0.0,0.0,,0.0,bidTooLow
2023-07-28,8168.0,0.0,0.0,0,456.92,0.0,0,0.0,0.0,,0.0,0,0.0,0.0,,0.0,bidTooLow
2023-07-31,8168.0,0.0,0.0,0,457.79,0.0,0,0.0,0.0,,0.0,0,0.0,0.0,,0.0,bidTooLow
2023-08-01,8168.0,-3.0,0.0,0,456.48,0.0,1,0.01,0.04,SPY230804P00427500,427.5,0,0.0,0.0,,0.0,normalDay
2023-08-02,8168.0,-5.0,0.0,0,450.13,0.0,1,0.01,0.06,SPY230804P00427500,427.5,0,0.0,0.0,,0.0,normalDay
2023-08-03,8168.0,-1.0,0.0,0,448.84,0.0,1,0.01,0.02,SPY230804P00427500,427.5,0,0.0,0.0,,0.0,normalDay
2023-08-04,8169.0,0.0,1.0,0,446.81,0.0,1,0.01,0.0,SPY230804P00427500,427.5,0,0.0,0.0,,0.0,expirationDay
2023-08-07,8169.0,-3.0,0.0,0,450.71,0.0,1,0.08,0.11,SPY230810P00437000,437.0,0,0.0,0.0,,0.0,normalDay
2023-08-08,8169.0,0.0,0.0,0,448.75,0.0,1,0.08,0.08,SPY230810P00437000,437.0,0,0.0,0.0,,0.0,normalDay
2023-08-09,8169.0,1.0,0.0,0,445.75,0.0,1,0.08,0.07,SPY230810P00437000,437.0,0,0.0,0.0,,0.0,normalDay
2023-08-10,8177.0,0.0,8.0,0,445.91,0.0,1,0.08,0.0,SPY230810P00437000,437.0,0,0.0,0.0,,0.0,expirationDay
2023-08-11,8177.0,-3.0,0.0,0,445.65,0.0,1,0.04,0.07,SPY230814P00438000,438.0,0,0.0,0.0,,0.0,normalDay
2023-08-14,8181.0,0.0,4.0,0,448.11,0.0,1,0.04,0.0,SPY230814P00438000,438.0,0,0.0,0.0,,0.0,expirationDay
2023-08-15,8181.0,-3.0,0.0,0,442.89,0.0,1,0.43,0.46,SPY230818P00435000,435.0,0,0.0,0.0,,0.0,normalDay
2023-08-16,8181.0,-16.0,0.0,0,439.64,0.0,1,0.43,0.59,SPY230818P00435000,435.0,0,0.0,0.0,,0.0,normalDay
2023-08-17,8181.0,-56.0,0.0,0,436.29,0.0,1,0.43,0.99,SPY230818P00435000,435.0,0,0.0,0.0,,0.0,normalDay
2023-08-18,8224.0,0.0,43.0,0,436.5,0.0,1,0.43,0.0,SPY230818P00435000,435.0,0,0.0,0.0,,0.0,expirationDay
2023-08-21,8224.0,-3.0,0.0,0,439.34,0.0,1,0.09,0.12,SPY230824P00424000,424.0,0,0.0,0.0,,0.0,normalDay
2023-08-22,8224.0,3.0,0.0,0,438.15,0.0,1,0.09,0.06,SPY230824P00424000,424.0,0,0.0,0.0,,0.0,normalDay
2023-08-23,8224.0,6.0,0.0,0,443.03,0.0,1,0.09,0.03,SPY230824P00424000,424.0,0,0.0,0.0,,0.0,normalDay
2023-08-24,8233.0,0.0,9.0,0,436.89,0.0,1,0.09,0.0,SPY230824P00424000,424.0,0,0.0,0.0,,0.0,expirationDay
2023-08-25,8233.0,0.0,0.0,0,439.97,0.0,0,0.0,0.0,,0.0,0,0.0,0.0,,0.0,bidTooLow
2023-08-28,8233.0,-3.0,0.0,0,442.76,0.0,1,0.01,0.04,SPY230831P00424000,424.0,0,0.0,0.0,,0.0,normalDay
2023-08-29,8233.0,-3.0,0.0,0,449.16,0.0,1,0.01,0.04,SPY230831P00424000,424.0,0,0.0,0.0,,0.0,normalDay
2023-08-30,8233.0,-1.0,0.0,0,451.01,0.0,1,0.01,0.02,SPY230831P00424000,424.0,0,0.0,0.0,,0.0,normalDay
2023-08-31,8234.0,0.0,1.0,0,450.35,0.0,1,0.01,0.0,SPY230831P00424000,424.0,0,0.0,0.0,,0.0,expirationDay
2023-09-01,8234.0,0.0,0.0,0,451.19,0.0,0,0.0,0.0,,0.0,0,0.0,0.0,,0.0,bidTooLow
2023-09-05,8234.0,0.0,0.0,0,449.24,0.0,0,0.0,0.0,,0.0,0,0.0,0.0,,0.0,bidTooLow
2023-09-06,8234.0,0.0,0.0,0,446.22,0.0,0,0.0,0.0,,0.0,0,0.0,0.0,,0.0,bidTooLow
2023-09-07,8234.0,0.0,0.0,0,444.85,0.0,0,0.0,0.0,,0.0,0,0.0,0.0,,0.0,bidTooLow
2023-09-08,8234.0,0.0,0.0,0,445.52,0.0,0,0.0,0.0,,0.0,0,0.0,0.0,,0.0,bidTooLow
2023-09-11,8234.0,-3.0,0.0,0,448.45,0.0,1,0.02,0.05,SPY230914P00425000,425.0,0,0.0,0.0,,0.0,normalDay
2023-09-12,8234.0,-2.0,0.0,0,445.99,0.0,1,0.02,0.04,SPY230914P00425000,425.0,0,0.0,0.0,,0.0,normalDay
2023-09-13,8234.0,0.0,0.0,0,446.51,0.0,1,0.02,0.02,SPY230914P00425000,425.0,0,0.0,0.0,,0.0,normalDay
2023-09-14,8236.0,0.0,2.0,0,450.36,0.0,1,0.02,0.0,SPY230914P00425000,425.0,0,0.0,0.0,,0.0,expirationDay
2023-09-15,8236.0,0.0,0.0,0,443.37,0.0,0,0.0,0.0,,0.0,0,0.0,0.0,,0.0,bidTooLow
2023-09-18,8236.0,-3.0,0.0,0,443.63,0.0,1,0.03,0.06,SPY230921P00430000,430.0,0,0.0,0.0,,0.0,normalDay
2023-09-19,8236.0,-3.0,0.0,0,442.71,0.0,1,0.03,0.06,SPY230921P00430000,430.0,0,0.0,0.0,,0.0,normalDay
2023-09-20,8236.0,-3.0,0.0,0,438.64,0.0,1,0.03,0.06,SPY230921P00430000,430.0,0,0.0,0.0,,0.0,normalDay
2023-09-21,8239.0,0.0,3.0,0,431.39,0.0,1,0.03,0.0,SPY230921P00430000,430.0,0,0.0,0.0,,0.0,expirationDay
2023-09-22,8239.0,-3.0,0.0,0,430.42,0.0,1,0.17,0.2,SPY230925P00423000,423.0,0,0.0,0.0,,0.0,normalDay
2023-09-25,8256.0,0.0,17.0,0,432.23,0.0,1,0.17,0.0,SPY230925P00423000,423.0,0,0.0,0.0,,0.0,expirationDay
2023-09-26,8256.0,-3.0,0.0,0,425.88,0.0,1,0.58,0.61,SPY230929P00416000,416.0,0,0.0,0.0,,0.0,normalDay
2023-09-27,8256.0,25.0,0.0,0,426.05,0.0,1,0.58,0.33,SPY230929P00416000,416.0,0,0.0,0.0,,0.0,normalDay
2023-09-28,8256.0,48.0,0.0,0,428.52,0.0,1,0.58,0.1,SPY230929P00416000,416.0,0,0.0,0.0,,0.0,normalDay
2023-09-29,8314.0,0.0,58.0,0,427.48,0.0,1,0.58,0.0,SPY230929P00416000,416.0,0,0.0,0.0,,0.0,expirationDay
2023-10-02,8314.0,-3.0,0.0,0,427.31,0.0,1,0.02,0.05,SPY231005P00407000,407.0,0,0.0,0.0,,0.0,normalDay
2023-10-03,8314.0,-7.0,0.0,0,421.59,0.0,1,0.02,0.09,SPY231005P00407000,407.0,0,0.0,0.0,,0.0,normalDay
2023-10-04,8314.0,-1.0,0.0,0,424.66,0.0,1,0.02,0.03,SPY231005P00407000,407.0,0,0.0,0.0,,0.0,normalDay
2023-10-05,8316.0,0.0,2.0,0,424.5,0.0,1,0.02,0.0,SPY231005P00407000,407.0,0,0.0,0.0,,0.0,expirationDay
2023-10-06,8316.0,0.0,0.0,0,429.54,0.0,0,0.0,0.0,,0.0,0,0.0,0.0,,0.0,bidTooLow
2023-10-09,8316.0,-3.0,0.0,0,432.29,0.0,1,0.04,0.07,SPY231012P00402000,402.0,0,0.0,0.0,,0.0,normalDay
2023-10-10,8316.0,-1.0,0.0,0,434.54,0.0,1,0.04,0.05,SPY231012P00402000,402.0,0,0.0,0.0,,0.0,normalDay
2023-10-11,8316.0,2.0,0.0,0,436.32,0.0,1,0.04,0.02,SPY231012P00402000,402.0,0,0.0,0.0,,0.0,normalDay
2023-10-12,8320.0,0.0,4.0,0,433.66,0.0,1,0.04,0.0,SPY231012P00402000,402.0,0,0.0,0.0,,0.0,expirationDay
2023-10-13,8320.0,-3.0,0.0,0,431.5,0.0,1,0.03,0.06,SPY231016P00410000,410.0,0,0.0,0.0,,0.0,normalDay
2023-10-16,8323.0,0.0,3.0,0,436.04,0.0,1,0.03,0.0,SPY231016P00410000,410.0,0,0.0,0.0,,0.0,expirationDay
2023-10-17,8323.0,-3.0,0.0,0,436.02,0.0,1,0.07,0.1,SPY231020P00414000,414.0,0,0.0,0.0,,0.0,normalDay
2023-10-18,8323.0,-2.0,0.0,0,430.21,0.0,1,0.07,0.09,SPY231020P00414000,414.0,0,0.0,0.0,,0.0,normalDay
2023-10-19,8323.0,-2.0,0.0,0,426.43,0.0,1,0.07,0.09,SPY231020P00414000,414.0,0,0.0,0.0,,0.0,normalDay
2023-10-20,8330.0,0.0,7.0,0,421.19,0.0,1,0.07,0.0,SPY231020P00414000,414.0,0,0.0,0.0,,0.0,expirationDay
2023-10-23,8330.0,-3.0,0.0,0,420.46,0.0,1,0.4,0.43,SPY231026P00411000,411.0,0,0.0,0.0,,0.0,normalDay
2023-10-24,8330.0,31.0,0.0,0,423.63,0.0,1,0.4,0.09,SPY231026P00411000,411.0,0,0.0,0.0,,0.0,normalDay
2023-10-25,8330.0,23.0,0.0,0,417.55,0.0,1,0.4,0.17,SPY231026P00411000,411.0,0,0.0,0.0,,0.0,normalDay
2023-10-26,8370.0,0.0,40.0,0,412.55,0.0,1,0.4,0.0,SPY231026P00411000,411.0,0,0.0,0.0,,0.0,expirationDay
2023-10-27,8370.0,-3.0,0.0,0,410.68,0.0,1,0.04,0.07,SPY231030P00399000,399.0,0,0.0,0.0,,0.0,normalDay
2023-10-30,8374.0,0.0,4.0,0,415.59,0.0,1,0.04,0.0,SPY231030P00399000,399.0,0,0.0,0.0,,0.0,expirationDay
2023-10-31,8374.0,-3.0,0.0,0,418.2,0.0,1,0.04,0.07,SPY231103P00396000,396.0,0,0.0,0.0,,0.0,normalDay
2023-11-01,8374.0,0.0,0.0,0,422.66,0.0,1,0.04,0.04,SPY231103P00396000,396.0,0,0.0,0.0,,0.0,normalDay
2023-11-02,8374.0,2.0,0.0,0,430.76,0.0,1,0.04,0.02,SPY231103P00396000,396.0,0,0.0,0.0,,0.0,normalDay
2023-11-03,8378.0,0.0,4.0,0,434.69,0.0,1,0.04,0.0,SPY231103P00396000,396.0,0,0.0,0.0,,0.0,expirationDay
2023-11-06,8378.0,0.0,0.0,0,435.69,0.0,0,0.0,0.0,,0.0,0,0.0,0.0,,0.0,bidTooLow
2023-11-07,8378.0,0.0,0.0,0,436.93,0.0,0,0.0,0.0,,0.0,0,0.0,0.0,,0.0,bidTooLow
2023-11-08,8378.0,0.0,0.0,0,437.25,0.0,0,0.0,0.0,,0.0,0,0.0,0.0,,0.0,bidTooLow
2023-11-09,8378.0,0.0,0.0,0,433.84,0.0,0,0.0,0.0,,0.0,0,0.0,0.0,,0.0,bidTooLow
2023-11-10,8378.0,0.0,0.0,0,440.61,0.0,0,0.0,0.0,,0.0,0,0.0,0.0,,0.0,bidTooLow
2023-11-13,8378.0,0.0,0.0,0,440.19,0.0,0,0.0,0.0,,0.0,0,0.0,0.0,,0.0,bidTooLow
2023-11-14,8378.0,-3.0,0.0,0,448.73,0.0,1,0.01,0.04,SPY231117P00390000,390.0,0,0.0,0.0,,0.0,normalDay
2023-11-15,8378.0,-1.0,0.0,0,449.68,0.0,1,0.01,0.02,SPY231117P00390000,390.0,0,0.0,0.0,,0.0,normalDay
2023-11-16,8378.0,0.0,0.0,0,450.23,0.0,1,0.01,0.01,SPY231117P00390000,390.0,0,0.0,0.0,,0.0,normalDay
2023-11-17,8379.0,0.0,1.0,0,450.79,0.0,1,0.01,0.0,SPY231117P00390000,390.0,0,0.0,0.0,,0.0,expirationDay
2023-11-20,8379.0,0.0,0.0,0,454.26,0.0,0,0.0,0.0,,0.0,0,0.0,0.0,,0.0,bidTooLow
2023-11-21,8379.0,0.0,0.0,0,453.27,0.0,0,0.0,0.0,,0.0,0,0.0,0.0,,0.0,bidTooLow
2023-11-22,8379.0,0.0,0.0,0,455.02,0.0,0,0.0,0.0,,0.0,0,0.0,0.0,,0.0,bidTooLow
2023-11-24,8379.0,0.0,0.0,0,455.3,0.0,0,0.0,0.0,,0.0,0,0.0,0.0,,0.0,bidTooLow
2023-11-27,8379.0,0.0,0.0,0,454.48,0.0,0,0.0,0.0,,0.0,0,0.0,0.0,,0.0,bidTooLow
2023-11-28,8379.0,0.0,0.0,0,454.93,0.0,0,0.0,0.0,,0.0,0,0.0,0.0,,0.0,bidTooLow
2023-11-29,8379.0,0.0,0.0,0,454.61,0.0,0,0.0,0.0,,0.0,0,0.0,0.0,,0.0,bidTooLow
2023-11-30,8379.0,0.0,0.0,0,456.4,0.0,0,0.0,0.0,,0.0,0,0.0,0.0,,0.0,bidTooLow
