date,totalCapital,unrializedPnL,rializedPnL,stocksOwned,stocksPriceToday,stocksPriceBoughtAt,putOwned,putOwnedSoldAt,putPriceToday,putOwnedContract,putOwnedStrike,callOwned,callOwnedSoldAt,callPriceToday,callOwnedContract,callOwnedStrike,trackType
2018-11-01,0.0,-7.0,0.0,0,273.51,0.0,1,3.22,3.29,SPY181112P00273000,273.0,0,0.0,0.0,,0.0,normalDay
2018-11-02,0.0,-44.0,0.0,0,271.89,0.0,1,3.22,3.66,SPY181112P00273000,273.0,0,0.0,0.0,,0.0,normalDay
2018-11-05,0.0,63.0,0.0,0,273.39,0.0,1,3.22,2.59,SPY181112P00273000,273.0,0,0.0,0.0,,0.0,normalDay
2018-11-06,0.0,132.0,0.0,0,275.12,0.0,1,3.22,1.9,SPY181112P00273000,273.0,0,0.0,0.0,,0.0,normalDay
2018-11-07,0.0,302.0,0.0,0,281.01,0.0,1,3.22,0.2,SPY181112P00273000,273.0,0,0.0,0.0,,0.0,normalDay
2018-11-08,0.0,309.0,0.0,0,280.5,0.0,1,3.22,0.13,SPY181112P00273000,273.0,0,0.0,0.0,,0.0,normalDay
2018-11-09,0.0,308.0,0.0,0,277.76,0.0,1,3.22,0.14,SPY181112P00273000,273.0,0,0.0,0.0,,0.0,normalDay
2018-11-12,322.0,-43.0,322.0,100,272.57,273.0,1,3.22,0.0,SPY181112P00273000,273.0,0,0.0,0.0,,0.0,expirationDay
2018-11-13,322.0,-104.0,0.0,100,272.06,273.0,0,0.0,0.0,,0.0,1,2.15,2.25,SPY190329C00293000,293.0,normalDay
2018-11-14,322.0,-262.0,0.0,100,270.2,273.0,0,0.0,0.0,,0.0,1,2.15,1.97,SPY190329C00293000,293.0,normalDay
2018-11-15,322.0,-47.0,0.0,100,273.02,273.0,0,0.0,0.0,,0.0,1,2.15,2.64,SPY190329C00293000,293.0,normalDay
2018-11-16,322.0,31.0,0.0,100,273.73,273.0,0,0.0,0.0,,0.0,1,2.15,2.57,SPY190329C00293000,293.0,normalDay
2018-11-19,322.0,-358.0,0.0,100,269.1,273.0,0,0.0,0.0,,0.0,1,2.15,1.83,SPY190329C00293000,293.0,normalDay
2018-11-20,322.0,-802.0,0.0,100,264.12,273.0,0,0.0,0.0,,0.0,1,2.15,1.29,SPY190329C00293000,293.0,normalDay
2018-11-21,322.0,-708.0,0.0,100,265.02,273.0,0,0.0,0.0,,0.0,1,2.15,1.25,SPY190329C00293000,293.0,normalDay
2018-11-23,322.0,-866.0,0.0,100,263.25,273.0,0,0.0,0.0,,0.0,1,2.15,1.06,SPY190329C00293000,293.0,normalDay
2018-11-26,322.0,-466.0,0.0,100,267.5,273.0,0,0.0,0.0,,0.0,1,2.15,1.31,SPY190329C00293000,293.0,normalDay
2018-11-27,322.0,-384.0,0.0,100,268.4,273.0,0,0.0,0.0,,0.0,1,2.15,1.39,SPY190329C00293000,293.0,normalDay
2018-11-28,322.0,120.0,0.0,100,274.58,273.0,0,0.0,0.0,,0.0,1,2.15,2.53,SPY190329C00293000,293.0,normalDay
2018-11-29,322.0,64.0,0.0,100,273.98,273.0,0,0.0,0.0,,0.0,1,2.15,2.49,SPY190329C00293000,293.0,normalDay
2018-11-30,322.0,200.0,0.0,100,275.65,273.0,0,0.0,0.0,,0.0,1,2.15,2.8,SPY190329C00293000,293.0,normalDay
2018-12-03,322.0,533.0,0.0,100,279.3,273.0,0,0.0,0.0,,0.0,1,2.15,3.12,SPY190329C00293000,293.0,normalDay
2018-12-04,322.0,-218.0,0.0,100,270.25,273.0,0,0.0,0.0,,0.0,1,2.15,1.58,SPY190329C00293000,293.0,normalDay
2018-12-06,322.0,-255.0,0.0,100,269.84,273.0,0,0.0,0.0,,0.0,1,2.15,1.54,SPY190329C00293000,293.0,normalDay
2018-12-07,322.0,-826.0,0.0,100,263.57,273.0,0,0.0,0.0,,0.0,1,2.15,0.98,SPY190329C00293000,293.0,normalDay
2018-12-10,322.0,-776.0,0.0,100,264.07,273.0,0,0.0,0.0,,0.0,1,2.15,0.98,SPY190329C00293000,293.0,normalDay
2018-12-11,322.0,-765.0,0.0,100,264.13,273.0,0,0.0,0.0,,0.0,1,2.15,0.93,SPY190329C00293000,293.0,normalDay
2018-12-12,322.0,-643.0,0.0,100,265.46,273.0,0,0.0,0.0,,0.0,1,2.15,1.04,SPY190329C00293000,293.0,normalDay
2018-12-13,322.0,-652.0,0.0,100,265.37,273.0,0,0.0,0.0,,0.0,1,2.15,1.04,SPY190329C00293000,293.0,normalDay
2018-12-14,322.0,-1111.0,0.0,100,260.47,273.0,0,0.0,0.0,,0.0,1,2.15,0.73,SPY190329C00293000,293.0,normalDay
2018-12-17,322.0,-1599.0,0.0,100,255.36,273.0,0,0.0,0.0,,0.0,1,2.15,0.5,SPY190329C00293000,293.0,normalDay
2018-12-18,322.0,-1626.0,0.0,100,255.08,273.0,0,0.0,0.0,,0.0,1,2.15,0.49,SPY190329C00293000,293.0,normalDay
2018-12-19,322.0,-1992.0,0.0,100,251.26,273.0,0,0.0,0.0,,0.0,1,2.15,0.33,SPY190329C00293000,293.0,normalDay
2018-12-20,322.0,-2399.0,0.0,100,247.17,273.0,0,0.0,0.0,,0.0,1,2.15,0.31,SPY190329C00293000,293.0,normalDay
2018-12-21,322.0,-3036.0,0.0,100,240.7,273.0,0,0.0,0.0,,0.0,1,2.15,0.21,SPY190329C00293000,293.0,normalDay
2018-12-24,322.0,-3666.0,0.0,100,234.34,273.0,0,0.0,0.0,,0.0,1,2.15,0.15,SPY190329C00293000,293.0,normalDay
2018-12-26,322.0,-2493.0,0.0,100,246.18,273.0,0,0.0,0.0,,0.0,1,2.15,0.26,SPY190329C00293000,293.0,normalDay
2018-12-27,322.0,-2313.0,0.0,100,248.07,273.0,0,0.0,0.0,,0.0,1,2.15,0.35,SPY190329C00293000,293.0,normalDay
2018-12-28,322.0,-2342.0,0.0,100,247.75,273.0,0,0.0,0.0,,0.0,1,2.15,0.32,SPY190329C00293000,293.0,normalDay
2018-12-31,322.0,-2119.0,0.0,100,249.92,273.0,0,0.0,0.0,,0.0,1,2.15,0.26,SPY190329C00293000,293.0,normalDay
2019-01-02,322.0,-2087.0,0.0,100,250.18,273.0,0,0.0,0.0,,0.0,1,2.15,0.2,SPY190329C00293000,293.0,normalDay
2019-01-03,322.0,-2674.0,0.0,100,244.21,273.0,0,0.0,0.0,,0.0,1,2.15,0.1,SPY190329C00293000,293.0,normalDay
2019-01-04,322.0,-1863.0,0.0,100,252.39,273.0,0,0.0,0.0,,0.0,1,2.15,0.17,SPY190329C00293000,293.0,normalDay
2019-01-07,322.0,-1665.0,0.0,100,254.38,273.0,0,0.0,0.0,,0.0,1,2.15,0.18,SPY190329C00293000,293.0,normalDay
2019-01-08,322.0,-1427.0,0.0,100,256.77,273.0,0,0.0,0.0,,0.0,1,2.15,0.19,SPY190329C00293000,293.0,normalDay
2019-01-09,322.0,-1304.0,0.0,100,257.97,273.0,0,0.0,0.0,,0.0,1,2.15,0.16,SPY190329C00293000,293.0,normalDay
2019-01-10,322.0,-1215.0,0.0,100,258.88,273.0,0,0.0,0.0,,0.0,1,2.15,0.18,SPY190329C00293000,293.0,normalDay
2019-01-11,322.0,-1199.0,0.0,100,258.98,273.0,0,0.0,0.0,,0.0,1,2.15,0.12,SPY190329C00293000,293.0,normalDay
2019-01-14,322.0,-1355.0,0.0,100,257.4,273.0,0,0.0,0.0,,0.0,1,2.15,0.1,SPY190329C00293000,293.0,normalDay
2019-01-15,322.0,-1062.0,0.0,100,260.35,273.0,0,0.0,0.0,,0.0,1,2.15,0.12,SPY190329C00293000,293.0,normalDay
2019-01-16,322.0,-1001.0,0.0,100,260.98,273.0,0,0.0,0.0,,0.0,1,2.15,0.14,SPY190329C00293000,293.0,normalDay
2019-01-17,322.0,-805.0,0.0,100,262.96,273.0,0,0.0,0.0,,0.0,1,2.15,0.16,SPY190329C00293000,293.0,normalDay
2019-01-18,322.0,-466.0,0.0,100,266.46,273.0,0,0.0,0.0,,0.0,1,2.15,0.27,SPY190329C00293000,293.0,normalDay
2019-01-22,322.0,-818.0,0.0,100,262.86,273.0,0,0.0,0.0,,0.0,1,2.15,0.19,SPY190329C00293000,293.0,normalDay
2019-01-23,322.0,-761.0,0.0,100,263.41,273.0,0,0.0,0.0,,0.0,1,2.15,0.17,SPY190329C00293000,293.0,normalDay
2019-01-24,322.0,-745.0,0.0,100,263.55,273.0,0,0.0,0.0,,0.0,1,2.15,0.15,SPY190329C00293000,293.0,normalDay
2019-01-25,322.0,-525.0,0.0,100,265.78,273.0,0,0.0,0.0,,0.0,1,2.15,0.18,SPY190329C00293000,293.0,normalDay
2019-01-28,322.0,-722.0,0.0,100,263.76,273.0,0,0.0,0.0,,0.0,1,2.15,0.13,SPY190329C00293000,293.0,normalDay
2019-01-29,322.0,-757.0,0.0,100,263.41,273.0,0,0.0,0.0,,0.0,1,2.15,0.13,SPY190329C00293000,293.0,normalDay
2019-01-30,322.0,-346.0,0.0,100,267.58,273.0,0,0.0,0.0,,0.0,1,2.15,0.19,SPY190329C00293000,293.0,normalDay
2019-01-31,322.0,-116.0,0.0,100,269.93,273.0,0,0.0,0.0,,0.0,1,2.15,0.24,SPY190329C00293000,293.0,normalDay
2019-02-01,322.0,-99.0,0.0,100,270.06,273.0,0,0.0,0.0,,0.0,1,2.15,0.2,SPY190329C00293000,293.0,normalDay
2019-02-04,322.0,89.0,0.0,100,271.96,273.0,0,0.0,0.0,,0.0,1,2.15,0.22,SPY190329C00293000,293.0,normalDay
2019-02-05,322.0,201.0,0.0,100,273.1,273.0,0,0.0,0.0,,0.0,1,2.15,0.24,SPY190329C00293000,293.0,normalDay
2019-02-06,322.0,170.0,0.0,100,272.74,273.0,0,0.0,0.0,,0.0,1,2.15,0.19,SPY190329C00293000,293.0,normalDay
2019-02-07,322.0,-82.0,0.0,100,270.14,273.0,0,0.0,0.0,,0.0,1,2.15,0.11,SPY190329C00293000,293.0,normalDay
2019-02-08,322.0,-48.0,0.0,100,270.47,273.0,0,0.0,0.0,,0.0,1,2.15,0.1,SPY190329C00293000,293.0,normalDay
2019-02-11,322.0,-33.0,0.0,100,270.62,273.0,0,0.0,0.0,,0.0,1,2.15,0.1,SPY190329C00293000,293.0,normalDay
2019-02-12,322.0,305.0,0.0,100,274.1,273.0,0,0.0,0.0,,0.0,1,2.15,0.2,SPY190329C00293000,293.0,normalDay
2019-02-13,322.0,393.0,0.0,100,274.99,273.0,0,0.0,0.0,,0.0,1,2.15,0.21,SPY190329C00293000,293.0,normalDay
2019-02-14,322.0,335.0,0.0,100,274.38,273.0,0,0.0,0.0,,0.0,1,2.15,0.18,SPY190329C00293000,293.0,normalDay
2019-02-15,322.0,629.0,0.0,100,277.37,273.0,0,0.0,0.0,,0.0,1,2.15,0.23,SPY190329C00293000,293.0,normalDay
2019-02-19,322.0,682.0,0.0,100,277.85,273.0,0,0.0,0.0,,0.0,1,2.15,0.18,SPY190329C00293000,293.0,normalDay
2019-02-20,322.0,739.0,0.0,100,278.41,273.0,0,0.0,0.0,,0.0,1,2.15,0.17,SPY190329C00293000,293.0,normalDay
2019-02-21,322.0,646.0,0.0,100,277.42,273.0,0,0.0,0.0,,0.0,1,2.15,0.11,SPY190329C00293000,293.0,normalDay
2019-02-22,322.0,814.0,0.0,100,279.14,273.0,0,0.0,0.0,,0.0,1,2.15,0.15,SPY190329C00293000,293.0,normalDay
2019-02-25,322.0,850.0,0.0,100,279.52,273.0,0,0.0,0.0,,0.0,1,2.15,0.17,SPY190329C00293000,293.0,normalDay
2019-02-26,322.0,833.0,0.0,100,279.32,273.0,0,0.0,0.0,,0.0,1,2.15,0.14,SPY190329C00293000,293.0,normalDay
2019-02-27,322.0,824.0,0.0,100,279.2,273.0,0,0.0,0.0,,0.0,1,2.15,0.11,SPY190329C00293000,293.0,normalDay
2019-02-28,322.0,775.0,0.0,100,278.68,273.0,0,0.0,0.0,,0.0,1,2.15,0.08,SPY190329C00293000,293.0,normalDay
2019-03-01,322.0,949.0,0.0,100,280.42,273.0,0,0.0,0.0,,0.0,1,2.15,0.08,SPY190329C00293000,293.0,normalDay
2019-03-04,322.0,849.0,0.0,100,279.4,273.0,0,0.0,0.0,,0.0,1,2.15,0.06,SPY190329C00293000,293.0,normalDay
2019-03-05,322.0,811.0,0.0,100,279.02,273.0,0,0.0,0.0,,0.0,1,2.15,0.06,SPY190329C00293000,293.0,normalDay
2019-03-06,322.0,644.0,0.0,100,277.33,273.0,0,0.0,0.0,,0.0,1,2.15,0.04,SPY190329C00293000,293.0,normalDay
2019-03-07,322.0,413.0,0.0,100,275.01,273.0,0,0.0,0.0,,0.0,1,2.15,0.03,SPY190329C00293000,293.0,normalDay
2019-03-08,322.0,359.0,0.0,100,274.46,273.0,0,0.0,0.0,,0.0,1,2.15,0.02,SPY190329C00293000,293.0,normalDay
2019-03-11,322.0,756.0,0.0,100,278.44,273.0,0,0.0,0.0,,0.0,1,2.15,0.03,SPY190329C00293000,293.0,normalDay
2019-03-12,322.0,861.0,0.0,100,279.49,273.0,0,0.0,0.0,,0.0,1,2.15,0.03,SPY190329C00293000,293.0,normalDay
2019-03-13,322.0,1043.0,0.0,100,281.34,273.0,0,0.0,0.0,,0.0,1,2.15,0.06,SPY190329C00293000,293.0,normalDay
2019-03-14,322.0,1027.0,0.0,100,281.16,273.0,0,0.0,0.0,,0.0,1,2.15,0.04,SPY190329C00293000,293.0,normalDay
2019-03-15,322.0,1042.0,0.0,100,281.31,273.0,0,0.0,0.0,,0.0,1,2.15,0.04,SPY190329C00293000,293.0,normalDay
2019-03-18,322.0,1144.0,0.0,100,282.33,273.0,0,0.0,0.0,,0.0,1,2.15,0.04,SPY190329C00293000,293.0,normalDay
2019-03-19,322.0,1152.0,0.0,100,282.4,273.0,0,0.0,0.0,,0.0,1,2.15,0.03,SPY190329C00293000,293.0,normalDay
2019-03-20,322.0,1067.0,0.0,100,281.55,273.0,0,0.0,0.0,,0.0,1,2.15,0.03,SPY190329C00293000,293.0,normalDay
2019-03-21,322.0,1383.0,0.0,100,284.73,273.0,0,0.0,0.0,,0.0,1,2.15,0.05,SPY190329C00293000,293.0,normalDay
2019-03-22,322.0,838.0,0.0,100,279.25,273.0,0,0.0,0.0,,0.0,1,2.15,0.02,SPY190329C00293000,293.0,normalDay
2019-03-25,322.0,818.0,0.0,100,279.04,273.0,0,0.0,0.0,,0.0,1,2.15,0.01,SPY190329C00293000,293.0,normalDay
2019-03-26,322.0,1026.0,0.0,100,281.12,273.0,0,0.0,0.0,,0.0,1,2.15,0.01,SPY190329C00293000,293.0,normalDay
2019-03-27,322.0,879.0,0.0,100,279.65,273.0,0,0.0,0.0,,0.0,1,2.15,0.01,SPY190329C00293000,293.0,normalDay
2019-03-28,322.0,985.0,0.0,100,280.71,273.0,0,0.0,0.0,,0.0,1,2.15,0.01,SPY190329C00293000,293.0,normalDay
2019-03-29,537.0,948.0,215.0,100,282.48,273.0,0,0.0,0.0,,0.0,1,2.15,0.0,SPY190329C00293000,293.0,expirationDay
2019-04-01,537.0,1277.0,0.0,100,285.83,273.0,0,0.0,0.0,,0.0,1,6.98,7.04,SPY190816C00291000,291.0,normalDay
2019-04-02,537.0,1296.0,0.0,100,285.97,273.0,0,0.0,0.0,,0.0,1,6.98,6.99,SPY190816C00291000,291.0,normalDay
2019-04-03,537.0,1297.0,0.0,100,286.42,273.0,0,0.0,0.0,,0.0,1,6.98,7.43,SPY190816C00291000,291.0,normalDay
2019-04-04,537.0,1350.0,0.0,100,287.18,273.0,0,0.0,0.0,,0.0,1,6.98,7.66,SPY190816C00291000,291.0,normalDay
2019-04-05,537.0,1438.0,0.0,100,288.57,273.0,0,0.0,0.0,,0.0,1,6.98,8.17,SPY190816C00291000,291.0,normalDay
2019-04-08,537.0,1460.0,0.0,100,288.79,273.0,0,0.0,0.0,,0.0,1,6.98,8.17,SPY190816C00291000,291.0,normalDay
2019-04-09,537.0,1379.0,0.0,100,287.31,273.0,0,0.0,0.0,,0.0,1,6.98,7.5,SPY190816C00291000,291.0,normalDay
2019-04-10,537.0,1434.0,0.0,100,288.29,273.0,0,0.0,0.0,,0.0,1,6.98,7.93,SPY190816C00291000,291.0,normalDay
2019-04-11,537.0,1450.0,0.0,100,288.21,273.0,0,0.0,0.0,,0.0,1,6.98,7.69,SPY190816C00291000,291.0,normalDay
2019-04-12,537.0,1554.0,0.0,100,290.16,273.0,0,0.0,0.0,,0.0,1,6.98,8.6,SPY190816C00291000,291.0,normalDay
2019-04-15,537.0,1560.0,0.0,100,289.97,273.0,0,0.0,0.0,,0.0,1,6.98,8.35,SPY190816C00291000,291.0,normalDay
2019-04-16,537.0,1582.0,0.0,100,290.16,273.0,0,0.0,0.0,,0.0,1,6.98,8.32,SPY190816C00291000,291.0,normalDay
2019-04-17,537.0,1555.0,0.0,100,289.45,273.0,0,0.0,0.0,,0.0,1,6.98,7.88,SPY190816C00291000,291.0,normalDay
2019-04-18,537.0,1576.0,0.0,100,290.02,273.0,0,0.0,0.0,,0.0,1,6.98,8.24,SPY190816C00291000,291.0,normalDay
2019-04-22,537.0,1600.0,0.0,100,290.27,273.0,0,0.0,0.0,,0.0,1,6.98,8.25,SPY190816C00291000,291.0,normalDay
2019-04-23,537.0,1716.0,0.0,100,292.88,273.0,0,0.0,0.0,,0.0,1,6.98,9.7,SPY190816C00291000,291.0,normalDay
2019-04-24,537.0,1674.0,0.0,100,292.23,273.0,0,0.0,0.0,,0.0,1,6.98,9.47,SPY190816C00291000,291.0,normalDay
2019-04-25,537.0,1677.0,0.0,100,292.05,273.0,0,0.0,0.0,,0.0,1,6.98,9.26,SPY190816C00291000,291.0,normalDay
2019-04-26,537.0,1739.0,0.0,100,293.41,273.0,0,0.0,0.0,,0.0,1,6.98,10.0,SPY190816C00291000,291.0,normalDay
2019-04-29,537.0,1767.0,0.0,100,293.87,273.0,0,0.0,0.0,,0.0,1,6.98,10.18,SPY190816C00291000,291.0,normalDay
2019-04-30,537.0,1749.0,0.0,100,294.02,273.0,0,0.0,0.0,,0.0,1,6.98,10.51,SPY190816C00291000,291.0,normalDay
2019-05-01,537.0,1665.0,0.0,100,291.81,273.0,0,0.0,0.0,,0.0,1,6.98,9.14,SPY190816C00291000,291.0,normalDay
2019-05-02,537.0,1652.0,0.0,100,291.18,273.0,0,0.0,0.0,,0.0,1,6.98,8.64,SPY190816C00291000,291.0,normalDay
2019-05-03,537.0,1781.0,0.0,100,294.03,273.0,0,0.0,0.0,,0.0,1,6.98,10.2,SPY190816C00291000,291.0,normalDay
2019-05-06,537.0,1708.0,0.0,100,292.82,273.0,0,0.0,0.0,,0.0,1,6.98,9.72,SPY190816C00291000,291.0,normalDay
2019-05-07,537.0,1367.0,0.0,100,287.93,273.0,0,0.0,0.0,,0.0,1,6.98,8.24,SPY190816C00291000,291.0,normalDay
2019-05-08,537.0,1374.0,0.0,100,287.53,273.0,0,0.0,0.0,,0.0,1,6.98,7.77,SPY190816C00291000,291.0,normalDay
2019-05-09,537.0,1358.0,0.0,100,286.66,273.0,0,0.0,0.0,,0.0,1,6.98,7.06,SPY190816C00291000,291.0,normalDay
2019-05-10,537.0,1520.0,0.0,100,288.1,273.0,0,0.0,0.0,,0.0,1,6.98,6.88,SPY190816C00291000,291.0,normalDay
2019-05-13,537.0,1055.0,0.0,100,280.86,273.0,0,0.0,0.0,,0.0,1,6.98,4.29,SPY190816C00291000,291.0,normalDay
2019-05-14,537.0,1245.0,0.0,100,283.4,273.0,0,0.0,0.0,,0.0,1,6.98,4.93,SPY190816C00291000,291.0,normalDay
2019-05-15,537.0,1363.0,0.0,100,285.06,273.0,0,0.0,0.0,,0.0,1,6.98,5.41,SPY190816C00291000,291.0,normalDay
2019-05-16,537.0,1539.0,0.0,100,287.7,273.0,0,0.0,0.0,,0.0,1,6.98,6.29,SPY190816C00291000,291.0,normalDay
2019-05-17,537.0,1435.0,0.0,100,285.84,273.0,0,0.0,0.0,,0.0,1,6.98,5.47,SPY190816C00291000,291.0,normalDay
2019-05-20,537.0,1330.0,0.0,100,283.95,273.0,0,0.0,0.0,,0.0,1,6.98,4.63,SPY190816C00291000,291.0,normalDay
2019-05-21,537.0,1514.0,0.0,100,286.51,273.0,0,0.0,0.0,,0.0,1,6.98,5.35,SPY190816C00291000,291.0,normalDay
2019-05-22,537.0,1485.0,0.0,100,285.63,273.0,0,0.0,0.0,,0.0,1,6.98,4.76,SPY190816C00291000,291.0,normalDay
2019-05-23,537.0,1244.0,0.0,100,282.14,273.0,0,0.0,0.0,,0.0,1,6.98,3.68,SPY190816C00291000,291.0,normalDay
2019-05-24,537.0,1293.0,0.0,100,282.78,273.0,0,0.0,0.0,,0.0,1,6.98,3.83,SPY190816C00291000,291.0,normalDay
2019-05-28,537.0,1110.0,0.0,100,280.15,273.0,0,0.0,0.0,,0.0,1,6.98,3.03,SPY190816C00291000,291.0,normalDay
2019-05-29,537.0,980.0,0.0,100,278.27,273.0,0,0.0,0.0,,0.0,1,6.98,2.45,SPY190816C00291000,291.0,normalDay
2019-05-30,537.0,1047.0,0.0,100,279.03,273.0,0,0.0,0.0,,0.0,1,6.98,2.54,SPY190816C00291000,291.0,normalDay
2019-05-31,537.0,747.0,0.0,100,275.27,273.0,0,0.0,0.0,,0.0,1,6.98,1.78,SPY190816C00291000,291.0,normalDay
2019-06-03,537.0,698.0,0.0,100,274.57,273.0,0,0.0,0.0,,0.0,1,6.98,1.57,SPY190816C00291000,291.0,normalDay
2019-06-04,537.0,1182.0,0.0,100,280.53,273.0,0,0.0,0.0,,0.0,1,6.98,2.69,SPY190816C00291000,291.0,normalDay
2019-06-05,537.0,1359.0,0.0,100,282.96,273.0,0,0.0,0.0,,0.0,1,6.98,3.35,SPY190816C00291000,291.0,normalDay
2019-06-06,537.0,1491.0,0.0,100,284.8,273.0,0,0.0,0.0,,0.0,1,6.98,3.87,SPY190816C00291000,291.0,normalDay
2019-06-07,537.0,1642.0,0.0,100,287.65,273.0,0,0.0,0.0,,0.0,1,6.98,5.21,SPY190816C00291000,291.0,normalDay
2019-06-10,537.0,1721.0,0.0,100,288.97,273.0,0,0.0,0.0,,0.0,1,6.98,5.74,SPY190816C00291000,291.0,normalDay
2019-06-11,537.0,1720.0,0.0,100,288.9,273.0,0,0.0,0.0,,0.0,1,6.98,5.68,SPY190816C00291000,291.0,normalDay
2019-06-12,537.0,1700.0,0.0,100,288.39,273.0,0,0.0,0.0,,0.0,1,6.98,5.37,SPY190816C00291000,291.0,normalDay
2019-06-13,537.0,1759.0,0.0,100,289.58,273.0,0,0.0,0.0,,0.0,1,6.98,5.97,SPY190816C00291000,291.0,normalDay
2019-06-14,537.0,1754.0,0.0,100,289.26,273.0,0,0.0,0.0,,0.0,1,6.98,5.7,SPY190816C00291000,291.0,normalDay
2019-06-17,537.0,1781.0,0.0,100,289.37,273.0,0,0.0,0.0,,0.0,1,6.98,5.54,SPY190816C00291000,291.0,normalDay
2019-06-18,537.0,1922.0,0.0,100,292.4,273.0,0,0.0,0.0,,0.0,1,6.98,7.16,SPY190816C00291000,291.0,normalDay
2019-06-19,537.0,1968.0,0.0,100,293.06,273.0,0,0.0,0.0,,0.0,1,6.98,7.36,SPY190816C00291000,291.0,normalDay
2019-06-20,537.0,2069.0,0.0,100,295.86,273.0,0,0.0,0.0,,0.0,1,6.98,9.15,SPY190816C00291000,291.0,normalDay
2019-06-21,537.0,1895.0,0.0,100,294.0,273.0,0,0.0,0.0,,0.0,1,6.98,9.03,SPY190816C00291000,291.0,normalDay
2019-06-24,537.0,1904.0,0.0,100,293.64,273.0,0,0.0,0.0,,0.0,1,6.98,8.58,SPY190816C00291000,291.0,normalDay
2019-06-25,537.0,1782.0,0.0,100,290.76,273.0,0,0.0,0.0,,0.0,1,6.98,6.92,SPY190816C00291000,291.0,normalDay
2019-06-26,537.0,1797.0,0.0,100,290.47,273.0,0,0.0,0.0,,0.0,1,6.98,6.48,SPY190816C00291000,291.0,normalDay
2019-06-27,537.0,1835.0,0.0,100,291.5,273.0,0,0.0,0.0,,0.0,1,6.98,7.13,SPY190816C00291000,291.0,normalDay
2019-06-28,537.0,1884.0,0.0,100,293.0,273.0,0,0.0,0.0,,0.0,1,6.98,8.14,SPY190816C00291000,291.0,normalDay
2019-07-01,537.0,2074.0,0.0,100,295.66,273.0,0,0.0,0.0,,0.0,1,6.98,8.9,SPY190816C00291000,291.0,normalDay
2019-07-02,537.0,2121.0,0.0,100,296.43,273.0,0,0.0,0.0,,0.0,1,6.98,9.2,SPY190816C00291000,291.0,normalDay
2019-07-03,537.0,2185.0,0.0,100,298.8,273.0,0,0.0,0.0,,0.0,1,6.98,10.93,SPY190816C00291000,291.0,normalDay
2019-07-05,537.0,2224.0,0.0,100,298.46,273.0,0,0.0,0.0,,0.0,1,6.98,10.2,SPY190816C00291000,291.0,normalDay
2019-07-08,537.0,2149.0,0.0,100,296.82,273.0,0,0.0,0.0,,0.0,1,6.98,9.31,SPY190816C00291000,291.0,normalDay
2019-07-09,537.0,2169.0,0.0,100,297.19,273.0,0,0.0,0.0,,0.0,1,6.98,9.48,SPY190816C00291000,291.0,normalDay
2019-07-10,537.0,2216.0,0.0,100,298.61,273.0,0,0.0,0.0,,0.0,1,6.98,10.43,SPY190816C00291000,291.0,normalDay
2019-07-11,537.0,2240.0,0.0,100,299.31,273.0,0,0.0,0.0,,0.0,1,6.98,10.89,SPY190816C00291000,291.0,normalDay
2019-07-12,537.0,2287.0,0.0,100,300.65,273.0,0,0.0,0.0,,0.0,1,6.98,11.76,SPY190816C00291000,291.0,normalDay
2019-07-15,537.0,2298.0,0.0,100,300.75,273.0,0,0.0,0.0,,0.0,1,6.98,11.75,SPY190816C00291000,291.0,normalDay
2019-07-16,537.0,2277.0,0.0,100,299.78,273.0,0,0.0,0.0,,0.0,1,6.98,10.99,SPY190816C00291000,291.0,normalDay
2019-07-17,537.0,2235.0,0.0,100,297.74,273.0,0,0.0,0.0,,0.0,1,6.98,9.37,SPY190816C00291000,291.0,normalDay
2019-07-18,537.0,2267.0,0.0,100,298.83,273.0,0,0.0,0.0,,0.0,1,6.98,10.14,SPY190816C00291000,291.0,normalDay
2019-07-19,537.0,2241.0,0.0,100,297.17,273.0,0,0.0,0.0,,0.0,1,6.98,8.74,SPY190816C00291000,291.0,normalDay
2019-07-22,537.0,2293.0,0.0,100,297.9,273.0,0,0.0,0.0,,0.0,1,6.98,8.95,SPY190816C00291000,291.0,normalDay
2019-07-23,537.0,2359.0,0.0,100,300.03,273.0,0,0.0,0.0,,0.0,1,6.98,10.42,SPY190816C00291000,291.0,normalDay
2019-07-24,537.0,2382.0,0.0,100,301.44,273.0,0,0.0,0.0,,0.0,1,6.98,11.6,SPY190816C00291000,291.0,normalDay
2019-07-25,537.0,2357.0,0.0,100,300.0,273.0,0,0.0,0.0,,0.0,1,6.98,10.41,SPY190816C00291000,291.0,normalDay
2019-07-26,537.0,2403.0,0.0,100,302.01,273.0,0,0.0,0.0,,0.0,1,6.98,11.96,SPY190816C00291000,291.0,normalDay
2019-07-29,537.0,2381.0,0.0,100,301.46,273.0,0,0.0,0.0,,0.0,1,6.98,11.63,SPY190816C00291000,291.0,normalDay
2019-07-30,537.0,2382.0,0.0,100,300.72,273.0,0,0.0,0.0,,0.0,1,6.98,10.88,SPY190816C00291000,291.0,normalDay
2019-07-31,537.0,2318.0,0.0,100,297.43,273.0,0,0.0,0.0,,0.0,1,6.98,8.23,SPY190816C00291000,291.0,normalDay
2019-08-01,537.0,2198.0,0.0,100,294.84,273.0,0,0.0,0.0,,0.0,1,6.98,6.84,SPY190816C00291000,291.0,normalDay
2019-08-02,537.0,2159.0,0.0,100,292.62,273.0,0,0.0,0.0,,0.0,1,6.98,5.01,SPY190816C00291000,291.0,normalDay
2019-08-05,537.0,1624.0,0.0,100,283.82,273.0,0,0.0,0.0,,0.0,1,6.98,1.56,SPY190816C00291000,291.0,normalDay
2019-08-06,537.0,1962.0,0.0,100,287.8,273.0,0,0.0,0.0,,0.0,1,6.98,2.16,SPY190816C00291000,291.0,normalDay
2019-08-07,537.0,1997.0,0.0,100,287.97,273.0,0,0.0,0.0,,0.0,1,6.98,1.98,SPY190816C00291000,291.0,normalDay
2019-08-08,537.0,2312.0,0.0,100,293.62,273.0,0,0.0,0.0,,0.0,1,6.98,4.48,SPY190816C00291000,291.0,normalDay
2019-08-09,537.0,2238.0,0.0,100,291.62,273.0,0,0.0,0.0,,0.0,1,6.98,3.22,SPY190816C00291000,291.0,normalDay
2019-08-12,537.0,2078.0,0.0,100,288.07,273.0,0,0.0,0.0,,0.0,1,6.98,1.27,SPY190816C00291000,291.0,normalDay
2019-08-13,537.0,2355.0,0.0,100,292.55,273.0,0,0.0,0.0,,0.0,1,6.98,2.98,SPY190816C00291000,291.0,normalDay
2019-08-14,537.0,1768.0,0.0,100,283.9,273.0,0,0.0,0.0,,0.0,1,6.98,0.2,SPY190816C00291000,291.0,normalDay
2019-08-15,537.0,1857.0,0.0,100,284.65,273.0,0,0.0,0.0,,0.0,1,6.98,0.06,SPY190816C00291000,291.0,normalDay
2019-08-16,1235.0,1585.0,698.0,100,288.85,273.0,0,0.0,0.0,,0.0,1,6.98,0.0,SPY190816C00291000,291.0,expirationDay
2019-08-19,1235.0,1927.0,0.0,100,292.33,273.0,0,0.0,0.0,,0.0,1,1.06,1.12,SPY191231C00318000,318.0,normalDay
2019-08-20,1235.0,1724.0,0.0,100,290.09,273.0,0,0.0,0.0,,0.0,1,1.06,0.91,SPY191231C00318000,318.0,normalDay
2019-08-21,1235.0,1944.0,0.0,100,292.45,273.0,0,0.0,0.0,,0.0,1,1.06,1.07,SPY191231C00318000,318.0,normalDay
2019-08-22,1235.0,1942.0,0.0,100,292.36,273.0,0,0.0,0.0,,0.0,1,1.06,1.0,SPY191231C00318000,318.0,normalDay
2019-08-23,1235.0,1221.0,0.0,100,284.85,273.0,0,0.0,0.0,,0.0,1,1.06,0.7,SPY191231C00318000,318.0,normalDay
2019-08-26,1235.0,1520.0,0.0,100,288.0,273.0,0,0.0,0.0,,0.0,1,1.06,0.86,SPY191231C00318000,318.0,normalDay
2019-08-27,1235.0,1409.0,0.0,100,286.87,273.0,0,0.0,0.0,,0.0,1,1.06,0.84,SPY191231C00318000,318.0,normalDay
2019-08-28,1235.0,1594.0,0.0,100,288.89,273.0,0,0.0,0.0,,0.0,1,1.06,1.01,SPY191231C00318000,318.0,normalDay
2019-08-29,1235.0,1942.0,0.0,100,292.58,273.0,0,0.0,0.0,,0.0,1,1.06,1.22,SPY191231C00318000,318.0,normalDay
2019-08-30,1235.0,1928.0,0.0,100,292.45,273.0,0,0.0,0.0,,0.0,1,1.06,1.23,SPY191231C00318000,318.0,normalDay
2019-09-03,1235.0,1779.0,0.0,100,290.74,273.0,0,0.0,0.0,,0.0,1,1.06,1.01,SPY191231C00318000,318.0,normalDay
2019-09-04,1235.0,2093.0,0.0,100,294.04,273.0,0,0.0,0.0,,0.0,1,1.06,1.17,SPY191231C00318000,318.0,normalDay
2019-09-05,1235.0,2432.0,0.0,100,297.82,273.0,0,0.0,0.0,,0.0,1,1.06,1.56,SPY191231C00318000,318.0,normalDay
2019-09-06,1235.0,2462.0,0.0,100,298.05,273.0,0,0.0,0.0,,0.0,1,1.06,1.49,SPY191231C00318000,318.0,normalDay
2019-09-09,1235.0,2486.0,0.0,100,298.2,273.0,0,0.0,0.0,,0.0,1,1.06,1.4,SPY191231C00318000,318.0,normalDay
2019-09-10,1235.0,2483.0,0.0,100,298.13,273.0,0,0.0,0.0,,0.0,1,1.06,1.36,SPY191231C00318000,318.0,normalDay
2019-09-11,1235.0,2656.0,0.0,100,300.25,273.0,0,0.0,0.0,,0.0,1,1.06,1.75,SPY191231C00318000,318.0,normalDay
2019-09-12,1235.0,2748.0,0.0,100,301.29,273.0,0,0.0,0.0,,0.0,1,1.06,1.87,SPY191231C00318000,318.0,normalDay
2019-09-13,1235.0,2739.0,0.0,100,301.09,273.0,0,0.0,0.0,,0.0,1,1.06,1.76,SPY191231C00318000,318.0,normalDay
2019-09-16,1235.0,2659.0,0.0,100,300.16,273.0,0,0.0,0.0,,0.0,1,1.06,1.63,SPY191231C00318000,318.0,normalDay
2019-09-17,1235.0,2717.0,0.0,100,300.92,273.0,0,0.0,0.0,,0.0,1,1.06,1.81,SPY191231C00318000,318.0,normalDay
2019-09-18,1235.0,2745.0,0.0,100,301.1,273.0,0,0.0,0.0,,0.0,1,1.06,1.71,SPY191231C00318000,318.0,normalDay
2019-09-19,1235.0,2746.0,0.0,100,301.08,273.0,0,0.0,0.0,,0.0,1,1.06,1.68,SPY191231C00318000,318.0,normalDay
2019-09-20,1235.0,2488.0,0.0,100,298.28,273.0,0,0.0,0.0,,0.0,1,1.06,1.46,SPY191231C00318000,318.0,normalDay
2019-09-23,1235.0,2496.0,0.0,100,298.21,273.0,0,0.0,0.0,,0.0,1,1.06,1.31,SPY191231C00318000,318.0,normalDay
2019-09-24,1235.0,2279.0,0.0,100,295.87,273.0,0,0.0,0.0,,0.0,1,1.06,1.14,SPY191231C00318000,318.0,normalDay
2019-09-25,1235.0,2449.0,0.0,100,297.62,273.0,0,0.0,0.0,,0.0,1,1.06,1.19,SPY191231C00318000,318.0,normalDay
2019-09-26,1235.0,2397.0,0.0,100,297.0,273.0,0,0.0,0.0,,0.0,1,1.06,1.09,SPY191231C00318000,318.0,normalDay
2019-09-27,1235.0,2252.0,0.0,100,295.4,273.0,0,0.0,0.0,,0.0,1,1.06,0.94,SPY191231C00318000,318.0,normalDay
2019-09-30,1235.0,2392.0,0.0,100,296.77,273.0,0,0.0,0.0,,0.0,1,1.06,0.91,SPY191231C00318000,318.0,normalDay
2019-10-01,1235.0,2068.0,0.0,100,293.24,273.0,0,0.0,0.0,,0.0,1,1.06,0.62,SPY191231C00318000,318.0,normalDay
2019-10-02,1235.0,1571.0,0.0,100,288.06,273.0,0,0.0,0.0,,0.0,1,1.06,0.41,SPY191231C00318000,318.0,normalDay
2019-10-03,1235.0,1805.0,0.0,100,290.42,273.0,0,0.0,0.0,,0.0,1,1.06,0.43,SPY191231C00318000,318.0,normalDay
2019-10-04,1235.0,2187.0,0.0,100,294.35,273.0,0,0.0,0.0,,0.0,1,1.06,0.54,SPY191231C00318000,318.0,normalDay
2019-10-07,1235.0,2068.0,0.0,100,293.08,273.0,0,0.0,0.0,,0.0,1,1.06,0.46,SPY191231C00318000,318.0,normalDay
2019-10-08,1235.0,1626.0,0.0,100,288.53,273.0,0,0.0,0.0,,0.0,1,1.06,0.33,SPY191231C00318000,318.0,normalDay
2019-10-09,1235.0,1894.0,0.0,100,291.27,273.0,0,0.0,0.0,,0.0,1,1.06,0.39,SPY191231C00318000,318.0,normalDay
2019-10-10,1235.0,2084.0,0.0,100,293.24,273.0,0,0.0,0.0,,0.0,1,1.06,0.46,SPY191231C00318000,318.0,normalDay
2019-10-11,1235.0,2377.0,0.0,100,296.28,273.0,0,0.0,0.0,,0.0,1,1.06,0.57,SPY191231C00318000,318.0,normalDay
2019-10-14,1235.0,2359.0,0.0,100,295.95,273.0,0,0.0,0.0,,0.0,1,1.06,0.42,SPY191231C00318000,318.0,normalDay
2019-10-15,1235.0,2630.0,0.0,100,298.88,273.0,0,0.0,0.0,,0.0,1,1.06,0.64,SPY191231C00318000,318.0,normalDay
2019-10-16,1235.0,2588.0,0.0,100,298.4,273.0,0,0.0,0.0,,0.0,1,1.06,0.58,SPY191231C00318000,318.0,normalDay
2019-10-17,1235.0,2671.0,0.0,100,299.28,273.0,0,0.0,0.0,,0.0,1,1.06,0.63,SPY191231C00318000,318.0,normalDay
2019-10-18,1235.0,2546.0,0.0,100,297.97,273.0,0,0.0,0.0,,0.0,1,1.06,0.57,SPY191231C00318000,318.0,normalDay
2019-10-21,1235.0,2740.0,0.0,100,299.99,273.0,0,0.0,0.0,,0.0,1,1.06,0.65,SPY191231C00318000,318.0,normalDay
2019-10-22,1235.0,2650.0,0.0,100,299.01,273.0,0,0.0,0.0,,0.0,1,1.06,0.57,SPY191231C00318000,318.0,normalDay
2019-10-23,1235.0,2733.0,0.0,100,299.88,273.0,0,0.0,0.0,,0.0,1,1.06,0.61,SPY191231C00318000,318.0,normalDay
2019-10-24,1235.0,2785.0,0.0,100,300.37,273.0,0,0.0,0.0,,0.0,1,1.06,0.58,SPY191231C00318000,318.0,normalDay
2019-10-25,1235.0,2901.0,0.0,100,301.6,273.0,0,0.0,0.0,,0.0,1,1.06,0.65,SPY191231C00318000,318.0,normalDay
2019-10-28,1235.0,3048.0,0.0,100,303.3,273.0,0,0.0,0.0,,0.0,1,1.06,0.88,SPY191231C00318000,318.0,normalDay
2019-10-29,1235.0,3047.0,0.0,100,303.21,273.0,0,0.0,0.0,,0.0,1,1.06,0.8,SPY191231C00318000,318.0,normalDay
2019-10-30,1235.0,3139.0,0.0,100,304.14,273.0,0,0.0,0.0,,0.0,1,1.06,0.81,SPY191231C00318000,318.0,normalDay
2019-10-31,1235.0,3074.0,0.0,100,303.33,273.0,0,0.0,0.0,,0.0,1,1.06,0.65,SPY191231C00318000,318.0,normalDay
2019-11-01,1235.0,3322.0,0.0,100,306.14,273.0,0,0.0,0.0,,0.0,1,1.06,0.98,SPY191231C00318000,318.0,normalDay
2019-11-04,1235.0,3423.0,0.0,100,307.37,273.0,0,0.0,0.0,,0.0,1,1.06,1.2,SPY191231C00318000,318.0,normalDay
2019-11-05,1235.0,3395.0,0.0,100,307.03,273.0,0,0.0,0.0,,0.0,1,1.06,1.14,SPY191231C00318000,318.0,normalDay
2019-11-06,1235.0,3407.0,0.0,100,307.1,273.0,0,0.0,0.0,,0.0,1,1.06,1.09,SPY191231C00318000,318.0,normalDay
2019-11-07,1235.0,3497.0,0.0,100,308.18,273.0,0,0.0,0.0,,0.0,1,1.06,1.27,SPY191231C00318000,318.0,normalDay
2019-11-08,1235.0,3565.0,0.0,100,308.94,273.0,0,0.0,0.0,,0.0,1,1.06,1.35,SPY191231C00318000,318.0,normalDay
2019-11-11,1235.0,3525.0,0.0,100,308.35,273.0,0,0.0,0.0,,0.0,1,1.06,1.16,SPY191231C00318000,318.0,normalDay
2019-11-12,1235.0,3588.0,0.0,100,309.0,273.0,0,0.0,0.0,,0.0,1,1.06,1.18,SPY191231C00318000,318.0,normalDay
2019-11-13,1235.0,3598.0,0.0,100,309.1,273.0,0,0.0,0.0,,0.0,1,1.06,1.18,SPY191231C00318000,318.0,normalDay
2019-11-14,1235.0,3644.0,0.0,100,309.55,273.0,0,0.0,0.0,,0.0,1,1.06,1.17,SPY191231C00318000,318.0,normalDay
2019-11-15,1235.0,3833.0,0.0,100,311.79,273.0,0,0.0,0.0,,0.0,1,1.06,1.52,SPY191231C00318000,318.0,normalDay
2019-11-18,1235.0,3856.0,0.0,100,312.02,273.0,0,0.0,0.0,,0.0,1,1.06,1.52,SPY191231C00318000,318.0,normalDay
2019-11-19,1235.0,3859.0,0.0,100,311.93,273.0,0,0.0,0.0,,0.0,1,1.06,1.4,SPY191231C00318000,318.0,normalDay
2019-11-20,1235.0,3784.0,0.0,100,310.77,273.0,0,0.0,0.0,,0.0,1,1.06,0.99,SPY191231C00318000,318.0,normalDay
2019-11-21,1235.0,3742.0,0.0,100,310.27,273.0,0,0.0,0.0,,0.0,1,1.06,0.91,SPY191231C00318000,318.0,normalDay
2019-11-22,1235.0,3812.0,0.0,100,310.96,273.0,0,0.0,0.0,,0.0,1,1.06,0.9,SPY191231C00318000,318.0,normalDay
2019-11-25,1235.0,4019.0,0.0,100,313.37,273.0,0,0.0,0.0,,0.0,1,1.06,1.24,SPY191231C00318000,318.0,normalDay
2019-11-26,1235.0,4067.0,0.0,100,314.08,273.0,0,0.0,0.0,,0.0,1,1.06,1.47,SPY191231C00318000,318.0,normalDay
2019-11-27,1235.0,4153.0,0.0,100,315.48,273.0,0,0.0,0.0,,0.0,1,1.06,2.01,SPY191231C00318000,318.0,normalDay
2019-11-29,1235.0,4071.0,0.0,100,314.31,273.0,0,0.0,0.0,,0.0,1,1.06,1.66,SPY191231C00318000,318.0,normalDay
2019-12-02,1235.0,3875.0,0.0,100,311.64,273.0,0,0.0,0.0,,0.0,1,1.06,0.95,SPY191231C00318000,318.0,normalDay
2019-12-03,1235.0,3697.0,0.0,100,309.55,273.0,0,0.0,0.0,,0.0,1,1.06,0.64,SPY191231C00318000,318.0,normalDay
2019-12-04,1235.0,3871.0,0.0,100,311.46,273.0,0,0.0,0.0,,0.0,1,1.06,0.81,SPY191231C00318000,318.0,normalDay
2019-12-05,1235.0,3919.0,0.0,100,312.02,273.0,0,0.0,0.0,,0.0,1,1.06,0.89,SPY191231C00318000,318.0,normalDay
2019-12-06,1235.0,4149.0,0.0,100,314.87,273.0,0,0.0,0.0,,0.0,1,1.06,1.44,SPY191231C00318000,318.0,normalDay
2019-12-09,1235.0,4077.0,0.0,100,313.88,273.0,0,0.0,0.0,,0.0,1,1.06,1.17,SPY191231C00318000,318.0,normalDay
2019-12-10,1235.0,4050.0,0.0,100,313.53,273.0,0,0.0,0.0,,0.0,1,1.06,1.09,SPY191231C00318000,318.0,normalDay
2019-12-11,1235.0,4131.0,0.0,100,314.42,273.0,0,0.0,0.0,,0.0,1,1.06,1.17,SPY191231C00318000,318.0,normalDay
2019-12-12,1235.0,4322.0,0.0,100,317.13,273.0,0,0.0,0.0,,0.0,1,1.06,1.97,SPY191231C00318000,318.0,normalDay
2019-12-13,1235.0,4384.0,0.0,100,317.32,273.0,0,0.0,0.0,,0.0,1,1.06,1.54,SPY191231C00318000,318.0,normalDay
2019-12-16,1235.0,4488.0,0.0,100,319.5,273.0,0,0.0,0.0,,0.0,1,1.06,2.68,SPY191231C00318000,318.0,normalDay
2019-12-17,1235.0,4520.0,0.0,100,319.57,273.0,0,0.0,0.0,,0.0,1,1.06,2.43,SPY191231C00318000,318.0,normalDay
2019-12-18,1235.0,4528.0,0.0,100,319.59,273.0,0,0.0,0.0,,0.0,1,1.06,2.37,SPY191231C00318000,318.0,normalDay
2019-12-19,1235.0,4589.0,0.0,100,320.9,273.0,0,0.0,0.0,,0.0,1,1.06,3.07,SPY191231C00318000,318.0,normalDay
2019-12-20,1235.0,4463.0,0.0,100,320.73,273.0,0,0.0,0.0,,0.0,1,1.06,4.16,SPY191231C00318000,318.0,normalDay
2019-12-23,1235.0,4529.0,0.0,100,321.22,273.0,0,0.0,0.0,,0.0,1,1.06,3.99,SPY191231C00318000,318.0,normalDay
2019-12-24,1235.0,4531.0,0.0,100,321.23,273.0,0,0.0,0.0,,0.0,1,1.06,3.98,SPY191231C00318000,318.0,normalDay
2019-12-26,1235.0,4567.0,0.0,100,322.94,273.0,0,0.0,0.0,,0.0,1,1.06,5.33,SPY191231C00318000,318.0,normalDay
2019-12-27,1235.0,4592.0,0.0,100,322.86,273.0,0,0.0,0.0,,0.0,1,1.06,5.0,SPY191231C00318000,318.0,normalDay
2019-12-30,1235.0,4567.0,0.0,100,321.08,273.0,0,0.0,0.0,,0.0,1,1.06,3.47,SPY191231C00318000,318.0,normalDay
2019-12-31,5841.0,4567.0,4606.0,0,321.86,0.0,0,0.0,0.0,,0.0,1,1.06,0.0,SPY191231C00318000,318.0,expirationDay
2020-01-02,5841.0,-4.0,0.0,0,324.87,0.0,1,0.35,0.39,SPY200113P00317000,317.0,0,0.0,0.0,,0.0,normalDay
2020-01-03,5841.0,-46.0,0.0,0,322.41,0.0,1,0.35,0.81,SPY200113P00317000,317.0,0,0.0,0.0,,0.0,normalDay
2020-01-06,5841.0,1.0,0.0,0,323.64,0.0,1,0.35,0.34,SPY200113P00317000,317.0,0,0.0,0.0,,0.0,normalDay
2020-01-07,5841.0,-2.0,0.0,0,322.73,0.0,1,0.35,0.37,SPY200113P00317000,317.0,0,0.0,0.0,,0.0,normalDay
2020-01-08,5841.0,14.0,0.0,0,324.45,0.0,1,0.35,0.21,SPY200113P00317000,317.0,0,0.0,0.0,,0.0,normalDay
2020-01-09,5841.0,29.0,0.0,0,326.65,0.0,1,0.35,0.06,SPY200113P00317000,317.0,0,0.0,0.0,,0.0,normalDay
2020-01-10,5841.0,32.0,0.0,0,325.71,0.0,1,0.35,0.03,SPY200113P00317000,317.0,0,0.0,0.0,,0.0,normalDay
2020-01-13,5876.0,0.0,35.0,0,327.95,0.0,1,0.35,0.0,SPY200113P00317000,317.0,0,0.0,0.0,,0.0,expirationDay
2020-01-14,5876.0,-3.0,0.0,0,327.45,0.0,1,0.56,0.59,SPY200124P00322000,322.0,0,0.0,0.0,,0.0,normalDay
2020-01-15,5876.0,15.0,0.0,0,328.19,0.0,1,0.56,0.41,SPY200124P00322000,322.0,0,0.0,0.0,,0.0,normalDay
2020-01-16,5876.0,35.0,0.0,0,330.92,0.0,1,0.56,0.21,SPY200124P00322000,322.0,0,0.0,0.0,,0.0,normalDay
2020-01-17,5876.0,48.0,0.0,0,331.95,0.0,1,0.56,0.08,SPY200124P00322000,322.0,0,0.0,0.0,,0.0,normalDay
2020-01-21,5876.0,49.0,0.0,0,331.3,0.0,1,0.56,0.07,SPY200124P00322000,322.0,0,0.0,0.0,,0.0,normalDay
2020-01-22,5876.0,53.0,0.0,0,331.34,0.0,1,0.56,0.03,SPY200124P00322000,322.0,0,0.0,0.0,,0.0,normalDay
2020-01-23,5876.0,54.0,0.0,0,331.72,0.0,1,0.56,0.02,SPY200124P00322000,322.0,0,0.0,0.0,,0.0,normalDay
2020-01-24,5932.0,0.0,56.0,0,328.77,0.0,1,0.56,0.0,SPY200124P00322000,322.0,0,0.0,0.0,,0.0,expirationDay
2020-01-27,5932.0,-5.0,0.0,0,323.5,0.0,1,4.75,4.8,SPY200207P00325000,325.0,0,0.0,0.0,,0.0,normalDay
2020-01-28,5932.0,199.0,0.0,0,326.89,0.0,1,4.75,2.76,SPY200207P00325000,325.0,0,0.0,0.0,,0.0,normalDay
2020-01-29,5932.0,203.0,0.0,0,326.62,0.0,1,4.75,2.72,SPY200207P00325000,325.0,0,0.0,0.0,,0.0,normalDay
2020-01-30,5932.0,300.0,0.0,0,327.68,0.0,1,4.75,1.75,SPY200207P00325000,325.0,0,0.0,0.0,,0.0,normalDay
2020-01-31,5932.0,-20.0,0.0,0,321.73,0.0,1,4.75,4.95,SPY200207P00325000,325.0,0,0.0,0.0,,0.0,normalDay
2020-02-03,5932.0,148.0,0.0,0,324.12,0.0,1,4.75,3.27,SPY200207P00325000,325.0,0,0.0,0.0,,0.0,normalDay
2020-02-04,5932.0,400.0,0.0,0,329.06,0.0,1,4.75,0.75,SPY200207P00325000,325.0,0,0.0,0.0,,0.0,normalDay
2020-02-05,5932.0,464.0,0.0,0,332.86,0.0,1,4.75,0.11,SPY200207P00325000,325.0,0,0.0,0.0,,0.0,normalDay
2020-02-06,5932.0,472.0,0.0,0,333.98,0.0,1,4.75,0.03,SPY200207P00325000,325.0,0,0.0,0.0,,0.0,normalDay
2020-02-07,6407.0,0.0,475.0,0,332.2,0.0,1,4.75,0.0,SPY200207P00325000,325.0,0,0.0,0.0,,0.0,expirationDay
2020-02-10,6407.0,-3.0,0.0,0,334.68,0.0,1,0.95,0.98,SPY200221P00328000,328.0,0,0.0,0.0,,0.0,normalDay
2020-02-11,6407.0,13.0,0.0,0,335.26,0.0,1,0.95,0.82,SPY200221P00328000,328.0,0,0.0,0.0,,0.0,normalDay
2020-02-12,6407.0,57.0,0.0,0,337.42,0.0,1,0.95,0.38,SPY200221P00328000,328.0,0,0.0,0.0,,0.0,normalDay
2020-02-13,6407.0,56.0,0.0,0,337.06,0.0,1,0.95,0.39,SPY200221P00328000,328.0,0,0.0,0.0,,0.0,normalDay
2020-02-14,6407.0,72.0,0.0,0,337.6,0.0,1,0.95,0.23,SPY200221P00328000,328.0,0,0.0,0.0,,0.0,normalDay
2020-02-18,6407.0,82.0,0.0,0,336.73,0.0,1,0.95,0.13,SPY200221P00328000,328.0,0,0.0,0.0,,0.0,normalDay
2020-02-19,6407.0,90.0,0.0,0,338.34,0.0,1,0.95,0.05,SPY200221P00328000,328.0,0,0.0,0.0,,0.0,normalDay
2020-02-20,6407.0,91.0,0.0,0,336.95,0.0,1,0.95,0.04,SPY200221P00328000,328.0,0,0.0,0.0,,0.0,normalDay
2020-02-21,6502.0,0.0,95.0,0,333.48,0.0,1,0.95,0.0,SPY200221P00328000,328.0,0,0.0,0.0,,0.0,expirationDay
2020-02-24,6502.0,-9.0,0.0,0,322.42,0.0,1,9.72,9.81,SPY200306P00330000,330.0,0,0.0,0.0,,0.0,normalDay
2020-02-25,6502.0,-764.0,0.0,0,312.65,0.0,1,9.72,17.36,SPY200306P00330000,330.0,0,0.0,0.0,,0.0,normalDay
2020-02-26,6502.0,-959.0,0.0,0,311.5,0.0,1,9.72,19.31,SPY200306P00330000,330.0,0,0.0,0.0,,0.0,normalDay
2020-02-27,6502.0,-2307.0,0.0,0,297.51,0.0,1,9.72,32.79,SPY200306P00330000,330.0,0,0.0,0.0,,0.0,normalDay
2020-02-28,6502.0,-2386.0,0.0,0,296.26,0.0,1,9.72,33.58,SPY200306P00330000,330.0,0,0.0,0.0,,0.0,normalDay
2020-03-02,6502.0,-1137.0,0.0,0,309.09,0.0,1,9.72,21.09,SPY200306P00330000,330.0,0,0.0,0.0,,0.0,normalDay
2020-03-03,6502.0,-1892.0,0.0,0,300.24,0.0,1,9.72,28.64,SPY200306P00330000,330.0,0,0.0,0.0,,0.0,normalDay
2020-03-04,6502.0,-851.0,0.0,0,312.86,0.0,1,9.72,18.23,SPY200306P00330000,330.0,0,0.0,0.0,,0.0,normalDay
2020-03-05,6502.0,-1832.0,0.0,0,302.46,0.0,1,9.72,28.04,SPY200306P00330000,330.0,0,0.0,0.0,,0.0,normalDay
2020-03-06,7474.0,-3254.0,972.0,100,297.46,330.0,1,9.72,0.0,SPY200306P00330000,330.0,0,0.0,0.0,,0.0,expirationDay
2020-03-09,7474.0,-5589.0,0.0,100,274.23,330.0,0,0.0,0.0,,0.0,1,0.03,0.15,SPY200717C00395000,395.0,normalDay
2020-03-10,7474.0,-4179.0,0.0,100,288.42,330.0,0,0.0,0.0,,0.0,1,0.03,0.24,SPY200717C00395000,395.0,normalDay
2020-03-11,7474.0,-5580.0,0.0,100,274.36,330.0,0,0.0,0.0,,0.0,1,0.03,0.19,SPY200717C00395000,395.0,normalDay
2020-03-12,7474.0,-8198.0,0.0,100,248.11,330.0,0,0.0,0.0,,0.0,1,0.03,0.12,SPY200717C00395000,395.0,normalDay
2020-03-13,7474.0,-6077.0,0.0,100,269.32,330.0,0,0.0,0.0,,0.0,1,0.03,0.12,SPY200717C00395000,395.0,normalDay
2020-03-16,7474.0,-9024.0,0.0,100,239.85,330.0,0,0.0,0.0,,0.0,1,0.03,0.12,SPY200717C00395000,395.0,normalDay
2020-03-17,7474.0,-7726.0,0.0,100,252.8,330.0,0,0.0,0.0,,0.0,1,0.03,0.09,SPY200717C00395000,395.0,normalDay
2020-03-18,7474.0,-9012.0,0.0,100,240.0,330.0,0,0.0,0.0,,0.0,1,0.03,0.15,SPY200717C00395000,395.0,normalDay
2020-03-19,7474.0,-8958.0,0.0,100,240.51,330.0,0,0.0,0.0,,0.0,1,0.03,0.12,SPY200717C00395000,395.0,normalDay
2020-03-20,7474.0,-10125.0,0.0,100,228.8,330.0,0,0.0,0.0,,0.0,1,0.03,0.08,SPY200717C00395000,395.0,normalDay
2020-03-23,7474.0,-10711.0,0.0,100,222.95,330.0,0,0.0,0.0,,0.0,1,0.03,0.09,SPY200717C00395000,395.0,normalDay
2020-03-24,7474.0,-8691.0,0.0,100,243.15,330.0,0,0.0,0.0,,0.0,1,0.03,0.09,SPY200717C00395000,395.0,normalDay
2020-03-25,7474.0,-8326.0,0.0,100,246.79,330.0,0,0.0,0.0,,0.0,1,0.03,0.08,SPY200717C00395000,395.0,normalDay
2020-03-26,7474.0,-6885.0,0.0,100,261.2,330.0,0,0.0,0.0,,0.0,1,0.03,0.08,SPY200717C00395000,395.0,normalDay
2020-03-27,7474.0,-7663.0,0.0,100,253.42,330.0,0,0.0,0.0,,0.0,1,0.03,0.08,SPY200717C00395000,395.0,normalDay
2020-03-30,7474.0,-6840.0,0.0,100,261.65,330.0,0,0.0,0.0,,0.0,1,0.03,0.08,SPY200717C00395000,395.0,normalDay
2020-03-31,7474.0,-7227.0,0.0,100,257.75,330.0,0,0.0,0.0,,0.0,1,0.03,0.05,SPY200717C00395000,395.0,normalDay
2020-04-01,7474.0,-8387.0,0.0,100,246.15,330.0,0,0.0,0.0,,0.0,1,0.03,0.05,SPY200717C00395000,395.0,normalDay
2020-04-02,7474.0,-7820.0,0.0,100,251.83,330.0,0,0.0,0.0,,0.0,1,0.03,0.06,SPY200717C00395000,395.0,normalDay
2020-04-03,7474.0,-8183.0,0.0,100,248.19,330.0,0,0.0,0.0,,0.0,1,0.03,0.05,SPY200717C00395000,395.0,normalDay
2020-04-06,7474.0,-6517.0,0.0,100,264.86,330.0,0,0.0,0.0,,0.0,1,0.03,0.06,SPY200717C00395000,395.0,normalDay
2020-04-07,7474.0,-6490.0,0.0,100,265.13,330.0,0,0.0,0.0,,0.0,1,0.03,0.06,SPY200717C00395000,395.0,normalDay
2020-04-08,7474.0,-5601.0,0.0,100,274.03,330.0,0,0.0,0.0,,0.0,1,0.03,0.07,SPY200717C00395000,395.0,normalDay
2020-04-09,7474.0,-5185.0,0.0,100,278.2,330.0,0,0.0,0.0,,0.0,1,0.03,0.08,SPY200717C00395000,395.0,normalDay
2020-04-13,7474.0,-5438.0,0.0,100,275.66,330.0,0,0.0,0.0,,0.0,1,0.03,0.07,SPY200717C00395000,395.0,normalDay
2020-04-14,7474.0,-4624.0,0.0,100,283.79,330.0,0,0.0,0.0,,0.0,1,0.03,0.06,SPY200717C00395000,395.0,normalDay
2020-04-15,7474.0,-5227.0,0.0,100,277.76,330.0,0,0.0,0.0,,0.0,1,0.03,0.06,SPY200717C00395000,395.0,normalDay
2020-04-16,7474.0,-5093.0,0.0,100,279.1,330.0,0,0.0,0.0,,0.0,1,0.03,0.06,SPY200717C00395000,395.0,normalDay
2020-04-17,7474.0,-4338.0,0.0,100,286.64,330.0,0,0.0,0.0,,0.0,1,0.03,0.05,SPY200717C00395000,395.0,normalDay
2020-04-20,7474.0,-4843.0,0.0,100,281.59,330.0,0,0.0,0.0,,0.0,1,0.03,0.05,SPY200717C00395000,395.0,normalDay
2020-04-21,7474.0,-5698.0,0.0,100,273.04,330.0,0,0.0,0.0,,0.0,1,0.03,0.05,SPY200717C00395000,395.0,normalDay
2020-04-22,7474.0,-5092.0,0.0,100,279.1,330.0,0,0.0,0.0,,0.0,1,0.03,0.05,SPY200717C00395000,395.0,normalDay
2020-04-23,7474.0,-5093.0,0.0,100,279.08,330.0,0,0.0,0.0,,0.0,1,0.03,0.04,SPY200717C00395000,395.0,normalDay
2020-04-24,7474.0,-4703.0,0.0,100,282.97,330.0,0,0.0,0.0,,0.0,1,0.03,0.03,SPY200717C00395000,395.0,normalDay
2020-04-27,7474.0,-4297.0,0.0,100,287.05,330.0,0,0.0,0.0,,0.0,1,0.03,0.05,SPY200717C00395000,395.0,normalDay
2020-04-28,7474.0,-4428.0,0.0,100,285.73,330.0,0,0.0,0.0,,0.0,1,0.03,0.04,SPY200717C00395000,395.0,normalDay
2020-04-29,7474.0,-3680.0,0.0,100,293.21,330.0,0,0.0,0.0,,0.0,1,0.03,0.04,SPY200717C00395000,395.0,normalDay
2020-04-30,7474.0,-3953.0,0.0,100,290.48,330.0,0,0.0,0.0,,0.0,1,0.03,0.04,SPY200717C00395000,395.0,normalDay
2020-05-01,7474.0,-4722.0,0.0,100,282.79,330.0,0,0.0,0.0,,0.0,1,0.03,0.04,SPY200717C00395000,395.0,normalDay
2020-05-04,7474.0,-4643.0,0.0,100,283.57,330.0,0,0.0,0.0,,0.0,1,0.03,0.03,SPY200717C00395000,395.0,normalDay
2020-05-05,7474.0,-4381.0,0.0,100,286.19,330.0,0,0.0,0.0,,0.0,1,0.03,0.03,SPY200717C00395000,395.0,normalDay
2020-05-06,7474.0,-4575.0,0.0,100,284.25,330.0,0,0.0,0.0,,0.0,1,0.03,0.03,SPY200717C00395000,395.0,normalDay
2020-05-07,7474.0,-4232.0,0.0,100,287.68,330.0,0,0.0,0.0,,0.0,1,0.03,0.03,SPY200717C00395000,395.0,normalDay
2020-05-08,7474.0,-3756.0,0.0,100,292.44,330.0,0,0.0,0.0,,0.0,1,0.03,0.03,SPY200717C00395000,395.0,normalDay
2020-05-11,7474.0,-3749.0,0.0,100,292.5,330.0,0,0.0,0.0,,0.0,1,0.03,0.02,SPY200717C00395000,395.0,normalDay
2020-05-12,7474.0,-4332.0,0.0,100,286.67,330.0,0,0.0,0.0,,0.0,1,0.03,0.02,SPY200717C00395000,395.0,normalDay
2020-05-13,7474.0,-4839.0,0.0,100,281.6,330.0,0,0.0,0.0,,0.0,1,0.03,0.02,SPY200717C00395000,395.0,normalDay
2020-05-14,7474.0,-4502.0,0.0,100,284.97,330.0,0,0.0,0.0,,0.0,1,0.03,0.02,SPY200717C00395000,395.0,normalDay
2020-05-15,7474.0,-4371.0,0.0,100,286.28,330.0,0,0.0,0.0,,0.0,1,0.03,0.02,SPY200717C00395000,395.0,normalDay
2020-05-18,7474.0,-3499.0,0.0,100,295.0,330.0,0,0.0,0.0,,0.0,1,0.03,0.02,SPY200717C00395000,395.0,normalDay
2020-05-19,7474.0,-3802.0,0.0,100,291.97,330.0,0,0.0,0.0,,0.0,1,0.03,0.02,SPY200717C00395000,395.0,normalDay
2020-05-20,7474.0,-3306.0,0.0,100,296.93,330.0,0,0.0,0.0,,0.0,1,0.03,0.02,SPY200717C00395000,395.0,normalDay
2020-05-21,7474.0,-3511.0,0.0,100,294.88,330.0,0,0.0,0.0,,0.0,1,0.03,0.02,SPY200717C00395000,395.0,normalDay
2020-05-22,7474.0,-3455.0,0.0,100,295.44,330.0,0,0.0,0.0,,0.0,1,0.03,0.02,SPY200717C00395000,395.0,normalDay
2020-05-26,7474.0,-3091.0,0.0,100,299.08,330.0,0,0.0,0.0,,0.0,1,0.03,0.02,SPY200717C00395000,395.0,normalDay
2020-05-27,7474.0,-2646.0,0.0,100,303.53,330.0,0,0.0,0.0,,0.0,1,0.03,0.02,SPY200717C00395000,395.0,normalDay
2020-05-28,7474.0,-2702.0,0.0,100,302.97,330.0,0,0.0,0.0,,0.0,1,0.03,0.02,SPY200717C00395000,395.0,normalDay
2020-05-29,7474.0,-2568.0,0.0,100,304.32,330.0,0,0.0,0.0,,0.0,1,0.03,0.03,SPY200717C00395000,395.0,normalDay
2020-06-01,7474.0,-2444.0,0.0,100,305.55,330.0,0,0.0,0.0,,0.0,1,0.03,0.02,SPY200717C00395000,395.0,normalDay
2020-06-02,7474.0,-2191.0,0.0,100,308.08,330.0,0,0.0,0.0,,0.0,1,0.03,0.02,SPY200717C00395000,395.0,normalDay
2020-06-03,7474.0,-1781.0,0.0,100,312.18,330.0,0,0.0,0.0,,0.0,1,0.03,0.02,SPY200717C00395000,395.0,normalDay
2020-06-04,7474.0,-1863.0,0.0,100,311.36,330.0,0,0.0,0.0,,0.0,1,0.03,0.02,SPY200717C00395000,395.0,normalDay
2020-06-05,7474.0,-1066.0,0.0,100,319.34,330.0,0,0.0,0.0,,0.0,1,0.03,0.03,SPY200717C00395000,395.0,normalDay
2020-06-08,7474.0,-682.0,0.0,100,323.2,330.0,0,0.0,0.0,,0.0,1,0.03,0.05,SPY200717C00395000,395.0,normalDay
2020-06-09,7474.0,-922.0,0.0,100,320.79,330.0,0,0.0,0.0,,0.0,1,0.03,0.04,SPY200717C00395000,395.0,normalDay
2020-06-10,7474.0,-1101.0,0.0,100,319.0,330.0,0,0.0,0.0,,0.0,1,0.03,0.04,SPY200717C00395000,395.0,normalDay
2020-06-11,7474.0,-2940.0,0.0,100,300.61,330.0,0,0.0,0.0,,0.0,1,0.03,0.04,SPY200717C00395000,395.0,normalDay
2020-06-12,7474.0,-2579.0,0.0,100,304.21,330.0,0,0.0,0.0,,0.0,1,0.03,0.03,SPY200717C00395000,395.0,normalDay
2020-06-15,7474.0,-2295.0,0.0,100,307.05,330.0,0,0.0,0.0,,0.0,1,0.03,0.03,SPY200717C00395000,395.0,normalDay
2020-06-16,7474.0,-1704.0,0.0,100,312.96,330.0,0,0.0,0.0,,0.0,1,0.03,0.03,SPY200717C00395000,395.0,normalDay
2020-06-17,7474.0,-1834.0,0.0,100,311.66,330.0,0,0.0,0.0,,0.0,1,0.03,0.03,SPY200717C00395000,395.0,normalDay
2020-06-18,7474.0,-1821.0,0.0,100,311.78,330.0,0,0.0,0.0,,0.0,1,0.03,0.02,SPY200717C00395000,395.0,normalDay
2020-06-19,7474.0,-2135.0,0.0,100,308.64,330.0,0,0.0,0.0,,0.0,1,0.03,0.02,SPY200717C00395000,395.0,normalDay
2020-06-22,7474.0,-1936.0,0.0,100,310.62,330.0,0,0.0,0.0,,0.0,1,0.03,0.01,SPY200717C00395000,395.0,normalDay
2020-06-23,7474.0,-1793.0,0.0,100,312.05,330.0,0,0.0,0.0,,0.0,1,0.03,0.01,SPY200717C00395000,395.0,normalDay
2020-06-24,7474.0,-2589.0,0.0,100,304.09,330.0,0,0.0,0.0,,0.0,1,0.03,0.01,SPY200717C00395000,395.0,normalDay
2020-06-25,7474.0,-2263.0,0.0,100,307.35,330.0,0,0.0,0.0,,0.0,1,0.03,0.01,SPY200717C00395000,395.0,normalDay
2020-06-26,7474.0,-2993.0,0.0,100,300.05,330.0,0,0.0,0.0,,0.0,1,0.03,0.01,SPY200717C00395000,395.0,normalDay
2020-06-29,7474.0,-2552.0,0.0,100,304.46,330.0,0,0.0,0.0,,0.0,1,0.03,0.01,SPY200717C00395000,395.0,normalDay
2020-06-30,7474.0,-2162.0,0.0,100,308.36,330.0,0,0.0,0.0,,0.0,1,0.03,0.01,SPY200717C00395000,395.0,normalDay
2020-07-01,7474.0,-1946.0,0.0,100,310.52,330.0,0,0.0,0.0,,0.0,1,0.03,0.01,SPY200717C00395000,395.0,normalDay
2020-07-02,7474.0,-1775.0,0.0,100,312.23,330.0,0,0.0,0.0,,0.0,1,0.03,0.01,SPY200717C00395000,395.0,normalDay
2020-07-06,7474.0,-1293.0,0.0,100,317.05,330.0,0,0.0,0.0,,0.0,1,0.03,0.01,SPY200717C00395000,395.0,normalDay
2020-07-07,7474.0,-1620.0,0.0,100,313.78,330.0,0,0.0,0.0,,0.0,1,0.03,0.01,SPY200717C00395000,395.0,normalDay
2020-07-08,7474.0,-1380.0,0.0,100,316.18,330.0,0,0.0,0.0,,0.0,1,0.03,0.01,SPY200717C00395000,395.0,normalDay
2020-07-09,7474.0,-1560.0,0.0,100,314.38,330.0,0,0.0,0.0,,0.0,1,0.03,0.01,SPY200717C00395000,395.0,normalDay
2020-07-10,7474.0,-1239.0,0.0,100,317.59,330.0,0,0.0,0.0,,0.0,1,0.03,0.01,SPY200717C00395000,395.0,normalDay
2020-07-13,7474.0,-1514.0,0.0,100,314.84,330.0,0,0.0,0.0,,0.0,1,0.03,0.01,SPY200717C00395000,395.0,normalDay
2020-07-14,7474.0,-1106.0,0.0,100,318.92,330.0,0,0.0,0.0,,0.0,1,0.03,0.01,SPY200717C00395000,395.0,normalDay
2020-07-15,7474.0,-813.0,0.0,100,321.85,330.0,0,0.0,0.0,,0.0,1,0.03,0.01,SPY200717C00395000,395.0,normalDay
2020-07-16,7474.0,-919.0,0.0,100,320.79,330.0,0,0.0,0.0,,0.0,1,0.03,0.01,SPY200717C00395000,395.0,normalDay
2020-07-17,7477.0,-828.0,3.0,100,321.72,330.0,0,0.0,0.0,,0.0,1,0.03,0.0,SPY200717C00395000,395.0,expirationDay
2020-07-20,7477.0,-579.0,0.0,100,324.32,330.0,0,0.0,0.0,,0.0,1,9.39,9.5,SPY201120C00339000,339.0,normalDay
2020-07-21,7477.0,-544.0,0.0,100,325.01,330.0,0,0.0,0.0,,0.0,1,9.39,9.84,SPY201120C00339000,339.0,normalDay
2020-07-22,7477.0,-402.0,0.0,100,326.86,330.0,0,0.0,0.0,,0.0,1,9.39,10.27,SPY201120C00339000,339.0,normalDay
2020-07-23,7477.0,-628.0,0.0,100,322.96,330.0,0,0.0,0.0,,0.0,1,9.39,8.63,SPY201120C00339000,339.0,normalDay
2020-07-24,7477.0,-779.0,0.0,100,320.88,330.0,0,0.0,0.0,,0.0,1,9.39,8.06,SPY201120C00339000,339.0,normalDay
2020-07-27,7477.0,-600.0,0.0,100,323.22,330.0,0,0.0,0.0,,0.0,1,9.39,8.61,SPY201120C00339000,339.0,normalDay
2020-07-28,7477.0,-727.0,0.0,100,321.17,330.0,0,0.0,0.0,,0.0,1,9.39,7.83,SPY201120C00339000,339.0,normalDay
2020-07-29,7477.0,-472.0,0.0,100,325.12,330.0,0,0.0,0.0,,0.0,1,9.39,9.23,SPY201120C00339000,339.0,normalDay
2020-07-30,7477.0,-586.0,0.0,100,323.96,330.0,0,0.0,0.0,,0.0,1,9.39,9.21,SPY201120C00339000,339.0,normalDay
2020-07-31,7477.0,-420.0,0.0,100,326.52,330.0,0,0.0,0.0,,0.0,1,9.39,10.11,SPY201120C00339000,339.0,normalDay
2020-08-03,7477.0,-271.0,0.0,100,328.79,330.0,0,0.0,0.0,,0.0,1,9.39,10.89,SPY201120C00339000,339.0,normalDay
2020-08-04,7477.0,-164.0,0.0,100,330.06,330.0,0,0.0,0.0,,0.0,1,9.39,11.09,SPY201120C00339000,339.0,normalDay
2020-08-05,7477.0,-36.0,0.0,100,332.11,330.0,0,0.0,0.0,,0.0,1,9.39,11.86,SPY201120C00339000,339.0,normalDay
2020-08-06,7477.0,73.0,0.0,100,334.33,330.0,0,0.0,0.0,,0.0,1,9.39,12.99,SPY201120C00339000,339.0,normalDay
2020-08-07,7477.0,97.0,0.0,100,334.57,330.0,0,0.0,0.0,,0.0,1,9.39,12.99,SPY201120C00339000,339.0,normalDay
2020-08-10,7477.0,179.0,0.0,100,335.57,330.0,0,0.0,0.0,,0.0,1,9.39,13.17,SPY201120C00339000,339.0,normalDay
2020-08-11,7477.0,-11.0,0.0,100,332.8,330.0,0,0.0,0.0,,0.0,1,9.39,12.3,SPY201120C00339000,339.0,normalDay
2020-08-12,7477.0,270.0,0.0,100,337.44,330.0,0,0.0,0.0,,0.0,1,9.39,14.13,SPY201120C00339000,339.0,normalDay
2020-08-13,7477.0,247.0,0.0,100,336.83,330.0,0,0.0,0.0,,0.0,1,9.39,13.75,SPY201120C00339000,339.0,normalDay
2020-08-14,7477.0,256.0,0.0,100,336.84,330.0,0,0.0,0.0,,0.0,1,9.39,13.67,SPY201120C00339000,339.0,normalDay
2020-08-17,7477.0,361.0,0.0,100,337.91,330.0,0,0.0,0.0,,0.0,1,9.39,13.69,SPY201120C00339000,339.0,normalDay
2020-08-18,7477.0,410.0,0.0,100,338.64,330.0,0,0.0,0.0,,0.0,1,9.39,13.93,SPY201120C00339000,339.0,normalDay
2020-08-19,7477.0,332.0,0.0,100,337.23,330.0,0,0.0,0.0,,0.0,1,9.39,13.3,SPY201120C00339000,339.0,normalDay
2020-08-20,7477.0,407.0,0.0,100,338.28,330.0,0,0.0,0.0,,0.0,1,9.39,13.6,SPY201120C00339000,339.0,normalDay
2020-08-21,7477.0,459.0,0.0,100,339.48,330.0,0,0.0,0.0,,0.0,1,9.39,14.28,SPY201120C00339000,339.0,normalDay
2020-08-24,7477.0,610.0,0.0,100,342.92,330.0,0,0.0,0.0,,0.0,1,9.39,16.21,SPY201120C00339000,339.0,normalDay
2020-08-25,7477.0,645.0,0.0,100,344.12,330.0,0,0.0,0.0,,0.0,1,9.39,17.06,SPY201120C00339000,339.0,normalDay
2020-08-26,7477.0,711.0,0.0,100,347.57,330.0,0,0.0,0.0,,0.0,1,9.39,19.85,SPY201120C00339000,339.0,normalDay
2020-08-27,7477.0,687.0,0.0,100,348.33,330.0,0,0.0,0.0,,0.0,1,9.39,20.85,SPY201120C00339000,339.0,normalDay
2020-08-28,7477.0,812.0,0.0,100,350.58,330.0,0,0.0,0.0,,0.0,1,9.39,21.85,SPY201120C00339000,339.0,normalDay
2020-08-31,7477.0,637.0,0.0,100,349.31,330.0,0,0.0,0.0,,0.0,1,9.39,22.33,SPY201120C00339000,339.0,normalDay
2020-09-01,7477.0,762.0,0.0,100,352.6,330.0,0,0.0,0.0,,0.0,1,9.39,24.37,SPY201120C00339000,339.0,normalDay
2020-09-02,7477.0,827.0,0.0,100,357.7,330.0,0,0.0,0.0,,0.0,1,9.39,28.82,SPY201120C00339000,339.0,normalDay
2020-09-03,7477.0,257.0,0.0,100,345.39,330.0,0,0.0,0.0,,0.0,1,9.39,22.21,SPY201120C00339000,339.0,normalDay
2020-09-04,7477.0,344.0,0.0,100,342.57,330.0,0,0.0,0.0,,0.0,1,9.39,18.52,SPY201120C00339000,339.0,normalDay
2020-09-08,7477.0,-12.0,0.0,100,333.21,330.0,0,0.0,0.0,,0.0,1,9.39,12.72,SPY201120C00339000,339.0,normalDay
2020-09-09,7477.0,379.0,0.0,100,339.79,330.0,0,0.0,0.0,,0.0,1,9.39,15.39,SPY201120C00339000,339.0,normalDay
2020-09-10,7477.0,84.0,0.0,100,333.89,330.0,0,0.0,0.0,,0.0,1,9.39,12.44,SPY201120C00339000,339.0,normalDay
2020-09-11,7477.0,227.0,0.0,100,334.06,330.0,0,0.0,0.0,,0.0,1,9.39,11.18,SPY201120C00339000,339.0,normalDay
2020-09-14,7477.0,440.0,0.0,100,338.46,330.0,0,0.0,0.0,,0.0,1,9.39,13.45,SPY201120C00339000,339.0,normalDay
2020-09-15,7477.0,517.0,0.0,100,340.17,330.0,0,0.0,0.0,,0.0,1,9.39,14.39,SPY201120C00339000,339.0,normalDay
2020-09-16,7477.0,497.0,0.0,100,338.82,330.0,0,0.0,0.0,,0.0,1,9.39,13.24,SPY201120C00339000,339.0,normalDay
2020-09-17,7477.0,351.0,0.0,100,335.84,330.0,0,0.0,0.0,,0.0,1,9.39,11.72,SPY201120C00339000,339.0,normalDay
2020-09-18,7477.0,70.0,0.0,100,330.65,330.0,0,0.0,0.0,,0.0,1,9.39,9.34,SPY201120C00339000,339.0,normalDay
2020-09-21,7477.0,-170.0,0.0,100,326.97,330.0,0,0.0,0.0,,0.0,1,9.39,8.06,SPY201120C00339000,339.0,normalDay
2020-09-22,7477.0,50.0,0.0,100,330.3,330.0,0,0.0,0.0,,0.0,1,9.39,9.19,SPY201120C00339000,339.0,normalDay
2020-09-23,7477.0,-441.0,0.0,100,322.64,330.0,0,0.0,0.0,,0.0,1,9.39,6.44,SPY201120C00339000,339.0,normalDay
2020-09-24,7477.0,-362.0,0.0,100,323.5,330.0,0,0.0,0.0,,0.0,1,9.39,6.51,SPY201120C00339000,339.0,normalDay
2020-09-25,7477.0,-3.0,0.0,100,328.73,330.0,0,0.0,0.0,,0.0,1,9.39,8.15,SPY201120C00339000,339.0,normalDay
2020-09-28,7477.0,276.0,0.0,100,334.19,330.0,0,0.0,0.0,,0.0,1,9.39,10.82,SPY201120C00339000,339.0,normalDay
2020-09-29,7477.0,173.0,0.0,100,332.37,330.0,0,0.0,0.0,,0.0,1,9.39,10.03,SPY201120C00339000,339.0,normalDay
2020-09-30,7477.0,403.0,0.0,100,334.89,330.0,0,0.0,0.0,,0.0,1,9.39,10.25,SPY201120C00339000,339.0,normalDay
2020-10-01,7477.0,431.0,0.0,100,337.04,330.0,0,0.0,0.0,,0.0,1,9.39,12.12,SPY201120C00339000,339.0,normalDay
2020-10-02,7477.0,275.0,0.0,100,333.84,330.0,0,0.0,0.0,,0.0,1,9.39,10.48,SPY201120C00339000,339.0,normalDay
2020-10-05,7477.0,622.0,0.0,100,339.76,330.0,0,0.0,0.0,,0.0,1,9.39,12.93,SPY201120C00339000,339.0,normalDay
2020-10-06,7477.0,387.0,0.0,100,334.93,330.0,0,0.0,0.0,,0.0,1,9.39,10.45,SPY201120C00339000,339.0,normalDay
2020-10-07,7477.0,723.0,0.0,100,340.76,330.0,0,0.0,0.0,,0.0,1,9.39,12.92,SPY201120C00339000,339.0,normalDay
2020-10-08,7477.0,909.0,0.0,100,343.78,330.0,0,0.0,0.0,,0.0,1,9.39,14.08,SPY201120C00339000,339.0,normalDay
2020-10-09,7477.0,1068.0,0.0,100,346.85,330.0,0,0.0,0.0,,0.0,1,9.39,15.56,SPY201120C00339000,339.0,normalDay
2020-10-12,7477.0,1234.0,0.0,100,352.43,330.0,0,0.0,0.0,,0.0,1,9.39,19.48,SPY201120C00339000,339.0,normalDay
2020-10-13,7477.0,1160.0,0.0,100,350.13,330.0,0,0.0,0.0,,0.0,1,9.39,17.92,SPY201120C00339000,339.0,normalDay
2020-10-14,7477.0,1113.0,0.0,100,347.93,330.0,0,0.0,0.0,,0.0,1,9.39,16.19,SPY201120C00339000,339.0,normalDay
2020-10-15,7477.0,1093.0,0.0,100,347.5,330.0,0,0.0,0.0,,0.0,1,9.39,15.96,SPY201120C00339000,339.0,normalDay
2020-10-16,7477.0,1131.0,0.0,100,347.29,330.0,0,0.0,0.0,,0.0,1,9.39,15.37,SPY201120C00339000,339.0,normalDay
2020-10-19,7477.0,884.0,0.0,100,342.01,330.0,0,0.0,0.0,,0.0,1,9.39,12.56,SPY201120C00339000,339.0,normalDay
2020-10-20,7477.0,981.0,0.0,100,343.38,330.0,0,0.0,0.0,,0.0,1,9.39,12.96,SPY201120C00339000,339.0,normalDay
2020-10-21,7477.0,940.0,0.0,100,342.73,330.0,0,0.0,0.0,,0.0,1,9.39,12.72,SPY201120C00339000,339.0,normalDay
2020-10-22,7477.0,1078.0,0.0,100,344.61,330.0,0,0.0,0.0,,0.0,1,9.39,13.22,SPY201120C00339000,339.0,normalDay
2020-10-23,7477.0,1171.0,0.0,100,345.78,330.0,0,0.0,0.0,,0.0,1,9.39,13.46,SPY201120C00339000,339.0,normalDay
2020-10-26,7477.0,797.0,0.0,100,339.39,330.0,0,0.0,0.0,,0.0,1,9.39,10.81,SPY201120C00339000,339.0,normalDay
2020-10-27,7477.0,758.0,0.0,100,338.22,330.0,0,0.0,0.0,,0.0,1,9.39,10.03,SPY201120C00339000,339.0,normalDay
2020-10-28,7477.0,8.0,0.0,100,326.66,330.0,0,0.0,0.0,,0.0,1,9.39,5.97,SPY201120C00339000,339.0,normalDay
2020-10-29,7477.0,283.0,0.0,100,329.98,330.0,0,0.0,0.0,,0.0,1,9.39,6.54,SPY201120C00339000,339.0,normalDay
2020-10-30,7477.0,92.0,0.0,100,326.54,330.0,0,0.0,0.0,,0.0,1,9.39,5.01,SPY201120C00339000,339.0,normalDay
2020-11-02,7477.0,401.0,0.0,100,330.2,330.0,0,0.0,0.0,,0.0,1,9.39,5.58,SPY201120C00339000,339.0,normalDay
2020-11-03,7477.0,805.0,0.0,100,336.03,330.0,0,0.0,0.0,,0.0,1,9.39,7.37,SPY201120C00339000,339.0,normalDay
2020-11-04,7477.0,1230.0,0.0,100,343.54,330.0,0,0.0,0.0,,0.0,1,9.39,10.63,SPY201120C00339000,339.0,normalDay
2020-11-05,7477.0,1462.0,0.0,100,350.24,330.0,0,0.0,0.0,,0.0,1,9.39,15.01,SPY201120C00339000,339.0,normalDay
2020-11-06,7477.0,1555.0,0.0,100,350.16,330.0,0,0.0,0.0,,0.0,1,9.39,14.0,SPY201120C00339000,339.0,normalDay
2020-11-09,7477.0,1572.0,0.0,100,354.56,330.0,0,0.0,0.0,,0.0,1,9.39,18.23,SPY201120C00339000,339.0,normalDay
2020-11-10,7477.0,1647.0,0.0,100,354.04,330.0,0,0.0,0.0,,0.0,1,9.39,16.96,SPY201120C00339000,339.0,normalDay
2020-11-11,7477.0,1709.0,0.0,100,356.67,330.0,0,0.0,0.0,,0.0,1,9.39,18.97,SPY201120C00339000,339.0,normalDay
2020-11-12,7477.0,1671.0,0.0,100,353.21,330.0,0,0.0,0.0,,0.0,1,9.39,15.89,SPY201120C00339000,339.0,normalDay
2020-11-13,7477.0,1780.0,0.0,100,358.1,330.0,0,0.0,0.0,,0.0,1,9.39,19.69,SPY201120C00339000,339.0,normalDay
2020-11-16,7477.0,1837.0,0.0,100,362.57,330.0,0,0.0,0.0,,0.0,1,9.39,23.59,SPY201120C00339000,339.0,normalDay
2020-11-17,7477.0,1818.0,0.0,100,360.62,330.0,0,0.0,0.0,,0.0,1,9.39,21.83,SPY201120C00339000,339.0,normalDay
2020-11-18,7477.0,1802.0,0.0,100,356.28,330.0,0,0.0,0.0,,0.0,1,9.39,17.65,SPY201120C00339000,339.0,normalDay
2020-11-19,7477.0,1819.0,0.0,100,357.78,330.0,0,0.0,0.0,,0.0,1,9.39,18.98,SPY201120C00339000,339.0,normalDay
2020-11-20,9316.0,1819.0,1839.0,0,355.33,0.0,0,0.0,0.0,,0.0,1,9.39,0.0,SPY201120C00339000,339.0,expirationDay
2020-11-23,9316.0,-4.0,0.0,0,357.46,0.0,1,1.18,1.22,SPY201204P00344000,344.0,0,0.0,0.0,,0.0,normalDay
2020-11-24,9316.0,67.0,0.0,0,363.22,0.0,1,1.18,0.51,SPY201204P00344000,344.0,0,0.0,0.0,,0.0,normalDay
2020-11-25,9316.0,78.0,0.0,0,362.66,0.0,1,1.18,0.4,SPY201204P00344000,344.0,0,0.0,0.0,,0.0,normalDay
2020-11-27,9316.0,95.0,0.0,0,363.67,0.0,1,1.18,0.23,SPY201204P00344000,344.0,0,0.0,0.0,,0.0,normalDay
2020-11-30,9316.0,105.0,0.0,0,362.06,0.0,1,1.18,0.13,SPY201204P00344000,344.0,0,0.0,0.0,,0.0,normalDay
2020-12-01,9316.0,112.0,0.0,0,366.02,0.0,1,1.18,0.06,SPY201204P00344000,344.0,0,0.0,0.0,,0.0,normalDay
2020-12-02,9316.0,114.0,0.0,0,366.79,0.0,1,1.18,0.04,SPY201204P00344000,344.0,0,0.0,0.0,,0.0,normalDay
2020-12-03,9316.0,114.0,0.0,0,366.69,0.0,1,1.18,0.04,SPY201204P00344000,344.0,0,0.0,0.0,,0.0,normalDay
2020-12-04,9434.0,0.0,118.0,0,369.85,0.0,1,1.18,0.0,SPY201204P00344000,344.0,0,0.0,0.0,,0.0,expirationDay
2020-12-07,9434.0,-3.0,0.0,0,369.09,0.0,1,1.82,1.85,SPY201218P00359000,359.0,0,0.0,0.0,,0.0,normalDay
2020-12-08,9434.0,51.0,0.0,0,370.17,0.0,1,1.82,1.31,SPY201218P00359000,359.0,0,0.0,0.0,,0.0,normalDay
2020-12-09,9434.0,-24.0,0.0,0,366.85,0.0,1,1.82,2.06,SPY201218P00359000,359.0,0,0.0,0.0,,0.0,normalDay
2020-12-10,9434.0,1.0,0.0,0,366.73,0.0,1,1.82,1.81,SPY201218P00359000,359.0,0,0.0,0.0,,0.0,normalDay
2020-12-11,9434.0,3.0,0.0,0,366.3,0.0,1,1.82,1.79,SPY201218P00359000,359.0,0,0.0,0.0,,0.0,normalDay
2020-12-14,9434.0,0.0,0.0,0,364.66,0.0,1,1.82,1.82,SPY201218P00359000,359.0,0,0.0,0.0,,0.0,normalDay
2020-12-15,9434.0,114.0,0.0,0,369.59,0.0,1,1.82,0.68,SPY201218P00359000,359.0,0,0.0,0.0,,0.0,normalDay
2020-12-16,9434.0,149.0,0.0,0,370.17,0.0,1,1.82,0.33,SPY201218P00359000,359.0,0,0.0,0.0,,0.0,normalDay
2020-12-17,9434.0,169.0,0.0,0,372.24,0.0,1,1.82,0.13,SPY201218P00359000,359.0,0,0.0,0.0,,0.0,normalDay
2020-12-18,9616.0,0.0,182.0,0,369.18,0.0,1,1.82,0.0,SPY201218P00359000,359.0,0,0.0,0.0,,0.0,expirationDay
2020-12-21,9616.0,-6.0,0.0,0,367.86,0.0,1,3.66,3.72,SPY201231P00366000,366.0,0,0.0,0.0,,0.0,normalDay
2020-12-22,9616.0,22.0,0.0,0,367.24,0.0,1,3.66,3.44,SPY201231P00366000,366.0,0,0.0,0.0,,0.0,normalDay
2020-12-23,9616.0,97.0,0.0,0,367.57,0.0,1,3.66,2.69,SPY201231P00366000,366.0,0,0.0,0.0,,0.0,normalDay
2020-12-24,9616.0,200.0,0.0,0,369.0,0.0,1,3.66,1.66,SPY201231P00366000,366.0,0,0.0,0.0,,0.0,normalDay
2020-12-28,9616.0,325.0,0.0,0,372.17,0.0,1,3.66,0.41,SPY201231P00366000,366.0,0,0.0,0.0,,0.0,normalDay
2020-12-29,9616.0,324.0,0.0,0,371.46,0.0,1,3.66,0.42,SPY201231P00366000,366.0,0,0.0,0.0,,0.0,normalDay
2020-12-30,9616.0,351.0,0.0,0,371.99,0.0,1,3.66,0.15,SPY201231P00366000,366.0,0,0.0,0.0,,0.0,normalDay
2020-12-31,9982.0,0.0,366.0,0,373.88,0.0,1,3.66,0.0,SPY201231P00366000,366.0,0,0.0,0.0,,0.0,expirationDay
2021-01-04,9982.0,-4.0,0.0,0,368.79,0.0,1,5.5,5.54,SPY210115P00369000,369.0,0,0.0,0.0,,0.0,normalDay
2021-01-05,9982.0,138.0,0.0,0,371.33,0.0,1,5.5,4.12,SPY210115P00369000,369.0,0,0.0,0.0,,0.0,normalDay
2021-01-06,9982.0,221.0,0.0,0,373.55,0.0,1,5.5,3.29,SPY210115P00369000,369.0,0,0.0,0.0,,0.0,normalDay
2021-01-07,9982.0,432.0,0.0,0,379.1,0.0,1,5.5,1.18,SPY210115P00369000,369.0,0,0.0,0.0,,0.0,normalDay
2021-01-08,9982.0,477.0,0.0,0,381.26,0.0,1,5.5,0.73,SPY210115P00369000,369.0,0,0.0,0.0,,0.0,normalDay
2021-01-11,9982.0,468.0,0.0,0,378.69,0.0,1,5.5,0.82,SPY210115P00369000,369.0,0,0.0,0.0,,0.0,normalDay
2021-01-12,9982.0,500.0,0.0,0,378.77,0.0,1,5.5,0.5,SPY210115P00369000,369.0,0,0.0,0.0,,0.0,normalDay
2021-01-13,9982.0,532.0,0.0,0,379.79,0.0,1,5.5,0.18,SPY210115P00369000,369.0,0,0.0,0.0,,0.0,normalDay
2021-01-14,9982.0,538.0,0.0,0,378.46,0.0,1,5.5,0.12,SPY210115P00369000,369.0,0,0.0,0.0,,0.0,normalDay
2021-01-15,10532.0,0.0,550.0,0,375.7,0.0,1,5.5,0.0,SPY210115P00369000,369.0,0,0.0,0.0,,0.0,expirationDay
2021-01-19,10532.0,-4.0,0.0,0,378.65,0.0,1,2.67,2.71,SPY210129P00372500,372.5,0,0.0,0.0,,0.0,normalDay
2021-01-20,10532.0,145.0,0.0,0,383.89,0.0,1,2.67,1.22,SPY210129P00372500,372.5,0,0.0,0.0,,0.0,normalDay
2021-01-21,10532.0,174.0,0.0,0,384.24,0.0,1,2.67,0.93,SPY210129P00372500,372.5,0,0.0,0.0,,0.0,normalDay
2021-01-22,10532.0,185.0,0.0,0,382.88,0.0,1,2.67,0.82,SPY210129P00372500,372.5,0,0.0,0.0,,0.0,normalDay
2021-01-25,10532.0,216.0,0.0,0,384.39,0.0,1,2.67,0.51,SPY210129P00372500,372.5,0,0.0,0.0,,0.0,normalDay
2021-01-26,10532.0,234.0,0.0,0,383.79,0.0,1,2.67,0.33,SPY210129P00372500,372.5,0,0.0,0.0,,0.0,normalDay
2021-01-27,10532.0,-78.0,0.0,0,374.41,0.0,1,2.67,3.45,SPY210129P00372500,372.5,0,0.0,0.0,,0.0,normalDay
2021-01-28,10532.0,196.0,0.0,0,377.63,0.0,1,2.67,0.71,SPY210129P00372500,372.5,0,0.0,0.0,,0.0,normalDay
2021-01-29,10799.0,-243.0,267.0,100,370.07,372.5,1,2.67,0.0,SPY210129P00372500,372.5,0,0.0,0.0,,0.0,expirationDay
2021-02-01,10799.0,362.0,0.0,100,376.23,372.5,0,0.0,0.0,,0.0,1,10.66,10.77,SPY210618C00396000,396.0,normalDay
2021-02-02,10799.0,721.0,0.0,100,381.55,372.5,0,0.0,0.0,,0.0,1,10.66,12.5,SPY210618C00396000,396.0,normalDay
2021-02-03,10799.0,815.0,0.0,100,381.85,372.5,0,0.0,0.0,,0.0,1,10.66,11.86,SPY210618C00396000,396.0,normalDay
2021-02-04,10799.0,1108.0,0.0,100,386.19,372.5,0,0.0,0.0,,0.0,1,10.66,13.27,SPY210618C00396000,396.0,normalDay
2021-02-05,10799.0,1186.0,0.0,100,387.71,372.5,0,0.0,0.0,,0.0,1,10.66,14.01,SPY210618C00396000,396.0,normalDay
2021-02-08,10799.0,1345.0,0.0,100,390.51,372.5,0,0.0,0.0,,0.0,1,10.66,15.22,SPY210618C00396000,396.0,normalDay
2021-02-09,10799.0,1304.0,0.0,100,390.25,372.5,0,0.0,0.0,,0.0,1,10.66,15.37,SPY210618C00396000,396.0,normalDay
2021-02-10,10799.0,1280.0,0.0,100,390.08,372.5,0,0.0,0.0,,0.0,1,10.66,15.44,SPY210618C00396000,396.0,normalDay
2021-02-11,10799.0,1350.0,0.0,100,390.71,372.5,0,0.0,0.0,,0.0,1,10.66,15.37,SPY210618C00396000,396.0,normalDay
2021-02-12,10799.0,1452.0,0.0,100,392.64,372.5,0,0.0,0.0,,0.0,1,10.66,16.28,SPY210618C00396000,396.0,normalDay
2021-02-16,10799.0,1457.0,0.0,100,392.3,372.5,0,0.0,0.0,,0.0,1,10.66,15.89,SPY210618C00396000,396.0,normalDay
2021-02-17,10799.0,1485.0,0.0,100,392.39,372.5,0,0.0,0.0,,0.0,1,10.66,15.7,SPY210618C00396000,396.0,normalDay
2021-02-18,10799.0,1397.0,0.0,100,390.72,372.5,0,0.0,0.0,,0.0,1,10.66,14.91,SPY210618C00396000,396.0,normalDay
2021-02-19,10799.0,1420.0,0.0,100,390.03,372.5,0,0.0,0.0,,0.0,1,10.66,13.99,SPY210618C00396000,396.0,normalDay
2021-02-22,10799.0,1248.0,0.0,100,387.03,372.5,0,0.0,0.0,,0.0,1,10.66,12.71,SPY210618C00396000,396.0,normalDay
2021-02-23,10799.0,1321.0,0.0,100,387.5,372.5,0,0.0,0.0,,0.0,1,10.66,12.45,SPY210618C00396000,396.0,normalDay
2021-02-24,10799.0,1559.0,0.0,100,391.77,372.5,0,0.0,0.0,,0.0,1,10.66,14.34,SPY210618C00396000,396.0,normalDay
2021-02-25,10799.0,870.0,0.0,100,382.33,372.5,0,0.0,0.0,,0.0,1,10.66,11.79,SPY210618C00396000,396.0,normalDay
2021-02-26,10799.0,881.0,0.0,100,380.36,372.5,0,0.0,0.0,,0.0,1,10.66,9.71,SPY210618C00396000,396.0,normalDay
2021-03-01,10799.0,1517.0,0.0,100,389.58,372.5,0,0.0,0.0,,0.0,1,10.66,12.57,SPY210618C00396000,396.0,normalDay
2021-03-02,10799.0,1331.0,0.0,100,386.54,372.5,0,0.0,0.0,,0.0,1,10.66,11.39,SPY210618C00396000,396.0,normalDay
2021-03-03,10799.0,1012.0,0.0,100,381.42,372.5,0,0.0,0.0,,0.0,1,10.66,9.46,SPY210618C00396000,396.0,normalDay
2021-03-04,10799.0,690.0,0.0,100,376.7,372.5,0,0.0,0.0,,0.0,1,10.66,7.96,SPY210618C00396000,396.0,normalDay
2021-03-05,10799.0,1198.0,0.0,100,383.63,372.5,0,0.0,0.0,,0.0,1,10.66,9.81,SPY210618C00396000,396.0,normalDay
2021-03-08,10799.0,1082.0,0.0,100,381.72,372.5,0,0.0,0.0,,0.0,1,10.66,9.06,SPY210618C00396000,396.0,normalDay
2021-03-09,10799.0,1422.0,0.0,100,387.17,372.5,0,0.0,0.0,,0.0,1,10.66,11.11,SPY210618C00396000,396.0,normalDay
2021-03-10,10799.0,1547.0,0.0,100,389.58,372.5,0,0.0,0.0,,0.0,1,10.66,12.27,SPY210618C00396000,396.0,normalDay
2021-03-11,10799.0,1799.0,0.0,100,393.53,372.5,0,0.0,0.0,,0.0,1,10.66,13.7,SPY210618C00396000,396.0,normalDay
2021-03-12,10799.0,1823.0,0.0,100,394.06,372.5,0,0.0,0.0,,0.0,1,10.66,13.99,SPY210618C00396000,396.0,normalDay
2021-03-15,10799.0,2002.0,0.0,100,396.41,372.5,0,0.0,0.0,,0.0,1,10.66,14.55,SPY210618C00396000,396.0,normalDay
2021-03-16,10799.0,1989.0,0.0,100,395.91,372.5,0,0.0,0.0,,0.0,1,10.66,14.18,SPY210618C00396000,396.0,normalDay
2021-03-17,10799.0,2128.0,0.0,100,397.26,372.5,0,0.0,0.0,,0.0,1,10.66,14.14,SPY210618C00396000,396.0,normalDay
2021-03-18,10799.0,1780.0,0.0,100,391.48,372.5,0,0.0,0.0,,0.0,1,10.66,11.84,SPY210618C00396000,396.0,normalDay
2021-03-19,10799.0,1690.0,0.0,100,389.48,372.5,0,0.0,0.0,,0.0,1,10.66,10.74,SPY210618C00396000,396.0,normalDay
2021-03-22,10799.0,1950.0,0.0,100,392.59,372.5,0,0.0,0.0,,0.0,1,10.66,11.25,SPY210618C00396000,396.0,normalDay
2021-03-23,10799.0,1782.0,0.0,100,389.5,372.5,0,0.0,0.0,,0.0,1,10.66,9.84,SPY210618C00396000,396.0,normalDay
2021-03-24,10799.0,1685.0,0.0,100,387.52,372.5,0,0.0,0.0,,0.0,1,10.66,8.83,SPY210618C00396000,396.0,normalDay
2021-03-25,10799.0,1846.0,0.0,100,389.7,372.5,0,0.0,0.0,,0.0,1,10.66,9.4,SPY210618C00396000,396.0,normalDay
2021-03-26,10799.0,2191.0,0.0,100,395.98,372.5,0,0.0,0.0,,0.0,1,10.66,12.23,SPY210618C00396000,396.0,normalDay
2021-03-29,10799.0,2159.0,0.0,100,395.78,372.5,0,0.0,0.0,,0.0,1,10.66,12.35,SPY210618C00396000,396.0,normalDay
2021-03-30,10799.0,2178.0,0.0,100,394.73,372.5,0,0.0,0.0,,0.0,1,10.66,11.11,SPY210618C00396000,396.0,normalDay
2021-03-31,10799.0,2244.0,0.0,100,396.33,372.5,0,0.0,0.0,,0.0,1,10.66,12.05,SPY210618C00396000,396.0,normalDay
2021-04-01,10799.0,2443.0,0.0,100,400.61,372.5,0,0.0,0.0,,0.0,1,10.66,14.34,SPY210618C00396000,396.0,normalDay
2021-04-05,10799.0,2646.0,0.0,100,406.36,372.5,0,0.0,0.0,,0.0,1,10.66,18.06,SPY210618C00396000,396.0,normalDay
2021-04-06,10799.0,2632.0,0.0,100,406.12,372.5,0,0.0,0.0,,0.0,1,10.66,17.96,SPY210618C00396000,396.0,normalDay
2021-04-07,10799.0,2653.0,0.0,100,406.59,372.5,0,0.0,0.0,,0.0,1,10.66,18.22,SPY210618C00396000,396.0,normalDay
2021-04-08,10799.0,2699.0,0.0,100,408.52,372.5,0,0.0,0.0,,0.0,1,10.66,19.69,SPY210618C00396000,396.0,normalDay
2021-04-09,10799.0,2828.0,0.0,100,411.49,372.5,0,0.0,0.0,,0.0,1,10.66,21.37,SPY210618C00396000,396.0,normalDay
2021-04-12,10799.0,2818.0,0.0,100,411.64,372.5,0,0.0,0.0,,0.0,1,10.66,21.62,SPY210618C00396000,396.0,normalDay
2021-04-13,10799.0,2858.0,0.0,100,412.86,372.5,0,0.0,0.0,,0.0,1,10.66,22.44,SPY210618C00396000,396.0,normalDay
2021-04-14,10799.0,2794.0,0.0,100,411.45,372.5,0,0.0,0.0,,0.0,1,10.66,21.67,SPY210618C00396000,396.0,normalDay
2021-04-15,10799.0,2921.0,0.0,100,415.87,372.5,0,0.0,0.0,,0.0,1,10.66,24.82,SPY210618C00396000,396.0,normalDay
2021-04-16,10799.0,2972.0,0.0,100,417.26,372.5,0,0.0,0.0,,0.0,1,10.66,25.7,SPY210618C00396000,396.0,normalDay
2021-04-19,10799.0,2893.0,0.0,100,415.21,372.5,0,0.0,0.0,,0.0,1,10.66,24.44,SPY210618C00396000,396.0,normalDay
2021-04-20,10799.0,2817.0,0.0,100,412.17,372.5,0,0.0,0.0,,0.0,1,10.66,22.16,SPY210618C00396000,396.0,normalDay
2021-04-21,10799.0,2971.0,0.0,100,416.07,372.5,0,0.0,0.0,,0.0,1,10.66,24.52,SPY210618C00396000,396.0,normalDay
2021-04-22,10799.0,2828.0,0.0,100,412.27,372.5,0,0.0,0.0,,0.0,1,10.66,22.15,SPY210618C00396000,396.0,normalDay
2021-04-23,10799.0,2966.0,0.0,100,416.74,372.5,0,0.0,0.0,,0.0,1,10.66,25.24,SPY210618C00396000,396.0,normalDay
2021-04-26,10799.0,2978.0,0.0,100,417.61,372.5,0,0.0,0.0,,0.0,1,10.66,25.99,SPY210618C00396000,396.0,normalDay
2021-04-27,10799.0,2996.0,0.0,100,417.52,372.5,0,0.0,0.0,,0.0,1,10.66,25.72,SPY210618C00396000,396.0,normalDay
2021-04-28,10799.0,2978.0,0.0,100,417.4,372.5,0,0.0,0.0,,0.0,1,10.66,25.78,SPY210618C00396000,396.0,normalDay
2021-04-29,10799.0,3061.0,0.0,100,420.06,372.5,0,0.0,0.0,,0.0,1,10.66,27.61,SPY210618C00396000,396.0,normalDay
2021-04-30,10799.0,2967.0,0.0,100,417.3,372.5,0,0.0,0.0,,0.0,1,10.66,25.79,SPY210618C00396000,396.0,normalDay
2021-05-03,10799.0,3043.0,0.0,100,418.2,372.5,0,0.0,0.0,,0.0,1,10.66,25.93,SPY210618C00396000,396.0,normalDay
2021-05-04,10799.0,2986.0,0.0,100,415.62,372.5,0,0.0,0.0,,0.0,1,10.66,23.92,SPY210618C00396000,396.0,normalDay
2021-05-05,10799.0,3011.0,0.0,100,415.75,372.5,0,0.0,0.0,,0.0,1,10.66,23.8,SPY210618C00396000,396.0,normalDay
2021-05-06,10799.0,3068.0,0.0,100,419.07,372.5,0,0.0,0.0,,0.0,1,10.66,26.55,SPY210618C00396000,396.0,normalDay
2021-05-07,10799.0,3142.0,0.0,100,422.12,372.5,0,0.0,0.0,,0.0,1,10.66,28.86,SPY210618C00396000,396.0,normalDay
2021-05-10,10799.0,3091.0,0.0,100,417.94,372.5,0,0.0,0.0,,0.0,1,10.66,25.19,SPY210618C00396000,396.0,normalDay
2021-05-11,10799.0,2969.0,0.0,100,414.21,372.5,0,0.0,0.0,,0.0,1,10.66,22.68,SPY210618C00396000,396.0,normalDay
2021-05-12,10799.0,2594.0,0.0,100,405.41,372.5,0,0.0,0.0,,0.0,1,10.66,17.63,SPY210618C00396000,396.0,normalDay
2021-05-13,10799.0,2876.0,0.0,100,410.28,372.5,0,0.0,0.0,,0.0,1,10.66,19.68,SPY210618C00396000,396.0,normalDay
2021-05-14,10799.0,3053.0,0.0,100,416.58,372.5,0,0.0,0.0,,0.0,1,10.66,24.21,SPY210618C00396000,396.0,normalDay
2021-05-17,10799.0,3062.0,0.0,100,415.52,372.5,0,0.0,0.0,,0.0,1,10.66,23.06,SPY210618C00396000,396.0,normalDay
2021-05-18,10799.0,3001.0,0.0,100,411.94,372.5,0,0.0,0.0,,0.0,1,10.66,20.09,SPY210618C00396000,396.0,normalDay
2021-05-19,10799.0,2996.0,0.0,100,410.86,372.5,0,0.0,0.0,,0.0,1,10.66,19.06,SPY210618C00396000,396.0,normalDay
2021-05-20,10799.0,3121.0,0.0,100,415.28,372.5,0,0.0,0.0,,0.0,1,10.66,22.23,SPY210618C00396000,396.0,normalDay
2021-05-21,10799.0,3090.0,0.0,100,414.94,372.5,0,0.0,0.0,,0.0,1,10.66,22.2,SPY210618C00396000,396.0,normalDay
2021-05-24,10799.0,3231.0,0.0,100,419.17,372.5,0,0.0,0.0,,0.0,1,10.66,25.02,SPY210618C00396000,396.0,normalDay
2021-05-25,10799.0,3233.0,0.0,100,418.24,372.5,0,0.0,0.0,,0.0,1,10.66,24.07,SPY210618C00396000,396.0,normalDay
2021-05-26,10799.0,3284.0,0.0,100,419.07,372.5,0,0.0,0.0,,0.0,1,10.66,24.39,SPY210618C00396000,396.0,normalDay
2021-05-27,10799.0,3226.0,0.0,100,419.29,372.5,0,0.0,0.0,,0.0,1,10.66,25.19,SPY210618C00396000,396.0,normalDay
2021-05-28,10799.0,3288.0,0.0,100,420.04,372.5,0,0.0,0.0,,0.0,1,10.66,25.32,SPY210618C00396000,396.0,normalDay
2021-06-01,10799.0,3310.0,0.0,100,419.67,372.5,0,0.0,0.0,,0.0,1,10.66,24.73,SPY210618C00396000,396.0,normalDay
2021-06-02,10799.0,3336.0,0.0,100,420.33,372.5,0,0.0,0.0,,0.0,1,10.66,25.13,SPY210618C00396000,396.0,normalDay
2021-06-03,10799.0,3327.0,0.0,100,418.77,372.5,0,0.0,0.0,,0.0,1,10.66,23.66,SPY210618C00396000,396.0,normalDay
2021-06-04,10799.0,3404.0,0.0,100,422.6,372.5,0,0.0,0.0,,0.0,1,10.66,26.72,SPY210618C00396000,396.0,normalDay
2021-06-07,10799.0,3372.0,0.0,100,422.19,372.5,0,0.0,0.0,,0.0,1,10.66,26.63,SPY210618C00396000,396.0,normalDay
2021-06-08,10799.0,3378.0,0.0,100,422.28,372.5,0,0.0,0.0,,0.0,1,10.66,26.66,SPY210618C00396000,396.0,normalDay
2021-06-09,10799.0,3360.0,0.0,100,421.65,372.5,0,0.0,0.0,,0.0,1,10.66,26.21,SPY210618C00396000,396.0,normalDay
2021-06-10,10799.0,3392.0,0.0,100,423.61,372.5,0,0.0,0.0,,0.0,1,10.66,27.85,SPY210618C00396000,396.0,normalDay
2021-06-11,10799.0,3401.0,0.0,100,424.31,372.5,0,0.0,0.0,,0.0,1,10.66,28.46,SPY210618C00396000,396.0,normalDay
2021-06-14,10799.0,3403.0,0.0,100,425.26,372.5,0,0.0,0.0,,0.0,1,10.66,29.39,SPY210618C00396000,396.0,normalDay
2021-06-15,10799.0,3417.0,0.0,100,424.48,372.5,0,0.0,0.0,,0.0,1,10.66,28.47,SPY210618C00396000,396.0,normalDay
2021-06-16,10799.0,3377.0,0.0,100,422.11,372.5,0,0.0,0.0,,0.0,1,10.66,26.5,SPY210618C00396000,396.0,normalDay
2021-06-17,10799.0,3365.0,0.0,100,421.97,372.5,0,0.0,0.0,,0.0,1,10.66,26.48,SPY210618C00396000,396.0,normalDay
2021-06-18,14215.0,3365.0,3416.0,0,414.92,0.0,0,0.0,0.0,,0.0,1,10.66,0.0,SPY210618C00396000,396.0,expirationDay
2021-06-21,14215.0,-3.0,0.0,0,420.86,0.0,1,3.13,3.16,SPY210702P00420000,420.0,0,0.0,0.0,,0.0,normalDay
2021-06-22,14215.0,103.0,0.0,0,423.11,0.0,1,3.13,2.1,SPY210702P00420000,420.0,0,0.0,0.0,,0.0,normalDay
2021-06-23,14215.0,125.0,0.0,0,422.6,0.0,1,3.13,1.88,SPY210702P00420000,420.0,0,0.0,0.0,,0.0,normalDay
2021-06-24,14215.0,204.0,0.0,0,425.1,0.0,1,3.13,1.09,SPY210702P00420000,420.0,0,0.0,0.0,,0.0,normalDay
2021-06-25,14215.0,248.0,0.0,0,426.61,0.0,1,3.13,0.65,SPY210702P00420000,420.0,0,0.0,0.0,,0.0,normalDay
2021-06-28,14215.0,281.0,0.0,0,427.47,0.0,1,3.13,0.32,SPY210702P00420000,420.0,0,0.0,0.0,,0.0,normalDay
2021-06-29,14215.0,293.0,0.0,0,427.7,0.0,1,3.13,0.2,SPY210702P00420000,420.0,0,0.0,0.0,,0.0,normalDay
2021-06-30,14215.0,303.0,0.0,0,428.06,0.0,1,3.13,0.1,SPY210702P00420000,420.0,0,0.0,0.0,,0.0,normalDay
2021-07-01,14215.0,308.0,0.0,0,430.43,0.0,1,3.13,0.05,SPY210702P00420000,420.0,0,0.0,0.0,,0.0,normalDay
2021-07-02,14528.0,0.0,313.0,0,433.72,0.0,1,3.13,0.0,SPY210702P00420000,420.0,0,0.0,0.0,,0.0,expirationDay
2021-07-06,14528.0,-3.0,0.0,0,432.93,0.0,1,1.16,1.19,SPY210716P00424000,424.0,0,0.0,0.0,,0.0,normalDay
2021-07-07,14528.0,32.0,0.0,0,434.46,0.0,1,1.16,0.84,SPY210716P00424000,424.0,0,0.0,0.0,,0.0,normalDay
2021-07-08,14528.0,-71.0,0.0,0,430.92,0.0,1,1.16,1.87,SPY210716P00424000,424.0,0,0.0,0.0,,0.0,normalDay
2021-07-09,14528.0,62.0,0.0,0,435.52,0.0,1,1.16,0.54,SPY210716P00424000,424.0,0,0.0,0.0,,0.0,normalDay
2021-07-12,14528.0,93.0,0.0,0,437.08,0.0,1,1.16,0.23,SPY210716P00424000,424.0,0,0.0,0.0,,0.0,normalDay
2021-07-13,14528.0,89.0,0.0,0,435.59,0.0,1,1.16,0.27,SPY210716P00424000,424.0,0,0.0,0.0,,0.0,normalDay
2021-07-14,14528.0,108.0,0.0,0,436.24,0.0,1,1.16,0.08,SPY210716P00424000,424.0,0,0.0,0.0,,0.0,normalDay
2021-07-15,14528.0,110.0,0.0,0,434.75,0.0,1,1.16,0.06,SPY210716P00424000,424.0,0,0.0,0.0,,0.0,normalDay
2021-07-16,14644.0,0.0,116.0,0,431.34,0.0,1,1.16,0.0,SPY210716P00424000,424.0,0,0.0,0.0,,0.0,expirationDay
2021-07-19,14644.0,-7.0,0.0,0,424.97,0.0,1,6.61,6.68,SPY210730P00428000,428.0,0,0.0,0.0,,0.0,normalDay
2021-07-20,14644.0,328.0,0.0,0,431.06,0.0,1,6.61,3.33,SPY210730P00428000,428.0,0,0.0,0.0,,0.0,normalDay
2021-07-21,14644.0,501.0,0.0,0,434.55,0.0,1,6.61,1.6,SPY210730P00428000,428.0,0,0.0,0.0,,0.0,normalDay
2021-07-22,14644.0,545.0,0.0,0,435.46,0.0,1,6.61,1.16,SPY210730P00428000,428.0,0,0.0,0.0,,0.0,normalDay
2021-07-23,14644.0,618.0,0.0,0,439.94,0.0,1,6.61,0.43,SPY210730P00428000,428.0,0,0.0,0.0,,0.0,normalDay
2021-07-26,14644.0,643.0,0.0,0,441.02,0.0,1,6.61,0.18,SPY210730P00428000,428.0,0,0.0,0.0,,0.0,normalDay
2021-07-27,14644.0,620.0,0.0,0,439.01,0.0,1,6.61,0.41,SPY210730P00428000,428.0,0,0.0,0.0,,0.0,normalDay
2021-07-28,14644.0,648.0,0.0,0,438.83,0.0,1,6.61,0.13,SPY210730P00428000,428.0,0,0.0,0.0,,0.0,normalDay
2021-07-29,14644.0,658.0,0.0,0,440.65,0.0,1,6.61,0.03,SPY210730P00428000,428.0,0,0.0,0.0,,0.0,normalDay
2021-07-30,15305.0,0.0,661.0,0,438.51,0.0,1,6.61,0.0,SPY210730P00428000,428.0,0,0.0,0.0,,0.0,expirationDay
2021-08-02,15305.0,-4.0,0.0,0,437.59,0.0,1,2.81,2.85,SPY210813P00434000,434.0,0,0.0,0.0,,0.0,normalDay
2021-08-03,15305.0,134.0,0.0,0,441.15,0.0,1,2.81,1.47,SPY210813P00434000,434.0,0,0.0,0.0,,0.0,normalDay
2021-08-04,15305.0,115.0,0.0,0,438.98,0.0,1,2.81,1.66,SPY210813P00434000,434.0,0,0.0,0.0,,0.0,normalDay
2021-08-05,15305.0,182.0,0.0,0,441.76,0.0,1,2.81,0.99,SPY210813P00434000,434.0,0,0.0,0.0,,0.0,normalDay
2021-08-06,15305.0,238.0,0.0,0,442.49,0.0,1,2.81,0.43,SPY210813P00434000,434.0,0,0.0,0.0,,0.0,normalDay
2021-08-09,15305.0,250.0,0.0,0,442.13,0.0,1,2.81,0.31,SPY210813P00434000,434.0,0,0.0,0.0,,0.0,normalDay
2021-08-10,15305.0,255.0,0.0,0,442.68,0.0,1,2.81,0.26,SPY210813P00434000,434.0,0,0.0,0.0,,0.0,normalDay
2021-08-11,15305.0,271.0,0.0,0,443.78,0.0,1,2.81,0.1,SPY210813P00434000,434.0,0,0.0,0.0,,0.0,normalDay
2021-08-12,15305.0,275.0,0.0,0,445.11,0.0,1,2.81,0.06,SPY210813P00434000,434.0,0,0.0,0.0,,0.0,normalDay
2021-08-13,15586.0,0.0,281.0,0,445.92,0.0,1,2.81,0.0,SPY210813P00434000,434.0,0,0.0,0.0,,0.0,expirationDay
2021-08-16,15586.0,-3.0,0.0,0,446.97,0.0,1,1.2,1.23,SPY210827P00439000,439.0,0,0.0,0.0,,0.0,normalDay
2021-08-17,15586.0,-116.0,0.0,0,444.04,0.0,1,1.2,2.36,SPY210827P00439000,439.0,0,0.0,0.0,,0.0,normalDay
2021-08-18,15586.0,-346.0,0.0,0,439.18,0.0,1,1.2,4.66,SPY210827P00439000,439.0,0,0.0,0.0,,0.0,normalDay
2021-08-19,15586.0,-269.0,0.0,0,439.86,0.0,1,1.2,3.89,SPY210827P00439000,439.0,0,0.0,0.0,,0.0,normalDay
2021-08-20,15586.0,-42.0,0.0,0,443.36,0.0,1,1.2,1.62,SPY210827P00439000,439.0,0,0.0,0.0,,0.0,normalDay
2021-08-23,15586.0,84.0,0.0,0,447.26,0.0,1,1.2,0.36,SPY210827P00439000,439.0,0,0.0,0.0,,0.0,normalDay
2021-08-24,15586.0,98.0,0.0,0,447.97,0.0,1,1.2,0.22,SPY210827P00439000,439.0,0,0.0,0.0,,0.0,normalDay
2021-08-25,15586.0,110.0,0.0,0,448.91,0.0,1,1.2,0.1,SPY210827P00439000,439.0,0,0.0,0.0,,0.0,normalDay
2021-08-26,15586.0,104.0,0.0,0,446.26,0.0,1,1.2,0.16,SPY210827P00439000,439.0,0,0.0,0.0,,0.0,normalDay
2021-08-27,15706.0,0.0,120.0,0,450.25,0.0,1,1.2,0.0,SPY210827P00439000,439.0,0,0.0,0.0,,0.0,expirationDay
2021-08-30,15706.0,-3.0,0.0,0,452.23,0.0,1,0.89,0.92,SPY210910P00443000,443.0,0,0.0,0.0,,0.0,normalDay
2021-08-31,15706.0,-6.0,0.0,0,451.56,0.0,1,0.89,0.95,SPY210910P00443000,443.0,0,0.0,0.0,,0.0,normalDay
2021-09-01,15706.0,14.0,0.0,0,451.8,0.0,1,0.89,0.75,SPY210910P00443000,443.0,0,0.0,0.0,,0.0,normalDay
2021-09-02,15706.0,25.0,0.0,0,453.19,0.0,1,0.89,0.64,SPY210910P00443000,443.0,0,0.0,0.0,,0.0,normalDay
2021-09-03,15706.0,53.0,0.0,0,453.08,0.0,1,0.89,0.36,SPY210910P00443000,443.0,0,0.0,0.0,,0.0,normalDay
2021-09-07,15706.0,56.0,0.0,0,451.46,0.0,1,0.89,0.33,SPY210910P00443000,443.0,0,0.0,0.0,,0.0,normalDay
2021-09-08,15706.0,70.0,0.0,0,450.91,0.0,1,0.89,0.19,SPY210910P00443000,443.0,0,0.0,0.0,,0.0,normalDay
2021-09-09,15706.0,72.0,0.0,0,448.98,0.0,1,0.89,0.17,SPY210910P00443000,443.0,0,0.0,0.0,,0.0,normalDay
2021-09-10,15795.0,0.0,89.0,0,445.44,0.0,1,0.89,0.0,SPY210910P00443000,443.0,0,0.0,0.0,,0.0,expirationDay
2021-09-13,15795.0,-13.0,0.0,0,446.58,0.0,1,4.98,5.11,SPY210924P00447000,447.0,0,0.0,0.0,,0.0,normalDay
2021-09-14,15795.0,-135.0,0.0,0,444.17,0.0,1,4.98,6.33,SPY210924P00447000,447.0,0,0.0,0.0,,0.0,normalDay
2021-09-15,15795.0,132.0,0.0,0,447.88,0.0,1,4.98,3.66,SPY210924P00447000,447.0,0,0.0,0.0,,0.0,normalDay
2021-09-16,15795.0,85.0,0.0,0,447.17,0.0,1,4.98,4.13,SPY210924P00447000,447.0,0,0.0,0.0,,0.0,normalDay
2021-09-17,15795.0,-231.0,0.0,0,441.4,0.0,1,4.98,7.29,SPY210924P00447000,447.0,0,0.0,0.0,,0.0,normalDay
2021-09-20,15795.0,-840.0,0.0,0,434.04,0.0,1,4.98,13.38,SPY210924P00447000,447.0,0,0.0,0.0,,0.0,normalDay
2021-09-21,15795.0,-874.0,0.0,0,433.63,0.0,1,4.98,13.72,SPY210924P00447000,447.0,0,0.0,0.0,,0.0,normalDay
2021-09-22,15795.0,-420.0,0.0,0,437.86,0.0,1,4.98,9.18,SPY210924P00447000,447.0,0,0.0,0.0,,0.0,normalDay
2021-09-23,15795.0,91.0,0.0,0,443.18,0.0,1,4.98,4.07,SPY210924P00447000,447.0,0,0.0,0.0,,0.0,normalDay
2021-09-24,16293.0,-309.0,498.0,100,443.91,447.0,1,4.98,0.0,SPY210924P00447000,447.0,0,0.0,0.0,,0.0,expirationDay
2021-09-27,16293.0,-442.0,0.0,100,442.64,447.0,0,0.0,0.0,,0.0,1,3.57,3.63,SPY220121C00469000,469.0,normalDay
2021-09-28,16293.0,-1234.0,0.0,100,433.72,447.0,0,0.0,0.0,,0.0,1,3.57,2.63,SPY220121C00469000,469.0,normalDay
2021-09-29,16293.0,-1157.0,0.0,100,434.45,447.0,0,0.0,0.0,,0.0,1,3.57,2.59,SPY220121C00469000,469.0,normalDay
2021-09-30,16293.0,-1611.0,0.0,100,429.14,447.0,0,0.0,0.0,,0.0,1,3.57,1.82,SPY220121C00469000,469.0,normalDay
2021-10-01,16293.0,-1170.0,0.0,100,434.24,447.0,0,0.0,0.0,,0.0,1,3.57,2.51,SPY220121C00469000,469.0,normalDay
2021-10-04,16293.0,-1669.0,0.0,100,428.64,447.0,0,0.0,0.0,,0.0,1,3.57,1.9,SPY220121C00469000,469.0,normalDay
2021-10-05,16293.0,-1254.0,0.0,100,433.1,447.0,0,0.0,0.0,,0.0,1,3.57,2.21,SPY220121C00469000,469.0,normalDay
2021-10-06,16293.0,-1097.0,0.0,100,434.9,447.0,0,0.0,0.0,,0.0,1,3.57,2.44,SPY220121C00469000,469.0,normalDay
2021-10-07,16293.0,-773.0,0.0,100,438.66,447.0,0,0.0,0.0,,0.0,1,3.57,2.96,SPY220121C00469000,469.0,normalDay
2021-10-08,16293.0,-810.0,0.0,100,437.86,447.0,0,0.0,0.0,,0.0,1,3.57,2.53,SPY220121C00469000,469.0,normalDay
2021-10-11,16293.0,-1073.0,0.0,100,434.69,447.0,0,0.0,0.0,,0.0,1,3.57,1.99,SPY220121C00469000,469.0,normalDay
2021-10-12,16293.0,-1146.0,0.0,100,433.62,447.0,0,0.0,0.0,,0.0,1,3.57,1.65,SPY220121C00469000,469.0,normalDay
2021-10-13,16293.0,-1007.0,0.0,100,435.18,447.0,0,0.0,0.0,,0.0,1,3.57,1.82,SPY220121C00469000,469.0,normalDay
2021-10-14,16293.0,-373.0,0.0,100,442.5,447.0,0,0.0,0.0,,0.0,1,3.57,2.8,SPY220121C00469000,469.0,normalDay
2021-10-15,16293.0,-96.0,0.0,100,445.87,447.0,0,0.0,0.0,,0.0,1,3.57,3.4,SPY220121C00469000,469.0,normalDay
2021-10-18,16293.0,11.0,0.0,100,447.19,447.0,0,0.0,0.0,,0.0,1,3.57,3.65,SPY220121C00469000,469.0,normalDay
2021-10-19,16293.0,274.0,0.0,100,450.64,447.0,0,0.0,0.0,,0.0,1,3.57,4.47,SPY220121C00469000,469.0,normalDay
2021-10-20,16293.0,427.0,0.0,100,452.41,447.0,0,0.0,0.0,,0.0,1,3.57,4.71,SPY220121C00469000,469.0,normalDay
2021-10-21,16293.0,516.0,0.0,100,453.59,447.0,0,0.0,0.0,,0.0,1,3.57,5.0,SPY220121C00469000,469.0,normalDay
2021-10-22,16293.0,483.0,0.0,100,453.12,447.0,0,0.0,0.0,,0.0,1,3.57,4.86,SPY220121C00469000,469.0,normalDay
2021-10-25,16293.0,683.0,0.0,100,455.55,447.0,0,0.0,0.0,,0.0,1,3.57,5.29,SPY220121C00469000,469.0,normalDay
2021-10-26,16293.0,672.0,0.0,100,455.96,447.0,0,0.0,0.0,,0.0,1,3.57,5.81,SPY220121C00469000,469.0,normalDay
2021-10-27,16293.0,506.0,0.0,100,453.94,447.0,0,0.0,0.0,,0.0,1,3.57,5.45,SPY220121C00469000,469.0,normalDay
2021-10-28,16293.0,822.0,0.0,100,458.32,447.0,0,0.0,0.0,,0.0,1,3.57,6.67,SPY220121C00469000,469.0,normalDay
2021-10-29,16293.0,868.0,0.0,100,459.25,447.0,0,0.0,0.0,,0.0,1,3.57,7.14,SPY220121C00469000,469.0,normalDay
2021-11-01,16293.0,933.0,0.0,100,460.04,447.0,0,0.0,0.0,,0.0,1,3.57,7.28,SPY220121C00469000,469.0,normalDay
2021-11-02,16293.0,1065.0,0.0,100,461.9,447.0,0,0.0,0.0,,0.0,1,3.57,7.82,SPY220121C00469000,469.0,normalDay
2021-11-03,16293.0,1232.0,0.0,100,464.72,447.0,0,0.0,0.0,,0.0,1,3.57,8.97,SPY220121C00469000,469.0,normalDay
2021-11-04,16293.0,1339.0,0.0,100,466.91,447.0,0,0.0,0.0,,0.0,1,3.57,10.09,SPY220121C00469000,469.0,normalDay
2021-11-05,16293.0,1369.0,0.0,100,468.53,447.0,0,0.0,0.0,,0.0,1,3.57,11.41,SPY220121C00469000,469.0,normalDay
2021-11-08,16293.0,1393.0,0.0,100,468.93,447.0,0,0.0,0.0,,0.0,1,3.57,11.57,SPY220121C00469000,469.0,normalDay
2021-11-09,16293.0,1321.0,0.0,100,467.38,447.0,0,0.0,0.0,,0.0,1,3.57,10.74,SPY220121C00469000,469.0,normalDay
2021-11-10,16293.0,1116.0,0.0,100,463.62,447.0,0,0.0,0.0,,0.0,1,3.57,9.03,SPY220121C00469000,469.0,normalDay
2021-11-11,16293.0,1151.0,0.0,100,463.77,447.0,0,0.0,0.0,,0.0,1,3.57,8.83,SPY220121C00469000,469.0,normalDay
2021-11-12,16293.0,1353.0,0.0,100,467.27,447.0,0,0.0,0.0,,0.0,1,3.57,10.31,SPY220121C00469000,469.0,normalDay
2021-11-15,16293.0,1406.0,0.0,100,467.43,447.0,0,0.0,0.0,,0.0,1,3.57,9.94,SPY220121C00469000,469.0,normalDay
2021-11-16,16293.0,1488.0,0.0,100,469.28,447.0,0,0.0,0.0,,0.0,1,3.57,10.97,SPY220121C00469000,469.0,normalDay
2021-11-17,16293.0,1434.0,0.0,100,468.14,447.0,0,0.0,0.0,,0.0,1,3.57,10.37,SPY220121C00469000,469.0,normalDay
2021-11-18,16293.0,1486.0,0.0,100,469.73,447.0,0,0.0,0.0,,0.0,1,3.57,11.44,SPY220121C00469000,469.0,normalDay
2021-11-19,16293.0,1452.0,0.0,100,468.89,447.0,0,0.0,0.0,,0.0,1,3.57,10.94,SPY220121C00469000,469.0,normalDay
2021-11-22,16293.0,1388.0,0.0,100,467.57,447.0,0,0.0,0.0,,0.0,1,3.57,10.26,SPY220121C00469000,469.0,normalDay
2021-11-23,16293.0,1451.0,0.0,100,468.19,447.0,0,0.0,0.0,,0.0,1,3.57,10.25,SPY220121C00469000,469.0,normalDay
2021-11-24,16293.0,1514.0,0.0,100,469.44,447.0,0,0.0,0.0,,0.0,1,3.57,10.87,SPY220121C00469000,469.0,normalDay
2021-11-26,16293.0,668.0,0.0,100,458.97,447.0,0,0.0,0.0,,0.0,1,3.57,8.86,SPY220121C00469000,469.0,normalDay
2021-11-29,16293.0,1215.0,0.0,100,464.6,447.0,0,0.0,0.0,,0.0,1,3.57,9.02,SPY220121C00469000,469.0,normalDay
2021-11-30,16293.0,530.0,0.0,100,455.56,447.0,0,0.0,0.0,,0.0,1,3.57,6.83,SPY220121C00469000,469.0,normalDay
2021-12-01,16293.0,180.0,0.0,100,450.5,447.0,0,0.0,0.0,,0.0,1,3.57,5.27,SPY220121C00469000,469.0,normalDay
2021-12-02,16293.0,725.0,0.0,100,457.4,447.0,0,0.0,0.0,,0.0,1,3.57,6.72,SPY220121C00469000,469.0,normalDay
2021-12-03,16293.0,429.0,0.0,100,453.42,447.0,0,0.0,0.0,,0.0,1,3.57,5.7,SPY220121C00469000,469.0,normalDay
2021-12-06,16293.0,877.0,0.0,100,458.79,447.0,0,0.0,0.0,,0.0,1,3.57,6.59,SPY220121C00469000,469.0,normalDay
2021-12-07,16293.0,1491.0,0.0,100,468.28,447.0,0,0.0,0.0,,0.0,1,3.57,9.94,SPY220121C00469000,469.0,normalDay
2021-12-08,16293.0,1633.0,0.0,100,469.52,447.0,0,0.0,0.0,,0.0,1,3.57,9.76,SPY220121C00469000,469.0,normalDay
2021-12-09,16293.0,1472.0,0.0,100,466.35,447.0,0,0.0,0.0,,0.0,1,3.57,8.2,SPY220121C00469000,469.0,normalDay
2021-12-10,16293.0,1761.0,0.0,100,470.74,447.0,0,0.0,0.0,,0.0,1,3.57,9.7,SPY220121C00469000,469.0,normalDay
2021-12-13,16293.0,1560.0,0.0,100,466.57,447.0,0,0.0,0.0,,0.0,1,3.57,7.54,SPY220121C00469000,469.0,normalDay
2021-12-14,16293.0,1352.0,0.0,100,463.36,447.0,0,0.0,0.0,,0.0,1,3.57,6.41,SPY220121C00469000,469.0,normalDay
2021-12-15,16293.0,1778.0,0.0,100,470.6,447.0,0,0.0,0.0,,0.0,1,3.57,9.39,SPY220121C00469000,469.0,normalDay
2021-12-16,16293.0,1565.0,0.0,100,466.45,447.0,0,0.0,0.0,,0.0,1,3.57,7.37,SPY220121C00469000,469.0,normalDay
2021-12-17,16293.0,1102.0,0.0,100,459.87,447.0,0,0.0,0.0,,0.0,1,3.57,5.42,SPY220121C00469000,469.0,normalDay
2021-12-20,16293.0,796.0,0.0,100,454.98,447.0,0,0.0,0.0,,0.0,1,3.57,3.59,SPY220121C00469000,469.0,normalDay
2021-12-21,16293.0,1376.0,0.0,100,463.06,447.0,0,0.0,0.0,,0.0,1,3.57,5.87,SPY220121C00469000,469.0,normalDay
2021-12-22,16293.0,1706.0,0.0,100,467.69,447.0,0,0.0,0.0,,0.0,1,3.57,7.2,SPY220121C00469000,469.0,normalDay
2021-12-23,16293.0,1859.0,0.0,100,470.6,447.0,0,0.0,0.0,,0.0,1,3.57,8.58,SPY220121C00469000,469.0,normalDay
2021-12-27,16293.0,2136.0,0.0,100,477.26,447.0,0,0.0,0.0,,0.0,1,3.57,12.47,SPY220121C00469000,469.0,normalDay
2021-12-28,16293.0,2117.0,0.0,100,476.87,447.0,0,0.0,0.0,,0.0,1,3.57,12.27,SPY220121C00469000,469.0,normalDay
2021-12-29,16293.0,2189.0,0.0,100,477.48,447.0,0,0.0,0.0,,0.0,1,3.57,12.16,SPY220121C00469000,469.0,normalDay
2021-12-30,16293.0,2184.0,0.0,100,476.16,447.0,0,0.0,0.0,,0.0,1,3.57,10.89,SPY220121C00469000,469.0,normalDay
2021-12-31,16293.0,2150.0,0.0,100,474.96,447.0,0,0.0,0.0,,0.0,1,3.57,10.03,SPY220121C00469000,469.0,normalDay
2022-01-03,16293.0,2293.0,0.0,100,477.71,447.0,0,0.0,0.0,,0.0,1,3.57,11.35,SPY220121C00469000,469.0,normalDay
2022-01-04,16293.0,2306.0,0.0,100,477.55,447.0,0,0.0,0.0,,0.0,1,3.57,11.06,SPY220121C00469000,469.0,normalDay
2022-01-05,16293.0,1905.0,0.0,100,468.38,447.0,0,0.0,0.0,,0.0,1,3.57,5.9,SPY220121C00469000,469.0,normalDay
2022-01-06,16293.0,1926.0,0.0,100,467.94,447.0,0,0.0,0.0,,0.0,1,3.57,5.25,SPY220121C00469000,469.0,normalDay
2022-01-07,16293.0,1887.0,0.0,100,466.09,447.0,0,0.0,0.0,,0.0,1,3.57,3.79,SPY220121C00469000,469.0,normalDay
2022-01-10,16293.0,1903.0,0.0,100,465.51,447.0,0,0.0,0.0,,0.0,1,3.57,3.05,SPY220121C00469000,469.0,normalDay
2022-01-11,16293.0,2137.0,0.0,100,469.75,447.0,0,0.0,0.0,,0.0,1,3.57,4.95,SPY220121C00469000,469.0,normalDay
2022-01-12,16293.0,2203.0,0.0,100,471.02,447.0,0,0.0,0.0,,0.0,1,3.57,5.56,SPY220121C00469000,469.0,normalDay
2022-01-13,16293.0,1874.0,0.0,100,464.53,447.0,0,0.0,0.0,,0.0,1,3.57,2.36,SPY220121C00469000,469.0,normalDay
2022-01-14,16293.0,1935.0,0.0,100,464.72,447.0,0,0.0,0.0,,0.0,1,3.57,1.94,SPY220121C00469000,469.0,normalDay
2022-01-18,16293.0,1280.0,0.0,100,456.49,447.0,0,0.0,0.0,,0.0,1,3.57,0.26,SPY220121C00469000,469.0,normalDay
2022-01-19,16293.0,827.0,0.0,100,451.75,447.0,0,0.0,0.0,,0.0,1,3.57,0.05,SPY220121C00469000,469.0,normalDay
2022-01-20,16293.0,330.0,0.0,100,446.75,447.0,0,0.0,0.0,,0.0,1,3.57,0.02,SPY220121C00469000,469.0,normalDay
2022-01-21,16650.0,-902.0,357.0,100,437.98,447.0,0,0.0,0.0,,0.0,1,3.57,0.0,SPY220121C00469000,469.0,expirationDay
2022-01-24,16650.0,-722.0,0.0,100,439.84,447.0,0,0.0,0.0,,0.0,1,0.6,0.66,SPY220520C00515000,515.0,normalDay
2022-01-25,16650.0,-1243.0,0.0,100,434.47,447.0,0,0.0,0.0,,0.0,1,0.6,0.5,SPY220520C00515000,515.0,normalDay
2022-01-26,16650.0,-1357.0,0.0,100,433.38,447.0,0,0.0,0.0,,0.0,1,0.6,0.55,SPY220520C00515000,515.0,normalDay
2022-01-27,16650.0,-1565.0,0.0,100,431.24,447.0,0,0.0,0.0,,0.0,1,0.6,0.49,SPY220520C00515000,515.0,normalDay
2022-01-28,16650.0,-511.0,0.0,100,441.95,447.0,0,0.0,0.0,,0.0,1,0.6,0.66,SPY220520C00515000,515.0,normalDay
2022-01-31,16650.0,274.0,0.0,100,449.91,447.0,0,0.0,0.0,,0.0,1,0.6,0.77,SPY220520C00515000,515.0,normalDay
2022-02-01,16650.0,584.0,0.0,100,452.95,447.0,0,0.0,0.0,,0.0,1,0.6,0.71,SPY220520C00515000,515.0,normalDay
2022-02-02,16650.0,1017.0,0.0,100,457.35,447.0,0,0.0,0.0,,0.0,1,0.6,0.78,SPY220520C00515000,515.0,normalDay
2022-02-03,16650.0,-46.0,0.0,100,446.6,447.0,0,0.0,0.0,,0.0,1,0.6,0.66,SPY220520C00515000,515.0,normalDay
2022-02-04,16650.0,175.0,0.0,100,448.7,447.0,0,0.0,0.0,,0.0,1,0.6,0.55,SPY220520C00515000,515.0,normalDay
2022-02-07,16650.0,35.0,0.0,100,447.26,447.0,0,0.0,0.0,,0.0,1,0.6,0.51,SPY220520C00515000,515.0,normalDay
2022-02-08,16650.0,400.0,0.0,100,450.94,447.0,0,0.0,0.0,,0.0,1,0.6,0.54,SPY220520C00515000,515.0,normalDay
2022-02-09,16650.0,1047.0,0.0,100,457.54,447.0,0,0.0,0.0,,0.0,1,0.6,0.67,SPY220520C00515000,515.0,normalDay
2022-02-10,16650.0,245.0,0.0,100,449.32,447.0,0,0.0,0.0,,0.0,1,0.6,0.47,SPY220520C00515000,515.0,normalDay
2022-02-11,16650.0,-638.0,0.0,100,440.46,447.0,0,0.0,0.0,,0.0,1,0.6,0.44,SPY220520C00515000,515.0,normalDay
2022-02-14,16650.0,-779.0,0.0,100,439.02,447.0,0,0.0,0.0,,0.0,1,0.6,0.41,SPY220520C00515000,515.0,normalDay
2022-02-15,16650.0,-70.0,0.0,100,446.1,447.0,0,0.0,0.0,,0.0,1,0.6,0.4,SPY220520C00515000,515.0,normalDay
2022-02-16,16650.0,-16.0,0.0,100,446.6,447.0,0,0.0,0.0,,0.0,1,0.6,0.36,SPY220520C00515000,515.0,normalDay
2022-02-17,16650.0,-961.0,0.0,100,437.06,447.0,0,0.0,0.0,,0.0,1,0.6,0.27,SPY220520C00515000,515.0,normalDay
2022-02-18,16650.0,-1242.0,0.0,100,434.23,447.0,0,0.0,0.0,,0.0,1,0.6,0.25,SPY220520C00515000,515.0,normalDay
2022-02-22,16650.0,-1703.0,0.0,100,429.57,447.0,0,0.0,0.0,,0.0,1,0.6,0.2,SPY220520C00515000,515.0,normalDay
2022-02-23,16650.0,-2460.0,0.0,100,421.95,447.0,0,0.0,0.0,,0.0,1,0.6,0.15,SPY220520C00515000,515.0,normalDay
2022-02-24,16650.0,-1830.0,0.0,100,428.3,447.0,0,0.0,0.0,,0.0,1,0.6,0.2,SPY220520C00515000,515.0,normalDay
2022-02-25,16650.0,-891.0,0.0,100,437.75,447.0,0,0.0,0.0,,0.0,1,0.6,0.26,SPY220520C00515000,515.0,normalDay
2022-02-28,16650.0,-1003.0,0.0,100,436.63,447.0,0,0.0,0.0,,0.0,1,0.6,0.26,SPY220520C00515000,515.0,normalDay
2022-03-01,16650.0,-1666.0,0.0,100,429.98,447.0,0,0.0,0.0,,0.0,1,0.6,0.24,SPY220520C00515000,515.0,normalDay
2022-03-02,16650.0,-878.0,0.0,100,437.89,447.0,0,0.0,0.0,,0.0,1,0.6,0.27,SPY220520C00515000,515.0,normalDay
2022-03-03,16650.0,-1092.0,0.0,100,435.71,447.0,0,0.0,0.0,,0.0,1,0.6,0.23,SPY220520C00515000,515.0,normalDay
2022-03-04,16650.0,-1441.0,0.0,100,432.17,447.0,0,0.0,0.0,,0.0,1,0.6,0.18,SPY220520C00515000,515.0,normalDay
2022-03-07,16650.0,-2709.0,0.0,100,419.43,447.0,0,0.0,0.0,,0.0,1,0.6,0.12,SPY220520C00515000,515.0,normalDay
2022-03-08,16650.0,-3028.0,0.0,100,416.25,447.0,0,0.0,0.0,,0.0,1,0.6,0.13,SPY220520C00515000,515.0,normalDay
2022-03-09,16650.0,-1916.0,0.0,100,427.41,447.0,0,0.0,0.0,,0.0,1,0.6,0.17,SPY220520C00515000,515.0,normalDay
2022-03-10,16650.0,-2105.0,0.0,100,425.48,447.0,0,0.0,0.0,,0.0,1,0.6,0.13,SPY220520C00515000,515.0,normalDay
2022-03-11,16650.0,-2643.0,0.0,100,420.07,447.0,0,0.0,0.0,,0.0,1,0.6,0.1,SPY220520C00515000,515.0,normalDay
2022-03-14,16650.0,-2949.0,0.0,100,417.0,447.0,0,0.0,0.0,,0.0,1,0.6,0.09,SPY220520C00515000,515.0,normalDay
2022-03-15,16650.0,-2033.0,0.0,100,426.17,447.0,0,0.0,0.0,,0.0,1,0.6,0.1,SPY220520C00515000,515.0,normalDay
2022-03-16,16650.0,-1091.0,0.0,100,435.62,447.0,0,0.0,0.0,,0.0,1,0.6,0.13,SPY220520C00515000,515.0,normalDay
2022-03-17,16650.0,-547.0,0.0,100,441.07,447.0,0,0.0,0.0,,0.0,1,0.6,0.14,SPY220520C00515000,515.0,normalDay
2022-03-18,16650.0,-202.0,0.0,100,444.52,447.0,0,0.0,0.0,,0.0,1,0.6,0.14,SPY220520C00515000,515.0,normalDay
2022-03-21,16650.0,-212.0,0.0,100,444.39,447.0,0,0.0,0.0,,0.0,1,0.6,0.11,SPY220520C00515000,515.0,normalDay
2022-03-22,16650.0,305.0,0.0,100,449.59,447.0,0,0.0,0.0,,0.0,1,0.6,0.14,SPY220520C00515000,515.0,normalDay
2022-03-23,16650.0,-269.0,0.0,100,443.8,447.0,0,0.0,0.0,,0.0,1,0.6,0.09,SPY220520C00515000,515.0,normalDay
2022-03-24,16650.0,397.0,0.0,100,450.49,447.0,0,0.0,0.0,,0.0,1,0.6,0.12,SPY220520C00515000,515.0,normalDay
2022-03-25,16650.0,618.0,0.0,100,452.69,447.0,0,0.0,0.0,,0.0,1,0.6,0.11,SPY220520C00515000,515.0,normalDay
2022-03-28,16650.0,941.0,0.0,100,455.91,447.0,0,0.0,0.0,,0.0,1,0.6,0.1,SPY220520C00515000,515.0,normalDay
2022-03-29,16650.0,1499.0,0.0,100,461.55,447.0,0,0.0,0.0,,0.0,1,0.6,0.16,SPY220520C00515000,515.0,normalDay
2022-03-30,16650.0,1218.0,0.0,100,458.7,447.0,0,0.0,0.0,,0.0,1,0.6,0.12,SPY220520C00515000,515.0,normalDay
2022-03-31,16650.0,518.0,0.0,100,451.64,447.0,0,0.0,0.0,,0.0,1,0.6,0.06,SPY220520C00515000,515.0,normalDay
2022-04-01,16650.0,648.0,0.0,100,452.92,447.0,0,0.0,0.0,,0.0,1,0.6,0.04,SPY220520C00515000,515.0,normalDay
2022-04-04,16650.0,1036.0,0.0,100,456.8,447.0,0,0.0,0.0,,0.0,1,0.6,0.04,SPY220520C00515000,515.0,normalDay
2022-04-05,16650.0,460.0,0.0,100,451.03,447.0,0,0.0,0.0,,0.0,1,0.6,0.03,SPY220520C00515000,515.0,normalDay
2022-04-06,16650.0,9.0,0.0,100,446.52,447.0,0,0.0,0.0,,0.0,1,0.6,0.03,SPY220520C00515000,515.0,normalDay
2022-04-07,16650.0,234.0,0.0,100,448.77,447.0,0,0.0,0.0,,0.0,1,0.6,0.03,SPY220520C00515000,515.0,normalDay
2022-04-08,16650.0,115.0,0.0,100,447.57,447.0,0,0.0,0.0,,0.0,1,0.6,0.02,SPY220520C00515000,515.0,normalDay
2022-04-11,16650.0,-650.0,0.0,100,439.92,447.0,0,0.0,0.0,,0.0,1,0.6,0.02,SPY220520C00515000,515.0,normalDay
2022-04-12,16650.0,-813.0,0.0,100,438.29,447.0,0,0.0,0.0,,0.0,1,0.6,0.02,SPY220520C00515000,515.0,normalDay
2022-04-13,16650.0,-311.0,0.0,100,443.31,447.0,0,0.0,0.0,,0.0,1,0.6,0.02,SPY220520C00515000,515.0,normalDay
2022-04-14,16650.0,-862.0,0.0,100,437.79,447.0,0,0.0,0.0,,0.0,1,0.6,0.01,SPY220520C00515000,515.0,normalDay
2022-04-18,16650.0,-844.0,0.0,100,437.97,447.0,0,0.0,0.0,,0.0,1,0.6,0.01,SPY220520C00515000,515.0,normalDay
2022-04-19,16650.0,-137.0,0.0,100,445.04,447.0,0,0.0,0.0,,0.0,1,0.6,0.01,SPY220520C00515000,515.0,normalDay
2022-04-20,16650.0,-170.0,0.0,100,444.71,447.0,0,0.0,0.0,,0.0,1,0.6,0.01,SPY220520C00515000,515.0,normalDay
2022-04-21,16650.0,-835.0,0.0,100,438.06,447.0,0,0.0,0.0,,0.0,1,0.6,0.01,SPY220520C00515000,515.0,normalDay
2022-04-22,16650.0,-2037.0,0.0,100,426.04,447.0,0,0.0,0.0,,0.0,1,0.6,0.01,SPY220520C00515000,515.0,normalDay
2022-04-25,16650.0,-1790.0,0.0,100,428.51,447.0,0,0.0,0.0,,0.0,1,0.6,0.01,SPY220520C00515000,515.0,normalDay
2022-04-26,16650.0,-3031.0,0.0,100,416.1,447.0,0,0.0,0.0,,0.0,1,0.6,0.01,SPY220520C00515000,515.0,normalDay
2022-04-27,16650.0,-2914.0,0.0,100,417.27,447.0,0,0.0,0.0,,0.0,1,0.6,0.01,SPY220520C00515000,515.0,normalDay
2022-04-28,16650.0,-1860.0,0.0,100,427.81,447.0,0,0.0,0.0,,0.0,1,0.6,0.01,SPY220520C00515000,515.0,normalDay
2022-04-29,16650.0,-3441.0,0.0,100,412.0,447.0,0,0.0,0.0,,0.0,1,0.6,0.01,SPY220520C00515000,515.0,normalDay
2022-05-02,16650.0,-3193.0,0.0,100,414.48,447.0,0,0.0,0.0,,0.0,1,0.6,0.01,SPY220520C00515000,515.0,normalDay
2022-05-03,16650.0,-3003.0,0.0,100,416.38,447.0,0,0.0,0.0,,0.0,1,0.6,0.01,SPY220520C00515000,515.0,normalDay
2022-05-04,16650.0,-1735.0,0.0,100,429.06,447.0,0,0.0,0.0,,0.0,1,0.6,0.01,SPY220520C00515000,515.0,normalDay
2022-05-05,16650.0,-3260.0,0.0,100,413.81,447.0,0,0.0,0.0,,0.0,1,0.6,0.01,SPY220520C00515000,515.0,normalDay
2022-05-06,16650.0,-3507.0,0.0,100,411.34,447.0,0,0.0,0.0,,0.0,1,0.6,0.01,SPY220520C00515000,515.0,normalDay
2022-05-09,16650.0,-4824.0,0.0,100,398.17,447.0,0,0.0,0.0,,0.0,1,0.6,0.01,SPY220520C00515000,515.0,normalDay
2022-05-10,16650.0,-4732.0,0.0,100,399.09,447.0,0,0.0,0.0,,0.0,1,0.6,0.01,SPY220520C00515000,515.0,normalDay
2022-05-11,16650.0,-5366.0,0.0,100,392.75,447.0,0,0.0,0.0,,0.0,1,0.6,0.01,SPY220520C00515000,515.0,normalDay
2022-05-12,16650.0,-5407.0,0.0,100,392.34,447.0,0,0.0,0.0,,0.0,1,0.6,0.01,SPY220520C00515000,515.0,normalDay
2022-05-13,16650.0,-4469.0,0.0,100,401.72,447.0,0,0.0,0.0,,0.0,1,0.6,0.01,SPY220520C00515000,515.0,normalDay
2022-05-16,16650.0,-4632.0,0.0,100,400.09,447.0,0,0.0,0.0,,0.0,1,0.6,0.01,SPY220520C00515000,515.0,normalDay
2022-05-17,16650.0,-3809.0,0.0,100,408.32,447.0,0,0.0,0.0,,0.0,1,0.6,0.01,SPY220520C00515000,515.0,normalDay
2022-05-18,16650.0,-5455.0,0.0,100,391.86,447.0,0,0.0,0.0,,0.0,1,0.6,0.01,SPY220520C00515000,515.0,normalDay
2022-05-19,16650.0,-5695.0,0.0,100,389.46,447.0,0,0.0,0.0,,0.0,1,0.6,0.01,SPY220520C00515000,515.0,normalDay
2022-05-20,16710.0,-5737.0,60.0,100,389.63,447.0,0,0.0,0.0,,0.0,1,0.6,0.0,SPY220520C00515000,515.0,expirationDay
2022-05-23,16710.0,-5018.0,0.0,100,396.92,447.0,0,0.0,0.0,,0.0,1,2.95,3.05,SPY220930C00454000,454.0,normalDay
2022-05-24,16710.0,-5291.0,0.0,100,393.89,447.0,0,0.0,0.0,,0.0,1,2.95,2.75,SPY220930C00454000,454.0,normalDay
2022-05-25,16710.0,-4966.0,0.0,100,397.37,447.0,0,0.0,0.0,,0.0,1,2.95,2.98,SPY220930C00454000,454.0,normalDay
2022-05-26,16710.0,-4287.0,0.0,100,405.31,447.0,0,0.0,0.0,,0.0,1,2.95,4.13,SPY220930C00454000,454.0,normalDay
2022-05-27,16710.0,-3483.0,0.0,100,415.26,447.0,0,0.0,0.0,,0.0,1,2.95,6.04,SPY220930C00454000,454.0,normalDay
2022-05-31,16710.0,-3605.0,0.0,100,412.93,447.0,0,0.0,0.0,,0.0,1,2.95,4.93,SPY220930C00454000,454.0,normalDay
2022-06-01,16710.0,-3849.0,0.0,100,409.59,447.0,0,0.0,0.0,,0.0,1,2.95,4.03,SPY220930C00454000,454.0,normalDay
2022-06-02,16710.0,-3228.0,0.0,100,417.39,447.0,0,0.0,0.0,,0.0,1,2.95,5.62,SPY220930C00454000,454.0,normalDay
2022-06-03,16710.0,-3761.0,0.0,100,410.54,447.0,0,0.0,0.0,,0.0,1,2.95,4.1,SPY220930C00454000,454.0,normalDay
2022-06-06,16710.0,-3636.0,0.0,100,411.79,447.0,0,0.0,0.0,,0.0,1,2.95,4.1,SPY220930C00454000,454.0,normalDay
2022-06-07,16710.0,-3299.0,0.0,100,415.74,447.0,0,0.0,0.0,,0.0,1,2.95,4.68,SPY220930C00454000,454.0,normalDay
2022-06-08,16710.0,-3659.0,0.0,100,411.22,447.0,0,0.0,0.0,,0.0,1,2.95,3.76,SPY220930C00454000,454.0,normalDay
2022-06-09,16710.0,-4507.0,0.0,100,401.44,447.0,0,0.0,0.0,,0.0,1,2.95,2.46,SPY220930C00454000,454.0,normalDay
2022-06-10,16710.0,-5572.0,0.0,100,389.8,447.0,0,0.0,0.0,,0.0,1,2.95,1.47,SPY220930C00454000,454.0,normalDay
2022-06-13,16710.0,-6987.0,0.0,100,375.0,447.0,0,0.0,0.0,,0.0,1,2.95,0.82,SPY220930C00454000,454.0,normalDay
2022-06-14,16710.0,-7084.0,0.0,100,373.87,447.0,0,0.0,0.0,,0.0,1,2.95,0.66,SPY220930C00454000,454.0,normalDay
2022-06-15,16710.0,-6563.0,0.0,100,379.2,447.0,0,0.0,0.0,,0.0,1,2.95,0.78,SPY220930C00454000,454.0,normalDay
2022-06-16,16710.0,-7792.0,0.0,100,366.65,447.0,0,0.0,0.0,,0.0,1,2.95,0.52,SPY220930C00454000,454.0,normalDay
2022-06-17,16710.0,-7869.0,0.0,100,365.86,447.0,0,0.0,0.0,,0.0,1,2.95,0.5,SPY220930C00454000,454.0,normalDay
2022-06-21,16710.0,-6963.0,0.0,100,375.07,447.0,0,0.0,0.0,,0.0,1,2.95,0.65,SPY220930C00454000,454.0,normalDay
2022-06-22,16710.0,-7029.0,0.0,100,374.39,447.0,0,0.0,0.0,,0.0,1,2.95,0.63,SPY220930C00454000,454.0,normalDay
2022-06-23,16710.0,-6665.0,0.0,100,378.06,447.0,0,0.0,0.0,,0.0,1,2.95,0.66,SPY220930C00454000,454.0,normalDay
2022-06-24,16710.0,-5513.0,0.0,100,390.08,447.0,0,0.0,0.0,,0.0,1,2.95,1.16,SPY220930C00454000,454.0,normalDay
2022-06-27,16710.0,-5649.0,0.0,100,388.59,447.0,0,0.0,0.0,,0.0,1,2.95,1.03,SPY220930C00454000,454.0,normalDay
2022-06-28,16710.0,-6404.0,0.0,100,380.65,447.0,0,0.0,0.0,,0.0,1,2.95,0.64,SPY220930C00454000,454.0,normalDay
2022-06-29,16710.0,-6433.0,0.0,100,380.34,447.0,0,0.0,0.0,,0.0,1,2.95,0.62,SPY220930C00454000,454.0,normalDay
2022-06-30,16710.0,-6729.0,0.0,100,377.25,447.0,0,0.0,0.0,,0.0,1,2.95,0.49,SPY220930C00454000,454.0,normalDay
2022-07-01,16710.0,-6330.0,0.0,100,381.24,447.0,0,0.0,0.0,,0.0,1,2.95,0.49,SPY220930C00454000,454.0,normalDay
2022-07-05,16710.0,-6253.0,0.0,100,381.96,447.0,0,0.0,0.0,,0.0,1,2.95,0.44,SPY220930C00454000,454.0,normalDay
2022-07-06,16710.0,-6127.0,0.0,100,383.25,447.0,0,0.0,0.0,,0.0,1,2.95,0.47,SPY220930C00454000,454.0,normalDay
2022-07-07,16710.0,-5567.0,0.0,100,388.99,447.0,0,0.0,0.0,,0.0,1,2.95,0.61,SPY220930C00454000,454.0,normalDay
2022-07-08,16710.0,-5595.0,0.0,100,388.67,447.0,0,0.0,0.0,,0.0,1,2.95,0.57,SPY220930C00454000,454.0,normalDay
2022-07-11,16710.0,-6024.0,0.0,100,384.23,447.0,0,0.0,0.0,,0.0,1,2.95,0.42,SPY220930C00454000,454.0,normalDay
2022-07-12,16710.0,-6352.0,0.0,100,380.83,447.0,0,0.0,0.0,,0.0,1,2.95,0.3,SPY220930C00454000,454.0,normalDay
2022-07-13,16710.0,-6549.0,0.0,100,378.83,447.0,0,0.0,0.0,,0.0,1,2.95,0.27,SPY220930C00454000,454.0,normalDay
2022-07-14,16710.0,-6641.0,0.0,100,377.91,447.0,0,0.0,0.0,,0.0,1,2.95,0.27,SPY220930C00454000,454.0,normalDay
2022-07-15,16710.0,-5927.0,0.0,100,385.13,447.0,0,0.0,0.0,,0.0,1,2.95,0.35,SPY220930C00454000,454.0,normalDay
2022-07-18,16710.0,-6239.0,0.0,100,381.95,447.0,0,0.0,0.0,,0.0,1,2.95,0.29,SPY220930C00454000,454.0,normalDay
2022-07-19,16710.0,-5241.0,0.0,100,392.27,447.0,0,0.0,0.0,,0.0,1,2.95,0.63,SPY220930C00454000,454.0,normalDay
2022-07-20,16710.0,-5000.0,0.0,100,394.77,447.0,0,0.0,0.0,,0.0,1,2.95,0.72,SPY220930C00454000,454.0,normalDay
2022-07-21,16710.0,-4609.0,0.0,100,398.79,447.0,0,0.0,0.0,,0.0,1,2.95,0.83,SPY220930C00454000,454.0,normalDay
2022-07-22,16710.0,-4953.0,0.0,100,395.09,447.0,0,0.0,0.0,,0.0,1,2.95,0.57,SPY220930C00454000,454.0,normalDay
2022-07-25,16710.0,-4898.0,0.0,100,395.57,447.0,0,0.0,0.0,,0.0,1,2.95,0.5,SPY220930C00454000,454.0,normalDay
2022-07-26,16710.0,-5353.0,0.0,100,390.89,447.0,0,0.0,0.0,,0.0,1,2.95,0.37,SPY220930C00454000,454.0,normalDay
2022-07-27,16710.0,-4363.0,0.0,100,401.04,447.0,0,0.0,0.0,,0.0,1,2.95,0.62,SPY220930C00454000,454.0,normalDay
2022-07-28,16710.0,-3886.0,0.0,100,406.07,447.0,0,0.0,0.0,,0.0,1,2.95,0.88,SPY220930C00454000,454.0,normalDay
2022-07-29,16710.0,-3318.0,0.0,100,411.99,447.0,0,0.0,0.0,,0.0,1,2.95,1.12,SPY220930C00454000,454.0,normalDay
2022-08-01,16710.0,-3429.0,0.0,100,410.77,447.0,0,0.0,0.0,,0.0,1,2.95,1.01,SPY220930C00454000,454.0,normalDay
2022-08-02,16710.0,-3678.0,0.0,100,408.06,447.0,0,0.0,0.0,,0.0,1,2.95,0.79,SPY220930C00454000,454.0,normalDay
2022-08-03,16710.0,-3075.0,0.0,100,414.45,447.0,0,0.0,0.0,,0.0,1,2.95,1.15,SPY220930C00454000,454.0,normalDay
2022-08-04,16710.0,-3096.0,0.0,100,414.17,447.0,0,0.0,0.0,,0.0,1,2.95,1.08,SPY220930C00454000,454.0,normalDay
2022-08-05,16710.0,-3139.0,0.0,100,413.47,447.0,0,0.0,0.0,,0.0,1,2.95,0.81,SPY220930C00454000,454.0,normalDay
2022-08-08,16710.0,-3180.0,0.0,100,412.99,447.0,0,0.0,0.0,,0.0,1,2.95,0.74,SPY220930C00454000,454.0,normalDay
2022-08-09,16710.0,-3332.0,0.0,100,411.35,447.0,0,0.0,0.0,,0.0,1,2.95,0.62,SPY220930C00454000,454.0,normalDay
2022-08-10,16710.0,-2517.0,0.0,100,419.99,447.0,0,0.0,0.0,,0.0,1,2.95,1.11,SPY220930C00454000,454.0,normalDay
2022-08-11,16710.0,-2517.0,0.0,100,419.99,447.0,0,0.0,0.0,,0.0,1,2.95,1.11,SPY220930C00454000,454.0,normalDay
2022-08-12,16710.0,-1885.0,0.0,100,427.1,447.0,0,0.0,0.0,,0.0,1,2.95,1.9,SPY220930C00454000,454.0,normalDay
2022-08-15,16710.0,-1724.0,0.0,100,428.86,447.0,0,0.0,0.0,,0.0,1,2.95,2.05,SPY220930C00454000,454.0,normalDay
2022-08-16,16710.0,-1634.0,0.0,100,429.7,447.0,0,0.0,0.0,,0.0,1,2.95,1.99,SPY220930C00454000,454.0,normalDay
2022-08-17,16710.0,-1892.0,0.0,100,426.65,447.0,0,0.0,0.0,,0.0,1,2.95,1.52,SPY220930C00454000,454.0,normalDay
2022-08-18,16710.0,-1757.0,0.0,100,427.89,447.0,0,0.0,0.0,,0.0,1,2.95,1.41,SPY220930C00454000,454.0,normalDay
2022-08-19,16710.0,-2270.0,0.0,100,422.14,447.0,0,0.0,0.0,,0.0,1,2.95,0.79,SPY220930C00454000,454.0,normalDay
2022-08-22,16710.0,-3107.0,0.0,100,413.35,447.0,0,0.0,0.0,,0.0,1,2.95,0.37,SPY220930C00454000,454.0,normalDay
2022-08-23,16710.0,-3200.0,0.0,100,412.35,447.0,0,0.0,0.0,,0.0,1,2.95,0.3,SPY220930C00454000,454.0,normalDay
2022-08-24,16710.0,-3065.0,0.0,100,413.67,447.0,0,0.0,0.0,,0.0,1,2.95,0.27,SPY220930C00454000,454.0,normalDay
2022-08-25,16710.0,-2496.0,0.0,100,419.51,447.0,0,0.0,0.0,,0.0,1,2.95,0.42,SPY220930C00454000,454.0,normalDay
2022-08-26,16710.0,-3887.0,0.0,100,405.31,447.0,0,0.0,0.0,,0.0,1,2.95,0.13,SPY220930C00454000,454.0,normalDay
2022-08-29,16710.0,-4152.0,0.0,100,402.63,447.0,0,0.0,0.0,,0.0,1,2.95,0.1,SPY220930C00454000,454.0,normalDay
2022-08-30,16710.0,-4590.0,0.0,100,398.21,447.0,0,0.0,0.0,,0.0,1,2.95,0.06,SPY220930C00454000,454.0,normalDay
2022-08-31,16710.0,-4892.0,0.0,100,395.18,447.0,0,0.0,0.0,,0.0,1,2.95,0.05,SPY220930C00454000,454.0,normalDay
2022-09-01,16710.0,-4768.0,0.0,100,396.42,447.0,0,0.0,0.0,,0.0,1,2.95,0.05,SPY220930C00454000,454.0,normalDay
2022-09-02,16710.0,-5184.0,0.0,100,392.24,447.0,0,0.0,0.0,,0.0,1,2.95,0.03,SPY220930C00454000,454.0,normalDay
2022-09-06,16710.0,-5332.0,0.0,100,390.76,447.0,0,0.0,0.0,,0.0,1,2.95,0.03,SPY220930C00454000,454.0,normalDay
2022-09-07,16710.0,-4632.0,0.0,100,397.78,447.0,0,0.0,0.0,,0.0,1,2.95,0.05,SPY220930C00454000,454.0,normalDay
2022-09-08,16710.0,-4371.0,0.0,100,400.38,447.0,0,0.0,0.0,,0.0,1,2.95,0.04,SPY220930C00454000,454.0,normalDay
2022-09-09,16710.0,-3750.0,0.0,100,406.6,447.0,0,0.0,0.0,,0.0,1,2.95,0.05,SPY220930C00454000,454.0,normalDay
2022-09-12,16710.0,-3317.0,0.0,100,410.97,447.0,0,0.0,0.0,,0.0,1,2.95,0.09,SPY220930C00454000,454.0,normalDay
2022-09-13,16710.0,-5097.0,0.0,100,393.1,447.0,0,0.0,0.0,,0.0,1,2.95,0.02,SPY220930C00454000,454.0,normalDay
2022-09-14,16710.0,-4947.0,0.0,100,394.6,447.0,0,0.0,0.0,,0.0,1,2.95,0.02,SPY220930C00454000,454.0,normalDay
2022-09-15,16710.0,-5395.0,0.0,100,390.12,447.0,0,0.0,0.0,,0.0,1,2.95,0.02,SPY220930C00454000,454.0,normalDay
2022-09-16,16710.0,-5851.0,0.0,100,385.56,447.0,0,0.0,0.0,,0.0,1,2.95,0.02,SPY220930C00454000,454.0,normalDay
2022-09-19,16710.0,-5551.0,0.0,100,388.55,447.0,0,0.0,0.0,,0.0,1,2.95,0.01,SPY220930C00454000,454.0,normalDay
2022-09-20,16710.0,-5997.0,0.0,100,384.09,447.0,0,0.0,0.0,,0.0,1,2.95,0.01,SPY220930C00454000,454.0,normalDay
2022-09-21,16710.0,-6667.0,0.0,100,377.39,447.0,0,0.0,0.0,,0.0,1,2.95,0.01,SPY220930C00454000,454.0,normalDay
2022-09-22,16710.0,-6984.0,0.0,100,374.22,447.0,0,0.0,0.0,,0.0,1,2.95,0.01,SPY220930C00454000,454.0,normalDay
2022-09-23,16710.0,-7611.0,0.0,100,367.95,447.0,0,0.0,0.0,,0.0,1,2.95,0.01,SPY220930C00454000,454.0,normalDay
2022-09-26,16710.0,-7975.0,0.0,100,364.31,447.0,0,0.0,0.0,,0.0,1,2.95,0.01,SPY220930C00454000,454.0,normalDay
2022-09-27,16710.0,-8068.0,0.0,100,363.38,447.0,0,0.0,0.0,,0.0,1,2.95,0.01,SPY220930C00454000,454.0,normalDay
2022-09-28,16710.0,-7353.0,0.0,100,370.53,447.0,0,0.0,0.0,,0.0,1,2.95,0.01,SPY220930C00454000,454.0,normalDay
2022-09-29,16710.0,-8127.0,0.0,100,362.79,447.0,0,0.0,0.0,,0.0,1,2.95,0.01,SPY220930C00454000,454.0,normalDay
2022-09-30,17005.0,-8982.0,295.0,100,357.18,447.0,0,0.0,0.0,,0.0,1,2.95,0.0,SPY220930C00454000,454.0,expirationDay
2022-10-03,17005.0,-8042.0,0.0,100,366.61,447.0,0,0.0,0.0,,0.0,1,0.83,0.86,SPY230120C00445000,445.0,normalDay
2022-10-04,17005.0,-6974.0,0.0,100,377.97,447.0,0,0.0,0.0,,0.0,1,0.83,1.54,SPY230120C00445000,445.0,normalDay
2022-10-05,17005.0,-7044.0,0.0,100,377.09,447.0,0,0.0,0.0,,0.0,1,0.83,1.36,SPY230120C00445000,445.0,normalDay
2022-10-06,17005.0,-7412.0,0.0,100,373.2,447.0,0,0.0,0.0,,0.0,1,0.83,1.15,SPY230120C00445000,445.0,normalDay
2022-10-07,17005.0,-8405.0,0.0,100,362.79,447.0,0,0.0,0.0,,0.0,1,0.83,0.67,SPY230120C00445000,445.0,normalDay
2022-10-10,17005.0,-8685.0,0.0,100,360.02,447.0,0,0.0,0.0,,0.0,1,0.83,0.7,SPY230120C00445000,445.0,normalDay
2022-10-11,17005.0,-8910.0,0.0,100,357.74,447.0,0,0.0,0.0,,0.0,1,0.83,0.67,SPY230120C00445000,445.0,normalDay
2022-10-12,17005.0,-9027.0,0.0,100,356.56,447.0,0,0.0,0.0,,0.0,1,0.83,0.66,SPY230120C00445000,445.0,normalDay
2022-10-13,17005.0,-8122.0,0.0,100,365.97,447.0,0,0.0,0.0,,0.0,1,0.83,1.02,SPY230120C00445000,445.0,normalDay
2022-10-14,17005.0,-8920.0,0.0,100,357.63,447.0,0,0.0,0.0,,0.0,1,0.83,0.66,SPY230120C00445000,445.0,normalDay
2022-10-17,17005.0,-8035.0,0.0,100,366.82,447.0,0,0.0,0.0,,0.0,1,0.83,1.0,SPY230120C00445000,445.0,normalDay
2022-10-18,17005.0,-7625.0,0.0,100,371.13,447.0,0,0.0,0.0,,0.0,1,0.83,1.21,SPY230120C00445000,445.0,normalDay
2022-10-19,17005.0,-7864.0,0.0,100,368.5,447.0,0,0.0,0.0,,0.0,1,0.83,0.97,SPY230120C00445000,445.0,normalDay
2022-10-20,17005.0,-8149.0,0.0,100,365.41,447.0,0,0.0,0.0,,0.0,1,0.83,0.73,SPY230120C00445000,445.0,normalDay
2022-10-21,17005.0,-7319.0,0.0,100,374.29,447.0,0,0.0,0.0,,0.0,1,0.83,1.31,SPY230120C00445000,445.0,normalDay
2022-10-24,17005.0,-6891.0,0.0,100,378.87,447.0,0,0.0,0.0,,0.0,1,0.83,1.61,SPY230120C00445000,445.0,normalDay
2022-10-25,17005.0,-6300.0,0.0,100,384.92,447.0,0,0.0,0.0,,0.0,1,0.83,1.75,SPY230120C00445000,445.0,normalDay
2022-10-26,17005.0,-6559.0,0.0,100,382.02,447.0,0,0.0,0.0,,0.0,1,0.83,1.44,SPY230120C00445000,445.0,normalDay
2022-10-27,17005.0,-6708.0,0.0,100,379.98,447.0,0,0.0,0.0,,0.0,1,0.83,0.89,SPY230120C00445000,445.0,normalDay
2022-10-28,17005.0,-5890.0,0.0,100,389.02,447.0,0,0.0,0.0,,0.0,1,0.83,1.75,SPY230120C00445000,445.0,normalDay
2022-10-31,17005.0,-6126.0,0.0,100,386.21,447.0,0,0.0,0.0,,0.0,1,0.83,1.3,SPY230120C00445000,445.0,normalDay
2022-11-01,17005.0,-6276.0,0.0,100,384.52,447.0,0,0.0,0.0,,0.0,1,0.83,1.11,SPY230120C00445000,445.0,normalDay
2022-11-02,17005.0,-7189.0,0.0,100,374.87,447.0,0,0.0,0.0,,0.0,1,0.83,0.59,SPY230120C00445000,445.0,normalDay
2022-11-03,17005.0,-7557.0,0.0,100,371.01,447.0,0,0.0,0.0,,0.0,1,0.83,0.41,SPY230120C00445000,445.0,normalDay
2022-11-04,17005.0,-7035.0,0.0,100,376.35,447.0,0,0.0,0.0,,0.0,1,0.83,0.53,SPY230120C00445000,445.0,normalDay
2022-11-07,17005.0,-6683.0,0.0,100,379.95,447.0,0,0.0,0.0,,0.0,1,0.83,0.61,SPY230120C00445000,445.0,normalDay
2022-11-08,17005.0,-6488.0,0.0,100,382.0,447.0,0,0.0,0.0,,0.0,1,0.83,0.71,SPY230120C00445000,445.0,normalDay
2022-11-09,17005.0,-7247.0,0.0,100,374.13,447.0,0,0.0,0.0,,0.0,1,0.83,0.43,SPY230120C00445000,445.0,normalDay
2022-11-10,17005.0,-5301.0,0.0,100,394.69,447.0,0,0.0,0.0,,0.0,1,0.83,1.53,SPY230120C00445000,445.0,normalDay
2022-11-11,17005.0,-4911.0,0.0,100,398.51,447.0,0,0.0,0.0,,0.0,1,0.83,1.45,SPY230120C00445000,445.0,normalDay
2022-11-14,17005.0,-5212.0,0.0,100,395.12,447.0,0,0.0,0.0,,0.0,1,0.83,1.07,SPY230120C00445000,445.0,normalDay
2022-11-15,17005.0,-4896.0,0.0,100,398.49,447.0,0,0.0,0.0,,0.0,1,0.83,1.28,SPY230120C00445000,445.0,normalDay
2022-11-16,17005.0,-5165.0,0.0,100,395.45,447.0,0,0.0,0.0,,0.0,1,0.83,0.93,SPY230120C00445000,445.0,normalDay
2022-11-17,17005.0,-5274.0,0.0,100,394.24,447.0,0,0.0,0.0,,0.0,1,0.83,0.81,SPY230120C00445000,445.0,normalDay
2022-11-18,17005.0,-5091.0,0.0,100,396.03,447.0,0,0.0,0.0,,0.0,1,0.83,0.77,SPY230120C00445000,445.0,normalDay
2022-11-21,17005.0,-5213.0,0.0,100,394.59,447.0,0,0.0,0.0,,0.0,1,0.83,0.55,SPY230120C00445000,445.0,normalDay
2022-11-22,17005.0,-4694.0,0.0,100,399.9,447.0,0,0.0,0.0,,0.0,1,0.83,0.67,SPY230120C00445000,445.0,normalDay
2022-11-23,17005.0,-4441.0,0.0,100,402.42,447.0,0,0.0,0.0,,0.0,1,0.83,0.66,SPY230120C00445000,445.0,normalDay
2022-11-25,17005.0,-4443.0,0.0,100,402.33,447.0,0,0.0,0.0,,0.0,1,0.83,0.59,SPY230120C00445000,445.0,normalDay
2022-11-28,17005.0,-5062.0,0.0,100,395.91,447.0,0,0.0,0.0,,0.0,1,0.83,0.36,SPY230120C00445000,445.0,normalDay
2022-11-29,17005.0,-5124.0,0.0,100,395.23,447.0,0,0.0,0.0,,0.0,1,0.83,0.3,SPY230120C00445000,445.0,normalDay
2022-11-30,17005.0,-3941.0,0.0,100,407.68,447.0,0,0.0,0.0,,0.0,1,0.83,0.92,SPY230120C00445000,445.0,normalDay
2022-12-01,17005.0,-3960.0,0.0,100,407.38,447.0,0,0.0,0.0,,0.0,1,0.83,0.81,SPY230120C00445000,445.0,normalDay
2022-12-02,17005.0,-3984.0,0.0,100,406.91,447.0,0,0.0,0.0,,0.0,1,0.83,0.58,SPY230120C00445000,445.0,normalDay
2022-12-05,17005.0,-4688.0,0.0,100,399.59,447.0,0,0.0,0.0,,0.0,1,0.83,0.3,SPY230120C00445000,445.0,normalDay
2022-12-06,17005.0,-5257.0,0.0,100,393.83,447.0,0,0.0,0.0,,0.0,1,0.83,0.23,SPY230120C00445000,445.0,normalDay
2022-12-07,17005.0,-5322.0,0.0,100,393.16,447.0,0,0.0,0.0,,0.0,1,0.83,0.21,SPY230120C00445000,445.0,normalDay
2022-12-08,17005.0,-5019.0,0.0,100,396.24,447.0,0,0.0,0.0,,0.0,1,0.83,0.26,SPY230120C00445000,445.0,normalDay
2022-12-09,17005.0,-5310.0,0.0,100,393.28,447.0,0,0.0,0.0,,0.0,1,0.83,0.21,SPY230120C00445000,445.0,normalDay
2022-12-12,17005.0,-4765.0,0.0,100,398.95,447.0,0,0.0,0.0,,0.0,1,0.83,0.43,SPY230120C00445000,445.0,normalDay
2022-12-13,17005.0,-4456.0,0.0,100,401.97,447.0,0,0.0,0.0,,0.0,1,0.83,0.36,SPY230120C00445000,445.0,normalDay
2022-12-14,17005.0,-4695.0,0.0,100,399.4,447.0,0,0.0,0.0,,0.0,1,0.83,0.18,SPY230120C00445000,445.0,normalDay
2022-12-15,17005.0,-5664.0,0.0,100,389.63,447.0,0,0.0,0.0,,0.0,1,0.83,0.1,SPY230120C00445000,445.0,normalDay
2022-12-16,17005.0,-6297.0,0.0,100,383.27,447.0,0,0.0,0.0,,0.0,1,0.83,0.07,SPY230120C00445000,445.0,normalDay
2022-12-19,17005.0,-6620.0,0.0,100,380.02,447.0,0,0.0,0.0,,0.0,1,0.83,0.05,SPY230120C00445000,445.0,normalDay
2022-12-20,17005.0,-6568.0,0.0,100,380.54,447.0,0,0.0,0.0,,0.0,1,0.83,0.05,SPY230120C00445000,445.0,normalDay
2022-12-21,17005.0,-5999.0,0.0,100,386.23,447.0,0,0.0,0.0,,0.0,1,0.83,0.05,SPY230120C00445000,445.0,normalDay
2022-12-22,17005.0,-6550.0,0.0,100,380.72,447.0,0,0.0,0.0,,0.0,1,0.83,0.05,SPY230120C00445000,445.0,normalDay
2022-12-23,17005.0,-6330.0,0.0,100,382.91,447.0,0,0.0,0.0,,0.0,1,0.83,0.04,SPY230120C00445000,445.0,normalDay
2022-12-27,17005.0,-6481.0,0.0,100,381.4,447.0,0,0.0,0.0,,0.0,1,0.83,0.04,SPY230120C00445000,445.0,normalDay
2022-12-28,17005.0,-6954.0,0.0,100,376.66,447.0,0,0.0,0.0,,0.0,1,0.83,0.03,SPY230120C00445000,445.0,normalDay
2022-12-29,17005.0,-6276.0,0.0,100,383.44,447.0,0,0.0,0.0,,0.0,1,0.83,0.03,SPY230120C00445000,445.0,normalDay
2022-12-30,17005.0,-6377.0,0.0,100,382.43,447.0,0,0.0,0.0,,0.0,1,0.83,0.03,SPY230120C00445000,445.0,normalDay
2023-01-03,17005.0,-6537.0,0.0,100,380.82,447.0,0,0.0,0.0,,0.0,1,0.83,0.02,SPY230120C00445000,445.0,normalDay
2023-01-04,17005.0,-6243.0,0.0,100,383.76,447.0,0,0.0,0.0,,0.0,1,0.83,0.02,SPY230120C00445000,445.0,normalDay
2023-01-05,17005.0,-6681.0,0.0,100,379.38,447.0,0,0.0,0.0,,0.0,1,0.83,0.02,SPY230120C00445000,445.0,normalDay
2023-01-06,17005.0,-5811.0,0.0,100,388.08,447.0,0,0.0,0.0,,0.0,1,0.83,0.02,SPY230120C00445000,445.0,normalDay
2023-01-09,17005.0,-5833.0,0.0,100,387.86,447.0,0,0.0,0.0,,0.0,1,0.83,0.02,SPY230120C00445000,445.0,normalDay
2023-01-10,17005.0,-5561.0,0.0,100,390.58,447.0,0,0.0,0.0,,0.0,1,0.83,0.02,SPY230120C00445000,445.0,normalDay
2023-01-11,17005.0,-5067.0,0.0,100,395.52,447.0,0,0.0,0.0,,0.0,1,0.83,0.02,SPY230120C00445000,445.0,normalDay
2023-01-12,17005.0,-4922.0,0.0,100,396.96,447.0,0,0.0,0.0,,0.0,1,0.83,0.01,SPY230120C00445000,445.0,normalDay
2023-01-13,17005.0,-4768.0,0.0,100,398.5,447.0,0,0.0,0.0,,0.0,1,0.83,0.01,SPY230120C00445000,445.0,normalDay
2023-01-17,17005.0,-4841.0,0.0,100,397.77,447.0,0,0.0,0.0,,0.0,1,0.83,0.01,SPY230120C00445000,445.0,normalDay
2023-01-18,17005.0,-5469.0,0.0,100,391.49,447.0,0,0.0,0.0,,0.0,1,0.83,0.01,SPY230120C00445000,445.0,normalDay
2023-01-19,17005.0,-5754.0,0.0,100,388.64,447.0,0,0.0,0.0,,0.0,1,0.83,0.01,SPY230120C00445000,445.0,normalDay
2023-01-20,17088.0,-5112.0,83.0,100,395.88,447.0,0,0.0,0.0,,0.0,1,0.83,0.0,SPY230120C00445000,445.0,expirationDay
2023-01-23,17088.0,-4645.0,0.0,100,400.63,447.0,0,0.0,0.0,,0.0,1,11.14,11.22,SPY230519C00415000,415.0,normalDay
2023-01-24,17088.0,-4683.0,0.0,100,400.2,447.0,0,0.0,0.0,,0.0,1,11.14,11.17,SPY230519C00415000,415.0,normalDay
2023-01-25,17088.0,-4595.0,0.0,100,400.35,447.0,0,0.0,0.0,,0.0,1,11.14,10.44,SPY230519C00415000,415.0,normalDay
2023-01-26,17088.0,-4340.0,0.0,100,404.75,447.0,0,0.0,0.0,,0.0,1,11.14,12.29,SPY230519C00415000,415.0,normalDay
2023-01-27,17088.0,-4281.0,0.0,100,405.68,447.0,0,0.0,0.0,,0.0,1,11.14,12.63,SPY230519C00415000,415.0,normalDay
2023-01-30,17088.0,-4590.0,0.0,100,400.59,447.0,0,0.0,0.0,,0.0,1,11.14,10.63,SPY230519C00415000,415.0,normalDay
2023-01-31,17088.0,-4218.0,0.0,100,406.48,447.0,0,0.0,0.0,,0.0,1,11.14,12.8,SPY230519C00415000,415.0,normalDay
2023-02-01,17088.0,-4053.0,0.0,100,410.8,447.0,0,0.0,0.0,,0.0,1,11.14,15.47,SPY230519C00415000,415.0,normalDay
2023-02-02,17088.0,-3746.0,0.0,100,416.78,447.0,0,0.0,0.0,,0.0,1,11.14,18.38,SPY230519C00415000,415.0,normalDay
2023-02-03,17088.0,-3948.0,0.0,100,412.35,447.0,0,0.0,0.0,,0.0,1,11.14,15.97,SPY230519C00415000,415.0,normalDay
2023-02-06,17088.0,-4080.0,0.0,100,409.83,447.0,0,0.0,0.0,,0.0,1,11.14,14.77,SPY230519C00415000,415.0,normalDay
2023-02-07,17088.0,-3780.0,0.0,100,415.19,447.0,0,0.0,0.0,,0.0,1,11.14,17.13,SPY230519C00415000,415.0,normalDay
2023-02-08,17088.0,-4058.0,0.0,100,410.65,447.0,0,0.0,0.0,,0.0,1,11.14,15.37,SPY230519C00415000,415.0,normalDay
2023-02-09,17088.0,-4247.0,0.0,100,407.09,447.0,0,0.0,0.0,,0.0,1,11.14,13.7,SPY230519C00415000,415.0,normalDay
2023-02-10,17088.0,-4181.0,0.0,100,408.04,447.0,0,0.0,0.0,,0.0,1,11.14,13.99,SPY230519C00415000,415.0,normalDay
2023-02-13,17088.0,-3941.0,0.0,100,412.83,447.0,0,0.0,0.0,,0.0,1,11.14,16.38,SPY230519C00415000,415.0,normalDay
2023-02-14,17088.0,-3838.0,0.0,100,412.64,447.0,0,0.0,0.0,,0.0,1,11.14,15.16,SPY230519C00415000,415.0,normalDay
2023-02-15,17088.0,-3781.0,0.0,100,413.98,447.0,0,0.0,0.0,,0.0,1,11.14,15.93,SPY230519C00415000,415.0,normalDay
2023-02-16,17088.0,-4047.0,0.0,100,408.28,447.0,0,0.0,0.0,,0.0,1,11.14,12.89,SPY230519C00415000,415.0,normalDay
2023-02-17,17088.0,-4079.0,0.0,100,407.26,447.0,0,0.0,0.0,,0.0,1,11.14,12.19,SPY230519C00415000,415.0,normalDay
2023-02-21,17088.0,-4564.0,0.0,100,399.09,447.0,0,0.0,0.0,,0.0,1,11.14,8.87,SPY230519C00415000,415.0,normalDay
2023-02-22,17088.0,-4554.0,0.0,100,398.54,447.0,0,0.0,0.0,,0.0,1,11.14,8.22,SPY230519C00415000,415.0,normalDay
2023-02-23,17088.0,-4359.0,0.0,100,400.66,447.0,0,0.0,0.0,,0.0,1,11.14,8.39,SPY230519C00415000,415.0,normalDay
2023-02-24,17088.0,-4646.0,0.0,100,396.38,447.0,0,0.0,0.0,,0.0,1,11.14,6.98,SPY230519C00415000,415.0,normalDay
2023-02-27,17088.0,-4523.0,0.0,100,397.73,447.0,0,0.0,0.0,,0.0,1,11.14,7.1,SPY230519C00415000,415.0,normalDay
2023-02-28,17088.0,-4570.0,0.0,100,396.26,447.0,0,0.0,0.0,,0.0,1,11.14,6.1,SPY230519C00415000,415.0,normalDay
2023-03-01,17088.0,-4686.0,0.0,100,394.74,447.0,0,0.0,0.0,,0.0,1,11.14,5.74,SPY230519C00415000,415.0,normalDay
2023-03-02,17088.0,-4451.0,0.0,100,397.81,447.0,0,0.0,0.0,,0.0,1,11.14,6.46,SPY230519C00415000,415.0,normalDay
2023-03-03,17088.0,-4048.0,0.0,100,404.19,447.0,0,0.0,0.0,,0.0,1,11.14,8.81,SPY230519C00415000,415.0,normalDay
2023-03-06,17088.0,-4002.0,0.0,100,404.47,447.0,0,0.0,0.0,,0.0,1,11.14,8.63,SPY230519C00415000,415.0,normalDay
2023-03-07,17088.0,-4386.0,0.0,100,398.27,447.0,0,0.0,0.0,,0.0,1,11.14,6.27,SPY230519C00415000,415.0,normalDay
2023-03-08,17088.0,-4308.0,0.0,100,398.92,447.0,0,0.0,0.0,,0.0,1,11.14,6.14,SPY230519C00415000,415.0,normalDay
2023-03-09,17088.0,-4877.0,0.0,100,391.56,447.0,0,0.0,0.0,,0.0,1,11.14,4.47,SPY230519C00415000,415.0,normalDay
2023-03-10,17088.0,-5310.0,0.0,100,385.91,447.0,0,0.0,0.0,,0.0,1,11.14,3.15,SPY230519C00415000,415.0,normalDay
2023-03-13,17088.0,-5385.0,0.0,100,385.36,447.0,0,0.0,0.0,,0.0,1,11.14,3.35,SPY230519C00415000,415.0,normalDay
2023-03-14,17088.0,-4818.0,0.0,100,391.73,447.0,0,0.0,0.0,,0.0,1,11.14,4.05,SPY230519C00415000,415.0,normalDay
2023-03-15,17088.0,-5028.0,0.0,100,389.28,447.0,0,0.0,0.0,,0.0,1,11.14,3.7,SPY230519C00415000,415.0,normalDay
2023-03-16,17088.0,-4480.0,0.0,100,396.11,447.0,0,0.0,0.0,,0.0,1,11.14,5.05,SPY230519C00415000,415.0,normalDay
2023-03-17,17088.0,-5036.0,0.0,100,389.99,447.0,0,0.0,0.0,,0.0,1,11.14,4.49,SPY230519C00415000,415.0,normalDay
2023-03-20,17088.0,-4696.0,0.0,100,393.74,447.0,0,0.0,0.0,,0.0,1,11.14,4.84,SPY230519C00415000,415.0,normalDay
2023-03-21,17088.0,-4301.0,0.0,100,398.91,447.0,0,0.0,0.0,,0.0,1,11.14,6.06,SPY230519C00415000,415.0,normalDay
2023-03-22,17088.0,-4760.0,0.0,100,392.11,447.0,0,0.0,0.0,,0.0,1,11.14,3.85,SPY230519C00415000,415.0,normalDay
2023-03-23,17088.0,-4683.0,0.0,100,393.17,447.0,0,0.0,0.0,,0.0,1,11.14,4.14,SPY230519C00415000,415.0,normalDay
2023-03-24,17088.0,-4472.0,0.0,100,395.75,447.0,0,0.0,0.0,,0.0,1,11.14,4.61,SPY230519C00415000,415.0,normalDay
2023-03-27,17088.0,-4363.0,0.0,100,396.49,447.0,0,0.0,0.0,,0.0,1,11.14,4.26,SPY230519C00415000,415.0,normalDay
2023-03-28,17088.0,-4408.0,0.0,100,395.6,447.0,0,0.0,0.0,,0.0,1,11.14,3.82,SPY230519C00415000,415.0,normalDay
2023-03-29,17088.0,-3979.0,0.0,100,401.35,447.0,0,0.0,0.0,,0.0,1,11.14,5.28,SPY230519C00415000,415.0,normalDay
2023-03-30,17088.0,-3816.0,0.0,100,403.7,447.0,0,0.0,0.0,,0.0,1,11.14,6.0,SPY230519C00415000,415.0,normalDay
2023-03-31,17088.0,-3511.0,0.0,100,409.39,447.0,0,0.0,0.0,,0.0,1,11.14,8.64,SPY230519C00415000,415.0,normalDay
2023-04-03,17088.0,-3376.0,0.0,100,410.95,447.0,0,0.0,0.0,,0.0,1,11.14,8.85,SPY230519C00415000,415.0,normalDay
2023-04-04,17088.0,-3481.0,0.0,100,408.67,447.0,0,0.0,0.0,,0.0,1,11.14,7.62,SPY230519C00415000,415.0,normalDay
2023-04-05,17088.0,-3516.0,0.0,100,407.6,447.0,0,0.0,0.0,,0.0,1,11.14,6.9,SPY230519C00415000,415.0,normalDay
2023-04-06,17088.0,-3394.0,0.0,100,409.19,447.0,0,0.0,0.0,,0.0,1,11.14,7.27,SPY230519C00415000,415.0,normalDay
2023-04-10,17088.0,-3360.0,0.0,100,409.61,447.0,0,0.0,0.0,,0.0,1,11.14,7.35,SPY230519C00415000,415.0,normalDay
2023-04-11,17088.0,-3336.0,0.0,100,409.72,447.0,0,0.0,0.0,,0.0,1,11.14,7.22,SPY230519C00415000,415.0,normalDay
2023-04-12,17088.0,-3376.0,0.0,100,408.05,447.0,0,0.0,0.0,,0.0,1,11.14,5.95,SPY230519C00415000,415.0,normalDay
2023-04-13,17088.0,-3066.0,0.0,100,413.47,447.0,0,0.0,0.0,,0.0,1,11.14,8.27,SPY230519C00415000,415.0,normalDay
2023-04-14,17088.0,-3075.0,0.0,100,412.46,447.0,0,0.0,0.0,,0.0,1,11.14,7.35,SPY230519C00415000,415.0,normalDay
2023-04-17,17088.0,-2958.0,0.0,100,413.94,447.0,0,0.0,0.0,,0.0,1,11.14,7.66,SPY230519C00415000,415.0,normalDay
2023-04-18,17088.0,-2903.0,0.0,100,414.21,447.0,0,0.0,0.0,,0.0,1,11.14,7.38,SPY230519C00415000,415.0,normalDay
2023-04-19,17088.0,-2887.0,0.0,100,414.14,447.0,0,0.0,0.0,,0.0,1,11.14,7.15,SPY230519C00415000,415.0,normalDay
2023-04-20,17088.0,-3007.0,0.0,100,411.88,447.0,0,0.0,0.0,,0.0,1,11.14,6.09,SPY230519C00415000,415.0,normalDay
2023-04-21,17088.0,-2940.0,0.0,100,412.2,447.0,0,0.0,0.0,,0.0,1,11.14,5.74,SPY230519C00415000,415.0,normalDay
2023-04-24,17088.0,-2887.0,0.0,100,412.63,447.0,0,0.0,0.0,,0.0,1,11.14,5.64,SPY230519C00415000,415.0,normalDay
2023-04-25,17088.0,-3334.0,0.0,100,406.08,447.0,0,0.0,0.0,,0.0,1,11.14,3.56,SPY230519C00415000,415.0,normalDay
2023-04-26,17088.0,-3392.0,0.0,100,404.36,447.0,0,0.0,0.0,,0.0,1,11.14,2.42,SPY230519C00415000,415.0,normalDay
2023-04-27,17088.0,-2888.0,0.0,100,412.41,447.0,0,0.0,0.0,,0.0,1,11.14,5.43,SPY230519C00415000,415.0,normalDay
2023-04-28,17088.0,-2655.0,0.0,100,415.93,447.0,0,0.0,0.0,,0.0,1,11.14,6.62,SPY230519C00415000,415.0,normalDay
2023-05-01,17088.0,-2633.0,0.0,100,415.51,447.0,0,0.0,0.0,,0.0,1,11.14,5.98,SPY230519C00415000,415.0,normalDay
2023-05-02,17088.0,-2884.0,0.0,100,410.84,447.0,0,0.0,0.0,,0.0,1,11.14,3.82,SPY230519C00415000,415.0,normalDay
2023-05-03,17088.0,-3064.0,0.0,100,408.02,447.0,0,0.0,0.0,,0.0,1,11.14,2.8,SPY230519C00415000,415.0,normalDay
2023-05-04,17088.0,-3235.0,0.0,100,405.13,447.0,0,0.0,0.0,,0.0,1,11.14,1.62,SPY230519C00415000,415.0,normalDay
2023-05-05,17088.0,-2660.0,0.0,100,412.63,447.0,0,0.0,0.0,,0.0,1,11.14,3.37,SPY230519C00415000,415.0,normalDay
2023-05-08,17088.0,-2612.0,0.0,100,412.74,447.0,0,0.0,0.0,,0.0,1,11.14,3.0,SPY230519C00415000,415.0,normalDay
2023-05-09,17088.0,-2737.0,0.0,100,410.93,447.0,0,0.0,0.0,,0.0,1,11.14,2.44,SPY230519C00415000,415.0,normalDay
2023-05-10,17088.0,-2565.0,0.0,100,412.85,447.0,0,0.0,0.0,,0.0,1,11.14,2.64,SPY230519C00415000,415.0,normalDay
2023-05-11,17088.0,-2556.0,0.0,100,412.13,447.0,0,0.0,0.0,,0.0,1,11.14,1.83,SPY230519C00415000,415.0,normalDay
2023-05-12,17088.0,-2541.0,0.0,100,411.59,447.0,0,0.0,0.0,,0.0,1,11.14,1.14,SPY230519C00415000,415.0,normalDay
2023-05-15,17088.0,-2421.0,0.0,100,413.01,447.0,0,0.0,0.0,,0.0,1,11.14,1.36,SPY230519C00415000,415.0,normalDay
2023-05-16,17088.0,-2616.0,0.0,100,410.25,447.0,0,0.0,0.0,,0.0,1,11.14,0.55,SPY230519C00415000,415.0,normalDay
2023-05-17,17088.0,-2248.0,0.0,100,415.23,447.0,0,0.0,0.0,,0.0,1,11.14,1.85,SPY230519C00415000,415.0,normalDay
2023-05-18,17088.0,-2122.0,0.0,100,419.23,447.0,0,0.0,0.0,,0.0,1,11.14,4.59,SPY230519C00415000,415.0,normalDay
2023-05-19,15002.0,-2122.0,-2086.0,0,418.62,0.0,0,0.0,0.0,,0.0,1,11.14,0.0,SPY230519C00415000,415.0,expirationDay
2023-05-22,15002.0,-4.0,0.0,0,418.79,0.0,1,1.54,1.58,SPY230602P00411000,411.0,0,0.0,0.0,,0.0,normalDay
2023-05-23,15002.0,-132.0,0.0,0,414.09,0.0,1,1.54,2.86,SPY230602P00411000,411.0,0,0.0,0.0,,0.0,normalDay
2023-05-24,15002.0,-245.0,0.0,0,411.09,0.0,1,1.54,3.99,SPY230602P00411000,411.0,0,0.0,0.0,,0.0,normalDay
2023-05-25,15002.0,-89.0,0.0,0,414.65,0.0,1,1.54,2.43,SPY230602P00411000,411.0,0,0.0,0.0,,0.0,normalDay
2023-05-26,15002.0,54.0,0.0,0,420.02,0.0,1,1.54,1.0,SPY230602P00411000,411.0,0,0.0,0.0,,0.0,normalDay
2023-05-30,15002.0,122.0,0.0,0,420.18,0.0,1,1.54,0.32,SPY230602P00411000,411.0,0,0.0,0.0,,0.0,normalDay
2023-05-31,15002.0,120.0,0.0,0,417.85,0.0,1,1.54,0.34,SPY230602P00411000,411.0,0,0.0,0.0,,0.0,normalDay
2023-06-01,15002.0,148.0,0.0,0,421.82,0.0,1,1.54,0.06,SPY230602P00411000,411.0,0,0.0,0.0,,0.0,normalDay
2023-06-02,15156.0,0.0,154.0,0,427.92,0.0,1,1.54,0.0,SPY230602P00411000,411.0,0,0.0,0.0,,0.0,expirationDay
2023-06-05,15156.0,-3.0,0.0,0,427.1,0.0,1,0.88,0.91,SPY230616P00415000,415.0,0,0.0,0.0,,0.0,normalDay
2023-06-06,15156.0,21.0,0.0,0,428.03,0.0,1,0.88,0.67,SPY230616P00415000,415.0,0,0.0,0.0,,0.0,normalDay
2023-06-07,15156.0,18.0,0.0,0,426.55,0.0,1,0.88,0.7,SPY230616P00415000,415.0,0,0.0,0.0,,0.0,normalDay
2023-06-08,15156.0,45.0,0.0,0,429.13,0.0,1,0.88,0.43,SPY230616P00415000,415.0,0,0.0,0.0,,0.0,normalDay
2023-06-09,15156.0,56.0,0.0,0,429.9,0.0,1,0.88,0.32,SPY230616P00415000,415.0,0,0.0,0.0,,0.0,normalDay
2023-06-12,15156.0,66.0,0.0,0,433.8,0.0,1,0.88,0.22,SPY230616P00415000,415.0,0,0.0,0.0,,0.0,normalDay
2023-06-13,15156.0,75.0,0.0,0,436.66,0.0,1,0.88,0.13,SPY230616P00415000,415.0,0,0.0,0.0,,0.0,normalDay
2023-06-14,15156.0,81.0,0.0,0,437.18,0.0,1,0.88,0.07,SPY230616P00415000,415.0,0,0.0,0.0,,0.0,normalDay
2023-06-15,15156.0,82.0,0.0,0,442.6,0.0,1,0.88,0.06,SPY230616P00415000,415.0,0,0.0,0.0,,0.0,normalDay
2023-06-16,15244.0,0.0,88.0,0,439.46,0.0,1,0.88,0.0,SPY230616P00415000,415.0,0,0.0,0.0,,0.0,expirationDay
2023-06-20,15244.0,-3.0,0.0,0,437.18,0.0,1,0.38,0.41,SPY230630P00424000,424.0,0,0.0,0.0,,0.0,normalDay
2023-06-21,15244.0,0.0,0.0,0,434.94,0.0,1,0.38,0.38,SPY230630P00424000,424.0,0,0.0,0.0,,0.0,normalDay
2023-06-22,15244.0,18.0,0.0,0,436.51,0.0,1,0.38,0.2,SPY230630P00424000,424.0,0,0.0,0.0,,0.0,normalDay
2023-06-23,15244.0,5.0,0.0,0,433.21,0.0,1,0.38,0.33,SPY230630P00424000,424.0,0,0.0,0.0,,0.0,normalDay
2023-06-26,15244.0,7.0,0.0,0,431.44,0.0,1,0.38,0.31,SPY230630P00424000,424.0,0,0.0,0.0,,0.0,normalDay
2023-06-27,15244.0,27.0,0.0,0,436.17,0.0,1,0.38,0.11,SPY230630P00424000,424.0,0,0.0,0.0,,0.0,normalDay
2023-06-28,15244.0,33.0,0.0,0,436.39,0.0,1,0.38,0.05,SPY230630P00424000,424.0,0,0.0,0.0,,0.0,normalDay
2023-06-29,15244.0,34.0,0.0,0,438.11,0.0,1,0.38,0.04,SPY230630P00424000,424.0,0,0.0,0.0,,0.0,normalDay
2023-06-30,15282.0,0.0,38.0,0,443.28,0.0,1,0.38,0.0,SPY230630P00424000,424.0,0,0.0,0.0,,0.0,expirationDay
2023-07-03,15282.0,-4.0,0.0,0,443.79,0.0,1,0.62,0.66,SPY230714P00434000,434.0,0,0.0,0.0,,0.0,normalDay
2023-07-05,15282.0,-2.0,0.0,0,443.13,0.0,1,0.62,0.64,SPY230714P00434000,434.0,0,0.0,0.0,,0.0,normalDay
2023-07-06,15282.0,-57.0,0.0,0,439.66,0.0,1,0.62,1.19,SPY230714P00434000,434.0,0,0.0,0.0,,0.0,normalDay
2023-07-07,15282.0,-32.0,0.0,0,438.55,0.0,1,0.62,0.94,SPY230714P00434000,434.0,0,0.0,0.0,,0.0,normalDay
2023-07-10,15282.0,0.0,0.0,0,439.66,0.0,1,0.62,0.62,SPY230714P00434000,434.0,0,0.0,0.0,,0.0,normalDay
2023-07-11,15282.0,28.0,0.0,0,442.46,0.0,1,0.62,0.34,SPY230714P00434000,434.0,0,0.0,0.0,,0.0,normalDay
2023-07-12,15282.0,55.0,0.0,0,446.02,0.0,1,0.62,0.07,SPY230714P00434000,434.0,0,0.0,0.0,,0.0,normalDay
2023-07-13,15282.0,57.0,0.0,0,449.56,0.0,1,0.62,0.05,SPY230714P00434000,434.0,0,0.0,0.0,,0.0,normalDay
2023-07-14,15344.0,0.0,62.0,0,449.28,0.0,1,0.62,0.0,SPY230714P00434000,434.0,0,0.0,0.0,,0.0,expirationDay
2023-07-17,15344.0,-3.0,0.0,0,450.84,0.0,1,0.63,0.66,SPY230728P00439000,439.0,0,0.0,0.0,,0.0,normalDay
2023-07-18,15344.0,25.0,0.0,0,454.19,0.0,1,0.63,0.38,SPY230728P00439000,439.0,0,0.0,0.0,,0.0,normalDay
2023-07-19,15344.0,32.0,0.0,0,455.2,0.0,1,0.63,0.31,SPY230728P00439000,439.0,0,0.0,0.0,,0.0,normalDay
2023-07-20,15344.0,24.0,0.0,0,452.18,0.0,1,0.63,0.39,SPY230728P00439000,439.0,0,0.0,0.0,,0.0,normalDay
2023-07-21,15344.0,43.0,0.0,0,452.18,0.0,1,0.63,0.2,SPY230728P00439000,439.0,0,0.0,0.0,,0.0,normalDay
2023-07-24,15344.0,52.0,0.0,0,454.2,0.0,1,0.63,0.11,SPY230728P00439000,439.0,0,0.0,0.0,,0.0,normalDay
2023-07-25,15344.0,55.0,0.0,0,455.44,0.0,1,0.63,0.08,SPY230728P00439000,439.0,0,0.0,0.0,,0.0,normalDay
2023-07-26,15344.0,59.0,0.0,0,455.51,0.0,1,0.63,0.04,SPY230728P00439000,439.0,0,0.0,0.0,,0.0,normalDay
2023-07-27,15344.0,56.0,0.0,0,452.49,0.0,1,0.63,0.07,SPY230728P00439000,439.0,0,0.0,0.0,,0.0,normalDay
2023-07-28,15407.0,0.0,63.0,0,456.92,0.0,1,0.63,0.0,SPY230728P00439000,439.0,0,0.0,0.0,,0.0,expirationDay
2023-07-31,15407.0,-3.0,0.0,0,457.79,0.0,1,0.72,0.75,SPY230811P00447500,447.5,0,0.0,0.0,,0.0,normalDay
2023-08-01,15407.0,-15.0,0.0,0,456.48,0.0,1,0.72,0.87,SPY230811P00447500,447.5,0,0.0,0.0,,0.0,normalDay
2023-08-02,15407.0,-178.0,0.0,0,450.13,0.0,1,0.72,2.5,SPY230811P00447500,447.5,0,0.0,0.0,,0.0,normalDay
2023-08-03,15407.0,-163.0,0.0,0,448.84,0.0,1,0.72,2.35,SPY230811P00447500,447.5,0,0.0,0.0,,0.0,normalDay
2023-08-04,15407.0,-279.0,0.0,0,446.81,0.0,1,0.72,3.51,SPY230811P00447500,447.5,0,0.0,0.0,,0.0,normalDay
2023-08-07,15407.0,-57.0,0.0,0,450.71,0.0,1,0.72,1.29,SPY230811P00447500,447.5,0,0.0,0.0,,0.0,normalDay
2023-08-08,15407.0,-105.0,0.0,0,448.75,0.0,1,0.72,1.77,SPY230811P00447500,447.5,0,0.0,0.0,,0.0,normalDay
2023-08-09,15407.0,-222.0,0.0,0,445.75,0.0,1,0.72,2.94,SPY230811P00447500,447.5,0,0.0,0.0,,0.0,normalDay
2023-08-10,15407.0,-175.0,0.0,0,445.91,0.0,1,0.72,2.47,SPY230811P00447500,447.5,0,0.0,0.0,,0.0,normalDay
2023-08-11,15479.0,-185.0,72.0,100,445.65,447.5,1,0.72,0.0,SPY230811P00447500,447.5,0,0.0,0.0,,0.0,expirationDay
2023-08-14,15479.0,52.0,0.0,100,448.11,447.5,0,0.0,0.0,,0.0,1,9.58,9.67,SPY231229C00465000,465.0,normalDay
2023-08-15,15479.0,-289.0,0.0,100,442.89,447.5,0,0.0,0.0,,0.0,1,9.58,7.86,SPY231229C00465000,465.0,normalDay
2023-08-16,15479.0,-515.0,0.0,100,439.64,447.5,0,0.0,0.0,,0.0,1,9.58,6.87,SPY231229C00465000,465.0,normalDay
2023-08-17,15479.0,-739.0,0.0,100,436.29,447.5,0,0.0,0.0,,0.0,1,9.58,5.76,SPY231229C00465000,465.0,normalDay
2023-08-18,15479.0,-701.0,0.0,100,436.5,447.5,0,0.0,0.0,,0.0,1,9.58,5.59,SPY231229C00465000,465.0,normalDay
2023-08-21,15479.0,-470.0,0.0,100,439.34,447.5,0,0.0,0.0,,0.0,1,9.58,6.12,SPY231229C00465000,465.0,normalDay
2023-08-22,15479.0,-546.0,0.0,100,438.15,447.5,0,0.0,0.0,,0.0,1,9.58,5.69,SPY231229C00465000,465.0,normalDay
2023-08-23,15479.0,-199.0,0.0,100,443.03,447.5,0,0.0,0.0,,0.0,1,9.58,7.1,SPY231229C00465000,465.0,normalDay
2023-08-24,15479.0,-617.0,0.0,100,436.89,447.5,0,0.0,0.0,,0.0,1,9.58,5.14,SPY231229C00465000,465.0,normalDay
2023-08-25,15479.0,-361.0,0.0,100,439.97,447.5,0,0.0,0.0,,0.0,1,9.58,5.66,SPY231229C00465000,465.0,normalDay
2023-08-28,15479.0,-147.0,0.0,100,442.76,447.5,0,0.0,0.0,,0.0,1,9.58,6.31,SPY231229C00465000,465.0,normalDay
2023-08-29,15479.0,264.0,0.0,100,449.16,447.5,0,0.0,0.0,,0.0,1,9.58,8.6,SPY231229C00465000,465.0,normalDay
2023-08-30,15479.0,397.0,0.0,100,451.01,447.5,0,0.0,0.0,,0.0,1,9.58,9.12,SPY231229C00465000,465.0,normalDay
2023-08-31,15479.0,375.0,0.0,100,450.35,447.5,0,0.0,0.0,,0.0,1,9.58,8.68,SPY231229C00465000,465.0,normalDay
2023-09-01,15479.0,472.0,0.0,100,451.19,447.5,0,0.0,0.0,,0.0,1,9.58,8.55,SPY231229C00465000,465.0,normalDay
2023-09-05,15479.0,371.0,0.0,100,449.24,447.5,0,0.0,0.0,,0.0,1,9.58,7.61,SPY231229C00465000,465.0,normalDay
2023-09-06,15479.0,189.0,0.0,100,446.22,447.5,0,0.0,0.0,,0.0,1,9.58,6.41,SPY231229C00465000,465.0,normalDay
2023-09-07,15479.0,110.0,0.0,100,444.85,447.5,0,0.0,0.0,,0.0,1,9.58,5.83,SPY231229C00465000,465.0,normalDay
2023-09-08,15479.0,170.0,0.0,100,445.52,447.5,0,0.0,0.0,,0.0,1,9.58,5.9,SPY231229C00465000,465.0,normalDay
2023-09-11,15479.0,394.0,0.0,100,448.45,447.5,0,0.0,0.0,,0.0,1,9.58,6.59,SPY231229C00465000,465.0,normalDay
2023-09-12,15479.0,238.0,0.0,100,445.99,447.5,0,0.0,0.0,,0.0,1,9.58,5.69,SPY231229C00465000,465.0,normalDay
2023-09-13,15479.0,296.0,0.0,100,446.51,447.5,0,0.0,0.0,,0.0,1,9.58,5.63,SPY231229C00465000,465.0,normalDay
2023-09-14,15479.0,577.0,0.0,100,450.36,447.5,0,0.0,0.0,,0.0,1,9.58,6.67,SPY231229C00465000,465.0,normalDay
2023-09-15,15479.0,69.0,0.0,100,443.37,447.5,0,0.0,0.0,,0.0,1,9.58,4.76,SPY231229C00465000,465.0,normalDay
2023-09-18,15479.0,97.0,0.0,100,443.63,447.5,0,0.0,0.0,,0.0,1,9.58,4.74,SPY231229C00465000,465.0,normalDay
2023-09-19,15479.0,38.0,0.0,100,442.71,447.5,0,0.0,0.0,,0.0,1,9.58,4.41,SPY231229C00465000,465.0,normalDay
2023-09-20,15479.0,-261.0,0.0,100,438.64,447.5,0,0.0,0.0,,0.0,1,9.58,3.33,SPY231229C00465000,465.0,normalDay
2023-09-21,15479.0,-869.0,0.0,100,431.39,447.5,0,0.0,0.0,,0.0,1,9.58,2.16,SPY231229C00465000,465.0,normalDay
2023-09-22,15479.0,-947.0,0.0,100,430.42,447.5,0,0.0,0.0,,0.0,1,9.58,1.97,SPY231229C00465000,465.0,normalDay
2023-09-25,15479.0,-783.0,0.0,100,432.23,447.5,0,0.0,0.0,,0.0,1,9.58,2.14,SPY231229C00465000,465.0,normalDay
2023-09-26,15479.0,-1363.0,0.0,100,425.88,447.5,0,0.0,0.0,,0.0,1,9.58,1.59,SPY231229C00465000,465.0,normalDay
2023-09-27,15479.0,-1331.0,0.0,100,426.05,447.5,0,0.0,0.0,,0.0,1,9.58,1.44,SPY231229C00465000,465.0,normalDay
2023-09-28,15479.0,-1094.0,0.0,100,428.52,447.5,0,0.0,0.0,,0.0,1,9.58,1.54,SPY231229C00465000,465.0,normalDay
2023-09-29,15479.0,-1188.0,0.0,100,427.48,447.5,0,0.0,0.0,,0.0,1,9.58,1.44,SPY231229C00465000,465.0,normalDay
2023-10-02,15479.0,-1194.0,0.0,100,427.31,447.5,0,0.0,0.0,,0.0,1,9.58,1.33,SPY231229C00465000,465.0,normalDay
2023-10-03,15479.0,-1741.0,0.0,100,421.59,447.5,0,0.0,0.0,,0.0,1,9.58,1.08,SPY231229C00465000,465.0,normalDay
2023-10-04,15479.0,-1445.0,0.0,100,424.66,447.5,0,0.0,0.0,,0.0,1,9.58,1.19,SPY231229C00465000,465.0,normalDay
2023-10-05,15479.0,-1451.0,0.0,100,424.5,447.5,0,0.0,0.0,,0.0,1,9.58,1.09,SPY231229C00465000,465.0,normalDay
2023-10-06,15479.0,-1001.0,0.0,100,429.54,447.5,0,0.0,0.0,,0.0,1,9.58,1.63,SPY231229C00465000,465.0,normalDay
2023-10-09,15479.0,-754.0,0.0,100,432.29,447.5,0,0.0,0.0,,0.0,1,9.58,1.91,SPY231229C00465000,465.0,normalDay
2023-10-10,15479.0,-543.0,0.0,100,434.54,447.5,0,0.0,0.0,,0.0,1,9.58,2.05,SPY231229C00465000,465.0,normalDay
2023-10-11,15479.0,-381.0,0.0,100,436.32,447.5,0,0.0,0.0,,0.0,1,9.58,2.21,SPY231229C00465000,465.0,normalDay
2023-10-12,15479.0,-584.0,0.0,100,433.66,447.5,0,0.0,0.0,,0.0,1,9.58,1.58,SPY231229C00465000,465.0,normalDay
2023-10-13,15479.0,-788.0,0.0,100,431.5,447.5,0,0.0,0.0,,0.0,1,9.58,1.46,SPY231229C00465000,465.0,normalDay
2023-10-16,15479.0,-367.0,0.0,100,436.04,447.5,0,0.0,0.0,,0.0,1,9.58,1.79,SPY231229C00465000,465.0,normalDay
2023-10-17,15479.0,-366.0,0.0,100,436.02,447.5,0,0.0,0.0,,0.0,1,9.58,1.76,SPY231229C00465000,465.0,normalDay
2023-10-18,15479.0,-892.0,0.0,100,430.21,447.5,0,0.0,0.0,,0.0,1,9.58,1.21,SPY231229C00465000,465.0,normalDay
2023-10-19,15479.0,-1234.0,0.0,100,426.43,447.5,0,0.0,0.0,,0.0,1,9.58,0.85,SPY231229C00465000,465.0,normalDay
2023-10-20,15479.0,-1732.0,0.0,100,421.19,447.5,0,0.0,0.0,,0.0,1,9.58,0.59,SPY231229C00465000,465.0,normalDay
2023-10-23,15479.0,-1794.0,0.0,100,420.46,447.5,0,0.0,0.0,,0.0,1,9.58,0.48,SPY231229C00465000,465.0,normalDay
2023-10-24,15479.0,-1483.0,0.0,100,423.63,447.5,0,0.0,0.0,,0.0,1,9.58,0.54,SPY231229C00465000,465.0,normalDay
2023-10-25,15479.0,-2070.0,0.0,100,417.55,447.5,0,0.0,0.0,,0.0,1,9.58,0.33,SPY231229C00465000,465.0,normalDay
2023-10-26,15479.0,-2561.0,0.0,100,412.55,447.5,0,0.0,0.0,,0.0,1,9.58,0.24,SPY231229C00465000,465.0,normalDay
2023-10-27,15479.0,-2745.0,0.0,100,410.68,447.5,0,0.0,0.0,,0.0,1,9.58,0.21,SPY231229C00465000,465.0,normalDay
2023-10-30,15479.0,-2256.0,0.0,100,415.59,447.5,0,0.0,0.0,,0.0,1,9.58,0.23,SPY231229C00465000,465.0,normalDay
2023-10-31,15479.0,-1991.0,0.0,100,418.2,447.5,0,0.0,0.0,,0.0,1,9.58,0.19,SPY231229C00465000,465.0,normalDay
2023-11-01,15479.0,-1553.0,0.0,100,422.66,447.5,0,0.0,0.0,,0.0,1,9.58,0.27,SPY231229C00465000,465.0,normalDay
2023-11-02,15479.0,-764.0,0.0,100,430.76,447.5,0,0.0,0.0,,0.0,1,9.58,0.48,SPY231229C00465000,465.0,normalDay
2023-11-03,15479.0,-388.0,0.0,100,434.69,447.5,0,0.0,0.0,,0.0,1,9.58,0.65,SPY231229C00465000,465.0,normalDay
2023-11-06,15479.0,-279.0,0.0,100,435.69,447.5,0,0.0,0.0,,0.0,1,9.58,0.56,SPY231229C00465000,465.0,normalDay
2023-11-07,15479.0,-160.0,0.0,100,436.93,447.5,0,0.0,0.0,,0.0,1,9.58,0.61,SPY231229C00465000,465.0,normalDay
2023-11-08,15479.0,-123.0,0.0,100,437.25,447.5,0,0.0,0.0,,0.0,1,9.58,0.56,SPY231229C00465000,465.0,normalDay
2023-11-09,15479.0,-447.0,0.0,100,433.84,447.5,0,0.0,0.0,,0.0,1,9.58,0.39,SPY231229C00465000,465.0,normalDay
2023-11-10,15479.0,193.0,0.0,100,440.61,447.5,0,0.0,0.0,,0.0,1,9.58,0.76,SPY231229C00465000,465.0,normalDay
2023-11-13,15479.0,158.0,0.0,100,440.19,447.5,0,0.0,0.0,,0.0,1,9.58,0.69,SPY231229C00465000,465.0,normalDay
2023-11-14,15479.0,882.0,0.0,100,448.73,447.5,0,0.0,0.0,,0.0,1,9.58,1.99,SPY231229C00465000,465.0,normalDay
2023-11-15,15479.0,988.0,0.0,100,449.68,447.5,0,0.0,0.0,,0.0,1,9.58,1.88,SPY231229C00465000,465.0,normalDay
2023-11-16,15479.0,1046.0,0.0,100,450.23,447.5,0,0.0,0.0,,0.0,1,9.58,1.85,SPY231229C00465000,465.0,normalDay
2023-11-17,15479.0,1107.0,0.0,100,450.79,447.5,0,0.0,0.0,,0.0,1,9.58,1.8,SPY231229C00465000,465.0,normalDay
2023-11-20,15479.0,1389.0,0.0,100,454.26,447.5,0,0.0,0.0,,0.0,1,9.58,2.45,SPY231229C00465000,465.0,normalDay
2023-11-21,15479.0,1336.0,0.0,100,453.27,447.5,0,0.0,0.0,,0.0,1,9.58,1.99,SPY231229C00465000,465.0,normalDay
2023-11-22,15479.0,1483.0,0.0,100,455.02,447.5,0,0.0,0.0,,0.0,1,9.58,2.27,SPY231229C00465000,465.0,normalDay
2023-11-24,15479.0,1535.0,0.0,100,455.3,447.5,0,0.0,0.0,,0.0,1,9.58,2.03,SPY231229C00465000,465.0,normalDay
2023-11-27,15479.0,1482.0,0.0,100,454.48,447.5,0,0.0,0.0,,0.0,1,9.58,1.74,SPY231229C00465000,465.0,normalDay
2023-11-28,15479.0,1527.0,0.0,100,454.93,447.5,0,0.0,0.0,,0.0,1,9.58,1.74,SPY231229C00465000,465.0,normalDay
2023-11-29,15479.0,1487.0,0.0,100,454.61,447.5,0,0.0,0.0,,0.0,1,9.58,1.82,SPY231229C00465000,465.0,normalDay
2023-11-30,15479.0,1649.0,0.0,100,456.4,447.5,0,0.0,0.0,,0.0,1,9.58,1.99,SPY231229C00465000,465.0,normalDay
